#;prob_registration_l1 -r ../../../../build/tester /home/point_clouds_registration_benchmark/apartment_local.txt /home/point_clouds_registration_benchmark/apartment -s 0.2 -t 0.2 -p 0.3 -r 1000 -m 10 -i 40 
id;initial_error;final_error;transformation
13001298760000;0.820981;1.8856;0.979293 -0.115809 0.166051 -0.73718 0.0583193 0.946829 0.316406 -2.98402 -0.193864 -0.30017 0.933978 0.525885 0 0 0 1 
13001298760001;0.68771;1.80874;0.874975 0.474978 0.0938834 0.153938 -0.479501 0.823235 0.303912 -1.17721 0.0670635 -0.310933 0.948063 0.434299 0 0 0 1 
13001298760002;0.636186;1.68912;0.972099 0.164571 -0.167151 0.194511 -0.123864 0.965273 0.230014 -1.8051 0.1992 -0.202892 0.958725 -1.05851 0 0 0 1 
13001298760003;0.411513;1.79325;0.996563 -0.038888 0.0731425 0.0279908 0.0232506 0.978777 0.203603 -2.34428 -0.079508 -0.201203 0.976317 -0.121945 0 0 0 1 
13001298760004;0.857932;1.74102;0.876532 0.421945 -0.231635 0.368006 -0.451355 0.887698 -0.0909466 -0.647223 0.167247 0.184267 0.968542 0.57278 0 0 0 1 
13001298760005;0.460674;1.79499;0.898125 0.43749 0.044437 0.321684 -0.437518 0.899158 -0.00961559 -1.09471 -0.0441626 -0.010806 0.998966 0.513224 0 0 0 1 
13001298760006;0.655521;1.74665;0.961386 0.274728 0.0161517 -0.655929 -0.274412 0.961418 -0.0193379 -0.940469 -0.0208412 0.014159 0.999683 0.408197 0 0 0 1 
13001298760007;0.308888;1.76424;0.887875 0.261135 0.378795 -0.113238 -0.30649 0.949743 0.0636593 -1.18458 -0.343134 -0.172618 0.923289 1.21794 0 0 0 1 
13001298760008;0.466988;1.76951;0.955323 0.283164 0.0847086 -0.270416 -0.277584 0.958007 -0.071902 -1.4662 -0.101511 0.0451759 0.993808 0.103879 0 0 0 1 
13001298760009;0.423945;1.78202;0.966303 0.243235 0.0842335 -0.358863 -0.203894 0.923013 -0.326303 -1.05899 -0.157117 0.298133 0.941505 0.221896 0 0 0 1 
13001298760010;0.258498;1.75344;0.968625 0.248434 -0.00683775 0.060268 -0.247898 0.96384 -0.0977672 -0.948959 -0.0176982 0.0963948 0.995186 0.307426 0 0 0 1 
13001298760011;0.784351;1.76677;0.959551 0.273645 0.0661875 -0.0215848 -0.281299 0.922226 0.265273 -1.21449 0.0115508 -0.273161 0.961899 -0.657525 0 0 0 1 
13001298760012;0.622128;1.81013;0.978981 0.202533 -0.0240189 0.195642 -0.203545 0.977665 -0.0523495 -1.96604 0.01288 0.0561381 0.99834 0.301123 0 0 0 1 
13001298760013;0.398004;1.78088;0.898452 0.402344 0.175794 0.126988 -0.356268 0.902043 -0.243706 -0.851564 -0.256627 0.156328 0.953784 1.19082 0 0 0 1 
13001298760014;0.755219;1.27597;0.978724 0.171506 -0.112625 0.75543 -0.158572 0.980598 0.115249 -0.621041 0.130206 -0.0949376 0.986931 -1.06198 0 0 0 1 
13001298760015;0.388158;1.71337;0.9182 0.361194 -0.162631 0.504262 -0.370281 0.928484 -0.0284664 -0.520026 0.140718 0.0863569 0.986276 -0.109485 0 0 0 1 
13001298760016;0.851768;1.69403;0.957523 0.287155 0.0262931 0.571931 -0.28581 0.957206 -0.0454864 -0.463126 -0.0382295 0.0360394 0.998619 0.736939 0 0 0 1 
13001298760017;0.399547;1.71038;0.933717 0.357749 -0.0137029 0.324916 -0.357623 0.930238 -0.0822373 -0.909382 -0.0166734 0.0816868 0.996519 0.491997 0 0 0 1 
13001298760018;0.820633;1.70961;0.918401 0.336268 -0.208478 0.255742 -0.353924 0.933772 -0.052985 -0.89524 0.176854 0.122447 0.976591 0.536905 0 0 0 1 
13001298760019;0.329854;1.30872;0.960456 0.270577 -0.0656663 0.282426 -0.270185 0.962692 0.0149406 -0.91993 0.0672591 0.00339226 0.99773 -0.1386 0 0 0 1 
13001298760020;0.847185;1.74399;0.965299 0.259188 0.0319216 -0.361286 -0.258376 0.965655 -0.0274397 -0.855701 -0.0379373 0.0182398 0.999114 1.01259 0 0 0 1 
13001298760021;0.886722;1.79331;0.855651 0.498892 -0.137725 0.52022 -0.429962 0.833334 0.347401 -1.6052 0.288086 -0.238038 0.927547 -1.21653 0 0 0 1 
13001298760022;0.59893;1.74681;0.924055 0.278641 -0.261688 0.458904 -0.21895 0.94697 0.235177 -1.41238 0.313341 -0.16002 0.936061 -1.3141 0 0 0 1 
13001298760023;0.367247;1.7493;0.99275 0.111092 0.045893 -0.165284 -0.109431 0.993296 -0.0372594 -1.84477 -0.0497246 0.0319671 0.998251 0.00805183 0 0 0 1 
13001298760024;0.0968236;1.45872;0.902529 0.419582 0.0969141 0.610134 -0.422994 0.905976 0.0168462 -0.279208 -0.0807335 -0.0561982 0.99515 0.370155 0 0 0 1 
13001298760025;0.689632;1.67218;0.976334 0.207959 0.059365 0.0403162 -0.168917 0.904698 -0.391137 -0.782014 -0.135048 0.371853 0.918416 0.975867 0 0 0 1 
13001298760026;0.452516;1.78061;0.997038 0.0579371 0.050583 -0.0980549 -0.066156 0.98147 0.179834 -1.49784 -0.0392266 -0.182648 0.982396 0.0897776 0 0 0 1 
13001298760027;0.353163;1.84027;0.814761 0.452856 0.362058 0.213891 -0.477003 0.878534 -0.0254266 -0.635477 -0.329595 -0.151986 0.931809 0.806471 0 0 0 1 
13001298760028;0.770166;1.87;0.90523 0.42364 0.032974 1.02606 -0.417909 0.901647 -0.111286 0.31111 -0.0768761 0.0869594 0.993241 0.0325643 0 0 0 1 
13001298760029;0.444231;1.68079;0.898177 0.387008 0.208575 0.338845 -0.390287 0.920299 -0.0269283 -0.999677 -0.202373 -0.0572176 0.977636 0.917793 0 0 0 1 
13001298760031;1.0814;1.02625;0.982827 -0.15297 0.1032 -0.51464 0.159685 0.985328 -0.0602402 -0.591013 -0.0924713 0.0756853 0.992835 0.458611 0 0 0 1 
13001298760032;0.762366;0.810229;0.967814 -0.23495 -0.0901926 -1.18795 0.237419 0.971249 0.0175476 -0.87626 0.0834767 -0.0383962 0.99577 -0.724428 0 0 0 1 
13001298760033;0.562268;0.670671;0.969827 -0.216346 -0.112384 -1.04183 0.204564 0.972919 -0.107621 -0.698161 0.132623 0.081384 0.98782 0.0986308 0 0 0 1 
13001298760034;0.913227;1.03369;0.977358 -0.207367 -0.0420857 -1.25545 0.191448 0.951337 -0.241467 -0.607406 0.0901099 0.227943 0.969496 0.549635 0 0 0 1 
13001298760035;0.190074;0.786572;0.990688 0.0788339 -0.111008 -0.311843 -0.0713804 0.995018 0.0695934 0.157297 0.115941 -0.0610216 0.99138 -0.508406 0 0 0 1 
13001298760036;1.3176;0.6446;0.925281 -0.373309 -0.0670536 -1.78522 0.379283 0.910494 0.16476 -0.951046 -0.000454593 -0.177882 0.984052 -0.338871 0 0 0 1 
13001298760037;0.408209;0.664392;0.993532 0.102527 -0.0488027 -0.391777 -0.107869 0.986445 -0.123655 0.562207 0.0354632 0.128119 0.991125 0.0966058 0 0 0 1 
13001298760038;0.799177;0.884226;0.999351 -0.0331039 -0.0141815 -0.215622 0.0349104 0.987189 0.155689 -0.530392 0.00884586 -0.156083 0.987704 -0.236085 0 0 0 1 
13001298760039;0.512139;0.740373;0.999313 -0.03291 -0.0170177 -0.582991 0.0324661 0.999142 -0.0257327 -0.203837 0.0178499 0.0251625 0.999524 0.454252 0 0 0 1 
13001298760040;0.790161;1.09464;0.995894 -0.0876519 -0.022646 -0.747595 0.0874575 0.996124 -0.00943838 -0.237908 0.0233855 0.00741906 0.999699 -0.547085 0 0 0 1 
13001298760041;0.304867;0.892566;0.979151 -0.164253 0.119513 -0.98517 0.172152 0.983302 -0.0590045 -0.426007 -0.107826 0.0783488 0.991078 0.453703 0 0 0 1 
13001298760042;0.323258;0.679955;0.999168 0.0342718 -0.0221202 -0.348564 -0.0334991 0.998846 0.0344046 -0.0676072 0.0232737 -0.0336349 0.999163 -0.0225206 0 0 0 1 
13001298760043;1.1294;0.845733;0.939815 -0.336211 -0.0609149 -1.09773 0.33977 0.90073 0.270631 -2.00204 -0.0361212 -0.27504 0.960754 -0.722548 0 0 0 1 
13001298760044;0.672602;0.755423;0.986118 -0.108994 0.12527 -1.14026 0.112745 0.993352 -0.0232382 -0.249319 -0.121904 0.0370392 0.991851 0.176213 0 0 0 1 
13001298760045;0.603165;0.521172;0.989476 0.0476104 0.136637 0.0931325 -0.0565786 0.996439 0.0625185 -0.0621172 -0.133174 -0.0695914 0.988646 0.105877 0 0 0 1 
13001298760046;0.435224;0.894432;0.913275 0.0946434 -0.396196 0.105401 -0.113365 0.993262 -0.024049 0.426823 0.39125 0.0668782 0.917851 -0.959796 0 0 0 1 
13001298760047;1.03472;0.880346;0.997421 -0.0662923 0.0275253 -0.904912 0.0574615 0.967234 0.247297 -0.757326 -0.0430173 -0.245078 0.968549 -0.967181 0 0 0 1 
13001298760048;1.38851;0.760406;0.998398 0.0314738 0.0470251 -0.342538 -0.048501 0.904059 0.424648 -0.954784 -0.0291482 -0.426248 0.904137 -1.35146 0 0 0 1 
13001298760049;0.308211;0.673383;0.991424 0.104849 -0.0780056 -0.35553 -0.0962488 0.989604 0.106863 0.168316 0.0883992 -0.0984389 0.991209 -0.410781 0 0 0 1 
13001298760050;0.383404;0.764987;0.997515 -0.070286 0.00486186 -0.947464 0.0703962 0.997115 -0.0284067 -0.303185 -0.00285124 0.0286784 0.999585 0.170534 0 0 0 1 
13001298760051;1.39486;0.947426;0.895258 -0.422096 0.142649 -2.2529 0.431422 0.901224 -0.0408805 -1.81831 -0.111303 0.0981404 0.988929 0.685719 0 0 0 1 
13001298760052;0.390791;0.567552;0.999425 -0.0334805 -0.00537555 -0.698554 0.0334388 0.999411 -0.00767509 -0.269743 0.00562935 0.00749093 0.999956 -0.00758055 0 0 0 1 
13001298760053;0.738841;0.68743;0.96157 0.2744 -0.00939688 0.623732 -0.271284 0.954808 0.121439 0.700303 0.0422952 -0.114223 0.992554 -0.145587 0 0 0 1 
13001298760054;0.290741;0.866866;0.983332 -0.181692 -0.00679721 -1.04695 0.181574 0.98326 -0.015163 -0.520753 0.00943844 0.0136761 0.999862 -0.101386 0 0 0 1 
13001298760055;0.983527;0.378129;0.971919 -0.110797 0.207598 -1.05038 0.117517 0.992864 -0.0202805 -0.345782 -0.203869 0.0441072 0.978004 1.04036 0 0 0 1 
13001298760056;0.893456;0.935168;0.982493 -0.186042 0.00979802 -0.442992 0.186212 0.982285 -0.0209922 -0.867501 -0.00571904 0.0224492 0.999732 -0.086359 0 0 0 1 
13001298760057;1.32906;0.932777;0.99909 0.0105068 0.0413358 -0.213709 -0.0113349 0.999739 0.0198516 0.459003 -0.0411164 -0.0203021 0.998948 -0.495841 0 0 0 1 
13001298760058;1.04418;1.06299;0.92815 -0.339755 0.152002 -1.43638 0.334096 0.940489 0.0621361 -1.17272 -0.164067 -0.00688828 0.986425 -0.152408 0 0 0 1 
13001298760059;1.02726;0.662041;0.997343 0.0358295 -0.0634236 0.0403941 -0.0202817 0.972828 0.230641 -0.275606 0.069964 -0.228742 0.97097 -1.21386 0 0 0 1 
13001298760060;1.18019;0.406735;0.994473 -0.0843441 -0.0625312 -0.526718 0.0933006 0.983045 0.157854 -1.12649 0.0481569 -0.162816 0.985481 -0.348095 0 0 0 1 
13001298760062;0.42647;2.11817;0.924926 -0.378927 0.0304423 -1.06359 0.376492 0.924168 0.0645519 -0.264175 -0.0525943 -0.0482444 0.99745 0.348837 0 0 0 1 
13001298760063;0.820769;2.09275;0.912406 -0.400382 0.0849072 -0.748637 0.403431 0.914753 -0.021693 -0.0875137 -0.0689836 0.0540469 0.996153 1.08175 0 0 0 1 
13001298760064;0.637796;2.17557;0.977905 -0.203627 0.0473024 -0.83743 0.206667 0.975749 -0.0721256 0.74785 -0.0314686 0.0803079 0.996273 0.863604 0 0 0 1 
13001298760065;1.32441;2.10131;0.875845 -0.403925 -0.264083 -0.456513 0.472787 0.827929 0.301672 -0.945621 0.0967893 -0.389073 0.916108 -2.12626 0 0 0 1 
13001298760066;0.832986;2.05801;0.864032 -0.500646 0.0529354 -1.00309 0.503323 0.861284 -0.0696873 -0.18855 -0.0107037 0.0868557 0.996163 0.604443 0 0 0 1 
13001298760067;0.500971;2.19346;0.793578 -0.604469 0.0696417 -0.988042 0.607925 0.782827 -0.132695 -1.06812 0.0256927 0.147641 0.988707 0.16672 0 0 0 1 
13001298760068;1.1413;2.17801;0.853012 -0.495212 0.164728 -1.32372 0.469404 0.865958 0.172559 -0.0346175 -0.228101 -0.0698714 0.971127 1.05753 0 0 0 1 
13001298760069;0.277143;2.20073;0.936829 -0.321945 -0.13676 -0.664103 0.339846 0.930304 0.137985 0.0361918 0.0828049 -0.175745 0.980947 -0.651465 0 0 0 1 
13001298760070;1.31041;1.97801;0.911327 -0.398489 0.10339 -0.922873 0.404595 0.913333 -0.0460957 -0.284907 -0.0760607 0.0838393 0.993572 -0.359078 0 0 0 1 
13001298760071;0.311671;2.14416;0.708331 -0.674468 -0.208231 -0.721476 0.695653 0.717037 0.0438656 -1.86439 0.119723 -0.175928 0.977096 -0.871305 0 0 0 1 
13001298760072;0.364438;2.12881;0.826292 -0.558147 0.0755896 -0.972282 0.56271 0.823877 -0.0677137 -0.782043 -0.0244823 0.0984863 0.994837 0.625337 0 0 0 1 
13001298760073;1.33186;2.14377;0.729344 -0.570621 0.377423 -1.25364 0.663262 0.725018 -0.185561 -0.900472 -0.167753 0.385668 0.907259 1.36805 0 0 0 1 
13001298760074;0.375476;2.16886;0.765426 -0.558738 -0.319272 -0.510039 0.469348 0.824133 -0.317043 -0.474282 0.440266 0.0928233 0.893056 -1.18099 0 0 0 1 
13001298760075;0.892832;2.12625;0.885292 -0.380058 0.267983 -0.70792 0.419396 0.901475 -0.107004 -0.343842 -0.200912 0.20712 0.957463 2.02248 0 0 0 1 
13001298760076;0.49285;1.9686;0.83918 -0.541965 0.0452789 -1.15339 0.543848 0.835915 -0.0739886 -0.991043 0.0022499 0.0867147 0.996231 0.112004 0 0 0 1 
13001298760077;1.25077;2.09019;0.924002 -0.380863 0.0341074 -1.29587 0.38186 0.923731 -0.0300648 0.123609 -0.0200555 0.0408043 0.998966 1.04441 0 0 0 1 
13001298760078;0.873453;2.06383;0.93408 -0.312651 -0.172464 -0.61251 0.321573 0.946535 0.025747 0.396517 0.155193 -0.0795096 0.984679 -1.2002 0 0 0 1 
13001298760079;0.135451;1.94395;0.928639 -0.370781 -0.0122728 -0.777811 0.368517 0.925766 -0.0845683 -0.140736 0.0427181 0.0740107 0.996342 0.153169 0 0 0 1 
13001298760080;0.477523;2.27071;0.631299 -0.714445 0.301713 -0.870818 0.651327 0.699605 0.293813 -1.8804 -0.420993 0.0110295 0.906997 1.64962 0 0 0 1 
13001298760081;0.486196;2.02857;0.924578 -0.208213 -0.319066 -0.0755631 0.20327 0.97789 -0.049115 0.485907 0.322238 -0.0194457 0.946459 -1.06019 0 0 0 1 
13001298760082;0.60999;2.79914;0.667492 0.744277 -0.0224934 3.05833 -0.738793 0.658197 -0.144781 3.41974 -0.0929522 0.113258 0.989208 0.510716 0 0 0 1 
13001298760083;0.578912;2.09064;0.735471 -0.674932 -0.0595739 -0.50496 0.659284 0.692584 0.292699 -2.05928 -0.156292 -0.254548 0.954347 -0.0438787 0 0 0 1 
13001298760084;0.295038;2.1164;0.982223 -0.16154 0.0956226 -0.452604 0.171386 0.979516 -0.105714 0.808357 -0.0765869 0.120223 0.989788 0.763917 0 0 0 1 
13001298760085;0.331689;1.98886;0.930447 -0.366275 -0.0105766 -0.728239 0.364806 0.923231 0.120668 -0.351557 -0.0344328 -0.116133 0.992637 -0.00855446 0 0 0 1 
13001298760086;0.698459;2.15611;0.898148 -0.435287 0.0620829 -0.998853 0.438253 0.897656 -0.0463566 -0.599821 -0.0355506 0.0688431 0.996994 0.832124 0 0 0 1 
13001298760087;0.67213;2.17571;0.784124 -0.547977 -0.291327 -0.494727 0.508801 0.836413 -0.203801 -0.554878 0.355348 0.0115781 0.934662 -1.45437 0 0 0 1 
13001298760088;0.268562;2.07539;0.804619 -0.537741 -0.251838 -0.671313 0.513072 0.84311 -0.161003 -0.775711 0.298905 0.000334655 0.954283 -0.877676 0 0 0 1 
13001298760089;1.15866;2.16427;0.648733 -0.673081 0.355117 -1.39309 0.727178 0.685859 -0.0284561 -2.02865 -0.224407 0.276694 0.934389 2.20302 0 0 0 1 
13001298760090;0.714198;2.19773;0.892571 -0.449568 -0.0347242 -1.1464 0.450798 0.891399 0.0467879 -0.547007 0.00991881 -0.0574151 0.998301 0.361036 0 0 0 1 
13001298760091;1.1529;2.15787;0.904357 -0.425989 -0.0259279 -0.968099 0.423814 0.903565 -0.0628569 -0.579125 0.0502039 0.0458564 0.997686 -0.693958 0 0 0 1 
13001298760093;1.04775;1.37665;0.703557 -0.626861 0.334744 -0.345253 0.612866 0.773671 0.160713 -2.89845 -0.359726 0.0920827 0.928503 0.499803 0 0 0 1 
13001298760094;1.11373;1.36484;0.911615 -0.409871 -0.0310419 0.262807 0.410675 0.911396 0.026506 -2.15985 0.0174274 -0.0369114 0.999167 -1.13912 0 0 0 1 
13001298760095;0.293853;1.17002;0.939432 -0.186761 0.287382 0.351359 0.246024 0.951239 -0.186054 -1.28987 -0.238622 0.245488 0.939572 1.52542 0 0 0 1 
13001298760096;0.895384;1.4156;0.915315 -0.400836 0.0390909 0.881588 0.402141 0.914925 -0.0345581 -2.11729 -0.0219132 0.0473516 0.998638 0.226835 0 0 0 1 
13001298760097;0.339617;1.26176;0.89976 -0.43618 -0.0133626 0.107022 0.435602 0.899559 -0.0323304 -1.97143 0.0261223 0.0232688 0.999388 -0.305999 0 0 0 1 
13001298760098;0.188558;1.32306;0.928989 -0.323931 -0.179022 0.401842 0.295812 0.94056 -0.166857 -1.4342 0.222431 0.102052 0.969593 -0.562965 0 0 0 1 
13001298760099;0.958706;1.25285;0.930745 -0.143114 0.336501 0.506189 0.150231 0.988639 0.00493717 -1.73159 -0.333384 0.0459576 0.94167 0.731065 0 0 0 1 
13001298760100;0.754489;1.12258;0.988512 -0.141663 -0.0526832 0.153465 0.127377 0.968462 -0.21414 -0.968862 0.0813574 0.204969 0.975381 0.775251 0 0 0 1 
13001298760101;0.427244;1.23799;0.998448 -0.0264643 0.0490116 1.03106 0.0302945 0.996404 -0.0791318 -0.5495 -0.0467412 0.0804937 0.995659 0.136928 0 0 0 1 
13001298760102;0.55757;1.07417;0.991621 -0.104204 -0.0763459 0.511015 0.105069 0.994437 0.00738816 -0.670667 0.0751513 -0.0153478 0.997054 -0.118374 0 0 0 1 
13001298760103;0.502682;1.27356;0.95141 -0.301603 -0.062079 0.202189 0.299324 0.953162 -0.0434464 -1.07383 0.0722749 0.0227536 0.997125 -0.0505051 0 0 0 1 
13001298760104;0.301846;1.11416;0.756217 -0.652695 0.0460917 -0.39767 0.653708 0.750585 -0.0963727 -3.03771 0.0283062 0.103009 0.994278 0.112544 0 0 0 1 
13001298760105;0.905526;1.23826;0.991124 -0.12786 -0.0364098 0.612541 0.124564 0.988842 -0.0817052 -0.852163 0.0464503 0.0764446 0.995991 -0.667672 0 0 0 1 
13001298760106;0.994487;1.33188;0.742074 -0.650219 0.162914 -0.100039 0.652179 0.756502 0.0486569 -3.89457 -0.154883 0.0701422 0.98544 1.15097 0 0 0 1 
13001298760107;0.0362635;1.02562;0.928342 -0.371416 0.0152085 -0.20955 0.371719 0.927824 -0.0310972 -1.78523 -0.0025608 0.0345221 0.999401 0.0246422 0 0 0 1 
13001298760108;1.01768;1.19736;0.859302 -0.502381 -0.0959859 -0.0372072 0.495968 0.864306 -0.0836086 -2.20953 0.124965 0.0242391 0.991865 -1.21858 0 0 0 1 
13001298760109;0.830454;1.2299;0.856931 -0.513794 -0.0410473 0.0429201 0.495794 0.843437 -0.206885 -2.01761 0.140917 0.156935 0.977504 -0.621452 0 0 0 1 
13001298760110;0.923517;1.21131;0.926711 -0.36698 -0.0808281 -0.342838 0.358488 0.927874 -0.102647 -1.68562 0.112668 0.0661479 0.991428 0.364489 0 0 0 1 
13001298760111;0.26829;0.798053;0.817733 -0.569727 0.0819943 -0.734006 0.547385 0.813773 0.195303 -2.6372 -0.177994 -0.114824 0.977309 0.27735 0 0 0 1 
13001298760112;0.495558;1.02973;0.978347 -0.0836998 -0.189293 0.557785 0.0965994 0.993515 0.0599639 -0.350925 0.183046 -0.076951 0.980088 -0.911108 0 0 0 1 
13001298760113;0.269314;1.13058;0.984853 -0.164278 0.0554677 0.29629 0.164971 0.986265 -0.00812922 -1.03927 -0.0533704 0.0171566 0.998427 0.023858 0 0 0 1 
13001298760114;0.734561;1.25302;0.735257 -0.677269 0.0265529 -0.63238 0.677148 0.732294 -0.0722187 -2.6706 0.0294669 0.0710796 0.997035 0.143106 0 0 0 1 
13001298760115;0.321726;1.23221;0.919037 -0.392329 0.0380667 -0.0639072 0.393184 0.919281 -0.0181289 -1.97399 -0.0278815 0.0316283 0.999111 -0.0820114 0 0 0 1 
13001298760116;1.15818;1.10664;0.99039 -0.0858492 0.108434 1.26649 0.100285 0.985678 -0.135579 -0.347516 -0.0952414 0.14515 0.984815 0.940661 0 0 0 1 
13001298760117;0.977589;1.25354;0.875604 -0.480165 -0.052523 -0.0984314 0.476931 0.876648 -0.0634425 -2.34983 0.076507 0.0305007 0.996602 0.591382 0 0 0 1 
13001298760118;0.349631;1.21181;0.994724 -0.0135222 0.101688 0.798692 0.0132025 0.999906 0.00381635 -0.538726 -0.10173 -0.00245369 0.994809 0.265745 0 0 0 1 
13001298760119;0.966956;1.16685;0.773592 -0.581046 -0.252866 0.155672 0.569862 0.812418 -0.123432 -2.3529 0.277152 -0.0486129 0.959595 -1.72473 0 0 0 1 
13001298760120;0.820899;1.02199;0.988183 -0.145958 0.0468007 0.707285 0.151882 0.97354 -0.170737 -0.950366 -0.0206419 0.175827 0.984205 0.812531 0 0 0 1 
13001298760121;0.247186;1.24513;0.918099 -0.395776 -0.0213625 -0.0199441 0.395941 0.918267 0.00399593 -1.77858 0.018035 -0.0121269 0.999764 0.0387759 0 0 0 1 
13001298760122;0.958553;1.30338;0.948825 -0.31577 0.0044514 0.700224 0.314192 0.945317 0.0875181 -2.20993 -0.0318436 -0.0816408 0.996153 0.0311822 0 0 0 1 
13001298760124;1.10954;1.00246;0.995594 0.00622393 0.0935647 0.348205 -0.0195512 0.989644 0.142207 -0.193473 -0.0917106 -0.14341 0.985405 -0.198034 0 0 0 1 
13001298760125;0.573277;0.245249;0.930529 -0.0192006 -0.365715 0.683075 0.150989 0.929913 0.335356 -0.982418 0.333644 -0.367278 0.86821 -2.85587 0 0 0 1 
13001298760126;0.254431;0.221331;0.971675 0.160763 -0.173212 0.801467 -0.147981 0.98538 0.0844243 0.678204 0.184252 -0.0564009 0.981259 -0.782858 0 0 0 1 
13001298760127;0.992788;0.859007;0.98771 -0.0299806 -0.153393 0.170443 0.0435326 0.995364 0.0857664 -0.48773 0.150111 -0.0913899 0.984436 -0.937182 0 0 0 1 
13001298760128;0.0799235;0.245548;0.999893 0.0144632 0.00237116 0.0760802 -0.0144837 0.999856 0.00889887 0.165649 -0.00224211 -0.00893226 0.999958 0.172448 0 0 0 1 
13001298760129;0.127861;0.241509;0.996897 -0.0699383 -0.0361312 -0.0765143 0.0721538 0.995327 0.0641657 -0.136462 0.0314747 -0.0665735 0.997285 -0.204391 0 0 0 1 
13001298760130;0.557579;0.272641;0.958496 -0.272155 -0.0849502 -0.659019 0.274919 0.961204 0.0225101 -1.39973 0.0755282 -0.0449303 0.996131 0.105567 0 0 0 1 
13001298760131;0.697726;0.243112;0.979825 -0.199654 -0.00904429 -0.0231818 0.198361 0.977016 -0.0780556 -1.18768 0.0244205 0.0746868 0.996908 0.373603 0 0 0 1 
13001298760132;0.915785;0.245284;0.975365 -0.0172033 0.219925 -0.00568158 0.0068855 0.998843 0.0475957 0.165512 -0.22049 -0.0449089 0.974355 0.199838 0 0 0 1 
13001298760133;0.526097;0.238648;0.996177 0.0252956 0.0836129 0.116195 -0.0327936 0.995442 0.0895551 0.231947 -0.0809664 -0.0919547 0.992466 0.713984 0 0 0 1 
13001298760134;0.640051;0.2349;0.993995 -0.0726436 -0.0818324 0.108342 0.0762728 0.996197 0.042129 -0.00557458 0.0784607 -0.0481176 0.995755 0.110135 0 0 0 1 
13001298760135;0.744448;0.20574;0.942009 0.301472 -0.147424 1.41611 -0.302922 0.952926 0.0130566 1.44125 0.14442 0.0323586 0.988987 0.0916209 0 0 0 1 
13001298760136;0.470128;0.257164;0.996547 0.0765845 -0.032076 -0.0132973 -0.0752884 0.996366 0.039837 0.452611 0.0350103 -0.0372845 0.998691 -0.410886 0 0 0 1 
13001298760137;0.306436;0.211367;0.958599 0.0263544 0.283536 0.0551656 0.000937989 0.99541 -0.0956939 0.123477 -0.284756 0.091998 0.954175 1.87332 0 0 0 1 
13001298760138;0.926249;0.275604;0.998998 -0.0446581 -0.00282586 -0.439657 0.0447004 0.998851 0.0172805 -0.506564 0.0020509 -0.0173895 0.999847 -0.533367 0 0 0 1 
13001298760139;0.738974;0.240305;0.991817 0.127363 -0.00875866 0.440758 -0.12742 0.991829 -0.00621252 0.755412 0.00789585 0.00727771 0.999942 0.764916 0 0 0 1 
13001298760140;1.02616;0.22689;0.995437 0.0665882 -0.0683436 -0.000648613 -0.0625606 0.996268 0.0594716 0.124096 0.0720486 -0.0549247 0.995888 -1.20829 0 0 0 1 
13001298760141;0.897713;0.268091;0.939999 -0.267076 0.212301 -0.832196 0.288562 0.954354 -0.0770701 -1.6731 -0.182027 0.133708 0.97416 2.06857 0 0 0 1 
13001298760142;0.158181;0.248576;0.996352 -0.0442772 0.0729469 -0.0814629 0.0466072 0.998446 -0.0305538 0.0807766 -0.0714807 0.0338422 0.996868 0.577533 0 0 0 1 
13001298760143;0.631582;0.20767;0.952209 0.297589 -0.0688361 1.1848 -0.305188 0.917668 -0.254451 1.50136 -0.0125531 0.263299 0.964633 1.43026 0 0 0 1 
13001298760144;0.855274;0.248021;0.981274 -0.155239 -0.114027 0.401635 0.167267 0.980326 0.104799 -0.615105 0.0955151 -0.12191 0.987935 -0.362303 0 0 0 1 
13001298760145;0.0426315;0.220014;0.997613 -0.0661727 -0.019739 -0.137868 0.0664735 0.997676 0.0149951 -0.189604 0.0187009 -0.0162714 0.999693 0.0471461 0 0 0 1 
13001298760146;0.950154;0.231117;0.996341 -0.00933669 -0.0849542 0.0915528 0.0145551 0.998031 0.0610158 -0.0127305 0.0842172 -0.0620291 0.994515 0.437723 0 0 0 1 
13001298760147;0.397392;0.207024;0.961951 0.00936674 -0.27306 0.459711 -0.0693983 0.975012 -0.211035 0.490972 0.26426 0.221955 0.938564 -0.372693 0 0 0 1 
13001298760148;0.554781;0.238477;0.992728 -0.109871 0.0491871 -0.328894 0.113819 0.989741 -0.086356 -0.578608 -0.0391945 0.0913264 0.995049 0.147912 0 0 0 1 
13001298760149;0.73823;0.259568;0.997231 -0.0718865 -0.0190591 -0.118345 0.0719971 0.997391 0.00518071 0.215889 0.018637 -0.00653856 0.999805 0.620301 0 0 0 1 
13001298760150;0.886242;0.266947;0.956803 -0.288168 0.0385648 -0.335814 0.285061 0.955917 0.070452 -1.75351 -0.0571668 -0.0564154 0.996769 -0.324732 0 0 0 1 
13001298760151;1.10427;0.255386;0.960836 0.227966 0.157562 1.58636 -0.257404 0.944801 0.202717 1.58178 -0.102652 -0.235335 0.966478 -0.0506231 0 0 0 1 
13001298760152;0.722566;0.261553;0.964856 0.145054 0.219117 0.126534 -0.0879526 0.964014 -0.250882 0.339915 -0.247623 0.222793 0.942892 2.28343 0 0 0 1 
13001298760153;0.343462;0.209105;0.968154 0.224014 -0.11178 0.965364 -0.237921 0.962229 -0.132323 1.17471 0.0779152 0.154704 0.984884 0.22849 0 0 0 1 
13001298760155;0.0682714;1.3798;0.930294 -0.364692 -0.0394134 -1.06032 0.362104 0.930194 -0.0601678 -2.31315 0.0586048 0.0417019 0.99741 -0.167901 0 0 0 1 
13001298760156;0.228778;1.75768;0.92176 -0.373412 0.104511 -1.62026 0.387612 0.894803 -0.22155 -2.19991 -0.0107871 0.244725 0.969533 0.185492 0 0 0 1 
13001298760157;0.606065;1.3258;0.938112 -0.339061 0.0705977 -1.41897 0.346312 0.916163 -0.201774 -2.58796 0.00373466 0.213736 0.976884 0.198916 0 0 0 1 
13001298760158;0.344682;1.16106;0.921031 -0.271421 -0.279345 -0.763162 0.220446 0.954542 -0.20063 -0.990775 0.321101 0.123206 0.938996 -1.27878 0 0 0 1 
13001298760159;0.780294;1.50117;0.969382 -0.241028 0.0469506 -0.921779 0.244653 0.96439 -0.100487 -1.08508 -0.0210585 0.108897 0.99383 -0.291587 0 0 0 1 
13001298760160;0.374691;1.14064;0.953918 -0.265471 -0.139874 -1.03431 0.2802 0.954858 0.0986613 -1.61916 0.107368 -0.133307 0.985242 -0.0691404 0 0 0 1 
13001298760161;0.829311;1.54967;0.817693 -0.304403 0.488586 -1.79593 0.290722 0.950928 0.105904 -2.43551 -0.496848 0.055446 0.866065 2.51629 0 0 0 1 
13001298760162;0.477774;1.23029;0.976163 -0.215339 -0.0271195 -1.24178 0.194881 0.924631 -0.32723 -1.58951 0.0955409 0.314144 0.944556 0.107934 0 0 0 1 
13001298760163;0.737936;0.96396;0.992971 0.0793968 0.0877721 -0.600304 -0.0739176 0.995208 -0.0640099 0.127576 -0.0924337 0.0570721 0.994082 0.63757 0 0 0 1 
13001298760164;0.306679;1.71269;0.947248 -0.314482 0.0618288 -1.69987 0.312475 0.863266 -0.396398 -1.86181 0.0712855 0.394807 0.915994 -0.0838139 0 0 0 1 
13001298760165;0.655134;0.708084;0.989233 0.130281 -0.0666737 -1.03523 -0.123821 0.987912 0.0932685 0.512665 0.0780188 -0.0840086 0.993406 -0.799706 0 0 0 1 
13001298760166;0.142166;1.85457;0.921563 -0.372839 0.108224 -1.8073 0.38563 0.911308 -0.144247 -2.36343 -0.0448445 0.174667 0.983606 0.168586 0 0 0 1 
13001298760167;0.73402;1.36718;0.987715 0.0164587 0.155396 -0.965666 -8.89793e-06 0.994444 -0.10527 -0.805457 -0.156265 0.103975 0.982227 1.11553 0 0 0 1 
13001298760168;0.457979;1.38497;0.987887 0.132909 -0.0800927 -1.0078 -0.140128 0.985803 -0.0925001 -0.349712 0.0666616 0.102603 0.992486 -0.361861 0 0 0 1 
13001298760169;0.0971797;1.23684;0.954323 -0.289505 0.073856 -1.18376 0.287223 0.957025 0.0400686 -1.83723 -0.0822821 -0.0170252 0.996464 0.312066 0 0 0 1 
13001298760170;0.865636;1.38233;0.985221 -0.079077 -0.151945 -1.73504 0.0581726 0.988804 -0.137411 -0.583775 0.16111 0.126541 0.978791 -0.0131699 0 0 0 1 
13001298760171;0.53187;2.04458;0.882985 -0.448699 -0.137868 -1.67971 0.469333 0.838884 0.275682 -3.29451 -0.00804267 -0.308129 0.951311 0.418523 0 0 0 1 
13001298760172;0.399772;1.22066;0.960935 -0.136951 0.240518 -1.04352 0.109615 0.986256 0.123631 -1.12786 -0.254144 -0.0924366 0.962739 1.25772 0 0 0 1 
13001298760173;0.409814;1.42402;0.979131 0.179499 0.095308 -1.26379 -0.178835 0.983756 -0.015536 -0.17117 -0.0965486 -0.00183257 0.995327 0.4541 0 0 0 1 
13001298760174;0.230776;1.38564;0.972627 -0.22866 -0.0413651 -1.32677 0.223671 0.969512 -0.10009 -1.73079 0.0629905 0.088098 0.994118 0.00219094 0 0 0 1 
13001298760175;0.184973;1.52293;0.923342 -0.370554 -0.100641 -1.25359 0.351071 0.920859 -0.169609 -2.29245 0.155525 0.121275 0.980359 -0.756765 0 0 0 1 
13001298760176;0.684651;1.18551;0.993597 -0.112179 -0.0134769 -1.28806 0.11161 0.955935 0.271537 -1.55922 -0.0175778 -0.271302 0.962334 -0.428833 0 0 0 1 
13001298760177;0.712892;1.30771;0.959453 -0.153529 -0.236388 -0.611521 0.075964 0.948454 -0.307677 -0.963714 0.27144 0.277244 0.921659 -1.42302 0 0 0 1 
13001298760178;0.372998;1.32293;0.988454 0.147376 -0.0351885 -1.07385 -0.147778 0.988979 -0.00908974 -0.326127 0.0334611 0.0141849 0.999339 -0.194467 0 0 0 1 
13001298760179;0.364497;1.31057;0.961371 -0.26427 0.0769914 -1.22687 0.228377 0.921941 0.31284 -1.93972 -0.153656 -0.283172 0.94668 0.716428 0 0 0 1 
13001298760180;0.444705;1.38435;0.936839 -0.23867 -0.255674 -1.15587 0.319274 0.882045 0.346498 -2.02241 0.142817 -0.406243 0.902535 -0.76555 0 0 0 1 
13001298760181;0.327893;1.99658;0.854981 -0.338811 0.392701 -1.98615 0.40248 0.910962 -0.090319 -2.60117 -0.327135 0.235275 0.91522 1.32328 0 0 0 1 
13001298760182;0.549357;1.86527;0.930013 -0.36747 0.00641667 -1.46609 0.36683 0.927038 -0.0776959 -2.77152 0.0226024 0.0746121 0.996956 0.265133 0 0 0 1 
13001298760183;0.363905;1.54542;0.882398 -0.329667 -0.335699 -1.01959 0.373534 0.924677 0.0737855 -2.38197 0.286089 -0.190503 0.939075 -0.858721 0 0 0 1 
13001298760184;0.185151;1.01054;0.99097 -0.134067 0.00212796 -0.983906 0.133769 0.987425 -0.0842463 -1.11823 0.00919347 0.0837702 0.996443 0.0582394 0 0 0 1 
13001298760186;0.752269;1.24986;0.964676 -0.247831 0.0893266 -0.775225 0.255127 0.963394 -0.0823497 -1.34412 -0.065648 0.10223 0.992592 0.836124 0 0 0 1 
13001298760187;1.11885;1.20558;0.8019 -0.59281 0.074384 -0.468514 0.59667 0.801006 -0.0487358 -3.17433 -0.0306909 0.083464 0.996038 0.521179 0 0 0 1 
13001298760188;1.47853;1.13428;0.965963 -0.254269 0.0475643 -0.751144 0.249693 0.86846 -0.428289 -1.03566 0.0675931 0.425588 0.902389 0.0992024 0 0 0 1 
13001298760189;0.694353;1.15675;0.993584 0.0156799 0.112008 0.0927115 -0.00220653 0.992842 -0.119413 -0.941135 -0.113079 0.1184 0.986506 0.212103 0 0 0 1 
13001298760190;1.04867;1.17577;0.905374 -0.408087 -0.117316 -0.816544 0.401546 0.912687 -0.075914 -2.59396 0.138053 0.0216226 0.990189 -0.574599 0 0 0 1 
13001298760191;0.608395;1.15064;0.997814 -0.0568928 0.0336255 -0.364396 0.0591483 0.995764 -0.0703977 -0.83658 -0.029478 0.0722327 0.996952 -0.115236 0 0 0 1 
13001298760192;0.728377;1.22787;0.953825 -0.28968 0.0793922 -0.925814 0.293769 0.954788 -0.0456065 -1.32813 -0.0625913 0.0668236 0.9958 0.687055 0 0 0 1 
13001298760193;0.223967;1.26234;0.943113 -0.332193 0.0136083 -0.732631 0.33235 0.943085 -0.0115487 -1.68173 -0.00899742 0.0154144 0.999841 0.0361379 0 0 0 1 
13001298760194;0.894476;1.22084;0.987325 -0.123733 0.0993941 -0.592615 0.11406 0.988654 0.0977434 -1.37517 -0.11036 -0.0851676 0.990236 -0.440228 0 0 0 1 
13001298760195;0.58478;1.2264;0.9828 0.183874 0.0171873 0.291616 -0.183142 0.982377 -0.0373397 -0.312883 -0.0237502 0.0335497 0.999155 0.432351 0 0 0 1 
13001298760196;0.904607;1.21592;0.964615 -0.255016 0.066973 -1.13479 0.259529 0.963154 -0.0705592 -1.14338 -0.0465115 0.0854439 0.995257 -0.00431989 0 0 0 1 
13001298760197;0.286883;1.14817;0.91677 -0.394501 0.0624619 -0.855586 0.397644 0.916187 -0.0498115 -2.09185 -0.037576 0.0705033 0.996804 0.285231 0 0 0 1 
13001298760198;1.24998;1.29928;0.973076 0.227716 0.0356128 0.292565 -0.227347 0.973711 -0.0141405 0.224742 -0.0378966 0.00566334 0.999266 -0.317485 0 0 0 1 
13001298760199;1.55468;1.18015;0.926401 -0.189797 -0.325204 0.0959792 0.164538 0.980898 -0.10376 -0.944049 0.338685 0.042615 0.939934 -1.67344 0 0 0 1 
13001298760200;0.663257;1.20037;0.967355 -0.246623 0.0583178 -0.762101 0.249246 0.967487 -0.0429512 -1.8704 -0.045829 0.0560846 0.997374 0.112014 0 0 0 1 
13001298760201;0.427557;1.12637;0.99998 -0.00527843 0.00334861 -0.193876 0.00434668 0.97214 0.234359 -0.944252 -0.00449237 -0.23434 0.972144 -0.785455 0 0 0 1 
13001298760202;1.14516;1.25121;0.955517 -0.275722 -0.10471 -0.461554 0.29373 0.921686 0.253412 -2.11833 0.0266383 -0.272896 0.961675 -1.40349 0 0 0 1 
13001298760203;0.345194;1.09104;0.999617 0.0272647 -0.00480046 -0.0469396 -0.0271992 0.999543 0.0132199 -0.546924 0.0051587 -0.0130842 0.999901 0.0143011 0 0 0 1 
13001298760204;0.987501;1.26534;0.920697 -0.386266 0.0558244 -1.26275 0.388336 0.920948 -0.0324009 -1.66479 -0.038896 0.05151 0.997915 -0.360456 0 0 0 1 
13001298760205;1.27725;1.33648;0.925017 -0.372341 0.075532 -0.291068 0.376337 0.925249 -0.0477999 -1.98483 -0.0520881 0.0726412 0.995997 0.765519 0 0 0 1 
13001298760206;0.732057;1.24123;0.995678 0.0236166 0.089816 -0.240668 0.0063386 0.947588 -0.319431 -0.737435 -0.0926525 0.318619 0.943344 1.40074 0 0 0 1 
13001298760207;0.280311;1.10739;0.909075 -0.390076 -0.14637 -0.732201 0.3858 0.920774 -0.0577332 -1.81249 0.157294 -0.0039857 0.987544 -0.362982 0 0 0 1 
13001298760208;0.976835;1.15209;0.980438 -0.195337 0.0241998 -0.330945 0.196426 0.978879 -0.0566873 -1.71362 -0.0126155 0.0603318 0.998099 0.596028 0 0 0 1 
13001298760209;0.510095;1.18846;0.967122 -0.254249 -0.00565591 -0.390517 0.252722 0.963322 -0.0902375 -1.50819 0.0283912 0.0858413 0.995904 -0.0662661 0 0 0 1 
13001298760210;0.786915;1.29836;0.923447 -0.330411 0.195125 -1.04255 0.342572 0.938971 -0.0312651 -1.38634 -0.172886 0.0957159 0.98028 0.473041 0 0 0 1 
13001298760211;0.331308;1.19482;0.9725 -0.2125 0.095332 -0.594527 0.19882 0.970638 0.1354 -1.40774 -0.121305 -0.112723 0.986194 0.189202 0 0 0 1 
13001298760212;0.525518;1.17656;0.978129 -0.126187 0.165348 -0.766232 0.134095 0.990258 -0.0375241 -1.13236 -0.159002 0.0588757 0.985521 0.365219 0 0 0 1 
13001298760213;1.26584;1.25783;0.970807 -0.239731 0.00791708 -0.214987 0.237846 0.957853 -0.161081 -1.33487 0.0310327 0.158261 0.986909 1.00351 0 0 0 1 
13001298760214;1.19532;1.40227;0.959401 -0.137219 0.246417 -0.00188295 0.116473 0.988451 0.0969494 -0.729783 -0.256874 -0.0643126 0.964303 0.820197 0 0 0 1 
13001298760215;0.473246;1.13475;0.995324 0.0878028 0.0402711 -0.0136474 -0.0889345 0.995665 0.0272265 -0.734996 -0.0377059 -0.0306806 0.998818 0.0141515 0 0 0 1 
13001298760217;0.222897;1.00521;0.920535 -0.390242 -0.0180632 -0.0443977 0.38991 0.914922 0.104344 -1.99523 -0.0241932 -0.103096 0.994377 0.0182848 0 0 0 1 
13001298760218;0.56062;0.87744;0.973999 -0.179894 0.137709 0.436088 0.132046 0.944705 0.300159 -1.12023 -0.184091 -0.274171 0.943897 0.0527719 0 0 0 1 
13001298760219;1.35156;1.31389;0.890748 -0.454463 0.00566998 -0.153972 0.453862 0.890092 0.0417843 -1.97903 -0.0240362 -0.0346459 0.999111 1.04563 0 0 0 1 
13001298760220;0.477483;1.08952;0.777298 -0.56246 0.281861 0.018041 0.480436 0.819932 0.311277 -2.43418 -0.406188 -0.106539 0.907558 1.53086 0 0 0 1 
13001298760221;0.489369;1.07706;0.853362 -0.465918 0.233868 -0.00679483 0.399653 0.872732 0.280387 -2.36237 -0.334741 -0.145805 0.930961 1.18499 0 0 0 1 
13001298760222;1.04527;1.30224;0.938481 -0.342101 -0.0471194 0.0352573 0.341837 0.900938 0.267317 -2.52098 -0.0489981 -0.26698 0.962456 -0.747759 0 0 0 1 
13001298760223;0.25956;1.19162;0.943694 -0.27274 0.187227 0.0808867 0.242005 0.955015 0.171406 -1.40825 -0.225554 -0.116445 0.967247 0.580659 0 0 0 1 
13001298760224;0.137794;0.867503;0.951553 -0.307371 0.00834401 -0.0996242 0.307341 0.951588 0.00464823 -1.47742 -0.0093688 -0.00185858 0.999954 0.241149 0 0 0 1 
13001298760225;1.05742;0.93879;0.840655 -0.326267 0.43226 -0.453247 0.314986 0.943833 0.099817 -2.02566 -0.440548 0.0522442 0.896207 2.09904 0 0 0 1 
13001298760226;1.15936;1.06649;0.97938 -0.199587 0.0312905 -0.29938 0.19937 0.979874 0.00996188 -1.34502 -0.032649 -0.0035181 0.999461 0.802756 0 0 0 1 
13001298760227;0.324156;1.00461;0.998605 -0.0294014 -0.0438558 0.691876 0.0255062 0.995893 -0.0868765 -0.198728 0.0462299 0.0856367 0.995253 0.207518 0 0 0 1 
13001298760228;1.39459;1.17555;0.761987 -0.454697 0.461115 -0.525637 0.567648 0.811683 -0.137647 -2.25036 -0.311691 0.366636 0.876599 2.13232 0 0 0 1 
13001298760229;0.664996;0.883643;0.919527 -0.334185 0.206858 -0.298182 0.249784 0.903259 0.3489 -1.49647 -0.303444 -0.269153 0.914045 0.92222 0 0 0 1 
13001298760230;0.977712;0.701195;0.860783 -0.506436 0.0507517 -0.287665 0.496851 0.857727 0.132074 -2.81844 -0.110418 -0.0884712 0.98994 -0.269669 0 0 0 1 
13001298760231;0.367575;1.078;0.965881 -0.0245456 0.25782 0.654802 0.00145547 0.995997 0.0893705 -0.286559 -0.258982 -0.0859461 0.962051 0.707835 0 0 0 1 
13001298760232;0.090517;1.23888;0.944083 -0.328111 -0.0324252 0.194536 0.328361 0.944549 0.0025546 -1.55078 0.029789 -0.0130589 0.999471 -0.0511067 0 0 0 1 
13001298760233;0.668099;0.766484;0.869442 -0.493107 0.0302628 -0.12964 0.488809 0.867516 0.0920981 -2.02332 -0.0716677 -0.0652812 0.99529 0.19251 0 0 0 1 
13001298760234;0.755306;0.982031;0.968792 -0.242892 -0.0494613 0.126665 0.247834 0.952863 0.175015 -1.5717 0.00461994 -0.181812 0.983323 0.0532799 0 0 0 1 
13001298760235;0.973297;1.05429;0.952838 -0.303402 -0.00688815 0.309322 0.302843 0.949122 0.0863315 -2.10676 -0.0196555 -0.084346 0.996243 -0.241273 0 0 0 1 
13001298760236;0.97211;1.18567;0.825256 -0.497436 -0.267414 0.471185 0.539682 0.834133 0.113862 -2.80807 0.16642 -0.238284 0.956831 -1.71138 0 0 0 1 
13001298760237;0.48343;1.04985;0.951346 -0.299776 0.0712371 0.12273 0.298594 0.954 0.0269519 -1.78739 -0.0760397 -0.00436961 0.997095 0.216088 0 0 0 1 
13001298760238;0.245894;0.90213;0.965624 -0.255356 0.048622 0.056826 0.256751 0.966157 -0.0249024 -1.36762 -0.0406175 0.0365301 0.998507 0.477981 0 0 0 1 
13001298760239;0.597612;0.908598;0.999786 -0.00145524 -0.0206227 0.713488 0.00346525 0.995203 0.0977685 -0.292356 0.0203815 -0.0978191 0.994995 -0.561415 0 0 0 1 
13001298760240;0.379328;0.753724;0.945573 -0.320819 0.0544675 -0.197321 0.314311 0.943779 0.102419 -1.4445 -0.0842633 -0.0797251 0.993249 0.448888 0 0 0 1 
13001298760241;0.905295;0.939552;0.938034 -0.342352 -0.0537328 0.372409 0.346107 0.917748 0.194805 -1.34183 -0.0173788 -0.201331 0.979369 -0.543824 0 0 0 1 
13001298760242;0.886526;0.925107;0.774181 -0.606149 0.182284 -0.602433 0.558549 0.789699 0.253767 -3.04616 -0.29777 -0.0946472 0.949934 0.506978 0 0 0 1 
13001298760243;0.836676;0.951443;0.965997 -0.0983063 0.239136 0.657916 0.0985191 0.995073 0.0110935 -0.844446 -0.239048 0.0128432 0.970923 0.56265 0 0 0 1 
13001298760244;1.22657;1.05595;0.969278 -0.241334 0.0475219 0.640753 0.239777 0.970153 0.0362089 -0.878997 -0.0548419 -0.0237019 0.998214 0.817874 0 0 0 1 
13001298760245;1.14759;1.38085;0.925104 -0.379494 0.0129031 -0.603027 0.37971 0.924422 -0.0355586 -1.91504 0.00156633 0.0377949 0.999284 -0.0184406 0 0 0 1 
13001298760246;0.304771;0.973143;0.987701 -0.0931061 -0.125611 0.489896 0.0902983 0.995525 -0.0278769 -0.600222 0.127644 0.0161916 0.991688 -0.401429 0 0 0 1 
13001298760248;0.0489943;1.23627;0.993572 -0.104465 0.0436061 -0.342018 0.106307 0.993433 -0.0423093 -1.39139 -0.0388998 0.046673 0.998153 0.243288 0 0 0 1 
13001298760249;0.420407;1.09443;0.999988 -0.00105215 0.00477214 -0.179459 0.000991831 0.99992 0.012625 -1.1023 -0.00478505 -0.0126201 0.999909 -0.371931 0 0 0 1 
13001298760250;0.517589;2.79327;0.793647 0.603365 0.0779434 1.25672 -0.604187 0.796697 -0.015234 -0.84566 -0.0712889 -0.035002 0.996841 0.580934 0 0 0 1 
13001298760251;0.918817;2.8377;0.81547 0.563606 0.131743 1.6061 -0.55774 0.826013 -0.0814163 -1.25236 -0.154708 -0.00708552 0.987935 0.158991 0 0 0 1 
13001298760252;0.624083;1.42156;0.998025 0.0628091 0.00112571 0.0834437 -0.0623283 0.992303 -0.107 -0.505701 -0.00783762 0.106719 0.994258 0.397321 0 0 0 1 
13001298760253;0.848575;1.09569;0.97492 0.144205 0.169518 0.777002 -0.118561 0.981125 -0.152762 -0.748293 -0.188348 0.128833 0.973616 1.2882 0 0 0 1 
13001298760254;0.316984;2.79945;0.866771 0.484159 -0.119572 0.764409 -0.497062 0.858165 -0.12838 -0.920502 0.0404562 0.170711 0.98449 0.630604 0 0 0 1 
13001298760255;0.292142;1.20015;0.973766 0.189453 -0.126047 0.670959 -0.194163 0.980623 -0.0260795 -0.520824 0.118663 0.0498689 0.991681 -0.320125 0 0 0 1 
13001298760256;0.288912;1.3316;0.993605 -0.100654 0.0511599 -0.346336 0.102685 0.993959 -0.0387489 -1.62525 -0.0469506 0.0437544 0.997938 0.447138 0 0 0 1 
13001298760257;0.0896223;2.83825;0.811458 0.566591 0.143215 0.997163 -0.565758 0.823025 -0.0504847 -0.959373 -0.146473 -0.0400586 0.988403 0.373432 0 0 0 1 
13001298760258;0.918056;2.84099;0.809152 0.576675 0.112777 1.44091 -0.584979 0.808672 0.0620388 -0.318906 -0.0554231 -0.116171 0.991682 -0.127998 0 0 0 1 
13001298760259;0.628443;1.24028;0.988452 -0.0535244 0.141767 -0.50413 0.0620945 0.996457 -0.0567315 -0.959238 -0.138228 0.0648793 0.988273 0.140352 0 0 0 1 
13001298760260;0.777086;2.89903;0.838319 0.538805 0.0831315 0.929064 -0.538757 0.842092 -0.0249412 -0.335796 -0.0834428 -0.023879 0.996226 0.170912 0 0 0 1 
13001298760261;0.754638;2.8024;0.881317 0.409725 -0.235384 0.390919 -0.448853 0.881594 -0.146022 -0.662398 0.147684 0.234345 0.96087 0.837987 0 0 0 1 
13001298760262;0.728008;1.10787;0.993567 -0.10585 0.0402635 -0.829578 0.107217 0.993673 -0.0334395 -1.46101 -0.0364692 0.0375413 0.998629 -0.199361 0 0 0 1 
