#;prob_registration_l1 -r ../../../../build/tester /home/point_clouds_registration_benchmark/box_met_local.txt /home/point_clouds_registration_benchmark/box_met -s 0.2 -t 0.2 -p 0.3 -r 1000 -m 10 -i 40 
id;initial_error;final_error;transformation
7680147070000;1.79635;3.88641;0.876305 0.181511 0.446256 -9.08691 -0.123365 0.979968 -0.156344 -2.79034 -0.465694 0.0819531 0.881143 -32.738 0 0 0 1 
7680147070001;0.811107;3.56699;0.983916 0.147693 0.100484 -5.11224 -0.122262 0.966893 -0.223986 -2.41748 -0.130238 0.208098 0.969398 -12.9789 0 0 0 1 
7680147070002;1.49386;3.99389;0.964938 -0.0240535 -0.261375 -4.29863 -0.0475252 0.963323 -0.264104 2.07188 0.258141 0.267266 0.928403 7.68574 0 0 0 1 
7680147070003;0.946768;3.80461;0.987727 0.155909 -0.00938164 -6.01028 -0.15481 0.969256 -0.191248 -5.08026 -0.0207241 0.190353 0.981497 -4.54884 0 0 0 1 
7680147070004;1.43077;4.98746;0.997928 -0.0613497 -0.019363 -1.90659 0.0581952 0.989162 -0.134801 7.15937 0.0274232 0.133394 0.990684 -1.96372 0 0 0 1 
7680147070005;0.312811;3.95728;0.986333 0.154578 0.0570354 -5.74548 -0.155714 0.987672 0.0160267 -3.68197 -0.0538549 -0.0246889 0.998244 -4.07835 0 0 0 1 
7680147070006;1.56238;4.34468;0.999959 -0.00149791 -0.00889524 -1.63845 0.00166834 0.999815 0.0191838 5.15144 0.00886485 -0.0191979 0.999776 -2.29773 0 0 0 1 
7680147070007;1.77223;4.10804;0.958796 0.176938 0.222268 -6.59473 -0.225334 0.950109 0.21568 -5.97497 -0.173017 -0.256877 0.950831 -9.4015 0 0 0 1 
7680147070008;0.368314;4.11953;0.984501 0.148701 0.0929876 -5.42814 -0.150068 0.988645 0.00784756 -3.14642 -0.0907647 -0.0216804 0.995636 -6.14759 0 0 0 1 
7680147070009;2.02654;4.12575;0.999691 -0.00963334 0.0229197 -2.68252 0.0114116 0.996828 -0.0787652 5.32976 -0.0220882 0.0790024 0.99663 -6.80784 0 0 0 1 
7680147070010;1.67484;4.10001;0.991779 0.00488145 -0.127868 -3.19264 -0.00664229 0.999889 -0.0133481 4.60653 0.127788 0.0140877 0.991701 8.2333 0 0 0 1 
7680147070011;1.58383;4.23088;0.967467 0.00830128 0.252862 -3.24836 0.079193 0.939299 -0.333834 7.94846 -0.240284 0.342998 0.908083 -19.9456 0 0 0 1 
7680147070012;1.55669;3.73163;0.995769 0.00909395 0.0914391 -3.23914 0.00966229 0.979212 -0.202608 4.9343 -0.0913808 0.202634 0.974981 -8.3406 0 0 0 1 
7680147070013;1.90796;4.20087;0.996906 0.0782133 0.00779048 -3.61229 -0.0782724 0.978815 0.189193 1.84966 0.00717195 -0.189217 0.981909 -0.197713 0 0 0 1 
7680147070014;1.7784;3.66868;0.992481 0.120656 -0.0205898 -4.76277 -0.12197 0.988988 -0.0838241 -1.90522 0.0102492 0.0857051 0.996268 -4.38556 0 0 0 1 
7680147070015;0.363704;4.11271;0.99666 -0.039399 -0.0715235 -2.78095 0.062938 0.928703 0.365444 12.5174 0.052026 -0.368725 0.928082 8.02601 0 0 0 1 
7680147070016;0.265959;3.80489;0.99721 0.0709876 0.0230854 -3.65325 -0.0719993 0.996324 0.0464268 1.25071 -0.0197048 -0.0479594 0.998655 -1.76388 0 0 0 1 
7680147070017;0.994504;4.18793;0.998304 -0.0577038 -0.00769972 -2.25046 0.0577864 0.998269 0.0109633 8.63813 0.00705377 -0.0113897 0.99991 -1.80172 0 0 0 1 
7680147070018;1.14391;3.87283;0.920014 0.113479 -0.375096 -12.5945 -0.113992 0.993262 0.0209018 -1.03467 0.374941 0.0235279 0.92675 20.3419 0 0 0 1 
7680147070019;1.59901;3.3743;0.999611 0.0194627 0.0199909 -1.16103 -0.0195324 0.999804 0.00329891 5.01401 -0.0199228 -0.0036881 0.999795 -1.85682 0 0 0 1 
7680147070020;1.99055;3.95045;0.973306 0.0638573 0.220447 -5.78843 -0.0866149 0.991687 0.095154 1.23708 -0.212538 -0.111708 0.970747 -10.4633 0 0 0 1 
7680147070021;1.30849;3.68533;0.964931 -0.0541627 -0.256856 -5.00889 0.10414 0.977173 0.185168 13.1868 0.240963 -0.205424 0.948545 15.1141 0 0 0 1 
7680147070022;0.490232;4.14949;0.997754 -0.0355548 0.0567658 -1.76342 0.0329888 0.998419 0.0455175 7.51097 -0.0582944 -0.0435426 0.997349 -3.37756 0 0 0 1 
7680147070023;1.93092;2.94753;0.991537 0.117059 0.0561332 -3.96327 -0.107907 0.983536 -0.14496 -0.517527 -0.0721778 0.137676 0.987844 -6.85809 0 0 0 1 
7680147070024;2.01577;4.68302;0.983213 0.111152 -0.144696 -5.00259 -0.0824226 0.978071 0.191269 1.42636 0.162783 -0.176131 0.970814 9.94816 0 0 0 1 
7680147070025;1.53658;4.59771;0.959106 -0.055085 -0.277635 -5.07817 0.0176119 0.990593 -0.1357 5.22135 0.282499 0.125261 0.951054 10.8302 0 0 0 1 
7680147070026;1.23157;3.97807;0.985457 0.160389 0.0561183 -5.62293 -0.16449 0.983268 0.0782737 -3.03863 -0.0426251 -0.0863663 0.995351 -0.717063 0 0 0 1 
7680147070027;1.05263;3.85501;0.93731 0.0625799 0.342832 -6.22401 -0.116782 0.983269 0.139801 -0.770144 -0.328347 -0.171073 0.928936 -17.8325 0 0 0 1 
7680147070028;0.137424;3.9882;0.9987 0.0479913 0.0171636 -3.0773 -0.0481782 0.998782 0.0106461 2.39259 -0.0166318 -0.0114591 0.999796 -1.83493 0 0 0 1 
7680147070029;1.81513;2.98234;0.998023 0.012276 -0.0616452 -3.60631 -0.0138908 0.99957 -0.0258348 5.25787 0.0613015 0.02664 0.997764 2.69594 0 0 0 1 
7680147070031;0.429088;2.54175;0.973956 -0.0461335 -0.221994 -5.48263 0.0459318 0.998926 -0.00607404 2.48914 0.222036 -0.00428074 0.975029 0.974742 0 0 0 1 
7680147070032;0.91489;2.64019;0.995164 -0.0178893 0.0965827 -3.61808 0.00930431 0.996022 0.0886167 3.52744 -0.0977839 -0.0872895 0.991372 -0.133841 0 0 0 1 
7680147070033;0.415478;2.26966;0.97569 -0.0192771 0.218307 -3.37719 0.083755 0.953309 -0.290151 2.10325 -0.202521 0.301381 0.931748 -9.8833 0 0 0 1 
7680147070034;0.600344;2.62737;0.985175 -0.0706053 -0.156347 -4.61268 0.0417349 0.982639 -0.180773 1.91391 0.166397 0.171568 0.971018 -2.34885 0 0 0 1 
7680147070035;0.44843;2.47812;0.997151 -0.0376311 0.0653745 -3.86159 0.0235556 0.978676 0.204057 3.33595 -0.0716593 -0.201936 0.976774 2.37544 0 0 0 1 
7680147070036;0.879785;1.99278;0.999127 -0.0414688 -0.00514411 -4.79158 0.0412551 0.998487 -0.0363549 2.6148 0.00664392 0.036111 0.999326 -1.65065 0 0 0 1 
7680147070037;0.82527;2.60101;0.999548 -0.0171608 0.0246729 -4.56074 0.016657 0.999651 0.0204841 2.70805 -0.0250158 -0.0200639 0.999486 1.21625 0 0 0 1 
7680147070038;0.802274;2.22611;0.979247 -0.034251 0.199757 -3.54849 -0.0247025 0.958098 0.285374 4.68862 -0.201161 -0.284386 0.937368 3.92666 0 0 0 1 
7680147070039;1.33952;2.08373;0.999773 0.017392 0.0122792 -6.52326 -0.0176493 0.99962 0.0211647 1.99065 -0.0119065 -0.0213767 0.999701 0.730476 0 0 0 1 
7680147070040;0.158831;2.45363;0.99856 -0.0528232 -0.00936067 -3.69309 0.0512291 0.990726 -0.125849 2.07889 0.0159216 0.125188 0.992005 -3.21715 0 0 0 1 
7680147070041;1.36617;2.32835;0.998246 -0.0400333 0.0436217 -3.76651 0.0386795 0.998757 0.0314512 2.67284 -0.0448266 -0.0297087 0.998553 -3.3507 0 0 0 1 
7680147070042;0.46675;2.5389;0.995495 -0.00909573 0.0943787 -4.1995 0.0288317 0.977292 -0.209927 1.81654 -0.0903261 0.211702 0.973151 -6.94547 0 0 0 1 
7680147070043;1.14629;2.86235;0.965213 0.0249966 0.260268 -3.29016 0.0346801 0.974385 -0.222194 1.17939 -0.259155 0.223491 0.939622 -7.83482 0 0 0 1 
7680147070044;0.702038;2.40883;0.998738 -0.0370842 -0.0338836 -4.22327 0.039282 0.997001 0.0666811 3.04942 0.0313091 -0.067928 0.997199 2.55445 0 0 0 1 
7680147070045;0.887978;2.40634;0.998652 -0.0342702 0.0389858 -3.93312 0.0347073 0.999341 -0.0105923 3.12203 -0.0385971 0.0119311 0.999184 -2.57715 0 0 0 1 
7680147070046;0.520495;2.34297;0.992673 -0.0492079 0.11036 -3.12594 0.067831 0.982772 -0.171927 2.08056 -0.0999986 0.178153 0.978908 -6.5018 0 0 0 1 
7680147070047;1.3778;2.29776;0.996912 0.0189859 -0.0761966 -7.25973 0.00293087 0.960659 0.277713 4.77969 0.0784716 -0.277079 0.957637 7.38064 0 0 0 1 
7680147070048;1.12108;3.18176;0.998862 -0.0471689 0.00701107 -3.24482 0.0474777 0.997432 -0.0536182 1.89832 -0.00446395 0.05389 0.998537 -1.43919 0 0 0 1 
7680147070049;0.932757;2.33297;0.996247 -0.0698195 -0.0511608 -3.97339 0.0612612 0.986311 -0.153095 2.923 0.0611494 0.149386 0.986886 -1.88485 0 0 0 1 
7680147070050;1.2993;1.97182;0.956764 -0.0745592 -0.281147 -6.4078 0.0371454 0.989994 -0.136135 1.73744 0.288484 0.119805 0.94996 -0.68081 0 0 0 1 
7680147070051;0.92457;2.51464;0.997651 -0.04425 0.0522923 -3.29252 0.0292357 0.965394 0.259153 3.96672 -0.0619502 -0.257016 0.96442 2.5459 0 0 0 1 
7680147070052;0.840224;2.7783;0.960564 -0.0679451 -0.269632 -4.98147 0.108089 0.984664 0.136941 4.70299 0.256192 -0.160685 0.953177 6.35042 0 0 0 1 
7680147070053;0.82655;2.7359;0.998929 -0.0456123 0.007769 -3.86862 0.0457546 0.998767 -0.019239 2.5078 -0.00688189 0.0195738 0.999785 0.392408 0 0 0 1 
7680147070054;0.270576;2.49096;0.998143 -0.0104761 0.0600066 -4.50192 0.0079321 0.999066 0.0424776 2.36688 -0.0603955 -0.0419227 0.997294 -0.414892 0 0 0 1 
7680147070055;0.73698;2.61273;0.982529 -0.143826 -0.118117 -2.794 0.0767869 0.891394 -0.446677 2.34658 0.169532 0.429803 0.886864 -7.60924 0 0 0 1 
7680147070056;0.896614;2.30291;0.997973 -0.0591913 -0.0233555 -3.48421 0.0584532 0.997805 -0.0311139 2.29813 0.0251459 0.0296857 0.999243 -2.99049 0 0 0 1 
7680147070057;0.403726;2.32685;0.997397 -0.0201948 0.0692245 -4.47269 0.0234935 0.99861 -0.0471745 2.34954 -0.0681756 0.048678 0.996485 -2.37143 0 0 0 1 
7680147070058;0.771956;2.33346;0.991485 -0.00683603 0.130042 -4.06725 0.0293519 0.984655 -0.172027 1.90354 -0.126871 0.174379 0.976471 -7.34424 0 0 0 1 
7680147070059;0.054331;2.47451;0.998992 -0.0366669 0.0259115 -3.8423 0.0371007 0.999176 -0.0164632 2.43498 -0.0252865 0.017408 0.999529 -1.42918 0 0 0 1 
7680147070060;0.252286;2.41275;0.999768 -0.0190563 0.0100011 -4.25576 0.0157042 0.963729 0.26642 4.37328 -0.0147153 -0.266201 0.963805 4.47518 0 0 0 1 
7680147070062;0.694613;2.81568;0.996694 0.0579638 0.056925 1.95693 -0.0595908 0.997849 0.0273114 -2.04526 -0.0552195 -0.0306134 0.998005 -0.963551 0 0 0 1 
7680147070063;0.642429;2.70394;0.999259 -0.0191551 -0.0333858 3.54617 0.0191611 0.999816 -0.00014005 -0.232615 0.0333824 -0.000499762 0.999443 0.506932 0 0 0 1 
7680147070064;1.73702;2.86462;0.995984 -0.0706992 -0.0549309 2.68422 0.057553 0.975558 -0.212071 -0.0977561 0.0685815 0.208058 0.975709 -2.94165 0 0 0 1 
7680147070065;2.03958;3.14529;0.980959 -0.0185544 -0.193327 0.0953369 0.0469867 0.988528 0.143542 1.61708 0.188445 -0.149892 0.970577 6.51864 0 0 0 1 
7680147070066;1.4044;2.7381;0.996911 -0.0199836 0.075951 2.37861 0.0299695 0.990702 -0.132705 -0.279942 -0.0725929 0.134571 0.988241 -3.82762 0 0 0 1 
7680147070067;2.44929;2.74361;0.996335 -0.0351684 -0.077978 3.91817 0.0363944 0.999234 0.0143573 -0.0595709 0.0774134 -0.0171427 0.996852 -0.283607 0 0 0 1 
7680147070068;0.72785;2.89403;0.997062 -0.0174567 -0.0745826 3.05391 0.0145687 0.999129 -0.0390931 -0.549737 0.0752001 0.0378917 0.996448 2.24864 0 0 0 1 
7680147070069;0.403431;2.31684;0.997719 -0.0311925 0.0598732 3.34702 0.0535076 0.906148 -0.419562 -0.334962 -0.0411669 0.421808 0.90575 -8.61998 0 0 0 1 
7680147070070;2.46104;3.1456;0.928826 -0.142684 -0.341941 2.06126 0.0652541 0.971446 -0.228111 -0.751927 0.364725 0.189562 0.911615 3.76677 0 0 0 1 
7680147070071;1.40642;2.31638;0.948479 0.0515648 0.312615 2.37246 -0.091802 0.98907 0.115385 -1.81734 -0.303248 -0.138139 0.942846 -6.45279 0 0 0 1 
7680147070072;0.468235;2.46552;0.99683 0.000271518 -0.0795544 2.1819 -0.000680594 0.999987 -0.00511502 -0.714574 0.0795519 0.00515295 0.996817 1.73782 0 0 0 1 
7680147070073;0.953779;1.9912;0.995415 0.014049 0.0946103 2.16193 0.00522333 0.979693 -0.200434 -1.53897 -0.095505 0.200009 0.975128 -4.86016 0 0 0 1 
7680147070074;0.189263;2.68363;0.998466 -0.0505841 -0.0225005 3.70816 0.0459751 0.984017 -0.17204 -0.533188 0.0308433 0.170742 0.984833 -2.06404 0 0 0 1 
7680147070075;2.44638;2.76047;0.960257 -0.0951506 -0.262399 4.78196 0.0118945 0.953196 -0.302118 -1.48425 0.278864 0.286989 0.916445 2.12732 0 0 0 1 
7680147070076;2.31741;2.70294;0.995826 0.000305961 -0.0912764 2.40572 -0.0031956 0.999498 -0.0315136 -1.10958 0.091221 0.0316738 0.995327 3.9272 0 0 0 1 
7680147070077;2.21484;1.92696;0.999703 -0.00459325 -0.0239476 3.62132 0.00185178 0.993563 -0.113266 -1.33814 0.0243137 0.113188 0.993276 0.749734 0 0 0 1 
7680147070078;0.226189;2.69971;0.991623 0.0231404 -0.127073 1.77508 0.0206438 0.942779 0.33278 2.92958 0.127502 -0.332615 0.934404 8.56731 0 0 0 1 
7680147070079;1.94297;3.4904;0.995489 0.00503674 0.0947474 3.13744 0.0180422 0.970321 -0.241148 -1.03504 -0.0931499 0.241769 0.965852 -6.74118 0 0 0 1 
7680147070080;2.14298;2.57478;0.999251 -0.0340273 -0.0184447 2.76177 0.0297269 0.979898 -0.197273 -0.505301 0.0247865 0.196577 0.980175 -0.207751 0 0 0 1 
7680147070081;1.69906;2.76212;0.999164 0.0237437 0.033281 4.15165 -0.0192697 0.991478 -0.128838 -1.6076 -0.0360565 0.128089 0.991107 -1.52518 0 0 0 1 
7680147070082;2.0972;2.26419;0.957728 -0.114989 -0.263692 1.46641 0.0397698 0.960759 -0.274519 -0.760231 0.284911 0.252428 0.924719 4.12544 0 0 0 1 
7680147070083;0.59076;2.47538;0.99961 -0.0246592 0.0130803 2.97482 0.0275443 0.94736 -0.318983 -1.44905 -0.00452587 0.319219 0.94767 -5.86643 0 0 0 1 
7680147070084;0.946739;2.39428;0.999268 -0.0114678 -0.0364905 3.46461 0.011879 0.999868 0.0110721 -0.476948 0.0363587 -0.0114975 0.999273 2.03798 0 0 0 1 
7680147070085;1.67199;2.84231;0.960131 0.0761605 -0.268974 -0.36949 0.0230053 0.937382 0.347541 3.3571 0.278601 -0.339873 0.898258 13.569 0 0 0 1 
7680147070086;1.58068;3.07919;0.999147 0.0228597 -0.0343953 2.74205 -0.0221888 0.999558 0.0197626 -1.19518 0.0348319 -0.0189825 0.999213 -0.391413 0 0 0 1 
7680147070087;0.945675;3.60914;0.989487 0.0237454 -0.14266 2.0362 -0.0529973 0.977345 -0.204912 -3.29837 0.134562 0.210318 0.968328 -0.529862 0 0 0 1 
7680147070088;1.00125;3.50464;0.982616 0.0491169 0.179036 3.47945 -0.044365 0.998551 -0.0304514 -2.60185 -0.180273 0.021979 0.983371 -4.88598 0 0 0 1 
7680147070089;1.42162;3.41716;0.997131 0.0698408 0.0292064 2.74892 -0.0703066 0.997409 0.015237 -2.56832 -0.0280665 -0.0172467 0.999457 1.31105 0 0 0 1 
7680147070090;0.678915;2.44096;0.998031 -0.016646 -0.0604711 3.00802 0.0187248 0.999247 0.0339745 -0.0181016 0.0598601 -0.03504 0.997592 1.99617 0 0 0 1 
7680147070091;1.30647;2.55496;0.9867 -0.0654224 -0.148807 1.4555 0.0492904 0.99275 -0.109627 0.391862 0.1549 0.100834 0.982771 2.06328 0 0 0 1 
7680147070093;0.528987;1.49522;0.996438 -0.00973517 -0.0837615 -2.42747 0.0150948 0.997862 0.0635931 0.44825 0.0829633 -0.0646309 0.994455 7.26945 0 0 0 1 
7680147070094;0.750267;1.2855;0.97698 -0.0196205 -0.212428 -3.54948 0.0467761 0.991232 0.123575 3.74094 0.208141 -0.130667 0.969332 17.5696 0 0 0 1 
7680147070095;1.32662;2.05084;0.994077 0.0744431 0.079176 -4.9272 -0.0498922 0.959845 -0.276058 -7.70442 -0.0965473 0.270473 0.957874 -13.2297 0 0 0 1 
7680147070096;1.72861;1.10187;0.999316 0.0178984 0.0323665 -1.89431 -0.0162893 0.998651 -0.0493115 -2.53886 -0.0332054 0.0487505 0.998259 -0.139109 0 0 0 1 
7680147070097;1.58172;2.74981;0.997684 -0.0146222 -0.0664326 -1.99837 0.0183447 0.998275 0.0557738 0.669147 0.0655025 -0.0568633 0.996231 6.54505 0 0 0 1 
7680147070098;0.811119;1.27986;0.981157 -0.0109952 -0.192899 -5.03737 -0.00774923 0.995337 -0.0961493 -2.78015 0.193057 0.0958323 0.976496 12.6094 0 0 0 1 
7680147070099;0.734807;1.27137;0.999766 0.0079177 0.0201521 -2.58233 -0.00784401 0.999962 -0.00373309 -2.48893 -0.0201809 0.00357414 0.99979 -1.68752 0 0 0 1 
7680147070100;0.613699;1.11609;0.933601 0.0866585 0.347679 -6.04048 -0.0650159 0.995176 -0.0734632 -6.15956 -0.352368 0.0459806 0.934731 -27.0374 0 0 0 1 
7680147070101;0.463274;1.48535;0.999079 0.00561963 -0.04255 -2.18525 -0.0107229 0.992634 -0.120677 -2.80956 0.0415585 0.121022 0.99178 0.115613 0 0 0 1 
7680147070102;1.71997;1.86602;0.989927 0.0751508 0.119985 -3.59438 -0.051458 0.980516 -0.189582 -6.61539 -0.131894 0.181498 0.974506 -15.6612 0 0 0 1 
7680147070103;0.768405;2.30856;0.982158 0.0431437 0.183043 -3.9119 -0.0504856 0.998089 0.0356398 -5.09383 -0.181156 -0.044245 0.982459 -10.1989 0 0 0 1 
7680147070104;1.11988;1.5319;0.999638 0.0185349 0.0194769 -3.18439 -0.0175196 0.998542 -0.0510677 -4.16871 -0.020395 0.050708 0.998505 -2.55605 0 0 0 1 
7680147070105;0.792054;2.80662;0.966976 0.00873215 0.254719 -4.22432 -0.00668027 0.999938 -0.00891944 -3.33892 -0.254781 0.00692329 0.966974 -18.6723 0 0 0 1 
7680147070106;0.562855;2.13395;0.999005 0.011386 -0.04312 -3.83123 -0.0140104 0.998036 -0.0610576 -3.35197 0.0423401 0.061601 0.997202 2.94918 0 0 0 1 
7680147070107;0.610731;1.54037;0.999692 0.013582 0.0207773 -2.23639 -0.0163998 0.989716 0.1421 -1.02277 -0.0186336 -0.142397 0.989634 3.03821 0 0 0 1 
7680147070108;1.42716;2.41951;0.999474 0.0157555 -0.0283471 -3.62387 -0.0171022 0.998705 -0.0479088 -3.00635 0.0275555 0.0483684 0.998449 0.00105366 0 0 0 1 
7680147070109;0.474796;2.25303;0.893753 0.0403881 0.446737 -8.15926 -0.103118 0.987764 0.116999 -8.45317 -0.436546 -0.150635 0.886982 -28.1907 0 0 0 1 
7680147070110;0.941477;1.686;0.999786 0.00426338 0.0202612 -3.10288 -0.0029383 0.997882 -0.0649854 -3.28845 -0.0204953 0.064912 0.997681 -2.73647 0 0 0 1 
7680147070111;1.47967;1.72635;0.999892 0.010217 0.0105229 -0.813077 -0.00997812 0.999697 -0.0225069 -1.3435 -0.0107497 0.0223994 0.999691 0.302715 0 0 0 1 
7680147070112;1.75011;1.37961;0.996788 0.0042438 -0.0799686 -4.83755 0.0241536 0.936158 0.350748 3.09773 0.0763518 -0.351553 0.933049 12.0861 0 0 0 1 
7680147070113;1.0332;1.46985;0.996443 0.0330632 0.0775182 -3.10583 -0.0284817 0.997823 -0.0594799 -3.399 -0.0793161 0.0570605 0.995215 -6.26637 0 0 0 1 
7680147070114;0.426388;1.53893;0.980986 -0.026164 0.192307 -1.52067 -0.050773 0.921765 0.38441 -0.147687 -0.18732 -0.386865 0.90291 -4.07866 0 0 0 1 
7680147070115;1.70185;2.08838;0.992909 0.0330473 -0.114193 -4.89682 -0.0716424 0.932894 -0.352955 -9.14918 0.0948653 0.358633 0.928646 -2.08578 0 0 0 1 
7680147070116;1.08478;1.15764;0.996626 0.0711661 0.0408928 -4.23408 -0.0525005 0.935697 -0.348877 -5.9363 -0.0630915 0.345553 0.936276 -14.1249 0 0 0 1 
7680147070117;0.562653;1.5446;0.996392 0.0200927 0.0824617 -1.69253 -0.0280243 0.994969 0.0961838 -2.3395 -0.0801142 -0.0981477 0.991942 -2.97615 0 0 0 1 
7680147070118;0.421204;1.54813;0.993329 -0.00318725 -0.11527 -3.13552 -0.00738249 0.99581 -0.0911526 -2.26844 0.115077 0.0913955 0.989143 6.43347 0 0 0 1 
7680147070119;1.56631;1.10634;0.997587 0.0310534 0.0620977 -1.98644 -0.0273396 0.997837 -0.0597874 -3.52293 -0.06382 0.0579454 0.996278 -8.17855 0 0 0 1 
7680147070120;0.829004;2.4059;0.999942 -0.0093033 -0.00542402 -3.60092 0.00820177 0.98431 -0.176259 -3.30709 0.0069787 0.176204 0.984329 -2.15684 0 0 0 1 
7680147070121;0.0967963;1.09041;0.997115 0.0106501 0.0751549 -1.45221 -0.0135304 0.999189 0.0379191 -1.73371 -0.0746901 -0.0388266 0.996451 -4.00543 0 0 0 1 
7680147070122;0.194803;1.57996;0.999835 0.00131238 -0.0181267 -2.42675 -0.00190053 0.999471 -0.0324678 -1.89349 0.0180745 0.0324969 0.999308 1.07095 0 0 0 1 
7680147070124;1.64617;2.608;0.992944 -0.0390652 0.111966 -2.39191 0.0546382 0.988701 -0.139586 5.85454 -0.105248 0.144718 0.983859 -8.97134 0 0 0 1 
7680147070125;1.40625;2.83406;0.997395 -0.0592843 0.041099 -2.57049 0.0594139 0.998232 -0.0019383 7.52721 -0.0409114 0.00437511 0.999153 -5.10801 0 0 0 1 
7680147070126;1.2267;2.48325;0.996175 -0.0851822 -0.0194744 -3.4469 0.0853774 0.996304 0.00941903 9.56373 0.0186001 -0.0110457 0.999766 0.962414 0 0 0 1 
7680147070127;1.9725;2.49546;0.987192 -0.0881267 -0.132989 -2.39934 0.0701121 0.988425 -0.134541 7.71504 0.143307 0.123494 0.981943 7.28788 0 0 0 1 
7680147070128;1.62499;3.2345;0.965324 -0.0992913 -0.241437 -5.51347 0.0988397 0.995005 -0.0140117 9.74272 0.241622 -0.0103377 0.970315 12.6455 0 0 0 1 
7680147070129;0.486275;2.51782;0.998703 -0.0387012 -0.0330987 -1.90983 0.0370285 0.998076 -0.0497385 5.23067 0.03496 0.0484483 0.998214 2.24046 0 0 0 1 
7680147070130;1.63305;3.56993;0.996096 -0.0281659 0.0836593 -2.65727 0.0193137 0.994306 0.104796 5.6609 -0.0861346 -0.102771 0.990969 -4.76487 0 0 0 1 
7680147070131;2.14793;2.65797;0.927072 0.0403059 0.37271 -5.60981 0.0499469 0.97206 -0.229358 6.4737 -0.371541 0.231247 0.899156 -26.0341 0 0 0 1 
7680147070132;1.4581;3.44511;0.995772 -0.0463437 -0.0793121 -3.56536 0.0453492 0.998869 -0.0142957 5.98119 0.0798849 0.0106385 0.996747 2.69295 0 0 0 1 
7680147070133;1.07349;3.82214;0.999213 -0.0334193 -0.0213769 -2.79941 0.0331035 0.99934 -0.014963 5.20125 0.0218628 0.0142435 0.99966 1.06395 0 0 0 1 
7680147070134;1.69636;2.65661;0.993684 -0.0466677 -0.102052 -2.74399 0.0333895 0.991192 -0.128151 4.61742 0.107134 0.123934 0.98649 8.88305 0 0 0 1 
7680147070135;0.51747;3.15324;0.940138 -0.120779 -0.318673 -7.08328 0.117556 0.992631 -0.0294048 11.0644 0.319876 -0.00981737 0.947408 18.9923 0 0 0 1 
7680147070136;0.646267;3.3594;0.918983 -0.137261 -0.369634 -9.31078 0.0844086 0.984204 -0.15562 8.59255 0.385155 0.111812 0.916053 24.9925 0 0 0 1 
7680147070137;2.04694;3.81885;0.993585 -0.0252013 -0.110241 -3.59581 0.0404936 0.989497 0.138763 6.5985 0.105586 -0.142336 0.984171 7.7359 0 0 0 1 
7680147070138;0.720049;2.73469;0.999213 -0.0334509 -0.0212977 -2.07164 0.0311257 0.994353 -0.101455 4.94685 0.0245712 0.100712 0.994612 0.694773 0 0 0 1 
7680147070139;1.74647;2.27636;0.997678 -0.0471232 0.0491727 -2.05741 0.0485166 0.998443 -0.0275381 5.73908 -0.0477985 0.0298598 0.998411 -5.87519 0 0 0 1 
7680147070140;0.663015;3.59022;0.99922 -0.0376149 0.0120183 -2.81616 0.0385199 0.995463 -0.087005 5.68237 -0.0086911 0.0874 0.996135 -1.32583 0 0 0 1 
7680147070141;0.53013;2.8535;0.998516 -0.0504107 0.0205945 -1.6794 0.0506795 0.998634 -0.0127437 6.11037 -0.019924 0.0137685 0.999707 -1.70427 0 0 0 1 
7680147070142;1.96977;2.56927;0.982514 -0.0753138 -0.170276 -5.76139 0.035903 0.97401 -0.223644 5.763 0.182694 0.213619 0.959682 13.2949 0 0 0 1 
7680147070143;0.856847;3.02318;0.981179 -0.0454366 0.187678 -3.71936 0.0133675 0.985573 0.168721 4.92917 -0.192636 -0.163037 0.967631 -13.8326 0 0 0 1 
7680147070144;1.63732;3.11231;0.996261 -0.00302808 0.0863459 -1.83952 0.00170278 0.99988 0.0154183 2.27128 -0.0863822 -0.0152137 0.996146 -7.23377 0 0 0 1 
7680147070145;0.140484;2.4844;0.997793 -0.0642985 0.0165707 -2.02261 0.0644838 0.997859 -0.0109072 7.0089 -0.0158339 0.0119516 0.999803 -1.40426 0 0 0 1 
7680147070146;1.19743;2.78734;0.994269 -0.0925661 -0.053477 -3.42251 0.09327 0.995582 0.0108163 10.0643 0.0522395 -0.0157421 0.99851 1.45359 0 0 0 1 
7680147070147;0.293378;2.6612;0.997083 -0.0114999 0.0754584 -1.84094 0.0186625 0.995311 -0.0949136 3.93396 -0.0740131 0.096045 0.992621 -4.98943 0 0 0 1 
7680147070148;2.08491;2.55923;0.993607 -0.0520053 -0.100201 -1.92535 0.0681362 0.983942 0.164973 7.42147 0.0900129 -0.170745 0.981195 6.94811 0 0 0 1 
7680147070149;2.16398;2.79764;0.987639 -0.0782798 -0.135797 -3.40163 0.0545955 0.983912 -0.170105 7.46566 0.146928 0.160588 0.976024 9.18247 0 0 0 1 
7680147070150;0.570326;3.43002;0.999094 -0.00302856 0.0424453 -2.65526 0.0210919 0.90156 -0.432141 3.06224 -0.0369582 0.432644 0.900807 -1.3326 0 0 0 1 
7680147070151;0.700204;3.08336;0.993517 -0.0712153 -0.0886102 -3.66507 0.0720804 0.997377 0.00659789 8.64961 0.0879079 -0.0129422 0.996045 4.74998 0 0 0 1 
7680147070152;0.196422;2.68803;0.99811 -0.0607363 -0.0093866 -2.17533 0.0605413 0.997969 -0.0198191 6.90012 0.0105713 0.0192133 0.99976 0.343692 0 0 0 1 
7680147070153;0.328459;3.50813;0.999459 -0.026839 -0.0190201 -2.83298 0.0197263 0.951708 -0.306371 4.13166 0.0263242 0.30583 0.951722 2.23882 0 0 0 1 
7680147070155;0.140686;3.74346;0.99936 0.00917025 -0.0345635 5.4857 -0.0105919 0.999096 -0.0411761 0.490507 0.0341547 0.0415159 0.998554 3.67348 0 0 0 1 
7680147070156;0.73666;3.43295;0.999198 -0.0150204 -0.0371154 5.69295 0.0133823 0.998942 -0.0439981 2.56377 0.0377371 0.0434661 0.998342 4.29606 0 0 0 1 
7680147070157;1.89722;4.32816;0.996107 -0.0413749 -0.077839 4.03567 0.0438837 0.998562 0.0307995 7.06196 0.0764527 -0.0340955 0.99649 10.2025 0 0 0 1 
7680147070158;1.79956;3.68069;0.99728 -0.00779774 -0.0732943 5.02469 -0.00725961 0.979162 -0.202951 1.23392 0.0733495 0.202931 0.976442 9.30933 0 0 0 1 
7680147070159;1.65931;4.51555;0.998537 0.00568947 -0.0537738 4.5758 -0.00808856 0.998977 -0.0445027 0.443718 0.0534656 0.0448725 0.997561 4.42999 0 0 0 1 
7680147070160;0.0621527;3.59371;0.999007 0.00530942 -0.0442249 5.17783 -0.00718307 0.999078 -0.0423157 0.571504 0.0439594 0.0425914 0.998125 4.99393 0 0 0 1 
7680147070161;0.430207;3.70249;0.996924 -0.0329855 -0.0710963 5.13774 0.027505 0.996672 -0.0767326 4.46207 0.0733908 0.0745411 0.994514 8.26396 0 0 0 1 
7680147070162;0.473536;3.62856;0.96962 0.0431017 0.24079 2.9513 -0.0436362 0.999043 -0.0031145 -3.34814 -0.240694 -0.00748728 0.970572 -26.8465 0 0 0 1 
7680147070163;0.736349;4.03974;0.992057 0.0211251 0.124001 4.96237 -0.0360215 0.992223 0.119149 -2.4149 -0.12052 -0.122669 0.985103 -13.164 0 0 0 1 
7680147070164;0.540732;3.84964;0.99642 -0.0528445 -0.065985 4.80741 0.0411166 0.984945 -0.16791 5.68187 0.0738647 0.164596 0.983592 9.14158 0 0 0 1 
7680147070165;1.76832;3.82535;0.999449 0.0175094 -0.0281868 5.37616 -0.0188548 0.99866 -0.0481955 -0.579452 0.0273052 0.0487004 0.99844 5.86868 0 0 0 1 
7680147070166;0.877488;3.62557;0.994777 0.0156868 -0.10086 4.88475 -0.0034115 0.992678 0.120745 1.15436 0.102015 -0.11977 0.987546 9.22991 0 0 0 1 
7680147070167;0.355143;3.8578;0.995801 -0.0510741 -0.0759694 4.80207 0.0479953 0.997972 -0.0418156 6.78906 0.077951 0.0379939 0.996233 8.90223 0 0 0 1 
7680147070168;0.458362;3.68117;0.999722 0.0148338 0.0183413 5.94937 -0.0162731 0.996582 0.0809902 0.402274 -0.0170772 -0.0812661 0.996546 -2.61095 0 0 0 1 
7680147070169;1.52541;3.45171;0.959413 -0.0291308 -0.280496 1.46905 0.0473884 0.99716 0.0585284 6.745 0.277995 -0.0694452 0.958069 28.8152 0 0 0 1 
7680147070170;1.71122;4.12502;0.997385 0.0353261 0.0630496 4.99054 -0.0301287 0.996213 -0.0815624 -1.71914 -0.0656921 0.0794495 0.994672 -6.14841 0 0 0 1 
7680147070171;1.73488;2.87902;0.993546 -0.0437745 -0.104646 5.44771 0.0131268 0.96071 -0.277244 2.65371 0.112671 0.274081 0.955084 12.149 0 0 0 1 
7680147070172;1.09968;3.45922;0.999779 0.00411429 -0.0206045 5.97401 -0.0049245 0.99921 -0.0394268 0.385643 0.020426 0.0395195 0.99901 2.50405 0 0 0 1 
7680147070173;0.591876;3.66562;0.960729 0.00360884 -0.277463 -0.0219585 0.00886403 0.999006 0.0436857 2.93904 0.277345 -0.0444296 0.959742 30.3861 0 0 0 1 
7680147070174;1.36958;4.32516;0.998033 -0.050353 0.0373562 5.12419 0.055822 0.984913 -0.163798 6.88515 -0.0285449 0.165561 0.985786 -4.09008 0 0 0 1 
7680147070175;0.533565;3.5434;0.998997 -0.00677248 -0.0442716 5.18617 0.00489142 0.999086 -0.0424602 2.15757 0.0445187 0.042201 0.998117 5.51811 0 0 0 1 
7680147070176;0.79171;3.59778;0.992737 0.0208676 0.118484 5.31609 -0.0070292 0.993221 -0.116032 -0.0159748 -0.120102 0.114357 0.986153 -11.9298 0 0 0 1 
7680147070177;1.74498;4.00554;0.961356 0.0512365 0.2705 2.35169 -0.0219374 0.993662 -0.110248 -2.07809 -0.274434 0.100054 0.956386 -29.8348 0 0 0 1 
7680147070178;1.38005;4.36792;0.995689 -0.0447841 0.0812252 5.04159 0.0551718 0.989909 -0.130523 6.92907 -0.0745602 0.134441 0.988112 -9.12969 0 0 0 1 
7680147070179;1.66284;3.73819;0.998888 0.0303486 0.0360875 6.50467 -0.0309565 0.999386 0.0164074 -2.26621 -0.0355674 -0.0175063 0.999214 -2.80426 0 0 0 1 
7680147070180;1.25183;3.90901;0.969246 0.0290813 -0.244371 1.20793 0.00253721 0.99176 0.128088 1.9678 0.246082 -0.124768 0.961185 24.5203 0 0 0 1 
7680147070181;1.00094;3.84547;0.996927 0.0600311 0.0503342 5.6763 -0.0679969 0.982146 0.175399 -5.54623 -0.0389062 -0.178282 0.98321 -6.20858 0 0 0 1 
7680147070182;1.8528;4.28225;0.979296 0.0745891 0.188192 4.95695 -0.0923403 0.991886 0.0873818 -8.19158 -0.180147 -0.10295 0.978237 -22.901 0 0 0 1 
7680147070183;0.963883;3.762;0.989755 0.0449063 0.135534 6.02688 -0.0659284 0.985736 0.154848 -4.87118 -0.126647 -0.162197 0.978597 -15.5181 0 0 0 1 
7680147070184;0.147928;3.59872;0.998684 -0.00919954 -0.0504616 5.17467 0.00844383 0.999849 -0.0151687 2.30379 0.0505936 0.0147227 0.998611 5.70528 0 0 0 1 
7680147070186;1.27351;4.56891;0.994666 0.0994712 0.0272933 3.36068 -0.0973076 0.992676 -0.0715957 -5.51666 -0.0342151 0.0685579 0.99706 -3.0921 0 0 0 1 
7680147070187;0.700101;4.2319;0.946294 0.0974229 0.30828 -0.988554 -0.152856 0.975033 0.161075 -10.7202 -0.28489 -0.199547 0.93756 -30.8291 0 0 0 1 
7680147070188;1.39118;4.79119;0.996742 0.0613544 0.0523635 4.21593 -0.0630686 0.997504 0.0317358 -1.79374 -0.0502857 -0.0349349 0.998124 -7.60425 0 0 0 1 
7680147070189;1.30828;4.3877;0.963827 0.0212274 -0.265681 0.0470918 0.0764818 0.932873 0.351992 16.5452 0.255318 -0.35958 0.897505 29.519 0 0 0 1 
7680147070190;1.12112;4.88998;0.990051 0.0689244 0.122675 3.62024 -0.106511 0.936799 0.333261 -4.05256 -0.0919519 -0.343011 0.93482 -9.28075 0 0 0 1 
7680147070191;1.94775;3.97792;0.997908 0.0155906 -0.0627447 5.30421 -0.00267001 0.979599 0.200943 6.16191 0.0645975 -0.200355 0.977592 7.72506 0 0 0 1 
7680147070192;1.68036;4.72352;0.987191 0.0203938 0.158232 3.90073 -0.0166116 0.999545 -0.025189 4.24406 -0.158674 0.0222379 0.987081 -17.6546 0 0 0 1 
7680147070193;1.11849;4.3613;0.99872 0.0206349 0.0461893 5.06814 -0.00749534 0.963309 -0.268289 3.56676 -0.0500307 0.267599 0.962231 -7.01642 0 0 0 1 
7680147070194;0.766853;4.95145;0.998377 0.0545932 0.0162451 3.5992 -0.0548975 0.998313 0.018918 -0.662633 -0.0151849 -0.0197791 0.999689 -2.39551 0 0 0 1 
7680147070195;0.416426;4.44769;0.995498 0.0666312 0.0674038 4.06928 -0.0612002 0.994941 -0.079662 -1.85472 -0.0723708 0.0751783 0.99454 -9.24913 0 0 0 1 
7680147070196;0.748225;4.97068;0.997867 0.0586364 0.0286751 3.56348 -0.0607636 0.99494 0.0800075 -0.950286 -0.0238386 -0.0815793 0.996382 -2.17655 0 0 0 1 
7680147070197;0.500793;4.43696;0.996089 0.086858 0.0161704 3.50656 -0.0813242 0.972913 -0.216393 -4.43041 -0.0345278 0.214232 0.976172 -5.85721 0 0 0 1 
7680147070198;0.104802;4.58208;0.999379 0.0319974 0.0147898 4.41395 -0.0333039 0.994559 0.0987086 2.1493 -0.0115509 -0.0991398 0.995006 -0.840042 0 0 0 1 
7680147070199;1.797;4.9105;0.979368 0.0924534 0.179695 2.74206 -0.0850592 0.995198 -0.0484437 -4.73031 -0.183311 0.0321595 0.982529 -23.3171 0 0 0 1 
7680147070200;0.574851;4.50527;0.996908 0.0759469 -0.020154 3.47442 -0.0743664 0.994764 0.0700996 -2.49682 0.0253723 -0.0683841 0.997336 2.38319 0 0 0 1 
7680147070201;1.66238;5.33608;0.972826 -0.0203127 -0.230646 0.881764 0.020856 0.999782 -8.24715e-05 6.60378 0.230598 -0.00473012 0.973038 24.447 0 0 0 1 
7680147070202;0.856075;5.22594;0.998895 0.0328981 0.0335731 4.6334 -0.038273 0.983892 0.174621 1.7825 -0.0272876 -0.175713 0.984063 -1.6436 0 0 0 1 
7680147070203;0.151635;4.53105;0.998847 0.0445956 0.0177493 4.21229 -0.0448449 0.998897 0.0139018 0.653787 -0.0171097 -0.0146818 0.999746 -2.10086 0 0 0 1 
7680147070204;1.87474;5.52754;0.999281 0.0314434 0.0211689 3.7771 -0.031349 0.999497 -0.00477969 1.85532 -0.0213086 0.00411263 0.999764 -1.14917 0 0 0 1 
7680147070205;1.34644;4.06257;0.999471 0.0259925 0.0195378 5.32311 -0.0278286 0.994551 0.100472 3.62599 -0.0168198 -0.100962 0.994748 -1.70685 0 0 0 1 
7680147070206;0.882492;4.55539;0.908509 -0.0573027 -0.413917 -6.55651 0.0156678 0.994528 -0.103293 7.34117 0.417571 0.0873577 0.904435 44.6524 0 0 0 1 
7680147070207;1.16879;5.11606;0.9921 0.100539 0.0750254 2.91793 -0.106004 0.991697 0.0727998 -6.05766 -0.0670833 -0.0801777 0.994521 -6.03749 0 0 0 1 
7680147070208;1.24601;5.07164;0.992978 0.107402 0.0495843 3.26894 -0.112742 0.986134 0.121772 -6.75202 -0.0358183 -0.126507 0.991319 -3.37113 0 0 0 1 
7680147070209;1.20929;4.40232;0.997835 0.0287717 -0.059139 4.60761 -0.00257868 0.915652 0.401964 7.76373 0.0657159 -0.400941 0.913744 8.62681 0 0 0 1 
7680147070210;1.69015;4.06831;0.998482 0.0502972 0.022468 4.56066 -0.0507507 0.998509 0.0200894 1.18601 -0.0214241 -0.0211991 0.999546 -1.01742 0 0 0 1 
7680147070211;0.940014;5.02224;0.989273 0.009496 -0.145768 2.74702 0.0196365 0.980183 0.197119 8.87076 0.144751 -0.197867 0.969482 18.1955 0 0 0 1 
7680147070212;1.74535;4.31372;0.999781 0.0133784 0.0161197 4.64173 -0.0134657 0.999895 0.00532148 4.82423 -0.0160468 -0.00553737 0.999856 -3.13913 0 0 0 1 
7680147070213;0.400202;4.52085;0.998133 0.0461909 0.0399672 4.24523 -0.0478204 0.998021 0.040822 0.545959 -0.0380025 -0.0426571 0.998367 -4.41463 0 0 0 1 
7680147070214;0.315659;4.90105;0.998064 0.0192314 -0.059143 4.53901 -0.0140202 0.996084 0.0872986 4.20174 0.0605902 -0.0863004 0.994425 7.03444 0 0 0 1 
7680147070215;0.611277;4.85252;0.996688 0.040886 0.0702899 4.42389 -0.0433698 0.998474 0.03418 0.597389 -0.0687852 -0.0371153 0.996941 -8.43434 0 0 0 1 
7680147070217;0.89674;4.26891;0.998207 -0.00806029 0.0593043 -5.19141 0.00662036 0.999679 0.0244371 -1.45618 -0.0594822 -0.0240007 0.997941 -2.0227 0 0 0 1 
7680147070218;1.73564;4.25654;0.999868 -0.0110863 0.0118789 -5.82759 0.0110005 0.999913 0.00726404 -0.740682 -0.0119584 -0.00713241 0.999903 1.6598 0 0 0 1 
7680147070219;1.39452;4.39395;0.961638 -0.0672095 -0.265961 -6.60838 0.0426838 0.994374 -0.0969502 -1.11548 0.27098 0.0818788 0.959096 6.226 0 0 0 1 
7680147070220;0.267296;4.20454;0.999827 -0.00923977 -0.016162 -5.27319 0.00198237 0.916047 -0.401067 -2.09241 0.0185109 0.400966 0.915906 4.06131 0 0 0 1 
7680147070221;1.27015;4.96674;0.999728 -0.0123936 0.0197648 -4.68852 0.0074763 0.972735 0.231797 -0.961698 -0.0220987 -0.231587 0.972563 -2.79342 0 0 0 1 
7680147070222;1.97297;3.27455;0.99599 -0.000779971 0.0894564 -5.98397 -0.00253887 0.999313 0.0369802 -1.8525 -0.0894238 -0.0370591 0.995304 -1.00701 0 0 0 1 
7680147070223;1.53331;4.04957;0.99799 -0.00966725 -0.0626375 -5.67847 0.0101624 0.99992 0.007592 -1.80488 0.062559 -0.00821329 0.998007 -0.0508137 0 0 0 1 
7680147070224;2.30376;4.19156;0.912992 -0.106936 -0.393712 -7.31021 0.0638573 0.990599 -0.120976 -0.854991 0.402948 0.0853084 0.911238 4.06185 0 0 0 1 
7680147070225;1.4585;4.67086;0.998518 -0.0340178 -0.0424697 -5.58234 0.0320202 0.998388 -0.0468616 -0.220686 0.0439954 0.0454323 0.997998 2.20799 0 0 0 1 
7680147070226;1.86707;4.45962;0.998562 -0.0129034 -0.0520424 -5.83311 0.0124648 0.999884 -0.00874383 -0.487286 0.0521492 0.00808255 0.998607 2.92675 0 0 0 1 
7680147070227;0.781577;4.53986;0.999815 -0.000903423 -0.019201 -5.14135 0.00107154 0.999961 0.00874693 -1.66615 0.0191923 -0.00876589 0.999777 -0.55844 0 0 0 1 
7680147070228;0.400914;4.39025;0.998442 0.00148686 0.0557737 -5.04178 -0.00349245 0.99935 0.0358792 -1.56224 -0.0556841 -0.0360181 0.997799 -1.02523 0 0 0 1 
7680147070229;0.955663;4.13963;0.999707 -0.0117634 -0.0211415 -5.71158 0.0110242 0.999335 -0.0347451 -0.903568 0.0215362 0.0345019 0.999173 0.957421 0 0 0 1 
7680147070230;0.317185;4.30043;0.980654 -0.0370098 -0.192218 -6.0363 0.0299494 0.99877 -0.0395089 -1.02807 0.193444 0.0329877 0.980557 3.47237 0 0 0 1 
7680147070231;1.12926;4.55016;0.99965 -0.0243972 0.0102638 -5.30052 0.0242275 0.999573 0.0163464 -0.674495 -0.0106582 -0.016092 0.999814 -1.0648 0 0 0 1 
7680147070232;1.51388;4.06165;0.999947 0.00689944 0.00762026 -5.54617 -0.00709409 0.999641 0.0258185 -2.29121 -0.0074394 -0.0258712 0.999638 -1.33041 0 0 0 1 
7680147070233;1.97376;4.07733;0.991378 -0.012658 -0.130421 -6.33643 0.054877 0.943939 0.325528 -0.279607 0.118988 -0.329878 0.936495 -2.47792 0 0 0 1 
7680147070234;1.9935;4.48396;0.999725 -0.00593736 -0.022681 -5.17829 0.00392367 0.996129 -0.0878174 -1.73572 0.0231146 0.0877043 0.995878 -1.1607 0 0 0 1 
7680147070235;1.53051;4.49006;0.98745 -0.0277061 -0.155483 -5.55487 0.027081 0.999614 -0.00613742 -1.38802 0.155593 0.00184976 0.987819 1.06281 0 0 0 1 
7680147070236;0.104269;4.36154;0.999843 -0.00949727 0.0149615 -5.34424 0.00933907 0.9999 0.0106084 -1.26063 -0.0150607 -0.010467 0.999832 -0.148066 0 0 0 1 
7680147070237;2.06657;3.39923;0.997743 -0.0220414 -0.0634353 -6.47206 0.0110113 0.985514 -0.169238 -1.1143 0.0662466 0.168157 0.983532 4.0467 0 0 0 1 
7680147070238;1.4657;4.80472;0.91607 0.0141717 0.400767 -5.17303 -0.119874 0.963358 0.23994 -3.42087 -0.382682 -0.267844 0.884203 -8.72771 0 0 0 1 
7680147070239;0.672786;4.25883;0.992601 0.0111554 0.120906 -4.91603 -0.0203564 0.996966 0.0751344 -1.56839 -0.119701 -0.0770397 0.989816 -1.81043 0 0 0 1 
7680147070240;1.69401;4.55436;0.998823 0.00399237 0.0483358 -5.2407 -0.00809939 0.996342 0.0850735 -0.912876 -0.0478193 -0.0853649 0.995202 0.507481 0 0 0 1 
7680147070241;1.89764;4.65418;0.995592 -0.0303104 -0.0887602 -5.52586 0.0491282 0.974662 0.218219 -1.35431 0.0798969 -0.221618 0.971855 -2.98828 0 0 0 1 
7680147070242;1.04234;3.99524;0.998076 -0.00415336 -0.0618664 -5.75157 0.00495545 0.999906 0.012817 -1.06544 0.0618073 -0.0130989 0.998002 1.60692 0 0 0 1 
7680147070243;1.63774;3.60522;0.969967 0.011932 0.242942 -5.68253 -0.0227678 0.998865 0.0418434 -2.25879 -0.242167 -0.046118 0.969138 -3.94911 0 0 0 1 
7680147070244;2.23994;4.83048;0.996562 0.0105302 -0.0821786 -5.06677 0.00789633 0.975303 0.22073 -1.3833 0.0824733 -0.22062 0.971867 1.36971 0 0 0 1 
7680147070245;0.410551;4.33376;0.999723 -0.0153486 -0.0178493 -5.3631 0.0155468 0.999818 0.0110217 -1.12764 0.0176769 -0.0112961 0.99978 -0.239481 0 0 0 1 
7680147070246;0.921508;4.47239;0.994765 -0.0302866 -0.0976016 -5.68458 0.0261009 0.998696 -0.0438809 -1.01797 0.0988033 0.0411037 0.994258 0.842219 0 0 0 1 
7680147070248;1.50847;2.45158;0.977922 0.037283 -0.205619 2.48743 0.0265692 0.953788 0.299305 6.21309 0.207276 -0.29816 0.931739 21.5346 0 0 0 1 
7680147070249;1.33018;2.43308;0.99306 0.0933547 0.0715313 4.62447 -0.093595 0.99561 7.55561e-06 -5.16595 -0.0712166 -0.00670248 0.997438 -5.35937 0 0 0 1 
7680147070250;0.124558;2.54074;0.995059 0.0951739 0.0282589 3.21503 -0.0950114 0.995451 -0.00704187 -5.88036 -0.0288005 0.00432216 0.999576 -3.32343 0 0 0 1 
7680147070251;0.53556;2.84753;0.977002 0.108377 0.183635 2.26741 -0.126246 0.988039 0.0885536 -8.47401 -0.171841 -0.1097 0.978998 -14.7114 0 0 0 1 
7680147070252;1.1295;2.73174;0.975577 0.176478 0.13079 1.46105 -0.165522 0.982049 -0.0904554 -12.1034 -0.144406 0.0665976 0.987275 -11.9668 0 0 0 1 
7680147070253;0.578449;2.42833;0.996745 0.0670459 -0.0447706 3.44259 -0.0672843 0.997726 -0.0038373 -3.20559 0.0444115 0.00683717 0.99899 3.9409 0 0 0 1 
7680147070254;1.15198;2.21587;0.998046 0.0582515 0.0226132 4.42176 -0.0581464 0.998294 -0.00527574 -2.27395 -0.022882 0.00395055 0.99973 -4.09333 0 0 0 1 
7680147070255;0.370863;2.54445;0.989178 0.109119 0.0980791 2.63574 -0.142793 0.869595 0.472668 -7.53248 -0.0337123 -0.481558 0.875766 0.390301 0 0 0 1 
7680147070256;1.32328;2.53694;0.958356 0.173994 0.226452 -0.914558 -0.121409 0.965969 -0.228393 -8.45892 -0.258485 0.191388 0.946867 -27.7841 0 0 0 1 
7680147070257;0.807316;2.8029;0.975454 -0.00994422 -0.219979 2.54766 -0.03639 0.977965 -0.205574 -0.695795 0.217176 0.208533 0.953598 17.6223 0 0 0 1 
7680147070258;0.260139;2.48139;0.943609 0.193356 0.268731 -1.70184 -0.151753 0.97404 -0.16798 -11.2888 -0.294234 0.117727 0.948455 -28.3172 0 0 0 1 
7680147070259;0.965988;2.53968;0.985535 0.0616838 0.157848 3.43957 -0.0704719 0.996225 0.0506914 -3.67962 -0.154125 -0.061082 0.986161 -13.9114 0 0 0 1 
7680147070260;0.831214;2.36376;0.996589 0.082509 0.00159999 3.75833 -0.0817698 0.984673 0.154052 -3.33401 0.0111352 -0.153658 0.988061 1.52512 0 0 0 1 
7680147070261;1.06706;2.45047;0.981212 0.114588 0.155218 2.03388 -0.0715103 0.963218 -0.259031 -4.08858 -0.17919 0.243064 0.953316 -20.6033 0 0 0 1 
7680147070262;1.52451;2.75684;0.983654 0.101734 0.148576 3.28883 -0.102658 0.994716 -0.00146114 -7.75598 -0.147939 -0.0138151 0.9889 -15.4229 0 0 0 1 
7680147070263;1.15131;2.76584;0.990311 0.126325 0.0576701 1.95153 -0.124376 0.991573 -0.0362356 -9.19488 -0.0617616 0.0287117 0.997678 -8.2973 0 0 0 1 
7680147070264;1.15529;2.65012;0.990825 0.133008 0.023967 2.11048 -0.132751 0.991077 -0.0119864 -9.13495 -0.0253474 0.00869478 0.999641 -0.740475 0 0 0 1 
7680147070265;0.426203;2.51253;0.963412 0.048373 0.263625 1.48474 -0.0902193 0.98471 0.149018 -4.95857 -0.252386 -0.16735 0.953045 -21.8057 0 0 0 1 
7680147070266;1.20758;2.6895;0.994706 0.0969615 0.0340469 2.51402 -0.101236 0.981509 0.162456 -4.58099 -0.0176653 -0.165043 0.986128 -0.507421 0 0 0 1 
7680147070267;1.05989;2.79948;0.990924 0.0727347 0.113041 4.85001 -0.0930428 0.97808 0.186286 -5.0436 -0.0970139 -0.195113 0.975971 -7.23223 0 0 0 1 
