#;prob_registration_l1 -r ../../../../build/tester /home/point_clouds_registration_benchmark/gazebo_summer_local.txt /home/point_clouds_registration_benchmark/gazebo_summer -s 0.2 -t 0.2 -p 0.3 -r 1000 -m 10 -i 40 
id;initial_error;final_error;transformation
36535719080000;0.0805842;0.167434;0.998452 -0.0222947 0.050956 -0.403809 0.0171027 0.994826 0.100148 -0.0906309 -0.0529251 -0.0991213 0.993667 0.00814517 0 0 0 1 
36535719080001;0.11249;0.160576;0.984784 0.00456565 0.173724 -0.545866 0.00610338 0.998129 -0.0608299 0.0455285 -0.173677 0.0609646 0.982914 0.181207 0 0 0 1 
36535719080002;0.259114;0.180566;0.990484 0.0178058 0.136469 -0.216452 -0.0432373 0.981648 0.185733 -0.453635 -0.130657 -0.189866 0.973077 0.0688141 0 0 0 1 
36535719080003;0.441289;0.722935;0.975191 -0.0631997 0.212152 -1.35357 0.079884 0.994272 -0.0710076 -0.616608 -0.206449 0.0861936 0.974653 -0.209243 0 0 0 1 
36535719080004;0.424931;0.762879;0.945938 -0.043172 0.321463 -1.70778 0.0723508 0.994216 -0.0793782 -0.579912 -0.316176 0.0983449 0.943589 -0.183442 0 0 0 1 
36535719080005;0.508351;0.217322;0.982624 -0.117518 0.143663 0.00807225 0.163055 0.916348 -0.365677 0.761367 -0.0886712 0.382748 0.919587 -0.414444 0 0 0 1 
36535719080006;0.482532;0.443012;0.983624 0.074008 -0.164339 -1.11677 -0.0983131 0.984525 -0.145068 0.532697 0.15106 0.158849 0.975678 -1.49161 0 0 0 1 
36535719080007;0.407429;0.399643;0.968562 -0.247397 0.0261409 -1.00622 0.246042 0.937089 -0.247643 -0.665428 0.0367698 0.24629 0.968499 -1.2221 0 0 0 1 
36535719080008;0.494873;0.49162;0.987463 0.0336419 0.154226 -1.43843 0.0176762 0.947314 -0.319817 0.447191 -0.156859 0.318534 0.934843 -0.718738 0 0 0 1 
36535719080009;0.260051;0.160079;0.984954 -0.0969048 0.143091 -0.486167 0.0900256 0.994485 0.0538075 -0.77887 -0.147516 -0.0401161 0.988246 -0.326696 0 0 0 1 
36535719080010;0.367096;0.274567;0.977665 -0.14576 0.151411 -0.0606419 0.151877 0.987956 -0.0295888 -0.186583 -0.145274 0.0519237 0.988028 0.680066 0 0 0 1 
36535719080011;0.379627;0.345809;0.970223 -0.170639 0.171902 -0.734982 0.161184 0.984604 0.0676375 0.220333 -0.180797 -0.0379155 0.982789 -0.297359 0 0 0 1 
36535719080012;0.1676;0.156219;0.998942 0.0246328 0.0388231 -0.60259 -0.0252999 0.999539 0.016787 0.204641 -0.0383917 -0.0177515 0.999105 -0.540548 0 0 0 1 
36535719080013;0.445602;0.614182;0.961404 -0.137363 0.2384 -0.721437 0.134321 0.990512 0.0290396 -0.649475 -0.240127 0.00410342 0.970733 0.235999 0 0 0 1 
36535719080014;0.45281;0.541138;0.995307 0.0958374 -0.0134131 -1.62619 -0.0961932 0.99494 -0.0290206 0.363096 0.010564 0.0301747 0.999489 -0.129507 0 0 0 1 
36535719080015;0.366192;0.51293;0.997387 0.0603845 0.0396598 -1.65479 -0.0611275 0.997971 0.0177967 0.187897 -0.0385047 -0.0201745 0.999055 0.0518859 0 0 0 1 
36535719080016;0.0775968;0.15338;0.991501 -0.00976153 0.12973 -0.525627 0.00326426 0.998734 0.0502016 0.0119723 -0.130056 -0.0493515 0.990278 0.126869 0 0 0 1 
36535719080017;0.294515;0.16083;0.955169 0.0599802 0.28992 -0.603686 0.0221029 0.962083 -0.271861 0.229335 -0.295234 0.266081 0.917626 0.191554 0 0 0 1 
36535719080018;0.425335;0.521411;0.99947 0.0299723 -0.0127312 -1.16245 -0.0309526 0.995861 -0.0854541 -0.0505368 0.0101172 0.0858028 0.996261 -0.708532 0 0 0 1 
36535719080019;0.389784;0.556334;0.995983 0.0155465 -0.0881848 -1.1756 -0.0228572 0.996328 -0.0825078 0.119341 0.0865783 0.084192 0.992681 -0.626338 0 0 0 1 
36535719080020;0.317608;0.178979;0.989523 0.136792 -0.0461792 -0.607313 -0.133695 0.988917 0.0645743 0.808594 0.0545006 -0.0577238 0.996844 -0.0354571 0 0 0 1 
36535719080021;0.423824;0.591895;0.937549 -0.147466 0.315049 -1.21617 0.253616 0.909656 -0.328945 -0.308517 -0.238078 0.388304 0.890247 -0.0368317 0 0 0 1 
36535719080022;0.154215;0.136888;0.99945 0.00446263 0.0328581 -0.704601 -0.00499691 0.999856 0.016196 -0.0561288 -0.0327811 -0.0163512 0.999329 -0.372939 0 0 0 1 
36535719080023;0.35143;0.17988;0.979066 -0.00521959 -0.203478 -0.446904 0.0269918 0.994172 0.104373 0.178155 0.201747 -0.10768 0.9735 0.256715 0 0 0 1 
36535719080024;0.34005;0.17533;0.965327 -0.233409 -0.116897 -0.0526548 0.179639 0.918877 -0.351276 -0.258259 0.189405 0.318097 0.928946 -1.11996 0 0 0 1 
36535719080025;0.273677;0.193704;0.995575 0.0593706 -0.072841 -0.619251 -0.0448738 0.981412 0.186595 0.457802 0.0825652 -0.182501 0.979733 -0.0195117 0 0 0 1 
36535719080026;0.254446;0.214922;0.997828 -0.0274872 0.0598588 -0.0883878 0.0269132 0.999584 0.0103738 0.426389 -0.0601191 -0.00874031 0.998153 -0.0850576 0 0 0 1 
36535719080027;0.274443;0.209762;0.985583 0.139027 0.0964275 -0.981244 -0.139832 0.990174 0.00160725 0.269204 -0.0952565 -0.0150677 0.995339 -0.0109411 0 0 0 1 
36535719080028;0.110223;0.146664;0.990109 -0.0352231 0.135808 -0.529633 0.0431078 0.997524 -0.0555605 -0.172917 -0.133515 0.0608653 0.989176 0.00446062 0 0 0 1 
36535719080029;0.464721;0.834875;0.967133 -0.0586911 0.247403 -1.87626 0.0650183 0.997731 -0.0174751 -0.750888 -0.245816 0.0329864 0.968755 -0.376883 0 0 0 1 
36535719080031;0.562593;1.76919;0.979405 0.134921 0.150207 -2.85539 -0.125489 0.989577 -0.0706367 0.728296 -0.158172 0.0503325 0.986128 -0.236125 0 0 0 1 
36535719080032;0.49885;1.24042;0.998654 -0.0315754 -0.0411516 -1.97973 0.0345974 0.996589 0.0749204 0.588347 0.0386456 -0.0762432 0.99634 -0.509061 0 0 0 1 
36535719080033;0.471869;1.7788;0.947026 0.280291 0.156778 -3.09727 -0.316282 0.898711 0.303783 1.11074 -0.055751 -0.337276 0.939753 0.483127 0 0 0 1 
36535719080034;0.28376;1.74337;0.915674 0.383518 -0.120226 -2.92458 -0.361473 0.916597 0.170841 1.31324 0.17572 -0.112976 0.977936 -1.10885 0 0 0 1 
36535719080035;0.587922;1.76086;0.991115 -0.0426893 0.125974 -3.1745 0.0528077 0.995545 -0.0781063 0.0140167 -0.122078 0.0840647 0.988954 -0.857856 0 0 0 1 
36535719080036;0.406933;1.6012;0.969094 0.217919 0.115624 -3.01206 -0.213968 0.975771 -0.0457008 0.761859 -0.122782 0.0195484 0.992241 0.477157 0 0 0 1 
36535719080037;0.0919718;1.65465;0.938207 0.287689 0.192359 -2.98405 -0.28105 0.957717 -0.0615576 0.600973 -0.201935 0.0036912 0.979392 0.142115 0 0 0 1 
36535719080038;0.581548;1.63233;0.981803 0.084788 0.169924 -3.66482 -0.0882267 0.996019 0.0127748 0.607432 -0.168164 -0.0275341 0.985374 0.749187 0 0 0 1 
36535719080039;0.434512;1.6383;0.923328 0.348171 0.161996 -3.30517 -0.334662 0.936448 -0.105197 1.55779 -0.188327 0.0429178 0.981168 -0.462386 0 0 0 1 
36535719080040;0.566995;1.72319;0.926807 0.0886806 0.364917 -2.36392 -0.125453 0.989007 0.078278 0.462978 -0.353963 -0.118328 0.927744 0.411322 0 0 0 1 
36535719080041;0.142283;1.76391;0.915966 0.366485 0.163384 -2.96272 -0.361999 0.930401 -0.057534 1.16675 -0.173098 -0.00644565 0.984883 -0.123296 0 0 0 1 
36535719080042;0.307724;1.60077;0.984156 0.177233 -0.0050205 -2.94246 -0.172434 0.950149 -0.259776 0.564245 -0.0412708 0.256526 0.965656 -0.14138 0 0 0 1 
36535719080043;0.210302;1.62574;0.954661 0.156526 0.253222 -2.95445 -0.19154 0.974125 0.119972 0.790439 -0.227891 -0.163034 0.95994 0.447505 0 0 0 1 
36535719080044;0.594242;1.59705;0.997805 0.0327291 0.0575611 -2.71024 -0.0402148 0.990149 0.134115 -0.209972 -0.0526046 -0.136136 0.989293 0.327996 0 0 0 1 
36535719080045;0.55307;1.63898;0.886164 0.450647 0.10785 -3.2798 -0.425377 0.883461 -0.196346 2.23193 -0.183764 0.128118 0.974585 0.503935 0 0 0 1 
36535719080046;0.383937;1.6833;0.916659 0.382027 0.117439 -3.10698 -0.371963 0.922951 -0.0990196 1.88999 -0.146219 0.0470841 0.988131 -0.425788 0 0 0 1 
36535719080047;0.507113;1.67023;0.960846 0.245017 0.129388 -2.68478 -0.239456 0.969223 -0.0571664 0.37033 -0.139412 0.0239455 0.989945 0.693971 0 0 0 1 
36535719080048;0.299943;1.64325;0.960845 0.139923 0.239163 -2.95474 -0.0455049 0.931096 -0.361923 0.544957 -0.273325 0.336869 0.901006 0.360569 0 0 0 1 
36535719080049;0.398366;1.71527;0.975154 -0.0110398 0.221252 -2.99699 -0.0466387 0.966141 0.253765 0.130899 -0.216562 -0.257779 0.941622 0.487651 0 0 0 1 
36535719080050;0.499825;1.68456;0.911226 0.319828 -0.259571 -2.92323 -0.304926 0.947431 0.0969244 1.5232 0.276925 -0.00917007 0.960848 -1.99333 0 0 0 1 
36535719080051;0.440086;1.79737;0.986366 -0.0626679 0.152167 -3.14537 0.0799101 0.990717 -0.109974 -0.10955 -0.143863 0.120634 0.982217 -0.35594 0 0 0 1 
36535719080052;0.307637;1.61708;0.969764 0.137167 0.20185 -3.03676 -0.17937 0.961454 0.208404 0.633932 -0.165483 -0.238308 0.956987 0.290687 0 0 0 1 
36535719080053;0.461332;1.80212;0.946468 -0.00721423 0.322716 -2.9096 0.00658717 0.999974 0.00303515 0.0882309 -0.322729 -0.000746888 0.946491 1.04525 0 0 0 1 
36535719080054;0.521749;1.86101;0.898293 0.236906 0.370062 -3.09549 -0.263457 0.964417 0.0221204 1.67143 -0.351654 -0.117366 0.928744 0.73643 0 0 0 1 
36535719080055;0.319357;1.63888;0.963588 0.0167367 0.266867 -2.78873 0.0169836 0.992193 -0.123549 0.257948 -0.266852 0.123583 0.955781 0.239848 0 0 0 1 
36535719080056;0.611624;1.81872;0.975921 -0.0437614 0.21369 -3.33861 0.0718117 0.989514 -0.125322 0.152949 -0.205965 0.13765 0.96883 -0.610885 0 0 0 1 
36535719080057;0.403587;1.58766;0.938295 0.345835 -0.000880058 -2.9222 -0.342774 0.929645 -0.13515 0.712782 -0.0459214 0.127112 0.990825 -0.541046 0 0 0 1 
36535719080058;0.354702;1.54926;0.957711 0.0847576 0.274967 -2.55836 -0.0365822 0.983742 -0.175819 0.414993 -0.285398 0.158325 0.945241 0.0197371 0 0 0 1 
36535719080059;0.377989;1.667;0.879539 0.453575 0.143806 -2.93989 -0.413067 0.877845 -0.242413 1.8206 -0.236192 0.15381 0.959456 -0.284487 0 0 0 1 
36535719080060;0.383603;1.49521;0.963558 0.249927 0.0953583 -2.86738 -0.257074 0.963721 0.0717931 1.19567 -0.0739558 -0.0936909 0.992851 -0.3853 0 0 0 1 
36535719080062;0.362158;0.511731;0.99904 0.0198465 0.0390574 -0.713989 -0.0277953 0.976239 0.214906 -1.55313 -0.0338642 -0.215786 0.975853 -0.985535 0 0 0 1 
36535719080063;0.299523;0.537272;0.989997 -0.115746 0.080676 -0.440392 0.0974054 0.974391 0.202669 -1.88019 -0.102068 -0.192784 0.975918 -0.686865 0 0 0 1 
36535719080064;0.461382;0.524334;0.994929 -0.10002 -0.0106238 -0.210167 0.0974911 0.984941 -0.142782 -1.19612 0.0247449 0.141023 0.989697 -1.58246 0 0 0 1 
36535719080065;0.4807;0.795264;0.971265 0.0634333 0.229393 -0.761079 -0.11522 0.968674 0.219986 -2.29618 -0.208253 -0.240096 0.948148 1.02284 0 0 0 1 
36535719080066;0.231893;0.412073;0.986715 -0.117487 0.112203 -0.012126 0.0925728 0.974172 0.20596 -1.85389 -0.133503 -0.192837 0.972106 0.387006 0 0 0 1 
36535719080067;0.276753;0.669511;0.999595 -0.0167101 -0.0230234 -0.407209 0.0275336 0.771836 0.635225 -2.39919 0.00715562 -0.635602 0.771984 0.467615 0 0 0 1 
36535719080068;0.41506;0.774198;0.985587 -0.132984 0.104564 -0.259657 0.112773 0.977209 0.179845 -2.56806 -0.126097 -0.165461 0.978122 -0.722728 0 0 0 1 
36535719080069;0.168667;0.369485;0.996556 -0.029005 0.077689 -0.422711 0.00698643 0.962872 0.269867 -1.38751 -0.0826321 -0.268395 0.959758 0.401748 0 0 0 1 
36535719080070;0.366766;0.870903;0.972086 -0.0196494 -0.233802 -0.00538276 0.128063 0.879396 0.458544 -3.48716 0.196594 -0.475685 0.857365 -0.802876 0 0 0 1 
36535719080071;0.314881;0.504466;0.992132 -0.12494 0.0079858 -0.765271 0.124224 0.990363 0.0612303 -1.36096 -0.0155589 -0.0597565 0.998092 -0.0501332 0 0 0 1 
36535719080072;0.205179;0.495541;0.994865 -0.0774826 0.0651229 -0.232318 0.0641624 0.9804 0.186278 -1.29562 -0.0782798 -0.181143 0.980336 0.317703 0 0 0 1 
36535719080073;0.364246;0.662869;0.931557 -0.193815 0.307632 -0.708671 0.040606 0.896247 0.441693 -2.50456 -0.361321 -0.398971 0.842775 1.11174 0 0 0 1 
36535719080074;0.343501;0.944007;0.997314 0.0117172 0.0722963 -0.46299 -0.0381875 0.925511 0.37679 -3.15936 -0.0624961 -0.378539 0.923473 0.251501 0 0 0 1 
36535719080075;0.45993;0.932553;0.991925 0.0128817 -0.126169 0.0311722 -0.0136663 0.999892 -0.00535495 -2.14054 0.126086 0.00703597 0.991994 -1.04043 0 0 0 1 
36535719080076;0.347563;0.715498;0.999643 0.0192953 -0.0184922 -0.17664 -0.0082201 0.880359 0.474236 -2.62569 0.0254304 -0.473915 0.880203 0.307502 0 0 0 1 
36535719080077;0.245685;0.724593;0.982563 -0.0115408 -0.185571 -0.274584 0.0845651 0.916604 0.390751 -2.40073 0.165586 -0.39963 0.901597 -0.242384 0 0 0 1 
36535719080078;0.322722;0.413124;0.998984 0.0411518 0.0183577 -0.924597 -0.04451 0.964675 0.259656 -1.02445 -0.00702386 -0.26021 0.965527 -0.845736 0 0 0 1 
36535719080079;0.340882;0.884506;0.998543 -0.00528169 0.0536958 -0.430569 -0.0160754 0.920876 0.389523 -3.11335 -0.0515045 -0.389819 0.91945 -0.241373 0 0 0 1 
36535719080080;0.326117;0.930024;0.987644 -0.123046 0.0970564 -0.218101 0.0674463 0.892749 0.445477 -2.432 -0.141461 -0.433426 0.890017 0.980444 0 0 0 1 
36535719080081;0.410409;0.82646;0.983131 -0.161749 0.0853893 -0.905844 0.144627 0.973264 0.17844 -2.70966 -0.111969 -0.16308 0.980239 -0.647233 0 0 0 1 
36535719080082;0.216435;0.458376;0.999896 0.0143868 -0.00121245 -0.101457 -0.013562 0.964725 0.262911 -0.88348 0.00495214 -0.262867 0.964819 0.154642 0 0 0 1 
36535719080083;0.161862;0.571806;0.999594 0.00081797 0.0284811 -0.559002 -0.0108184 0.935629 0.352819 -1.67004 -0.0263591 -0.352984 0.935258 -0.235517 0 0 0 1 
36535719080084;0.439577;1.08671;0.981614 -0.178741 0.0669718 -0.458106 0.161169 0.964131 0.210891 -3.87167 -0.102264 -0.19622 0.975213 0.214566 0 0 0 1 
36535719080085;0.124875;0.469351;0.995934 0.0147078 0.0888772 -0.445316 -0.0449467 0.93614 0.348744 -1.26363 -0.0780722 -0.351321 0.932994 0.0990622 0 0 0 1 
36535719080086;0.392366;0.706657;0.972314 -0.0404737 -0.230148 0.174111 0.124696 0.922809 0.364521 -2.16414 0.197629 -0.383127 0.902306 -1.0728 0 0 0 1 
36535719080087;0.41425;0.840557;0.998561 -0.0526704 0.0100441 -0.470308 0.0423716 0.889915 0.454153 -2.64366 -0.0328588 -0.453074 0.890867 -0.526446 0 0 0 1 
36535719080088;0.317089;0.6077;0.990642 -0.0128539 0.135883 -0.709733 -0.0405982 0.922745 0.383266 -2.06732 -0.130312 -0.385195 0.913588 -0.412477 0 0 0 1 
36535719080089;0.0976208;0.411032;0.999627 -0.0258132 0.00890906 -0.192586 0.0238466 0.98414 0.175783 -1.1819 -0.0133053 -0.175505 0.984389 -0.0232244 0 0 0 1 
36535719080090;0.312576;0.380034;0.998995 -0.0115473 -0.0433104 0.0800991 0.0185584 0.986093 0.165158 -1.69005 0.0408009 -0.165795 0.985316 -0.00763833 0 0 0 1 
36535719080091;0.378116;0.694973;0.93868 -0.162516 0.304085 -0.363671 0.139379 0.98553 0.0964624 -2.16951 -0.315362 -0.0481644 0.947748 0.349551 0 0 0 1 
36535719080093;0.290482;0.336032;0.988547 -0.0484415 -0.142925 0.214098 0.0376099 0.99628 -0.0775381 -0.370209 0.146149 0.0712747 0.986692 -0.634616 0 0 0 1 
36535719080094;0.395592;0.900583;0.991253 0.131787 0.0070684 1.27831 -0.131548 0.990929 -0.0274643 -0.508421 -0.0106237 0.0262942 0.999598 -0.129837 0 0 0 1 
36535719080095;0.347587;0.405954;0.919181 0.0947417 -0.38227 0.31006 -0.048501 0.990476 0.128857 -0.787604 0.390837 -0.0999027 0.915022 -1.47692 0 0 0 1 
36535719080096;0.508705;0.933688;0.883921 0.328169 0.333149 1.92143 -0.359098 0.932679 0.0340319 0.654875 -0.299553 -0.149715 0.94226 1.92213 0 0 0 1 
36535719080097;0.390373;0.870204;0.960494 0.19807 0.1955 1.29281 -0.137465 0.948453 -0.285553 -0.047865 -0.241982 0.247397 0.938211 0.875289 0 0 0 1 
36535719080098;0.177167;0.234061;0.967953 -0.0307527 0.249242 -0.0684343 0.0234354 0.999204 0.0322734 -0.459749 -0.250037 -0.025398 0.967903 0.553475 0 0 0 1 
36535719080099;0.46993;0.913424;0.947292 0.281179 0.153544 1.65297 -0.315657 0.901085 0.297333 -0.0193016 -0.0547524 -0.330129 0.942347 -0.148169 0 0 0 1 
36535719080100;0.314307;0.168152;0.998498 -0.041376 -0.035908 -0.252459 0.0467063 0.985484 0.163217 -0.869353 0.0286335 -0.164649 0.985936 -0.704405 0 0 0 1 
36535719080101;0.365934;1.38206;0.969911 -0.23901 -0.0463419 1.10212 0.242927 0.962686 0.119259 -3.40043 0.0161088 -0.126928 0.991781 0.188156 0 0 0 1 
36535719080102;0.240105;0.227991;0.983563 -0.17609 0.0399602 -0.140505 0.176177 0.984358 0.00135262 -1.06408 -0.0395733 0.00570967 0.9992 -0.447025 0 0 0 1 
36535719080103;0.352767;0.148546;0.998077 0.0365959 0.0500359 0.000635007 -0.0393431 0.997707 0.0550695 -0.408302 -0.0479058 -0.0569322 0.997228 0.479733 0 0 0 1 
36535719080104;0.495293;0.744493;0.892875 -0.0612834 -0.446116 -0.0799056 0.0995699 0.993043 0.0628679 -1.58214 0.439159 -0.100553 0.892764 -1.59931 0 0 0 1 
36535719080105;0.433787;0.250726;0.998866 -0.0394388 0.026682 -0.0587051 0.0388608 0.999006 0.0218464 -0.519324 -0.0275171 -0.0207847 0.999405 0.717645 0 0 0 1 
36535719080106;0.129754;0.221035;0.99687 -0.0456358 0.0645607 0.00171481 0.0377659 0.992264 0.118263 -0.483449 -0.0694583 -0.115455 0.990881 -0.0352347 0 0 0 1 
36535719080107;0.262145;0.496074;0.994856 0.0759573 -0.0670276 -0.0577032 -0.0757154 0.997111 0.00614599 -0.48601 0.0673008 -0.00103935 0.997732 -0.637456 0 0 0 1 
36535719080108;0.397924;1.41791;0.958276 -0.281084 -0.0519442 0.552342 0.284415 0.919467 0.271457 -3.80892 -0.0285413 -0.274904 0.961048 0.229466 0 0 0 1 
36535719080109;0.398301;1.37696;0.933598 -0.228831 0.275739 0.983312 0.179537 0.964692 0.192707 -3.09687 -0.3101 -0.130406 0.941718 1.34678 0 0 0 1 
36535719080110;0.208018;0.202903;0.995873 0.0886757 -0.0193471 -0.065362 -0.0873859 0.99439 0.0595977 -0.206159 0.0245235 -0.0576611 0.998035 -0.508283 0 0 0 1 
36535719080111;0.465339;0.983088;0.924171 0.329448 0.19332 1.78388 -0.288357 0.933632 -0.212557 0.965364 -0.250516 0.140694 0.957835 1.25417 0 0 0 1 
36535719080112;0.541337;0.648305;0.94892 0.119759 -0.291906 0.959275 -0.0911565 0.989771 0.109741 -0.620929 0.302063 -0.077526 0.95013 -1.41405 0 0 0 1 
36535719080113;0.28814;0.335249;0.998949 -0.0397827 -0.0227493 -0.106713 0.0406393 0.998431 0.0385201 -0.212465 0.0211812 -0.0394042 0.998999 -0.214846 0 0 0 1 
36535719080114;0.343577;0.92239;0.964037 0.26363 0.0336335 1.58542 -0.263214 0.964599 -0.0163245 0.056087 -0.0367465 0.00688463 0.999301 0.427042 0 0 0 1 
36535719080115;0.500998;1.27468;0.991948 -0.126302 -0.00937956 0.893 0.126648 0.988816 0.0787643 -2.26722 -0.000673422 -0.0793179 0.996849 -0.0320149 0 0 0 1 
36535719080116;0.41433;0.97046;0.890894 0.306953 0.334795 2.03409 -0.362987 0.924222 0.118553 0.344498 -0.273035 -0.227144 0.934804 1.51287 0 0 0 1 
36535719080117;0.508343;0.24341;0.995608 -0.0847627 0.03975 -0.063096 0.0745427 0.9746 0.211182 -0.560283 -0.0566407 -0.207291 0.976638 0.99585 0 0 0 1 
36535719080118;0.0642213;0.183129;0.998812 0.0333253 -0.035545 -0.12327 -0.0326995 0.999302 0.0180441 -0.0793969 0.0361215 -0.0168603 0.999205 -0.405813 0 0 0 1 
36535719080119;0.384568;1.35522;0.969556 -0.232477 0.0769142 0.924268 0.207658 0.94706 0.24486 -3.23709 -0.129767 -0.221434 0.966503 0.51633 0 0 0 1 
36535719080120;0.113108;0.178051;0.997645 -0.0684888 -0.0036841 -0.0159601 0.0685844 0.995625 0.0634532 -0.615515 -0.00067785 -0.0635564 0.997978 -0.0518993 0 0 0 1 
36535719080121;0.423482;0.23576;0.979091 0.178329 -0.0978796 0.251306 -0.123167 0.902614 0.412454 -0.40257 0.1619 -0.391774 0.905705 -0.615238 0 0 0 1 
36535719080122;0.427092;0.157143;0.965821 -0.255417 0.0441902 0.155763 0.248037 0.960171 0.128648 -1.84956 -0.0752891 -0.11329 0.990705 0.488535 0 0 0 1 
36535719080124;0.190705;0.753548;0.940254 0.339199 0.0294283 1.22228 -0.339987 0.940015 0.0279256 1.53703 -0.0181907 -0.0362625 0.999177 0.189543 0 0 0 1 
36535719080125;0.422416;0.851022;0.811479 0.536763 -0.231055 1.84218 -0.503245 0.842858 0.190616 2.13283 0.297063 -0.0384038 0.954085 -1.05747 0 0 0 1 
36535719080126;0.446714;0.711452;0.958635 0.27395 -0.0772735 1.29849 -0.280106 0.956196 -0.0850228 0.813619 0.0505967 0.103151 0.993378 -0.411458 0 0 0 1 
36535719080127;0.355012;0.742488;0.997279 0.0657742 0.0332994 1.08771 -0.0625956 0.994075 -0.0888655 0.232252 -0.0389472 0.0865393 0.995487 -0.0757755 0 0 0 1 
36535719080128;0.249905;0.741845;0.983504 0.177167 -0.0365032 1.30708 -0.177746 0.983987 -0.0132526 1.48392 0.0335707 0.0195223 0.999246 -0.118294 0 0 0 1 
36535719080129;0.526113;0.731813;0.999334 -0.0236402 -0.0278064 1.36282 0.0228844 0.999368 -0.0271933 -0.563638 0.0284317 0.0265388 0.999243 0.150457 0 0 0 1 
36535719080130;0.433817;0.783667;0.929496 0.240995 0.27921 0.969289 -0.183823 0.958983 -0.215777 0.809387 -0.319759 0.149238 0.935672 1.00151 0 0 0 1 
36535719080131;0.251532;0.778118;0.985569 0.169253 0.00281226 1.22072 -0.169242 0.985568 -0.00361994 0.496173 -0.00338436 0.00309175 0.999989 0.0661945 0 0 0 1 
36535719080132;0.431426;0.837261;0.957802 0.2009 -0.205561 1.18447 -0.191034 0.979296 0.0669768 0.64961 0.214761 -0.0248813 0.97635 -1.06358 0 0 0 1 
36535719080133;0.541591;0.831634;0.875206 0.412555 0.252612 1.44005 -0.446416 0.889955 0.09323 1.82013 -0.186351 -0.194366 0.963066 1.49367 0 0 0 1 
36535719080134;0.252306;0.74912;0.992382 0.12268 -0.0113316 0.899004 -0.123158 0.990303 -0.0642823 0.779214 0.00333558 0.0651881 0.997867 -0.283607 0 0 0 1 
36535719080135;0.472023;0.78771;0.964732 0.0838406 0.249527 1.03255 -0.129034 0.976845 0.170657 -0.00962971 -0.229441 -0.196835 0.953212 0.690541 0 0 0 1 
36535719080136;0.302061;0.784563;0.927358 0.340381 -0.155393 1.43193 -0.358877 0.926649 -0.11193 2.09683 0.105896 0.159566 0.981491 -0.576532 0 0 0 1 
36535719080137;0.328535;0.832298;0.92265 0.384055 0.0348927 1.10242 -0.372116 0.910397 -0.18085 1.94029 -0.101223 0.153877 0.982892 0.0360152 0 0 0 1 
36535719080138;0.576365;0.750875;0.973177 0.224342 -0.0509691 1.80389 -0.225827 0.889236 -0.397822 1.47777 -0.0439246 0.398661 0.916046 -0.516662 0 0 0 1 
36535719080139;0.521512;0.845376;0.991715 0.104845 0.0742165 1.06886 -0.112081 0.988533 0.101192 -0.22138 -0.062756 -0.108672 0.992095 0.280927 0 0 0 1 
36535719080140;0.470285;0.93345;0.820011 0.564921 0.0919046 1.55729 -0.556699 0.824533 -0.101154 2.63252 -0.132922 0.0317844 0.990617 0.1204 0 0 0 1 
36535719080141;0.30287;0.739365;0.944993 0.278696 0.171221 0.75561 -0.286963 0.957613 0.0250876 1.25758 -0.156971 -0.0728417 0.984913 0.547905 0 0 0 1 
36535719080142;0.480003;0.905881;0.904505 0.390363 0.171718 1.32613 -0.426453 0.825219 0.370339 1.72879 0.00286178 -0.408203 0.912887 0.00690013 0 0 0 1 
36535719080143;0.628053;1.12179;0.800759 0.575201 -0.167118 1.54125 -0.594216 0.797979 -0.100682 2.97837 0.0754443 0.179927 0.980783 -0.325996 0 0 0 1 
36535719080144;0.602003;0.962189;0.868341 0.402053 -0.290409 2.2058 -0.459636 0.872331 -0.166653 2.45537 0.18633 0.278194 0.942279 -1.50233 0 0 0 1 
36535719080145;0.170435;0.74299;0.962688 0.26985 -0.0203168 1.18538 -0.270088 0.962784 -0.00998861 1.41039 0.0168652 0.0151032 0.999744 0.174125 0 0 0 1 
36535719080146;0.207536;0.792391;0.938462 0.345216 -0.0107105 1.33016 -0.343732 0.930499 -0.12657 1.78635 -0.0337279 0.122463 0.9919 0.0385814 0 0 0 1 
36535719080147;0.436345;0.778664;0.93768 0.342366 -0.0595096 1.82381 -0.339344 0.939031 0.0553735 2.07931 0.0748394 -0.0317283 0.996691 -0.444582 0 0 0 1 
36535719080148;0.640142;0.760167;0.979214 0.172938 -0.105982 2.20792 -0.188086 0.969791 -0.155334 0.83155 0.0759171 0.172039 0.98216 -0.65873 0 0 0 1 
36535719080149;0.408897;0.739019;0.987381 0.139162 -0.0755846 1.1725 -0.142912 0.988634 -0.0466799 0.705282 0.0682294 0.0568928 0.996046 0.374557 0 0 0 1 
36535719080150;0.385378;0.816844;0.970978 0.211111 0.112401 1.35557 -0.225831 0.964022 0.140219 1.60338 -0.0787557 -0.161533 0.98372 0.0110866 0 0 0 1 
36535719080151;0.147734;0.804749;0.972547 0.216267 0.085913 1.15694 -0.204884 0.970831 -0.12454 1.3235 -0.110341 0.103519 0.988488 0.207232 0 0 0 1 
36535719080152;0.417728;0.915306;0.813126 0.55507 -0.175278 1.77638 -0.53057 0.830615 0.169039 2.27483 0.239417 -0.0444532 0.969899 -0.506806 0 0 0 1 
36535719080153;0.136308;0.712474;0.993452 0.0959274 0.0620518 1.09587 -0.0967255 0.995261 0.00998096 0.797428 -0.0608003 -0.0159176 0.998023 0.218433 0 0 0 1 
36535719080155;0.377066;0.351908;0.992327 0.0466002 -0.114521 0.670063 -0.013146 0.960768 0.27704 0.262788 0.122938 -0.273409 0.954009 -0.0434369 0 0 0 1 
36535719080156;0.280014;0.317923;0.996319 0.0252976 -0.0819046 0.61508 -0.0083476 0.979554 0.201008 0.464655 0.085315 -0.199585 0.976159 -0.387941 0 0 0 1 
36535719080157;0.357849;0.322578;0.999982 0.00593355 0.00130002 0.937041 -0.00602342 0.940989 0.338382 0.614438 0.000784505 -0.338384 0.941008 0.463209 0 0 0 1 
36535719080158;0.214487;0.194121;0.996951 -0.0198185 -0.0754778 0.728806 0.0255997 0.996747 0.0764139 0.389583 0.0737179 -0.0781131 0.994215 -0.116086 0 0 0 1 
36535719080159;0.313033;0.251549;0.993725 0.0145051 -0.110908 0.396526 -0.0213387 0.997929 -0.0606786 -0.101605 0.109799 0.0626644 0.991977 -0.998127 0 0 0 1 
36535719080160;0.477856;0.657425;0.921012 0.0104343 -0.389395 1.22276 -0.00243133 0.999776 0.0210396 0.229301 0.389527 -0.0184309 0.920831 -1.11069 0 0 0 1 
36535719080161;0.262671;0.309609;0.996278 0.0696507 -0.0507897 0.497994 -0.0610608 0.986098 0.154537 0.0247904 0.0608473 -0.15086 0.986681 0.133499 0 0 0 1 
36535719080162;0.249715;0.317202;0.98611 0.136391 -0.0947873 0.457762 -0.098125 0.938839 0.330079 -0.000592347 0.13401 -0.316193 0.939182 -0.369291 0 0 0 1 
36535719080163;0.453936;0.394629;0.924332 0.0720387 -0.374729 1.82554 -0.102722 0.992743 -0.0625333 0.434708 0.367504 0.0962943 0.925023 -1.39683 0 0 0 1 
36535719080164;0.466141;0.352146;0.997195 0.0175478 0.0727581 0.748703 -0.0308854 0.981975 0.18647 0.655435 -0.0681745 -0.188195 0.979763 0.632487 0 0 0 1 
36535719080165;0.321246;0.262854;0.97618 -0.0145998 0.216472 0.441046 -0.0639038 0.934126 0.351176 0.014434 -0.207339 -0.356644 0.910942 0.467825 0 0 0 1 
36535719080166;0.389384;0.453572;0.967539 -0.0705591 0.24267 1.34338 0.094521 0.991577 -0.0885482 -0.0479247 -0.234379 0.108611 0.966059 0.107794 0 0 0 1 
36535719080167;0.40197;0.452322;0.986841 0.147586 -0.0660504 0.893846 -0.108941 0.908745 0.402884 0.436592 0.119483 -0.390386 0.912865 -0.096632 0 0 0 1 
36535719080168;0.210711;0.258189;0.999661 0.0175075 0.0192764 0.343055 -0.0167512 0.99911 -0.0387199 0.10925 -0.0199371 0.0383838 0.999064 -0.112398 0 0 0 1 
36535719080169;0.371812;0.226184;0.948093 0.0826055 -0.307075 1.29195 0.00797691 0.959188 0.282657 -0.381951 0.317892 -0.270435 0.908741 -1.31756 0 0 0 1 
36535719080170;0.32738;0.322882;0.998766 0.0349562 -0.0352914 0.676042 -0.0357289 0.99913 -0.021507 0.225127 0.0345089 0.0227414 0.999146 -1.18361 0 0 0 1 
36535719080171;0.334438;0.357885;0.999763 -0.00253563 -0.0216244 0.375154 0.00252062 0.999997 -0.000721499 0.152892 0.0216262 0.000666822 0.999766 -0.145638 0 0 0 1 
36535719080172;0.359248;0.341997;0.984787 0.1154 -0.129912 0.82751 -0.0857116 0.972949 0.214532 0.601823 0.151155 -0.200134 0.968039 -0.125945 0 0 0 1 
36535719080173;0.299017;0.243246;0.995444 0.0081947 -0.0949956 0.440991 -0.0103972 0.999688 -0.0227138 -0.0451429 0.0947798 0.023598 0.995219 -1.3661 0 0 0 1 
36535719080174;0.332371;0.217958;0.992176 -0.0526277 -0.113214 1.35618 0.056241 0.997997 0.0289601 0.56468 0.111463 -0.0351008 0.993148 -0.849439 0 0 0 1 
36535719080175;0.258801;0.27388;0.978982 -0.0240504 -0.202523 0.858526 0.0320952 0.998817 0.0365322 0.281442 0.201405 -0.0422644 0.978596 -1.40284 0 0 0 1 
36535719080176;0.244373;0.25719;0.990159 0.0578739 0.127418 0.264053 -0.0745041 0.988726 0.129884 0.166423 -0.118464 -0.138099 0.983308 0.118729 0 0 0 1 
36535719080177;0.307368;0.334258;0.999524 0.0135388 0.027705 0.459987 -0.020389 0.964197 0.264403 0.343582 -0.0231334 -0.264842 0.964014 0.534897 0 0 0 1 
36535719080178;0.333626;0.21657;0.906308 0.0643992 -0.417683 1.15683 -0.00112487 0.988686 0.149997 0.0868798 0.422617 -0.135473 0.896126 -0.893443 0 0 0 1 
36535719080179;0.112272;0.213516;0.990122 0.000700646 -0.140207 0.60163 0.00710108 0.998454 0.0551363 0.296925 0.140029 -0.0555872 0.988586 -0.783012 0 0 0 1 
36535719080180;0.447488;0.715559;0.995183 0.0280015 -0.0939504 1.95987 -0.0191383 0.995393 0.0939469 -0.0497025 0.0961482 -0.0916963 0.991134 -0.486497 0 0 0 1 
36535719080181;0.181751;0.269755;0.997864 -0.00948667 0.0646334 0.545401 0.0138812 0.997597 -0.0678858 0.147166 -0.063834 0.068638 0.995597 -0.29686 0 0 0 1 
36535719080182;0.227052;0.31344;0.994244 -0.0132051 0.106327 0.826835 0.0229927 0.995553 -0.0913594 0.266709 -0.104648 0.0932783 0.990125 -0.406694 0 0 0 1 
36535719080183;0.271702;0.199854;0.980429 -0.0371156 -0.193342 1.30925 0.0679331 0.98553 0.155295 -0.00319096 0.184781 -0.16539 0.968763 -0.700559 0 0 0 1 
36535719080184;0.317465;0.295563;0.942428 0.170001 -0.287975 1.12773 -0.0252662 0.89488 0.445592 -0.309793 0.333454 -0.412662 0.847655 -0.738868 0 0 0 1 
36535719080186;0.390645;0.796076;0.879501 -0.0631605 0.471687 -1.30052 0.202523 0.946599 -0.250869 -0.640088 -0.430653 0.316168 0.845326 1.59125 0 0 0 1 
36535719080187;0.111223;0.55497;0.997678 -0.0209039 0.0648199 -0.923685 0.020604 0.999774 0.0052915 -0.267948 -0.0649158 -0.00394366 0.997883 -0.029964 0 0 0 1 
36535719080188;0.65823;1.21501;0.93608 0.340107 0.0898979 -2.39406 -0.346273 0.935883 0.0649521 1.1905 -0.0620432 -0.0919296 0.993831 0.673533 0 0 0 1 
36535719080189;0.357007;0.607183;0.997779 -0.0267023 0.0610188 -1.75032 0.0257825 0.999543 0.0158129 0.0538539 -0.0614131 -0.0142046 0.998011 -0.450938 0 0 0 1 
36535719080190;0.473164;1.16763;0.91974 -0.379193 0.101442 -1.8753 0.384 0.92277 -0.0322543 -2.55736 -0.0813766 0.0686192 0.994318 0.171166 0 0 0 1 
36535719080191;0.28216;0.65982;0.988487 0.149136 0.0255394 -1.47342 -0.151138 0.98119 0.120097 0.486612 -0.00714812 -0.122575 0.992434 -0.687643 0 0 0 1 
36535719080192;0.431029;0.680617;0.983406 -0.140462 0.114818 -2.00587 0.151943 0.983497 -0.0982241 -0.585838 -0.0991261 0.11404 0.988519 0.556637 0 0 0 1 
36535719080193;0.312078;0.876171;0.987266 -0.128401 0.0939101 -1.70299 0.110686 0.978469 0.174202 -1.16922 -0.114256 -0.161589 0.980222 -0.311964 0 0 0 1 
36535719080194;0.164987;0.705496;0.9898 0.122636 0.0724965 -1.41666 -0.124301 0.992065 0.0188982 0.402538 -0.0696036 -0.0277169 0.99719 0.0534665 0 0 0 1 
36535719080195;0.354366;0.781112;0.965273 -0.0439023 0.257528 -1.34328 0.0454897 0.998965 -0.000206392 -0.641596 -0.257252 0.0119141 0.966271 0.21933 0 0 0 1 
36535719080196;0.523582;0.809231;0.986803 0.114689 0.114312 -2.05626 -0.152726 0.893792 0.421675 0.532833 -0.0538097 -0.433568 0.899513 -0.588757 0 0 0 1 
36535719080197;0.379637;0.767898;0.986355 -0.164398 -0.00880752 -1.36984 0.164589 0.985921 0.0295135 -1.08731 0.00383156 -0.0305604 0.999526 -1.07066 0 0 0 1 
36535719080198;0.253973;0.776435;0.975496 -0.142188 0.167898 -1.52578 0.160583 0.981784 -0.101553 -0.940709 -0.1504 0.126026 0.98056 0.759535 0 0 0 1 
36535719080199;0.451651;0.698736;0.99145 0.102397 0.0808816 -1.92609 -0.103335 0.994618 0.00748704 0.574749 -0.0796797 -0.0157809 0.996696 0.693247 0 0 0 1 
36535719080200;0.601292;1.2953;0.931956 -0.273072 0.238516 -1.64996 0.293155 0.954621 -0.0525229 -2.32992 -0.21335 0.118871 0.969717 1.25935 0 0 0 1 
36535719080201;0.316883;0.732466;0.845886 0.0592394 0.530064 -1.12444 0.0387342 0.984366 -0.171824 -0.342257 -0.531956 0.165875 0.830366 2.34474 0 0 0 1 
36535719080202;0.389074;0.749094;0.978108 0.171691 0.117585 -1.70611 -0.175064 0.984375 0.0189124 1.0017 -0.1125 -0.0390832 0.992883 -0.371912 0 0 0 1 
36535719080203;0.247825;1.00281;0.9785 -0.154974 0.136091 -2.02423 0.156094 0.987739 0.00247173 -1.28141 -0.134805 0.0188244 0.990693 0.451281 0 0 0 1 
36535719080204;0.323434;0.685503;0.992859 -0.0656842 0.0995864 -1.49023 0.0648353 0.997827 0.0117407 -1.17237 -0.100141 -0.00520012 0.99496 -0.0789961 0 0 0 1 
36535719080205;0.326801;0.893662;0.939731 -0.0492095 0.338355 -1.48775 0.164944 0.93207 -0.32255 -0.680351 -0.299498 0.35892 0.884012 1.04514 0 0 0 1 
36535719080206;0.360649;0.597007;0.993665 0.0776979 0.0812 -1.29934 -0.0776348 0.996974 -0.00393818 0.692658 -0.0812603 -0.00239071 0.99669 0.0256447 0 0 0 1 
36535719080207;0.378318;0.746463;0.996177 -0.02462 0.0838216 -0.762205 0.0252327 0.999662 -0.00625759 -0.371958 -0.0836392 0.00834871 0.996461 0.117008 0 0 0 1 
36535719080208;0.281021;0.600532;0.968569 -0.056019 0.242354 -1.33371 0.0505232 0.998306 0.0288376 -0.709891 -0.243559 -0.0156867 0.969759 1.35706 0 0 0 1 
36535719080209;0.41046;1.02426;0.956842 -0.211715 0.199075 -2.3559 0.18709 0.972954 0.135494 -1.71243 -0.222377 -0.0924012 0.970572 0.799316 0 0 0 1 
36535719080210;0.243944;0.779035;0.972351 0.0914857 0.214856 -1.23642 -0.102793 0.993814 0.0420332 0.0709571 -0.209682 -0.0629567 0.975741 0.637381 0 0 0 1 
36535719080211;0.419439;0.955041;0.962666 0.266654 0.046573 -2.1251 -0.267802 0.96326 0.0203249 0.703591 -0.0394422 -0.0320384 0.998708 -0.194178 0 0 0 1 
36535719080212;0.411637;1.17632;0.980301 0.128133 0.150305 -1.98316 -0.133136 0.990815 0.0236656 -0.057165 -0.145892 -0.0432104 0.988356 0.415514 0 0 0 1 
36535719080213;0.271077;0.794832;0.989534 -0.142013 -0.0256023 -1.78548 0.134446 0.971766 -0.193894 -0.992643 0.0524149 0.188423 0.980688 -0.697177 0 0 0 1 
36535719080214;0.356981;0.668133;0.970639 0.121886 -0.207374 -1.4122 -0.127835 0.991675 -0.0154821 0.205641 0.203761 0.0415372 0.978139 -0.882486 0 0 0 1 
36535719080215;0.558879;0.874936;0.959045 0.143635 0.244132 -1.77786 -0.0763443 0.961073 -0.265538 0.314505 -0.27277 0.236025 0.932678 1.94774 0 0 0 1 
36535719080217;0.267916;0.19235;0.971713 -0.149807 -0.182569 0.563571 0.123588 0.98132 -0.147435 0.186633 0.201246 0.120701 0.972076 -1.08219 0 0 0 1 
36535719080218;0.403611;0.115435;0.996739 0.0806724 0.00178809 -0.289085 -0.0806874 0.996677 0.011185 0.893008 -0.000879824 -0.0112928 0.999936 0.316857 0 0 0 1 
36535719080219;0.612805;0.627252;0.997055 -0.0455331 0.0617101 -0.13159 0.0452541 0.998958 0.00591247 0.24966 -0.061915 -0.00310243 0.998077 0.594574 0 0 0 1 
36535719080220;0.465305;0.147485;0.972478 -0.0977406 -0.211504 0.422148 0.0739187 0.990287 -0.117761 0.494081 0.22096 0.0988861 0.970257 -1.57811 0 0 0 1 
36535719080221;0.397154;0.259048;0.990786 -0.125564 0.0507544 -0.0753023 0.1186 0.985356 0.122508 -0.131672 -0.0653938 -0.11536 0.991169 -0.290421 0 0 0 1 
36535719080222;0.388852;0.218219;0.989104 -0.0665197 0.13133 -0.43687 0.101703 0.953744 -0.282892 0.3021 -0.106437 0.293167 0.950118 0.0540973 0 0 0 1 
36535719080223;0.332061;0.253708;0.937788 -0.145303 -0.315343 0.777976 0.118023 0.987544 -0.104052 -0.0337912 0.326534 0.060361 0.943256 -1.03986 0 0 0 1 
36535719080224;0.591626;0.119466;0.99406 0.0987993 0.0456477 -0.293037 -0.0791981 0.944352 -0.319261 1.39146 -0.0746502 0.31375 0.946567 0.309085 0 0 0 1 
36535719080225;0.418431;0.46269;0.980571 -0.163715 0.108064 0.227979 0.164274 0.986407 0.00376406 0.114622 -0.107211 0.0140612 0.994137 0.537381 0 0 0 1 
36535719080226;0.434396;0.384877;0.987289 0.0370741 -0.154553 0.315948 -0.0419138 0.998724 -0.0281735 0.40167 0.153311 0.0342933 0.987583 -0.391519 0 0 0 1 
36535719080227;0.258425;0.133957;0.979843 0.175182 0.0960113 -0.0320501 -0.178642 0.983497 0.0286441 0.649816 -0.0894089 -0.0452183 0.994968 0.451137 0 0 0 1 
36535719080228;0.348273;0.22268;0.96786 -0.144111 0.206103 0.21152 0.158215 0.985949 -0.0535872 0.24253 -0.195485 0.0844736 0.977062 0.733557 0 0 0 1 
36535719080229;0.349476;0.151442;0.99446 0.0647117 0.0828309 -0.190246 -0.049275 0.983077 -0.176439 0.434932 -0.0928469 0.17138 0.98082 -0.582923 0 0 0 1 
36535719080230;0.507963;0.703915;0.935627 -0.0271847 0.351941 -0.0259981 0.0310313 0.999504 -0.00529203 0.446479 -0.351623 0.0158725 0.936007 0.675282 0 0 0 1 
36535719080231;0.499847;0.164325;0.999869 0.0155196 -0.00455366 -0.318258 -0.0154584 0.999794 0.0131655 -0.0982022 0.00475705 -0.0130934 0.999903 -0.996989 0 0 0 1 
36535719080232;0.400636;0.242591;0.984599 -0.144904 0.0978111 0.296737 0.118377 0.964287 0.236934 0.0846188 -0.128651 -0.221706 0.96659 0.840768 0 0 0 1 
36535719080233;0.232565;0.112012;0.985164 0.0690089 -0.157132 0.0473729 -0.0530947 0.99323 0.103319 0.266925 0.163198 -0.0934434 0.982158 -0.222137 0 0 0 1 
36535719080234;0.243089;0.118686;0.999921 0.0117451 0.0045421 0.220154 -0.0116305 0.999633 -0.0244852 0.342732 -0.00482801 0.0244304 0.99969 -0.56693 0 0 0 1 
36535719080235;0.336455;0.270734;0.996699 -0.0643887 -0.0494397 -0.120848 0.0727547 0.978666 0.192144 0.180928 0.036013 -0.195107 0.980121 -0.0916906 0 0 0 1 
36535719080236;0.526732;0.153263;0.959119 -0.116537 0.257893 0.539635 0.0625037 0.976005 0.208583 -0.247959 -0.276013 -0.183936 0.94339 1.54442 0 0 0 1 
36535719080237;0.707625;0.503829;0.99898 -0.0450678 0.00289442 0.154933 0.0450567 0.998977 0.00377137 0.274306 -0.00306143 -0.00363711 0.999989 0.66209 0 0 0 1 
36535719080238;0.378354;0.125258;0.980469 0.185372 -0.0657151 0.372105 -0.169869 0.966565 0.192084 0.950036 0.0991249 -0.177169 0.979176 -0.293412 0 0 0 1 
36535719080239;0.260619;0.138826;0.9995 -0.0171522 0.0265518 0.364321 0.0171783 0.999852 -0.000755825 0.107308 -0.0265349 0.00121156 0.999647 0.253558 0 0 0 1 
36535719080240;0.347346;0.148707;0.997318 0.0220779 0.0697784 -0.0975389 0.00637327 0.923595 -0.383316 0.648123 -0.0729098 0.382733 0.920978 -0.431787 0 0 0 1 
36535719080241;0.461675;0.227279;0.941536 0.162581 0.295088 -0.31761 -0.0796456 0.958444 -0.273938 0.258591 -0.327363 0.23442 0.915358 0.556028 0 0 0 1 
36535719080242;0.184835;0.118137;0.990925 0.113963 0.0712704 -0.168461 -0.114434 0.993428 0.00254854 0.266473 -0.0705116 -0.0106812 0.997454 0.014367 0 0 0 1 
36535719080243;0.50255;0.63673;0.99807 -0.0547954 0.0292167 0.131905 0.0555565 0.998119 -0.0259077 0.131901 -0.0277421 0.0274809 0.999237 -0.268033 0 0 0 1 
36535719080244;0.3548;0.1421;0.917193 0.267989 0.294855 -0.267993 -0.281596 0.959525 0.00385344 0.931257 -0.281888 -0.0865645 0.955534 0.997582 0 0 0 1 
36535719080245;0.421326;0.120241;0.970002 0.128098 -0.206609 0.471848 -0.150308 0.984007 -0.0955902 0.797536 0.191059 0.123778 0.973743 -1.39831 0 0 0 1 
36535719080246;0.428678;0.126246;0.966254 0.25759 0.000387692 0.163038 -0.256219 0.961263 -0.101616 1.34052 -0.0265479 0.0980872 0.994824 -0.616237 0 0 0 1 
36535719080248;0.279109;0.102394;0.999622 -0.0180599 0.0207079 0.974158 0.0176664 0.999663 0.0190303 0.159803 -0.0210446 -0.0186573 0.999604 -0.419784 0 0 0 1 
36535719080249;0.148582;0.193066;0.999455 -0.0280866 0.0173299 0.185108 0.0279005 0.999551 0.0108883 -0.111382 -0.017628 -0.0103989 0.999791 -0.186906 0 0 0 1 
36535719080250;0.310686;0.170534;0.994681 -0.0126566 0.102219 0.133237 0.0108028 0.999767 0.0186685 0.158801 -0.102431 -0.0174649 0.994587 -0.709933 0 0 0 1 
36535719080251;0.298484;0.177156;0.999621 0.0275211 0.000782757 -0.0842853 -0.0275088 0.997189 0.0696961 0.566229 0.00113756 -0.0696913 0.997568 0.146242 0 0 0 1 
36535719080252;0.364884;0.222871;0.967406 -0.231135 -0.103453 1.28632 0.230444 0.972905 -0.0187502 -0.837069 0.104984 -0.00570117 0.994458 -0.349998 0 0 0 1 
36535719080253;0.298099;0.225587;0.991462 -0.129665 0.0137992 0.717791 0.130184 0.990337 -0.0478007 -0.371734 -0.00746777 0.049189 0.998762 -0.604203 0 0 0 1 
36535719080254;0.413793;0.29569;0.994062 -0.108741 0.00393675 0.0943914 0.107003 0.970317 -0.216875 0.0735532 0.0197633 0.216008 0.976192 -0.438345 0 0 0 1 
36535719080255;0.265645;0.171869;0.992998 -0.0661163 0.0978961 0.322328 0.0890291 0.963543 -0.252306 -0.242278 -0.0776456 0.259255 0.962683 0.234525 0 0 0 1 
36535719080256;0.228269;0.15077;0.971796 0.234961 0.0201371 0.152562 -0.235375 0.971666 0.0215209 0.497039 -0.0145099 -0.0256537 0.999566 -0.125975 0 0 0 1 
36535719080257;0.266234;0.228374;0.999201 -0.0239091 0.0320277 -0.0871965 0.0224791 0.998766 0.044291 -0.247121 -0.0330471 -0.0435356 0.998505 -0.0304036 0 0 0 1 
36535719080258;0.327944;0.123259;0.998542 -0.053617 0.00632075 0.920825 0.0533656 0.997967 0.0348463 -0.670839 -0.00817625 -0.0344581 0.999373 0.493403 0 0 0 1 
36535719080259;0.241821;0.142652;0.988162 0.143918 -0.0531303 0.511838 -0.142305 0.989272 0.0330056 0.141681 0.0573104 -0.0250541 0.998042 -0.680388 0 0 0 1 
36535719080260;0.113181;0.129395;0.999955 -0.00123755 0.00939153 0.245654 0.000119705 0.993001 0.118105 0.0338844 -0.00947196 -0.118099 0.992957 0.14931 0 0 0 1 
36535719080261;0.299049;0.224621;0.962187 -0.101521 0.252765 0.618464 0.143034 0.978028 -0.151663 -0.63363 -0.231814 0.182082 0.955567 0.0921435 0 0 0 1 
