#;prob_registration_l1 -r ../../../../build/tester /home/point_clouds_registration_benchmark/hauptgebaude_local.txt /home/point_clouds_registration_benchmark/hauptgebaude -s 0.2 -t 0.2 -p 0.3 -r 1000 -m 10 -i 40 
id;initial_error;final_error;transformation
3394309160000;0.248226;0.039595;0.999305 -0.00770994 0.0364808 0.494849 0.00611692 0.999031 0.0435792 -0.0914746 -0.0367815 -0.0433258 0.998384 0.0294678 0 0 0 1 
3394309160001;0.28369;0.032076;0.993483 0.110838 -0.0265718 -0.436773 -0.108993 0.992045 0.0629785 0.802842 0.0333408 -0.0596719 0.997661 -0.588085 0 0 0 1 
3394309160002;0.278932;0.0327723;0.976927 -0.0118849 0.213243 -0.145804 0.00902951 0.999856 0.0143595 -0.134206 -0.213383 -0.0121027 0.976894 0.786252 0 0 0 1 
3394309160003;0.0682056;0.0262166;0.995084 -0.095253 0.0271039 0.0122629 0.095604 0.995348 -0.0119603 -0.630976 -0.0258386 0.0144928 0.999561 0.230226 0 0 0 1 
3394309160004;0.286924;0.033785;0.999204 0.0353134 -0.0185465 0.520771 -0.0350883 0.999308 0.012325 0.697445 0.0189689 -0.0116644 0.999752 -0.240546 0 0 0 1 
3394309160005;0.492031;0.0388085;0.90799 0.380731 0.174925 -0.301076 -0.40603 0.902592 0.143066 2.54662 -0.103416 -0.200927 0.974132 0.365538 0 0 0 1 
3394309160006;0.393899;0.0383316;0.988311 0.019936 0.15114 -0.289572 -0.021608 0.999722 0.00942793 0.508628 -0.15091 -0.0125836 0.988467 1.95277 0 0 0 1 
3394309160007;0.411602;0.0269444;0.883912 -0.34019 0.32089 0.351767 0.345483 0.937475 0.0422032 -2.11202 -0.315184 0.0735582 0.946176 1.46706 0 0 0 1 
3394309160008;0.42721;0.0293667;0.953382 -0.299074 -0.0402212 0.482768 0.299906 0.953828 0.0164063 -1.9228 0.0334574 -0.0277041 0.999056 0.731895 0 0 0 1 
3394309160009;0.395375;0.03121;0.977321 -0.204499 -0.0549938 0.420402 0.199369 0.976091 -0.0865987 -1.50521 0.0713882 0.0736707 0.994724 0.474722 0 0 0 1 
3394309160010;0.216746;0.0268937;0.991806 -0.0105172 -0.12732 -0.123707 -0.0113466 0.985415 -0.169787 0.442156 0.127249 0.169841 0.977221 -0.536883 0 0 0 1 
3394309160011;0.228138;0.553402;0.949407 -0.223712 -0.220408 1.89325 0.246221 0.965888 0.0802272 -1.71946 0.194942 -0.130437 0.972103 -1.0379 0 0 0 1 
3394309160012;0.324315;0.623633;0.942047 -0.333904 -0.0324773 1.36476 0.33473 0.929057 0.157512 -2.35592 -0.0224206 -0.159255 0.986983 -0.0761423 0 0 0 1 
3394309160013;0.268523;0.0410078;0.997979 0.0558616 -0.0302799 0.567077 -0.0559092 0.998436 -0.00072737 0.0555922 0.0301919 0.00241883 0.999541 -0.376668 0 0 0 1 
3394309160014;0.217364;0.0342512;0.999861 0.0131975 0.0101705 -0.0371033 -0.015036 0.977692 0.209506 -0.370699 -0.00717865 -0.20963 0.977755 0.357487 0 0 0 1 
3394309160015;0.198549;0.0360215;0.972481 0.104938 0.208013 -0.30195 -0.100476 0.994427 -0.0319339 0.69692 -0.210205 0.0101547 0.977605 1.51283 0 0 0 1 
3394309160016;0.362241;0.0368836;0.88788 -0.225131 0.401228 0.491466 0.220763 0.973615 0.0577737 -1.70429 -0.403648 0.0372801 0.914154 3.23722 0 0 0 1 
3394309160017;0.403444;0.0284138;0.923723 -0.277623 0.263934 -0.506871 0.269551 0.960646 0.0670921 -1.31184 -0.272174 0.00916914 0.962204 1.84779 0 0 0 1 
3394309160018;0.415951;0.0350814;0.95994 0.264171 0.0934284 -0.681045 -0.268778 0.96235 0.0405143 1.9132 -0.0792081 -0.0640028 0.994801 0.44546 0 0 0 1 
3394309160019;0.389264;0.0349329;0.968172 0.250042 -0.0110601 0.0225004 -0.249987 0.96823 0.0061709 1.27324 0.0122517 -0.00320961 0.99992 -0.790101 0 0 0 1 
3394309160020;0.355901;0.0275506;0.943571 -0.163788 -0.287832 0.82611 0.0699477 0.948095 -0.3102 -0.0333365 0.323699 0.272563 0.906051 -1.62613 0 0 0 1 
3394309160021;0.307009;0.0250931;0.990968 -0.122163 -0.0553027 0.636999 0.131657 0.964664 0.228233 -1.15603 0.0254668 -0.233453 0.972035 -0.257836 0 0 0 1 
3394309160022;0.159878;0.0363105;0.979231 -0.0397995 0.198805 -0.30152 0.0548097 0.995999 -0.0705767 -0.295796 -0.195201 0.0800073 0.977494 1.32698 0 0 0 1 
3394309160023;0.179015;0.0311399;0.995236 -0.0472656 0.0852771 -0.184153 0.04892 0.998651 -0.0174149 -0.369534 -0.0843389 0.0215037 0.996205 0.18988 0 0 0 1 
3394309160024;0.448507;0.529958;0.899931 -0.433588 0.0461043 1.77641 0.431814 0.900901 0.0437492 -2.71203 -0.0605045 -0.0194628 0.997978 1.21505 0 0 0 1 
3394309160025;0.259237;0.0294334;0.987606 0.156875 -0.00497114 -0.121349 -0.156487 0.986615 0.0458553 1.00445 0.0120982 -0.0445091 0.998936 -0.559621 0 0 0 1 
3394309160026;0.300277;0.038736;0.99488 0.0779106 0.0643653 0.291411 -0.0743322 0.995647 -0.0562377 -0.0980901 -0.0684666 0.0511654 0.996341 0.81646 0 0 0 1 
3394309160027;0.421694;0.0306099;0.955866 -0.226218 -0.18747 0.427258 0.264145 0.941066 0.21124 -2.51577 0.128636 -0.251437 0.959287 -0.302593 0 0 0 1 
3394309160028;0.443835;0.0391929;0.924682 0.104527 0.366111 -0.125775 0.00683209 0.956867 -0.290446 0.760965 -0.380679 0.271072 0.884084 2.389 0 0 0 1 
3394309160029;0.512116;0.0301793;0.998786 -0.0269472 0.0412448 0.254606 0.0396742 0.936266 -0.349044 0.44187 -0.0292103 0.350257 0.936198 -0.600011 0 0 0 1 
3394309160031;0.426851;0.0510251;0.959123 -0.217866 -0.180601 0.26547 0.239926 0.964457 0.110718 -0.799584 0.15006 -0.149523 0.977305 -0.900485 0 0 0 1 
3394309160032;0.353703;0.058916;0.909693 -0.3957 -0.126016 0.0443958 0.399266 0.916829 0.00333304 -0.160628 0.114216 -0.0533458 0.992023 -0.148182 0 0 0 1 
3394309160033;0.139215;0.0473151;0.993487 -0.0389817 -0.107068 0.0682372 0.0342046 0.998351 -0.0460978 -0.272342 0.108689 0.0421354 0.993182 0.165033 0 0 0 1 
3394309160034;0.389775;0.0557321;0.93312 0.358123 -0.0321642 -0.322122 -0.355697 0.932468 0.0631098 0.264306 0.0525931 -0.0474484 0.997488 -0.504478 0 0 0 1 
3394309160035;0.19696;0.0540452;0.979858 0.156822 -0.123631 0.0600714 -0.17071 0.979036 -0.111115 0.336905 0.103614 0.129982 0.986088 -0.029833 0 0 0 1 
3394309160036;0.370886;0.0547289;0.932676 -0.35795 -0.0445889 -0.238517 0.358677 0.907168 0.219992 -0.558539 -0.0382963 -0.221174 0.974482 0.407294 0 0 0 1 
3394309160037;0.384635;0.049485;0.909565 -0.264458 0.320552 -0.258262 0.199093 0.954397 0.222461 -0.884525 -0.364766 -0.138523 0.920737 0.124949 0 0 0 1 
3394309160038;0.368064;0.0595897;0.954056 0.299322 -0.0135421 -0.659754 -0.299304 0.949946 -0.089554 0.515873 -0.0139413 0.0894928 0.99589 0.0255407 0 0 0 1 
3394309160039;0.0746977;0.0493113;0.999451 -0.00707232 0.0323718 -0.131756 0.00675482 0.999928 0.00990679 -0.118807 -0.0324396 -0.00968268 0.999427 -0.0467003 0 0 0 1 
3394309160040;0.279481;0.046861;0.925022 -0.340188 0.169132 0.11317 0.321256 0.938059 0.129767 -0.644432 -0.202802 -0.0657025 0.977013 0.433073 0 0 0 1 
3394309160041;0.389623;0.0510022;0.888139 -0.459021 -0.0225371 0.627417 0.459263 0.884666 0.0802678 -0.741878 -0.0169068 -0.0816395 0.996519 -0.00107554 0 0 0 1 
3394309160042;0.283783;0.0521771;0.984034 -0.177852 0.00674195 -0.429567 0.177837 0.984056 0.00280289 -0.191691 -0.00713296 -0.00155917 0.999973 -0.300821 0 0 0 1 
3394309160043;0.314339;0.0463603;0.998801 0.0488387 0.00333703 0.153541 -0.0485703 0.980194 0.191991 -0.133735 0.00610566 -0.191923 0.981391 0.705413 0 0 0 1 
3394309160044;0.531805;0.0422037;0.895616 0.422481 -0.139219 -0.534101 -0.407001 0.904584 0.1268 0.632519 0.179506 -0.0569017 0.98211 0.513241 0 0 0 1 
3394309160045;0.395186;0.365131;0.98579 0.075902 0.149859 -0.399811 -0.0493749 0.983614 -0.173397 -0.133932 -0.160564 0.163533 0.973384 0.282345 0 0 0 1 
3394309160046;0.217132;0.0438467;0.98857 -0.15076 5.97083e-05 0.193834 0.150745 0.988481 0.0134363 -0.677406 -0.00208468 -0.0132737 0.99991 0.18543 0 0 0 1 
3394309160047;0.371665;0.0490306;0.973396 -0.164548 0.159447 -0.0786334 0.179763 0.979931 -0.0861399 -0.00471578 -0.142073 0.112511 0.983441 -0.540549 0 0 0 1 
3394309160048;0.441321;0.0566461;0.897519 0.341171 0.279396 -0.413715 -0.282836 0.931468 -0.228848 0.645852 -0.338325 0.126372 0.932505 0.912382 0 0 0 1 
3394309160049;0.529697;0.0532289;0.962837 -0.266313 -0.0449734 0.0621241 0.261861 0.879711 0.39691 -1.56531 -0.0661388 -0.393936 0.916755 0.275571 0 0 0 1 
3394309160050;0.242722;0.0462116;0.982363 -0.133495 0.130926 -0.0228251 0.1339 0.990978 0.00573901 -0.276447 -0.130511 0.0118932 0.991376 0.738596 0 0 0 1 
3394309160051;0.288745;0.0516602;0.976667 -0.0309161 0.212523 -0.237316 0.0078556 0.994065 0.108507 -0.176621 -0.214616 -0.104306 0.971113 0.919527 0 0 0 1 
3394309160052;0.346607;0.0532026;0.996884 0.0763174 0.0199502 0.0509125 -0.0766003 0.996966 0.0138213 -0.0932411 -0.0188349 -0.0153065 0.999705 -0.732881 0 0 0 1 
3394309160053;0.177457;0.052041;0.992724 -0.0183108 0.119008 -0.357887 0.017851 0.999829 0.00492824 -0.303603 -0.119077 -0.00276798 0.992881 0.451214 0 0 0 1 
3394309160054;0.393365;0.0471579;0.996894 -0.049556 -0.0612095 0.651017 0.0597853 0.982109 0.17857 -0.777021 0.0512652 -0.181674 0.982022 0.472901 0 0 0 1 
3394309160055;0.395101;0.0555849;0.997509 -0.0683526 0.017399 0.6866 0.0694837 0.99469 -0.0759256 0.0901291 -0.0121169 0.0769455 0.996962 -0.487619 0 0 0 1 
3394309160056;0.394726;0.0482846;0.986871 0.160806 0.0150537 -0.616477 -0.161181 0.974643 0.155214 0.340816 0.0102874 -0.155603 0.987766 -0.424474 0 0 0 1 
3394309160057;0.649395;0.0498006;0.932479 0.353895 0.0723966 -1.0186 -0.319123 0.900985 -0.293916 1.27127 -0.169244 0.250967 0.953085 0.568407 0 0 0 1 
3394309160058;0.444142;0.0612804;0.97665 0.214499 0.0120695 -0.436544 -0.213651 0.975615 -0.0502794 0.568043 -0.0225601 0.0465267 0.998662 0.910643 0 0 0 1 
3394309160059;0.406193;0.0502851;0.988365 -0.0151541 0.151344 0.504858 0.0703203 0.927825 -0.366328 -0.000163119 -0.13487 0.372708 0.918095 0.555436 0 0 0 1 
3394309160060;0.43448;0.0584679;0.911622 0.410602 -0.0187452 0.0237791 -0.408125 0.898825 -0.15984 0.714304 -0.0487818 0.153364 0.986965 -0.401028 0 0 0 1 
3394309160062;0.235158;0.0275601;0.950627 -0.266392 0.159198 0.498818 0.281107 0.956497 -0.0780474 -6.11595 -0.131481 0.118946 0.984157 2.94912 0 0 0 1 
3394309160063;0.42419;0.0650391;0.978606 0.205282 -0.0137813 0.631631 -0.204865 0.978422 0.0268619 4.28301 0.0189982 -0.0234639 0.999544 0.594638 0 0 0 1 
3394309160064;0.439802;0.0827769;0.894718 0.408505 0.180565 1.82395 -0.413173 0.910564 -0.012719 8.95845 -0.169612 -0.0632247 0.983481 3.55486 0 0 0 1 
3394309160065;0.350677;0.0605667;0.988703 0.0729038 0.130961 0.178349 -0.0760374 0.996922 0.0190816 1.1665 -0.129167 -0.028824 0.991204 2.16971 0 0 0 1 
3394309160066;0.242534;0.0392648;0.999403 0.0096456 -0.0331658 -0.200648 -0.0164035 0.977566 -0.209989 0.209874 0.0303963 0.210407 0.977141 -0.110934 0 0 0 1 
3394309160067;0.392633;0.0655986;0.88192 0.180779 0.435357 1.7432 -0.117444 0.978683 -0.168481 2.9794 -0.456535 0.0974563 0.884352 10.2214 0 0 0 1 
3394309160068;0.328762;0.0573438;0.990087 0.139412 0.0171009 0.131917 -0.140456 0.982932 0.118813 3.61717 -0.000245125 -0.120037 0.992769 -0.438261 0 0 0 1 
3394309160069;0.0998438;0.0528932;0.999908 0.00922302 -0.00997786 0.167641 -0.00919969 0.999955 0.00238218 0.296183 0.00999938 -0.00229017 0.999947 -0.265663 0 0 0 1 
3394309160070;0.429464;0.0827043;0.921276 0.280629 0.269254 1.19712 -0.340618 0.916362 0.210381 7.3937 -0.187695 -0.285532 0.93981 4.19459 0 0 0 1 
3394309160071;0.0989399;0.040596;0.998832 0.0473205 -0.0097318 0.0153559 -0.0472287 0.998839 0.00945256 1.06068 0.0101678 -0.0089819 0.999908 -0.398809 0 0 0 1 
3394309160072;0.334886;0.0251334;0.937136 -0.34845 -0.0189564 1.12519 0.344583 0.91542 0.208014 -7.90725 -0.0551292 -0.201469 0.977942 0.797009 0 0 0 1 
3394309160073;0.372916;0.0259101;0.989147 -0.146893 0.00329637 0.856526 0.146877 0.989144 0.00468402 -3.2431 -0.00394864 -0.00414902 0.999984 0.463235 0 0 0 1 
3394309160074;0.236373;0.0258539;0.982815 -0.18043 -0.0389845 0.338212 0.182819 0.980625 0.0703693 -4.07423 0.0255325 -0.0762871 0.996759 -1.03811 0 0 0 1 
3394309160075;0.259352;0.0387512;0.980024 0.0725371 -0.185177 0.682202 -0.118855 0.96016 -0.252914 2.92188 0.159454 0.269871 0.949602 -3.2005 0 0 0 1 
3394309160076;0.21267;0.0664684;0.976433 0.164013 0.140282 0.293358 -0.151481 0.983803 -0.0958411 3.65534 -0.153729 0.0723323 0.985462 3.59535 0 0 0 1 
3394309160077;0.259302;0.0546517;0.990413 0.130768 -0.0445104 0.148877 -0.136074 0.97906 -0.151409 3.14362 0.023779 0.156014 0.987469 0.249465 0 0 0 1 
3394309160078;0.466153;0.0345797;0.880253 -0.428479 0.203863 1.78279 0.448989 0.891116 -0.0657272 -9.43184 -0.153503 0.149389 0.976791 4.25981 0 0 0 1 
3394309160079;0.423773;0.0349897;0.965761 -0.167397 0.198204 -0.309421 0.190812 0.975942 -0.10549 -3.93094 -0.175777 0.139698 0.974468 3.34154 0 0 0 1 
3394309160080;0.255153;0.0518318;0.992624 0.00171991 0.121218 0.0294195 0.0158491 0.989476 -0.143824 -0.072669 -0.120189 0.144684 0.982151 2.33099 0 0 0 1 
3394309160081;0.296072;0.0326523;0.997092 -0.0696185 0.030982 0.300658 0.0696629 0.997571 -0.000354555 -0.831651 -0.030882 0.00251182 0.99952 0.602991 0 0 0 1 
3394309160082;0.355531;0.0275811;0.904443 -0.418926 -0.08052 1.88102 0.414063 0.907508 -0.070575 -8.91893 0.102638 0.0304907 0.994251 -2.20988 0 0 0 1 
3394309160083;0.180325;0.0246854;0.997234 -0.0734097 -0.0116474 -0.0241666 0.0742701 0.977966 0.195109 -1.96119 -0.00293208 -0.195434 0.980712 0.00519418 0 0 0 1 
3394309160084;0.188147;0.0313586;0.99795 -0.0305731 -0.0562254 -0.0737522 0.029691 0.999424 -0.0164586 -0.378814 0.0566962 0.0147554 0.998282 -1.56357 0 0 0 1 
3394309160085;0.149775;0.0539307;0.997423 0.0053228 0.0715426 -0.200437 -0.0172745 0.985721 0.167498 0.128421 -0.0696295 -0.168302 0.983273 1.36866 0 0 0 1 
3394309160086;0.360181;0.0307948;0.976729 0.0300843 -0.212355 1.27541 -0.0466572 0.996206 -0.0734681 1.23525 0.209339 0.0816663 0.974427 -3.65718 0 0 0 1 
3394309160087;0.069233;0.0271871;0.996434 -0.0826876 -0.0168222 0.0694666 0.0829642 0.996416 0.0164655 -1.78912 0.0154004 -0.0178024 0.999723 -0.315254 0 0 0 1 
3394309160088;0.334175;0.0239164;0.957316 -0.246332 0.151217 -0.249092 0.222961 0.962262 0.156011 -5.00974 -0.183941 -0.115636 0.976112 3.62427 0 0 0 1 
3394309160089;0.384231;0.0202328;0.967278 -0.218486 0.12899 0.0913524 0.206272 0.973203 0.101624 -4.90268 -0.147736 -0.0716916 0.986425 2.37084 0 0 0 1 
3394309160090;0.357505;0.0257805;0.946652 -0.300132 0.117348 0.749131 0.316109 0.935628 -0.157085 -6.28776 -0.0626476 0.185799 0.980589 1.9557 0 0 0 1 
3394309160091;0.460987;0.0944759;0.975004 0.216542 0.0497705 0.141664 -0.218805 0.974701 0.0456351 3.87439 -0.0386295 -0.0553844 0.997718 0.422842 0 0 0 1 
3394309160093;0.186714;0.0459067;0.981003 -0.0824243 -0.175613 0.493929 0.0872187 0.995993 0.0197463 -1.47321 0.173282 -0.034688 0.984261 -3.41794 0 0 0 1 
3394309160094;0.310812;0.0571212;0.985218 -0.135809 0.104414 0.351657 0.136139 0.990682 0.00398414 -1.7693 -0.103982 0.0102896 0.994526 1.96629 0 0 0 1 
3394309160095;0.222858;0.0588894;0.998343 -0.0418183 -0.0395198 0.199262 0.0411496 0.998998 -0.0175855 -0.767669 0.0402156 0.0159302 0.999064 -0.181776 0 0 0 1 
3394309160096;0.38163;0.0518501;0.995284 -0.0813012 -0.052909 0.257366 0.0867045 0.990204 0.10945 -1.79983 0.0434923 -0.113521 0.992583 0.00798982 0 0 0 1 
3394309160097;0.257713;0.0619932;0.999825 -0.000993408 -0.0186615 -0.131796 0.00119003 0.999944 0.0105278 0.0661756 0.01865 -0.0105482 0.99977 0.366539 0 0 0 1 
3394309160098;0.436886;0.844427;0.889078 0.444555 0.109137 -0.159199 -0.410631 0.879913 -0.239028 8.00006 -0.202292 0.1677 0.96486 3.80045 0 0 0 1 
3394309160099;0.352112;0.0754158;0.991812 0.0901242 0.0904769 0.532603 -0.0724963 0.980608 -0.182077 1.93359 -0.105132 0.174027 0.979113 1.73763 0 0 0 1 
3394309160100;0.383134;0.0514215;0.996224 -0.0236519 -0.0835333 0.299278 0.0290949 0.99749 0.0645557 -0.414576 0.0817967 -0.0667424 0.994412 -0.558631 0 0 0 1 
3394309160101;0.349174;0.0579015;0.999833 -0.000841022 0.0182571 -0.0151575 0.00480817 0.975856 -0.218361 0.676167 -0.0176327 0.218413 0.975697 1.34222 0 0 0 1 
3394309160102;0.328612;0.0610592;0.990334 0.0887913 -0.106558 0.255569 -0.0757204 0.98976 0.121 1.39587 0.116211 -0.111762 0.986917 -1.39821 0 0 0 1 
3394309160103;0.353684;0.0593162;0.997595 -0.0146583 0.0677506 -0.891213 0.0110696 0.998531 0.0530437 -0.287706 -0.0684286 -0.0521661 0.996291 1.71437 0 0 0 1 
3394309160104;0.220681;0.0549932;0.978947 -0.1491 0.139397 -0.34837 0.143724 0.988457 0.0479262 -2.18962 -0.144933 -0.0268826 0.989076 2.55143 0 0 0 1 
3394309160105;0.408456;0.510168;0.930488 0.356816 0.0829086 0.10582 -0.362938 0.928662 0.0765691 6.80285 -0.049673 -0.101337 0.993611 1.43206 0 0 0 1 
3394309160106;0.441483;0.0489826;0.893068 -0.426277 0.143935 1.5147 0.377696 0.884147 0.275008 -7.28933 -0.244489 -0.191237 0.950607 4.68879 0 0 0 1 
3394309160107;0.532391;0.0492848;0.913511 -0.377977 -0.150438 2.1084 0.362536 0.924148 -0.12049 -6.34726 0.184569 0.0555295 0.981249 -3.76853 0 0 0 1 
3394309160108;0.223867;0.0635171;0.999999 0.00140586 0.000154084 -0.212168 -0.00140713 0.999962 0.00860992 0.0259461 -0.000141974 -0.00861013 0.999963 0.605666 0 0 0 1 
3394309160109;0.0784344;0.0479204;0.99407 -0.108701 -0.00295747 -0.0800571 0.108739 0.993861 0.0203835 -1.93209 0.000723597 -0.0205843 0.999788 -0.0258967 0 0 0 1 
3394309160110;0.305364;0.0577658;0.984626 -0.165722 0.0552158 -0.349138 0.17315 0.967689 -0.183293 -2.92385 -0.0230561 0.190036 0.981506 1.35836 0 0 0 1 
3394309160111;0.289575;0.982148;0.946939 0.250035 0.201964 -1.11019 -0.232834 0.966805 -0.105243 4.44065 -0.221575 0.052634 0.973722 4.33979 0 0 0 1 
3394309160112;0.386373;0.05316;0.966215 -0.253514 0.0464586 0.145987 0.253134 0.96733 0.0140043 -4.64325 -0.0484911 -0.0017709 0.998822 1.74362 0 0 0 1 
3394309160113;0.347639;0.0642476;0.999464 0.0327367 -0.000363629 -0.230701 -0.0327368 0.999464 -0.000308388 0.945791 0.000353338 0.000320127 1 0.884274 0 0 0 1 
3394309160114;0.578959;0.550061;0.892717 0.372273 0.253909 -0.443705 -0.368228 0.92745 -0.0651472 6.4269 -0.259741 -0.0353386 0.965032 4.64049 0 0 0 1 
3394309160115;0.373208;0.0716521;0.996142 -0.0164102 0.0862132 -0.424743 0.0239685 0.995887 -0.0873796 -0.209912 -0.0844247 0.0891088 0.992437 0.771808 0 0 0 1 
3394309160116;0.177223;0.0624119;0.999446 -0.0329831 -0.00443947 0.190932 0.0329532 0.999435 -0.00663543 -0.182988 0.00465581 0.00648546 0.999968 -0.12699 0 0 0 1 
3394309160117;0.448363;0.0561969;0.977741 -0.205303 -0.0432722 0.236551 0.18538 0.941896 -0.280118 -2.5842 0.098267 0.265861 0.95899 -2.16009 0 0 0 1 
3394309160118;0.307421;0.0734659;0.954889 0.186312 0.231245 0.471493 -0.131308 0.963343 -0.233941 2.9149 -0.266354 0.193024 0.94435 4.97749 0 0 0 1 
3394309160119;0.336676;0.0525209;0.929965 -0.361489 -0.0670125 1.00372 0.362461 0.931996 0.00252778 -6.3884 0.0615416 -0.0266401 0.997749 -0.688065 0 0 0 1 
3394309160120;0.390228;0.0499974;0.877471 -0.448578 0.169771 1.45069 0.463433 0.884158 -0.0591076 -8.1227 -0.12359 0.130543 0.983709 2.78038 0 0 0 1 
3394309160121;0.364275;0.0677344;0.932572 -0.112547 0.342991 0.248475 0.183909 0.96573 -0.183148 -2.5692 -0.310624 0.233878 0.921311 6.00894 0 0 0 1 
3394309160122;0.150012;0.0732505;0.983234 0.178032 -0.0394485 0.5841 -0.17902 0.983575 -0.0230857 3.24643 0.0346906 0.0297607 0.998955 -0.539655 0 0 0 1 
3394309160124;0.265891;0.0460124;0.969657 -0.233954 0.0709291 -0.0822536 0.235593 0.971727 -0.0155858 -5.81548 -0.0652773 0.0318233 0.99736 1.44953 0 0 0 1 
3394309160125;0.0924407;0.0543597;0.991664 0.0212271 0.127091 0.0134244 -0.0297186 0.997423 0.0652955 0.676705 -0.125378 -0.0685282 0.989739 2.84303 0 0 0 1 
3394309160126;0.454214;0.059664;0.91902 0.293927 -0.262697 3.13692 -0.29534 0.95475 0.035033 7.44637 0.261107 0.0453889 0.964242 -5.82796 0 0 0 1 
3394309160127;0.391085;0.0727548;0.91789 0.392415 -0.0590571 2.10179 -0.377506 0.909339 0.174907 8.84681 0.122339 -0.138251 0.982812 -3.15695 0 0 0 1 
3394309160128;0.398984;0.0649269;0.940974 0.337041 0.0311521 1.22706 -0.328589 0.93169 -0.154866 8.17479 -0.0812204 0.135489 0.987444 2.03192 0 0 0 1 
3394309160129;0.0588853;0.0446788;0.999969 -0.00763243 -0.00190921 -0.132364 0.00764934 0.99993 0.00901214 -0.234167 0.00184029 -0.00902647 0.999958 0.134642 0 0 0 1 
3394309160130;0.354684;0.354852;0.989734 -0.132492 0.0535987 0.355076 0.136535 0.987356 -0.0805399 -3.89999 -0.0422501 0.0870312 0.995309 1.16762 0 0 0 1 
3394309160131;0.385569;0.0651409;0.886806 0.458356 0.0590339 2.95541 -0.45845 0.888629 -0.0127453 10.7516 -0.0583011 -0.0157614 0.998175 1.43162 0 0 0 1 
3394309160132;0.356548;0.0502732;0.904061 -0.424117 0.0529043 1.73815 0.427376 0.895629 -0.123285 -9.95053 0.0049048 0.134067 0.99096 0.109578 0 0 0 1 
3394309160133;0.361702;0.0483165;0.947348 -0.186685 -0.260154 1.54697 0.256591 0.928621 0.267998 -6.21989 0.191554 -0.320641 0.92763 -4.74956 0 0 0 1 
3394309160134;0.414145;0.0440931;0.975906 -0.216929 0.0234262 1.04072 0.218024 0.97372 -0.0658396 -4.73237 -0.00852806 0.0693607 0.997555 0.340927 0 0 0 1 
3394309160135;0.292331;0.0513632;0.999198 0.00381241 -0.0398657 0.032781 0.000117076 0.995176 0.0981043 -0.429083 0.0400474 -0.0980302 0.994377 -1.60166 0 0 0 1 
3394309160136;0.443471;0.0645575;0.971172 0.237845 -0.0159409 0.857354 -0.237528 0.971185 0.0194895 5.84966 0.020117 -0.0151412 0.999683 -1.28029 0 0 0 1 
3394309160137;0.250953;0.0414254;0.980739 -0.186408 -0.0583296 0.361403 0.191821 0.975493 0.107783 -4.5972 0.0368085 -0.116896 0.992462 -1.35015 0 0 0 1 
3394309160138;0.370395;0.0474521;0.92562 -0.271733 -0.263417 1.80565 0.250721 0.961672 -0.111024 -5.40375 0.28349 0.0367221 0.958272 -6.03541 0 0 0 1 
3394309160139;0.0858104;0.0703323;0.997886 0.0640909 -0.0107791 0.0239839 -0.0629738 0.994523 0.0834162 1.3323 0.0160663 -0.082561 0.996457 -0.456501 0 0 0 1 
3394309160140;0.322515;0.0433416;0.901973 -0.0554083 -0.428223 2.98585 0.0602136 0.998183 -0.00232731 -1.41792 0.427574 -0.0236857 0.90367 -10.0238 0 0 0 1 
3394309160141;0.361297;0.0680794;0.942931 0.332946 0.00531412 1.15938 -0.332978 0.942648 0.0232378 7.98083 0.00272761 -0.0236812 0.999716 -0.135281 0 0 0 1 
3394309160142;0.193657;0.0618795;0.967265 0.0147247 0.253342 0.180839 -0.0261924 0.998776 0.0419526 0.601071 -0.252414 -0.0472149 0.966467 6.03034 0 0 0 1 
3394309160143;0.448915;0.0591555;0.973608 0.227691 -0.0156317 0.00458709 -0.227087 0.973307 0.0332422 4.98551 0.0227834 -0.0288151 0.999325 -0.855076 0 0 0 1 
3394309160144;0.382267;0.0366533;0.925863 -0.341384 -0.16197 1.00758 0.327682 0.938856 -0.105709 -8.07524 0.188154 0.0447975 0.981117 -4.51763 0 0 0 1 
3394309160145;0.390824;0.0525413;0.909944 0.1175 -0.397738 2.8123 -0.205915 0.960468 -0.187351 5.15099 0.360001 0.252379 0.898167 -8.28508 0 0 0 1 
3394309160146;0.519843;0.0622987;0.988408 0.0450345 0.144991 0.078455 -0.0789449 0.968187 0.237448 1.64925 -0.129685 -0.246142 0.960518 3.96634 0 0 0 1 
3394309160147;0.314525;0.0500091;0.951845 -0.198004 -0.234062 0.707551 0.240391 0.955854 0.168983 -5.63379 0.19027 -0.217112 0.957423 -4.29341 0 0 0 1 
3394309160148;0.159477;0.0642035;0.996449 -0.00217225 0.0841655 0.0989886 -0.00687311 0.994232 0.107032 -0.117309 -0.0839125 -0.107231 0.990687 1.85027 0 0 0 1 
3394309160149;0.32406;0.0540524;0.995898 -0.0872732 0.023885 0.28046 0.0743772 0.939924 0.333183 -2.08909 -0.0515281 -0.33004 0.94256 0.604625 0 0 0 1 
3394309160150;0.0510986;0.0580843;0.998768 0.0470984 0.0156385 -0.060357 -0.0472524 0.998837 0.00962451 1.1343 -0.015167 -0.0103516 0.999831 0.436621 0 0 0 1 
3394309160151;0.610087;0.0505347;0.924189 -0.349364 -0.154334 2.60845 0.33654 0.935969 -0.103455 -7.4529 0.180595 0.0436728 0.982587 -3.85983 0 0 0 1 
3394309160152;0.362678;0.0692446;0.92449 0.281666 -0.256872 2.55663 -0.306845 0.949672 -0.0630043 7.36738 0.226198 0.137066 0.96439 -5.35782 0 0 0 1 
3394309160153;0.287468;0.0574109;0.95792 0.278767 -0.0684051 1.20268 -0.257099 0.939257 0.227366 5.65852 0.127632 -0.200212 0.971404 -2.97248 0 0 0 1 
3394309160155;0.447786;0.0656149;0.96755 -0.242328 -0.0715802 0.423997 0.249632 0.872876 0.41925 -3.14998 -0.0391152 -0.423514 0.905044 0.240144 0 0 0 1 
3394309160156;0.233355;0.0543498;0.927866 0.0699804 -0.366289 1.12344 -0.0596646 0.99744 0.0394239 0.515675 0.36811 -0.0147256 0.929665 -3.1741 0 0 0 1 
3394309160157;0.264959;0.225791;0.976958 0.0346967 0.210595 -0.588931 -0.081801 0.972222 0.219299 0.342778 -0.197136 -0.231473 0.952658 1.41713 0 0 0 1 
3394309160158;0.276214;0.0493286;0.985944 -0.163518 0.0343038 0.0293693 0.163744 0.986495 -0.00386852 -1.67479 -0.033208 0.0094312 0.999404 -0.192725 0 0 0 1 
3394309160159;0.327677;0.0778224;0.999404 0.028931 0.0188535 -0.362076 -0.0301395 0.997276 0.0673274 0.198281 -0.0168543 -0.0678555 0.997553 1.01159 0 0 0 1 
3394309160160;0.133668;0.144765;0.985929 -0.00292535 0.167138 -0.535092 0.0131602 0.998102 -0.0601613 0.00424923 -0.166645 0.0615144 0.984096 1.60249 0 0 0 1 
3394309160161;0.30505;0.789047;0.946362 0.322773 -0.0147387 -1.70882 -0.322345 0.946276 0.0255957 3.11145 0.0222085 -0.0194718 0.999564 0.139283 0 0 0 1 
3394309160162;0.0502853;0.0633601;0.999921 -0.0118543 -0.00407433 -0.0381573 0.0118487 0.999929 -0.00140981 -0.170834 0.00409075 0.00136143 0.999991 0.0977405 0 0 0 1 
3394309160163;0.250016;0.050901;0.994483 -0.0764823 -0.0717965 0.017062 0.0922992 0.963211 0.252398 -1.28325 0.0498512 -0.257632 0.964956 -0.24322 0 0 0 1 
3394309160164;0.523579;0.858433;0.901958 0.430449 -0.0344209 -2.02409 -0.43065 0.902517 0.00172306 3.75626 0.0318072 0.0132692 0.999406 0.146719 0 0 0 1 
3394309160165;0.368871;0.7356;0.961282 0.273599 0.0328605 -1.5737 -0.25598 0.930744 -0.261131 2.60161 -0.10203 0.242609 0.964744 1.73899 0 0 0 1 
3394309160166;0.306131;0.0641499;0.999454 -0.0124223 -0.0306282 -0.00296472 0.0123905 0.999922 -0.00122893 -0.116804 0.0306411 0.000848754 0.99953 -0.989103 0 0 0 1 
3394309160167;0.598213;0.0451432;0.896486 -0.140537 -0.420193 1.97598 0.215681 0.966835 0.136793 -2.81833 0.387033 -0.213261 0.897065 -2.86428 0 0 0 1 
3394309160168;0.1742;0.0909981;0.999386 0.0331554 -0.0112964 -0.227075 -0.0331327 0.999449 0.0021944 0.292128 0.0113629 -0.00181877 0.999934 0.419071 0 0 0 1 
3394309160169;0.457369;0.0419123;0.943363 -0.328914 0.0433898 0.151587 0.327528 0.944151 0.0361111 -3.91052 -0.052844 -0.0198545 0.998405 1.06099 0 0 0 1 
3394309160170;0.210774;0.0811744;0.98571 -0.103363 0.133008 -0.38693 0.124392 0.979085 -0.160997 -0.950591 -0.113585 0.175241 0.977951 0.975525 0 0 0 1 
3394309160171;0.312176;0.0758424;0.979436 -0.198974 0.0333749 0.303009 0.181795 0.942123 0.281699 -2.00069 -0.0874942 -0.269839 0.958922 0.740756 0 0 0 1 
3394309160172;0.347442;0.0548605;0.990899 -0.0572147 -0.12184 0.0621343 0.0410442 0.99049 -0.131319 -0.355928 0.128195 0.125123 0.983824 -0.154247 0 0 0 1 
3394309160173;0.513361;0.0902678;0.966975 -0.242896 0.0772091 0.604382 0.253721 0.888626 -0.38206 -1.48799 0.0241909 0.389032 0.920906 0.109797 0 0 0 1 
3394309160174;0.158617;0.0782371;0.99739 0.0471447 -0.0546814 -0.352378 -0.0533543 0.991543 -0.118305 0.617438 0.0486415 0.120914 0.991471 -0.125763 0 0 0 1 
3394309160175;0.423765;0.0967615;0.985208 -0.0383294 -0.167019 0.902984 0.00235425 0.977599 -0.210463 0.480249 0.171344 0.206957 0.963229 -1.54646 0 0 0 1 
3394309160176;0.19621;0.105531;0.995704 -0.042205 0.0824165 -0.157853 0.0386518 0.998273 0.0442434 -0.107704 -0.0841415 -0.0408678 0.995615 0.465153 0 0 0 1 
3394309160177;0.557777;0.0617189;0.954959 0.178502 -0.237047 0.48157 -0.076228 0.919599 0.385392 0.288901 0.286781 -0.349963 0.891786 -1.48389 0 0 0 1 
3394309160178;0.217629;0.0970476;0.999965 -0.00812778 -0.00176115 0.156313 0.00812436 0.999965 -0.00194234 -0.336577 0.00177687 0.00192797 0.999997 0.3688 0 0 0 1 
3394309160179;0.268847;0.0352554;0.959883 -0.280236 -0.0095838 -0.223704 0.28039 0.959575 0.0244573 -2.88161 0.00234254 -0.0261634 0.999655 -0.0848356 0 0 0 1 
3394309160180;0.363436;0.105162;0.99742 -0.00783545 0.0713565 -0.288522 0.0119284 0.998296 -0.0571144 0.315319 -0.0707874 0.0578182 0.995814 1.63334 0 0 0 1 
3394309160181;0.481709;0.048312;0.903502 -0.428346 -0.0142811 1.02261 0.428308 0.903614 -0.00579482 -3.98486 0.0153868 -0.000881096 0.999881 0.680494 0 0 0 1 
3394309160182;0.293983;0.0551954;0.998133 -0.0465957 -0.0394772 -0.0734333 0.0463025 0.998893 -0.00830858 -0.933394 0.0398206 0.00646517 0.999186 0.270108 0 0 0 1 
3394309160183;0.436918;0.0574716;0.972404 -0.23313 0.00900326 0.388823 0.221631 0.935117 0.276471 -2.98682 -0.0728728 -0.266846 0.96098 0.319133 0 0 0 1 
3394309160184;0.141133;0.051012;0.999773 -0.00868239 -0.0194814 -0.403067 0.00823197 0.9997 -0.0230832 -0.149545 0.0196759 0.0229176 0.999544 0.0758997 0 0 0 1 
3394309160186;0.458534;0.0173169;0.913028 0.406431 -0.0345564 2.1638 -0.407597 0.912324 -0.0391009 8.06601 0.0156349 0.0497853 0.998638 -0.941409 0 0 0 1 
3394309160187;0.388653;0.0684337;0.891666 -0.452681 0.00336839 1.84152 0.451545 0.888852 -0.0777774 -8.85813 0.0322143 0.0708725 0.996965 -0.307829 0 0 0 1 
3394309160188;0.269366;0.0515802;0.987784 -0.155828 0.000850269 0.267822 0.153689 0.975091 0.159928 -3.2806 -0.0257504 -0.157843 0.987128 0.836168 0 0 0 1 
3394309160189;0.483079;0.052047;0.969995 -0.190722 -0.150781 1.09784 0.137938 0.942414 -0.304679 -1.83542 0.200207 0.274739 0.940444 -3.99101 0 0 0 1 
3394309160190;0.0786131;0.0202047;0.997678 0.0654892 -0.0187002 0.169257 -0.065562 0.997843 -0.00330395 1.2325 0.0184435 0.00452231 0.99982 -0.456867 0 0 0 1 
3394309160191;0.461554;0.0758557;0.954044 -0.299251 -0.0157866 0.905812 0.299516 0.953912 0.0185043 -6.66336 0.00952158 -0.0223822 0.999704 0.466198 0 0 0 1 
3394309160192;0.432023;0.0257114;0.987283 -0.0239004 -0.157168 1.17157 -0.017955 0.965544 -0.259618 1.1455 0.157957 0.259139 0.952836 -2.43841 0 0 0 1 
3394309160193;0.353577;0.0178991;0.951072 0.308969 -7.83284e-05 1.52533 -0.308865 0.950744 -0.0262283 6.04343 -0.00802928 0.0249692 0.999656 -0.389024 0 0 0 1 
3394309160194;0.352735;0.0369129;0.953505 -0.215654 0.210527 0.407767 0.137438 0.932831 0.333071 -3.42675 -0.268214 -0.28865 0.919099 5.04055 0 0 0 1 
3394309160195;0.362433;0.018885;0.899626 0.436181 0.0204826 2.36561 -0.435541 0.899688 -0.0294109 8.41458 -0.0312564 0.0175378 0.999358 0.456218 0 0 0 1 
3394309160196;0.182053;0.0494364;0.993974 -0.0972611 0.050563 0.0644199 0.0886062 0.984433 0.151789 -2.13902 -0.0645391 -0.146394 0.987119 0.903097 0 0 0 1 
3394309160197;0.398636;0.0178949;0.918652 0.382612 -0.0984178 2.44973 -0.394722 0.899325 -0.188176 7.90905 0.0165114 0.211716 0.977192 0.519512 0 0 0 1 
3394309160198;0.114611;0.0507869;0.992587 -0.121282 -0.00784638 0.144811 0.121259 0.992616 -0.0032344 -2.50682 0.00818072 0.00225897 0.999964 -0.0602428 0 0 0 1 
3394309160199;0.260161;0.0163963;0.948079 0.317814 0.0118838 1.32035 -0.317153 0.947569 -0.0390838 6.28482 -0.0236821 0.0332855 0.999165 0.553588 0 0 0 1 
3394309160200;0.239388;0.0387802;0.999263 -0.0242351 -0.0297797 0.0852617 0.0246136 0.99962 0.0124104 -0.583397 0.0294676 -0.0131342 0.999479 0.0709872 0 0 0 1 
3394309160201;0.340496;0.0187757;0.969635 -0.0698155 0.234378 0.613042 0.114665 0.976298 -0.183561 -1.60643 -0.216007 0.204862 0.954658 4.24254 0 0 0 1 
3394309160202;0.373558;0.0337697;0.986671 -0.0749771 0.144427 -0.60949 0.075766 0.997126 3.77416e-05 -1.27064 -0.144015 0.0109054 0.989515 2.21215 0 0 0 1 
3394309160203;0.451354;0.018544;0.918905 0.392307 0.0413302 1.89572 -0.357771 0.872947 -0.331607 7.54123 -0.166171 0.289929 0.942512 3.48127 0 0 0 1 
3394309160204;0.469117;0.0181118;0.871832 0.489763 -0.0063937 2.96429 -0.489755 0.871855 0.0028793 9.5018 0.00698456 0.000621081 0.999975 -0.652539 0 0 0 1 
3394309160205;0.327235;0.0798812;0.980917 -0.186931 -0.0534739 0.863633 0.189331 0.980928 0.0439867 -4.21207 0.0442315 -0.0532715 0.9976 -1.23795 0 0 0 1 
3394309160206;0.165571;0.042344;0.998181 -0.00403202 -0.0601482 0.00157574 -0.00328313 0.992644 -0.121026 0.303595 0.0601938 0.121004 0.990825 -0.6976 0 0 0 1 
3394309160207;0.420271;0.0189794;0.971187 0.110112 0.211358 0.482876 -0.120275 0.992095 0.0358038 2.20871 -0.205744 -0.0601932 0.976753 4.99422 0 0 0 1 
3394309160208;0.487381;0.0213265;0.92299 0.311571 -0.225861 1.40317 -0.253574 0.933899 0.252057 4.21563 0.289465 -0.175373 0.940986 -5.34481 0 0 0 1 
3394309160209;0.287731;0.0226483;0.995602 0.0762912 0.0543692 -0.082287 -0.0832299 0.986714 0.139532 1.57248 -0.0430017 -0.143444 0.988724 0.0670445 0 0 0 1 
3394309160210;0.372686;0.0581396;0.954018 -0.297239 0.0387237 0.735965 0.299723 0.947688 -0.109788 -5.57413 -0.00406464 0.116346 0.9932 0.875032 0 0 0 1 
3394309160211;0.423056;0.0523988;0.916458 -0.324102 -0.234654 1.90315 0.353178 0.930854 0.0936782 -7.04859 0.188067 -0.168727 0.967555 -3.25134 0 0 0 1 
3394309160212;0.468609;0.0437335;0.96251 -0.27048 0.0203676 1.19159 0.270849 0.962449 -0.0182318 -5.79391 -0.0146714 0.0230648 0.999626 0.937221 0 0 0 1 
3394309160213;0.266849;0.0362338;0.97986 -0.141113 0.141282 -0.251124 0.166523 0.967918 -0.18816 -2.91164 -0.110198 0.207897 0.971923 2.52722 0 0 0 1 
3394309160214;0.475344;0.0294417;0.994921 -0.0966301 0.0282096 0.381102 0.0995817 0.903816 -0.416173 -1.28459 0.0147186 0.416868 0.908848 1.13456 0 0 0 1 
3394309160215;0.281079;0.0551656;0.872343 0.0911068 -0.480331 3.17172 -0.0635193 0.995276 0.0734198 1.26289 0.484751 -0.033537 0.874009 -9.42487 0 0 0 1 
3394309160217;0.276984;0.0287544;0.999992 0.000895229 0.0039336 -0.601046 -0.000910815 0.999992 0.00396221 0.36879 -0.00393002 -0.00396576 0.999984 0.443772 0 0 0 1 
3394309160218;0.423487;0.967046;0.93189 0.191038 0.308359 -2.47907 -0.24108 0.961351 0.132981 2.65351 -0.271037 -0.198263 0.941929 3.27229 0 0 0 1 
3394309160219;0.217232;0.0842869;0.986193 0.158904 -0.0466053 0.289643 -0.164844 0.968835 -0.184894 2.48346 0.0157726 0.190024 0.981653 0.124013 0 0 0 1 
3394309160220;0.375115;0.0368347;0.921985 0.181808 -0.341891 1.54106 -0.102688 0.966109 0.236829 0.555633 0.373362 -0.183245 0.909408 -5.17452 0 0 0 1 
3394309160221;0.326953;0.0821978;0.981808 0.179495 -0.0619165 -0.250008 -0.176028 0.9827 0.0575701 1.91526 0.071179 -0.0456237 0.99642 -0.338042 0 0 0 1 
3394309160222;0.142051;0.0374025;0.999136 -0.0377073 0.0174816 -0.322181 0.0381551 0.998933 -0.0260306 -0.761324 -0.0164814 0.0266751 0.999508 0.383449 0 0 0 1 
3394309160223;0.261461;0.0861548;0.959244 0.273525 -0.0709601 0.167274 -0.269673 0.961124 0.0593057 3.41604 0.084423 -0.0377526 0.995715 -1.13741 0 0 0 1 
3394309160224;0.0854273;0.089616;0.994057 0.108472 -0.00916402 -0.0673779 -0.108357 0.994037 0.0122216 1.31519 0.0104351 -0.011156 0.999883 -0.0972052 0 0 0 1 
3394309160225;0.231107;0.039397;0.999962 0.000617588 -0.00864512 -0.288619 -0.000427688 0.999759 0.0219507 0.520812 0.0086566 -0.0219462 0.999722 0.140683 0 0 0 1 
3394309160226;0.061528;0.0552137;0.999997 0.00197825 -0.00161119 -0.117925 -0.00197627 0.999997 0.00122625 0.0644051 0.00161361 -0.00122306 0.999998 -0.0923482 0 0 0 1 
3394309160227;0.376137;1.40079;0.887013 0.460285 -0.0366885 -1.92564 -0.460446 0.887677 0.00442952 5.74935 0.0346064 0.012964 0.999317 -0.184737 0 0 0 1 
3394309160228;0.303595;0.0395487;0.96504 -0.249864 0.0791535 0.253656 0.261798 0.933441 -0.245255 -2.99372 -0.0126046 0.257403 0.966222 0.266398 0 0 0 1 
3394309160229;0.401686;0.0504607;0.930604 -0.317164 0.182712 0.989571 0.320826 0.947086 0.00996226 -3.66593 -0.176204 0.0493478 0.983116 2.50167 0 0 0 1 
3394309160230;0.10387;0.0755223;0.991373 0.126452 -0.0344767 -0.0348178 -0.127514 0.991365 -0.0305738 1.66452 0.0303128 0.0347063 0.998938 -0.316942 0 0 0 1 
3394309160231;0.26477;0.065946;0.924997 -0.2291 0.303139 0.209129 0.191099 0.970042 0.149999 -2.79628 -0.328422 -0.0808191 0.941067 4.33168 0 0 0 1 
3394309160232;0.456423;0.0780476;0.870735 0.284256 -0.401271 2.68159 -0.281241 0.957238 0.06782 3.86658 0.40339 0.0538008 0.913445 -5.493 0 0 0 1 
3394309160233;0.155497;0.0622046;0.99919 0.0309535 0.0257301 -0.285841 -0.0317288 0.999038 0.0302872 0.348574 -0.0247678 -0.0310791 0.99921 0.735745 0 0 0 1 
3394309160234;0.449685;0.0370121;0.946745 -0.321842 0.00959684 0.588403 0.321984 0.946256 -0.0304139 -3.98917 0.000707395 0.0318842 0.999491 -0.81532 0 0 0 1 
3394309160235;0.164832;0.0474394;0.973125 0.124247 -0.193884 0.255368 -0.113568 0.991382 0.0652962 1.46228 0.200326 -0.0415223 0.978849 -2.51399 0 0 0 1 
3394309160236;0.330502;0.0914824;0.972328 0.224212 0.0656351 -0.0181413 -0.208722 0.959916 -0.187073 3.25882 -0.104948 0.168197 0.980151 1.92241 0 0 0 1 
3394309160237;0.197559;0.0675719;0.999931 -0.0115656 0.00194715 0.157149 0.0115453 0.999882 0.0101066 0.0978232 -0.00206381 -0.0100835 0.999947 -0.228671 0 0 0 1 
3394309160238;0.37956;0.0856707;0.981668 -0.142138 0.126984 0.677317 0.126941 0.98454 0.120693 -1.52044 -0.142176 -0.102361 0.984535 1.94651 0 0 0 1 
3394309160239;0.353533;0.0419493;0.995417 -0.0439509 0.0849347 -0.836939 0.0427634 0.998961 0.0157516 -0.40804 -0.0855387 -0.0120473 0.996262 0.557018 0 0 0 1 
3394309160240;0.540644;0.887689;0.937068 0.297352 0.182992 -2.0414 -0.216979 0.906568 -0.362016 4.04191 -0.27354 0.299528 0.914034 3.73823 0 0 0 1 
3394309160241;0.23847;0.766738;0.978414 0.0788174 0.191034 -1.59796 -0.0907609 0.994376 0.0545856 1.01774 -0.185657 -0.0707457 0.980065 1.96077 0 0 0 1 
3394309160242;0.249114;0.0410187;0.999209 -0.026937 0.0292448 -0.363458 0.0262222 0.999354 0.0245566 -0.346618 -0.0298874 -0.0237703 0.999271 -0.179527 0 0 0 1 
3394309160243;0.309141;0.118844;0.957722 0.158084 0.24037 -0.256465 -0.112786 0.974932 -0.191801 1.85471 -0.264665 0.156582 0.951543 3.39516 0 0 0 1 
3394309160244;0.346424;0.0792628;0.999988 -0.00486247 0.000202162 0.383944 0.00486099 0.999965 0.00676929 -0.44529 -0.000235071 -0.00676822 0.999977 0.675199 0 0 0 1 
3394309160245;0.222213;0.0996339;0.981843 0.141046 0.126848 -0.0593294 -0.147509 0.988124 0.043042 1.99402 -0.11927 -0.0609717 0.990988 1.14429 0 0 0 1 
3394309160246;0.394505;1.07035;0.903942 0.423543 0.059163 -1.86918 -0.427349 0.899846 0.0874699 5.49442 -0.0161903 -0.104351 0.994409 0.135832 0 0 0 1 
3394309160248;0.387346;0.0275499;0.994529 0.0905031 -0.052165 0.184824 -0.0614003 0.910466 0.409002 0.431761 0.0845104 -0.403561 0.911041 -1.24284 0 0 0 1 
3394309160249;0.0790091;0.02376;0.996321 -0.0853881 0.00732405 0.0268945 0.0853987 0.996346 -0.00114985 -1.43947 -0.00719911 0.00177108 0.999973 0.127621 0 0 0 1 
3394309160250;0.489213;0.0373132;0.930716 0.270403 -0.246273 1.72049 -0.229701 0.956142 0.18174 3.34913 0.284615 -0.112579 0.952008 -3.93528 0 0 0 1 
3394309160251;0.37181;0.0520063;0.884548 0.440646 -0.15299 2.28961 -0.401514 0.886223 0.231074 6.52082 0.237405 -0.142968 0.960832 -4.02645 0 0 0 1 
3394309160252;0.374908;0.0163127;0.933956 -0.357254 -0.00978152 1.29421 0.35727 0.934001 -0.000168495 -6.33208 0.00919615 -0.00333727 0.999952 -0.420011 0 0 0 1 
3394309160253;0.217625;0.031118;0.971038 -0.151803 0.184504 0.228337 0.160993 0.986306 -0.0358023 -2.59932 -0.176543 0.0644693 0.982179 3.48474 0 0 0 1 
3394309160254;0.306431;0.0187689;0.999847 -0.017484 -0.000324932 -0.704757 0.017483 0.999843 -0.00283952 0.0350607 0.000374528 0.00283341 0.999996 0.362154 0 0 0 1 
3394309160255;0.470321;0.0212142;0.973411 -0.224825 -0.0438826 -0.305915 0.197819 0.921645 -0.333825 -2.43144 0.115496 0.316268 0.941613 -1.72525 0 0 0 1 
3394309160256;0.293686;0.0243612;0.999282 0.0312895 -0.0213639 -0.493891 -0.03098 0.999412 0.014668 0.0418815 0.0218103 -0.0139956 0.999664 -0.0957141 0 0 0 1 
3394309160257;0.406176;0.0391352;0.988356 0.0709624 0.134598 -0.0304555 -0.0422792 0.977833 -0.205073 1.84628 -0.146167 0.196995 0.969447 3.10998 0 0 0 1 
3394309160258;0.344851;0.0407312;0.969932 0.066775 0.234036 -0.116462 -0.0148882 0.976103 -0.216799 1.01804 -0.242919 0.206796 0.947748 4.42153 0 0 0 1 
3394309160259;0.414136;0.0230831;0.878333 -0.458848 -0.134129 2.18222 0.466541 0.88395 0.0311613 -8.16529 0.104265 -0.0899468 0.990474 -1.80461 0 0 0 1 
3394309160260;0.148826;0.0261355;0.971026 0.101388 -0.216399 0.874317 -0.0871912 0.993425 0.0741974 1.38356 0.222499 -0.0531795 0.973481 -3.88768 0 0 0 1 
3394309160261;0.341319;0.0185047;0.985648 -0.167111 -0.0239066 0.347407 0.165975 0.985169 -0.0435179 -2.3475 0.0308243 0.0389255 0.998767 0.171838 0 0 0 1 
3394309160262;0.467106;0.0386241;0.975621 0.215831 -0.0397588 0.477756 -0.191703 0.926307 0.324355 2.8982 0.106834 -0.308825 0.9451 -1.14721 0 0 0 1 
