#;prob_registration_l1 -r ../../../../build/tester /home/point_clouds_registration_benchmark/long_office_household_local.txt /home/point_clouds_registration_benchmark/long_office_household -s 0.1 -t 0.1 -p 0.3 -r 1000 -m 10 -i 40 
id;initial_error;final_error;transformation
26456013410000;0.652746;0.571461;0.717043 0.576535 -0.391736 0.564409 -0.534458 0.815528 0.221966 -0.37836 0.447443 0.050207 0.892902 -0.0570918 0 0 0 1 
26456013410001;1.0574;0.661362;0.881319 0.417061 -0.222119 0.157732 -0.30821 0.863692 0.398802 0.156411 0.358168 -0.283012 0.88973 1.34715 0 0 0 1 
26456013410002;0.577722;0.63795;0.881623 0.420245 -0.214788 0.379776 -0.298224 0.848787 0.436604 0.0970044 0.36579 -0.320866 0.873638 0.907123 0 0 0 1 
26456013410003;1.10585;0.651252;0.971085 -0.054893 -0.232339 0.651571 0.142128 0.914879 0.377884 -0.192434 0.191819 -0.39998 0.896226 -0.467428 0 0 0 1 
26456013410004;0.510854;0.603576;0.914488 0.393202 0.0954118 0.270176 -0.386828 0.780492 0.491118 -0.468749 0.118641 -0.486029 0.865852 0.0156261 0 0 0 1 
26456013410005;0.315858;0.581888;0.948124 0.244742 -0.202884 0.482051 -0.19234 0.949769 0.24687 -0.0220714 0.253113 -0.195041 0.947572 0.0948954 0 0 0 1 
26456013410006;0.127418;0.620914;0.862179 0.446197 -0.239909 0.399896 -0.338566 0.859769 0.382322 -0.328361 0.376857 -0.248404 0.892342 0.542328 0 0 0 1 
26456013410007;0.936325;0.606355;0.949519 -0.0267518 -0.312567 0.0169421 0.0963218 0.973091 0.209323 0.369351 0.298556 -0.228863 0.926545 0.867755 0 0 0 1 
26456013410008;0.859142;0.614121;0.900048 0.340167 -0.272398 0.270138 -0.243539 0.910966 0.332912 -0.0252204 0.361391 -0.233297 0.902757 1.19892 0 0 0 1 
26456013410009;0.404949;0.612663;0.839474 0.397271 -0.370756 0.133934 -0.273568 0.898491 0.343328 -0.188232 0.469515 -0.186787 0.86294 0.705524 0 0 0 1 
26456013410010;0.333714;0.620277;0.857999 0.347798 -0.377987 0.354007 -0.261114 0.929036 0.262128 -0.288298 0.442331 -0.126208 0.887927 0.201174 0 0 0 1 
26456013410011;0.463956;0.565144;0.955096 0.240413 -0.173186 0.497056 -0.196842 0.951709 0.235589 -0.166965 0.221461 -0.19092 0.956297 -0.0737335 0 0 0 1 
26456013410012;1.06761;0.640617;0.809152 0.217708 -0.545781 0.956036 -0.212032 0.974431 0.0743429 0.582799 0.548011 0.0555682 0.834624 1.21171 0 0 0 1 
26456013410013;0.408963;0.586445;0.714725 0.664329 -0.218713 0.390288 -0.575247 0.736234 0.356442 -0.426152 0.397819 -0.128944 0.908357 0.513315 0 0 0 1 
26456013410014;0.281798;0.629994;0.861778 0.449265 -0.235583 0.280087 -0.340405 0.85646 0.388074 -0.408531 0.376115 -0.25424 0.89101 0.294324 0 0 0 1 
26456013410015;0.444148;0.574154;0.916724 0.222019 -0.332153 0.197583 -0.150709 0.962126 0.227158 0.00916331 0.370006 -0.158183 0.915464 0.614372 0 0 0 1 
26456013410016;0.631913;0.645519;0.77006 0.637946 0.00567216 0.0417464 -0.597863 0.718516 0.35538 -0.182059 0.222638 -0.277055 0.934705 0.866449 0 0 0 1 
26456013410017;0.712942;0.600669;0.898515 0.386626 -0.207826 0.620731 -0.319532 0.900742 0.294216 0.35916 0.300949 -0.19795 0.932869 0.580264 0 0 0 1 
26456013410018;0.599666;0.604947;0.811529 0.579667 0.0735377 0.290246 -0.562063 0.740022 0.369395 -0.672073 0.159706 -0.341107 0.926358 0.144251 0 0 0 1 
26456013410019;0.16999;0.6065;0.897632 0.387762 -0.209516 0.371423 -0.278517 0.86747 0.412218 -0.228538 0.341591 -0.311666 0.886668 0.375822 0 0 0 1 
26456013410020;0.966938;0.575897;0.885574 0.425441 -0.186439 0.106606 -0.346768 0.872578 0.344034 -0.601963 0.309048 -0.240016 0.920262 -0.436733 0 0 0 1 
26456013410021;1.2145;0.628506;0.964998 -0.0821756 -0.249051 -0.216354 0.150004 0.951914 0.267129 0.231045 0.215124 -0.295138 0.930922 -0.176014 0 0 0 1 
26456013410022;0.808376;0.607285;0.920238 -0.0104649 -0.39122 0.0913408 0.0147932 0.999858 0.00805145 0.342585 0.39108 -0.0131967 0.920262 0.0468138 0 0 0 1 
26456013410023;0.310262;0.560082;0.789618 0.56458 -0.240317 0.0595376 -0.49434 0.817345 0.29593 -0.179898 0.363498 -0.114873 0.924485 0.502637 0 0 0 1 
26456013410024;0.290654;0.59289;0.837916 0.517437 -0.173656 0.344516 -0.377551 0.779263 0.500205 -0.497865 0.394148 -0.353565 0.848315 0.527685 0 0 0 1 
26456013410025;0.115869;0.574812;0.860134 0.443569 -0.251825 0.265651 -0.349879 0.872334 0.341493 -0.231205 0.371152 -0.205622 0.90552 0.513945 0 0 0 1 
26456013410026;0.438952;0.586784;0.968564 0.2294 -0.096231 0.195932 -0.1763 0.905896 0.385059 -0.501321 0.175508 -0.355989 0.917861 0.184849 0 0 0 1 
26456013410027;1.02893;0.604668;0.691655 0.685907 -0.226153 0.612586 -0.584825 0.71564 0.381889 0.460374 0.423785 -0.131875 0.896111 0.395863 0 0 0 1 
26456013410028;0.910665;0.666902;0.85487 0.450921 -0.256646 0.268981 -0.325468 0.851281 0.411571 0.0498674 0.404064 -0.26831 0.874495 1.28632 0 0 0 1 
26456013410029;0.807992;0.633404;0.797329 0.379614 -0.469212 0.827785 -0.312659 0.924773 0.216883 0.425371 0.516246 -0.0262237 0.856039 0.256917 0 0 0 1 
26456013410031;0.378079;1.00873;0.0536414 0.832015 -0.552154 0.797296 -0.951857 0.209732 0.223563 1.06311 0.301812 0.513579 0.803209 -0.122078 0 0 0 1 
26456013410032;0.347742;0.981608;0.426111 0.829651 -0.360706 0.0730033 -0.822154 0.521499 0.228257 1.12441 0.377482 0.199293 0.904317 -0.199636 0 0 0 1 
26456013410033;0.319289;1.01536;0.317393 0.737416 -0.596221 0.23846 -0.793217 0.551005 0.25923 0.995104 0.519681 0.390655 0.759816 -0.363085 0 0 0 1 
26456013410034;0.665788;0.931523;0.345509 0.808966 -0.475602 1.0494 -0.724845 0.551949 0.412252 0.567705 0.596006 0.202301 0.777079 -0.889423 0 0 0 1 
26456013410035;0.543286;0.963111;0.493811 0.682844 -0.5384 0.811052 -0.756497 0.642663 0.121234 0.511551 0.428793 0.347432 0.833923 -0.0223334 0 0 0 1 
26456013410036;0.569296;0.907172;0.761458 0.585308 -0.278561 0.30441 -0.62407 0.778146 -0.0708944 1.08743 0.175266 0.227825 0.957798 0.296328 0 0 0 1 
26456013410037;0.587068;1.11151;0.0248035 0.723238 -0.690153 1.04779 -0.920485 0.285841 0.266462 1.54006 0.38999 0.628666 0.67282 0.166062 0 0 0 1 
26456013410038;0.163491;1.02593;0.421234 0.637144 -0.645453 0.524485 -0.794943 0.601976 0.0754331 1.09091 0.436609 0.481324 0.760066 -0.290681 0 0 0 1 
26456013410039;0.298903;0.977892;0.433761 0.775279 -0.459123 0.33562 -0.811926 0.557254 0.173908 1.37242 0.390675 0.297339 0.871184 -0.0613368 0 0 0 1 
26456013410040;0.421915;1.04116;0.0797462 0.697116 -0.71251 0.850681 -0.964706 0.233933 0.120906 1.17446 0.250965 0.67772 0.691167 -0.0253942 0 0 0 1 
26456013410041;0.740902;0.961896;0.62855 0.673781 -0.388515 0.811545 -0.666163 0.724202 0.178209 0.505431 0.401437 0.146801 0.904045 -0.993232 0 0 0 1 
26456013410042;0.386627;0.976006;0.421827 0.798302 -0.429856 0.891972 -0.81831 0.539361 0.198642 0.764297 0.390424 0.267963 0.880775 -0.202821 0 0 0 1 
26456013410043;0.418115;0.916128;0.617955 0.518939 -0.590621 0.372726 -0.671997 0.738571 -0.0541642 1.11358 0.408108 0.430367 0.805129 -0.0571102 0 0 0 1 
26456013410044;0.401489;0.903776;0.790786 0.550968 -0.266629 0.170376 -0.493665 0.831627 0.254346 0.741602 0.361872 -0.0695079 0.929633 -0.119308 0 0 0 1 
26456013410045;0.640918;0.990799;0.451076 0.791423 -0.412529 -0.270586 -0.799071 0.564005 0.208287 0.595462 0.397512 0.235687 0.886812 -0.450399 0 0 0 1 
26456013410046;0.387348;0.952338;0.458458 0.805541 -0.375392 0.264114 -0.805127 0.555309 0.208334 1.36095 0.37628 0.206726 0.903149 0.0310026 0 0 0 1 
26456013410047;0.681694;0.932489;0.611293 0.78661 -0.0869782 0.251778 -0.652127 0.56293 0.50778 0.282744 0.448388 -0.253682 0.857084 -0.785814 0 0 0 1 
26456013410048;0.200666;0.998197;0.331092 0.807035 -0.488951 0.533768 -0.822475 0.500811 0.269672 0.82069 0.462506 0.312864 0.829581 -0.390248 0 0 0 1 
26456013410049;0.634474;0.981995;0.468089 0.749061 -0.468828 0.95079 -0.83848 0.543993 0.0319954 0.946984 0.279005 0.378126 0.88271 0.186522 0 0 0 1 
26456013410050;0.211001;1.02165;0.455415 0.712667 -0.533575 0.314029 -0.811149 0.57917 0.0812362 1.16891 0.366925 0.395813 0.841842 -0.17052 0 0 0 1 
26456013410051;0.550163;0.922142;0.733847 0.639103 -0.230254 0.622813 -0.548295 0.757355 0.354663 0.461864 0.40105 -0.134021 0.906199 -0.637888 0 0 0 1 
26456013410052;0.551544;0.948525;0.515851 0.762563 -0.390379 0.78483 -0.773411 0.61052 0.170592 0.776479 0.368421 0.213923 0.904711 -0.8009 0 0 0 1 
26456013410053;0.345543;0.967127;0.278555 0.863596 -0.420249 0.824264 -0.897172 0.390142 0.207053 1.35426 0.342767 0.31936 0.88347 -0.274859 0 0 0 1 
26456013410054;0.546651;1.07563;0.148717 0.700986 -0.697497 0.507822 -0.947961 0.301859 0.10125 1.89656 0.28152 0.646142 0.709398 -0.562244 0 0 0 1 
26456013410055;0.267657;1.01392;0.306517 0.795994 -0.521959 0.741435 -0.859765 0.466838 0.207042 1.24296 0.408475 0.3853 0.827461 -0.267092 0 0 0 1 
26456013410056;0.595541;1.00728;0.53573 0.725962 -0.431246 0.903925 -0.830416 0.545499 -0.113317 0.985202 0.15298 0.418821 0.89509 -0.161229 0 0 0 1 
26456013410057;0.461018;1.07932;0.147075 0.829929 -0.538133 0.860222 -0.917405 0.317846 0.239462 0.856332 0.36978 0.458467 0.808128 -0.423766 0 0 0 1 
26456013410058;0.576941;1.01351;0.338548 0.857736 -0.386878 0.27952 -0.810016 0.474887 0.344031 0.477008 0.478811 0.196906 0.855552 -0.832454 0 0 0 1 
26456013410059;0.729412;1.03176;0.00216609 0.914091 -0.405503 1.13028 -0.89649 0.181437 0.40421 0.704334 0.443058 0.362654 0.819867 -0.0728127 0 0 0 1 
26456013410060;0.670241;0.904389;0.644086 0.670719 -0.367817 0.263827 -0.496222 0.732284 0.466394 0.928892 0.582166 -0.117879 0.804479 -0.738879 0 0 0 1 
26456013410062;0.727774;1.56199;0.963832 0.169299 -0.205831 -0.674059 -0.0915844 0.935681 0.340755 0.135574 0.250282 -0.309579 0.917344 0.190301 0 0 0 1 
26456013410063;1.34575;0.674875;0.971218 0.110246 0.211141 -0.598834 -0.040375 0.949808 -0.310216 -0.580148 -0.234744 0.292763 0.926923 -0.162129 0 0 0 1 
26456013410064;0.325852;0.505962;0.987432 0.0909904 0.129223 -0.344772 -0.107553 0.98598 0.127578 -0.256966 -0.115803 -0.139873 0.983374 0.128943 0 0 0 1 
26456013410065;0.371368;1.87741;0.907385 0.177931 -0.380781 -0.627833 -0.0861438 0.965469 0.245865 -0.321173 0.411379 -0.190292 0.891379 0.270985 0 0 0 1 
26456013410066;1.03207;1.61212;0.985063 -0.0181286 -0.171237 -1.05028 -0.0314912 0.958705 -0.282654 0.373143 0.169289 0.283825 0.943814 0.413953 0 0 0 1 
26456013410067;0.857765;1.87994;0.985217 0.128289 -0.113529 -0.829929 -0.145246 0.976939 -0.156503 -0.0966407 0.0908335 0.17068 0.981131 0.329324 0 0 0 1 
26456013410068;1.01715;1.94092;0.907566 0.398662 -0.131883 -1.287 -0.345946 0.887885 0.303284 -0.195332 0.238005 -0.229626 0.94373 0.697353 0 0 0 1 
26456013410069;0.211374;1.92747;0.917999 0.1824 -0.352149 -0.873397 -0.114788 0.972154 0.204305 -0.259029 0.379608 -0.147129 0.913373 0.326854 0 0 0 1 
26456013410070;0.584191;1.90919;0.844168 0.143219 -0.516593 -0.483505 -0.0567816 0.982119 0.179493 -0.390443 0.533063 -0.122189 0.837206 0.280841 0 0 0 1 
26456013410071;0.0848378;1.01833;0.998477 0.0333699 -0.0439274 -0.483679 -0.0353953 0.998306 -0.0461673 -0.128451 0.0423124 0.0476518 0.997967 0.0388467 0 0 0 1 
26456013410072;0.345771;1.98019;0.814538 0.519675 -0.25781 -1.25961 -0.385154 0.816788 0.429551 -0.489501 0.433803 -0.250589 0.86546 0.340063 0 0 0 1 
26456013410073;0.619828;0.683269;0.947993 0.170291 0.268906 -0.61034 -0.134704 0.980102 -0.145793 -0.142408 -0.288382 0.101988 0.952068 0.143473 0 0 0 1 
26456013410074;0.46439;1.98967;0.889889 0.259104 -0.375451 -1.09043 -0.257869 0.964641 0.0545138 -0.0124187 0.3763 0.048306 0.925238 0.164584 0 0 0 1 
26456013410075;1.52576;1.77835;0.98396 0.069117 -0.164453 -0.77172 -0.0209554 0.960291 0.278214 -0.389391 0.177152 -0.270305 0.946336 -0.634068 0 0 0 1 
26456013410076;0.479244;0.780746;0.993262 0.110772 -0.0340688 -0.522869 -0.113573 0.988897 -0.0958345 -0.0266852 0.0230747 0.099058 0.994814 -0.186888 0 0 0 1 
26456013410077;0.704929;1.92121;0.966548 0.240479 -0.0891874 -1.43071 -0.219924 0.955979 0.19426 -0.301744 0.131977 -0.168147 0.976887 0.159302 0 0 0 1 
26456013410078;0.365691;2.11603;0.917703 0.30641 -0.252853 -0.872678 -0.281019 0.950581 0.131997 -0.159354 0.280802 -0.0500772 0.958458 0.126815 0 0 0 1 
26456013410079;1.72117;1.88551;0.975049 -0.0110626 -0.221712 -0.146601 -0.0348435 0.978751 -0.202071 0.0523736 0.219236 0.204755 0.953945 0.730019 0 0 0 1 
26456013410080;1.76411;1.3765;0.998256 -0.00728092 -0.058581 -1.18551 0.00770784 0.999945 0.00706512 0.724593 0.0585264 -0.00750433 0.998258 -0.0365563 0 0 0 1 
26456013410081;1.63412;0.650523;0.957945 0.169357 0.231646 -0.473109 -0.1255 0.973231 -0.192539 0.808491 -0.258053 0.15537 0.953556 -0.482755 0 0 0 1 
26456013410082;0.404515;1.63835;0.941839 -0.0127741 -0.335821 -0.305375 0.0569523 0.99089 0.122036 0.518296 0.331203 -0.134064 0.933987 -0.151848 0 0 0 1 
26456013410083;1.34753;1.53126;0.99849 0.0511738 -0.0199592 -1.1436 -0.0505421 0.998242 0.0309617 -0.610247 0.0215085 -0.0299062 0.999321 0.492658 0 0 0 1 
26456013410084;1.15281;1.59257;0.985484 0.161159 -0.0533716 -0.79206 -0.153587 0.980303 0.124163 -0.795257 0.0723303 -0.114163 0.990825 0.44311 0 0 0 1 
26456013410085;0.50976;0.753766;0.987454 0.100242 0.122012 -0.528339 -0.0788478 0.982452 -0.169033 0.101209 -0.136815 0.157291 0.978029 -0.305182 0 0 0 1 
26456013410086;0.789041;1.97193;0.90702 0.241893 -0.344678 -0.731242 -0.216834 0.969977 0.110127 -0.263646 0.360968 -0.0251494 0.932239 -0.205388 0 0 0 1 
26456013410087;0.962758;0.999391;0.966537 0.247496 -0.0674615 -0.514706 -0.254824 0.956572 -0.141542 0.437761 0.0295007 0.153997 0.987631 0.00393303 0 0 0 1 
26456013410088;1.51292;1.67618;0.948315 0.0693845 -0.309653 -1.12877 -0.00305378 0.977753 0.209735 0.309296 0.317316 -0.197949 0.92743 -0.140715 0 0 0 1 
26456013410089;0.558558;1.97225;0.91338 0.310795 -0.262951 -1.06536 -0.281134 0.948687 0.144762 -0.207766 0.294449 -0.0582979 0.953887 0.439256 0 0 0 1 
26456013410090;1.4132;1.88472;0.801384 0.531515 -0.274364 -0.811591 -0.475024 0.844276 0.248095 -0.49297 0.363505 -0.0684897 0.929071 -0.503406 0 0 0 1 
26456013410091;1.21795;1.8869;0.980668 0.133012 -0.143519 -1.06619 -0.161426 0.964464 -0.209168 -0.240893 0.110597 0.228292 0.96729 0.528166 0 0 0 1 
26456013410093;0.469907;0.555772;0.976024 -0.214943 0.0343123 0.068381 0.217396 0.970451 -0.104711 0.65875 -0.0107916 0.10966 0.993911 -0.347947 0 0 0 1 
26456013410094;0.663694;0.401543;0.834331 0.232458 -0.499855 0.467614 -0.15702 0.969395 0.18873 0.489776 0.528429 -0.0789758 0.845296 0.193607 0 0 0 1 
26456013410095;0.871627;0.460596;0.973695 0.221124 -0.0549786 0.569591 -0.226422 0.96601 -0.124734 0.575267 0.0255281 0.133901 0.990666 0.100183 0 0 0 1 
26456013410096;0.802998;0.507482;0.994683 0.093161 -0.0439048 -0.277365 -0.0944179 0.995153 -0.0274757 0.57618 0.0411324 0.031475 0.998658 -0.519479 0 0 0 1 
26456013410097;0.47238;0.411435;0.878298 0.443418 -0.178811 0.10391 -0.463304 0.881693 -0.0892545 0.391122 0.118079 0.161236 0.979827 0.23788 0 0 0 1 
26456013410098;0.153152;0.462322;0.941406 0.15584 -0.299112 0.17543 -0.180517 0.981945 -0.0565454 0.428057 0.2849 0.107227 0.952541 0.0750444 0 0 0 1 
26456013410099;1.16156;0.529822;0.990652 -0.0166496 -0.135395 -0.131299 -0.00510137 0.987308 -0.158736 1.01714 0.136319 0.157942 0.977994 0.475275 0 0 0 1 
26456013410100;0.366643;0.443124;0.955498 0.291658 -0.0442648 -0.0250647 -0.294902 0.940559 -0.168468 0.400391 -0.00750148 0.174025 0.984713 0.226556 0 0 0 1 
26456013410101;1.16745;0.409161;0.96277 0.220984 -0.155691 -0.00820256 -0.214128 0.974978 0.0597251 0.663789 0.164994 -0.0241636 0.985999 0.803726 0 0 0 1 
26456013410102;1.13408;0.486346;0.980453 -0.064645 -0.185828 0.42538 0.0613149 0.997839 -0.0236179 0.291062 0.186953 0.0117622 0.982298 -0.832224 0 0 0 1 
26456013410103;0.393965;0.419792;0.970565 0.127498 -0.204323 0.122438 -0.109899 0.989361 0.0953243 -0.00273124 0.214303 -0.0700634 0.974251 -0.0950663 0 0 0 1 
26456013410104;1.01585;0.428326;0.928381 0.361838 -0.0847434 -0.381218 -0.344898 0.923823 0.166121 0.545555 0.138397 -0.124995 0.982457 -0.421895 0 0 0 1 
26456013410105;1.13047;0.518417;0.997981 -0.0418435 0.0477756 0.0472638 0.0478897 0.989909 -0.133368 -0.0807686 -0.0417129 0.135387 0.989914 0.486801 0 0 0 1 
26456013410106;0.197882;0.499712;0.931755 0.346923 -0.107128 -0.0227644 -0.354957 0.932428 -0.0677025 0.463431 0.0764017 0.101108 0.991937 0.0363105 0 0 0 1 
26456013410107;0.85745;0.510047;0.962352 -0.262816 0.069324 -0.203326 0.263662 0.96461 -0.00317618 0.0227216 -0.0660359 0.0213347 0.997589 -0.371198 0 0 0 1 
26456013410108;1.09003;0.481105;0.990622 0.132535 0.0332068 -0.30493 -0.128138 0.985538 -0.110882 -0.312717 -0.0474224 0.105587 0.993279 0.222083 0 0 0 1 
26456013410109;0.997601;0.447925;0.969905 0.204113 -0.132751 0.15851 -0.22519 0.959323 -0.17026 -0.221642 0.0925989 0.19503 0.976416 0.294577 0 0 0 1 
26456013410110;1.0844;0.558374;0.943164 -0.0390795 0.330023 -0.720968 0.0485616 0.998609 -0.0205331 0.366975 -0.328762 0.0353925 0.94375 -0.653149 0 0 0 1 
26456013410111;0.414986;0.549776;0.994143 -0.107723 -0.00871032 0.170744 0.0981578 0.93371 -0.344311 0.607835 0.045223 0.341439 0.938815 -0.0180466 0 0 0 1 
26456013410112;0.40276;0.416633;0.996894 0.0773405 -0.0148672 0.0239289 -0.0763198 0.995275 0.0600217 0.257167 0.019439 -0.0587006 0.998086 -0.202128 0 0 0 1 
26456013410113;0.220143;0.4355;0.949097 0.2347 -0.210072 0.125623 -0.264562 0.955933 -0.127278 0.415677 0.170943 0.176376 0.969366 0.133321 0 0 0 1 
26456013410114;0.883586;0.442294;0.991288 -0.105795 0.0784599 -0.446418 0.106321 0.994329 -0.00254329 0.0634555 -0.0777459 0.0108631 0.996914 0.24762 0 0 0 1 
26456013410115;0.901703;0.445192;0.974718 0.0652681 -0.213692 0.00946701 -0.053862 0.996817 0.0587766 0.322002 0.216848 -0.0457808 0.975131 0.738199 0 0 0 1 
26456013410116;0.0971774;0.433405;0.985066 0.0820607 -0.151365 0.131421 -0.0939219 0.992904 -0.0729422 0.439517 0.144305 0.0860693 0.985783 0.0525177 0 0 0 1 
26456013410117;0.308242;0.464426;0.990549 0.0941453 -0.0997429 0.101761 -0.0949517 0.995476 -0.0033578 0.46971 0.0989756 0.0127968 0.995008 -0.10945 0 0 0 1 
26456013410118;0.617996;0.62456;0.962787 -0.209805 0.170361 -0.214261 0.205469 0.977723 0.0428979 0.498619 -0.175566 -0.00629768 0.984448 -0.422765 0 0 0 1 
26456013410119;0.836682;0.465956;0.991255 -0.128264 -0.0310235 0.0467081 0.128832 0.99152 0.0170635 0.355737 0.0285718 -0.0209111 0.999373 -0.612975 0 0 0 1 
26456013410120;1.27194;0.481469;0.9896 0.10298 -0.100436 0.66485 -0.0966292 0.993118 0.0661781 0.51468 0.10656 -0.0557847 0.99274 -0.697685 0 0 0 1 
26456013410121;0.539915;0.461839;0.96119 -0.2473 -0.122294 0.355489 0.240655 0.96832 -0.0666515 0.457398 0.134903 0.0346341 0.990253 -0.306518 0 0 0 1 
26456013410122;0.715537;0.498654;0.987445 0.0802768 -0.136041 0.32084 -0.0872777 0.995108 -0.0462941 0.574506 0.131659 0.0575862 0.989621 -0.497976 0 0 0 1 
26456013410124;1.54152;0.525439;0.802654 0.579111 -0.142749 -0.615956 -0.592468 0.801723 -0.0788799 -0.32954 0.0687647 0.147887 0.986611 0.229212 0 0 0 1 
26456013410125;0.0901978;0.556572;0.984168 0.17603 -0.0206578 -0.0530419 -0.175474 0.984135 0.0262001 -0.114765 0.0249421 -0.0221604 0.999443 0.0442213 0 0 0 1 
26456013410126;2.04591;0.464259;0.929778 0.334896 -0.15283 0.0838655 -0.320689 0.940726 0.110422 -0.183328 0.180751 -0.0536572 0.982064 -0.664112 0 0 0 1 
26456013410127;0.892171;0.573601;0.996413 0.0677916 0.050641 -0.0332507 -0.0671717 0.997645 -0.0138465 0.535825 -0.0514605 0.0103952 0.998621 -0.101244 0 0 0 1 
26456013410128;1.22747;0.454578;0.996007 0.0880459 -0.014785 -0.17363 -0.0887633 0.994352 -0.0581776 0.147733 0.00957917 0.0592576 0.998197 -0.508205 0 0 0 1 
26456013410129;0.476134;0.604871;0.959239 0.221269 0.175785 -0.236986 -0.218193 0.975208 -0.0368906 -0.216426 -0.17959 -0.00296816 0.983737 -0.0699833 0 0 0 1 
26456013410130;2.09219;0.558872;0.967278 0.241502 0.0777758 0.121657 -0.238123 0.969933 -0.0502676 0.208138 -0.0875771 0.0301025 0.995703 0.818784 0 0 0 1 
26456013410131;1.46172;0.391099;0.994476 0.104879 0.00422335 -0.300703 -0.104651 0.993811 -0.0372626 -0.124143 -0.00810528 0.0366148 0.999297 0.626372 0 0 0 1 
26456013410132;0.769284;0.566916;0.989317 -0.104183 0.101965 -0.376347 0.0824021 0.976653 0.19839 0.314238 -0.120253 -0.187869 0.974805 0.0705484 0 0 0 1 
26456013410133;1.34603;0.704115;0.999309 0.034672 0.0133952 -0.214696 -0.0358817 0.993906 0.104229 0.487208 -0.00969971 -0.104638 0.994463 0.511942 0 0 0 1 
26456013410134;1.62064;0.634387;0.993047 -0.0538703 0.104672 0.112541 0.0529735 0.998532 0.0113304 0.427118 -0.105129 -0.00570672 0.994442 -0.781563 0 0 0 1 
26456013410135;0.477389;0.414805;0.981812 0.188375 0.0236836 0.0334542 -0.186962 0.980988 -0.0520302 0.00338422 -0.0330345 0.0466559 0.998365 -0.211227 0 0 0 1 
26456013410136;1.0412;0.507511;0.973363 -0.204968 -0.102724 -0.629262 0.206506 0.978435 0.00445031 0.659037 0.099597 -0.025545 0.9947 0.36808 0 0 0 1 
26456013410137;1.90811;0.812776;0.998923 -0.0462288 -0.00401082 -0.205409 0.0462024 0.998911 -0.00645526 0.226857 0.00430487 0.006263 0.999971 0.932024 0 0 0 1 
26456013410138;0.964836;0.44721;0.953848 0.287987 -0.0850683 0.0114711 -0.293737 0.953668 -0.0650793 -0.266567 0.062385 0.0870635 0.994247 0.627512 0 0 0 1 
26456013410139;1.47225;0.651931;0.895672 0.439826 -0.065759 0.434269 -0.443896 0.893166 -0.0721908 -0.837761 0.0269823 0.0938494 0.995221 -0.160721 0 0 0 1 
26456013410140;1.16137;0.657073;0.986516 0.162963 -0.0151531 0.165235 -0.163236 0.986406 -0.0189038 -0.44757 0.0118665 0.0211225 0.999706 0.230924 0 0 0 1 
26456013410141;0.944233;0.455619;0.973999 0.226513 -0.00433399 -0.129228 -0.226307 0.973652 0.0280665 -0.556007 0.0105772 -0.0263559 0.999597 -0.19604 0 0 0 1 
26456013410142;1.84842;0.453406;0.938299 0.191139 -0.288202 -0.760082 -0.250701 0.949996 -0.186162 -0.182326 0.238208 0.246928 0.939299 0.582402 0 0 0 1 
26456013410143;0.46443;0.489416;0.933753 0.356475 0.0320928 -0.0992377 -0.356714 0.91952 0.165038 -0.477335 0.0293218 -0.165552 0.985765 0.185172 0 0 0 1 
26456013410144;0.759937;0.485713;0.964226 0.0431809 -0.26154 -0.0886985 -0.108822 0.964151 -0.242013 0.416583 0.241713 0.261816 0.934359 0.392894 0 0 0 1 
26456013410145;0.437138;0.426565;0.985625 -0.0846394 0.146218 -0.197022 0.0374865 0.953447 0.299221 0.154439 -0.164737 -0.289438 0.942914 -0.302056 0 0 0 1 
26456013410146;1.81332;0.590797;0.993147 0.114818 -0.0218011 -0.586029 -0.113738 0.992464 0.0456044 0.219464 0.0268729 -0.0428123 0.998722 0.731133 0 0 0 1 
26456013410147;0.897776;0.717336;0.996082 0.0853371 0.0232177 0.134183 -0.0813432 0.98706 -0.138188 -0.00195532 -0.0347098 0.135757 0.990134 0.178867 0 0 0 1 
26456013410148;0.647101;0.667958;0.993147 -0.113054 -0.0296377 -0.295029 0.115887 0.98546 0.124254 0.218864 0.0151593 -0.126837 0.991808 0.235068 0 0 0 1 
26456013410149;0.510162;0.465682;0.853939 0.514274 -0.0794357 -0.117621 -0.517252 0.855563 -0.0214984 -0.535783 0.0569062 0.0594466 0.996608 0.182204 0 0 0 1 
26456013410150;1.62937;0.523632;0.955333 0.0815123 0.284067 0.06175 -0.0027802 0.963646 -0.267166 0.77607 -0.295517 0.254443 0.92083 -0.799308 0 0 0 1 
26456013410151;0.991097;0.447576;0.980346 -0.124624 0.152939 -0.446609 0.150072 0.974287 -0.168059 0.476632 -0.128062 0.187708 0.973841 -0.510324 0 0 0 1 
26456013410152;0.386143;0.639916;0.983341 0.176087 -0.045109 -0.0895754 -0.175278 0.984288 0.021337 0.0363262 0.0481574 -0.0130749 0.998754 -0.0619088 0 0 0 1 
26456013410153;1.24713;0.418044;0.900773 0.433075 0.0324637 -0.350983 -0.433931 0.900549 0.0267386 -0.251934 -0.0176554 -0.0381725 0.999115 0.373017 0 0 0 1 
26456013410155;0.44177;0.642666;0.883482 0.427044 -0.192594 -0.704666 -0.459246 0.870674 -0.176122 -0.585026 0.0924749 0.244049 0.965344 0.124801 0 0 0 1 
26456013410156;0.559197;0.627582;0.994512 0.0694421 -0.078249 -0.511964 -0.0760118 0.993531 -0.0843694 -0.127034 0.071884 0.0898542 0.993357 0.563915 0 0 0 1 
26456013410157;0.798739;0.702482;0.993509 0.0414352 -0.105939 0.1631 -0.0404522 0.999116 0.0114114 -0.376755 0.106318 -0.00705182 0.994307 -0.0614736 0 0 0 1 
26456013410158;0.506235;0.660033;0.892235 0.448017 -0.0565399 -0.3449 -0.450613 0.875186 -0.176062 -0.214209 -0.0293957 0.182566 0.982754 -0.10623 0 0 0 1 
26456013410159;0.771683;0.683025;0.955885 0.26675 -0.122995 -0.0474673 -0.288615 0.930788 -0.224356 0.245054 0.0546351 0.249957 0.966714 0.231027 0 0 0 1 
26456013410160;0.731372;0.68723;0.995945 0.0539747 -0.0719715 -0.20236 -0.0584035 0.996433 -0.0609194 0.0282146 0.0684267 0.0648758 0.995545 -0.454344 0 0 0 1 
26456013410161;0.152345;0.591119;0.978217 0.206091 0.0248642 -0.552526 -0.20318 0.975109 -0.0887711 -0.227731 -0.0425402 0.0817855 0.995742 -0.122968 0 0 0 1 
26456013410162;0.843744;0.670608;0.890652 -0.101781 -0.443147 0.0537509 0.0913879 0.994807 -0.0448094 0.422492 0.445406 -0.000588627 0.895329 0.969876 0 0 0 1 
26456013410163;0.17304;0.622923;0.983946 0.102139 -0.14635 -0.432448 -0.125837 0.978553 -0.163094 -0.100861 0.126553 0.178892 0.975696 0.209383 0 0 0 1 
26456013410164;1.05704;0.610928;0.984621 0.144203 -0.0986268 -0.43227 -0.143001 0.989537 0.0191892 -0.270307 0.100362 -0.00479037 0.994939 -0.86006 0 0 0 1 
26456013410165;1.01882;0.607354;0.989871 0.0900933 -0.109719 -0.389956 -0.0901297 0.995919 0.00463814 0.342816 0.109689 0.0052978 0.993952 0.841589 0 0 0 1 
26456013410166;0.386158;0.628049;0.930584 0.120552 -0.345659 -0.0524466 -0.223164 0.935301 -0.27461 0.0717051 0.290191 0.332686 0.897279 0.228212 0 0 0 1 
26456013410167;0.362618;0.4499;0.989868 0.0366281 -0.137182 -0.304745 0.0272967 0.89904 0.437014 -0.64619 0.139339 -0.436331 0.888932 0.178901 0 0 0 1 
26456013410168;0.272737;0.617704;0.951061 -0.00943558 -0.30886 -0.282806 0.014506 0.999795 0.0141243 -0.315176 0.308664 -0.0179134 0.951003 0.180575 0 0 0 1 
26456013410169;0.677811;0.43676;0.995945 -0.046057 -0.0772811 -0.343805 0.0468272 0.998869 0.00818248 -0.400288 0.0768168 -0.0117682 0.996976 0.566822 0 0 0 1 
26456013410170;0.704368;0.697682;0.992088 0.116294 -0.0472888 -0.322703 -0.114755 0.99281 0.0340484 -0.843964 0.0509085 -0.0283524 0.998301 0.204847 0 0 0 1 
26456013410171;1.02478;0.398782;0.940692 -0.246428 -0.233178 -0.885399 0.251798 0.967755 -0.00693476 -0.0619907 0.227368 -0.0521905 0.972409 0.0439668 0 0 0 1 
26456013410172;0.366617;0.663114;0.954503 -0.00579161 -0.298145 -0.293888 0.0317127 0.996113 0.0821772 -0.24159 0.296511 -0.0878934 0.950976 0.0167382 0 0 0 1 
26456013410173;0.895873;0.619225;0.887418 0.450974 -0.0954554 -1.17575 -0.446969 0.892463 0.0610628 -0.808123 0.112728 -0.0115227 0.993559 0.583348 0 0 0 1 
26456013410174;0.457447;0.290369;0.992976 -0.105935 -0.0526901 -0.328364 0.106759 0.994199 0.0130648 0.164042 0.0510004 -0.0185982 0.998525 0.068777 0 0 0 1 
26456013410175;0.623034;0.651991;0.985383 0.155284 -0.0700535 -0.513806 -0.154213 0.987825 0.0204882 -0.253509 0.0723822 -0.00938561 0.997333 -0.474168 0 0 0 1 
26456013410176;0.235307;0.483498;0.981894 -0.057496 -0.180492 -0.329429 0.0582696 0.9983 -0.00101772 -0.0243425 0.180244 -0.00951793 0.983576 0.172632 0 0 0 1 
26456013410177;0.877512;0.710555;0.96732 0.24955 -0.0448972 -0.129962 -0.249671 0.968326 0.00299393 0.248734 0.0442222 0.00831342 0.998987 0.144382 0 0 0 1 
26456013410178;0.197683;0.627666;0.993267 0.099818 -0.058797 -0.593699 -0.0999533 0.994992 0.000643667 -0.095673 0.0585668 0.00523762 0.99827 -0.00329641 0 0 0 1 
26456013410179;0.15124;0.699444;0.989944 0.126123 0.0640672 -0.644306 -0.133219 0.983509 0.122319 -0.312227 -0.0475834 -0.129624 0.990421 0.0776239 0 0 0 1 
26456013410180;0.554153;0.637125;0.992172 0.108439 -0.0619383 -0.0705718 -0.118776 0.972604 -0.199834 0.129019 0.0385715 0.205627 0.97787 0.0877826 0 0 0 1 
26456013410181;0.475904;0.690848;0.989276 0.135271 0.055095 -0.740154 -0.145837 0.935651 0.321387 -0.903171 -0.00807549 -0.325975 0.945344 -0.00191419 0 0 0 1 
26456013410182;0.72307;0.486541;0.991609 -0.127283 0.0225795 -0.900142 0.128993 0.985695 -0.108472 0.0592105 -0.00844989 0.110474 0.993843 0.280173 0 0 0 1 
26456013410183;0.714484;0.447138;0.999292 0.0321261 -0.0195949 -0.531325 -0.0371215 0.926929 -0.373396 -0.0134675 0.00616731 0.373858 0.927465 0.493426 0 0 0 1 
26456013410184;0.435457;0.535508;0.999857 0.0167372 -0.00249603 -0.185233 -0.016855 0.998128 -0.0587966 0.117017 0.00150727 0.0588302 0.998267 -0.146867 0 0 0 1 
26456013410186;2.57906;2.53242;0.79794 -0.577496 0.1726 0.719744 0.599774 0.789125 -0.132488 0.37488 -0.0596915 0.209238 0.976041 -0.692821 0 0 0 1 
26456013410187;0.634766;1.24054;0.748993 -0.645102 0.151169 0.325129 0.66232 0.722599 -0.197947 1.41407 0.0184611 0.248383 0.968486 -0.204298 0 0 0 1 
26456013410188;1.09866;2.35523;0.798934 -0.529187 -0.285772 1.112 0.582576 0.798964 0.149204 0.717925 0.149365 -0.285687 0.946611 0.0251277 0 0 0 1 
26456013410189;0.60767;0.972952;0.904579 -0.426115 -0.0127555 0.128928 0.423959 0.902332 -0.0778126 0.919301 0.0446668 0.0649798 0.996886 -0.0493476 0 0 0 1 
26456013410190;1.29465;1.71207;0.695578 -0.717807 -0.0303908 0.418323 0.716172 0.696118 -0.0501667 1.37517 0.0571657 0.0131298 0.998278 0.457725 0 0 0 1 
26456013410191;1.28532;2.50384;0.859661 -0.494921 0.126634 0.608088 0.50743 0.855927 -0.0995198 0.642445 -0.0591349 0.149811 0.986945 -0.412846 0 0 0 1 
26456013410192;1.88351;3.27521;0.770035 -0.622595 0.139358 1.16009 0.617715 0.782191 0.0812704 1.66606 -0.159603 0.0235027 0.986901 0.0728819 0 0 0 1 
26456013410193;1.11745;1.34943;0.812704 -0.575945 -0.0883162 0.262743 0.576309 0.816882 -0.0238984 1.10698 0.0859081 -0.0314752 0.995806 -0.188343 0 0 0 1 
26456013410194;2.37375;2.70149;0.759998 -0.634156 0.142302 1.38944 0.647607 0.75739 -0.0834641 0.738808 -0.0548488 0.155588 0.986298 -0.525765 0 0 0 1 
26456013410195;1.70586;1.60255;0.771364 -0.631036 0.0824084 0.545573 0.635456 0.756713 -0.153564 1.25526 0.0345446 0.17082 0.984696 -0.620102 0 0 0 1 
26456013410196;0.514644;1.3716;0.771448 -0.634114 0.0526046 0.414052 0.630634 0.772972 0.0693914 1.00638 -0.0846639 -0.0203576 0.996202 0.0474208 0 0 0 1 
26456013410197;2.7645;2.38177;0.662121 -0.614104 0.429502 -0.507821 0.654084 0.753293 0.0687253 1.06346 -0.365745 0.235426 0.900447 -0.237305 0 0 0 1 
26456013410198;2.3433;2.36002;0.804868 -0.591047 -0.0533922 1.39122 0.591358 0.806328 -0.0114703 0.405457 0.0498312 -0.0223418 0.998508 0.237626 0 0 0 1 
26456013410199;2.04036;1.31164;0.846882 -0.518036 -0.120121 0.796678 0.500117 0.852653 -0.151215 0.957259 0.180757 0.0679865 0.981175 -0.459757 0 0 0 1 
26456013410200;2.25828;2.02323;0.483689 -0.633245 0.60419 -0.312751 0.683308 0.704586 0.191441 1.65664 -0.546933 0.32025 0.773502 -0.743571 0 0 0 1 
26456013410201;2.32984;1.57759;0.696809 -0.696108 0.172887 -0.316406 0.706467 0.707742 0.00227056 1.57782 -0.12394 0.120557 0.984939 -0.548597 0 0 0 1 
26456013410202;0.574695;1.71492;0.792973 -0.608786 0.0239572 0.393714 0.608843 0.793271 0.00568967 1.06019 -0.0224683 0.0100744 0.999697 0.0862765 0 0 0 1 
26456013410203;2.04835;3.09461;0.770139 -0.612782 0.177155 1.47655 0.534611 0.77157 0.344777 0.363183 -0.347961 -0.170817 0.921816 -0.215344 0 0 0 1 
26456013410204;0.669991;3.12047;0.831272 -0.555827 0.0065341 1.1079 0.539932 0.810184 0.228201 0.878642 -0.132134 -0.186169 0.973592 -0.313113 0 0 0 1 
26456013410205;0.908947;1.8979;0.810786 -0.582907 0.0533464 0.335075 0.583861 0.811849 -0.00287151 1.1568 -0.0416354 0.033475 0.998572 -0.131657 0 0 0 1 
26456013410206;1.79634;1.75335;0.880999 -0.471517 0.0388971 0.176925 0.471027 0.866412 -0.165722 0.492892 0.0444399 0.164322 0.985405 -0.264493 0 0 0 1 
26456013410207;0.232642;1.35318;0.773669 -0.632921 -0.0291192 0.364865 0.633428 0.773694 0.0129117 1.06824 0.0143572 -0.0284343 0.999493 -0.0194259 0 0 0 1 
26456013410208;2.37807;1.15519;0.842157 -0.500801 0.199925 0.015297 0.538817 0.796086 -0.275542 1.36738 -0.021166 0.339773 0.940269 -0.955015 0 0 0 1 
26456013410209;2.64335;2.48249;0.791037 -0.607149 0.0750345 1.53852 0.596155 0.792561 0.128244 0.389848 -0.137332 -0.0567133 0.9889 -0.385051 0 0 0 1 
26456013410210;2.26073;1.87502;0.755731 -0.653865 0.0364896 0.144257 0.65425 0.75138 -0.0859386 1.45879 0.0287747 0.0888198 0.995632 -0.593226 0 0 0 1 
26456013410211;1.42407;1.03054;0.776315 -0.606649 0.171207 -0.186083 0.610661 0.791146 0.034357 1.56002 -0.156293 0.0778777 0.984636 -0.487328 0 0 0 1 
26456013410212;1.48789;2.14028;0.7706 -0.631696 -0.0844724 0.380119 0.616788 0.772567 -0.150708 0.787112 0.160462 0.0640344 0.984963 0.0142028 0 0 0 1 
26456013410213;1.60061;0.869517;0.691854 -0.706799 0.147557 -0.195862 0.717019 0.648493 -0.255618 1.96516 0.0849814 0.282652 0.955451 0.0353757 0 0 0 1 
26456013410214;1.7042;1.31984;0.759654 -0.647014 0.0655641 -0.148009 0.650103 0.752877 -0.102672 1.60649 0.0170682 0.120618 0.992552 0.243474 0 0 0 1 
26456013410215;0.754244;2.41903;0.662091 -0.686075 0.301555 0.529569 0.727264 0.685329 -0.0375634 1.45181 -0.180893 0.244181 0.952708 -0.524551 0 0 0 1 
26456013410217;1.32332;1.95984;0.790258 0.612533 0.0171788 -0.408126 -0.607295 0.786625 -0.111416 -0.420885 -0.0817592 0.0776147 0.993625 -0.286978 0 0 0 1 
26456013410218;1.34012;1.76735;0.99655 -0.0327185 0.0762744 -0.0612117 0.00150267 0.925979 0.377573 -0.185359 -0.0829821 -0.376156 0.922833 -0.0661806 0 0 0 1 
26456013410219;0.65608;0.524491;0.954574 0.295036 0.0417507 -0.187352 -0.289274 0.95117 -0.107689 -0.0431975 -0.0714842 0.0907201 0.993308 -0.123516 0 0 0 1 
26456013410220;1.46371;0.877363;0.933489 -0.324192 0.15329 -0.112186 0.338686 0.937513 -0.0797547 0.814844 -0.117856 0.126367 0.984958 -0.0949216 0 0 0 1 
26456013410221;1.60635;1.98828;0.99982 0.0189575 0.00101555 -0.0830487 -0.018916 0.990226 0.138182 -0.0677118 0.00161395 -0.138176 0.990406 -0.0672724 0 0 0 1 
26456013410222;2.32392;0.0574369;0.987685 0.113887 -0.107275 0.075011 -0.13554 0.965325 -0.223104 -0.565509 0.0781465 0.234897 0.968874 -0.700724 0 0 0 1 
26456013410223;1.20647;0.471308;0.991878 0.1261 0.0166375 -0.259964 -0.126931 0.989719 0.0659133 0.162866 -0.00815477 -0.0674897 0.997687 0.0582677 0 0 0 1 
26456013410224;0.781646;0.0927946;0.950469 0.136671 0.279159 -0.389405 -0.193792 0.96277 0.188462 -0.224609 -0.243008 -0.233226 0.941569 -0.345641 0 0 0 1 
26456013410225;1.91639;1.0078;0.952035 -0.159195 0.261315 -0.475546 -0.043922 0.774064 0.631582 -1.14138 -0.302819 -0.612766 0.729944 -0.342566 0 0 0 1 
26456013410226;0.740714;0.549234;0.981576 0.171551 0.0841389 -0.16152 -0.172823 0.98492 0.00802162 0.0251018 -0.081494 -0.022415 0.996422 -0.0678448 0 0 0 1 
26456013410227;0.854149;0.831137;0.994094 -0.108391 -0.005424 0.0500603 0.108299 0.994006 -0.014956 0.0421411 0.00701258 0.0142803 0.999873 0.0109549 0 0 0 1 
26456013410228;0.477964;0.10817;0.973014 -0.102269 -0.206843 0.193022 0.0579311 0.975976 -0.210034 0.296942 0.223354 0.192384 0.955563 0.0345007 0 0 0 1 
26456013410229;0.488387;0.0915926;0.891441 -0.20392 -0.40466 0.371412 0.271815 0.955154 0.117463 0.00536138 0.362559 -0.214704 0.906892 0.379555 0 0 0 1 
26456013410230;0.907029;0.107997;0.996628 0.0780366 0.025346 -0.0469109 -0.0798614 0.993471 0.0814749 0.0694774 -0.0188225 -0.0832244 0.996353 -0.258433 0 0 0 1 
26456013410231;2.37848;0.0971696;0.971905 -0.150438 -0.181024 0.330543 0.206993 0.912404 0.35309 -0.461362 0.112049 -0.380641 0.917909 -0.604798 0 0 0 1 
26456013410232;0.758672;0.242465;0.997952 0.0584534 0.0259915 0.0986032 -0.0608156 0.992923 0.102008 -0.172102 -0.0198448 -0.10338 0.994444 -0.172216 0 0 0 1 
26456013410233;0.876115;0.126263;0.998105 -0.0576547 0.021501 -0.0220564 0.0559061 0.995647 0.074578 0.328536 -0.0257072 -0.0732346 0.996983 0.0513368 0 0 0 1 
26456013410234;0.436918;0.069136;0.989285 0.142373 0.0323285 -0.0886913 -0.145773 0.950989 0.272708 -0.39498 0.00808211 -0.274498 0.961554 0.290205 0 0 0 1 
26456013410235;0.42537;0.100282;0.935065 -0.0185586 0.35399 -0.370384 0.0480025 0.996059 -0.0745782 0.0158555 -0.351211 0.0867279 0.932271 -0.32384 0 0 0 1 
26456013410236;1.61117;0.125507;0.985508 0.107143 0.131511 -0.0571323 -0.131367 0.972544 0.192094 -0.22283 -0.107319 -0.206587 0.972525 -0.636251 0 0 0 1 
26456013410237;1.76467;0.959998;0.996473 0.0712689 0.0443032 0.160412 -0.0799581 0.966602 0.243491 0.0491157 -0.0254702 -0.246175 0.968891 0.061763 0 0 0 1 
26456013410238;1.19544;0.156986;0.920469 0.383988 -0.0727329 0.106493 -0.320707 0.848506 0.420933 -0.511141 0.223348 -0.36413 0.904171 0.0434745 0 0 0 1 
26456013410239;0.73293;0.121019;0.895731 -0.361156 -0.25929 0.322712 0.384207 0.92226 0.0426774 0.267747 0.223719 -0.137848 0.964856 0.0319765 0 0 0 1 
26456013410240;1.79116;1.94808;0.955643 0.0677091 -0.28664 0.0192538 -0.039512 0.993892 0.103043 0.0358471 0.291866 -0.0871466 0.952481 0.355556 0 0 0 1 
26456013410241;1.92987;0.989497;0.989807 0.0266944 0.139893 0.245648 -0.0122823 0.994617 -0.10289 -0.00626494 -0.141887 0.100123 0.984806 -0.0591817 0 0 0 1 
26456013410242;1.40722;0.130205;0.940487 0.284638 0.185649 -0.228877 -0.337365 0.847704 0.409368 -0.48653 -0.0408533 -0.447637 0.893282 -0.309048 0 0 0 1 
26456013410243;0.583238;0.0829133;0.928574 -0.327892 0.17389 -0.159546 0.352841 0.925217 -0.139557 0.359047 -0.115126 0.190944 0.974826 -0.25809 0 0 0 1 
26456013410244;0.533279;0.0793914;0.997454 0.051541 0.0492755 -0.0341875 -0.0510663 0.998636 -0.0108467 0.0133303 -0.0497674 0.00830278 0.998726 0.1754 0 0 0 1 
26456013410245;0.736282;0.171382;0.966728 -0.195603 0.164853 -0.196372 0.228081 0.950892 -0.209246 0.293113 -0.115828 0.239884 0.963867 0.0878891 0 0 0 1 
26456013410246;1.05866;0.0585944;0.99306 0.0943705 -0.0701919 -0.0165736 -0.0978658 0.994035 -0.0481404 -0.483774 0.0652301 0.0546757 0.996371 0.0384603 0 0 0 1 
26456013410248;1.23759;1.02683;0.70441 0.699324 -0.121457 -1.38329 -0.709166 0.700598 -0.0790311 -1.15568 0.0298244 0.141804 0.989445 0.508503 0 0 0 1 
26456013410249;1.46586;0.837861;0.631806 0.732052 0.254796 -1.04465 -0.756773 0.653675 -0.0015339 -0.982949 -0.167677 -0.191854 0.966994 0.536039 0 0 0 1 
26456013410250;0.412958;0.877065;0.98682 0.0441217 -0.155693 -0.556794 -0.0720545 0.981277 -0.178615 0.0709846 0.144898 0.187479 0.971523 0.26545 0 0 0 1 
26456013410251;1.34871;0.849591;0.910403 0.413279 -0.0191723 -0.60135 -0.412513 0.903219 -0.11844 -0.485001 -0.031632 0.115737 0.992776 0.777345 0 0 0 1 
26456013410252;1.49487;0.853247;0.525912 0.84718 -0.0755166 -0.959171 -0.85031 0.521631 -0.0698189 -1.04064 -0.0197574 0.100931 0.994697 -1.00838 0 0 0 1 
26456013410253;0.288077;0.85968;0.864064 0.494661 -0.0932931 -0.620702 -0.502955 0.856006 -0.119542 -0.628764 0.0207269 0.150214 0.988436 -0.191477 0 0 0 1 
26456013410254;0.399182;0.833333;0.836499 0.547737 0.0158902 -0.782816 -0.536598 0.824675 -0.178814 -0.527051 -0.111048 0.141051 0.983755 -0.373515 0 0 0 1 
26456013410255;1.26559;0.866817;0.985002 0.172544 -0.000169205 -0.724705 -0.169494 0.967403 -0.188155 -0.306451 -0.0323014 0.185362 0.982139 0.616352 0 0 0 1 
26456013410256;0.836061;0.811436;0.924944 0.368614 -0.0927515 -0.241512 -0.311885 0.875481 0.369135 -0.591692 0.217271 -0.312502 0.924736 -0.116589 0 0 0 1 
26456013410257;1.31918;0.869149;0.953666 0.275514 -0.120885 -0.801652 -0.267193 0.96026 0.0806705 -0.97778 0.138307 -0.0446329 0.989383 -0.144687 0 0 0 1 
26456013410258;1.48742;0.836254;0.894568 0.446865 -0.00769555 -0.0240689 -0.400339 0.793536 -0.458289 -0.853567 -0.198687 0.413052 0.88877 0.291941 0 0 0 1 
26456013410259;1.01942;0.836975;0.751413 0.651847 -0.102344 -1.18666 -0.648398 0.758206 0.0685824 -0.510638 0.122303 0.0148263 0.992382 0.217616 0 0 0 1 
26456013410260;0.460663;0.81977;0.667641 0.738363 -0.0952642 -0.873361 -0.704185 0.667839 0.241069 -1.16646 0.241617 -0.0938638 0.965821 0.518784 0 0 0 1 
26456013410261;1.44656;0.820348;0.748272 0.555423 -0.36276 0.192768 -0.614061 0.786826 -0.0619239 -0.815062 0.251035 0.269093 0.929823 0.812696 0 0 0 1 
26456013410262;0.220515;0.835267;0.84739 0.478476 0.230197 -0.822665 -0.475842 0.876692 -0.070602 -0.667608 -0.235593 -0.0497101 0.97058 -0.504091 0 0 0 1 
26456013410263;0.872308;0.83478;0.955581 0.166187 0.243406 -0.808219 -0.190269 0.97856 0.0788526 -0.573188 -0.225084 -0.121663 0.966714 -0.793544 0 0 0 1 
