#;prob_registration_l1 -r ../../../../build/tester /home/point_clouds_registration_benchmark/p2at_met_local.txt /home/point_clouds_registration_benchmark/p2at_met -s 0.2 -t 0.2 -p 0.3 -r 1000 -m 10 -i 40 
id;initial_error;final_error;transformation
27844314100000;0.368279;0.356843;0.99948 -0.00329467 0.0320877 -0.171433 -0.00123156 0.990147 0.140026 0.0671414 -0.0322329 -0.139993 0.989628 -8.39194 0 0 0 1 
27844314100001;0.325629;0.136816;0.98741 0.0192761 -0.157005 0.266103 0.0100009 0.982954 0.183577 -0.0942306 0.157867 -0.182836 0.970386 -7.75671 0 0 0 1 
27844314100002;0.342132;0.311427;0.93077 -0.0314379 0.364251 -1.61984 -0.0730217 0.960237 0.269469 -2.63424 -0.358239 -0.277412 0.891464 -24.5559 0 0 0 1 
27844314100003;0.135271;0.137887;0.995139 -0.00426804 0.0983917 -0.00205337 -0.0127792 0.985018 0.171977 -0.410051 -0.0976516 -0.172398 0.980175 -12.4897 0 0 0 1 
27844314100004;0.89077;0.690409;0.985694 0.0395772 -0.16383 1.40477 0.00370863 0.96671 0.255846 -0.921834 0.168502 -0.252794 0.952734 -12.2588 0 0 0 1 
27844314100005;0.300669;0.263908;0.935879 0.0526071 -0.348371 0.298958 -0.00728891 0.991469 0.130139 -0.100195 0.352245 -0.119255 0.928279 0.975143 0 0 0 1 
27844314100006;0.461976;0.407825;0.999862 0.015481 0.00600371 0.97737 -0.0156834 0.999255 0.0352687 -0.149046 -0.00545324 -0.035358 0.99936 -2.0648 0 0 0 1 
27844314100007;1.17629;0.955261;0.999166 0.0224674 0.034108 1.53357 -0.0255011 0.995498 0.0912836 -0.338038 -0.0319035 -0.0920772 0.995241 -4.83655 0 0 0 1 
27844314100008;0.519074;0.408082;0.99986 0.0152684 0.00677386 0.957667 -0.0155017 0.999237 0.035848 -0.299575 -0.00622135 -0.035948 0.999334 -1.62822 0 0 0 1 
27844314100009;0.482706;0.454365;0.992973 -0.0206166 0.116534 -1.1035 0.0260082 0.998651 -0.0449362 0.403143 -0.11545 0.0476513 0.99217 0.00411008 0 0 0 1 
27844314100010;0.848926;0.0624536;0.998877 0.0322947 -0.0346682 1.97074 -0.0258424 0.984645 0.172647 -0.944997 0.0397115 -0.171557 0.984374 -11.2664 0 0 0 1 
27844314100011;0.370547;0.29694;0.981663 0.00325966 -0.190599 -0.991041 -0.0144847 0.998239 -0.0575302 -0.636363 0.190075 0.059236 0.979981 8.34448 0 0 0 1 
27844314100012;1.02719;0.374603;0.991824 0.0147044 -0.126761 0.0852739 -0.0197794 0.999048 -0.0388701 -0.552508 0.126069 0.0410596 0.991171 7.57465 0 0 0 1 
27844314100013;0.818365;0.743759;0.998887 0.0247166 -0.0401659 1.39417 -0.0205094 0.994575 0.101976 -0.446805 0.0424685 -0.101039 0.993976 -5.80029 0 0 0 1 
27844314100014;0.722224;0.269083;0.998374 0.00151395 -0.0569901 -0.0136364 -0.00116534 0.99998 0.00614974 -0.0201943 0.0569983 -0.00607333 0.998356 -0.843532 0 0 0 1 
27844314100015;1.11358;0.595952;0.99953 -0.0035352 -0.030464 -0.0216006 0.00278053 0.999689 -0.0247795 -0.17117 0.0305421 0.0246831 0.999229 -0.326983 0 0 0 1 
27844314100016;0.370882;0.10671;0.992361 -0.0207219 0.121617 -1.1174 0.0695128 0.90833 -0.412438 -4.7932 -0.101922 0.417741 0.902831 21.8289 0 0 0 1 
27844314100017;0.341055;0.231219;0.995443 -0.00621197 -0.0951562 -0.949096 0.0099766 0.999184 0.0391381 0.507319 0.0948355 -0.0399091 0.994693 -0.0445619 0 0 0 1 
27844314100018;0.853373;0.263141;0.999572 0.00752789 0.0282846 0.610448 -0.00760313 0.999968 0.00255362 -0.096612 -0.0282645 -0.00276758 0.999597 -2.97215 0 0 0 1 
27844314100019;0.871961;0.0858833;0.999955 0.00800074 0.0051727 0.65729 -0.00786397 0.999632 -0.0259429 -0.212957 -0.00537836 0.025901 0.99965 -0.96482 0 0 0 1 
27844314100020;0.613803;0.647104;0.99644 0.0225582 -0.0812339 0.894174 -0.00305825 0.972576 0.232566 -0.629972 0.0842524 -0.23149 0.969182 -12.0425 0 0 0 1 
27844314100021;0.300355;0.0728328;0.948304 -0.0284547 -0.316086 -4.02643 0.00891879 0.997969 -0.0630813 -0.204572 0.317239 0.0570011 0.946631 10.8076 0 0 0 1 
27844314100022;0.628187;0.0670146;0.99994 0.00841167 0.00695706 0.63031 -0.0082552 0.999719 -0.0222214 -0.244967 -0.00714202 0.0221626 0.999729 -0.586489 0 0 0 1 
27844314100023;0.278091;0.0892669;0.996406 0.0103019 0.0840813 0.800921 -0.00666595 0.999035 -0.0434102 -0.368996 -0.0844473 0.0426937 0.995513 -0.231128 0 0 0 1 
27844314100024;0.416131;0.276329;0.968885 0.00266262 -0.247498 -1.29431 -0.0121598 0.999247 -0.036852 -0.310085 0.247213 0.0387148 0.968187 7.25422 0 0 0 1 
27844314100025;0.365706;0.319063;0.991835 -0.0145636 -0.126697 -1.45543 0.0144681 0.999894 -0.00167435 0.361699 0.126708 -0.000172378 0.99194 2.524 0 0 0 1 
27844314100026;0.38807;0.167295;0.983175 -0.0117715 0.182284 -0.596536 0.00281004 0.998778 0.0493425 0.0663098 -0.182642 -0.0480001 0.982007 -7.94301 0 0 0 1 
27844314100027;0.827287;0.728966;0.980623 -0.0298552 -0.193614 -2.76301 0.00432625 0.991378 -0.130958 -0.938211 0.195855 0.127583 0.972298 11.6371 0 0 0 1 
27844314100028;0.216847;0.160415;0.993519 -0.0201173 0.111875 -1.06815 0.0341523 0.99157 -0.124989 -0.0329238 -0.108418 0.128 0.98583 4.93318 0 0 0 1 
27844314100029;0.528223;0.383799;0.996704 0.012239 0.0801927 1.03635 -0.0107382 0.99976 -0.0191201 -0.297309 -0.0804074 0.0181959 0.996596 -1.54736 0 0 0 1 
27844314100031;1.32944;0.579458;0.999138 -0.0391793 -0.0136973 0.0459194 0.0391471 0.99923 -0.00260685 0.0772729 0.0137889 0.00206839 0.999903 2.61894 0 0 0 1 
27844314100032;1.35252;0.924971;0.949708 0.0400994 -0.310559 -1.18071 0.0549597 0.955026 0.291383 1.64559 0.308276 -0.293797 0.904792 6.18448 0 0 0 1 
27844314100033;0.908498;0.417471;0.974586 0.016705 -0.223388 -0.699929 0.0359668 0.972609 0.229646 0.785909 0.221105 -0.231844 0.947291 4.96137 0 0 0 1 
27844314100034;0.315932;0.29647;0.999797 0.0194028 0.00547415 -0.0552956 -0.0194947 0.999661 0.0172603 -0.243428 -0.00513739 -0.0173635 0.999836 -0.155748 0 0 0 1 
27844314100035;0.38412;0.166329;0.999559 -0.00462905 -0.0293254 0.0498616 0.00326847 0.998923 -0.0462749 -0.13489 0.029508 0.0461587 0.998498 -0.475252 0 0 0 1 
27844314100036;0.255516;0.16185;0.996994 0.0235705 0.0738011 -0.0208001 -0.0358608 0.984804 0.169925 -0.0341932 -0.0686744 -0.17206 0.98269 -0.115366 0 0 0 1 
27844314100037;0.704806;0.396744;0.999182 -0.0343558 0.0213078 0.241658 0.0370749 0.988861 -0.144149 -0.164852 -0.0161181 0.144821 0.989327 0.165651 0 0 0 1 
27844314100038;1.02577;0.627398;0.996365 0.0216573 0.08239 0.0170708 -0.0190171 0.999284 -0.0326963 0.0439179 -0.0830392 0.0310106 0.996064 0.668541 0 0 0 1 
27844314100039;0.646323;0.227754;0.998132 -0.0188745 0.0581079 -0.0126763 0.0305719 0.977747 -0.207549 -0.144025 -0.0528975 0.208938 0.976497 0.131823 0 0 0 1 
27844314100040;0.526776;0.514066;0.957658 -0.00401866 0.28788 0.113165 0.0128971 0.999498 -0.0289509 -0.333379 -0.287619 0.0314378 0.957229 -4.00443 0 0 0 1 
27844314100041;0.240913;0.196367;0.986756 -0.0286614 -0.159661 -0.206794 0.0193691 0.998043 -0.0594561 -0.0412756 0.161053 0.0555762 0.98538 1.87578 0 0 0 1 
27844314100042;1.10623;0.661707;0.999429 -0.0247255 -0.0230152 0.22898 0.0258399 0.998442 0.0494528 -0.307244 0.0217566 -0.0500193 0.998511 -0.910004 0 0 0 1 
27844314100043;0.537176;0.452641;0.951767 0.0225391 0.305994 -0.281464 -0.108535 0.95755 0.267055 -1.01353 -0.286986 -0.287385 0.91381 -3.39476 0 0 0 1 
27844314100044;0.682374;0.354627;0.990669 -0.019726 0.134858 0.331776 0.0383834 0.989802 -0.137183 -0.0894276 -0.130777 0.14108 0.981323 -1.12523 0 0 0 1 
27844314100045;0.577329;0.347599;0.996549 -0.0202438 -0.0804969 -0.0277935 0.0164313 0.998724 -0.0477452 0.247188 0.0813608 0.0462578 0.995611 -0.0376244 0 0 0 1 
27844314100046;0.842689;0.530092;0.978311 0.0302615 -0.204921 -0.72451 -0.00139708 0.990213 0.139559 -0.318692 0.207139 -0.136245 0.968778 3.4798 0 0 0 1 
27844314100047;0.331521;0.313437;0.999746 0.00752072 0.0212221 -0.0241264 -0.00696544 0.999635 -0.0261188 -0.0521406 -0.0214107 0.0259644 0.999434 -0.244293 0 0 0 1 
27844314100048;0.326512;0.237831;0.999702 -0.00581684 0.0237122 0.116665 0.00722138 0.998197 -0.0595842 -0.0246054 -0.0233229 0.0597377 0.997942 -0.059488 0 0 0 1 
27844314100049;0.286094;0.168491;0.987022 0.0129374 -0.160061 -0.415479 -0.00711752 0.999294 0.0368802 -0.0605848 0.160425 -0.0352623 0.986418 1.62307 0 0 0 1 
27844314100050;1.23172;0.830583;0.999721 0.0113325 -0.0207099 -0.179199 -0.0109121 0.999734 0.0203012 0.288857 0.0209345 -0.0200695 0.999579 1.83546 0 0 0 1 
27844314100051;0.428034;0.181326;0.999733 -0.00209184 -0.0230311 -0.0734231 0.00169709 0.999852 -0.017146 -0.0247565 0.0230636 0.0171023 0.999588 1.10855 0 0 0 1 
27844314100052;1.33827;0.808013;0.999137 -0.0277595 -0.0308998 0.345406 0.0311758 0.992734 0.116218 -0.221373 0.0274491 -0.117081 0.992743 -1.05059 0 0 0 1 
27844314100053;1.32669;0.557683;0.970378 -0.00247009 0.241579 0.250381 -0.0348936 0.98803 0.150263 -0.843567 -0.239059 -0.154242 0.958676 -0.294394 0 0 0 1 
27844314100054;0.560805;0.207129;0.990595 -0.0015373 0.136819 0.0637493 -0.00541184 0.998714 0.0504045 -0.270275 -0.13672 -0.0506709 0.989313 -0.43303 0 0 0 1 
27844314100055;0.956315;0.816333;0.999149 -0.00532958 0.0408945 0.0293213 0.0077142 0.998265 -0.0583773 0.253272 -0.0405124 0.0586431 0.997457 0.289826 0 0 0 1 
27844314100056;1.36899;0.86507;0.997641 -0.029523 0.0619798 0.2971 0.0375091 0.99055 -0.131924 -0.438791 -0.0574993 0.133938 0.98932 -0.0358948 0 0 0 1 
27844314100057;0.0905846;0.0651065;0.990776 -0.00434419 0.135437 0.0841648 0.00531129 0.999963 -0.00678002 -0.0390501 -0.135402 0.00743682 0.990763 -1.64519 0 0 0 1 
27844314100058;0.707405;0.188174;0.999701 0.0212219 0.0121093 0.094216 -0.0212027 0.999774 -0.00171424 -0.0343228 -0.0121429 0.00145698 0.999925 -1.48522 0 0 0 1 
27844314100059;0.65531;0.466246;0.893395 -0.0100059 0.449161 -0.456006 -0.0472858 0.992105 0.116154 -0.633425 -0.446777 -0.12501 0.885869 -6.1853 0 0 0 1 
27844314100060;1.27536;0.428451;0.981547 0.0192854 0.190246 0.0290402 -0.00783621 0.998122 -0.0607509 -0.742206 -0.19106 0.0581391 0.979855 -4.86631 0 0 0 1 
27844314100062;0.6633;0.455514;0.999925 -0.0116626 -0.00386906 -0.385878 0.011514 0.99927 -0.0364382 0.0986487 0.0042912 0.0363909 0.999328 0.593427 0 0 0 1 
27844314100063;1.6099;0.125399;0.994409 0.00931574 -0.105182 0.332045 -0.0105529 0.999881 -0.0112117 -0.0871715 0.105066 0.012259 0.99439 -0.405009 0 0 0 1 
27844314100064;1.94982;1.77159;0.998621 0.00174784 0.0524662 0.145458 0.000668362 0.998941 -0.0459998 0.0456269 -0.052491 0.0459715 0.997563 1.34958 0 0 0 1 
27844314100065;1.77485;0.922927;0.988272 0.0312982 0.149459 1.2773 -0.0875515 0.918053 0.386671 -2.845 -0.125109 -0.395221 0.910026 -15.9149 0 0 0 1 
27844314100066;1.08018;0.502824;0.997124 0.0238905 0.0719186 1.1011 -0.0278743 0.998102 0.0549082 -0.362305 -0.0704704 -0.056755 0.995898 -3.93614 0 0 0 1 
27844314100067;1.0783;0.476727;0.999541 -0.00969911 0.0287017 -0.376642 0.00934607 0.999879 0.0124093 0.290483 -0.0288186 -0.0121353 0.999511 0.453349 0 0 0 1 
27844314100068;0.329721;0.298555;0.999869 0.0139568 0.00817732 0.455304 -0.0141651 0.999562 0.0259907 -0.0850585 -0.00781099 -0.0261032 0.999629 -1.05532 0 0 0 1 
27844314100069;0.992581;0.833546;0.91881 -0.0178323 0.394297 -0.263971 0.0465668 0.996899 -0.0634269 0.361957 -0.391943 0.0766384 0.916792 -3.92582 0 0 0 1 
27844314100070;1.68809;1.09749;0.999749 0.0119852 -0.0189245 0.228483 -0.0114576 0.999549 0.0277453 -0.151772 0.0192485 -0.0275215 0.999436 1.12275 0 0 0 1 
27844314100071;2.20263;1.31079;0.986608 0.0380761 -0.158604 0.670646 0.00243951 0.968819 0.247759 -0.0974174 0.163093 -0.244828 0.955751 -7.94342 0 0 0 1 
27844314100072;0.844195;0.227796;0.919717 -0.0232843 -0.391892 -3.06892 -0.0271937 0.992063 -0.122763 -1.07758 0.39164 0.123565 0.911784 9.87906 0 0 0 1 
27844314100073;1.02691;0.622717;0.999375 0.00931335 0.034094 0.272173 -0.0147437 0.98657 0.162675 0.322226 -0.0321211 -0.163076 0.986091 -4.28692 0 0 0 1 
27844314100074;0.384882;0.472274;0.998612 0.000454257 0.0526714 0.174077 -0.00912236 0.986344 0.164447 0.371699 -0.0518774 -0.164699 0.984979 -5.94448 0 0 0 1 
27844314100075;1.31596;0.630702;0.998019 0.00830556 -0.0623657 0.357257 -0.0100238 0.999577 -0.027289 -0.198102 0.0621127 0.0278601 0.99768 0.0829847 0 0 0 1 
27844314100076;1.20785;1.18366;0.999954 -0.0024258 0.00931843 -0.0782395 0.00228562 0.999885 0.0150253 0.120929 -0.0093538 -0.0150033 0.999844 -0.592846 0 0 0 1 
27844314100077;1.66098;0.44081;0.997953 0.0294304 -0.0567759 1.01627 -0.0246738 0.996266 0.082731 -0.401413 0.0589987 -0.0811608 0.994953 -3.83582 0 0 0 1 
27844314100078;1.89852;1.58416;0.999987 -0.00337163 -0.00393022 -0.0883424 0.00336903 0.999994 -0.000667506 0.261613 0.00393245 0.000654256 0.999992 -0.946664 0 0 0 1 
27844314100079;1.7021;1.45198;0.996298 0.00815849 0.0855831 0.678877 -0.0174717 0.993927 0.108644 -0.0848931 -0.084177 -0.109737 0.99039 -3.77753 0 0 0 1 
27844314100080;1.10438;0.714053;0.972895 -0.0157556 0.23071 0.0617696 -0.00221317 0.996996 0.0774198 0.239799 -0.231236 -0.0758319 0.969938 -6.79626 0 0 0 1 
27844314100081;0.430079;0.377241;0.999911 -0.0130744 -0.00275354 -0.477729 0.0130387 0.999835 -0.0126127 0.229741 0.00291799 0.0125757 0.999917 0.42907 0 0 0 1 
27844314100082;1.95213;1.40721;0.999333 0.0219881 0.0291641 0.518183 -0.0307212 0.937888 0.345576 -0.565795 -0.0197541 -0.346241 0.937938 -9.53061 0 0 0 1 
27844314100083;0.583263;0.238008;0.965919 0.00233166 0.258836 0.247006 -0.0232944 0.996685 0.0779515 -0.0653079 -0.257796 -0.0813242 0.962771 -6.69477 0 0 0 1 
27844314100084;0.503644;0.504765;0.99147 -0.00238795 0.130309 0.146678 -0.0306343 0.96755 0.250814 -0.510504 -0.12668 -0.252667 0.959225 -9.86847 0 0 0 1 
27844314100085;0.720603;0.458657;0.99746 0.0294629 0.064851 1.11577 -0.0443226 0.969442 0.241283 -0.941962 -0.0557604 -0.243545 0.968285 -8.93634 0 0 0 1 
27844314100086;1.70425;1.36152;0.996086 0.0513519 -0.0719385 1.28361 -0.0256085 0.946672 0.321179 -0.935661 0.0845953 -0.318079 0.944282 -9.62849 0 0 0 1 
27844314100087;1.08193;0.891115;0.977501 -0.0335304 -0.208249 -1.75699 0.00589883 0.991244 -0.131913 -0.413976 0.210849 0.127717 0.969139 5.91488 0 0 0 1 
27844314100088;1.41218;0.819085;0.998186 -0.0175021 0.057606 -0.572969 0.0227333 0.995551 -0.0914458 0.00402385 -0.0557492 0.0925895 0.994142 3.57221 0 0 0 1 
27844314100089;0.394008;0.343677;0.998552 0.00795126 -0.0531975 0.0216027 -0.0086293 0.999884 -0.0125281 -0.0950177 0.0530917 0.0129691 0.998505 1.07788 0 0 0 1 
27844314100090;1.35838;0.662558;0.990681 -0.031772 -0.132442 -1.07277 -0.00400477 0.965195 -0.2615 -1.45393 0.136141 0.259593 0.956074 8.35218 0 0 0 1 
27844314100091;1.04859;1.02263;0.999377 -0.00131781 -0.0352737 -0.217253 0.00380311 0.997506 0.0704835 0.21403 0.0350928 -0.0705737 0.996889 -1.79269 0 0 0 1 
27844314100093;0.967031;0.39658;0.994515 -0.0517619 -0.0908891 -5.10549 0.038854 0.989608 -0.138445 -0.21776 0.0971107 0.134154 0.986191 17.3089 0 0 0 1 
27844314100094;1.92323;0.20399;0.972205 0.0539077 -0.227842 2.9963 -0.0080883 0.980285 0.197424 -0.712529 0.233992 -0.190094 0.953474 -8.14881 0 0 0 1 
27844314100095;0.873202;0.715316;0.992593 -0.00881392 0.121166 0.0896016 -0.0320119 0.943141 0.330848 -4.91875 -0.117193 -0.332276 0.935873 -35.785 0 0 0 1 
27844314100096;0.430323;0.768043;0.989524 0.0139291 -0.143696 0.9319 -0.0133217 0.999898 0.00518798 -0.365216 0.143754 -0.00321934 0.989608 4.67688 0 0 0 1 
27844314100097;1.73872;0.746428;0.999989 -0.0047305 0.000344749 0.0878767 0.00472659 0.999933 0.0105945 0.702225 -0.000394843 -0.0105927 0.999944 0.353055 0 0 0 1 
27844314100098;0.721991;0.513902;0.999928 0.011233 0.00430708 1.45891 -0.0117369 0.989474 0.144233 -0.745161 -0.00264157 -0.144273 0.989534 -13.2813 0 0 0 1 
27844314100099;0.836004;0.887273;0.998492 -0.037368 -0.0402139 -3.71111 0.0396106 0.997617 0.0564958 1.37347 0.0380069 -0.0580036 0.997593 -4.45704 0 0 0 1 
27844314100100;2.4061;0.205002;0.999797 -0.0178467 -0.00937299 -1.53146 0.019721 0.96227 0.271381 -0.942598 0.00417608 -0.271511 0.962426 -23.495 0 0 0 1 
27844314100101;0.366989;0.599576;0.999751 0.0141885 -0.017247 1.72533 -0.00617016 0.917678 0.397277 -6.50309 0.0214639 -0.397072 0.917537 -37.9974 0 0 0 1 
27844314100102;1.52564;1.31614;0.974951 -0.0442082 0.217981 -4.16615 0.0955166 0.968293 -0.230835 -1.08447 -0.200864 0.245873 0.948261 16.8656 0 0 0 1 
27844314100103;2.09748;0.36761;0.999921 -0.000924613 -0.0125136 0.555729 0.0009649 0.999994 0.00321386 -0.0573895 0.0125105 -0.00322568 0.999917 -2.2382 0 0 0 1 
27844314100104;0.507469;0.413418;0.999773 0.0198617 -0.00772427 2.24913 -0.0197629 0.999724 0.0126636 -0.650389 0.00797367 -0.0125081 0.99989 -1.44746 0 0 0 1 
27844314100105;1.7041;1.95296;0.998958 -0.0369014 0.0268564 -3.16344 0.0407466 0.986181 -0.160583 -0.573678 -0.0205595 0.16151 0.986657 14.7089 0 0 0 1 
27844314100106;0.621555;0.294564;0.975362 0.0179683 -0.219876 0.510434 0.00261697 0.995665 0.0929746 -0.113983 0.220594 -0.0912593 0.971087 -1.52801 0 0 0 1 
27844314100107;0.153647;0.294965;0.999051 -0.0427137 -0.00853565 -3.97746 0.0426843 0.999082 -0.00360144 1.36444 0.00868164 0.00323368 0.999957 0.634185 0 0 0 1 
27844314100108;1.53872;0.622144;0.999494 -0.00427147 -0.0315204 -0.01017 -1.00129e-05 0.9909 -0.134599 -1.03739 0.0318085 0.134531 0.990399 15.4419 0 0 0 1 
27844314100109;1.60611;1.04931;0.999278 -0.0170289 -0.0339649 -1.65691 0.0192211 0.997681 0.0652964 0.518533 0.0327742 -0.0659021 0.997288 -6.66381 0 0 0 1 
27844314100110;2.36031;1.01778;0.999859 0.0164481 -0.00337779 2.46511 -0.0166931 0.995419 -0.0941395 -1.92882 0.0018139 0.0941826 0.995553 11.2235 0 0 0 1 
27844314100111;0.227132;0.200366;0.967271 0.0357808 -0.251209 1.54456 0.0122968 0.982235 0.187253 -0.488721 0.253446 -0.184213 0.949648 -9.10853 0 0 0 1 
27844314100112;2.20462;2.11102;0.998862 -0.0431822 -0.0202673 -4.00251 0.0349744 0.95189 -0.304439 -4.22093 0.0324386 0.303383 0.952316 29.3579 0 0 0 1 
27844314100113;2.4063;0.209522;0.995024 -0.0573704 0.0814598 -5.19258 0.0699233 0.984518 -0.160732 -0.0130966 -0.0709774 0.165628 0.983631 16.4765 0 0 0 1 
27844314100114;0.335195;0.226428;0.979811 -0.0585949 0.191144 -5.57068 0.0749908 0.993994 -0.0796978 1.76045 -0.185326 0.0924229 0.978321 2.20392 0 0 0 1 
27844314100115;1.83608;1.19429;0.999995 0.00315182 0.000408749 0.999625 -0.00315814 0.999859 0.0165064 0.236118 -0.000356666 -0.0165076 0.999864 -1.26049 0 0 0 1 
27844314100116;1.89876;1.59611;0.978089 -0.0306852 0.205913 -2.54682 0.0127598 0.996054 0.0878236 0.639873 -0.207795 -0.0832719 0.974621 -14.0153 0 0 0 1 
27844314100117;2.29451;0.441065;0.991188 0.0466792 -0.123962 3.7343 -0.0139976 0.96752 0.252406 -1.88643 0.131718 -0.248447 0.959648 -17.0353 0 0 0 1 
27844314100118;2.1601;2.16435;0.999899 -0.00659686 0.0125513 -0.239539 0.0068842 0.999712 -0.0229902 0.44521 -0.012396 0.0230743 0.999657 2.18836 0 0 0 1 
27844314100119;1.47956;0.517189;0.999974 0.00558386 -0.0044894 1.42759 -0.00538213 0.999028 0.0437567 -0.275587 0.00472936 -0.0437314 0.999032 -5.28676 0 0 0 1 
27844314100120;0.852594;0.666907;0.977888 -0.0374213 -0.205754 -4.69513 -0.00724236 0.97721 -0.21215 -3.49456 0.209003 0.208949 0.955331 28.3894 0 0 0 1 
27844314100121;1.87824;0.815893;0.998243 -0.00161653 0.0592336 0.670902 0.000560394 0.999841 0.0178423 -0.02457 -0.059253 -0.0177777 0.998085 -5.86627 0 0 0 1 
27844314100122;1.73464;0.232047;0.969361 -0.013862 -0.245248 -1.63508 0.0114282 0.99987 -0.0113443 0.952764 0.245373 0.00819399 0.969394 8.49186 0 0 0 1 
27844314100124;0.405551;0.261407;0.997559 -0.0516977 -0.0469342 -4.59364 0.0564451 0.99274 0.106211 1.64189 0.0411026 -0.108601 0.993235 -7.80999 0 0 0 1 
27844314100125;0.438401;0.258061;0.90833 -0.0890413 0.408666 -10.1255 0.13675 0.986601 -0.0889874 2.86452 -0.395267 0.136715 0.908335 -1.99816 0 0 0 1 
27844314100126;1.24567;0.19394;0.978969 -0.198229 -0.048225 -19.5757 0.194445 0.978157 -0.0734821 2.63244 0.0617379 0.0625595 0.99613 6.9785 0 0 0 1 
27844314100127;1.48846;0.709684;0.999287 0.0192764 -0.0324678 0.775328 -0.0172281 0.997913 0.0622282 -1.28321 0.0335996 -0.0616245 0.997534 -1.80843 0 0 0 1 
27844314100128;1.19785;0.220611;0.996669 -0.0145535 -0.0802465 -1.86036 0.0100541 0.998369 -0.0561919 0.0770523 0.0809334 0.0551979 0.99519 5.80783 0 0 0 1 
27844314100129;1.23822;0.250616;0.992131 0.124985 0.00740805 9.08141 -0.124224 0.990027 -0.0664436 -6.48629 -0.0156386 0.0650005 0.997763 6.4356 0 0 0 1 
27844314100130;0.532996;0.331761;0.981782 0.00718848 -0.189876 -0.605209 -0.0471258 0.977275 -0.206672 -4.2463 0.184075 0.211855 0.959809 24.6119 0 0 0 1 
27844314100131;0.768744;0.220515;0.986455 0.162067 -0.0253107 13.5786 -0.153335 0.965896 0.208648 -8.23861 0.0582623 -0.20194 0.977663 -14.7379 0 0 0 1 
27844314100132;0.304449;0.193331;0.989984 0.0528521 -0.130917 3.49918 -0.0276682 0.981934 0.187189 -2.23248 0.138445 -0.181691 0.973561 -11.5426 0 0 0 1 
27844314100133;0.242712;0.223569;0.971292 -0.100866 -0.215449 -10.998 0.0250491 0.943991 -0.329019 -5.55953 0.236568 0.314177 0.919417 35.9652 0 0 0 1 
27844314100134;1.30166;0.286158;0.972432 0.0301942 0.231225 2.32417 -0.0276806 0.999517 -0.0141082 -1.20349 -0.231539 0.00731882 0.972798 -9.42429 0 0 0 1 
27844314100135;0.261851;0.282068;0.994242 -0.0912976 0.0560965 -8.07 0.0892346 0.995276 0.0382467 2.71077 -0.0593233 -0.0330207 0.997693 -4.7625 0 0 0 1 
27844314100136;1.42144;0.194568;0.992443 0.122494 0.00728917 10.3376 -0.121219 0.987881 -0.0969379 -7.34335 -0.0190751 0.0953217 0.995264 9.57224 0 0 0 1 
27844314100137;1.20547;0.361705;0.949716 -0.284276 0.131252 -27.7227 0.311214 0.903122 -0.295832 -0.529874 -0.0344385 0.321803 0.94618 28.6343 0 0 0 1 
27844314100138;0.244336;0.223226;0.993775 0.0250034 -0.108568 1.47381 -0.0447539 0.982001 -0.183497 -4.06948 0.102026 0.187213 0.977007 19.8512 0 0 0 1 
27844314100139;1.59431;0.182065;0.99881 -0.048755 -0.000808859 -3.48772 0.0487604 0.998768 0.00918401 -0.614032 0.000360097 -0.00921252 0.999957 -1.8058 0 0 0 1 
27844314100140;0.22734;0.305544;0.9963 -0.0848333 0.0137351 -7.74726 0.0850635 0.996228 -0.0171478 2.44399 -0.0122286 0.0182527 0.999759 1.33681 0 0 0 1 
27844314100141;0.358346;0.336239;0.954728 -0.20432 -0.216212 -20.65 0.161186 0.966179 -0.201287 1.70521 0.250027 0.157324 0.955372 22.3279 0 0 0 1 
27844314100142;0.117962;0.288463;0.995182 0.096615 0.0166715 8.28413 -0.095638 0.994065 -0.0518502 -4.4402 -0.021582 0.050006 0.998516 3.83254 0 0 0 1 
27844314100143;1.8568;1.67039;0.999948 0.00612023 0.00820866 0.724621 -0.00513848 0.993387 -0.114702 -1.77212 -0.00885638 0.114654 0.993366 9.97631 0 0 0 1 
27844314100144;0.573265;0.361102;0.987223 -4.59488e-05 -0.159343 -1.75377 0.00351686 0.999763 0.0215007 0.36938 0.159305 -0.0217863 0.986989 3.6037 0 0 0 1 
27844314100145;0.564902;1.03993;0.968165 -0.238145 -0.0770994 -23.3349 0.226873 0.964978 -0.131709 3.16472 0.105765 0.110024 0.988286 13.5645 0 0 0 1 
27844314100146;0.457208;0.195432;0.999703 0.0157393 0.0186002 1.18258 -0.0163564 0.999305 0.0335017 -0.781446 -0.0180599 -0.033796 0.999266 -2.65231 0 0 0 1 
27844314100147;0.839697;0.220913;0.994706 -0.037821 -0.0955463 -4.87453 0.0482867 0.99279 0.109714 1.36307 0.0907079 -0.113747 0.98936 -7.92795 0 0 0 1 
27844314100148;1.27087;0.160899;0.999378 -0.00162042 0.0352195 -1.68445 0.00739746 0.986345 -0.164527 -3.18229 -0.034472 0.164685 0.985744 13.4865 0 0 0 1 
27844314100149;0.814525;0.454717;0.993947 0.00227282 0.109841 -0.332044 0.05311 0.865264 -0.498496 -11.7618 -0.0961741 0.501312 0.859905 41.2697 0 0 0 1 
27844314100150;1.30625;0.916554;0.99777 0.00328109 0.0666673 0.0702859 0.017325 0.951829 -0.306138 -5.07194 -0.0644604 0.306611 0.94965 23.9796 0 0 0 1 
27844314100151;1.21483;1.10884;0.987947 -0.0607812 0.142357 -5.44378 0.0634002 0.997891 -0.01393 1.75886 -0.14121 0.0227875 0.989717 -1.54219 0 0 0 1 
27844314100152;0.850848;0.99973;0.980902 -0.0130019 0.194069 -1.61076 0.0642486 0.963417 -0.260192 -2.29688 -0.183586 0.267692 0.945853 16.9956 0 0 0 1 
27844314100153;1.33869;0.166438;0.98674 0.13933 0.0832515 10.1803 -0.141166 0.989848 0.0165501 -7.00098 -0.0801004 -0.0280829 0.996391 -5.72917 0 0 0 1 
27844314100155;1.31103;1.37418;0.992447 -0.11754 -0.0351083 -5.7689 0.108006 0.972946 -0.204233 0.656353 0.0581641 0.198899 0.978293 10.4572 0 0 0 1 
27844314100156;0.173499;0.243635;0.999639 -0.0144344 -0.0226784 -1.0682 0.0148343 0.999736 0.0175649 0.591028 0.0224189 -0.017895 0.999588 -0.454325 0 0 0 1 
27844314100157;1.77732;0.484003;0.988756 0.122673 -0.0855159 4.36369 -0.114184 0.988618 0.0979613 -1.3107 0.0965599 -0.0870953 0.991509 -3.34159 0 0 0 1 
27844314100158;2.31932;0.267804;0.975186 0.075385 -0.208158 1.01765 0.0279154 0.890865 0.453409 -0.628874 0.219621 -0.447969 0.866655 -14.8549 0 0 0 1 
27844314100159;1.17995;0.258505;0.996018 0.0629757 -0.0631123 2.40153 -0.0580665 0.995353 0.0768113 -1.25216 0.0676563 -0.0728407 0.995046 -3.17461 0 0 0 1 
27844314100160;1.94121;0.419607;0.980112 -0.0587049 -0.189563 -3.85391 0.0635338 0.997789 0.0194929 2.09395 0.188 -0.0311489 0.981675 4.67911 0 0 0 1 
27844314100161;0.541664;0.436214;0.989376 0.063508 -0.130776 1.98517 -0.0784648 0.990539 -0.11259 -2.58062 0.122389 0.121655 0.984998 8.81005 0 0 0 1 
27844314100162;1.51732;1.00692;0.951161 -0.307799 -0.023485 -16.4731 0.307932 0.951406 0.00218799 6.83488 0.0216703 -0.00931293 0.999722 0.459947 0 0 0 1 
27844314100163;1.36524;1.2467;0.992321 -0.118415 -0.0357249 -6.09684 0.116283 0.991591 -0.0567906 2.24925 0.0421493 0.0522003 0.997747 2.72934 0 0 0 1 
27844314100164;0.587208;0.377248;0.977523 -0.210586 -0.0101145 -10.6838 0.210785 0.975215 0.0672724 4.3705 -0.00430285 -0.0678923 0.997683 -2.80071 0 0 0 1 
27844314100165;1.53313;0.35449;0.99935 0.0359423 -0.00290181 1.94706 -0.035868 0.999102 0.0225358 -1.70438 0.00370919 -0.0224171 0.999742 0.106016 0 0 0 1 
27844314100166;0.330265;0.385055;0.968678 -0.246833 -0.0271248 -12.4966 0.243462 0.965547 -0.0918965 3.71097 0.0488733 0.0824143 0.995399 5.03371 0 0 0 1 
27844314100167;0.903395;0.340834;0.989279 -0.125738 0.0742795 -5.68216 0.13664 0.976461 -0.166893 0.998332 -0.0515463 0.175253 0.983173 6.19156 0 0 0 1 
27844314100168;2.432;0.344336;0.995204 -0.0349602 0.0913619 -1.52363 0.0329359 0.999179 0.0235719 0.250776 -0.092111 -0.0204497 0.995539 -0.472099 0 0 0 1 
27844314100169;1.16953;0.773538;0.940695 0.0467734 0.336014 2.50862 0.0629086 0.949223 -0.30825 -2.48914 -0.33337 0.311107 0.889987 6.75583 0 0 0 1 
27844314100170;0.524881;0.294085;0.981593 -0.0488401 -0.184632 -3.36805 0.0705012 0.991132 0.112638 1.4136 0.177494 -0.123581 0.976332 -1.80825 0 0 0 1 
27844314100171;2.35705;0.262087;0.958783 0.131681 0.251783 5.40828 -0.0901948 0.981346 -0.169778 -2.79072 -0.269443 0.140071 0.952775 -2.15081 0 0 0 1 
27844314100172;0.422262;0.205629;0.997314 0.0139694 -0.0718969 -0.167914 -0.00929483 0.997845 0.0649469 0.442589 0.0726492 -0.0641042 0.995295 -1.40027 0 0 0 1 
27844314100173;0.404553;0.331716;0.993101 -0.0940519 -0.070035 -5.04064 0.101893 0.987724 0.118405 2.06408 0.058039 -0.124724 0.990493 -4.39604 0 0 0 1 
27844314100174;0.99992;1.02319;0.983462 0.180845 -0.00990502 6.34038 -0.180299 0.982749 0.0411973 -4.44912 0.0171845 -0.0387301 0.999102 -2.01274 0 0 0 1 
27844314100175;0.837078;0.375989;0.999194 0.0383349 -0.0119225 1.25735 -0.0380286 0.998966 0.0249331 0.130794 0.012866 -0.0244596 0.999618 -1.13901 0 0 0 1 
27844314100176;0.793248;0.625023;0.997437 0.0106233 -0.0707603 -0.166271 -0.0329596 0.945968 -0.32258 -4.47389 0.0635101 0.324085 0.943894 16.9694 0 0 0 1 
27844314100177;2.13358;0.262759;0.999929 -0.00663326 -0.00990217 -0.413691 0.0067805 0.999866 0.0149106 0.492571 0.00980194 -0.0149767 0.99984 -2.83881 0 0 0 1 
27844314100178;1.06641;1.34605;0.981204 -0.188337 -0.0420443 -9.47076 0.188004 0.982098 -0.0117554 4.10498 0.0435056 0.00362998 0.999047 0.861227 0 0 0 1 
27844314100179;2.46162;0.295527;0.952894 0.115959 -0.28026 3.52661 -0.155141 0.980347 -0.121862 -3.46586 0.260622 0.159601 0.952157 10.8001 0 0 0 1 
27844314100180;2.13141;0.249474;0.914708 0.272822 0.298122 9.69401 -0.321179 0.938521 0.126578 -10.0861 -0.245261 -0.211532 0.946098 -16.2647 0 0 0 1 
27844314100181;0.683715;0.409912;0.999046 0.0407841 0.0156218 1.83283 -0.0414556 0.998109 0.0453902 -0.598251 -0.013741 -0.0459945 0.998847 -1.81233 0 0 0 1 
27844314100182;1.078;0.306427;0.982217 -0.0737804 0.172647 -3.18985 0.0620364 0.99544 0.0724647 1.32458 -0.177206 -0.0604657 0.982315 -5.74404 0 0 0 1 
27844314100183;1.04239;0.381252;0.904104 -0.193358 0.381062 -9.46389 0.0845122 0.955062 0.284103 1.52498 -0.418871 -0.224654 0.879817 -19.4235 0 0 0 1 
27844314100184;1.3844;0.349198;0.98373 -0.0310054 0.176955 -1.04577 0.0143381 0.995402 0.0947024 -0.712885 -0.179078 -0.0906244 0.979652 -8.58088 0 0 0 1 
27844314100186;0.793481;0.382201;0.972415 0.105258 -0.20816 5.58658 -0.0580487 0.973522 0.221098 -2.34978 0.22592 -0.202916 0.952778 -5.80917 0 0 0 1 
27844314100187;1.90684;0.358295;0.997033 0.076314 0.0101116 5.97013 -0.0758311 0.996248 -0.0416975 -2.32454 -0.0132557 0.040807 0.999079 3.86003 0 0 0 1 
27844314100188;0.899725;1.46899;0.897339 0.148455 0.415626 9.7441 -0.141852 0.988776 -0.0469137 -5.23725 -0.417925 -0.01686 0.908325 -16.2283 0 0 0 1 
27844314100189;2.92803;2.74515;0.996084 -0.036339 -0.0806026 -2.86986 0.0258755 0.991532 -0.127256 -0.78026 0.0845445 0.124672 0.98859 11.5413 0 0 0 1 
27844314100190;2.25734;1.33415;0.984602 0.163881 -0.0608397 12.1516 -0.172098 0.969791 -0.172879 -9.30975 0.0306701 0.180688 0.983062 14.2633 0 0 0 1 
27844314100191;2.96618;1.14351;0.985872 -0.0505491 0.159691 -2.75525 0.109174 0.916966 -0.383737 -4.91895 -0.127034 0.39575 0.90953 24.5152 0 0 0 1 
27844314100192;2.51273;1.2107;0.933172 -0.0346825 -0.357752 -5.25442 -0.0051397 0.993944 -0.109765 -1.31634 0.359393 0.104268 0.927343 18.8963 0 0 0 1 
27844314100193;1.47826;1.50929;0.965118 0.249143 -0.080466 17.5713 -0.246436 0.968243 0.0421357 -9.50696 0.0884084 -0.0208362 0.995866 2.59224 0 0 0 1 
27844314100194;2.31253;1.37943;0.971064 -0.00903121 -0.23865 -3.1479 0.0131725 0.999789 0.015764 0.681043 0.238457 -0.0184515 0.970978 8.01396 0 0 0 1 
27844314100195;2.39108;0.23617;0.99155 -0.074365 -0.106297 -4.89976 0.0373637 0.948374 -0.314946 -3.24135 0.124231 0.308313 0.943138 22.9257 0 0 0 1 
27844314100196;0.463067;1.92625;0.986536 0.130917 0.0980145 10.7581 -0.133924 0.990683 0.0247224 -4.52287 -0.0938648 -0.037516 0.994878 -5.74292 0 0 0 1 
27844314100197;2.03095;1.91648;0.995085 -0.052119 -0.0841964 -3.98779 0.0403025 0.989833 -0.136403 -0.134311 0.0904496 0.132339 0.987069 11.081 0 0 0 1 
27844314100198;1.85236;0.620525;0.985597 -0.0573821 -0.159076 -4.29891 0.0619775 0.997787 0.024075 1.78891 0.157343 -0.0335874 0.986973 4.03939 0 0 0 1 
27844314100199;0.504668;0.3281;0.996749 -0.0632395 -0.0499316 -4.36342 0.0681927 0.992165 0.104683 2.28574 0.0429202 -0.107748 0.993251 -6.39827 0 0 0 1 
27844314100200;2.93423;1.50909;0.998192 -0.0586793 0.0130425 -3.52614 0.0598194 0.991037 -0.119449 1.30796 -0.00591646 0.120013 0.992755 5.29758 0 0 0 1 
27844314100201;1.21539;0.666873;0.989128 0.0136426 0.146424 1.55959 -0.0384975 0.984986 0.168287 -1.87388 -0.14193 -0.172094 0.974802 -17.4844 0 0 0 1 
27844314100202;1.66781;1.36154;0.946691 0.109977 -0.30279 5.06216 -0.0787603 0.990414 0.113481 -2.30286 0.312367 -0.0835835 0.946277 6.00022 0 0 0 1 
27844314100203;0.429271;0.666517;0.931592 -0.137634 0.336443 -9.52657 0.0514696 0.966167 0.252729 0.582132 -0.359844 -0.218123 0.907157 -27.4969 0 0 0 1 
27844314100204;0.64969;0.768093;0.922108 0.00770663 -0.386856 -3.66377 0.0629856 0.983477 0.169724 1.67384 0.381772 -0.18087 0.906386 -0.320116 0 0 0 1 
27844314100205;2.89316;2.69486;0.995867 -0.0100594 -0.0902653 -0.621987 0.00510602 0.998477 -0.0549397 -0.232453 0.0906804 0.0542517 0.994401 5.42926 0 0 0 1 
27844314100206;1.28236;0.462284;0.996642 -0.0494465 0.0652633 -2.342 0.0609256 0.980345 -0.187646 -1.149 -0.0547022 0.190993 0.980066 10.9842 0 0 0 1 
27844314100207;1.92404;1.10062;0.972363 0.132317 -0.192359 8.03034 -0.116191 0.988875 0.0928732 -4.15375 0.202508 -0.067956 0.97692 3.74607 0 0 0 1 
27844314100208;1.88311;1.44926;0.916174 0.140727 0.375262 9.88166 -0.0579669 0.973009 -0.223368 -4.25866 -0.396567 0.182891 0.899603 -3.01608 0 0 0 1 
27844314100209;2.33052;1.11913;0.990199 0.137535 0.0243106 10.4093 -0.137497 0.990497 -0.00322158 -4.82941 -0.0245227 -0.000152637 0.999699 -2.95764 0 0 0 1 
27844314100210;0.530209;0.5166;0.993981 -0.039893 0.102033 -2.19625 0.0495893 0.994305 -0.0943324 0.637703 -0.0976884 0.0988243 0.990298 3.02843 0 0 0 1 
27844314100211;2.44996;1.15436;0.983232 0.172061 -0.0604139 11.8635 -0.174387 0.984035 -0.035567 -6.15919 0.0533296 0.045506 0.99754 7.01941 0 0 0 1 
27844314100212;2.84301;1.07541;0.996906 0.0530047 -0.0580431 4.26003 -0.0574275 0.995346 -0.0773878 -1.69954 0.053671 0.0804816 0.99531 4.73069 0 0 0 1 
27844314100213;1.50297;0.525101;0.998403 0.0434854 0.0360732 4.3818 -0.0360382 0.981856 -0.186171 -3.85516 -0.0435144 0.184574 0.981855 11.3397 0 0 0 1 
27844314100214;0.564234;0.463037;0.98792 -0.0894856 0.126516 -5.59144 0.0927931 0.995475 -0.0204829 2.6382 -0.124111 0.0319753 0.991753 -1.56139 0 0 0 1 
27844314100215;0.386204;1.63553;0.98503 0.13541 -0.106677 9.65261 -0.143809 0.986729 -0.0753951 -5.41851 0.0950524 0.0896076 0.991431 9.23267 0 0 0 1 
27844314100217;0.459527;0.787695;0.996026 -0.000535122 -0.0890624 -0.061259 -0.000814289 0.999885 -0.0151143 -0.276434 0.0890603 0.0151267 0.995911 2.81421 0 0 0 1 
27844314100218;2.20727;0.339077;0.999677 0.00900704 -0.0237479 0.307947 -0.00905632 0.999957 -0.0019684 -0.628094 0.0237291 0.00218283 0.999716 3.45735 0 0 0 1 
27844314100219;2.19715;0.602052;0.999263 -0.0294898 -0.0245568 -0.461549 0.0285865 0.99893 -0.0363555 0.612097 0.0256027 0.0356267 0.999037 4.11993 0 0 0 1 
27844314100220;1.31114;0.35612;0.997782 -0.0131341 -0.0652549 0.51959 0.0113604 0.999558 -0.0274783 -0.420107 0.0655869 0.0266761 0.99749 2.33384 0 0 0 1 
27844314100221;1.65894;1.69065;0.99989 0.00806206 0.0124251 0.393719 -0.00845831 0.999446 0.0321758 -0.229821 -0.0121588 -0.0322774 0.999405 -0.466869 0 0 0 1 
27844314100222;1.73745;0.862159;0.979135 0.0345076 -0.200261 -0.0777232 -0.0122477 0.993706 0.111346 -0.484949 0.202843 -0.10657 0.973395 4.85741 0 0 0 1 
27844314100223;2.40198;1.74138;0.998574 -0.00555462 -0.053102 0.190619 0.00552998 0.999985 -0.000611024 0.196284 0.0531046 0.0003165 0.998589 3.12257 0 0 0 1 
27844314100224;0.843273;0.849579;0.99931 0.0237267 -0.0285795 0.527594 -0.0212737 0.9963 0.0832702 -0.61891 0.0304495 -0.0826048 0.996117 -0.350786 0 0 0 1 
27844314100225;1.09219;1.25923;0.999982 0.00437062 0.00399743 0.375051 -0.00411478 0.998073 -0.0619139 -0.247451 -0.00426033 0.0618964 0.998073 1.0361 0 0 0 1 
27844314100226;2.28577;0.553734;0.944305 0.0772118 -0.319886 -1.44772 -0.00521668 0.975474 0.220053 -0.136661 0.329032 -0.206128 0.921547 8.42905 0 0 0 1 
27844314100227;0.739768;0.920239;0.989963 0.0365444 -0.136521 0.425622 -0.032326 0.998933 0.03299 -0.835286 0.137581 -0.0282457 0.990088 3.87215 0 0 0 1 
27844314100228;0.965544;0.0967866;0.990638 0.0773629 -0.11248 1.18222 -0.0733934 0.996539 0.0390193 -2.55566 0.115109 -0.0303987 0.992888 3.8833 0 0 0 1 
27844314100229;0.882458;0.990078;0.964432 -0.00464814 0.264291 0.718456 0.0492377 0.985505 -0.162342 0.282303 -0.259706 0.169581 0.950681 -5.78748 0 0 0 1 
27844314100230;0.333053;0.188142;0.951564 0.156567 -0.264597 0.297099 -0.0644689 0.943099 0.326202 -1.83859 0.300614 -0.293344 0.907513 3.11179 0 0 0 1 
27844314100231;2.08116;0.187895;0.9956 -0.0397065 0.0848767 -0.123563 0.0415049 0.998947 -0.0195294 0.819634 -0.084012 0.0229663 0.9962 0.354731 0 0 0 1 
27844314100232;2.3687;1.83508;0.998871 0.0381386 -0.0283097 0.374208 -0.0390004 0.998772 -0.0305407 -0.833554 0.0271102 0.0316103 0.999133 0.210365 0 0 0 1 
27844314100233;0.91161;0.685327;0.999456 0.0218873 -0.0246627 0.922735 -0.0214317 0.999598 0.0185879 -0.786797 0.0250596 -0.0180493 0.999523 -0.524132 0 0 0 1 
27844314100234;2.15311;0.744958;0.997886 0.00378238 0.0648789 1.05508 -0.00468673 0.999894 0.0137925 0.0636353 -0.0648198 -0.0140674 0.997798 -4.91745 0 0 0 1 
27844314100235;1.5865;1.1875;0.939766 0.0181271 -0.341339 -3.44969 -0.0328478 0.998761 -0.0373958 -1.21456 0.340238 0.0463555 0.939196 10.7265 0 0 0 1 
27844314100236;0.801975;0.638014;0.99989 -0.00555016 -0.0137831 0.32318 0.00460861 0.997714 -0.0674278 -0.248729 0.0141259 0.0673569 0.997629 1.57543 0 0 0 1 
27844314100237;0.36254;0.208394;0.988554 0.134804 -0.0677451 1.77435 -0.13151 0.990005 0.0509425 -3.98054 0.0739352 -0.0414502 0.996401 1.655 0 0 0 1 
27844314100238;0.509991;0.380558;0.99577 -0.0272277 -0.0877525 -0.500499 -0.00641217 0.932159 -0.361991 -2.90311 0.0916555 0.361023 0.928042 8.83664 0 0 0 1 
27844314100239;2.45541;1.40968;0.999243 0.0232704 -0.0311738 0.0513696 -0.0225407 0.999468 0.0235589 -0.769911 0.0317055 -0.0228384 0.999236 2.96787 0 0 0 1 
27844314100240;0.531694;0.329277;0.997906 -0.0600847 0.0239335 -1.01662 0.0595697 0.997989 0.0216771 1.61871 -0.0251878 -0.020206 0.999479 -0.632228 0 0 0 1 
27844314100241;1.90316;0.871863;0.998808 -0.00650945 0.0483719 1.11688 0.00353064 0.998106 0.0614133 0.539916 -0.0486801 -0.0611693 0.99694 -3.95595 0 0 0 1 
27844314100242;0.857743;0.227987;0.987664 0.0304024 0.153611 1.21115 -0.0346893 0.999078 0.0253042 -0.695 -0.1527 -0.0303207 0.987807 -4.5009 0 0 0 1 
27844314100243;1.52979;1.83079;0.98859 -0.00916327 -0.150355 -0.705268 0.00272001 0.999071 -0.0430035 -0.0251432 0.150609 0.0421039 0.987696 4.91218 0 0 0 1 
27844314100244;1.45043;0.934176;0.987312 0.0703185 -0.142371 0.187248 -0.0222163 0.948953 0.314633 -0.260581 0.157228 -0.307479 0.938476 0.108369 0 0 0 1 
27844314100245;0.353496;0.609092;0.998985 0.0240133 0.0381085 1.05056 -0.0315837 0.976644 0.212531 -0.213339 -0.0321149 -0.213518 0.976411 -4.90695 0 0 0 1 
27844314100246;0.304746;0.205175;0.997002 0.0684359 0.0360984 1.33915 -0.0602041 0.979222 -0.193647 -3.16617 -0.0486008 0.190893 0.980407 1.95323 0 0 0 1 
27844314100248;1.91005;1.61441;0.999903 -0.0119182 0.00720766 -0.778115 0.0116714 0.999375 0.03337 0.578381 -0.00760086 -0.0332827 0.999417 -2.31271 0 0 0 1 
27844314100249;1.74539;0.601352;0.919137 0.013195 0.393718 0.883468 0.0194301 0.996704 -0.0787628 0.303724 -0.39346 0.0800437 0.915851 4.42507 0 0 0 1 
27844314100250;2.4193;1.80853;0.888291 0.0256368 -0.458566 0.818528 -0.0234213 0.99967 0.0105184 -0.554957 0.458684 0.00139679 0.888598 0.633697 0 0 0 1 
27844314100251;0.382775;0.265827;0.997998 0.0280969 0.0566633 1.76354 -0.0361249 0.988618 0.146047 -0.383667 -0.0519149 -0.147801 0.987654 -8.16561 0 0 0 1 
27844314100252;0.517763;0.685684;0.995779 -0.00873241 -0.0913715 -0.375121 -0.0156881 0.964624 -0.263161 -2.41319 0.0904372 0.263483 0.960415 13.7587 0 0 0 1 
27844314100253;0.421961;0.332385;0.99546 0.0184017 0.0933845 1.21539 -0.0107383 0.996582 -0.0819122 -0.60696 -0.0945726 0.0805376 0.992255 4.0027 0 0 0 1 
27844314100254;1.06506;0.315261;0.998486 0.0487505 -0.0254679 2.75135 -0.0418088 0.973581 0.224481 -1.10896 0.0357386 -0.223077 0.974146 -12.7126 0 0 0 1 
27844314100255;0.41574;0.362239;0.944797 0.00550367 -0.327609 -0.161832 -0.0211841 0.998793 -0.0443139 -0.266384 0.326969 0.0488077 0.943774 3.36885 0 0 0 1 
27844314100256;0.221269;0.112199;0.999751 0.00148765 -0.0222554 -0.00750159 -0.000305294 0.998593 0.053036 0.131957 0.0223029 -0.053016 0.998345 -3.03623 0 0 0 1 
27844314100257;0.472366;0.262066;0.996547 0.0423461 0.0714164 2.56467 -0.0671251 0.917152 0.392844 -3.49004 -0.0488643 -0.396281 0.916828 -21.0473 0 0 0 1 
27844314100258;0.965959;0.504217;0.961699 0.0187974 -0.273461 -0.12851 -0.00812951 0.999163 0.0400917 0.116641 0.273986 -0.0363331 0.961047 -0.970899 0 0 0 1 
27844314100259;0.701583;0.618529;0.999703 0.0211212 -0.0121892 1.2896 -0.0213229 0.999634 -0.0166637 -0.190212 0.0118328 0.0169186 0.999787 0.416656 0 0 0 1 
27844314100260;1.49458;1.02664;0.991564 0.0271236 -0.126746 0.769084 0.00959263 0.959822 0.280447 -0.503358 0.12926 -0.279297 0.951465 -13.8487 0 0 0 1 
27844314100261;0.461097;0.211843;0.980775 -0.0251599 -0.193515 -1.87674 0.013956 0.998158 -0.0590438 -0.11303 0.194644 0.055208 0.979319 3.54984 0 0 0 1 
