#;prob_registration_l1 -r ../../../../build/tester /home/point_clouds_registration_benchmark/pioneer_slam3_local.txt /home/point_clouds_registration_benchmark/pioneer_slam3 -s 0.1 -t 0.1 -p 0.3 -r 1000 -m 10 -i 40 
id;initial_error;final_error;transformation
39885980090000;0.518509;0.126774;0.985105 0.150281 -0.0835686 -0.0750993 -0.135156 0.977157 0.164003 0.22885 0.106306 -0.150266 0.982914 -0.408734 0 0 0 1 
39885980090001;1.1366;0.105163;0.995385 0.0819219 -0.0499744 0.506349 -0.0791017 0.995291 0.0560194 -0.315264 0.0543283 -0.0518078 0.997178 0.306631 0 0 0 1 
39885980090002;0.639436;0.105905;0.984717 0.173669 -0.0131306 0.195601 -0.17314 0.967969 -0.18182 0.512157 -0.0188664 0.181314 0.983244 -0.0911352 0 0 0 1 
39885980090003;0.346141;0.130293;0.958506 -0.0437495 -0.281694 0.123873 -0.0349074 0.962705 -0.268293 0.0564155 0.282926 0.266994 0.921231 -0.772138 0 0 0 1 
39885980090004;1.0895;0.400471;0.961465 -0.196084 -0.19271 -0.0860208 0.158289 0.967919 -0.195133 0.0130916 0.22479 0.15711 0.961658 -1.05257 0 0 0 1 
39885980090005;0.90722;0.0682817;0.998539 0.0521277 -0.0142469 0.381453 -0.0528511 0.997015 -0.0562754 0.497806 0.0112708 0.0569461 0.998314 -0.411263 0 0 0 1 
39885980090006;0.367469;0.0607089;0.977528 0.00837103 -0.210641 -0.00761613 -0.0512035 0.978717 -0.198726 0.102341 0.204495 0.205046 0.957151 -0.97263 0 0 0 1 
39885980090007;0.500039;0.18946;0.96567 -0.243722 0.089889 0.338149 0.259468 0.921641 -0.288539 -0.85179 -0.012522 0.301957 0.953239 -0.261615 0 0 0 1 
39885980090008;1.30544;0.345811;0.980584 0.0821267 -0.178072 0.160536 -0.0889571 0.995562 -0.0307056 0.726409 0.17476 0.0459502 0.983538 -1.09947 0 0 0 1 
39885980090009;1.07285;0.164835;0.989982 -0.138935 -0.025146 -0.357222 0.139389 0.990086 0.0173266 -0.866787 0.0224894 -0.0206581 0.999534 0.024151 0 0 0 1 
39885980090010;0.993349;0.0949259;0.951863 0.305482 -0.0252693 0.179972 -0.306308 0.951053 -0.0409183 1.10207 0.0115326 0.0466888 0.998843 0.301388 0 0 0 1 
39885980090011;1.19076;0.312929;0.996989 -0.0178823 0.0754579 -0.427224 0.0349739 0.972157 -0.231707 0.349331 -0.0692134 0.233649 0.969855 -0.578937 0 0 0 1 
39885980090012;1.08018;0.105656;0.933238 0.337864 -0.122127 0.0955513 -0.348359 0.934134 -0.0777176 0.65724 0.0878253 0.115073 0.989467 -0.980147 0 0 0 1 
39885980090013;0.734434;0.136436;0.986815 0.148532 -0.0642937 -0.308071 -0.158943 0.964296 -0.211825 0.379368 0.0305355 0.219251 0.97519 0.144013 0 0 0 1 
39885980090014;1.32795;0.161787;0.929027 0.0724098 -0.362858 0.81576 0.0100494 0.975365 0.220367 0.0847436 0.369876 -0.208374 0.905413 -1.10901 0 0 0 1 
39885980090015;0.724355;0.0818042;0.999357 0.0212701 0.0288637 -0.0280586 -0.0216368 0.999688 0.0124544 0.0468495 -0.0285898 -0.0130709 0.999506 -0.458977 0 0 0 1 
39885980090016;0.348273;0.160335;0.981871 0.0141695 -0.189018 0.0353957 0.0325338 0.969806 0.241699 -0.161995 0.186736 -0.243467 0.951763 -0.331438 0 0 0 1 
39885980090017;0.847163;0.189624;0.969902 -0.243089 -0.0140706 0.737921 0.236228 0.953392 -0.187722 -0.414908 0.059048 0.178748 0.982121 -0.808271 0 0 0 1 
39885980090018;0.98085;0.166495;0.986638 -0.101928 -0.127104 -0.151025 0.0814363 0.984215 -0.157124 0.127257 0.141113 0.144674 0.979365 0.0241363 0 0 0 1 
39885980090019;1.01873;0.0947997;0.953604 0.294503 0.0625075 -0.647103 -0.298255 0.952415 0.0628481 0.567005 -0.0410242 -0.0785754 0.996064 0.833279 0 0 0 1 
39885980090020;0.349842;0.0852857;0.938256 0.314192 0.144773 -0.283379 -0.286794 0.940473 -0.182375 0.784919 -0.193455 0.129594 0.972512 0.367391 0 0 0 1 
39885980090021;0.142777;0.137362;0.977513 0.0175391 -0.210143 0.00252427 -0.0304609 0.997828 -0.0584125 -0.0177225 0.208662 0.0635002 0.975924 -0.520818 0 0 0 1 
39885980090022;0.343863;0.126298;0.969862 0.209465 0.12447 -0.220086 -0.206088 0.977733 -0.0395637 0.472853 -0.129986 0.0127195 0.991434 0.48034 0 0 0 1 
39885980090023;0.973502;0.147165;0.943634 -0.0784678 -0.321555 0.867014 0.143372 0.972524 0.183417 -0.550632 0.298328 -0.219181 0.928957 -0.487077 0 0 0 1 
39885980090024;1.13358;0.113978;0.984656 0.171907 0.0299946 -0.275495 -0.171177 0.984912 -0.0254267 0.208375 -0.033913 0.0199022 0.999227 -0.794415 0 0 0 1 
39885980090025;0.64818;0.221916;0.970778 -0.23998 0.000650473 0.29301 0.239884 0.970306 -0.03103 -1.02661 0.00681541 0.0302792 0.999518 0.200373 0 0 0 1 
39885980090026;1.25567;0.206183;0.962076 -0.25573 0.0949263 0.489187 0.23192 0.950041 0.20889 -0.661419 -0.143603 -0.178953 0.973321 1.50983 0 0 0 1 
39885980090027;0.709211;0.233507;0.9966 0.0734341 0.0373629 -0.141342 -0.0736735 0.99727 0.00506983 0.336794 -0.0368886 -0.00780524 0.999289 0.508654 0 0 0 1 
39885980090028;1.02062;0.134816;0.997747 0.0653119 0.0153391 0.27816 -0.0658082 0.997237 0.0344542 0.482328 -0.0130465 -0.035386 0.999289 0.607796 0 0 0 1 
39885980090029;0.737875;0.105994;0.920881 0.387836 -0.0395113 -0.240967 -0.36973 0.901007 0.226906 0.902101 0.123602 -0.194345 0.973115 0.430268 0 0 0 1 
39885980090031;0.500388;0.575322;0.906328 -0.345101 -0.243873 -0.15889 0.34064 0.938171 -0.0616376 -0.30166 0.250066 -0.0272092 0.967846 -1.31913 0 0 0 1 
39885980090032;0.490152;0.621195;0.624764 -0.776908 -0.0779911 0.00244039 0.767277 0.629381 -0.123146 -2.1214 0.144759 0.0170966 0.989319 -0.403688 0 0 0 1 
39885980090033;0.259006;0.55304;0.772115 -0.612955 -0.167703 -0.092676 0.594833 0.789974 -0.148709 -1.2619 0.223633 0.0150651 0.974557 -0.634274 0 0 0 1 
39885980090034;0.13399;0.521651;0.874053 -0.485632 -0.0138877 -0.286348 0.477607 0.864145 -0.158572 -1.03738 0.0890086 0.131967 0.98725 -0.164496 0 0 0 1 
39885980090035;0.310003;0.546369;0.972227 -0.233182 0.0200098 -0.021606 0.22555 0.910717 -0.346008 -0.0950514 0.0624593 0.340911 0.938018 0.429611 0 0 0 1 
39885980090036;0.791909;0.529667;0.819514 -0.358037 -0.447445 1.12588 0.376681 0.924979 -0.0502441 -0.471441 0.431867 -0.127368 0.892899 -1.87238 0 0 0 1 
39885980090037;0.326129;0.547465;0.927278 -0.372443 0.0379597 -0.500364 0.374241 0.919484 -0.120385 -0.774073 0.00993304 0.125836 0.992001 0.38106 0 0 0 1 
39885980090038;0.582863;0.580765;0.926822 -0.371796 0.0526097 -0.586772 0.375492 0.918562 -0.123491 -1.12935 -0.0024119 0.134208 0.99095 0.0786892 0 0 0 1 
39885980090039;0.172583;0.547116;0.90074 -0.432955 0.0348959 -0.365427 0.434092 0.894461 -0.107251 -0.818927 0.0152216 0.111753 0.993619 0.258747 0 0 0 1 
39885980090040;0.259945;0.551652;0.915493 -0.401478 0.0262182 -0.263981 0.395171 0.909526 0.128847 -0.41015 -0.0755755 -0.107598 0.991318 0.00893574 0 0 0 1 
39885980090041;0.477445;0.591242;0.74133 -0.666 0.0829052 -0.131241 0.668315 0.743878 -0.000236893 -2.06763 -0.0615136 0.0555824 0.996557 -0.051567 0 0 0 1 
39885980090042;0.418217;0.522186;0.990893 -0.122381 0.056159 -0.0609558 0.126975 0.988064 -0.087223 0.420249 -0.0448142 0.0935594 0.994605 0.566882 0 0 0 1 
39885980090043;0.341309;0.562058;0.807759 -0.552685 -0.205095 -0.0716107 0.577114 0.812347 0.0838491 -1.46263 0.120266 -0.186093 0.975144 -0.728802 0 0 0 1 
39885980090044;0.352045;0.548871;0.804883 -0.54454 0.235881 -0.205394 0.488805 0.83374 0.256802 -1.17083 -0.336502 -0.0913955 0.937237 0.555333 0 0 0 1 
39885980090045;0.207777;0.55907;0.822676 -0.534111 0.194753 -0.230248 0.542517 0.839961 0.0118954 -1.20813 -0.169939 0.0958708 0.98078 0.646305 0 0 0 1 
39885980090046;0.379302;0.560988;0.932073 -0.0855381 0.352027 0.15851 0.187918 0.944929 -0.26795 0.0474491 -0.30972 0.315901 0.896817 1.16707 0 0 0 1 
39885980090047;0.227046;0.564464;0.904916 -0.363535 0.221288 -0.124708 0.353391 0.93158 0.0852864 -0.541075 -0.237152 0.00102425 0.971472 0.372047 0 0 0 1 
39885980090048;0.266999;0.551569;0.922543 -0.307504 0.233142 0.071937 0.356128 0.91111 -0.207488 -0.445454 -0.148615 0.274445 0.950049 1.14982 0 0 0 1 
39885980090049;0.523967;0.536834;0.886401 -0.383227 0.259674 0.239513 0.313485 0.909679 0.272419 -0.457695 -0.340618 -0.160069 0.926476 1.23871 0 0 0 1 
39885980090050;0.207409;0.60275;0.865412 -0.499717 0.0366802 -0.134475 0.501044 0.862452 -0.0716308 -1.18069 0.0041602 0.0803686 0.996757 0.146589 0 0 0 1 
39885980090051;0.499446;0.513978;0.948926 -0.267405 0.167434 0.11635 0.296985 0.936199 -0.187967 0.00832679 -0.106489 0.228092 0.967799 0.120676 0 0 0 1 
39885980090052;0.316512;0.52104;0.946839 -0.280439 0.157636 -0.399209 0.309476 0.927827 -0.208234 -0.229702 -0.0878625 0.245949 0.965292 0.370271 0 0 0 1 
39885980090053;0.450592;0.561922;0.856297 -0.506253 0.102291 -0.405702 0.515336 0.850668 -0.103893 -0.877532 -0.0344192 0.141678 0.989314 -0.261732 0 0 0 1 
39885980090054;0.48513;0.592436;0.766248 -0.617388 -0.178035 -0.093755 0.642438 0.731069 0.229808 -1.66321 -0.0117248 -0.290466 0.956813 -0.608421 0 0 0 1 
39885980090055;0.127893;0.570009;0.861388 -0.507679 0.0165367 -0.0820164 0.503379 0.848831 -0.161538 -0.954095 0.0679728 0.147472 0.986728 0.151127 0 0 0 1 
39885980090056;0.526201;0.563994;0.722363 -0.689641 -0.050869 -0.0433916 0.69151 0.720661 0.0496114 -1.56958 0.00244529 -0.0710139 0.997472 0.440915 0 0 0 1 
39885980090057;0.593626;0.545465;0.871053 -0.379367 -0.312005 0.575308 0.438424 0.886894 0.145614 -0.671535 0.221475 -0.263628 0.938855 -0.649142 0 0 0 1 
39885980090058;0.12749;0.535171;0.922268 -0.358248 -0.145191 -0.186307 0.330541 0.925625 -0.184285 -0.452788 0.200412 0.121969 0.97209 -0.318297 0 0 0 1 
39885980090059;0.597495;0.57102;0.838799 -0.513305 -0.181478 -0.281663 0.407096 0.812659 -0.416963 -1.04652 0.361509 0.275869 0.890622 0.311264 0 0 0 1 
39885980090060;0.466612;0.566713;0.768213 -0.620244 0.158574 -0.229098 0.638187 0.72234 -0.266351 -1.43437 0.0506583 0.305814 0.950742 0.905064 0 0 0 1 
39885980090062;0.722072;0.541377;0.961799 -0.227447 -0.152348 -0.0532258 0.236794 0.970467 0.0460704 -0.837098 0.13737 -0.0803856 0.987253 -0.228557 0 0 0 1 
39885980090063;0.21414;0.150646;0.998161 0.0437251 0.0419863 -0.0407548 -0.0248872 0.927142 -0.373883 0.0910267 -0.0552753 0.37215 0.926525 -0.334457 0 0 0 1 
39885980090064;0.937509;0.2443;0.991263 0.13189 -0.001589 -0.739899 -0.130605 0.979781 -0.151563 0.114572 -0.0184327 0.150446 0.988446 -0.690932 0 0 0 1 
39885980090065;0.614008;0.22027;0.938561 0.202141 0.27972 -0.235408 -0.116918 0.948822 -0.293371 0.589121 -0.324707 0.242642 0.914161 0.432585 0 0 0 1 
39885980090066;0.857809;0.134373;0.99748 0.0613057 0.0357043 -0.0367747 -0.0582292 0.994961 -0.081623 -0.275837 -0.0405283 0.0793383 0.996024 0.605761 0 0 0 1 
39885980090067;0.711929;0.294378;0.992254 0.0274448 -0.12116 0.424464 -0.0403532 0.99361 -0.105408 0.0371343 0.117493 0.109481 0.98702 -0.575433 0 0 0 1 
39885980090068;0.589386;0.272457;0.999886 -0.0137756 0.00610578 0.0876921 0.0133793 0.998061 0.0607915 -0.144557 -0.00693138 -0.0607029 0.998132 0.545912 0 0 0 1 
39885980090069;0.410197;0.151964;0.998877 0.00488768 -0.0471325 0.157198 -0.00281928 0.999034 0.0438518 -0.10702 0.0473013 -0.0436697 0.997926 -0.340661 0 0 0 1 
39885980090070;0.483885;0.131029;0.93313 0.115392 0.340519 -0.269253 -0.130263 0.991256 0.0210542 0.192433 -0.335112 -0.0640034 0.940002 1.10599 0 0 0 1 
39885980090071;0.64931;0.626634;0.9758 -0.104964 -0.191823 0.0640816 0.0419246 0.950788 -0.306991 -0.095105 0.214606 0.29152 0.93218 -0.835658 0 0 0 1 
39885980090072;0.398606;0.460896;0.953407 -0.301188 -0.0173416 0.45959 0.293939 0.914441 0.278203 -1.20093 -0.0679337 -0.270338 0.960366 0.518979 0 0 0 1 
39885980090073;0.928997;0.432389;0.959075 0.0142711 -0.282792 0.481488 0.00409989 0.997924 0.0642647 0.219012 0.283122 -0.0627941 0.957026 -0.41727 0 0 0 1 
39885980090074;0.42064;0.28838;0.892464 -0.163553 0.420427 0.564801 0.166417 0.985594 0.0301492 -0.621564 -0.419302 0.0430593 0.906825 1.11728 0 0 0 1 
39885980090075;0.428471;0.133721;0.913822 0.225208 0.337952 -0.0904382 -0.281342 0.951181 0.126891 0.836354 -0.292877 -0.211036 0.93257 1.1621 0 0 0 1 
39885980090076;0.878954;0.247326;0.992791 -0.0407526 0.11272 0.577999 0.036916 0.998673 0.035918 -0.249351 -0.114034 -0.0314979 0.992977 0.735862 0 0 0 1 
39885980090077;0.395145;0.122264;0.91956 0.3846 -0.0805789 -0.358263 -0.39292 0.902515 -0.176299 1.09749 0.00491894 0.193779 0.981033 -0.251972 0 0 0 1 
39885980090078;1.1758;0.282928;0.999073 -0.0328904 0.0277618 -0.1284 0.033238 0.999374 -0.0121532 -0.330578 -0.0273446 0.0130647 0.999541 -0.926847 0 0 0 1 
39885980090079;1.02505;0.720849;0.951411 0.0699948 -0.299862 -0.198169 -0.13182 0.972659 -0.1912 0.381991 0.278281 0.221437 0.934626 -0.573262 0 0 0 1 
39885980090080;0.475546;0.14819;0.999604 -0.028079 -0.00176333 0.0827458 0.0281023 0.999493 0.0149405 -0.250057 0.00134292 -0.0149841 0.999887 -0.377423 0 0 0 1 
39885980090081;0.321616;0.284418;0.941643 -0.0613892 0.330969 0.17391 0.0539998 0.998044 0.0314852 -0.344307 -0.332255 -0.0117756 0.943116 1.00745 0 0 0 1 
39885980090082;1.0641;0.39536;0.971855 0.0551306 0.229037 -0.563142 -0.0693699 0.996097 0.0545852 0.0291227 -0.225134 -0.0689372 0.971886 -0.0202605 0 0 0 1 
39885980090083;0.893927;0.106904;0.952411 -0.0513268 0.300465 -0.214761 -0.0618683 0.932653 0.355429 -0.326132 -0.298473 -0.357104 0.885094 0.804185 0 0 0 1 
39885980090084;0.543877;0.101742;0.95203 0.272755 -0.138723 -0.0490117 -0.288258 0.951509 -0.107418 0.440806 0.102697 0.142253 0.984488 -0.365353 0 0 0 1 
39885980090085;0.738131;0.285957;0.874301 0.123312 0.469459 0.429233 -0.154902 0.987501 0.0290983 0.156775 -0.460004 -0.098161 0.882474 1.00834 0 0 0 1 
39885980090086;0.60161;0.181266;0.998212 0.0596167 0.00442418 -0.108673 -0.0597806 0.995476 0.0738545 0.0551259 -1.21088e-06 -0.0739868 0.997259 0.581928 0 0 0 1 
39885980090087;0.217577;0.0821582;0.998313 0.0480376 -0.0326206 -0.147941 -0.0467186 0.998105 0.0400595 -0.00945237 0.0344831 -0.0384679 0.998665 -0.130471 0 0 0 1 
39885980090088;0.201974;0.276683;0.995997 -0.0671417 0.0590041 0.0529868 0.0764529 0.981915 -0.173198 -0.34419 -0.0463082 0.177016 0.983118 -0.177751 0 0 0 1 
39885980090089;0.645809;0.149982;0.902498 0.186682 -0.388133 0.1532 -0.129863 0.977189 0.168042 0.223874 0.41065 -0.101253 0.906154 -1.32528 0 0 0 1 
39885980090090;0.450371;0.17846;0.919186 0.29192 0.264347 -0.302458 -0.303133 0.952947 0.00170847 0.830298 -0.25141 -0.0817028 0.964426 0.914263 0 0 0 1 
39885980090091;0.498519;0.172022;0.986152 0.14908 -0.0726571 -0.0821932 -0.138137 0.980812 0.137575 0.179523 0.0917726 -0.125633 0.987823 0.280872 0 0 0 1 
39885980090093;0.227552;0.389378;0.980208 0.0335588 0.195106 -0.357501 -0.0339602 0.999422 -0.0012884 0.452146 -0.195037 -0.00536294 0.980781 0.274315 0 0 0 1 
39885980090094;0.336698;0.358735;0.975048 -0.176222 0.135008 0.311673 0.185439 0.980886 -0.0589505 0.107982 -0.122039 0.0825154 0.989089 -0.313891 0 0 0 1 
39885980090095;0.148785;0.355119;0.985477 0.0121695 -0.16937 -0.276335 -0.028029 0.995405 -0.0915654 0.385936 0.167477 0.0949829 0.98129 -0.364049 0 0 0 1 
39885980090096;0.662123;0.450183;0.972605 0.112839 -0.20324 -0.166636 -0.0600827 0.966604 0.249132 0.251093 0.224564 -0.230095 0.946904 0.0146601 0 0 0 1 
39885980090097;0.657715;0.514254;0.968236 0.0536237 0.244221 -0.373813 -0.0632603 0.997491 0.0317817 -0.24491 -0.241904 -0.0462217 0.969199 0.123814 0 0 0 1 
39885980090098;0.630821;0.411165;0.998734 0.0476489 -0.0161114 -0.447179 -0.0502702 0.934721 -0.351809 0.261197 -0.00170363 0.352173 0.935933 -0.476249 0 0 0 1 
39885980090099;0.628543;0.400119;0.937533 -0.204803 0.281226 0.5377 0.220258 0.975143 -0.024132 0.697769 -0.269293 0.0845668 0.959338 0.380685 0 0 0 1 
39885980090100;0.425699;0.46041;0.940126 0.309815 0.14205 -1.40191 -0.274132 0.935004 -0.224985 1.21927 -0.202521 0.172574 0.963952 -0.720315 0 0 0 1 
39885980090101;0.696606;0.404796;0.996084 -0.0740187 -0.0483575 0.034999 0.081022 0.983108 0.164117 -0.298362 0.0353929 -0.167392 0.985255 0.91224 0 0 0 1 
39885980090102;0.122477;0.314942;0.997928 0.0637805 0.00848523 -0.530791 -0.0635328 0.997619 -0.0268177 0.453643 -0.0101755 0.0262231 0.999604 -0.0471293 0 0 0 1 
39885980090103;0.717527;0.33824;0.889773 0.415178 0.189555 -2.35566 -0.390744 0.907578 -0.153691 0.80627 -0.235845 0.062683 0.969767 0.101768 0 0 0 1 
39885980090104;0.685443;0.555129;0.973454 0.228816 0.00554913 -1.05062 -0.228849 0.973443 0.00607566 -0.177295 -0.00401155 -0.00718429 0.999966 -0.255707 0 0 0 1 
39885980090105;0.47354;0.468163;0.981681 0.189254 0.0220108 -1.02605 -0.189152 0.981925 -0.00665971 -0.0320966 -0.0228733 0.00237433 0.999736 -0.00788786 0 0 0 1 
39885980090106;0.459683;0.378998;0.946989 0.19881 -0.252364 -0.783721 -0.18163 0.979251 0.0898807 0.65751 0.264997 -0.0392791 0.963449 -0.615858 0 0 0 1 
39885980090107;0.891834;0.352102;0.931498 -0.352351 0.0903349 0.355188 0.355396 0.93451 -0.019642 -0.423088 -0.0774979 0.0504011 0.995718 -0.12402 0 0 0 1 
39885980090108;0.424446;0.346398;0.8939 -0.183425 0.409021 0.229024 0.153894 0.982567 0.104301 0.270169 -0.421022 -0.0302888 0.906544 0.340426 0 0 0 1 
39885980090109;0.495711;0.446899;0.933013 0.359728 -0.00906876 -1.6419 -0.359759 0.933043 -0.00196476 1.36951 0.00775477 0.00509571 0.999957 0.16311 0 0 0 1 
39885980090110;0.968235;0.559504;0.86135 0.446363 0.242561 -1.7557 -0.480519 0.87081 0.103881 1.47813 -0.164856 -0.206034 0.964558 1.78619 0 0 0 1 
39885980090111;0.425117;0.404394;0.994478 0.103579 0.0169025 -0.656411 -0.103363 0.994556 -0.0131912 0.648051 -0.0181768 0.0113712 0.99977 0.475497 0 0 0 1 
39885980090112;0.465914;0.53115;0.882436 0.464355 -0.0753804 -2.02607 -0.464027 0.832817 -0.301819 1.55412 -0.0773728 0.301314 0.950381 -1.08884 0 0 0 1 
39885980090113;0.34947;0.364589;0.989072 0.141153 0.0425782 -0.845192 -0.147343 0.936136 0.319281 0.81098 0.00520842 -0.322065 0.946703 1.35705 0 0 0 1 
39885980090114;0.0961654;0.326798;0.992554 0.107799 -0.0567177 -0.619792 -0.10904 0.993851 -0.019253 0.492927 0.0542934 0.0252941 0.998205 -0.275571 0 0 0 1 
39885980090115;0.726185;0.395556;0.976738 -0.14658 -0.156517 0.0945229 0.133268 0.986758 -0.0924572 0.259408 0.167997 0.0694478 0.983338 0.512961 0 0 0 1 
39885980090116;0.788969;0.495541;0.935792 -0.3519 -0.0214249 1.08239 0.34707 0.930214 -0.119353 0.415743 0.06193 0.104253 0.992621 0.36144 0 0 0 1 
39885980090117;0.478045;0.39997;0.992173 0.0994342 0.0755403 -0.56111 -0.0978318 0.994898 -0.0246332 0.578612 -0.0776042 0.0170501 0.996838 0.557007 0 0 0 1 
39885980090118;0.326438;0.323017;0.98873 -0.148291 0.020547 0.11411 0.148685 0.988698 -0.0192016 0.225743 -0.0174674 0.0220403 0.999604 0.0943489 0 0 0 1 
39885980090119;0.735474;0.310893;0.974413 -0.153561 0.164131 0.232122 0.165585 0.984232 -0.0621995 0.0151466 -0.151992 0.0877857 0.984476 0.597768 0 0 0 1 
39885980090120;0.723848;0.306237;0.992825 0.0210883 0.117704 -0.520622 -0.00573642 0.991593 -0.129271 0.91135 -0.119441 0.127668 0.984599 0.381552 0 0 0 1 
39885980090121;0.394688;0.459037;0.996851 0.0740582 -0.028354 -0.450004 -0.0778818 0.981627 -0.174194 0.155527 0.0149326 0.175854 0.984303 -0.398012 0 0 0 1 
39885980090122;0.722168;0.453078;0.97029 0.238638 0.0398753 -1.12195 -0.235596 0.969414 -0.0687774 0.767392 -0.0550686 0.0573395 0.996835 0.737442 0 0 0 1 
39885980090124;0.340489;0.0123474;0.995591 0.0935943 0.00623184 0.258167 -0.0936034 0.995609 0.00118446 -0.661735 -0.00609362 -0.00176256 0.99998 -0.377725 0 0 0 1 
39885980090125;0.370091;0.0176654;0.913905 0.0136396 0.405699 -0.41969 -0.0513864 0.995282 0.0822951 -0.269937 -0.402663 -0.0960573 0.910294 -1.00527 0 0 0 1 
39885980090126;0.34208;0.0133072;0.887557 0.247108 0.388819 0.580856 -0.263545 0.964579 -0.0114314 -0.547956 -0.377872 -0.0923252 0.921243 -0.640915 0 0 0 1 
39885980090127;0.0863411;0.0264118;0.995923 -0.0149913 -0.0889541 -0.0223749 0.0205503 0.99787 0.06191 -0.00717425 0.0878365 -0.0634856 0.99411 -0.0364195 0 0 0 1 
39885980090128;0.358883;0.0197178;0.9734 0.160897 0.163109 0.643736 -0.1686 0.985082 0.0344475 0.0117859 -0.155134 -0.0610314 0.986006 0.184969 0 0 0 1 
39885980090129;0.382249;0.022774;0.930215 0.367014 5.66743e-05 1.44774 -0.367014 0.930213 0.0019654 -0.846032 0.00066861 -0.00184904 0.999998 -0.0233166 0 0 0 1 
39885980090130;0.323168;0.0322211;0.973011 0.182708 -0.140955 0.896436 -0.199287 0.973276 -0.114098 -0.101576 0.116341 0.139109 0.983419 0.344836 0 0 0 1 
39885980090131;0.505537;0.0174398;0.993115 -0.116511 -0.0121262 -0.892731 0.115638 0.991637 -0.0573113 -0.633487 0.0187022 0.0555145 0.998283 -0.209131 0 0 0 1 
39885980090132;0.44134;0.0145832;0.999102 0.0212158 -0.0366642 -0.645553 -0.0246788 0.995004 -0.0967385 0.0833948 0.0344286 0.0975565 0.994634 0.780354 0 0 0 1 
39885980090133;0.275576;0.0130456;0.998611 -0.0517939 -0.00962221 -0.683087 0.0518511 0.998638 0.0057957 -0.0982217 0.00930893 -0.00628657 0.999937 -0.156884 0 0 0 1 
39885980090134;0.264805;0.0128355;0.980742 -0.147734 0.127746 -0.524388 0.174879 0.955491 -0.237603 0.0928551 -0.0869581 0.255367 0.962926 0.968219 0 0 0 1 
39885980090135;0.321182;0.0137552;0.980392 0.195524 0.0245373 0.263802 -0.19097 0.973422 -0.126415 -0.239316 -0.0486022 0.11925 0.991674 0.682135 0 0 0 1 
39885980090136;0.536598;0.0135961;0.990514 0.0709647 -0.117666 -0.167389 -0.0852265 0.98899 -0.120976 0.0914074 0.107785 0.129856 0.985657 1.4794 0 0 0 1 
39885980090137;0.239766;0.0158155;0.998831 0.0408622 0.0258335 -0.0128639 -0.0423136 0.997397 0.0583857 0.0273612 -0.0233805 -0.0594105 0.99796 -0.651971 0 0 0 1 
39885980090138;0.366462;0.019897;0.929973 -0.352767 -0.103467 -1.35886 0.344211 0.934381 -0.0919268 0.240136 0.129106 0.049875 0.990376 0.119783 0 0 0 1 
39885980090139;0.522118;0.0123788;0.986846 0.157498 0.0364496 -0.151687 -0.159846 0.984329 0.0744617 -0.704492 -0.0241508 -0.0793086 0.996558 0.153026 0 0 0 1 
39885980090140;0.328612;0.0244717;0.977488 -0.0408744 -0.206994 -0.188749 0.0253311 0.996694 -0.0771927 0.0391686 0.209465 0.0702115 0.975292 1.06323 0 0 0 1 
39885980090141;0.0802768;0.0168893;0.999014 -0.0182263 0.0404743 -0.188206 0.0161777 0.998599 0.050377 -0.0626333 -0.0413358 -0.0496725 0.99791 -0.155665 0 0 0 1 
39885980090142;0.374391;0.0250145;0.935238 0.265034 -0.234708 1.17068 -0.19003 0.935197 0.298822 -0.677726 0.298696 -0.234868 0.924996 -0.627364 0 0 0 1 
39885980090143;0.228673;0.0269913;0.981994 0.18122 -0.0533547 0.740579 -0.181175 0.983434 0.00571506 -0.194211 0.0535065 0.00405437 0.998559 -0.158676 0 0 0 1 
39885980090144;0.446317;0.0204502;0.917382 0.397943 0.00718724 1.46542 -0.397973 0.916917 0.0296622 -0.931799 0.00521377 -0.0300719 0.999534 0.236169 0 0 0 1 
39885980090145;0.0431272;0.0129996;0.999684 0.012014 0.0220919 -0.00719778 -0.0128576 0.999178 0.0384469 -0.0238711 -0.0216118 -0.0387188 0.999016 -0.172807 0 0 0 1 
39885980090146;0.329175;0.0275783;0.994092 -0.0998082 -0.0426477 -0.215172 0.098748 0.994765 -0.026288 0.405946 0.0450482 0.0219213 0.998744 0.61267 0 0 0 1 
39885980090147;0.155218;0.0135041;0.998354 0.0540703 0.0191327 0.0443336 -0.0552019 0.996382 0.0646223 -0.125315 -0.0155693 -0.065572 0.997726 -0.0116126 0 0 0 1 
39885980090148;0.427209;0.0114966;0.987478 0.140985 0.0707877 0.319936 -0.120594 0.963885 -0.237452 -0.445093 -0.101708 0.225942 0.968817 1.46895 0 0 0 1 
39885980090149;0.211483;0.013404;0.984373 -0.121258 0.127697 -0.662377 0.120013 0.992619 0.0174341 0.16377 -0.128868 -0.00183646 0.99166 0.0703226 0 0 0 1 
39885980090150;0.560906;0.0367814;0.92337 0.20392 -0.325277 1.17193 -0.232829 0.97112 -0.0521282 0.307632 0.305253 0.123867 0.944181 0.329953 0 0 0 1 
39885980090151;0.283425;0.0171644;0.948313 0.290026 0.12879 0.949758 -0.245381 0.927528 -0.281921 -0.474711 -0.201221 0.235746 0.950754 0.634209 0 0 0 1 
39885980090152;0.461176;0.0169388;0.899723 -0.420216 0.117966 -1.82663 0.413938 0.907239 0.0746566 0.18202 -0.138396 -0.0183395 0.990207 -0.387428 0 0 0 1 
39885980090153;0.364593;0.0132954;0.992221 0.113421 0.0513166 0.0341551 -0.11697 0.990489 0.0724494 -0.610857 -0.0426113 -0.0778883 0.996051 -0.726503 0 0 0 1 
39885980090155;0.220386;1.52006;0.998521 -0.0539496 -0.00673682 -0.323928 0.0536169 0.99766 -0.0424174 1.27089 0.00900946 0.0419935 0.999077 -0.0773943 0 0 0 1 
39885980090156;0.547565;1.62444;0.961618 -0.0898013 0.259279 -0.00474295 0.063056 0.991962 0.109703 1.16057 -0.267047 -0.0891436 0.959552 1.22819 0 0 0 1 
39885980090157;0.178395;1.45242;0.995212 0.0973945 0.00817051 -0.361332 -0.0969037 0.994168 -0.0473266 1.63523 -0.0127322 0.0463083 0.998846 -0.153166 0 0 0 1 
39885980090158;0.913519;1.62323;0.912346 0.0411118 0.40735 0.457552 -0.0837027 0.992661 0.0872856 1.76776 -0.400772 -0.113731 0.909091 1.96668 0 0 0 1 
39885980090159;0.31181;1.41195;0.986933 0.121727 -0.105576 -0.216621 -0.157845 0.862047 -0.481622 2.16715 0.0323853 0.491994 0.869996 -0.32878 0 0 0 1 
39885980090160;0.529179;1.62334;0.99634 0.080663 -0.0282845 -0.481014 -0.0807334 0.996735 -0.00135518 1.86279 0.0280828 0.00363372 0.999599 0.365984 0 0 0 1 
39885980090161;0.588623;1.75653;0.9819 -0.108759 0.155064 -0.277342 0.0928967 0.990004 0.106128 1.41077 -0.165056 -0.089802 0.982187 1.04319 0 0 0 1 
39885980090162;0.825722;1.78574;0.984271 -0.168526 -0.0530102 -0.107128 0.166884 0.985389 -0.0340326 1.27708 0.0579711 0.0246507 0.998014 -0.969559 0 0 0 1 
39885980090163;0.504725;1.60779;0.990985 0.133603 -0.00993972 -0.0782374 -0.133731 0.990925 -0.0135819 2.45421 0.00803493 0.0147887 0.999858 -0.02401 0 0 0 1 
39885980090164;0.244441;1.35864;0.993728 0.085049 -0.0725981 -0.345155 -0.0784783 0.992934 0.0890102 1.55964 0.0796554 -0.0827545 0.993381 -0.490479 0 0 0 1 
39885980090165;0.707584;1.44612;0.998416 0.0560478 0.00493838 -0.498947 -0.0558935 0.998066 -0.027221 1.86946 -0.0064545 0.0269018 0.999617 -0.728552 0 0 0 1 
39885980090166;0.507941;1.17505;0.981818 0.132307 0.136119 -0.465043 -0.112767 0.983358 -0.142444 1.78741 -0.1527 0.124504 0.980399 0.688369 0 0 0 1 
39885980090167;0.79424;1.75871;0.987139 -0.13558 -0.0847028 -0.156854 0.125576 0.985514 -0.113988 1.5184 0.0989302 0.101885 0.989865 0.315663 0 0 0 1 
39885980090168;0.994365;1.02423;0.995172 0.0810533 -0.0553529 0.51102 -0.0867715 0.990113 -0.110212 1.58087 0.0458726 0.114483 0.992366 0.504864 0 0 0 1 
39885980090169;0.602224;1.25078;0.948318 0.254484 -0.189553 -0.278079 -0.277372 0.954939 -0.105621 2.69939 0.154133 0.152739 0.976173 -0.811809 0 0 0 1 
39885980090170;0.878287;1.71094;0.976337 -0.0867104 -0.19811 -0.345437 0.122216 0.97701 0.174686 1.1207 0.178408 -0.194764 0.964488 0.260259 0 0 0 1 
39885980090171;0.174618;1.37003;0.98483 0.12202 -0.123374 -0.263041 -0.123579 0.992322 -0.00503665 1.83768 0.121812 0.0202067 0.992347 -0.538042 0 0 0 1 
39885980090172;0.809772;1.50415;0.996242 0.0864549 -0.00520719 -0.793599 -0.0864959 0.996218 -0.00824297 1.94 0.00447485 0.0086624 0.999952 0.678745 0 0 0 1 
39885980090173;0.12527;1.64402;0.99587 0.068857 -0.0591812 -0.357411 -0.0767605 0.986634 -0.143742 1.96991 0.0484925 0.147691 0.987844 -0.268141 0 0 0 1 
39885980090174;1.08358;1.18905;0.956643 0.0757482 0.28124 -0.625067 -0.0808367 0.996706 0.00651831 1.56162 -0.27982 -0.0289702 0.959615 1.79939 0 0 0 1 
39885980090175;0.382051;1.57869;0.996543 0.0829948 -0.0036564 -0.402598 -0.0830625 0.996197 -0.0263154 1.85824 0.00145845 0.0265281 0.999647 0.326727 0 0 0 1 
39885980090176;1.01834;1.55762;0.94589 -0.138019 0.29367 -0.658113 0.154319 0.987471 -0.0329593 0.453299 -0.285442 0.0764949 0.955338 1.323 0 0 0 1 
39885980090177;0.304463;1.6732;0.995561 0.0881329 0.0330403 -0.198312 -0.0869037 0.995531 -0.0369593 1.99677 -0.0361499 0.0339239 0.99877 -0.180668 0 0 0 1 
39885980090178;0.543046;1.56609;0.994992 0.0459938 0.0887418 -0.689989 -0.0397559 0.996696 -0.0708236 1.5515 -0.0917061 0.0669409 0.993534 0.60875 0 0 0 1 
39885980090179;0.361753;1.61669;0.986104 0.0745209 -0.148475 -0.471771 -0.0834053 0.995023 -0.05453 1.86312 0.143673 0.0661559 0.987412 -0.195252 0 0 0 1 
39885980090180;0.25283;1.79387;0.998257 0.0278668 -0.0520187 -0.379464 -0.0278063 0.999612 0.00188628 1.91485 0.052051 -0.000436547 0.998644 -0.0260592 0 0 0 1 
39885980090181;0.881259;1.81258;0.977035 0.0348927 -0.210202 0.181923 -0.0190451 0.996853 0.0769504 1.33951 0.212226 -0.0711799 0.974625 -0.211347 0 0 0 1 
39885980090182;0.669254;1.36082;0.994947 0.100385 0.00201937 -0.0585035 -0.100294 0.994589 -0.0270989 1.47765 -0.00472878 0.0267595 0.999631 -0.633301 0 0 0 1 
39885980090183;0.198594;1.4245;0.969632 0.041522 0.241017 -0.261144 -0.0452656 0.998925 0.0100141 1.56748 -0.240342 -0.0206198 0.970469 0.822196 0 0 0 1 
39885980090184;0.838159;1.30177;0.9883 0.135289 -0.0704321 -0.0526332 -0.152333 0.898687 -0.411287 2.41923 0.00765374 0.417204 0.908781 -0.894304 0 0 0 1 
39885980090186;1.03403;0.581957;0.951405 0.306259 0.0321472 -0.232538 -0.304403 0.951114 -0.0521714 0.450024 -0.0465536 0.0398505 0.998121 -0.576583 0 0 0 1 
39885980090187;0.391456;0.371993;0.989295 0.132877 0.0603203 -0.451351 -0.136214 0.989148 0.055064 0.341251 -0.052349 -0.062691 0.996659 -0.109675 0 0 0 1 
39885980090188;0.19321;0.446654;0.988926 0.107726 -0.102083 -0.404489 -0.117692 0.988279 -0.0972267 0.281692 0.0904132 0.108164 0.990013 -0.514988 0 0 0 1 
39885980090189;0.694654;0.707523;0.944279 -0.245295 0.219471 -0.188509 0.228369 0.968443 0.0998318 -0.871656 -0.237034 -0.0441485 0.970498 1.29584 0 0 0 1 
39885980090190;0.710931;0.372126;0.992097 0.125329 -0.00599236 -0.386059 -0.121111 0.969005 0.215317 0.484627 0.032792 -0.212889 0.976526 0.743479 0 0 0 1 
39885980090191;0.303973;0.358165;0.971858 0.234304 0.0243673 -0.52278 -0.233438 0.971783 -0.0338191 0.802626 -0.0316037 0.0271791 0.999131 -0.0868227 0 0 0 1 
39885980090192;0.937341;0.455089;0.991704 0.126645 0.0220097 -0.341502 -0.12633 0.991872 -0.0151704 -0.237707 -0.0237521 0.0122641 0.999643 0.79825 0 0 0 1 
39885980090193;0.0973903;0.452565;0.99328 0.11465 0.0158393 -0.476192 -0.114505 0.993374 -0.00981225 0.321599 -0.0168593 0.00793264 0.999826 0.0858564 0 0 0 1 
39885980090194;0.330993;0.361256;0.999562 0.00230532 0.029516 -0.276658 -0.000418386 0.997964 -0.0637762 -0.304407 -0.029603 0.0637359 0.997528 0.159467 0 0 0 1 
39885980090195;0.913121;0.373791;0.99841 -0.0518721 0.0220724 -0.333645 0.0532713 0.996234 -0.0684044 -0.111591 -0.018441 0.0694714 0.997413 -0.771531 0 0 0 1 
39885980090196;0.843835;0.396153;0.97147 0.223025 0.0806645 -0.394188 -0.224267 0.974506 0.00656974 0.667427 -0.0771427 -0.0244727 0.99672 -0.48245 0 0 0 1 
39885980090197;0.709255;0.318812;0.989702 0.134138 0.0499757 -0.41127 -0.13916 0.983413 0.116333 0.231532 -0.033542 -0.12209 0.991952 -0.409229 0 0 0 1 
39885980090198;1.04503;0.54699;0.995833 0.0775727 -0.047941 -0.195358 -0.0829043 0.989107 -0.121633 0.339124 0.0379834 0.125101 0.991417 0.681635 0 0 0 1 
39885980090199;0.0833687;0.369706;0.994335 0.0962098 0.0451829 -0.369382 -0.0949517 0.995053 -0.0292161 0.188124 -0.0477703 0.0247604 0.998551 0.125121 0 0 0 1 
39885980090200;1.06244;0.526628;0.996965 0.0774458 -0.00797919 -0.201884 -0.0776104 0.99672 -0.0229488 0.501701 0.00617572 0.0234984 0.999705 0.80684 0 0 0 1 
39885980090201;0.454509;0.666463;0.964933 -0.182525 -0.188649 -0.325652 0.170597 0.982266 -0.0777805 -0.524791 0.1995 0.0428701 0.97896 -0.365332 0 0 0 1 
39885980090202;0.602175;0.465824;0.897358 0.260291 -0.356367 -0.521398 -0.227701 0.964832 0.131349 0.933846 0.378023 -0.0367218 0.925068 -0.900095 0 0 0 1 
39885980090203;0.367742;0.552712;0.907384 -0.00491834 0.420274 -0.129514 -0.0583929 0.988759 0.137643 0.149933 -0.416227 -0.149436 0.896897 1.60492 0 0 0 1 
39885980090204;1.06319;0.553916;0.945934 0.25877 0.195567 -0.389405 -0.229909 0.960219 -0.158499 0.614443 -0.228802 0.104967 0.967797 1.63548 0 0 0 1 
39885980090205;0.675409;0.312178;0.976294 0.216238 -0.00954633 -0.888382 -0.216123 0.97146 -0.0977614 0.481928 -0.0118658 0.0975071 0.995164 -0.275504 0 0 0 1 
39885980090206;0.947378;0.4385;0.976056 0.196235 0.0938438 -0.614756 -0.201571 0.978137 0.0511522 0.277983 -0.0817543 -0.0688437 0.994272 1.16329 0 0 0 1 
39885980090207;0.975527;0.507816;0.9876 -0.156134 -0.0163785 -0.314558 0.156339 0.98763 0.0120405 -0.4397 0.0142959 -0.0144518 0.999793 -0.824548 0 0 0 1 
39885980090208;0.357335;0.453136;0.92847 0.30818 0.207288 -0.46881 -0.28018 0.94755 -0.15378 1.02674 -0.243808 0.0847022 0.966118 0.501899 0 0 0 1 
39885980090209;0.567849;0.325875;0.964751 0.262904 0.0116908 -0.818842 -0.262649 0.964691 -0.0196617 0.613912 -0.0164472 0.0158981 0.999738 0.178638 0 0 0 1 
39885980090210;0.29383;0.409508;0.964074 0.134596 0.229008 -0.274685 -0.147009 0.988407 0.037958 0.334314 -0.221244 -0.0702607 0.972684 1.02057 0 0 0 1 
39885980090211;0.573799;0.271479;0.980455 0.196333 -0.0126851 -0.725894 -0.183134 0.887175 -0.423536 0.70258 -0.0719002 0.417581 0.90579 0.0250476 0 0 0 1 
39885980090212;0.324919;0.526999;0.964375 0.263689 -0.0212037 -0.521838 -0.261314 0.962028 0.0788535 0.696842 0.0411914 -0.0705035 0.996661 0.207724 0 0 0 1 
39885980090213;0.920265;0.519091;0.992835 0.070658 -0.0963609 -0.37571 -0.0642041 0.995582 0.0685105 -0.183029 0.100776 -0.0618329 0.992986 0.523547 0 0 0 1 
39885980090214;0.527822;0.519976;0.938389 0.340144 0.0610613 -0.481844 -0.340223 0.940298 -0.00942544 1.16623 -0.0606218 -0.0119297 0.99809 0.544901 0 0 0 1 
39885980090215;0.58213;0.949727;0.946331 -0.304552 0.108191 -0.227558 0.308116 0.951188 -0.0174972 -1.22595 -0.0975815 0.0498936 0.993976 0.315312 0 0 0 1 
39885980090217;1.03417;1.3141;0.943852 -0.329045 0.0295324 0.283862 0.330368 0.940186 -0.0831158 -0.415832 -0.000417106 0.0882056 0.996102 -0.560318 0 0 0 1 
39885980090218;0.202378;0.864772;0.962397 -0.270208 -0.0279183 -0.132449 0.269371 0.962556 -0.0304051 -0.254181 0.0350886 0.0217414 0.999148 -0.248633 0 0 0 1 
39885980090219;0.470141;2.2868;0.994343 0.0311303 0.101548 0.341732 -0.0341359 0.999025 0.0279954 1.67313 -0.100577 -0.0313035 0.994437 0.355772 0 0 0 1 
39885980090220;1.3181;0.77109;0.978854 0.0537105 -0.197382 -0.449844 -0.0727532 0.993233 -0.0905231 1.69454 0.191185 0.102969 0.976138 -0.446416 0 0 0 1 
39885980090221;1.15923;1.35419;0.930902 -0.0467189 0.36227 -0.64222 0.115837 0.978353 -0.171488 0.163131 -0.346416 0.201603 0.916162 0.707609 0 0 0 1 
39885980090222;0.407338;1.01163;0.923202 -0.339674 0.179775 -0.00661351 0.313024 0.935995 0.161028 -0.258397 -0.222966 -0.0923879 0.970438 0.879241 0 0 0 1 
39885980090223;0.517255;1.00656;0.947245 -0.268419 0.175152 -0.273161 0.252533 0.961559 0.107847 -0.121623 -0.197367 -0.0579263 0.978617 0.777823 0 0 0 1 
39885980090224;1.08029;1.27416;0.990748 -0.0442798 0.128288 -0.688634 0.035097 0.996716 0.0729771 0.394749 -0.131098 -0.0677994 0.989048 0.490216 0 0 0 1 
39885980090225;0.715361;0.951985;0.987969 0.110252 -0.108455 -0.0587315 -0.136087 0.952918 -0.270975 1.0661 0.073473 0.282474 0.956457 0.147885 0 0 0 1 
39885980090226;0.549209;0.874971;0.948245 0.0435401 0.314541 -0.243005 -0.0634526 0.996558 0.0533425 0.55776 -0.311135 -0.0705402 0.947744 1.0248 0 0 0 1 
39885980090227;1.15995;1.09446;0.991403 -0.13079 0.00386612 0.36727 0.13066 0.991134 0.0241158 0.755787 -0.00698595 -0.0234033 0.999702 -0.458312 0 0 0 1 
39885980090228;0.215505;1.10403;0.985989 -0.149355 0.0742842 -0.226686 0.152336 0.987666 -0.036197 0.369671 -0.0679618 0.0470061 0.99658 0.000471209 0 0 0 1 
39885980090229;0.121617;1.07876;0.955639 -0.294536 -0.00124876 -0.0897538 0.29448 0.955354 0.0240701 -0.115 -0.00589651 -0.0233701 0.999709 -0.0444876 0 0 0 1 
39885980090230;1.03093;1.48978;0.929946 -0.367489 0.0123225 0.457301 0.367695 0.929349 -0.0333358 -0.260039 0.000798636 0.0355314 0.999368 0.453364 0 0 0 1 
39885980090231;0.888653;0.631363;0.992054 -0.0122681 0.125212 -0.482196 -0.000101662 0.995156 0.0983094 0.688614 -0.125812 -0.097541 0.987247 0.524566 0 0 0 1 
39885980090232;0.59802;1.40749;0.918716 -0.394434 -0.0195534 0.40533 0.3551 0.846737 -0.396157 0.0190599 0.172814 0.357012 0.917975 -0.418497 0 0 0 1 
39885980090233;0.0427632;1.03842;0.980914 -0.193939 0.013971 -0.160276 0.194243 0.980628 -0.0252501 0.228675 -0.00880336 0.0274819 0.999584 -0.02943 0 0 0 1 
39885980090234;0.404716;0.818143;0.988854 0.0212706 -0.147363 -0.149696 0.0334253 0.932766 0.358931 0.45471 0.14509 -0.359855 0.921658 -0.466186 0 0 0 1 
39885980090235;0.881271;1.5036;0.922889 -0.385047 -0.00390833 0.489593 0.372642 0.895622 -0.242898 0.514557 0.0970276 0.222712 0.970044 -0.629965 0 0 0 1 
39885980090236;1.0378;1.36805;0.976622 -0.21447 0.0145664 -0.272556 0.214819 0.97621 -0.0294395 0.408807 -0.007906 0.0318804 0.99946 -0.83189 0 0 0 1 
39885980090237;0.452033;0.843919;0.976922 -0.038679 -0.210065 -0.0488304 0.0920579 0.963683 0.25068 0.302954 0.19274 -0.264233 0.945004 -0.745066 0 0 0 1 
39885980090238;0.922552;0.792415;0.958293 -0.0422512 -0.282649 -0.107064 -0.0341935 0.964956 -0.260174 1.13278 0.283736 0.258988 0.923265 -0.356233 0 0 0 1 
39885980090239;0.393854;1.01481;0.985331 0.123296 -0.117984 -0.309981 -0.152937 0.944738 -0.289965 1.20712 0.0757123 0.303755 0.949737 -0.243862 0 0 0 1 
39885980090240;0.68439;0.920576;0.969181 -0.24045 0.0535981 -0.396591 0.244778 0.964473 -0.0993759 0.351721 -0.027799 0.109433 0.993605 -0.251858 0 0 0 1 
39885980090241;0.655728;1.01029;0.941215 -0.111926 0.318727 -0.28833 0.199354 0.945737 -0.256591 0.430716 -0.272712 0.305047 0.912455 0.297672 0 0 0 1 
39885980090242;0.353633;0.984592;0.872459 -0.130505 0.470938 0.0751418 0.237736 0.955307 -0.175697 0.105956 -0.426961 0.265248 0.864493 1.18806 0 0 0 1 
39885980090243;1.27115;1.16877;0.995833 -0.0805281 0.0428027 0.289837 0.0815021 0.996441 -0.0215152 0.735256 -0.0409178 0.0249141 0.998852 0.837125 0 0 0 1 
39885980090244;0.554019;1.58125;0.842319 -0.537859 0.0347304 0.575161 0.517483 0.82506 0.22691 -0.415594 -0.1507 -0.173158 0.973296 0.31273 0 0 0 1 
39885980090245;0.651828;0.767749;0.99699 -0.067633 -0.0379167 -0.107406 0.0651391 0.995851 -0.0635449 0.51646 0.0420571 0.0608837 0.997258 0.283575 0 0 0 1 
39885980090246;0.546588;2.15106;0.988792 0.12213 -0.0858726 0.522984 -0.115163 0.989965 0.0818929 1.79438 0.0950125 -0.0710857 0.992935 -0.550708 0 0 0 1 
39885980090248;0.37448;0.146717;0.914532 -0.329143 0.235149 -0.220983 0.316116 0.944227 0.0922294 0.187955 -0.252391 -0.0100124 0.967574 0.0212167 0 0 0 1 
39885980090249;0.482365;0.146418;0.950464 -0.310757 0.00695536 -0.126544 0.310655 0.950438 0.0127089 0.00120622 -0.01056 -0.00991868 0.999895 -0.344856 0 0 0 1 
39885980090250;0.869457;0.170872;0.933095 0.00966251 0.3595 -0.151619 -0.0824507 0.97876 0.187697 -0.634765 -0.350051 -0.20478 0.914073 0.325912 0 0 0 1 
39885980090251;0.521745;0.14495;0.993974 -0.106635 -0.0253853 -0.00943505 0.106299 0.994232 -0.0142417 -0.234454 0.0267576 0.0114575 0.999576 0.307325 0 0 0 1 
39885980090252;1.01023;0.171543;0.995367 0.081135 0.0515922 0.202318 -0.0917139 0.962282 0.256128 -0.0995977 -0.0288654 -0.259673 0.965265 -0.967094 0 0 0 1 
39885980090253;0.430197;0.147488;0.973677 0.193668 -0.120188 -0.00493116 -0.156032 0.950724 0.267913 0.318606 0.166152 -0.242107 0.955917 -0.107247 0 0 0 1 
39885980090254;0.437029;0.150981;0.990557 -0.119604 0.0670221 -0.0205716 0.122003 0.991984 -0.0329058 0.199869 -0.0625492 0.040772 0.997209 0.376898 0 0 0 1 
39885980090255;0.581357;0.172459;0.995363 0.0357647 0.0892934 0.0568999 -0.0407579 0.997669 0.0547358 -0.218989 -0.0871276 -0.0581214 0.9945 0.388452 0 0 0 1 
39885980090256;0.383432;0.138298;0.918357 -0.38226 0.102456 -0.230549 0.387238 0.921376 -0.0333572 0.218045 -0.0816498 0.0703089 0.994178 0.00462674 0 0 0 1 
39885980090257;0.931685;0.165034;0.981114 0.18659 -0.0509844 -0.293912 -0.189522 0.980013 -0.0604604 0.182921 0.0386841 0.0689812 0.996868 -0.850271 0 0 0 1 
39885980090258;0.517582;0.130147;0.986682 -0.106644 -0.122821 -0.295105 0.110864 0.99344 0.0280329 0.201504 0.119026 -0.041276 0.992033 0.419058 0 0 0 1 
39885980090259;0.758348;0.191716;0.980092 -0.191159 0.0536385 0.427348 0.1908 0.981558 0.01179 0.338446 -0.0549031 -0.00132104 0.998491 0.313788 0 0 0 1 
39885980090260;0.424726;0.154018;0.964616 0.256397 -0.0614493 0.150274 -0.206183 0.878826 0.430294 -0.0462566 0.164329 -0.402399 0.900595 -0.0310477 0 0 0 1 
39885980090261;0.420449;0.170803;0.914215 -0.401612 0.0540186 -0.347913 0.401664 0.915728 0.0103757 0.218473 -0.0536333 0.0122117 0.998486 0.0618742 0 0 0 1 
