#;prob_registration_l1 -r ../../../../build/tester /home/point_clouds_registration_benchmark/pioneer_slam_local.txt /home/point_clouds_registration_benchmark/pioneer_slam -s 0.1 -t 0.1 -p 0.3 -r 1000 -m 10 -i 40 
id;initial_error;final_error;transformation
1807261650000;0.252801;0.10423;0.994402 0.0568286 0.0890788 -0.279426 -0.0538728 0.997926 -0.0352441 0.355113 -0.0908969 0.0302479 0.995401 0.207874 0 0 0 1 
1807261650001;0.370505;0.126098;0.970694 0.126057 0.204601 -0.101837 -0.16635 0.966895 0.1935 0.520677 -0.173436 -0.221865 0.959529 0.861651 0 0 0 1 
1807261650002;0.611698;0.13522;0.999972 0.00734491 -0.00110613 0.227551 -0.0073668 0.999746 -0.0212959 -0.648598 0.000949435 0.0213035 0.999773 0.573114 0 0 0 1 
1807261650003;0.65444;0.137775;0.950524 0.305985 -0.0536331 0.426743 -0.301294 0.950106 0.08075 1.18192 0.0756655 -0.0605954 0.99529 -0.999763 0 0 0 1 
1807261650004;0.70178;0.162072;0.90547 0.385896 0.176661 0.100621 -0.359743 0.918709 -0.162967 1.53076 -0.225189 0.0840091 0.970687 1.379 0 0 0 1 
1807261650005;0.564667;0.127086;0.988998 -0.147768 0.00692914 0.0580871 0.147793 0.989013 -0.00328569 -0.216873 -0.00636748 0.00427362 0.999971 0.751874 0 0 0 1 
1807261650006;0.456118;0.0387581;0.994747 -0.0778812 -0.0664305 -0.401974 0.0667336 0.985489 -0.156073 -0.0130755 0.0776216 0.15082 0.985509 -0.717805 0 0 0 1 
1807261650007;0.0911852;0.0691045;0.997186 0.0142239 0.0735998 -0.164508 -0.0154457 0.999752 0.016058 0.0322788 -0.0733531 -0.0171496 0.997159 0.295903 0 0 0 1 
1807261650008;0.628711;0.176078;0.957062 -0.037939 0.28739 0.691495 0.000581472 0.991648 0.128973 -0.181377 -0.289882 -0.123268 0.949091 0.748785 0 0 0 1 
1807261650009;0.268333;0.12119;0.973366 -0.228866 -0.0133838 -0.106647 0.22889 0.973452 0.000243825 -0.808553 0.0129727 -0.00330075 0.99991 -0.144257 0 0 0 1 
1807261650010;0.71038;0.161565;0.937994 0.346422 0.0126185 0.150495 -0.346541 0.937992 0.00896021 1.16727 -0.00873203 -0.0127775 0.99988 -0.862653 0 0 0 1 
1807261650011;0.818748;0.158513;0.901069 0.43366 -0.0037457 0.101493 -0.433642 0.901073 0.00478689 1.69772 0.00545103 -0.00268902 0.999982 -0.892718 0 0 0 1 
1807261650012;0.646177;0.0547602;0.99998 -0.00153399 0.00620686 0.151929 0.00185429 0.998649 -0.0519319 -0.60203 -0.00611881 0.0519423 0.998631 -0.706599 0 0 0 1 
1807261650013;0.5425;0.0583605;0.989072 0.0296992 -0.14441 -0.119547 -0.035814 0.99856 -0.0399294 -0.167385 0.143016 0.0446649 0.988712 -1.20496 0 0 0 1 
1807261650014;0.402811;0.140115;0.946946 0.193529 -0.256593 0.285597 -0.161681 0.976849 0.140089 0.47585 0.277764 -0.0911705 0.956313 -1.38301 0 0 0 1 
1807261650015;0.62098;0.102811;0.889775 -0.41451 0.191003 0.253467 0.410991 0.909688 0.0596097 -1.21875 -0.198462 0.0254613 0.979778 1.2793 0 0 0 1 
1807261650016;0.314215;0.152707;0.990571 0.127809 -0.0493451 -0.129485 -0.125553 0.991002 0.046394 0.60404 0.0548306 -0.0397611 0.997704 -0.00394035 0 0 0 1 
1807261650017;0.544853;0.16954;0.950214 0.105817 -0.29308 0.177633 -0.201955 0.925418 -0.320648 0.824031 0.237291 0.363873 0.900716 -1.09837 0 0 0 1 
1807261650018;0.870541;0.145672;0.880898 0.458024 0.119305 0.162279 -0.451004 0.888749 -0.0819755 2.06826 -0.143579 0.0184048 0.989468 1.20003 0 0 0 1 
1807261650019;0.408282;0.137422;0.966149 0.257962 -0.00340889 -0.284782 -0.257942 0.966146 0.00535286 0.75051 0.00467432 -0.00429237 0.99998 0.308022 0 0 0 1 
1807261650020;0.378251;0.16058;0.966267 0.0096553 -0.257363 0.0262367 -0.100172 0.934701 -0.341028 0.311418 0.237264 0.355305 0.904137 -0.897141 0 0 0 1 
1807261650021;0.0584465;0.101945;0.998841 0.0423994 -0.0227846 -0.0506869 -0.0422092 0.99907 0.00876326 0.0150581 0.023135 -0.00779138 0.999702 -0.0464802 0 0 0 1 
1807261650022;0.492617;0.100183;0.971815 -0.166799 -0.166595 0.106184 0.15254 0.983712 -0.0950918 -0.530678 0.179743 0.0669992 0.981429 -1.18673 0 0 0 1 
1807261650023;0.436303;0.150489;0.935755 0.351197 0.0319978 0.0863385 -0.352106 0.935499 0.0293821 1.33724 -0.019615 -0.038761 0.999056 0.158003 0 0 0 1 
1807261650024;0.611538;0.157591;0.995944 -0.0139443 0.0888893 0.129185 0.0204418 0.997151 -0.0726108 0.348261 -0.0876235 0.0741334 0.993391 -0.393139 0 0 0 1 
1807261650025;0.222007;0.0936161;0.983587 -0.163938 -0.0753783 -0.208668 0.152297 0.978309 -0.140414 -0.696515 0.0967624 0.126629 0.987219 -0.149581 0 0 0 1 
1807261650026;0.125003;0.0763361;0.997584 -0.0244014 -0.0650387 -0.231365 0.0171007 0.993725 -0.110534 -0.0766203 0.0673278 0.109155 0.991742 -0.113559 0 0 0 1 
1807261650027;0.446617;0.0961346;0.898621 -0.436435 0.0447804 0.116356 0.430918 0.897189 0.0967538 -1.63013 -0.0824032 -0.0676483 0.9943 0.343938 0 0 0 1 
1807261650028;0.18577;0.144241;0.979183 0.193248 -0.0620965 0.091609 -0.194942 0.980558 -0.022447 0.386381 0.0565514 0.0340849 0.997818 -0.188079 0 0 0 1 
1807261650029;0.503137;0.170811;0.987472 0.0861 -0.132236 0.134392 -0.113932 0.968829 -0.219975 0.822339 0.109174 0.232285 0.966501 -0.259897 0 0 0 1 
1807261650031;0.869936;0.938553;0.989753 0.141551 0.0187451 0.454529 -0.142559 0.9722 0.185754 0.206956 0.00806972 -0.186523 0.982418 -0.852606 0 0 0 1 
1807261650032;0.361529;0.475047;0.955657 0.162482 -0.245601 0.56586 -0.215663 0.954059 -0.207991 0.645466 0.200523 0.251735 0.946795 0.496584 0 0 0 1 
1807261650033;0.495733;0.432471;0.994644 0.0704014 0.0756723 0.114081 -0.0695291 0.99748 -0.0141046 0.093544 -0.0764746 0.00876764 0.997033 0.0703012 0 0 0 1 
1807261650034;1.09057;1.00415;0.996958 0.0675506 -0.0388721 0.744942 -0.0718438 0.989875 -0.122418 0.876379 0.0302091 0.124839 0.991717 0.875511 0 0 0 1 
1807261650035;0.885672;1.01567;0.988307 0.0869502 -0.125255 0.42393 -0.0758334 0.992964 0.0909483 0.451869 0.132282 -0.0803863 0.987947 0.0435082 0 0 0 1 
1807261650036;0.893017;0.432495;0.988531 0.0197316 0.149722 0.106459 -0.0233744 0.999471 0.0226096 0.312976 -0.149196 -0.02585 0.98847 0.859773 0 0 0 1 
1807261650037;0.513994;0.736297;0.999871 0.0145449 0.0068053 0.265596 -0.0146146 0.99984 0.0103079 0.621207 -0.00665429 -0.010406 0.999924 -0.340625 0 0 0 1 
1807261650038;0.984234;0.593183;0.920423 0.0439742 0.388442 -0.231153 -0.00743029 0.995441 -0.0950844 0.554803 -0.390852 0.0846316 0.916554 -0.134214 0 0 0 1 
1807261650039;0.787771;0.563916;0.98701 0.0445943 0.154346 0.104718 -0.0143485 0.981334 -0.191775 0.553375 -0.160017 0.187069 0.969226 0.000212714 0 0 0 1 
1807261650040;0.449489;0.432669;0.972099 0.00582374 0.234498 -0.00642055 -0.000970479 0.999783 -0.0208065 0.354371 -0.234568 0.0199984 0.971894 0.676008 0 0 0 1 
1807261650041;0.636202;0.612358;0.999046 0.0422644 -0.0110261 0.436814 -0.0428233 0.997475 -0.0566604 0.918517 0.00860352 0.0570785 0.998333 -0.171857 0 0 0 1 
1807261650042;0.394001;0.42103;0.999886 0.0102725 -0.011025 -0.190013 -0.0110338 0.997389 -0.0713707 0.410341 0.0102631 0.0714842 0.997389 0.208015 0 0 0 1 
1807261650043;0.493104;0.455735;0.94969 0.201034 0.240155 0.767289 -0.180854 0.978045 -0.103536 0.867103 -0.255697 0.0548937 0.965197 0.470043 0 0 0 1 
1807261650044;0.603128;0.383952;0.996986 -0.0747286 -0.0208487 -0.424232 0.0732307 0.995183 -0.0651711 0.0499687 0.0256185 0.0634479 0.997656 -0.286983 0 0 0 1 
1807261650045;0.822026;0.53641;0.986733 -0.093146 -0.132974 -0.164232 0.131357 0.939382 0.316713 -0.155111 0.0954127 -0.329978 0.939154 -1.7411 0 0 0 1 
1807261650046;0.726796;1.02653;0.952732 -0.303754 0.00595551 -1.07028 0.299491 0.935706 -0.186436 0.149626 0.051058 0.179407 0.982449 0.886297 0 0 0 1 
1807261650047;0.841796;0.787602;0.985912 0.152627 -0.0684337 0.617497 -0.1573 0.985134 -0.0690446 0.613591 0.0568783 0.0788364 0.995264 0.786691 0 0 0 1 
1807261650048;0.923373;0.486513;0.984343 0.00653222 0.176142 0.100537 -0.0308745 0.990253 0.135814 0.545993 -0.173538 -0.139126 0.974951 0.581541 0 0 0 1 
1807261650049;0.894299;0.598755;0.963402 -0.125549 0.23684 -0.597174 0.111115 0.991094 0.0733936 -0.150193 -0.243945 -0.0443911 0.968773 0.600939 0 0 0 1 
1807261650050;0.776112;0.591662;0.931266 -0.285652 0.226155 -1.24087 0.338847 0.907157 -0.249498 -0.0339173 -0.133889 0.308981 0.941597 1.35468 0 0 0 1 
1807261650051;0.472646;0.781299;0.974824 -0.159814 0.15549 -0.42859 0.167073 0.985334 -0.0347071 0.443755 -0.147662 0.0598113 0.987228 0.647397 0 0 0 1 
1807261650052;0.367213;0.657954;0.950661 0.295889 0.0932352 0.941648 -0.305648 0.944785 0.118151 0.675326 -0.0531277 -0.140819 0.988609 -0.259327 0 0 0 1 
1807261650053;0.543637;0.681888;0.900479 0.0523925 -0.431731 0.437856 -0.16529 0.959453 -0.228319 0.94125 0.402264 0.276958 0.872627 0.433941 0 0 0 1 
1807261650054;0.296591;0.614767;0.977774 -0.193655 -0.0803451 -0.569689 0.167436 0.951883 -0.256679 0.305153 0.126186 0.237521 0.963151 0.359773 0 0 0 1 
1807261650055;0.546573;0.855461;0.932166 -0.174481 -0.31721 -0.675058 0.247107 0.946999 0.205261 0.337212 0.264583 -0.269722 0.925876 -0.763465 0 0 0 1 
1807261650056;0.638977;0.427442;0.998789 0.034765 -0.0348219 0.0268959 -0.0381326 0.994131 -0.101242 0.76658 0.0310978 0.102448 0.994252 0.556245 0 0 0 1 
1807261650057;0.733154;0.604922;0.948791 -0.312521 0.0461156 -1.47142 0.314068 0.917453 -0.244217 0.0513679 0.0340138 0.246194 0.968624 0.594603 0 0 0 1 
1807261650058;1.00454;1.01941;0.959857 0.18013 -0.215006 1.13808 -0.178797 0.983548 0.0257967 1.01667 0.216115 0.0136813 0.976272 0.111392 0 0 0 1 
1807261650059;0.328863;0.556175;0.961183 -0.108529 0.25367 -0.289755 0.0138514 0.937211 0.348489 0.194944 -0.275563 -0.331448 0.902334 -0.577212 0 0 0 1 
1807261650060;0.479524;0.3812;0.99944 0.0256759 0.0214567 -0.070903 -0.0249225 0.999088 -0.0346706 -0.0940322 -0.0223273 0.0341165 0.999168 -0.0848315 0 0 0 1 
1807261650062;0.610394;0.278752;0.996643 0.0798079 -0.0182637 0.578784 -0.0812355 0.991728 -0.0993794 0.38766 0.0101814 0.100529 0.994882 -0.379392 0 0 0 1 
1807261650063;0.0702684;0.277282;0.999397 0.00704608 0.0340119 0.139281 -0.00352471 0.994726 -0.102503 0.286956 -0.0345548 0.102322 0.994151 0.34609 0 0 0 1 
1807261650064;0.431381;0.320147;0.974098 -0.125099 -0.188368 -0.12459 0.0954252 0.982637 -0.15912 0.0583403 0.205003 0.137023 0.969122 -0.0337292 0 0 0 1 
1807261650065;0.67345;0.261945;0.983166 0.0256971 -0.180901 0.0792059 0.047322 0.920469 0.38794 0.452958 0.176483 -0.38997 0.903757 -1.68009 0 0 0 1 
1807261650066;0.179936;0.291202;0.988558 -0.150706 -0.00644875 -0.458059 0.149437 0.984271 -0.094231 0.188962 0.0205485 0.0921891 0.995529 0.364403 0 0 0 1 
1807261650067;0.697139;0.301237;0.90559 -0.419918 -0.0598006 -1.46989 0.42001 0.907445 -0.0116318 -0.284228 0.0591502 -0.0145833 0.998143 -0.779571 0 0 0 1 
1807261650068;0.609754;0.305596;0.891036 -0.453583 -0.0178049 -2.08577 0.451666 0.88982 -0.064953 -0.284002 0.0453047 0.0498336 0.997729 0.303121 0 0 0 1 
1807261650069;0.14606;0.270623;0.994699 -0.0924708 -0.0449836 -0.315527 0.0887866 0.992995 -0.0779638 0.22605 0.0518779 0.0735565 0.995941 0.217349 0 0 0 1 
1807261650070;0.531087;0.283406;0.981945 0.0862877 -0.168342 0.762965 -0.0358387 0.958648 0.282328 0.359586 0.185743 -0.271198 0.944432 -1.59778 0 0 0 1 
1807261650071;0.140553;0.29022;0.993943 -0.00584933 -0.109743 0.238473 -0.00944918 0.990336 -0.138367 0.39831 0.109491 0.138566 0.984282 0.419975 0 0 0 1 
1807261650072;0.380476;0.308098;0.99905 0.0398518 0.0176593 0.075444 -0.0376636 0.993161 -0.11051 0.19783 -0.0219426 0.10974 0.993718 0.28651 0 0 0 1 
1807261650073;0.531138;0.328244;0.982073 -0.146305 0.118856 -0.136972 0.109952 0.956776 0.26924 -0.0736916 -0.153109 -0.251345 0.955711 -0.529492 0 0 0 1 
1807261650074;0.56209;0.281123;0.94803 0.190018 0.255212 0.842979 -0.161781 0.978541 -0.127609 0.872729 -0.273983 0.0796884 0.958427 0.67714 0 0 0 1 
1807261650075;0.57785;0.252792;0.999564 -0.029316 -0.00359776 0.0982255 0.0289692 0.996831 -0.0740865 0.863982 0.00575828 0.07395 0.997245 -0.154644 0 0 0 1 
1807261650076;0.523862;0.28397;0.976985 -0.202648 -0.0665824 -0.864584 0.182722 0.956139 -0.228935 0.362045 0.110055 0.2115 0.971162 1.24413 0 0 0 1 
1807261650077;0.611234;0.371794;0.973969 0.218902 0.0588716 0.615782 -0.192425 0.935694 -0.295719 -0.0812476 -0.119819 0.276693 0.953459 0.764877 0 0 0 1 
1807261650078;0.330727;0.282103;0.950284 0.0608985 -0.305371 0.597228 -0.0699701 0.997371 -0.0188396 0.343075 0.303421 0.0392698 0.952047 0.340369 0 0 0 1 
1807261650079;0.421945;0.300159;0.945758 -0.0959845 -0.310369 -0.401842 0.0393043 0.982146 -0.18397 -0.077323 0.322486 0.161792 0.932645 0.857239 0 0 0 1 
1807261650080;0.560936;0.341042;0.932477 0.283026 -0.22446 1.49887 -0.350493 0.859255 -0.372606 0.425738 0.0874107 0.426119 0.900435 1.46913 0 0 0 1 
1807261650081;0.503671;0.280189;0.983704 0.0901522 0.155559 0.515715 -0.103394 0.99148 0.0792286 0.298491 -0.147091 -0.0940213 0.984644 -0.97306 0 0 0 1 
1807261650082;0.722741;0.318642;0.954506 0.297626 -0.0183728 1.27724 -0.297607 0.946962 -0.121216 0.29442 -0.0186788 0.12117 0.992456 -0.347512 0 0 0 1 
1807261650083;0.552134;0.304224;0.996898 -0.0715548 -0.0327911 0.170867 0.0662035 0.987595 -0.142387 -0.261952 0.0425728 0.139775 0.989268 0.207245 0 0 0 1 
1807261650084;0.867721;0.268265;0.925512 0.366613 -0.0949863 2.6097 -0.354573 0.926931 0.122788 0.576009 0.133061 -0.0799622 0.987877 -0.654941 0 0 0 1 
1807261650085;0.404997;0.278292;0.976865 -0.169862 -0.129933 -0.506753 0.0945624 0.888022 -0.449972 -0.067562 0.191817 0.427274 0.88354 1.24279 0 0 0 1 
1807261650086;0.258185;0.290008;0.998727 -0.0491001 0.0115141 0.1988 0.0503644 0.982868 -0.177299 0.289829 -0.00261149 0.177653 0.98409 0.90527 0 0 0 1 
1807261650087;0.211815;0.248389;0.977447 0.209854 0.023653 0.914022 -0.205489 0.970942 -0.122664 0.325846 -0.0487071 0.115037 0.992166 0.468144 0 0 0 1 
1807261650088;0.669831;0.298111;0.933224 -0.358945 0.0158463 -1.41944 0.338388 0.863243 -0.374574 -0.0466408 0.120772 0.354924 0.927062 0.791456 0 0 0 1 
1807261650089;0.143654;0.276214;0.99312 0.0433414 0.108785 0.329481 -0.0411502 0.998904 -0.0223083 0.158907 -0.109633 0.0176783 0.993815 0.16072 0 0 0 1 
1807261650090;0.732491;0.289877;0.987829 0.132812 -0.08096 0.247679 -0.144999 0.974668 -0.170287 0.979033 0.0562929 0.179954 0.982063 0.788822 0 0 0 1 
1807261650091;0.403612;0.299198;0.97795 0.19956 -0.061563 1.04964 -0.178753 0.952292 0.247361 0.201929 0.107989 -0.230902 0.966966 -0.628882 0 0 0 1 
1807261650093;1.16071;0.402696;0.894114 0.312664 0.320627 -0.337864 -0.290257 0.949796 -0.116784 0.162154 -0.341044 0.0113545 0.939979 -0.231065 0 0 0 1 
1807261650094;0.696816;0.529979;0.981309 0.192146 0.0105898 -0.0625436 -0.190062 0.976344 -0.103093 -0.0785986 -0.0301483 0.0991539 0.994615 -0.0641133 0 0 0 1 
1807261650095;0.832378;0.305766;0.938241 0.130831 0.320292 0.412105 -0.125679 0.991388 -0.0368021 0.257679 -0.322348 -0.00572475 0.946604 -0.0213908 0 0 0 1 
1807261650096;1.24922;0.463513;0.97736 0.208257 0.0373824 0.0769434 -0.165676 0.863147 -0.476999 -0.55435 -0.131605 0.460006 0.878108 0.686737 0 0 0 1 
1807261650097;1.57732;0.351589;0.961859 0.173913 0.211141 0.326273 -0.203696 0.970564 0.128507 0.0333154 -0.182577 -0.166615 0.968971 0.931328 0 0 0 1 
1807261650098;0.431654;0.346641;0.956373 -0.285481 0.0620601 -0.00765853 0.291283 0.948121 -0.127359 -0.261442 -0.0224818 0.13988 0.989913 0.260788 0 0 0 1 
1807261650099;1.43162;0.38303;0.980452 -0.193031 -0.0381056 0.616746 0.166083 0.915775 -0.365749 0.261402 0.105497 0.352271 0.929933 0.653522 0 0 0 1 
1807261650100;0.198846;0.221021;0.99762 -0.0485087 -0.0490071 0.144924 0.054597 0.989786 0.131691 -0.197169 0.0421184 -0.134053 0.990079 -0.091654 0 0 0 1 
1807261650101;0.403364;0.232872;0.996541 -0.0830488 -0.00311231 0.172567 0.0825673 0.993635 -0.0766342 -0.137823 0.00945688 0.0761122 0.997054 -0.182435 0 0 0 1 
1807261650102;0.400187;0.277564;0.998541 -0.0494073 0.0217683 -0.11814 0.0508116 0.996284 -0.0695404 -0.156276 -0.0182516 0.0705451 0.997342 -0.0317923 0 0 0 1 
1807261650103;1.02195;0.283613;0.955346 0.275256 0.107466 -0.0159997 -0.28237 0.957579 0.0575213 -0.237624 -0.0870742 -0.085298 0.992543 0.534473 0 0 0 1 
1807261650104;1.18672;0.24411;0.999387 -0.0159501 -0.0311644 -0.0354033 0.0197317 0.991951 0.125076 -0.574858 0.0289186 -0.125614 0.991658 -0.648676 0 0 0 1 
1807261650105;1.18857;0.367907;0.996015 0.0663326 0.0596238 -0.432059 -0.0650774 0.997621 -0.0227547 -0.50426 -0.0609913 0.0187839 0.997962 0.0821536 0 0 0 1 
1807261650106;0.708535;0.383355;0.99962 -0.0271555 0.00467323 -0.194243 0.0273809 0.997943 -0.0579584 -0.378015 -0.00308973 0.0580643 0.998308 0.179063 0 0 0 1 
1807261650107;0.503291;0.318744;0.993633 0.00554536 -0.112528 0.171368 -0.00348756 0.999823 0.0184756 -0.129445 0.11261 -0.0179655 0.993477 0.242143 0 0 0 1 
1807261650108;1.52224;0.364578;0.963682 -0.205269 0.170827 0.140335 0.232992 0.958857 -0.162195 0.603895 -0.130505 0.196106 0.971859 -0.274009 0 0 0 1 
1807261650109;0.339127;0.326222;0.926894 -0.131516 0.351527 -0.000427917 0.109045 0.99056 0.0830709 -0.137668 -0.359134 -0.0386655 0.932485 0.213789 0 0 0 1 
1807261650110;0.998065;0.22317;0.944733 -0.258898 0.201122 0.0652754 0.230813 0.960929 0.152774 -0.252187 -0.232817 -0.0979092 0.967579 -0.516478 0 0 0 1 
1807261650111;0.873902;0.359543;0.976601 0.146702 0.157252 0.199587 -0.144862 0.989181 -0.0231639 -0.50102 -0.158949 -0.000157934 0.987287 0.410614 0 0 0 1 
1807261650112;0.213542;0.321905;0.998059 -0.0554595 -0.0283165 0.166986 0.0585534 0.990594 0.123671 -0.230538 0.0211914 -0.125089 0.991919 -0.150911 0 0 0 1 
1807261650113;1.08553;0.311509;0.977643 -0.209093 0.0222425 -0.184625 0.206821 0.937106 -0.28117 -0.61206 0.0379472 0.279484 0.9594 -0.221873 0 0 0 1 
1807261650114;0.757919;0.402707;0.947128 0.319155 -0.0329863 0.276267 -0.312398 0.893827 -0.321685 -0.0636204 -0.0731833 0.314981 0.946272 0.555542 0 0 0 1 
1807261650115;1.40826;0.37317;0.965367 0.255473 -0.0529227 -0.419621 -0.256676 0.966344 -0.0172264 0.368817 0.0467407 0.0302138 0.99845 0.221466 0 0 0 1 
1807261650116;0.547781;0.3412;0.985751 0.125228 0.112303 0.125485 -0.141094 0.979064 0.146719 -0.228377 -0.0915782 -0.160474 0.982783 0.295663 0 0 0 1 
1807261650117;1.14474;0.460725;0.972473 0.232018 -0.0215383 -0.126827 -0.219398 0.942856 0.250774 0.249162 0.0784915 -0.239145 0.967806 -0.366761 0 0 0 1 
1807261650118;1.22447;0.458063;0.929359 0.233459 -0.285988 0.0324768 -0.312521 0.909892 -0.272814 0.07133 0.196527 0.34292 0.918577 -0.550451 0 0 0 1 
1807261650119;1.49971;0.360172;0.991865 0.0986429 -0.0804568 0.174731 -0.10607 0.989909 -0.0939595 0.536285 0.0703765 0.101729 0.99232 -0.744639 0 0 0 1 
1807261650120;0.30517;0.340776;0.945119 0.24384 0.217466 0.171931 -0.241967 0.96963 -0.0356227 0.0495126 -0.219548 -0.018952 0.975418 0.184007 0 0 0 1 
1807261650121;1.42718;0.377035;0.949762 0.282733 0.13422 0.539533 -0.305502 0.930656 0.201365 -0.885978 -0.0679804 -0.232253 0.970277 0.282232 0 0 0 1 
1807261650122;1.45607;0.406021;0.962046 -0.209001 0.17546 -0.0587823 0.245567 0.943471 -0.22262 -0.387072 -0.119014 0.257258 0.958986 -0.705073 0 0 0 1 
1807261650124;1.36594;6.71809;0.435625 0.858517 0.270517 -2.27743 -0.459793 -0.046131 0.886827 -0.110997 0.773835 -0.510706 0.374644 1.92567 0 0 0 1 
1807261650125;0.804333;9.94669;-0.0772926 -0.99622 0.0396535 4.55446 0.402578 0.00520106 0.915371 1.27899 -0.912117 0.0867151 0.400654 0.0747041 0 0 0 1 
1807261650126;0.880272;10.0856;0.118206 -0.987588 0.103423 4.87171 0.943505 0.144174 0.29835 0.766229 -0.309558 0.0623136 0.948837 0.26541 0 0 0 1 
1807261650127;1.55898;9.99146;-0.189489 -0.981871 -0.00480031 5.00216 0.981808 -0.189412 -0.0133044 0.751667 0.012154 -0.00723402 0.9999 -1.15043 0 0 0 1 
1807261650128;0.837192;10.0325;0.0405242 -0.998235 -0.0434051 4.6138 0.986429 0.0330518 0.160828 0.610349 -0.15911 -0.0493334 0.986028 -0.359466 0 0 0 1 
1807261650129;0.284015;10.192;-0.0909374 -0.9947 -0.0479914 5.15602 0.995212 -0.0890389 -0.0403208 0.935158 0.0358339 -0.0514283 0.998034 -0.314433 0 0 0 1 
1807261650130;0.193395;6.46914;0.416858 0.881748 0.220793 -2.37817 -0.490118 0.0134706 0.871552 -0.77313 0.765515 -0.471528 0.437776 1.56581 0 0 0 1 
1807261650131;0.6404;9.91627;-0.0341285 -0.997798 -0.0568715 4.94608 0.995188 -0.0391589 0.089824 1.07012 -0.0918532 -0.0535322 0.994333 -0.18202 0 0 0 1 
1807261650132;1.48669;10.0565;-0.0950595 -0.991695 -0.0866328 5.60082 0.990091 -0.103223 0.0952052 1.36346 -0.103357 -0.0767242 0.991681 -0.47191 0 0 0 1 
1807261650133;0.878362;9.82643;0.154475 -0.984466 -0.0834492 4.75663 0.977989 0.140373 0.154381 0.591407 -0.140269 -0.10546 0.984481 0.0290296 0 0 0 1 
1807261650134;0.764145;6.52887;0.546722 0.81219 0.203572 -2.53435 -0.537292 0.153828 0.829249 -0.760038 0.642193 -0.562746 0.520484 1.88561 0 0 0 1 
1807261650135;0.938287;10.1163;-0.159535 -0.987044 -0.0171037 5.04856 0.98416 -0.157664 -0.0810646 0.762643 0.0773178 -0.0297654 0.996562 0.110324 0 0 0 1 
1807261650136;0.165136;10.0747;0.115874 -0.990759 -0.0704948 5.01639 0.993239 0.116085 0.00111027 0.837977 0.00708336 -0.0701468 0.997512 -0.30951 0 0 0 1 
1807261650137;0.685906;9.81456;0.179917 -0.983193 0.0310084 4.7313 0.978693 0.175745 -0.106178 0.842742 0.0989438 0.0494509 0.993864 -0.0987605 0 0 0 1 
1807261650138;1.14592;9.9151;0.348921 -0.934247 0.0737325 4.86695 0.908811 0.356523 0.216689 0.322538 -0.228728 -0.00859843 0.973452 -0.312326 0 0 0 1 
1807261650139;0.608764;10.3386;-0.0880933 -0.994269 -0.0605708 5.41067 0.996095 -0.088284 0.000474414 0.804725 -0.00581913 -0.0602925 0.998164 -0.514467 0 0 0 1 
1807261650140;1.51409;10.2333;0.119221 -0.992222 -0.0357953 4.49645 0.992476 0.118084 0.0323615 1.25033 -0.027883 -0.0393841 0.998835 -0.0426147 0 0 0 1 
1807261650141;0.713806;6.3426;-0.0628609 0.944553 0.322287 -2.36513 0.984628 0.111424 -0.134511 -0.927359 -0.162963 0.308877 -0.937037 1.03581 0 0 0 1 
1807261650142;1.81337;10.1412;-0.0629224 -0.993367 -0.096244 4.53601 0.996439 -0.0571076 -0.0620255 0.888232 0.0561178 -0.0998041 0.993423 0.411567 0 0 0 1 
1807261650143;1.33398;5.93451;0.0761942 -0.96947 0.23307 2.84549 0.997079 0.072854 -0.0229196 0.381718 0.00523974 0.234136 0.97219 0.0119835 0 0 0 1 
1807261650144;0.523192;10.0049;0.194252 -0.978594 -0.0679692 4.84895 0.939436 0.165639 0.300038 0.858223 -0.282357 -0.122136 0.951503 -0.434105 0 0 0 1 
1807261650145;1.32014;10.0969;-0.118119 -0.989399 -0.0844849 5.75054 0.987269 -0.126139 0.0968978 0.821285 -0.106527 -0.0719638 0.991702 -0.204582 0 0 0 1 
1807261650146;0.396214;10.0884;0.348295 -0.921595 0.171327 4.84197 0.936474 0.350151 -0.0202619 0.843424 -0.0413171 0.1675 0.985006 -0.293972 0 0 0 1 
1807261650147;1.75836;9.94891;-0.222094 -0.974364 -0.0359149 4.8279 0.964819 -0.224935 0.13612 0.559316 -0.140709 -0.00442006 0.990041 -1.22956 0 0 0 1 
1807261650148;1.81564;6.78767;0.257965 -0.953374 0.156628 3.46255 0.966132 0.255645 -0.0351359 -0.631434 -0.00654356 0.160388 0.987032 0.051796 0 0 0 1 
1807261650149;1.27562;10.0913;-0.11774 -0.988242 -0.0975412 5.3934 0.988877 -0.125668 0.0795592 0.566298 -0.0908816 -0.087089 0.992046 -0.93881 0 0 0 1 
1807261650150;1.69552;9.94102;-0.0230965 -0.993212 0.114002 5.14469 0.998176 -0.029272 -0.0527965 0.721392 0.0557751 0.112574 0.992077 0.495996 0 0 0 1 
1807261650151;1.06641;10.1424;-0.0371109 -0.989611 -0.138898 5.31087 0.98366 -0.0606786 0.169503 0.611885 -0.17617 -0.130338 0.975693 -0.70376 0 0 0 1 
1807261650152;1.1455;10.119;-0.0270838 -0.993165 -0.113532 5.35171 0.999373 -0.024309 -0.0257541 0.611969 0.0228182 -0.114158 0.9932 0.150759 0 0 0 1 
1807261650153;0.956413;9.8155;0.0806518 -0.995758 -0.0442878 5.27281 0.992763 0.0762841 0.0927503 0.608601 -0.0889784 -0.0514478 0.994704 -0.147033 0 0 0 1 
1807261650155;0.606131;0.226256;0.947083 -0.314415 -0.0646295 -0.846187 0.31751 0.947196 0.044803 -0.331672 0.04713 -0.0629527 0.996903 -0.629263 0 0 0 1 
1807261650156;0.187806;0.140954;0.997723 -0.0671862 0.00590698 -0.291112 0.0669103 0.997014 0.0385395 -0.218781 -0.00847867 -0.0380565 0.99924 0.0821598 0 0 0 1 
1807261650157;0.551788;0.271839;0.958313 -0.274624 0.0788574 -1.2874 0.282981 0.950391 -0.129143 -0.372522 -0.0394796 0.146075 0.988485 0.882025 0 0 0 1 
1807261650158;0.699792;0.128735;0.895317 -0.440769 -0.0642712 -2.16195 0.444209 0.894196 0.0556067 -0.922384 0.0329613 -0.0783355 0.996382 -0.656719 0 0 0 1 
1807261650159;0.309546;0.145168;0.988351 0.12009 -0.0934927 0.45563 -0.135758 0.973329 -0.184932 -0.0985549 0.0687907 0.19547 0.978294 0.949021 0 0 0 1 
1807261650160;0.485518;0.17581;0.910193 -0.402868 -0.0961581 -1.82722 0.414184 0.885732 0.209596 -0.848405 0.000730653 -0.2306 0.973048 -0.878085 0 0 0 1 
1807261650161;0.330335;0.117991;0.998874 -0.0474352 9.27097e-05 -0.324935 0.0438415 0.922449 -0.383622 -0.360397 0.0181117 0.383194 0.92349 1.25977 0 0 0 1 
1807261650162;0.550603;0.140638;0.93623 0.351388 -0.000486426 0.901161 -0.351046 0.935379 0.0428003 0.0679196 0.0154945 -0.0399002 0.999084 -0.192865 0 0 0 1 
1807261650163;0.739956;0.227096;0.956599 0.276205 0.0928922 1.05899 -0.273372 0.960982 -0.0422058 -0.859291 -0.100925 0.0149799 0.994781 0.50428 0 0 0 1 
1807261650164;0.228506;0.183012;0.956271 0.125162 0.264347 0.383269 -0.142101 0.988788 0.0458812 -0.219177 -0.255641 -0.081439 0.963336 -0.351552 0 0 0 1 
1807261650165;0.0638727;0.128621;0.999648 0.0239009 0.0114912 0.0397173 -0.0240976 0.99956 0.017293 -0.13201 -0.0110729 -0.0175638 0.999784 0.0142807 0 0 0 1 
1807261650166;0.691573;0.159791;0.938565 -0.343218 -0.0360172 -1.44459 0.345089 0.932473 0.106802 -1.1678 -0.00307143 -0.11267 0.993628 -0.0594524 0 0 0 1 
1807261650167;0.645574;0.245096;0.952153 -0.0285984 0.304282 0.110737 -0.040884 0.974745 0.219546 0.162315 -0.302876 -0.221482 0.926937 -1.03002 0 0 0 1 
1807261650168;0.448255;0.152219;0.944631 0.3232 -0.0566886 1.16753 -0.323165 0.886387 -0.331484 -0.315928 -0.0568876 0.33145 0.941756 1.30479 0 0 0 1 
1807261650169;0.539907;0.14904;0.937294 0.346582 -0.0368915 1.08688 -0.335398 0.925677 0.175018 -0.573504 0.0948077 -0.15167 0.983874 -0.970136 0 0 0 1 
1807261650170;0.652735;0.255195;0.951733 0.110313 0.28642 0.670853 -0.124617 0.991684 0.0321426 0.0484971 -0.280492 -0.0662839 0.957565 0.366766 0 0 0 1 
1807261650171;0.437786;0.136435;0.93946 0.228637 0.255224 0.581953 -0.285604 0.934019 0.214565 -0.038471 -0.189327 -0.274468 0.942774 -0.689912 0 0 0 1 
1807261650172;0.513271;0.142804;0.938116 0.316358 -0.140913 0.683346 -0.305939 0.947703 0.0908889 -0.512708 0.162297 -0.0421537 0.985841 -0.084285 0 0 0 1 
1807261650173;0.421662;0.137815;0.926881 -0.106134 -0.360039 -0.432234 0.115166 0.993339 0.00366144 0.1002 0.357252 -0.0448581 0.93293 -0.509941 0 0 0 1 
1807261650174;0.342158;0.150825;0.992243 0.10667 -0.0638315 0.351767 -0.122492 0.92649 -0.355826 -0.17976 0.0211831 0.360885 0.93237 1.18991 0 0 0 1 
1807261650175;0.695425;0.283053;0.972934 -0.230776 0.0119188 -0.818652 0.229542 0.971104 0.0653338 0.474522 -0.0266519 -0.0608296 0.997792 -0.436975 0 0 0 1 
1807261650176;0.628882;0.182158;0.927404 0.374047 0.0032277 1.43637 -0.373046 0.925491 -0.0655969 -0.243268 -0.0275235 0.0596308 0.997841 -0.30963 0 0 0 1 
1807261650177;0.385778;0.135747;0.999544 -0.0271466 -0.0132067 -0.184967 0.0275326 0.999171 0.0299804 -0.0446267 0.0123819 -0.0303304 0.999463 0.338447 0 0 0 1 
1807261650178;0.865032;0.224772;0.93504 -0.323255 0.145624 -1.19966 0.325561 0.945484 0.00837818 -0.742088 -0.140393 0.0395755 0.989305 1.08149 0 0 0 1 
1807261650179;0.799283;0.105989;0.908696 -0.206655 -0.362719 -1.23491 0.211999 0.976937 -0.0254911 -0.248607 0.359622 -0.0537325 0.93155 0.430289 0 0 0 1 
1807261650180;0.951142;0.161202;0.908175 0.398236 0.128943 1.66178 -0.357575 0.898216 -0.255631 0.0784956 -0.21762 0.186051 0.958137 1.69183 0 0 0 1 
1807261650181;0.58947;0.117387;0.98396 -0.176517 0.0257686 -0.982986 0.174718 0.98276 0.0604769 -0.858207 -0.0359995 -0.0550046 0.997837 -0.00518762 0 0 0 1 
1807261650182;0.51362;0.121465;0.992838 0.0228103 -0.117272 -0.302833 -0.0258391 0.999369 -0.0243714 0.1773 0.116642 0.027227 0.992801 -0.271995 0 0 0 1 
1807261650183;0.518467;0.187312;0.957064 0.173399 -0.232295 0.88583 -0.188557 0.981052 -0.0445457 0.260529 0.22017 0.086434 0.971625 0.313838 0 0 0 1 
1807261650184;0.540083;0.107022;0.970312 -0.241306 0.0162922 -1.04015 0.23975 0.968549 0.066573 -0.834377 -0.0318443 -0.0606906 0.997649 -0.506034 0 0 0 1 
1807261650186;0.453969;0.168688;0.99854 -0.0395198 -0.0368339 0.241949 0.0419688 0.996783 0.0682754 0.365051 0.0340172 -0.0697216 0.996986 0.0273813 0 0 0 1 
1807261650187;0.217396;0.210791;0.995217 0.0733237 -0.0645457 -0.125376 -0.0718184 0.997096 0.0253439 0.378216 0.0662166 -0.0205872 0.997593 -0.463981 0 0 0 1 
1807261650188;0.833964;0.196179;0.981439 0.0397497 0.187607 0.00354788 -0.0809736 0.972694 0.21751 0.570324 -0.173838 -0.228664 0.957859 1.29615 0 0 0 1 
1807261650189;0.543168;0.236561;0.834359 0.4419 -0.329498 0.282594 -0.428794 0.895951 0.115789 0.962666 0.346381 0.0446769 0.937029 -1.13673 0 0 0 1 
1807261650190;0.468639;0.188057;0.925011 -0.25067 0.285517 -0.0269619 0.278107 0.958718 -0.0592983 -0.725245 -0.258866 0.134256 0.956538 1.04267 0 0 0 1 
1807261650191;0.203867;0.209082;0.986541 0.119889 0.111192 -0.20771 -0.111572 0.990671 -0.0782469 0.384485 -0.119536 0.0647878 0.990714 0.476159 0 0 0 1 
1807261650192;0.50492;0.206032;0.977553 0.209571 0.0216645 0.631466 -0.203215 0.965025 -0.165619 0.569605 -0.0556159 0.157499 0.985952 0.035618 0 0 0 1 
1807261650193;0.791638;0.196395;0.979083 -0.200201 -0.0362841 0.0508539 0.199851 0.979739 -0.0130663 -0.293087 0.0381648 0.00554157 0.999256 -1.03893 0 0 0 1 
1807261650194;0.736741;0.197561;0.959761 0.27463 -0.058629 0.506603 -0.28077 0.942303 -0.182298 0.553046 0.0051818 0.191424 0.981494 -0.683622 0 0 0 1 
1807261650195;0.187863;0.16232;0.970154 0.0219151 -0.241499 0.0668746 -0.00718687 0.998069 0.0616998 0.0664586 0.242384 -0.0581227 0.968438 -0.70264 0 0 0 1 
1807261650196;0.587609;0.211754;0.985451 0.16524 -0.0397716 -0.148055 -0.169567 0.971761 -0.164095 0.189627 0.0115335 0.168451 0.985643 0.709692 0 0 0 1 
1807261650197;0.541762;0.22461;0.936686 0.350114 -0.00630648 -0.27717 -0.349752 0.936295 0.0320041 1.39606 0.0171098 -0.0277721 0.999468 -0.237156 0 0 0 1 
1807261650198;0.789459;0.190945;0.990215 0.0885721 -0.107839 0.629478 -0.101784 0.98706 -0.123904 0.398649 0.0954695 0.133668 0.986417 -0.92486 0 0 0 1 
1807261650199;0.344499;0.193252;0.988932 -0.0806929 -0.124511 0.0754806 0.0655581 0.990461 -0.121199 0.105885 0.133103 0.111695 0.984788 -0.558731 0 0 0 1 
1807261650200;0.665434;0.230411;0.992534 0.121967 -0.00102233 0.267365 -0.121919 0.992317 0.0210572 -0.282985 0.00358277 -0.0207753 0.999778 -0.0343527 0 0 0 1 
1807261650201;0.637949;0.208405;0.995836 0.0890359 -0.0195538 -0.758944 -0.0890346 0.996028 0.000941376 -0.0184271 0.0195599 0.000803504 0.999808 -0.325544 0 0 0 1 
1807261650202;0.360138;0.227657;0.986831 0.161278 -0.0124062 -0.291853 -0.161576 0.986438 -0.0288609 0.599005 0.00758331 0.0304854 0.999506 -0.386418 0 0 0 1 
1807261650203;0.394841;0.185997;0.89229 -0.148347 -0.426394 0.195483 0.179239 0.983252 0.0329988 -0.461976 0.414358 -0.105871 0.903935 -1.1909 0 0 0 1 
1807261650204;0.612524;0.15054;0.997784 -0.061063 -0.026441 -0.124168 0.0614834 0.997989 0.0153875 -0.24144 0.0254483 -0.0169791 0.999532 0.671045 0 0 0 1 
1807261650205;0.404722;0.185394;0.852572 0.292075 -0.433375 0.428171 -0.352958 0.933356 -0.0653283 1.19289 0.385412 0.20866 0.898843 -0.937926 0 0 0 1 
1807261650206;0.626556;0.181305;0.959736 -0.277216 -0.0453619 -0.553976 0.269015 0.953538 -0.135634 -0.873665 0.0808543 0.11797 0.98972 0.407928 0 0 0 1 
1807261650207;0.542445;0.201205;0.999463 0.0306806 0.0114807 -0.171703 -0.0304268 0.999302 -0.0216642 0.0088838 -0.0121373 0.0213032 0.999699 0.69424 0 0 0 1 
1807261650208;0.417306;0.184888;0.945457 -0.0286206 -0.324487 -0.0808025 -0.0221246 0.98819 -0.151625 0.256634 0.324995 0.150535 0.933658 -1.11418 0 0 0 1 
1807261650209;0.115948;0.182911;0.996296 -0.0154369 -0.0845945 -0.173533 0.00833013 0.996454 -0.0837279 0.175563 0.085587 0.0827131 0.992891 -0.218454 0 0 0 1 
1807261650210;0.290494;0.210087;0.954782 0.296845 0.0165809 0.148527 -0.284543 0.928531 -0.238464 1.115 -0.0861829 0.222963 0.97101 0.366061 0 0 0 1 
1807261650211;0.634223;0.200414;0.963812 0.215409 -0.157054 0.860342 -0.240495 0.956761 -0.163618 0.919771 0.115019 0.195468 0.973942 -0.308081 0 0 0 1 
1807261650212;0.518398;0.191096;0.909653 0.315364 -0.270326 0.11144 -0.287107 0.947692 0.13946 1.10089 0.300167 -0.0492474 0.952615 -1.25462 0 0 0 1 
1807261650213;0.562773;0.172372;0.996753 -0.0793623 0.0135832 0.338661 0.0735407 0.966036 0.247723 0.302163 -0.0327817 -0.24592 0.968736 -0.150519 0 0 0 1 
1807261650214;0.522212;0.191805;0.919443 -0.389579 -0.053422 -0.0866169 0.393181 0.908789 0.139681 -1.25171 -0.00586733 -0.149433 0.988754 0.00753111 0 0 0 1 
1807261650215;0.876402;0.182994;0.909063 -0.354826 -0.218411 0.586475 0.344484 0.93493 -0.0850706 -1.37034 0.234385 0.0020953 0.972142 -0.848404 0 0 0 1 
1807261650217;0.532131;1.43293;0.974996 0.0641468 0.212763 -1.20913 -0.120571 0.956956 0.264004 0.00810469 -0.18667 -0.283055 0.940762 -0.969445 0 0 0 1 
1807261650218;0.499155;1.40629;0.99697 -0.0406067 -0.0663471 -1.46572 0.0509136 0.985493 0.161902 -0.0706092 0.0588102 -0.164789 0.984574 -0.34893 0 0 0 1 
1807261650219;0.721512;1.46698;0.896537 0.442571 -0.0187946 -0.0699455 -0.435986 0.889112 0.139268 -0.649925 0.0783463 -0.116664 0.990076 -0.818379 0 0 0 1 
1807261650220;0.121853;1.53191;0.971021 0.210041 0.114026 -0.699378 -0.221876 0.969571 0.103459 -0.1799 -0.0888262 -0.12576 0.988076 -0.353176 0 0 0 1 
1807261650221;0.995809;1.46139;0.967002 0.253462 0.0257634 -0.765037 -0.254738 0.96348 0.0825565 -0.041151 -0.00389759 -0.0863952 0.996253 -1.10396 0 0 0 1 
1807261650222;1.09618;1.44199;0.990428 0.133839 0.0337548 -0.560255 -0.137239 0.980994 0.137169 -0.581549 -0.0147548 -0.140489 0.989972 -1.2389 0 0 0 1 
1807261650223;0.826304;1.38697;0.998977 -0.0352916 0.0282781 -1.10287 0.032644 0.995482 0.0891677 -0.890148 -0.0312972 -0.0881534 0.995615 -0.479868 0 0 0 1 
1807261650224;0.375842;1.41938;0.990039 0.138394 -0.0258842 -0.929473 -0.121934 0.934721 0.333809 -0.51316 0.0703917 -0.327328 0.942285 -1.23417 0 0 0 1 
1807261650225;0.55112;1.58522;0.97775 0.201909 -0.0568975 -0.572155 -0.20359 0.978726 -0.0254209 -0.959313 0.0505544 0.036439 0.998056 0.313171 0 0 0 1 
1807261650226;0.761509;1.21626;0.999269 0.0376179 -0.00673598 -0.671312 -0.0370585 0.996882 0.0696631 -0.21499 0.00933556 -0.0693626 0.997548 0.204381 0 0 0 1 
1807261650227;0.75985;1.45958;0.998726 0.0504283 0.00177553 -1.16311 -0.050366 0.994115 0.0959142 0.398147 0.00307172 -0.0958815 0.995388 -0.492946 0 0 0 1 
1807261650228;0.464961;1.3757;0.996857 0.076471 -0.0207066 -0.659145 -0.0722996 0.984964 0.156902 -0.280614 0.0323937 -0.154912 0.987397 -0.690526 0 0 0 1 
1807261650229;0.961907;1.43337;0.969079 0.0694815 0.236767 -1.11959 -0.134017 0.953883 0.268601 0.234776 -0.207185 -0.292027 0.9337 0.0291367 0 0 0 1 
1807261650230;1.24871;1.38496;0.967329 -0.0453584 -0.249433 -1.13057 0.0803852 0.987974 0.132084 -0.547617 0.240442 -0.147819 0.959342 -1.75478 0 0 0 1 
1807261650231;0.35278;1.36094;0.982441 -0.0238457 -0.185045 -1.23383 0.00512412 0.994873 -0.100999 -0.233343 0.186505 0.0982769 0.977526 -0.0493258 0 0 0 1 
1807261650232;0.725754;1.41301;0.969737 -0.110009 -0.217963 -1.05365 0.153721 0.968681 0.195008 -0.707724 0.189684 -0.222612 0.956276 -0.896577 0 0 0 1 
1807261650233;0.807473;1.46071;0.985734 0.123118 0.114766 -0.710436 -0.136754 0.98335 0.119672 0.505506 -0.0981217 -0.133659 0.986158 -0.413439 0 0 0 1 
1807261650234;0.330571;1.43597;0.989347 0.142706 -0.0287607 -0.868594 -0.14043 0.98763 0.069756 -0.161894 0.0383595 -0.0649741 0.997149 0.0209088 0 0 0 1 
1807261650235;0.476097;1.46696;0.929522 0.368717 0.00603306 -0.151157 -0.356106 0.89324 0.274429 -0.338079 0.0957977 -0.257236 0.961588 -0.460804 0 0 0 1 
1807261650236;0.451212;1.42364;0.862021 0.316949 -0.395553 0.124085 -0.273974 0.947913 0.162477 -0.214584 0.426447 -0.0316877 0.903957 -0.410563 0 0 0 1 
1807261650237;0.797582;1.36675;0.943461 -0.000744857 0.331482 -1.52704 -0.0734281 0.974685 0.211181 -0.378596 -0.323247 -0.223581 0.919523 -0.819128 0 0 0 1 
1807261650238;1.08583;1.94038;0.990871 0.113433 -0.0728593 -0.562754 -0.106964 0.990425 0.0872811 -1.24122 0.0820621 -0.078691 0.993516 0.607715 0 0 0 1 
1807261650239;1.02135;1.49848;0.92445 0.336876 0.178627 -0.016809 -0.316017 0.939034 -0.135456 -0.4988 -0.213369 0.0687727 0.974548 -0.182167 0 0 0 1 
1807261650240;0.859825;1.45105;0.959974 0.279749 0.0138228 -0.558283 -0.280019 0.957447 0.0698883 0.193309 0.00631664 -0.0709616 0.997459 0.451174 0 0 0 1 
1807261650241;0.991567;1.41099;0.994726 0.00173583 0.102552 -0.531953 -0.0372777 0.9376 0.345712 -0.744746 -0.0955528 -0.347712 0.93272 -0.734981 0 0 0 1 
1807261650242;0.558163;1.50527;0.912553 0.387075 -0.131986 0.24887 -0.349169 0.905462 0.241287 -0.107858 0.212905 -0.174102 0.961437 -1.07442 0 0 0 1 
1807261650243;0.371812;1.37957;0.986867 0.111958 0.11644 -0.45891 -0.155888 0.848987 0.504896 -1.16698 -0.0423287 -0.516417 0.855291 -1.32399 0 0 0 1 
1807261650244;0.711238;1.44772;0.987232 0.150588 -0.0519278 -1.00775 -0.154084 0.985458 -0.0716217 -0.330151 0.0403873 0.0787085 0.996079 -0.383666 0 0 0 1 
1807261650245;0.732714;1.35871;0.98726 -0.135304 -0.0837304 -1.68275 0.118224 0.975956 -0.183122 -0.0561845 0.106494 0.17089 0.979518 -0.00342797 0 0 0 1 
1807261650246;1.2033;1.64753;0.958639 0.240258 0.152603 -0.211802 -0.260653 0.956418 0.13162 -0.609739 -0.114329 -0.165953 0.979484 0.650627 0 0 0 1 
1807261650248;0.419559;1.63194;0.965271 0.260122 -0.0242422 -0.905784 -0.259742 0.965515 0.0177499 -0.487056 0.0280234 -0.0108368 0.999549 -0.061876 0 0 0 1 
1807261650249;0.496114;1.58244;0.905223 0.414103 -0.0953444 -0.546241 -0.418998 0.907195 -0.0379087 -0.585807 0.0707979 0.0742649 0.994722 0.483268 0 0 0 1 
1807261650250;0.34812;1.52656;0.925466 0.35495 -0.132376 -0.21821 -0.366811 0.926937 -0.0789775 -0.28957 0.0946713 0.121648 0.988048 0.673853 0 0 0 1 
1807261650251;0.451728;1.63061;0.807803 0.575966 -0.125368 0.26638 -0.581764 0.813266 -0.0122564 -0.527841 0.0948986 0.0828356 0.992035 0.480517 0 0 0 1 
1807261650252;0.33029;1.54001;0.909436 0.0137203 -0.415617 -1.75716 -0.0591218 0.993569 -0.0965684 0.0359976 0.411619 0.112395 0.904399 0.608535 0 0 0 1 
1807261650253;0.249687;1.64408;0.971444 0.237062 0.00986698 -1.10825 -0.237226 0.971211 0.0217669 0.00973868 -0.0044228 -0.0234861 0.999714 -0.453301 0 0 0 1 
1807261650254;0.24129;1.56751;0.909559 0.414797 -0.0254129 -0.356534 -0.413954 0.89892 -0.143478 -0.134775 -0.03667 0.141021 0.989327 0.590766 0 0 0 1 
1807261650255;0.565737;1.51837;0.908938 0.400194 0.116951 -0.417717 -0.319144 0.84832 -0.422492 -0.558105 -0.268291 0.346695 0.89879 1.93471 0 0 0 1 
1807261650256;0.73595;1.55051;0.776654 0.482517 0.404953 -0.0477199 -0.523886 0.851728 -0.0101119 -0.147927 -0.349789 -0.204296 0.914282 -1.53592 0 0 0 1 
1807261650257;0.0754684;1.66353;0.943342 0.330691 -0.0273648 -0.70722 -0.328677 0.942546 0.059813 -0.0497746 0.0455722 -0.04743 0.997834 -0.289747 0 0 0 1 
1807261650258;0.796962;1.65446;0.892515 0.450762 -0.0151936 0.501581 -0.446305 0.887544 0.114358 0.404871 0.0650334 -0.0952854 0.993323 -0.273207 0 0 0 1 
1807261650259;0.200045;1.64995;0.954009 0.29964 0.00905814 -0.699747 -0.299653 0.952305 0.0576528 0.18009 0.00864901 -0.0577156 0.998296 -0.213399 0 0 0 1 
1807261650260;0.602384;1.48907;0.978907 0.176808 -0.102376 -1.1665 -0.131361 0.928459 0.34743 -0.00622013 0.15648 -0.326653 0.932101 -0.718699 0 0 0 1 
1807261650261;0.61809;1.4834;0.925091 0.178001 -0.335443 -0.997648 -0.139168 0.980795 0.136653 0.0143489 0.353325 -0.0797338 0.932096 0.272532 0 0 0 1 
1807261650262;0.377489;1.58568;0.990024 0.00672223 0.140739 -2.03408 0.0237542 0.976601 -0.213744 0.046874 -0.138883 0.214955 0.966698 0.876337 0 0 0 1 
1807261650263;0.214707;1.62308;0.996915 0.0573422 -0.0536031 -1.81637 -0.0542916 0.996912 0.0567326 0.113347 0.0566907 -0.0536474 0.996949 -0.30509 0 0 0 1 
