#;prob_registration_l1 -r ../../../../build/tester /home/point_clouds_registration_benchmark/planetary_map_local.txt /home/point_clouds_registration_benchmark/p2at_met -s 0.2 -t 0.2 -p 0.3 -r 1000 -m 10 -i 40 
id;initial_error;final_error;transformation
25528382210000;2.8561;0.877191;0.997945 -0.063978 -0.0034299 -3.59046 0.0640417 0.997663 0.0237956 -1.42777 0.00189949 -0.0239663 0.999711 0.94878 0 0 0 1 
25528382210001;2.11331;1.44494;0.9999 -0.0117533 -0.00790694 -0.788074 0.0129286 0.985304 0.170322 -1.11471 0.00578889 -0.170408 0.985357 -9.27748 0 0 0 1 
25528382210002;1.70145;1.38763;0.975734 0.0309529 0.216759 2.25133 0.0270864 0.96529 -0.259771 -2.35319 -0.217276 0.259339 0.941028 14.4165 0 0 0 1 
25528382210003;1.37022;0.328777;0.999993 -0.00369357 0.00105695 -0.649171 0.00368696 0.999974 0.00619613 0.0384685 -0.00107981 -0.00619218 0.99998 0.78051 0 0 0 1 
25528382210004;1.75339;1.4113;0.966674 -0.0281739 0.254456 -1.14652 -0.00296547 0.992627 0.121172 -0.167671 -0.255994 -0.117888 0.959463 -5.4504 0 0 0 1 
25528382210005;0.735848;0.552341;0.995182 0.010333 0.0975031 0.702837 0.0205453 0.950378 -0.310417 -2.82287 -0.0958724 0.310924 0.945587 16.5127 0 0 0 1 
25528382210006;1.57164;0.488429;0.996983 -0.030199 -0.0715095 -1.78202 0.0293049 0.999479 -0.0135197 -0.249592 0.0718805 0.0113834 0.997348 -1.46808 0 0 0 1 
25528382210007;1.73822;1.37062;0.999968 -0.00676408 -0.00424175 -0.0137951 0.00653125 0.99859 -0.0526905 -0.508856 0.00459217 0.0526611 0.998602 2.15003 0 0 0 1 
25528382210008;0.906109;0.921637;0.995609 0.0219278 0.0910025 1.38477 -0.0223485 0.999744 0.00360614 0.217581 -0.0909001 -0.00562408 0.995844 0.191851 0 0 0 1 
25528382210009;0.490985;0.209398;0.97022 0.0490477 -0.237208 2.28927 -0.0244564 0.994116 0.105524 0.2677 0.240988 -0.0965802 0.965711 -6.45773 0 0 0 1 
25528382210010;2.17163;1.12503;0.991296 -0.0509736 -0.12138 -2.28384 -0.00692587 0.900529 -0.434742 -4.8186 0.131466 0.431799 0.892338 18.539 0 0 0 1 
25528382210011;2.42393;1.33674;0.999839 0.00749801 -0.0162731 -0.0228968 -0.00496897 0.988639 0.150227 0.0290127 0.0172146 -0.150122 0.988518 -9.24709 0 0 0 1 
25528382210012;1.04957;0.432297;0.99756 -0.0268533 -0.0644446 -1.3406 0.0229416 0.997893 -0.0606882 -0.757714 0.0659385 0.0590617 0.996074 3.14897 0 0 0 1 
25528382210013;1.47687;1.20781;0.999951 -0.00957127 0.00238724 -0.432489 0.00955229 0.999924 0.00783671 -0.0358627 -0.00246206 -0.00781352 0.999966 0.260254 0 0 0 1 
25528382210014;2.77484;2.08345;0.980953 0.00777884 0.194088 1.18024 -0.0746494 0.937561 0.339715 -2.25009 -0.179326 -0.347733 0.920285 -15.2711 0 0 0 1 
25528382210015;1.8346;1.73574;0.997562 0.00755413 0.069379 0.433961 -0.00257431 0.997431 -0.0715878 -0.102134 -0.0697416 0.0712346 0.995018 4.62921 0 0 0 1 
25528382210016;0.567147;0.528462;0.994024 -0.00938998 -0.108753 -0.703809 0.0272213 0.986141 0.163662 -1.02443 0.105709 -0.165644 0.980504 -9.47052 0 0 0 1 
25528382210017;2.04883;1.45443;0.952572 0.0121239 -0.304071 -0.0271913 0.0531479 0.977221 0.205461 -1.50526 0.299636 -0.211878 0.930229 -11.3619 0 0 0 1 
25528382210018;2.95759;1.48746;0.999214 0.0386946 -0.00865618 1.25419 -0.0323671 0.922086 0.385629 -2.11856 0.0229035 -0.385046 0.922613 -17.5171 0 0 0 1 
25528382210019;2.21355;1.89571;0.995779 0.0188757 0.0898247 1.23151 -0.0181815 0.999798 -0.00854036 0.30648 -0.0899678 0.00687116 0.995921 0.0659772 0 0 0 1 
25528382210020;0.308749;0.408829;0.9817 -0.0440851 0.185262 -2.06934 0.087851 0.967973 -0.235182 -2.81874 -0.168961 0.247153 0.954132 13.3318 0 0 0 1 
25528382210021;1.80312;1.3359;0.999673 0.0248338 -0.00615608 1.37318 -0.0244797 0.99834 0.052131 0.0551958 0.00744047 -0.0519632 0.998621 -1.79927 0 0 0 1 
25528382210022;2.94324;2.22573;0.870166 -0.0347519 -0.491532 -2.02623 0.00273682 0.997835 -0.0657031 0.29943 0.492752 0.0558274 0.868377 -0.193464 0 0 0 1 
25528382210023;1.21687;0.813911;0.887849 -0.0238334 -0.459518 -1.24231 -0.0144079 0.996728 -0.0795344 0.032376 0.45991 0.0772351 0.8846 0.0190287 0 0 0 1 
25528382210024;1.44022;1.15547;0.998267 -0.0406786 0.0425199 -2.36281 0.0416345 0.998894 -0.0218421 -0.657501 -0.0415843 0.0235745 0.998857 0.886155 0 0 0 1 
25528382210025;2.35204;2.11206;0.999984 0.00120679 -0.00558362 0.365094 -0.00116028 0.999965 0.00832568 -0.156727 0.00559347 -0.00831907 0.99995 -0.604337 0 0 0 1 
25528382210026;1.69358;0.484939;0.997916 0.00665191 0.0641851 0.238876 -0.00772585 0.999834 0.0164982 0.350654 -0.0640647 -0.0169597 0.997802 -1.96697 0 0 0 1 
25528382210027;2.42888;1.41645;0.997478 -0.0273227 0.0655037 -1.70574 0.0282095 0.999522 -0.0126506 -0.4088 -0.0651267 0.0144666 0.997772 2.77302 0 0 0 1 
25528382210028;0.814222;0.289287;0.968295 0.00945799 -0.249631 0.735933 -0.0299081 0.996485 -0.0782561 0.231983 0.248013 0.0832409 0.965174 1.67576 0 0 0 1 
25528382210029;0.390701;0.432088;0.973616 -0.0762108 -0.21509 -4.09955 0.011328 0.957561 -0.288007 -2.76024 0.227911 0.277971 0.93316 12.045 0 0 0 1 
25528382210031;1.54457;0.790857;0.999536 0.0245134 -0.0180524 0.632261 -0.0235989 0.998508 0.049238 -0.0116106 0.0192325 -0.0487891 0.998624 -3.14708 0 0 0 1 
25528382210032;0.49374;0.241705;0.999501 0.0315183 0.00214269 0.700803 -0.0315462 0.992171 0.12084 0.171496 0.00168277 -0.120848 0.99267 -3.69078 0 0 0 1 
25528382210033;0.496545;0.425506;0.997931 0.0174215 0.0618867 0.439377 -0.0184266 0.999707 0.0157073 0.0762577 -0.0615949 -0.0168151 0.99796 -0.475939 0 0 0 1 
25528382210034;1.67751;1.45564;0.999646 0.0045161 -0.026229 0.0546969 -0.00722654 0.994532 -0.104181 -0.153565 0.0256151 0.104334 0.994212 1.89013 0 0 0 1 
25528382210035;1.14274;0.596675;0.996892 0.0248116 -0.0747653 0.646169 -0.0211747 0.998572 0.0490504 0.0712353 0.0758755 -0.0473149 0.995994 -3.31488 0 0 0 1 
25528382210036;0.657758;0.191096;0.998434 0.0184865 0.0528001 0.480346 -0.0247525 0.992392 0.120602 0.278725 -0.0501689 -0.12172 0.991296 -2.75064 0 0 0 1 
25528382210037;0.42747;0.43882;0.944011 0.0370985 -0.327822 1.09256 -0.0159364 0.997625 0.0670067 -0.0367926 0.32953 -0.0580307 0.94236 -5.06989 0 0 0 1 
25528382210038;2.16463;1.48219;0.994848 -0.0216375 -0.0990461 -0.793932 0.0182228 0.999212 -0.0352516 -0.364743 0.0997309 0.033265 0.994458 1.73529 0 0 0 1 
25528382210039;1.45509;1.20408;0.999793 -0.000143492 0.0203529 -0.0392779 -0.00101806 0.998371 0.0570485 -0.0245207 -0.0203279 -0.0570574 0.998164 -0.858226 0 0 0 1 
25528382210040;1.05221;1.08583;0.995505 -0.0247546 -0.0914189 -0.693074 0.0203534 0.998603 -0.0487648 -0.295521 0.0924983 0.0466849 0.994618 0.364882 0 0 0 1 
25528382210041;1.71424;0.772368;0.910173 -0.0266206 0.413371 0.383517 -0.00152573 0.997711 0.0676107 0.0393887 -0.414224 -0.0621681 0.908049 3.23741 0 0 0 1 
25528382210042;0.574012;0.320582;0.989016 0.0132442 0.147215 0.285096 0.0366995 0.942787 -0.331371 -2.44458 -0.143181 0.333133 0.931945 11.7026 0 0 0 1 
25528382210043;0.513876;0.187;0.999986 -0.00462045 0.00255593 0.0967649 0.00399872 0.978774 0.204903 -0.509562 -0.00344842 -0.20489 0.978779 -6.72734 0 0 0 1 
25528382210044;0.355334;0.28938;0.912812 0.00152547 0.408377 1.02533 -0.0561974 0.990949 0.121912 0.260241 -0.404495 -0.134232 0.904636 -0.8046 0 0 0 1 
25528382210045;1.15928;0.979826;0.999292 0.0116353 -0.0357781 0.138747 -0.013282 0.998847 -0.0461361 0.069814 0.0352 0.0465786 0.998294 0.82004 0 0 0 1 
25528382210046;2.5411;1.11065;0.995251 0.0215947 0.094921 0.738036 -0.0573986 0.917727 0.393042 -2.31287 -0.078624 -0.396624 0.914608 -13.7626 0 0 0 1 
25528382210047;2.63214;2.2213;0.961808 -0.0707448 -0.264425 -2.46972 -0.0281816 0.935297 -0.352739 -2.3084 0.27227 0.346719 0.897583 8.99771 0 0 0 1 
25528382210048;0.0550198;0.142691;0.999662 0.0149874 -0.0212331 0.298539 -0.015315 0.999765 -0.015349 0.105834 0.0209981 0.015669 0.999657 0.221063 0 0 0 1 
25528382210049;0.624254;0.252565;0.998396 0.0326066 0.0462916 0.765309 -0.0417135 0.9764 0.211905 -0.188412 -0.0382896 -0.213496 0.976193 -5.8348 0 0 0 1 
25528382210050;1.7141;0.282816;0.999631 0.0140361 0.0232546 0.221488 -0.0128727 0.998694 -0.0494454 0.129758 -0.0239182 0.0491278 0.998506 3.5422 0 0 0 1 
25528382210051;0.731618;0.790842;0.998893 0.00870181 -0.0462257 0.13556 -0.00458047 0.996063 0.0885254 -0.0389031 0.0468141 -0.0882157 0.995001 -3.14108 0 0 0 1 
25528382210052;0.501673;0.417053;0.944066 0.00976138 -0.329612 0.612449 0.0290899 0.993199 0.112732 -0.327705 0.32847 -0.116015 0.937362 -6.39488 0 0 0 1 
25528382210053;0.245766;0.298324;0.996467 0.00396882 0.0838971 0.103345 0.00831293 0.989318 -0.145535 -0.549262 -0.0835785 0.145719 0.985789 5.05509 0 0 0 1 
25528382210054;2.27774;1.64859;0.998177 -0.0225634 0.055977 -0.534605 0.025207 0.998578 -0.0469774 -0.188607 -0.0548374 0.0483028 0.997326 3.37725 0 0 0 1 
25528382210055;0.613367;0.809496;0.996895 0.0267272 -0.0740723 0.473114 -0.024589 0.999258 0.0296298 0.104361 0.0748093 -0.0277164 0.996813 -1.40965 0 0 0 1 
25528382210056;2.21606;1.9437;0.992646 0.0447468 -0.112479 1.33598 -0.0201192 0.977233 0.211212 -0.47639 0.119369 -0.207396 0.970947 -8.26439 0 0 0 1 
25528382210057;2.17431;1.88244;0.999838 -0.0049493 -0.017334 -0.393151 0.00426649 0.999222 -0.0392094 -0.320471 0.0175146 0.0391291 0.999081 1.72969 0 0 0 1 
25528382210058;0.777574;0.490972;0.943793 0.0871486 -0.318843 2.55467 0.0378733 0.929752 0.366234 -2.13453 0.328361 -0.357725 0.874192 -13.7644 0 0 0 1 
25528382210059;0.655634;0.393191;0.998377 0.0314253 -0.0475031 0.77189 -0.0268043 0.99512 0.0949645 0.147289 0.0502556 -0.093537 0.994347 -4.04437 0 0 0 1 
25528382210060;1.3379;0.508751;0.943193 -0.067528 -0.325311 -2.02601 -0.000911622 0.978598 -0.205781 -1.01382 0.332244 0.194387 0.922945 4.33845 0 0 0 1 
25528382210062;1.314;0.874037;0.996194 0.0107478 -0.0865017 0.465149 -0.00640857 0.998714 0.0502861 0.109466 0.086931 -0.0495403 0.994982 -2.14882 0 0 0 1 
25528382210063;2.15505;1.47913;0.999967 -0.00773958 -0.00254732 -0.489632 0.00759686 0.998621 -0.0519381 0.141377 0.00294578 0.051917 0.998647 3.14402 0 0 0 1 
25528382210064;0.553066;0.49735;0.984784 0.00168444 0.173774 0.286986 0.0244072 0.988701 -0.147901 -0.716203 -0.172059 0.149892 0.973616 9.9483 0 0 0 1 
25528382210065;1.61508;0.693255;0.994538 0.0321144 -0.0993115 2.51394 -0.014702 0.985105 0.171323 -0.990716 0.103334 -0.168928 0.980197 -12.4793 0 0 0 1 
25528382210066;1.78743;0.98289;0.999973 -0.00270622 0.00683159 -0.347571 0.00254438 0.999719 0.0235881 0.113359 -0.0068935 -0.0235701 0.999698 -0.779067 0 0 0 1 
25528382210067;0.672032;0.589347;0.993579 -0.0184493 -0.111622 -2.38126 0.00810696 0.995688 -0.0924084 -0.471814 0.112845 0.0909102 0.989445 11.8992 0 0 0 1 
25528382210068;1.84994;0.728823;0.997899 0.00928925 -0.0641248 0.288773 -0.00603922 0.998696 0.0506919 0.14669 0.0645121 -0.0501982 0.996654 -1.62055 0 0 0 1 
25528382210069;2.23987;0.237833;0.980989 -0.0330602 -0.191228 -3.39017 -0.0124306 0.972654 -0.231924 -2.71459 0.193666 0.229892 0.953752 24.9719 0 0 0 1 
25528382210070;2.2156;0.867468;0.999929 -0.00235685 -0.0117164 -0.558255 0.00240179 0.99999 0.00382265 0.103702 0.0117073 -0.00385051 0.999924 2.26735 0 0 0 1 
25528382210071;1.44584;1.29396;0.999013 -0.0443907 0.00130237 -4.39648 0.040153 0.890339 -0.453525 -10.6524 0.0189727 0.45313 0.891243 44.4938 0 0 0 1 
25528382210072;1.6175;1.49366;0.998267 -0.0382093 -0.0447507 -4.04925 0.0197571 0.933994 -0.356741 -6.94628 0.0554277 0.355239 0.933131 36.823 0 0 0 1 
25528382210073;2.148;0.354924;0.999114 0.0131203 -0.0399766 0.815602 -0.0111786 0.998765 0.048412 0.0660385 0.0405624 -0.0479222 0.998027 -1.34747 0 0 0 1 
25528382210074;1.21241;0.583548;0.99166 -0.00896654 0.128568 -0.439099 0.00665522 0.999809 0.0183957 0.320128 -0.128709 -0.0173866 0.99153 -6.54314 0 0 0 1 
25528382210075;0.469924;0.181673;0.96755 -0.0249428 -0.251445 -3.92387 -0.0164319 0.986798 -0.161118 -1.99138 0.252144 0.160021 0.954367 21.519 0 0 0 1 
25528382210076;1.94829;1.25407;0.999874 0.00531875 -0.0149666 0.209412 -0.00409977 0.99676 0.08033 0.152237 0.0153454 -0.0802585 0.996656 -5.66393 0 0 0 1 
25528382210077;1.55351;0.745501;0.999835 0.0113863 -0.0141303 1.25207 -0.0104313 0.997771 0.0659089 -0.0705423 0.0148493 -0.0657506 0.997726 -8.05242 0 0 0 1 
25528382210078;1.78754;1.38406;0.999835 0.00280101 0.0179228 0.255339 -0.00338833 0.999455 0.0328234 0.139459 -0.0178211 -0.0328787 0.9993 -2.78045 0 0 0 1 
25528382210079;0.52952;0.406475;0.966276 -0.0201409 -0.256721 -3.5373 -0.00738225 0.99436 -0.105798 -0.947066 0.257404 0.104125 0.960678 16.2982 0 0 0 1 
25528382210080;0.579865;0.179408;0.999941 0.0011745 -0.0107608 0.0144058 -0.00117145 0.999999 0.000290377 0.0314132 0.0107611 -0.000277754 0.999942 0.816281 0 0 0 1 
25528382210081;1.6725;1.68565;0.999636 -0.00797353 0.0257572 -0.732398 0.00972221 0.997604 -0.0684952 -0.138701 -0.0251493 0.0687207 0.997319 5.95842 0 0 0 1 
25528382210082;1.80785;0.142194;0.960165 -0.011837 0.279182 -0.916107 -0.0284309 0.989779 0.139746 -1.03614 -0.277982 -0.142116 0.950015 -19.2814 0 0 0 1 
25528382210083;0.928935;0.260729;0.981536 -0.0329348 -0.188422 -4.56161 -0.00685996 0.97837 -0.206747 -3.09658 0.191156 0.204222 0.96008 25.8623 0 0 0 1 
25528382210084;1.83208;1.44051;0.998775 -0.0147235 -0.0472318 -1.55081 0.00849136 0.991539 -0.129531 -0.822071 0.0487393 0.128972 0.99045 12.4259 0 0 0 1 
25528382210085;0.401662;0.293873;0.993812 0.0557672 -0.0960594 5.18841 -0.0241005 0.952486 0.303626 -4.3795 0.108428 -0.299432 0.947937 -27.6594 0 0 0 1 
25528382210086;1.45129;1.05855;0.996669 0.00483161 -0.0814095 0.188737 -0.00691178 0.999656 -0.0252895 -0.0370152 0.0812593 0.025768 0.99636 5.35426 0 0 0 1 
25528382210087;0.345605;0.154726;0.939288 -0.0090462 0.343011 -1.38742 0.0384919 0.996121 -0.079134 0.412089 -0.340965 0.0875328 0.935992 0.0815169 0 0 0 1 
25528382210088;0.167837;0.119216;0.999918 -0.00639981 -0.0111144 -0.709842 0.00642226 0.999977 0.00198516 0.219723 0.0111014 -0.00205638 0.999936 -0.230656 0 0 0 1 
25528382210089;1.83562;1.79255;0.999906 -0.00489412 0.0128026 -0.461141 0.00530835 0.999457 -0.0325242 0.0912924 -0.0126365 0.0325891 0.999389 2.53032 0 0 0 1 
25528382210090;2.15758;0.167876;0.999987 0.0017459 -0.00484985 -0.0556081 -0.00187881 0.999619 -0.0275369 -0.156234 0.00479993 0.0275456 0.999609 5.41714 0 0 0 1 
25528382210091;0.893388;0.531207;0.999882 -0.0119109 0.00972991 -1.20695 0.0130208 0.992275 -0.12337 -0.777769 -0.00818531 0.123482 0.992313 12.696 0 0 0 1 
25528382210093;1.89713;0.207144;0.978242 0.0319263 -0.204994 -1.10796 -0.0114361 0.994884 0.100372 -0.241965 0.20715 -0.0958439 0.973603 4.40585 0 0 0 1 
25528382210094;0.825331;0.204517;0.997775 0.0252431 -0.0617127 -0.0626875 -0.00402643 0.946685 0.322134 0.406073 0.0665542 -0.321169 0.94468 -1.86911 0 0 0 1 
25528382210095;0.858473;0.848931;0.962787 0.0607858 0.263338 0.513412 -0.0968234 0.987281 0.126103 -1.41644 -0.252324 -0.146907 0.956426 -4.3101 0 0 0 1 
25528382210096;0.8797;0.326853;0.952412 0.0787295 0.294472 0.706248 -0.185231 0.916718 0.354001 -3.03993 -0.242078 -0.3917 0.887676 -7.07443 0 0 0 1 
25528382210097;2.1961;0.586279;0.995531 0.0481481 0.0812429 0.495609 -0.0534198 0.996518 0.064013 -1.93311 -0.0778779 -0.0680668 0.994637 -2.90612 0 0 0 1 
25528382210098;1.08082;0.239988;0.999381 0.0351561 0.000915694 0.373174 -0.0350164 0.997149 -0.0668366 -1.30459 -0.0032628 0.0667632 0.997764 -0.273397 0 0 0 1 
25528382210099;0.565162;0.313188;0.947745 -0.0413016 -0.316343 -1.86912 0.00224059 0.992422 -0.122858 -0.106053 0.31902 0.115729 0.940656 5.85367 0 0 0 1 
25528382210100;1.81678;1.72363;0.99753 0.0639733 0.0289912 0.732631 -0.0695123 0.958323 0.2771 -0.77612 -0.0100559 -0.278431 0.960404 -1.87929 0 0 0 1 
25528382210101;0.708323;0.435962;0.998647 -0.0369106 -0.0366263 -0.48917 0.0353254 0.998449 -0.0430206 0.578411 0.0381575 0.0416685 0.998403 1.35949 0 0 0 1 
25528382210102;2.25601;1.69455;0.997157 0.00494305 -0.0751869 -0.00232376 -0.012507 0.994862 -0.100466 -0.635613 0.074304 0.101121 0.992095 0.622106 0 0 0 1 
25528382210103;0.72475;0.471003;0.998017 0.0619185 -0.0113175 0.504632 -0.0606787 0.994221 0.0885625 -0.968765 0.0167357 -0.0877001 0.996006 0.374991 0 0 0 1 
25528382210104;2.73972;1.51751;0.990411 0.0605595 -0.124169 -0.0459287 -0.024681 0.961903 0.272273 0.377411 0.135928 -0.266598 0.954175 2.44883 0 0 0 1 
25528382210105;1.37462;0.271609;0.98583 0.0419515 0.162419 0.46356 0.0421557 0.875196 -0.481928 -1.84614 -0.162366 0.481946 0.861026 -0.616781 0 0 0 1 
25528382210106;1.98093;0.145381;0.994567 -0.0588969 -0.0858322 -0.223596 0.0234289 0.930043 -0.366704 -0.216969 0.101425 0.362701 0.92637 1.98944 0 0 0 1 
25528382210107;2.7132;1.97619;0.999512 0.00752075 0.0303172 0.159218 -0.0091906 0.998426 0.0553217 -0.182729 -0.0298535 -0.0555733 0.998008 -2.4801 0 0 0 1 
25528382210108;2.24596;0.758924;0.984573 0.0333175 -0.171773 0.0678916 -0.0253888 0.998517 0.0481509 -1.52815 0.173122 -0.043047 0.983959 1.33124 0 0 0 1 
25528382210109;1.35089;0.281324;0.99687 0.0145178 0.0777197 0.501555 -0.00709137 0.995453 -0.0949902 -0.273408 -0.0787453 0.0941417 0.99244 -1.81074 0 0 0 1 
25528382210110;1.54595;0.913398;0.997617 0.0566326 -0.0394054 0.0404051 -0.0294117 0.865745 0.499621 0.401581 0.0624099 -0.497272 0.865347 -2.21298 0 0 0 1 
25528382210111;0.364366;0.218495;0.984688 -0.014823 -0.173694 -0.830475 0.00665925 0.99885 -0.0474899 -0.0613405 0.174198 0.0456061 0.983654 3.31759 0 0 0 1 
25528382210112;2.44837;2.30791;0.994323 0.0110395 0.105832 0.0491967 -0.0319197 0.979743 0.197697 0.372294 -0.101505 -0.199952 0.974534 -1.17097 0 0 0 1 
25528382210113;0.357128;0.315381;0.997056 0.0743134 0.0188755 0.640404 -0.0754514 0.994744 0.0692144 -1.24434 -0.0136328 -0.0704349 0.997423 -0.275191 0 0 0 1 
25528382210114;2.52967;0.837598;0.950459 -0.0257572 0.309782 -0.686051 0.12688 0.941912 -0.310971 1.38084 -0.283778 0.33487 0.898517 -4.54947 0 0 0 1 
25528382210115;1.99023;0.275075;0.997764 -0.00796628 -0.0663602 -0.601544 0.00851297 0.999932 0.00795957 0.315696 0.0662923 -0.0085067 0.997764 3.04225 0 0 0 1 
25528382210116;0.274109;0.246927;0.998364 0.0136196 -0.0555242 -0.176868 0.000357035 0.969705 0.24428 0.478711 0.0571691 -0.2439 0.968114 -0.556385 0 0 0 1 
25528382210117;0.456139;0.269971;0.969921 0.0728164 0.232272 0.565898 -0.118072 0.975175 0.187332 -1.8032 -0.212865 -0.209122 0.95444 -4.78959 0 0 0 1 
25528382210118;1.00279;0.172779;0.998543 -0.00207559 0.0539292 -0.00197351 0.00129055 0.999893 0.0145875 0.0106205 -0.0539537 -0.0144966 0.998438 -1.83004 0 0 0 1 
25528382210119;1.53716;0.925351;0.994662 0.0330918 0.0977406 0.118338 -0.0110167 0.975826 -0.218271 -1.44285 -0.102601 0.216029 0.970981 0.41478 0 0 0 1 
25528382210120;1.16367;0.538544;0.999694 -0.00153042 0.0246985 0.0614595 0.00092971 0.999704 0.0243151 0.430042 -0.0247284 -0.0242847 0.999399 0.348513 0 0 0 1 
25528382210121;1.92017;1.36501;0.998888 0.00466144 0.0469197 0.146664 -0.0137799 0.980517 0.19595 0.344896 -0.0450922 -0.196379 0.979491 -2.97127 0 0 0 1 
25528382210122;1.42171;0.51917;0.9951 0.0296623 -0.0943222 0.214239 -0.0329452 0.998898 -0.0334399 -0.486729 0.0932264 0.0363835 0.99498 0.408465 0 0 0 1 
25528382210124;1.41534;0.487178;0.999671 0.0208114 -0.0149907 1.70439 -0.0200258 0.99851 0.0507703 -0.378208 0.016025 -0.0504534 0.998598 -5.52682 0 0 0 1 
25528382210125;0.633729;0.326107;0.991904 -0.0343603 -0.122255 -3.00013 0.0169592 0.989918 -0.140623 -1.00996 0.125855 0.137411 0.982486 12.0579 0 0 0 1 
25528382210126;0.445145;0.277754;0.95112 -0.000432546 -0.308822 -0.873527 0.0076266 0.999727 0.0220884 0.0401778 0.308728 -0.023364 0.950863 -0.163312 0 0 0 1 
25528382210127;0.670288;0.705181;0.99816 -0.0160785 -0.0584588 -1.22617 0.0124999 0.998055 -0.0610751 -0.134655 0.0593271 0.060232 0.99642 5.25238 0 0 0 1 
25528382210128;2.24311;1.73648;0.999946 -0.0102618 0.00135406 -0.507452 0.0102865 0.999754 -0.0196735 -0.0554152 -0.00115184 0.0196864 0.999806 -0.420797 0 0 0 1 
25528382210129;1.80511;1.46628;0.985487 0.0139967 0.169171 1.37529 -0.0155697 0.999847 0.00797505 0.17531 -0.169034 -0.0104932 0.985554 -0.468293 0 0 0 1 
25528382210130;0.986557;0.162193;0.998983 0.0122259 0.0434019 0.955435 -0.0156307 0.996752 0.0789974 -0.0346449 -0.0422951 -0.0795955 0.99593 -5.40164 0 0 0 1 
25528382210131;2.11864;1.70603;0.983102 -0.112032 -0.144772 -8.86069 0.0376927 0.897794 -0.438801 -8.05878 0.179135 0.425929 0.886846 34.0002 0 0 0 1 
25528382210132;0.163045;0.167466;0.999884 0.00886367 -0.0123461 0.620731 -0.00925487 0.999445 -0.0319982 -0.126369 0.0120556 0.0321087 0.999412 2.4088 0 0 0 1 
25528382210133;1.8377;0.911346;0.99986 -0.00599444 -0.0156 -0.735146 0.00586998 0.999951 -0.00801179 0.0977906 0.0156473 0.0079191 0.999846 2.62647 0 0 0 1 
25528382210134;1.18998;0.872512;0.999988 -0.00499614 -9.37234e-05 -0.479992 0.00499091 0.999515 -0.0307251 -0.0525825 0.000247185 0.0307242 0.999528 3.30315 0 0 0 1 
25528382210135;0.879278;0.657457;0.998946 0.0246128 0.0387471 1.8425 -0.0260481 0.998976 0.0369846 -0.166294 -0.0377971 -0.0379549 0.998564 -2.63222 0 0 0 1 
25528382210136;1.20454;0.952508;0.938929 0.0331305 0.342513 2.74039 0.0228318 0.987163 -0.158074 -0.944566 -0.343354 0.156241 0.926119 11.1167 0 0 0 1 
25528382210137;0.490225;0.531389;0.999907 -0.0110253 0.00802158 -0.787025 0.0115046 0.997985 -0.0623916 -0.113818 -0.00731753 0.0624781 0.99802 4.56597 0 0 0 1 
25528382210138;0.898047;0.910576;0.999876 -0.012462 0.00962837 -0.883538 0.0132133 0.996514 -0.0823719 -0.313223 -0.00856828 0.0824889 0.996555 6.07545 0 0 0 1 
25528382210139;0.258844;0.182747;0.998235 -0.0143756 0.0576238 -1.00408 0.0171774 0.998679 -0.0484265 -0.15374 -0.0568516 0.0493308 0.997163 3.61287 0 0 0 1 
25528382210140;1.51354;1.31395;0.999632 -0.00671559 0.0262902 -0.464709 0.00960318 0.99374 -0.1113 -0.52994 -0.0253781 0.111511 0.993439 7.78238 0 0 0 1 
25528382210141;0.177514;0.181473;0.969155 0.0168684 0.245875 1.55437 -0.0329003 0.997581 0.0612419 -0.246667 -0.244247 -0.0674422 0.967365 -6.83213 0 0 0 1 
25528382210142;1.7221;1.38968;0.990829 0.0109251 -0.134676 0.439316 0.0082788 0.989944 0.141214 -0.263328 0.134865 -0.141034 0.980776 -9.88159 0 0 0 1 
25528382210143;1.74732;1.62513;0.993152 -0.0108783 -0.116325 -1.09047 0.00640145 0.999227 -0.0387902 0.0747106 0.116657 0.0377799 0.992453 3.69629 0 0 0 1 
25528382210144;0.62636;0.615387;0.984926 -0.0125314 -0.172522 -1.24367 0.0130637 0.999913 0.00195008 0.0702992 0.172482 -0.00417445 0.985004 0.539862 0 0 0 1 
25528382210145;2.23099;1.61864;0.982384 0.0221133 0.18556 2.16771 -0.0315959 0.998333 0.0483017 -0.233337 -0.184183 -0.0533137 0.981445 -3.65251 0 0 0 1 
25528382210146;0.123351;0.147704;0.987691 -0.00408008 0.156365 -0.0100964 0.00330675 0.999981 0.0052055 0.00054339 -0.156383 -0.00462437 0.987686 -1.31777 0 0 0 1 
25528382210147;2.1323;0.351249;0.999929 -0.00570216 0.0104193 -0.663555 0.00583513 0.999901 -0.0127765 0.0535628 -0.0103454 0.0128364 0.999864 3.55851 0 0 0 1 
25528382210148;1.17842;0.491968;0.999926 -0.00756191 -0.00952978 -0.642849 0.0071713 0.999159 -0.0403771 -0.0382334 0.0098271 0.0403058 0.999139 4.36824 0 0 0 1 
25528382210149;1.8032;1.52991;0.974475 0.0377458 -0.221301 2.30257 0.0178256 0.969642 0.243878 -1.74938 0.223788 -0.241597 0.944219 -18.4162 0 0 0 1 
25528382210150;1.89528;1.80243;0.992125 4.10673e-05 0.125252 0.128502 0.0123154 0.995122 -0.0978767 -0.323742 -0.124645 0.0986484 0.987285 6.97041 0 0 0 1 
25528382210151;1.38396;0.466153;0.999967 0.00790451 0.00207086 0.804822 -0.00789968 0.999966 -0.00233083 -0.244648 -0.00208921 0.0023144 0.999995 -1.62257 0 0 0 1 
25528382210152;1.90731;1.75358;0.999435 0.00568399 -0.033124 0.441544 -0.00289189 0.996484 0.0837382 -0.0956825 0.0334835 -0.0835952 0.995937 -7.45229 0 0 0 1 
25528382210153;0.627318;0.231999;0.968622 -0.0626916 -0.240504 -5.64676 0.0225446 0.985838 -0.166179 -1.41103 0.247515 0.155542 0.956317 14.2709 0 0 0 1 
25528382210155;0.972428;0.677505;0.996432 -0.0493314 -0.0684822 -3.16281 0.014573 0.899773 -0.436115 -7.03715 0.0831326 0.433561 0.897281 27.2386 0 0 0 1 
25528382210156;1.01473;0.713666;0.991996 0.0241927 -0.123934 1.07687 -0.0177956 0.998464 0.0524669 -0.298946 0.125013 -0.0498414 0.990902 -1.77697 0 0 0 1 
25528382210157;0.233342;0.20332;0.998583 0.00731758 -0.052709 0.336443 -0.0104861 0.998138 -0.0600899 -0.431681 0.0521712 0.0605574 0.9968 4.67437 0 0 0 1 
25528382210158;0.218897;0.176783;0.999881 -0.0111432 -0.0106854 -0.721438 0.0112196 0.999912 0.00712038 0.321517 0.0106051 -0.00723942 0.999918 -0.526763 0 0 0 1 
25528382210159;0.424214;0.229083;0.968795 -0.0128501 0.247528 -0.929757 0.0962282 0.939821 -0.327836 -2.10956 -0.228419 0.341425 0.911731 14.5473 0 0 0 1 
25528382210160;0.944861;0.736469;0.999082 -0.0142875 -0.0403844 -0.811607 0.00634245 0.981686 -0.190401 -1.88804 0.0423651 0.18997 0.980875 11.8147 0 0 0 1 
25528382210161;0.607772;0.437438;0.984066 -0.0194146 0.176741 -1.12511 0.0398417 0.992822 -0.112773 0.249089 -0.173283 0.118017 0.977775 1.56589 0 0 0 1 
25528382210162;0.465464;0.286238;0.991254 0.0142328 0.131201 1.15406 -0.032314 0.990081 0.136735 -0.797671 -0.127954 -0.139778 0.981881 -12.0122 0 0 0 1 
25528382210163;0.301031;0.17522;0.99985 0.0124535 -0.0120618 0.653682 -0.0120643 0.999421 0.0318206 0.0147955 0.0124511 -0.0316703 0.999421 -1.1731 0 0 0 1 
25528382210164;0.262538;0.246612;0.999939 -0.0110093 0.000112463 -0.690254 0.0110083 0.999918 0.00661707 0.317307 -0.000185302 -0.00661543 0.999978 -0.621442 0 0 0 1 
25528382210165;0.165591;0.148091;0.999905 -0.00271496 -0.0135483 -0.291928 0.00402833 0.99519 0.0978759 0.132505 0.0132174 -0.0979211 0.995106 -5.39599 0 0 0 1 
25528382210166;1.12952;0.709906;0.972398 -0.000734436 -0.233325 -0.917402 0.0101387 0.999184 0.0391085 0.22941 0.233106 -0.0403946 0.971612 0.82098 0 0 0 1 
25528382210167;0.708722;0.276928;0.994628 -0.0188812 -0.10178 -1.63693 0.0126448 0.998022 -0.0615745 -0.0258556 0.102741 0.0599567 0.992899 7.33689 0 0 0 1 
25528382210168;1.1418;0.252949;0.999816 0.00703362 0.017836 0.251465 -0.00650144 0.999537 -0.029722 -0.191542 -0.0180368 0.0296005 0.999399 4.10109 0 0 0 1 
25528382210169;0.757933;0.711556;0.994497 0.0072564 0.104515 0.719776 -0.00439218 0.999609 -0.0276091 -0.329743 -0.104674 0.0269982 0.99414 -1.15216 0 0 0 1 
25528382210170;0.338329;0.107738;0.988659 0.0107289 0.149793 0.752178 0.0500507 0.916879 -0.396015 -4.64443 -0.141591 0.399021 0.905944 19.7664 0 0 0 1 
25528382210171;0.814741;0.671815;0.995154 0.0246822 -0.0951837 0.853145 -0.0203805 0.998738 0.0459035 -0.267384 0.0961965 -0.0437411 0.994401 0.821375 0 0 0 1 
25528382210172;0.85032;0.369164;0.991261 0.0539484 -0.120379 1.90864 -0.00904279 0.938194 0.345992 -1.47601 0.131605 -0.34188 0.930483 -15.0561 0 0 0 1 
25528382210173;0.630488;0.5706;0.999659 -0.00196937 -0.0260202 -0.201804 0.00383836 0.997399 0.0719747 0.290433 0.0258108 -0.0720501 0.997067 -4.57984 0 0 0 1 
25528382210174;0.36066;0.311285;0.961553 0.102919 -0.254605 3.87282 -0.00474833 0.933211 0.359298 -2.22799 0.274578 -0.344275 0.89782 -14.3792 0 0 0 1 
25528382210175;0.400793;0.335313;0.999698 0.0120914 0.0213894 0.798347 -0.00973324 0.9942 -0.107107 -0.763956 -0.0225604 0.106866 0.994017 5.87627 0 0 0 1 
25528382210176;0.342834;0.165523;0.984105 0.0128655 0.17712 1.01436 -0.043255 0.9847 0.168805 -1.19733 -0.172238 -0.173783 0.969605 -14.7563 0 0 0 1 
25528382210177;0.260067;0.10834;0.997057 -0.0423229 -0.0639276 -2.7337 0.02358 0.962691 -0.269575 -2.4962 0.0729517 0.267274 0.960855 17.0263 0 0 0 1 
25528382210178;0.926206;0.222316;0.999783 -0.0110191 0.0176894 -0.845448 0.0108265 0.999881 0.0109482 0.385589 -0.0178079 -0.0107543 0.999784 1.16688 0 0 0 1 
25528382210179;0.695785;0.209757;0.999989 0.000582822 -0.00460653 0.22096 -0.00133143 0.986422 -0.164224 -0.727354 0.00444827 0.164229 0.986412 7.92312 0 0 0 1 
25528382210180;0.109455;0.122858;0.999572 0.0180227 0.023055 1.16385 -0.0195243 0.997585 0.0666524 -0.151055 -0.0217981 -0.0670739 0.99751 -4.52976 0 0 0 1 
25528382210181;0.971587;0.574441;0.944578 0.0137855 0.327997 0.456643 0.0053699 0.998335 -0.0574237 0.0468767 -0.328243 0.0560025 0.942932 -6.42574 0 0 0 1 
25528382210182;0.540657;0.295158;0.998395 0.00887325 0.0559394 0.760646 -0.00821526 0.999894 -0.0119815 -0.396606 -0.0560398 0.0115027 0.998362 -1.71934 0 0 0 1 
25528382210183;0.488607;0.333807;0.970127 0.0129656 0.242252 0.94617 -0.0110164 0.999895 -0.00939911 -0.0962279 -0.242348 0.00644959 0.970168 -4.72956 0 0 0 1 
25528382210184;0.107925;0.0668391;0.999899 0.00913848 -0.0108945 0.453163 -0.0089887 0.999865 0.0137193 -0.13913 0.0110184 -0.0136199 0.999847 -0.350482 0 0 0 1 
25528382210186;2.61464;0.26616;0.907814 0.0410722 -0.417357 -0.236295 0.0456796 0.979587 0.195761 -0.0537233 0.416878 -0.196779 0.887407 -5.44343 0 0 0 1 
25528382210187;2.55948;0.268581;0.999956 0.00886633 0.00293107 0.646474 -0.00883543 0.999907 -0.0103924 -0.302835 -0.00302294 0.0103661 0.999942 -2.0009 0 0 0 1 
25528382210188;2.1137;0.740647;0.995038 -0.00253154 -0.0994628 0.0271003 -0.00954793 0.992633 -0.120783 -0.256829 0.0990358 0.121134 0.987683 4.01919 0 0 0 1 
25528382210189;3.03095;1.60206;0.934371 -0.0258876 0.35536 -0.453697 0.0420077 0.998405 -0.0377209 0.580506 -0.353817 0.0501732 0.933968 -0.567228 0 0 0 1 
25528382210190;2.58604;2.39168;0.941453 0.0512876 0.33322 2.29862 0.0152291 0.980883 -0.194 -1.24368 -0.336799 0.187717 0.922675 4.16348 0 0 0 1 
25528382210191;2.29839;1.25103;0.994133 -0.00272912 0.108129 -0.0202544 -0.0364097 0.932899 0.358293 -1.19715 -0.101852 -0.360128 0.927326 -13.9185 0 0 0 1 
25528382210192;1.26077;1.1248;0.997584 0.0379811 -0.0581736 1.57058 -0.0357706 0.998615 0.0385801 -0.605726 0.0595583 -0.0364059 0.997561 -1.60046 0 0 0 1 
25528382210193;1.94741;1.28939;0.976123 -0.0329946 0.214698 -1.16196 0.0615496 0.9899 -0.127708 0.314219 -0.208316 0.137873 0.968295 1.06553 0 0 0 1 
25528382210194;0.500481;0.255243;0.99118 0.0656207 -0.115139 2.11905 -0.0146285 0.91767 0.397074 -2.32829 0.131716 -0.391887 0.910536 -14.2921 0 0 0 1 
25528382210195;0.447325;0.140366;0.993538 0.00356471 0.113445 0.294514 0.0259225 0.965963 -0.25738 -1.64904 -0.110501 0.258657 0.959628 8.7917 0 0 0 1 
25528382210196;0.672791;0.478997;0.999572 -0.0290557 -0.00345884 -1.29333 0.0291777 0.998648 0.0430297 0.610294 0.00220391 -0.0431122 0.999068 -1.49923 0 0 0 1 
25528382210197;1.68816;1.58285;0.999187 0.0295959 0.0273608 1.19441 -0.0305964 0.99885 0.0369002 -0.220907 -0.0262373 -0.0377074 0.998944 -1.85057 0 0 0 1 
25528382210198;0.0806703;0.107883;0.999438 -0.0334651 -0.00180811 -1.38559 0.0334373 0.999347 -0.0136679 0.401917 0.00226433 0.0135998 0.999905 0.501161 0 0 0 1 
25528382210199;2.04506;0.675073;0.985672 -0.0344243 0.165122 -1.08213 0.0364291 0.999295 -0.00912695 0.573021 -0.164691 0.0150114 0.986231 -3.30058 0 0 0 1 
25528382210200;1.86353;0.885516;0.985613 -0.0850114 -0.146085 -4.24178 0.0344197 0.947146 -0.318951 -1.92316 0.165478 0.309334 0.936445 14.7033 0 0 0 1 
25528382210201;1.69978;1.6135;0.978582 -0.0287357 0.203843 -0.841169 0.0057213 0.993623 0.112605 0.316461 -0.205779 -0.109027 0.972506 -7.80535 0 0 0 1 
25528382210202;3.09717;0.376482;0.999552 -0.017918 0.0239625 -1.0125 0.0190586 0.998653 -0.0482524 -0.04741 -0.0230656 0.0486875 0.998548 4.37898 0 0 0 1 
25528382210203;2.66545;0.379256;0.999756 0.0184079 0.0122459 0.61095 -0.0192768 0.99699 0.0750956 0.102934 -0.0108267 -0.0753133 0.997101 -0.818594 0 0 0 1 
25528382210204;2.12678;1.8697;0.999993 -0.00157617 0.00335784 -0.158727 0.00155459 0.999978 0.0064184 0.398563 -0.00336788 -0.00641314 0.999974 -0.231179 0 0 0 1 
25528382210205;2.17534;0.473811;0.97238 0.0327427 -0.231094 1.06901 -0.0236943 0.998844 0.0418229 -0.51668 0.232196 -0.0351921 0.972032 -0.623884 0 0 0 1 
25528382210206;0.615844;0.256141;0.99915 0.0158189 0.038072 0.743715 -0.0128772 0.997001 -0.0763084 -0.595842 -0.039165 0.0757532 0.996357 2.89805 0 0 0 1 
25528382210207;2.70191;2.47174;0.998527 -0.0231799 0.0490488 -0.651692 0.0276282 0.995371 -0.0920494 0.0339664 -0.046688 0.093269 0.994546 1.73519 0 0 0 1 
25528382210208;0.254784;0.291614;0.998156 0.0403093 -0.0453928 1.50447 -0.0389401 0.998771 0.0306548 -0.595062 0.0465726 -0.0288306 0.998499 -0.606776 0 0 0 1 
25528382210209;0.401221;0.41288;0.999839 0.0141933 0.0109871 0.583442 -0.0146881 0.998818 0.0463436 -0.0648429 -0.0103164 -0.0464975 0.998865 -1.9919 0 0 0 1 
25528382210210;3.26762;2.96346;0.997941 0.0533009 0.0356633 2.2675 -0.0626668 0.928637 0.365658 -2.55384 -0.0136284 -0.36714 0.930066 -16.2057 0 0 0 1 
25528382210211;2.11433;0.589963;0.997742 0.0459203 0.0490194 2.07359 -0.0539531 0.982609 0.177674 -0.293384 -0.040008 -0.179918 0.982868 -6.02259 0 0 0 1 
25528382210212;0.939666;0.402485;0.978363 0.0211275 0.205815 0.844084 0.0164438 0.983685 -0.179145 -0.702291 -0.206242 0.178653 0.962054 3.65968 0 0 0 1 
25528382210213;1.20317;0.992084;0.997756 -6.47289e-05 0.0669523 0.145277 -0.00658697 0.995053 0.0991243 0.217656 -0.0666275 -0.0993429 0.99282 -4.55174 0 0 0 1 
25528382210214;2.77469;0.89105;0.985028 0.0479201 0.165603 2.30178 -0.0117811 0.977057 -0.212652 -2.03975 -0.171994 0.207517 0.962993 8.2044 0 0 0 1 
25528382210215;2.52413;2.30844;0.999511 0.0107177 -0.0293819 0.388049 -0.0031821 0.969424 0.245369 -0.67352 0.0311133 -0.245156 0.968984 -9.95661 0 0 0 1 
25528382210217;1.06109;1.07423;0.971095 -0.0170187 -0.238086 -1.40443 0.00851425 0.99929 -0.0367031 0.00139344 0.238542 0.033615 0.97055 3.89337 0 0 0 1 
25528382210218;0.551084;0.523844;0.999811 0.0167989 0.00980013 1.57776 -0.01739 0.997816 0.0637223 -0.27696 -0.00870826 -0.0638807 0.99792 -5.6015 0 0 0 1 
25528382210219;0.422673;0.548778;0.975616 -0.0112634 0.219195 -0.6509 0.00105597 0.998912 0.0466293 0.117936 -0.219481 -0.0452608 0.974566 -4.87032 0 0 0 1 
25528382210220;1.03905;0.929395;0.9618 0.0545921 -0.268255 4.74524 -0.0170167 0.989942 0.140449 -1.00788 0.273225 -0.130519 0.953055 -11.007 0 0 0 1 
25528382210221;1.31298;0.683605;0.997839 -0.0139172 -0.0642191 -1.52969 0.00484684 0.99024 -0.139288 -1.09986 0.0655309 0.138676 0.988167 14.1585 0 0 0 1 
25528382210222;1.56771;1.13392;0.98693 0.025061 -0.159191 2.54525 -0.00681581 0.993441 0.114139 -0.722166 0.161007 -0.111562 0.980628 -11.1968 0 0 0 1 
25528382210223;0.395381;0.291481;0.998201 0.00169947 -0.0599251 0.000156984 0.00165715 0.998434 0.0559195 -0.0184587 0.0599263 -0.0559183 0.996635 -4.53925 0 0 0 1 
25528382210224;1.45898;1.10611;0.994864 -0.00762916 -0.100934 -1.15584 0.00955669 0.999781 0.0186271 0.0614126 0.10077 -0.019496 0.994719 -0.281433 0 0 0 1 
25528382210225;0.647882;0.277974;0.95475 0.0406278 -0.294622 2.85236 0.00645277 0.987563 0.157094 -0.902707 0.29734 -0.151887 0.942613 -11.8875 0 0 0 1 
25528382210226;0.247807;0.24234;0.994366 0.015268 -0.104895 1.32166 -0.013382 0.999736 0.01866 -0.146999 0.105153 -0.0171511 0.994308 -1.19231 0 0 0 1 
25528382210227;1.67052;0.403552;0.999852 0.00150606 0.0171323 -0.0929573 -0.00149307 0.999999 -0.00077114 -0.0454884 -0.0171334 0.000745447 0.999853 2.26026 0 0 0 1 
25528382210228;0.941077;0.355057;0.999838 0.000111211 -0.0179903 0.33411 -0.00127322 0.997911 -0.0645925 -0.0755274 0.0179455 0.0646049 0.99775 4.38868 0 0 0 1 
25528382210229;1.84373;1.76546;0.999499 -0.018264 -0.0258379 -1.8183 0.0164971 0.997615 -0.0670179 -0.131279 0.0270003 0.0665581 0.997417 6.16561 0 0 0 1 
25528382210230;0.815476;0.713638;0.999937 -0.00484008 -0.0101527 -0.558332 0.00478787 0.999975 -0.00516044 0.0119004 0.0101774 0.00511151 0.999935 0.84639 0 0 0 1 
25528382210231;0.945073;0.48493;0.999949 0.00267277 -0.00972736 0.101991 -0.0027924 0.99992 -0.0123053 -0.0804288 0.00969369 0.0123318 0.999877 2.20769 0 0 0 1 
25528382210232;0.385786;0.317752;0.994879 0.00441536 0.100979 0.433213 -0.0134296 0.995962 0.088764 -0.33708 -0.100179 -0.0896655 0.990921 -8.87783 0 0 0 1 
25528382210233;0.215723;0.163011;0.999739 0.0200352 0.0109566 1.70142 -0.0225418 0.942564 0.333264 -4.91887 -0.00365028 -0.333424 0.94277 -30.0076 0 0 0 1 
25528382210234;1.80049;1.33648;0.999918 -0.0119232 0.0046041 -0.78867 0.0122079 0.997627 -0.067757 0.0776076 -0.0037853 0.0678077 0.997691 4.0159 0 0 0 1 
25528382210235;1.841;2.03003;0.981525 -0.000642856 0.19133 0.197531 -0.0383213 0.979071 0.199878 -1.64065 -0.187455 -0.203517 0.960959 -18.496 0 0 0 1 
25528382210236;0.783834;0.581085;0.99263 0.00595534 0.121039 0.868563 -0.0115704 0.998886 0.0457405 -0.0360686 -0.120632 -0.0468038 0.991593 -3.9602 0 0 0 1 
25528382210237;0.646121;0.458087;0.995592 -0.00866544 -0.093394 -0.72855 0.00853502 0.999962 -0.00179572 0.0917669 0.093406 0.000990682 0.995628 -0.259065 0 0 0 1 
25528382210238;0.978297;0.779562;0.994749 -0.0121789 0.101618 -1.12097 0.0238488 0.993145 -0.11443 -0.605368 -0.0995278 0.116252 0.98822 10.6035 0 0 0 1 
25528382210239;1.51578;0.138021;0.995655 -0.00491969 0.0929851 -0.770671 0.0105884 0.998108 -0.0605694 -0.168675 -0.0925112 0.0612908 0.993823 7.20181 0 0 0 1 
25528382210240;0.466545;0.376553;0.99986 0.0150535 -0.00732392 1.23918 -0.0132856 0.979714 0.199958 -1.59805 0.0101854 -0.199833 0.979777 -17.8274 0 0 0 1 
25528382210241;1.93577;1.75405;0.989512 0.00151874 0.144443 0.346868 -0.0224531 0.989408 0.143413 -0.80602 -0.142695 -0.145152 0.979065 -13.5857 0 0 0 1 
25528382210242;0.86252;0.557526;0.996601 -0.029065 0.0770839 -2.74141 0.0435987 0.98 -0.194164 -1.60148 -0.0698988 0.196864 0.977936 18.1424 0 0 0 1 
25528382210243;0.905546;0.358994;0.971017 -0.0106102 0.238775 -0.409922 -0.00189227 0.998642 0.052071 0.0750604 -0.239003 -0.0510136 0.969678 -4.44468 0 0 0 1 
25528382210244;0.219604;0.223101;0.999832 0.00198386 -0.018211 0.168337 -0.00235424 0.99979 -0.0203395 -0.0430519 0.0181668 0.0203789 0.999627 1.75264 0 0 0 1 
25528382210245;0.165948;0.181651;0.981159 -0.00738768 0.19306 -0.419553 0.00399549 0.999831 0.0179541 0.0698371 -0.19316 -0.0168445 0.981023 -2.64146 0 0 0 1 
25528382210246;1.5805;1.42538;0.998584 -0.000643068 0.0531956 -0.131462 -0.000292722 0.999845 0.0175818 0.00737817 -0.0531987 -0.0175725 0.998429 -0.810516 0 0 0 1 
25528382210248;1.80404;1.32042;0.996375 0.00705832 0.0847804 0.410502 0.00748375 0.985417 -0.169992 -0.510366 -0.0847439 0.17001 0.981792 8.90484 0 0 0 1 
25528382210249;2.65063;0.71781;0.999288 -0.0194345 0.032334 -0.956923 0.0189126 0.999687 0.0163701 0.170792 -0.032642 -0.0157469 0.999343 -3.85724 0 0 0 1 
25528382210250;0.988386;0.205322;0.988375 -0.0327151 -0.148475 -2.17908 0.023712 0.997794 -0.0620072 -0.158786 0.150176 0.0577658 0.98697 3.73919 0 0 0 1 
25528382210251;1.96971;0.46989;0.999328 0.00808738 -0.0357633 0.485091 -0.00686257 0.99939 0.0342387 0.736343 0.0360184 -0.0339703 0.998774 -4.06377 0 0 0 1 
25528382210252;1.48555;1.0069;0.998897 0.0469557 -0.000124772 2.89986 -0.0469558 0.998897 -0.000773915 -0.54447 8.82944e-05 0.00077892 1 0.415557 0 0 0 1 
25528382210253;1.51489;0.402064;0.998811 0.0200596 0.0444295 1.25017 -0.0178382 0.998598 -0.0498436 0.0503513 -0.045367 0.0489918 0.997768 1.05939 0 0 0 1 
25528382210254;2.5409;1.84981;0.999462 0.000575664 0.032797 0.0450028 -0.00550704 0.988599 0.15047 0.183773 -0.0323365 -0.15057 0.98807 -10.2816 0 0 0 1 
25528382210255;0.438009;0.156876;0.995281 0.0202577 -0.0948922 0.995383 -0.0290215 0.995345 -0.0919056 -0.37208 0.0925886 0.0942258 0.991236 5.32501 0 0 0 1 
25528382210256;0.895108;0.608776;0.961027 0.010872 0.276241 1.15339 0.0687969 0.958387 -0.277059 -3.15985 -0.267758 0.285266 0.920287 16.9243 0 0 0 1 
25528382210257;0.887196;0.783764;0.999392 -0.00704605 0.0341579 -0.215353 0.00662731 0.999902 0.0123567 -0.0456757 -0.0342416 -0.0121228 0.99934 -0.890519 0 0 0 1 
25528382210258;2.46932;0.622892;0.998592 0.0457826 -0.0267774 2.88556 -0.0471897 0.997397 -0.0545178 0.0271591 0.0242117 0.0557046 0.998154 0.277166 0 0 0 1 
25528382210259;0.355498;0.208553;0.995381 0.00450783 0.0959007 0.405648 0.0403012 0.887008 -0.459991 -7.31609 -0.0871383 0.461731 0.882729 25.6156 0 0 0 1 
25528382210260;0.270887;0.265013;0.999852 -0.0171408 0.00135683 -1.0757 0.0171404 0.999853 0.000340581 0.0474257 -0.00136247 -0.000317274 0.999999 0.0561546 0 0 0 1 
