#;prob_registration_l1 -r ../../../../build/tester /home/point_clouds_registration_benchmark/stairs_local.txt /home/point_clouds_registration_benchmark/stairs -s 0.2 -t 0.2 -p 0.3 -r 1000 -m 10 -i 40 
id;initial_error;final_error;transformation
5494384560000;0.832403;0.0973672;0.987656 0.153994 -0.0286521 0.91402 -0.150867 0.984414 0.0903778 0.621617 0.0421232 -0.0849395 0.995495 0.195463 0 0 0 1 
5494384560001;0.315086;0.137423;0.896818 0.283104 -0.339955 1.78634 -0.227654 0.954206 0.194073 1.28583 0.37933 -0.0966559 0.920199 -2.53379 0 0 0 1 
5494384560002;0.630491;0.103689;0.998638 0.0197743 -0.0482743 0.809798 -0.0167548 0.997925 0.0621711 -0.136953 0.0494035 -0.0612776 0.996897 -0.0754983 0 0 0 1 
5494384560003;0.317466;0.0971097;0.969108 -0.0104627 -0.246416 0.973951 0.103325 0.924423 0.367106 -1.78423 0.223951 -0.381226 0.896946 -1.47456 0 0 0 1 
5494384560004;0.657978;0.114523;0.995565 0.0940631 -0.00160253 -0.044386 -0.0924699 0.981553 0.167341 0.803306 0.0173136 -0.166451 0.985898 0.325338 0 0 0 1 
5494384560005;0.751618;0.117581;0.99724 -0.0410343 -0.061872 -0.380261 0.0517831 0.981637 0.183594 -1.32773 0.0532022 -0.186292 0.981053 -0.501002 0 0 0 1 
5494384560006;0.696898;0.119849;0.910921 0.352487 -0.214423 1.52774 -0.363258 0.931614 -0.0117428 2.35386 0.19562 0.0885875 0.97667 -0.854779 0 0 0 1 
5494384560007;0.399045;0.108187;0.945232 -0.31916 -0.0683588 0.788235 0.325142 0.939072 0.111473 -2.93146 0.028616 -0.127595 0.991414 -0.196823 0 0 0 1 
5494384560008;0.231215;0.124944;0.97794 -0.161064 -0.133014 0.495691 0.156623 0.98671 -0.0432679 -1.0539 0.138215 0.0214804 0.990169 -0.922553 0 0 0 1 
5494384560009;0.454804;0.101253;0.98796 0.00953516 -0.154416 0.759994 0.00865071 0.993133 0.116674 -0.58372 0.154468 -0.116605 0.981093 -0.761035 0 0 0 1 
5494384560010;0.83506;0.107099;0.998594 0.0464842 -0.0254668 0.0868796 -0.0443242 0.995836 0.0796627 0.314366 0.0290638 -0.078422 0.996497 0.645116 0 0 0 1 
5494384560011;0.300381;0.126249;0.994779 0.0968039 0.0323004 -0.0743467 -0.086518 0.967865 -0.236121 1.14554 -0.0541198 0.232093 0.971187 0.429845 0 0 0 1 
5494384560012;0.513405;0.116811;0.930165 0.103163 -0.35235 1.33039 -0.150564 0.982482 -0.109816 1.40387 0.334849 0.155198 0.929403 -1.88342 0 0 0 1 
5494384560013;0.592232;0.106436;0.988821 0.0562733 -0.138084 0.623391 -0.0496908 0.997479 0.0506657 0.871695 0.140587 -0.0432377 0.989124 -1.05453 0 0 0 1 
5494384560014;0.784839;0.107231;0.937766 0.257471 0.233032 0.613652 -0.308203 0.926276 0.216851 1.57085 -0.160019 -0.275176 0.947983 1.72284 0 0 0 1 
5494384560015;1.02961;0.136029;0.923475 0.361423 -0.128715 0.605552 -0.381511 0.900533 -0.208543 4.0936 0.0405402 0.24169 0.969506 0.398595 0 0 0 1 
5494384560016;0.692498;0.117742;0.981713 0.164905 -0.0951106 0.426035 -0.188341 0.914063 -0.359189 2.7837 0.0277049 0.370534 0.928406 -0.478653 0 0 0 1 
5494384560017;0.125802;0.115659;0.998423 0.0494545 -0.0265761 0.168379 -0.0472869 0.995926 0.0767843 0.0907883 0.0302652 -0.0754064 0.996693 -0.104921 0 0 0 1 
5494384560018;0.697368;0.111623;0.991671 0.0886577 -0.0934301 0.907089 -0.102176 0.983152 -0.151563 1.25912 0.0784187 0.159847 0.984022 -0.0501476 0 0 0 1 
5494384560019;0.372102;0.119287;0.939753 0.331535 0.0833632 0.361978 -0.340653 0.928611 0.147097 2.18985 -0.0286443 -0.166632 0.985603 -0.0310784 0 0 0 1 
5494384560020;0.725979;0.1274;0.928535 0.364431 0.0707994 0.38441 -0.36561 0.864563 0.344761 2.33752 0.0644308 -0.346007 0.936017 0.163532 0 0 0 1 
5494384560021;0.810082;0.113884;0.988753 0.137031 -0.0599189 -0.026763 -0.133337 0.989139 0.0618443 0.952971 0.0677427 -0.0531593 0.996286 0.271783 0 0 0 1 
5494384560022;1.01164;0.102513;0.892275 -0.258179 -0.370391 1.54593 0.3135 0.944645 0.0967667 -3.52503 0.324905 -0.20246 0.923822 -1.92455 0 0 0 1 
5494384560023;0.527542;0.0949983;0.969855 0.146374 -0.194821 0.998739 -0.130853 0.987276 0.0903551 0.626806 0.205568 -0.0621384 0.976668 -1.99799 0 0 0 1 
5494384560024;0.419936;0.125647;0.918096 0.380656 -0.11046 1.27223 -0.376826 0.924678 0.0545141 2.71427 0.122891 -0.00842485 0.992384 -1.13797 0 0 0 1 
5494384560025;0.495752;0.124583;0.919706 0.349181 -0.179483 1.21148 -0.335235 0.936387 0.103911 2.37724 0.204349 -0.0353987 0.978258 -1.08454 0 0 0 1 
5494384560026;0.350666;0.126054;0.977496 0.130137 0.166029 -0.117322 -0.087868 0.966691 -0.240392 1.25267 -0.191782 0.220394 0.956371 1.81225 0 0 0 1 
5494384560027;0.90423;0.0963173;0.986806 0.110254 -0.118564 1.41211 -0.0827911 0.972947 0.215686 0.258802 0.139137 -0.203025 0.969238 -0.829437 0 0 0 1 
5494384560028;0.914969;0.135905;0.997941 -0.0567084 -0.0299686 -0.749895 0.0591899 0.994209 0.0896972 -0.525548 0.0247085 -0.0912863 0.995518 -0.433873 0 0 0 1 
5494384560029;0.844853;0.149782;0.99693 0.0773155 -0.0123756 0.164082 -0.0758154 0.992663 0.0941921 -0.40597 0.0195673 -0.0929647 0.995477 -0.716156 0 0 0 1 
5494384560031;0.314572;0.275088;0.922598 -0.357424 -0.145128 0.395186 0.364288 0.931004 0.0229304 -1.50669 0.126919 -0.0740238 0.989147 -0.292476 0 0 0 1 
5494384560032;0.143255;0.286496;0.990009 0.0778072 0.117596 -0.0495334 -0.0729233 0.996309 -0.0452853 0.225356 -0.120685 0.0362574 0.992028 0.724317 0 0 0 1 
5494384560033;0.256973;0.249455;0.996842 0.0221788 0.0762485 0.108147 -0.015379 0.995945 -0.088637 0.182605 -0.0779052 0.0871845 0.993141 0.59488 0 0 0 1 
5494384560034;0.872658;0.277622;0.963298 -0.221653 0.151417 -0.0505373 0.191376 0.962626 0.191639 -1.80866 -0.188236 -0.155628 0.969715 0.397627 0 0 0 1 
5494384560035;0.383527;0.255367;0.99432 -0.0661979 0.0833433 -0.00745853 0.0598396 0.995264 0.0766069 -0.00216771 -0.0880198 -0.0711846 0.993572 0.620651 0 0 0 1 
5494384560036;0.699819;0.279428;0.954953 0.281359 -0.0943559 0.450821 -0.296624 0.914557 -0.274955 0.901267 0.00893286 0.290557 0.956816 0.895504 0 0 0 1 
5494384560037;0.785083;0.248834;0.964328 -0.0663295 0.256266 -0.403369 0.137883 0.95226 -0.272378 -0.180973 -0.225965 0.297997 0.927436 0.493466 0 0 0 1 
5494384560038;1.00964;0.258549;0.897319 -0.435082 0.0743063 -0.914019 0.436959 0.899422 -0.0103524 -1.37955 -0.0623285 0.0417582 0.997182 0.193692 0 0 0 1 
5494384560039;0.16472;0.271526;0.989621 -0.0763215 -0.121759 0.11528 0.0779319 0.996922 0.00851198 -0.28246 0.120734 -0.0179125 0.992523 -0.25003 0 0 0 1 
5494384560040;0.656318;0.259416;0.895285 0.351445 0.273773 0.562018 -0.352454 0.934637 -0.0472195 0.820609 -0.272473 -0.0542173 0.960635 1.48682 0 0 0 1 
5494384560041;0.496934;0.266122;0.864701 -0.297024 0.405054 -0.182783 0.303425 0.951542 0.0500167 -1.13726 -0.400282 0.0796539 0.912924 2.3204 0 0 0 1 
5494384560042;0.516103;0.265436;0.97881 -0.00936692 -0.204558 0.181161 0.0480802 0.981539 0.185118 -0.662921 0.199048 -0.19103 0.961191 -1.01417 0 0 0 1 
5494384560043;0.0787389;0.253653;0.998892 -0.00854879 0.0462814 -0.102557 0.00728084 0.999595 0.0274961 -0.208954 -0.0464977 -0.0271287 0.99855 0.476106 0 0 0 1 
5494384560044;0.670233;0.25422;0.997314 0.0495066 0.053983 0.193389 -0.0521817 0.997419 0.0493256 0.236558 -0.0514017 -0.05201 0.997323 1.17495 0 0 0 1 
5494384560045;0.454928;0.256968;0.894885 -0.273335 0.352803 -0.504752 0.176437 0.942785 0.282891 -1.12751 -0.409941 -0.190907 0.89191 1.92037 0 0 0 1 
5494384560046;0.663952;0.283092;0.985712 0.142339 -0.0900661 0.23672 -0.139668 0.989568 0.0353326 1.12906 0.0941557 -0.0222485 0.995309 -0.217117 0 0 0 1 
5494384560047;0.60701;0.257706;0.990433 0.0228649 -0.136087 -0.257922 -0.0450374 0.985736 -0.16216 0.678091 0.130438 0.166737 0.977335 -0.458879 0 0 0 1 
5494384560048;0.280379;0.262341;0.998042 0.00136582 0.0625272 -0.140912 -0.00393765 0.99915 0.0410267 -0.199892 -0.0624181 -0.0411926 0.9972 0.821038 0 0 0 1 
5494384560049;0.480826;0.252712;0.916446 0.338918 0.212746 0.548562 -0.339643 0.939929 -0.0342886 1.3562 -0.211587 -0.0408341 0.976506 1.03391 0 0 0 1 
5494384560050;0.519994;0.264046;0.971177 0.21407 0.104826 -0.249034 -0.210723 0.976637 -0.0421524 0.241207 -0.1114 0.0188482 0.993597 0.763013 0 0 0 1 
5494384560051;0.245903;0.239885;0.998933 -0.0143693 0.0438814 -0.0371388 0.0122678 0.998782 0.0477906 -0.353853 -0.0445146 -0.0472013 0.997893 0.199209 0 0 0 1 
5494384560052;0.581213;0.274299;0.935377 0.162195 0.314265 -0.432599 -0.20533 0.972583 0.109184 0.0737958 -0.28794 -0.166656 0.943036 1.1894 0 0 0 1 
5494384560053;0.543864;0.257511;0.955082 -0.211698 0.207368 -0.517096 0.188267 0.973861 0.127087 -1.285 -0.228852 -0.0823375 0.969973 0.802303 0 0 0 1 
5494384560054;0.812423;0.252932;0.983228 -0.0244806 -0.180729 0.166074 0.037848 0.996766 0.0708898 -0.566158 0.178409 -0.0765411 0.980975 -1.3093 0 0 0 1 
5494384560055;0.804846;0.242372;0.912717 0.00721396 0.40853 0.518175 -0.0496134 0.994403 0.0932842 0.541017 -0.40557 -0.105411 0.907966 1.89489 0 0 0 1 
5494384560056;0.404608;0.27437;0.973895 0.163064 0.157921 -0.238124 -0.165982 0.986114 0.00538104 0.145765 -0.154851 -0.0314526 0.987437 0.810141 0 0 0 1 
5494384560057;0.241612;0.268195;0.977768 0.202077 -0.0559979 0.227411 -0.19294 0.971573 0.137183 0.392357 0.0821275 -0.123329 0.988962 -0.0162874 0 0 0 1 
5494384560058;0.361634;0.250573;0.988978 -0.106843 0.102503 0.0596434 0.119312 0.985031 -0.124416 -0.11085 -0.0876757 0.135275 0.986921 0.662123 0 0 0 1 
5494384560059;0.672349;0.310241;0.996961 -0.00984775 0.0772779 -0.175934 0.00929822 0.999929 0.00746771 -0.0937704 -0.077346 -0.00672647 0.996982 -0.141773 0 0 0 1 
5494384560060;0.435775;0.249129;0.95587 -0.284878 -0.0718122 -0.134957 0.29264 0.901648 0.31842 -1.71438 -0.0259616 -0.325384 0.945226 0.145667 0 0 0 1 
5494384560062;0.821662;0.140278;0.967893 -0.183858 -0.171405 0.366304 0.18797 0.982143 0.00793689 -1.66363 0.166885 -0.039901 0.985169 -1.20827 0 0 0 1 
5494384560063;1.2461;0.152179;0.943872 0.105765 -0.312919 1.7898 -0.108496 0.994059 0.0087246 0.804628 0.311983 0.0257157 0.94974 -2.38956 0 0 0 1 
5494384560064;0.351118;0.155422;0.921009 -0.389451 0.00844481 0.228337 0.389267 0.920956 0.0176199 -2.49809 -0.0146394 -0.0129408 0.999809 0.176312 0 0 0 1 
5494384560065;1.02628;0.186176;0.997215 0.073577 0.0121973 0.010109 -0.0731478 0.99679 -0.0325307 0.370188 -0.0145517 0.0315479 0.999396 0.944439 0 0 0 1 
5494384560066;0.385602;0.16284;0.895429 0.438647 -0.076127 1.09393 -0.439156 0.898346 0.010809 2.70444 0.0731297 0.0237529 0.99704 -0.28675 0 0 0 1 
5494384560067;1.09812;0.148826;0.980471 -0.123332 0.153183 -0.385804 0.142717 0.982122 -0.12275 -0.885309 -0.135306 0.142215 0.980544 0.280857 0 0 0 1 
5494384560068;0.284277;0.157778;0.988542 0.139669 -0.0572463 0.315045 -0.117246 0.949338 0.291565 0.0434623 0.0950688 -0.281512 0.954837 -0.52851 0 0 0 1 
5494384560069;0.305684;0.131446;0.988951 0.145981 -0.025793 0.424127 -0.145674 0.989242 0.0133907 0.930299 0.0274703 -0.00948537 0.999578 -0.0325297 0 0 0 1 
5494384560070;1.06788;0.134736;0.99852 0.0543641 0.00155297 0.766279 -0.0539166 0.985749 0.159349 -0.0151876 0.00713202 -0.159197 0.987221 -0.307187 0 0 0 1 
5494384560071;0.199717;0.136851;0.999978 0.00027851 0.00667144 0.00468648 -0.000429417 0.999744 0.0226291 -0.0699568 -0.00666343 -0.0226314 0.999722 0.268662 0 0 0 1 
5494384560072;1.02349;0.138086;0.963061 -0.0176578 -0.268703 1.14987 -0.0560024 0.962897 -0.263995 1.6589 0.263395 0.269292 0.92634 -1.30832 0 0 0 1 
5494384560073;0.123206;0.137654;0.993855 -0.109867 0.0134687 -0.0418041 0.109079 0.992798 0.0495299 -0.792549 -0.0188134 -0.0477564 0.998682 0.22829 0 0 0 1 
5494384560074;0.700296;0.493684;0.964052 0.263185 0.0365823 0.129167 -0.264065 0.964261 0.0216965 2.03304 -0.0295646 -0.0305766 0.999095 0.00212325 0 0 0 1 
5494384560075;0.186882;0.138392;0.999885 0.0127195 0.00830248 0.0501923 -0.0126126 0.999838 -0.0128078 0.163026 -0.00846405 0.0127016 0.999884 0.0290792 0 0 0 1 
5494384560076;1.00141;0.134264;0.992688 -0.0909807 0.0793343 -0.279594 0.0840521 0.992683 0.0866904 -0.532811 -0.086641 -0.0793883 0.993071 1.35617 0 0 0 1 
5494384560077;0.605922;0.161541;0.894373 -0.327328 -0.304883 1.43463 0.362629 0.929613 0.0657197 -2.43805 0.261911 -0.169337 0.95012 -1.76008 0 0 0 1 
5494384560078;0.686652;0.157391;0.92143 -0.386271 0.0419649 0.114852 0.3847 0.891822 -0.238033 -1.79427 0.0545199 0.235475 0.97035 0.327644 0 0 0 1 
5494384560079;0.330281;0.16334;0.926036 0.376767 -0.0224532 0.702362 -0.369071 0.916364 0.155125 1.93721 0.0790213 -0.135364 0.98764 -0.415349 0 0 0 1 
5494384560080;0.779401;0.141466;0.916627 0.392057 -0.0780184 1.29812 -0.379433 0.914742 0.138842 2.3202 0.1258 -0.0976631 0.987237 -0.594244 0 0 0 1 
5494384560081;0.603531;0.158593;0.980902 0.191352 -0.0348658 0.485822 -0.194341 0.971513 -0.135628 1.80057 0.00791984 0.139814 0.990146 0.434088 0 0 0 1 
5494384560082;0.617118;0.167617;0.894959 -0.271117 -0.354322 1.42862 0.330448 0.9364 0.11815 -2.1104 0.299755 -0.222824 0.927629 -1.94896 0 0 0 1 
5494384560083;0.290683;0.173556;0.944986 0.305329 0.117373 0.210014 -0.29292 0.949573 -0.111841 2.1542 -0.145602 0.0713072 0.98677 1.00599 0 0 0 1 
5494384560084;0.175327;0.151803;0.988142 -0.106933 -0.110181 0.301992 0.094736 0.989344 -0.110557 -0.263436 0.12083 0.0988076 0.987744 -0.607952 0 0 0 1 
5494384560085;0.943472;0.157532;0.99394 -0.106003 -0.0291024 0.0801703 0.09334 0.9537 -0.28591 -0.169696 0.0580622 0.281461 0.957815 0.569533 0 0 0 1 
5494384560086;0.821732;0.14817;0.991547 -0.0275125 0.126798 -0.452086 0.0147265 0.994809 0.100693 -0.53815 -0.12891 -0.0979747 0.986804 1.40616 0 0 0 1 
5494384560087;0.12902;0.16903;0.999135 0.0233424 -0.0344004 0.0370526 -0.0226059 0.99951 0.0216451 0.161573 0.0348888 -0.0208487 0.999174 -0.0454717 0 0 0 1 
5494384560088;1.25698;0.363165;0.886899 0.0876194 -0.453578 1.82116 -0.0704354 0.996017 0.0546793 -0.408471 0.456563 -0.016547 0.889537 -2.36976 0 0 0 1 
5494384560089;1.3654;0.490506;0.929727 0.357159 0.0897001 0.0973194 -0.354471 0.933991 -0.0448362 2.85737 -0.0997927 0.00988933 0.994959 -0.0589327 0 0 0 1 
5494384560090;0.736364;0.145417;0.959266 -0.282209 -0.0129398 0.562026 0.259346 0.897865 -0.355778 -0.512003 0.112022 0.33793 0.934481 -0.198881 0 0 0 1 
5494384560091;0.484121;0.129746;0.940808 -0.14879 -0.304535 1.17606 0.215565 0.956028 0.198853 -1.82455 0.261556 -0.25273 0.931513 -1.18127 0 0 0 1 
5494384560093;0.0553842;0.33838;0.986295 0.124207 -0.108604 0.281711 -0.131065 0.989649 -0.0584484 1.04268 0.10022 0.0718816 0.992365 -0.396146 0 0 0 1 
5494384560094;0.672056;0.410737;0.881269 0.0521762 -0.469726 2.01106 0.000507064 0.993782 0.111339 -0.393006 0.472614 -0.0983576 0.875763 -2.40131 0 0 0 1 
5494384560095;0.854827;0.32994;0.878756 0.464188 -0.110982 1.33573 -0.474619 0.874398 -0.100824 2.94845 0.0502407 0.141274 0.988695 0.344031 0 0 0 1 
5494384560096;0.268636;0.38317;0.970488 -0.153674 -0.185843 0.390689 0.140058 0.986541 -0.0843804 -0.92091 0.196309 0.0558613 0.97895 -1.16749 0 0 0 1 
5494384560097;0.745786;0.369602;0.992985 0.077488 -0.0893085 -0.149863 -0.0837759 0.994096 -0.068948 0.252995 0.0834386 0.0759462 0.993615 -0.0692518 0 0 0 1 
5494384560098;0.365154;0.361725;0.933824 -0.2691 -0.235707 0.855094 0.279793 0.959979 0.0125058 -2.10258 0.222908 -0.0776275 0.971744 -1.26466 0 0 0 1 
5494384560099;0.345567;0.323396;0.999026 0.043519 -0.00723068 -0.241815 -0.0440714 0.991863 -0.119437 0.753143 0.00197405 0.11964 0.992815 0.219975 0 0 0 1 
5494384560100;0.37298;0.372769;0.943874 -0.137531 -0.30031 0.690247 0.117595 0.989539 -0.083571 -0.529053 0.308662 0.0435656 0.950173 -1.586 0 0 0 1 
5494384560101;0.595346;0.500326;0.88592 0.450632 0.109894 0.392588 -0.440443 0.891579 -0.105341 3.35714 -0.145449 0.0449215 0.988345 1.69962 0 0 0 1 
5494384560102;0.240088;0.475305;0.99757 -0.069666 3.36054e-05 -0.299495 0.0692067 0.990938 -0.115121 -0.401184 0.00798671 0.114843 0.993351 0.165144 0 0 0 1 
5494384560103;0.65911;0.375384;0.989975 0.108662 -0.0902302 0.226244 -0.116428 0.989487 -0.0857862 0.871886 0.0799599 0.0954315 0.992219 -0.756821 0 0 0 1 
5494384560104;0.317417;0.437504;0.994695 0.00495612 -0.10275 0.0901816 0.0186514 0.973595 0.22752 -0.838597 0.101165 -0.228229 0.968337 -0.388344 0 0 0 1 
5494384560105;0.561217;0.390755;0.921447 0.176378 -0.346159 0.957284 -0.246308 0.954267 -0.169428 2.0877 0.300445 0.241381 0.92275 -1.21453 0 0 0 1 
5494384560106;0.669368;0.444857;0.986956 0.121064 0.106118 -0.236283 -0.111229 0.989324 -0.0941641 0.502009 -0.116384 0.0811324 0.989885 1.2953 0 0 0 1 
5494384560107;0.196586;0.409262;0.961934 0.241104 -0.128655 0.57493 -0.251698 0.965017 -0.0734262 1.90668 0.106451 0.103013 0.988967 -0.463423 0 0 0 1 
5494384560108;0.588165;0.588555;0.96019 0.237037 -0.147813 0.712211 -0.218013 0.9667 0.134019 1.27862 0.174659 -0.0964583 0.979893 -1.13026 0 0 0 1 
5494384560109;0.964218;0.37855;0.96895 0.245011 0.0332521 0.0931294 -0.244573 0.969487 -0.0167196 1.75776 -0.036334 0.00806787 0.999307 1.2325 0 0 0 1 
5494384560110;0.522946;0.375948;0.942154 -0.317336 -0.107911 0.0426608 0.313995 0.948255 -0.0471069 -2.24733 0.117276 0.0104984 0.993044 -0.638009 0 0 0 1 
5494384560111;0.382633;0.285784;0.996181 0.0871303 0.00570216 -0.245821 -0.0856074 0.987453 -0.132696 0.925238 -0.0171925 0.131701 0.99114 0.125667 0 0 0 1 
5494384560112;1.20633;0.442443;0.985648 -0.106953 -0.130609 -0.40262 0.0981078 0.992539 -0.0723939 -0.117427 0.137377 0.0585411 0.988787 -0.0334255 0 0 0 1 
5494384560113;0.493118;0.343193;0.971906 0.203562 -0.118155 0.536618 -0.216649 0.969908 -0.111094 1.74 0.0919848 0.133571 0.986761 -0.667309 0 0 0 1 
5494384560114;0.011633;0.333252;0.990068 0.0989882 -0.0998291 0.253166 -0.107975 0.990158 -0.0890405 0.940059 0.0900326 0.0989353 0.991013 -0.310752 0 0 0 1 
5494384560115;0.837027;0.411692;0.942375 0.00649237 -0.334495 0.581788 0.0251154 0.995618 0.0900822 -0.791488 0.333614 -0.0932922 0.938082 -1.71105 0 0 0 1 
5494384560116;0.753813;0.339992;0.988763 0.0442042 -0.142808 -0.154922 -0.0493794 0.998238 -0.0328988 0.541432 0.141102 0.0395808 0.989204 -0.9476 0 0 0 1 
5494384560117;0.39392;0.371074;0.91628 0.393946 -0.0723715 0.741841 -0.399377 0.912336 -0.0902248 2.92652 0.0304834 0.111575 0.993288 0.307623 0 0 0 1 
5494384560118;0.486867;0.359492;0.974536 0.178288 -0.135991 0.560567 -0.215023 0.915056 -0.341229 2.11259 0.0636025 0.361781 0.930091 -0.233655 0 0 0 1 
5494384560119;0.307339;0.4519;0.91392 0.401244 -0.0612752 0.749242 -0.398157 0.915559 0.0567739 2.57612 0.0788812 -0.0274896 0.996505 -0.230691 0 0 0 1 
5494384560120;1.07013;0.307196;0.968764 -0.111864 -0.22132 0.711807 0.0763082 0.983645 -0.163156 0.00496338 0.235951 0.141171 0.961456 -2.09145 0 0 0 1 
5494384560121;0.937742;0.352466;0.831718 0.484679 -0.270797 1.38661 -0.519863 0.851092 -0.0733852 3.05303 0.194904 0.201813 0.959835 -1.17563 0 0 0 1 
5494384560122;0.448809;0.393224;0.87498 0.474212 0.0976373 0.504996 -0.456533 0.875249 -0.159742 3.64954 -0.161208 0.095196 0.982318 1.51726 0 0 0 1 
5494384560124;0.180601;0.474329;0.990196 -0.095863 0.101602 -0.343299 0.0985274 0.994901 -0.021527 0.164336 -0.0990205 0.0313265 0.994592 0.4965 0 0 0 1 
5494384560125;0.336264;0.507482;0.944928 -0.16705 0.281435 -0.532513 0.241082 0.936849 -0.253363 -0.0890293 -0.221338 0.307259 0.925528 1.11086 0 0 0 1 
5494384560126;0.158937;0.385005;0.989246 0.132215 0.0625393 -0.24962 -0.123549 0.984243 -0.126496 1.10285 -0.0782785 0.117409 0.989994 0.441792 0 0 0 1 
5494384560127;0.459182;0.523348;0.989694 -0.113659 -0.0871091 0.485425 0.0937857 0.97415 -0.205513 0.862345 0.108216 0.195225 0.97477 -0.179367 0 0 0 1 
5494384560128;0.768681;0.308509;0.96864 -0.1077 0.223915 -0.729347 0.182644 0.919613 -0.347782 0.463757 -0.168459 0.377773 0.910445 0.378909 0 0 0 1 
5494384560129;0.8631;0.5583;0.918969 0.00377003 0.394311 -0.949328 -0.0336454 0.997057 0.06888 -0.117933 -0.392891 -0.0765654 0.916392 1.98544 0 0 0 1 
5494384560130;0.294138;0.473013;0.988424 -0.14918 -0.0276109 0.203452 0.148342 0.988473 -0.0302746 -0.0645985 0.031809 0.0258283 0.99916 -0.190386 0 0 0 1 
5494384560131;0.331415;0.382518;0.996768 -0.021493 -0.0774027 0.052954 0.0128967 0.99386 -0.109893 0.551506 0.0792893 0.10854 0.990925 0.112127 0 0 0 1 
5494384560132;0.299743;0.510823;0.93173 0.00748072 -0.363075 0.89712 0.00166493 0.999689 0.02487 0.456545 0.363148 -0.0237766 0.931428 -1.29664 0 0 0 1 
5494384560133;0.275606;0.515211;0.918711 0.10908 -0.379567 1.06706 -0.162198 0.980517 -0.110806 1.37499 0.360085 0.163364 0.918505 -1.12278 0 0 0 1 
5494384560134;0.715759;0.441375;0.974248 0.224858 0.0167147 0.0914699 -0.219713 0.963383 -0.153684 1.59558 -0.0506598 0.146054 0.987979 1.15212 0 0 0 1 
5494384560135;0.221863;0.358946;0.949915 0.291268 0.113248 0.0473356 -0.286013 0.956312 -0.0605269 1.76541 -0.12593 0.025105 0.991721 0.609785 0 0 0 1 
5494384560136;0.513605;0.420164;0.95611 0.292757 0.0121567 -0.152517 -0.289545 0.950354 -0.113981 2.23466 -0.044922 0.105459 0.993409 0.137548 0 0 0 1 
5494384560137;0.0725673;0.337727;0.999009 0.0443554 -0.00378166 -0.0282929 -0.0444427 0.998634 -0.0274611 0.611101 0.00255844 0.027602 0.999616 0.13566 0 0 0 1 
5494384560138;0.458946;0.343246;0.995779 -0.0177716 -0.090048 0.0732507 -0.00267017 0.975052 -0.22196 0.750942 0.091746 0.221264 0.970889 0.281674 0 0 0 1 
5494384560139;0.373858;0.385401;0.978767 0.168364 0.116916 0.0601133 -0.146529 0.973553 -0.175281 1.00535 -0.143335 0.154427 0.977552 0.599646 0 0 0 1 
5494384560140;0.407687;0.403894;0.927772 0.349906 -0.129635 0.40486 -0.343743 0.936603 0.0679435 1.68567 0.145191 -0.018475 0.989231 -0.257306 0 0 0 1 
5494384560141;0.827786;0.300924;0.998048 0.0299596 0.0547931 -0.269423 -0.0254605 0.996385 -0.0810418 0.688615 -0.0570231 0.0794886 0.995203 1.22778 0 0 0 1 
5494384560142;0.791925;0.53988;0.997681 -0.0468011 0.0494137 -0.789792 0.0569835 0.97141 -0.23047 0.619728 -0.0372147 0.232751 0.971824 -0.232465 0 0 0 1 
5494384560143;0.413054;0.524042;0.882432 0.394961 0.255578 0.0768317 -0.357839 0.9162 -0.180358 2.17898 -0.305395 0.0676979 0.949816 1.39193 0 0 0 1 
5494384560144;0.460909;0.312048;0.988927 0.116322 -0.0921559 0.215021 -0.119396 0.992436 -0.0285642 0.927761 0.0881361 0.0392509 0.995335 0.234649 0 0 0 1 
5494384560145;0.514439;0.518285;0.994259 -0.0563039 0.0909913 -0.401728 0.0534208 0.997999 0.0338178 0.721035 -0.0927133 -0.0287628 0.995277 0.641335 0 0 0 1 
5494384560146;0.876277;0.368045;0.954586 0.297828 0.00804303 1.01868 -0.296054 0.951238 -0.0865892 1.56173 -0.0334396 0.0802757 0.996212 -0.319035 0 0 0 1 
5494384560147;0.0882485;0.371358;0.987913 0.039496 -0.149891 0.310358 -0.05828 0.990685 -0.123073 0.864785 0.143633 0.130321 0.981013 -0.445623 0 0 0 1 
5494384560148;0.565514;0.309372;0.888824 0.342069 0.304927 0.27898 -0.280556 0.932337 -0.228115 2.31153 -0.362326 0.117205 0.924653 1.64403 0 0 0 1 
5494384560149;0.651367;0.50098;0.99287 -0.108762 0.0487759 -0.50323 0.114248 0.985018 -0.12918 0.220352 -0.0339952 0.133832 0.990421 0.924487 0 0 0 1 
5494384560150;0.389377;0.42803;0.946884 -0.263445 0.184409 -0.393115 0.296122 0.937924 -0.180585 -0.599849 -0.125387 0.225601 0.966117 0.819033 0 0 0 1 
5494384560151;0.428451;0.483266;0.949705 -0.309298 -0.048943 0.00104775 0.302204 0.94621 -0.115581 -0.523581 0.0820594 0.0949772 0.992092 -0.527698 0 0 0 1 
5494384560152;0.492131;0.594869;0.94075 -0.338764 -0.0151049 -0.0505868 0.338831 0.940845 0.00200349 -1.12716 0.0135326 -0.00700277 0.999884 -0.138129 0 0 0 1 
5494384560153;0.585822;0.316692;0.998908 0.0383243 -0.0267255 0.0235105 -0.044123 0.961907 -0.269792 1.20657 0.0153679 0.270677 0.962548 -0.465347 0 0 0 1 
5494384560155;0.510199;0.381836;0.999838 0.00112396 0.0179826 0.383345 -0.00333972 0.992318 0.123667 0.234446 -0.0177054 -0.123707 0.992161 0.48484 0 0 0 1 
5494384560156;0.606536;0.474753;0.998808 0.0431208 -0.0228843 0.614088 -0.0416839 0.997332 0.059933 0.0161408 0.0254076 -0.0589076 0.99794 -0.632575 0 0 0 1 
5494384560157;0.698949;1.15073;0.877791 0.459648 0.134933 1.07767 -0.427607 0.624838 0.653246 -0.0898737 0.215952 -0.631111 0.745026 -0.495582 0 0 0 1 
5494384560158;0.932434;0.656178;0.968872 0.157157 0.191283 0.436283 -0.19039 0.966884 0.16996 0.356719 -0.158238 -0.201087 0.966708 0.862893 0 0 0 1 
5494384560159;0.588127;0.525615;0.947554 0.233245 0.218491 0.773597 -0.267227 0.953213 0.141334 -0.0264168 -0.175303 -0.192308 0.96555 0.565857 0 0 0 1 
5494384560160;0.813406;0.31554;0.955938 0.156533 -0.248356 1.33413 -0.117376 0.979219 0.165388 0.211793 0.269083 -0.12895 0.954445 -0.794263 0 0 0 1 
5494384560161;0.869163;0.524352;0.994249 0.100007 -0.0383213 0.788455 -0.093376 0.984701 0.147123 -0.793496 0.0524483 -0.142698 0.988376 -0.0503142 0 0 0 1 
5494384560162;0.520155;0.573669;0.996232 -0.000593454 -0.0867275 0.34482 0.00555062 0.998363 0.0569279 0.578976 0.0865517 -0.0571948 0.994604 0.49084 0 0 0 1 
5494384560163;0.884248;0.445397;0.905795 0.423444 -0.0151751 1.54044 -0.422151 0.904946 0.0534828 0.732151 0.0363796 -0.0420382 0.998453 0.10348 0 0 0 1 
5494384560164;0.069281;0.296696;0.99942 0.0107971 -0.0323026 0.346215 -0.00895957 0.998363 0.0564976 0.0215554 0.0328597 -0.0561754 0.99788 -0.0272852 0 0 0 1 
5494384560165;0.359877;0.584705;0.944156 0.299126 0.138178 0.558107 -0.308921 0.949472 0.0554162 0.213529 -0.11462 -0.0950076 0.988856 0.264153 0 0 0 1 
5494384560166;0.617506;0.442313;0.956775 0.0985522 -0.273623 0.94242 -0.0240157 0.964395 0.263375 -0.260491 0.289837 -0.245419 0.925075 -0.0957053 0 0 0 1 
5494384560167;0.359577;1.88685;0.850469 0.470788 0.234652 0.949746 -0.457267 0.441163 0.772193 -1.45821 0.260019 -0.764025 0.590471 -0.833205 0 0 0 1 
5494384560168;0.367236;0.554285;0.976582 0.136525 0.166279 0.548929 -0.121933 0.987976 -0.0950596 0.304973 -0.177257 0.0725586 0.981486 0.428614 0 0 0 1 
5494384560169;0.299703;0.379738;0.992438 0.100323 -0.0707293 0.508461 -0.0918777 0.989229 0.113951 0.0113261 0.0813994 -0.106591 0.990965 0.0344618 0 0 0 1 
5494384560170;0.388752;0.375133;0.9983 0.056103 -0.0157933 0.743357 -0.0538169 0.99134 0.119782 0.252543 0.0223767 -0.118729 0.992675 -0.131856 0 0 0 1 
5494384560171;0.436725;0.526426;0.996773 0.0713936 0.0366911 0.575768 -0.074302 0.993589 0.0852084 0.494308 -0.0303725 -0.0876597 0.995687 -0.169279 0 0 0 1 
5494384560172;0.743415;0.499649;0.981346 0.192227 -0.00297155 1.21296 -0.187384 0.959849 0.208751 0.0337603 0.0429798 -0.2043 0.977964 0.0149759 0 0 0 1 
5494384560173;0.766137;0.975306;0.996867 0.0786721 0.0082377 0.696 -0.0785282 0.996775 -0.0165364 1.42054 -0.00951208 0.0158377 0.999829 0.117807 0 0 0 1 
5494384560174;0.152675;0.347492;0.997727 -0.021124 -0.0639851 0.247574 0.0293583 0.990998 0.130621 -0.000969627 0.0606498 -0.132203 0.989365 -0.105823 0 0 0 1 
5494384560175;0.731473;0.628179;0.985453 0.132748 -0.106116 0.816895 -0.119386 0.985116 0.123663 -0.193839 0.120952 -0.109195 0.986634 -1.01163 0 0 0 1 
5494384560176;0.458408;0.548383;0.921903 0.0955515 0.375452 0.24066 -0.104877 0.994475 0.00442997 0.8401 -0.372955 -0.0434605 0.926831 0.704017 0 0 0 1 
5494384560177;0.329052;0.574355;0.980977 0.00955511 -0.193888 0.485572 0.0284185 0.980959 0.192127 -0.454834 0.192032 -0.193982 0.962026 -0.210082 0 0 0 1 
5494384560178;0.128329;0.376749;0.991931 0.0789092 -0.0992276 0.474112 -0.067768 0.991504 0.111033 0.150081 0.107146 -0.103412 0.988851 -0.123817 0 0 0 1 
5494384560179;0.884119;0.714667;0.952001 0.15481 0.264059 0.157135 -0.197447 0.969785 0.143291 0.284909 -0.233898 -0.188551 0.953803 -0.560047 0 0 0 1 
5494384560180;0.395688;0.367535;0.999059 0.0130401 -0.0413607 0.230805 -0.00894436 0.995175 0.0977064 0.24408 0.0424353 -0.0972445 0.994355 -0.324034 0 0 0 1 
5494384560181;0.929561;1.03693;0.99946 -0.0279597 -0.0172659 0.356652 0.0285952 0.998879 0.0377269 0.122156 0.0161917 -0.0382002 0.999139 -0.544937 0 0 0 1 
5494384560182;0.699324;1.61002;0.860458 0.483088 0.161982 0.637578 -0.474085 0.642593 0.601928 -1.05422 0.186695 -0.594727 0.781949 -1.22084 0 0 0 1 
5494384560183;0.638253;0.408875;0.928583 -0.0751507 0.363437 -0.128711 0.0185272 0.987449 0.156845 -0.278771 -0.370663 -0.13891 0.918321 1.00731 0 0 0 1 
5494384560184;0.208766;0.56645;0.971077 0.2373 -0.0264328 0.6967 -0.230866 0.961411 0.14963 -0.0268187 0.06092 -0.139199 0.988389 -0.145324 0 0 0 1 
5494384560186;0.36111;0.496116;0.989177 -0.0214434 0.145153 -0.100822 0.0314593 0.997253 -0.0670624 0.236349 -0.143316 0.0709029 0.987134 1.56439 0 0 0 1 
5494384560187;0.496451;0.424621;0.981325 0.188169 -0.0399272 0.780027 -0.167521 0.938022 0.303401 0.166755 0.0945431 -0.291046 0.952026 -0.0311415 0 0 0 1 
5494384560188;0.447898;0.445739;0.923856 -0.334921 0.18525 -0.338582 0.283032 0.923647 0.258398 -1.65566 -0.257649 -0.186291 0.94811 1.4059 0 0 0 1 
5494384560189;0.616026;0.449247;0.976672 -0.192972 -0.0942051 0.387915 0.189937 0.98097 -0.0402636 -0.183527 0.100182 0.0214312 0.994738 0.432108 0 0 0 1 
5494384560190;0.219844;0.442901;0.986412 -0.161241 0.0315167 -0.151073 0.158775 0.984878 0.0693213 -0.72024 -0.0422175 -0.0633752 0.997096 0.654615 0 0 0 1 
5494384560191;0.269957;0.424217;0.970333 0.196472 0.140899 0.230137 -0.203314 0.97846 0.0357832 0.760336 -0.130834 -0.0633684 0.989377 0.978142 0 0 0 1 
5494384560192;0.563983;0.481672;0.993918 0.055253 0.0952557 -0.187476 -0.0893282 0.910387 0.404001 -0.0077385 -0.0643973 -0.410053 0.909786 1.21168 0 0 0 1 
5494384560193;0.714742;0.465499;0.989614 -0.13454 0.0506293 0.231811 0.143219 0.953059 -0.26677 -0.577001 -0.0123614 0.27125 0.96243 0.177067 0 0 0 1 
5494384560194;0.621903;0.478698;0.984825 -0.135567 0.108354 -0.188408 0.134519 0.990766 0.0169549 -0.668476 -0.109652 -0.00212197 0.993968 1.70741 0 0 0 1 
5494384560195;0.355585;0.499154;0.939185 -0.271585 0.210174 -0.410068 0.279596 0.960077 -0.00880474 -1.10415 -0.199392 0.0670331 0.977624 1.67795 0 0 0 1 
5494384560196;0.150749;0.46048;0.990741 0.0603431 0.121622 -0.0341165 -0.06233 0.997976 0.0125957 0.152318 -0.120615 -0.0200597 0.992497 1.16061 0 0 0 1 
5494384560197;0.514288;0.462194;0.900456 -0.433856 -0.0307751 0.561282 0.4344 0.893523 0.113636 -1.87379 -0.0218034 -0.115693 0.993046 0.87645 0 0 0 1 
5494384560198;0.530599;0.41292;0.979916 0.0225288 0.198132 -0.340272 0.0435928 0.945362 -0.323094 0.0743645 -0.194586 0.325242 0.925394 1.20727 0 0 0 1 
5494384560199;0.148187;0.491397;0.984438 0.104291 0.141443 0.0118083 -0.088199 0.989369 -0.115633 0.581696 -0.151999 0.101358 0.98317 1.26753 0 0 0 1 
5494384560200;0.674054;0.45673;0.991266 -0.0650098 0.114744 -0.616131 0.0583294 0.996453 0.0606506 -0.710334 -0.11828 -0.053428 0.991542 0.643772 0 0 0 1 
5494384560201;0.851959;0.446326;0.926794 -0.20896 0.312073 -0.290589 0.137984 0.962265 0.234536 -0.882123 -0.349305 -0.174305 0.920654 1.10716 0 0 0 1 
5494384560202;0.0584502;0.47666;0.995525 -0.0178102 0.0928038 -0.0963031 0.0164301 0.999743 0.0156149 -0.102721 -0.0930581 -0.0140203 0.995562 0.90077 0 0 0 1 
5494384560203;0.443983;0.45534;0.981344 0.00206403 0.192247 -0.264455 0.0829387 0.897568 -0.433005 0.610809 -0.173448 0.440872 0.880652 1.37969 0 0 0 1 
5494384560204;0.212563;0.432556;0.993357 0.02831 0.111534 -0.0664593 -0.0264751 0.999489 -0.0178984 0.133207 -0.111983 0.0148266 0.993599 0.725321 0 0 0 1 
5494384560205;0.664348;0.447543;0.828555 -0.29038 0.478723 -0.0512083 0.234959 0.956401 0.173469 -1.06019 -0.508223 -0.0312483 0.860658 3.43825 0 0 0 1 
5494384560206;0.578856;0.441461;0.987073 -0.0837569 0.136644 -0.0241883 0.0840214 0.996457 0.00384077 -0.254323 -0.136482 0.00768991 0.990613 1.73372 0 0 0 1 
5494384560207;0.371227;0.448168;0.957166 -0.0725696 0.280297 -0.501543 -0.0086227 0.960507 0.278123 -0.56289 -0.28941 -0.268627 0.918739 1.85644 0 0 0 1 
5494384560208;0.803964;0.457638;0.979049 0.0396151 0.199732 -0.037234 -0.0418925 0.999096 0.00718719 0.286756 -0.199267 -0.0154039 0.979824 2.29334 0 0 0 1 
5494384560209;0.402561;0.465691;0.925579 -0.376963 -0.0346795 0.226995 0.361954 0.908099 -0.210583 -1.13506 0.110874 0.182358 0.976961 0.26712 0 0 0 1 
5494384560210;0.831689;0.432185;0.972915 0.129018 0.191807 -0.200432 -0.0855262 0.971779 -0.219842 1.41103 -0.214758 0.197483 0.956493 0.920706 0 0 0 1 
5494384560211;0.793568;0.46675;0.999165 -0.0263097 0.0312734 0.711508 0.0277253 0.998569 -0.0457282 0.296691 -0.0300256 0.0465571 0.998464 0.282166 0 0 0 1 
5494384560212;0.459124;0.45004;0.993889 -0.00358561 0.110328 0.219091 0.00125679 0.999775 0.0211704 0.102727 -0.110379 -0.0209024 0.99367 1.3798 0 0 0 1 
5494384560213;0.436091;0.478676;0.976042 -0.0335451 -0.21498 0.645312 -0.0104661 0.979662 -0.200382 0.478828 0.217329 0.197832 0.95584 0.0871116 0 0 0 1 
5494384560214;0.701608;0.467271;0.993124 -0.00768418 0.116814 -0.140261 0.00840282 0.999949 -0.00566081 0.724891 -0.116764 0.00660345 0.993138 0.714899 0 0 0 1 
5494384560215;0.568246;0.453973;0.984993 0.0218801 -0.171202 0.980648 0.0202132 0.970482 0.240325 -0.496942 0.171406 -0.240179 0.955476 -0.181979 0 0 0 1 
5494384560217;0.781012;0.208261;0.963013 0.26823 -0.0256702 0.9683 -0.268951 0.962664 -0.0307108 1.28838 0.0164742 0.0364789 0.999199 0.330486 0 0 0 1 
5494384560218;0.673342;0.182731;0.866527 -0.0147904 -0.498912 1.95271 0.0779728 0.9913 0.106038 -0.742919 0.493003 -0.130787 0.860141 -1.96456 0 0 0 1 
5494384560219;0.333437;0.18313;0.957445 -0.268797 -0.105109 0.39491 0.274425 0.960643 0.0430892 -1.69795 0.0893896 -0.0700999 0.993527 -0.400723 0 0 0 1 
5494384560220;0.675306;0.180715;0.957276 -0.0867189 -0.275867 0.841223 0.0646664 0.994013 -0.088072 -0.149979 0.281853 0.0664699 0.957152 -0.799314 0 0 0 1 
5494384560221;0.374554;0.185974;0.87105 0.491145 0.00688808 1.01343 -0.478624 0.851828 -0.212857 3.33139 -0.110411 0.182112 0.977059 0.940574 0 0 0 1 
5494384560222;1.07278;0.192137;0.941017 0.198504 -0.274015 0.543927 -0.245276 0.958045 -0.14829 2.57382 0.233082 0.206752 0.950224 -0.743197 0 0 0 1 
5494384560223;0.406435;0.189056;0.894491 0.447042 -0.00624353 0.731285 -0.44614 0.891603 -0.0774795 2.68329 -0.0290699 0.0720902 0.996974 0.515889 0 0 0 1 
5494384560224;0.20751;0.20127;0.990979 0.00751189 0.133804 -0.27725 -0.00702024 0.999967 -0.00414579 0.0894536 -0.13383 0.00316906 0.990999 0.889963 0 0 0 1 
5494384560225;0.828158;0.162409;0.987444 0.093784 -0.127117 0.316907 -0.0799995 0.99076 0.109524 0.386112 0.136214 -0.0979792 0.985822 0.0798002 0 0 0 1 
5494384560226;0.429538;0.161362;0.866829 0.1487 -0.475916 1.96068 -0.0820208 0.984016 0.158064 0.424132 0.491813 -0.0979799 0.86517 -2.61609 0 0 0 1 
5494384560227;0.623994;0.199398;0.965419 -0.239319 0.103406 -0.357722 0.22333 0.963814 0.145553 -1.16388 -0.134498 -0.117426 0.983932 0.632253 0 0 0 1 
5494384560228;0.349478;0.202526;0.983369 -0.0774955 -0.164258 0.398125 0.108848 0.975451 0.191434 -0.766187 0.145391 -0.20613 0.967663 -0.752215 0 0 0 1 
5494384560229;0.390705;0.206946;0.983734 0.167751 -0.0642469 0.281386 -0.168866 0.985562 -0.0123086 1.33527 0.0612546 0.0229575 0.997858 0.0349592 0 0 0 1 
5494384560230;0.944473;0.184027;0.980318 0.164214 0.109596 -0.708763 -0.16546 0.986214 0.00231545 1.13013 -0.107705 -0.0204037 0.993974 0.209152 0 0 0 1 
5494384560231;0.749473;0.192677;0.951047 -0.135102 0.277951 -0.825381 0.122364 0.990499 0.0627595 -0.668504 -0.283789 -0.0256761 0.958543 1.3604 0 0 0 1 
5494384560232;0.1939;0.166195;0.998595 0.02113 0.0486004 -0.152906 -0.0297505 0.982449 0.184145 -0.208069 -0.0438564 -0.185332 0.981697 0.220982 0 0 0 1 
5494384560233;0.634182;0.219342;0.907944 0.306853 0.285446 -0.0725882 -0.360322 0.919389 0.157771 1.86264 -0.214023 -0.2461 0.945319 0.913125 0 0 0 1 
5494384560234;0.39885;0.159791;0.928145 -0.288589 -0.235081 0.896996 0.294174 0.95568 -0.0117478 -1.67935 0.228052 -0.058251 0.971905 -1.33085 0 0 0 1 
5494384560235;0.0516956;0.154973;0.987288 0.15713 -0.0239097 0.213327 -0.156843 0.987532 0.0134432 0.95128 0.0257239 -0.00952226 0.999624 -0.0917854 0 0 0 1 
5494384560236;0.391323;0.220086;0.99863 -0.0222351 -0.0473708 0.231413 0.0240778 0.998961 0.0386907 0.176042 0.0464613 -0.0397782 0.998128 -0.198262 0 0 0 1 
5494384560237;1.02921;0.159809;0.993911 0.107585 0.023803 0.613787 -0.100896 0.97544 -0.195798 1.3938 -0.0442832 0.192204 0.980355 1.18364 0 0 0 1 
5494384560238;0.757061;0.207966;0.931383 0.352795 -0.0897872 1.01537 -0.351071 0.9357 0.0348497 2.41422 0.0963087 -0.000936769 0.995351 -0.935378 0 0 0 1 
5494384560239;0.288361;0.172158;0.896959 0.361217 0.254926 0.171481 -0.34451 0.932428 -0.109041 2.30443 -0.277088 0.00998092 0.960793 1.8454 0 0 0 1 
5494384560240;0.0978136;0.182557;0.977646 0.149383 -0.147965 0.558869 -0.14759 0.988779 0.0230833 0.900913 0.149753 -0.000729055 0.988723 -0.762257 0 0 0 1 
5494384560241;0.673589;0.179133;0.892032 0.426644 -0.149176 1.11858 -0.444563 0.887756 -0.119384 3.41632 0.0814973 0.172812 0.981577 -0.199015 0 0 0 1 
5494384560242;1.04802;0.166194;0.970179 0.199477 0.137703 -0.292539 -0.182062 0.974746 -0.129318 2.02014 -0.160022 0.100391 0.981995 1.83215 0 0 0 1 
5494384560243;0.111566;0.208971;0.995012 0.0841853 -0.0535191 0.293753 -0.0827141 0.996147 0.0291396 0.496885 0.0557661 -0.0245675 0.998142 -0.298417 0 0 0 1 
5494384560244;1.00468;0.167952;0.990398 -0.138228 0.00202135 0.377032 0.137478 0.98635 0.0906317 -0.892618 -0.0145216 -0.0894836 0.995882 -0.725314 0 0 0 1 
5494384560245;0.648612;0.158782;0.999205 -0.0360074 0.0171227 -0.0513944 0.036417 0.999043 -0.0242418 0.207985 -0.0162335 0.0248461 0.999559 0.701219 0 0 0 1 
5494384560246;0.310363;0.232696;0.994738 0.0918852 0.0453193 0.0438307 -0.0956747 0.991327 0.0900928 0.517192 -0.036648 -0.0939546 0.994902 0.540266 0 0 0 1 
5494384560248;0.548689;0.482526;0.986111 -0.157317 0.0532532 0.0488635 0.152566 0.984726 0.0838911 -2.53573 -0.0656373 -0.0746014 0.995051 1.36322 0 0 0 1 
5494384560249;0.350307;0.389211;0.953143 0.278631 0.117828 0.0798508 -0.261277 0.954518 -0.143633 2.73152 -0.15249 0.106117 0.982592 1.22825 0 0 0 1 
5494384560250;0.482059;0.328582;0.987138 0.0932305 0.129875 0.483145 -0.0858852 0.994432 -0.0610657 -0.0166276 -0.134845 0.0491259 0.989648 1.35249 0 0 0 1 
5494384560251;0.346948;0.392396;0.9345 0.27325 0.22813 -0.0700738 -0.296368 0.952246 0.0734429 2.11064 -0.197168 -0.136243 0.970857 2.46259 0 0 0 1 
5494384560252;0.590914;0.383112;0.94116 -0.148538 -0.303568 1.81114 0.105317 0.982413 -0.154185 -1.89295 0.321131 0.113142 0.940252 -3.21859 0 0 0 1 
5494384560253;0.449485;0.495358;0.934544 0.075024 -0.347848 1.85062 -0.10913 0.990844 -0.0794873 0.968687 0.338699 0.112245 0.934175 -3.38506 0 0 0 1 
5494384560254;0.682288;0.580569;0.966062 -0.250624 0.0625509 1.20218 0.238536 0.958474 0.156296 -3.99873 -0.0991248 -0.136071 0.985728 1.85531 0 0 0 1 
5494384560255;0.468787;0.375522;0.997722 0.0417626 0.0529737 -0.26049 -0.0359448 0.993675 -0.106384 0.209583 -0.0570815 0.104238 0.992913 -0.293426 0 0 0 1 
5494384560256;0.445109;0.34511;0.902634 0.388742 0.184744 -0.0911845 -0.412458 0.903921 0.113163 3.26504 -0.123003 -0.178344 0.97625 0.98442 0 0 0 1 
5494384560257;0.358958;0.506287;0.974805 -0.0182685 0.222309 -0.321643 -0.0136151 0.989909 0.141048 -1.01534 -0.222643 -0.140521 0.96472 2.72093 0 0 0 1 
5494384560258;0.299214;0.52489;0.969003 -0.220106 0.112189 0.492384 0.236453 0.957867 -0.163038 -2.56034 -0.0715767 0.184512 0.98022 0.317935 0 0 0 1 
5494384560259;0.232186;0.427985;0.996171 -0.0850169 0.0203608 0.34596 0.082204 0.990216 0.112756 -1.89482 -0.0297477 -0.110651 0.993414 0.140671 0 0 0 1 
5494384560260;0.561418;0.341247;0.943737 0.309608 0.116204 -0.0844964 -0.319508 0.944291 0.0789245 2.4472 -0.0852946 -0.111612 0.990085 1.77661 0 0 0 1 
5494384560261;0.428236;0.388358;0.860412 0.296813 0.414239 -0.0511129 -0.276257 0.954736 -0.110282 2.45274 -0.428222 -0.0195488 0.903462 4.46774 0 0 0 1 
5494384560262;0.264025;0.368521;0.994997 0.031782 0.0947132 0.296228 -0.016712 0.98764 -0.155847 0.0828522 -0.0984956 0.153484 0.98323 0.454781 0 0 0 1 
5494384560263;0.26212;0.361788;0.994731 0.100133 -0.0219984 0.329671 -0.0985915 0.993159 0.062567 -0.0108544 0.0281129 -0.0600685 0.997798 0.140127 0 0 0 1 
5494384560264;0.617641;0.48252;0.99313 -0.0460333 -0.107577 0.983677 -0.00123319 0.915197 -0.403005 1.10719 0.117006 0.400369 0.908853 -2.06028 0 0 0 1 
