#;prob_registration_l1 -r /home/probabilistic_point_clouds_registration/build/tester /home/point_clouds_registration_benchmark/urban05_local.txt /home/point_clouds_registration_benchmark/urban05 -s 0.2 -t 0.2 -p 0.3 -r 1000 -m 10 -i 40 
id;initial_error;final_error;transformation
34562489690000;0.13992;0.516966;1 -1.15321e-07 7.31278e-07 -0.849811 1.15321e-07 1 2.69808e-08 3.51529 -7.31278e-07 -2.69807e-08 1 -0.101584 0 0 0 1 
34562489690001;0.182436;0.231174;1 -7.14562e-08 4.89112e-07 -0.633287 7.14562e-08 1 4.13866e-08 0.485912 -4.89112e-07 -4.13865e-08 1 -0.306974 0 0 0 1 
34562489690002;0.400034;0.501701;0.999979 6.15043e-07 -0.00651349 10.1214 3.08433e-06 1 0.000567946 -1.90162 0.00651349 -0.000567954 0.999979 -5.41832 0 0 0 1 
34562489690003;0.381518;0.478531;0.999966 1.66788e-06 -0.00822257 10.6519 4.22298e-06 1 0.000716408 -1.8468 0.00822257 -0.000716418 0.999966 -11.0052 0 0 0 1 
34562489690004;0.467995;0.691991;1 -1.06409e-07 4.97633e-07 -0.808242 1.06409e-07 1 5.48276e-08 1.79149 -4.97633e-07 -5.48275e-08 1 -0.396419 0 0 0 1 
34562489690005;0.423309;0.698576;1 -1.38526e-07 8.3044e-07 -1.06752 1.38525e-07 1 7.33143e-08 2.31377 -8.3044e-07 -7.33142e-08 1 -0.536211 0 0 0 1 
34562489690006;0.190415;0.583835;1 -5.22482e-08 1.07034e-06 -0.6179 5.22482e-08 1 2.64036e-09 -4.76448 -1.07034e-06 -2.6403e-09 1 -0.195464 0 0 0 1 
34562489690007;0.167146;0.909077;1 -5.24427e-08 1.32081e-06 0.0741395 5.24427e-08 1 -3.75149e-09 6.95151 -1.32081e-06 3.75156e-09 1 0.343361 0 0 0 1 
34562489690008;0.102809;0.105993;1 -2.06587e-08 9.09801e-08 -0.124547 2.06587e-08 1 7.58159e-09 -0.258802 -9.09801e-08 -7.58159e-09 1 -0.0396231 0 0 0 1 
34562489690009;0.0509686;0.16416;1 -2.60447e-06 -9.94454e-05 20.4778 2.60517e-06 1 6.99667e-06 -3.16192 9.94454e-05 -6.99693e-06 1 -13.5985 0 0 0 1 
34562489690010;0.0869115;0.570778;1 -1.3012e-07 -8.63684e-08 -0.991747 1.3012e-07 1 3.31196e-08 4.56402 8.63684e-08 -3.31196e-08 1 -0.208228 0 0 0 1 
34562489690011;0.0782188;0.248598;0.99999 1.58567e-06 -0.00440963 -6.33675 1.10215e-07 1 0.000384586 1.7862 0.00440963 -0.000384583 0.99999 -3.33856 0 0 0 1 
34562489690012;0.0495854;0.8763;1 -2.20717e-08 1.5594e-07 -0.92386 2.20717e-08 1 5.90926e-09 -7.72906 -1.5594e-07 -5.90926e-09 1 -0.294533 0 0 0 1 
34562489690013;0.0622498;0.098861;1 1.98001e-08 8.99143e-07 -0.535582 -1.98e-08 1 -6.66334e-08 0.660817 -8.99143e-07 6.66334e-08 1 0.122372 0 0 0 1 
34562489690014;0.30978;1.22073;1 -2.51407e-07 -4.44541e-07 -1.17611 2.51407e-07 1 3.88952e-08 8.62969 4.44541e-07 -3.88953e-08 1 -0.0581459 0 0 0 1 
34562489690015;0.264634;0.338333;1 -4.00793e-08 1.29309e-07 -0.345929 4.00793e-08 1 1.08964e-08 -0.817623 -1.29309e-07 -1.08964e-08 1 -0.0851814 0 0 0 1 
34562489690016;0.0384264;0.804443;1 -9.32899e-08 1.83178e-07 -0.497833 9.32899e-08 1 1.90451e-08 7.02632 -1.83178e-07 -1.90451e-08 1 0.0259011 0 0 0 1 
34562489690017;0.317284;0.375537;1 -1.08359e-07 2.7214e-07 -0.962806 1.08359e-07 1 3.48797e-08 -1.62324 -2.7214e-07 -3.48797e-08 1 -0.257852 0 0 0 1 
34562489690018;0.287954;0.95836;1 -1.33765e-07 5.45238e-07 -0.6918 1.33765e-07 1 1.44665e-09 7.28187 -5.45238e-07 -1.44658e-09 1 0.0829307 0 0 0 1 
34562489690019;0.362659;0.509329;0.995882 0.000354283 0.090656 27.407 0.000364449 0.999969 -0.00791144 -5.35581 -0.090656 0.0079119 0.995851 21.1232 0 0 0 1 
34562489690020;0.112961;0.076546;0.999979 1.14143e-06 -0.00649565 5.84518 2.54347e-06 1 0.000567279 -1.25346 0.00649565 -0.000567283 0.999979 0.521276 0 0 0 1 
34562489690021;0.197833;0.278747;1 -1.08143e-08 -3.74716e-07 -0.14754 1.08143e-08 1 -1.49086e-08 -1.66637 3.74716e-07 1.49086e-08 1 0.0940593 0 0 0 1 
34562489690022;0.278308;1.30323;1 -8.11989e-08 1.14513e-06 -1.27466 8.1199e-08 1 -5.42438e-08 -9.87587 -1.14513e-06 5.42439e-08 1 0.196487 0 0 0 1 
34562489690023;0.193536;0.249084;1 -4.23369e-08 -2.29857e-07 -0.366476 4.23369e-08 1 1.45541e-08 0.366036 2.29857e-07 -1.45541e-08 1 -0.0973646 0 0 0 1 
34562489690024;0.347959;0.372851;1 -2.61392e-08 1.34684e-06 -0.283287 2.61391e-08 1 3.75317e-08 -2.1367 -1.34684e-06 -3.75317e-08 1 -0.311106 0 0 0 1 
34562489690025;0.302077;0.740304;0.999849 1.09544e-05 -0.0173711 17.2995 1.53835e-05 0.999999 0.00151605 1.94212 0.0173711 -0.00151609 0.999848 -4.36062 0 0 0 1 
34562489690026;0.218188;0.20613;1 -5.95437e-08 4.35744e-07 -0.520869 5.95436e-08 1 2.93441e-08 0.641598 -4.35744e-07 -2.93441e-08 1 -0.216506 0 0 0 1 
34562489690027;0.18191;0.274796;0.999995 -8.03783e-07 -0.00328061 9.96073 1.74244e-06 1 0.000286119 0.280042 0.00328061 -0.000286123 0.999995 -2.40862 0 0 0 1 
34562489690028;0.340963;0.458014;1 -6.82255e-08 2.73781e-07 -0.638778 6.82255e-08 1 1.34267e-08 -1.55119 -2.73781e-07 -1.34267e-08 1 -0.109964 0 0 0 1 
34562489690029;0.238574;0.226046;0.999943 5.71105e-06 0.0106447 -8.1303 4.17421e-06 1 -0.000928632 -0.533129 -0.0106447 0.000928623 0.999943 5.31177 0 0 0 1 
34562489690031;0.530935;0.679496;1 5.51631e-08 -3.39705e-07 0.460837 -5.51631e-08 1 -2.2403e-08 0.377759 3.39705e-07 2.2403e-08 1 0.178611 0 0 0 1 
34562489690032;0.306555;0.49883;0.990912 0.00079212 0.134506 -8.97755 0.000794162 0.999931 -0.0117393 -0.138749 -0.134506 0.0117394 0.990843 23.3067 0 0 0 1 
34562489690033;0.46032;0.611315;0.999562 4.04597e-05 -0.029582 -13.3997 3.59171e-05 0.999997 0.00258133 1.88874 0.029582 -0.00258126 0.999559 -10.0324 0 0 0 1 
34562489690034;0.385219;1.1729;0.999115 8.59435e-05 -0.0420573 -61.4951 6.84204e-05 0.999993 0.00366887 7.44796 0.0420574 -0.0036685 0.999108 -25.1242 0 0 0 1 
34562489690035;0.341621;0.390328;1 2.73284e-08 2.70525e-07 0.201683 -2.73284e-08 1 -5.43723e-09 -0.284767 -2.70525e-07 5.43722e-09 1 0.0461297 0 0 0 1 
34562489690036;0.158469;0.361563;0.993277 0.000591832 -0.115764 -22.5188 0.000581869 0.999949 0.0101047 1.23881 0.115764 -0.0101041 0.993225 -14.4415 0 0 0 1 
34562489690037;0.364175;0.415181;0.998604 0.000120699 -0.0528169 17.1847 0.000123022 0.999989 0.00461117 -2.36115 0.0528169 -0.00461124 0.998594 2.01635 0 0 0 1 
34562489690038;0.437441;1.3347;0.997661 0.000210294 0.0683615 -55.0288 0.000198122 0.999982 -0.00596752 7.34975 -0.0683616 0.0059671 0.997643 7.24698 0 0 0 1 
34562489690039;0.392147;0.350186;1 1.59145e-08 -1.78239e-07 0.10475 -1.59145e-08 1 -1.67737e-08 -0.402901 1.78239e-07 1.67737e-08 1 0.117334 0 0 0 1 
34562489690040;0.283513;0.35268;0.998781 0.000110702 -0.0493671 -26.5517 0.000102186 0.999991 0.00430979 1.99266 0.0493671 -0.00430958 0.998771 -1.2723 0 0 0 1 
34562489690041;0.287266;0.697599;0.996074 0.000354139 -0.0885245 -77.941 0.000331529 0.99997 0.0077307 7.69425 0.0885246 -0.0077297 0.996044 12.862 0 0 0 1 
34562489690042;0.329992;1.11505;0.998667 0.000122522 0.0516204 -54.0469 0.000110295 0.99999 -0.00450731 6.24234 -0.0516204 0.00450699 0.998657 -4.25406 0 0 0 1 
34562489690043;0.516204;0.911985;1 8.14066e-08 -3.52972e-07 0.673743 -8.14066e-08 1 -3.3908e-09 0.475963 3.52972e-07 3.39083e-09 1 0.0147241 0 0 0 1 
34562489690044;0.236329;0.176694;1 1.32775e-07 -0.000260628 -0.798553 -1.26859e-07 1 2.2697e-05 -0.137344 0.000260628 -2.2697e-05 1 -0.802573 0 0 0 1 
34562489690045;0.316589;0.378535;0.999858 6.495e-06 -0.0168292 49.6893 1.84352e-05 0.999999 0.00148121 -4.87316 0.0168292 -0.00148131 0.999857 97.3321 0 0 0 1 
34562489690046;0.376135;0.270861;0.998986 8.82096e-05 -0.0450295 9.36041 8.88598e-05 0.999992 0.00393029 -1.25967 0.0450294 -0.0039303 0.998978 -6.41465 0 0 0 1 
34562489690047;0.485231;0.466814;0.998259 0.000153832 -0.0589845 -5.76302 0.000149989 0.999987 0.0051464 0.569005 0.0589845 -0.00514629 0.998246 -24.7281 0 0 0 1 
34562489690048;0.199981;0.194886;1 1.51525e-08 -1.07487e-05 0.322569 -1.51443e-08 1 7.63453e-07 -0.0248699 1.07487e-05 -7.63452e-07 1 -1.30286 0 0 0 1 
34562489690049;0.208318;0.215598;1 -4.00035e-09 -2.20311e-07 -0.0316945 4.00035e-09 1 7.47377e-09 -0.136622 2.20311e-07 -7.47377e-09 1 -0.0717621 0 0 0 1 
34562489690050;0.378047;0.818401;0.975204 0.00217796 -0.221298 -73.8474 0.00195412 0.999828 0.0184513 9.46804 0.221301 -0.0184262 0.975032 -7182.9 0 0 0 1 
34562489690051;0.381473;0.63601;1 7.27747e-08 1.91149e-07 0.603634 -7.27747e-08 1 8.51626e-09 0.408204 -1.91149e-07 -8.51628e-09 1 -0.0671317 0 0 0 1 
34562489690052;0.123011;0.671416;0.999672 3.42646e-05 -0.0255929 -39.9676 2.28835e-05 0.999998 0.00223267 3.4574 0.0255929 -0.00223252 0.99967 -13.8924 0 0 0 1 
34562489690053;0.447449;1.23396;1 1.5651e-07 1.37215e-07 1.3695 -1.5651e-07 1 3.48246e-09 1.70193 -1.37215e-07 -3.48248e-09 1 -0.0272404 0 0 0 1 
34562489690054;0.341689;0.440398;1 3.52918e-08 7.42702e-09 0.277866 -3.52918e-08 1 1.99586e-08 -0.0518957 -7.42702e-09 -1.99586e-08 1 -0.14458 0 0 0 1 
34562489690055;0.435439;0.904337;0.999643 3.61118e-05 -0.0267344 -33.8114 2.6256e-05 0.999997 0.00233251 2.99673 0.0267345 -0.00233238 0.99964 -11.7038 0 0 0 1 
34562489690056;0.453077;0.252552;0.968043 0.00279884 -0.250769 -36.9842 0.00278047 0.999756 0.0218918 3.66189 0.250769 -0.0218894 0.967799 -15.6004 0 0 0 1 
34562489690057;0.243925;1.38796;0.999652 3.22231e-05 0.0263915 -17.0508 2.85885e-05 0.999997 -0.00230383 -3.03232 -0.0263915 0.00230378 0.999649 1.59437 0 0 0 1 
34562489690058;0.299623;0.452539;0.992302 0.000674754 0.123843 -38.0738 0.000668761 0.999941 -0.0108067 3.45546 -0.123843 0.0108063 0.992243 41.5135 0 0 0 1 
34562489690059;0.121954;0.227143;0.999985 2.04813e-06 -0.00542732 -4.95018 5.23242e-07 1 0.000473782 0.0850158 0.00542732 -0.000473777 0.999985 -0.753938 0 0 0 1 
34562489690060;0.336224;0.980786;0.999217 7.43286e-05 0.0395745 -50.4278 6.24183e-05 0.999994 -0.00345418 5.23941 -0.0395745 0.00345395 0.999211 7.41461 0 0 0 1 
34562489690062;0.450678;0.310505;0.995407 0.000400524 0.0957331 -8.96406 0.000401449 0.999965 -0.00835777 -0.0884569 -0.0957331 0.00835782 0.995372 12.3936 0 0 0 1 
34562489690063;0.504888;0.593851;1 1.00836e-08 1.63742e-07 0.0515066 -1.00836e-08 1 -2.69911e-09 -0.453082 -1.63742e-07 2.69911e-09 1 0.0378634 0 0 0 1 
34562489690064;0.452148;0.403845;1 -1.71694e-08 1.43634e-08 -0.164091 1.71694e-08 1 -3.7093e-09 -0.286297 -1.43634e-08 3.7093e-09 1 0.00863499 0 0 0 1 
34562489690065;0.324911;0.420244;1 -5.82688e-09 1.40858e-09 -0.0909597 5.82688e-09 1 9.71267e-09 -0.536164 -1.40858e-09 -9.71267e-09 1 -0.0484682 0 0 0 1 
34562489690066;0.34336;0.385618;0.998676 0.000114335 0.0514439 3.25865 0.000116743 0.99999 -0.00448883 -0.637616 -0.0514439 0.00448889 0.998666 25.0139 0 0 0 1 
34562489690067;0.18061;0.245713;0.999984 -6.94137e-07 0.00557853 15.5553 3.41197e-06 1 -0.000487186 -2.01456 -0.00557853 0.000487198 0.999984 -0.518116 0 0 0 1 
34562489690068;0.143206;0.211706;1 1.77595e-08 3.43319e-08 0.10968 -1.77595e-08 1 -4.40679e-09 -0.287903 -3.43319e-08 4.40679e-09 1 0.0330889 0 0 0 1 
34562489690069;0.265071;0.175561;0.999941 6.4248e-06 0.0109049 -11.3847 3.95283e-06 1 -0.00095163 0.277788 -0.0109049 0.000951616 0.99994 3.97106 0 0 0 1 
34562489690070;0.337998;0.405198;1 1.22361e-08 -2.0728e-07 0.0742098 -1.22361e-08 1 2.01491e-08 -0.372704 2.0728e-07 -2.01491e-08 1 -0.163936 0 0 0 1 
34562489690071;0.291767;0.181393;1 2.87296e-08 -5.77578e-06 0.0389259 -2.87275e-08 1 3.62509e-07 -0.640018 5.77578e-06 -3.62508e-07 1 -0.444365 0 0 0 1 
34562489690072;0.432542;0.445292;0.999999 4.80144e-07 0.00123516 -3.18401 -3.47765e-07 1 -0.000107176 0.0800884 -0.00123516 0.000107175 0.999999 5.14378 0 0 0 1 
34562489690073;0.333627;0.350035;0.999556 4.16557e-05 -0.0298004 -18.6631 3.58936e-05 0.999997 0.00260175 1.024 0.0298005 -0.00260166 0.999552 -4.42162 0 0 0 1 
34562489690074;0.333091;1.10802;0.96078 0.00344127 0.27729 -170.546 0.00340716 0.999701 -0.0242121 12.8387 -0.277291 0.0242072 0.960481 49.8596 0 0 0 1 
34562489690075;0.300984;0.534147;0.965986 0.0029721 -0.258579 20.2201 0.00296703 0.999741 0.0225751 -3.1441 0.258579 -0.0225744 0.965726 -31.2993 0 0 0 1 
34562489690076;0.255405;0.550353;0.999464 4.53335e-05 0.0327494 7.31209 4.83543e-05 0.999996 -0.00285995 -1.41405 -0.0327494 0.00285999 0.99946 -2.25618 0 0 0 1 
34562489690077;0.37018;0.348748;0.889453 0.00965976 -0.456925 8.58316 0.00964314 0.999157 0.0398944 -1.74338 0.456925 -0.0398904 0.88861 -48.289 0 0 0 1 
34562489690078;0.123389;0.282454;0.995354 0.000407447 -0.096283 -0.584313 0.000403698 0.999965 0.00840496 -0.698899 0.096283 -0.00840478 0.995319 -19.9893 0 0 0 1 
34562489690079;0.437756;0.542781;1 3.44929e-08 -2.40721e-08 0.22933 -3.44929e-08 1 1.00558e-08 -0.507721 2.40721e-08 -1.00558e-08 1 -0.0678677 0 0 0 1 
34562489690080;0.248888;0.395006;0.998333 0.00014935 -0.0577131 -22.284 0.000141742 0.999987 0.00503964 1.48725 0.0577131 -0.00503942 0.99832 -0.222351 0 0 0 1 
34562489690081;0.238106;0.266698;1 2.80109e-09 2.21693e-07 -0.0262811 -2.80109e-09 1 1.22871e-08 -0.680833 -2.21693e-07 -1.22871e-08 1 -0.0928413 0 0 0 1 
34562489690082;0.176775;0.2633;0.991516 0.000742853 0.129986 -33.9368 0.000738792 0.999935 -0.0113499 2.49919 -0.129986 0.0113496 0.991451 6.50008 0 0 0 1 
34562489690083;0.334152;0.53668;0.999997 5.11749e-06 0.00243984 -39.714 -4.60191e-06 1 -0.000211324 1.26817 -0.00243984 0.000211313 0.999997 14.6607 0 0 0 1 
34562489690084;0.376441;0.377942;1 9.10743e-09 -2.31454e-07 0.0672137 -9.10743e-09 1 3.83013e-09 -0.128284 2.31454e-07 -3.83013e-09 1 -0.0349974 0 0 0 1 
34562489690085;0.162081;0.468113;0.993489 0.000569225 -0.11393 10.6173 0.000567908 0.99995 0.00994824 -1.95529 0.11393 -0.00994817 0.993439 -0.4753 0 0 0 1 
34562489690086;0.435379;0.428148;0.999819 1.45837e-05 0.0190171 6.93719 1.69904e-05 0.999999 -0.00166014 -0.929242 -0.0190171 0.00166016 0.999818 3.8322 0 0 0 1 
34562489690087;0.326485;0.325735;0.99978 2.03556e-05 0.0209724 -12.0364 1.80566e-05 0.999998 -0.00183136 0.495551 -0.0209724 0.00183134 0.999778 -0.140967 0 0 0 1 
34562489690088;0.343468;0.381015;0.999695 2.59186e-05 -0.0246934 9.22118 2.72932e-05 0.999998 0.00215456 -1.18395 0.0246934 -0.00215457 0.999693 -12.9931 0 0 0 1 
34562489690089;0.181879;0.275364;1 7.67463e-09 -8.03597e-08 0.0286035 -7.67463e-09 1 8.28768e-09 -0.333979 8.03597e-08 -8.28768e-09 1 -0.0407297 0 0 0 1 
34562489690090;0.274172;0.510069;0.980636 0.00169464 -0.195831 -3.54845 0.0016867 0.999852 0.0170986 -0.619028 0.195831 -0.0170978 0.980489 -13.5956 0 0 0 1 
34562489690091;0.516972;0.831294;1 6.84331e-06 -0.000834712 -52.8986 -6.78367e-06 1 7.14512e-05 3.70241 0.000834713 -7.14456e-05 1 -12.4285 0 0 0 1 
34562489690093;0.4248;0.45075;1 1.19107e-07 1.32158e-05 -1.58611 -1.1911e-07 1 1.89962e-07 1.28967 -1.32158e-05 -1.89964e-07 1 11.9454 0 0 0 1 
34562489690094;0.0934313;0.123661;0.999463 4.91986e-05 0.0327663 -23.2691 4.44527e-05 0.999996 -0.00285743 2.95423 -0.0327663 0.00285735 0.999459 27.0068 0 0 0 1 
34562489690095;0.144672;0.175067;1 -1.24324e-09 -7.37346e-08 0.0177122 1.24324e-09 1 -2.64272e-08 0.976163 7.37346e-08 2.64272e-08 1 0.228403 0 0 0 1 
34562489690096;0.228702;0.268866;0.999195 6.66591e-05 -0.0401169 34.2034 7.39342e-05 0.999994 0.0035031 -2.85596 0.0401169 -0.00350324 0.999189 4.34737 0 0 0 1 
34562489690097;0.121961;0.214302;0.998252 0.000137615 0.059105 110.267 0.000167513 0.999987 -0.00515749 -10.8568 -0.0591049 0.00515838 0.998238 16.4024 0 0 0 1 
34562489690098;0.286027;0.297903;0.999101 -0.000168338 0.0424001 1979.81 0.000331749 0.999993 -0.00384702 -171.806 -0.0423991 0.00385763 0.999093 -1252.93 0 0 0 1 
34562489690099;0.0245713;0.0251845;1 -3.67816e-08 5.73505e-06 0.149231 3.67839e-08 1 -3.90765e-07 -0.0272018 -5.73505e-06 3.90765e-07 1 0.66003 0 0 0 1 
34562489690100;0.214406;0.212942;1 -2.49341e-08 6.41647e-08 -0.189385 2.49341e-08 1 3.97576e-08 0.619988 -6.41647e-08 -3.97576e-08 1 -0.340875 0 0 0 1 
34562489690101;0.290539;0.319492;1 -3.22392e-08 3.01633e-07 -0.211974 3.22392e-08 1 -7.71344e-09 0.0604457 -3.01633e-07 7.71345e-09 1 0.0476187 0 0 0 1 
34562489690102;0.160438;0.190563;0.998744 0.00037103 -0.0501018 -2096.37 -0.000172396 0.999992 0.00396886 183.296 0.0501029 -0.00395524 0.998736 -3373.72 0 0 0 1 
34562489690103;0.385248;0.429256;1 -2.1495e-08 3.12869e-08 -0.219668 2.14951e-08 1 -3.58446e-08 -0.631159 -3.12869e-08 3.58446e-08 1 0.217378 0 0 0 1 
34562489690104;0.150227;0.225957;0.999702 2.22198e-05 0.0243931 25.8291 2.97212e-05 0.999998 -0.00212897 -3.23162 -0.0243931 0.00212906 0.9997 5.03171 0 0 0 1 
34562489690105;0.212702;0.242214;0.999431 4.59735e-05 0.0337414 24.2827 5.33916e-05 0.999996 -0.00294399 -3.42178 -0.0337414 0.00294412 0.999426 13.4046 0 0 0 1 
34562489690106;0.369761;0.393302;0.999999 -5.06933e-07 0.00129049 4.14008 6.52131e-07 1 -0.000112513 0.217101 -0.00129049 0.000112514 0.999999 1.34464 0 0 0 1 
34562489690107;0.232667;0.213557;1 -2.27424e-08 3.30605e-07 -0.1742 2.27424e-08 1 1.84028e-08 0.315602 -3.30605e-07 -1.84028e-08 1 -0.138539 0 0 0 1 
34562489690108;0.240619;0.283696;1 -2.48205e-08 -1.54728e-08 -0.149197 2.48205e-08 1 1.60717e-08 0.26378 1.54728e-08 -1.60717e-08 1 -0.0990544 0 0 0 1 
34562489690109;0.185949;0.213353;1 -2.69481e-08 -2.52633e-07 -0.145048 2.69481e-08 1 1.56278e-08 0.0606368 2.52633e-07 -1.56278e-08 1 -0.0946516 0 0 0 1 
34562489690110;0.265953;0.271903;0.995128 -0.000890622 -0.0985844 10601.6 0.00173279 0.999963 0.00845734 -918.731 0.0985732 -0.00858697 0.995093 -155.739 0 0 0 1 
34562489690111;0.165425;0.217349;0.999952 5.57016e-06 0.00981021 -12.1074 2.82087e-06 1 -0.000855323 2.28884 -0.00981021 0.000855309 0.999952 9.37224 0 0 0 1 
34562489690112;0.350609;0.353745;0.998981 9.10939e-05 0.0451234 -23.3755 8.65456e-05 0.999992 -0.00393478 3.19672 -0.0451234 0.00393468 0.998974 39.0233 0 0 0 1 
34562489690113;0.399049;0.432261;1 -2.30681e-08 1.03726e-07 -0.15909 2.30681e-08 1 1.64324e-09 0.27283 -1.03726e-07 -1.64324e-09 1 -0.00874025 0 0 0 1 
34562489690114;0.0997142;0.205253;1 2.52133e-09 2.53581e-07 0.0744939 -2.52133e-09 1 1.1595e-08 1.31444 -2.53581e-07 -1.1595e-08 1 -0.0623647 0 0 0 1 
34562489690115;0.280795;0.296925;1 -7.41663e-07 -8.69151e-06 5.66186 7.41662e-07 1 -2.71008e-08 -0.734426 8.69151e-06 2.70944e-08 1 -6.70695 0 0 0 1 
34562489690116;0.37279;0.395959;1 -3.20738e-08 3.14777e-07 -0.20789 3.20738e-08 1 3.95225e-08 0.117257 -3.14777e-07 -3.95225e-08 1 -0.329026 0 0 0 1 
34562489690117;0.26675;0.419787;1 -2.58306e-08 -1.44435e-08 -0.0475954 2.58306e-08 1 1.6237e-08 1.99858 1.44435e-08 -1.6237e-08 1 -0.0117976 0 0 0 1 
34562489690118;0.0989808;0.194095;0.998015 -0.000657676 -0.0629723 6694.27 0.000984583 0.999986 0.00516039 -582.684 0.0629681 -0.00521215 0.998002 -2297.28 0 0 0 1 
34562489690119;0.386067;0.573354;0.999933 3.67506e-07 -0.0115761 43.2503 1.13087e-05 0.999999 0.00100859 -3.35291 0.0115761 -0.00100865 0.999932 -16.5437 0 0 0 1 
34562489690120;0.309421;0.36847;1 9.22127e-09 9.27746e-08 0.143922 -9.22127e-09 1 -1.42497e-08 1.11279 -9.27746e-08 1.42497e-08 1 0.174233 0 0 0 1 
34562489690121;0.382301;0.414568;1 -2.82227e-08 6.01349e-08 -0.16053 2.82227e-08 1 -3.52324e-09 0.531955 -6.01349e-08 3.52324e-09 1 0.0882414 0 0 0 1 
34562489690122;0.179762;0.221362;1 -1.01453e-08 8.89712e-08 -0.12695 1.01453e-08 1 -3.50098e-08 -0.724408 -8.89712e-08 3.50098e-08 1 0.239063 0 0 0 1 
34562489690124;0.346704;0.421588;1 -5.51944e-08 -1.78379e-07 -0.42486 5.51944e-08 1 2.27449e-08 0.174441 1.78379e-07 -2.27449e-08 1 -0.168946 0 0 0 1 
34562489690125;0.12865;0.23922;0.999959 4.09961e-06 -0.00910067 -2.48042 3.12737e-06 1 0.000794101 1.10378 0.00910067 -0.000794096 0.999958 -3.7115 0 0 0 1 
34562489690126;0.441684;0.629304;0.99958 4.06594e-05 0.0289739 -35.8275 3.26342e-05 0.999997 -0.00252917 5.17802 -0.0289739 0.00252905 0.999577 5.71281 0 0 0 1 
34562489690127;0.210546;0.243349;1 1.61298e-08 5.41059e-07 0.115797 -1.61298e-08 1 2.23812e-08 0.517467 -5.41059e-07 -2.23812e-08 1 -0.203801 0 0 0 1 
34562489690128;0.0334274;0.144222;0.999725 1.63115e-05 -0.0234715 65.2646 3.17251e-05 0.999998 0.00204622 -6.71451 0.0234715 -0.0020464 0.999722 -23.1465 0 0 0 1 
34562489690129;0.0803559;0.115602;1 -2.02378e-06 5.21494e-05 15.7726 2.02396e-06 1 -3.52761e-06 -1.01561 -5.21494e-05 3.52772e-06 1 7.59674 0 0 0 1 
34562489690130;0.355847;0.366011;1 -3.42891e-08 7.15592e-09 -0.232962 3.42891e-08 1 2.60559e-08 0.241574 -7.15592e-09 -2.60559e-08 1 -0.224017 0 0 0 1 
34562489690131;0.103607;0.126975;0.999997 4.56086e-06 0.00228382 -34.5383 -4.10926e-06 1 -0.000197744 3.91636 -0.00228382 0.000197734 0.999997 12.8473 0 0 0 1 
34562489690132;0.232394;0.275516;0.999945 1.3538e-06 -0.010466 28.2906 8.20699e-06 1 0.000913468 -1.08506 0.010466 -0.000913504 0.999945 -2.93645 0 0 0 1 
34562489690133;0.372111;0.393743;0.999998 -6.86235e-07 -0.00206573 6.65351 1.05863e-06 1 0.000180273 -0.178688 0.00206573 -0.000180275 0.999998 -1.14216 0 0 0 1 
34562489690134;0.23228;0.258661;0.999997 -1.40035e-06 -0.00250326 13.0071 1.94634e-06 1 0.000218106 -0.680453 0.00250326 -0.000218111 0.999997 -4.07484 0 0 0 1 
34562489690135;0.171644;1.06268;1 -2.18686e-08 -1.04647e-06 0.143562 2.18687e-08 1 1.71422e-08 7.41196 1.04647e-06 -1.71423e-08 1 0.0877909 0 0 0 1 
34562489690136;0.200279;0.210468;1 -4.5284e-08 -3.66923e-08 -0.309088 4.5284e-08 1 1.3936e-08 0.275799 3.66923e-08 -1.3936e-08 1 -0.113914 0 0 0 1 
34562489690137;0.062551;0.120569;0.9987 0.000378813 -0.0509697 -2127.49 -0.000161442 0.999991 0.00426877 185.283 0.0509708 -0.00425499 0.998691 -1570.31 0 0 0 1 
34562489690138;0.126833;0.169679;1 3.01261e-08 -3.06221e-08 0.270633 -3.01261e-08 1 -1.09626e-08 0.789422 3.06221e-08 1.09626e-08 1 0.0972041 0 0 0 1 
34562489690139;0.334771;0.478963;1 1.63534e-08 1.36351e-07 0.200529 -1.63534e-08 1 1.84722e-08 1.32803 -1.36351e-07 -1.84722e-08 1 -0.1028 0 0 0 1 
34562489690140;0.169798;0.221865;1 -3.10214e-08 1.04307e-07 -0.152543 3.10214e-08 1 1.06473e-08 0.8972 -1.04307e-07 -1.06473e-08 1 -0.0829228 0 0 0 1 
34562489690141;0.269667;0.409778;1 2.86176e-08 -2.66442e-07 0.320271 -2.86176e-08 1 2.27937e-08 1.56267 2.66442e-07 -2.27937e-08 1 -0.143071 0 0 0 1 
34562489690142;0.0756236;0.237564;0.999618 -4.53837e-05 -0.027635 636.14 0.000110559 0.999997 0.00235689 -56.5469 0.0276348 -0.00235905 0.999615 -432.541 0 0 0 1 
34562489690143;0.273373;0.397183;0.999981 3.20813e-06 0.00614152 -12.3127 7.63092e-08 1 -0.000534792 2.3769 -0.00614153 0.000534783 0.999981 10.8876 0 0 0 1 
34562489690144;0.115892;0.53104;0.999832 2.34391e-05 0.0183555 -71.6733 5.78479e-06 0.999999 -0.00159205 9.62649 -0.0183555 0.00159189 0.99983 85.5538 0 0 0 1 
34562489690145;0.160443;0.194772;0.999565 5.55233e-05 0.0294795 -145.391 2.46552e-05 0.999996 -0.00271943 11.6202 -0.0294796 0.00271898 0.999562 -1168.48 0 0 0 1 
34562489690146;0.0878609;1.31666;1 3.55104e-08 5.56113e-07 0.887223 -3.55104e-08 1 -1.15486e-08 9.82203 -5.56113e-07 1.15485e-08 1 0.369143 0 0 0 1 
34562489690147;0.0902058;0.258557;0.998603 -0.000249256 -0.0528417 2993.47 0.000498 0.999989 0.00469422 -259.453 0.0528399 -0.00471398 0.998592 808.827 0 0 0 1 
34562489690148;0.253989;0.348613;1 1.06836e-08 -2.0111e-07 0.158852 -1.06836e-08 1 1.03984e-09 1.17465 2.0111e-07 -1.03984e-09 1 0.0376377 0 0 0 1 
34562489690149;0.415878;0.412379;1 -2.0063e-08 1.547e-07 -0.147749 2.0063e-08 1 2.91374e-08 -0.0030801 -1.547e-07 -2.91374e-08 1 -0.258743 0 0 0 1 
34562489690150;0.323952;0.368268;1 -4.87014e-08 -1.57905e-07 -0.374921 4.87014e-08 1 1.54186e-08 0.0593153 1.57905e-07 -1.54186e-08 1 -0.118532 0 0 0 1 
34562489690151;0.0908205;0.195548;1 2.3357e-08 2.24896e-08 0.191415 -2.3357e-08 1 -1.58516e-10 0.829637 -2.24896e-08 1.58515e-10 1 0.00447282 0 0 0 1 
34562489690152;0.416208;0.416832;0.997883 0.000183465 -0.0650386 20.1642 0.000186025 0.999984 0.00567499 -1.12851 0.0650386 -0.00567507 0.997867 -26.2844 0 0 0 1 
34562489690153;0.0988573;0.128203;0.999917 1.04206e-05 -0.0128723 -23.3056 3.99369e-06 0.999999 0.00111976 0.654615 0.0128723 -0.00111972 0.999917 -32.9577 0 0 0 1 
34562489690155;0.259195;0.422412;0.99976 2.02597e-05 -0.0218977 8.56956 2.16226e-05 0.999998 0.0019124 0.603622 0.0218977 -0.00191242 0.999758 3.87082 0 0 0 1 
34562489690156;0.172496;0.179049;1 -1.60338e-08 8.745e-08 -0.0633134 1.60338e-08 1 3.605e-08 0.441552 -8.745e-08 -3.605e-08 1 -0.321514 0 0 0 1 
34562489690157;0.159263;0.438936;0.99992 1.22763e-05 0.0126167 -42.2507 1.59062e-06 0.999999 -0.00109908 3.85487 -0.0126167 0.00109901 0.99992 19.8353 0 0 0 1 
34562489690158;0.105511;0.214416;0.99998 4.81983e-06 0.00636582 -24.0967 -1.28954e-06 1 -0.000554574 1.75246 -0.00636582 0.000554554 0.99998 9.60136 0 0 0 1 
34562489690159;0.266866;0.326774;1 -6.26595e-09 3.19162e-07 0.0168103 6.26594e-09 1 3.9026e-08 0.994658 -3.19162e-07 -3.9026e-08 1 -0.290554 0 0 0 1 
34562489690160;0.0473697;0.112705;1 3.66632e-08 6.04827e-07 0.310822 -3.66632e-08 1 1.06077e-08 0.198836 -6.04827e-07 -1.06077e-08 1 -0.10625 0 0 0 1 
34562489690161;0.216211;0.237596;1 -1.87902e-08 3.28628e-07 0.220832 1.87902e-08 1 -4.87092e-08 0.3629 -3.28628e-07 4.87092e-08 1 -0.0678117 0 0 0 1 
34562489690162;0.156911;0.278078;0.999931 9.04747e-06 0.0117177 -24.6041 2.92972e-06 0.999999 -0.00102213 2.78081 -0.0117177 0.00102209 0.999931 7.15603 0 0 0 1 
34562489690163;0.149607;0.116149;1 3.10117e-08 6.00525e-07 0.363214 -3.10117e-08 1 1.25188e-08 0.407594 -6.00525e-07 -1.25188e-08 1 -0.156038 0 0 0 1 
34562489690164;0.334807;0.412818;1 3.57942e-08 4.20163e-07 0.262099 -3.57942e-08 1 -2.05285e-08 -0.235685 -4.20163e-07 2.05285e-08 1 0.118632 0 0 0 1 
34562489690165;0.385816;0.473664;0.999992 1.35465e-06 0.00402288 -5.25694 5.72472e-08 1 -0.000350966 1.42037 -0.00402288 0.000350963 0.999992 2.0724 0 0 0 1 
34562489690166;0.333068;0.394536;0.999962 5.74107e-06 0.00876805 -19.228 9.54329e-07 1 -0.000763609 1.96103 -0.00876805 0.000763588 0.999961 14.9961 0 0 0 1 
34562489690167;0.363242;0.419493;1 1.66434e-08 3.46512e-07 0.212817 -1.66434e-08 1 2.70973e-08 0.52746 -3.46512e-07 -2.70973e-08 1 -0.218143 0 0 0 1 
34562489690168;0.405801;0.3031;0.999869 1.13396e-05 -0.0162149 3.51143 1.16079e-05 0.999999 0.00141512 0.563672 0.0162149 -0.00141512 0.999868 -5.82651 0 0 0 1 
34562489690169;0.233383;0.407058;1 -2.50349e-08 1.4591e-07 -0.0148435 2.50349e-08 1 5.73725e-08 1.64113 -1.4591e-07 -5.73725e-08 1 -0.443442 0 0 0 1 
34562489690170;0.111556;0.141816;1 2.19735e-08 3.53305e-07 0.277707 -2.19735e-08 1 1.40053e-08 0.506217 -3.53305e-07 -1.40053e-08 1 -0.154398 0 0 0 1 
34562489690171;0.0960451;0.245123;0.999908 8.20402e-06 -0.0135909 1.08513 7.93055e-06 0.999999 0.0011871 1.40179 0.0135909 -0.0011871 0.999907 3.0182 0 0 0 1 
34562489690172;0.321124;0.396115;1 1.06035e-07 1.17846e-06 0.865943 -1.06035e-07 1 2.83815e-08 0.379167 -1.17846e-06 -2.83816e-08 1 -0.274954 0 0 0 1 
34562489690173;0.268086;0.27394;0.99977 1.83861e-05 0.0214498 10.8976 2.17677e-05 0.999998 -0.00187175 -0.563196 -0.0214498 0.00187179 0.999768 8.35376 0 0 0 1 
34562489690174;0.189053;0.247732;1 1.78036e-08 4.09126e-07 0.21134 -1.78036e-08 1 -7.39364e-10 0.354708 -4.09126e-07 7.39357e-10 1 -0.0280522 0 0 0 1 
34562489690175;0.133957;0.255216;1 8.76254e-08 4.59972e-07 0.675874 -8.76254e-08 1 -9.21878e-09 0.105037 -4.59972e-07 9.21874e-09 1 0.0422614 0 0 0 1 
34562489690176;0.144022;0.362317;0.999978 4.63216e-06 0.00668037 -20.8992 -7.41658e-07 1 -0.00058238 0.741795 -0.00668038 0.000582362 0.999978 6.94709 0 0 0 1 
34562489690177;0.320514;0.377508;1 1.79034e-08 1.52832e-07 0.225233 -1.79034e-08 1 1.12382e-09 0.575311 -1.52832e-07 -1.12383e-09 1 -0.0146621 0 0 0 1 
34562489690178;0.353901;0.559573;0.995976 0.000347826 -0.0896189 40.5004 0.000354506 0.999969 0.00782084 -1.31102 0.0896189 -0.00782114 0.995945 -26.9933 0 0 0 1 
34562489690179;0.0142393;0.0630063;1 1.9042e-08 1.66575e-07 0.198896 -1.9042e-08 1 1.24874e-09 0.0734798 -1.66575e-07 -1.24874e-09 1 -0.0263018 0 0 0 1 
34562489690180;0.106434;0.130158;1 -6.85954e-09 -4.46358e-08 -0.0502632 6.85954e-09 1 1.94885e-08 0.101268 4.46358e-08 -1.94885e-08 1 -0.160307 0 0 0 1 
34562489690181;0.139987;0.141871;0.999995 -4.516e-07 0.00302681 6.52491 1.25096e-06 1 -0.000264093 -0.362092 -0.00302681 0.000264095 0.999995 1.51648 0 0 0 1 
34562489690182;0.247912;0.368652;0.999471 4.44186e-05 -0.03253 18.7666 4.80101e-05 0.999996 0.00284055 -0.533115 0.03253 -0.00284061 0.999467 2.91355 0 0 0 1 
34562489690183;0.115667;0.254259;1 2.5697e-08 6.12522e-07 0.282227 -2.5697e-08 1 3.87538e-08 1.09764 -6.12522e-07 -3.87538e-08 1 -0.267717 0 0 0 1 
34562489690184;0.228068;0.264954;1 2.68176e-08 4.09767e-07 0.266283 -2.68176e-08 1 -9.18157e-09 0.197654 -4.09767e-07 9.18155e-09 1 0.0286555 0 0 0 1 
34562489690186;0.0711037;0.155524;1 3.45235e-08 2.23916e-07 0.104608 -3.45236e-08 1 1.48454e-08 -1.30796 -2.23916e-07 -1.48454e-08 1 -0.177215 0 0 0 1 
34562489690187;0.0441165;0.0482245;0.99986 1.11918e-05 0.0167405 5.86398 1.32807e-05 0.999999 -0.00146177 -0.717826 -0.0167405 0.00146178 0.999859 -2.98089 0 0 0 1 
34562489690188;0.231973;0.232803;0.999797 1.64722e-05 -0.0201546 13.0316 1.89851e-05 0.999998 0.00175907 -0.356187 0.0201546 -0.0017591 0.999795 -3.97457 0 0 0 1 
34562489690189;0.393005;0.520279;0.999362 4.93939e-05 -0.0357227 54.9926 6.20111e-05 0.999995 0.00311749 -1.20419 0.0357227 -0.00311771 0.999357 -7.84565 0 0 0 1 
34562489690190;0.219538;0.443158;0.9998 1.33758e-05 -0.0200125 35.2373 2.16004e-05 0.999998 0.0017475 1.60105 0.0200125 -0.00174758 0.999798 1.88624 0 0 0 1 
34562489690191;0.389147;0.929795;1 1.79639e-07 1.13478e-07 0.9003 -1.79639e-07 1 -6.28003e-08 -8.73596 -1.13478e-07 6.28003e-08 1 0.227586 0 0 0 1 
34562489690192;0.192134;0.265222;1 4.1577e-08 2.71839e-07 0.131698 -4.1577e-08 1 -3.28458e-09 -1.61597 -2.71839e-07 3.28457e-09 1 -0.0493861 0 0 0 1 
34562489690193;0.281462;0.278413;1 -2.3391e-08 4.5918e-07 -0.11721 2.3391e-08 1 6.29517e-08 0.113344 -4.5918e-07 -6.29517e-08 1 -0.498055 0 0 0 1 
34562489690194;0.204314;0.203402;0.999388 4.8209e-05 0.0349761 36.5457 5.85815e-05 0.999995 -0.00305221 -4.08367 -0.0349761 0.00305239 0.999383 8.68093 0 0 0 1 
34562489690195;0.157469;0.481489;0.999865 1.28186e-05 -0.0164413 -6.36814 1.07738e-05 0.999999 0.00143486 5.81944 0.0164413 -0.00143484 0.999864 -5.23698 0 0 0 1 
34562489690196;0.0529904;0.0483819;0.99992 -0.000268541 -0.01263 2218.54 0.000284982 0.999999 0.00129991 -192.672 0.0126296 -0.00130341 0.999919 1614.92 0 0 0 1 
34562489690197;0.438295;1.08423;1 1.78616e-07 8.99829e-08 0.388592 -1.78616e-07 1 -2.03384e-08 -11.0061 -8.99829e-08 2.03384e-08 1 -0.218988 0 0 0 1 
34562489690198;0.0525853;0.0410098;0.999985 1.77353e-06 -0.00551134 -2.38387 8.75554e-07 1 0.000480657 1.21912 0.00551134 -0.000480655 0.999985 -4.20084 0 0 0 1 
34562489690199;0.186435;0.811574;1 -8.42772e-08 2.04619e-07 -0.0424102 8.42772e-08 1 4.49701e-08 9.24624 -2.04619e-07 -4.49701e-08 1 -0.0997662 0 0 0 1 
34562489690200;0.246291;0.227473;1 1.72477e-07 -5.77277e-05 -1.20219 -1.72197e-07 1 4.85512e-06 0.424038 5.77277e-05 -4.85511e-06 1 -1.30641 0 0 0 1 
34562489690201;0.100046;0.520367;1 6.99222e-08 2.57659e-07 0.273049 -6.99222e-08 1 -1.45269e-08 -6.5401 -2.57659e-07 1.45269e-08 1 -0.0540382 0 0 0 1 
34562489690202;0.155088;0.156726;1 1.45638e-08 1.58056e-07 0.0907613 -1.45638e-08 1 1.25643e-08 0.295921 -1.58056e-07 -1.25643e-08 1 -0.0913144 0 0 0 1 
34562489690203;0.0877176;0.0749993;1 1.23006e-06 4.90009e-05 -9.51764 -1.22985e-06 1 -4.26033e-06 1.97214 -4.90009e-05 4.26027e-06 1 0.713712 0 0 0 1 
34562489690204;0.244178;0.309264;0.999819 1.6874e-05 0.019028 -11.2053 1.47283e-05 0.999999 -0.00166069 -0.981301 -0.019028 0.00166067 0.999818 5.02876 0 0 0 1 
34562489690205;0.481854;0.433662;0.999714 2.68343e-05 -0.0239314 -10.8699 2.31502e-05 0.999998 0.00208838 1.11288 0.0239314 -0.00208834 0.999711 -8.74376 0 0 0 1 
34562489690206;0.097924;0.180137;0.999022 7.31499e-05 0.0442197 91.6227 9.81183e-05 0.999993 -0.00387094 -10.0126 -0.0442197 0.00387149 0.999014 -89.5225 0 0 0 1 
34562489690207;0.417969;0.460463;0.999878 8.35582e-06 -0.0155915 19.5204 1.28708e-05 0.999999 0.00136132 0.315719 0.0155915 -0.00136136 0.999878 0.249606 0 0 0 1 
34562489690208;0.41666;0.408804;1 2.68531e-08 2.09969e-08 0.120002 -2.68531e-08 1 1.70121e-08 -0.606515 -2.09969e-08 -1.70121e-08 1 -0.143568 0 0 0 1 
34562489690209;0.102897;0.0712641;0.99992 0.000167814 -0.012665 -1291.65 -0.000153738 0.999999 0.00111241 113.275 0.0126652 -0.00111038 0.999919 36.8905 0 0 0 1 
34562489690210;0.0465566;0.187804;0.999986 3.46639e-06 0.00533918 -18.2399 -9.76861e-07 1 -0.000466277 -0.428048 -0.00533918 0.000466265 0.999986 -2.10284 0 0 0 1 
34562489690211;0.156365;0.692699;1 1.53992e-07 -2.00389e-07 0.173441 -1.53992e-07 1 -1.17452e-08 -8.80918 2.00389e-07 1.17452e-08 1 -0.134395 0 0 0 1 
34562489690212;0.249667;0.280065;1 2.92969e-08 1.80185e-07 0.127284 -2.92969e-08 1 -3.09714e-09 -0.789138 -1.80185e-07 3.09714e-09 1 -0.0042183 0 0 0 1 
34562489690213;0.302086;0.322036;1 2.38865e-08 7.4854e-08 0.0689963 -2.38865e-08 1 -1.37848e-08 -0.943811 -7.4854e-08 1.37848e-08 1 0.0792371 0 0 0 1 
34562489690214;0.0408606;0.0644545;1 1.59433e-09 1.41901e-07 0.114815 -1.59433e-09 1 2.08808e-08 0.60383 -1.41901e-07 -2.08808e-08 1 -0.157029 0 0 0 1 
34562489690215;0.322976;0.810921;1 -1.23937e-07 7.61247e-07 -0.170589 1.23937e-07 1 -4.2503e-09 8.73891 -7.61247e-07 4.2504e-09 1 0.166562 0 0 0 1 
34562489690217;0.345856;0.160684;1 -6.10993e-08 7.50571e-06 -0.251814 6.11038e-08 1 -6.08304e-07 0.356373 -7.50571e-06 6.08305e-07 1 0.848945 0 0 0 1 
34562489690218;0.369096;0.246769;1 -2.11476e-08 -1.34124e-07 -0.22438 2.11476e-08 1 -1.17617e-09 -0.561817 1.34124e-07 1.17617e-09 1 -0.00774167 0 0 0 1 
34562489690219;0.344434;0.626811;0.999246 6.09993e-05 -0.0388132 43.065 7.05684e-05 0.999994 0.00338839 -3.03502 0.0388131 -0.00338858 0.999241 -2.66877 0 0 0 1 
34562489690220;0.281678;0.326484;1 2.07751e-08 -4.11354e-07 0.155562 -2.07751e-08 1 -6.97214e-10 -0.140479 4.11354e-07 6.97222e-10 1 -0.00485994 0 0 0 1 
34562489690221;0.2479;0.418116;1 -3.20391e-08 1.63721e-07 -0.290068 3.20391e-08 1 3.00189e-08 -0.22645 -1.63721e-07 -3.00189e-08 1 -0.214162 0 0 0 1 
34562489690222;0.309448;0.453377;0.999366 -5.54689e-05 -0.0356113 895.837 0.000173125 0.999995 0.00330082 -77.5744 0.035611 -0.00330489 0.99936 1572.4 0 0 0 1 
34562489690223;0.503992;0.59789;0.977546 0.00195448 -0.210714 76.9604 0.00196584 0.999829 0.0183939 -7.35772 0.210714 -0.0183951 0.977375 -24.0205 0 0 0 1 
34562489690224;0.505738;0.328363;0.998131 0.000160205 -0.0611061 31.6182 0.000165968 0.999986 0.0053327 -2.94572 0.0611061 -0.00533287 0.998117 -21.2515 0 0 0 1 
34562489690225;0.255572;0.319067;1 -1.57884e-08 2.50383e-07 -0.157717 1.57884e-08 1 -6.06767e-09 -0.256242 -2.50383e-07 6.06767e-09 1 0.0431123 0 0 0 1 
34562489690226;0.59187;0.766646;0.98724 0.0011327 -0.159236 -127.834 0.0011182 0.999901 0.0140454 10.3114 0.159236 -0.0140442 0.987141 1133.14 0 0 0 1 
34562489690227;0.535961;0.524329;0.996057 0.000611013 -0.0887105 -2134.64 0.000122118 0.999966 0.00825865 187.054 0.0887125 -0.00823692 0.996023 3950.27 0 0 0 1 
34562489690228;0.492348;0.893803;0.989225 0.000935668 -0.1464 60.4418 0.000945782 0.999918 0.0127813 -5.33364 0.1464 -0.012782 0.989143 -5.9465 0 0 0 1 
34562489690229;0.377629;0.311075;0.999398 8.65405e-05 -0.0347068 -268.378 1.60754e-05 0.999996 0.00295636 23.026 0.0347069 -0.00295514 0.999393 -605.298 0 0 0 1 
34562489690230;0.309344;0.966971;0.990976 0.000776502 -0.134034 109.095 0.000799017 0.999931 0.0117004 -7.73955 0.134034 -0.0117019 0.990908 -8.57073 0 0 0 1 
34562489690231;0.422227;0.629169;0.999616 2.75576e-05 0.0277252 43.5374 3.95325e-05 0.999997 -0.00241927 -3.61712 -0.0277252 0.00241944 0.999613 11.8568 0 0 0 1 
34562489690232;0.215127;0.36352;1 -3.20181e-08 3.59111e-07 -0.244515 3.20181e-08 1 1.44365e-08 0.0811765 -3.59111e-07 -1.44365e-08 1 -0.0962264 0 0 0 1 
34562489690233;0.420689;0.498836;1 -3.84214e-08 1.17437e-07 -0.258716 3.84214e-08 1 1.58371e-08 0.518368 -1.17437e-07 -1.58371e-08 1 -0.122354 0 0 0 1 
34562489690234;0.244511;0.37602;1 -4.43335e-08 1.37736e-07 -0.32074 4.43335e-08 1 2.04963e-08 0.280694 -1.37736e-07 -2.04963e-08 1 -0.137664 0 0 0 1 
34562489690235;0.305129;0.229634;1 -1.69462e-07 0.000230636 0.896654 1.74097e-07 1 -2.00962e-05 0.0202964 -0.000230636 2.00962e-05 1 0.924576 0 0 0 1 
34562489690236;0.196522;0.663892;0.994881 0.000435009 0.10105 80.5293 0.000458202 0.999961 -0.00881588 -6.33829 -0.10105 0.00881706 0.994842 49.8617 0 0 0 1 
34562489690237;0.236663;0.363551;0.999999 -6.56975e-07 -0.00117849 5.34565 7.78002e-07 1 0.000102697 -0.565759 0.00117849 -0.000102698 0.999999 -1.71801 0 0 0 1 
34562489690238;0.36003;0.454685;0.999971 1.0523e-06 0.00763616 10.2299 4.03349e-06 1 -0.000665998 -0.974069 -0.00763616 0.000666009 0.999971 5.46243 0 0 0 1 
34562489690239;0.243492;0.283205;1 -4.98599e-07 -8.33898e-05 3.1716 4.99126e-07 1 6.31882e-06 -0.923977 8.33898e-05 -6.31886e-06 1 -7.23848 0 0 0 1 
34562489690240;0.35283;0.239973;0.999999 -4.29311e-07 -0.00144161 3.93859 6.10102e-07 1 0.000125409 -1.1671 0.00144161 -0.00012541 0.999999 -4.09325 0 0 0 1 
34562489690241;0.379757;1.00631;0.967278 0.00284 0.253705 100.659 0.00287335 0.999751 -0.0221463 -9.74885 -0.253704 0.0221506 0.967028 17.1275 0 0 0 1 
34562489690242;0.378853;0.412712;0.999956 2.17647e-06 0.00934837 11.3529 5.45509e-06 1 -0.000816326 -0.992943 -0.00934837 0.000816342 0.999956 -0.378974 0 0 0 1 
34562489690243;0.301434;0.470425;1 -4.15798e-08 -1.19786e-07 -0.303846 4.15797e-08 1 -6.16659e-09 0.288364 1.19786e-07 6.16658e-09 1 0.029435 0 0 0 1 
34562489690244;0.500189;0.659594;1 -1.87773e-08 -3.80998e-07 -0.116146 1.87773e-08 1 -3.78167e-09 0.345413 3.80998e-07 3.78166e-09 1 0.0287559 0 0 0 1 
34562489690245;0.271456;0.268224;0.999896 1.07187e-05 0.0144279 -15.6448 7.42878e-06 0.999999 -0.00125775 1.30633 -0.0144279 0.00125773 0.999895 16.8145 0 0 0 1 
34562489690246;0.262584;0.37456;1 -3.70811e-08 -4.99138e-08 -0.268609 3.70811e-08 1 1.3899e-08 0.26245 4.99138e-08 -1.3899e-08 1 -0.094215 0 0 0 1 
34562489690248;0.122472;0.160244;0.998136 -5.00231e-05 0.0610302 1703.84 0.000374286 0.999986 -0.00530174 -148.295 -0.0610291 0.0053147 0.998122 115.01 0 0 0 1 
34562489690249;0.236877;0.408184;0.998162 0.000162655 -0.0606022 -8.29918 0.000158189 0.999986 0.00528944 2.65265 0.0606022 -0.0052893 0.998148 -18.8817 0 0 0 1 
34562489690250;0.361013;0.424414;0.99998 3.54386e-06 0.00630186 -14.3087 -8.45382e-08 1 -0.000548937 0.461502 -0.00630186 0.000548926 0.99998 10.3399 0 0 0 1 
34562489690251;0.0844088;0.124109;0.999549 4.02569e-05 -0.0300272 -2.41568 3.8445e-05 0.999997 0.00262044 0.525569 0.0300272 -0.00262041 0.999546 -11.6219 0 0 0 1 
34562489690252;0.195046;0.302216;1 -3.79104e-07 -4.95726e-05 3.52715 3.79323e-07 1 4.41999e-06 0.633022 4.95726e-05 -4.42001e-06 1 0.70286 0 0 0 1 
34562489690253;0.120903;0.161731;0.995479 -8.50249e-06 0.0949778 3231.46 0.000814327 0.999964 -0.00844559 -281.849 -0.0949743 0.00848475 0.995444 -1543.12 0 0 0 1 
34562489690254;0.246774;0.316124;1 -1.41265e-06 -2.99564e-05 12.5689 1.41266e-06 1 6.35781e-07 -1.69522 2.99564e-05 -6.35823e-07 1 -15.4087 0 0 0 1 
34562489690255;0.134202;0.145816;0.999892 -0.000190699 0.0146654 1608.04 0.000209955 0.999999 -0.00131154 -140.719 -0.0146652 0.00131448 0.999892 -273.758 0 0 0 1 
34562489690256;0.130561;0.16371;0.999266 -0.000289519 0.0383128 2841.12 0.000417533 0.999994 -0.00333332 -246.811 -0.0383116 0.00334687 0.99926 -12.4975 0 0 0 1 
34562489690257;0.163799;0.177188;0.999734 2.78881e-05 -0.0230555 -34.1957 1.84974e-05 0.999998 0.00201168 3.43409 0.0230555 -0.00201158 0.999732 -13.1909 0 0 0 1 
34562489690258;0.294851;0.334517;0.999953 4.23977e-06 -0.0097316 0.613813 4.00789e-06 1 0.000847494 -0.721838 0.0097316 -0.000847493 0.999952 -17.09 0 0 0 1 
34562489690259;0.334686;0.823586;1 1.92706e-07 6.8438e-08 1.30008 -1.92706e-07 1 -3.41402e-08 -4.40503 -6.84381e-08 3.41402e-08 1 0.153024 0 0 0 1 
34562489690260;0.32082;0.556017;0.999969 3.06598e-06 -0.0079021 -0.938341 2.38411e-06 1 0.000689692 2.66294 0.0079021 -0.000689689 0.999969 -2.71079 0 0 0 1 
34562489690261;0.124973;0.205779;0.990308 0.00135342 0.138882 -4100.52 0.000316233 0.999928 -0.0119993 357.948 -0.138889 0.0119269 0.990236 1614.03 0 0 0 1 
34562489690262;0.295299;0.365782;1 3.09535e-08 2.50327e-07 0.320247 -3.09535e-08 1 -1.91602e-08 0.383224 -2.50327e-07 1.91602e-08 1 0.178591 0 0 0 1 
