#;prob_registration_l1 -r ../../../../build/tester /home/point_clouds_registration_benchmark/wood_summer_local.txt /home/point_clouds_registration_benchmark/wood_summer -s 0.2 -t 0.2 -p 0.3 -r 1000 -m 10 -i 40 
id;initial_error;final_error;transformation
2318808360000;0.0774618;0.0389378;0.997954 0.0392147 0.0504893 -0.481289 -0.039551 0.999201 0.00567939 0.415951 -0.0502263 -0.00766468 0.998708 0.445661 0 0 0 1 
2318808360001;0.306883;0.0517866;0.997522 0.069187 -0.0127832 -0.193222 -0.0692454 0.997591 -0.0041864 0.569083 0.0124627 0.0050612 0.99991 -0.305621 0 0 0 1 
2318808360002;0.495258;0.0485985;0.916037 -0.386235 -0.108159 4.75032 0.385701 0.922238 -0.0266587 -1.77912 0.110045 -0.0172968 0.993776 -0.101944 0 0 0 1 
2318808360003;0.524546;0.0547224;0.910667 -0.40994 -0.0513274 4.41368 0.412823 0.898042 0.151979 -2.70229 -0.0162082 -0.159592 0.98705 1.34634 0 0 0 1 
2318808360004;0.20511;0.0447934;0.997363 -0.0688788 0.0228598 0.627135 0.0686062 0.997565 0.012502 -0.560853 -0.0236653 -0.0109007 0.999661 -0.125618 0 0 0 1 
2318808360005;0.440296;0.0560353;0.984015 0.0650105 -0.165798 -0.10846 -0.0155797 0.958845 0.283504 0.125562 0.177405 -0.276389 0.94453 0.876641 0 0 0 1 
2318808360006;0.169359;0.0438684;0.995792 -0.0885064 0.0237768 1.01955 0.088801 0.995981 -0.0116349 -0.467998 -0.0226515 0.0136973 0.99965 0.152433 0 0 0 1 
2318808360007;0.299345;0.0450931;0.9268 -0.369952 0.0646359 4.26955 0.368394 0.929011 0.035007 -2.28415 -0.0729983 -0.00863301 0.997295 0.577556 0 0 0 1 
2318808360008;0.34518;0.0384417;0.928729 0.271177 0.252835 -2.45022 -0.304461 0.946973 0.102693 2.91271 -0.21158 -0.172353 0.962044 3.8258 0 0 0 1 
2318808360009;0.553788;0.346651;0.996308 0.080072 0.0309719 -0.701179 -0.0799946 0.996788 -0.00373245 0.108289 -0.0311713 0.00124108 0.999513 0.482447 0 0 0 1 
2318808360010;0.296129;0.0371251;0.991517 -0.129959 -0.00226903 1.23926 0.129915 0.99033 0.0486687 -1.28472 -0.00407784 -0.0485506 0.998812 0.0825273 0 0 0 1 
2318808360011;0.267088;0.041603;0.973502 -0.194081 0.120944 2.13612 0.179966 0.976516 0.118447 -1.25954 -0.141092 -0.0935423 0.985567 2.41373 0 0 0 1 
2318808360012;0.117207;0.0477273;0.996704 -0.00669997 -0.080844 0.0541361 0.0111708 0.998425 0.0549774 -0.232774 0.0803483 -0.0556993 0.995209 -0.223017 0 0 0 1 
2318808360013;0.297157;0.037397;0.996368 -0.0558483 0.0642795 0.00313828 0.0577561 0.997932 -0.0282124 -0.660075 -0.0625709 0.0318225 0.997533 0.0168138 0 0 0 1 
2318808360014;0.320442;0.0484991;0.999977 -0.00134739 0.00657954 -0.0157198 0.00133434 0.999997 0.00198683 0.0213011 -0.0065822 -0.00197801 0.999976 -0.591902 0 0 0 1 
2318808360015;0.329054;0.0406557;0.964899 0.23292 -0.121317 -2.08236 -0.244801 0.964971 -0.094359 2.38148 0.0950893 0.120745 0.988119 -2.46095 0 0 0 1 
2318808360016;0.335073;0.0390267;0.999498 0.0316795 0.000851215 -0.283928 -0.0316861 0.999453 0.00943382 -0.0761687 -0.000551892 -0.00945605 0.999955 -0.485187 0 0 0 1 
2318808360017;0.483715;0.0337174;0.974035 0.221659 -0.0460754 -2.51309 -0.221532 0.975121 0.00792007 1.71994 0.0466847 0.00249275 0.998907 0.305557 0 0 0 1 
2318808360018;0.313611;0.0438368;0.906214 -0.411311 -0.0979829 5.00554 0.403334 0.910457 -0.0915928 -2.11735 0.126882 0.0434828 0.990964 -1.43132 0 0 0 1 
2318808360019;0.502137;0.0401533;0.946806 0.317923 -0.0498404 -2.51464 -0.321549 0.928454 -0.185953 2.92423 -0.0128442 0.192088 0.981294 -2.31703 0 0 0 1 
2318808360020;0.421809;0.0380998;0.965014 0.0202633 0.261414 -0.571638 0.000801896 0.996777 -0.0802245 0.228771 -0.262197 0.0776274 0.961887 0.605274 0 0 0 1 
2318808360021;0.393879;0.0469219;0.911738 -0.298025 -0.282691 4.23393 0.206876 0.927691 -0.310793 -0.855189 0.354874 0.22488 0.907465 -4.98916 0 0 0 1 
2318808360022;0.404256;0.0576915;0.995799 0.0295453 -0.0866733 -0.318482 -0.0349639 0.997483 -0.0616802 1.06134 0.0846328 0.0644515 0.994326 -1.682 0 0 0 1 
2318808360023;0.175152;0.0385347;0.978813 -0.193312 0.0675009 1.97163 0.196067 0.979898 -0.0368484 -1.28638 -0.0590207 0.0493024 0.997039 -0.0474284 0 0 0 1 
2318808360024;0.438639;0.0318165;0.992863 0.00967219 -0.118871 -0.809193 -0.0216701 0.994746 -0.100059 0.363724 0.117278 0.10192 0.987855 -2.06665 0 0 0 1 
2318808360025;0.493149;0.0497416;0.984333 -0.176202 -0.00642833 1.7314 0.176013 0.984118 -0.0230529 -0.715683 0.0103882 0.0215602 0.999714 0.409379 0 0 0 1 
2318808360026;0.26214;0.0545187;0.981386 0.0082677 -0.191868 -0.133575 0.00522919 0.997552 0.0697317 -0.135736 0.191975 -0.0694371 0.97894 -0.488224 0 0 0 1 
2318808360027;0.301824;0.048241;0.971019 0.238941 -0.00538299 -2.29758 -0.231873 0.936356 -0.263575 2.95447 -0.0579385 0.257184 0.964624 -2.16595 0 0 0 1 
2318808360028;0.111442;0.0534756;0.998943 -0.0340109 -0.0309276 0.320364 0.0379204 0.989962 0.13615 -0.422921 0.0259866 -0.137179 0.990205 1.1728 0 0 0 1 
2318808360029;0.556383;0.0453601;0.994329 -0.0629162 -0.0857408 0.129204 0.0904041 0.924665 0.369894 -0.441373 0.0560092 -0.375548 0.925109 4.2152 0 0 0 1 
2318808360031;0.47988;0.0580369;0.903742 0.371075 -0.213434 -2.49295 -0.357945 0.928515 0.0986633 3.73573 0.234788 -0.0127683 0.971963 -2.16191 0 0 0 1 
2318808360032;0.536016;0.0582083;0.92394 0.0288576 -0.381447 1.02958 -0.138124 0.955047 -0.262312 2.58171 0.35673 0.295048 0.886392 -6.21927 0 0 0 1 
2318808360033;0.38485;0.0633863;0.990716 0.135495 0.0111171 -1.12501 -0.135431 0.990767 -0.00630477 1.0575 -0.0118687 0.00474063 0.999918 -0.686936 0 0 0 1 
2318808360034;0.495664;0.0642511;0.877325 0.477159 0.0511901 -4.24689 -0.478077 0.878292 0.00671261 5.53812 -0.0417569 -0.0303619 0.998666 0.156825 0 0 0 1 
2318808360035;0.329409;0.0531384;0.992971 0.0934972 -0.0725709 -0.580231 -0.0940408 0.99556 -0.00410226 0.980499 0.0718651 0.010898 0.997355 -1.30361 0 0 0 1 
2318808360036;0.430313;0.0507122;0.900753 0.234347 -0.365684 -0.946612 -0.223984 0.97199 0.0711778 1.90848 0.372122 0.017794 0.928013 -3.29962 0 0 0 1 
2318808360037;0.120765;0.0506118;0.991877 0.000616583 -0.1272 0.260666 -0.0155717 0.993056 -0.116611 0.372108 0.126245 0.117644 0.984998 -2.31815 0 0 0 1 
2318808360038;0.516165;0.0643788;0.976759 -0.19542 0.0880498 2.03694 0.193276 0.980612 0.0323277 -2.08856 -0.0926601 -0.0145585 0.995591 1.54057 0 0 0 1 
2318808360039;0.413132;0.060546;0.975845 -0.136392 0.170657 1.23689 0.129966 0.99034 0.0483319 -0.676372 -0.1756 -0.0249849 0.984144 2.12124 0 0 0 1 
2318808360040;0.306491;0.0554276;0.988976 0.105203 -0.104208 -0.583153 -0.088168 0.983751 0.156397 0.677224 0.118968 -0.145485 0.982182 0.15277 0 0 0 1 
2318808360041;0.475776;0.0648676;0.871034 -0.490479 -0.0270257 6.6188 0.489067 0.871047 -0.0457174 -2.67839 0.0459641 0.026604 0.998589 -0.250059 0 0 0 1 
2318808360042;0.392346;0.0554958;0.996383 0.0348808 0.0774919 -0.412369 -0.0347183 0.999391 -0.00344349 0.278192 -0.0775649 0.000740649 0.996987 1.33982 0 0 0 1 
2318808360043;0.212163;0.0506847;0.989726 0.0578037 -0.13077 -0.293247 -0.0245493 0.969752 0.242856 0.15447 0.140852 -0.23715 0.961208 1.44841 0 0 0 1 
2318808360044;0.216595;0.0508502;0.98779 0.108264 -0.112029 -1.16048 -0.101147 0.992587 0.0673838 0.579442 0.118494 -0.0552296 0.991418 -0.296702 0 0 0 1 
2318808360045;0.469606;0.0548891;0.924336 0.224572 -0.308497 -1.60075 -0.312692 0.909149 -0.275087 3.93108 0.218693 0.350737 0.91058 -5.12206 0 0 0 1 
2318808360046;0.276896;0.050816;0.999882 0.00529545 0.0144137 0.219168 -0.00518035 0.999954 -0.00801149 -0.428672 -0.0144555 0.00793588 0.999864 -0.185742 0 0 0 1 
2318808360047;0.219223;0.0665784;0.957296 -0.144572 -0.250368 2.26254 0.140337 0.989493 -0.034784 -0.929013 0.252766 -0.00183732 0.967526 -2.15155 0 0 0 1 
2318808360048;0.2746;0.0520797;0.95398 -0.0330973 0.29804 0.315593 0.0129597 0.997512 0.0692917 -0.120366 -0.299591 -0.0622403 0.952035 3.10394 0 0 0 1 
2318808360049;0.475244;0.0619513;0.910593 -0.309679 -0.273715 4.82539 0.330602 0.943203 0.0327092 -2.28551 0.24804 -0.120275 0.961254 -1.26798 0 0 0 1 
2318808360050;0.266943;0.0543965;0.950692 -0.309088 -0.0255031 3.89725 0.309333 0.950934 0.00619891 -2.15908 0.0223358 -0.0137822 0.999656 -0.266545 0 0 0 1 
2318808360051;0.316495;0.0526858;0.979266 -0.0664926 0.191355 0.745693 0.0389281 0.988759 0.144361 -0.521616 -0.198803 -0.133919 0.970847 3.58559 0 0 0 1 
2318808360052;0.442125;0.0572627;0.912724 0.38216 0.144532 -3.5643 -0.376542 0.924081 -0.0655093 3.5248 -0.158594 0.00536976 0.987329 1.51035 0 0 0 1 
2318808360053;0.502153;0.0530042;0.999189 -0.0395585 -0.00754155 1.2119 0.0401967 0.991072 0.127125 -0.545537 0.00244534 -0.127325 0.991858 2.01652 0 0 0 1 
2318808360054;0.189299;0.0518189;0.963931 -0.26382 -0.0351539 3.30498 0.260074 0.961732 -0.0862203 -1.681 0.0565552 0.0739678 0.995656 -1.35082 0 0 0 1 
2318808360055;0.56348;0.0525278;0.948202 0.125445 -0.291849 0.0979688 -0.160094 0.982231 -0.0979447 2.23466 0.274376 0.139595 0.951436 -3.77665 0 0 0 1 
2318808360056;0.0419399;0.0509568;0.998703 0.0366646 -0.0353251 -0.277786 -0.0365211 0.999322 0.00469846 0.260185 0.0354734 -0.00340225 0.999365 -0.297338 0 0 0 1 
2318808360057;0.467263;0.0655006;0.996156 -0.0817432 -0.0314712 1.19909 0.0808739 0.996332 -0.0279713 -1.39752 0.0336422 0.0253186 0.999113 -1.11027 0 0 0 1 
2318808360058;0.291617;0.0603791;0.999898 -0.0012722 -0.0142193 0.130412 0.00326837 0.989967 0.141259 0.370266 0.0138969 -0.141291 0.989871 1.61575 0 0 0 1 
2318808360059;0.25976;0.0471064;0.97173 0.0122266 -0.235777 0.625636 -0.0299519 0.996973 -0.0717443 0.341894 0.234186 0.0767781 0.969155 -2.52333 0 0 0 1 
2318808360060;0.11731;0.0559736;0.994575 0.0846866 0.0604127 -0.904441 -0.0816626 0.99536 -0.0508855 0.801193 -0.0644417 0.0456759 0.996876 -0.00839588 0 0 0 1 
2318808360062;0.468711;0.0438123;0.909873 0.409023 -0.0695148 -0.956367 -0.367871 0.872831 0.320683 2.17014 0.191841 -0.266208 0.944632 0.216338 0 0 0 1 
2318808360063;0.468392;0.0511048;0.993611 -0.112549 0.00832709 -0.354094 0.110918 0.9875 0.111987 -1.13249 -0.020827 -0.110348 0.993675 -0.105914 0 0 0 1 
2318808360064;0.317402;0.0448115;0.943526 0.331249 0.00577595 -0.487529 -0.331228 0.943541 -0.00427939 1.98389 -0.00686739 0.00212456 0.999974 -0.370622 0 0 0 1 
2318808360065;0.263432;0.0442781;0.976257 -0.205683 0.0679434 0.766892 0.197659 0.974188 0.109033 -1.50632 -0.088616 -0.0930151 0.991713 1.00699 0 0 0 1 
2318808360066;0.238324;0.045464;0.999629 -0.0263565 -0.00686647 -0.306895 0.0264887 0.999451 0.0199226 -0.391504 0.0063376 -0.0200971 0.999778 0.100261 0 0 0 1 
2318808360067;0.429905;0.0459848;0.992084 0.104476 -0.0696728 0.784579 -0.100136 0.992969 0.063126 0.55143 0.075778 -0.0556496 0.995571 -0.569484 0 0 0 1 
2318808360068;0.55967;0.0399874;0.8852 -0.137548 -0.444411 2.06369 0.219443 0.965791 0.138178 -1.51329 0.410202 -0.219838 0.885102 -2.258 0 0 0 1 
2318808360069;0.324897;0.0466126;0.99721 0.0716094 0.0210578 0.256977 -0.072008 0.997226 0.0188237 0.0945703 -0.0196514 -0.0202875 0.999601 -0.430257 0 0 0 1 
2318808360070;0.327797;0.0354871;0.996136 0.0635531 0.0606093 0.546318 -0.0602359 0.996664 -0.0550732 0.322976 -0.0639072 0.0512096 0.996641 0.014595 0 0 0 1 
2318808360071;0.127608;0.0514865;0.989213 0.128424 0.0704559 -0.357771 -0.129076 0.991623 0.00476439 0.749817 -0.0692539 -0.0138072 0.997504 0.354741 0 0 0 1 
2318808360072;0.27755;0.0505536;0.964177 -0.255397 -0.0716616 0.782852 0.255564 0.966767 -0.00698718 -1.18376 0.0710645 -0.0115772 0.997405 -0.596451 0 0 0 1 
2318808360073;0.377754;0.0436285;0.993499 -0.0551916 0.0995707 0.0454455 0.0707613 0.984524 -0.160327 0.0558549 -0.0891811 0.16633 0.982029 -0.706612 0 0 0 1 
2318808360074;0.367604;0.035799;0.889966 -0.455468 -0.0225546 1.96791 0.449433 0.884407 -0.125836 -2.19403 0.0772617 0.101853 0.991795 -0.542027 0 0 0 1 
2318808360075;0.223733;0.0527773;0.967514 -0.00104373 0.252814 0.107909 -0.00141074 0.999954 0.00952716 -0.198867 -0.252812 -0.00957432 0.967468 1.53731 0 0 0 1 
2318808360076;0.344651;0.0516464;0.994565 -0.102478 -0.0184074 0.870619 0.103894 0.965183 0.240056 -0.835497 -0.00683409 -0.240664 0.970584 1.19311 0 0 0 1 
2318808360077;0.167206;0.0543651;0.996011 0.0347157 0.0822036 0.0441503 -0.0370048 0.998964 0.0264884 0.398315 -0.0811989 -0.0294246 0.996263 0.429921 0 0 0 1 
2318808360078;0.455663;0.0409694;0.923637 0.375819 0.0751997 -0.480481 -0.381523 0.920263 0.0869289 2.00433 -0.0365339 -0.108981 0.993372 -0.188634 0 0 0 1 
2318808360079;0.349782;0.0507175;0.990703 0.0880635 0.103692 -0.153607 -0.102735 0.983949 0.145911 0.501151 -0.0891779 -0.155207 0.983849 1.66227 0 0 0 1 
2318808360080;0.31557;0.0421882;0.991671 0.0502939 -0.118572 0.0854549 -0.000690985 0.922673 0.385584 -0.474522 0.128796 -0.38229 0.915022 0.413846 0 0 0 1 
2318808360081;0.265138;0.0439312;0.992321 0.0863305 -0.0885796 -0.0106344 -0.105122 0.966014 -0.236148 1.20112 0.0651824 0.243646 0.967671 -0.840248 0 0 0 1 
2318808360082;0.291619;0.0370065;0.978485 0.137874 -0.153487 0.049509 -0.178612 0.938443 -0.295674 1.64576 0.103273 0.316727 0.942878 -1.50204 0 0 0 1 
2318808360083;0.406111;0.0462286;0.990029 -0.140777 0.00497238 0.0501915 0.139963 0.987065 0.0781896 -0.966425 -0.0159154 -0.076714 0.996926 -0.449882 0 0 0 1 
2318808360084;0.25521;0.0358163;0.99903 0.0408559 -0.0164396 0.12518 -0.043986 0.944061 -0.326825 0.848684 0.00216727 0.327231 0.944942 -0.9453 0 0 0 1 
2318808360085;0.097134;0.047745;0.999554 -0.00428046 0.0295464 0.0209601 0.00340647 0.999557 0.0295676 -0.0102471 -0.0296599 -0.0294537 0.999126 0.394007 0 0 0 1 
2318808360086;0.630308;0.0404616;0.957854 0.137098 -0.252427 0.69333 -0.0171073 0.904422 0.426296 -0.67437 0.286745 -0.404011 0.86865 -1.18542 0 0 0 1 
2318808360087;0.164964;0.0450289;0.98836 0.149963 0.0256088 -0.266847 -0.146639 0.9839 -0.102167 1.09246 -0.0405177 0.0972221 0.994438 -0.0657333 0 0 0 1 
2318808360088;0.426784;0.0441531;0.923048 0.212517 0.320654 -0.24525 -0.145542 0.964517 -0.220283 1.09408 -0.35609 0.156664 0.921226 2.17145 0 0 0 1 
2318808360089;0.0156956;0.0432241;0.999877 -0.00468552 -0.0150001 0.119326 0.00497415 0.999802 0.0192631 -0.0785225 0.0149069 -0.0193353 0.999702 -0.0575003 0 0 0 1 
2318808360090;0.105965;0.0487931;0.999599 0.0165547 -0.0229605 -0.0874456 -0.0167424 0.999828 -0.00800529 0.21656 0.022824 0.0083865 0.999704 -0.104234 0 0 0 1 
2318808360091;0.471367;0.041894;0.939129 -0.0812524 -0.333818 1.00341 0.00483441 0.974661 -0.223635 0.910939 0.34353 0.208409 0.915725 -2.86386 0 0 0 1 
2318808360093;0.358587;0.0330028;0.992515 0.0980126 0.0728525 -0.155453 -0.098561 0.995123 0.00396206 0.968865 -0.0721089 -0.0111128 0.997335 -0.310749 0 0 0 1 
2318808360094;0.104341;0.0395832;0.99598 0.0826792 0.0344733 0.0901816 -0.0813068 0.995907 -0.0394772 0.355173 -0.0375961 0.0365156 0.998626 0.348469 0 0 0 1 
2318808360095;0.369651;0.0401629;0.957613 -0.287274 0.0212377 0.415041 0.287901 0.956916 -0.0377347 -1.21717 -0.00948256 0.0422496 0.999062 -0.559884 0 0 0 1 
2318808360096;0.316121;0.0306445;0.99915 0.0352614 0.021353 0.675306 -0.0353443 0.999369 0.00351815 0.31555 -0.0212155 -0.00426986 0.999766 0.50888 0 0 0 1 
2318808360097;0.369151;0.0339013;0.90239 0.289075 0.319575 0.149025 -0.274803 0.957283 -0.0899531 1.13831 -0.331928 -0.00664762 0.943281 1.30597 0 0 0 1 
2318808360098;0.287285;0.0443179;0.956611 -0.287297 0.0485439 0.0638832 0.285919 0.95767 0.0334357 -1.47717 -0.0560951 -0.0181054 0.998261 0.0674458 0 0 0 1 
2318808360099;0.367143;0.0468598;0.93382 -0.354788 0.0458894 0.478395 0.355836 0.934396 -0.0168832 -2.22663 -0.0368889 0.032095 0.998804 -0.0343742 0 0 0 1 
2318808360100;0.403666;0.0410399;0.991286 -0.131257 -0.0111354 0.928947 0.131725 0.988273 0.0772355 -0.611907 0.000867147 -0.0780293 0.996951 -0.379691 0 0 0 1 
2318808360101;0.302239;0.0406199;0.936701 -0.150694 0.316042 -0.197197 0.168485 0.98526 -0.029575 -0.847799 -0.306927 0.0809513 0.948284 1.65142 0 0 0 1 
2318808360102;0.281834;0.0357362;0.988656 0.149888 0.00960292 0.115692 -0.147313 0.955234 0.256569 0.180301 0.0292836 -0.255073 0.966478 -0.15752 0 0 0 1 
2318808360103;0.378578;0.0431512;0.94192 0.197578 -0.271569 0.709441 -0.124457 0.956415 0.264161 0.240939 0.311925 -0.21502 0.925456 -1.31914 0 0 0 1 
2318808360104;0.557659;0.0416522;0.880544 -0.473442 -0.0222457 0.284806 0.471615 0.879881 -0.0582148 -2.22854 0.0471349 0.0407693 0.998056 -0.987543 0 0 0 1 
2318808360105;0.460355;0.0413951;0.908767 -0.416002 -0.0329442 0.707554 0.416938 0.901831 0.113417 -2.32624 -0.0174716 -0.116805 0.993001 -0.455578 0 0 0 1 
2318808360106;0.53681;0.0451228;0.934555 -0.0657021 -0.349701 1.36321 0.0574797 0.997773 -0.0338513 0.49578 0.351146 0.0115352 0.93625 -1.37279 0 0 0 1 
2318808360107;0.116161;0.0431887;0.989845 -0.00338486 0.142112 -0.0792913 0.0182218 0.99449 -0.103232 0.037114 -0.140979 0.104773 0.984453 0.875079 0 0 0 1 
2318808360108;0.426496;0.0341725;0.971476 0.235321 0.0292804 0.719914 -0.233965 0.971276 -0.0433854 1.21 -0.0386489 0.0352973 0.998629 -0.42217 0 0 0 1 
2318808360109;0.361092;0.0389783;0.988174 0.145948 0.0470216 -0.815754 -0.143594 0.988369 -0.0500652 1.13675 -0.0537816 0.0427212 0.997638 0.148126 0 0 0 1 
2318808360110;0.188673;0.0456473;0.994206 -0.0191673 -0.105764 0.398787 0.00938536 0.995694 -0.0922214 0.262848 0.107077 0.0906944 0.990106 -0.594382 0 0 0 1 
2318808360111;0.302097;0.0336342;0.980304 0.178725 -0.0840318 -0.397157 -0.15368 0.957568 0.243817 0.653289 0.124042 -0.2261 0.966174 -0.384269 0 0 0 1 
2318808360112;0.226828;0.0460314;0.966956 -0.24592 -0.0672325 0.46072 0.247426 0.968792 0.0149394 -1.20369 0.0614604 -0.0310808 0.997625 -0.19472 0 0 0 1 
2318808360113;0.311079;0.0547061;0.930009 -0.30797 -0.200592 0.527158 0.2525 0.931962 -0.260176 -0.921406 0.26707 0.191317 0.944495 -1.23132 0 0 0 1 
2318808360114;0.267587;0.0333564;0.986543 -0.0423853 0.157914 -0.0388618 0.0434079 0.999053 -0.00303093 0.0911986 -0.157636 0.00984485 0.987448 1.39883 0 0 0 1 
2318808360115;0.283003;0.0436726;0.994342 -0.100041 0.035719 -0.0858043 0.0862213 0.956495 0.278717 -0.825423 -0.0620483 -0.27406 0.959709 0.939424 0 0 0 1 
2318808360116;0.15967;0.0346531;0.999539 0.00810596 0.0292534 0.192164 -0.00789542 0.999942 -0.0073057 0.0743353 -0.0293109 0.00707137 0.999545 -0.137276 0 0 0 1 
2318808360117;0.274094;0.0464664;0.969281 0.18265 -0.164724 0.5356 -0.210814 0.96194 -0.173863 1.3524 0.126698 0.203248 0.970895 -0.73935 0 0 0 1 
2318808360118;0.309171;0.0353868;0.99415 -0.0482344 0.0966403 0.211301 0.0593803 0.991473 -0.115995 0.00847151 -0.0902213 0.121055 0.988537 1.15793 0 0 0 1 
2318808360119;0.136528;0.0381077;0.99995 0.00853001 0.00530337 -0.00451733 -0.00930215 0.985641 0.1686 -0.135394 -0.00378905 -0.168641 0.98567 0.316978 0 0 0 1 
2318808360120;0.394337;0.0418922;0.965767 -0.257691 0.0298217 0.329437 0.258419 0.965739 -0.0238348 -1.20662 -0.022658 0.0307253 0.999271 -0.638439 0 0 0 1 
2318808360121;0.407083;0.0373145;0.890027 -0.454787 0.0319412 0.695792 0.455156 0.890397 -0.0050296 -2.20788 -0.0261529 0.0190147 0.999477 -0.250052 0 0 0 1 
2318808360122;0.325576;0.0472564;0.970402 0.0273092 -0.239947 0.804868 -0.0170816 0.998859 0.0446016 0.017197 0.240891 -0.0391828 0.969761 -0.795854 0 0 0 1 
2318808360124;0.330187;0.0321684;0.952482 -0.169262 0.253235 1.69305 0.118118 0.971581 0.205131 -1.12543 -0.280759 -0.165472 0.945406 3.54477 0 0 0 1 
2318808360125;0.152771;0.0321166;0.988168 -0.153327 -0.00391283 1.54966 0.153377 0.987797 0.0270548 -1.26344 -0.000283152 -0.0273348 0.999626 0.370577 0 0 0 1 
2318808360126;0.0910746;0.0267765;0.998201 -0.00166549 -0.0599286 -0.0616425 0.000304466 0.999742 -0.0227127 0.102761 0.059951 0.0226536 0.997944 -0.709681 0 0 0 1 
2318808360127;0.146509;0.0309672;0.992331 -0.113524 0.0489091 1.0631 0.110715 0.99223 0.0567701 -0.846477 -0.0549738 -0.0509197 0.997189 1.12713 0 0 0 1 
2318808360128;0.288596;0.030768;0.941085 0.1224 -0.315241 -0.372202 -0.145818 0.987959 -0.0517093 1.29632 0.305116 0.0946308 0.947602 -3.21749 0 0 0 1 
2318808360129;0.489639;0.0235989;0.978861 -0.140385 -0.148738 2.17011 0.0718706 0.916952 -0.392471 1.14834 0.191483 0.373484 0.907658 -5.20848 0 0 0 1 
2318808360130;0.532869;0.282432;0.943752 -0.129072 0.304421 0.759148 0.0208997 0.942109 0.334654 -0.207885 -0.329992 -0.309468 0.891815 6.13948 0 0 0 1 
2318808360131;0.255773;0.0389638;0.997953 -0.0198566 0.0607883 -0.0429108 0.0136824 0.994858 0.100349 -0.245069 -0.0624684 -0.0993123 0.993094 0.990747 0 0 0 1 
2318808360132;0.368015;0.350311;0.998446 0.0522887 0.0192703 -0.62199 -0.0512431 0.99737 -0.0512536 0.36007 -0.0218996 0.0501864 0.9985 -0.251722 0 0 0 1 
2318808360133;0.203483;0.0375917;0.98833 0.124549 -0.087706 -1.05458 -0.108379 0.979519 0.169696 0.741015 0.107045 -0.15821 0.981586 0.620394 0 0 0 1 
2318808360134;0.215895;0.0324419;0.997532 -0.0260461 -0.0651999 0.619118 0.0242398 0.999304 -0.028343 -0.282043 0.0658928 0.0266926 0.99747 -0.590712 0 0 0 1 
2318808360135;0.357096;0.0336023;0.958319 0.0763331 -0.275315 0.0130999 -0.0808017 0.996718 -0.00490761 0.956851 0.274037 0.026949 0.961341 -2.05744 0 0 0 1 
2318808360136;0.39267;0.0349767;0.98943 -0.0977239 0.107137 0.923275 0.110942 0.985897 -0.125293 -0.135723 -0.0933817 0.135854 0.986318 -0.099572 0 0 0 1 
2318808360137;0.205186;0.034632;0.982875 -0.0220101 -0.182957 0.688395 0.0288567 0.998976 0.0348438 -0.281847 0.182002 -0.0395266 0.982503 -1.02118 0 0 0 1 
2318808360138;0.524941;0.0257102;0.983945 -0.170659 0.0522208 1.43067 0.16985 0.985275 0.0195866 -1.4125 -0.0547945 -0.0104024 0.998443 -0.418314 0 0 0 1 
2318808360139;0.224459;0.0265878;0.992802 0.112457 -0.0412012 -1.08189 -0.118848 0.967588 -0.222818 1.63588 0.0148084 0.226111 0.973989 -2.30171 0 0 0 1 
2318808360140;0.242736;0.0196588;0.992782 0.0590909 0.104364 -0.715377 -0.0506488 0.995364 -0.0817682 0.648165 -0.108712 0.0758921 0.991172 -0.281307 0 0 0 1 
2318808360141;0.27546;0.036894;0.969257 0.232057 0.0817919 -1.99202 -0.228622 0.972268 -0.0492563 2.14674 -0.090954 0.0290426 0.995432 0.158288 0 0 0 1 
2318808360142;0.19755;0.0456252;0.993009 -0.106421 0.0510671 0.909875 0.105384 0.994175 0.0225795 -0.656668 -0.0531726 -0.0170399 0.99844 0.288226 0 0 0 1 
2318808360143;0.359468;0.0251202;0.970808 -0.0807727 -0.22585 1.16326 0.0882194 0.995834 0.023059 -0.724039 0.223046 -0.0423102 0.973889 -0.678421 0 0 0 1 
2318808360144;0.260225;0.0291846;0.981667 -0.183111 0.0529172 1.63652 0.188079 0.975621 -0.113095 -0.982204 -0.0309182 0.120974 0.992174 -1.22881 0 0 0 1 
2318808360145;0.465801;0.02809;0.908258 -0.236009 0.345496 2.66486 0.249121 0.968449 0.00664712 -1.58763 -0.336164 0.0800331 0.938397 2.47243 0 0 0 1 
2318808360146;0.208847;0.027514;0.98316 -0.182735 -0.00203472 1.88296 0.177342 0.956711 -0.230769 -0.605412 0.0441162 0.226522 0.973007 -2.64668 0 0 0 1 
2318808360147;0.522631;0.0268088;0.950228 0.248492 0.187932 -2.67889 -0.220242 0.962409 -0.158942 2.36608 -0.220363 0.10964 0.969236 -0.110999 0 0 0 1 
2318808360148;0.348601;0.0317706;0.96236 0.184801 0.19928 -1.87955 -0.215208 0.965969 0.143493 1.9075 -0.16598 -0.180979 0.96938 3.5778 0 0 0 1 
2318808360149;0.220362;0.029844;0.986367 0.162786 -0.0240848 -1.58692 -0.16327 0.986384 -0.0197315 1.44323 0.0205449 0.0233948 0.999515 -0.714652 0 0 0 1 
2318808360150;0.310305;0.0243119;0.997727 0.0560192 0.0374493 -0.906606 -0.0582537 0.996405 0.0615093 0.443798 -0.033869 -0.063551 0.997404 0.361194 0 0 0 1 
2318808360151;0.0639999;0.0325372;0.999465 0.010933 -0.0308404 -0.0857841 -0.0095475 0.998954 0.0447203 0.0163292 0.0312971 -0.0444019 0.998523 0.253437 0 0 0 1 
2318808360152;0.508923;0.0306907;0.975959 0.217838 -0.00716563 -1.25113 -0.21786 0.975977 -0.00255679 1.9329 0.00643653 0.00405643 0.999971 0.472081 0 0 0 1 
2318808360153;0.520442;0.0297719;0.930441 0.36644 -0.000942093 -3.31768 -0.364344 0.925385 0.104477 3.27676 0.0391563 -0.0968662 0.994527 1.42424 0 0 0 1 
2318808360155;0.242296;0.0445165;0.967604 -0.00472337 0.252427 0.204501 0.0505765 0.983184 -0.175473 -0.101136 -0.247353 0.182555 0.951572 0.0882873 0 0 0 1 
2318808360156;0.545461;0.067554;0.957172 -0.24499 0.154276 2.42816 0.228761 0.966589 0.115646 -2.0056 -0.177453 -0.0754007 0.981236 1.19643 0 0 0 1 
2318808360157;0.417219;0.0696201;0.956876 -0.222934 -0.186247 2.50481 0.171856 0.951335 -0.255786 -0.104806 0.234207 0.212748 0.948623 -3.42973 0 0 0 1 
2318808360158;0.428586;0.0787795;0.903345 0.21622 -0.370427 -0.739517 -0.244172 0.969278 -0.0296807 2.17365 0.352629 0.11726 0.928387 -3.47208 0 0 0 1 
2318808360159;0.360686;0.0607554;0.946702 -0.167118 0.275366 1.72423 0.257508 0.906228 -0.335322 -0.589322 -0.193506 0.388359 0.900962 -2.14943 0 0 0 1 
2318808360160;0.334724;0.0492301;0.922561 0.0610295 0.380995 -0.622448 -0.0351103 0.996594 -0.0746212 0.340604 -0.384251 0.0554658 0.921561 2.44577 0 0 0 1 
2318808360161;0.319806;0.244708;0.985416 0.10711 0.132222 -1.22483 -0.108153 0.994134 0.000709999 0.458813 -0.13137 -0.0149998 0.99122 1.09751 0 0 0 1 
2318808360162;0.00881013;0.0344586;0.999966 -0.00336052 0.00753762 -0.0246647 0.00333544 0.999989 0.0033376 -0.0670018 -0.00754875 -0.00331235 0.999966 0.115655 0 0 0 1 
2318808360163;0.15049;0.033305;0.996484 0.0837586 0.00221363 -0.880652 -0.0837519 0.996482 -0.00294833 0.421596 -0.00245279 0.00275256 0.999993 0.162499 0 0 0 1 
2318808360164;0.34564;0.350413;0.999847 0.0168679 0.0045343 -0.274586 -0.0167389 0.999492 -0.0271183 0.0494791 -0.00498943 0.0270383 0.999622 -0.145267 0 0 0 1 
2318808360165;0.629483;0.043622;0.92967 -0.158583 0.332513 0.869612 0.199779 0.975382 -0.0933767 -1.83917 -0.309519 0.153239 0.938465 0.537354 0 0 0 1 
2318808360166;0.356263;0.0461373;0.99764 0.0616002 -0.030315 -0.171791 -0.0634305 0.995954 -0.0636583 0.23187 0.026271 0.065431 0.997511 -0.309843 0 0 0 1 
2318808360167;0.348773;0.0523875;0.975615 -0.0450505 0.214814 0.207682 0.124193 0.920273 -0.371045 0.316371 -0.180972 0.388676 0.903427 -2.10525 0 0 0 1 
2318808360168;0.491205;0.0647409;0.969118 -0.120419 -0.215197 1.09265 0.149252 0.981102 0.12314 -0.794719 0.196302 -0.151455 0.968776 0.751089 0 0 0 1 
2318808360169;0.364685;0.0840375;0.999813 -0.0188603 -0.00423969 0.225943 0.0187765 0.999643 -0.019013 0.194601 0.00459677 0.0189298 0.99981 -0.73996 0 0 0 1 
2318808360170;0.293853;0.0438851;0.999203 0.0181734 0.0355402 -0.463052 -0.0182883 0.999829 0.0029086 -0.010459 -0.0354812 -0.00355625 0.999364 -0.21953 0 0 0 1 
2318808360171;0.404455;0.0564453;0.995252 0.0466252 0.0854372 -0.970812 -0.066139 0.967968 0.242204 -0.0434905 -0.0714077 -0.246705 0.966456 2.64721 0 0 0 1 
2318808360172;0.214721;0.0520905;0.9884 -0.0360823 0.147524 0.232195 0.0217904 0.99501 0.0973711 -0.240517 -0.150301 -0.093027 0.984254 2.36328 0 0 0 1 
2318808360173;0.439959;0.063472;0.996144 -0.0673482 -0.0562279 0.991597 0.0486065 0.957185 -0.285367 0.806229 0.0730394 0.281533 0.956768 -3.42042 0 0 0 1 
2318808360174;0.284722;0.0455324;0.981714 -0.128587 0.140371 1.24181 0.158008 0.961664 -0.224132 -0.953254 -0.106169 0.242213 0.964397 -1.67907 0 0 0 1 
2318808360175;0.207536;0.0300515;0.997524 -0.0520514 -0.0472855 0.467797 0.0506146 0.998234 -0.031091 -0.743449 0.0488204 0.0286207 0.998397 -0.748023 0 0 0 1 
2318808360176;0.417626;0.111166;0.96928 -0.17722 -0.170555 1.62496 0.21788 0.940409 0.261074 -1.4559 0.114124 -0.290215 0.950132 1.33681 0 0 0 1 
2318808360177;0.414555;0.0676277;0.957276 -0.0680871 -0.281046 1.50057 0.0362438 0.992472 -0.116989 0.0332245 0.286895 0.101805 0.952537 -2.55256 0 0 0 1 
2318808360178;0.192544;0.0417097;0.994302 -0.105762 0.0133775 0.886171 0.105631 0.994354 0.0100816 -0.71626 -0.0143683 -0.00861111 0.99986 -0.118163 0 0 0 1 
2318808360179;0.369856;0.0747987;0.952444 0.293627 0.0814431 -2.47838 -0.287081 0.954287 -0.0831958 2.61984 -0.102149 0.0558587 0.9932 0.765953 0 0 0 1 
2318808360180;0.269585;0.0412315;0.999776 0.00274991 0.0209735 -0.0980133 -0.00289697 0.999971 0.00698481 0.0286049 -0.0209537 -0.007044 0.999756 0.765142 0 0 0 1 
2318808360181;0.159003;0.0473109;0.998843 -0.0479649 0.00342779 0.237594 0.047923 0.998786 0.0113985 -0.396979 -0.00397036 -0.0112211 0.999929 0.410007 0 0 0 1 
2318808360182;0.250033;0.0450686;0.990049 0.139347 -0.0196274 -1.61584 -0.134343 0.97745 0.162923 0.876129 0.0418875 -0.158665 0.986444 1.261 0 0 0 1 
2318808360183;0.583654;0.0796224;0.941727 -0.3244 -0.0889651 3.67796 0.328547 0.943786 0.0363918 -1.90552 0.0721585 -0.0635004 0.99537 -0.875458 0 0 0 1 
2318808360184;0.254669;0.0501215;0.990599 0.135987 -0.0148672 -1.07416 -0.135581 0.990436 0.0255971 1.09359 0.0182059 -0.0233408 0.999562 0.478473 0 0 0 1 
2318808360186;0.32371;0.0243218;0.927605 -0.011147 -0.373395 0.471246 -0.0207044 0.996484 -0.0811829 0.140183 0.372987 0.0830366 0.924113 -2.5387 0 0 0 1 
2318808360187;0.391738;0.0315244;0.922505 -0.352466 -0.15733 1.458 0.383799 0.880947 0.276823 -1.81413 0.0410289 -0.315754 0.947954 0.450968 0 0 0 1 
2318808360188;0.250929;0.0342784;0.963326 -0.268193 0.00870286 1.01765 0.260272 0.941782 0.212852 -1.56409 -0.0652816 -0.202781 0.977046 0.890159 0 0 0 1 
2318808360189;0.35413;0.0246743;0.946955 0.240727 -0.212899 0.0579291 -0.192282 0.955235 0.22484 1.16215 0.257494 -0.171977 0.950853 -0.631616 0 0 0 1 
2318808360190;0.38404;0.0296691;0.97191 0.0862255 0.218991 -0.538439 -0.0759318 0.995594 -0.0550104 0.553927 -0.222769 0.0368368 0.974175 0.511095 0 0 0 1 
2318808360191;0.142007;0.0302979;0.99343 -0.0702684 0.0903319 0.351102 0.0674374 0.997143 0.0340232 -0.436429 -0.0924646 -0.0277079 0.99533 0.446624 0 0 0 1 
2318808360192;0.308225;0.0309031;0.997469 -0.0513483 0.0491852 -0.56048 0.0530765 0.997994 -0.0344986 -0.247227 -0.0473151 0.0370218 0.998194 0.225855 0 0 0 1 
2318808360193;0.19468;0.0228526;0.988203 0.0846393 -0.127634 -0.130358 -0.0752716 0.994223 0.0765216 0.656818 0.133373 -0.0660117 0.988865 -0.62399 0 0 0 1 
2318808360194;0.35362;0.0220844;0.994097 -0.0373242 0.101877 -0.161963 0.0356865 0.999204 0.0178515 -0.859293 -0.102462 -0.0141104 0.994637 0.254684 0 0 0 1 
2318808360195;0.220312;0.0327882;0.993805 -0.110634 0.0105393 0.366581 0.108481 0.986302 0.124261 -0.675566 -0.0241424 -0.122348 0.992194 0.12846 0 0 0 1 
2318808360196;0.321597;0.0318694;0.995603 0.0388511 0.0852354 -0.417476 -0.0335448 0.99746 -0.0628278 0.572913 -0.0874598 0.0596923 0.994378 0.931298 0 0 0 1 
2318808360197;0.117422;0.0257967;0.999629 -0.0136826 0.0235473 0.191208 0.0130043 0.999503 0.0287219 -0.107496 -0.0239286 -0.028405 0.99931 0.466361 0 0 0 1 
2318808360198;0.145591;0.028619;0.995939 -0.0755233 -0.0490062 0.160491 0.0751835 0.997131 -0.00874376 -0.495066 0.049526 0.0050238 0.99876 -0.510398 0 0 0 1 
2318808360199;0.334769;0.0242374;0.999984 -0.00564137 8.26728e-05 -0.213848 0.00564165 0.999976 -0.00397736 -0.0491344 -6.02331e-05 0.00397776 0.999992 0.753958 0 0 0 1 
2318808360200;0.307694;0.0322566;0.969911 0.242179 -0.0249492 -0.295027 -0.240274 0.968702 0.0623229 1.85038 0.0392617 -0.054453 0.997744 0.118505 0 0 0 1 
2318808360201;0.28708;0.0288442;0.994118 -0.107722 0.0112323 0.87244 0.107801 0.99415 -0.00665897 -0.544388 -0.0104493 0.00783065 0.999915 0.389652 0 0 0 1 
2318808360202;0.140274;0.0251154;0.991009 0.133798 1.153e-05 -0.266521 -0.133769 0.990799 -0.020548 0.875058 -0.00276069 0.0203617 0.999789 0.150583 0 0 0 1 
2318808360203;0.354364;0.0245931;0.994609 0.0884033 -0.0542053 -0.196808 -0.0781665 0.982632 0.168301 -0.242514 0.0681422 -0.163156 0.984244 0.620054 0 0 0 1 
2318808360204;0.41534;0.0272739;0.906021 -0.0770362 0.416163 0.0150344 0.0203842 0.990097 0.138899 -0.389675 -0.422742 -0.117363 0.898618 2.68953 0 0 0 1 
2318808360205;0.260883;0.0224868;0.989004 -0.134592 -0.0612827 0.34327 0.131446 0.989917 -0.0527797 -1.10099 0.0677686 0.0441439 0.996724 -0.172777 0 0 0 1 
2318808360206;0.381649;0.0293176;0.90106 -0.312342 0.300886 0.974456 0.34314 0.937721 -0.054173 -1.74687 -0.265227 0.152059 0.95212 1.23533 0 0 0 1 
2318808360207;0.376035;0.0254687;0.905688 0.294123 0.305321 -0.767935 -0.276182 0.955738 -0.101434 1.90344 -0.321641 0.00754295 0.946832 1.99401 0 0 0 1 
2318808360208;0.370049;0.027382;0.994297 0.00656759 0.106448 -0.337043 -0.0164794 0.995576 0.0925036 -0.0630608 -0.10537 -0.0937302 0.990006 1.67863 0 0 0 1 
2318808360209;0.193142;0.021615;0.975155 0.195229 -0.104687 -0.196673 -0.19456 0.980749 0.0166635 1.14 0.105925 0.00411835 0.994366 -0.540909 0 0 0 1 
2318808360210;0.416709;0.0288179;0.947974 -0.286051 0.139714 1.00453 0.206856 0.88708 0.412674 -1.6531 -0.241983 -0.362303 0.9001 2.64524 0 0 0 1 
2318808360211;0.229662;0.0280459;0.979122 -0.195541 -0.0555344 0.789553 0.202838 0.95775 0.203893 -1.40329 0.0133185 -0.210901 0.977417 0.529588 0 0 0 1 
2318808360212;0.235303;0.0234104;0.960285 0.278691 0.0135731 -0.671097 -0.278003 0.959799 -0.0387282 1.47441 -0.0238207 0.0334167 0.999158 0.0610918 0 0 0 1 
2318808360213;0.418371;0.0218708;0.971869 0.235013 0.0154801 -0.813055 -0.235259 0.97179 0.0166418 1.29516 -0.0111324 -0.0198155 0.999742 0.914933 0 0 0 1 
2318808360214;0.104638;0.0277321;0.994391 0.105695 -0.00381947 -0.199441 -0.105482 0.993727 0.0371424 0.521701 0.00772129 -0.0365312 0.999303 0.0190838 0 0 0 1 
2318808360215;0.379457;0.0242719;0.924107 -0.0108331 -0.38198 1.05277 -0.0851473 0.96863 -0.233464 0.898564 0.372526 0.248271 0.894196 -2.52059 0 0 0 1 
2318808360217;0.475077;0.0588881;0.876889 0.217829 -0.428504 0.129271 -0.26052 0.964519 -0.0428148 1.74635 0.403974 0.149178 0.902525 -2.98929 0 0 0 1 
2318808360218;0.538469;0.0859153;0.942495 -0.329749 -0.0544872 2.68471 0.334217 0.929173 0.157915 -1.8536 -0.0014442 -0.167044 0.985948 1.73036 0 0 0 1 
2318808360219;0.26223;0.0652639;0.976374 -0.0696907 -0.204539 0.602372 0.0815011 0.995424 0.0498868 -0.367029 0.200126 -0.0653784 0.977586 -1.18523 0 0 0 1 
2318808360220;0.178884;0.0827939;0.995574 0.0693752 0.0634047 -0.456922 -0.0625721 0.992647 -0.10362 0.531448 -0.0701271 0.0991937 0.992594 -0.0167507 0 0 0 1 
2318808360221;0.32248;0.0751412;0.926788 -0.30905 0.213429 2.01107 0.299597 0.951023 0.0761411 -1.79053 -0.226507 -0.00662409 0.973987 1.35348 0 0 0 1 
2318808360222;0.547442;0.333314;0.988451 0.141405 -0.0544983 -0.667013 -0.146986 0.982117 -0.11765 0.872917 0.0368874 0.124301 0.991559 -0.594173 0 0 0 1 
2318808360223;0.279763;0.0866636;0.943333 0.327034 0.0563169 -1.52333 -0.328773 0.944084 0.0247728 2.24788 -0.0450663 -0.0418845 0.998106 0.28606 0 0 0 1 
2318808360224;0.19078;0.0734964;0.987522 -0.156551 0.0170973 1.00251 0.157354 0.985257 -0.0671449 -0.732344 -0.00633364 0.0689974 0.997597 -0.562047 0 0 0 1 
2318808360225;0.382191;0.0725632;0.944322 0.329004 -0.00354369 -1.52967 -0.323745 0.9272 -0.188387 2.58409 -0.0586943 0.179045 0.982089 -1.12384 0 0 0 1 
2318808360226;0.232462;0.0754994;0.97936 -0.199861 -0.0301755 1.32029 0.20206 0.964268 0.171343 -1.17073 -0.00514745 -0.173904 0.984749 1.21358 0 0 0 1 
2318808360227;0.121258;0.0715355;0.999882 -0.00545634 -0.0143731 0.138505 0.00568164 0.999861 0.0156815 -0.128124 0.0142855 -0.0157613 0.999774 -0.289544 0 0 0 1 
2318808360228;0.342472;0.0763701;0.929385 0.355667 -0.0987188 -1.35642 -0.364885 0.925636 -0.100282 2.98454 0.0557108 0.129221 0.99005 -1.1813 0 0 0 1 
2318808360229;0.411101;0.0824074;0.986092 -0.0069557 0.166057 -0.336742 0.0246654 0.994185 -0.104826 -0.1476 -0.164362 0.107464 0.980529 0.935709 0 0 0 1 
2318808360230;0.270984;0.0786721;0.939468 -0.340366 -0.0393863 2.51169 0.337934 0.93941 -0.0575221 -1.75236 0.0565785 0.0407302 0.997567 -0.75307 0 0 0 1 
2318808360231;0.448163;0.073853;0.993919 -0.043598 -0.101113 -0.169549 -0.00242594 0.909382 -0.415955 0.826498 0.110085 0.413671 0.903746 -3.15919 0 0 0 1 
2318808360232;0.480703;0.0675016;0.992579 -0.108891 -0.0541253 1.02546 0.106611 0.993355 -0.0433697 -0.509486 0.0584882 0.0372775 0.997592 -1.49978 0 0 0 1 
2318808360233;0.538633;0.0974671;0.983224 0.161548 0.0846955 -1.10564 -0.117913 0.91719 -0.380603 2.12987 -0.139167 0.364232 0.920852 -1.33488 0 0 0 1 
2318808360234;0.46577;0.189647;0.997679 -0.0663794 -0.0151911 0.487464 0.0664909 0.997763 0.00695807 0.132134 0.0146953 -0.00795199 0.99986 -0.00638536 0 0 0 1 
2318808360235;0.501727;0.0647106;0.998157 0.0309246 -0.0522134 -0.0241303 -0.0294969 0.999175 0.0278975 0.0389729 0.0530331 -0.026306 0.998246 -1.19681 0 0 0 1 
2318808360236;0.219286;0.0732315;0.974575 0.181979 -0.130718 -0.646543 -0.182366 0.983189 0.00910574 1.21715 0.130178 0.0149644 0.991378 -1.20424 0 0 0 1 
2318808360237;0.1427;0.0657676;0.997795 -0.0636118 -0.0189319 0.35522 0.0627905 0.997176 -0.041204 -0.352157 0.0214994 0.0399244 0.998971 -0.637374 0 0 0 1 
2318808360238;0.478527;0.065365;0.896968 -0.155602 -0.413808 2.3068 0.0604213 0.970377 -0.233917 0.196208 0.437948 0.184813 0.879799 -4.15481 0 0 0 1 
2318808360239;0.07712;0.0602987;0.998586 0.0198943 -0.049293 -0.0213242 -0.0210186 0.999528 -0.0223951 0.0931089 0.0488243 0.0233995 0.998533 -0.623266 0 0 0 1 
2318808360240;0.277432;0.0863279;0.971903 0.0290717 0.233581 -0.252669 -0.0583177 0.991145 0.119294 0.0638611 -0.228045 -0.129564 0.964992 2.34377 0 0 0 1 
2318808360241;0.414755;0.0693282;0.899749 0.185489 -0.395026 0.236999 -0.141246 0.98023 0.138562 0.706743 0.412917 -0.0688748 0.90816 -2.06143 0 0 0 1 
2318808360242;0.207147;0.0693853;0.987147 -0.1564 -0.0328495 1.19934 0.157354 0.987123 0.0287771 -1.31147 0.0279258 -0.0335762 0.999046 0.0258686 0 0 0 1 
2318808360243;0.526989;0.0832049;0.894656 -0.44571 0.0305423 2.84069 0.423091 0.867239 0.26247 -2.65622 -0.143473 -0.221899 0.964457 2.12199 0 0 0 1 
2318808360244;0.293823;0.0934431;0.997652 0.061347 0.0304507 -0.2187 -0.0640181 0.993292 0.0962986 0.234528 -0.0243388 -0.0980218 0.994887 1.16322 0 0 0 1 
2318808360245;0.161157;0.0612154;0.998785 -0.0487964 -0.00686681 0.372224 0.0486343 0.998573 -0.0220693 -0.456221 0.00793392 0.0217085 0.999733 -0.512603 0 0 0 1 
2318808360246;0.48133;0.0904873;0.953545 -0.013763 0.300935 0.172095 -0.0473585 0.979686 0.194866 -0.417152 -0.297503 -0.200065 0.933523 2.50871 0 0 0 1 
2318808360248;0.277285;0.0996372;0.999891 -0.000810076 0.0147279 0.100559 0.00116374 0.999711 -0.0240207 0.212477 -0.0147042 0.0240352 0.999603 0.508527 0 0 0 1 
2318808360249;0.346523;0.155585;0.960918 0.243532 0.131639 -0.0245561 -0.25484 0.963912 0.0770114 1.031 -0.108133 -0.107548 0.988302 0.661929 0 0 0 1 
2318808360250;0.347649;0.116969;0.975241 -0.112436 0.190428 0.0772033 0.129325 0.988476 -0.0786835 -1.3277 -0.179386 0.101363 0.978543 1.05833 0 0 0 1 
2318808360251;0.136295;0.0914076;0.999574 0.0202855 -0.0210041 0.0427134 -0.0191487 0.998412 0.0529806 -0.0655418 0.0220454 -0.0525558 0.998375 -0.407483 0 0 0 1 
2318808360252;0.263745;0.228791;0.998527 -0.0528604 -0.0122126 0.0695825 0.0529354 0.99858 0.00590251 -0.481097 0.0118832 -0.00654029 0.999908 -0.155305 0 0 0 1 
2318808360253;0.38952;0.202123;0.985091 -0.156763 0.0708624 -0.387733 0.161364 0.984774 -0.0646654 -1.04323 -0.0596463 0.0751359 0.995388 0.143628 0 0 0 1 
2318808360254;0.304973;0.0767709;0.996513 -0.0800891 0.0233965 0.675544 0.0804205 0.996668 -0.0135836 -0.40343 -0.0222306 0.0154178 0.999634 -0.452369 0 0 0 1 
2318808360255;0.467336;0.259606;0.990473 -0.13484 -0.0279422 0.132234 0.132914 0.989184 -0.0620346 -0.763966 0.0360047 0.0577297 0.997683 0.320538 0 0 0 1 
2318808360256;0.501332;0.190005;0.997834 0.0657165 -0.00281489 -0.124815 -0.0625114 0.960746 0.270295 -0.631082 0.0204672 -0.269533 0.962773 0.0607006 0 0 0 1 
2318808360257;0.448145;0.1759;0.934479 0.313456 0.168805 0.604426 -0.316567 0.948529 -0.00886777 1.15164 -0.162896 -0.0451513 0.98561 0.515985 0 0 0 1 
2318808360258;0.160463;0.0923438;0.997079 -0.0556396 -0.0523155 0.276488 0.0555545 0.998451 -0.0030795 -0.412408 0.0524058 0.000164145 0.998626 -0.534264 0 0 0 1 
2318808360259;0.461634;0.128226;0.920907 0.349713 -0.172137 0.12594 -0.331299 0.934937 0.127019 2.12076 0.205357 -0.0599444 0.97685 -1.07882 0 0 0 1 
2318808360260;0.337574;0.0952179;0.957519 0.269813 -0.10177 0.264265 -0.285171 0.938382 -0.195235 1.87813 0.0428226 0.215963 0.975462 -0.507053 0 0 0 1 
2318808360261;0.307288;0.0590721;0.994268 0.0665018 -0.0837202 0.761273 -0.0779329 0.986844 -0.141654 0.357716 0.0731984 0.147367 0.98637 -0.472646 0 0 0 1 
