#;prob_registration_l1 -r ../../../../build/tester /home/point_clouds_registration_benchmark/wood_autumn_local.txt /home/point_clouds_registration_benchmark/wood_autumn -s 0.2 -t 0.2 -p 0.3 -r 1000 -m 10 -i 40 
id;initial_error;final_error;transformation
26875431820000;0.498992;0.245719;0.900209 0.431418 0.059188 0.356939 -0.435303 0.887899 0.148814 1.18735 0.0116482 -0.159729 0.987092 -0.34429 0 0 0 1 
26875431820001;0.336145;0.0565131;0.908673 0.331968 -0.2532 0.692262 -0.297311 0.940274 0.165806 0.942257 0.293119 -0.0753846 0.953099 -0.755287 0 0 0 1 
26875431820002;0.60541;0.0700998;0.887543 0.394419 -0.238119 0.903285 -0.390478 0.918273 0.0655886 1.0776 0.244527 0.0347673 0.969019 -1.38371 0 0 0 1 
26875431820003;0.366204;0.0597604;0.992636 0.110155 -0.0503986 -0.167092 -0.107449 0.992766 0.0535852 -0.0282552 0.0559367 -0.0477753 0.997291 -0.513411 0 0 0 1 
26875431820004;0.698046;0.0609961;0.958456 -0.285237 -0.00160802 0.82541 0.285038 0.957543 0.0431893 -1.18642 -0.0107794 -0.0418534 0.999066 0.421613 0 0 0 1 
26875431820005;0.325213;0.0624931;0.923109 -0.229925 0.308227 -0.393574 0.259464 0.964012 -0.0579556 -0.593623 -0.283809 0.133473 0.949546 1.00588 0 0 0 1 
26875431820006;0.554876;0.049966;0.99997 0.00582117 0.00507116 -0.281861 -0.00584945 0.999967 0.00558014 0.766363 -0.00503851 -0.00560963 0.999972 0.579172 0 0 0 1 
26875431820007;0.383756;0.0500821;0.988467 -0.0417607 -0.145565 0.178878 0.101087 0.897675 0.428906 -0.787766 0.112759 -0.438674 0.891544 -0.389755 0 0 0 1 
26875431820008;0.203498;0.0616426;0.966562 0.0608067 -0.249121 0.0936269 -0.0354967 0.993853 0.104861 0.16387 0.253966 -0.092512 0.962779 -0.951579 0 0 0 1 
26875431820009;0.180609;0.0560281;0.980085 -0.146496 -0.134058 0.0943131 0.144316 0.989193 -0.0258924 -0.282334 0.136402 0.0060301 0.990635 -0.368811 0 0 0 1 
26875431820010;0.462102;0.0662459;0.962289 -0.131654 -0.238047 0.690163 0.140147 0.989948 0.0190353 -0.662606 0.233148 -0.0516791 0.971067 -0.899122 0 0 0 1 
26875431820011;0.575398;0.0602324;0.907973 0.0601159 0.414695 0.090138 -0.15309 0.968833 0.194744 0.429488 -0.390063 -0.240308 0.888877 1.89192 0 0 0 1 
26875431820012;0.688058;0.0657577;0.942563 0.324977 -0.0772395 0.264957 -0.277135 0.88991 0.362292 -0.296204 0.186473 -0.320077 0.928859 -0.660796 0 0 0 1 
26875431820013;0.421251;0.0602743;0.943717 -0.330732 0.00391142 -0.321696 0.330678 0.943686 0.0103871 -0.71984 -0.00712651 -0.00850909 0.999938 -0.296332 0 0 0 1 
26875431820014;0.330264;0.059418;0.953909 -0.291747 0.0702894 -0.458361 0.291808 0.956428 0.00963455 -1.06153 -0.0700376 0.0113205 0.99748 0.213981 0 0 0 1 
26875431820015;0.226693;0.0641524;0.97899 0.201242 0.0328684 0.0268111 -0.191306 0.962261 -0.193534 0.885954 -0.0705752 0.18318 0.980543 0.342965 0 0 0 1 
26875431820016;0.538469;0.0568612;0.901154 -0.00749758 0.433434 0.314305 -0.0509234 0.991097 0.123019 0.515848 -0.430498 -0.132931 0.892749 0.845513 0 0 0 1 
26875431820017;0.524419;0.0724718;0.985588 -0.147261 -0.0832458 -0.048073 0.132349 0.977759 -0.162701 -0.311976 0.105354 0.149338 0.983157 0.608422 0 0 0 1 
26875431820018;0.579586;0.05938;0.979343 0.0481536 -0.196391 0.377206 -0.0688481 0.992608 -0.0999449 0.0297323 0.190127 0.111401 0.975419 0.371312 0 0 0 1 
26875431820019;0.351798;0.0462107;0.978197 0.100642 -0.181665 0.259774 -0.102193 0.994764 0.000827549 0.641779 0.180797 0.0177554 0.98336 -0.948048 0 0 0 1 
26875431820020;0.0809749;0.075132;0.995912 -0.0900571 0.00706055 -0.125038 0.0901246 0.995881 -0.00990616 -0.197919 -0.00613935 0.010502 0.999926 0.0137389 0 0 0 1 
26875431820021;0.644904;0.0464099;0.947763 0.0918338 -0.305471 1.16807 -0.00894403 0.964935 0.262338 0.118181 0.318851 -0.245902 0.91535 -0.624436 0 0 0 1 
26875431820022;0.0317767;0.0450788;0.999269 0.0353316 0.0146291 -0.0302541 -0.03538 0.999369 0.00306671 0.164032 -0.0145115 -0.00358205 0.999888 0.09494 0 0 0 1 
26875431820023;0.284901;0.0662247;0.99811 -0.0614357 0.00163956 0.337865 0.0613537 0.997619 0.0315088 -0.221129 -0.00357141 -0.0313486 0.999502 -0.00829426 0 0 0 1 
26875431820024;0.398113;0.0470034;0.997416 0.0142118 -0.0704176 0.340236 -0.0147914 0.999861 -0.00771632 0.50247 0.0702982 0.00873796 0.997488 -0.539256 0 0 0 1 
26875431820025;0.5828;0.0730178;0.90128 -0.418758 -0.111066 0.131115 0.412369 0.907804 -0.0764392 -1.15312 0.132836 0.0230929 0.990869 0.335873 0 0 0 1 
26875431820026;0.630426;0.0613564;0.978548 0.205433 0.0155068 -0.284074 -0.205612 0.978571 0.011048 0.624072 -0.0129049 -0.0139994 0.999819 0.958202 0 0 0 1 
26875431820027;0.464713;0.0437464;0.993619 0.112707 0.00417417 0.219497 -0.112768 0.992157 0.0539304 0.524749 0.00193692 -0.054057 0.998536 0.677953 0 0 0 1 
26875431820028;0.337162;0.0629006;0.999987 -0.00285017 0.00411721 -0.465696 0.00264406 0.998784 0.0492286 -0.242823 -0.00425251 -0.0492171 0.998779 0.269274 0 0 0 1 
26875431820029;0.206492;0.0524205;0.999496 0.0192944 0.0251976 -0.31376 -0.0179306 0.998419 -0.0532708 -0.00145154 -0.0261856 0.0527922 0.998262 0.250176 0 0 0 1 
26875431820031;0.22611;0.0496161;0.969014 0.101971 0.224976 -0.169495 -0.122175 0.989458 0.0777579 0.382679 -0.214675 -0.102835 0.971257 0.864893 0 0 0 1 
26875431820032;0.537519;0.350111;0.981885 -0.151448 -0.113868 0.389104 0.150707 0.988463 -0.01514 -0.537259 0.114848 -0.00229496 0.99338 -0.630651 0 0 0 1 
26875431820033;0.515263;0.046798;0.998274 0.0403226 -0.0426914 -0.177601 -0.0278954 0.965344 0.259486 -0.619376 0.0516751 -0.257848 0.964803 -0.980911 0 0 0 1 
26875431820034;0.18246;0.0529665;0.996407 0.036207 -0.0765606 -0.233224 -0.0360036 0.999344 0.00403487 0.170596 0.0766564 -0.00126392 0.997057 -0.269809 0 0 0 1 
26875431820035;0.31218;0.223741;0.971321 0.0675268 0.227981 0.17935 -0.10036 0.985662 0.135641 -0.0915829 -0.215552 -0.154631 0.964171 1.0648 0 0 0 1 
26875431820036;0.352511;0.0856646;0.981602 -0.1646 0.0967647 -0.124671 0.185672 0.941059 -0.282727 -0.401397 -0.0445243 0.295492 0.954307 -0.0285765 0 0 0 1 
26875431820037;0.447509;0.0566096;0.998878 -0.0401749 0.0250851 0.223065 0.0401696 0.999193 0.000715972 -0.548833 -0.0250936 0.000292488 0.999685 -0.709208 0 0 0 1 
26875431820038;0.350569;0.0720461;0.996162 -0.0846709 -0.0221809 0.127692 0.0733272 0.945675 -0.316735 0.219218 0.0477942 0.313893 0.948255 -0.695432 0 0 0 1 
26875431820039;0.337073;0.218885;0.987851 -0.0616195 0.142668 -0.121217 0.0403357 0.988234 0.147536 -0.621065 -0.150081 -0.139989 0.978713 0.859861 0 0 0 1 
26875431820040;0.229197;0.0843401;0.996392 -0.0848695 -0.000124066 0.120459 0.083131 0.976274 -0.199947 -0.0420876 0.0170905 0.199215 0.979807 -0.154167 0 0 0 1 
26875431820041;0.10838;0.041079;0.997475 0.0684841 0.0188006 -0.0677362 -0.0683849 0.997642 -0.00587094 0.243901 -0.0191584 0.00457044 0.999806 0.157379 0 0 0 1 
26875431820042;0.455772;0.191453;0.944018 -0.304914 0.125925 0.241488 0.32255 0.933206 -0.158395 -1.602 -0.0692169 0.190145 0.979313 0.491946 0 0 0 1 
26875431820043;0.274946;0.0432502;0.97591 0.115741 0.184941 -0.140168 -0.137067 0.984767 0.106993 0.337098 -0.16974 -0.129765 0.976908 1.07376 0 0 0 1 
26875431820044;0.287192;0.0530589;0.998523 0.0218329 0.0497449 0.0516555 -0.0212324 0.999696 -0.0125681 0.621897 -0.0500042 0.0114934 0.998683 0.251518 0 0 0 1 
26875431820045;0.572084;0.0811847;0.989073 0.088518 -0.117892 0.604528 -0.04103 0.933363 0.35658 -0.664505 0.1416 -0.347847 0.926797 -1.20132 0 0 0 1 
26875431820046;0.148614;0.0504689;0.999063 -0.0431663 0.00314805 -0.00740107 0.0417092 0.979654 0.19631 -0.456311 -0.011558 -0.195994 0.980537 0.0551583 0 0 0 1 
26875431820047;0.191966;0.0381384;0.986837 0.160701 0.0180852 -0.0619832 -0.155472 0.973559 -0.167367 0.918772 -0.0445031 0.162353 0.985729 0.276326 0 0 0 1 
26875431820048;0.552949;0.13787;0.946722 0.299277 0.118958 -0.128144 -0.282307 0.948954 -0.140675 1.37539 -0.154986 0.099598 0.982883 -0.190008 0 0 0 1 
26875431820049;0.452544;0.227613;0.966471 0.198794 0.162526 -0.0873781 -0.197228 0.980016 -0.0258805 0.612785 -0.164423 -0.00704182 0.986365 0.84883 0 0 0 1 
26875431820050;0.381287;0.208196;0.988755 0.0877712 0.121076 0.0143417 -0.0931451 0.994871 0.0394531 0.0222856 -0.116992 -0.0502871 0.991859 0.81948 0 0 0 1 
26875431820051;0.357531;0.0964538;0.987529 -0.0149116 -0.156729 0.541803 0.00966139 0.999368 -0.0342074 0.112987 0.15714 0.0322666 0.987049 -0.456651 0 0 0 1 
26875431820052;0.469273;0.039951;0.964604 0.171506 -0.200312 0.507617 -0.222334 0.937397 -0.268057 1.94808 0.141798 0.303106 0.942348 -1.01051 0 0 0 1 
26875431820053;0.393672;0.046271;0.991756 0.040902 0.121438 0.684804 -0.0592878 0.986619 0.151883 -0.00749641 -0.1136 -0.15783 0.98091 0.473756 0 0 0 1 
26875431820054;0.384531;0.0600258;0.94531 0.221048 -0.239847 0.583681 -0.157003 0.952915 0.259429 0.420465 0.2859 -0.207584 0.935505 -1.32799 0 0 0 1 
26875431820055;0.28566;0.113047;0.994786 -0.101973 -0.00138895 0.261675 0.101949 0.994022 0.039061 -0.698105 -0.00260253 -0.0389989 0.999236 0.210312 0 0 0 1 
26875431820056;0.596591;0.0667607;0.937505 -0.20846 0.278618 -0.159547 0.255721 0.955759 -0.145368 -0.939661 -0.235988 0.207531 0.949337 0.162704 0 0 0 1 
26875431820057;0.446113;0.280601;0.978738 -0.172708 0.110656 0.335057 0.175504 0.984349 -0.0159746 -0.735462 -0.106165 0.0350555 0.99373 0.488044 0 0 0 1 
26875431820058;0.224686;0.0531144;0.999977 -0.000305523 -0.00681266 -0.131094 0.000832723 0.996991 0.0775175 -0.132312 0.00676847 -0.0775214 0.996968 0.321397 0 0 0 1 
26875431820059;0.444316;0.0561362;0.955728 -0.13497 0.261473 -0.48803 0.138291 0.990375 0.00574741 -0.496066 -0.259732 0.0306662 0.965194 0.790762 0 0 0 1 
26875431820060;0.410765;0.0631102;0.982629 0.0958778 0.158898 0.299948 -0.144977 0.931098 0.334723 0.390407 -0.115857 -0.351944 0.928823 1.12359 0 0 0 1 
26875431820062;0.368904;0.0727261;0.950233 0.178306 0.25547 0.56335 -0.231182 0.953257 0.194565 0.451786 -0.208837 -0.243943 0.947037 0.447223 0 0 0 1 
26875431820063;0.231158;0.0721532;0.959573 -0.0706569 -0.272448 0.552216 0.109673 0.985333 0.130735 -0.607473 0.259215 -0.155329 0.953247 -1.08385 0 0 0 1 
26875431820064;0.204838;0.0704746;0.997013 -0.00858946 0.0767486 0.188866 -0.00199005 0.990608 0.136718 0.217885 -0.0772021 -0.136462 0.987632 0.142169 0 0 0 1 
26875431820065;0.171053;0.0535093;0.997976 0.0550584 0.0318055 0.00153394 -0.0539377 0.997928 -0.0350782 -0.0283094 -0.033671 0.0332916 0.998878 0.060979 0 0 0 1 
26875431820066;0.341828;0.0654589;0.887916 0.457151 -0.0511658 0.989242 -0.454764 0.889095 0.0519641 1.8094 0.0692467 -0.0228714 0.997337 -0.291079 0 0 0 1 
26875431820067;0.359104;0.0719165;0.999835 0.0157669 -0.00904976 -0.0707121 -0.0157215 0.999864 0.00506931 0.375329 0.00912845 -0.0049262 0.999946 0.645729 0 0 0 1 
26875431820068;0.231956;0.0616393;0.999721 -0.0185882 0.0145761 0.160852 0.018473 0.999797 0.00799794 -0.111364 -0.0147218 -0.00772644 0.999862 0.565543 0 0 0 1 
26875431820069;0.168442;0.069085;0.984111 -0.148796 0.0968806 0.198496 0.152042 0.988005 -0.0269947 -0.740219 -0.0917019 0.0412957 0.99493 0.549177 0 0 0 1 
26875431820070;0.120851;0.0637674;0.988417 0.134508 -0.0702809 0.357161 -0.130241 0.989532 0.0621569 0.490189 0.0779058 -0.0522835 0.995589 -0.368983 0 0 0 1 
26875431820071;0.559761;0.0843851;0.943292 -0.330694 0.0290046 1.15288 0.330581 0.943737 0.00874179 -1.23947 -0.0302636 0.00134231 0.999541 0.462413 0 0 0 1 
26875431820072;0.11141;0.0756896;0.99879 -0.047507 0.0126988 -0.013014 0.0481194 0.997418 -0.0533002 -0.302599 -0.0101339 0.0538468 0.998498 0.0344505 0 0 0 1 
26875431820073;0.298534;0.0635618;0.954638 -0.297597 0.0101089 0.362825 0.29752 0.954678 0.00842225 -1.50554 -0.0121572 -0.00503262 0.999913 0.216919 0 0 0 1 
26875431820074;0.511902;0.0734761;0.949601 -0.229837 -0.213151 0.941759 0.18068 0.956994 -0.226973 -0.643231 0.256151 0.177022 0.950289 -1.62835 0 0 0 1 
26875431820075;0.368729;0.0857032;0.935237 -0.23189 0.267504 -0.0291811 0.149738 0.943803 0.294642 -1.11133 -0.320796 -0.235505 0.917403 1.55253 0 0 0 1 
26875431820076;0.104083;0.0695242;0.999632 -0.0262318 -0.00696262 0.112705 0.0255906 0.996459 -0.0800963 0.060693 0.00903904 0.0798887 0.996763 0.0835911 0 0 0 1 
26875431820077;0.334061;0.0622753;0.959776 0.278047 -0.038978 0.556489 -0.274588 0.958531 0.0762819 1.23822 0.0585716 -0.0625107 0.996324 -0.739367 0 0 0 1 
26875431820078;0.46154;0.0673875;0.964802 0.260516 0.0358922 -0.114599 -0.251727 0.95438 -0.1606 1.53078 -0.0760935 0.145912 0.986367 -0.0329072 0 0 0 1 
26875431820079;0.388175;0.0725055;0.880887 -0.210966 0.423712 -0.0919446 0.128335 0.968098 0.215212 -0.936116 -0.455597 -0.1352 0.879859 1.78501 0 0 0 1 
26875431820080;0.446652;0.0604277;0.968947 0.245064 0.032937 0.313351 -0.244248 0.969339 -0.0269196 1.18806 -0.0385242 0.0180389 0.999095 -0.615303 0 0 0 1 
26875431820081;0.390076;0.0620093;0.915796 0.401564 0.00798067 0.821322 -0.389137 0.892025 -0.22992 1.98978 -0.0994466 0.207455 0.973177 0.755169 0 0 0 1 
26875431820082;0.269988;0.0631754;0.992359 0.12305 -0.00902556 -0.011598 -0.12026 0.981017 0.152129 0.0448761 0.0275737 -0.149881 0.988319 -0.290821 0 0 0 1 
26875431820083;0.397996;0.0786014;0.918873 -0.320397 0.230256 0.588029 0.319277 0.946678 0.0431618 -1.51196 -0.231807 0.033855 0.972172 1.40798 0 0 0 1 
26875431820084;0.431462;0.065506;0.985927 0.0967853 -0.13631 0.523667 -0.136444 0.936997 -0.32159 0.939431 0.0965969 0.335663 0.937016 0.506657 0 0 0 1 
26875431820085;0.0561572;0.0647495;0.999319 -0.032694 0.0171075 0.0291384 0.0327272 0.999463 -0.00166716 -0.137632 -0.0170438 0.0022259 0.999852 0.13441 0 0 0 1 
26875431820086;0.263745;0.0669843;0.972786 0.224983 0.055405 0.460832 -0.227247 0.973073 0.0385714 0.592571 -0.0452352 -0.0501123 0.997719 -0.0219485 0 0 0 1 
26875431820087;0.254275;0.0716881;0.975168 -0.0880483 -0.20321 0.444041 0.125518 0.975703 0.179579 -0.819539 0.182461 -0.200626 0.962526 -1.11381 0 0 0 1 
26875431820088;0.2679;0.0716135;0.967597 0.252476 -0.00344502 0.586038 -0.252464 0.967142 -0.0299749 1.25107 -0.00423614 0.0298734 0.999545 -0.228666 0 0 0 1 
26875431820089;0.093436;0.0586644;0.999237 0.0386788 -0.00533479 0.168838 -0.0388822 0.998203 -0.0455941 0.331323 0.00356168 0.0457667 0.998946 0.0749566 0 0 0 1 
26875431820090;0.279476;0.0668248;0.99906 0.040488 0.0154868 0.319116 -0.0401092 0.998906 -0.024037 -0.243215 -0.0164431 0.0233932 0.999591 0.48017 0 0 0 1 
26875431820091;0.394578;0.0698956;0.993165 0.113997 0.0250398 0.348425 -0.114166 0.993447 0.00541953 0.434454 -0.0242579 -0.00824119 0.999672 -0.717158 0 0 0 1 
26875431820093;0.345934;0.0254577;0.934387 -0.314203 -0.167923 2.64339 0.307116 0.949288 -0.0673161 -1.14145 0.180558 0.0113274 0.983499 -0.577589 0 0 0 1 
26875431820094;0.529735;0.0268267;0.938424 0.282074 0.199486 -2.52997 -0.268363 0.958789 -0.0932965 1.89609 -0.217582 0.0340169 0.975449 0.710736 0 0 0 1 
26875431820095;0.39088;0.0234325;0.964294 -0.0114217 -0.264587 0.313599 0.00614268 0.999765 -0.0207708 -0.130472 0.264762 0.0184039 0.964138 -0.724325 0 0 0 1 
26875431820096;0.29099;0.0203949;0.970799 0.156705 -0.181642 -0.466945 -0.193652 0.958809 -0.207809 1.25115 0.141595 0.236916 0.961156 -2.24105 0 0 0 1 
26875431820097;0.411668;0.0344233;0.959573 0.277566 0.0466648 -1.79502 -0.277148 0.960705 -0.0153394 2.36964 -0.0490888 0.00178624 0.998793 0.251348 0 0 0 1 
26875431820098;0.305728;0.0259234;0.962209 -0.199844 0.184975 0.992466 0.209615 0.977169 -0.034666 -0.892338 -0.173824 0.0721295 0.982132 0.275691 0 0 0 1 
26875431820099;0.324227;0.0200643;0.906864 -0.421303 0.0100544 3.29083 0.420171 0.90575 0.0554467 -1.6409 -0.0324666 -0.0460581 0.998411 0.447631 0 0 0 1 
26875431820100;0.476247;0.0377815;0.972039 -0.234754 -0.0054838 1.94402 0.23481 0.971936 0.0143281 -0.520037 0.00196632 -0.0152151 0.999882 -0.484907 0 0 0 1 
26875431820101;0.325622;0.0192243;0.951574 0.258404 0.166536 -1.78582 -0.192414 0.923118 -0.332911 1.82935 -0.239758 0.284746 0.928136 -0.610817 0 0 0 1 
26875431820102;0.315339;0.028645;0.97458 0.223439 0.016426 -1.22731 -0.217635 0.961569 -0.16739 1.26332 -0.0531962 0.15956 0.985754 -1.113 0 0 0 1 
26875431820103;0.395286;0.0301609;0.996704 -0.0785882 0.0201338 0.301508 0.0788083 0.996836 -0.0103794 -0.31286 -0.0192544 0.0119319 0.999743 -0.685984 0 0 0 1 
26875431820104;0.491587;0.0432867;0.998684 0.0392937 0.0329658 0.402015 -0.0372977 0.997554 -0.0591218 0.575053 -0.0352083 0.0578144 0.997706 -0.736588 0 0 0 1 
26875431820105;0.296198;0.024254;0.98962 -0.0369 0.138891 0.159591 0.0782165 0.949085 -0.305156 0.2377 -0.120559 0.312852 0.942119 -0.946364 0 0 0 1 
26875431820106;0.351999;0.0201997;0.9534 -0.291702 -0.0770669 1.97137 0.297125 0.952127 0.0719072 -1.68206 0.052402 -0.0914548 0.99443 0.488615 0 0 0 1 
26875431820107;0.398745;0.0267058;0.892571 0.44979 -0.0317253 -2.4185 -0.446856 0.872949 -0.195651 3.46933 -0.0603072 0.188809 0.98016 -0.845208 0 0 0 1 
26875431820108;0.476963;0.0373655;0.963496 0.253456 0.0862294 -1.72617 -0.259106 0.963852 0.0620846 2.29559 -0.0673766 -0.0821608 0.994339 1.17635 0 0 0 1 
26875431820109;0.419848;0.346147;0.997152 -0.0733879 -0.0173798 0.619196 0.0743064 0.995431 0.0599683 -0.369889 0.0128994 -0.0610889 0.998049 0.582368 0 0 0 1 
26875431820110;0.205033;0.026933;0.995508 0.0181079 0.092927 -0.010887 -0.0106307 0.996711 -0.0803358 0.414324 -0.0940761 0.078987 0.992427 -0.12039 0 0 0 1 
26875431820111;0.333895;0.02556;0.986385 -0.163912 0.0133172 1.32725 0.164229 0.986028 -0.0278877 -0.576512 -0.00856003 0.0296951 0.999522 0.438658 0 0 0 1 
26875431820112;0.392948;0.0198116;0.8746 -0.448705 -0.183683 3.54763 0.456068 0.889941 -0.00241571 -1.71925 0.164551 -0.0816594 0.982982 -0.205279 0 0 0 1 
26875431820113;0.35267;0.0203918;0.942099 -0.159706 0.294862 0.880292 0.237264 0.938841 -0.249565 -0.400118 -0.236972 0.305075 0.922374 -0.701873 0 0 0 1 
26875431820114;0.433722;0.0280806;0.908733 -0.377372 0.178312 3.17519 0.389945 0.919954 -0.0403291 -1.01209 -0.14882 0.10618 0.983147 -0.0958069 0 0 0 1 
26875431820115;0.334392;0.0374949;0.973136 -0.224533 0.0509104 1.93949 0.196529 0.925304 0.324328 -0.864433 -0.11993 -0.305609 0.944574 2.58708 0 0 0 1 
26875431820116;0.39563;0.0200012;0.951035 -0.252363 0.178455 2.36876 0.260198 0.965314 -0.0215638 -1.30739 -0.166823 0.0669415 0.983712 0.544316 0 0 0 1 
26875431820117;0.505945;0.0182162;0.967912 0.251242 0.00494342 -2.16162 -0.250617 0.966569 -0.0541729 0.905985 -0.0183887 0.0511957 0.998519 -0.442411 0 0 0 1 
26875431820118;0.542637;0.0255922;0.909193 0.189702 0.37065 -1.00673 -0.277378 0.939846 0.199378 0.825194 -0.310531 -0.284083 0.90712 3.36531 0 0 0 1 
26875431820119;0.33961;0.0194047;0.960665 -0.0540052 -0.272407 0.961515 -0.00940455 0.97402 -0.226268 0.0979668 0.277549 0.219929 0.935199 -2.54534 0 0 0 1 
26875431820120;0.431883;0.0347942;0.989402 0.127887 -0.0687726 -0.119325 -0.0933725 0.923055 0.373164 0.403537 0.111204 -0.362788 0.925213 1.9765 0 0 0 1 
26875431820121;0.296141;0.0223611;0.934738 -0.353434 -0.0367272 2.7558 0.352276 0.93526 -0.0344905 -1.39801 0.0465396 0.0193015 0.99873 -0.52185 0 0 0 1 
26875431820122;0.699318;0.0244606;0.896968 0.0493543 0.439333 -1.1425 -0.0834447 0.994787 0.058612 -0.130867 -0.43415 -0.089233 0.89641 3.35899 0 0 0 1 
26875431820124;0.463953;0.0825732;0.982503 0.0633045 -0.17516 -0.055451 -0.0939781 0.980465 -0.172791 0.980659 0.160799 0.186228 0.969259 -3.15051 0 0 0 1 
26875431820125;0.172503;0.0783366;0.976509 0.211638 -0.0404984 -1.7527 -0.210691 0.977195 0.0264326 1.15989 0.0451689 -0.017279 0.99883 -0.0832473 0 0 0 1 
26875431820126;0.469661;0.0777734;0.999597 -0.026369 -0.0105325 -0.263676 0.0257343 0.998075 -0.0564226 0.259293 0.012 0.0561288 0.998351 0.0301987 0 0 0 1 
26875431820127;0.198437;0.0912113;0.995383 -0.0956245 -0.00825868 0.783968 0.0956008 0.995415 -0.0032102 -0.271294 0.00852778 0.00240585 0.999961 -0.0876974 0 0 0 1 
26875431820128;0.38452;0.105819;0.9441 -0.329528 0.00930789 3.28275 0.329559 0.944133 -0.00197789 -1.10664 -0.00813612 0.00493482 0.999955 -0.416611 0 0 0 1 
26875431820129;0.474436;0.0979961;0.932316 -0.351375 0.0855726 3.5436 0.359513 0.926156 -0.113952 -1.33587 -0.0392136 0.137004 0.989794 -1.65163 0 0 0 1 
26875431820130;0.313572;0.0799131;0.993681 -0.111889 -0.00888991 0.909675 0.111652 0.993464 -0.0237434 -0.711308 0.0114884 0.0226008 0.999679 -0.821327 0 0 0 1 
26875431820131;0.549583;0.0761932;0.994081 0.105372 -0.0264674 -1.50029 -0.101695 0.988188 0.114643 0.221132 0.0382349 -0.111273 0.993054 1.58473 0 0 0 1 
26875431820132;0.557397;0.0936768;0.898839 0.436772 -0.0363141 -2.82946 -0.435959 0.882493 -0.17648 3.73941 -0.0450348 0.174459 0.983634 -0.903749 0 0 0 1 
26875431820133;0.523064;0.11314;0.984169 -0.0640817 0.165243 0.423813 0.00330907 0.938828 0.344371 0.280654 -0.177203 -0.338372 0.924177 4.84927 0 0 0 1 
26875431820134;0.28355;0.079225;0.983825 0.175161 0.0375158 -1.78719 -0.175118 0.984537 -0.00447321 1.18367 -0.0377192 -0.00216882 0.999286 -0.0244779 0 0 0 1 
26875431820135;0.398345;0.0788316;0.980677 -0.0581938 -0.186778 0.56083 0.0872837 0.984594 0.151516 -0.729695 0.175083 -0.164891 0.970648 1.17027 0 0 0 1 
26875431820136;0.188337;0.0750039;0.997363 0.0548939 0.0474775 -0.710854 -0.0539085 0.998308 -0.0217931 0.489246 -0.0485934 0.0191761 0.998635 0.118293 0 0 0 1 
26875431820137;0.314888;0.0733094;0.936492 -0.0328572 0.349147 0.029994 0.0572014 0.99658 -0.059642 -0.368189 -0.345993 0.0758259 0.935168 1.31764 0 0 0 1 
26875431820138;0.521003;0.0577877;0.999958 0.00474398 0.00787634 -0.404145 -0.00468785 0.999964 -0.00713047 -0.509489 -0.00790988 0.00709325 0.999944 0.780313 0 0 0 1 
26875431820139;0.534563;0.0590131;0.96185 -0.227497 -0.151953 3.02747 0.207615 0.968696 -0.136102 -1.29262 0.178159 0.0993623 0.978972 -1.70211 0 0 0 1 
26875431820140;0.635129;0.106715;0.933429 0.107304 -0.342338 0.446162 -0.100943 0.994226 0.0364009 1.00951 0.344268 0.000578939 0.938871 -1.59452 0 0 0 1 
26875431820141;0.451247;0.0939487;0.934023 -0.355496 -0.0349743 3.45769 0.352054 0.899536 0.258638 -1.72125 -0.060484 -0.253887 0.965341 3.04262 0 0 0 1 
26875431820142;0.45211;0.0693846;0.968277 0.0383656 -0.246916 -0.542706 -0.0640021 0.993258 -0.0966514 0.604725 0.241544 0.109388 0.964205 -1.76578 0 0 0 1 
26875431820143;0.371493;0.078889;0.928225 0.0322374 0.37062 -0.564069 -0.123656 0.96633 0.225645 0.476893 -0.350867 -0.255278 0.900958 4.30854 0 0 0 1 
26875431820144;0.382734;0.0838962;0.972076 0.00342726 0.234641 -0.183238 0.0774664 0.939154 -0.334647 0.715412 -0.221511 0.343479 0.912664 -1.87844 0 0 0 1 
26875431820145;0.502979;0.0978637;0.973523 0.222605 0.0519657 -2.16782 -0.221298 0.974752 -0.0297648 1.79761 -0.0572795 0.0174768 0.998205 -0.457161 0 0 0 1 
26875431820146;0.275674;0.0900142;0.960508 0.276941 0.0269818 -2.11956 -0.278222 0.957298 0.0785618 1.76047 -0.00407263 -0.0829662 0.996544 0.586103 0 0 0 1 
26875431820147;0.238197;0.0752174;0.991458 0.0320619 -0.126426 0.0787094 -0.0468206 0.992197 -0.115553 0.513097 0.121735 0.120485 0.985223 -1.53907 0 0 0 1 
26875431820148;0.24302;0.0561387;0.983646 -0.144408 0.107644 1.11183 0.161821 0.970979 -0.176107 -0.788054 -0.0790886 0.190646 0.978468 -1.44298 0 0 0 1 
26875431820149;0.23664;0.0771192;0.940373 -0.332361 0.0723493 3.10046 0.337419 0.938364 -0.0749797 -1.34842 -0.0429697 0.094921 0.994557 -0.626487 0 0 0 1 
26875431820150;0.324251;0.060381;0.982669 -0.182017 -0.0350767 1.70756 0.177737 0.978932 -0.100506 -0.923785 0.0526315 0.0925297 0.994318 -0.602666 0 0 0 1 
26875431820151;0.348638;0.0934952;0.957747 -0.19323 -0.213031 2.20564 0.242042 0.941603 0.234092 -1.38792 0.155357 -0.275763 0.948588 1.83903 0 0 0 1 
26875431820152;0.39459;0.0686973;0.99319 -0.0924532 0.0708936 0.498512 0.096647 0.993616 -0.0581991 -0.341577 -0.0650603 0.0646545 0.995785 -0.887217 0 0 0 1 
26875431820153;0.461448;0.0860904;0.96471 0.259769 -0.0430776 -1.96189 -0.257635 0.964978 0.0494076 1.41627 0.0544035 -0.0365657 0.997849 -0.684438 0 0 0 1 
26875431820155;0.281618;0.0516623;0.996081 0.0613676 -0.0636847 0.469237 -0.0621851 0.998005 -0.0109339 0.193146 0.0628867 0.0148513 0.99791 -0.0796898 0 0 0 1 
26875431820156;0.544215;0.0528826;0.976017 0.211347 -0.0521799 -0.0575017 -0.209829 0.977178 0.0330887 0.270055 0.0579823 -0.0213463 0.998089 0.621055 0 0 0 1 
26875431820157;0.2633;0.0647527;0.986346 -0.163683 -0.0181576 0.0887625 0.154413 0.957507 -0.243594 0.0232261 0.0572581 0.237464 0.969707 -0.138958 0 0 0 1 
26875431820158;0.308459;0.061122;0.936218 0.351267 -0.0103487 0.0692608 -0.351306 0.936258 -0.00217277 0.926703 0.0089258 0.00566974 0.999944 0.202367 0 0 0 1 
26875431820159;0.600497;0.0285941;0.997907 0.0618669 0.0188299 0.753262 -0.0589875 0.990138 -0.127073 0.0846377 -0.0265058 0.125696 0.991715 0.552019 0 0 0 1 
26875431820160;0.450407;0.0334594;0.908972 -0.201707 0.364806 -0.175744 0.27031 0.951412 -0.147472 -0.190352 -0.317335 0.232659 0.919331 0.732058 0 0 0 1 
26875431820161;0.500041;0.0453716;0.977646 -0.205158 -0.0460327 -0.281378 0.203392 0.978268 -0.0402964 -0.484825 0.0532995 0.0300329 0.998127 0.453628 0 0 0 1 
26875431820162;0.266888;0.0531908;0.977646 0.161974 0.134064 -0.133421 -0.135364 0.972766 -0.188154 0.249428 -0.160889 0.165801 0.972946 0.491728 0 0 0 1 
26875431820163;0.112835;0.0246364;0.993982 0.00852622 0.109216 -0.0137915 -0.013934 0.998709 0.0488474 0.0643931 -0.108658 -0.0500752 0.992817 0.367729 0 0 0 1 
26875431820164;0.259006;0.0490398;0.985632 -0.166722 -0.0270855 0.0418589 0.167474 0.985468 0.0283804 -0.546031 0.0219603 -0.0325087 0.99923 -0.271127 0 0 0 1 
26875431820165;0.440579;0.0593404;0.918246 0.395971 -0.00562562 0.102807 -0.383376 0.892418 0.237937 0.610435 0.0992366 -0.216328 0.971264 -0.473148 0 0 0 1 
26875431820166;0.350624;0.0579032;0.948054 -0.274368 -0.160986 0.0161564 0.253777 0.957468 -0.137306 -0.503167 0.191812 0.0893191 0.977359 -0.640253 0 0 0 1 
26875431820167;0.350308;0.0425699;0.982352 -0.177353 0.0594234 0.422152 0.185055 0.967756 -0.170888 -0.0540194 -0.0271999 0.178868 0.983497 0.0193778 0 0 0 1 
26875431820168;0.226339;0.0721531;0.982505 -0.0400421 -0.18188 0.355626 0.0322779 0.998445 -0.0454506 -0.131228 0.183417 0.0387848 0.98227 -0.472916 0 0 0 1 
26875431820169;0.436398;0.0322695;0.999359 -0.0315844 -0.0168387 0.258817 0.0317801 0.999429 0.0114833 0.30498 0.0164663 -0.0120111 0.999792 0.514907 0 0 0 1 
26875431820170;0.561995;0.0638749;0.978415 0.0473762 0.201144 -0.485109 -0.0325861 0.996559 -0.0762163 -0.34316 -0.204062 0.0680167 0.976592 -0.0478013 0 0 0 1 
26875431820171;0.275385;0.0505417;0.996695 0.0810362 0.00564772 -0.0443359 -0.0811394 0.996473 0.0213843 0.245647 -0.0038949 -0.0217719 0.999755 0.433265 0 0 0 1 
26875431820172;0.126727;0.0380669;0.999983 0.00581182 0.000264787 0.00109052 -0.00577313 0.996901 -0.0784575 0.0909651 -0.000719947 0.0784547 0.996917 0.147201 0 0 0 1 
26875431820173;0.248339;0.0312126;0.991055 -0.0884337 0.0999489 -0.104158 0.0846452 0.995545 0.0415384 0.112098 -0.103177 -0.0327066 0.994125 0.325194 0 0 0 1 
26875431820174;0.442063;0.0423331;0.92377 -0.182469 0.33668 -0.313464 0.15934 0.982608 0.0953492 -0.576258 -0.348223 -0.0344341 0.936779 0.625149 0 0 0 1 
26875431820175;0.573407;0.496914;0.954544 0.147504 -0.259014 0.498266 -0.215198 0.942299 -0.256443 1.29451 0.206242 0.300525 0.931208 -0.952949 0 0 0 1 
26875431820176;0.270556;0.0552145;0.988772 0.143077 -0.0431235 -0.32042 -0.147786 0.979011 -0.140346 0.429408 0.0221381 0.145143 0.989163 -0.0613853 0 0 0 1 
26875431820177;0.516211;0.0888581;0.992727 0.0679796 -0.0993604 -0.45929 -0.0843154 0.981699 -0.170759 -0.110744 0.0859338 0.177895 0.98029 -0.0835411 0 0 0 1 
26875431820178;0.516876;0.0420073;0.908782 -0.355279 -0.218844 0.585296 0.389797 0.909982 0.14139 -0.917062 0.148911 -0.213797 0.965462 0.301774 0 0 0 1 
26875431820179;0.506678;0.484023;0.974167 0.213666 0.0731169 -0.424399 -0.213768 0.976863 -0.00651797 0.821698 -0.0728178 -0.00928045 0.997302 0.0627429 0 0 0 1 
26875431820180;0.166082;0.0404752;0.997971 0.0048316 0.06349 -0.201431 -0.0106433 0.995746 0.0915202 0.151644 -0.0627778 -0.0920102 0.993777 0.120407 0 0 0 1 
26875431820181;0.220973;0.0272653;0.983472 -0.179933 0.0201768 0.207089 0.174181 0.97064 0.165891 -0.391188 -0.0494336 -0.159635 0.985938 0.279198 0 0 0 1 
26875431820182;0.311591;0.047096;0.999659 0.0206536 -0.0160043 0.471584 -0.0207063 0.999781 -0.00313504 0.153767 0.015936 0.00346536 0.999867 -0.134799 0 0 0 1 
26875431820183;0.378261;0.0635349;0.895234 0.442483 -0.0525867 -0.0265189 -0.430382 0.889198 0.155235 1.27175 0.115449 -0.116339 0.986477 -0.306412 0 0 0 1 
26875431820184;0.707951;0.0443894;0.95803 -0.280841 0.0575124 -0.0567939 0.285308 0.953623 -0.0959327 -0.322711 -0.0279033 0.108315 0.993725 -0.920829 0 0 0 1 
26875431820186;0.0232744;0.0675948;0.999968 -0.0079043 0.00156215 -0.00583973 0.00795237 0.999403 -0.0336278 0.0194204 -0.00129541 0.0336391 0.999433 0.105834 0 0 0 1 
26875431820187;0.469951;0.0942849;0.998164 -0.0510132 0.0326579 0.135084 0.0523225 0.997805 -0.0405785 0.163481 -0.0305162 0.0422127 0.998643 -0.638233 0 0 0 1 
26875431820188;0.333415;0.153974;0.983319 0.0706018 0.16763 -0.0348272 -0.0513423 0.991854 -0.116571 0.637505 -0.174495 0.10602 0.978934 0.184497 0 0 0 1 
26875431820189;0.215891;0.0747054;0.99924 -0.0258367 0.0291816 -0.0249745 0.0310859 0.979946 -0.196823 0.368705 -0.0235111 0.197581 0.980005 0.175256 0 0 0 1 
26875431820190;0.353199;0.07652;0.999143 -0.0105984 -0.040007 0.12465 0.00850766 0.998607 -0.0520712 0.0295749 0.0405032 0.0516862 0.997842 0.610398 0 0 0 1 
26875431820191;0.375035;0.0923469;0.888431 0.0999332 -0.448001 0.624444 -0.0751664 0.994512 0.0727781 0.0350204 0.452815 -0.0309837 0.891066 -0.377473 0 0 0 1 
26875431820192;0.269163;0.0564354;0.998901 -0.0337302 0.032543 -0.147566 0.0355455 0.997746 -0.0569175 0.404397 -0.0305498 0.0580117 0.997848 0.309959 0 0 0 1 
26875431820193;0.42369;0.140144;0.92763 -0.174413 0.330277 -0.210089 0.268953 0.925506 -0.266651 0.0726286 -0.259167 0.336182 0.905436 0.56307 0 0 0 1 
26875431820194;0.276623;0.13218;0.960423 0.221703 0.16863 -0.193922 -0.206132 0.972869 -0.105048 0.53063 -0.187344 0.0661303 0.980066 0.573771 0 0 0 1 
26875431820195;0.12753;0.083747;0.998992 0.0443358 0.00708352 -0.134083 -0.0441652 0.998767 -0.0226507 0.121089 -0.00807903 0.022315 0.999718 -0.0328724 0 0 0 1 
26875431820196;0.182656;0.0904321;0.998138 -0.0609937 -0.000968588 -0.0978961 0.0607054 0.994732 -0.0825969 -0.212669 0.00600137 0.0823842 0.996583 -0.0558691 0 0 0 1 
26875431820197;0.141522;0.0728804;0.999615 0.0240876 -0.0137515 -0.221156 -0.024296 0.999589 -0.0151972 0.143666 0.0133797 0.0155255 0.99979 0.0012238 0 0 0 1 
26875431820198;0.296595;0.0785727;0.96627 -0.247172 -0.0723008 0.376246 0.244386 0.96862 -0.0452783 -0.156684 0.0812236 0.0260818 0.996355 -0.244119 0 0 0 1 
26875431820199;0.374604;0.0707429;0.894128 -0.422697 -0.147862 0.561698 0.438528 0.893369 0.0979058 -0.658163 0.0907109 -0.152382 0.98415 0.064114 0 0 0 1 
26875431820200;0.14975;0.0729075;0.999254 0.0127003 -0.0364644 -0.189309 -0.0119011 0.999686 0.0220519 0.163756 0.0367331 -0.0216015 0.999092 0.058709 0 0 0 1 
26875431820201;0.180431;0.0796037;0.996077 -0.0438313 -0.0768675 0.309202 0.0416584 0.998692 -0.0296483 -0.0564351 0.0780665 0.0263298 0.9966 -0.0668434 0 0 0 1 
26875431820202;0.0568232;0.0729988;0.999364 -0.0353819 -0.00443566 -0.0100012 0.0348199 0.995097 -0.0925769 0.0850439 0.00768945 0.0923636 0.995696 0.0421108 0 0 0 1 
26875431820203;0.370175;0.182659;0.991952 -0.102162 -0.074789 0.0189166 0.116433 0.968101 0.221863 -0.160207 0.0497373 -0.228786 0.972205 0.105238 0 0 0 1 
26875431820204;0.336699;0.353596;0.98667 0.162702 -0.00314288 -0.18202 -0.161053 0.973539 -0.16212 0.803206 -0.0233176 0.160465 0.986766 0.0282078 0 0 0 1 
26875431820205;0.579018;0.195431;0.972025 -0.00232621 0.234867 0.33631 -0.0136522 0.997701 0.0663828 -0.385224 -0.234482 -0.0677321 0.969758 -0.0235977 0 0 0 1 
26875431820206;0.454909;0.102058;0.951954 0.0180717 0.305706 -0.22443 0.0689255 0.960001 -0.271381 0.00583602 -0.298382 0.279414 0.912631 1.11023 0 0 0 1 
26875431820207;0.201469;0.168968;0.998491 0.0541949 0.00888951 -0.0385973 -0.0544799 0.997874 0.0357723 0.0912914 -0.00693193 -0.0362026 0.99932 0.160922 0 0 0 1 
26875431820208;0.418791;0.244766;0.997568 -0.06907 -0.00937822 -0.0804766 0.0693476 0.969863 0.233573 -0.196806 -0.00703725 -0.233655 0.972294 0.0480981 0 0 0 1 
26875431820209;0.261543;0.0799053;0.954588 -0.297635 0.0132431 0.265076 0.297771 0.954587 -0.00977544 -0.342228 -0.00973221 0.0132749 0.999865 0.0630582 0 0 0 1 
26875431820210;0.579052;0.114615;0.969932 -0.236656 -0.0567924 -0.36635 0.243372 0.941898 0.231512 -0.971915 -0.00129617 -0.238373 0.971173 -0.0831505 0 0 0 1 
26875431820211;0.254845;0.0792015;0.973599 -0.227283 -0.0211649 0.253524 0.22598 0.972785 -0.0512022 -0.34728 0.0322263 0.0450676 0.998464 0.301065 0 0 0 1 
26875431820212;0.320883;0.0861669;0.969222 -0.126632 0.211122 0.0485231 0.161585 0.974214 -0.157469 -0.157121 -0.185738 0.186736 0.964692 0.749531 0 0 0 1 
26875431820213;0.233658;0.0711382;0.998152 -0.0593424 0.0130626 -0.114743 0.0606149 0.987443 -0.145886 0.0576846 -0.00424131 0.146408 0.989215 -0.317135 0 0 0 1 
26875431820214;0.442932;0.0803702;0.984975 0.0263822 -0.170671 0.309887 -0.0731282 0.959004 -0.273795 0.580074 0.156451 0.282162 0.946524 0.380588 0 0 0 1 
26875431820215;0.292551;0.110297;0.973665 0.0462981 0.223232 0.0385564 0.013502 0.965734 -0.259184 -0.037122 -0.227582 0.255372 0.939676 0.411417 0 0 0 1 
26875431820217;0.53888;0.198793;0.973832 -0.123936 0.190501 0.74822 0.18351 0.923297 -0.337411 -0.521911 -0.134072 0.363541 0.92188 -0.220851 0 0 0 1 
26875431820218;0.132212;0.107741;0.999815 0.0150612 0.0119556 -0.0422759 -0.0149408 0.999837 -0.0100967 0.0980246 -0.0121057 0.00991619 0.999878 0.117701 0 0 0 1 
26875431820219;0.276971;0.11055;0.990701 -0.0111215 0.135599 0.319204 0.0119172 0.999916 -0.00505776 -0.639856 -0.135531 0.00662669 0.990751 0.378342 0 0 0 1 
26875431820220;0.346183;0.415585;0.99628 0.062643 0.0591767 -0.235489 -0.0644954 0.997469 0.0299274 0.063874 -0.0571522 -0.0336327 0.997799 0.212732 0 0 0 1 
26875431820221;0.22686;0.0997305;0.999577 0.0225034 0.0184199 0.365314 -0.0229538 0.999433 0.024615 -0.114872 -0.0178555 -0.0250274 0.999527 -0.252925 0 0 0 1 
26875431820222;0.271182;0.302373;0.985293 0.114961 0.126422 -0.183094 -0.112783 0.993323 -0.0242761 0.0714679 -0.128369 0.00966076 0.991679 0.30864 0 0 0 1 
26875431820223;0.173034;0.0845844;0.999498 0.0194042 0.0250546 -0.201424 -0.0199292 0.999583 0.0208797 -0.207279 -0.024639 -0.0213686 0.999468 -0.234976 0 0 0 1 
26875431820224;0.421446;0.0896834;0.992883 0.0711453 0.0955059 -0.709011 -0.0774711 0.994923 0.0642439 -0.365746 -0.0904503 -0.0711856 0.993354 0.612259 0 0 0 1 
26875431820225;0.149136;0.135223;0.989762 0.140434 0.0254782 -0.163939 -0.141865 0.987572 0.0676453 0.389028 -0.0156618 -0.0705672 0.997384 -0.0359799 0 0 0 1 
26875431820226;0.0692592;0.0767385;0.999831 -0.00543187 0.0175799 0.110311 0.00526414 0.99994 0.00957296 -0.141339 -0.0176309 -0.0094788 0.9998 -0.017132 0 0 0 1 
26875431820227;0.394953;0.374884;0.97923 0.155364 0.13027 -0.4505 -0.173167 0.975063 0.138797 -0.0118653 -0.105457 -0.158472 0.981715 -0.0846108 0 0 0 1 
26875431820228;0.385763;0.174077;0.999657 0.01949 0.017477 -0.272638 -0.0181001 0.99691 -0.0764372 0.545685 -0.0189128 0.0760946 0.996921 0.118939 0 0 0 1 
26875431820229;0.236316;0.170238;0.982437 -0.050373 0.179667 0.139948 0.0437684 0.998219 0.0405395 -0.211298 -0.18139 -0.0319637 0.982892 0.759158 0 0 0 1 
26875431820230;0.353557;0.353794;0.971523 0.208667 0.11225 -0.504437 -0.20147 0.976833 -0.0721632 0.711239 -0.124707 0.0474933 0.991056 0.199217 0 0 0 1 
26875431820231;0.448584;0.123896;0.997821 0.0363073 0.0550972 -0.303845 -0.035595 0.99927 -0.0138546 0.167938 -0.0555601 0.0118632 0.998385 -0.72332 0 0 0 1 
26875431820232;0.290281;0.274877;0.966018 -0.110323 0.233749 0.4285 0.0341689 0.950905 0.30759 -0.71914 -0.256208 -0.289151 0.922361 1.26687 0 0 0 1 
26875431820233;0.217224;0.11918;0.999674 -0.0201237 -0.01571 0.43817 0.0204029 0.999633 0.017817 -0.285623 0.0153457 -0.0181317 0.999718 -0.198396 0 0 0 1 
26875431820234;0.288361;0.113034;0.998934 -0.044925 0.0106169 0.0309548 0.0437525 0.994743 0.0925871 -0.848117 -0.0147206 -0.0920238 0.995648 -0.103624 0 0 0 1 
26875431820235;0.189456;0.153467;0.998405 -0.0290714 -0.0484012 0.126774 0.0310779 0.998666 0.0412313 -0.357206 0.047138 -0.0426697 0.997977 -0.261842 0 0 0 1 
26875431820236;0.315102;0.339918;0.959148 0.140429 0.245591 -0.217077 -0.133494 0.990039 -0.0447479 0.210088 -0.249429 0.0101348 0.96834 1.10437 0 0 0 1 
26875431820237;0.012092;0.0763058;0.999606 0.0156252 0.0233293 -0.0273139 -0.015883 0.999814 0.0109061 -0.0785284 -0.0231546 -0.0112723 0.999668 0.0544004 0 0 0 1 
26875431820238;0.26454;0.170456;0.97238 -0.175199 0.154217 0.317206 0.158796 0.980822 0.113014 -1.20387 -0.171059 -0.0854032 0.981552 1.02437 0 0 0 1 
26875431820239;0.246987;0.0928999;0.997749 0.0514262 0.043036 -0.337977 -0.0556702 0.993013 0.104052 -0.363884 -0.0373842 -0.106213 0.99364 0.170615 0 0 0 1 
26875431820240;0.363487;0.335862;0.964425 0.238774 -0.113452 -0.404095 -0.223066 0.965344 0.13547 0.591302 0.141867 -0.105343 0.984265 -1.07068 0 0 0 1 
26875431820241;0.468508;0.210618;0.952304 -0.293192 0.0845848 0.0862731 0.292428 0.956044 0.021566 -1.74437 -0.0871898 0.00419755 0.996183 0.73892 0 0 0 1 
26875431820242;0.496458;0.248182;0.995215 -0.0921249 -0.032563 0.302273 0.0975373 0.916824 0.387195 -1.64616 -0.00581572 -0.388518 0.921423 0.0374438 0 0 0 1 
26875431820243;0.419239;0.255404;0.924653 0.186655 0.33193 -0.42639 -0.156428 0.980875 -0.115821 0.497376 -0.3472 0.0551711 0.936167 1.17467 0 0 0 1 
26875431820244;0.327061;0.136295;0.999185 0.0368944 0.0163597 -0.479074 -0.0351716 0.994819 -0.0953789 0.443903 -0.0197939 0.0947258 0.995307 0.000353672 0 0 0 1 
26875431820245;0.440644;0.162937;0.910371 0.0528382 0.410406 -0.388933 -0.108396 0.987631 0.113292 -0.0291724 -0.399344 -0.147624 0.904838 1.8239 0 0 0 1 
26875431820246;0.33651;0.101593;0.987653 -0.0208225 0.155267 -0.124859 0.00494394 0.994776 0.101959 -0.638142 -0.156579 -0.0999323 0.982597 0.257703 0 0 0 1 
26875431820248;0.482971;0.0673493;0.945771 -0.0886301 -0.312509 0.878205 0.119419 0.989554 0.0807617 -0.416627 0.302087 -0.113702 0.946475 -2.24133 0 0 0 1 
26875431820249;0.481186;0.0585322;0.974386 -0.19356 -0.11448 0.434408 0.184153 0.978967 -0.0878137 -0.7514 0.129069 0.0644827 0.989537 0.407742 0 0 0 1 
26875431820250;0.362957;0.059017;0.965084 0.215824 0.148437 0.197901 -0.197659 0.97188 -0.127989 1.43129 -0.171886 0.0941801 0.980605 0.580699 0 0 0 1 
26875431820251;0.294996;0.0564297;0.996548 0.0825095 0.00920995 0.695235 -0.0829206 0.994668 0.0613245 0.0258609 -0.00410098 -0.0618765 0.998075 -0.221615 0 0 0 1 
26875431820252;0.28587;0.0680787;0.999359 -0.025916 0.024706 0.41738 0.0259491 0.999663 -0.00102365 -0.610251 -0.0246711 0.0016641 0.999694 0.354296 0 0 0 1 
26875431820253;0.612372;0.060218;0.96681 0.0825113 -0.241808 1.20699 -0.0251465 0.972553 0.231319 -0.953121 0.254257 -0.217561 0.942348 -1.01708 0 0 0 1 
26875431820254;0.431445;0.310649;0.994311 0.0981877 0.0412884 -0.109283 -0.0948291 0.992537 -0.0766626 0.420185 -0.0485076 0.0723111 0.996202 0.0242296 0 0 0 1 
26875431820255;0.351175;0.0650104;0.99901 -0.0275155 0.0349417 -0.172364 0.0271516 0.999572 0.0108463 -0.0396251 -0.0352252 -0.00988689 0.99933 0.914423 0 0 0 1 
26875431820256;0.151421;0.0540018;0.983583 0.179116 0.0219584 0.1907 -0.178931 0.983809 -0.0101315 0.783577 -0.0234176 0.00603616 0.999708 0.122273 0 0 0 1 
26875431820257;0.412483;0.0626007;0.987287 -0.156147 -0.029696 -0.0333864 0.158442 0.981687 0.105767 -1.65122 0.012637 -0.109128 0.993947 -0.218785 0 0 0 1 
26875431820258;0.238327;0.0608343;0.982265 0.18747 0.00335752 0.269069 -0.185174 0.967114 0.17436 0.583284 0.0294401 -0.171889 0.984676 0.0158012 0 0 0 1 
26875431820259;0.330266;0.0701762;0.945187 -0.277348 0.172336 -0.273392 0.283369 0.958949 -0.010871 -1.47018 -0.162246 0.0591096 0.984978 0.737491 0 0 0 1 
