#;prob_registration_l1 -r /home/probabilistic_point_clouds_registration/build/tester /home/point_clouds_registration_benchmark//devel/registration_pairs/apartment_local.txt /home/point_clouds_registration_benchmark//eth/apartment -s 0.2 -t 0.2 -p 0.3 -r 1000 -m 10 -i 40 
id;initial_error;final_error;transformation
13001298760000;0.820981;1.39513;0.915157 -0.360278 0.180796 -0.39594 0.337782 0.930175 0.143797 -3.24817 -0.219979 -0.0705271 0.972952 0.55531 0 0 0 1 
13001298760001;0.68771;1.50119;0.961291 -0.241831 -0.13205 0.15179 0.275171 0.8672 0.415024 -2.82892 0.0141485 -0.435295 0.900177 0.577558 0 0 0 1 
13001298760002;0.636186;0.457467;0.974042 0.168841 -0.150783 0.136408 -0.119824 0.949687 0.289373 -0.445211 0.192055 -0.263794 0.945266 -1.0573 0 0 0 1 
13001298760003;0.411513;1.31108;0.954995 -0.280798 0.0955865 0.110385 0.274721 0.958827 0.0719702 -2.32069 -0.11186 -0.0424716 0.992816 -0.0204427 0 0 0 1 
13001298760004;0.857932;1.30201;0.922028 -0.351933 -0.161267 0.120844 0.338189 0.934991 -0.106867 -2.23889 0.188393 0.0439954 0.981108 0.400238 0 0 0 1 
13001298760005;0.460674;0.817473;0.955088 0.29568 0.0194871 -0.119407 -0.294778 0.95476 -0.0392445 -0.286855 -0.0302093 0.0317375 0.99904 0.445578 0 0 0 1 
13001298760006;0.655521;0.754021;0.916919 0.398849 0.0134067 0.0626985 -0.39866 0.91392 0.0762928 0.826994 0.0181766 -0.075299 0.996995 0.0693629 0 0 0 1 
13001298760007;0.308888;0.812722;0.8968 0.197996 0.395661 -0.347947 -0.268276 0.954471 0.130437 -0.178509 -0.351821 -0.223122 0.909087 1.2431 0 0 0 1 
13001298760008;0.466988;1.03777;0.814638 0.574126 0.0821185 0.46912 -0.574376 0.818271 -0.022915 0.439579 -0.0803513 -0.0284995 0.996359 -0.0376778 0 0 0 1 
13001298760009;0.423945;0.64327;0.927724 0.372764 0.019377 0.0769341 -0.358611 0.9045 -0.230821 0.671121 -0.103568 0.20719 0.972803 -0.126099 0 0 0 1 
13001298760010;0.258498;0.446945;0.974927 0.221778 -0.0182021 -0.030082 -0.222328 0.974236 -0.0378668 0.473927 0.00933515 0.0409642 0.999117 0.0581968 0 0 0 1 
13001298760011;0.784351;1.90723;0.959537 0.274282 0.0636986 -0.1113 -0.279159 0.89701 0.342699 -1.48572 0.0368579 -0.346614 0.937283 -0.834943 0 0 0 1 
13001298760012;0.622128;0.434024;0.961105 0.275126 -0.0241569 0.315697 -0.272707 0.959201 0.074592 -0.176166 0.0436936 -0.065103 0.996921 0.133822 0 0 0 1 
13001298760013;0.398004;0.638717;0.915123 0.359233 0.183033 -0.064573 -0.32174 0.924276 -0.20542 0.3716 -0.242967 0.129096 0.961406 1.11629 0 0 0 1 
13001298760014;0.755219;1.00389;0.987699 0.11541 -0.105509 0.57683 -0.111944 0.992979 0.0382177 -0.384897 0.109179 -0.0259364 0.993684 -0.885572 0 0 0 1 
13001298760015;0.388158;0.890077;0.970328 0.209715 -0.120346 -0.0282685 -0.220004 0.972245 -0.0796164 0.114273 0.100309 0.103731 0.989534 0.117018 0 0 0 1 
13001298760016;0.851768;1.11153;0.824067 0.566459 -0.00611785 1.65933 -0.566459 0.823856 -0.0196069 0.998037 -0.00606628 0.0196229 0.999789 0.564345 0 0 0 1 
13001298760017;0.399547;0.472457;0.930604 0.365631 -0.01705 0.28055 -0.366004 0.930072 -0.0317437 0.550457 0.00425127 0.0357812 0.999351 0.375438 0 0 0 1 
13001298760018;0.820633;0.520438;0.92314 0.340142 -0.179211 0.110613 -0.344755 0.938675 0.00571903 0.482254 0.170166 0.0565044 0.983794 0.432636 0 0 0 1 
13001298760019;0.329854;0.426348;0.993033 0.0904208 -0.0755621 -0.0586427 -0.0853109 0.994009 0.0683221 -0.419638 0.0812872 -0.0613998 0.994798 -0.253556 0 0 0 1 
13001298760020;0.847185;0.467767;0.965837 0.256451 0.0373107 -0.43262 -0.257116 0.966277 0.0141696 0.627834 -0.0324186 -0.0232787 0.999203 0.921839 0 0 0 1 
13001298760021;0.886722;1.28197;0.901573 -0.256165 -0.348635 0.90273 0.344887 0.912083 0.221715 -2.87346 0.261188 -0.320132 0.910657 -1.21398 0 0 0 1 
13001298760022;0.59893;0.821589;0.976112 0.140483 -0.16574 -0.216013 -0.111819 0.978878 0.171155 -0.438076 0.186284 -0.148533 0.971203 -0.865015 0 0 0 1 
13001298760023;0.367247;0.461095;0.993407 0.0781294 0.0838894 -0.25758 -0.0821849 0.995554 0.0460266 -0.431476 -0.0799204 -0.0526176 0.995412 0.0380485 0 0 0 1 
13001298760024;0.0968236;0.48143;0.963986 0.252248 0.0842785 0.10478 -0.258897 0.96256 0.0803166 0.282741 -0.0608634 -0.0992434 0.9932 0.232496 0 0 0 1 
13001298760025;0.689632;1.11801;0.905018 0.423733 -0.0373095 0.677346 -0.407331 0.83802 -0.363048 0.756517 -0.12257 0.343763 0.931023 0.861543 0 0 0 1 
13001298760026;0.452516;1.44231;0.984221 -0.16903 0.0523281 -0.029756 0.16504 0.983582 0.0729906 -1.67987 -0.0638066 -0.0632026 0.995959 0.19641 0 0 0 1 
13001298760027;0.353163;1.45539;0.90789 -0.300908 0.291873 -0.154781 0.196349 0.92039 0.338125 -2.31116 -0.370382 -0.249672 0.894696 0.898253 0 0 0 1 
13001298760028;0.770166;0.683041;0.995529 0.0761989 0.055821 -0.290369 -0.0700468 0.992011 -0.104917 0.157469 -0.0633696 0.100538 0.992913 -0.0649273 0 0 0 1 
13001298760029;0.444231;0.448534;0.89539 0.389087 0.216539 0.308332 -0.407877 0.911759 0.0482852 0.47801 -0.178644 -0.131555 0.975079 0.761331 0 0 0 1 
13001298760031;1.0814;0.689405;0.934196 0.352075 0.0576262 0.522768 -0.313724 0.887625 -0.337193 1.78559 -0.169868 0.296925 0.93967 1.72035 0 0 0 1 
13001298760032;0.762366;0.189786;0.975545 -0.206752 -0.0745995 -0.673123 0.208896 0.977688 0.0221038 -0.633525 0.068365 -0.0371469 0.996969 -0.693799 0 0 0 1 
13001298760033;0.562268;0.191839;0.97587 -0.19456 -0.0991176 -0.625681 0.184284 0.977348 -0.104072 -0.54839 0.117121 0.0832945 0.989619 0.178615 0 0 0 1 
13001298760034;0.913227;0.179318;0.984542 -0.166805 -0.0534046 -0.585117 0.135919 0.919962 -0.36769 -0.239846 0.110463 0.354748 0.928414 1.0256 0 0 0 1 
13001298760035;0.190074;0.180514;0.988145 0.117246 -0.0991099 0.253467 -0.110665 0.991425 0.0694928 0.352854 0.106408 -0.057701 0.992647 -0.470229 0 0 0 1 
13001298760036;1.3176;0.164948;0.931509 -0.359624 -0.0544187 -1.40205 0.36347 0.914862 0.175836 -0.825116 -0.0134492 -0.183572 0.982914 -0.334796 0 0 0 1 
13001298760037;0.408209;0.231758;0.990744 0.121981 -0.059549 0.0110155 -0.128928 0.982866 -0.131725 0.717812 0.0424608 0.138183 0.989496 0.0749791 0 0 0 1 
13001298760038;0.799177;0.154826;0.999963 -7.86513e-05 -0.00864157 0.406326 0.00147156 0.986904 0.1613 -0.333411 0.00851571 -0.161306 0.986868 -0.283166 0 0 0 1 
13001298760039;0.512139;0.187657;0.999871 0.00789099 -0.0139813 -0.0714884 -0.00805644 0.999898 -0.0118171 0.0692925 0.0138866 0.0119282 0.999832 0.372585 0 0 0 1 
13001298760040;0.790161;0.165379;0.99991 0.00824948 0.0105566 0.110781 -0.00815165 0.999924 -0.00927639 0.263119 -0.0106323 0.0091895 0.999901 -0.40559 0 0 0 1 
13001298760041;0.304867;0.197225;0.9857 -0.120482 0.117815 -0.351822 0.128751 0.989527 -0.0652647 -0.104903 -0.108718 0.0795002 0.990889 0.454097 0 0 0 1 
13001298760042;0.323258;0.184631;0.997769 0.0666494 -0.00383877 0.124283 -0.0664522 0.997042 0.0386149 0.0656505 0.00640108 -0.0382737 0.999247 0.00710824 0 0 0 1 
13001298760043;1.1294;0.326378;0.964812 -0.260482 -0.0358683 -0.670515 0.26034 0.927208 0.269275 -1.64537 -0.036884 -0.269138 0.962395 -0.724672 0 0 0 1 
13001298760044;0.672602;0.151754;0.988004 -0.0709605 0.137162 -0.577618 0.0762162 0.99653 -0.0334468 -0.0157902 -0.134312 0.0434995 0.989984 0.232403 0 0 0 1 
13001298760045;0.603165;0.167754;0.872388 0.487866 0.0304335 1.364 -0.484583 0.871332 -0.0771937 1.42894 -0.0641779 0.0525953 0.996552 0.0464753 0 0 0 1 
13001298760046;0.435224;0.207525;0.901871 0.10944 -0.417914 0.727745 -0.128998 0.991468 -0.0187434 0.595388 0.412297 0.0708141 0.908293 -1.0938 0 0 0 1 
13001298760047;1.03472;0.144158;0.998666 -0.0317356 0.0407213 -0.288997 0.0211372 0.970956 0.238323 -0.498688 -0.0471019 -0.237145 0.970332 -0.932496 0 0 0 1 
13001298760048;1.38851;0.216186;0.992551 0.0794807 0.0923298 0.145914 -0.112115 0.892448 0.436998 -0.701309 -0.0476667 -0.444094 0.894711 -1.30156 0 0 0 1 
13001298760049;0.308211;0.238624;0.989954 0.119204 -0.0760305 0.0405215 -0.110536 0.98782 0.109515 0.255272 0.0881591 -0.100011 0.991073 -0.452293 0 0 0 1 
13001298760050;0.383404;0.201458;0.998913 -0.0445029 0.0138505 -0.440847 0.0447146 0.998881 -0.0153743 -0.141926 -0.0131508 0.0159769 0.999786 0.17995 0 0 0 1 
13001298760051;1.39486;0.152419;0.909229 -0.393237 0.136632 -1.63245 0.402881 0.913835 -0.0509176 -1.50437 -0.104836 0.101342 0.989312 0.633844 0 0 0 1 
13001298760052;0.390791;0.135775;0.999933 -0.0114831 -0.00134269 -0.30087 0.0114905 0.999918 0.00559844 -0.139409 0.0012783 -0.00561349 0.999983 -0.0362945 0 0 0 1 
13001298760053;0.738841;0.392247;0.968435 0.248599 0.0182278 0.804997 -0.248749 0.959129 0.134892 0.570616 0.0160512 -0.135169 0.990693 -0.108815 0 0 0 1 
13001298760054;0.290741;0.180284;0.989959 -0.139848 -0.0205958 -0.443029 0.13962 0.990131 -0.0120943 -0.303158 0.0220839 0.00909723 0.999715 -0.181687 0 0 0 1 
13001298760055;0.983527;0.139526;0.973166 0.192309 0.126356 -0.305105 -0.173139 0.973655 -0.148388 0.738398 -0.151564 0.122528 0.980824 0.981419 0 0 0 1 
13001298760056;0.893456;0.61321;0.996711 -0.07767 0.0231244 -0.0362282 0.0780804 0.996795 -0.0174073 -0.425386 -0.0216983 0.0191556 0.999581 -0.00110448 0 0 0 1 
13001298760057;1.32906;0.209292;0.994825 0.0866828 0.0530108 0.549075 -0.086679 0.996233 -0.00237463 0.932683 -0.053017 -0.00223258 0.998591 -0.371974 0 0 0 1 
13001298760058;1.04418;0.162078;0.934904 -0.322069 0.149084 -0.729207 0.317208 0.946703 0.055972 -0.962928 -0.159165 -0.00503775 0.987239 -0.192146 0 0 0 1 
13001298760059;1.02726;0.159069;0.997023 0.0644567 -0.0423116 0.485864 -0.0526781 0.970169 0.236639 -0.109627 0.0563023 -0.233705 0.970676 -1.18321 0 0 0 1 
13001298760060;1.18019;1.0677;0.984695 -0.15641 -0.0768885 -0.00467405 0.16664 0.974164 0.152433 -1.52076 0.05106 -0.162913 0.985318 -0.377386 0 0 0 1 
13001298760062;0.42647;0.925172;0.986159 -0.165359 0.0120894 -0.311299 0.164053 0.983727 0.0732602 -0.214105 -0.0240069 -0.070263 0.99724 0.128034 0 0 0 1 
13001298760063;0.820769;0.963043;0.970908 -0.236202 0.0393291 -0.148985 0.236002 0.971704 0.00971306 -0.18522 -0.0405105 -0.000148715 0.999179 0.737942 0 0 0 1 
13001298760064;0.637796;0.889906;0.999808 0.0124864 -0.01508 0.110289 -0.0129977 0.999327 -0.0343039 0.69613 0.0146415 0.0344933 0.999298 0.451248 0 0 0 1 
13001298760065;1.32441;1.22263;0.927553 -0.27995 -0.247533 0.00255476 0.35492 0.86727 0.349104 -1.11502 0.116946 -0.411667 0.9038 -2.29522 0 0 0 1 
13001298760066;0.832986;1.02737;0.939385 -0.342859 -0.00166702 -0.41092 0.342312 0.938139 -0.0521361 -0.186299 0.0194392 0.0484052 0.998639 0.317459 0 0 0 1 
13001298760067;0.500971;1.13698;0.880268 -0.473865 0.0240916 -0.645753 0.473728 0.874891 -0.100732 -1.12956 0.0266559 0.100084 0.994622 -0.0775594 0 0 0 1 
13001298760068;1.1413;1.38733;0.90218 -0.395537 0.172111 -0.987583 0.374259 0.916137 0.143608 -0.0901903 -0.21448 -0.0651455 0.974554 1.00153 0 0 0 1 
13001298760069;0.277143;1.10671;0.978736 -0.140427 -0.14952 0.0446561 0.167826 0.967319 0.190074 -0.084945 0.117942 -0.211126 0.970317 -0.956021 0 0 0 1 
13001298760070;1.31041;1.16696;0.955093 -0.277162 0.104776 -0.660466 0.284608 0.956494 -0.0641723 -0.298357 -0.0824317 0.0911107 0.992423 -0.308841 0 0 0 1 
13001298760071;0.311671;0.998649;0.837574 -0.501988 -0.215588 -0.360328 0.5319 0.839361 0.112049 -1.84276 0.124709 -0.208521 0.970034 -1.0267 0 0 0 1 
13001298760072;0.364438;1.05994;0.915973 -0.400549 0.0235387 -0.618328 0.401208 0.915061 -0.0411708 -0.729646 -0.00504845 0.0471553 0.998875 0.304378 0 0 0 1 
13001298760073;1.33186;1.17003;0.822324 -0.471589 0.318414 -1.03126 0.550882 0.799957 -0.237904 -0.914712 -0.142525 0.371043 0.917613 1.1873 0 0 0 1 
13001298760074;0.375476;1.22483;0.82449 -0.428693 -0.369375 -0.0453211 0.354114 0.900014 -0.254121 -0.59156 0.441383 0.0787191 0.893859 -1.29026 0 0 0 1 
13001298760075;0.892832;1.16198;0.947258 -0.240419 0.211897 -0.241588 0.273248 0.951395 -0.142068 -0.385682 -0.167442 0.192475 0.966911 1.8153 0 0 0 1 
13001298760076;0.49285;0.948429;0.917298 -0.397602 0.0218518 -0.829438 0.398068 0.914181 -0.0762556 -0.986272 0.0103428 0.0786476 0.996849 0.070092 0 0 0 1 
13001298760077;1.25077;0.967143;0.974935 -0.222379 -0.00699248 -0.678692 0.222374 0.97496 -0.00149566 0.0658971 0.00714999 -9.6773e-05 0.999974 0.751053 0 0 0 1 
13001298760078;0.873453;1.05858;0.967352 -0.18128 -0.17711 -0.144125 0.195745 0.978309 0.0677938 0.165786 0.160979 -0.100249 0.981853 -1.31768 0 0 0 1 
13001298760079;0.135451;0.904496;0.972358 -0.229063 -0.0452757 -0.309666 0.226403 0.972357 -0.0571285 -0.285859 0.0571102 0.0452988 0.99734 -0.0252686 0 0 0 1 
13001298760080;0.477523;1.61791;0.696159 -0.640734 0.323763 -0.669565 0.585138 0.767725 0.261173 -1.91243 -0.415904 0.00762844 0.909377 1.58414 0 0 0 1 
13001298760081;0.486196;1.27142;0.947514 -0.0841036 -0.308452 0.281197 0.0825721 0.996422 -0.0180396 0.393939 0.308866 -0.00837683 0.951069 -0.995609 0 0 0 1 
13001298760082;0.60999;1.94742;0.818245 0.572028 -0.0570866 1.61286 -0.572047 0.800376 -0.179331 2.3886 -0.0568915 0.179393 0.982131 0.562951 0 0 0 1 
13001298760083;0.578912;1.25264;0.824118 -0.566281 -0.0124506 -0.474006 0.542526 0.782849 0.304651 -2.04976 -0.162771 -0.257823 0.952383 -0.0605855 0 0 0 1 
13001298760084;0.295038;1.22278;0.999117 -0.0186064 0.0376615 0.153342 0.0219164 0.995748 -0.0894766 0.727529 -0.0358365 0.0902231 0.995277 0.446085 0 0 0 1 
13001298760085;0.331689;1.08664;0.978955 -0.199906 -0.0410535 -0.268606 0.203996 0.964249 0.169143 -0.335652 0.00577319 -0.173958 0.984736 -0.381696 0 0 0 1 
13001298760086;0.698459;0.986406;0.955937 -0.292439 0.0257632 -0.66689 0.293488 0.954072 -0.0600937 -0.765444 -0.00700617 0.065007 0.99786 0.659011 0 0 0 1 
13001298760087;0.67213;0.989245;0.858606 -0.400497 -0.319996 -0.0176574 0.382361 0.916106 -0.120627 -0.839847 0.341461 -0.0187832 0.939708 -1.57252 0 0 0 1 
13001298760088;0.268562;1.03339;0.877137 -0.389087 -0.2815 -0.230275 0.380123 0.920723 -0.088175 -0.888922 0.293491 -0.0296629 0.955502 -1.01418 0 0 0 1 
13001298760089;1.15866;1.18782;0.766112 -0.561025 0.313565 -1.20394 0.607392 0.791498 -0.0678652 -1.90376 -0.210112 0.242449 0.947138 1.96743 0 0 0 1 
13001298760090;0.714198;0.969398;0.9571 -0.286574 -0.0428491 -0.678629 0.288889 0.955187 0.0645023 -0.655602 0.0224443 -0.0741137 0.996997 0.200191 0 0 0 1 
13001298760091;1.1529;0.951774;0.961486 -0.265548 -0.0709097 -0.429719 0.263668 0.963984 -0.0348394 -0.749944 0.0776074 0.014801 0.996874 -0.936589 0 0 0 1 
13001298760093;1.04775;0.44863;0.817729 -0.478726 0.319595 -0.949321 0.484906 0.8721 0.0656299 -1.83534 -0.310138 0.101306 0.945279 0.408602 0 0 0 1 
13001298760094;1.11373;0.351794;0.977009 -0.210789 0.0319639 -0.329303 0.206672 0.973207 0.100769 -1.22517 -0.0523484 -0.0918458 0.994396 -1.05584 0 0 0 1 
13001298760095;0.293853;0.436303;0.98341 -0.0409907 0.176705 0.108055 0.088365 0.958989 -0.269316 -0.487935 -0.158419 0.280462 0.946702 1.40841 0 0 0 1 
13001298760096;0.895384;0.309067;0.988731 -0.140674 0.051213 0.474763 0.138919 0.989635 0.0363768 -0.957584 -0.0557994 -0.0288524 0.998025 0.169123 0 0 0 1 
13001298760097;0.339617;0.580844;0.963269 -0.265764 -0.0384938 -0.160505 0.250822 0.941633 -0.224534 -0.935926 0.09592 0.206631 0.973706 -0.12891 0 0 0 1 
13001298760098;0.188558;0.463458;0.983188 -0.114293 -0.142402 0.175751 0.114214 0.993418 -0.0087558 -0.53537 0.142465 -0.00765565 0.98977 -0.596915 0 0 0 1 
13001298760099;0.958706;0.315386;0.96938 0.0837332 0.230851 0.264941 -0.0648992 0.994002 -0.0880181 -0.602337 -0.236836 0.0703409 0.969 0.534162 0 0 0 1 
13001298760100;0.754489;0.576694;0.989501 -0.0300826 -0.14136 0.0432509 -0.0175822 0.945777 -0.324341 -0.362782 0.143452 0.323422 0.935318 0.92229 0 0 0 1 
13001298760101;0.427244;0.575647;0.99074 0.111553 0.077399 0.869293 -0.106085 0.991783 -0.071496 -0.0149211 -0.0847387 0.0626231 0.994433 0.186035 0 0 0 1 
13001298760102;0.55757;0.764197;0.997848 -0.0277815 -0.0593992 0.368301 0.0258494 0.999119 -0.0330516 -0.337337 0.0602651 0.031445 0.997687 -0.0488224 0 0 0 1 
13001298760103;0.502682;0.596184;0.978974 -0.201758 -0.0300507 -0.104981 0.198675 0.976484 -0.0837081 -0.400565 0.0462328 0.0759778 0.996037 0.116155 0 0 0 1 
13001298760104;0.301846;0.357744;0.869725 -0.493535 -0.00132584 -0.834017 0.490847 0.864703 0.106571 -2.02268 -0.05145 -0.0933381 0.994304 -0.0683924 0 0 0 1 
13001298760105;0.905526;0.712593;0.999297 -0.0252674 -0.0276937 0.466077 0.0199049 0.983613 -0.179191 -0.22275 0.0317676 0.178513 0.983425 -0.381655 0 0 0 1 
13001298760106;0.994487;0.339431;0.902753 -0.430137 -0.00434576 -0.873927 0.430073 0.902325 0.0291081 -2.36425 -0.00859917 -0.0281464 0.999567 0.595094 0 0 0 1 
13001298760107;0.0362635;0.393813;0.981789 -0.189349 -0.0154182 -0.262917 0.188801 0.981511 -0.0314817 -0.783115 0.0210941 0.0279974 0.999385 -0.0379205 0 0 0 1 
13001298760108;1.01768;0.326083;0.948735 -0.287104 -0.132186 -0.267403 0.292104 0.956183 0.0197107 -1.11772 0.120735 -0.0573124 0.991029 -1.43294 0 0 0 1 
13001298760109;0.830454;0.390729;0.954512 -0.291214 -0.0640373 -0.239254 0.289278 0.956496 -0.0378711 -1.07029 0.07228 0.0176238 0.997229 -0.80655 0 0 0 1 
13001298760110;0.923517;0.620237;0.967994 -0.250116 -0.0207044 -0.605376 0.247603 0.965218 -0.0839427 -1.03418 0.0409796 0.0761296 0.996255 0.655878 0 0 0 1 
13001298760111;0.26829;0.376365;0.893931 -0.445417 0.049899 -0.807943 0.442494 0.894771 0.0598703 -1.77209 -0.0713154 -0.03144 0.996958 0.161044 0 0 0 1 
13001298760112;0.495558;0.679434;0.985969 0.00372309 -0.166887 0.494123 0.0108617 0.996202 0.0863951 0.0454027 0.166575 -0.0869955 0.982184 -0.930187 0 0 0 1 
13001298760113;0.269314;0.666872;0.996999 -0.0496351 0.0594037 0.229994 0.0541237 0.995599 -0.0765056 -0.449659 -0.0553449 0.0794912 0.995298 0.148244 0 0 0 1 
13001298760114;0.734561;0.687328;0.833529 -0.551919 0.02481 -1.0018 0.551283 0.82794 -0.102971 -1.91765 0.0362905 0.0995068 0.994375 0.182535 0 0 0 1 
13001298760115;0.321726;0.439269;0.976281 -0.216328 -0.00876657 -0.326604 0.215428 0.97466 -0.0602328 -0.952564 0.0215745 0.0569156 0.998146 -0.214696 0 0 0 1 
13001298760116;1.15818;0.703085;0.999965 0.006278 0.00552618 1.32724 -0.00403698 0.940963 -0.338484 -0.00169278 -0.00732493 0.33845 0.940956 1.44165 0 0 0 1 
13001298760117;0.977589;0.574944;0.938326 -0.338918 -0.0683986 -0.471021 0.314878 0.919364 -0.235842 -1.52325 0.142814 0.199759 0.969381 0.778349 0 0 0 1 
13001298760118;0.349631;0.569182;0.989454 0.12389 0.0750523 0.673934 -0.113551 0.985105 -0.129131 0.0628881 -0.0899325 0.119247 0.988783 0.485891 0 0 0 1 
13001298760119;0.966956;0.543756;0.854228 -0.443828 -0.270761 -0.08733 0.443357 0.893877 -0.0664778 -1.54109 0.271532 -0.0632565 0.960348 -1.73502 0 0 0 1 
13001298760120;0.820899;0.569645;0.997407 -0.0360109 0.0623126 0.607962 0.0399177 0.997238 -0.0626325 -0.497946 -0.059885 0.0649575 0.99609 0.696821 0 0 0 1 
13001298760121;0.247186;0.430187;0.974411 -0.223514 0.0237636 -0.310652 0.223792 0.974589 -0.00969337 -0.69942 -0.0209931 0.0147634 0.999671 0.146402 0 0 0 1 
13001298760122;0.958553;0.420315;0.995852 -0.0745092 -0.0522191 0.433729 0.0770019 0.9959 0.0474697 -1.13045 0.0484681 -0.0512938 0.997507 -0.101242 0 0 0 1 
13001298760124;1.10954;0.106718;0.879462 -0.4748 0.0333484 -0.630034 0.469681 0.877061 0.100815 -3.32734 -0.0771154 -0.0729995 0.994346 -0.240686 0 0 0 1 
13001298760125;0.573277;0.131022;0.937679 0.0171069 -0.347082 0.636089 0.103326 0.93989 0.325471 -0.749998 0.331787 -0.34105 0.879547 -2.85012 0 0 0 1 
13001298760126;0.254431;0.121519;0.96616 0.174353 -0.190093 0.862028 -0.168796 0.984616 0.0451702 0.695205 0.195044 -0.0115548 0.980726 -0.790081 0 0 0 1 
13001298760127;0.992788;0.0934986;0.913803 -0.358787 -0.190359 -0.68524 0.364358 0.931239 -0.0061193 -2.69649 0.179465 -0.063767 0.981696 -1.12245 0 0 0 1 
13001298760128;0.0799235;0.125076;0.999571 0.029172 -0.00253784 0.0952886 -0.0292706 0.997857 -0.0585223 0.182898 0.000825193 0.0585715 0.998283 0.281901 0 0 0 1 
13001298760129;0.127861;0.119783;0.997925 -0.0369768 -0.0527195 0.0264855 0.0364994 0.999284 -0.00999102 -0.0187875 0.0530512 0.00804605 0.998559 -0.139625 0 0 0 1 
13001298760130;0.557579;0.100829;0.96988 -0.224507 -0.0944994 -0.635451 0.220855 0.974144 -0.0476117 -1.23776 0.102745 0.0253069 0.994386 0.0978935 0 0 0 1 
13001298760131;0.697726;0.13149;0.985957 -0.16422 -0.0303573 0.0378148 0.157211 0.974013 -0.163042 -1.07578 0.0563432 0.15598 0.986152 0.387846 0 0 0 1 
13001298760132;0.915785;0.105472;0.976011 0.0217037 0.216636 0.0892166 -0.0167222 0.999553 -0.0248015 0.239698 -0.217078 0.0205839 0.975937 0.318624 0 0 0 1 
13001298760133;0.526097;0.140263;0.992224 0.106491 0.0644291 0.303993 -0.106308 0.994313 -0.00628061 0.572492 -0.0647316 -0.000617541 0.997903 0.866053 0 0 0 1 
13001298760134;0.640051;0.10949;0.99328 -0.0355399 -0.110143 0.217991 0.0317579 0.998851 -0.0359036 0.0860442 0.111293 0.0321644 0.993267 0.180241 0 0 0 1 
13001298760135;0.744448;0.0982092;0.895962 0.417032 -0.15276 1.9805 -0.424288 0.90537 -0.016869 1.87312 0.131269 0.079928 0.988119 0.233633 0 0 0 1 
13001298760136;0.470128;0.149449;0.993287 0.102162 -0.0542512 0.0984973 -0.1033 0.994476 -0.0186002 0.541164 0.0520513 0.0240795 0.998354 -0.368345 0 0 0 1 
13001298760137;0.306436;0.114566;0.965657 0.0655508 0.251416 0.147792 -0.00765408 0.974408 -0.224656 0.0804438 -0.259708 0.215016 0.941446 2.08347 0 0 0 1 
13001298760138;0.926249;0.124605;0.999158 -0.017561 -0.037076 -0.368237 0.0148864 0.99735 -0.0712202 -0.379871 0.0382285 0.0706083 0.996771 -0.551388 0 0 0 1 
13001298760139;0.738974;0.117222;0.971108 0.237538 -0.022919 0.844471 -0.238624 0.965434 -0.104864 1.20073 -0.00278232 0.107303 0.994222 1.0565 0 0 0 1 
13001298760140;1.02616;0.130193;0.987009 0.132484 -0.0908922 0.209487 -0.133805 0.990971 -0.00857341 0.531974 0.0889357 0.0206239 0.995824 -1.15472 0 0 0 1 
13001298760141;0.897713;0.130735;0.955865 -0.227408 0.186031 -0.83643 0.261367 0.947369 -0.184877 -1.69278 -0.134198 0.22534 0.964994 2.01265 0 0 0 1 
13001298760142;0.158181;0.0786691;0.998619 0.00559409 0.0522403 0.00980437 0.000713085 0.992781 -0.119942 0.191662 -0.0525342 0.119814 0.991406 0.69144 0 0 0 1 
13001298760143;0.631582;0.0933993;0.92291 0.371875 -0.099732 1.52656 -0.384573 0.877952 -0.285137 1.71068 -0.0184756 0.30151 0.953284 1.50486 0 0 0 1 
13001298760144;0.855274;0.11989;0.984408 -0.101706 -0.143517 0.530783 0.10484 0.994384 0.0144273 -0.44623 0.141244 -0.0292487 0.989543 -0.295943 0 0 0 1 
13001298760145;0.0426315;0.10935;0.999086 -0.0315138 -0.0288768 -0.0524261 0.0296075 0.997497 -0.0642184 -0.046683 0.0308283 0.0633048 0.997518 0.148553 0 0 0 1 
13001298760146;0.950154;0.132957;0.99343 0.0192824 -0.112801 0.177448 -0.0229424 0.999249 -0.0312382 0.0412792 0.112114 0.0336209 0.993126 0.546984 0 0 0 1 
13001298760147;0.397392;0.0983549;0.935216 0.124538 -0.331453 0.896418 -0.22422 0.932795 -0.282168 1.09907 0.274037 0.338207 0.900289 -0.0920035 0 0 0 1 
13001298760148;0.554781;0.104361;0.996751 -0.0750124 0.0293299 -0.238197 0.0793087 0.977588 -0.195016 -0.44588 -0.014044 0.196708 0.980361 0.261917 0 0 0 1 
13001298760149;0.73823;0.0848547;0.998804 -0.0428649 -0.0235121 -0.0597322 0.0422145 0.99873 -0.027494 0.210954 0.0246608 0.0264685 0.999345 0.617551 0 0 0 1 
13001298760150;0.886242;0.138469;0.969962 -0.24323 0.00353313 -0.275106 0.242975 0.968045 -0.0620661 -1.52843 0.0116761 0.0610603 0.998066 -0.37459 0 0 0 1 
13001298760151;1.10427;0.116437;0.928932 0.324374 0.178513 2.14029 -0.34982 0.926869 0.136161 1.81944 -0.121291 -0.188931 0.974471 0.112825 0 0 0 1 
13001298760152;0.722566;0.103553;0.955576 0.211748 0.205032 0.300631 -0.142387 0.940701 -0.307907 0.497269 -0.258072 0.265035 0.929061 2.35596 0 0 0 1 
13001298760153;0.343462;0.0938527;0.938851 0.316975 -0.134479 1.38284 -0.338113 0.922539 -0.186018 1.50539 0.0650992 0.220112 0.9733 0.417471 0 0 0 1 
13001298760155;0.0682714;0.509287;0.993265 -0.0481679 -0.105375 -0.447221 0.0553183 0.996284 0.0660195 -0.491591 0.101804 -0.0714041 0.992239 -0.297903 0 0 0 1 
13001298760156;0.228778;0.521395;0.997721 0.0243313 -0.0629329 -0.435993 -0.0307221 0.994242 -0.102664 0.16031 0.0600726 0.104363 0.992723 -0.19068 0 0 0 1 
13001298760157;0.606065;0.69232;0.994403 0.0557614 -0.0897438 -1.14899 -0.0593338 0.997528 -0.0376409 -0.448956 0.087423 0.042755 0.995253 -0.0758426 0 0 0 1 
13001298760158;0.344682;0.676537;0.945799 0.0341842 -0.322949 -0.177329 -0.0340563 0.999402 0.00604829 0.0531404 0.322962 0.00527797 0.946397 -1.23522 0 0 0 1 
13001298760159;0.780294;0.635957;0.996179 0.0344137 -0.0802669 0.181265 -0.0276883 0.996128 0.083446 -0.0370218 0.0828278 -0.0809047 0.993274 -0.700868 0 0 0 1 
13001298760160;0.374691;0.8505;0.967972 -0.174629 -0.180376 -0.704823 0.209287 0.958103 0.195543 -1.36004 0.138671 -0.22703 0.963964 -0.188333 0 0 0 1 
13001298760161;0.829311;0.569118;0.974351 0.00511398 0.224977 -1.29952 -0.0359608 0.990433 0.133229 -0.284262 -0.222143 -0.137902 0.965213 0.918217 0 0 0 1 
13001298760162;0.477774;0.592952;0.979482 0.0786846 -0.185536 -0.679795 -0.12783 0.954302 -0.270126 0.321906 0.155802 0.288301 0.94478 -0.194416 0 0 0 1 
13001298760163;0.737936;0.688422;0.993282 -0.0776953 -0.0857595 -0.238189 0.0823183 0.995262 0.0517505 -0.942804 0.0813324 -0.0584624 0.994971 -0.120499 0 0 0 1 
13001298760164;0.306679;0.616809;0.99469 0.0314078 -0.0980023 -0.616987 -0.0586547 0.955498 -0.289108 0.39016 0.0845607 0.293322 0.952267 -0.145106 0 0 0 1 
13001298760165;0.655134;0.469096;0.994198 -0.0856142 -0.0651169 -0.755421 0.0909462 0.992317 0.0838832 -0.691225 0.057435 -0.0893187 0.994346 -0.650706 0 0 0 1 
13001298760166;0.142166;0.562029;0.999596 0.0280147 0.00480971 -0.640707 -0.0276794 0.997846 -0.0594735 0.0498836 -0.00646548 0.0593163 0.998218 0.026568 0 0 0 1 
13001298760167;0.73402;1.16733;0.976287 0.0630076 0.207106 -0.6816 -0.040006 0.99274 -0.113434 -0.591951 -0.21275 0.102458 0.97172 1.32456 0 0 0 1 
13001298760168;0.457979;1.09921;0.993551 0.108623 -0.0325105 -0.696268 -0.111569 0.987694 -0.109608 -0.324229 0.0202045 0.112528 0.993443 -0.219357 0 0 0 1 
13001298760169;0.0971797;0.631588;0.996021 0.0886418 0.00917213 -0.672748 -0.088988 0.983824 0.155472 0.0262597 0.00475757 -0.15567 0.987798 -0.0808797 0 0 0 1 
13001298760170;0.865636;0.974816;0.987588 -0.0451973 -0.15042 -1.14191 0.0305155 0.994667 -0.0985206 -0.356271 0.154071 0.0927076 0.983701 0.0498453 0 0 0 1 
13001298760171;0.53187;0.624284;0.990384 -0.0998182 -0.0957916 -0.722722 0.129739 0.910533 0.392554 -0.973833 0.0480373 -0.401207 0.914727 0.20454 0 0 0 1 
13001298760172;0.399772;1.05949;0.965017 -0.128041 0.228797 -0.756502 0.0947033 0.983955 0.15121 -1.13303 -0.244487 -0.124253 0.961659 1.23013 0 0 0 1 
13001298760173;0.409814;1.21858;0.973249 0.0922777 0.210408 -1.09113 -0.0742803 0.992993 -0.0919066 -0.357246 -0.217415 0.0738188 0.973284 0.90492 0 0 0 1 
13001298760174;0.230776;0.652394;0.994903 0.0320339 -0.0956138 -0.69427 -0.0312388 0.999464 0.00980109 -0.15473 0.0958765 -0.00676427 0.99537 -0.120843 0 0 0 1 
13001298760175;0.184973;0.530685;0.976713 0.113636 -0.181984 -0.448406 -0.120484 0.992348 -0.0269889 0.371309 0.177525 0.0482866 0.982931 -0.808414 0 0 0 1 
13001298760176;0.684651;1.0058;0.992003 -0.12108 -0.0356392 -0.919567 0.126198 0.946695 0.296383 -1.77406 -0.00214654 -0.298511 0.954404 -0.504381 0 0 0 1 
13001298760177;0.712892;0.977846;0.965131 0.170724 0.198433 -0.65793 -0.106988 0.949111 -0.296214 0.336519 -0.238905 0.264655 0.934282 0.846493 0 0 0 1 
13001298760178;0.372998;1.19946;0.994463 0.104894 -0.00641699 -0.890053 -0.104793 0.99439 0.014354 -0.52927 0.00788665 -0.0136021 0.999876 -0.0634103 0 0 0 1 
13001298760179;0.364497;1.15271;0.932192 -0.354215 0.0744989 -0.895849 0.311306 0.889575 0.334283 -2.23834 -0.18468 -0.288424 0.939524 0.819185 0 0 0 1 
13001298760180;0.444705;0.991408;0.915055 -0.35037 -0.199788 -0.661851 0.395462 0.87676 0.273681 -2.10729 0.0792768 -0.329442 0.940842 -0.509979 0 0 0 1 
13001298760181;0.327893;0.533915;0.983626 -0.058729 0.170385 -0.756503 0.0703845 0.995517 -0.0631886 -0.453662 -0.16591 0.0741464 0.98335 0.491359 0 0 0 1 
13001298760182;0.549357;0.64148;0.998294 -0.0137565 -0.0567355 -0.582267 0.0164727 0.998726 0.0476893 -0.603471 0.0560072 -0.0485425 0.99725 0.185859 0 0 0 1 
13001298760183;0.363905;0.995065;0.953234 -0.228019 -0.198376 -0.836869 0.247499 0.965634 0.0793491 -1.27108 0.173465 -0.124736 0.976909 -0.344631 0 0 0 1 
13001298760184;0.185151;0.452922;0.989555 0.109316 -0.0939762 -0.372166 -0.105802 0.993516 0.0416087 0.104979 0.0979154 -0.0312313 0.994705 -0.322103 0 0 0 1 
13001298760186;0.752269;1.17815;0.965345 -0.259055 -0.0316139 -0.380713 0.258915 0.965863 -0.00851828 -1.25523 0.0327414 3.77808e-05 0.999464 0.329857 0 0 0 1 
13001298760187;1.11885;0.696925;0.815959 -0.576023 0.0490721 -0.366114 0.577837 0.815237 -0.0386393 -2.74296 -0.0177483 0.0598838 0.998048 0.45073 0 0 0 1 
13001298760188;1.47853;0.7476;0.975211 -0.218886 0.0324394 -0.576302 0.213414 0.891661 -0.399243 -0.666317 0.0584639 0.396269 0.916271 0.0642851 0 0 0 1 
13001298760189;0.694353;0.624661;0.994593 0.0472103 0.0925033 0.303171 -0.0400263 0.996147 -0.0780346 -0.51203 -0.0958309 0.0739101 0.99265 0.0677949 0 0 0 1 
13001298760190;1.04867;1.30304;0.879144 -0.452099 -0.150706 -0.501378 0.449804 0.891672 -0.0509728 -2.86383 0.157425 -0.0229758 0.987264 -0.66542 0 0 0 1 
13001298760191;0.608395;0.43969;0.999918 0.00558161 0.0115571 -0.00325056 -0.00530312 0.999698 -0.0239888 -0.215451 -0.0116875 0.0239255 0.999645 -0.242579 0 0 0 1 
13001298760192;0.728377;0.651698;0.959743 -0.258677 0.109449 -0.619848 0.262655 0.964606 -0.0233941 -0.873403 -0.0995237 0.0511997 0.993717 0.729397 0 0 0 1 
13001298760193;0.223967;0.658667;0.957761 -0.284071 0.0446914 -0.580508 0.283807 0.958803 0.0122753 -1.12869 -0.0463373 0.000926884 0.998925 0.0923054 0 0 0 1 
13001298760194;0.894476;0.764205;0.985845 -0.121706 0.115311 -0.41697 0.107925 0.987006 0.119039 -1.06692 -0.1283 -0.10491 0.986171 -0.4766 0 0 0 1 
13001298760195;0.58478;1.15316;0.987078 0.132603 0.0899639 0.279415 -0.129936 0.990908 -0.0349026 -0.380784 -0.0937741 0.022762 0.995333 0.554418 0 0 0 1 
13001298760196;0.904607;1.30429;0.955568 -0.290817 0.0481165 -0.896532 0.292613 0.955566 -0.035663 -1.35812 -0.0356071 0.0481579 0.998205 -0.14804 0 0 0 1 
13001298760197;0.286883;0.496409;0.943152 -0.332346 0.00339102 -0.589432 0.332338 0.943157 0.00260566 -1.44135 -0.00406425 -0.00133057 0.999991 0.0629715 0 0 0 1 
13001298760198;1.24998;1.22604;0.981144 0.186393 0.0511273 0.296757 -0.185958 0.982469 -0.0131958 0.18431 -0.0526906 0.0034395 0.998605 -0.318302 0 0 0 1 
13001298760199;1.55468;1.01415;0.917827 -0.229816 -0.323694 0.223808 0.2099 0.973032 -0.0956632 -0.995594 0.33695 0.0198588 0.941313 -1.68744 0 0 0 1 
13001298760200;0.663257;0.548406;0.981716 -0.184221 0.0479135 -0.523836 0.186226 0.981634 -0.0414138 -1.20584 -0.0394042 0.0495794 0.997993 0.0487132 0 0 0 1 
13001298760201;0.427557;0.634633;0.999534 -0.00283577 0.0304093 0.0491291 0.000638031 0.997402 0.0720395 -0.422127 -0.0305346 -0.0719865 0.996938 -0.309892 0 0 0 1 
13001298760202;1.14516;1.33865;0.948501 -0.307625 -0.0755844 -0.490214 0.31646 0.90956 0.269357 -2.28219 -0.0141123 -0.279405 0.96007 -1.35858 0 0 0 1 
13001298760203;0.345194;0.732397;0.997756 0.0603446 -0.0290033 0.177268 -0.0583227 0.996106 0.0661223 -0.25736 0.0328805 -0.0642823 0.99739 -0.171681 0 0 0 1 
13001298760204;0.987501;1.32228;0.911583 -0.404827 0.0716349 -1.08065 0.405915 0.913911 -0.000691518 -1.82559 -0.065188 0.029708 0.997431 -0.282368 0 0 0 1 
13001298760205;1.27725;1.32011;0.911668 -0.400753 0.0908767 -0.159999 0.404662 0.91401 -0.0288782 -2.07197 -0.0714892 0.0631017 0.995443 0.825241 0 0 0 1 
13001298760206;0.732057;1.26508;0.995752 -0.00669622 0.0918347 -0.101728 0.0313187 0.962519 -0.269401 -0.772876 -0.0865886 0.271133 0.958639 1.34314 0 0 0 1 
13001298760207;0.280311;0.601633;0.919883 -0.364458 -0.14486 -0.510451 0.364823 0.930741 -0.0250028 -1.41361 0.14394 -0.0298487 0.989136 -0.372031 0 0 0 1 
13001298760208;0.976835;1.18739;0.967478 -0.226826 0.111965 -0.242636 0.232362 0.971848 -0.038981 -1.83984 -0.0999707 0.0637295 0.992947 0.808791 0 0 0 1 
13001298760209;0.510095;1.22507;0.958386 -0.28449 -0.0236757 -0.255162 0.283104 0.95782 -0.0493143 -1.64312 0.0367065 0.0405594 0.998503 -0.150144 0 0 0 1 
13001298760210;0.786915;0.851789;0.926073 -0.30392 0.223656 -0.746776 0.31159 0.950216 0.00104912 -1.01059 -0.212841 0.0687175 0.974668 0.532718 0 0 0 1 
13001298760211;0.331308;0.525365;0.978376 -0.149396 0.143041 -0.353466 0.126198 0.97911 0.159431 -0.751157 -0.163871 -0.137932 0.976791 0.249617 0 0 0 1 
13001298760212;0.525518;0.560567;0.9922 -0.0753727 0.0992836 -0.391425 0.0740819 0.997114 0.0166289 -0.557614 -0.10025 -0.00914406 0.99492 0.0912035 0 0 0 1 
13001298760213;1.26584;1.33551;0.961007 -0.271594 0.0519908 -0.0630127 0.276089 0.952938 -0.125236 -1.46513 -0.0155306 0.134707 0.990764 1.10353 0 0 0 1 
13001298760214;1.19532;1.34201;0.94589 -0.162743 0.280724 0.0433014 0.135295 0.984148 0.114662 -0.742046 -0.294935 -0.0704772 0.952915 0.846239 0 0 0 1 
13001298760215;0.473246;1.02456;0.997127 0.0757356 0.00106846 0.161688 -0.0756597 0.995269 0.060947 -0.708453 0.00355245 -0.0608528 0.99814 -0.154534 0 0 0 1 
13001298760217;0.222897;0.182024;0.994907 -0.0713237 -0.0712207 -0.0929822 0.0729858 0.997112 0.0210108 -0.298454 0.0695164 -0.0261019 0.997239 -0.183356 0 0 0 1 
13001298760218;0.56062;0.202733;0.977143 0.120764 0.174953 0.677399 -0.156248 0.966029 0.205852 0.253678 -0.14415 -0.228482 0.962817 0.000680686 0 0 0 1 
13001298760219;1.35156;0.165791;0.996716 -0.0808395 -0.00466458 -0.28115 0.0806042 0.996016 -0.038148 0.00623456 0.00772986 0.0376467 0.999261 1.08217 0 0 0 1 
13001298760220;0.477483;0.153346;0.915508 -0.223384 0.334581 -0.210392 0.181966 0.971668 0.150827 -0.747872 -0.358794 -0.0772015 0.930219 1.40983 0 0 0 1 
13001298760221;0.489369;0.203084;0.958367 -0.121618 0.258343 -0.151354 0.0942083 0.988772 0.115994 -0.561196 -0.26955 -0.0868266 0.959064 1.03571 0 0 0 1 
13001298760222;1.04527;0.198302;0.998143 0.0518194 0.0320177 -0.149715 -0.0576921 0.972892 0.223948 -0.388295 -0.0195449 -0.225379 0.974075 -0.833341 0 0 0 1 
13001298760223;0.25956;0.173206;0.969993 0.11087 0.21638 0.258348 -0.123727 0.991214 0.0467593 0.486278 -0.209295 -0.0721282 0.975189 0.602044 0 0 0 1 
13001298760224;0.137794;0.13239;0.998987 0.00599189 -0.0445947 0.0644349 -0.00666228 0.999867 -0.0148995 0.0736284 0.0444995 0.0151815 0.998894 0.0235656 0 0 0 1 
13001298760225;1.05742;0.212469;0.908974 0.00915818 0.416751 -0.414601 0.0166889 0.998158 -0.0583348 -0.124052 -0.416518 0.0599799 0.907147 1.93574 0 0 0 1 
13001298760226;1.15936;0.181945;0.983084 0.182074 -0.0198543 0.0210844 -0.182836 0.981975 -0.0479077 0.647625 0.0107737 0.0507274 0.998654 0.70664 0 0 0 1 
13001298760227;0.324156;0.159206;0.945626 0.311892 -0.0922749 1.27535 -0.322237 0.93692 -0.135442 1.12899 0.0442109 0.157812 0.986479 0.394155 0 0 0 1 
13001298760228;1.39459;0.17375;0.933421 -0.131791 0.333701 -0.625937 0.248468 0.908407 -0.336244 -0.223139 -0.258823 0.396771 0.880672 1.98391 0 0 0 1 
13001298760229;0.664996;0.249055;0.969429 -0.0204557 0.24452 -0.0927404 -0.0336478 0.976023 0.215052 0.129275 -0.243056 -0.216705 0.945496 0.794544 0 0 0 1 
13001298760230;0.977712;0.223943;0.955407 -0.29368 0.0308071 -0.428021 0.290027 0.952867 0.0890426 -1.52812 -0.055505 -0.076137 0.995551 -0.461775 0 0 0 1 
13001298760231;0.367575;0.164584;0.890729 0.372241 0.260843 1.36527 -0.382903 0.923727 -0.0106826 1.2527 -0.244925 -0.0903624 0.965322 0.578195 0 0 0 1 
13001298760232;0.090517;0.167704;0.995219 0.0461019 -0.0860984 0.297236 -0.0510038 0.997148 -0.0556293 0.277902 0.0832882 0.0597547 0.994732 -0.0908032 0 0 0 1 
13001298760233;0.668099;0.175997;0.973148 -0.229931 -0.0107376 -0.125043 0.23017 0.972499 0.0355912 -0.537646 0.00225878 -0.037107 0.999309 0.00188326 0 0 0 1 
13001298760234;0.755306;0.206687;0.990388 0.120446 -0.0680015 0.324269 -0.111614 0.986307 0.121408 0.141374 0.0816935 -0.112651 0.990271 -0.108589 0 0 0 1 
13001298760235;0.973297;0.213591;0.998875 0.0315542 -0.0354056 0.240552 -0.0313361 0.999486 0.00669948 -0.476806 0.0355988 -0.00558247 0.999351 -0.310313 0 0 0 1 
13001298760236;0.97211;0.182105;0.949363 -0.137844 -0.282327 0.3046 0.179222 0.975668 0.126299 -0.912942 0.258047 -0.170502 0.950968 -1.91614 0 0 0 1 
13001298760237;0.48343;0.172644;0.997558 0.0631363 0.0298496 0.19201 -0.0624496 0.997774 -0.0234049 0.0292599 -0.0312608 0.0214837 0.99928 0.0428299 0 0 0 1 
13001298760238;0.245894;0.183931;0.997552 0.0689545 -0.0116562 0.315663 -0.0696908 0.994046 -0.0837575 0.226955 0.00581139 0.0843648 0.996418 0.392319 0 0 0 1 
13001298760239;0.597612;0.195023;0.931524 0.361055 -0.04361 1.40624 -0.359013 0.932084 0.0482484 1.15935 0.0580686 -0.029288 0.997883 -0.56736 0 0 0 1 
13001298760240;0.379328;0.250103;0.999116 -0.04021 -0.0122865 0.0100116 0.0402142 0.999191 9.6675e-05 0.043502 0.0122727 -0.000590682 0.999925 0.294543 0 0 0 1 
13001298760241;0.905295;0.178774;0.998086 -0.0284627 -0.0548989 0.599926 0.0366307 0.987384 0.154048 0.0666688 0.0498216 -0.155764 0.986537 -0.660608 0 0 0 1 
13001298760242;0.886526;0.147911;0.921738 -0.336024 0.193616 -0.987883 0.314274 0.93972 0.134752 -1.37021 -0.227225 -0.0633571 0.971779 0.30219 0 0 0 1 
13001298760243;0.836676;0.182576;0.947077 0.261916 0.185594 1.09123 -0.242605 0.962616 -0.120473 0.614759 -0.210209 0.069071 0.975213 0.56032 0 0 0 1 
13001298760244;1.22657;0.154354;0.992668 0.120561 0.008713 1.01418 -0.120449 0.992642 -0.012435 0.617494 -0.0101481 0.0112944 0.999885 0.786177 0 0 0 1 
13001298760245;1.14759;0.182231;0.997946 -0.0634292 -0.00899192 -0.807857 0.0619511 0.991234 -0.116692 0.0197448 0.0163148 0.115895 0.993127 0.0778848 0 0 0 1 
13001298760246;0.304771;0.191357;0.945216 0.260123 -0.197237 1.15324 -0.270253 0.962443 -0.0258292 0.949651 0.18311 0.0777181 0.980016 -0.485251 0 0 0 1 
13001298760248;0.0489943;0.758575;0.948485 -0.315739 0.0261933 -0.987541 0.316303 0.948422 -0.0211843 -1.66913 -0.0181536 0.0283781 0.999432 0.118518 0 0 0 1 
13001298760249;0.420407;0.856648;0.946899 -0.317353 0.0516734 -1.26107 0.318655 0.947679 -0.0190719 -1.88502 -0.0429173 0.0345252 0.998482 -0.0640939 0 0 0 1 
13001298760250;0.517589;0.811404;0.95708 -0.264349 0.118819 -0.906034 0.267272 0.963578 -0.00909269 -1.50492 -0.112088 0.0404596 0.992874 0.885588 0 0 0 1 
13001298760251;0.918817;0.932828;0.888579 -0.417621 0.189789 -0.869132 0.418149 0.907531 0.0392294 -1.71382 -0.188622 0.0445015 0.981041 0.373623 0 0 0 1 
13001298760252;0.624083;0.879189;0.958442 -0.284777 0.0170496 -1.2791 0.285286 0.956809 -0.055929 -1.13684 -0.000385944 0.0584687 0.998289 0.244572 0 0 0 1 
13001298760253;0.848575;0.86253;0.97897 -0.167833 0.11597 -0.436032 0.166044 0.985802 0.0249886 -1.10906 -0.118517 -0.00520696 0.992938 0.829627 0 0 0 1 
13001298760254;0.316984;0.968257;0.98039 -0.190492 -0.050471 -0.360194 0.182602 0.974443 -0.130831 -1.28281 0.0741035 0.119049 0.990119 0.264942 0 0 0 1 
13001298760255;0.292142;0.834151;0.986381 -0.0535277 -0.155521 -0.33215 0.0537073 0.998552 -0.00304975 -0.791839 0.155459 -0.00534442 0.987828 -0.559035 0 0 0 1 
13001298760256;0.288912;0.741162;0.940901 -0.333482 0.0591185 -1.08193 0.33661 0.940066 -0.0544976 -1.84857 -0.0374013 0.0711768 0.996762 0.495942 0 0 0 1 
13001298760257;0.0896223;0.873744;0.926112 -0.340912 0.16154 -1.18678 0.333192 0.939987 0.073539 -1.859 -0.176916 -0.0142815 0.984122 0.451003 0 0 0 1 
13001298760258;0.918056;0.79971;0.907158 -0.409895 0.0951319 -1.55122 0.402998 0.911352 0.0838454 -1.32297 -0.121067 -0.0377231 0.991927 0.308444 0 0 0 1 
13001298760259;0.628443;0.911399;0.931758 -0.340579 0.125828 -1.57868 0.339962 0.940051 0.027015 -1.60826 -0.127485 0.0176052 0.991684 -0.0102033 0 0 0 1 
13001298760260;0.777086;0.877319;0.872693 -0.473549 0.118984 -1.87945 0.472839 0.880415 0.0359454 -1.88075 -0.121777 0.0248909 0.992245 0.382969 0 0 0 1 
13001298760261;0.754638;1.06333;0.933325 -0.326866 -0.148538 -0.68675 0.29644 0.934973 -0.194806 -1.58185 0.202555 0.137785 0.969529 0.234859 0 0 0 1 
