#;prob_registration_l1 -r /home/probabilistic_point_clouds_registration/build/tester /home/point_clouds_registration_benchmark//devel/registration_pairs/gazebo_winter_local.txt /home/point_clouds_registration_benchmark//eth/gazebo_winter -s 0.2 -t 0.2 -p 0.3 -r 1000 -m 10 -i 40 
id;initial_error;final_error;transformation
38591597440000;0.538033;0.0240239;0.99355 -0.100234 -0.053032 -0.390095 0.101917 0.994339 0.0300345 -0.447286 0.0497214 -0.0352457 0.998141 0.542719 0 0 0 1 
38591597440001;0.518725;0.0275423;0.951172 0.248723 0.182782 0.0367949 -0.26509 0.961609 0.0709668 1.07639 -0.158114 -0.115955 0.980589 -0.0479969 0 0 0 1 
38591597440002;0.466312;0.0124526;0.984327 -0.129706 0.119485 0.0674157 0.134134 0.990516 -0.0297591 -0.321895 -0.114492 0.0453196 0.99239 -0.215294 0 0 0 1 
38591597440003;0.369171;0.0291872;0.979269 0.202562 0.00095861 -0.193447 -0.202563 0.979269 0.00102613 0.776771 -0.000730881 -0.00119904 0.999999 0.388002 0 0 0 1 
38591597440004;0.566929;0.0340711;0.886287 0.392063 -0.246541 1.03415 -0.376428 0.919928 0.109703 1.49091 0.269811 -0.00442308 0.962903 -1.65558 0 0 0 1 
38591597440005;0.214626;0.0245637;0.994805 -0.0813309 -0.0612233 0.0188591 0.080824 0.996671 -0.010715 -0.28891 0.0618909 0.00571099 0.998067 -0.605773 0 0 0 1 
38591597440006;0.296525;0.0294023;0.960425 -0.217815 -0.173611 0.167388 0.239184 0.964341 0.113302 -0.99519 0.142741 -0.150343 0.978275 -0.361024 0 0 0 1 
38591597440007;0.55939;0.0351928;0.990114 0.140231 -0.0029963 0.0671577 -0.139694 0.987791 0.0689528 0.182739 0.0126291 -0.0678526 0.997615 -0.873757 0 0 0 1 
38591597440008;0.573696;0.0337412;0.909826 0.00734257 0.414926 0.325018 -0.11112 0.967644 0.226533 0.486132 -0.399837 -0.252212 0.881203 2.44408 0 0 0 1 
38591597440009;0.226381;0.021612;0.999426 -0.0281579 0.0188268 0.0497563 0.0274262 0.998899 0.0380575 0.090055 -0.0198777 -0.0375193 0.999098 -0.244246 0 0 0 1 
38591597440010;0.405479;0.0305897;0.934853 -0.110425 0.337424 0.0841348 0.223424 0.921592 -0.31741 -0.765087 -0.275918 0.372121 0.886225 1.65496 0 0 0 1 
38591597440011;0.432428;0.013295;0.933008 -0.344424 -0.104249 0.399274 0.35973 0.885058 0.295409 -1.78431 -0.00947957 -0.313121 0.949666 -0.269863 0 0 0 1 
38591597440012;0.493861;0.0390663;0.996315 -0.00252173 -0.0857271 0.341548 -0.0020733 0.998567 -0.0534693 -0.239165 0.0857392 0.05345 0.994883 0.325202 0 0 0 1 
38591597440013;0.489902;0.0566495;0.911955 0.365782 0.185854 0.196051 -0.370858 0.928656 -0.00796014 1.1967 -0.175506 -0.0616662 0.982545 0.382503 0 0 0 1 
38591597440014;0.265078;0.0293077;0.95079 -0.0547776 0.304956 -0.0528877 0.0867297 0.991954 -0.0922259 -0.255115 -0.29745 0.114136 0.94789 1.4386 0 0 0 1 
38591597440015;0.50504;0.0203753;0.941829 -0.328191 0.0724559 0.402758 0.301784 0.92069 0.247499 -1.69991 -0.147936 -0.211236 0.966175 0.164883 0 0 0 1 
38591597440016;0.306367;0.0313477;0.96133 0.115736 -0.2499 0.266638 -0.0688395 0.979588 0.188859 0.00979496 0.266657 -0.164353 0.949675 -1.3547 0 0 0 1 
38591597440017;0.306001;0.0398679;0.991708 -0.127965 0.0118771 -0.21702 0.128489 0.989114 -0.0717202 -0.880169 -0.00257008 0.0726516 0.997354 0.106026 0 0 0 1 
38591597440018;0.310987;0.0271477;0.975509 0.219443 -0.0150749 0.453863 -0.219658 0.97547 -0.0144172 1.03073 0.0115414 0.0173755 0.999782 -0.303783 0 0 0 1 
38591597440019;0.565481;0.0161171;0.985834 -0.160868 0.0474592 -0.570149 0.145247 0.960331 0.23805 -0.240806 -0.0838712 -0.227785 0.970093 -0.149814 0 0 0 1 
38591597440020;0.471158;0.0330904;0.947659 -0.319013 -0.0131446 -0.0234595 0.310702 0.930887 -0.19213 -1.30313 0.0735279 0.177989 0.981282 0.286967 0 0 0 1 
38591597440021;0.264772;0.0242997;0.960143 0.216097 0.177277 0.0870226 -0.225672 0.973556 0.0355095 1.03971 -0.164915 -0.0741006 0.98352 0.543444 0 0 0 1 
38591597440022;0.382739;0.0433591;0.994543 -0.0268944 -0.100799 -0.302593 0.0331195 0.997612 0.0606017 -0.435767 0.0989287 -0.0636094 0.993059 -0.0730353 0 0 0 1 
38591597440023;0.504596;0.244831;0.988433 0.148392 -0.0313149 0.050419 -0.149877 0.987332 -0.052076 0.751274 0.0231905 0.056167 0.998152 -0.609025 0 0 0 1 
38591597440024;0.223621;0.0280959;0.997399 -0.0508216 0.0511023 -0.0197849 0.0622755 0.964631 -0.256142 0.0773444 -0.0362773 0.258658 0.965288 0.318881 0 0 0 1 
38591597440025;0.497841;0.0224747;0.937235 -0.231449 0.260811 -0.358659 0.266205 0.95802 -0.106452 -1.35485 -0.225224 0.1692 0.959503 0.628532 0 0 0 1 
38591597440026;0.507307;0.012041;0.917215 -0.33017 -0.222945 0.448845 0.339818 0.940477 0.0052416 -0.887733 0.207944 -0.0805684 0.974817 -0.607341 0 0 0 1 
38591597440027;0.37107;0.021338;0.995969 0.00483779 0.0895705 -0.234835 -0.0460723 0.884358 0.46453 0.113631 -0.0769651 -0.466784 0.881016 0.359159 0 0 0 1 
38591597440028;0.144155;0.0223642;0.986267 -0.156564 -0.0525843 0.0306539 0.155142 0.987432 -0.0301421 -0.586476 0.0566425 0.0215701 0.998161 -0.154117 0 0 0 1 
38591597440029;0.386592;0.0149881;0.933102 -0.325575 0.152714 0.0410859 0.277342 0.921845 0.270709 -1.46106 -0.228915 -0.210245 0.950471 0.861879 0 0 0 1 
38591597440031;0.613756;0.234529;0.959839 -0.0846192 -0.267485 0.225199 0.0621304 0.993868 -0.0914637 -0.811085 0.273585 0.0711715 0.959211 -1.25749 0 0 0 1 
38591597440032;0.317715;0.0397888;0.936844 0.295185 -0.187586 1.03152 -0.31422 0.945905 -0.0808036 1.42924 0.153586 0.134644 0.978919 -0.410035 0 0 0 1 
38591597440033;0.586776;0.0489223;0.92579 -0.100223 0.36451 0.482226 0.082315 0.994525 0.0643825 0.107213 -0.368967 -0.0296 0.928971 1.46462 0 0 0 1 
38591597440034;0.22655;0.036229;0.986558 -0.141675 0.081439 -0.334238 0.15545 0.967315 -0.200343 -0.946625 -0.0503935 0.210309 0.976335 0.617036 0 0 0 1 
38591597440035;0.489052;0.0422083;0.986302 -0.0890167 0.13887 -0.0291079 0.102051 0.990723 -0.0897377 -1.25151 -0.129594 0.10268 0.986236 0.74732 0 0 0 1 
38591597440036;0.235684;0.0493716;0.986201 -0.165514 0.00360687 -0.129173 0.165553 0.985967 -0.0214561 -0.568491 -4.97526e-06 0.0217572 0.999763 -0.0290311 0 0 0 1 
38591597440037;0.200232;0.0419468;0.994275 0.104524 0.0221803 0.157702 -0.104566 0.994518 0.000703161 0.412111 -0.0219853 -0.00301843 0.999754 -0.230232 0 0 0 1 
38591597440038;0.419626;0.0286315;0.94834 0.309134 -0.0713324 0.809793 -0.317221 0.927366 -0.198401 1.07913 0.00481878 0.21078 0.977522 0.822931 0 0 0 1 
38591597440039;0.360484;0.0321195;0.998627 -0.0196476 0.0485577 -0.076165 0.0267689 0.988222 -0.150665 -0.266167 -0.0450256 0.151758 0.987392 -0.0662185 0 0 0 1 
38591597440040;0.46013;0.0485639;0.880326 0.238148 -0.410258 1.38348 -0.246898 0.968499 0.0324066 0.915686 0.405052 0.0727636 0.911393 -1.93922 0 0 0 1 
38591597440041;0.266595;0.0362332;0.99834 0.0562051 0.0125869 -0.346668 -0.0563789 0.998313 0.0139056 0.16898 -0.0117841 -0.0145922 0.999824 0.0579471 0 0 0 1 
38591597440042;0.263344;0.046374;0.966214 0.214148 -0.143426 0.580895 -0.19881 0.973381 0.114034 0.459909 0.164028 -0.081667 0.983069 -0.732161 0 0 0 1 
38591597440043;0.518284;0.0419032;0.962795 0.265413 -0.0508036 1.0337 -0.258321 0.959148 0.11535 1.06285 0.0793435 -0.0979344 0.992025 -1.29108 0 0 0 1 
38591597440044;0.328581;0.0345133;0.963878 0.250788 0.0896905 0.54746 -0.242926 0.965858 -0.0900285 1.24546 -0.109206 0.0649884 0.991892 0.905871 0 0 0 1 
38591597440045;0.358212;0.0417919;0.97774 0.164492 0.13026 0.123147 -0.168406 0.985524 0.019546 0.918593 -0.12516 -0.0410475 0.991287 0.878909 0 0 0 1 
38591597440046;0.061941;0.0544957;0.999442 -0.0081026 0.0324029 0.00129254 0.0072387 0.999618 0.0266903 -0.066846 -0.0326068 -0.0264409 0.999118 0.0613719 0 0 0 1 
38591597440047;0.281023;0.0331187;0.983328 0.167232 -0.0714154 0.538617 -0.158752 0.981018 0.111363 0.42214 0.0886832 -0.0981687 0.99121 -0.951764 0 0 0 1 
38591597440048;0.595102;0.0446479;0.986352 0.0516671 -0.156331 0.0114467 -0.00173526 0.952697 0.303917 -0.86936 0.164638 -0.299498 0.939785 -2.05098 0 0 0 1 
38591597440049;0.461067;0.0321564;0.897975 0.125502 -0.42177 0.978398 -0.207118 0.966205 -0.153463 0.824473 0.388256 0.225162 0.893622 -1.6304 0 0 0 1 
38591597440050;0.266343;0.0345116;0.998929 0.0123932 -0.0445802 0.062992 -0.0254555 0.951753 -0.305806 0.163833 0.0386395 0.306614 0.951049 0.145868 0 0 0 1 
38591597440051;0.432966;0.0399725;0.926448 0.190707 -0.324537 1.11298 -0.189972 0.981191 0.0342659 1.08605 0.324968 0.0299075 0.945252 -1.19581 0 0 0 1 
38591597440052;0.0767887;0.0406144;0.994839 -0.0151985 0.10032 -0.0670108 0.017927 0.999492 -0.0263524 -0.102739 -0.0998684 0.0280148 0.994606 0.432532 0 0 0 1 
38591597440053;0.465189;0.0488101;0.972298 0.223959 -0.0669265 0.956561 -0.217129 0.971392 0.0961895 1.39643 0.0865543 -0.0789932 0.99311 -0.424917 0 0 0 1 
38591597440054;0.503874;0.0439763;0.997088 0.0495037 0.0580104 -0.739266 -0.0540709 0.995327 0.0800044 0.154605 -0.0537788 -0.0829081 0.995105 0.220889 0 0 0 1 
38591597440055;0.362809;0.0340026;0.992992 -0.11784 0.00895476 -0.205068 0.117841 0.993032 0.000515605 -0.66099 -0.00895313 0.000543242 0.99996 -0.54866 0 0 0 1 
38591597440056;0.349297;0.0482484;0.951105 0.284968 0.119134 0.62026 -0.308385 0.897709 0.314669 0.873356 -0.0172777 -0.336023 0.941695 -0.370196 0 0 0 1 
38591597440057;0.335627;0.0444779;0.927572 -0.0170467 -0.373255 0.533446 0.0342583 0.998631 0.0395269 -0.130344 0.37207 -0.0494511 0.926886 -1.68198 0 0 0 1 
38591597440058;0.689618;0.0516497;0.916982 0.395104 -0.0551042 0.338809 -0.39403 0.91862 0.0296223 1.86563 0.0623237 -0.00545044 0.998041 -0.645338 0 0 0 1 
38591597440059;0.45308;0.0202206;0.99997 0.00748248 0.00198957 -0.366861 -0.00746683 0.999942 -0.00775787 -0.338392 -0.0020475 0.00774278 0.999968 -0.564221 0 0 0 1 
38591597440060;0.265486;0.0459883;0.995568 -0.0918018 0.0204362 0.00167775 0.0903532 0.993908 0.0631138 -0.691472 -0.0261057 -0.0609876 0.997797 0.285905 0 0 0 1 
38591597440062;0.128316;0.0480451;0.997064 -0.076445 0.0043277 -0.242898 0.0749749 0.986233 0.147387 -0.51594 -0.0155351 -0.14663 0.989069 -0.429922 0 0 0 1 
38591597440063;0.451456;0.0599019;0.995971 -0.0359278 0.0821672 -0.292562 0.00785418 0.947666 0.319167 -0.518445 -0.089334 -0.317236 0.94413 0.201104 0 0 0 1 
38591597440064;0.130373;0.0645972;0.998049 0.0623766 0.00254305 -0.0308777 -0.0619575 0.994692 -0.0821496 0.17562 -0.00765377 0.0818318 0.996617 0.151979 0 0 0 1 
38591597440065;0.480669;0.075675;0.950352 0.0809302 0.300469 -0.123377 -0.0600776 0.99514 -0.0780182 0.375703 -0.305323 0.0560933 0.950595 0.839687 0 0 0 1 
38591597440066;0.373674;0.0633591;0.918552 0.0298626 0.39417 0.0659474 -0.0708165 0.993442 0.0897632 0.360983 -0.388904 -0.110366 0.914644 1.65518 0 0 0 1 
38591597440067;0.212733;0.0634316;0.984179 0.14165 0.106427 0.252399 -0.165487 0.949494 0.266601 0.396333 -0.0632877 -0.279995 0.957913 -0.399108 0 0 0 1 
38591597440068;0.0642751;0.0455986;0.998403 -0.0375318 -0.0422184 -0.139162 0.0350831 0.997739 -0.0573166 -0.117507 0.0442741 0.055744 0.997463 -0.0511128 0 0 0 1 
38591597440069;0.225205;0.0464111;0.994136 -0.0494657 -0.0961596 -0.121416 0.0421788 0.996186 -0.0763887 -0.143545 0.0995714 0.0718848 0.99243 -0.657097 0 0 0 1 
38591597440070;0.596655;0.054692;0.983392 -0.133652 0.122787 -1.07247 0.146007 0.984435 -0.0978201 -0.0212036 -0.107802 0.114123 0.9876 0.468938 0 0 0 1 
38591597440071;0.538974;0.0586181;0.968187 0.202951 0.146371 0.211458 -0.231328 0.948968 0.214352 1.20206 -0.0953984 -0.241393 0.965727 0.421597 0 0 0 1 
38591597440072;0.398938;0.0602508;0.986738 0.0842431 -0.138752 0.334665 -0.129318 0.92462 -0.358266 0.906871 0.098111 0.371458 0.923252 0.185269 0 0 0 1 
38591597440073;0.454646;0.0609215;0.972034 0.23438 0.014717 0.124692 -0.234387 0.972142 -0.00127242 0.74511 -0.0146052 -0.00221264 0.999891 -0.345373 0 0 0 1 
38591597440074;0.403252;0.0528709;0.995382 -0.0959542 0.00287807 0.324311 0.0959945 0.994674 -0.0375234 -0.35617 0.000737781 0.0376264 0.999292 0.263251 0 0 0 1 
38591597440075;0.606683;0.050518;0.998818 -0.0421861 -0.024158 0.311134 0.0274799 0.899883 -0.435265 0.0011073 0.0401015 0.434087 0.899978 1.67705 0 0 0 1 
38591597440076;0.528752;0.042908;0.99936 0.0211859 -0.0288091 -0.612343 -0.0204646 0.999475 0.0251067 0.217462 0.0293259 -0.024501 0.99927 0.311573 0 0 0 1 
38591597440077;0.46683;0.349889;0.968512 0.0481133 0.244273 -0.456242 -0.0947571 0.978543 0.182961 0.35095 -0.230229 -0.200346 0.95229 0.468839 0 0 0 1 
38591597440078;0.164495;0.0379165;0.999948 -0.00899971 0.00478529 -0.312927 0.00904458 0.999915 -0.00943777 -0.0794755 -0.00469994 0.00948056 0.999944 0.0764113 0 0 0 1 
38591597440079;0.383028;0.0506634;0.935191 0.0685094 0.347455 0.476395 -0.124026 0.982334 0.140131 0.368605 -0.331717 -0.174143 0.927167 0.598722 0 0 0 1 
38591597440080;0.593423;0.0546031;0.944589 -0.325145 -0.045071 -0.306699 0.325593 0.945506 0.00275611 -1.28522 0.0417188 -0.0172782 0.99898 0.445637 0 0 0 1 
38591597440081;0.611108;0.0531781;0.939842 -0.0109642 -0.341434 0.913716 -0.104625 0.942216 -0.31825 0.466176 0.325194 0.334827 0.884387 -1.15803 0 0 0 1 
38591597440082;0.502695;0.352908;0.995021 0.0950346 0.030014 -0.326104 -0.0977666 0.989233 0.1089 0.34467 -0.0193416 -0.111292 0.9936 -0.684702 0 0 0 1 
38591597440083;0.715049;0.0491863;0.910057 -0.370081 0.186648 -0.548206 0.40042 0.9013 -0.165293 -2.19537 -0.107054 0.225164 0.968422 2.01014 0 0 0 1 
38591597440084;0.378082;0.0525268;0.988991 -0.00578395 0.147866 -0.233418 -0.0229944 0.981092 0.192173 -0.0464204 -0.146181 -0.193458 0.970157 -0.449369 0 0 0 1 
38591597440085;0.428084;0.455764;0.998117 0.0376523 0.0484125 -0.12024 -0.0386709 0.999046 0.0202787 0.042964 -0.0476028 -0.0221127 0.998622 0.237842 0 0 0 1 
38591597440086;0.348552;0.0571156;0.952307 0.211464 -0.219986 0.743401 -0.275929 0.904589 -0.324934 1.10046 0.130285 0.370137 0.919796 0.570545 0 0 0 1 
38591597440087;0.456571;0.044781;0.971595 -0.234994 -0.0279571 -0.991948 0.235689 0.971511 0.024836 -1.26939 0.0213243 -0.0307197 0.999301 -0.680471 0 0 0 1 
38591597440088;0.581918;0.050444;0.991731 0.0425975 0.121057 -0.462302 -0.0453911 0.998761 0.0204123 0.525827 -0.120037 -0.0257384 0.992436 -0.314683 0 0 0 1 
38591597440089;0.343578;0.0564407;0.975201 -0.182892 -0.124634 -0.309975 0.139328 0.944863 -0.296347 -0.467031 0.171962 0.271633 0.946913 -0.419721 0 0 0 1 
38591597440090;0.290589;0.0550188;0.994517 -0.101205 0.0263201 -0.258208 0.100975 0.99484 0.00991055 -0.129409 -0.0271873 -0.00719853 0.999604 0.337879 0 0 0 1 
38591597440091;0.344699;0.335806;0.999097 -0.0275661 0.0323455 -0.213817 0.0283841 0.999282 -0.0251091 -0.203183 -0.0316301 0.0260045 0.999161 0.124986 0 0 0 1 
38591597440093;0.395285;0.033352;0.920961 -0.326212 0.213111 -0.0285526 0.338157 0.940852 -0.0211713 -0.0923722 -0.1936 0.0915629 0.976799 -0.220275 0 0 0 1 
38591597440094;0.48271;0.0238669;0.900439 0.100147 0.423296 0.06315 -0.134094 0.98965 0.0511076 0.451503 -0.413797 -0.102781 0.904549 -0.117534 0 0 0 1 
38591597440095;0.208258;0.0239298;0.966619 0.256135 -0.00660115 -0.10434 -0.255807 0.966203 0.0318379 0.256201 0.0145328 -0.0290864 0.999471 0.00363228 0 0 0 1 
38591597440096;0.348707;0.0157442;0.906811 0.362564 -0.215036 0.0359966 -0.322347 0.925143 0.200505 0.362397 0.271635 -0.112504 0.955802 -0.0616902 0 0 0 1 
38591597440097;0.0996698;0.0224689;0.995993 -0.0838876 -0.0310111 0.0495233 0.0837037 0.996465 -0.00718373 -0.143022 0.0315041 0.0045592 0.999493 0.0847477 0 0 0 1 
38591597440098;0.341585;0.0211319;0.918301 -0.299496 0.258892 0.181708 0.268143 0.951661 0.149805 -0.4333 -0.291244 -0.0681458 0.954219 0.427018 0 0 0 1 
38591597440099;0.517514;0.0220107;0.868019 0.251969 0.427849 -0.638367 -0.27911 0.960259 0.000742856 0.576053 -0.410658 -0.120062 0.90385 0.508618 0 0 0 1 
38591597440100;0.554576;0.01765;0.900589 0.239443 0.362776 -0.806012 -0.224695 0.970887 -0.0830105 -0.302149 -0.37209 -0.00675554 0.928172 0.37715 0 0 0 1 
38591597440101;0.308911;0.0270417;0.997446 0.0112352 -0.0705424 0.42502 -0.0124677 0.999777 -0.0170564 -0.218262 0.070335 0.0178923 0.997363 -0.678123 0 0 0 1 
38591597440102;0.281264;0.0199384;0.965644 0.22745 0.12569 -0.112782 -0.24964 0.946276 0.205528 0.501576 -0.0721897 -0.229844 0.970546 0.0621865 0 0 0 1 
38591597440103;0.458862;0.0255591;0.940899 -0.324331 0.0975581 0.702873 0.305213 0.93683 0.170863 -0.785842 -0.146812 -0.130989 0.980453 -0.0635871 0 0 0 1 
38591597440104;0.179607;0.022579;0.979905 0.0456378 -0.194174 0.131964 -0.0353512 0.997798 0.056117 -0.143119 0.196308 -0.048125 0.979361 -0.250149 0 0 0 1 
38591597440105;0.407802;0.0318269;0.893181 -0.447781 -0.0414678 0.590613 0.446516 0.894033 -0.0364505 -0.496291 0.0533954 0.0140408 0.998475 -0.126265 0 0 0 1 
38591597440106;0.119513;0.0190397;0.998031 -0.00895755 0.0620727 -0.113766 0.0126402 0.998167 -0.0591912 0.0871334 -0.0614287 0.0598593 0.996315 -0.128584 0 0 0 1 
38591597440107;0.268114;0.0267171;0.95754 -0.287876 -0.0156191 0.000244917 0.285914 0.955177 -0.0767438 -0.122894 0.0370117 0.0690196 0.996928 0.0662214 0 0 0 1 
38591597440108;0.407271;0.0240059;0.925013 0.35708 -0.12979 -0.3205 -0.336812 0.928764 0.154772 0.381847 0.17581 -0.0994512 0.979388 0.334777 0 0 0 1 
38591597440109;0.443389;0.0260725;0.975739 0.160147 0.149286 -0.688452 -0.183407 0.970274 0.157894 -0.535617 -0.119562 -0.181444 0.976106 0.0868767 0 0 0 1 
38591597440110;0.432632;0.0311654;0.973462 -0.0711383 0.217513 -0.603566 0.127232 0.958263 -0.256015 0.418991 -0.190222 0.276895 0.941884 0.0423757 0 0 0 1 
38591597440111;0.338245;0.0208366;0.911793 0.347189 -0.219303 0.0622988 -0.341163 0.937682 0.0660373 0.155038 0.228564 0.0146058 0.973419 -0.0176337 0 0 0 1 
38591597440112;0.277197;0.021312;0.970652 0.137416 0.19736 -0.33434 -0.101187 0.977855 -0.183197 -0.0644759 -0.218164 0.15785 0.963062 0.249188 0 0 0 1 
38591597440113;0.357829;0.0340635;0.958906 0.283529 0.0105077 -0.0870742 -0.283485 0.955923 0.0764644 0.166829 0.0116353 -0.076301 0.997017 -0.529005 0 0 0 1 
38591597440114;0.246214;0.0210194;0.974115 0.221807 0.0436134 -0.149529 -0.214399 0.967684 -0.13274 0.476173 -0.0716466 0.119953 0.990191 -0.0486221 0 0 0 1 
38591597440115;0.388473;0.0268618;0.881887 -0.355412 0.30977 0.152916 0.378897 0.925281 -0.0170716 -0.401052 -0.280557 0.132426 0.950658 0.335629 0 0 0 1 
38591597440116;0.336493;0.0255997;0.942022 -0.300162 0.149993 0.28552 0.333852 0.883339 -0.329022 0.00330989 -0.0337347 0.360021 0.932334 -0.201841 0 0 0 1 
38591597440117;0.374866;0.0193503;0.999695 0.0229567 -0.00912368 0.832371 -0.0227129 0.999404 0.0259855 -0.204665 0.00971479 -0.0257704 0.999621 0.229823 0 0 0 1 
38591597440118;0.178075;0.0264743;0.985891 -0.135413 0.0983952 0.0567009 0.154963 0.960612 -0.230675 -0.00204493 -0.0632832 0.242668 0.968043 -0.0212773 0 0 0 1 
38591597440119;0.473817;0.0321243;0.984239 -0.174514 0.0286093 1.05505 0.174806 0.98457 -0.00803039 -0.400885 -0.0267664 0.0129049 0.999558 0.388562 0 0 0 1 
38591597440120;0.215098;0.0321615;0.969138 -0.246227 0.0119625 0.240307 0.246087 0.969173 0.0120646 -0.350581 -0.0145644 -0.00874844 0.999856 0.02711 0 0 0 1 
38591597440121;0.418127;0.0260593;0.99216 0.0922409 0.0843238 0.0626218 -0.097798 0.993125 0.0643293 -0.0125179 -0.0778103 -0.0720717 0.99436 1.06761 0 0 0 1 
38591597440122;0.192825;0.0292339;0.97195 0.233242 0.0301731 -0.137832 -0.235177 0.964987 0.116155 0.148611 -0.0020244 -0.119993 0.992773 0.104599 0 0 0 1 
38591597440124;0.0779043;0.0491204;0.99925 0.0190173 -0.0337216 0.0610736 -0.0195126 0.999706 -0.0144212 0.105939 0.0334374 0.0150684 0.999327 0.140587 0 0 0 1 
38591597440125;0.14453;0.0546881;0.998727 0.0140581 -0.0484446 0.157504 -0.00244748 0.972754 0.231827 -0.15741 0.0503837 -0.231413 0.97155 -0.570877 0 0 0 1 
38591597440126;0.34028;0.0722017;0.95374 -0.153299 0.258612 -0.619538 0.186906 0.976124 -0.110673 -0.186549 -0.235471 0.153889 0.95962 0.294419 0 0 0 1 
38591597440127;0.280733;0.0436954;0.975926 -0.107344 0.189858 -0.463044 0.102981 0.994145 0.032728 0.249772 -0.192259 -0.0123883 0.981266 0.262681 0 0 0 1 
38591597440128;0.300881;0.0707487;0.932886 0.357554 -0.0433554 0.998404 -0.341563 0.916444 0.208481 0.0945954 0.114276 -0.179681 0.977065 -0.545266 0 0 0 1 
38591597440129;0.231531;0.0586355;0.957229 0.0959878 -0.272946 0.563772 -0.034533 0.974525 0.221606 0.0381478 0.287264 -0.202702 0.936158 -0.715452 0 0 0 1 
38591597440130;0.346361;0.063032;0.992697 -0.118994 0.019827 -0.308035 0.118769 0.992848 0.0121516 -0.703269 -0.0211312 -0.00970803 0.99973 -0.222013 0 0 0 1 
38591597440131;0.336968;0.300696;0.978194 -0.198697 0.0604584 -0.191231 0.198649 0.980047 0.00685784 0.151775 -0.0606146 0.0053017 0.998147 0.149547 0 0 0 1 
38591597440132;0.344656;0.0673344;0.902124 0.354961 -0.245304 1.16617 -0.370618 0.928585 -0.0192921 0.207536 0.220938 0.108318 0.969254 0.236404 0 0 0 1 
38591597440133;0.350181;0.0673905;0.988078 0.153327 0.0139121 0.276666 -0.150993 0.982739 -0.10689 -0.360823 -0.030061 0.103515 0.994174 0.481909 0 0 0 1 
38591597440134;0.561974;0.0517832;0.904097 -0.356806 0.235155 -0.387882 0.354846 0.933472 0.0521058 -0.257921 -0.238102 0.0363352 0.97056 0.9061 0 0 0 1 
38591597440135;0.216019;0.0526992;0.978762 -0.0264971 -0.203281 0.226833 0.0523364 0.991049 0.12281 -0.207309 0.198208 -0.130841 0.971388 -0.561349 0 0 0 1 
38591597440136;0.499684;0.243392;0.994136 -0.108102 0.00284811 0.197081 0.108017 0.99392 0.0213567 -0.175578 -0.00513948 -0.0209238 0.999768 -0.71882 0 0 0 1 
38591597440137;0.297035;0.0549889;0.9941 0.107807 0.0119867 0.169878 -0.106891 0.992411 -0.0607843 0.734836 -0.0184487 0.0591444 0.998079 0.137667 0 0 0 1 
38591597440138;0.314957;0.0551802;0.938285 0.271846 0.213825 0.761385 -0.279573 0.960105 0.00616393 0.35938 -0.203618 -0.065563 0.976853 -0.102442 0 0 0 1 
38591597440139;0.155913;0.0547804;0.994917 -0.00375902 0.100624 0.184706 0.0198055 0.987088 -0.158952 0.183454 -0.0987271 0.160137 0.982145 0.619286 0 0 0 1 
38591597440140;0.442404;0.0485014;0.983896 -0.0664732 0.165922 -0.123883 0.015095 0.95586 0.293433 -0.220945 -0.178104 -0.286203 0.94147 0.169839 0 0 0 1 
38591597440141;0.257242;0.0629932;0.975618 0.17532 -0.132031 0.819901 -0.114486 0.919776 0.375374 -0.320502 0.18725 -0.351106 0.917421 -1.07865 0 0 0 1 
38591597440142;0.222719;0.0489223;0.977364 0.123442 0.17182 0.267959 -0.126249 0.991984 0.00546023 0.200689 -0.169769 -0.0270287 0.985113 0.287257 0 0 0 1 
38591597440143;0.482302;0.0652959;0.941145 0.18019 -0.285969 0.891386 -0.0956113 0.953421 0.286089 -0.773652 0.324199 -0.241909 0.914535 -0.761348 0 0 0 1 
38591597440144;0.255934;0.0412601;0.996675 0.0796579 -0.0171618 0.347038 -0.0794486 0.99676 0.0125547 0.336 0.0181063 -0.0111495 0.999774 -0.526095 0 0 0 1 
38591597440145;0.370694;0.0671079;0.92328 -0.321862 -0.209665 -0.431162 0.303092 0.945736 -0.117128 -0.263942 0.235987 0.0445942 0.970732 -0.1435 0 0 0 1 
38591597440146;0.299941;0.0635819;0.995842 0.0674859 -0.0611904 0.285232 -0.073199 0.992636 -0.0965135 -0.0892582 0.0542265 0.100591 0.993449 0.763644 0 0 0 1 
38591597440147;0.410512;0.0575647;0.98443 -0.17299 0.0311762 -0.704825 0.173027 0.984916 0.00152361 0.170248 -0.0309695 0.00389444 0.999513 -0.596316 0 0 0 1 
38591597440148;0.471802;0.429658;0.971129 -0.17037 -0.166982 0.271727 0.171686 0.985129 -0.00663189 0.318669 0.165629 -0.0222281 0.985938 -0.0217793 0 0 0 1 
38591597440149;0.337741;0.056052;0.999948 0.00631258 -0.00802914 0.190779 -0.00632841 0.999978 -0.00194742 0.287365 0.00801667 0.00199813 0.999966 -0.702401 0 0 0 1 
38591597440150;0.131256;0.058561;0.9989 -0.0464742 -0.0063162 -0.142064 0.0464347 0.998902 -0.00626672 0.115297 0.00660051 0.00596654 0.99996 -0.208245 0 0 0 1 
38591597440151;0.387023;0.208179;0.982001 -0.161255 -0.0983369 -0.182589 0.16178 0.986823 -0.00266173 -0.242541 0.0974704 -0.0132952 0.99515 0.261392 0 0 0 1 
38591597440152;0.263342;0.0631128;0.961739 -0.273732 -0.0113291 -0.483357 0.273959 0.96119 0.0325623 -0.309305 0.00197605 -0.0344201 0.999405 -0.0549269 0 0 0 1 
38591597440153;0.441403;0.0524349;0.988585 0.139995 -0.0556873 0.453093 -0.130162 0.979727 0.152293 0.604792 0.0758786 -0.143306 0.986765 0.241187 0 0 0 1 
38591597440155;0.258376;0.00810158;0.998833 0.0410169 0.0255062 -0.591449 -0.0421398 0.99809 0.0451666 0.238957 -0.0236049 -0.0461887 0.998654 0.519607 0 0 0 1 
38591597440156;0.221561;0.00667851;0.999789 0.0117919 -0.0168273 0.0234121 -0.0130626 0.996905 -0.0775209 0.00998068 0.0158611 0.0777244 0.996849 -0.710733 0 0 0 1 
38591597440157;0.430412;0.0122718;0.910509 -0.41282 -0.0235126 0.792991 0.401931 0.896977 -0.184076 0.144509 0.0970806 0.158152 0.982631 -0.393423 0 0 0 1 
38591597440158;0.209175;0.00643749;0.987642 0.0358193 0.152579 -0.102451 -0.0421763 0.998363 0.0386321 0.183439 -0.150945 -0.0445899 0.987536 0.639575 0 0 0 1 
38591597440159;0.222826;0.00902851;0.963532 -0.222093 -0.149269 -0.0106942 0.211997 0.973937 -0.0806508 -0.248092 0.163291 0.046065 0.985502 -0.233682 0 0 0 1 
38591597440160;0.348174;0.00934904;0.998037 0.0453476 -0.0432052 -0.262061 -0.0483581 0.996275 -0.0713919 0.905484 0.0398068 0.073341 0.996512 -0.544672 0 0 0 1 
38591597440161;0.528254;0.0288746;0.890091 -0.455778 0.00196757 1.11911 0.455416 0.889195 -0.0439087 -0.542195 0.0182631 0.0399788 0.999034 0.174197 0 0 0 1 
38591597440162;0.274646;0.00638783;0.99763 -0.0679781 -0.0106321 -0.730936 0.0680522 0.997659 0.00677292 -0.024205 0.0101468 -0.0074804 0.999921 -0.134194 0 0 0 1 
38591597440163;0.298037;0.0099709;0.962404 -0.269273 -0.0356362 0.583409 0.270831 0.961309 0.0503532 -0.163182 0.0206987 -0.0581115 0.998095 -0.268455 0 0 0 1 
38591597440164;0.263298;0.00577246;0.976582 0.182657 -0.113684 -0.268179 -0.178053 0.982775 0.0495014 0.0896954 0.120767 -0.0281005 0.992283 0.53714 0 0 0 1 
38591597440165;0.352749;0.00572999;0.977643 0.208151 -0.0297915 -0.606122 -0.209754 0.95545 -0.207651 0.606814 -0.0147585 0.209257 0.977749 -0.428357 0 0 0 1 
38591597440166;0.206209;0.00788646;0.982987 -0.181121 0.0305253 0.326047 0.182538 0.981783 -0.0527473 0.205446 -0.0204156 0.0574219 0.998141 -0.205043 0 0 0 1 
38591597440167;0.319448;0.00579158;0.999958 -0.00397994 0.00830318 0.359471 0.00399798 0.99999 -0.00215805 -0.461318 -0.00829451 0.00219115 0.999963 -0.754132 0 0 0 1 
38591597440168;0.116047;0.00748242;0.999815 0.0159362 -0.010762 -0.0184583 -0.0172152 0.991146 -0.131656 0.136843 0.00856863 0.131817 0.991237 -0.211809 0 0 0 1 
38591597440169;0.218803;0.00625434;0.997545 -0.026796 0.0647005 -0.00408983 0.0103002 0.969992 0.242919 -0.201872 -0.0692682 -0.241657 0.967886 0.476438 0 0 0 1 
38591597440170;0.167043;0.00942572;0.999671 0.0099519 -0.0236475 0.0419878 -0.00982929 0.999938 0.00529511 -0.0954958 0.0236988 -0.00506093 0.999706 -0.482803 0 0 0 1 
38591597440171;0.339075;0.00768701;0.962029 -0.253892 0.100192 0.460565 0.25569 0.966744 -0.00532497 0.0731554 -0.0955078 0.0307408 0.994954 0.666832 0 0 0 1 
38591597440172;0.374586;0.00681194;0.976599 -0.0869768 -0.196698 1.05206 0.0506813 0.98189 -0.182546 0.103 0.209013 0.168306 0.963321 -0.0341481 0 0 0 1 
38591597440173;0.118391;0.00863938;0.997692 0.0273052 0.0621747 -0.303084 -0.0250654 0.999018 -0.0365228 0.0119518 -0.063111 0.0348801 0.997397 0.174047 0 0 0 1 
38591597440174;0.158802;0.00856084;0.993066 -0.0374341 0.111437 -0.121724 0.0145532 0.979801 0.199447 -0.0863972 -0.116652 -0.196442 0.973552 0.203191 0 0 0 1 
38591597440175;0.263758;0.00809325;0.963595 0.182835 0.19508 -0.552856 -0.198023 0.978281 0.0612567 0.0893464 -0.179644 -0.0976571 0.978872 0.362844 0 0 0 1 
38591597440176;0.174741;0.00786806;0.998628 -0.0515022 0.00942818 0.0589271 0.0490452 0.983186 0.175897 -0.365572 -0.0183288 -0.175194 0.984363 0.150014 0 0 0 1 
38591597440177;0.253101;0.00900492;0.992514 0.119853 0.0234651 -0.603098 -0.119193 0.992483 -0.0277446 -0.321906 -0.026614 0.02474 0.99934 -0.194176 0 0 0 1 
38591597440178;0.247175;0.00646226;0.996553 0.0782915 0.0274259 -0.365521 -0.0768886 0.995838 -0.0489366 -0.560498 -0.031143 0.0466592 0.998425 -0.160769 0 0 0 1 
38591597440179;0.388374;0.335746;0.99451 -0.104083 0.0108199 -0.0924806 0.104366 0.994084 -0.0300828 -0.00669919 -0.00762475 0.0310469 0.999489 0.0603779 0 0 0 1 
38591597440180;0.287474;0.00731937;0.905974 0.290251 -0.308164 -0.0386978 -0.275234 0.95695 0.0921629 0.220784 0.321648 0.00131979 0.946859 -0.34239 0 0 0 1 
38591597440181;0.269146;0.00760152;0.998851 -0.0338362 0.0339325 0.224547 0.0304301 0.994886 0.0963099 -0.725135 -0.0370178 -0.0951667 0.994773 -0.131405 0 0 0 1 
38591597440182;0.36237;0.00590344;0.950511 0.284926 0.12388 -0.750784 -0.300771 0.943804 0.137008 0.0941197 -0.0778808 -0.167487 0.982793 -0.158333 0 0 0 1 
38591597440183;0.418551;0.00792486;0.93551 -0.352453 0.0244741 0.878365 0.351452 0.9213 -0.166398 -0.469841 0.0360993 0.164268 0.985755 -0.133452 0 0 0 1 
38591597440184;0.369769;0.0107791;0.999514 -0.023991 0.0198886 -0.798368 0.0266739 0.988634 -0.147957 -0.0677466 -0.0161129 0.148415 0.988794 -0.689645 0 0 0 1 
38591597440186;0.226268;0.0508575;0.999995 -0.00224476 0.00208143 -0.111786 0.00222009 0.999928 0.0117835 -0.268053 -0.00210773 -0.0117788 0.999928 0.0450821 0 0 0 1 
38591597440187;0.539163;0.1214;0.964175 -0.253903 0.0768147 0.317249 0.253171 0.967229 0.0192893 -1.15003 -0.0791951 0.000848961 0.996859 0.721063 0 0 0 1 
38591597440188;0.243538;0.0477653;0.971827 0.180307 0.151795 -0.190087 -0.202086 0.968881 0.142936 0.562225 -0.121298 -0.169585 0.978022 0.447345 0 0 0 1 
38591597440189;0.327282;0.0646437;0.998034 -0.00569989 -0.062416 0.189677 0.00910253 0.998479 0.0543676 -0.141045 0.0620112 -0.0548289 0.996568 -0.612954 0 0 0 1 
38591597440190;0.477387;0.0535009;0.946249 0.114154 0.302623 -0.0815405 -0.188112 0.95536 0.227817 0.410741 -0.263108 -0.272499 0.925483 1.36406 0 0 0 1 
38591597440191;0.452785;0.0703254;0.992456 0.0165384 0.121483 -0.0231204 -0.0688994 0.894832 0.441055 -0.08026 -0.101412 -0.446097 0.88922 0.925659 0 0 0 1 
38591597440192;0.627235;0.367886;0.983725 -0.178692 0.0188154 0.444354 0.176812 0.981337 0.0755964 -0.871245 -0.0319727 -0.0710393 0.996961 0.801002 0 0 0 1 
38591597440193;0.3706;0.0503509;0.999977 0.00505603 0.00451957 -0.0888316 -0.00434468 0.989349 -0.1455 0.25471 -0.00520709 0.145477 0.989348 -0.519175 0 0 0 1 
38591597440194;0.358294;0.0400283;0.9831 0.154143 0.0987678 0.268448 -0.15496 0.987921 0.000602563 0.155806 -0.0974818 -0.0158974 0.99511 0.153522 0 0 0 1 
38591597440195;0.380792;0.0501786;0.932564 0.293144 -0.210691 0.0702892 -0.295103 0.955193 0.0228118 0.832751 0.207937 0.040902 0.977287 -0.317883 0 0 0 1 
38591597440196;0.614704;0.455629;0.987489 -0.12454 -0.0967192 0.0362132 0.144132 0.961669 0.23328 -0.446268 0.063959 -0.244302 0.967588 0.10153 0 0 0 1 
38591597440197;0.540834;0.0553526;0.947529 0.305362 -0.0945707 0.626237 -0.309217 0.950554 -0.0288546 0.939685 0.0810834 0.0565834 0.9951 0.00897643 0 0 0 1 
38591597440198;0.653732;0.0556728;0.972342 0.23121 -0.033049 0.0591941 -0.231484 0.935181 -0.268053 0.268166 -0.0310697 0.26829 0.962837 0.510704 0 0 0 1 
38591597440199;0.0659977;0.0607482;0.999847 -0.0148848 0.0092072 -0.0432275 0.0149566 0.999858 -0.00777487 -0.0959756 -0.00909016 0.00791138 0.999927 -0.0113771 0 0 0 1 
38591597440200;0.599375;0.054321;0.998059 0.0608688 -0.0131725 0.516234 -0.0608639 0.998146 0.000772945 0.720624 0.0131951 3.02834e-05 0.999913 0.107118 0 0 0 1 
38591597440201;0.617035;0.0422132;0.995507 0.053298 0.0782659 0.388416 -0.0334161 0.971111 -0.236275 0.182658 -0.0885979 0.232598 0.968529 -0.532332 0 0 0 1 
38591597440202;0.728849;0.241109;0.919307 0.0195587 -0.393054 0.71381 0.0857044 0.964842 0.248464 -0.734741 0.384095 -0.262101 0.88531 -0.027784 0 0 0 1 
38591597440203;0.628996;0.0450257;0.959949 0.278188 -0.0333055 0.732457 -0.277053 0.960218 0.0349612 0.900808 0.0417063 -0.0243336 0.998834 0.0858288 0 0 0 1 
38591597440204;0.361491;0.0902971;0.975322 -0.218691 -0.03035 0.0342656 0.219758 0.974816 0.037957 -0.660069 0.0212848 -0.0436899 0.998818 0.230794 0 0 0 1 
38591597440205;0.426394;0.0507733;0.980073 0.150277 0.129897 -0.384876 -0.174961 0.962714 0.206325 0.279678 -0.0940478 -0.224941 0.969823 0.696623 0 0 0 1 
38591597440206;0.39785;0.0475098;0.981992 0.10703 0.155683 0.0126155 -0.156483 0.922512 0.352824 0.266329 -0.105857 -0.370832 0.922647 0.823225 0 0 0 1 
38591597440207;0.654746;0.0607498;0.98844 0.147012 0.0370694 -0.541091 -0.14891 0.987316 0.0550667 -0.187847 -0.0285037 -0.0599501 0.997794 0.437458 0 0 0 1 
38591597440208;0.405729;0.0515945;0.964115 -0.0299118 0.263793 -0.149569 -0.0246766 0.979234 0.201225 -0.449909 -0.264334 -0.200514 0.943357 0.599711 0 0 0 1 
38591597440209;0.302589;0.049675;0.946779 0.321883 -0.00101357 -0.177482 -0.321747 0.946461 0.0262941 0.937607 0.00942293 -0.0245686 0.999654 0.0257706 0 0 0 1 
38591597440210;0.290612;0.0377832;0.995595 0.0916763 -0.01963 -0.11417 -0.0937539 0.972874 -0.211484 0.421201 -0.000290605 0.212393 0.977184 0.0673229 0 0 0 1 
38591597440211;0.669792;0.0537283;0.982696 0.150681 0.107719 -0.255403 -0.163994 0.978146 0.127818 -0.412486 -0.0861054 -0.143271 0.985931 0.532852 0 0 0 1 
38591597440212;0.674895;0.0401973;0.92323 0.110358 0.368058 0.709876 -0.228856 0.927368 0.295996 0.63162 -0.308659 -0.357505 0.881431 1.15163 0 0 0 1 
38591597440213;0.74739;0.0664168;0.988836 0.0707957 -0.131118 0.135961 -0.03898 0.972185 0.230949 -0.957669 0.143821 -0.223259 0.964091 -0.0282101 0 0 0 1 
38591597440214;0.177349;0.0444878;0.999655 0.0012114 -0.0262477 0.0957217 -0.00594551 0.983456 -0.181048 0.0426229 0.0255941 0.181142 0.983124 -0.275619 0 0 0 1 
38591597440215;0.720627;0.0557108;0.991726 0.0628525 -0.111934 -0.0253706 -0.070611 0.995268 -0.0667508 0.520185 0.107209 0.0741022 0.991471 -1.31817 0 0 0 1 
38591597440217;0.284412;0.0266905;0.999895 -0.0137957 -0.00436994 0.245072 0.0138359 0.999861 0.00930466 0.0395479 0.00424096 -0.00936415 0.999947 0.610823 0 0 0 1 
38591597440218;0.175507;0.0301249;0.980836 0.191921 -0.033577 -0.156206 -0.193114 0.980484 -0.0368639 0.222919 0.0258467 0.0426416 0.998756 -0.0400745 0 0 0 1 
38591597440219;0.263573;0.0307616;0.983365 0.18162 0.0026987 -0.161939 -0.181617 0.983368 -0.00140958 0.338288 -0.00290983 0.000895998 0.999995 0.402943 0 0 0 1 
38591597440220;0.260161;0.031906;0.998698 0.0346768 -0.0374059 0.041009 -0.0335326 0.998963 0.030795 0.50337 0.038435 -0.0295006 0.998826 0.215714 0 0 0 1 
38591597440221;0.443483;0.0298321;0.994047 -0.0909166 -0.0600428 0.920616 0.100967 0.975783 0.194042 0.0831959 0.0409471 -0.198949 0.979154 0.37518 0 0 0 1 
38591597440222;0.400675;0.0263773;0.995435 0.0910639 0.0285783 -0.248825 -0.0917781 0.995472 0.0247588 0.317384 -0.0261942 -0.0272686 0.999285 -0.822346 0 0 0 1 
38591597440223;0.500048;0.0285097;0.899478 0.430434 0.0752742 -0.456665 -0.434616 0.899108 0.0520886 0.976595 -0.045259 -0.0795679 0.995801 0.410564 0 0 0 1 
38591597440224;0.319063;0.0340818;0.999584 0.0256679 -0.0131277 0.163777 -0.0256474 0.99967 0.00172853 0.130375 0.0131678 -0.00139112 0.999912 -0.738801 0 0 0 1 
38591597440225;0.246702;0.0354338;0.986655 -0.0999581 0.128535 0.127098 0.0770371 0.98202 0.172341 0.121629 -0.143451 -0.160139 0.976615 -0.0610569 0 0 0 1 
38591597440226;0.422905;0.0255655;0.8845 0.404395 0.232647 -0.278592 -0.35534 0.907071 -0.225735 0.539635 -0.302313 0.116994 0.946002 0.308913 0 0 0 1 
38591597440227;0.114525;0.0310381;0.998836 0.00233537 0.0481709 -0.0647968 -0.00679074 0.995686 0.092536 -0.289253 -0.047747 -0.0927554 0.994543 0.0377392 0 0 0 1 
38591597440228;0.227089;0.0321129;0.963966 -0.262941 0.0403925 0.104613 0.264569 0.96344 -0.0422769 -0.157855 -0.0277994 0.0514401 0.998289 0.0686933 0 0 0 1 
38591597440229;0.366377;0.0284079;0.962138 0.270503 0.0334287 -0.541009 -0.268519 0.961757 -0.0540431 0.59698 -0.0467691 0.0430207 0.997979 -0.221406 0 0 0 1 
38591597440230;0.40791;0.0299924;0.999884 0.0107706 0.0108108 -0.0449766 -0.0115381 0.997218 0.0736412 -0.0679973 -0.00998755 -0.0737574 0.997226 0.99711 0 0 0 1 
38591597440231;0.122929;0.0348486;0.997254 0.0650748 -0.0353474 0.0687077 -0.0616614 0.994002 0.090316 -0.246035 0.0410127 -0.0878884 0.995286 0.0475581 0 0 0 1 
38591597440232;0.235296;0.0326582;0.965353 -0.258832 0.0331632 0.261723 0.258471 0.965905 0.0148241 -0.305678 -0.0358695 -0.00573876 0.99934 -0.0400918 0 0 0 1 
38591597440233;0.450082;0.034289;0.909715 -0.00336362 -0.41522 0.633751 0.118352 0.960589 0.251519 -0.447738 0.398009 -0.277953 0.87426 -0.398723 0 0 0 1 
38591597440234;0.442338;0.0358637;0.891229 -0.450812 -0.0497958 0.487776 0.441542 0.88748 -0.131982 0.00389303 0.103692 0.0956397 0.990001 -0.240788 0 0 0 1 
38591597440235;0.600621;0.0340029;0.907025 0.420538 -0.0213192 -0.568746 -0.419107 0.906514 0.0508143 1.11823 0.0406954 -0.0371548 0.998481 0.554925 0 0 0 1 
38591597440236;0.098733;0.0240856;0.995944 0.0605359 -0.0665702 0.133311 -0.0600808 0.998155 0.00881883 0.00228076 0.0669812 -0.00478347 0.997743 -0.155525 0 0 0 1 
38591597440237;0.391996;0.035211;0.993075 -0.115187 -0.0230966 0.492591 0.116682 0.989956 0.0798332 0.273528 0.0136689 -0.0819754 0.996541 0.595738 0 0 0 1 
38591597440238;0.352561;0.0276062;0.91812 0.217396 0.331354 -0.332909 -0.261276 0.960712 0.0936381 0.105963 -0.297979 -0.172546 0.938849 0.555288 0 0 0 1 
38591597440239;0.273596;0.0393043;0.950032 -0.297667 0.0939894 0.256008 0.300298 0.953729 -0.0148832 -0.353524 -0.0852102 0.0423644 0.995462 -0.0772428 0 0 0 1 
38591597440240;0.59112;0.0332901;0.911599 -0.393356 -0.119406 0.983739 0.404572 0.909967 0.0910056 -0.8695 0.0728578 -0.131269 0.988666 0.57453 0 0 0 1 
38591597440241;0.457943;0.0365895;0.923726 0.383009 0.00587994 -0.0980843 -0.38222 0.922617 -0.0518202 0.465193 -0.0252726 0.0456203 0.998639 -0.652475 0 0 0 1 
38591597440242;0.307705;0.0255515;0.98184 0.188033 0.0251609 0.231193 -0.188351 0.982041 0.0109072 -0.384056 -0.0226581 -0.0154482 0.999624 -0.0162868 0 0 0 1 
38591597440243;0.105317;0.0308881;0.998089 -0.0616489 0.00425548 0.105854 0.0616231 0.998082 0.00594042 -0.11588 -0.00461354 -0.00566683 0.999973 -0.182125 0 0 0 1 
38591597440244;0.562292;0.0416815;0.916238 -0.380718 -0.124743 0.912062 0.349579 0.911837 -0.215288 -0.0810725 0.195709 0.153647 0.968551 -0.962974 0 0 0 1 
38591597440245;0.374359;0.0363322;0.993052 -0.108413 -0.0457631 -0.524108 0.110823 0.992379 0.053875 0.250246 0.0395736 -0.0585723 0.997498 0.305026 0 0 0 1 
38591597440246;0.451519;0.0280548;0.882502 0.470251 -0.00730742 -0.0249962 -0.470296 0.88226 -0.0209595 0.764019 -0.0034092 0.0219335 0.999754 -0.287767 0 0 0 1 
38591597440248;0.275634;0.00726175;0.951622 0.307157 0.00838478 -0.40507 -0.306918 0.951481 -0.0220298 0.421205 -0.0147446 0.0183906 0.999722 0.0302523 0 0 0 1 
38591597440249;0.256114;0.0100884;0.958265 -0.180878 -0.221386 0.596334 0.167553 0.982795 -0.0777161 -0.0562534 0.231634 0.0373786 0.972085 -0.373066 0 0 0 1 
38591597440250;0.238063;0.00755774;0.921928 -0.0152222 -0.387063 0.227992 -0.0408949 0.989819 -0.136333 0.310941 0.385197 0.141518 0.911919 -0.503059 0 0 0 1 
38591597440251;0.292932;0.00973846;0.999989 -0.000385577 0.00459632 -0.0269956 0.000357996 0.999982 0.00599998 -0.0326422 -0.00459855 -0.00599827 0.999971 0.865868 0 0 0 1 
38591597440252;0.40515;0.00596189;0.995197 0.00105183 0.0978868 -0.220165 0.0467625 0.873368 -0.48481 0.489209 -0.0860012 0.487059 0.869124 -0.314776 0 0 0 1 
38591597440253;0.264249;0.00985172;0.999663 -0.0186249 0.0180581 -0.645269 0.0183831 0.99974 0.0134638 0.0166602 -0.0183041 -0.0131274 0.999746 -0.311844 0 0 0 1 
38591597440254;0.377732;0.0121008;0.909261 -0.387763 0.151277 0.573957 0.347275 0.907105 0.237825 -0.520165 -0.229444 -0.16371 0.959455 0.246913 0 0 0 1 
38591597440255;0.159826;0.00727953;0.976681 0.0817088 0.19854 0.111358 -0.0693165 0.995233 -0.0685969 0.121108 -0.203199 0.0532352 0.977689 0.381084 0 0 0 1 
38591597440256;0.0516293;0.00879296;0.999117 0.0281373 0.0311997 -0.0537695 -0.0273231 0.999283 -0.0262222 0.128189 -0.0319151 0.0253466 0.999169 0.0488901 0 0 0 1 
38591597440257;0.294004;0.00984419;0.986821 -0.124307 -0.103595 0.125531 0.116184 0.989912 -0.0810867 0.496477 0.11263 0.067982 0.991309 0.278307 0 0 0 1 
