#;prob_registration_l1 -r /home/probabilistic_point_clouds_registration/build/tester /home/point_clouds_registration_benchmark//devel/registration_pairs/hauptgebaude_local.txt /home/point_clouds_registration_benchmark//eth/hauptgebaude -s 0.2 -t 0.2 -p 0.3 -r 1000 -m 10 -i 40 
id;initial_error;final_error;transformation
3394309160000;0.248226;0.0170324;0.999303 -0.00239545 0.0372541 0.523891 0.000905565 0.999201 0.0399582 -0.0416392 -0.0373201 -0.0398966 0.998507 -0.0258656 0 0 0 1 
3394309160001;0.28369;0.0093805;0.993021 0.114978 -0.0262743 -0.401588 -0.113248 0.991763 0.0598487 0.843544 0.0329391 -0.0564555 0.997862 -0.639968 0 0 0 1 
3394309160002;0.278932;0.0144567;0.97704 -0.00645146 0.212959 -0.126634 0.00435746 0.999937 0.0103008 -0.0821854 -0.213012 -0.00913635 0.977007 0.739037 0 0 0 1 
3394309160003;0.0682056;0.016192;0.995478 -0.090881 0.0276591 0.0501078 0.0913156 0.995711 -0.0148713 -0.591401 -0.0261889 0.0173297 0.999507 0.189683 0 0 0 1 
3394309160004;0.286924;0.0129123;0.999032 0.0397308 -0.0188571 0.55099 -0.0395515 0.99917 0.00978678 0.734613 0.0192303 -0.00903149 0.999774 -0.292785 0 0 0 1 
3394309160005;0.492031;0.246851;0.909029 0.383754 0.162475 -0.876384 -0.406246 0.902941 0.140221 2.59108 -0.0928951 -0.19347 0.976698 0.203158 0 0 0 1 
3394309160006;0.393899;0.0143971;0.98816 0.025146 0.151355 -0.255932 -0.0260643 0.999652 0.00408605 0.553714 -0.151199 -0.00798262 0.988471 1.89337 0 0 0 1 
3394309160007;0.411602;0.0113495;0.885268 -0.337109 0.320404 0.382754 0.343828 0.938294 0.0372267 -2.08468 -0.313183 0.0772084 0.946549 1.40841 0 0 0 1 
3394309160008;0.42721;0.383351;0.95536 -0.293457 -0.0341953 1.47176 0.294047 0.955694 0.0136302 -1.93249 0.0286804 -0.0230768 0.999322 0.775835 0 0 0 1 
3394309160009;0.395375;0.016532;0.978144 -0.200603 -0.0547079 0.440894 0.195307 0.97667 -0.0892796 -1.47227 0.0713413 0.0766435 0.994503 0.425398 0 0 0 1 
3394309160010;0.216746;0.0107629;0.991882 -0.00580094 -0.127032 -0.101264 -0.0162544 0.984981 -0.171895 0.484307 0.126121 0.172565 0.97689 -0.57084 0 0 0 1 
3394309160011;0.228138;0.819745;0.949243 -0.219058 -0.225722 2.61158 0.242147 0.966942 0.0799216 -1.73416 0.200753 -0.130523 0.970908 -1.12003 0 0 0 1 
3394309160012;0.324315;0.824796;0.944112 -0.327576 -0.0366894 1.89785 0.329204 0.931423 0.155167 -2.33436 -0.0166558 -0.158574 0.987207 -0.161988 0 0 0 1 
3394309160013;0.268523;0.0153036;0.997634 0.0612867 -0.031148 0.611102 -0.0614505 0.998101 -0.00432641 0.108713 0.0308237 0.00623023 0.999505 -0.444094 0 0 0 1 
3394309160014;0.217364;0.00730964;0.999778 0.0184081 0.0102249 -0.00549207 -0.0201171 0.978451 0.205498 -0.316852 -0.0062217 -0.205658 0.978604 0.28512 0 0 0 1 
3394309160015;0.198549;0.0155228;0.972014 0.109062 0.208074 -0.268808 -0.104018 0.993957 -0.035063 0.731023 -0.21064 0.0124383 0.977484 1.46242 0 0 0 1 
3394309160016;0.362241;0.00992323;0.888518 -0.221198 0.402004 0.533438 0.218485 0.974387 0.0532435 -1.68151 -0.403485 0.0405243 0.914089 3.18068 0 0 0 1 
3394309160017;0.403444;0.0160162;0.924892 -0.272822 0.264844 -0.480277 0.265726 0.961988 0.0629938 -1.26636 -0.271963 0.0121136 0.962231 1.8038 0 0 0 1 
3394309160018;0.415951;0.0174215;0.958779 0.268523 0.092939 -0.649748 -0.272874 0.961317 0.0375488 1.95501 -0.0792611 -0.0613616 0.994964 0.395541 0 0 0 1 
3394309160019;0.389264;0.0142585;0.967103 0.254135 -0.0112487 0.0560878 -0.254116 0.967169 0.00312931 1.31388 0.0116747 -0.000167885 0.999932 -0.839801 0 0 0 1 
3394309160020;0.355901;0.0117295;0.944103 -0.158681 -0.288946 0.845583 0.0642907 0.948322 -0.310729 0.0108364 0.32332 0.274784 0.905515 -1.66149 0 0 0 1 
3394309160021;0.307009;0.00982103;0.991425 -0.118964 -0.0540678 0.641828 0.128176 0.965842 0.225213 -1.12512 0.0254287 -0.230213 0.972808 -0.301657 0 0 0 1 
3394309160022;0.159878;0.014062;0.979557 -0.0348369 0.198128 -0.27622 0.0504399 0.995963 -0.0742575 -0.249367 -0.194741 0.082733 0.977359 1.26425 0 0 0 1 
3394309160023;0.179015;0.00612783;0.995437 -0.0425521 0.0854069 -0.157315 0.0445599 0.99877 -0.0217405 -0.321066 -0.0843768 0.025447 0.996109 0.132168 0 0 0 1 
3394309160024;0.448507;0.831045;0.901835 -0.430098 0.0413517 2.57143 0.428522 0.902559 0.0419099 -2.73424 -0.0553477 -0.0200757 0.998265 1.13546 0 0 0 1 
3394309160025;0.259237;0.0166746;0.986848 0.161574 -0.00507393 -0.111815 -0.161204 0.985956 0.0436367 1.0484 0.0120532 -0.0422449 0.999035 -0.607507 0 0 0 1 
3394309160026;0.300277;0.0164328;0.994508 0.0823306 0.0646118 0.324746 -0.0785146 0.995134 -0.0595332 -0.0580594 -0.0691988 0.0541333 0.996133 0.764438 0 0 0 1 
3394309160027;0.421694;0.744656;0.956534 -0.224002 -0.186723 2.36319 0.261536 0.942185 0.209491 -2.6107 0.129001 -0.24922 0.959817 -0.309591 0 0 0 1 
3394309160028;0.443835;0.0393691;0.92647 0.105633 0.361242 -0.173753 0.00594917 0.955576 -0.294685 0.794448 -0.376323 0.275165 0.884684 2.28626 0 0 0 1 
3394309160029;0.512116;0.00991792;0.998934 -0.0230771 0.0399761 0.279401 0.0356828 0.935455 -0.35164 0.479157 -0.029281 0.352691 0.935282 -0.646328 0 0 0 1 
3394309160031;0.426851;0.315246;0.966534 -0.199965 -0.160707 0.936083 0.219214 0.969171 0.112487 -0.714707 0.133259 -0.143952 0.980571 -0.816188 0 0 0 1 
3394309160032;0.353703;0.101094;0.923026 -0.371126 -0.101432 0.155084 0.373135 0.927777 0.000898541 0.00162837 0.0937725 -0.0386771 0.994842 -0.0848426 0 0 0 1 
3394309160033;0.139215;0.0145859;0.994037 -0.0262836 -0.105827 0.0519565 0.0213057 0.998625 -0.0478972 -0.184984 0.106941 0.0453569 0.99323 0.118464 0 0 0 1 
3394309160034;0.389775;0.0380513;0.929518 0.366858 -0.0375624 -0.326317 -0.364373 0.929337 0.0597097 0.347907 0.0568131 -0.0418145 0.997509 -0.573565 0 0 0 1 
3394309160035;0.19696;0.0127394;0.976876 0.173204 -0.125358 0.0650111 -0.187404 0.975872 -0.112045 0.453385 0.102927 0.132947 0.985764 -0.0797274 0 0 0 1 
3394309160036;0.370886;0.0369725;0.938 -0.345072 -0.0328679 -0.230092 0.343726 0.913685 0.21687 -0.443621 -0.0448048 -0.214722 0.975647 0.394054 0 0 0 1 
3394309160037;0.384635;0.0104671;0.912512 -0.249052 0.324492 -0.251057 0.185745 0.959066 0.213757 -0.777644 -0.364446 -0.134783 0.921419 0.0730861 0 0 0 1 
3394309160038;0.368064;0.0232291;0.949165 0.314367 -0.0160818 -0.647707 -0.314458 0.944657 -0.0934862 0.645302 -0.0141972 0.0937909 0.995491 -0.0320628 0 0 0 1 
3394309160039;0.0746977;0.00839002;0.999529 0.00572359 0.0301348 -0.1177 -0.00590367 0.999965 0.00589022 -0.0241346 -0.0301001 -0.00606535 0.999528 -0.114715 0 0 0 1 
3394309160040;0.279481;0.0134964;0.928637 -0.329166 0.171122 0.104447 0.310875 0.942159 0.125272 -0.556861 -0.20246 -0.063135 0.977253 0.383098 0 0 0 1 
3394309160041;0.389623;0.067349;0.898449 -0.439066 -0.00314019 0.686197 0.437985 0.895687 0.0769048 -0.612544 -0.0309536 -0.0704704 0.997033 0.0209607 0 0 0 1 
3394309160042;0.283783;0.0138373;0.986068 -0.166272 0.00490249 -0.450842 0.166277 0.986079 -0.000597017 -0.0977196 -0.00473498 0.00140387 0.999988 -0.365075 0 0 0 1 
3394309160043;0.314339;0.00927301;0.998202 0.0598233 0.00385351 0.199517 -0.0594761 0.980263 0.188542 -0.0590982 0.00750174 -0.188432 0.982058 0.651752 0 0 0 1 
3394309160044;0.531805;0.0304807;0.89166 0.429348 -0.143537 -0.55022 -0.413812 0.901576 0.126173 0.696254 0.183582 -0.0531058 0.981569 0.449482 0 0 0 1 
3394309160045;0.395186;0.426703;0.989099 0.0791441 0.124174 -0.288145 -0.0710737 0.995141 -0.0681351 -0.225319 -0.128963 0.0585668 0.989918 0.197359 0 0 0 1 
3394309160046;0.217132;0.0141606;0.990232 -0.139384 0.00352777 0.176475 0.139341 0.99019 0.0104304 -0.598876 -0.004947 -0.009837 0.999939 0.145387 0 0 0 1 
3394309160047;0.371665;0.00618495;0.975869 -0.152847 0.155942 -0.0712153 0.168313 0.981499 -0.0912701 0.0975213 -0.139106 0.115315 0.983541 -0.606065 0 0 0 1 
3394309160048;0.441321;0.0834556;0.907179 0.331695 0.258854 -0.548053 -0.276609 0.933759 -0.227114 0.654412 -0.31704 0.134432 0.938836 0.769421 0 0 0 1 
3394309160049;0.529697;0.00707707;0.966839 -0.252102 -0.04082 -0.00383461 0.247443 0.885171 0.39401 -1.45856 -0.0631981 -0.391045 0.918199 0.215431 0 0 0 1 
3394309160050;0.242722;0.00608984;0.984354 -0.121608 0.127508 -0.0124394 0.122431 0.992476 0.00139615 -0.197157 -0.126718 0.0142365 0.991837 0.661941 0 0 0 1 
3394309160051;0.288745;0.0165287;0.97669 -0.0168007 0.213996 -0.229285 -0.00540732 0.99469 0.102772 -0.0745408 -0.214587 -0.101533 0.971413 0.869881 0 0 0 1 
3394309160052;0.346607;0.0120607;0.995716 0.0909677 0.0165809 0.0738562 -0.091139 0.995789 0.00988804 0.0117372 -0.0156116 -0.0113568 0.999814 -0.80065 0 0 0 1 
3394309160053;0.177457;0.0143953;0.992808 -0.00503765 0.119613 -0.329932 0.00496779 0.999987 0.000882259 -0.207053 -0.119615 -0.000281704 0.99282 0.403091 0 0 0 1 
3394309160054;0.393365;0.00616049;0.997654 -0.0359598 -0.0582564 0.657286 0.045707 0.983376 0.175737 -0.685942 0.0509685 -0.177987 0.982712 0.413155 0 0 0 1 
3394309160055;0.395101;0.014059;0.998478 -0.053386 0.013816 0.719635 0.0543111 0.995419 -0.0786803 0.192418 -0.00955232 0.079311 0.996804 -0.546842 0 0 0 1 
3394309160056;0.394726;0.00834955;0.984857 0.172653 0.0157342 -0.600157 -0.173034 0.973268 0.151025 0.441599 0.0107613 -0.151461 0.988405 -0.493775 0 0 0 1 
3394309160057;0.649395;0.0279754;0.929948 0.361933 0.0648178 -1.0229 -0.328254 0.896631 -0.297158 1.36442 -0.165669 0.255065 0.952626 0.497577 0 0 0 1 
3394309160058;0.444142;0.0150532;0.973729 0.227457 0.0107172 -0.353865 -0.226602 0.972556 -0.0527794 0.658616 -0.0224281 0.0489643 0.998549 0.859204 0 0 0 1 
3394309160059;0.406193;0.395185;0.983369 -0.00237149 0.181605 0.434721 0.00952915 0.999211 -0.038551 -0.61362 -0.18137 0.0396404 0.982616 0.702358 0 0 0 1 
3394309160060;0.43448;0.0708831;0.917493 0.396035 -0.0369296 -0.0117107 -0.396602 0.903828 -0.160629 0.69989 -0.0302367 0.162022 0.986324 -0.506613 0 0 0 1 
3394309160062;0.235158;0.0106039;0.952004 -0.261587 0.158939 0.458441 0.276409 0.957762 -0.0793067 -6.06855 -0.13148 0.119433 0.984098 2.93764 0 0 0 1 
3394309160063;0.42419;0.0334918;0.976562 0.214869 -0.0125814 0.737952 -0.214536 0.976431 0.0235814 4.41875 0.0173518 -0.0203295 0.999643 0.599163 0 0 0 1 
3394309160064;0.439802;1.05345;0.894527 0.402476 0.194512 -0.756617 -0.408141 0.912842 -0.0118453 8.99887 -0.182326 -0.0687925 0.980829 3.73576 0 0 0 1 
3394309160065;0.350677;0.0208466;0.987431 0.0834929 0.134199 0.271319 -0.0860939 0.996193 0.0136864 1.31276 -0.132546 -0.0250681 0.99086 2.20886 0 0 0 1 
3394309160066;0.242534;0.0322166;0.999332 0.00832841 -0.0355972 -0.214551 -0.0156665 0.977327 -0.211153 0.138342 0.0330315 0.211569 0.976805 -0.178044 0 0 0 1 
3394309160067;0.392633;0.262426;0.988152 0.108473 0.108577 -0.377284 -0.102648 0.993032 -0.057885 2.37416 -0.114099 0.046054 0.992401 1.96768 0 0 0 1 
3394309160068;0.328762;0.0249817;0.989094 0.146291 0.0171109 0.21186 -0.147288 0.982529 0.113766 3.71141 -0.000169064 -0.115045 0.99336 -0.473291 0 0 0 1 
3394309160069;0.0998438;0.019801;0.999802 0.0184059 -0.007524 0.234366 -0.0184027 0.999831 0.000497771 0.426201 0.00753188 -0.000359211 0.999972 -0.240964 0 0 0 1 
3394309160070;0.429464;0.0326621;0.917505 0.288191 0.274101 1.39406 -0.348277 0.91497 0.203794 7.49709 -0.192062 -0.282445 0.93986 4.25635 0 0 0 1 
3394309160071;0.0989399;0.0322689;0.998736 0.0492787 -0.00991744 0.0178863 -0.0492053 0.99876 0.00750927 1.07549 0.0102752 -0.00701179 0.999923 -0.412813 0 0 0 1 
3394309160072;0.334886;0.0175472;0.937827 -0.346443 -0.0213746 1.12526 0.343121 0.916011 0.207824 -7.92713 -0.05242 -0.202237 0.977933 0.726597 0 0 0 1 
3394309160073;0.372916;0.012905;0.989209 -0.146498 0.00188269 0.857638 0.146487 0.9892 0.00504371 -3.28095 -0.00260125 -0.0047135 0.999986 0.427506 0 0 0 1 
3394309160074;0.236373;0.00779444;0.983293 -0.177496 -0.0403636 0.310594 0.179963 0.981242 0.0691148 -4.06573 0.0273389 -0.0752241 0.996792 -1.08704 0 0 0 1 
3394309160075;0.259352;0.0175565;0.979868 0.0765374 -0.184393 0.722041 -0.122505 0.959783 -0.252607 2.93865 0.157644 0.27011 0.949836 -3.17058 0 0 0 1 
3394309160076;0.21267;0.0217826;0.974345 0.174688 0.141903 0.44558 -0.161252 0.981699 -0.101314 3.8036 -0.157004 0.0758322 0.984682 3.6363 0 0 0 1 
3394309160077;0.259302;0.0205209;0.989509 0.138066 -0.042543 0.243797 -0.143027 0.977718 -0.15366 3.22545 0.0203798 0.158133 0.987207 0.310845 0 0 0 1 
3394309160078;0.466153;0.0142203;0.884892 -0.419864 0.201694 1.70657 0.440804 0.894766 -0.0713122 -9.31672 -0.150528 0.152011 0.976849 4.17151 0 0 0 1 
3394309160079;0.423773;0.0136321;0.96675 -0.162479 0.197473 -0.3098 0.186284 0.976483 -0.108533 -3.89033 -0.175195 0.141711 0.974282 3.31568 0 0 0 1 
3394309160080;0.255153;0.0279392;0.992394 0.00753256 0.122871 0.065516 0.0105825 0.989211 -0.146115 -0.0268734 -0.122646 0.146304 0.981607 2.36592 0 0 0 1 
3394309160081;0.296072;0.0166427;0.997071 -0.0692475 0.0324729 0.317193 0.0692893 0.997597 -0.000161148 -0.879962 -0.0323837 0.0024107 0.999473 0.623184 0 0 0 1 
3394309160082;0.355531;0.0409159;0.908923 -0.409759 -0.0771735 1.88754 0.404719 0.911513 -0.0731169 -8.78938 0.100305 0.035224 0.994333 -2.18604 0 0 0 1 
3394309160083;0.180325;0.0125294;0.997358 -0.0717164 -0.0115742 -0.0353065 0.072601 0.978524 0.192924 -1.95791 -0.00251017 -0.193254 0.981146 -0.020061 0 0 0 1 
3394309160084;0.188147;0.0105273;0.997964 -0.0251606 -0.0586146 -0.0968789 0.0241551 0.99955 -0.0178012 -0.325946 0.0590361 0.0163491 0.998122 -1.61907 0 0 0 1 
3394309160085;0.149775;0.0265322;0.997251 0.00987377 0.0734305 -0.147094 -0.0218986 0.986082 0.16481 0.178992 -0.0707812 -0.165965 0.983588 1.36931 0 0 0 1 
3394309160086;0.360181;0.0121551;0.97653 0.0343672 -0.212622 1.2977 -0.0512733 0.995901 -0.0745154 1.27922 0.209189 0.0836683 0.974289 -3.67287 0 0 0 1 
3394309160087;0.069233;0.0120519;0.996678 -0.079163 -0.0191507 0.0548543 0.079439 0.99674 0.0141061 -1.76396 0.0179716 -0.0155806 0.999717 -0.389191 0 0 0 1 
3394309160088;0.334175;0.016697;0.958188 -0.241851 0.15292 -0.235472 0.218815 0.96369 0.153043 -4.97621 -0.184382 -0.113183 0.976316 3.61402 0 0 0 1 
3394309160089;0.384231;0.012897;0.967779 -0.216534 0.128515 0.115058 0.204445 0.973659 0.100949 -4.91065 -0.146989 -0.0714216 0.986556 2.34837 0 0 0 1 
3394309160090;0.357505;0.00715368;0.948063 -0.295874 0.116766 0.738114 0.312137 0.93603 -0.162539 -6.2463 -0.0612055 0.190545 0.979769 1.90132 0 0 0 1 
3394309160091;0.460987;0.0201734;0.97179 0.229183 0.0556682 0.3718 -0.231508 0.972026 0.0396128 4.07038 -0.0450324 -0.051383 0.997663 0.509076 0 0 0 1 
3394309160093;0.186714;0.032793;0.981525 -0.0755144 -0.175802 0.486988 0.0803978 0.996546 0.0208126 -1.40583 0.173623 -0.0345622 0.984205 -3.42873 0 0 0 1 
3394309160094;0.310812;0.0448558;0.985896 -0.129695 0.105774 0.344709 0.129994 0.991506 0.00409464 -1.72775 -0.105407 0.00971306 0.994382 1.99128 0 0 0 1 
3394309160095;0.222858;0.0398088;0.998661 -0.0355637 -0.0375676 0.214628 0.0349494 0.999246 -0.0168853 -0.719559 0.0381398 0.0155497 0.999151 -0.159754 0 0 0 1 
3394309160096;0.38163;0.0331561;0.995791 -0.0758233 -0.0514984 0.264664 0.0810376 0.990828 0.108132 -1.75305 0.0428271 -0.11185 0.992802 0.0024609 0 0 0 1 
3394309160097;0.257713;0.0429121;0.999825 0.0065224 -0.01751 -0.115222 -0.00633705 0.999924 0.0106196 0.13803 0.0175779 -0.0105068 0.99979 0.374962 0 0 0 1 
3394309160098;0.436886;0.31105;0.97774 0.207975 0.0277607 -0.438194 -0.204383 0.973957 -0.0981581 3.84891 -0.0474522 0.0902993 0.994784 0.869909 0 0 0 1 
3394309160099;0.352112;0.0543785;0.991006 0.0969079 0.0922767 0.573038 -0.0787996 0.979971 -0.182885 1.97603 -0.108152 0.173969 0.978794 1.77124 0 0 0 1 
3394309160100;0.383134;0.041206;0.996467 -0.0195329 -0.0816832 0.291435 0.0248652 0.99759 0.0647809 -0.386026 0.0802209 -0.0665831 0.994551 -0.541295 0 0 0 1 
3394309160101;0.349174;0.0514019;0.999828 0.00527242 0.0177651 -0.0241017 -0.00126754 0.975883 -0.21829 0.730612 -0.0184876 0.21823 0.975722 1.34861 0 0 0 1 
3394309160102;0.328612;0.0478086;0.989863 0.0957445 -0.104899 0.261587 -0.0827879 0.989122 0.121587 1.45884 0.115399 -0.11167 0.987022 -1.39085 0 0 0 1 
3394309160103;0.353684;0.0392508;0.997646 -0.00603841 0.0683052 -0.876539 0.00241265 0.998589 0.0530402 -0.203896 -0.0685292 -0.0527506 0.996254 1.71724 0 0 0 1 
3394309160104;0.220681;0.0418037;0.979784 -0.141586 0.14134 -0.366751 0.136289 0.989576 0.0465248 -2.11222 -0.146454 -0.0263211 0.988867 2.56101 0 0 0 1 
3394309160105;0.408456;0.798137;0.928283 0.360748 0.0902874 -0.618435 -0.367622 0.926822 0.0765152 6.87604 -0.0560776 -0.104219 0.992972 1.46479 0 0 0 1 
3394309160106;0.441483;0.037618;0.894899 -0.421146 0.147619 1.46615 0.372216 0.886869 0.273713 -7.24064 -0.246192 -0.19 0.950415 4.70248 0 0 0 1 
3394309160107;0.532391;0.0324838;0.915896 -0.371107 -0.153019 2.06825 0.35573 0.926989 -0.118945 -6.29721 0.185988 0.0545083 0.981039 -3.8008 0 0 0 1 
3394309160108;0.223867;0.0451826;0.999956 0.00934129 -0.000802615 -0.18946 -0.00933426 0.999922 0.00835742 0.10863 0.000880621 -0.00834956 0.999965 0.572706 0 0 0 1 
3394309160109;0.0784344;0.0325547;0.994746 -0.102327 -0.00292986 -0.0869651 0.102365 0.994551 0.0197346 -1.87115 0.000894507 -0.0199309 0.999801 -0.0436497 0 0 0 1 
3394309160110;0.305364;0.0483557;0.98524 -0.162032 0.0552015 -0.356749 0.169508 0.968438 -0.182742 -2.90283 -0.0238491 0.189402 0.98161 1.36769 0 0 0 1 
3394309160111;0.289575;0.916711;0.946854 0.249322 0.203239 -0.942427 -0.232376 0.967076 -0.103757 4.37434 -0.222416 0.0510146 0.973616 4.37137 0 0 0 1 
3394309160112;0.386373;0.0337038;0.96834 -0.245643 0.0444614 0.128139 0.245297 0.969359 0.0131656 -4.56018 -0.0463331 -0.00184257 0.998924 1.69488 0 0 0 1 
3394309160113;0.347639;0.0417536;0.999248 0.0387664 0.000548495 -0.183642 -0.038767 0.999248 0.00117225 0.994175 -0.000502639 -0.00119263 0.999999 0.900056 0 0 0 1 
3394309160114;0.578959;0.774996;0.888233 0.377113 0.262351 -0.96881 -0.37366 0.925288 -0.0649573 6.50385 -0.267247 -0.040333 0.962784 4.72836 0 0 0 1 
3394309160115;0.373208;0.0524109;0.996257 -0.00956191 0.0859149 -0.40185 0.0170891 0.996035 -0.0873094 -0.153608 -0.0847394 0.0884508 0.992469 0.766885 0 0 0 1 
3394309160116;0.177223;0.0425663;0.999647 -0.0263773 -0.0032333 0.21464 0.0263499 0.999619 -0.0082457 -0.119144 0.00344957 0.00815759 0.999961 -0.128504 0 0 0 1 
3394309160117;0.448363;0.0359782;0.978727 -0.200421 -0.0438813 0.246397 0.180468 0.942717 -0.280565 -2.55233 0.0975986 0.266677 0.958832 -2.15669 0 0 0 1 
3394309160118;0.307421;0.054634;0.954133 0.192912 0.228942 0.519037 -0.138137 0.962127 -0.235011 2.97724 -0.265608 0.192607 0.944645 4.95269 0 0 0 1 
3394309160119;0.336676;0.0347845;0.932795 -0.354107 -0.0670985 0.959139 0.355044 0.934847 0.00221109 -6.31862 0.0619439 -0.0258855 0.997744 -0.707928 0 0 0 1 
3394309160120;0.390228;0.0319307;0.880977 -0.441617 0.169867 1.39235 0.456315 0.887913 -0.0581981 -8.06363 -0.125126 0.128784 0.983747 2.81019 0 0 0 1 
3394309160121;0.364275;0.0540197;0.933641 -0.106094 0.342138 0.242561 0.177619 0.966559 -0.184973 -2.51517 -0.311072 0.233468 0.921264 6.01535 0 0 0 1 
3394309160122;0.150012;0.0502759;0.981907 0.185586 -0.0376264 0.646155 -0.186514 0.982187 -0.0228252 3.31605 0.0327202 0.0294301 0.999031 -0.517189 0 0 0 1 
3394309160124;0.265891;0.0198818;0.971273 -0.226276 0.0736769 -0.0889737 0.228338 0.97336 -0.0207664 -5.68075 -0.0670152 0.0369931 0.997066 1.44264 0 0 0 1 
3394309160125;0.0924407;0.0426585;0.991167 0.0245378 0.130333 0.00565874 -0.032891 0.997513 0.0623304 0.71521 -0.12848 -0.0660666 0.989509 2.86829 0 0 0 1 
3394309160126;0.454214;0.0422398;0.918272 0.299585 -0.258891 3.16732 -0.301544 0.952878 0.0330966 7.5468 0.256607 0.0476754 0.965339 -5.7693 0 0 0 1 
3394309160127;0.391085;0.0409405;0.916734 0.39593 -0.0532654 2.17005 -0.382215 0.908038 0.171402 8.92106 0.11623 -0.136772 0.98376 -3.07069 0 0 0 1 
3394309160128;0.398984;0.0456222;0.939647 0.340389 0.034633 1.26997 -0.331204 0.930318 -0.15752 8.2105 -0.085838 0.136543 0.986908 2.09089 0 0 0 1 
3394309160129;0.0588853;0.0238588;0.999989 -0.00395317 0.00263948 -0.116125 0.00393788 0.999976 0.00577182 -0.178905 -0.00266224 -0.00576136 0.99998 0.197343 0 0 0 1 
3394309160130;0.354684;0.448756;0.985693 -0.125923 0.11204 0.284453 0.124766 0.992035 0.017307 -3.85791 -0.113327 -0.00308046 0.993553 2.76193 0 0 0 1 
3394309160131;0.385569;0.1295;0.891087 0.45009 0.0581639 2.66608 -0.450351 0.892803 -0.00928336 10.5883 -0.0561073 -0.0179219 0.998264 1.3906 0 0 0 1 
3394309160132;0.356548;0.0223063;0.906918 -0.417735 0.0547509 1.71816 0.421289 0.897953 -0.127266 -9.85794 0.00399954 0.138485 0.990356 0.0852493 0 0 0 1 
3394309160133;0.361702;0.0200894;0.949697 -0.182687 -0.254362 1.52561 0.250486 0.930621 0.266836 -6.12 0.187967 -0.317128 0.929569 -4.71936 0 0 0 1 
3394309160134;0.414145;0.0151284;0.977519 -0.208986 0.0279691 1.03943 0.210479 0.975041 -0.070664 -4.61093 -0.0125032 0.0749622 0.997108 0.382041 0 0 0 1 
3394309160135;0.292331;0.0282497;0.999297 0.0088543 -0.0364219 0.0545899 -0.00537812 0.995515 0.0944552 -0.333903 0.0370949 -0.0941929 0.994863 -1.57754 0 0 0 1 
3394309160136;0.443471;0.042306;0.970189 0.242044 -0.012138 0.9063 -0.241849 0.970188 0.0156166 5.92031 0.015556 -0.0122155 0.999804 -1.21039 0 0 0 1 
3394309160137;0.250953;0.0190618;0.981842 -0.181431 -0.0553935 0.342825 0.186407 0.976916 0.10434 -4.50434 0.0351843 -0.112771 0.992998 -1.36493 0 0 0 1 
3394309160138;0.370395;0.0236207;0.926997 -0.268389 -0.262 1.80787 0.246602 0.962458 -0.113411 -5.3322 0.282602 0.0405222 0.958381 -6.05788 0 0 0 1 
3394309160139;0.0858104;0.0363367;0.997571 0.0693478 -0.0065162 0.0813075 -0.0686298 0.994581 0.0780884 1.4444 0.0118961 -0.0774516 0.996925 -0.422227 0 0 0 1 
3394309160140;0.322515;0.0199613;0.90441 -0.0488798 -0.423856 2.93926 0.052371 0.998622 -0.00341532 -1.27729 0.423439 -0.0191089 0.905723 -9.98139 0 0 0 1 
3394309160141;0.361297;0.043177;0.940689 0.339139 0.0093854 1.2501 -0.339263 0.940473 0.0202788 8.0777 -0.00194938 -0.0222602 0.99975 -0.0631784 0 0 0 1 
3394309160142;0.193657;0.0397692;0.966492 0.0207319 0.255858 0.229145 -0.0313392 0.998807 0.0374503 0.682594 -0.254776 -0.0442138 0.965989 6.04635 0 0 0 1 
3394309160143;0.448915;0.0424755;0.972313 0.233343 -0.0126112 0.0428823 -0.232873 0.972019 0.0308141 5.09279 0.0194486 -0.0270241 0.999446 -0.81708 0 0 0 1 
3394309160144;0.382267;0.0210958;0.927797 -0.337694 -0.158604 0.970159 0.323978 0.940067 -0.10636 -8.02136 0.185016 0.0472966 0.981597 -4.47861 0 0 0 1 
3394309160145;0.390824;0.0305994;0.909977 0.1248 -0.395433 2.82837 -0.213271 0.958692 -0.188217 5.27818 0.355609 0.255607 0.899004 -8.23262 0 0 0 1 
3394309160146;0.519843;0.038218;0.987193 0.0512785 0.151065 0.132113 -0.0860739 0.968483 0.233735 1.75871 -0.134318 -0.243745 0.960493 4.02461 0 0 0 1 
3394309160147;0.314525;0.0183939;0.954388 -0.191433 -0.229123 0.688627 0.232361 0.958122 0.167362 -5.49161 0.18749 -0.212968 0.958902 -4.2797 0 0 0 1 
3394309160148;0.159477;0.0392971;0.996154 0.00451617 0.0874992 0.145182 -0.013649 0.994477 0.104062 -0.0105473 -0.086546 -0.104856 0.990714 1.87898 0 0 0 1 
3394309160149;0.32406;0.42178;0.998239 -0.059209 0.00359579 0.315767 0.0592237 0.998236 -0.00412629 -0.506876 -0.00334513 0.00433198 0.999985 0.189446 0 0 0 1 
3394309160150;0.0510986;0.0440935;0.998516 0.0514052 0.0180063 -0.0565073 -0.0515085 0.998658 0.00532003 1.20704 -0.0177086 -0.00623961 0.999824 0.452907 0 0 0 1 
3394309160151;0.610087;0.0186969;0.927692 -0.341554 -0.150761 2.56863 0.328395 0.938608 -0.105698 -7.32866 0.177607 0.0485463 0.982903 -3.84444 0 0 0 1 
3394309160152;0.362678;0.0416836;0.923482 0.286687 -0.254933 2.62314 -0.312606 0.947528 -0.0668491 7.46924 0.222391 0.141427 0.964645 -5.31643 0 0 0 1 
3394309160153;0.287468;0.044329;0.956729 0.283639 -0.0649526 1.23141 -0.262891 0.938246 0.224907 5.75669 0.124734 -0.1981 0.972213 -2.94357 0 0 0 1 
3394309160155;0.447786;0.364027;0.971512 -0.22224 -0.082299 0.374088 0.232453 0.96123 0.148332 -2.04308 0.0461431 -0.163237 0.985507 -0.288873 0 0 0 1 
3394309160156;0.233355;0.0344437;0.928812 0.0682723 -0.364208 1.16778 -0.0580852 0.997555 0.0388655 0.502299 0.365971 -0.0149437 0.930506 -3.17772 0 0 0 1 
3394309160157;0.264959;0.0752357;0.975672 0.0359963 0.21626 -0.179947 -0.084483 0.971978 0.219366 0.332261 -0.202303 -0.2323 0.951373 1.48692 0 0 0 1 
3394309160158;0.276214;0.0327497;0.986119 -0.162816 0.0325527 0.0828278 0.163045 0.986609 -0.00447893 -1.6623 -0.0313875 0.0097243 0.99946 -0.22143 0 0 0 1 
3394309160159;0.327677;0.0520926;0.99947 0.0249812 0.0208668 -0.290059 -0.0263429 0.997354 0.0677555 0.151479 -0.019119 -0.0682693 0.997484 1.03502 0 0 0 1 
3394309160160;0.133668;0.0732203;0.985341 -0.00063884 0.170596 -0.339577 0.0111689 0.998089 -0.0607728 0.00700276 -0.170231 0.0617873 0.983465 1.62844 0 0 0 1 
3394309160161;0.30505;0.887681;0.947919 0.318222 -0.013559 -1.98524 -0.31784 0.947827 0.024538 3.08374 0.0206601 -0.0189505 0.999607 0.15389 0 0 0 1 
3394309160162;0.0502853;0.0365471;0.999933 -0.0115844 -0.000108446 0.0245167 0.011584 0.999929 -0.00293514 -0.167116 0.00014244 0.00293368 0.999996 0.106479 0 0 0 1 
3394309160163;0.250016;0.0451946;0.994305 -0.0773231 -0.0733456 0.0363884 0.0935786 0.962769 0.253614 -1.30571 0.0510046 -0.259033 0.964521 -0.255943 0 0 0 1 
3394309160164;0.523579;0.919456;0.902886 0.428189 -0.038107 -2.19142 -0.428395 0.903587 0.00298583 3.73604 0.0357115 0.013629 0.999269 0.103376 0 0 0 1 
3394309160165;0.368871;0.0993824;0.963102 0.267999 0.0247066 0.0887008 -0.252614 0.931833 -0.260526 2.46729 -0.0928432 0.244672 0.965151 1.71324 0 0 0 1 
3394309160166;0.306131;0.0367884;0.999529 -0.0149042 -0.0268121 0.070615 0.0148895 0.999889 -0.000748068 -0.142294 0.0268203 0.000348497 0.99964 -0.966255 0 0 0 1 
3394309160167;0.598213;0.0425155;0.894807 -0.142718 -0.423027 1.99107 0.218584 0.966242 0.136375 -2.83385 0.389284 -0.214496 0.895796 -2.89349 0 0 0 1 
3394309160168;0.1742;0.051396;0.999453 0.0320883 -0.00796138 -0.118283 -0.0320811 0.999485 0.0010274 0.279205 0.00799025 -0.000771425 0.999968 0.444538 0 0 0 1 
3394309160169;0.457369;0.0404062;0.941562 -0.334024 0.0434559 0.160571 0.33262 0.942354 0.0365089 -3.95629 -0.0531458 -0.0199211 0.998388 1.05188 0 0 0 1 
3394309160170;0.210774;0.059158;0.985287 -0.104721 0.135065 -0.325812 0.126208 0.978711 -0.16185 -0.964239 -0.115241 0.176515 0.977529 0.983992 0 0 0 1 
3394309160171;0.312176;0.0519193;0.979188 -0.199969 0.0346788 0.366022 0.182449 0.942159 0.281155 -2.0188 -0.0888951 -0.268977 0.959036 0.737885 0 0 0 1 
3394309160172;0.347442;0.0453671;0.991281 -0.0579376 -0.11834 0.0805244 0.0421789 0.990408 -0.131577 -0.375515 0.124828 0.125438 0.984217 -0.13411 0 0 0 1 
3394309160173;0.513361;0.364273;0.968354 -0.24008 0.0682023 0.541809 0.245405 0.965688 -0.0849852 -2.32147 -0.0454589 0.0990329 0.994045 0.303908 0 0 0 1 
3394309160174;0.158617;0.0557288;0.99747 0.0483521 -0.0521103 -0.290819 -0.0543092 0.991319 -0.119736 0.62983 0.0458684 0.122263 0.991437 -0.105816 0 0 0 1 
3394309160175;0.423765;0.046308;0.985255 -0.0373279 -0.16697 1.0499 0.00133585 0.977558 -0.21066 0.482404 0.171087 0.207331 0.963194 -1.55431 0 0 0 1 
3394309160176;0.19621;0.0565755;0.995873 -0.039406 0.0817513 -0.0197279 0.0358342 0.998357 0.0447071 -0.0968487 -0.0833787 -0.0415931 0.99565 0.449113 0 0 0 1 
3394309160177;0.557777;0.0419285;0.955885 0.177898 -0.233742 0.530441 -0.0764604 0.919005 0.386759 0.284464 0.283614 -0.351826 0.892066 -1.46738 0 0 0 1 
3394309160178;0.217629;0.0675395;0.999972 -0.00738655 0.00134208 0.229732 0.00739003 0.999969 -0.00261027 -0.336229 -0.00132275 0.00262011 0.999996 0.377485 0 0 0 1 
3394309160179;0.268847;0.583233;0.959257 -0.282529 -0.00157125 1.30855 0.282489 0.958993 0.0230624 -2.99599 -0.00500898 -0.0225666 0.999733 0.0413794 0 0 0 1 
3394309160180;0.363436;0.0543166;0.997569 -0.00635543 0.0693902 -0.146073 0.0105728 0.998107 -0.0605807 0.331986 -0.0688739 0.0611671 0.995748 1.60815 0 0 0 1 
3394309160181;0.481709;0.04045;0.902019 -0.431355 -0.0171485 1.06457 0.431323 0.90218 -0.00566085 -4.01117 0.0179129 -0.00229037 0.999837 0.655087 0 0 0 1 
3394309160182;0.293983;0.0393075;0.998153 -0.048022 -0.0372186 -0.0190497 0.0477859 0.998832 -0.00720876 -0.955457 0.0375212 0.00541692 0.999281 0.290869 0 0 0 1 
3394309160183;0.436918;0.0475254;0.972138 -0.23422 0.00938424 0.408157 0.222703 0.935348 0.274822 -2.9966 -0.0731464 -0.265075 0.961449 0.300573 0 0 0 1 
3394309160184;0.141133;0.0454657;0.999801 -0.0107482 -0.0168157 -0.397918 0.0103454 0.999662 -0.0238583 -0.160757 0.0170664 0.0236795 0.999574 0.0889559 0 0 0 1 
3394309160186;0.458534;0.0105987;0.915117 0.401899 -0.0322114 2.0744 -0.402951 0.914393 -0.0389306 7.98019 0.0138077 0.0486056 0.998723 -0.93318 0 0 0 1 
3394309160187;0.388653;0.14666;0.893924 -0.448031 0.0129395 2.00661 0.44762 0.890869 -0.0773901 -8.80532 0.0231458 0.0749729 0.996917 -0.162948 0 0 0 1 
3394309160188;0.269366;0.015544;0.986438 -0.164132 -0.000636913 0.199919 0.162091 0.973545 0.161051 -3.41299 -0.0258136 -0.15897 0.986946 0.798925 0 0 0 1 
3394309160189;0.483079;0.0152445;0.968454 -0.200984 -0.147315 1.01073 0.148937 0.940813 -0.304448 -2.01899 0.199785 0.272903 0.941068 -4.00882 0 0 0 1 
3394309160190;0.0786131;0.00539336;0.997947 0.0616809 -0.0172496 0.123648 -0.0617512 0.998085 -0.0035706 1.16591 0.0169964 0.00462845 0.999845 -0.457288 0 0 0 1 
3394309160191;0.461554;0.0167885;0.949723 -0.31264 -0.016819 0.8308 0.312945 0.94955 0.0204776 -6.88553 0.00956841 -0.0247115 0.999649 0.443485 0 0 0 1 
3394309160192;0.432023;0.0135309;0.987621 -0.0274081 -0.154444 1.13509 -0.0138871 0.965471 -0.26014 1.07634 0.156241 0.259064 0.953139 -2.4369 0 0 0 1 
3394309160193;0.353577;0.00887054;0.952233 0.305369 0.00143437 1.46503 -0.305232 0.951926 -0.0258881 5.98778 -0.00927083 0.0242137 0.999664 -0.388795 0 0 0 1 
3394309160194;0.352735;0.0124033;0.951858 -0.22361 0.209677 0.379805 0.144851 0.930936 0.335226 -3.55333 -0.270156 -0.288716 0.918509 5.04718 0 0 0 1 
3394309160195;0.362433;0.038943;0.903354 0.428634 0.0149944 2.18715 -0.428094 0.903251 -0.0295477 8.29829 -0.0262089 0.020273 0.999451 0.346291 0 0 0 1 
3394309160196;0.182053;0.0129353;0.992946 -0.107509 0.0500005 -0.018924 0.0987108 0.983172 0.153715 -2.31637 -0.065685 -0.147696 0.986849 0.900163 0 0 0 1 
3394309160197;0.398636;0.0118899;0.920687 0.378064 -0.0969726 2.37741 -0.389967 0.901355 -0.188373 7.82415 0.0161897 0.211249 0.977298 0.49436 0 0 0 1 
3394309160198;0.114611;0.017073;0.991303 -0.131483 -0.0055302 0.0728176 0.131474 0.991318 -0.00193993 -2.68041 0.00573726 0.00119599 0.999983 -0.0414639 0 0 0 1 
3394309160199;0.260161;0.00866695;0.949244 0.31423 0.0140116 1.27647 -0.313486 0.948765 -0.0396325 6.22822 -0.0257474 0.0332285 0.999116 0.575727 0 0 0 1 
3394309160200;0.239388;0.0127359;0.999039 -0.0334774 -0.0283074 0.0129802 0.0338525 0.999344 0.0128741 -0.751329 0.0278579 -0.01382 0.999516 0.077098 0 0 0 1 
3394309160201;0.340496;0.00532764;0.968602 -0.0747915 0.237098 0.606733 0.119931 0.97594 -0.182092 -1.70527 -0.217774 0.20481 0.954268 4.24375 0 0 0 1 
3394309160202;0.373558;0.0111436;0.98609 -0.0821947 0.14447 -0.659616 0.0828005 0.996564 0.00182466 -1.39471 -0.144123 0.0101629 0.989508 2.18597 0 0 0 1 
3394309160203;0.451354;0.045345;0.924925 0.377756 0.0425956 1.62454 -0.343886 0.879184 -0.329815 7.31505 -0.162039 0.290406 0.943084 3.38976 0 0 0 1 
3394309160204;0.469117;0.0439585;0.878376 0.477806 -0.0125352 2.7054 -0.477798 0.878462 0.00381107 9.30542 0.0128327 0.00264175 0.999914 -0.769433 0 0 0 1 
3394309160205;0.327235;0.0175418;0.978431 -0.199275 -0.0544201 0.739041 0.201764 0.978408 0.0448309 -4.4153 0.0443113 -0.0548439 0.997511 -1.25768 0 0 0 1 
3394309160206;0.165571;0.0116216;0.998324 -0.0110351 -0.0568166 -0.0937114 0.00411111 0.992696 -0.120569 0.178676 0.0577321 0.120133 0.991078 -0.667936 0 0 0 1 
3394309160207;0.420271;0.0046151;0.971262 0.106518 0.212846 0.479762 -0.116829 0.992484 0.0364286 2.14767 -0.207366 -0.0602482 0.976406 4.9883 0 0 0 1 
3394309160208;0.487381;0.00850931;0.924738 0.307922 -0.223704 1.34175 -0.250719 0.935047 0.250655 4.16655 0.286356 -0.175703 0.941875 -5.30976 0 0 0 1 
3394309160209;0.287731;0.00740291;0.99585 0.070608 0.0574148 -0.13909 -0.0780111 0.987211 0.139031 1.49222 -0.0468638 -0.142933 0.988622 0.116388 0 0 0 1 
3394309160210;0.372686;0.0134522;0.950438 -0.30845 0.0390785 0.672615 0.310895 0.944283 -0.108043 -5.7666 -0.00357538 0.114837 0.993378 0.839525 0 0 0 1 
3394309160211;0.423056;0.064115;0.915492 -0.330925 -0.228831 1.94692 0.358981 0.928683 0.0931706 -7.14971 0.181679 -0.167443 0.968997 -3.15632 0 0 0 1 
3394309160212;0.468609;0.0128667;0.960164 -0.278651 0.0209238 1.15096 0.27901 0.960141 -0.0167886 -5.93253 -0.0154116 0.0219578 0.99964 0.931252 0 0 0 1 
3394309160213;0.266849;0.0109125;0.978512 -0.148306 0.143248 -0.297387 0.173821 0.967015 -0.186194 -3.04284 -0.11091 0.207093 0.972014 2.51236 0 0 0 1 
3394309160214;0.475344;0.394326;0.993433 -0.103605 0.0485547 0.325332 0.10732 0.990882 -0.0814562 -2.16467 -0.0396727 0.0861321 0.995494 1.47032 0 0 0 1 
3394309160215;0.281079;0.0159246;0.873097 0.0808123 -0.480802 3.04228 -0.0540322 0.996131 0.0693095 1.11223 0.484543 -0.0345351 0.874085 -9.44153 0 0 0 1 
3394309160217;0.276984;0.0219095;0.999999 -0.000843213 -0.000556807 -0.597878 0.000844523 0.999997 0.00235765 0.347514 0.000554817 -0.00235812 0.999997 0.364599 0 0 0 1 
3394309160218;0.423487;1.04534;0.93684 0.191457 0.292702 -2.73203 -0.236998 0.96295 0.128684 2.6255 -0.25722 -0.189926 0.947505 3.02989 0 0 0 1 
3394309160219;0.217232;0.0535096;0.98566 0.161079 -0.0502739 0.379684 -0.167767 0.967443 -0.189496 2.52094 0.0181134 0.195213 0.980594 0.0726159 0 0 0 1 
3394309160220;0.375115;0.0247138;0.921919 0.181506 -0.342229 1.56184 -0.102554 0.966275 0.236211 0.553383 0.373561 -0.182671 0.909441 -5.20368 0 0 0 1 
3394309160221;0.326953;0.0431298;0.980982 0.182297 -0.0666476 -0.133312 -0.178866 0.982374 0.054306 1.94872 0.0753727 -0.0413522 0.996298 -0.417797 0 0 0 1 
3394309160222;0.142051;0.0168947;0.999273 -0.0340449 0.0171667 -0.267963 0.034522 0.999003 -0.0283047 -0.722671 -0.0161859 0.0288768 0.999452 0.351531 0 0 0 1 
3394309160223;0.261461;0.0637731;0.959124 0.273914 -0.0710791 0.222504 -0.270137 0.96105 0.0583777 3.4128 0.084301 -0.0367903 0.995761 -1.16777 0 0 0 1 
3394309160224;0.0854273;0.0620055;0.993565 0.112634 -0.0119314 0.017342 -0.112501 0.993587 0.0113011 1.36777 0.0131278 -0.00988605 0.999865 -0.146066 0 0 0 1 
3394309160225;0.231107;0.0203179;0.999951 0.00237544 -0.00959928 -0.256979 -0.00219419 0.99982 0.018848 0.546886 0.00964232 -0.018826 0.999776 0.0892065 0 0 0 1 
3394309160226;0.061528;0.030298;0.99999 0.00363963 -0.00274124 -0.0623686 -0.00364272 0.999993 -0.00112195 0.0877247 0.00273714 0.00113192 0.999996 -0.145809 0 0 0 1 
3394309160227;0.376137;1.41167;0.884518 0.464727 -0.0407036 -1.91674 -0.465135 0.88524 -0.000631004 5.82679 0.0357392 0.0194908 0.999171 -0.256234 0 0 0 1 
3394309160228;0.303595;0.0195882;0.96561 -0.248321 0.0770316 0.292579 0.259792 0.933232 -0.248168 -2.97297 -0.0102631 0.259646 0.965649 0.203694 0 0 0 1 
3394309160229;0.401686;0.0342949;0.930714 -0.316893 0.182622 1.01706 0.320719 0.947132 0.00899263 -3.6697 -0.175817 0.0502008 0.983142 2.46128 0 0 0 1 
3394309160230;0.10387;0.0466287;0.99136 0.126677 -0.0340329 0.0399069 -0.127779 0.991272 -0.0324318 1.6736 0.0296275 0.0365003 0.998894 -0.328009 0 0 0 1 
3394309160231;0.26477;0.0415163;0.926223 -0.227704 0.300437 0.257088 0.190909 0.970535 0.147022 -2.78463 -0.325062 -0.0788192 0.942402 4.26173 0 0 0 1 
3394309160232;0.456423;0.0461827;0.870325 0.286178 -0.400794 2.76252 -0.284271 0.956492 0.0656667 3.90522 0.402149 0.056783 0.913812 -5.51932 0 0 0 1 
3394309160233;0.155497;0.0379138;0.999129 0.0333782 0.0250562 -0.22541 -0.0340787 0.999025 0.0280725 0.378484 -0.0240947 -0.0289019 0.999292 0.697581 0 0 0 1 
3394309160234;0.449685;0.193544;0.998152 -0.0570762 0.02085 0.313826 0.0579763 0.997282 -0.0454738 -0.699451 -0.0181978 0.0465986 0.998748 -0.616401 0 0 0 1 
3394309160235;0.164832;0.0264103;0.972793 0.125464 -0.194763 0.303077 -0.115193 0.991328 0.0632417 1.4891 0.201009 -0.0390856 0.978809 -2.55961 0 0 0 1 
3394309160236;0.330502;0.049288;0.972151 0.225667 0.063215 0.0960389 -0.210253 0.958994 -0.190063 3.27987 -0.103514 0.171479 0.979735 1.87457 0 0 0 1 
3394309160237;0.197559;0.0480402;0.999951 -0.00988083 0.000169176 0.204506 0.0098793 0.999924 0.00741499 0.121738 -0.000242429 -0.00741296 0.999972 -0.279251 0 0 0 1 
3394309160238;0.37956;0.0539085;0.982274 -0.139924 0.124739 0.756586 0.125248 0.985007 0.118637 -1.49796 -0.139469 -0.100911 0.985071 1.89448 0 0 0 1 
3394309160239;0.353533;0.0281032;0.995554 -0.0436521 0.0834638 -0.813484 0.0425874 0.998988 0.0144952 -0.402638 -0.084012 -0.0108762 0.996405 0.50596 0 0 0 1 
3394309160240;0.540644;0.948636;0.941706 0.291717 0.167602 -2.25096 -0.21552 0.905604 -0.365285 4.04277 -0.258341 0.30787 0.915684 3.50611 0 0 0 1 
3394309160241;0.23847;0.788044;0.978652 0.0804355 0.18913 -1.65427 -0.0915167 0.994518 0.050592 1.04338 -0.184024 -0.0668206 0.980648 1.91814 0 0 0 1 
3394309160242;0.249114;0.0213869;0.99937 -0.0231918 0.0268685 -0.321459 0.022663 0.999547 0.0198219 -0.287073 -0.027316 -0.0192005 0.999442 -0.24504 0 0 0 1 
3394309160243;0.309141;0.0479119;0.957751 0.162908 0.237012 -0.0570309 -0.117126 0.973605 -0.195897 1.9025 -0.262669 0.15986 0.951551 3.35182 0 0 0 1 
3394309160244;0.346424;0.0484049;0.999996 -0.00172326 -0.00211454 0.461548 0.00172847 0.999995 0.00246157 -0.403436 0.00211029 -0.00246522 0.999995 0.612187 0 0 0 1 
3394309160245;0.222213;0.044207;0.981613 0.142091 0.127464 0.0891559 -0.14821 0.988154 0.0398283 1.99538 -0.120295 -0.0579873 0.991043 1.12759 0 0 0 1 
3394309160246;0.394505;1.21709;0.903437 0.425115 0.0554764 -2.25092 -0.428461 0.899796 0.0823866 5.54758 -0.0148937 -0.0982006 0.995055 0.0657216 0 0 0 1 
3394309160248;0.387346;0.0269321;0.994727 0.088735 -0.0514241 0.168385 -0.0598963 0.909649 0.411036 0.397059 0.0832512 -0.405789 0.910167 -1.23618 0 0 0 1 
3394309160249;0.0790091;0.021176;0.996155 -0.0873484 0.00675759 0.0276687 0.0873468 0.996178 0.000524132 -1.4745 -0.00677754 6.81379e-05 0.999977 0.105136 0 0 0 1 
3394309160250;0.489213;0.0335719;0.931678 0.26668 -0.246694 1.71499 -0.224882 0.956684 0.184889 3.26702 0.285314 -0.11678 0.951293 -3.94463 0 0 0 1 
3394309160251;0.37181;0.0438639;0.884107 0.441665 -0.152602 2.31061 -0.402141 0.88546 0.232902 6.51986 0.237987 -0.144543 0.960453 -4.06003 0 0 0 1 
3394309160252;0.374908;0.0177081;0.932093 -0.362111 -0.00881807 1.28861 0.362151 0.932113 0.00338041 -6.4167 0.00699536 -0.00634433 0.999955 -0.401079 0 0 0 1 
3394309160253;0.217625;0.031816;0.970825 -0.151943 0.185503 0.223715 0.160815 0.98641 -0.0336689 -2.60132 -0.177866 0.0625184 0.982067 3.49785 0 0 0 1 
3394309160254;0.306431;0.0244762;0.999766 -0.0216202 -0.000347743 -0.743324 0.0216205 0.999766 0.000817229 -0.0452961 0.000329993 -0.000824557 1 0.356997 0 0 0 1 
3394309160255;0.470321;0.0265172;0.973019 -0.226605 -0.043396 -0.347749 0.200069 0.922364 -0.330479 -2.47874 0.114915 0.312881 0.942815 -1.7405 0 0 0 1 
3394309160256;0.293686;0.0152021;0.999389 0.0315369 -0.0150608 -0.497932 -0.0312984 0.999385 0.0158192 0.0338925 0.0155504 -0.0153381 0.999761 -0.0174908 0 0 0 1 
3394309160257;0.406176;0.036517;0.988615 0.0715696 0.132355 -0.0350122 -0.0437546 0.978362 -0.202219 1.8478 -0.143964 0.194125 0.970356 3.05771 0 0 0 1 
3394309160258;0.344851;0.0401715;0.970218 0.0643906 0.233518 -0.126328 -0.0136112 0.976991 -0.212845 0.988779 -0.24185 0.203328 0.948771 4.39021 0 0 0 1 
3394309160259;0.414136;0.0926172;0.881577 -0.456637 -0.119601 2.30937 0.46337 0.885485 0.0347099 -8.14467 0.0900548 -0.0860188 0.992215 -1.59058 0 0 0 1 
3394309160260;0.148826;0.0283525;0.971517 0.0971552 -0.216139 0.844014 -0.0825938 0.993724 0.0754343 1.31211 0.222111 -0.055434 0.973444 -3.90218 0 0 0 1 
3394309160261;0.341319;0.0194343;0.985556 -0.16752 -0.0248438 0.315614 0.166438 0.985214 -0.0406489 -2.37182 0.031286 0.0359268 0.998865 0.153921 0 0 0 1 
