#;prob_registration_l1 -r /home/probabilistic_point_clouds_registration/build/tester /home/point_clouds_registration_benchmark//devel/registration_pairs/long_office_household_local.txt /home/point_clouds_registration_benchmark//tum/long_office_household -s 0.1 -t 0.1 -p 0.3 -r 1000 -m 10 -i 40 
id;initial_error;final_error;transformation
26456013410000;0.652746;0.521081;0.811477 0.512891 -0.280085 0.564283 -0.534694 0.845044 -0.00169733 -0.138999 0.235814 0.151137 0.959974 -0.311509 0 0 0 1 
26456013410001;1.0574;0.620789;0.929253 0.33129 -0.163511 0.253608 -0.272566 0.913543 0.301906 0.153053 0.249393 -0.235979 0.939211 1.21681 0 0 0 1 
26456013410002;0.577722;0.69121;0.891977 0.399197 -0.212174 0.483104 -0.285964 0.861725 0.419113 0.0929806 0.350144 -0.313165 0.882795 0.907354 0 0 0 1 
26456013410003;1.10585;0.578981;0.971457 -0.211876 -0.106674 0.514514 0.224704 0.966039 0.127584 0.236586 0.0760197 -0.147913 0.986074 -0.770723 0 0 0 1 
26456013410004;0.510854;0.650709;0.928944 0.355736 0.10254 0.348475 -0.362257 0.816266 0.449977 -0.388959 0.0763733 -0.45515 0.887134 0.00351799 0 0 0 1 
26456013410005;0.315858;0.600386;0.982859 0.132842 -0.127831 0.500222 -0.118376 0.986309 0.114808 0.26102 0.141333 -0.0977078 0.985129 -0.0799579 0 0 0 1 
26456013410006;0.127418;0.631263;0.933142 0.32235 -0.159172 0.554295 -0.280498 0.929753 0.238494 -0.181114 0.224869 -0.177902 0.958011 0.332527 0 0 0 1 
26456013410007;0.936325;0.630281;0.964204 -0.156539 -0.214024 0.126673 0.178381 0.98013 0.0867534 0.497357 0.196191 -0.121826 0.972968 0.706872 0 0 0 1 
26456013410008;0.859142;0.603932;0.975686 0.157172 -0.152756 0.498079 -0.134974 0.980001 0.146222 0.131548 0.172683 -0.122049 0.977387 0.953844 0 0 0 1 
26456013410009;0.404949;0.610258;0.904553 0.306549 -0.29633 0.254539 -0.255159 0.946035 0.199778 -0.120131 0.341581 -0.105099 0.933958 0.5457 0 0 0 1 
26456013410010;0.333714;0.616751;0.941395 0.219741 -0.255909 0.441064 -0.215186 0.975488 0.0460331 -0.0429023 0.259751 0.0117325 0.965604 -0.0319862 0 0 0 1 
26456013410011;0.463956;0.566458;0.986384 0.115813 -0.116766 0.532896 -0.0986498 0.984742 0.143355 0.083877 0.131587 -0.129885 0.982759 -0.226006 0 0 0 1 
26456013410012;1.06761;0.522774;0.913852 0.142565 -0.380198 1.02537 -0.232383 0.951462 -0.201786 0.584717 0.332977 0.272754 0.902625 0.97825 0 0 0 1 
26456013410013;0.408963;0.567302;0.805927 0.570129 -0.159479 0.49351 -0.528378 0.814207 0.240588 -0.258823 0.267015 -0.109632 0.957436 0.340721 0 0 0 1 
26456013410014;0.281798;0.63905;0.936655 0.313649 -0.155892 0.435416 -0.267552 0.927954 0.259456 -0.246363 0.226039 -0.201312 0.95309 0.0730361 0 0 0 1 
26456013410015;0.444148;0.616766;0.947399 0.149731 -0.282869 0.34094 -0.111024 0.982688 0.148317 0.0196137 0.30018 -0.10911 0.947622 0.577291 0 0 0 1 
26456013410016;0.631913;0.624366;0.836915 0.543206 0.067088 0.137931 -0.537331 0.792102 0.289568 -0.0982385 0.104155 -0.278392 0.954803 0.750026 0 0 0 1 
26456013410017;0.712942;0.585726;0.946358 0.2928 -0.136651 0.641241 -0.264348 0.944782 0.193667 0.51241 0.185812 -0.147155 0.971504 0.407733 0 0 0 1 
26456013410018;0.599666;0.579098;0.854817 0.506959 0.110817 0.341628 -0.514953 0.802311 0.301861 -0.568701 0.0641214 -0.315101 0.946889 0.0314607 0 0 0 1 
26456013410019;0.16999;0.523355;0.973987 0.206332 -0.0936849 0.402189 -0.184707 0.962382 0.199257 0.0365708 0.131274 -0.17677 0.975459 0.0652761 0 0 0 1 
26456013410020;0.966938;0.594515;0.95012 0.295331 -0.100256 0.174348 -0.273377 0.94334 0.188084 -0.327528 0.150122 -0.151295 0.977023 -0.65784 0 0 0 1 
26456013410021;1.2145;0.616536;0.964165 -0.196867 -0.177846 -0.25758 0.222024 0.965693 0.134695 0.40176 0.145227 -0.169355 0.974796 -0.230807 0 0 0 1 
26456013410022;0.808376;0.610593;0.968701 -0.108582 -0.223224 0.0926933 0.0543465 0.97021 -0.236092 0.581316 0.242209 0.216571 0.945744 -0.0820016 0 0 0 1 
26456013410023;0.310262;0.488096;0.88791 0.446865 -0.109209 0.113666 -0.443765 0.8946 0.0525738 -0.053425 0.121191 0.0017822 0.992628 0.256027 0 0 0 1 
26456013410024;0.290654;0.625051;0.892526 0.432541 -0.127693 0.513329 -0.352972 0.846192 0.39921 -0.444934 0.280727 -0.311234 0.907924 0.373462 0 0 0 1 
26456013410025;0.115869;0.55418;0.932894 0.312367 -0.179263 0.366717 -0.275501 0.939532 0.203419 -0.0544143 0.231965 -0.140382 0.962541 0.348993 0 0 0 1 
26456013410026;0.438952;0.686163;0.983275 0.168411 -0.0693344 0.366482 -0.137923 0.937183 0.320415 -0.418913 0.11894 -0.305493 0.944736 0.113231 0 0 0 1 
26456013410027;1.02893;0.549847;0.826869 0.551283 -0.11124 0.602238 -0.530015 0.830013 0.173671 0.701484 0.188073 -0.0846445 0.978501 0.245638 0 0 0 1 
26456013410028;0.910665;0.650424;0.937168 0.305463 -0.168546 0.458483 -0.253774 0.928383 0.271484 0.134621 0.239404 -0.211654 0.94757 1.07759 0 0 0 1 
26456013410029;0.807992;0.555822;0.908141 0.255813 -0.33142 0.740371 -0.277896 0.960399 -0.0201758 0.726231 0.313135 0.110423 0.943267 0.0728901 0 0 0 1 
26456013410031;0.378079;4.20761;0.802158 0.428669 -0.415674 -3.90232 -0.582551 0.714626 -0.387226 3.73268 0.13106 0.552768 0.822965 0.533826 0 0 0 1 
26456013410032;0.347742;1.33788;0.348775 0.720229 -0.599689 0.167586 -0.768558 0.585987 0.256785 1.65385 0.536353 0.371335 0.757915 -0.224499 0 0 0 1 
26456013410033;0.319289;1.49694;-0.129656 0.305483 -0.943329 0.618042 -0.565262 0.758859 0.323438 1.2131 0.814659 0.575163 0.0742874 -0.660411 0 0 0 1 
26456013410034;0.665788;1.45576;-0.430319 0.283818 -0.856897 1.66999 -0.391876 0.796428 0.460582 0.886004 0.813178 0.533995 -0.231497 0.0439293 0 0 0 1 
26456013410035;0.543286;1.38936;0.0259645 0.291606 -0.956186 0.854241 -0.507197 0.828094 0.23877 0.861583 0.861439 0.478775 0.169403 0.17956 0 0 0 1 
26456013410036;0.569296;0.885823;0.795332 0.537489 -0.280272 0.208756 -0.57134 0.819168 -0.0503487 1.04706 0.202528 0.200175 0.958599 0.221186 0 0 0 1 
26456013410037;0.587068;1.5362;-0.243891 0.208119 -0.947209 0.945436 -0.777889 0.541282 0.319223 1.90346 0.579143 0.814678 0.0298797 0.0925442 0 0 0 1 
26456013410038;0.163491;1.44718;-0.0174266 0.206518 -0.978288 0.915794 -0.568204 0.803039 0.179645 1.2326 0.822703 0.558997 0.10335 -0.421939 0 0 0 1 
26456013410039;0.298903;1.38745;0.0958314 0.451736 -0.88699 0.527666 -0.639252 0.710979 0.29303 1.70114 0.763003 0.538928 0.356907 -0.372865 0 0 0 1 
26456013410040;0.421915;4.48999;0.923994 0.354733 -0.142829 -4.55048 -0.376001 0.774686 -0.508414 3.81267 -0.0697043 0.523475 0.849185 0.836345 0 0 0 1 
26456013410041;0.740902;1.44167;0.0363992 0.362282 -0.931357 1.52587 -0.352613 0.876687 0.327236 0.62493 0.935061 0.316498 0.159656 -0.422137 0 0 0 1 
26456013410042;0.386627;1.56479;-0.236962 0.236713 -0.94224 1.01051 -0.467056 0.822676 0.324135 1.09018 0.851884 0.516887 -0.084385 -0.0620132 0 0 0 1 
26456013410043;0.418115;0.986899;0.615346 0.409056 -0.673812 0.194205 -0.583635 0.810998 -0.0406552 1.18778 0.52983 0.418277 0.737783 -0.219275 0 0 0 1 
26456013410044;0.401489;1.04634;0.630192 0.502487 -0.591916 0.245637 -0.369659 0.864574 0.340388 0.908364 0.682796 0.0042974 0.730597 -0.293251 0 0 0 1 
26456013410045;0.640918;1.5559;-0.211298 0.279553 -0.936591 0.656128 -0.492603 0.797176 0.349074 0.627598 0.844213 0.535126 -0.0307334 -0.864681 0 0 0 1 
26456013410046;0.387348;1.40202;-0.105324 0.353728 -0.9294 0.533709 -0.524669 0.774166 0.354104 1.54751 0.844766 0.524923 0.104052 -0.436521 0 0 0 1 
26456013410047;0.681694;1.48596;-0.142488 0.678777 -0.720388 1.17346 -0.264591 0.675207 0.68854 0.385349 0.953776 0.288716 0.0833893 -0.598845 0 0 0 1 
26456013410048;0.200666;1.54476;-0.138505 0.350581 -0.926234 0.892469 -0.601958 0.712859 0.359832 1.24445 0.786425 0.607392 0.112301 -0.325686 0 0 0 1 
26456013410049;0.634474;1.41818;0.068677 0.284171 -0.956311 0.885018 -0.626161 0.758529 0.180432 1.36578 0.776663 0.586414 0.23003 0.365371 0 0 0 1 
26456013410050;0.211001;1.51964;-0.0514548 0.223611 -0.973319 0.705556 -0.52906 0.820509 0.216473 1.26591 0.847023 0.526083 0.0760843 -0.613458 0 0 0 1 
26456013410051;0.550163;1.02731;0.58243 0.597452 -0.551204 0.821947 -0.396585 0.800759 0.448894 0.515174 0.709574 -0.0428501 0.703327 -0.620231 0 0 0 1 
26456013410052;0.551544;1.31856;0.0205656 0.394766 -0.918552 1.44206 -0.52045 0.788675 0.327296 0.843861 0.853644 0.471329 0.221675 -0.368884 0 0 0 1 
26456013410053;0.345543;1.52924;-0.184232 0.276945 -0.943059 1.04501 -0.655275 0.68053 0.327861 1.73796 0.73258 0.678366 0.0560996 -0.267001 0 0 0 1 
26456013410054;0.546651;4.35249;0.906658 0.31423 -0.281481 -5.1059 -0.420075 0.733887 -0.533804 3.89684 0.0388379 0.602221 0.797384 0.341252 0 0 0 1 
26456013410055;0.267657;1.5162;-0.203719 0.258911 -0.944174 1.10397 -0.604525 0.725321 0.329332 1.43443 0.770096 0.637867 0.00875624 -0.280382 0 0 0 1 
26456013410056;0.595541;1.3985;0.347588 0.359984 -0.865791 0.97746 -0.660175 0.749661 0.0466592 1.22181 0.665847 0.555355 0.498225 -0.177851 0 0 0 1 
26456013410057;0.461018;2.82584;0.517295 0.850121 -0.0984911 -1.09847 -0.837711 0.479451 -0.26147 3.31101 -0.175059 0.217764 0.960173 1.17193 0 0 0 1 
26456013410058;0.576941;1.53894;-0.181345 0.447807 -0.875547 1.07828 -0.547897 0.693326 0.46809 0.587111 0.816654 0.564595 0.119621 -0.734603 0 0 0 1 
26456013410059;0.729412;2.57426;0.389495 0.887824 0.245078 -0.32421 -0.8957 0.427101 -0.123717 3.07636 -0.214512 -0.171329 0.961577 1.37176 0 0 0 1 
26456013410060;0.670241;1.00174;0.608565 0.611541 -0.505634 0.150819 -0.411441 0.788054 0.457917 1.10742 0.678502 -0.0706338 0.731195 -0.789093 0 0 0 1 
26456013410062;0.727774;0.649481;0.956381 0.279372 -0.0853624 -0.553114 -0.262621 0.950238 0.167562 -0.44565 0.127927 -0.137835 0.982159 0.359284 0 0 0 1 
26456013410063;1.34575;0.17284;0.953507 0.0259759 0.30025 -0.285191 0.0640728 0.956029 -0.286186 -0.465513 -0.294482 0.292119 0.909916 -0.178686 0 0 0 1 
26456013410064;0.325852;0.252165;0.998757 0.00394189 0.0496879 -0.0281557 -0.0100495 0.992321 0.123277 -0.164061 -0.0488205 -0.123623 0.991128 0.15722 0 0 0 1 
26456013410065;0.371368;1.09162;0.941469 -0.269248 -0.202832 -0.185147 0.272846 0.962 -0.0105547 0.0172982 0.197966 -0.0454049 0.979157 0.0277905 0 0 0 1 
26456013410066;1.03207;0.20914;0.984647 -0.0918523 -0.148437 -0.160841 0.0469737 0.95842 -0.28147 0.404353 0.168119 0.270176 0.94802 0.415923 0 0 0 1 
26456013410067;0.857765;1.3347;0.974246 -0.141088 0.175897 -0.560248 0.188651 0.937293 -0.293075 0.0511336 -0.123518 0.31871 0.93977 0.224757 0 0 0 1 
26456013410068;1.01715;0.196343;0.997101 -0.0757569 0.00710392 -0.129284 0.0738269 0.985826 0.150653 -0.0883336 -0.0184162 -0.149691 0.988561 0.605869 0 0 0 1 
26456013410069;0.211374;0.681368;0.951188 -0.233284 -0.202041 -0.100556 0.233842 0.972038 -0.0214457 -0.0767149 0.201394 -0.0268468 0.979142 0.191281 0 0 0 1 
26456013410070;0.584191;0.684932;0.907283 -0.271862 -0.320824 0.227744 0.246924 0.961963 -0.11686 0.0177866 0.34039 0.0268056 0.939902 0.0259541 0 0 0 1 
26456013410071;0.0848378;0.233569;0.999317 -0.0197823 0.0312039 -0.0761436 0.0219243 0.997315 -0.069866 -0.010925 -0.029738 0.0705024 0.997068 -0.0200437 0 0 0 1 
26456013410072;0.345771;0.160574;0.980715 -0.0182482 -0.19459 0.0293459 0.0585103 0.977381 0.20323 -0.276713 0.18648 -0.210696 0.9596 0.233558 0 0 0 1 
26456013410073;0.619828;0.248692;0.970548 0.0658241 0.231741 -0.197957 -0.0376586 0.991576 -0.123932 -0.094392 -0.237946 0.111555 0.964851 0.162069 0 0 0 1 
26456013410074;0.46439;0.22882;0.978913 -0.156329 -0.131491 -0.12612 0.131145 0.974474 -0.182212 0.157598 0.15662 0.161126 0.974427 0.109093 0 0 0 1 
26456013410075;1.52576;1.56614;0.962408 -0.268955 -0.0378689 -0.756743 0.27147 0.956967 0.102554 -0.232954 0.00865699 -0.108979 0.994006 -0.703394 0 0 0 1 
26456013410076;0.479244;0.239963;0.996762 0.026829 -0.0757962 -0.0281136 -0.0352106 0.99314 -0.111505 0.0521942 0.0722846 0.113813 0.990869 -0.172653 0 0 0 1 
26456013410077;0.704929;0.246526;0.977347 -0.191517 0.0900832 -0.395075 0.187229 0.980834 0.0539368 -0.250656 -0.0986865 -0.0358488 0.994473 0.104152 0 0 0 1 
26456013410078;0.365691;0.52198;0.996005 -0.0769109 -0.0453771 0.00898946 0.0734532 0.994587 -0.0734916 0.0345221 0.0507838 0.0698649 0.996263 0.0272463 0 0 0 1 
26456013410079;1.72117;1.41741;0.993232 -0.108293 -0.0419855 0.0585004 0.0924957 0.956123 -0.277982 0.311007 0.0702466 0.272217 0.959668 0.510249 0 0 0 1 
26456013410080;1.76411;0.222076;0.992536 -0.113744 -0.0439835 -0.457551 0.114243 0.993412 0.00900174 0.736985 0.0426698 -0.0139594 0.998992 -0.0249008 0 0 0 1 
26456013410081;1.63412;0.240389;0.97922 0.083915 0.184624 -0.112662 -0.054095 0.98547 -0.161002 0.819085 -0.195452 0.14767 0.969532 -0.46009 0 0 0 1 
26456013410082;0.404515;0.604307;0.940322 0.0463217 -0.33712 0.172207 0.00188537 0.989967 0.141285 0.0698492 0.340282 -0.133489 0.9308 0.128413 0 0 0 1 
26456013410083;1.34753;0.178276;0.998566 -0.0495674 -0.0202479 -0.21723 0.0502196 0.99819 0.0330798 -0.573396 0.0185715 -0.0340492 0.999248 0.505552 0 0 0 1 
26456013410084;1.15281;0.286178;0.999932 -0.0116619 -0.00094915 0.10287 0.011694 0.993364 0.114413 -0.652314 -0.000391427 -0.114416 0.993433 0.390537 0 0 0 1 
26456013410085;0.50976;0.245572;0.997999 0.0286108 0.0563804 -0.0683596 -0.0195218 0.987624 -0.155621 0.12247 -0.0601351 0.154209 0.986207 -0.287411 0 0 0 1 
26456013410086;0.789041;0.37734;0.980878 -0.140136 -0.135053 0.0754673 0.124801 0.985372 -0.116044 0.0979787 0.14934 0.09697 0.98402 -0.343304 0 0 0 1 
26456013410087;0.962758;0.290277;0.993906 0.104561 -0.0348948 -0.00930276 -0.108948 0.979965 -0.166728 0.551008 0.0167625 0.169514 0.985385 -0.0117641 0 0 0 1 
26456013410088;1.51292;1.58404;0.925832 -0.349168 -0.144625 -1.29208 0.346466 0.937016 -0.044295 -0.427827 0.150982 -0.00909771 0.988495 0.169002 0 0 0 1 
26456013410089;0.558558;0.336199;0.989715 -0.139121 -0.0333059 -0.0814403 0.137134 0.988972 -0.0559395 0.00458826 0.0407209 0.0507969 0.997878 0.313608 0 0 0 1 
26456013410090;1.4132;0.237952;0.993117 -0.0289537 -0.113488 0.185026 0.0327843 0.998949 0.0320334 -0.046191 0.112442 -0.0355336 0.993023 -0.658139 0 0 0 1 
26456013410091;1.21795;0.856316;0.966988 -0.192845 0.166571 -0.406097 0.238469 0.915235 -0.324772 -0.0722128 -0.0898207 0.353773 0.931009 0.402791 0 0 0 1 
26456013410093;0.469907;0.556895;0.971175 -0.222008 0.0867876 -0.0554772 0.225904 0.973413 -0.0378793 0.552735 -0.0760707 0.056393 0.995506 -0.468685 0 0 0 1 
26456013410094;0.663694;0.269095;0.878951 0.195314 -0.435083 0.416743 -0.0968284 0.966376 0.238206 0.357017 0.466979 -0.167243 0.868309 0.0890121 0 0 0 1 
26456013410095;0.871627;0.231504;0.975233 0.186759 0.118497 0.452365 -0.189632 0.981764 0.0133563 0.323927 -0.113842 -0.0354964 0.992865 -0.0316907 0 0 0 1 
26456013410096;0.802998;0.163524;0.998633 0.0468792 0.0231252 -0.404228 -0.0471615 0.998817 0.0118164 0.253472 -0.0225439 -0.0128909 0.999663 -0.474569 0 0 0 1 
26456013410097;0.47238;0.195348;0.909227 0.416073 -0.0137786 0.00737527 -0.415565 0.90909 0.0293493 0.167887 0.0247374 -0.0209593 0.999474 0.206897 0 0 0 1 
26456013410098;0.153152;0.184679;0.984841 0.110624 -0.133605 0.0838057 -0.105686 0.993446 0.043527 0.149481 0.137544 -0.028747 0.990078 0.0617813 0 0 0 1 
26456013410099;1.16156;0.286689;0.996755 -0.0483897 -0.0643208 -0.255648 0.0419123 0.994254 -0.0984967 0.794684 0.0687175 0.0954813 0.993057 0.444219 0 0 0 1 
26456013410100;0.366643;0.183555;0.962685 0.259702 0.0761118 -0.0722729 -0.253789 0.964004 -0.0792923 0.149193 -0.0939644 0.0570172 0.993942 0.191003 0 0 0 1 
26456013410101;1.16745;0.242135;0.985378 0.165521 0.0404055 0.048022 -0.170309 0.96378 0.20524 0.530072 -0.00497057 -0.20912 0.977877 0.764095 0 0 0 1 
26456013410102;1.13408;0.280881;0.991584 -0.116751 -0.0559433 0.178146 0.12024 0.9907 0.0636814 0.00132195 0.0479882 -0.0698721 0.996401 -0.862003 0 0 0 1 
26456013410103;0.393965;0.252586;0.995846 0.0695699 -0.0587427 0.0201503 -0.0572834 0.980166 0.189719 -0.216811 0.0707763 -0.185566 0.98008 -0.0513284 0 0 0 1 
26456013410104;1.01585;0.173065;0.956716 0.288742 0.0363699 -0.556144 -0.287929 0.920943 0.262603 0.212038 0.0423301 -0.261709 0.964218 -0.381153 0 0 0 1 
26456013410105;1.13047;0.601511;0.991969 -0.0341448 0.121783 -0.0215911 0.0400987 0.9981 -0.0467784 -0.07743 -0.119955 0.0512861 0.991454 0.427593 0 0 0 1 
26456013410106;0.197882;0.183329;0.952868 0.303321 0.00629858 -0.104184 -0.303382 0.952764 0.014132 0.159617 -0.00171452 -0.0153768 0.99988 0.0211217 0 0 0 1 
26456013410107;0.85745;0.582526;0.95465 -0.266055 0.133635 -0.309602 0.255424 0.962485 0.0915454 -0.0831006 -0.152978 -0.0532603 0.986793 -0.44837 0 0 0 1 
26456013410108;1.09003;0.225165;0.974451 0.0996875 0.201266 -0.320125 -0.104125 0.994497 0.0115572 -0.568456 -0.199006 -0.0322189 0.979468 0.373428 0 0 0 1 
26456013410109;0.997601;0.286394;0.984017 0.177776 -0.0102782 0.125423 -0.178028 0.980833 -0.0792007 -0.384544 -0.00399879 0.0797647 0.996806 0.308734 0 0 0 1 
26456013410110;1.0844;0.372616;0.906966 -0.0713833 0.415111 -0.956689 0.0640277 0.997447 0.0316304 0.196091 -0.416309 -0.00210908 0.909221 -0.506039 0 0 0 1 
26456013410111;0.414986;0.454905;0.992497 -0.122073 0.00694663 0.0710821 0.117824 0.939678 -0.321126 0.518156 0.0326733 0.319535 0.947011 -0.0801069 0 0 0 1 
26456013410112;0.40276;0.207714;0.993717 0.0270389 0.108604 -0.114561 -0.0453833 0.984368 0.170177 -0.00829168 -0.102305 -0.174037 0.97941 -0.238177 0 0 0 1 
26456013410113;0.220143;0.219206;0.978957 0.199034 -0.0450331 0.0197447 -0.199907 0.979688 -0.0157453 0.185833 0.0409845 0.0244164 0.998861 0.100978 0 0 0 1 
26456013410114;0.883586;0.364297;0.97524 -0.11808 0.186988 -0.549182 0.103494 0.990908 0.0859688 -0.0432355 -0.195439 -0.0644881 0.978593 0.318607 0 0 0 1 
26456013410115;0.901703;0.230575;0.999314 0.00304376 -0.0368955 0.00423968 0.00385728 0.98263 0.185538 0.159816 0.0368194 -0.185553 0.981944 0.751375 0 0 0 1 
26456013410116;0.0971774;0.177623;0.999757 0.0185988 -0.0118366 -0.0554847 -0.0183779 0.99966 0.0185038 0.181751 0.0121767 -0.0182818 0.999759 0.0175024 0 0 0 1 
26456013410117;0.308242;0.166786;0.999414 0.0338457 -0.00506745 -0.0487508 -0.0333956 0.996865 0.0717328 0.173108 0.00747941 -0.0715215 0.997411 -0.170306 0 0 0 1 
26456013410118;0.617996;0.4569;0.937885 -0.237456 0.252956 -0.393106 0.214916 0.96999 0.113709 0.298582 -0.272366 -0.0522819 0.960772 -0.370514 0 0 0 1 
26456013410119;0.836682;0.419216;0.988196 -0.153145 0.00389545 -0.0687266 0.152188 0.984295 0.0894516 0.180053 -0.0175334 -0.0878029 0.995984 -0.739545 0 0 0 1 
26456013410120;1.27194;0.307873;0.997851 0.0613325 -0.0230716 0.493458 -0.0579686 0.990381 0.125637 0.306459 0.0305553 -0.12403 0.991808 -0.779745 0 0 0 1 
26456013410121;0.539915;0.485605;0.96236 -0.263728 -0.0656573 0.251659 0.265253 0.964053 0.0155631 0.347152 0.0591927 -0.0323932 0.997721 -0.485392 0 0 0 1 
26456013410122;0.715537;0.198994;0.999539 0.0303417 -0.000735456 0.0869007 -0.0302695 0.998345 0.048891 0.219479 0.00221767 -0.0488462 0.998804 -0.529382 0 0 0 1 
26456013410124;1.54152;0.142898;0.832519 0.539801 -0.124605 -0.497548 -0.549004 0.834004 -0.0550573 -0.456301 0.0742013 0.114245 0.990678 0.190475 0 0 0 1 
26456013410125;0.0901978;0.0708401;0.996539 0.0829248 -0.00573426 0.0753683 -0.0828958 0.996545 0.00512452 -0.119374 0.0061394 -0.00463144 0.99997 -0.00157471 0 0 0 1 
26456013410126;2.04591;0.0888622;0.958905 0.240148 -0.151097 0.136741 -0.231363 0.970085 0.0735204 -0.136158 0.164233 -0.0355406 0.985781 -0.704917 0 0 0 1 
26456013410127;0.892171;0.279621;0.995786 0.0728563 0.0556908 0.0538693 -0.0723455 0.997317 -0.0111368 0.390197 -0.0563528 0.00706091 0.998386 -0.159158 0 0 0 1 
26456013410128;1.22747;0.145484;0.998347 0.0574095 -0.00286387 -0.136361 -0.057477 0.99646 -0.0613478 0.0492411 -0.000668218 0.0614109 0.998112 -0.548263 0 0 0 1 
26456013410129;0.476134;0.0886887;0.972451 0.123867 0.197475 -0.103063 -0.113884 0.991609 -0.0611783 -0.224442 -0.203395 0.0370038 0.978397 -0.120715 0 0 0 1 
26456013410130;2.09219;0.12953;0.974274 0.204103 0.0955617 0.230615 -0.201035 0.978734 -0.0408121 0.100872 -0.101859 0.0205509 0.994587 0.74072 0 0 0 1 
26456013410131;1.46172;0.139334;0.997004 0.0767681 0.00948147 -0.294158 -0.0768975 0.996939 0.0141347 -0.224429 -0.00836736 -0.0148214 0.999855 0.58268 0 0 0 1 
26456013410132;0.769284;0.233048;0.99291 -0.0486096 0.108474 -0.197494 0.0309487 0.986806 0.158923 0.11821 -0.114768 -0.154439 0.981314 0.0407662 0 0 0 1 
26456013410133;1.34603;0.10987;0.999688 -0.0147981 0.0201089 -0.0493914 0.0142975 0.99959 0.0248121 0.354576 -0.0204678 -0.0245168 0.99949 0.50555 0 0 0 1 
26456013410134;1.62064;0.137985;0.98623 -0.118799 0.115049 0.185899 0.120906 0.992597 -0.0114899 0.378077 -0.112832 0.0252418 0.993293 -0.815969 0 0 0 1 
26456013410135;0.477389;0.0946449;0.994681 0.0961351 0.0369748 0.0394546 -0.0930974 0.992707 -0.0765856 0.0294624 -0.0440677 0.072736 0.996377 -0.235381 0 0 0 1 
26456013410136;1.0412;0.132431;0.962156 -0.259158 -0.0842242 -0.572242 0.26073 0.965378 0.00804847 0.566201 0.0792224 -0.0297037 0.996414 0.315352 0 0 0 1 
26456013410137;1.90811;0.350401;0.999949 -0.00925741 0.00411853 -0.0499002 0.00947683 0.998335 -0.0569006 -0.044013 -0.00358492 0.0569368 0.998371 0.896612 0 0 0 1 
26456013410138;0.964836;0.0666544;0.979519 0.190129 -0.0662797 0.0521466 -0.196883 0.973365 -0.117461 -0.279816 0.0421817 0.128104 0.990863 0.584944 0 0 0 1 
26456013410139;1.47225;0.345754;0.902491 0.427322 -0.0539094 0.508599 -0.430586 0.898127 -0.0892399 -0.928761 0.0102833 0.103751 0.99455 -0.233102 0 0 0 1 
26456013410140;1.16137;0.344651;0.991958 0.126541 -0.00244125 0.239002 -0.126509 0.991909 0.0105758 -0.526409 0.00375976 -0.0101819 0.999941 0.19417 0 0 0 1 
26456013410141;0.944233;0.0816563;0.991014 0.133756 -0.000270372 -0.0734423 -0.133733 0.990803 -0.0206078 -0.549463 -0.00248854 0.0204588 0.999788 -0.236367 0 0 0 1 
26456013410142;1.84842;0.425372;0.949966 0.161263 -0.267505 -0.488014 -0.202826 0.969773 -0.135657 -0.346492 0.237543 0.183126 0.953959 0.520423 0 0 0 1 
26456013410143;0.46443;0.0609974;0.95858 0.282544 0.0359514 0.0437694 -0.284771 0.953147 0.102057 -0.470086 -0.00543141 -0.108068 0.994129 0.113679 0 0 0 1 
26456013410144;0.759937;0.0613067;0.974646 -0.0794612 -0.209167 -0.105632 0.0184478 0.960171 -0.278803 0.443668 0.22299 0.267876 0.937293 0.340622 0 0 0 1 
26456013410145;0.437138;0.309656;0.988576 -0.0311281 0.147476 -0.159992 0.000281977 0.978822 0.204712 0.0785362 -0.150725 -0.202332 0.967649 -0.288042 0 0 0 1 
26456013410146;1.81332;0.499636;0.998984 0.0450303 -0.00199996 -0.246316 -0.0443668 0.99016 0.132721 0.0606184 0.00795673 -0.132497 0.991151 0.620959 0 0 0 1 
26456013410147;0.897776;0.370119;0.998131 0.0506454 0.0341982 0.222247 -0.0401883 0.965577 -0.256996 -0.0112886 -0.0460366 0.255141 0.965807 0.18145 0 0 0 1 
26456013410148;0.647101;0.218046;0.990125 -0.13866 -0.0206385 -0.203313 0.140066 0.984625 0.104383 0.049683 0.00584741 -0.106243 0.994323 0.189032 0 0 0 1 
26456013410149;0.510162;0.0748822;0.89899 0.433596 -0.0617424 -0.0366055 -0.435812 0.899603 -0.0279591 -0.568685 0.0434207 0.052043 0.9977 0.133712 0 0 0 1 
26456013410150;1.62937;0.163089;0.950766 0.0272746 0.308708 0.0561563 0.0778946 0.94311 -0.323226 0.83071 -0.299961 0.331359 0.894553 -0.737632 0 0 0 1 
26456013410151;0.991097;0.190083;0.975927 -0.140607 0.166719 -0.35508 0.168272 0.971754 -0.165465 0.400072 -0.138745 0.189536 0.972022 -0.55271 0 0 0 1 
26456013410152;0.386143;0.0995884;0.996854 0.0745374 -0.0269616 0.0371787 -0.0760273 0.995343 -0.0592637 0.0699795 0.0224187 0.061127 0.997878 -0.0890271 0 0 0 1 
26456013410153;1.24713;0.0622321;0.936008 0.349359 0.042856 -0.240668 -0.350802 0.935885 0.0325189 -0.303818 -0.0287475 -0.045472 0.998552 0.318985 0 0 0 1 
26456013410155;0.44177;0.145287;0.981242 0.18313 -0.0602287 -0.106539 -0.191938 0.957228 -0.216507 -0.256385 0.0180037 0.224006 0.974422 0.0409276 0 0 0 1 
26456013410156;0.559197;0.442454;0.997533 -0.0670168 -0.0209157 -0.365723 0.0646727 0.993117 -0.0976502 0.0538385 0.0273159 0.0960566 0.995001 0.481745 0 0 0 1 
26456013410157;0.798739;0.664836;0.998322 0.0333016 -0.0473798 0.108248 -0.0333853 0.999442 -0.000974777 -0.249087 0.0473209 0.00255493 0.998876 -0.210533 0 0 0 1 
26456013410158;0.506235;0.167358;0.977228 0.188711 0.0970204 0.056112 -0.168348 0.967854 -0.186863 0.209305 -0.129165 0.166274 0.977583 -0.250399 0 0 0 1 
26456013410159;0.771683;0.302174;0.998803 0.0467558 -0.0143874 0.185074 -0.0488321 0.970481 -0.236183 0.620636 0.00291976 0.236603 0.971602 0.125355 0 0 0 1 
26456013410160;0.731372;0.654905;0.998403 -0.0539725 -0.0166784 -0.269245 0.0528127 0.996581 -0.0635362 0.195054 0.0200506 0.0625539 0.99784 -0.554382 0 0 0 1 
26456013410161;0.152345;0.228886;0.998921 -0.0288001 0.0364261 -0.165642 0.0306836 0.998162 -0.0522514 0.000149442 -0.0348543 0.0533128 0.997969 -0.143204 0 0 0 1 
26456013410162;0.843744;0.732155;0.912626 -0.104454 -0.395226 -0.0326739 0.093071 0.994505 -0.0479249 0.504856 0.39806 0.0069534 0.917333 0.835514 0 0 0 1 
26456013410163;0.17304;0.297676;0.989697 -0.0634384 -0.12836 -0.121239 0.0416777 0.98531 -0.165613 0.0952054 0.136981 0.158557 0.977802 0.211528 0 0 0 1 
26456013410164;1.05704;0.282939;0.995399 -0.0542886 -0.0789517 -0.118328 0.0552526 0.998422 0.0100759 -0.0657721 0.0782801 -0.0143918 0.996828 -0.872683 0 0 0 1 
26456013410165;1.01882;0.866983;0.994147 -0.0761313 -0.076657 -0.485131 0.0819624 0.993731 0.0760363 0.477948 0.0703877 -0.0818743 0.994154 0.199384 0 0 0 1 
26456013410166;0.386158;0.376359;0.963843 -0.0542835 -0.260882 0.105663 -0.035556 0.944076 -0.327804 0.400019 0.264087 0.325228 0.908012 0.152183 0 0 0 1 
26456013410167;0.362618;0.240764;0.99605 0.0208357 -0.086312 -0.162795 0.0164617 0.911892 0.410101 -0.541691 0.087252 -0.409902 0.907947 0.0986991 0 0 0 1 
26456013410168;0.272737;0.340859;0.959725 -0.0578256 -0.274926 -0.0576871 0.0577474 0.998296 -0.00838581 -0.188495 0.274942 -0.00782817 0.961429 0.104903 0 0 0 1 
26456013410169;0.677811;0.321395;0.997618 -0.0481684 -0.0493875 -0.264425 0.047832 0.998824 -0.00797117 -0.301982 0.0497134 0.00558988 0.998748 0.504077 0 0 0 1 
26456013410170;0.704368;0.544662;0.999737 0.0128827 -0.0189469 -0.132437 -0.0125217 0.99974 0.0190512 -0.693644 0.0191874 -0.0188089 0.999639 0.127629 0 0 0 1 
26456013410171;1.02478;0.405215;0.963197 -0.142818 -0.227716 -0.333078 0.154198 0.987492 0.0328961 -0.0539075 0.220169 -0.0667987 0.973172 0.0295968 0 0 0 1 
26456013410172;0.366617;0.399297;0.961705 -0.0706141 -0.264835 -0.0907704 0.0870566 0.994904 0.050856 -0.102673 0.259895 -0.0719641 0.962952 -0.07149 0 0 0 1 
26456013410173;0.895873;0.151182;0.989556 0.136365 -0.0467242 -0.340917 -0.135041 0.990373 0.0304189 -0.577452 0.0504225 -0.0237915 0.998445 0.515946 0 0 0 1 
26456013410174;0.457447;0.279419;0.998945 -0.0443136 0.0120451 -0.319932 0.044693 0.998446 -0.0333018 0.191631 -0.0105506 0.033805 0.999373 0.00399994 0 0 0 1 
26456013410175;0.623034;0.28877;0.997568 -0.040273 -0.0568919 -0.171254 0.0417846 0.998798 0.0256351 -0.048191 0.0557911 -0.02795 0.998051 -0.514299 0 0 0 1 
26456013410176;0.235307;0.223261;0.989701 -0.0580098 -0.130867 -0.134702 0.0565051 0.998287 -0.0151858 0.0874978 0.131523 0.00763479 0.991284 0.100447 0 0 0 1 
26456013410177;0.877512;0.397519;0.99977 0.0201286 0.00738229 0.0434964 -0.0201095 0.999794 -0.00265525 0.596427 -0.00743422 0.00250619 0.999969 0.0281575 0 0 0 1 
26456013410178;0.197683;0.181862;0.997784 -0.0505177 -0.0433017 -0.196303 0.0506458 0.998715 0.00186404 0.0952083 0.0431519 -0.00405296 0.99906 -0.0530315 0 0 0 1 
26456013410179;0.15124;0.298028;0.997438 -0.0203053 0.0685882 -0.268148 0.0117446 0.992339 0.122983 -0.114958 -0.07056 -0.121863 0.990036 0.0154175 0 0 0 1 
26456013410180;0.554153;0.550859;0.999949 0.00961275 0.00304797 -0.065042 -0.00880008 0.979392 -0.201778 0.293755 -0.00492479 0.201741 0.979427 0.0242601 0 0 0 1 
26456013410181;0.475904;0.281216;0.999599 -0.00359163 0.0280998 -0.262751 -0.00570321 0.946105 0.323809 -0.741294 -0.0277484 -0.32384 0.945705 -0.0494382 0 0 0 1 
26456013410182;0.72307;0.25558;0.993897 -0.0985072 0.0496583 -0.688081 0.103724 0.987748 -0.116601 0.11339 -0.0375639 0.12104 0.991937 0.259133 0 0 0 1 
26456013410183;0.714484;0.212199;0.999349 0.030392 0.0194628 -0.323904 -0.0205253 0.922203 -0.38616 0.0634114 -0.0296848 0.385509 0.922227 0.454503 0 0 0 1 
26456013410184;0.435457;0.282622;0.999751 0.0146315 0.016862 0.0344923 -0.0136805 0.998382 -0.0551956 0.158117 -0.0176424 0.0549512 0.998333 -0.173379 0 0 0 1 
26456013410186;2.57906;2.38084;0.868716 0.432091 -0.242137 0.0839929 -0.354985 0.884059 0.304014 -1.21807 0.345425 -0.178147 0.921382 0.279291 0 0 0 1 
26456013410187;0.634766;1.21495;0.805752 -0.580432 0.117736 0.426495 0.591626 0.779688 -0.2051 1.2477 0.0272489 0.234915 0.971634 -0.19128 0 0 0 1 
26456013410188;1.09866;1.33972;0.80296 -0.528692 -0.275209 0.71531 0.579737 0.799999 0.154619 0.714458 0.138421 -0.283702 0.948869 -0.0198451 0 0 0 1 
26456013410189;0.60767;1.07698;0.936547 -0.341758 -0.0779792 0.322003 0.335974 0.938598 -0.078457 0.709245 0.100004 0.0472797 0.993863 0.0507068 0 0 0 1 
26456013410190;1.29465;1.23857;0.650314 -0.75885 0.0351912 0.102336 0.759645 0.64926 -0.0374252 1.57362 0.00555194 0.051071 0.99868 0.319476 0 0 0 1 
26456013410191;1.28532;1.55046;0.841821 -0.524063 0.129207 0.244671 0.536355 0.839027 -0.091417 0.675635 -0.0605 0.146258 0.987395 -0.429208 0 0 0 1 
26456013410192;1.88351;1.1829;0.97241 -0.216168 0.0876929 0.781494 0.213111 0.976084 0.0429484 0.807791 -0.0948796 -0.0230751 0.995221 0.181208 0 0 0 1 
26456013410193;1.11745;1.19429;0.802013 -0.580917 -0.138966 0.251252 0.584235 0.811342 -0.0198514 1.04905 0.124281 -0.0652676 0.990098 -0.126817 0 0 0 1 
26456013410194;2.37375;1.47735;0.708952 -0.704312 0.0365005 1.05127 0.705165 0.707071 -0.0528468 0.795809 0.0114122 0.0632047 0.997935 -0.315303 0 0 0 1 
26456013410195;1.70586;1.24517;0.778285 -0.619775 0.100757 0.367341 0.627648 0.763234 -0.153399 1.29528 0.0181719 0.182628 0.983014 -0.666787 0 0 0 1 
26456013410196;0.514644;1.28438;0.857123 -0.510818 0.0663682 0.443621 0.507583 0.859504 0.0601089 0.828933 -0.0877484 -0.0178333 0.995983 0.0295437 0 0 0 1 
26456013410197;2.7645;2.63357;0.761151 -0.639402 0.108693 -0.48671 0.630811 0.768788 0.105084 1.08918 -0.150753 -0.0114202 0.988505 -0.0814633 0 0 0 1 
26456013410198;2.3433;1.3766;0.829549 -0.549657 -0.0986205 1.02829 0.552117 0.833762 -0.00279449 0.32759 0.0837621 -0.0521319 0.995121 0.325724 0 0 0 1 
26456013410199;2.04036;1.19271;0.83519 -0.519382 -0.180833 0.816688 0.50102 0.854155 -0.139278 0.941449 0.226798 0.025723 0.973602 -0.371341 0 0 0 1 
26456013410200;2.25828;2.2901;0.563872 -0.765255 0.310539 -0.416657 0.718757 0.639919 0.271832 1.50164 -0.406741 0.0699235 0.910864 -0.611351 0 0 0 1 
26456013410201;2.32984;0.839853;0.487973 -0.775345 0.400902 -1.37768 0.830299 0.553992 0.0607912 1.53256 -0.269231 0.303204 0.914102 -0.612353 0 0 0 1 
26456013410202;0.574695;1.5714;0.82779 -0.557485 0.0630335 0.328237 0.558661 0.829395 -0.00124793 1.05407 -0.051584 0.0362474 0.998011 0.0254664 0 0 0 1 
26456013410203;2.04835;1.36918;0.700694 -0.712648 0.0340745 0.946445 0.644319 0.652576 0.398745 0.528125 -0.306401 -0.257443 0.916429 -0.0760213 0 0 0 1 
26456013410204;0.669991;1.05923;0.999839 -0.0172936 0.00476515 0.409086 0.0153606 0.962606 0.270469 -0.145869 -0.00926436 -0.270353 0.962717 -0.0732284 0 0 0 1 
26456013410205;0.908947;1.38933;0.820068 -0.570697 0.0423503 0.144811 0.571075 0.820889 0.00374653 1.17991 -0.0369031 0.0211128 0.999096 -0.148075 0 0 0 1 
26456013410206;1.79634;2.54347;0.994184 0.0824216 -0.0693155 0.325699 -0.0653873 0.973396 0.219603 -0.234976 0.0855714 -0.213793 0.973124 0.0171064 0 0 0 1 
26456013410207;0.232642;1.22987;0.832775 -0.553377 -0.0160922 0.357046 0.553601 0.832581 0.0182949 0.969257 0.00327403 -0.0241442 0.999703 -0.0547999 0 0 0 1 
26456013410208;2.37807;2.74343;0.980423 0.132936 -0.145255 1.10812 -0.106275 0.978276 0.177992 -0.341241 0.165761 -0.159071 0.973252 -0.41985 0 0 0 1 
26456013410209;2.64335;1.42395;0.796462 -0.604686 0.00171016 1.21869 0.597937 0.787988 0.146789 0.382015 -0.0901086 -0.115889 0.989166 -0.239055 0 0 0 1 
26456013410210;2.26073;2.37037;0.83761 -0.465149 -0.286436 0.874308 0.472169 0.880168 -0.0485829 1.09707 0.27471 -0.0945528 0.956867 -0.0644986 0 0 0 1 
26456013410211;1.42407;1.10681;0.721556 -0.67699 0.145059 -0.434634 0.680577 0.732021 0.0309966 1.41432 -0.12717 0.0763578 0.988937 -0.394313 0 0 0 1 
26456013410212;1.48789;1.56664;0.930909 -0.0431217 -0.362698 0.304394 0.0876675 0.990358 0.107264 0.0215689 0.354575 -0.13165 0.925713 0.360092 0 0 0 1 
26456013410213;1.60061;1.37329;0.59248 -0.789396 0.160693 -0.763262 0.800111 0.553411 -0.231426 2.12987 0.0937574 0.265688 0.959489 0.0357071 0 0 0 1 
26456013410214;1.7042;1.36785;0.736956 -0.674661 0.0415792 -0.212087 0.674882 0.730966 -0.101109 1.55201 0.0378212 0.102574 0.994006 0.275176 0 0 0 1 
26456013410215;0.754244;1.07997;0.996019 -0.0667498 0.0590874 0.544143 0.0742851 0.987892 -0.136201 0.331709 -0.0492806 0.140048 0.988918 -0.274668 0 0 0 1 
26456013410217;1.32332;1.77974;0.943202 0.289497 -0.162978 -0.165884 -0.261219 0.949359 0.174589 -0.293286 0.205268 -0.1221 0.97106 0.0812206 0 0 0 1 
26456013410218;1.34012;1.74985;0.989472 0.0361765 -0.140129 0.0226896 0.00486605 0.95939 0.282042 -0.265718 0.144642 -0.279754 0.949113 0.116339 0 0 0 1 
26456013410219;0.65608;0.554853;0.974869 0.205684 0.0855793 -0.181931 -0.193442 0.972087 -0.132767 0.0422948 -0.110499 0.112876 0.987446 -0.159733 0 0 0 1 
26456013410220;1.46371;0.965158;0.99654 -0.064259 0.0527134 0.096769 0.0587111 0.993175 0.100781 0.17996 -0.0588297 -0.0973371 0.993511 0.0346043 0 0 0 1 
26456013410221;1.60635;2.2116;0.984487 -0.016439 -0.174683 -0.0718134 0.0162342 0.999865 -0.00260123 0.142941 0.174702 -0.000274969 0.984621 0.0283762 0 0 0 1 
26456013410222;2.32392;0.463091;0.996424 -0.0671435 0.0512838 0.164101 0.0814177 0.925242 -0.370537 0.0180766 -0.0225708 0.373388 0.927401 -0.94909 0 0 0 1 
26456013410223;1.20647;0.859445;0.991179 0.132477 0.00376228 -0.0919291 -0.131653 0.980957 0.142799 0.0466966 0.0152269 -0.142034 0.989745 0.113101 0 0 0 1 
26456013410224;0.781646;0.471775;0.923426 0.342851 0.172446 -0.31035 -0.380862 0.873965 0.301877 -0.607954 -0.0472131 -0.344439 0.937621 -0.0608082 0 0 0 1 
26456013410225;1.91639;1.04541;0.998347 0.052423 -0.0235608 0.0405575 -0.0250361 0.765665 0.642753 -1.16434 0.0517346 -0.6411 0.765711 0.0921493 0 0 0 1 
26456013410226;0.740714;0.473841;0.965588 0.2598 0.0119786 -0.153746 -0.258063 0.962818 -0.0799118 0.0413158 -0.0322943 0.0740707 0.99673 -0.0601256 0 0 0 1 
26456013410227;0.854149;0.793754;0.99895 0.0401136 -0.0221316 -0.00533312 -0.0406171 0.998915 -0.0227901 -0.0856882 0.0211934 0.0236651 0.999495 0.0146569 0 0 0 1 
26456013410228;0.477964;0.108163;0.96844 -0.0725927 -0.238441 0.212932 0.0200311 0.976221 -0.215851 0.267521 0.24844 0.204262 0.946866 0.0471489 0 0 0 1 
26456013410229;0.488387;0.0880944;0.898925 -0.201718 -0.388901 0.364413 0.264276 0.95767 0.114129 -0.00496121 0.349417 -0.20537 0.914183 0.348233 0 0 0 1 
26456013410230;0.907029;0.101309;0.996644 0.0818258 0.00223592 -0.0555632 -0.0818392 0.995503 0.0477108 0.114949 0.00167811 -0.0477337 0.998859 -0.261172 0 0 0 1 
26456013410231;2.37848;0.0951745;0.974228 -0.129592 -0.184625 0.336245 0.187243 0.92102 0.341559 -0.461343 0.12578 -0.367326 0.921548 -0.610855 0 0 0 1 
26456013410232;0.758672;0.0515047;0.999209 0.0352047 0.0185007 0.196976 -0.0350048 0.999326 -0.0110211 -0.00216729 -0.0188762 0.0103648 0.999768 -0.241579 0 0 0 1 
26456013410233;0.876115;0.0754801;0.998703 -0.0495176 -0.011854 0.0429313 0.0498506 0.998316 0.0296649 0.363594 0.0103651 -0.0302173 0.99949 0.0803522 0 0 0 1 
26456013410234;0.436918;0.0565769;0.987999 0.148336 0.0430515 -0.12483 -0.154454 0.946896 0.282015 -0.404627 0.0010678 -0.28528 0.958444 0.285088 0 0 0 1 
26456013410235;0.42537;0.0748538;0.933355 -0.0268808 0.357946 -0.362859 0.0590612 0.995102 -0.0792744 0.0356932 -0.354061 0.0951319 0.930371 -0.337086 0 0 0 1 
26456013410236;1.61117;0.782013;0.923295 0.133031 0.360318 -0.635561 -0.322228 0.778825 0.538145 -1.06885 -0.209034 -0.612971 0.761952 -0.289947 0 0 0 1 
26456013410237;1.76467;1.20136;0.980284 0.0888744 0.176477 -0.0702572 -0.136878 0.949564 0.282121 -0.0881603 -0.142503 -0.300714 0.943008 -0.0709272 0 0 0 1 
26456013410238;1.19544;0.0992634;0.911677 0.397173 -0.10535 0.132567 -0.336555 0.868845 0.363098 -0.441149 0.235745 -0.295572 0.925776 0.00488735 0 0 0 1 
26456013410239;0.73293;0.0775335;0.896996 -0.354734 -0.263746 0.319157 0.367343 0.930084 -0.00162046 0.318275 0.245881 -0.0954317 0.964591 0.0230767 0 0 0 1 
26456013410240;1.79116;1.98205;0.958418 0.19201 -0.211107 -0.0746953 -0.193861 0.980955 0.0120955 -0.134125 0.209409 0.0293329 0.977388 0.166957 0 0 0 1 
26456013410241;1.92987;0.773173;0.998547 -0.0318372 0.0434792 0.432133 0.0334362 0.998772 -0.0365567 0.0489022 -0.0422619 0.0379573 0.998385 0.149158 0 0 0 1 
26456013410242;1.40722;0.0900153;0.937222 0.273334 0.216572 -0.281062 -0.340148 0.853452 0.394865 -0.456696 -0.0769041 -0.443743 0.892848 -0.353008 0 0 0 1 
26456013410243;0.583238;0.0661954;0.922238 -0.33259 0.197131 -0.204383 0.363978 0.91882 -0.152608 0.381868 -0.130372 0.212492 0.968427 -0.278857 0 0 0 1 
26456013410244;0.533279;0.07763;0.996597 0.0530301 0.063107 -0.0635098 -0.0536365 0.998529 0.00795214 0.00564513 -0.0625924 -0.0113099 0.997975 0.176484 0 0 0 1 
26456013410245;0.736282;0.0565628;0.961013 -0.184922 0.205569 -0.291858 0.232027 0.943699 -0.235788 0.326656 -0.150393 0.274293 0.949813 0.0525836 0 0 0 1 
26456013410246;1.05866;0.0795882;0.993281 0.0850488 -0.0784849 -0.029888 -0.0887994 0.995005 -0.0455972 -0.474723 0.0742149 0.0522602 0.995872 0.0408436 0 0 0 1 
26456013410248;1.23759;0.405275;0.952073 -0.0607531 -0.299776 -0.160418 0.0962078 0.989812 0.104954 -0.229665 0.290346 -0.128765 0.948219 1.15357 0 0 0 1 
26456013410249;1.46586;0.403652;0.811535 0.517728 0.270865 -0.491448 -0.567778 0.808201 0.156329 -0.905629 -0.137978 -0.280657 0.949839 0.603402 0 0 0 1 
26456013410250;0.412958;0.379497;0.985455 -0.14528 -0.0881623 -0.280056 0.134027 0.983392 -0.122381 0.206984 0.104478 0.108785 0.98856 0.223173 0 0 0 1 
26456013410251;1.34871;0.370736;0.981483 0.184187 0.052602 -0.189782 -0.180974 0.981628 -0.0604509 -0.331031 -0.0627699 0.0498119 0.996784 0.753844 0 0 0 1 
26456013410252;1.49487;0.887299;0.979627 -0.127157 -0.155443 0.0286777 0.194489 0.793604 0.576512 -0.480463 0.0500529 -0.594998 0.802167 -0.38634 0 0 0 1 
26456013410253;0.288077;0.378153;0.952317 0.302381 -0.0407315 -0.208116 -0.304361 0.950828 -0.0573642 -0.573328 0.0213828 0.067026 0.997522 -0.189304 0 0 0 1 
26456013410254;0.399182;0.374744;0.934075 0.346146 0.0876743 -0.396777 -0.339229 0.936877 -0.0847613 -0.496036 -0.11148 0.0494317 0.992537 -0.351171 0 0 0 1 
26456013410255;1.26559;0.617902;0.989983 0.141018 0.00694304 -0.525165 -0.13895 0.981832 -0.129227 -0.309687 -0.0250402 0.126968 0.991591 0.653232 0 0 0 1 
26456013410256;0.836061;0.662282;0.973581 0.165534 -0.157284 0.122266 -0.181532 0.978941 -0.0933844 -0.200452 0.138513 0.119469 0.983128 0.0207 0 0 0 1 
26456013410257;1.31918;0.658245;0.96098 0.248026 -0.122475 -0.396359 -0.231317 0.963341 0.135889 -0.909964 0.151689 -0.102256 0.983125 -0.0511739 0 0 0 1 
26456013410258;1.48742;1.13534;0.987903 -0.143125 -0.0596881 0.022401 0.153069 0.961689 0.227431 0.314573 0.0248503 -0.233816 0.971963 0.329312 0 0 0 1 
26456013410259;1.01942;0.332383;0.874248 0.479822 -0.0739005 -0.771751 -0.470573 0.87496 0.114043 -0.513363 0.11938 -0.064926 0.990723 0.242925 0 0 0 1 
26456013410260;0.460663;0.539916;0.987419 0.117605 -0.105701 -0.149886 -0.0678746 0.918979 0.38842 -0.482789 0.142817 -0.376358 0.9154 0.39707 0 0 0 1 
26456013410261;1.44656;0.816702;0.997875 0.0173248 -0.0628146 0.422014 -0.0137462 0.998282 0.0569616 0.185735 0.0636935 -0.0559771 0.996398 0.111356 0 0 0 1 
