#;prob_registration_l1 -r /home/probabilistic_point_clouds_registration/build/tester /home/point_clouds_registration_benchmark//devel/registration_pairs/p2at_met_local.txt /home/point_clouds_registration_benchmark//planetary/p2at_met -s 0.2 -t 0.2 -p 0.3 -r 1000 -m 10 -i 40 
id;initial_error;final_error;transformation
27844314100000;0.368279;0.340778;0.999447 0.00114549 0.0332346 0.116412 -0.005753 0.990293 0.138875 -0.0958679 -0.032753 -0.138989 0.989752 -8.32876 0 0 0 1 
27844314100001;0.325629;0.126711;0.987504 0.0277181 -0.155137 0.827556 0.00136957 0.982865 0.184324 -0.316726 0.157588 -0.182233 0.970545 -7.72312 0 0 0 1 
27844314100002;0.342132;0.125186;0.931284 -0.0353337 0.362575 -2.37435 -0.0697641 0.959566 0.272703 -2.96393 -0.35755 -0.279258 0.891164 -24.6881 0 0 0 1 
27844314100003;0.135271;0.113169;0.995077 -0.00797596 0.0987817 -0.254245 -0.00929671 0.984848 0.17317 -0.40108 -0.0986661 -0.173236 0.979926 -12.5556 0 0 0 1 
27844314100004;0.89077;0.694858;0.985672 0.0429335 -0.16312 1.69692 0.000117149 0.96689 0.255195 -1.07939 0.168676 -0.251557 0.953031 -12.1655 0 0 0 1 
27844314100005;0.300669;0.279577;0.934838 0.046503 -0.352016 -0.121015 -0.00132132 0.991835 0.127517 0.00532398 0.355072 -0.118743 0.927267 1.07342 0 0 0 1 
27844314100006;0.461976;0.424524;0.999943 0.00989088 0.00401215 0.638469 -0.0100206 0.999381 0.0337219 -0.103429 -0.00367613 -0.0337602 0.999423 -1.90084 0 0 0 1 
27844314100007;1.17629;0.99356;0.999354 0.016386 0.0319919 1.07284 -0.0191805 0.995838 0.0890952 -0.201554 -0.0303988 -0.0896513 0.995509 -4.63676 0 0 0 1 
27844314100008;0.519074;0.425582;0.999913 0.0123039 0.00472132 0.737631 -0.012464 0.999291 0.0355363 -0.209285 -0.00428074 -0.035592 0.999357 -1.56329 0 0 0 1 
27844314100009;0.482706;0.475728;0.993117 -0.013066 0.116399 -0.602274 0.0187105 0.998694 -0.0475333 0.221351 -0.115626 0.0493839 0.992064 0.121863 0 0 0 1 
27844314100010;0.848926;0.0738441;0.999041 0.0258752 -0.0353126 1.57285 -0.0194046 0.984796 0.172626 -0.809675 0.0392425 -0.171776 0.984354 -11.289 0 0 0 1 
27844314100011;0.370547;0.3102;0.980978 -0.00375299 -0.194081 -1.46665 -0.00766695 0.998284 -0.0580563 -0.547093 0.193966 0.05844 0.979266 8.39208 0 0 0 1 
27844314100012;1.02719;0.416495;0.991825 0.00168387 -0.127593 -0.784702 -0.00692839 0.999149 -0.0406707 -0.326262 0.127416 0.0412223 0.990992 7.64073 0 0 0 1 
27844314100013;0.818365;0.729107;0.998752 0.020298 -0.0456374 1.11595 -0.0157533 0.995079 0.097826 -0.386376 0.0473985 -0.096985 0.994157 -5.41757 0 0 0 1 
27844314100014;0.722224;0.277709;0.998384 0.000600572 -0.056823 -0.0432474 -0.00022661 0.999978 0.00658739 -0.0229659 0.0568257 -0.00656387 0.998363 -0.873052 0 0 0 1 
27844314100015;1.11358;0.626026;0.999505 -0.00424577 -0.0311575 -0.0709852 0.00350863 0.999714 -0.0236753 -0.0634944 0.0312491 0.0235542 0.999234 -0.369216 0 0 0 1 
27844314100016;0.370882;0.0649997;0.992435 -0.0194577 0.121219 -0.955017 0.0679957 0.909212 -0.410744 -5.11174 -0.102222 0.41588 0.903656 21.7237 0 0 0 1 
27844314100017;0.341055;0.255759;0.99558 0.0020164 -0.0938909 -0.385232 0.00145204 0.999319 0.0368582 0.249828 0.0939013 -0.0368317 0.9949 0.149746 0 0 0 1 
27844314100018;0.853373;0.267096;0.999558 0.00644135 0.0290379 0.548245 -0.00652143 0.999975 0.00266387 -0.0906521 -0.02902 -0.00285206 0.999575 -2.98616 0 0 0 1 
27844314100019;0.871961;0.0942404;0.999976 0.0037298 0.00578512 0.441999 -0.00358009 0.999664 -0.0256774 -0.14377 -0.00587894 0.0256561 0.999654 -0.982553 0 0 0 1 
27844314100020;0.613803;0.615479;0.996559 0.0256442 -0.0788175 1.13582 -0.00669508 0.972731 0.231838 -0.822328 0.0826135 -0.230513 0.969556 -12.0009 0 0 0 1 
27844314100021;0.300355;0.0872887;0.948353 -0.0180627 -0.316704 -3.47349 -0.00138707 0.998132 -0.0610804 -0.399572 0.317215 0.058365 0.946556 10.8853 0 0 0 1 
27844314100022;0.628187;0.0705106;0.999955 0.0065535 0.00681033 0.536694 -0.00640219 0.999737 -0.0220074 -0.228139 -0.00695277 0.0219628 0.999735 -0.591444 0 0 0 1 
27844314100023;0.278091;0.0914973;0.996384 0.00579112 0.0847651 0.573641 -0.00218837 0.999093 -0.0425341 -0.250281 -0.0849345 0.0421948 0.995493 -0.267152 0 0 0 1 
27844314100024;0.416131;0.286983;0.969078 -0.00156159 -0.246751 -1.6025 -0.00789898 0.999271 -0.037346 -0.243967 0.24663 0.0381403 0.968359 7.20882 0 0 0 1 
27844314100025;0.365706;0.319632;0.991898 -0.00676016 -0.126857 -0.996008 0.00642467 0.999975 -0.00305359 0.158172 0.126874 0.00221383 0.991916 2.68898 0 0 0 1 
27844314100026;0.38807;0.181569;0.983245 -0.00780643 0.182124 -0.337818 -0.00102911 0.998829 0.0483689 0.00208383 -0.182289 -0.0477459 0.982085 -7.92127 0 0 0 1 
27844314100027;0.827287;0.737149;0.980851 -0.0218684 -0.193528 -2.37676 -0.00366141 0.99143 -0.130587 -1.11254 0.194725 0.128795 0.972365 11.7058 0 0 0 1 
27844314100028;0.216847;0.181928;0.993701 -0.0160457 0.11091 -0.744757 0.0300496 0.991604 -0.125772 -0.144421 -0.10796 0.128313 0.98584 4.96512 0 0 0 1 
27844314100029;0.528223;0.402986;0.99709 0.00639258 0.075961 0.64324 -0.00467902 0.999731 -0.0227149 -0.179792 -0.0760858 0.0222934 0.996852 -1.17491 0 0 0 1 
27844314100031;1.32944;0.667527;0.99981 -0.0136815 -0.0138727 -0.12444 0.0136227 0.999898 -0.0043203 0.0439834 0.0139304 0.0041305 0.999894 2.61881 0 0 0 1 
27844314100032;1.35252;0.937292;0.949939 0.0561817 -0.307341 -1.22734 0.0389854 0.954697 0.295015 1.45239 0.309992 -0.292228 0.904714 6.23889 0 0 0 1 
27844314100033;0.908498;0.53827;0.974727 0.0250157 -0.221995 -1.00002 0.0281788 0.972007 0.233258 1.14037 0.221616 -0.233618 0.946736 4.98243 0 0 0 1 
27844314100034;0.315932;0.283951;0.999936 0.0101738 0.00496689 -0.0670308 -0.0102557 0.999807 0.0167686 -0.137949 -0.00479533 -0.0168184 0.999847 -0.154407 0 0 0 1 
27844314100035;0.38412;0.174204;0.999557 -0.00449834 -0.0294059 0.0292259 0.00313676 0.998928 -0.0461861 -0.113737 0.0295821 0.0460734 0.9985 -0.4755 0 0 0 1 
27844314100036;0.255516;0.152111;0.997016 0.0187371 0.0748895 -0.0355839 -0.031182 0.985184 0.168642 -0.030438 -0.0706201 -0.170474 0.982828 -0.13254 0 0 0 1 
27844314100037;0.704806;0.456428;0.999662 -0.0201883 0.0163686 0.148322 0.0223422 0.989274 -0.144351 -0.107834 -0.0132789 0.144668 0.989391 0.203123 0 0 0 1 
27844314100038;1.02577;0.667644;0.996393 0.0116249 0.0840566 0.0697828 -0.00891684 0.999431 -0.0325209 0.0494496 -0.0843868 0.0316541 0.99593 0.659926 0 0 0 1 
27844314100039;0.646323;0.220399;0.998327 -0.0111967 0.0567311 0.00640391 0.022859 0.977579 -0.209322 -0.160918 -0.0531154 0.210269 0.9762 0.124381 0 0 0 1 
27844314100040;0.526776;0.39407;0.957588 0.00892701 0.288002 -0.276127 0.00115061 0.999394 -0.0348033 -0.274448 -0.288138 0.0336586 0.956997 -4.02583 0 0 0 1 
27844314100041;0.240913;0.184242;0.986865 -0.0232392 -0.159864 -0.239401 0.0138963 0.998143 -0.0593145 -0.0131188 0.160946 0.0563139 0.985355 1.8808 0 0 0 1 
27844314100042;1.10623;0.769605;0.999661 -0.0104795 -0.0238461 0.145956 0.0116584 0.998689 0.0498506 -0.215245 0.0232924 -0.0501117 0.998472 -0.89237 0 0 0 1 
27844314100043;0.537176;0.42678;0.952432 0.0180961 0.304213 -0.34321 -0.103861 0.957749 0.268197 -0.940963 -0.286506 -0.287035 0.91407 -3.39865 0 0 0 1 
27844314100044;0.682374;0.390612;0.991114 -0.0049311 0.132926 0.230238 0.0232656 0.990335 -0.136733 -0.00593153 -0.130967 0.138611 0.981649 -1.07636 0 0 0 1 
27844314100045;0.577329;0.34947;0.99662 -0.0166063 -0.0804518 -0.0282254 0.0127962 0.998782 -0.0476447 0.197011 0.0811451 0.0464542 0.995619 -0.0340099 0 0 0 1 
27844314100046;0.842689;0.610716;0.978319 0.0234549 -0.205771 -0.763865 0.00519577 0.990474 0.137603 -0.0304878 0.207038 -0.135689 0.968878 3.45924 0 0 0 1 
27844314100047;0.331521;0.330966;0.999719 0.00507746 0.0231334 -0.0234722 -0.00443848 0.999609 -0.0275896 -0.0667681 -0.0232644 0.0274792 0.999352 -0.256384 0 0 0 1 
27844314100048;0.326512;0.246175;0.999713 -0.00406851 0.0236154 0.085881 0.00547302 0.9982 -0.0597181 -0.0262416 -0.0233299 0.0598302 0.997936 -0.0631894 0 0 0 1 
27844314100049;0.286094;0.161185;0.987085 0.00422269 -0.160139 -0.372396 0.00131978 0.999404 0.0344883 -0.00244109 0.160189 -0.0342542 0.986492 1.62487 0 0 0 1 
27844314100050;1.23172;0.865026;0.999823 0.00402576 -0.0183648 -0.17871 -0.00371686 0.999852 0.0168231 0.29835 0.0184298 -0.0167519 0.99969 1.83246 0 0 0 1 
27844314100051;0.428034;0.171025;0.999726 -0.00308629 -0.0232084 -0.04937 0.00269325 0.999853 -0.0169473 -0.00566797 0.0232572 0.0168802 0.999587 1.11503 0 0 0 1 
27844314100052;1.33827;0.900108;0.999526 -0.00935655 -0.0293441 0.250115 0.0127262 0.993069 0.116838 -0.180995 0.0280475 -0.117156 0.992717 -1.03023 0 0 0 1 
27844314100053;1.32669;0.808981;0.970674 -0.00411889 0.240364 0.30564 -0.0322705 0.988571 0.14726 -0.280589 -0.238223 -0.150698 0.959448 -0.325255 0 0 0 1 
27844314100054;0.560805;0.230687;0.99063 -0.00366788 0.136526 0.073069 -0.00333696 0.998691 0.0510436 -0.175125 -0.136534 -0.0510209 0.989321 -0.430726 0 0 0 1 
27844314100055;0.956315;0.842664;0.999174 -0.00168653 0.0405938 0.0476267 0.00417522 0.998111 -0.0613009 0.159586 -0.0404137 0.0614197 0.997294 0.295211 0 0 0 1 
27844314100056;1.36899;1.05173;0.998234 -0.0134867 0.0578506 0.165935 0.020771 0.991656 -0.127226 -0.218271 -0.0556521 0.128203 0.990185 0.021274 0 0 0 1 
27844314100057;0.0905846;0.0462725;0.990782 -0.00219245 0.135451 0.0167499 0.00315484 0.999971 -0.00689085 -0.043852 -0.135432 0.00725466 0.99076 -1.64872 0 0 0 1 
27844314100058;0.707405;0.214201;0.999788 0.0167322 0.0119776 0.0698668 -0.0167224 0.99986 -0.000921615 -0.0273593 -0.0119913 0.000721127 0.999928 -1.48183 0 0 0 1 
27844314100059;0.65531;0.19402;0.892588 0.00069622 0.450872 -1.18351 -0.0570077 0.992148 0.111326 -0.782743 -0.447254 -0.125071 0.885619 -6.20752 0 0 0 1 
27844314100060;1.27536;0.416675;0.981577 0.0165665 0.190348 -0.237782 -0.00538807 0.998238 -0.0590941 -0.529789 -0.190992 0.0569798 0.979936 -4.87673 0 0 0 1 
27844314100062;0.6633;0.48587;0.99997 -0.00768776 -0.000592529 -0.218656 0.00766215 0.999351 -0.0351911 0.00243522 0.000862685 0.0351855 0.99938 0.521541 0 0 0 1 
27844314100063;1.6099;0.117141;0.994395 0.00850304 -0.105382 0.305761 -0.00973873 0.99989 -0.0112167 -0.0945232 0.105275 0.0121801 0.994369 -0.408446 0 0 0 1 
27844314100064;1.94982;1.80417;0.998595 0.00135164 0.0529828 0.142382 0.00104873 0.998975 -0.0452507 -0.0241863 -0.0529897 0.0452427 0.99757 1.30595 0 0 0 1 
27844314100065;1.77485;0.776524;0.98922 0.0265298 0.144012 1.06792 -0.0812544 0.917607 0.389096 -3.03023 -0.121824 -0.396603 0.909871 -15.924 0 0 0 1 
27844314100066;1.08018;0.546021;0.997427 0.0153103 0.0700327 0.791751 -0.0192556 0.998244 0.0560112 -0.2056 -0.0690522 -0.0572156 0.995971 -3.93447 0 0 0 1 
27844314100067;1.0783;0.51354;0.999483 -0.00448429 0.0318445 -0.172789 0.00403693 0.999892 0.0140986 0.163363 -0.0319043 -0.0139628 0.999393 0.355539 0 0 0 1 
27844314100068;0.329721;0.306109;0.999886 0.0126281 0.0082654 0.405111 -0.0128413 0.999572 0.026271 -0.0666434 -0.00793012 -0.0263741 0.999621 -1.07097 0 0 0 1 
27844314100069;0.992581;0.750414;0.917813 -0.0143114 0.396756 -0.593119 0.0430254 0.99705 -0.0635659 0.378566 -0.394676 0.0754121 0.915721 -4.03766 0 0 0 1 
27844314100070;1.68809;1.13476;0.999752 0.00601167 -0.021461 -0.0481896 -0.00550014 0.999701 0.0238154 -0.00618931 0.0215977 -0.0236914 0.999486 1.27939 0 0 0 1 
27844314100071;2.20263;0.916343;0.98693 0.0386617 -0.156445 1.03614 0.00264248 0.966782 0.255587 -0.646859 0.16113 -0.25266 0.954044 -8.15962 0 0 0 1 
27844314100072;0.844195;0.23169;0.91884 -0.0315084 -0.39337 -3.58224 -0.0206405 0.991606 -0.127639 -1.04151 0.39409 0.125399 0.910477 9.93906 0 0 0 1 
27844314100073;1.02691;0.524888;0.999378 0.00936146 0.0339978 0.179962 -0.0148325 0.986277 0.164431 0.140432 -0.0319919 -0.164833 0.985803 -4.35656 0 0 0 1 
27844314100074;0.384882;0.333715;0.998256 0.00715492 0.0586048 0.328319 -0.016845 0.985886 0.166568 -0.134281 -0.0565859 -0.167264 0.984287 -6.09439 0 0 0 1 
27844314100075;1.31596;0.594813;0.997854 0.00320642 -0.0654069 0.1357 -0.00520529 0.999524 -0.030413 -0.118553 0.0652782 0.0306882 0.997395 0.228739 0 0 0 1 
27844314100076;1.20785;1.16452;0.999914 -0.00103788 0.0130386 0.00982111 0.000822642 0.999863 0.0165026 0.112567 -0.0130539 -0.0164905 0.999779 -0.673454 0 0 0 1 
27844314100077;1.66098;0.444539;0.998058 0.018161 -0.0595867 0.659939 -0.0131934 0.996485 0.0827264 -0.226817 0.0608796 -0.0817796 0.994789 -3.83249 0 0 0 1 
27844314100078;1.89852;1.64992;0.999997 -0.00115203 -0.00227815 0.0350249 0.00113724 0.999978 -0.00647903 0.140012 0.00228556 0.00647642 0.999976 -0.808414 0 0 0 1 
27844314100079;1.7021;1.53266;0.996527 0.0055616 0.083089 0.398242 -0.0149416 0.993517 0.1127 -0.108334 -0.0819235 -0.11355 0.990149 -3.85687 0 0 0 1 
27844314100080;1.10438;0.466424;0.972151 -0.0111128 0.234092 -0.198769 -0.00739797 0.996922 0.0780486 -0.0303404 -0.234239 -0.0776068 0.969077 -6.93214 0 0 0 1 
27844314100081;0.430079;0.394137;0.999985 -0.00546718 0.00028315 -0.216157 0.00547035 0.999904 -0.0127612 0.0786512 -0.000213354 0.0127626 0.999919 0.395717 0 0 0 1 
27844314100082;1.95213;1.45792;0.999155 0.0220321 0.0346833 0.593374 -0.0326971 0.937522 0.346388 -0.903349 -0.0248847 -0.347229 0.93745 -9.63571 0 0 0 1 
27844314100083;0.583263;0.243753;0.965897 0.00482717 0.258883 0.35005 -0.0257576 0.996658 0.0775182 -0.138706 -0.257644 -0.0815427 0.962793 -6.70027 0 0 0 1 
27844314100084;0.503644;0.451375;0.990857 -0.000162945 0.134916 0.228134 -0.0343 0.966838 0.253076 -0.700257 -0.130483 -0.255389 0.957993 -9.99797 0 0 0 1 
27844314100085;0.720603;0.454788;0.997882 0.0229471 0.0608656 0.922243 -0.0369567 0.970023 0.240188 -0.842876 -0.0535294 -0.241929 0.968816 -8.85301 0 0 0 1 
27844314100086;1.70425;1.41531;0.995921 0.0464558 -0.0773523 1.16637 -0.0192699 0.947004 0.320644 -0.982599 0.0881487 -0.317846 0.944036 -9.5683 0 0 0 1 
27844314100087;1.08193;0.872612;0.978039 -0.0302007 -0.206225 -1.66511 0.00286804 0.991303 -0.13157 -0.546231 0.208405 0.128089 0.969619 5.90253 0 0 0 1 
27844314100088;1.41218;0.819459;0.998118 -0.0109406 0.060341 -0.32745 0.0162622 0.995951 -0.0884182 -0.145397 -0.0591293 0.0892331 0.994254 3.42339 0 0 0 1 
27844314100089;0.394008;0.329477;0.998578 0.00541645 -0.0530305 -0.0696422 -0.00605073 0.999912 -0.0118073 -0.0749447 0.0529619 0.0121114 0.998523 1.04513 0 0 0 1 
27844314100090;1.35838;0.72319;0.990533 -0.0428133 -0.130427 -1.4084 0.0072572 0.965124 -0.261691 -1.43428 0.137082 0.258267 0.956298 8.31824 0 0 0 1 
27844314100091;1.04859;1.04847;0.999422 0.00119534 -0.0339717 -0.105468 0.00128618 0.997336 0.0729311 0.19822 0.0339684 -0.0729326 0.996758 -1.86759 0 0 0 1 
27844314100093;0.967031;0.419979;0.99475 -0.0434956 -0.0926313 -4.33925 0.0303001 0.989777 -0.139368 -0.47694 0.0977463 0.13583 0.985899 17.5121 0 0 0 1 
27844314100094;1.92323;0.178502;0.971788 0.0589627 -0.228365 3.50647 -0.0125271 0.979784 0.199667 -0.95432 0.235522 -0.191173 0.952881 -8.21683 0 0 0 1 
27844314100095;0.873202;0.675696;0.992436 -0.00533597 0.122648 0.404015 -0.0355684 0.943706 0.328867 -5.23247 -0.117499 -0.330741 0.936378 -35.6269 0 0 0 1 
27844314100096;0.430323;0.455882;0.988378 0.0527344 -0.142575 4.25719 -0.0519488 0.998607 0.00922992 -1.70723 0.142863 -0.00171606 0.989741 4.75299 0 0 0 1 
27844314100097;1.73872;0.247441;0.999228 0.0392065 -0.00235381 4.90787 -0.0391896 0.999208 0.00684626 0.0733002 0.00262037 -0.00674873 0.999974 0.896989 0 0 0 1 
27844314100098;0.721991;0.454314;0.999888 0.0132885 0.00682573 1.55657 -0.0141493 0.988988 0.147319 -1.03155 -0.00479291 -0.1474 0.989065 -13.6819 0 0 0 1 
27844314100099;0.836004;0.607561;0.997617 -0.0559994 -0.0402917 -5.91699 0.0583218 0.996554 0.0589816 1.91823 0.03685 -0.061191 0.997446 -4.83506 0 0 0 1 
27844314100100;2.4061;0.180141;0.999645 -0.0241148 -0.011308 -2.17267 0.026286 0.961684 0.272897 -0.783154 0.00429385 -0.273097 0.961977 -23.6518 0 0 0 1 
27844314100101;0.366989;0.435426;0.999777 0.0131871 -0.016468 1.4549 -0.00556269 0.917727 0.397174 -6.619 0.0203507 -0.396994 0.917596 -38.0397 0 0 0 1 
27844314100102;1.52564;1.36358;0.975476 -0.0368108 0.217006 -3.43629 0.0883933 0.968435 -0.233066 -1.23546 -0.201577 0.246532 0.947939 16.9141 0 0 0 1 
27844314100103;2.09748;0.30755;0.999949 0.00228699 -0.00985346 0.870504 -0.00222737 0.999979 0.00605662 -0.291145 0.00986711 -0.00603437 0.999933 -2.61374 0 0 0 1 
27844314100104;0.507469;0.271965;0.9993 0.0367188 -0.00717484 3.72394 -0.0366239 0.999245 0.012935 -1.39459 0.00764438 -0.0126631 0.999891 -1.49285 0 0 0 1 
27844314100105;1.7041;1.937;0.998736 -0.0402933 0.0300543 -3.49845 0.0446236 0.985935 -0.161063 -0.413209 -0.0231418 0.162201 0.986486 14.7071 0 0 0 1 
27844314100106;0.621555;0.240066;0.975308 0.0201027 -0.219931 0.74291 0.000644504 0.995585 0.0938591 -0.257675 0.220847 -0.0916833 0.97099 -1.56147 0 0 0 1 
27844314100107;0.153647;0.277428;0.99702 -0.0767545 -0.00776138 -7.44039 0.0767486 0.99705 -0.00105806 2.61451 0.00781969 0.000459231 0.999969 0.334905 0 0 0 1 
27844314100108;1.53872;0.150355;0.998829 0.0300646 -0.0379121 3.81541 -0.0349808 0.990022 -0.136505 -1.61057 0.0334298 0.137671 0.989914 15.8593 0 0 0 1 
27844314100109;1.60611;0.678099;0.999275 -0.0176157 -0.0337661 -2.12736 0.0198809 0.99749 0.0679662 0.336294 0.032484 -0.0685882 0.997116 -6.98321 0 0 0 1 
27844314100110;2.36031;0.679202;0.998749 0.0495011 -0.00709843 5.96124 -0.0499497 0.994312 -0.0940642 -3.63174 0.00240178 0.094301 0.995541 11.2679 0 0 0 1 
27844314100111;0.227132;0.193445;0.967911 0.0487661 -0.246516 2.86177 -0.000697723 0.981507 0.191423 -1.0313 0.251293 -0.185109 0.950046 -9.26595 0 0 0 1 
27844314100112;2.20462;1.96597;0.99904 -0.0407011 -0.016226 -3.94534 0.0339941 0.953631 -0.299051 -4.19733 0.0276453 0.298212 0.954099 28.6846 0 0 0 1 
27844314100113;2.4063;0.177036;0.993831 -0.0721921 0.0841922 -6.65892 0.0847906 0.983917 -0.157218 0.430772 -0.0714883 0.163386 0.983969 16.2368 0 0 0 1 
27844314100114;0.335195;0.278711;0.971415 -0.137236 0.1937 -13.4313 0.150712 0.986958 -0.0565716 3.64355 -0.18341 0.0841473 0.979428 1.47418 0 0 0 1 
27844314100115;1.83608;1.08083;0.999983 -0.0056861 0.0014695 0.264502 0.00565903 0.999825 0.0178157 0.636622 -0.00157054 -0.0178071 0.99984 -1.40981 0 0 0 1 
27844314100116;1.89876;1.466;0.97808 -0.0258033 0.206623 -2.19542 0.00755638 0.996037 0.0886174 0.560672 -0.20809 -0.0851136 0.974399 -14.2258 0 0 0 1 
27844314100117;2.29451;0.677327;0.99168 0.0285911 -0.125511 2.08051 0.00468858 0.966353 0.257177 -1.74202 0.128641 -0.255626 0.958179 -17.8607 0 0 0 1 
27844314100118;2.1601;2.11685;0.999676 -0.0210285 0.0143423 -1.88341 0.0213001 0.999591 -0.0190583 0.80542 -0.0139356 0.0193576 0.999715 1.75369 0 0 0 1 
27844314100119;1.47956;0.629243;0.99998 0.00608018 -0.00192733 1.73098 -0.00598037 0.998823 0.0481365 -0.559706 0.00221774 -0.048124 0.998839 -5.78206 0 0 0 1 
27844314100120;0.852594;0.458409;0.977743 -0.0550975 -0.202442 -6.62336 0.0109757 0.977013 -0.212899 -2.67921 0.209518 0.205938 0.955872 28.1024 0 0 0 1 
27844314100121;1.87824;0.650596;0.998093 0.000374125 0.0617279 0.70386 -0.00173961 0.999755 0.0220688 -0.278901 -0.0617045 -0.0221341 0.997849 -6.39736 0 0 0 1 
27844314100122;1.73464;0.112399;0.969086 -0.0149845 -0.246268 -1.67489 0.0124631 0.999853 -0.011794 1.35869 0.246409 0.00836014 0.96913 8.56517 0 0 0 1 
27844314100124;0.405551;0.179866;0.997273 -0.0561519 -0.0478939 -4.91111 0.0609829 0.99247 0.106224 1.95432 0.0415686 -0.108855 0.993188 -7.81247 0 0 0 1 
27844314100125;0.438401;0.178993;0.90698 -0.0991638 0.409333 -11.1032 0.145738 0.985741 -0.0841154 3.3532 -0.395155 0.135946 0.908499 -2.08043 0 0 0 1 
27844314100126;1.24567;0.174556;0.978066 -0.202962 -0.0468269 -20.0005 0.199274 0.9772 -0.0732755 2.91166 0.0606314 0.0623369 0.996212 6.91503 0 0 0 1 
27844314100127;1.48846;0.981366;0.999562 0.00859022 -0.0283148 -0.902923 -0.00673632 0.997867 0.0649319 -1.09916 0.0288122 -0.0647127 0.997488 -2.36056 0 0 0 1 
27844314100128;1.19785;0.168555;0.996737 -0.0154443 -0.079227 -1.96379 0.0110204 0.998371 -0.0559751 0.27249 0.0799625 0.0549194 0.995284 5.73885 0 0 0 1 
27844314100129;1.23822;0.199995;0.989111 0.146784 0.0106225 10.7078 -0.145712 0.986899 -0.0692734 -7.26053 -0.0206516 0.0669713 0.997541 6.42014 0 0 0 1 
27844314100130;0.532996;0.218603;0.982526 0.000228569 -0.186127 -1.23575 -0.0397351 0.977203 -0.208553 -3.68469 0.181836 0.212305 0.960137 24.5645 0 0 0 1 
27844314100131;0.768744;0.184836;0.984685 0.172932 -0.0221538 14.5522 -0.164576 0.963911 0.209263 -8.78122 0.0575425 -0.202412 0.977609 -14.8061 0 0 0 1 
27844314100132;0.304449;0.163383;0.990048 0.052481 -0.13058 3.50612 -0.027364 0.981945 0.187178 -2.09612 0.138046 -0.181742 0.973608 -11.5647 0 0 0 1 
27844314100133;0.242712;0.197922;0.971421 -0.104818 -0.212965 -11.3694 0.0297819 0.943947 -0.328749 -5.26452 0.235487 0.313012 0.920092 35.8119 0 0 0 1 
27844314100134;1.30166;0.178029;0.971506 0.040247 0.233574 3.11131 -0.0372549 0.999158 -0.0172101 -1.30565 -0.23407 0.008018 0.972187 -9.46916 0 0 0 1 
27844314100135;0.261851;0.182796;0.993142 -0.102869 0.0555569 -9.12078 0.100723 0.994104 0.0401445 3.29963 -0.059359 -0.0342733 0.997648 -4.88328 0 0 0 1 
27844314100136;1.42144;0.172887;0.990933 0.134123 0.00790117 11.3372 -0.132738 0.986406 -0.0968657 -7.89796 -0.0207857 0.0949387 0.995266 9.47566 0 0 0 1 
27844314100137;1.20547;0.261581;0.949171 -0.285424 0.132693 -27.8658 0.312776 0.902544 -0.295949 -0.279576 -0.0352901 0.32241 0.945942 28.6521 0 0 0 1 
27844314100138;0.244336;0.17735;0.994102 0.0222266 -0.106146 1.20411 -0.0415057 0.982228 -0.183043 -3.71066 0.100191 0.186369 0.977358 19.6974 0 0 0 1 
27844314100139;1.59431;0.170504;0.998938 -0.0460804 -0.00049024 -3.22736 0.046083 0.998893 0.00948041 -0.648924 5.28362e-05 -0.00949293 0.999955 -1.84799 0 0 0 1 
27844314100140;0.22734;0.1867;0.995583 -0.092777 0.0144149 -8.44609 0.0930112 0.995528 -0.0165297 2.94377 -0.0128169 0.0177975 0.999759 1.27028 0 0 0 1 
27844314100141;0.358346;0.218921;0.95308 -0.21519 -0.212914 -21.6776 0.172368 0.963956 -0.202679 2.21529 0.248854 0.156469 0.955819 22.1955 0 0 0 1 
27844314100142;0.117962;0.190284;0.994223 0.105876 0.01764 9.06618 -0.104825 0.993102 -0.0525408 -4.59382 -0.0230812 0.0503881 0.998463 3.80389 0 0 0 1 
27844314100143;1.8568;1.71023;0.99982 0.0149873 0.0115993 1.41078 -0.0135899 0.993573 -0.112375 -2.17886 -0.013209 0.112198 0.993598 9.57169 0 0 0 1 
27844314100144;0.573265;0.189766;0.987445 -0.00217964 -0.157946 -1.98665 0.00564384 0.999753 0.0214877 0.855742 0.15786 -0.0221093 0.987214 3.51333 0 0 0 1 
27844314100145;0.564902;0.728224;0.993097 -0.0519145 -0.105184 -5.84747 0.037316 0.989966 -0.136286 -0.451572 0.111204 0.131421 0.98507 15.661 0 0 0 1 
27844314100146;0.457208;0.160988;0.999704 0.0156265 0.0186709 1.15124 -0.0162403 0.999317 0.0331895 -0.573502 -0.0181395 -0.0334829 0.999275 -2.63481 0 0 0 1 
27844314100147;0.839697;0.199467;0.994433 -0.0441999 -0.0956522 -5.53906 0.0546468 0.992482 0.109511 1.66216 0.0900928 -0.114128 0.989373 -7.99746 0 0 0 1 
27844314100148;1.27087;0.192866;0.999337 -0.000515425 0.036396 -1.6583 0.00651187 0.9863 -0.164831 -3.15416 -0.0358124 0.164959 0.98565 13.452 0 0 0 1 
27844314100149;0.814525;0.225897;0.993536 0.00433869 0.113436 -0.313212 0.0532555 0.864667 -0.499514 -11.3012 -0.100252 0.502326 0.858847 41.1933 0 0 0 1 
27844314100150;1.30625;0.925066;0.997495 0.0148064 0.0691659 -0.659338 0.00719256 0.951545 -0.307427 -6.41657 -0.0703663 0.307154 0.949055 23.5928 0 0 0 1 
27844314100151;1.21483;0.934906;0.987517 -0.0643701 0.143762 -5.78258 0.0665314 0.997731 -0.0102722 2.17439 -0.142775 0.0197086 0.989559 -1.88099 0 0 0 1 
27844314100152;0.850848;1.05217;0.980094 -0.0113864 0.198206 -1.94673 0.0631119 0.964436 -0.256673 -2.10743 -0.188235 0.264073 0.945956 16.4413 0 0 0 1 
27844314100153;1.33869;0.171178;0.985744 0.144884 0.0855412 10.548 -0.146743 0.989048 0.0158179 -7.07831 -0.0823126 -0.028145 0.996209 -5.8285 0 0 0 1 
27844314100155;1.31103;1.22622;0.997319 -0.0537304 -0.0496758 -2.68817 0.0430526 0.979778 -0.195401 -0.735441 0.0591702 0.192738 0.979465 10.3031 0 0 0 1 
27844314100156;0.173499;0.240636;0.99963 -0.0147059 -0.0228947 -1.01335 0.0151099 0.999731 0.0175719 0.629934 0.0226302 -0.0179113 0.999583 -0.444438 0 0 0 1 
27844314100157;1.77732;0.404617;0.991812 0.0907255 -0.0898802 3.00646 -0.081864 0.991833 0.0978069 -0.319581 0.0980197 -0.0896481 0.991138 -3.42758 0 0 0 1 
27844314100158;2.31932;0.213839;0.975264 0.0808635 -0.205719 1.39184 0.0219042 0.890746 0.453974 -0.729293 0.219954 -0.44725 0.866941 -14.8049 0 0 0 1 
27844314100159;1.17995;0.235746;0.996974 0.0436938 -0.0642919 1.63285 -0.0385915 0.996161 0.0785689 -0.673003 0.0674781 -0.07585 0.994833 -3.31119 0 0 0 1 
27844314100160;1.94121;0.439547;0.980819 -0.0449783 -0.18966 -3.2255 0.0499317 0.998523 0.0214179 1.74753 0.188416 -0.0304771 0.981616 4.71792 0 0 0 1 
27844314100161;0.541664;0.468363;0.99202 0.0196193 -0.124548 0.00410951 -0.0338453 0.993001 -0.113155 -1.38775 0.121457 0.116467 0.98574 8.5437 0 0 0 1 
27844314100162;1.51732;0.999922;0.991119 -0.127795 -0.0367641 -7.18356 0.127864 0.991792 -0.000472043 3.74457 0.0365227 -0.00423295 0.999324 1.14165 0 0 0 1 
27844314100163;1.36524;0.983482;0.993293 -0.109985 -0.0356703 -5.89172 0.107878 0.992563 -0.0564019 1.86854 0.0416084 0.0521756 0.997771 2.72264 0 0 0 1 
27844314100164;0.587208;0.349307;0.99046 -0.137474 -0.0094751 -6.87323 0.137795 0.988656 0.0597618 3.37787 0.00115193 -0.0604973 0.998168 -2.32282 0 0 0 1 
27844314100165;1.53313;0.274271;0.999417 0.0338685 -0.00435155 2.01493 -0.0337568 0.999152 0.0235809 -1.60179 0.00514651 -0.0234203 0.999712 0.116879 0 0 0 1 
27844314100166;0.330265;0.377631;0.996044 -0.0693306 -0.0555793 -3.65766 0.0633413 0.992652 -0.103104 0.860337 0.0623191 0.0991752 0.993117 6.148 0 0 0 1 
27844314100167;0.903395;0.369029;0.998036 -0.0345912 0.0522307 -1.26691 0.0438257 0.981276 -0.187553 -0.854882 -0.044765 0.189474 0.980865 6.98001 0 0 0 1 
27844314100168;2.432;0.245119;0.995271 -0.03513 0.0905571 -1.4514 0.0329549 0.999134 0.0254035 0.183347 -0.0913711 -0.0222991 0.995567 -0.518288 0 0 0 1 
27844314100169;1.16953;0.84581;0.93936 0.0334188 0.3413 1.80333 0.0756975 0.950485 -0.30141 -2.08058 -0.334473 0.308968 0.890318 6.61965 0 0 0 1 
27844314100170;0.524881;0.298342;0.98175 -0.0459364 -0.184544 -3.17817 0.0674724 0.991396 0.112168 1.40028 0.177804 -0.122572 0.976403 -1.75121 0 0 0 1 
27844314100171;2.35705;0.304161;0.961996 0.0845684 0.259639 3.32186 -0.0454912 0.98718 -0.152989 -1.34284 -0.269249 0.135363 0.95351 -2.36989 0 0 0 1 
27844314100172;0.422262;0.191336;0.997224 0.0213349 -0.0713345 0.249502 -0.0167281 0.997773 0.0645653 0.328553 0.0725531 -0.0631928 0.995361 -1.35787 0 0 0 1 
27844314100173;0.404553;0.271175;0.997528 -0.0226549 -0.0665112 -1.47614 0.0300847 0.993148 0.112924 0.69643 0.0634972 -0.114646 0.991375 -3.80038 0 0 0 1 
27844314100174;0.99992;0.587504;0.9995 0.0264974 -0.0172711 0.784413 -0.025584 0.998365 0.0511157 -0.25163 0.0185973 -0.0506483 0.998543 -2.42362 0 0 0 1 
27844314100175;0.837078;0.30739;0.999436 0.0313616 -0.0120142 1.02529 -0.0310344 0.999167 0.0265124 0.36623 0.0128357 -0.0261246 0.999576 -1.20703 0 0 0 1 
27844314100176;0.793248;0.549537;0.997895 -0.00620791 -0.064557 -0.822365 -0.0149147 0.946762 -0.321588 -4.02545 0.0631166 0.321874 0.944677 16.8735 0 0 0 1 
27844314100177;2.13358;0.212376;0.99991 -0.0082876 -0.0105088 -0.354379 0.00845104 0.999843 0.0156048 0.593204 0.0103778 -0.0156922 0.999823 -2.84188 0 0 0 1 
27844314100178;1.06641;1.07479;0.997956 -0.0278757 -0.0575056 -1.59732 0.0273054 0.99957 -0.0106794 0.537992 0.0577785 0.00908738 0.998288 1.57146 0 0 0 1 
27844314100179;2.46162;0.505193;0.964775 -0.0236205 -0.262013 -2.66685 -0.0148342 0.989492 -0.143825 -0.490351 0.262657 0.142645 0.954287 10.0672 0 0 0 1 
27844314100180;2.13141;1.44647;0.963722 0.0599169 0.260097 2.45038 -0.115313 0.972307 0.203279 -3.29071 -0.240715 -0.225897 0.943942 -16.7292 0 0 0 1 
27844314100181;0.683715;0.424092;0.999669 0.0205332 0.015524 0.889639 -0.0212784 0.998549 0.049465 -0.096164 -0.0144858 -0.0497789 0.998655 -2.0039 0 0 0 1 
27844314100182;1.078;0.331939;0.984481 -0.0302623 0.172864 -1.03439 0.0206683 0.998158 0.0570333 0.527341 -0.174272 -0.0525753 0.983293 -5.31552 0 0 0 1 
27844314100183;1.04239;0.431458;0.910233 -0.0495949 0.411117 -2.50818 -0.043284 0.975969 0.213568 -0.737937 -0.411829 -0.212192 0.886212 -18.6413 0 0 0 1 
27844314100184;1.3844;0.253976;0.983848 -0.0347447 0.175604 -1.0659 0.0178128 0.995116 0.0970932 -0.651869 -0.17812 -0.0923969 0.979661 -8.61198 0 0 0 1 
27844314100186;0.793481;0.229405;0.97225 0.111358 -0.205742 5.88713 -0.061155 0.969843 0.235936 -2.71787 0.22581 -0.216806 0.949739 -6.82727 0 0 0 1 
27844314100187;1.90684;0.237965;0.996556 0.0824223 0.00913528 6.24553 -0.0821261 0.996198 -0.0290816 -2.4393 -0.0114975 0.0282312 0.999535 2.99227 0 0 0 1 
27844314100188;0.899725;0.495809;0.910282 0.00497373 0.413959 -0.498431 -0.0200507 0.999284 0.0320843 -0.732614 -0.413503 -0.0375059 0.90973 -17.5833 0 0 0 1 
27844314100189;2.92803;2.63644;0.996294 -0.03306 -0.0794041 -2.81904 0.0236795 0.992932 -0.1163 -0.640686 0.0826877 0.113988 0.990035 10.7269 0 0 0 1 
27844314100190;2.25734;1.25122;0.99738 0.0610811 -0.0387704 4.53405 -0.0668164 0.983196 -0.169887 -4.69643 0.027742 0.172033 0.984701 13.4761 0 0 0 1 
27844314100191;2.96618;1.22136;0.988884 -0.0176977 0.147632 -0.583186 0.0734624 0.921396 -0.381619 -5.60411 -0.129274 0.388222 0.912454 23.9021 0 0 0 1 
27844314100192;2.51273;1.31812;0.928298 -0.104232 -0.35693 -9.47732 0.0742651 0.992539 -0.0966978 0.428447 0.364346 0.0632569 0.929113 16.3201 0 0 0 1 
27844314100193;1.47826;0.802652;0.99484 0.0274834 -0.0976641 1.49166 -0.0229144 0.998604 0.0476004 -0.619801 0.0988359 -0.0451168 0.99408 1.11408 0 0 0 1 
27844314100194;2.31253;1.48154;0.969895 0.038029 -0.240536 -0.0396374 -0.0283927 0.998654 0.0434027 -0.783299 0.241863 -0.0352666 0.969669 6.8858 0 0 0 1 
27844314100195;2.39108;0.5321;0.987469 -0.124765 -0.0966391 -8.19861 0.0920375 0.952725 -0.28956 -1.5934 0.128198 0.277037 0.952269 20.9466 0 0 0 1 
27844314100196;0.463067;0.500243;0.99529 0.0294564 0.0923571 2.71913 -0.0343718 0.998051 0.0520915 -1.15149 -0.0906426 -0.0550207 0.994362 -6.9434 0 0 0 1 
27844314100197;2.03095;1.91813;0.99525 -0.0374808 -0.0898458 -3.02167 0.0270121 0.992995 -0.115025 -0.388071 0.0935277 0.112052 0.989291 9.74727 0 0 0 1 
27844314100198;1.85236;0.246293;0.978177 -0.121097 -0.168834 -8.51287 0.12621 0.991805 0.0198478 3.89753 0.165046 -0.0407232 0.985445 3.83901 0 0 0 1 
27844314100199;0.504668;0.28454;0.989247 -0.132863 -0.0611319 -9.474 0.139273 0.983381 0.116468 4.02225 0.0446417 -0.12373 0.991311 -7.45585 0 0 0 1 
27844314100200;2.93423;0.462003;0.994302 -0.10581 0.0129656 -7.1629 0.106516 0.990994 -0.0811546 1.82136 -0.00426183 0.0820732 0.996617 2.75292 0 0 0 1 
27844314100201;1.21539;0.450109;0.988759 0.0201364 0.148157 1.79796 -0.0472652 0.982172 0.181946 -2.36698 -0.141852 -0.186903 0.972083 -18.5498 0 0 0 1 
27844314100202;1.66781;0.586077;0.942635 0.164341 -0.290572 7.9069 -0.131969 0.982976 0.127834 -4.1396 0.306634 -0.0821548 0.948276 5.8243 0 0 0 1 
27844314100203;0.429271;0.758262;0.931957 -0.104013 0.347328 -7.31199 0.0111675 0.965747 0.259245 -1.11751 -0.362396 -0.237726 0.901197 -29.0234 0 0 0 1 
27844314100204;0.64969;0.850987;0.922396 0.0315868 -0.384951 -2.02025 0.0477024 0.979704 0.19469 0.926887 0.383288 -0.197945 0.902169 -1.51931 0 0 0 1 
27844314100205;2.89316;2.43946;0.995764 -0.008629 -0.091535 -0.82436 0.00425348 0.998844 -0.0478895 -0.355143 0.0918424 0.0472973 0.99465 4.95732 0 0 0 1 
27844314100206;1.28236;0.238733;0.996699 -0.0499787 0.0639842 -2.54983 0.0603279 0.983305 -0.171674 -1.03924 -0.054336 0.174967 0.983074 9.87954 0 0 0 1 
27844314100207;1.92404;0.699209;0.977563 0.0908772 -0.190033 4.70462 -0.0746374 0.993055 0.0909493 -2.52775 0.196978 -0.0747251 0.977556 3.03861 0 0 0 1 
27844314100208;1.88311;0.450579;0.918561 0.0325185 0.39394 1.75187 0.0351979 0.985922 -0.163457 -0.454031 -0.39371 0.164011 0.904485 -4.28264 0 0 0 1 
27844314100209;2.33052;0.506501;0.994306 0.102663 0.0285757 7.47862 -0.102844 0.994685 0.00492515 -3.41737 -0.0279182 -0.00783593 0.999579 -3.66795 0 0 0 1 
27844314100210;0.530209;0.569092;0.995273 -0.0165182 0.0957 -0.593061 0.0245665 0.996201 -0.0835418 -0.0429628 -0.0939565 0.0854979 0.991898 2.20122 0 0 0 1 
27844314100211;2.44996;1.12466;0.998121 0.0216132 -0.0573377 1.24382 -0.0226932 0.999576 -0.0182515 -0.842644 0.0569189 0.0195184 0.998188 5.2838 0 0 0 1 
27844314100212;2.84301;0.66879;0.991149 0.116877 -0.0629547 8.09564 -0.120854 0.990633 -0.0635611 -4.29448 0.0549362 0.0706068 0.99599 4.02124 0 0 0 1 
27844314100213;1.50297;0.29546;0.997417 0.0656762 0.0290943 5.81485 -0.0598363 0.983741 -0.169333 -4.75324 -0.0397424 0.167155 0.985129 10.2761 0 0 0 1 
27844314100214;0.564234;0.264077;0.986966 -0.099487 0.126491 -6.48941 0.100695 0.994912 -0.00317315 2.87443 -0.125532 0.0158688 0.991963 -2.76373 0 0 0 1 
27844314100215;0.386204;0.57205;0.994832 0.00610104 -0.101351 0.143985 -0.0128307 0.997745 -0.0658813 -0.955813 0.100721 0.0668412 0.992667 7.76552 0 0 0 1 
27844314100217;0.459527;0.740602;0.995792 0.0121862 -0.0908333 0.107324 -0.0135207 0.999809 -0.014091 -0.648451 0.0906442 0.0152598 0.995766 2.84808 0 0 0 1 
27844314100218;2.20727;0.215934;0.998613 0.0460882 -0.0254605 0.735889 -0.046176 0.998929 -0.00287141 -1.58066 0.0253009 0.00404308 0.999672 3.52476 0 0 0 1 
27844314100219;2.19715;0.356351;0.992519 -0.120299 -0.0208387 -2.62254 0.119559 0.992255 -0.0336957 3.21622 0.0247309 0.0309522 0.999215 4.00534 0 0 0 1 
27844314100220;1.31114;0.114666;0.99768 -0.0163626 -0.0660755 0.600998 0.0147407 0.99958 -0.0249594 -0.596784 0.0664562 0.0239275 0.997502 2.3226 0 0 0 1 
27844314100221;1.65894;1.64689;0.999855 0.011283 0.0127731 0.387223 -0.0116819 0.999432 0.0315949 -0.335288 -0.0124093 -0.0317395 0.999419 -0.459226 0 0 0 1 
27844314100222;1.73745;0.762458;0.97615 0.102514 -0.191368 1.31004 -0.0818459 0.990222 0.112965 -2.72704 0.201077 -0.0946081 0.974996 5.04265 0 0 0 1 
27844314100223;2.40198;1.65182;0.99849 0.00729342 -0.0544401 0.320131 -0.00747897 0.999967 -0.00320552 -0.048731 0.0544149 0.00360783 0.998512 3.2083 0 0 0 1 
27844314100224;0.843273;0.769857;0.999223 0.0275468 -0.0281766 0.507875 -0.0251266 0.99624 0.0829096 -0.798195 0.0303545 -0.0821372 0.996159 -0.339259 0 0 0 1 
27844314100225;1.09219;1.2324;0.999917 0.0116005 0.00553801 0.492931 -0.0112451 0.998111 -0.060392 -0.375572 -0.00622813 0.0603247 0.998159 0.927705 0 0 0 1 
27844314100226;2.28577;0.409373;0.929799 0.249269 -0.270811 1.58083 -0.178541 0.948855 0.260379 -5.99478 0.321865 -0.193749 0.926749 8.46998 0 0 0 1 
27844314100227;0.739768;0.975214;0.990342 0.0314798 -0.135028 0.374765 -0.0269516 0.999016 0.0352337 -0.728882 0.136005 -0.0312542 0.990215 3.75946 0 0 0 1 
27844314100228;0.965544;0.0499188;0.989915 0.0876345 -0.111302 1.27815 -0.0835161 0.995656 0.0411499 -2.9516 0.114425 -0.0314394 0.992934 3.83826 0 0 0 1 
27844314100229;0.882458;0.749554;0.965491 0.0211708 0.259575 0.698505 0.0241869 0.985094 -0.170307 -0.0941369 -0.259312 0.170708 0.950587 -5.79028 0 0 0 1 
27844314100230;0.333053;0.218783;0.951465 0.157067 -0.264658 0.349381 -0.0649576 0.943079 0.326165 -1.86089 0.300823 -0.293143 0.907509 3.13012 0 0 0 1 
27844314100231;2.08116;0.0965827;0.995438 -0.0394267 0.0868871 -0.209116 0.0413325 0.99894 -0.0202449 0.876896 -0.0859969 0.0237438 0.996012 0.309609 0 0 0 1 
27844314100232;2.3687;1.58891;0.999466 0.0163699 -0.0282911 -0.317257 -0.0172208 0.999399 -0.0301003 -0.062769 0.0277813 0.0305714 0.999146 0.192066 0 0 0 1 
27844314100233;0.91161;0.640135;0.999126 0.033392 -0.025133 1.06416 -0.0329416 0.999293 0.0181277 -1.08286 0.0257206 -0.017284 0.99952 -0.500317 0 0 0 1 
27844314100234;2.15311;0.846023;0.997708 0.0117333 0.0666459 1.34156 -0.0123989 0.999877 0.00958299 0.137651 -0.0665252 -0.0103874 0.997731 -4.88174 0 0 0 1 
27844314100235;1.5865;0.25317;0.943633 -0.000875554 -0.330992 -4.81047 -0.0127307 0.999161 -0.0389373 -0.81396 0.330749 0.0409563 0.94283 10.2786 0 0 0 1 
27844314100236;0.801975;0.726142;0.999817 0.0102255 -0.0161813 0.72363 -0.0113537 0.997395 -0.0712378 -0.629222 0.0154107 0.0714084 0.997328 1.69364 0 0 0 1 
27844314100237;0.36254;0.102305;0.989016 0.132341 -0.0658256 1.6418 -0.129205 0.990365 0.0498264 -3.79067 0.0717855 -0.0407741 0.996586 1.59985 0 0 0 1 
27844314100238;0.509991;0.352204;0.995316 -0.00787649 -0.0963499 -0.183556 -0.0276368 0.931894 -0.361676 -3.66262 0.0926366 0.362645 0.927312 8.89456 0 0 0 1 
27844314100239;2.45541;1.38771;0.999094 0.0259016 -0.0337545 0.0480552 -0.0250984 0.999397 0.0240053 -0.857758 0.0343559 -0.0231363 0.999142 3.02561 0 0 0 1 
27844314100240;0.531694;0.202392;0.996714 -0.0772373 0.024424 -1.48259 0.0766866 0.996796 0.0227337 2.30156 -0.0261017 -0.020786 0.999443 -0.66881 0 0 0 1 
27844314100241;1.90316;0.69504;0.998725 -0.0261855 0.0431495 0.887872 0.0234023 0.997689 0.0637918 1.35686 -0.0447202 -0.0627007 0.99703 -3.83472 0 0 0 1 
27844314100242;0.857743;0.180218;0.987767 0.0346879 0.15203 1.34154 -0.0388194 0.998951 0.024291 -0.723264 -0.151028 -0.0298956 0.988077 -4.43367 0 0 0 1 
27844314100243;1.52979;1.85826;0.988669 -0.000160229 -0.15011 -0.498627 -0.00676403 0.998936 -0.0456161 -0.192902 0.149958 0.0461146 0.987616 4.97849 0 0 0 1 
27844314100244;1.45043;0.119914;0.967791 0.240006 -0.0760165 2.52046 -0.203484 0.923507 0.32516 -5.42447 0.148242 -0.299218 0.942599 -0.0137601 0 0 0 1 
27844314100245;0.353496;0.599141;0.997745 0.0473902 0.0475365 1.51297 -0.0563111 0.976394 0.208526 -1.36746 -0.0365323 -0.210732 0.976861 -5.00673 0 0 0 1 
27844314100246;0.304746;0.190712;0.994841 0.0959882 0.0328338 1.69241 -0.0878285 0.976904 -0.194794 -4.02561 -0.0507734 0.190905 0.980295 1.88382 0 0 0 1 
27844314100248;1.91005;1.74087;0.999968 -0.000506211 0.00792945 -0.0117619 0.000253298 0.999492 0.031864 0.288276 -0.00794155 -0.0318609 0.999461 -2.21067 0 0 0 1 
27844314100249;1.74539;1.0505;0.919703 0.0171266 0.392241 1.54601 0.0145668 0.996872 -0.0776823 0.0288405 -0.392344 0.0771584 0.916577 4.28024 0 0 0 1 
27844314100250;2.4193;1.95957;0.88856 0.0267438 -0.45798 0.797492 -0.0211938 0.999626 0.0172537 -0.359788 0.458271 -0.0056246 0.888795 0.207012 0 0 0 1 
27844314100251;0.382775;0.188781;0.998101 0.0265644 0.0555785 1.58882 -0.0347465 0.98779 0.151864 -0.48882 -0.0508657 -0.153507 0.986838 -8.49439 0 0 0 1 
27844314100252;0.517763;0.603188;0.995084 -0.00407623 -0.0989515 -0.229512 -0.0209536 0.967868 -0.250586 -2.33099 0.0967934 0.251427 0.963024 13.0737 0 0 0 1 
27844314100253;0.421961;0.356118;0.995216 0.00660852 0.0974712 0.578899 7.69236e-05 0.997656 -0.0684262 -0.43051 -0.097695 0.0681064 0.992883 3.31137 0 0 0 1 
27844314100254;1.06506;0.266759;0.998319 0.0506152 -0.0282293 2.79437 -0.042731 0.971905 0.231461 -1.25808 0.0391517 -0.229866 0.972434 -13.0865 0 0 0 1 
27844314100255;0.41574;0.335281;0.944324 0.00417463 -0.32899 -0.547788 -0.016175 0.999299 -0.0337481 -0.391448 0.328618 0.0371906 0.94373 2.71973 0 0 0 1 
27844314100256;0.221269;0.104569;0.99975 0.00315525 -0.0221539 0.082311 -0.00198191 0.998604 0.0527867 0.110664 0.0222895 -0.0527296 0.99836 -3.0241 0 0 0 1 
27844314100257;0.472366;0.258997;0.996491 0.0482223 0.0684145 2.83206 -0.0718286 0.912297 0.403182 -3.97641 -0.042972 -0.406681 0.912559 -21.6413 0 0 0 1 
27844314100258;0.965959;0.524904;0.961499 0.00935395 -0.27465 -0.599468 0.00215289 0.999133 0.041565 0.126153 0.274801 -0.040556 0.960645 -1.1958 0 0 0 1 
27844314100259;0.701583;0.601964;0.999813 0.0120577 -0.015093 0.773546 -0.0121813 0.999893 -0.00812321 -0.108412 0.0149935 0.00830554 0.999853 -0.0486622 0 0 0 1 
27844314100260;1.49458;1.12104;0.991522 0.0277985 -0.126934 0.803689 0.00934467 0.959066 0.28303 -0.764432 0.129606 -0.281816 0.950675 -14.0132 0 0 0 1 
