#;prob_registration_l1 -r /home/probabilistic_point_clouds_registration/build/tester /home/point_clouds_registration_benchmark//devel/registration_pairs/pioneer_slam_local.txt /home/point_clouds_registration_benchmark//tum/pioneer_slam -s 0.1 -t 0.1 -p 0.3 -r 1000 -m 10 -i 40 
id;initial_error;final_error;transformation
1807261650000;0.252801;0.178352;0.996236 0.0119329 0.0858549 -0.128757 -0.00838053 0.999098 -0.041618 0.0548828 -0.0862741 0.0407419 0.995438 0.191886 0 0 0 1 
1807261650001;0.370505;0.131059;0.971707 0.116229 0.20561 -0.102452 -0.155526 0.970036 0.18666 0.468448 -0.177754 -0.213356 0.960668 0.88137 0 0 0 1 
1807261650002;0.611698;0.201755;0.999953 0.00953293 -0.00155168 0.123616 -0.0095695 0.999627 -0.0255745 -0.652968 0.0013073 0.0255882 0.999672 0.569312 0 0 0 1 
1807261650003;0.65444;0.264691;0.962405 0.266132 -0.0543172 0.301525 -0.261719 0.962095 0.0766631 0.882336 0.0726608 -0.0595651 0.995576 -0.986467 0 0 0 1 
1807261650004;0.70178;0.421987;0.936751 0.289365 0.196889 -0.00412031 -0.265155 0.953925 -0.140426 0.793592 -0.228452 0.0793382 0.970317 1.39847 0 0 0 1 
1807261650005;0.564667;0.117131;0.992156 -0.124724 0.0083801 0.0819289 0.124783 0.99216 -0.00684323 -0.0973754 -0.00746088 0.00783525 0.999941 0.759644 0 0 0 1 
1807261650006;0.456118;0.123877;0.997335 -0.0293179 -0.0668102 -0.235869 0.0194502 0.989412 -0.143827 0.318557 0.0703195 0.142145 0.987345 -0.679135 0 0 0 1 
1807261650007;0.0911852;0.0362707;0.997538 0.0146673 0.0685775 -0.113007 -0.0158306 0.999739 0.0164513 0.041132 -0.0683183 -0.0174964 0.99751 0.276878 0 0 0 1 
1807261650008;0.628711;0.280913;0.956588 -0.0615408 0.284871 0.5594 0.0264376 0.991745 0.125471 -0.345749 -0.290241 -0.112492 0.950319 0.745712 0 0 0 1 
1807261650009;0.268333;0.27133;0.986742 -0.162174 -0.00628631 0.0216672 0.162185 0.98676 0.00132441 -0.317904 0.00598829 -0.0023264 0.999979 -0.105049 0 0 0 1 
1807261650010;0.71038;0.24837;0.949779 0.31275 0.0103705 0.0610714 -0.312783 0.949823 0.0016964 0.938142 -0.00931962 -0.00485493 0.999945 -0.861925 0 0 0 1 
1807261650011;0.818748;0.252074;0.922611 0.385701 -0.0048993 0.0225756 -0.385721 0.922607 -0.00397432 1.3756 0.00298723 0.00555651 0.99998 -0.880656 0 0 0 1 
1807261650012;0.646177;0.0443963;0.99999 -0.0020409 0.00400533 0.173762 0.0022415 0.99871 -0.0507335 -0.595035 -0.00389662 0.0507419 0.998704 -0.709928 0 0 0 1 
1807261650013;0.5425;0.0978536;0.989727 0.0257161 -0.140642 0.0929358 -0.0323344 0.998465 -0.0449768 -0.0950229 0.139269 0.0490623 0.989038 -1.18332 0 0 0 1 
1807261650014;0.402811;0.154024;0.948569 0.182312 -0.258804 0.298566 -0.151665 0.979309 0.133983 0.399579 0.277875 -0.0878405 0.956593 -1.38056 0 0 0 1 
1807261650015;0.62098;0.138159;0.910835 -0.361155 0.199867 0.301787 0.359496 0.93202 0.0458399 -0.87471 -0.202835 0.0300989 0.97875 1.30496 0 0 0 1 
1807261650016;0.314215;0.179528;0.993784 0.0994122 -0.0500964 -0.0372574 -0.0973211 0.994341 0.0425877 0.418643 0.0540466 -0.0374475 0.997836 0.0025389 0 0 0 1 
1807261650017;0.544853;0.169584;0.952209 0.0986946 -0.289064 0.197991 -0.197056 0.921573 -0.334472 0.793623 0.233383 0.375449 0.896978 -1.07498 0 0 0 1 
1807261650018;0.870541;0.354433;0.913354 0.386901 0.126855 0.0615216 -0.381146 0.92202 -0.0678714 1.47647 -0.143222 0.0136404 0.989597 1.20101 0 0 0 1 
1807261650019;0.408282;0.170244;0.973982 0.226585 -0.00422691 -0.218472 -0.226599 0.973983 -0.00319906 0.542037 0.00339208 0.00407364 0.999986 0.316673 0 0 0 1 
1807261650020;0.378251;0.187364;0.966512 -0.00369176 -0.256593 0.0608658 -0.0885136 0.933739 -0.346839 0.202512 0.240872 0.357936 0.902143 -0.907865 0 0 0 1 
1807261650021;0.0584465;0.102112;0.99957 0.0152595 -0.0250237 0.00474167 -0.0152291 0.999883 0.00140312 -0.114898 0.0250421 -0.00102143 0.999686 -0.0559194 0 0 0 1 
1807261650022;0.492617;0.183316;0.981175 -0.0968875 -0.167059 0.226715 0.08411 0.993081 -0.0819503 -0.0769322 0.173843 0.0663562 0.982535 -1.15659 0 0 0 1 
1807261650023;0.436303;0.321131;0.959952 0.278138 0.0336263 -0.0696896 -0.279038 0.959932 0.0258619 0.832895 -0.0250858 -0.0342092 0.9991 0.185398 0 0 0 1 
1807261650024;0.611538;0.197007;0.996018 -0.0156256 0.0877759 0.0761003 0.0222781 0.99691 -0.0753295 0.315143 -0.0863276 0.076985 0.993288 -0.391715 0 0 0 1 
1807261650025;0.222007;0.149643;0.992769 -0.0921557 -0.0769232 -0.131411 0.0813056 0.987653 -0.133903 -0.223635 0.0883133 0.12668 0.988004 -0.106003 0 0 0 1 
1807261650026;0.125003;0.0192914;0.997999 -0.00588517 -0.0629483 -0.126163 -0.000448723 0.994974 -0.100136 0.0460714 0.0632212 0.0999642 0.99298 -0.0914239 0 0 0 1 
1807261650027;0.446617;0.234006;0.928479 -0.366852 0.0578507 0.18953 0.360919 0.928018 0.0923087 -1.10611 -0.0875502 -0.0648272 0.994048 0.374193 0 0 0 1 
1807261650028;0.18577;0.243811;0.985807 0.15483 -0.0649066 0.0141113 -0.156867 0.987236 -0.027523 0.12254 0.0598168 0.0373141 0.997512 -0.203425 0 0 0 1 
1807261650029;0.503137;0.29452;0.991372 0.0501112 -0.12112 0.0620316 -0.0765214 0.971489 -0.224395 0.51057 0.106422 0.231727 0.966942 -0.247459 0 0 0 1 
1807261650031;0.869936;0.830482;0.999948 0.00593776 -0.00824279 0.0302175 -0.0037898 0.97086 0.239618 -0.0746182 0.00942539 -0.239575 0.970832 -0.948306 0 0 0 1 
1807261650032;0.361529;0.255025;0.975048 -0.00264672 -0.22198 0.0128859 -0.0372951 0.983764 -0.175549 0.122529 0.21884 0.179447 0.959118 0.285552 0 0 0 1 
1807261650033;0.495733;0.468246;0.998704 0.0194115 0.0470421 0.0316367 -0.01918 0.999802 -0.00536756 0.0541872 -0.047137 0.00445833 0.998878 0.0437482 0 0 0 1 
1807261650034;1.09057;0.922882;0.991124 0.127801 -0.0366145 0.554668 -0.129703 0.990005 -0.0553865 0.595528 0.02917 0.0596439 0.997793 0.710612 0 0 0 1 
1807261650035;0.885672;0.862562;0.990727 0.05127 -0.125821 0.190872 -0.0323927 0.988497 0.147733 0.20632 0.131948 -0.142287 0.980991 -0.0937703 0 0 0 1 
1807261650036;0.893017;0.231944;0.987798 0.0342965 0.15192 0.140536 -0.0469585 0.995643 0.0805579 0.190899 -0.148496 -0.0867089 0.985104 0.717985 0 0 0 1 
1807261650037;0.513994;0.41922;0.999848 0.0123993 0.0122425 0.149117 -0.0133532 0.996609 0.0811896 0.225467 -0.0111943 -0.0813408 0.996623 -0.50598 0 0 0 1 
1807261650038;0.984234;0.434804;0.92077 0.041743 0.387866 -0.0844549 -0.0214652 0.998174 -0.0564686 0.396811 -0.389515 0.043669 0.919984 -0.235411 0 0 0 1 
1807261650039;0.787771;0.200774;0.987235 0.0419596 0.153643 0.0889617 -0.0204727 0.990102 -0.138848 0.217289 -0.157948 0.13393 0.978323 -0.13582 0 0 0 1 
1807261650040;0.449489;0.109185;0.972492 0.00317138 0.232917 -0.00402458 -0.0107214 0.999457 0.0311562 0.0829419 -0.232691 -0.0327964 0.971998 0.543156 0 0 0 1 
1807261650041;0.636202;0.188916;0.999975 0.0038907 -0.00589792 0.200413 -0.00386574 0.999984 0.00423731 0.335568 0.00591431 -0.0042144 0.999974 -0.331021 0 0 0 1 
1807261650042;0.394001;0.330332;0.999889 0.0111603 -0.00983853 -0.0179375 -0.011282 0.999859 -0.0124068 0.0785167 0.00969868 0.0125164 0.999875 0.0743565 0 0 0 1 
1807261650043;0.493104;0.196814;0.966473 0.0823237 0.243214 0.267036 -0.0833153 0.996504 -0.00622443 0.342229 -0.242876 -0.0142477 0.969953 0.264856 0 0 0 1 
1807261650044;0.603128;0.475506;0.998907 0.0420122 -0.0204678 0.061336 -0.0418147 0.999076 0.00998137 0.20148 0.0208682 -0.00911461 0.999741 -0.436008 0 0 0 1 
1807261650045;0.822026;0.370643;0.994582 -0.0182578 -0.10234 0.0357527 0.0567499 0.920183 0.387354 -0.329801 0.0870997 -0.391063 0.916233 -1.85797 0 0 0 1 
1807261650046;0.726796;1.14292;0.999349 -0.0235912 -0.0272823 -0.156456 0.0200332 0.992075 -0.124039 0.760175 0.0299923 0.123412 0.991902 0.792407 0 0 0 1 
1807261650047;0.841796;0.499823;0.998165 0.00354776 -0.06045 -0.0239192 -0.00424889 0.999925 -0.011474 0.125845 0.0604048 0.0117098 0.998105 0.629732 0 0 0 1 
1807261650048;0.923373;0.077961;0.984538 0.00946545 0.174914 0.0809721 -0.0434407 0.98054 0.191453 0.198187 -0.169698 -0.196091 0.96579 0.434109 0 0 0 1 
1807261650049;0.894299;0.747046;0.9677 0.00433594 0.252067 0.0402752 -0.0299437 0.994751 0.0978441 0.0988242 -0.25032 -0.102232 0.962751 0.503932 0 0 0 1 
1807261650050;0.776112;0.864468;0.988394 0.0409614 0.146283 -0.0464072 -0.00131708 0.965235 -0.261381 0.849904 -0.151904 0.258155 0.954087 1.257 0 0 0 1 
1807261650051;0.472646;0.868353;0.982207 0.0928846 0.163226 0.2866 -0.0926732 0.995657 -0.00892569 0.803094 -0.163346 -0.00635984 0.986548 0.506527 0 0 0 1 
1807261650052;0.367213;0.303445;0.999073 0.0110265 0.0416038 0.0291604 -0.0191898 0.979349 0.201262 0.00634299 -0.0385254 -0.201874 0.978654 -0.420778 0 0 0 1 
1807261650053;0.543637;0.194363;0.909598 -0.0185932 -0.415074 0.142773 -0.0793618 0.97283 -0.217492 0.344318 0.40784 0.230772 0.883409 0.300417 0 0 0 1 
1807261650054;0.296591;0.572943;0.992006 -0.0722757 -0.103439 -0.167373 0.0526386 0.982011 -0.18134 0.468324 0.114685 0.174445 0.977965 0.217856 0 0 0 1 
1807261650055;0.546573;0.930507;0.969157 0.104128 -0.223364 0.296811 -0.0216813 0.938863 0.343608 0.693512 0.245487 -0.328167 0.912164 -0.8777 0 0 0 1 
1807261650056;0.638977;0.150128;0.99676 0.0693226 -0.0407936 0.023559 -0.0709086 0.996728 -0.0388053 0.61825 0.03797 0.0415721 0.998414 0.370159 0 0 0 1 
1807261650057;0.733154;1.18422;0.998873 0.0388738 -0.0272183 -0.0145069 -0.0434074 0.98024 -0.192989 1.2512 0.0191783 0.193953 0.980823 0.481602 0 0 0 1 
1807261650058;1.00454;0.90422;0.973175 0.0777734 -0.216522 0.37907 -0.066938 0.996131 0.0569464 0.555094 0.220113 -0.0409252 0.974616 -0.0424449 0 0 0 1 
1807261650059;0.328863;0.281135;0.958769 -0.0611365 0.277533 -0.151788 -0.0556961 0.917224 0.394459 -0.0276915 -0.278676 -0.393653 0.876001 -0.710926 0 0 0 1 
1807261650060;0.479524;0.414196;0.999996 -0.00265024 -0.000386926 -0.0206514 0.00263581 0.999436 -0.0334749 0.00605246 0.000475424 0.0334738 0.999439 -0.0878357 0 0 0 1 
1807261650062;0.610394;0.130158;0.99585 0.0853772 -0.0315064 0.30268 -0.0864322 0.995684 -0.0337966 0.244093 0.0284849 0.0363796 0.998932 -0.642077 0 0 0 1 
1807261650063;0.0702684;0.126572;0.999484 0.0035328 0.0319311 -0.0694696 -0.00263353 0.9996 -0.028161 0.147449 -0.0320178 0.0280624 0.999093 0.0649872 0 0 0 1 
1807261650064;0.431381;0.16185;0.972976 -0.126191 -0.193374 -0.401232 0.111131 0.99 -0.0868851 -0.0903674 0.202404 0.0630474 0.97727 -0.306087 0 0 0 1 
1807261650065;0.67345;0.176297;0.983065 0.0199654 -0.182165 0.020536 0.0627989 0.897155 0.437228 0.233272 0.172159 -0.441264 0.880709 -1.89378 0 0 0 1 
1807261650066;0.179936;0.159746;0.989032 -0.14736 -0.0100798 -0.667684 0.146981 0.988639 -0.0314453 0.103557 0.014599 0.0296189 0.999455 0.128312 0 0 0 1 
1807261650067;0.697139;0.276739;0.935478 -0.349658 -0.0511851 -1.33425 0.352702 0.932825 0.0737481 -0.222438 0.0219601 -0.0870428 0.995962 -1.02149 0 0 0 1 
1807261650068;0.609754;0.589744;0.9701 -0.239822 -0.0373132 -0.935236 0.239147 0.970742 -0.0216736 0.434689 0.0414192 0.0121022 0.999069 0.143212 0 0 0 1 
1807261650069;0.14606;0.159825;0.996175 -0.0774959 -0.0403744 -0.405908 0.0772854 0.996986 -0.00674999 0.15329 0.0407758 0.00360382 0.999162 -0.0276728 0 0 0 1 
1807261650070;0.531087;0.132051;0.982276 0.072204 -0.172973 0.397813 -0.00732213 0.936904 0.34951 0.0670352 0.187295 -0.342049 0.920827 -1.87799 0 0 0 1 
1807261650071;0.140553;0.136533;0.992649 -0.00543493 -0.120904 -0.0314887 -0.00360534 0.99722 -0.0744278 0.29608 0.120973 0.0743166 0.98987 0.154134 0 0 0 1 
1807261650072;0.380476;0.32982;0.996196 0.00887297 -0.0866868 0.121165 -0.0137376 0.998354 -0.0556833 0.0537107 0.0860501 0.0566624 0.994678 -0.0232419 0 0 0 1 
1807261650073;0.531138;0.26452;0.982876 -0.129525 0.131068 -0.386604 0.0809218 0.942419 0.324496 -0.187482 -0.165551 -0.308333 0.936762 -0.721507 0 0 0 1 
1807261650074;0.56209;0.177399;0.946373 0.199452 0.254161 0.795026 -0.184065 0.979386 -0.0832015 0.802053 -0.265516 0.0319576 0.963577 0.467548 0 0 0 1 
1807261650075;0.57785;0.144048;0.999422 -0.0339716 -0.000920147 -0.144832 0.033968 0.999416 -0.00367013 0.720338 0.00104429 0.00363675 0.999993 -0.44973 0 0 0 1 
1807261650076;0.523862;0.194843;0.980731 -0.177661 -0.0812559 -0.886336 0.160779 0.970273 -0.180887 0.410011 0.110977 0.164337 0.980142 1.04034 0 0 0 1 
1807261650077;0.611234;0.510264;0.997681 -0.0238289 0.0637523 -0.0833927 0.0377973 0.972966 -0.227835 -0.272558 -0.0565997 0.229716 0.97161 0.547476 0 0 0 1 
1807261650078;0.330727;0.13834;0.950327 0.034508 -0.309335 0.273622 -0.0280641 0.999287 0.0252582 0.211156 0.309986 -0.0153224 0.950618 0.129854 0 0 0 1 
1807261650079;0.421945;0.311658;0.919108 -0.146717 -0.365671 -0.491562 0.0946647 0.983128 -0.15652 -0.128684 0.382465 0.109243 0.917489 0.619334 0 0 0 1 
1807261650080;0.560936;0.269254;0.982675 0.0995917 -0.156303 0.633652 -0.149373 0.924826 -0.349834 0.308392 0.109712 0.367121 0.92368 1.21638 0 0 0 1 
1807261650081;0.503671;0.131657;0.983578 0.0999298 0.150296 0.341085 -0.121453 0.982445 0.141604 0.115616 -0.133507 -0.157532 0.978448 -1.22381 0 0 0 1 
1807261650082;0.722741;0.352319;0.99949 0.0317817 0.00294729 0.267701 -0.0315102 0.997217 -0.0675656 -0.00755295 -0.00508644 0.0674383 0.99771 -0.544478 0 0 0 1 
1807261650083;0.552134;0.265802;0.998497 -0.0426904 -0.0343571 -0.0286232 0.0398299 0.995997 -0.0800265 -0.297395 0.0376359 0.0785378 0.9962 0.014947 0 0 0 1 
1807261650084;0.867721;0.183909;0.928209 0.35784 -0.101879 2.21227 -0.336197 0.923975 0.182322 0.409838 0.159376 -0.134982 0.977947 -0.897877 0 0 0 1 
1807261650085;0.404997;0.15501;0.978395 -0.149378 -0.142929 -0.632176 0.0835492 0.918053 -0.387553 -0.0454823 0.189108 0.367239 0.9107 1.01425 0 0 0 1 
1807261650086;0.258185;0.168279;0.997959 -0.0627513 0.0118785 -0.204069 0.0635884 0.9936 -0.0933606 0.192808 -0.00594396 0.0939253 0.995562 0.587842 0 0 0 1 
1807261650087;0.211815;0.141734;0.992071 0.119153 0.0399659 0.500354 -0.115097 0.9891 -0.0918387 0.166842 -0.0504731 0.0865106 0.994972 0.365266 0 0 0 1 
1807261650088;0.669831;0.33573;0.967391 -0.251454 -0.0304229 -1.00197 0.228353 0.917809 -0.324779 0.287947 0.109589 0.307241 0.945301 0.597944 0 0 0 1 
1807261650089;0.143654;0.156626;0.992655 0.0518011 0.109329 0.155099 -0.0562099 0.997709 0.0376346 0.0687819 -0.107129 -0.0435036 0.993293 -0.0536907 0 0 0 1 
1807261650090;0.732491;0.392947;0.995003 0.0743223 -0.066677 0.200343 -0.0822882 0.988612 -0.125996 0.84259 0.0565534 0.130853 0.989787 0.580603 0 0 0 1 
1807261650091;0.403612;0.159257;0.987122 0.140077 -0.0772543 0.689057 -0.1138 0.954318 0.276275 0.0530761 0.112425 -0.263925 0.957969 -0.749641 0 0 0 1 
1807261650093;1.16071;0.339203;0.88104 0.30474 0.361803 -0.383708 -0.296205 0.95174 -0.0803329 0.186901 -0.368823 -0.0363915 0.928787 -0.249219 0 0 0 1 
1807261650094;0.696816;0.463613;0.981181 0.18953 0.0369023 -0.108889 -0.18795 0.981262 -0.0424188 -0.077785 -0.0442505 0.0346847 0.998418 -0.0845887 0 0 0 1 
1807261650095;0.832378;0.330967;0.933039 0.117798 0.339945 0.410175 -0.124705 0.992193 -0.00153825 0.237148 -0.337472 -0.0409577 0.940444 -0.0496003 0 0 0 1 
1807261650096;1.24922;0.415799;0.968335 0.216203 0.124835 0.118991 -0.153061 0.90916 -0.3873 -0.457607 -0.19723 0.355929 0.913463 0.739855 0 0 0 1 
1807261650097;1.57732;0.390581;0.957731 0.14858 0.246324 0.38717 -0.196572 0.963204 0.183297 0.0778225 -0.210026 -0.22397 0.951697 0.923704 0 0 0 1 
1807261650098;0.431654;0.349706;0.947504 -0.296043 0.120812 0.0201258 0.303451 0.951639 -0.0479659 -0.233212 -0.10077 0.0821084 0.991516 0.283721 0 0 0 1 
1807261650099;1.43162;0.318297;0.982305 -0.185902 0.0227599 0.634364 0.184229 0.937203 -0.296158 0.360977 0.0337259 0.295111 0.954868 0.603094 0 0 0 1 
1807261650100;0.198846;0.212308;0.994085 -0.042428 -0.0999768 0.180479 0.0535109 0.992388 0.110919 -0.172955 0.0945097 -0.115613 0.988788 -0.0904913 0 0 0 1 
1807261650101;0.403364;0.219234;0.995144 -0.0833137 0.0524062 0.138367 0.0855078 0.995489 -0.0411179 -0.142812 -0.0487441 0.0453993 0.997779 -0.184856 0 0 0 1 
1807261650102;0.400187;0.282033;0.994364 -0.0584153 0.0884759 -0.14384 0.0602441 0.998019 -0.0181399 -0.175333 -0.087241 0.0233678 0.995913 -0.00360288 0 0 0 1 
1807261650103;1.02195;0.446222;0.961222 0.233121 0.147332 0.0973585 -0.250243 0.961828 0.110746 -0.263435 -0.115891 -0.143321 0.982867 0.56121 0 0 0 1 
1807261650104;1.18672;0.157657;0.99878 0.0027888 -0.0492935 -0.077809 0.00231934 0.994651 0.103267 -0.514818 0.0493178 -0.103255 0.993431 -0.664134 0 0 0 1 
1807261650105;1.18857;0.377068;0.993493 0.0435664 0.105233 -0.418266 -0.0466098 0.998558 0.0266356 -0.50868 -0.103921 -0.0313672 0.994091 0.138387 0 0 0 1 
1807261650106;0.708535;0.308492;0.999006 -0.0349689 0.0276576 -0.202656 0.0350822 0.999378 -0.00362205 -0.325741 -0.0275137 0.00458874 0.999611 0.208822 0 0 0 1 
1807261650107;0.503291;0.244448;0.997125 0.00968711 -0.0751499 0.124288 -0.00608769 0.99883 0.0479785 -0.106271 0.0755267 -0.0473831 0.996017 0.245547 0 0 0 1 
1807261650108;1.52224;0.294669;0.952225 -0.206017 0.225442 0.0887318 0.231853 0.968142 -0.0945827 0.615022 -0.198774 0.142333 0.969655 -0.32528 0 0 0 1 
1807261650109;0.339127;0.197568;0.920828 -0.128686 0.368124 -0.0465216 0.0993773 0.990253 0.0975828 -0.0652412 -0.377093 -0.053274 0.924642 0.218444 0 0 0 1 
1807261650110;0.998065;0.133363;0.963068 -0.232303 0.136145 0.0692641 0.218159 0.969564 0.111138 -0.158128 -0.157819 -0.0773326 0.984435 -0.533241 0 0 0 1 
1807261650111;0.873902;0.349002;0.96599 0.123187 0.227348 0.228016 -0.137747 0.989242 0.0492643 -0.459585 -0.218834 -0.0789054 0.972567 0.424724 0 0 0 1 
1807261650112;0.213542;0.141072;0.995497 -0.0244618 -0.0915821 0.0918501 0.0333275 0.994769 0.0965651 -0.133602 0.0887408 -0.0991824 0.991104 -0.161737 0 0 0 1 
1807261650113;1.08553;0.44265;0.964296 -0.220834 0.146169 -0.15973 0.246051 0.951221 -0.186113 -0.703447 -0.0979392 0.215433 0.971595 -0.109045 0 0 0 1 
1807261650114;0.757919;0.522923;0.947729 0.305047 0.0935715 0.365554 -0.278949 0.934489 -0.221174 -0.0450873 -0.15491 0.183511 0.970735 0.563865 0 0 0 1 
1807261650115;1.40826;0.320923;0.967789 0.251729 -0.00403765 -0.435432 -0.251428 0.96721 0.0359112 0.401022 0.0129451 -0.0337393 0.999347 0.25032 0 0 0 1 
1807261650116;0.547781;0.217177;0.984969 0.145366 0.0933028 0.0986715 -0.155942 0.980646 0.118387 -0.137315 -0.0742876 -0.131158 0.988574 0.287022 0 0 0 1 
1807261650117;1.14474;0.208052;0.959519 0.276181 -0.0552009 -0.204762 -0.259146 0.942508 0.211003 0.393009 0.110302 -0.188156 0.975925 -0.382627 0 0 0 1 
1807261650118;1.22447;0.397432;0.945022 0.235333 -0.227052 -0.0490447 -0.281143 0.939316 -0.19658 0.0261321 0.167012 0.249606 0.953836 -0.550694 0 0 0 1 
1807261650119;1.49971;0.263857;0.991673 0.109534 -0.0677268 0.121315 -0.115223 0.989546 -0.0867311 0.573774 0.0575188 0.0938125 0.993927 -0.739813 0 0 0 1 
1807261650120;0.30517;0.370229;0.942615 0.214305 0.256027 0.214094 -0.227078 0.973649 0.0210519 0.0693042 -0.244769 -0.0779819 0.96644 0.173502 0 0 0 1 
1807261650121;1.42718;0.187127;0.942789 0.299482 0.146491 0.473238 -0.32177 0.932379 0.164723 -0.765887 -0.0872533 -0.202436 0.975401 0.257114 0 0 0 1 
1807261650122;1.45607;0.363904;0.948993 -0.206149 0.238568 -0.114508 0.25031 0.952678 -0.172482 -0.379548 -0.191721 0.2234 0.955686 -0.676802 0 0 0 1 
1807261650124;1.36594;7.45762;0.478921 0.737122 0.476745 -2.15814 -0.586432 -0.135483 0.798587 0.267932 0.653247 -0.662039 0.367387 2.69212 0 0 0 1 
1807261650125;0.804333;7.05891;-0.00801053 -0.857049 0.515173 3.36016 0.879202 0.239398 0.411937 -0.137787 -0.476382 0.456241 0.751602 0.203365 0 0 0 1 
1807261650126;0.880272;10.6212;0.0817528 -0.992287 -0.0931772 4.99573 0.898199 0.0328383 0.438361 1.29199 -0.43192 -0.119529 0.893956 0.775175 0 0 0 1 
1807261650127;1.55898;10.5327;-0.262353 -0.957668 -0.118505 5.35073 0.963999 -0.265619 0.0123702 1.1012 -0.0433237 -0.110993 0.992876 -0.75874 0 0 0 1 
1807261650128;0.837192;10.4655;0.0311668 -0.993865 -0.106115 4.85137 0.998584 0.0263837 0.046184 0.815075 -0.043101 -0.107404 0.993281 -0.0967659 0 0 0 1 
1807261650129;0.284015;7.0859;0.0181499 -0.989288 0.144845 3.54635 0.999018 0.012089 -0.0426154 0.189762 0.0404079 0.145476 0.988536 -0.463528 0 0 0 1 
1807261650130;0.193395;7.57643;0.480501 0.766076 0.426902 -2.55357 -0.538423 -0.12655 0.833118 -0.249493 0.692256 -0.630168 0.351666 2.48898 0 0 0 1 
1807261650131;0.6404;10.3788;-0.0910221 -0.986203 -0.138269 5.11841 0.991199 -0.103122 0.0830102 1.41086 -0.0961235 -0.129497 0.98691 0.103911 0 0 0 1 
1807261650132;1.48669;10.7681;-0.194139 -0.944242 -0.265928 5.83237 0.937687 -0.258263 0.232474 1.98007 -0.288191 -0.204225 0.935542 -0.0301085 0 0 0 1 
1807261650133;0.878362;10.496;0.085349 -0.973629 -0.211571 5.02926 0.983997 0.0490331 0.171305 1.03738 -0.156413 -0.222806 0.962233 0.397205 0 0 0 1 
1807261650134;0.764145;7.72906;0.553794 0.684399 0.474246 -2.55569 -0.64462 -0.00811698 0.76446 0.0260712 0.527045 -0.729062 0.436682 2.97581 0 0 0 1 
1807261650135;0.938287;6.77432;-0.0698217 -0.983913 0.164439 3.37884 0.994863 -0.0807918 -0.0609899 0.0706505 0.0732941 0.159336 0.9845 0.00120749 0 0 0 1 
1807261650136;0.165136;6.98246;0.254279 -0.950416 0.179027 3.37535 0.965316 0.238079 -0.107165 0.0876068 0.0592284 0.200068 0.97799 -0.51609 0 0 0 1 
1807261650137;0.685906;6.57525;0.321229 -0.914815 0.244796 3.11555 0.944142 0.289301 -0.157799 0.0458341 0.0735377 0.281811 0.956648 -0.136549 0 0 0 1 
1807261650138;1.14592;7.5499;0.372173 -0.891342 0.258838 3.57922 0.858178 0.436693 0.26987 -0.28919 -0.353579 0.12169 0.927455 -0.467521 0 0 0 1 
1807261650139;0.608764;6.50618;0.0313296 -0.983658 0.177301 3.32282 0.999493 0.031852 9.98321e-05 -0.0585783 -0.0057456 0.177208 0.984157 -0.714092 0 0 0 1 
1807261650140;1.51409;10.7134;0.0127109 -0.976623 -0.214582 4.58205 0.98301 -0.0270942 0.181542 1.72306 -0.183112 -0.213244 0.959686 0.223614 0 0 0 1 
1807261650141;0.713806;6.83326;0.0503238 0.92532 0.375834 -2.71397 0.998509 -0.0545777 0.000673384 -0.648719 0.0211352 0.375239 -0.926687 0.78198 0 0 0 1 
1807261650142;1.81337;6.84348;0.0614279 -0.988372 0.139093 2.97744 0.991655 0.0446095 -0.120958 0.173522 0.113347 0.145363 0.982864 0.331275 0 0 0 1 
1807261650143;1.33398;7.19015;0.0226266 -0.970718 0.239155 3.45518 0.999061 0.0307952 0.0304742 0.625438 -0.0369466 0.238241 0.970503 -0.0552695 0 0 0 1 
1807261650144;0.523192;10.5305;0.164887 -0.965094 -0.203487 5.10174 0.931514 0.0845652 0.353737 1.19456 -0.324181 -0.247877 0.912942 -0.071088 0 0 0 1 
1807261650145;1.32014;7.36499;-0.0344966 -0.994003 0.103765 4.34672 0.996429 -0.0262019 0.0802647 0.0754861 -0.0770645 0.106163 0.991358 -0.428196 0 0 0 1 
1807261650146;0.396214;10.4437;0.292385 -0.953861 0.0682609 4.99502 0.952207 0.296988 0.0714187 1.1277 -0.0883962 0.0441168 0.995108 0.0179334 0 0 0 1 
1807261650147;1.75836;7.47814;-0.111342 -0.976012 0.187093 3.33795 0.992889 -0.101274 0.0625635 -0.0783148 -0.0421149 0.192729 0.980348 -1.32577 0 0 0 1 
1807261650148;1.81564;6.89412;0.260952 -0.940637 0.21704 3.52088 0.965203 0.258181 -0.0415457 -0.629457 -0.0169561 0.220329 0.975278 0.0190404 0 0 0 1 
1807261650149;1.27562;6.64678;-0.0417577 -0.991458 0.123562 3.42374 0.997309 -0.0339032 0.0650015 -0.158089 -0.0602571 0.125944 0.990206 -1.09893 0 0 0 1 
1807261650150;1.69552;7.00889;0.069664 -0.945958 0.31672 3.76873 0.997432 0.0713404 -0.00631497 0.0457619 -0.0166212 0.316346 0.948498 0.310215 0 0 0 1 
1807261650151;1.06641;10.6716;-0.133683 -0.93465 -0.329482 5.56282 0.907135 -0.249276 0.339068 1.17954 -0.399042 -0.253558 0.881178 -0.242093 0 0 0 1 
1807261650152;1.1455;10.5568;-0.10375 -0.95471 -0.278863 5.49234 0.988044 -0.131079 0.0811627 1.04356 -0.11404 -0.267108 0.956895 0.66929 0 0 0 1 
1807261650153;0.956413;10.4779;0.026132 -0.988223 -0.150775 5.58062 0.997585 0.0160697 0.067574 0.989922 -0.0643553 -0.152177 0.986256 0.297671 0 0 0 1 
1807261650155;0.606131;0.343941;0.996122 -0.0602766 -0.0640844 -0.00341899 0.0626877 0.997373 0.0363021 0.0201397 0.0617279 -0.0401787 0.997284 -0.553051 0 0 0 1 
1807261650156;0.187806;0.0737112;0.996815 -0.0797397 0.000938525 -0.302231 0.079731 0.996791 0.00714695 -0.151999 -0.00150541 -0.00704936 0.999974 0.187502 0 0 0 1 
1807261650157;0.551788;0.33988;0.993682 -0.107434 0.0324525 -0.463377 0.111394 0.979353 -0.1687 -0.130377 -0.0136585 0.171249 0.985133 0.955976 0 0 0 1 
1807261650158;0.699792;0.501696;0.993376 -0.0899725 -0.0714756 -0.429649 0.0962637 0.991271 0.0900864 -0.115944 0.0627464 -0.0963702 0.993366 -0.75255 0 0 0 1 
1807261650159;0.309546;0.0969799;0.99088 0.101132 -0.089042 0.428435 -0.118468 0.968709 -0.218102 -0.0687926 0.0641987 0.226661 0.971856 1.06762 0 0 0 1 
1807261650160;0.485518;0.323699;0.995293 -0.0890294 -0.0382865 -0.46265 0.0950235 0.974132 0.20503 -0.1401 0.0190424 -0.207703 0.978007 -0.810535 0 0 0 1 
1807261650161;0.330335;0.112672;0.9983 -0.0574037 0.0101148 -0.290578 0.0566449 0.914529 -0.400535 -0.351609 0.0137419 0.400427 0.916226 1.33271 0 0 0 1 
1807261650162;0.550603;0.251889;0.937996 0.346645 -0.00100936 1.15285 -0.346611 0.937938 0.0115308 0.161045 0.00494382 -0.010466 0.999933 -0.066714 0 0 0 1 
1807261650163;0.739956;0.246945;0.977393 0.186676 0.0992744 0.786263 -0.180286 0.981125 -0.0699287 -0.837126 -0.110455 0.05045 0.9926 0.61258 0 0 0 1 
1807261650164;0.228506;0.104067;0.958803 0.107768 0.262838 0.363209 -0.114089 0.993431 0.00886018 -0.115445 -0.260156 -0.038482 0.964799 -0.201977 0 0 0 1 
1807261650165;0.0638727;0.0736855;0.999912 0.000660305 0.0132811 0.00605881 -0.000452936 0.999878 -0.0156109 -0.0790353 -0.0132897 0.0156035 0.99979 0.140341 0 0 0 1 
1807261650166;0.691573;0.106514;0.953422 -0.299003 -0.0397969 -1.29885 0.301376 0.949777 0.0842325 -0.977896 0.0126124 -0.0923029 0.995651 -0.0143839 0 0 0 1 
1807261650167;0.645574;0.35954;0.95276 0.00464626 0.303688 0.069155 -0.0645009 0.980171 0.187363 0.28646 -0.296795 -0.1981 0.934168 -0.945948 0 0 0 1 
1807261650168;0.448255;0.105518;0.955083 0.293251 -0.0426703 1.13993 -0.288373 0.886561 -0.361733 -0.286859 -0.0682487 0.35779 0.931305 1.41254 0 0 0 1 
1807261650169;0.539907;0.187325;0.961005 0.273078 -0.0435561 0.859918 -0.264412 0.95354 0.144389 -0.529954 0.080962 -0.127242 0.988562 -0.877265 0 0 0 1 
1807261650170;0.652735;0.329329;0.953465 0.10386 0.283051 0.51173 -0.107939 0.994157 -0.00118963 0.122673 -0.28152 -0.0294181 0.959104 0.504655 0 0 0 1 
1807261650171;0.437786;0.179954;0.944258 0.210492 0.253122 0.678564 -0.262869 0.94496 0.194808 0.042761 -0.198184 -0.250487 0.947618 -0.589947 0 0 0 1 
1807261650172;0.513271;0.30412;0.980719 0.137413 -0.138952 0.125231 -0.135407 0.990503 0.023834 -0.620103 0.140908 -0.00455939 0.990012 0.0606329 0 0 0 1 
1807261650173;0.421662;0.0891243;0.924336 -0.132436 -0.357859 -0.466943 0.127766 0.991122 -0.0367778 0.149892 0.359552 -0.0117272 0.933051 -0.379936 0 0 0 1 
1807261650174;0.342158;0.114779;0.995443 0.0812285 -0.0499576 0.326746 -0.094185 0.919492 -0.38166 -0.168406 0.0149339 0.384626 0.922952 1.28741 0 0 0 1 
1807261650175;0.695425;0.331611;0.999049 -0.0427228 0.00866118 0.0751202 0.0425557 0.99892 0.0186427 0.667849 -0.0094483 -0.0182564 0.999789 -0.252262 0 0 0 1 
1807261650176;0.628882;0.100821;0.932004 0.362416 0.00478352 1.5221 -0.360198 0.927606 -0.0990144 -0.145476 -0.0403217 0.0905588 0.995075 -0.188982 0 0 0 1 
1807261650177;0.385778;0.0937127;0.998747 -0.0488808 -0.0107688 -0.231684 0.0489041 0.998802 0.00190569 -0.0132896 0.0106628 -0.00242994 0.99994 0.444626 0 0 0 1 
1807261650178;0.865032;0.272312;0.984072 -0.124592 0.126807 -0.518537 0.132021 0.989885 -0.0519426 -0.305292 -0.119053 0.0678565 0.990566 1.15414 0 0 0 1 
1807261650179;0.799283;0.0499867;0.906702 -0.218876 -0.360534 -1.20043 0.209887 0.9756 -0.0644351 -0.200285 0.365841 -0.0172479 0.930518 0.568999 0 0 0 1 
1807261650180;0.951142;0.118375;0.917841 0.37018 0.143298 1.61035 -0.321216 0.904736 -0.279773 0.111229 -0.233213 0.210758 0.949312 1.80561 0 0 0 1 
1807261650181;0.58947;0.0992876;0.98473 -0.172304 0.0248841 -0.887677 0.171503 0.984684 0.0313712 -0.764059 -0.0299083 -0.0266244 0.999198 0.0803316 0 0 0 1 
1807261650182;0.51362;0.243693;0.992535 0.0228692 -0.119795 -0.0264675 -0.0293435 0.998186 -0.0525621 0.257213 0.118375 0.0556849 0.991406 -0.158933 0 0 0 1 
1807261650183;0.518467;0.343744;0.975423 0.0378004 -0.217076 0.267445 -0.0616522 0.992646 -0.104178 0.137128 0.211542 0.115001 0.97058 0.435556 0 0 0 1 
1807261650184;0.540083;0.0625772;0.970913 -0.239006 0.0143089 -0.939659 0.238323 0.97043 0.0383154 -0.735585 -0.0230434 -0.0337908 0.999163 -0.423103 0 0 0 1 
1807261650186;0.453969;0.183704;0.997325 -0.0661463 -0.0310913 0.158287 0.0687233 0.993494 0.0908127 0.111794 0.0248821 -0.0927066 0.995383 0.0385502 0 0 0 1 
1807261650187;0.217396;0.103147;0.99687 0.0330129 -0.0718362 -0.115855 -0.030656 0.998963 0.0336681 0.0687408 0.0728731 -0.0313605 0.996848 -0.49604 0 0 0 1 
1807261650188;0.833964;0.172895;0.983106 0.0112047 0.182695 -0.0838001 -0.0526657 0.973231 0.223713 0.352941 -0.175298 -0.229555 0.957379 1.30914 0 0 0 1 
1807261650189;0.543168;0.185243;0.849715 0.409252 -0.332411 0.155113 -0.392472 0.911964 0.119531 0.664891 0.352065 0.0288942 0.93553 -1.15249 0 0 0 1 
1807261650190;0.468639;0.152441;0.919266 -0.261543 0.294186 -0.0519741 0.284819 0.957809 -0.0384652 -0.882031 -0.271714 0.119149 0.954974 1.08232 0 0 0 1 
1807261650191;0.203867;0.0714699;0.991156 0.0678301 0.114054 -0.162302 -0.0609942 0.996186 -0.062397 0.0257837 -0.117851 0.0548886 0.991513 0.476039 0 0 0 1 
1807261650192;0.50492;0.226127;0.985925 0.163595 0.0344889 0.438916 -0.156872 0.976526 -0.147608 0.230963 -0.0578273 0.14012 0.988444 0.0387767 0 0 0 1 
1807261650193;0.791638;0.165686;0.973528 -0.227195 -0.024997 -0.0494199 0.227365 0.973801 0.00417189 -0.584989 0.0233943 -0.00974491 0.999679 -1.00445 0 0 0 1 
1807261650194;0.736741;0.207085;0.97066 0.235702 -0.0475724 0.344261 -0.240412 0.955015 -0.17363 0.245362 0.00450749 0.179973 0.983661 -0.673275 0 0 0 1 
1807261650195;0.187863;0.143297;0.97397 0.00913731 -0.226493 0.0288922 0.0121112 0.995662 0.0922484 -0.133931 0.226353 -0.0925903 0.969635 -0.65746 0 0 0 1 
1807261650196;0.587609;0.18374;0.991419 0.126405 -0.0333077 -0.208146 -0.129959 0.980568 -0.146958 -0.126174 0.0140841 0.150026 0.988582 0.704941 0 0 0 1 
1807261650197;0.541762;0.0793432;0.953288 0.301998 -0.0062283 -0.291702 -0.301689 0.952934 0.030002 1.0244 0.0149957 -0.0267215 0.99953 -0.218445 0 0 0 1 
1807261650198;0.789459;0.226463;0.993767 0.0405858 -0.103826 0.459288 -0.0521096 0.992475 -0.110806 0.0441283 0.0985471 0.115525 0.988404 -0.948563 0 0 0 1 
1807261650199;0.344499;0.149204;0.989918 -0.0915658 -0.108062 0.0328337 0.0824264 0.992861 -0.0862161 -0.131272 0.115185 0.0764397 0.990399 -0.517901 0 0 0 1 
1807261650200;0.665434;0.177026;0.996167 0.0874675 0.00104882 0.197164 -0.0874528 0.995594 0.0338362 -0.565729 0.00191537 -0.0337982 0.999427 -0.0248268 0 0 0 1 
1807261650201;0.637949;0.070776;0.998177 0.058629 -0.0143152 -0.63946 -0.0586557 0.998277 -0.00144929 -0.248203 0.0142056 0.00228632 0.999896 -0.298841 0 0 0 1 
1807261650202;0.360138;0.0838147;0.995119 0.0984802 -0.0062705 -0.299898 -0.0986106 0.99479 -0.0258651 0.178869 0.00369062 0.0263572 0.999646 -0.368064 0 0 0 1 
1807261650203;0.394841;0.191836;0.899773 -0.139614 -0.413419 0.137193 0.189319 0.97852 0.0815857 -0.625908 0.393149 -0.151677 0.906878 -1.13949 0 0 0 1 
1807261650204;0.612524;0.134153;0.997729 -0.0656594 -0.0150084 -0.131993 0.0660948 0.997343 0.0306318 -0.348644 0.0129573 -0.0315543 0.999418 0.716147 0 0 0 1 
1807261650205;0.404722;0.239292;0.86789 0.25131 -0.428499 0.227921 -0.304057 0.950876 -0.0581653 0.788905 0.392832 0.180769 0.901668 -0.975596 0 0 0 1 
1807261650206;0.626556;0.148701;0.956388 -0.289803 -0.0365454 -0.565857 0.28457 0.952639 -0.107232 -1.05542 0.0658906 0.0921553 0.993562 0.445135 0 0 0 1 
1807261650207;0.542445;0.162263;0.999441 0.0204377 0.0264477 -0.174719 -0.0204243 0.999791 -0.000777157 -0.102243 -0.0264581 0.000236546 0.99965 0.748391 0 0 0 1 
1807261650208;0.417306;0.147873;0.948597 -0.0460325 -0.31312 -0.102531 0.00824929 0.992626 -0.120937 -0.0418041 0.316378 0.112138 0.941982 -1.10654 0 0 0 1 
1807261650209;0.115948;0.133539;0.997573 -0.0241296 -0.0653173 -0.171248 0.0206512 0.998359 -0.0534159 -0.0179661 0.066499 0.0519373 0.996434 -0.159534 0 0 0 1 
1807261650210;0.290494;0.223489;0.967228 0.252067 0.030522 -0.0362145 -0.239842 0.946476 -0.216007 0.740373 -0.0833365 0.201608 0.975915 0.340629 0 0 0 1 
1807261650211;0.634223;0.230797;0.974475 0.172228 -0.144001 0.676968 -0.193166 0.970104 -0.146918 0.533798 0.114393 0.170984 0.978611 -0.314989 0 0 0 1 
1807261650212;0.518398;0.0928444;0.92366 0.264773 -0.277034 0.0895968 -0.235875 0.962565 0.133533 0.748515 0.302019 -0.0579935 0.951536 -1.25688 0 0 0 1 
1807261650213;0.562773;0.228924;0.991397 -0.130759 0.00580449 0.183602 0.124787 0.957638 0.259533 -0.0742705 -0.0394949 -0.256576 0.965717 -0.140119 0 0 0 1 
1807261650214;0.522212;0.133279;0.915332 -0.399599 -0.0498801 -0.0558189 0.402319 0.902039 0.156411 -1.39215 -0.0175081 -0.163236 0.986432 0.0433243 0 0 0 1 
1807261650215;0.876402;0.169878;0.903303 -0.375495 -0.207477 0.554748 0.368516 0.926763 -0.0728437 -1.58836 0.219634 -0.0106586 0.975524 -0.804046 0 0 0 1 
1807261650217;0.532131;0.465399;0.983452 -0.0089591 0.180946 -0.199926 -0.0353032 0.970153 0.239909 -0.216762 -0.177695 -0.242327 0.953783 -0.831776 0 0 0 1 
1807261650218;0.499155;0.401338;0.995215 -0.0400563 -0.0891201 -0.364464 0.051192 0.990657 0.126403 -0.118979 0.0832243 -0.13036 0.987968 -0.246467 0 0 0 1 
1807261650219;0.721512;0.569163;0.996408 0.0743103 -0.0406162 -0.0894658 -0.0719513 0.995793 0.0567456 -0.832014 0.0446621 -0.0536194 0.997562 -0.60132 0 0 0 1 
1807261650220;0.121853;0.437217;0.984398 -0.149081 0.0934642 -0.616645 0.145801 0.988463 0.041021 -0.554655 -0.0985014 -0.0267537 0.994777 -0.0427733 0 0 0 1 
1807261650221;0.995809;0.397353;0.995118 -0.0985306 0.005642 -0.620082 0.0985165 0.995132 0.00272579 -0.42239 -0.00588311 -0.00215665 0.99998 -0.843829 0 0 0 1 
1807261650222;1.09618;1.06091;0.998702 -0.0503021 0.00800389 -0.546881 0.0499048 0.997791 0.0438443 -0.894475 -0.0101917 -0.043388 0.999006 -0.980271 0 0 0 1 
1807261650223;0.826304;0.951506;0.967031 -0.254479 0.0095777 -1.07139 0.253992 0.966536 0.0360087 -1.40363 -0.0184206 -0.0323889 0.999306 -0.3484 0 0 0 1 
1807261650224;0.375842;0.356596;0.974219 -0.191461 -0.119331 -0.700833 0.216007 0.944239 0.248502 -0.899986 0.0650984 -0.267872 0.961253 -1.0456 0 0 0 1 
1807261650225;0.55112;1.07782;0.997361 0.0606587 -0.039886 -0.546162 -0.0650366 0.990687 -0.119624 -0.860429 0.0322583 0.121902 0.992018 0.545218 0 0 0 1 
1807261650226;0.761509;0.811817;0.988148 -0.152942 -0.0130996 -0.753642 0.152636 0.988041 -0.0218402 -0.387499 0.0162833 0.0195819 0.999676 0.470705 0 0 0 1 
1807261650227;0.75985;0.603874;0.999518 -0.0111998 -0.0289598 -0.203551 0.013029 0.99788 0.0637671 0.0944098 0.0281842 -0.0641137 0.997545 -0.385368 0 0 0 1 
1807261650228;0.464961;0.897566;0.988767 -0.140256 -0.0516446 -0.711374 0.144328 0.985779 0.0860774 -0.696702 0.0388373 -0.0925643 0.994949 -0.495727 0 0 0 1 
1807261650229;0.961907;0.415343;0.976422 0.0326067 0.213395 -0.0234686 -0.0848273 0.966963 0.240389 0.10335 -0.198507 -0.252822 0.94693 0.170592 0 0 0 1 
1807261650230;1.24871;0.482385;0.959183 -0.0812426 -0.270864 -0.183312 0.108324 0.990341 0.0865535 -0.619387 0.261216 -0.112362 0.958719 -1.6616 0 0 0 1 
1807261650231;0.35278;0.46903;0.978973 -0.0675067 -0.192497 -0.392567 0.0363914 0.986313 -0.160816 -0.410848 0.200719 0.150429 0.968031 0.109513 0 0 0 1 
1807261650232;0.725754;0.801702;0.967782 -0.0941549 -0.233525 -0.424348 0.128984 0.981907 0.138645 -0.643535 0.216245 -0.164299 0.962416 -0.744535 0 0 0 1 
1807261650233;0.807473;0.736607;0.995902 0.00847263 0.090045 -0.140209 -0.0178074 0.994483 0.103377 0.105165 -0.0886723 -0.104557 0.990558 -0.291924 0 0 0 1 
1807261650234;0.330571;0.418521;0.97864 -0.203819 -0.0268469 -0.797675 0.202575 0.978325 -0.042944 -0.677937 0.0350178 0.0365882 0.998717 0.333754 0 0 0 1 
1807261650235;0.476097;0.455471;0.996915 0.0272409 -0.0736048 -0.115569 -0.0123414 0.980575 0.195754 -0.52599 0.0775076 -0.194242 0.977887 -0.247198 0 0 0 1 
1807261650236;0.451212;0.617863;0.91736 -0.0673017 -0.392327 -0.257405 0.0293514 0.994357 -0.101946 -0.338279 0.396974 0.0820058 0.914159 -0.0322953 0 0 0 1 
1807261650237;0.797582;0.382712;0.949098 -0.0190219 0.314406 -0.468263 -0.0404876 0.982527 0.181664 -0.450595 -0.312368 -0.185147 0.931744 -0.71245 0 0 0 1 
1807261650238;1.08583;1.71139;0.996589 -0.0494866 -0.0660379 -1.05084 0.0491624 0.998769 -0.00652675 -1.20528 0.0662796 0.00325791 0.997796 0.819206 0 0 0 1 
1807261650239;1.02135;0.803216;0.954822 0.221093 0.198577 0.202326 -0.181156 0.96273 -0.200833 -0.163346 -0.235578 0.155786 0.959288 0.100135 0 0 0 1 
1807261650240;0.859825;0.4488;0.996823 -0.0786076 0.0128062 -0.622083 0.0785167 0.996885 0.00745434 -0.259791 -0.0133523 -0.00642516 0.99989 0.708349 0 0 0 1 
1807261650241;0.991567;1.08062;0.996622 -0.0288621 0.0768824 -0.314737 0.00452706 0.95409 0.299487 -0.47995 -0.0819965 -0.298127 0.950998 -0.616842 0 0 0 1 
1807261650242;0.558163;0.637778;0.982158 0.00199849 -0.188048 -0.011378 0.0166225 0.995107 0.0973934 -0.260653 0.187323 -0.0987815 0.977319 -0.79208 0 0 0 1 
1807261650243;0.371812;0.454329;0.988774 0.105216 0.106091 0.116139 -0.14092 0.892705 0.428041 -0.440526 -0.0496713 -0.438186 0.897511 -1.12622 0 0 0 1 
1807261650244;0.711238;0.407774;0.983135 -0.182385 -0.0134733 -0.788586 0.178329 0.97239 -0.150518 -0.821686 0.0405534 0.145577 0.988515 -0.1902 0 0 0 1 
1807261650245;0.732714;0.433981;0.990079 -0.0628152 -0.125691 -0.401912 0.0348935 0.976406 -0.213107 0.034212 0.136112 0.206607 0.96891 0.0936779 0 0 0 1 
1807261650246;1.2033;0.889892;0.977444 0.146547 0.152077 0.0997858 -0.155869 0.986448 0.0512399 -0.307993 -0.142507 -0.0737882 0.98704 0.946379 0 0 0 1 
1807261650248;0.419559;0.988399;0.999033 -0.0372967 0.023294 -1.17976 0.0378095 0.999043 -0.0219757 -0.566343 -0.0224521 0.0228352 0.999487 0.101243 0 0 0 1 
1807261650249;0.496114;0.965829;0.991846 0.122304 -0.0358172 -0.848926 -0.1257 0.985157 -0.116895 -0.581002 0.0209888 0.120444 0.992498 0.700804 0 0 0 1 
1807261650250;0.34812;1.00173;0.996091 0.0621735 -0.062742 -0.724541 -0.0702792 0.988134 -0.136572 -0.248093 0.0535063 0.140448 0.988641 0.779441 0 0 0 1 
1807261650251;0.451728;0.939165;0.939202 0.333452 -0.0819088 0.106935 -0.340353 0.935614 -0.0937342 -0.252741 0.0453791 0.115913 0.992222 0.666406 0 0 0 1 
1807261650252;0.33029;0.911646;0.902745 -0.250672 -0.349592 -2.04298 0.168607 0.953833 -0.248546 -0.293857 0.395756 0.16543 0.903333 0.850659 0 0 0 1 
1807261650253;0.249687;0.948448;0.99722 -0.0622729 0.040915 -1.4752 0.0631156 0.997813 -0.0196371 -0.0960437 -0.0396026 0.0221649 0.99897 -0.225714 0 0 0 1 
1807261650254;0.24129;0.908406;0.989819 0.126631 0.0649901 -0.754579 -0.112747 0.976248 -0.18501 -0.103205 -0.0868744 0.175799 0.980585 0.79313 0 0 0 1 
1807261650255;0.565737;0.87826;0.955227 0.126931 0.267263 -0.685483 -0.0138613 0.921509 -0.388109 -0.596562 -0.295549 0.367027 0.88201 2.04651 0 0 0 1 
1807261650256;0.73595;0.807542;0.878687 0.236591 0.414649 -0.225447 -0.291785 0.9536 0.0742175 0.0294988 -0.37785 -0.186202 0.90695 -1.43255 0 0 0 1 
1807261650257;0.0754684;0.954831;0.999889 0.010642 0.0104551 -1.15039 -0.0107016 0.999927 0.00566046 -0.0775374 -0.0103941 -0.00577171 0.999929 -0.0542173 0 0 0 1 
1807261650258;0.796962;0.980005;0.997115 0.0758492 -0.00286411 -0.503248 -0.0755391 0.995317 0.0603161 0.703742 0.00742562 -0.0599257 0.998175 -0.0644956 0 0 0 1 
1807261650259;0.200045;0.89071;0.999327 -0.0281182 0.0235757 -1.16255 0.0277981 0.999518 0.0137966 0.110942 -0.0239523 -0.0131319 0.999627 0.0141697 0 0 0 1 
1807261650260;0.602384;0.956128;0.974895 -0.139384 -0.173641 -1.8172 0.183164 0.945437 0.269445 -0.25481 0.12661 -0.294485 0.947232 -0.541465 0 0 0 1 
1807261650261;0.61809;0.966316;0.939496 -0.128286 -0.317631 -1.5809 0.135321 0.990802 8.67731e-05 -0.162742 0.314698 -0.0430636 0.948214 0.46512 0 0 0 1 
