#;prob_registration_l1 -r /home/probabilistic_point_clouds_registration/build/tester /home/point_clouds_registration_benchmark//devel/registration_pairs/pioneer_slam3_local.txt /home/point_clouds_registration_benchmark//tum/pioneer_slam3 -s 0.1 -t 0.1 -p 0.3 -r 1000 -m 10 -i 40 
id;initial_error;final_error;transformation
39885980090000;0.518509;0.160361;0.994101 0.0325469 -0.103457 0.0176743 -0.0195863 0.9921 0.123907 0.00722442 0.106672 -0.12115 0.986886 -0.443916 0 0 0 1 
39885980090001;1.1366;0.66278;0.998111 -0.0236696 -0.05669 0.238671 0.02557 0.999127 0.0330352 -0.430765 0.0558586 -0.0344224 0.997845 0.26589 0 0 0 1 
39885980090002;0.639436;0.543011;0.999589 0.0244427 0.0150109 0.0227612 -0.0209156 0.979222 -0.201707 0.10391 -0.0196292 0.20131 0.979331 -0.113589 0 0 0 1 
39885980090003;0.346141;0.14849;0.95487 -0.0448237 -0.293623 0.104 -0.0449428 0.955362 -0.291998 0.125641 0.293605 0.292017 0.910232 -0.839333 0 0 0 1 
39885980090004;1.0895;0.673017;0.968788 -0.0904028 -0.230817 0.114825 0.0368713 0.973323 -0.226459 0.199443 0.245132 0.21088 0.946277 -1.11904 0 0 0 1 
39885980090005;0.90722;0.613453;0.999134 0.0364887 -0.0200147 0.0462471 -0.0377912 0.996893 -0.0691041 0.232303 0.017431 0.0698006 0.997409 -0.445823 0 0 0 1 
39885980090006;0.367469;0.0891736;0.978946 -0.0150182 -0.203567 0.0327422 -0.0306131 0.975208 -0.219163 0.116738 0.201812 0.220781 0.954216 -0.970544 0 0 0 1 
39885980090007;0.500039;0.261728;0.997822 -0.0638583 0.0165086 0.0413752 0.0657303 0.941965 -0.329215 -0.19966 0.00547258 0.329583 0.944111 -0.344522 0 0 0 1 
39885980090008;1.30544;0.716765;0.984922 0.0141074 -0.172425 0.141427 -0.02624 0.99732 -0.0682887 0.320478 0.170999 0.0717834 0.982653 -1.08269 0 0 0 1 
39885980090009;1.07285;0.983851;0.999344 0.015874 -0.0325463 -0.103951 -0.0160414 0.999859 -0.00488858 0.0551188 0.0324642 0.00540747 0.999458 -0.0480041 0 0 0 1 
39885980090010;0.993349;0.796014;0.999377 0.0340945 -0.00915753 -0.00949728 -0.0346192 0.99728 -0.0650626 0.107712 0.00691435 0.0653391 0.997839 0.296212 0 0 0 1 
39885980090011;1.19076;0.758757;0.997643 -0.0159079 0.0667444 -0.131911 0.0324029 0.966678 -0.253935 0.155253 -0.0604808 0.255499 0.964916 -0.611569 0 0 0 1 
39885980090012;1.08018;0.35879;0.981649 0.161465 -0.101462 0.105325 -0.173168 0.977594 -0.119681 0.186771 0.0798641 0.135054 0.987614 -0.984334 0 0 0 1 
39885980090013;0.734434;0.281967;0.99929 0.00804364 -0.0368082 -0.0508985 -0.0164204 0.97226 -0.233326 -0.00473955 0.0339103 0.233764 0.971702 0.110074 0 0 0 1 
39885980090014;1.32795;0.884664;0.928155 0.0578857 -0.367664 0.267396 0.0166076 0.980407 0.196283 0.0128989 0.371822 -0.188287 0.909008 -1.1355 0 0 0 1 
39885980090015;0.724355;0.0414028;0.999778 0.00126411 0.0210099 0.00321691 -0.00129542 0.999998 0.00147681 0.0362192 -0.021008 -0.0015037 0.999778 -0.500361 0 0 0 1 
39885980090016;0.348273;0.0167879;0.980862 0.0121408 -0.194324 0.0694394 0.0302682 0.976412 0.213784 -0.0469221 0.192336 -0.215574 0.957358 -0.374551 0 0 0 1 
39885980090017;0.847163;0.410027;0.996158 -0.0697389 -0.0529752 0.25824 0.0572786 0.97639 -0.208283 0.0893838 0.0662499 0.204449 0.976633 -0.836899 0 0 0 1 
39885980090018;0.98085;0.529302;0.987517 0.0078702 -0.157313 -0.11321 -0.034101 0.985746 -0.16475 0.164766 0.153774 0.168058 0.973709 -0.0288908 0 0 0 1 
39885980090019;1.01873;0.125416;0.986145 0.15923 0.0465247 -0.515161 -0.161148 0.986083 0.0408806 0.194493 -0.0393679 -0.0478116 0.99808 0.770551 0 0 0 1 
39885980090020;0.349842;0.252967;0.976476 0.116633 0.181359 -0.202475 -0.0863066 0.98218 -0.166951 0.201463 -0.1976 0.147371 0.969142 0.35625 0 0 0 1 
39885980090021;0.142777;0.0437417;0.977415 -0.00880817 -0.211147 0.0509636 -0.0109329 0.995686 -0.0921447 0.0295351 0.211048 0.092372 0.973101 -0.552204 0 0 0 1 
39885980090022;0.343863;0.139377;0.990616 0.0473057 0.128225 -0.0198375 -0.0415514 0.998021 -0.0471879 0.122615 -0.130204 0.0414171 0.990622 0.441156 0 0 0 1 
39885980090023;0.973502;0.90125;0.951602 0.0418976 -0.304463 0.098253 0.0200597 0.980084 0.197568 -0.0274147 0.306677 -0.194113 0.93181 -0.543163 0 0 0 1 
39885980090024;1.13358;0.102601;0.99889 0.0378956 0.0279676 -0.0814729 -0.036455 0.998067 -0.0503342 -0.0160795 -0.029821 0.0492588 0.998341 -0.852651 0 0 0 1 
39885980090025;0.64818;0.410703;0.999012 -0.0379077 -0.023215 0.00214107 0.0362786 0.997095 -0.0669747 -0.184715 0.0256864 0.0660663 0.997485 0.0995368 0 0 0 1 
39885980090026;1.25567;0.256728;0.990719 -0.0760531 0.112658 0.132411 0.0586038 0.986823 0.150819 -0.151404 -0.122644 -0.142817 0.982121 1.40972 0 0 0 1 
39885980090027;0.709211;0.262533;0.998445 0.0418043 0.03689 -0.0501909 -0.0415254 0.999103 -0.00829482 0.257125 -0.0372037 0.00675004 0.999285 0.502257 0 0 0 1 
39885980090028;1.02062;0.5766;0.999268 0.0367804 0.0105376 0.00682851 -0.0368026 0.999321 0.00192141 0.208943 -0.0104598 -0.00230782 0.999943 0.578903 0 0 0 1 
39885980090029;0.737875;0.215025;0.975118 0.205685 -0.0826925 -0.139282 -0.186759 0.96317 0.193455 0.375986 0.119438 -0.173198 0.977618 0.41269 0 0 0 1 
39885980090031;0.500388;0.388705;0.959721 0.0383582 -0.278325 0.569496 -0.0225987 0.997966 0.059613 0.523856 0.280045 -0.0509221 0.958635 -1.45078 0 0 0 1 
39885980090032;0.490152;0.764001;0.929069 -0.354796 -0.104644 0.374608 0.351718 0.934917 -0.0471541 -0.577642 0.114563 0.00700425 0.993391 -0.321067 0 0 0 1 
39885980090033;0.259006;0.449059;0.93031 -0.272615 -0.245367 0.272513 0.268872 0.961913 -0.0493056 -0.299925 0.249463 -0.0201029 0.968176 -0.781351 0 0 0 1 
39885980090034;0.13399;0.447945;0.983018 -0.174228 -0.0576247 0.190806 0.166362 0.978625 -0.120902 -0.149282 0.0774575 0.109263 0.99099 -0.15408 0 0 0 1 
39885980090035;0.310003;0.439229;0.992631 -0.116093 -0.0347243 0.234879 0.100506 0.948863 -0.299261 0.168824 0.0676908 0.293566 0.953539 0.341609 0 0 0 1 
39885980090036;0.791909;0.381846;0.895504 0.0139236 -0.444836 1.69122 0.0504516 0.989892 0.132549 -0.0476994 0.442185 -0.141141 0.885749 -1.89228 0 0 0 1 
39885980090037;0.326129;0.400433;0.999648 -0.0264553 -0.00209004 -0.00685774 0.0261332 0.995051 -0.0958626 0.178784 0.00461578 0.0957742 0.995392 0.345432 0 0 0 1 
39885980090038;0.582863;0.630375;0.999703 -0.00897886 -0.022667 0.050911 0.00675219 0.995313 -0.0964659 0.0476008 0.0234269 0.0962842 0.995078 -0.0715674 0 0 0 1 
39885980090039;0.172583;0.417561;0.996624 -0.0712307 -0.0408367 0.142827 0.0670085 0.993046 -0.0968012 0.211161 0.0474479 0.0937379 0.994466 0.144891 0 0 0 1 
39885980090040;0.259945;0.457968;0.997796 -0.0386344 0.0539433 0.466064 0.031199 0.990699 0.13245 0.52248 -0.0585587 -0.130475 0.989721 -0.0797018 0 0 0 1 
39885980090041;0.477445;0.627752;0.9759 -0.204485 0.0761853 0.247976 0.207089 0.977924 -0.0279182 -0.553132 -0.0687945 0.0430225 0.996703 -0.0136515 0 0 0 1 
39885980090042;0.418217;0.459511;0.992381 -0.118704 0.0330135 0.0568281 0.119404 0.992642 -0.0201116 0.313523 -0.0303832 0.0239003 0.999253 0.389286 0 0 0 1 
39885980090043;0.341309;0.579919;0.982754 -0.145915 -0.113595 0.435456 0.16457 0.970277 0.177421 -0.230508 0.0843304 -0.193056 0.977557 -0.610259 0 0 0 1 
39885980090044;0.352045;0.412532;0.938598 -0.186987 0.289947 0.11343 0.14231 0.975399 0.16836 -0.164451 -0.314295 -0.11676 0.942118 0.440466 0 0 0 1 
39885980090045;0.207777;0.370638;0.969233 -0.184128 0.163354 0.0273301 0.19148 0.981028 -0.0303269 -0.246373 -0.15467 0.0606727 0.986101 0.5386 0 0 0 1 
39885980090046;0.379302;0.443395;0.941987 -0.0493087 0.332008 0.288422 0.12659 0.968295 -0.21536 0.019285 -0.310863 0.244895 0.918363 1.05331 0 0 0 1 
39885980090047;0.227046;0.366295;0.975378 0.0398137 0.216914 0.500085 -0.0443356 0.998888 0.0160182 0.386196 -0.216035 -0.0252408 0.976059 0.272718 0 0 0 1 
39885980090048;0.266999;0.366379;0.992865 -0.00380629 0.119186 0.52032 0.0327869 0.969682 -0.242159 0.224381 -0.114651 0.244339 0.962888 1.0031 0 0 0 1 
39885980090049;0.523967;0.341603;0.956965 -0.0316468 0.288472 0.644803 -0.0244972 0.981679 0.188961 0.281239 -0.289167 -0.187896 0.938657 1.06296 0 0 0 1 
39885980090050;0.207409;0.638565;0.998339 -0.0505008 -0.0277417 0.60841 0.0483182 0.996058 -0.0743934 0.11199 0.0313893 0.0729294 0.996843 0.0736765 0 0 0 1 
39885980090051;0.499446;0.4225;0.994377 0.0193855 0.10411 0.821871 0.00244294 0.978642 -0.205559 0.60556 -0.105871 0.204657 0.973091 0.0817026 0 0 0 1 
39885980090052;0.316512;0.392917;0.993006 -0.0143327 0.117193 0.149486 0.0382565 0.978112 -0.204534 0.4395 -0.111696 0.207587 0.971819 0.377221 0 0 0 1 
39885980090053;0.450592;0.421718;0.989656 -0.142221 0.0188213 0.16632 0.143435 0.983417 -0.110983 0.145581 -0.00272522 0.112534 0.993644 -0.419727 0 0 0 1 
39885980090054;0.48513;0.597074;0.967264 -0.246552 -0.0601027 0.235525 0.253076 0.919627 0.300398 -0.42479 -0.0187919 -0.305775 0.951918 -0.612313 0 0 0 1 
39885980090055;0.127893;0.442324;0.986199 -0.158559 -0.0476461 0.335682 0.151252 0.979881 -0.130213 -0.0454484 0.067334 0.121209 0.990341 0.113325 0 0 0 1 
39885980090056;0.526201;0.576695;0.948161 -0.317594 -0.0111561 0.33981 0.317489 0.945153 0.076728 -0.318905 -0.0138241 -0.0762924 0.99699 0.496289 0 0 0 1 
39885980090057;0.593626;0.378861;0.959303 -0.0631752 -0.275221 0.976081 0.139199 0.9538 0.266249 -0.118341 0.245685 -0.293724 0.923778 -0.749354 0 0 0 1 
39885980090058;0.12749;0.399462;0.983156 -0.00456907 -0.182712 0.439341 -0.0160501 0.993667 -0.111212 0.431181 0.182063 0.112272 0.976856 -0.261191 0 0 0 1 
39885980090059;0.597495;0.407642;0.927916 -0.137705 -0.346424 0.192944 0.0399531 0.960657 -0.274849 0.0443099 0.370643 0.241196 0.89691 0.226398 0 0 0 1 
39885980090060;0.466612;0.453903;0.966365 -0.256778 -0.0142616 0.145882 0.242621 0.928669 -0.28055 -0.204752 0.0852832 0.267653 0.959734 0.737477 0 0 0 1 
39885980090062;0.722072;0.625843;0.987985 0.0136531 -0.153946 -0.0375471 -0.00841725 0.999365 0.0346114 0.0728571 0.154321 -0.0328998 0.987473 -0.303245 0 0 0 1 
39885980090063;0.21414;0.0521188;0.998252 0.0362228 0.0467023 -0.0389604 -0.0147703 0.918002 -0.396301 0.167061 -0.057228 0.394918 0.916932 -0.342336 0 0 0 1 
39885980090064;0.937509;0.571253;0.999637 -0.00644603 0.0261423 -0.100219 0.0113356 0.981436 -0.191456 -0.0590806 -0.0244229 0.191683 0.981153 -0.710111 0 0 0 1 
39885980090065;0.614008;0.373572;0.943241 0.108825 0.313772 -0.212342 -0.015064 0.957836 -0.286922 0.192798 -0.331766 0.26591 0.90511 0.451364 0 0 0 1 
39885980090066;0.857809;0.187117;0.997844 -0.0414373 0.0508915 0.104221 0.0459255 0.994842 -0.0904455 -0.516875 -0.0468811 0.0925878 0.9946 0.616014 0 0 0 1 
39885980090067;0.711929;0.644893;0.993558 0.0110328 -0.112786 0.0451983 -0.0260737 0.990804 -0.132768 0.0967622 0.110284 0.134853 0.984709 -0.575269 0 0 0 1 
39885980090068;0.589386;0.143028;0.999992 -0.00308386 0.00250167 0.0224256 0.00306854 0.999977 0.00610357 0.00945252 -0.00252044 -0.00609585 0.999978 0.495697 0 0 0 1 
39885980090069;0.410197;0.167315;0.998953 -0.00377825 -0.0455935 0.0850599 0.00468201 0.999794 0.0197316 -0.0271195 0.0455096 -0.0199244 0.998765 -0.354421 0 0 0 1 
39885980090070;0.483885;0.143108;0.937906 0.0446987 0.343997 -0.0601313 -0.0581055 0.997896 0.0287587 0.102697 -0.341988 -0.0469611 0.93853 1.12079 0 0 0 1 
39885980090071;0.64931;0.572372;0.975651 -0.0433461 -0.215003 0.0830547 -0.0315971 0.942273 -0.333351 0.180295 0.217041 0.332028 0.91796 -0.842143 0 0 0 1 
39885980090072;0.398606;0.361784;0.999124 -0.0163754 0.0385078 -0.00127151 0.00761762 0.976049 0.217417 -0.0190748 -0.0411458 -0.216933 0.975319 0.389724 0 0 0 1 
39885980090073;0.928997;0.678973;0.955909 0.0777998 -0.28317 0.0477899 -0.0716104 0.996914 0.0321599 0.354202 0.284798 -0.010464 0.95853 -0.436553 0 0 0 1 
39885980090074;0.42064;0.299013;0.912761 0.0288646 0.407473 0.0801339 0.00632972 0.996381 -0.0847606 0.00998261 -0.408445 0.0799454 0.909275 1.05417 0 0 0 1 
39885980090075;0.428471;0.252717;0.944987 0.0645602 0.320675 -0.0647399 -0.121391 0.97954 0.160517 0.327428 -0.303751 -0.190613 0.933489 1.18623 0 0 0 1 
39885980090076;0.878954;0.674249;0.993276 -0.00498628 0.115663 0.0645475 0.00554629 0.999974 -0.00452043 -0.043762 -0.115637 0.00513153 0.993278 0.711557 0 0 0 1 
39885980090077;0.395145;0.33541;0.987746 0.154037 -0.0251094 -0.228041 -0.155891 0.966071 -0.205926 0.305128 -0.00746268 0.207317 0.978245 -0.224442 0 0 0 1 
39885980090078;1.1758;0.135128;0.999701 -0.00761367 0.0232246 -0.0952611 0.0087982 0.998643 -0.0513348 -0.041844 -0.0228022 0.0515238 0.998411 -0.973993 0 0 0 1 
39885980090079;1.02505;0.777146;0.964117 -0.0199372 -0.264727 -0.0450094 -0.0503742 0.965321 -0.25616 0.11569 0.260654 0.260304 0.929678 -0.500579 0 0 0 1 
39885980090080;0.475546;0.0992314;0.999971 -0.00678135 -0.00335477 0.0400003 0.00671329 0.999779 -0.019898 -0.0191117 0.00348896 0.0198749 0.999796 -0.411467 0 0 0 1 
39885980090081;0.321616;0.118214;0.945577 0.0114457 0.325198 0.101427 -0.00334285 0.99967 -0.0254644 0.0255297 -0.325382 0.0229915 0.945303 0.952485 0 0 0 1 
39885980090082;1.0641;0.3554;0.972244 0.0401898 0.230492 -0.360573 -0.0480122 0.998442 0.0284277 0.0789025 -0.228991 -0.0387051 0.972659 -0.0207964 0 0 0 1 
39885980090083;0.893927;0.228516;0.947176 0.0207656 0.320041 -0.196388 -0.127192 0.940392 0.315414 0.108417 -0.294414 -0.339459 0.893358 0.759688 0 0 0 1 
39885980090084;0.543877;0.36506;0.993263 0.0589073 -0.0997917 0.0917472 -0.0736694 0.985726 -0.151382 -0.244313 0.0894498 0.157713 0.983425 -0.337852 0 0 0 1 
39885980090085;0.738131;0.661478;0.879061 0.0693377 0.47164 0.0674409 -0.0904994 0.995647 0.0223021 0.0854109 -0.468041 -0.0622881 0.881509 0.994363 0 0 0 1 
39885980090086;0.60161;0.0754085;0.999307 0.0363544 0.0079368 -0.0429806 -0.0366724 0.998337 0.0444848 0.0686778 -0.00630638 -0.044745 0.998979 0.586629 0 0 0 1 
39885980090087;0.217577;0.136399;0.999553 0.00384715 -0.0296506 -0.0271241 -0.00318255 0.999743 0.0224289 -0.0755711 0.0297293 -0.0223245 0.999309 -0.121623 0 0 0 1 
39885980090088;0.201974;0.11389;0.998849 -0.0219325 0.0426609 0.0122001 0.0309877 0.973903 -0.224841 -0.031244 -0.0366162 0.225904 0.973461 -0.246629 0 0 0 1 
39885980090089;0.645809;0.282146;0.914496 0.035646 -0.403021 0.263253 0.00301086 0.995484 0.0948796 -0.149682 0.404583 -0.0879805 0.910259 -1.31525 0 0 0 1 
39885980090090;0.450371;0.37387;0.961906 0.0704273 0.264153 -0.119835 -0.0835866 0.995741 0.0388984 0.0709286 -0.260288 -0.0594962 0.963696 0.92039 0 0 0 1 
39885980090091;0.498519;0.206416;0.996782 0.0187593 -0.0779342 0.0350431 -0.0106971 0.994664 0.102607 -0.128951 0.0794432 -0.101443 0.991664 0.307569 0 0 0 1 
39885980090093;0.227552;0.153169;0.980569 -0.00695019 0.19605 -0.0798715 -0.00190881 0.998987 0.0449623 0.135152 -0.196164 -0.0444629 0.979563 0.444934 0 0 0 1 
39885980090094;0.336698;0.344859;0.982835 -0.129112 0.131781 0.474384 0.133622 0.990693 -0.0259441 0.111154 -0.127204 0.0431076 0.990939 -0.131217 0 0 0 1 
39885980090095;0.148785;0.127757;0.98783 -0.00959815 -0.15524 -0.00530491 0.00117036 0.998525 -0.0542894 0.116721 0.155532 0.0534471 0.986384 -0.154968 0 0 0 1 
39885980090096;0.662123;0.445037;0.973223 0.120899 -0.195499 -0.241935 -0.0628218 0.958025 0.279718 0.191896 0.221111 -0.259946 0.939967 0.161126 0 0 0 1 
39885980090097;0.657715;0.448092;0.966649 0.0570923 0.249661 -0.357536 -0.0754662 0.995051 0.064646 -0.338307 -0.244734 -0.081331 0.966173 0.316523 0 0 0 1 
39885980090098;0.630821;0.256501;0.99968 0.0246778 -0.00555441 -0.297796 -0.0251735 0.949086 -0.314009 -0.0185337 -0.00247743 0.314049 0.949404 -0.293204 0 0 0 1 
39885980090099;0.628543;0.344975;0.944817 -0.166587 0.28208 0.572137 0.173341 0.984861 0.00102612 0.704567 -0.27798 0.0479264 0.95939 0.53198 0 0 0 1 
39885980090100;0.425699;0.311132;0.953351 0.256527 0.159108 -1.23851 -0.228587 0.957754 -0.174514 0.738769 -0.197154 0.130003 0.971715 -0.548052 0 0 0 1 
39885980090101;0.696606;0.47976;0.999581 -0.00446514 -0.0285937 -0.0255854 0.0100647 0.979987 0.198808 -0.097804 0.0271337 -0.199013 0.979621 1.10078 0 0 0 1 
39885980090102;0.122477;0.0728932;0.99967 0.0256165 0.00186708 -0.191228 -0.0256362 0.999606 0.0114456 0.121438 -0.00157315 -0.0114897 0.999933 0.0995041 0 0 0 1 
39885980090103;0.717527;0.122396;0.905842 0.373748 0.199404 -2.10446 -0.357591 0.927008 -0.113067 0.397775 -0.227108 0.0311161 0.973372 0.24997 0 0 0 1 
39885980090104;0.685443;0.535501;0.975589 0.219073 0.0152607 -1.0749 -0.219521 0.974772 0.0403689 -0.341879 -0.0060319 -0.0427335 0.999068 -0.0514441 0 0 0 1 
39885980090105;0.47354;0.393285;0.980358 0.195627 0.0250523 -0.99012 -0.196114 0.980402 0.0187197 -0.109556 -0.0208993 -0.0232652 0.999511 0.13309 0 0 0 1 
39885980090106;0.459683;0.189605;0.95525 0.157641 -0.250294 -0.562948 -0.130973 0.984102 0.119954 0.285324 0.265224 -0.0818046 0.96071 -0.434707 0 0 0 1 
39885980090107;0.891834;0.689763;0.963569 -0.255631 0.078654 0.756454 0.255569 0.966728 0.0110268 -0.179694 -0.0788558 0.00947645 0.996841 0.0690123 0 0 0 1 
39885980090108;0.424446;0.237822;0.895798 -0.17618 0.408052 0.47589 0.137214 0.982859 0.123132 0.191645 -0.42275 -0.0543111 0.904617 0.456796 0 0 0 1 
39885980090109;0.495711;0.22018;0.957084 0.289801 -0.00212799 -1.35469 -0.289406 0.956116 0.0456821 0.792838 0.0152733 -0.0431058 0.998954 0.363826 0 0 0 1 
39885980090110;0.968235;0.573216;0.883479 0.39992 0.243984 -1.79567 -0.444328 0.880369 0.165901 1.12877 -0.148449 -0.254979 0.955484 1.9803 0 0 0 1 
39885980090111;0.425117;0.112738;0.998652 0.0469535 0.0221242 -0.308955 -0.0475581 0.998486 0.0276436 0.237034 -0.0207928 -0.0286585 0.999373 0.658662 0 0 0 1 
39885980090112;0.465914;0.464759;0.907977 0.415784 -0.0519767 -1.95843 -0.41425 0.872043 -0.260647 0.991455 -0.0630471 0.258193 0.964034 -0.907524 0 0 0 1 
39885980090113;0.34947;0.113437;0.994261 0.102378 0.0310438 -0.558707 -0.106725 0.929154 0.353954 0.514518 0.00739254 -0.355235 0.934748 1.50374 0 0 0 1 
39885980090114;0.0961654;0.0818099;0.996795 0.0628509 -0.0494896 -0.324257 -0.0624317 0.997999 0.00997252 0.13405 0.0500174 -0.00685084 0.998725 -0.116438 0 0 0 1 
39885980090115;0.726185;0.393497;0.98488 -0.0885003 -0.148927 0.052332 0.083411 0.995708 -0.040091 0.365327 0.151836 0.0270627 0.988035 0.728887 0 0 0 1 
39885980090116;0.788969;0.559554;0.960108 -0.278121 -0.0289925 0.934063 0.274873 0.957736 -0.0847785 0.555802 0.0513458 0.0734273 0.995978 0.502483 0 0 0 1 
39885980090117;0.478045;0.196361;0.995476 0.0463568 0.082937 -0.291481 -0.0480005 0.998686 0.0179346 0.201351 -0.0819966 -0.0218345 0.996393 0.737594 0 0 0 1 
39885980090118;0.326438;0.313668;0.993238 -0.114277 0.0204491 0.331086 0.113978 0.993367 0.0152196 0.210457 -0.0220527 -0.012786 0.999675 0.262073 0 0 0 1 
39885980090119;0.735474;0.326304;0.980158 -0.119526 0.158127 0.393063 0.12636 0.991406 -0.0338564 0.0162317 -0.152722 0.0531656 0.986838 0.757499 0 0 0 1 
39885980090120;0.723848;0.119395;0.992748 -0.00576449 0.120076 -0.181434 0.0168459 0.995665 -0.0914767 0.647113 -0.119029 0.0928361 0.988541 0.521837 0 0 0 1 
39885980090121;0.394688;0.319037;0.998237 0.0568303 -0.0171086 -0.320463 -0.0586202 0.989172 -0.134545 -0.0820002 0.00927714 0.13531 0.99076 -0.190909 0 0 0 1 
39885980090122;0.722168;0.304931;0.982134 0.182732 0.044963 -0.909419 -0.18183 0.983051 -0.0234341 0.352842 -0.0484831 0.0148398 0.998714 0.91174 0 0 0 1 
39885980090124;0.340489;0.00884612;0.994967 0.100081 0.00486131 0.296282 -0.100061 0.994973 -0.00415048 -0.651473 -0.00525226 0.00364316 0.99998 -0.358352 0 0 0 1 
39885980090125;0.370091;0.0176869;0.912647 0.0199586 0.408262 -0.402202 -0.0550406 0.995711 0.0743632 -0.261342 -0.405026 -0.0903383 0.909831 -0.987809 0 0 0 1 
39885980090126;0.34208;0.0159421;0.889018 0.239571 0.390195 0.54929 -0.254296 0.96702 -0.0143412 -0.524581 -0.380763 -0.0864755 0.92062 -0.626366 0 0 0 1 
39885980090127;0.0863411;0.0328067;0.995906 -0.0176797 -0.0886491 -0.0451579 0.0228087 0.998103 0.0571823 -0.0010837 0.08747 -0.0589701 0.99442 -0.0210259 0 0 0 1 
39885980090128;0.358883;0.0172527;0.974198 0.157972 0.161194 0.644003 -0.164785 0.985881 0.0297287 0.0131773 -0.154222 -0.0555241 0.986475 0.20739 0 0 0 1 
39885980090129;0.382249;0.0490928;0.940157 0.340726 0.00315328 1.33134 -0.34073 0.940161 0.00101323 -0.769028 -0.00261935 -0.00202701 0.999995 -0.028569 0 0 0 1 
39885980090130;0.323168;0.0446011;0.976415 0.167306 -0.136466 0.821169 -0.183494 0.976132 -0.11617 -0.0687606 0.113773 0.13847 0.98381 0.338215 0 0 0 1 
39885980090131;0.505537;0.0454699;0.996229 -0.0861222 -0.0105088 -0.73923 0.0854011 0.994756 -0.0562829 -0.631242 0.0153009 0.0551732 0.99836 -0.216487 0 0 0 1 
39885980090132;0.44134;0.0461429;0.999028 0.0240382 -0.0369462 -0.558215 -0.0275763 0.99476 -0.0984481 0.093086 0.0343861 0.0993713 0.994456 0.784638 0 0 0 1 
39885980090133;0.275576;0.0482836;0.999329 -0.0361952 -0.00554401 -0.542039 0.0362109 0.99934 0.00275537 -0.0934534 0.00544062 -0.00295427 0.999981 -0.153667 0 0 0 1 
39885980090134;0.264805;0.0433807;0.985963 -0.112745 0.123152 -0.404892 0.139856 0.960571 -0.2403 0.068647 -0.0912039 0.254151 0.962855 0.955331 0 0 0 1 
39885980090135;0.321182;0.017407;0.982624 0.183431 0.0283507 0.235749 -0.178306 0.975309 -0.130309 -0.215202 -0.0515534 0.122989 0.991068 0.693584 0 0 0 1 
39885980090136;0.536598;0.0175613;0.991687 0.0612329 -0.113169 -0.196644 -0.0759005 0.988576 -0.130214 0.0949499 0.103902 0.137721 0.985006 1.50885 0 0 0 1 
39885980090137;0.239766;0.0252049;0.999218 0.0238887 0.0315217 -0.0869599 -0.0255504 0.998246 0.053413 0.0556159 -0.0301904 -0.0541766 0.998075 -0.641738 0 0 0 1 
39885980090138;0.366462;0.0493362;0.944167 -0.312082 -0.105611 -1.15321 0.304073 0.948819 -0.0853392 0.240021 0.126838 0.048461 0.990739 0.106513 0 0 0 1 
39885980090139;0.522118;0.0472494;0.989274 0.141542 0.0361044 -0.127763 -0.14369 0.987408 0.0661732 -0.676406 -0.0262835 -0.0706512 0.997155 0.182482 0 0 0 1 
39885980090140;0.328612;0.0137532;0.977697 -0.0257251 -0.208437 -0.105846 0.00940588 0.996837 -0.0789093 0.0255503 0.209807 0.0751889 0.974847 1.08197 0 0 0 1 
39885980090141;0.0802768;0.00921368;0.999018 -0.0148576 0.0417452 -0.157611 0.0130298 0.998959 0.04372 -0.0482139 -0.0423513 -0.0431331 0.998171 -0.132298 0 0 0 1 
39885980090142;0.374391;0.0466968;0.940708 0.238826 -0.240897 1.05391 -0.165418 0.942961 0.288897 -0.603617 0.296152 -0.231919 0.926557 -0.621089 0 0 0 1 
39885980090143;0.228673;0.0387296;0.986458 0.156226 -0.0499396 0.64054 -0.15642 0.987691 1.22358e-05 -0.140269 0.0493268 0.0077995 0.998752 -0.151201 0 0 0 1 
39885980090144;0.446317;0.0356362;0.92708 0.374733 0.00986683 1.38779 -0.374862 0.926813 0.0222668 -0.853934 -0.000800612 -0.0243418 0.999703 0.246921 0 0 0 1 
39885980090145;0.0431272;0.0182472;0.999756 0.00222662 0.0219619 -0.0451118 -0.00298586 0.999397 0.0345989 -0.0112697 -0.0218716 -0.034656 0.99916 -0.159828 0 0 0 1 
39885980090146;0.329175;0.0455357;0.994601 -0.0957823 -0.0399446 -0.236355 0.0945947 0.995044 -0.0306336 0.410335 0.0426808 0.0266896 0.998732 0.628235 0 0 0 1 
39885980090147;0.155218;0.0166097;0.999 0.0405344 0.0188873 0.00673377 -0.0416047 0.997318 0.0602206 -0.0991857 -0.0163956 -0.0609461 0.998006 0.00468493 0 0 0 1 
39885980090148;0.427209;0.0142303;0.988208 0.134524 0.0731381 0.282564 -0.113455 0.964056 -0.240258 -0.437746 -0.10283 0.229127 0.96795 1.47569 0 0 0 1 
39885980090149;0.211483;0.017855;0.985658 -0.111004 0.127109 -0.60845 0.11036 0.993818 0.0121176 0.164526 -0.127668 0.00208396 0.991815 0.0873494 0 0 0 1 
39885980090150;0.560906;0.0530112;0.928379 0.186986 -0.321166 1.07494 -0.21691 0.974363 -0.0597278 0.35873 0.301764 0.125114 0.945137 0.328567 0 0 0 1 
39885980090151;0.283425;0.0312804;0.952647 0.272408 0.135122 0.875891 -0.226722 0.932437 -0.281353 -0.435633 -0.202635 0.237395 0.950044 0.636529 0 0 0 1 
39885980090152;0.461176;0.0587868;0.91718 -0.377935 0.126274 -1.59745 0.371439 0.925625 0.072463 0.194152 -0.144269 -0.0195587 0.989345 -0.403778 0 0 0 1 
39885980090153;0.364593;0.036185;0.992082 0.114419 0.051791 0.107306 -0.11775 0.990805 0.0666309 -0.589741 -0.0436909 -0.0722017 0.996433 -0.712456 0 0 0 1 
39885980090155;0.220386;0.947466;0.995045 -0.0989888 0.00929748 -0.368212 0.0989825 0.995089 0.00113799 0.470155 -0.00936447 -0.000212065 0.999956 0.0494163 0 0 0 1 
39885980090156;0.547565;1.0383;0.954857 -0.133894 0.26518 0.0324827 0.0914159 0.981786 0.16655 0.462888 -0.28265 -0.13479 0.949706 1.34673 0 0 0 1 
39885980090157;0.178395;0.467017;0.999631 0.019578 0.018853 -0.229393 -0.0191474 0.999558 -0.0227567 0.325413 -0.0192902 0.0223873 0.999563 -0.0638914 0 0 0 1 
39885980090158;0.913519;1.02878;0.910102 0.0198696 0.413907 0.530502 -0.0736814 0.990692 0.114453 1.13828 -0.407781 -0.134661 0.903095 2.04121 0 0 0 1 
39885980090159;0.31181;0.974904;0.983479 0.152103 -0.0981486 -0.416343 -0.179763 0.884426 -0.430669 1.67421 0.0212991 0.441198 0.897157 -0.225422 0 0 0 1 
39885980090160;0.529179;1.11826;0.995175 0.0971177 -0.0139904 -0.506706 -0.0968841 0.995159 0.0165095 1.38284 0.015526 -0.0150743 0.999766 0.471275 0 0 0 1 
39885980090161;0.588623;1.07153;0.976324 -0.129044 0.173606 -0.35435 0.102632 0.982825 0.153369 0.62525 -0.190416 -0.131921 0.972799 1.19897 0 0 0 1 
39885980090162;0.825722;1.15419;0.973972 -0.223318 -0.0388311 -0.125776 0.223668 0.974653 0.00485473 0.370555 0.0367628 -0.0134137 0.999234 -0.852023 0 0 0 1 
39885980090163;0.504725;0.489084;0.999829 0.0183516 0.00238382 -0.19718 -0.0184281 0.999127 0.0374802 0.67739 -0.00169392 -0.0375177 0.999295 0.0583636 0 0 0 1 
39885980090164;0.244441;0.485027;0.996358 0.0434044 -0.0733891 -0.320189 -0.0328823 0.989754 0.138945 0.39673 0.078668 -0.136026 0.987577 -0.406561 0 0 0 1 
39885980090165;0.707584;0.616334;0.996571 0.081403 0.014808 -0.5182 -0.0811865 0.996591 -0.0146805 1.02817 -0.0159525 0.013428 0.999783 -0.632924 0 0 0 1 
39885980090166;0.507941;1.07323;0.966002 0.220438 0.135084 -0.335483 -0.202748 0.970125 -0.133229 2.02378 -0.160417 0.101312 0.981836 0.772367 0 0 0 1 
39885980090167;0.79424;1.05821;0.984307 -0.166247 -0.0591713 -0.260373 0.159802 0.981997 -0.100724 0.620502 0.0748511 0.0896873 0.993153 0.452898 0 0 0 1 
39885980090168;0.994365;0.841288;0.995094 0.0935131 -0.0322866 0.306625 -0.0957585 0.992427 -0.0769302 1.48924 0.0248481 0.0796445 0.996514 0.632624 0 0 0 1 
39885980090169;0.602224;0.819014;0.961138 0.219077 -0.167986 -0.40936 -0.232891 0.970175 -0.0672512 2.05386 0.148242 0.10376 0.983493 -0.727945 0 0 0 1 
39885980090170;0.878287;1.16654;0.980036 -0.0989101 -0.172473 -0.398499 0.13379 0.969768 0.204082 0.502605 0.147073 -0.223083 0.963641 0.452158 0 0 0 1 
39885980090171;0.174618;0.997279;0.980633 0.159299 -0.113945 -0.194562 -0.157008 0.987175 0.0288683 1.5668 0.117083 -0.0104189 0.993068 -0.466368 0 0 0 1 
39885980090172;0.809772;1.12252;0.990485 0.137588 0.00291318 -0.759824 -0.137605 0.990464 0.00672086 1.72839 -0.00196069 -0.00705779 0.999973 0.750258 0 0 0 1 
39885980090173;0.12527;1.19615;0.998977 0.0263831 -0.0367253 -0.586339 -0.0300343 0.994258 -0.102708 1.238 0.0338046 0.103706 0.994033 -0.15966 0 0 0 1 
39885980090174;1.08358;0.998188;0.95301 0.104492 0.284347 -0.320207 -0.119816 0.992107 0.0369927 1.55114 -0.278237 -0.0693238 0.958008 1.84297 0 0 0 1 
39885980090175;0.382051;0.615847;0.998472 0.0547616 0.00746924 -0.555207 -0.0547631 0.998499 -4.55435e-06 0.541905 -0.00745828 -0.000404491 0.999972 0.422827 0 0 0 1 
39885980090176;1.01834;1.54543;0.948503 -0.101633 0.30002 -0.558666 0.11121 0.993684 -0.0149729 0.631927 -0.296604 0.0475671 0.953815 1.43056 0 0 0 1 
39885980090177;0.304463;0.422731;0.997936 -0.0391311 0.0509231 -0.190641 0.0388523 0.999224 0.00645375 0.0714451 -0.0511361 -0.00446195 0.998682 -0.0454434 0 0 0 1 
39885980090178;0.543046;1.12344;0.992528 0.0691136 0.100551 -0.563077 -0.0639265 0.996496 -0.0539282 1.20328 -0.103926 0.0470974 0.993469 0.719959 0 0 0 1 
39885980090179;0.361753;0.935117;0.98552 0.0892181 -0.144186 -0.424362 -0.0944152 0.995093 -0.0295994 1.1819 0.140837 0.0427842 0.989108 -0.128047 0 0 0 1 
39885980090180;0.25283;1.17269;0.997627 -0.0561716 -0.0398252 -0.513433 0.0572955 0.997974 0.0276634 0.905477 0.0381906 -0.0298796 0.998824 0.0737165 0 0 0 1 
39885980090181;0.881259;1.20639;0.98206 0.00960194 -0.188326 -0.0350047 0.0125346 0.99317 0.116002 0.516623 0.188153 -0.116281 0.975232 -0.0335153 0 0 0 1 
39885980090182;0.669254;0.848203;0.995502 0.0942495 0.00961996 -0.115528 -0.0943634 0.995463 0.012171 0.860286 -0.0084292 -0.0130241 0.99988 -0.549296 0 0 0 1 
39885980090183;0.198594;1.0463;0.962058 0.0972876 0.254913 -0.227274 -0.103309 0.994596 0.0103053 1.36265 -0.252532 -0.036249 0.966909 0.924475 0 0 0 1 
39885980090184;0.838159;0.342553;0.998053 0.0616776 -0.00927458 -0.159483 -0.060941 0.932668 -0.35555 0.769091 -0.0132794 0.355423 0.934611 -0.736471 0 0 0 1 
39885980090186;1.03403;0.420767;0.987787 0.151738 0.0353954 0.10248 -0.150774 0.988158 -0.0284829 -0.21069 -0.0392981 0.0227984 0.998967 -0.588595 0 0 0 1 
39885980090187;0.391456;0.328146;0.998619 -0.0236432 0.0469151 -0.15414 0.0192803 0.995631 0.0913616 -0.411439 -0.0488702 -0.0903309 0.994712 -0.114155 0 0 0 1 
39885980090188;0.19321;0.27163;0.995252 -0.0276678 -0.0933166 -0.035281 0.0185333 0.995076 -0.0973703 -0.265246 0.0955511 0.0951785 0.990864 -0.539115 0 0 0 1 
39885980090189;0.694654;0.313858;0.965369 -0.158693 0.207073 0.080643 0.143551 0.985872 0.086306 -0.642661 -0.217843 -0.0535917 0.974511 1.21386 0 0 0 1 
39885980090190;0.710931;0.239505;0.999066 -0.013197 -0.0411562 -0.118031 0.0227507 0.970217 0.241168 -0.122547 0.0367477 -0.241879 0.96961 0.731413 0 0 0 1 
39885980090191;0.303973;0.403428;0.997497 0.0647835 0.0283267 -0.298364 -0.0650379 0.99785 0.00815049 -0.0412412 -0.0277377 -0.0099724 0.999565 -0.0853464 0 0 0 1 
39885980090192;0.937341;0.356733;0.999724 -0.0106488 0.0209264 -0.0415055 0.0104761 0.99991 0.00834333 -0.726943 -0.0210134 -0.00812181 0.999746 0.802936 0 0 0 1 
39885980090193;0.0973903;0.231579;0.999785 0.0158863 0.0133471 -0.121358 -0.016003 0.999834 0.00868821 -0.0628717 -0.0132069 -0.00889993 0.999873 0.0713838 0 0 0 1 
39885980090194;0.330993;0.271712;0.999431 -0.0276707 0.0193053 -0.127031 0.0284613 0.998714 -0.0419545 -0.487523 -0.0181196 0.0424801 0.998933 0.111431 0 0 0 1 
39885980090195;0.913121;0.224931;0.999338 0.0354612 -0.00812005 -0.134577 -0.0359196 0.997185 -0.0658226 0.214869 0.00576304 0.0660707 0.997798 -0.89287 0 0 0 1 
39885980090196;0.843835;0.400816;0.993316 0.0867824 0.0761052 -0.195913 -0.089259 0.995564 0.0297622 0.0246245 -0.0731847 -0.0363564 0.996656 -0.496938 0 0 0 1 
39885980090197;0.709255;0.299475;0.999311 0.0109823 0.0354403 -0.171856 -0.016089 0.988977 0.147196 -0.337439 -0.0334331 -0.147664 0.988472 -0.395571 0 0 0 1 
39885980090198;1.04503;0.581571;0.998964 -0.00483782 -0.0452562 -0.0596234 -8.44971e-05 0.994136 -0.108137 -0.0937947 0.045514 0.108029 0.993105 0.647201 0 0 0 1 
39885980090199;0.0833687;0.276711;0.998649 -0.0188749 0.048424 -0.0966792 0.0183763 0.999774 0.0107195 -0.325828 -0.0486153 -0.0098152 0.998769 0.144728 0 0 0 1 
39885980090200;1.06244;0.61793;0.999942 -0.00432493 -0.0098546 -0.0780393 0.00416962 0.999868 -0.0157267 0.00337104 0.00992131 0.0156847 0.999828 0.789137 0 0 0 1 
39885980090201;0.454509;0.389523;0.97041 -0.11417 -0.212767 -0.0761357 0.104875 0.99299 -0.0545089 -0.366886 0.217499 0.030582 0.975581 -0.451638 0 0 0 1 
39885980090202;0.602175;0.442189;0.923283 0.0643813 -0.378688 -0.241891 -0.0355857 0.99595 0.0825614 -0.0342024 0.382469 -0.0627516 0.921835 -0.912684 0 0 0 1 
39885980090203;0.367742;0.345472;0.912106 0.0121885 0.409774 0.0713141 -0.0797821 0.985724 0.148265 0.175643 -0.402117 -0.167926 0.900057 1.54362 0 0 0 1 
39885980090204;1.06319;0.429043;0.972822 0.0769681 0.218386 0.00264219 -0.0577578 0.993986 -0.0930329 -0.19411 -0.224234 0.077891 0.971418 1.63377 0 0 0 1 
39885980090205;0.675409;0.370615;0.997161 0.0752271 0.00333808 -0.614622 -0.0748267 0.994873 -0.0680415 -0.372731 -0.00843953 0.0675985 0.997677 -0.267579 0 0 0 1 
39885980090206;0.947378;0.322829;0.995142 0.0570507 0.0802369 -0.270992 -0.0635864 0.99465 0.0814078 -0.329652 -0.0751632 -0.0861142 0.993446 1.14367 0 0 0 1 
39885980090207;0.975527;0.31541;0.997864 -0.0504096 -0.0415398 -0.058826 0.0511031 0.998568 0.015805 -0.155592 0.0406836 -0.0178941 0.999012 -0.954575 0 0 0 1 
39885980090208;0.357335;0.419898;0.966599 0.11604 0.228519 -0.240854 -0.0977597 0.991151 -0.0897899 0.100327 -0.236916 0.0644509 0.96939 0.478627 0 0 0 1 
39885980090209;0.567849;0.32168;0.989575 0.143593 0.0110554 -0.596299 -0.143683 0.989593 0.00778434 0.0322454 -0.00982255 -0.00929165 0.999909 0.159927 0 0 0 1 
39885980090210;0.29383;0.379981;0.97618 0.0024759 0.216949 0.00289361 -0.0222169 0.995819 0.0886021 -0.238729 -0.215822 -0.0913115 0.972154 1.00485 0 0 0 1 
39885980090211;0.573799;0.504091;0.997294 0.0402531 0.0615139 -0.531415 -0.0124041 0.91691 -0.398901 -0.268611 -0.0724597 0.397058 0.914929 0.0374846 0 0 0 1 
39885980090212;0.324919;0.475361;0.993094 0.111265 -0.0372067 -0.237528 -0.107407 0.989834 0.0932299 -0.0391152 0.0472017 -0.0885897 0.994949 0.191233 0 0 0 1 
39885980090213;0.920265;0.368985;0.99199 -0.0559631 -0.113239 -0.0417698 0.0645013 0.99523 0.0731959 -0.717315 0.108602 -0.0799137 0.990868 0.496857 0 0 0 1 
39885980090214;0.527822;0.679792;0.985554 0.160461 0.0541758 -0.333732 -0.16143 0.986785 0.0139911 0.219059 -0.0512149 -0.0225346 0.998433 0.498993 0 0 0 1 
39885980090215;0.58213;0.485213;0.973183 -0.214162 0.083959 0.0613721 0.216949 0.97585 -0.0254909 -0.950555 -0.0764722 0.0430221 0.996143 0.233042 0 0 0 1 
39885980090217;1.03417;1.21345;0.987797 0.153183 -0.0281577 0.252791 -0.154625 0.986191 -0.0593219 0.76863 0.0186818 0.0629518 0.997842 -0.582971 0 0 0 1 
39885980090218;0.202378;1.24405;0.949162 0.313341 -0.0301426 0.208153 -0.313112 0.949639 0.0121366 1.76521 0.0324275 -0.00208154 0.999472 -0.184877 0 0 0 1 
39885980090219;0.470141;1.12295;0.994234 0.0258863 0.104062 0.128202 -0.0324356 0.997565 0.0617451 0.741055 -0.102211 -0.0647644 0.992652 0.382279 0 0 0 1 
39885980090220;1.3181;0.460132;0.980359 -0.0459279 -0.191801 -0.114021 0.0296225 0.995765 -0.0870313 0.961679 0.194986 0.0796402 0.977567 -0.424152 0 0 0 1 
39885980090221;1.15923;1.01491;0.940656 0.00811823 0.339264 -0.215299 0.0498538 0.985562 -0.16181 0.0616759 -0.33568 0.169121 0.92667 0.706006 0 0 0 1 
39885980090222;0.407338;1.17587;0.942217 0.243768 0.229791 0.113507 -0.261694 0.963825 0.0505769 1.57113 -0.209149 -0.107789 0.971925 0.874698 0 0 0 1 
39885980090223;0.517255;1.07508;0.955256 0.215989 0.202078 -0.0351102 -0.229211 0.972372 0.0442105 1.45107 -0.186946 -0.0885509 0.978371 0.773954 0 0 0 1 
39885980090224;1.08029;1.05256;0.98911 -0.0859903 0.119443 -0.163849 0.0739433 0.992045 0.101875 -0.0545037 -0.127253 -0.0919339 0.987601 0.53565 0 0 0 1 
39885980090225;0.715361;0.489427;0.995732 -0.0502877 -0.0773872 0.103637 0.0284798 0.965016 -0.26064 0.228785 0.0877868 0.257324 0.96233 0.143362 0 0 0 1 
39885980090226;0.549209;0.492085;0.955641 -0.0301162 0.292991 0.0712913 -0.00100029 0.994421 0.105478 0.0372875 -0.294533 -0.101092 0.950279 1.00232 0 0 0 1 
39885980090227;1.15995;1.11941;0.93179 0.362988 -0.0027366 0.930806 -0.362487 0.930851 0.0460452 1.88368 0.0192612 -0.0419124 0.998936 -0.505123 0 0 0 1 
39885980090228;0.215505;0.989108;0.99839 -0.00573329 0.0564272 -0.00975837 0.00657506 0.99987 -0.0147435 0.735919 -0.0563353 0.0150908 0.998298 -0.0111656 0 0 0 1 
39885980090229;0.121617;1.39575;0.96189 0.273309 0.00835227 0.308355 -0.2734 0.960817 0.0456363 1.75556 0.00444778 -0.0461806 0.998923 -0.0382561 0 0 0 1 
39885980090230;1.03093;1.55355;0.964773 0.263079 -0.00157114 0.352126 -0.263073 0.964771 0.00309689 1.36007 0.00233051 -0.00257448 0.999994 0.499381 0 0 0 1 
39885980090231;0.888653;0.78159;0.993383 0.00719135 0.11462 -0.00219469 -0.0212864 0.992274 0.122227 0.186039 -0.112856 -0.123859 0.985861 0.518951 0 0 0 1 
39885980090232;0.59802;1.30185;0.970641 0.0885975 -0.223619 0.555951 -0.154752 0.941749 -0.298596 1.18766 0.184139 0.324436 0.927812 -0.426603 0 0 0 1 
39885980090233;0.0427632;1.01507;0.970408 0.241304 -0.00903389 0.19265 -0.241343 0.970433 -0.00356039 1.47653 0.00790765 0.0056353 0.999953 -0.0589315 0 0 0 1 
39885980090234;0.404716;0.604512;0.987461 0.0232608 -0.156138 0.135022 0.0392986 0.921725 0.385849 0.311642 0.152892 -0.387147 0.909253 -0.443724 0 0 0 1 
39885980090235;0.881271;1.61606;0.965947 0.213254 -0.146524 0.877143 -0.236097 0.958139 -0.161953 1.93809 0.105853 0.191032 0.97586 -0.629933 0 0 0 1 
39885980090236;1.0378;0.967605;0.997671 -0.0681462 -0.00277662 0.18505 0.0681398 0.997673 -0.00231173 0.52378 0.0029277 0.00211715 0.999993 -0.84042 0 0 0 1 
39885980090237;0.452033;0.414501;0.976955 0.0734149 -0.200421 0.151027 -0.0116756 0.955962 0.293259 0.290223 0.213125 -0.284161 0.934789 -0.781404 0 0 0 1 
39885980090238;0.922552;0.406424;0.946776 0.0624419 -0.31578 0.198366 -0.129716 0.971835 -0.196748 1.15401 0.2946 0.227238 0.92821 -0.37032 0 0 0 1 
39885980090239;0.393854;0.386061;0.995578 -0.0219216 -0.0913495 0.0622482 -0.00362789 0.962696 -0.270561 0.211415 0.0938729 0.269696 0.958359 -0.272849 0 0 0 1 
39885980090240;0.68439;1.49219;0.936815 0.34933 -0.0186004 0.386041 -0.349554 0.932673 -0.0890652 2.58954 -0.013765 0.0899395 0.995852 -0.279109 0 0 0 1 
39885980090241;0.655728;0.411273;0.962402 0.119938 0.243717 0.0721588 -0.0447203 0.954956 -0.293357 0.713773 -0.267924 0.271429 0.924415 0.311317 0 0 0 1 
39885980090242;0.353633;0.472709;0.910146 0.105555 0.400615 0.278643 0.00482489 0.964231 -0.265019 0.43069 -0.414259 0.243139 0.877082 1.18133 0 0 0 1 
39885980090243;1.27115;0.841677;0.997073 -0.0681906 0.0345841 0.209701 0.0674153 0.997457 0.0231101 0.443272 -0.0360721 -0.0207109 0.999135 0.851353 0 0 0 1 
39885980090244;0.554019;1.38535;0.989862 -0.0659263 0.125805 0.32028 0.0388909 0.977705 0.20635 0.669234 -0.136604 -0.199365 0.970357 0.29831 0 0 0 1 
39885980090245;0.651828;0.50493;0.997531 0.0382636 -0.0588868 0.130271 -0.0405827 0.998426 -0.0387033 0.658341 0.0573132 0.0409976 0.997514 0.264918 0 0 0 1 
39885980090246;0.546588;1.34872;0.991307 0.0970632 -0.0888241 0.457778 -0.0867115 0.989714 0.113787 1.05296 0.098955 -0.105096 0.989527 -0.550718 0 0 0 1 
39885980090248;0.37448;0.158891;0.945955 -0.252767 0.203172 -0.152369 0.243057 0.967349 0.0718272 0.190564 -0.214693 -0.0185631 0.976505 0.032888 0 0 0 1 
39885980090249;0.482365;0.191585;0.972933 -0.225293 -0.0514158 -0.00251687 0.225985 0.974098 0.00797525 0.0298652 0.0482873 -0.0193786 0.998645 -0.320865 0 0 0 1 
39885980090250;0.869457;0.101059;0.937172 0.0264376 0.347864 -0.0778757 -0.094589 0.97903 0.180424 -0.673509 -0.335799 -0.201992 0.920021 0.327717 0 0 0 1 
39885980090251;0.521745;0.106945;0.994189 -0.0953899 -0.0498993 0.0203435 0.0947669 0.995391 -0.0147115 -0.263406 0.0510727 0.00989718 0.998646 0.32127 0 0 0 1 
39885980090252;1.01023;0.105648;0.995505 0.0855417 0.0406596 0.2769 -0.0929754 0.964467 0.247303 -0.125648 -0.0180602 -0.249971 0.968085 -0.960103 0 0 0 1 
39885980090253;0.430197;0.076756;0.96873 0.186009 -0.164207 0.0655161 -0.141758 0.958076 0.248988 0.273121 0.203637 -0.217924 0.954485 -0.0816458 0 0 0 1 
39885980090254;0.437029;0.135966;0.997207 -0.065804 0.0353146 -0.0174986 0.0671736 0.996975 -0.0391066 0.15558 -0.0326344 0.0413696 0.998611 0.395514 0 0 0 1 
39885980090255;0.581357;0.0898669;0.997292 0.0356105 0.0643508 0.112524 -0.0387337 0.998098 0.047957 -0.275961 -0.0625207 -0.0503197 0.996774 0.405115 0 0 0 1 
39885980090256;0.383432;0.117613;0.92877 -0.365577 0.0611529 -0.189758 0.368324 0.928759 -0.0417718 0.202476 -0.0415255 0.0613204 0.997254 0.0148345 0 0 0 1 
39885980090257;0.931685;0.123056;0.983482 0.153411 -0.0960585 -0.0643133 -0.160562 0.984416 -0.0717235 0.129895 0.0835583 0.0859622 0.992788 -0.836849 0 0 0 1 
39885980090258;0.517582;0.0930993;0.986117 -0.104879 -0.128742 -0.23914 0.10897 0.993727 0.0251284 0.165186 0.125299 -0.0388085 0.99136 0.425301 0 0 0 1 
