#;prob_registration_l1 -r /home/probabilistic_point_clouds_registration/build/tester /home/point_clouds_registration_benchmark//devel/registration_pairs/plain_local.txt /home/point_clouds_registration_benchmark//eth/plain -s 0.2 -t 0.2 -p 0.3 -r 1000 -m 10 -i 40 
id;initial_error;final_error;transformation
4215528470000;0.567788;0.384475;0.963567 -0.0326789 0.265465 0.401914 0.0165653 0.997894 0.0627136 -0.0923436 -0.266955 -0.0560312 0.962079 1.94016 0 0 0 1 
4215528470001;0.547226;0.129427;0.991867 0.101074 -0.0773557 -0.604147 -0.0614501 0.912521 0.404388 0.770838 0.111462 -0.396345 0.91131 1.06221 0 0 0 1 
4215528470002;0.032832;0.0157764;0.999957 0.00781626 0.004991 -0.0467962 -0.00783178 0.999965 0.0030971 0.0160773 -0.00496661 -0.00313606 0.999983 0.0359947 0 0 0 1 
4215528470003;0.731607;0.0855354;0.99566 -0.0387315 0.0846269 -0.0603688 0.0369658 0.999067 0.0223328 -0.823536 -0.0854129 -0.0191076 0.996162 0.405733 0 0 0 1 
4215528470004;0.518474;0.252057;0.965496 0.0579255 -0.253894 -0.173901 -0.000384659 0.975264 0.221042 0.0486658 0.260418 -0.213317 0.941636 -0.257736 0 0 0 1 
4215528470005;0.0948906;0.0611815;0.999466 0.0221089 0.0240674 -0.127437 -0.0198106 0.995574 -0.091866 0.189542 -0.025992 0.0913401 0.99548 -0.307306 0 0 0 1 
4215528470006;0.93827;0.0716982;0.998435 0.0459176 -0.031911 -0.923238 -0.0539846 0.940289 -0.336069 0.449936 0.0145741 0.337266 0.941297 -1.32255 0 0 0 1 
4215528470007;0.649378;0.508746;0.994568 -0.026323 -0.100704 0.0310526 -0.0109946 0.935513 -0.35312 0.471875 0.103505 0.352309 0.930142 -2.01816 0 0 0 1 
4215528470008;0.524363;0.396626;0.961303 0.0504988 -0.270825 0.06333 -0.0857299 0.989081 -0.119875 0.615076 0.261814 0.138454 0.955136 -2.31919 0 0 0 1 
4215528470009;0.400063;0.344535;0.968239 -0.0474574 0.245481 0.213464 0.0610809 0.996969 -0.04818 -0.394101 -0.242451 0.061644 0.968203 1.31167 0 0 0 1 
4215528470010;0.581956;0.324781;0.992057 -0.0896846 -0.0882019 0.487113 0.0624965 0.959941 -0.273144 -0.240819 0.109165 0.265462 0.957921 -2.08902 0 0 0 1 
4215528470011;0.358216;0.158593;0.98527 -0.0986751 0.139661 0.444486 0.127604 0.967946 -0.216328 -0.702522 -0.113839 0.230963 0.96628 -0.159904 0 0 0 1 
4215528470012;0.581653;0.374621;0.985433 0.102015 -0.136068 -0.297427 -0.0594372 0.956243 0.286474 0.432384 0.159339 -0.274213 0.948377 -0.116215 0 0 0 1 
4215528470013;0.612837;0.0311312;0.982572 -0.0575355 0.176753 0.147468 0.0556364 0.998328 0.015686 -0.324422 -0.177359 -0.00557878 0.98413 0.542233 0 0 0 1 
4215528470014;0.871128;0.612133;0.998858 -0.0212717 0.0427868 0.0150274 0.022049 0.999599 -0.0177797 -0.278271 -0.0423914 0.0187028 0.998926 0.720656 0 0 0 1 
4215528470015;0.0605696;0.0146031;0.999934 0.000194466 0.0114721 0.0308643 -2.61491e-05 0.999892 -0.0146701 -0.0284207 -0.0114737 0.0146688 0.999827 -0.00691106 0 0 0 1 
4215528470016;0.462589;0.164545;0.972993 -0.0244006 0.229539 0.0954282 0.0710065 0.97782 -0.197044 -0.42562 -0.21964 0.208022 0.953145 0.740158 0 0 0 1 
4215528470017;0.763704;0.242577;0.992699 0.0602257 0.104508 -0.367042 -0.0988062 0.902978 0.418173 0.930718 -0.0691834 -0.425446 0.902336 3.02383 0 0 0 1 
4215528470018;0.320962;0.367027;0.998312 -0.000709067 0.058074 -0.162411 -0.00515916 0.99489 0.100835 -0.0401409 -0.0578487 -0.100964 0.993207 0.699481 0 0 0 1 
4215528470019;0.470754;0.243216;0.905442 0.134753 -0.402512 0.0064646 -0.0766015 0.984575 0.157302 0.519226 0.4175 -0.111595 0.901798 -2.02429 0 0 0 1 
4215528470020;0.901423;0.607985;0.988468 -0.0409726 0.145779 0.0474096 0.0559351 0.993407 -0.100067 -0.255439 -0.140718 0.107067 0.984243 -0.0458702 0 0 0 1 
4215528470021;0.310289;0.0434911;0.997991 -0.0512579 -0.0372478 0.133792 0.0547717 0.993437 0.100413 -0.392725 0.0318563 -0.102252 0.994248 0.487034 0 0 0 1 
4215528470022;0.501427;0.143358;0.98044 0.0488982 -0.190648 0.0806545 -0.0649352 0.994774 -0.0787965 0.406878 0.185799 0.089635 0.978491 -1.9886 0 0 0 1 
4215528470023;0.509895;0.416212;0.99473 -0.0213262 0.100291 0.181837 0.035688 0.988982 -0.143669 -0.0736883 -0.0961225 0.146491 0.984531 -0.382103 0 0 0 1 
4215528470024;0.756959;0.44895;0.997763 -0.0312686 0.0590946 0.0701002 0.0300892 0.999332 0.0207433 -0.297179 -0.0597037 -0.0189188 0.998037 1.00036 0 0 0 1 
4215528470025;0.187466;0.128323;0.99146 0.121473 -0.047441 -0.597969 -0.1166 0.988657 0.0946632 0.729116 0.0584019 -0.0883232 0.994378 -0.00389399 0 0 0 1 
4215528470026;0.0729172;0.031613;0.999487 -0.0319395 -0.00236181 0.130869 0.0319249 0.999472 -0.00599148 -0.207918 0.00255193 0.00591301 0.999979 -0.107531 0 0 0 1 
4215528470027;0.80863;0.244252;0.997177 0.0102774 -0.0743786 -0.132885 -0.0197441 0.991618 -0.127687 -0.0324824 0.0724429 0.128795 0.989022 -0.40798 0 0 0 1 
4215528470028;0.511375;0.46579;0.996422 0.025722 -0.0805028 -0.185398 -0.0103829 0.9826 0.185443 0.0327733 0.0838721 -0.183944 0.979352 0.4578 0 0 0 1 
4215528470029;0.874225;0.451061;0.881733 0.0694188 -0.466613 0.751869 -0.0436319 0.996875 0.0658579 0.468313 0.469727 -0.0377099 0.882006 -3.15511 0 0 0 1 
4215528470031;0.986719;0.136619;0.999748 -0.0152348 0.0165025 0.0600268 0.0151474 0.999871 0.00541143 -0.468232 -0.0165829 -0.00516009 0.999849 0.903305 0 0 0 1 
4215528470032;1.06872;0.134688;0.997597 -0.0617017 0.0315072 0.185999 0.0692417 0.872724 -0.483279 -0.0794502 0.0023221 0.4843 0.874899 -2.58699 0 0 0 1 
4215528470033;0.525088;0.0619044;0.997025 -0.0767321 0.00733162 0.326711 0.0768742 0.996807 -0.021613 -0.770108 -0.00564979 0.0221123 0.99974 -0.454585 0 0 0 1 
4215528470034;0.461314;0.0960038;0.998918 0.0453885 0.0101303 -0.294937 -0.0455766 0.998777 0.019183 0.325057 -0.00924722 -0.0196239 0.999765 -0.163483 0 0 0 1 
4215528470035;0.980295;0.199351;0.999723 -0.0235277 -9.94293e-05 -0.523242 0.0235278 0.999723 0.000870952 -0.266313 7.89102e-05 -0.00087305 1 0.114808 0 0 0 1 
4215528470036;1.14169;0.546477;0.998016 0.0613112 0.0143129 -0.589714 -0.0629058 0.961652 0.266963 0.432639 0.00260377 -0.267334 0.963601 2.22609 0 0 0 1 
4215528470037;0.241412;0.106092;0.999897 0.00759444 0.0122176 0.0268409 -0.00723321 0.999543 -0.0293438 0.138594 -0.0124348 0.0292524 0.999495 0.0266094 0 0 0 1 
4215528470038;0.130156;0.137017;0.999298 0.0227062 0.0298008 -0.140489 -0.0230593 0.999667 0.0115583 0.159375 -0.0295284 -0.0122373 0.999489 0.338101 0 0 0 1 
4215528470039;0.797747;0.477068;0.994745 -0.0734826 -0.0712986 0.250446 0.0526076 0.96423 -0.259795 -0.395143 0.0878387 0.254678 0.963028 -1.72282 0 0 0 1 
4215528470040;0.689028;0.585653;0.997352 -0.023092 -0.0689568 0.246736 0.0299098 0.994584 0.0995362 -0.309904 0.0662848 -0.101335 0.992642 -0.392719 0 0 0 1 
4215528470041;0.231676;0.0710576;0.947651 -0.116784 -0.297184 1.45761 0.0769013 0.986795 -0.142558 -0.509541 0.309908 0.112241 0.944118 -3.38313 0 0 0 1 
4215528470042;0.841266;0.6903;0.988958 -0.0561237 0.137159 0.206461 0.041562 0.99341 0.106816 -0.219711 -0.14225 -0.0999364 0.984773 1.48199 0 0 0 1 
4215528470043;0.639843;0.583175;0.995854 0.0409535 -0.0812259 -0.1209 -0.0386904 0.998823 0.0292423 0.365388 0.0823279 -0.0259784 0.996267 -0.693861 0 0 0 1 
4215528470044;0.994474;0.0788914;0.999923 -0.000723125 0.0123674 0.0651777 0.000874964 0.999924 -0.0122763 0.0324014 -0.0123576 0.0122862 0.999848 -0.795605 0 0 0 1 
4215528470045;0.386524;0.120208;0.994723 0.015233 0.101455 -0.200638 -0.0612096 0.881743 0.467742 0.687829 -0.0823325 -0.471484 0.878023 3.41952 0 0 0 1 
4215528470046;1.07289;0.558214;0.97714 0.0621189 -0.203317 -0.150295 -0.049499 0.996552 0.066582 0.287465 0.206752 -0.0549959 0.976847 -0.807956 0 0 0 1 
4215528470047;0.459821;0.436536;0.993662 0.00258244 0.112382 -0.121915 -0.00160821 0.99996 -0.00875867 -0.0330917 -0.1124 0.00852242 0.993626 0.867071 0 0 0 1 
4215528470048;0.649857;0.166774;0.996986 0.0773293 -0.00618223 -0.807482 -0.0772815 0.99698 0.00762162 0.668959 0.00675293 -0.00712088 0.999952 0.0436032 0 0 0 1 
4215528470049;0.633618;0.272189;0.998088 -0.0525457 -0.0325398 0.273294 0.0569455 0.986474 0.153707 -0.558539 0.024023 -0.155266 0.987581 1.0675 0 0 0 1 
4215528470050;0.671958;0.36145;0.998119 0.0331469 -0.0515676 -0.0966801 -0.031704 0.999089 0.0285516 0.301978 0.0524671 -0.026863 0.998261 -0.722907 0 0 0 1 
4215528470051;0.865997;0.68607;0.997168 -0.0149439 -0.0737037 0.249945 0.000632404 0.981689 -0.190488 0.279359 0.0752008 0.189902 0.978919 -2.21599 0 0 0 1 
4215528470052;0.470145;0.381516;0.998259 0.0264474 -0.0527137 -0.132123 -0.0278275 0.999284 -0.0256209 0.187503 0.0519984 0.0270432 0.998281 -0.670183 0 0 0 1 
4215528470053;1.01323;0.0465866;0.992633 0.0256883 0.118405 -0.122353 -0.013562 0.994681 -0.102104 0.0900139 -0.120398 0.0997458 0.987702 -0.263687 0 0 0 1 
4215528470054;0.877545;0.599417;0.998932 0.0210632 -0.041113 0.0409858 -0.0199355 0.999419 0.027649 0.189454 0.0416715 -0.0267999 0.998772 -0.748299 0 0 0 1 
4215528470055;0.503431;0.151341;0.996948 -0.0218965 0.0749295 -0.0240004 0.0308221 0.992281 -0.12012 0.121487 -0.0717209 0.122063 0.989928 0.145485 0 0 0 1 
4215528470056;0.338949;0.273389;0.968999 -0.232158 0.0845168 1.30791 0.243948 0.95321 -0.17855 -1.72112 -0.0391104 0.193633 0.980294 -0.802806 0 0 0 1 
4215528470057;0.60477;0.0359534;0.999692 -0.0167542 0.0182984 0.103146 0.0162138 0.999439 0.0292916 -0.136794 -0.0187789 -0.0289859 0.999403 -0.182077 0 0 0 1 
4215528470058;0.117082;0.106194;0.997676 -0.0650738 0.020191 0.313878 0.0655285 0.997591 -0.0227431 -0.556631 -0.0186624 0.0240133 0.999537 -0.010417 0 0 0 1 
4215528470059;0.289428;0.335023;0.998285 -0.0201937 -0.0549399 0.0857822 0.0140963 0.993921 -0.109188 -0.0375791 0.0568109 0.108227 0.992502 -1.19709 0 0 0 1 
4215528470060;0.876862;0.62186;0.962039 0.0921687 -0.256878 0.201621 -0.0703551 0.993189 0.0928717 0.525035 0.263688 -0.0712735 0.961971 -2.45345 0 0 0 1 
4215528470062;1.03489;0.72124;0.961953 -0.106489 0.251608 0.235915 0.16888 0.95567 -0.241195 -1.73241 -0.214769 0.27451 0.937293 2.61597 0 0 0 1 
4215528470063;0.150783;0.279148;0.996996 0.0372896 0.0678832 -0.342846 -0.0436717 0.994509 0.0950995 0.548475 -0.0639643 -0.0977784 0.993151 1.21271 0 0 0 1 
4215528470064;1.26892;0.228832;0.978536 0.105131 -0.177239 0.540594 -0.0834536 0.988561 0.125628 0.917573 0.188419 -0.10814 0.976117 -2.97749 0 0 0 1 
4215528470065;0.672821;0.202015;0.999164 -0.039137 0.0118399 0.00433298 0.0395994 0.998344 -0.0417304 -0.556816 -0.0101871 0.0421643 0.999059 -0.279863 0 0 0 1 
4215528470066;0.971407;0.236705;0.974121 -0.0611508 0.217598 0.090292 0.142358 0.913758 -0.380502 -1.10725 -0.175564 0.401631 0.898816 1.77259 0 0 0 1 
4215528470067;0.479383;0.640573;0.999131 -0.0270523 0.0316999 -0.101636 0.0314064 0.988775 -0.146071 -0.189492 -0.0273925 0.14694 0.988766 -0.0982671 0 0 0 1 
4215528470068;1.75898;1.46894;0.995284 0.0908984 -0.0338575 -0.110969 -0.0840025 0.98225 0.167718 1.13513 0.0485019 -0.164083 0.985253 -0.390949 0 0 0 1 
4215528470069;1.1695;0.528126;0.994883 -0.0807293 0.0607477 -0.0761192 0.0768822 0.995035 0.063205 -1.0153 -0.0655486 -0.0582112 0.99615 1.75243 0 0 0 1 
4215528470070;0.627154;0.235679;0.999834 -0.015642 0.00930658 0.043653 0.0153229 0.999324 0.0334229 -0.157278 -0.00982308 -0.0332748 0.999398 -0.0217537 0 0 0 1 
4215528470071;1.13782;0.20107;0.986369 0.00581526 -0.164448 0.782731 0.0078876 0.996556 0.0825506 -0.0761537 0.164362 -0.0827224 0.982925 -2.56687 0 0 0 1 
4215528470072;1.12233;0.543391;0.998571 0.0214137 -0.048969 -0.265355 -0.0204639 0.999594 0.0198144 0.0880397 0.0493734 -0.018784 0.998604 -0.264633 0 0 0 1 
4215528470073;0.253366;0.00701176;0.958559 -0.0931598 0.269231 0.316638 0.167872 0.948234 -0.269577 -1.61899 -0.23018 0.303602 0.924577 2.39657 0 0 0 1 
4215528470074;0.891847;0.240898;0.925881 0.177662 -0.333438 1.25589 -0.099751 0.966176 0.23781 0.97271 0.36441 -0.186923 0.912286 -4.77283 0 0 0 1 
4215528470075;0.661748;0.406637;0.998524 0.015159 0.0521458 -0.288305 -0.0154547 0.999867 0.00527257 0.296392 -0.052059 -0.00607069 0.998626 1.06677 0 0 0 1 
4215528470076;1.55682;0.133495;0.999904 0.00667927 -0.0121649 -0.0960025 -0.00676102 0.999955 -0.00669114 0.353498 0.0121197 0.00677274 0.999904 -1.07246 0 0 0 1 
4215528470077;0.434483;0.327704;0.997347 -0.0727931 0.000486393 0.20286 0.0726876 0.995496 -0.0608692 -0.846785 0.00394665 0.060743 0.998146 -0.361793 0 0 0 1 
4215528470078;1.12372;1.11827;0.961646 -0.05378 0.26897 0.0476963 0.0548215 0.99849 0.00364331 -0.811701 -0.26876 0.0112418 0.963142 3.88993 0 0 0 1 
4215528470079;1.36039;1.23206;0.993742 -0.0227181 0.109369 -0.36084 0.0378433 0.989671 -0.138275 -0.329242 -0.105098 0.141549 0.984337 1.30908 0 0 0 1 
4215528470080;1.57691;1.04504;0.980884 0.121838 -0.151732 0.18288 -0.0900273 0.975397 0.201235 1.258 0.172517 -0.183728 0.96772 -1.67115 0 0 0 1 
4215528470081;1.29705;1.13595;0.993198 0.105129 -0.0500549 -0.391806 -0.0990694 0.988857 0.111118 1.52442 0.0611789 -0.105404 0.992546 -0.501883 0 0 0 1 
4215528470082;0.754436;0.171807;0.995821 -0.0600612 -0.0687981 0.443878 0.0499328 0.988822 -0.140494 -0.66734 0.0764673 0.136471 0.987688 -1.28299 0 0 0 1 
4215528470083;1.36137;0.471694;0.995525 0.00353824 0.0944298 -0.422324 0.00301083 0.997604 -0.0691214 0.1898 -0.0944481 0.0690964 0.993129 1.82364 0 0 0 1 
4215528470084;1.66015;0.683495;0.985428 -0.047049 -0.163454 0.23593 0.037432 0.997409 -0.0614276 -0.444689 0.16592 0.0544141 0.984637 -2.91919 0 0 0 1 
4215528470085;1.13067;0.14805;0.999703 -0.00292703 -0.0241866 -0.209827 0.00498869 0.996315 0.0856243 -0.43508 0.0238469 -0.0857196 0.996034 0.543466 0 0 0 1 
4215528470086;1.1632;1.16043;0.929891 -0.0289829 0.366691 0.287889 0.0185857 0.99932 0.0318538 -0.272201 -0.367365 -0.0228054 0.929797 5.51802 0 0 0 1 
4215528470087;0.757202;0.706184;0.997584 -0.00640279 0.0691813 -0.267906 0.0134827 0.994656 -0.102362 -0.0269605 -0.0681562 0.103047 0.992339 0.837423 0 0 0 1 
4215528470088;1.28516;0.765322;0.999959 -0.00902523 -0.000612884 -0.186057 0.00899914 0.99938 -0.0340388 -0.114619 0.000919712 0.0340319 0.99942 0.472647 0 0 0 1 
4215528470089;0.703952;0.610438;0.997073 0.0577368 -0.0501166 -0.370847 -0.0562087 0.997926 0.0313828 0.919679 0.0518246 -0.028474 0.99825 -0.335506 0 0 0 1 
4215528470090;1.03548;0.379975;0.956567 -0.118795 0.26621 0.241039 0.212617 0.909063 -0.358328 -1.88909 -0.199434 0.399365 0.894837 1.25633 0 0 0 1 
4215528470091;1.49069;1.58827;0.998701 0.0459121 0.0220935 -0.280473 -0.0478846 0.993926 0.0990852 0.557098 -0.0174101 -0.100014 0.994834 0.613232 0 0 0 1 
4215528470093;0.435815;0.453612;0.997335 -0.0728466 0.00401815 0.438872 0.0697016 0.967652 0.242469 -0.235913 -0.0215512 -0.241543 0.970151 0.231883 0 0 0 1 
4215528470094;0.626818;0.0184192;0.999383 0.0331888 0.0114835 -0.0583645 -0.0327225 0.998717 -0.0386553 0.192104 -0.0127517 0.0382557 0.999187 -0.641513 0 0 0 1 
4215528470095;0.64508;0.43894;0.993163 -0.115468 -0.0171845 0.529552 0.114422 0.992029 -0.0527824 -0.39278 0.0231422 0.0504552 0.998458 -0.397367 0 0 0 1 
4215528470096;0.715932;0.545267;0.999514 -0.0311554 0.000770125 0.130507 0.0311578 0.998452 -0.0460761 -0.219354 0.000666587 0.0460777 0.998938 -0.357606 0 0 0 1 
4215528470097;0.899584;0.927385;0.99688 -0.0766283 0.0189453 0.234113 0.0788555 0.977565 -0.195316 -0.425123 -0.00355356 0.196201 0.980557 0.290947 0 0 0 1 
4215528470098;0.598276;0.302462;0.989636 -0.0458539 0.136079 0.0833893 0.0218446 0.98469 0.172942 -0.218173 -0.141925 -0.168177 0.975486 0.0949456 0 0 0 1 
4215528470099;0.333474;0.138521;0.971601 0.0632507 -0.228016 0.140095 0.035433 0.913858 0.404485 0.0204013 0.233958 -0.401077 0.885664 -0.443374 0 0 0 1 
4215528470100;0.645112;0.0106959;0.999812 -0.019391 -0.000828321 0.00497343 0.0193867 0.9998 -0.00499119 -0.0241487 0.00092494 0.00497419 0.999987 -0.696127 0 0 0 1 
4215528470101;0.802084;0.0565199;0.999393 -0.00963881 0.0334771 0.716946 0.0116433 0.998118 -0.0602076 0.147442 -0.0328338 0.0605609 0.997624 0.370088 0 0 0 1 
4215528470102;0.571321;0.0818459;0.999849 -0.0168517 0.00412408 -0.129716 0.0170182 0.998871 -0.0443462 0.156001 -0.00337211 0.0444097 0.999008 -0.53807 0 0 0 1 
4215528470103;0.118159;0.126745;0.999956 -0.0072674 -0.00600475 -0.0183531 0.00725413 0.999971 -0.00222882 -0.0158092 0.00602077 0.00218516 0.999979 -0.0539583 0 0 0 1 
4215528470104;0.483078;0.0665746;0.959424 -0.013058 0.281665 0.197393 -0.0123705 0.996016 0.0883123 -0.226213 -0.281696 -0.0882133 0.95544 1.16225 0 0 0 1 
4215528470105;0.856272;0.719411;0.964224 0.00134756 0.265086 0.0222479 0.0489175 0.981909 -0.182924 -0.205491 -0.260537 0.189347 0.946714 0.605236 0 0 0 1 
4215528470106;0.960069;0.56002;0.995491 -0.0231305 0.0919884 0.21629 0.0205685 0.999376 0.0287025 -0.222058 -0.0925949 -0.026681 0.995346 0.819251 0 0 0 1 
4215528470107;0.403602;0.262821;0.952255 0.0606658 -0.299214 0.0133109 -0.0614315 0.998088 0.00685575 0.28034 0.299058 0.0118527 0.954161 -1.02286 0 0 0 1 
4215528470108;0.717513;0.489141;0.999997 -0.00219053 -0.00141376 0.189645 0.00210116 0.998173 -0.0603898 -0.15474 0.00154346 0.0603867 0.998174 0.0464141 0 0 0 1 
4215528470109;0.671253;0.18242;0.999596 -0.027903 0.00546721 0.0404566 0.0279781 0.999508 -0.0141776 -0.0783844 -0.00506892 0.0143248 0.999885 0.606803 0 0 0 1 
4215528470110;0.085073;0.0316912;0.999667 0.0255225 0.00371056 -0.0382955 -0.0254933 0.999645 -0.00771486 0.0813376 -0.00390615 0.0076177 0.999963 -0.0779583 0 0 0 1 
4215528470111;0.687198;0.0203288;0.998472 0.00367163 0.0551441 -0.149266 -0.00701019 0.998145 0.0604716 0.00109102 -0.0548198 -0.0607658 0.996646 0.894626 0 0 0 1 
4215528470112;0.990082;0.21081;0.99838 0.0530577 -0.0205688 -0.0836348 -0.0490817 0.985806 0.160555 0.246978 0.0287955 -0.159285 0.986813 0.951479 0 0 0 1 
4215528470113;0.115928;0.0233061;0.998684 0.0512346 -0.00207509 -0.0813078 -0.0512391 0.998684 -0.00218072 0.195914 0.00196063 0.00228418 0.999995 -0.0259692 0 0 0 1 
4215528470114;0.310906;0.0351998;0.999996 -0.00141695 0.00241144 -0.152245 0.00142658 0.999991 -0.0039961 -0.0169242 -0.00240576 0.00399952 0.999989 -0.268866 0 0 0 1 
4215528470115;0.363564;0.283988;0.99987 0.00875342 0.0135703 0.0917825 -0.00763283 0.996723 -0.0805354 -0.00247744 -0.0142308 0.0804213 0.996659 -0.0501687 0 0 0 1 
4215528470116;0.348278;0.284602;0.922894 -0.0814174 0.376347 0.372298 0.0322198 0.990291 0.135225 -0.0856291 -0.383703 -0.112672 0.916557 0.961602 0 0 0 1 
4215528470117;0.290367;0.300603;0.997546 0.00151842 -0.0700007 0.0549313 -0.00759546 0.996212 -0.0866299 0.0317901 0.069604 0.086949 0.993778 -0.164947 0 0 0 1 
4215528470118;0.65787;0.286914;0.99904 -0.00556455 0.0434606 0.24733 0.00902156 0.996773 -0.0797574 -0.185554 -0.0428766 0.0800729 0.995866 -0.367239 0 0 0 1 
4215528470119;0.205525;0.0301556;0.992659 -0.0792719 0.0913427 0.0837195 0.0887824 0.990475 -0.105251 -0.11019 -0.0821291 0.112588 0.990242 0.211765 0 0 0 1 
4215528470120;0.310799;0.234245;0.995162 0.0223681 -0.095664 0.0937226 0.0107851 0.942978 0.332681 0.0485858 0.0976505 -0.332103 0.938175 -0.0390939 0 0 0 1 
4215528470121;0.660347;0.0237663;0.939642 -0.0326503 0.340597 0.257873 0.150026 0.93396 -0.324362 -0.48721 -0.307514 0.355882 0.882487 1.18511 0 0 0 1 
4215528470122;0.789381;0.438232;0.983655 0.00641605 0.179949 -0.081213 -0.0293074 0.991744 0.124843 0.0275434 -0.177662 -0.128076 0.975722 0.00111466 0 0 0 1 
4215528470124;0.80876;0.51602;0.947013 0.0147637 0.320857 0.11447 0.0414105 0.984994 -0.167546 0.061349 -0.318516 0.171955 0.93219 0.725774 0 0 0 1 
4215528470125;0.139303;0.0357824;0.991212 -0.0386491 -0.126507 0.160775 0.0216716 0.990889 -0.132923 -0.111158 0.130492 0.129014 0.983019 -0.874288 0 0 0 1 
4215528470126;0.0966618;0.135726;0.997905 -0.0199852 -0.0615267 0.0240672 0.0207713 0.99971 0.0121636 -0.0132769 0.0612658 -0.0134161 0.998031 -0.263979 0 0 0 1 
4215528470127;0.789796;0.131634;0.999927 -0.0119342 0.0018081 -0.227982 0.0119356 0.999929 -0.000720991 0.0285432 -0.00179937 0.00074252 0.999998 0.643997 0 0 0 1 
4215528470128;0.207096;0.0319232;0.999123 0.0327263 0.0261277 -0.0745769 -0.0326615 0.999462 -0.00290183 0.164419 -0.0262086 0.00204591 0.999654 -0.0813741 0 0 0 1 
4215528470129;0.938911;0.167999;0.999905 0.0104922 0.00898525 -0.146506 -0.0104937 0.999945 0.000117708 0.182527 -0.00898352 -0.000211985 0.99996 0.877405 0 0 0 1 
4215528470130;0.991785;0.725736;0.985893 0.0340815 -0.163869 -0.279235 -0.0130369 0.991711 0.127822 0.0337774 0.166867 -0.123882 0.978166 -0.147497 0 0 0 1 
4215528470131;0.387282;0.277478;0.999971 -0.00750338 0.00126543 -0.0548171 0.00751229 0.999946 -0.00719009 0.0440323 -0.00121141 0.00719939 0.999973 -0.13007 0 0 0 1 
4215528470132;0.92999;0.448088;0.999407 -0.0280898 0.0198994 0.117054 0.0288971 0.99872 -0.0415124 -0.0088051 -0.0187079 0.0420628 0.99894 -0.802311 0 0 0 1 
4215528470133;0.555582;0.524392;0.99971 0.014924 0.0189252 -0.0396534 -0.0104718 0.976195 -0.21664 0.0366148 -0.0217078 0.216379 0.976068 -0.602562 0 0 0 1 
4215528470134;0.99593;0.73004;0.966473 0.00836385 0.256633 -0.022423 -0.0299294 0.996326 0.0802422 0.0558902 -0.255019 -0.0852327 0.963172 0.477554 0 0 0 1 
4215528470135;1.17319;0.980267;0.98844 -0.0400774 0.146218 0.0675628 0.093804 0.919332 -0.382138 -0.448065 -0.119107 0.391436 0.912464 0.282501 0 0 0 1 
4215528470136;0.830588;0.815376;0.998699 -0.0045561 0.0507983 0.00369043 -0.0106537 0.955394 0.295142 0.148664 -0.0498771 -0.295299 0.954102 0.93116 0 0 0 1 
4215528470137;0.395265;0.278583;0.988303 -0.0412946 0.146807 -0.0475216 -0.0250927 0.90549 0.423624 0.2971 -0.150426 -0.422353 0.893862 1.75915 0 0 0 1 
4215528470138;1.02893;0.808679;0.994769 0.0632173 -0.0802342 0.083224 -0.0525355 0.990267 0.128889 0.258404 0.0876012 -0.123999 0.988408 -0.405286 0 0 0 1 
4215528470139;0.649753;0.267377;0.988337 -0.0678886 -0.136316 -0.0126546 0.0371656 0.975596 -0.216407 -0.263689 0.147681 0.208817 0.96674 -0.708633 0 0 0 1 
4215528470140;0.360307;0.131374;0.901804 -0.0334322 0.430849 0.359409 0.0717231 0.994754 -0.0729338 -0.31138 -0.426151 0.0966739 0.899472 1.76189 0 0 0 1 
4215528470141;0.657293;0.0591155;0.998187 0.0164586 -0.0579027 -0.596059 -0.0176131 0.999655 -0.0194837 0.0224705 0.0575621 0.0204682 0.998132 -0.409739 0 0 0 1 
4215528470142;0.724166;0.58758;0.999901 0.0120943 0.00719194 -0.168247 -0.0118049 0.999169 -0.0390024 -0.0410514 -0.00765767 0.0389136 0.999213 0.250015 0 0 0 1 
4215528470143;0.681426;0.10929;0.944659 0.11092 -0.308732 -0.34586 -0.0339168 0.969084 0.244391 0.336019 0.326295 -0.220395 0.919216 -1.21585 0 0 0 1 
4215528470144;0.404104;0.185243;0.999982 0.00250812 -0.00541099 -0.19795 -0.002263 0.998992 0.0448392 0.158262 0.005518 -0.0448262 0.99898 -0.0106376 0 0 0 1 
4215528470145;0.189223;0.0444307;0.997971 -0.0496055 -0.0399142 0.114078 0.0363 0.958317 -0.283393 -0.0566938 0.0523083 0.281369 0.958173 -0.887906 0 0 0 1 
4215528470146;0.235131;0.0376675;0.991902 0.035306 0.122002 -0.171618 -0.0340346 0.999343 -0.0124904 0.101865 -0.122363 0.00823698 0.992451 0.613816 0 0 0 1 
4215528470147;0.605051;0.0952216;0.99952 -0.000489745 -0.0309623 -0.433621 0.000443163 0.999999 -0.00151133 -0.132171 0.030963 0.00149688 0.999519 -0.42862 0 0 0 1 
4215528470148;0.594371;0.29176;0.910226 -0.0541848 0.410552 0.423418 0.0055538 0.992911 0.118732 -0.0803029 -0.414075 -0.105792 0.904074 2.44591 0 0 0 1 
4215528470149;0.787506;0.575186;0.999817 0.00468775 0.0185337 0.0729616 -0.00468878 0.999989 1.24249e-05 -0.165844 -0.0185334 -9.93231e-05 0.999828 0.0384845 0 0 0 1 
4215528470150;0.616542;0.274608;0.985048 0.0221613 0.170847 -0.0622067 -0.0249532 0.999588 0.0142107 0.0205837 -0.170462 -0.0182614 0.985195 1.26813 0 0 0 1 
4215528470151;0.660847;0.606769;0.999666 -0.0183426 0.0182113 0.0321239 0.0197611 0.996515 -0.0810354 0.0614438 -0.0166615 0.0813682 0.996545 -0.415512 0 0 0 1 
4215528470152;0.936036;0.218096;0.994292 0.0301576 0.102341 -0.143005 -0.0345359 0.99855 0.0412831 0.173026 -0.100947 -0.0445819 0.993892 -0.339027 0 0 0 1 
4215528470153;0.43556;0.394487;0.993267 -0.0351537 -0.110382 0.062022 0.0179301 0.988015 -0.153313 -0.139118 0.114449 0.150301 0.981993 -0.922375 0 0 0 1 
4215528470155;0.767559;0.545806;0.998408 0.0541572 -0.015733 -0.133124 -0.0524051 0.994 0.096008 0.375353 0.0208381 -0.0950307 0.995256 -0.25476 0 0 0 1 
4215528470156;0.534127;0.0697472;0.955238 0.0977451 -0.279225 0.158826 -0.069418 0.991547 0.109618 0.238228 0.287579 -0.0853281 0.953948 -1.40245 0 0 0 1 
4215528470157;0.770434;0.402499;0.991046 0.0394921 0.127551 -0.112892 -0.0337493 0.99833 -0.0468763 0.0117692 -0.129189 0.0421518 0.990724 1.11838 0 0 0 1 
4215528470158;0.945303;0.592304;0.983163 0.0842808 -0.162135 0.0460487 -0.057445 0.984852 0.163606 0.385415 0.173468 -0.151537 0.973111 -1.14466 0 0 0 1 
4215528470159;0.28795;0.185167;0.99923 -0.0188617 -0.0344003 -0.0478551 0.0179946 0.999517 -0.0253464 -0.00228143 0.0348617 0.0247079 0.999087 0.0922365 0 0 0 1 
4215528470160;0.771203;0.484863;0.99867 -0.0101417 -0.0505529 -0.124083 0.00856176 0.999471 -0.0313718 0.0464289 0.0508443 0.0308973 0.998229 -0.843487 0 0 0 1 
4215528470161;0.233784;0.161581;0.992272 0.0323944 0.119781 -0.0765417 -0.0325604 0.99947 -0.000571228 0.116409 -0.119736 -0.00333332 0.9928 0.323646 0 0 0 1 
4215528470162;0.571431;0.0862128;0.996894 0.0197773 0.0762269 -0.584191 -0.0323871 0.985267 0.167927 0.0623875 -0.0717828 -0.169874 0.982848 0.656215 0 0 0 1 
4215528470163;0.611739;0.110538;0.998843 -0.0212547 0.0431307 -0.181402 0.02246 0.999365 -0.0276562 0.100491 -0.0425155 0.0285929 0.998687 0.770212 0 0 0 1 
4215528470164;0.552648;0.454774;0.999019 -0.0187853 0.0401022 0.0524987 0.020271 0.999111 -0.0369674 -0.173108 -0.0393721 0.037744 0.998512 0.158751 0 0 0 1 
4215528470165;0.294545;0.0434202;0.998822 0.0282757 -0.0394414 -0.0793832 -0.0274462 0.999394 0.0214141 0.376625 0.040023 -0.0203064 0.998992 -0.229642 0 0 0 1 
4215528470166;0.624564;0.501757;0.999273 0.0135377 0.0356373 0.207739 -0.0120104 0.999015 -0.0427274 0.0129174 -0.0361806 0.0422683 0.998451 -0.225285 0 0 0 1 
4215528470167;0.723593;0.0282736;0.996259 0.086389 -0.0021331 -0.265064 -0.0863261 0.993806 -0.0699754 0.482887 -0.00392521 0.0698978 0.997546 0.786118 0 0 0 1 
4215528470168;0.682452;0.456046;0.924879 0.121061 -0.360476 -0.310722 -0.0926346 0.99114 0.0951879 0.419625 0.368806 -0.0546447 0.927899 -0.4865 0 0 0 1 
4215528470169;0.452691;0.148118;0.995995 0.0536369 -0.0715341 -0.0118247 -0.045359 0.992593 0.112705 0.240205 0.0770493 -0.109009 0.99105 -0.607658 0 0 0 1 
4215528470170;0.927037;0.0521909;0.97402 0.185264 -0.130241 -0.546194 -0.115526 0.901132 0.417869 1.03624 0.19478 -0.391966 0.899124 -0.79597 0 0 0 1 
4215528470171;0.544194;0.358531;0.91243 -0.0142902 -0.408983 0.419431 -0.0802652 0.973729 -0.213092 0.364652 0.401284 0.227259 0.887313 -1.75893 0 0 0 1 
4215528470172;0.700934;0.453527;0.903133 0.0155598 0.429079 0.239694 0.000663341 0.999291 -0.0376338 -0.130079 -0.42936 0.0342729 0.902483 1.73443 0 0 0 1 
4215528470173;0.534414;0.175255;0.975945 0.128398 -0.176199 -0.02756 -0.13221 0.991171 -0.0100187 0.599644 0.173357 0.0330729 0.984303 -1.11846 0 0 0 1 
4215528470174;0.297039;0.0419993;0.996917 0.0744078 0.0249027 -0.104179 -0.0775839 0.982181 0.171179 0.276916 -0.0117219 -0.172583 0.984925 -0.0921206 0 0 0 1 
4215528470175;0.347703;0.171694;0.992016 0.0414514 0.119108 -0.0847549 -0.0855977 0.914891 0.394522 0.282635 -0.0926176 -0.401567 0.911134 0.543054 0 0 0 1 
4215528470176;0.75672;0.536814;0.950743 -0.00751971 0.309888 -0.0359605 0.0720642 0.977677 -0.19737 0.0177024 -0.301486 0.20998 0.930061 0.43123 0 0 0 1 
4215528470177;0.756848;0.0152669;0.98914 0.146857 -0.00598859 0.0668939 -0.13861 0.945595 0.294343 0.631302 0.0488891 -0.290317 0.955681 -0.677671 0 0 0 1 
4215528470178;0.523311;0.475486;0.983109 -0.0318231 -0.180232 0.112812 0.016549 0.99619 -0.0856247 -0.0160548 0.182271 0.0811958 0.97989 -0.886442 0 0 0 1 
4215528470179;0.41696;0.261671;0.957036 0.133864 -0.257222 -0.0971625 -0.0664342 0.964691 0.254868 0.374087 0.282257 -0.226829 0.932137 -0.747283 0 0 0 1 
4215528470180;0.591922;0.274062;0.992136 0.0570989 -0.111384 -0.00891513 -0.0531919 0.997871 0.0377414 0.23335 0.113301 -0.0315199 0.993061 -0.869997 0 0 0 1 
4215528470181;0.100371;0.0240958;0.996955 0.0740932 -0.0242929 -0.0582663 -0.0705835 0.989939 0.122635 0.268532 0.0331349 -0.120547 0.992154 0.00674545 0 0 0 1 
4215528470182;0.852078;0.363073;0.991976 0.00994049 -0.126031 0.0802493 -0.00518487 0.999264 0.0380057 0.0943568 0.126316 -0.0370473 0.991298 -1.31301 0 0 0 1 
4215528470183;0.165427;0.0443769;0.998981 -0.00718498 0.0445554 0.0810533 0.0120012 0.993992 -0.10879 -0.0602805 -0.0435061 0.109213 0.993066 0.136497 0 0 0 1 
4215528470184;0.841318;0.293291;0.87928 -0.0115656 -0.476164 0.533889 -0.0356724 0.995298 -0.0900473 0.527014 0.474967 0.0961628 0.874734 -2.41945 0 0 0 1 
4215528470186;0.933251;0.562792;0.999785 0.00990553 0.0181909 -0.044005 -0.0115998 0.995359 0.0955288 0.0577921 -0.0171603 -0.0957194 0.99526 -0.551982 0 0 0 1 
4215528470187;0.872934;0.445231;0.961334 -0.0667605 -0.26717 0.255085 -0.000824633 0.969468 -0.245218 0.256466 0.275383 0.235957 0.931927 -2.31168 0 0 0 1 
4215528470188;0.636802;0.204005;0.99993 0.00262599 -0.0115326 -0.236993 -0.00457955 0.984947 -0.172794 -0.110766 0.0109053 0.172835 0.98489 0.00715053 0 0 0 1 
4215528470189;0.616608;0.386283;0.920709 0.0220598 0.389625 0.330016 0.0238644 0.99335 -0.112635 -0.144138 -0.389519 0.113002 0.91406 1.7209 0 0 0 1 
4215528470190;0.721491;0.0583244;0.997686 0.0649239 0.020211 -0.496679 -0.0645825 0.997766 -0.0171095 0.108851 -0.0212767 0.0157646 0.999649 -0.522457 0 0 0 1 
4215528470191;0.988569;0.343866;0.99892 0.0464161 0.00218397 -0.247286 -0.0464177 0.99457 0.0931433 0.228699 0.00215124 -0.0931441 0.99565 0.990099 0 0 0 1 
4215528470192;0.483071;0.391871;0.996305 0.0169101 0.0842068 -0.0748005 -0.00945839 0.996065 -0.0881179 -0.0482279 -0.0853656 0.0869958 0.992544 0.230393 0 0 0 1 
4215528470193;1.00219;0.765478;0.993358 -0.00701934 0.114852 0.059882 -0.00155257 0.997229 0.0743751 -0.0989176 -0.115056 -0.0740594 0.990594 1.16253 0 0 0 1 
4215528470194;0.574823;0.45047;0.971262 -0.0322108 -0.235823 0.277399 -0.0383872 0.95663 -0.288767 0.403002 0.234896 0.289521 0.927902 -1.81507 0 0 0 1 
4215528470195;0.262201;0.245377;0.997572 0.0674482 -0.0173649 -0.2775 -0.066688 0.996925 0.0411586 0.237118 0.0200876 -0.0399006 0.999002 0.0542718 0 0 0 1 
4215528470196;0.705585;0.108665;0.997505 0.061119 0.0353204 -0.173255 -0.0642333 0.993397 0.0950651 0.456681 -0.0292768 -0.0970967 0.994844 0.943864 0 0 0 1 
4215528470197;0.958351;0.525306;0.972061 -0.0307771 -0.2327 -0.0714578 0.0153643 0.997583 -0.0677595 -0.147812 0.234224 0.0622911 0.970185 -0.52001 0 0 0 1 
4215528470198;0.657229;0.422532;0.991864 0.0234974 -0.125117 0.146357 -0.0168438 0.9984 0.0539741 0.201658 0.126185 -0.0514276 0.990673 -0.634217 0 0 0 1 
4215528470199;0.280312;0.096679;0.956191 -0.00023836 0.292744 0.162246 -0.070818 0.97011 0.232103 0.458883 -0.284049 -0.242667 0.927593 1.59513 0 0 0 1 
4215528470200;0.717676;0.480129;0.977613 0.0721916 -0.19764 -0.298345 -0.0529202 0.993466 0.101116 0.158659 0.203648 -0.0883929 0.975046 -0.502721 0 0 0 1 
4215528470201;0.269494;0.04169;0.998579 -0.0223268 0.0483857 -0.0291193 0.0233414 0.999517 -0.0205074 0.0772088 -0.0479045 0.0216077 0.998618 0.287348 0 0 0 1 
4215528470202;0.839096;0.529582;0.956149 -0.0350731 0.290773 0.0164337 0.0166878 0.997715 0.0654702 -0.0563626 -0.292405 -0.0577469 0.954549 0.671024 0 0 0 1 
4215528470203;0.446878;0.394566;0.998505 0.0527486 -0.0143136 -0.175936 -0.0526968 0.998603 0.00397379 0.225376 0.0145032 -0.00321357 0.99989 -0.0437135 0 0 0 1 
4215528470204;0.245546;0.232194;0.999899 -0.00819005 -0.0115922 -0.0617315 0.00794034 0.999739 -0.0214256 -0.025219 0.0117647 0.0213314 0.999703 -0.105708 0 0 0 1 
4215528470205;0.862633;0.048697;0.999696 0.0244236 -0.00347777 -0.121408 -0.0244157 0.999699 0.00229164 -0.0325009 0.0035327 -0.00220603 0.999991 0.830548 0 0 0 1 
4215528470206;0.412937;0.271122;0.998504 0.0504302 -0.0211472 -0.238867 -0.0419817 0.954726 0.294511 0.110028 0.035042 -0.293182 0.955414 0.274514 0 0 0 1 
4215528470207;0.79837;0.0960362;0.997961 0.0611431 -0.0183143 0.270218 -0.0464314 0.892328 0.448993 0.0497929 0.0437952 -0.447227 0.893348 0.296237 0 0 0 1 
4215528470208;0.797346;0.408627;0.99834 -0.00417071 0.0574381 -0.278515 -0.00931184 0.972559 0.23247 0.0587979 -0.0568315 -0.232619 0.970906 1.39741 0 0 0 1 
4215528470209;0.744174;0.111284;0.999726 0.0151957 -0.0178043 -0.121258 -0.0155751 0.99965 -0.0213694 0.224261 0.0174734 0.0216408 0.999613 0.564336 0 0 0 1 
4215528470210;0.00963021;0.0154335;0.999952 -0.00681477 0.00702199 0.00308662 0.00682006 0.999976 -0.000729373 -0.0385541 -0.00701685 0.000777229 0.999975 0.0137198 0 0 0 1 
4215528470211;0.575999;0.26045;0.993229 0.0488846 -0.105385 -0.0267357 -0.0453224 0.998326 0.0359369 0.181218 0.106966 -0.0309172 0.993782 -0.899919 0 0 0 1 
4215528470212;0.0961837;0.0194772;0.999137 -0.0403323 -0.0099283 0.107055 0.0386681 0.990463 -0.132241 -0.103148 0.0151672 0.131743 0.991168 -0.292571 0 0 0 1 
4215528470213;0.289621;0.169594;0.96743 -0.0319893 -0.251108 0.149284 -0.0496723 0.948708 -0.312228 0.339042 0.248216 0.314532 0.91622 -1.6773 0 0 0 1 
4215528470214;0.573067;0.190653;0.999091 -0.0177296 -0.0387716 0.123113 0.0196446 0.998577 0.0495831 -0.0290758 0.0378373 -0.0502997 0.998017 -0.590554 0 0 0 1 
4215528470215;0.890995;0.381345;0.999922 -0.0124409 0.000528427 0.0428564 0.0124466 0.999841 -0.0127373 0.046647 -0.00036988 0.0127429 0.999919 -0.846926 0 0 0 1 
4215528470217;1.22438;0.17034;0.999687 0.0203429 -0.0145589 0.224278 -0.0206577 0.999549 -0.0218092 0.325005 0.0141086 0.0221032 0.999656 -0.958025 0 0 0 1 
4215528470218;0.463441;0.758321;0.999072 -0.0318663 -0.0289941 0.0153996 0.0257217 0.981069 -0.191942 -0.0398053 0.0345617 0.191018 0.980978 -1.44102 0 0 0 1 
4215528470219;1.25639;0.0616788;0.992263 -0.0794608 -0.0953936 0.352878 0.105176 0.946272 0.305788 -1.72147 0.0659702 -0.313456 0.947309 0.448734 0 0 0 1 
4215528470220;0.864498;0.0739397;0.987899 0.0461133 0.148085 -0.3559 -0.103784 0.906064 0.410215 0.714646 -0.115258 -0.42062 0.899886 3.22114 0 0 0 1 
4215528470221;0.77456;0.816724;0.976477 -0.0127455 0.215244 -0.0489386 0.00932555 0.999814 0.0168967 -0.176275 -0.215419 -0.014492 0.976414 2.24126 0 0 0 1 
4215528470222;0.34545;0.545035;0.986789 -0.158699 0.0325972 0.560515 0.158212 0.987258 0.0170222 -1.61987 -0.0348833 -0.0116401 0.999324 0.251434 0 0 0 1 
4215528470223;0.822643;0.681574;0.966642 -0.241101 -0.0864515 1.51536 0.232253 0.967394 -0.101035 -1.98603 0.107992 0.0775865 0.99112 -1.99872 0 0 0 1 
4215528470224;0.61224;0.25957;0.998557 -0.0110589 0.0525484 0.123173 0.0191898 0.987436 -0.156849 0.0305311 -0.0501536 0.157631 0.986224 -0.0719731 0 0 0 1 
4215528470225;0.96443;0.162213;0.998882 0.034665 0.0321333 -0.414567 -0.0342337 0.999318 -0.013875 0.809125 -0.0325923 0.0127595 0.999387 0.00866308 0 0 0 1 
4215528470226;1.60186;0.450104;0.999267 -0.0175203 -0.0340389 -0.281266 0.0296513 0.916617 0.398666 -0.246882 0.0242158 -0.399383 0.916464 2.7484 0 0 0 1 
4215528470227;0.62327;0.0938637;0.990187 0.0717967 0.119894 -0.562161 -0.0618931 0.994509 -0.0843815 0.849804 -0.125294 0.0761329 0.989194 0.564162 0 0 0 1 
4215528470228;0.76285;0.771433;0.969697 -0.0230375 -0.243222 0.657268 0.0461146 0.994908 0.0896178 -0.527516 0.239919 -0.0981182 0.965822 -1.9808 0 0 0 1 
4215528470229;0.828483;0.0813144;0.935666 0.0213816 -0.352238 0.667429 -0.0441803 0.997407 -0.0568134 0.733924 0.35011 0.0687204 0.934184 -4.07096 0 0 0 1 
4215528470230;1.52282;1.16784;0.999953 -0.00258081 -0.009317 -0.163297 0.00279355 0.999734 0.0228932 0.0602012 0.00925544 -0.0229181 0.999695 -0.104115 0 0 0 1 
4215528470231;1.36079;1.01606;0.952943 0.0604496 -0.297062 0.76461 -0.0554232 0.998142 0.0253219 0.751687 0.298041 -0.0076662 0.954522 -3.17577 0 0 0 1 
4215528470232;1.01124;0.0206492;0.990313 0.08296 0.111344 -0.663721 -0.0877583 0.995382 0.0389005 0.605366 -0.107603 -0.0482951 0.99302 0.873715 0 0 0 1 
4215528470233;0.360528;0.0732697;0.999647 -0.0243921 -0.0105074 0.162202 0.0245278 0.999615 0.0129798 -0.448666 0.0101867 -0.013233 0.999861 0.0883444 0 0 0 1 
4215528470234;0.247697;0.0795236;0.999979 0.00523034 0.00388957 -0.128947 -0.00522629 0.999986 -0.00105155 0.0397481 -0.00389501 0.0010312 0.999992 -0.0327646 0 0 0 1 
4215528470235;1.12906;1.24367;0.976491 -0.15039 -0.154428 1.03555 0.114785 0.969173 -0.218011 -0.688393 0.182454 0.19516 0.963651 -3.09903 0 0 0 1 
4215528470236;0.421865;0.203636;0.983626 0.173097 -0.0501793 -0.639093 -0.150858 0.943128 0.29623 1.5481 0.098602 -0.283809 0.953798 0.438795 0 0 0 1 
4215528470237;1.6174;1.09711;0.999643 0.0230224 -0.0135421 -0.299336 -0.0228473 0.999655 0.0129458 0.107227 0.0138355 -0.0126318 0.999824 0.612636 0 0 0 1 
4215528470238;1.42655;0.0945467;0.97271 -0.0981666 0.210234 0.245743 0.125791 0.984488 -0.12231 -1.56794 -0.194967 0.145418 0.96997 2.04129 0 0 0 1 
4215528470239;1.23487;0.555365;0.993705 0.0319083 -0.107387 -0.291908 -0.0277004 0.998797 0.040451 0.235932 0.108549 -0.0372217 0.993394 -0.349641 0 0 0 1 
4215528470240;1.31981;0.406181;0.980619 -0.189193 0.050918 0.702855 0.189603 0.981855 -0.00329759 -2.08946 -0.0493702 0.0128879 0.998697 1.0857 0 0 0 1 
4215528470241;0.144224;0.0717507;0.994297 -0.0578588 0.089592 0.218911 0.0637446 0.995893 -0.06429 -0.582652 -0.0855044 0.0696343 0.993901 0.473703 0 0 0 1 
4215528470242;0.341886;0.138986;0.993984 -0.0926693 0.0583857 0.414649 0.0988957 0.988457 -0.114775 -0.898111 -0.0470756 0.119858 0.991674 -0.267353 0 0 0 1 
4215528470243;0.806737;0.400555;0.998162 -0.0435169 0.0421753 0.0601713 0.0460831 0.997017 -0.0619143 -0.156491 -0.0393551 0.063744 0.99719 -0.0683241 0 0 0 1 
4215528470244;0.044198;0.100444;0.999325 0.0363183 0.00545222 -0.2362 -0.0363247 0.999339 0.00108916 0.370312 -0.00540906 -0.00128647 0.999985 0.0153244 0 0 0 1 
4215528470245;1.65415;0.591546;0.999775 0.0207616 -0.0042387 -0.0156591 -0.0210226 0.996921 -0.0755464 0.632325 0.00265718 0.0756186 0.997133 -1.3096 0 0 0 1 
4215528470246;0.359411;0.543698;0.960243 -0.26428 0.0899396 1.35293 0.2667 0.96365 -0.0158239 -2.60865 -0.0824883 0.0391816 0.995822 0.572062 0 0 0 1 
4215528470248;1.05013;0.878167;0.992275 0.0160249 -0.12302 -0.193945 -0.020184 0.999263 -0.0326373 0.25529 0.122406 0.0348682 0.991867 -0.637638 0 0 0 1 
4215528470249;0.429566;0.0384322;0.976261 -0.0524095 0.210159 0.269717 -0.00935453 0.959176 0.282655 0.0439043 -0.216393 -0.277911 0.935916 2.72717 0 0 0 1 
4215528470250;0.0803374;0.042159;0.998345 0.0555093 -0.0150067 -0.201481 -0.0542604 0.995805 0.0736826 0.286749 0.0190338 -0.0727464 0.997169 0.158766 0 0 0 1 
4215528470251;0.907231;0.661433;0.994609 -0.0108571 0.103129 -0.199796 0.00234895 0.996608 0.0822655 0.0254623 -0.103672 -0.0815797 0.99126 0.704788 0 0 0 1 
4215528470252;0.54782;0.028073;0.999811 0.0159607 -0.0110904 0.00126472 -0.0157053 0.999618 0.0227476 0.00252972 0.0114492 -0.0225691 0.99968 -0.515046 0 0 0 1 
4215528470253;0.780027;0.623056;0.971771 0.0384917 -0.232763 0.173276 -0.034817 0.999196 0.0198766 0.309959 0.233341 -0.0112114 0.97233 -1.42387 0 0 0 1 
4215528470254;0.503441;0.0844802;0.975716 0.0230032 0.217828 -0.0848922 -0.0610609 0.983613 0.169637 0.197388 -0.210357 -0.178819 0.961132 1.50926 0 0 0 1 
4215528470255;0.683372;0.355195;0.997046 -0.00830234 0.0763608 -0.0829922 0.0150837 0.995947 -0.0886636 -0.246086 -0.0753153 0.0895534 0.99313 0.405853 0 0 0 1 
4215528470256;0.928983;0.293959;0.995951 0.0699601 -0.0564586 -0.482826 -0.0682124 0.997147 0.0323117 0.549545 0.058558 -0.0283297 0.997882 0.428795 0 0 0 1 
4215528470257;0.749547;0.281049;0.995546 -0.0243215 -0.0910868 0.269508 0.00700621 0.982566 -0.185784 0.257687 0.0940173 0.184319 0.97836 -1.90073 0 0 0 1 
4215528470258;0.0650151;0.0388917;0.999603 -0.0280576 0.00256736 0.114805 0.0280642 0.999603 -0.00256735 -0.141398 -0.00249431 0.00263838 0.999993 -0.0405606 0 0 0 1 
