#;prob_registration_l1 -r /home/probabilistic_point_clouds_registration/build/tester /home/point_clouds_registration_benchmark//devel/registration_pairs/planetary_map_local.txt /home/point_clouds_registration_benchmark//planetary/p2at_met -s 0.2 -t 0.2 -p 0.3 -r 1000 -m 10 -i 40 
id;initial_error;final_error;transformation
25528382210000;2.8561;1.56357;0.999746 -0.0221216 0.00427893 -1.23661 0.0220501 0.999627 0.0160973 -0.407501 -0.00463343 -0.0159989 0.999861 1.43934 0 0 0 1 
25528382210001;2.11331;1.6049;0.999967 -0.0068779 -0.00436548 -0.424052 0.0075117 0.985859 0.167408 -0.944659 0.00315234 -0.167435 0.985878 -9.0928 0 0 0 1 
25528382210002;1.70145;1.51062;0.975478 0.0100699 0.219865 1.09281 0.0455729 0.968063 -0.246531 -2.35209 -0.215326 0.250506 0.943865 13.9187 0 0 0 1 
25528382210003;1.37022;0.438342;0.999998 -0.00147009 -0.000937677 -0.411017 0.00147797 0.999963 0.00846481 0.0245084 0.000925198 -0.00846619 0.999964 0.650989 0 0 0 1 
25528382210004;1.75339;1.32561;0.966836 -0.0443776 0.251513 -1.90252 0.0125951 0.991875 0.126592 -0.251911 -0.255087 -0.119226 0.959539 -5.52362 0 0 0 1 
25528382210005;0.735848;0.425671;0.994471 0.00730969 0.104754 0.629087 0.0254719 0.950989 -0.308174 -3.08401 -0.101873 0.309139 0.945545 16.5032 0 0 0 1 
25528382210006;1.57164;0.553951;0.997355 -0.0164112 -0.0708136 -0.904793 0.0153804 0.999768 -0.015077 -0.118742 0.0710446 0.013948 0.997376 -1.30789 0 0 0 1 
25528382210007;1.73822;1.47584;0.999984 -0.00428026 -0.0036976 0.00415091 0.00407379 0.998525 -0.054149 -0.368079 0.00392391 0.054133 0.998526 2.21569 0 0 0 1 
25528382210008;0.906109;0.875975;0.994974 0.0149078 0.0990208 1.08732 -0.0154101 0.999872 0.00430943 0.132304 -0.0989438 -0.00581368 0.995076 0.282888 0 0 0 1 
25528382210009;0.490985;0.258712;0.97093 0.0434723 -0.235383 2.06902 -0.0190871 0.994299 0.104902 0.146235 0.238601 -0.0973602 0.966225 -6.46834 0 0 0 1 
25528382210010;2.17163;1.33412;0.99015 -0.0334689 -0.135954 -1.43422 -0.0290315 0.90083 -0.433201 -4.43265 0.13697 0.432881 0.890984 18.5071 0 0 0 1 
25528382210011;2.42393;1.66739;0.999629 0.0234266 -0.0138992 1.11255 -0.0211521 0.989086 0.145813 0.0012225 0.0171634 -0.145465 0.989215 -8.95874 0 0 0 1 
25528382210012;1.04957;0.406315;0.997681 -0.0197305 -0.0651416 -0.974203 0.0157269 0.997989 -0.0614095 -0.739731 0.0662223 0.0602427 0.995985 3.20579 0 0 0 1 
25528382210013;1.47687;1.20644;0.999968 -0.00707903 0.0036589 -0.298445 0.00705635 0.999956 0.00617412 -0.0239107 -0.00370244 -0.00614811 0.999974 0.344767 0 0 0 1 
25528382210014;2.77484;2.21615;0.983254 -0.0199076 0.18115 -0.354435 -0.046079 0.934559 0.352813 -2.57561 -0.176319 -0.355252 0.917991 -15.7316 0 0 0 1 
25528382210015;1.8346;1.70859;0.996808 6.51278e-05 0.079833 0.113394 0.00540639 0.997649 -0.068319 -0.225307 -0.0796498 0.0685326 0.994464 4.62829 0 0 0 1 
25528382210016;0.567147;0.396926;0.994312 0.00429985 -0.10642 0.103575 0.013081 0.98669 0.162086 -0.832402 0.1057 -0.162557 0.981021 -9.31305 0 0 0 1 
25528382210017;2.04883;1.40484;0.951183 0.0345714 -0.306686 1.25182 0.0349724 0.975232 0.218401 -1.36101 0.30664 -0.218464 0.926415 -11.7821 0 0 0 1 
25528382210018;2.95759;1.67934;0.999099 0.0409393 -0.011144 1.59445 -0.0334646 0.921809 0.386196 -2.50886 0.0260833 -0.385476 0.922349 -17.5493 0 0 0 1 
25528382210019;2.21355;1.90534;0.995814 0.0157427 0.0900336 1.07113 -0.015159 0.999859 -0.00716413 0.275879 -0.0901338 0.00576932 0.995913 0.00982336 0 0 0 1 
25528382210020;0.308749;0.341285;0.982449 -0.0384072 0.182534 -1.66997 0.0819547 0.967939 -0.237438 -2.7354 -0.167562 0.24823 0.954099 13.3828 0 0 0 1 
25528382210021;1.80312;1.39693;0.999854 0.0159277 -0.00616232 0.874528 -0.0155635 0.998353 0.0552117 0.0268288 0.00703156 -0.0551077 0.998456 -1.98083 0 0 0 1 
25528382210022;2.94324;2.47917;0.872478 -0.0326952 -0.487559 -1.67609 -0.000444699 0.997706 -0.0677008 0.043718 0.488654 0.0592843 0.870461 0.0899165 0 0 0 1 
25528382210023;1.21687;0.949564;0.888172 -0.0179653 -0.45916 -0.820627 -0.0205234 0.996687 -0.078696 0.117596 0.459053 0.079319 0.884861 0.151227 0 0 0 1 
25528382210024;1.44022;1.35799;0.998831 -0.0202016 0.0439165 -1.00093 0.0218302 0.99908 -0.0369263 -0.42544 -0.0431301 0.0378418 0.998353 1.73232 0 0 0 1 
25528382210025;2.35204;2.15425;0.99998 0.00524416 -0.00359367 0.512798 -0.00522111 0.999966 0.00639388 -0.101257 0.00362708 -0.00637499 0.999973 -0.493245 0 0 0 1 
25528382210026;1.69358;0.480989;0.997844 0.0062523 0.0653395 0.217769 -0.00736794 0.999831 0.0168476 0.350942 -0.0652231 -0.0172927 0.997721 -1.97036 0 0 0 1 
25528382210027;2.42888;1.63671;0.997564 -0.0143271 0.0682675 -0.832099 0.0159384 0.999606 -0.0231166 -0.336652 -0.0679094 0.0241483 0.997399 3.35007 0 0 0 1 
25528382210028;0.814222;0.311871;0.969184 0.00897167 -0.246176 0.628925 -0.029316 0.996435 -0.0791017 0.168225 0.244589 0.0838809 0.965992 1.73324 0 0 0 1 
25528382210029;0.390701;0.310947;0.973162 -0.0567913 -0.223002 -2.97762 -0.00992059 0.957814 -0.287217 -2.45533 0.229905 0.281721 0.931545 12.2234 0 0 0 1 
25528382210031;1.54457;0.7809;0.999597 0.021884 -0.0180979 0.601584 -0.0209515 0.998519 0.050203 -0.00974081 0.0191697 -0.0498036 0.998575 -3.16886 0 0 0 1 
25528382210032;0.49374;0.392911;0.999785 0.0205484 -0.00283693 0.536535 -0.0200545 0.992454 0.120969 -0.0158441 0.00530124 -0.120886 0.992652 -3.70703 0 0 0 1 
25528382210033;0.496545;0.383197;0.998363 0.00874187 0.0565262 0.251744 -0.00948837 0.999871 0.0129513 -0.000521544 -0.0564057 -0.0134665 0.998317 -0.42126 0 0 0 1 
25528382210034;1.67751;1.34901;0.999544 -0.00727424 -0.0292965 -0.168616 0.00412998 0.994359 -0.105989 -0.222108 0.0299022 0.10582 0.993936 1.92086 0 0 0 1 
25528382210035;1.14274;0.490409;0.996776 0.0182152 -0.0781458 0.570548 -0.0145757 0.998794 0.0468929 -0.0123634 0.0789057 -0.0456026 0.995838 -3.28522 0 0 0 1 
25528382210036;0.657758;0.300662;0.998618 0.0131735 0.0508841 0.325765 -0.0192396 0.992511 0.12063 0.0845035 -0.0489139 -0.121442 0.991393 -2.75458 0 0 0 1 
25528382210037;0.42747;0.285099;0.942572 0.0254511 -0.333032 0.965251 -0.00573951 0.99818 0.0600389 -0.110643 0.333953 -0.0546796 0.941002 -4.99765 0 0 0 1 
25528382210038;2.16463;1.54014;0.995013 -0.0170743 -0.0982688 -0.683594 0.0136826 0.999291 -0.0350848 -0.259036 0.0987982 0.0335653 0.994541 1.75161 0 0 0 1 
25528382210039;1.45509;1.21987;0.999825 0.0036523 0.0183602 0.095066 -0.00480321 0.998 0.0630369 0.0536539 -0.0180932 -0.063114 0.997842 -1.02173 0 0 0 1 
25528382210040;1.05221;1.0502;0.995592 -0.0187594 -0.0918987 -0.529757 0.0143296 0.998714 -0.048628 -0.203559 0.0926927 0.0470968 0.99458 0.369437 0 0 0 1 
25528382210041;1.71424;0.795464;0.909212 -0.0206042 0.415823 0.649936 -0.00688499 0.997894 0.0645003 0.134628 -0.416276 -0.0615074 0.907155 3.28611 0 0 0 1 
25528382210042;0.574012;0.32926;0.989004 0.000978345 0.147885 0.117973 0.0480005 0.943717 -0.327253 -2.48431 -0.139882 0.330753 0.933293 11.6392 0 0 0 1 
25528382210043;0.513876;0.230068;0.999942 0.00605918 0.00895615 0.322284 -0.00778761 0.978159 0.207714 -0.413723 -0.00750196 -0.207771 0.978149 -6.77959 0 0 0 1 
25528382210044;0.355334;0.245074;0.91513 -0.0108356 0.403014 0.701011 -0.0437005 0.991083 0.125878 0.174866 -0.400785 -0.132807 0.906496 -0.789115 0 0 0 1 
25528382210045;1.15928;1.0781;0.99924 0.00315465 -0.0388529 -0.00131934 -0.00501066 0.998846 -0.0477659 -0.0431515 0.0386573 0.0479243 0.998103 0.83567 0 0 0 1 
25528382210046;2.5411;1.09244;0.995302 0.0197599 0.0947825 0.71393 -0.0558568 0.916802 0.395416 -2.41223 -0.0790834 -0.398852 0.913599 -13.8109 0 0 0 1 
25528382210047;2.63214;2.26361;0.962738 -0.0776178 -0.259058 -2.58331 -0.0168778 0.938816 -0.344006 -2.25861 0.269909 0.33556 0.902523 8.7698 0 0 0 1 
25528382210048;0.0550198;0.103852;0.99972 0.00998278 -0.021469 0.189207 -0.0103093 0.999832 -0.0151503 0.0594272 0.0213142 0.0153673 0.999655 0.214719 0 0 0 1 
25528382210049;0.624254;0.330747;0.999035 0.0185112 0.0398314 0.511837 -0.0266386 0.976389 0.214373 -0.267323 -0.0349226 -0.215227 0.975939 -5.88853 0 0 0 1 
25528382210050;1.7141;0.288808;0.999664 0.0127267 0.0225864 0.207424 -0.0115808 0.998674 -0.05016 0.122397 -0.0231949 0.0498816 0.998486 3.56387 0 0 0 1 
25528382210051;0.731618;0.736186;0.998788 0.0124107 -0.0476364 0.313936 -0.00800809 0.995771 0.0915226 -0.0199841 0.0485708 -0.0910302 0.994663 -3.20692 0 0 0 1 
25528382210052;0.501673;0.442654;0.94583 0.0103969 -0.324495 0.636352 0.0290838 0.992755 0.116581 -0.372585 0.323357 -0.119703 0.938676 -6.44739 0 0 0 1 
25528382210053;0.245766;0.274194;0.996453 0.00471282 0.0840158 0.152016 0.00760574 0.989299 -0.145701 -0.554327 -0.0838035 0.145823 0.985755 5.06455 0 0 0 1 
25528382210054;2.27774;1.78508;0.998445 -0.00639483 0.0553781 -0.175554 0.00927353 0.99861 -0.0518828 -0.112743 -0.0549694 0.0523157 0.997117 3.47723 0 0 0 1 
25528382210055;0.613367;0.673936;0.996784 0.0121225 -0.0792161 0.214186 -0.00992554 0.999557 0.0280692 0.0179015 0.0795212 -0.0271927 0.996462 -1.40931 0 0 0 1 
25528382210056;2.21606;2.04419;0.992701 0.0388377 -0.114181 1.27346 -0.0131426 0.975929 0.217692 -0.550558 0.119887 -0.214602 0.969316 -8.43462 0 0 0 1 
25528382210057;2.17431;1.92086;0.999883 -0.00304628 -0.0149939 -0.30471 0.00246384 0.999247 -0.0387112 -0.220374 0.0151005 0.0386697 0.999138 1.75753 0 0 0 1 
25528382210058;0.777574;0.480574;0.943785 0.0928997 -0.317238 2.912 0.0322663 0.929224 0.368105 -2.20766 0.328982 -0.357648 0.87399 -13.7484 0 0 0 1 
25528382210059;0.655634;0.292041;0.998393 0.0219788 -0.0522253 0.615115 -0.01703 0.995485 0.093384 -0.0154079 0.0540419 -0.0923446 0.994259 -4.03655 0 0 0 1 
25528382210060;1.3379;0.403687;0.94472 -0.0597013 -0.322398 -1.95689 -0.00689622 0.979448 -0.201581 -0.94832 0.327807 0.192661 0.924892 4.33564 0 0 0 1 
25528382210062;1.314;0.928663;0.996199 0.0117333 -0.0863109 0.571467 -0.00739689 0.998702 0.0503916 -0.0032332 0.0867901 -0.0495616 0.994993 -2.15794 0 0 0 1 
25528382210063;2.15505;1.48595;0.999974 -0.00706778 -0.00163521 -0.440938 0.00697235 0.998601 -0.0524254 0.108747 0.00200345 0.0524127 0.998624 3.17523 0 0 0 1 
25528382210064;0.553066;0.481209;0.98477 -0.000212939 0.17386 0.129004 0.0264596 0.988534 -0.14866 -0.795824 -0.171835 0.150997 0.973485 10.069 0 0 0 1 
25528382210065;1.61508;0.655397;0.994617 0.0276432 -0.0998626 2.03321 -0.0102012 0.985199 0.171113 -0.986997 0.103115 -0.169173 0.980177 -12.51 0 0 0 1 
25528382210066;1.78743;0.984457;0.999966 0.00148042 0.00813838 0.0481059 -0.00166361 0.999744 0.0225494 -0.00993162 -0.00810292 -0.0225621 0.999713 -0.71054 0 0 0 1 
25528382210067;0.672032;0.534236;0.99366 -0.0167155 -0.111181 -2.23189 0.0064221 0.99571 -0.0923038 -0.584172 0.112247 0.0910045 0.989504 11.8886 0 0 0 1 
25528382210068;1.84994;0.831131;0.997898 0.00678164 -0.064442 0.0335617 -0.003539 0.998728 0.0503003 0.0791557 0.0647012 -0.0499665 0.996653 -1.59942 0 0 0 1 
25528382210069;2.23987;0.418894;0.981143 -0.0333924 -0.190378 -3.74322 -0.0117845 0.972796 -0.231363 -3.07184 0.192924 0.229244 0.954058 24.8495 0 0 0 1 
25528382210070;2.2156;0.881033;0.999934 -0.00116909 -0.0114237 -0.416188 0.00121145 0.999992 0.00370114 0.000237755 0.0114192 -0.00371473 0.999928 2.27852 0 0 0 1 
25528382210071;1.44584;1.25257;0.999025 -0.0438952 0.00477194 -4.34256 0.0412568 0.889508 -0.455054 -11.0458 0.01573 0.454807 0.890451 44.5909 0 0 0 1 
25528382210072;1.6175;1.66532;0.998247 -0.0419333 -0.0417729 -4.41507 0.0242043 0.933246 -0.35842 -7.14744 0.0540142 0.356781 0.932625 36.9411 0 0 0 1 
25528382210073;2.148;0.384651;0.999088 0.00714647 -0.0420958 0.192134 -0.00515714 0.998873 0.0471777 0.112314 0.0423855 -0.0469176 0.997999 -1.20178 0 0 0 1 
25528382210074;1.21241;0.37408;0.991429 -0.00477534 0.13056 -0.32688 0.00271702 0.999869 0.0159389 0.143084 -0.130619 -0.0154475 0.991312 -6.41158 0 0 0 1 
25528382210075;0.469924;0.150263;0.967644 -0.0280212 -0.250759 -4.22675 -0.0131908 0.986837 -0.161176 -1.99804 0.251975 0.159269 0.954538 21.4365 0 0 0 1 
25528382210076;1.94829;1.24825;0.999895 0.0067897 -0.012813 0.361182 -0.00576381 0.9969 0.0784712 0.110859 0.013306 -0.0783891 0.996834 -5.51529 0 0 0 1 
25528382210077;1.55351;0.718301;0.999853 0.00954117 -0.0142231 1.09612 -0.00858033 0.997773 0.0661492 -0.246659 0.0148226 -0.0660175 0.997708 -8.07387 0 0 0 1 
25528382210078;1.78754;1.48933;0.999833 0.000316447 0.0182546 -0.0146383 -0.000889524 0.999507 0.031394 0.0662839 -0.0182356 -0.031405 0.99934 -2.64983 0 0 0 1 
25528382210079;0.52952;0.326122;0.966331 -0.0182191 -0.256656 -3.41983 -0.00915353 0.994424 -0.105054 -1.06119 0.257139 0.103867 0.960776 16.2539 0 0 0 1 
25528382210080;0.579865;0.174304;0.999941 0.000771835 -0.0108007 -0.0284441 -0.000765012 1 0.0006358 -0.0265298 0.0108012 -0.0006275 0.999941 0.782796 0 0 0 1 
25528382210081;1.6725;1.67097;0.999584 -0.00963438 0.0271725 -0.872576 0.0115315 0.997442 -0.0705462 -0.158237 -0.0264234 0.0708302 0.997138 6.14788 0 0 0 1 
25528382210082;1.80785;0.209817;0.960019 -0.0115751 0.279695 -1.00269 -0.0287052 0.989807 0.13949 -1.16497 -0.278459 -0.141942 0.949902 -19.2904 0 0 0 1 
25528382210083;0.928935;0.24307;0.981613 -0.0349396 -0.187656 -4.76972 -0.00472796 0.978353 -0.206891 -3.08565 0.190822 0.203974 0.960199 25.8284 0 0 0 1 
25528382210084;1.83208;1.44321;0.998795 -0.0162076 -0.0463173 -1.66558 0.0101082 0.991592 -0.129009 -0.801646 0.0480188 0.128386 0.990561 12.3619 0 0 0 1 
25528382210085;0.401662;0.25773;0.993918 0.0510979 -0.0975513 4.74515 -0.0192683 0.952861 0.302795 -4.33757 0.108425 -0.299074 0.94805 -27.6235 0 0 0 1 
25528382210086;1.45129;1.2196;0.996667 0.00221306 -0.0815504 -0.203522 -0.00426656 0.999678 -0.0250152 -0.133187 0.0814688 0.0252797 0.996355 5.28754 0 0 0 1 
25528382210087;0.345605;0.136946;0.939534 -0.0059469 0.342404 -1.07876 0.035632 0.99612 -0.0804712 0.244569 -0.340596 0.0878059 0.936101 0.11522 0 0 0 1 
25528382210088;0.167837;0.14818;0.999931 -0.00468713 -0.010785 -0.534428 0.00469978 0.999988 0.00114803 0.102793 0.0107795 -0.00119864 0.999941 -0.158181 0 0 0 1 
25528382210089;1.83562;1.81679;0.999873 -0.00429211 0.0153312 -0.371493 0.0048081 0.999418 -0.0337793 0.0046299 -0.0151773 0.0338488 0.999312 2.61457 0 0 0 1 
25528382210090;2.15758;0.161928;0.999989 -0.000363063 -0.00465221 -0.253119 0.000235087 0.999622 -0.0274797 -0.196496 0.00466043 0.0274784 0.999612 5.39982 0 0 0 1 
25528382210091;0.893388;0.494866;0.999866 -0.0124283 0.0106708 -1.26163 0.0136564 0.992186 -0.124019 -0.877168 -0.00904609 0.124148 0.992222 12.7557 0 0 0 1 
25528382210093;1.89713;0.224746;0.977685 0.0463221 -0.204904 -1.04987 -0.0263928 0.994743 0.0989475 -0.459474 0.20841 -0.0913315 0.973768 4.4445 0 0 0 1 
25528382210094;0.825331;0.240252;0.998139 0.0220928 -0.0568432 -0.04635 -0.00194456 0.943132 0.332414 0.320018 0.0609546 -0.331684 0.941419 -2.0299 0 0 0 1 
25528382210095;0.858473;0.767727;0.960103 0.0773779 0.26873 0.5046 -0.113639 0.985991 0.122097 -1.69725 -0.255517 -0.147764 0.955446 -4.3722 0 0 0 1 
25528382210096;0.8797;0.386403;0.957953 0.0448678 0.283395 0.407437 -0.149859 0.920514 0.360828 -2.38811 -0.244679 -0.388125 0.888533 -7.1036 0 0 0 1 
25528382210097;2.1961;0.609263;0.995914 0.0485535 0.0761414 0.400248 -0.0528679 0.997046 0.0557083 -1.85929 -0.0732116 -0.0595061 0.99554 -2.80559 0 0 0 1 
25528382210098;1.08082;0.276313;0.999768 0.0215232 -0.00128126 0.327717 -0.0215594 0.997133 -0.0725338 -1.04365 -0.000283573 0.0725445 0.997365 -0.192045 0 0 0 1 
25528382210099;0.565162;0.389315;0.948802 -0.0424274 -0.313011 -1.76691 0.00435694 0.992602 -0.121337 -0.197494 0.315843 0.113761 0.941967 5.79617 0 0 0 1 
25528382210100;1.81678;1.78911;0.998756 0.0411476 0.0281608 0.461635 -0.0469222 0.966671 0.251684 -0.43389 -0.016866 -0.252693 0.9674 -1.75741 0 0 0 1 
25528382210101;0.708323;0.438997;0.998958 -0.0248842 -0.0382458 -0.387417 0.0232152 0.998785 -0.0434792 0.387032 0.0392813 0.0425461 0.998322 1.37322 0 0 0 1 
25528382210102;2.25601;1.76866;0.997327 -0.00945487 -0.0724514 -0.0164726 0.00227895 0.995135 -0.0984938 -0.35164 0.0730302 0.0980654 0.992497 0.575406 0 0 0 1 
25528382210103;0.72475;0.456509;0.999331 0.0357084 -0.0078819 0.359242 -0.0350429 0.996742 0.0726407 -0.513823 0.0104501 -0.0723159 0.997327 0.35449 0 0 0 1 
25528382210104;2.73972;1.55071;0.990792 0.0541244 -0.124104 -0.209266 -0.0192095 0.963543 0.266861 0.439097 0.134023 -0.26202 0.955711 2.46537 0 0 0 1 
25528382210105;1.37462;0.283333;0.986177 0.0485661 0.158416 0.487309 0.0352292 0.872762 -0.486874 -1.96043 -0.161905 0.485725 0.858987 -0.601671 0 0 0 1 
25528382210106;1.98093;0.136254;0.994607 -0.0611411 -0.0837745 -0.253876 0.0261822 0.929611 -0.367611 -0.198696 0.100354 0.363435 0.926199 1.95869 0 0 0 1 
25528382210107;2.7132;2.06521;0.999468 0.00698062 0.0318622 0.249808 -0.00862922 0.998615 0.051901 -0.156608 -0.0314558 -0.0521483 0.998144 -2.47968 0 0 0 1 
25528382210108;2.24596;0.810654;0.983 0.0463916 -0.177649 0.0733997 -0.0397768 0.998383 0.0406192 -1.72173 0.179247 -0.0328624 0.983255 1.47204 0 0 0 1 
25528382210109;1.35089;0.323316;0.996748 0.0104872 0.0798927 0.44415 -0.00328787 0.995962 -0.089716 -0.240988 -0.080511 0.0891616 0.992758 -1.87337 0 0 0 1 
25528382210110;1.54595;0.933887;0.997312 0.0664318 -0.0309131 0.154223 -0.0421917 0.865594 0.498967 0.189866 0.0599055 -0.496321 0.86607 -2.25667 0 0 0 1 
25528382210111;0.364366;0.220074;0.985155 -0.0135961 -0.171127 -0.81384 0.00552837 0.998854 -0.0475333 -0.0712511 0.171577 0.0458817 0.984102 3.26519 0 0 0 1 
25528382210112;2.44837;1.96827;0.994442 -0.00783906 0.104994 -0.0230542 -0.0142869 0.977954 0.208333 0.29876 -0.104312 -0.208675 0.972406 -1.27027 0 0 0 1 
25528382210113;0.357128;0.280277;0.998906 0.0436953 0.01665 0.348223 -0.0446568 0.99704 0.0625794 -0.731377 -0.0138663 -0.0632544 0.997901 -0.230628 0 0 0 1 
25528382210114;2.52967;0.813169;0.947274 -0.0430679 0.317516 -0.84911 0.144078 0.942351 -0.30202 1.62184 -0.286204 0.331843 0.89887 -4.61767 0 0 0 1 
25528382210115;1.99023;0.257273;0.997891 -0.00960009 -0.0641911 -0.558649 0.0103063 0.99989 0.0106793 0.315078 0.0640815 -0.0113183 0.99788 2.98187 0 0 0 1 
25528382210116;0.274109;0.201815;0.998643 0.0166394 -0.049343 -0.140491 -0.00376456 0.968163 0.250293 0.338739 0.0519367 -0.249768 0.966912 -0.683333 0 0 0 1 
25528382210117;0.456139;0.286289;0.974185 0.0414253 0.22192 0.393888 -0.0842433 0.978719 0.187116 -1.17662 -0.209446 -0.200981 0.956943 -4.66389 0 0 0 1 
25528382210118;1.00279;0.204993;0.998601 -0.00672549 0.0524553 -0.0313907 0.00618373 0.999926 0.0104835 0.128179 -0.0525219 -0.0101445 0.998568 -1.79344 0 0 0 1 
25528382210119;1.53716;0.990103;0.994967 0.0307109 0.0953845 0.116391 -0.00856407 0.974457 -0.224413 -1.3323 -0.09984 0.222466 0.969815 0.493885 0 0 0 1 
25528382210120;1.16367;0.563623;0.999649 -0.00167423 0.0264302 0.0638496 0.000938047 0.999612 0.0278418 0.40798 -0.0264665 -0.0278072 0.999263 0.29802 0 0 0 1 
25528382210121;1.92017;1.57997;0.998476 0.0136483 0.0534749 0.310449 -0.024538 0.977685 0.208638 -0.0588034 -0.049434 -0.209632 0.97653 -3.1328 0 0 0 1 
25528382210122;1.42171;0.495562;0.995674 0.0171581 -0.0913217 0.123706 -0.019974 0.99935 -0.0300106 -0.266614 0.0907475 0.0317049 0.995369 0.315483 0 0 0 1 
25528382210124;1.41534;0.489311;0.999766 0.0157212 -0.0148812 1.29491 -0.0148806 0.998375 0.0550027 -0.334057 0.0157217 -0.0547684 0.998375 -5.8486 0 0 0 1 
25528382210125;0.633729;0.339599;0.991875 -0.0359024 -0.122045 -3.1681 0.0185959 0.989964 -0.140089 -0.990428 0.12585 0.136682 0.982588 12.0073 0 0 0 1 
25528382210126;0.445145;0.298309;0.951714 -0.00672488 -0.306911 -1.34817 0.0132917 0.999725 0.0193114 0.0872362 0.306697 -0.0224583 0.951542 -0.101085 0 0 0 1 
25528382210127;0.670288;0.629952;0.998325 -0.014062 -0.0561159 -1.21129 0.0105508 0.997996 -0.0623835 -0.256435 0.0568807 0.061687 0.996473 5.35646 0 0 0 1 
25528382210128;2.24311;1.7143;0.999921 -0.0115317 0.00490337 -0.592305 0.0116329 0.999709 -0.0211301 -0.0176062 -0.00465827 0.0211855 0.999765 -0.292305 0 0 0 1 
25528382210129;1.80511;1.47194;0.984973 0.0124758 0.172258 1.24039 -0.0137218 0.999888 0.00604473 0.158318 -0.172164 -0.00831759 0.985033 -0.309213 0 0 0 1 
25528382210130;0.986557;0.170257;0.998963 0.0130961 0.0435992 1.00192 -0.0165105 0.996746 0.0788984 -0.037836 -0.042424 -0.0795365 0.995929 -5.40015 0 0 0 1 
25528382210131;2.11864;1.89552;0.983986 -0.107763 -0.14198 -8.61883 0.0345751 0.89681 -0.441062 -8.40976 0.174859 0.42909 0.886175 34.2059 0 0 0 1 
25528382210132;0.163045;0.139257;0.999916 0.00333196 -0.0125162 0.212636 -0.00371638 0.999518 -0.0308175 -0.14644 0.0124075 0.0308614 0.999447 2.31783 0 0 0 1 
25528382210133;1.8377;0.888946;0.999869 -0.00282039 -0.01591 -0.47764 0.00267946 0.999957 -0.0088722 0.110828 0.0159343 0.00882841 0.999834 2.70325 0 0 0 1 
25528382210134;1.18998;0.858857;0.999996 -0.0027435 0.00115163 -0.319298 0.00277735 0.999531 -0.030504 -0.0521648 -0.0010674 0.0305071 0.999534 3.28689 0 0 0 1 
25528382210135;0.879278;0.702142;0.999233 0.011612 0.0374024 0.858294 -0.013182 0.99903 0.0420084 -0.0336277 -0.0368783 -0.0424692 0.998417 -2.94828 0 0 0 1 
25528382210136;1.20454;1.04139;0.93805 0.0316104 0.345055 2.68693 0.0248058 0.987149 -0.157868 -1.03009 -0.345611 0.156648 0.925211 11.1512 0 0 0 1 
25528382210137;0.490225;0.524432;0.999878 -0.010158 0.0118543 -0.719261 0.0109312 0.997687 -0.0670924 -0.243923 -0.0111454 0.0672138 0.997676 4.93139 0 0 0 1 
25528382210138;0.898047;0.925913;0.999872 -0.0117158 0.0109103 -0.805841 0.0125766 0.996512 -0.0824913 -0.333915 -0.00990576 0.0826179 0.996532 6.10491 0 0 0 1 
25528382210139;0.258844;0.206538;0.9984 -0.00742433 0.0560481 -0.469148 0.0101506 0.998771 -0.0485144 -0.14486 -0.055619 0.0490057 0.997249 3.59135 0 0 0 1 
25528382210140;1.51354;1.32917;0.999579 -0.00874871 0.027667 -0.621677 0.0117699 0.993751 -0.110995 -0.578113 -0.0265231 0.111274 0.993436 7.76754 0 0 0 1 
25528382210141;0.177514;0.182113;0.968583 0.015565 0.248204 1.44833 -0.0312876 0.997736 0.0595272 -0.235516 -0.246715 -0.0654227 0.966877 -6.69493 0 0 0 1 
25528382210142;1.7221;1.45238;0.990954 0.0125484 -0.133614 0.601617 0.006394 0.990074 0.140405 -0.348347 0.134049 -0.139989 0.981037 -9.78584 0 0 0 1 
25528382210143;1.74732;1.60962;0.99362 -0.0137888 -0.111935 -1.35953 0.00921108 0.999104 -0.0413114 0.0868034 0.112404 0.0400168 0.992856 3.83852 0 0 0 1 
25528382210144;0.62636;0.603014;0.985342 -0.0138 -0.170032 -1.31681 0.0137796 0.999904 -0.00129989 0.0679301 0.170034 -0.00106214 0.985438 0.779771 0 0 0 1 
25528382210145;2.23099;1.69416;0.982247 0.0163961 0.186874 1.59796 -0.0259732 0.998465 0.0489162 -0.124881 -0.185785 -0.0529015 0.981165 -3.63217 0 0 0 1 
25528382210146;0.123351;0.133389;0.987708 -0.00427431 0.156252 -0.0722011 0.00358499 0.999983 0.00469313 -0.00735255 -0.156269 -0.00407528 0.987706 -1.28409 0 0 0 1 
25528382210147;2.1323;0.332036;0.999941 -0.0015382 0.0107772 -0.363727 0.00167674 0.999916 -0.0128576 0.0906766 -0.0107565 0.0128749 0.999859 3.56262 0 0 0 1 
25528382210148;1.17842;0.507826;0.99996 -0.00537684 -0.00710987 -0.518907 0.00507017 0.999085 -0.0424697 -0.0611229 0.00733172 0.042432 0.999072 4.52114 0 0 0 1 
25528382210149;1.8032;1.68087;0.974372 0.0372254 -0.22184 2.46849 0.0188595 0.96922 0.245473 -2.01351 0.224149 -0.243366 0.943679 -18.5139 0 0 0 1 
25528382210150;1.89528;1.83056;0.991821 0.00508883 0.127539 0.55983 0.00785694 0.994876 -0.100796 -0.397467 -0.127398 0.100974 0.986699 7.14036 0 0 0 1 
25528382210151;1.38396;0.489438;0.999971 0.00731233 0.00234431 0.73488 -0.00730578 0.999969 -0.00279264 -0.216223 -0.00236466 0.00277543 0.999993 -1.59841 0 0 0 1 
25528382210152;1.90731;1.79866;0.999453 0.00412103 -0.0328243 0.376481 -0.0013344 0.996425 0.0844688 -0.317093 0.0330551 -0.0843788 0.995885 -7.48867 0 0 0 1 
25528382210153;0.627318;0.214818;0.968551 -0.0605068 -0.241346 -5.48368 0.0201871 0.985893 -0.166156 -1.323 0.247994 0.156059 0.956109 14.3058 0 0 0 1 
25528382210155;0.972428;0.607018;0.996613 -0.0419228 -0.070747 -2.79644 0.0070291 0.900577 -0.434639 -7.35296 0.0819344 0.43267 0.897822 27.1759 0 0 0 1 
25528382210156;1.01473;0.740997;0.992043 0.013891 -0.125134 0.439173 -0.00760566 0.998692 0.0505672 -0.148594 0.125672 -0.0492131 0.99085 -1.68819 0 0 0 1 
25528382210157;0.233342;0.250087;0.998451 0.00343003 -0.0555383 -0.00260463 -0.00675069 0.998193 -0.0597139 -0.494135 0.0552331 0.0599963 0.996669 4.7098 0 0 0 1 
25528382210158;0.218897;0.189095;0.999936 -0.00594093 -0.00966072 -0.377436 0.00599759 0.999965 0.00584713 0.176114 0.00962564 -0.00590469 0.999936 -0.451792 0 0 0 1 
25528382210159;0.424214;0.201855;0.968795 -0.0127755 0.247535 -0.690364 0.096264 0.93967 -0.328257 -2.39697 -0.228408 0.341843 0.911577 14.6142 0 0 0 1 
25528382210160;0.944861;0.76649;0.999086 -0.0166327 -0.0393869 -1.01834 0.00880473 0.981522 -0.191147 -1.78578 0.0418384 0.190625 0.980771 11.8569 0 0 0 1 
25528382210161;0.607772;0.415079;0.984138 -0.0157363 0.176705 -0.773875 0.0365469 0.992677 -0.115142 0.0782952 -0.173599 0.119773 0.977506 1.69749 0 0 0 1 
25528382210162;0.465464;0.249062;0.991568 0.0054611 0.129473 0.538791 -0.0235959 0.990018 0.13895 -0.67035 -0.127422 -0.140834 0.981799 -12.0637 0 0 0 1 
25528382210163;0.301031;0.189287;0.999888 0.00896219 -0.0119578 0.45509 -0.0085753 0.99945 0.0320228 0.0417932 0.0122382 -0.0319166 0.999416 -1.18774 0 0 0 1 
25528382210164;0.262538;0.252393;0.999979 -0.00646914 -0.000147705 -0.394673 0.00646994 0.99996 0.00622589 0.177245 0.000107423 -0.00622672 0.999981 -0.580273 0 0 0 1 
25528382210165;0.165591;0.169626;0.999924 0.0020526 -0.0121853 0.0349292 -0.000855291 0.995239 0.0974621 0.0615902 0.0123273 -0.0974442 0.995165 -5.38247 0 0 0 1 
25528382210166;1.12952;0.719296;0.972834 0.00389824 -0.231472 -0.657896 0.00540611 0.999203 0.0395486 0.157882 0.231442 -0.0397255 0.972037 0.834654 0 0 0 1 
25528382210167;0.708722;0.190588;0.994766 -0.013871 -0.101238 -1.5623 0.00767895 0.99809 -0.061299 -0.282429 0.101895 0.0602007 0.992972 7.3263 0 0 0 1 
25528382210168;1.1418;0.266242;0.999802 0.00722524 0.01854 0.273569 -0.00667294 0.999537 -0.0296807 -0.235249 -0.0187459 0.0295512 0.999387 4.08862 0 0 0 1 
25528382210169;0.757933;0.726898;0.995006 0.00631863 0.0996174 0.651631 -0.00334377 0.999544 -0.0300016 -0.266628 -0.0997616 0.0295186 0.994573 -0.870267 0 0 0 1 
25528382210170;0.338329;0.0866284;0.988017 0.00232396 0.154325 0.397357 0.0592284 0.917625 -0.39301 -4.69245 -0.142526 0.397441 0.906492 19.6761 0 0 0 1 
25528382210171;0.814741;0.701891;0.99487 0.0191361 -0.099338 0.429471 -0.0149595 0.998979 0.0426212 -0.164144 0.100052 -0.0409165 0.994141 1.10461 0 0 0 1 
25528382210172;0.85032;0.282405;0.991159 0.0613742 -0.117635 2.43312 -0.0168816 0.937714 0.346998 -1.9612 0.131605 -0.341944 0.930459 -15.0459 0 0 0 1 
25528382210173;0.630488;0.54027;0.999723 -0.000282853 -0.0235309 -0.0473273 0.00197201 0.997418 0.0717924 0.164999 0.0234498 -0.0718189 0.997142 -4.58618 0 0 0 1 
25528382210174;0.36066;0.235067;0.961574 0.105914 -0.253294 4.14148 -0.00770446 0.932638 0.36073 -2.51022 0.274438 -0.344917 0.897617 -14.412 0 0 0 1 
25528382210175;0.400793;0.378806;0.999763 0.00242862 0.021645 0.247952 -0.000129378 0.994409 -0.105599 -0.647917 -0.0217804 0.105571 0.994173 5.83424 0 0 0 1 
25528382210176;0.342834;0.164898;0.984399 0.00184194 0.17594 0.362542 -0.0325248 0.984617 0.171671 -0.98657 -0.172918 -0.174715 0.969316 -14.8194 0 0 0 1 
25528382210177;0.260067;0.124554;0.99731 -0.0321715 -0.0658672 -2.11629 0.0132374 0.962815 -0.269836 -2.70622 0.0720989 0.268239 0.960651 17.0696 0 0 0 1 
25528382210178;0.926206;0.249515;0.999832 -0.00533126 0.0175582 -0.457369 0.00515658 0.999937 0.00997862 0.216415 -0.0176103 -0.0098864 0.999796 1.22572 0 0 0 1 
25528382210179;0.695785;0.263235;0.999977 -0.00264236 -0.0063126 -0.00495578 0.0015645 0.98629 -0.165014 -1.06203 0.00666208 0.165 0.986271 8.03753 0 0 0 1 
25528382210180;0.109455;0.0919767;0.999666 0.0121316 0.0228186 0.78281 -0.0136659 0.997569 0.068329 -0.160808 -0.0219342 -0.068618 0.997402 -4.62811 0 0 0 1 
25528382210181;0.971587;0.639076;0.944289 0.00315432 0.329103 -0.364047 0.0154477 0.998427 -0.0538932 0.296847 -0.328755 0.0559746 0.942755 -6.44653 0 0 0 1 
25528382210182;0.540657;0.319093;0.998479 0.00510092 0.0548994 0.522093 -0.00450102 0.999929 -0.0110454 -0.241747 -0.0549518 0.0107815 0.998431 -1.73547 0 0 0 1 
25528382210183;0.488607;0.360737;0.970011 0.00435112 0.243021 0.451968 -0.0028936 0.999976 -0.00635415 0.0353643 -0.243043 0.00546039 0.97 -4.79158 0 0 0 1 
25528382210184;0.107925;0.06584;0.999912 0.00756097 -0.010856 0.364053 -0.00740971 0.999876 0.0139061 -0.103307 0.0109598 -0.0138245 0.999844 -0.363337 0 0 0 1 
25528382210186;2.61464;0.652783;0.906309 0.0413834 -0.420584 0.315449 0.0475124 0.978907 0.198703 -0.0848026 0.419935 -0.20007 0.885227 -5.46346 0 0 0 1 
25528382210187;2.55948;0.28398;0.999953 0.00925874 0.00289034 0.650235 -0.00922566 0.999894 -0.0112551 -0.273432 -0.00299424 0.0112279 0.999932 -1.9706 0 0 0 1 
25528382210188;2.1137;0.707763;0.993385 -0.0112516 -0.114276 -0.334629 -0.00293829 0.992371 -0.123251 -0.25233 0.114791 0.122771 0.985774 4.33926 0 0 0 1 
25528382210189;3.03095;1.6142;0.932613 -0.00865746 0.360773 0.300711 0.0254624 0.998799 -0.0418532 0.238018 -0.359978 0.048219 0.931714 -0.733523 0 0 0 1 
25528382210190;2.58604;2.47693;0.943226 0.0395186 0.329792 1.92146 0.0265152 0.98077 -0.19336 -1.1161 -0.331091 0.191126 0.92404 4.37434 0 0 0 1 
25528382210191;2.29839;1.1725;0.994093 -0.00435248 0.10844 -0.112166 -0.0352589 0.93204 0.360636 -1.32645 -0.10264 -0.362329 0.926381 -14.012 0 0 0 1 
25528382210192;1.26077;0.927193;0.997569 0.0221102 -0.0660813 0.79855 -0.0199577 0.999254 0.0330567 -0.249388 0.0667629 -0.0316575 0.997267 -1.33962 0 0 0 1 
25528382210193;1.94741;1.24868;0.975857 -0.0243674 0.217047 -0.813635 0.0527701 0.99062 -0.126043 0.196741 -0.21194 0.134453 0.96799 0.90199 0 0 0 1 
25528382210194;0.500481;0.294887;0.991229 0.0656869 -0.114677 2.13513 -0.0149985 0.918038 0.396209 -2.26362 0.131304 -0.391013 0.910971 -14.2675 0 0 0 1 
25528382210195;0.447325;0.21493;0.993633 0.00338955 0.112616 0.340232 0.0257921 0.966161 -0.256649 -1.69048 -0.109675 0.257919 0.959921 8.78205 0 0 0 1 
25528382210196;0.672791;0.492945;0.999753 -0.0215952 -0.00524278 -0.987979 0.0218007 0.99884 0.0429425 0.498888 0.00430934 -0.0430462 0.999064 -1.47223 0 0 0 1 
25528382210197;1.68816;1.62687;0.99984 0.0140742 0.0110612 0.527213 -0.0144778 0.999199 0.0372936 -0.0616392 -0.0105275 -0.0374478 0.999243 -1.58436 0 0 0 1 
25528382210198;0.0806703;0.143845;0.999746 -0.022476 -0.00190221 -0.953387 0.0224433 0.999624 -0.015755 0.30894 0.0022556 0.0157083 0.999874 0.576955 0 0 0 1 
25528382210199;2.04506;0.592574;0.985553 -0.0267019 0.167248 -0.808838 0.0281608 0.999583 -0.00635703 0.412418 -0.167008 0.010975 0.985894 -3.47182 0 0 0 1 
25528382210200;1.86353;1.35889;0.98539 -0.0918186 -0.14344 -4.52297 0.0424933 0.948139 -0.315004 -2.29162 0.164925 0.304306 0.938188 14.5021 0 0 0 1 
25528382210201;1.69978;1.60719;0.977723 -0.0138111 0.209444 -0.250155 -0.0100293 0.993619 0.11234 0.0622635 -0.209659 -0.111938 0.971346 -7.96229 0 0 0 1 
25528382210202;3.09717;0.490029;0.999657 -0.0116208 0.0234762 -0.770004 0.0127951 0.998642 -0.0505075 -0.0256765 -0.0228574 0.0507906 0.998448 4.45503 0 0 0 1 
25528382210203;2.66545;0.388082;0.999915 0.0123048 -0.00438648 0.248314 -0.0119578 0.997341 0.0718874 0.163635 0.00525938 -0.0718288 0.997403 -0.446605 0 0 0 1 
25528382210204;2.12678;1.92187;0.999952 -0.0097604 0.000931384 -0.452224 0.00975113 0.999907 0.0094931 0.408613 -0.00102395 -0.00948356 0.999955 -0.315891 0 0 0 1 
25528382210205;2.17534;0.467458;0.971138 0.0152895 -0.238027 0.336087 -0.00666232 0.999293 0.0370068 -0.246254 0.238424 -0.0343529 0.970553 -0.510304 0 0 0 1 
25528382210206;0.615844;0.290791;0.999623 -0.00116641 0.0274235 0.0042512 0.00331121 0.996925 -0.0782956 -0.302379 -0.0272478 0.0783569 0.996553 3.16998 0 0 0 1 
25528382210207;2.70191;2.47193;0.998404 -0.0161268 0.0541305 -0.403556 0.0209535 0.995738 -0.08982 -0.0719879 -0.0524513 0.0908108 0.994486 1.5743 0 0 0 1 
25528382210208;0.254784;0.253179;0.998503 0.0259625 -0.0481403 0.900549 -0.0245478 0.999256 0.02975 -0.349515 0.0488768 -0.0285237 0.998397 -0.575671 0 0 0 1 
25528382210209;0.401221;0.38511;0.999906 0.0112556 -0.00777878 0.380074 -0.0109429 0.999174 0.0391408 -0.0435677 0.00821291 -0.0390521 0.999203 -1.41401 0 0 0 1 
25528382210210;3.26762;2.84064;0.998334 0.053983 0.0203784 2.28834 -0.0576981 0.930211 0.362461 -2.60321 0.00061054 -0.363033 0.931776 -15.7938 0 0 0 1 
25528382210211;2.11433;0.857885;0.998713 0.0338838 0.0377364 1.34258 -0.0399967 0.983711 0.175253 -0.374145 -0.0311835 -0.176536 0.9838 -5.77928 0 0 0 1 
25528382210212;0.939666;0.378884;0.981634 0.0146638 0.190212 0.857195 0.0202819 0.98337 -0.18048 -0.888934 -0.189695 0.181023 0.965011 4.04255 0 0 0 1 
25528382210213;1.20317;1.08383;0.99639 0.00372596 0.0848174 0.287728 -0.0119189 0.995281 0.096295 0.0271342 -0.0840584 -0.0969582 0.991732 -4.71487 0 0 0 1 
25528382210214;2.77469;0.928007;0.98521 0.0400307 0.16661 1.97886 -0.00406146 0.977511 -0.210846 -1.8283 -0.171303 0.207051 0.963216 8.19374 0 0 0 1 
25528382210215;2.52413;2.34261;0.999641 0.0141118 -0.0227917 0.502612 -0.00800124 0.968535 0.248748 -0.697312 0.0255848 -0.248476 0.9683 -10.1225 0 0 0 1 
25528382210217;1.06109;1.04495;0.972037 -0.0158903 -0.234289 -1.6865 0.00666675 0.999173 -0.0401079 -0.0758477 0.234732 0.0374244 0.971339 4.14816 0 0 0 1 
25528382210218;0.551084;0.513039;0.999863 0.0130103 0.0102247 1.20577 -0.0136387 0.997857 0.0640005 -0.259186 -0.00937011 -0.0641312 0.997897 -5.62031 0 0 0 1 
25528382210219;0.422673;0.398364;0.974579 -0.00937357 0.223848 -0.794929 0.000469846 0.999208 0.0397959 0.0244852 -0.224044 -0.038679 0.973811 -4.34633 0 0 0 1 
25528382210220;1.03905;0.864393;0.961757 0.0607941 -0.267072 5.39848 -0.0233971 0.989728 0.141038 -1.08409 0.272903 -0.129395 0.9533 -10.8959 0 0 0 1 
25528382210221;1.31298;0.672904;0.997901 -0.0137621 -0.0632737 -1.53609 0.00486725 0.990331 -0.138636 -1.14299 0.0645699 0.138037 0.98832 14.0872 0 0 0 1 
25528382210222;1.56771;1.20874;0.986943 0.0356966 -0.157064 3.63132 -0.0178372 0.993357 0.113681 -0.761262 0.160078 -0.109395 0.981024 -10.9887 0 0 0 1 
25528382210223;0.395381;0.301863;0.99832 0.00449908 -0.0577602 0.287105 -0.00156001 0.998706 0.0508285 -0.0599676 0.0579142 -0.050653 0.997036 -4.0626 0 0 0 1 
25528382210224;1.45898;1.12816;0.994848 -0.00381149 -0.10131 -0.763151 0.00549374 0.999852 0.0163312 0.0483756 0.101233 -0.0168036 0.994721 -0.0141551 0 0 0 1 
25528382210225;0.647882;0.276972;0.955409 0.0452137 -0.291804 3.27427 0.000557465 0.98793 0.1549 -0.911135 0.295286 -0.148156 0.943852 -11.5585 0 0 0 1 
25528382210226;0.247807;0.246766;0.994336 0.01378 -0.105389 1.20696 -0.0118134 0.999745 0.0192627 -0.119775 0.105628 -0.0179085 0.994244 -1.26105 0 0 0 1 
25528382210227;1.67052;0.42094;0.999846 -0.00228071 0.0174242 -0.456024 0.0022651 0.999997 0.000915545 -0.0335431 -0.0174263 -0.000875936 0.999848 2.10132 0 0 0 1 
25528382210228;0.941077;0.321893;0.999844 -0.00320729 -0.0173429 -0.0069525 0.00207942 0.997905 -0.0646647 -0.133105 0.0175139 0.0646186 0.997756 4.37309 0 0 0 1 
25528382210229;1.84373;1.78099;0.999487 -0.0166395 -0.0273756 -1.63321 0.014773 0.997642 -0.0670258 -0.140434 0.0284264 0.066587 0.997376 6.18758 0 0 0 1 
25528382210230;0.815476;0.714293;0.99994 -0.00667554 -0.00869836 -0.712108 0.00662167 0.999959 -0.00620751 0.0431922 0.00873944 0.00614954 0.999943 0.932221 0 0 0 1 
25528382210231;0.945073;0.484012;0.999954 8.27541e-06 -0.00958961 -0.143458 -0.000102643 0.999952 -0.00984014 -0.0452979 0.00958906 0.00984067 0.999906 1.96853 0 0 0 1 
25528382210232;0.385786;0.323368;0.994811 0.00395976 0.101664 0.398751 -0.0131246 0.995888 0.0896385 -0.357399 -0.100891 -0.0905076 0.990772 -8.97129 0 0 0 1 
25528382210233;0.215723;0.137154;0.999059 0.0394801 0.0179545 3.52596 -0.0431928 0.943178 0.32947 -5.12206 -0.00392676 -0.329935 0.943995 -29.6945 0 0 0 1 
25528382210234;1.80049;1.32453;0.999891 -0.0135306 0.00588846 -0.926208 0.0139071 0.997489 -0.0694478 -0.0316695 -0.004934 0.0695222 0.997568 4.16138 0 0 0 1 
25528382210235;1.841;1.83454;0.980941 0.00233409 0.194292 0.215386 -0.0415478 0.979321 0.198002 -1.88495 -0.189812 -0.2023 0.960753 -18.4279 0 0 0 1 
25528382210236;0.783834;0.533118;0.992398 0.00341157 0.123025 0.387434 -0.00935657 0.998814 0.0477782 -0.117894 -0.122716 -0.0485661 0.991253 -4.18089 0 0 0 1 
25528382210237;0.646121;0.485065;0.995803 -0.00487355 -0.0913958 -0.3543 0.0045866 0.999984 -0.00334951 0.0460133 0.0914106 0.00291625 0.995809 -0.0947176 0 0 0 1 
25528382210238;0.978297;0.751064;0.994488 -0.0158629 0.103648 -1.42425 0.0281821 0.992554 -0.118498 -0.681351 -0.100996 0.120766 0.98753 10.9991 0 0 0 1 
25528382210239;1.51578;0.1295;0.995483 -0.00965852 0.0944505 -1.21913 0.0152776 0.998144 -0.0589518 -0.184465 -0.0937058 0.0601285 0.993783 7.07405 0 0 0 1 
25528382210240;0.466545;0.419439;0.999775 0.0209603 -0.00319564 1.81015 -0.0199399 0.980732 0.194335 -1.67709 0.00720739 -0.194228 0.98093 -17.3301 0 0 0 1 
25528382210241;1.93577;1.77124;0.98929 0.00806897 0.145738 0.946734 -0.0289345 0.989497 0.141627 -0.871456 -0.143064 -0.144327 0.979133 -13.5033 0 0 0 1 
25528382210242;0.86252;0.537392;0.996554 -0.0258272 0.0788185 -2.47676 0.0411358 0.979078 -0.199283 -1.7896 -0.0720226 0.201839 0.976767 18.5826 0 0 0 1 
25528382210243;0.905546;0.252321;0.970203 -0.00669999 0.242201 -0.45593 -0.00608521 0.998628 0.0520009 -0.0370841 -0.242217 -0.0519253 0.968831 -4.61637 0 0 0 1 
25528382210244;0.219604;0.21892;0.999847 0.00254431 -0.017301 0.208878 -0.00287719 0.999811 -0.0192425 -0.0572702 0.0172487 0.0192893 0.999665 1.62961 0 0 0 1 
25528382210245;0.165948;0.112472;0.98071 -0.00769359 0.195318 -0.626889 0.00412262 0.999817 0.0186828 0.0391515 -0.195426 -0.0175171 0.980562 -2.74956 0 0 0 1 
25528382210246;1.5805;1.40549;0.998548 -0.00175845 0.0538472 -0.25951 0.000793436 0.999839 0.0179375 0.0200385 -0.0538701 -0.0178687 0.998388 -0.848209 0 0 0 1 
25528382210248;1.80404;1.57062;0.997557 0.00537351 0.0696454 0.452567 0.00563325 0.987601 -0.156886 -0.716945 -0.0696249 0.156895 0.985158 8.15748 0 0 0 1 
25528382210249;2.65063;0.653705;0.999379 -0.0140234 0.0323341 -0.570438 0.0136296 0.999831 0.0123676 0.0891902 -0.032502 -0.0119192 0.999401 -3.60417 0 0 0 1 
25528382210250;0.988386;0.21957;0.988575 -0.028655 -0.147982 -1.95745 0.0194732 0.997815 -0.0631272 -0.208357 0.149467 0.0595243 0.986973 3.83375 0 0 0 1 
25528382210251;1.96971;0.578998;0.999284 0.00351564 -0.0376786 0.313194 -0.00209338 0.999286 0.0377205 0.529592 0.0377843 -0.0376146 0.998578 -4.27841 0 0 0 1 
25528382210252;1.48555;1.27594;0.99985 0.017302 0.000812462 1.03715 -0.0173001 0.999848 -0.00218984 -0.186001 -0.000850227 0.00217545 0.999997 0.462172 0 0 0 1 
25528382210253;1.51489;0.427316;0.999214 0.0138982 0.0371128 0.956155 -0.0125412 0.999253 -0.0365505 0.0492591 -0.0375931 0.0360564 0.998642 0.34351 0 0 0 1 
25528382210254;2.5409;1.9779;0.999332 0.0137948 0.0338306 0.832169 -0.0186642 0.98879 0.14814 -0.0697752 -0.0314078 -0.148672 0.988388 -10.171 0 0 0 1 
25528382210255;0.438009;0.185942;0.995534 0.00111417 -0.0943945 -0.141196 -0.00937821 0.996151 -0.0871497 -0.441051 0.0939341 0.0876458 0.991713 4.94769 0 0 0 1 
25528382210256;0.895108;0.427056;0.961668 0.0122248 0.273942 1.37188 0.0659296 0.959394 -0.274258 -3.29297 -0.266171 0.281806 0.921812 16.7319 0 0 0 1 
25528382210257;0.887196;0.793788;0.99939 -0.00234526 0.0348415 0.0350903 0.00197922 0.999943 0.0105364 -0.0526973 -0.0348642 -0.010461 0.999337 -0.806323 0 0 0 1 
25528382210258;2.46932;0.577293;0.999281 0.0266043 -0.0270212 1.86878 -0.0280234 0.998171 -0.0535724 0.0171059 0.0255466 0.0542911 0.998198 0.191881 0 0 0 1 
25528382210259;0.355498;0.262912;0.995137 -0.00690325 0.0982579 -0.141261 0.0507702 0.890771 -0.451608 -7.22757 -0.0844077 0.4544 0.88679 25.2209 0 0 0 1 
