#;prob_registration_l1 -r /home/probabilistic_point_clouds_registration/build/tester /home/point_clouds_registration_benchmark//devel/registration_pairs/stairs_local.txt /home/point_clouds_registration_benchmark//eth/stairs -s 0.2 -t 0.2 -p 0.3 -r 1000 -m 10 -i 40 
id;initial_error;final_error;transformation
5494384560000;0.832403;0.0576293;0.993935 0.108798 -0.0159824 0.833847 -0.107932 0.993017 0.0476274 0.400152 0.0210526 -0.0456136 0.998737 0.324977 0 0 0 1 
5494384560001;0.315086;0.0896087;0.913518 0.234333 -0.332525 1.59866 -0.201275 0.970718 0.131125 1.25289 0.353515 -0.0528562 0.933934 -2.3623 0 0 0 1 
5494384560002;0.630491;0.0391771;0.999462 -0.0177385 -0.0275854 0.704227 0.0181397 0.999732 0.0143649 -0.270836 0.0273232 -0.0148575 0.999516 0.0704907 0 0 0 1 
5494384560003;0.317466;0.0474591;0.969868 -0.0460737 -0.239233 0.90624 0.124182 0.938307 0.322736 -1.86381 0.209604 -0.34272 0.915756 -1.4017 0 0 0 1 
5494384560004;0.657978;0.0299551;0.998087 0.0577434 0.0220696 -0.193895 -0.0596863 0.993104 0.100902 0.684129 -0.016091 -0.102027 0.994652 0.61392 0 0 0 1 
5494384560005;0.751618;0.060979;0.994901 -0.0859239 -0.0528166 -0.406066 0.092045 0.9876 0.12718 -1.49986 0.0412338 -0.131393 0.990472 -0.434202 0 0 0 1 
5494384560006;0.696898;0.0636231;0.931375 0.308643 -0.193082 1.31322 -0.329341 0.94033 -0.0855269 2.29484 0.155164 0.143247 0.977448 -0.577747 0 0 0 1 
5494384560007;0.399045;0.0532876;0.934029 -0.353787 -0.0492296 0.77211 0.356366 0.932356 0.0609529 -3.07092 0.0243352 -0.0744756 0.996926 -0.1653 0 0 0 1 
5494384560008;0.231215;0.0398169;0.975086 -0.19471 -0.106283 0.374525 0.183114 0.976942 -0.109786 -1.09555 0.125208 0.087589 0.988257 -0.794657 0 0 0 1 
5494384560009;0.454804;0.0746556;0.989298 -0.0246095 -0.143821 0.727319 0.0349275 0.996959 0.0696635 -0.69852 0.141669 -0.0739413 0.987149 -0.67089 0 0 0 1 
5494384560010;0.83506;0.0370564;0.999992 0.000739177 -0.00390769 -0.0347454 -0.00070842 0.999969 0.00786627 0.138233 0.00391339 -0.00786344 0.999961 0.862597 0 0 0 1 
5494384560011;0.300381;0.0653454;0.99678 0.0570246 0.0563704 -0.182675 -0.038058 0.955244 -0.293361 0.96639 -0.0705763 0.290271 0.954338 0.604454 0 0 0 1 
5494384560012;0.513405;0.0701056;0.940318 0.0599256 -0.334979 1.18788 -0.121194 0.978802 -0.165101 1.26909 0.317984 0.195845 0.927648 -1.74247 0 0 0 1 
5494384560013;0.592232;0.0446931;0.992841 0.0113219 -0.118902 0.489396 -0.0136466 0.999731 -0.0187554 0.77792 0.118658 0.0202438 0.992729 -0.843397 0 0 0 1 
5494384560014;0.784839;0.0671829;0.947838 0.208073 0.24147 0.512113 -0.255801 0.948518 0.186761 1.27651 -0.190179 -0.238788 0.952267 1.93318 0 0 0 1 
5494384560015;1.02961;0.103938;0.945468 0.311001 -0.0967944 0.320196 -0.325708 0.904735 -0.274533 3.77149 0.00219337 0.291089 0.956694 0.77978 0 0 0 1 
5494384560016;0.692498;0.105755;0.991438 0.119752 -0.0520684 0.21523 -0.130544 0.899375 -0.417232 2.54695 -0.00313532 0.420457 0.907307 -0.131988 0 0 0 1 
5494384560017;0.125802;0.0477754;0.999958 0.00333153 -0.00849804 0.0585508 -0.00317368 0.999823 0.0185208 -0.0605436 0.00855824 -0.0184931 0.999792 0.0596396 0 0 0 1 
5494384560018;0.697368;0.0355283;0.995685 0.0606994 -0.0701934 0.759816 -0.0744083 0.974208 -0.21303 1.21354 0.0554521 0.217334 0.974521 0.160358 0 0 0 1 
5494384560019;0.372102;0.0747134;0.954767 0.282444 0.0929834 0.188941 -0.291154 0.951504 0.0993479 1.96484 -0.0604138 -0.121927 0.990699 0.19245 0 0 0 1 
5494384560020;0.725979;0.0813535;0.946591 0.313905 0.073686 0.18546 -0.321171 0.897686 0.301676 2.11707 0.0285508 -0.30923 0.950559 0.43247 0 0 0 1 
5494384560021;0.810082;0.034407;0.995275 0.0890666 -0.0386542 -0.183295 -0.0886564 0.995988 0.0122019 0.672367 0.0395859 -0.00871729 0.999178 0.510022 0 0 0 1 
5494384560022;1.01164;0.0395477;0.887571 -0.294657 -0.354112 1.52992 0.32628 0.944742 0.0316912 -3.49562 0.325207 -0.143668 0.934666 -1.9982 0 0 0 1 
5494384560023;0.527542;0.0752956;0.97917 0.0906001 -0.181707 0.884983 -0.0869246 0.995818 0.0281071 0.547622 0.183494 -0.0117268 0.982951 -1.85548 0 0 0 1 
5494384560024;0.419936;0.064722;0.936622 0.338218 -0.0913679 1.0233 -0.339169 0.94071 0.00538444 2.59001 0.0877718 0.025946 0.995803 -0.87999 0 0 0 1 
5494384560025;0.495752;0.0758698;0.939328 0.301662 -0.163286 0.990404 -0.29786 0.953408 0.0478826 2.22741 0.170123 0.003659 0.985416 -0.825212 0 0 0 1 
5494384560026;0.350666;0.0542729;0.976153 0.0956952 0.194851 -0.246145 -0.0416082 0.963429 -0.264712 0.948066 -0.213057 0.250292 0.944437 2.0085 0 0 0 1 
5494384560027;0.90423;0.0340302;0.990895 0.0775738 -0.110041 1.29984 -0.0580476 0.983613 0.170695 0.200462 0.12148 -0.162753 0.97916 -0.708722 0 0 0 1 
5494384560028;0.914969;0.0482789;0.996185 -0.0858152 -0.0158505 -0.870421 0.0864101 0.995386 0.0417144 -0.660847 0.0121976 -0.0429249 0.999004 -0.321136 0 0 0 1 
5494384560029;0.844853;0.090465;0.999727 0.0192663 0.0131814 0.0492241 -0.0195659 0.999544 0.0229879 -0.53948 -0.0127325 -0.0232395 0.999649 -0.529295 0 0 0 1 
5494384560031;0.314572;0.0515929;0.916244 -0.35367 -0.188186 0.527805 0.361599 0.932296 0.0084386 -1.43749 0.17246 -0.0757796 0.982097 -0.704404 0 0 0 1 
5494384560032;0.143255;0.0641519;0.996199 0.0582796 0.064736 0.0232285 -0.0532896 0.99566 -0.0763036 0.239488 -0.0689019 0.0725639 0.994981 0.280774 0 0 0 1 
5494384560033;0.256973;0.0513121;0.999622 0.00603923 0.0268232 0.190576 -0.0027757 0.992761 -0.120077 0.225026 -0.0273542 0.119957 0.992402 0.207909 0 0 0 1 
5494384560034;0.872658;0.0581083;0.97007 -0.217815 0.107338 0.0641529 0.196305 0.96363 0.181334 -1.78094 -0.142932 -0.154835 0.977546 -0.0492393 0 0 0 1 
5494384560035;0.383527;0.0458813;0.996687 -0.0682426 0.0442529 0.0752542 0.0654654 0.995962 0.0614322 0.0642885 -0.0482665 -0.0583316 0.99713 0.255162 0 0 0 1 
5494384560036;0.699819;0.0510258;0.953257 0.259628 -0.154578 0.575513 -0.295592 0.907359 -0.298873 0.93168 0.0626624 0.330595 0.94169 0.464859 0 0 0 1 
5494384560037;0.785083;0.0593413;0.969968 -0.0897163 0.226081 -0.34102 0.153169 0.947344 -0.281211 -0.201122 -0.188948 0.307394 0.932635 0.116713 0 0 0 1 
5494384560038;1.00964;0.0606832;0.903141 -0.427607 0.0385719 -0.835472 0.427752 0.903883 0.00482648 -1.33508 -0.0369283 0.0121402 0.999244 -0.189795 0 0 0 1 
5494384560039;0.16472;0.0905081;0.983404 -0.0904956 -0.157249 0.197744 0.0934141 0.995564 0.0112535 -0.344386 0.155533 -0.025756 0.987495 -0.596806 0 0 0 1 
5494384560040;0.656318;0.0491221;0.91167 0.341243 0.228936 0.597218 -0.335706 0.939792 -0.0639671 0.813833 -0.236981 -0.0185383 0.971337 1.11642 0 0 0 1 
5494384560041;0.496934;0.0609691;0.876102 -0.307726 0.371146 -0.159945 0.319545 0.947066 0.0309387 -1.13758 -0.361021 0.0914924 0.928059 1.92954 0 0 0 1 
5494384560042;0.516103;0.396298;0.994765 -0.0591785 -0.0833107 -0.230987 0.0694677 0.989521 0.126583 -0.591002 0.0749466 -0.131708 0.988451 -0.442657 0 0 0 1 
5494384560043;0.0787389;0.0631313;0.999928 -0.00506774 0.0108402 -0.037224 0.00471639 0.99947 0.0321956 -0.177282 -0.0109976 -0.0321421 0.999423 0.114812 0 0 0 1 
5494384560044;0.670233;0.0446788;0.998551 0.0518399 0.0144348 0.233591 -0.0524854 0.997436 0.0486586 0.267618 -0.0118753 -0.0493457 0.998711 0.786309 0 0 0 1 
5494384560045;0.454928;0.0448367;0.912371 -0.268616 0.308908 -0.456261 0.174055 0.937547 0.30118 -1.16485 -0.370518 -0.221021 0.902145 1.47462 0 0 0 1 
5494384560046;0.663952;0.0610263;0.978301 0.140396 -0.152372 0.422858 -0.139726 0.990074 0.0151465 1.19772 0.152986 0.00647244 0.988207 -0.643526 0 0 0 1 
5494384560047;0.60701;0.0570699;0.982086 0.0132091 -0.18797 -0.109994 -0.0495119 0.980578 -0.189777 0.797134 0.181812 0.195684 0.963666 -0.856129 0 0 0 1 
5494384560048;0.280379;0.0467036;0.999893 -0.00205555 0.0144581 -0.056174 0.00160589 0.999517 0.031044 -0.198004 -0.0145149 -0.0310174 0.999413 0.37475 0 0 0 1 
5494384560049;0.480826;0.0388286;0.92547 0.335946 0.175059 0.599997 -0.331504 0.941854 -0.0549251 1.40851 -0.183332 -0.00720111 0.983025 0.707616 0 0 0 1 
5494384560050;0.519994;0.0593151;0.976575 0.204719 0.0662653 -0.169129 -0.20072 0.977665 -0.0623059 0.281332 -0.0775405 0.0475456 0.995855 0.37784 0 0 0 1 
5494384560051;0.245903;0.0557376;0.999826 -0.0165229 0.00865484 0.0380762 0.0162148 0.999272 0.0345305 -0.293064 -0.00921908 -0.0343842 0.999366 -0.141128 0 0 0 1 
5494384560052;0.581213;0.0364681;0.950544 0.161916 0.265045 -0.371496 -0.191802 0.977216 0.0908883 0.0944919 -0.24429 -0.137229 0.959943 0.720233 0 0 0 1 
5494384560053;0.543864;0.0686267;0.962453 -0.213779 0.167281 -0.452337 0.192189 0.971856 0.136233 -1.30434 -0.191697 -0.0989686 0.976451 0.399507 0 0 0 1 
5494384560054;0.812423;0.384394;0.997806 -0.0455655 -0.0480244 -0.339115 0.0465647 0.998717 0.0198966 -0.404913 0.0470562 -0.0220892 0.998648 -0.702422 0 0 0 1 
5494384560055;0.804846;0.0475662;0.929009 0.00679961 0.369994 0.504149 -0.044697 0.994573 0.0939508 0.549837 -0.367347 -0.103819 0.924272 1.53431 0 0 0 1 
5494384560056;0.404608;0.053421;0.981228 0.162777 0.103416 -0.163734 -0.162371 0.986652 -0.0123851 0.186678 -0.104052 -0.0046392 0.994561 0.332847 0 0 0 1 
5494384560057;0.241612;0.0653849;0.973354 0.201276 -0.109868 0.36834 -0.189015 0.975502 0.112558 0.449472 0.129832 -0.0887919 0.987552 -0.406774 0 0 0 1 
5494384560058;0.361634;0.0643029;0.990914 -0.1144 0.0707306 0.116085 0.123383 0.982516 -0.139424 -0.0550979 -0.0535438 0.146884 0.987703 0.33474 0 0 0 1 
5494384560059;0.672349;0.0827258;0.999071 -0.0108203 0.0417173 -0.0816279 0.0102186 0.999841 0.0146095 -0.10145 -0.0418688 -0.0141696 0.999023 -0.560948 0 0 0 1 
5494384560060;0.435775;0.0574228;0.955355 -0.274694 -0.108813 -0.0564745 0.295085 0.905652 0.304498 -1.66411 0.0149026 -0.323013 0.946277 -0.244149 0 0 0 1 
5494384560062;0.821662;0.0731164;0.964944 -0.196663 -0.173799 0.366958 0.193063 0.980468 -0.0375537 -1.60512 0.17779 0.00268305 0.984065 -1.33196 0 0 0 1 
5494384560063;1.2461;0.0389912;0.942 0.100142 -0.320325 1.77849 -0.109409 0.993936 -0.0110155 0.811861 0.317279 0.0454232 0.947244 -2.45946 0 0 0 1 
5494384560064;0.351118;0.0746887;0.924032 -0.382294 0.00399682 0.185147 0.382315 0.923992 -0.00859294 -2.4401 -0.000408005 0.00946819 0.999955 0.0173746 0 0 0 1 
5494384560065;1.02628;0.0464158;0.997051 0.0763747 0.00749925 -0.0660315 -0.0758732 0.995708 -0.0529959 0.348556 -0.0115146 0.0522706 0.998567 0.870539 0 0 0 1 
5494384560066;0.385602;0.16798;0.919494 0.385053 -0.0791511 0.999944 -0.386878 0.922091 -0.00856565 2.46035 0.0696863 0.0384979 0.996826 -0.319477 0 0 0 1 
5494384560067;1.09812;0.0581246;0.979195 -0.132911 0.153336 -0.398801 0.156102 0.976175 -0.150711 -0.927263 -0.129651 0.171511 0.976614 0.194658 0 0 0 1 
5494384560068;0.284277;0.0460337;0.987801 0.142362 -0.0631031 0.301843 -0.12026 0.954855 0.271642 0.0592102 0.0989258 -0.26074 0.960327 -0.624627 0 0 0 1 
5494384560069;0.305684;0.0368526;0.987194 0.156408 -0.0313659 0.402611 -0.156335 0.987692 0.0048021 0.990383 0.0317309 0.000162967 0.999496 -0.118048 0 0 0 1 
5494384560070;1.06788;0.0389904;0.998625 0.0516804 -0.00879068 0.780933 -0.0499795 0.989198 0.1378 -0.00584586 0.0158173 -0.137171 0.990421 -0.424669 0 0 0 1 
5494384560071;0.199717;0.0435814;0.999969 -0.00752858 0.0021337 -0.0124098 0.00753931 0.999959 -0.0050662 -0.0917884 -0.00209547 0.00508213 0.999985 0.186913 0 0 0 1 
5494384560072;1.02349;0.0424311;0.963499 -0.0233532 -0.266693 1.1013 -0.0584629 0.95379 -0.294733 1.70964 0.261252 0.299566 0.91761 -1.30912 0 0 0 1 
5494384560073;0.123206;0.0352999;0.992851 -0.119305 0.00366014 -0.0475929 0.119216 0.992689 0.0188663 -0.814312 -0.00588424 -0.0182951 0.999815 0.0742267 0 0 0 1 
5494384560074;0.700296;0.070288;0.938378 0.343765 0.0356769 0.109794 -0.342781 0.938905 -0.0309761 2.42915 -0.0441457 0.0168379 0.998883 0.0499968 0 0 0 1 
5494384560075;0.186882;0.0677687;0.999963 0.00629137 0.00594387 0.036441 -0.0060894 0.999423 -0.0334083 0.130159 -0.00615063 0.0333709 0.999424 -0.0257927 0 0 0 1 
5494384560076;1.00141;0.0479364;0.992375 -0.0985376 0.0740467 -0.30404 0.0933613 0.993141 0.0703916 -0.605935 -0.080475 -0.0629418 0.994767 1.25114 0 0 0 1 
5494384560077;0.605922;0.0632752;0.890261 -0.336327 -0.307116 1.40337 0.362254 0.9316 0.0298844 -2.35974 0.276058 -0.137859 0.951203 -1.91308 0 0 0 1 
5494384560078;0.686652;0.068229;0.921966 -0.38522 0.0398125 0.0549543 0.380882 0.883353 -0.273159 -1.74959 0.0700576 0.267007 0.961145 0.185146 0 0 0 1 
5494384560079;0.330281;0.0731458;0.929922 0.367034 -0.0230417 0.635443 -0.361601 0.923976 0.124549 1.9198 0.0670036 -0.107489 0.991946 -0.387602 0 0 0 1 
5494384560080;0.779401;0.0536513;0.916922 0.390059 -0.0843042 1.28259 -0.379911 0.917874 0.11478 2.32252 0.122152 -0.0732162 0.989807 -0.61354 0 0 0 1 
5494384560081;0.603531;0.0599942;0.98026 0.193738 -0.0394322 0.467405 -0.197478 0.969113 -0.147724 1.77698 0.00959447 0.152595 0.988242 0.377257 0 0 0 1 
5494384560082;0.617118;0.0596107;0.890228 -0.275625 -0.362665 1.44488 0.325738 0.941733 0.0838685 -2.02656 0.318417 -0.192796 0.928138 -2.13076 0 0 0 1 
5494384560083;0.290683;0.0579635;0.94661 0.301681 0.113656 0.156333 -0.287675 0.949592 -0.124569 2.07488 -0.145507 0.085222 0.98568 0.957095 0 0 0 1 
5494384560084;0.175327;0.0559109;0.98631 -0.118554 -0.114622 0.308806 0.10194 0.984705 -0.141298 -0.279345 0.129621 0.127679 0.983309 -0.70761 0 0 0 1 
5494384560085;0.943472;0.0373912;0.992894 -0.113694 -0.0351498 0.0562203 0.0979139 0.948359 -0.301708 -0.237665 0.0676372 0.296123 0.952752 0.445392 0 0 0 1 
5494384560086;0.821732;0.0539704;0.992317 -0.0271513 0.120705 -0.484779 0.0172937 0.996484 0.0819767 -0.554628 -0.122506 -0.0792595 0.989298 1.29564 0 0 0 1 
5494384560087;0.12902;0.0360076;0.999001 0.01004 -0.0435368 0.0416127 -0.0103146 0.999928 -0.00608694 0.0788883 0.0434726 0.00652993 0.999033 -0.175915 0 0 0 1 
5494384560088;1.25698;0.0566494;0.878893 0.143455 -0.454937 1.69248 -0.128999 0.989651 0.0628527 -0.250892 0.459245 0.0034457 0.888303 -2.46221 0 0 0 1 
5494384560089;1.3654;0.343539;0.928657 0.359121 0.0928928 -0.0208587 -0.349879 0.931201 -0.102223 2.9666 -0.123212 0.0624289 0.990415 0.0981727 0 0 0 1 
5494384560090;0.736364;0.048452;0.956834 -0.290407 -0.0115032 0.54481 0.26549 0.88947 -0.371966 -0.558523 0.118253 0.352856 0.928175 -0.285489 0 0 0 1 
5494384560091;0.484121;0.0492912;0.939559 -0.153629 -0.305985 1.14136 0.212814 0.962118 0.170407 -1.77371 0.268214 -0.225226 0.936661 -1.28742 0 0 0 1 
5494384560093;0.0553842;0.218917;0.997987 0.0385742 -0.0503332 0.0349723 -0.0401145 0.998746 -0.0299593 0.39731 0.0491144 0.0319181 0.998283 -0.177743 0 0 0 1 
5494384560094;0.672056;0.457012;0.902018 0.0233688 -0.431066 1.70462 0.064689 0.979943 0.188488 -1.02377 0.426825 -0.197904 0.882414 -2.26872 0 0 0 1 
5494384560095;0.854827;0.421921;0.913487 0.401164 -0.067888 0.799121 -0.401885 0.915684 0.00327631 2.19753 0.0634783 0.0242903 0.997688 0.024403 0 0 0 1 
5494384560096;0.268636;0.275303;0.963448 -0.20906 -0.167516 0.411333 0.196059 0.97637 -0.0908994 -1.21913 0.182561 0.054734 0.98167 -1.14212 0 0 0 1 
5494384560097;0.745786;0.212066;0.998397 0.00712906 -0.0561494 -0.195277 -0.00720116 0.999973 -0.00108179 -0.390403 0.0561402 0.00148439 0.998422 0.0162286 0 0 0 1 
5494384560098;0.365154;0.328228;0.92768 -0.317175 -0.197002 0.720791 0.318923 0.947485 -0.0236532 -2.20506 0.194159 -0.040886 0.980118 -1.20348 0 0 0 1 
5494384560099;0.345567;0.217389;0.998698 -0.045313 0.0234168 -0.344199 0.0461201 0.998317 -0.0351628 -0.12254 -0.021784 0.036197 0.999107 0.244716 0 0 0 1 
5494384560100;0.37298;0.311794;0.942256 -0.165713 -0.291019 0.645567 0.178495 0.983781 0.0177416 -1.25637 0.283359 -0.0686627 0.956553 -1.59367 0 0 0 1 
5494384560101;0.595346;0.278051;0.912204 0.393872 0.112907 0.216457 -0.408599 0.894966 0.179117 2.38798 -0.0304986 -0.209525 0.977328 0.676471 0 0 0 1 
5494384560102;0.240088;0.398098;0.988397 -0.139322 0.060502 -0.421343 0.147089 0.977306 -0.152437 -0.730831 -0.0378912 0.159568 0.98646 0.425228 0 0 0 1 
5494384560103;0.65911;0.218211;0.998576 0.0177423 -0.0503095 0.137895 -0.0190684 0.99948 -0.0260016 0.0605703 0.049822 0.0269239 0.998395 -0.672149 0 0 0 1 
5494384560104;0.317417;0.51827;0.995309 0.0353864 -0.0900469 -0.121155 -0.015752 0.977564 0.210051 -0.521245 0.0954595 -0.207647 0.973535 -0.491324 0 0 0 1 
5494384560105;0.561217;0.293667;0.95821 0.0429991 -0.282817 0.546584 -0.0670711 0.99485 -0.0759875 0.616365 0.278093 0.0917808 0.956159 -1.29819 0 0 0 1 
5494384560106;0.669368;0.445235;0.987943 0.0373348 0.150247 -0.349399 -0.0336799 0.999073 -0.0267981 -0.15075 -0.151108 0.0214147 0.988285 1.44817 0 0 0 1 
5494384560107;0.196586;0.222773;0.98215 0.149262 -0.114468 0.460084 -0.147091 0.988748 0.0272321 0.96006 0.117245 -0.00990877 0.993054 -0.700515 0 0 0 1 
5494384560108;0.588165;0.267521;0.9685 0.212351 -0.130057 0.581311 -0.149654 0.913803 0.377581 -0.0384297 0.199026 -0.346224 0.916798 -1.40324 0 0 0 1 
5494384560109;0.964218;0.310071;0.98874 0.131406 0.0715992 -0.185909 -0.136742 0.987721 0.0755606 0.87185 -0.0607909 -0.0845005 0.994567 1.25926 0 0 0 1 
5494384560110;0.522946;0.209951;0.90917 -0.408945 -0.0785671 0.283636 0.407433 0.912559 -0.0351429 -2.8659 0.0860686 -5.99233e-05 0.996289 -0.501931 0 0 0 1 
5494384560111;0.382633;0.224216;0.999262 0.0056088 0.037993 -0.369727 -0.00261467 0.996918 -0.0784031 0.216331 -0.0383157 0.078246 0.996198 0.197698 0 0 0 1 
5494384560112;1.20633;0.365644;0.978349 -0.182171 -0.0982179 -0.439872 0.18552 0.982295 0.0260453 -0.928061 0.0917343 -0.0437028 0.994824 0.108034 0 0 0 1 
5494384560113;0.493118;0.235222;0.985617 0.147982 -0.0816122 0.330823 -0.156613 0.981278 -0.112099 1.38627 0.0634956 0.123268 0.99034 -0.58155 0 0 0 1 
5494384560114;0.011633;0.188745;0.997503 0.00885013 -0.0700645 0.130949 -0.00913811 0.999951 -0.00379063 0.073601 0.0700275 0.00442143 0.997535 -0.317954 0 0 0 1 
5494384560115;0.837027;0.321293;0.947576 -0.0961779 -0.304712 0.463589 0.163796 0.965007 0.204773 -2.12874 0.274355 -0.243948 0.930171 -1.36962 0 0 0 1 
5494384560116;0.753813;0.232427;0.992119 -0.0185249 -0.123924 -0.170857 0.0210595 0.999594 0.019174 -0.162523 0.123518 -0.0216327 0.992106 -0.917711 0 0 0 1 
5494384560117;0.39392;0.226469;0.953651 0.29769 -0.0439383 0.490774 -0.298264 0.954458 -0.00698251 2.08266 0.0398586 0.0197641 0.99901 0.13584 0 0 0 1 
5494384560118;0.486867;0.302454;0.994861 0.0923885 -0.0414187 0.188272 -0.100743 0.944082 -0.313942 1.32459 0.0100981 0.316501 0.948538 0.0277259 0 0 0 1 
5494384560119;0.307339;0.22848;0.944232 0.322264 -0.0676208 0.554219 -0.302768 0.930431 0.206469 1.48509 0.129454 -0.174481 0.976114 -0.720927 0 0 0 1 
5494384560120;1.07013;0.256926;0.968209 -0.194992 -0.156686 0.445087 0.174423 0.975252 -0.135867 -0.754359 0.179301 0.104218 0.978259 -1.83706 0 0 0 1 
5494384560121;0.937742;0.200461;0.885162 0.403481 -0.231714 1.07912 -0.405588 0.91315 0.0406847 1.92009 0.228005 0.0579679 0.971933 -1.43331 0 0 0 1 
5494384560122;0.448809;0.208348;0.915095 0.375027 0.148173 0.141348 -0.376295 0.926274 -0.020467 2.73727 -0.144925 -0.0370276 0.98875 1.23737 0 0 0 1 
5494384560124;0.180601;0.149182;0.990463 -0.102569 0.0919916 -0.321093 0.092017 0.989391 0.112421 -0.426636 -0.102547 -0.102884 0.989393 0.348023 0 0 0 1 
5494384560125;0.336264;0.13361;0.952423 -0.132536 0.274455 -0.534853 0.143459 0.989454 -0.0200227 -0.573739 -0.268907 0.0584431 0.961391 1.02942 0 0 0 1 
5494384560126;0.158937;0.0988982;0.990839 0.123028 0.0556941 -0.219118 -0.123437 0.992345 0.00394995 0.51325 -0.0547818 -0.0107885 0.99844 0.164508 0 0 0 1 
5494384560127;0.459182;0.132623;0.987154 -0.136763 -0.0825947 0.453647 0.132717 0.989754 -0.052662 -0.00487414 0.0889507 0.0410238 0.995191 -0.355553 0 0 0 1 
5494384560128;0.768681;0.143453;0.964334 -0.127685 0.231853 -0.720241 0.190752 0.942529 -0.274321 0.0138745 -0.183501 0.308763 0.93327 0.300321 0 0 0 1 
5494384560129;0.8631;0.137521;0.917237 0.0117364 0.39817 -0.933917 -0.127547 0.955593 0.265655 -0.521504 -0.377371 -0.294454 0.878002 1.92891 0 0 0 1 
5494384560130;0.294138;0.124218;0.989008 -0.145735 -0.0249737 0.174514 0.147853 0.976307 0.158002 -0.850446 0.00135565 -0.159958 0.987123 -0.249717 0 0 0 1 
5494384560131;0.331415;0.112988;0.996068 -0.0515474 -0.0720463 0.0217133 0.0527808 0.998489 0.0153211 -0.155471 0.0711476 -0.0190635 0.997284 0.00656066 0 0 0 1 
5494384560132;0.299743;0.365743;0.93159 -0.0237979 -0.362731 0.87653 0.0335729 0.999223 0.0206676 0.144267 0.361957 -0.0314317 0.931665 -1.35576 0 0 0 1 
5494384560133;0.275606;0.15699;0.914697 0.135759 -0.380657 1.05795 -0.0811056 0.984392 0.156184 0.162888 0.395919 -0.111988 0.911431 -1.55564 0 0 0 1 
5494384560134;0.715759;0.104582;0.977475 0.209564 0.0250019 0.0579106 -0.20957 0.977791 -0.00239658 1.02035 -0.0249489 -0.00289706 0.999685 0.866839 0 0 0 1 
5494384560135;0.221863;0.101138;0.957909 0.268714 0.101009 0.0246843 -0.274198 0.960631 0.044763 1.22528 -0.0850041 -0.0705754 0.993878 0.315823 0 0 0 1 
5494384560136;0.513605;0.116011;0.965032 0.262101 0.0039914 -0.19931 -0.262037 0.964981 -0.0121833 1.55835 -0.00704487 0.0107113 0.999918 -0.210511 0 0 0 1 
5494384560137;0.0725673;0.124992;0.999721 0.0194896 -0.01332 0.0192999 -0.0190758 0.999352 0.0305177 0.169824 0.0139062 -0.0302551 0.999445 -0.00634334 0 0 0 1 
5494384560138;0.458946;0.120055;0.995392 -0.0345793 -0.0894384 0.068619 0.0191783 0.985661 -0.167642 0.307132 0.0939529 0.165154 0.981783 0.160402 0 0 0 1 
5494384560139;0.373858;0.122082;0.981319 0.158402 0.109187 0.047579 -0.15816 0.987353 -0.0109265 0.41133 -0.109537 -0.00654673 0.993961 0.323451 0 0 0 1 
5494384560140;0.407687;0.116903;0.922734 0.360371 -0.136728 0.465113 -0.334305 0.924834 0.181446 1.14199 0.191839 -0.121718 0.973849 -0.575039 0 0 0 1 
5494384560141;0.827786;0.113843;0.998621 -0.0113922 0.0512442 -0.282382 0.015707 0.996291 -0.0846029 0.278066 -0.0500903 0.0852912 0.995096 1.15461 0 0 0 1 
5494384560142;0.791925;0.131638;0.997859 -0.0378101 0.0533652 -0.842174 0.0387593 0.999106 -0.0168652 -0.268274 -0.0526798 0.0188975 0.998433 -0.40863 0 0 0 1 
5494384560143;0.413054;0.10253;0.88385 0.391184 0.256486 0.0677839 -0.413899 0.909479 0.0391901 1.50943 -0.217938 -0.140798 0.965753 0.808354 0 0 0 1 
5494384560144;0.460909;0.104853;0.990658 0.0935393 -0.0992287 0.192928 -0.0910157 0.995407 0.0296717 0.488567 0.101548 -0.0203632 0.994622 0.0574927 0 0 0 1 
5494384560145;0.514439;0.175067;0.994615 -0.0537647 0.0885977 -0.399051 0.0330854 0.974897 0.220183 0.122534 -0.0982118 -0.216066 0.971427 0.409074 0 0 0 1 
5494384560146;0.876277;0.104024;0.958969 0.283461 -0.00530751 1.02712 -0.283209 0.958643 0.0282092 0.941216 0.0130842 -0.0255486 0.999588 -0.631205 0 0 0 1 
5494384560147;0.0882485;0.123778;0.989824 0.0307311 -0.138941 0.220183 -0.0256831 0.998948 0.0379806 0.127868 0.139962 -0.0340256 0.989572 -0.605674 0 0 0 1 
5494384560148;0.565514;0.124874;0.890994 0.32572 0.316286 0.225928 -0.294574 0.94484 -0.143192 1.94303 -0.34548 0.0344134 0.937795 1.40211 0 0 0 1 
5494384560149;0.651367;0.127573;0.992821 -0.108745 0.0498165 -0.520453 0.105975 0.992834 0.0552311 -0.384135 -0.0554655 -0.0495552 0.99723 0.817163 0 0 0 1 
5494384560150;0.389377;0.169207;0.945922 -0.270478 0.17909 -0.376062 0.28933 0.953109 -0.0887196 -1.06731 -0.146696 0.135738 0.979824 0.770734 0 0 0 1 
5494384560151;0.428451;0.142945;0.940467 -0.335496 -0.0544435 0.0479988 0.336873 0.941374 0.0182112 -1.34399 0.0451419 -0.0354676 0.998351 -0.538243 0 0 0 1 
5494384560152;0.492131;0.455288;0.935656 -0.35262 -0.0144119 0.0140535 0.352397 0.935715 -0.015936 -1.32059 0.0191048 0.00983185 0.999769 -0.191776 0 0 0 1 
5494384560153;0.585822;0.111933;0.999609 0.0168075 -0.0223469 0.0304584 -0.02092 0.979805 -0.198856 0.704462 0.0185533 0.199245 0.979774 -0.619545 0 0 0 1 
5494384560155;0.510199;0.469463;0.990088 -0.138896 -0.0208445 0.342247 0.140439 0.98096 0.134143 -0.459077 0.00181577 -0.135741 0.990743 0.441208 0 0 0 1 
5494384560156;0.606536;0.496862;0.998725 -0.0408456 -0.0296712 0.520189 0.0433929 0.994905 0.0910002 -0.542194 0.0258031 -0.0921716 0.995409 -0.66853 0 0 0 1 
5494384560157;0.698949;1.00444;0.935676 0.321892 0.144555 0.900583 -0.332779 0.66875 0.664855 -0.0297622 0.11734 -0.670193 0.732852 -0.323888 0 0 0 1 
5494384560158;0.932434;0.67991;0.9794 0.0162935 0.201274 0.314548 -0.0324422 0.996488 0.0771961 -0.150686 -0.199309 -0.0821356 0.976488 1.15475 0 0 0 1 
5494384560159;0.588127;0.507673;0.96051 0.176532 0.215074 0.737006 -0.19515 0.97838 0.0684815 -0.153272 -0.198335 -0.107749 0.974194 0.665896 0 0 0 1 
5494384560160;0.813406;0.446672;0.955938 0.111157 -0.27171 1.29534 -0.0404503 0.966589 0.253119 -0.362074 0.290768 -0.230975 0.928496 -0.881217 0 0 0 1 
5494384560161;0.869163;0.661904;0.998876 0.015066 -0.0449458 0.689294 -0.00261206 0.964203 0.265154 -1.57168 0.0473317 -0.264738 0.963158 0.0162571 0 0 0 1 
5494384560162;0.520155;0.297277;0.992205 -0.044649 -0.116342 0.329087 0.0740854 0.962052 0.262617 -0.165354 0.100201 -0.269189 0.957861 0.243027 0 0 0 1 
5494384560163;0.884248;0.66707;0.928898 0.369946 -0.0170202 1.63134 -0.367955 0.927152 0.0707039 0.449944 0.0419369 -0.059414 0.997352 0.0896225 0 0 0 1 
5494384560164;0.069281;0.4272;0.996163 -0.0693538 -0.0533773 0.40582 0.0743434 0.992406 0.0980016 -0.477748 0.0461751 -0.101594 0.993754 -0.0650648 0 0 0 1 
5494384560165;0.359877;0.641592;0.948015 0.278328 0.154274 0.516318 -0.286354 0.957588 0.0320502 -0.0117984 -0.138811 -0.0745612 0.987508 0.295975 0 0 0 1 
5494384560166;0.617506;0.599236;0.950521 -0.0212447 -0.309933 0.981477 0.0742155 0.984301 0.160139 -0.589951 0.301665 -0.175217 0.937175 -0.0630567 0 0 0 1 
5494384560167;0.359577;0.723318;0.967258 -0.141382 0.210767 0.287554 0.119639 0.986408 0.11263 -0.809635 -0.223826 -0.0837257 0.971026 0.0866972 0 0 0 1 
5494384560168;0.367236;0.458517;0.955605 0.220366 0.195597 0.419901 -0.255888 0.94978 0.180108 -0.2725 -0.146085 -0.222163 0.964004 0.21785 0 0 0 1 
5494384560169;0.299703;0.417665;0.995742 0.00670793 -0.0919342 0.476191 0.0100895 0.983425 0.181034 -0.617991 0.0916248 -0.181191 0.97917 -0.00441769 0 0 0 1 
5494384560170;0.388752;0.540857;0.999447 -0.0111686 -0.0313111 0.79142 0.0162693 0.985701 0.167717 -0.215369 0.0289902 -0.168134 0.985338 -0.167189 0 0 0 1 
5494384560171;0.436725;0.43481;0.99877 -0.0495839 0.000453437 0.67384 0.0479023 0.967179 0.249542 -0.493078 -0.0128118 -0.249213 0.968364 -0.297456 0 0 0 1 
5494384560172;0.743415;0.609614;0.988563 0.149282 -0.0214221 1.19636 -0.14125 0.966273 0.215324 -0.19311 0.0528436 -0.209835 0.976308 0.00511602 0 0 0 1 
5494384560173;0.766137;0.408462;0.99689 0.0773278 -0.0151871 0.68557 -0.0642954 0.909529 0.410637 -0.0661136 0.0455668 -0.408384 0.911672 -0.651964 0 0 0 1 
5494384560174;0.152675;0.505171;0.984228 -0.151772 -0.0908877 0.305419 0.164602 0.973922 0.15615 -0.705951 0.0648183 -0.168648 0.983543 -0.103574 0 0 0 1 
5494384560175;0.731473;0.649454;0.994661 0.0370351 -0.0963228 0.729384 -0.0353773 0.999196 0.018863 -0.309949 0.096944 -0.0153547 0.995171 -0.861013 0 0 0 1 
5494384560176;0.458408;0.438152;0.925074 0.0329136 0.378358 0.208909 -0.119559 0.970823 0.207865 0.0919588 -0.360477 -0.237526 0.902019 0.46377 0 0 0 1 
5494384560177;0.329052;0.670095;0.972647 -0.0649219 -0.223032 0.54731 0.0925786 0.988941 0.115868 -0.657002 0.213043 -0.133347 0.9679 -0.149801 0 0 0 1 
5494384560178;0.128329;0.462246;0.991795 -0.0123564 -0.127237 0.456829 0.0372566 0.980049 0.195235 -0.537575 0.122286 -0.198374 0.972468 -0.198439 0 0 0 1 
5494384560179;0.884119;0.446758;0.948465 -0.227043 0.221056 0.0745047 0.196726 0.968771 0.150933 -1.1171 -0.248421 -0.0996674 0.963511 -0.359708 0 0 0 1 
5494384560180;0.395688;0.374797;0.997052 -0.0614901 -0.0459028 0.132101 0.0654374 0.993778 0.0901241 -0.146351 0.0400755 -0.0928622 0.994872 -0.327588 0 0 0 1 
5494384560181;0.929561;0.637152;0.957272 -0.286744 -0.0375365 -0.123758 0.289163 0.950854 0.110734 -1.31299 0.00393945 -0.116857 0.993141 -0.64196 0 0 0 1 
5494384560182;0.699324;0.862864;0.960233 -0.220352 0.171455 -0.0180005 0.18453 0.96173 0.202544 -1.55795 -0.209524 -0.162851 0.964147 -0.187784 0 0 0 1 
5494384560183;0.638253;0.595039;0.919948 -0.113539 0.37524 -0.135916 0.00269867 0.958956 0.283541 -0.652643 -0.392031 -0.25983 0.882496 1.06567 0 0 0 1 
5494384560184;0.208766;0.582164;0.967943 0.249858 -0.0256564 0.656364 -0.241587 0.954085 0.177083 -0.121605 0.0687239 -0.165208 0.983861 -0.179981 0 0 0 1 
5494384560186;0.36111;0.0738385;0.999639 -0.0251828 0.00941371 -0.0134048 0.0252429 0.999661 -0.00631519 0.141846 -0.00925149 0.00655054 0.999936 0.461507 0 0 0 1 
5494384560187;0.496451;0.0829521;0.954623 0.268685 -0.128461 0.937511 -0.212827 0.9172 0.336821 0.241301 0.208324 -0.294198 0.932764 -0.796655 0 0 0 1 
5494384560188;0.447898;0.0834604;0.93743 -0.338347 0.0821398 -0.26616 0.311418 0.920303 0.236773 -1.73402 -0.155705 -0.196378 0.968087 0.50612 0 0 0 1 
5494384560189;0.616026;0.0881102;0.949369 -0.218929 -0.22532 0.652718 0.222671 0.974852 -0.00899771 -0.394685 0.221623 -0.04163 0.974243 -0.477711 0 0 0 1 
5494384560190;0.219844;0.103043;0.981901 -0.167796 -0.0878327 0.014291 0.173197 0.983182 0.0579343 -0.759425 0.0766344 -0.0720981 0.994449 -0.240779 0 0 0 1 
5494384560191;0.269957;0.0778294;0.965956 0.256795 0.031375 0.372985 -0.257098 0.966367 0.00595738 1.01451 -0.0287899 -0.013821 0.99949 0.193077 0 0 0 1 
5494384560192;0.563983;0.0993334;0.994007 0.105387 -0.0290281 -0.0701428 -0.0843362 0.908306 0.409716 -0.0431713 0.0695453 -0.404812 0.911751 0.191951 0 0 0 1 
5494384560193;0.714742;0.0799135;0.978446 -0.196253 -0.0642526 0.502012 0.164682 0.929286 -0.330617 -0.52331 0.124594 0.31291 0.941575 -0.760083 0 0 0 1 
5494384560194;0.621903;0.093339;0.986932 -0.16002 -0.0189212 -0.115777 0.159895 0.987102 -0.00790989 -0.743014 0.0199429 0.0047811 0.99979 0.7092 0 0 0 1 
5494384560195;0.355585;0.100029;0.953262 -0.28929 0.0871889 -0.291186 0.286828 0.957154 0.0398368 -1.23234 -0.0949776 -0.0129667 0.995395 0.691341 0 0 0 1 
5494384560196;0.150749;0.0762026;0.997741 0.065851 0.0133144 -0.00182855 -0.0662364 0.997324 0.0309423 0.138386 -0.0112412 -0.0317543 0.999432 0.257933 0 0 0 1 
5494384560197;0.514288;0.0841515;0.889218 -0.431438 -0.152161 0.761439 0.449537 0.885749 0.115606 -1.9487 0.0848996 -0.171201 0.981571 0.0186305 0 0 0 1 
5494384560198;0.530599;0.06919;0.994295 0.00924146 0.106261 -0.436325 0.037824 0.900946 -0.432279 0.342168 -0.0997303 0.433832 0.895457 0.530856 0 0 0 1 
5494384560199;0.148187;0.102109;0.989394 0.145134 0.00594021 0.148621 -0.144637 0.988127 -0.0518183 0.659605 -0.0133903 0.0504096 0.998639 0.212572 0 0 0 1 
5494384560200;0.674054;0.0737396;0.997967 -0.0603905 0.0203479 -0.665671 0.0595161 0.997379 0.0411383 -0.66509 -0.0227789 -0.0398437 0.998946 -0.224437 0 0 0 1 
5494384560201;0.851959;0.0853186;0.95656 -0.190462 0.220718 -0.216396 0.124572 0.951525 0.281214 -0.983594 -0.26358 -0.241503 0.933918 0.283227 0 0 0 1 
5494384560202;0.0584502;0.078019;0.999382 -0.013871 -0.0322897 0.0944914 0.0149651 0.999313 0.0338928 -0.122843 0.0317974 -0.034355 0.998904 -0.0883302 0 0 0 1 
5494384560203;0.443983;0.0892071;0.995253 -0.0489698 0.0841074 -0.178683 0.0794843 0.907678 -0.41207 0.556423 -0.0561634 0.416799 0.907262 0.396865 0 0 0 1 
5494384560204;0.212563;0.0775045;0.999334 0.0272466 0.0242886 -0.0241973 -0.0276441 0.999487 0.0161823 0.0443718 -0.0238352 -0.016843 0.999574 -0.0660689 0 0 0 1 
5494384560205;0.664348;0.0683322;0.875807 -0.286834 0.388185 -0.192667 0.228703 0.954861 0.189566 -1.06057 -0.425036 -0.0772442 0.901874 2.57057 0 0 0 1 
5494384560206;0.578856;0.0722795;0.996619 -0.0782017 0.0252058 -0.0253725 0.0777481 0.996801 0.0185006 -0.24182 -0.026572 -0.0164783 0.999511 0.839068 0 0 0 1 
5494384560207;0.371227;0.0667246;0.980229 -0.0350998 0.194729 -0.512025 -0.0314449 0.944 0.328443 -0.577676 -0.195353 -0.328072 0.924233 0.969552 0 0 0 1 
5494384560208;0.803964;0.112642;0.995306 0.038991 0.0885728 -0.0508435 -0.0408979 0.998967 0.0198174 0.25871 -0.0877085 -0.0233468 0.995873 1.41187 0 0 0 1 
5494384560209;0.402561;0.088542;0.897437 -0.40988 -0.163112 0.444362 0.379107 0.905648 -0.189944 -1.25879 0.225577 0.108626 0.968151 -0.662825 0 0 0 1 
5494384560210;0.831689;0.0866171;0.983649 0.152181 0.0963102 -0.21191 -0.125515 0.962779 -0.239378 1.60253 -0.129154 0.223375 0.966138 0.205154 0 0 0 1 
5494384560211;0.793568;0.095526;0.995374 -0.037461 -0.088474 0.951683 0.0375601 0.999294 -0.000544213 0.142396 0.0884319 -0.0027814 0.996078 -0.576383 0 0 0 1 
5494384560212;0.459124;0.0942728;0.999907 -0.0045365 0.0128871 0.241777 0.00417169 0.999594 0.0281952 0.080945 -0.0130098 -0.0281388 0.999519 0.583607 0 0 0 1 
5494384560213;0.436091;0.261776;0.998909 -0.0242253 -0.0399263 0.173536 0.0213717 0.997289 -0.0704121 0.0775123 0.0415239 0.069482 0.996719 0.121053 0 0 0 1 
5494384560214;0.701608;0.0968644;0.999866 -0.00630429 0.0150861 -0.00911352 0.00585687 0.999547 0.0295206 0.641007 -0.0152654 -0.0294283 0.99945 -0.187312 0 0 0 1 
5494384560215;0.568246;0.101061;0.958932 0.0590748 -0.277415 1.19989 0.0268594 0.954761 0.296158 -0.64312 0.282361 -0.291446 0.913965 -0.934262 0 0 0 1 
5494384560217;0.781012;0.15798;0.984213 0.176988 -0.000953888 0.846827 -0.176972 0.984174 0.00904852 0.712933 0.00254027 -0.00873685 0.999959 0.354602 0 0 0 1 
5494384560218;0.673342;0.121328;0.864631 -0.106 -0.491099 1.96593 0.15095 0.987136 0.0526985 -1.05658 0.479195 -0.119696 0.869508 -1.9209 0 0 0 1 
5494384560219;0.333437;0.190869;0.949277 -0.299882 -0.0945682 0.482951 0.30573 0.950547 0.0546793 -1.93474 0.0734942 -0.0808181 0.994016 -0.376355 0 0 0 1 
5494384560220;0.675306;0.178424;0.959279 -0.0986397 -0.264676 0.838782 0.0860758 0.994559 -0.0586841 -0.31018 0.269024 0.0335122 0.96255 -0.797813 0 0 0 1 
5494384560221;0.374554;0.128643;0.896405 0.44217 0.0307265 0.839613 -0.432312 0.887504 -0.159507 2.93071 -0.0977991 0.129699 0.986718 0.783086 0 0 0 1 
5494384560222;1.07278;0.148343;0.96047 0.106499 -0.257208 0.296471 -0.154791 0.972242 -0.175459 2.0853 0.231382 0.208337 0.950294 -0.778726 0 0 0 1 
5494384560223;0.406435;0.124926;0.925987 0.377431 0.00970186 0.486266 -0.376266 0.924642 -0.0588275 2.25629 -0.0311741 0.050823 0.998221 0.45785 0 0 0 1 
5494384560224;0.20751;0.175049;0.988623 -0.0214385 0.148879 -0.29146 0.0113795 0.997614 0.0680908 -0.23591 -0.149983 -0.0656219 0.986508 0.919961 0 0 0 1 
5494384560225;0.828158;0.139499;0.991554 0.0566322 -0.11668 0.304775 -0.0389891 0.988175 0.148292 0.105795 0.123698 -0.142491 0.982036 0.0679942 0 0 0 1 
5494384560226;0.429538;0.125876;0.874724 0.111433 -0.471637 1.89618 -0.0311552 0.984123 0.174734 0.0913341 0.483619 -0.13815 0.864307 -2.63599 0 0 0 1 
5494384560227;0.623994;0.173431;0.960232 -0.254331 0.115197 -0.289378 0.223008 0.946894 0.231646 -1.47378 -0.167994 -0.196744 0.965955 0.770688 0 0 0 1 
5494384560228;0.349478;0.170732;0.982863 -0.0917642 -0.159872 0.486441 0.135964 0.946522 0.292591 -1.23555 0.124473 -0.309314 0.942778 -0.683293 0 0 0 1 
5494384560229;0.390705;0.148382;0.994758 0.0860393 -0.0552636 0.163318 -0.0856203 0.996279 0.00991096 0.792862 0.0559106 -0.00512733 0.998423 -0.0132242 0 0 0 1 
5494384560230;0.944473;0.134751;0.98682 0.0981158 0.128684 -0.845661 -0.101212 0.994707 0.0177324 0.692804 -0.126263 -0.0305231 0.991527 0.288431 0 0 0 1 
5494384560231;0.749473;0.147354;0.937644 -0.192716 0.289282 -0.742845 0.170348 0.980209 0.100859 -1.10499 -0.302993 -0.0452917 0.951916 1.41424 0 0 0 1 
5494384560232;0.1939;0.152103;0.997846 -0.0445297 0.0481747 -0.0709447 0.0336294 0.977725 0.207179 -0.661695 -0.0563272 -0.205112 0.977116 0.291666 0 0 0 1 
5494384560233;0.634182;0.154321;0.929572 0.252333 0.268747 -0.110941 -0.315503 0.92163 0.225955 1.38076 -0.190669 -0.294832 0.936333 0.734453 0 0 0 1 
5494384560234;0.39885;0.108159;0.921639 -0.321579 -0.217185 0.921914 0.338854 0.939685 0.0465866 -2.10929 0.189105 -0.11653 0.975018 -1.21511 0 0 0 1 
5494384560235;0.0516956;0.160355;0.993393 0.113387 -0.0176989 0.205877 -0.112902 0.993257 0.0263204 0.683329 0.020564 -0.0241483 0.999497 -0.0637593 0 0 0 1 
5494384560236;0.391323;0.168158;0.993125 -0.110619 -0.0382915 0.199055 0.110703 0.993854 7.77656e-05 -0.215702 0.0380475 -0.00431621 0.999267 -0.16937 0 0 0 1 
5494384560237;1.02921;0.143696;0.997309 0.0541556 0.0494206 0.5586 -0.0454665 0.985649 -0.162569 1.05221 -0.0575154 0.159885 0.985459 1.21349 0 0 0 1 
5494384560238;0.757061;0.158416;0.952255 0.291473 -0.0908464 0.847466 -0.288393 0.956423 0.0456585 2.05502 0.100196 -0.0172791 0.994818 -1.03168 0 0 0 1 
5494384560239;0.288361;0.103916;0.917372 0.279327 0.283559 -0.0824197 -0.270676 0.960115 -0.0700942 1.80152 -0.291829 -0.0124502 0.95639 1.87682 0 0 0 1 
5494384560240;0.0978136;0.131959;0.986706 0.0808054 -0.141004 0.559413 -0.0733148 0.995648 0.0575409 0.33441 0.14504 -0.0464382 0.988335 -0.78825 0 0 0 1 
5494384560241;0.673589;0.103663;0.925041 0.355685 -0.133368 0.851838 -0.374416 0.912988 -0.162065 3.09019 0.064119 0.199852 0.977726 -0.126355 0 0 0 1 
5494384560242;1.04802;0.180148;0.974795 0.172238 0.141809 -0.274075 -0.157515 0.981451 -0.109286 1.82479 -0.158002 0.0841946 0.983843 1.77809 0 0 0 1 
5494384560243;0.111566;0.153225;0.999166 0.013259 -0.0386121 0.181519 -0.0137714 0.99982 -0.0130334 0.246535 0.0384323 0.0135543 0.999169 -0.230334 0 0 0 1 
5494384560244;1.00468;0.171426;0.988702 -0.149269 0.0136819 0.413674 0.148683 0.988199 0.036839 -0.76708 -0.0190193 -0.0343886 0.999228 -0.680814 0 0 0 1 
5494384560245;0.648612;0.187544;0.998601 -0.0416816 0.0325512 0.0049259 0.0421391 0.999021 -0.0134966 0.174062 -0.0319567 0.0148494 0.999379 0.760873 0 0 0 1 
5494384560246;0.310363;0.153681;0.998699 0.0269945 0.0432576 0.0611597 -0.0330963 0.988552 0.147207 0.0165548 -0.0387886 -0.148447 0.988159 0.501987 0 0 0 1 
5494384560248;0.548689;0.233903;0.970777 -0.238495 0.0266946 0.172865 0.235716 0.96848 0.0805284 -2.95503 -0.0450587 -0.0718827 0.996395 1.1928 0 0 0 1 
5494384560249;0.350307;0.150167;0.962596 0.234404 0.135882 -0.227371 -0.213986 0.965346 -0.149391 2.64805 -0.166191 0.114726 0.979397 1.41047 0 0 0 1 
5494384560250;0.482059;0.143676;0.991838 0.0500639 0.117263 0.387963 -0.0427136 0.997011 -0.0643791 -0.122923 -0.120136 0.0588449 0.991012 1.21414 0 0 0 1 
5494384560251;0.346948;0.166496;0.948519 0.230914 0.216775 -0.280174 -0.25208 0.964772 0.0752983 2.01941 -0.191751 -0.126066 0.973313 2.42154 0 0 0 1 
5494384560252;0.590914;0.139605;0.922587 -0.230694 -0.309214 1.9448 0.183742 0.967521 -0.173613 -2.22796 0.339222 0.103357 0.935011 -3.32521 0 0 0 1 
5494384560253;0.449485;0.184136;0.934131 0.0138778 -0.356659 1.73478 -0.0482753 0.994974 -0.0877235 0.902586 0.353649 0.0991631 0.930107 -3.44993 0 0 0 1 
5494384560254;0.682288;0.226855;0.952481 -0.301628 0.0424394 1.30824 0.291768 0.943472 0.157263 -3.87945 -0.0874754 -0.137408 0.986644 1.81257 0 0 0 1 
5494384560255;0.468787;0.137071;0.99841 -0.0106525 0.0553549 -0.425641 0.0169452 0.99328 -0.114486 0.0634383 -0.0537634 0.115242 0.991881 -0.286713 0 0 0 1 
5494384560256;0.445109;0.108648;0.917986 0.356409 0.173995 -0.353781 -0.37771 0.919436 0.109415 3.27978 -0.120981 -0.166161 0.978649 0.972846 0 0 0 1 
5494384560257;0.358958;0.259325;0.97695 -0.0776234 0.198856 -0.432207 0.0485742 0.987942 0.147005 -1.27346 -0.20787 -0.133957 0.96894 2.58703 0 0 0 1 
5494384560258;0.299214;0.215286;0.951518 -0.283058 0.120379 0.516049 0.300819 0.938019 -0.172126 -2.63226 -0.0641964 0.199994 0.977692 0.304862 0 0 0 1 
5494384560259;0.232186;0.179151;0.991312 -0.131466 -0.00414566 0.340938 0.131166 0.985719 0.105611 -1.94974 -0.00979782 -0.105237 0.994399 -0.0354619 0 0 0 1 
5494384560260;0.561418;0.105965;0.959974 0.262231 0.0984112 -0.341006 -0.269859 0.960032 0.0742591 2.30123 -0.0750049 -0.097844 0.992371 1.67251 0 0 0 1 
5494384560261;0.428236;0.18066;0.872971 0.260414 0.412439 -0.271385 -0.236498 0.965494 -0.109041 2.37468 -0.426603 -0.0023508 0.904436 4.4608 0 0 0 1 
5494384560262;0.264025;0.19369;0.993786 -0.0170216 0.110002 0.113916 0.034238 0.987072 -0.156576 -0.147975 -0.105915 0.159369 0.981521 0.57476 0 0 0 1 
