#;prob_registration_l1 -r /home/probabilistic_point_clouds_registration/build/tester /home/point_clouds_registration_benchmark//devel/registration_pairs/urban05_local.txt /home/point_clouds_registration_benchmark//kaist/urban05 -s 0.2 -t 0.2 -p 0.3 -r 1000 -m 10 -i 40 
id;initial_error;final_error;transformation
34562489690000;0.13992;0.460518;1 -9.83407e-08 7.21767e-07 -0.767874 9.83406e-08 1 3.04299e-08 2.73198 -7.21767e-07 -3.04298e-08 1 -0.157025 0 0 0 1 
34562489690001;0.182436;0.884305;1 -2.45235e-07 3.71798e-07 -1.95974 2.45235e-07 1 5.76202e-08 5.82708 -3.71798e-07 -5.76201e-08 1 -0.305082 0 0 0 1 
34562489690002;0.400034;0.692965;0.999628 2.76709e-05 -0.0272701 40.4153 3.72077e-05 0.999997 0.0023786 -6.02015 0.0272701 -0.00237873 0.999625 -16.2699 0 0 0 1 
34562489690003;0.381518;0.809507;0.993573 0.000667844 -0.113189 -845.361 0.000440119 0.999952 0.00976338 69.1006 0.11319 -0.00975045 0.993526 -1055.88 0 0 0 1 
34562489690004;0.467995;0.957491;1 -1.77402e-07 6.37472e-07 -1.35389 1.77402e-07 1 5.0771e-08 4.21383 -6.37472e-07 -5.07709e-08 1 -0.290965 0 0 0 1 
34562489690005;0.423309;0.871634;1 -1.89383e-07 8.20944e-07 -1.53853 1.89383e-07 1 7.57576e-08 3.91525 -8.20944e-07 -7.57575e-08 1 -0.513625 0 0 0 1 
34562489690006;0.190415;0.636108;0.999273 5.56316e-05 0.0381184 55.8427 7.11853e-05 0.999994 -0.00332556 -10.0099 -0.0381183 0.00332586 0.999268 15.5975 0 0 0 1 
34562489690007;0.167146;0.362655;0.999974 2.67584e-06 0.00722325 -4.2508 1.85824e-06 1 -0.0006277 2.52476 -0.00722325 0.000627697 0.999974 22.8768 0 0 0 1 
34562489690008;0.102809;0.101418;1 -2.28881e-08 6.31626e-08 -0.164682 2.28881e-08 1 4.19759e-09 -0.585947 -6.31626e-08 -4.19759e-09 1 -0.0103771 0 0 0 1 
34562489690009;0.0509686;0.112429;1 -3.0637e-06 4.7305e-06 24.1579 3.06371e-06 1 -1.25928e-06 -3.34395 -4.7305e-06 1.25929e-06 1 -6.82033 0 0 0 1 
34562489690010;0.0869115;0.45263;1 4.89228e-06 -0.000346348 -40.9554 -4.88205e-06 1 2.95227e-05 7.02722 0.000346348 -2.9521e-05 1 -6.06577 0 0 0 1 
34562489690011;0.0782188;0.295664;0.999665 0.000205481 -0.0259001 -1415.52 -0.000146379 0.999997 0.00228381 125.079 0.0259005 -0.00227926 0.999662 144.997 0 0 0 1 
34562489690012;0.0495854;0.249638;0.999999 9.55533e-07 0.00134716 -7.58697 -7.9667e-07 1 -0.000117925 -1.3099 -0.00134716 0.000117924 0.999999 -2.88815 0 0 0 1 
34562489690013;0.0622498;0.746244;1 9.68545e-06 0.000226232 -78.4628 -9.68199e-06 1 -1.53009e-05 13.3396 -0.000226233 1.52987e-05 1 35.9558 0 0 0 1 
34562489690014;0.30978;0.674664;1 -2.06769e-07 5.52901e-07 -1.29123 2.06769e-07 1 8.21156e-08 3.19705 -5.52901e-07 -8.21155e-08 1 -0.50708 0 0 0 1 
34562489690015;0.264634;0.48613;1 -9.254e-08 1.61798e-07 -0.803227 9.254e-08 1 1.86831e-08 -2.65216 -1.61798e-07 -1.86831e-08 1 -0.137632 0 0 0 1 
34562489690016;0.0384264;0.181988;1 1.22059e-06 1.16358e-05 -10.2373 -1.22058e-06 1 -6.79274e-08 2.28881 -1.16358e-05 6.79132e-08 1 7.41026 0 0 0 1 
34562489690017;0.317284;0.540405;1 -1.89308e-07 3.49596e-07 -1.68871 1.89308e-07 1 3.84793e-08 -3.05697 -3.49596e-07 -3.84793e-08 1 -0.250734 0 0 0 1 
34562489690018;0.287954;0.490663;1 -2.72945e-08 1.78686e-07 -0.109717 2.72945e-08 1 2.43203e-08 3.19822 -1.78686e-07 -2.43203e-08 1 -0.115629 0 0 0 1 
34562489690019;0.362659;0.569461;0.997227 0.000240279 0.0744197 2.26116 0.00024378 0.999979 -0.00649528 -3.94454 -0.0744197 0.00649541 0.997206 13.2553 0 0 0 1 
34562489690020;0.112961;0.0704328;1 -9.5488e-07 -9.57139e-05 7.02159 9.55833e-07 1 9.95383e-06 -1.01001 9.57139e-05 -9.95392e-06 1 11.9042 0 0 0 1 
34562489690021;0.197833;0.280584;1 -2.05697e-08 -3.28678e-07 -0.199003 2.05697e-08 1 -1.68399e-08 -1.64654 3.28678e-07 1.68399e-08 1 0.097706 0 0 0 1 
34562489690022;0.278308;1.40013;1 -1.81883e-07 9.75365e-07 -1.97041 1.81883e-07 1 -6.78404e-08 -10.622 -9.75365e-07 6.78406e-08 1 0.207219 0 0 0 1 
34562489690023;0.193536;0.341247;0.999281 5.90131e-05 -0.0379025 33.7723 6.6423e-05 0.999995 0.00330817 -2.14651 0.0379025 -0.00330831 0.999276 -5.68275 0 0 0 1 
34562489690024;0.347959;0.364328;1 -7.77307e-08 1.85726e-06 -0.633782 7.77306e-08 1 4.59146e-08 -2.12701 -1.85726e-06 -4.59144e-08 1 -0.366788 0 0 0 1 
34562489690025;0.302077;0.733892;0.999959 2.05351e-06 -0.00905304 10.0551 5.09941e-06 1 0.00079009 1.74017 0.00905303 -0.000790103 0.999959 -2.7106 0 0 0 1 
34562489690026;0.218188;0.425622;1 -1.40915e-07 7.16237e-07 -1.16436 1.40915e-07 1 2.93626e-08 2.24525 -7.16237e-07 -2.93625e-08 1 -0.16481 0 0 0 1 
34562489690027;0.18191;0.305368;0.999497 3.81711e-05 -0.0317089 49.8127 4.96004e-05 0.999996 0.00276725 -3.09804 0.0317089 -0.00276743 0.999493 -7.13266 0 0 0 1 
34562489690028;0.340963;1.27199;1 -4.16851e-07 2.14403e-07 -3.86578 4.16851e-07 1 1.99671e-08 -7.89015 -2.14403e-07 -1.9967e-08 1 -0.163508 0 0 0 1 
34562489690029;0.238574;0.277106;0.999274 6.92331e-05 0.0380986 -53.6227 5.7419e-05 0.999994 -0.00332322 2.79209 -0.0380986 0.003323 0.999268 25.1654 0 0 0 1 
34562489690031;0.530935;0.774035;0.999995 3.19231e-06 -0.00326781 -20.1903 -2.2644e-06 1 0.00028396 2.54444 0.00326781 -0.000283951 0.999995 -10.026 0 0 0 1 
34562489690032;0.306555;0.497164;0.993692 0.000551517 0.112138 -22.0341 0.000548982 0.999952 -0.00978267 1.53979 -0.112138 0.00978253 0.993644 56.7001 0 0 0 1 
34562489690033;0.46032;0.670032;0.999203 6.98119e-05 -0.0399275 4.41554 6.93522e-05 0.999994 0.00348403 0.472158 0.0399275 -0.00348402 0.999197 -13.1655 0 0 0 1 
34562489690034;0.385219;1.38724;0.99968 3.87591e-05 -0.0253103 -80.2711 1.69863e-05 0.999998 0.00220226 9.69069 0.0253104 -0.00220198 0.999677 -61.5711 0 0 0 1 
34562489690035;0.341621;0.433857;0.983286 0.00146242 0.182061 -51.7148 0.00145539 0.999873 -0.0158918 3.60045 -0.182061 0.0158912 0.983159 23.6494 0 0 0 1 
34562489690036;0.158469;0.136095;0.994961 0.000444105 -0.100259 -19.3549 0.000434988 0.999962 0.00874615 1.75113 0.10026 -0.00874569 0.994923 -54.3592 0 0 0 1 
34562489690037;0.364175;0.443572;0.999809 1.19758e-05 -0.0195352 41.2393 2.15563e-05 0.999999 0.00171628 -4.50358 0.0195352 -0.00171638 0.999808 87.2281 0 0 0 1 
34562489690038;0.437441;1.33315;0.993728 0.000563581 0.111827 -141.379 0.000531489 0.999952 -0.00976251 15.1603 -0.111827 0.00976071 0.99368 14.7367 0 0 0 1 
34562489690039;0.392147;0.3709;0.999739 2.31373e-05 0.0228342 -5.68545 2.23931e-05 0.999998 -0.00199369 -0.170709 -0.0228342 0.00199368 0.999737 -2.01414 0 0 0 1 
34562489690040;0.283513;0.421727;0.999326 6.22089e-05 -0.0366995 -21.2388 5.53908e-05 0.999995 0.00320337 1.58526 0.0366995 -0.00320325 0.999321 -5.33357 0 0 0 1 
34562489690041;0.287266;0.679051;0.99505 0.000443114 -0.0993702 -73.4319 0.000420955 0.999962 0.00867432 7.74575 0.0993703 -0.00867322 0.995013 -13.6154 0 0 0 1 
34562489690042;0.329992;1.27557;0.995261 0.000429903 0.0972401 -141.02 0.000397189 0.999964 -0.00848615 14.7268 -0.0972402 0.00848455 0.995225 36.3734 0 0 0 1 
34562489690043;0.516204;0.83088;0.99945 5.42867e-05 -0.0331697 -44.5491 4.16649e-05 0.999996 0.00289205 4.42255 0.0331697 -0.00289184 0.999446 -30.5781 0 0 0 1 
34562489690044;0.236329;0.179507;0.999629 3.27088e-05 -0.0272531 1.82428 3.21212e-05 0.999997 0.00237837 -0.204362 0.0272531 -0.00237836 0.999626 -6.86549 0 0 0 1 
34562489690045;0.316589;0.434484;0.999979 1.78454e-06 -0.00655102 2.04175 1.96764e-06 1 0.000572756 -0.769638 0.00655102 -0.000572757 0.999978 6.69116 0 0 0 1 
34562489690046;0.376135;0.299801;0.99909 8.10501e-05 -0.0426552 -6.21152 7.78161e-05 0.999993 0.00372275 0.126117 0.0426552 -0.00372268 0.999083 -9.27389 0 0 0 1 
34562489690047;0.485231;0.451073;0.99917 7.09417e-05 -0.0407315 18.5589 7.37726e-05 0.999994 0.00355137 -1.22925 0.0407315 -0.00355143 0.999164 -36.1105 0 0 0 1 
34562489690048;0.199981;0.128326;0.999979 2.22128e-06 -0.00646909 -1.77082 1.42543e-06 1 0.000563707 0.547568 0.00646909 -0.000563704 0.999979 -8.28515 0 0 0 1 
34562489690049;0.208318;0.220106;1 6.81219e-08 -0.000456011 -0.312854 -5.01023e-08 1 3.95157e-05 -0.0648001 0.000456011 -3.95157e-05 1 -2.25731 0 0 0 1 
34562489690050;0.378047;0.822921;0.973687 0.00231538 -0.227879 -112.955 0.00227801 0.9998 0.019892 10.2729 0.22788 -0.0198877 0.973486 -45.0665 0 0 0 1 
34562489690051;0.381473;0.874621;0.999979 6.63656e-06 0.00653123 -37.4978 -2.92721e-06 1 -0.000567951 4.29607 -0.00653123 0.00056792 0.999979 17.836 0 0 0 1 
34562489690052;0.123011;0.588006;0.99938 6.26503e-05 -0.0352101 -61.7819 4.55049e-05 0.999995 0.0030709 5.76388 0.0352101 -0.0030706 0.999375 -25.858 0 0 0 1 
34562489690053;0.447449;0.831743;0.999829 2.17469e-05 0.0184981 -55.9209 8.07629e-06 0.999999 -0.00161215 6.22916 -0.0184981 0.00161202 0.999828 22.8539 0 0 0 1 
34562489690054;0.341689;0.861577;0.930489 0.00643276 -0.366264 -2878.97 0.00594716 0.999449 0.0326622 254.943 0.366272 -0.03257 0.929938 4795.5 0 0 0 1 
34562489690055;0.435439;0.923001;0.999589 4.35394e-05 -0.0286667 -55.6448 2.80727e-05 0.999997 0.00249768 4.83722 0.0286668 -0.00249746 0.999586 -40.7132 0 0 0 1 
34562489690056;0.453077;0.214495;0.937117 0.00549669 -0.348973 -7.01955 0.00548061 0.999521 0.0304609 1.54874 0.348973 -0.030458 0.936638 -48.4044 0 0 0 1 
34562489690057;0.243925;0.355523;0.999752 2.24723e-05 0.0222885 -8.78243 2.08953e-05 0.999998 -0.00194551 -0.501267 -0.0222885 0.00194549 0.99975 2.37737 0 0 0 1 
34562489690058;0.299623;0.560949;0.989832 0.00089432 0.142239 -72.1805 0.000880104 0.999923 -0.0124115 6.90859 -0.142239 0.0124105 0.989754 56.2682 0 0 0 1 
34562489690059;0.121954;0.243991;0.999976 7.90742e-07 -0.00699796 12.323 3.47518e-06 1 0.000609583 -1.30054 0.00699796 -0.000609592 0.999975 -11.2295 0 0 0 1 
34562489690060;0.336224;0.882034;0.999162 8.13154e-05 0.0409238 -68.9936 6.4882e-05 0.999994 -0.00357109 6.80992 -0.0409238 0.00357076 0.999156 15.3065 0 0 0 1 
34562489690062;0.450678;0.529257;0.99205 0.000690889 0.125839 8.32776 0.000697124 0.999939 -0.0109857 -2.7953 -0.125839 0.0109861 0.99199 16.6621 0 0 0 1 
34562489690063;0.504888;0.633864;0.997119 0.000249906 0.0758511 2.70568 0.000252998 0.999978 -0.00662047 -1.17285 -0.0758511 0.00662059 0.997097 22.2128 0 0 0 1 
34562489690064;0.452148;0.435277;1 -2.40608e-08 1.24132e-07 -0.211506 2.40608e-08 1 1.18511e-09 -0.1576 -1.24132e-07 -1.18511e-09 1 -0.0388052 0 0 0 1 
34562489690065;0.324911;0.524313;1 -9.94999e-09 -1.90642e-07 -0.0626486 9.95002e-09 1 1.92292e-07 -0.769736 1.90642e-07 -1.92292e-07 1 1.62559 0 0 0 1 
34562489690066;0.34336;0.511723;0.998232 0.00015308 0.0594451 2.712 0.000155498 0.999987 -0.00518631 -1.25622 -0.0594451 0.00518638 0.998218 34.4117 0 0 0 1 
34562489690067;0.18061;0.395297;0.999999 -4.16715e-07 0.0011194 3.44672 5.25807e-07 1 -9.74554e-05 -1.1792 -0.0011194 9.74559e-05 0.999999 2.53215 0 0 0 1 
34562489690068;0.143206;2.35916;0.999826 2.14322e-05 0.0186517 -51.1246 8.90693e-06 0.999999 -0.00162653 -1.69587 -0.0186517 0.00162641 0.999825 18.0512 0 0 0 1 
34562489690069;0.265071;2.13278;0.999952 1.01896e-05 0.00978271 -49.735 -1.88814e-06 1 -0.000848595 -1.57644 -0.00978271 0.000848536 0.999952 44.9557 0 0 0 1 
34562489690070;0.337998;0.410561;1 1.90007e-08 -3.02507e-07 0.111664 -1.90007e-08 1 2.79338e-08 -0.569936 3.02507e-07 -2.79338e-08 1 -0.225722 0 0 0 1 
34562489690071;0.291767;0.181907;1 1.02228e-08 -4.94777e-07 0.178494 -1.02228e-08 1 -3.84087e-09 -0.563883 4.94777e-07 3.84087e-09 1 0.307748 0 0 0 1 
34562489690072;0.432542;0.360771;0.977479 0.00196765 0.211024 -38.5047 0.00196523 0.999828 -0.0184258 2.76174 -0.211024 0.0184256 0.977307 10.2358 0 0 0 1 
34562489690073;0.333627;0.325783;1 6.3294e-09 5.52201e-08 0.0170418 -6.3294e-09 1 3.12707e-08 -0.297364 -5.52201e-08 -3.12707e-08 1 -0.257014 0 0 0 1 
34562489690074;0.333091;0.672529;0.992751 0.000643883 0.12019 -102.835 0.000621768 0.999945 -0.0104926 8.5213 -0.12019 0.0104913 0.992695 29.4313 0 0 0 1 
34562489690075;0.300984;0.712631;0.968573 0.0027458 -0.248715 21.927 0.00274065 0.999761 0.0217102 -3.76941 0.248715 -0.0217095 0.968333 -60.5264 0 0 0 1 
34562489690076;0.255405;0.561835;0.999406 4.87506e-05 0.0344699 20.1309 5.50756e-05 0.999995 -0.00301113 -2.9322 -0.0344699 0.00301123 0.999401 -10.2572 0 0 0 1 
34562489690077;0.37018;0.355803;0.891818 0.00945137 -0.452296 23.058 0.00943892 0.999175 0.0394904 -2.95483 0.452296 -0.0394875 0.890993 -38.1045 0 0 0 1 
34562489690078;0.123389;0.235928;1 4.0094e-09 -2.21704e-07 0.011437 -4.0094e-09 1 1.19932e-08 -0.352396 2.21704e-07 -1.19932e-08 1 -0.100519 0 0 0 1 
34562489690079;0.437756;1.3213;0.998083 0.000183018 -0.0618836 -115.09 0.000151626 0.999985 0.00540291 7.87571 0.0618837 -0.00540193 0.998069 -13.5179 0 0 0 1 
34562489690080;0.248888;0.398934;0.999631 3.41488e-05 -0.0271458 -11.6682 3.02071e-05 0.999997 0.00237034 0.350219 0.0271458 -0.00237029 0.999629 -0.416799 0 0 0 1 
34562489690081;0.238106;0.541198;0.999912 5.06351e-06 0.013259 18.9624 1.0244e-05 0.999999 -0.00115443 -3.05594 -0.013259 0.00115446 0.999911 26.285 0 0 0 1 
34562489690082;0.176775;0.431966;0.984332 0.0013842 0.17632 -153.62 0.00135712 0.99988 -0.0154258 12.3513 -0.17632 0.0154234 0.984212 -217.537 0 0 0 1 
34562489690083;0.334152;2.1422;0.999998 2.08011e-05 0.00208047 -166.202 -2.04382e-05 1 -0.000174497 7.91137 -0.00208048 0.000174454 0.999998 58.718 0 0 0 1 
34562489690084;0.376441;0.377031;1 9.56848e-09 -2.05775e-07 0.0697485 -9.56848e-09 1 3.5417e-09 -0.158843 2.05775e-07 -3.5417e-09 1 -0.032784 0 0 0 1 
34562489690085;0.162081;0.282329;0.998708 3.78815e-05 -0.050807 609.673 0.000199912 0.999989 0.00467524 -53.299 0.0508066 -0.00467936 0.998698 1954.81 0 0 0 1 
34562489690086;0.435379;0.319407;0.999893 9.0648e-06 0.0146468 0.353498 9.67492e-06 0.999999 -0.00127937 -0.152791 -0.0146468 0.00127938 0.999892 -2.69216 0 0 0 1 
34562489690087;0.326485;0.281304;1 6.95346e-09 6.57519e-07 -0.185821 -6.95342e-09 1 -4.96354e-08 -0.488164 -6.57519e-07 4.96354e-08 1 0.186411 0 0 0 1 
34562489690088;0.343468;0.376051;1 -1.57682e-08 -2.7418e-05 0.232605 1.58302e-08 1 2.2608e-06 -0.299126 2.7418e-05 -2.2608e-06 1 -0.902846 0 0 0 1 
34562489690089;0.181879;0.389076;0.995017 0.000438838 -0.0997013 -16.3233 0.000431234 0.999962 0.00870507 0.204211 0.0997013 -0.00870469 0.994979 -8.22941 0 0 0 1 
34562489690090;0.274172;0.343318;0.980434 0.00171096 -0.196843 7.59077 0.00170543 0.999851 0.0171852 -1.23943 0.196843 -0.0171846 0.980284 -25.3109 0 0 0 1 
34562489690091;0.516972;0.777262;1 3.90929e-06 0.00035989 -29.8438 -3.89877e-06 1 -2.92265e-05 1.64538 -0.00035989 2.92251e-05 1 16.8594 0 0 0 1 
34562489690093;0.4248;0.528133;0.999918 5.82752e-06 0.0127712 8.07158 8.37447e-06 0.999999 -0.00111198 1.42132 -0.0127712 0.001112 0.999918 25.62 0 0 0 1 
34562489690094;0.0934313;0.123094;0.998821 0.00132542 0.0485319 -9842.45 -0.00111582 0.99999 -0.00434562 866.624 -0.0485372 0.00428634 0.998812 -391.664 0 0 0 1 
34562489690095;0.144672;0.538362;0.999853 1.83708e-05 0.017148 -46.3614 7.27335e-06 0.999999 -0.00149539 9.1007 -0.017148 0.0014953 0.999852 15.6515 0 0 0 1 
34562489690096;0.228702;0.451336;0.998992 7.12943e-05 -0.0448823 138.296 0.000104696 0.999992 0.00391878 -10.6343 0.0448822 -0.00391953 0.998985 6.20701 0 0 0 1 
34562489690097;0.121961;0.342822;0.99725 3.78588e-05 0.0741116 1614.23 0.000450668 0.999978 -0.00657504 -143.29 -0.0741102 0.00659036 0.997228 -963.84 0 0 0 1 
34562489690098;0.286027;0.327069;0.99937 -0.000349792 0.0354882 3251.22 0.000463636 0.999995 -0.00319977 -282.218 -0.0354869 0.00321421 0.999365 -931.762 0 0 0 1 
34562489690099;0.0245713;0.0329174;0.999917 -0.000266357 0.0129012 2199.38 0.000281096 0.999999 -0.00114066 -191.961 -0.0129009 0.00114419 0.999916 -143.56 0 0 0 1 
34562489690100;0.214406;0.587253;0.993483 0.00291379 -0.113941 -18851.3 -0.00191003 0.999958 0.00891766 1679.94 0.113962 -0.00864192 0.993448 -10523.9 0 0 0 1 
34562489690101;0.290539;0.36657;1 -6.98301e-08 4.83219e-07 -0.441052 6.98301e-08 1 -7.73999e-09 0.515199 -4.83219e-07 7.74002e-09 1 0.0566726 0 0 0 1 
34562489690102;0.160438;0.207382;0.995783 0.000486289 -0.0917356 -937.926 0.000227873 0.99997 0.00777437 81.0768 0.0917367 -0.0077625 0.995753 -1987.17 0 0 0 1 
34562489690103;0.385248;0.59819;0.99752 0.000212637 0.0703826 20.0163 0.000220291 0.999981 -0.00614325 -4.89614 -0.0703826 0.00614352 0.997501 13.2574 0 0 0 1 
34562489690104;0.150227;0.270349;0.999867 1.16193e-05 0.016336 -2.89522 1.16796e-05 0.999999 -0.00142613 -1.17316 -0.016336 0.00142613 0.999866 1.21654 0 0 0 1 
34562489690105;0.212702;0.330917;0.999714 2.01751e-05 0.0239245 34.1098 2.97764e-05 0.999998 -0.00208753 -5.30468 -0.0239244 0.00208764 0.999712 8.81245 0 0 0 1 
34562489690106;0.369761;0.417919;1 -3.70968e-08 5.77205e-07 -0.172228 3.70968e-08 1 -1.7015e-08 1.18994 -5.77205e-07 1.7015e-08 1 0.131696 0 0 0 1 
34562489690107;0.232667;0.22783;1 -2.19485e-08 4.13026e-07 -0.123851 2.19485e-08 1 2.21995e-08 1.01942 -4.13026e-07 -2.21995e-08 1 -0.153289 0 0 0 1 
34562489690108;0.240619;0.287664;1 -3.45073e-08 -3.49512e-08 -0.150359 3.45073e-08 1 1.97629e-08 0.582701 3.49512e-08 -1.97629e-08 1 -0.112184 0 0 0 1 
34562489690109;0.185949;0.235786;1 -4.09877e-08 -4.32069e-07 -0.174875 4.09877e-08 1 1.82283e-08 0.517453 4.32069e-07 -1.82283e-08 1 -0.0963049 0 0 0 1 
34562489690110;0.265953;0.325393;0.996257 0.000287859 -0.0864441 325.209 0.000365327 0.999972 0.00754026 -29.3511 0.0864438 -0.00754362 0.996228 -29.5921 0 0 0 1 
34562489690111;0.165425;0.372176;0.999077 9.00329e-05 0.0429602 -81.4369 7.09673e-05 0.999993 -0.00374612 10.3221 -0.0429602 0.00374571 0.99907 40.7992 0 0 0 1 
34562489690112;0.350609;0.409315;0.985151 0.00770433 0.171515 -51581.1 -0.00521129 0.999874 -0.0149809 4678.55 -0.171609 0.0138647 0.985068 8999.12 0 0 0 1 
34562489690113;0.399049;0.46472;1 -4.51691e-08 3.18335e-07 -0.284779 4.51691e-08 1 5.20469e-09 0.727059 -3.18335e-07 -5.20468e-09 1 -0.0283748 0 0 0 1 
34562489690114;0.0997142;0.344567;0.999989 3.19112e-06 0.00474765 -17.7767 -1.22732e-06 1 -0.00041364 4.46847 -0.00474765 0.00041363 0.999989 6.77712 0 0 0 1 
34562489690115;0.280795;0.325886;1 -3.87885e-08 -2.05946e-07 -0.275794 3.87885e-08 1 2.49754e-09 -0.350177 2.05946e-07 -2.49755e-09 1 -0.0579088 0 0 0 1 
34562489690116;0.37279;0.470005;1 -9.28435e-08 3.23776e-07 -0.633981 9.28435e-08 1 4.9463e-08 0.433027 -3.23776e-07 -4.9463e-08 1 -0.403268 0 0 0 1 
34562489690117;0.26675;0.596134;1 -5.83547e-08 -3.95562e-07 -0.16449 5.83547e-08 1 5.07942e-08 4.05246 3.95562e-07 -5.07942e-08 1 -0.0644691 0 0 0 1 
34562489690118;0.0989808;0.242751;0.997773 -0.002787 -0.0666453 23996.6 0.00310796 0.999984 0.00471275 -2057.62 0.0666311 -0.00490939 0.997766 -7306.13 0 0 0 1 
34562489690119;0.386067;0.602594;0.983958 0.00137981 -0.178394 189.816 0.00142024 0.999878 0.0155672 -16.5226 0.178394 -0.0155708 0.983836 -34.2411 0 0 0 1 
34562489690120;0.309421;0.584795;0.999524 4.53028e-05 0.0308429 -33.5405 3.77222e-05 0.999996 -0.00269128 6.64279 -0.0308429 0.00269116 0.999521 13.7888 0 0 0 1 
34562489690121;0.382301;0.472551;1 -5.98343e-08 4.18656e-07 -0.345972 5.98343e-08 1 1.34703e-08 0.960678 -4.18656e-07 -1.34703e-08 1 0.0108332 0 0 0 1 
34562489690122;0.179762;0.43316;0.988738 0.000946349 0.149654 273.838 0.00107218 0.99991 -0.0134067 -26.5946 -0.149653 0.0134162 0.988648 -2814.76 0 0 0 1 
34562489690124;0.346704;0.492699;0.977721 0.00191815 -0.209898 245.484 0.00197101 0.99983 0.018318 -21.8067 0.209897 -0.0183237 0.977552 -16.3345 0 0 0 1 
34562489690125;0.12865;0.356641;0.99985 7.90559e-05 -0.0173411 -527.784 -5.24832e-05 0.999999 0.0015328 47.9308 0.0173412 -0.00153166 0.999848 141.89 0 0 0 1 
34562489690126;0.441684;1.32266;0.998181 0.000172041 0.0602834 -112.061 0.000145324 0.999986 -0.00526012 17.7952 -0.0602835 0.00525931 0.998167 33.7307 0 0 0 1 
34562489690127;0.210546;0.35203;0.999821 1.88197e-05 0.0189137 -27.9514 1.23782e-05 0.999999 -0.00164937 3.77483 -0.0189138 0.00164931 0.99982 15.8228 0 0 0 1 
34562489690128;0.0334274;0.266922;0.999857 5.41873e-06 -0.0169356 58.9967 1.95675e-05 0.999999 0.0014752 -7.28818 0.0169356 -0.00147532 0.999855 -26.5787 0 0 0 1 
34562489690129;0.0803559;0.157051;1 -4.61402e-07 2.03895e-05 3.53342 4.6143e-07 1 -1.34206e-06 0.662557 -2.03895e-05 1.34207e-06 1 2.90332 0 0 0 1 
34562489690130;0.355847;0.442343;0.997973 0.000168037 -0.0636448 80.0406 0.000185905 0.999985 0.00555524 -6.61718 0.0636447 -0.00555581 0.997957 -8.47266 0 0 0 1 
34562489690131;0.103607;0.311589;0.999999 6.53427e-06 -0.00121811 -50.9967 -6.40644e-06 1 0.000104947 6.79189 0.00121811 -0.00010494 0.999999 -11.9285 0 0 0 1 
34562489690132;0.232394;0.367141;0.996633 0.000279454 -0.081986 127.275 0.000308276 0.999974 0.00715591 -8.90615 0.0819859 -0.00715709 0.996608 -9.15985 0 0 0 1 
34562489690133;0.372111;0.387874;0.993308 0.000571488 -0.115498 119.072 0.000595424 0.999949 0.0100686 -9.63461 0.115498 -0.01007 0.993257 -113.282 0 0 0 1 
34562489690134;0.23228;0.251053;0.999896 5.87126e-06 -0.0144426 27.2808 1.23305e-05 0.999999 0.00126019 -1.70001 0.0144426 -0.00126024 0.999895 -6.29712 0 0 0 1 
34562489690135;0.171644;0.50264;0.999621 7.29574e-05 -0.0275436 -316.221 -5.95712e-06 0.999997 0.00243259 30.7511 0.0275437 -0.0024315 0.999618 215.374 0 0 0 1 
34562489690136;0.200279;0.235986;1 -9.65492e-07 -0.000296408 6.73311 9.7303e-07 1 2.54324e-05 -0.622244 0.000296408 -2.54327e-05 1 -3.95565 0 0 0 1 
34562489690137;0.062551;0.183369;0.998994 0.000347879 -0.0448527 -2085.62 -0.000178129 0.999993 0.00378853 180.894 0.0448537 -0.00377673 0.998986 -1121.17 0 0 0 1 
34562489690138;0.126833;1.2137;1 1.42415e-07 2.12448e-08 1.30651 -1.42415e-07 1 -5.64722e-09 9.50389 -2.12448e-08 5.64721e-09 1 0.0834371 0 0 0 1 
34562489690139;0.334771;0.583119;1 1.70699e-08 4.52495e-08 0.211204 -1.70699e-08 1 1.86339e-08 2.35408 -4.52495e-08 -1.86339e-08 1 -0.0446545 0 0 0 1 
34562489690140;0.169798;0.357877;0.999997 -1.43558e-06 -0.002471 12.9134 1.96767e-06 1 0.000215334 0.903618 0.002471 -0.000215339 0.999997 -3.66483 0 0 0 1 
34562489690141;0.269667;0.572918;0.999928 8.18277e-06 -0.0120314 -13.0038 4.44253e-06 0.999999 0.00104933 4.28572 0.0120315 -0.00104931 0.999927 -9.3077 0 0 0 1 
34562489690142;0.0756236;0.331638;0.999544 -0.000940261 -0.0301881 7888.45 0.00100748 0.999997 0.00221167 -686.439 0.0301859 -0.00224107 0.999542 -3173.74 0 0 0 1 
34562489690143;0.273373;0.588548;0.996618 0.00215647 0.0821502 -14984.8 -0.00160565 0.999976 -0.0067704 1327.04 -0.0821628 0.0066156 0.996597 4489.61 0 0 0 1 
34562489690144;0.115892;0.471154;0.999571 0.000290761 0.0292784 -2041.24 -0.000224617 0.999997 -0.0022624 181.916 -0.029279 0.00225485 0.999569 2425.21 0 0 0 1 
34562489690145;0.160443;0.197592;0.999672 5.70419e-05 0.0256021 -231.987 4.13569e-06 0.999997 -0.0023895 19.1867 -0.0256021 0.00238882 0.999669 -1235.86 0 0 0 1 
34562489690146;0.0878609;0.259413;1 1.70986e-08 1.9216e-09 0.2168 -1.70986e-08 1 -9.15346e-11 1.51475 -1.9216e-09 9.15345e-11 1 0.081146 0 0 0 1 
34562489690147;0.0902058;0.2196;0.999372 -0.000271752 -0.0354293 2631.54 0.000387949 0.999995 0.00327287 -228.187 0.0354282 -0.00328456 0.999367 1539.28 0 0 0 1 
34562489690148;0.253989;0.882349;0.999998 0.0002799 -0.00194102 -2248.94 -0.000279205 1 0.000358642 202.309 0.00194112 -0.000358099 0.999998 1518.16 0 0 0 1 
34562489690149;0.415878;0.421706;0.999842 1.17885e-05 -0.0177492 17.9121 1.57187e-05 0.999999 0.00154963 -1.59015 0.0177492 -0.00154966 0.999841 -0.831926 0 0 0 1 
34562489690150;0.323952;0.429173;0.99931 5.46865e-05 -0.0371505 48.7001 6.5824e-05 0.999995 0.00324261 -3.66945 0.0371505 -0.00324282 0.999304 -6.74306 0 0 0 1 
34562489690151;0.0908205;0.587625;1 2.14006e-06 -7.44124e-05 -15.4507 -2.13964e-06 1 5.6428e-06 5.5552 7.44124e-05 -5.64264e-06 1 -7.04231 0 0 0 1 
34562489690152;0.416208;0.451873;0.98992 0.000872437 -0.141626 81.0971 0.000887142 0.999923 0.0123605 -5.55278 0.141626 -0.0123616 0.989843 -28.082 0 0 0 1 
34562489690153;0.0988573;0.129544;0.999932 8.56394e-06 -0.011627 -19.1387 3.20609e-06 0.999999 0.00101229 0.0614345 0.011627 -0.00101225 0.999932 -22.8035 0 0 0 1 
34562489690155;0.259195;0.489822;0.999424 5.01442e-05 -0.0339235 6.16759 5.03107e-05 0.999996 0.00296036 1.6077 0.0339235 -0.00296037 0.99942 -12.2472 0 0 0 1 
34562489690156;0.172496;0.160954;0.999872 1.02488e-05 -0.0159757 9.84706 1.20189e-05 0.999999 0.00139375 0.253361 0.0159757 -0.00139376 0.999871 -9.19885 0 0 0 1 
34562489690157;0.159263;0.313832;0.98911 -0.00017722 0.147179 9055.38 0.0021737 0.999908 -0.0134042 -781.486 -0.147163 0.0135782 0.989019 -5869.55 0 0 0 1 
34562489690158;0.105511;0.22494;0.999614 0.000192978 0.0277909 -1283.87 -0.000115185 0.999996 -0.0028008 112.432 -0.0277913 0.00279652 0.99961 -2978.17 0 0 0 1 
34562489690159;0.266866;0.402238;1 4.63332e-07 0.0002412 -3.60183 -4.58634e-07 1 -1.94772e-05 2.13299 -0.0002412 1.94771e-05 1 11.8684 0 0 0 1 
34562489690160;0.0473697;0.196941;1 4.64241e-08 9.10856e-07 0.454074 -4.64241e-08 1 8.84122e-10 0.870588 -9.10856e-07 -8.84164e-10 1 -0.0495975 0 0 0 1 
34562489690161;0.216211;0.305366;1 1.92199e-08 1.55107e-07 0.307953 -1.92199e-08 1 -2.79807e-09 0.937709 -1.55107e-07 2.79807e-09 1 -0.0287862 0 0 0 1 
34562489690162;0.156911;0.328198;0.999871 1.60226e-05 0.0160888 -38.3242 6.54856e-06 0.999999 -0.00140286 4.04083 -0.0160888 0.00140278 0.99987 14.5281 0 0 0 1 
34562489690163;0.149607;0.204275;0.998749 4.13277e-05 0.0500044 539.736 0.000180035 0.99999 -0.00442235 -44.9735 -0.0500041 0.00442582 0.998739 -484.065 0 0 0 1 
34562489690164;0.334807;1.00675;0.992245 0.000699746 0.124296 -195.026 0.000653611 0.999941 -0.0108471 15.6356 -0.124296 0.0108442 0.992186 63.54 0 0 0 1 
34562489690165;0.385816;0.928389;0.959935 0.00245855 0.280211 8326.85 0.00543462 0.99961 -0.0273883 -673.898 -0.280169 0.0278138 0.959548 -26971.2 0 0 0 1 
34562489690166;0.333068;0.367308;0.996164 0.000566932 0.0875068 -1878.27 9.3571e-05 0.999972 -0.00754374 165.075 -0.0875085 0.00752299 0.996135 943.001 0 0 0 1 
34562489690167;0.363242;0.525063;1 1.77833e-08 4.45032e-07 0.38579 -1.77833e-08 1 2.96475e-08 1.56606 -4.45032e-07 -2.96475e-08 1 -0.263143 0 0 0 1 
34562489690168;0.405801;0.271025;0.999719 3.24164e-05 -0.0236895 -59.8408 1.62277e-05 0.999998 0.00205321 7.06113 0.0236895 -0.00205302 0.999717 -124.332 0 0 0 1 
34562489690169;0.233383;0.519875;0.999838 1.20722e-05 -0.0180113 20.0072 1.62414e-05 0.999999 0.00157184 0.834908 0.0180113 -0.00157188 0.999837 -6.22619 0 0 0 1 
34562489690170;0.111556;0.199019;0.999987 1.32994e-06 0.00515535 -1.51688 9.88984e-07 1 -0.000449806 1.113 -0.00515535 0.000449806 0.999987 1.77317 0 0 0 1 
34562489690171;0.0960451;0.261775;0.999849 1.3347e-05 -0.0173939 1.71852 1.306e-05 0.999999 0.00151806 1.62743 0.0173939 -0.00151806 0.999848 -5.70235 0 0 0 1 
34562489690172;0.321124;0.435305;0.998024 0.000228269 0.0628391 -455.266 0.000130019 0.999984 -0.00569752 40.2866 -0.0628394 0.00569443 0.998007 -1674.91 0 0 0 1 
34562489690173;0.268086;0.338975;0.99932 5.73297e-05 0.0368716 11.6705 6.1367e-05 0.999995 -0.00321805 0.00671936 -0.0368716 0.00321812 0.999315 8.94443 0 0 0 1 
34562489690174;0.189053;0.354438;0.999312 5.96175e-05 0.0370923 -1.09665 6.0467e-05 0.999995 -0.00323632 1.43819 -0.0370923 0.00323634 0.999307 16.5202 0 0 0 1 
34562489690175;0.133957;0.330343;0.999882 1.51888e-05 0.0153899 -39.4043 5.46614e-06 0.999999 -0.00134207 4.15864 -0.0153899 0.00134199 0.999881 13.0431 0 0 0 1 
34562489690176;0.144022;0.284476;0.997895 0.00015623 0.0648454 213.359 0.00022914 0.999982 -0.00593542 -18.8309 -0.0648451 0.00593779 0.997878 -2222.83 0 0 0 1 
34562489690177;0.320514;0.517579;0.999948 4.86275e-06 0.0102323 -2.69491 4.27083e-06 1 -0.000892596 1.83702 -0.0102323 0.000892593 0.999947 5.77845 0 0 0 1 
34562489690178;0.353901;0.581752;0.992204 0.00067828 -0.124621 37.2667 0.000682495 0.999941 0.0108763 -0.369581 0.124621 -0.0108766 0.992145 -30.6739 0 0 0 1 
34562489690179;0.0142393;0.114721;1 2.9353e-08 3.39804e-07 0.342809 -2.9353e-08 1 -1.73342e-09 0.469469 -3.39804e-07 1.73341e-09 1 -0.0276486 0 0 0 1 
34562489690180;0.106434;0.173738;0.999923 6.79078e-06 -0.0123898 1.05874 6.6082e-06 0.999999 0.00108141 0.489618 0.0123898 -0.00108141 0.999923 -2.826 0 0 0 1 
34562489690181;0.139987;0.135524;1 -1.69153e-08 1.95727e-06 0.341699 1.69157e-08 1 -1.90278e-07 0.288363 -1.95727e-06 1.90278e-07 1 0.0742615 0 0 0 1 
34562489690182;0.247912;0.713991;0.994775 -5.24414e-05 -0.102094 4108.39 0.000956196 0.999961 0.00880328 -353.716 0.102089 -0.0088549 0.994736 -469.487 0 0 0 1 
34562489690183;0.115667;1.25695;1 6.28217e-08 1.59472e-06 1.04666 -6.28217e-08 1 2.50909e-08 8.31671 -1.59472e-06 -2.5091e-08 1 0.0626424 0 0 0 1 
34562489690184;0.228068;0.337762;1 5.55056e-08 7.26822e-07 0.568342 -5.55055e-08 1 -9.85139e-09 0.440777 -7.26822e-07 9.85135e-09 1 -0.00858344 0 0 0 1 
34562489690186;0.0711037;0.554151;0.999986 1.32855e-05 0.00530367 -96.9224 -1.08157e-05 1 -0.000465709 1.50606 -0.00530368 0.000465645 0.999986 -21.4964 0 0 0 1 
34562489690187;0.0441165;0.0491323;0.999537 4.02457e-05 0.0304232 -3.16071 4.05344e-05 0.999996 -0.0026546 0.0979259 -0.0304232 0.0026546 0.999534 10.5423 0 0 0 1 
34562489690188;0.231973;0.235705;0.999695 0.000132285 -0.0246795 -846.936 -7.66001e-05 0.999997 0.00225725 75.0162 0.0246797 -0.00225467 0.999693 804.947 0 0 0 1 
34562489690189;0.393005;0.499623;0.940977 0.00513135 -0.338433 222.343 0.00517325 0.99955 0.029539 -14.437 0.338432 -0.0295463 0.940527 15.2552 0 0 0 1 
34562489690190;0.219538;0.371787;0.999815 -1.10375e-05 -0.0192405 221.09 4.43325e-05 0.999999 0.00173004 -15.6566 0.0192404 -0.00173057 0.999813 407.7 0 0 0 1 
34562489690191;0.389147;0.671609;1 1.23355e-07 8.7302e-09 0.697587 -1.23355e-07 1 -6.72579e-08 -4.92346 -8.73021e-09 6.72579e-08 1 0.356595 0 0 0 1 
34562489690192;0.192134;0.265564;0.999926 8.63879e-06 0.0121984 -18.6773 4.35041e-06 0.999999 -0.0010648 -0.0573797 -0.0121984 0.00106478 0.999925 0.936409 0 0 0 1 
34562489690193;0.281462;0.296097;1 -3.35229e-08 6.04589e-07 -0.153135 3.35229e-08 1 9.75501e-08 -0.0921205 -6.04589e-07 -9.755e-08 1 -0.787854 0 0 0 1 
34562489690194;0.204314;0.307083;0.999975 5.48684e-08 0.0071009 16.7281 4.34092e-06 1 -0.000619031 -3.96905 -0.0071009 0.000619046 0.999975 7.35102 0 0 0 1 
34562489690195;0.157469;0.37284;0.999735 2.50851e-05 -0.0230152 -12.4901 2.11551e-05 0.999998 0.00200888 4.86443 0.0230152 -0.00200883 0.999733 -4.47955 0 0 0 1 
34562489690196;0.0529904;0.0805825;0.99996 3.10859e-06 -0.00898465 4.55691 3.92887e-06 1 0.000783258 0.432096 0.00898465 -0.000783262 0.999959 -9.80724 0 0 0 1 
34562489690197;0.438295;0.854733;1 1.25369e-07 3.79736e-08 0.288779 -1.25369e-07 1 -3.32268e-08 -7.32027 -3.79736e-08 3.32268e-08 1 -0.00806501 0 0 0 1 
34562489690198;0.0525853;0.0407885;0.999991 9.71087e-07 -0.00424913 -0.426285 6.0357e-07 1 0.000370582 1.07965 0.00424913 -0.000370581 0.999991 -3.25016 0 0 0 1 
34562489690199;0.186435;0.487082;1 4.55548e-06 -0.0006492 -36.5831 -4.51643e-06 1 6.01608e-05 7.99662 0.000649201 -6.01579e-05 1 27.2275 0 0 0 1 
34562489690200;0.246291;0.23875;1 2.95737e-08 -1.82332e-06 -0.125136 -2.95735e-08 1 1.1e-07 0.253473 1.82332e-06 -1.1e-07 1 -0.224107 0 0 0 1 
34562489690201;0.100046;0.228701;0.999984 -5.00322e-07 0.00569819 14.7767 3.33289e-06 1 -0.00049709 -3.96759 -0.00569819 0.000497101 0.999984 2.83192 0 0 0 1 
34562489690202;0.155088;0.156557;1 1.28992e-08 1.1871e-07 0.0717621 -1.28992e-08 1 1.1347e-08 0.346408 -1.1871e-07 -1.1347e-08 1 -0.0795435 0 0 0 1 
34562489690203;0.0877176;0.592834;1 1.44429e-05 0.000663869 -115.024 -1.44087e-05 1 -5.15756e-05 18.035 -0.000663869 5.1566e-05 1 52.0934 0 0 0 1 
34562489690204;0.244178;0.396599;0.999116 7.95798e-05 0.0420408 -25.2711 7.47772e-05 0.999993 -0.00367001 -1.10066 -0.0420408 0.00366991 0.999109 3.51804 0 0 0 1 
34562489690205;0.481854;0.399166;0.998216 0.000169106 -0.0597124 -97.5501 0.000142601 0.999986 0.00521585 8.44472 0.0597124 -0.00521505 0.998202 15.753 0 0 0 1 
34562489690206;0.097924;0.471301;0.998896 8.81884e-05 0.046966 58.0909 0.000104292 0.999992 -0.00409583 -10.9546 -0.0469659 0.00409621 0.998888 31.5014 0 0 0 1 
34562489690207;0.417969;0.429088;0.997498 0.000227686 -0.0706932 -64.7276 0.000209291 0.999981 0.00617384 7.84409 0.0706933 -0.00617319 0.997479 12.2689 0 0 0 1 
34562489690208;0.41666;0.411882;1 4.07895e-08 -2.52887e-08 0.175251 -4.07895e-08 1 9.75942e-09 -0.982875 2.52887e-08 -9.75942e-09 1 -0.0894207 0 0 0 1 
34562489690209;0.102897;0.0930759;1 1.81255e-06 -0.000763379 -13.9255 -1.7618e-06 1 6.64814e-05 2.00078 0.000763379 -6.64801e-05 1 -2.20574 0 0 0 1 
34562489690210;0.0465566;0.480148;0.99997 6.5441e-06 0.00774688 -32.6695 -1.29309e-06 1 -0.000677827 -3.05295 -0.00774688 0.000677797 0.99997 -12.7641 0 0 0 1 
34562489690211;0.156365;0.154166;1 1.67734e-06 -2.05244e-05 -12.9136 -1.67733e-06 1 3.91549e-07 0.23978 2.05244e-05 -3.91515e-07 1 -11.0022 0 0 0 1 
34562489690212;0.249667;0.423667;0.99966 3.59007e-05 0.0260861 -52.6462 2.34949e-05 0.999997 -0.0022766 1.33885 -0.0260861 0.00227644 0.999657 6.88113 0 0 0 1 
34562489690213;0.302086;0.319545;1 3.20816e-08 1.42961e-07 0.0863959 -3.20816e-08 1 -1.52499e-08 -1.18762 -1.42961e-07 1.52499e-08 1 0.076441 0 0 0 1 
34562489690214;0.0408606;0.0919917;0.999986 -2.15316e-06 -0.00533372 28.132 4.63413e-06 1 0.000465136 -1.2164 0.00533372 -0.000465154 0.999986 -4.25064 0 0 0 1 
34562489690215;0.322976;0.319644;0.999833 1.02845e-05 0.0182582 31.0074 1.87784e-05 0.999999 -0.0015916 -1.54841 -0.0182582 0.00159168 0.999832 18.2237 0 0 0 1 
34562489690217;0.345856;0.29493;0.999927 5.57903e-06 0.0121049 3.89486 7.20092e-06 0.999999 -0.00105572 -0.599075 -0.0121049 0.00105573 0.999926 10.1551 0 0 0 1 
34562489690218;0.369096;0.241505;1 -2.55435e-08 -2.71022e-08 -0.264836 2.55435e-08 1 2.59509e-09 -0.630229 2.71022e-08 -2.59509e-09 1 -0.0341381 0 0 0 1 
34562489690219;0.344434;0.65637;1 -8.1682e-08 -6.17793e-07 -0.423292 8.1682e-08 1 1.31858e-08 1.10589 6.17793e-07 -1.31858e-08 1 0.054511 0 0 0 1 
34562489690220;0.281678;0.341108;1 1.91347e-08 -4.97605e-07 0.16575 -1.91347e-08 1 -4.60698e-09 0.129384 4.97605e-07 4.60699e-09 1 0.0239381 0 0 0 1 
34562489690221;0.2479;1.10757;0.998694 0.000104944 -0.051092 77.4493 0.000123055 0.99999 0.00445934 -7.64274 0.051092 -0.0044598 0.998684 -10.4095 0 0 0 1 
34562489690222;0.309448;0.723695;0.998763 9.87431e-05 -0.0497264 79.7096 0.00011726 0.999991 0.0043409 -6.82906 0.0497264 -0.00434136 0.998753 -4.55612 0 0 0 1 
34562489690223;0.503992;0.666635;0.97352 0.00225643 -0.228589 478.156 0.00229239 0.999805 0.0196321 -42.2505 0.228588 -0.0196363 0.973325 -2594.01 0 0 0 1 
34562489690224;0.505738;0.325687;0.996469 0.000305102 -0.083956 36.3795 0.000311214 0.999973 0.00732776 -3.5321 0.083956 -0.00732802 0.996443 -21.0659 0 0 0 1 
34562489690225;0.255572;0.278072;1 -7.74807e-09 1.85648e-07 -0.0795241 7.74807e-09 1 -8.0577e-09 -0.16988 -1.85648e-07 8.0577e-09 1 0.0592916 0 0 0 1 
34562489690226;0.59187;0.611688;0.986369 0.00118687 -0.164546 48.9307 0.00119303 0.999896 0.0143638 -4.57824 0.164546 -0.0143644 0.986265 -21.4505 0 0 0 1 
34562489690227;0.535961;0.574007;0.99431 0.000488704 -0.106528 79.0034 0.00050487 0.999957 0.00929973 -6.57954 0.106528 -0.00930059 0.994266 -6.56195 0 0 0 1 
34562489690228;0.492348;1.42836;0.986269 0.00118322 -0.165141 146.239 0.00121391 0.999895 0.0144139 -12.8754 0.165141 -0.0144165 0.986165 -20.4249 0 0 0 1 
34562489690229;0.377629;0.389327;0.998926 9.33125e-05 -0.0463324 9.67426 9.40218e-05 0.999992 0.00404107 -1.47331 0.0463324 -0.00404109 0.998918 -34.922 0 0 0 1 
34562489690230;0.309344;1.19302;0.990647 0.000806237 -0.136444 100.848 0.000826522 0.999929 0.0119095 -6.39286 0.136444 -0.0119109 0.990576 -20.5107 0 0 0 1 
34562489690231;0.422227;0.579033;0.999719 2.08259e-05 0.0236892 25.5354 2.81663e-05 0.999998 -0.00206779 -1.75704 -0.0236892 0.00206788 0.999717 5.17934 0 0 0 1 
34562489690232;0.215127;0.648792;0.999319 5.27071e-05 0.03691 48.0011 6.60045e-05 0.999995 -0.00321502 -4.16963 -0.03691 0.00321526 0.999313 60.4087 0 0 0 1 
34562489690233;0.420689;0.515535;1 -4.55259e-08 5.36722e-08 -0.329644 4.55259e-08 1 1.19479e-08 0.391246 -5.36722e-08 -1.19479e-08 1 -0.0917885 0 0 0 1 
34562489690234;0.244511;0.425503;1 -1.43264e-07 -2.63519e-05 0.4273 1.43325e-07 1 2.30459e-06 0.138661 2.63519e-05 -2.3046e-06 1 -0.229095 0 0 0 1 
34562489690235;0.305129;0.234171;0.999975 1.06712e-05 0.00705443 -70.0786 -6.09919e-06 1 -0.000648124 6.80168 -0.00705444 0.000648065 0.999975 -257.677 0 0 0 1 
34562489690236;0.196522;0.690065;0.998574 0.000116324 0.0533821 56.6325 0.000132464 0.999989 -0.00465695 -4.47621 -0.0533821 0.00465738 0.998563 29.3796 0 0 0 1 
34562489690237;0.236663;1.2023;0.995118 0.000414707 -0.0986916 103.778 0.000437688 0.999963 0.00861515 -9.424 0.0986915 -0.00861629 0.995081 -6.95469 0 0 0 1 
34562489690238;0.36003;0.615502;1 -7.78036e-08 4.86298e-07 -0.652235 7.78036e-08 1 2.14305e-08 -0.181258 -4.86298e-07 -2.14305e-08 1 -0.220104 0 0 0 1 
34562489690239;0.243492;0.497125;0.999993 -2.00045e-06 -0.003856 20.6356 3.28941e-06 1 0.000334265 -2.76226 0.003856 -0.000334276 0.999993 -18.8869 0 0 0 1 
34562489690240;0.35283;0.545938;0.999568 3.37897e-05 -0.029384 34.357 4.14844e-05 0.999997 0.00256113 -4.76899 0.029384 -0.00256124 0.999565 -35.9332 0 0 0 1 
34562489690241;0.379757;2.17652;0.958821 0.00358145 0.283988 69.516 0.00360984 0.999686 -0.0247951 -9.86561 -0.283987 0.0247993 0.958507 -17.6921 0 0 0 1 
34562489690242;0.378853;0.424943;0.973191 0.00277048 0.22998 -3489.99 0.00224 0.999766 -0.0215227 313.073 -0.229986 0.0214608 0.972957 -11095.8 0 0 0 1 
34562489690243;0.301434;0.889765;1 -2.01975e-06 -0.000859046 14.8329 2.08115e-06 1 7.14752e-05 -0.582577 0.000859046 -7.1477e-05 1 -28.3624 0 0 0 1 
34562489690244;0.500189;0.669748;1 -2.09653e-08 -4.17416e-07 -0.136738 2.09653e-08 1 -6.04992e-09 0.320649 4.17416e-07 6.04991e-09 1 0.0464858 0 0 0 1 
34562489690245;0.271456;0.335731;0.99999 -3.14687e-07 0.00453783 8.39415 2.1108e-06 1 -0.000395804 -0.666825 -0.00453783 0.000395809 0.99999 3.68776 0 0 0 1 
34562489690246;0.262584;0.63763;0.999927 3.51353e-06 -0.0121191 23.7812 9.30398e-06 0.999999 0.00105758 -1.39777 0.0121191 -0.00105761 0.999926 -4.68691 0 0 0 1 
34562489690248;0.122472;0.252399;0.998764 0.000107929 0.0497037 -5.80363 0.000107834 0.999991 -0.00433829 0.958965 -0.0497037 0.00433829 0.998755 14.3449 0 0 0 1 
34562489690249;0.236877;0.466111;0.998855 0.000101254 -0.0478418 -2.75429 9.8697e-05 0.999991 0.00417705 2.76709 0.0478418 -0.00417699 0.998846 -3.76489 0 0 0 1 
34562489690250;0.361013;0.619772;0.995389 0.00040851 0.0959181 -59.3439 0.000396531 0.999965 -0.00837379 2.33116 -0.0959181 0.00837321 0.995354 17.3971 0 0 0 1 
34562489690251;0.0844088;0.129969;0.9994 -1.45299e-06 -0.0346429 439.003 0.000108675 0.999995 0.00309318 -37.7743 0.0346427 -0.00309509 0.999395 564.97 0 0 0 1 
34562489690252;0.195046;0.305234;1 2.13191e-08 9.0502e-08 0.327409 -2.13191e-08 1 1.53059e-08 1.09869 -9.0502e-08 -1.53059e-08 1 -0.0589279 0 0 0 1 
34562489690253;0.120903;0.346799;0.996055 0.00034907 0.0887392 -47.505 0.000339619 0.99997 -0.0077456 2.76205 -0.0887392 0.00774518 0.996025 26.8932 0 0 0 1 
34562489690254;0.246774;1.04559;1 7.92569e-09 2.77694e-06 3.21956 -7.92472e-09 1 -3.50073e-07 -6.83946 -2.77694e-06 3.50073e-07 1 -0.456545 0 0 0 1 
34562489690255;0.134202;0.173549;0.999945 3.87096e-06 0.0105104 6.85113 5.7556e-06 1 -0.000915874 -1.1537 -0.0105104 0.000915884 0.999944 14.5218 0 0 0 1 
34562489690256;0.130561;0.162371;0.999997 1.09357e-06 0.0023791 -5.58623 -6.00116e-07 1 -0.000207413 0.809884 -0.0023791 0.000207411 0.999997 3.01445 0 0 0 1 
34562489690257;0.163799;0.182703;0.999646 3.44333e-05 -0.0266175 -24.5452 2.74062e-05 0.999997 0.0023229 2.72582 0.0266175 -0.00232281 0.999643 -11.4639 0 0 0 1 
34562489690258;0.294851;0.408714;0.977192 0.000501367 -0.212356 12020.9 0.00337503 0.999834 0.0178914 -1042.93 0.212329 -0.0182 0.977029 -2731.12 0 0 0 1 
34562489690259;0.334686;0.851743;1 1.99826e-07 -4.40229e-07 1.4328 -1.99826e-07 1 -5.82875e-08 -4.20166 4.40229e-07 5.82876e-08 1 0.313888 0 0 0 1 
