#;prob_registration_l1 -r /home/probabilistic_point_clouds_registration/build/tester /home/point_clouds_registration_benchmark//devel/registration_pairs/wood_summer_local.txt /home/point_clouds_registration_benchmark//eth/wood_summer -s 0.2 -t 0.2 -p 0.3 -r 1000 -m 10 -i 40 
id;initial_error;final_error;transformation
2318808360000;0.0774618;0.0286827;0.998173 0.039283 0.0459079 -0.464638 -0.0392908 0.999228 -0.000732562 0.427727 -0.0459012 -0.00107254 0.998945 0.351235 0 0 0 1 
2318808360001;0.306883;0.0235996;0.997521 0.0681542 -0.0175367 -0.126002 -0.0684124 0.997551 -0.0145675 0.591784 0.0165009 0.0157311 0.99974 -0.429869 0 0 0 1 
2318808360002;0.495258;0.0370423;0.918593 -0.381801 -0.10205 4.72137 0.380421 0.924209 -0.033432 -1.7856 0.10708 -0.00811144 0.994217 -0.168087 0 0 0 1 
2318808360003;0.524546;0.0370423;0.912 -0.407217 -0.0493058 4.4161 0.409876 0.899989 0.148396 -2.69399 -0.0160547 -0.155547 0.987698 1.30268 0 0 0 1 
2318808360004;0.20511;0.0314453;0.997563 -0.0635902 0.0287035 0.590699 0.0634693 0.997971 0.00510504 -0.527156 -0.0289699 -0.00327081 0.999575 -0.154175 0 0 0 1 
2318808360005;0.440296;0.0275228;0.984323 0.0667114 -0.163275 -0.0768285 -0.0187619 0.960062 0.279157 0.1828 0.175377 -0.271717 0.946263 0.83854 0 0 0 1 
2318808360006;0.169359;0.0257009;0.996011 -0.0864956 0.0219101 1.03495 0.0869004 0.99605 -0.0182516 -0.454898 -0.0202449 0.0200828 0.999593 0.0841772 0 0 0 1 
2318808360007;0.299345;0.0248429;0.927395 -0.369484 0.0584911 4.3162 0.36824 0.929208 0.0311767 -2.29412 -0.0658696 -0.00737435 0.997801 0.505634 0 0 0 1 
2318808360008;0.34518;0.270571;0.990635 0.0672513 0.118829 -0.863273 -0.0739972 0.995833 0.0532962 0.291552 -0.11475 -0.0615901 0.991483 1.77605 0 0 0 1 
2318808360009;0.553788;0.380363;0.994268 0.0900682 0.0576092 -0.834479 -0.0893591 0.99589 -0.0147736 0.465607 -0.058703 0.00954101 0.99823 0.514373 0 0 0 1 
2318808360010;0.296129;0.0237826;0.992654 -0.120947 0.00311284 1.16644 0.120744 0.991959 0.0379123 -1.20365 -0.0076732 -0.037258 0.999276 -0.0116003 0 0 0 1 
2318808360011;0.267088;0.0156781;0.974711 -0.188501 0.120025 2.13406 0.175623 0.978273 0.110172 -1.25743 -0.138185 -0.0863063 0.986639 2.31853 0 0 0 1 
2318808360012;0.117207;0.0270545;0.996917 -0.00461002 -0.0783329 0.0730977 0.00845231 0.998773 0.0487904 -0.201296 0.0780119 -0.049302 0.995733 -0.265342 0 0 0 1 
2318808360013;0.297157;0.012237;0.99693 -0.0553724 0.0553578 0.0456423 0.0572458 0.99782 -0.032849 -0.658844 -0.0534182 0.0359171 0.997926 -0.0801255 0 0 0 1 
2318808360014;0.320442;0.0200262;0.99994 0.00622248 0.00905367 -0.0386675 -0.00620804 0.999979 -0.00162225 0.0802867 -0.00906358 0.00156595 0.999958 -0.59747 0 0 0 1 
2318808360015;0.329054;0.0310562;0.962476 0.241319 -0.124118 -2.11036 -0.253717 0.962491 -0.0961148 2.44427 0.0962686 0.123999 0.987601 -2.50451 0 0 0 1 
2318808360016;0.335073;0.0137853;0.999562 0.0296055 0.000224431 -0.208528 -0.0296061 0.999556 0.0033821 -0.0871404 -0.000124203 -0.00338726 0.999994 -0.546134 0 0 0 1 
2318808360017;0.483715;0.0143259;0.972377 0.227786 -0.0509585 -2.50861 -0.228157 0.973623 -0.00151466 1.79623 0.0492693 0.0130994 0.9987 0.176455 0 0 0 1 
2318808360018;0.313611;0.0293648;0.910116 -0.402685 -0.0976406 4.92175 0.394001 0.913987 -0.0969065 -2.10407 0.128265 0.0497257 0.990493 -1.49289 0 0 0 1 
2318808360019;0.502137;0.401093;0.99949 0.0307431 0.00863488 -0.291618 -0.0303719 0.998728 -0.0402576 0.0582271 -0.00986153 0.0399748 0.999152 -0.543125 0 0 0 1 
2318808360020;0.421809;0.0217024;0.966064 0.0231985 0.25726 -0.564343 -0.000738627 0.996203 -0.0870592 0.231437 -0.258303 0.0839147 0.962413 0.521907 0 0 0 1 
2318808360021;0.393879;0.0249068;0.910153 -0.299463 -0.286256 4.30853 0.204723 0.925846 -0.317643 -0.812655 0.360151 0.230501 0.903969 -5.08124 0 0 0 1 
2318808360022;0.404256;0.0281775;0.995653 0.0345323 -0.0864966 -0.302104 -0.0407781 0.996606 -0.071514 1.12289 0.0837335 0.0747303 0.993682 -1.76067 0 0 0 1 
2318808360023;0.175152;0.0244192;0.979148 -0.189776 0.0724891 1.95206 0.193351 0.980055 -0.0459159 -1.27317 -0.0623296 0.0589743 0.996312 -0.105538 0 0 0 1 
2318808360024;0.438639;0.0157588;0.993307 0.0122883 -0.114847 -0.817901 -0.0244837 0.99413 -0.105389 0.387778 0.112878 0.107496 0.987777 -2.06725 0 0 0 1 
2318808360025;0.493149;0.0326242;0.985006 -0.17234 -0.00783659 1.72594 0.172062 0.984689 -0.027978 -0.695694 0.0125383 0.0262102 0.999578 0.361898 0 0 0 1 
2318808360026;0.26214;0.0257766;0.980738 0.0163981 -0.194639 -0.152876 -0.00402123 0.997954 0.0638143 -0.0430138 0.195287 -0.0618024 0.978797 -0.57182 0 0 0 1 
2318808360027;0.301824;0.0205397;0.971074 0.238595 -0.00937698 -2.23993 -0.232314 0.934977 -0.268046 2.97385 -0.0551871 0.26247 0.963361 -2.21954 0 0 0 1 
2318808360028;0.111442;0.0254514;0.999116 -0.0271584 -0.0321002 0.313519 0.0311003 0.991095 0.129478 -0.386538 0.028298 -0.130361 0.991063 1.10272 0 0 0 1 
2318808360029;0.556383;0.0165086;0.994786 -0.0581267 -0.0838005 0.130294 0.0848132 0.927829 0.363236 -0.406416 0.0566389 -0.368449 0.927921 4.16276 0 0 0 1 
2318808360031;0.47988;0.27015;0.986884 0.139591 -0.0810839 -0.636047 -0.141564 0.989745 -0.019083 1.71204 0.0775885 0.0303113 0.996525 -1.33297 0 0 0 1 
2318808360032;0.536016;0.00760351;0.930512 0.0488219 -0.362992 0.668544 -0.151936 0.953232 -0.261272 2.75821 0.33326 0.298269 0.894412 -6.01379 0 0 0 1 
2318808360033;0.38485;0.0112385;0.988511 0.146117 0.0386737 -1.35563 -0.145872 0.989262 -0.0090883 1.18551 -0.0395864 0.00334247 0.999211 -0.385705 0 0 0 1 
2318808360034;0.495664;0.362716;0.998812 0.048734 0.000331239 -0.479635 -0.0487296 0.998778 -0.00822353 0.65343 -0.0007316 0.00819762 0.999966 -0.498124 0 0 0 1 
2318808360035;0.329409;0.0152931;0.99344 0.105434 -0.0442799 -0.831735 -0.105765 0.994378 -0.00520234 1.10348 0.0434824 0.00985149 0.999006 -1.01838 0 0 0 1 
2318808360036;0.430313;0.0084491;0.906728 0.243948 -0.343996 -1.1854 -0.232545 0.969711 0.0747213 1.98321 0.351804 0.0122426 0.935993 -3.02956 0 0 0 1 
2318808360037;0.120765;0.0138997;0.99396 0.0108441 -0.109202 0.0508064 -0.0237856 0.992739 -0.117915 0.455948 0.107131 0.1198 0.987001 -2.13683 0 0 0 1 
2318808360038;0.516165;0.00628078;0.97604 -0.185581 0.113605 1.81916 0.183455 0.982601 0.0289826 -1.99458 -0.117007 -0.00744671 0.993103 1.72088 0 0 0 1 
2318808360039;0.413132;0.012508;0.972585 -0.128322 0.193936 1.0918 0.121898 0.991533 0.0447527 -0.573425 -0.198036 -0.0198854 0.979993 2.31385 0 0 0 1 
2318808360040;0.306491;0.00942913;0.989854 0.115637 -0.0825712 -0.800806 -0.101861 0.982642 0.155047 0.838649 0.0990671 -0.145063 0.98445 0.356954 0 0 0 1 
2318808360041;0.475776;0.0338322;0.888493 -0.45873 -0.012108 6.00968 0.457992 0.888095 -0.0391184 -2.58801 0.0286978 0.0292111 0.999161 -0.0801669 0 0 0 1 
2318808360042;0.392346;0.0130356;0.994486 0.0455282 0.0944682 -0.576577 -0.0451578 0.998962 -0.00605637 0.402692 -0.0946458 0.001757 0.995509 1.52119 0 0 0 1 
2318808360043;0.212163;0.00881951;0.99162 0.0625347 -0.113046 -0.437376 -0.0332638 0.969125 0.244316 0.266113 0.124834 -0.238508 0.963084 1.6403 0 0 0 1 
2318808360044;0.216595;0.0098689;0.989308 0.1149 -0.0898186 -1.33087 -0.108729 0.991544 0.0708377 0.659579 0.0971984 -0.0603145 0.993436 0.00124815 0 0 0 1 
2318808360045;0.469606;0.0700004;0.928244 0.230235 -0.292156 -1.71433 -0.312426 0.908829 -0.276441 4.06791 0.201874 0.347882 0.915546 -4.9231 0 0 0 1 
2318808360046;0.276896;0.00818506;0.999155 0.0197434 0.0360516 -0.0317593 -0.0194526 0.999775 -0.0083997 -0.310746 -0.0362094 0.0076913 0.999315 0.0388773 0 0 0 1 
2318808360047;0.219223;0.014148;0.964374 -0.136431 -0.226649 2.01576 0.131079 0.990621 -0.0385696 -0.798477 0.229785 0.00748655 0.973213 -2.01369 0 0 0 1 
2318808360048;0.2746;0.0122996;0.948173 -0.0246333 0.316799 0.188226 0.00323612 0.997687 0.0678914 -0.0145195 -0.317739 -0.0633476 0.94606 3.33316 0 0 0 1 
2318808360049;0.475244;0.0187818;0.919901 -0.300744 -0.251664 4.53773 0.318821 0.947225 0.0334245 -2.1817 0.228331 -0.110983 0.967237 -1.18066 0 0 0 1 
2318808360050;0.266943;0.0168355;0.953752 -0.300528 -0.00639758 3.69334 0.300571 0.95373 0.00749672 -2.08105 0.00384859 -0.00907294 0.999951 -0.11896 0 0 0 1 
2318808360051;0.316495;0.0100398;0.975314 -0.0589553 0.212809 0.611587 0.028973 0.989536 0.14135 -0.41533 -0.218915 -0.131695 0.966816 3.77369 0 0 0 1 
2318808360052;0.442125;0.357703;0.974223 0.200539 0.103317 -1.91121 -0.19131 0.977144 -0.0926852 2.08766 -0.119543 0.0705303 0.990321 0.453358 0 0 0 1 
2318808360053;0.502153;0.0149393;0.999373 -0.0324449 0.0141796 1.0541 0.030375 0.991365 0.127566 -0.452643 -0.018196 -0.127056 0.991729 2.22165 0 0 0 1 
2318808360054;0.189299;0.014239;0.967631 -0.251893 -0.0155089 3.0355 0.249698 0.964495 -0.0860252 -1.61366 0.0366274 0.0793681 0.996172 -1.1991 0 0 0 1 
2318808360055;0.56348;0.014028;0.95172 0.138656 -0.273868 -0.134176 -0.170988 0.980404 -0.0978346 2.37898 0.254935 0.139939 0.956778 -3.58967 0 0 0 1 
2318808360056;0.0419399;0.009443;0.998676 0.0496563 -0.0134069 -0.521758 -0.0495721 0.998749 0.00654288 0.382543 0.013715 -0.00586961 0.999889 -0.0398866 0 0 0 1 
2318808360057;0.467263;0.00474673;0.99759 -0.0693667 -0.00127148 0.901101 0.0692999 0.997166 -0.0292746 -1.29338 0.00329856 0.029116 0.999571 -0.836405 0 0 0 1 
2318808360058;0.291617;0.0188658;0.999959 0.00456877 0.0078737 -0.00553925 -0.0056249 0.990162 0.139813 0.485137 -0.00715746 -0.139851 0.990147 1.82749 0 0 0 1 
2318808360059;0.25976;0.00811945;0.97556 0.0245518 -0.218358 0.403746 -0.0410608 0.996603 -0.0713913 0.475396 0.215864 0.0786124 0.973254 -2.35557 0 0 0 1 
2318808360060;0.11731;0.0106693;0.991852 0.098091 0.0812894 -1.12722 -0.0939883 0.994169 -0.0528557 0.925763 -0.086 0.0447847 0.995288 0.23658 0 0 0 1 
2318808360062;0.468711;0.0323606;0.925167 0.371436 -0.0781048 -0.99097 -0.334026 0.894481 0.297204 1.92722 0.180255 -0.248874 0.951614 0.262222 0 0 0 1 
2318808360063;0.468392;0.0117592;0.992661 -0.119886 0.0158872 -0.421665 0.117487 0.987151 0.108307 -1.14858 -0.0286676 -0.105646 0.99399 -0.0436 0 0 0 1 
2318808360064;0.317402;0.00916544;0.946459 0.322725 0.00804821 -0.542452 -0.322666 0.946481 -0.00781087 2.00543 -0.0101382 0.00479578 0.999937 -0.347084 0 0 0 1 
2318808360065;0.263432;0.00955719;0.973217 -0.217162 0.0754236 0.74624 0.20849 0.971999 0.108395 -1.51449 -0.0968509 -0.0897667 0.991243 1.06321 0 0 0 1 
2318808360066;0.238324;0.0174265;0.999461 -0.0328137 0.00138966 -0.362081 0.0327867 0.99933 0.0162906 -0.404243 -0.00192329 -0.0162362 0.999866 0.155929 0 0 0 1 
2318808360067;0.429905;0.0106365;0.993329 0.0954774 -0.0646673 0.742446 -0.0915543 0.993922 0.0611363 0.57849 0.0701114 -0.0548079 0.996032 -0.529407 0 0 0 1 
2318808360068;0.55967;0.00657047;0.887402 -0.14651 -0.437096 1.99529 0.224671 0.965378 0.132548 -1.49576 0.402543 -0.215826 0.889594 -2.20311 0 0 0 1 
2318808360069;0.324897;0.0108405;0.997536 0.0640525 0.0286131 0.185324 -0.064521 0.997792 0.0157587 0.0938891 -0.0275405 -0.0175661 0.999466 -0.375566 0 0 0 1 
2318808360070;0.327797;0.012325;0.995743 0.0558843 0.0732943 0.491569 -0.0519035 0.997129 -0.0551367 0.298241 -0.0761652 0.0510978 0.995785 0.0869222 0 0 0 1 
2318808360071;0.127608;0.0119829;0.989263 0.121818 0.0807421 -0.438337 -0.122437 0.992472 0.00274818 0.752345 -0.0797995 -0.0126045 0.996731 0.442178 0 0 0 1 
2318808360072;0.27755;0.0120601;0.96372 -0.26029 -0.0591005 0.707959 0.260032 0.965524 -0.0121532 -1.14972 0.0602263 -0.00365569 0.998178 -0.537204 0 0 0 1 
2318808360073;0.377754;0.0120531;0.992415 -0.066602 0.103325 0.0101413 0.0829737 0.983088 -0.163259 0.036634 -0.0907042 0.170594 0.981158 -0.683417 0 0 0 1 
2318808360074;0.367604;0.30924;0.984746 -0.173988 -0.00165687 0.700786 0.173972 0.984723 -0.00733159 -1.36973 0.00290716 0.00693151 0.999972 0.0921026 0 0 0 1 
2318808360075;0.223733;0.0182727;0.965147 -0.0145152 0.261307 0.0787178 0.0117424 0.999857 0.0121699 -0.25981 -0.261446 -0.00867734 0.965179 1.60878 0 0 0 1 
2318808360076;0.344651;0.0175554;0.993481 -0.113296 -0.0126264 0.84612 0.113003 0.964166 0.240031 -0.828222 -0.0150205 -0.239893 0.970683 1.24705 0 0 0 1 
2318808360077;0.167206;0.0136207;0.994983 0.0288544 0.0957885 -0.0228406 -0.0316826 0.999102 0.028137 0.433501 -0.0948906 -0.0310307 0.995004 0.530062 0 0 0 1 
2318808360078;0.455663;0.333931;0.997889 0.0631275 0.0152194 -0.411238 -0.0633661 0.997866 0.0157405 0.205619 -0.0141933 -0.0166716 0.99976 -0.443141 0 0 0 1 
2318808360079;0.349782;0.00987139;0.990271 0.0799249 0.113911 -0.210519 -0.096055 0.984907 0.143988 0.507015 -0.100684 -0.153529 0.983001 1.75137 0 0 0 1 
2318808360080;0.31557;0.177784;0.994364 0.0351236 -0.100029 -0.0310269 -0.0188572 0.987076 0.15914 -0.117373 0.104326 -0.156357 0.982175 -0.122852 0 0 0 1 
2318808360081;0.265138;0.0107263;0.993917 0.0768126 -0.0789222 -0.0806245 -0.0938593 0.965687 -0.242156 1.16003 0.0576135 0.248091 0.967022 -0.782699 0 0 0 1 
2318808360082;0.291619;0.0152651;0.980277 0.131658 -0.14739 0.00171652 -0.170659 0.940026 -0.295342 1.6226 0.0996664 0.314671 0.943954 -1.45549 0 0 0 1 
2318808360083;0.406111;0.0102195;0.989282 -0.145055 0.0167459 -0.0164006 0.143411 0.986782 0.0754596 -0.929811 -0.0274704 -0.0722493 0.997008 -0.370358 0 0 0 1 
2318808360084;0.25521;0.0140635;0.999473 0.0316971 -0.00702966 0.0905553 -0.0322497 0.944201 -0.327787 0.815218 -0.00375248 0.32784 0.944726 -0.895709 0 0 0 1 
2318808360085;0.097134;0.0127422;0.999153 -0.01268 0.0391497 -0.0377132 0.0117053 0.999618 0.0250273 -0.0280991 -0.0394521 -0.0245478 0.99892 0.469793 0 0 0 1 
2318808360086;0.630308;0.579779;0.99952 0.0120279 -0.0285491 -0.00229865 -0.0105883 0.99869 0.0500539 -0.0701835 0.0291138 -0.0497276 0.998338 -0.078899 0 0 0 1 
2318808360087;0.164964;0.00870346;0.988379 0.146971 0.0388042 -0.355369 -0.142189 0.984164 -0.105843 1.10711 -0.0537456 0.0990957 0.993625 0.0183437 0 0 0 1 
2318808360088;0.426784;0.0178871;0.921878 0.20588 0.328259 -0.289556 -0.137483 0.965841 -0.219657 1.06378 -0.362269 0.157367 0.918693 2.21782 0 0 0 1 
2318808360089;0.0156956;0.0104406;0.999846 -0.0149776 -0.00914989 0.0663971 0.0151342 0.999736 0.0172866 -0.113366 0.00888857 -0.0174224 0.999809 -0.012723 0 0 0 1 
2318808360090;0.105965;0.0152594;0.999842 0.00824935 -0.0157412 -0.150068 -0.00840892 0.999914 -0.0100979 0.187821 0.0156566 0.0102287 0.999825 -0.0431022 0 0 0 1 
2318808360091;0.471367;0.00911976;0.942255 -0.0884313 -0.323009 0.906103 0.0125156 0.973132 -0.229909 0.906673 0.334661 0.21259 0.918045 -2.80101 0 0 0 1 
2318808360093;0.358587;0.00844449;0.994351 0.0941305 0.0490479 -0.125874 -0.0949798 0.995362 0.0152787 0.945558 -0.0473822 -0.019851 0.99868 -0.491558 0 0 0 1 
2318808360094;0.104341;0.0103742;0.996913 0.0782148 0.00682 0.109978 -0.0779769 0.996502 -0.0300601 0.317598 -0.00914728 0.0294355 0.999525 0.145415 0 0 0 1 
2318808360095;0.369651;0.0121381;0.954823 -0.297024 -0.00942106 0.490594 0.296688 0.954595 -0.0269166 -1.27407 0.0169882 0.0229055 0.999593 -0.73641 0 0 0 1 
2318808360096;0.316121;0.00537471;0.99955 0.0297932 -0.00342765 0.696013 -0.0297454 0.99947 0.0132427 0.286997 0.00382038 -0.0131348 0.999906 0.361896 0 0 0 1 
2318808360097;0.369151;0.016428;0.917533 0.274082 0.288118 0.136307 -0.263945 0.961674 -0.074272 1.03916 -0.297433 -0.00790038 0.95471 1.07386 0 0 0 1 
2318808360098;0.287285;0.0113584;0.952694 -0.303558 0.0150799 0.131724 0.302602 0.951993 0.0462743 -1.57276 -0.0284029 -0.0395221 0.998815 -0.134432 0 0 0 1 
2318808360099;0.367143;0.0164346;0.931323 -0.3639 0.0146414 0.544571 0.364029 0.931359 -0.00732667 -2.30011 -0.0109702 0.0121534 0.999866 -0.206478 0 0 0 1 
2318808360100;0.403666;0.0103984;0.989266 -0.139358 -0.043947 0.990991 0.142751 0.985932 0.0869519 -0.677467 0.0312113 -0.0922921 0.995243 -0.550084 0 0 0 1 
2318808360101;0.302239;0.0083878;0.944414 -0.165278 0.284192 -0.185102 0.176726 0.984147 -0.014937 -0.913459 -0.277218 0.0643307 0.958651 1.42504 0 0 0 1 
2318808360102;0.281834;0.00925441;0.987804 0.15446 -0.0196114 0.167283 -0.143688 0.95285 0.267264 0.155405 0.0599683 -0.261186 0.963424 -0.353277 0 0 0 1 
2318808360103;0.378578;0.0140231;0.931862 0.195012 -0.305948 0.804611 -0.110966 0.956047 0.271404 0.156468 0.345428 -0.218961 0.912543 -1.51548 0 0 0 1 
2318808360104;0.557659;0.310942;0.993058 -0.107554 0.047619 -0.537293 0.109311 0.993357 -0.0359656 -0.433873 -0.0434344 0.0409211 0.998218 -0.40445 0 0 0 1 
2318808360105;0.460355;0.256624;0.988407 -0.14724 0.0370414 -0.0901201 0.146435 0.988939 0.0235913 -0.863658 -0.0401052 -0.0178937 0.999035 -0.394774 0 0 0 1 
2318808360106;0.53681;0.00759204;0.92161 -0.0763636 -0.380532 1.45732 0.0709798 0.99708 -0.0281838 0.409841 0.381572 -0.00103558 0.924338 -1.5597 0 0 0 1 
2318808360107;0.116161;0.0071253;0.993585 -0.0165283 0.111877 -0.0469121 0.0270341 0.995294 -0.0930495 -0.0547541 -0.109812 0.0954771 0.989356 0.665332 0 0 0 1 
2318808360108;0.426496;0.00727672;0.971978 0.235064 0.0019629 0.744191 -0.234882 0.971493 -0.0321361 1.20604 -0.00946097 0.0307745 0.999482 -0.607745 0 0 0 1 
2318808360109;0.361092;0.0134899;0.990058 0.139426 0.0185743 -0.806982 -0.138566 0.989483 -0.0415001 1.08219 -0.0241651 0.0385138 0.998966 -0.0775871 0 0 0 1 
2318808360110;0.188673;0.0153315;0.990437 -0.0294945 -0.134779 0.449625 0.0183621 0.996371 -0.0831066 0.190382 0.136742 0.0798369 0.987384 -0.784448 0 0 0 1 
2318808360111;0.302097;0.00957762;0.97692 0.180162 -0.114759 -0.367534 -0.146612 0.956252 0.253154 0.613398 0.155347 -0.230486 0.960595 -0.59873 0 0 0 1 
2318808360112;0.226828;0.0157285;0.960729 -0.258528 -0.100809 0.530464 0.262169 0.964711 0.0244856 -1.27927 0.0909209 -0.0499529 0.994604 -0.388485 0 0 0 1 
2318808360113;0.311079;0.249532;0.994989 -0.0530053 -0.0847726 0.112911 0.0503279 0.998174 -0.0334155 -0.204755 0.086389 0.0289816 0.99584 -0.316954 0 0 0 1 
2318808360114;0.267587;0.00688686;0.990276 -0.0489391 0.130222 -0.0374698 0.0480467 0.998795 0.00998819 0.0788166 -0.130553 -0.00363435 0.991435 1.21202 0 0 0 1 
2318808360115;0.283003;0.00790528;0.995064 -0.0992339 -0.0010444 -0.0470636 0.0952464 0.952018 0.290843 -0.887221 -0.0278672 -0.289507 0.95677 0.710786 0 0 0 1 
2318808360116;0.15967;0.00912714;0.999985 0.00146006 0.00523653 0.221658 -0.0014655 0.999998 0.0010357 0.0210866 -0.00523501 -0.00104336 0.999986 -0.299658 0 0 0 1 
2318808360117;0.274094;0.0138221;0.966239 0.166443 -0.196671 0.569547 -0.19988 0.965903 -0.164559 1.26235 0.162576 0.198314 0.966561 -0.956851 0 0 0 1 
2318808360118;0.309171;0.0124819;0.995874 -0.058761 0.0691554 0.214896 0.065842 0.992288 -0.105016 -0.0235153 -0.0624513 0.109136 0.992063 0.973323 0 0 0 1 
2318808360119;0.136528;0.00966655;0.999648 0.00505461 -0.0260576 0.0172487 -0.000281543 0.983665 0.180009 -0.19792 0.0265418 -0.179938 0.98332 0.1221 0 0 0 1 
2318808360120;0.394337;0.0157243;0.964263 -0.264931 0.00293875 0.381381 0.264944 0.964138 -0.015563 -1.26412 0.00128977 0.0157855 0.999875 -0.803729 0 0 0 1 
2318808360121;0.407083;0.30192;0.993482 -0.0952539 0.0626065 -0.21231 0.095597 0.995417 -0.00250218 -0.540154 -0.0620812 0.00847086 0.998035 -0.0662415 0 0 0 1 
2318808360122;0.325576;0.0142631;0.962057 0.021074 -0.272032 0.877248 -0.006192 0.998442 0.0554496 -0.0618676 0.272777 -0.0516613 0.960689 -0.988824 0 0 0 1 
2318808360124;0.330187;0.0249003;0.952979 -0.163162 0.25536 1.63593 0.11513 0.974429 0.192957 -1.11287 -0.280313 -0.154485 0.947396 3.42463 0 0 0 1 
2318808360125;0.152771;0.0202859;0.989551 -0.144158 0.00263967 1.46155 0.1441 0.98944 0.0156406 -1.18543 -0.0048665 -0.0150968 0.999874 0.280024 0 0 0 1 
2318808360126;0.0910746;0.0192401;0.998251 0.00518039 -0.0588891 -0.114868 -0.00681863 0.999594 -0.0276521 0.181998 0.058722 0.0280053 0.997881 -0.766867 0 0 0 1 
2318808360127;0.146509;0.0184267;0.992903 -0.107301 0.0512895 1.03096 0.105026 0.993443 0.0451638 -0.794992 -0.0557993 -0.0394566 0.997662 0.998915 0 0 0 1 
2318808360128;0.288596;0.0214761;0.941112 0.131893 -0.311308 -0.449483 -0.158215 0.985534 -0.0607535 1.43613 0.298791 0.106429 0.948365 -3.29547 0 0 0 1 
2318808360129;0.489639;0.0247961;0.980253 -0.131453 -0.147729 2.06898 0.0626867 0.915101 -0.398323 1.22038 0.187548 0.381196 0.905271 -5.26522 0 0 0 1 
2318808360130;0.532869;0.215835;0.974388 -0.101067 0.200884 0.418466 0.0751102 0.98828 0.132894 -0.761765 -0.211961 -0.114401 0.970559 3.1635 0 0 0 1 
2318808360131;0.255773;0.0198641;0.998285 -0.0134283 0.0569782 -0.0719965 0.00813978 0.995721 0.0920525 -0.168808 -0.0579705 -0.0914308 0.994123 0.873831 0 0 0 1 
2318808360132;0.368015;0.338345;0.998679 0.031321 0.0407219 -0.529445 -0.0290715 0.998079 -0.0547063 0.285357 -0.0423572 0.0534503 0.997672 -0.197684 0 0 0 1 
2318808360133;0.203483;0.0157901;0.987373 0.131167 -0.0888282 -1.06881 -0.115225 0.979454 0.165506 0.810626 0.108712 -0.153181 0.9822 0.558867 0 0 0 1 
2318808360134;0.215895;0.0166634;0.997302 -0.0234252 -0.0695756 0.625442 0.0209186 0.999113 -0.0365405 -0.231927 0.0703699 0.0349865 0.996907 -0.692792 0 0 0 1 
2318808360135;0.357096;0.0198805;0.956238 0.0887759 -0.278797 -0.0665033 -0.0939564 0.995562 -0.00524625 1.07616 0.277094 0.0312114 0.960336 -2.12515 0 0 0 1 
2318808360136;0.39267;0.0269441;0.990115 -0.0872693 0.109805 0.832647 0.101918 0.985485 -0.135767 -0.0501057 -0.0963632 0.145616 0.984637 -0.182591 0 0 0 1 
2318808360137;0.205186;0.0199551;0.982555 -0.0151715 -0.185353 0.655138 0.0213074 0.999287 0.0311567 -0.213419 0.184749 -0.0345625 0.982178 -1.10201 0 0 0 1 
2318808360138;0.524941;0.0253534;0.984489 -0.168028 0.050485 1.40761 0.167801 0.985782 0.00871915 -1.36645 -0.0512323 -0.000112446 0.998687 -0.568103 0 0 0 1 
2318808360139;0.224459;0.0201878;0.991529 0.122335 -0.0436461 -1.14933 -0.129111 0.964989 -0.228314 1.74896 0.0141873 0.232015 0.972609 -2.37665 0 0 0 1 
2318808360140;0.242736;0.0166634;0.992182 0.0626316 0.107945 -0.753419 -0.0527169 0.994328 -0.0923762 0.713067 -0.113119 0.0859635 0.989856 -0.368445 0 0 0 1 
2318808360141;0.27546;0.0217248;0.967128 0.242145 0.0776423 -2.04627 -0.238081 0.969509 -0.058045 2.28607 -0.0893302 0.0376518 0.99529 0.0493423 0 0 0 1 
2318808360142;0.19755;0.0308833;0.993406 -0.102562 0.0512367 0.887589 0.102299 0.994724 0.00773489 -0.601254 -0.0517596 -0.00244245 0.998657 0.124556 0 0 0 1 
2318808360143;0.359468;0.0183349;0.971077 -0.0730279 -0.227323 1.08471 0.0787531 0.996762 0.0162051 -0.678238 0.225404 -0.0336388 0.973684 -0.773914 0 0 0 1 
2318808360144;0.260225;0.0170732;0.982923 -0.177024 0.0502429 1.59731 0.181941 0.9758 -0.121291 -0.93258 -0.0275556 0.128361 0.991345 -1.33177 0 0 0 1 
2318808360145;0.465801;0.0169624;0.908012 -0.23119 0.349377 2.63482 0.24861 0.96859 -0.00518735 -1.56908 -0.337204 0.0915689 0.936968 2.36811 0 0 0 1 
2318808360146;0.208847;0.0237956;0.984632 -0.174644 1.60366e-05 1.79555 0.169706 0.956772 -0.236193 -0.546785 0.0412343 0.232566 0.971706 -2.69223 0 0 0 1 
2318808360147;0.522631;0.0159076;0.947931 0.256955 0.188152 -2.72749 -0.226538 0.959275 -0.168737 2.51337 -0.223847 0.117328 0.967536 -0.166954 0 0 0 1 
2318808360148;0.348601;0.19365;0.992577 0.0812939 0.0904597 -0.889646 -0.0879477 0.993507 0.0721726 0.47983 -0.0840051 -0.0795926 0.993282 1.72615 0 0 0 1 
2318808360149;0.220362;0.0228582;0.985737 0.165891 -0.0283458 -1.59889 -0.166664 0.98563 -0.0275098 1.48915 0.0233748 0.0318416 0.99922 -0.816564 0 0 0 1 
2318808360150;0.310305;0.0140186;0.997471 0.0627681 0.0333481 -0.946507 -0.0645468 0.996384 0.0552478 0.51441 -0.0297597 -0.0572606 0.997916 0.257466 0 0 0 1 
2318808360151;0.0639999;0.0191789;0.999214 0.0219527 -0.0330127 -0.174076 -0.0207141 0.999086 0.0374042 0.102726 0.0338036 -0.036691 0.998755 0.174997 0 0 0 1 
2318808360152;0.508923;0.0254301;0.974103 0.225907 -0.00945694 -1.30041 -0.225967 0.974117 -0.00585683 2.00687 0.00788907 0.00784212 0.999938 0.413005 0 0 0 1 
2318808360153;0.520442;0.271691;0.997478 0.0661705 0.0256541 -0.86436 -0.0655489 0.997552 -0.0243593 0.409259 -0.0272032 0.0226162 0.999374 0.697389 0 0 0 1 
2318808360155;0.242296;0.0198498;0.969582 0.00160722 0.24476 0.196552 0.0438102 0.98269 -0.180001 -0.0292318 -0.240812 0.185249 0.952729 -0.0105239 0 0 0 1 
2318808360156;0.545461;0.0378139;0.960913 -0.239425 0.139002 2.45319 0.224442 0.967656 0.115186 -1.9772 -0.162084 -0.079486 0.98357 1.09588 0 0 0 1 
2318808360157;0.417219;0.049051;0.957038 -0.214352 -0.195271 2.51492 0.16245 0.954192 -0.251252 -0.0748124 0.240183 0.208736 0.94802 -3.47937 0 0 0 1 
2318808360158;0.428586;0.0489298;0.900194 0.223574 -0.373718 -0.716302 -0.251035 0.967634 -0.0258012 2.26119 0.355854 0.117042 0.927183 -3.51986 0 0 0 1 
2318808360159;0.360686;0.0246135;0.948952 -0.169762 0.26584 1.8426 0.255946 0.906997 -0.334436 -0.584203 -0.184342 0.385404 0.904147 -2.22061 0 0 0 1 
2318808360160;0.334724;0.0368341;0.92578 0.0609774 0.373112 -0.591287 -0.0356529 0.99659 -0.0744086 0.340626 -0.376377 0.0555835 0.924798 2.36891 0 0 0 1 
2318808360161;0.319806;0.270153;0.99828 0.0421209 0.0407749 -0.559835 -0.0426278 0.999023 0.0116424 0.0579191 -0.0402447 -0.0133605 0.999101 0.360174 0 0 0 1 
2318808360162;0.00881013;0.0204485;0.999989 0.00244481 0.00391284 -0.0218102 -0.00245966 0.99999 0.00379366 -0.0221252 -0.00390353 -0.00380324 0.999985 0.0634644 0 0 0 1 
2318808360163;0.15049;0.0244966;0.995691 0.0927374 0.000355018 -0.918996 -0.0927332 0.99567 -0.0065043 0.499139 -0.000956672 0.00644334 0.999979 0.0833946 0 0 0 1 
2318808360164;0.34564;0.342145;0.999447 0.0182855 0.0277878 -0.34354 -0.017391 0.999333 -0.0320974 0.120647 -0.0283562 0.0315964 0.999098 -0.0434987 0 0 0 1 
2318808360165;0.629483;0.0127684;0.93288 -0.154352 0.325439 0.871579 0.194172 0.976506 -0.0934541 -1.77539 -0.303368 0.150372 0.940934 0.496752 0 0 0 1 
2318808360166;0.356263;0.0193356;0.997697 0.058233 -0.0347696 -0.0822597 -0.0603727 0.996119 -0.0640415 0.239314 0.0309054 0.0659931 0.997341 -0.377363 0 0 0 1 
2318808360167;0.348773;0.0293457;0.977782 -0.0382195 0.206113 0.184216 0.114458 0.921075 -0.372184 0.404431 -0.17562 0.387506 0.904984 -2.18547 0 0 0 1 
2318808360168;0.491205;0.0400901;0.968791 -0.118125 -0.217922 1.11712 0.146967 0.981684 0.12123 -0.751687 0.19961 -0.149474 0.968408 0.6816 0 0 0 1 
2318808360169;0.364685;0.0499362;0.999787 -0.017381 -0.0111562 0.28572 0.0171867 0.999703 -0.017279 0.239081 0.0114532 0.0170836 0.999788 -0.814928 0 0 0 1 
2318808360170;0.293853;0.0264985;0.999071 0.0242721 0.0355979 -0.479619 -0.0242001 0.999704 -0.00245231 0.0585713 -0.0356469 0.00158856 0.999363 -0.304076 0 0 0 1 
2318808360171;0.404455;0.0344161;0.994702 0.0547111 0.087027 -0.999645 -0.0743646 0.967486 0.241746 0.0427134 -0.0709712 -0.246937 0.966429 2.61222 0 0 0 1 
2318808360172;0.214721;0.0340755;0.990064 -0.0280125 0.137798 0.213012 0.0137316 0.994533 0.103515 -0.178489 -0.139945 -0.100595 0.985036 2.33257 0 0 0 1 
2318808360173;0.439959;0.0334098;0.995981 -0.0622628 -0.0643864 1.05368 0.0413244 0.957217 -0.286406 0.868922 0.0794643 0.282595 0.955942 -3.51929 0 0 0 1 
2318808360174;0.284722;0.0297228;0.983157 -0.125692 0.132682 1.28117 0.15313 0.962813 -0.222583 -0.950398 -0.0997708 0.239151 0.965843 -1.73196 0 0 0 1 
2318808360175;0.207536;0.0233283;0.99772 -0.0459796 -0.0494104 0.453549 0.04452 0.998551 -0.0302446 -0.718176 0.0507294 0.0279759 0.998321 -0.762755 0 0 0 1 
2318808360176;0.417626;0.0419124;0.967573 -0.174879 -0.182264 1.73031 0.218966 0.94043 0.260087 -1.36504 0.125923 -0.291563 0.948227 1.22407 0 0 0 1 
2318808360177;0.414555;0.0330015;0.954916 -0.058744 -0.291008 1.51753 0.025541 0.992849 -0.11661 0.132809 0.295777 0.10392 0.949588 -2.65052 0 0 0 1 
2318808360178;0.192544;0.0396094;0.994918 -0.0998167 0.0132252 0.873452 0.0997315 0.99499 0.00695852 -0.701065 -0.0138535 -0.00560419 0.999888 -0.182103 0 0 0 1 
2318808360179;0.369856;0.0368521;0.951158 0.300318 0.0714653 -2.45763 -0.294602 0.95222 -0.0805382 2.73773 -0.0922378 0.0555508 0.994186 0.660389 0 0 0 1 
2318808360180;0.269585;0.0321445;0.999791 0.00885782 0.018423 -0.11724 -0.00903325 0.999914 0.00946051 0.0741518 -0.0183377 -0.00962495 0.999786 0.751087 0 0 0 1 
2318808360181;0.159003;0.0261464;0.999154 -0.0405458 -0.0068152 0.258601 0.0406181 0.999116 0.0108265 -0.344961 0.00637021 -0.0110941 0.999918 0.313426 0 0 0 1 
2318808360182;0.250033;0.0405897;0.98934 0.143423 -0.0252281 -1.59645 -0.137516 0.977127 0.162209 0.885662 0.0479155 -0.157011 0.986434 1.17018 0 0 0 1 
2318808360183;0.583654;0.479055;0.994069 -0.105002 0.0283037 0.606006 0.102276 0.991131 0.0848499 -1.287 -0.0369621 -0.0814519 0.995992 0.303849 0 0 0 1 
2318808360184;0.254669;0.0317408;0.988646 0.148594 -0.0223215 -1.11534 -0.14804 0.988672 0.0247172 1.21752 0.0257415 -0.0211321 0.999445 0.369137 0 0 0 1 
2318808360186;0.32371;0.0140834;0.928654 -0.00521466 -0.37091 0.40458 -0.0252227 0.996699 -0.0771632 0.149482 0.370088 0.0810133 0.925457 -2.54114 0 0 0 1 
2318808360187;0.391738;0.0443974;0.93162 -0.328241 -0.15602 1.35088 0.360361 0.890001 0.279354 -1.73574 0.0471623 -0.316475 0.947428 0.405004 0 0 0 1 
2318808360188;0.250929;0.0170319;0.964168 -0.265109 0.00986667 0.967361 0.257025 0.942686 0.212796 -1.52948 -0.0657152 -0.202635 0.977047 0.856007 0 0 0 1 
2318808360189;0.35413;0.0132377;0.94498 0.246237 -0.21536 0.0375095 -0.19673 0.953755 0.227262 1.19612 0.261361 -0.17239 0.949722 -0.682181 0 0 0 1 
2318808360190;0.38404;0.01443;0.971359 0.0908404 0.219567 -0.591964 -0.0807941 0.995249 -0.0543284 0.57757 -0.223459 0.0350327 0.974084 0.480743 0 0 0 1 
2318808360191;0.142007;0.0198816;0.99375 -0.0627682 0.0923151 0.29501 0.0598467 0.997625 0.034085 -0.389551 -0.0942353 -0.0283472 0.995146 0.427141 0 0 0 1 
2318808360192;0.308225;0.0126505;0.997836 -0.0461214 0.0468604 -0.594852 0.047688 0.998321 -0.0328821 -0.193463 -0.0452652 0.0350457 0.99836 0.179994 0 0 0 1 
2318808360193;0.19468;0.0174805;0.987447 0.0886849 -0.130703 -0.141067 -0.0789998 0.993856 0.0775187 0.666287 0.136775 -0.0662201 0.988386 -0.677539 0 0 0 1 
2318808360194;0.35362;0.0130403;0.994737 -0.0349208 0.0963219 -0.1654 0.0330768 0.999239 0.0206761 -0.8485 -0.0969706 -0.0173813 0.995135 0.205144 0 0 0 1 
2318808360195;0.220312;0.0214111;0.994663 -0.102817 0.00863672 0.341875 0.10088 0.986653 0.127829 -0.624536 -0.0216645 -0.126275 0.991759 0.0955414 0 0 0 1 
2318808360196;0.321597;0.0201574;0.995067 0.0487998 0.0863682 -0.486374 -0.0437641 0.997282 -0.0592693 0.636607 -0.0890258 0.0551972 0.994499 0.923576 0 0 0 1 
2318808360197;0.117422;0.0171313;0.999718 -0.00661672 0.0228005 0.149053 0.00599549 0.999612 0.0272081 -0.064368 -0.0229717 -0.0270637 0.99937 0.427989 0 0 0 1 
2318808360198;0.145591;0.0122895;0.996193 -0.070463 -0.0513221 0.119078 0.0700896 0.9975 -0.00904209 -0.444892 0.0518309 0.00541052 0.998641 -0.557576 0 0 0 1 
2318808360199;0.334769;0.0156526;0.999998 -0.00173133 0.000334403 -0.250135 0.00173299 0.999986 -0.00501701 -0.0269576 -0.000325713 0.00501758 0.999987 0.719844 0 0 0 1 
2318808360200;0.307694;0.0149152;0.968015 0.249296 -0.0282517 -0.321241 -0.247176 0.966921 0.0629829 1.90789 0.0430185 -0.0539853 0.997615 0.0568785 0 0 0 1 
2318808360201;0.28708;0.0157029;0.994695 -0.102733 0.00529296 0.859418 0.10276 0.994693 -0.00510868 -0.507148 -0.00474004 0.00562549 0.999973 0.330251 0 0 0 1 
2318808360202;0.140274;0.0154918;0.990637 0.136502 -0.00214905 -0.290441 -0.136518 0.990431 -0.0202288 0.897239 -0.0006328 0.0203328 0.999793 0.103655 0 0 0 1 
2318808360203;0.354364;0.0103393;0.993812 0.0940491 -0.0590929 -0.218508 -0.0826523 0.981586 0.172211 -0.202881 0.0742011 -0.166261 0.983286 0.565205 0 0 0 1 
2318808360204;0.41534;0.0155282;0.905544 -0.0694279 0.418534 -0.0365551 0.013095 0.990623 0.135996 -0.346149 -0.424051 -0.117669 0.897961 2.66712 0 0 0 1 
2318808360205;0.260883;0.0115138;0.989302 -0.129295 -0.0675582 0.302439 0.125968 0.990701 -0.0514114 -1.06923 0.0735773 0.0423512 0.99639 -0.223264 0 0 0 1 
2318808360206;0.381649;0.0128835;0.903466 -0.307238 0.298921 0.909627 0.338071 0.93944 -0.0562156 -1.71474 -0.263547 0.151845 0.952621 1.19487 0 0 0 1 
2318808360207;0.376035;0.0103657;0.902539 0.300822 0.308107 -0.783516 -0.283109 0.953669 -0.101808 1.97418 -0.324458 0.00465811 0.945889 1.98068 0 0 0 1 
2318808360208;0.370049;0.0172376;0.994061 0.0118631 0.108178 -0.393726 -0.0220517 0.995377 0.0934794 -0.0243974 -0.106569 -0.0953097 0.989727 1.66649 0 0 0 1 
2318808360209;0.193142;0.0146545;0.973605 0.200855 -0.108404 -0.203936 -0.200024 0.979614 0.018599 1.16651 0.10993 0.00357545 0.993933 -0.589648 0 0 0 1 
2318808360210;0.416709;0.221913;0.966871 -0.246121 0.0677106 0.94084 0.224899 0.946814 0.230139 -1.38402 -0.120751 -0.207287 0.970799 1.36823 0 0 0 1 
2318808360211;0.229662;0.018286;0.98042 -0.189733 -0.0526997 0.728129 0.196572 0.958807 0.205058 -1.36535 0.0116227 -0.211402 0.97733 0.515918 0 0 0 1 
2318808360212;0.235303;0.0136276;0.958455 0.284899 0.0140508 -0.701561 -0.284271 0.958089 -0.0354367 1.50109 -0.0235578 0.0299703 0.999273 0.0351393 0 0 0 1 
2318808360213;0.418371;0.00977369;0.970223 0.242038 0.00915618 -0.8281 -0.242169 0.970067 0.018009 1.35319 -0.00452324 -0.0196901 0.999796 0.846612 0 0 0 1 
2318808360214;0.104638;0.0145012;0.993648 0.112512 -0.00222595 -0.248083 -0.112339 0.992897 0.0391887 0.554346 0.00661933 -0.0386897 0.999229 -0.00330746 0 0 0 1 
2318808360215;0.379457;0.352185;0.998586 0.0213172 -0.0486942 -0.0967664 -0.02395 0.998246 -0.0541416 0.365423 0.0474547 0.0552313 0.997345 -0.267503 0 0 0 1 
2318808360217;0.475077;0.00649289;0.877835 0.229032 -0.420653 -0.0146587 -0.273807 0.960566 -0.0483933 1.91713 0.392982 0.157659 0.90593 -2.92986 0 0 0 1 
2318808360218;0.538469;0.0221755;0.945058 -0.325301 -0.0323147 2.56343 0.326296 0.932667 0.15383 -1.74058 -0.0199024 -0.155923 0.987569 1.81682 0 0 0 1 
2318808360219;0.26223;0.0166568;0.979084 -0.0591827 -0.194657 0.455811 0.0695785 0.996469 0.0470031 -0.222358 0.191188 -0.0595639 0.979745 -1.12155 0 0 0 1 
2318808360220;0.178884;0.0151158;0.99366 0.0776611 0.081291 -0.586481 -0.0680656 0.991054 -0.114801 0.678718 -0.0894793 0.10854 0.990057 0.103858 0 0 0 1 
2318808360221;0.32248;0.0178303;0.924461 -0.303757 0.230443 1.92025 0.296273 0.95273 0.0672889 -1.69179 -0.239989 0.00606794 0.970757 1.41461 0 0 0 1 
2318808360222;0.547442;0.413334;0.998514 0.0468907 -0.0277814 -0.405869 -0.0495622 0.993246 -0.104911 0.38886 0.0226744 0.106132 0.994094 -0.424459 0 0 0 1 
2318808360223;0.279763;0.0156613;0.94028 0.333008 0.0705565 -1.64468 -0.334979 0.942056 0.0178904 2.38443 -0.0605105 -0.0404569 0.997347 0.442989 0 0 0 1 
2318808360224;0.19078;0.0171647;0.987904 -0.152125 0.0300622 0.893204 0.153958 0.985375 -0.0730256 -0.634899 -0.0185135 0.0767706 0.996877 -0.479282 0 0 0 1 
2318808360225;0.382191;0.0119002;0.939979 0.341112 0.00906781 -1.65786 -0.332967 0.9227 -0.194315 2.7675 -0.0746499 0.179633 0.980897 -0.967261 0 0 0 1 
2318808360226;0.232462;0.0146687;0.980559 -0.195135 -0.0206645 1.21491 0.1959 0.967428 0.160329 -1.0636 -0.0112942 -0.16126 0.986847 1.23997 0 0 0 1 
2318808360227;0.121258;0.0106832;0.999985 0.00267757 0.00479087 -0.00390959 -0.00271995 0.999957 0.00886342 0.00430192 -0.00476694 -0.00887632 0.999949 -0.153277 0 0 0 1 
2318808360228;0.342472;0.307613;0.99963 0.0267995 0.00466821 -0.194129 -0.0265031 0.998139 -0.054918 0.264563 -0.0061313 0.054774 0.99848 -0.285795 0 0 0 1 
2318808360229;0.411101;0.0280097;0.984344 0.00134397 0.176252 -0.45199 0.0185168 0.993649 -0.110991 -0.0289123 -0.175281 0.112517 0.978068 1.02069 0 0 0 1 
2318808360230;0.270984;0.0140615;0.941335 -0.336945 -0.0188852 2.37187 0.33509 0.939861 -0.0661517 -1.64869 0.040039 0.0559427 0.997631 -0.695889 0 0 0 1 
2318808360231;0.448163;0.0142723;0.99535 -0.0273116 -0.0923659 -0.375612 -0.0140327 0.907606 -0.419588 0.981507 0.0952915 0.418933 0.903003 -3.04095 0 0 0 1 
2318808360232;0.480703;0.0150019;0.993669 -0.10463 -0.0409284 0.887698 0.102615 0.993534 -0.0485844 -0.414049 0.0457471 0.0440769 0.99798 -1.41462 0 0 0 1 
2318808360233;0.538633;0.0122415;0.978267 0.177537 0.107114 -1.30468 -0.123273 0.913367 -0.388026 2.30191 -0.166723 0.366389 0.915403 -1.11144 0 0 0 1 
2318808360234;0.46577;0.0280124;0.99821 -0.0549145 0.0236727 0.327232 0.0549121 0.998491 0.00075339 0.49975 -0.0236783 0.000547875 0.999719 0.270811 0 0 0 1 
2318808360235;0.501727;0.0102062;0.998459 0.0385183 -0.0399597 -0.16389 -0.0377189 0.999077 0.0205691 0.171784 0.0407151 -0.0190301 0.99899 -1.10736 0 0 0 1 
2318808360236;0.219286;0.0048309;0.975078 0.19163 -0.111806 -0.810852 -0.192594 0.981276 0.00222235 1.37903 0.110139 0.0193662 0.993728 -1.03265 0 0 0 1 
2318808360237;0.1427;0.0109311;0.99829 -0.0580322 -0.00696831 0.229673 0.0576005 0.997022 -0.0512806 -0.262612 0.00992348 0.0507915 0.99866 -0.566997 0 0 0 1 
2318808360238;0.478527;0.00676404;0.900779 -0.150046 -0.407533 2.15591 0.0531626 0.969457 -0.23943 0.316691 0.431012 0.194008 0.881243 -4.11504 0 0 0 1 
2318808360239;0.07712;0.00991425;0.998966 0.0246718 -0.038179 -0.127146 -0.0258274 0.999214 -0.0300774 0.182639 0.0374069 0.0310324 0.998818 -0.531798 0 0 0 1 
2318808360240;0.277432;0.0246168;0.967687 0.0346314 0.249767 -0.374038 -0.0643086 0.991664 0.111656 0.164218 -0.243818 -0.12411 0.961847 2.47222 0 0 0 1 
2318808360241;0.414755;0.0076915;0.904609 0.197869 -0.377531 0.0465753 -0.156573 0.978056 0.137444 0.891216 0.396442 -0.0652217 0.91574 -1.94506 0 0 0 1 
2318808360242;0.207147;0.0156912;0.987715 -0.154379 -0.024206 1.10907 0.154884 0.987718 0.0205765 -1.21474 0.0207321 -0.0240729 0.999495 0.075891 0 0 0 1 
2318808360243;0.526989;0.519229;0.99956 -0.0248158 -0.0162741 0.225847 0.0258446 0.997459 0.0663928 -0.316476 0.0145852 -0.0667842 0.997661 0.201292 0 0 0 1 
2318808360244;0.293823;0.0170286;0.996776 0.0668856 0.0443141 -0.373824 -0.0710601 0.992395 0.10051 0.358014 -0.0372544 -0.103335 0.993949 1.34683 0 0 0 1 
2318808360245;0.161157;0.0120076;0.999209 -0.0392616 0.00629035 0.237341 0.0394233 0.998828 -0.0280769 -0.32374 -0.00518064 0.0283026 0.999586 -0.424352 0 0 0 1 
2318808360246;0.48133;0.0163043;0.948495 -0.00998471 0.316633 0.0815992 -0.0518026 0.981161 0.186118 -0.272456 -0.312526 -0.192935 0.930109 2.61556 0 0 0 1 
2318808360248;0.277285;0.016381;0.999922 -0.0110311 -0.00582566 0.0435542 0.0111784 0.999603 0.0258759 0.260055 0.0055379 -0.025939 0.999648 0.563802 0 0 0 1 
2318808360249;0.346523;0.0177597;0.924346 0.348425 0.155514 0.0558375 -0.371639 0.914465 0.160119 1.70256 -0.0864229 -0.205801 0.97477 0.830876 0 0 0 1 
2318808360250;0.347649;0.0124808;0.962293 -0.193013 0.191672 0.0477723 0.201873 0.979022 -0.0276377 -1.65223 -0.182316 0.065289 0.98107 1.21386 0 0 0 1 
2318808360251;0.136295;0.0175558;0.997444 0.0270997 -0.0661148 0.0168624 -0.0177014 0.990162 0.138804 -0.0735818 0.0692259 -0.137279 0.988111 -0.509224 0 0 0 1 
2318808360252;0.263745;0.221085;0.998434 -0.0537898 -0.0153427 0.0048925 0.0540147 0.998433 0.0146457 -0.420914 0.0145309 -0.0154515 0.999775 -0.0886943 0 0 0 1 
2318808360253;0.38952;0.0135292;0.943784 -0.325166 0.0594968 -0.32057 0.324954 0.945634 0.0134662 -1.84065 -0.0606409 0.00662456 0.998138 0.3318 0 0 0 1 
2318808360254;0.304973;0.0187563;0.993854 -0.110323 0.00911762 0.643393 0.110056 0.993589 0.0258578 -0.476679 -0.0119119 -0.0246954 0.999624 -0.412411 0 0 0 1 
2318808360255;0.467336;0.0256064;0.928801 -0.365614 -0.0604548 0.465005 0.367117 0.930044 0.0155797 -1.71148 0.0505295 -0.0366644 0.998049 0.567858 0 0 0 1 
2318808360256;0.501332;0.205312;0.997306 0.0720894 -0.0135703 -0.180102 -0.0655897 0.959174 0.275106 -0.468148 0.0328485 -0.273475 0.961318 0.0630308 0 0 0 1 
2318808360257;0.448145;0.0514368;0.899257 0.397379 0.18283 0.759843 -0.413188 0.908869 0.056861 1.68628 -0.143573 -0.126676 0.981499 0.665532 0 0 0 1 
2318808360258;0.160463;0.0129597;0.986966 -0.122048 -0.104893 0.324276 0.125115 0.991872 0.0231505 -0.660232 0.101215 -0.0359725 0.994214 -0.687714 0 0 0 1 
2318808360259;0.461634;0.0616909;0.912674 0.363988 -0.185846 0.0880536 -0.332579 0.925762 0.179879 2.15608 0.237523 -0.102362 0.965974 -1.10963 0 0 0 1 
2318808360260;0.337574;0.0166525;0.933047 0.333774 -0.134232 0.351866 -0.353417 0.920143 -0.168619 2.28037 0.0672314 0.204769 0.976499 -0.527083 0 0 0 1 
