#;prob_registration_l1 -r /home/probabilistic_point_clouds_registration/build/tester /home/point_clouds_registration_benchmark//devel/registration_pairs/wood_autumn_local.txt /home/point_clouds_registration_benchmark//eth/wood_autumn -s 0.2 -t 0.2 -p 0.3 -r 1000 -m 10 -i 40 
id;initial_error;final_error;transformation
26875431820000;0.498992;0.511941;0.990738 0.117132 -0.0686957 0.476635 -0.115553 0.992947 0.0265381 0.517857 0.0713197 -0.0183543 0.997285 -0.624967 0 0 0 1 
26875431820001;0.336145;0.0275862;0.910226 0.323681 -0.2583 0.70981 -0.290688 0.943656 0.158158 0.873365 0.294939 -0.0688746 0.953031 -0.768107 0 0 0 1 
26875431820002;0.60541;0.161837;0.952392 0.220543 -0.2105 0.554737 -0.208878 0.974952 0.0764161 0.53476 0.22208 -0.0288093 0.974603 -1.35896 0 0 0 1 
26875431820003;0.366204;0.0226314;0.9935 0.100524 -0.0534048 -0.14779 -0.0980392 0.994059 0.0472796 -0.121412 0.0578402 -0.0417366 0.997453 -0.532451 0 0 0 1 
26875431820004;0.698046;0.0331265;0.955741 -0.294204 -0.00198572 0.852134 0.294072 0.955064 0.0370715 -1.25986 -0.00901009 -0.0360147 0.999311 0.419088 0 0 0 1 
26875431820005;0.325213;0.0234361;0.920877 -0.239691 0.307462 -0.363352 0.271301 0.960372 -0.0638849 -0.69345 -0.279965 0.142245 0.949413 0.983635 0 0 0 1 
26875431820006;0.554876;0.0290413;0.999998 -0.000513995 0.00200587 -0.271146 0.00051428 1 -0.000141535 0.704626 -0.00200579 0.000142566 0.999998 0.565234 0 0 0 1 
26875431820007;0.383756;0.0297593;0.987971 -0.0480353 -0.146991 0.196134 0.106468 0.90066 0.421279 -0.837958 0.112153 -0.431861 0.89494 -0.399893 0 0 0 1 
26875431820008;0.203498;0.0295783;0.96609 0.0502033 -0.253277 0.115699 -0.027061 0.9952 0.0940432 0.0692224 0.256783 -0.0840003 0.962812 -0.984988 0 0 0 1 
26875431820009;0.180609;0.0317853;0.978941 -0.155475 -0.132297 0.105606 0.152184 0.987743 -0.0346933 -0.360048 0.13607 0.0138291 0.990603 -0.374514 0 0 0 1 
26875431820010;0.462102;0.0368129;0.960228 -0.140651 -0.241204 0.71135 0.147045 0.989092 0.00862201 -0.737269 0.23736 -0.0437469 0.970436 -0.924674 0 0 0 1 
26875431820011;0.575398;0.0280158;0.910012 0.0474291 0.411859 0.103979 -0.137767 0.971575 0.192514 0.308871 -0.391022 -0.231931 0.89068 1.88734 0 0 0 1 
26875431820012;0.688058;0.0205325;0.944881 0.31512 -0.0888824 0.313701 -0.266031 0.897152 0.352628 -0.379797 0.190861 -0.309546 0.931533 -0.705541 0 0 0 1 
26875431820013;0.421251;0.0234722;0.94094 -0.33856 0.0031388 -0.279808 0.338541 0.940937 0.00528552 -0.80211 -0.00474288 -0.00391074 0.999981 -0.31928 0 0 0 1 
26875431820014;0.330264;0.0242094;0.951632 -0.299901 0.0667565 -0.420337 0.300451 0.953795 0.00187152 -1.1474 -0.0642333 0.0182761 0.997768 0.17606 0 0 0 1 
26875431820015;0.226693;0.0298881;0.980766 0.192905 0.0297755 0.053304 -0.183386 0.962914 -0.197903 0.811264 -0.0668478 0.188636 0.979769 0.318211 0 0 0 1 
26875431820016;0.538469;0.0133451;0.907374 -0.014272 0.420083 0.342092 -0.0388576 0.992295 0.117645 0.43507 -0.418525 -0.123071 0.899828 0.786129 0 0 0 1 
26875431820017;0.524419;0.0338642;0.983197 -0.160507 -0.0869492 -0.0236197 0.144058 0.974778 -0.170456 -0.437993 0.112116 0.155066 0.981522 0.569916 0 0 0 1 
26875431820018;0.579586;0.022678;0.979424 0.039154 -0.197981 0.408716 -0.0613359 0.992346 -0.10718 -0.0493959 0.192269 0.117118 0.974329 0.34983 0 0 0 1 
26875431820019;0.351798;0.0281482;0.978874 0.0925147 -0.182335 0.257898 -0.0955347 0.995395 -0.00783009 0.575366 0.180771 0.0250839 0.983205 -0.948479 0 0 0 1 
26875431820020;0.0809749;0.0267301;0.994672 -0.102802 0.00770193 -0.0898808 0.102944 0.994463 -0.0211366 -0.309844 -0.00548639 0.0218169 0.999747 0.00432357 0 0 0 1 
26875431820021;0.644904;0.0287435;0.94624 0.0878231 -0.311314 1.18103 -0.00600107 0.967037 0.254565 0.075618 0.323409 -0.239012 0.915576 -0.647671 0 0 0 1 
26875431820022;0.0317767;0.0242126;0.999586 0.0268237 0.0103899 -0.0143635 -0.0267902 0.999635 -0.00335749 0.0893835 -0.0104762 0.00307775 0.99994 0.071932 0 0 0 1 
26875431820023;0.284901;0.0293278;0.997517 -0.0704253 0.000299148 0.373439 0.0703983 0.997235 0.0237913 -0.300002 -0.00197383 -0.0237112 0.999717 -0.0249369 0 0 0 1 
26875431820024;0.398113;0.0278631;0.997186 0.0048907 -0.0748017 0.350297 -0.00607204 0.99986 -0.0155737 0.449531 0.074715 0.0159841 0.997077 -0.568386 0 0 0 1 
26875431820025;0.5828;0.0391614;0.899762 -0.421559 -0.112762 0.15816 0.414366 0.906392 -0.0821815 -1.23685 0.136851 0.027219 0.990218 0.304638 0 0 0 1 
26875431820026;0.630426;0.0175725;0.981034 0.193564 0.0102767 -0.262738 -0.193616 0.981068 0.00434433 0.509734 -0.00924119 -0.00625166 0.999938 0.929832 0 0 0 1 
26875431820027;0.464713;0.0251039;0.99432 0.106386 0.00323182 0.225801 -0.106423 0.993289 0.0452799 0.460381 0.00160703 -0.0453666 0.998969 0.674247 0 0 0 1 
26875431820028;0.337162;0.0275861;0.999924 -0.0121509 -0.00199744 -0.448838 0.0122278 0.998934 0.0445134 -0.344259 0.00145443 -0.0445345 0.999007 0.236836 0 0 0 1 
26875431820029;0.206492;0.0218316;0.99961 0.00884235 0.0264768 -0.3061 -0.00719089 0.998061 -0.0618318 -0.0962201 -0.0269722 0.0616173 0.997735 0.245986 0 0 0 1 
26875431820031;0.22611;0.0118906;0.971628 0.0960454 0.216134 -0.190626 -0.11649 0.989642 0.083903 0.358218 -0.205836 -0.1067 0.972752 0.915596 0 0 0 1 
26875431820032;0.537519;0.365829;0.971575 -0.171621 -0.163058 0.533802 0.173148 0.984884 -0.00490597 -0.841486 0.161435 -0.0234666 0.986604 -0.714484 0 0 0 1 
26875431820033;0.515263;0.0133109;0.997221 0.0309238 -0.0677847 -0.12829 -0.0122273 0.965387 0.260534 -0.700919 0.0734952 -0.258981 0.963082 -1.01554 0 0 0 1 
26875431820034;0.18246;0.0133152;0.994985 0.0178047 -0.0984243 -0.219233 -0.017004 0.999815 0.00896719 0.051349 0.0985658 -0.00724861 0.995104 -0.28524 0 0 0 1 
26875431820035;0.31218;0.00993348;0.940883 0.192494 0.278721 0.0450088 -0.230322 0.966909 0.109722 0.83345 -0.248377 -0.167431 0.954084 1.46092 0 0 0 1 
26875431820036;0.352511;0.0184295;0.96064 -0.264822 0.0839002 -0.0330863 0.277789 0.917817 -0.28363 -0.86417 -0.00189336 0.295773 0.955256 -0.218735 0 0 0 1 
26875431820037;0.447509;0.0132233;0.997305 -0.0733609 -0.00117717 0.291044 0.0733626 0.997304 0.00144434 -0.754173 0.00106804 -0.0015268 0.999998 -0.782337 0 0 0 1 
26875431820038;0.350569;0.0126604;0.985814 -0.161326 -0.0463026 0.210285 0.13743 0.934245 -0.329088 -0.0642079 0.0963486 0.318056 0.943163 -0.870748 0 0 0 1 
26875431820039;0.337073;0.0119117;0.970927 -0.216271 0.102604 0.0479424 0.180498 0.942989 0.279628 -1.20248 -0.157229 -0.252978 0.95461 1.27508 0 0 0 1 
26875431820040;0.229197;0.0172185;0.983055 -0.181755 -0.0238311 0.205655 0.171798 0.95884 -0.226079 -0.469859 0.0639413 0.218154 0.973817 -0.348201 0 0 0 1 
26875431820041;0.10838;0.00650513;0.998043 0.0620282 0.00786441 -0.0642505 -0.0620074 0.998072 -0.00285951 0.174484 -0.00802661 0.00236627 0.999965 0.180028 0 0 0 1 
26875431820042;0.455772;0.0450256;0.895461 -0.434451 0.096964 0.610281 0.444289 0.885753 -0.134348 -2.38212 -0.0275186 0.163383 0.986179 0.372015 0 0 0 1 
26875431820043;0.274946;0.010854;0.977609 0.108797 0.18012 -0.190623 -0.130531 0.984921 0.113545 0.299831 -0.16505 -0.134514 0.977069 1.13033 0 0 0 1 
26875431820044;0.287192;0.0156785;0.998993 0.00325122 0.0447391 0.0471567 -0.00258093 0.999884 -0.0150318 0.583864 -0.0447828 0.0149012 0.998886 0.308986 0 0 0 1 
26875431820045;0.572084;0.0119052;0.985747 0.0702203 -0.15288 0.683875 -0.00832589 0.927975 0.372549 -0.868837 0.16803 -0.365966 0.915333 -1.14541 0 0 0 1 
26875431820046;0.148614;0.0144281;0.998067 -0.0597325 -0.0171303 0.0142577 0.0619454 0.9782 0.198211 -0.54735 0.00491723 -0.198889 0.98001 0.0757851 0 0 0 1 
26875431820047;0.191966;0.0105264;0.988786 0.148861 0.0119675 -0.0941087 -0.144758 0.975058 -0.168248 0.881081 -0.0367146 0.164629 0.985672 0.311232 0 0 0 1 
26875431820048;0.552949;0.014567;0.902643 0.417931 0.102812 -0.0636839 -0.399547 0.902497 -0.160813 2.07863 -0.159996 0.104078 0.981616 -0.0209245 0 0 0 1 
26875431820049;0.452544;0.0100202;0.896887 0.400612 0.187357 0.0488708 -0.400303 0.915457 -0.0411856 1.5805 -0.188017 -0.0380608 0.981428 1.26401 0 0 0 1 
26875431820050;0.381287;0.00504001;0.955999 0.239092 0.170003 -0.106241 -0.247463 0.968446 0.0295687 0.907015 -0.157569 -0.0703371 0.985 1.28651 0 0 0 1 
26875431820051;0.357531;0.0186343;0.973816 -0.0734254 -0.215153 0.689495 0.0651762 0.99685 -0.045198 -0.11972 0.217794 0.0299917 0.975534 -0.607492 0 0 0 1 
26875431820052;0.469273;0.0154904;0.965324 0.147804 -0.215184 0.491511 -0.205061 0.939425 -0.274646 1.89095 0.161555 0.309248 0.937158 -1.02353 0 0 0 1 
26875431820053;0.393672;0.0133896;0.992966 0.0287233 0.114864 0.681897 -0.0472418 0.985674 0.161909 -0.0579238 -0.108568 -0.166197 0.980098 0.543826 0 0 0 1 
26875431820054;0.384531;0.0167471;0.934535 0.221164 -0.278803 0.667266 -0.147187 0.953499 0.263011 0.372128 0.324007 -0.204756 0.923631 -1.38446 0 0 0 1 
26875431820055;0.28566;0.0163145;0.981103 -0.186652 -0.0509737 0.444212 0.188781 0.981175 0.0407154 -1.11303 0.0424145 -0.0495688 0.99787 0.136292 0 0 0 1 
26875431820056;0.596591;0.0111256;0.920057 -0.285492 0.268311 -0.0349618 0.330212 0.93363 -0.138907 -1.28523 -0.210846 0.216402 0.953265 0.0660152 0 0 0 1 
26875431820057;0.446113;0.31199;0.979687 -0.172928 0.10153 0.31658 0.175671 0.984272 -0.0186556 -0.948175 -0.0967069 0.0361125 0.994658 0.553273 0 0 0 1 
26875431820058;0.224686;0.0156232;0.999715 -0.00830156 -0.02237 -0.142466 0.010162 0.996382 0.0843791 -0.196588 0.0215886 -0.0845824 0.996183 0.352482 0 0 0 1 
26875431820059;0.444316;0.00920785;0.954135 -0.173048 0.244297 -0.494247 0.1755 0.984408 0.0118672 -0.642916 -0.242541 0.0315512 0.969628 0.768505 0 0 0 1 
26875431820060;0.410765;0.0109283;0.985459 0.0937086 0.141739 0.285758 -0.139057 0.92415 0.355824 0.370684 -0.097644 -0.37036 0.923742 1.17851 0 0 0 1 
26875431820062;0.368904;0.0194081;0.953757 0.179302 0.241243 0.452502 -0.228882 0.953471 0.196231 0.488809 -0.194834 -0.242373 0.950419 0.402477 0 0 0 1 
26875431820063;0.231158;0.0142274;0.956147 -0.0736898 -0.283466 0.4383 0.114223 0.985016 0.129217 -0.625187 0.269697 -0.155929 0.950237 -1.10919 0 0 0 1 
26875431820064;0.204838;0.017728;0.99782 -0.0066768 0.065657 0.0853376 -0.00221301 0.990924 0.134402 0.270627 -0.0659585 -0.134254 0.988749 0.11395 0 0 0 1 
26875431820065;0.171053;0.017768;0.99834 0.0536823 0.0208869 -0.0726545 -0.0529539 0.998018 -0.0339896 -0.0429879 -0.0226702 0.0328271 0.999204 0.0184314 0 0 0 1 
26875431820066;0.341828;0.019187;0.885279 0.460501 -0.064956 0.909559 -0.457721 0.887484 0.0535155 1.8661 0.0822913 -0.0176444 0.996452 -0.309421 0 0 0 1 
26875431820067;0.359104;0.0181597;0.999745 0.010943 -0.0197394 -0.197107 -0.010872 0.999934 0.0036994 0.357884 0.0197786 -0.00348385 0.999798 0.610474 0 0 0 1 
26875431820068;0.231956;0.0183233;0.999755 -0.0221028 0.00121776 0.0633626 0.0220939 0.999732 0.00689256 -0.127799 -0.00136978 -0.00686396 0.999976 0.521953 0 0 0 1 
26875431820069;0.168442;0.0229195;0.984476 -0.154868 0.0826009 0.0978367 0.157468 0.987184 -0.0259078 -0.771175 -0.07753 0.0385126 0.996246 0.499553 0 0 0 1 
26875431820070;0.120851;0.0165363;0.987724 0.132864 -0.0821534 0.260065 -0.127795 0.989722 0.0641738 0.495185 0.0898354 -0.0528872 0.994551 -0.412224 0 0 0 1 
26875431820071;0.559761;0.0121734;0.940567 -0.33931 0.0142437 1.00355 0.339236 0.940672 0.00743428 -1.28701 -0.0159212 -0.00216047 0.999871 0.413567 0 0 0 1 
26875431820072;0.11141;0.015264;0.998597 -0.05284 0.00332568 -0.148794 0.0529413 0.997261 -0.0516549 -0.325604 -0.000587128 0.0517585 0.998659 0.0143311 0 0 0 1 
26875431820073;0.298534;0.0151854;0.953058 -0.302767 -0.00360541 0.258317 0.302786 0.953026 0.00789642 -1.52264 0.00104527 -0.00861741 0.999962 0.178879 0 0 0 1 
26875431820074;0.511902;0.0229389;0.943949 -0.239725 -0.226917 0.862439 0.18877 0.955975 -0.224673 -0.697542 0.270787 0.169245 0.947645 -1.66368 0 0 0 1 
26875431820075;0.368729;0.0205067;0.937601 -0.238194 0.253315 -0.179842 0.159286 0.941807 0.296019 -1.15972 -0.309084 -0.237198 0.92098 1.50125 0 0 0 1 
26875431820076;0.104083;0.0170401;0.999296 -0.0303701 -0.022009 -0.000525052 0.028526 0.996407 -0.0797459 0.0622506 0.0243518 0.079062 0.996572 0.0300882 0 0 0 1 
26875431820077;0.334061;0.0173004;0.958994 0.278565 -0.0522744 0.480403 -0.274105 0.958455 0.0789371 1.27466 0.0720917 -0.0613715 0.995508 -0.781534 0 0 0 1 
26875431820078;0.46154;0.0178423;0.965789 0.257919 0.0270118 -0.220508 -0.250645 0.955098 -0.158006 1.54009 -0.0665516 0.14583 0.987069 -0.0772408 0 0 0 1 
26875431820079;0.388175;0.0217469;0.885465 -0.215174 0.411889 -0.218137 0.133511 0.966767 0.218029 -0.935258 -0.445115 -0.138066 0.884766 1.75127 0 0 0 1 
26875431820080;0.446652;0.0171254;0.969192 0.245653 0.0179384 0.241395 -0.245162 0.969139 -0.0257909 1.22274 -0.0237204 0.0205985 0.999506 -0.675132 0 0 0 1 
26875431820081;0.390076;0.0129856;0.917469 0.397796 -0.00299111 0.70717 -0.387857 0.892823 -0.228983 2.00745 -0.088418 0.211245 0.973426 0.72743 0 0 0 1 
26875431820082;0.269988;0.0159256;0.992097 0.123668 -0.0212177 -0.105087 -0.118989 0.980926 0.153709 0.067438 0.039822 -0.14997 0.987888 -0.327384 0 0 0 1 
26875431820083;0.397996;0.0184663;0.917324 -0.33015 0.222528 0.450823 0.327514 0.943535 0.0497537 -1.55207 -0.226389 0.0272407 0.973656 1.41014 0 0 0 1 
26875431820084;0.431462;0.0163381;0.984674 0.0900787 -0.149342 0.411867 -0.1345 0.937327 -0.321446 0.96257 0.111027 0.336606 0.935077 0.460182 0 0 0 1 
26875431820085;0.0561572;0.01701;0.999277 -0.0379619 0.00198753 -0.0739742 0.0379636 0.999279 -0.000793508 -0.150988 -0.00195598 0.000868388 0.999998 0.085976 0 0 0 1 
26875431820086;0.263745;0.0146366;0.973892 0.22219 0.0465325 0.344681 -0.223985 0.973863 0.0377079 0.607122 -0.0369379 -0.047146 0.998205 -0.0434813 0 0 0 1 
26875431820087;0.254275;0.0158229;0.972457 -0.0885605 -0.215603 0.339052 0.128323 0.97562 0.178044 -0.812364 0.194579 -0.200807 0.960112 -1.15139 0 0 0 1 
26875431820088;0.2679;0.0146397;0.967107 0.25406 -0.0125874 0.472821 -0.25432 0.966723 -0.0277141 1.28773 0.00512752 0.0300037 0.999537 -0.243123 0 0 0 1 
26875431820089;0.093436;0.0186619;0.999326 0.0330145 -0.0160655 0.0776445 -0.0336787 0.998508 -0.0429933 0.332053 0.0146221 0.0435053 0.998946 0.0521698 0 0 0 1 
26875431820090;0.279476;0.016435;0.999327 0.036112 0.00646339 0.199699 -0.0359386 0.999037 -0.025178 -0.245563 -0.00736639 0.0249288 0.999662 0.459394 0 0 0 1 
26875431820091;0.394578;0.0161679;0.993068 0.116862 0.0126335 0.252509 -0.116921 0.993133 0.00400169 0.489346 -0.0120791 -0.00545107 0.999912 -0.74659 0 0 0 1 
26875431820093;0.345934;0.0176523;0.933524 -0.311808 -0.176942 2.6222 0.304708 0.950109 -0.0666829 -1.1437 0.188906 0.00833448 0.98196 -0.632733 0 0 0 1 
26875431820094;0.529735;0.0256038;0.940095 0.282078 0.191451 -2.55277 -0.269507 0.958844 -0.0893531 1.87277 -0.208776 0.0324032 0.977427 0.632738 0 0 0 1 
26875431820095;0.39088;0.0183089;0.961977 -0.0124206 -0.272846 0.328272 0.00674108 0.999741 -0.0217434 -0.152347 0.273046 0.0190774 0.961812 -0.806675 0 0 0 1 
26875431820096;0.29099;0.0151139;0.969675 0.155763 -0.188333 -0.467827 -0.193799 0.959552 -0.204211 1.2187 0.148906 0.234517 0.96064 -2.28952 0 0 0 1 
26875431820097;0.411668;0.028652;0.959359 0.280304 0.0325708 -1.80099 -0.280007 0.959904 -0.0134521 2.375 -0.0350355 0.00378537 0.999379 0.126082 0 0 0 1 
26875431820098;0.305728;0.0212499;0.963773 -0.19998 0.176491 0.966579 0.208885 0.977376 -0.0332194 -0.904889 -0.165855 0.0688824 0.983741 0.220903 0 0 0 1 
26875431820099;0.324227;0.318097;0.99908 -0.0428818 -0.00106442 0.365457 0.0428886 0.999052 0.00745037 -0.0793007 0.000743927 -0.00748917 0.999972 0.0573675 0 0 0 1 
26875431820100;0.476247;0.0298903;0.972654 -0.231412 -0.0197961 1.93322 0.231762 0.972612 0.0176769 -0.51912 0.0151633 -0.0217815 0.999648 -0.542632 0 0 0 1 
26875431820101;0.325622;0.0187457;0.954241 0.25416 0.157566 -1.78221 -0.191564 0.924145 -0.330545 1.78472 -0.229626 0.285235 0.930544 -0.701097 0 0 0 1 
26875431820102;0.315339;0.0202552;0.975188 0.221314 0.00534842 -1.20815 -0.217323 0.961646 -0.167354 1.22891 -0.042181 0.162039 0.985882 -1.23026 0 0 0 1 
26875431820103;0.395286;0.022741;0.996973 -0.0774442 0.00691272 0.310097 0.0775024 0.996955 -0.00858904 -0.320417 -0.0062265 0.00909879 0.999939 -0.774492 0 0 0 1 
26875431820104;0.491587;0.03059;0.998957 0.0404082 0.0212506 0.399314 -0.0390709 0.997435 -0.0599664 0.59463 -0.0236193 0.0590735 0.997974 -0.832929 0 0 0 1 
26875431820105;0.296198;0.0185508;0.99061 -0.0395495 0.130873 0.157611 0.0782212 0.949045 -0.305277 0.228295 -0.112131 0.312648 0.943227 -1.02594 0 0 0 1 
26875431820106;0.351999;0.0191676;0.953224 -0.290272 -0.0843022 1.95153 0.296535 0.952095 0.0747113 -1.70361 0.0585772 -0.0962152 0.993635 0.464499 0 0 0 1 
26875431820107;0.398745;0.0264635;0.900985 0.43282 -0.0298638 -2.39417 -0.42969 0.880723 -0.199229 3.37595 -0.0599287 0.192335 0.979498 -0.891168 0 0 0 1 
26875431820108;0.476963;0.0295312;0.963735 0.255237 0.0778991 -1.74419 -0.26023 0.963524 0.062469 2.30741 -0.0591132 -0.0804752 0.995002 1.09179 0 0 0 1 
26875431820109;0.419848;0.401877;0.999429 -0.0246555 -0.023109 0.280739 0.0250137 0.999569 0.01534 -0.0515195 0.0227208 -0.0159093 0.999615 0.136309 0 0 0 1 
26875431820110;0.205033;0.0257968;0.996473 0.0164951 0.0822712 -0.0155692 -0.0100515 0.996893 -0.0781286 0.399514 -0.0833043 0.0770261 0.993543 -0.184019 0 0 0 1 
26875431820111;0.333895;0.01886;0.986622 -0.162841 0.00776099 1.29404 0.16299 0.98628 -0.0261891 -0.578016 -0.00338985 0.0271037 0.999627 0.401377 0 0 0 1 
26875431820112;0.392948;0.0969602;0.888836 -0.414417 -0.195523 3.39266 0.423002 0.906125 0.00237992 -1.53589 0.176182 -0.0848219 0.980696 -0.262411 0 0 0 1 
26875431820113;0.35267;0.0204699;0.943586 -0.16281 0.288337 0.876846 0.237997 0.938884 -0.248706 -0.428021 -0.230223 0.303298 0.924666 -0.752314 0 0 0 1 
26875431820114;0.433722;0.359981;0.994676 -0.050363 0.0899035 0.334551 0.0527458 0.998312 -0.0243257 0.0599581 -0.0885266 0.0289383 0.995653 0.201973 0 0 0 1 
26875431820115;0.334392;0.0192891;0.974231 -0.221848 0.0407029 1.92117 0.197305 0.925677 0.322788 -0.850528 -0.109287 -0.30644 0.945596 2.50642 0 0 0 1 
26875431820116;0.39563;0.0174093;0.952757 -0.253124 0.167878 2.36882 0.259918 0.965435 -0.0194401 -1.33925 -0.157155 0.0621562 0.985616 0.495486 0 0 0 1 
26875431820117;0.505945;0.00701278;0.967342 0.25343 -0.00481625 -2.17276 -0.253308 0.965835 -0.0547448 0.927036 -0.00922229 0.0541769 0.998489 -0.549575 0 0 0 1 
26875431820118;0.542637;0.0208925;0.911136 0.193263 0.36398 -1.04835 -0.278615 0.939663 0.198511 0.830791 -0.303653 -0.282281 0.910007 3.29246 0 0 0 1 
26875431820119;0.33961;0.0181689;0.958299 -0.0564821 -0.28013 0.967794 -0.0082075 0.974428 -0.224549 0.0652487 0.28565 0.217484 0.93333 -2.58534 0 0 0 1 
26875431820120;0.431883;0.0235129;0.988069 0.132204 -0.0790026 -0.138394 -0.0936906 0.923104 0.372963 0.406139 0.122235 -0.361111 0.924477 1.88037 0 0 0 1 
26875431820121;0.296141;0.0122497;0.935064 -0.351174 -0.0482849 2.73521 0.349857 0.936195 -0.0337392 -1.39273 0.0570524 0.0146555 0.998264 -0.572974 0 0 0 1 
26875431820122;0.699318;0.00931263;0.901692 0.0533764 0.429071 -1.19181 -0.0852047 0.994828 0.0553011 -0.111614 -0.4239 -0.0864235 0.901576 3.22863 0 0 0 1 
26875431820124;0.463953;0.0392119;0.981335 0.073359 -0.177761 -0.133455 -0.104069 0.979912 -0.170121 1.12261 0.161711 0.185445 0.969257 -3.17604 0 0 0 1 
26875431820125;0.172503;0.0480377;0.973687 0.225067 -0.0357619 -1.86763 -0.224219 0.974186 0.0262201 1.32693 0.04074 -0.0175116 0.999016 -0.0662308 0 0 0 1 
26875431820126;0.469661;0.0592272;0.999892 -0.0146737 9.64429e-05 -0.401904 0.0146579 0.998464 -0.0534239 0.378134 0.000687632 0.0534196 0.998572 0.122547 0 0 0 1 
26875431820127;0.198437;0.0492417;0.996507 -0.0833584 -0.00509508 0.673422 0.0833456 0.996517 -0.00266636 -0.131188 0.00529959 0.00223239 0.999983 -0.0715659 0 0 0 1 
26875431820128;0.38452;0.0494141;0.949314 -0.314301 0.00413871 3.16809 0.314316 0.949311 -0.00368103 -0.970457 -0.00277197 0.00479532 0.999985 -0.446756 0 0 0 1 
26875431820129;0.474436;0.0523406;0.937459 -0.33786 0.0837988 3.41276 0.345874 0.93124 -0.114733 -1.21807 -0.039273 0.136542 0.989856 -1.66934 0 0 0 1 
26875431820130;0.313572;0.0548302;0.9945 -0.104401 -0.00842861 0.852576 0.104191 0.994307 -0.0223152 -0.634874 0.0107103 0.0213142 0.999715 -0.81669 0 0 0 1 
26875431820131;0.549583;0.0370477;0.992776 0.118011 -0.0216556 -1.62328 -0.114821 0.986835 0.1139 0.408414 0.034812 -0.110591 0.993256 1.59792 0 0 0 1 
26875431820132;0.557397;0.0575642;0.893248 0.44763 -0.0416605 -2.87055 -0.447456 0.876271 -0.178694 3.91664 -0.0434828 0.178259 0.983022 -0.936936 0 0 0 1 
26875431820133;0.523064;0.234936;0.997983 -0.0255076 0.0581323 0.227097 0.0133783 0.979665 0.200193 -0.224195 -0.0620567 -0.199011 0.97803 2.75316 0 0 0 1 
26875431820134;0.28355;0.0536291;0.981774 0.186568 0.0362178 -1.87256 -0.186479 0.982441 -0.00584922 1.3195 -0.0366731 -0.00101126 0.999327 -0.0405935 0 0 0 1 
26875431820135;0.398345;0.0451822;0.98195 -0.0444269 -0.18385 0.434049 0.0730613 0.985671 0.152038 -0.585614 0.174461 -0.162726 0.971125 1.15645 0 0 0 1 
26875431820136;0.188337;0.0562977;0.996633 0.0645911 0.0505097 -0.801816 -0.0638491 0.997829 -0.016171 0.587249 -0.0514446 0.0128916 0.998593 0.164634 0 0 0 1 
26875431820137;0.314888;0.0352759;0.935645 -0.0186813 0.352448 -0.0835516 0.0444362 0.996887 -0.0651257 -0.217654 -0.350135 0.076596 0.933562 1.31994 0 0 0 1 
26875431820138;0.521003;0.0251667;0.999802 0.019426 0.00427606 -0.505073 -0.0194017 0.999796 -0.0056502 -0.374438 -0.00438495 0.00556612 0.999975 0.778004 0 0 0 1 
26875431820139;0.534563;0.0274691;0.963327 -0.216197 -0.158934 2.96193 0.195626 0.971273 -0.135493 -1.21681 0.183662 0.0994322 0.977948 -1.72878 0 0 0 1 
26875431820140;0.635129;0.0532872;0.934185 0.119311 -0.336249 0.344731 -0.112695 0.992856 0.0391991 1.19016 0.338524 0.0012745 0.940957 -1.58386 0 0 0 1 
26875431820141;0.451247;0.0472008;0.938306 -0.344064 -0.034657 3.35461 0.340861 0.903349 0.260336 -1.6091 -0.058265 -0.256088 0.964896 3.03791 0 0 0 1 
26875431820142;0.45211;0.0553463;0.967441 0.0525732 -0.247577 -0.690838 -0.077044 0.992938 -0.0902084 0.726372 0.241086 0.106346 0.96466 -1.73487 0 0 0 1 
26875431820143;0.371493;0.0623501;0.926929 0.0449501 0.372536 -0.660231 -0.136065 0.965494 0.222055 0.583397 -0.3497 -0.256518 0.90106 4.31475 0 0 0 1 
26875431820144;0.382734;0.0511447;0.973734 0.0136539 0.227279 -0.264274 0.0656967 0.938897 -0.33787 0.852874 -0.218005 0.343927 0.913339 -1.91012 0 0 0 1 
26875431820145;0.502979;0.0560045;0.969666 0.238877 0.0518222 -2.26118 -0.237452 0.970866 -0.0321974 2.00079 -0.0580036 0.0189155 0.998137 -0.477394 0 0 0 1 
26875431820146;0.275674;0.0617058;0.957494 0.286825 0.0306015 -2.18511 -0.288358 0.9545 0.0760225 1.89545 -0.00740396 -0.0816153 0.996636 0.599278 0 0 0 1 
26875431820147;0.238197;0.0508504;0.99175 0.0402494 -0.121705 -0.00513103 -0.0537523 0.992501 -0.109784 0.595451 0.116374 0.11542 0.986476 -1.47091 0 0 0 1 
26875431820148;0.24302;0.0277651;0.985527 -0.130793 0.107844 0.990525 0.148541 0.97283 -0.177589 -0.678794 -0.0816863 0.191038 0.978178 -1.42255 0 0 0 1 
26875431820149;0.23664;0.0436388;0.943182 -0.32375 0.0747864 3.02749 0.329063 0.941319 -0.0750765 -1.2672 -0.0460918 0.0954203 0.994369 -0.621536 0 0 0 1 
26875431820150;0.324251;0.0363829;0.984714 -0.171149 -0.0323553 1.61869 0.167204 0.980868 -0.0997077 -0.848221 0.0488011 0.0927736 0.994491 -0.572212 0 0 0 1 
26875431820151;0.348638;0.0563379;0.960171 -0.182987 -0.211158 2.11268 0.232075 0.943138 0.237974 -1.28174 0.155605 -0.277501 0.94804 1.85384 0 0 0 1 
26875431820152;0.39459;0.0493056;0.99385 -0.0818878 0.0745382 0.403548 0.0863352 0.994545 -0.0585366 -0.25476 -0.0693382 0.0646119 0.995499 -0.875229 0 0 0 1 
26875431820153;0.461448;0.0492616;0.96189 0.270259 -0.0415693 -2.0306 -0.268395 0.962239 0.0453869 1.57485 0.0522658 -0.0325002 0.998104 -0.715761 0 0 0 1 
26875431820155;0.281618;0.0159525;0.997354 0.0464171 -0.0559466 0.45766 -0.0472721 0.998783 -0.0140566 0.0860144 0.055226 0.0166642 0.998335 -0.0589742 0 0 0 1 
26875431820156;0.544215;0.0144028;0.979691 0.196325 -0.040766 -0.0769857 -0.195488 0.980422 0.0236147 0.175449 0.044604 -0.0151658 0.99889 0.672147 0 0 0 1 
26875431820157;0.2633;0.0181763;0.983027 -0.183462 -0.000600211 0.0624282 0.177652 0.952706 -0.24656 -0.120425 0.045806 0.242268 0.969127 -0.0968127 0 0 0 1 
26875431820158;0.308459;0.209897;0.993932 0.10969 -0.00820846 0.0131809 -0.109504 0.993777 0.0204122 0.379133 0.0103964 -0.0193894 0.999758 0.129564 0 0 0 1 
26875431820159;0.600497;0.0269004;0.997831 0.0564336 0.0338894 0.75762 -0.051278 0.989187 -0.137405 0.0731463 -0.0412772 0.135369 0.989935 0.597312 0 0 0 1 
26875431820160;0.450407;0.0969065;0.918693 -0.193808 0.344153 -0.139053 0.247905 0.961269 -0.120434 -0.242561 -0.307483 0.195959 0.931158 0.718263 0 0 0 1 
26875431820161;0.500041;0.0230671;0.974801 -0.220541 -0.0335231 -0.269809 0.218737 0.974483 -0.0503684 -0.558192 0.0437759 0.0417665 0.998168 0.503237 0 0 0 1 
26875431820162;0.266888;0.0208428;0.977288 0.148155 0.151521 -0.130383 -0.11792 0.974273 -0.192059 0.134208 -0.176077 0.169829 0.969616 0.562735 0 0 0 1 
26875431820163;0.112835;0.0106329;0.993489 -0.00491563 0.113825 -0.013472 -0.000144288 0.999014 0.0444027 0.0161354 -0.113931 -0.04413 0.992508 0.394524 0 0 0 1 
26875431820164;0.259006;0.023061;0.983237 -0.180967 -0.0222911 0.0230329 0.18151 0.983061 0.0253813 -0.623147 0.0173204 -0.0290019 0.999429 -0.250808 0 0 0 1 
26875431820165;0.440579;0.251115;0.975165 0.215909 -0.049364 0.11501 -0.203158 0.960757 0.188872 0.43934 0.0882059 -0.174153 0.98076 -0.517658 0 0 0 1 
26875431820166;0.350624;0.299152;0.99764 -0.0347319 -0.0592291 -0.0204777 0.034231 0.999369 -0.00945176 -0.0306776 0.05952 0.00740198 0.9982 -0.136572 0 0 0 1 
26875431820167;0.350308;0.0168942;0.977367 -0.196343 0.0787626 0.404444 0.207599 0.96179 -0.178502 -0.136727 -0.0407055 0.190813 0.980782 0.0654853 0 0 0 1 
26875431820168;0.226339;0.0209097;0.983461 -0.0601632 -0.170833 0.342459 0.0514026 0.997148 -0.0552537 -0.247766 0.173671 0.0455587 0.983749 -0.431446 0 0 0 1 
26875431820169;0.436398;0.0111066;0.998889 -0.0466652 -0.00654303 0.242269 0.0466968 0.998898 0.00476875 0.232676 0.00631329 -0.00506899 0.999967 0.559478 0 0 0 1 
26875431820170;0.561995;0.0172118;0.976462 0.0330588 0.213143 -0.464652 -0.0160208 0.996571 -0.0811746 -0.458135 -0.215096 0.0758492 0.973643 -0.00162033 0 0 0 1 
26875431820171;0.275385;0.0184185;0.997614 0.0662441 0.0194363 -0.0684489 -0.0665178 0.99769 0.0137888 0.149531 -0.018478 -0.0150488 0.999716 0.500323 0 0 0 1 
26875431820172;0.126727;0.0137518;0.999921 -0.00505568 0.0115502 -0.00250039 0.00602506 0.99632 -0.0854972 0.0272559 -0.0110754 0.08556 0.996271 0.195606 0 0 0 1 
26875431820173;0.248339;0.0182096;0.988384 -0.105614 0.109279 -0.119884 0.101941 0.994038 0.0386819 0.038205 -0.112713 -0.0270926 0.993258 0.367434 0 0 0 1 
26875431820174;0.442063;0.304592;0.975583 -0.120897 0.183363 -0.103106 0.121061 0.992591 0.0103427 -0.473831 -0.183254 0.0121078 0.982991 0.481289 0 0 0 1 
26875431820175;0.573407;0.145825;0.925948 0.22233 -0.305269 0.805068 -0.304 0.918403 -0.25322 0.941905 0.224062 0.327271 0.917982 -0.870609 0 0 0 1 
26875431820176;0.270556;0.024283;0.991352 0.128621 -0.0260378 -0.320708 -0.131084 0.979912 -0.150295 0.329383 0.00618368 0.152408 0.988298 0.0130751 0 0 0 1 
26875431820177;0.516211;0.0286779;0.994953 0.0556569 -0.0834948 -0.462638 -0.0701588 0.98074 -0.182284 -0.240485 0.0717413 0.187222 0.979694 -0.0483872 0 0 0 1 
26875431820178;0.516876;0.22758;0.986812 -0.109489 -0.119224 0.266304 0.122547 0.986532 0.108336 -0.453332 0.105756 -0.121518 0.986939 0.405646 0 0 0 1 
26875431820179;0.506678;0.478748;0.99834 0.0549506 0.0172362 -0.091381 -0.0551266 0.99843 0.0099126 0.169417 -0.0166645 -0.0108463 0.999802 0.00930701 0 0 0 1 
26875431820180;0.166082;0.0132431;0.997398 -0.00970262 0.0714355 -0.19741 0.00323262 0.995924 0.0901354 0.0789291 -0.0720189 -0.0896699 0.993364 0.143018 0 0 0 1 
26875431820181;0.220973;0.011521;0.979115 -0.201209 0.0291196 0.217876 0.194201 0.968008 0.158893 -0.467086 -0.0601589 -0.14992 0.986866 0.311681 0 0 0 1 
26875431820182;0.311591;0.0199536;0.999979 0.00569076 -0.00304114 0.476316 -0.00571914 0.999939 -0.00940514 0.0779568 0.00298743 0.00942234 0.999951 -0.0888808 0 0 0 1 
26875431820183;0.378261;0.212399;0.972704 0.21287 -0.092375 -0.0250139 -0.200328 0.97124 0.128693 0.647267 0.117113 -0.106675 0.987373 -0.389106 0 0 0 1 
26875431820184;0.707951;0.028237;0.956776 -0.282149 0.0705102 -0.0654847 0.288173 0.952434 -0.0991205 -0.37424 -0.0391896 0.115155 0.992574 -0.878652 0 0 0 1 
26875431820186;0.0232744;0.0187451;0.999986 -0.00353174 -0.00394786 0.00184223 0.00352703 0.999993 -0.00119926 -0.0343126 0.00395207 0.00118531 0.999991 0.0279689 0 0 0 1 
26875431820187;0.469951;0.0317936;0.997761 -0.0506706 0.0436621 0.126588 0.0506033 0.998715 0.00264456 0.0341561 -0.04374 -0.000429194 0.999043 -0.728009 0 0 0 1 
26875431820188;0.333415;0.114074;0.985494 0.0769255 0.151276 -0.00939911 -0.0644493 0.994233 -0.0857205 0.600128 -0.156997 0.0747274 0.984768 0.0559421 0 0 0 1 
26875431820189;0.215891;0.0340277;0.999529 -0.023432 0.0198098 -0.000204561 0.0263872 0.985903 -0.165223 0.302275 -0.0156591 0.165668 0.986057 0.0882273 0 0 0 1 
26875431820190;0.353199;0.0266513;0.999067 -0.0058694 -0.0427889 0.124305 0.00558864 0.999962 -0.00667798 -0.0434184 0.0428265 0.00643262 0.999062 0.571753 0 0 0 1 
26875431820191;0.375035;0.0395115;0.88178 0.109379 -0.458803 0.623005 -0.0625986 0.991273 0.116011 -0.0951789 0.467488 -0.0735754 0.880932 -0.448996 0 0 0 1 
26875431820192;0.269163;0.0345881;0.998905 -0.0337761 0.0323692 -0.16274 0.0345233 0.999144 -0.0228095 0.343889 -0.0315711 0.023902 0.999216 0.255273 0 0 0 1 
26875431820193;0.42369;0.032341;0.909833 -0.173796 0.376828 -0.310401 0.265031 0.94211 -0.205396 -0.0911067 -0.319316 0.286747 0.903224 0.521491 0 0 0 1 
26875431820194;0.276623;0.203859;0.995912 0.0657047 0.0619905 -0.0650639 -0.0620474 0.996317 -0.059185 0.222794 -0.0656509 0.0550966 0.99632 0.241774 0 0 0 1 
26875431820195;0.12753;0.0313174;0.997503 0.0705705 0.00288218 -0.183181 -0.0705986 0.997442 0.011222 0.0526906 -0.00208286 -0.0113975 0.999933 -0.111237 0 0 0 1 
26875431820196;0.182656;0.0282442;0.998287 -0.0584529 -0.00240357 -0.116832 0.0583058 0.997459 -0.0409421 -0.334479 0.00479065 0.0407319 0.999159 -0.122582 0 0 0 1 
26875431820197;0.141522;0.0316214;0.999393 0.0284838 -0.020068 -0.24954 -0.0279362 0.999243 0.0270612 0.0473553 0.0208236 -0.0264841 0.999432 -0.0577066 0 0 0 1 
26875431820198;0.296595;0.185692;0.996507 -0.0643388 -0.0532468 0.20042 0.0617632 0.996903 -0.0486802 0.123239 0.0562139 0.0452214 0.997394 -0.245223 0 0 0 1 
26875431820199;0.374604;0.342197;0.997941 -0.0458121 -0.0448802 -0.00118805 0.0473502 0.998305 0.0338312 -0.0951981 0.0432543 -0.0358866 0.998419 0.0141689 0 0 0 1 
26875431820200;0.14975;0.0409029;0.998936 0.0110319 -0.0447849 -0.224087 -0.00765287 0.997159 0.0749315 0.038114 0.0454843 -0.074509 0.996183 0.014177 0 0 0 1 
26875431820201;0.180431;0.038539;0.995433 -0.0435373 -0.0849587 0.330016 0.0440266 0.999023 0.00389295 -0.169365 0.0847062 -0.00761561 0.996377 -0.120897 0 0 0 1 
26875431820202;0.0568232;0.0373279;0.999441 -0.0317434 -0.0104521 -0.0237206 0.031076 0.997786 -0.0587932 0.00440288 0.0122953 0.0584355 0.998215 -0.0187536 0 0 0 1 
26875431820203;0.370175;0.33726;0.999617 -0.026831 -0.00671657 -0.0127166 0.0271236 0.998473 0.0481169 -0.0701694 0.0054153 -0.0482807 0.998819 -0.00976847 0 0 0 1 
26875431820204;0.336699;0.30943;0.994136 0.108131 0.00128275 -0.181133 -0.107466 0.989207 -0.0996051 0.460031 -0.0120393 0.0988832 0.995026 0.0716141 0 0 0 1 
26875431820205;0.579018;0.168546;0.977027 0.0161386 0.212504 0.380555 -0.0339215 0.996193 0.0803043 -0.460054 -0.210399 -0.0856679 0.973855 -0.0802346 0 0 0 1 
26875431820206;0.454909;0.0285923;0.946163 0.0291506 0.322375 -0.249257 0.0481701 0.972166 -0.229286 -0.0621417 -0.320086 0.232471 0.918424 1.07574 0 0 0 1 
26875431820207;0.201469;0.0305359;0.993334 0.101346 0.0549203 -0.164859 -0.109735 0.977274 0.181365 -0.0571146 -0.0352915 -0.186183 0.981881 0.281497 0 0 0 1 
26875431820208;0.418791;0.320633;0.999036 -0.0401452 0.0177858 -0.123674 0.0376676 0.991731 0.12268 -0.15629 -0.0225637 -0.121892 0.992287 -0.0221798 0 0 0 1 
26875431820209;0.261543;0.236644;0.999088 -0.0425876 0.00297734 0.0352847 0.0426239 0.999001 -0.0134332 -0.0162223 -0.00240228 0.0135479 0.999905 0.037889 0 0 0 1 
26875431820210;0.579052;0.370815;0.998289 -0.0584649 -0.00104383 -0.332001 0.0583792 0.995492 0.0747543 -0.292724 -0.00333138 -0.0746873 0.997201 -0.0362244 0 0 0 1 
26875431820211;0.254845;0.0272785;0.973605 -0.226502 -0.0281008 0.257227 0.226331 0.974007 -0.00917449 -0.417522 0.0294485 0.00257224 0.999563 0.242863 0 0 0 1 
26875431820212;0.320883;0.0306531;0.965876 -0.125522 0.226556 0.0151979 0.153557 0.981928 -0.110626 -0.246873 -0.208575 0.14164 0.967695 0.720909 0 0 0 1 
26875431820213;0.233658;0.0358704;0.99856 -0.0534013 0.00502928 -0.117371 0.0536273 0.992132 -0.113132 -0.0175772 0.00105167 0.113239 0.993567 -0.384485 0 0 0 1 
26875431820214;0.442932;0.0295331;0.982022 0.0348736 -0.185518 0.33696 -0.0807089 0.965996 -0.245638 0.543199 0.170643 0.256195 0.951444 0.269117 0 0 0 1 
26875431820215;0.292551;0.0282669;0.970763 0.0642836 0.231273 0.0212771 -0.011023 0.974396 -0.22457 -0.148015 -0.239787 0.215455 0.946616 0.341141 0 0 0 1 
26875431820217;0.53888;0.0201744;0.947955 -0.254751 0.191004 1.00656 0.307885 0.886308 -0.345926 -0.67603 -0.0811636 0.38673 0.918615 -0.392267 0 0 0 1 
26875431820218;0.132212;0.0161592;0.999993 -0.00292994 -0.00226747 -0.0205336 0.00285784 0.99951 -0.0311719 0.186697 0.00235769 0.0311652 0.999511 0.138113 0 0 0 1 
26875431820219;0.276971;0.00946465;0.991356 -0.0493356 0.121572 0.3834 0.0521718 0.998433 -0.020256 -0.610131 -0.120382 0.0264235 0.992376 0.363139 0 0 0 1 
26875431820220;0.346183;0.369892;0.996861 0.0704633 0.0361101 -0.215591 -0.0720698 0.99637 0.0453055 0.101908 -0.0327866 -0.0477657 0.99832 0.288344 0 0 0 1 
26875431820221;0.22686;0.011382;0.99996 0.00420499 0.0078752 0.396419 -0.0041745 0.999984 -0.00388444 -1.65537e-05 -0.00789141 0.00385141 0.999961 -0.250969 0 0 0 1 
26875431820222;0.271182;0.256482;0.993741 0.0640514 0.0915173 -0.200428 -0.0628439 0.997895 -0.0160189 0.111754 -0.0923506 0.0101674 0.995675 0.292539 0 0 0 1 
26875431820223;0.173034;0.012591;0.999925 -0.0034732 0.0117656 -0.181392 0.00347383 0.999994 -3.3193e-05 -0.182088 -0.0117654 7.40621e-05 0.999931 -0.232397 0 0 0 1 
26875431820224;0.421446;0.00889045;0.995376 0.0574232 0.077003 -0.720503 -0.0623984 0.996007 0.0638407 -0.331763 -0.0730297 -0.0683503 0.994985 0.6395 0 0 0 1 
26875431820225;0.149136;0.022212;0.983252 0.18225 -0.00100795 -0.157399 -0.181912 0.981734 0.0557322 0.769489 0.0111467 -0.0546154 0.998445 -0.0354382 0 0 0 1 
26875431820226;0.0692592;0.0117473;0.999611 -0.0271972 0.00620079 0.162729 0.0272971 0.999489 -0.016627 -0.0989052 -0.00574542 0.0167898 0.999843 -0.0485615 0 0 0 1 
26875431820227;0.394953;0.283171;0.984486 0.15231 0.0871139 -0.354564 -0.162144 0.979451 0.119937 0.0812898 -0.0670562 -0.132201 0.988952 -0.110815 0 0 0 1 
26875431820228;0.385763;0.0232265;0.999801 -0.0182847 0.008014 -0.259423 0.0190546 0.993769 -0.109815 0.676819 -0.00595614 0.109945 0.99392 0.160181 0 0 0 1 
26875431820229;0.236316;0.0152109;0.979354 -0.096956 0.177387 0.16135 0.0959585 0.995284 0.0142145 -0.117851 -0.177929 0.00310073 0.984039 0.802143 0 0 0 1 
26875431820230;0.353557;0.272011;0.980613 0.182196 0.0721277 -0.45804 -0.178831 0.982573 -0.0506914 0.874691 -0.0801065 0.0368099 0.996106 0.17694 0 0 0 1 
26875431820231;0.448584;0.0205084;0.999226 0.0104163 0.0379412 -0.272165 -0.00900305 0.999266 -0.0372301 0.278842 -0.0383012 0.0368597 0.998586 -0.757017 0 0 0 1 
26875431820232;0.290281;0.018435;0.964011 -0.189714 0.186257 0.537398 0.129198 0.94658 0.295456 -0.616251 -0.232359 -0.260759 0.937024 1.27701 0 0 0 1 
26875431820233;0.217224;0.0252455;0.997076 -0.0651755 -0.0399 0.539853 0.0644944 0.997753 -0.0181266 -0.282736 0.0409918 0.0155003 0.999039 -0.290553 0 0 0 1 
26875431820234;0.288361;0.0096534;0.986 -0.157053 -0.056015 0.326149 0.160944 0.984224 0.0734787 -1.31263 0.0435913 -0.0814653 0.995722 -0.33987 0 0 0 1 
26875431820235;0.189456;0.0146626;0.978854 -0.147345 -0.141897 0.509723 0.149884 0.988676 0.00731772 -0.737479 0.139212 -0.0284311 0.989854 -0.670157 0 0 0 1 
26875431820236;0.315102;0.0264355;0.93418 0.243091 0.261179 -0.16644 -0.220072 0.96874 -0.114499 1.30293 -0.280848 0.0494847 0.958476 1.5027 0 0 0 1 
26875431820237;0.012092;0.0110986;0.999974 -9.36327e-05 0.00726826 0.00762057 0.000110986 0.999997 -0.00238718 -0.0306696 -0.00726802 0.00238792 0.999971 0.0426319 0 0 0 1 
26875431820238;0.26454;0.0141081;0.953478 -0.27597 0.121328 0.513504 0.265467 0.959341 0.0958748 -1.40636 -0.142854 -0.0592059 0.987971 0.936749 0 0 0 1 
26875431820239;0.246987;0.0136167;0.999164 0.034816 0.0214455 -0.313151 -0.0367922 0.994312 0.0999534 -0.327632 -0.0178436 -0.100659 0.994761 0.168715 0 0 0 1 
26875431820240;0.363487;0.0207987;0.903977 0.407888 -0.128272 -0.0979617 -0.381799 0.905065 0.187316 1.8586 0.192498 -0.120355 0.973889 -0.933759 0 0 0 1 
26875431820241;0.468508;0.0251068;0.892219 -0.45145 0.0117628 0.644135 0.451497 0.892272 -0.00146274 -2.24585 -0.0098353 0.00661597 0.99993 0.424307 0 0 0 1 
26875431820242;0.496458;0.0144189;0.964232 -0.205917 -0.166899 0.878269 0.256186 0.885567 0.387479 -1.98629 0.0680116 -0.416376 0.906645 -0.0132676 0 0 0 1 
26875431820243;0.419239;0.0136377;0.90537 0.263944 0.332625 -0.401812 -0.216679 0.96085 -0.172676 1.35769 -0.365179 0.0842633 0.927116 1.45332 0 0 0 1 
26875431820244;0.327061;0.0280616;0.99995 0.00204032 0.00981435 -0.50316 -0.000922928 0.993647 -0.112537 0.484118 -0.00998161 0.112522 0.993599 0.0106383 0 0 0 1 
26875431820245;0.440644;0.0185224;0.909607 0.0550902 0.411801 -0.38657 -0.0993881 0.991245 0.0869263 0.248679 -0.403406 -0.119997 0.907119 1.93166 0 0 0 1 
26875431820246;0.33651;0.0173859;0.987456 -0.0541009 0.148338 -0.0937912 0.0419621 0.995601 0.0837762 -0.637228 -0.152218 -0.0765008 0.985382 0.271502 0 0 0 1 
26875431820248;0.482971;0.0258454;0.940295 -0.0852643 -0.329507 0.815553 0.117951 0.989753 0.0804772 -0.398275 0.319269 -0.114538 0.940717 -2.29082 0 0 0 1 
26875431820249;0.481186;0.0240139;0.970738 -0.195354 -0.139659 0.351026 0.184377 0.97893 -0.0877564 -0.730141 0.15386 0.0594386 0.986303 0.325864 0 0 0 1 
26875431820250;0.362957;0.0268093;0.965542 0.225255 0.130345 0.147949 -0.208992 0.969578 -0.127442 1.5106 -0.155087 0.0958097 0.983244 0.524285 0 0 0 1 
26875431820251;0.294996;0.0238376;0.995801 0.0912588 -0.00729343 0.623356 -0.0906516 0.994029 0.060738 0.0956728 0.0127928 -0.0598218 0.998127 -0.274853 0 0 0 1 
26875431820252;0.28587;0.0260501;0.99955 -0.0298037 0.0034652 0.310887 0.0297941 0.999552 0.00279965 -0.648514 -0.00354709 -0.00269515 0.99999 0.28709 0 0 0 1 
26875431820253;0.612372;0.0270616;0.960491 0.086168 -0.264634 1.14629 -0.0238656 0.972861 0.230154 -0.947589 0.277285 -0.214746 0.936481 -1.08431 0 0 0 1 
26875431820254;0.431445;0.356322;0.9985 0.0418115 0.0353396 -0.0581818 -0.0395549 0.997273 -0.0623067 0.255264 -0.0378484 0.0608154 0.997431 0.0331138 0 0 0 1 
26875431820255;0.351175;0.0252853;0.999644 -0.0243948 0.0107752 -0.270754 0.0242892 0.999657 0.00982787 -0.00795574 -0.0110113 -0.00956266 0.999894 0.816711 0 0 0 1 
26875431820256;0.151421;0.0269651;0.982515 0.186181 0.00130492 0.134939 -0.186157 0.982462 -0.0106765 0.865382 -0.0032698 0.0102469 0.999942 0.0571035 0 0 0 1 
26875431820257;0.412483;0.028302;0.986856 -0.153731 -0.0498258 -0.115346 0.158273 0.981707 0.105833 -1.63055 0.0326446 -0.112328 0.993135 -0.288095 0 0 0 1 
