#;prob_registration_l1 -r /home/probabilistic_point_clouds_registration/build/tester /home/point_clouds_registration_benchmark//devel/registration_pairs/apartment_local.txt /home/point_clouds_registration_benchmark//eth/apartment -s 0.2 -t 0.2 -p 0.3 -r 1000 -m 25 -i 40 
id;initial_error;final_error;transformation
13001298760000;0.820981;1.07374;0.895915 -0.426813 0.123155 -0.296605 0.420384 0.904201 0.0754888 -3.05662 -0.143576 -0.0158593 0.989512 0.240541 0 0 0 1 
13001298760001;0.68771;1.07347;0.937037 -0.322923 -0.132975 0.410083 0.349102 0.876444 0.331622 -2.47707 0.00945649 -0.357164 0.933994 0.478354 0 0 0 1 
13001298760002;0.636186;0.434172;0.979425 0.162704 -0.119387 0.420421 -0.124546 0.952825 0.276789 -0.316172 0.158789 -0.256225 0.953486 -1.01 0 0 0 1 
13001298760003;0.411513;0.958953;0.949032 -0.301205 0.092812 0.0744659 0.297908 0.953394 0.0478637 -1.90534 -0.102903 -0.0177747 0.994533 -0.0859538 0 0 0 1 
13001298760004;0.857932;1.1908;0.932688 -0.324085 -0.158312 0.0543494 0.310148 0.944685 -0.106668 -2.03288 0.184124 0.0503875 0.981611 0.401655 0 0 0 1 
13001298760005;0.460674;1.15698;0.881135 -0.469447 0.0567405 -0.0451181 0.467796 0.882914 0.0403623 -2.30331 -0.069045 -0.00902172 0.997573 0.485099 0 0 0 1 
13001298760006;0.655521;0.621732;0.946717 0.322065 0.00110863 -0.084653 -0.321725 0.945547 0.0493377 0.682552 0.0148417 -0.0470655 0.998782 0.13869 0 0 0 1 
13001298760007;0.308888;0.381416;0.885424 0.321778 0.335386 0.23037 -0.376825 0.9194 0.112726 0.658245 -0.272081 -0.226192 0.935312 0.877179 0 0 0 1 
13001298760008;0.466988;0.295438;0.955955 0.286787 0.0624766 -0.24534 -0.287799 0.95766 0.00766148 0.236525 -0.0576341 -0.0253047 0.998017 -0.0976236 0 0 0 1 
13001298760009;0.423945;0.467704;0.952365 0.270768 0.140305 -0.163888 -0.254591 0.959196 -0.122989 0.470865 -0.167882 0.0814103 0.98244 -0.0120174 0 0 0 1 
13001298760010;0.258498;0.393152;0.979646 0.200254 -0.0138452 0.173191 -0.200721 0.977962 -0.0574513 0.480718 0.00203529 0.059061 0.998252 0.0879329 0 0 0 1 
13001298760011;0.784351;1.0403;0.996128 0.0827696 0.0296469 -0.217466 -0.0878589 0.949607 0.300878 -1.00408 -0.00324931 -0.302318 0.953202 -0.573837 0 0 0 1 
13001298760012;0.622128;0.283432;0.975064 0.22179 -0.00774919 0.268914 -0.221845 0.975056 -0.00713536 -0.13055 0.00597334 0.00867655 0.999945 0.285597 0 0 0 1 
13001298760013;0.398004;0.365167;0.899152 0.414419 0.140652 0.28903 -0.385364 0.902069 -0.194335 0.888035 -0.207414 0.120535 0.970799 0.93854 0 0 0 1 
13001298760014;0.755219;1.00166;0.983421 0.103207 -0.149099 0.549292 -0.0906742 0.991936 0.0885532 -0.541085 0.157036 -0.0735656 0.984849 -1.14916 0 0 0 1 
13001298760015;0.388158;1.231;0.984443 0.102417 -0.142768 0.0397647 -0.10414 0.994552 -0.00462836 -0.705548 0.141516 0.0194242 0.989745 -0.173318 0 0 0 1 
13001298760016;0.851768;1.10124;0.99902 -0.04258 0.0120922 0.165355 0.0430628 0.998149 -0.0429552 -0.604639 -0.0102408 0.0434339 0.999004 0.68251 0 0 0 1 
13001298760017;0.399547;0.355731;0.938711 0.34464 -0.00675981 0.539205 -0.34469 0.938292 -0.028249 0.647099 -0.00339307 0.0288477 0.999578 0.32687 0 0 0 1 
13001298760018;0.820633;0.303573;0.934312 0.323187 -0.15037 0.213247 -0.329299 0.944073 -0.0170011 0.69915 0.136465 0.065401 0.988484 0.571042 0 0 0 1 
13001298760019;0.329854;0.322364;0.995616 0.0809193 -0.04691 0.0640663 -0.0793362 0.996244 0.0346839 -0.318056 0.0495404 -0.0308102 0.998297 -0.130892 0 0 0 1 
13001298760020;0.847185;0.563604;0.953493 0.301305 0.00816116 0.161221 -0.301413 0.953037 0.0295083 0.940051 0.00111311 -0.0305958 0.999531 0.663779 0 0 0 1 
13001298760021;0.886722;0.954266;0.893165 -0.332413 -0.302917 0.827471 0.391956 0.905628 0.16189 -2.4542 0.220515 -0.263325 0.939166 -1.16334 0 0 0 1 
13001298760022;0.59893;0.353228;0.957499 0.251746 -0.140784 0.324029 -0.206874 0.939505 0.273009 0.18497 0.200996 -0.232282 0.951654 -0.979665 0 0 0 1 
13001298760023;0.367247;0.253756;0.995205 0.089479 0.0395154 -0.0642522 -0.0903105 0.995717 0.0197811 -0.16683 -0.0375762 -0.0232549 0.999023 -0.111882 0 0 0 1 
13001298760024;0.0968236;0.381744;0.977906 0.204911 0.0413618 0.203799 -0.206958 0.97689 0.0534335 0.309364 -0.0294568 -0.0608131 0.997714 0.0667685 0 0 0 1 
13001298760025;0.689632;0.552399;0.98045 0.111097 0.162402 -0.191861 -0.0836417 0.98239 -0.167077 0.263829 -0.178104 0.150227 0.972477 0.791027 0 0 0 1 
13001298760026;0.452516;1.0435;0.984552 -0.164471 0.0600543 -0.0740671 0.160914 0.985146 0.0599447 -1.17566 -0.0690214 -0.0493551 0.996394 0.233251 0 0 0 1 
13001298760027;0.353163;1.23887;0.907316 -0.31942 0.273401 0.164807 0.2318 0.92253 0.308555 -2.13235 -0.350779 -0.216583 0.911068 0.810071 0 0 0 1 
13001298760028;0.770166;0.517314;0.998911 -0.0257291 0.0389088 -0.281353 0.0281059 0.997691 -0.0618249 0.0318808 -0.0372283 0.0628512 0.997328 -0.199632 0 0 0 1 
13001298760029;0.444231;0.372766;0.910616 0.380104 0.162172 0.575085 -0.395984 0.914827 0.0793005 0.54597 -0.118216 -0.13643 0.983571 0.506992 0 0 0 1 
13001298760031;1.0814;0.585929;0.986385 0.0860377 0.140152 -0.0750472 -0.0753651 0.993961 -0.0797639 0.611089 -0.146168 0.0681154 0.986912 0.73696 0 0 0 1 
13001298760032;0.762366;0.161796;0.976432 -0.194571 -0.093397 -0.621308 0.197589 0.979988 0.0241351 -0.589974 0.0868319 -0.0420204 0.995336 -0.805833 0 0 0 1 
13001298760033;0.562268;0.130067;0.970646 -0.217295 -0.103096 -0.621176 0.207328 0.973222 -0.099268 -0.635558 0.121906 0.0749794 0.989706 0.0995112 0 0 0 1 
13001298760034;0.913227;0.194718;0.983514 -0.166958 -0.0694658 -0.555133 0.136118 0.93641 -0.323431 -0.211243 0.119048 0.308643 0.943699 0.760813 0 0 0 1 
13001298760035;0.190074;0.172377;0.987342 0.113686 -0.110595 0.262206 -0.106043 0.9917 0.0727104 0.353312 0.117943 -0.0600623 0.991202 -0.537666 0 0 0 1 
13001298760036;1.3176;0.290383;0.989487 -0.139842 -0.0368677 -0.925118 0.144266 0.972286 0.183978 -0.087838 0.0101181 -0.187363 0.982239 -0.41001 0 0 0 1 
13001298760037;0.408209;0.185794;0.992566 0.109331 -0.0534731 0.0313809 -0.115391 0.985061 -0.127827 0.697056 0.0386988 0.133047 0.990354 0.0571544 0 0 0 1 
13001298760038;0.799177;0.206324;0.999843 -0.00747532 -0.016039 0.361874 0.0099753 0.986749 0.161947 -0.33692 0.0146159 -0.162081 0.986669 -0.310448 0 0 0 1 
13001298760039;0.512139;0.158392;0.999791 0.0139465 -0.0149652 -0.0203594 -0.0140582 0.999874 -0.00738434 0.0952632 0.0148603 0.00759318 0.999861 0.345886 0 0 0 1 
13001298760040;0.790161;0.148183;0.999999 -0.000303971 -0.00162436 0.121458 0.000288788 0.999956 -0.00933917 0.259293 0.00162713 0.00933869 0.999955 -0.452808 0 0 0 1 
13001298760041;0.304867;0.147945;0.985489 -0.119156 0.12089 -0.321364 0.126964 0.990147 -0.0590629 -0.12339 -0.112661 0.0735544 0.990907 0.445713 0 0 0 1 
13001298760042;0.323258;0.205688;0.998104 0.0610462 -0.0079162 0.100188 -0.0605719 0.996889 0.050433 0.0615993 0.0109703 -0.0498578 0.998696 -0.0568083 0 0 0 1 
13001298760043;1.1294;0.216924;0.949252 -0.308401 -0.0617146 -0.581138 0.312738 0.904711 0.289296 -1.86778 -0.0333851 -0.293915 0.955248 -0.809955 0 0 0 1 
13001298760044;0.672602;0.130545;0.989401 -0.0789087 0.121895 -0.595478 0.0829796 0.996138 -0.028681 -0.0639747 -0.119161 0.0384918 0.992128 0.143748 0 0 0 1 
13001298760045;0.603165;0.326674;0.985648 0.128359 0.109646 0.26795 -0.130132 0.991455 0.00913472 0.415599 -0.107536 -0.023272 0.993929 0.0465556 0 0 0 1 
13001298760046;0.435224;0.173592;0.904423 0.102628 -0.41411 0.71453 -0.126124 0.991569 -0.0297183 0.54204 0.407569 0.079107 0.909742 -1.00512 0 0 0 1 
13001298760047;1.03472;0.180919;0.998634 -0.0313173 0.0418248 -0.322233 0.0198181 0.967684 0.251387 -0.486453 -0.0483459 -0.250215 0.966982 -0.985226 0 0 0 1 
13001298760048;1.38851;0.193693;0.994468 0.0736334 0.0749157 0.169265 -0.0990349 0.894978 0.434979 -0.733107 -0.0350188 -0.439992 0.897319 -1.36071 0 0 0 1 
13001298760049;0.308211;0.21942;0.989439 0.129113 -0.0658752 0.09027 -0.120288 0.984986 0.123824 0.288229 0.0808736 -0.114592 0.990115 -0.472247 0 0 0 1 
13001298760050;0.383404;0.144345;0.998385 -0.0554833 0.0122152 -0.454773 0.0555808 0.998424 -0.00779444 -0.239541 -0.0117635 0.00846078 0.999895 0.13989 0 0 0 1 
13001298760051;1.39486;0.162247;0.913487 -0.384797 0.132189 -1.62778 0.39353 0.918116 -0.0468752 -1.44164 -0.103328 0.0948402 0.990116 0.601136 0 0 0 1 
13001298760052;0.390791;0.204268;0.999979 -0.00605511 -0.00224915 -0.316552 0.00608432 0.999894 0.0132153 -0.0754151 0.00216889 -0.0132287 0.99991 -0.0705837 0 0 0 1 
13001298760053;0.738841;0.715963;0.990942 0.13429 8.61519e-05 0.279425 -0.13314 0.982372 0.131224 0.380472 0.0175375 -0.130047 0.991353 -0.111078 0 0 0 1 
13001298760054;0.290741;0.151483;0.986406 -0.164182 -0.00695943 -0.472623 0.1641 0.986382 -0.0110658 -0.398769 0.00868146 0.00977331 0.999915 -0.129661 0 0 0 1 
13001298760055;0.983527;0.626407;0.978123 0.171973 0.117053 -0.360182 -0.15307 0.976008 -0.154848 1.05639 -0.140874 0.133544 0.980979 0.947004 0 0 0 1 
13001298760056;0.893456;0.14579;0.985827 -0.167172 -0.0141029 0.216871 0.166899 0.985796 -0.0187538 -0.687355 0.0170377 0.0161342 0.999725 -0.216146 0 0 0 1 
13001298760057;1.32906;0.179885;0.996077 0.0743073 0.0480422 0.535439 -0.0746942 0.997187 0.00630708 0.900412 -0.0474384 -0.00987081 0.998825 -0.430332 0 0 0 1 
13001298760058;1.04418;0.555371;0.977311 -0.152798 0.146684 -0.776577 0.149467 0.988198 0.0335349 -0.492392 -0.150077 -0.0108496 0.988615 -0.203379 0 0 0 1 
13001298760059;1.02726;0.181301;0.994797 0.0842533 -0.0572687 0.547357 -0.0690528 0.970975 0.228996 -0.023763 0.0749002 -0.22385 0.971741 -1.2385 0 0 0 1 
13001298760060;1.18019;0.607609;0.989529 -0.137564 -0.0436871 -0.366028 0.143119 0.974368 0.173561 -1.30232 0.0186916 -0.177996 0.983854 -0.22412 0 0 0 1 
13001298760062;0.42647;0.865137;0.991695 -0.128383 -0.00768767 -0.297758 0.128569 0.988021 0.0853447 -0.0811036 -0.00336124 -0.0856243 0.996322 0.0285756 0 0 0 1 
13001298760063;0.820769;0.846558;0.977769 -0.208015 0.0264213 -0.0606301 0.207425 0.97797 0.0234318 -0.167745 -0.0307134 -0.0174304 0.999376 0.633602 0 0 0 1 
13001298760064;0.637796;0.818353;0.998565 0.0526477 -0.0098506 0.223173 -0.0530179 0.997705 -0.0421265 0.794181 0.00761013 0.0425883 0.999064 0.50489 0 0 0 1 
13001298760065;1.32441;0.942634;0.949589 -0.231864 -0.211 -0.0159684 0.295265 0.887658 0.353386 -1.05216 0.105358 -0.397872 0.911371 -2.21281 0 0 0 1 
13001298760066;0.832986;0.781511;0.945452 -0.325759 -0.00118816 -0.438986 0.325271 0.944222 -0.0514082 -0.28515 0.0178686 0.0482175 0.998677 0.314796 0 0 0 1 
13001298760067;0.500971;0.922567;0.913657 -0.40648 0.002127 -0.557411 0.405185 0.910302 -0.0847115 -0.947842 0.0324973 0.078259 0.996403 -0.205715 0 0 0 1 
13001298760068;1.1413;0.775511;0.94284 -0.287183 0.169052 -0.706771 0.26363 0.953084 0.148764 -0.0337478 -0.203843 -0.0956933 0.974316 0.819183 0 0 0 1 
13001298760069;0.277143;0.877416;0.981531 -0.117791 -0.150741 0.049324 0.146443 0.969636 0.195858 -0.169234 0.123094 -0.214316 0.968977 -0.99233 0 0 0 1 
13001298760070;1.31041;0.845283;0.977279 -0.207275 0.0443077 -0.383469 0.209442 0.976457 -0.0516308 -0.24122 -0.0325628 0.0597375 0.997683 -0.584221 0 0 0 1 
13001298760071;0.311671;0.921949;0.846228 -0.490616 -0.207833 -0.399544 0.517339 0.849902 0.100132 -1.80817 0.127512 -0.192255 0.973026 -0.973133 0 0 0 1 
13001298760072;0.364438;0.837113;0.932499 -0.359727 0.0322959 -0.520278 0.360971 0.931234 -0.0500285 -0.716487 -0.0120785 0.0583094 0.998225 0.376613 0 0 0 1 
13001298760073;1.33186;0.918515;0.857756 -0.422102 0.293403 -0.801879 0.488256 0.847521 -0.208122 -0.784015 -0.160816 0.321774 0.933059 0.998799 0 0 0 1 
13001298760074;0.375476;1.07949;0.836429 -0.389341 -0.385747 0.0413689 0.32454 0.919002 -0.223852 -0.557583 0.441657 0.0620455 0.895036 -1.35005 0 0 0 1 
13001298760075;0.892832;0.916025;0.962643 -0.201345 0.181047 -0.204678 0.225075 0.966718 -0.121642 -0.343474 -0.150529 0.157847 0.975923 1.63569 0 0 0 1 
13001298760076;0.49285;0.949857;0.934202 -0.355553 0.0291432 -0.757701 0.356736 0.930483 -0.083315 -0.769291 0.00250566 0.0882294 0.996097 0.11292 0 0 0 1 
13001298760077;1.25077;0.765874;0.987195 -0.157851 -0.0230017 -0.532984 0.158136 0.987355 0.0111293 0.212531 0.020954 -0.0146242 0.999673 0.630756 0 0 0 1 
13001298760078;0.873453;0.951866;0.976803 -0.136458 -0.165029 -0.0537204 0.147414 0.987488 0.0560107 0.302088 0.155321 -0.079039 0.984697 -1.20374 0 0 0 1 
13001298760079;0.135451;0.832449;0.979292 -0.193058 -0.060963 -0.109278 0.190838 0.98079 -0.040402 -0.229159 0.0675918 0.0279313 0.997322 -0.148732 0 0 0 1 
13001298760080;0.477523;1.01139;0.875736 -0.448153 0.179572 -0.421223 0.40891 0.886248 0.217614 -1.58404 -0.25667 -0.117144 0.959374 0.753978 0 0 0 1 
13001298760081;0.486196;0.884417;0.943678 0.0090404 -0.330741 0.657251 0.00875655 0.998594 0.0522797 0.338833 0.330749 -0.0522313 0.942272 -1.25132 0 0 0 1 
13001298760082;0.60999;1.88582;0.889806 0.451345 -0.0673218 0.873614 -0.455706 0.871089 -0.183127 1.96685 -0.0240102 0.193627 0.980781 0.47594 0 0 0 1 
13001298760083;0.578912;1.04625;0.864668 -0.502207 -0.0116707 -0.369295 0.48161 0.822152 0.303509 -1.91032 -0.14283 -0.268056 0.952757 -0.148671 0 0 0 1 
13001298760084;0.295038;0.74083;0.998845 0.0440634 0.0191605 0.348841 -0.0430617 0.997827 -0.0498766 0.573756 -0.0213166 0.0489939 0.998572 0.217174 0 0 0 1 
13001298760085;0.331689;0.823968;0.99056 -0.131715 -0.0379613 -0.132929 0.136176 0.977259 0.162548 -0.24937 0.015688 -0.166183 0.98597 -0.382738 0 0 0 1 
13001298760086;0.698459;0.876013;0.965883 -0.258625 0.0135278 -0.639154 0.258974 0.964828 -0.0451477 -0.673223 -0.00137568 0.0471108 0.998889 0.566532 0 0 0 1 
13001298760087;0.67213;0.906909;0.869053 -0.348231 -0.3514 0.129413 0.334481 0.936944 -0.101283 -0.687139 0.364512 -0.0295162 0.930731 -1.67733 0 0 0 1 
13001298760088;0.268562;0.820642;0.898374 -0.332288 -0.287243 -0.159698 0.325381 0.942764 -0.0729538 -0.79722 0.295044 -0.0279237 0.955075 -1.01201 0 0 0 1 
13001298760089;1.15866;0.817844;0.822306 -0.474189 0.314576 -1.10613 0.521698 0.848988 -0.0839682 -1.65292 -0.227255 0.233161 0.945511 1.96437 0 0 0 1 
13001298760090;0.714198;0.880897;0.9753 -0.219276 -0.026586 -0.507991 0.220534 0.973441 0.0614632 -0.418092 0.0124025 -0.0658082 0.997755 0.265116 0 0 0 1 
13001298760091;1.1529;0.898812;0.98095 -0.185629 -0.0572691 -0.316338 0.182248 0.981449 -0.0595246 -0.396946 0.0672562 0.0479535 0.996583 -0.795867 0 0 0 1 
13001298760093;1.04775;0.40952;0.904416 -0.335826 0.263157 -0.790989 0.303169 0.93984 0.157444 -1.25588 -0.300199 -0.0626142 0.951819 0.0652373 0 0 0 1 
13001298760094;1.11373;0.248335;0.989789 -0.142385 0.00665507 -0.215391 0.140891 0.984349 0.105865 -0.974737 -0.0216246 -0.103847 0.994358 -1.13291 0 0 0 1 
13001298760095;0.293853;0.255199;0.991493 0.0739791 0.107092 0.31572 -0.051583 0.978735 -0.198537 0.0390278 -0.119503 0.191323 0.974225 1.13464 0 0 0 1 
13001298760096;0.895384;0.2002;0.995768 -0.0888995 0.0233021 0.51587 0.0885973 0.995973 0.0136977 -0.764934 -0.024426 -0.0115752 0.999635 0.144752 0 0 0 1 
13001298760097;0.339617;0.244592;0.989102 -0.136682 -0.0547341 -0.0835748 0.140338 0.987649 0.069682 -0.656491 0.0445338 -0.0766038 0.996067 -0.564842 0 0 0 1 
13001298760098;0.188558;0.372797;0.989065 -0.0501932 -0.138678 0.280001 0.0442338 0.997974 -0.0457277 -0.238119 0.140692 0.0390934 0.989281 -0.493264 0 0 0 1 
13001298760099;0.958706;0.460907;0.969456 0.17475 0.172097 0.396771 -0.207298 0.958819 0.194149 -0.550637 -0.131082 -0.223894 0.965758 -0.157964 0 0 0 1 
13001298760100;0.754489;0.302196;0.978186 0.0847566 -0.189656 0.261102 -0.130628 0.960852 -0.244337 0.195426 0.161522 0.263781 0.950963 0.754776 0 0 0 1 
13001298760101;0.427244;0.239064;0.979659 0.189595 0.0657369 0.897069 -0.19036 0.981699 0.00552495 0.342019 -0.0634863 -0.0179263 0.997822 -0.0708006 0 0 0 1 
13001298760102;0.55757;0.43431;0.994793 0.0904803 -0.0469107 0.496329 -0.0898955 0.995847 0.0144326 0.161385 0.0480217 -0.0101404 0.998795 0.00523845 0 0 0 1 
13001298760103;0.502682;0.331368;0.997182 -0.0669825 -0.0337966 0.110031 0.0686585 0.996329 0.0511418 0.0248204 0.0302469 -0.0533181 0.998119 -0.136299 0 0 0 1 
13001298760104;0.301846;0.199492;0.915368 -0.401872 -0.0245123 -0.760457 0.401859 0.915684 -0.00567488 -1.491 0.0247261 -0.00465587 0.999683 -0.0522939 0 0 0 1 
13001298760105;0.905526;0.242671;0.973656 0.162971 -0.159479 0.909849 -0.177926 0.980419 -0.0843907 0.41845 0.142603 0.110543 0.983588 -0.787232 0 0 0 1 
13001298760106;0.994487;0.215202;0.933081 -0.358202 -0.0324229 -0.831529 0.351112 0.926725 -0.133796 -2.01957 0.077973 0.113458 0.990478 0.595508 0 0 0 1 
13001298760107;0.0362635;0.171678;0.994722 -0.100698 -0.0197212 -0.198597 0.101159 0.994581 0.0239838 -0.414343 0.0171992 -0.0258522 0.999518 -0.126365 0 0 0 1 
13001298760108;1.01768;0.293253;0.955598 -0.246998 -0.160702 -0.179379 0.258223 0.964639 0.0528513 -1.06548 0.141965 -0.0920014 0.985587 -1.4977 0 0 0 1 
13001298760109;0.830454;0.229945;0.969408 -0.225847 -0.096127 -0.16725 0.218589 0.972495 -0.080446 -0.711353 0.111651 0.0569727 0.992113 -0.76633 0 0 0 1 
13001298760110;0.923517;0.525358;0.987931 -0.153602 -0.01997 -0.479297 0.147582 0.972582 -0.179734 -0.504698 0.0470299 0.174618 0.983513 0.832958 0 0 0 1 
13001298760111;0.26829;0.238503;0.922898 -0.385043 -0.000607007 -0.764937 0.384176 0.920924 -0.0656349 -1.40944 0.0258312 0.0603411 0.997844 0.136184 0 0 0 1 
13001298760112;0.495558;0.450882;0.97971 0.105204 -0.170591 0.700293 -0.0850074 0.988924 0.121669 0.407201 0.181502 -0.104699 0.977801 -0.935179 0 0 0 1 
13001298760113;0.269314;0.221237;0.993528 0.112029 -0.0187635 0.471439 -0.112217 0.99364 -0.00929035 0.235859 0.0176034 0.0113358 0.999781 -0.144577 0 0 0 1 
13001298760114;0.734561;0.265998;0.914127 -0.405425 -0.00176045 -1.00728 0.405365 0.913897 0.0217298 -1.05807 -0.00720096 -0.0205775 0.999762 0.0201303 0 0 0 1 
13001298760115;0.321726;0.180902;0.993966 -0.10914 -0.0109549 -0.233933 0.10857 0.993137 -0.043491 -0.443833 0.0156263 0.0420392 0.998994 -0.187699 0 0 0 1 
13001298760116;1.15818;0.233277;0.979695 0.183167 -0.081538 1.57665 -0.193427 0.970498 -0.143943 0.620378 0.0527668 0.156792 0.986221 0.814004 0 0 0 1 
13001298760117;0.977589;0.347425;0.969281 -0.195056 -0.149827 -0.337311 0.165714 0.968046 -0.188218 -0.830289 0.181752 0.157608 0.970632 0.585823 0 0 0 1 
13001298760118;0.349631;0.232207;0.959438 0.273262 0.0693271 0.954893 -0.272006 0.961913 -0.0271306 0.523547 -0.0741004 0.00717268 0.997225 0.217532 0 0 0 1 
13001298760119;0.966956;0.397038;0.871463 -0.4122 -0.265789 -0.170645 0.391678 0.911058 -0.128694 -1.15632 0.295197 0.00804812 0.955403 -1.62418 0 0 0 1 
13001298760120;0.820899;0.210711;0.996825 0.0747837 0.0273314 0.706385 -0.0764204 0.99497 0.0647723 -0.012614 -0.02235 -0.0666554 0.997526 0.40736 0 0 0 1 
13001298760121;0.247186;0.217383;0.992518 -0.12153 0.0117973 -0.191347 0.120728 0.991214 0.0540418 -0.368442 -0.0182614 -0.0522131 0.998469 0.0684492 0 0 0 1 
13001298760122;0.958553;0.148184;0.998352 0.0323761 -0.0473843 0.434792 -0.0267532 0.993025 0.11483 -0.800482 0.0507715 -0.113373 0.992254 -0.175814 0 0 0 1 
13001298760124;1.10954;0.136428;0.884826 -0.465771 0.0118668 -0.625009 0.464318 0.883604 0.0604428 -3.24923 -0.038638 -0.0479713 0.998101 -0.35005 0 0 0 1 
13001298760125;0.573277;0.0858277;0.940218 0.0231057 -0.339789 0.654015 0.0960321 0.939226 0.329595 -0.774626 0.326754 -0.342522 0.880858 -2.85014 0 0 0 1 
13001298760126;0.254431;0.0877815;0.956477 0.223412 -0.187718 1.00646 -0.215853 0.974577 0.0600571 0.936529 0.196363 -0.0169238 0.980385 -0.819219 0 0 0 1 
13001298760127;0.992788;0.0931949;0.914195 -0.3504 -0.203634 -0.653717 0.353991 0.93504 -0.0197466 -2.65859 0.197325 -0.0540323 0.978848 -1.16509 0 0 0 1 
13001298760128;0.0799235;0.123162;0.999639 0.0266161 -0.00354944 0.091357 -0.0267802 0.99787 -0.0594828 0.166325 0.00195868 0.0595565 0.998223 0.280548 0 0 0 1 
13001298760129;0.127861;0.123463;0.997839 -0.0348219 -0.0557154 -0.00579874 0.0330423 0.998924 -0.0325495 0.0020227 0.0567889 0.0306382 0.997916 -0.0809071 0 0 0 1 
13001298760130;0.557579;0.143329;0.965043 -0.237265 -0.111347 -0.668695 0.231498 0.970837 -0.0623306 -1.2646 0.122888 0.0343752 0.991825 0.051189 0 0 0 1 
13001298760131;0.697726;0.104516;0.984819 -0.172275 -0.021287 0.0217221 0.167024 0.97384 -0.154071 -1.14565 0.0472727 0.148177 0.98783 0.39629 0 0 0 1 
13001298760132;0.915785;0.100132;0.974337 0.0065942 0.224999 0.0299236 -0.00504896 0.99996 -0.00744247 0.185085 -0.225039 0.00611545 0.97433 0.292079 0 0 0 1 
13001298760133;0.526097;0.131891;0.992306 0.0997621 0.0733222 0.257968 -0.0995295 0.995011 -0.0068294 0.56805 -0.0736378 -0.000520872 0.997285 0.885689 0 0 0 1 
13001298760134;0.640051;0.123367;0.991789 -0.0338201 -0.123329 0.209029 0.0269445 0.998011 -0.0569983 0.0865268 0.125011 0.0532073 0.990728 0.212292 0 0 0 1 
13001298760135;0.744448;0.104729;0.89372 0.422325 -0.151348 2.01036 -0.429938 0.902635 -0.0200822 1.88693 0.128131 0.0830181 0.988277 0.268633 0 0 0 1 
13001298760136;0.470128;0.10338;0.994959 0.0864554 -0.0508237 -0.0100155 -0.0877699 0.995846 -0.0242244 0.425635 0.0485183 0.028563 0.998414 -0.358497 0 0 0 1 
13001298760137;0.306436;0.122383;0.96484 0.0599556 0.255909 0.114615 0.00271184 0.971313 -0.237788 0.0312587 -0.262825 0.230121 0.936999 2.15066 0 0 0 1 
13001298760138;0.926249;0.127414;0.999185 -0.0168274 -0.0366888 -0.427629 0.0139821 0.996973 -0.0764754 -0.369195 0.0378646 0.0759001 0.996396 -0.538997 0 0 0 1 
13001298760139;0.738974;0.128274;0.970596 0.240006 -0.018457 0.823887 -0.240698 0.966783 -0.0859942 1.26729 -0.00279519 0.0879082 0.996125 0.995633 0 0 0 1 
13001298760140;1.02616;0.108141;0.987136 0.12931 -0.0940251 0.184868 -0.131146 0.99127 -0.0135913 0.476923 0.0914468 0.0257475 0.995477 -1.14247 0 0 0 1 
13001298760141;0.897713;0.138987;0.942378 -0.255568 0.215889 -0.854277 0.289541 0.94633 -0.143617 -1.79004 -0.167598 0.19785 0.965798 2.07974 0 0 0 1 
13001298760142;0.158181;0.120944;0.998848 0.00152866 0.0479612 0.0017994 0.00432114 0.992566 -0.121629 0.21156 -0.0477906 0.121696 0.991416 0.695186 0 0 0 1 
13001298760143;0.631582;0.184256;0.969404 0.241519 -0.0438616 0.844707 -0.244457 0.933661 -0.261761 1.28567 -0.0222683 0.264475 0.964136 1.39099 0 0 0 1 
13001298760144;0.855274;0.101139;0.984893 -0.112756 -0.131421 0.477219 0.117321 0.992713 0.027502 -0.507997 0.127363 -0.042505 0.990945 -0.29455 0 0 0 1 
13001298760145;0.0426315;0.118443;0.998854 -0.0417651 -0.0233625 -0.132597 0.040214 0.997182 -0.0633256 -0.100082 0.0259414 0.0623135 0.997719 0.193606 0 0 0 1 
13001298760146;0.950154;0.0952839;0.994428 0.0109352 -0.104851 0.111298 -0.0107445 0.999939 0.00238374 -0.0131259 0.104871 -0.00124388 0.994485 0.450945 0 0 0 1 
13001298760147;0.397392;0.102078;0.95675 0.058832 -0.284899 0.562457 -0.135184 0.957088 -0.256335 0.756211 0.257593 0.283763 0.923647 -0.221578 0 0 0 1 
13001298760148;0.554781;0.124331;0.996071 -0.0858293 0.0218287 -0.272584 0.0884987 0.973942 -0.208817 -0.469977 -0.00333729 0.209928 0.977711 0.25309 0 0 0 1 
13001298760149;0.73823;0.0936079;0.998629 -0.0438627 -0.0285742 -0.0716383 0.0422633 0.997627 -0.0543611 0.187856 0.0308909 0.0530789 0.998112 0.690819 0 0 0 1 
13001298760150;0.886242;0.134082;0.969748 -0.244104 0.00130241 -0.299477 0.243977 0.969043 -0.0378151 -1.54533 0.0079687 0.0369889 0.999284 -0.432567 0 0 0 1 
13001298760151;1.10427;0.271777;0.965047 0.217531 0.146167 1.37518 -0.239838 0.957879 0.15794 1.4272 -0.105653 -0.187476 0.976571 0.0782282 0 0 0 1 
13001298760152;0.722566;0.0896943;0.955674 0.207919 0.208462 0.263425 -0.138133 0.941896 -0.306188 0.477851 -0.260012 0.263821 0.928866 2.34325 0 0 0 1 
13001298760153;0.343462;0.157405;0.979684 0.180397 -0.0876189 0.698618 -0.192655 0.967923 -0.161272 0.928372 0.0557154 0.174876 0.983013 0.305878 0 0 0 1 
13001298760155;0.0682714;0.187383;0.995931 0.0866953 -0.0246068 -0.110685 -0.0860834 0.995976 0.0249266 0.240302 0.0266688 -0.022707 0.999386 0.027667 0 0 0 1 
13001298760156;0.228778;0.281046;0.999982 -0.00518902 -0.00288058 -0.215611 0.00475501 0.990923 -0.134346 0.174495 0.00355156 0.13433 0.99093 0.0959989 0 0 0 1 
13001298760157;0.606065;0.278376;0.991364 0.1279 -0.0289765 -0.659716 -0.129674 0.989004 -0.0711072 -0.0397624 0.0195632 0.0742506 0.997048 0.300457 0 0 0 1 
13001298760158;0.344682;0.374283;0.940985 0.0450734 -0.335432 0.219753 -0.0602592 0.997569 -0.0349972 0.21053 0.333039 0.0531447 0.941414 -1.32407 0 0 0 1 
13001298760159;0.780294;0.569609;0.989644 0.0917684 -0.11038 0.360256 -0.0824594 0.992865 0.0861403 0.0949612 0.117497 -0.0761464 0.99015 -0.826006 0 0 0 1 
13001298760160;0.374691;0.30954;0.983836 0.0817617 -0.159315 -0.197132 -0.028956 0.950607 0.309044 -0.12232 0.176714 -0.299436 0.937609 -0.333815 0 0 0 1 
13001298760161;0.829311;0.303078;0.949885 0.0712018 0.304383 -0.931164 -0.100345 0.991635 0.0811814 0.188281 -0.296056 -0.107656 0.949084 1.43918 0 0 0 1 
13001298760162;0.477774;0.342514;0.97427 0.0439915 -0.22105 -0.312584 -0.0997677 0.963622 -0.247951 0.251653 0.202101 0.263624 0.943216 -0.398383 0 0 0 1 
13001298760163;0.737936;0.464131;0.992781 -0.00440357 0.119861 -0.0747331 0.0141844 0.996624 -0.0808711 -0.679184 -0.1191 0.0819874 0.989491 0.784376 0 0 0 1 
13001298760164;0.306679;0.267973;0.996464 0.0202919 -0.0815301 -0.180552 -0.0438721 0.953259 -0.298951 0.25451 0.0716531 0.301471 0.950779 -0.0771276 0 0 0 1 
13001298760165;0.655134;0.373478;0.99608 -0.0875686 -0.0125382 -0.513103 0.0881516 0.994424 0.0578757 -0.609044 0.00740015 -0.0587541 0.998245 -0.338767 0 0 0 1 
13001298760166;0.142166;0.321739;0.999223 0.0374779 0.0121804 -0.324816 -0.0370099 0.998644 -0.0366124 0.0688788 -0.013536 0.0361331 0.999255 0.0931781 0 0 0 1 
13001298760167;0.73402;1.11554;0.98516 -0.00889214 0.171407 -0.714944 0.0202999 0.997684 -0.064916 -0.627623 -0.170433 0.0674322 0.983059 1.17645 0 0 0 1 
13001298760168;0.457979;0.939502;0.985605 0.123543 0.115411 -0.79253 -0.0928235 0.965989 -0.241347 0.0904614 -0.141303 0.22716 0.963552 0.459247 0 0 0 1 
13001298760169;0.0971797;0.275966;0.995129 0.0609979 0.0774378 -0.323709 -0.0689543 0.992119 0.104616 0.14978 -0.0704461 -0.109446 0.991493 0.291527 0 0 0 1 
13001298760170;0.865636;1.13918;0.989284 -0.0953608 -0.110564 -1.32336 0.0791198 0.98656 -0.14297 -0.71217 0.122711 0.13269 0.983532 0.17686 0 0 0 1 
13001298760171;0.53187;0.309164;0.997258 -0.0735944 -0.00774004 -0.350709 0.0723393 0.94749 0.311496 -0.736949 -0.0155907 -0.311201 0.950216 0.499109 0 0 0 1 
13001298760172;0.399772;0.889956;0.963074 -0.104749 0.248025 -0.594351 0.0732022 0.988384 0.133183 -0.911743 -0.259094 -0.110109 0.959555 1.28147 0 0 0 1 
13001298760173;0.409814;0.899989;0.982136 0.132617 0.133499 -0.71173 -0.127689 0.990799 -0.0448658 -0.053742 -0.138221 0.027018 0.990033 0.556764 0 0 0 1 
13001298760174;0.230776;0.348417;0.983766 0.174287 -0.0427677 -0.193667 -0.174911 0.98452 -0.0112791 0.347596 0.0401398 0.0185765 0.999021 0.189887 0 0 0 1 
13001298760175;0.184973;0.334686;0.991322 0.0737042 -0.108851 -0.29288 -0.0828394 0.993189 -0.0819313 0.157529 0.102071 0.0902375 0.990676 -0.443827 0 0 0 1 
13001298760176;0.684651;1.03532;0.991707 -0.0787901 -0.10153 -0.704142 0.11076 0.924676 0.364289 -2.00026 0.0651804 -0.372514 0.925735 -0.714185 0 0 0 1 
13001298760177;0.712892;1.04831;0.998962 0.00233495 0.0454972 -0.761676 0.0135533 0.938235 -0.345734 -0.0290638 -0.0434943 0.345991 0.937229 0.060203 0 0 0 1 
13001298760178;0.372998;0.890583;0.991322 0.022085 0.129587 -0.861101 -0.00448277 0.990892 -0.134581 -0.277415 -0.131379 0.132832 0.982393 0.420376 0 0 0 1 
13001298760179;0.364497;0.430357;0.977999 0.152596 0.142243 -0.443278 -0.195135 0.910272 0.36514 0.307565 -0.0737607 -0.384863 0.920022 0.385833 0 0 0 1 
13001298760180;0.444705;0.391036;0.980018 0.157123 -0.121974 -0.218739 -0.06899 0.843647 0.532447 -0.0168679 0.186563 -0.513392 0.837629 -0.918829 0 0 0 1 
13001298760181;0.327893;0.356169;0.995392 -0.0787988 0.0546397 -0.379555 0.0754741 0.995314 0.0604538 -0.548973 -0.0591474 -0.0560513 0.996674 0.0888391 0 0 0 1 
13001298760182;0.549357;0.326758;0.9968 0.0706711 -0.037362 -0.126755 -0.0684316 0.995959 0.058159 -0.438158 0.0413212 -0.0554161 0.997608 0.311042 0 0 0 1 
13001298760183;0.363905;0.342886;0.981176 0.018781 -0.192203 -0.145038 0.0288454 0.969842 0.242021 -0.431594 0.190952 -0.243009 0.951044 -0.415125 0 0 0 1 
13001298760184;0.185151;0.298603;0.9816 0.167638 -0.0914245 -0.11357 -0.16288 0.984982 0.0572814 0.259571 0.099654 -0.0413362 0.994163 -0.294834 0 0 0 1 
13001298760186;0.752269;0.486909;0.986126 -0.165825 -0.0076269 -0.36033 0.165785 0.986146 -0.00568772 -0.530456 0.0084644 0.00434438 0.999955 0.413688 0 0 0 1 
13001298760187;1.11885;0.518654;0.84331 -0.532233 0.0745334 -0.42336 0.534295 0.845244 -0.00952484 -2.48209 -0.0579295 0.0478553 0.997173 0.533599 0 0 0 1 
13001298760188;1.47853;0.601322;0.979765 -0.199496 0.0162093 -0.460835 0.190087 0.902069 -0.387478 -0.495752 0.0626785 0.382718 0.921737 0.00698308 0 0 0 1 
13001298760189;0.694353;0.625254;0.999427 0.0288185 0.0177303 0.354866 -0.0285344 0.999464 -0.0160744 -0.560128 -0.018184 0.0155593 0.999714 -0.126022 0 0 0 1 
13001298760190;1.04867;0.549297;0.92803 -0.331187 -0.170515 -0.527688 0.336532 0.941668 0.00260597 -1.99893 0.159705 -0.0598022 0.985352 -0.706711 0 0 0 1 
13001298760191;0.608395;0.528356;0.999884 -0.0150133 -0.0024345 -0.0663741 0.0149541 0.999629 -0.0227479 -0.334562 0.00277512 0.0227089 0.999738 -0.310936 0 0 0 1 
13001298760192;0.728377;0.561369;0.971084 -0.232933 0.0523291 -0.455595 0.233167 0.972435 0.00167558 -0.712197 -0.0512769 0.0105743 0.998628 0.546248 0 0 0 1 
13001298760193;0.223967;0.486841;0.969949 -0.237749 0.0517222 -0.495619 0.235824 0.970944 0.0406727 -0.880843 -0.0598893 -0.0272531 0.997833 0.0389759 0 0 0 1 
13001298760194;0.894476;0.5525;0.99175 -0.112703 0.0610732 -0.278033 0.118735 0.987218 -0.106311 -0.664902 -0.048311 0.112685 0.992456 -0.0784006 0 0 0 1 
13001298760195;0.58478;0.764869;0.994348 0.105722 -0.00971271 0.438427 -0.105809 0.994347 -0.00891381 -0.0872846 0.00871541 0.00989113 0.999913 0.236451 0 0 0 1 
13001298760196;0.904607;0.505367;0.984932 -0.172278 0.0151402 -0.694828 0.172252 0.985048 0.00301773 -0.438289 -0.0154337 -0.000364332 0.999881 -0.31518 0 0 0 1 
13001298760197;0.286883;0.366588;0.961381 -0.274335 -0.0220734 -0.513811 0.274688 0.961417 0.0149502 -1.18031 0.0171204 -0.0204361 0.999645 -0.0306367 0 0 0 1 
13001298760198;1.24998;1.29473;0.980321 0.194139 0.0357874 0.373036 -0.194486 0.980884 0.00644853 0.141801 -0.0338513 -0.0132818 0.999339 -0.415419 0 0 0 1 
13001298760199;1.55468;0.611974;0.949861 -0.144808 -0.277118 0.262417 0.132352 0.989183 -0.0632418 -0.544163 0.283278 0.0233938 0.958752 -1.54376 0 0 0 1 
13001298760200;0.663257;0.452439;0.98888 -0.141073 0.0470648 -0.533955 0.14117 0.989985 0.00127153 -1.03699 -0.0467728 0.00538675 0.998891 0.0749424 0 0 0 1 
13001298760201;0.427557;0.724855;0.999407 0.0238919 0.0248025 0.0336247 -0.0257044 0.996812 0.0755351 -0.446287 -0.0229188 -0.0761278 0.996835 -0.318049 0 0 0 1 
13001298760202;1.14516;1.41685;0.944004 -0.307082 -0.120652 -0.366278 0.329071 0.90275 0.277046 -2.39218 0.0238425 -0.301236 0.953252 -1.48886 0 0 0 1 
13001298760203;0.345194;0.823121;0.998226 0.00596189 -0.0592391 0.129424 -0.00113091 0.996693 0.0812514 -0.449481 0.0595277 -0.0810403 0.994932 -0.248873 0 0 0 1 
13001298760204;0.987501;0.541522;0.954259 -0.298894 0.00723171 -0.807152 0.298579 0.95395 0.0288156 -0.928377 -0.0155115 -0.0253383 0.999559 -0.539999 0 0 0 1 
13001298760205;1.27725;1.23513;0.893711 -0.41873 0.161076 -0.170779 0.431506 0.900545 -0.0531203 -2.09128 -0.122813 0.116979 0.985511 1.00406 0 0 0 1 
13001298760206;0.732057;0.695008;0.995562 0.042976 0.0837182 0.0213439 -0.0181313 0.96056 -0.27748 -0.249467 -0.0923414 0.274731 0.957077 1.32511 0 0 0 1 
13001298760207;0.280311;0.500248;0.941422 -0.309803 -0.133218 -0.488229 0.312234 0.950001 -0.00277714 -1.18785 0.127418 -0.0389808 0.991083 -0.347177 0 0 0 1 
13001298760208;0.976835;0.505137;0.991797 -0.127733 -0.00489671 -0.0623917 0.12773 0.991809 -0.000779021 -1.08521 0.0049561 0.000147173 0.999988 0.409758 0 0 0 1 
13001298760209;0.510095;0.383848;0.990148 -0.135449 -0.0355021 -0.0404078 0.134944 0.990719 -0.0162821 -0.685689 0.0373781 0.0113309 0.999237 -0.199206 0 0 0 1 
13001298760210;0.786915;0.599261;0.953295 -0.254808 0.16218 -0.651866 0.255484 0.966663 0.0170305 -0.667328 -0.161113 0.0251992 0.986614 0.262442 0 0 0 1 
13001298760211;0.331308;0.59028;0.988037 -0.133483 0.0772312 -0.289532 0.118221 0.977179 0.17648 -0.78147 -0.0990259 -0.165239 0.98127 0.00992362 0 0 0 1 
13001298760212;0.525518;0.455212;0.990855 -0.060406 0.120656 -0.423286 0.0588413 0.998131 0.0164926 -0.452507 -0.121427 -0.00924226 0.992557 0.140984 0 0 0 1 
13001298760213;1.26584;0.712641;0.971307 -0.228504 0.0659449 -0.0588967 0.235919 0.960796 -0.14565 -0.948097 -0.030078 0.157029 0.987136 1.1719 0 0 0 1 
13001298760214;1.19532;0.966831;0.977592 -0.0345636 0.207651 0.0976413 0.00779276 0.991694 0.128381 -0.144253 -0.210364 -0.123886 0.969742 0.5325 0 0 0 1 
13001298760215;0.473246;1.25576;0.996466 0.0764621 0.0347646 0.102101 -0.0784834 0.995043 0.0610659 -0.866769 -0.0299231 -0.0635786 0.997528 -0.0773339 0 0 0 1 
13001298760217;0.222897;0.105918;0.995632 -0.080954 -0.0465175 -0.135015 0.0837704 0.994543 0.0621758 -0.40908 0.0412303 -0.065801 0.996981 -0.211138 0 0 0 1 
13001298760218;0.56062;0.112583;0.975828 0.115396 0.185589 0.620045 -0.160444 0.954891 0.249882 0.206958 -0.148382 -0.273618 0.950324 -0.159527 0 0 0 1 
13001298760219;1.35156;0.0817277;0.99593 -0.0899303 0.00600579 -0.345062 0.089949 0.995942 -0.00290587 -0.0267424 -0.00572009 0.00343426 0.999978 0.96059 0 0 0 1 
13001298760220;0.477483;0.125665;0.917736 -0.208874 0.337835 -0.225777 0.164933 0.974167 0.154256 -0.572464 -0.361328 -0.085846 0.928479 1.36535 0 0 0 1 
13001298760221;0.489369;0.177149;0.952602 -0.116069 0.281206 -0.19117 0.0758312 0.985774 0.15 -0.46615 -0.294616 -0.121566 0.947852 1.0225 0 0 0 1 
13001298760222;1.04527;0.114155;0.997298 0.0583584 0.0446149 -0.209851 -0.0678451 0.964604 0.254827 -0.385503 -0.0281644 -0.257165 0.965957 -0.921779 0 0 0 1 
13001298760223;0.25956;0.113513;0.969829 0.109957 0.217581 0.234246 -0.126685 0.989847 0.0644442 0.467465 -0.208286 -0.0900641 0.973912 0.507136 0 0 0 1 
13001298760224;0.137794;0.0671421;0.999183 0.00583339 -0.0399823 0.0225079 -0.00600981 0.999973 -0.00429354 0.0464891 0.0399561 0.00453032 0.999191 -0.0257228 0 0 0 1 
13001298760225;1.05742;0.221846;0.918534 0.0120543 0.395158 -0.445274 0.0166048 0.997477 -0.0690254 -0.0919326 -0.394993 0.0699637 0.916016 1.80878 0 0 0 1 
13001298760226;1.15936;0.0792367;0.985955 0.166753 -0.00926963 -0.0692702 -0.166938 0.985645 -0.0252313 0.538878 0.00492916 0.0264244 0.999639 0.642052 0 0 0 1 
13001298760227;0.324156;0.0813775;0.93762 0.33382 -0.0971221 1.28085 -0.343573 0.932421 -0.112017 1.21327 0.053165 0.138398 0.988949 0.26165 0 0 0 1 
13001298760228;1.39459;0.0924471;0.939382 -0.108549 0.325235 -0.619677 0.213646 0.927216 -0.307614 0.0195315 -0.268172 0.358452 0.894201 1.80255 0 0 0 1 
13001298760229;0.664996;0.114127;0.969529 -0.0210341 0.244071 -0.20016 -0.0457475 0.963235 0.264735 0.128193 -0.240667 -0.267834 0.932923 0.562319 0 0 0 1 
13001298760230;0.977712;0.0909241;0.955375 -0.29456 0.0222126 -0.518344 0.290407 0.950343 0.111859 -1.56201 -0.0540589 -0.100417 0.993476 -0.599003 0 0 0 1 
13001298760231;0.367575;0.111329;0.891318 0.37715 0.251615 1.32425 -0.385669 0.922489 -0.0165437 1.26191 -0.238351 -0.0822944 0.967686 0.562457 0 0 0 1 
13001298760232;0.090517;0.0762765;0.995961 0.0520652 -0.0731536 0.233766 -0.0536952 0.998347 -0.0204939 0.267132 0.0719657 0.0243391 0.99711 -0.191325 0 0 0 1 
13001298760233;0.668099;0.0701132;0.971733 -0.235997 -0.00636059 -0.163206 0.236045 0.970745 0.0439974 -0.635038 -0.00420876 -0.0442551 0.999011 -0.0335411 0 0 0 1 
13001298760234;0.755306;0.138837;0.99137 0.125773 -0.0369739 0.277394 -0.118121 0.979329 0.164202 0.132709 0.0568617 -0.158417 0.985734 -0.15709 0 0 0 1 
13001298760235;0.973297;0.224488;0.997061 0.0635939 -0.0427331 0.266205 -0.0628831 0.997863 0.0177779 -0.305552 0.0437723 -0.0150385 0.998928 -0.411947 0 0 0 1 
13001298760236;0.97211;0.0843455;0.958993 -0.132791 -0.250397 0.17734 0.1803 0.967472 0.177456 -0.9546 0.218688 -0.215326 0.951741 -1.92685 0 0 0 1 
13001298760237;0.48343;0.159048;0.997869 0.0584892 0.0289158 0.183687 -0.05783 0.998058 -0.0231309 0.00293104 -0.0302125 0.0214094 0.999314 0.0234133 0 0 0 1 
13001298760238;0.245894;0.0788442;0.997853 0.0654839 0.00129593 0.212706 -0.0653041 0.99624 -0.0569346 0.187102 -0.00501936 0.0567277 0.998377 0.309479 0 0 0 1 
13001298760239;0.597612;0.0697746;0.936656 0.349549 -0.022147 1.29688 -0.345936 0.933161 0.0976695 1.01039 0.0548071 -0.0838213 0.994972 -0.763015 0 0 0 1 
13001298760240;0.379328;0.0474691;0.998411 -0.0546844 0.0135686 -0.116209 0.0536835 0.996404 0.0655565 -0.118498 -0.0171047 -0.064724 0.997757 0.150585 0 0 0 1 
13001298760241;0.905295;0.0749515;0.998657 -0.0330422 -0.0399135 0.512742 0.0401733 0.980245 0.193664 0.0362122 0.032726 -0.195007 0.980256 -0.77964 0 0 0 1 
13001298760242;0.886526;0.216905;0.933188 -0.310613 0.180773 -0.951124 0.291393 0.948363 0.125293 -1.1277 -0.210356 -0.0642458 0.975512 0.182601 0 0 0 1 
13001298760243;0.836676;0.0701889;0.950216 0.253117 0.181718 1.00043 -0.236947 0.965708 -0.106132 0.544577 -0.20235 0.057791 0.977607 0.455952 0 0 0 1 
13001298760244;1.22657;0.0962309;0.992184 0.124777 -0.00093032 0.968623 -0.124766 0.992158 0.00752032 0.663683 0.00186139 -0.00734547 0.999971 0.628081 0 0 0 1 
13001298760245;1.14759;0.19465;0.999698 -0.0229168 0.00883932 -0.709853 0.0236458 0.995307 -0.0938294 0.228535 -0.00664757 0.0940101 0.995549 0.105109 0 0 0 1 
13001298760246;0.304771;0.0886805;0.940593 0.274495 -0.199842 1.13936 -0.280896 0.959731 -0.0038386 0.973476 0.190741 0.0597453 0.979821 -0.621291 0 0 0 1 
13001298760248;0.0489943;0.590523;0.997312 -0.0732534 -0.00188049 -0.31714 0.0732748 0.997166 0.0170437 -0.720773 0.000626648 -0.0171357 0.999853 -0.169753 0 0 0 1 
13001298760249;0.420407;0.530332;0.992333 -0.109386 -0.0575254 -0.602981 0.111427 0.993206 0.0335538 -0.919285 0.0534643 -0.0397065 0.99778 -0.653363 0 0 0 1 
13001298760250;0.517589;1.06626;0.917833 -0.376887 0.124657 -1.37844 0.375211 0.926178 0.0375688 -2.06137 -0.129614 0.012291 0.991488 0.857721 0 0 0 1 
13001298760251;0.918817;0.926577;0.971838 -0.234986 -0.0176752 -0.367861 0.235377 0.964368 0.120794 -1.19229 -0.0113395 -0.121553 0.99252 -0.64846 0 0 0 1 
13001298760252;0.624083;0.595438;0.998438 -0.0483661 -0.0279656 -0.442217 0.0458583 0.995388 -0.0842609 -0.0668868 0.031912 0.0828468 0.996051 0.188972 0 0 0 1 
13001298760253;0.848575;0.485522;0.992569 0.0385419 0.115416 0.225866 -0.0379456 0.999253 -0.00736012 -0.205597 -0.115614 0.00292589 0.99329 0.837452 0 0 0 1 
13001298760254;0.316984;0.667452;0.976191 -0.183213 -0.116119 -0.497756 0.17441 0.981254 -0.0819913 -0.973252 0.128964 0.0597869 0.989845 -0.138663 0 0 0 1 
13001298760255;0.292142;1.01794;0.986118 -0.119554 -0.115233 -0.624545 0.114708 0.992247 -0.0478282 -1.09634 0.120057 0.0339461 0.992186 -0.3562 0 0 0 1 
13001298760256;0.288912;0.406364;0.998051 -0.0522943 -0.0340476 -0.230573 0.0525013 0.998607 0.00521332 -0.645753 0.0337276 -0.0069907 0.999407 -0.012011 0 0 0 1 
13001298760257;0.0896223;0.631755;0.982156 -0.149403 0.114234 -0.758728 0.145012 0.988366 0.04587 -0.926531 -0.119758 -0.0284862 0.992394 0.206207 0 0 0 1 
13001298760258;0.918056;0.816495;0.998279 -0.0476246 0.0342185 -0.193894 0.0442369 0.994614 0.0937313 -0.0969639 -0.0384981 -0.0920563 0.995009 -0.191078 0 0 0 1 
13001298760259;0.628443;0.556078;0.993287 -0.112892 0.0252434 -0.672117 0.111082 0.991732 0.0642592 -0.600149 -0.032289 -0.0610237 0.997614 -0.637913 0 0 0 1 
