#;prob_registration_l1 -r /home/probabilistic_point_clouds_registration/build/tester /home/point_clouds_registration_benchmark//devel/registration_pairs/box_met_local.txt /home/point_clouds_registration_benchmark//planetary/box_met -s 0.2 -t 0.2 -p 0.3 -r 1000 -m 25 -i 40 
id;initial_error;final_error;transformation
7680147070000;1.79635;2.58002;0.877753 0.206653 0.432254 -8.62273 -0.14699 0.974841 -0.16757 -5.83764 -0.456008 0.0835482 0.886045 -31.8476 0 0 0 1 
7680147070001;0.811107;2.37743;0.974261 0.215541 0.0660166 -6.27437 -0.195146 0.953025 -0.231648 -7.9961 -0.112845 0.212803 0.970557 -11.7532 0 0 0 1 
7680147070002;1.49386;2.71638;0.960321 -0.000608836 -0.278898 -4.28375 -0.0739601 0.963639 -0.256769 -1.14353 0.268913 0.267207 0.925357 8.63192 0 0 0 1 
7680147070003;0.946768;2.75967;0.990492 0.136784 -0.0147132 -4.49543 -0.137055 0.971833 -0.191718 -5.28012 -0.0119251 0.191912 0.98134 -3.79265 0 0 0 1 
7680147070004;1.43077;3.68153;0.998665 -0.0213331 -0.0470537 -1.51312 0.0149688 0.991179 -0.131683 3.12903 0.0494478 0.130803 0.990175 -0.318308 0 0 0 1 
7680147070005;0.312811;2.76978;0.979191 0.199567 0.0368425 -5.79826 -0.200069 0.979726 0.0104458 -7.45513 -0.0340109 -0.0175995 0.999266 -2.748 0 0 0 1 
7680147070006;1.56238;3.06866;0.999368 -0.0334556 -0.012005 -0.455561 0.0336843 0.999245 0.0193806 5.3157 0.0113476 -0.0197727 0.99974 -1.81092 0 0 0 1 
7680147070007;1.77223;3.33407;0.963698 0.164262 0.210486 -5.0711 -0.209809 0.953467 0.216518 -5.91288 -0.165126 -0.25282 0.953318 -8.79691 0 0 0 1 
7680147070008;0.368314;3.01207;0.976649 0.201716 0.0739368 -5.75512 -0.202177 0.979348 -0.00127757 -7.3055 -0.0726675 -0.0137006 0.997262 -4.96214 0 0 0 1 
7680147070009;2.02654;3.01406;0.999058 -0.0361616 0.0240018 -1.51704 0.0379213 0.996276 -0.0774362 5.4342 -0.0211122 0.0782734 0.996708 -6.45857 0 0 0 1 
7680147070010;1.67484;2.93048;0.989459 0.0398945 -0.139213 -3.49531 -0.0416447 0.999086 -0.00968086 0.975056 0.1387 0.0153763 0.990215 9.1387 0 0 0 1 
7680147070011;1.58383;3.20798;0.97636 0.103112 0.189972 -4.27466 -0.0289789 0.933392 -0.357686 0.359695 -0.2142 0.343725 0.914315 -18.167 0 0 0 1 
7680147070012;1.55669;2.71368;0.99586 0.00427139 0.0907955 -2.62755 0.0141465 0.97944 -0.201239 3.82037 -0.0897883 0.20169 0.975325 -7.97365 0 0 0 1 
7680147070013;1.90796;3.03435;0.993106 0.117209 0.00149752 -3.83392 -0.115395 0.975334 0.188167 -1.78342 0.0205942 -0.187043 0.982136 0.842804 0 0 0 1 
7680147070014;1.7784;2.71551;0.990088 0.136389 -0.0335291 -4.24959 -0.138823 0.986554 -0.0862519 -3.90647 0.0213144 0.0900516 0.995709 -3.58037 0 0 0 1 
7680147070015;0.363704;3.31426;0.997583 -0.0120957 -0.0684202 -2.99812 0.0363375 0.930152 0.365372 9.72248 0.0592217 -0.366975 0.928344 8.62475 0 0 0 1 
7680147070016;0.265959;2.65347;0.995956 0.0878944 0.0185836 -3.50219 -0.0886799 0.994959 0.0468136 -1.27069 -0.0143753 -0.0482723 0.998731 -1.16409 0 0 0 1 
7680147070017;0.994504;2.90419;0.997746 0.0593063 -0.0313836 -3.3832 -0.0587188 0.998088 0.0193223 0.387483 0.0324695 -0.0174359 0.999321 0.0727782 0 0 0 1 
7680147070018;1.14391;3.2083;0.920226 0.106716 -0.376559 -11.7495 -0.107441 0.994027 0.0191431 -1.44958 0.376352 0.0228419 0.926195 20.5896 0 0 0 1 
7680147070019;1.59901;2.39528;0.997243 0.0734855 0.0102977 -1.8798 -0.0734834 0.997296 -0.000583666 0.377125 -0.0103127 -0.000174652 0.999947 -1.09422 0 0 0 1 
7680147070020;1.99055;3.28476;0.976244 0.00589037 0.216593 -3.82627 -0.0306469 0.993334 0.111119 3.64566 -0.214495 -0.115117 0.969917 -10.3267 0 0 0 1 
7680147070021;1.30849;3.0691;0.966833 -0.0279489 -0.253877 -5.46185 0.0786111 0.978306 0.191672 10.4548 0.243013 -0.205272 0.948055 15.416 0 0 0 1 
7680147070022;0.490232;3.23451;0.995939 -0.0732812 0.0523018 -0.779666 0.0707592 0.996311 0.0485473 8.50436 -0.0556665 -0.0446493 0.997451 -2.95373 0 0 0 1 
7680147070023;1.93092;2.33365;0.985882 0.163294 0.0370311 -4.64317 -0.156187 0.97656 -0.14811 -3.98089 -0.0603486 0.140236 0.988277 -6.05838 0 0 0 1 
7680147070024;2.01577;3.8437;0.980957 0.131081 -0.14332 -5.11939 -0.102037 0.975687 0.193969 -0.896247 0.165261 -0.175652 0.970482 10.286 0 0 0 1 
7680147070025;1.53658;3.14287;0.957409 -0.0626213 -0.281861 -4.35461 0.0237369 0.989964 -0.139313 3.56685 0.287756 0.126689 0.949287 11.4761 0 0 0 1 
7680147070026;1.23157;3.14079;0.986398 0.159987 0.0377286 -4.46277 -0.162417 0.98395 0.0739079 -3.70549 -0.0252988 -0.0790304 0.996551 0.401463 0 0 0 1 
7680147070027;1.05263;3.096;0.939683 0.0583944 0.337025 -5.36562 -0.112214 0.983416 0.142482 -1.39817 -0.323115 -0.171707 0.930652 -17.3203 0 0 0 1 
7680147070028;0.137424;1.86229;0.999439 0.0288381 0.0170407 -1.71143 -0.0290228 0.999522 0.0106932 0.531676 -0.0167241 -0.0111818 0.999798 -1.3251 0 0 0 1 
7680147070029;1.81513;2.20926;0.997078 0.035902 -0.0674341 -3.64493 -0.0376194 0.998995 -0.0243729 2.87078 0.0664913 0.0268385 0.997426 3.17868 0 0 0 1 
7680147070031;0.429088;0.707363;0.972911 -0.0361836 -0.22833 -2.04826 0.0382624 0.999257 0.00468295 0.789983 0.227991 -0.0132925 0.973573 1.72496 0 0 0 1 
7680147070032;0.91489;0.89191;0.996037 0.00717072 0.088647 -0.291816 -0.0155825 0.995397 0.0945668 0.934835 -0.0875608 -0.0955734 0.991564 0.809534 0 0 0 1 
7680147070033;0.415478;0.387068;0.979863 0.0330218 0.196919 -0.618494 0.0275079 0.9545 -0.29694 -0.117123 -0.197765 0.296378 0.934371 -9.26655 0 0 0 1 
7680147070034;0.600344;0.673203;0.983457 -0.0419875 -0.176209 -1.34488 0.0117208 0.985477 -0.169405 -0.349713 0.180763 0.164537 0.969666 -1.45676 0 0 0 1 
7680147070035;0.44843;0.56888;0.997206 0.0161576 0.072932 -0.965012 -0.0309892 0.977832 0.207086 1.40767 -0.0679692 -0.208767 0.9756 2.96832 0 0 0 1 
7680147070036;0.879785;0.491332;0.999765 -0.018765 -0.0108266 -2.36452 0.0184538 0.999433 -0.0281601 1.09438 0.0113489 0.0279537 0.999545 -1.04184 0 0 0 1 
7680147070037;0.82527;0.506135;0.999703 0.0147738 0.0193788 -1.17674 -0.0153554 0.999426 0.0302137 0.614521 -0.0189213 -0.0305023 0.999356 2.04319 0 0 0 1 
7680147070038;0.802274;0.455862;0.978029 0.00420565 0.208428 -0.57293 -0.0644361 0.956938 0.283052 3.05349 -0.198262 -0.290263 0.936184 4.46133 0 0 0 1 
7680147070039;1.33952;0.651409;0.998706 0.0505644 0.00547747 -4.4694 -0.0506929 0.998359 0.026625 0.326003 -0.0041222 -0.0268682 0.99963 1.31958 0 0 0 1 
7680147070040;0.158831;0.596829;0.99969 -0.0102973 -0.0226476 -1.07511 0.00757668 0.993092 -0.117093 -0.0855637 0.0236969 0.116885 0.992863 -2.46379 0 0 0 1 
7680147070041;1.36617;0.46971;0.999255 -0.00764082 0.037836 -0.779765 0.00613087 0.999186 0.039864 0.531487 -0.0381098 -0.0396024 0.998489 -2.53748 0 0 0 1 
7680147070042;0.46675;0.647974;0.996648 0.00577538 0.0816104 -0.766689 0.0109666 0.979073 -0.203214 -0.229099 -0.0810761 0.203427 0.975727 -6.10164 0 0 0 1 
7680147070043;1.14629;1.07863;0.964093 0.0583838 0.259069 -0.444878 0.001742 0.974123 -0.226012 -0.593276 -0.26556 0.218347 0.939043 -7.48106 0 0 0 1 
7680147070044;0.702038;0.582177;0.99931 -0.010511 -0.035612 -1.19587 0.0132278 0.996948 0.0769338 1.31521 0.0346947 -0.0773518 0.9964 3.24238 0 0 0 1 
7680147070045;0.887978;0.780781;0.999416 -0.00929066 0.0328779 -1.13335 0.00941702 0.999949 -0.00369045 0.920296 -0.032842 0.00399791 0.999453 -1.81797 0 0 0 1 
7680147070046;0.520495;0.48903;0.995392 0.00220062 0.0958688 -0.449027 0.0145091 0.984771 -0.173251 -0.265044 -0.09479 0.173844 0.980201 -5.88943 0 0 0 1 
7680147070047;1.3778;0.799471;0.995869 0.0481752 -0.0769678 -4.7803 -0.0243043 0.958145 0.285249 3.21642 0.0874883 -0.2822 0.955358 7.97614 0 0 0 1 
7680147070048;1.12108;1.15033;0.999993 0.00241785 0.00268323 -0.226923 -0.00229298 0.998957 -0.045602 -0.232387 -0.00279069 0.0455955 0.998956 -0.816992 0 0 0 1 
7680147070049;0.932757;0.604512;0.996951 -0.0417703 -0.0659097 -1.10696 0.0321044 0.989427 -0.141437 0.801874 0.0711207 0.13889 0.987751 -1.01289 0 0 0 1 
7680147070050;1.2993;0.595158;0.955727 -0.0474481 -0.290404 -4.30893 0.0122275 0.992465 -0.121915 0.325542 0.294001 0.112966 0.949106 -0.128899 0 0 0 1 
7680147070051;0.92457;0.581064;0.997842 0.0101465 0.064879 -0.365091 -0.0266284 0.965636 0.25853 1.57571 -0.0600263 -0.2597 0.963822 3.07051 0 0 0 1 
7680147070052;0.840224;0.796926;0.963938 -0.0362389 -0.263649 -1.64775 0.0787635 0.985151 0.15256 2.63729 0.254206 -0.167824 0.952478 6.94839 0 0 0 1 
7680147070053;0.82655;0.546749;0.999978 0.00634924 0.00169901 -0.659511 -0.00633157 0.999928 -0.0102091 0.204281 -0.0017637 0.0101981 0.999946 1.15888 0 0 0 1 
7680147070054;0.270576;0.603336;0.998368 0.0236236 0.0519942 -1.55898 -0.0261969 0.998436 0.0493793 0.368146 -0.0507464 -0.0506608 0.997426 0.385939 0 0 0 1 
7680147070055;0.73698;0.529231;0.983873 -0.112403 -0.139139 0.685712 0.0418247 0.900888 -0.432032 0.494256 0.173911 0.419245 0.89106 -6.85431 0 0 0 1 
7680147070056;0.896614;0.487602;0.999109 -0.034068 -0.0249064 -0.387303 0.0334804 0.99916 -0.0236404 0.511941 0.0256909 0.0227854 0.99941 -2.4007 0 0 0 1 
7680147070057;0.403726;0.547862;0.998105 0.0257985 0.0558666 -2.10941 -0.02344 0.998823 -0.0424687 0.11554 -0.0568964 0.0410787 0.997535 -1.58097 0 0 0 1 
7680147070058;0.771956;0.47344;0.993426 0.0228513 0.112173 -1.09352 -0.00395335 0.986138 -0.165879 -0.333828 -0.114409 0.164345 0.979746 -6.41429 0 0 0 1 
7680147070059;0.054331;0.506838;0.999786 -0.00102666 0.0206847 -0.80977 0.0011979 0.999965 -0.00826817 0.317149 -0.0206755 0.00829117 0.999752 -0.681111 0 0 0 1 
7680147070060;0.252286;0.509729;0.999758 0.0165159 0.0145178 -1.28688 -0.0198717 0.961273 0.27488 2.42782 -0.00941569 -0.275102 0.961369 5.19283 0 0 0 1 
7680147070062;0.694613;2.7706;0.997515 -0.0108043 0.0696233 3.00729 0.00813085 0.999223 0.0385686 -0.984278 -0.0699859 -0.0379067 0.996827 -1.10115 0 0 0 1 
7680147070063;0.642429;2.57014;0.994104 -0.107959 -0.0101277 4.37162 0.108021 0.994132 0.0057442 1.20274 0.00944814 -0.00680433 0.999932 0.161647 0 0 0 1 
7680147070064;1.73702;2.82059;0.996512 -0.0479789 -0.0682796 2.29393 0.03221 0.975933 -0.21568 -0.590984 0.0769844 0.212728 0.974074 -2.85356 0 0 0 1 
7680147070065;2.03958;2.58738;0.981954 -0.0339317 -0.186051 -0.262772 0.0609564 0.988057 0.14152 2.08889 0.179027 -0.150307 0.972295 6.24832 0 0 0 1 
7680147070066;1.4044;2.22222;0.995028 -0.040344 0.091063 1.91684 0.0520752 0.990097 -0.130369 0.158311 -0.0849016 0.134463 0.987275 -4.1535 0 0 0 1 
7680147070067;2.44929;2.46614;0.989371 -0.136011 -0.0514364 4.68485 0.137026 0.990426 0.0167293 1.82432 0.0486686 -0.0235996 0.998536 -0.777962 0 0 0 1 
7680147070068;0.72785;2.75228;0.997169 -0.0363517 -0.0658261 3.16247 0.0338653 0.998685 -0.0385015 -0.442171 0.0671391 0.0361633 0.997088 2.1367 0 0 0 1 
7680147070069;0.403431;2.11441;0.996048 -0.0471058 0.0752901 3.41199 0.0743315 0.906116 -0.416448 0.206492 -0.0486044 0.420399 0.906037 -8.78956 0 0 0 1 
7680147070070;2.46104;2.71037;0.929029 -0.118753 -0.350434 1.05411 0.039792 0.973671 -0.224459 -1.48651 0.367862 0.194584 0.909293 3.71965 0 0 0 1 
7680147070071;1.40642;2.46521;0.949189 0.0416993 0.311932 2.7829 -0.0829954 0.989262 0.120305 -1.4837 -0.303566 -0.140081 0.942457 -6.43199 0 0 0 1 
7680147070072;0.468235;2.28406;0.99659 0.00811858 -0.0821074 1.75044 -0.00890385 0.999918 -0.00920232 -1.09259 0.082026 0.00990202 0.996581 1.71973 0 0 0 1 
7680147070073;0.953779;2.33908;0.994453 -0.0176538 0.103693 3.18645 0.0375058 0.980529 -0.192757 -0.653916 -0.0982713 0.195577 0.975752 -4.83276 0 0 0 1 
7680147070074;0.189263;1.94694;0.994189 -0.10698 0.0120155 3.64422 0.10748 0.980078 -0.167017 0.714598 0.0060913 0.167338 0.985881 -2.60065 0 0 0 1 
7680147070075;2.44638;2.33498;0.963146 -0.0983559 -0.250351 4.02558 0.0183611 0.952617 -0.303618 -1.82413 0.268351 0.287832 0.919315 1.88889 0 0 0 1 
7680147070076;2.31741;2.71207;0.995264 -0.0592079 -0.0770914 3.65687 0.0570695 0.99793 -0.0296547 -0.0768321 0.0786875 0.0251147 0.996583 3.84762 0 0 0 1 
7680147070077;2.21484;1.90359;0.99865 -0.0518151 -0.00367993 4.3693 0.0511144 0.992823 -0.108122 -0.334176 0.0092559 0.107788 0.994131 0.509362 0 0 0 1 
7680147070078;0.226189;2.22468;0.99228 0.00769575 -0.123776 1.46575 0.0340803 0.942725 0.331826 3.07036 0.119241 -0.333483 0.935185 8.38815 0 0 0 1 
7680147070079;1.94297;2.92482;0.994455 -0.00109967 0.105157 2.67518 0.0262692 0.970843 -0.238272 -0.490319 -0.101829 0.239713 0.965489 -7.01851 0 0 0 1 
7680147070080;2.14298;2.31291;0.996267 -0.0855291 0.0117068 2.83834 0.0861776 0.977398 -0.193048 0.289282 0.00506904 0.193336 0.98112 -0.554385 0 0 0 1 
7680147070081;1.69906;2.63634;0.995785 -0.05962 0.0696995 4.89742 0.0673954 0.991062 -0.115125 -0.171131 -0.0622127 0.119337 0.990903 -1.92473 0 0 0 1 
7680147070082;2.0972;2.34544;0.957224 -0.15792 -0.242454 2.52429 0.0867108 0.95598 -0.280328 0.0278276 0.276051 0.247313 0.92878 4.11488 0 0 0 1 
7680147070083;0.59076;2.1949;0.999311 -0.0317457 0.019239 2.89717 0.0362357 0.946728 -0.31999 -0.94593 -0.00805579 0.320466 0.947226 -6.05791 0 0 0 1 
7680147070084;0.946739;2.30641;0.997703 -0.0634396 -0.0237539 4.06663 0.06377 0.997874 0.0134193 0.37524 0.0228521 -0.0149033 0.999628 1.83882 0 0 0 1 
7680147070085;1.67199;2.18553;0.960369 -0.011409 -0.278498 0.434682 0.106352 0.938569 0.328294 4.62035 0.257644 -0.344902 0.902586 13.2552 0 0 0 1 
7680147070086;1.58068;2.71285;0.999645 -0.0109667 -0.0242715 2.85181 0.0114943 0.999698 0.0217028 -0.62327 0.0240262 -0.0219741 0.99947 -0.580851 0 0 0 1 
7680147070087;0.945675;2.82532;0.9934 -0.0334049 -0.109729 2.30999 0.00994065 0.978126 -0.207777 -2.14679 0.114269 0.205315 0.972002 -0.907523 0 0 0 1 
7680147070088;1.00125;2.89066;0.981274 -0.00240105 0.1926 3.63488 0.00564771 0.999851 -0.0163098 -1.58877 -0.192532 0.0170921 0.981142 -5.12146 0 0 0 1 
7680147070089;1.42162;2.87258;0.997295 -0.0476053 0.0560017 4.16293 0.0459699 0.998488 0.0301386 -0.268515 -0.0573517 -0.0274827 0.997976 0.831265 0 0 0 1 
7680147070090;0.678915;2.31867;0.997033 -0.055925 -0.0528869 3.26618 0.0577591 0.997758 0.0338109 0.563247 0.0508774 -0.0367653 0.998028 1.86087 0 0 0 1 
7680147070091;1.30647;2.43571;0.986809 -0.0603141 -0.150235 1.12745 0.0439015 0.992932 -0.110264 0.0959916 0.155823 0.102214 0.982482 2.07618 0 0 0 1 
7680147070093;0.528987;0.518888;0.995446 -0.0216557 -0.0928375 -0.627454 0.0271489 0.997929 0.0583218 2.18872 0.0913822 -0.0605766 0.993972 7.56237 0 0 0 1 
7680147070094;0.750267;0.732568;0.975615 -0.0302564 -0.217393 -2.56128 0.0577165 0.990961 0.1211 4.97621 0.211763 -0.130694 0.968543 17.691 0 0 0 1 
7680147070095;1.32662;0.945222;0.994855 0.0801234 0.0619984 -2.40838 -0.0600744 0.959333 -0.275809 -6.16176 -0.0815759 0.270666 0.959211 -12.6908 0 0 0 1 
7680147070096;1.72861;0.13417;0.999561 0.0217262 0.0201437 -0.467251 -0.0206785 0.998493 -0.0508362 -1.72349 -0.0212178 0.0503974 0.998504 0.405465 0 0 0 1 
7680147070097;1.58172;1.64633;0.997172 -0.007963 -0.0747345 -0.614278 0.0125071 0.998088 0.0605335 1.30925 0.0741096 -0.061297 0.995364 6.96944 0 0 0 1 
7680147070098;0.811119;0.486308;0.979192 -0.0394839 -0.199056 -2.23684 0.017572 0.993702 -0.110667 0.375124 0.202172 0.104866 0.97372 12.7305 0 0 0 1 
7680147070099;0.734807;0.297609;0.999946 -0.00129382 0.0102766 -0.290575 0.00135877 0.999979 -0.00631553 -0.460611 -0.0102683 0.00632915 0.999927 -1.37243 0 0 0 1 
7680147070100;0.613699;0.140951;0.937444 0.0856388 0.337438 -4.26238 -0.0646115 0.995231 -0.0730824 -5.20966 -0.342087 0.0467083 0.938507 -26.544 0 0 0 1 
7680147070101;0.463274;0.42889;0.998881 -0.00719794 -0.0467407 -0.348497 0.00144747 0.992539 -0.121915 -0.902086 0.0472695 0.121711 0.991439 0.241328 0 0 0 1 
7680147070102;1.71997;1.18991;0.991064 0.0550545 0.121499 -1.56948 -0.0319009 0.982246 -0.184868 -3.66129 -0.12952 0.17934 0.975224 -15.8037 0 0 0 1 
7680147070103;0.768405;0.433074;0.984687 0.0371589 0.170324 -0.678871 -0.0442644 0.998293 0.038111 -2.72386 -0.168617 -0.0450667 0.984651 -9.75109 0 0 0 1 
7680147070104;1.11988;0.792737;0.999943 0.00534884 0.00928546 -0.306514 -0.00480576 0.998331 -0.0575552 -1.25698 -0.00957781 0.0575073 0.998299 -2.39065 0 0 0 1 
7680147070105;0.792054;0.617494;0.970237 0.0529718 0.236294 -2.0139 -0.0526263 0.998584 -0.00777357 -4.0762 -0.236372 -0.00489309 0.97165 -17.668 0 0 0 1 
7680147070106;0.562855;0.286204;0.998284 0.00150401 -0.0585387 -0.721763 -0.00515943 0.998041 -0.0623435 -0.687397 0.0583303 0.0625386 0.996337 3.55523 0 0 0 1 
7680147070107;0.610731;0.515171;0.999929 -0.00993492 0.00664132 0.111493 0.00895901 0.990998 0.133574 1.62467 -0.00790859 -0.133505 0.991017 3.40625 0 0 0 1 
7680147070108;1.42716;1.14318;0.999131 0.00455626 -0.0414334 -0.640028 -0.00653124 0.998842 -0.0476568 -0.908146 0.0411683 0.047886 0.998004 0.610066 0 0 0 1 
7680147070109;0.474796;0.278952;0.901075 0.0331214 0.432396 -4.83059 -0.0948402 0.987994 0.121959 -5.74247 -0.423165 -0.150903 0.893398 -27.7013 0 0 0 1 
7680147070110;0.941477;0.683093;0.999972 0.00252852 0.0071048 -0.268582 -0.00201646 0.997462 -0.0711767 -1.0047 -0.00726674 0.0711604 0.997438 -2.40534 0 0 0 1 
7680147070111;1.47967;1.27067;0.99997 0.00267766 0.00726501 0.0462545 -0.00254726 0.999837 -0.0178994 -0.225788 -0.00731175 0.0178804 0.999813 0.468704 0 0 0 1 
7680147070112;1.75011;1.16106;0.99467 -0.00821121 -0.102781 -1.31525 0.0431606 0.938446 0.342718 5.98577 0.0936399 -0.345328 0.933799 12.7485 0 0 0 1 
7680147070113;1.0332;0.942872;0.997577 0.0169011 0.0674828 -0.259635 -0.0128384 0.998104 -0.0601895 -1.31363 -0.0683721 0.0591773 0.995903 -5.7995 0 0 0 1 
7680147070114;0.426388;0.22816;0.982727 -0.0356339 0.181598 0.743135 -0.0376655 0.922234 0.384793 1.95053 -0.181187 -0.384987 0.904962 -3.94621 0 0 0 1 
7680147070115;1.70185;1.57303;0.994437 -0.0126518 -0.10457 -1.08573 -0.0270244 0.928885 -0.36938 -3.32184 0.101807 0.370151 0.923376 -2.39821 0 0 0 1 
7680147070116;1.08478;0.188755;0.997881 0.0518101 0.0393565 -1.76983 -0.0347949 0.93608 -0.350062 -3.63363 -0.0549776 0.347951 0.935899 -13.8742 0 0 0 1 
7680147070117;0.562653;0.558515;0.997106 0.0174548 0.0739891 -0.0946452 -0.0247311 0.99482 0.0985985 -0.962477 -0.0718848 -0.100143 0.992373 -2.63428 0 0 0 1 
7680147070118;0.421204;0.517591;0.992216 -0.0238104 -0.122231 -1.06056 0.0116633 0.995004 -0.0991482 0.0217915 0.123981 0.0969508 0.987537 6.70732 0 0 0 1 
7680147070119;1.56631;0.401906;0.998158 0.00587969 0.060381 -0.182473 -0.00227649 0.998221 -0.0595706 -1.07928 -0.0606239 0.0593235 0.996396 -8.15154 0 0 0 1 
7680147070120;0.829004;0.489409;0.999401 0.0171205 -0.0300621 -0.909617 -0.0220026 0.985123 -0.170435 -2.79972 0.026697 0.170994 0.98491 -1.24569 0 0 0 1 
7680147070121;0.0967963;0.146273;0.997619 0.00207182 0.0689316 0.163074 -0.00465925 0.99929 0.0373966 -0.266911 -0.0688052 -0.0376287 0.99692 -3.82355 0 0 0 1 
7680147070122;0.194803;0.233762;0.999572 -0.0129994 -0.0262051 -0.0657161 0.0119912 0.999195 -0.0382706 0.402519 0.0266815 0.0379399 0.998924 1.26011 0 0 0 1 
7680147070124;1.64617;0.337036;0.99699 0.0259687 0.0730473 -0.207674 -0.0153794 0.989753 -0.141956 -1.28746 -0.0759852 0.140406 0.987174 -6.6129 0 0 0 1 
7680147070125;1.40625;0.409301;0.999892 -0.00187055 0.0145443 -0.377666 0.00183143 0.999995 0.00270273 0.445862 -0.0145493 -0.0026758 0.999891 -2.82547 0 0 0 1 
7680147070126;1.2267;0.149762;0.998684 0.00117178 -0.051278 -1.27896 -0.000304524 0.999857 0.0169173 1.37343 0.0512905 -0.0168794 0.998541 3.52617 0 0 0 1 
7680147070127;1.9725;1.24367;0.986546 -0.0473626 -0.156476 -1.5007 0.0276197 0.991643 -0.126017 1.94381 0.161137 0.12 0.97961 8.97459 0 0 0 1 
7680147070128;1.62499;0.898526;0.964228 -0.0570944 -0.258853 -3.54751 0.0604475 0.998159 0.00500642 4.54439 0.25809 -0.0204743 0.965904 14.181 0 0 0 1 
7680147070129;0.486275;0.513037;0.998582 -0.00961814 -0.05236 -0.400151 0.00716355 0.998875 -0.0468665 0.886875 0.0527519 0.046425 0.997528 3.84087 0 0 0 1 
7680147070130;1.63305;0.900044;0.997626 0.00456615 0.068708 -0.313615 -0.0122609 0.993633 0.111992 0.618448 -0.0677592 -0.112568 0.991331 -3.05284 0 0 0 1 
7680147070131;2.14793;0.997753;0.937294 0.0925575 0.336024 -3.21601 -0.00695161 0.968867 -0.247483 -0.597947 -0.34847 0.229628 0.908757 -23.927 0 0 0 1 
7680147070132;1.4581;0.946976;0.994746 -0.0353109 -0.0960955 -0.916086 0.0353843 0.999373 -0.000940428 2.62818 0.0960685 -0.00246479 0.995372 4.21205 0 0 0 1 
7680147070133;1.07349;1.25095;0.999116 -0.00679504 -0.041481 -0.455562 0.0066475 0.999971 -0.00369377 0.696594 0.0415049 0.00341476 0.999132 2.81777 0 0 0 1 
7680147070134;1.69636;0.762242;0.992646 -0.0253854 -0.118359 -1.30059 0.0101296 0.991754 -0.127754 0.80023 0.120626 0.125616 0.984718 10.1989 0 0 0 1 
7680147070135;0.51747;0.419036;0.936319 -0.0525434 -0.347198 -5.37177 0.0549709 0.998484 -0.00286141 3.8342 0.346822 -0.0164066 0.937788 21.2752 0 0 0 1 
7680147070136;0.646267;0.686989;0.912672 -0.100976 -0.396022 -7.66749 0.0517693 0.989756 -0.133055 3.50496 0.4054 0.100934 0.90855 26.7851 0 0 0 1 
7680147070137;2.04694;1.31663;0.991831 -0.0142078 -0.126767 -1.42513 0.0331105 0.988391 0.14828 3.33115 0.123189 -0.151266 0.980787 9.34214 0 0 0 1 
7680147070138;0.720049;0.534843;0.999248 -0.0166741 -0.0350145 -0.323248 0.01302 0.994688 -0.102112 0.966006 0.0365312 0.101579 0.994157 2.00198 0 0 0 1 
7680147070139;1.74647;0.240636;0.999748 0.00715784 0.0212544 -0.262813 -0.00660538 0.999641 -0.0259503 -0.421418 -0.0214326 0.0258033 0.999437 -3.6958 0 0 0 1 
7680147070140;0.663015;0.847683;0.999945 -0.00651198 -0.00818156 -0.346335 0.00586579 0.99704 -0.076665 0.506495 0.00865658 0.0766128 0.997023 0.344549 0 0 0 1 
7680147070141;0.53013;0.582466;0.999966 -0.00821694 -0.00072682 -0.00246489 0.00821021 0.999927 -0.00881888 0.654543 0.000799231 0.00881262 0.999961 0.109689 0 0 0 1 
7680147070142;1.96977;0.42146;0.979689 -0.0636814 -0.190142 -4.28554 0.0220844 0.97673 -0.213334 2.46884 0.199303 0.204801 0.958298 14.7494 0 0 0 1 
7680147070143;0.856847;0.676931;0.985328 -0.0133207 0.170148 -1.58101 -0.015912 0.985437 0.169295 0.254806 -0.169925 -0.169519 0.970767 -11.8951 0 0 0 1 
7680147070144;1.63732;1.5788;0.99719 0.0119984 0.0739481 -0.0299082 -0.0129415 0.999841 0.0122871 -0.739135 -0.0737889 -0.0132096 0.997186 -6.01411 0 0 0 1 
7680147070145;0.140484;0.270844;0.999932 -0.00792373 -0.00860874 -0.301583 0.00787172 0.999951 -0.00605852 0.724506 0.00865632 0.00599034 0.999945 0.641075 0 0 0 1 
7680147070146;1.19743;0.46178;0.995226 -0.0624693 -0.074979 -1.42724 0.0640975 0.997753 0.0195071 4.93202 0.073592 -0.02422 0.996994 3.37212 0 0 0 1 
7680147070147;0.293378;0.504013;0.998333 0.0123388 0.056382 -0.0959568 -0.00693827 0.995454 -0.0949952 -0.309437 -0.0572978 0.0944456 0.99388 -3.42273 0 0 0 1 
7680147070148;2.08491;1.19581;0.993517 -0.0259782 -0.110671 -0.954241 0.0446405 0.984492 0.169653 4.27237 0.104548 -0.173494 0.97927 8.18011 0 0 0 1 
7680147070149;2.16398;1.7266;0.986053 -0.0468787 -0.159691 -1.96435 0.0202458 0.986172 -0.164486 1.95456 0.165194 0.158959 0.973367 10.9683 0 0 0 1 
7680147070150;0.570326;0.859232;0.999638 -0.00747402 0.0258531 -0.387939 0.0177123 0.905981 -0.422948 0.131313 -0.0202613 0.423253 0.905785 0.224298 0 0 0 1 
7680147070151;0.700204;0.861388;0.99369 -0.0201222 -0.110345 -1.87625 0.0227468 0.999486 0.022578 2.49676 0.109834 -0.0249455 0.993637 6.66334 0 0 0 1 
7680147070152;0.196422;0.282484;0.999269 -0.0143471 -0.0354335 -0.304859 0.0139009 0.999821 -0.0128069 1.10795 0.0356109 0.012305 0.99929 2.44105 0 0 0 1 
7680147070153;0.328459;0.594909;0.998975 -0.0291376 -0.0346415 -0.633802 0.0175717 0.954887 -0.296449 0.705152 0.0417165 0.295537 0.95442 3.80908 0 0 0 1 
7680147070155;0.140686;1.41087;0.999436 -0.0322301 -0.00946204 1.95534 0.0320407 0.999296 -0.0195249 3.94608 0.0100847 0.0192107 0.999765 0.940287 0 0 0 1 
7680147070156;0.73666;1.48771;0.999736 -0.00345276 -0.0227199 2.82313 0.00283364 0.999625 -0.027226 0.721914 0.0228054 0.0271544 0.999371 2.54159 0 0 0 1 
7680147070157;1.89722;1.91214;0.99854 0.000561821 -0.0540112 0.887008 0.00227129 0.998625 0.0523783 1.44034 0.0539664 -0.0524245 0.997166 7.67539 0 0 0 1 
7680147070158;1.79956;2.19511;0.996946 -0.0693258 -0.0359568 1.92668 0.0616776 0.981361 -0.182008 7.1529 0.0479044 0.179234 0.982639 6.47572 0 0 0 1 
7680147070159;1.65931;1.65311;0.999541 -0.0018254 -0.0302317 0.37202 0.00118247 0.999773 -0.021271 0.075802 0.0302637 0.0212255 0.999317 1.79087 0 0 0 1 
7680147070160;0.0621527;1.28144;0.999583 0.00985518 -0.0271367 1.80433 -0.0104698 0.99969 -0.0226014 -0.617949 0.0269056 0.0228761 0.999376 2.99623 0 0 0 1 
7680147070161;0.430207;1.87394;0.997587 -0.0533118 -0.0444748 2.46596 0.0503936 0.996655 -0.0643388 6.1412 0.047756 0.0619423 0.996937 5.40056 0 0 0 1 
7680147070162;0.473536;1.43749;0.965671 0.0539462 0.254106 -0.728393 -0.0591674 0.998164 0.0129435 -5.87394 -0.252942 -0.027534 0.96709 -28.3369 0 0 0 1 
7680147070163;0.736349;1.39734;0.989777 0.0154241 0.141786 0.662575 -0.0355836 0.989403 0.14077 -3.17432 -0.138112 -0.144376 0.979837 -15.2787 0 0 0 1 
7680147070164;0.540732;1.91923;0.997661 -0.0547751 -0.0408884 2.18017 0.0477567 0.986545 -0.156357 5.38244 0.0489027 0.154038 0.986854 6.38831 0 0 0 1 
7680147070165;1.76832;1.26577;0.999943 -0.0048534 -0.00954438 1.55074 0.00460885 0.999665 -0.0254803 1.12029 0.00966485 0.0254348 0.99963 3.77144 0 0 0 1 
7680147070166;0.877488;1.24254;0.996503 0.0140204 -0.0823695 1.44275 -0.0022924 0.990038 0.140784 0.551243 0.0835228 -0.140103 0.986608 7.04211 0 0 0 1 
7680147070167;0.355143;1.58571;0.997326 -0.0543709 -0.0488416 1.63041 0.0532384 0.998289 -0.0241973 6.38955 0.0500736 0.0215323 0.998513 5.77844 0 0 0 1 
7680147070168;0.458362;1.55049;0.999006 -0.0211399 0.0392367 2.61893 0.0169587 0.994433 0.103995 2.85181 -0.0412167 -0.103226 0.993804 -5.35728 0 0 0 1 
7680147070169;1.52541;1.44654;0.963626 -0.0699079 -0.25795 -1.27508 0.0901336 0.993645 0.0674216 10.5673 0.251598 -0.0882192 0.963803 25.8155 0 0 0 1 
7680147070170;1.71122;1.97849;0.996102 0.0322457 0.0821028 1.12214 -0.0275408 0.997948 -0.0578064 -2.58577 -0.0837983 0.0553199 0.994946 -8.25122 0 0 0 1 
7680147070171;1.73488;1.19729;0.995094 -0.0407816 -0.0901335 3.12603 0.015737 0.964733 -0.262761 2.24686 0.0976705 0.260053 0.960642 10.4148 0 0 0 1 
7680147070172;1.09968;1.46562;0.999988 0.00253696 -0.00420636 2.78646 -0.00262234 0.999788 -0.0204183 -0.00368592 0.00415367 0.0204291 0.999783 0.578489 0 0 0 1 
7680147070173;0.591876;1.2501;0.964331 -0.000855875 -0.264696 -3.23784 0.0179335 0.997908 0.0621079 2.88843 0.264089 -0.0646396 0.96233 28.8098 0 0 0 1 
7680147070174;1.36958;1.923;0.997501 -0.0322625 0.0628552 1.57818 0.0414873 0.987589 -0.151484 4.05043 -0.0571878 0.153713 0.986459 -7.22748 0 0 0 1 
7680147070175;0.533565;1.39796;0.999604 -0.00274667 -0.0280012 2.05448 0.0020925 0.999725 -0.0233648 1.1655 0.0280577 0.023297 0.999335 3.57201 0 0 0 1 
7680147070176;0.79171;1.32167;0.99058 0.0203231 0.135417 1.59803 -0.0070128 0.995157 -0.0980524 -0.796018 -0.136754 0.0961791 0.985925 -13.8789 0 0 0 1 
7680147070177;1.74498;1.99062;0.955216 0.0478658 0.292011 -2.07406 -0.0224397 0.995706 -0.0898101 -2.69326 -0.295056 0.0792354 0.952189 -32.2553 0 0 0 1 
7680147070178;1.38005;2.06833;0.994586 -0.0157594 0.102712 1.55984 0.0276422 0.992944 -0.115317 2.62467 -0.10017 0.117531 0.988004 -11.9621 0 0 0 1 
7680147070179;1.66284;1.96664;0.998033 0.0335556 0.052956 3.53614 -0.0351837 0.998927 0.0301171 -3.33253 -0.0518886 -0.031921 0.998143 -4.7208 0 0 0 1 
7680147070180;1.25183;1.21756;0.974227 0.00546678 -0.225504 -2.51705 0.0281625 0.988936 0.145642 3.30903 0.223805 -0.14824 0.963294 21.9948 0 0 0 1 
7680147070181;1.00094;1.41031;0.997645 0.0205229 0.0654436 1.78314 -0.0331833 0.979501 0.19869 -2.69963 -0.0600243 -0.200393 0.977875 -8.67704 0 0 0 1 
7680147070182;1.8528;1.3789;0.978253 0.0280955 0.205502 0.254906 -0.0542078 0.990979 0.122563 -5.23372 -0.200205 -0.131037 0.970952 -25.32 0 0 0 1 
7680147070183;0.963883;1.34316;0.987969 0.0276523 0.152158 2.29548 -0.0547524 0.982701 0.176919 -5.1285 -0.144634 -0.183122 0.972393 -17.5887 0 0 0 1 
7680147070184;0.147928;1.28463;0.999292 -0.00522466 -0.0372702 1.78251 0.00539469 0.999975 0.00446305 1.16216 0.0372459 -0.00466095 0.999295 4.09127 0 0 0 1 
7680147070186;1.27351;3.31805;0.99772 0.0578385 0.0347904 3.16178 -0.0549535 0.995372 -0.0788313 -2.73594 -0.0391889 0.0767396 0.996281 -3.52464 0 0 0 1 
7680147070187;0.700101;3.29645;0.949594 0.0791678 0.303322 -1.12325 -0.13246 0.978296 0.159349 -9.89103 -0.284123 -0.191495 0.93947 -30.6959 0 0 0 1 
7680147070188;1.39118;3.24082;0.997945 0.0410035 0.04923 2.79752 -0.0421506 0.998858 0.0224938 -1.23822 -0.0482514 -0.0245226 0.998534 -7.37584 0 0 0 1 
7680147070189;1.30828;3.56142;0.960182 -0.0178492 -0.278805 -0.964464 0.114984 0.934762 0.336151 19.6972 0.254616 -0.354825 0.899594 29.4792 0 0 0 1 
7680147070190;1.12112;3.35011;0.994734 -0.00582313 0.102324 3.18764 -0.0291187 0.941185 0.336636 2.52458 -0.0982662 -0.337843 0.936059 -9.84998 0 0 0 1 
7680147070191;1.94775;3.47053;0.997405 -0.0224673 -0.0684025 4.87023 0.035382 0.980382 0.193906 9.86781 0.062704 -0.195823 0.978632 7.47066 0 0 0 1 
7680147070192;1.68036;3.83023;0.986564 -0.0199541 0.16215 3.39444 0.0244432 0.99937 -0.0257374 7.14448 -0.161535 0.0293551 0.98643 -17.8557 0 0 0 1 
7680147070193;1.11849;3.26719;0.997411 -0.0304725 0.0651437 4.70029 0.0470573 0.961507 -0.270722 7.95785 -0.0543865 0.273087 0.960451 -7.38482 0 0 0 1 
7680147070194;0.766853;3.35721;0.999814 -0.00538435 0.0184994 2.94556 0.00516739 0.999918 0.0117557 3.69702 -0.0185611 -0.0116579 0.99976 -2.64238 0 0 0 1 
7680147070195;0.416426;3.28258;0.995878 0.0677503 0.0602996 2.4548 -0.0622743 0.99413 -0.0884739 -3.0638 -0.0659398 0.0843541 0.994252 -8.6065 0 0 0 1 
7680147070196;0.748225;3.35047;0.999567 -0.00973361 0.0277656 2.91433 0.00762315 0.997145 0.075128 4.33187 -0.0284176 -0.0748838 0.996787 -2.543 0 0 0 1 
7680147070197;0.500793;3.15015;0.998711 0.0427494 0.0273677 3.07655 -0.0355863 0.974159 -0.223044 -1.07596 -0.0361955 0.221783 0.974424 -5.99246 0 0 0 1 
7680147070198;0.104802;3.50134;0.999937 0.00448833 0.0103171 3.5387 -0.00541939 0.995738 0.0920654 3.95391 -0.00985994 -0.0921155 0.9957 -0.648564 0 0 0 1 
7680147070199;1.797;3.21799;0.981834 0.0626156 0.179113 1.87805 -0.0537768 0.997103 -0.0537888 -3.8591 -0.181962 0.0431795 0.982357 -23.012 0 0 0 1 
7680147070200;0.574851;3.024;0.998717 0.0458768 -0.0214412 2.54294 -0.0445652 0.997316 0.0580982 -1.18413 0.024049 -0.0570681 0.998081 2.28259 0 0 0 1 
7680147070201;1.66238;3.38206;0.970112 -0.0675844 -0.233057 -1.03925 0.0648014 0.997706 -0.0195862 9.11521 0.233846 0.00389844 0.972266 24.8618 0 0 0 1 
7680147070202;0.856075;3.90109;0.999586 -0.00934695 0.0271995 3.73116 0.00453619 0.985117 0.171824 4.90622 -0.0284007 -0.17163 0.984752 -1.66413 0 0 0 1 
7680147070203;0.151635;3.28869;0.999781 -0.00561546 0.020164 3.6105 0.0054629 0.999956 0.00761295 4.57771 -0.0202059 -0.00750113 0.999768 -2.37878 0 0 0 1 
7680147070204;1.87474;3.5511;0.999543 -0.0206094 0.0221316 2.40535 0.0208622 0.999719 -0.0112535 4.87454 -0.0218935 0.01171 0.999692 -1.0299 0 0 0 1 
7680147070205;1.34644;3.3054;0.999656 -0.0174732 0.0195692 5.05176 0.0154987 0.995177 0.0968657 7.40786 -0.0211674 -0.0965291 0.995105 -2.1354 0 0 0 1 
7680147070206;0.882492;3.09767;0.907288 -0.0882314 -0.411148 -8.21083 0.0404817 0.991525 -0.123447 8.55453 0.418556 0.0953581 0.903171 44.7751 0 0 0 1 
7680147070207;1.16879;3.41374;0.993196 0.0874962 0.0768534 1.3057 -0.0926815 0.993458 0.0667113 -6.5543 -0.0705137 -0.0733802 0.994808 -6.2899 0 0 0 1 
7680147070208;1.24601;3.41349;0.994066 0.0985546 0.046039 1.55738 -0.10322 0.988182 0.113326 -7.64073 -0.0343261 -0.117406 0.992491 -3.14225 0 0 0 1 
7680147070209;1.20929;3.53382;0.996746 -0.0254557 -0.0764843 4.03979 0.0536494 0.917653 0.393745 12.7831 0.0601629 -0.396567 0.916032 8.07903 0 0 0 1 
7680147070210;1.69015;3.34579;0.9991 -0.0312012 0.0287373 4.85268 0.0306846 0.999363 0.0182464 8.94256 -0.0292883 -0.0173481 0.99942 -1.79721 0 0 0 1 
7680147070211;0.940014;3.43868;0.987201 -0.0399797 -0.154389 1.4968 0.0685138 0.9805 0.184189 12.0864 0.144015 -0.192409 0.97069 18.2699 0 0 0 1 
7680147070212;1.74535;3.55567;0.999289 -0.0325655 0.0190034 4.40823 0.0326134 0.999466 -0.00221639 8.41179 -0.018921 0.00283458 0.999817 -3.38244 0 0 0 1 
7680147070213;0.400202;3.39134;0.999147 0.0136754 0.0389525 3.64426 -0.0150037 0.999309 0.034014 2.59995 -0.0384604 -0.0345694 0.998662 -4.40912 0 0 0 1 
7680147070214;0.315659;3.51548;0.997668 -0.0217571 -0.0646976 3.11887 0.0267522 0.996643 0.0773713 7.27771 0.0627971 -0.0789217 0.994901 7.2576 0 0 0 1 
7680147070215;0.611277;3.38349;0.9977 0.0117137 0.066769 3.21971 -0.0135381 0.999545 0.0269366 2.17214 -0.0664231 -0.0277786 0.997405 -8.15047 0 0 0 1 
7680147070217;0.89674;1.26742;0.998216 0.00569453 0.059432 -1.43019 -0.00661583 0.999861 0.0153165 -0.494783 -0.0593365 -0.0156824 0.998115 -2.09333 0 0 0 1 
7680147070218;1.73564;1.2789;0.999933 -0.00499702 0.0104558 -2.15111 0.00500123 0.999987 -0.00037681 0.185073 -0.0104538 0.000429077 0.999945 1.64261 0 0 0 1 
7680147070219;1.39452;1.62311;0.961447 -0.0611296 -0.26811 -3.11077 0.034616 0.994127 -0.10253 -0.0433995 0.272803 0.0892959 0.957917 6.1699 0 0 0 1 
7680147070220;0.267296;1.40203;0.999821 -0.00965099 -0.0162452 -1.82371 0.00220165 0.913373 -0.407118 -1.55399 0.018767 0.407009 0.913231 4.08139 0 0 0 1 
7680147070221;1.27015;1.57788;0.999821 0.00262603 0.0187366 -0.39032 -0.00676151 0.974514 0.224224 -0.265805 -0.0176702 -0.224311 0.974357 -2.73013 0 0 0 1 
7680147070222;1.97297;1.41662;0.996007 0.0266096 0.0852218 -3.44285 -0.0291377 0.999167 0.0285595 -1.2842 -0.0843909 -0.0309286 0.995953 -1.00509 0 0 0 1 
7680147070223;1.53331;1.96689;0.997755 0.00221937 -0.0669362 -2.8988 -0.001954 0.99999 0.00402963 -1.03204 0.0669444 -0.00388979 0.997749 -0.0610258 0 0 0 1 
7680147070224;2.30376;1.50412;0.912209 -0.0958085 -0.398366 -3.93078 0.0510506 0.991277 -0.121506 -0.143492 0.406533 0.0905022 0.909143 4.07007 0 0 0 1 
7680147070225;1.4585;1.73247;0.99878 -0.00921136 -0.0485243 -1.43146 0.00658522 0.998519 -0.0540046 0.0376241 0.0489499 0.0536192 0.997361 2.32332 0 0 0 1 
7680147070226;1.86707;1.64411;0.998397 -0.0177261 -0.0537532 -2.39256 0.0169721 0.999752 -0.0144514 0.368706 0.0539961 0.0135159 0.99845 2.93618 0 0 0 1 
7680147070227;0.781577;1.55601;0.999769 -0.0134214 -0.016778 -1.68558 0.0134428 0.999909 0.00116273 -0.266108 0.0167609 -0.00138801 0.999859 -0.679012 0 0 0 1 
7680147070228;0.400914;1.2747;0.998359 0.00605507 0.0569458 -1.23042 -0.00763867 0.999589 0.0276326 -0.368713 -0.056755 -0.0280222 0.997995 -1.13437 0 0 0 1 
7680147070229;0.955663;1.51929;0.999717 0.000423291 -0.0238003 -2.26863 -0.00141084 0.999138 -0.0414917 -0.36519 0.0237622 0.0415135 0.998855 0.991362 0 0 0 1 
7680147070230;0.317185;1.69163;0.980793 -0.0490135 -0.188792 -3.01837 0.0407422 0.998042 -0.0474484 0.0727002 0.190748 0.0388453 0.98087 3.36898 0 0 0 1 
7680147070231;1.12926;1.854;0.999981 0.00208154 0.00573678 -1.57363 -0.0021303 0.999962 0.00850622 -0.384804 -0.00571886 -0.00851828 0.999947 -0.972937 0 0 0 1 
7680147070232;1.51388;1.53556;0.999781 0.0202871 0.00505063 -2.2857 -0.0203797 0.999612 0.0190094 -1.44343 -0.00466302 -0.0191082 0.999807 -1.35931 0 0 0 1 
7680147070233;1.97376;1.95627;0.990787 -0.0231459 -0.133437 -3.6612 0.0651799 0.945165 0.320022 0.46272 0.118713 -0.325771 0.937966 -2.4855 0 0 0 1 
7680147070234;1.9935;1.17251;0.999753 -0.0100892 -0.019809 -1.24661 0.0081457 0.995362 -0.0958521 -0.394963 0.0206842 0.095667 0.995198 -1.28621 0 0 0 1 
7680147070235;1.53051;1.71632;0.986971 -0.0198363 -0.159671 -1.94359 0.0184123 0.999776 -0.0103928 -0.475495 0.159842 0.00731748 0.987116 1.06321 0 0 0 1 
7680147070236;0.104269;1.48763;0.999887 -0.00630622 0.0136575 -1.8789 0.00626016 0.999975 0.00341265 -0.285096 -0.0136787 -0.00332676 0.999901 -0.176148 0 0 0 1 
7680147070237;2.06657;1.32822;0.997582 -0.0139807 -0.0680729 -3.86698 0.00198892 0.984897 -0.173129 -0.605372 0.0694653 0.172575 0.982544 4.0675 0 0 0 1 
7680147070238;1.4657;1.6721;0.916119 0.0281128 0.39992 -1.11743 -0.12919 0.965028 0.228105 -2.26608 -0.379521 -0.260637 0.887712 -8.75959 0 0 0 1 
7680147070239;0.672786;1.19872;0.992399 0.0192215 0.121552 -1.13628 -0.0274752 0.997402 0.066596 -0.592189 -0.119956 -0.0694294 0.990348 -1.87491 0 0 0 1 
7680147070240;1.69401;1.37132;0.998836 0.00382216 0.0480739 -1.40236 -0.00753726 0.996977 0.0773368 0.0950846 -0.0476329 -0.0776092 0.995845 0.480021 0 0 0 1 
7680147070241;1.89764;1.51475;0.996358 -0.0115762 -0.084479 -1.4838 0.0293442 0.976776 0.212242 -0.305312 0.0800602 -0.213948 0.973559 -3.09975 0 0 0 1 
7680147070242;1.04234;1.38396;0.997913 -0.0213391 -0.0609478 -2.69672 0.0218445 0.999732 0.00763838 0.0489439 0.0607685 -0.00895381 0.998112 1.53961 0 0 0 1 
7680147070243;1.63774;1.67782;0.969652 0.0163295 0.243944 -3.09382 -0.025822 0.999027 0.0357655 -1.28494 -0.243123 -0.0409792 0.96913 -4.06016 0 0 0 1 
7680147070244;2.23994;2.19875;0.996384 -0.0115539 -0.0841762 -1.7015 0.0292738 0.976734 0.212445 0.556199 0.0797632 -0.214141 0.973541 1.16956 0 0 0 1 
7680147070245;0.410551;1.46446;0.999766 -0.00507483 -0.0210353 -1.79518 0.00516657 0.999977 0.00430959 -0.373598 0.021013 -0.00441726 0.999769 -0.215963 0 0 0 1 
7680147070246;0.921508;1.11379;0.994602 -0.0236495 -0.10103 -1.50824 0.018574 0.998532 -0.0508858 -0.209021 0.102085 0.0487346 0.993581 0.88166 0 0 0 1 
7680147070248;1.50847;1.21834;0.973414 -0.0134405 -0.228659 0.362823 0.081164 0.953743 0.289459 9.76877 0.214191 -0.300323 0.929478 22.5034 0 0 0 1 
7680147070249;1.33018;1.56975;0.993994 0.0945947 0.055022 2.99255 -0.0946629 0.995508 -0.00137017 -5.95788 -0.0549044 -0.0038466 0.998484 -3.75402 0 0 0 1 
7680147070250;0.124558;0.893844;0.999646 0.0190475 0.0185605 1.57981 -0.0190511 0.999819 2.03874e-05 -0.858632 -0.0185568 -0.000373979 0.999828 -1.91636 0 0 0 1 
7680147070251;0.53556;1.51041;0.98156 0.102478 0.161362 0.278743 -0.118752 0.988402 0.0946499 -8.98759 -0.149791 -0.112067 0.982346 -12.392 0 0 0 1 
7680147070252;1.1295;1.13037;0.989065 0.0790091 0.124533 0.68014 -0.0705339 0.994975 -0.0710614 -5.38047 -0.129522 0.0615005 0.989668 -10.0986 0 0 0 1 
7680147070253;0.578449;1.00268;0.998581 0.0122687 -0.0518119 1.70298 -0.0121585 0.999923 0.00244168 0.230214 0.0518379 -0.00180826 0.998654 5.12141 0 0 0 1 
7680147070254;1.15198;0.83776;0.999459 0.0326971 0.00346356 2.26945 -0.0327014 0.999464 0.00117915 -1.09492 -0.00342315 -0.00129178 0.999993 -1.98382 0 0 0 1 
7680147070255;0.370863;1.26567;0.996465 0.0600283 0.0587774 1.56088 -0.0809896 0.872362 0.482104 -3.53593 -0.0223353 -0.48516 0.87414 1.82627 0 0 0 1 
7680147070256;1.32328;1.04593;0.966957 0.0876622 0.239392 -1.80191 -0.0401519 0.97967 -0.196559 -3.11165 -0.251756 0.180452 0.950818 -26.5714 0 0 0 1 
7680147070257;0.807316;0.941528;0.971663 -0.0373114 -0.233408 -0.356198 -0.0112686 0.979028 -0.203413 -0.751501 0.236102 0.200279 0.950865 19.9774 0 0 0 1 
7680147070258;0.260139;1.14053;0.952937 0.156793 0.259474 -2.68537 -0.119742 0.980945 -0.152997 -10.0149 -0.278519 0.114726 0.953554 -26.4642 0 0 0 1 
7680147070259;0.965988;1.13575;0.989112 0.0398233 0.141674 0.723593 -0.0495877 0.996582 0.0660714 -3.12849 -0.138559 -0.0723773 0.987706 -11.955 0 0 0 1 
7680147070260;0.831214;1.19312;0.997942 0.0616558 -0.0176074 1.98553 -0.0581112 0.985715 0.158081 -2.38433 0.0271025 -0.156733 0.987269 3.28543 0 0 0 1 
7680147070261;1.06706;1.10765;0.984948 0.0937492 0.145222 0.231381 -0.0556884 0.967453 -0.246848 -3.98636 -0.163637 0.235045 0.958111 -18.7447 0 0 0 1 
7680147070262;1.52451;1.58363;0.989487 0.0565941 0.133088 1.66315 -0.0578461 0.99831 0.00555688 -4.6064 -0.132549 -0.0131971 0.991089 -13.8218 0 0 0 1 
7680147070263;1.15131;1.2743;0.995695 0.081686 0.0438032 0.453229 -0.0804008 0.996301 -0.030342 -6.96009 -0.0461197 0.0266895 0.998579 -6.46793 0 0 0 1 
7680147070264;1.15529;1.02392;0.998118 0.0593331 0.0155001 0.757658 -0.0592559 0.998228 -0.00539392 -4.38164 -0.0157927 0.0044653 0.999865 0.603879 0 0 0 1 
