#;prob_registration_l1 -r /home/probabilistic_point_clouds_registration/build/tester /home/point_clouds_registration_benchmark//devel/registration_pairs/gazebo_winter_local.txt /home/point_clouds_registration_benchmark//eth/gazebo_winter -s 0.2 -t 0.2 -p 0.3 -r 1000 -m 25 -i 40 
id;initial_error;final_error;transformation
38591597440000;0.538033;0.0330283;0.993503 -0.101045 -0.0523645 -0.386461 0.102847 0.994152 0.0329404 -0.435178 0.0487298 -0.0381119 0.998085 0.545468 0 0 0 1 
38591597440001;0.518725;0.190541;0.977843 0.122687 0.169622 -0.107326 -0.137637 0.987299 0.0793489 0.230971 -0.157732 -0.100937 0.98231 -0.0122846 0 0 0 1 
38591597440002;0.466312;0.0285186;0.983868 -0.132914 0.119741 0.0540051 0.137163 0.990154 -0.0279386 -0.310143 -0.114849 0.043912 0.992412 -0.217568 0 0 0 1 
38591597440003;0.369171;0.0393193;0.979945 0.199266 0.00048323 -0.189334 -0.199266 0.979939 0.00359914 0.777242 0.000243649 -0.00362325 0.999993 0.381211 0 0 0 1 
38591597440004;0.566929;0.264385;0.948172 0.194153 -0.251545 0.878685 -0.191201 0.980877 0.0363706 0.601997 0.253796 0.0136101 0.967162 -1.55778 0 0 0 1 
38591597440005;0.214626;0.0262512;0.994882 -0.0821029 -0.0588897 0.00830239 0.0817458 0.996617 -0.00845109 -0.290665 0.0593844 0.00359386 0.998229 -0.595059 0 0 0 1 
38591597440006;0.296525;0.0326013;0.960044 -0.220121 -0.172807 0.176097 0.241706 0.963441 0.115588 -1.00133 0.141046 -0.152738 0.97815 -0.353714 0 0 0 1 
38591597440007;0.55939;0.039309;0.990022 0.140899 -0.00197025 0.0602814 -0.140414 0.987602 0.0701889 0.190798 0.0118353 -0.069212 0.997532 -0.869079 0 0 0 1 
38591597440008;0.573696;0.0254078;0.909237 0.00493139 0.416249 0.313169 -0.10971 0.967417 0.228186 0.463077 -0.401561 -0.253142 0.880152 2.4544 0 0 0 1 
38591597440009;0.226381;0.00693522;0.999468 -0.0273724 0.0177295 0.0538769 0.0266756 0.998906 0.038413 0.0596271 -0.0187616 -0.0379196 0.999105 -0.249576 0 0 0 1 
38591597440010;0.405479;0.0319181;0.934897 -0.111813 0.336846 0.0831664 0.224648 0.921188 -0.317719 -0.766042 -0.274774 0.372706 0.886335 1.65889 0 0 0 1 
38591597440011;0.432428;0.17119;0.985879 -0.15844 -0.0542127 0.21731 0.167351 0.943746 0.285196 -1.10307 0.00597666 -0.290241 0.956935 -0.274438 0 0 0 1 
38591597440012;0.493861;0.0450569;0.996178 -0.00425587 -0.087238 0.345525 -0.000549441 0.998487 -0.0549849 -0.233259 0.0873401 0.0548227 0.994669 0.331616 0 0 0 1 
38591597440013;0.489902;0.259918;0.973699 0.120522 0.193349 -0.0934961 -0.128845 0.99118 0.0310176 0.102776 -0.187905 -0.0551139 0.98064 0.455387 0 0 0 1 
38591597440014;0.265078;0.0339705;0.950846 -0.0583497 0.304118 -0.0722719 0.0905672 0.991546 -0.0929217 -0.26622 -0.296125 0.115897 0.948092 1.44208 0 0 0 1 
38591597440015;0.50504;0.0193099;0.943321 -0.323763 0.072954 0.399773 0.297301 0.922062 0.247818 -1.6795 -0.147502 -0.212082 0.966056 0.167388 0 0 0 1 
38591597440016;0.306367;0.0300713;0.961117 0.116271 -0.250471 0.278987 -0.0685691 0.979114 0.191399 0.0043174 0.267494 -0.166782 0.949016 -1.3543 0 0 0 1 
38591597440017;0.306001;0.0344115;0.991435 -0.130039 0.012071 -0.203567 0.130568 0.988949 -0.0702216 -0.900059 -0.00280607 0.0711963 0.997458 0.105185 0 0 0 1 
38591597440018;0.310987;0.0326897;0.975743 0.218323 -0.0161261 0.471435 -0.218537 0.975743 -0.012935 1.03207 0.0129109 0.0161454 0.999786 -0.304289 0 0 0 1 
38591597440019;0.565481;0.0131976;0.985837 -0.16088 0.0473686 -0.561926 0.145177 0.960048 0.239229 -0.247346 -0.0839633 -0.228964 0.969807 -0.146772 0 0 0 1 
38591597440020;0.471158;0.0375603;0.948213 -0.317368 -0.0130687 -0.0200406 0.309126 0.931485 -0.191773 -1.28801 0.0730358 0.177802 0.981352 0.287259 0 0 0 1 
38591597440021;0.264772;0.161776;0.976752 0.127092 0.172634 -0.0329815 -0.135307 0.990126 0.0366327 0.389873 -0.166274 -0.0591397 0.984305 0.586026 0 0 0 1 
38591597440022;0.382739;0.0342793;0.994421 -0.0306815 -0.100921 -0.290414 0.03709 0.997371 0.0622488 -0.47579 0.0987459 -0.0656447 0.992945 -0.0803376 0 0 0 1 
38591597440023;0.504596;0.298846;0.995356 0.0944523 -0.0185576 0.0264509 -0.0954234 0.993548 -0.0612915 0.479661 0.0126487 0.0627777 0.997947 -0.544605 0 0 0 1 
38591597440024;0.223621;0.0210945;0.997257 -0.052163 0.0525037 -0.0277927 0.0639757 0.964247 -0.257168 0.0564538 -0.0372118 0.259821 0.964939 0.32533 0 0 0 1 
38591597440025;0.497841;0.025979;0.937528 -0.230762 0.260366 -0.350118 0.26539 0.958262 -0.106313 -1.34405 -0.224966 0.16877 0.959639 0.630507 0 0 0 1 
38591597440026;0.507307;0.26175;0.966983 -0.128494 -0.220076 0.415134 0.141451 0.988963 0.0440971 -0.436375 0.211981 -0.0737711 0.974486 -0.603699 0 0 0 1 
38591597440027;0.37107;0.0298473;0.996075 0.0034147 0.0884471 -0.23975 -0.0443479 0.884037 0.465308 0.118504 -0.0766016 -0.467404 0.880719 0.348708 0 0 0 1 
38591597440028;0.144155;0.0306591;0.986227 -0.156743 -0.0528047 0.0309139 0.155383 0.987429 -0.0289705 -0.57115 0.0566819 0.0203666 0.998185 -0.151567 0 0 0 1 
38591597440029;0.386592;0.0232504;0.933344 -0.3243 0.153943 0.044536 0.275766 0.92226 0.270906 -1.44063 -0.229831 -0.210396 0.950217 0.855252 0 0 0 1 
38591597440031;0.613756;0.206068;0.9595 -0.0843735 -0.268778 0.167641 0.0645363 0.994555 -0.0818203 -0.863053 0.274218 0.0611606 0.959721 -1.28907 0 0 0 1 
38591597440032;0.317715;0.0417025;0.934969 0.298229 -0.192072 1.0113 -0.318048 0.944557 -0.0815884 1.47624 0.157091 0.137371 0.977983 -0.423242 0 0 0 1 
38591597440033;0.586776;0.0477957;0.926365 -0.101607 0.362663 0.455204 0.0838708 0.994396 0.0643655 0.120823 -0.367171 -0.0292091 0.929695 1.46216 0 0 0 1 
38591597440034;0.22655;0.0396521;0.986196 -0.142902 0.0836388 -0.330232 0.157013 0.967469 -0.198372 -0.969902 -0.05257 0.208766 0.976552 0.624091 0 0 0 1 
38591597440035;0.489052;0.0378397;0.985944 -0.0925491 0.139102 -0.0150254 0.105918 0.990111 -0.091982 -1.26909 -0.129214 0.105422 0.985997 0.74882 0 0 0 1 
38591597440036;0.235684;0.0403481;0.986292 -0.164986 0.00275654 -0.140748 0.165005 0.986025 -0.0229708 -0.529318 0.00107183 0.0231107 0.999732 -0.0404164 0 0 0 1 
38591597440037;0.200232;0.0412276;0.994766 0.09965 0.0225767 0.14381 -0.0997306 0.995011 0.00246732 0.390792 -0.0222182 -0.00470599 0.999742 -0.233688 0 0 0 1 
38591597440038;0.419626;0.217703;0.991009 0.127062 -0.0419135 0.189801 -0.132446 0.976023 -0.172732 0.631958 0.0189608 0.17673 0.984077 0.669593 0 0 0 1 
38591597440039;0.360484;0.037351;0.998746 -0.0182146 0.0466372 -0.0816583 0.0250711 0.988225 -0.150943 -0.259882 -0.0433387 0.151922 0.987442 -0.077065 0 0 0 1 
38591597440040;0.46013;0.0365772;0.87952 0.236155 -0.413129 1.39203 -0.245475 0.968899 0.0312497 0.928953 0.40766 0.0739281 0.910136 -1.94068 0 0 0 1 
38591597440041;0.266595;0.0374074;0.998446 0.0544997 0.0116724 -0.323032 -0.0546426 0.99843 0.0122926 0.151824 -0.0109841 -0.0129113 0.999856 0.06172 0 0 0 1 
38591597440042;0.263344;0.0535592;0.965815 0.217937 -0.140372 0.580062 -0.202808 0.972504 0.114474 0.471016 0.16146 -0.0820919 0.983459 -0.729056 0 0 0 1 
38591597440043;0.518284;0.0458333;0.961898 0.268139 -0.0534204 1.00865 -0.261011 0.958751 0.112559 1.08647 0.0813984 -0.0943274 0.992208 -1.28651 0 0 0 1 
38591597440044;0.328581;0.0376264;0.963308 0.251645 0.0933369 0.546068 -0.243686 0.96578 -0.0888053 1.24228 -0.11249 0.0628021 0.991666 0.92183 0 0 0 1 
38591597440045;0.358212;0.045655;0.977781 0.165052 0.129239 0.125662 -0.169004 0.985409 0.0201499 0.913528 -0.124028 -0.041544 0.991409 0.869656 0 0 0 1 
38591597440046;0.061941;0.0539607;0.99941 -0.00974751 0.0329425 -0.00119288 0.00889454 0.999624 0.0259406 -0.0728841 -0.0331829 -0.0256323 0.999121 0.0637694 0 0 0 1 
38591597440047;0.281023;0.0521604;0.982698 0.171458 -0.0700431 0.531397 -0.163046 0.980241 0.111995 0.404196 0.0878614 -0.0986366 0.991237 -0.939903 0 0 0 1 
38591597440048;0.595102;0.0483968;0.986487 0.0527585 -0.155114 -0.00716549 -0.00276489 0.951962 0.306204 -0.867675 0.163818 -0.301637 0.939244 -2.0482 0 0 0 1 
38591597440049;0.461067;0.0275959;0.897569 0.125625 -0.422596 0.966807 -0.207929 0.965864 -0.154508 0.848757 0.38876 0.226551 0.893051 -1.62795 0 0 0 1 
38591597440050;0.266343;0.0305996;0.998895 0.0111389 -0.0456558 0.0522773 -0.0245179 0.952332 -0.304077 0.176638 0.0400924 0.30486 0.951553 0.137269 0 0 0 1 
38591597440051;0.432966;0.0427109;0.926971 0.189109 -0.323978 1.09304 -0.187575 0.981581 0.0362666 1.07878 0.324869 0.027152 0.945369 -1.20474 0 0 0 1 
38591597440052;0.0767887;0.0295622;0.994597 -0.0178351 0.10227 -0.0616224 0.0204553 0.999487 -0.0246295 -0.0974423 -0.101778 0.0265884 0.994452 0.443139 0 0 0 1 
38591597440053;0.465189;0.048296;0.972343 0.224486 -0.0644577 0.954695 -0.217784 0.971165 0.0969983 1.40178 0.0843738 -0.0802778 0.993195 -0.423344 0 0 0 1 
38591597440054;0.503874;0.0466445;0.997122 0.0469546 0.0595208 -0.752284 -0.0518137 0.995209 0.0829128 0.137103 -0.0553425 -0.0857582 0.994778 0.219203 0 0 0 1 
38591597440055;0.362809;0.0483896;0.993596 -0.112504 0.0104935 -0.218978 0.112517 0.99365 -0.000626996 -0.648821 -0.0103563 0.00180368 0.999945 -0.547202 0 0 0 1 
38591597440056;0.349297;0.0540253;0.951772 0.283017 0.118451 0.609623 -0.306298 0.898713 0.313841 0.854815 -0.0176311 -0.334987 0.942058 -0.363535 0 0 0 1 
38591597440057;0.335627;0.0395082;0.9275 -0.0179932 -0.373391 0.534673 0.0351099 0.998619 0.0390906 -0.123737 0.372172 -0.0493663 0.92685 -1.68406 0 0 0 1 
38591597440058;0.689618;0.573645;0.997066 0.0602659 -0.0471851 0.0420638 -0.0610273 0.998025 -0.0148647 0.373122 0.0461961 0.0177007 0.998776 -0.50591 0 0 0 1 
38591597440059;0.45308;0.0232759;0.999963 0.00766259 0.00392665 -0.390152 -0.00763229 0.999941 -0.00767317 -0.333694 -0.00398522 0.00764291 0.999963 -0.550881 0 0 0 1 
38591597440060;0.265486;0.0359762;0.995804 -0.0891683 0.020565 -0.00618155 0.0877156 0.994142 0.0631409 -0.653003 -0.0260747 -0.0610721 0.997793 0.287439 0 0 0 1 
38591597440062;0.128316;0.0470963;0.996913 -0.0782448 0.00643213 -0.251018 0.0764672 0.986287 0.146253 -0.514019 -0.0177874 -0.145309 0.989226 -0.411139 0 0 0 1 
38591597440063;0.451456;0.0512723;0.996087 -0.033438 0.0818121 -0.271018 0.00554603 0.947492 0.319732 -0.522961 -0.0882075 -0.318027 0.943969 0.196336 0 0 0 1 
38591597440064;0.130373;0.0526883;0.997978 0.063555 0.00108926 -0.00695162 -0.0632366 0.994424 -0.0843975 0.204923 -0.00644707 0.0841579 0.996432 0.168674 0 0 0 1 
38591597440065;0.480669;0.0492282;0.950786 0.0822038 0.298743 -0.0740492 -0.0612358 0.995 -0.0788993 0.364218 -0.303735 0.0567226 0.951066 0.843331 0 0 0 1 
38591597440066;0.373674;0.0645915;0.917741 0.0319856 0.39589 0.0699992 -0.0723595 0.993536 0.08747 0.367949 -0.390533 -0.108921 0.914123 1.67246 0 0 0 1 
38591597440067;0.212733;0.0552084;0.984425 0.141899 0.103791 0.269168 -0.164788 0.950482 0.263494 0.400106 -0.0612622 -0.276494 0.959061 -0.400262 0 0 0 1 
38591597440068;0.0642751;0.0446047;0.998467 -0.0381246 -0.0401246 -0.145343 0.0359405 0.997904 -0.0538148 -0.116274 0.0420922 0.0522902 0.997744 -0.0429694 0 0 0 1 
38591597440069;0.225205;0.0460366;0.993872 -0.0545014 -0.0961704 -0.143017 0.0471267 0.995889 -0.0773569 -0.157991 0.0999911 0.0723507 0.992354 -0.64255 0 0 0 1 
38591597440070;0.596655;0.0404404;0.983532 -0.133071 0.122297 -1.05418 0.145331 0.984571 -0.0974625 -0.00724997 -0.10744 0.113631 0.987697 0.480685 0 0 0 1 
38591597440071;0.538974;0.0530801;0.968032 0.204129 0.14576 0.231053 -0.231776 0.950119 0.208697 1.2253 -0.0958886 -0.235809 0.967057 0.43031 0 0 0 1 
38591597440072;0.398938;0.0597844;0.986966 0.0817044 -0.138644 0.327721 -0.126862 0.92509 -0.357931 0.933383 0.0990134 0.370855 0.923398 0.19001 0 0 0 1 
38591597440073;0.454646;0.0582592;0.971579 0.236106 0.0169818 0.126981 -0.236084 0.971727 -0.00334289 0.741534 -0.017291 -0.000761257 0.99985 -0.321426 0 0 0 1 
38591597440074;0.403252;0.0616494;0.995307 -0.0966406 0.00491587 0.309462 0.0967608 0.994474 -0.0407299 -0.364007 -0.000952543 0.0410145 0.999158 0.272211 0 0 0 1 
38591597440075;0.606683;0.0812287;0.998441 -0.0463701 -0.0310613 0.274197 0.0306632 0.920761 -0.388921 0.0212094 0.0466343 0.387363 0.920747 1.48476 0 0 0 1 
38591597440076;0.528752;0.0387882;0.999293 0.0228227 -0.0298616 -0.586493 -0.0221168 0.999473 0.0237616 0.24273 0.0303882 -0.0230844 0.999272 0.310849 0 0 0 1 
38591597440077;0.46683;0.400517;0.970873 0.0562488 0.232899 -0.54699 -0.0964801 0.981541 0.165133 0.327162 -0.219312 -0.182793 0.958378 0.440875 0 0 0 1 
38591597440078;0.164495;0.0395866;0.999949 -0.00803632 0.00606459 -0.316322 0.00809262 0.999924 -0.00931716 -0.0678134 -0.00598925 0.00936576 0.999938 0.0838947 0 0 0 1 
38591597440079;0.383028;0.0529562;0.93525 0.0696215 0.347073 0.46373 -0.124094 0.982731 0.137261 0.363725 -0.331523 -0.171443 0.927739 0.624082 0 0 0 1 
38591597440080;0.593423;0.367399;0.996666 -0.0614618 -0.0536607 -0.139703 0.0637162 0.997111 0.0413626 -0.373376 0.0509635 -0.0446438 0.997702 0.33642 0 0 0 1 
38591597440081;0.611108;0.0455095;0.938886 -0.010086 -0.34408 0.933549 -0.10603 0.942497 -0.316948 0.448209 0.327492 0.334061 0.883828 -1.16345 0 0 0 1 
38591597440082;0.502695;0.359794;0.995606 0.0877891 0.0325843 -0.352415 -0.0905198 0.991367 0.094857 0.282007 -0.0239756 -0.0973897 0.994957 -0.659364 0 0 0 1 
38591597440083;0.715049;0.271717;0.985871 -0.0986669 0.135366 -0.30295 0.10872 0.991676 -0.0689859 -0.585504 -0.127433 0.0827282 0.988391 1.64694 0 0 0 1 
38591597440084;0.378082;0.0504446;0.988857 -0.00687632 0.148709 -0.234105 -0.0216647 0.981651 0.189453 -0.0500097 -0.147283 -0.190563 0.970563 -0.433112 0 0 0 1 
38591597440085;0.428084;0.443454;0.998361 0.0367012 0.0439081 -0.131547 -0.037175 0.999259 0.0100215 -0.0479985 -0.0435077 -0.0116374 0.998985 0.218747 0 0 0 1 
38591597440086;0.348552;0.0755189;0.953257 0.208188 -0.218994 0.698423 -0.271322 0.90874 -0.317138 1.09943 0.132984 0.361732 0.922749 0.534715 0 0 0 1 
38591597440087;0.456571;0.0449491;0.970912 -0.237718 -0.028634 -1.01288 0.238471 0.970786 0.0265691 -1.27353 0.0214815 -0.0326247 0.999237 -0.668613 0 0 0 1 
38591597440088;0.581918;0.0490073;0.991398 0.0413184 0.124189 -0.4625 -0.0443211 0.998786 0.0215123 0.522225 -0.123149 -0.0268314 0.992025 -0.305695 0 0 0 1 
38591597440089;0.343578;0.0455269;0.97548 -0.181987 -0.123774 -0.282535 0.138297 0.944329 -0.298524 -0.475325 0.171211 0.274087 0.946342 -0.41469 0 0 0 1 
38591597440090;0.290589;0.0525093;0.994262 -0.103981 0.0251145 -0.273451 0.103641 0.994509 0.0144956 -0.150931 -0.0264839 -0.0118095 0.999579 0.343719 0 0 0 1 
38591597440091;0.344699;0.337174;0.999539 -0.00525307 0.0298886 -0.119318 0.00609192 0.999588 -0.0280442 -0.107849 -0.029729 0.0282134 0.99916 0.158295 0 0 0 1 
38591597440093;0.395285;0.0295154;0.921233 -0.326214 0.211931 -0.0451364 0.337852 0.940983 -0.0201882 -0.0853174 -0.192838 0.0901995 0.977076 -0.218456 0 0 0 1 
38591597440094;0.48271;0.026084;0.900657 0.100783 0.422682 0.0659218 -0.134693 0.989571 0.0510537 0.447824 -0.413128 -0.102914 0.904839 -0.11363 0 0 0 1 
38591597440095;0.208258;0.0218643;0.966393 0.256997 -0.00607507 -0.118824 -0.256679 0.96596 0.0322081 0.257449 0.0141457 -0.0295663 0.999463 0.00878054 0 0 0 1 
38591597440096;0.348707;0.0269835;0.905198 0.36547 -0.216907 0.0443236 -0.32449 0.923938 0.202594 0.330836 0.274451 -0.113003 0.954938 -0.0542338 0 0 0 1 
38591597440097;0.0996698;0.0274993;0.996 -0.0834973 -0.0318015 0.0516691 0.083331 0.996501 -0.0065242 -0.155615 0.032235 0.00384805 0.999473 0.0858607 0 0 0 1 
38591597440098;0.341585;0.0286344;0.918746 -0.297426 0.259697 0.162146 0.265994 0.952293 0.149619 -0.448073 -0.291808 -0.0683843 0.954029 0.431784 0 0 0 1 
38591597440099;0.517514;0.0223571;0.867837 0.253848 0.427107 -0.650202 -0.281478 0.959566 0.00162252 0.574339 -0.409426 -0.121629 0.9042 0.514537 0 0 0 1 
38591597440100;0.554576;0.0235573;0.900238 0.23981 0.363405 -0.816272 -0.225694 0.970782 -0.0815183 -0.326144 -0.372336 -0.00863267 0.928058 0.383223 0 0 0 1 
38591597440101;0.308911;0.0192814;0.997395 0.0109662 -0.0712907 0.421427 -0.0123474 0.999744 -0.0189629 -0.197868 0.0710644 0.0197938 0.997275 -0.678007 0 0 0 1 
38591597440102;0.281264;0.0268791;0.965662 0.226914 0.126519 -0.104254 -0.249288 0.946423 0.205278 0.48688 -0.0731601 -0.229769 0.970492 0.0681364 0 0 0 1 
38591597440103;0.458862;0.0342326;0.941779 -0.322017 0.096739 0.693382 0.302787 0.937334 0.172413 -0.805252 -0.146196 -0.133083 0.980263 -0.0511939 0 0 0 1 
38591597440104;0.179607;0.0229988;0.98057 0.0434463 -0.191298 0.141077 -0.0333556 0.997893 0.0556577 -0.138871 0.193313 -0.0481954 0.979953 -0.247512 0 0 0 1 
38591597440105;0.407802;0.281224;0.985651 -0.153687 -0.0698007 0.096638 0.153993 0.988071 -0.000994919 -0.309458 0.0691209 -0.0097682 0.99756 -0.115089 0 0 0 1 
38591597440106;0.119513;0.0197464;0.998076 -0.00738707 0.0615609 -0.124174 0.0110031 0.99822 -0.0586082 0.0833651 -0.0610184 0.0591728 0.996381 -0.12494 0 0 0 1 
38591597440107;0.268114;0.032532;0.95737 -0.288463 -0.0151936 0.0193504 0.286519 0.954974 -0.0770208 -0.136046 0.0367272 0.0693841 0.996914 0.069975 0 0 0 1 
38591597440108;0.407271;0.0211564;0.925033 0.357574 -0.128276 -0.333652 -0.337432 0.928511 0.154946 0.382128 0.17451 -0.100046 0.97956 0.325451 0 0 0 1 
38591597440109;0.443389;0.0225834;0.974921 0.162958 0.151569 -0.718059 -0.186621 0.969667 0.157856 -0.533055 -0.121247 -0.182183 0.97576 0.0946596 0 0 0 1 
38591597440110;0.432632;0.027587;0.973303 -0.0713828 0.218142 -0.608161 0.127691 0.958154 -0.256194 0.426322 -0.190726 0.277209 0.941689 0.044485 0 0 0 1 
38591597440111;0.338245;0.0252289;0.910804 0.349273 -0.220099 0.0672036 -0.343307 0.936895 0.0660937 0.148412 0.229295 0.0153631 0.973236 -0.0111171 0 0 0 1 
38591597440112;0.277197;0.0194628;0.970528 0.137148 0.198156 -0.342223 -0.100813 0.977916 -0.183074 -0.0642386 -0.218888 0.157702 0.962922 0.247951 0 0 0 1 
38591597440113;0.357829;0.0183781;0.959597 0.28122 0.0094257 -0.10573 -0.281096 0.956597 0.0768624 0.195305 0.0125987 -0.0764065 0.996997 -0.534667 0 0 0 1 
38591597440114;0.246214;0.0227686;0.973624 0.22386 0.0440773 -0.170215 -0.216292 0.967092 -0.133982 0.462196 -0.07262 0.120915 0.990003 -0.0423511 0 0 0 1 
38591597440115;0.388473;0.0344587;0.882927 -0.353736 0.308723 0.153145 0.376757 0.926169 -0.016292 -0.416718 -0.280167 0.130698 0.951012 0.344244 0 0 0 1 
38591597440116;0.336493;0.0389918;0.942998 -0.298111 0.14793 0.272393 0.331227 0.883851 -0.330296 -0.0272557 -0.0322836 0.360467 0.932213 -0.199327 0 0 0 1 
38591597440117;0.374866;0.0243032;0.999711 0.0222077 -0.0092553 0.821109 -0.0219432 0.999374 0.0277577 -0.217119 0.00986594 -0.0275466 0.999572 0.237867 0 0 0 1 
38591597440118;0.178075;0.0248048;0.98579 -0.135002 0.0999579 0.0542063 0.154921 0.960703 -0.230325 0.00298529 -0.0649354 0.242538 0.967966 -0.0162344 0 0 0 1 
38591597440119;0.473817;0.031257;0.984397 -0.173597 0.0287507 1.04259 0.173918 0.984719 -0.00903969 -0.398804 -0.026742 0.0138989 0.999546 0.386989 0 0 0 1 
38591597440120;0.215098;0.0307824;0.968965 -0.24688 0.0125478 0.246883 0.246732 0.969006 0.0122497 -0.346201 -0.0151831 -0.00877358 0.999846 0.0234698 0 0 0 1 
38591597440121;0.418127;0.0270171;0.992066 0.0921506 0.0855198 0.0409072 -0.0978944 0.993033 0.0655879 -0.0246306 -0.07888 -0.0734394 0.994175 1.06373 0 0 0 1 
38591597440122;0.192825;0.0268666;0.971775 0.234102 0.0291518 -0.147729 -0.235909 0.964648 0.117481 0.150113 -0.000618662 -0.121042 0.992647 0.107561 0 0 0 1 
38591597440124;0.0779043;0.044437;0.999351 0.0135847 -0.0333507 0.0304214 -0.0141454 0.999762 -0.0166325 0.101164 0.0331168 0.0170935 0.999305 0.139964 0 0 0 1 
38591597440125;0.14453;0.0410053;0.998862 0.0106628 -0.0464874 0.116154 0.000492257 0.972332 0.233601 -0.168903 0.0476921 -0.233358 0.971221 -0.571715 0 0 0 1 
38591597440126;0.34028;0.0393887;0.952139 -0.156565 0.262525 -0.700457 0.190512 0.975601 -0.109126 -0.22312 -0.239034 0.153918 0.958735 0.303395 0 0 0 1 
38591597440127;0.280733;0.041631;0.975504 -0.110154 0.190415 -0.491543 0.106241 0.993867 0.0306702 0.262988 -0.192625 -0.00968908 0.981225 0.266217 0 0 0 1 
38591597440128;0.300881;0.0444215;0.933641 0.35591 -0.0405385 0.95864 -0.340769 0.917358 0.205745 0.0511459 0.110415 -0.178278 0.977766 -0.547815 0 0 0 1 
38591597440129;0.231531;0.0421055;0.958139 0.0903075 -0.271688 0.521227 -0.0299205 0.975338 0.218679 0.0136604 0.284736 -0.201395 0.937212 -0.71881 0 0 0 1 
38591597440130;0.346361;0.0437662;0.991946 -0.124647 0.0225006 -0.376992 0.124434 0.992171 0.0106183 -0.71526 -0.023648 -0.00773296 0.99969 -0.217915 0 0 0 1 
38591597440131;0.336968;0.406038;0.988276 -0.138039 0.0652409 0.010958 0.138041 0.990416 0.00450351 0.422593 -0.0652373 0.0045552 0.997859 0.143718 0 0 0 1 
38591597440132;0.344656;0.066618;0.902514 0.354337 -0.244773 1.16346 -0.3707 0.928474 -0.0227529 0.206283 0.219203 0.111272 0.969313 0.229644 0 0 0 1 
38591597440133;0.350181;0.0529294;0.988596 0.149792 0.0155106 0.254782 -0.147337 0.98338 -0.106092 -0.391789 -0.0311446 0.102597 0.994235 0.48393 0 0 0 1 
38591597440134;0.561974;0.302436;0.949503 -0.195007 0.245797 0.12221 0.19702 0.980258 0.0166241 0.385171 -0.244186 0.0326424 0.969179 0.922749 0 0 0 1 
38591597440135;0.216019;0.0457331;0.979031 -0.0291941 -0.201607 0.211027 0.0558534 0.990221 0.127841 -0.226127 0.195903 -0.136421 0.971088 -0.572494 0 0 0 1 
38591597440136;0.499684;0.321136;0.994896 -0.100865 0.00292932 0.228678 0.100716 0.994373 0.0328372 0.0180791 -0.00622497 -0.0323745 0.999456 -0.740385 0 0 0 1 
38591597440137;0.297035;0.0345804;0.994823 0.100205 0.0169332 0.106989 -0.0990898 0.99343 -0.0572555 0.702723 -0.0225592 0.0552812 0.998216 0.125788 0 0 0 1 
38591597440138;0.314957;0.0519872;0.938574 0.272087 0.212243 0.746823 -0.279791 0.960039 0.00655112 0.363265 -0.201979 -0.0655324 0.977195 -0.102976 0 0 0 1 
38591597440139;0.155913;0.047089;0.994724 -0.00975288 0.102125 0.169381 0.0261344 0.986718 -0.160325 0.156816 -0.0992049 0.162148 0.981767 0.614089 0 0 0 1 
38591597440140;0.442404;0.0403392;0.983968 -0.067793 0.164958 -0.139535 0.0165375 0.955634 0.294093 -0.236791 -0.177577 -0.28665 0.941434 0.166133 0 0 0 1 
38591597440141;0.257242;0.0393839;0.976671 0.169348 -0.13204 0.764615 -0.108302 0.919407 0.378101 -0.358738 0.185429 -0.354981 0.9163 -1.08263 0 0 0 1 
38591597440142;0.222719;0.0395199;0.977681 0.120266 0.172265 0.237877 -0.122581 0.992455 0.0028234 0.186906 -0.170626 -0.0238768 0.985047 0.295462 0 0 0 1 
38591597440143;0.482302;0.0497754;0.941754 0.177361 -0.285732 0.839472 -0.0933898 0.954133 0.284446 -0.7749 0.323076 -0.241194 0.915122 -0.767387 0 0 0 1 
38591597440144;0.255934;0.0398331;0.997111 0.0746107 -0.0142757 0.320843 -0.0744262 0.997141 0.0130477 0.339033 0.0152084 -0.0119476 0.999813 -0.527438 0 0 0 1 
38591597440145;0.370694;0.380124;0.964491 -0.126808 -0.231683 0.303836 0.113348 0.991046 -0.0705665 0.478404 0.238557 0.0418 0.970228 -0.134772 0 0 0 1 
38591597440146;0.299941;0.0540791;0.996131 0.0638848 -0.0603483 0.26345 -0.0693651 0.993193 -0.0935703 -0.105035 0.0539598 0.0973944 0.993782 0.774037 0 0 0 1 
38591597440147;0.410512;0.0499858;0.984193 -0.174216 0.0318387 -0.742548 0.1744 0.98467 -0.00308082 0.186464 -0.0308139 0.0085848 0.999488 -0.593758 0 0 0 1 
38591597440148;0.471802;0.41171;0.967339 -0.196831 -0.159728 0.229327 0.201898 0.979276 0.0159811 0.265968 0.153272 -0.0477079 0.987032 -0.0791307 0 0 0 1 
38591597440149;0.337741;0.0358437;0.999962 0.0030731 -0.00818489 0.143186 -0.00312141 0.999978 -0.00589586 0.265133 0.00816659 0.00592119 0.999949 -0.6909 0 0 0 1 
38591597440150;0.131256;0.0432774;0.998604 -0.052572 -0.00504655 -0.176347 0.0525459 0.998605 -0.0051609 0.0788433 0.00531083 0.00488852 0.999974 -0.205736 0 0 0 1 
38591597440151;0.387023;0.388238;0.993636 -0.0585889 -0.0961984 0.126906 0.0598706 0.998151 0.010489 0.198249 0.0954059 -0.0161817 0.995307 0.276671 0 0 0 1 
38591597440152;0.263342;0.339353;0.994836 -0.100959 -0.0104312 0.0704354 0.100996 0.994882 0.0030711 0.426351 0.0100677 -0.00410876 0.999941 0.0579768 0 0 0 1 
38591597440153;0.441403;0.0412527;0.989675 0.132124 -0.0555595 0.427531 -0.122095 0.980173 0.156054 0.566761 0.0750765 -0.147659 0.986185 0.234734 0 0 0 1 
38591597440155;0.258376;0.0110905;0.99869 0.0436596 0.0266946 -0.591935 -0.0448302 0.997983 0.0449496 0.22821 -0.0246783 -0.0460874 0.998633 0.524612 0 0 0 1 
38591597440156;0.221561;0.00796197;0.999771 0.0110523 -0.0183291 0.0366945 -0.0124275 0.996977 -0.0766939 0.014376 0.017426 0.0769041 0.996886 -0.704637 0 0 0 1 
38591597440157;0.430412;0.287121;0.992183 -0.0909542 -0.0854362 0.421646 0.0781625 0.986676 -0.142689 0.102774 0.097276 0.134896 0.986073 -0.491277 0 0 0 1 
38591597440158;0.209175;0.00690594;0.987782 0.0357539 0.151683 -0.102549 -0.0421626 0.99834 0.0392459 0.181298 -0.150028 -0.0451618 0.98765 0.64117 0 0 0 1 
38591597440159;0.222826;0.00888757;0.96369 -0.222335 -0.147883 -0.0121734 0.212474 0.973916 -0.0796354 -0.247651 0.161732 0.0453224 0.985793 -0.231967 0 0 0 1 
38591597440160;0.348174;0.00891802;0.997939 0.0461883 -0.0445457 -0.252829 -0.0492655 0.996284 -0.0706538 0.908947 0.0411167 0.0727027 0.996506 -0.547293 0 0 0 1 
38591597440161;0.528254;0.386883;0.994486 -0.090298 -0.0533308 0.275766 0.0885684 0.995491 -0.0339552 -0.318476 0.0561564 0.0290445 0.997999 0.121063 0 0 0 1 
38591597440162;0.274646;0.00849234;0.997488 -0.0699792 -0.0109696 -0.721945 0.0700543 0.997521 0.00661394 -0.0263 0.0104795 -0.00736579 0.999918 -0.133232 0 0 0 1 
38591597440163;0.298037;0.0093775;0.962671 -0.268059 -0.0375382 0.589418 0.269718 0.96165 0.0498114 -0.159791 0.0227462 -0.0580767 0.998053 -0.264629 0 0 0 1 
38591597440164;0.263298;0.00831397;0.976726 0.182251 -0.113097 -0.262763 -0.177613 0.982835 0.0499009 0.0784633 0.12025 -0.028652 0.99233 0.544342 0 0 0 1 
38591597440165;0.352749;0.00552427;0.977533 0.208325 -0.0320961 -0.594634 -0.210424 0.955615 -0.206208 0.602817 -0.0122868 0.208329 0.977982 -0.423356 0 0 0 1 
38591597440166;0.206209;0.00770253;0.982788 -0.181926 0.0321079 0.326143 0.183421 0.981646 -0.0522269 0.221056 -0.0220172 0.0572172 0.998119 -0.207981 0 0 0 1 
38591597440167;0.319448;0.00728658;0.999945 -0.00371442 0.00980273 0.340927 0.00374863 0.999987 -0.00347386 -0.461351 -0.00978969 0.00351042 0.999946 -0.754511 0 0 0 1 
38591597440168;0.116047;0.00759588;0.999796 0.0159008 -0.01247 -0.0164548 -0.0174024 0.991179 -0.13138 0.121389 0.0102709 0.13157 0.991254 -0.21366 0 0 0 1 
38591597440169;0.218803;0.011817;0.997578 -0.0269639 0.0641214 0.00863983 0.010599 0.969971 0.24299 -0.221159 -0.0687479 -0.241722 0.967907 0.483892 0 0 0 1 
38591597440170;0.167043;0.00753112;0.999618 0.00834013 -0.0263332 0.0623098 -0.00820332 0.999952 0.0052992 -0.0811347 0.0263761 -0.00508116 0.999639 -0.483841 0 0 0 1 
38591597440171;0.339075;0.0101277;0.962645 -0.251978 0.0991005 0.4615 0.253692 0.967273 -0.00487641 0.0615173 -0.0946285 0.0298352 0.995065 0.674077 0 0 0 1 
38591597440172;0.374586;0.00914245;0.976625 -0.0876667 -0.196261 1.06193 0.0512255 0.981667 -0.18359 0.0891177 0.208758 0.169245 0.963212 -0.0350543 0 0 0 1 
38591597440173;0.118391;0.00726145;0.997704 0.0260121 0.0625377 -0.298721 -0.0237461 0.999044 -0.0367094 0.0355112 -0.0634328 0.0351401 0.997367 0.169287 0 0 0 1 
38591597440174;0.158802;0.0138558;0.993166 -0.0367685 0.110768 -0.122189 0.0140036 0.979764 0.199665 -0.108747 -0.115868 -0.19675 0.973583 0.204305 0 0 0 1 
38591597440175;0.263758;0.00746649;0.963533 0.184557 0.193759 -0.558612 -0.199518 0.978019 0.0606008 0.0773363 -0.178316 -0.0970493 0.979176 0.359496 0 0 0 1 
38591597440176;0.174741;0.0092461;0.998693 -0.0503468 0.00882101 0.0623987 0.0480179 0.983275 0.17568 -0.372112 -0.0175184 -0.175027 0.984408 0.149076 0 0 0 1 
38591597440177;0.253101;0.00656503;0.992358 0.120771 0.025312 -0.617161 -0.120087 0.992396 -0.0269963 -0.326407 -0.0283799 0.0237504 0.999315 -0.197867 0 0 0 1 
38591597440178;0.247175;0.00874605;0.996655 0.0773173 0.0264627 -0.346956 -0.0759575 0.995905 -0.0490229 -0.566095 -0.0301447 0.0468489 0.998447 -0.155619 0 0 0 1 
38591597440179;0.388374;0.347803;0.99749 -0.0683221 0.0185917 -0.0209337 0.0689184 0.997057 -0.03359 -0.0183596 -0.0162421 0.034787 0.999263 0.0464626 0 0 0 1 
38591597440180;0.287474;0.0064944;0.90588 0.290205 -0.308484 -0.0365365 -0.274795 0.956964 0.0933097 0.228412 0.322287 0.000242542 0.946642 -0.340716 0 0 0 1 
38591597440181;0.269146;0.00743046;0.998907 -0.0340377 0.032038 0.232395 0.0307807 0.994791 0.097176 -0.736927 -0.0351788 -0.0960836 0.994751 -0.1263 0 0 0 1 
38591597440182;0.36237;0.00560764;0.950905 0.284461 0.12191 -0.738032 -0.299946 0.944124 0.136611 0.0917039 -0.0762375 -0.16647 0.983095 -0.160219 0 0 0 1 
38591597440183;0.418551;0.0105164;0.936329 -0.350434 0.0219889 0.878401 0.349082 0.922318 -0.165744 -0.480596 0.0378016 0.162867 0.985924 -0.123863 0 0 0 1 
38591597440184;0.369769;0.00975512;0.999596 -0.0230406 0.0166631 -0.798009 0.0252552 0.988672 -0.147953 -0.0609958 -0.0130654 0.148314 0.988854 -0.6905 0 0 0 1 
38591597440186;0.226268;0.0456674;0.999974 -0.00504441 0.00520972 -0.111789 0.00497846 0.999908 0.0125952 -0.282262 -0.00527278 -0.012569 0.999907 0.0659144 0 0 0 1 
38591597440187;0.539163;0.0797603;0.957058 -0.277265 0.0846464 0.334715 0.276094 0.960793 0.0254734 -1.15842 -0.0883905 -0.00100922 0.996085 0.744661 0 0 0 1 
38591597440188;0.243538;0.0417115;0.9712 0.179009 0.157246 -0.243627 -0.202118 0.968437 0.145874 0.540043 -0.12617 -0.173455 0.976727 0.459013 0 0 0 1 
38591597440189;0.327282;0.0687856;0.998782 -0.0156394 -0.0467913 0.164713 0.0182857 0.998225 0.0566719 -0.185214 0.0458219 -0.0574585 0.997296 -0.56916 0 0 0 1 
38591597440190;0.477387;0.0373312;0.945382 0.107306 0.307796 -0.118775 -0.184344 0.954759 0.233351 0.416614 -0.268831 -0.277346 0.922393 1.38844 0 0 0 1 
38591597440191;0.452785;0.0791581;0.992293 0.00600735 0.123768 -0.0134069 -0.0607448 0.894157 0.443615 -0.118377 -0.108003 -0.447714 0.88763 0.943184 0 0 0 1 
38591597440192;0.627235;0.436342;0.99908 -0.04108 0.0123027 0.3109 0.0398669 0.99546 0.0864293 -0.511143 -0.0157974 -0.0858593 0.996182 0.695426 0 0 0 1 
38591597440193;0.3706;0.0480135;0.999911 0.00440394 0.0126229 -0.0999426 -0.00253425 0.989505 -0.144475 0.227409 -0.0131267 0.14443 0.989428 -0.485565 0 0 0 1 
38591597440194;0.358294;0.04139;0.983206 0.150751 0.102855 0.239903 -0.151935 0.988384 0.00372294 0.106663 -0.101099 -0.0192876 0.994689 0.16314 0 0 0 1 
38591597440195;0.380792;0.046974;0.934974 0.290901 -0.202978 0.0509583 -0.292282 0.956035 0.0238217 0.802569 0.200984 0.0370541 0.978894 -0.298259 0 0 0 1 
38591597440196;0.614704;0.600657;0.993084 -0.0721065 -0.0926578 0.0881638 0.088188 0.979106 0.183235 -0.356569 0.0775093 -0.190139 0.978693 0.232813 0 0 0 1 
38591597440197;0.540834;0.174543;0.976691 0.194904 -0.0899306 0.378866 -0.198086 0.979789 -0.0278452 0.615584 0.0826859 0.0450101 0.995559 -1.02716e-05 0 0 0 1 
38591597440198;0.653732;0.0324931;0.972832 0.229906 -0.0272265 0.033254 -0.228763 0.936533 -0.265656 0.313653 -0.0355774 0.264667 0.963683 0.526889 0 0 0 1 
38591597440199;0.0659977;0.0422218;0.999696 -0.0206123 0.0135468 -0.0493787 0.0207157 0.999757 -0.00753434 -0.0801535 -0.0133882 0.00781268 0.99988 0.00562305 0 0 0 1 
38591597440200;0.599375;0.0521172;0.998072 0.0604055 -0.0142931 0.509599 -0.060359 0.99817 0.00366382 0.718947 0.0144883 -0.00279404 0.999891 0.111821 0 0 0 1 
38591597440201;0.617035;0.0420514;0.995488 0.0539152 0.0780764 0.411233 -0.0342259 0.971516 -0.234488 0.208182 -0.088495 0.230758 0.968979 -0.534223 0 0 0 1 
38591597440202;0.728849;0.0925343;0.910648 -0.0421077 -0.411032 0.632572 0.151132 0.959803 0.23651 -0.773232 0.384551 -0.277497 0.880407 -0.0575653 0 0 0 1 
38591597440203;0.628996;0.163374;0.980882 0.190331 -0.0405472 0.531561 -0.188706 0.981188 0.0407407 0.666533 0.0475387 -0.0323103 0.998347 0.0624711 0 0 0 1 
38591597440204;0.361491;0.0611729;0.972429 -0.232333 -0.0200906 0.0223074 0.232968 0.971692 0.0392469 -0.664573 0.0104035 -0.0428453 0.999028 0.265057 0 0 0 1 
38591597440205;0.426394;0.0436749;0.980138 0.148279 0.131691 -0.405244 -0.173618 0.9625 0.208447 0.271862 -0.0958445 -0.227171 0.969127 0.706021 0 0 0 1 
38591597440206;0.39785;0.0446901;0.982867 0.0962625 0.157184 -0.0112478 -0.147701 0.921485 0.359235 0.240023 -0.110262 -0.376296 0.919915 0.832298 0 0 0 1 
38591597440207;0.654746;0.0524129;0.988362 0.1463 0.0416825 -0.555133 -0.14853 0.987283 0.0566583 -0.185311 -0.0328634 -0.06219 0.997523 0.459893 0 0 0 1 
38591597440208;0.405729;0.0467231;0.962736 -0.0296758 0.268811 -0.144512 -0.0263862 0.978912 0.202569 -0.440895 -0.269154 -0.202114 0.941651 0.628461 0 0 0 1 
38591597440209;0.302589;0.0419983;0.943856 0.330355 0.00079459 -0.16526 -0.330233 0.943438 0.0295053 0.951475 0.00899756 -0.0281111 0.999564 0.0390234 0 0 0 1 
38591597440210;0.290612;0.0460998;0.996276 0.0831667 -0.0227528 -0.120367 -0.0860997 0.973688 -0.210995 0.377366 0.00460637 0.212169 0.977222 0.0451814 0 0 0 1 
38591597440211;0.669792;0.0391863;0.983151 0.145076 0.111203 -0.290313 -0.159313 0.978345 0.132141 -0.429816 -0.0896239 -0.14763 0.984974 0.552455 0 0 0 1 
38591597440212;0.674895;0.0504983;0.923275 0.109271 0.368269 0.712587 -0.228128 0.927293 0.29679 0.602778 -0.309063 -0.358032 0.881075 1.16061 0 0 0 1 
38591597440213;0.74739;0.0597604;0.989588 0.0685323 -0.126565 0.104467 -0.0375676 0.971868 0.232512 -0.9968 0.138939 -0.225337 0.964323 -0.00591761 0 0 0 1 
38591597440214;0.177349;0.0564812;0.999785 0.00119711 -0.0207115 0.113266 -0.0049403 0.983353 -0.181641 0.00946113 0.0201492 0.181704 0.983147 -0.251976 0 0 0 1 
38591597440215;0.720627;0.060418;0.992294 0.0630114 -0.106691 -0.00449816 -0.0703994 0.995269 -0.0669561 0.525719 0.101967 0.0739511 0.992035 -1.28774 0 0 0 1 
38591597440217;0.284412;0.0266481;0.999895 -0.0141319 -0.00322501 0.248217 0.014167 0.999838 0.0111109 0.0430535 0.00306747 -0.0111554 0.999933 0.603849 0 0 0 1 
38591597440218;0.175507;0.0282358;0.980665 0.192613 -0.0345897 -0.161481 -0.193852 0.980334 -0.036964 0.227134 0.0267897 0.0429546 0.998718 -0.0381182 0 0 0 1 
38591597440219;0.263573;0.0297273;0.983376 0.181537 0.00390795 -0.177873 -0.181533 0.983384 -0.00120952 0.335163 -0.00406259 0.000479994 0.999992 0.405206 0 0 0 1 
38591597440220;0.260161;0.0315428;0.998732 0.0335952 -0.0374884 0.0451329 -0.0323778 0.998943 0.0326232 0.502582 0.0385448 -0.031368 0.998764 0.223567 0 0 0 1 
38591597440221;0.443483;0.0335225;0.994144 -0.0897866 -0.060142 0.921252 0.0998971 0.9758 0.194512 0.0748813 0.041222 -0.199381 0.979055 0.373244 0 0 0 1 
38591597440222;0.400675;0.0375832;0.995302 0.0925202 0.0285146 -0.251089 -0.0932502 0.995318 0.0254301 0.288802 -0.0260283 -0.0279697 0.99927 -0.820705 0 0 0 1 
38591597440223;0.500048;0.0362194;0.902194 0.424605 0.0758664 -0.474204 -0.42891 0.901751 0.0536734 0.938075 -0.0456226 -0.0809637 0.995672 0.417846 0 0 0 1 
38591597440224;0.319063;0.0298512;0.999598 0.0256807 -0.0120193 0.14138 -0.0256727 0.99967 0.000816623 0.140221 0.0120363 -0.000507727 0.999927 -0.738763 0 0 0 1 
38591597440225;0.246702;0.0354414;0.986773 -0.0980081 0.129123 0.117512 0.075339 0.982554 0.170037 0.125103 -0.143536 -0.15806 0.976941 -0.0605776 0 0 0 1 
38591597440226;0.422905;0.0269207;0.889203 0.390864 0.237788 -0.297148 -0.342325 0.913223 -0.220993 0.51455 -0.303531 0.115108 0.945843 0.308615 0 0 0 1 
38591597440227;0.114525;0.0299474;0.998747 0.00361717 0.0499044 -0.0841566 -0.00821466 0.995704 0.0922311 -0.289183 -0.0493564 -0.0925255 0.994486 0.033871 0 0 0 1 
38591597440228;0.227089;0.0394845;0.964455 -0.261283 0.0394772 0.107265 0.262868 0.9639 -0.0423862 -0.175353 -0.0269773 0.0512568 0.998321 0.0724201 0 0 0 1 
38591597440229;0.366377;0.0264118;0.962506 0.269317 0.032403 -0.546634 -0.267417 0.962113 -0.0531674 0.595786 -0.0454942 0.0425089 0.99806 -0.217977 0 0 0 1 
38591597440230;0.40791;0.0257186;0.999872 0.0102438 0.0123136 -0.0681476 -0.0111408 0.997111 0.0751384 -0.0635475 -0.0115084 -0.075266 0.997097 1.00593 0 0 0 1 
38591597440231;0.122929;0.02918;0.997443 0.0619055 -0.0357155 0.0804303 -0.0584278 0.994104 0.0913374 -0.235849 0.0411592 -0.089017 0.995179 0.0473719 0 0 0 1 
38591597440232;0.235296;0.0328746;0.965075 -0.259853 0.0332817 0.26803 0.259422 0.965619 0.016749 -0.311965 -0.0364897 -0.00753 0.999306 -0.0288826 0 0 0 1 
38591597440233;0.450082;0.033124;0.910165 -0.00520178 -0.414212 0.648288 0.119507 0.960704 0.250533 -0.444054 0.396632 -0.277527 0.875021 -0.400863 0 0 0 1 
38591597440234;0.442338;0.0530171;0.894371 -0.44415 -0.0532105 0.479588 0.434657 0.89098 -0.131258 -0.0298369 0.105708 0.0942652 0.989919 -0.240025 0 0 0 1 
38591597440235;0.600621;0.0251145;0.906861 0.420825 -0.0225707 -0.573161 -0.419359 0.906411 0.0505631 1.141 0.0417366 -0.0363885 0.998466 0.556305 0 0 0 1 
38591597440236;0.098733;0.0243486;0.995954 0.0605306 -0.0664268 0.136193 -0.0601089 0.998157 0.00833084 0.00236065 0.0668087 -0.00430429 0.997757 -0.155546 0 0 0 1 
38591597440237;0.391996;0.0397248;0.993123 -0.114384 -0.0249548 0.484409 0.116055 0.989922 0.0811465 0.261138 0.0154214 -0.0834846 0.99639 0.610196 0 0 0 1 
38591597440238;0.352561;0.0236827;0.918369 0.218479 0.329948 -0.334816 -0.262109 0.960494 0.0935452 0.117723 -0.296475 -0.172391 0.939353 0.555479 0 0 0 1 
38591597440239;0.273596;0.0315273;0.949702 -0.29869 0.0940812 0.258723 0.301267 0.953435 -0.0141595 -0.334906 -0.085471 0.0417908 0.995464 -0.0734107 0 0 0 1 
38591597440240;0.59112;0.0419238;0.91319 -0.388998 -0.12151 0.964046 0.400569 0.911647 0.0918957 -0.887597 0.075027 -0.132591 0.988327 0.580396 0 0 0 1 
38591597440241;0.457943;0.029126;0.923375 0.383867 0.00500079 -0.118563 -0.383123 0.922257 -0.0515659 0.483298 -0.0244065 0.0456988 0.998657 -0.65347 0 0 0 1 
38591597440242;0.307705;0.030861;0.98152 0.189612 0.0257953 0.228536 -0.189944 0.981732 0.0110754 -0.397593 -0.023224 -0.0157704 0.999606 -0.014234 0 0 0 1 
38591597440243;0.105317;0.0309888;0.998104 -0.0613955 0.00432703 0.0987017 0.0613679 0.998096 0.00624296 -0.118113 -0.00470208 -0.00596559 0.999971 -0.182792 0 0 0 1 
38591597440244;0.562292;0.035754;0.915969 -0.381237 -0.125134 0.912596 0.350105 0.911718 -0.214935 -0.0666037 0.196028 0.153064 0.968579 -0.960818 0 0 0 1 
38591597440245;0.374359;0.0319247;0.992873 -0.109699 -0.0465789 -0.501437 0.112143 0.992248 0.0535609 0.260659 0.0403423 -0.0584027 0.997478 0.309285 0 0 0 1 
38591597440246;0.451519;0.364193;0.990199 0.139408 0.00845644 -0.517511 -0.139198 0.990026 -0.0217477 0.218859 -0.0114039 0.0203574 0.999728 -0.295207 0 0 0 1 
38591597440248;0.275634;0.0101411;0.95209 0.305663 0.00972883 -0.399285 -0.305395 0.951965 -0.0222825 0.426963 -0.0160725 0.0182438 0.999704 0.026012 0 0 0 1 
38591597440249;0.256114;0.0107217;0.958322 -0.181661 -0.220495 0.579874 0.168684 0.982698 -0.076485 -0.0554607 0.230574 0.0361034 0.972385 -0.367452 0 0 0 1 
38591597440250;0.238063;0.0115599;0.921543 -0.0133009 -0.388048 0.238125 -0.0425485 0.989935 -0.134977 0.291589 0.385937 0.140898 0.911702 -0.498506 0 0 0 1 
38591597440251;0.292932;0.00760846;0.999972 -7.53981e-05 0.00746769 -0.034532 3.03299e-05 0.999982 0.00603501 -0.0189217 -0.00746801 -0.00603462 0.999954 0.867695 0 0 0 1 
38591597440252;0.40515;0.00698038;0.995262 0.00238874 0.0972016 -0.217358 0.045285 0.873263 -0.48514 0.487419 -0.0860415 0.487243 0.869017 -0.310554 0 0 0 1 
38591597440253;0.264249;0.00999191;0.999678 -0.017878 0.0179806 -0.65696 0.0176351 0.999752 0.0135769 0.0108054 -0.0182189 -0.0132555 0.999746 -0.305194 0 0 0 1 
38591597440254;0.377732;0.00807995;0.908297 -0.389765 0.151917 0.586335 0.348997 0.90626 0.238525 -0.507837 -0.230645 -0.163633 0.95918 0.24962 0 0 0 1 
38591597440255;0.159826;0.00769267;0.976793 0.0827957 0.197536 0.103934 -0.070519 0.995162 -0.068406 0.132135 -0.202244 0.0528884 0.977906 0.379693 0 0 0 1 
38591597440256;0.0516293;0.00697532;0.999063 0.0292869 0.0318638 -0.0667352 -0.0284373 0.999236 -0.0267966 0.120399 -0.0326242 0.0258654 0.999133 0.0439038 0 0 0 1 
38591597440257;0.294004;0.0146769;0.986708 -0.123551 -0.105557 0.135122 0.115461 0.990117 -0.0796083 0.481148 0.114349 0.0663625 0.991222 0.286989 0 0 0 1 
