#;prob_registration_l1 -r /home/probabilistic_point_clouds_registration/build/tester /home/point_clouds_registration_benchmark//devel/registration_pairs/hauptgebaude_local.txt /home/point_clouds_registration_benchmark//eth/hauptgebaude -s 0.2 -t 0.2 -p 0.3 -r 1000 -m 25 -i 40 
id;initial_error;final_error;transformation
3394309160000;0.248226;0.0180456;0.999272 -0.00382726 0.0379511 0.53008 0.00225725 0.999143 0.0413261 -0.0576376 -0.0380768 -0.0412103 0.998425 -0.00633787 0 0 0 1 
3394309160001;0.28369;0.0105851;0.993059 0.1146 -0.0264805 -0.409377 -0.112835 0.991765 0.0605815 0.841301 0.0332051 -0.057173 0.997812 -0.638469 0 0 0 1 
3394309160002;0.278932;0.0148884;0.976688 -0.00739072 0.214536 -0.119588 0.00507976 0.999923 0.0113213 -0.0928924 -0.214603 -0.00996757 0.976651 0.758123 0 0 0 1 
3394309160003;0.0682056;0.0152428;0.995393 -0.0915452 0.0284925 0.0406748 0.0919856 0.995654 -0.0145468 -0.594502 -0.027037 0.0171007 0.999488 0.203113 0 0 0 1 
3394309160004;0.286924;0.0160061;0.999042 0.039717 -0.0183933 0.54424 -0.0395312 0.999165 0.0103601 0.736604 0.0187894 -0.0096231 0.999777 -0.283412 0 0 0 1 
3394309160005;0.492031;0.10952;0.912541 0.383457 0.142235 -0.50332 -0.401903 0.905204 0.138128 2.55255 -0.0757854 -0.183212 0.980148 0.085274 0 0 0 1 
3394309160006;0.393899;0.0174046;0.987943 0.0240104 0.152947 -0.252442 -0.0252484 0.999662 0.00615753 0.544487 -0.152748 -0.00994496 0.988215 1.92375 0 0 0 1 
3394309160007;0.411602;0.0121358;0.884657 -0.337766 0.321397 0.372572 0.344015 0.938153 0.0390186 -2.09028 -0.314698 0.0760473 0.94614 1.42782 0 0 0 1 
3394309160008;0.42721;0.395701;0.955629 -0.292617 -0.0338911 1.50343 0.293225 0.955933 0.0145259 -1.9298 0.0281471 -0.0238191 0.99932 0.775888 0 0 0 1 
3394309160009;0.395375;0.0148945;0.978084 -0.200976 -0.0544136 0.434731 0.195731 0.976622 -0.0888775 -1.47246 0.0710038 0.0762792 0.994555 0.427814 0 0 0 1 
3394309160010;0.216746;0.0134925;0.991886 -0.00580879 -0.126996 -0.112495 -0.016127 0.985136 -0.171019 0.48456 0.126101 0.171679 0.977049 -0.559623 0 0 0 1 
3394309160011;0.228138;0.826619;0.949485 -0.220058 -0.223725 2.62642 0.242857 0.966778 0.0797508 -1.73815 0.198743 -0.130056 0.971384 -1.10245 0 0 0 1 
3394309160012;0.324315;0.843973;0.94506 -0.325114 -0.034101 1.94087 0.326362 0.932398 0.155311 -2.31202 -0.0186981 -0.157908 0.987277 -0.143611 0 0 0 1 
3394309160013;0.268523;0.015904;0.99774 0.0601975 -0.0298653 0.617453 -0.0603077 0.998176 -0.00280075 0.0909114 0.0296422 0.00459553 0.99955 -0.41734 0 0 0 1 
3394309160014;0.217364;0.0138532;0.999778 0.0177529 0.0113551 -0.00337138 -0.0197221 0.978076 0.207314 -0.324796 -0.00742573 -0.207492 0.978209 0.311936 0 0 0 1 
3394309160015;0.198549;0.0152165;0.971981 0.107734 0.208919 -0.265344 -0.102771 0.994107 -0.0345021 0.719412 -0.211405 0.0120647 0.977324 1.47491 0 0 0 1 
3394309160016;0.362241;0.0184418;0.888091 -0.222407 0.40228 0.514024 0.219183 0.974149 0.0546966 -1.68523 -0.404046 0.0395972 0.913881 3.19471 0 0 0 1 
3394309160017;0.403444;0.019408;0.924525 -0.272778 0.266169 -0.481547 0.265282 0.962014 0.064457 -1.26611 -0.273641 0.0110178 0.961769 1.83126 0 0 0 1 
3394309160018;0.415951;0.0183736;0.958921 0.267399 0.0947012 -0.648773 -0.271939 0.961541 0.0385687 1.94293 -0.0807459 -0.0627373 0.994758 0.419756 0 0 0 1 
3394309160019;0.389264;0.0154899;0.967349 0.253223 -0.0106623 0.0624169 -0.253193 0.967407 0.00408733 1.30411 0.0113498 -0.00125425 0.999935 -0.820871 0 0 0 1 
3394309160020;0.355901;0.0239627;0.946091 -0.157593 -0.282977 0.827734 0.0681551 0.950954 -0.301731 -0.0394166 0.316648 0.266179 0.91043 -1.6091 0 0 0 1 
3394309160021;0.307009;0.0132767;0.991347 -0.119981 -0.0532459 0.635941 0.129004 0.965491 0.226242 -1.13342 0.0242636 -0.231153 0.972615 -0.281926 0 0 0 1 
3394309160022;0.159878;0.0145827;0.979242 -0.0357021 0.199527 -0.26632 0.0512164 0.996006 -0.073142 -0.25834 -0.196118 0.0818428 0.977159 1.28985 0 0 0 1 
3394309160023;0.179015;0.0103662;0.995401 -0.0434513 0.0853767 -0.168159 0.0453834 0.998753 -0.0208199 -0.327891 -0.0843656 0.0245988 0.996131 0.137722 0 0 0 1 
3394309160024;0.448507;0.837825;0.901983 -0.429806 0.0411468 2.589 0.428279 0.902712 0.0410835 -2.73006 -0.0548016 -0.0194343 0.998308 1.1294 0 0 0 1 
3394309160025;0.259237;0.0200305;0.986993 0.160704 -0.00432163 -0.116988 -0.160349 0.986028 0.0451383 1.03923 0.0115152 -0.0438582 0.998971 -0.588892 0 0 0 1 
3394309160026;0.300277;0.016898;0.994513 0.08141 0.0656925 0.332746 -0.0776415 0.995292 -0.0580171 -0.0696557 -0.0701064 0.0525983 0.996152 0.785909 0 0 0 1 
3394309160027;0.421694;0.605588;0.957823 -0.223024 -0.181205 1.98039 0.259187 0.942801 0.209639 -2.56909 0.124086 -0.247763 0.960841 -0.259712 0 0 0 1 
3394309160028;0.443835;0.0287827;0.925801 0.107119 0.362517 -0.138917 0.00470673 0.955669 -0.294407 0.799027 -0.377983 0.274268 0.884254 2.31531 0 0 0 1 
3394309160029;0.512116;0.0144935;0.998893 -0.0231292 0.0409729 0.292421 0.0360187 0.936196 -0.349628 0.471052 -0.030272 0.350717 0.935992 -0.630518 0 0 0 1 
3394309160031;0.426851;0.35143;0.96573 -0.200318 -0.165038 1.03804 0.220385 0.968757 0.113754 -0.73173 0.137095 -0.146227 0.979705 -0.839654 0 0 0 1 
3394309160032;0.353703;0.14268;0.935512 -0.341203 -0.0916374 0.217168 0.342694 0.939447 0.000578349 0.14614 0.0858912 -0.0319447 0.995792 -0.0687262 0 0 0 1 
3394309160033;0.139215;0.0191352;0.994095 -0.02724 -0.105036 0.0417924 0.022528 0.998697 -0.0457893 -0.195022 0.106147 0.0431527 0.993414 0.137845 0 0 0 1 
3394309160034;0.389775;0.0580791;0.933781 0.354602 -0.0480653 -0.336713 -0.351591 0.93415 0.0612184 0.276235 0.0666083 -0.0402652 0.996966 -0.609249 0 0 0 1 
3394309160035;0.19696;0.0152617;0.977064 0.172191 -0.125281 0.0589405 -0.186387 0.976061 -0.112089 0.45037 0.102981 0.132869 0.985769 -0.078293 0 0 0 1 
3394309160036;0.370886;0.054052;0.938825 -0.343101 -0.0298137 -0.190447 0.341138 0.914581 0.217178 -0.429952 -0.0472471 -0.214063 0.975677 0.408762 0 0 0 1 
3394309160037;0.384635;0.0128288;0.912349 -0.249929 0.324277 -0.253231 0.186184 0.958689 0.215061 -0.778584 -0.364631 -0.135835 0.921191 0.0823933 0 0 0 1 
3394309160038;0.368064;0.0274302;0.950237 0.31105 -0.017226 -0.651796 -0.311278 0.945816 -0.0924047 0.622334 -0.0124498 0.0931685 0.995573 -0.035345 0 0 0 1 
3394309160039;0.0746977;0.0122156;0.999536 0.00624495 0.0298085 -0.131924 -0.00645049 0.999956 0.00680398 -0.019882 -0.0297647 -0.0069931 0.999532 -0.109353 0 0 0 1 
3394309160040;0.279481;0.0177481;0.928421 -0.330009 0.17067 0.103098 0.311626 0.941825 0.125917 -0.563181 -0.202295 -0.0637188 0.977249 0.3964 0 0 0 1 
3394309160041;0.389623;0.112905;0.913984 -0.405564 0.0122975 0.704649 0.403661 0.911932 0.0737393 -0.473049 -0.0411205 -0.0624325 0.997202 0.0558356 0 0 0 1 
3394309160042;0.283783;0.0234577;0.985915 -0.16708 0.00751512 -0.460452 0.167076 0.985943 0.00125805 -0.107034 -0.00761967 1.52639e-05 0.999971 -0.326912 0 0 0 1 
3394309160043;0.314339;0.0117526;0.998287 0.058365 0.00404675 0.210661 -0.0580686 0.980033 0.190167 -0.069194 0.00713314 -0.190076 0.981743 0.672244 0 0 0 1 
3394309160044;0.531805;0.0383616;0.893211 0.423113 -0.152149 -0.552448 -0.406659 0.904551 0.128125 0.652346 0.191838 -0.0525692 0.980018 0.432768 0 0 0 1 
3394309160045;0.395186;0.376275;0.989645 0.0878817 0.11349 -0.249688 -0.0783217 0.993202 -0.0861185 -0.0732294 -0.120287 0.076338 0.9898 0.0985009 0 0 0 1 
3394309160046;0.217132;0.0180427;0.990095 -0.140383 0.00232145 0.190642 0.140352 0.990046 0.010516 -0.606432 -0.00377461 -0.0100861 0.999942 0.14398 0 0 0 1 
3394309160047;0.371665;0.00965678;0.975638 -0.153935 0.156314 -0.0749934 0.169466 0.981291 -0.0913688 0.0936074 -0.139325 0.115633 0.983472 -0.597199 0 0 0 1 
3394309160048;0.441321;0.113487;0.920508 0.290139 0.261695 -0.535767 -0.239142 0.948028 -0.209891 0.472114 -0.308992 0.130624 0.942052 0.786298 0 0 0 1 
3394309160049;0.529697;0.332903;0.968334 -0.24249 -0.0593898 0.0909826 0.246798 0.965662 0.0811601 -0.735986 0.03767 -0.0932474 0.99493 -0.0852056 0 0 0 1 
3394309160050;0.242722;0.00902769;0.984107 -0.123209 0.12788 -0.0123382 0.124013 0.992279 0.00168757 -0.199364 -0.127101 0.0141981 0.991788 0.673163 0 0 0 1 
3394309160051;0.288745;0.0150174;0.976627 -0.0178464 0.214199 -0.221644 -0.00454547 0.994609 0.103593 -0.0765996 -0.214893 -0.102145 0.971281 0.875568 0 0 0 1 
3394309160052;0.346607;0.0192336;0.995824 0.0897982 0.0164729 0.0533957 -0.0899708 0.995894 0.0100521 0.0125298 -0.0155026 -0.0114922 0.999814 -0.8002 0 0 0 1 
3394309160053;0.177457;0.0171427;0.99297 -0.00577398 0.118225 -0.33958 0.00577915 0.999983 0.000299083 -0.203882 -0.118224 0.000386257 0.992987 0.393819 0 0 0 1 
3394309160054;0.393365;0.0136878;0.997605 -0.0384829 -0.057471 0.648172 0.0481107 0.983059 0.176864 -0.701839 0.0496912 -0.179205 0.982556 0.430404 0 0 0 1 
3394309160055;0.395101;0.0147041;0.998341 -0.0559767 0.0135032 0.722725 0.056867 0.995295 -0.0784481 0.181697 -0.00904842 0.0790858 0.996827 -0.544833 0 0 0 1 
3394309160056;0.394726;0.0109224;0.985073 0.171501 0.0147875 -0.585546 -0.171741 0.973349 0.15198 0.431122 0.0116712 -0.152251 0.988273 -0.481704 0 0 0 1 
3394309160057;0.649395;0.0177036;0.928014 0.365916 0.06996 -0.938093 -0.331308 0.896488 -0.294185 1.36774 -0.170366 0.24983 0.953184 0.540844 0 0 0 1 
3394309160058;0.444142;0.0128617;0.974032 0.226184 0.0101563 -0.337663 -0.225378 0.972889 -0.0518903 0.646238 -0.0216177 0.0482538 0.998601 0.861688 0 0 0 1 
3394309160059;0.406193;0.357194;0.985675 0.000520344 0.168658 0.450712 0.00758549 0.998847 -0.0474129 -0.510593 -0.168488 0.0480131 0.984534 0.596661 0 0 0 1 
3394309160060;0.43448;0.290434;0.994269 0.105395 0.017936 0.115413 -0.101498 0.983256 -0.151347 0.17456 -0.0335869 0.148659 0.988318 -0.452915 0 0 0 1 
3394309160062;0.235158;0.00637913;0.951555 -0.263656 0.158205 0.467698 0.278512 0.957083 -0.0801392 -6.11865 -0.130286 0.120319 0.984149 2.90203 0 0 0 1 
3394309160063;0.42419;0.0311736;0.976346 0.21595 -0.0106336 0.743428 -0.21569 0.976226 0.0214413 4.44085 0.0150111 -0.0186406 0.999714 0.640518 0 0 0 1 
3394309160064;0.439802;0.945297;0.896412 0.399899 0.191117 -0.511109 -0.404582 0.914368 -0.0156049 8.95115 -0.180992 -0.0633341 0.981443 3.69238 0 0 0 1 
3394309160065;0.350677;0.0301873;0.987291 0.0848119 0.1344 0.245172 -0.0873138 0.996098 0.0128207 1.3246 -0.132788 -0.0243927 0.990844 2.21788 0 0 0 1 
3394309160066;0.242534;0.0182651;0.999246 0.0121502 -0.0368701 -0.177787 -0.0197142 0.976999 -0.212329 0.21997 0.0334422 0.212896 0.976502 -0.204159 0 0 0 1 
3394309160067;0.392633;0.23645;0.991771 0.109036 0.0670959 -0.402029 -0.105401 0.992878 -0.0555348 2.39645 -0.0726733 0.0480059 0.9962 1.32898 0 0 0 1 
3394309160068;0.328762;0.0313404;0.988918 0.147445 0.0173743 0.200992 -0.148465 0.982218 0.114913 3.70894 -0.000121866 -0.116219 0.993224 -0.465984 0 0 0 1 
3394309160069;0.0998438;0.0246515;0.999768 0.0197771 -0.00850458 0.217209 -0.0197808 0.999804 -0.000347418 0.446306 0.00849604 0.000515565 0.999964 -0.266009 0 0 0 1 
3394309160070;0.429464;0.0829037;0.91977 0.28902 0.265503 1.21563 -0.346558 0.91561 0.203855 7.46758 -0.184179 -0.279512 0.942312 4.09861 0 0 0 1 
3394309160071;0.0989399;0.0329477;0.998457 0.0542143 -0.0120096 0.0173253 -0.0541491 0.998517 0.00568484 1.15746 0.0123 -0.00502576 0.999912 -0.467842 0 0 0 1 
3394309160072;0.334886;0.00922248;0.937631 -0.347025 -0.0205492 1.10441 0.343594 0.916133 0.2065 -7.9342 -0.052835 -0.200682 0.978231 0.730397 0 0 0 1 
3394309160073;0.372916;0.00894461;0.989671 -0.143356 0.000831875 0.842539 0.143352 0.989665 0.00356474 -3.22475 -0.0013343 -0.00340867 0.999993 0.388824 0 0 0 1 
3394309160074;0.236373;0.00743028;0.983505 -0.176523 -0.0394708 0.305367 0.178933 0.981411 0.0693987 -4.0465 0.0264866 -0.0753165 0.996808 -1.07183 0 0 0 1 
3394309160075;0.259352;0.0190963;0.979314 0.0773248 -0.18699 0.718112 -0.124133 0.959366 -0.253393 2.96478 0.159798 0.271363 0.949119 -3.22214 0 0 0 1 
3394309160076;0.21267;0.0286472;0.974341 0.173927 0.14286 0.422699 -0.160386 0.981826 -0.101465 3.78143 -0.157911 0.0759487 0.984528 3.65914 0 0 0 1 
3394309160077;0.259302;0.0260592;0.98928 0.139352 -0.0436577 0.222668 -0.144501 0.977309 -0.154879 3.25259 0.0210844 0.159527 0.986968 0.284803 0 0 0 1 
3394309160078;0.466153;0.193629;0.958423 -0.221713 0.179634 0.420609 0.245386 0.961682 -0.122285 -5.21286 -0.145639 0.161281 0.976103 4.06464 0 0 0 1 
3394309160079;0.423773;0.0125924;0.96698 -0.161867 0.196845 -0.335 0.185859 0.976386 -0.110119 -3.88968 -0.174372 0.143068 0.974231 3.28514 0 0 0 1 
3394309160080;0.255153;0.028148;0.992642 0.00894861 0.120751 0.0623102 0.00902548 0.989023 -0.147489 0.00134225 -0.120745 0.147494 0.981665 2.32464 0 0 0 1 
3394309160081;0.296072;0.016732;0.997368 -0.0654356 0.0312318 0.313124 0.0655401 0.997847 -0.00233338 -0.807447 -0.0310119 0.00437418 0.999509 0.593609 0 0 0 1 
3394309160082;0.355531;0.204548;0.97252 -0.212902 -0.0942242 0.804752 0.207669 0.97621 -0.0623521 -4.80567 0.105257 0.0410713 0.993597 -2.29314 0 0 0 1 
3394309160083;0.180325;0.0173297;0.99746 -0.0699083 -0.0136834 -0.0670553 0.0712348 0.978819 0.191937 -1.93636 -2.44541e-05 -0.192424 0.981312 -0.0793859 0 0 0 1 
3394309160084;0.188147;0.00769383;0.997913 -0.0260811 -0.0590685 -0.097011 0.025082 0.999531 -0.0175937 -0.343147 0.0594996 0.0160755 0.998099 -1.63741 0 0 0 1 
3394309160085;0.149775;0.0247438;0.997195 0.01222 0.0738377 -0.14473 -0.0241565 0.98633 0.163003 0.213023 -0.0708364 -0.164329 0.983859 1.36627 0 0 0 1 
3394309160086;0.360181;0.010972;0.976535 0.0312685 -0.213075 1.28716 -0.0485619 0.995893 -0.0764158 1.22867 0.209811 0.08497 0.974043 -3.69494 0 0 0 1 
3394309160087;0.069233;0.00965639;0.996599 -0.0800529 -0.0195688 0.0452888 0.0803697 0.996637 0.0159772 -1.78177 0.0182239 -0.0174956 0.999681 -0.398227 0 0 0 1 
3394309160088;0.334175;0.00708349;0.957509 -0.244961 0.152219 -0.249326 0.221924 0.962894 0.153575 -5.02769 -0.184191 -0.113268 0.976342 3.6081 0 0 0 1 
3394309160089;0.384231;0.0153797;0.968383 -0.214961 0.126597 0.05357 0.203245 0.97408 0.0992971 -4.88507 -0.144661 -0.0704274 0.986972 2.29824 0 0 0 1 
3394309160090;0.357505;0.00862831;0.948022 -0.29634 0.115918 0.719654 0.312443 0.935903 -0.162679 -6.26124 -0.0602795 0.190441 0.979846 1.88096 0 0 0 1 
3394309160091;0.460987;0.027289;0.971472 0.230376 0.0562895 0.355176 -0.232695 0.971777 0.0387735 4.09044 -0.0457683 -0.0507656 0.997661 0.525508 0 0 0 1 
3394309160093;0.186714;0.0357438;0.981615 -0.0764287 -0.1749 0.474186 0.0813992 0.996452 0.0214133 -1.42388 0.172643 -0.0352564 0.984353 -3.41309 0 0 0 1 
3394309160094;0.310812;0.0492831;0.985854 -0.130106 0.105657 0.33327 0.130537 0.991439 0.00285979 -1.72534 -0.105125 0.0109728 0.994398 1.98209 0 0 0 1 
3394309160095;0.222858;0.0428911;0.998687 -0.0340532 -0.0382748 0.208304 0.0334057 0.99929 -0.017433 -0.688355 0.0388413 0.0161315 0.999115 -0.170734 0 0 0 1 
3394309160096;0.38163;0.039245;0.995961 -0.0732479 -0.051921 0.244147 0.078492 0.991108 0.107441 -1.7062 0.0435895 -0.111082 0.992855 -0.0154798 0 0 0 1 
3394309160097;0.257713;0.0458938;0.99982 0.00750143 -0.0174449 -0.128244 -0.00731274 0.999914 0.0108555 0.14643 0.0175249 -0.010726 0.999789 0.373967 0 0 0 1 
3394309160098;0.436886;0.285891;0.989177 0.144666 0.0245117 -0.246424 -0.141779 0.985403 -0.0942322 2.51094 -0.0377861 0.089737 0.995248 0.689652 0 0 0 1 
3394309160099;0.352112;0.059732;0.991073 0.0989269 0.0893785 0.559624 -0.0810966 0.979421 -0.184816 2.01677 -0.105822 0.175918 0.9787 1.72317 0 0 0 1 
3394309160100;0.383134;0.0408153;0.996451 -0.0187334 -0.0820669 0.290372 0.024085 0.997613 0.0647144 -0.376626 0.0806587 -0.0664613 0.994524 -0.552797 0 0 0 1 
3394309160101;0.349174;0.0497057;0.999822 0.0065123 0.0176847 -0.0182455 -0.00248894 0.975807 -0.21862 0.748844 -0.0186806 0.218538 0.97565 1.35309 0 0 0 1 
3394309160102;0.328612;0.0446307;0.98973 0.0978502 -0.104214 0.267206 -0.085073 0.989037 0.120697 1.49214 0.114882 -0.110591 0.987204 -1.39825 0 0 0 1 
3394309160103;0.353684;0.039309;0.997634 -0.00607822 0.0684834 -0.874594 0.00249811 0.998631 0.0522419 -0.196636 -0.0687072 -0.0519472 0.996283 1.71658 0 0 0 1 
3394309160104;0.220681;0.0400795;0.979871 -0.142496 0.139813 -0.357952 0.137307 0.989454 0.0461365 -2.12736 -0.144913 -0.0260105 0.989102 2.5419 0 0 0 1 
3394309160105;0.408456;0.750569;0.927759 0.361188 0.0938435 -0.485645 -0.36846 0.926458 0.0768983 6.87387 -0.0591673 -0.105921 0.992613 1.52778 0 0 0 1 
3394309160106;0.441483;0.0470302;0.895616 -0.420105 0.146234 1.4249 0.371467 0.887192 0.273683 -7.22882 -0.244713 -0.190794 0.950638 4.67407 0 0 0 1 
3394309160107;0.532391;0.0371518;0.916224 -0.371189 -0.15084 2.04194 0.355768 0.926859 -0.119842 -6.29295 0.184291 0.0561381 0.981267 -3.78122 0 0 0 1 
3394309160108;0.223867;0.0403521;0.999955 0.00939288 0.000904655 -0.175476 -0.00940116 0.99991 0.00961983 0.104831 -0.000814215 -0.0096279 0.999953 0.607668 0 0 0 1 
3394309160109;0.0784344;0.0328968;0.994751 -0.102256 -0.0037337 -0.0861183 0.10231 0.99455 0.0200558 -1.86975 0.00166253 -0.0203326 0.999792 -0.0561809 0 0 0 1 
3394309160110;0.305364;0.0465692;0.985506 -0.160377 0.0552838 -0.359534 0.16791 0.968614 -0.183286 -2.87919 -0.0241537 0.189912 0.981504 1.36662 0 0 0 1 
3394309160111;0.289575;0.870585;0.947913 0.24712 0.200979 -0.841334 -0.230853 0.967724 -0.101085 4.33323 -0.219472 0.0494228 0.974366 4.31584 0 0 0 1 
3394309160112;0.386373;0.0332971;0.967711 -0.247517 0.0476573 0.134805 0.247139 0.968882 0.0137645 -4.59263 -0.0495813 -0.00154209 0.998769 1.74039 0 0 0 1 
3394309160113;0.347639;0.0447814;0.999268 0.0382236 0.0015011 -0.194039 -0.0382245 0.999269 0.000598301 0.991 -0.00147713 -0.000655242 0.999999 0.910015 0 0 0 1 
3394309160114;0.578959;0.244432;0.978691 0.172306 0.111691 -0.558204 -0.173868 0.98476 0.00432594 2.19872 -0.109243 -0.0236531 0.993734 1.53255 0 0 0 1 
3394309160115;0.373208;0.0533005;0.996264 -0.0102614 0.0857447 -0.405893 0.0179452 0.995841 -0.0893278 -0.15826 -0.0844714 0.0905328 0.992305 0.755285 0 0 0 1 
3394309160116;0.177223;0.0462184;0.99967 -0.0254876 -0.00325008 0.204119 0.0254603 0.999643 -0.00815901 -0.10635 0.00345687 0.00807357 0.999961 -0.126785 0 0 0 1 
3394309160117;0.448363;0.03823;0.979103 -0.198532 -0.0440793 0.229493 0.178529 0.94289 -0.281223 -2.52162 0.0973937 0.267477 0.95863 -2.15905 0 0 0 1 
3394309160118;0.307421;0.0973102;0.961644 0.185182 0.202355 0.298115 -0.136059 0.962592 -0.234316 2.96341 -0.238176 0.197796 0.950867 4.45228 0 0 0 1 
3394309160119;0.336676;0.0370558;0.932824 -0.353873 -0.0679242 0.951045 0.354818 0.934933 0.00198649 -6.31673 0.0628017 -0.0259538 0.997689 -0.723297 0 0 0 1 
3394309160120;0.390228;0.0372889;0.880742 -0.442195 0.169578 1.37871 0.457074 0.88741 -0.0598914 -8.07082 -0.124001 0.130258 0.983695 2.78721 0 0 0 1 
3394309160121;0.364275;0.0557889;0.93393 -0.104633 0.3418 0.230767 0.176744 0.966305 -0.187126 -2.50072 -0.310703 0.235174 0.920954 6.00406 0 0 0 1 
3394309160122;0.150012;0.0527141;0.981913 0.185597 -0.0374161 0.637919 -0.186548 0.982159 -0.0237366 3.32107 0.0323431 0.0302872 0.999018 -0.516259 0 0 0 1 
3394309160124;0.265891;0.0203206;0.971351 -0.225965 0.0735984 -0.0832697 0.228017 0.973438 -0.0206706 -5.68147 -0.0669726 0.0368601 0.997074 1.44517 0 0 0 1 
3394309160125;0.0924407;0.0365898;0.991005 0.0256186 0.131354 0.0239601 -0.0340142 0.997492 0.0620764 0.733141 -0.129434 -0.0659859 0.98939 2.88695 0 0 0 1 
3394309160126;0.454214;0.0424851;0.918455 0.298687 -0.259279 3.16333 -0.300588 0.953174 0.0332633 7.53636 0.257073 0.0473854 0.965229 -5.77889 0 0 0 1 
3394309160127;0.391085;0.0500896;0.916628 0.395961 -0.0548479 2.15029 -0.382099 0.908198 0.170812 8.92655 0.117448 -0.135614 0.983776 -3.09518 0 0 0 1 
3394309160128;0.398984;0.0679972;0.941137 0.336258 0.0345083 1.1793 -0.327378 0.932152 -0.154647 8.12819 -0.0841682 0.134246 0.987367 2.06871 0 0 0 1 
3394309160129;0.0588853;0.0248379;0.999988 -0.00428954 0.00231102 -0.12035 0.00427696 0.999976 0.00541905 -0.176261 -0.00233421 -0.0054091 0.999983 0.189811 0 0 0 1 
3394309160130;0.354684;0.418114;0.984995 -0.118848 0.125141 0.223019 0.11799 0.992912 0.0142779 -3.57975 -0.125951 0.000701808 0.992036 3.01186 0 0 0 1 
3394309160131;0.385569;0.187491;0.906962 0.41654 0.0625731 2.14103 -0.41717 0.908823 -0.00325016 9.95852 -0.0582216 -0.0231558 0.998035 1.44201 0 0 0 1 
3394309160132;0.356548;0.0139733;0.906838 -0.417824 0.0553864 1.73051 0.421461 0.897707 -0.128428 -9.85004 0.00393975 0.139807 0.990171 0.073971 0 0 0 1 
3394309160133;0.361702;0.0224712;0.949995 -0.18157 -0.254051 1.50787 0.249317 0.930892 0.266985 -6.0945 0.188018 -0.316973 0.929611 -4.72602 0 0 0 1 
3394309160134;0.414145;0.0216647;0.977647 -0.208479 0.0272588 1.0149 0.209923 0.975141 -0.0709451 -4.59735 -0.0117906 0.0750815 0.997108 0.366531 0 0 0 1 
3394309160135;0.292331;0.0287854;0.999263 0.0100887 -0.0370364 0.0550877 -0.0065705 0.995559 0.0939133 -0.305172 0.0378194 -0.0936008 0.994891 -1.59489 0 0 0 1 
3394309160136;0.443471;0.0422655;0.969558 0.24459 -0.0114838 0.9175 -0.244425 0.969566 0.0140876 5.97269 0.01458 -0.0108518 0.999835 -1.1942 0 0 0 1 
3394309160137;0.250953;0.0160058;0.982227 -0.179406 -0.0551721 0.343102 0.184323 0.977444 0.103097 -4.45797 0.0354315 -0.111434 0.99314 -1.37331 0 0 0 1 
3394309160138;0.370395;0.0200951;0.927608 -0.266646 -0.261616 1.80967 0.244949 0.962936 -0.112937 -5.30639 0.282033 0.0406788 0.958542 -6.04782 0 0 0 1 
3394309160139;0.0858104;0.0430123;0.997575 0.0692746 -0.00677664 0.0633625 -0.0685458 0.994645 0.0773445 1.44489 0.0120984 -0.0766924 0.996981 -0.424683 0 0 0 1 
3394309160140;0.322515;0.0257819;0.904231 -0.0480004 -0.424337 2.92565 0.0515527 0.998665 -0.00311277 -1.26586 0.42392 -0.019061 0.905499 -9.99513 0 0 0 1 
3394309160141;0.361297;0.0526131;0.94099 0.338319 0.00887263 1.21864 -0.338431 0.940786 0.0196366 8.0691 -0.00170381 -0.0214806 0.999768 -0.0627747 0 0 0 1 
3394309160142;0.193657;0.0467407;0.966525 0.0217361 0.255649 0.210222 -0.0320566 0.998828 0.036272 0.69649 -0.254561 -0.043253 0.966089 6.04294 0 0 0 1 
3394309160143;0.448915;0.0422512;0.97211 0.234241 -0.011524 0.0463588 -0.233808 0.971809 0.0303572 5.10611 0.01831 -0.0268161 0.999473 -0.789461 0 0 0 1 
3394309160144;0.382267;0.0248311;0.928581 -0.334993 -0.159739 0.945396 0.321083 0.940998 -0.106902 -7.96053 0.186126 0.0479771 0.981354 -4.50521 0 0 0 1 
3394309160145;0.390824;0.0299436;0.909813 0.124367 -0.395945 2.8264 -0.213371 0.95847 -0.189232 5.28893 0.355967 0.256649 0.898565 -8.25082 0 0 0 1 
3394309160146;0.519843;0.0387568;0.986993 0.0497024 0.15289 0.130903 -0.0848619 0.968793 0.232891 1.73972 -0.136543 -0.242836 0.96041 4.07505 0 0 0 1 
3394309160147;0.314525;0.0234811;0.954524 -0.189023 -0.23055 0.669947 0.230003 0.958917 0.166063 -5.43888 0.189689 -0.211538 0.958786 -4.33239 0 0 0 1 
3394309160148;0.159477;0.0432607;0.996169 0.00617605 0.0872293 0.129352 -0.01516 0.994596 0.102709 0.0241385 -0.0861236 -0.103638 0.990879 1.86134 0 0 0 1 
3394309160149;0.32406;0.392232;0.997598 -0.0683032 0.0115635 0.309119 0.0687417 0.996702 -0.0431261 -0.838802 -0.00857975 0.0438174 0.999003 0.288366 0 0 0 1 
3394309160150;0.0510986;0.0499331;0.998589 0.0492706 0.0197974 -0.0782591 -0.0493922 0.998763 0.00570182 1.16235 -0.019492 -0.00667162 0.999788 0.494842 0 0 0 1 
3394309160151;0.610087;0.0290729;0.928452 -0.338974 -0.151902 2.52081 0.325658 0.939518 -0.10608 -7.2777 0.178673 0.0490221 0.982687 -3.87302 0 0 0 1 
3394309160152;0.362678;0.0443005;0.924047 0.286267 -0.253354 2.59941 -0.311885 0.947782 -0.0666142 7.45782 0.221055 0.140572 0.965077 -5.2882 0 0 0 1 
3394309160153;0.287468;0.0414203;0.95639 0.284641 -0.0655593 1.24969 -0.2638 0.93808 0.224535 5.76854 0.125412 -0.197449 0.972258 -2.95616 0 0 0 1 
3394309160155;0.447786;0.384074;0.968551 -0.23045 -0.0938162 0.519376 0.236684 0.969624 0.0617306 -2.03698 0.0767405 -0.0819941 0.993674 -0.64546 0 0 0 1 
3394309160156;0.233355;0.0421143;0.928373 0.069585 -0.365077 1.12795 -0.0596045 0.997477 0.0385514 0.526627 0.366839 -0.0140299 0.930179 -3.20066 0 0 0 1 
3394309160157;0.264959;0.0685582;0.975147 0.0370946 0.218434 -0.161806 -0.0859156 0.972053 0.218476 0.350107 -0.204225 -0.231813 0.951081 1.4973 0 0 0 1 
3394309160158;0.276214;0.0386057;0.985878 -0.163617 0.0357006 0.0416378 0.163852 0.986478 -0.00374913 -1.66604 -0.0346045 0.00954582 0.999355 -0.207642 0 0 0 1 
3394309160159;0.327677;0.0527223;0.999438 0.0274803 0.0192075 -0.298193 -0.0287076 0.99735 0.0668476 0.184812 -0.0173196 -0.0673614 0.997578 1.00122 0 0 0 1 
3394309160160;0.133668;0.0731557;0.985549 -0.000758227 0.169391 -0.340137 0.0112144 0.998088 -0.06078 0.011241 -0.169021 0.0618012 0.983673 1.61617 0 0 0 1 
3394309160161;0.30505;0.818803;0.947079 0.320745 -0.0127898 -1.79619 -0.320341 0.946937 0.0263042 3.09328 0.0205481 -0.0208151 0.999572 0.144108 0 0 0 1 
3394309160162;0.0502853;0.0394724;0.999949 -0.00990995 -0.00206737 0.0132839 0.00990215 0.999944 -0.0037498 -0.14556 0.00210441 0.00372914 0.999991 0.0828672 0 0 0 1 
3394309160163;0.250016;0.0474744;0.994446 -0.0766113 -0.0721696 0.0179285 0.0925449 0.963065 0.252866 -1.28805 0.0501316 -0.258141 0.964806 -0.262053 0 0 0 1 
3394309160164;0.523579;0.326879;0.958079 0.279415 -0.0633328 -1.00895 -0.280695 0.95972 -0.0121186 1.74457 0.0573957 0.0293878 0.997919 -0.134594 0 0 0 1 
3394309160165;0.368871;0.367665;0.964556 0.263377 0.0162342 -0.6384 -0.250213 0.932419 -0.260746 2.49602 -0.0838117 0.247443 0.965271 1.59625 0 0 0 1 
3394309160166;0.306131;0.0376464;0.999467 -0.0120599 -0.0303253 0.0671715 0.0119911 0.999925 -0.0024526 -0.110708 0.0303526 0.00208766 0.999537 -1.00591 0 0 0 1 
3394309160167;0.598213;0.0327381;0.896343 -0.142741 -0.419754 1.98631 0.217841 0.966384 0.136552 -2.82931 0.386152 -0.213837 0.897307 -2.89651 0 0 0 1 
3394309160168;0.1742;0.0435893;0.999346 0.0358125 -0.00504641 -0.104576 -0.0358102 0.999358 0.000546944 0.31027 0.00506276 -0.000365874 0.999987 0.452671 0 0 0 1 
3394309160169;0.457369;0.0309198;0.942903 -0.329769 0.0467647 0.161233 0.328373 0.943894 0.035132 -3.91293 -0.0557264 -0.0177698 0.998288 1.05788 0 0 0 1 
3394309160170;0.210774;0.0643562;0.985684 -0.103897 0.132787 -0.345211 0.125025 0.978803 -0.162216 -0.949586 -0.113119 0.176495 0.97778 0.956065 0 0 0 1 
3394309160171;0.312176;0.0449509;0.97958 -0.198013 0.0348331 0.375259 0.180572 0.94267 0.280655 -1.99548 -0.0884096 -0.268634 0.959176 0.717282 0 0 0 1 
3394309160172;0.347442;0.0302715;0.991483 -0.0559131 -0.117625 0.123231 0.0402189 0.99046 -0.131803 -0.354876 0.123872 0.12595 0.984272 -0.134558 0 0 0 1 
3394309160173;0.513361;0.389462;0.966949 -0.235572 0.0975461 0.544386 0.239375 0.97049 -0.0291377 -2.2832 -0.0878035 0.0515247 0.994804 0.737731 0 0 0 1 
3394309160174;0.158617;0.058558;0.997551 0.0492432 -0.0496749 -0.311574 -0.054931 0.991189 -0.120525 0.637695 0.0433022 0.122959 0.991467 -0.0991948 0 0 0 1 
3394309160175;0.423765;0.0482302;0.985317 -0.037329 -0.166602 1.02771 0.00121748 0.977317 -0.211779 0.491884 0.170728 0.208466 0.963013 -1.5716 0 0 0 1 
3394309160176;0.19621;0.0595831;0.995673 -0.0408076 0.0834832 -0.0375711 0.0372921 0.998368 0.0432451 -0.0956268 -0.0851117 -0.0399448 0.99557 0.45157 0 0 0 1 
3394309160177;0.557777;0.0406866;0.956459 0.176473 -0.232471 0.513581 -0.0758803 0.919463 0.385784 0.281085 0.281829 -0.351347 0.89282 -1.47082 0 0 0 1 
3394309160178;0.217629;0.0699714;0.999978 -0.00658635 -8.95284e-05 0.22458 0.00658617 0.999977 -0.00182629 -0.333843 0.000101555 0.00182566 0.999998 0.36658 0 0 0 1 
3394309160179;0.268847;0.702121;0.95994 -0.280099 -0.00768928 1.6236 0.280204 0.959634 0.0242651 -2.99291 0.000582247 -0.0254476 0.999676 -0.0287944 0 0 0 1 
3394309160180;0.363436;0.0600204;0.997384 -0.00682008 0.0719609 -0.169909 0.0110589 0.998216 -0.0586721 0.332935 -0.0714324 0.0593144 0.99568 1.61509 0 0 0 1 
3394309160181;0.481709;0.257771;0.985943 -0.167003 0.00506454 0.274499 0.167079 0.985563 -0.0273839 -2.01343 -0.00041824 0.0278451 0.999612 0.727669 0 0 0 1 
3394309160182;0.293983;0.0366287;0.998182 -0.0460413 -0.0388872 -0.027238 0.0457524 0.998918 -0.00828718 -0.926375 0.0392267 0.00649293 0.999209 0.256877 0 0 0 1 
3394309160183;0.436918;0.0490365;0.972318 -0.233442 0.010086 0.390535 0.221819 0.93575 0.27417 -2.98323 -0.0734408 -0.264343 0.961628 0.285564 0 0 0 1 
3394309160184;0.141133;0.0385566;0.9998 -0.0109933 -0.016723 -0.392481 0.0105532 0.999602 -0.0261811 -0.155968 0.0170042 0.0259994 0.999517 0.0680296 0 0 0 1 
3394309160186;0.458534;0.0295112;0.916981 0.397269 -0.0363654 1.99029 -0.398526 0.916339 -0.0387267 7.91266 0.0179382 0.0500042 0.998588 -1.00186 0 0 0 1 
3394309160187;0.388653;0.160971;0.904355 -0.426634 0.0112357 1.85364 0.42612 0.901173 -0.0794367 -8.44344 0.023765 0.0766267 0.996777 -0.178384 0 0 0 1 
3394309160188;0.269366;0.0207465;0.986411 -0.164294 -0.00102918 0.214311 0.162307 0.973471 0.161275 -3.41765 -0.0254946 -0.159251 0.986909 0.796533 0 0 0 1 
3394309160189;0.483079;0.0153467;0.968101 -0.201692 -0.148661 1.02053 0.149483 0.941086 -0.303335 -2.03001 0.201083 0.271436 0.941216 -4.04139 0 0 0 1 
3394309160190;0.0786131;0.0072786;0.997992 0.06088 -0.017459 0.131647 -0.0609547 0.998133 -0.00378158 1.14501 0.0171962 0.0048382 0.99984 -0.458054 0 0 0 1 
3394309160191;0.461554;0.0221357;0.949856 -0.312179 -0.0178382 0.843853 0.312513 0.949687 0.0207476 -6.88011 0.0104638 -0.0252819 0.999626 0.422374 0 0 0 1 
3394309160192;0.432023;0.0104364;0.987596 -0.0279912 -0.154501 1.12578 -0.0133596 0.965434 -0.260306 1.07151 0.156447 0.259141 0.953085 -2.43843 0 0 0 1 
3394309160193;0.353577;0.0104233;0.952622 0.304156 0.00119509 1.45575 -0.304022 0.952304 -0.0262253 5.96864 -0.00911465 0.0246194 0.999655 -0.386256 0 0 0 1 
3394309160194;0.352735;0.0156941;0.951779 -0.224027 0.209591 0.386316 0.145554 0.931156 0.334309 -3.56671 -0.270056 -0.287682 0.918863 5.05544 0 0 0 1 
3394309160195;0.362433;0.0754178;0.92057 0.390448 0.0101047 1.75362 -0.390109 0.920423 -0.0252399 7.65728 -0.0191555 0.0192931 0.99963 0.218117 0 0 0 1 
3394309160196;0.182053;0.0147208;0.993057 -0.106711 0.0494989 -0.0160655 0.0979511 0.983145 0.154377 -2.30209 -0.0651384 -0.148457 0.986771 0.894144 0 0 0 1 
3394309160197;0.398636;0.035876;0.923616 0.370497 -0.0983144 2.25143 -0.382848 0.904343 -0.188656 7.7161 0.0190135 0.211885 0.97711 0.459711 0 0 0 1 
3394309160198;0.114611;0.0196863;0.991406 -0.130693 -0.00573822 0.0801385 0.130682 0.991422 -0.00210165 -2.66851 0.00596366 0.0013337 0.999981 -0.0516201 0 0 0 1 
3394309160199;0.260161;0.00741818;0.949395 0.313811 0.0131018 1.27188 -0.313089 0.94888 -0.040026 6.222 -0.0249927 0.0338984 0.999113 0.557376 0 0 0 1 
3394309160200;0.239388;0.0197869;0.999112 -0.0317067 -0.0277364 0.0346697 0.0320888 0.999395 0.0134406 -0.71741 0.0272935 -0.0143187 0.999525 0.0824847 0 0 0 1 
3394309160201;0.340496;0.00645036;0.968761 -0.0747371 0.236466 0.601807 0.119792 0.975914 -0.182321 -1.70375 -0.217144 0.204952 0.954381 4.23434 0 0 0 1 
3394309160202;0.373558;0.0129986;0.986218 -0.0822484 0.14356 -0.654972 0.0827686 0.996566 0.00235501 -1.39753 -0.143261 0.00955973 0.989639 2.16671 0 0 0 1 
3394309160203;0.451354;0.0891758;0.940326 0.336659 0.0494805 1.17423 -0.303892 0.896278 -0.32301 6.62468 -0.153093 0.288698 0.945101 3.2237 0 0 0 1 
3394309160204;0.469117;0.117462;0.916496 0.399886 -0.0112245 1.79976 -0.399807 0.916558 0.00867833 7.98465 0.0137582 -0.00346605 0.999899 -0.783589 0 0 0 1 
3394309160205;0.327235;0.0204258;0.978501 -0.19858 -0.0557001 0.74859 0.201174 0.978493 0.0456033 -4.40579 0.0454462 -0.0558283 0.997406 -1.28108 0 0 0 1 
3394309160206;0.165571;0.0132267;0.998347 -0.0110002 -0.0564184 -0.0891014 0.00418112 0.992815 -0.119588 0.172888 0.0573285 0.119155 0.991219 -0.665445 0 0 0 1 
3394309160207;0.420271;0.0077915;0.97121 0.107039 0.212821 0.474981 -0.117201 0.992467 0.0356845 2.15001 -0.207399 -0.0596 0.976439 4.99789 0 0 0 1 
3394309160208;0.487381;0.0108985;0.92462 0.308433 -0.223489 1.35007 -0.251334 0.934932 0.250465 4.18041 0.286199 -0.175414 0.941977 -5.30279 0 0 0 1 
3394309160209;0.287731;0.0102192;0.995892 0.0707158 0.0565619 -0.106481 -0.0779825 0.987253 0.138746 1.4935 -0.0460294 -0.142587 0.988711 0.0952671 0 0 0 1 
3394309160210;0.372686;0.0205149;0.950548 -0.308079 0.0393107 0.690384 0.31055 0.944486 -0.107263 -5.76489 -0.00408307 0.114166 0.993453 0.84689 0 0 0 1 
3394309160211;0.423056;0.10668;0.919701 -0.32395 -0.221825 1.98157 0.350955 0.931603 0.0945826 -7.01911 0.176013 -0.164838 0.970488 -3.05981 0 0 0 1 
3394309160212;0.468609;0.0180633;0.960263 -0.278317 0.0208385 1.16276 0.27867 0.960246 -0.0164584 -5.92925 -0.0154294 0.0216114 0.999647 0.934607 0 0 0 1 
3394309160213;0.266849;0.00898953;0.978405 -0.148843 0.143418 -0.299893 0.174416 0.96686 -0.186441 -3.05165 -0.110914 0.20743 0.971942 2.50984 0 0 0 1 
3394309160214;0.475344;0.405368;0.994098 -0.0952998 0.0518324 0.313449 0.0979638 0.993854 -0.051541 -1.90246 -0.046602 0.0563145 0.997325 1.74966 0 0 0 1 
3394309160215;0.281079;0.0322795;0.873783 0.0833582 -0.479118 3.07578 -0.0559762 0.995891 0.0711821 1.13804 0.483083 -0.0353785 0.874859 -9.42936 0 0 0 1 
3394309160217;0.276984;0.0234241;0.999998 0.00177847 0.000682289 -0.608577 -0.00177978 0.999997 0.00192213 0.381133 -0.000678868 -0.00192334 0.999998 0.372867 0 0 0 1 
3394309160218;0.423487;0.493397;0.971948 0.233355 -0.0293812 -0.622487 -0.228793 0.96703 0.111834 2.62513 0.0545094 -0.101974 0.993292 -0.157729 0 0 0 1 
3394309160219;0.217232;0.0492272;0.985638 0.161278 -0.0500646 0.389255 -0.167914 0.967499 -0.189076 2.5243 0.0179437 0.194767 0.980685 0.0645049 0 0 0 1 
3394309160220;0.375115;0.023889;0.921614 0.182586 -0.342477 1.55784 -0.103859 0.966269 0.235665 0.5707 0.373954 -0.181623 0.90949 -5.2243 0 0 0 1 
3394309160221;0.326953;0.0475184;0.98093 0.183261 -0.0647385 -0.150882 -0.179979 0.982221 0.0533825 1.96892 0.0733704 -0.040713 0.996473 -0.40428 0 0 0 1 
3394309160222;0.142051;0.0272399;0.999262 -0.0347127 0.0164706 -0.310568 0.0351824 0.998956 -0.02914 -0.721439 -0.0154419 0.0296979 0.99944 0.341174 0 0 0 1 
3394309160223;0.261461;0.0569902;0.958672 0.275073 -0.0726786 0.248073 -0.271378 0.960797 0.0567824 3.43327 0.0854486 -0.0347124 0.995738 -1.18833 0 0 0 1 
3394309160224;0.0854273;0.0599709;0.993451 0.113589 -0.0123809 0.0239136 -0.113459 0.993485 0.0107459 1.37953 0.0135209 -0.00927084 0.999866 -0.157225 0 0 0 1 
3394309160225;0.231107;0.0258461;0.999931 0.00419353 -0.0109881 -0.278361 -0.00401022 0.999853 0.0166518 0.575019 0.0110563 -0.0166066 0.999801 0.0625524 0 0 0 1 
3394309160226;0.061528;0.0275668;0.999989 0.00331249 -0.00330708 -0.0611985 -0.00331915 0.999992 -0.00201076 0.08654 0.00330039 0.00202171 0.999993 -0.164618 0 0 0 1 
3394309160227;0.376137;1.23012;0.912125 0.406807 -0.0503547 -1.79083 -0.40707 0.913381 0.00537518 5.17061 0.0481796 0.0155951 0.998717 -0.345525 0 0 0 1 
3394309160228;0.303595;0.0257126;0.965546 -0.248746 0.0764589 0.261818 0.260061 0.932964 -0.248891 -2.96976 -0.00942276 0.2602 0.965509 0.183598 0 0 0 1 
3394309160229;0.401686;0.023384;0.930948 -0.315183 0.184377 1.04233 0.319607 0.947531 0.00600755 -3.64843 -0.176597 0.0533357 0.982837 2.46476 0 0 0 1 
3394309160230;0.10387;0.0567675;0.991428 0.126127 -0.0341079 0.00957918 -0.127266 0.9913 -0.0335812 1.66475 0.0295757 0.0376341 0.998854 -0.32717 0 0 0 1 
3394309160231;0.26477;0.0499541;0.92607 -0.227489 0.30107 0.233202 0.190956 0.970669 0.146074 -2.78298 -0.325469 -0.0777839 0.942348 4.26281 0 0 0 1 
3394309160232;0.456423;0.038843;0.870201 0.287519 -0.400103 2.78333 -0.285151 0.956144 0.0669113 3.90512 0.401794 0.0558634 0.914024 -5.52406 0 0 0 1 
3394309160233;0.155497;0.0364682;0.999179 0.0334775 0.0228008 -0.223468 -0.0340898 0.999053 0.0270201 0.384799 -0.0218746 -0.0277752 0.999375 0.660065 0 0 0 1 
3394309160234;0.449685;0.230316;0.99893 -0.03981 0.0235501 0.00431851 0.0408083 0.998218 -0.043545 -0.351595 -0.0217746 0.0444595 0.998774 -0.563816 0 0 0 1 
3394309160235;0.164832;0.023808;0.972056 0.126748 -0.197593 0.321837 -0.116554 0.991219 0.062443 1.50578 0.203772 -0.0376679 0.978293 -2.59876 0 0 0 1 
3394309160236;0.330502;0.0576883;0.972152 0.225858 0.0625146 0.0725249 -0.210579 0.958952 -0.189914 3.27789 -0.102842 0.171461 0.979809 1.86248 0 0 0 1 
3394309160237;0.197559;0.0428559;0.999963 -0.00854243 -0.000755129 0.215979 0.00854619 0.99995 0.00512866 0.145404 0.00071128 -0.00513493 0.999987 -0.305409 0 0 0 1 
3394309160238;0.37956;0.0540176;0.983015 -0.137448 0.121611 0.752625 0.12333 0.985458 0.116881 -1.48105 -0.135908 -0.0998977 0.985672 1.85499 0 0 0 1 
3394309160239;0.353533;0.0282047;0.995809 -0.0417853 0.0813596 -0.818968 0.0410487 0.9991 0.0107053 -0.362391 -0.0817337 -0.00732075 0.996627 0.468818 0 0 0 1 
3394309160240;0.540644;0.881057;0.94982 0.281439 0.136506 -2.13993 -0.216392 0.906335 -0.362948 4.0487 -0.225868 0.315196 0.921757 2.95166 0 0 0 1 
3394309160241;0.23847;0.780901;0.978469 0.0817295 0.189523 -1.63253 -0.0925869 0.994491 0.0491454 1.058 -0.184463 -0.0656346 0.980646 1.90972 0 0 0 1 
3394309160242;0.249114;0.0259461;0.999429 -0.0214425 0.0261082 -0.334114 0.0209241 0.999582 0.0199713 -0.268989 -0.0265255 -0.0194136 0.99946 -0.254788 0 0 0 1 
3394309160243;0.309141;0.0520058;0.958936 0.162224 0.232648 -0.0817123 -0.116783 0.973352 -0.197353 1.90642 -0.258464 0.16208 0.952327 3.28436 0 0 0 1 
3394309160244;0.346424;0.0519027;0.999993 -0.00250947 -0.00279598 0.454168 0.00251618 0.999994 0.00239983 -0.418385 0.00278994 -0.00240685 0.999993 0.613237 0 0 0 1 
3394309160245;0.222213;0.486126;0.982922 0.139014 0.120576 -1.11116 -0.144725 0.988666 0.0399339 2.05111 -0.113658 -0.0567023 0.991901 1.02476 0 0 0 1 
3394309160246;0.394505;0.343184;0.988128 0.152866 0.0153155 -0.958939 -0.153624 0.98216 0.10845 1.96535 0.00153613 -0.109516 0.993984 0.0104534 0 0 0 1 
3394309160248;0.387346;0.366197;0.992527 0.100655 -0.0689904 0.298671 -0.0950726 0.992257 0.0799186 1.8411 0.0765004 -0.0727622 0.994411 -0.682747 0 0 0 1 
3394309160249;0.0790091;0.0272577;0.996183 -0.0869946 0.00722863 0.00747479 0.0869874 0.996209 0.00130951 -1.47434 -0.00731514 -0.000675717 0.999973 0.116995 0 0 0 1 
3394309160250;0.489213;0.0363609;0.931664 0.267601 -0.245746 1.7011 -0.226005 0.956456 0.184696 3.28648 0.28447 -0.116535 0.951576 -3.94518 0 0 0 1 
3394309160251;0.37181;0.0496922;0.884264 0.440271 -0.155686 2.29713 -0.400129 0.886212 0.233507 6.49595 0.240777 -0.144187 0.959811 -4.10253 0 0 0 1 
3394309160252;0.374908;0.021118;0.932857 -0.360147 -0.00845504 1.26668 0.36018 0.932879 0.00274541 -6.38147 0.00689878 -0.00560641 0.99996 -0.398156 0 0 0 1 
3394309160253;0.217625;0.0401516;0.971217 -0.152069 0.183335 0.195797 0.160786 0.986418 -0.0335701 -2.59964 -0.17574 0.0620817 0.982477 3.46447 0 0 0 1 
3394309160254;0.306431;0.0324966;0.999778 -0.0210247 0.00137793 -0.774714 0.0210248 0.999779 -2.49684e-05 -0.0332689 -0.0013771 5.39336e-05 0.999999 0.3768 0 0 0 1 
3394309160255;0.470321;0.0332708;0.973013 -0.226534 -0.0439018 -0.36513 0.199858 0.922456 -0.330352 -2.47328 0.115333 0.312663 0.942836 -1.74454 0 0 0 1 
3394309160256;0.293686;0.0246125;0.999339 0.0321283 -0.0169922 -0.520659 -0.0318679 0.999374 0.0153808 0.0493921 0.0174757 -0.0148291 0.999737 -0.0456433 0 0 0 1 
3394309160257;0.406176;0.0425596;0.988861 0.0701687 0.131267 -0.0557636 -0.042587 0.978418 -0.202197 1.83582 -0.142622 0.194354 0.970508 3.03659 0 0 0 1 
3394309160258;0.344851;0.0391311;0.970461 0.0648421 0.232382 -0.123305 -0.0142932 0.976966 -0.212915 1.00272 -0.240835 0.203304 0.949034 4.37536 0 0 0 1 
3394309160259;0.414136;0.222389;0.974472 -0.187021 -0.124204 0.665787 0.195516 0.97886 0.0600461 -3.69284 0.110348 -0.0827972 0.990438 -1.948 0 0 0 1 
3394309160260;0.148826;0.0316292;0.971366 0.0978531 -0.2165 0.838471 -0.0832202 0.99365 0.0757251 1.31725 0.222535 -0.0555397 0.973341 -3.90358 0 0 0 1 
3394309160261;0.341319;0.0240189;0.985514 -0.167896 -0.0239565 0.298216 0.166813 0.985107 -0.0416915 -2.36645 0.0305996 0.0370913 0.998843 0.146813 0 0 0 1 
