#;prob_registration_l1 -r /home/probabilistic_point_clouds_registration/build/tester /home/point_clouds_registration_benchmark//devel/registration_pairs/long_office_household_local.txt /home/point_clouds_registration_benchmark//tum/long_office_household -s 0.1 -t 0.1 -p 0.3 -r 1000 -m 25 -i 40 
id;initial_error;final_error;transformation
26456013410000;0.652746;0.142672;0.907147 0.391269 -0.154896 0.144289 -0.413667 0.896683 -0.157603 0.0443316 0.0772276 0.207044 0.975279 -0.551634 0 0 0 1 
26456013410001;1.0574;0.190085;0.993663 0.10587 0.0377419 0.0238216 -0.102871 0.991931 -0.0740987 0.0843594 -0.0452822 0.0697467 0.996536 0.877572 0 0 0 1 
26456013410002;0.577722;0.159568;0.991733 0.128192 -0.0057475 0.119185 -0.127971 0.991344 0.0293385 0.17484 0.0094587 -0.0283604 0.999553 0.458719 0 0 0 1 
26456013410003;1.10585;0.391888;0.943849 -0.330312 -0.00659039 0.205345 0.330282 0.943868 -0.00520182 0.468851 0.00793868 0.00273305 0.999965 -0.942157 0 0 0 1 
26456013410004;0.510854;0.147485;0.968568 0.0873286 0.232916 -0.134125 -0.135986 0.969935 0.201826 -0.100283 -0.208288 -0.227155 0.951324 -0.455154 0 0 0 1 
26456013410005;0.315858;0.178759;0.998839 -0.0453733 0.0161828 0.0155817 0.0468734 0.992913 -0.109206 0.445524 -0.0111131 0.109838 0.993887 -0.25548 0 0 0 1 
26456013410006;0.127418;0.134868;0.994853 0.100035 0.0161632 0.0785739 -0.099138 0.993863 -0.0490803 0.0674204 -0.0209737 0.0472253 0.998664 -0.0753796 0 0 0 1 
26456013410007;0.936325;0.500939;0.972035 -0.229983 -0.0474985 0.0984507 0.216669 0.956305 -0.196303 0.332672 0.0905695 0.180522 0.979392 0.613762 0 0 0 1 
26456013410008;0.859142;0.161331;0.999318 -0.0135763 0.0343539 0.191655 0.0192624 0.985078 -0.17103 0.0996705 -0.0315193 0.171575 0.984667 0.634246 0 0 0 1 
26456013410009;0.404949;0.152954;0.986042 0.0998239 -0.133253 -0.0950247 -0.112832 0.989166 -0.0939159 -0.0289142 0.122434 0.10764 0.986622 0.24854 0 0 0 1 
26456013410010;0.333714;0.140662;0.995064 0.0418831 -0.0899685 -0.0469574 -0.0591074 0.978362 -0.198277 0.166258 0.0797173 0.202616 0.976008 -0.295416 0 0 0 1 
26456013410011;0.463956;0.147085;0.998065 -0.0608796 0.0126338 0.0524218 0.0614284 0.996912 -0.0489171 0.301678 -0.00961675 0.0495985 0.998723 -0.451891 0 0 0 1 
26456013410012;1.06761;0.13392;0.971509 0.0103695 -0.236775 0.650986 -0.102012 0.920057 -0.37827 0.709601 0.213924 0.391647 0.894902 0.817499 0 0 0 1 
26456013410013;0.408963;0.131688;0.920417 0.390749 0.012191 0.113034 -0.389328 0.919005 -0.0620746 -0.0445135 -0.0354592 0.0523882 0.997997 -0.0762613 0 0 0 1 
26456013410014;0.281798;0.183467;0.993791 0.10896 0.0225395 -0.0316428 -0.10762 0.992729 -0.0539119 0.0101333 -0.0282498 0.0511514 0.998291 -0.319652 0 0 0 1 
26456013410015;0.444148;0.172373;0.992121 -0.0344458 -0.120455 3.84556e-05 0.0216892 0.994166 -0.105653 0.0927659 0.123392 0.102208 0.98708 0.310802 0 0 0 1 
26456013410016;0.631913;0.156579;0.89778 0.325013 0.297249 -0.19156 -0.31237 0.945638 -0.090514 -0.037458 -0.310509 -0.0115902 0.9505 0.317237 0 0 0 1 
26456013410017;0.712942;0.147914;0.994146 0.101383 0.0373631 0.18431 -0.0972551 0.990287 -0.0993602 0.650033 -0.0470736 0.0951447 0.99435 0.265644 0 0 0 1 
26456013410018;0.599666;0.147844;0.916697 0.291479 0.273324 -0.0635486 -0.31383 0.948596 0.0409471 -0.27739 -0.247338 -0.123313 0.96105 -0.462133 0 0 0 1 
26456013410019;0.16999;0.14799;0.999008 0.0406081 0.0182733 0.0201313 -0.0407544 0.999139 0.00770491 0.195423 -0.0179447 -0.00844199 0.999803 -0.134897 0 0 0 1 
26456013410020;0.966938;0.203568;0.992052 0.114678 0.0517907 -0.311455 -0.112249 0.992539 -0.0475995 -0.0297758 -0.0568629 0.0414077 0.997523 -0.958938 0 0 0 1 
26456013410021;1.2145;0.406523;0.94604 -0.319076 -0.0565558 -0.540602 0.316658 0.947336 -0.0477668 0.448352 0.0688186 0.0272804 0.997256 -0.324482 0 0 0 1 
26456013410022;0.808376;0.307044;0.975899 -0.204078 -0.0772827 -0.267144 0.161021 0.912453 -0.376166 0.615425 0.147284 0.354656 0.923324 -0.164992 0 0 0 1 
26456013410023;0.310262;0.14412;0.951699 0.305406 -0.0315576 -0.202262 -0.306912 0.949167 -0.0699066 0.0162914 0.0086035 0.0762155 0.997054 0.123161 0 0 0 1 
26456013410024;0.290654;0.128639;0.980699 0.195522 0.000438896 0.130883 -0.194224 0.973925 0.117245 -0.238921 0.0224966 -0.115067 0.993103 -0.0592805 0 0 0 1 
26456013410025;0.115869;0.167012;0.991494 0.130026 -0.00572794 -0.00686985 -0.130079 0.988508 -0.0770211 0.102429 -0.00435264 0.077111 0.997013 0.0134466 0 0 0 1 
26456013410026;0.438952;0.179653;0.994195 -0.0710869 0.0807667 -0.0535468 0.0663653 0.996007 0.0597148 -0.19295 -0.0846891 -0.054008 0.994943 -0.294521 0 0 0 1 
26456013410027;1.02893;0.137332;0.912265 0.409421 0.0121412 0.135257 -0.408702 0.911825 -0.0392274 0.789996 -0.0271312 0.0308236 0.999157 0.133877 0 0 0 1 
26456013410028;0.910665;0.181619;0.995491 0.0918921 0.0235207 0.149218 -0.0897014 0.992626 -0.0815259 0.126212 -0.0308388 0.0790484 0.996394 0.726512 0 0 0 1 
26456013410029;0.807992;0.148139;0.980195 0.113318 -0.162407 0.182849 -0.155616 0.947957 -0.27778 0.968281 0.122478 0.297552 0.946817 -0.0552032 0 0 0 1 
26456013410031;0.378079;1.61803;-0.236372 0.178909 -0.95505 0.963466 -0.799499 0.522781 0.295806 1.58718 0.552204 0.833481 0.019467 -0.161942 0 0 0 1 
26456013410032;0.347742;1.5344;-0.168617 0.329358 -0.929027 0.594355 -0.521266 0.770145 0.36764 1.33181 0.836571 0.54626 0.0418237 -0.726089 0 0 0 1 
26456013410033;0.319289;1.21203;0.218813 0.514912 -0.828846 0.161727 -0.635975 0.719481 0.279075 0.995532 0.740038 0.466061 0.484903 -0.654364 0 0 0 1 
26456013410034;0.665788;1.06894;0.28922 0.678833 -0.674935 1.04874 -0.629285 0.666138 0.400326 0.835476 0.721354 0.308944 0.61984 -0.771645 0 0 0 1 
26456013410035;0.543286;0.941677;0.573996 0.633834 -0.518443 0.710698 -0.692058 0.713926 0.106611 0.526927 0.437703 0.297598 0.848441 -0.0891544 0 0 0 1 
26456013410036;0.569296;0.919452;0.78731 0.489144 -0.375341 0.219506 -0.538503 0.842006 -0.0322549 1.1119 0.300262 0.227517 0.926326 0.224616 0 0 0 1 
26456013410037;0.587068;1.51186;-0.21422 0.216022 -0.952599 0.880611 -0.800807 0.519575 0.29791 1.96289 0.559302 0.826666 0.0616889 0.244986 0 0 0 1 
26456013410038;0.163491;1.03654;0.618252 0.693397 -0.370087 0.0274005 -0.760937 0.64596 -0.0609169 1.28549 0.196822 0.319275 0.926998 -0.165198 0 0 0 1 
26456013410039;0.298903;1.17116;0.49299 0.70555 -0.509078 0.032223 -0.749287 0.641687 0.163729 1.67168 0.442187 0.300728 0.845005 -0.165715 0 0 0 1 
26456013410040;0.421915;1.57808;-0.125038 0.100219 -0.987077 0.91598 -0.857803 0.48899 0.15831 1.70561 0.498537 0.866513 0.0248262 -0.0130512 0 0 0 1 
26456013410041;0.740902;1.11249;0.547767 0.53143 -0.646168 0.981572 -0.519733 0.821387 0.234951 0.597719 0.655614 0.207136 0.72613 -0.909959 0 0 0 1 
26456013410042;0.386627;1.04102;0.477671 0.685868 -0.549013 0.652031 -0.728863 0.658279 0.188221 0.927864 0.490499 0.310247 0.814345 -0.18217 0 0 0 1 
26456013410043;0.418115;0.812578;0.645092 0.388432 -0.65801 0.183827 -0.561866 0.824751 -0.0639739 0.919427 0.517845 0.410982 0.750287 -0.131588 0 0 0 1 
26456013410044;0.401489;0.862525;0.809504 0.429914 -0.399847 -0.175283 -0.357281 0.901136 0.24557 0.701329 0.46589 -0.055932 0.883073 -0.197328 0 0 0 1 
26456013410045;0.640918;1.56618;-0.134525 0.311524 -0.940668 0.565114 -0.52356 0.783625 0.334389 0.757464 0.841302 0.53748 0.0576842 -0.846427 0 0 0 1 
26456013410046;0.387348;1.0162;0.431648 0.679263 -0.593533 0.159662 -0.702857 0.665692 0.25069 1.39346 0.565395 0.308959 0.76477 -0.155793 0 0 0 1 
26456013410047;0.681694;1.16957;0.476121 0.771162 -0.422633 0.450537 -0.496867 0.632447 0.594251 0.486968 0.725556 -0.0729431 0.684286 -0.849563 0 0 0 1 
26456013410048;0.200666;1.51876;-0.209327 0.306687 -0.928507 0.972923 -0.541066 0.75461 0.371229 1.0156 0.814512 0.580092 0.00797689 -0.454067 0 0 0 1 
26456013410049;0.634474;1.04794;0.526487 0.712831 -0.46334 0.913134 -0.791224 0.610232 0.0397612 1.09418 0.311088 0.345672 0.885288 0.0887088 0 0 0 1 
26456013410050;0.211001;1.16288;0.574885 0.685266 -0.447121 -0.0360507 -0.76066 0.64894 0.0165609 1.44473 0.301503 0.330587 0.89432 -0.110488 0 0 0 1 
26456013410051;0.550163;0.977986;0.756161 0.537945 -0.372608 0.422083 -0.424076 0.836489 0.347053 0.657069 0.498378 -0.104414 0.860649 -0.607559 0 0 0 1 
26456013410052;0.551544;1.07113;0.604435 0.678257 -0.417883 0.486425 -0.702769 0.701004 0.121284 1.094 0.375199 0.220367 0.900369 -0.731324 0 0 0 1 
26456013410053;0.345543;1.19256;0.291481 0.696109 -0.656103 0.559788 -0.799213 0.554115 0.232843 1.64713 0.525641 0.456497 0.717853 -0.369231 0 0 0 1 
26456013410054;0.546651;1.56838;-0.0932721 0.103145 -0.990284 0.950643 -0.8032 0.579963 0.136058 2.0936 0.588362 0.808087 0.0287516 -0.859176 0 0 0 1 
26456013410055;0.267657;1.55548;-0.122723 0.301147 -0.945648 1.05599 -0.623685 0.717784 0.309522 1.55065 0.771982 0.627771 0.0997322 -0.393398 0 0 0 1 
26456013410056;0.595541;1.01766;0.641783 0.714457 -0.278686 0.589583 -0.764195 0.62623 -0.154412 1.12213 0.064201 0.312069 0.947888 -0.243367 0 0 0 1 
26456013410057;0.461018;1.55689;-0.0789288 0.404412 -0.911165 1.05774 -0.811604 0.504666 0.294296 1.38868 0.578851 0.762734 0.28839 -0.0343242 0 0 0 1 
26456013410058;0.576941;1.49273;-0.150973 0.459361 -0.875326 0.993481 -0.557692 0.691528 0.459094 0.563761 0.816203 0.557473 0.15178 -0.695241 0 0 0 1 
26456013410059;0.729412;1.60692;-0.353798 0.362482 -0.862226 1.09869 -0.727652 0.47253 0.49723 1.29609 0.587665 0.80332 0.0965804 0.228882 0 0 0 1 
26456013410060;0.670241;1.00138;0.698586 0.549473 -0.458319 -0.161104 -0.390811 0.829563 0.398864 1.16989 0.59937 -0.0995251 0.794261 -0.680702 0 0 0 1 
26456013410062;0.727774;0.141056;0.95966 -0.260225 -0.106468 -0.00116566 0.271996 0.955142 0.117142 -0.261205 0.0712086 -0.141376 0.987392 0.327224 0 0 0 1 
26456013410063;1.34575;0.136769;0.956623 0.211307 0.200553 -0.408056 -0.13142 0.92739 -0.350252 -0.477969 -0.260002 0.308703 0.914933 -0.185168 0 0 0 1 
26456013410064;0.325852;0.142343;0.987761 0.143955 0.0600385 -0.1048 -0.150212 0.981629 0.117646 -0.187964 -0.0419998 -0.125224 0.991239 0.146405 0 0 0 1 
26456013410065;0.371368;0.234964;0.962544 -0.130078 -0.237885 0.27809 0.139836 0.989871 0.0245403 0.00403193 0.232283 -0.0568859 0.970983 0.0571012 0 0 0 1 
26456013410066;1.03207;0.151806;0.942969 0.179654 -0.28024 -0.106618 -0.251695 0.935747 -0.247039 0.36393 0.217852 0.303485 0.927598 0.429639 0 0 0 1 
26456013410067;0.857765;0.186478;0.978207 -0.134057 0.158553 0.0746458 0.175993 0.940522 -0.290595 0.171831 -0.110166 0.312166 0.943618 0.219901 0 0 0 1 
26456013410068;1.01715;0.137294;0.997774 0.0655858 0.0120747 -0.188875 -0.0666313 0.987913 0.139957 -0.0904668 -0.00274959 -0.14045 0.990084 0.594928 0 0 0 1 
26456013410069;0.211374;0.182738;0.967003 -0.127809 -0.220385 0.131471 0.129643 0.991541 -0.00618393 -0.00892822 0.219311 -0.0225914 0.975393 0.179419 0 0 0 1 
26456013410070;0.584191;0.211317;0.913486 -0.217159 -0.344071 0.489592 0.19307 0.975738 -0.103244 0.0360782 0.358144 0.0278824 0.93325 0.0476071 0 0 0 1 
26456013410071;0.0848378;0.16825;0.999431 -0.0255357 0.02203 -0.0403398 0.0266085 0.998402 -0.0498598 0.00425535 -0.0207216 0.0504176 0.998513 -0.0112446 0 0 0 1 
26456013410072;0.345771;0.149949;0.978683 0.0165041 -0.204711 0.0272259 0.0275737 0.977182 0.210606 -0.303807 0.203516 -0.211761 0.955897 0.245197 0 0 0 1 
26456013410073;0.619828;0.241034;0.96805 0.0695534 0.240919 -0.18217 -0.0397653 0.991185 -0.126373 -0.0937826 -0.247585 0.112755 0.962283 0.159409 0 0 0 1 
26456013410074;0.46439;0.0993966;0.990932 -0.0571642 -0.121594 -0.0533891 0.0435057 0.992737 -0.112159 0.145504 0.127123 0.105852 0.986223 0.10036 0 0 0 1 
26456013410075;1.52576;0.117939;0.965572 -0.254746 -0.0526827 0.0769918 0.258895 0.960812 0.0990594 -0.0402465 0.0253832 -0.109288 0.993686 -0.74911 0 0 0 1 
26456013410076;0.479244;0.217535;0.997233 0.0505135 -0.0545368 -0.0384722 -0.0559006 0.993186 -0.102255 0.049155 0.0489999 0.105021 0.993262 -0.196439 0 0 0 1 
26456013410077;0.704929;0.112531;0.995245 -0.0696619 0.0680781 -0.374693 0.0669356 0.996892 0.0415405 -0.190342 -0.0707603 -0.0367861 0.996815 0.0961067 0 0 0 1 
26456013410078;0.365691;0.323718;0.997537 -0.0448983 -0.053881 0.115147 0.0409482 0.996542 -0.0723026 0.0493792 0.056941 0.0699182 0.995926 0.0236198 0 0 0 1 
26456013410079;1.72117;1.06636;0.985165 -0.164489 -0.0489303 0.264295 0.144467 0.948805 -0.280887 0.363164 0.0926282 0.269651 0.958493 0.555461 0 0 0 1 
26456013410080;1.76411;0.209788;0.991227 -0.130029 -0.0237034 -0.544169 0.1303 0.991422 0.01026 0.736433 0.022166 -0.0132585 0.999666 -0.0358832 0 0 0 1 
26456013410081;1.63412;0.318728;0.979326 0.0684605 0.190351 -0.151884 -0.0372295 0.985915 -0.163049 0.788638 -0.198832 0.152592 0.968081 -0.454093 0 0 0 1 
26456013410082;0.404515;0.156453;0.899632 -0.412911 -0.142011 0.11749 0.395711 0.908455 -0.13462 0.260003 0.184597 0.0649127 0.980668 0.0378619 0 0 0 1 
26456013410083;1.34753;0.217324;0.997342 -0.0721703 -0.00998384 -0.245748 0.0724904 0.996695 0.0366532 -0.578328 0.00730558 -0.0372795 0.999278 0.507976 0 0 0 1 
26456013410084;1.15281;0.549548;0.973441 0.09514 0.208235 -0.242144 -0.0602067 0.98393 -0.168096 -0.290529 -0.220882 0.151094 0.963526 -0.0676785 0 0 0 1 
26456013410085;0.50976;0.160562;0.992064 0.116518 0.0472444 -0.0882309 -0.107594 0.981157 -0.160484 0.119478 -0.0650533 0.154127 0.985907 -0.297821 0 0 0 1 
26456013410086;0.789041;0.308341;0.987737 -0.083812 -0.131723 0.0784785 0.0686357 0.990897 -0.115812 0.0983643 0.14023 0.105351 0.984498 -0.35271 0 0 0 1 
26456013410087;0.962758;0.311824;0.997613 0.0657144 -0.0212257 -0.0269938 -0.0683434 0.983588 -0.166985 0.591968 0.0099041 0.168037 0.985731 -0.0190832 0 0 0 1 
26456013410088;1.51292;0.235461;0.924403 -0.350511 -0.150403 -0.5089 0.348695 0.936418 -0.0391673 -0.309456 0.154569 -0.0162385 0.987849 0.129969 0 0 0 1 
26456013410089;0.558558;0.223178;0.995924 -0.05704 -0.0698713 -0.0139214 0.0530845 0.996949 -0.0572173 -0.0414367 0.0729218 0.053275 0.995914 0.327974 0 0 0 1 
26456013410090;1.4132;0.271306;0.991964 -0.0268869 -0.123632 0.200156 0.0317879 0.998778 0.037841 -0.086423 0.122464 -0.0414669 0.991606 -0.656106 0 0 0 1 
26456013410091;1.21795;0.193927;0.987639 -0.109522 0.112132 -0.0680593 0.142131 0.927381 -0.346067 -0.0315032 -0.0660871 0.357727 0.931485 0.405997 0 0 0 1 
26456013410093;0.469907;0.50551;0.96798 -0.221478 0.118159 -0.0477228 0.225122 0.974159 -0.0182698 0.480463 -0.111059 0.044285 0.992827 -0.431268 0 0 0 1 
26456013410094;0.663694;0.189154;0.880428 0.165155 -0.44449 0.354647 -0.0709925 0.97273 0.220808 0.297943 0.468836 -0.16285 0.868143 0.0921231 0 0 0 1 
26456013410095;0.871627;0.132998;0.981535 0.159675 0.105319 0.44229 -0.15988 0.987115 -0.00655375 0.282274 -0.105008 -0.0104056 0.994417 -0.0172675 0 0 0 1 
26456013410096;0.802998;0.133822;0.998582 0.0216789 0.048611 -0.408753 -0.0234261 0.999089 0.0356656 0.182017 -0.0477936 -0.0367539 0.998181 -0.461349 0 0 0 1 
26456013410097;0.47238;0.0863264;0.924299 0.381567 -0.00883306 0.00323847 -0.38118 0.924038 0.0292395 0.0859484 0.0193189 -0.023659 0.999533 0.211107 0 0 0 1 
26456013410098;0.153152;0.093156;0.990096 0.076028 -0.118022 0.0763915 -0.0702456 0.996152 0.0524102 0.0720357 0.121553 -0.0436006 0.991627 0.0733216 0 0 0 1 
26456013410099;1.16156;0.240554;0.995406 -0.0687297 -0.0666569 -0.229656 0.0605534 0.991195 -0.117757 0.737918 0.0741633 0.11318 0.990803 0.47522 0 0 0 1 
26456013410100;0.366643;0.110556;0.968863 0.232104 0.0862118 -0.119604 -0.22616 0.97132 -0.0734129 0.0913648 -0.100779 0.0516293 0.993568 0.195624 0 0 0 1 
26456013410101;1.16745;0.123152;0.99169 0.126139 0.0252989 -0.0427727 -0.128648 0.973516 0.188987 0.456769 -0.000790426 -0.190671 0.981654 0.785722 0 0 0 1 
26456013410102;1.13408;0.380392;0.993643 -0.105044 -0.0404794 0.185038 0.108395 0.989829 0.0921378 0.00926574 0.0303892 -0.0959399 0.994923 -0.898816 0 0 0 1 
26456013410103;0.393965;0.129767;0.99739 0.0385794 -0.0610353 -0.0281441 -0.0264755 0.981821 0.187951 -0.299979 0.0671768 -0.185845 0.98028 -0.0457429 0 0 0 1 
26456013410104;1.01585;0.0882467;0.966475 0.252757 0.0451724 -0.540176 -0.255105 0.92531 0.280577 0.0969843 0.0291192 -0.282694 0.958768 -0.366143 0 0 0 1 
26456013410105;1.13047;0.673648;0.998667 -0.0505793 0.0102935 -0.0610567 0.0514097 0.992512 -0.110802 -0.0385596 -0.0046121 0.111183 0.993789 0.302338 0 0 0 1 
26456013410106;0.197882;0.0973385;0.960985 0.273728 0.0397537 -0.107592 -0.275275 0.960504 0.0406952 0.0695056 -0.0270442 -0.0500507 0.99838 0.0314543 0 0 0 1 
26456013410107;0.85745;0.584806;0.962701 -0.270023 0.0171767 -0.253788 0.270003 0.962853 0.0035369 0.0243645 -0.0174937 0.00123279 0.999846 -0.565053 0 0 0 1 
26456013410108;1.09003;0.248421;0.972793 0.0803433 0.2173 -0.401402 -0.0889134 0.995589 0.0299377 -0.576605 -0.213936 -0.0484441 0.975646 0.394209 0 0 0 1 
26456013410109;0.997601;0.176376;0.986582 0.159957 -0.0327194 0.117396 -0.16249 0.98151 -0.101165 -0.45063 0.0159325 0.105124 0.994332 0.298673 0 0 0 1 
26456013410110;1.0844;0.253273;0.920134 -0.0808685 0.383163 -0.91107 0.0799803 0.996629 0.0182774 0.103455 -0.383349 0.0138278 0.9235 -0.535035 0 0 0 1 
26456013410111;0.414986;0.377746;0.991143 -0.128498 0.0335095 0.0622687 0.132539 0.941535 -0.30975 0.450717 0.00825186 0.311448 0.950227 -0.0492248 0 0 0 1 
26456013410112;0.40276;0.138541;0.993137 -0.00451699 0.116867 -0.14939 -0.0171265 0.982865 0.18353 -0.0752479 -0.115693 -0.184272 0.976042 -0.229008 0 0 0 1 
26456013410113;0.220143;0.171052;0.984275 0.17431 -0.028611 0.0048521 -0.174471 0.984657 -0.00319945 0.140183 0.0276143 0.00814092 0.999586 0.0953991 0 0 0 1 
26456013410114;0.883586;0.27674;0.971696 -0.137457 0.192127 -0.488203 0.119226 0.98746 0.10348 -0.152824 -0.203942 -0.0776447 0.975899 0.337401 0 0 0 1 
26456013410115;0.901703;0.205308;0.998933 -0.0128921 -0.0443535 -0.0089343 0.0208902 0.982536 0.184899 0.142724 0.0411952 -0.185628 0.981756 0.73993 0 0 0 1 
26456013410116;0.0971774;0.15147;0.999804 0.0139549 -0.0140485 -0.0245467 -0.0136426 0.999663 0.0220871 0.16455 0.014352 -0.0218911 0.999657 0.0139216 0 0 0 1 
26456013410117;0.308242;0.129117;0.999708 0.0233558 0.00617024 -0.0416121 -0.0237943 0.996132 0.0845806 0.135235 -0.00417093 -0.0847028 0.996398 -0.173485 0 0 0 1 
26456013410118;0.617996;0.480916;0.956828 -0.231656 0.175543 -0.324142 0.225124 0.972689 0.0565307 0.372935 -0.183844 -0.0145712 0.982847 -0.454306 0 0 0 1 
26456013410119;0.836682;0.491785;0.989021 -0.143571 -0.0349972 0.00666261 0.145661 0.987055 0.0671205 0.248794 0.0249076 -0.0714813 0.997131 -0.792137 0 0 0 1 
26456013410120;1.27194;0.220054;0.997401 0.0387008 -0.0607778 0.505397 -0.0326741 0.994728 0.0971993 0.278317 0.0642191 -0.0949608 0.993407 -0.76369 0 0 0 1 
26456013410121;0.539915;0.480702;0.951981 -0.26802 -0.147976 0.261992 0.263089 0.963352 -0.0523159 0.396056 0.156574 0.0108729 0.987606 -0.458661 0 0 0 1 
26456013410122;0.715537;0.159785;0.998305 0.0245609 -0.0527679 0.152456 -0.024483 0.999698 0.00212337 0.264041 0.0528041 -0.000827857 0.998605 -0.526129 0 0 0 1 
26456013410124;1.54152;0.144195;0.847186 0.516826 -0.123157 -0.495982 -0.528109 0.84452 -0.0888046 -0.400349 0.0581122 0.140274 0.988406 0.194167 0 0 0 1 
26456013410125;0.0901978;0.0911324;0.995296 0.0964358 -0.00927117 0.0938163 -0.0962707 0.995212 0.0168545 -0.142543 0.0108522 -0.0158826 0.999815 -0.000675438 0 0 0 1 
26456013410126;2.04591;0.106319;0.958049 0.243611 -0.150985 0.135152 -0.226531 0.96636 0.121789 -0.200945 0.175575 -0.0824773 0.981005 -0.718819 0 0 0 1 
26456013410127;0.892171;0.303591;0.993722 0.0929716 0.0622335 0.0627649 -0.0947056 0.995178 0.0255125 0.334163 -0.0595614 -0.0312462 0.997735 -0.183951 0 0 0 1 
26456013410128;1.22747;0.139359;0.999469 0.0323938 -0.00346396 -0.145621 -0.032576 0.995035 -0.0940422 0.130672 0.000400381 0.0941051 0.995562 -0.527914 0 0 0 1 
26456013410129;0.476134;0.114814;0.970998 0.130398 0.200396 -0.115993 -0.120276 0.990807 -0.061935 -0.224766 -0.20663 0.0360359 0.977755 -0.121079 0 0 0 1 
26456013410130;2.09219;0.213941;0.969953 0.22362 0.0958383 0.253399 -0.220341 0.974445 -0.0436742 0.120863 -0.103156 0.0212449 0.994438 0.751332 0 0 0 1 
26456013410131;1.46172;0.138079;0.997356 0.0722751 0.00757204 -0.320366 -0.0721382 0.997249 -0.0170218 -0.217641 -0.00878146 0.0164305 0.999826 0.593948 0 0 0 1 
26456013410132;0.769284;0.246341;0.992499 -0.0415623 0.114972 -0.188477 0.0208835 0.984253 0.175529 0.112339 -0.120457 -0.171811 0.977738 0.0366556 0 0 0 1 
26456013410133;1.34603;0.786107;0.997307 0.0156983 -0.0716337 0.0999039 -0.0485117 0.873771 -0.483912 0.271506 0.0549949 0.486084 0.87218 0.754884 0 0 0 1 
26456013410134;1.62064;0.372903;0.995469 -0.0179918 0.0933689 0.209832 0.0236487 0.997928 -0.0598374 0.315371 -0.0920988 0.0617743 0.993832 -0.760032 0 0 0 1 
26456013410135;0.477389;0.136605;0.994744 0.092525 0.0438493 0.0409616 -0.0920552 0.995674 -0.0126192 0.0166389 -0.0448272 0.00851635 0.998958 -0.269324 0 0 0 1 
26456013410136;1.0412;0.130041;0.962878 -0.255216 -0.0879246 -0.558265 0.258299 0.965729 0.0254901 0.554474 0.0784058 -0.0472547 0.995801 0.299969 0 0 0 1 
26456013410137;1.90811;0.170626;0.995121 -0.09601 0.0227315 -0.000934667 0.0967749 0.994678 -0.0353533 0.0695502 -0.0192162 0.0373806 0.999116 0.880243 0 0 0 1 
26456013410138;0.964836;0.068733;0.97731 0.200442 -0.0684737 0.0874195 -0.206313 0.974015 -0.0934307 -0.289058 0.0479669 0.105438 0.993268 0.580623 0 0 0 1 
26456013410139;1.47225;0.278479;0.918033 0.393652 -0.0474798 0.5625 -0.39609 0.915952 -0.0643825 -0.873215 0.0181449 0.0779115 0.996795 -0.224243 0 0 0 1 
26456013410140;1.16137;0.243672;0.993458 0.114138 -0.00378683 0.245918 -0.114201 0.993008 -0.0298954 -0.544219 0.000348148 0.0301322 0.999546 0.200503 0 0 0 1 
26456013410141;0.944233;0.149676;0.989737 0.142765 -0.00622023 -0.0968644 -0.142848 0.989613 -0.0161217 -0.54105 0.00385402 0.0168448 0.999851 -0.231228 0 0 0 1 
26456013410142;1.84842;0.165214;0.940474 0.185942 -0.28449 -0.701618 -0.245524 0.950507 -0.190407 -0.31852 0.235005 0.248922 0.93958 0.536883 0 0 0 1 
26456013410143;0.46443;0.0511728;0.958754 0.281242 0.0411507 0.0364208 -0.284235 0.949092 0.135776 -0.494171 -0.000869888 -0.141872 0.989885 0.111949 0 0 0 1 
26456013410144;0.759937;0.135839;0.972494 -0.0217058 -0.231914 -0.0524446 -0.049199 0.954044 -0.2956 0.388879 0.227673 0.29888 0.926734 0.378507 0 0 0 1 
26456013410145;0.437138;0.290638;0.988468 -0.0169609 0.150478 -0.15259 -0.0150234 0.977821 0.208901 0.0305931 -0.150684 -0.208752 0.96629 -0.284729 0 0 0 1 
26456013410146;1.81332;0.149152;0.997419 0.0711808 -0.00939065 -0.46078 -0.0705792 0.996064 0.0536252 0.0809926 0.0131708 -0.052824 0.998517 0.684488 0 0 0 1 
26456013410147;0.897776;0.226402;0.998078 0.0364394 0.0501171 0.260836 -0.0270743 0.983973 -0.176248 -0.0669338 -0.0557363 0.174553 0.983069 0.129213 0 0 0 1 
26456013410148;0.647101;0.289715;0.993601 -0.111191 -0.0198428 -0.165509 0.112812 0.985569 0.126203 0.06469 0.00552381 -0.127634 0.991806 0.18357 0 0 0 1 
26456013410149;0.510162;0.0767408;0.896048 0.438592 -0.0688183 -0.0461614 -0.44296 0.893613 -0.0723976 -0.558438 0.029744 0.0953555 0.994999 0.131867 0 0 0 1 
26456013410150;1.62937;0.103489;0.943823 -0.0202742 0.32983 -0.00481504 0.139003 0.929874 -0.340605 0.955622 -0.299795 0.367318 0.880454 -0.687004 0 0 0 1 
26456013410151;0.991097;0.157505;0.975052 -0.144527 0.168483 -0.374969 0.171667 0.972149 -0.159555 0.379968 -0.14073 0.184497 0.972705 -0.555161 0 0 0 1 
26456013410152;0.386143;0.0552697;0.99719 0.0701953 -0.0261649 0.0194291 -0.0706745 0.997339 -0.0178621 0.00357286 0.0248415 0.0196611 0.999498 -0.105969 0 0 0 1 
26456013410153;1.24713;0.144001;0.92848 0.36876 0.0440463 -0.233227 -0.368728 0.929492 -0.00914706 -0.253549 -0.0443138 -0.00774824 0.998988 0.325433 0 0 0 1 
26456013410155;0.44177;0.245406;0.99275 0.104033 0.0602061 -0.0312599 -0.0890667 0.973043 -0.21273 -0.122056 -0.080714 0.205825 0.975254 -0.0508881 0 0 0 1 
26456013410156;0.559197;0.90733;0.99172 -0.119577 -0.0468331 -0.525836 0.120174 0.992701 0.0101443 0.00913772 0.0452783 -0.0156884 0.998851 -0.0431555 0 0 0 1 
26456013410157;0.798739;0.512973;0.997929 0.024089 -0.0596442 0.26369 -0.0238733 0.999706 0.00432702 -0.22647 0.0597309 -0.00289416 0.99821 -0.190127 0 0 0 1 
26456013410158;0.506235;0.187645;0.985165 0.105755 0.135154 0.108958 -0.0841828 0.984098 -0.156412 0.329508 -0.149546 0.142714 0.978401 -0.282467 0 0 0 1 
26456013410159;0.771683;0.206121;0.999499 0.02126 -0.0234503 0.288097 -0.025918 0.974985 -0.220754 0.659567 0.0181704 0.221251 0.975048 0.131759 0 0 0 1 
26456013410160;0.731372;0.448166;0.999533 -0.0163648 -0.0258126 -0.0747503 0.0149775 0.99848 -0.0530498 0.197625 0.0266415 0.0526385 0.998258 -0.54462 0 0 0 1 
26456013410161;0.152345;0.111534;0.998163 0.0177281 0.0579339 -0.112468 -0.0144432 0.99829 -0.0566362 0.0294866 -0.0588389 0.0556954 0.996713 -0.178422 0 0 0 1 
26456013410162;0.843744;0.44068;0.915046 -0.0540154 -0.399717 0.251126 0.0484694 0.998537 -0.0239785 0.521158 0.400428 0.00256731 0.916325 0.824865 0 0 0 1 
26456013410163;0.17304;0.13572;0.99112 -0.0515713 -0.122565 0.0135669 0.0316753 0.986761 -0.159055 0.141627 0.129145 0.153761 0.979632 0.184077 0 0 0 1 
26456013410164;1.05704;0.183415;0.994906 -0.0584007 -0.0821619 -0.0210093 0.0602996 0.997963 0.0208218 -0.0479926 0.0807786 -0.02567 0.996401 -0.893612 0 0 0 1 
26456013410165;1.01882;1.0236;0.992115 -0.104659 -0.0689542 -0.611855 0.11074 0.989653 0.0912305 0.497557 0.0586927 -0.0981471 0.99344 0.092766 0 0 0 1 
26456013410166;0.386158;0.10982;0.965234 -0.0190682 -0.260689 0.3448 -0.0651984 0.948248 -0.310765 0.399953 0.253124 0.316958 0.914038 0.141653 0 0 0 1 
26456013410167;0.362618;0.242544;0.995823 0.0377903 -0.083121 -0.16453 0.00048287 0.908141 0.418664 -0.552521 0.091307 -0.416956 0.904329 0.0880577 0 0 0 1 
26456013410168;0.272737;0.179876;0.961464 -0.0340312 -0.272817 0.0809627 0.037614 0.999261 0.00791171 -0.171914 0.272346 -0.0178686 0.962033 0.102584 0 0 0 1 
26456013410169;0.677811;0.218347;0.998428 -0.0319437 -0.046047 -0.143878 0.0316906 0.999478 -0.00621577 -0.24056 0.0462215 0.00474675 0.99892 0.479606 0 0 0 1 
26456013410170;0.704368;0.213041;0.996563 0.0828316 -0.000461686 0.0872901 -0.0827994 0.996303 0.0228977 -0.663824 0.00235663 -0.0227808 0.999738 0.0902537 0 0 0 1 
26456013410171;1.02478;0.562947;0.966085 -0.118577 -0.229389 -0.174289 0.131131 0.990548 0.0402277 0.00706726 0.222451 -0.0689435 0.972503 0.00181967 0 0 0 1 
26456013410172;0.366617;0.124902;0.965071 -0.0355511 -0.259565 0.157801 0.0557291 0.995933 0.0707957 -0.0584028 0.255992 -0.0827882 0.963127 -0.0834987 0 0 0 1 
26456013410173;0.895873;0.323219;0.999407 0.0344168 -0.000859997 -0.131647 -0.0343814 0.99905 0.0267948 -0.447117 0.00178137 -0.0267493 0.999641 0.46954 0 0 0 1 
26456013410174;0.457447;0.264963;0.999218 -0.037394 -0.0128491 -0.219507 0.0370962 0.999054 -0.0226844 0.270185 0.0136852 0.02219 0.99966 0.0313375 0 0 0 1 
26456013410175;0.623034;0.13262;0.998329 -0.0219496 -0.0534598 -0.0458679 0.023605 0.999255 0.0305339 -0.00747808 0.0527498 -0.0317448 0.998103 -0.520088 0 0 0 1 
26456013410176;0.235307;0.218067;0.989948 -0.0634395 -0.126409 -0.134916 0.0622759 0.997972 -0.0131397 0.114358 0.126986 0.00513536 0.991891 0.078173 0 0 0 1 
26456013410177;0.877512;0.353107;0.99999 0.00442291 0.000700747 0.0862498 -0.00442631 0.999978 0.00492656 0.633355 -0.000678942 -0.00492961 0.999988 0.0285537 0 0 0 1 
26456013410178;0.197683;0.0817089;0.998652 -0.0328798 -0.0401659 -0.118352 0.0329658 0.999455 0.00148069 0.129568 0.0400954 -0.0028028 0.999192 -0.0574498 0 0 0 1 
26456013410179;0.15124;0.142095;0.997992 -0.0038333 0.0632216 -0.127518 -0.00400122 0.992358 0.123331 -0.0692479 -0.0632112 -0.123336 0.99035 0.00476002 0 0 0 1 
26456013410180;0.554153;0.554667;0.99935 -0.0357994 -0.00434106 -0.0721129 0.0342337 0.979634 -0.197851 0.383882 0.0113356 0.197574 0.980222 -0.011273 0 0 0 1 
26456013410181;0.475904;0.15129;0.999896 0.000859502 0.0144148 -0.131154 -0.00556121 0.944152 0.329463 -0.699667 -0.0133265 -0.329509 0.944058 -0.0485185 0 0 0 1 
26456013410182;0.72307;0.238606;0.99474 -0.0937159 0.041354 -0.66407 0.0979937 0.9882 -0.11772 0.140107 -0.0298337 0.121153 0.992185 0.252594 0 0 0 1 
26456013410183;0.714484;0.141296;0.99982 0.012429 0.0143021 -0.202521 -0.00653169 0.934616 -0.3556 0.166399 -0.0177867 0.355442 0.934529 0.442267 0 0 0 1 
26456013410184;0.435457;0.255522;0.999712 -0.0143404 0.0192207 0.0300546 0.0153286 0.998514 -0.0522919 0.242639 -0.0184422 0.0525715 0.998447 -0.194426 0 0 0 1 
26456013410186;2.57906;1.72991;0.999339 0.0296072 -0.0210996 0.138587 -0.0321975 0.990265 -0.135416 -0.312328 0.0168849 0.136006 0.990564 -0.577675 0 0 0 1 
26456013410187;0.634766;0.254053;0.98375 -0.177552 -0.0266801 0.189562 0.169694 0.967996 -0.184897 0.398388 0.0586551 0.177365 0.982396 -0.0915107 0 0 0 1 
26456013410188;1.09866;0.165783;0.963373 -0.118164 -0.240728 0.271613 0.191729 0.931128 0.310228 -0.160376 0.187491 -0.34502 0.919678 0.140108 0 0 0 1 
26456013410189;0.60767;0.189907;0.955456 0.248569 -0.159113 -0.116548 -0.242795 0.968513 0.0550683 -0.150378 0.167792 -0.0139834 0.985723 0.176458 0 0 0 1 
26456013410190;1.29465;1.53179;0.953402 -0.20907 -0.217517 -0.0363564 0.264089 0.229709 0.936745 0.410497 -0.14588 -0.950539 0.274218 0.237512 0 0 0 1 
26456013410191;1.28532;1.0326;0.987198 -0.156847 -0.0289517 0.154579 0.154425 0.985339 -0.0725316 0.13292 0.0399036 0.0671322 0.996946 -0.258726 0 0 0 1 
26456013410192;1.88351;2.1778;0.325619 -0.286701 -0.900985 -0.937051 0.0856572 0.957945 -0.273869 0.20986 0.941613 0.0120011 0.336483 2.20381 0 0 0 1 
26456013410193;1.11745;0.742791;0.995752 -0.0899946 0.0194679 -0.0759 0.0697335 0.875148 0.478804 -0.288344 -0.0601271 -0.475412 0.877706 0.0211549 0 0 0 1 
26456013410194;2.37375;0.361659;0.946425 -0.320379 0.0404739 0.509625 0.320203 0.947286 0.0109193 -0.159341 -0.0418386 0.00262559 0.999121 -0.34161 0 0 0 1 
26456013410195;1.70586;0.649764;0.99744 -0.0662139 0.0269961 0.161591 0.05407 0.945465 0.321205 -0.560436 -0.0467921 -0.318923 0.946625 -0.302711 0 0 0 1 
26456013410196;0.514644;0.113653;0.999638 0.0250535 -0.00979817 0.0224129 -0.0238496 0.99386 0.108047 -0.0778811 0.012445 -0.107774 0.994098 0.237723 0 0 0 1 
26456013410197;2.7645;2.45572;0.708503 -0.670901 0.218894 -0.55422 0.669965 0.736907 0.0900846 1.05707 -0.221742 0.0828259 0.971581 -0.126242 0 0 0 1 
26456013410198;2.3433;0.384205;0.98582 0.0616594 -0.156066 0.197489 -0.0623421 0.998055 0.000521661 -0.824949 0.155795 0.00921523 0.987746 0.358323 0 0 0 1 
26456013410199;2.04036;0.599925;0.997233 0.00404851 -0.0742246 0.258358 0.0225325 0.935074 0.353735 -0.735548 0.0708376 -0.354429 0.932396 -0.154155 0 0 0 1 
26456013410200;2.25828;2.24555;0.974074 -0.168959 0.150444 0.0857127 0.210683 0.919757 -0.33115 0.690352 -0.082421 0.35426 0.931508 -0.225952 0 0 0 1 
26456013410201;2.32984;0.659027;0.925363 -0.189827 0.328129 -0.558012 0.0977584 0.955809 0.277259 0.325563 -0.36626 -0.224487 0.903028 -0.721589 0 0 0 1 
26456013410202;0.574695;0.233484;0.995154 -0.0978917 -0.00922696 0.0156772 0.0982783 0.993194 0.0624995 0.238151 0.00304598 -0.0631035 0.998002 0.162568 0 0 0 1 
26456013410203;2.04835;0.272575;0.975874 -0.162065 0.146305 0.296517 0.117934 0.955197 0.27146 -0.576944 -0.183744 -0.247657 0.951265 0.0821753 0 0 0 1 
26456013410204;0.669991;0.103698;0.993947 -0.104072 -0.0352023 0.129257 0.109864 0.942729 0.314947 -0.129811 0.000408921 -0.316908 0.948456 -0.0133764 0 0 0 1 
26456013410205;0.908947;0.448701;0.995532 -0.0724749 0.0605262 -0.118006 0.0463513 0.933544 0.355454 -0.0189151 -0.0822653 -0.35106 0.932732 0.0104337 0 0 0 1 
26456013410206;1.79634;1.51362;0.899683 -0.436375 -0.0121381 0.125413 0.429993 0.890639 -0.14788 0.471726 0.0753417 0.127826 0.988931 -0.255543 0 0 0 1 
26456013410207;0.232642;0.154674;0.997581 -0.0545199 -0.0431188 0.0798815 0.0578955 0.995002 0.081358 0.0965162 0.0384677 -0.0836576 0.995752 0.0383563 0 0 0 1 
26456013410208;2.37807;0.75229;0.981844 0.055712 0.181323 -0.312506 -0.0749697 0.992043 0.101144 -0.437696 -0.174245 -0.112902 0.978208 -0.838058 0 0 0 1 
26456013410209;2.64335;0.818351;0.620968 -0.779095 0.0860802 0.677182 0.763401 0.626034 0.159062 0.807534 -0.177814 -0.0330588 0.983509 -0.504273 0 0 0 1 
26456013410210;2.26073;0.713234;0.987197 -0.143074 0.0705126 -0.186912 0.101659 0.90501 0.413064 -0.139527 -0.122914 -0.400607 0.907968 -0.542798 0 0 0 1 
26456013410211;1.42407;0.866756;0.998904 0.0247411 -0.0397286 0.159819 -0.0132586 0.96367 0.266766 -0.0882929 0.0448853 -0.265947 0.962942 0.0727972 0 0 0 1 
26456013410212;1.48789;1.45989;0.958012 -0.0423943 -0.283578 0.226677 0.0523049 0.998253 0.0274648 0.0160823 0.281918 -0.0411441 0.958556 0.213623 0 0 0 1 
26456013410213;1.60061;1.01671;0.892864 -0.427662 -0.141065 0.0513999 0.420875 0.903895 -0.0764023 1.03414 0.160182 0.00884612 0.987048 0.214698 0 0 0 1 
26456013410214;1.7042;1.07346;0.893511 -0.4325 -0.120758 0.140633 0.436709 0.899553 0.00950095 0.978854 0.104519 -0.0612253 0.992637 0.477645 0 0 0 1 
26456013410215;0.754244;0.0967509;0.957952 -0.254914 0.131706 0.122979 0.264613 0.962358 -0.0620171 0.462974 -0.110939 0.0942605 0.989347 -0.341885 0 0 0 1 
26456013410217;1.32332;1.66303;0.923868 0.323494 0.204498 -0.370071 -0.349642 0.930719 0.107293 -0.409841 -0.155622 -0.170626 0.972969 -0.151103 0 0 0 1 
26456013410218;1.34012;1.63889;0.991693 0.064212 -0.111451 -0.0442377 -0.0216683 0.937494 0.347327 -0.288197 0.126787 -0.342027 0.931097 0.214591 0 0 0 1 
26456013410219;0.65608;0.593555;0.970285 0.230529 0.0735067 -0.166856 -0.230185 0.973057 -0.01323 -0.0832535 -0.0745761 -0.00408328 0.997207 -0.071423 0 0 0 1 
26456013410220;1.46371;0.844073;0.908102 -0.374396 0.187558 -0.161131 0.384044 0.923165 -0.0166439 0.82502 -0.166916 0.087145 0.982112 -0.149606 0 0 0 1 
26456013410221;1.60635;2.12568;0.911845 -0.0253541 -0.40975 -0.0921686 -0.056136 0.981016 -0.185626 0.151464 0.406678 0.192264 0.893111 0.303057 0 0 0 1 
26456013410222;2.32392;0.427704;0.986658 -0.122303 0.107465 0.042626 0.152401 0.926018 -0.345347 0.0471185 -0.0572774 0.357117 0.932302 -0.973797 0 0 0 1 
26456013410223;1.20647;1.01708;0.987635 0.146701 -0.0552766 0.0168798 -0.131153 0.966346 0.221302 -0.0203224 0.0858815 -0.211316 0.973638 0.189185 0 0 0 1 
26456013410224;0.781646;0.110796;0.940412 0.119991 0.318161 -0.452423 -0.191438 0.960124 0.203747 -0.23967 -0.281027 -0.252515 0.925884 -0.363512 0 0 0 1 
26456013410225;1.91639;0.534507;0.972749 -0.180633 0.145364 -0.160869 0.135712 0.951904 0.274701 -0.257564 -0.187993 -0.247488 0.950478 -0.77136 0 0 0 1 
26456013410226;0.740714;0.452333;0.968478 0.239247 0.0693562 -0.208173 -0.236137 0.970425 -0.0501528 0.0422931 -0.0793039 0.0321944 0.99633 -0.0718396 0 0 0 1 
26456013410227;0.854149;0.830347;0.999666 0.0257367 -0.00217891 -0.00258749 -0.0258049 0.998808 -0.041442 -0.0435963 0.00110973 0.0414844 0.999139 0.00818482 0 0 0 1 
26456013410228;0.477964;0.202491;0.986796 -0.109106 -0.119703 0.123311 0.0873023 0.980816 -0.174293 0.255829 0.136424 0.161541 0.977391 -0.0305799 0 0 0 1 
26456013410229;0.488387;0.107065;0.888724 -0.21534 -0.404721 0.367222 0.284871 0.951088 0.119501 0.00711865 0.359192 -0.221496 0.906598 0.38212 0 0 0 1 
26456013410230;0.907029;0.105224;0.996574 0.0782252 0.0268647 -0.0418534 -0.0802629 0.993077 0.0857719 0.0668588 -0.0199691 -0.0876343 0.995953 -0.261611 0 0 0 1 
26456013410231;2.37848;0.123812;0.973677 -0.138842 -0.180766 0.313535 0.196396 0.913536 0.356203 -0.481979 0.11568 -0.382328 0.916757 -0.597981 0 0 0 1 
26456013410232;0.758672;0.213927;0.997511 0.0625022 0.0326292 0.0965069 -0.0639441 0.99693 0.0451941 -0.107319 -0.0297043 -0.0471681 0.998445 -0.212904 0 0 0 1 
26456013410233;0.876115;0.128076;0.999067 -0.0423816 0.00833682 0.0148891 0.0415908 0.995995 0.0791484 0.29593 -0.0116579 -0.0787278 0.996828 0.0737283 0 0 0 1 
26456013410234;0.436918;0.0669316;0.98596 0.15948 0.049482 -0.13665 -0.16689 0.931436 0.323379 -0.446197 0.00548324 -0.327097 0.944975 0.332984 0 0 0 1 
26456013410235;0.42537;0.112667;0.93564 -0.0125248 0.352733 -0.374414 0.0404903 0.996581 -0.0720157 0.00835297 -0.350625 0.0816631 0.932949 -0.314298 0 0 0 1 
26456013410236;1.61117;0.368606;0.959332 0.0950697 0.26579 -0.352507 -0.163273 0.954973 0.247727 -0.371591 -0.230271 -0.281049 0.931658 -0.630375 0 0 0 1 
26456013410237;1.76467;1.24417;0.9669 0.0899905 0.238761 -0.149937 -0.151179 0.955858 0.251954 -0.106548 -0.205549 -0.27971 0.937823 -0.131613 0 0 0 1 
26456013410238;1.19544;0.250251;0.951671 0.307042 -0.00687117 0.0671442 -0.2701 0.847398 0.457124 -0.530066 0.146179 -0.433176 0.889376 0.0153524 0 0 0 1 
26456013410239;0.73293;0.175659;0.903825 -0.380249 -0.196244 0.214794 0.393955 0.918473 0.0347385 0.300764 0.167036 -0.108709 0.97994 -0.0319139 0 0 0 1 
26456013410240;1.79116;1.85976;0.971112 0.235054 -0.0411249 -0.161633 -0.213175 0.932004 0.293131 -0.32166 0.10723 -0.275897 0.955187 0.252645 0 0 0 1 
26456013410241;1.92987;1.37913;0.962176 0.081725 0.25988 -0.0580324 -0.049804 0.990635 -0.127133 0.0127209 -0.267837 0.109381 0.957235 -0.241953 0 0 0 1 
26456013410242;1.40722;0.099232;0.93924 0.269291 0.212865 -0.28192 -0.334837 0.855301 0.395405 -0.453089 -0.0755843 -0.442655 0.893501 -0.340559 0 0 0 1 
26456013410243;0.583238;0.0861655;0.9247 -0.330383 0.189146 -0.19063 0.356746 0.92545 -0.127574 0.338383 -0.132897 0.185445 0.973626 -0.261017 0 0 0 1 
26456013410244;0.533279;0.0478039;0.995499 0.0402211 0.0858137 -0.0725828 -0.0401403 0.99919 -0.00266837 0.0351834 -0.0858516 -0.00078823 0.996308 0.144741 0 0 0 1 
26456013410245;0.736282;0.0676873;0.959666 -0.195971 0.201584 -0.275302 0.236346 0.950659 -0.200968 0.298308 -0.152254 0.240506 0.958632 0.068791 0 0 0 1 
26456013410246;1.05866;0.762079;0.991993 -0.109558 0.0628253 0.15806 0.122429 0.956328 -0.26542 0.186372 -0.0310026 0.270987 0.962084 -0.268696 0 0 0 1 
26456013410248;1.23759;0.925395;0.988757 0.0848988 -0.123095 -0.18003 0.0329366 0.679327 0.733096 0.115852 0.145861 -0.728908 0.668893 1.06572 0 0 0 1 
26456013410249;1.46586;0.267662;0.893743 0.415371 0.169382 -0.386022 -0.446464 0.860308 0.24605 -0.614809 -0.0435185 -0.295529 0.954342 0.74754 0 0 0 1 
26456013410250;0.412958;0.292737;0.990433 -0.121799 -0.0648709 -0.181421 0.113176 0.985911 -0.123168 0.216496 0.0789588 0.114648 0.990263 0.223637 0 0 0 1 
26456013410251;1.34871;0.313974;0.9827 0.182408 0.0320545 -0.164418 -0.180228 0.981717 -0.0612288 -0.293789 -0.0426371 0.0543925 0.997609 0.803685 0 0 0 1 
26456013410252;1.49487;0.761297;0.989582 0.0898718 -0.112478 0.139889 -0.0271785 0.883807 0.467061 -0.664517 0.141384 -0.459138 0.877042 -0.281021 0 0 0 1 
26456013410253;0.288077;0.198927;0.993211 0.0119138 -0.115714 -0.0533862 -0.0106493 0.999877 0.0115399 -0.062676 0.115838 -0.0102293 0.993215 -0.015207 0 0 0 1 
26456013410254;0.399182;0.176029;0.986429 0.164151 0.0034977 -0.214939 -0.164156 0.986434 0.00125413 -0.171832 -0.00324438 -0.00181128 0.999993 -0.184377 0 0 0 1 
26456013410255;1.26559;0.707936;0.965717 0.0482828 -0.255068 -0.517292 -0.11802 0.956799 -0.265721 -0.335042 0.231218 0.286715 0.929695 0.783349 0 0 0 1 
26456013410256;0.836061;0.624562;0.965225 0.15812 -0.208181 0.150524 -0.162351 0.986728 -0.00328754 -0.261984 0.204898 0.0369717 0.978085 0.130565 0 0 0 1 
26456013410257;1.31918;0.764072;0.946454 0.308171 -0.0962052 -0.532415 -0.291379 0.943726 0.15646 -0.949514 0.139008 -0.12005 0.982988 -0.0486078 0 0 0 1 
26456013410258;1.48742;0.96744;0.91927 -0.317966 -0.232036 0.0464641 0.371165 0.89648 0.241991 0.750158 0.131071 -0.308578 0.942125 0.605824 0 0 0 1 
26456013410259;1.01942;0.285441;0.871386 0.486321 -0.0646403 -0.736518 -0.477663 0.871071 0.114333 -0.493846 0.111909 -0.0687522 0.991337 0.250202 0 0 0 1 
26456013410260;0.460663;0.230868;0.900186 0.359067 -0.246448 -0.116753 -0.272878 0.906068 0.323387 -0.636199 0.339416 -0.223858 0.913611 0.739996 0 0 0 1 
