#;prob_registration_l1 -r /home/probabilistic_point_clouds_registration/build/tester /home/point_clouds_registration_benchmark//devel/registration_pairs/p2at_met_local.txt /home/point_clouds_registration_benchmark//planetary/p2at_met -s 0.2 -t 0.2 -p 0.3 -r 1000 -m 25 -i 40 
id;initial_error;final_error;transformation
27844314100000;0.368279;0.33177;0.999519 -0.000124932 0.0310188 0.0241861 -0.00422087 0.990143 0.139997 -0.0918416 -0.0307305 -0.140061 0.989666 -8.35471 0 0 0 1 
27844314100001;0.325629;0.123468;0.987442 0.0270689 -0.155647 0.794943 0.00215707 0.98281 0.184608 -0.311332 0.157968 -0.182625 0.970409 -7.74123 0 0 0 1 
27844314100002;0.342132;0.120391;0.930615 -0.0323478 0.364567 -2.23904 -0.0726513 0.959938 0.270629 -3.04842 -0.358716 -0.278337 0.890983 -24.6613 0 0 0 1 
27844314100003;0.135271;0.0984386;0.995148 -0.0146323 0.0972919 -0.671397 -0.00256628 0.984682 0.174341 -0.286004 -0.0983526 -0.173745 0.979867 -12.5842 0 0 0 1 
27844314100004;0.89077;0.684064;0.985518 0.0395571 -0.164895 1.47479 0.00380268 0.967011 0.254707 -1.00641 0.16953 -0.251645 0.952856 -12.16 0 0 0 1 
27844314100005;0.300669;0.252362;0.935225 0.0513846 -0.350306 0.256428 -0.00606646 0.991593 0.129256 -0.106691 0.354002 -0.118758 0.927674 1.05254 0 0 0 1 
27844314100006;0.461976;0.414403;0.999829 0.016967 0.00737701 1.06034 -0.0172126 0.999252 0.03462 -0.248613 -0.0067841 -0.0347411 0.999373 -2.02443 0 0 0 1 
27844314100007;1.17629;0.990723;0.999287 0.017974 0.0332162 1.1733 -0.0208571 0.995849 0.0885963 -0.311292 -0.0314859 -0.0892259 0.995514 -4.62529 0 0 0 1 
27844314100008;0.519074;0.428482;0.999888 0.0136984 0.00606903 0.809313 -0.0139038 0.999283 0.0352032 -0.262164 -0.00558246 -0.0352837 0.999362 -1.57652 0 0 0 1 
27844314100009;0.482706;0.469369;0.993226 -0.0154763 0.11516 -0.74846 0.0209504 0.9987 -0.0464779 0.245903 -0.11429 0.0485757 0.992259 0.0942126 0 0 0 1 
27844314100010;0.848926;0.0649688;0.998935 0.0306646 -0.0344758 1.87935 -0.024266 0.984673 0.172713 -0.930153 0.0392435 -0.171693 0.984369 -11.2876 0 0 0 1 
27844314100011;0.370547;0.294893;0.981542 -0.00240769 -0.191234 -1.31421 -0.00902641 0.998223 -0.0588976 -0.551382 0.191036 0.0595366 0.979776 8.39398 0 0 0 1 
27844314100012;1.02719;0.405761;0.991864 0.00644519 -0.127139 -0.435572 -0.0116698 0.999116 -0.040392 -0.464306 0.126766 0.041547 0.991062 7.66411 0 0 0 1 
27844314100013;0.818365;0.704114;0.998802 0.0227484 -0.0433268 1.31193 -0.0184437 0.995086 0.0972832 -0.496023 0.0453269 -0.0963675 0.994313 -5.43397 0 0 0 1 
27844314100014;0.722224;0.274115;0.998365 0.00137414 -0.0571453 -0.00892082 -0.000988109 0.999977 0.00678297 -0.0196569 0.0571532 -0.00671541 0.998343 -0.879176 0 0 0 1 
27844314100015;1.11358;0.606334;0.999519 -0.00215797 -0.030944 0.0713322 0.00139452 0.999695 -0.0246726 -0.179668 0.0309878 0.0246175 0.999217 -0.320352 0 0 0 1 
27844314100016;0.370882;0.0689537;0.992568 -0.0181142 0.120338 -0.850819 0.0663818 0.909377 -0.410642 -5.13451 -0.101994 0.415579 0.903821 21.7078 0 0 0 1 
27844314100017;0.341055;0.240946;0.995361 -0.00239464 -0.0961782 -0.659991 0.00614618 0.999231 0.0387289 0.40051 0.0960114 -0.0391403 0.99461 0.0422555 0 0 0 1 
27844314100018;0.853373;0.262948;0.999548 0.00751805 0.0290953 0.609307 -0.00759251 0.999968 0.00244946 -0.0963985 -0.029076 -0.00266926 0.999574 -2.98194 0 0 0 1 
27844314100019;0.871961;0.0896317;0.999962 0.00693595 0.0052711 0.614345 -0.00679977 0.999654 -0.0254282 -0.242795 -0.00544564 0.0253914 0.999663 -0.994177 0 0 0 1 
27844314100020;0.613803;0.616761;0.996399 0.024943 -0.0810338 1.08777 -0.00544315 0.972594 0.232444 -0.784412 0.0846109 -0.231166 0.969228 -11.999 0 0 0 1 
27844314100021;0.300355;0.0846993;0.948293 -0.022806 -0.316575 -3.75651 0.00340482 0.998089 -0.0617029 -0.325871 0.317378 0.0574346 0.946558 10.8311 0 0 0 1 
27844314100022;0.628187;0.0797652;0.999933 0.00936363 0.00676016 0.723727 -0.00921244 0.999714 -0.0220596 -0.273275 -0.00696479 0.0219959 0.999734 -0.588764 0 0 0 1 
27844314100023;0.278091;0.0838935;0.996393 0.00943801 0.0843359 0.801582 -0.00581327 0.999053 -0.0431224 -0.357641 -0.0846631 0.0424766 0.995504 -0.244537 0 0 0 1 
27844314100024;0.416131;0.273852;0.969073 0.0039736 -0.246743 -1.24202 -0.0134832 0.999229 -0.0368629 -0.338984 0.246407 0.0390497 0.96838 7.258 0 0 0 1 
27844314100025;0.365706;0.318792;0.991734 -0.009307 -0.127974 -1.16684 0.00924101 0.999957 -0.00110941 0.239736 0.127978 -8.23682e-05 0.991777 2.56487 0 0 0 1 
27844314100026;0.38807;0.165557;0.983164 -0.00992098 0.182458 -0.487796 0.000967375 0.998794 0.0490958 0.00389051 -0.182725 -0.0480927 0.981987 -7.95033 0 0 0 1 
27844314100027;0.827287;0.728987;0.980619 -0.019615 -0.194938 -2.22503 -0.00588547 0.991578 -0.129381 -1.1755 0.195834 0.12802 0.972245 11.6704 0 0 0 1 
27844314100028;0.216847;0.156193;0.993456 -0.0221713 0.112045 -1.16709 0.036141 0.991595 -0.124232 0.0390823 -0.108349 0.127469 0.985907 4.89964 0 0 0 1 
27844314100029;0.528223;0.384154;0.996741 0.0125363 0.0796883 1.04869 -0.0109446 0.999732 -0.0203801 -0.336929 -0.0799224 0.0194415 0.996611 -1.4421 0 0 0 1 
27844314100031;1.32944;0.639208;0.999716 -0.0190633 -0.014281 -0.0805985 0.0189758 0.999801 -0.00623413 0.0130407 0.014397 0.00596137 0.999879 2.59509 0 0 0 1 
27844314100032;1.35252;1.01086;0.949588 0.0521642 -0.30913 -1.5676 0.042707 0.955343 0.292397 1.79124 0.310578 -0.290859 0.904954 6.1772 0 0 0 1 
27844314100033;0.908498;0.506045;0.974784 0.0233867 -0.221922 -0.945338 0.0285908 0.973208 0.228143 0.998029 0.221312 -0.228735 0.947999 4.95088 0 0 0 1 
27844314100034;0.315932;0.278355;0.999904 0.0128928 0.00509625 -0.0813416 -0.0129773 0.999773 0.0169242 -0.180492 -0.00487689 -0.0169887 0.999844 -0.160836 0 0 0 1 
27844314100035;0.38412;0.165184;0.999559 -0.00487771 -0.0292954 0.053214 0.00351544 0.998918 -0.0463738 -0.133791 0.0294899 0.0462504 0.998494 -0.478473 0 0 0 1 
27844314100036;0.255516;0.150341;0.996941 0.0238831 0.074413 -0.0746703 -0.0361201 0.985172 0.167723 -0.0539531 -0.0693039 -0.169897 0.983022 -0.130038 0 0 0 1 
27844314100037;0.704806;0.439276;0.999624 -0.0202531 0.0184702 0.193664 0.022765 0.988744 -0.147878 -0.121944 -0.0152673 0.148243 0.988833 0.1536 0 0 0 1 
27844314100038;1.02577;0.630822;0.996393 0.0164384 0.083251 0.0167261 -0.0136973 0.999349 -0.0333902 0.071328 -0.0837457 0.0321294 0.995969 0.655528 0 0 0 1 
27844314100039;0.646323;0.210319;0.998328 -0.011028 0.056748 0.00133792 0.022718 0.977502 -0.2097 -0.131348 -0.0531587 0.210639 0.976118 0.117771 0 0 0 1 
27844314100040;0.526776;0.381519;0.957376 0.00150995 0.288841 -0.241312 0.0079082 0.999474 -0.0314369 -0.285004 -0.288737 0.0323811 0.956861 -4.0285 0 0 0 1 
27844314100041;0.240913;0.176838;0.986887 -0.0274876 -0.159055 -0.326426 0.018053 0.998007 -0.0604603 -0.0425219 0.1604 0.056796 0.985417 1.86236 0 0 0 1 
27844314100042;1.10623;0.720821;0.99968 -0.0113153 -0.0226331 0.135872 0.0123686 0.998821 0.0469519 -0.318388 0.0220751 -0.0472168 0.998641 -0.919286 0 0 0 1 
27844314100043;0.537176;0.416115;0.95093 0.030718 0.307876 -0.367804 -0.116224 0.957652 0.26343 -1.16638 -0.286746 -0.286286 0.91423 -3.39725 0 0 0 1 
27844314100044;0.682374;0.382573;0.990805 -0.0115287 0.134809 0.23983 0.030543 0.989702 -0.139844 0.0547689 -0.131808 0.142675 0.980954 -1.12336 0 0 0 1 
27844314100045;0.577329;0.353045;0.996583 -0.0186433 -0.0804713 -0.0708291 0.0148061 0.998737 -0.0480202 0.238985 0.0812649 0.0466647 0.9956 -0.0388974 0 0 0 1 
27844314100046;0.842689;0.521365;0.97834 0.0248882 -0.205502 -0.761703 0.00400119 0.990287 0.138982 -0.252888 0.206965 -0.136794 0.968738 3.47213 0 0 0 1 
27844314100047;0.331521;0.321479;0.999749 0.00471061 0.0219003 -0.0355162 -0.00409478 0.999597 -0.02808 -0.0247466 -0.0220238 0.0279833 0.999366 -0.258272 0 0 0 1 
27844314100048;0.326512;0.252455;0.999711 -0.00465072 0.0235667 0.0797544 0.00604837 0.998205 -0.0595864 -0.0403717 -0.0232472 0.0597118 0.997945 -0.0648429 0 0 0 1 
27844314100049;0.286094;0.167187;0.986888 0.0068818 -0.161258 -0.394764 -0.00126369 0.999389 0.0349159 -0.0101231 0.1614 -0.0342543 0.986294 1.62866 0 0 0 1 
27844314100050;1.23172;0.839929;0.999775 0.0072647 -0.0199072 -0.211541 -0.00688727 0.999796 0.0189626 0.321543 0.0200409 -0.0188213 0.999622 1.82637 0 0 0 1 
27844314100051;0.428034;0.178354;0.999727 -0.00272981 -0.0232211 -0.0673884 0.00233235 0.999851 -0.0171264 -0.00794353 0.0232644 0.0170675 0.999584 1.10955 0 0 0 1 
27844314100052;1.33827;0.853095;0.999522 -0.0125479 -0.0282479 0.293166 0.0157117 0.993273 0.114723 -0.264151 0.0266183 -0.115112 0.992996 -1.06608 0 0 0 1 
27844314100053;1.32669;0.700886;0.970616 -0.00669033 0.24054 0.255047 -0.0303378 0.988235 0.149904 -0.479855 -0.238713 -0.152797 0.958994 -0.31805 0 0 0 1 
27844314100054;0.560805;0.190263;0.990622 -0.0028041 0.136599 0.0350052 -0.00424581 0.998675 0.0512916 -0.273266 -0.136562 -0.0513905 0.989298 -0.428348 0 0 0 1 
27844314100055;0.956315;0.840473;0.999153 -0.00275239 0.0410552 0.0518052 0.0052614 0.998116 -0.0611307 0.178339 -0.0408096 0.0612949 0.997285 0.285909 0 0 0 1 
27844314100056;1.36899;1.02713;0.998121 -0.0164962 0.0590135 0.194627 0.0241951 0.990924 -0.132228 -0.234381 -0.0562967 0.133407 0.989461 -0.0191575 0 0 0 1 
27844314100057;0.0905846;0.0533268;0.990783 -0.00276416 0.135427 0.00130595 0.00373793 0.999969 -0.00693664 -0.0607055 -0.135404 0.00737893 0.990763 -1.65179 0 0 0 1 
27844314100058;0.707405;0.191667;0.999704 0.021142 0.0120134 0.0646489 -0.0211164 0.999774 -0.00225132 -0.0287552 -0.0120583 0.00199698 0.999925 -1.49115 0 0 0 1 
27844314100059;0.65531;0.232401;0.893404 -0.0168344 0.448939 -0.999377 -0.0414722 0.99194 0.119727 -0.625112 -0.447336 -0.125583 0.885505 -6.20668 0 0 0 1 
27844314100060;1.27536;0.40275;0.981523 0.0170231 0.190587 -0.148142 -0.00570925 0.998197 -0.0597557 -0.625077 -0.19126 0.0575635 0.97985 -4.87794 0 0 0 1 
27844314100062;0.6633;0.474265;0.999961 -0.00887912 -0.00020765 -0.276471 0.00886594 0.999316 -0.0359007 0.0183001 0.000526274 0.0358974 0.999355 0.53448 0 0 0 1 
27844314100063;1.6099;0.113541;0.99443 0.00880849 -0.105028 0.302277 -0.0100298 0.999888 -0.0111062 -0.0880852 0.104918 0.0120977 0.994407 -0.411721 0 0 0 1 
27844314100064;1.94982;1.78501;0.998597 -0.000123348 0.0529536 0.0605572 0.00259918 0.998906 -0.0466884 0.0747616 -0.0528899 0.0467605 0.997505 1.36487 0 0 0 1 
27844314100065;1.77485;0.751814;0.9883 0.033761 0.148739 1.2875 -0.0897138 0.91733 0.387889 -3.24207 -0.123347 -0.396694 0.909626 -15.9409 0 0 0 1 
27844314100066;1.08018;0.49817;0.997114 0.0236927 0.0721281 1.08603 -0.0276433 0.998143 0.054276 -0.390457 -0.0707082 -0.0561132 0.995917 -3.9145 0 0 0 1 
27844314100067;1.0783;0.508916;0.99949 -0.00620539 0.0313228 -0.247627 0.00579866 0.999898 0.0130591 0.193999 -0.0314007 -0.0128708 0.999424 0.403785 0 0 0 1 
27844314100068;0.329721;0.279484;0.99987 0.0135547 0.00870629 0.470166 -0.0137756 0.999571 0.0258291 -0.0747063 -0.00835245 -0.0259457 0.999628 -1.05458 0 0 0 1 
27844314100069;0.992581;0.763123;0.917594 -0.0155686 0.397214 -0.659088 0.0439683 0.997077 -0.0624901 0.420485 -0.39508 0.0748054 0.915596 -4.05986 0 0 0 1 
27844314100070;1.68809;1.12091;0.999761 0.00791909 -0.0203669 0.0423612 -0.00739943 0.999648 0.025465 -0.0481983 0.0205614 -0.0253082 0.999468 1.21706 0 0 0 1 
27844314100071;2.20263;0.971876;0.986907 0.0327274 -0.157938 0.779924 0.0084646 0.96734 0.253343 -0.482143 0.16107 -0.251362 0.954397 -8.13017 0 0 0 1 
27844314100072;0.844195;0.223917;0.919315 -0.0238219 -0.3928 -3.22553 -0.0277668 0.991751 -0.125132 -1.14649 0.392541 0.125943 0.911071 9.9486 0 0 0 1 
27844314100073;1.02691;0.52205;0.999361 0.0100649 0.0343092 0.195372 -0.0155531 0.986393 0.163666 0.144215 -0.0321951 -0.164095 0.985919 -4.32941 0 0 0 1 
27844314100074;0.384882;0.323841;0.998308 0.0031502 0.0580683 0.186671 -0.0129049 0.985636 0.16839 -0.0691281 -0.0567038 -0.168854 0.984009 -6.15024 0 0 0 1 
27844314100075;1.31596;0.626305;0.997849 0.005724 -0.0652985 0.262296 -0.00764542 0.999544 -0.0292133 -0.189478 0.0651015 0.0296497 0.997438 0.206634 0 0 0 1 
27844314100076;1.20785;1.17236;0.999915 -0.00461145 0.012176 -0.113634 0.00440973 0.999853 0.0165421 0.15448 -0.0122505 -0.016487 0.999789 -0.676127 0 0 0 1 
27844314100077;1.66098;0.44197;0.998038 0.0230079 -0.058239 0.851291 -0.0181376 0.9964 0.0828165 -0.326634 0.0599348 -0.0815977 0.994862 -3.83251 0 0 0 1 
27844314100078;1.89852;1.62616;0.999992 -0.00253692 -0.00318611 -0.0207343 0.002522 0.999986 -0.00467933 0.193355 0.00319794 0.00467125 0.999984 -0.833729 0 0 0 1 
27844314100079;1.7021;1.50482;0.996422 0.00524959 0.0843537 0.417678 -0.0147178 0.993597 0.112018 -0.134917 -0.0832256 -0.112859 0.990119 -3.85723 0 0 0 1 
27844314100080;1.10438;0.469357;0.971952 -0.0142979 0.234746 -0.303382 -0.00431256 0.996899 0.0785749 0.0419396 -0.235141 -0.0773834 0.968876 -6.94061 0 0 0 1 
27844314100081;0.430079;0.37943;0.99995 -0.00987159 -0.00128842 -0.374251 0.00985589 0.999883 -0.0116739 0.163087 0.00140351 0.0116606 0.999931 0.388203 0 0 0 1 
27844314100082;1.95213;1.47176;0.999217 0.021463 0.0332342 0.577591 -0.0317103 0.93681 0.348397 -0.989175 -0.0236565 -0.349179 0.936758 -9.67445 0 0 0 1 
27844314100083;0.583263;0.246613;0.965829 0.00344134 0.259156 0.27963 -0.0243043 0.996708 0.0773427 -0.0966611 -0.258037 -0.0809985 0.962734 -6.68763 0 0 0 1 
27844314100084;0.503644;0.429957;0.99088 -0.00227349 0.134727 0.160318 -0.0321751 0.966943 0.252956 -0.717823 -0.130848 -0.254984 0.958051 -9.99738 0 0 0 1 
27844314100085;0.720603;0.423036;0.997523 0.0299081 0.0636648 1.17332 -0.0443564 0.96992 0.239349 -0.982472 -0.0545913 -0.24158 0.968844 -8.84692 0 0 0 1 
27844314100086;1.70425;1.41119;0.995939 0.0469053 -0.0768502 1.17303 -0.019832 0.946897 0.320924 -1.00154 0.0878223 -0.318096 0.943982 -9.57775 0 0 0 1 
27844314100087;1.08193;0.862248;0.977872 -0.0362217 -0.206045 -1.86446 0.00860353 0.991027 -0.133386 -0.443607 0.209028 0.128661 0.969409 5.92501 0 0 0 1 
27844314100088;1.41218;0.817655;0.998083 -0.015869 0.0598243 -0.509771 0.0211733 0.995797 -0.0891018 -0.0128857 -0.058159 0.0901977 0.994224 3.4775 0 0 0 1 
27844314100089;0.394008;0.326695;0.99856 0.00902609 -0.0528768 0.0263132 -0.00972557 0.999868 -0.012986 -0.101766 0.0527526 0.0134815 0.998517 1.08861 0 0 0 1 
27844314100090;1.35838;0.749654;0.990588 -0.0402687 -0.13082 -1.36701 0.00477582 0.965332 -0.260983 -1.478 0.136794 0.257902 0.956438 8.31337 0 0 0 1 
27844314100091;1.04859;1.03931;0.999399 -0.00115599 -0.0346385 -0.196682 0.0036412 0.997415 0.0717704 0.230466 0.034466 -0.0718534 0.99682 -1.82942 0 0 0 1 
27844314100093;0.967031;0.421707;0.994769 -0.0489019 -0.0896794 -5.01306 0.0364277 0.990066 -0.135806 -0.221596 0.0954296 0.131829 0.986668 16.9946 0 0 0 1 
27844314100094;1.92323;0.217242;0.972157 0.0552989 -0.227714 3.20891 -0.00889395 0.979764 0.19996 -0.791621 0.234163 -0.192367 0.952976 -8.38442 0 0 0 1 
27844314100095;0.873202;0.568515;0.992436 -0.0128517 0.122088 -0.478286 -0.0287463 0.942527 0.332891 -5.14189 -0.119349 -0.333883 0.935028 -36.0563 0 0 0 1 
27844314100096;0.430323;0.457567;0.9903 0.0167646 -0.13793 0.876535 -0.0157903 0.999842 0.00815515 -0.520712 0.138045 -0.00589809 0.990408 4.18111 0 0 0 1 
27844314100097;1.73872;0.974177;0.99997 -0.00737721 0.00240553 -0.279231 0.00734616 0.999893 0.0126733 0.546488 -0.00249876 -0.0126552 0.999917 0.0623468 0 0 0 1 
27844314100098;0.721991;0.469683;0.999844 0.015849 0.00775665 1.74876 -0.0168239 0.988816 0.148191 -1.28572 -0.00532121 -0.148298 0.988928 -13.8117 0 0 0 1 
27844314100099;0.836004;0.832119;0.999273 -0.0157756 -0.0346933 -1.63644 0.0177783 0.998147 0.0581983 0.691122 0.0337109 -0.0587728 0.997702 -4.69502 0 0 0 1 
27844314100100;2.4061;0.269139;0.999647 -0.0239558 -0.0114935 -2.09356 0.0261895 0.961334 0.274136 -0.713506 0.00448193 -0.27434 0.961622 -23.7822 0 0 0 1 
27844314100101;0.366989;0.326857;0.999831 0.0030896 -0.0181501 0.458609 0.00443971 0.916268 0.400542 -6.5937 0.0178678 -0.400555 0.916099 -38.5071 0 0 0 1 
27844314100102;1.52564;1.18538;0.975358 -0.0310987 0.218427 -3.05235 0.0828509 0.969188 -0.231971 -1.49416 -0.204483 0.244352 0.947881 16.5644 0 0 0 1 
27844314100103;2.09748;0.315736;0.999935 0.00291126 -0.0110183 0.958839 -0.00283379 0.999971 0.00703995 -0.321569 0.0110385 -0.00700827 0.999915 -2.66795 0 0 0 1 
27844314100104;0.507469;0.374402;0.99874 0.0498079 -0.00606746 5.02944 -0.0497263 0.998679 0.0129221 -1.73962 0.00670307 -0.0126041 0.999898 -1.53141 0 0 0 1 
27844314100105;1.7041;1.95741;0.99924 -0.026095 0.0289455 -2.08066 0.0304153 0.986554 -0.160581 -0.851911 -0.024366 0.16134 0.986598 14.5647 0 0 0 1 
27844314100106;0.621555;0.282728;0.975398 0.0258104 -0.218936 1.29955 -0.0048731 0.995404 0.095638 -0.411855 0.220398 -0.0922182 0.971041 -1.64357 0 0 0 1 
27844314100107;0.153647;0.237193;0.997177 -0.0746251 -0.00835946 -7.28025 0.0746278 0.997211 1.43351e-05 2.5417 0.00833508 -0.000638143 0.999965 0.222429 0 0 0 1 
27844314100108;1.53872;0.231531;0.998826 0.0300093 -0.0380163 3.93488 -0.0348977 0.990197 -0.135249 -1.55054 0.0335849 0.136417 0.990082 15.7336 0 0 0 1 
27844314100109;1.60611;0.55099;0.999357 -0.0146839 -0.0327233 -1.98938 0.0169152 0.997474 0.0689877 0.195458 0.0316277 -0.0694968 0.997081 -7.13281 0 0 0 1 
27844314100110;2.36031;0.741741;0.999 0.0442591 -0.00630739 5.4642 -0.0446532 0.994708 -0.0925264 -3.3133 0.00217888 0.0927156 0.99569 11.0994 0 0 0 1 
27844314100111;0.227132;0.264492;0.968217 0.0462136 -0.245804 2.72915 0.00181743 0.981455 0.191682 -0.936592 0.250104 -0.186037 0.950178 -9.39223 0 0 0 1 
27844314100112;2.20462;2.00224;0.998992 -0.0424132 -0.0147297 -4.07229 0.0361291 0.95416 -0.297107 -4.12966 0.0266557 0.296275 0.954731 28.4498 0 0 0 1 
27844314100113;2.4063;0.280211;0.993938 -0.071372 0.0836295 -6.59509 0.0838182 0.98415 -0.156277 0.594438 -0.0711502 0.162339 0.984167 16.1322 0 0 0 1 
27844314100114;0.335195;0.261293;0.980612 -0.0379563 0.192247 -3.509 0.0550672 0.994904 -0.0844577 1.22381 -0.188061 0.0934067 0.977706 2.18985 0 0 0 1 
27844314100115;1.83608;0.228339;0.998638 0.0520815 -0.00304423 7.22785 -0.0520257 0.998515 0.0161776 -1.08099 0.00388226 -0.0159971 0.999865 -0.949121 0 0 0 1 
27844314100116;1.89876;1.51978;0.977312 -0.00807911 0.211648 -0.324222 -0.0100101 0.996394 0.0842576 0.0214223 -0.211566 -0.0844646 0.973707 -14.2861 0 0 0 1 
27844314100117;2.29451;0.680887;0.991732 0.0322186 -0.124212 2.51046 0.000858835 0.96628 0.257494 -1.84431 0.12832 -0.255471 0.958263 -17.8436 0 0 0 1 
27844314100118;2.1601;2.24688;0.999763 -0.0137502 0.0169074 -1.00026 0.0140728 0.999718 -0.019113 0.493757 -0.0166398 0.0193464 0.999674 1.66162 0 0 0 1 
27844314100119;1.47956;0.731701;0.999985 0.00522777 -0.00173738 1.07046 -0.00513525 0.998758 0.049559 -0.454741 0.00199431 -0.0495493 0.99877 -5.97922 0 0 0 1 
27844314100120;0.852594;0.452595;0.978227 -0.0654483 -0.19695 -7.75388 0.0227152 0.977037 -0.211855 -2.40039 0.206293 0.202768 0.95725 27.6512 0 0 0 1 
27844314100121;1.87824;0.733473;0.998035 -0.0117103 0.0615622 -0.401193 0.0102321 0.999653 0.0242711 0.236492 -0.061825 -0.0235935 0.997808 -6.5355 0 0 0 1 
27844314100122;1.73464;0.245635;0.96899 -0.0183719 -0.246416 -1.93955 0.0161404 0.999808 -0.0110725 1.66303 0.246572 0.00675184 0.969101 8.39752 0 0 0 1 
27844314100124;0.405551;0.179024;0.997478 -0.0538289 -0.0462661 -4.67943 0.0585181 0.992554 0.106825 1.83779 0.0401713 -0.109263 0.993201 -7.90392 0 0 0 1 
27844314100125;0.438401;0.17211;0.907392 -0.0937274 0.409701 -10.5967 0.141334 0.986093 -0.0874329 3.24249 -0.395808 0.137241 0.90802 -1.98816 0 0 0 1 
27844314100126;1.24567;0.522103;0.996965 -0.0505301 -0.0592198 -5.77315 0.0455261 0.995509 -0.083001 0.122935 0.0631479 0.0800531 0.994788 8.57716 0 0 0 1 
27844314100127;1.48846;1.1817;0.999092 0.0367391 -0.0215535 1.2758 -0.0351917 0.997048 0.0682425 -2.36583 0.0239971 -0.0674221 0.997436 -2.81874 0 0 0 1 
27844314100128;1.19785;0.163011;0.996745 -0.0159417 -0.0790298 -1.99583 0.0114632 0.99832 -0.0568025 0.285032 0.0798025 0.0557117 0.995253 5.80268 0 0 0 1 
27844314100129;1.23822;0.181155;0.989905 0.141288 0.0112443 10.2632 -0.140197 0.987733 -0.0687575 -6.93965 -0.020821 0.066487 0.99757 6.37084 0 0 0 1 
27844314100130;0.532996;0.174678;0.98202 0.00841067 -0.188591 -0.438125 -0.0481688 0.977102 -0.207245 -3.95817 0.18253 0.212603 0.959939 24.6193 0 0 0 1 
27844314100131;0.768744;0.169965;0.984352 0.174944 -0.0211086 14.7525 -0.166791 0.963657 0.208677 -8.88635 0.0568482 -0.201891 0.977757 -14.7854 0 0 0 1 
27844314100132;0.304449;0.168419;0.990055 0.0550194 -0.129479 3.71821 -0.0300889 0.98187 0.187152 -2.22401 0.137428 -0.181395 0.97376 -11.5624 0 0 0 1 
27844314100133;0.242712;0.165032;0.971456 -0.10218 -0.214084 -11.0613 0.0267743 0.943937 -0.329038 -5.36977 0.235703 0.313914 0.919729 35.9019 0 0 0 1 
27844314100134;1.30166;0.180097;0.971355 0.0412103 0.234033 3.18865 -0.0381608 0.999118 -0.0175456 -1.35004 -0.234549 0.00811215 0.97207 -9.48435 0 0 0 1 
27844314100135;0.261851;0.189053;0.993511 -0.0984872 0.0568819 -8.69794 0.0963257 0.994563 0.0395733 3.1157 -0.0604701 -0.0338373 0.997596 -4.88558 0 0 0 1 
27844314100136;1.42144;0.193183;0.991375 0.130797 0.00819172 11.0332 -0.129399 0.986848 -0.0968812 -7.67864 -0.0207557 0.0949857 0.995262 9.47484 0 0 0 1 
27844314100137;1.20547;0.221414;0.989004 -0.1262 0.0771024 -12.5592 0.144828 0.932017 -0.332218 -3.04451 -0.0299348 0.339731 0.940046 30.3352 0 0 0 1 
27844314100138;0.244336;0.174237;0.993984 0.0251124 -0.106611 1.46894 -0.0444562 0.982078 -0.183155 -3.86541 0.100101 0.186793 0.977286 19.73 0 0 0 1 
27844314100139;1.59431;0.17031;0.998959 -0.0456108 -0.000722421 -3.18893 0.0456155 0.998917 0.00917717 -0.664823 0.000303061 -0.00920057 0.999958 -1.81745 0 0 0 1 
27844314100140;0.22734;0.177571;0.995795 -0.0904013 0.0148226 -8.20334 0.0906553 0.995729 -0.0174636 2.87537 -0.0131805 0.018734 0.999738 1.33961 0 0 0 1 
27844314100141;0.358346;0.190164;0.953325 -0.213446 -0.213569 -21.4407 0.170505 0.964295 -0.202642 2.16808 0.249197 0.156769 0.95568 22.2403 0 0 0 1 
27844314100142;0.117962;0.181978;0.994664 0.101508 0.0184111 8.69237 -0.100405 0.993521 -0.0532462 -4.36534 -0.0236967 0.0511135 0.998412 3.8455 0 0 0 1 
27844314100143;1.8568;1.74976;0.9999 0.00651617 0.0125425 0.612012 -0.0050816 0.993786 -0.111189 -1.8183 -0.0131891 0.111115 0.99372 9.47681 0 0 0 1 
27844314100144;0.573265;0.194448;0.987542 -0.00108243 -0.157351 -1.84299 0.00429762 0.999789 0.0200944 0.749742 0.157296 -0.0205203 0.987338 3.63928 0 0 0 1 
27844314100145;0.564902;0.582988;0.9934 -0.0539077 -0.101242 -5.76538 0.0399741 0.990048 -0.134933 -0.115953 0.107508 0.129995 0.985669 15.4218 0 0 0 1 
27844314100146;0.457208;0.163495;0.999612 0.019368 0.0200228 1.49633 -0.0200206 0.999257 0.0329237 -0.798148 -0.0193703 -0.0333118 0.999257 -2.6656 0 0 0 1 
27844314100147;0.839697;0.164687;0.994576 -0.0433289 -0.0945627 -5.40026 0.0536583 0.992529 0.109578 1.68531 0.0891083 -0.114058 0.98947 -8.02225 0 0 0 1 
27844314100148;1.27087;0.165654;0.999335 0.00398964 0.0362549 -1.21464 0.00206127 0.986233 -0.165346 -3.3562 -0.0364155 0.165311 0.985569 13.464 0 0 0 1 
27844314100149;0.814525;0.224342;0.993548 0.0044243 0.113328 -0.259834 0.0531461 0.864576 -0.499684 -11.3501 -0.100192 0.502483 0.858762 41.2083 0 0 0 1 
27844314100150;1.30625;1.07179;0.996453 -0.015919 0.0826261 -3.62933 0.0401367 0.952956 -0.300441 -5.70829 -0.0739562 0.302692 0.950215 23.0477 0 0 0 1 
27844314100151;1.21483;0.862635;0.987312 -0.0648779 0.144932 -5.73046 0.0670939 0.997692 -0.0104494 2.3046 -0.14392 0.0200409 0.989386 -1.89283 0 0 0 1 
27844314100152;0.850848;1.06208;0.979474 -0.0120046 0.201212 -1.76653 0.0644466 0.96448 -0.256175 -2.22602 -0.19099 0.263884 0.945457 16.347 0 0 0 1 
27844314100153;1.33869;0.179973;0.986069 0.142448 0.0858867 10.3314 -0.144343 0.989395 0.0162322 -7.0533 -0.0826636 -0.0284031 0.996173 -5.86641 0 0 0 1 
27844314100155;1.31103;1.2326;0.997446 -0.05349 -0.0473295 -2.71061 0.0435193 0.980606 -0.191097 -0.775876 0.0566333 0.188549 0.980429 10.0686 0 0 0 1 
27844314100156;0.173499;0.206195;0.999647 -0.0131618 -0.0230676 -0.95724 0.0135746 0.999749 0.0178293 0.548208 0.0228272 -0.0181362 0.999575 -0.448721 0 0 0 1 
27844314100157;1.77732;0.732528;0.994541 0.0305343 -0.099778 0.647394 -0.0202858 0.994561 0.102158 0.236988 0.102355 -0.0995761 0.989752 -3.72247 0 0 0 1 
27844314100158;2.31932;0.181016;0.975155 0.0812399 -0.206091 1.41742 0.0218902 0.890436 0.454582 -0.782804 0.220441 -0.447799 0.866534 -14.8173 0 0 0 1 
27844314100159;1.17995;0.254277;0.99684 0.0467117 -0.064245 1.73754 -0.0417047 0.996144 0.0771836 -0.745808 0.0676027 -0.0742604 0.994945 -3.24273 0 0 0 1 
27844314100160;1.94121;0.630754;0.981496 -0.0346841 -0.188318 -2.92228 0.039976 0.998903 0.0243746 1.4107 0.187266 -0.0314517 0.981806 4.63235 0 0 0 1 
27844314100161;0.541664;0.494956;0.992371 0.0115362 -0.122748 -0.371482 -0.0257039 0.993094 -0.114472 -1.13474 0.120579 0.116754 0.985814 8.53686 0 0 0 1 
27844314100162;1.51732;1.23155;0.999038 -0.0246476 -0.0362764 -1.6754 0.0247015 0.999694 0.0010391 0.895645 0.0362397 -0.00193418 0.999341 1.37141 0 0 0 1 
27844314100163;1.36524;1.03458;0.998501 -0.0344661 -0.0425253 -2.02548 0.0320186 0.997863 -0.0569497 0.297201 0.0443972 0.0555027 0.997471 2.9991 0 0 0 1 
27844314100164;0.587208;0.32197;0.998845 -0.0470221 -0.0099266 -2.47378 0.0475024 0.997327 0.055518 1.52649 0.0072895 -0.0559253 0.998408 -1.92165 0 0 0 1 
27844314100165;1.53313;0.274283;0.999402 0.0343449 -0.00391316 1.96624 -0.0342403 0.999119 0.0242515 -1.67691 0.00474263 -0.024103 0.999698 0.0725761 0 0 0 1 
27844314100166;0.330265;0.440861;0.996225 -0.0684254 -0.0534165 -3.73668 0.0627819 0.992904 -0.100997 0.799129 0.0599482 0.0972622 0.993452 6.00183 0 0 0 1 
27844314100167;0.903395;0.387631;0.997724 -0.0399498 0.0543189 -1.64975 0.0493344 0.981651 -0.184196 -0.775807 -0.0459636 0.186457 0.981387 6.81204 0 0 0 1 
27844314100168;2.432;0.253486;0.995171 -0.0372135 0.0908278 -1.56491 0.035002 0.999054 0.0258213 0.227725 -0.0917027 -0.0225175 0.995532 -0.536081 0 0 0 1 
27844314100169;1.16953;1.05829;0.938078 0.0268279 0.345383 1.25209 0.0827145 0.950815 -0.298512 -1.89303 -0.336404 0.308596 0.88972 6.52381 0 0 0 1 
27844314100170;0.524881;0.270898;0.981732 -0.0482111 -0.184058 -3.31378 0.0699321 0.991084 0.113407 1.38475 0.17695 -0.124207 0.976351 -1.84481 0 0 0 1 
27844314100171;2.35705;0.254741;0.961008 0.103782 0.256306 4.27924 -0.0635117 0.984959 -0.16069 -1.85278 -0.269128 0.138146 0.953145 -2.22876 0 0 0 1 
27844314100172;0.422262;0.175999;0.99718 0.0220789 -0.0717264 0.289691 -0.0174499 0.997763 0.0645334 0.295283 0.0729907 -0.0630998 0.995335 -1.33801 0 0 0 1 
27844314100173;0.404553;0.259361;0.997483 -0.0227981 -0.0671475 -1.42712 0.0303495 0.993054 0.11368 0.704544 0.0640894 -0.115432 0.991246 -3.80876 0 0 0 1 
27844314100174;0.99992;0.67018;0.999455 0.027903 -0.0176137 0.939242 -0.0269833 0.998362 0.0504524 -0.389791 0.0189926 -0.0499497 0.998571 -2.37196 0 0 0 1 
27844314100175;0.837078;0.230628;0.998765 0.0480746 -0.0125719 1.88534 -0.047764 0.998572 0.0239363 -0.0571158 0.0137047 -0.0233062 0.999634 -1.0463 0 0 0 1 
27844314100176;0.793248;0.546648;0.997529 0.0097613 -0.0695695 -0.112871 -0.0316674 0.946459 -0.321268 -4.46014 0.0627087 0.322678 0.944429 16.9028 0 0 0 1 
27844314100177;2.13358;0.202983;0.999944 -0.00287121 -0.0102161 -0.150199 0.00302356 0.999884 0.0149287 0.418259 0.0101721 -0.0149587 0.999836 -2.8206 0 0 0 1 
27844314100178;1.06641;1.14155;0.998075 -0.0254704 -0.0565514 -1.57471 0.0250669 0.999655 -0.00783257 0.381149 0.0567314 0.00639993 0.998369 1.44195 0 0 0 1 
27844314100179;2.46162;0.567355;0.964848 -0.0279745 -0.261314 -2.9758 -0.0110645 0.989113 -0.146741 -0.463022 0.262574 0.144474 0.954035 10.1407 0 0 0 1 
27844314100180;2.13141;1.53596;0.965517 0.0414007 0.257027 1.78465 -0.0978241 0.97262 0.210809 -2.93663 -0.241262 -0.228683 0.943131 -16.8544 0 0 0 1 
27844314100181;0.683715;0.448174;0.999623 0.0227404 0.015394 0.968863 -0.0234508 0.998589 0.0476556 -0.117699 -0.0142885 -0.0479986 0.998745 -1.92219 0 0 0 1 
27844314100182;1.078;0.235613;0.98232 -0.0730436 0.172369 -3.07416 0.0611912 0.995445 0.0731072 1.26788 -0.176924 -0.0612672 0.982316 -5.75901 0 0 0 1 
27844314100183;1.04239;0.450041;0.9099 -0.0419269 0.412704 -2.21731 -0.0506037 0.976231 0.210744 -0.993589 -0.41173 -0.21264 0.886151 -18.6513 0 0 0 1 
27844314100184;1.3844;0.268275;0.983732 -0.0352038 0.17616 -1.13217 0.0182684 0.995131 0.0968509 -0.652197 -0.178711 -0.0920572 0.979585 -8.62104 0 0 0 1 
27844314100186;0.793481;0.215896;0.971889 0.11445 -0.205748 6.07054 -0.0625992 0.968056 0.242794 -2.86729 0.226963 -0.22309 0.948008 -7.24788 0 0 0 1 
27844314100187;1.90684;0.839824;0.999788 0.0192442 0.00738089 1.50651 -0.0191743 0.999772 -0.00941601 -0.527632 -0.00756041 0.00927248 0.999928 1.75097 0 0 0 1 
27844314100188;0.899725;0.484741;0.912021 0.00991041 0.410023 -0.1382 -0.0285665 0.998815 0.0393993 -0.876196 -0.409147 -0.047646 0.911224 -18.1723 0 0 0 1 
27844314100189;2.92803;2.75603;0.996225 -0.0325541 -0.0804714 -2.72214 0.0234674 0.9935 -0.11139 -0.49156 0.0835745 0.109081 0.990513 10.431 0 0 0 1 
27844314100190;2.25734;1.63332;0.998993 0.0297006 -0.033619 2.08134 -0.0346157 0.987055 -0.1566 -3.10073 0.0285327 0.157606 0.98709 12.4645 0 0 0 1 
27844314100191;2.96618;1.28453;0.988897 -0.0113368 0.148167 -0.233315 0.0670373 0.923894 -0.376729 -5.45954 -0.13262 0.382479 0.914397 23.4048 0 0 0 1 
27844314100192;2.51273;1.7943;0.930477 -0.0144737 -0.366065 -4.49843 -0.0173836 0.996349 -0.0835806 -1.83215 0.365938 0.0841334 0.926828 17.6411 0 0 0 1 
27844314100193;1.47826;0.91829;0.994913 0.0316557 -0.0956309 1.64198 -0.02604 0.997894 0.0594102 -0.711511 0.0973101 -0.0566178 0.993642 0.198894 0 0 0 1 
27844314100194;2.31253;1.55292;0.969211 0.0363663 -0.243531 -0.049828 -0.0279359 0.998888 0.0379832 -0.7543 0.244641 -0.0300105 0.969149 7.3616 0 0 0 1 
27844314100195;2.39108;0.495125;0.991171 -0.0677653 -0.113962 -4.72568 0.0321688 0.956749 -0.28913 -3.2216 0.128626 0.282911 0.950482 21.2874 0 0 0 1 
27844314100196;0.463067;0.425533;0.995838 0.0190207 0.0891312 1.86673 -0.024793 0.997635 0.0641089 -0.799055 -0.087701 -0.0660519 0.993955 -7.66298 0 0 0 1 
27844314100197;2.03095;1.96955;0.995742 -0.0222036 -0.0894713 -1.89914 0.0111283 0.992414 -0.122433 -0.782202 0.091511 0.120916 0.988436 10.3045 0 0 0 1 
27844314100198;1.85236;0.889026;0.986654 -0.012036 -0.162383 -1.38724 0.0202108 0.998605 0.0487848 0.39188 0.161569 -0.0514156 0.985521 2.86443 0 0 0 1 
27844314100199;0.504668;0.425075;0.998516 -0.0266487 -0.0474908 -1.81056 0.0325862 0.99111 0.128995 0.892976 0.0436311 -0.130351 0.990507 -8.00132 0 0 0 1 
27844314100200;2.93423;1.1894;0.999329 -0.0351754 0.0102225 -2.04625 0.0359864 0.994859 -0.0946567 0.556793 -0.00684038 0.0949611 0.995457 3.5232 0 0 0 1 
27844314100201;1.21539;0.493689;0.988926 0.020173 0.147031 1.8463 -0.047631 0.98145 0.185708 -2.41366 -0.140557 -0.190655 0.971542 -18.7723 0 0 0 1 
27844314100202;1.66781;0.520115;0.947441 0.0783541 -0.310187 1.81561 -0.0417727 0.991543 0.122875 -1.22837 0.317191 -0.10346 0.942701 4.61477 0 0 0 1 
27844314100203;0.429271;0.584225;0.930372 -0.036437 0.364803 -2.6932 -0.0527071 0.971419 0.231448 -2.73796 -0.362809 -0.23456 0.90186 -28.8462 0 0 0 1 
27844314100204;0.64969;0.870143;0.922691 0.0425064 -0.38319 -1.26449 0.0365378 0.97979 0.196666 0.539943 0.383805 -0.195463 0.90249 -1.3241 0 0 0 1 
27844314100205;2.89316;2.41827;0.99592 -0.00888577 -0.0898067 -0.76089 0.00608858 0.999489 -0.0313729 -0.232008 0.0900396 0.0306981 0.995465 3.75902 0 0 0 1 
27844314100206;1.28236;0.738118;0.997959 -0.0196665 0.0607544 -0.657217 0.0307411 0.981855 -0.187126 -1.60757 -0.0559719 0.188612 0.980455 10.6985 0 0 0 1 
27844314100207;1.92404;0.793349;0.976773 0.0808528 -0.198439 3.75491 -0.0605154 0.992469 0.106502 -1.91179 0.205556 -0.0920196 0.97431 2.07798 0 0 0 1 
27844314100208;1.88311;0.31726;0.919233 0.0216658 0.393117 0.691485 0.0410486 0.987769 -0.150424 -0.01121 -0.391568 0.154411 0.907101 -4.93659 0 0 0 1 
27844314100209;2.33052;0.288332;0.999228 0.0349972 0.0178422 2.92541 -0.0354695 0.999009 0.0268836 -1.09819 -0.0168837 -0.0274957 0.999479 -4.68625 0 0 0 1 
27844314100210;0.530209;0.559644;0.995431 -0.0181271 0.0937448 -0.5819 0.0262037 0.99598 -0.0856555 0.0716822 -0.0918153 0.0877206 0.991905 2.47016 0 0 0 1 
27844314100211;2.44996;1.12796;0.998049 0.00898877 -0.0617885 0.266985 -0.00945282 0.999929 -0.00722201 -0.31701 0.0617192 0.007792 0.998063 4.57468 0 0 0 1 
27844314100212;2.84301;0.659437;0.997314 0.0416721 -0.0602301 3.10568 -0.0451286 0.997341 -0.0572149 -1.21244 0.0576857 0.0597793 0.996543 3.35299 0 0 0 1 
27844314100213;1.50297;0.844926;0.998861 -0.0166538 0.0447033 -0.45845 0.0236888 0.986542 -0.161781 -1.30798 -0.0414074 0.162656 0.985814 9.81683 0 0 0 1 
27844314100214;0.564234;0.26747;0.98727 -0.0949247 0.127624 -6.16181 0.0959561 0.995384 -0.00194362 2.77433 -0.12685 0.0141651 0.991821 -2.93761 0 0 0 1 
27844314100215;0.386204;0.506855;0.99443 -0.00312903 -0.105356 -0.672725 -0.00215582 0.998746 -0.0500105 -0.516194 0.105381 0.049959 0.993176 6.69023 0 0 0 1 
27844314100217;0.459527;0.765664;0.996113 0.00483036 -0.0879507 -0.0121727 -0.00624592 0.999855 -0.0158269 -0.495683 0.0878616 0.0163147 0.995999 2.80068 0 0 0 1 
27844314100218;2.20727;0.231452;0.9983 0.0533883 -0.0233897 0.948429 -0.0535901 0.99853 -0.00808843 -1.88572 0.0229235 0.00932814 0.999694 3.54432 0 0 0 1 
27844314100219;2.19715;0.401944;0.998578 -0.0488077 -0.021426 -1.1068 0.0480229 0.998207 -0.035731 1.30962 0.0231316 0.0346513 0.999132 4.01639 0 0 0 1 
27844314100220;1.31114;0.0566585;0.99773 -0.0174621 -0.0650386 0.564733 0.0158624 0.999561 -0.0250325 -0.648482 0.0654472 0.023944 0.997569 2.29031 0 0 0 1 
27844314100221;1.65894;1.67985;0.999755 0.00506634 0.0215497 0.377587 -0.00567535 0.999584 0.028294 -0.183275 -0.0213974 -0.0284094 0.999367 -0.661556 0 0 0 1 
27844314100222;1.73745;0.0774011;0.948998 0.26768 -0.166586 3.98581 -0.246841 0.959519 0.13562 -9.24715 0.196145 -0.0875831 0.976656 5.06971 0 0 0 1 
27844314100223;2.40198;1.51109;0.998876 0.00267817 -0.0473251 0.519802 -0.00290133 0.999985 -0.00464739 0.186666 0.047312 0.00477947 0.998869 3.04892 0 0 0 1 
27844314100224;0.843273;0.77047;0.998893 0.0371624 -0.0288303 0.687839 -0.0346774 0.995998 0.082368 -1.1293 0.031776 -0.0812771 0.996185 -0.275709 0 0 0 1 
27844314100225;1.09219;1.42228;0.999877 0.0103704 0.011752 0.753432 -0.00959985 0.997915 -0.0638284 -0.212487 -0.0123895 0.0637077 0.997892 0.874165 0 0 0 1 
27844314100226;2.28577;0.0620167;0.928876 0.256146 -0.267541 1.72443 -0.184442 0.946274 0.265608 -6.70564 0.321201 -0.197371 0.926215 8.37182 0 0 0 1 
27844314100227;0.739768;1.0021;0.988108 0.0808257 -0.130808 1.37273 -0.0774013 0.996516 0.0310636 -2.32952 0.132863 -0.0205695 0.990921 3.89721 0 0 0 1 
27844314100228;0.965544;0.064194;0.989895 0.0875212 -0.111574 1.3432 -0.0834944 0.995694 0.0402748 -2.94869 0.114618 -0.030552 0.99294 3.86491 0 0 0 1 
27844314100229;0.882458;0.905499;0.964509 0.0289025 0.262465 1.08955 0.0177688 0.984634 -0.173725 -0.313915 -0.263453 0.172222 0.949174 -5.85014 0 0 0 1 
27844314100230;0.333053;0.115493;0.952103 0.151288 -0.265731 0.171641 -0.0594698 0.94405 0.324395 -1.51809 0.29994 -0.293055 0.90783 3.09991 0 0 0 1 
27844314100231;2.08116;0.128416;0.99515 -0.0477534 0.086003 -0.32926 0.0495722 0.998587 -0.019137 1.12917 -0.0849677 0.0233076 0.996111 0.331789 0 0 0 1 
27844314100232;2.3687;2.10731;0.999667 0.0054114 -0.0252197 0.150046 -0.00616356 0.999536 -0.0298427 0.250999 0.0250465 0.0299882 0.999236 0.175388 0 0 0 1 
27844314100233;0.91161;0.752116;0.998407 0.0521957 -0.0214278 1.5672 -0.051932 0.99857 0.0126861 -1.65909 0.0220594 -0.0115531 0.99969 -0.462756 0 0 0 1 
27844314100234;2.15311;0.905499;0.997221 0.00577602 0.0742694 1.32786 -0.00645678 0.999939 0.00892932 0.272243 -0.0742133 -0.00938405 0.997198 -5.07887 0 0 0 1 
27844314100235;1.5865;1.30744;0.939991 -0.00261771 -0.341188 -3.67652 -0.0135083 0.998901 -0.0448801 -0.675387 0.340931 0.0467958 0.938923 10.7676 0 0 0 1 
27844314100236;0.801975;0.848783;0.999917 0.00995753 -0.00817846 0.732564 -0.0105219 0.997339 -0.0721449 -0.404044 0.00743831 0.072225 0.997361 1.48924 0 0 0 1 
27844314100237;0.36254;0.153904;0.988853 0.134081 -0.0647531 1.68271 -0.13098 0.990124 0.049985 -3.9833 0.0708156 -0.0409464 0.996649 1.56547 0 0 0 1 
27844314100238;0.509991;0.470109;0.995081 0.00321883 -0.0990159 0.184839 -0.0392796 0.930373 -0.364504 -4.14668 0.0909485 0.3666 0.925923 8.9397 0 0 0 1 
27844314100239;2.45541;1.56798;0.998916 0.0361644 -0.0293242 0.524412 -0.0355732 0.999158 0.0204376 -1.05285 0.0300386 -0.0193723 0.999361 3.02986 0 0 0 1 
27844314100240;0.531694;0.160636;0.996535 -0.0790571 0.025859 -1.57949 0.0784974 0.996672 0.0219903 2.29761 -0.0275114 -0.0198842 0.999424 -0.699865 0 0 0 1 
27844314100241;1.90316;0.74882;0.998709 -0.0182452 0.0474071 0.981726 0.0152034 0.99785 0.0637504 1.09324 -0.0484683 -0.0629474 0.996839 -3.95987 0 0 0 1 
27844314100242;0.857743;0.215823;0.987379 0.0307 0.155374 1.14687 -0.0350422 0.999066 0.0252848 -0.708313 -0.154452 -0.0304103 0.987532 -4.56012 0 0 0 1 
27844314100243;1.52979;1.66992;0.989535 -0.0126101 -0.143738 -0.918077 0.00631638 0.999005 -0.0441588 0.139906 0.144152 0.0427888 0.98863 4.72321 0 0 0 1 
27844314100244;1.45043;0.874287;0.986353 0.105563 -0.126353 0.801272 -0.06076 0.946625 0.31656 -1.47301 0.153026 -0.304562 0.94012 0.0391833 0 0 0 1 
27844314100245;0.353496;0.722132;0.998231 0.0370717 0.0464732 1.49384 -0.0460597 0.976537 0.210366 -1.02548 -0.0375841 -0.212135 0.976517 -5.03452 0 0 0 1 
27844314100246;0.304746;0.157515;0.994822 0.0963266 0.0324095 1.76646 -0.0882208 0.976786 -0.195206 -4.1659 -0.0504607 0.191336 0.980227 1.90572 0 0 0 1 
27844314100248;1.91005;1.59143;0.999921 -0.0104585 0.00692418 -0.654264 0.0102241 0.999401 0.0330617 0.580769 -0.00726581 -0.0329883 0.999429 -2.3 0 0 0 1 
27844314100249;1.74539;0.774085;0.919787 0.00755603 0.392345 0.79114 0.0237503 0.99691 -0.0748775 0.285799 -0.391699 0.0781897 0.916765 4.33325 0 0 0 1 
27844314100250;2.4193;1.81224;0.887985 0.035781 -0.458479 1.21106 -0.0309393 0.999358 0.0180694 -0.585385 0.458831 -0.00186034 0.888522 0.434973 0 0 0 1 
27844314100251;0.382775;0.229289;0.997845 0.0290085 0.0588541 1.77894 -0.0374857 0.988205 0.148479 -0.450096 -0.0538528 -0.150365 0.987163 -8.30684 0 0 0 1 
27844314100252;0.517763;0.619914;0.995582 -0.010614 -0.0932918 -0.537506 -0.0134246 0.967291 -0.253314 -2.34177 0.092929 0.253447 0.962875 13.2115 0 0 0 1 
27844314100253;0.421961;0.340688;0.995725 0.0130226 0.0914408 1.01458 -0.0067225 0.997603 -0.0688705 -0.531542 -0.0921185 0.0679614 0.993426 3.30052 0 0 0 1 
27844314100254;1.06506;0.297087;0.998499 0.0488128 -0.0248534 2.74756 -0.0418797 0.972762 0.227992 -1.21315 0.0353053 -0.226609 0.973346 -12.9047 0 0 0 1 
27844314100255;0.41574;0.303753;0.945487 0.00870437 -0.325544 -0.238224 -0.0218961 0.99908 -0.0368802 -0.369905 0.324923 0.0419979 0.944807 2.99792 0 0 0 1 
27844314100256;0.221269;0.101066;0.999736 0.00322478 -0.0227287 0.105924 -0.00199838 0.998551 0.0537756 0.117953 0.0228692 -0.053716 0.998294 -3.07262 0 0 0 1 
27844314100257;0.472366;0.245015;0.996482 0.0483677 0.0684388 2.79135 -0.0719041 0.912923 0.401749 -3.88856 -0.0430477 -0.405257 0.913189 -21.546 0 0 0 1 
27844314100258;0.965959;0.635161;0.961741 0.0105604 -0.273757 -0.399842 0.000792324 0.999145 0.0413262 0.138538 0.273959 -0.039962 0.960911 -1.15742 0 0 0 1 
27844314100259;0.701583;0.638714;0.99965 0.0220059 -0.0146584 1.36246 -0.022235 0.99963 -0.0156549 -0.202763 0.0143085 0.0159754 0.99977 0.398696 0 0 0 1 
27844314100260;1.49458;1.06944;0.991442 0.0200331 -0.129002 0.45637 0.017629 0.95856 0.284345 -0.755949 0.129352 -0.284186 0.950003 -14.1394 0 0 0 1 
27844314100261;0.461097;0.135463;0.98093 -0.0228803 -0.193009 -1.86656 0.0118049 0.998227 -0.0583388 -0.121823 0.194002 0.0549479 0.979461 3.52435 0 0 0 1 
