#;prob_registration_l1 -r /home/probabilistic_point_clouds_registration/build/tester /home/point_clouds_registration_benchmark//devel/registration_pairs/pioneer_slam3_local.txt /home/point_clouds_registration_benchmark//tum/pioneer_slam3 -s 0.1 -t 0.1 -p 0.3 -r 1000 -m 25 -i 40 
id;initial_error;final_error;transformation
39885980090000;0.518509;0.170627;0.994586 0.0224555 -0.101458 0.0347116 -0.00883648 0.991112 0.132737 -0.0332666 0.103537 -0.131122 0.985945 -0.421337 0 0 0 1 
39885980090001;1.1366;0.737273;0.998534 0.0258202 -0.0475656 0.093909 -0.0239779 0.998955 0.038903 -0.321378 0.0485204 -0.0377055 0.99811 0.30329 0 0 0 1 
39885980090002;0.639436;0.530267;0.999743 0.00562359 0.0219427 0.118475 -0.00106576 0.979298 -0.202422 -0.0381224 -0.0226268 0.202347 0.979053 -0.0999984 0 0 0 1 
39885980090003;0.346141;0.0796648;0.95539 -0.0521889 -0.2907 0.211201 -0.0373138 0.955049 -0.294091 0.167755 0.292981 0.291818 0.910497 -0.833833 0 0 0 1 
39885980090004;1.0895;0.634261;0.969017 -0.0803016 -0.233577 0.129378 0.026403 0.973933 -0.225293 0.275572 0.24558 0.212146 0.945878 -1.1214 0 0 0 1 
39885980090005;0.90722;0.637627;0.999212 0.0346272 -0.0193754 0.0334257 -0.0359152 0.996856 -0.0706337 0.21707 0.0168686 0.071274 0.997314 -0.445264 0 0 0 1 
39885980090006;0.367469;0.0624914;0.978308 -0.0282747 -0.205219 0.0423239 -0.0184143 0.974851 -0.222097 0.0655464 0.206338 0.221058 0.953183 -0.993225 0 0 0 1 
39885980090007;0.500039;0.233368;0.996595 -0.0789503 0.023781 0.0426453 0.0823775 0.940929 -0.328432 -0.269404 0.00355355 0.329273 0.944228 -0.33545 0 0 0 1 
39885980090008;1.30544;0.837653;0.984916 0.0023343 -0.173017 0.145913 -0.0135814 0.997867 -0.0638502 0.193955 0.172499 0.0652369 0.982847 -1.08565 0 0 0 1 
39885980090009;1.07285;0.949677;0.999224 -0.0214214 -0.0330517 -0.0240356 0.0212321 0.999756 -0.00606748 -0.140869 0.0331736 0.00536101 0.999435 -0.0469277 0 0 0 1 
39885980090010;0.993349;0.800598;0.999706 0.0239998 -0.00342217 0.0291768 -0.0241699 0.997649 -0.0641283 0.0652916 0.00187506 0.0641922 0.997936 0.320676 0 0 0 1 
39885980090011;1.19076;0.819348;0.997367 -0.0253277 0.0679539 -0.140381 0.0418227 0.966393 -0.253644 0.0577789 -0.059246 0.255818 0.964908 -0.61909 0 0 0 1 
39885980090012;1.08018;0.624784;0.996578 -0.0405665 -0.0720169 0.220279 0.0314881 0.991907 -0.122998 -0.321798 0.0764237 0.120309 0.98979 -0.954172 0 0 0 1 
39885980090013;0.734434;0.0967858;0.996304 0.0694776 -0.050519 -0.238284 -0.0795017 0.96852 -0.235898 0.255505 0.032539 0.239043 0.970464 0.109363 0 0 0 1 
39885980090014;1.32795;0.830723;0.927324 0.0726235 -0.367145 0.295555 0.00315677 0.97944 0.201713 0.038241 0.374245 -0.188212 0.908029 -1.14618 0 0 0 1 
39885980090015;0.724355;0.055564;0.999797 0.00742711 0.0187197 0.0347287 -0.0073928 0.999971 -0.00190141 0.082873 -0.0187333 0.00176264 0.999823 -0.514245 0 0 0 1 
39885980090016;0.348273;0.0263932;0.980533 0.0155879 -0.195732 0.0839644 0.0270885 0.976573 0.213475 -0.0223152 0.194474 -0.214622 0.95714 -0.384608 0 0 0 1 
39885980090017;0.847163;0.507166;0.997639 -0.00245261 -0.0686353 0.15728 -0.0119305 0.977979 -0.208362 0.332823 0.0676349 0.208689 0.975641 -0.841597 0 0 0 1 
39885980090018;0.98085;0.53183;0.987394 0.0137312 -0.157682 -0.116673 -0.0398869 0.985664 -0.163936 0.179049 0.15317 0.168159 0.973787 -0.0259803 0 0 0 1 
39885980090019;1.01873;0.361785;0.997199 0.0615715 0.0424603 -0.240783 -0.0638048 0.996532 0.0534186 -0.192931 -0.039024 -0.0559781 0.997669 0.783438 0 0 0 1 
39885980090020;0.349842;0.204155;0.977386 0.108424 0.181551 -0.152392 -0.0782318 0.983033 -0.165911 0.234605 -0.19646 0.147956 0.969285 0.348354 0 0 0 1 
39885980090021;0.142777;0.0429172;0.977243 -0.00646166 -0.212025 0.0819924 -0.0137825 0.99549 -0.0938635 0.0736377 0.211675 0.0946497 0.972746 -0.557413 0 0 0 1 
39885980090022;0.343863;0.223787;0.990463 0.0245184 0.135581 -0.0445274 -0.0199936 0.9992 -0.0346352 -0.00697019 -0.136321 0.0315941 0.990161 0.479812 0 0 0 1 
39885980090023;0.973502;0.833616;0.950861 0.0355201 -0.307575 0.170383 0.026779 0.98024 0.195989 -0.0290292 0.308459 -0.194595 0.931121 -0.548908 0 0 0 1 
39885980090024;1.13358;0.10357;0.998309 0.0513777 0.0271876 -0.134777 -0.0498902 0.997357 -0.0528222 0.000100271 -0.0298296 0.0513765 0.998234 -0.856409 0 0 0 1 
39885980090025;0.64818;0.379174;0.998473 -0.0519215 -0.0188888 0.0163271 0.0505982 0.996612 -0.0648369 -0.24068 0.0221912 0.0637821 0.997717 0.119135 0 0 0 1 
39885980090026;1.25567;0.230963;0.989815 -0.0876195 0.112202 0.157107 0.0700904 0.985951 0.151619 -0.212766 -0.123911 -0.14221 0.98205 1.41704 0 0 0 1 
39885980090027;0.709211;0.129032;0.99768 0.0586793 0.0345214 -0.121979 -0.0584551 0.998262 -0.00746736 0.386291 -0.0348996 0.00543208 0.999376 0.492578 0 0 0 1 
39885980090028;1.02062;0.557764;0.999544 0.0290697 0.0081227 0.0424662 -0.0290995 0.99957 0.00357514 0.182615 -0.00801528 -0.00380987 0.999961 0.571675 0 0 0 1 
39885980090029;0.737875;0.423272;0.992816 0.0291449 -0.116046 -0.0484772 -0.00827135 0.984277 0.176436 -0.0869322 0.119364 -0.174209 0.977447 0.408239 0 0 0 1 
39885980090031;0.500388;0.239404;0.965872 0.00884926 -0.25887 0.364342 0.0223156 0.992857 0.117202 0.125444 0.258058 -0.118979 0.958775 -1.51188 0 0 0 1 
39885980090032;0.490152;0.624607;0.941283 -0.326461 -0.0860726 0.189028 0.328654 0.94437 0.0122756 -0.577541 0.0772769 -0.0398429 0.996213 -0.302941 0 0 0 1 
39885980090033;0.259006;0.488252;0.963032 -0.149967 -0.223785 0.427851 0.158658 0.987104 0.0212692 0.0642967 0.21771 -0.0559883 0.974406 -0.754341 0 0 0 1 
39885980090034;0.13399;0.276945;0.996085 -0.0669558 -0.0577179 0.0991401 0.0634968 0.996188 -0.0598139 0.0541569 0.0615028 0.0559148 0.996539 -0.203537 0 0 0 1 
39885980090035;0.310003;0.203215;0.991208 0.0894493 -0.0974984 0.45872 -0.112605 0.957204 -0.266609 0.486762 0.0694779 0.275244 0.958861 0.301079 0 0 0 1 
39885980090036;0.791909;0.282629;0.903691 0.0553222 -0.424597 1.60311 0.0365597 0.978028 0.205242 -0.18688 0.426622 -0.200999 0.881812 -1.95749 0 0 0 1 
39885980090037;0.326129;0.393942;0.99959 0.0181131 0.0221561 0.120849 -0.0170631 0.998763 -0.0466965 0.234542 -0.0229745 0.0462993 0.998663 0.35806 0 0 0 1 
39885980090038;0.582863;0.577229;0.999906 0.0132791 -0.00354118 0.0485404 -0.0134513 0.998446 -0.0540711 -0.00270425 0.00281766 0.0541136 0.998531 -0.0566021 0 0 0 1 
39885980090039;0.172583;0.293735;0.99924 -0.0271783 -0.0279341 0.0609798 0.0258012 0.998488 -0.0485309 0.251158 0.0292109 0.0477733 0.998431 0.117543 0 0 0 1 
39885980090040;0.259945;0.288411;0.99573 -0.0094078 0.0918368 0.341328 -0.00826124 0.981722 0.19014 0.446141 -0.091947 -0.190086 0.977452 -0.100749 0 0 0 1 
39885980090041;0.477445;0.547411;0.99215 -0.109044 0.0612176 0.129735 0.108455 0.994018 0.0128705 -0.199833 -0.0622548 -0.00613007 0.998041 -0.126122 0 0 0 1 
39885980090042;0.418217;0.293334;0.996042 0.0886932 0.00582323 0.454296 -0.0884467 0.995502 -0.0339432 0.690909 -0.00880757 0.0332938 0.999407 0.343987 0 0 0 1 
39885980090043;0.341309;0.434115;0.99134 -0.0770871 -0.106312 0.276828 0.101911 0.962185 0.252615 -0.132598 0.0828185 -0.261262 0.961709 -0.738103 0 0 0 1 
39885980090044;0.352045;0.348914;0.932696 -0.125714 0.338044 0.108609 0.0570643 0.976917 0.205857 0.0442677 -0.35612 -0.172712 0.91834 0.480337 0 0 0 1 
39885980090045;0.207777;0.310129;0.977635 -0.114077 0.176683 0.015408 0.115466 0.993308 0.00243613 -0.0211351 -0.175778 0.0180191 0.984265 0.526547 0 0 0 1 
39885980090046;0.379302;0.36822;0.955203 0.0169118 0.295468 0.373311 0.0573033 0.968904 -0.24071 0.123558 -0.290351 0.246858 0.924531 0.995646 0 0 0 1 
39885980090047;0.227046;0.273196;0.969107 0.0892769 0.229916 0.475881 -0.102493 0.993661 0.0461734 0.456297 -0.224337 -0.0683119 0.972114 0.226823 0 0 0 1 
39885980090048;0.266999;0.225062;0.989875 0.0961961 0.104378 0.480074 -0.0739903 0.977218 -0.198925 0.461089 -0.121136 0.189188 0.97444 0.912635 0 0 0 1 
39885980090049;0.523967;0.242259;0.949063 -0.0213495 0.314362 0.578696 -0.0546424 0.971432 0.23094 0.277018 -0.310312 -0.236354 0.920784 1.04109 0 0 0 1 
39885980090050;0.207409;0.38452;0.999283 -0.0345088 -0.0155928 0.286938 0.0343961 0.999381 -0.00743776 -0.00307 0.0158399 0.00689609 0.999851 -0.00533553 0 0 0 1 
39885980090051;0.499446;0.282899;0.988844 0.0931825 0.116208 0.797365 -0.0726092 0.982737 -0.170165 0.656696 -0.130059 0.159829 0.978539 0.0582859 0 0 0 1 
39885980090052;0.316512;0.333396;0.987936 0.0955643 0.121858 0.36345 -0.0734418 0.981894 -0.174615 0.628162 -0.136338 0.163559 0.977067 0.373551 0 0 0 1 
39885980090053;0.450592;0.378119;0.99545 -0.0826808 0.0473602 0.204708 0.0856723 0.994196 -0.0650665 0.23804 -0.0417056 0.0688279 0.996756 -0.378577 0 0 0 1 
39885980090054;0.48513;0.462091;0.978585 -0.201684 -0.0411811 0.0565246 0.20253 0.907604 0.367744 -0.366829 -0.0367918 -0.368209 0.929015 -0.674813 0 0 0 1 
39885980090055;0.127893;0.298324;0.993291 -0.101634 -0.0551723 0.188702 0.0973694 0.992407 -0.0751552 0.0535562 0.0623917 0.0692789 0.995644 0.0195241 0 0 0 1 
39885980090056;0.526201;0.433503;0.959989 -0.280036 -0.000956301 0.206597 0.276834 0.948486 0.154072 -0.284411 -0.0422387 -0.148172 0.988059 0.412728 0 0 0 1 
39885980090057;0.593626;0.302089;0.974682 0.0486989 -0.218227 1.01362 0.029194 0.939921 0.340141 0.0491967 0.22168 -0.337901 0.914703 -0.77042 0 0 0 1 
39885980090058;0.12749;0.234619;0.986726 0.0121819 -0.161936 0.304765 -0.0190481 0.998981 -0.0409158 0.259144 0.161273 0.0434573 0.985953 -0.327872 0 0 0 1 
39885980090059;0.597495;0.426749;0.937297 -0.0937415 -0.335689 0.315523 0.0152593 0.973265 -0.229179 0.133995 0.348198 0.209686 0.913668 0.250014 0 0 0 1 
39885980090060;0.466612;0.386169;0.980283 -0.197533 -0.00502563 0.129539 0.191109 0.954256 -0.22994 -0.030869 0.0502163 0.224446 0.973192 0.74448 0 0 0 1 
39885980090062;0.722072;0.613059;0.988018 0.0134025 -0.153757 -0.0526662 -0.00754502 0.999226 0.0386162 0.0675599 0.154156 -0.0369934 0.987354 -0.30279 0 0 0 1 
39885980090063;0.21414;0.0777685;0.99824 0.0299632 0.051174 -0.00321393 -0.00736812 0.918941 -0.394327 0.130268 -0.0588411 0.393256 0.917544 -0.334246 0 0 0 1 
39885980090064;0.937509;0.61922;0.999634 0.00630297 0.0263196 -0.0747408 -0.00125059 0.982221 -0.187722 -0.0373104 -0.0270349 0.187621 0.981869 -0.691413 0 0 0 1 
39885980090065;0.614008;0.205619;0.941817 0.162351 0.294317 -0.179776 -0.0677027 0.949297 -0.307003 0.474606 -0.329237 0.269214 0.905056 0.4385 0 0 0 1 
39885980090066;0.857809;0.119325;0.99866 -0.0157412 0.0492948 0.118762 0.0203423 0.995339 -0.0942729 -0.440342 -0.0475811 0.0951493 0.994325 0.617263 0 0 0 1 
39885980090067;0.711929;0.647277;0.993945 -0.00808474 -0.109583 0.0721883 -0.00663007 0.99106 -0.133254 0.0312575 0.109681 0.133173 0.985005 -0.570938 0 0 0 1 
39885980090068;0.589386;0.087448;0.999989 -0.00469739 0.00013105 0.0699875 0.00469667 0.999976 0.0050084 0.0481906 -0.000154574 -0.00500773 0.999987 0.486279 0 0 0 1 
39885980090069;0.410197;0.152652;0.998972 -0.00803218 -0.044607 0.102035 0.00876866 0.999828 0.0163393 -0.030421 0.044468 -0.0167136 0.998871 -0.352873 0 0 0 1 
39885980090070;0.483885;0.156446;0.934701 0.0922484 0.343254 -0.0924992 -0.102507 0.994662 0.0118198 0.200683 -0.340332 -0.0462338 0.939168 1.11326 0 0 0 1 
39885980090071;0.64931;0.57099;0.976301 -0.0578299 -0.208547 0.109028 -0.0160217 0.941679 -0.336131 0.143233 0.215823 0.331507 0.918436 -0.837521 0 0 0 1 
39885980090072;0.398606;0.342602;0.99913 -0.0205701 0.0362758 -0.0168182 0.0121761 0.975872 0.218003 -0.0567931 -0.0398849 -0.217372 0.975274 0.381811 0 0 0 1 
39885980090073;0.928997;0.606101;0.952404 0.107051 -0.285423 0.101804 -0.0996287 0.994202 0.0404448 0.437926 0.288098 -0.0100835 0.957548 -0.44928 0 0 0 1 
39885980090074;0.42064;0.245061;0.913867 0.0215982 0.405438 0.146083 0.013418 0.996432 -0.0833254 -0.0475749 -0.405791 0.0815885 0.910317 1.04213 0 0 0 1 
39885980090075;0.428471;0.22961;0.946403 0.062848 0.316814 0.00475175 -0.11759 0.980614 0.156742 0.33384 -0.300821 -0.185595 0.935447 1.16741 0 0 0 1 
39885980090076;0.878954;0.67161;0.993572 0.00304929 0.113165 0.0549735 -0.00245418 0.999982 -0.00539772 -0.0252723 -0.113179 0.0050853 0.993562 0.700652 0 0 0 1 
39885980090077;0.395145;0.419016;0.99169 0.127027 -0.0203593 -0.250348 -0.12849 0.970151 -0.205661 0.15373 -0.0063729 0.206568 0.978411 -0.22813 0 0 0 1 
39885980090078;1.1758;0.118958;0.999383 -0.0282293 0.0209171 -0.0660746 0.0292186 0.998391 -0.048606 -0.0847373 -0.0195113 0.0491872 0.998599 -0.990234 0 0 0 1 
39885980090079;1.02505;0.758557;0.96296 -0.0111049 -0.269417 -0.0304507 -0.0598277 0.965449 -0.253633 0.165725 0.262924 0.260357 0.929024 -0.511274 0 0 0 1 
39885980090080;0.475546;0.0866133;0.999785 -0.0198469 -0.00592688 0.0925758 0.0197348 0.999636 -0.0184133 -0.055527 0.00629017 0.0182924 0.999813 -0.421111 0 0 0 1 
39885980090081;0.321616;0.057576;0.944652 -0.0161158 0.327678 0.190859 0.0226236 0.999615 -0.0160579 -0.065293 -0.327293 0.0225824 0.944653 0.959066 0 0 0 1 
39885980090082;1.0641;0.235027;0.969726 0.0681105 0.234504 -0.42898 -0.0762476 0.996755 0.0257981 0.265001 -0.231986 -0.0428974 0.971773 -0.00224183 0 0 0 1 
39885980090083;0.893927;0.28302;0.943708 0.0381063 0.328577 -0.159538 -0.145082 0.94038 0.307632 0.168915 -0.297264 -0.337986 0.892973 0.771872 0 0 0 1 
39885980090084;0.543877;0.48382;0.995834 0.0157165 -0.0898154 0.00996741 -0.02946 0.987661 -0.153812 -0.324643 0.0862898 0.155817 0.98401 -0.323234 0 0 0 1 
39885980090085;0.738131;0.489637;0.877704 0.0858276 0.471455 0.196562 -0.10332 0.994584 0.011287 0.125028 -0.467932 -0.0586172 0.881818 0.991778 0 0 0 1 
39885980090086;0.60161;0.0748966;0.999152 0.0408056 0.00555683 -0.0589927 -0.0409921 0.998394 0.0390922 0.0765302 -0.00395273 -0.0392868 0.99922 0.569709 0 0 0 1 
39885980090087;0.217577;0.0920321;0.999289 0.0235715 -0.0294138 -0.0986335 -0.0228929 0.999469 0.0231968 -0.060521 0.029945 -0.0225069 0.999298 -0.123276 0 0 0 1 
39885980090088;0.201974;0.11375;0.998777 -0.0190932 0.0456094 0.0190292 0.0288282 0.974293 -0.223432 -0.00502475 -0.0401708 0.224474 0.973652 -0.228691 0 0 0 1 
39885980090089;0.645809;0.278524;0.915194 0.0363361 -0.401371 0.279193 0.00155826 0.995601 0.0936847 -0.152995 0.40301 -0.0863652 0.911111 -1.3103 0 0 0 1 
39885980090090;0.450371;0.330318;0.961558 0.0605663 0.26784 -0.0245472 -0.074835 0.996252 0.0433802 0.119168 -0.264209 -0.0617564 0.962486 0.942779 0 0 0 1 
39885980090091;0.498519;0.19066;0.99471 0.0745518 -0.0706657 -0.0407551 -0.0668754 0.99218 0.105386 0.000387668 0.0779698 -0.100103 0.991917 0.315048 0 0 0 1 
39885980090093;0.227552;0.1792;0.980584 -0.00374906 0.196063 -0.121332 -0.00583843 0.998816 0.0482991 0.156908 -0.196012 -0.0485061 0.979401 0.457579 0 0 0 1 
39885980090094;0.336698;0.348013;0.982755 -0.131437 0.130062 0.502262 0.136308 0.990235 -0.0292488 0.111422 -0.124947 0.0464729 0.991074 -0.144064 0 0 0 1 
39885980090095;0.148785;0.166922;0.987659 -0.00730222 -0.156448 -0.0674856 -0.0027404 0.997954 -0.0638797 0.154297 0.156595 0.0635201 0.985618 -0.192685 0 0 0 1 
39885980090096;0.662123;0.393274;0.974043 0.10444 -0.200831 -0.150917 -0.0463141 0.960383 0.274809 0.107374 0.221576 -0.258374 0.940291 0.154173 0 0 0 1 
39885980090097;0.657715;0.410406;0.967866 0.042952 0.247773 -0.272389 -0.0594683 0.996452 0.0595619 -0.392455 -0.244335 -0.0723825 0.966986 0.276123 0 0 0 1 
39885980090098;0.630821;0.280152;0.999478 0.0319046 -0.00512338 -0.334521 -0.0318846 0.948001 -0.316667 0.0267095 -0.00524617 0.316665 0.948523 -0.298017 0 0 0 1 
39885980090099;0.628543;0.513904;0.95129 -0.112767 0.286934 0.361737 0.122425 0.992351 -0.0158806 0.919811 -0.282948 0.0502348 0.957819 0.529247 0 0 0 1 
39885980090100;0.425699;0.300101;0.953374 0.257165 0.157939 -1.22305 -0.229059 0.957346 -0.176126 0.74953 -0.196496 0.131736 0.971615 -0.558223 0 0 0 1 
39885980090101;0.696606;0.485083;0.99959 -0.00165544 -0.0285716 -0.0606223 0.00725349 0.980384 0.196963 -0.0918945 0.0276851 -0.197089 0.979995 1.09229 0 0 0 1 
39885980090102;0.122477;0.0646745;0.999729 0.0203259 0.0113064 -0.197652 -0.0203101 0.999793 -0.0015167 0.112051 -0.0113349 0.00128666 0.999935 0.0716243 0 0 0 1 
39885980090103;0.717527;0.48329;0.965325 0.165282 0.202065 -0.928356 -0.150318 0.984767 -0.087393 0.353984 -0.213432 0.0539886 0.975465 0.123397 0 0 0 1 
39885980090104;0.685443;0.533001;0.999664 -0.0231169 -0.011711 0.224084 0.0231767 0.999719 0.00499494 -0.145403 0.0115922 -0.00526469 0.999919 -0.250742 0 0 0 1 
39885980090105;0.47354;0.46459;0.999758 0.0196757 0.00983016 -0.0958208 -0.0196607 0.999805 -0.00162126 -0.00563443 -0.00986015 0.0014276 0.99995 -0.00130921 0 0 0 1 
39885980090106;0.459683;0.204265;0.954967 0.162064 -0.248543 -0.591345 -0.135757 0.983488 0.119676 0.312615 0.263834 -0.0805456 0.961199 -0.437827 0 0 0 1 
39885980090107;0.891834;0.843537;0.976331 -0.198038 0.0869364 0.684642 0.197206 0.980194 0.0181476 -0.0366023 -0.0888085 -0.00057374 0.996049 0.14786 0 0 0 1 
39885980090108;0.424446;0.227755;0.893934 -0.179615 0.410633 0.422721 0.140709 0.982335 0.123365 0.177827 -0.425538 -0.0525004 0.903416 0.454546 0 0 0 1 
39885980090109;0.495711;0.254373;0.956552 0.29152 -0.0049001 -1.40629 -0.291032 0.955694 0.0441467 0.805639 0.0175526 -0.0408026 0.999013 0.350386 0 0 0 1 
39885980090110;0.968235;0.643026;0.990533 -0.0380826 0.131884 0.176793 0.00725039 0.973921 0.226772 -0.203534 -0.137081 -0.223669 0.964977 1.8364 0 0 0 1 
39885980090111;0.425117;0.151883;0.998405 0.0520312 0.0218981 -0.373442 -0.0526327 0.998226 0.02785 0.26469 -0.0204102 -0.0289581 0.999372 0.656538 0 0 0 1 
39885980090112;0.465914;0.249749;0.980334 0.197324 -0.00284242 -0.771422 -0.189914 0.939413 -0.285368 0.879425 -0.0536397 0.280296 0.958414 -1.00226 0 0 0 1 
39885980090113;0.34947;0.14038;0.993214 0.111747 0.032218 -0.605698 -0.115875 0.927252 0.356056 0.560511 0.00991378 -0.357373 0.933909 1.50571 0 0 0 1 
39885980090114;0.0961654;0.102036;0.996437 0.0677878 -0.050177 -0.355321 -0.0673382 0.997674 0.0105988 0.166579 0.0507787 -0.00718217 0.998684 -0.118744 0 0 0 1 
39885980090115;0.726185;0.327562;0.981861 -0.115404 -0.150438 0.172787 0.108915 0.992757 -0.0507092 0.273422 0.1552 0.0334044 0.987318 0.69773 0 0 0 1 
39885980090116;0.788969;0.808593;0.98481 -0.170759 -0.0314654 0.553582 0.168264 0.983271 -0.0697548 0.84791 0.0428503 0.0634008 0.997068 0.543208 0 0 0 1 
39885980090117;0.478045;0.20615;0.995395 0.0488944 0.0824563 -0.309515 -0.0502989 0.998621 0.0150421 0.223713 -0.0816071 -0.0191203 0.996481 0.725223 0 0 0 1 
39885980090118;0.326438;0.336198;0.994217 -0.105773 0.0185593 0.316355 0.105436 0.994258 0.0183036 0.239712 -0.0203887 -0.016241 0.99966 0.268484 0 0 0 1 
39885980090119;0.735474;0.366694;0.981129 -0.104842 0.162465 0.358931 0.110676 0.993483 -0.0272604 0.0806784 -0.158548 0.0447269 0.986338 0.802683 0 0 0 1 
39885980090120;0.723848;0.136064;0.993529 -0.00164152 0.113568 -0.198551 0.0121448 0.995698 -0.0918541 0.679255 -0.112929 0.092639 0.989275 0.508309 0 0 0 1 
39885980090121;0.394688;0.328857;0.998134 0.0584801 -0.0175581 -0.327997 -0.0603884 0.987979 -0.142304 -0.0573364 0.00902504 0.143099 0.989667 -0.222055 0 0 0 1 
39885980090122;0.722168;0.323347;0.980365 0.192406 0.0431778 -0.958364 -0.19131 0.981123 -0.0282618 0.409115 -0.0478004 0.0194466 0.998668 0.889417 0 0 0 1 
39885980090124;0.340489;0.0141417;0.996417 0.084259 0.00729918 0.217389 -0.0842402 0.996441 -0.00284872 -0.636539 -0.00751324 0.00222363 0.999969 -0.371134 0 0 0 1 
39885980090125;0.370091;0.0185327;0.915046 0.0137441 0.403116 -0.417555 -0.0512879 0.995272 0.0824866 -0.270262 -0.400076 -0.096154 0.911424 -1.00548 0 0 0 1 
39885980090126;0.34208;0.0140294;0.885965 0.255729 0.386871 0.61928 -0.27019 0.962647 -0.01757 -0.565395 -0.376913 -0.0889624 0.921966 -0.631312 0 0 0 1 
39885980090127;0.0863411;0.0303476;0.996143 -0.0139779 -0.0866271 -0.0283246 0.019068 0.998122 0.0582122 0.00209808 0.0856507 -0.0596395 0.994539 -0.0262725 0 0 0 1 
39885980090128;0.358883;0.01172;0.973722 0.167839 0.153934 0.695696 -0.174578 0.984147 0.0312617 -0.00346142 -0.146247 -0.0573137 0.987586 0.209401 0 0 0 1 
39885980090129;0.382249;0.0344971;0.935005 0.354633 0.000825863 1.39383 -0.354633 0.935005 0.000990114 -0.810978 -0.000421059 -0.00121864 0.999999 -0.0202614 0 0 0 1 
39885980090130;0.323168;0.030374;0.973034 0.184266 -0.138744 0.905326 -0.200528 0.973026 -0.114059 -0.109569 0.113984 0.138805 0.983738 0.339509 0 0 0 1 
39885980090131;0.505537;0.0319783;0.994991 -0.0994539 -0.0101381 -0.795479 0.098702 0.993409 -0.058279 -0.625374 0.0158673 0.0569864 0.998249 -0.210324 0 0 0 1 
39885980090132;0.44134;0.333622;0.99906 -0.0194493 -0.0387472 -0.166587 0.0152647 0.994301 -0.105507 0.130743 0.0405785 0.104816 0.993663 0.803168 0 0 0 1 
39885980090133;0.275576;0.035611;0.999212 -0.0382572 -0.0106091 -0.578718 0.0383374 0.999237 0.00746837 -0.107473 0.0103153 -0.00786921 0.999916 -0.161215 0 0 0 1 
39885980090134;0.264805;0.0305896;0.984268 -0.124823 0.125045 -0.440681 0.152187 0.958485 -0.241132 0.0781974 -0.0897549 0.256369 0.962403 0.967287 0 0 0 1 
39885980090135;0.321182;0.211437;0.9901 0.138013 0.0255707 0.467308 -0.133482 0.982147 -0.132549 -0.117929 -0.0434078 0.127824 0.990847 0.71136 0 0 0 1 
39885980090136;0.536598;0.010333;0.991069 0.0686738 -0.114303 -0.167907 -0.0829839 0.98861 -0.125554 0.101961 0.104379 0.133918 0.98548 1.49419 0 0 0 1 
39885980090137;0.239766;0.0194876;0.998863 0.0355587 0.0317451 -0.0489045 -0.0372356 0.997852 0.053898 0.0476179 -0.0297604 -0.0550188 0.998042 -0.644772 0 0 0 1 
39885980090138;0.366462;0.0264268;0.935498 -0.338085 -0.10267 -1.29465 0.32982 0.939796 -0.0894577 0.248032 0.126733 0.0498248 0.990685 0.113078 0 0 0 1 
39885980090139;0.522118;0.31218;0.993327 0.109887 0.0350133 0.29026 -0.111968 0.991625 0.0643723 -0.625011 -0.0276463 -0.0678632 0.997312 0.176377 0 0 0 1 
39885980090140;0.328612;0.0196368;0.978021 -0.039245 -0.20478 -0.173781 0.0224614 0.996242 -0.0836497 0.0392816 0.207293 0.0772115 0.975227 1.08535 0 0 0 1 
39885980090141;0.0802768;0.0126502;0.999128 -0.0149021 0.03901 -0.161719 0.0128895 0.998598 0.0513444 -0.0571909 -0.0397205 -0.0507968 0.997919 -0.158632 0 0 0 1 
39885980090142;0.374391;0.0417687;0.94061 0.241417 -0.238686 1.07119 -0.167913 0.941887 0.290952 -0.614146 0.295056 -0.233594 0.926486 -0.628816 0 0 0 1 
39885980090143;0.228673;0.0439124;0.986035 0.159341 -0.0484185 0.632711 -0.159565 0.987187 -0.000771875 -0.137791 0.0476752 0.00848701 0.998827 -0.149511 0 0 0 1 
39885980090144;0.446317;0.0307978;0.924647 0.38071 0.00940148 1.40539 -0.380825 0.924331 0.0241903 -0.875748 0.000519419 -0.0259478 0.999663 0.245157 0 0 0 1 
39885980090145;0.0431272;0.0107824;0.999685 0.0115709 0.0222636 0.00678365 -0.0123889 0.99924 0.0369622 -0.0256171 -0.021819 -0.0372264 0.999069 -0.166396 0 0 0 1 
39885980090146;0.329175;0.0290446;0.99455 -0.0965256 -0.0394161 -0.207011 0.0953382 0.994963 -0.0309736 0.412195 0.0422073 0.0270469 0.998743 0.629044 0 0 0 1 
39885980090147;0.155218;0.009746;0.998397 0.0509894 0.0245659 0.0333468 -0.0523566 0.996904 0.0586643 -0.109344 -0.0214986 -0.0598564 0.997975 0.0020161 0 0 0 1 
39885980090148;0.427209;0.0124789;0.987537 0.139164 0.0735159 0.302093 -0.118154 0.96409 -0.237843 -0.44125 -0.103975 0.226193 0.968517 1.46468 0 0 0 1 
39885980090149;0.211483;0.01379;0.984762 -0.119701 0.126154 -0.664818 0.118926 0.992809 0.0136899 0.171206 -0.126885 0.00152156 0.991916 0.0856635 0 0 0 1 
39885980090150;0.560906;0.0521152;0.93018 0.201226 -0.307039 1.12424 -0.228831 0.971835 -0.0563274 0.326039 0.287057 0.122655 0.950029 0.295338 0 0 0 1 
39885980090151;0.283425;0.0191462;0.949845 0.284538 0.129738 0.93366 -0.239813 0.929027 -0.281778 -0.466474 -0.200707 0.236532 0.950668 0.635692 0 0 0 1 
39885980090152;0.461176;0.0260373;0.904482 -0.408147 0.123807 -1.78028 0.402049 0.912788 0.0719372 0.19227 -0.142371 -0.0152894 0.989695 -0.382732 0 0 0 1 
39885980090153;0.364593;0.00994987;0.993012 0.10624 0.0513899 0.0192721 -0.109568 0.991719 0.0669934 -0.586329 -0.0438469 -0.0721559 0.996429 -0.710847 0 0 0 1 
39885980090155;0.220386;0.563837;0.999587 -0.0283219 -0.00485655 0.0381331 0.0282656 0.999537 -0.0112959 0.376416 0.00517422 0.011154 0.999924 -0.0017512 0 0 0 1 
39885980090156;0.547565;0.594942;0.959962 -0.102024 0.260892 0.272101 0.0672311 0.988009 0.138989 0.107583 -0.271944 -0.115884 0.95531 1.30935 0 0 0 1 
39885980090157;0.178395;0.198496;0.999772 0.0119012 0.0177531 -0.0341291 -0.0119581 0.999924 0.00310155 0.0862257 -0.0177148 -0.00331313 0.999838 -0.0328139 0 0 0 1 
39885980090158;0.913519;0.681056;0.910252 0.0371607 0.412385 0.682726 -0.0937395 0.9886 0.117826 0.865533 -0.403305 -0.145908 0.903358 2.04391 0 0 0 1 
39885980090159;0.31181;0.226132;0.999448 0.00958789 -0.0318153 -0.121208 -0.0225245 0.899403 -0.436541 0.352974 0.0244293 0.437016 0.899122 -0.21619 0 0 0 1 
39885980090160;0.529179;0.167219;0.999769 -0.011295 -0.0182615 -0.185792 0.011868 0.999431 0.0315826 0.0785059 0.0178944 -0.031792 0.999334 0.491164 0 0 0 1 
39885980090161;0.588623;0.667219;0.982025 -0.109403 0.153812 0.0816982 0.0891602 0.987116 0.132862 0.318661 -0.166366 -0.11676 0.979127 1.09917 0 0 0 1 
39885980090162;0.825722;0.779433;0.981435 -0.182554 -0.0588194 0.312206 0.181966 0.983187 -0.0152373 0.197779 0.0606121 0.00425129 0.998152 -0.929019 0 0 0 1 
39885980090163;0.504725;0.271414;0.999699 0.0245134 0.000611057 0.0280691 -0.0245173 0.998804 0.0422961 0.641101 0.000426495 -0.0422984 0.999105 0.059902 0 0 0 1 
39885980090164;0.244441;0.134652;0.996813 0.0195965 -0.0773248 -0.055846 -0.00932045 0.991328 0.131081 0.0561492 0.079223 -0.129943 0.988351 -0.397413 0 0 0 1 
39885980090165;0.707584;0.150634;0.999471 0.0300576 0.0124356 -0.301265 -0.030113 0.999537 0.00429576 0.386668 -0.0123007 -0.00466796 0.999913 -0.630983 0 0 0 1 
39885980090166;0.507941;0.635615;0.983072 0.102474 0.15188 -0.0980184 -0.0861805 0.990161 -0.110243 1.12751 -0.161683 0.0952878 0.982232 0.793842 0 0 0 1 
39885980090167;0.79424;0.762142;0.987393 -0.131506 -0.0880935 0.219409 0.122788 0.987582 -0.0980059 0.511657 0.099888 0.0859536 0.991279 0.354811 0 0 0 1 
39885980090168;0.994365;0.519812;0.995203 0.096965 -0.0129577 0.261207 -0.0974063 0.994463 -0.03943 1.18366 0.00906264 0.040503 0.999138 0.732438 0 0 0 1 
39885980090169;0.602224;0.768544;0.963494 0.20585 -0.171185 -0.0793907 -0.222174 0.971535 -0.082207 2.01113 0.14939 0.117239 0.981803 -0.728096 0 0 0 1 
39885980090170;0.878287;1.02571;0.979431 -0.0582142 -0.193201 0.00201773 0.0988949 0.973086 0.208141 0.528842 0.175885 -0.222967 0.958828 0.325898 0 0 0 1 
39885980090171;0.174618;0.205593;0.993248 0.0400679 -0.108872 -0.139849 -0.0386475 0.999138 0.0151259 0.256031 0.109384 -0.0108162 0.993941 -0.410217 0 0 0 1 
39885980090172;0.809772;0.194226;0.99949 0.0316456 -0.00431055 -0.498114 -0.0315489 0.999283 0.0209086 0.413443 0.00496912 -0.0207619 0.999772 0.745073 0 0 0 1 
39885980090173;0.12527;0.424781;0.999108 0.00598059 -0.0418032 -0.107688 -0.0111745 0.992076 -0.125141 0.503621 0.0407235 0.125497 0.991258 -0.175791 0 0 0 1 
39885980090174;1.08358;0.789722;0.956394 0.0567063 0.286521 -0.0449063 -0.0732585 0.996187 0.0473749 1.06225 -0.282742 -0.0662992 0.956902 1.88299 0 0 0 1 
39885980090175;0.382051;0.24331;0.999796 0.0194637 0.00532378 -0.218669 -0.0195287 0.999732 0.0124433 0.223734 -0.00508016 -0.0125448 0.999908 0.431468 0 0 0 1 
39885980090176;1.01834;0.96361;0.955466 -0.0574709 0.289451 -0.153281 0.0702499 0.996952 -0.0339458 0.125573 -0.286618 0.052768 0.956591 1.39267 0 0 0 1 
39885980090177;0.304463;0.284432;0.998633 -0.0164667 0.049609 0.00882449 0.0152727 0.999587 0.0243511 0.194154 -0.0499895 -0.0235601 0.998472 -0.0347962 0 0 0 1 
39885980090178;0.543046;0.395697;0.995248 -0.00255789 0.097341 -0.274932 0.00700883 0.998944 -0.0454108 0.217448 -0.097122 0.0458772 0.994215 0.70897 0 0 0 1 
39885980090179;0.361753;0.279194;0.989967 0.0130132 -0.140698 -0.197958 -0.0184197 0.999138 -0.0371924 0.273714 0.140093 0.0394108 0.989354 -0.100048 0 0 0 1 
39885980090180;0.25283;0.643468;0.998209 -0.0182923 -0.0569603 -0.0198078 0.0187628 0.999794 0.00773693 0.602624 0.056807 -0.0087918 0.998346 -0.00136913 0 0 0 1 
39885980090181;0.881259;1.13254;0.980727 0.0137739 -0.194896 0.0350093 0.00857955 0.993514 0.113388 0.476921 0.195194 -0.112874 0.974248 -0.060291 0 0 0 1 
39885980090182;0.669254;0.487792;0.99838 0.0567068 0.00470294 0.00690902 -0.0568491 0.997593 0.0396953 0.362091 -0.00244063 -0.0398984 0.999201 -0.540132 0 0 0 1 
39885980090183;0.198594;0.675554;0.966887 0.0693675 0.245595 0.0678278 -0.0785759 0.996518 0.0278838 0.941391 -0.242806 -0.0462583 0.968971 0.898238 0 0 0 1 
39885980090184;0.838159;0.369584;0.995371 0.0902279 -0.0331079 -0.172966 -0.0961053 0.930886 -0.35244 0.831475 -0.00098025 0.353991 0.935248 -0.791164 0 0 0 1 
39885980090186;1.03403;0.87474;0.996492 -0.0759071 0.0352442 0.209692 0.0769793 0.996577 -0.030129 -1.22154 -0.0328366 0.0327364 0.998924 -0.629651 0 0 0 1 
39885980090187;0.391456;0.208232;0.998802 0.00241334 0.0488733 -0.108088 -0.00660344 0.996294 0.085755 -0.233071 -0.0484852 -0.085975 0.995117 -0.117601 0 0 0 1 
39885980090188;0.19321;0.2674;0.994993 -0.0398885 -0.0916424 -0.0344043 0.0307266 0.994583 -0.0992967 -0.294752 0.0951068 0.0959836 0.990829 -0.537446 0 0 0 1 
39885980090189;0.694654;0.337368;0.972497 -0.0641342 0.22391 0.0753541 0.0481299 0.995929 0.076222 -0.239968 -0.227887 -0.0633489 0.971625 1.26372 0 0 0 1 
39885980090190;0.710931;0.157323;0.99937 0.00441739 -0.0352228 -0.0918427 0.00425922 0.970139 0.242514 0.00643338 0.0352423 -0.242511 0.969508 0.739535 0 0 0 1 
39885980090191;0.303973;0.222344;0.996561 0.0783487 0.0269726 -0.293048 -0.0785361 0.996893 0.00595628 0.179505 -0.0264221 -0.00805411 0.999618 -0.0937805 0 0 0 1 
39885980090192;0.937341;0.30975;0.999781 -0.0105574 0.018084 -0.00370371 0.0104803 0.999936 0.00435307 -0.706749 -0.0181288 -0.00416259 0.999827 0.785665 0 0 0 1 
39885980090193;0.0973903;0.219798;0.99992 -0.00327917 0.0122329 -0.0953646 0.00318861 0.999967 0.00741504 -0.119257 -0.0122568 -0.00737543 0.999898 0.0646961 0 0 0 1 
39885980090194;0.330993;0.207838;0.999134 -0.0362485 0.0204521 -0.0797105 0.0371258 0.998329 -0.0442845 -0.458094 -0.0188127 0.0450054 0.99881 0.114058 0 0 0 1 
39885980090195;0.913121;0.228259;0.999091 0.0410161 -0.0116061 -0.12562 -0.0416921 0.996968 -0.0657039 0.231143 0.00887599 0.066128 0.997772 -0.908142 0 0 0 1 
39885980090196;0.843835;0.21872;0.992701 0.0937113 0.075913 -0.160615 -0.0961894 0.994921 0.0296654 0.218368 -0.0727474 -0.0367509 0.996673 -0.499118 0 0 0 1 
39885980090197;0.709255;0.210265;0.999472 0.00873278 0.0312906 -0.131814 -0.0131953 0.989287 0.145384 -0.271017 -0.0296858 -0.14572 0.98888 -0.417623 0 0 0 1 
39885980090198;1.04503;0.5848;0.998646 -0.0255601 -0.0453069 -0.0624588 0.0205017 0.993853 -0.108791 -0.14992 0.0478092 0.107715 0.993032 0.636217 0 0 0 1 
39885980090199;0.0833687;0.147355;0.998898 -0.0158973 0.0441595 -0.0378533 0.0155646 0.999848 0.00786795 -0.212716 -0.0442779 -0.00717196 0.998994 0.120798 0 0 0 1 
39885980090200;1.06244;0.644181;0.999811 -0.0157375 -0.0114531 -0.0538607 0.015563 0.999764 -0.0151663 -0.07272 0.0116891 0.0149852 0.999819 0.780986 0 0 0 1 
39885980090201;0.454509;0.389971;0.970071 -0.110655 -0.216142 -0.0596373 0.100893 0.993336 -0.0557235 -0.384713 0.220868 0.0322486 0.97477 -0.465769 0 0 0 1 
39885980090202;0.602175;0.422664;0.922813 0.0633589 -0.380001 -0.152722 -0.0349429 0.996083 0.0812233 -0.0408645 0.383659 -0.0616756 0.921413 -0.917684 0 0 0 1 
39885980090203;0.367742;0.302319;0.911952 0.00616337 0.410251 0.124767 -0.0744197 0.985787 0.150618 0.157203 -0.403492 -0.167888 0.899449 1.55278 0 0 0 1 
39885980090204;1.06319;0.346109;0.973262 0.0762059 0.216689 0.0102806 -0.0561083 0.993658 -0.097442 -0.121605 -0.22274 0.0826785 0.971366 1.62195 0 0 0 1 
39885980090205;0.675409;0.238286;0.997513 0.0703467 0.00436793 -0.594402 -0.0698925 0.995266 -0.0675292 -0.269365 -0.0090977 0.067056 0.997708 -0.26603 0 0 0 1 
39885980090206;0.947378;0.222211;0.995054 0.0560206 0.0820325 -0.255652 -0.0628221 0.994582 0.0828247 -0.234304 -0.0769481 -0.0875685 0.993182 1.15227 0 0 0 1 
39885980090207;0.975527;0.299649;0.998251 -0.0393442 -0.0441273 -0.068192 0.0401039 0.99906 0.0164657 -0.0933727 0.043438 -0.0182066 0.99889 -0.967884 0 0 0 1 
39885980090208;0.357335;0.368509;0.967711 0.0923649 0.234529 -0.202322 -0.0742439 0.993613 -0.0849721 0.0630722 -0.240879 0.0648161 0.968388 0.498285 0 0 0 1 
39885980090209;0.567849;0.40221;0.993083 0.116675 0.013141 -0.618566 -0.116826 0.993087 0.011371 -0.139313 -0.0117234 -0.0128275 0.999849 0.17557 0 0 0 1 
39885980090210;0.29383;0.366059;0.976045 -0.0042788 0.217528 0.000929743 -0.0150336 0.996091 0.0870488 -0.244978 -0.21705 -0.0882337 0.972165 1.00995 0 0 0 1 
39885980090211;0.573799;0.564567;0.997388 0.035546 0.0628777 -0.360441 -0.0073014 0.915683 -0.401836 -0.327933 -0.0718597 0.400327 0.91355 0.0331087 0 0 0 1 
39885980090212;0.324919;0.506635;0.995123 0.0899749 -0.0404259 -0.246142 -0.0861398 0.992365 0.0882679 -0.131403 0.0480592 -0.0843552 0.995276 0.183145 0 0 0 1 
39885980090213;0.920265;0.387739;0.989918 -0.0822696 -0.115303 0.0170557 0.0906932 0.993429 0.0698145 -0.847589 0.108802 -0.0795678 0.990874 0.498192 0 0 0 1 
39885980090214;0.527822;0.94702;0.997053 0.0575888 0.0506922 -0.494693 -0.0585885 0.998112 0.0184604 -0.319436 -0.0495334 -0.021376 0.998544 0.492017 0 0 0 1 
39885980090215;0.58213;0.497322;0.995842 -0.0328573 0.0849706 0.00279427 0.0359607 0.998731 -0.0352534 -0.222199 -0.0837044 0.0381624 0.99576 0.269927 0 0 0 1 
39885980090217;1.03417;1.12263;0.994156 0.105456 -0.0230918 0.0802867 -0.106552 0.9929 -0.0528877 0.564787 0.0173505 0.055039 0.998333 -0.578576 0 0 0 1 
39885980090218;0.202378;0.273207;0.99854 0.0459017 -0.0284802 -0.0291959 -0.0457143 0.998929 0.0071975 0.237055 0.02878 -0.00588504 0.999568 -0.162929 0 0 0 1 
39885980090219;0.470141;1.10783;0.994278 0.00568126 0.106673 0.11921 -0.0124887 0.997919 0.0632572 0.679034 -0.106092 -0.0642275 0.99228 0.402318 0 0 0 1 
39885980090220;1.3181;0.62625;0.95721 0.195297 -0.213562 0.368463 -0.208006 0.977369 -0.0385245 1.57445 0.201205 0.0812982 0.97617 -0.444393 0 0 0 1 
39885980090221;1.15923;1.03467;0.937796 -0.0163638 0.3468 -0.085421 0.0746075 0.985051 -0.15527 -0.063586 -0.339075 0.171485 0.924998 0.727076 0 0 0 1 
39885980090222;0.407338;0.442055;0.974617 0.0505967 0.218086 0.0461591 -0.0735923 0.992398 0.0986409 0.437991 -0.211438 -0.112187 0.970932 0.887816 0 0 0 1 
39885980090223;0.517255;0.560439;0.978834 0.0500072 0.198452 0.0456024 -0.0677238 0.994203 0.0835119 0.431803 -0.193125 -0.0951842 0.976546 0.811336 0 0 0 1 
39885980090224;1.08029;1.07952;0.991707 -0.0323449 0.124386 -0.0191522 0.0204351 0.995185 0.0958588 0.000145091 -0.126888 -0.0925219 0.987593 0.539984 0 0 0 1 
39885980090225;0.715361;0.482344;0.995882 -0.0393242 -0.081683 0.0941517 0.0167885 0.965436 -0.260099 0.25211 0.0890879 0.257656 0.962121 0.136033 0 0 0 1 
39885980090226;0.549209;0.511678;0.955497 -0.0177326 0.294469 0.0446677 -0.0126646 0.994806 0.101 0.100657 -0.29473 -0.100235 0.950309 1.00391 0 0 0 1 
39885980090227;1.15995;0.864467;0.976395 0.21594 -0.00475609 0.29547 -0.215397 0.975101 0.0527392 1.13149 0.0160262 -0.0504699 0.998597 -0.495571 0 0 0 1 
39885980090228;0.215505;0.274131;0.996524 0.0643962 0.0528522 0.0543378 -0.0632742 0.997739 -0.022637 0.354208 -0.0541904 0.0192141 0.998346 -0.00386701 0 0 0 1 
39885980090229;0.121617;0.27419;0.999417 0.0340949 -0.0018125 -0.0111865 -0.033946 0.997943 0.0543904 0.222218 0.0036632 -0.0542971 0.998518 -0.0291437 0 0 0 1 
39885980090230;1.03093;0.952437;0.997095 0.0761578 0.0010088 0.154653 -0.0761599 0.997093 0.00230413 0.402132 -0.000830393 -0.00237426 0.999997 0.514529 0 0 0 1 
39885980090231;0.888653;0.802463;0.993582 -0.00763795 0.112857 0.0028178 -0.00656821 0.992139 0.124972 0.117234 -0.112925 -0.124911 0.985721 0.519404 0 0 0 1 
39885980090232;0.59802;0.775948;0.980722 0.00846922 -0.195223 0.272339 -0.0704093 0.947267 -0.312613 0.576731 0.182281 0.320332 0.929603 -0.418403 0 0 0 1 
39885980090233;0.0427632;0.290665;0.996419 0.0845368 0.0014611 0.0251963 -0.0845333 0.996418 -0.00232619 0.474778 -0.00165251 0.00219435 0.999996 -0.00495914 0 0 0 1 
39885980090234;0.404716;0.339583;0.986352 0.115293 -0.11755 0.0887615 -0.0595297 0.91534 0.398258 0.385386 0.153515 -0.385825 0.90971 -0.439611 0 0 0 1 
39885980090235;0.881271;0.861012;0.992946 0.0341381 -0.113545 0.651362 -0.0544699 0.981954 -0.181106 0.958321 0.105313 0.186013 0.976887 -0.627931 0 0 0 1 
39885980090236;1.0378;0.896227;0.978657 0.20537 -0.00736894 0.128671 -0.2054 0.978671 -0.00367134 1.25652 0.00645779 0.00510657 0.999966 -0.847543 0 0 0 1 
39885980090237;0.452033;0.342909;0.977261 0.048202 -0.206488 0.122574 0.0144445 0.956423 0.291627 0.147259 0.211547 -0.287978 0.933979 -0.772945 0 0 0 1 
39885980090238;0.922552;0.297634;0.947846 0.0558884 -0.313792 0.245555 -0.122419 0.972829 -0.196514 1.02676 0.294283 0.224679 0.928933 -0.366455 0 0 0 1 
39885980090239;0.393854;0.385389;0.995507 -0.0158822 -0.093343 0.0393666 -0.00995768 0.962803 -0.270019 0.24581 0.0941594 0.269736 0.95832 -0.274341 0 0 0 1 
39885980090240;0.68439;0.179002;0.998303 0.056685 0.0133211 -0.0681164 -0.0553763 0.994944 -0.0837818 0.668959 -0.018003 0.082902 0.996395 -0.251967 0 0 0 1 
39885980090241;0.655728;0.490849;0.954258 0.202868 0.219626 0.130178 -0.130045 0.943081 -0.306083 1.02022 -0.26922 0.263521 0.926325 0.311359 0 0 0 1 
39885980090242;0.353633;0.323163;0.909021 0.143703 0.391191 0.277103 -0.0327941 0.960424 -0.276604 0.416818 -0.415458 0.23861 0.877758 1.18856 0 0 0 1 
39885980090243;1.27115;0.803121;0.998875 -0.0344599 0.0325731 0.271957 0.0337292 0.999173 0.0227247 0.540589 -0.0333293 -0.0216005 0.999211 0.838793 0 0 0 1 
39885980090244;0.554019;0.999701;0.988424 -0.0886424 0.12313 0.141361 0.0607102 0.974846 0.214451 0.321923 -0.139042 -0.204493 0.968943 0.308489 0 0 0 1 
39885980090245;0.651828;0.354708;0.997425 0.0416784 -0.0583602 -0.0277657 -0.044106 0.998187 -0.0409465 0.504966 0.0565478 0.0434151 0.997455 0.269528 0 0 0 1 
39885980090246;0.546588;0.867634;0.994512 -0.0329212 -0.09931 0.226769 0.0430206 0.993922 0.101333 0.376011 0.0953703 -0.10505 0.989883 -0.534757 0 0 0 1 
39885980090248;0.37448;0.26156;0.956285 -0.231142 0.179143 -0.01277 0.222296 0.972587 0.0682528 0.248083 -0.190008 -0.0254464 0.981453 0.0314069 0 0 0 1 
39885980090249;0.482365;0.403069;0.992877 -0.109745 -0.0463781 0.156764 0.110902 0.993562 0.0231511 0.12648 0.0435388 -0.0281297 0.998656 -0.33771 0 0 0 1 
39885980090250;0.869457;0.113537;0.937971 0.0354984 0.344892 -0.0626182 -0.102445 0.978706 0.177876 -0.661397 -0.331233 -0.202175 0.921634 0.326811 0 0 0 1 
39885980090251;0.521745;0.111046;0.99476 -0.0951988 -0.0372679 0.0335668 0.094737 0.995404 -0.0139692 -0.255828 0.0384265 0.0103653 0.999208 0.314269 0 0 0 1 
39885980090252;1.01023;0.118298;0.994599 0.09647 0.0382866 0.296935 -0.103004 0.962765 0.249949 -0.114809 -0.0127485 -0.252543 0.967502 -0.954153 0 0 0 1 
39885980090253;0.430197;0.0956571;0.97213 0.179727 -0.150539 0.0750641 -0.138993 0.958923 0.24728 0.28828 0.188798 -0.219464 0.957179 -0.0864043 0 0 0 1 
39885980090254;0.437029;0.11226;0.991796 -0.116772 0.0520023 0.0116646 0.118649 0.992333 -0.0345938 0.17128 -0.0475641 0.0404801 0.998048 0.384115 0 0 0 1 
39885980090255;0.581357;0.110787;0.996066 0.0393236 0.0794114 0.108663 -0.0429694 0.998074 0.0447358 -0.259601 -0.0774994 -0.0479721 0.995838 0.395057 0 0 0 1 
39885980090256;0.383432;0.356913;0.969774 -0.23867 0.0507372 0.0474314 0.24077 0.969746 -0.0402764 0.330693 -0.0395895 0.051275 0.9979 0.00586052 0 0 0 1 
39885980090257;0.931685;0.0932422;0.985476 0.149464 -0.0806033 -0.119566 -0.155134 0.985456 -0.0693543 0.12161 0.069065 0.0808513 0.99433 -0.844567 0 0 0 1 
39885980090258;0.517582;0.105874;0.985797 -0.103974 -0.131887 -0.25113 0.107843 0.993913 0.0225199 0.180346 0.128743 -0.0364231 0.991009 0.422542 0 0 0 1 
