#;prob_registration_l1 -r /home/probabilistic_point_clouds_registration/build/tester /home/point_clouds_registration_benchmark//devel/registration_pairs/pioneer_slam_local.txt /home/point_clouds_registration_benchmark//tum/pioneer_slam -s 0.1 -t 0.1 -p 0.3 -r 1000 -m 25 -i 40 
id;initial_error;final_error;transformation
1807261650000;0.252801;0.105709;0.995611 0.0421432 0.0835682 -0.213943 -0.0392114 0.998567 -0.0364204 0.259997 -0.0849833 0.0329837 0.995836 0.180724 0 0 0 1 
1807261650001;0.370505;0.100018;0.970927 0.124723 0.204317 -0.0651472 -0.163824 0.968553 0.187261 0.530159 -0.174536 -0.215289 0.960827 0.869212 0 0 0 1 
1807261650002;0.611698;0.144542;0.999978 0.00663078 -9.59877e-05 0.215072 -0.00663114 0.999678 -0.024478 -0.657849 -6.63512e-05 0.0244781 0.9997 0.576976 0 0 0 1 
1807261650003;0.65444;0.267953;0.96351 0.262779 -0.0509433 0.320698 -0.258533 0.962911 0.0772239 0.853264 0.0693468 -0.0612355 0.995711 -0.972479 0 0 0 1 
1807261650004;0.70178;0.274266;0.923034 0.335693 0.187932 0.0319126 -0.30838 0.937663 -0.160281 1.16223 -0.230022 0.08999 0.969016 1.40425 0 0 0 1 
1807261650005;0.564667;0.0939264;0.991049 -0.133371 0.00592655 0.112511 0.133414 0.991032 -0.00755818 -0.116132 -0.00486535 0.0082812 0.999954 0.750609 0 0 0 1 
1807261650006;0.456118;0.108237;0.997151 -0.0378182 -0.0652662 -0.24527 0.027782 0.988545 -0.148348 0.268285 0.0701288 0.146112 0.986779 -0.675874 0 0 0 1 
1807261650007;0.0911852;0.0286473;0.997486 0.0135616 0.0695566 -0.0906295 -0.0145659 0.999797 0.0139523 0.0252412 -0.0693532 -0.0149304 0.99748 0.281143 0 0 0 1 
1807261650008;0.628711;0.208789;0.957479 -0.0390528 0.285847 0.652968 0.00360181 0.992337 0.12351 -0.227881 -0.28848 -0.117229 0.950283 0.745071 0 0 0 1 
1807261650009;0.268333;0.246958;0.984755 -0.173839 -0.00607527 0.0494421 0.173798 0.984759 -0.00664982 -0.39074 0.00713867 0.00549257 0.999959 -0.109273 0 0 0 1 
1807261650010;0.71038;0.260429;0.952633 0.303999 0.00867817 0.0634461 -0.304042 0.95265 0.0040733 0.881703 -0.00702898 -0.00651888 0.999954 -0.874979 0 0 0 1 
1807261650011;0.818748;0.233952;0.917725 0.397129 -0.00834542 0.0360874 -0.397175 0.917731 -0.00474466 1.44758 0.00577461 0.00766889 0.999954 -0.890286 0 0 0 1 
1807261650012;0.646177;0.0801696;0.999922 0.0124602 0.000814866 0.135385 -0.012401 0.998571 -0.0519865 -0.506749 -0.00146147 0.0519723 0.998647 -0.721203 0 0 0 1 
1807261650013;0.5425;0.0444725;0.987943 0.0380012 -0.150081 -0.0194397 -0.0445141 0.998197 -0.0402762 -0.0649162 0.14828 0.0464713 0.987853 -1.22555 0 0 0 1 
1807261650014;0.402811;0.1501;0.949211 0.181064 -0.25732 0.30045 -0.150723 0.979551 0.133273 0.401007 0.276189 -0.08772 0.957092 -1.37176 0 0 0 1 
1807261650015;0.62098;0.157611;0.910971 -0.359913 0.20148 0.364239 0.359295 0.932326 0.0409417 -0.831374 -0.20258 0.0350938 0.978637 1.30888 0 0 0 1 
1807261650016;0.314215;0.187767;0.993509 0.100796 -0.0527289 -0.0807755 -0.0985514 0.994177 0.043576 0.41886 0.0568142 -0.0380966 0.997658 -0.0102406 0 0 0 1 
1807261650017;0.544853;0.188781;0.954235 0.0938152 -0.283961 0.177892 -0.188698 0.925521 -0.328334 0.735845 0.232009 0.366891 0.900868 -1.07162 0 0 0 1 
1807261650018;0.870541;0.298556;0.903718 0.409738 0.124133 0.0124215 -0.402911 0.911993 -0.0770157 1.65555 -0.144764 0.019586 0.989272 1.20557 0 0 0 1 
1807261650019;0.408282;0.161953;0.969988 0.243054 -0.00688051 -0.268698 -0.243064 0.97001 -0.000685653 0.630185 0.00650751 0.00233748 0.999976 0.302555 0 0 0 1 
1807261650020;0.378251;0.113261;0.964738 0.0115976 -0.262955 0.100387 -0.104444 0.933877 -0.342 0.365938 0.241601 0.357405 0.902159 -0.910957 0 0 0 1 
1807261650021;0.0584465;0.104564;0.998993 0.0357953 -0.027062 -0.021475 -0.0356063 0.999338 0.0074316 -0.0433942 0.0273101 -0.00646053 0.999606 -0.0665006 0 0 0 1 
1807261650022;0.492617;0.172995;0.980785 -0.106898 -0.163197 0.215708 0.0932939 0.991663 -0.0888808 -0.112858 0.171338 0.0719476 0.982582 -1.14472 0 0 0 1 
1807261650023;0.436303;0.279817;0.952224 0.303861 0.0306187 -0.0215209 -0.30467 0.952088 0.0265353 0.974338 -0.0210887 -0.0345961 0.999179 0.166656 0 0 0 1 
1807261650024;0.611538;0.165526;0.996047 -0.00835373 0.0884295 0.1177 0.0149468 0.997134 -0.07416 0.371686 -0.0875566 0.0751887 0.993318 -0.38806 0 0 0 1 
1807261650025;0.222007;0.128669;0.991187 -0.107215 -0.0778074 -0.103805 0.0954506 0.985291 -0.14174 -0.292299 0.0918595 0.133064 0.986841 -0.119994 0 0 0 1 
1807261650026;0.125003;0.0366298;0.997663 -0.0221083 -0.0646552 -0.174484 0.0147998 0.993665 -0.111407 -0.0443041 0.0667086 0.110189 0.991669 -0.108761 0 0 0 1 
1807261650027;0.446617;0.286805;0.93822 -0.3401 0.0638337 0.184426 0.332957 0.937501 0.101155 -0.945747 -0.0942468 -0.0736515 0.992821 0.403626 0 0 0 1 
1807261650028;0.18577;0.177499;0.982914 0.174061 -0.0598595 0.0853953 -0.176075 0.983914 -0.0301662 0.260492 0.0536459 0.0401905 0.997751 -0.174035 0 0 0 1 
1807261650029;0.503137;0.203948;0.986479 0.0927071 -0.135145 0.0682693 -0.120964 0.968251 -0.218763 0.845293 0.110574 0.232153 0.966374 -0.264126 0 0 0 1 
1807261650031;0.869936;0.810674;0.999879 0.0144004 -0.00587665 0.0862944 -0.0126075 0.971683 0.23595 -0.0659594 0.00910801 -0.235847 0.971747 -0.939766 0 0 0 1 
1807261650032;0.361529;0.273993;0.9757 -0.0277291 -0.217349 -0.0352296 -0.0124477 0.983343 -0.181332 0.107637 0.218757 0.179631 0.959103 0.286045 0 0 0 1 
1807261650033;0.495733;0.463696;0.998662 0.0196138 0.0478434 0.0321608 -0.0193307 0.999793 -0.00637328 0.0843017 -0.0479585 0.00543991 0.998835 0.047144 0 0 0 1 
1807261650034;1.09057;0.889233;0.992593 0.116336 -0.0350149 0.484811 -0.118046 0.991669 -0.0515472 0.501929 0.0287264 0.0552987 0.998057 0.699762 0 0 0 1 
1807261650035;0.885672;0.857379;0.989067 0.0860852 -0.119732 0.325904 -0.0680904 0.986788 0.147011 0.245406 0.130805 -0.137251 0.981862 -0.0777466 0 0 0 1 
1807261650036;0.893017;0.257455;0.987179 0.050217 0.151509 0.151272 -0.0619281 0.995364 0.0735928 0.239199 -0.147111 -0.082032 0.985712 0.727239 0 0 0 1 
1807261650037;0.513994;0.356235;0.999927 -0.00442306 0.0112525 0.0912725 0.00351076 0.996801 0.0798401 0.121915 -0.0115697 -0.0797948 0.996744 -0.500485 0 0 0 1 
1807261650038;0.984234;0.419875;0.920861 0.026821 0.388967 -0.132723 -0.00658699 0.998559 -0.0532606 0.365002 -0.389834 0.0464835 0.919711 -0.227048 0 0 0 1 
1807261650039;0.787771;0.326436;0.986571 0.0658058 0.149489 0.143636 -0.0436144 0.988152 -0.147151 0.355341 -0.157401 0.138656 0.977752 -0.124391 0 0 0 1 
1807261650040;0.449489;0.107784;0.972378 -0.0063041 0.233328 -0.0437556 -0.000380713 0.999591 0.0285938 0.0712799 -0.233413 -0.0278928 0.971978 0.557295 0 0 0 1 
1807261650041;0.636202;0.212927;0.999892 0.0136358 -0.00554106 0.217692 -0.0136292 0.999906 0.00122422 0.391688 0.00555724 -0.00114856 0.999984 -0.322294 0 0 0 1 
1807261650042;0.394001;0.301234;0.999809 -0.0171317 -0.00943502 -0.132818 0.0170033 0.999764 -0.0135334 0.046739 0.00966465 0.0133704 0.999864 0.0747143 0 0 0 1 
1807261650043;0.493104;0.226311;0.966711 0.0770953 0.243981 0.252172 -0.0780781 0.996931 -0.00565502 0.292104 -0.243668 -0.0135828 0.969764 0.27002 0 0 0 1 
1807261650044;0.603128;0.399633;0.999739 0.00820759 -0.0213041 -0.0637464 -0.00802044 0.999929 0.00885526 0.0927459 0.0213753 -0.00868208 0.999734 -0.438698 0 0 0 1 
1807261650045;0.822026;0.348077;0.993463 -0.0316203 -0.109687 -0.0255804 0.0716154 0.920899 0.383166 -0.362016 0.0888948 -0.388516 0.917144 -1.85672 0 0 0 1 
1807261650046;0.726796;0.863395;0.998955 -0.0378815 -0.0255884 -0.131177 0.0344186 0.99164 -0.124359 0.455148 0.0300854 0.123348 0.991907 0.79453 0 0 0 1 
1807261650047;0.841796;0.488006;0.998236 0.00430002 -0.0592133 0.0329166 -0.00538282 0.999821 -0.018139 0.173412 0.0591247 0.0184257 0.998081 0.647717 0 0 0 1 
1807261650048;0.923373;0.100126;0.983991 0.0191006 0.177194 0.0823679 -0.0535703 0.979961 0.191851 0.217638 -0.169979 -0.198272 0.965296 0.429112 0 0 0 1 
1807261650049;0.894299;0.755789;0.967826 -0.00185005 0.251612 0.0104439 -0.0218591 0.995574 0.0914014 0.106854 -0.250667 -0.0939607 0.963503 0.522164 0 0 0 1 
1807261650050;0.776112;0.778681;0.988543 0.0521935 0.141629 0.0790065 -0.0135575 0.965223 -0.261078 0.71428 -0.15033 0.256166 0.954872 1.2487 0 0 0 1 
1807261650051;0.472646;0.712193;0.984157 0.0711751 0.162386 0.209987 -0.0715086 0.997433 -0.00379786 0.637084 -0.16224 -0.00787435 0.98672 0.499898 0 0 0 1 
1807261650052;0.367213;0.313877;0.999055 0.0119165 0.0417881 0.0228946 -0.0200214 0.979739 0.199276 0.0334809 -0.0385668 -0.199924 0.979052 -0.41676 0 0 0 1 
1807261650053;0.543637;0.197567;0.91115 -0.0396468 -0.410164 0.0781701 -0.0613141 0.971237 -0.230086 0.333923 0.407488 0.234791 0.882511 0.311565 0 0 0 1 
1807261650054;0.296591;0.335058;0.991227 0.0415288 -0.125477 0.153427 -0.062397 0.983935 -0.167265 0.318589 0.116515 0.173627 0.977895 0.212549 0 0 0 1 
1807261650055;0.546573;0.532865;0.968419 0.0468418 -0.24489 0.0757299 0.038763 0.941965 0.333464 0.249457 0.246298 -0.332426 0.910401 -0.892216 0 0 0 1 
1807261650056;0.638977;0.134546;0.999019 0.0226765 -0.0380479 -0.106994 -0.0243248 0.99876 -0.0434348 0.382628 0.0370158 0.0443177 0.998331 0.379555 0 0 0 1 
1807261650057;0.733154;0.765679;0.999675 0.0120137 -0.0224972 -0.0719466 -0.0161149 0.981247 -0.19208 0.726328 0.0197677 0.19238 0.981121 0.479791 0 0 0 1 
1807261650058;1.00454;0.889791;0.972407 0.0884878 -0.215859 0.381768 -0.0769904 0.995157 0.06112 0.46524 0.220222 -0.0428144 0.97451 -0.0473516 0 0 0 1 
1807261650059;0.328863;0.267209;0.960004 -0.0796966 0.268404 -0.230775 -0.0347436 0.917315 0.396644 -0.0644797 -0.277822 -0.390105 0.877857 -0.704553 0 0 0 1 
1807261650060;0.479524;0.395938;0.999573 0.0292149 0.000494524 0.0587697 -0.0291757 0.998868 -0.0375651 0.0978997 -0.00159142 0.0375346 0.999294 -0.0753724 0 0 0 1 
1807261650062;0.610394;0.13506;0.996043 0.082105 -0.0340035 0.302971 -0.0836813 0.995342 -0.0478674 0.265356 0.029915 0.0505235 0.998275 -0.596187 0 0 0 1 
1807261650063;0.0702684;0.151156;0.999508 0.0102663 0.0296451 -0.033685 -0.00896483 0.999004 -0.0437049 0.181814 -0.0300643 0.0434177 0.998605 0.114331 0 0 0 1 
1807261650064;0.431381;0.185167;0.973881 -0.117577 -0.194248 -0.37395 0.100947 0.990495 -0.0934348 -0.0527463 0.203388 0.0713856 0.976493 -0.278485 0 0 0 1 
1807261650065;0.67345;0.219813;0.984245 0.0386034 -0.172544 0.130685 0.0398257 0.902392 0.429072 0.321715 0.172266 -0.429184 0.886637 -1.84204 0 0 0 1 
1807261650066;0.179936;0.197752;0.990784 -0.134422 -0.0166493 -0.621551 0.133455 0.98981 -0.0496633 0.160364 0.0231555 0.0469837 0.998627 0.17951 0 0 0 1 
1807261650067;0.697139;0.372025;0.951779 -0.302785 -0.0493841 -0.998216 0.305147 0.950965 0.0505081 -0.0402411 0.0316694 -0.063142 0.997502 -0.945686 0 0 0 1 
1807261650068;0.609754;0.649989;0.997086 -0.0655294 -0.0390665 -0.153702 0.0663658 0.997585 0.0205101 0.606084 0.0376281 -0.023043 0.999026 0.000744019 0 0 0 1 
1807261650069;0.14606;0.181376;0.996194 -0.0767938 -0.0412294 -0.364759 0.0757129 0.996759 -0.0271702 0.173882 0.0431823 0.0239452 0.99878 0.0407446 0 0 0 1 
1807261650070;0.531087;0.13491;0.982443 0.072246 -0.172009 0.404292 -0.00895298 0.939172 0.34333 0.0895879 0.18635 -0.335762 0.92333 -1.85471 0 0 0 1 
1807261650071;0.140553;0.143436;0.992551 -0.0126307 -0.121177 -0.091554 0.0018391 0.996052 -0.0887579 0.290728 0.12182 0.0878739 0.988655 0.200347 0 0 0 1 
1807261650072;0.380476;0.333122;0.996037 0.0154879 -0.0875865 0.163524 -0.0194601 0.998812 -0.0446816 0.0466534 0.0867904 0.0462089 0.995154 -0.0566006 0 0 0 1 
1807261650073;0.531138;0.25992;0.982985 -0.130416 0.129353 -0.355277 0.0823404 0.942343 0.324359 -0.178368 -0.164197 -0.308189 0.937048 -0.720949 0 0 0 1 
1807261650074;0.56209;0.142244;0.947412 0.199019 0.250605 0.723795 -0.185023 0.979596 -0.0784713 0.791018 -0.261109 0.027977 0.964904 0.444202 0 0 0 1 
1807261650075;0.57785;0.157656;0.999388 -0.0346185 -0.00494848 -0.168841 0.0345899 0.999385 -0.00574507 0.72847 0.00514432 0.00557039 0.999971 -0.44701 0 0 0 1 
1807261650076;0.523862;0.241543;0.983477 -0.155449 -0.0927832 -0.796151 0.135018 0.971249 -0.196077 0.490456 0.120596 0.18031 0.976189 1.09623 0 0 0 1 
1807261650077;0.611234;0.494385;0.999614 0.0025109 0.0276763 0.0201161 0.0031538 0.979226 -0.202748 -0.132051 -0.0276105 0.202757 0.97884 0.437061 0 0 0 1 
1807261650078;0.330727;0.16905;0.948972 0.0565769 -0.310243 0.340795 -0.0503852 0.998339 0.0279418 0.243019 0.311308 -0.0108844 0.950247 0.140039 0 0 0 1 
1807261650079;0.421945;0.338703;0.919889 -0.127258 -0.370958 -0.345281 0.0815717 0.987288 -0.136413 -0.0241368 0.383602 0.0952251 0.918576 0.574601 0 0 0 1 
1807261650080;0.560936;0.304113;0.986991 0.0676663 -0.145841 0.511507 -0.115539 0.929319 -0.350737 0.255421 0.1118 0.363025 0.925048 1.19433 0 0 0 1 
1807261650081;0.503671;0.13669;0.983186 0.104778 0.149553 0.366908 -0.125835 0.982253 0.139087 0.124091 -0.132326 -0.155568 0.978922 -1.21717 0 0 0 1 
1807261650082;0.722741;0.330542;0.998355 0.0573165 0.0016798 0.355582 -0.057058 0.995907 -0.070103 0.00630983 -0.00569098 0.0698918 0.997538 -0.535698 0 0 0 1 
1807261650083;0.552134;0.254949;0.998477 -0.0411431 -0.0367635 0.0205341 0.0377074 0.995254 -0.0897031 -0.295588 0.0402797 0.0881802 0.99529 0.0426524 0 0 0 1 
1807261650084;0.867721;0.179175;0.928533 0.358355 -0.0969983 2.21864 -0.336502 0.922757 0.187848 0.400787 0.156822 -0.141783 0.977397 -0.924457 0 0 0 1 
1807261650085;0.404997;0.167635;0.978014 -0.148809 -0.146096 -0.615615 0.080845 0.91634 -0.392154 -0.0332265 0.192229 0.371721 0.908224 1.02881 0 0 0 1 
1807261650086;0.258185;0.194222;0.998483 -0.0544613 0.00815415 -0.166973 0.0550348 0.992039 -0.113273 0.229363 -0.00192025 0.11355 0.99353 0.65384 0 0 0 1 
1807261650087;0.211815;0.147385;0.994304 0.0987611 0.0400797 0.420334 -0.0948295 0.991385 -0.0903463 0.156188 -0.0486571 0.0860309 0.995104 0.362263 0 0 0 1 
1807261650088;0.669831;0.344677;0.966333 -0.255859 -0.0271563 -1.02378 0.233254 0.915692 -0.327263 0.294777 0.1086 0.30991 0.944543 0.611596 0 0 0 1 
1807261650089;0.143654;0.172813;0.99334 0.0530845 0.10226 0.133674 -0.0561354 0.998053 0.0271889 0.0861854 -0.100618 -0.0327482 0.994386 -0.027118 0 0 0 1 
1807261650090;0.732491;0.377508;0.994184 0.0829321 -0.0687093 0.224145 -0.0908464 0.98843 -0.12146 0.843341 0.0578414 0.126996 0.990215 0.560261 0 0 0 1 
1807261650091;0.403612;0.131314;0.986627 0.145598 -0.0732631 0.658968 -0.120406 0.954028 0.274469 0.0356739 0.109857 -0.261977 0.958801 -0.744791 0 0 0 1 
1807261650093;1.16071;0.354368;0.882718 0.298894 0.36259 -0.377947 -0.294981 0.953112 -0.0675537 0.169151 -0.36578 -0.0473264 0.929497 -0.233385 0 0 0 1 
1807261650094;0.696816;0.458734;0.980803 0.186243 0.0577886 -0.131229 -0.184139 0.982091 -0.039871 -0.0887502 -0.0641794 0.0284645 0.997532 -0.0758719 0 0 0 1 
1807261650095;0.832378;0.332362;0.933902 0.128932 0.333472 0.396968 -0.134431 0.990901 -0.00663626 0.216159 -0.331293 -0.0386313 0.942737 -0.0559695 0 0 0 1 
1807261650096;1.24922;0.439807;0.967028 0.21948 0.129175 0.137792 -0.15439 0.908622 -0.388034 -0.457055 -0.202537 0.355296 0.912548 0.739577 0 0 0 1 
1807261650097;1.57732;0.418003;0.952929 0.127462 0.275101 0.4133 -0.182995 0.965231 0.186662 0.0723847 -0.241744 -0.228218 0.943121 0.92501 0 0 0 1 
1807261650098;0.431654;0.349609;0.942585 -0.294891 0.156759 -0.0111607 0.303725 0.952109 -0.0352044 -0.262986 -0.13887 0.0807948 0.987009 0.29359 0 0 0 1 
1807261650099;1.43162;0.350728;0.980091 -0.190092 0.0573279 0.640056 0.198549 0.938218 -0.283418 0.350707 8.95709e-05 0.289158 0.957281 0.593941 0 0 0 1 
1807261650100;0.198846;0.186391;0.996427 -0.0372855 -0.0757774 0.138237 0.0444727 0.994437 0.0954871 -0.160468 0.0717955 -0.098516 0.992542 -0.0935996 0 0 0 1 
1807261650101;0.403364;0.213163;0.995607 -0.0900265 0.0257139 0.143199 0.0911625 0.994722 -0.0470849 -0.148678 -0.0213393 0.0492222 0.99856 -0.188833 0 0 0 1 
1807261650102;0.400187;0.247572;0.996673 -0.0488932 0.0652165 -0.163764 0.0510601 0.998183 -0.0319833 -0.171581 -0.0635343 0.0352068 0.997358 -0.010352 0 0 0 1 
1807261650103;1.02195;0.402337;0.951724 0.228034 0.20548 0.0755914 -0.255645 0.959369 0.119403 -0.243621 -0.169903 -0.166169 0.97135 0.556721 0 0 0 1 
1807261650104;1.18672;0.154416;0.995591 0.00801647 -0.0934607 -0.0285996 5.2137e-05 0.996294 0.0860112 -0.48983 0.0938039 -0.0856368 0.991901 -0.680518 0 0 0 1 
1807261650105;1.18857;0.392843;0.983359 0.0392062 0.177393 -0.441129 -0.0455342 0.998458 0.0317415 -0.523823 -0.175875 -0.0392907 0.983628 0.190651 0 0 0 1 
1807261650106;0.708535;0.384696;0.993395 -0.0501642 0.103202 -0.183305 0.0499087 0.998741 0.00505794 -0.360776 -0.103326 0.000126165 0.994648 0.254304 0 0 0 1 
1807261650107;0.503291;0.309985;0.999923 -0.0100495 -0.00727514 0.136646 0.0104491 0.998311 0.0571526 -0.133485 0.00668849 -0.0572242 0.998339 0.253201 0 0 0 1 
1807261650108;1.52224;0.337045;0.948322 -0.225426 0.223313 0.100344 0.250022 0.964194 -0.0884248 0.594798 -0.195384 0.139688 0.970728 -0.329982 0 0 0 1 
1807261650109;0.339127;0.232125;0.90772 -0.132019 0.398265 -0.0480836 0.101054 0.990056 0.0978673 -0.0892725 -0.407225 -0.04859 0.912035 0.235832 0 0 0 1 
1807261650110;0.998065;0.153651;0.964396 -0.232408 0.126206 0.0595297 0.220347 0.97002 0.102514 -0.159048 -0.146247 -0.0710552 0.986693 -0.54521 0 0 0 1 
1807261650111;0.873902;0.282851;0.96909 0.138954 0.203853 0.177646 -0.150074 0.987863 0.040067 -0.452336 -0.195811 -0.0694216 0.978181 0.432032 0 0 0 1 
1807261650112;0.213542;0.157286;0.995925 -0.0286666 -0.0855108 0.118593 0.0363624 0.995292 0.0898436 -0.123768 0.0825327 -0.0925868 0.992278 -0.171034 0 0 0 1 
1807261650113;1.08553;0.363724;0.97054 -0.2171 0.104495 -0.196839 0.233648 0.953934 -0.188198 -0.694137 -0.0588239 0.207069 0.976556 -0.139855 0 0 0 1 
1807261650114;0.757919;0.440331;0.949544 0.307233 0.0630356 0.311719 -0.286914 0.932101 -0.221059 -0.0335556 -0.126672 0.19182 0.973221 0.553532 0 0 0 1 
1807261650115;1.40826;0.45908;0.976326 0.204835 0.0695033 -0.394899 -0.208365 0.976874 0.0479733 0.343573 -0.0580693 -0.0613197 0.996428 0.288933 0 0 0 1 
1807261650116;0.547781;0.218765;0.986196 0.155879 0.0558435 0.087856 -0.161249 0.980764 0.110003 -0.152538 -0.0376222 -0.117489 0.992361 0.272096 0 0 0 1 
1807261650117;1.14474;0.24221;0.958557 0.277593 -0.064108 -0.176061 -0.259022 0.942845 0.209644 0.386851 0.11864 -0.184351 0.975674 -0.389691 0 0 0 1 
1807261650118;1.22447;0.379742;0.944637 0.245504 -0.21769 -0.058786 -0.28915 0.93645 -0.198631 0.0518932 0.155091 0.250579 0.955593 -0.546168 0 0 0 1 
1807261650119;1.49971;0.287525;0.992837 0.106532 -0.054081 0.112262 -0.11041 0.991078 -0.074657 0.542853 0.0456452 0.0800934 0.995742 -0.734451 0 0 0 1 
1807261650120;0.30517;0.337224;0.938751 0.221104 0.264311 0.185076 -0.23708 0.971035 0.0297349 0.0656876 -0.250081 -0.0905765 0.963979 0.174072 0 0 0 1 
1807261650121;1.42718;0.133621;0.943254 0.326702 0.0594842 0.43069 -0.332031 0.930745 0.153196 -0.739066 -0.00531531 -0.164253 0.986404 0.248169 0 0 0 1 
1807261650122;1.45607;0.313208;0.953284 -0.208009 0.219047 -0.146292 0.243852 0.957888 -0.151616 -0.423578 -0.178285 0.197948 0.963863 -0.674963 0 0 0 1 
1807261650124;1.36594;4.11186;0.0536455 -0.962666 0.265322 2.09424 0.966521 -0.0167075 -0.256041 -0.479419 0.250915 0.270175 0.929541 0.234425 0 0 0 1 
1807261650125;0.804333;3.89185;0.285053 -0.891653 0.35171 1.54737 -0.37613 0.233446 0.896676 0.224018 -0.88163 -0.387889 -0.268833 0.686516 0 0 0 1 
1807261650126;0.880272;3.95123;0.280416 -0.780844 0.558256 1.8224 0.914667 0.393759 0.0913147 -0.40781 -0.291121 0.485012 0.824628 0.320657 0 0 0 1 
1807261650127;1.55898;4.81008;-0.0769628 -0.996974 0.0108953 2.34352 0.441683 -0.0242953 0.896842 -1.10618 -0.893864 0.0738358 0.442217 -0.12538 0 0 0 1 
1807261650128;0.837192;4.43817;0.298984 -0.878647 0.372275 1.60556 0.954074 0.267581 -0.134696 -0.379138 0.0187368 0.39545 0.918296 -0.217418 0 0 0 1 
1807261650129;0.284015;4.14489;0.207977 -0.924855 0.318415 1.95739 0.974704 0.168723 -0.146575 -0.229208 0.0818364 0.340844 0.936551 -0.310917 0 0 0 1 
1807261650130;0.193395;10.5735;0.458696 0.0275405 0.888167 -0.173869 -0.776718 -0.473089 0.415807 2.07853 0.431633 -0.880584 -0.195613 4.9484 0 0 0 1 
1807261650131;0.6404;4.1352;0.258721 -0.906007 0.334985 2.00446 0.96583 0.237111 -0.104651 -0.0871241 0.015386 0.350614 0.936394 -0.127706 0 0 0 1 
1807261650132;1.48669;4.1815;0.181575 -0.927621 0.326419 2.4757 0.976552 0.20913 0.0510875 -0.0878323 -0.115654 0.309489 0.943844 -0.712491 0 0 0 1 
1807261650133;0.878362;4.45317;0.383104 -0.859759 0.337707 1.95051 0.919244 0.390749 -0.0480197 -0.524671 -0.0906732 0.328831 0.940026 -0.00126414 0 0 0 1 
1807261650134;0.764145;10.572;0.377839 0.0344562 0.92523 -0.0659878 -0.884086 -0.283393 0.371591 2.02328 0.275007 -0.958385 -0.0766147 5.26331 0 0 0 1 
1807261650135;0.938287;4.35243;0.123671 -0.935618 0.330644 2.12279 0.984558 0.074089 -0.158606 -0.383442 0.123898 0.345153 0.930333 0.0882284 0 0 0 1 
1807261650136;0.165136;4.24229;0.41083 -0.854748 0.317213 1.88524 0.911441 0.39352 -0.120067 -0.333837 -0.0222023 0.338448 0.940723 -0.349677 0 0 0 1 
1807261650137;0.685906;4.93265;0.459924 -0.822871 0.333698 2.25631 0.882013 0.379942 -0.278742 -0.247221 0.102583 0.422526 0.900527 -0.0624646 0 0 0 1 
1807261650138;1.14592;4.08539;0.486584 -0.712595 0.505415 1.60393 0.802686 0.593029 0.0633446 -0.771419 -0.344865 0.374867 0.860548 -0.257934 0 0 0 1 
1807261650139;0.608764;6.55054;0.0525929 -0.965409 0.255379 3.2771 0.997797 0.0611552 0.025698 -0.158491 -0.0404269 0.253465 0.966499 -0.837772 0 0 0 1 
1807261650140;1.51409;5.01379;0.329011 -0.896198 0.297624 1.9849 0.944027 0.320081 -0.0797622 0.215185 -0.023781 0.307208 0.951345 0.136732 0 0 0 1 
1807261650141;0.713806;4.33235;0.0840139 -0.996462 -0.002119 1.98774 0.880574 0.0752381 -0.467897 -0.404748 0.466402 0.0374439 0.88378 -0.406876 0 0 0 1 
1807261650142;1.81337;4.58659;0.207203 -0.943112 0.260012 1.89018 0.969712 0.162862 -0.182031 -0.188575 0.129329 0.289854 0.948292 0.512765 0 0 0 1 
1807261650143;1.33398;4.11618;0.218322 -0.893552 0.392302 1.97904 0.973853 0.173614 -0.146521 0.139367 0.0628145 0.414033 0.908092 0.21581 0 0 0 1 
1807261650144;0.523192;5.20204;0.291583 -0.90753 0.302272 2.29228 0.906735 0.36288 0.214826 -0.162944 -0.304649 0.211441 0.928699 -0.435013 0 0 0 1 
1807261650145;1.32014;5.70902;0.0982755 -0.960006 0.262165 3.42048 0.994245 0.0834253 -0.067214 -0.390759 0.0426546 0.267261 0.96268 -0.536834 0 0 0 1 
1807261650146;0.396214;3.57049;0.647537 -0.509214 0.566919 1.38468 0.759106 0.496202 -0.421358 -0.231862 -0.0667452 0.703196 0.707856 -0.10165 0 0 0 1 
1807261650147;1.75836;4.5944;-0.0918524 -0.991653 0.0904867 1.98369 0.611627 0.0155246 0.790994 -1.1857 -0.785796 0.127999 0.605096 -0.303223 0 0 0 1 
1807261650148;1.81564;4.49828;0.387761 -0.86846 0.308899 2.21686 0.919992 0.385384 -0.0713716 -1.02557 -0.0570613 0.311859 0.948413 0.247541 0 0 0 1 
1807261650149;1.27562;4.80448;0.0310155 -0.970738 0.238129 2.341 0.98891 0.0644225 0.133818 -0.567335 -0.145243 0.231337 0.961971 -0.972266 0 0 0 1 
1807261650150;1.69552;4.79229;0.178889 -0.893042 0.412886 2.67389 0.983769 0.156368 -0.0880217 -0.352528 0.0140451 0.42193 0.906519 0.453622 0 0 0 1 
1807261650151;1.06641;4.21681;0.161712 -0.938281 0.305743 1.8737 0.968254 0.210702 0.134492 -0.57511 -0.190612 0.274288 0.942567 -0.774193 0 0 0 1 
1807261650152;1.1455;4.211;0.257858 -0.933625 0.248705 2.25651 0.966181 0.248683 -0.0681941 -0.665797 0.00181902 0.257878 0.966176 -0.0243713 0 0 0 1 
1807261650153;0.956413;4.62524;0.323541 -0.886048 0.332024 2.49246 0.945788 0.313362 -0.085376 -0.593194 -0.0283966 0.341647 0.939399 -0.306659 0 0 0 1 
1807261650155;0.606131;0.395508;0.997826 -0.0162448 -0.0638682 0.121173 0.0192444 0.998727 0.0466345 0.0490716 0.0630293 -0.0477622 0.996868 -0.58277 0 0 0 1 
1807261650156;0.187806;0.0791939;0.996473 -0.0838625 0.00294347 -0.311894 0.083837 0.996448 0.00794691 -0.164678 -0.00359947 -0.00767211 0.999964 0.187747 0 0 0 1 
1807261650157;0.551788;0.364617;0.996507 -0.0791235 0.0267244 -0.344525 0.0825234 0.982061 -0.169544 -0.113022 -0.0128301 0.171157 0.98516 0.960392 0 0 0 1 
1807261650158;0.699792;0.53759;0.997218 -0.0457524 -0.0588517 -0.262817 0.0499271 0.996187 0.0715411 -0.0427338 0.0553541 -0.0742803 0.9957 -0.656259 0 0 0 1 
1807261650159;0.309546;0.109173;0.991253 0.0984755 -0.087862 0.404656 -0.115337 0.969988 -0.214059 -0.0789027 0.0641456 0.22232 0.972861 1.05178 0 0 0 1 
1807261650160;0.485518;0.370157;0.998025 -0.0508078 -0.0369389 -0.279335 0.0572441 0.977758 0.201773 -0.112618 0.0258656 -0.203489 0.978735 -0.800253 0 0 0 1 
1807261650161;0.330335;0.0885459;0.99853 -0.0536048 0.00801684 -0.306376 0.052301 0.914112 -0.402075 -0.337127 0.0142248 0.401903 0.915572 1.33657 0 0 0 1 
1807261650162;0.550603;0.242292;0.944059 0.32977 -0.00213275 1.05348 -0.329704 0.943966 0.0149174 0.126767 0.00693255 -0.0133797 0.999886 -0.0827441 0 0 0 1 
1807261650163;0.739956;0.281889;0.982801 0.153376 0.102854 0.676283 -0.146206 0.986482 -0.074004 -0.866479 -0.112814 0.0576933 0.99194 0.635932 0 0 0 1 
1807261650164;0.228506;0.0877425;0.957112 0.118911 0.26419 0.444247 -0.127026 0.991804 0.0137841 -0.113475 -0.260386 -0.0467519 0.964372 -0.230927 0 0 0 1 
1807261650165;0.0638727;0.0770856;0.999934 0.00384723 0.0108425 0.00952408 -0.00368913 0.999887 -0.0145636 -0.0829106 -0.0108973 0.0145226 0.999835 0.130657 0 0 0 1 
1807261650166;0.691573;0.0584126;0.955186 -0.293275 -0.0401166 -1.19069 0.295706 0.951518 0.0846886 -0.953926 0.0133346 -0.0927561 0.9956 -0.0132992 0 0 0 1 
1807261650167;0.645574;0.358916;0.952898 0.00177878 0.303286 0.0609813 -0.0640967 0.978577 0.195647 0.259448 -0.29644 -0.205871 0.932599 -0.976529 0 0 0 1 
1807261650168;0.448255;0.0980478;0.952295 0.301655 -0.0462546 1.18562 -0.297761 0.885191 -0.357456 -0.281455 -0.0668842 0.354176 0.932784 1.39802 0 0 0 1 
1807261650169;0.539907;0.421483;0.996278 0.0524101 -0.0684297 0.180867 -0.0437534 0.991518 0.122387 -0.637317 0.0742635 -0.118937 0.990121 -0.845975 0 0 0 1 
1807261650170;0.652735;0.333945;0.952608 0.113343 0.282295 0.539737 -0.118171 0.992993 7.54622e-05 0.131528 -0.280309 -0.0334309 0.959328 0.489247 0 0 0 1 
1807261650171;0.437786;0.136198;0.941556 0.218651 0.25625 0.657054 -0.270905 0.943621 0.190236 0.0551829 -0.200207 -0.248537 0.947706 -0.580085 0 0 0 1 
1807261650172;0.513271;0.449971;0.990194 -0.0400101 -0.133845 -0.391496 0.0381969 0.999141 -0.0160886 -0.742204 0.134374 0.0108184 0.990872 0.108759 0 0 0 1 
1807261650173;0.421662;0.0877858;0.924129 -0.128616 -0.359784 -0.443298 0.125565 0.991571 -0.0319447 0.153878 0.36086 -0.0156554 0.932489 -0.395919 0 0 0 1 
1807261650174;0.342158;0.113865;0.995057 0.0848825 -0.0515432 0.359483 -0.0981208 0.920335 -0.378623 -0.159534 0.0152986 0.381808 0.924115 1.27636 0 0 0 1 
1807261650175;0.695425;0.300268;0.998134 -0.0603676 0.00917329 0.0146536 0.0601027 0.997832 0.0268287 0.596355 -0.010773 -0.0262273 0.999598 -0.284549 0 0 0 1 
1807261650176;0.628882;0.407234;0.990419 0.13163 0.0417653 0.524718 -0.12697 0.986908 -0.0994552 -0.241823 -0.0543098 0.0931993 0.994165 -0.166968 0 0 0 1 
1807261650177;0.385778;0.0849105;0.999156 -0.0388203 -0.0134437 -0.1872 0.0388992 0.999227 0.00565961 0.00322281 0.0132136 -0.00617778 0.999894 0.428061 0 0 0 1 
1807261650178;0.865032;0.329834;0.988985 -0.0851222 0.121093 -0.397175 0.0941381 0.99304 -0.0707839 -0.226337 -0.114225 0.0814037 0.990114 1.19317 0 0 0 1 
1807261650179;0.799283;0.0757696;0.901917 -0.243813 -0.356511 -1.33225 0.23611 0.969502 -0.06571 -0.292786 0.361659 -0.0249106 0.931978 0.545317 0 0 0 1 
1807261650180;0.951142;0.0983985;0.913718 0.382295 0.137734 1.68857 -0.334152 0.899765 -0.280653 0.116515 -0.23122 0.210414 0.949875 1.80245 0 0 0 1 
1807261650181;0.58947;0.0997668;0.985119 -0.169947 0.025658 -0.879808 0.169115 0.985085 0.0317409 -0.760261 -0.0306696 -0.0269295 0.999167 0.080973 0 0 0 1 
1807261650182;0.51362;0.176986;0.992945 0.0198597 -0.116904 -0.125522 -0.0256069 0.998525 -0.047867 0.254129 0.115781 0.0505228 0.991989 -0.174215 0 0 0 1 
1807261650183;0.518467;0.121346;0.960456 0.156011 -0.230619 0.888797 -0.176846 0.981565 -0.0724898 0.31921 0.215058 0.110407 0.97034 0.415159 0 0 0 1 
1807261650184;0.540083;0.0584537;0.973454 -0.228448 0.0141121 -0.918224 0.227599 0.972672 0.0459081 -0.723831 -0.024214 -0.0414775 0.998846 -0.448619 0 0 0 1 
1807261650186;0.453969;0.264743;0.996244 -0.0775932 -0.038437 0.0912367 0.081131 0.991556 0.101161 -0.043052 0.030263 -0.103899 0.994127 0.0111655 0 0 0 1 
1807261650187;0.217396;0.0496421;0.997803 0.0260682 -0.0609022 -0.0518677 -0.0248284 0.999471 0.0210255 0.0462048 0.0614181 -0.0194672 0.997922 -0.445431 0 0 0 1 
1807261650188;0.833964;0.129422;0.984503 -0.0160382 0.174632 -0.0489942 -0.0234067 0.974882 0.22149 0.18285 -0.173798 -0.222145 0.959399 1.3077 0 0 0 1 
1807261650189;0.543168;0.123051;0.861872 0.379419 -0.336478 0.19357 -0.369148 0.924323 0.0967277 0.519153 0.347714 0.0408433 0.93671 -1.13726 0 0 0 1 
1807261650190;0.468639;0.147965;0.920525 -0.257044 0.294214 -0.0468551 0.279776 0.959344 -0.0372095 -0.898278 -0.272688 0.116566 0.955015 1.0843 0 0 0 1 
1807261650191;0.203867;0.138312;0.991724 0.0559961 0.11553 -0.254303 -0.0491625 0.996916 -0.061176 -0.0510245 -0.1186 0.05499 0.991418 0.477507 0 0 0 1 
1807261650192;0.50492;0.277494;0.987461 0.154314 0.0332861 0.374228 -0.14778 0.977757 -0.148835 0.154236 -0.0555131 0.14205 0.988302 0.0322721 0 0 0 1 
1807261650193;0.791638;0.177387;0.984239 -0.175011 -0.025379 -0.0182769 0.175533 0.98427 0.0200096 -0.547918 0.0214779 -0.024149 0.999478 -1.01054 0 0 0 1 
1807261650194;0.736741;0.230797;0.97144 0.232645 -0.0466894 0.307241 -0.237217 0.956848 -0.167837 0.240878 0.00562818 0.174119 0.984708 -0.677857 0 0 0 1 
1807261650195;0.187863;0.146662;0.975384 0.0358244 -0.217584 0.0586945 -0.0145354 0.995014 0.0986661 0.00211473 0.220034 -0.0930746 0.971042 -0.634766 0 0 0 1 
1807261650196;0.587609;0.139569;0.993696 0.108541 -0.0280549 -0.142875 -0.111605 0.981438 -0.155964 -0.214516 0.0106058 0.158112 0.987364 0.711949 0 0 0 1 
1807261650197;0.541762;0.087372;0.958866 0.283436 -0.0154706 -0.301481 -0.282889 0.958673 0.0303322 0.910359 0.0234285 -0.024708 0.99942 -0.254311 0 0 0 1 
1807261650198;0.789459;0.278125;0.994367 0.0438979 -0.0964765 0.376437 -0.0538452 0.993218 -0.103048 0.0702976 0.0912986 0.107662 0.989987 -0.928443 0 0 0 1 
1807261650199;0.344499;0.204487;0.992271 -0.054913 -0.111279 -0.00401211 0.0484394 0.997018 -0.0600674 -0.0821814 0.114246 0.0542129 0.991972 -0.538866 0 0 0 1 
1807261650200;0.665434;0.226796;0.996269 0.086162 -0.00482259 0.129559 -0.0859489 0.995715 0.0341192 -0.570643 0.00774171 -0.0335774 0.999406 -0.0426887 0 0 0 1 
1807261650201;0.637949;0.132724;0.997819 0.0653815 -0.00905783 -0.484458 -0.0654151 0.997852 -0.00346542 -0.191946 0.0088118 0.00405039 0.999953 -0.273354 0 0 0 1 
1807261650202;0.360138;0.120685;0.995327 0.0959177 -0.0111126 -0.333487 -0.0961459 0.995119 -0.0222369 0.118617 0.00892549 0.0232014 0.999691 -0.393926 0 0 0 1 
1807261650203;0.394841;0.132405;0.899459 -0.145362 -0.412122 0.220246 0.187941 0.98006 0.064499 -0.661057 0.394528 -0.135469 0.908843 -1.13683 0 0 0 1 
1807261650204;0.612524;0.14558;0.998375 -0.0569008 -0.00318396 -0.13111 0.0569848 0.997467 0.0425698 -0.328044 0.000753642 -0.042682 0.999088 0.755007 0 0 0 1 
1807261650205;0.404722;0.1629;0.874151 0.237381 -0.423687 0.313084 -0.295094 0.952506 -0.0751739 0.771567 0.38572 0.190741 0.902684 -0.941451 0 0 0 1 
1807261650206;0.626556;0.13066;0.964038 -0.262548 -0.0412189 -0.525582 0.258144 0.96194 -0.0896331 -0.954474 0.0631831 0.0757693 0.995122 0.444085 0 0 0 1 
1807261650207;0.542445;0.0975615;0.999738 -0.0104835 0.0203371 -0.130812 0.0106087 0.999925 -0.00605769 -0.266618 -0.0202721 0.00627186 0.999775 0.732708 0 0 0 1 
1807261650208;0.417306;0.133157;0.948732 -0.00976045 -0.31593 -0.0379419 -0.0252719 0.993981 -0.106599 0.133385 0.315069 0.109118 0.942775 -1.09793 0 0 0 1 
1807261650209;0.115948;0.0917125;0.996688 -0.0512207 -0.0631592 -0.130492 0.0464136 0.996075 -0.0753625 -0.11947 0.0667715 0.0721815 0.995154 -0.149936 0 0 0 1 
1807261650210;0.290494;0.130764;0.972352 0.231597 0.0299009 0.0590562 -0.218831 0.948386 -0.229514 0.698586 -0.0815124 0.216625 0.972846 0.345129 0 0 0 1 
1807261650211;0.634223;0.392596;0.979978 0.144651 -0.136821 0.512379 -0.165246 0.974217 -0.153604 0.284089 0.111074 0.173138 0.978614 -0.301175 0 0 0 1 
1807261650212;0.518398;0.129425;0.929098 0.238629 -0.282546 0.0733574 -0.210035 0.969283 0.127965 0.591539 0.304404 -0.059548 0.95068 -1.27017 0 0 0 1 
1807261650213;0.562773;0.277663;0.991177 -0.132413 0.00589136 0.151109 0.12551 0.951937 0.279399 -0.15571 -0.0426042 -0.276194 0.960157 -0.150809 0 0 0 1 
1807261650214;0.522212;0.173788;0.931126 -0.361552 -0.0478031 -0.12188 0.364181 0.914801 0.174674 -1.39239 -0.0194234 -0.180053 0.983465 0.0387863 0 0 0 1 
1807261650215;0.876402;0.159425;0.912593 -0.351768 -0.208404 0.572899 0.346374 0.935973 -0.063083 -1.45823 0.217252 -0.0146168 0.976006 -0.794795 0 0 0 1 
1807261650217;0.532131;0.465109;0.982903 -0.0127403 0.183682 -0.273915 -0.02948 0.973844 0.225297 -0.202146 -0.181748 -0.22686 0.956819 -0.776826 0 0 0 1 
1807261650218;0.499155;0.390666;0.996635 0.00390073 -0.0818785 -0.116926 0.00548986 0.993448 0.114152 -0.0454313 0.0817873 -0.114217 0.990084 -0.190768 0 0 0 1 
1807261650219;0.721512;0.622713;0.998165 0.0465117 -0.0387613 -0.220066 -0.0442116 0.997324 0.0582217 -0.874381 0.0413656 -0.0564012 0.997551 -0.601191 0 0 0 1 
1807261650220;0.121853;0.247214;0.989932 -0.107024 0.0926264 -0.408988 0.103536 0.993752 0.041687 -0.348949 -0.0965092 -0.0316771 0.994828 -0.0608441 0 0 0 1 
1807261650221;0.995809;0.451757;0.994781 -0.102025 0.00138209 -0.543161 0.101996 0.994686 0.0139986 -0.489936 -0.00280294 -0.0137845 0.999901 -0.881152 0 0 0 1 
1807261650222;1.09618;0.549382;0.999928 0.0104731 0.00591821 -0.0890827 -0.0106282 0.999584 0.0268065 -0.348333 -0.00563501 -0.0268675 0.999623 -0.951341 0 0 0 1 
1807261650223;0.826304;0.574136;0.997447 -0.0703954 0.0120211 -0.321368 0.0698015 0.996581 0.0442128 -0.366985 -0.0150923 -0.0432609 0.99895 -0.393354 0 0 0 1 
1807261650224;0.375842;0.274676;0.976768 -0.180598 -0.115365 -0.622316 0.204432 0.946729 0.248822 -0.819871 0.0642831 -0.266625 0.961654 -1.03995 0 0 0 1 
1807261650225;0.55112;0.83815;0.996122 -0.0819429 -0.0320335 -0.679301 0.0773203 0.989055 -0.125666 -0.85334 0.0419803 0.122702 0.991555 0.51791 0 0 0 1 
1807261650226;0.761509;0.758216;0.997008 -0.0740881 -0.022063 -0.387179 0.0740874 0.997251 -0.000851782 -0.229569 0.0220654 -0.000785355 0.999756 0.39421 0 0 0 1 
1807261650227;0.75985;0.689818;0.999592 -0.00724016 -0.0276444 -0.049447 0.00873215 0.99849 0.0542374 0.0182615 0.0272099 -0.0544567 0.998145 -0.349184 0 0 0 1 
1807261650228;0.464961;0.678512;0.996212 -0.0728262 -0.0475217 -0.386147 0.0758508 0.994979 0.0652947 -0.450211 0.042528 -0.068652 0.996734 -0.43471 0 0 0 1 
1807261650229;0.961907;0.426649;0.977045 0.0167244 0.212374 -0.0604872 -0.0679248 0.969338 0.236158 0.0697569 -0.201913 -0.245163 0.948223 0.205179 0 0 0 1 
1807261650230;1.24871;0.445945;0.960758 -0.0738686 -0.267372 -0.128842 0.0972143 0.992423 0.0751406 -0.564704 0.259796 -0.0981843 0.960659 -1.61913 0 0 0 1 
1807261650231;0.35278;0.370918;0.979161 -0.0589007 -0.194359 -0.2876 0.0261877 0.985648 -0.166771 -0.332969 0.201392 0.158205 0.96665 0.131223 0 0 0 1 
1807261650232;0.725754;0.754611;0.965277 -0.110834 -0.23655 -0.42224 0.145354 0.980286 0.133831 -0.662786 0.217053 -0.163568 0.962358 -0.742838 0 0 0 1 
1807261650233;0.807473;0.709277;0.99531 0.0215299 0.0943143 -0.0282934 -0.0303833 0.995159 0.0934653 0.122583 -0.0918454 -0.0958925 0.991145 -0.254806 0 0 0 1 
1807261650234;0.330571;0.0989181;0.993485 -0.10967 -0.0309809 -0.409434 0.108713 0.993588 -0.0310704 -0.262496 0.0341898 0.0275 0.999037 0.305916 0 0 0 1 
1807261650235;0.476097;0.323453;0.996869 0.0345637 -0.071118 -0.0559292 -0.020257 0.981022 0.192836 -0.394983 0.0764335 -0.190791 0.97865 -0.236966 0 0 0 1 
1807261650236;0.451212;0.499125;0.915187 -0.0511358 -0.399772 -0.159532 0.015305 0.995612 -0.0923138 -0.213372 0.402738 0.0783659 0.911954 -0.0548287 0 0 0 1 
1807261650237;0.797582;0.392511;0.94745 0.00534213 0.319859 -0.322249 -0.0643169 0.982625 0.174101 -0.424819 -0.313371 -0.185524 0.931332 -0.708862 0 0 0 1 
1807261650238;1.08583;1.16918;0.992583 -0.0958418 -0.0747861 -0.652267 0.0957982 0.995392 -0.00417746 -0.918591 0.0748419 -0.0030179 0.997191 0.78159 0 0 0 1 
1807261650239;1.02135;1.00693;0.962076 0.180504 0.204518 0.0686021 -0.14401 0.97285 -0.181176 -0.3871 -0.231669 0.144853 0.96195 0.0651903 0 0 0 1 
1807261650240;0.859825;0.303575;0.997989 -0.0625279 0.0104298 -0.48164 0.0625627 0.998036 -0.00304321 -0.128469 -0.0102191 0.00368961 0.999941 0.731698 0 0 0 1 
1807261650241;0.991567;0.952971;0.99609 -0.0423608 0.0775245 -0.201094 0.0166153 0.951711 0.306547 -0.341857 -0.0867664 -0.30406 0.948693 -0.625769 0 0 0 1 
1807261650242;0.558163;0.458307;0.981706 0.0223431 -0.189089 0.130459 -0.0024436 0.994488 0.104824 -0.100627 0.190389 -0.102444 0.976349 -0.807629 0 0 0 1 
1807261650243;0.371812;0.441575;0.989466 0.101912 0.102814 0.0798848 -0.136552 0.892865 0.429122 -0.417834 -0.0480662 -0.438641 0.897376 -1.13286 0 0 0 1 
1807261650244;0.711238;0.0913737;0.99319 -0.112957 -0.0285482 -0.4428 0.107555 0.98311 -0.148074 -0.444047 0.0447921 0.143995 0.988564 -0.206069 0 0 0 1 
1807261650245;0.732714;0.473598;0.99034 -0.0571684 -0.126323 -0.251806 0.029338 0.976815 -0.212063 -0.037596 0.135518 0.206309 0.969057 0.0959528 0 0 0 1 
1807261650246;1.2033;0.932261;0.986409 0.0710901 0.148132 -0.33191 -0.0808085 0.994883 0.0606475 -0.288004 -0.143063 -0.0717936 0.987106 0.945479 0 0 0 1 
1807261650248;0.419559;0.634424;0.998191 -0.0596217 0.0077697 -0.803236 0.0597466 0.998069 -0.0169661 -0.58089 -0.00674315 0.0173996 0.999826 0.073414 0 0 0 1 
1807261650249;0.496114;0.570037;0.995783 0.0765863 -0.0504993 -0.505142 -0.0819855 0.989938 -0.115332 -0.603725 0.0411584 0.118986 0.992043 0.691306 0 0 0 1 
1807261650250;0.34812;0.582278;0.995734 0.0265611 -0.0883701 -0.32829 -0.0389233 0.989208 -0.141255 -0.241779 0.0836644 0.144092 0.986021 0.790457 0 0 0 1 
1807261650251;0.451728;0.540802;0.961438 0.261674 -0.0846445 0.333471 -0.269193 0.958414 -0.0947524 -0.228241 0.0563302 0.113884 0.991896 0.658759 0 0 0 1 
1807261650252;0.33029;0.563876;0.892646 -0.25768 -0.369844 -1.62674 0.172836 0.953442 -0.247136 -0.287542 0.416306 0.156682 0.895622 0.810148 0 0 0 1 
1807261650253;0.249687;0.583026;0.997155 -0.065735 0.036894 -1.02146 0.0662214 0.997731 -0.0121165 -0.100388 -0.0360138 0.0145252 0.999246 -0.259034 0 0 0 1 
1807261650254;0.24129;0.670913;0.992018 0.111734 0.0584368 -0.51056 -0.100052 0.979562 -0.17449 -0.0982132 -0.0767391 0.167251 0.982923 0.755834 0 0 0 1 
1807261650255;0.565737;0.473514;0.960189 0.111365 0.256194 -0.236276 -0.00376174 0.922173 -0.38676 -0.582967 -0.279327 0.370399 0.885879 2.05723 0 0 0 1 
1807261650256;0.73595;0.600908;0.894637 0.185067 0.406663 -0.179739 -0.241921 0.965861 0.0926637 0.0406186 -0.375631 -0.181281 0.908867 -1.40161 0 0 0 1 
1807261650257;0.0754684;0.6445;0.999962 -0.00390726 0.00784585 -0.811826 0.00383677 0.999952 0.00898024 -0.083636 -0.00788056 -0.00894979 0.999929 -0.0688522 0 0 0 1 
1807261650258;0.796962;1.02777;0.977817 -0.208334 -0.0216931 -1.81074 0.209147 0.976769 0.0466993 0.198903 0.0114601 -0.0502005 0.998673 -0.00710907 0 0 0 1 
1807261650259;0.200045;0.443493;0.996199 -0.0869021 -0.00591811 -0.821943 0.0870202 0.995917 0.0240245 0.0510889 0.00380617 -0.0244481 0.999694 -0.0414222 0 0 0 1 
1807261650260;0.602384;0.509665;0.971077 -0.136004 -0.196247 -1.24631 0.185782 0.946678 0.263222 -0.21855 0.149983 -0.292068 0.944564 -0.549959 0 0 0 1 
1807261650261;0.61809;0.580933;0.930405 -0.140583 -0.3385 -1.14765 0.14629 0.989203 -0.00873494 -0.16334 0.336074 -0.041392 0.940926 0.460368 0 0 0 1 
