#;prob_registration_l1 -r /home/probabilistic_point_clouds_registration/build/tester /home/point_clouds_registration_benchmark//devel/registration_pairs/plain_local.txt /home/point_clouds_registration_benchmark//eth/plain -s 0.2 -t 0.2 -p 0.3 -r 1000 -m 25 -i 40 
id;initial_error;final_error;transformation
4215528470000;0.567788;0.412015;0.963004 -0.0195425 0.268776 0.326494 0.00371766 0.998236 0.059261 -0.0365123 -0.26946 -0.0560694 0.961378 1.95097 0 0 0 1 
4215528470001;0.547226;0.0819105;0.991893 0.100619 -0.0776174 -0.629704 -0.0609895 0.912778 0.403878 0.807535 0.111485 -0.39587 0.911514 1.06342 0 0 0 1 
4215528470002;0.032832;0.0250746;0.999988 0.00277704 0.00392534 -0.0199958 -0.00278216 0.999995 0.00129779 0.00341989 -0.00392172 -0.00130869 0.999991 0.0166895 0 0 0 1 
4215528470003;0.731607;0.10733;0.995566 -0.0400557 0.0851156 -0.0721928 0.0383677 0.999035 0.0213772 -0.78547 -0.0858897 -0.0180167 0.996142 0.412425 0 0 0 1 
4215528470004;0.518474;0.264829;0.966327 0.0570956 -0.250904 -0.186177 2.31588e-05 0.975053 0.221972 0.00641148 0.257318 -0.214503 0.942219 -0.240533 0 0 0 1 
4215528470005;0.0948906;0.0907374;0.999478 0.0227104 0.0229656 -0.134289 -0.020593 0.995857 -0.0885688 0.155643 -0.0248819 0.0880497 0.995805 -0.300077 0 0 0 1 
4215528470006;0.93827;0.0348175;0.998263 0.0495516 -0.0318704 -0.973418 -0.0574004 0.939901 -0.336587 0.495466 0.0132766 0.337832 0.941113 -1.31252 0 0 0 1 
4215528470007;0.649378;0.481569;0.994883 -0.0175013 -0.0995071 -0.0332831 -0.019054 0.93471 -0.354901 0.549589 0.0992214 0.354981 0.929593 -2.00767 0 0 0 1 
4215528470008;0.524363;0.416684;0.962593 0.0200515 -0.270209 0.19614 -0.0578352 0.98948 -0.132605 0.446307 0.264708 0.143273 0.953626 -2.35081 0 0 0 1 
4215528470009;0.400063;0.395524;0.968406 -0.0381293 0.246448 0.102982 0.0518888 0.997421 -0.0495781 -0.365086 -0.243922 0.0607996 0.967887 1.31472 0 0 0 1 
4215528470010;0.581956;0.333909;0.991388 -0.0978323 -0.0870604 0.565193 0.0707253 0.959466 -0.272806 -0.289944 0.110221 0.264299 0.958122 -2.07894 0 0 0 1 
4215528470011;0.358216;0.139873;0.984187 -0.106648 0.141426 0.496422 0.13558 0.967375 -0.214018 -0.737461 -0.113987 0.229808 0.966538 -0.146208 0 0 0 1 
4215528470012;0.581653;0.38516;0.983735 0.129458 -0.124524 -0.522686 -0.0888378 0.953163 0.289117 0.584038 0.156121 -0.273352 0.94916 -0.10749 0 0 0 1 
4215528470013;0.612837;0.0312622;0.982589 -0.0582587 0.176421 0.150964 0.0564987 0.99829 0.0149874 -0.32793 -0.176993 -0.00475885 0.984201 0.535057 0 0 0 1 
4215528470014;0.871128;0.636956;0.998729 -0.0247413 0.0439206 0.0029894 0.0255562 0.99951 -0.0180919 -0.305491 -0.0434515 0.0191913 0.998871 0.726347 0 0 0 1 
4215528470015;0.0605696;0.0357116;0.999913 -0.000805102 0.0131884 0.0182951 0.00100721 0.999882 -0.0153248 -0.0476538 -0.0131745 0.0153367 0.999796 -0.0133432 0 0 0 1 
4215528470016;0.462589;0.144974;0.973266 0.00327022 0.229657 -0.0581146 0.0448413 0.977952 -0.203959 -0.246461 -0.22526 0.208805 0.951661 0.778298 0 0 0 1 
4215528470017;0.763704;0.294649;0.993106 0.0544501 0.10381 -0.372301 -0.0935389 0.901845 0.421812 0.851269 -0.0706532 -0.428614 0.900721 3.05404 0 0 0 1 
4215528470018;0.320962;0.384269;0.997997 0.00245331 0.0632062 -0.213102 -0.00902068 0.994554 0.103829 -0.0234482 -0.0626073 -0.104192 0.992585 0.753534 0 0 0 1 
4215528470019;0.470754;0.203084;0.90447 0.158424 -0.396026 -0.192949 -0.0988051 0.98103 0.166789 0.595918 0.414937 -0.111726 0.902964 -2.02492 0 0 0 1 
4215528470020;0.901423;0.574281;0.988192 -0.0348395 0.149208 -0.0223238 0.0505791 0.993392 -0.103028 -0.20818 -0.144632 0.109359 0.983424 -0.0291369 0 0 0 1 
4215528470021;0.310289;0.085278;0.999553 -0.0168192 -0.0247062 -0.0635817 0.0192288 0.994724 0.100771 -0.241663 0.022881 -0.101201 0.994603 0.524016 0 0 0 1 
4215528470022;0.501427;0.0846879;0.976231 0.118404 -0.181532 -0.305863 -0.131696 0.989289 -0.0629642 0.700588 0.172132 0.0853745 0.981367 -1.89919 0 0 0 1 
4215528470023;0.509895;0.385296;0.994713 -0.0185473 0.101009 0.104366 0.0333569 0.988579 -0.146967 -0.0746182 -0.09713 0.149559 0.98397 -0.394853 0 0 0 1 
4215528470024;0.756959;0.476854;0.997558 -0.0337407 0.0611603 0.0484336 0.0325383 0.999259 0.0205501 -0.357766 -0.0618084 -0.0185099 0.997916 0.994366 0 0 0 1 
4215528470025;0.187466;0.166449;0.991558 0.12083 -0.0470391 -0.627344 -0.116046 0.988806 0.0937847 0.700685 0.0578446 -0.0875343 0.994481 -0.00967872 0 0 0 1 
4215528470026;0.0729172;0.0501292;0.999623 -0.0274301 -0.00140563 0.0908323 0.0274196 0.9996 -0.00697035 -0.193648 0.00159627 0.00692918 0.999975 -0.111578 0 0 0 1 
4215528470027;0.80863;0.214912;0.997026 0.0237012 -0.0733374 -0.357722 -0.0328319 0.991497 -0.125919 0.0065552 0.0697294 0.127952 0.989326 -0.40635 0 0 0 1 
4215528470028;0.511375;0.477975;0.997004 0.0200103 -0.0747123 -0.20334 -0.00542305 0.981662 0.190552 -0.0817018 0.0771552 -0.189576 0.97883 0.541358 0 0 0 1 
4215528470029;0.874225;0.516913;0.883573 0.0633929 -0.463982 0.701062 -0.0382624 0.997255 0.0633888 0.387574 0.466727 -0.0382555 0.883574 -3.14879 0 0 0 1 
4215528470031;0.986719;0.152728;0.999742 -0.0131576 0.0185255 0.0419732 0.0131139 0.999911 0.00247356 -0.419745 -0.0185564 -0.00222998 0.999825 0.910642 0 0 0 1 
4215528470032;1.06872;0.0990593;0.99835 -0.0484332 0.0308608 0.0642406 0.0573285 0.87236 -0.485491 0.0474698 -0.00340784 0.486459 0.873697 -2.54726 0 0 0 1 
4215528470033;0.525088;0.0430911;0.996679 -0.0811718 0.0065601 0.333982 0.0812881 0.99649 -0.0200134 -0.824322 -0.00491255 0.0204801 0.999778 -0.455071 0 0 0 1 
4215528470034;0.461314;0.0688931;0.998918 0.0447885 0.0125107 -0.326961 -0.0450297 0.998791 0.019715 0.292694 -0.0116125 -0.0202571 0.999727 -0.145315 0 0 0 1 
4215528470035;0.980295;0.167652;0.999787 -0.0205149 0.00239276 -0.570338 0.0205118 0.999789 0.00130648 -0.245944 -0.00241906 -0.00125712 0.999996 0.145043 0 0 0 1 
4215528470036;1.14169;0.574797;0.99715 0.0709413 0.0256666 -0.660653 -0.0752142 0.961238 0.265264 0.513859 -0.0058535 -0.266438 0.963834 2.28551 0 0 0 1 
4215528470037;0.241412;0.139083;0.999938 0.00120205 0.011063 0.057411 -0.000899268 0.999626 -0.0273332 0.04383 -0.0110918 0.0273215 0.999565 0.0187684 0 0 0 1 
4215528470038;0.130156;0.138333;0.998706 0.037152 0.0347303 -0.29855 -0.0374992 0.999252 0.00940008 0.283031 -0.0343551 -0.0106903 0.999353 0.35753 0 0 0 1 
4215528470039;0.797747;0.318167;0.994979 -0.0637806 -0.0771348 0.256448 0.0410514 0.962912 -0.266674 -0.124604 0.0912826 0.262168 0.960695 -1.75129 0 0 0 1 
4215528470040;0.689028;0.722446;0.997676 -0.0179829 -0.0657244 0.0824312 0.0243955 0.994877 0.0981072 -0.30599 0.0636234 -0.0994826 0.993003 -0.388709 0 0 0 1 
4215528470041;0.231676;0.0658703;0.948877 -0.106755 -0.297046 1.39344 0.0662276 0.987457 -0.143324 -0.370514 0.308621 0.116324 0.944045 -3.38252 0 0 0 1 
4215528470042;0.841266;0.742071;0.988811 -0.0444803 0.142385 0.118466 0.029027 0.993637 0.108825 -0.184228 -0.146319 -0.103474 0.983811 1.53652 0 0 0 1 
4215528470043;0.639843;0.619252;0.996083 0.0367838 -0.0804149 -0.129763 -0.0343151 0.998903 0.0318694 0.283616 0.081499 -0.0289851 0.996252 -0.670053 0 0 0 1 
4215528470044;0.994474;0.0927095;0.99991 -0.00551591 0.0121991 0.117345 0.00565415 0.99992 -0.0113267 -0.0386045 -0.0121357 0.0113947 0.999861 -0.79171 0 0 0 1 
4215528470045;0.386524;0.135242;0.994413 0.0146766 0.104539 -0.257491 -0.0622035 0.88157 0.467936 0.663568 -0.0852906 -0.471824 0.877558 3.43518 0 0 0 1 
4215528470046;1.07289;0.555645;0.976758 0.0808989 -0.198494 -0.249394 -0.0686655 0.995335 0.0677701 0.460004 0.20305 -0.0525653 0.977756 -0.796375 0 0 0 1 
4215528470047;0.459821;0.415653;0.993997 -0.0086699 0.10906 -0.0963529 0.00991607 0.999892 -0.0108892 -0.130416 -0.108954 0.0119053 0.993975 0.81369 0 0 0 1 
4215528470048;0.649857;0.42876;0.998575 0.0501993 -0.0181182 -0.432322 -0.0500061 0.998689 0.0109643 0.381659 0.0186448 -0.0100427 0.999776 -0.0233359 0 0 0 1 
4215528470049;0.633618;0.269711;0.997499 -0.0603684 -0.0367645 0.3304 0.0654033 0.985555 0.156219 -0.586843 0.0268028 -0.158233 0.987038 1.08576 0 0 0 1 
4215528470050;0.671958;0.338677;0.997934 0.0351092 -0.0538034 -0.132239 -0.0336642 0.999054 0.0275321 0.28444 0.0547191 -0.025664 0.998172 -0.754401 0 0 0 1 
4215528470051;0.865997;0.723154;0.997288 -0.0183719 -0.0712656 0.226734 0.0048624 0.982673 -0.185284 0.221801 0.0734348 0.184435 0.980098 -2.17709 0 0 0 1 
4215528470052;0.470145;0.408057;0.997888 0.0406124 -0.0506945 -0.177674 -0.042055 0.998731 -0.0277222 0.365926 0.0495043 0.0297956 0.998329 -0.651231 0 0 0 1 
4215528470053;1.01323;0.106571;0.993248 -0.00139107 0.116 0.0585394 0.0127828 0.995152 -0.097519 -0.11831 -0.115301 0.0983434 0.98845 -0.285951 0 0 0 1 
4215528470054;0.877545;0.611742;0.999182 0.012322 -0.0385209 0.0825454 -0.0111798 0.999495 0.0297296 0.11704 0.0388678 -0.0292746 0.998815 -0.702362 0 0 0 1 
4215528470055;0.503431;0.172045;0.997053 -0.0258369 0.0722344 0.0294248 0.0342384 0.99247 -0.117605 0.0760954 -0.0686519 0.119732 0.99043 0.136654 0 0 0 1 
4215528470056;0.338949;0.44305;0.97596 -0.197839 0.0914385 0.885871 0.211783 0.959935 -0.183501 -1.57009 -0.0514715 0.198454 0.978758 -0.763183 0 0 0 1 
4215528470057;0.60477;0.0409233;0.999746 -0.0150698 0.0167761 0.0955736 0.0146155 0.999532 0.0268782 -0.116362 -0.0171733 -0.0266262 0.999498 -0.220882 0 0 0 1 
4215528470058;0.117082;0.0452782;0.995162 -0.0970303 0.0153901 0.560292 0.0973073 0.995084 -0.0183976 -0.858324 -0.0135294 0.0198062 0.999712 -0.0179474 0 0 0 1 
4215528470059;0.289428;0.365871;0.998247 -0.0204744 -0.0555236 0.0620145 0.0143007 0.993896 -0.109392 -0.071664 0.0574244 0.108406 0.992447 -1.20161 0 0 0 1 
4215528470060;0.876862;0.586148;0.963096 0.0839888 -0.255718 0.276956 -0.0611375 0.993497 0.0960486 0.466627 0.262122 -0.07687 0.961968 -2.39558 0 0 0 1 
4215528470062;1.03489;0.876408;0.960812 -0.0987488 0.259014 0.133274 0.16534 0.954138 -0.249564 -1.60919 -0.222491 0.28261 0.933075 2.6863 0 0 0 1 
4215528470063;0.150783;0.249652;0.996767 0.0385183 0.0705111 -0.340965 -0.0450647 0.994576 0.093738 0.552714 -0.0665181 -0.0966125 0.993097 1.24492 0 0 0 1 
4215528470064;1.26892;0.344618;0.979438 0.100969 -0.174661 0.368885 -0.0796925 0.988973 0.124824 0.961068 0.185338 -0.108338 0.976685 -2.97371 0 0 0 1 
4215528470065;0.672821;0.175047;0.99904 -0.0419827 0.0124837 -0.00214006 0.0424681 0.998233 -0.0415654 -0.593515 -0.0107166 0.0420557 0.999058 -0.274056 0 0 0 1 
4215528470066;0.971407;0.181204;0.97514 -0.0538816 0.214941 0.0922675 0.135382 0.91277 -0.385386 -0.954023 -0.175427 0.404904 0.897373 1.77542 0 0 0 1 
4215528470067;0.479383;0.699998;0.998726 -0.0242684 0.0442434 -0.195799 0.030653 0.988229 -0.149881 -0.0866395 -0.0400853 0.151046 0.987714 0.0644481 0 0 0 1 
4215528470068;1.75898;1.50959;0.995619 0.0892662 -0.0278211 -0.164314 -0.0833936 0.982334 0.16753 1.1319 0.0422844 -0.164476 0.985474 -0.306112 0 0 0 1 
4215528470069;1.1695;0.408523;0.996126 -0.0575481 0.0664976 -0.127131 0.0536364 0.996805 0.0591855 -0.772443 -0.0696911 -0.0553895 0.99603 1.80271 0 0 0 1 
4215528470070;0.627154;0.211595;0.999631 -0.0255307 0.00930765 0.0521243 0.025175 0.999016 0.0365105 -0.31817 -0.0102306 -0.0362627 0.99929 -0.0124964 0 0 0 1 
4215528470071;1.13782;0.230488;0.986392 0.0109215 -0.164046 0.757438 0.00277313 0.996544 0.0830203 -0.0224479 0.164386 -0.0823455 0.982953 -2.57421 0 0 0 1 
4215528470072;1.12233;0.548713;0.998859 0.0273013 -0.0391824 -0.313308 -0.0267419 0.999534 0.0147323 0.192491 0.0395664 -0.0136677 0.999123 -0.135626 0 0 0 1 
4215528470073;0.253366;0.0413305;0.957561 -0.0956315 0.271902 0.307883 0.171033 0.947844 -0.268961 -1.65797 -0.231999 0.304051 0.923975 2.4201 0 0 0 1 
4215528470074;0.891847;0.176133;0.926425 0.168758 -0.336536 1.25042 -0.0899208 0.967221 0.237483 0.8142 0.365582 -0.189749 0.911233 -4.79848 0 0 0 1 
4215528470075;0.661748;0.481118;0.998305 0.0215486 0.0540688 -0.352159 -0.0216962 0.999762 0.00214326 0.433912 -0.0540098 -0.00331272 0.998535 1.08579 0 0 0 1 
4215528470076;1.55682;0.172495;0.999905 0.00701694 -0.0119005 -0.101375 -0.007075 0.999963 -0.00484358 0.282573 0.0118661 0.00492731 0.999917 -1.06606 0 0 0 1 
4215528470077;0.434483;0.458547;0.998511 -0.054535 -0.00141089 0.0418133 0.0543496 0.996684 -0.0605586 -0.493734 0.00470877 0.0603917 0.998164 -0.384488 0 0 0 1 
4215528470078;1.12372;1.11199;0.961039 -0.0554584 0.270792 -0.0109631 0.0561314 0.99841 0.00526486 -0.885501 -0.270653 0.0101402 0.962624 3.8864 0 0 0 1 
4215528470079;1.36039;1.12422;0.994266 -0.0104745 0.10642 -0.361026 0.0253615 0.989895 -0.139517 -0.194797 -0.103883 0.141416 0.984485 1.29891 0 0 0 1 
4215528470080;1.57691;0.910144;0.982056 0.120556 -0.145023 0.0018029 -0.0903242 0.975733 0.199464 1.32554 0.16555 -0.182786 0.969114 -1.60997 0 0 0 1 
4215528470081;1.29705;1.28154;0.994512 0.0979284 -0.0368124 -0.523471 -0.0933737 0.989552 0.109854 1.45055 0.0471857 -0.105814 0.993266 -0.321562 0 0 0 1 
4215528470082;0.754436;0.119241;0.995412 -0.0615666 -0.07324 0.498122 0.050953 0.989 -0.13886 -0.684184 0.0809836 0.134491 0.9876 -1.33255 0 0 0 1 
4215528470083;1.36137;0.502297;0.99538 3.70265e-05 0.0960146 -0.432102 0.00654693 0.997646 -0.0682565 0.144701 -0.0957911 0.0685698 0.993037 1.84445 0 0 0 1 
4215528470084;1.66015;0.561573;0.984788 -0.0583721 -0.163661 0.197473 0.048527 0.9968 -0.0635244 -0.486169 0.166845 0.0546161 0.984469 -2.93747 0 0 0 1 
4215528470085;1.13067;0.156323;0.999711 -0.00628526 -0.0232204 -0.201185 0.00825157 0.996297 0.0855796 -0.473231 0.0225966 -0.0857464 0.996061 0.557635 0 0 0 1 
4215528470086;1.1632;1.19973;0.92979 -0.0230156 0.367371 0.214105 0.0123563 0.999432 0.0313411 -0.249706 -0.367884 -0.0246013 0.929546 5.50315 0 0 0 1 
4215528470087;0.757202;0.799787;0.997573 0.00154556 0.0696098 -0.347263 0.00573391 0.994534 -0.104254 0.121285 -0.0693905 0.1044 0.992112 0.841777 0 0 0 1 
4215528470088;1.28516;0.72827;0.999779 -0.0210326 0.000272709 -0.123993 0.0210308 0.999286 -0.0313724 -0.300322 0.00038733 0.0313712 0.999508 0.495988 0 0 0 1 
4215528470089;0.703952;0.50426;0.997983 0.0365702 -0.0518882 -0.257553 -0.034698 0.99873 0.0365359 0.506952 0.0531584 -0.0346618 0.997984 -0.315864 0 0 0 1 
4215528470090;1.03548;0.0812795;0.941397 -0.175155 0.288259 0.532692 0.268115 0.907122 -0.324413 -2.92133 -0.204663 0.382688 0.900923 1.34527 0 0 0 1 
4215528470091;1.49069;1.5641;0.99816 0.0523182 0.0306408 -0.303745 -0.0550461 0.993834 0.0962497 0.67155 -0.0254163 -0.0977593 0.994885 0.734057 0 0 0 1 
4215528470093;0.435815;0.363399;0.999417 -0.0176488 0.0292306 0.0705091 0.0103132 0.972105 0.23432 -0.0842926 -0.0325507 -0.233882 0.97172 0.240333 0 0 0 1 
4215528470094;0.626818;0.0264821;0.999301 0.0356253 0.0112958 -0.0464402 -0.0351682 0.998644 -0.0383727 0.200278 -0.0126475 0.0379486 0.9992 -0.638293 0 0 0 1 
4215528470095;0.64508;0.446422;0.99809 -0.0600392 -0.0145337 0.252112 0.0591144 0.996602 -0.0573649 -0.230177 0.0179284 0.0563962 0.998247 -0.393592 0 0 0 1 
4215528470096;0.715932;0.533861;0.998791 -0.0491415 0.00111773 0.14119 0.0491415 0.997757 -0.0454635 -0.275651 0.00111892 0.0454635 0.998965 -0.347308 0 0 0 1 
4215528470097;0.899584;0.861962;0.998121 -0.0581331 0.019344 0.13597 0.0608052 0.978622 -0.196475 -0.318164 -0.00750877 0.197282 0.980318 0.318372 0 0 0 1 
4215528470098;0.598276;0.348793;0.989765 -0.0439283 0.135774 0.179432 0.0201402 0.984919 0.171842 -0.14462 -0.141275 -0.167349 0.975723 0.109513 0 0 0 1 
4215528470099;0.333474;0.0243263;0.970706 0.0424525 -0.236488 0.118197 0.0579937 0.913767 0.402077 -0.16142 0.233164 -0.404014 0.884538 -0.443602 0 0 0 1 
4215528470100;0.645112;0.0299231;0.999803 -0.0198378 -0.00075018 0.0159899 0.0198332 0.999787 -0.00572872 -0.00403114 0.000863665 0.00571271 0.999983 -0.696151 0 0 0 1 
4215528470101;0.802084;0.0687669;0.999423 -0.00763417 0.0330977 0.706063 0.00961383 0.998148 -0.060072 0.143612 -0.0325778 0.0603556 0.997645 0.363553 0 0 0 1 
4215528470102;0.571321;0.0756055;0.999868 -0.0156268 0.00449737 -0.130773 0.0158138 0.998857 -0.0451005 0.167043 -0.00378745 0.0451657 0.998972 -0.536158 0 0 0 1 
4215528470103;0.118159;0.119207;0.999875 -0.0147652 -0.00572709 0.0137495 0.0147569 0.99989 -0.0014793 -0.0284508 0.0057483 0.0013946 0.999983 -0.0470328 0 0 0 1 
4215528470104;0.483078;0.101652;0.959512 -0.0142618 0.281307 0.197827 -0.0108842 0.996094 0.0876255 -0.192938 -0.281457 -0.0871395 0.955609 1.15866 0 0 0 1 
4215528470105;0.856272;0.737685;0.96322 -0.0147778 0.268306 0.0467765 0.064337 0.982128 -0.176876 -0.237312 -0.260897 0.187633 0.946957 0.61176 0 0 0 1 
4215528470106;0.960069;0.0328424;0.992995 -0.089173 0.0775189 0.682103 0.0857007 0.99521 0.047027 -0.750644 -0.0813411 -0.0400541 0.995881 0.817805 0 0 0 1 
4215528470107;0.403602;0.237044;0.952042 0.0500137 -0.301853 0.21668 -0.0519615 0.998648 0.00157874 0.300625 0.301524 0.0141817 0.953353 -1.01167 0 0 0 1 
4215528470108;0.717513;0.524215;0.999984 -0.00200956 0.0052911 0.178493 0.00230396 0.998415 -0.0562363 -0.10445 -0.00516971 0.0562476 0.998403 0.0707032 0 0 0 1 
4215528470109;0.671253;0.167165;0.999466 -0.0322322 0.00530716 0.0570377 0.0323007 0.999389 -0.0133794 -0.148624 -0.00487266 0.0135437 0.999896 0.606649 0 0 0 1 
4215528470110;0.085073;0.0234272;0.999726 0.0231959 0.00317346 0.00283733 -0.0231716 0.999704 -0.00748192 0.0830547 -0.00334607 0.00740634 0.999967 -0.0793191 0 0 0 1 
4215528470111;0.687198;0.0447229;0.998574 0.00195728 0.053349 -0.0987323 -0.00519369 0.998149 0.0605939 -0.000762267 -0.0531317 -0.0607845 0.996736 0.893525 0 0 0 1 
4215528470112;0.990082;0.200622;0.998784 0.0419725 -0.0258622 -0.0122826 -0.0373051 0.986389 0.160139 0.197212 0.0322317 -0.15898 0.986756 0.948007 0 0 0 1 
4215528470113;0.115928;0.0323066;0.99862 0.0524556 -0.00258888 -0.0670869 -0.0524616 0.99862 -0.00233114 0.196329 0.00246303 0.00246374 0.999994 -0.0304063 0 0 0 1 
4215528470114;0.310906;0.0657023;0.999999 -0.00131785 0.000909362 -0.124162 0.00132224 0.999987 -0.00484952 0.00127908 -0.000902959 0.00485071 0.999988 -0.279998 0 0 0 1 
4215528470115;0.363564;0.227041;0.999802 0.0148358 0.0132356 0.150838 -0.0137388 0.996745 -0.0794377 0.035801 -0.014371 0.0792401 0.996752 -0.0412188 0 0 0 1 
4215528470116;0.348278;0.276876;0.920688 -0.081496 0.381696 0.361256 0.0316906 0.990338 0.135007 -0.0790713 -0.38901 -0.112203 0.914375 0.979999 0 0 0 1 
4215528470117;0.290367;0.364131;0.997604 0.00737223 -0.0687935 0.111982 -0.0134091 0.996056 -0.0877087 0.102404 0.0678756 0.088421 0.993768 -0.152865 0 0 0 1 
4215528470118;0.65787;0.318862;0.998997 -0.0012674 0.0447575 0.268587 0.00477694 0.996911 -0.0783929 -0.139634 -0.0445199 0.0785281 0.995917 -0.35525 0 0 0 1 
4215528470119;0.205525;0.0273536;0.992513 -0.0812877 0.091166 0.0850561 0.0908378 0.990205 -0.106028 -0.109735 -0.0816543 0.113516 0.990175 0.210631 0 0 0 1 
4215528470120;0.310799;0.062853;0.99248 -0.0352967 -0.117209 0.0962403 0.0725819 0.94073 0.331299 -0.284239 0.0985687 -0.337315 0.936217 -0.0403376 0 0 0 1 
4215528470121;0.660347;0.0637301;0.939101 -0.0357584 0.341775 0.296695 0.152921 0.934154 -0.322446 -0.522236 -0.307741 0.355074 0.882733 1.19113 0 0 0 1 
4215528470122;0.789381;0.472812;0.98394 0.00621484 0.178392 -0.0285862 -0.0287971 0.991829 0.12428 0.0340884 -0.176162 -0.127421 0.976079 -0.00293921 0 0 0 1 
4215528470124;0.80876;0.526395;0.947139 0.0113502 0.320624 0.144791 0.0439189 0.985379 -0.164621 0.0197662 -0.317805 0.170001 0.932792 0.732759 0 0 0 1 
4215528470125;0.139303;0.0634183;0.991543 -0.0373699 -0.124281 0.120882 0.0205826 0.990807 -0.133711 -0.0877215 0.128136 0.130023 0.983197 -0.865105 0 0 0 1 
4215528470126;0.0966618;0.162002;0.998056 -0.0120603 -0.06115 -0.047515 0.0128015 0.999849 0.0117429 0.00871174 0.0609991 -0.0125029 0.99806 -0.270341 0 0 0 1 
4215528470127;0.789796;0.0778227;0.999834 -0.0177561 0.00416179 -0.263477 0.0177573 0.999842 -0.000271889 0.0265157 -0.0041563 0.000345746 0.999991 0.664704 0 0 0 1 
4215528470128;0.207096;0.0443455;0.998663 0.0437994 0.0274728 -0.15746 -0.0437055 0.999036 -0.00400989 0.212735 -0.027622 0.00280382 0.999615 -0.0860616 0 0 0 1 
4215528470129;0.938911;0.161962;0.999915 0.00993337 0.00850088 -0.157434 -0.00992295 0.99995 -0.00126699 0.190527 -0.00851304 0.00118253 0.999963 0.870452 0 0 0 1 
4215528470130;0.991785;0.671591;0.986123 0.0335415 -0.162594 -0.26449 -0.0121955 0.991367 0.130544 -0.0351189 0.165569 -0.12675 0.978019 -0.134188 0 0 0 1 
4215528470131;0.387282;0.266434;0.999941 -0.00972056 0.0047943 -0.106393 0.00974724 0.999937 -0.00557361 0.0106281 -0.00473982 0.00562001 0.999973 -0.106702 0 0 0 1 
4215528470132;0.92999;0.427455;0.999566 -0.0208632 0.020774 0.0549404 0.0217156 0.998895 -0.0416885 -0.0469838 -0.0198813 0.0421216 0.998915 -0.802341 0 0 0 1 
4215528470133;0.555582;0.462234;0.99984 0.00640003 0.0166791 0.0300065 -0.0025618 0.975342 -0.220684 0.0780459 -0.0176802 0.220606 0.975203 -0.622813 0 0 0 1 
4215528470134;0.99593;0.712857;0.966381 0.0115216 0.256858 -0.0643959 -0.0326395 0.996411 0.0781053 0.128796 -0.255036 -0.0838632 0.963288 0.474166 0 0 0 1 
4215528470135;1.17319;0.906855;0.988626 -0.0385068 0.14538 -0.0118736 0.0920625 0.919337 -0.382548 -0.415531 -0.118922 0.391581 0.912426 0.272805 0 0 0 1 
4215528470136;0.830588;0.7181;0.998507 -0.0104233 0.0536252 -0.0475633 -0.0059851 0.954847 0.297039 -0.00534328 -0.0543 -0.296916 0.953358 0.934282 0 0 0 1 
4215528470137;0.395265;0.266609;0.988676 -0.050532 0.141301 -0.0304011 -0.0145827 0.904791 0.425606 0.228009 -0.149354 -0.422847 0.893809 1.75838 0 0 0 1 
4215528470138;1.02893;0.842694;0.994477 0.0697573 -0.0784127 0.00928851 -0.0593514 0.989998 0.127989 0.337498 0.0865565 -0.122628 0.988671 -0.405164 0 0 0 1 
4215528470139;0.649753;0.283543;0.98823 -0.0702809 -0.135877 -0.0812378 0.0391862 0.974882 -0.219247 -0.226557 0.147873 0.211342 0.966162 -0.717654 0 0 0 1 
4215528470140;0.360307;0.0620877;0.900675 -0.0528291 0.431269 0.478051 0.0880499 0.994178 -0.0621025 -0.39694 -0.425477 0.0939074 0.900084 1.7705 0 0 0 1 
4215528470141;0.657293;0.126846;0.998038 0.0145817 -0.060893 -0.525236 -0.0157853 0.999689 -0.0193317 0.0333472 0.0605921 0.020255 0.997957 -0.415113 0 0 0 1 
4215528470142;0.724166;0.546455;0.999771 0.0209727 0.00434394 -0.13672 -0.0207834 0.998991 -0.0398074 -0.0224758 -0.00517443 0.039708 0.999198 0.241822 0 0 0 1 
4215528470143;0.681426;0.117358;0.944163 0.107855 -0.311325 -0.306561 -0.0300222 0.969135 0.244697 0.279108 0.328108 -0.221687 0.918259 -1.22599 0 0 0 1 
4215528470144;0.404104;0.198182;0.999943 0.00989419 -0.00404566 -0.201642 -0.00970178 0.998936 0.045093 0.184066 0.00448751 -0.0450512 0.998975 -0.00727651 0 0 0 1 
4215528470145;0.189223;0.0550934;0.998108 -0.047229 -0.0393688 0.0749232 0.0340462 0.957701 -0.285745 -0.00410892 0.051199 0.283864 0.957497 -0.889361 0 0 0 1 
4215528470146;0.235131;0.0639905;0.992499 0.0277086 0.119069 -0.129968 -0.0265997 0.999587 -0.0108925 0.0725066 -0.119322 0.00764362 0.992826 0.608944 0 0 0 1 
4215528470147;0.605051;0.125163;0.999427 0.00326166 -0.0336943 -0.383837 -0.00325459 0.999995 0.000264567 -0.111281 0.033695 -0.000154754 0.999432 -0.43326 0 0 0 1 
4215528470148;0.594371;0.292447;0.909072 -0.0576023 0.412638 0.400235 0.007711 0.992553 0.121568 -0.125655 -0.416568 -0.107332 0.902746 2.45291 0 0 0 1 
4215528470149;0.787506;0.276931;0.999893 -0.00226312 0.0144705 0.217883 0.00213824 0.99996 0.00863925 -0.454448 -0.0144895 -0.00860738 0.999858 0.0386831 0 0 0 1 
4215528470150;0.616542;0.246463;0.985169 0.0240259 0.169899 -0.0331209 -0.0264542 0.999577 0.0120435 0.0410338 -0.169537 -0.0163594 0.985388 1.26746 0 0 0 1 
4215528470151;0.660847;0.600333;0.999439 -0.0287551 0.0171646 0.0449439 0.0300958 0.99603 -0.0837727 0.0102563 -0.0146876 0.0842423 0.996337 -0.441067 0 0 0 1 
4215528470152;0.936036;0.276344;0.993721 0.0358089 0.106 -0.199872 -0.0405032 0.998276 0.0424684 0.116794 -0.104297 -0.0464951 0.993459 -0.332441 0 0 0 1 
4215528470153;0.43556;0.463537;0.993936 -0.0311045 -0.105464 -0.0446521 0.0148354 0.98832 -0.15167 -0.0324246 0.10895 0.149186 0.982789 -0.875599 0 0 0 1 
4215528470155;0.767559;0.0739789;0.979436 0.201667 0.00587462 -0.328171 -0.201481 0.976193 0.080328 1.45177 0.0104648 -0.0798598 0.996751 -0.201107 0 0 0 1 
4215528470156;0.534127;0.0726724;0.955969 0.0958127 -0.277387 0.115976 -0.067636 0.991689 0.109444 0.226543 0.285568 -0.085864 0.954504 -1.38901 0 0 0 1 
4215528470157;0.770434;0.369087;0.991123 0.0294927 0.129633 -0.0944178 -0.0232851 0.99852 -0.0491435 0.0564198 -0.130891 0.0456887 0.990343 1.13287 0 0 0 1 
4215528470158;0.945303;0.590341;0.98466 0.0775983 -0.156278 -0.0213327 -0.0510165 0.984562 0.167435 0.293874 0.166858 -0.156894 0.973418 -1.10207 0 0 0 1 
4215528470159;0.28795;0.181604;0.99935 -0.0152622 -0.0326579 -0.0303286 0.0144812 0.999607 -0.0240181 -0.0060984 0.0330116 0.0235296 0.999178 0.104981 0 0 0 1 
4215528470160;0.771203;0.468056;0.998679 -0.0127456 -0.0497852 -0.172058 0.0111613 0.999426 -0.0319731 0.0591407 0.0501641 0.0313752 0.998248 -0.839069 0 0 0 1 
4215528470161;0.233784;0.16163;0.991567 0.0391382 0.123548 -0.087727 -0.0394856 0.99922 0.000363983 0.127498 -0.123437 -0.00523926 0.992339 0.341764 0 0 0 1 
4215528470162;0.571431;0.148919;0.996568 0.0283344 0.0777782 -0.577428 -0.04083 0.985598 0.164101 0.19944 -0.0720083 -0.166713 0.983372 0.659513 0 0 0 1 
4215528470163;0.611739;0.141029;0.998516 -0.0304797 0.0451305 -0.173306 0.0317118 0.999137 -0.0268411 0.014006 -0.0442734 0.0282324 0.99862 0.784837 0 0 0 1 
4215528470164;0.552648;0.42024;0.999011 -0.0214075 0.0389712 0.10552 0.0227826 0.999121 -0.0351887 -0.22525 -0.0381836 0.0360418 0.998621 0.160486 0 0 0 1 
4215528470165;0.294545;0.0484229;0.998809 0.0308292 -0.037806 -0.103896 -0.0300298 0.999317 0.0215341 0.384098 0.0384441 -0.0203732 0.999053 -0.222128 0 0 0 1 
4215528470166;0.624564;0.533936;0.999309 -0.00148922 0.0371293 0.138031 0.00287039 0.999305 -0.0371732 -0.0490207 -0.0370481 0.0372541 0.998619 -0.208726 0 0 0 1 
4215528470167;0.723593;0.0375762;0.996688 0.0813204 -0.000176251 -0.308089 -0.0811432 0.994367 -0.0681858 0.441461 -0.00536964 0.0679742 0.997673 0.795234 0 0 0 1 
4215528470168;0.682452;0.396425;0.924811 0.112822 -0.363311 -0.198765 -0.0839296 0.991989 0.0944072 0.280344 0.371052 -0.0568163 0.926872 -0.49161 0 0 0 1 
4215528470169;0.452691;0.112298;0.995197 0.066909 -0.0714579 -0.0874176 -0.0585592 0.99185 0.113155 0.294689 0.0784466 -0.108427 0.991004 -0.615226 0 0 0 1 
4215528470170;0.927037;0.0598384;0.973862 0.186418 -0.129777 -0.553884 -0.116582 0.900572 0.418782 1.02807 0.194942 -0.392706 0.898766 -0.803078 0 0 0 1 
4215528470171;0.544194;0.336209;0.910166 0.00331828 -0.41423 0.403775 -0.0979941 0.97331 -0.207521 0.458342 0.402485 0.22947 0.886199 -1.76023 0 0 0 1 
4215528470172;0.700934;0.427664;0.903501 0.0389824 0.426809 0.1783 -0.02027 0.998627 -0.0483001 -0.0606671 -0.428106 0.0349878 0.903051 1.72933 0 0 0 1 
4215528470173;0.534414;0.219163;0.976782 0.122252 -0.175932 -0.0334388 -0.125937 0.991989 -0.0098971 0.511006 0.173313 0.0318237 0.984353 -1.12077 0 0 0 1 
4215528470174;0.297039;0.0322466;0.997001 0.0731201 0.0253617 -0.142944 -0.0764087 0.982076 0.172306 0.24879 -0.0123081 -0.173727 0.984717 -0.0913966 0 0 0 1 
4215528470175;0.347703;0.179674;0.990984 0.0500368 0.124285 -0.0733712 -0.0953399 0.91511 0.39177 0.341933 -0.0941315 -0.400088 0.91163 0.555618 0 0 0 1 
4215528470176;0.75672;0.530942;0.950419 -0.0113045 0.310766 0.00558424 0.0758156 0.977607 -0.196306 -0.00364449 -0.301588 0.210134 0.929994 0.443083 0 0 0 1 
4215528470177;0.756848;0.110126;0.990063 0.14057 -0.00388602 -0.0390577 -0.133109 0.94571 0.296505 0.540839 0.0453548 -0.293042 0.955023 -0.667947 0 0 0 1 
4215528470178;0.523311;0.455102;0.983443 -0.0307239 -0.178593 0.0552296 0.0158231 0.996318 -0.0842675 -0.023318 0.180525 0.0800464 0.980308 -0.887687 0 0 0 1 
4215528470179;0.41696;0.283505;0.958518 0.123087 -0.257085 -0.111527 -0.0558199 0.965549 0.254165 0.406803 0.279513 -0.229271 0.932367 -0.727193 0 0 0 1 
4215528470180;0.591922;0.259047;0.992006 0.0638218 -0.108858 -0.0631722 -0.0602083 0.99753 0.0361682 0.282126 0.110897 -0.029325 0.993399 -0.856492 0 0 0 1 
4215528470181;0.100371;0.0554035;0.997047 0.0734343 -0.0224823 -0.0751241 -0.0701669 0.990043 0.122029 0.309879 0.0312195 -0.120091 0.992272 0.0161399 0 0 0 1 
4215528470182;0.852078;0.37463;0.991808 0.00196153 -0.127723 0.0695819 0.00295215 0.999263 0.0382707 0.0280623 0.127704 -0.0383342 0.991071 -1.31963 0 0 0 1 
4215528470183;0.165427;0.0444742;0.998997 -0.00736299 0.0441673 0.0690703 0.0121512 0.993952 -0.109143 -0.0454992 -0.0430965 0.10957 0.993044 0.134393 0 0 0 1 
4215528470184;0.841318;0.271556;0.880088 -0.0149934 -0.474575 0.478737 -0.0315044 0.995455 -0.0898738 0.430408 0.473765 0.094048 0.875615 -2.41431 0 0 0 1 
4215528470186;0.933251;0.550123;0.999861 0.00586586 0.0155927 -0.0155311 -0.00734497 0.9953 0.0965617 -0.000330361 -0.014953 -0.0966628 0.995205 -0.563489 0 0 0 1 
4215528470187;0.872934;0.41551;0.961221 -0.0714498 -0.266361 0.230448 0.00359136 0.969016 -0.246973 0.236403 0.275754 0.236439 0.931695 -2.31849 0 0 0 1 
4215528470188;0.636802;0.212524;0.999766 0.0178172 -0.0122958 -0.262574 -0.0196876 0.984517 -0.17418 -0.0122156 0.00900207 0.174381 0.984637 0.0137076 0 0 0 1 
4215528470189;0.616608;0.386871;0.920906 0.021717 0.38918 0.27303 0.0239314 0.993413 -0.112063 -0.0961987 -0.38905 0.112513 0.91432 1.71854 0 0 0 1 
4215528470190;0.721491;0.0584575;0.997437 0.0689434 0.0191497 -0.477825 -0.0686258 0.997501 -0.0167753 0.121677 -0.0202584 0.0154181 0.999676 -0.524608 0 0 0 1 
4215528470191;0.988569;0.3495;0.998797 0.0489022 0.00358536 -0.281834 -0.0490219 0.994299 0.0946961 0.220756 0.00106593 -0.0947579 0.9955 1.00209 0 0 0 1 
4215528470192;0.483071;0.425258;0.996121 0.0262977 0.0839766 -0.119138 -0.0187174 0.995783 -0.0898111 0.0276128 -0.0859843 0.0878909 0.992412 0.237758 0 0 0 1 
4215528470193;1.00219;0.776663;0.993399 -0.00611668 0.114543 0.0510692 -0.00230634 0.99731 0.0732594 -0.0795803 -0.114683 -0.07304 0.990713 1.15871 0 0 0 1 
4215528470194;0.574823;0.473893;0.970775 -0.0238127 -0.238808 0.280068 -0.046549 0.957485 -0.284701 0.388122 0.235434 0.287497 0.928394 -1.82291 0 0 0 1 
4215528470195;0.262201;0.200589;0.999016 0.0411368 -0.0165586 -0.168533 -0.0403892 0.99825 0.0432009 0.171977 0.0183068 -0.0424896 0.998929 0.0778322 0 0 0 1 
4215528470196;0.705585;0.0631029;0.996634 0.074306 0.0346301 -0.186413 -0.077231 0.992702 0.0926183 0.562632 -0.0274953 -0.094981 0.995099 0.928672 0 0 0 1 
4215528470197;0.958351;0.578861;0.973207 -0.0107805 -0.229679 -0.131553 -0.00411774 0.997923 -0.0642877 -0.00441628 0.229895 0.063511 0.971141 -0.489305 0 0 0 1 
4215528470198;0.657229;0.390121;0.991754 0.0285733 -0.124927 0.175512 -0.0219292 0.998287 0.0542394 0.223575 0.126263 -0.0510526 0.990682 -0.626557 0 0 0 1 
4215528470199;0.280312;0.0712029;0.956097 0.00748519 0.292954 0.166453 -0.0777885 0.970294 0.229082 0.506509 -0.282537 -0.241813 0.928278 1.58497 0 0 0 1 
4215528470200;0.717676;0.507043;0.978034 0.0731154 -0.195199 -0.325592 -0.05352 0.993153 0.103844 0.198349 0.201455 -0.0911164 0.97525 -0.4715 0 0 0 1 
4215528470201;0.269494;0.0852584;0.998478 -0.0249679 0.049178 -0.0523859 0.0259132 0.99949 -0.0186792 0.0303159 -0.0486865 0.0199251 0.998615 0.287948 0 0 0 1 
4215528470202;0.839096;0.4953;0.955768 -0.0380804 0.291646 0.015999 0.0190996 0.997526 0.0676553 -0.114523 -0.293501 -0.0590924 0.954131 0.68034 0 0 0 1 
4215528470203;0.446878;0.404306;0.998851 0.0466172 -0.011148 -0.183779 -0.0464993 0.998862 0.0106138 0.182557 0.0116301 -0.0100832 0.999882 0.000712935 0 0 0 1 
4215528470204;0.245546;0.28914;0.999884 -0.0130182 -0.00786306 -0.0855172 0.0128315 0.999645 -0.0233418 0.0372481 0.00816414 0.0232382 0.999697 -0.0840388 0 0 0 1 
4215528470205;0.862633;0.0346731;0.999558 0.029554 -0.00328277 -0.151649 -0.0295469 0.999561 0.00218556 -0.0321396 0.00334592 -0.0020876 0.999992 0.833916 0 0 0 1 
4215528470206;0.412937;0.221679;0.998029 0.0576487 -0.0248121 -0.198261 -0.0478607 0.954818 0.293312 0.112778 0.0406001 -0.291546 0.955695 0.248919 0 0 0 1 
4215528470207;0.79837;0.105098;0.997923 0.0615886 -0.0188642 0.265647 -0.0466237 0.892723 0.448186 0.0667281 0.0444436 -0.446376 0.893741 0.287545 0 0 0 1 
4215528470208;0.797346;0.365613;0.998474 -0.0033909 0.0551187 -0.212332 -0.00940726 0.97308 0.230276 0.153384 -0.0544158 -0.230443 0.971563 1.38647 0 0 0 1 
4215528470209;0.744174;0.120549;0.999667 0.0189755 -0.0174988 -0.161729 -0.0193421 0.999592 -0.0210223 0.239132 0.0170927 0.0213538 0.999626 0.562273 0 0 0 1 
4215528470210;0.00963021;0.0213361;0.999974 -0.000483073 0.00724626 -0.018243 0.000493169 0.999999 -0.00139143 -0.0086881 -0.00724558 0.00139497 0.999973 0.00992546 0 0 0 1 
4215528470211;0.575999;0.224498;0.993719 0.0441444 -0.102826 0.0193995 -0.0405008 0.998485 0.0372574 0.173003 0.104315 -0.0328589 0.994001 -0.874907 0 0 0 1 
4215528470212;0.0961837;0.0064743;0.999212 -0.0386193 -0.00920379 0.0935629 0.0370648 0.990518 -0.132292 -0.112052 0.0142255 0.131846 0.991168 -0.285682 0 0 0 1 
4215528470213;0.289621;0.200297;0.968201 -0.0290501 -0.24848 0.106342 -0.0504439 0.950165 -0.307639 0.2488 0.245034 0.310391 0.918486 -1.65584 0 0 0 1 
4215528470214;0.573067;0.186866;0.999272 -0.0109392 -0.0365543 0.100366 0.0127707 0.998655 0.0502519 -0.0231622 0.0359554 -0.0506821 0.998067 -0.579292 0 0 0 1 
4215528470215;0.890995;0.379051;0.999782 -0.0208401 0.00140086 0.0344966 0.0208558 0.999706 -0.012359 0.00744492 -0.00114288 0.0123856 0.999923 -0.840179 0 0 0 1 
4215528470217;1.22438;0.169941;0.999791 0.0118934 -0.0166369 0.271224 -0.012269 0.999668 -0.0226641 0.245844 0.0163618 0.0228635 0.999605 -0.983764 0 0 0 1 
4215528470218;0.463441;0.687385;0.999208 -0.0267682 -0.0294515 0.0172433 0.0205384 0.980683 -0.194524 0.0536205 0.0340897 0.193765 0.980456 -1.43048 0 0 0 1 
4215528470219;1.25639;0.2279;0.995625 -0.0457006 -0.0815013 0.134156 0.0682937 0.951205 0.300907 -1.22702 0.0637728 -0.305157 0.950164 0.427706 0 0 0 1 
4215528470220;0.864498;0.0613391;0.987778 0.0453785 0.149112 -0.357643 -0.103529 0.90617 0.410046 0.705608 -0.116514 -0.420472 0.899793 3.24407 0 0 0 1 
4215528470221;0.77456;0.816472;0.977566 0.00278022 0.210612 -0.153344 -0.00510048 0.999932 0.0104743 -0.0602364 -0.210569 -0.0113136 0.977514 2.18058 0 0 0 1 
4215528470222;0.34545;0.486013;0.983629 -0.177995 0.0281439 0.728745 0.177473 0.98392 0.0201197 -1.85038 -0.0312726 -0.0147956 0.999401 0.2491 0 0 0 1 
4215528470223;0.822643;0.524689;0.990514 -0.112306 -0.0791815 0.792889 0.103236 0.988489 -0.110595 -0.769454 0.0906905 0.101372 0.990706 -1.90875 0 0 0 1 
4215528470224;0.61224;0.286772;0.998408 -0.0174304 0.0536409 0.134904 0.0255536 0.987631 -0.154698 -0.0347173 -0.050281 0.155822 0.986505 -0.0615402 0 0 0 1 
4215528470225;0.96443;0.116727;0.99869 0.0384328 0.033793 -0.437987 -0.0378712 0.999136 -0.0171072 0.884353 -0.0344212 0.015805 0.999282 0.0179859 0 0 0 1 
4215528470226;1.60186;0.453419;0.999678 0.02472 -0.00564648 -0.520262 -0.0205042 0.91908 0.393536 0.281632 0.0149178 -0.393294 0.919292 2.82948 0 0 0 1 
4215528470227;0.62327;0.0431265;0.990186 0.0742254 0.118413 -0.531012 -0.0643199 0.994269 -0.085391 0.893716 -0.124072 0.0769367 0.989286 0.551037 0 0 0 1 
4215528470228;0.76285;0.763758;0.968561 -0.0268852 -0.247319 0.668309 0.0505472 0.994674 0.0898272 -0.528742 0.243587 -0.0995044 0.964761 -2.01115 0 0 0 1 
4215528470229;0.828483;0.0780293;0.934763 0.0122901 -0.35506 0.725 -0.03522 0.997684 -0.0581894 0.638018 0.353522 0.0668985 0.933031 -4.10356 0 0 0 1 
4215528470230;1.52282;1.09986;0.999983 0.00367096 -0.0045307 -0.226933 -0.00358589 0.99982 0.0186435 0.170954 0.00459832 -0.0186269 0.999816 -0.0522827 0 0 0 1 
4215528470231;1.36079;1.19128;0.953618 0.0538734 -0.29616 0.733775 -0.0472368 0.998447 0.0295242 0.544012 0.297291 -0.0141652 0.954682 -3.16617 0 0 0 1 
4215528470232;1.01124;0.0712895;0.990323 0.0825326 0.111571 -0.705083 -0.0873703 0.995405 0.0391818 0.601718 -0.107825 -0.0485506 0.992984 0.863658 0 0 0 1 
4215528470233;0.360528;0.123658;0.999754 -0.0207296 -0.00787697 0.0929538 0.0208256 0.999707 0.0123154 -0.385941 0.00761937 -0.0124764 0.999893 0.106718 0 0 0 1 
4215528470234;0.247697;0.0422952;0.999979 0.00430327 0.00486234 -0.151914 -0.00430509 0.999991 0.00036472 0.0284828 -0.00486073 -0.000385645 0.999988 -0.0173979 0 0 0 1 
4215528470235;1.12906;1.13946;0.974821 -0.15639 -0.158953 1.19268 0.120246 0.96898 -0.215913 -0.771589 0.187789 0.191363 0.963388 -3.09749 0 0 0 1 
4215528470236;0.421865;0.311492;0.983769 0.172619 -0.0490058 -0.719676 -0.15043 0.942258 0.299201 1.51762 0.0978238 -0.286973 0.952931 0.441218 0 0 0 1 
4215528470237;1.6174;1.18532;0.999681 0.0195436 -0.0159839 -0.329277 -0.0194064 0.999774 0.00868865 0.0372522 0.0161501 -0.00837569 0.999834 0.553433 0 0 0 1 
4215528470238;1.42655;0.0444612;0.972157 -0.105303 0.209339 0.253942 0.132301 0.983989 -0.119426 -1.63369 -0.193411 0.143797 0.970523 2.02662 0 0 0 1 
4215528470239;1.23487;0.600183;0.992243 0.0336161 -0.119679 -0.310058 -0.0289421 0.998757 0.0405812 0.236217 0.120895 -0.0368026 0.991983 -0.482059 0 0 0 1 
4215528470240;1.31981;0.447909;0.985112 -0.16183 0.0580086 0.504132 0.162836 0.986567 -0.0130362 -1.75599 -0.0551197 0.022288 0.998231 1.11215 0 0 0 1 
4215528470241;0.144224;0.127484;0.994383 -0.0500552 0.0932575 0.111026 0.056298 0.996259 -0.0655589 -0.515226 -0.0896271 0.0704409 0.993481 0.497486 0 0 0 1 
4215528470242;0.341886;0.167992;0.99388 -0.0926394 0.0601712 0.37207 0.0989847 0.988672 -0.112826 -0.92544 -0.0490374 0.118092 0.991791 -0.240693 0 0 0 1 
4215528470243;0.806737;0.165336;0.996485 -0.0742591 0.0387791 0.147869 0.0765606 0.995155 -0.0616881 -0.31478 -0.0340103 0.0644402 0.997342 -0.111922 0 0 0 1 
4215528470244;0.044198;0.110191;0.999401 0.0342654 0.00489244 -0.239469 -0.0342672 0.999413 0.000276909 0.373906 -0.00488008 -0.000444393 0.999988 0.0090905 0 0 0 1 
4215528470245;1.65415;0.560017;0.999847 0.0175037 -0.00071075 -0.0378168 -0.0175087 0.997152 -0.0733591 0.581044 -0.000575331 0.0733603 0.997305 -1.26326 0 0 0 1 
4215528470246;0.359411;0.636921;0.962625 -0.255743 0.0891551 1.22658 0.258366 0.965859 -0.0190453 -2.54163 -0.0812406 0.0413681 0.995836 0.530911 0 0 0 1 
4215528470248;1.05013;0.903559;0.992269 0.0190829 -0.122627 -0.23997 -0.0233329 0.999172 -0.0333155 0.257319 0.121889 0.0359192 0.991894 -0.631735 0 0 0 1 
4215528470249;0.429566;0.0332268;0.975954 -0.0507124 0.211997 0.256927 -0.0116354 0.959055 0.282982 0.0374546 -0.217668 -0.278644 0.935403 2.73391 0 0 0 1 
4215528470250;0.0803374;0.0785364;0.998373 0.0554112 -0.013487 -0.272838 -0.0542643 0.995766 0.0741948 0.274131 0.0175412 -0.0733422 0.997153 0.156253 0 0 0 1 
4215528470251;0.907231;0.637968;0.994295 -0.00100742 0.106656 -0.228006 -0.00727758 0.996984 0.0772617 0.127502 -0.106413 -0.0775971 0.99129 0.714053 0 0 0 1 
4215528470252;0.54782;0.0399511;0.999788 0.0156456 -0.0133927 0.0335891 -0.0153187 0.99959 0.024171 0.0153158 0.0137654 -0.0239608 0.999618 -0.519157 0 0 0 1 
4215528470253;0.780027;0.674325;0.972041 0.0347015 -0.232235 0.161584 -0.0305192 0.999301 0.0215786 0.239278 0.232821 -0.0138876 0.97242 -1.41011 0 0 0 1 
4215528470254;0.503441;0.114573;0.975785 0.0200901 0.217806 -0.105175 -0.0579722 0.983916 0.168964 0.184922 -0.210909 -0.177499 0.961255 1.5041 0 0 0 1 
4215528470255;0.683372;0.303696;0.997378 0.00402598 0.0722598 -0.153478 0.00262039 0.995788 -0.091649 -0.214166 -0.0723244 0.091598 0.993166 0.367451 0 0 0 1 
4215528470256;0.928983;0.325385;0.996228 0.0657417 -0.0566462 -0.45885 -0.0639367 0.997405 0.0331101 0.491808 0.0586759 -0.0293634 0.997845 0.433315 0 0 0 1 
4215528470257;0.749547;0.254709;0.994999 -0.0390158 -0.0919448 0.296829 0.0213818 0.982414 -0.185488 0.0964854 0.0975648 0.182595 0.978335 -1.92039 0 0 0 1 
4215528470258;0.0650151;0.0643239;0.999673 -0.0249666 0.00543855 0.0687274 0.0249752 0.999687 -0.0015204 -0.176469 -0.00539889 0.00165573 0.999984 -0.0298052 0 0 0 1 
