#;prob_registration_l1 -r /home/probabilistic_point_clouds_registration/build/tester /home/point_clouds_registration_benchmark//devel/registration_pairs/planetary_map_local.txt /home/point_clouds_registration_benchmark//planetary/p2at_met -s 0.2 -t 0.2 -p 0.3 -r 1000 -m 25 -i 40 
id;initial_error;final_error;transformation
25528382210000;2.8561;0.971313;0.998265 -0.0588094 -0.00306957 -3.17206 0.058866 0.997981 0.0238681 -1.40233 0.0016597 -0.0240074 0.99971 0.956603 0 0 0 1 
25528382210001;2.11331;1.47628;0.999882 -0.0137726 -0.00683358 -0.825363 0.0147263 0.985633 0.168255 -1.12616 0.00441809 -0.168336 0.98572 -9.15832 0 0 0 1 
25528382210002;1.70145;1.39123;0.976121 0.0204296 0.216264 1.70227 0.0362436 0.966296 -0.25487 -2.44169 -0.214182 0.256622 0.942481 14.2493 0 0 0 1 
25528382210003;1.37022;0.411763;0.999999 0.0012797 -0.000653389 -0.308741 -0.00127438 0.999967 0.00808381 0.0470786 0.000663712 -0.00808297 0.999967 0.675036 0 0 0 1 
25528382210004;1.75339;1.32287;0.966844 -0.040911 0.252069 -1.72406 0.00909089 0.991972 0.126129 -0.223292 -0.255205 -0.119655 0.959454 -5.53872 0 0 0 1 
25528382210005;0.735848;0.433901;0.99514 0.00715783 0.0982118 0.589774 0.0235562 0.951094 -0.308002 -3.03434 -0.0956132 0.308819 0.946303 16.4137 0 0 0 1 
25528382210006;1.57164;0.506476;0.997086 -0.0260668 -0.0716871 -1.54292 0.0251432 0.999589 -0.0137563 -0.22219 0.0720163 0.0119138 0.997332 -1.43993 0 0 0 1 
25528382210007;1.73822;1.36238;0.999989 -0.00100848 -0.00460181 0.278119 0.000761253 0.998572 -0.0534136 -0.465029 0.00464911 0.0534095 0.998562 2.19152 0 0 0 1 
25528382210008;0.906109;0.904519;0.995354 0.02016 0.0941469 1.33076 -0.0203893 0.999791 0.00147491 0.190488 -0.0940975 -0.00338765 0.995557 0.347283 0 0 0 1 
25528382210009;0.490985;0.217593;0.970428 0.047213 -0.236729 2.22809 -0.0224419 0.994085 0.106263 0.233784 0.240346 -0.0978077 0.965747 -6.51452 0 0 0 1 
25528382210010;2.17163;1.25982;0.99069 -0.0420843 -0.129465 -2.05076 -0.0183125 0.901175 -0.433069 -4.70987 0.134896 0.431408 0.892015 18.4665 0 0 0 1 
25528382210011;2.42393;1.58308;0.999636 0.0223962 -0.0150557 0.995914 -0.0199108 0.988679 0.14872 0.0281378 0.018216 -0.148366 0.988765 -9.14552 0 0 0 1 
25528382210012;1.04957;0.447793;0.997708 -0.023024 -0.0636297 -1.18343 0.0190693 0.997889 -0.0620759 -0.800427 0.0649246 0.0607202 0.996041 3.23656 0 0 0 1 
25528382210013;1.47687;1.16587;0.999956 -0.00903484 0.00268228 -0.365067 0.00901219 0.999925 0.00833876 -0.012934 -0.00275742 -0.00831422 0.999962 0.243097 0 0 0 1 
25528382210014;2.77484;2.1981;0.983462 -0.0148452 0.180505 -0.0984239 -0.0502416 0.935159 0.350646 -2.60445 -0.174006 -0.353916 0.918948 -15.6602 0 0 0 1 
25528382210015;1.8346;1.74078;0.997178 0.00647818 0.0747962 0.430795 -0.00117001 0.99749 -0.0707952 -0.144834 -0.0750671 0.0705079 0.994683 4.6688 0 0 0 1 
25528382210016;0.567147;0.475771;0.993982 -0.00933128 -0.109142 -0.618272 0.0272449 0.986115 0.163816 -1.06086 0.106098 -0.165804 0.980435 -9.47785 0 0 0 1 
25528382210017;2.04883;1.31046;0.952466 0.0309752 -0.303066 1.09376 0.0369436 0.975732 0.215831 -1.4643 0.302397 -0.216768 0.928207 -11.6356 0 0 0 1 
25528382210018;2.95759;1.55287;0.999311 0.0310409 -0.0203513 0.939564 -0.0206138 0.920089 0.391166 -2.79916 0.0308672 -0.390477 0.920095 -17.8922 0 0 0 1 
25528382210019;2.21355;1.88512;0.995842 0.0179084 0.0893228 1.19418 -0.0173674 0.999826 -0.00683039 0.303229 -0.0894296 0.00525068 0.995979 -0.0178808 0 0 0 1 
25528382210020;0.308749;0.401672;0.981831 -0.0405034 0.185387 -1.87515 0.0845202 0.968038 -0.236132 -2.78917 -0.169898 0.24751 0.953873 13.3556 0 0 0 1 
25528382210021;1.80312;1.29852;0.999735 0.0222681 -0.00590466 1.28098 -0.0219248 0.998358 0.0529287 -0.0106877 0.00707358 -0.0527852 0.998581 -1.83108 0 0 0 1 
25528382210022;2.94324;2.4359;0.869669 -0.0317541 -0.492614 -1.62308 0.00131372 0.998074 -0.0620171 0.107466 0.493634 0.0532872 0.868035 -0.292625 0 0 0 1 
25528382210023;1.21687;0.942266;0.888311 -0.0120015 -0.459086 -0.538573 -0.0261551 0.996714 -0.0766654 0.196707 0.458497 0.0801101 0.885078 0.190587 0 0 0 1 
25528382210024;1.44022;1.3698;0.998548 -0.0271824 0.0464998 -1.37929 0.0289639 0.998855 -0.0380768 -0.561917 -0.0454116 0.0393684 0.998192 1.82049 0 0 0 1 
25528382210025;2.35204;2.11418;0.999983 0.00227715 -0.00539075 0.41197 -0.00222787 0.999956 0.00912933 -0.140646 0.0054113 -0.00911716 0.999944 -0.6318 0 0 0 1 
25528382210026;1.69358;0.439943;0.997887 0.00999298 0.0642004 0.409968 -0.0111158 0.999791 0.0171566 0.439192 -0.0640156 -0.017834 0.99779 -2.00951 0 0 0 1 
25528382210027;2.42888;1.49372;0.997515 -0.0225059 0.0667572 -1.39307 0.0236959 0.999573 -0.017088 -0.419557 -0.0663441 0.0186274 0.997623 3.01421 0 0 0 1 
25528382210028;0.814222;0.312061;0.968953 0.0131041 -0.246897 0.847712 -0.0336351 0.996297 -0.0791231 0.222962 0.244945 0.084971 0.965806 1.78512 0 0 0 1 
25528382210029;0.390701;0.477218;0.97285 -0.0719513 -0.219969 -3.84099 0.00655308 0.958629 -0.284582 -2.78131 0.231345 0.275414 0.933074 11.8827 0 0 0 1 
25528382210031;1.54457;0.770091;0.999518 0.0255422 -0.0176487 0.667862 -0.0246384 0.998462 0.0496567 -0.0300613 0.0188899 -0.0491979 0.99861 -3.15102 0 0 0 1 
25528382210032;0.49374;0.312585;0.999643 0.0267013 -0.00116477 0.616576 -0.0263785 0.992694 0.117743 -0.00292709 0.00430016 -0.11767 0.993043 -3.62304 0 0 0 1 
25528382210033;0.496545;0.454603;0.99813 0.0169706 0.0587203 0.40136 -0.017749 0.999761 0.01276 0.0425753 -0.0584897 -0.0137783 0.998193 -0.418243 0 0 0 1 
25528382210034;1.67751;1.38563;0.999557 -0.0024333 -0.0296662 -0.0391415 -0.000767134 0.994216 -0.107396 -0.228059 0.0297559 0.107371 0.993774 1.9617 0 0 0 1 
25528382210035;1.14274;0.530848;0.996827 0.0216238 -0.0766059 0.629276 -0.0180123 0.998708 0.047525 -0.00436109 0.0775346 -0.0459944 0.995928 -3.28545 0 0 0 1 
25528382210036;0.657758;0.262504;0.998555 0.0167722 0.0510481 0.451246 -0.0227329 0.992691 0.118526 0.158877 -0.048687 -0.119515 0.991638 -2.69719 0 0 0 1 
25528382210037;0.42747;0.347757;0.943031 0.0286304 -0.331471 0.982291 -0.0085375 0.998045 0.0619158 -0.123854 0.332596 -0.0555585 0.941431 -5.01606 0 0 0 1 
25528382210038;2.16463;1.48836;0.995014 -0.0186107 -0.0979809 -0.693594 0.0152563 0.999275 -0.034874 -0.317853 0.0985589 0.0332053 0.994577 1.74765 0 0 0 1 
25528382210039;1.45509;1.24703;0.999829 0.00143344 0.0184205 -0.0156911 -0.00259119 0.998011 0.0629819 0.0436544 -0.0182936 -0.0630189 0.997845 -1.02497 0 0 0 1 
25528382210040;1.05221;1.0756;0.995625 -0.0187234 -0.0915395 -0.51929 0.0143263 0.998722 -0.0484587 -0.232734 0.0923299 0.0469353 0.994622 0.375514 0 0 0 1 
25528382210041;1.71424;1.01118;0.909852 -0.0197511 0.414464 0.943696 -0.00761974 0.997903 0.0642818 0.122526 -0.414864 -0.061645 0.907793 3.29093 0 0 0 1 
25528382210042;0.574012;0.330741;0.989098 0.00399374 0.147202 0.212946 0.0452688 0.942979 -0.329761 -2.54918 -0.140125 0.332829 0.932518 11.687 0 0 0 1 
25528382210043;0.513876;0.201576;0.999965 0.00447786 0.00702891 0.332153 -0.0058324 0.978448 0.206412 -0.419564 -0.00595314 -0.206446 0.97844 -6.74961 0 0 0 1 
25528382210044;0.355334;0.27264;0.914723 -0.00977188 0.403963 0.699197 -0.0445735 0.991167 0.124907 0.159407 -0.401616 -0.132262 0.906207 -0.771312 0 0 0 1 
25528382210045;1.15928;1.06103;0.999286 0.00809778 -0.0369022 0.089422 -0.00982425 0.998854 -0.0468465 -0.0277181 0.0364805 0.0471756 0.99822 0.829978 0 0 0 1 
25528382210046;2.5411;0.957316;0.995175 0.0229641 0.0953885 0.708352 -0.0588412 0.917671 0.392959 -2.46403 -0.0785114 -0.396676 0.914595 -13.7737 0 0 0 1 
25528382210047;2.63214;2.28503;0.962579 -0.0750502 -0.2604 -2.49425 -0.0204907 0.937981 -0.346081 -2.23414 0.270224 0.338466 0.901343 8.83007 0 0 0 1 
25528382210048;0.0550198;0.139237;0.999661 0.0148987 -0.0213416 0.299057 -0.0152228 0.99977 -0.0151016 0.108671 0.0211117 0.0154213 0.999658 0.212508 0 0 0 1 
25528382210049;0.624254;0.281268;0.998802 0.0250141 0.042058 0.638441 -0.0333963 0.976647 0.212238 -0.238991 -0.0357669 -0.213389 0.976312 -5.8407 0 0 0 1 
25528382210050;1.7141;0.264186;0.999621 0.0154545 0.0227974 0.268419 -0.0143016 0.998652 -0.0498992 0.165176 -0.0235378 0.0495543 0.998494 3.55294 0 0 0 1 
25528382210051;0.731618;0.761348;0.998808 0.0123511 -0.0472301 0.276207 -0.00818893 0.996146 0.0873236 -0.0330771 0.0481266 -0.0868327 0.99506 -3.09481 0 0 0 1 
25528382210052;0.501673;0.457371;0.944997 0.00379665 -0.327058 0.550193 0.0354755 0.992844 0.114028 -0.373519 0.325151 -0.119358 0.9381 -6.44114 0 0 0 1 
25528382210053;0.245766;0.288228;0.996464 0.00283198 0.0839783 0.0781864 0.00938936 0.98942 -0.144778 -0.567969 -0.0834998 0.145054 0.985894 5.03503 0 0 0 1 
25528382210054;2.27774;1.72787;0.998434 -0.0137809 0.0542207 -0.347614 0.016461 0.998649 -0.0492969 -0.152294 -0.0534681 0.0501122 0.997311 3.41488 0 0 0 1 
25528382210055;0.613367;0.734418;0.996713 0.0182991 -0.0789156 0.330489 -0.0163272 0.99954 0.02556 0.0384876 0.0793471 -0.0241875 0.996554 -1.33508 0 0 0 1 
25528382210056;2.21606;2.0463;0.992926 0.039319 -0.112034 1.29917 -0.0140742 0.9759 0.217762 -0.554183 0.117896 -0.214645 0.96955 -8.4192 0 0 0 1 
25528382210057;2.17431;1.8378;0.999865 -0.00380073 -0.0159876 -0.40646 0.00320306 0.999301 -0.0372444 -0.31001 0.0161179 0.0371882 0.999178 1.68401 0 0 0 1 
25528382210058;0.777574;0.434358;0.943971 0.0920475 -0.316932 2.8628 0.0329178 0.929269 0.367935 -2.26104 0.328382 -0.357753 0.874173 -13.7502 0 0 0 1 
25528382210059;0.655634;0.32789;0.998259 0.0292687 -0.0512003 0.806932 -0.0244188 0.995375 0.0929109 -0.00371863 0.0536829 -0.0914989 0.994357 -4.00848 0 0 0 1 
25528382210060;1.3379;0.428822;0.944395 -0.0649461 -0.322334 -2.07348 -0.00135876 0.97952 -0.201341 -0.99647 0.328809 0.190584 0.924966 4.25878 0 0 0 1 
25528382210062;1.314;0.902878;0.99621 0.0105244 -0.0863442 0.438261 -0.00619809 0.998719 0.0502213 0.0599149 0.0867621 -0.0494958 0.994999 -2.14876 0 0 0 1 
25528382210063;2.15505;1.44838;0.999964 -0.00827789 -0.00170336 -0.539329 0.00817616 0.998565 -0.0529196 0.0750155 0.00213898 0.0529037 0.998597 3.22482 0 0 0 1 
25528382210064;0.553066;0.476804;0.984763 0.00150938 0.173893 0.291475 0.0247459 0.98857 -0.148718 -0.829846 -0.17213 0.150755 0.97347 10.0351 0 0 0 1 
25528382210065;1.61508;0.644382;0.994509 0.0276211 -0.100936 2.04962 -0.0100474 0.985285 0.170627 -0.968736 0.104164 -0.168676 0.980152 -12.4327 0 0 0 1 
25528382210066;1.78743;0.961533;0.999974 -0.000500055 0.00720366 -0.137906 0.000333891 0.999734 0.0230494 0.0163409 -0.00721327 -0.0230464 0.999708 -0.734458 0 0 0 1 
25528382210067;0.672032;0.506362;0.993624 -0.0176687 -0.111355 -2.35682 0.00723933 0.995605 -0.0933761 -0.598069 0.112515 0.0919746 0.989384 11.9917 0 0 0 1 
25528382210068;1.84994;0.771804;0.997907 0.00708791 -0.0642693 0.0687184 -0.00384981 0.998723 0.0503679 0.147471 0.0645442 -0.0500151 0.996661 -1.60408 0 0 0 1 
25528382210069;2.23987;0.382321;0.981024 -0.0309248 -0.191402 -3.4736 -0.0145329 0.972692 -0.231646 -3.07569 0.193339 0.230032 0.953785 24.9414 0 0 0 1 
25528382210070;2.2156;0.866983;0.999918 -0.00293685 -0.0124986 -0.614772 0.00298091 0.999989 0.00350823 0.0263353 0.0124882 -0.0035452 0.999916 2.31993 0 0 0 1 
25528382210071;1.44584;1.26848;0.998877 -0.0471312 0.00474982 -4.64593 0.0441501 0.889954 -0.453908 -10.9263 0.0171661 0.453608 0.891036 44.5015 0 0 0 1 
25528382210072;1.6175;1.60608;0.99813 -0.0431447 -0.0432976 -4.54023 0.0248664 0.933708 -0.357172 -7.00021 0.0558374 0.355427 0.933035 36.8465 0 0 0 1 
25528382210073;2.148;0.359759;0.999085 0.00978082 -0.041627 0.498775 -0.00784866 0.998895 0.046329 0.0702498 0.0420342 -0.0459599 0.998059 -1.10643 0 0 0 1 
25528382210074;1.21241;0.391647;0.991554 -0.0076649 0.129467 -0.591285 0.00547074 0.999835 0.0172948 0.230164 -0.129578 -0.0164404 0.991433 -6.48576 0 0 0 1 
25528382210075;0.469924;0.159702;0.967512 -0.0252588 -0.25156 -3.96156 -0.0162347 0.986737 -0.161516 -2.0503 0.252303 0.160353 0.954269 21.5508 0 0 0 1 
25528382210076;1.94829;1.23271;0.999885 0.00447735 -0.014463 0.11693 -0.00332269 0.996877 0.0788953 0.15256 0.0147711 -0.0788382 0.996778 -5.53453 0 0 0 1 
25528382210077;1.55351;0.726758;0.999841 0.0109814 -0.0140559 1.24022 -0.0100309 0.99777 0.0659952 -0.226797 0.0147493 -0.0658437 0.997721 -8.06088 0 0 0 1 
25528382210078;1.78754;1.47271;0.999833 -0.000952904 0.0182332 -0.165278 0.000375419 0.999499 0.0316493 0.11902 -0.0182543 -0.0316372 0.999333 -2.68229 0 0 0 1 
25528382210079;0.52952;0.345572;0.966154 -0.0187196 -0.257286 -3.43923 -0.00878271 0.994398 -0.105331 -1.05215 0.257816 0.104026 0.960578 16.2912 0 0 0 1 
25528382210080;0.579865;0.163168;0.999939 0.00108861 -0.0110115 0.0213964 -0.00108392 0.999999 0.000431576 -0.00953548 0.011012 -0.000419614 0.999939 0.811005 0 0 0 1 
25528382210081;1.6725;1.67631;0.999598 -0.0099798 0.0265191 -0.916113 0.0117841 0.997562 -0.0687775 -0.125713 -0.0257681 0.0690624 0.997279 5.98516 0 0 0 1 
25528382210082;1.80785;0.234958;0.960084 -0.0100509 0.279532 -0.893222 -0.0300993 0.989839 0.13897 -1.18978 -0.278089 -0.141837 0.950026 -19.2724 0 0 0 1 
25528382210083;0.928935;0.24873;0.981523 -0.0361626 -0.187898 -4.87502 -0.00364343 0.978269 -0.207309 -3.04472 0.191311 0.204163 0.960061 25.8604 0 0 0 1 
25528382210084;1.83208;1.42394;0.998739 -0.0167385 -0.0473272 -1.75922 0.0104869 0.99154 -0.12938 -0.793612 0.0490925 0.128721 0.990465 12.42 0 0 0 1 
25528382210085;0.401662;0.263375;0.993844 0.0527677 -0.0974121 4.92967 -0.0209781 0.95301 0.302213 -4.34631 0.108782 -0.298309 0.94825 -27.5323 0 0 0 1 
25528382210086;1.45129;1.18717;0.99668 0.00329732 -0.0813475 -0.0845871 -0.00546262 0.999636 -0.0264096 -0.13203 0.0812309 0.0267663 0.996336 5.43132 0 0 0 1 
25528382210087;0.345605;0.138612;0.939353 -0.00710425 0.342878 -1.19631 0.0368678 0.996083 -0.0803651 0.270836 -0.340964 0.0881324 0.935936 0.135835 0 0 0 1 
25528382210088;0.167837;0.138128;0.999925 -0.00474807 -0.0113167 -0.539758 0.00476485 0.999988 0.00145616 0.127529 0.0113096 -0.00150997 0.999935 -0.174383 0 0 0 1 
25528382210089;1.83562;1.8065;0.999885 -0.00485447 0.0143716 -0.43979 0.00533198 0.999429 -0.0333761 0.0458064 -0.0142014 0.0334489 0.99934 2.5897 0 0 0 1 
25528382210090;2.15758;0.163295;0.999986 0.00193257 -0.00502394 -0.0384041 -0.00207165 0.999611 -0.027827 -0.235912 0.00496821 0.027837 0.9996 5.44505 0 0 0 1 
25528382210091;0.893388;0.501841;0.999861 -0.013076 0.0103222 -1.3183 0.0142586 0.992138 -0.124336 -0.850516 -0.00861519 0.124466 0.992186 12.7884 0 0 0 1 
25528382210093;1.89713;0.259237;0.977709 0.0427068 -0.205575 -1.10343 -0.0230455 0.995008 0.0971024 -0.375256 0.208696 -0.0902003 0.973812 4.44968 0 0 0 1 
25528382210094;0.825331;0.179463;0.997984 0.019571 -0.0603743 -0.12169 0.00125783 0.944983 0.327118 0.449024 0.0634547 -0.326534 0.943053 -1.96182 0 0 0 1 
25528382210095;0.858473;0.74126;0.955643 0.106348 0.274657 0.624087 -0.145395 0.981328 0.125917 -2.29474 -0.256137 -0.160265 0.953262 -4.49844 0 0 0 1 
25528382210096;0.8797;0.359086;0.953367 0.0680905 0.294034 0.647851 -0.177107 0.915063 0.362343 -2.94804 -0.244387 -0.397521 0.88445 -7.16168 0 0 0 1 
25528382210097;2.1961;1.39878;0.998906 0.00224407 0.0467065 0.285293 -0.00322746 0.999774 0.02099 -0.296243 -0.0466489 -0.0211178 0.998688 -2.14359 0 0 0 1 
25528382210098;1.08082;0.259679;0.999639 0.0268763 0.000603134 0.347817 -0.0267751 0.997381 -0.067192 -1.14309 -0.00240743 0.0671516 0.99774 -0.246498 0 0 0 1 
25528382210099;0.565162;0.322607;0.947841 -0.0472912 -0.315216 -1.88959 0.00874 0.992417 -0.122609 -0.0327755 0.318624 0.113459 0.941066 5.83628 0 0 0 1 
25528382210100;1.81678;1.76525;0.997876 0.0545122 0.0356667 0.67778 -0.0618985 0.964078 0.258306 -0.704214 -0.0203047 -0.259965 0.965405 -1.86947 0 0 0 1 
25528382210101;0.708323;0.463742;0.998645 -0.0382838 -0.035255 -0.57785 0.0367565 0.998399 -0.0429969 0.695375 0.0368446 0.0416427 0.998453 1.33554 0 0 0 1 
25528382210102;2.25601;1.60309;0.997342 0.00344765 -0.072775 0.00352517 -0.0105737 0.995154 -0.0977622 -0.71336 0.0720852 0.0982719 0.992545 0.551027 0 0 0 1 
25528382210103;0.72475;0.461237;0.99888 0.046759 -0.00722767 0.381861 -0.0461439 0.996504 0.0696412 -0.710718 0.0104588 -0.0692297 0.997546 0.381809 0 0 0 1 
25528382210104;2.73972;1.57309;0.990229 0.0578724 -0.126872 -0.122291 -0.0214275 0.962158 0.271647 0.374049 0.137792 -0.266274 0.953998 2.46918 0 0 0 1 
25528382210105;1.37462;0.244296;0.98546 0.0506436 0.162182 0.50586 0.033914 0.876704 -0.479834 -1.99113 -0.166486 0.478357 0.862239 -0.699113 0 0 0 1 
25528382210106;1.98093;0.177903;0.994533 -0.0607127 -0.0849541 -0.182626 0.0255336 0.930295 -0.365923 -0.20157 0.101249 0.361754 0.926759 1.98378 0 0 0 1 
25528382210107;2.7132;2.05809;0.999451 0.0083195 0.0320713 0.243509 -0.0101118 0.998372 0.0561349 -0.237264 -0.0315521 -0.0564284 0.997908 -2.49212 0 0 0 1 
25528382210108;2.24596;0.929559;0.982773 0.0576131 -0.175607 0.134824 -0.0516642 0.997931 0.0382655 -1.76857 0.177449 -0.0285336 0.983716 1.45238 0 0 0 1 
25528382210109;1.35089;0.304327;0.996743 0.013295 0.0795422 0.487216 -0.00610697 0.995929 -0.089937 -0.287892 -0.0804141 0.0891583 0.992766 -1.86646 0 0 0 1 
25528382210110;1.54595;0.916733;0.997207 0.0673419 -0.0323022 0.117813 -0.0427505 0.86928 0.492469 0.191401 0.0612434 -0.489712 0.86973 -2.168 0 0 0 1 
25528382210111;0.364366;0.219844;0.985264 -0.0137468 -0.170487 -0.807056 0.0060991 0.998955 -0.0453007 -0.047536 0.170932 0.0435933 0.984318 3.25017 0 0 0 1 
25528382210112;2.44837;2.02554;0.994742 -0.00740183 0.10214 -0.0837787 -0.0137567 0.978686 0.204899 0.336258 -0.10148 -0.205227 0.973439 -1.17927 0 0 0 1 
25528382210113;0.357128;0.361261;0.996675 0.0777338 0.0244114 0.645312 -0.079426 0.993753 0.0783946 -1.38405 -0.018165 -0.0800729 0.996623 -0.419869 0 0 0 1 
25528382210114;2.52967;0.908422;0.947749 -0.0522373 0.31471 -0.871485 0.152709 0.940422 -0.303788 1.85637 -0.280091 0.335974 0.899261 -4.47466 0 0 0 1 
25528382210115;1.99023;0.237206;0.997827 -0.00570985 -0.0656425 -0.500662 0.00650606 0.999908 0.0119221 0.257612 0.0655683 -0.0123233 0.997772 3.01697 0 0 0 1 
25528382210116;0.274109;0.234626;0.998479 0.0143754 -0.0532327 -0.171785 -0.000780345 0.969005 0.247041 0.438618 0.0551341 -0.246624 0.967542 -0.607127 0 0 0 1 
25528382210117;0.456139;0.307857;0.970737 0.0644356 0.23134 0.556773 -0.110846 0.974796 0.193614 -1.71778 -0.213034 -0.213592 0.953412 -4.81145 0 0 0 1 
25528382210118;1.00279;0.170311;0.998377 -0.00234852 0.056905 0.0170181 0.00136578 0.999849 0.0173026 0.0114773 -0.0569371 -0.0171968 0.99823 -1.89641 0 0 0 1 
25528382210119;1.53716;0.887278;0.993861 0.0491989 0.0990915 0.187731 -0.027032 0.976521 -0.213719 -1.70586 -0.10728 0.209728 0.971857 0.301011 0 0 0 1 
25528382210120;1.16367;0.538098;0.999642 -0.00579014 0.0261181 0.043362 0.00508143 0.999619 0.0271204 0.496355 -0.0262651 -0.0269779 0.999291 0.304394 0 0 0 1 
25528382210121;1.92017;1.59327;0.998358 0.0252048 0.0514377 0.371705 -0.0347404 0.980411 0.193873 -0.227721 -0.0455436 -0.195341 0.979677 -2.93653 0 0 0 1 
25528382210122;1.42171;0.535726;0.995407 0.0206412 -0.0934869 0.174142 -0.0236914 0.999219 -0.0316351 -0.366592 0.0927609 0.0337046 0.995118 0.385839 0 0 0 1 
25528382210124;1.41534;0.510571;0.999738 0.0180487 -0.0140928 1.5111 -0.0172757 0.998436 0.0531709 -0.438266 0.0150304 -0.0529135 0.998486 -5.69536 0 0 0 1 
25528382210125;0.633729;0.317304;0.991727 -0.0419493 -0.121313 -3.6024 0.0248122 0.989916 -0.139469 -0.937826 0.12594 0.135305 0.982767 11.9038 0 0 0 1 
25528382210126;0.445145;0.298272;0.951822 -0.00822841 -0.306541 -1.45281 0.0152218 0.999675 0.0204302 0.0832524 0.306274 -0.024112 0.951638 -0.227625 0 0 0 1 
25528382210127;0.670288;0.647312;0.998168 -0.0144567 -0.0587458 -1.2111 0.0109585 0.998172 -0.059439 -0.223194 0.0594977 0.0586864 0.996502 5.13346 0 0 0 1 
25528382210128;2.24311;1.72259;0.999938 -0.0110218 0.00129576 -0.555981 0.0110451 0.999747 -0.0195985 -0.0174348 -0.00107943 0.0196116 0.999807 -0.418633 0 0 0 1 
25528382210129;1.80511;1.44368;0.98537 0.0130272 0.169932 1.26651 -0.0144009 0.999873 0.00685348 0.192611 -0.169821 -0.00920038 0.985432 -0.364343 0 0 0 1 
25528382210130;0.986557;0.172129;0.998965 0.0128673 0.0436352 0.983399 -0.0162747 0.996769 0.0786548 -0.0331436 -0.0424822 -0.0792835 0.995946 -5.38166 0 0 0 1 
25528382210131;2.11864;1.73146;0.983389 -0.119902 -0.13627 -9.47905 0.0481754 0.896244 -0.440937 -8.15428 0.175001 0.427048 0.887133 34.0792 0 0 0 1 
25528382210132;0.163045;0.167064;0.999892 0.00820039 -0.0121628 0.55841 -0.00858061 0.999465 -0.0315452 -0.122491 0.0118976 0.0316461 0.999428 2.36993 0 0 0 1 
25528382210133;1.8377;0.882215;0.999864 -0.00345596 -0.0161043 -0.548004 0.00332328 0.99996 -0.0082583 0.124579 0.0161322 0.00820366 0.999836 2.64963 0 0 0 1 
25528382210134;1.18998;0.853194;0.999992 -0.0040553 -0.000217233 -0.426462 0.00404702 0.999547 -0.0298135 -0.0932097 0.000338037 0.0298124 0.999555 3.23984 0 0 0 1 
25528382210135;0.879278;0.661543;0.999127 0.0170267 0.0381371 1.2364 -0.0185604 0.999018 0.0402278 -0.0997936 -0.0374147 -0.0409005 0.998462 -2.83862 0 0 0 1 
25528382210136;1.20454;0.953443;0.939033 0.0354657 0.341993 2.89893 0.0204818 0.987129 -0.158606 -0.981228 -0.343216 0.155941 0.926221 11.101 0 0 0 1 
25528382210137;0.490225;0.522904;0.999922 -0.0100129 0.00740845 -0.701695 0.0104445 0.9981 -0.0607242 -0.223389 -0.00678635 0.0607969 0.998127 4.44768 0 0 0 1 
25528382210138;0.898047;0.901461;0.999895 -0.0107475 0.00968754 -0.775313 0.0114943 0.996676 -0.0806473 -0.321565 -0.00878858 0.0807502 0.996696 5.95874 0 0 0 1 
25528382210139;0.258844;0.187304;0.998331 -0.0105724 0.0567775 -0.697835 0.0132933 0.99877 -0.0477602 -0.15008 -0.0562028 0.0484352 0.997244 3.54899 0 0 0 1 
25528382210140;1.51354;1.31566;0.999603 -0.0086964 0.0268015 -0.626932 0.0116064 0.993818 -0.110411 -0.540961 -0.0256756 0.110678 0.993525 7.71928 0 0 0 1 
25528382210141;0.177514;0.156635;0.968517 0.0202978 0.24812 1.78358 -0.0357902 0.99767 0.0580888 -0.300061 -0.246362 -0.0651402 0.966986 -6.67252 0 0 0 1 
25528382210142;1.7221;1.41175;0.990846 0.0118519 -0.134473 0.54934 0.00735777 0.989916 0.141462 -0.297497 0.134794 -0.141156 0.980768 -9.88558 0 0 0 1 
25528382210143;1.74732;1.61987;0.993519 -0.0115338 -0.113076 -1.1699 0.00703546 0.999171 -0.0400998 0.0709289 0.113445 0.0390444 0.992777 3.77442 0 0 0 1 
25528382210144;0.62636;0.618891;0.985123 -0.0131168 -0.171352 -1.29309 0.0136345 0.999905 0.00184465 0.06228 0.171312 -0.00415351 0.985208 0.540998 0 0 0 1 
25528382210145;2.23099;1.72401;0.981798 0.0220449 0.188646 1.84451 -0.0313232 0.998434 0.0463445 -0.207038 -0.187329 -0.0514099 0.980951 -3.55486 0 0 0 1 
25528382210146;0.123351;0.123466;0.987594 -0.00476784 0.156955 -0.137988 0.00402979 0.999979 0.00502017 0.00809034 -0.156976 -0.00432539 0.987593 -1.30908 0 0 0 1 
25528382210147;2.1323;0.327677;0.999949 -0.00250728 0.00977252 -0.451593 0.00263493 0.999911 -0.0130705 0.0562592 -0.00973888 0.0130956 0.999867 3.57687 0 0 0 1 
25528382210148;1.17842;0.503096;0.999939 -0.00580669 -0.00937225 -0.521038 0.00542831 0.999189 -0.0399043 -0.0630768 0.00959636 0.039851 0.99916 4.33187 0 0 0 1 
25528382210149;1.8032;1.65913;0.974235 0.0349838 -0.222807 2.26052 0.0213468 0.969159 0.245512 -1.9662 0.224524 -0.243942 0.943441 -18.5621 0 0 0 1 
25528382210150;1.89528;1.81404;0.991989 0.00334022 0.126282 0.419597 0.00928677 0.995017 -0.0992694 -0.351167 -0.125985 0.0996469 0.987015 7.05934 0 0 0 1 
25528382210151;1.38396;0.446459;0.999962 0.00850481 0.00197879 0.859555 -0.00849971 0.999961 -0.00257041 -0.275347 -0.00200058 0.0025535 0.999995 -1.60569 0 0 0 1 
25528382210152;1.90731;1.8064;0.999351 0.00350696 -0.035838 0.337473 -0.000414888 0.996302 0.0859247 -0.321287 0.0360068 -0.0858541 0.995657 -7.60205 0 0 0 1 
25528382210153;0.627318;0.174487;0.968516 -0.0647861 -0.240372 -5.74652 0.0243436 0.985563 -0.167547 -1.30305 0.247756 0.156421 0.956112 14.3401 0 0 0 1 
25528382210155;0.972428;0.584326;0.9965 -0.046214 -0.0696546 -3.06618 0.0113708 0.900472 -0.434766 -7.31923 0.0828143 0.432452 0.897846 27.1658 0 0 0 1 
25528382210156;1.01473;0.732486;0.991956 0.0175175 -0.125363 0.663294 -0.0113111 0.998683 0.0500495 -0.226083 0.126075 -0.0482289 0.990848 -1.59886 0 0 0 1 
25528382210157;0.233342;0.242206;0.998523 0.00349394 -0.0542247 0.0223827 -0.00670631 0.998225 -0.0591734 -0.465624 0.0539217 0.0594496 0.996774 4.64817 0 0 0 1 
25528382210158;0.218897;0.175802;0.999893 -0.0101749 -0.0105504 -0.664686 0.010243 0.999927 0.0064272 0.278525 0.0104842 -0.00653458 0.999924 -0.476922 0 0 0 1 
25528382210159;0.424214;0.204785;0.968333 -0.0178816 0.249023 -0.977437 0.101188 0.939947 -0.325977 -2.23261 -0.228239 0.340852 0.91199 14.5551 0 0 0 1 
25528382210160;0.944861;0.748121;0.999078 -0.014317 -0.0404664 -0.867269 0.00635346 0.981675 -0.190456 -1.87565 0.0424517 0.190023 0.980861 11.8254 0 0 0 1 
25528382210161;0.607772;0.411533;0.98406 -0.0171753 0.177006 -0.84328 0.0378999 0.992714 -0.114378 0.100277 -0.173752 0.119263 0.977541 1.65922 0 0 0 1 
25528382210162;0.465464;0.255474;0.991167 0.0117365 0.1321 0.922229 -0.0300402 0.990055 0.137435 -0.787113 -0.129173 -0.140189 0.981663 -12.0692 0 0 0 1 
25528382210163;0.301031;0.179998;0.999873 0.0106082 -0.011916 0.539225 -0.0102217 0.999434 0.0320417 0.0488834 0.0122492 -0.0319158 0.999415 -1.19089 0 0 0 1 
25528382210164;0.262538;0.250606;0.999971 -0.00759803 -0.00100167 -0.473452 0.00760395 0.999953 0.00604705 0.219556 0.000955677 -0.00605449 0.999981 -0.550543 0 0 0 1 
25528382210165;0.165591;0.158524;0.999911 0.000386765 -0.0133718 -0.0738795 0.000924238 0.995196 0.0978975 0.0708881 0.0133454 -0.0979011 0.995107 -5.3916 0 0 0 1 
25528382210166;1.12952;0.729801;0.972535 0.00235344 -0.232747 -0.787446 0.0071654 0.999172 0.0400439 0.171996 0.232648 -0.0406118 0.971713 0.803488 0 0 0 1 
25528382210167;0.708722;0.187488;0.994713 -0.0183711 -0.101037 -1.83258 0.0121694 0.998023 -0.0616576 -0.173522 0.10197 0.060102 0.99297 7.31792 0 0 0 1 
25528382210168;1.1418;0.253458;0.999786 0.0100518 0.0180714 0.455684 -0.0095028 0.999498 -0.0302147 -0.240653 -0.018366 0.0300365 0.99938 4.12578 0 0 0 1 
25528382210169;0.757933;0.72375;0.994797 0.00854346 0.101518 0.812519 -0.00570409 0.999585 -0.0282267 -0.333062 -0.101717 0.0275008 0.994433 -1.03033 0 0 0 1 
25528382210170;0.338329;0.0947493;0.988188 0.00587271 0.153133 0.626845 0.055496 0.917726 -0.393319 -4.81193 -0.142844 0.397171 0.90656 19.6532 0 0 0 1 
25528382210171;0.814741;0.689203;0.994912 0.0209779 -0.0985432 0.580456 -0.0166905 0.998886 0.0441323 -0.219582 0.0993593 -0.042263 0.994154 1.0134 0 0 0 1 
25528382210172;0.85032;0.239806;0.99109 0.0605412 -0.118637 2.42083 -0.0156604 0.937515 0.347593 -2.10647 0.132268 -0.342638 0.93011 -15.0716 0 0 0 1 
25528382210173;0.630488;0.543089;0.999682 0.000469813 -0.0252309 -0.00915486 0.00138357 0.997302 0.073389 0.150492 0.0251973 -0.0734005 0.996984 -4.65748 0 0 0 1 
25528382210174;0.36066;0.0978873;0.961292 0.109053 -0.253034 4.55907 -0.0101747 0.931765 0.36292 -2.88778 0.275345 -0.346297 0.896807 -14.4538 0 0 0 1 
25528382210175;0.400793;0.359666;0.999726 0.00539749 0.0227975 0.425072 -0.0029545 0.994376 -0.105865 -0.661996 -0.0232407 0.105768 0.994119 5.80678 0 0 0 1 
25528382210176;0.342834;0.162757;0.984241 0.00353838 0.176799 0.448913 -0.0343257 0.984606 0.171386 -1.04563 -0.173471 -0.174753 0.969211 -14.8392 0 0 0 1 
25528382210177;0.260067;0.112257;0.99729 -0.0328683 -0.0658263 -2.19706 0.0139767 0.963011 -0.269098 -2.6992 0.0722363 0.267448 0.960861 17.0185 0 0 0 1 
25528382210178;0.926206;0.233899;0.999812 -0.00823418 0.017549 -0.661908 0.00805345 0.999914 0.0103447 0.302424 -0.0176327 -0.0102014 0.999792 1.20143 0 0 0 1 
25528382210179;0.695785;0.248791;0.999987 0.00124241 -0.0049464 0.208352 -0.00204255 0.986256 -0.165209 -1.09348 0.00467316 0.165217 0.986246 8.00635 0 0 0 1 
25528382210180;0.109455;0.0911748;0.999587 0.0172027 0.0230026 1.06961 -0.0187161 0.997559 0.0672805 -0.24645 -0.0217891 -0.0676832 0.997469 -4.57155 0 0 0 1 
25528382210181;0.971587;0.59766;0.944259 0.0105672 0.329035 0.167294 0.00834165 0.998396 -0.0560029 0.1616 -0.329099 0.0556259 0.942656 -6.47994 0 0 0 1 
25528382210182;0.540657;0.306408;0.9984 0.00820372 0.0559391 0.726239 -0.00753003 0.999897 -0.0122434 -0.336277 -0.0560338 0.0118026 0.998359 -1.69484 0 0 0 1 
25528382210183;0.488607;0.343414;0.969967 0.0121139 0.242936 0.935512 -0.0102362 0.999907 -0.00899006 -0.0866357 -0.243022 0.00623331 0.970001 -4.74645 0 0 0 1 
25528382210184;0.107925;0.062033;0.999905 0.00818665 -0.011124 0.407332 -0.00802832 0.999867 0.014204 -0.129478 0.0112388 -0.0141133 0.999837 -0.377141 0 0 0 1 
25528382210186;2.61464;0.50822;0.906584 0.0395322 -0.42017 0.0985346 0.0487356 0.979135 0.197278 -0.0584716 0.419203 -0.199326 0.885742 -5.45886 0 0 0 1 
25528382210187;2.55948;0.300112;0.999963 0.00770919 0.00373057 0.624659 -0.00767099 0.999919 -0.0101481 -0.26913 -0.0038085 0.0101192 0.999942 -2.01791 0 0 0 1 
25528382210188;2.1137;0.501273;0.993495 -0.00489557 -0.113774 -0.23875 -0.00909921 0.992469 -0.122161 -0.583462 0.113515 0.122402 0.985968 4.28923 0 0 0 1 
25528382210189;3.03095;1.64392;0.93332 -0.0201391 0.358479 -0.266982 0.0372106 0.998475 -0.0407861 0.524825 -0.357111 0.0514057 0.932646 -0.574688 0 0 0 1 
25528382210190;2.58604;2.42135;0.942949 0.0434922 0.330085 2.03117 0.0226104 0.980777 -0.193818 -1.13761 -0.33217 0.190224 0.923839 4.32375 0 0 0 1 
25528382210191;2.29839;1.11932;0.994565 -0.0194875 0.102281 -0.773078 -0.0190459 0.931705 0.362717 -1.17573 -0.102364 -0.362694 0.926269 -14.0254 0 0 0 1 
25528382210192;1.26077;1.01881;0.997694 0.032199 -0.0597525 1.26602 -0.0300951 0.998906 0.0357817 -0.461285 0.0608393 -0.0339009 0.997572 -1.49897 0 0 0 1 
25528382210193;1.94741;1.29325;0.976025 -0.0233355 0.216406 -0.784428 0.052071 0.9904 -0.128052 0.218436 -0.21134 0.13625 0.967869 0.975032 0 0 0 1 
25528382210194;0.500481;0.324852;0.991405 0.063415 -0.114435 2.06123 -0.0131243 0.918469 0.395274 -2.18491 0.130171 -0.390375 0.911407 -14.254 0 0 0 1 
25528382210195;0.447325;0.192775;0.993699 0.0060096 0.111923 0.43962 0.0232723 0.965738 -0.258475 -1.71894 -0.109642 0.259451 0.959512 8.84008 0 0 0 1 
25528382210196;0.672791;0.464454;0.999597 -0.0280959 -0.00396799 -1.27177 0.0282385 0.998711 0.0421884 0.615304 0.00277755 -0.0422834 0.999102 -1.46062 0 0 0 1 
25528382210197;1.68816;1.60407;0.999716 0.0187748 0.0146873 0.69751 -0.0193132 0.999113 0.0374133 -0.115055 -0.0139719 -0.0376864 0.999192 -1.65952 0 0 0 1 
25528382210198;0.0806703;0.0981899;0.999499 -0.031612 -0.00146053 -1.28285 0.0315865 0.999388 -0.0150493 0.369574 0.00193538 0.0149956 0.999886 0.54919 0 0 0 1 
25528382210199;2.04506;0.685677;0.985508 -0.0300908 0.166938 -0.922482 0.0319478 0.999454 -0.00844931 0.537314 -0.166593 0.0136602 0.985931 -3.37308 0 0 0 1 
25528382210200;1.86353;1.29487;0.985513 -0.0829597 -0.147923 -4.18921 0.0327494 0.948869 -0.313966 -2.30999 0.166406 0.304574 0.93784 14.545 0 0 0 1 
25528382210201;1.69978;1.60429;0.978308 -0.0169923 0.206459 -0.359366 -0.00614091 0.993813 0.110893 0.199284 -0.207066 -0.109755 0.972151 -7.83903 0 0 0 1 
25528382210202;3.09717;0.429662;0.999569 -0.0175083 0.0235464 -0.986644 0.0186407 0.998636 -0.0487671 -0.00704189 -0.0226604 0.0491851 0.998533 4.40508 0 0 0 1 
25528382210203;2.66545;0.392078;0.99995 0.00998033 -0.00101881 0.175684 -0.00988212 0.997399 0.0714036 0.167714 0.00172879 -0.07139 0.997447 -0.468132 0 0 0 1 
25528382210204;2.12678;1.84025;0.999938 -0.0104685 0.00382097 -0.488158 0.0104402 0.999918 0.00735973 0.519701 -0.00389771 -0.00731938 0.999966 -0.267775 0 0 0 1 
25528382210205;2.17534;0.43661;0.971857 0.0217764 -0.234561 0.588056 -0.0131034 0.999174 0.038471 -0.386095 0.235205 -0.0343148 0.97134 -0.55461 0 0 0 1 
25528382210206;0.615844;0.305901;0.999488 0.00437384 0.0316802 0.204312 -0.00185482 0.996864 -0.0791108 -0.375908 -0.0319269 0.0790116 0.996362 3.12419 0 0 0 1 
25528382210207;2.70191;2.41159;0.998396 -0.0217845 0.0522583 -0.560661 0.0263463 0.995749 -0.0882558 -0.00689741 -0.0501135 0.089491 0.994726 1.55749 0 0 0 1 
25528382210208;0.254784;0.2931;0.998174 0.0390654 -0.0460721 1.4555 -0.0376571 0.998808 0.0310495 -0.573287 0.0472302 -0.0292579 0.998455 -0.618665 0 0 0 1 
25528382210209;0.401221;0.381429;0.999947 0.0083458 -0.00595934 0.285533 -0.00809959 0.999159 0.0402079 -0.0162869 0.0062899 -0.0401575 0.999174 -1.47726 0 0 0 1 
25528382210210;3.26762;2.75792;0.997611 0.0641606 0.0256148 2.69157 -0.0690835 0.928725 0.364276 -2.94109 -0.000416898 -0.365176 0.930939 -15.8905 0 0 0 1 
25528382210211;2.11433;0.990629;0.998143 0.0430622 0.043089 1.76453 -0.0499575 0.983395 0.174467 -0.640966 -0.0348605 -0.176296 0.98372 -5.82094 0 0 0 1 
25528382210212;0.939666;0.374849;0.981011 0.0141731 0.193435 0.833101 0.0214545 0.983276 -0.180852 -0.871748 -0.192764 0.181568 0.9643 4.01963 0 0 0 1 
25528382210213;1.20317;1.04544;0.996757 0.00388337 0.0803764 0.274622 -0.0116133 0.99532 0.095929 0.0684324 -0.0796277 -0.0965514 0.992138 -4.62593 0 0 0 1 
25528382210214;2.77469;0.780202;0.985167 0.0589329 0.161158 2.81193 -0.0231147 0.976191 -0.215676 -2.26475 -0.170032 0.208752 0.963074 8.29686 0 0 0 1 
25528382210215;2.52413;2.32158;0.999588 0.0146513 -0.024671 0.53937 -0.00810724 0.968989 0.246972 -0.721416 0.0275244 -0.24667 0.968708 -10.0325 0 0 0 1 
25528382210217;1.06109;1.03057;0.971495 -0.0139014 -0.236652 -1.52084 0.00588101 0.999385 -0.0345632 -0.0825256 0.236987 0.0321862 0.97098 3.70093 0 0 0 1 
25528382210218;0.551084;0.507517;0.999837 0.0163289 0.0076791 1.50887 -0.0167817 0.997863 0.0631557 -0.285651 -0.00663142 -0.0632743 0.997974 -5.51378 0 0 0 1 
25528382210219;0.422673;0.388277;0.975102 -0.00902128 0.221572 -0.786704 -0.000333963 0.999111 0.0421484 0.0180158 -0.221756 -0.041173 0.974233 -4.54371 0 0 0 1 
25528382210220;1.03905;0.999199;0.961622 0.063195 -0.267001 5.40977 -0.0253086 0.989396 0.143024 -1.04129 0.273208 -0.130777 0.953024 -11.0396 0 0 0 1 
25528382210221;1.31298;0.635789;0.997731 -0.0112979 -0.066366 -1.30199 0.00200645 0.99037 -0.138432 -1.20456 0.0672908 0.137985 0.988146 14.1257 0 0 0 1 
25528382210222;1.56771;1.18814;0.98697 0.0381958 -0.156306 3.82128 -0.020347 0.993245 0.114237 -0.779077 0.159613 -0.109568 0.98108 -11.0002 0 0 0 1 
25528382210223;0.395381;0.296639;0.998187 0.0025658 -0.0601326 0.102097 0.000640039 0.998582 0.0532329 -0.054758 0.060184 -0.0531749 0.99677 -4.26955 0 0 0 1 
25528382210224;1.45898;1.11714;0.994835 -0.0040163 -0.101426 -0.81839 0.00573488 0.999845 0.0166583 0.0395543 0.101343 -0.0171539 0.994704 -0.0437295 0 0 0 1 
25528382210225;0.647882;0.308112;0.955171 0.043189 -0.292888 3.18277 0.0029012 0.987889 0.155135 -0.927321 0.296041 -0.14903 0.943477 -11.6097 0 0 0 1 
25528382210226;0.247807;0.241356;0.994314 0.0143103 -0.105522 1.24889 -0.0122406 0.99972 0.0202349 -0.125139 0.105782 -0.0188282 0.994211 -1.32924 0 0 0 1 
25528382210227;1.67052;0.413027;0.999869 -7.32291e-05 0.0161729 -0.262194 7.44524e-05 1 -7.5035e-05 -0.0541899 -0.0161729 7.62293e-05 0.999869 2.21682 0 0 0 1 
25528382210228;0.941077;0.325516;0.999836 -0.00397997 -0.017686 -0.0602292 0.00284104 0.997948 -0.0639618 -0.12539 0.0179043 0.063901 0.997796 4.32802 0 0 0 1 
25528382210229;1.84373;1.79003;0.999502 -0.0145716 -0.0279817 -1.44179 0.0126143 0.997544 -0.0688924 -0.171036 0.0289169 0.0685052 0.997232 6.38571 0 0 0 1 
25528382210230;0.815476;0.716148;0.999935 -0.0057209 -0.0098738 -0.630113 0.00566908 0.99997 -0.00526794 0.0238412 0.00990364 0.00521162 0.999937 0.862499 0 0 0 1 
25528382210231;0.945073;0.479909;0.999932 0.00459765 -0.0106711 0.265338 -0.00470814 0.999935 -0.010352 -0.0804612 0.0106228 0.0104016 0.999889 2.04146 0 0 0 1 
25528382210232;0.385786;0.316487;0.994985 0.00597662 0.0998469 0.572384 -0.0148837 0.995947 0.0887027 -0.403315 -0.0989121 -0.089744 0.991041 -8.8622 0 0 0 1 
25528382210233;0.215723;0.136439;0.99906 0.0398239 0.0171343 3.52087 -0.0432506 0.942763 0.330648 -5.16004 -0.00298591 -0.331078 0.943599 -29.7773 0 0 0 1 
25528382210234;1.80049;1.3174;0.999848 -0.0166985 0.00506123 -1.19985 0.0169989 0.997631 -0.0666591 0.00238018 -0.00393613 0.066735 0.997763 3.92591 0 0 0 1 
25528382210235;1.841;1.82598;0.9811 0.00645107 0.193394 0.566828 -0.0452264 0.979407 0.196766 -1.88326 -0.188142 -0.201793 0.961188 -18.3626 0 0 0 1 
25528382210236;0.783834;0.530995;0.99259 0.00346498 0.121461 0.3698 -0.00940654 0.998785 0.0483783 -0.132972 -0.121146 -0.0491624 0.991417 -4.20705 0 0 0 1 
25528382210237;0.646121;0.476715;0.995607 -0.00519796 -0.0934847 -0.403752 0.00481791 0.999979 -0.00429053 0.048112 0.0935051 0.00382128 0.995611 0.0185902 0 0 0 1 
25528382210238;0.978297;0.740563;0.994789 -0.0150986 0.100826 -1.35828 0.0265847 0.993175 -0.113568 -0.645457 -0.0984232 0.115657 0.988401 10.5677 0 0 0 1 
25528382210239;1.51578;0.111073;0.995598 -0.00914259 0.0932811 -1.23273 0.0147418 0.998119 -0.0595136 -0.175819 -0.0925615 0.0606267 0.99386 7.13686 0 0 0 1 
25528382210240;0.466545;0.410211;0.999809 0.0185125 -0.00631258 1.59582 -0.0169197 0.980518 0.195701 -1.66843 0.00981252 -0.195557 0.980643 -17.4224 0 0 0 1 
25528382210241;1.93577;1.7614;0.989327 0.00766223 0.145512 0.910232 -0.0283725 0.989633 0.140792 -0.840323 -0.142925 -0.143417 0.979287 -13.41 0 0 0 1 
25528382210242;0.86252;0.485053;0.996613 -0.0285989 0.0770997 -2.6926 0.0433861 0.979331 -0.197554 -1.87641 -0.0698564 0.20023 0.977255 18.4594 0 0 0 1 
25528382210243;0.905546;0.244747;0.9704 -0.00435187 0.241464 -0.275391 -0.00823721 0.998659 0.0511026 -0.04567 -0.241362 -0.051579 0.969063 -4.56173 0 0 0 1 
25528382210244;0.219604;0.212603;0.999824 0.000282149 -0.0187734 0.00494263 -0.000640689 0.999817 -0.019095 -0.0485331 0.0187646 0.0191037 0.999641 1.6476 0 0 0 1 
25528382210245;0.165948;0.0953999;0.980914 -0.0103799 0.194164 -0.929989 0.00686959 0.999801 0.0187435 0.0593454 -0.19432 -0.0170519 0.98079 -2.69234 0 0 0 1 
25528382210246;1.5805;1.38326;0.998654 -0.000918219 0.0518588 -0.224838 1.24172e-05 0.999847 0.0174643 0.0102392 -0.0518669 -0.0174402 0.998502 -0.78304 0 0 0 1 
25528382210248;1.80404;1.50657;0.997351 0.00125156 0.0727234 0.180434 0.00993022 0.988147 -0.153192 -0.615653 -0.0720531 0.153508 0.985517 7.95788 0 0 0 1 
25528382210249;2.65063;0.734286;0.999296 -0.0214933 0.0307336 -1.10026 0.0210771 0.999683 0.0138039 0.176712 -0.0310205 -0.0131464 0.999432 -3.70456 0 0 0 1 
25528382210250;0.988386;0.230184;0.988451 -0.0301637 -0.148508 -2.16587 0.0211094 0.997842 -0.062172 -0.219033 0.150062 0.0583191 0.986955 3.75151 0 0 0 1 
25528382210251;1.96971;0.460506;0.99938 0.00621551 -0.0346533 0.383406 -0.0050302 0.999403 0.0341876 0.742878 0.0348451 -0.0339921 0.998814 -4.0629 0 0 0 1 
25528382210252;1.48555;1.13666;0.999599 0.0282964 0.00119165 1.75785 -0.0282943 0.999598 -0.00178278 -0.347261 -0.00124162 0.00174835 0.999998 0.460239 0 0 0 1 
25528382210253;1.51489;0.409123;0.999153 0.0157853 0.0380104 1.01858 -0.0143635 0.999197 -0.0373919 0.0358553 -0.0385702 0.0368143 0.998578 0.381366 0 0 0 1 
25528382210254;2.5409;1.89731;0.999361 0.0113257 0.0338877 0.700987 -0.0162396 0.988787 0.148447 0.0641091 -0.0318264 -0.148902 0.98834 -10.1936 0 0 0 1 
25528382210255;0.438009;0.173811;0.99556 0.00489287 -0.0940013 0.0829966 -0.0132334 0.996005 -0.0883105 -0.448434 0.0931937 0.0891624 0.991648 5.0417 0 0 0 1 
25528382210256;0.895108;0.445731;0.96133 0.0102213 0.275209 1.24382 0.0681822 0.959368 -0.273797 -3.28176 -0.266825 0.281974 0.921572 16.7431 0 0 0 1 
25528382210257;0.887196;0.765818;0.999366 -0.00354708 0.0354208 0.00187693 0.00318823 0.999943 0.0101825 -0.0535919 -0.0354549 -0.0100631 0.999321 -0.777917 0 0 0 1 
25528382210258;2.46932;0.574288;0.998697 0.0426605 -0.0279976 2.77116 -0.0441259 0.997566 -0.0539967 -0.00943379 0.0256259 0.0551618 0.998149 0.245114 0 0 0 1 
25528382210259;0.355498;0.243229;0.99505 -0.00543209 0.0992287 -0.048907 0.0502157 0.889135 -0.454881 -7.23205 -0.0857568 0.457612 0.885007 25.3985 0 0 0 1 
