#;prob_registration_l1 -r /home/probabilistic_point_clouds_registration/build/tester /home/point_clouds_registration_benchmark//devel/registration_pairs/stairs_local.txt /home/point_clouds_registration_benchmark//eth/stairs -s 0.2 -t 0.2 -p 0.3 -r 1000 -m 25 -i 40 
id;initial_error;final_error;transformation
5494384560000;0.832403;0.0642666;0.99482 0.100838 -0.0128638 0.82737 -0.100112 0.993807 0.0482142 0.366363 0.0176459 -0.0466766 0.998754 0.355821 0 0 0 1 
5494384560001;0.315086;0.0549028;0.913582 0.236935 -0.330499 1.55544 -0.20539 0.970293 0.127852 1.26564 0.350974 -0.0489219 0.935106 -2.36836 0 0 0 1 
5494384560002;0.630491;0.0503258;0.999561 -0.0140997 -0.0260705 0.678158 0.014632 0.999686 0.0203406 -0.276127 0.0257755 -0.0207131 0.999453 0.0867486 0 0 0 1 
5494384560003;0.317466;0.0414903;0.968499 -0.0613651 -0.241339 0.931733 0.137624 0.939604 0.313376 -1.91653 0.207533 -0.336718 0.91845 -1.39709 0 0 0 1 
5494384560004;0.657978;0.0396844;0.998359 0.0519006 0.0242124 -0.193947 -0.0539736 0.994038 0.0947367 0.662666 -0.0191512 -0.095888 0.995208 0.628868 0 0 0 1 
5494384560005;0.751618;0.0609174;0.994206 -0.0902272 -0.058421 -0.386879 0.0974378 0.985988 0.135403 -1.56269 0.0453854 -0.14031 0.989067 -0.470832 0 0 0 1 
5494384560006;0.696898;0.227409;0.977357 0.122202 -0.172745 0.732591 -0.136393 0.987978 -0.0727744 0.936263 0.161775 0.0946877 0.982274 -0.675047 0 0 0 1 
5494384560007;0.399045;0.0557373;0.93294 -0.355832 -0.0548263 0.792842 0.359031 0.93084 0.0680685 -3.10529 0.0268136 -0.0831882 0.996173 -0.190673 0 0 0 1 
5494384560008;0.231215;0.0498712;0.974699 -0.196047 -0.107363 0.398605 0.18444 0.976765 -0.109142 -1.10972 0.126266 0.0865788 0.988211 -0.808441 0 0 0 1 
5494384560009;0.454804;0.0483026;0.990025 -0.0211813 -0.139293 0.681031 0.0292148 0.99801 0.0558841 -0.629976 0.137832 -0.059396 0.988673 -0.671729 0 0 0 1 
5494384560010;0.83506;0.0484772;0.999996 -0.00293978 0.000238735 -0.0391811 0.00293613 0.999897 0.014069 0.112088 -0.00028007 -0.0140682 0.999901 0.888425 0 0 0 1 
5494384560011;0.300381;0.0609469;0.99702 0.0543334 0.0547661 -0.189171 -0.0364118 0.957285 -0.286844 0.930213 -0.068012 0.283995 0.956411 0.573578 0 0 0 1 
5494384560012;0.513405;0.0696701;0.942543 0.0526986 -0.329901 1.14931 -0.112774 0.979706 -0.165703 1.2272 0.314474 0.193386 0.929359 -1.73454 0 0 0 1 
5494384560013;0.592232;0.0446573;0.993123 0.0223143 -0.114933 0.470072 -0.0244506 0.999553 -0.017211 0.83045 0.114498 0.0199028 0.993224 -0.823819 0 0 0 1 
5494384560014;0.784839;0.0630086;0.946307 0.212543 0.243576 0.477561 -0.257343 0.951304 0.169693 1.37175 -0.195648 -0.223264 0.954922 1.94888 0 0 0 1 
5494384560015;1.02961;0.0551959;0.939659 0.328038 -0.0971183 0.319911 -0.34207 0.896385 -0.281926 3.92304 -0.00542728 0.298136 0.954508 0.829321 0 0 0 1 
5494384560016;0.692498;0.0778807;0.990025 0.129294 -0.0559749 0.210653 -0.140819 0.895458 -0.422286 2.63663 -0.00447583 0.425956 0.904733 -0.126974 0 0 0 1 
5494384560017;0.125802;0.0468717;0.999934 -0.0030835 -0.0110527 0.0619809 0.00324451 0.999888 0.0145794 -0.100314 0.0110066 -0.0146143 0.999833 0.0200622 0 0 0 1 
5494384560018;0.697368;0.039879;0.996807 0.0447758 -0.0661189 0.752301 -0.0579253 0.975389 -0.212747 1.08841 0.0549658 0.215897 0.974868 0.161904 0 0 0 1 
5494384560019;0.372102;0.0760251;0.954846 0.283474 0.0889481 0.199058 -0.292204 0.950166 0.108635 1.93901 -0.0537201 -0.129721 0.990094 0.136371 0 0 0 1 
5494384560020;0.725979;0.072214;0.945752 0.316258 0.074392 0.180929 -0.323927 0.900281 0.290802 2.16133 0.0249947 -0.299124 0.953887 0.442269 0 0 0 1 
5494384560021;0.810082;0.0496425;0.99596 0.0804919 -0.0398055 -0.174212 -0.0797927 0.996633 0.0188533 0.605484 0.0411891 -0.015601 0.99903 0.482139 0 0 0 1 
5494384560022;1.01164;0.0536856;0.886594 -0.291408 -0.359211 1.55184 0.326614 0.944308 0.0400766 -3.52916 0.327527 -0.152855 0.932395 -2.00732 0 0 0 1 
5494384560023;0.527542;0.0483561;0.978555 0.104826 -0.177319 0.847842 -0.102608 0.994486 0.021657 0.677302 0.178612 -0.00299813 0.983915 -1.81384 0 0 0 1 
5494384560024;0.419936;0.0663669;0.939583 0.330944 -0.0875229 0.999067 -0.332208 0.943206 0.000130995 2.53576 0.0825955 0.0289527 0.996162 -0.837726 0 0 0 1 
5494384560025;0.495752;0.115716;0.949402 0.269892 -0.160603 0.904055 -0.268407 0.962797 0.0312875 2.13011 0.163072 0.0134025 0.986523 -0.77206 0 0 0 1 
5494384560026;0.350666;0.052278;0.975032 0.0989906 0.198781 -0.233213 -0.0395446 0.958239 -0.283223 0.980479 -0.218516 0.26829 0.938227 2.0746 0 0 0 1 
5494384560027;0.90423;0.0507603;0.990894 0.0695274 -0.115304 1.34409 -0.0492972 0.984238 0.169839 0.12968 0.125295 -0.162608 0.978703 -0.742895 0 0 0 1 
5494384560028;0.914969;0.0396834;0.995616 -0.092903 -0.0108553 -0.874887 0.0931678 0.99528 0.0271678 -0.658433 0.00828006 -0.02806 0.999572 -0.273205 0 0 0 1 
5494384560029;0.844853;0.0924606;0.999841 0.0145024 0.0103684 0.0754175 -0.0146757 0.999751 0.0168388 -0.584338 -0.0101216 -0.0169883 0.999804 -0.557359 0 0 0 1 
5494384560031;0.314572;0.0812585;0.918049 -0.348101 -0.189766 0.509849 0.360101 0.932372 0.031781 -1.48896 0.165869 -0.0975114 0.981315 -0.668053 0 0 0 1 
5494384560032;0.143255;0.0692841;0.99669 0.0493956 0.0645624 0.0366413 -0.0438313 0.995422 -0.0849289 0.198417 -0.068462 0.0818179 0.994293 0.283104 0 0 0 1 
5494384560033;0.256973;0.0967584;0.999183 0.0215159 0.0342049 0.184175 -0.0188038 0.996798 -0.0777248 0.18443 -0.0357677 0.0770181 0.996388 0.21745 0 0 0 1 
5494384560034;0.872658;0.0817607;0.970387 -0.213443 0.113095 0.0480278 0.188967 0.962429 0.194993 -1.79733 -0.150466 -0.167848 0.974262 0.00684643 0 0 0 1 
5494384560035;0.383527;0.0679544;0.995813 -0.0746213 0.0528017 0.0554512 0.0712026 0.995412 0.0639081 0.0191111 -0.0573284 -0.0598809 0.996558 0.304509 0 0 0 1 
5494384560036;0.699819;0.0890241;0.956412 0.257316 -0.138078 0.531677 -0.287138 0.914761 -0.28419 0.870878 0.0531814 0.31145 0.948773 0.519777 0 0 0 1 
5494384560037;0.785083;0.0808382;0.97103 -0.0844121 0.223551 -0.327883 0.143019 0.954765 -0.260711 -0.223781 -0.191431 0.28513 0.939178 0.125216 0 0 0 1 
5494384560038;1.00964;0.083869;0.902482 -0.428207 0.0465185 -0.869811 0.428358 0.903581 0.00719561 -1.35081 -0.0451144 0.0134326 0.998892 -0.131859 0 0 0 1 
5494384560039;0.16472;0.139075;0.989589 -0.0874222 -0.114332 0.0604539 0.0909825 0.995505 0.0262922 -0.383105 0.111519 -0.0364207 0.993095 -0.425169 0 0 0 1 
5494384560040;0.656318;0.0745144;0.910049 0.340144 0.23688 0.570174 -0.336555 0.939953 -0.0567294 0.795508 -0.241953 -0.0280967 0.969881 1.15038 0 0 0 1 
5494384560041;0.496934;0.0749203;0.882521 -0.299806 0.362315 -0.146243 0.293761 0.953079 0.0731095 -1.12542 -0.367233 0.0419133 0.929184 1.91174 0 0 0 1 
5494384560042;0.516103;0.362876;0.995235 -0.0500371 -0.0836897 -0.210985 0.0642481 0.982143 0.176823 -0.708491 0.0733475 -0.181358 0.980678 -0.480547 0 0 0 1 
5494384560043;0.0787389;0.0646548;0.999934 -0.0108736 0.00379337 -0.0277444 0.0108114 0.999813 0.0160632 -0.182774 -0.00396733 -0.0160212 0.999864 0.0977548 0 0 0 1 
5494384560044;0.670233;0.0558288;0.998747 0.0457603 0.0202665 0.218634 -0.0468242 0.997356 0.0555711 0.229615 -0.01767 -0.0564504 0.998249 0.802595 0 0 0 1 
5494384560045;0.454928;0.0530496;0.910392 -0.274136 0.309897 -0.462335 0.17935 0.936446 0.301501 -1.18296 -0.372854 -0.218904 0.901699 1.49977 0 0 0 1 
5494384560046;0.663952;0.108299;0.980206 0.143434 -0.136465 0.359646 -0.139182 0.989448 0.0402592 1.13042 0.1408 -0.0204688 0.989826 -0.600483 0 0 0 1 
5494384560047;0.60701;0.299367;0.998874 0.0179424 -0.0439231 -0.571394 -0.0259124 0.981783 -0.188232 0.673769 0.0397456 0.189158 0.981142 -0.0717486 0 0 0 1 
5494384560048;0.280379;0.0525703;0.999813 -0.00792832 0.0176367 -0.0718783 0.00749982 0.999678 0.0242308 -0.210449 -0.0178232 -0.024094 0.999551 0.402453 0 0 0 1 
5494384560049;0.480826;0.0634823;0.92748 0.330859 0.174105 0.611263 -0.328216 0.943548 -0.0446182 1.35404 -0.179039 -0.0157614 0.983716 0.696125 0 0 0 1 
5494384560050;0.519994;0.0849535;0.975919 0.204562 0.0757361 -0.203707 -0.198786 0.976988 -0.0773227 0.303203 -0.0898106 0.0604055 0.994125 0.474546 0 0 0 1 
5494384560051;0.245903;0.0752413;0.999827 -0.0126181 0.0136801 0.0510618 0.0118218 0.998315 0.0568025 -0.351514 -0.0143738 -0.0566309 0.998292 -0.121414 0 0 0 1 
5494384560052;0.581213;0.0509178;0.95147 0.157701 0.264264 -0.363596 -0.190123 0.976466 0.101818 0.0532136 -0.241988 -0.147119 0.959061 0.725147 0 0 0 1 
5494384560053;0.543864;0.0768221;0.962565 -0.212401 0.168388 -0.452693 0.190356 0.971983 0.137892 -1.30779 -0.192958 -0.100677 0.976028 0.410894 0 0 0 1 
5494384560054;0.812423;0.363119;0.998241 -0.0413094 -0.0425169 -0.327519 0.0434841 0.997723 0.0515643 -0.502092 0.0402899 -0.0533224 0.997764 -0.703242 0 0 0 1 
5494384560055;0.804846;0.0705635;0.925759 0.00681922 0.378053 0.501982 -0.0480029 0.993867 0.09962 0.529593 -0.375055 -0.110372 0.920408 1.57156 0 0 0 1 
5494384560056;0.404608;0.0663527;0.98053 0.166443 0.104205 -0.161677 -0.167608 0.985851 0.0024713 0.175254 -0.102319 -0.0198888 0.994553 0.325909 0 0 0 1 
5494384560057;0.241612;0.0852891;0.974753 0.205581 -0.0871346 0.310858 -0.193931 0.972897 0.125947 0.431491 0.110665 -0.105869 0.988203 -0.349744 0 0 0 1 
5494384560058;0.361634;0.0749925;0.991912 -0.109205 0.064684 0.137627 0.116012 0.986796 -0.113024 -0.0925735 -0.0514872 0.119614 0.991485 0.286748 0 0 0 1 
5494384560059;0.672349;0.101361;0.999013 -0.0147386 0.0419002 -0.0777326 0.0134265 0.999416 0.0314265 -0.167228 -0.0423389 -0.030833 0.998627 -0.54757 0 0 0 1 
5494384560060;0.435775;0.0855731;0.952218 -0.285884 -0.107478 -0.0590461 0.305009 0.908341 0.286159 -1.66541 0.0158183 -0.305267 0.952135 -0.2075 0 0 0 1 
5494384560062;0.821662;0.0805744;0.965331 -0.194433 -0.17416 0.36451 0.1917 0.980914 -0.0325451 -1.6135 0.177164 -0.00196962 0.984179 -1.32268 0 0 0 1 
5494384560063;1.2461;0.0608893;0.942932 0.0978912 -0.318272 1.77802 -0.108453 0.993979 -0.015589 0.831171 0.31483 0.0492169 0.947871 -2.43356 0 0 0 1 
5494384560064;0.351118;0.0836906;0.92627 -0.376842 0.0038302 0.167226 0.376855 0.926266 -0.00353569 -2.42833 -0.00221539 0.00471843 0.999986 0.0246511 0 0 0 1 
5494384560065;1.02628;0.0567626;0.997252 0.0731464 0.011745 -0.0594427 -0.0723297 0.995622 -0.0592005 0.332193 -0.0160239 0.0581883 0.998177 0.907101 0 0 0 1 
5494384560066;0.385602;0.0657608;0.896874 0.434371 -0.083305 1.08813 -0.436498 0.899667 -0.00833491 2.67865 0.0713263 0.0438378 0.996489 -0.326429 0 0 0 1 
5494384560067;1.09812;0.0690993;0.980006 -0.128327 0.152057 -0.404058 0.14946 0.979253 -0.136843 -0.932849 -0.131341 0.156833 0.978853 0.208172 0 0 0 1 
5494384560068;0.284277;0.0443197;0.987609 0.144213 -0.0618969 0.304698 -0.121074 0.951106 0.284146 0.0248536 0.0998481 -0.273131 0.956781 -0.622772 0 0 0 1 
5494384560069;0.305684;0.0552253;0.988597 0.147171 -0.0318853 0.413081 -0.147198 0.989106 0.00151188 0.944148 0.0317605 0.00319883 0.99949 -0.100709 0 0 0 1 
5494384560070;1.06788;0.0759363;0.998745 0.0499501 -0.00362612 0.754608 -0.0490586 0.990337 0.129717 0.0039519 0.0100705 -0.129377 0.991544 -0.367062 0 0 0 1 
5494384560071;0.199717;0.0399756;0.999979 -0.00546867 0.00351808 -0.023423 0.00546842 0.999985 8.15276e-05 -0.100591 -0.00351847 -6.22876e-05 0.999994 0.189467 0 0 0 1 
5494384560072;1.02349;0.0543322;0.964663 -0.0235002 -0.262438 1.06748 -0.060748 0.949346 -0.308305 1.7769 0.25639 0.313353 0.914371 -1.2495 0 0 0 1 
5494384560073;0.123206;0.0548623;0.993012 -0.117835 0.00646368 -0.0506737 0.117612 0.992666 0.0279751 -0.827547 -0.00971273 -0.0270194 0.999588 0.117506 0 0 0 1 
5494384560074;0.700296;0.0741753;0.937504 0.3462 0.0350966 0.106346 -0.345313 0.93804 -0.0289635 2.44091 -0.0429492 0.015034 0.998964 0.0467255 0 0 0 1 
5494384560075;0.186882;0.0655302;0.999928 0.0100584 0.00649229 0.0517229 -0.00991614 0.999718 -0.0215902 0.119219 -0.00670762 0.0215243 0.999746 -0.0265469 0 0 0 1 
5494384560076;1.00141;0.0604888;0.992283 -0.0979915 0.0759779 -0.302642 0.0923754 0.992955 0.074214 -0.604639 -0.082715 -0.0666228 0.994344 1.27825 0 0 0 1 
5494384560077;0.605922;0.083101;0.891645 -0.334387 -0.305211 1.37917 0.358197 0.933341 0.0238796 -2.31192 0.276881 -0.130618 0.951985 -1.90636 0 0 0 1 
5494384560078;0.686652;0.0640026;0.916849 -0.396713 0.0447944 0.0852843 0.393303 0.878255 -0.271995 -1.84652 0.0685631 0.266996 0.961255 0.203842 0 0 0 1 
5494384560079;0.330281;0.0669656;0.929554 0.367858 -0.0247067 0.65422 -0.361669 0.922823 0.132642 1.88412 0.0715934 -0.114363 0.990856 -0.420285 0 0 0 1 
5494384560080;0.779401;0.0726169;0.916955 0.390529 -0.0817362 1.2713 -0.379715 0.917053 0.121783 2.30938 0.122516 -0.0806335 0.989186 -0.605259 0 0 0 1 
5494384560081;0.603531;0.0696409;0.980496 0.192896 -0.0376582 0.475261 -0.196352 0.969746 -0.145045 1.77059 0.00854035 0.14961 0.988708 0.390644 0 0 0 1 
5494384560082;0.617118;0.0679483;0.890363 -0.276196 -0.361897 1.43796 0.326518 0.941372 0.0848769 -2.04607 0.317237 -0.193737 0.928346 -2.12104 0 0 0 1 
5494384560083;0.290683;0.0575808;0.945521 0.304219 0.115933 0.160269 -0.288384 0.947896 -0.135383 2.11048 -0.151079 0.0945743 0.983987 0.999008 0 0 0 1 
5494384560084;0.175327;0.0578282;0.985424 -0.123181 -0.117325 0.33188 0.106907 0.984905 -0.136139 -0.330201 0.132324 0.121612 0.983718 -0.725902 0 0 0 1 
5494384560085;0.943472;0.0580198;0.992249 -0.119882 -0.0327061 0.0683563 0.103899 0.944765 -0.310843 -0.269655 0.0681639 0.305036 0.949898 0.469462 0 0 0 1 
5494384560086;0.821732;0.0467957;0.991941 -0.0343104 0.121969 -0.479279 0.0245559 0.996444 0.0805978 -0.618923 -0.124301 -0.0769532 0.989256 1.31017 0 0 0 1 
5494384560087;0.12902;0.055362;0.999277 0.0168676 -0.0340592 -0.000477382 -0.0171154 0.999829 -0.00699802 0.144668 0.0339353 0.0075759 0.999395 -0.107264 0 0 0 1 
5494384560088;1.25698;0.0546454;0.880132 0.14861 -0.45087 1.6479 -0.137695 0.988826 0.0571327 -0.173434 0.454322 0.0117982 0.890759 -2.43193 0 0 0 1 
5494384560089;1.3654;1.00537;0.983917 0.166165 0.0655481 0.182779 -0.170138 0.983558 0.0605469 1.04107 -0.0544096 -0.0707253 0.996011 -0.314977 0 0 0 1 
5494384560090;0.736364;0.053316;0.955583 -0.294585 -0.00893561 0.539262 0.269232 0.884872 -0.380152 -0.566274 0.119894 0.360861 0.924881 -0.281918 0 0 0 1 
5494384560091;0.484121;0.082615;0.940418 -0.151368 -0.304471 1.11886 0.21386 0.959465 0.183549 -1.82235 0.264346 -0.237727 0.93467 -1.24178 0 0 0 1 
5494384560093;0.0553842;0.207822;0.999055 0.0200897 -0.0385528 0.00889055 -0.0216192 0.998979 -0.0396749 0.340268 0.0377164 0.0404708 0.998469 -0.110028 0 0 0 1 
5494384560094;0.672056;0.39778;0.902785 -0.0776208 -0.423029 1.68395 0.134724 0.985115 0.106758 -1.15754 0.408446 -0.153372 0.899805 -2.19934 0 0 0 1 
5494384560095;0.854827;0.338307;0.928005 0.370725 -0.0370094 0.707427 -0.370579 0.928736 0.0110015 2.03224 0.0384505 0.00350546 0.999254 0.183315 0 0 0 1 
5494384560096;0.268636;0.229749;0.957716 -0.267412 -0.10617 0.304258 0.252339 0.957954 -0.136566 -1.45664 0.138225 0.104 0.984925 -0.844715 0 0 0 1 
5494384560097;0.745786;0.236571;0.999224 -0.0275822 -0.0281266 -0.379229 0.028523 0.999028 0.0336143 -0.770036 0.0271721 -0.0343905 0.999039 0.141567 0 0 0 1 
5494384560098;0.365154;0.585094;0.95799 -0.208407 -0.197034 0.331 0.192122 0.9764 -0.0986531 -1.2273 0.212944 0.0566542 0.975421 -1.35476 0 0 0 1 
5494384560099;0.345567;0.206321;0.996461 -0.0275413 0.0794197 -0.518079 0.0328488 0.997258 -0.0663162 0.138759 -0.0773755 0.0686903 0.994633 0.602357 0 0 0 1 
5494384560100;0.37298;0.316643;0.942985 -0.231354 -0.239278 0.455126 0.233196 0.972203 -0.0209903 -1.47149 0.237483 -0.0360052 0.970724 -1.31391 0 0 0 1 
5494384560101;0.595346;0.202973;0.916525 0.367202 0.15857 0.0850211 -0.388341 0.911874 0.132956 2.48003 -0.0957743 -0.183437 0.978355 1.0792 0 0 0 1 
5494384560102;0.240088;0.211386;0.974321 -0.209389 0.0827952 -0.249377 0.221162 0.958974 -0.177356 -1.10399 -0.042262 0.191113 0.980658 0.495765 0 0 0 1 
5494384560103;0.65911;0.187743;0.999334 -0.0312862 -0.0187831 -0.0314717 0.0309656 0.999374 -0.0171226 -0.262972 0.0193071 0.0165296 0.999677 -0.521464 0 0 0 1 
5494384560104;0.317417;0.570802;0.997258 0.0242557 -0.0699143 -0.252939 -0.00676985 0.970699 0.240205 -0.61377 0.073692 -0.239073 0.968201 -0.396919 0 0 0 1 
5494384560105;0.561217;0.214185;0.963559 0.0512231 -0.262547 0.5565 -0.0879506 0.987592 -0.130103 1.00411 0.252625 0.148453 0.956108 -1.07718 0 0 0 1 
5494384560106;0.669368;0.430345;0.980665 0.0109626 0.195384 -0.416266 0.000979992 0.998142 -0.0609224 -0.193092 -0.195689 0.059936 0.978833 1.72022 0 0 0 1 
5494384560107;0.196586;0.279213;0.985614 0.149702 -0.078456 0.169416 -0.144757 0.987307 0.0653551 0.781393 0.0872439 -0.0530578 0.994773 -0.615404 0 0 0 1 
5494384560108;0.588165;0.192737;0.970198 0.215012 -0.111744 0.491793 -0.151088 0.897305 0.414749 -0.0890323 0.189444 -0.385505 0.903048 -1.39514 0 0 0 1 
5494384560109;0.964218;0.194532;0.989173 0.109129 0.0981158 -0.159987 -0.116488 0.990529 0.0726852 0.823119 -0.0892545 -0.0833276 0.992517 1.42472 0 0 0 1 
5494384560110;0.522946;0.541615;0.937308 -0.345699 -0.0441064 -0.280781 0.344017 0.938045 -0.0415274 -2.46303 0.0557298 0.0237507 0.998163 -0.342669 0 0 0 1 
5494384560111;0.382633;0.205848;0.996983 0.00547847 0.0774216 -0.503757 0.00062817 0.996904 -0.0786316 0.207459 -0.0776126 0.078443 0.993893 0.400051 0 0 0 1 
5494384560112;1.20633;0.194412;0.975071 -0.21333 -0.0610398 -0.368892 0.21325 0.976966 -0.00789638 -0.982157 0.0613183 -0.00531723 0.998104 0.364621 0 0 0 1 
5494384560113;0.493118;0.183143;0.992275 0.11378 -0.0494406 0.146419 -0.116648 0.991383 -0.0596056 0.948691 0.0422326 0.0649123 0.996997 -0.521 0 0 0 1 
5494384560114;0.011633;0.2237;0.999552 -0.00154419 -0.0298741 -0.0651932 0.00151717 0.999998 -0.000927111 0.0371498 0.0298754 0.000881372 0.999553 -0.0883712 0 0 0 1 
5494384560115;0.837027;0.17423;0.953402 -0.057442 -0.296184 0.517646 0.110791 0.979778 0.166613 -1.57786 0.280624 -0.191664 0.940487 -1.47854 0 0 0 1 
5494384560116;0.753813;0.184119;0.992768 -0.0901764 -0.0792439 -0.429951 0.0923034 0.995451 0.0235932 -0.613023 0.0767559 -0.030737 0.996576 -0.668392 0 0 0 1 
5494384560117;0.39392;0.229843;0.962419 0.271545 0.00358623 0.210566 -0.271533 0.961989 0.0290966 1.83104 0.00445113 -0.0289769 0.99957 0.271584 0 0 0 1 
5494384560118;0.486867;0.23645;0.997691 0.0678291 -0.00346259 0.114591 -0.0642059 0.925321 -0.373709 1.30512 -0.0221443 0.373068 0.92754 0.308557 0 0 0 1 
5494384560119;0.307339;0.204724;0.958681 0.281345 -0.0421406 0.389779 -0.266988 0.940943 0.208192 1.33071 0.0982257 -0.188339 0.97718 -0.554927 0 0 0 1 
5494384560120;1.07013;0.239259;0.965989 -0.227075 -0.123706 0.338334 0.210366 0.968297 -0.134708 -0.968555 0.150373 0.104102 0.983133 -1.67661 0 0 0 1 
5494384560121;0.937742;0.16282;0.893142 0.399824 -0.206003 0.910795 -0.404346 0.914352 0.0215605 2.00969 0.19698 0.0640398 0.978314 -1.30737 0 0 0 1 
5494384560122;0.448809;0.318524;0.905308 0.390524 0.16706 0.0103033 -0.401613 0.915049 0.0373229 2.73776 -0.138292 -0.100882 0.98524 1.08379 0 0 0 1 
5494384560124;0.180601;0.110443;0.991059 -0.101328 0.0868067 -0.307673 0.0867631 0.983674 0.157661 -0.549139 -0.101365 -0.148719 0.983671 0.320916 0 0 0 1 
5494384560125;0.336264;0.145356;0.954882 -0.121341 0.271064 -0.53956 0.131731 0.991076 -0.0203967 -0.551626 -0.26617 0.0551839 0.962345 0.979689 0 0 0 1 
5494384560126;0.158937;0.0975148;0.993006 0.102667 0.0583047 -0.245381 -0.104447 0.994127 0.0283385 0.356648 -0.0550528 -0.03423 0.997897 0.151977 0 0 0 1 
5494384560127;0.459182;0.119334;0.990027 -0.111034 -0.0867126 0.490717 0.11243 0.993595 0.0113724 -0.080702 0.0848945 -0.0210081 0.996168 -0.395797 0 0 0 1 
5494384560128;0.768681;0.134188;0.962442 -0.143924 0.2302 -0.703242 0.207345 0.937027 -0.281047 -0.0565976 -0.175254 0.318222 0.931676 0.252328 0 0 0 1 
5494384560129;0.8631;0.156103;0.920437 -2.70806e-05 0.390891 -0.940895 -0.0950968 0.96994 0.223993 -0.583989 -0.379147 -0.243344 0.892766 1.8721 0 0 0 1 
5494384560130;0.294138;0.114971;0.991343 -0.126361 -0.035662 0.231646 0.130644 0.976385 0.172059 -0.815248 0.0130783 -0.175229 0.984441 -0.298176 0 0 0 1 
5494384560131;0.331415;0.129275;0.996132 -0.0454551 -0.075198 0.0277798 0.0446318 0.998924 -0.0125935 -0.034319 0.0756895 0.00918857 0.997089 0.0105408 0 0 0 1 
5494384560132;0.299743;0.142864;0.930117 -0.00158577 -0.367259 0.926721 0.0796429 0.977066 0.197484 -0.572463 0.358523 -0.212933 0.908912 -1.47495 0 0 0 1 
5494384560133;0.275606;0.116022;0.915473 0.137865 -0.378024 1.09681 -0.085972 0.984795 0.150953 0.167307 0.393088 -0.105693 0.913406 -1.52724 0 0 0 1 
5494384560134;0.715759;0.0997866;0.977241 0.211814 0.0115716 0.0915358 -0.211757 0.977304 -0.00600079 1.02527 -0.01258 0.00341386 0.999915 0.795903 0 0 0 1 
5494384560135;0.221863;0.102019;0.957101 0.273417 0.095921 0.0512071 -0.28273 0.953693 0.102629 1.14095 -0.0634187 -0.125346 0.990084 0.176527 0 0 0 1 
5494384560136;0.513605;0.0721128;0.969216 0.246205 0.00181861 -0.225334 -0.246196 0.969048 0.0182643 1.36302 0.00273443 -0.0181498 0.999832 -0.261013 0 0 0 1 
5494384560137;0.0725673;0.0910116;0.999844 -0.00312365 -0.0173915 -0.00813366 0.00381092 0.999207 0.0396262 -0.00715061 0.0172539 -0.0396863 0.999063 -0.0652071 0 0 0 1 
5494384560138;0.458946;0.109627;0.99549 -0.0391808 -0.0863986 0.0763717 0.0270512 0.990155 -0.137339 0.205111 0.0909291 0.134382 0.986749 0.141321 0 0 0 1 
5494384560139;0.373858;0.0814463;0.983239 0.150795 0.102474 0.0948269 -0.150386 0.988557 -0.0117493 0.349244 -0.103073 -0.00385832 0.994666 0.296561 0 0 0 1 
5494384560140;0.407687;0.0825153;0.930614 0.336955 -0.142896 0.44281 -0.300012 0.925914 0.229512 0.847999 0.209645 -0.170716 0.962759 -0.675479 0 0 0 1 
5494384560141;0.827786;0.0868922;0.998367 -0.0106675 0.0561275 -0.263163 0.0126988 0.999273 -0.0359586 0.221848 -0.0557031 0.0366126 0.997776 1.17023 0 0 0 1 
5494384560142;0.791925;0.118785;0.998163 -0.0240484 0.0556023 -0.821458 0.0226262 0.999404 0.0260688 -0.308123 -0.0561961 -0.0247628 0.998113 -0.400971 0 0 0 1 
5494384560143;0.413054;0.109263;0.883747 0.390508 0.257865 0.0644359 -0.421423 0.903696 0.075742 1.44674 -0.203454 -0.175607 0.963208 0.728466 0 0 0 1 
5494384560144;0.460909;0.102077;0.990081 0.098436 -0.100249 0.175966 -0.0924629 0.993747 0.0625906 0.411368 0.105784 -0.0527004 0.992992 0.0117525 0 0 0 1 
5494384560145;0.514439;0.10473;0.994553 -0.0691001 0.0780368 -0.387918 0.045367 0.961009 0.272768 -0.110504 -0.0938425 -0.267742 0.95891 0.35282 0 0 0 1 
5494384560146;0.876277;0.0840724;0.958295 0.28534 -0.0158854 1.07462 -0.283799 0.956711 0.0645122 0.791636 0.0336056 -0.0573135 0.99779 -0.739527 0 0 0 1 
5494384560147;0.0882485;0.0797083;0.988278 0.0152127 -0.151904 0.308009 -0.0122812 0.99972 0.0202181 0.0952849 0.152169 -0.0181155 0.988188 -0.646378 0 0 0 1 
5494384560148;0.565514;0.0861951;0.898943 0.302114 0.31722 0.202136 -0.256813 0.950097 -0.177093 1.84806 -0.354892 0.0777306 0.93167 1.50133 0 0 0 1 
5494384560149;0.651367;0.118295;0.993189 -0.107809 0.0441874 -0.507454 0.103494 0.99051 0.0904424 -0.436804 -0.0535185 -0.0852533 0.994921 0.782616 0 0 0 1 
5494384560150;0.389377;0.268457;0.9643 -0.190903 0.183528 -0.447286 0.189449 0.981557 0.0255886 -0.846404 -0.185028 0.0100941 0.982681 0.821055 0 0 0 1 
5494384560151;0.428451;0.131229;0.949302 -0.310829 -0.0470277 0.0179225 0.313334 0.947649 0.0615071 -1.365 0.0254475 -0.0731242 0.996998 -0.482985 0 0 0 1 
5494384560152;0.492131;0.140952;0.94264 -0.33377 -0.00523452 -0.0324183 0.325121 0.914433 0.241058 -2.06438 -0.0756714 -0.228933 0.970497 0.166883 0 0 0 1 
5494384560153;0.585822;0.0916662;0.999423 0.0175557 -0.0290652 0.038286 -0.0225231 0.983309 -0.180543 0.620836 0.0254105 0.181093 0.983138 -0.676613 0 0 0 1 
5494384560155;0.510199;0.347712;0.995618 -0.093442 0.00372537 0.0790875 0.0920063 0.985895 0.139807 -0.395624 -0.0167367 -0.138852 0.990172 0.430742 0 0 0 1 
5494384560156;0.606536;0.325704;0.999666 0.0250567 -0.00636476 0.241182 -0.0241448 0.99289 0.116558 -0.448893 0.00924007 -0.116365 0.993164 -0.720335 0 0 0 1 
5494384560157;0.698949;0.212956;0.966731 -0.255019 -0.0199123 0.502131 0.255795 0.96362 0.0774931 -0.704277 -0.000574341 -0.0800085 0.996794 0.473827 0 0 0 1 
5494384560158;0.932434;0.399856;0.974703 0.0245451 0.222152 0.0604088 -0.0074884 0.99698 -0.0772984 -0.0864505 -0.223379 0.0736794 0.971943 1.29156 0 0 0 1 
5494384560159;0.588127;0.399201;0.951674 0.189885 0.241373 0.481814 -0.195728 0.980658 0.000234832 -0.198786 -0.23666 -0.0474669 0.970432 0.739886 0 0 0 1 
5494384560160;0.813406;0.426277;0.956166 0.119629 -0.267275 1.08569 -0.0604609 0.97373 0.219533 -0.377259 0.286516 -0.193751 0.93828 -0.938947 0 0 0 1 
5494384560161;0.869163;0.284339;0.997954 0.0570896 -0.0287943 0.353239 -0.0534554 0.99202 0.114189 -1.13643 0.0350835 -0.112417 0.993042 -0.133375 0 0 0 1 
5494384560162;0.520155;0.330729;0.990796 -0.0703173 -0.115665 0.201657 0.0980481 0.961933 0.255092 -0.39534 0.0933244 -0.264085 0.959974 0.176059 0 0 0 1 
5494384560163;0.884248;0.404612;0.90711 0.42048 -0.0186407 1.18951 -0.419352 0.906689 0.0453815 0.438823 0.0359834 -0.033349 0.998796 -0.00323587 0 0 0 1 
5494384560164;0.069281;0.18153;0.999212 -0.0209338 -0.0337117 0.105777 0.0226702 0.998391 0.051977 -0.271064 0.0325694 -0.0527003 0.998079 -0.0826321 0 0 0 1 
5494384560165;0.359877;0.352916;0.9153 0.368134 0.163409 0.165114 -0.376646 0.926061 0.02344 0.180389 -0.142697 -0.083002 0.98628 0.215454 0 0 0 1 
5494384560166;0.617506;0.37255;0.949118 0.0347617 -0.312996 0.753362 0.00100855 0.993549 0.113403 -0.359335 0.314919 -0.107948 0.94296 -0.0976273 0 0 0 1 
5494384560167;0.359577;0.303865;0.954869 -0.18066 0.235771 -0.0157606 0.220009 0.963459 -0.152781 -0.502107 -0.199554 0.197757 0.959724 0.193087 0 0 0 1 
5494384560168;0.367236;0.563819;0.957423 0.218413 0.188776 0.266321 -0.252855 0.949984 0.183288 -0.493106 -0.139302 -0.223217 0.964764 0.12631 0 0 0 1 
5494384560169;0.299703;0.354287;0.995769 0.058237 -0.0710756 0.256046 -0.0418497 0.97606 0.213438 -0.623627 0.081804 -0.20956 0.974368 -0.0785088 0 0 0 1 
5494384560170;0.388752;0.321678;0.999912 -0.00363325 -0.0127656 0.410821 0.00478664 0.995792 0.0915168 -0.145874 0.0123793 -0.0915699 0.995722 -0.162863 0 0 0 1 
5494384560171;0.436725;0.17044;0.999483 -0.0108965 0.0302575 0.337701 0.00412805 0.976536 0.215316 -0.351233 -0.0318937 -0.21508 0.976076 -0.325889 0 0 0 1 
5494384560172;0.743415;0.48305;0.99135 0.130375 -0.0151153 0.848351 -0.128338 0.987038 0.096356 -0.17152 0.0274818 -0.0935826 0.995232 0.0373352 0 0 0 1 
5494384560173;0.766137;0.405084;0.998457 0.054315 -0.0115295 0.420044 -0.0453971 0.918102 0.393737 -0.251735 0.0319711 -0.392606 0.919151 -0.715639 0 0 0 1 
5494384560174;0.152675;0.23335;0.992949 -0.083878 -0.0837687 0.0349275 0.0927896 0.989716 0.10887 -0.405425 0.0737754 -0.115875 0.99052 -0.171724 0 0 0 1 
5494384560175;0.731473;0.414299;0.994186 0.0441459 -0.0982083 0.47745 -0.0559455 0.991094 -0.120839 0.0170332 0.0919991 0.125631 0.987802 -0.838546 0 0 0 1 
5494384560176;0.458408;0.311551;0.910659 0.0941167 0.402296 -0.0123512 -0.20111 0.951545 0.232631 0.139013 -0.360908 -0.292753 0.885461 0.356769 0 0 0 1 
5494384560177;0.329052;0.394006;0.969831 -0.0310352 -0.241794 0.327249 0.0253696 0.999327 -0.0265104 -0.310087 0.242454 0.0195764 0.969965 -0.209449 0 0 0 1 
5494384560178;0.128329;0.382662;0.99234 0.0408122 -0.1166 0.246886 -0.0145733 0.975936 0.217568 -0.51984 0.122674 -0.214202 0.969055 -0.27655 0 0 0 1 
5494384560179;0.884119;0.406975;0.948608 -0.220996 0.226502 -0.129455 0.196163 0.972297 0.127116 -1.16544 -0.24832 -0.0761517 0.96568 -0.42456 0 0 0 1 
5494384560180;0.395688;0.254316;0.998973 -0.0291913 -0.0346631 -0.0898029 0.0322358 0.995348 0.090794 -0.105286 0.0318514 -0.0918181 0.995266 -0.353881 0 0 0 1 
5494384560181;0.929561;0.336704;0.968073 -0.248263 -0.0346496 -0.508052 0.24937 0.967866 0.0324178 -0.995701 0.025488 -0.0400234 0.998874 -0.792452 0 0 0 1 
5494384560182;0.699324;0.385479;0.949189 -0.255102 0.184289 -0.230273 0.274423 0.957583 -0.0878973 -1.00573 -0.154049 0.134004 0.978934 -0.300558 0 0 0 1 
5494384560183;0.638253;0.402389;0.916226 -0.14161 0.374801 -0.376417 0.0875988 0.983626 0.1575 -0.741828 -0.390968 -0.111474 0.913629 1.08359 0 0 0 1 
5494384560184;0.208766;0.627226;0.984864 0.169858 -0.0345177 0.282491 -0.16628 0.982102 0.0884702 -0.436942 0.0489272 -0.0813915 0.995481 -0.21772 0 0 0 1 
5494384560186;0.36111;0.0587248;0.999173 -0.0359476 0.0189961 -0.0197804 0.0362638 0.999205 -0.0165721 0.104092 -0.0183853 0.0172472 0.999682 0.489326 0 0 0 1 
5494384560187;0.496451;0.0766561;0.960139 0.253399 -0.117991 0.882743 -0.202352 0.921316 0.332009 0.209462 0.192838 -0.294899 0.935868 -0.757201 0 0 0 1 
5494384560188;0.447898;0.0786508;0.936996 -0.340069 0.079953 -0.244135 0.31345 0.91946 0.237366 -1.73885 -0.154234 -0.197349 0.968125 0.493309 0 0 0 1 
5494384560189;0.616026;0.0750532;0.952561 -0.214053 -0.216353 0.589433 0.21659 0.976186 -0.0122032 -0.356624 0.213813 -0.0352357 0.976239 -0.465273 0 0 0 1 
5494384560190;0.219844;0.101065;0.982819 -0.164588 -0.0835351 -0.0041729 0.170572 0.982829 0.0703738 -0.764507 0.070518 -0.0834134 0.994017 -0.224441 0 0 0 1 
5494384560191;0.269957;0.0992404;0.978347 0.201195 0.0485546 0.250723 -0.203103 0.978413 0.0381809 0.728529 -0.0398246 -0.0472158 0.998091 0.212674 0 0 0 1 
5494384560192;0.563983;0.0626608;0.994139 0.103438 -0.0314516 -0.0876917 -0.0816469 0.908989 0.408745 -0.0620834 0.0708689 -0.403781 0.912107 0.14348 0 0 0 1 
5494384560193;0.714742;0.0804234;0.97963 -0.189218 -0.0672474 0.507979 0.158459 0.934089 -0.319951 -0.51398 0.123355 0.302777 0.945045 -0.760521 0 0 0 1 
5494384560194;0.621903;0.0690228;0.987644 -0.15533 -0.0207737 -0.129083 0.155368 0.987857 0.00025529 -0.742144 0.0204818 -0.00347971 0.999784 0.670004 0 0 0 1 
5494384560195;0.355585;0.0743919;0.954181 -0.28781 0.081876 -0.267882 0.286461 0.957682 0.0280221 -1.21113 -0.0864762 -0.00328387 0.996249 0.627076 0 0 0 1 
5494384560196;0.150749;0.063434;0.997812 0.0636665 0.0178381 0.00386692 -0.0643191 0.997176 0.0387741 0.118686 -0.0153192 -0.0398365 0.999089 0.255704 0 0 0 1 
5494384560197;0.514288;0.1032;0.893558 -0.429424 -0.130951 0.69222 0.444397 0.887461 0.122166 -1.93826 0.0637529 -0.167357 0.983833 0.119391 0 0 0 1 
5494384560198;0.530599;0.0521813;0.995216 0.0172601 0.0961634 -0.406321 0.0238331 0.911647 -0.410283 0.34951 -0.0947486 0.410612 0.906874 0.453072 0 0 0 1 
5494384560199;0.148187;0.0893337;0.996937 0.0774473 0.0109039 0.0662792 -0.0772296 0.99683 -0.0191409 0.314763 -0.0123518 0.0182402 0.999757 0.116526 0 0 0 1 
5494384560200;0.674054;0.0884932;0.99788 -0.0606406 0.0236246 -0.658943 0.059069 0.996305 0.0623408 -0.709519 -0.0273177 -0.0608132 0.997775 -0.186384 0 0 0 1 
5494384560201;0.851959;0.0697526;0.958065 -0.191208 0.213427 -0.187981 0.126452 0.950481 0.283894 -0.994874 -0.257141 -0.245 0.934801 0.235077 0 0 0 1 
5494384560202;0.0584502;0.0911579;0.999741 -0.0106312 -0.0201127 0.0265453 0.0114944 0.998996 0.043301 -0.136328 0.0196322 -0.0435209 0.99886 -0.0381661 0 0 0 1 
5494384560203;0.443983;0.0652598;0.995286 -0.0515085 0.0821728 -0.183643 0.0808918 0.908303 -0.410417 0.545932 -0.0534978 0.41513 0.908188 0.352558 0 0 0 1 
5494384560204;0.212563;0.0783867;0.999309 0.0244648 0.0279719 -0.0299663 -0.0246295 0.999681 0.00555955 0.0573573 -0.027827 -0.00624465 0.999593 -0.0434703 0 0 0 1 
5494384560205;0.664348;0.0813668;0.87397 -0.289763 0.390145 -0.190443 0.232419 0.954256 0.188086 -1.06551 -0.426799 -0.0737049 0.901338 2.5978 0 0 0 1 
5494384560206;0.578856;0.0778724;0.995209 -0.0920921 0.0328313 -0.0516234 0.0921285 0.995747 0.000404915 -0.275392 -0.032729 0.00262172 0.999461 0.881026 0 0 0 1 
5494384560207;0.371227;0.0763409;0.979184 -0.0354896 0.199849 -0.502864 -0.0310562 0.946807 0.3203 -0.553896 -0.200585 -0.319839 0.925996 1.00743 0 0 0 1 
5494384560208;0.803964;0.0618351;0.995526 0.0401025 0.0855584 -0.0653389 -0.0428799 0.998603 0.0308745 0.257337 -0.0842008 -0.0344051 0.995855 1.33295 0 0 0 1 
5494384560209;0.402561;0.100675;0.89928 -0.408397 -0.156549 0.434881 0.380586 0.907051 -0.180034 -1.28493 0.215523 0.10232 0.971123 -0.615548 0 0 0 1 
5494384560210;0.831689;0.070718;0.983645 0.154708 0.0922433 -0.191028 -0.129952 0.964162 -0.231311 1.60736 -0.124723 0.215541 0.968497 0.152603 0 0 0 1 
5494384560211;0.793568;0.0802087;0.995575 -0.0341219 -0.087558 0.962605 0.0346511 0.999389 0.00453045 0.139011 0.0873499 -0.00754438 0.996149 -0.595254 0 0 0 1 
5494384560212;0.459124;0.0686456;0.999751 -0.0149599 0.0165603 0.213966 0.0148104 0.999849 0.00911437 0.0554269 -0.0166942 -0.00886684 0.999821 0.573896 0 0 0 1 
5494384560213;0.436091;0.337601;0.999118 -0.024717 0.0339437 -0.0480679 0.0276862 0.995558 -0.0899904 0.104213 -0.0315686 0.0908508 0.995364 0.55623 0 0 0 1 
5494384560214;0.701608;0.0919863;0.999891 -0.0108113 0.010099 0.0039278 0.0106439 0.999808 0.0164816 0.65308 -0.0102753 -0.0163723 0.999813 -0.197094 0 0 0 1 
5494384560215;0.568246;0.0740969;0.956376 0.0621409 -0.285452 1.24621 0.0253448 0.955782 0.292982 -0.649636 0.291036 -0.287435 0.912512 -0.996914 0 0 0 1 
5494384560217;0.781012;0.164442;0.985847 0.16762 -0.00302228 0.863712 -0.167625 0.98585 -0.00154983 0.674981 0.00271973 0.0020345 0.999994 0.356121 0 0 0 1 
5494384560218;0.673342;0.120527;0.852603 -0.126243 -0.507081 2.09999 0.158628 0.987116 0.0209631 -1.0449 0.497901 -0.0983105 0.861643 -2.01746 0 0 0 1 
5494384560219;0.333437;0.205127;0.956029 -0.265061 -0.125501 0.542431 0.269746 0.962689 0.0216247 -1.62818 0.115087 -0.0545273 0.991858 -0.593567 0 0 0 1 
5494384560220;0.675306;0.137379;0.953933 -0.153407 -0.257832 0.790658 0.119 0.982365 -0.144217 -0.273807 0.275409 0.106891 0.955366 -0.796778 0 0 0 1 
5494384560221;0.374554;0.108827;0.914222 0.404586 0.0225547 0.739274 -0.39357 0.899823 -0.188204 2.76388 -0.09644 0.163184 0.981871 0.793297 0 0 0 1 
5494384560222;1.07278;0.125292;0.961493 0.103891 -0.254438 0.267904 -0.159189 0.965207 -0.20745 2.15704 0.224033 0.239965 0.944577 -0.700696 0 0 0 1 
5494384560223;0.406435;0.139501;0.927868 0.372908 -0.00057989 0.530183 -0.372415 0.926558 -0.052887 2.20061 -0.0191847 0.0492881 0.9986 0.397365 0 0 0 1 
5494384560224;0.20751;0.119482;0.989778 -0.0607535 0.129032 -0.294631 0.0597441 0.998145 0.0116827 -0.380181 -0.129502 -0.00385438 0.991572 0.792529 0 0 0 1 
5494384560225;0.828158;0.157936;0.993057 -0.014888 -0.116692 0.245445 0.0193043 0.999136 0.0368069 0.0132068 0.116043 -0.038804 0.992486 0.173911 0 0 0 1 
5494384560226;0.429538;0.136547;0.875935 0.0848088 -0.474916 1.91479 -0.0131631 0.988262 0.152202 0.0361359 0.482249 -0.127068 0.86677 -2.62285 0 0 0 1 
5494384560227;0.623994;0.132842;0.942671 -0.31421 0.112447 -0.229243 0.288536 0.936673 0.198471 -1.7397 -0.167688 -0.154648 0.973635 0.761143 0 0 0 1 
5494384560228;0.349478;0.078925;0.973072 -0.159678 -0.166237 0.428532 0.197284 0.949913 0.242372 -1.45428 0.119209 -0.268641 0.955835 -0.69563 0 0 0 1 
5494384560229;0.390705;0.121783;0.996376 0.063185 -0.0569404 0.0867634 -0.0642868 0.997774 -0.0177296 0.739477 0.0556934 0.0213259 0.99822 -0.00148424 0 0 0 1 
5494384560230;0.944473;0.108784;0.989813 0.0652331 0.126553 -0.883446 -0.0648792 0.997869 -0.00692048 0.529179 -0.126735 -0.00136069 0.991936 0.279636 0 0 0 1 
5494384560231;0.749473;0.205128;0.946961 -0.176622 0.268459 -0.680014 0.149268 0.981578 0.119266 -1.00454 -0.284578 -0.0728683 0.955879 1.27761 0 0 0 1 
5494384560232;0.1939;0.133993;0.99413 -0.0981775 0.0454699 -0.0841935 0.089632 0.98269 0.162134 -0.841041 -0.0606007 -0.157106 0.985721 0.306337 0 0 0 1 
5494384560233;0.634182;0.130454;0.935868 0.229815 0.267087 -0.190706 -0.297983 0.920741 0.251877 1.20928 -0.188033 -0.315311 0.930173 0.715405 0 0 0 1 
5494384560234;0.39885;0.173595;0.927803 -0.296789 -0.226047 0.979388 0.323927 0.941454 0.093463 -2.17066 0.185074 -0.159938 0.969622 -1.20512 0 0 0 1 
5494384560235;0.0516956;0.143725;0.997437 0.0691574 -0.0183497 0.175154 -0.068815 0.997455 0.018681 0.462384 0.0195949 -0.0173703 0.999657 -0.097749 0 0 0 1 
5494384560236;0.391323;0.169824;0.995333 -0.0860287 -0.0437092 0.232279 0.0890396 0.993395 0.0723778 -0.292621 0.0371939 -0.0759319 0.996419 -0.281069 0 0 0 1 
5494384560237;1.02921;0.0970368;0.99874 0.00687718 0.0497146 0.464348 0.00215524 0.983776 -0.179387 0.82591 -0.0501417 0.179268 0.982522 1.17967 0 0 0 1 
5494384560238;0.757061;0.160218;0.958603 0.267863 -0.0965904 0.760321 -0.270022 0.962804 -0.00977913 2.12832 0.0903782 0.0354559 0.995276 -0.925298 0 0 0 1 
5494384560239;0.288361;0.12337;0.913239 0.307716 0.267031 0.0631061 -0.306082 0.950753 -0.0488152 1.93576 -0.268902 -0.0371535 0.962451 1.71269 0 0 0 1 
5494384560240;0.0978136;0.144006;0.986199 0.0901205 -0.138889 0.544934 -0.0811554 0.994315 0.0689248 0.393505 0.144311 -0.056702 0.987907 -0.798498 0 0 0 1 
5494384560241;0.673589;0.101471;0.927277 0.346475 -0.141819 0.802098 -0.367378 0.915031 -0.166591 3.0741 0.0720492 0.206577 0.975774 -0.143709 0 0 0 1 
5494384560242;1.04802;0.148259;0.978716 0.124948 0.162795 -0.40796 -0.102943 0.985173 -0.137247 1.56112 -0.17753 0.117567 0.977068 1.94007 0 0 0 1 
5494384560243;0.111566;0.169426;0.998471 0.0167364 -0.0526775 0.222957 -0.0170283 0.999842 -0.00509724 0.266442 0.0525839 0.00598645 0.998599 -0.315998 0 0 0 1 
5494384560244;1.00468;0.272;0.994348 -0.103804 -0.0222707 0.602359 0.105637 0.988297 0.110042 -0.803912 0.0105873 -0.111773 0.993677 -0.878653 0 0 0 1 
5494384560245;0.648612;0.140245;0.993096 -0.113032 0.0313731 -0.0233012 0.114644 0.991857 -0.0554668 -0.16688 -0.0248481 0.0586806 0.997968 0.724941 0 0 0 1 
5494384560246;0.310363;0.12787;0.997787 0.0528967 0.0402847 0.063597 -0.0589002 0.984295 0.166413 0.0897666 -0.0308494 -0.168418 0.985233 0.437644 0 0 0 1 
5494384560248;0.548689;0.0863304;0.964944 -0.262061 0.0144094 0.238704 0.259974 0.961908 0.0845335 -2.94384 -0.0360135 -0.077824 0.996316 1.10218 0 0 0 1 
5494384560249;0.350307;0.0364752;0.968159 0.22173 0.11621 -0.26267 -0.202125 0.966251 -0.1597 2.75576 -0.147698 0.131126 0.980302 1.2028 0 0 0 1 
5494384560250;0.482059;0.0245824;0.992221 0.0325914 0.120147 0.330939 -0.0234644 0.996785 -0.0766129 -0.0634243 -0.122257 0.0731977 0.989796 1.21869 0 0 0 1 
5494384560251;0.346948;0.0359347;0.951184 0.225214 0.211016 -0.379808 -0.243742 0.967591 0.0660063 2.16743 -0.189312 -0.114218 0.975251 2.38543 0 0 0 1 
5494384560252;0.590914;0.0301153;0.91843 -0.240428 -0.314134 1.94728 0.186383 0.963442 -0.192462 -2.0136 0.348923 0.118214 0.929666 -3.46053 0 0 0 1 
5494384560253;0.449485;0.0670405;0.930103 -0.00684458 -0.367234 1.73454 -0.0378163 0.992728 -0.114281 1.06528 0.365346 0.120181 0.923081 -3.56827 0 0 0 1 
5494384560254;0.682288;0.089845;0.947742 -0.316941 0.036509 1.31307 0.308368 0.939379 0.149922 -3.78462 -0.0818123 -0.13083 0.988023 1.75238 0 0 0 1 
5494384560255;0.468787;0.0455101;0.998643 -0.0216188 0.0473797 -0.45829 0.0272974 0.99207 -0.122689 0.138053 -0.0443516 0.123816 0.991314 -0.402543 0 0 0 1 
5494384560256;0.445109;0.0496997;0.922142 0.348628 0.167667 -0.414248 -0.368457 0.923573 0.106078 3.28645 -0.117871 -0.159597 0.98012 0.92573 0 0 0 1 
5494384560257;0.358958;0.0729925;0.976898 -0.0949613 0.191449 -0.469889 0.0663894 0.986379 0.150495 -1.14275 -0.203133 -0.134308 0.969896 2.54478 0 0 0 1 
5494384560258;0.299214;0.103727;0.945425 -0.307776 0.106987 0.574732 0.322702 0.929871 -0.176646 -2.63714 -0.0451164 0.201531 0.978443 0.102287 0 0 0 1 
5494384560259;0.232186;0.0550122;0.988046 -0.154003 -0.00691867 0.343178 0.153923 0.983068 0.0994211 -1.94113 -0.00850962 -0.0992976 0.995021 -0.0371708 0 0 0 1 
5494384560260;0.561418;0.0456403;0.962118 0.258409 0.0869124 -0.368631 -0.264724 0.961695 0.0711622 2.36429 -0.0651942 -0.0914743 0.993671 1.55329 0 0 0 1 
5494384560261;0.428236;0.0585996;0.87595 0.245368 0.415339 -0.379201 -0.217548 0.969385 -0.113869 2.39398 -0.430563 0.00938741 0.902512 4.49162 0 0 0 1 
