#;prob_registration_l1 -r /home/probabilistic_point_clouds_registration/build/tester /home/point_clouds_registration_benchmark//devel/registration_pairs/urban05_local.txt /home/point_clouds_registration_benchmark//kaist/urban05 -s 0.2 -t 0.2 -p 0.3 -r 1000 -m 25 -i 40 
id;initial_error;final_error;transformation
34562489690000;0.13992;0.350066;1 9.39686e-06 0.000103759 -76.9578 -9.39664e-06 1 -2.05724e-06 8.82188 -0.000103759 2.05626e-06 1 55.5981 0 0 0 1 
34562489690001;0.182436;0.432496;1 2.16692e-06 -0.000193022 -20.3244 -2.16359e-06 1 1.72509e-05 3.03481 0.000193022 -1.72505e-05 1 2.17071 0 0 0 1 
34562489690002;0.400034;0.870172;0.994622 0.000230333 -0.103567 1935.9 0.000672677 0.999962 0.00868403 -172.539 0.103566 -0.008707 0.994585 -2692.39 0 0 0 1 
34562489690003;0.381518;0.693575;0.98275 0.00176352 -0.184933 -2046.83 0.00115096 0.999877 0.0156511 176.048 0.184938 -0.015594 0.982627 -4436.01 0 0 0 1 
34562489690004;0.467995;0.800893;0.999968 0.000814894 -0.00792523 -6535.25 -0.000804999 0.999999 0.00125168 577.292 0.00792624 -0.00124526 0.999968 4450.52 0 0 0 1 
34562489690005;0.423309;0.771576;1 -1.71392e-07 1.01802e-06 -1.36135 1.71392e-07 1 7.07229e-08 2.84152 -1.01802e-06 -7.07227e-08 1 -0.507076 0 0 0 1 
34562489690006;0.190415;0.418965;0.996369 -0.000568722 0.0851332 7111.99 0.00126019 0.999967 -0.00806865 -618.849 -0.0851258 0.00814664 0.996337 -5751.54 0 0 0 1 
34562489690007;0.167146;0.260194;0.999777 5.64166e-05 0.0211362 -300.026 -2.03747e-05 0.999999 -0.00170544 27.2937 -0.0211363 0.00170462 0.999775 1131.09 0 0 0 1 
34562489690008;0.102809;0.110387;1 -8.42557e-07 8.27197e-06 6.29633 8.42559e-07 1 -2.58382e-07 -0.933402 -8.27197e-06 2.58389e-07 1 3.50758 0 0 0 1 
34562489690009;0.0509686;0.109987;1 -3.52574e-06 -2.44044e-05 27.9121 3.52576e-06 1 6.3892e-07 -3.71075 2.44043e-05 -6.39006e-07 1 -11.9788 0 0 0 1 
34562489690010;0.0869115;0.503385;1 3.70981e-06 -0.000134933 -31.5695 -3.7083e-06 1 1.11731e-05 6.83412 0.000134933 -1.11726e-05 1 -5.18687 0 0 0 1 
34562489690011;0.0782188;0.433685;0.999424 6.11262e-05 -0.0339228 -84.5357 3.93234e-05 0.999996 0.00296045 10.0221 0.0339228 -0.00296008 0.99942 -12.2431 0 0 0 1 
34562489690012;0.0495854;0.0603707;0.999999 4.24128e-10 0.00163156 0.459141 2.31828e-07 1 -0.00014235 -0.225509 -0.00163156 0.00014235 0.999999 0.438882 0 0 0 1 
34562489690013;0.0622498;0.857112;1 1.62312e-05 0.000323903 -130.254 -1.62242e-05 1 -2.18161e-05 19.0472 -0.000323903 2.18108e-05 1 52.2721 0 0 0 1 
34562489690014;0.30978;0.646172;1 -1.6844e-07 4.07338e-07 -1.02794 1.6844e-07 1 4.40597e-08 3.40535 -4.07338e-07 -4.40597e-08 1 -0.241284 0 0 0 1 
34562489690015;0.264634;0.608207;1 -1.48751e-07 2.59217e-07 -1.31902 1.48751e-07 1 5.50399e-09 -3.61328 -2.59217e-07 -5.50395e-09 1 -0.0367709 0 0 0 1 
34562489690016;0.0384264;0.128084;1 1.53543e-06 3.63101e-05 -12.6728 -1.53537e-06 1 -1.63476e-06 2.26428 -3.63101e-05 1.6347e-06 1 12.1394 0 0 0 1 
34562489690017;0.317284;0.438236;1 -1.56091e-07 2.79064e-07 -1.35275 1.56091e-07 1 3.97636e-08 -1.95562 -2.79064e-07 -3.97636e-08 1 -0.27743 0 0 0 1 
34562489690018;0.287954;1.30858;1 7.24435e-06 8.00211e-05 -59.2996 -7.24428e-06 1 -8.02439e-07 15.8683 -8.00211e-05 8.01859e-07 1 49.3807 0 0 0 1 
34562489690019;0.362659;0.547282;0.9959 -0.000222079 0.0904636 4652.15 0.000981897 0.999965 -0.00835474 -407.056 -0.0904586 0.00840931 0.995865 -4118.98 0 0 0 1 
34562489690020;0.112961;0.0875063;0.999907 -1.84708e-05 -0.0136666 215.636 3.54975e-05 0.999999 0.00124562 -19.8025 0.0136666 -0.00124599 0.999906 424.125 0 0 0 1 
34562489690021;0.197833;1.00017;1 -1.52868e-07 -9.32708e-07 -1.54311 1.52868e-07 1 -4.65443e-09 -7.87801 9.32708e-07 4.65429e-09 1 -0.122686 0 0 0 1 
34562489690022;0.278308;0.765453;0.99781 4.94757e-05 0.0661443 1127.96 0.000341239 0.999983 -0.00589569 -102.82 -0.0661435 0.00590535 0.997793 -1051.63 0 0 0 1 
34562489690023;0.193536;0.403289;0.994843 0.000552813 -0.101421 -813.744 0.000350488 0.99996 0.00888842 70.2584 0.101422 -0.00887813 0.994804 191.263 0 0 0 1 
34562489690024;0.347959;0.310547;0.999316 5.41399e-05 0.0369731 37.7758 6.50999e-05 0.999995 -0.00322383 -5.09097 -0.0369731 0.00322403 0.999311 29.1016 0 0 0 1 
34562489690025;0.302077;0.646071;0.998908 9.3609e-05 -0.0467163 17.2649 9.71523e-05 0.999992 0.00408111 0.212597 0.0467163 -0.0040812 0.9989 21.0573 0 0 0 1 
34562489690026;0.218188;0.564266;0.999386 5.49361e-05 0.0350248 -20.1439 5.20009e-05 0.999995 -0.00305226 4.30255 -0.0350248 0.00305221 0.999382 44.3593 0 0 0 1 
34562489690027;0.18191;0.326721;0.999595 -6.1998e-05 -0.0284492 786.085 0.000134328 0.999997 0.00254052 -66.9772 0.0284489 -0.00254331 0.999592 479.51 0 0 0 1 
34562489690028;0.340963;1.29757;1 -1.8185e-06 0.000939304 8.61367 1.89503e-06 1 -8.14731e-05 -9.93877 -0.000939304 8.14749e-05 1 3.89146 0 0 0 1 
34562489690029;0.238574;0.272379;0.998566 0.000489495 0.0535413 -2940.03 -0.000226847 0.999988 -0.00491151 255.343 -0.053543 0.00489231 0.998554 -1752.39 0 0 0 1 
34562489690031;0.530935;0.70707;0.999944 8.3126e-06 -0.0105895 -25.0042 1.44432e-06 1 0.000921368 2.58418 0.0105895 -0.000921332 0.999944 -24.5367 0 0 0 1 
34562489690032;0.306555;0.605358;0.990718 0.000811469 0.13593 -27.693 0.000808255 0.999929 -0.0118603 1.72435 -0.13593 0.01186 0.990647 53.2648 0 0 0 1 
34562489690033;0.46032;0.571575;0.999666 3.02134e-05 -0.0258301 -4.7473 2.80117e-05 0.999997 0.00225379 1.18939 0.0258301 -0.00225376 0.999664 -9.76122 0 0 0 1 
34562489690034;0.385219;1.21979;0.999734 2.855e-05 -0.0230551 -37.037 1.78041e-05 0.999998 0.00201037 5.36496 0.0230551 -0.00201025 0.999732 -20.1465 0 0 0 1 
34562489690035;0.341621;0.502436;0.982911 0.00149576 0.184076 -56.348 0.00148703 0.99987 -0.016065 3.99432 -0.184076 0.0160642 0.982781 46.7659 0 0 0 1 
34562489690036;0.158469;0.260896;0.995712 0.000379478 -0.0925113 -27.3292 0.000369098 0.999967 0.00807448 1.84244 0.0925114 -0.008074 0.995679 -16.5014 0 0 0 1 
34562489690037;0.364175;0.544585;0.996678 0.000289204 -0.0814429 19.4259 0.000290773 0.999975 0.00710933 -2.67814 0.0814429 -0.0071094 0.996653 -4.54279 0 0 0 1 
34562489690038;0.437441;1.53077;0.992417 0.00067496 0.122914 -118.289 0.000648432 0.999942 -0.0107265 13.8309 -0.122914 0.0107249 0.992359 44.3547 0 0 0 1 
34562489690039;0.392147;0.414733;0.996716 0.000285334 0.0809822 0.212933 0.000288074 0.999975 -0.00706889 -0.499183 -0.0809822 0.007069 0.99669 5.89057 0 0 0 1 
34562489690040;0.283513;0.437071;0.998782 0.000110658 -0.0493322 -27.0731 0.000101838 0.999991 0.00430492 2.45039 0.0493322 -0.0043047 0.998773 -16.3115 0 0 0 1 
34562489690041;0.287266;0.668647;0.995283 0.000423784 -0.0970169 -81.3581 0.000399738 0.999964 0.00846884 8.08462 0.097017 -0.00846767 0.995247 -14.5193 0 0 0 1 
34562489690042;0.329992;1.17267;0.992628 0.000656069 0.121197 -115.102 0.000630727 0.999944 -0.0105787 11.8699 -0.121197 0.0105772 0.992572 27.1262 0 0 0 1 
34562489690043;0.516204;0.828081;0.999558 4.42745e-05 -0.0297265 -40.5718 3.27908e-05 0.999997 0.00259198 3.9542 0.0297266 -0.00259181 0.999555 -26.2329 0 0 0 1 
34562489690044;0.236329;0.174507;0.999829 1.53798e-05 -0.0184784 -1.04095 1.44154e-05 0.999999 0.0016123 0.103035 0.0184784 -0.00161229 0.999828 -7.22381 0 0 0 1 
34562489690045;0.316589;0.396254;0.999787 -2.62024e-06 -0.020622 173.558 4.08517e-05 0.999998 0.0018535 -15.7856 0.0206219 -0.00185395 0.999786 431.546 0 0 0 1 
34562489690046;0.376135;0.548898;0.998756 0.000111762 -0.0498649 -16.9344 0.00010541 0.999991 0.00435255 1.44748 0.0498649 -0.0043524 0.998746 -6.73042 0 0 0 1 
34562489690047;0.485231;0.514201;0.99934 5.93615e-05 -0.0363154 -8.25157 5.57889e-05 0.999995 0.00316982 0.902527 0.0363154 -0.00316976 0.999335 -5.22446 0 0 0 1 
34562489690048;0.199981;0.0857389;0.999978 2.37498e-06 -0.00665638 -2.25415 1.49153e-06 1 0.000580868 0.600118 0.00665638 -0.000580865 0.999978 -1.74069 0 0 0 1 
34562489690049;0.208318;0.211115;1 1.35886e-08 -6.78872e-07 0.0364009 -1.35886e-08 1 4.11599e-08 0.0347103 6.78872e-07 -4.11599e-08 1 -0.105029 0 0 0 1 
34562489690050;0.378047;0.750049;0.975134 0.00218788 -0.221603 -105.19 0.0021528 0.999811 0.0193442 9.02271 0.221604 -0.0193402 0.974945 -41.8895 0 0 0 1 
34562489690051;0.381473;0.78653;0.999882 1.51948e-05 0.0153528 -40.1206 5.34849e-06 0.999999 -0.00133804 4.63447 -0.0153528 0.00133797 0.999881 18.4389 0 0 0 1 
34562489690052;0.123011;0.658887;0.998991 9.84602e-05 -0.0449042 -75.4297 7.74915e-05 0.999992 0.00391662 7.01491 0.0449042 -0.00391615 0.998984 -31.7375 0 0 0 1 
34562489690053;0.447449;1.0082;0.99995 8.27883e-06 0.0100018 -30.9716 4.40924e-07 1 -0.000871813 4.38456 -0.0100018 0.000871773 0.99995 11.0229 0 0 0 1 
34562489690054;0.341689;0.860435;0.999805 2.30759e-05 -0.0197471 -43.8381 1.0955e-05 0.999999 0.00172323 3.41171 0.0197471 -0.00172311 0.999804 -6.71422 0 0 0 1 
34562489690055;0.435439;0.911593;0.999249 7.20177e-05 -0.0387414 -44.646 5.8902e-05 0.999994 0.00337817 3.57975 0.0387414 -0.00337792 0.999244 -32.9858 0 0 0 1 
34562489690056;0.453077;0.373353;0.943837 0.00488105 -0.330376 223.837 0.00490752 0.999573 0.028788 -18.0965 0.330376 -0.0287925 0.94341 -386.929 0 0 0 1 
34562489690057;0.243925;0.707265;0.999643 2.93656e-05 0.0267297 11.9168 3.31385e-05 0.999997 -0.00233793 -3.26699 -0.0267297 0.00233798 0.99964 -36.0793 0 0 0 1 
34562489690058;0.299623;0.555618;0.986903 0.00115109 0.161308 -83.9087 0.0011342 0.9999 -0.0140745 7.843 -0.161308 0.0140731 0.986804 73.4427 0 0 0 1 
34562489690059;0.121954;0.109811;0.999982 3.3451e-07 -0.00603757 11.257 2.84093e-06 1 0.000525938 -1.12192 0.00603757 -0.000525945 0.999982 -9.63786 0 0 0 1 
34562489690060;0.336224;0.953835;0.998973 9.61263e-05 0.0453053 -55.9696 8.30967e-05 0.999992 -0.00395399 6.11103 -0.0453054 0.0039537 0.998965 11.8259 0 0 0 1 
34562489690062;0.450678;0.319766;0.995109 0.000427355 0.0987852 -15.6152 0.000426657 0.999963 -0.00862385 0.183805 -0.0987852 0.00862382 0.995071 16.5726 0 0 0 1 
34562489690063;0.504888;0.65052;0.999134 5.63201e-05 0.0416027 149.512 9.13879e-05 0.999994 -0.00354854 -14.17 -0.0416026 0.00354927 0.999128 671.866 0 0 0 1 
34562489690064;0.452148;0.411675;1 -2.69193e-07 -0.000615563 1.96792 3.01925e-07 1 5.31746e-05 -0.948032 0.000615563 -5.31747e-05 1 -4.61133 0 0 0 1 
34562489690065;0.324911;0.394825;1 1.89766e-08 -2.22238e-06 -0.338426 -1.8975e-08 1 6.87336e-07 -0.669113 2.22238e-06 -6.87336e-07 1 4.17713 0 0 0 1 
34562489690066;0.34336;0.520404;0.997017 0.000262407 0.0771756 -26.2347 0.000258233 0.999977 -0.00673612 1.54911 -0.0771756 0.00673596 0.996995 23.7423 0 0 0 1 
34562489690067;0.18061;0.563181;0.99994 3.4706e-06 0.0109558 12.8471 6.99455e-06 1 -0.00095518 -2.36584 -0.0109558 0.0009552 0.99994 11.8868 0 0 0 1 
34562489690068;0.143206;0.226479;0.999919 9.58656e-06 0.0127217 -21.7193 4.53833e-06 0.999999 -0.00111027 1.41415 -0.0127217 0.00111024 0.999918 4.90408 0 0 0 1 
34562489690069;0.265071;2.24533;0.999943 1.46248e-05 0.0106395 -79.103 -4.80774e-06 1 -0.000922724 0.682797 -0.0106395 0.000922621 0.999943 50.8154 0 0 0 1 
34562489690070;0.337998;0.598277;0.911565 0.00760239 -0.411086 1020.47 0.00784794 0.999325 0.0358834 -90.5751 0.411081 -0.0359362 0.91089 341.972 0 0 0 1 
34562489690071;0.291767;0.182292;1 -5.08677e-08 -3.8831e-06 0.678205 5.08691e-08 1 3.53724e-07 -0.693391 3.8831e-06 -3.53724e-07 1 0.797158 0 0 0 1 
34562489690072;0.432542;0.630763;0.971818 0.00246367 0.235717 -55.8056 0.00245707 0.999785 -0.0205795 3.57923 -0.235718 0.0205788 0.971604 35.2011 0 0 0 1 
34562489690073;0.333627;0.642199;0.996772 0.000286322 -0.0802806 -24.411 0.00027715 0.999975 0.00700755 0.657662 0.0802807 -0.00700718 0.996748 -23.0336 0 0 0 1 
34562489690074;0.333091;1.47204;0.957176 0.003756 0.289482 -172.403 0.00372144 0.999674 -0.0252756 11.7629 -0.289482 0.0252705 0.95685 60.443 0 0 0 1 
34562489690075;0.300984;0.531887;0.970332 0.00259479 -0.241763 0.25417 0.00258404 0.999774 0.0211015 -1.52476 0.241763 -0.0211002 0.970106 -79.1777 0 0 0 1 
34562489690076;0.255405;0.545619;0.999512 3.47929e-05 0.0312292 58.2792 5.16546e-05 0.999996 -0.00276736 -6.14055 -0.0312291 0.00276762 0.999508 -327.086 0 0 0 1 
34562489690077;0.37018;0.340955;0.904966 0.00830657 -0.425404 -6.71674 0.00828807 0.999276 0.0371435 -0.272778 0.425404 -0.0371393 0.904241 -39.1464 0 0 0 1 
34562489690078;0.123389;0.391641;0.99569 0.000375445 -0.0927444 20.315 0.000376827 0.999967 0.0080936 -2.75162 0.0927444 -0.00809366 0.995657 -37.084 0 0 0 1 
34562489690079;0.437756;3.048;0.997846 0.000208159 -0.0655987 -149.728 0.000168884 0.999983 0.00574213 5.30518 0.0655988 -0.00574084 0.99783 103.193 0 0 0 1 
34562489690080;0.248888;0.69544;0.998953 9.35671e-05 -0.0457569 -10.0937 8.93174e-05 0.999992 0.00399481 -0.394494 0.0457569 -0.00399472 0.998945 -5.68958 0 0 0 1 
34562489690081;0.238106;0.388776;0.99976 1.87405e-05 0.0219186 14.688 2.3137e-05 0.999998 -0.00191034 -2.44943 -0.0219186 0.00191039 0.999758 28.1736 0 0 0 1 
34562489690082;0.176775;0.597272;0.982788 0.0015597 0.18473 -482.279 0.00147582 0.999866 -0.0162936 40.6362 -0.18473 0.0162858 0.982654 -1247.1 0 0 0 1 
34562489690083;0.334152;2.67669;0.999995 3.19739e-05 0.00317532 -254.363 -3.11257e-05 1 -0.000267171 14.3892 -0.00317533 0.000267071 0.999995 82.7547 0 0 0 1 
34562489690084;0.376441;0.372763;0.9995 4.5798e-05 -0.0316277 -12.2713 4.15545e-05 0.999996 0.00276124 1.2972 0.0316277 -0.00276117 0.999496 -4.15509 0 0 0 1 
34562489690085;0.162081;0.285673;0.997381 0.000229683 -0.0723229 2.11526 0.000227661 0.99998 0.00631535 -0.768996 0.0723229 -0.00631527 0.997361 0.94026 0 0 0 1 
34562489690086;0.435379;0.582397;0.999492 4.17295e-05 0.031869 16.2994 4.69996e-05 0.999996 -0.00278343 -2.39548 -0.0318689 0.00278352 0.999488 -5.07228 0 0 0 1 
34562489690087;0.326485;0.374443;0.999859 1.36156e-05 0.0167941 -12.9127 1.10109e-05 0.999999 -0.00146629 0.236779 -0.0167941 0.00146627 0.999858 1.47447 0 0 0 1 
34562489690088;0.343468;0.378177;0.99989 1.07055e-05 -0.0148245 -6.49331 8.47291e-06 0.999999 0.00129363 0.0653068 0.0148245 -0.00129362 0.999889 -6.6275 0 0 0 1 
34562489690089;0.181879;1.26721;0.993537 0.000570386 -0.113504 -33.1886 0.000558071 0.999951 0.00990997 -0.393576 0.113504 -0.00990927 0.993488 -13.3501 0 0 0 1 
34562489690090;0.274172;0.68725;0.978962 0.00184299 -0.204036 -19.2136 0.00183042 0.99984 0.0178135 0.333464 0.204036 -0.0178122 0.978801 -29.2788 0 0 0 1 
34562489690091;0.516972;2.72674;0.999896 2.45022e-05 -0.0144411 -118.441 -6.27468e-06 0.999999 0.00126224 3.59674 0.0144411 -0.00126202 0.999895 7.38468 0 0 0 1 
34562489690093;0.4248;0.694371;0.999986 1.12066e-06 0.00520585 -0.762936 1.21236e-06 1 -0.000448151 3.93418 -0.00520585 0.000448151 0.999986 52.6533 0 0 0 1 
34562489690094;0.0934313;0.124057;0.999151 0.000676934 0.0412028 -4855.5 -0.000531707 0.999994 -0.00353553 426.289 -0.0412049 0.00351062 0.999145 698.825 0 0 0 1 
34562489690095;0.144672;0.386576;0.999753 0.000195096 0.0222169 -1399.43 -0.00015379 0.999998 -0.00186092 125.589 -0.0222172 0.00185704 0.999751 666.09 0 0 0 1 
34562489690096;0.228702;0.531297;0.999085 6.2274e-05 -0.0427727 144.849 9.74693e-05 0.999993 0.00373261 -10.9528 0.0427726 -0.00373336 0.999078 -9.95914 0 0 0 1 
34562489690097;0.121961;0.340308;0.997393 0.000142798 0.0721584 668.911 0.00031515 0.99998 -0.00633502 -60.6548 -0.0721578 0.00634124 0.997373 -331.155 0 0 0 1 
34562489690098;0.286027;0.324081;0.999583 3.49881e-05 0.0288673 6.9142 3.77504e-05 0.999997 -0.0025192 1.07022 -0.0288673 0.00251924 0.99958 9.6688 0 0 0 1 
34562489690099;0.0245713;0.117495;0.999785 -0.000149028 0.0207506 1346.7 0.000186308 0.999998 -0.00179466 -118.293 -0.0207503 0.00179814 0.999783 108.752 0 0 0 1 
34562489690100;0.214406;0.509888;0.987875 0.00224968 -0.155237 -9562.47 -0.000269421 0.999918 0.0127762 848.591 0.155253 -0.0125795 0.987795 -7847.94 0 0 0 1 
34562489690101;0.290539;1.18426;0.993382 0.0002474 0.114856 2636.27 0.000908726 0.999949 -0.0100134 -221.127 -0.114853 0.0100515 0.993332 -191.131 0 0 0 1 
34562489690102;0.160438;0.215328;0.994581 0.000508984 -0.103963 -273.801 0.000428396 0.999959 0.00899393 22.3698 0.103963 -0.00898973 0.99454 -701.986 0 0 0 1 
34562489690103;0.385248;0.615547;0.995086 0.000425909 0.0990185 9.55486 0.000431902 0.999963 -0.00864154 -4.40026 -0.0990184 0.00864184 0.995048 27.7782 0 0 0 1 
34562489690104;0.150227;0.322193;0.99944 4.40952e-05 0.0334556 32.3149 5.36762e-05 0.999996 -0.00292152 -4.76771 -0.0334556 0.00292168 0.999436 -5.94907 0 0 0 1 
34562489690105;0.212702;0.270427;0.999305 5.55707e-05 0.0372752 34.3846 6.57049e-05 0.999995 -0.00325229 -4.33348 -0.0372752 0.00325248 0.9993 15.1781 0 0 0 1 
34562489690106;0.369761;1.37394;0.990956 0.000584762 0.134188 1620.52 0.000994743 0.999931 -0.0117035 -132.924 -0.134185 0.0117311 0.990887 -123.874 0 0 0 1 
34562489690107;0.232667;0.219716;0.999995 -8.67038e-07 0.00305873 8.33876 1.68149e-06 1 -0.00026627 0.118254 -0.00305873 0.000266274 0.999995 5.70016 0 0 0 1 
34562489690108;0.240619;0.274274;1 -1.52389e-08 1.11045e-08 -0.0468181 1.52389e-08 1 1.51732e-08 0.35746 -1.11045e-08 -1.51732e-08 1 -0.0769955 0 0 0 1 
34562489690109;0.185949;0.20802;1 -2.42906e-08 -2.71233e-07 -0.0868332 2.42906e-08 1 1.55408e-08 0.205483 2.71233e-07 -1.55408e-08 1 -0.0802632 0 0 0 1 
34562489690110;0.265953;0.261479;0.995702 0.000285126 -0.0926134 738.165 0.000466513 0.999967 0.00809412 -64.3433 0.0926127 -0.00810254 0.995669 133.985 0 0 0 1 
34562489690111;0.165425;0.392052;0.999444 5.44653e-05 0.0333361 -52.9194 4.24499e-05 0.999996 -0.0029065 8.10625 -0.0333362 0.0029063 0.99944 33.924 0 0 0 1 
34562489690112;0.350609;0.495632;0.963651 0.00448015 0.267126 -10553.6 0.00193598 0.999716 -0.023751 933.039 -0.267156 0.0234048 0.963369 -636.25 0 0 0 1 
34562489690113;0.399049;0.514462;0.9999 4.49012e-06 0.0141303 30.8462 1.29094e-05 0.999999 -0.00123127 -1.30076 -0.0141303 0.00123133 0.999899 18.8773 0 0 0 1 
34562489690114;0.0997142;0.339755;1 6.30311e-06 0.000191476 -51.1369 -6.30068e-06 1 -1.26687e-05 7.42382 -0.000191476 1.26675e-05 1 32.2773 0 0 0 1 
34562489690115;0.280795;0.370286;1 -9.8209e-07 -3.01751e-05 6.73923 9.82144e-07 1 1.77645e-06 -1.30807 3.01751e-05 -1.77648e-06 1 -6.78872 0 0 0 1 
34562489690116;0.37279;1.2064;0.999644 6.16365e-06 -0.0266714 197.995 5.57127e-05 0.999997 0.00231921 -9.24783 0.0266713 -0.00231987 0.999642 -71.5512 0 0 0 1 
34562489690117;0.26675;0.54249;0.999955 4.36161e-06 -0.00952476 -2.16959 3.56888e-06 1 0.000832601 3.5624 0.00952476 -0.000832597 0.999954 8.02989 0 0 0 1 
34562489690118;0.0989808;0.225369;0.996015 -0.00108094 -0.0891791 11508.5 0.00172561 0.999973 0.00715216 -997.478 0.089169 -0.00727754 0.99599 -4084.55 0 0 0 1 
34562489690119;0.386067;0.358563;0.955567 0.00506603 -0.294731 -9504.35 0.0023466 0.99969 0.0247913 841.259 0.294766 -0.0243814 0.955258 -10891.1 0 0 0 1 
34562489690120;0.309421;0.819581;0.999674 3.77179e-05 0.0255251 -76.1732 1.87247e-05 0.999998 -0.00221102 12.6606 -0.0255251 0.00221078 0.999672 143.223 0 0 0 1 
34562489690121;0.382301;0.460816;1 -5.60099e-08 1.7465e-07 -0.330298 5.60099e-08 1 5.31453e-09 0.770031 -1.7465e-07 -5.31452e-09 1 0.0469064 0 0 0 1 
34562489690122;0.179762;0.301358;1 -1.2706e-08 2.47727e-07 -0.21659 1.2706e-08 1 -5.95461e-08 -1.52053 -2.47727e-07 5.95461e-08 1 0.398435 0 0 0 1 
34562489690124;0.346704;0.601898;0.971136 0.00250219 -0.238512 175.816 0.00263592 0.999771 0.0212209 -14.0958 0.238511 -0.0212371 0.970908 3325.09 0 0 0 1 
34562489690125;0.12865;0.41649;0.999823 0.000217484 -0.0187967 -1622.87 -0.000185174 0.999999 0.00172069 144.147 0.018797 -0.0017169 0.999822 609.663 0 0 0 1 
34562489690126;0.441684;0.894443;0.997773 0.000577031 0.0666919 -3087.13 -0.000221064 0.999986 -0.00534474 275.468 -0.066694 0.0053181 0.997759 4063.4 0 0 0 1 
34562489690127;0.210546;0.357728;1 1.32234e-06 0.000224252 -10.1093 -1.31814e-06 1 -1.87395e-05 2.52722 -0.000224252 1.87392e-05 1 5.74452 0 0 0 1 
34562489690128;0.0334274;0.205401;0.999833 -0.000173122 -0.0182573 1512.09 0.000201354 0.999999 0.00154451 -133.563 0.018257 -0.00154793 0.999832 -370.685 0 0 0 1 
34562489690129;0.0803559;0.107354;1 -9.09706e-08 1.17907e-06 0.348067 9.09706e-08 1 1.01285e-09 0.541282 -1.17907e-06 -1.01274e-09 1 0.212464 0 0 0 1 
34562489690130;0.355847;0.425447;0.999999 -7.21248e-07 -0.00126845 5.35734 8.61422e-07 1 0.000110508 -0.0426848 0.00126845 -0.000110509 0.999999 -2.52025 0 0 0 1 
34562489690131;0.103607;1.18507;0.999999 2.71912e-05 0.00124694 -217.583 -2.7046e-05 1 -0.000116432 28.7901 -0.00124694 0.000116399 0.999999 -61.0683 0 0 0 1 
34562489690132;0.232394;0.553937;0.996648 0.000287148 -0.0818109 55.4343 0.000297792 0.999974 0.0071376 -0.46984 0.0818109 -0.00713804 0.996622 -39.5607 0 0 0 1 
34562489690133;0.372111;0.379941;0.986037 0.000976938 -0.166521 1971.49 0.00132927 0.999905 0.0137373 -168.077 0.166519 -0.0137668 0.985942 -6209.07 0 0 0 1 
34562489690134;0.23228;0.31277;1 -1.07065e-06 -0.000286626 7.27669 1.0776e-06 1 2.42661e-05 0.491856 0.000286626 -2.42664e-05 1 -6.5736 0 0 0 1 
34562489690135;0.171644;0.381959;0.999777 8.88691e-05 -0.0211105 -555.293 -4.85473e-05 0.999998 0.00191054 50.4482 0.0211107 -0.00190909 0.999775 531.211 0 0 0 1 
34562489690136;0.200279;0.373179;0.999969 -5.89938e-06 -0.00791111 68.4413 1.13544e-05 1 0.000689489 -4.62048 0.00791111 -0.000689557 0.999968 -9.89033 0 0 0 1 
34562489690137;0.062551;0.370319;0.998483 0.0013119 -0.0550539 -9481.18 -0.00106704 0.999989 0.00447679 831.018 0.0550592 -0.00441126 0.998473 -3185 0 0 0 1 
34562489690138;0.126833;1.08345;1 1.14065e-07 4.42941e-07 1.21356 -1.14065e-07 1 -2.55516e-08 8.34448 -4.42941e-07 2.55515e-08 1 0.230946 0 0 0 1 
34562489690139;0.334771;0.628989;1 4.04421e-06 -1.91038e-05 -32.4157 -4.04411e-06 1 5.03411e-06 5.68561 1.91038e-05 -5.03404e-06 1 26.7866 0 0 0 1 
34562489690140;0.169798;0.356563;1 -6.08392e-06 -1.17429e-05 47.8802 6.08396e-06 1 3.67887e-06 -2.07166 1.17429e-05 -3.67895e-06 1 20.8273 0 0 0 1 
34562489690141;0.269667;0.524252;0.99797 0.000451933 -0.0636796 -2200.03 -7.86403e-05 0.999983 0.00586443 195.095 0.0636811 -0.00584752 0.997953 2313.51 0 0 0 1 
34562489690142;0.0756236;0.266288;0.999513 -0.000312497 -0.0311976 2859.59 0.000394649 0.999996 0.00262714 -250.653 0.0311967 -0.00263817 0.99951 -688.837 0 0 0 1 
34562489690143;0.273373;0.434339;0.993182 0.000605651 0.116571 -99.4109 0.000584314 0.999948 -0.0101736 10.6695 -0.116572 0.0101723 0.99313 44.7793 0 0 0 1 
34562489690144;0.115892;0.399866;0.999397 0.000596349 0.0347154 -4378.67 -0.000503616 0.999996 -0.00267992 386.76 -0.0347168 0.00266082 0.999394 2978.83 0 0 0 1 
34562489690145;0.160443;0.253582;0.999608 4.59475e-05 0.0280006 -98.115 2.39458e-05 0.999997 -0.0024958 6.89204 -0.0280006 0.00249549 0.999605 -409.204 0 0 0 1 
34562489690146;0.0878609;0.203501;1 5.65911e-06 3.93591e-05 -45.1784 -5.65929e-06 1 4.52386e-06 5.12673 -3.93591e-05 -4.52408e-06 1 64.2382 0 0 0 1 
34562489690147;0.0902058;0.238078;0.999197 -0.000393644 -0.0400652 3735.77 0.00054226 0.999993 0.00369857 -324.174 0.0400635 -0.00371733 0.99919 1765.05 0 0 0 1 
34562489690148;0.253989;1.3695;1 9.74021e-08 3.89027e-07 1.1385 -9.74021e-08 1 -2.22225e-08 9.65742 -3.89027e-07 2.22225e-08 1 0.547419 0 0 0 1 
34562489690149;0.415878;0.413865;1 -5.23777e-08 1.3503e-07 -0.388343 5.23777e-08 1 4.14727e-08 0.22804 -1.3503e-07 -4.14727e-08 1 -0.380415 0 0 0 1 
34562489690150;0.323952;0.427749;0.99997 5.41286e-07 -0.00779254 16.4542 4.75695e-06 1 0.000679893 -0.925233 0.00779254 -0.000679909 0.999969 -4.01009 0 0 0 1 
34562489690151;0.0908205;1.24372;0.999999 2.75864e-05 -0.00106224 -219.878 -2.74941e-05 1 8.69821e-05 28.8168 0.00106224 -8.69528e-05 0.999999 -46.7057 0 0 0 1 
34562489690152;0.416208;0.463503;0.988735 0.000978429 -0.149672 61.5188 0.00098618 0.999914 0.0130513 -4.18361 0.149672 -0.0130519 0.98865 -125.777 0 0 0 1 
34562489690153;0.0988573;0.943819;0.999944 1.15576e-05 -0.0106091 -51.4978 -1.91487e-06 1 0.000908922 -3.48342 0.0106091 -0.00090885 0.999943 -139.645 0 0 0 1 
34562489690155;0.259195;0.549316;0.999691 2.58212e-05 -0.0248767 13.1794 2.82337e-05 0.999998 0.00217256 1.27167 0.0248767 -0.00217259 0.999688 4.30335 0 0 0 1 
34562489690156;0.172496;0.197469;1 -2.70309e-08 -6.74315e-06 0.176534 2.70348e-08 1 5.7717e-07 1.0969 6.74315e-06 -5.7717e-07 1 -0.973699 0 0 0 1 
34562489690157;0.159263;0.456615;0.987845 0.000956399 0.155442 822.66 0.00117176 0.999907 -0.0135988 -69.033 -0.15544 0.0136157 0.987751 -357.023 0 0 0 1 
34562489690158;0.105511;0.158271;0.999595 4.90328e-05 0.0284739 -112.644 2.19366e-05 0.999997 -0.00249212 9.78214 -0.0284739 0.00249173 0.999591 -46.2992 0 0 0 1 
34562489690159;0.266866;0.504094;0.99947 4.47993e-05 0.032565 7.30364 4.76568e-05 0.999996 -0.00283835 2.5918 -0.032565 0.00283839 0.999466 38.0661 0 0 0 1 
34562489690160;0.0473697;0.109288;0.999947 6.69474e-06 0.0103407 -17.3363 2.62314e-06 1 -0.000901072 1.96313 -0.0103407 0.000901051 0.999946 13.8067 0 0 0 1 
34562489690161;0.216211;0.24364;0.999997 -2.35669e-07 0.00236445 3.67478 7.2406e-07 1 -0.000206554 0.316132 -0.00236445 0.000206555 0.999997 -0.920671 0 0 0 1 
34562489690162;0.156911;0.50271;0.999757 3.63e-05 0.0220451 -121.906 6.06981e-06 0.999998 -0.00192189 13.3819 -0.0220451 0.00192156 0.999755 24.6467 0 0 0 1 
34562489690163;0.149607;0.122228;0.999524 2.75022e-05 0.030839 108.77 5.57908e-05 0.999996 -0.00270004 -7.89598 -0.0308389 0.00270047 0.999521 -64.9837 0 0 0 1 
34562489690164;0.334807;0.806288;0.977794 0.00216029 0.209557 -1808.4 0.0018904 0.999815 -0.0191275 161.324 -0.20956 0.0190989 0.977609 -6455.97 0 0 0 1 
34562489690165;0.385816;0.720326;0.96147 0.00331963 0.27489 319.628 0.00352184 0.999696 -0.0243908 -24.5816 -0.274887 0.0244191 0.961166 -3368.39 0 0 0 1 
34562489690166;0.333068;0.479766;0.994302 0.00125499 0.106595 -6108.72 -0.000288759 0.999959 -0.00907944 538.762 -0.106602 0.00899693 0.994261 2496.9 0 0 0 1 
34562489690167;0.363242;0.470748;1 1.65604e-08 4.28781e-07 0.274968 -1.65604e-08 1 2.82614e-08 1.14921 -4.28781e-07 -2.82614e-08 1 -0.230609 0 0 0 1 
34562489690168;0.405801;0.413645;0.999138 9.08214e-05 -0.0415196 -116.937 5.89946e-05 0.999993 0.00360708 13.9297 0.0415197 -0.00360642 0.999131 -151.241 0 0 0 1 
34562489690169;0.233383;0.528506;0.998337 0.000140823 -0.0576454 44.4707 0.000149399 0.999987 0.00503027 -1.15243 0.0576453 -0.00503052 0.998324 -19.8151 0 0 0 1 
34562489690170;0.111556;0.135253;1 1.13712e-08 3.6483e-07 0.219032 -1.13712e-08 1 1.30912e-08 0.707118 -3.6483e-07 -1.30912e-08 1 -0.150182 0 0 0 1 
34562489690171;0.0960451;0.30371;0.999566 3.85939e-05 -0.0294483 -1.20341 3.72116e-05 0.999997 0.00257364 2.23779 0.0294483 -0.00257362 0.999563 19.4917 0 0 0 1 
34562489690172;0.321124;0.410334;0.997482 0.000229447 0.0709202 -85.5429 0.000209886 0.999981 -0.00618725 8.40136 -0.0709202 0.00618656 0.997463 42.0763 0 0 0 1 
34562489690173;0.268086;0.627966;0.999584 3.71898e-05 0.0288394 -8.65843 3.54767e-05 0.999997 -0.00251918 3.45883 -0.0288394 0.00251915 0.999581 -9.6553 0 0 0 1 
34562489690174;0.189053;0.52998;0.999381 5.6911e-05 0.0351665 -26.8315 5.10682e-05 0.999995 -0.00306961 4.89421 -0.0351665 0.0030695 0.999377 6.0569 0 0 0 1 
34562489690175;0.133957;0.424864;0.999953 9.8259e-06 0.00972593 -44.7795 -1.57906e-06 1 -0.00084793 5.03266 -0.00972594 0.000847875 0.999952 9.94254 0 0 0 1 
34562489690176;0.144022;0.282578;0.998475 0.00013879 0.0552126 -51.9285 0.00012905 0.999988 -0.00484746 4.28147 -0.0552126 0.00484719 0.998463 -214.875 0 0 0 1 
34562489690177;0.320514;0.418657;0.999697 2.67964e-05 0.0246258 -5.70482 2.61421e-05 0.999998 -0.00214939 1.78063 -0.0246258 0.00214938 0.999694 4.97219 0 0 0 1 
34562489690178;0.353901;0.662528;0.994594 0.000465574 -0.103841 66.3463 0.000478089 0.999959 0.00906254 -2.50229 0.10384 -0.00906319 0.994553 -23.5538 0 0 0 1 
34562489690179;0.0142393;0.0688915;0.999998 4.00018e-07 0.00205864 -1.61074 -3.02545e-08 1 -0.000179616 0.149446 -0.00205864 0.000179615 0.999998 0.841411 0 0 0 1 
34562489690180;0.106434;0.112944;0.9998 6.67112e-05 -0.0200114 -393.212 -3.46797e-05 0.999999 0.00160101 34.6101 0.0200114 -0.0016 0.999798 -1184.17 0 0 0 1 
34562489690181;0.139987;0.144348;0.999997 3.06779e-07 0.00263865 -0.238353 3.01889e-07 1 -0.000230674 0.166192 -0.00263865 0.000230674 0.999996 -2.17286 0 0 0 1 
34562489690182;0.247912;0.733738;0.996528 -0.000449004 -0.083256 6065.32 0.00106257 0.999973 0.00732541 -523.263 0.0832504 -0.00738844 0.996501 965.076 0 0 0 1 
34562489690183;0.115667;0.279553;1 4.23952e-07 6.23066e-05 -2.65803 -4.23707e-07 1 -3.92848e-06 1.32611 -6.23066e-05 3.92845e-06 1 10.9253 0 0 0 1 
34562489690184;0.228068;0.531684;0.998188 0.000161794 0.0601649 -35.9298 0.000154415 0.999986 -0.00525102 5.13886 -0.0601649 0.0052508 0.998175 16.4139 0 0 0 1 
34562489690186;0.0711037;0.154501;1 3.30267e-06 1.3256e-06 -26.1155 -3.30267e-06 1 -2.16149e-06 1.00688 -1.3256e-06 2.16149e-06 1 -16.8407 0 0 0 1 
34562489690187;0.0441165;0.0621612;0.99965 3.01329e-05 0.0264409 -0.743197 3.08706e-05 0.999997 -0.00230675 -0.400492 -0.0264409 0.00230676 0.999648 12.1185 0 0 0 1 
34562489690188;0.231973;0.239197;0.998731 0.000256285 -0.0503584 -1162.66 -2.88251e-05 0.99999 0.0045175 103.787 0.050359 -0.00451031 0.998721 916.316 0 0 0 1 
34562489690189;0.393005;0.651855;0.974924 0.00209637 -0.222527 777.585 0.00244201 0.999795 0.0201176 -59.387 0.222524 -0.0201565 0.974719 5876.6 0 0 0 1 
34562489690190;0.219538;0.51831;0.995792 0.00030895 -0.0916438 482.735 0.000432103 0.999967 0.00806628 -36.7353 0.0916433 -0.00807194 0.995759 573.357 0 0 0 1 
34562489690191;0.389147;0.638327;0.999519 4.61698e-05 0.0310199 -36.2668 3.78538e-05 0.999996 -0.00270811 -1.12285 -0.0310199 0.00270798 0.999515 1.28293 0 0 0 1 
34562489690192;0.192134;0.234945;0.999971 8.16099e-06 0.00763934 -45.3195 -3.06968e-06 1 -0.000666471 2.91182 -0.00763934 0.000666428 0.999971 3.67666 0 0 0 1 
34562489690193;0.281462;0.29643;0.999279 -0.0002904 -0.0379649 2848.01 0.000419953 0.999994 0.00340451 -247.598 0.0379637 -0.003418 0.999273 833.144 0 0 0 1 
34562489690194;0.204314;0.194825;0.99974 -0.00021944 0.0227912 1944.15 0.000267999 0.999998 -0.00212757 -170.451 -0.0227907 0.00213313 0.999738 -1153.88 0 0 0 1 
34562489690195;0.157469;0.238184;0.999941 1.87516e-05 -0.0108284 -108.188 -8.09942e-06 1 0.000983764 11.2403 0.0108285 -0.000983619 0.999941 307.262 0 0 0 1 
34562489690196;0.0529904;0.0798801;0.999984 -6.32312e-07 -0.00571445 17.2286 3.47953e-06 1 0.000498238 -0.363175 0.00571445 -0.00049825 0.999984 -5.93919 0 0 0 1 
34562489690197;0.438295;0.824816;1 6.09263e-07 -0.00010009 -3.88512 -6.08563e-07 1 6.98642e-06 -6.37498 0.00010009 -6.98636e-06 1 -14.2796 0 0 0 1 
34562489690198;0.0525853;0.0772603;0.999982 1.10313e-06 -0.0059329 4.8799 1.96574e-06 1 0.000517258 1.17799 0.0059329 -0.00051726 0.999982 -5.75058 0 0 0 1 
34562489690199;0.186435;0.285631;1 5.84756e-07 -0.000105362 -4.76146 -5.83742e-07 1 9.61863e-06 2.46699 0.000105362 -9.61857e-06 1 2.5774 0 0 0 1 
34562489690200;0.246291;0.202206;0.999861 0.000247977 -0.0166504 -1894.75 -0.000223946 0.999999 0.00144509 166.198 0.0166508 -0.00144116 0.99986 -99.7991 0 0 0 1 
34562489690201;0.100046;0.102292;1 -2.44852e-06 0.000370109 19.3051 2.46053e-06 1 -3.24559e-05 -2.30545 -0.000370109 3.24568e-05 1 -0.896544 0 0 0 1 
34562489690202;0.155088;0.154425;1 6.78564e-07 -3.74646e-06 -5.14134 -6.78562e-07 1 4.46374e-07 0.832586 3.74646e-06 -4.46372e-07 1 0.726785 0 0 0 1 
34562489690203;0.0877176;0.478154;1 8.16014e-06 -0.00020109 -64.788 -8.15664e-06 1 1.74055e-05 12.3833 0.00020109 -1.74039e-05 1 -0.563012 0 0 0 1 
34562489690204;0.244178;0.309544;0.999883 1.08153e-05 0.0152716 -7.06959 9.54968e-06 0.999999 -0.00133344 -1.50213 -0.0152716 0.00133344 0.999882 -0.170973 0 0 0 1 
34562489690205;0.481854;0.384803;0.994656 0.00106643 -0.103242 -4809.5 -0.000124233 0.999958 0.00913213 420.598 0.103247 -0.0090705 0.994614 457.668 0 0 0 1 
34562489690206;0.097924;0.39911;0.998547 0.000119006 0.0538837 54.9167 0.000134597 0.999989 -0.00470282 -9.81143 -0.0538837 0.00470324 0.998536 6.52118 0 0 0 1 
34562489690207;0.417969;0.390865;0.994092 0.000672152 -0.108539 -1242.17 0.000385137 0.999953 0.00971985 110.807 0.10854 -0.00970422 0.994045 1838.67 0 0 0 1 
34562489690208;0.41666;0.381876;0.999998 5.39832e-06 -0.00219587 -39.7213 -4.98114e-06 1 0.000189989 2.18202 0.00219588 -0.000189978 0.999998 -14.251 0 0 0 1 
34562489690209;0.102897;0.091692;0.999978 5.36553e-06 -0.00666689 -26.2482 -1.4855e-06 1 0.00058199 3.31422 0.0066669 -0.000581967 0.999978 -1.34617 0 0 0 1 
34562489690210;0.0465566;0.517851;0.999851 2.73339e-05 0.0172526 -117.724 -9.74171e-07 0.999999 -0.00152788 3.80448 -0.0172526 0.00152763 0.99985 -173.486 0 0 0 1 
34562489690211;0.156365;0.176285;1 3.17046e-06 -0.000167808 -24.5438 -3.16838e-06 1 1.23794e-05 0.779229 0.000167808 -1.23789e-05 1 -18.0137 0 0 0 1 
34562489690212;0.249667;0.332312;0.999748 3.02935e-05 0.0224371 -69.2594 1.36296e-05 0.999998 -0.00195746 4.28991 -0.0224371 0.00195727 0.999746 11.8237 0 0 0 1 
34562489690213;0.302086;0.340189;0.999699 3.2732e-05 0.0245505 -54.6177 1.98822e-05 0.999998 -0.00214286 3.23858 -0.0245505 0.0021427 0.999696 4.75498 0 0 0 1 
34562489690214;0.0408606;0.0927381;0.999999 -1.85266e-06 -0.00170821 16.0162 2.10723e-06 1 0.000149031 -0.302872 0.00170821 -0.000149034 0.999999 -1.09311 0 0 0 1 
34562489690215;0.322976;0.33081;1 -2.81171e-06 0.000225027 22.2838 2.81442e-06 1 -1.20326e-05 -0.986844 -0.000225027 1.20332e-05 1 60.7593 0 0 0 1 
34562489690217;0.345856;0.238661;0.999865 1.0152e-05 0.0164512 10.3357 1.34679e-05 0.999999 -0.00143565 -0.745107 -0.0164512 0.00143567 0.999864 6.63275 0 0 0 1 
34562489690218;0.369096;0.321383;0.999997 -4.80488e-07 -0.00256563 5.76612 1.05287e-06 1 0.000223095 -1.43651 0.00256563 -0.000223097 0.999997 -7.39819 0 0 0 1 
34562489690219;0.344434;0.558709;0.999467 4.11786e-05 -0.0326567 46.9806 5.19319e-05 0.999996 0.00285034 -3.65355 0.0326567 -0.00285052 0.999463 -6.58346 0 0 0 1 
34562489690220;0.281678;0.33772;0.999997 1.18037e-06 -0.00263358 -6.20181 -5.75944e-07 1 0.000229507 0.729046 0.00263358 -0.000229505 0.999997 -3.56727 0 0 0 1 
34562489690221;0.2479;1.89218;0.996928 0.000255976 -0.0783265 105.081 0.000280743 0.999977 0.00684125 -11.5756 0.0783264 -0.00684222 0.996904 25.684 0 0 0 1 
34562489690222;0.309448;0.727334;0.998614 0.000112837 -0.0526284 71.1513 0.000129138 0.999989 0.00459438 -5.96639 0.0526283 -0.0045948 0.998604 -4.01686 0 0 0 1 
34562489690223;0.503992;0.489102;0.972777 0.00236408 -0.231732 134.767 0.00238838 0.999793 0.0202257 -12.0949 0.231732 -0.0202286 0.972569 -36.2905 0 0 0 1 
34562489690224;0.505738;2.76131;0.990073 0.000855462 -0.140549 106.108 0.000875298 0.999925 0.012252 -16.3648 0.140549 -0.0122534 0.989998 -148.87 0 0 0 1 
34562489690225;0.255572;0.456643;0.994393 0.000482241 0.105748 43.4163 0.00049678 0.999957 -0.00923154 -3.93823 -0.105748 0.00923231 0.99435 9.12659 0 0 0 1 
34562489690226;0.59187;0.862028;0.981478 0.00160872 -0.191566 93.6914 0.00162482 0.999859 0.0167212 -9.07442 0.191566 -0.0167228 0.981337 -27.1997 0 0 0 1 
34562489690227;0.535961;0.525819;0.994033 0.000515736 -0.109078 56.6519 0.000526113 0.999955 0.00952241 -5.49184 0.109078 -0.00952298 0.993988 -9.07928 0 0 0 1 
34562489690228;0.492348;1.70112;0.978447 0.00186037 -0.206488 198.037 0.00190259 0.999836 0.0180236 -17.7193 0.206488 -0.018028 0.978283 -9.33178 0 0 0 1 
34562489690229;0.377629;0.399402;0.998958 9.02483e-05 -0.0456337 11.5827 9.15535e-05 0.999992 0.00398183 -1.60188 0.0456337 -0.00398186 0.99895 -20.5584 0 0 0 1 
34562489690230;0.309344;1.3961;0.988424 0.000998668 -0.151715 116.601 0.00102239 0.999912 0.0132428 -7.36486 0.151714 -0.0132446 0.988336 -16.8781 0 0 0 1 
34562489690231;0.422227;0.684298;0.999502 3.81842e-05 0.0315685 37.4434 4.883e-05 0.999996 -0.00275558 -2.63318 -0.0315685 0.00275575 0.999498 6.41974 0 0 0 1 
34562489690232;0.215127;0.602946;0.998366 0.000133875 0.0571383 61.2412 0.000151171 0.999988 -0.00498437 -5.69871 -0.0571382 0.00498486 0.998354 33.5673 0 0 0 1 
34562489690233;0.420689;0.514004;0.999873 7.65597e-06 -0.0159216 28.8125 1.4468e-05 0.999999 0.00138944 -2.44388 0.0159216 -0.0013895 0.999872 -5.78708 0 0 0 1 
34562489690234;0.244511;0.616294;0.999395 4.57933e-05 -0.0347784 60.029 5.9827e-05 0.999995 0.00303591 -4.89706 0.0347784 -0.00303615 0.99939 -4.29166 0 0 0 1 
34562489690235;0.305129;0.273505;0.999959 5.04958e-06 0.00908284 -13.5341 2.15697e-06 1 -0.000793415 1.36427 -0.00908284 0.000793402 0.999958 -2.05965 0 0 0 1 
34562489690236;0.196522;0.815633;0.994906 0.000431276 0.100806 92.6323 0.000457663 0.999961 -0.00879504 -7.36932 -0.100806 0.00879637 0.994867 44.4831 0 0 0 1 
34562489690237;0.236663;1.31688;0.994405 0.00047607 -0.105638 112.037 0.000500877 0.999957 0.00922131 -10.7079 0.105638 -0.00922262 0.994362 -8.54494 0 0 0 1 
34562489690238;0.36003;1.69927;0.99837 0.000129576 0.0570656 90.1337 0.000155047 0.999988 -0.00498319 -10.2273 -0.0570655 0.00498391 0.998358 -10.4871 0 0 0 1 
34562489690239;0.243492;0.519189;0.999995 -2.49739e-06 -0.0033162 23.1225 3.44724e-06 1 0.000286421 -2.94241 0.0033162 -0.000286431 0.999994 -24.5997 0 0 0 1 
34562489690240;0.35283;2.8993;0.999616 5.38867e-05 -0.0277195 -162.781 1.1156e-05 0.999997 0.0023463 5.81193 0.0277196 -0.00234571 0.999613 -600.704 0 0 0 1 
34562489690241;0.379757;2.67251;0.956667 0.00376194 0.291159 129.719 0.00380345 0.99967 -0.0254134 -16.9431 -0.291158 0.0254196 0.956337 29.0832 0 0 0 1 
34562489690242;0.378853;0.659197;0.966173 0.00293699 0.257878 96.0649 0.00296996 0.999742 -0.0225135 -7.64915 -0.257878 0.0225178 0.965915 -5.07584 0 0 0 1 
34562489690243;0.301434;0.891791;1 -1.65962e-07 -4.4389e-08 -0.481622 1.65962e-07 1 -8.66549e-08 0.671333 4.4389e-08 8.66549e-08 1 -0.747386 0 0 0 1 
34562489690244;0.500189;0.526661;1 -1.41136e-07 -0.000170061 0.925907 1.43622e-07 1 1.46147e-05 0.0601714 0.000170061 -1.46147e-05 1 -1.6886 0 0 0 1 
34562489690245;0.271456;0.268295;0.999945 4.00294e-06 0.0104472 4.06411 5.52073e-06 1 -0.000911574 -0.134397 -0.0104472 0.000911582 0.999945 5.31958 0 0 0 1 
34562489690246;0.262584;0.631495;0.999251 5.8525e-05 -0.0386976 59.2513 7.22601e-05 0.999994 0.00337826 -4.92664 0.0386976 -0.00337853 0.999245 -2.77225 0 0 0 1 
34562489690248;0.122472;0.209114;0.998558 0.00012976 0.053688 -37.4738 0.000122054 0.999989 -0.00468701 3.6242 -0.053688 0.00468681 0.998547 9.46744 0 0 0 1 
34562489690249;0.236877;0.401747;0.993654 0.000789863 -0.112473 -1880.06 0.000371596 0.999947 0.0103052 167.317 0.112475 -0.0102816 0.993601 3706.2 0 0 0 1 
34562489690250;0.361013;0.764346;0.993553 0.00056862 0.113365 -59.4391 0.000556828 0.999951 -0.0098957 1.24779 -0.113366 0.00989503 0.993504 31.3222 0 0 0 1 
34562489690251;0.0844088;0.13116;1 9.00175e-09 -2.58155e-06 0.0414561 -9.00133e-09 1 1.65469e-07 0.273785 2.58155e-06 -1.65469e-07 1 -0.286719 0 0 0 1 
34562489690252;0.195046;0.437438;1 -1.20629e-05 0.000130017 98.7632 1.20618e-05 1 8.9334e-06 -6.76948 -0.000130017 -8.93183e-06 1 163.209 0 0 0 1 
34562489690253;0.120903;0.457105;0.99588 0.000200441 0.0906782 1270.95 0.000527192 0.999968 -0.00800032 -113.005 -0.0906769 0.00801516 0.995848 -783.933 0 0 0 1 
34562489690254;0.246774;0.57493;1 -6.52619e-06 -0.000223212 55.7404 6.52944e-06 1 1.45699e-05 -6.79648 0.000223212 -1.45713e-05 1 -38.8964 0 0 0 1 
34562489690255;0.134202;0.16189;0.999917 6.43342e-06 0.0128509 4.97404 7.98064e-06 0.999999 -0.00112159 -0.971026 -0.0128509 0.0011216 0.999917 3.53432 0 0 0 1 
34562489690256;0.130561;0.228317;0.999505 3.91996e-05 0.0314548 29.8709 4.71048e-05 0.999996 -0.00274301 -2.21851 -0.0314548 0.00274313 0.999501 27.9648 0 0 0 1 
34562489690257;0.163799;0.339127;0.999778 2.24388e-05 -0.0210478 -22.2159 1.6221e-05 0.999998 0.00183659 3.91054 0.0210478 -0.00183653 0.999777 -11.1117 0 0 0 1 
34562489690258;0.294851;0.446052;0.970382 0.00116043 -0.241574 11507.5 0.00396201 0.999778 0.0207177 -999.687 0.241544 -0.0210612 0.970161 -234.777 0 0 0 1 
