#;prob_registration_l1 -r /home/probabilistic_point_clouds_registration/build/tester /home/point_clouds_registration_benchmark//devel/registration_pairs/wood_autumn_local.txt /home/point_clouds_registration_benchmark//eth/wood_autumn -s 0.2 -t 0.2 -p 0.3 -r 1000 -m 25 -i 40 
id;initial_error;final_error;transformation
26875431820000;0.498992;0.424779;0.988523 0.127858 -0.0804605 0.463253 -0.124578 0.991209 0.0445611 0.356309 0.0854506 -0.0340261 0.995761 -0.626026 0 0 0 1 
26875431820001;0.336145;0.0284353;0.9093 0.325151 -0.259711 0.709733 -0.292423 0.94329 0.157141 0.875391 0.296077 -0.0669433 0.952815 -0.785523 0 0 0 1 
26875431820002;0.60541;0.188595;0.953979 0.216889 -0.207083 0.589397 -0.211643 0.976195 0.0474366 0.698449 0.212442 -0.00142591 0.977173 -1.31012 0 0 0 1 
26875431820003;0.366204;0.0198651;0.993601 0.0991841 -0.0540308 -0.145177 -0.0967331 0.994236 0.0462379 -0.134291 0.0583054 -0.0407155 0.997468 -0.5395 0 0 0 1 
26875431820004;0.698046;0.030867;0.955502 -0.294965 -0.00341994 0.853144 0.294907 0.954917 0.0341191 -1.27265 -0.00679819 -0.0336094 0.999412 0.406623 0 0 0 1 
26875431820005;0.325213;0.0318921;0.921068 -0.239029 0.307408 -0.379413 0.270689 0.960525 -0.0641809 -0.69877 -0.279932 0.142327 0.949411 0.979773 0 0 0 1 
26875431820006;0.554876;0.0232171;0.999999 -0.000756207 0.00123899 -0.263251 0.000755676 1 0.00042844 0.697697 -0.00123931 -0.000427503 0.999999 0.55131 0 0 0 1 
26875431820007;0.383756;0.326895;0.997156 0.0149887 -0.073864 0.164152 -0.00267319 0.986443 0.164084 0.017851 0.075322 -0.163419 0.983677 -0.109291 0 0 0 1 
26875431820008;0.203498;0.0361501;0.966673 0.0514954 -0.250781 0.103844 -0.0283829 0.99508 0.0949235 0.0805807 0.254436 -0.0846421 0.963379 -0.964486 0 0 0 1 
26875431820009;0.180609;0.0259423;0.978572 -0.156267 -0.134083 0.116956 0.153144 0.987641 -0.0333643 -0.372824 0.13764 0.0121153 0.990408 -0.386798 0 0 0 1 
26875431820010;0.462102;0.030701;0.959802 -0.140436 -0.243017 0.723969 0.147232 0.989052 0.00993622 -0.752222 0.238961 -0.0453166 0.969971 -0.93444 0 0 0 1 
26875431820011;0.575398;0.296989;0.976741 0.0520905 0.208 0.222561 -0.0672257 0.995528 0.0663678 0.197982 -0.203613 -0.0788071 0.975875 1.1739 0 0 0 1 
26875431820012;0.688058;0.014699;0.94568 0.311462 -0.0931678 0.338881 -0.261788 0.899496 0.349819 -0.394872 0.19276 -0.306427 0.932173 -0.720619 0 0 0 1 
26875431820013;0.421251;0.368241;0.998025 -0.0626989 0.0038816 0.00929358 0.0627303 0.997994 -0.00858024 -0.279532 -0.00333584 0.00880678 0.999956 -0.211651 0 0 0 1 
26875431820014;0.330264;0.0318539;0.951766 -0.299264 0.0676996 -0.434599 0.299834 0.95399 0.00181122 -1.13784 -0.0651268 0.0185748 0.997704 0.178301 0 0 0 1 
26875431820015;0.226693;0.16255;0.99843 0.0535455 0.0164433 0.0211247 -0.05224 0.996067 -0.0715713 0.284753 -0.0202109 0.0705999 0.9973 0.167521 0 0 0 1 
26875431820016;0.538469;0.0219483;0.912666 -0.0161221 0.408388 0.362297 -0.031264 0.99354 0.109091 0.435253 -0.407509 -0.112332 0.906266 0.759017 0 0 0 1 
26875431820017;0.524419;0.0290978;0.983093 -0.158871 -0.0910338 -0.0191318 0.14203 0.975419 -0.168479 -0.418258 0.115563 0.152701 0.981493 0.545547 0 0 0 1 
26875431820018;0.579586;0.0308696;0.979237 0.0389528 -0.198941 0.396087 -0.0612094 0.992375 -0.10698 -0.0639048 0.193257 0.116936 0.974155 0.344489 0 0 0 1 
26875431820019;0.351798;0.0229153;0.97856 0.0917105 -0.184418 0.273086 -0.0943451 0.995524 -0.00554365 0.558878 0.183084 0.0228237 0.982832 -0.95664 0 0 0 1 
26875431820020;0.0809749;0.0294456;0.994671 -0.102831 0.00742776 -0.0938563 0.102967 0.994457 -0.0212853 -0.324755 -0.00519781 0.0219367 0.999746 0.00541341 0 0 0 1 
26875431820021;0.644904;0.029078;0.946607 0.0882685 -0.310071 1.17663 -0.00726807 0.967387 0.253199 0.0908883 0.322308 -0.237426 0.916377 -0.655364 0 0 0 1 
26875431820022;0.0317767;0.0230947;0.999546 0.0284602 0.00984795 -0.0143586 -0.0284139 0.999585 -0.00481322 0.0957496 -0.00998084 0.00453122 0.99994 0.0595238 0 0 0 1 
26875431820023;0.284901;0.0328088;0.997629 -0.0688119 -0.00125958 0.366572 0.0688227 0.997365 0.0229469 -0.291848 -0.000322763 -0.0229792 0.999736 -0.0384449 0 0 0 1 
26875431820024;0.398113;0.0218244;0.99702 0.0042878 -0.0770288 0.361725 -0.0054781 0.999869 -0.015248 0.443121 0.0769533 0.0156245 0.996912 -0.58556 0 0 0 1 
26875431820025;0.5828;0.328976;0.977322 -0.206221 -0.0481059 0.231474 0.20681 0.978352 0.00754849 -0.978243 0.0455079 -0.0173261 0.998814 0.419136 0 0 0 1 
26875431820026;0.630426;0.0221882;0.981022 0.193686 0.00903242 -0.271662 -0.19372 0.981052 0.00309841 0.510952 -0.00826115 -0.00478937 0.999954 0.925246 0 0 0 1 
26875431820027;0.464713;0.0280352;0.99435 0.10609 0.00368603 0.222785 -0.106147 0.993275 0.0462355 0.45059 0.0012439 -0.0463655 0.998924 0.675506 0 0 0 1 
26875431820028;0.337162;0.0233465;0.999911 -0.013318 -0.00106209 -0.444498 0.0133517 0.998952 0.0437746 -0.356212 0.000477987 -0.0437848 0.999041 0.232839 0 0 0 1 
26875431820029;0.206492;0.0273338;0.999583 0.00854613 0.0275648 -0.31611 -0.00686836 0.998151 -0.0603969 -0.100058 -0.0280299 0.0601824 0.997794 0.249898 0 0 0 1 
26875431820031;0.22611;0.011922;0.971878 0.0958411 0.2151 -0.184098 -0.117116 0.989175 0.088417 0.360771 -0.204297 -0.111122 0.972581 0.927606 0 0 0 1 
26875431820032;0.537519;0.318049;0.966631 -0.189149 -0.172763 0.598488 0.192369 0.981321 0.00193612 -0.835796 0.16917 -0.0351058 0.984961 -0.745527 0 0 0 1 
26875431820033;0.515263;0.0118833;0.997078 0.0274971 -0.071263 -0.110668 -0.00781378 0.964781 0.262937 -0.748767 0.0759832 -0.261612 0.962177 -1.0036 0 0 0 1 
26875431820034;0.18246;0.00913077;0.994754 0.0170383 -0.100864 -0.194566 -0.0157093 0.999779 0.0139558 0.0473724 0.101079 -0.0122981 0.994802 -0.289327 0 0 0 1 
26875431820035;0.31218;0.0193084;0.942416 0.191414 0.274251 0.0676315 -0.228753 0.967129 0.111058 0.804088 -0.243978 -0.167398 0.955224 1.43119 0 0 0 1 
26875431820036;0.352511;0.0118535;0.958857 -0.271313 0.0835576 -0.00390884 0.283889 0.916124 -0.283062 -0.892208 0.000249491 0.295137 0.955455 -0.22965 0 0 0 1 
26875431820037;0.447509;0.0125589;0.997308 -0.073328 -0.000470161 0.297958 0.0733295 0.997283 0.00699948 -0.762315 -4.43737e-05 -0.00701511 0.999975 -0.766399 0 0 0 1 
26875431820038;0.350569;0.320609;0.999014 -0.040832 -0.0174016 0.0645843 0.0401572 0.998489 -0.0375034 -0.161756 0.0189067 0.0367676 0.999145 -0.104843 0 0 0 1 
26875431820039;0.337073;0.0129286;0.970423 -0.218536 0.102569 0.0695131 0.182215 0.941774 0.282595 -1.21935 -0.158354 -0.255547 0.95374 1.28289 0 0 0 1 
26875431820040;0.229197;0.0130001;0.982721 -0.183471 -0.024462 0.219043 0.17343 0.958888 -0.224623 -0.465681 0.0646682 0.216499 0.974139 -0.351299 0 0 0 1 
26875431820041;0.10838;0.0109418;0.99808 0.0608163 0.0117438 -0.0532995 -0.0608222 0.998149 0.000142115 0.169715 -0.0117135 -0.000856129 0.999931 0.210212 0 0 0 1 
26875431820042;0.455772;0.118271;0.913973 -0.391047 0.108329 0.433524 0.402994 0.905966 -0.129696 -2.07888 -0.0474253 0.162195 0.985618 0.524121 0 0 0 1 
26875431820043;0.274946;0.0152013;0.978854 0.105899 0.175013 -0.176198 -0.127299 0.985065 0.115936 0.258348 -0.160122 -0.135763 0.977716 1.11785 0 0 0 1 
26875431820044;0.287192;0.0204324;0.999242 0.000381774 0.0389357 0.0627573 -0.000123292 0.999978 -0.00664088 0.548582 -0.0389374 0.00663104 0.99922 0.278126 0 0 0 1 
26875431820045;0.572084;0.00852758;0.985754 0.06704 -0.154253 0.709818 -0.00482493 0.928022 0.372495 -0.887548 0.168122 -0.366444 0.915125 -1.14255 0 0 0 1 
26875431820046;0.148614;0.00900826;0.997838 -0.0627788 -0.019453 0.0394423 0.0653919 0.97802 0.197994 -0.563147 0.00659561 -0.198838 0.98001 0.0585417 0 0 0 1 
26875431820047;0.191966;0.0124509;0.989394 0.144818 0.0112896 -0.0801439 -0.141006 0.9762 -0.164778 0.861767 -0.0348836 0.161438 0.986266 0.309425 0 0 0 1 
26875431820048;0.552949;0.0179092;0.908381 0.406296 0.0988326 -0.0545836 -0.389153 0.907923 -0.155681 2.03907 -0.152985 0.102957 0.982851 -0.0663662 0 0 0 1 
26875431820049;0.452544;0.0391877;0.914289 0.364417 0.176851 0.0114051 -0.361926 0.931005 -0.0473231 1.354 -0.181895 -0.0207401 0.983099 1.20414 0 0 0 1 
26875431820050;0.381287;0.011946;0.957277 0.236047 0.16704 -0.0949604 -0.244147 0.969291 0.0294385 0.883179 -0.154961 -0.068963 0.985511 1.28062 0 0 0 1 
26875431820051;0.357531;0.00949234;0.973332 -0.073669 -0.217248 0.719877 0.0654932 0.996856 -0.0446065 -0.107773 0.219851 0.0291887 0.975097 -0.612502 0 0 0 1 
26875431820052;0.469273;0.0142408;0.964919 0.148265 -0.216676 0.500153 -0.205083 0.940926 -0.269444 1.8726 0.163926 0.304428 0.938324 -1.03572 0 0 0 1 
26875431820053;0.393672;0.0075629;0.99315 0.0268123 0.113724 0.682959 -0.0449796 0.986038 0.160331 -0.0497586 -0.107838 -0.164348 0.98049 0.543602 0 0 0 1 
26875431820054;0.384531;0.0116042;0.932186 0.224387 -0.284043 0.702171 -0.14666 0.951522 0.270363 0.366893 0.330939 -0.21037 0.919904 -1.40945 0 0 0 1 
26875431820055;0.28566;0.00945483;0.980198 -0.189814 -0.0564184 0.460957 0.192232 0.980491 0.0410256 -1.13745 0.0475305 -0.0510587 0.997564 0.110686 0 0 0 1 
26875431820056;0.596591;0.0155371;0.91919 -0.289277 0.267224 -0.0268884 0.331915 0.93426 -0.130347 -1.33397 -0.211951 0.20851 0.954778 0.0867318 0 0 0 1 
26875431820057;0.446113;0.266594;0.974599 -0.206689 0.0862298 0.465176 0.206982 0.978329 0.00563123 -1.089 -0.085525 0.0123598 0.996259 0.590632 0 0 0 1 
26875431820058;0.224686;0.0100339;0.999652 -0.0138648 -0.022436 -0.115573 0.0156428 0.996582 0.0811179 -0.213806 0.0212346 -0.0814407 0.996452 0.347901 0 0 0 1 
26875431820059;0.444316;0.0104422;0.954678 -0.171808 0.243048 -0.492502 0.174041 0.98466 0.0124236 -0.627116 -0.241454 0.0304398 0.969935 0.76847 0 0 0 1 
26875431820060;0.410765;0.038223;0.988223 0.0790908 0.130992 0.302964 -0.121299 0.92676 0.355531 0.229898 -0.0932794 -0.367233 0.92544 1.14768 0 0 0 1 
26875431820062;0.368904;0.0177352;0.953503 0.18063 0.241258 0.455895 -0.229599 0.953912 0.193226 0.514831 -0.195236 -0.239634 0.95103 0.391059 0 0 0 1 
26875431820063;0.231158;0.013324;0.956593 -0.0717473 -0.282458 0.43839 0.111951 0.985324 0.128859 -0.620014 0.269067 -0.154887 0.950586 -1.11338 0 0 0 1 
26875431820064;0.204838;0.0113916;0.997688 -0.00640887 0.0676583 0.0737846 -0.00274471 0.990932 0.134339 0.26869 -0.0679057 -0.134214 0.988623 0.107051 0 0 0 1 
26875431820065;0.171053;0.0167457;0.998195 0.0552051 0.0236652 -0.0865142 -0.0543478 0.997892 -0.0354579 -0.0164068 -0.0255728 0.0341077 0.999091 0.0243619 0 0 0 1 
26875431820066;0.341828;0.011465;0.885445 0.460791 -0.060489 0.896776 -0.458404 0.887362 0.049538 1.88435 0.0765023 -0.0161347 0.996939 -0.301915 0 0 0 1 
26875431820067;0.359104;0.0122068;0.999761 0.00979457 -0.0195312 -0.207054 -0.00973566 0.999948 0.00310898 0.347405 0.0195606 -0.00291809 0.999804 0.595888 0 0 0 1 
26875431820068;0.231956;0.0127403;0.999746 -0.0218766 0.00546927 0.049878 0.021847 0.999747 0.00540821 -0.108532 -0.0055862 -0.00528735 0.99997 0.529801 0 0 0 1 
26875431820069;0.168442;0.0140735;0.983866 -0.156178 0.0872706 0.0767255 0.158997 0.986929 -0.026294 -0.777412 -0.0820234 0.0397456 0.995838 0.515261 0 0 0 1 
26875431820070;0.120851;0.0145021;0.988018 0.132678 -0.0788437 0.246021 -0.127843 0.989758 0.0635179 0.507156 0.0864637 -0.0526772 0.994861 -0.408574 0 0 0 1 
26875431820071;0.559761;0.0110178;0.940032 -0.340682 0.0165902 0.994244 0.340579 0.940175 0.00876121 -1.28349 -0.0185825 -0.00258556 0.999824 0.416399 0 0 0 1 
26875431820072;0.11141;0.011548;0.998661 -0.0514816 0.00505947 -0.154419 0.0516761 0.997292 -0.0523343 -0.318569 -0.00235151 0.0525257 0.998617 0.0145643 0 0 0 1 
26875431820073;0.298534;0.0126236;0.953309 -0.30199 -0.00223684 0.259928 0.301997 0.95327 0.00856854 -1.52386 -0.000455301 -0.00884398 0.999961 0.17075 0 0 0 1 
26875431820074;0.511902;0.0110478;0.944907 -0.238035 -0.224699 0.833739 0.187087 0.955995 -0.22599 -0.68698 0.268605 0.171502 0.94786 -1.67208 0 0 0 1 
26875431820075;0.368729;0.017136;0.93741 -0.236833 0.255289 -0.184351 0.157814 0.942433 0.294814 -1.14758 -0.310414 -0.236073 0.920822 1.49846 0 0 0 1 
26875431820076;0.104083;0.0172665;0.999354 -0.0294223 -0.0206177 0.00333481 0.0276984 0.996456 -0.0794234 0.0788514 0.0228814 0.078801 0.996628 0.0257404 0 0 0 1 
26875431820077;0.334061;0.00598721;0.958206 0.281761 -0.0495179 0.461575 -0.277593 0.957594 0.0771777 1.29118 0.0691638 -0.0602063 0.995787 -0.780639 0 0 0 1 
26875431820078;0.46154;0.013785;0.965045 0.260491 0.0288501 -0.23342 -0.252816 0.954277 -0.159499 1.57344 -0.0690789 0.14663 0.986777 -0.0749086 0 0 0 1 
26875431820079;0.388175;0.0126245;0.884028 -0.215177 0.414962 -0.233291 0.133481 0.966988 0.217064 -0.925144 -0.447971 -0.136501 0.883566 1.7547 0 0 0 1 
26875431820080;0.446652;0.0145691;0.969464 0.244304 0.0213183 0.225038 -0.243753 0.969502 -0.0254837 1.22551 -0.0268939 0.0195091 0.999448 -0.668871 0 0 0 1 
26875431820081;0.390076;0.014347;0.917682 0.397304 -0.0031758 0.711827 -0.387403 0.89298 -0.229139 2.00045 -0.0882021 0.211507 0.973388 0.719758 0 0 0 1 
26875431820082;0.269988;0.0128258;0.992162 0.123489 -0.0190914 -0.115211 -0.119118 0.980859 0.154032 0.0770057 0.0377472 -0.15055 0.987881 -0.329175 0 0 0 1 
26875431820083;0.397996;0.0116336;0.917721 -0.32944 0.22194 0.441283 0.327163 0.943746 0.0480459 -1.55453 -0.225283 0.0285178 0.973876 1.38978 0 0 0 1 
26875431820084;0.431462;0.0151629;0.984708 0.0928303 -0.147421 0.412997 -0.136457 0.937055 -0.321413 0.977283 0.108305 0.336615 0.935393 0.462961 0 0 0 1 
26875431820085;0.0561572;0.0128597;0.999299 -0.0370502 0.00542165 -0.0812059 0.037054 0.999313 -0.000614125 -0.146555 -0.00539518 0.000814589 0.999985 0.089415 0 0 0 1 
26875431820086;0.263745;0.0101335;0.973818 0.222393 0.0471221 0.338612 -0.224234 0.973787 0.0381782 0.601479 -0.0373964 -0.047745 0.998159 -0.0518786 0 0 0 1 
26875431820087;0.254275;0.0122041;0.972403 -0.0896128 -0.215413 0.336609 0.12912 0.97571 0.176966 -0.82003 0.194322 -0.199897 0.960354 -1.16525 0 0 0 1 
26875431820088;0.2679;0.0122157;0.967127 0.254073 -0.010631 0.465658 -0.254273 0.966748 -0.0272731 1.29424 0.00334811 0.0290797 0.999571 -0.249386 0 0 0 1 
26875431820089;0.093436;0.0160524;0.99932 0.032908 -0.0166048 0.079312 -0.0336028 0.99849 -0.0434632 0.330005 0.0151495 0.0439917 0.998917 0.0271934 0 0 0 1 
26875431820090;0.279476;0.0113644;0.999229 0.0382718 0.00875484 0.189857 -0.0380404 0.998958 -0.0252168 -0.23878 -0.00971081 0.0248643 0.999644 0.460961 0 0 0 1 
26875431820091;0.394578;0.0115411;0.992949 0.117845 0.0128128 0.246412 -0.117918 0.99301 0.00508993 0.498625 -0.0121235 -0.0065649 0.999905 -0.761352 0 0 0 1 
26875431820093;0.345934;0.0241987;0.933451 -0.311645 -0.177612 2.61435 0.304699 0.95017 -0.0658407 -1.1569 0.189281 0.00734082 0.981896 -0.627896 0 0 0 1 
26875431820094;0.529735;0.0164928;0.940425 0.281561 0.19059 -2.54512 -0.268822 0.958954 -0.0902296 1.88681 -0.208172 0.0336192 0.977514 0.618685 0 0 0 1 
26875431820095;0.39088;0.0146084;0.961891 -0.0121269 -0.273165 0.326863 0.00656198 0.999752 -0.0212764 -0.143178 0.273355 0.0186731 0.961732 -0.8038 0 0 0 1 
26875431820096;0.29099;0.0123;0.969765 0.155006 -0.188491 -0.468534 -0.193203 0.959514 -0.20495 1.22476 0.149091 0.235171 0.960451 -2.29737 0 0 0 1 
26875431820097;0.411668;0.0189147;0.95941 0.280193 0.0320114 -1.78867 -0.279837 0.959927 -0.0152074 2.39172 -0.0349897 0.00563215 0.999372 0.106245 0 0 0 1 
26875431820098;0.305728;0.0198512;0.963658 -0.20058 0.176442 0.977252 0.209538 0.977227 -0.0334993 -0.908303 -0.165705 0.0692533 0.983741 0.207615 0 0 0 1 
26875431820099;0.324227;0.329599;0.999694 -0.0243656 -0.00432646 0.216814 0.0243437 0.999691 -0.00504045 0.0233459 0.00444794 0.00493359 0.999978 -0.0755185 0 0 0 1 
26875431820100;0.476247;0.0269827;0.972759 -0.230857 -0.0211028 1.92911 0.231215 0.972764 0.0164404 -0.510183 0.0167327 -0.0208718 0.999642 -0.561407 0 0 0 1 
26875431820101;0.325622;0.0148534;0.955288 0.252526 0.153805 -1.74219 -0.191366 0.924578 -0.329445 1.78657 -0.225398 0.285282 0.931563 -0.728063 0 0 0 1 
26875431820102;0.315339;0.0141891;0.9755 0.219942 0.00512271 -1.19294 -0.215981 0.961844 -0.167952 1.23214 -0.041867 0.162731 0.985782 -1.24298 0 0 0 1 
26875431820103;0.395286;0.0245593;0.99684 -0.07916 0.00660764 0.326472 0.0792094 0.996829 -0.00758861 -0.335268 -0.00598597 0.00808802 0.999949 -0.768751 0 0 0 1 
26875431820104;0.491587;0.0308992;0.998944 0.0404328 0.0218386 0.39604 -0.0390343 0.997371 -0.0610597 0.59554 -0.02425 0.0601427 0.997895 -0.843143 0 0 0 1 
26875431820105;0.296198;0.0167244;0.990627 -0.0401017 0.130573 0.163384 0.0785328 0.949351 -0.304245 0.229363 -0.111759 0.311647 0.943603 -1.0124 0 0 0 1 
26875431820106;0.351999;0.0112725;0.95369 -0.289237 -0.0825632 1.93991 0.295345 0.95245 0.0748972 -1.6832 0.0569743 -0.0958134 0.993767 0.460294 0 0 0 1 
26875431820107;0.398745;0.300776;0.992734 0.111914 0.0442118 -1.04099 -0.10676 0.988676 -0.10546 0.990305 -0.0555135 0.0999734 0.99344 -0.279606 0 0 0 1 
26875431820108;0.476963;0.0303376;0.963613 0.256193 0.0762553 -1.75022 -0.260892 0.963521 0.0596906 2.31057 -0.0581813 -0.077413 0.9953 1.06317 0 0 0 1 
26875431820109;0.419848;0.403649;0.999083 -0.0275106 -0.0328098 0.320177 0.0281354 0.999428 0.0187381 -0.0460216 0.0322755 -0.019644 0.999286 0.143956 0 0 0 1 
26875431820110;0.205033;0.0198591;0.99625 0.0169609 0.0848456 -0.0150057 -0.0101597 0.996746 -0.0799577 0.414211 -0.0859257 0.0787959 0.993181 -0.185116 0 0 0 1 
26875431820111;0.333895;0.0146397;0.986751 -0.162059 0.00771273 1.28696 0.162214 0.98635 -0.0282868 -0.564871 -0.00302333 0.0291631 0.99957 0.375712 0 0 0 1 
26875431820112;0.392948;0.389655;0.993819 -0.0755456 -0.0813399 0.805179 0.0784939 0.996346 0.0336759 -0.396711 0.0784986 -0.0398524 0.996117 0.0348439 0 0 0 1 
26875431820113;0.35267;0.0139452;0.943747 -0.161777 0.28839 0.862339 0.237371 0.938632 -0.25025 -0.406284 -0.230208 0.304629 0.924233 -0.763343 0 0 0 1 
26875431820114;0.433722;0.0178056;0.910619 -0.377528 0.168063 3.16516 0.389042 0.920326 -0.0405849 -1.02108 -0.139351 0.102341 0.98494 -0.155963 0 0 0 1 
26875431820115;0.334392;0.0173255;0.974543 -0.220201 0.0421521 1.88729 0.19542 0.926455 0.321702 -0.837999 -0.109891 -0.305275 0.945902 2.48978 0 0 0 1 
26875431820116;0.39563;0.0113031;0.952746 -0.252905 0.168267 2.36135 0.2598 0.965456 -0.0199387 -1.32426 -0.157411 0.0627123 0.98554 0.488487 0 0 0 1 
26875431820117;0.505945;0.0100109;0.967734 0.251945 -0.00372292 -2.16249 -0.251789 0.966362 -0.0524038 0.905383 -0.00960516 0.0516503 0.998619 -0.528233 0 0 0 1 
26875431820118;0.542637;0.474357;0.997243 0.0203049 0.0713661 -0.190848 -0.0221413 0.999441 0.0250369 0.00332238 -0.0708179 -0.0265481 0.997136 0.505939 0 0 0 1 
26875431820119;0.33961;0.24189;0.996814 0.00620881 -0.0795243 0.0739161 -0.00773825 0.999791 -0.0189387 -0.05882 0.0793901 0.0194938 0.996653 -0.208947 0 0 0 1 
26875431820120;0.431883;0.0227786;0.988002 0.133742 -0.0772389 -0.152197 -0.0956107 0.922413 0.374183 0.419394 0.12129 -0.362308 0.924133 1.88723 0 0 0 1 
26875431820121;0.296141;0.0152744;0.934756 -0.352005 -0.0482127 2.74298 0.350733 0.935895 -0.0329855 -1.40106 0.056733 0.0139236 0.998292 -0.559736 0 0 0 1 
26875431820122;0.699318;0.00833575;0.902546 0.052523 0.427379 -1.18094 -0.0846241 0.994812 0.0564524 -0.112871 -0.422197 -0.0871173 0.902309 3.21971 0 0 0 1 
26875431820124;0.463953;0.0439896;0.981035 0.0761921 -0.178226 -0.146803 -0.107276 0.979263 -0.171859 1.13128 0.161436 0.187719 0.968865 -3.18965 0 0 0 1 
26875431820125;0.172503;0.0332963;0.973824 0.223597 -0.0408764 -1.82147 -0.222709 0.97456 0.0251729 1.33172 0.0454651 -0.0154104 0.998847 -0.10474 0 0 0 1 
26875431820126;0.469661;0.0515302;0.99997 -0.00682003 -0.00365602 -0.438393 0.00662249 0.998648 -0.0515632 0.416886 0.00400274 0.0515374 0.998663 0.120293 0 0 0 1 
26875431820127;0.198437;0.0436864;0.996643 -0.0813652 -0.00906053 0.671315 0.0813265 0.996677 -0.00456139 -0.115376 0.00940156 0.00380922 0.999949 -0.097481 0 0 0 1 
26875431820128;0.38452;0.0373446;0.949798 -0.312863 0.000626929 3.17088 0.312864 0.949796 -0.00192272 -0.951489 6.09399e-06 0.00202234 0.999998 -0.427278 0 0 0 1 
26875431820129;0.474436;0.0506181;0.936734 -0.339397 0.0856674 3.44289 0.347857 0.92988 -0.119664 -1.21684 -0.0390469 0.141893 0.989112 -1.69124 0 0 0 1 
26875431820130;0.313572;0.0355591;0.994627 -0.103199 -0.00813855 0.854958 0.102991 0.994421 -0.0228107 -0.592567 0.0104472 0.0218499 0.999707 -0.824821 0 0 0 1 
26875431820131;0.549583;0.0374677;0.992964 0.115641 -0.0254921 -1.58853 -0.112117 0.987374 0.111901 0.371306 0.0381106 -0.108256 0.993392 1.57133 0 0 0 1 
26875431820132;0.557397;0.0678466;0.895415 0.443823 -0.0353895 -2.8641 -0.442548 0.878486 -0.180039 3.85919 -0.0488163 0.176871 0.983023 -0.895074 0 0 0 1 
26875431820133;0.523064;0.233445;0.99856 -0.0214333 0.0491695 0.238782 0.0151862 0.992156 0.124076 -0.205986 -0.0514432 -0.123151 0.991054 2.01439 0 0 0 1 
26875431820134;0.28355;0.0418911;0.980931 0.191563 0.0328211 -1.88925 -0.191586 0.981473 -0.0024723 1.36718 -0.0326866 -0.0038629 0.999458 -0.0444225 0 0 0 1 
26875431820135;0.398345;0.0387455;0.981939 -0.0465738 -0.183374 0.478304 0.0752327 0.985424 0.152578 -0.602644 0.173595 -0.163619 0.97113 1.1776 0 0 0 1 
26875431820136;0.188337;0.0443518;0.996479 0.0689961 0.0476365 -0.814045 -0.0681085 0.997477 -0.0200124 0.628651 -0.0488971 0.0166975 0.998664 0.124241 0 0 0 1 
26875431820137;0.314888;0.0454502;0.937491 -0.0195938 0.347457 -0.071934 0.0446201 0.996941 -0.0641723 -0.250286 -0.345136 0.0756645 0.935498 1.3014 0 0 0 1 
26875431820138;0.521003;0.0249023;0.99983 0.0172357 0.00650892 -0.488002 -0.0172156 0.999847 -0.00312205 -0.384177 -0.00656173 0.00300946 0.999974 0.818058 0 0 0 1 
26875431820139;0.534563;0.0342631;0.963802 -0.215799 -0.156576 2.9429 0.19524 0.971179 -0.136721 -1.22559 0.181567 0.101202 0.978157 -1.72939 0 0 0 1 
26875431820140;0.635129;0.0500907;0.932233 0.123135 -0.340263 0.348386 -0.116926 0.992383 0.038779 1.20113 0.342446 0.0036344 0.939531 -1.61287 0 0 0 1 
26875431820141;0.451247;0.217447;0.987788 -0.149679 -0.0432549 1.54445 0.153389 0.982938 0.101516 -1.29162 0.0273221 -0.106911 0.993893 1.21175 0 0 0 1 
26875431820142;0.45211;0.0432116;0.967681 0.0555594 -0.24598 -0.695326 -0.08025 0.992565 -0.0915121 0.760082 0.239066 0.108294 0.964945 -1.739 0 0 0 1 
26875431820143;0.371493;0.320621;0.998376 0.0209151 0.0529896 -0.19914 -0.023652 0.99839 0.051561 -0.0882612 -0.0518259 -0.0527305 0.997263 0.708419 0 0 0 1 
26875431820144;0.382734;0.0396634;0.975082 0.0155256 0.221301 -0.255731 0.0622499 0.938323 -0.340111 0.886465 -0.212932 0.345412 0.913975 -1.94919 0 0 0 1 
26875431820145;0.502979;0.0481647;0.969891 0.239186 0.0458466 -2.26077 -0.237779 0.970721 -0.0340978 2.02573 -0.05266 0.0221698 0.998366 -0.523099 0 0 0 1 
26875431820146;0.275674;0.043671;0.956167 0.291687 0.0257483 -2.18723 -0.292812 0.953157 0.0758496 1.95205 -0.00241783 -0.0800643 0.996787 0.564788 0 0 0 1 
26875431820147;0.238197;0.0416267;0.991184 0.0443636 -0.124841 -0.0337255 -0.0583493 0.992139 -0.110701 0.644114 0.118949 0.117009 0.985982 -1.50487 0 0 0 1 
26875431820148;0.24302;0.0320648;0.984712 -0.137542 0.106887 1.0489 0.15507 0.971693 -0.178228 -0.700003 -0.0793471 0.192078 0.978167 -1.46002 0 0 0 1 
26875431820149;0.23664;0.0419001;0.942612 -0.326205 0.0712289 3.06828 0.331217 0.940482 -0.0760787 -1.27385 -0.0421723 0.0953049 0.994554 -0.635282 0 0 0 1 
26875431820150;0.324251;0.0274814;0.984858 -0.170882 -0.0292198 1.61583 0.167142 0.980681 -0.101628 -0.824745 0.0460216 0.095205 0.994393 -0.571815 0 0 0 1 
26875431820151;0.348638;0.160956;0.993043 -0.0655574 -0.0978179 0.819927 0.0739554 0.993645 0.0848523 -0.730243 0.0916336 -0.0914961 0.99158 0.491081 0 0 0 1 
26875431820152;0.39459;0.0395593;0.993821 -0.0812548 0.0756179 0.408725 0.0858297 0.99454 -0.0593528 -0.236801 -0.0703823 0.0654763 0.995369 -0.871824 0 0 0 1 
26875431820153;0.461448;0.0470163;0.962141 0.269415 -0.0412389 -2.02894 -0.267553 0.962465 0.0455591 1.57541 0.0519654 -0.0328007 0.99811 -0.693439 0 0 0 1 
26875431820155;0.281618;0.0141837;0.99721 0.0475105 -0.0575723 0.465011 -0.0483301 0.998748 -0.0129282 0.0822643 0.0568859 0.0156746 0.998258 -0.0639267 0 0 0 1 
26875431820156;0.544215;0.0172035;0.980535 0.193 -0.0360913 -0.0710677 -0.192445 0.981137 0.0182836 0.170798 0.0389393 -0.0109821 0.999181 0.689238 0 0 0 1 
26875431820157;0.2633;0.0159372;0.983344 -0.181752 -0.00127999 0.0786715 0.175889 0.953352 -0.24532 -0.108071 0.0458077 0.241009 0.969441 -0.0983268 0 0 0 1 
26875431820158;0.308459;0.224438;0.99672 0.0798773 -0.0130205 0.0305442 -0.0796218 0.996642 0.0190855 0.278542 0.0145013 -0.0179862 0.999733 0.109073 0 0 0 1 
26875431820159;0.600497;0.0149564;0.998037 0.0561872 0.0276635 0.766329 -0.0521363 0.990131 -0.130088 0.0292369 -0.0346998 0.128391 0.991116 0.58284 0 0 0 1 
26875431820160;0.450407;0.0904643;0.913763 -0.202458 0.352205 -0.139201 0.259857 0.957696 -0.123663 -0.273283 -0.312269 0.204522 0.927717 0.732708 0 0 0 1 
26875431820161;0.500041;0.0200975;0.974887 -0.220521 -0.0310864 -0.275757 0.218977 0.97462 -0.0465309 -0.574187 0.0405585 0.0385552 0.998433 0.519685 0 0 0 1 
26875431820162;0.266888;0.0128986;0.97758 0.146051 0.151681 -0.124433 -0.115177 0.973925 -0.195459 0.134008 -0.176273 0.173607 0.968911 0.548801 0 0 0 1 
26875431820163;0.112835;0.00854271;0.993411 -0.00334042 0.114557 -0.0112247 -0.00173176 0.999023 0.0441483 0.00907165 -0.114593 -0.0440558 0.992435 0.387918 0 0 0 1 
26875431820164;0.259006;0.0191272;0.983771 -0.178191 -0.0210292 0.0271536 0.178673 0.98362 0.0238183 -0.624064 0.0164405 -0.0271891 0.999495 -0.248806 0 0 0 1 
26875431820165;0.440579;0.255575;0.980899 0.18287 -0.0663005 0.203936 -0.168394 0.968931 0.181154 0.314388 0.0973682 -0.16653 0.981217 -0.502518 0 0 0 1 
26875431820166;0.350624;0.30144;0.99927 -0.0227841 -0.0306596 -0.0524867 0.0222463 0.999595 -0.0177705 0.014987 0.031052 0.0170755 0.999372 -0.0867094 0 0 0 1 
26875431820167;0.350308;0.014295;0.978226 -0.193046 0.0761979 0.413294 0.203869 0.962565 -0.178623 -0.144146 -0.0388629 0.190268 0.980963 0.0483889 0 0 0 1 
26875431820168;0.226339;0.018595;0.983548 -0.0589769 -0.170747 0.349788 0.0511381 0.997442 -0.0499521 -0.251347 0.173256 0.0403986 0.984048 -0.436922 0 0 0 1 
26875431820169;0.436398;0.0172803;0.998894 -0.0462883 -0.00819821 0.243549 0.0463453 0.998902 0.00689603 0.216241 0.00787 -0.00726835 0.999943 0.555061 0 0 0 1 
26875431820170;0.561995;0.00968032;0.976513 0.031992 0.213072 -0.471031 -0.0153892 0.996746 -0.079129 -0.481751 -0.21491 0.0739914 0.973827 -0.00536108 0 0 0 1 
26875431820171;0.275385;0.0129597;0.997756 0.0643591 0.0184533 -0.0598701 -0.0646382 0.997797 0.0149537 0.122014 -0.0174503 -0.016113 0.999718 0.488876 0 0 0 1 
26875431820172;0.126727;0.020418;0.999915 -0.00497389 0.0120405 -0.0155689 0.00604855 0.995839 -0.0909303 0.0492162 -0.0115382 0.0909954 0.995784 0.19116 0 0 0 1 
26875431820173;0.248339;0.0145288;0.987775 -0.109768 0.110691 -0.113462 0.106121 0.993614 0.0383352 0.0138621 -0.114192 -0.0261199 0.993115 0.354922 0 0 0 1 
26875431820174;0.442063;0.0190264;0.918387 -0.195028 0.34428 -0.29037 0.174149 0.980516 0.09089 -0.657884 -0.355298 -0.0235162 0.934457 0.66095 0 0 0 1 
26875431820175;0.573407;0.0813186;0.921462 0.232144 -0.311476 0.835988 -0.311361 0.92082 -0.234829 0.816832 0.232299 0.313367 0.920781 -0.876323 0 0 0 1 
26875431820176;0.270556;0.0223516;0.991184 0.129954 -0.0258117 -0.338021 -0.132371 0.979629 -0.15101 0.33603 0.0056616 0.153095 0.988195 0.00899105 0 0 0 1 
26875431820177;0.516211;0.0119243;0.994946 0.0542508 -0.0844906 -0.465485 -0.068553 0.981851 -0.176828 -0.283343 0.0733641 0.181727 0.980609 -0.045935 0 0 0 1 
26875431820178;0.516876;0.234849;0.989339 -0.0969299 -0.10869 0.311448 0.106681 0.990408 0.0878083 -0.393624 0.0991364 -0.0984674 0.99019 0.398152 0 0 0 1 
26875431820179;0.506678;0.459098;0.998234 0.0537953 0.0252161 -0.104855 -0.0539201 0.998536 0.00429549 0.123888 -0.0249481 -0.00564756 0.999673 -0.011255 0 0 0 1 
26875431820180;0.166082;0.0173912;0.997538 -0.010393 0.0693521 -0.188239 0.00404059 0.995832 0.0911153 0.0795389 -0.07001 -0.0906108 0.993423 0.146611 0 0 0 1 
26875431820181;0.220973;0.153068;0.997104 -0.0710653 0.0270926 0.125646 0.0684036 0.993682 0.0889821 -0.291391 -0.033245 -0.0868711 0.995665 0.154072 0 0 0 1 
26875431820182;0.311591;0.0149211;0.999978 0.00535794 -0.00388207 0.475844 -0.0053809 0.999968 -0.00592776 0.0604168 0.00385019 0.00594852 0.999975 -0.100541 0 0 0 1 
26875431820183;0.378261;0.254712;0.979483 0.183952 -0.0823064 0.057825 -0.176517 0.980173 0.0900173 0.552518 0.0972333 -0.073642 0.992533 -0.335942 0 0 0 1 
26875431820184;0.707951;0.151608;0.981788 -0.185025 0.0431184 -0.0155987 0.187436 0.980385 -0.0609346 -0.323806 -0.0309982 0.0679068 0.99721 -0.87498 0 0 0 1 
26875431820186;0.0232744;0.0202046;0.999998 -0.00184891 -0.000552227 -0.00390999 0.00184984 0.999997 0.00168495 -0.0434803 0.00054911 -0.00168597 0.999998 0.0297712 0 0 0 1 
26875431820187;0.469951;0.0352333;0.997786 -0.0485373 0.0454618 0.125465 0.0482191 0.998804 0.00807142 0.018437 -0.0457992 -0.00586142 0.998933 -0.71952 0 0 0 1 
26875431820188;0.333415;0.250842;0.999393 0.0145818 0.0316365 0.0735069 -0.0141165 0.99979 -0.0148797 0.156781 -0.0318469 0.014424 0.999389 -0.0494739 0 0 0 1 
26875431820189;0.215891;0.0310757;0.999558 -0.02052 0.0214991 0.00384939 0.0237258 0.986601 -0.161418 0.299518 -0.0178987 0.161857 0.986652 0.0828832 0 0 0 1 
26875431820190;0.353199;0.0294518;0.999148 -0.00277911 -0.0411679 0.11953 0.00282978 0.999995 0.00117274 -0.0604788 0.0411645 -0.00128823 0.999152 0.567042 0 0 0 1 
26875431820191;0.375035;0.042698;0.883778 0.108497 -0.455153 0.611165 -0.0669777 0.992062 0.106431 -0.0702429 0.463087 -0.0635763 0.88403 -0.450481 0 0 0 1 
26875431820192;0.269163;0.0276392;0.99889 -0.0329509 0.0336592 -0.156577 0.0336077 0.999252 -0.019137 0.348769 -0.0330035 0.020247 0.99925 0.243284 0 0 0 1 
26875431820193;0.42369;0.0420855;0.914584 -0.166145 0.368689 -0.309001 0.254181 0.945277 -0.204554 -0.101234 -0.314527 0.280796 0.906767 0.512706 0 0 0 1 
26875431820194;0.276623;0.224857;0.997734 0.0459332 0.0491573 -0.0794137 -0.0435419 0.997866 -0.0486589 0.193776 -0.0512874 0.0464083 0.997605 0.153554 0 0 0 1 
26875431820195;0.12753;0.0228717;0.997597 0.0690493 0.00561061 -0.173516 -0.0691237 0.997504 0.0143821 0.0527386 -0.00460354 -0.0147354 0.999881 -0.115737 0 0 0 1 
26875431820196;0.182656;0.0271427;0.998161 -0.060616 -0.000239434 -0.119542 0.0605603 0.997399 -0.0390875 -0.34597 0.00260814 0.0390011 0.999236 -0.12792 0 0 0 1 
26875431820197;0.141522;0.0280249;0.999237 0.0319834 -0.0224134 -0.250024 -0.0313197 0.999078 0.0293607 0.0558335 0.0233318 -0.0286363 0.999318 -0.068079 0 0 0 1 
26875431820198;0.296595;0.161712;0.995453 -0.0772535 -0.0557187 0.238828 0.0753831 0.996543 -0.0349264 0.0856573 0.0582243 0.0305673 0.997835 -0.279662 0 0 0 1 
26875431820199;0.374604;0.360481;0.999152 -0.0216665 -0.0350033 0.0495397 0.0225248 0.999451 0.0243145 -0.0036742 0.0344573 -0.0250824 0.999091 0.0667269 0 0 0 1 
26875431820200;0.14975;0.0335635;0.998945 0.0139878 -0.0437431 -0.207687 -0.0104985 0.996819 0.0790045 0.0355638 0.0447091 -0.0784619 0.995914 0.00418068 0 0 0 1 
26875431820201;0.180431;0.0309424;0.995708 -0.0395317 -0.0836777 0.331086 0.0404695 0.999135 0.00954075 -0.163412 0.0832282 -0.0128862 0.996447 -0.129656 0 0 0 1 
26875431820202;0.0568232;0.0275376;0.999455 -0.0318049 -0.00878522 -0.0128337 0.0313265 0.998254 -0.050077 -0.00791328 0.0103626 0.0497745 0.998707 -0.0336208 0 0 0 1 
26875431820203;0.370175;0.355425;0.999825 -0.0154915 -0.0104788 0.00911442 0.0157731 0.999502 0.0273473 -0.0337474 0.0100499 -0.0275078 0.999571 -0.0496814 0 0 0 1 
26875431820204;0.336699;0.318001;0.999099 0.0422912 -0.00341281 -0.042751 -0.0424203 0.99726 -0.0606025 0.260411 0.000840512 0.0606927 0.998156 -0.0237184 0 0 0 1 
26875431820205;0.579018;0.178766;0.979899 0.0172879 0.198743 0.434776 -0.0338069 0.996219 0.080027 -0.477183 -0.196608 -0.0851373 0.976779 -0.106796 0 0 0 1 
26875431820206;0.454909;0.0262285;0.945641 0.0312208 0.323709 -0.248829 0.0433811 0.974376 -0.220704 -0.0678032 -0.322305 0.222749 0.920056 1.07671 0 0 0 1 
26875431820207;0.201469;0.152166;0.999435 0.0328889 0.00686024 -0.0631244 -0.0331014 0.998888 0.0335783 -0.0130101 -0.00574826 -0.0337864 0.999413 0.0743371 0 0 0 1 
26875431820208;0.418791;0.372154;0.999846 -0.0120014 0.0128036 -0.0812915 0.0111751 0.997966 0.0627632 -0.0958507 -0.0135308 -0.0626104 0.997946 -0.0722572 0 0 0 1 
26875431820209;0.261543;0.235231;0.99905 -0.0431829 0.00582346 0.019799 0.0431928 0.999065 -0.00158385 -0.0310832 -0.00574962 0.00183387 0.999982 0.0372008 0 0 0 1 
26875431820210;0.579052;0.425896;0.999436 -0.0335671 0.000670487 -0.227584 0.0334635 0.99757 0.061107 -0.194323 -0.00272005 -0.0610502 0.998131 -0.0619385 0 0 0 1 
26875431820211;0.254845;0.13682;0.997032 -0.0723001 -0.0264716 0.160424 0.0709758 0.996325 -0.0479501 -0.103236 0.0298411 0.0459289 0.998499 0.198317 0 0 0 1 
26875431820212;0.320883;0.0239112;0.966474 -0.120285 0.226847 0.0190295 0.147798 0.983056 -0.108426 -0.228587 -0.209961 0.138318 0.967876 0.719105 0 0 0 1 
26875431820213;0.233658;0.0303808;0.998756 -0.0495097 0.00594833 -0.107788 0.049863 0.992815 -0.108772 -0.0290354 -0.000520323 0.108933 0.994049 -0.394799 0 0 0 1 
26875431820214;0.442932;0.0285671;0.981726 0.0385527 -0.186353 0.34315 -0.0840251 0.966452 -0.242713 0.543983 0.170744 0.253936 0.952031 0.271741 0 0 0 1 
26875431820215;0.292551;0.175737;0.994886 0.0167688 0.099602 0.214768 -0.00728175 0.995464 -0.0948599 -0.352382 -0.100741 0.0936495 0.990495 0.226783 0 0 0 1 
26875431820217;0.53888;0.0103375;0.943904 -0.268783 0.191836 1.04846 0.321 0.883155 -0.342047 -0.710149 -0.0774842 0.384439 0.919893 -0.401721 0 0 0 1 
26875431820218;0.132212;0.0142145;0.999963 -0.00702285 -0.00495401 0.0121374 0.00688938 0.999626 -0.0264632 0.188562 0.00513801 0.0264281 0.999638 0.133788 0 0 0 1 
26875431820219;0.276971;0.00606399;0.991567 -0.0549119 0.117386 0.400536 0.0572793 0.998215 -0.0168878 -0.63632 -0.116249 0.0234692 0.992943 0.360276 0 0 0 1 
26875431820220;0.346183;0.311309;0.99693 0.0746741 0.0235594 -0.129715 -0.0746665 0.997208 -0.00120099 0.24923 -0.0235833 -0.000561794 0.999722 0.268442 0 0 0 1 
26875431820221;0.22686;0.00800571;0.999958 -0.00626975 0.00663942 0.411195 0.00624699 0.999975 0.00344425 -0.043129 -0.00666085 -0.00340263 0.999972 -0.240206 0 0 0 1 
26875431820222;0.271182;0.227455;0.996816 0.0583422 0.0543481 -0.142159 -0.0578104 0.998264 -0.0113083 0.183773 -0.0549135 0.00813043 0.998458 0.237595 0 0 0 1 
26875431820223;0.173034;0.00952837;0.999973 -0.00423004 0.00608392 -0.177376 0.00423519 0.999991 -0.000834835 -0.163755 -0.00608033 0.000860579 0.999981 -0.266495 0 0 0 1 
26875431820224;0.421446;0.0173218;0.995777 0.0513427 0.0761066 -0.698781 -0.0563575 0.996274 0.065279 -0.351184 -0.0724715 -0.0692925 0.994961 0.62734 0 0 0 1 
26875431820225;0.149136;0.0155122;0.984003 0.177981 -0.00780176 -0.13295 -0.177116 0.982059 0.0647332 0.766924 0.0191831 -0.0623159 0.997872 -0.0668414 0 0 0 1 
26875431820226;0.0692592;0.0103522;0.999416 -0.0340571 0.00279742 0.170135 0.0340826 0.999373 -0.0096218 -0.13785 -0.00246797 0.00971152 0.99995 -0.0521377 0 0 0 1 
26875431820227;0.394953;0.248137;0.991994 0.103564 0.0722645 -0.432777 -0.107261 0.993008 0.0492989 0.283908 -0.0666537 -0.0566554 0.996166 -0.0497571 0 0 0 1 
26875431820228;0.385763;0.0194522;0.999654 -0.0262696 0.00165041 -0.247057 0.0263025 0.994592 -0.100473 0.641819 0.000997908 0.100482 0.994938 0.130184 0 0 0 1 
26875431820229;0.236316;0.0172343;0.979451 -0.100948 0.174598 0.169998 0.0982517 0.994871 0.0240417 -0.141985 -0.17613 -0.00639309 0.984346 0.802816 0 0 0 1 
26875431820230;0.353557;0.247122;0.986225 0.160901 0.0383482 -0.375536 -0.158493 0.985582 -0.0592334 0.932363 -0.047326 0.0523396 0.997507 0.139022 0 0 0 1 
26875431820231;0.448584;0.0118753;0.999326 0.00533448 0.0363157 -0.25448 -0.00394935 0.999266 -0.0381068 0.2762 -0.0364924 0.0379377 0.998614 -0.777889 0 0 0 1 
26875431820232;0.290281;0.0134838;0.964804 -0.193267 0.178327 0.554222 0.133361 0.944054 0.301623 -0.628132 -0.226644 -0.267226 0.936602 1.26655 0 0 0 1 
26875431820233;0.217224;0.0112043;0.996101 -0.0759966 -0.0447961 0.578585 0.0753439 0.997028 -0.0160875 -0.296024 0.0458856 0.0126497 0.998867 -0.296609 0 0 0 1 
26875431820234;0.288361;0.0121434;0.985098 -0.161634 -0.0587959 0.345567 0.165965 0.983021 0.0782625 -1.31062 0.0451477 -0.0868542 0.995197 -0.333783 0 0 0 1 
26875431820235;0.189456;0.0100533;0.977685 -0.152474 -0.144512 0.512129 0.15585 0.987705 0.0122694 -0.765267 0.140865 -0.0345179 0.989427 -0.659122 0 0 0 1 
26875431820236;0.315102;0.0150355;0.93664 0.235161 0.259624 -0.148367 -0.213952 0.970905 -0.107553 1.31605 -0.277362 0.0451913 0.959702 1.49201 0 0 0 1 
26875431820237;0.012092;0.0103134;0.999977 -0.005258 0.00435153 0.0155963 0.00526836 0.999983 -0.00237312 -0.0496709 -0.00433898 0.00239599 0.999988 0.022109 0 0 0 1 
26875431820238;0.26454;0.0142773;0.953231 -0.278392 0.117684 0.527899 0.267817 0.958468 0.0980426 -1.42154 -0.14009 -0.0619395 0.988199 0.934006 0 0 0 1 
26875431820239;0.246987;0.0161051;0.999349 0.0316734 0.0172446 -0.290314 -0.033209 0.994673 0.09758 -0.309138 -0.014062 -0.0980892 0.995078 0.162073 0 0 0 1 
26875431820240;0.363487;0.17949;0.950213 0.267468 -0.159866 -0.185112 -0.249099 0.96025 0.125972 0.939536 0.187204 -0.0798774 0.979068 -1.0403 0 0 0 1 
26875431820241;0.468508;0.0224662;0.89203 -0.451922 0.00704036 0.665792 0.451844 0.892037 0.0103444 -2.2419 -0.0109551 -0.00604637 0.999922 0.450042 0 0 0 1 
26875431820242;0.496458;0.0134408;0.962681 -0.209459 -0.171386 0.880491 0.261351 0.883971 0.387673 -1.97678 0.0702982 -0.417997 0.905724 -0.016339 0 0 0 1 
26875431820243;0.419239;0.0165073;0.909526 0.257021 0.326654 -0.393288 -0.21456 0.963412 -0.160625 1.32478 -0.355987 0.076006 0.931395 1.41625 0 0 0 1 
26875431820244;0.327061;0.0185671;0.999941 -0.00190512 0.0106955 -0.493134 0.00307607 0.993865 -0.110556 0.496052 -0.0104193 0.110582 0.993812 0.00970194 0 0 0 1 
26875431820245;0.440644;0.00806596;0.912649 0.0487599 0.405825 -0.39182 -0.0939358 0.991305 0.0921443 0.230638 -0.397803 -0.122217 0.909294 1.93497 0 0 0 1 
26875431820246;0.33651;0.00769159;0.988246 -0.0575629 0.14162 -0.0817799 0.0455471 0.995195 0.0866725 -0.638056 -0.145929 -0.0792034 0.986119 0.249768 0 0 0 1 
26875431820248;0.482971;0.0215003;0.939556 -0.0828034 -0.332232 0.830206 0.115796 0.989986 0.0807347 -0.377041 0.32222 -0.114326 0.939736 -2.32441 0 0 0 1 
26875431820249;0.481186;0.0214034;0.971354 -0.191457 -0.140769 0.353119 0.180773 0.979824 -0.0852412 -0.71316 0.154248 0.0573521 0.986366 0.311044 0 0 0 1 
26875431820250;0.362957;0.0232853;0.965852 0.226055 0.126607 0.153791 -0.210319 0.969424 -0.126423 1.53072 -0.151315 0.095478 0.983864 0.486097 0 0 0 1 
26875431820251;0.294996;0.0233545;0.995638 0.0924964 -0.0122112 0.644033 -0.0915762 0.993883 0.0617342 0.104211 0.0178467 -0.0603466 0.998018 -0.314753 0 0 0 1 
26875431820252;0.28587;0.0231497;0.999686 -0.0250353 0.00103187 0.322932 0.0250346 0.999686 0.000688927 -0.618547 -0.0010488 -0.000662878 0.999999 0.247589 0 0 0 1 
26875431820253;0.612372;0.0171692;0.959081 0.088483 -0.268951 1.1637 -0.0249066 0.972597 0.23116 -0.959007 0.282035 -0.215003 0.935003 -1.12978 0 0 0 1 
26875431820254;0.431445;0.360982;0.998589 0.0469614 0.0248098 -0.0376515 -0.045618 0.997595 -0.0521882 0.306884 -0.0272009 0.0509828 0.998329 0.0174698 0 0 0 1 
26875431820255;0.351175;0.0228039;0.999547 -0.0275684 0.0121023 -0.278255 0.0274675 0.999587 0.00843097 -0.00948718 -0.0123298 -0.00809473 0.999891 0.817413 0 0 0 1 
26875431820256;0.151421;0.0205651;0.982117 0.18825 -0.00272804 0.151057 -0.188268 0.982064 -0.0102406 0.871219 0.000751318 0.0105711 0.999944 0.0130087 0 0 0 1 
26875431820257;0.412483;0.0175995;0.987341 -0.149537 -0.0528899 -0.122011 0.15444 0.982331 0.105704 -1.61864 0.0361488 -0.112534 0.99299 -0.333392 0 0 0 1 
