#;prob_registration_l1 -r /home/probabilistic_point_clouds_registration/build/tester /home/point_clouds_registration_benchmark//devel/registration_pairs/wood_summer_local.txt /home/point_clouds_registration_benchmark//eth/wood_summer -s 0.2 -t 0.2 -p 0.3 -r 1000 -m 25 -i 40 
id;initial_error;final_error;transformation
2318808360000;0.0774618;0.0229705;0.998099 0.0423249 0.0448033 -0.480598 -0.0421943 0.999102 -0.00385542 0.459589 -0.0449263 0.00195764 0.998988 0.310228 0 0 0 1 
2318808360001;0.306883;0.0287703;0.997362 0.0705889 -0.0169458 -0.160172 -0.070866 0.997352 -0.0163467 0.594756 0.015747 0.0175045 0.999723 -0.442573 0 0 0 1 
2318808360002;0.495258;0.0404186;0.918652 -0.380335 -0.106881 4.70174 0.379007 0.924795 -0.0332689 -1.78807 0.111497 -0.00994631 0.993715 -0.180819 0 0 0 1 
2318808360003;0.524546;0.397137;0.998686 -0.0504294 0.00915363 0.327897 0.0499362 0.997605 0.0478538 -0.562038 -0.0115449 -0.0473338 0.998812 0.390362 0 0 0 1 
2318808360004;0.20511;0.0242099;0.997705 -0.062862 0.0251577 0.593843 0.0627987 0.998021 0.00329804 -0.511507 -0.0253152 -0.0017106 0.999678 -0.186734 0 0 0 1 
2318808360005;0.440296;0.23926;0.996769 -0.0251359 -0.0762912 0.417685 0.0380288 0.984263 0.172571 -0.582076 0.0707528 -0.174915 0.982038 0.751549 0 0 0 1 
2318808360006;0.169359;0.0264485;0.996314 -0.0829527 0.0218469 1.00656 0.0833377 0.99637 -0.0173435 -0.44963 -0.0203289 0.0191002 0.999611 0.11003 0 0 0 1 
2318808360007;0.299345;0.258414;0.998525 -0.0463698 0.0282523 0.293604 0.0455234 0.998516 0.0298987 -0.497393 -0.0295967 -0.0285684 0.999154 0.461632 0 0 0 1 
2318808360008;0.34518;0.263262;0.988652 0.0889642 0.121048 -1.09293 -0.0974594 0.993038 0.0661603 0.500117 -0.114319 -0.0772068 0.990439 1.93821 0 0 0 1 
2318808360009;0.553788;0.416318;0.996017 0.072139 0.0523977 -0.705377 -0.0711397 0.997252 -0.0206947 0.348438 -0.0537466 0.0168847 0.998412 0.358217 0 0 0 1 
2318808360010;0.296129;0.0097809;0.99217 -0.124861 -0.00271542 1.23374 0.124871 0.991384 0.0395573 -1.23388 -0.00224714 -0.0395866 0.999214 -0.00415102 0 0 0 1 
2318808360011;0.267088;0.0281376;0.974191 -0.189386 0.122819 2.11809 0.176537 0.978319 0.108289 -1.29155 -0.140664 -0.0838118 0.986504 2.32001 0 0 0 1 
2318808360012;0.117207;0.0341212;0.997143 -0.00148507 -0.0755179 0.0153658 0.00518498 0.998794 0.0488214 -0.195033 0.0753543 -0.0490735 0.995949 -0.234899 0 0 0 1 
2318808360013;0.297157;0.0142352;0.9968 -0.0508534 0.0616712 0.00160131 0.0530734 0.99798 -0.0349087 -0.645491 -0.0597714 0.0380701 0.997486 -0.0540918 0 0 0 1 
2318808360014;0.320442;0.0207756;0.99998 0.00477352 0.0041363 -0.0193769 -0.00478149 0.999987 0.0019208 0.0457319 -0.00412707 -0.00194054 0.99999 -0.589621 0 0 0 1 
2318808360015;0.329054;0.0164636;0.961822 0.24232 -0.127195 -2.09211 -0.255339 0.961827 -0.0984387 2.4828 0.098486 0.127158 0.986981 -2.53697 0 0 0 1 
2318808360016;0.335073;0.018203;0.999369 0.0353837 0.00300517 -0.281062 -0.0353974 0.999363 0.00462049 -0.0448201 -0.00283977 -0.00472395 0.999985 -0.514127 0 0 0 1 
2318808360017;0.483715;0.0233817;0.972743 0.226394 -0.0501725 -2.53807 -0.226754 0.973951 -0.00152461 1.7775 0.0485204 0.0128599 0.998739 0.188726 0 0 0 1 
2318808360018;0.313611;0.305696;0.999015 -0.0440047 -0.00568445 0.295965 0.0439526 0.998993 -0.00899607 -0.361599 0.0060746 0.00873736 0.999943 -0.106286 0 0 0 1 
2318808360019;0.502137;0.401426;0.999341 0.031344 0.0183206 -0.319265 -0.0304291 0.998372 -0.0482459 0.0495756 -0.019803 0.0476566 0.998667 -0.556654 0 0 0 1 
2318808360020;0.421809;0.0290984;0.965726 0.0255702 0.2583 -0.602962 -0.00319008 0.99623 -0.0866939 0.247521 -0.259543 0.0828986 0.962167 0.538145 0 0 0 1 
2318808360021;0.393879;0.02683;0.91168 -0.291897 -0.289199 4.21688 0.19926 0.929586 -0.310106 -0.848328 0.359354 0.225092 0.905648 -5.01153 0 0 0 1 
2318808360022;0.404256;0.0333392;0.995358 0.0404316 -0.0873423 -0.364018 -0.0467016 0.996384 -0.0709779 1.16101 0.0841567 0.0747274 0.993647 -1.76118 0 0 0 1 
2318808360023;0.175152;0.0213593;0.979433 -0.189183 0.0701408 1.94876 0.19259 0.980227 -0.0454276 -1.27871 -0.0601598 0.0580017 0.996502 -0.091596 0 0 0 1 
2318808360024;0.438639;0.018325;0.993424 0.0136315 -0.113681 -0.842481 -0.0258398 0.993964 -0.10662 0.405406 0.111542 0.108856 0.98778 -2.06802 0 0 0 1 
2318808360025;0.493149;0.0348966;0.985911 -0.167095 -0.00759496 1.66922 0.166785 0.985498 -0.0312446 -0.668319 0.0127056 0.0295377 0.999483 0.32559 0 0 0 1 
2318808360026;0.26214;0.0255002;0.980907 0.0178816 -0.193655 -0.179229 -0.00565465 0.997965 0.0635076 -0.0625222 0.194396 -0.0612 0.979012 -0.562775 0 0 0 1 
2318808360027;0.301824;0.023706;0.970313 0.241671 -0.00938357 -2.26548 -0.235277 0.934235 -0.268047 2.97733 -0.0560126 0.262297 0.96336 -2.214 0 0 0 1 
2318808360028;0.111442;0.0313917;0.999253 -0.0269402 -0.0277225 0.280354 0.0302784 0.991306 0.128047 -0.364473 0.0240318 -0.12879 0.991381 1.12071 0 0 0 1 
2318808360029;0.556383;0.0220175;0.994678 -0.0593028 -0.0842528 0.126203 0.086007 0.928171 0.362078 -0.455902 0.0567288 -0.367398 0.928332 4.15159 0 0 0 1 
2318808360031;0.47988;0.350504;0.998281 0.0448973 -0.0376755 -0.0822137 -0.0443921 0.998914 0.0141403 0.431193 0.0382694 -0.0124435 0.99919 -0.343792 0 0 0 1 
2318808360032;0.536016;0.0175417;0.931624 0.0512689 -0.35979 0.614676 -0.153199 0.953141 -0.260868 2.75628 0.329556 0.29815 0.895823 -5.98141 0 0 0 1 
2318808360033;0.38485;0.0115503;0.988539 0.145994 0.0384204 -1.34846 -0.145689 0.989273 -0.0106415 1.18877 -0.0395619 0.00492212 0.999205 -0.404351 0 0 0 1 
2318808360034;0.495664;0.385817;0.999118 0.0404997 0.0111222 -0.367787 -0.0405107 0.999179 0.000766242 0.478563 -0.011082 -0.00121613 0.999938 -0.276079 0 0 0 1 
2318808360035;0.329409;0.0108887;0.993453 0.105253 -0.044411 -0.820909 -0.105589 0.994396 -0.00527589 1.10909 0.0436068 0.00993064 0.998999 -1.01167 0 0 0 1 
2318808360036;0.430313;0.0113186;0.90587 0.244498 -0.345862 -1.17676 -0.232649 0.969581 0.0760747 1.98089 0.353941 0.0115504 0.935196 -3.03743 0 0 0 1 
2318808360037;0.120765;0.0121268;0.994255 0.0127623 -0.106277 0.0200127 -0.0255334 0.992483 -0.119691 0.478022 0.10395 0.121717 0.987107 -2.12476 0 0 0 1 
2318808360038;0.516165;0.0110247;0.976489 -0.182277 0.115083 1.77545 0.180013 0.983211 0.0298534 -1.98279 -0.118593 -0.008435 0.992907 1.75615 0 0 0 1 
2318808360039;0.413132;0.00862096;0.972555 -0.126705 0.19515 1.07931 0.120367 0.991752 0.0440483 -0.552901 -0.199121 -0.0193498 0.979784 2.31997 0 0 0 1 
2318808360040;0.306491;0.00786041;0.989826 0.11641 -0.0818116 -0.809845 -0.102625 0.982382 0.156181 0.848552 0.0985513 -0.146197 0.984334 0.38186 0 0 0 1 
2318808360041;0.475776;0.330923;0.997018 -0.0731459 -0.0245841 0.743046 0.0736905 0.997038 0.0220273 -0.57227 0.0229001 -0.0237733 0.999455 0.533128 0 0 0 1 
2318808360042;0.392346;0.0135015;0.994325 0.0455393 0.0961487 -0.573369 -0.0452678 0.998962 -0.00500385 0.401414 -0.0962768 0.000623007 0.995354 1.55101 0 0 0 1 
2318808360043;0.212163;0.0065097;0.992245 0.0627172 -0.107315 -0.46176 -0.0351936 0.969796 0.241365 0.285516 0.119212 -0.235716 0.964482 1.65747 0 0 0 1 
2318808360044;0.216595;0.00747059;0.989327 0.115373 -0.089003 -1.34332 -0.109258 0.991491 0.0707749 0.667087 0.0964111 -0.0602952 0.993514 0.00728808 0 0 0 1 
2318808360045;0.469606;0.264025;0.971482 0.120809 -0.204031 -0.716647 -0.176003 0.944002 -0.279075 2.81521 0.158891 0.307026 0.938343 -4.02413 0 0 0 1 
2318808360046;0.276896;0.0099393;0.999217 0.0199884 0.0341444 -0.0320225 -0.0197474 0.999778 -0.00737908 -0.291238 -0.0342843 0.00669903 0.99939 0.0388271 0 0 0 1 
2318808360047;0.219223;0.0110035;0.96436 -0.133884 -0.22822 1.9902 0.12915 0.990985 -0.0356224 -0.78414 0.230932 0.00487813 0.972958 -1.99379 0 0 0 1 
2318808360048;0.2746;0.0127508;0.947456 -0.0242679 0.318965 0.192818 0.00363523 0.997871 0.0651233 -0.0160899 -0.319866 -0.0605419 0.945527 3.32165 0 0 0 1 
2318808360049;0.475244;0.393839;0.998464 -0.0437957 -0.0339414 0.568089 0.0443982 0.998866 0.0172034 -0.357524 0.0331495 -0.0186839 0.999276 -0.196659 0 0 0 1 
2318808360050;0.266943;0.0153334;0.953694 -0.300709 -0.00641126 3.68967 0.300747 0.953685 0.00604233 -2.07476 0.00429734 -0.00769071 0.999961 -0.14651 0 0 0 1 
2318808360051;0.316495;0.00668395;0.975449 -0.0578819 0.212481 0.596292 0.0281953 0.989726 0.140173 -0.402957 -0.218411 -0.13074 0.967059 3.75917 0 0 0 1 
2318808360052;0.442125;0.361237;0.991266 0.106236 0.0781424 -1.01782 -0.102567 0.99349 -0.0495691 1.06845 -0.0828997 0.0411214 0.995709 0.421189 0 0 0 1 
2318808360053;0.502153;0.014322;0.999276 -0.0350252 0.0148889 1.0851 0.0327909 0.990929 0.130321 -0.466268 -0.0193184 -0.129738 0.99136 2.26995 0 0 0 1 
2318808360054;0.189299;0.0158858;0.967512 -0.252477 -0.0132836 3.04193 0.25052 0.964442 -0.0842087 -1.62586 0.0340721 0.078145 0.99636 -1.15755 0 0 0 1 
2318808360055;0.56348;0.019397;0.952485 0.138248 -0.271402 -0.148115 -0.170285 0.980493 -0.0981663 2.36314 0.252536 0.139718 0.957447 -3.55907 0 0 0 1 
2318808360056;0.0419399;0.00802676;0.998699 0.0492644 -0.0131452 -0.508833 -0.0491969 0.998774 0.00541375 0.382151 0.0133958 -0.00476001 0.999899 -0.0482906 0 0 0 1 
2318808360057;0.467263;0.00700855;0.997512 -0.0704951 0.000284449 0.924478 0.0704743 0.997103 -0.0286222 -1.29983 0.0017341 0.0285711 0.99959 -0.817801 0 0 0 1 
2318808360058;0.291617;0.0231819;0.999955 0.00567016 0.00767033 -0.0166044 -0.00667654 0.99037 0.138283 0.48467 -0.00681238 -0.138328 0.990363 1.80401 0 0 0 1 
2318808360059;0.25976;0.0197026;0.976553 0.0232368 -0.21402 0.39884 -0.0390852 0.996773 -0.0701196 0.433122 0.2117 0.0768405 0.974309 -2.28494 0 0 0 1 
2318808360060;0.11731;0.00507369;0.991595 0.0978642 0.0846271 -1.12591 -0.0934349 0.994115 -0.0548143 0.942431 -0.0894935 0.0464465 0.994904 0.244802 0 0 0 1 
2318808360062;0.468711;0.240351;0.982924 0.14208 -0.116938 -0.567287 -0.12863 0.984943 0.115503 0.651184 0.131588 -0.098489 0.9864 0.0275306 0 0 0 1 
2318808360063;0.468392;0.0137431;0.99264 -0.120076 0.0157276 -0.416381 0.117674 0.987057 0.108959 -1.14712 -0.0286073 -0.106306 0.993922 -0.0428952 0 0 0 1 
2318808360064;0.317402;0.00971316;0.947077 0.320885 0.00881249 -0.552144 -0.32082 0.947106 -0.00804766 1.98007 -0.0109287 0.00479453 0.999929 -0.338436 0 0 0 1 
2318808360065;0.263432;0.00749524;0.973647 -0.214729 0.0768262 0.737312 0.206077 0.972675 0.106934 -1.49664 -0.0976888 -0.088284 0.991294 1.06657 0 0 0 1 
2318808360066;0.238324;0.0123052;0.999541 -0.0300574 0.00378329 -0.376529 0.0299934 0.999422 0.0159743 -0.406575 -0.00426125 -0.0158535 0.999865 0.175955 0 0 0 1 
2318808360067;0.429905;0.0120232;0.993593 0.0952312 -0.0608532 0.723198 -0.0915057 0.993914 0.0613319 0.573036 0.0663236 -0.0553705 0.996261 -0.505616 0 0 0 1 
2318808360068;0.55967;0.44546;0.994975 -0.0444415 -0.089721 0.359945 0.0467821 0.998613 0.0241546 -0.388487 0.0885231 -0.0282306 0.995674 -0.553476 0 0 0 1 
2318808360069;0.324897;0.00915732;0.997318 0.0669426 0.0296003 0.180203 -0.0674455 0.997589 0.016328 0.118874 -0.0284359 -0.0182806 0.999428 -0.37203 0 0 0 1 
2318808360070;0.327797;0.0113811;0.995798 0.0558372 0.0725806 0.48973 -0.0519338 0.997157 -0.0545991 0.302318 -0.0754229 0.0506003 0.995867 0.0847211 0 0 0 1 
2318808360071;0.127608;0.0142051;0.989444 0.121203 0.0794433 -0.423432 -0.121721 0.992563 0.00170107 0.742787 -0.0786463 -0.011353 0.996838 0.436878 0 0 0 1 
2318808360072;0.27755;0.0133064;0.963758 -0.260664 -0.0567859 0.700557 0.260377 0.965426 -0.0125178 -1.15595 0.0580855 -0.00272168 0.998308 -0.525977 0 0 0 1 
2318808360073;0.377754;0.0121913;0.99279 -0.063021 0.101965 0.000793574 0.0791837 0.983416 -0.163164 0.0394231 -0.089991 0.170061 0.981316 -0.680822 0 0 0 1 
2318808360074;0.367604;0.280001;0.985955 -0.166974 -0.00349996 0.657817 0.166909 0.985869 -0.0142719 -1.20815 0.00583353 0.0134872 0.999892 0.115364 0 0 0 1 
2318808360075;0.223733;0.0162656;0.964559 -0.0156408 0.263404 0.0867077 0.0133297 0.999855 0.0105589 -0.260998 -0.263531 -0.00667361 0.964628 1.62393 0 0 0 1 
2318808360076;0.344651;0.0151649;0.993297 -0.114747 -0.0139152 0.851804 0.114743 0.964344 0.238485 -0.833646 -0.0139463 -0.238483 0.971047 1.24641 0 0 0 1 
2318808360077;0.167206;0.00887442;0.994845 0.0306801 0.0966528 -0.0258762 -0.0334315 0.999077 0.026977 0.454499 -0.0957359 -0.0300692 0.994953 0.538023 0 0 0 1 
2318808360078;0.455663;0.34533;0.99834 0.0558641 0.0139989 -0.411774 -0.0562051 0.998099 0.0252765 0.172547 -0.0125603 -0.0260213 0.999582 -0.409055 0 0 0 1 
2318808360079;0.349782;0.0140068;0.990543 0.0798344 0.111587 -0.22099 -0.0956015 0.984955 0.143961 0.488806 -0.0984147 -0.153267 0.983272 1.73443 0 0 0 1 
2318808360080;0.31557;0.189265;0.994352 0.0415665 -0.0976539 -0.0713832 -0.0270898 0.989039 0.145146 -0.072549 0.102617 -0.141681 0.984579 -0.124116 0 0 0 1 
2318808360081;0.265138;0.153908;0.997252 0.0675562 -0.0304134 -0.125818 -0.0703029 0.99242 -0.100797 0.61611 0.0233734 0.102658 0.994442 -0.252784 0 0 0 1 
2318808360082;0.291619;0.19681;0.989235 0.124466 -0.0769585 -0.143292 -0.133641 0.982654 -0.128576 0.838065 0.0596201 0.137477 0.988709 -0.740714 0 0 0 1 
2318808360083;0.406111;0.0108747;0.989227 -0.145669 0.0145141 -0.0107565 0.144228 0.986789 0.0737894 -0.938058 -0.0250712 -0.0709012 0.997168 -0.385344 0 0 0 1 
2318808360084;0.25521;0.206571;0.999122 0.040411 0.011053 0.105696 -0.0391867 0.994739 -0.0946484 0.250972 -0.0148197 0.0941322 0.995449 -0.186257 0 0 0 1 
2318808360085;0.097134;0.0124515;0.999217 -0.014625 0.0367499 -0.0277936 0.0137216 0.9996 0.0247149 -0.0363111 -0.0370967 -0.0241913 0.999019 0.457813 0 0 0 1 
2318808360086;0.630308;0.579921;0.9982 0.0255127 -0.0542712 0.0182902 -0.0231583 0.998782 0.0435762 0.067974 0.0553169 -0.0422409 0.997575 -0.227136 0 0 0 1 
2318808360087;0.164964;0.0121065;0.988959 0.144058 0.0347557 -0.352376 -0.139868 0.984874 -0.102277 1.07166 -0.0489637 0.0962865 0.994149 -0.00385625 0 0 0 1 
2318808360088;0.426784;0.0192562;0.921999 0.207702 0.326769 -0.278091 -0.139209 0.965333 -0.220803 1.08675 -0.361302 0.158091 0.91895 2.21106 0 0 0 1 
2318808360089;0.0156956;0.0117234;0.99985 -0.0162841 -0.0059372 0.0569765 0.0163847 0.999716 0.0173009 -0.133873 0.00565378 -0.0173956 0.999833 0.0139407 0 0 0 1 
2318808360090;0.105965;0.0101401;0.999863 0.00723466 -0.0148936 -0.157116 -0.00739385 0.999916 -0.0106611 0.191949 0.0148152 0.0107698 0.999832 -0.0324817 0 0 0 1 
2318808360091;0.471367;0.0115492;0.942614 -0.0898804 -0.321558 0.90438 0.014366 0.973111 -0.229887 0.891264 0.333574 0.212075 0.91856 -2.79627 0 0 0 1 
2318808360093;0.358587;0.00786737;0.994847 0.0904483 0.0458169 -0.128131 -0.0911653 0.99574 0.0138051 0.92983 -0.0443731 -0.0179108 0.998854 -0.508079 0 0 0 1 
2318808360094;0.104341;0.0100299;0.997 0.0771698 0.00593807 0.108684 -0.0769668 0.996611 -0.029036 0.305472 -0.00815865 0.0284918 0.999561 0.152288 0 0 0 1 
2318808360095;0.369651;0.0100691;0.954672 -0.297531 -0.0087637 0.48103 0.297195 0.954412 -0.0278124 -1.28021 0.0166392 0.0239472 0.999575 -0.739519 0 0 0 1 
2318808360096;0.316121;0.00380773;0.999548 0.0292764 -0.00685144 0.695168 -0.0291929 0.999502 0.0119928 0.283955 0.00719913 -0.0117874 0.999905 0.340705 0 0 0 1 
2318808360097;0.369151;0.0156251;0.918786 0.272055 0.28604 0.122339 -0.261666 0.962262 -0.0747209 1.02926 -0.295573 -0.00619453 0.9553 1.05592 0 0 0 1 
2318808360098;0.287285;0.00818012;0.95273 -0.303495 0.0140143 0.134736 0.302556 0.951961 0.0472229 -1.58989 -0.027673 -0.0407505 0.998786 -0.128539 0 0 0 1 
2318808360099;0.367143;0.310362;0.998331 -0.0501501 0.0286223 -0.0489568 0.0502198 0.998737 -0.00172271 -0.309579 -0.0284998 0.00315724 0.999589 0.0478977 0 0 0 1 
2318808360100;0.403666;0.00755617;0.98948 -0.137379 -0.0453563 0.987704 0.140909 0.986196 0.0869643 -0.681972 0.0327832 -0.0924405 0.995178 -0.56083 0 0 0 1 
2318808360101;0.302239;0.00646991;0.944806 -0.164233 0.283495 -0.193894 0.175835 0.984293 -0.0157923 -0.910545 -0.276449 0.0647691 0.958844 1.42208 0 0 0 1 
2318808360102;0.281834;0.00775155;0.988221 0.151913 -0.0184684 0.160876 -0.14141 0.952633 0.269247 0.131226 0.0584956 -0.263464 0.962894 -0.337014 0 0 0 1 
2318808360103;0.378578;0.0108804;0.934232 0.191257 -0.301052 0.776478 -0.108933 0.956743 0.269771 0.130737 0.339625 -0.219234 0.914654 -1.49014 0 0 0 1 
2318808360104;0.557659;0.3415;0.996402 -0.0748378 0.0397901 -0.439214 0.0771076 0.995278 -0.0589511 -0.121828 -0.0351905 0.0618071 0.997468 -0.36163 0 0 0 1 
2318808360105;0.460355;0.252419;0.984554 -0.171543 0.035008 -0.136223 0.170611 0.984938 0.0281036 -0.991439 -0.0393016 -0.0216968 0.998992 -0.437869 0 0 0 1 
2318808360106;0.53681;0.0140097;0.922526 -0.0753988 -0.378498 1.45831 0.0692585 0.997153 -0.029832 0.433464 0.37967 0.00130661 0.925121 -1.54754 0 0 0 1 
2318808360107;0.116161;0.0075939;0.993702 -0.016611 0.110821 -0.0463587 0.0268627 0.995427 -0.0916653 -0.0522905 -0.108792 0.0940649 0.989604 0.658432 0 0 0 1 
2318808360108;0.426496;0.00806349;0.972878 0.231318 0.00094233 0.761786 -0.231181 0.972427 -0.0306653 1.17667 -0.00800979 0.0296158 0.999529 -0.616231 0 0 0 1 
2318808360109;0.361092;0.0103862;0.990203 0.138432 0.0182917 -0.810658 -0.137606 0.989656 -0.0405703 1.06721 -0.0237187 0.0376558 0.999009 -0.0802041 0 0 0 1 
2318808360110;0.188673;0.0136548;0.990246 -0.0315555 -0.13571 0.459647 0.0204719 0.996397 -0.082305 0.175043 0.137819 0.078724 0.987324 -0.79023 0 0 0 1 
2318808360111;0.302097;0.0152225;0.977245 0.180893 -0.110771 -0.367393 -0.148516 0.956378 0.251564 0.638962 0.151445 -0.229389 0.961481 -0.579069 0 0 0 1 
2318808360112;0.226828;0.012007;0.960525 -0.259581 -0.100049 0.536059 0.263016 0.964527 0.0225905 -1.29536 0.090636 -0.0480132 0.994726 -0.383392 0 0 0 1 
2318808360113;0.311079;0.281958;0.998681 -0.0185515 -0.0478773 0.010627 0.0179168 0.999746 -0.0136512 -0.0577909 0.0481184 0.0127754 0.99876 -0.153487 0 0 0 1 
2318808360114;0.267587;0.00490706;0.990561 -0.0499709 0.12764 -0.0302958 0.049114 0.998745 0.00985435 0.0601574 -0.127972 -0.00349243 0.991772 1.20193 0 0 0 1 
2318808360115;0.283003;0.00718168;0.99482 -0.101645 0.000749613 -0.0605969 0.0970581 0.95207 0.290075 -0.90949 -0.0301982 -0.288499 0.957004 0.727519 0 0 0 1 
2318808360116;0.15967;0.0121451;0.999968 0.0043743 0.00665306 0.207958 -0.00437503 0.99999 9.50324e-05 0.0346601 -0.00665258 -0.000124137 0.999978 -0.286819 0 0 0 1 
2318808360117;0.274094;0.0146861;0.966537 0.16694 -0.194777 0.565377 -0.200134 0.965701 -0.165433 1.26447 0.160478 0.198879 0.966796 -0.944838 0 0 0 1 
2318808360118;0.309171;0.00639701;0.996168 -0.0566035 0.0666699 0.204519 0.0634663 0.992363 -0.105774 -0.025073 -0.0601735 0.1096 0.992153 0.956771 0 0 0 1 
2318808360119;0.136528;0.00887028;0.999632 0.00626496 -0.0263814 0.0179084 -0.00143603 0.983808 0.179218 -0.194055 0.027077 -0.179114 0.983456 0.118073 0 0 0 1 
2318808360120;0.394337;0.0113456;0.964736 -0.263218 0.000819045 0.393317 0.263201 0.964628 -0.0147375 -1.26773 0.0030891 0.0144334 0.999891 -0.810841 0 0 0 1 
2318808360121;0.407083;0.309691;0.993777 -0.0903186 0.0651963 -0.234094 0.0903564 0.995907 0.00237379 -0.519009 -0.0651438 0.00353189 0.99787 -0.0158509 0 0 0 1 
2318808360122;0.325576;0.0149688;0.962394 0.020825 -0.270858 0.869532 -0.00632451 0.998505 0.0542986 -0.0595833 0.271584 -0.0505436 0.961087 -0.981499 0 0 0 1 
2318808360124;0.330187;0.0214744;0.952123 -0.162579 0.2589 1.63688 0.114623 0.974936 0.190686 -1.10214 -0.283413 -0.151881 0.946895 3.41957 0 0 0 1 
2318808360125;0.152771;0.0207395;0.989288 -0.145942 -0.00325287 1.48737 0.145973 0.989192 0.0138467 -1.20049 0.0011969 -0.0141732 0.999899 0.215647 0 0 0 1 
2318808360126;0.0910746;0.0158848;0.998276 0.00636501 -0.058349 -0.122844 -0.0082256 0.999463 -0.0317028 0.183144 0.0581159 0.0321281 0.997793 -0.789846 0 0 0 1 
2318808360127;0.146509;0.0195146;0.992747 -0.108762 0.0512294 1.03957 0.106631 0.993384 0.042644 -0.806777 -0.0555285 -0.036872 0.997776 0.972754 0 0 0 1 
2318808360128;0.288596;0.0280813;0.941469 0.130323 -0.31089 -0.452643 -0.156398 0.985848 -0.0603596 1.39498 0.298624 0.105449 0.948528 -3.27989 0 0 0 1 
2318808360129;0.489639;0.216947;0.98823 -0.0914603 -0.122625 1.41914 0.05017 0.951027 -0.305009 0.564827 0.144516 0.295267 0.944422 -3.99699 0 0 0 1 
2318808360130;0.532869;0.292358;0.994301 -0.0525543 0.092758 -0.0118785 0.0452313 0.995819 0.0793581 -0.482067 -0.0965408 -0.0747103 0.992521 1.683 0 0 0 1 
2318808360131;0.255773;0.0188189;0.998358 -0.0103868 0.0563389 -0.0880875 0.00519144 0.995783 0.0915897 -0.172922 -0.0570527 -0.0911468 0.994202 0.84911 0 0 0 1 
2318808360132;0.368015;0.346577;0.998417 0.0321144 0.0461837 -0.557318 -0.029842 0.998349 -0.0490773 0.24701 -0.0476835 0.0476213 0.997727 -0.110892 0 0 0 1 
2318808360133;0.203483;0.0236918;0.986707 0.136038 -0.0888983 -1.1301 -0.120186 0.979068 0.164259 0.836678 0.109383 -0.151391 0.982403 0.543816 0 0 0 1 
2318808360134;0.215895;0.0262698;0.997712 -0.0189018 -0.0649146 0.552891 0.0164439 0.999135 -0.0381914 -0.221266 0.0655804 0.0370366 0.99716 -0.680626 0 0 0 1 
2318808360135;0.357096;0.0295139;0.95696 0.0905216 -0.27574 -0.108859 -0.0964726 0.995303 -0.00806569 1.0853 0.273715 0.0343199 0.961198 -2.13035 0 0 0 1 
2318808360136;0.39267;0.0254058;0.990136 -0.0877951 0.109195 0.84346 0.102502 0.985209 -0.137318 -0.0599706 -0.0955242 0.147156 0.98449 -0.194221 0 0 0 1 
2318808360137;0.205186;0.021711;0.981933 -0.0153691 -0.188604 0.656276 0.0209887 0.999392 0.0278344 -0.217177 0.188062 -0.0312901 0.981659 -1.14665 0 0 0 1 
2318808360138;0.524941;0.0285844;0.985505 -0.161349 0.0524007 1.33075 0.160997 0.986895 0.0109048 -1.38228 -0.0534734 -0.00231045 0.998567 -0.515376 0 0 0 1 
2318808360139;0.224459;0.0293585;0.991518 0.123982 -0.0389825 -1.19352 -0.129657 0.964283 -0.23097 1.74582 0.00895401 0.234065 0.97218 -2.34542 0 0 0 1 
2318808360140;0.242736;0.0249515;0.991816 0.0668549 0.108773 -0.815402 -0.0566564 0.993931 -0.0942929 0.734911 -0.114417 0.0873586 0.989584 -0.368323 0 0 0 1 
2318808360141;0.27546;0.027839;0.966848 0.242405 0.0802748 -2.06029 -0.238324 0.969502 -0.0571628 2.25955 -0.0916831 0.0361363 0.995132 0.0891377 0 0 0 1 
2318808360142;0.19755;0.0290382;0.99362 -0.103591 0.0445991 0.922083 0.103171 0.994596 0.0116239 -0.623046 -0.0455622 -0.00694839 0.998937 0.116518 0 0 0 1 
2318808360143;0.359468;0.0264235;0.973275 -0.0714994 -0.218227 1.03596 0.0763051 0.996991 0.0136627 -0.648821 0.216594 -0.0299495 0.975802 -0.744964 0 0 0 1 
2318808360144;0.260225;0.0190507;0.982841 -0.17704 0.0517771 1.58561 0.182227 0.97543 -0.123814 -0.9165 -0.028585 0.131124 0.990954 -1.35037 0 0 0 1 
2318808360145;0.465801;0.0185224;0.907801 -0.232934 0.348768 2.64899 0.251406 0.967849 -0.00797684 -1.57576 -0.335697 0.0949238 0.937175 2.3235 0 0 0 1 
2318808360146;0.208847;0.0237373;0.984793 -0.17373 -0.00037233 1.79785 0.168761 0.957135 -0.2354 -0.572629 0.0412523 0.231758 0.971899 -2.68693 0 0 0 1 
2318808360147;0.522631;0.0166324;0.94713 0.258276 0.190361 -2.7496 -0.227032 0.958724 -0.171184 2.51013 -0.226716 0.118916 0.966674 -0.155433 0 0 0 1 
2318808360148;0.348601;0.212751;0.993509 0.0754149 0.0851613 -0.860174 -0.0815444 0.994141 0.0709478 0.330839 -0.0793119 -0.0774317 0.993838 1.69828 0 0 0 1 
2318808360149;0.220362;0.0262482;0.984649 0.173106 -0.0223712 -1.6768 -0.173775 0.984246 -0.0325913 1.56808 0.016377 0.0359786 0.999218 -0.80302 0 0 0 1 
2318808360150;0.310305;0.0244928;0.997016 0.0664363 0.0393195 -1.01365 -0.0684737 0.996246 0.0529623 0.534797 -0.0356532 -0.0554966 0.997822 0.29729 0 0 0 1 
2318808360151;0.0639999;0.0209234;0.999187 0.0231568 -0.0329949 -0.189819 -0.022005 0.99915 0.0348515 0.132721 0.0337739 -0.0340971 0.998848 0.138734 0 0 0 1 
2318808360152;0.508923;0.0169368;0.975093 0.221578 -0.00981222 -1.25895 -0.221674 0.975069 -0.0100529 1.99214 0.00734009 0.0119776 0.999901 0.383965 0 0 0 1 
2318808360153;0.520442;0.273193;0.998384 0.0566996 0.0037935 -0.738587 -0.0566341 0.998273 -0.015592 0.31425 -0.00467101 0.0153519 0.999871 0.528316 0 0 0 1 
2318808360155;0.242296;0.025092;0.969256 0.00149163 0.246051 0.189953 0.0440862 0.982747 -0.179624 -0.0403646 -0.242073 0.184949 0.952467 0.00737425 0 0 0 1 
2318808360156;0.545461;0.0477363;0.960821 -0.239413 0.139658 2.46096 0.223709 0.967338 0.119209 -1.99807 -0.163637 -0.0832958 0.982998 1.13544 0 0 0 1 
2318808360157;0.417219;0.0458916;0.957273 -0.212496 -0.196149 2.48602 0.159343 0.953606 -0.25543 -0.030995 0.241327 0.213261 0.946721 -3.52346 0 0 0 1 
2318808360158;0.428586;0.25825;0.953164 0.143767 -0.266102 -0.621362 -0.172551 0.981059 -0.0880331 1.33121 0.248405 0.129826 0.959917 -2.74431 0 0 0 1 
2318808360159;0.360686;0.0348035;0.950833 -0.16399 0.262724 1.76141 0.249462 0.908258 -0.335911 -0.564793 -0.183536 0.384935 0.904511 -2.22107 0 0 0 1 
2318808360160;0.334724;0.0389996;0.926589 0.0598839 0.371278 -0.575888 -0.03503 0.996692 -0.0733342 0.327704 -0.374442 0.0549448 0.925621 2.35239 0 0 0 1 
2318808360161;0.319806;0.269859;0.997857 0.0446379 0.0478371 -0.596733 -0.0452992 0.998891 0.0128289 0.0838163 -0.0472114 -0.0149683 0.998773 0.366276 0 0 0 1 
2318808360162;0.00881013;0.0209034;0.999985 -0.00350343 0.00416933 0.0207899 0.00351317 0.999991 -0.00233086 -0.0632565 -0.00416113 0.00234547 0.999989 0.0273003 0 0 0 1 
2318808360163;0.15049;0.0148738;0.995501 0.094747 -0.00107615 -0.91823 -0.0947524 0.995472 -0.00752717 0.537015 0.000358096 0.00759527 0.999971 0.069261 0 0 0 1 
2318808360164;0.34564;0.330665;0.99928 0.0275205 0.0261189 -0.393394 -0.0266537 0.999101 -0.0329738 0.185508 -0.0270028 0.0322539 0.999115 -0.0862199 0 0 0 1 
2318808360165;0.629483;0.0283145;0.932876 -0.152857 0.326156 0.853686 0.192826 0.976743 -0.0937632 -1.80278 -0.304238 0.150361 0.940654 0.511975 0 0 0 1 
2318808360166;0.356263;0.021412;0.997337 0.0653558 -0.0323661 -0.146984 -0.0673645 0.99558 -0.0654445 0.286501 0.0279459 0.0674506 0.997331 -0.370083 0 0 0 1 
2318808360167;0.348773;0.0384746;0.978204 -0.0434108 0.20306 0.227597 0.117984 0.920909 -0.371491 0.353281 -0.170873 0.387352 0.905959 -2.21365 0 0 0 1 
2318808360168;0.491205;0.0370406;0.968098 -0.116046 -0.222078 1.11215 0.145671 0.981783 0.121989 -0.744682 0.203876 -0.150448 0.967368 0.661325 0 0 0 1 
2318808360169;0.364685;0.0596235;0.999861 -0.0127173 -0.0107502 0.245199 0.0124994 0.99972 -0.0201011 0.255966 0.0110028 0.019964 0.99974 -0.842456 0 0 0 1 
2318808360170;0.293853;0.024024;0.999149 0.0273084 0.030909 -0.507462 -0.0272095 0.999623 -0.00361635 0.0888984 -0.0309961 0.00277225 0.999516 -0.350917 0 0 0 1 
2318808360171;0.404455;0.0309033;0.994858 0.056391 0.0841342 -0.992283 -0.0752584 0.967492 0.241443 0.0488634 -0.067784 -0.246533 0.966761 2.5774 0 0 0 1 
2318808360172;0.214721;0.0310364;0.989552 -0.0308417 0.140839 0.23969 0.0169249 0.994947 0.0989625 -0.200907 -0.143179 -0.0955449 0.985074 2.32426 0 0 0 1 
2318808360173;0.439959;0.0283837;0.995709 -0.0660601 -0.0648099 1.08039 0.044902 0.957226 -0.285838 0.852837 0.0809202 0.281701 0.956084 -3.51635 0 0 0 1 
2318808360174;0.284722;0.025452;0.982314 -0.126568 0.137986 1.29031 0.155691 0.961508 -0.226413 -0.942992 -0.104018 0.243891 0.964208 -1.74184 0 0 0 1 
2318808360175;0.207536;0.0135836;0.997689 -0.0470529 -0.0490117 0.459511 0.0456836 0.998544 -0.0286947 -0.705067 0.0502905 0.0263894 0.998386 -0.735579 0 0 0 1 
2318808360176;0.417626;0.0553407;0.97015 -0.165804 -0.176968 1.6223 0.209212 0.941275 0.265014 -1.33496 0.122635 -0.294127 0.947866 1.26968 0 0 0 1 
2318808360177;0.414555;0.029028;0.954876 -0.0596309 -0.290958 1.51448 0.0257946 0.992586 -0.118774 0.149438 0.295884 0.105909 0.949335 -2.67609 0 0 0 1 
2318808360178;0.192544;0.0367502;0.99518 -0.0971332 0.0135104 0.845672 0.0970273 0.995247 0.00828501 -0.678949 -0.0142509 -0.00693419 0.999874 -0.161068 0 0 0 1 
2318808360179;0.369856;0.223143;0.993919 0.0967653 0.0525517 -0.985576 -0.0927551 0.992933 -0.0740308 0.619496 -0.0593439 0.0687062 0.99587 0.279219 0 0 0 1 
2318808360180;0.269585;0.043512;0.999738 0.0052019 0.0223052 -0.104653 -0.00537048 0.999957 0.00750463 0.0334619 -0.0222653 -0.00762245 0.999723 0.754091 0 0 0 1 
2318808360181;0.159003;0.0228059;0.999287 -0.0370253 -0.00742887 0.218536 0.0371045 0.999253 0.0108242 -0.313204 0.00702255 -0.0110921 0.999914 0.311186 0 0 0 1 
2318808360182;0.250033;0.0376252;0.989133 0.144466 -0.0273023 -1.60938 -0.138173 0.976881 0.163131 0.901089 0.0502379 -0.157586 0.986227 1.14751 0 0 0 1 
2318808360183;0.583654;0.423529;0.99654 -0.0767459 0.0319134 0.530285 0.0745777 0.995138 0.0643341 -0.992521 -0.0366956 -0.0617315 0.997418 0.210843 0 0 0 1 
2318808360184;0.254669;0.0395072;0.988406 0.150418 -0.0207023 -1.14844 -0.150003 0.988477 0.0203262 1.21945 0.0235212 -0.0169851 0.999579 0.363234 0 0 0 1 
2318808360186;0.32371;0.0139563;0.927162 -0.00553411 -0.374621 0.42158 -0.0250714 0.996733 -0.0767744 0.142516 0.373822 0.0805746 0.923994 -2.56241 0 0 0 1 
2318808360187;0.391738;0.0458719;0.932746 -0.32694 -0.151973 1.3141 0.357605 0.892591 0.274592 -1.72481 0.0458742 -0.310471 0.949475 0.415893 0 0 0 1 
2318808360188;0.250929;0.0148551;0.964976 -0.262186 0.00897599 0.970039 0.254322 0.943332 0.213179 -1.5104 -0.0643599 -0.20343 0.976972 0.852584 0 0 0 1 
2318808360189;0.35413;0.0115136;0.945112 0.244387 -0.216881 0.0639816 -0.194769 0.954316 0.226596 1.19039 0.26235 -0.171917 0.949535 -0.686635 0 0 0 1 
2318808360190;0.38404;0.0141282;0.971379 0.0910568 0.219388 -0.590652 -0.0807422 0.995186 -0.0555507 0.582835 -0.22339 0.0362469 0.974055 0.48439 0 0 0 1 
2318808360191;0.142007;0.0152565;0.993769 -0.0636849 0.0914685 0.301807 0.0608441 0.997584 0.0335208 -0.382885 -0.0933823 -0.0277466 0.995244 0.422444 0 0 0 1 
2318808360192;0.308225;0.0126124;0.997696 -0.0470444 0.0488885 -0.590526 0.0486965 0.998263 -0.0331706 -0.198986 -0.047243 0.0354749 0.998253 0.192517 0 0 0 1 
2318808360193;0.19468;0.0189543;0.987649 0.0879126 -0.129694 -0.1393 -0.0783116 0.993922 0.0773663 0.658675 0.135708 -0.0662542 0.988531 -0.670577 0 0 0 1 
2318808360194;0.35362;0.0118762;0.994792 -0.0330113 0.0964358 -0.184187 0.0311463 0.999299 0.0207813 -0.841239 -0.0970542 -0.0176695 0.995122 0.198569 0 0 0 1 
2318808360195;0.220312;0.016544;0.994176 -0.107475 0.00800253 0.360307 0.105611 0.986348 0.126352 -0.636506 -0.0214729 -0.124771 0.991953 0.0884634 0 0 0 1 
2318808360196;0.321597;0.0193235;0.995419 0.0480316 0.0826675 -0.46447 -0.043139 0.997267 -0.0599865 0.630351 -0.0853228 0.0561455 0.99477 0.891444 0 0 0 1 
2318808360197;0.117422;0.0155153;0.999749 -0.0082126 0.0208661 0.160493 0.00765028 0.999609 0.026887 -0.0724357 -0.0210788 -0.0267207 0.999421 0.415137 0 0 0 1 
2318808360198;0.145591;0.0106434;0.996051 -0.0717012 -0.0523631 0.128995 0.0712973 0.997409 -0.00954473 -0.448461 0.0529118 0.00577369 0.998582 -0.565328 0 0 0 1 
2318808360199;0.334769;0.0143431;0.999999 0.00157506 -0.00025894 -0.257338 -0.00157633 0.999986 -0.00499664 -0.00542923 0.000251067 0.00499704 0.999987 0.709155 0 0 0 1 
2318808360200;0.307694;0.0162739;0.967953 0.249538 -0.0282567 -0.326395 -0.247452 0.966903 0.0621773 1.90796 0.0428371 -0.0531925 0.997665 0.0558151 0 0 0 1 
2318808360201;0.28708;0.0123424;0.994714 -0.102556 0.00509124 0.844872 0.102586 0.994707 -0.00591979 -0.49643 -0.00445718 0.00641079 0.99997 0.328471 0 0 0 1 
2318808360202;0.140274;0.0158855;0.990756 0.135645 -0.00196021 -0.280065 -0.135657 0.990555 -0.0199303 0.889621 -0.000761751 0.0200119 0.999799 0.112293 0 0 0 1 
2318808360203;0.354364;0.011847;0.994071 0.0936383 -0.0552675 -0.236093 -0.0829885 0.981809 0.170776 -0.204681 0.0702532 -0.165177 0.983759 0.584199 0 0 0 1 
2318808360204;0.41534;0.0154501;0.906189 -0.0710897 0.416856 -0.0321663 0.0150967 0.990578 0.136113 -0.355971 -0.422604 -0.117051 0.898724 2.65967 0 0 0 1 
2318808360205;0.260883;0.00921315;0.988963 -0.132268 -0.0667557 0.321444 0.129031 0.990344 -0.0506979 -1.08526 0.0728169 0.0415249 0.996481 -0.224066 0 0 0 1 
2318808360206;0.381649;0.0157767;0.904829 -0.30851 0.293438 0.917948 0.338109 0.93951 -0.0548069 -1.72359 -0.25878 0.148805 0.954406 1.16367 0 0 0 1 
2318808360207;0.376035;0.00954339;0.905298 0.299282 0.301438 -0.784401 -0.28182 0.954143 -0.10094 1.96169 -0.317825 0.00642964 0.948128 1.93778 0 0 0 1 
2318808360208;0.370049;0.0114379;0.99408 0.0116392 0.108027 -0.386599 -0.0218548 0.995345 0.0938694 -0.012749 -0.106432 -0.0956746 0.989706 1.66689 0 0 0 1 
2318808360209;0.193142;0.0106724;0.973831 0.200254 -0.107476 -0.20503 -0.199386 0.979739 0.0188722 1.17372 0.109077 0.00305077 0.994029 -0.582411 0 0 0 1 
2318808360210;0.416709;0.265591;0.971347 -0.232347 0.0499881 0.902844 0.219294 0.957303 0.188365 -1.2831 -0.0916198 -0.172006 0.980826 1.01561 0 0 0 1 
2318808360211;0.229662;0.0157705;0.980388 -0.190066 -0.0521051 0.724312 0.196769 0.958833 0.204747 -1.35872 0.0110447 -0.210984 0.977427 0.516291 0 0 0 1 
2318808360212;0.235303;0.0141051;0.95822 0.28552 0.0171104 -0.71428 -0.28479 0.957919 -0.0358635 1.51041 -0.0266301 0.0294923 0.99921 0.0667485 0 0 0 1 
2318808360213;0.418371;0.018007;0.970027 0.242495 0.0155952 -0.852247 -0.242751 0.969933 0.0173639 1.34317 -0.0109157 -0.0206292 0.999728 0.901067 0 0 0 1 
2318808360214;0.104638;0.0172677;0.993361 0.115032 -0.0011349 -0.26262 -0.114907 0.992658 0.0377794 0.567161 0.0054724 -0.0373982 0.999285 -0.000744095 0 0 0 1 
2318808360215;0.379457;0.339451;0.999163 0.00541336 -0.0405512 0.0374751 -0.00657468 0.99957 -0.0285598 0.179942 0.0403791 0.0288025 0.998769 -0.175875 0 0 0 1 
2318808360217;0.475077;0.0099435;0.878636 0.228402 -0.419322 -0.0359308 -0.272992 0.960784 -0.0486862 1.91487 0.391758 0.157249 0.906531 -2.917 0 0 0 1 
2318808360218;0.538469;0.0161838;0.945418 -0.324395 -0.0308714 2.52181 0.325234 0.93348 0.151119 -1.74496 -0.0202046 -0.152911 0.988033 1.82718 0 0 0 1 
2318808360219;0.26223;0.012616;0.979504 -0.058115 -0.192861 0.438833 0.0678448 0.996715 0.0442299 -0.205969 0.189657 -0.0564079 0.980229 -1.09392 0 0 0 1 
2318808360220;0.178884;0.011267;0.994078 0.0763162 0.0773585 -0.588054 -0.0671804 0.991148 -0.114507 0.679172 -0.0854124 0.108632 0.990406 0.0832203 0 0 0 1 
2318808360221;0.32248;0.0192148;0.924493 -0.305303 0.22826 1.90992 0.297928 0.952236 0.0669793 -1.70575 -0.237806 0.00608312 0.971294 1.41856 0 0 0 1 
2318808360222;0.547442;0.382839;0.999313 0.0297981 -0.0220151 -0.307732 -0.0313497 0.996775 -0.0738661 0.0781787 0.0197431 0.0745056 0.997025 -0.176212 0 0 0 1 
2318808360223;0.279763;0.222222;0.997962 0.0567255 0.0292386 -0.338895 -0.0569072 0.998365 0.00542069 0.245079 -0.0288833 -0.00707353 0.999558 -0.00980858 0 0 0 1 
2318808360224;0.19078;0.0101298;0.987782 -0.153073 0.0292635 0.898172 0.154925 0.984858 -0.0777956 -0.61942 -0.016912 0.0813787 0.99654 -0.496489 0 0 0 1 
2318808360225;0.382191;0.0110926;0.940701 0.338942 0.0141353 -1.66492 -0.32982 0.923543 -0.19567 2.752 -0.0793755 0.179405 0.980568 -0.946394 0 0 0 1 
2318808360226;0.232462;0.0132279;0.980529 -0.195963 -0.0127229 1.18741 0.195467 0.967713 0.159135 -1.05521 -0.0188726 -0.158524 0.987175 1.27253 0 0 0 1 
2318808360227;0.121258;0.011016;0.999974 0.00264072 0.00672804 -0.0307556 -0.0026908 0.999969 0.00744548 0.00664373 -0.00670816 -0.00746339 0.99995 -0.143626 0 0 0 1 
2318808360228;0.342472;0.329291;0.999633 0.0246235 0.0113192 -0.25157 -0.0240755 0.99864 -0.0462375 0.176753 -0.0124424 0.045948 0.998866 -0.164931 0 0 0 1 
2318808360229;0.411101;0.00766153;0.983162 0.00116523 0.182734 -0.479659 0.0204777 0.992979 -0.116508 -0.0400829 -0.181587 0.118288 0.976235 1.05584 0 0 0 1 
2318808360230;0.270984;0.00784539;0.941118 -0.337395 -0.0214964 2.38583 0.335209 0.939507 -0.0704339 -1.62553 0.04396 0.0590809 0.997285 -0.720113 0 0 0 1 
2318808360231;0.448163;0.223219;0.999209 0.0232016 0.0322824 -0.755047 -0.0176955 0.986722 -0.161451 0.170315 -0.0355996 0.160752 0.986353 -0.778391 0 0 0 1 
2318808360232;0.480703;0.0132298;0.993436 -0.106885 -0.0407508 0.891841 0.104736 0.993158 -0.0516556 -0.412414 0.0459931 0.0470484 0.997833 -1.42008 0 0 0 1 
2318808360233;0.538633;0.0137589;0.978133 0.179813 0.10451 -1.3075 -0.126255 0.91269 -0.388659 2.31499 -0.165271 0.366966 0.915435 -1.11247 0 0 0 1 
2318808360234;0.46577;0.0294251;0.998342 -0.0550213 0.016919 0.328751 0.0550597 0.998481 -0.00181503 0.497702 -0.0167934 0.00274358 0.999855 0.222424 0 0 0 1 
2318808360235;0.501727;0.0148868;0.998565 0.0367631 -0.0389392 -0.180067 -0.0360122 0.999155 0.0198145 0.159705 0.0396347 -0.0183838 0.999045 -1.10563 0 0 0 1 
2318808360236;0.219286;0.0142298;0.975446 0.192069 -0.107772 -0.838395 -0.193143 0.98117 0.000482827 1.39874 0.105835 0.0203445 0.994176 -1.00787 0 0 0 1 
2318808360237;0.1427;0.00737624;0.998001 -0.0624243 -0.00990723 0.250312 0.061818 0.996689 -0.052817 -0.288723 0.0131715 0.052099 0.998555 -0.584642 0 0 0 1 
2318808360238;0.478527;0.218004;0.955212 -0.110082 -0.274684 1.28161 0.0703899 0.986114 -0.150413 -0.166694 0.287427 0.124341 0.949697 -2.67882 0 0 0 1 
2318808360239;0.07712;0.0082224;0.998667 0.0237562 -0.045817 -0.131227 -0.0250823 0.999277 -0.0285887 0.191864 0.0451047 0.0296998 0.998541 -0.574811 0 0 0 1 
2318808360240;0.277432;0.015445;0.965269 0.0384536 0.258411 -0.386014 -0.0683785 0.991815 0.107832 0.205397 -0.252149 -0.121756 0.959998 2.52943 0 0 0 1 
2318808360241;0.414755;0.00898611;0.906462 0.196541 -0.373762 0.0196041 -0.156782 0.978461 0.134286 0.899127 0.392105 -0.0631265 0.917752 -1.91908 0 0 0 1 
2318808360242;0.207147;0.00773682;0.98742 -0.156019 -0.0256869 1.10872 0.156475 0.987538 0.0168347 -1.23739 0.0227403 -0.0206423 0.999528 0.0511636 0 0 0 1 
2318808360243;0.526989;0.519784;0.999843 -0.0111889 -0.0137492 0.116218 0.0120322 0.997949 0.0628652 -0.272593 0.0130176 -0.0630207 0.997927 0.231679 0 0 0 1 
2318808360244;0.293823;0.00664458;0.996549 0.0692168 0.0458199 -0.373312 -0.0733836 0.992618 0.0965609 0.383945 -0.038798 -0.09959 0.994272 1.36003 0 0 0 1 
2318808360245;0.161157;0.00423493;0.999124 -0.0403206 0.0112364 0.228246 0.0406315 0.998754 -0.0289748 -0.33139 -0.0100542 0.0294059 0.999517 -0.383084 0 0 0 1 
2318808360246;0.48133;0.0156303;0.947466 -0.0105544 0.319681 0.0607095 -0.0516214 0.981308 0.185393 -0.286391 -0.315663 -0.192156 0.929211 2.64291 0 0 0 1 
2318808360248;0.277285;0.0131276;0.999885 -0.0134917 -0.00695491 0.0440603 0.0137214 0.999324 0.0341132 0.252582 0.00648996 -0.0342047 0.999394 0.564414 0 0 0 1 
2318808360249;0.346523;0.0356542;0.933013 0.328002 0.14799 0.0221319 -0.349133 0.924733 0.151574 1.56719 -0.0871352 -0.193089 0.977305 0.813234 0 0 0 1 
2318808360250;0.347649;0.0158179;0.962567 -0.191965 0.191346 0.0748272 0.200543 0.979331 -0.0263312 -1.62942 -0.182337 0.0637186 0.981169 1.22607 0 0 0 1 
2318808360251;0.136295;0.0121163;0.997232 0.0319256 -0.0671499 0.0358562 -0.0221706 0.989719 0.141298 -0.0493007 0.0709706 -0.139418 0.987687 -0.50783 0 0 0 1 
2318808360252;0.263745;0.224152;0.998734 -0.0482314 -0.0142931 -0.000982557 0.048458 0.998698 0.0159549 -0.366805 0.0135049 -0.0166273 0.999771 -0.0695796 0 0 0 1 
2318808360253;0.38952;0.0159055;0.944694 -0.322234 0.0609847 -0.305593 0.321948 0.946643 0.0147295 -1.81324 -0.0624771 0.00571899 0.99803 0.34771 0 0 0 1 
2318808360254;0.304973;0.0129021;0.994389 -0.105497 0.00777047 0.649061 0.105263 0.994104 0.0260267 -0.446514 -0.0104704 -0.0250628 0.999631 -0.407985 0 0 0 1 
2318808360255;0.467336;0.217014;0.988118 -0.144249 -0.0530583 0.0322688 0.141313 0.98841 -0.0554722 -0.750071 0.0604452 0.0473152 0.997049 0.353706 0 0 0 1 
2318808360256;0.501332;0.0343035;0.991364 0.131124 -0.00209922 -0.213394 -0.117848 0.897784 0.424377 -0.498524 0.0575306 -0.420464 0.905483 0.369355 0 0 0 1 
2318808360257;0.448145;0.0681326;0.910844 0.376576 0.168977 0.728828 -0.389346 0.919793 0.0488956 1.59015 -0.137011 -0.110327 0.984406 0.606387 0 0 0 1 
2318808360258;0.160463;0.0151221;0.987543 -0.118151 -0.103924 0.335616 0.120959 0.992433 0.0211239 -0.627661 0.100641 -0.0334312 0.994361 -0.687436 0 0 0 1 
2318808360259;0.461634;0.0946434;0.923975 0.330279 -0.192839 0.0561871 -0.305093 0.940577 0.149112 2.0856 0.230628 -0.0789418 0.969834 -1.09121 0 0 0 1 
