#;prob_registration_l1 -r /home/probabilistic_point_clouds_registration/build/tester /home/point_clouds_registration_benchmark//devel/registration_pairs/apartment_local.txt /home/point_clouds_registration_benchmark//eth/apartment -s 0.2 -t 0.2 -p 0.3 -r 1000 -m 5 -i 40 
id;initial_error;final_error;transformation
13001298760000;0.820981;0.876613;0.896927 -0.413176 0.157508 -0.354747 0.406636 0.91065 0.0732381 -2.75124 -0.173694 -0.0016409 0.984798 0.367991 0 0 0 1 
13001298760001;0.68771;0.748177;0.951774 -0.305782 -0.0249717 0.0890709 0.306139 0.941233 0.142687 -1.80373 -0.0201268 -0.14345 0.989453 0.615153 0 0 0 1 
13001298760002;0.636186;0.32406;0.998573 0.050399 0.0176476 -0.0533145 -0.0530296 0.974768 0.216831 -0.360581 -0.00627421 -0.217457 0.97605 -0.460004 0 0 0 1 
13001298760003;0.411513;0.942355;0.95556 -0.286184 0.0707427 0.242699 0.285725 0.958165 0.016741 -1.84524 -0.0725743 0.00421596 0.997354 -0.119279 0 0 0 1 
13001298760004;0.857932;1.31011;0.977709 -0.103463 -0.182702 0.0440201 0.0849789 0.990699 -0.106271 -1.63131 0.191998 0.0883768 0.977408 0.37041 0 0 0 1 
13001298760005;0.460674;0.607094;0.95246 -0.303796 0.0229657 0.150048 0.302888 0.952342 0.0360966 -1.40111 -0.0328372 -0.0274245 0.999084 0.404029 0 0 0 1 
13001298760006;0.655521;0.540127;0.956742 0.289931 0.0241811 -0.0714143 -0.290609 0.956304 0.0320882 0.784979 -0.0138212 -0.0377274 0.999192 0.27175 0 0 0 1 
13001298760007;0.308888;0.329924;0.906409 0.25255 0.338587 0.106018 -0.313346 0.939554 0.13803 0.457642 -0.283262 -0.231206 0.930756 0.909367 0 0 0 1 
13001298760008;0.466988;0.282006;0.9676 0.243011 0.0685234 -0.16623 -0.244906 0.969327 0.0206295 0.0794102 -0.0614084 -0.0367429 0.997436 -0.11841 0 0 0 1 
13001298760009;0.423945;0.571688;0.95569 0.227212 0.187168 -0.221306 -0.229759 0.973212 -0.00826332 0.197216 -0.184032 -0.0351064 0.982293 0.00198138 0 0 0 1 
13001298760010;0.258498;0.293184;0.981794 0.189907 -0.00402654 0.139597 -0.189767 0.979702 -0.0645992 0.575824 -0.00832304 0.0641872 0.997903 0.123297 0 0 0 1 
13001298760011;0.784351;0.83181;0.999605 0.0136532 0.024563 -0.277229 -0.0219795 0.924478 0.380601 -1.07986 -0.0175115 -0.380991 0.924413 -0.670204 0 0 0 1 
13001298760012;0.622128;0.261202;0.979453 0.200237 -0.0240271 0.267427 -0.200146 0.979747 0.00617838 -0.143003 0.0247776 -0.00124251 0.999692 0.137125 0 0 0 1 
13001298760013;0.398004;0.353215;0.915524 0.38064 0.130114 0.387601 -0.352582 0.915029 -0.195981 0.865814 -0.193656 0.13355 0.971937 0.877756 0 0 0 1 
13001298760014;0.755219;0.995548;0.983072 0.0941379 -0.157187 0.493867 -0.086756 0.994808 0.0531963 -0.53251 0.161379 -0.0386589 0.986135 -1.1272 0 0 0 1 
13001298760015;0.388158;0.32002;0.939565 0.313698 -0.137155 0.568653 -0.306417 0.94918 0.0718704 0.897003 0.152731 -0.0255002 0.987939 -0.32798 0 0 0 1 
13001298760016;0.851768;0.887521;0.99953 -0.0169992 0.0255212 0.194697 0.0170714 0.999851 -0.00261625 -0.301423 -0.025473 0.0030507 0.999671 0.633993 0 0 0 1 
13001298760017;0.399547;0.348783;0.940193 0.340391 -0.0130595 0.614689 -0.340621 0.939868 -0.025011 0.69581 0.00376066 0.0279635 0.999602 0.312071 0 0 0 1 
13001298760018;0.820633;0.337157;0.941914 0.318161 -0.107575 0.393239 -0.320864 0.947088 -0.0083649 0.683808 0.0992214 0.0423959 0.994162 0.554776 0 0 0 1 
13001298760019;0.329854;0.24603;0.992873 0.0806679 -0.087723 0.122725 -0.075768 0.995447 0.0578251 -0.250119 0.0919883 -0.0507664 0.994465 -0.335963 0 0 0 1 
13001298760020;0.847185;0.403655;0.967468 0.249703 0.0406724 -0.0761263 -0.25065 0.96787 0.0200668 0.803973 -0.0343548 -0.0296085 0.998971 0.8216 0 0 0 1 
13001298760021;0.886722;0.811487;0.919598 -0.264489 -0.290492 0.855545 0.266385 0.963275 -0.0337667 -1.75217 0.288755 -0.0463308 0.956281 -1.30375 0 0 0 1 
13001298760022;0.59893;0.323722;0.977454 0.196807 -0.0764858 0.232011 -0.175503 0.958673 0.223931 0.196886 0.117396 -0.205459 0.971599 -0.767004 0 0 0 1 
13001298760023;0.367247;0.241958;0.996309 0.0853473 0.00916394 0.119782 -0.0855939 0.995843 0.0311536 -0.192739 -0.00646698 -0.031823 0.999473 -0.204871 0 0 0 1 
13001298760024;0.0968236;0.252602;0.987292 0.152799 0.0436767 0.0678543 -0.154169 0.987591 0.0299375 0.25313 -0.0385603 -0.0362906 0.998597 0.169332 0 0 0 1 
13001298760025;0.689632;0.490554;0.991573 0.0807374 0.101317 -0.151278 -0.0584831 0.976797 -0.206026 0.302273 -0.1156 0.198365 0.973287 0.531828 0 0 0 1 
13001298760026;0.452516;0.915973;0.98109 -0.19064 0.0334549 -0.0333111 0.188764 0.980626 0.0523552 -1.07467 -0.0427877 -0.0450501 0.998068 0.134847 0 0 0 1 
13001298760027;0.353163;1.13705;0.90857 -0.339824 0.24294 -0.0369729 0.271131 0.922152 0.275904 -2.08384 -0.317786 -0.18481 0.929977 0.700071 0 0 0 1 
13001298760028;0.770166;0.430705;0.996396 -0.0698609 0.0481007 -0.408465 0.0734514 0.994288 -0.0774399 -0.0859032 -0.0424159 0.0806939 0.995836 -0.197968 0 0 0 1 
13001298760029;0.444231;0.298163;0.916247 0.350104 0.194726 0.530991 -0.371312 0.924636 0.0847104 0.5531 -0.150393 -0.14992 0.977193 0.612857 0 0 0 1 
13001298760031;1.0814;0.750773;0.989808 0.0389154 0.136985 -0.136404 -0.0317535 0.998031 -0.0540847 0.260483 -0.13882 0.0491837 0.989095 0.658759 0 0 0 1 
13001298760032;0.762366;0.0523721;0.972095 -0.215701 -0.0922199 -0.594216 0.218862 0.975421 0.0255437 -0.728968 0.0844435 -0.0450143 0.995411 -0.814712 0 0 0 1 
13001298760033;0.562268;0.0523323;0.970266 -0.220436 -0.0999595 -0.593682 0.212004 0.973258 -0.0884444 -0.698673 0.116783 0.0646227 0.991053 0.0723091 0 0 0 1 
13001298760034;0.913227;0.0398617;0.982968 -0.174291 -0.0582776 -0.515461 0.142287 0.922471 -0.358888 -0.318229 0.116311 0.344484 0.931559 0.941069 0 0 0 1 
13001298760035;0.190074;0.0641361;0.989125 0.10955 -0.0981308 0.293604 -0.101038 0.990993 0.0878884 0.26527 0.106875 -0.0770178 0.991285 -0.549548 0 0 0 1 
13001298760036;1.3176;0.296012;0.990624 -0.136321 -0.00903089 -0.908786 0.13574 0.974608 0.178086 -0.0393209 -0.0154752 -0.177642 0.983974 -0.278637 0 0 0 1 
13001298760037;0.408209;0.0556101;0.992293 0.111191 -0.0546838 0.0987725 -0.117258 0.985287 -0.124341 0.628506 0.0400537 0.129795 0.990732 0.031421 0 0 0 1 
13001298760038;0.799177;0.0362019;0.999951 -0.00835259 -0.0052339 0.458923 0.00907553 0.987364 0.158208 -0.442858 0.00384631 -0.158248 0.987392 -0.263244 0 0 0 1 
13001298760039;0.512139;0.142328;0.99988 0.00166075 -0.0154127 -0.0296902 -0.00147948 0.99993 0.0117647 0.0431236 0.0154311 -0.0117405 0.999812 0.26699 0 0 0 1 
13001298760040;0.790161;0.0747649;0.999875 0.0155398 -0.00303689 0.220434 -0.015541 0.999879 -0.000354591 0.289795 0.00303101 0.000401743 0.999995 -0.51143 0 0 0 1 
13001298760041;0.304867;0.057975;0.983575 -0.136597 0.117985 -0.311358 0.142995 0.988581 -0.0475378 -0.229726 -0.110145 0.0636283 0.991877 0.394733 0 0 0 1 
13001298760042;0.323258;0.0501801;0.998584 0.0531494 -0.00206745 0.149646 -0.0529521 0.997044 0.055668 -0.055977 0.00502005 -0.0554797 0.998447 -0.0630129 0 0 0 1 
13001298760043;1.1294;0.0778423;0.942932 -0.326584 -0.0649721 -0.507456 0.331133 0.899124 0.286228 -2.00313 -0.0350597 -0.291408 0.955956 -0.81211 0 0 0 1 
13001298760044;0.672602;0.0514442;0.98754 -0.0841606 0.132971 -0.561101 0.0860759 0.99625 -0.00871153 -0.134046 -0.131739 0.0200486 0.991082 0.112134 0 0 0 1 
13001298760045;0.603165;0.396684;0.993255 0.04562 0.106598 0.096655 -0.0469627 0.998845 0.0101192 0.204582 -0.106013 -0.0150571 0.994251 0.0954236 0 0 0 1 
13001298760046;0.435224;0.082176;0.903984 0.105594 -0.414323 0.794417 -0.124886 0.991976 -0.019666 0.530608 0.408922 0.0695208 0.909917 -1.07629 0 0 0 1 
13001298760047;1.03472;0.0557078;0.997965 -0.0412757 0.0485968 -0.262459 0.0278157 0.967671 0.250678 -0.579344 -0.0573726 -0.248817 0.96685 -0.943173 0 0 0 1 
13001298760048;1.38851;0.0590828;0.995087 0.0578224 0.0803681 0.201798 -0.0874384 0.894023 0.439406 -0.847793 -0.0464434 -0.444275 0.894686 -1.33601 0 0 0 1 
13001298760049;0.308211;0.0481163;0.990875 0.117359 -0.066284 0.129405 -0.108236 0.985905 0.127575 0.139695 0.0803219 -0.119236 0.989612 -0.488497 0 0 0 1 
13001298760050;0.383404;0.0665258;0.998295 -0.0548405 0.0199716 -0.39273 0.0550304 0.998443 -0.00908471 -0.247774 -0.0194423 0.0101683 0.999759 0.16202 0 0 0 1 
13001298760051;1.39486;0.0989052;0.921688 -0.361746 0.14011 -1.5967 0.370993 0.927505 -0.0458092 -1.39953 -0.113382 0.0942017 0.989076 0.627422 0 0 0 1 
13001298760052;0.390791;0.0563874;0.99973 -0.0227915 0.00457058 -0.281531 0.0226629 0.999394 0.0264369 -0.225863 -0.00517034 -0.0263262 0.99964 -0.0968491 0 0 0 1 
13001298760053;0.738841;0.675821;0.998026 0.0626419 -0.00441686 0.104086 -0.0613243 0.987346 0.146246 0.0694272 0.0135221 -0.145686 0.989238 -0.117849 0 0 0 1 
13001298760054;0.290741;0.0495373;0.984486 -0.175462 -0.000384852 -0.427188 0.17546 0.984484 -0.00236127 -0.480527 0.000793194 0.00225711 0.999997 -0.123667 0 0 0 1 
13001298760055;0.983527;0.0662571;0.974709 0.18158 0.130276 -0.294139 -0.163006 0.976442 -0.141385 0.667487 -0.15288 0.116574 0.981345 0.96048 0 0 0 1 
13001298760056;0.893456;0.533057;0.998792 -0.0489887 -0.00390229 0.0758534 0.0489622 0.998779 -0.00660648 -0.330997 0.00422117 0.00640743 0.999971 -0.196846 0 0 0 1 
13001298760057;1.32906;0.621455;0.997988 -0.0494226 0.0397226 -0.0184465 0.0492138 0.998769 0.00621859 0.167926 -0.039981 -0.00425118 0.999191 -0.452457 0 0 0 1 
13001298760058;1.04418;0.38023;0.976042 -0.149331 0.158247 -0.651544 0.146675 0.988777 0.0283993 -0.408519 -0.160711 -0.00450802 0.986991 -0.172404 0 0 0 1 
13001298760059;1.02726;0.0673197;0.997369 0.0534384 -0.0489901 0.513051 -0.0402046 0.970037 0.239608 -0.193509 0.0603265 -0.237008 0.969633 -1.22582 0 0 0 1 
13001298760060;1.18019;0.975391;0.997922 -0.0507276 -0.0397283 0.0398767 0.0569461 0.982838 0.175463 -0.747313 0.0301456 -0.177361 0.983684 -0.268315 0 0 0 1 
13001298760062;0.42647;0.66209;0.996754 -0.0803784 -0.00449747 -0.206889 0.0803278 0.989323 0.121603 -0.0436126 -0.00532484 -0.12157 0.992569 -0.125001 0 0 0 1 
13001298760063;0.820769;0.679195;0.989515 -0.138947 0.0394226 0.00157357 0.13814 0.990156 0.0225385 0.0215868 -0.0421662 -0.0168563 0.998968 0.658908 0 0 0 1 
13001298760064;0.637796;0.614984;0.997465 0.0691865 -0.0166163 0.239944 -0.0691208 0.997598 0.00449582 0.705167 0.0168874 -0.00333589 0.999852 0.277665 0 0 0 1 
13001298760065;1.32441;0.684776;0.967027 -0.136211 -0.215186 0.24638 0.217971 0.87965 0.422734 -1.07589 0.131707 -0.4557 0.880336 -2.50392 0 0 0 1 
13001298760066;0.832986;0.644887;0.964013 -0.264879 -0.0227398 -0.299742 0.264172 0.964011 -0.0299463 -0.117396 0.0298535 0.0228614 0.999293 0.190896 0 0 0 1 
13001298760067;0.500971;0.653249;0.940223 -0.339789 -0.0229021 -0.405894 0.337678 0.938887 -0.0668204 -0.858146 0.0442073 0.0550926 0.997502 -0.312069 0 0 0 1 
13001298760068;1.1413;0.719539;0.939678 -0.292532 0.177285 -0.819678 0.261685 0.948566 0.178166 -0.0372114 -0.220286 -0.121025 0.967898 0.752736 0 0 0 1 
13001298760069;0.277143;0.681838;0.992491 -0.059997 -0.106589 0.142616 0.080161 0.977256 0.19633 -0.0576779 0.0923853 -0.2034 0.974727 -0.861987 0 0 0 1 
13001298760070;1.31041;0.686646;0.986177 -0.153335 0.0628006 -0.30312 0.15604 0.986913 -0.0406776 -0.140708 -0.0557414 0.0499147 0.997197 -0.570932 0 0 0 1 
13001298760071;0.311671;0.696336;0.890093 -0.415964 -0.1863 -0.341445 0.444743 0.882074 0.155399 -1.66162 0.09969 -0.221176 0.970125 -1.02797 0 0 0 1 
13001298760072;0.364438;0.679777;0.950656 -0.309882 0.0150226 -0.429639 0.310216 0.950124 -0.0321063 -0.601295 -0.00432416 0.0351823 0.999372 0.260891 0 0 0 1 
13001298760073;1.33186;0.675113;0.898311 -0.367867 0.240233 -0.755167 0.421689 0.875395 -0.23635 -0.596007 -0.123353 0.313619 0.941503 0.866437 0 0 0 1 
13001298760074;0.375476;0.7108;0.865213 -0.298535 -0.402843 0.208916 0.251761 0.95347 -0.165863 -0.518111 0.433615 0.0420865 0.900115 -1.43098 0 0 0 1 
13001298760075;0.892832;0.646754;0.974392 -0.143428 0.173171 -0.140911 0.163208 0.98089 -0.105915 -0.263857 -0.15467 0.131465 0.97918 1.54665 0 0 0 1 
13001298760076;0.49285;0.761149;0.952916 -0.303061 0.0102854 -0.660466 0.30319 0.951633 -0.0497016 -0.665521 0.00527467 0.0504799 0.998711 -0.0474344 0 0 0 1 
13001298760077;1.25077;0.613446;0.994504 -0.103875 -0.0131426 -0.46826 0.104247 0.994044 0.03177 0.380038 0.00976421 -0.0329655 0.999409 0.587435 0 0 0 1 
13001298760078;0.873453;0.758757;0.981772 -0.107787 -0.156543 -0.111757 0.121156 0.989524 0.0785043 0.270069 0.146442 -0.0960394 0.984546 -1.26126 0 0 0 1 
13001298760079;0.135451;0.567963;0.992139 -0.108324 -0.0626628 -0.0448563 0.107577 0.994081 -0.015185 -0.0513866 0.0639368 0.00832454 0.997919 -0.210765 0 0 0 1 
13001298760080;0.477523;0.883652;0.900017 -0.413905 0.136569 -0.494 0.38425 0.901393 0.199605 -1.52916 -0.20572 -0.127172 0.970313 0.581161 0 0 0 1 
13001298760081;0.486196;0.790395;0.949435 0.0586496 -0.308436 0.746447 -0.0427272 0.997394 0.0581319 0.451057 0.311042 -0.0420139 0.949467 -1.15298 0 0 0 1 
13001298760082;0.60999;1.87047;0.938618 0.343595 -0.0306435 0.46901 -0.34341 0.922303 -0.177277 1.78233 -0.032649 0.176919 0.983684 0.450422 0 0 0 1 
13001298760083;0.578912;0.655319;0.883674 -0.467859 -0.0151315 -0.455776 0.443288 0.826005 0.348154 -2.05573 -0.150388 -0.314362 0.937315 -0.288044 0 0 0 1 
13001298760084;0.295038;0.694122;0.997315 0.0726719 0.00906579 0.359435 -0.0722717 0.996638 -0.0385967 0.672591 -0.0118402 0.0378379 0.999214 0.158243 0 0 0 1 
13001298760085;0.331689;0.713319;0.996113 -0.0879694 0.00459537 -0.012632 0.0860848 0.983185 0.161048 -0.151624 -0.0186854 -0.160026 0.986936 -0.23253 0 0 0 1 
13001298760086;0.698459;0.707788;0.986735 -0.162298 0.00369921 -0.366261 0.162339 0.986554 -0.0189124 -0.401176 -0.000580034 0.0192621 0.999814 0.456616 0 0 0 1 
13001298760087;0.67213;0.724413;0.882999 -0.297771 -0.36283 0.264662 0.298463 0.9528 -0.0556008 -0.705871 0.36226 -0.0591958 0.930195 -1.79327 0 0 0 1 
13001298760088;0.268562;0.728126;0.897955 -0.308908 -0.313454 -0.0768416 0.317023 0.948058 -0.026127 -0.832572 0.305243 -0.0759114 0.949244 -1.24871 0 0 0 1 
13001298760089;1.15866;1.0368;0.884422 -0.451925 0.116455 -0.925225 0.463144 0.880636 -0.0998944 -1.44469 -0.0574094 0.142284 0.98816 1.15589 0 0 0 1 
13001298760090;0.714198;0.642839;0.982162 -0.178536 -0.0590204 -0.520972 0.183868 0.977585 0.102565 -0.406568 0.039386 -0.111587 0.992974 -0.0152021 0 0 0 1 
13001298760091;1.1529;0.710022;0.989395 -0.133343 -0.0576021 -0.22756 0.132983 0.991067 -0.0100501 -0.371985 0.0584276 0.00228338 0.998289 -0.933473 0 0 0 1 
13001298760093;1.04775;0.433573;0.917441 -0.323259 0.231962 -0.750897 0.290417 0.94258 0.164928 -1.14886 -0.271957 -0.0839457 0.958641 -0.00430585 0 0 0 1 
13001298760094;1.11373;0.207845;0.995562 -0.0927238 -0.0160658 -0.108695 0.0940883 0.984015 0.151203 -0.862869 0.00178882 -0.152044 0.988372 -1.24069 0 0 0 1 
13001298760095;0.293853;0.262477;0.991399 0.100782 0.0834985 0.375836 -0.086198 0.982875 -0.162869 0.15102 -0.0984828 0.154271 0.983108 1.01511 0 0 0 1 
13001298760096;0.895384;0.15293;0.996424 -0.0693563 0.0482621 0.535553 0.0697598 0.997541 -0.00672556 -0.686619 -0.047677 0.0100683 0.998812 0.236251 0 0 0 1 
13001298760097;0.339617;0.194955;0.992096 -0.104721 -0.0691233 0.00283544 0.106437 0.994084 0.0216208 -0.449772 0.0664502 -0.0288072 0.997374 -0.475858 0 0 0 1 
13001298760098;0.188558;0.199459;0.988378 0.0155205 -0.15122 0.353816 -0.00381489 0.996993 0.0773923 -0.150941 0.151967 -0.075916 0.985466 -0.733535 0 0 0 1 
13001298760099;0.958706;0.161512;0.959494 0.22497 0.169585 0.55583 -0.212503 0.973133 -0.0886288 -0.163007 -0.184968 0.0490015 0.981522 0.408806 0 0 0 1 
13001298760100;0.754489;0.177825;0.967042 0.127256 -0.220534 0.336768 -0.173059 0.963827 -0.2027 0.391289 0.186762 0.234185 0.954085 0.65401 0 0 0 1 
13001298760101;0.427244;0.169646;0.963476 0.262692 0.0520301 1.13083 -0.265272 0.962819 0.0510949 0.474969 -0.0366734 -0.0630308 0.997338 -0.206282 0 0 0 1 
13001298760102;0.55757;0.339313;0.990788 0.129328 -0.040162 0.546203 -0.12716 0.990489 0.0525454 0.301875 0.0465756 -0.0469544 0.997811 -0.0616462 0 0 0 1 
13001298760103;0.502682;0.235787;0.998011 -0.0497353 -0.0387484 0.0909067 0.0509312 0.998236 0.0305122 0.130924 0.0371625 -0.032425 0.998783 -0.0739824 0 0 0 1 
13001298760104;0.301846;0.15107;0.922212 -0.386638 -0.00593704 -0.775117 0.386661 0.921887 0.0248514 -1.38382 -0.00413522 -0.0252139 0.999674 0.0054267 0 0 0 1 
13001298760105;0.905526;0.123356;0.968449 0.206305 -0.139806 0.949056 -0.219863 0.971412 -0.0895471 0.578448 0.117335 0.11746 0.986122 -0.707213 0 0 0 1 
13001298760106;0.994487;0.15299;0.936081 -0.350666 -0.0280442 -0.85622 0.34365 0.928567 -0.140242 -1.94873 0.0752191 0.121641 0.98972 0.601975 0 0 0 1 
13001298760107;0.0362635;0.119961;0.995976 -0.0795293 -0.0413208 -0.146977 0.0788439 0.996725 -0.0179624 -0.271607 0.042614 0.0146322 0.998984 -0.0931445 0 0 0 1 
13001298760108;1.01768;0.224326;0.960706 -0.2499 -0.120803 -0.272798 0.251192 0.967926 -0.00466215 -0.886858 0.118094 -0.0258659 0.992665 -1.28666 0 0 0 1 
13001298760109;0.830454;0.127127;0.976503 -0.187022 -0.107074 -0.114901 0.176531 0.979168 -0.100337 -0.493579 0.123608 0.0790771 0.989175 -0.755453 0 0 0 1 
13001298760110;0.923517;0.466383;0.98875 -0.149545 -0.00328085 -0.583179 0.147201 0.976683 -0.156278 -0.366899 0.0265748 0.154036 0.987708 0.826779 0 0 0 1 
13001298760111;0.26829;0.203695;0.933253 -0.359204 -0.00337622 -0.748925 0.358305 0.931506 -0.0625559 -1.29285 0.0256153 0.0571708 0.998036 0.127293 0 0 0 1 
13001298760112;0.495558;0.434791;0.978977 0.0994251 -0.178097 0.649769 -0.0815911 0.991138 0.104821 0.439413 0.18694 -0.0880861 0.978414 -0.917224 0 0 0 1 
13001298760113;0.269314;0.199845;0.995419 0.0955977 0.00158239 0.384381 -0.0955372 0.995165 -0.0227679 0.212992 -0.0037513 0.0225125 0.99974 -0.0529491 0 0 0 1 
13001298760114;0.734561;0.201159;0.918649 -0.394929 0.0107622 -1.05398 0.394901 0.918712 0.00472023 -0.972492 -0.0117516 -8.62062e-05 0.999931 0.13808 0 0 0 1 
13001298760115;0.321726;0.242081;0.995846 -0.0870369 -0.026763 -0.16805 0.0875991 0.995943 0.0206054 -0.476583 0.024861 -0.0228642 0.999429 -0.289687 0 0 0 1 
13001298760116;1.15818;0.167665;0.979689 0.175033 -0.0978454 1.54876 -0.194952 0.94561 -0.260412 0.614813 0.046943 0.274198 0.960527 1.20091 0 0 0 1 
13001298760117;0.977589;0.122926;0.979348 -0.120268 -0.162519 -0.304936 0.113442 0.992251 -0.0506871 -0.55385 0.167355 0.0312039 0.985403 0.400111 0 0 0 1 
13001298760118;0.349631;0.189284;0.95593 0.282242 0.0808582 0.977584 -0.276794 0.958203 -0.0723342 0.609441 -0.0978943 0.0467653 0.994097 0.398011 0 0 0 1 
13001298760119;0.966956;0.390826;0.896552 -0.425737 -0.122241 -0.516255 0.414453 0.903687 -0.107607 -1.35346 0.15628 0.0458123 0.98665 -0.917651 0 0 0 1 
13001298760120;0.820899;0.197445;0.99136 0.130949 0.00756291 0.871421 -0.131141 0.988358 0.0771419 0.0767464 0.00262676 -0.0774672 0.996991 0.347133 0 0 0 1 
13001298760121;0.247186;0.152647;0.996408 -0.0843333 -0.00765933 -0.13826 0.0846737 0.993381 0.0776183 -0.247772 0.00106283 -0.0779881 0.996954 -0.0440652 0 0 0 1 
13001298760122;0.958553;0.108266;0.995144 0.0672401 -0.071886 0.519545 -0.060776 0.99421 0.0886119 -0.670148 0.0774281 -0.0838126 0.993469 -0.184991 0 0 0 1 
13001298760124;1.10954;0.0416347;0.886531 -0.46075 0.0420952 -0.632603 0.453446 0.883331 0.118803 -3.30023 -0.0919225 -0.0862348 0.992025 -0.240152 0 0 0 1 
13001298760125;0.573277;0.100797;0.957206 0.0205089 -0.28868 0.491536 0.0865853 0.931503 0.353278 -0.7797 0.276151 -0.363155 0.889865 -2.6752 0 0 0 1 
13001298760126;0.254431;0.207248;0.991266 0.112056 -0.0695354 0.42438 -0.106741 0.991382 0.0759526 0.433055 0.0774471 -0.0678669 0.994684 -0.378157 0 0 0 1 
13001298760127;0.992788;0.0299141;0.920347 -0.339955 -0.193367 -0.66503 0.346664 0.937989 0.000915961 -2.65126 0.181065 -0.0678765 0.981126 -1.1711 0 0 0 1 
13001298760128;0.0799235;0.0301433;0.998772 0.0465565 0.0169591 0.135255 -0.046139 0.998641 -0.0242262 0.196391 -0.0180639 0.023414 0.999563 0.185823 0 0 0 1 
13001298760129;0.127861;0.0381034;0.999354 -0.0186899 -0.0307026 0.0633734 0.0189508 0.999787 0.00822799 -0.00604114 0.0305423 -0.00880451 0.999495 -0.148922 0 0 0 1 
13001298760130;0.557579;0.0202839;0.972984 -0.218407 -0.0748415 -0.641396 0.217775 0.975858 -0.0166084 -1.25249 0.076662 -0.000138859 0.997057 0.0850672 0 0 0 1 
13001298760131;0.697726;0.0399986;0.987452 -0.156415 -0.0217544 0.0494025 0.151871 0.978336 -0.140691 -1.11861 0.0432892 0.135621 0.989815 0.338332 0 0 0 1 
13001298760132;0.915785;0.412189;0.992413 0.0303132 0.119149 0.19713 -0.0291356 0.999508 -0.0116131 0.250757 -0.119443 0.00805346 0.992808 0.125189 0 0 0 1 
13001298760133;0.526097;0.049365;0.985214 0.1467 0.0885041 0.449751 -0.150551 0.987852 0.0385022 0.751148 -0.0817807 -0.0512573 0.995331 0.714042 0 0 0 1 
13001298760134;0.640051;0.0408608;0.994445 -0.0147837 -0.10421 0.27117 0.0118301 0.999512 -0.0289043 0.110264 0.104586 0.0275109 0.994135 0.156771 0 0 0 1 
13001298760135;0.744448;0.20325;0.970311 0.225847 -0.0865405 0.981283 -0.225131 0.974161 0.0180766 1.18925 0.0883869 0.00194306 0.996084 0.133199 0 0 0 1 
13001298760136;0.470128;0.0356395;0.99171 0.124561 -0.0315538 0.127169 -0.124227 0.992177 0.0123378 0.546171 0.0328438 -0.00831566 0.999426 -0.441714 0 0 0 1 
13001298760137;0.306436;0.0241834;0.961323 0.0782913 0.26406 0.183375 -0.0232524 0.978395 -0.205433 0.106204 -0.274439 0.191348 0.942374 2.02039 0 0 0 1 
13001298760138;0.926249;0.043207;0.999213 0.0133677 -0.0373463 -0.313297 -0.0161459 0.997045 -0.0751077 -0.320855 0.0362319 0.0756516 0.996476 -0.580699 0 0 0 1 
13001298760139;0.738974;0.0768846;0.977562 0.210568 0.00581171 0.74751 -0.209994 0.976327 -0.051855 1.09015 -0.0165931 0.0494711 0.998638 0.868473 0 0 0 1 
13001298760140;1.02616;0.0474647;0.986047 0.149371 -0.0734804 0.244639 -0.149157 0.988778 0.00842884 0.513393 0.0739148 0.00264887 0.997261 -1.17684 0 0 0 1 
13001298760141;0.897713;0.0377373;0.953098 -0.217898 0.210057 -0.789321 0.248334 0.959749 -0.131198 -1.64305 -0.173014 0.177209 0.968846 2.02076 0 0 0 1 
13001298760142;0.158181;0.0200595;0.997667 0.0273697 0.0625352 0.0671812 -0.0208379 0.994482 -0.102812 0.234437 -0.0650041 0.101269 0.992733 0.650799 0 0 0 1 
13001298760143;0.631582;0.235347;0.988653 0.150108 -0.00582202 0.41899 -0.147324 0.961287 -0.232858 0.903298 -0.0293571 0.231073 0.972493 1.25585 0 0 0 1 
13001298760144;0.855274;0.0451671;0.986128 -0.105715 -0.127969 0.511126 0.112558 0.992511 0.0474563 -0.519211 0.121994 -0.061202 0.990642 -0.380185 0 0 0 1 
13001298760145;0.0426315;0.0377389;0.999728 -0.0182387 -0.0145244 -0.0443286 0.0176375 0.999024 -0.040494 -0.0492399 0.0152487 0.0402268 0.999074 0.113821 0 0 0 1 
13001298760146;0.950154;0.0428768;0.994565 0.0317759 -0.0991523 0.175568 -0.032544 0.999451 -0.00613878 0.0490604 0.0989028 0.00933223 0.995053 0.474094 0 0 0 1 
13001298760147;0.397392;0.179735;0.98362 -0.0204436 -0.17909 0.164901 -0.0210706 0.973696 -0.226877 0.222936 0.179018 0.226934 0.957316 -0.0728785 0 0 0 1 
13001298760148;0.554781;0.0375278;0.997826 -0.0585426 0.030273 -0.205478 0.0630776 0.981421 -0.181199 -0.419447 -0.0191027 0.182715 0.98298 0.198958 0 0 0 1 
13001298760149;0.73823;0.0242087;0.999591 -0.0284413 -0.00287135 -0.00497284 0.0284532 0.999586 0.00420108 0.228808 0.00275068 -0.00428106 0.999987 0.530074 0 0 0 1 
13001298760150;0.886242;0.0489333;0.973006 -0.23007 0.0180914 -0.262604 0.230531 0.972607 -0.0298456 -1.53598 -0.0107292 0.0332105 0.999391 -0.42129 0 0 0 1 
13001298760151;1.10427;0.806222;0.994966 0.0428784 0.090573 0.282515 -0.0543139 0.990308 0.127827 0.371838 -0.0842141 -0.132103 0.987652 0.157504 0 0 0 1 
13001298760152;0.722566;0.0337589;0.950549 0.22996 0.208745 0.356191 -0.163961 0.942397 -0.291555 0.564356 -0.263767 0.242911 0.933499 2.27191 0 0 0 1 
13001298760153;0.343462;0.103984;0.970861 0.220709 -0.0933672 0.936793 -0.232739 0.961236 -0.147844 1.10322 0.0571174 0.165266 0.984594 0.214665 0 0 0 1 
13001298760155;0.0682714;0.19771;0.998797 0.0468047 0.0146099 -0.180711 -0.0466689 0.998865 -0.00949993 0.116881 -0.015038 0.00880667 0.999848 0.153613 0 0 0 1 
13001298760156;0.228778;0.282209;0.999619 -0.0275982 -6.29998e-05 -0.193426 0.0274118 0.99313 -0.113759 -0.0423387 0.00320211 0.113714 0.993508 0.100843 0 0 0 1 
13001298760157;0.606065;0.213806;0.99353 0.108449 0.0337178 -0.628238 -0.10369 0.987316 -0.120228 -0.0419965 -0.0463287 0.115954 0.992174 0.534225 0 0 0 1 
13001298760158;0.344682;0.174329;0.950073 -0.0684369 -0.30443 0.314 0.03869 0.99396 -0.102701 0.017584 0.309619 0.085795 0.946982 -1.24645 0 0 0 1 
13001298760159;0.780294;0.562381;0.997935 0.0204084 -0.0608994 0.21383 -0.0179965 0.999042 0.0398946 0.0594764 0.0616552 -0.0387162 0.997346 -0.66218 0 0 0 1 
13001298760160;0.374691;0.243629;0.986964 0.0765217 -0.141587 -0.148462 -0.0342097 0.95938 0.280037 -0.052733 0.157265 -0.271543 0.949491 -0.280505 0 0 0 1 
13001298760161;0.829311;0.231585;0.886318 0.0591547 0.459282 -0.733957 -0.0565697 0.99821 -0.0193999 0.0815886 -0.459608 -0.00878698 0.888078 2.317 0 0 0 1 
13001298760162;0.477774;0.184863;0.97035 0.155097 -0.185382 -0.164319 -0.203875 0.937177 -0.283079 0.806491 0.129831 0.31248 0.94101 -0.0748327 0 0 0 1 
13001298760163;0.737936;0.41043;0.990389 -0.0844423 0.10954 0.0121409 0.0922092 0.993423 -0.0678845 -0.933769 -0.103087 0.0773327 0.991662 0.713472 0 0 0 1 
13001298760164;0.306679;0.231454;0.980784 -0.072299 -0.181203 -0.0363861 0.0253687 0.968175 -0.248985 -0.0418299 0.193438 0.239604 0.951405 -0.628977 0 0 0 1 
13001298760165;0.655134;0.293281;0.985838 -0.167676 -0.00302401 -0.654242 0.1677 0.985555 0.0236234 -0.851528 -0.00098074 -0.0237959 0.999716 -0.4252 0 0 0 1 
13001298760166;0.142166;0.221257;0.998516 -0.0237533 0.0490034 -0.269723 0.027085 0.997284 -0.0684841 -0.0699101 -0.0472436 0.0697097 0.996448 0.226145 0 0 0 1 
13001298760167;0.73402;1.0056;0.995539 -0.0572144 0.0750299 -0.683301 0.0575054 0.998344 -0.00172214 -0.480471 -0.0748071 0.00602907 0.99718 0.81976 0 0 0 1 
13001298760168;0.457979;1.04855;0.993956 -0.0935532 -0.057432 -1.0201 0.0881395 0.99199 -0.0904887 -0.296828 0.0654375 0.0848798 0.99424 -0.471837 0 0 0 1 
13001298760169;0.0971797;0.243328;0.995136 0.0572388 0.0801735 -0.283089 -0.0643758 0.993907 0.0894646 0.109895 -0.0745642 -0.0941907 0.992758 0.276224 0 0 0 1 
13001298760170;0.865636;1.00538;0.986945 -0.0365558 -0.156855 -0.991082 0.0260858 0.997324 -0.0682971 -0.479229 0.158932 0.0633138 0.985257 -0.00838307 0 0 0 1 
13001298760171;0.53187;0.312659;0.988303 -0.145429 -0.0458994 -0.359107 0.152424 0.932494 0.327446 -0.92246 -0.00481926 -0.330612 0.943754 0.42105 0 0 0 1 
13001298760172;0.399772;0.35131;0.977147 0.147055 0.153487 -0.06836 -0.169205 0.975165 0.142912 0.421892 -0.128659 -0.165617 0.977762 0.677258 0 0 0 1 
13001298760173;0.409814;1.03364;0.995255 -0.0609933 0.0758173 -1.0953 0.0576144 0.997279 0.045983 -0.326793 -0.0784157 -0.0413966 0.996061 0.302348 0 0 0 1 
13001298760174;0.230776;0.192804;0.996437 0.046619 -0.0702901 -0.160394 -0.0489524 0.998293 -0.0318466 0.00602439 0.0686855 0.035174 0.997018 -0.00570979 0 0 0 1 
13001298760175;0.184973;0.24612;0.990543 0.0468018 -0.12897 -0.206178 -0.0574717 0.995113 -0.0802916 0.156805 0.124582 0.0869445 0.988393 -0.547622 0 0 0 1 
13001298760176;0.684651;0.283501;0.963246 0.262213 0.0583158 -0.314493 -0.262458 0.872473 0.412197 0.178017 0.0572043 -0.412352 0.909227 -0.63731 0 0 0 1 
13001298760177;0.712892;0.533665;0.981208 0.0996021 -0.165256 -0.0175428 -0.128065 0.976798 -0.171656 0.178603 0.144324 0.189594 0.971198 -0.912728 0 0 0 1 
13001298760178;0.372998;0.507892;0.997532 -0.0505053 0.0487803 -0.234572 0.0509721 0.998665 -0.008371 -0.366724 -0.0482924 0.0108368 0.998774 0.175431 0 0 0 1 
13001298760179;0.364497;0.216179;0.9785 0.0769235 0.191367 -0.224222 -0.139546 0.930146 0.33964 0.15387 -0.151873 -0.359042 0.920882 0.731996 0 0 0 1 
13001298760180;0.444705;0.269451;0.990073 0.0622523 -0.126013 -0.189852 0.00583999 0.877569 0.479415 -0.188998 0.14043 -0.475392 0.868494 -0.745806 0 0 0 1 
13001298760181;0.327893;0.275192;0.978943 -0.0866793 0.184819 -0.426745 0.0998036 0.993016 -0.0629155 -0.518945 -0.178075 0.0800363 0.980757 0.585936 0 0 0 1 
13001298760182;0.549357;0.293216;0.993179 -0.0476802 -0.106403 -0.12089 0.0531403 0.99738 0.049083 -0.773856 0.103784 -0.0544025 0.993111 -0.0456431 0 0 0 1 
13001298760183;0.363905;0.205537;0.976161 -0.00509353 -0.216989 0.0260501 0.0582814 0.969161 0.239439 -0.478788 0.209077 -0.246377 0.946353 -0.517234 0 0 0 1 
13001298760184;0.185151;0.229375;0.980935 0.193476 -0.0182929 -0.116623 -0.193529 0.981094 -0.00118107 0.560509 0.0177186 0.00469877 0.999832 0.00870485 0 0 0 1 
13001298760186;0.752269;0.304016;0.996776 -0.0800478 -0.0054803 -0.175017 0.0800375 0.99679 -0.00207578 -0.170563 0.00562886 0.00163046 0.999983 0.415982 0 0 0 1 
13001298760187;1.11885;0.227199;0.897065 -0.429746 0.102917 -0.40568 0.435364 0.8994 -0.0392187 -1.96332 -0.0757097 0.0799882 0.993916 0.607882 0 0 0 1 
13001298760188;1.47853;0.470226;0.994705 -0.0705301 0.0747554 -0.361367 0.0923739 0.932391 -0.349448 -0.0459835 -0.0450546 0.354503 0.933969 0.364612 0 0 0 1 
13001298760189;0.694353;0.295863;0.99675 0.00515474 0.0803955 0.178916 -0.0018933 0.999174 -0.0405911 -0.351117 -0.0805383 0.0403069 0.995936 0.0249946 0 0 0 1 
13001298760190;1.04867;0.216982;0.953174 -0.277153 -0.121017 -0.512428 0.279808 0.960042 0.00519073 -1.5765 0.114742 -0.0388091 0.992637 -0.567961 0 0 0 1 
13001298760191;0.608395;0.327476;0.999772 -0.0189422 0.00984651 -0.0536564 0.0190608 0.999745 -0.012092 -0.181931 -0.00961495 0.0122769 0.999878 -0.275464 0 0 0 1 
13001298760192;0.728377;0.329662;0.985736 -0.159409 0.0539736 -0.305168 0.159251 0.987212 0.0072377 -0.337897 -0.0544371 0.00146091 0.998516 0.51372 0 0 0 1 
13001298760193;0.223967;0.282671;0.984497 -0.175335 0.00480964 -0.309874 0.175 0.983731 0.0406125 -0.569228 -0.0118522 -0.0391412 0.999163 -0.0954301 0 0 0 1 
13001298760194;0.894476;0.377264;0.997207 -0.00543443 0.0744903 -0.128899 0.0125511 0.995359 -0.0954055 -0.109905 -0.0736262 0.096074 0.992647 0.0578871 0 0 0 1 
13001298760195;0.58478;0.705761;0.999857 0.00083095 -0.0168941 0.199019 -0.00028578 0.99948 0.0322467 -0.217698 0.0169121 -0.0322372 0.999337 0.153856 0 0 0 1 
13001298760196;0.904607;0.397254;0.993142 -0.116316 0.0117694 -0.534843 0.115963 0.992881 0.0272007 -0.204036 -0.0148495 -0.0256493 0.999561 -0.359019 0 0 0 1 
13001298760197;0.286883;0.257349;0.977224 -0.212191 -0.00275934 -0.41785 0.212169 0.976705 0.0321186 -0.927472 -0.00412022 -0.0319726 0.99948 0.00205459 0 0 0 1 
13001298760198;1.24998;1.3201;0.983961 0.175952 0.0293611 0.43361 -0.176679 0.983968 0.0243241 0.093786 -0.0246105 -0.0291215 0.999273 -0.464515 0 0 0 1 
13001298760199;1.55468;0.453697;0.969934 -0.0734741 -0.232013 0.203277 0.0758727 0.997117 0.00141909 -0.266059 0.231239 -0.0189799 0.972712 -1.42087 0 0 0 1 
13001298760200;0.663257;0.309114;0.996825 -0.0779557 -0.0161817 -0.281401 0.078188 0.996837 0.0142564 -0.732718 0.0150192 -0.0154764 0.999767 -0.179213 0 0 0 1 
13001298760201;0.427557;0.38457;0.999743 -0.0226735 0.000110642 -0.0136865 0.0226548 0.999095 0.0360019 -0.154548 -0.000926831 -0.0359901 0.999352 -0.156942 0 0 0 1 
13001298760202;1.14516;0.375434;0.992621 -0.118151 -0.0272897 -0.234401 0.117639 0.992862 -0.0196721 -0.349778 0.0294192 0.0163166 0.999434 -0.666535 0 0 0 1 
13001298760203;0.345194;0.388831;0.996592 0.081713 -0.0112523 0.198372 -0.0804936 0.993239 0.083645 0.0298962 0.0180111 -0.0824542 0.996432 -0.162971 0 0 0 1 
13001298760204;0.987501;0.249037;0.978726 -0.202146 0.0351095 -0.68638 0.200855 0.978919 0.0370902 -0.42012 -0.0418669 -0.0292492 0.998695 -0.485039 0 0 0 1 
13001298760205;1.27725;1.31754;0.986757 -0.15504 0.0476684 -0.551855 0.155709 0.987746 -0.0106369 -0.828481 -0.0454351 0.0179185 0.998807 0.644366 0 0 0 1 
13001298760206;0.732057;0.662657;0.998165 0.0509944 -0.0326521 0.113691 -0.052251 0.997878 -0.0388627 0.00821418 0.030601 0.0404975 0.998711 0.34866 0 0 0 1 
13001298760207;0.280311;0.230309;0.959036 -0.230707 -0.164393 -0.295342 0.239039 0.970464 0.0325704 -0.795643 0.152023 -0.0705325 0.985857 -0.456674 0 0 0 1 
13001298760208;0.976835;0.377621;0.991283 -0.12933 -0.0251381 -0.0124043 0.13019 0.990825 0.036275 -0.971534 0.0202161 -0.0392315 0.999026 0.360647 0 0 0 1 
13001298760209;0.510095;0.210939;0.994042 -0.0859991 -0.0669662 0.128048 0.0859497 0.996293 -0.00362483 -0.45081 0.0670297 -0.0021525 0.997749 -0.296321 0 0 0 1 
13001298760210;0.786915;0.403705;0.958563 -0.206885 0.195844 -0.558639 0.210053 0.977679 0.00468387 -0.382183 -0.192441 0.0366478 0.980624 0.411253 0 0 0 1 
13001298760211;0.331308;0.377792;0.998841 -0.0400693 0.0266676 0.00927926 0.0362886 0.990894 0.129664 -0.28447 -0.0316203 -0.128546 0.991199 -0.192247 0 0 0 1 
13001298760212;0.525518;0.315783;0.994181 0.0394853 0.100222 -0.147249 -0.0419954 0.998852 0.0230597 -0.0893198 -0.0991961 -0.0271344 0.994698 0.038259 0 0 0 1 
13001298760213;1.26584;0.40852;0.984872 -0.144103 0.096241 0.0521516 0.156122 0.978883 -0.131965 -0.516394 -0.0751921 0.144994 0.986571 1.2583 0 0 0 1 
13001298760214;1.19532;0.939083;0.987535 0.0370666 0.152975 0.0384863 -0.0574718 0.989688 0.131204 0.225373 -0.146535 -0.13836 0.979482 0.325441 0 0 0 1 
13001298760215;0.473246;0.378107;0.994538 0.103417 0.014128 0.198698 -0.104185 0.991777 0.0743173 -0.177689 -0.00632622 -0.0753833 0.997135 -0.173222 0 0 0 1 
13001298760217;0.222897;0.0599363;0.994445 -0.0918261 -0.0514514 -0.196504 0.0946428 0.993975 0.0552785 -0.457781 0.0460654 -0.0598409 0.997144 -0.22683 0 0 0 1 
13001298760218;0.56062;0.0447088;0.980638 0.103368 0.166326 0.551382 -0.14172 0.960752 0.238478 0.12521 -0.135147 -0.257432 0.956799 -0.193843 0 0 0 1 
13001298760219;1.35156;0.0438231;0.994421 -0.105471 0.00140895 -0.417099 0.10548 0.994366 -0.0105384 -0.118212 -0.000289505 0.0106283 0.999943 0.968142 0 0 0 1 
13001298760220;0.477483;0.0370931;0.915742 -0.226696 0.331702 -0.301605 0.180029 0.969613 0.165654 -0.694453 -0.359175 -0.0919804 0.928726 1.31796 0 0 0 1 
13001298760221;0.489369;0.0421031;0.952003 -0.141029 0.271662 -0.285067 0.10036 0.982287 0.15824 -0.655907 -0.289167 -0.12338 0.949294 0.964662 0 0 0 1 
13001298760222;1.04527;0.0468799;0.998198 0.0416918 0.043157 -0.288564 -0.0515291 0.964107 0.260464 -0.49539 -0.0307487 -0.262219 0.964518 -0.943589 0 0 0 1 
13001298760223;0.25956;0.0655983;0.974694 0.0959605 0.2019 0.16288 -0.109021 0.99254 0.0545702 0.388003 -0.195157 -0.0752006 0.977885 0.47339 0 0 0 1 
13001298760224;0.137794;0.0704834;0.99899 -0.0105653 -0.043677 -0.0459517 0.0107021 0.999939 0.00289892 -0.0146844 0.0436437 -0.00336342 0.999041 -0.0739473 0 0 0 1 
13001298760225;1.05742;0.0483518;0.911176 -0.0224493 0.411405 -0.558782 0.0436798 0.998151 -0.042275 -0.346606 -0.409695 0.05649 0.910472 1.85029 0 0 0 1 
13001298760226;1.15936;0.0448309;0.987755 0.155941 -0.00465146 -0.135856 -0.156007 0.987486 -0.0230924 0.483644 0.00099221 0.0235353 0.999723 0.633526 0 0 0 1 
13001298760227;0.324156;0.0276322;0.940757 0.324291 -0.0990538 1.22277 -0.334284 0.93596 -0.110605 1.14721 0.056842 0.137165 0.988916 0.230481 0 0 0 1 
13001298760228;1.39459;0.0263257;0.933108 -0.135534 0.333076 -0.723446 0.239734 0.924845 -0.295278 -0.141526 -0.268024 0.355376 0.895472 1.77049 0 0 0 1 
13001298760229;0.664996;0.0583671;0.967192 -0.0400797 0.250864 -0.263689 -0.0272769 0.965384 0.259401 0.0270738 -0.252577 -0.257733 0.932619 0.647543 0 0 0 1 
13001298760230;0.977712;0.0309075;0.948995 -0.312642 0.0407822 -0.590091 0.304965 0.943037 0.132957 -1.69592 -0.0800272 -0.113739 0.990282 -0.528051 0 0 0 1 
13001298760231;0.367575;0.0387295;0.898824 0.360294 0.249609 1.2185 -0.367154 0.929941 -0.0202133 1.17427 -0.239404 -0.0734767 0.968136 0.576433 0 0 0 1 
13001298760232;0.090517;0.0461608;0.996226 0.0356632 -0.0791366 0.184835 -0.0388749 0.998466 -0.0394209 0.202181 0.0776093 0.0423485 0.996084 -0.162775 0 0 0 1 
13001298760233;0.668099;0.0618698;0.966885 -0.255197 -0.00265408 -0.228321 0.255094 0.966073 0.0403727 -0.711133 -0.00773899 -0.0397129 0.999181 -0.00204173 0 0 0 1 
13001298760234;0.755306;0.041042;0.993496 0.102371 -0.0498635 0.178525 -0.0939083 0.984267 0.149665 -0.0117204 0.0644004 -0.144009 0.987479 -0.165188 0 0 0 1 
13001298760235;0.973297;0.0564018;0.998864 0.0353583 -0.0319553 0.119717 -0.0344136 0.998968 0.0296461 -0.524233 0.0329706 -0.0285127 0.99905 -0.421885 0 0 0 1 
13001298760236;0.97211;0.0476221;0.955944 -0.146627 -0.254306 0.130294 0.195293 0.96445 0.178036 -1.02367 0.21916 -0.219857 0.950595 -1.95307 0 0 0 1 
13001298760237;0.48343;0.0551065;0.998399 0.0393435 0.0406435 0.0834414 -0.0382911 0.998919 -0.0263543 -0.137843 -0.0416365 0.0247558 0.998826 0.0931457 0 0 0 1 
13001298760238;0.245894;0.0572083;0.998214 0.057774 -0.01518 0.18843 -0.0586951 0.995849 -0.0695693 0.152771 0.0110977 0.0703361 0.997462 0.259773 0 0 0 1 
13001298760239;0.597612;0.0556554;0.937819 0.34571 -0.031298 1.27843 -0.342955 0.936713 0.0703617 1.01814 0.053642 -0.0552527 0.99703 -0.662474 0 0 0 1 
13001298760240;0.379328;0.0602863;0.997936 -0.0621519 0.0161583 -0.147791 0.0614635 0.997304 0.0400818 -0.153394 -0.0186059 -0.0390059 0.999066 0.25387 0 0 0 1 
13001298760241;0.905295;0.0394925;0.997792 -0.0510408 -0.0424988 0.425799 0.0582555 0.979879 0.190903 -0.0283635 0.0318998 -0.192957 0.980689 -0.779948 0 0 0 1 
13001298760242;0.886526;0.054223;0.917348 -0.35186 0.18619 -1.06367 0.326223 0.932506 0.154956 -1.43778 -0.228147 -0.0814091 0.970217 0.190547 0 0 0 1 
13001298760243;0.836676;0.0298943;0.952273 0.240644 0.187794 0.942312 -0.223549 0.968718 -0.107757 0.482732 -0.20785 0.0606333 0.97628 0.497676 0 0 0 1 
13001298760244;1.22657;0.0565897;0.993978 0.109572 -0.00133609 0.891663 -0.109573 0.993979 -0.0006862 0.592468 0.00125285 0.000828466 0.999999 0.658002 0 0 0 1 
13001298760245;1.14759;0.0721828;0.998185 -0.0590445 -0.0118282 -0.892804 0.0574982 0.992902 -0.104115 0.0669636 0.0178916 0.103246 0.994495 -0.000195915 0 0 0 1 
13001298760246;0.304771;0.0310191;0.94514 0.259947 -0.197831 1.03513 -0.26765 0.963432 -0.0127689 0.907393 0.187278 0.065018 0.980153 -0.589208 0 0 0 1 
13001298760248;0.0489943;0.379609;0.995391 -0.0958996 0.000546712 -0.39096 0.0958992 0.995319 -0.0120047 -0.58496 0.00060709 0.0120018 0.999928 0.00459051 0 0 0 1 
13001298760249;0.420407;0.221364;0.999971 -0.00647218 -0.00413123 -0.195687 0.00649774 0.99996 0.00620439 -0.34586 0.00409091 -0.00623105 0.999972 -0.382061 0 0 0 1 
13001298760250;0.517589;0.317592;0.996931 -0.0269245 0.0735082 -0.252037 0.0246134 0.999179 0.032167 -0.241352 -0.074314 -0.0302589 0.996776 0.517655 0 0 0 1 
13001298760251;0.918817;0.741188;0.987199 -0.15247 0.0468152 -0.319529 0.149658 0.986998 0.0586299 -0.446981 -0.0551458 -0.0508731 0.997181 -0.267394 0 0 0 1 
13001298760252;0.624083;0.39333;0.996078 0.0230484 -0.0854302 0.0141952 -0.025444 0.99931 -0.0270596 0.27917 0.0847476 0.0291271 0.995977 -0.15885 0 0 0 1 
13001298760253;0.848575;0.274238;0.978213 0.160934 0.131145 0.795198 -0.170441 0.983239 0.0647394 0.159426 -0.118528 -0.0856814 0.989247 0.635772 0 0 0 1 
13001298760254;0.316984;0.520019;0.982397 -0.164787 -0.0879842 -0.434311 0.153911 0.980931 -0.118685 -0.78599 0.105864 0.103054 0.989026 0.0868205 0 0 0 1 
13001298760255;0.292142;0.553558;0.989511 0.0614507 -0.130736 -0.034791 -0.0607135 0.998109 0.00962157 -0.146799 0.13108 -0.00158319 0.99137 -0.509522 0 0 0 1 
13001298760256;0.288912;0.317028;0.995059 -0.0992303 0.00332637 -0.461725 0.0992822 0.994167 -0.0421221 -0.653557 0.000872826 0.0422442 0.999107 0.299794 0 0 0 1 
13001298760257;0.0896223;0.285025;0.995138 -0.0392732 0.0903214 -0.236947 0.0359563 0.998628 0.0380619 -0.349187 -0.0916923 -0.0346292 0.995185 0.126468 0 0 0 1 
13001298760258;0.918056;0.324577;0.995637 -0.0857908 0.0367078 -0.346486 0.0818234 0.991762 0.0985555 0.220693 -0.0448605 -0.0951219 0.994454 -0.157743 0 0 0 1 
