#;prob_registration_l1 -r /home/probabilistic_point_clouds_registration/build/tester /home/point_clouds_registration_benchmark//devel/registration_pairs/box_met_local.txt /home/point_clouds_registration_benchmark//planetary/box_met -s 0.2 -t 0.2 -p 0.3 -r 1000 -m 5 -i 40 
id;initial_error;final_error;transformation
7680147070000;1.79635;1.67379;0.880266 0.181531 0.438382 -7.58915 -0.12497 0.979998 -0.154873 -5.82442 -0.457728 0.0815447 0.885345 -31.6777 0 0 0 1 
7680147070001;0.811107;1.3841;0.981112 0.173505 0.08553 -4.7396 -0.150523 0.962471 -0.225817 -7.03738 -0.1215 0.208677 0.970408 -11.9315 0 0 0 1 
7680147070002;1.49386;1.48604;0.96203 -0.0276098 -0.271543 -3.1251 -0.0469215 0.96333 -0.264184 -1.34189 0.268879 0.266894 0.925457 8.96784 0 0 0 1 
7680147070003;0.946768;1.37308;0.988445 0.149755 -0.0234488 -4.48194 -0.151453 0.969425 -0.193074 -8.08734 -0.0061819 0.194394 0.980904 -3.1471 0 0 0 1 
7680147070004;1.43077;1.69126;0.998219 -0.00928742 -0.0589223 -0.589708 0.00193643 0.992329 -0.123607 -0.241294 0.0596183 0.123273 0.99058 0.957927 0 0 0 1 
7680147070005;0.312811;1.76345;0.99167 0.118819 0.0497211 -3.05329 -0.119763 0.992666 0.0164356 -4.36757 -0.0474036 -0.0222534 0.998628 -3.19665 0 0 0 1 
7680147070006;1.56238;1.63595;0.999322 -0.0332104 -0.015923 0.0520986 0.033488 0.999286 0.0174949 3.20308 0.0153307 -0.0180163 0.99972 -1.2254 0 0 0 1 
7680147070007;1.77223;1.64842;0.975647 0.0748417 0.206184 -2.097 -0.125064 0.962034 0.242589 -3.37107 -0.1802 -0.262467 0.947966 -9.1152 0 0 0 1 
7680147070008;0.368314;1.68467;0.988147 0.119519 0.096332 -3.40307 -0.121406 0.992505 0.013947 -4.86634 -0.0939431 -0.0254769 0.995252 -5.67211 0 0 0 1 
7680147070009;2.02654;1.72225;0.998024 -0.0579925 0.0241748 -0.647515 0.0596927 0.995256 -0.0768283 4.87279 -0.0196046 0.0781195 0.996751 -6.02291 0 0 0 1 
7680147070010;1.67484;1.34149;0.990816 -0.0233032 -0.133197 -1.47605 0.0211603 0.999623 -0.0174806 2.35032 0.133555 0.0145016 0.990935 9.27787 0 0 0 1 
7680147070011;1.58383;1.72668;0.97691 0.0662597 0.203117 -2.09508 0.00774712 0.939083 -0.343602 0.642435 -0.213511 0.337242 0.916886 -17.5898 0 0 0 1 
7680147070012;1.55669;1.43755;0.995942 -0.0162191 0.0885283 -1.70785 0.0337675 0.979111 -0.200503 3.17247 -0.0834271 0.202679 0.975685 -7.2804 0 0 0 1 
7680147070013;1.90796;1.32764;0.996172 0.0872985 -0.00451431 -2.46045 -0.0849117 0.978623 0.187317 -2.5108 0.0207703 -0.186216 0.982289 1.28132 0 0 0 1 
7680147070014;1.7784;1.35499;0.989623 0.139682 -0.0336837 -3.93859 -0.1421 0.986164 -0.0853672 -6.14184 0.0212934 0.0892678 0.99578 -3.21707 0 0 0 1 
7680147070015;0.363704;1.80073;0.996847 0.0439332 -0.0660695 -3.13405 -0.0161081 0.927426 0.37366 4.69868 0.0776906 -0.371418 0.92521 10.1694 0 0 0 1 
7680147070016;0.265959;1.3092;0.998952 0.0428234 0.0161487 -1.82701 -0.0435428 0.997936 0.0471946 -0.530806 -0.0140943 -0.0478483 0.998755 -0.800996 0 0 0 1 
7680147070017;0.994504;1.63415;0.999466 -0.0150772 -0.0290031 -0.725702 0.0157567 0.999603 0.0233465 3.21992 0.0286396 -0.0237911 0.999307 0.302237 0 0 0 1 
7680147070018;1.14391;1.59453;0.921192 0.0901841 -0.378513 -10.3904 -0.0910706 0.995722 0.0155999 -2.73503 0.378301 0.0201009 0.925465 21.1548 0 0 0 1 
7680147070019;1.59901;1.37895;0.999717 0.0165725 0.0170453 -0.341977 -0.0166029 0.999861 0.00164688 2.15344 -0.0170156 -0.00192942 0.999853 -1.18221 0 0 0 1 
7680147070020;1.99055;2.16289;0.977697 -0.040245 0.206127 -1.78551 0.015324 0.992522 0.121099 4.79203 -0.209459 -0.11524 0.971003 -9.70072 0 0 0 1 
7680147070021;1.30849;1.55327;0.965475 0.0328749 -0.258415 -5.40985 0.0241809 0.976411 0.21456 5.31231 0.259373 -0.213401 0.941905 16.9107 0 0 0 1 
7680147070022;0.490232;1.95515;0.999127 0.00899343 0.0408039 -1.5857 -0.0108765 0.998875 0.0461657 1.75232 -0.0403428 -0.0465692 0.9981 -1.67712 0 0 0 1 
7680147070023;1.93092;0.906782;0.987417 0.154051 0.0357257 -3.83451 -0.147185 0.977877 -0.148635 -5.59559 -0.0578327 0.141506 0.988247 -5.555 0 0 0 1 
7680147070024;2.01577;2.37564;0.986945 0.0813995 -0.138971 -3.20092 -0.0535009 0.979578 0.193815 -0.313304 0.15191 -0.183849 0.971145 10.0181 0 0 0 1 
7680147070025;1.53658;1.91185;0.955553 -0.103956 -0.275882 -2.88595 0.0642329 0.9867 -0.149322 4.33459 0.287736 0.124964 0.949522 11.8299 0 0 0 1 
7680147070026;1.23157;1.86964;0.990667 0.125492 0.0532003 -3.38602 -0.129522 0.988292 0.0806386 -3.82461 -0.042458 -0.0867766 0.995323 -0.172697 0 0 0 1 
7680147070027;1.05263;1.70024;0.943667 0.0148025 0.330564 -3.5896 -0.0701748 0.985228 0.156211 -0.814723 -0.323369 -0.170609 0.930766 -16.9872 0 0 0 1 
7680147070028;0.137424;1.25701;0.999888 0.00511544 0.014066 -0.944965 -0.00527908 0.999919 0.0116211 1.08586 -0.0140054 -0.0116941 0.999834 -0.976462 0 0 0 1 
7680147070029;1.81513;1.0879;0.997635 -0.022728 -0.0648648 -2.0401 0.020917 0.999376 -0.028464 4.67045 0.0654713 0.0270399 0.997488 3.4214 0 0 0 1 
7680147070031;0.429088;0.297719;0.971003 -0.0466291 -0.234474 -0.70615 0.0499263 0.99872 0.00814251 0.581872 0.233795 -0.0196128 0.972088 2.12137 0 0 0 1 
7680147070032;0.91489;0.855805;0.996428 0.0111528 0.0837033 -0.021155 -0.0192095 0.995189 0.0960742 0.572842 -0.0822291 -0.097339 0.991849 1.02674 0 0 0 1 
7680147070033;0.415478;0.277479;0.981119 0.0372589 0.189781 -0.137778 0.0207579 0.955313 -0.294866 -0.495259 -0.192287 0.293238 0.936503 -8.99748 0 0 0 1 
7680147070034;0.600344;0.485389;0.982963 -0.0620323 -0.17302 -0.229854 0.0323818 0.98505 -0.1692 -0.188578 0.180929 0.160714 0.970276 -1.28615 0 0 0 1 
7680147070035;0.44843;0.327581;0.997248 0.0246789 0.0699143 -0.425524 -0.0388745 0.977008 0.209629 1.04204 -0.0631334 -0.211769 0.975278 3.21522 0 0 0 1 
7680147070036;0.879785;0.13733;0.999821 -0.00763069 -0.017288 -1.92178 0.0072025 0.999669 -0.0246964 0.752516 0.0174708 0.0245674 0.999546 -0.789283 0 0 0 1 
7680147070037;0.82527;0.218136;0.999844 0.00665918 0.0163733 -0.363905 -0.0072145 0.999393 0.0340938 0.556268 -0.0161364 -0.0342066 0.999285 2.25904 0 0 0 1 
7680147070038;0.802274;0.337199;0.978108 0.0230697 0.206816 -0.364474 -0.0822403 0.955786 0.282329 2.40634 -0.191159 -0.293156 0.936759 4.75969 0 0 0 1 
7680147070039;1.33952;0.388467;0.997924 0.0643137 -0.00324226 -3.9089 -0.0641813 0.997448 0.0312927 -0.0672251 0.00524654 -0.0310197 0.999505 1.66236 0 0 0 1 
7680147070040;0.158831;0.157563;0.999492 -0.0112709 -0.0298003 -0.152498 0.0078825 0.993737 -0.111468 -0.454616 0.03087 0.111177 0.993321 -2.07537 0 0 0 1 
7680147070041;1.36617;0.298082;0.999564 0.000447394 0.0295211 -0.208953 -0.00175901 0.999011 0.0444188 -0.00932504 -0.0294721 -0.0444514 0.998577 -2.14449 0 0 0 1 
7680147070042;0.46675;0.33572;0.997218 0.00924372 0.0739666 -0.0193548 0.00569364 0.979937 -0.199226 -0.625095 -0.0743242 0.199093 0.977158 -5.75822 0 0 0 1 
7680147070043;1.14629;0.885639;0.965194 0.0621976 0.254031 -0.180322 -0.00350334 0.974297 -0.225239 -0.829319 -0.261511 0.216509 0.940604 -7.29471 0 0 0 1 
7680147070044;0.702038;0.130207;0.999111 -0.000293192 -0.0421562 -0.556552 0.00373669 0.996656 0.0816287 0.878909 0.0419913 -0.0817137 0.995771 3.58187 0 0 0 1 
7680147070045;0.887978;0.56153;0.999701 -0.00732693 0.0233419 -0.174724 0.00728017 0.999971 0.00208735 0.353075 -0.0233565 -0.00191679 0.999725 -1.35105 0 0 0 1 
7680147070046;0.520495;0.303111;0.995763 0.00917235 0.091502 0.13367 0.00659981 0.98532 -0.170592 -0.603623 -0.0917234 0.170473 0.981084 -5.65861 0 0 0 1 
7680147070047;1.3778;0.485723;0.994658 0.063809 -0.081144 -4.50648 -0.0377764 0.956543 0.289133 2.68278 0.0960671 -0.284523 0.953844 8.26993 0 0 0 1 
7680147070048;1.12108;1.09148;1 0.00064539 0.000544126 -0.0642956 -0.000621011 0.999046 -0.0436726 -0.235523 -0.000571793 0.0436722 0.999046 -0.694652 0 0 0 1 
7680147070049;0.932757;0.434688;0.996424 -0.0423516 -0.0731133 -0.378428 0.0320289 0.990054 -0.136993 0.389058 0.078188 0.134161 0.98787 -0.66152 0 0 0 1 
7680147070050;1.2993;0.302887;0.95321 -0.0516667 -0.297861 -3.06007 0.0175596 0.993086 -0.116066 -0.013955 0.301799 0.105405 0.947527 0.318324 0 0 0 1 
7680147070051;0.92457;0.542333;0.997793 0.0167511 0.0642496 -0.232912 -0.0328874 0.965299 0.259069 1.04317 -0.0576804 -0.26061 0.96372 3.22661 0 0 0 1 
7680147070052;0.840224;0.644181;0.96413 -0.0240592 -0.264337 -1.58067 0.067353 0.985463 0.155966 2.25969 0.256742 -0.168176 0.951735 7.04532 0 0 0 1 
7680147070053;0.82655;0.413833;0.999996 0.00259265 0.00123391 -0.233765 -0.00258233 0.999962 -0.00829347 0.187809 -0.00125536 0.00829025 0.999965 1.24711 0 0 0 1 
7680147070054;0.270576;0.247073;0.998729 0.0215144 0.0455709 -0.653026 -0.0239882 0.998228 0.0544518 0.0796234 -0.0443187 -0.0554758 0.997476 0.732966 0 0 0 1 
7680147070055;0.73698;0.31264;0.983624 -0.111954 -0.141243 1.10442 0.0409443 0.90199 -0.429812 0.238373 0.175519 0.41699 0.891803 -6.70374 0 0 0 1 
7680147070056;0.896614;0.174156;0.999211 -0.0226673 -0.0325978 0.0904953 0.0220549 0.999576 -0.0190253 0.0255446 0.0330152 0.0182914 0.999287 -2.06078 0 0 0 1 
7680147070057;0.403726;0.199853;0.998474 0.022633 0.0503663 -1.21047 -0.0207657 0.999089 -0.0372931 -0.0682094 -0.0511645 0.0361903 0.998034 -1.27026 0 0 0 1 
7680147070058;0.771956;0.260006;0.993937 0.0203529 0.108055 -0.433991 -0.00247854 0.986617 -0.163037 -0.572078 -0.109927 0.161781 0.980685 -6.18389 0 0 0 1 
7680147070059;0.054331;0.118379;0.999891 0.00140828 0.0147055 -0.124174 -0.00134649 0.99999 -0.00421044 -0.00529647 -0.0147113 0.00419018 0.999883 -0.375447 0 0 0 1 
7680147070060;0.252286;0.12792;0.999582 0.0269718 0.0103721 -0.824975 -0.0287931 0.960066 0.278287 1.96654 -0.00245206 -0.278469 0.960442 5.50022 0 0 0 1 
7680147070062;0.694613;0.97681;0.996183 0.0242561 0.0838524 0.520768 -0.0270163 0.999125 0.0319404 -0.764561 -0.0830043 -0.0340838 0.995966 -1.78689 0 0 0 1 
7680147070063;0.642429;0.659136;0.999887 -0.0144701 -0.00414782 0.916397 0.0144604 0.999893 -0.00237406 -0.144642 0.00418172 0.00231381 0.999989 -0.44355 0 0 0 1 
7680147070064;1.73702;1.81465;0.997945 -0.0479733 -0.04247 0.912949 0.0378669 0.97631 -0.213036 -0.400877 0.0516839 0.21099 0.976121 -3.49376 0 0 0 1 
7680147070065;2.03958;2.12974;0.983441 -0.00634011 -0.18112 -1.10247 0.0329176 0.989013 0.144115 1.71104 0.178216 -0.14769 0.972845 6.11659 0 0 0 1 
7680147070066;1.4044;1.61348;0.996184 -0.00237683 0.0872511 0.738244 0.0143362 0.990509 -0.1367 -0.357651 -0.0860981 0.137429 0.986763 -4.32864 0 0 0 1 
7680147070067;2.44929;0.826242;0.998287 -0.0321819 -0.0488508 1.45646 0.0328209 0.999385 0.0123367 0.0843324 0.0484237 -0.0139189 0.99873 -1.23023 0 0 0 1 
7680147070068;0.72785;0.666935;0.998655 -0.00991299 -0.0508934 0.558712 0.0077204 0.999041 -0.0430992 -0.307763 0.0512718 0.0426484 0.997774 1.36406 0 0 0 1 
7680147070069;0.403431;0.663044;0.997177 -0.0117633 0.0741597 1.14401 0.0420886 0.905473 -0.422311 -0.167872 -0.0621818 0.42424 0.903412 -9.36868 0 0 0 1 
7680147070070;2.46104;2.09034;0.933732 -0.109889 -0.34069 -0.305899 0.031827 0.973433 -0.226751 -0.84137 0.356556 0.200881 0.912422 3.11066 0 0 0 1 
7680147070071;1.40642;1.14956;0.937089 0.0480455 0.345768 -0.127717 -0.0919275 0.989487 0.111647 -1.94427 -0.336769 -0.136409 0.931654 -7.45498 0 0 0 1 
7680147070072;0.468235;0.631885;0.998892 -0.0189655 -0.043064 0.54175 0.0185753 0.999783 -0.00944437 0.211118 0.0432337 0.00863399 0.999028 0.622797 0 0 0 1 
7680147070073;0.953779;0.71399;0.991849 0.00577021 0.127286 0.899177 0.0199714 0.979586 -0.20003 -0.485332 -0.125842 0.200942 0.971487 -5.80676 0 0 0 1 
7680147070074;0.189263;0.588557;0.999567 -0.0294267 -0.000480505 0.991428 0.0288828 0.983965 -0.176007 -0.538575 0.0056521 0.175917 0.984389 -2.98393 0 0 0 1 
7680147070075;2.44638;1.38808;0.968678 -0.119498 -0.217675 3.03555 0.0485646 0.950835 -0.305867 -0.703602 0.243524 0.285715 0.926857 1.16492 0 0 0 1 
7680147070076;2.31741;1.55766;0.996566 0.0223862 -0.079722 0.370327 -0.0255974 0.998892 -0.0394881 -1.10647 0.0787496 0.0413932 0.996035 3.2418 0 0 0 1 
7680147070077;2.21484;0.765255;0.998166 -0.0509891 0.0326249 2.16205 0.0543028 0.992404 -0.110388 0.201314 -0.0267485 0.111958 0.993353 -0.66559 0 0 0 1 
7680147070078;0.226189;0.760349;0.994086 0.0356373 -0.102586 -0.47765 0.000222809 0.943953 0.330079 2.70311 0.108599 -0.328149 0.938363 7.87449 0 0 0 1 
7680147070079;1.94297;1.89525;0.993193 0.0221495 0.114353 0.569154 0.0060867 0.970542 -0.240854 -0.742179 -0.116319 0.239911 0.963801 -7.51994 0 0 0 1 
7680147070080;2.14298;1.05378;0.999685 -0.0248419 0.00357574 0.670713 0.0250575 0.979815 -0.19833 -0.358325 0.00142331 0.198357 0.980129 -0.958263 0 0 0 1 
7680147070081;1.69906;1.30634;0.996658 -0.0218884 0.0787043 2.57612 0.0313289 0.992183 -0.120793 -0.516114 -0.0754451 0.122855 0.989553 -2.54494 0 0 0 1 
7680147070082;2.0972;1.31585;0.963754 -0.0960298 -0.248911 -0.326563 0.0244008 0.960792 -0.276196 -0.414356 0.265675 0.260111 0.92831 3.33224 0 0 0 1 
7680147070083;0.59076;0.768363;0.999188 -0.0155395 0.0371601 1.03268 0.0268406 0.944772 -0.326628 -0.589801 -0.0300322 0.32736 0.944422 -6.89797 0 0 0 1 
7680147070084;0.946739;0.465568;0.999915 0.00294849 -0.0126732 0.984857 -0.00285959 0.999971 0.00702732 -0.571583 0.0126935 -0.00699048 0.999895 1.18864 0 0 0 1 
7680147070085;1.67199;0.961099;0.967565 0.00547543 -0.252564 -1.20024 0.0810831 0.940138 0.331008 4.769 0.239258 -0.34075 0.9092 12.5504 0 0 0 1 
7680147070086;1.58068;0.884281;0.999972 0.00544343 -0.00509004 0.518178 -0.00534068 0.999786 0.0199852 -0.601615 0.00519774 -0.0199575 0.999787 -1.26748 0 0 0 1 
7680147070087;0.945675;1.01324;0.995027 -0.0442669 -0.0892242 0.58645 0.0248507 0.977815 -0.207989 -0.745496 0.0964518 0.204738 0.974053 -1.63074 0 0 0 1 
7680147070088;1.00125;1.21222;0.978665 0.0450804 0.200456 0.790056 -0.0403501 0.998804 -0.0276232 -1.63643 -0.201461 0.0189455 0.979313 -5.70904 0 0 0 1 
7680147070089;1.42162;0.715609;0.997716 0.015888 0.0656476 0.557904 -0.0174119 0.999591 0.0227066 -0.428006 -0.06526 -0.0237978 0.997584 0.139132 0 0 0 1 
7680147070090;0.678915;0.686514;0.999477 -0.0149125 -0.028702 0.668562 0.015855 0.999333 0.0328971 0.273865 0.0281923 -0.033335 0.999047 1.00712 0 0 0 1 
7680147070091;1.30647;1.50126;0.989082 -0.0431109 -0.140919 -0.0466135 0.027755 0.993635 -0.109173 0.149529 0.144729 0.10407 0.983983 1.6637 0 0 0 1 
7680147070093;0.528987;0.463836;0.994979 -0.0177168 -0.0985034 -0.680586 0.0232992 0.998169 0.0558144 1.97995 0.0973342 -0.0578292 0.99357 7.88816 0 0 0 1 
7680147070094;0.750267;0.695612;0.97519 -0.0310344 -0.219184 -2.65047 0.0584897 0.991061 0.119906 5.15912 0.213504 -0.129751 0.968288 17.7531 0 0 0 1 
7680147070095;1.32662;1.26464;0.996087 0.0484659 0.0739096 -1.05746 -0.0264648 0.961427 -0.273783 -3.14465 -0.0843279 0.270756 0.958947 -13.0275 0 0 0 1 
7680147070096;1.72861;0.229096;0.999734 0.00707765 0.0219662 0.0611621 -0.00599887 0.998791 -0.048794 -0.522077 -0.022285 0.0486492 0.998567 0.321887 0 0 0 1 
7680147070097;1.58172;1.58641;0.996922 -0.0123676 -0.0774146 -0.488833 0.0172024 0.997922 0.0621009 1.73445 0.0764856 -0.0632415 0.995063 7.12974 0 0 0 1 
7680147070098;0.811119;0.614187;0.978843 -0.0369526 -0.201247 -2.13502 0.0149915 0.993865 -0.109575 0.405921 0.204061 0.10424 0.973393 12.8119 0 0 0 1 
7680147070099;0.734807;0.540244;0.999969 4.97971e-05 0.00789471 -0.0621447 2.85111e-06 0.999978 -0.00666864 -0.217598 -0.00789487 0.00666846 0.999947 -1.28597 0 0 0 1 
7680147070100;0.613699;0.118899;0.937939 0.0716791 0.339311 -3.82969 -0.0517696 0.996383 -0.0673811 -4.1871 -0.342913 0.0456334 0.938258 -26.6125 0 0 0 1 
7680147070101;0.463274;0.386463;0.998824 -0.00456385 -0.0482648 -0.340099 -0.00135743 0.992536 -0.121945 -0.93955 0.0484611 0.121867 0.991363 0.279516 0 0 0 1 
7680147070102;1.71997;1.20981;0.991477 0.0442114 0.122547 -1.13669 -0.0211077 0.982742 -0.183771 -2.6576 -0.128557 0.179618 0.9753 -15.811 0 0 0 1 
7680147070103;0.768405;0.38835;0.985143 0.0282023 0.169404 -0.303513 -0.0356131 0.99853 0.0408676 -1.97572 -0.168002 -0.0462934 0.984699 -9.72224 0 0 0 1 
7680147070104;1.11988;0.983374;0.999945 0.00249766 0.0102201 -0.121653 -0.00192239 0.998434 -0.0559158 -0.72513 -0.0103437 0.0558931 0.998383 -2.47963 0 0 0 1 
7680147070105;0.792054;0.549528;0.970042 0.0474395 0.238261 -1.73026 -0.0482215 0.998833 -0.00254892 -3.62781 -0.238104 -0.00901673 0.971198 -17.7235 0 0 0 1 
7680147070106;0.562855;0.309046;0.998187 0.000451758 -0.06018 -0.636035 -0.00408434 0.998175 -0.0602527 -0.582852 0.0600429 0.0603892 0.996367 3.70136 0 0 0 1 
7680147070107;0.610731;0.404173;0.999972 -0.00739743 0.00115107 0.11 0.00718289 0.991356 0.131005 1.81064 -0.00211022 -0.130993 0.991381 3.6777 0 0 0 1 
7680147070108;1.42716;1.17318;0.999082 0.00195378 -0.0428049 -0.444593 -0.004029 0.998818 -0.0484483 -0.759084 0.0426596 0.0485762 0.997908 0.698773 0 0 0 1 
7680147070109;0.474796;0.232972;0.901656 0.0306228 0.431368 -4.66584 -0.0932036 0.987808 0.124692 -5.54104 -0.42229 -0.152634 0.893518 -27.6304 0 0 0 1 
7680147070110;0.941477;0.871902;0.999973 0.00493009 0.00540987 -0.166242 -0.00453121 0.997436 -0.0714169 -0.888575 -0.00574809 0.0713905 0.997432 -2.38033 0 0 0 1 
7680147070111;1.47967;1.27059;0.999979 0.000615233 0.00641472 0.0826187 -0.000501913 0.999844 -0.0176522 -0.00798552 -0.00642458 0.0176486 0.999824 0.497222 0 0 0 1 
7680147070112;1.75011;1.26901;0.994265 -0.0196324 -0.105126 -0.918426 0.0546131 0.938374 0.34128 7.15892 0.0919473 -0.345064 0.934065 12.5654 0 0 0 1 
7680147070113;1.0332;1.01654;0.997725 0.0149191 0.065742 -0.0351062 -0.0109059 0.998079 -0.060986 -1.17079 -0.0665255 0.0601303 0.995971 -5.69206 0 0 0 1 
7680147070114;0.426388;0.183022;0.983127 -0.0329789 0.179927 0.920036 -0.0393281 0.922505 0.383976 2.07189 -0.178646 -0.384574 0.905643 -3.82902 0 0 0 1 
7680147070115;1.70185;1.63927;0.994296 -0.0181666 -0.1051 -0.835349 -0.0221152 0.928858 -0.369775 -2.80028 0.10434 0.36999 0.923158 -2.31148 0 0 0 1 
7680147070116;1.08478;0.416239;0.998308 0.039731 0.0424488 -1.05649 -0.0223379 0.936155 -0.350877 -2.52179 -0.0536794 0.349336 0.935459 -13.8735 0 0 0 1 
7680147070117;0.562653;0.538904;0.997285 0.0119448 0.0726652 0.0847711 -0.0192345 0.994755 0.100463 -0.500961 -0.071084 -0.101588 0.992284 -2.58064 0 0 0 1 
7680147070118;0.421204;0.430121;0.991797 -0.0255795 -0.125234 -0.959696 0.0126729 0.994622 -0.102792 0.235176 0.12719 0.100362 0.986788 6.8139 0 0 0 1 
7680147070119;1.56631;0.336754;0.998203 0.00960867 0.059141 -0.220016 -0.00604568 0.998172 -0.0601324 -1.24112 -0.0596107 0.0596668 0.996437 -8.11531 0 0 0 1 
7680147070120;0.829004;0.564011;0.999557 0.0140928 -0.0262179 -0.663531 -0.0181833 0.986461 -0.162988 -2.29083 0.023566 0.163392 0.98628 -1.33903 0 0 0 1 
7680147070121;0.0967963;0.0787738;0.997695 0.000508949 0.0678546 0.317714 -0.0030413 0.999302 0.0372222 -0.0130171 -0.0677884 -0.0373428 0.997001 -3.78837 0 0 0 1 
7680147070122;0.194803;0.204965;0.999506 -0.00950176 -0.0299742 -0.0628073 0.00834612 0.999226 -0.0384466 0.279919 0.0303163 0.0381774 0.998811 1.47401 0 0 0 1 
7680147070124;1.64617;0.206432;0.997049 0.023336 0.0731404 -0.068988 -0.0128141 0.989905 -0.141155 -1.35182 -0.075696 0.139801 0.987282 -6.55956 0 0 0 1 
7680147070125;1.40625;0.533909;0.999932 0.00530349 0.0103829 -0.140996 -0.00535205 0.999975 0.0046547 -0.40956 -0.010358 -0.00470995 0.999935 -2.48406 0 0 0 1 
7680147070126;1.2267;0.865622;0.99828 -0.009729 -0.0578049 -0.571865 0.0109485 0.999723 0.0208177 1.11689 0.0575864 -0.0214148 0.998111 4.10446 0 0 0 1 
7680147070127;1.9725;1.22394;0.986319 -0.0451133 -0.158554 -1.29838 0.0254114 0.991937 -0.124159 1.44788 0.162877 0.118431 0.979513 9.13661 0 0 0 1 
7680147070128;1.62499;0.438904;0.964724 -0.0495204 -0.258563 -2.79864 0.0525709 0.998605 0.00489287 3.33009 0.25796 -0.0183132 0.965982 14.3109 0 0 0 1 
7680147070129;0.486275;0.371638;0.998557 -0.00820311 -0.0530683 -0.336168 0.0057628 0.998926 -0.0459749 0.399816 0.0533884 0.0456028 0.997532 3.9506 0 0 0 1 
7680147070130;1.63305;0.575604;0.99762 0.00908438 0.0683513 0.0246613 -0.0166907 0.993619 0.111549 -0.0819024 -0.0669018 -0.112424 0.991406 -2.92553 0 0 0 1 
7680147070131;2.14793;1.18472;0.937461 0.0933616 0.335336 -3.07793 -0.00782022 0.968766 -0.247854 -1.14903 -0.348002 0.229731 0.90891 -23.8166 0 0 0 1 
7680147070132;1.4581;0.727048;0.994936 -0.024065 -0.0975839 -0.658336 0.0240682 0.99971 -0.00114469 1.49056 0.0975831 -0.00120977 0.995227 4.38867 0 0 0 1 
7680147070133;1.07349;1.11405;0.99907 -0.00921862 -0.0421154 -0.282796 0.00903413 0.999949 -0.00456865 0.679771 0.0421554 0.00418393 0.999102 2.89034 0 0 0 1 
7680147070134;1.69636;0.686151;0.992298 -0.0304358 -0.120075 -1.15109 0.0151563 0.991893 -0.126167 1.00281 0.122941 0.123376 0.984715 10.3786 0 0 0 1 
7680147070135;0.51747;0.1652;0.935507 -0.0567006 -0.348729 -5.20773 0.0591935 0.99824 -0.00351249 3.79919 0.348315 -0.0173566 0.937217 21.4166 0 0 0 1 
7680147070136;0.646267;0.404958;0.911787 -0.0992905 -0.39848 -7.48081 0.0496558 0.989868 -0.133028 3.04463 0.407651 0.101506 0.907479 26.9845 0 0 0 1 
7680147070137;2.04694;1.18579;0.991891 -0.0120844 -0.126516 -1.22124 0.0309067 0.988521 0.14789 2.99976 0.123276 -0.150601 0.980878 9.38013 0 0 0 1 
7680147070138;0.720049;0.453289;0.999114 -0.0141995 -0.0396304 -0.215801 0.0101197 0.994803 -0.101311 0.465634 0.0408631 0.100821 0.994065 2.34627 0 0 0 1 
7680147070139;1.74647;0.331305;0.999774 0.00594095 0.0204163 -0.0135744 -0.00541372 0.999653 -0.0257827 -0.66264 -0.0205624 0.0256663 0.999459 -3.58153 0 0 0 1 
7680147070140;0.663015;0.653868;0.999958 -0.00560699 -0.00722489 -0.123403 0.00501373 0.996809 -0.0796654 0.190988 0.00764852 0.0796259 0.996795 0.329268 0 0 0 1 
7680147070141;0.53013;0.487138;0.999997 -0.00104369 -0.00234389 0.0552948 0.00102092 0.999952 -0.00969573 0.0347043 0.0023539 0.0096933 0.99995 0.226369 0 0 0 1 
7680147070142;1.96977;0.783865;0.978759 -0.0668769 -0.193798 -3.19943 0.0249899 0.977167 -0.210997 1.93131 0.203484 0.201673 0.958083 15.1515 0 0 0 1 
7680147070143;0.856847;0.734004;0.986589 0.0100723 0.162913 -0.544789 -0.03789 0.984963 0.168562 -1.76082 -0.158765 -0.172474 0.972135 -11.0684 0 0 0 1 
7680147070144;1.63732;1.43554;0.997266 0.0155312 0.0722478 0.0108228 -0.0165207 0.999777 0.0131185 -1.18678 -0.072028 -0.0142762 0.9973 -5.84839 0 0 0 1 
7680147070145;0.140484;0.119524;0.999914 -0.00792628 -0.0104365 -0.154362 0.00786346 0.999951 -0.00604591 0.557934 0.0104839 0.00596332 0.999927 0.781373 0 0 0 1 
7680147070146;1.19743;0.742146;0.995839 -0.0243725 -0.0878075 -0.773389 0.0267871 0.999292 0.0264252 1.88658 0.0871012 -0.0286674 0.995787 4.35605 0 0 0 1 
7680147070147;0.293378;0.348987;0.998399 0.00961495 0.0557462 0.0739686 -0.00432658 0.995542 -0.0942205 -0.408103 -0.0564036 0.0938284 0.993989 -3.31427 0 0 0 1 
7680147070148;2.08491;1.00799;0.993396 -0.0188781 -0.113172 -0.864509 0.0382809 0.984385 0.171816 3.58079 0.108161 -0.175014 0.978607 8.45097 0 0 0 1 
7680147070149;2.16398;2.0417;0.985627 -0.0417645 -0.163693 -1.62806 0.0146615 0.986451 -0.163402 0.67186 0.168299 0.158654 0.972885 11.3279 0 0 0 1 
7680147070150;0.570326;0.617807;0.99976 -0.00240868 0.0217671 -0.123397 0.0114102 0.90566 -0.423852 -0.578448 -0.0186927 0.423999 0.90547 0.383435 0 0 0 1 
7680147070151;0.700204;0.526489;0.99343 -0.0254614 -0.111572 -0.955299 0.028161 0.999346 0.0226869 2.12226 0.110922 -0.0256798 0.993497 6.87432 0 0 0 1 
7680147070152;0.196422;0.149168;0.999272 -0.00884325 -0.0371215 -0.243504 0.00837313 0.999883 -0.0128006 0.517829 0.0372304 0.0124805 0.999229 2.58181 0 0 0 1 
7680147070153;0.328459;0.304023;0.998954 -0.0227675 -0.0396603 -0.386955 0.00997683 0.954869 -0.29686 -0.244031 0.0446291 0.296154 0.954097 4.08025 0 0 0 1 
7680147070155;0.140686;0.96455;0.999602 -0.0276874 -0.00533939 1.31206 0.0276009 0.999496 -0.0156518 3.36408 0.00577006 0.0154982 0.999863 0.450444 0 0 0 1 
7680147070156;0.73666;1.00065;0.999557 -0.026375 -0.0137584 1.97746 0.0260763 0.99943 -0.0214574 3.07868 0.0143165 0.0210892 0.999675 1.59405 0 0 0 1 
7680147070157;1.89722;1.5815;0.998947 -0.00591651 -0.0455052 0.323349 0.00851825 0.998327 0.0571949 1.75006 0.0450907 -0.0575223 0.997325 6.74423 0 0 0 1 
7680147070158;1.79956;1.80725;0.998074 -0.0514122 -0.034722 1.33602 0.0445471 0.983441 -0.175669 5.17825 0.0431785 0.173784 0.983837 5.93719 0 0 0 1 
7680147070159;1.65931;1.4985;0.999591 -0.00112671 -0.0285755 0.142333 0.000552805 0.999798 -0.0200838 -0.0479573 0.0285923 0.0200598 0.99939 1.60959 0 0 0 1 
7680147070160;0.0621527;0.738757;0.999784 0.003374 -0.0205184 0.989417 -0.00371552 0.999855 -0.0166292 -0.0575383 0.0204593 0.0167018 0.999651 2.27219 0 0 0 1 
7680147070161;0.430207;1.17349;0.99773 -0.0591863 -0.0321307 1.4477 0.0573029 0.996747 -0.0566719 6.54079 0.0353804 0.0547021 0.997876 4.0579 0 0 0 1 
7680147070162;0.473536;0.805166;0.964775 0.0519148 0.257903 -1.80178 -0.0587578 0.998094 0.0188915 -6.06515 -0.256431 -0.0333799 0.965986 -28.7494 0 0 0 1 
7680147070163;0.736349;0.851206;0.98878 0.0122862 0.14887 -0.320414 -0.0344183 0.988535 0.147019 -3.21753 -0.145357 -0.150493 0.977867 -16.0839 0 0 0 1 
7680147070164;0.540732;1.15111;0.99712 -0.072095 -0.0235573 0.960717 0.0678932 0.986877 -0.146505 7.22792 0.0338104 0.144483 0.988929 4.74961 0 0 0 1 
7680147070165;1.76832;0.826683;0.99991 0.0108271 -0.00796303 0.936757 -0.0110036 0.999687 -0.0224619 -0.685009 0.00771734 0.0225475 0.999716 3.54689 0 0 0 1 
7680147070166;0.877488;0.721136;0.996968 0.0138251 -0.0765684 0.709143 -0.00243976 0.989158 0.146835 0.348778 0.0777683 -0.146203 0.986193 6.39282 0 0 0 1 
7680147070167;0.355143;1.20562;0.99668 -0.0704595 -0.0407966 0.989762 0.0696812 0.997365 -0.0201979 7.90641 0.0421122 0.017288 0.998963 4.92333 0 0 0 1 
7680147070168;0.458362;0.967;0.998713 -0.0215304 0.0459253 1.69019 0.0163722 0.993811 0.109874 2.73556 -0.0480067 -0.108981 0.992884 -6.14037 0 0 0 1 
7680147070169;1.52541;1.08751;0.96543 -0.0695504 -0.251211 -1.693 0.0901864 0.99335 0.0715764 10.4245 0.244562 -0.0917579 0.965282 25.0422 0 0 0 1 
7680147070170;1.71122;1.70429;0.995871 0.0149279 0.0895407 0.129854 -0.010594 0.998758 -0.0486829 -1.14677 -0.0901563 0.0475333 0.994793 -8.96137 0 0 0 1 
7680147070171;1.73488;0.54158;0.995734 -0.0369953 -0.0845255 2.26904 0.0142033 0.966636 -0.25576 1.71401 0.0911674 0.253469 0.963038 9.69062 0 0 0 1 
7680147070172;1.09968;1.1449;0.999932 -0.0115644 0.00140292 2.1804 0.0115864 0.999791 -0.0168281 1.40712 -0.00120802 0.0168432 0.999857 -0.0208519 0 0 0 1 
7680147070173;0.591876;0.733234;0.965137 -0.00172158 -0.261739 -3.93185 0.02009 0.997516 0.067519 2.85762 0.260972 -0.0704235 0.962774 28.4538 0 0 0 1 
7680147070174;1.36958;1.21989;0.997286 -0.00975699 0.0729691 0.537117 0.0203828 0.989026 -0.14633 1.43286 -0.0707406 0.14742 0.986541 -8.6698 0 0 0 1 
7680147070175;0.533565;0.894431;0.999742 0.00358532 -0.0224459 1.34328 -0.00398963 0.99983 -0.0179937 0.37654 0.0223776 0.0180786 0.999586 2.93256 0 0 0 1 
7680147070176;0.79171;0.850184;0.990138 0.0348457 0.135696 0.671117 -0.0215506 0.994929 -0.0982412 -2.40062 -0.138431 0.0943479 0.985868 -14.1002 0 0 0 1 
7680147070177;1.74498;1.82113;0.955157 0.0593924 0.290083 -2.92747 -0.0344484 0.995314 -0.0903549 -3.97568 -0.29409 0.0763101 0.952726 -32.2066 0 0 0 1 
7680147070178;1.38005;1.48221;0.994087 -0.0105339 0.108079 0.611671 0.0226857 0.993468 -0.11183 2.33106 -0.106195 0.113621 0.987832 -12.6873 0 0 0 1 
7680147070179;1.66284;1.44846;0.998297 0.0217107 0.0541483 1.95705 -0.0237006 0.999057 0.0363819 -2.03649 -0.0533074 -0.0376032 0.99787 -4.98292 0 0 0 1 
7680147070180;1.25183;1.00345;0.974642 0.00897401 -0.223588 -2.81672 0.0249284 0.988621 0.148345 2.94993 0.222375 -0.150157 0.963329 21.8278 0 0 0 1 
7680147070181;1.00094;0.939624;0.997063 0.028698 0.0709997 1.18228 -0.0425459 0.978464 0.201987 -4.21637 -0.063674 -0.204414 0.976811 -9.03968 0 0 0 1 
7680147070182;1.8528;1.10139;0.97681 0.0255081 0.212582 -0.353704 -0.0533816 0.990538 0.126431 -5.22936 -0.207345 -0.134847 0.968929 -26.1069 0 0 0 1 
7680147070183;0.963883;0.788413;0.986756 0.0416711 0.156769 1.36027 -0.0699095 0.981329 0.179184 -7.00306 -0.146376 -0.18777 0.971245 -17.8051 0 0 0 1 
7680147070184;0.147928;0.865071;0.999386 0.0102046 -0.0335249 1.19995 -0.00994558 0.999919 0.00788447 -0.53738 0.0336026 -0.00754621 0.999407 3.67684 0 0 0 1 
7680147070186;1.27351;1.96996;0.998769 0.029807 0.0396428 2.02768 -0.0263427 0.996015 -0.0852079 -1.14713 -0.0420246 0.0840587 0.995574 -3.78721 0 0 0 1 
7680147070187;0.700101;1.97548;0.952847 0.0482729 0.299586 -1.97852 -0.101275 0.981248 0.164 -7.91927 -0.286051 -0.186608 0.939868 -30.8312 0 0 0 1 
7680147070188;1.39118;2.34108;0.998796 0.0120902 0.0475368 2.2659 -0.0131063 0.999691 0.0211227 0.86403 -0.0472667 -0.0217203 0.998646 -7.21343 0 0 0 1 
7680147070189;1.30828;2.22109;0.957829 -0.0159268 -0.286897 -2.59707 0.11496 0.93631 0.331825 17.9362 0.26334 -0.350813 0.898656 30.5673 0 0 0 1 
7680147070190;1.12112;2.2599;0.994974 0.00998749 0.0996358 2.03447 -0.0423078 0.943769 0.327887 -0.311631 -0.0907584 -0.330454 0.939448 -8.97389 0 0 0 1 
7680147070191;1.94775;2.00952;0.996765 -0.0291588 -0.0748955 3.45356 0.0427491 0.981462 0.186828 8.78109 0.0680594 -0.189426 0.979533 8.19489 0 0 0 1 
7680147070192;1.68036;2.6063;0.989131 -0.00243653 0.147018 1.9837 0.00777767 0.99933 -0.0357659 3.87822 -0.146832 0.0365207 0.988487 -16.2344 0 0 0 1 
7680147070193;1.11849;2.11623;0.998675 -0.0156568 0.0490216 3.14144 0.02871 0.96008 -0.278248 4.8633 -0.0427081 0.279287 0.959257 -6.13524 0 0 0 1 
7680147070194;0.766853;2.31715;0.999589 -0.0251849 0.0137101 2.02851 0.0250813 0.999656 0.00767593 4.6058 -0.0138987 -0.0073289 0.999877 -2.09662 0 0 0 1 
7680147070195;0.416426;2.05875;0.997632 0.0185135 0.0662364 2.18387 -0.0125066 0.995865 -0.0899805 0.73521 -0.0676283 0.0889391 0.993739 -8.6839 0 0 0 1 
7680147070196;0.748225;2.37482;0.999377 -0.0277801 0.0217864 2.15118 0.0261966 0.997212 0.069877 5.0207 -0.0236668 -0.0692627 0.997318 -1.98054 0 0 0 1 
7680147070197;0.500793;2.05087;0.999259 0.0173997 0.0343211 2.19287 -0.00916065 0.973852 -0.226999 0.580043 -0.0373734 0.226517 0.97329 -6.07127 0 0 0 1 
7680147070198;0.104802;2.12936;0.999679 -0.0250323 0.00381822 2.50574 0.0246022 0.995857 0.0875472 5.47779 -0.0059939 -0.0874252 0.996153 -0.119012 0 0 0 1 
7680147070199;1.797;2.1765;0.981806 0.0698787 0.176561 -0.0792698 -0.0598672 0.996315 -0.0614138 -4.70792 -0.180201 0.0497263 0.982372 -22.9884 0 0 0 1 
7680147070200;0.574851;2.08932;0.999212 0.0306014 -0.0252687 1.72859 -0.0292623 0.998231 0.0517626 -0.632536 0.026808 -0.0509824 0.99834 2.60225 0 0 0 1 
7680147070201;1.66238;2.76827;0.969188 -0.0487781 -0.241444 -2.37944 0.0453098 0.998775 -0.0198995 6.35423 0.242119 0.00834654 0.970211 25.7133 0 0 0 1 
7680147070202;0.856075;2.74073;0.999798 -0.00604276 0.0191814 2.35458 0.00272891 0.985733 0.168297 3.43561 -0.0199248 -0.168211 0.98555 -0.686624 0 0 0 1 
7680147070203;0.151635;2.10948;0.999572 -0.0255124 0.0143008 2.58246 0.0254937 0.999674 0.00148932 5.32346 -0.0143341 -0.0011241 0.999897 -1.70548 0 0 0 1 
7680147070204;1.87474;2.65769;0.99963 -0.0226059 0.0151047 1.44877 0.0228641 0.999592 -0.0171464 3.95643 -0.0147109 0.0174855 0.999739 -0.244565 0 0 0 1 
7680147070205;1.34644;1.84955;0.999882 -0.012005 0.00962522 3.37729 0.0110966 0.995931 0.0894352 5.28826 -0.0106597 -0.0893178 0.995946 -0.92774 0 0 0 1 
7680147070206;0.882492;1.87358;0.903685 -0.125852 -0.409285 -9.36346 0.0717542 0.986825 -0.145011 10.3154 0.422142 0.101676 0.90081 45.2156 0 0 0 1 
7680147070207;1.16879;2.11692;0.996489 0.0359948 0.0755941 1.02742 -0.0410169 0.996978 0.0659688 -2.6641 -0.0729912 -0.0688378 0.994954 -6.43117 0 0 0 1 
7680147070208;1.24601;2.33627;0.9984 0.0303294 0.0477286 1.70203 -0.0356815 0.992654 0.115606 -1.61852 -0.0438717 -0.117124 0.992148 -4.04414 0 0 0 1 
7680147070209;1.20929;2.1578;0.99639 -0.0128698 -0.0839177 2.56564 0.0445698 0.920575 0.388015 9.95644 0.0722588 -0.390354 0.917825 9.52001 0 0 0 1 
7680147070210;1.69015;1.92588;0.999187 -0.0353586 0.0193701 3.47342 0.0351628 0.999328 0.0103611 7.57539 -0.0197235 -0.00967161 0.999759 -0.664947 0 0 0 1 
7680147070211;0.940014;2.45415;0.986866 -0.00186877 -0.161528 -0.313004 0.0317425 0.982681 0.182564 7.26559 0.158389 -0.185294 0.969835 19.7546 0 0 0 1 
7680147070212;1.74535;2.39814;0.99912 -0.0407734 0.00984904 3.15528 0.04086 0.999126 -0.00876091 7.60303 -0.00948323 0.00915563 0.999913 -2.2624 0 0 0 1 
7680147070213;0.400202;2.19231;0.999427 0.000925371 0.0338323 2.42213 -0.00190209 0.999582 0.0288487 2.71983 -0.0337915 -0.0288965 0.999011 -3.87152 0 0 0 1 
7680147070214;0.315659;2.37026;0.995812 -0.0609468 -0.0681435 2.17249 0.0660112 0.995017 0.0747187 10.156 0.0632501 -0.078904 0.994874 7.44945 0 0 0 1 
7680147070215;0.611277;2.44639;0.99806 0.00731659 0.0618284 2.2791 -0.00879633 0.999681 0.0236949 1.62929 -0.0616353 -0.0241928 0.997805 -7.58368 0 0 0 1 
7680147070217;0.89674;0.414179;0.998155 0.012029 0.0595065 0.00683487 -0.0127832 0.999843 0.0123104 -0.414259 -0.059349 -0.0130484 0.998152 -2.08269 0 0 0 1 
7680147070218;1.73564;0.617869;0.999951 0.00380571 0.00909939 -0.439552 -0.00377554 0.999987 -0.00333001 0.196909 -0.00911195 0.00329549 0.999953 1.69197 0 0 0 1 
7680147070219;1.39452;0.888129;0.961411 -0.0599129 -0.268515 -1.68297 0.0327536 0.993984 -0.104511 0.423929 0.273161 0.0916832 0.957589 6.13216 0 0 0 1 
7680147070220;0.267296;0.19003;0.999813 -0.0141272 -0.013233 -0.371838 0.00747451 0.912373 -0.409292 -1.07155 0.0178556 0.409117 0.912307 4.03673 0 0 0 1 
7680147070221;1.27015;1.3128;0.999824 0.00383942 0.0183433 -0.0434896 -0.0078499 0.974585 0.223879 -0.246533 -0.0170175 -0.223984 0.974444 -2.71441 0 0 0 1 
7680147070222;1.97297;0.699533;0.996043 0.00724889 0.0885762 -1.8277 -0.00970253 0.99958 0.0273018 -0.561837 -0.0883411 -0.0280532 0.995695 -1.08917 0 0 0 1 
7680147070223;1.53331;1.04134;0.997833 -0.0072225 -0.0654011 -0.744354 0.00734207 0.999972 0.00158796 -0.294685 0.0653878 -0.00206469 0.997858 -0.138153 0 0 0 1 
7680147070224;2.30376;0.371082;0.911787 -0.0869812 -0.401346 -2.17594 0.0418758 0.99191 -0.119836 0.0849082 0.408523 0.0924581 0.908053 4.08226 0 0 0 1 
7680147070225;1.4585;1.13189;0.998775 -0.0105913 -0.0483315 -0.273581 0.00786135 0.998381 -0.0563285 0.223426 0.0488498 0.0558796 0.997242 2.33474 0 0 0 1 
7680147070226;1.86707;0.667864;0.998399 -0.0112614 -0.055437 -0.423702 0.0104131 0.999825 -0.015566 0.47782 0.0556026 0.0149638 0.998341 2.9702 0 0 0 1 
7680147070227;0.781577;0.4303;0.999826 -0.00302731 -0.0183914 -0.128196 0.00299458 0.999994 -0.0018069 -0.154851 0.0183967 0.00175151 0.999829 -0.648589 0 0 0 1 
7680147070228;0.400914;0.459877;0.998322 0.0094864 0.0571171 -0.0131373 -0.0109131 0.999635 0.0247183 -0.166475 -0.0568617 -0.0253002 0.998061 -1.13645 0 0 0 1 
7680147070229;0.955663;0.843743;0.999744 -0.00509032 -0.0220399 -0.262309 0.0040861 0.998962 -0.0453711 0.0220136 0.022248 0.0452695 0.998727 0.980792 0 0 0 1 
7680147070230;0.317185;0.242831;0.980957 -0.0350768 -0.191029 -0.963759 0.0260875 0.99844 -0.0493714 0.25811 0.192463 0.0434478 0.980342 3.39689 0 0 0 1 
7680147070231;1.12926;0.982244;0.99998 0.000751807 0.0062551 -0.056664 -0.0007873 0.999984 0.00567363 -0.140893 -0.00625073 -0.00567844 0.999964 -0.966866 0 0 0 1 
7680147070232;1.51388;0.887889;0.999967 -0.00127773 0.008043 -0.786802 0.00114493 0.999863 0.0164935 -0.463066 -0.00806297 -0.0164837 0.999832 -1.47377 0 0 0 1 
7680147070233;1.97376;1.27799;0.991097 -0.0107346 -0.132705 -1.40089 0.052972 0.946248 0.319074 0.492221 0.122147 -0.323263 0.938393 -2.4081 0 0 0 1 
7680147070234;1.9935;0.477436;0.999776 -0.00740794 -0.0198059 -0.22493 0.00542403 0.995131 -0.0984077 -0.342047 0.0204385 0.0982783 0.994949 -1.27051 0 0 0 1 
7680147070235;1.53051;1.0116;0.986955 -0.0271245 -0.158692 -0.586688 0.0254956 0.999599 -0.0122915 0.0825003 0.158962 0.00808524 0.987252 1.00072 0 0 0 1 
7680147070236;0.104269;0.109473;0.999923 0.000814968 0.0123948 -0.0805916 -0.000815856 1 6.65798e-05 -0.0311995 -0.0123947 -7.6687e-05 0.999923 -0.160795 0 0 0 1 
7680147070237;2.06657;0.555385;0.997422 -0.00311151 -0.0716924 -1.87214 -0.00948128 0.984587 -0.17464 -0.7009 0.0711308 0.17487 0.982019 4.12731 0 0 0 1 
7680147070238;1.4657;1.34357;0.916526 0.0227958 0.399325 -0.66139 -0.124139 0.965284 0.229818 -2.00585 -0.380223 -0.260206 0.887538 -8.78689 0 0 0 1 
7680147070239;0.672786;0.327545;0.992316 0.0152092 0.12279 0.138985 -0.023213 0.997679 0.0640179 -0.146891 -0.121532 -0.0663763 0.990366 -1.92039 0 0 0 1 
7680147070240;1.69401;0.332381;0.998847 0.0057724 0.0476572 -0.0561806 -0.00933861 0.997144 0.0749504 0.340255 -0.0470884 -0.0753091 0.996048 0.4862 0 0 0 1 
7680147070241;1.89764;0.796047;0.996478 -0.00837824 -0.0834301 -0.406974 0.0258287 0.977284 0.210354 -0.176067 0.0797726 -0.211768 0.974059 -3.10042 0 0 0 1 
7680147070242;1.04234;0.542394;0.997931 -0.0132153 -0.0629235 -0.677219 0.0136306 0.999888 0.00617471 0.271808 0.0628349 -0.00701962 0.997999 1.5568 0 0 0 1 
7680147070243;1.63774;1.0699;0.969606 0.0313912 0.24265 -1.14921 -0.0394547 0.998816 0.0284421 -0.959409 -0.24147 -0.0371513 0.969697 -4.0672 0 0 0 1 
7680147070244;2.23994;1.61296;0.996467 -0.00158213 -0.0839669 -0.429208 0.019354 0.977237 0.211268 0.741373 0.0817212 -0.212146 0.973815 1.18028 0 0 0 1 
7680147070245;0.410551;0.219082;0.999752 -0.00250556 -0.0221093 -0.139629 0.00254512 0.999995 0.00176124 -0.0957196 0.0221048 -0.00181708 0.999754 -0.202817 0 0 0 1 
7680147070246;0.921508;0.32595;0.994596 -0.0183643 -0.102187 -0.38815 0.0131145 0.998571 -0.0518116 -0.0609702 0.102993 0.0501915 0.993415 0.883255 0 0 0 1 
7680147070248;1.50847;1.09114;0.971208 0.0191141 -0.237465 -2.05745 0.0527928 0.954726 0.292765 6.96179 0.23231 -0.296872 0.926228 24.1287 0 0 0 1 
7680147070249;1.33018;0.492173;0.998273 0.0227046 0.054183 2.25512 -0.0231323 0.999706 0.00727915 -0.816891 -0.0540018 -0.00851996 0.998504 -3.29303 0 0 0 1 
7680147070250;0.124558;0.345123;0.999907 -0.000796682 0.0136272 0.78158 0.000775109 0.999998 0.00158826 0.465492 -0.0136284 -0.00157755 0.999906 -1.35647 0 0 0 1 
7680147070251;0.53556;0.672914;0.986867 0.0496686 0.153712 -0.437461 -0.0653474 0.99297 0.0986894 -5.07512 -0.147729 -0.107438 0.983175 -12.0934 0 0 0 1 
7680147070252;1.1295;0.468842;0.990825 0.0584633 0.121853 -0.312376 -0.0505802 0.996483 -0.0668146 -4.08564 -0.125331 0.0600382 0.990297 -9.58776 0 0 0 1 
7680147070253;0.578449;0.392927;0.998281 -0.00619595 -0.0582772 0.0491333 0.00682992 0.99992 0.0106857 1.01949 0.0582063 -0.0110653 0.998243 6.06716 0 0 0 1 
7680147070254;1.15198;0.370241;0.999977 -0.00502718 0.00447703 1.83609 0.00500406 0.999974 0.00516068 1.73378 -0.00450286 -0.00513816 0.999977 -1.90023 0 0 0 1 
7680147070255;0.370863;0.374718;0.999332 0.0184703 0.0315276 0.478043 -0.0314869 0.873086 0.486548 0.00293653 -0.0185397 -0.487215 0.873085 2.40182 0 0 0 1 
7680147070256;1.32328;0.667881;0.967533 0.0779336 0.240429 -2.46498 -0.0324355 0.981694 -0.187684 -3.28834 -0.250654 0.173792 0.952349 -26.1654 0 0 0 1 
7680147070257;0.807316;0.348912;0.970756 -0.0895442 -0.222745 -1.12718 0.0404643 0.97559 -0.215841 3.43004 0.236635 0.200516 0.950683 20.126 0 0 0 1 
7680147070258;0.260139;0.204411;0.95951 0.0905658 0.266717 -3.18879 -0.0564798 0.98953 -0.132818 -5.19293 -0.275953 0.112376 0.954579 -26.0012 0 0 0 1 
7680147070259;0.965988;0.890721;0.989513 0.0194238 0.143129 -0.253358 -0.0310554 0.996352 0.0794865 -2.24549 -0.141063 -0.0830979 0.986507 -11.7992 0 0 0 1 
7680147070260;0.831214;0.439737;0.999553 0.0127045 -0.0270616 0.996254 -0.0081462 0.986702 0.162334 1.08629 0.0287641 -0.162041 0.986365 3.74645 0 0 0 1 
7680147070261;1.06706;0.551645;0.985582 0.0501896 0.161582 -0.902584 -0.0129474 0.974563 -0.223739 -1.80567 -0.168701 0.218422 0.961162 -18.5256 0 0 0 1 
7680147070262;1.52451;1.17146;0.990885 0.0459126 0.126644 0.655429 -0.0468524 0.998892 0.00445013 -4.14702 -0.1263 -0.0103432 0.991938 -13.1947 0 0 0 1 
7680147070263;1.15131;0.580041;0.998653 0.0275187 0.0439943 0.00205502 -0.0262419 0.999225 -0.0293396 -2.77544 -0.0447676 0.0281455 0.998601 -6.24198 0 0 0 1 
