#;prob_registration_l1 -r /home/probabilistic_point_clouds_registration/build/tester /home/point_clouds_registration_benchmark//devel/registration_pairs/gazebo_summer_local.txt /home/point_clouds_registration_benchmark//eth/gazebo_summer -s 0.2 -t 0.2 -p 0.3 -r 1000 -m 5 -i 40 
id;initial_error;final_error;transformation
36535719080000;0.0805842;0.0406258;0.999913 0.0020248 0.013002 -0.0895961 -0.00321692 0.995723 0.0923317 -0.0361585 -0.0127595 -0.0923655 0.995643 0.113617 0 0 0 1 
36535719080001;0.11249;0.0365871;0.991746 0.0167351 0.127118 -0.241165 -0.00715105 0.997122 -0.0754803 0.0419587 -0.128015 0.0739483 0.989011 0.279402 0 0 0 1 
36535719080002;0.259114;0.0379456;0.992448 0.0413362 0.115493 0.165466 -0.0615195 0.982272 0.17708 -0.432408 -0.106126 -0.182848 0.977396 0.191358 0 0 0 1 
36535719080003;0.441289;0.530206;0.985973 -0.127192 0.108068 -0.521937 0.13154 0.990725 -0.0340769 0.083857 -0.102731 0.0478142 0.993559 -0.0463689 0 0 0 1 
36535719080004;0.424931;0.485261;0.961709 -0.158347 0.223703 -0.817969 0.167128 0.985717 -0.0207573 0.138505 -0.217221 0.0573495 0.974436 -0.00548403 0 0 0 1 
36535719080005;0.508351;0.0549435;0.988509 -0.11765 0.094917 0.50001 0.145 0.915453 -0.375393 0.816206 -0.0427272 0.384843 0.921993 -0.28924 0 0 0 1 
36535719080006;0.482532;0.340036;0.991079 -0.0101783 -0.132885 -0.416865 -0.00946272 0.989189 -0.14634 0.124335 0.132938 0.146292 0.980268 -1.34519 0 0 0 1 
36535719080007;0.407429;0.0615278;0.948038 -0.317084 -0.0261237 0.166164 0.301541 0.921677 -0.244097 -0.726071 0.101477 0.223536 0.969399 -1.08325 0 0 0 1 
36535719080008;0.494873;0.446435;0.975417 -0.0523902 0.214049 -1.07708 0.117382 0.945584 -0.303466 0.100765 -0.186503 0.321132 0.928489 -0.48073 0 0 0 1 
36535719080009;0.260051;0.0302889;0.992152 -0.0773395 0.0982544 -0.167843 0.0735263 0.996414 0.0418598 -0.757295 -0.101139 -0.034307 0.994281 -0.222137 0 0 0 1 
36535719080010;0.367096;0.0753545;0.983381 -0.152022 0.0992547 0.473089 0.156338 0.987003 -0.0372048 -0.16018 -0.0923087 0.0521037 0.994366 0.844569 0 0 0 1 
36535719080011;0.379627;0.0939625;0.975099 -0.189473 0.115248 -0.0158621 0.182477 0.980815 0.068588 0.369513 -0.126032 -0.04585 0.990966 -0.126655 0 0 0 1 
36535719080012;0.1676;0.0310725;0.998964 0.0455032 0.000483712 -0.245921 -0.0455054 0.998941 0.00671963 0.243017 -0.000177435 -0.00673468 0.999977 -0.443955 0 0 0 1 
36535719080013;0.445602;0.410356;0.970867 -0.127797 0.202694 -0.129126 0.12412 0.991789 0.0308049 -0.468916 -0.204966 -0.00474912 0.978757 0.492287 0 0 0 1 
36535719080014;0.45281;0.43326;0.998463 0.0490592 0.0257798 -0.972152 -0.0490453 0.998796 -0.00117201 0.0935371 -0.0258062 -9.41721e-05 0.999667 0.0984493 0 0 0 1 
36535719080015;0.366192;0.431141;0.995568 -0.022516 0.091306 -1.09788 0.0177507 0.998454 0.0526713 -0.138993 -0.0923508 -0.0508171 0.994429 0.341279 0 0 0 1 
36535719080016;0.0775968;0.0345736;0.994964 0.0118113 0.099539 -0.213576 -0.0160278 0.999003 0.0416685 0.0396893 -0.0989476 -0.043054 0.994161 0.234365 0 0 0 1 
36535719080017;0.294515;0.0371141;0.962967 0.0766541 0.258492 -0.25674 0.000701386 0.958018 -0.286707 0.224467 -0.269617 0.27627 0.922486 0.273638 0 0 0 1 
36535719080018;0.425335;0.43515;0.999042 -0.0111464 0.0423246 -0.752177 0.0139511 0.997685 -0.0665592 -0.34155 -0.0414847 0.0670859 0.996884 -0.4114 0 0 0 1 
36535719080019;0.389784;0.44304;0.998341 -0.0123719 -0.0562396 -0.675743 0.00860768 0.997737 -0.0666888 -0.174441 0.0569373 0.0660941 0.996188 -0.416118 0 0 0 1 
36535719080020;0.317608;0.0313683;0.976232 0.199888 -0.083764 -0.211177 -0.195488 0.978997 0.0578703 1.0041 0.0935723 -0.04012 0.994804 0.0648791 0 0 0 1 
36535719080021;0.423824;0.0880301;0.922401 -0.292228 0.252546 0.396144 0.358642 0.890741 -0.279205 -0.440935 -0.143361 0.348113 0.926426 0.198305 0 0 0 1 
36535719080022;0.154215;0.0365477;0.999705 0.0242528 0.00150628 -0.435869 -0.0242668 0.999654 0.0101065 -0.00771311 -0.00126064 -0.0101401 0.999948 -0.289343 0 0 0 1 
36535719080023;0.35143;0.0356983;0.968973 0.0204452 -0.246318 -0.082615 0.00465214 0.994888 0.10088 0.26141 0.247121 -0.0988955 0.963925 0.37161 0 0 0 1 
36535719080024;0.34005;0.0355556;0.957632 -0.237684 -0.162627 0.379823 0.166613 0.917825 -0.360328 -0.177461 0.234907 0.317966 0.91854 -1.01685 0 0 0 1 
36535719080025;0.273677;0.0356759;0.989239 0.0923775 -0.113457 -0.180064 -0.0710522 0.981207 0.179398 0.537177 0.127897 -0.169406 0.977212 0.0744572 0 0 0 1 
36535719080026;0.254446;0.0570491;0.999658 -0.0110063 0.0237375 0.360138 0.0109693 0.999938 0.0016878 0.482488 -0.0237546 -0.00142684 0.999717 0.0542835 0 0 0 1 
36535719080027;0.274443;0.188165;0.995915 0.0603039 0.0672137 -0.309504 -0.0612501 0.998049 0.0121042 -0.00735572 -0.0663526 -0.0161716 0.997665 0.0658956 0 0 0 1 
36535719080028;0.110223;0.0365306;0.994556 -0.0150031 0.103115 -0.278967 0.0219777 0.997522 -0.066839 -0.152638 -0.101856 0.0687413 0.992421 0.113848 0 0 0 1 
36535719080029;0.464721;0.511477;0.985594 -0.0645187 0.15634 -0.616441 0.0646486 0.997899 0.00425893 0.199114 -0.156286 0.00590956 0.987694 -0.219286 0 0 0 1 
36535719080031;0.562593;0.319852;0.992169 -0.115183 0.0483129 -0.414883 0.115705 0.99325 -0.00813422 0.419893 -0.0470499 0.0136606 0.998799 -0.136496 0 0 0 1 
36535719080032;0.49885;0.529429;0.996582 0.0660555 0.0496153 -0.599814 -0.0708659 0.992211 0.102442 0.508694 -0.0424621 -0.105608 0.993501 -0.228565 0 0 0 1 
36535719080033;0.471869;0.477963;0.987532 -0.0462314 0.150475 -0.55213 0.0109333 0.973737 0.227415 0.24953 -0.157037 -0.222935 0.962102 1.3561 0 0 0 1 
36535719080034;0.28376;0.398676;0.996598 0.0394637 -0.0723471 -0.356005 -0.038167 0.999087 0.0192193 0.504881 0.0730394 -0.0163926 0.997194 -0.206989 0 0 0 1 
36535719080035;0.587922;0.777823;0.993409 -0.0975599 0.0601758 -1.07887 0.0989308 0.994889 -0.0202324 0.00361176 -0.0578943 0.0260522 0.997983 -0.815987 0 0 0 1 
36535719080036;0.406933;0.109977;0.998129 -0.0592253 -0.0151898 -0.367753 0.05938 0.998186 0.00994623 0.122559 0.0145732 -0.0108296 0.999835 0.442612 0 0 0 1 
36535719080037;0.0919718;0.108703;0.997951 0.0209856 0.0604452 -0.127642 -0.0216825 0.999706 0.0108979 0.0201321 -0.0601987 -0.0121862 0.998112 0.108291 0 0 0 1 
36535719080038;0.581548;0.437904;0.992964 -0.106962 0.0508032 -1.3017 0.102724 0.991506 0.0797715 -0.0984327 -0.0589042 -0.0739915 0.995518 0.580668 0 0 0 1 
36535719080039;0.434512;0.100301;0.996297 0.0751857 0.0417106 -0.578502 -0.0736092 0.996558 -0.0381268 0.630994 -0.0444336 0.0349153 0.998402 -0.562542 0 0 0 1 
36535719080040;0.566995;0.553592;0.967849 -0.0907905 0.234577 -0.388689 0.0497871 0.983282 0.175151 0.197648 -0.246557 -0.15784 0.956188 0.491266 0 0 0 1 
36535719080041;0.142283;0.10589;0.99511 0.0922833 0.0351988 -0.0163757 -0.0927941 0.995598 0.0131602 0.509235 -0.0338294 -0.0163621 0.999294 -0.0891694 0 0 0 1 
36535719080042;0.307724;0.149396;0.992719 -0.102029 -0.0640293 -0.158164 0.0851167 0.970292 -0.226472 -0.300629 0.0852337 0.219373 0.971911 -0.166393 0 0 0 1 
36535719080043;0.210302;0.458508;0.976452 -0.0475959 0.210417 -0.725565 0.0136588 0.987042 0.159882 0.146764 -0.2153 -0.153243 0.964449 0.645807 0 0 0 1 
36535719080044;0.594242;0.677395;0.995513 -0.0826272 0.0461233 -0.771238 0.0776778 0.991913 0.100376 -0.543017 -0.0540441 -0.0963431 0.99388 0.512101 0 0 0 1 
36535719080045;0.55307;0.135893;0.982111 0.186235 0.0278219 -0.853141 -0.180687 0.973643 -0.139185 1.33162 -0.0530098 0.131668 0.989875 0.377887 0 0 0 1 
36535719080046;0.383937;0.342481;0.992568 0.0723408 0.0978512 -0.349837 -0.0695553 0.997078 -0.0315889 0.688971 -0.0998504 0.0245481 0.9947 -0.378596 0 0 0 1 
36535719080047;0.507113;0.149542;0.999586 -0.0276384 0.00805218 0.110481 0.0276051 0.99961 0.00422163 -0.231202 -0.00816572 -0.0039976 0.999959 0.743505 0 0 0 1 
36535719080048;0.299943;0.486551;0.974764 -0.0493472 0.217716 -0.779926 0.11186 0.951962 -0.285055 0.000186112 -0.19319 0.302215 0.933458 0.380303 0 0 0 1 
36535719080049;0.398366;0.747266;0.969918 -0.114515 0.214816 -1.08728 0.0697254 0.976158 0.205558 -0.243109 -0.233234 -0.184396 0.954777 0.784115 0 0 0 1 
36535719080050;0.499825;0.314505;0.967059 0.0475978 -0.250064 -0.478651 -0.0461668 0.998867 0.0115885 0.782232 0.250332 0.000337828 0.96816 -1.55205 0 0 0 1 
36535719080051;0.440086;0.775732;0.990456 -0.103832 0.0906428 -1.06795 0.108241 0.993099 -0.0451525 0.0144026 -0.085329 0.0545328 0.994859 -0.247787 0 0 0 1 
36535719080052;0.307637;0.585378;0.978352 -0.059168 0.198309 -0.982458 0.013759 0.974734 0.222944 0.111739 -0.20649 -0.21539 0.954447 0.671401 0 0 0 1 
36535719080053;0.461332;0.685619;0.962257 -0.0507088 0.267377 -0.702587 0.0333579 0.997056 0.0690436 0.262036 -0.27009 -0.0575185 0.961115 1.10827 0 0 0 1 
36535719080054;0.521749;0.43508;0.942245 -0.014027 0.33463 -0.335886 -0.0276817 0.992443 0.119547 0.984011 -0.333778 -0.121905 0.934736 0.916923 0 0 0 1 
36535719080055;0.319357;0.607239;0.978643 -0.0461946 0.200311 -0.780404 0.0585936 0.996687 -0.0564153 0.246323 -0.197041 0.0669474 0.978107 0.307159 0 0 0 1 
36535719080056;0.611624;0.825372;0.984388 -0.097306 0.146668 -1.32182 0.106258 0.992846 -0.0544699 0.179002 -0.140319 0.0692041 0.987685 -0.602095 0 0 0 1 
36535719080057;0.403587;0.106303;0.991406 0.0932673 -0.09173 -0.0159248 -0.103124 0.988641 -0.109339 -0.100296 0.0804902 0.117859 0.989763 -0.519591 0 0 0 1 
36535719080058;0.354702;0.53865;0.974432 -0.12254 0.188324 -0.60324 0.139318 0.987127 -0.0785517 -0.614043 -0.176274 0.10278 0.978961 -0.0283729 0 0 0 1 
36535719080059;0.377989;0.122934;0.979425 0.185895 0.0785465 -0.20483 -0.170319 0.970194 -0.172379 0.976149 -0.10825 0.155455 0.981894 -0.332273 0 0 0 1 
36535719080060;0.383603;0.449109;0.997771 -0.00444612 0.0665851 -0.463741 -0.00205731 0.995254 0.0972853 0.250942 -0.0667017 -0.0972054 0.993027 -0.219894 0 0 0 1 
36535719080062;0.362158;0.142136;0.986346 0.161546 -0.0320145 -0.171133 -0.163921 0.98176 -0.0963167 0.300483 0.015871 0.100249 0.994836 -1.22828 0 0 0 1 
36535719080063;0.299523;0.219282;0.991869 -0.119891 0.0426759 0.07969 0.116157 0.989901 0.0812596 -0.828761 -0.0519872 -0.0756419 0.995779 -0.736707 0 0 0 1 
36535719080064;0.461382;0.204647;0.991609 -0.0833486 -0.098816 0.49683 0.0446097 0.938064 -0.343577 0.167092 0.121332 0.336286 0.933911 -1.61283 0 0 0 1 
36535719080065;0.4807;0.584678;0.959409 0.163831 0.229553 -0.313819 -0.209357 0.959106 0.190489 -1.39396 -0.188958 -0.230815 0.954473 0.926136 0 0 0 1 
36535719080066;0.231893;0.183543;0.994917 -0.0648229 0.0770643 0.438706 0.0601042 0.996262 0.0620504 -1.08577 -0.0807985 -0.0571031 0.995093 0.260401 0 0 0 1 
36535719080067;0.276753;0.128301;0.979319 0.193992 0.0574575 -0.087151 -0.200234 0.888621 0.412625 -0.257008 0.0289879 -0.415597 0.909087 0.293866 0 0 0 1 
36535719080068;0.41506;0.391126;0.989538 -0.131208 0.0599986 0.426456 0.127447 0.989859 0.0627358 -1.35395 -0.0676216 -0.0544328 0.996225 -0.831671 0 0 0 1 
36535719080069;0.168667;0.132371;0.998554 0.0150822 0.0516034 -0.0465423 -0.0224334 0.989179 0.14499 -0.580892 -0.0488582 -0.145938 0.988086 0.407062 0 0 0 1 
36535719080070;0.366766;0.145928;0.954457 0.267733 -0.131645 0.0437251 -0.204545 0.908442 0.364546 -0.300273 0.217193 -0.321016 0.921833 -0.98147 0 0 0 1 
36535719080071;0.314881;0.224525;0.993052 -0.113516 -0.0309992 -0.206747 0.111399 0.991769 -0.063128 -0.383162 0.0379101 0.0592362 0.997524 -0.0897252 0 0 0 1 
36535719080072;0.205179;0.180336;0.997164 -0.0725572 0.0199841 0.200626 0.0712632 0.995697 0.0592375 -0.34997 -0.0241962 -0.0576454 0.998044 0.304722 0 0 0 1 
36535719080073;0.364246;0.254138;0.940127 -0.200598 0.275538 -0.0323301 0.0886146 0.92451 0.370713 -1.37077 -0.329102 -0.324101 0.886933 1.01231 0 0 0 1 
36535719080074;0.343501;0.687345;0.986439 0.131876 0.0977067 0.211985 -0.151183 0.961814 0.228163 -2.024 -0.0638865 -0.23984 0.968708 0.173112 0 0 0 1 
36535719080075;0.45993;0.816968;0.98275 0.0963893 -0.157833 0.0806026 -0.124532 0.975854 -0.179445 -1.42227 0.136725 0.196005 0.971024 -1.0542 0 0 0 1 
36535719080076;0.347563;0.161495;0.959889 0.279591 0.0210212 0.282574 -0.277419 0.936211 0.21575 -0.509811 0.0406417 -0.212928 0.976222 0.0539478 0 0 0 1 
36535719080077;0.245685;0.155252;0.955222 0.255582 -0.149092 0.132368 -0.22229 0.952424 0.208507 0.0583016 0.195289 -0.166029 0.96659 -0.359392 0 0 0 1 
36535719080078;0.322722;0.158744;0.995262 0.0968931 -0.00812683 -0.470345 -0.0954412 0.989473 0.108787 0.100818 0.018582 -0.107496 0.994032 -0.812144 0 0 0 1 
36535719080079;0.340882;0.156383;0.945836 0.30131 0.120859 -0.209252 -0.31969 0.929244 0.18521 0.102073 -0.0565019 -0.213816 0.975239 -0.364508 0 0 0 1 
36535719080080;0.326117;0.146293;0.97532 0.151839 0.160301 0.18141 -0.185519 0.957219 0.222068 0.474193 -0.119724 -0.246326 0.961764 0.996357 0 0 0 1 
36535719080081;0.410409;0.453861;0.987083 -0.151537 0.0519925 -0.188484 0.14722 0.985967 0.0787114 -1.49995 -0.0631906 -0.0700404 0.995541 -0.742831 0 0 0 1 
36535719080082;0.216435;0.136147;0.994951 0.0933863 -0.0367757 0.367513 -0.0913368 0.994358 0.0539451 0.160551 0.0416059 -0.0503137 0.997866 0.257615 0 0 0 1 
36535719080083;0.161862;0.1275;0.982353 0.186432 0.0150055 -0.0186908 -0.187027 0.979846 0.0701564 0.156392 -0.00162371 -0.0717249 0.997423 -0.299618 0 0 0 1 
36535719080084;0.439577;0.873216;0.9918 -0.127492 0.00880828 0.00339325 0.126586 0.989537 0.0692266 -3.11706 -0.017542 -0.067544 0.997562 -0.018678 0 0 0 1 
36535719080085;0.124875;0.136602;0.986264 0.149377 0.0705039 -0.0359592 -0.15622 0.982194 0.104352 -0.047857 -0.0536607 -0.113933 0.992038 0.114957 0 0 0 1 
36535719080086;0.392366;0.173317;0.946725 0.193994 -0.257056 1.04327 -0.173917 0.979782 0.0988909 0.0412463 0.271043 -0.0489162 0.961323 -1.25291 0 0 0 1 
36535719080087;0.41425;0.479636;0.996363 -0.0816475 -0.0243663 0.160439 0.0843873 0.906038 0.414697 -1.6447 -0.0117821 -0.415245 0.909633 -0.470383 0 0 0 1 
36535719080088;0.317089;0.141373;0.975382 0.186269 0.118039 -0.165506 -0.194415 0.978981 0.0616322 -0.0430708 -0.104078 -0.0830635 0.991094 -0.634386 0 0 0 1 
36535719080089;0.0976208;0.131227;0.999144 -0.00104279 -0.0413514 0.148435 0.00190369 0.999782 0.0207852 -0.244358 0.0413207 -0.0208461 0.998928 -0.0423798 0 0 0 1 
36535719080090;0.312576;0.121927;0.993997 0.0474303 -0.0985924 0.55561 -0.0503075 0.998371 -0.0269033 -0.827354 0.0971558 0.0317018 0.994764 -0.130233 0 0 0 1 
36535719080091;0.378116;0.200973;0.968339 -0.129212 0.213597 0.860919 0.168391 0.969741 -0.176768 -1.03702 -0.184293 0.207139 0.960796 0.143043 0 0 0 1 
36535719080093;0.290482;0.0193256;0.99027 0.0279313 -0.136328 0.470919 -0.0447959 0.991488 -0.122253 0.459523 0.131753 0.12717 0.983091 -0.321472 0 0 0 1 
36535719080094;0.395592;0.457419;0.999192 0.0292068 -0.0276219 0.345523 -0.0293476 0.999558 -0.00470727 0.125292 0.0274722 0.0055141 0.999607 -0.17866 0 0 0 1 
36535719080095;0.347587;0.0190226;0.905402 0.243606 -0.347713 0.371172 -0.215145 0.969318 0.118889 0.604869 0.366007 -0.0328334 0.930033 -1.14211 0 0 0 1 
36535719080096;0.508705;0.222294;0.96478 -0.00142784 0.263054 0.392068 -0.0362345 0.989732 0.138266 0.191903 -0.26055 -0.142928 0.954822 1.92754 0 0 0 1 
36535719080097;0.390373;0.257348;0.967572 -0.0836599 0.23834 0.0997946 0.134089 0.969754 -0.203956 -0.227532 -0.214068 0.229301 0.949524 0.839734 0 0 0 1 
36535719080098;0.177167;0.0211201;0.958955 0.014806 0.283171 0.0449656 -0.00883635 0.999711 -0.022347 0.0682739 -0.28342 0.0189276 0.958809 0.948786 0 0 0 1 
36535719080099;0.46993;0.268393;0.99931 0.0181351 0.0324042 0.447306 -0.0277307 0.94482 0.326414 -0.0119694 -0.0246966 -0.327088 0.944671 -0.118143 0 0 0 1 
36535719080100;0.314307;0.0187758;0.999895 -0.014338 -0.00201586 -0.264164 0.0144788 0.990921 0.133667 -0.438714 8.10396e-05 -0.133682 0.991024 -0.383434 0 0 0 1 
36535719080101;0.365934;0.369617;0.99517 0.0713004 -0.0674787 0.240603 -0.0643859 0.99294 0.0996191 0.0028683 0.0741053 -0.0947933 0.992735 -0.276907 0 0 0 1 
36535719080102;0.240105;0.013485;0.987677 -0.141323 0.0672514 -0.0923437 0.144226 0.988718 -0.0404375 -0.531164 -0.060778 0.0496385 0.996916 -0.130851 0 0 0 1 
36535719080103;0.352767;0.0139271;0.993762 0.072009 0.0851556 0.0446243 -0.0737807 0.997115 0.0178405 -0.132011 -0.0836253 -0.0240121 0.996208 0.845941 0 0 0 1 
36535719080104;0.495293;0.249796;0.893147 0.037321 -0.448213 0.161894 -0.0178775 0.99871 0.0475345 -0.0338102 0.449408 -0.0344424 0.892662 -1.48186 0 0 0 1 
36535719080105;0.433787;0.0153412;0.998464 0.013174 0.0538082 0.0853102 -0.0122895 0.999784 -0.0167365 0.0565219 -0.0540171 0.0160496 0.998411 1.05752 0 0 0 1 
36535719080106;0.129754;0.0185567;0.995577 -0.0085002 0.0935597 0.103679 0.000905492 0.99672 0.0809198 0.0143144 -0.0939406 -0.0804772 0.99232 0.281453 0 0 0 1 
36535719080107;0.262145;0.0156719;0.962019 0.2671 -0.0563632 0.0798616 -0.270408 0.960702 -0.0627021 1.23704 0.0374005 0.0755617 0.996439 -0.252527 0 0 0 1 
36535719080108;0.397924;0.258944;0.985058 0.171838 0.0115383 -0.200475 -0.170591 0.964312 0.202488 0.466144 0.0236685 -0.20143 0.979217 -0.0784826 0 0 0 1 
36535719080109;0.398301;0.249009;0.934682 0.221593 0.277966 0.25939 -0.227842 0.973646 -0.0100508 0.692462 -0.272868 -0.053938 0.960538 1.12324 0 0 0 1 
36535719080110;0.208018;0.0147665;0.98916 0.14658 0.00870564 0.0534904 -0.146734 0.988954 0.0209576 0.349831 -0.00553751 -0.0220078 0.999742 -0.165965 0 0 0 1 
36535719080111;0.465339;0.256148;0.971297 -0.0660522 0.228516 0.0860838 0.0909505 0.990803 -0.100191 -0.0673684 -0.219796 0.118099 0.968371 1.19905 0 0 0 1 
36535719080112;0.541337;0.0163797;0.901189 0.344766 -0.262668 1.26197 -0.331408 0.938688 0.0950469 1.37815 0.279332 0.00139488 0.960194 -1.07186 0 0 0 1 
36535719080113;0.28814;0.010385;0.99985 0.0145517 0.00934283 0.019498 -0.0145647 0.999893 0.00132847 0.615501 -0.0093225 -0.00146435 0.999955 0.172079 0 0 0 1 
36535719080114;0.343577;0.222402;0.999358 -0.0349768 0.00774143 0.175329 0.0351047 0.999238 -0.017056 -0.134256 -0.00713897 0.0173168 0.999825 0.43925 0 0 0 1 
36535719080115;0.500998;0.660405;0.997792 -0.0615866 -0.0248724 0.227675 0.0612917 0.998042 -0.0124524 -0.651204 0.0255906 0.0109004 0.999613 -0.160339 0 0 0 1 
36535719080116;0.41433;0.0827607;0.960845 -0.18516 0.20614 0.462642 0.12555 0.954125 0.271813 -0.560407 -0.247012 -0.235289 0.940013 1.51236 0 0 0 1 
36535719080117;0.508343;0.0167809;0.996276 -0.0413109 0.0756853 0.045322 0.0284544 0.986103 0.163683 -0.0209668 -0.0813954 -0.16092 0.983605 1.33248 0 0 0 1 
36535719080118;0.0642213;0.0140192;0.997778 0.066405 -0.00550371 -0.0465533 -0.0665128 0.997532 -0.0225032 0.31722 0.0039958 0.0228192 0.999732 -0.0287921 0 0 0 1 
36535719080119;0.384568;0.254611;0.953712 0.274837 0.122056 0.21341 -0.288563 0.950626 0.114202 0.730212 -0.0846428 -0.144136 0.985931 0.248577 0 0 0 1 
36535719080120;0.113108;0.020938;0.998816 -0.0384263 0.0298313 0.0505533 0.0374807 0.998796 0.0316367 -0.251495 -0.0310111 -0.0304811 0.999054 0.287261 0 0 0 1 
36535719080121;0.423482;0.0134408;0.974586 0.217361 -0.0541926 0.362245 -0.181496 0.907953 0.377731 0.219253 0.131308 -0.358295 0.924328 -0.289379 0 0 0 1 
36535719080122;0.427092;0.0199623;0.968864 -0.235853 0.0753419 0.165057 0.22861 0.969009 0.0935906 -1.54166 -0.0950805 -0.0734526 0.992756 0.760681 0 0 0 1 
36535719080124;0.190705;0.0106959;0.983892 0.170906 0.0524241 -0.0501991 -0.173592 0.983452 0.0518399 0.423959 -0.0426968 -0.0601053 0.997278 0.282712 0 0 0 1 
36535719080125;0.422416;0.24391;0.901821 0.369295 -0.224366 0.609115 -0.339288 0.926704 0.161568 0.98742 0.267587 -0.0695808 0.961018 -0.941469 0 0 0 1 
36535719080126;0.446714;0.0109632;0.991987 0.12155 -0.0344588 0.202269 -0.123968 0.989061 -0.0799403 -0.220021 0.0243651 0.0835716 0.996204 -0.31014 0 0 0 1 
36535719080127;0.355012;0.486026;0.999596 -0.00456591 0.0280557 0.580942 0.00722235 0.99542 -0.095326 0.161859 -0.027492 0.0954901 0.995051 -0.0790909 0 0 0 1 
36535719080128;0.249905;0.0105273;0.999997 0.00182603 -0.00146492 -0.00840016 -0.00182327 0.999997 0.00188463 0.451353 0.00146836 -0.00188195 0.999997 -0.0139001 0 0 0 1 
36535719080129;0.526113;0.567688;0.998311 0.044012 -0.0379339 0.598927 -0.0454335 0.998265 -0.0374639 0.087644 0.0362192 0.039124 0.998578 0.110981 0 0 0 1 
36535719080130;0.433817;0.0199152;0.936806 0.0909745 0.337813 -0.183037 -0.0396057 0.986969 -0.155963 -0.286409 -0.347599 0.132727 0.928202 1.11234 0 0 0 1 
36535719080131;0.251532;0.309772;0.998823 -0.0478442 -0.00792723 0.481322 0.0477681 0.998813 -0.00952513 -0.0501293 0.00837354 0.00913525 0.999923 0.0732719 0 0 0 1 
36535719080132;0.431426;0.00792696;0.983352 0.0403903 -0.177167 -0.160647 -0.0307024 0.997897 0.0570878 -0.47868 0.1791 -0.0506979 0.982524 -0.935006 0 0 0 1 
36535719080133;0.541591;0.0137458;0.938823 0.225056 0.260695 0.0713725 -0.270952 0.949916 0.155707 0.601429 -0.212595 -0.216817 0.952782 1.5794 0 0 0 1 
36535719080134;0.252306;0.0579589;0.997576 -0.0645848 0.0259179 -0.157265 0.0657609 0.996708 -0.0474288 -0.340229 -0.0227694 0.0490182 0.998538 -0.194766 0 0 0 1 
36535719080135;0.472023;0.405687;0.974034 -0.0941893 0.20588 0.542885 0.0509443 0.977214 0.206051 -0.508449 -0.220596 -0.190212 0.956638 0.678147 0 0 0 1 
36535719080136;0.302061;0.0158945;0.974786 0.199228 -0.100497 -0.0193614 -0.210501 0.970453 -0.11794 1.02989 0.074031 0.136121 0.987922 -0.480376 0 0 0 1 
36535719080137;0.328535;0.0774122;0.970024 0.221419 0.100135 -0.26189 -0.205258 0.967123 -0.150141 0.691131 -0.130087 0.125087 0.983581 0.118589 0 0 0 1 
36535719080138;0.576365;0.0117256;0.996589 0.0642889 0.0517473 0.545854 -0.0395117 0.922181 -0.384736 0.351568 -0.0724546 0.381379 0.921575 -0.435684 0 0 0 1 
36535719080139;0.521512;0.136968;0.976805 -0.212208 0.0286234 0.339178 0.20778 0.971643 0.112856 -1.34658 -0.0517607 -0.104291 0.993199 0.26368 0 0 0 1 
36535719080140;0.470285;0.375024;0.920613 0.360827 0.149251 0.396088 -0.357519 0.932599 -0.0493778 1.19691 -0.157008 -0.00790219 0.987566 0.193059 0 0 0 1 
36535719080141;0.30287;0.00912137;0.970897 0.133056 0.199136 -0.457866 -0.149166 0.986461 0.0681441 0.197574 -0.187373 -0.0958652 0.9776 0.668103 0 0 0 1 
36535719080142;0.480003;0.00654771;0.971697 0.202353 0.121897 -0.232422 -0.235082 0.879146 0.414534 0.414127 -0.0232835 -0.431457 0.901833 0.10994 0 0 0 1 
36535719080143;0.628053;0.68793;0.995533 0.0480532 -0.0812665 0.25134 -0.0581993 0.990131 -0.127487 0.311829 0.0743383 0.131647 0.988505 -0.396875 0 0 0 1 
36535719080144;0.602003;0.0648597;0.949547 0.22034 -0.223186 0.384876 -0.2654 0.943696 -0.197485 1.19212 0.167106 0.246755 0.954562 -1.48133 0 0 0 1 
36535719080145;0.170435;0.0083509;0.993615 0.112398 0.00978607 -0.104025 -0.112468 0.993632 0.00687519 0.420446 -0.00895098 -0.00793192 0.999928 0.240934 0 0 0 1 
36535719080146;0.207536;0.00833555;0.980546 0.192032 0.0406686 -0.0838442 -0.187254 0.977246 -0.0996259 0.719154 -0.0588747 0.0900723 0.994194 0.0890228 0 0 0 1 
36535719080147;0.436345;0.0186455;0.984378 0.17211 -0.0371134 0.346574 -0.169156 0.982969 0.0718198 1.04738 0.0488422 -0.0644199 0.996727 -0.392273 0 0 0 1 
36535719080148;0.640142;0.192286;0.990686 -0.114609 -0.0735292 1.24257 0.0994646 0.977869 -0.184062 0.37596 0.092997 0.175034 0.98016 -0.653656 0 0 0 1 
36535719080149;0.408897;0.0185703;0.997586 -0.0552262 -0.0420958 0.155651 0.0532193 0.997458 -0.0473912 -0.479733 0.044606 0.0450365 0.997989 0.457736 0 0 0 1 
36535719080150;0.385378;0.00374092;0.995357 -0.00934352 0.0958015 -0.0876871 -0.00802506 0.983757 0.179324 0.420779 -0.095921 -0.179261 0.979114 0.0402222 0 0 0 1 
36535719080151;0.147734;0.0071858;0.991168 0.0248907 0.130258 -0.158627 -0.0134911 0.996058 -0.0876761 0.122735 -0.131927 0.0851444 0.987596 0.263507 0 0 0 1 
36535719080152;0.417728;0.137668;0.922338 0.342993 -0.177899 0.242503 -0.320335 0.93625 0.144297 0.796042 0.216051 -0.0761035 0.973412 -0.421246 0 0 0 1 
36535719080153;0.136308;0.00684874;0.988498 -0.129981 0.0773048 0.052967 0.126971 0.990988 0.042681 -0.364984 -0.0821558 -0.0323746 0.996094 0.276348 0 0 0 1 
36535719080155;0.377066;0.290802;0.992746 0.0094249 -0.119863 0.523106 0.0159762 0.977742 0.209201 0.0293836 0.119167 -0.209598 0.970499 0.0860903 0 0 0 1 
36535719080156;0.280014;0.199725;0.992732 -0.045478 -0.111423 0.516191 0.0613146 0.987806 0.143108 -0.00126511 0.103556 -0.1489 0.983415 -0.321274 0 0 0 1 
36535719080157;0.357849;0.211016;0.997576 -0.0618469 -0.0318787 0.854861 0.0684161 0.955319 0.28755 0.264184 0.0126703 -0.289034 0.957235 0.53625 0 0 0 1 
36535719080158;0.214487;0.062923;0.999556 -0.0286575 -0.00809961 0.432487 0.0289187 0.998996 0.0342115 0.265692 0.00711106 -0.0344306 0.999382 0.327649 0 0 0 1 
36535719080159;0.313033;0.0647227;0.992173 -0.0398172 -0.118354 0.349244 0.0109747 0.971938 -0.234981 -0.571553 0.124389 0.231843 0.964767 -0.935558 0 0 0 1 
36535719080160;0.477856;0.0721312;0.925384 0.237647 -0.295276 -0.611763 -0.255145 0.966661 -0.0216172 0.894487 0.280295 0.0953425 0.955167 -0.6927 0 0 0 1 
36535719080161;0.262671;0.0655593;0.988077 0.145936 0.0490586 -0.132767 -0.149529 0.985517 0.0799884 -0.0155221 -0.0366749 -0.0863704 0.995588 0.591715 0 0 0 1 
36535719080162;0.249715;0.0732382;0.986139 0.165657 0.00940958 -0.263507 -0.162225 0.950698 0.264302 0.0607298 0.0348377 -0.262165 0.964394 0.0778381 0 0 0 1 
36535719080163;0.453936;0.179487;0.934246 0.172892 -0.311919 0.725703 -0.199687 0.978266 -0.0558551 0.368212 0.295483 0.114469 0.948466 -1.10243 0 0 0 1 
36535719080164;0.466141;0.287213;0.992637 -0.0680152 0.100227 0.696774 0.0533393 0.988364 0.142448 0.155798 -0.10875 -0.136053 0.984715 0.937858 0 0 0 1 
36535719080165;0.321246;0.0868814;0.952471 -0.0546691 0.299682 0.0388342 -0.0479991 0.944543 0.324861 -0.197145 -0.300823 -0.323805 0.897026 0.932331 0 0 0 1 
36535719080166;0.389384;0.214762;0.915456 -0.143292 0.376041 0.841316 0.194554 0.975586 -0.101882 -0.210091 -0.352262 0.166429 0.920985 0.727973 0 0 0 1 
36535719080167;0.40197;0.296769;0.998068 -0.00646578 -0.0617963 0.576105 0.0277773 0.936081 0.350687 0.0864564 0.0555789 -0.351725 0.934452 0.229635 0 0 0 1 
36535719080168;0.210711;0.187922;0.996374 0.00500545 0.0849294 -0.128468 -2.50236e-05 0.998285 -0.0585419 -0.136814 -0.0850768 0.0583275 0.994666 0.219767 0 0 0 1 
36535719080169;0.371812;0.0543059;0.964994 0.0685121 -0.253165 0.731336 -0.00567758 0.970509 0.241 -0.516144 0.262211 -0.231126 0.936924 -1.0497 0 0 0 1 
36535719080170;0.32738;0.0830327;0.992468 0.0895152 0.083637 -0.218372 -0.0833817 0.993754 -0.0741602 0.275119 -0.0897531 0.0666278 0.993733 -0.689481 0 0 0 1 
36535719080171;0.334438;0.309833;0.996153 -0.0873478 -0.00704081 0.522305 0.0864889 0.99292 -0.0814168 -0.35413 0.0141025 0.0804947 0.996655 0.069019 0 0 0 1 
36535719080172;0.359248;0.172437;0.986341 0.152175 -0.0630471 0.157542 -0.140367 0.976803 0.161717 0.556545 0.086194 -0.150659 0.984821 0.221218 0 0 0 1 
36535719080173;0.299017;0.0580483;0.996106 -0.0683602 -0.055667 0.203747 0.0601766 0.988695 -0.137336 -0.516964 0.064426 0.133451 0.988959 -1.06536 0 0 0 1 
36535719080174;0.332371;0.0615199;0.994672 -0.086592 -0.055943 0.982019 0.0838665 0.995254 -0.0493614 0.372095 0.0599518 0.0444067 0.997213 -0.455936 0 0 0 1 
36535719080175;0.258801;0.0880636;0.983196 -0.101148 -0.151966 0.385591 0.0889796 0.992412 -0.0848632 0.0110065 0.159397 0.0699153 0.984736 -1.04802 0 0 0 1 
36535719080176;0.244373;0.071637;0.970238 0.0827663 0.227571 -0.211399 -0.0996514 0.99298 0.0637176 0.0997266 -0.2207 -0.084499 0.971675 0.593844 0 0 0 1 
36535719080177;0.307368;0.266387;0.999401 -0.0343961 0.00373751 0.37686 0.0328854 0.977928 0.206339 0.0944427 -0.0107523 -0.206093 0.978473 0.611164 0 0 0 1 
36535719080178;0.333626;0.0636345;0.929762 0.0615282 -0.362985 0.728383 -0.0249323 0.994195 0.10466 -0.0434746 0.367317 -0.0882587 0.925899 -0.560225 0 0 0 1 
36535719080179;0.112272;0.0779701;0.997216 -0.021266 -0.0714705 0.234548 0.0229373 0.99948 0.0226456 0.103885 0.0709518 -0.0242219 0.997186 -0.336189 0 0 0 1 
36535719080180;0.447488;0.372257;0.997507 0.0698453 -0.010072 0.648279 -0.0688132 0.994376 0.0805029 -0.33112 0.0156381 -0.0796091 0.996703 -0.214281 0 0 0 1 
36535719080181;0.181751;0.0752163;0.989167 -0.0266618 0.14435 0.111901 0.0558226 0.977809 -0.201924 -0.00955199 -0.135763 0.207795 0.968705 0.189316 0 0 0 1 
36535719080182;0.227052;0.0647961;0.978294 -0.0547415 0.199858 0.197044 0.0961497 0.974282 -0.20379 -0.01372 -0.183562 0.218582 0.958398 0.0711638 0 0 0 1 
36535719080183;0.271702;0.0583847;0.987723 -0.0758909 -0.136541 0.965122 0.0911303 0.989849 0.109058 -0.220206 0.126879 -0.120162 0.984613 -0.362587 0 0 0 1 
36535719080184;0.317465;0.062949;0.963393 0.193588 -0.185466 0.374482 -0.102425 0.905094 0.41269 -0.213408 0.247756 -0.378587 0.89179 -0.378633 0 0 0 1 
36535719080186;0.390645;0.12849;0.913504 -0.0704518 0.400683 0.0448461 0.18406 0.949899 -0.252613 -0.468862 -0.362811 0.304513 0.880704 1.56405 0 0 0 1 
36535719080187;0.111223;0.103275;0.999689 0.0174965 0.0177777 0.0505777 -0.0175525 0.999841 0.00299909 -0.0503385 -0.0177224 -0.0033102 0.999837 0.00533872 0 0 0 1 
36535719080188;0.65823;0.242027;0.882221 0.465292 0.0720307 -0.110476 -0.468152 0.883177 0.0288513 1.85979 -0.0501915 -0.0591746 0.996985 1.06485 0 0 0 1 
36535719080189;0.357007;0.0923107;0.999911 0.00976675 0.00911151 -0.615777 -0.00989186 0.999856 0.0137879 0.395266 -0.00897553 -0.0138768 0.999863 -0.467132 0 0 0 1 
36535719080190;0.473164;0.934501;0.937463 -0.347561 0.019095 -1.47052 0.347646 0.937625 -0.00117729 -2.25962 -0.0174948 0.00774197 0.999817 0.126368 0 0 0 1 
36535719080191;0.28216;0.105447;0.979878 0.198313 -0.0226162 -0.198917 -0.194381 0.973858 0.117544 0.783879 0.0453354 -0.110782 0.99281 -0.690102 0 0 0 1 
36535719080192;0.431029;0.0982486;0.985348 -0.163225 0.0494747 -0.815072 0.166627 0.983167 -0.0749492 -0.395688 -0.0364083 0.0820948 0.995959 0.471212 0 0 0 1 
36535719080193;0.312078;0.0871902;0.990936 -0.134324 -0.00168063 0.0186492 0.131631 0.968425 0.211722 -1.01797 -0.0268116 -0.210024 0.977329 -0.358817 0 0 0 1 
36535719080194;0.164987;0.0970437;0.983968 0.178321 -0.00277379 -0.0539672 -0.17828 0.983914 0.0113701 0.704114 0.00475671 -0.0106933 0.999932 -0.0432105 0 0 0 1 
36535719080195;0.354366;0.0962826;0.981843 -0.0317928 0.187013 0.114093 0.0311833 0.999494 0.006201 -0.493804 -0.187116 -0.000256728 0.982338 0.226952 0 0 0 1 
36535719080196;0.523582;0.109508;0.985248 0.161371 0.0569723 -0.514776 -0.169987 0.884372 0.434731 0.896064 0.0197684 -0.438003 0.898756 -0.692984 0 0 0 1 
36535719080197;0.379637;0.0890118;0.978061 -0.178306 -0.107725 0.223973 0.184806 0.98131 0.0536387 -1.00165 0.0961476 -0.0723702 0.992733 -1.18363 0 0 0 1 
36535719080198;0.253973;0.0972426;0.984188 -0.145087 0.101603 -0.136606 0.153805 0.984527 -0.083971 -0.74211 -0.0878475 0.0982704 0.991275 0.776062 0 0 0 1 
36535719080199;0.451651;0.107167;0.989485 0.143036 0.0214609 -0.673635 -0.143042 0.989716 -0.00128283 0.978731 -0.0214237 -0.00180046 0.999769 0.668772 0 0 0 1 
36535719080200;0.601292;1.02502;0.952569 -0.249727 0.173923 -1.39449 0.258648 0.965497 -0.0302951 -1.61763 -0.160356 0.0738429 0.984293 1.23995 0 0 0 1 
36535719080201;0.316883;0.126713;0.884508 0.0852026 0.458678 0.019727 0.000151875 0.983129 -0.182916 -0.020121 -0.466525 0.16186 0.869572 2.31109 0 0 0 1 
36535719080202;0.389074;0.107406;0.971423 0.228226 0.0651909 -0.222174 -0.229683 0.973139 0.0156966 1.39055 -0.0598574 -0.0302213 0.997749 -0.326225 0 0 0 1 
36535719080203;0.247825;0.124272;0.971037 -0.238236 0.0181988 -0.159617 0.236959 0.969991 0.0544741 -1.22101 -0.0306304 -0.048584 0.998349 0.288056 0 0 0 1 
36535719080204;0.323434;0.0920239;0.998257 -0.0512961 0.0291692 -0.221314 0.0506689 0.998476 0.0218501 -1.00223 -0.0302456 -0.0203341 0.999336 -0.113753 0 0 0 1 
36535719080205;0.326801;0.125557;0.959949 -0.0685048 0.271671 0.142433 0.155211 0.937289 -0.312088 -0.631696 -0.233255 0.341755 0.910382 1.03459 0 0 0 1 
36535719080206;0.360649;0.10981;0.99425 0.105279 0.0195763 -0.250061 -0.105139 0.994425 -0.00805122 1.10502 -0.0203148 0.00594669 0.999776 -0.0124003 0 0 0 1 
36535719080207;0.378318;0.0941965;0.999485 -0.0287516 0.0142463 0.634685 0.0286884 0.999578 0.00462191 -0.246174 -0.0143732 -0.00421082 0.999888 0.144408 0 0 0 1 
36535719080208;0.281021;0.0920194;0.982271 -0.0586699 0.178051 -0.333499 0.0511545 0.997607 0.0465143 -0.532133 -0.180354 -0.0365815 0.982921 1.31511 0 0 0 1 
36535719080209;0.41046;0.13464;0.956485 -0.281447 0.0769647 -0.393849 0.262648 0.945385 0.193035 -1.94779 -0.127091 -0.164421 0.978169 0.713653 0 0 0 1 
36535719080210;0.243944;0.120094;0.976462 0.148917 0.156029 0.160635 -0.155993 0.987171 0.0340638 0.449061 -0.148955 -0.0576015 0.987165 0.66403 0 0 0 1 
36535719080211;0.419439;0.110574;0.927348 0.37418 -0.00397125 -0.188317 -0.374177 0.927356 0.00134846 1.27498 0.00418733 0.000235464 0.999991 -0.0234722 0 0 0 1 
36535719080212;0.411637;0.115033;0.952482 0.278971 0.122286 0.330902 -0.276097 0.960289 -0.040197 0.68085 -0.128643 0.00452421 0.991681 0.807059 0 0 0 1 
36535719080213;0.271077;0.104935;0.971306 -0.184123 -0.150541 -0.151156 0.155238 0.97036 -0.185211 -0.891995 0.18018 0.156527 0.9711 -1.05022 0 0 0 1 
36535719080214;0.356981;0.095119;0.946719 0.156705 -0.281365 -0.078366 -0.165589 0.986163 -0.00792403 0.428663 0.27623 0.0540928 0.959568 -0.948254 0 0 0 1 
36535719080215;0.558879;0.0955729;0.963176 0.217192 0.158493 -0.145401 -0.164942 0.942819 -0.28963 0.861116 -0.212335 0.252823 0.943925 1.98541 0 0 0 1 
36535719080217;0.267916;0.0106681;0.967629 -0.176857 -0.180045 0.519612 0.154545 0.979222 -0.131301 -0.244086 0.199525 0.0992251 0.974856 -0.909867 0 0 0 1 
36535719080218;0.403611;0.0134034;0.997079 0.0763165 -0.00314241 -0.34989 -0.0762014 0.996711 0.0275888 0.72971 0.00523755 -0.0272688 0.999614 0.461735 0 0 0 1 
36535719080219;0.612805;0.506127;0.998436 -0.00207744 0.0558688 -0.166688 0.00160441 0.999962 0.00851034 0.141532 -0.0558844 -0.00840739 0.998402 0.730485 0 0 0 1 
36535719080220;0.465305;0.0123401;0.970794 -0.116859 -0.20953 0.378862 0.0967244 0.98987 -0.103927 0.164434 0.219553 0.0806252 0.972263 -1.42495 0 0 0 1 
36535719080221;0.397154;0.315786;0.997369 -0.0622115 -0.0372248 0.0977067 0.0614745 0.997896 -0.0206264 -0.161666 0.0384296 0.0182838 0.999094 -0.685374 0 0 0 1 
36535719080222;0.388852;0.0101468;0.984426 -0.104495 0.14137 -0.469528 0.138199 0.957029 -0.254943 -0.220325 -0.108654 0.27051 0.956566 0.227852 0 0 0 1 
36535719080223;0.332061;0.0112458;0.929416 -0.188879 -0.317033 0.827783 0.166504 0.981306 -0.0965104 -0.613632 0.329336 0.0369112 0.943491 -0.858015 0 0 0 1 
36535719080224;0.591626;0.0135461;0.994371 0.0967444 0.0432024 -0.40826 -0.0792432 0.949735 -0.302861 1.24429 -0.0703309 0.297732 0.952055 0.4432 0 0 0 1 
36535719080225;0.418431;0.329736;0.990727 -0.036996 0.130731 -0.0514677 0.0343913 0.999163 0.0221271 0.0288011 -0.13144 -0.017426 0.991171 0.738154 0 0 0 1 
36535719080226;0.434396;0.414065;0.986715 0.0523922 -0.153778 0.177323 -0.0563839 0.998173 -0.0217087 0.0454375 0.15236 0.0300909 0.987867 -0.279599 0 0 0 1 
36535719080227;0.258425;0.0152622;0.980768 0.172236 0.0918081 -0.0948088 -0.176837 0.983232 0.0445304 0.424143 -0.0825989 -0.0599091 0.994781 0.603435 0 0 0 1 
36535719080228;0.348273;0.015087;0.959934 -0.19431 0.201918 0.12366 0.202958 0.978921 -0.0228442 -0.252909 -0.193223 0.0629099 0.979136 0.861991 0 0 0 1 
36535719080229;0.349476;0.0157038;0.994812 0.0587594 0.0830464 -0.244578 -0.0449812 0.986254 -0.158994 0.147218 -0.0912473 0.154434 0.983781 -0.414277 0 0 0 1 
36535719080230;0.507963;0.619417;0.930601 -0.107706 0.349829 0.314631 0.102288 0.994174 0.0339846 -0.0405662 -0.351451 0.00415718 0.936197 0.832476 0 0 0 1 
36535719080231;0.499847;0.0110617;0.999906 0.00444199 -0.0129418 -0.337081 -0.0040555 0.999549 0.0297384 -0.411203 0.0130681 -0.0296831 0.999474 -0.833627 0 0 0 1 
36535719080232;0.400636;0.298333;0.998441 -0.0549201 0.00993191 0.311454 0.0536839 0.993721 0.0981662 -0.158724 -0.0152608 -0.09748 0.99512 0.408161 0 0 0 1 
36535719080233;0.232565;0.0118871;0.984592 0.0588734 -0.164658 0.0363758 -0.0399166 0.992429 0.116156 0.0628133 0.17025 -0.107794 0.979487 -0.0859576 0 0 0 1 
36535719080234;0.243089;0.0143893;0.999977 0.00663208 0.00147931 0.168909 -0.00661764 0.999932 -0.00955909 0.144616 -0.00154261 0.00954908 0.999953 -0.425414 0 0 0 1 
36535719080235;0.336455;0.282294;0.998168 -0.00577299 -0.0602271 0.00500133 0.00943463 0.998112 0.0606911 0.0344145 0.0597631 -0.0611481 0.996338 0.000621776 0 0 0 1 
36535719080236;0.526732;0.0124392;0.959861 -0.130266 0.248391 0.54447 0.0732552 0.971297 0.226307 -0.53095 -0.270742 -0.199028 0.941853 1.68463 0 0 0 1 
36535719080237;0.707625;0.469422;0.999987 0.00333459 0.00392359 0.0805112 -0.00333918 0.999994 0.00116273 0.227524 -0.00391969 -0.00117582 0.999992 0.781472 0 0 0 1 
36535719080238;0.378354;0.0131361;0.980265 0.183799 -0.0727891 0.319292 -0.165519 0.964417 0.206164 0.741484 0.108092 -0.190048 0.975806 -0.160835 0 0 0 1 
36535719080239;0.260619;0.0175834;0.99943 -0.0280684 0.0187463 0.366904 0.0277918 0.999503 0.0148561 -0.158386 -0.019154 -0.0143266 0.999714 0.399521 0 0 0 1 
36535719080240;0.347346;0.0134618;0.997615 0.00573352 0.0687866 -0.065208 0.0199887 0.929848 -0.367402 0.336421 -0.0660675 0.3679 0.927515 -0.292009 0 0 0 1 
36535719080241;0.461675;0.0113411;0.945688 0.145676 0.290609 -0.237448 -0.0706429 0.9647 -0.253699 -0.18685 -0.317308 0.219391 0.922596 0.697783 0 0 0 1 
36535719080242;0.184835;0.0124643;0.992209 0.105063 0.0669546 -0.182609 -0.106439 0.994169 0.0173132 0.0510301 -0.0647452 -0.0243049 0.997606 0.149658 0 0 0 1 
36535719080243;0.50255;0.520495;0.999656 -0.0173696 0.0196641 0.09047 0.0179177 0.999446 -0.0280479 0.0103512 -0.019166 0.0283906 0.999413 -0.154039 0 0 0 1 
36535719080244;0.3548;0.170828;0.934203 0.196464 0.297771 -0.392477 -0.219394 0.974584 0.0452969 0.219539 -0.281303 -0.107646 0.953562 1.16461 0 0 0 1 
36535719080245;0.421326;0.0129265;0.969347 0.123591 -0.212348 0.441757 -0.143475 0.986344 -0.0808771 0.578808 0.199453 0.108865 0.973841 -1.25687 0 0 0 1 
36535719080246;0.428678;0.243087;0.986195 0.164883 0.015256 -0.115459 -0.163285 0.983659 -0.0758447 0.48094 -0.0275122 0.0723066 0.997003 -0.464624 0 0 0 1 
36535719080248;0.279109;0.00792809;0.999954 -0.00740322 -0.00615452 0.713546 0.00739457 0.999972 -0.00142768 0.239065 0.00616492 0.00138211 0.99998 -0.349739 0 0 0 1 
36535719080249;0.148582;0.0121338;0.997706 -0.0671735 -0.00844477 -0.286168 0.0671868 0.99774 0.00130276 -0.169256 0.00833817 -0.00186715 0.999963 -0.168182 0 0 0 1 
36535719080250;0.310686;0.00947207;0.996635 -0.00638671 0.0817154 -0.310719 0.00613627 0.999976 0.00331558 0.245652 -0.0817346 -0.00280299 0.99665 -0.66101 0 0 0 1 
36535719080251;0.298484;0.0152996;0.999288 0.0306847 -0.0219467 -0.541715 -0.029511 0.998214 0.0519409 0.662161 0.0235013 -0.0512562 0.998409 0.177103 0 0 0 1 
36535719080252;0.364884;0.275981;0.988584 -0.0539745 -0.140673 0.589119 0.0536034 0.998542 -0.00642814 -0.211779 0.140815 -0.00118579 0.990035 -0.330263 0 0 0 1 
36535719080253;0.298099;0.235572;0.998657 -0.0427474 -0.029257 0.499265 0.0411246 0.997694 -0.0539859 -0.0322466 0.0314973 0.0527103 0.998113 -0.583698 0 0 0 1 
36535719080254;0.413793;0.33472;0.997866 -0.0573928 -0.0311465 0.191293 0.0494331 0.97559 -0.213964 0.292611 0.0426662 0.211967 0.976345 -0.391552 0 0 0 1 
36535719080255;0.265645;0.0140385;0.99455 -0.0758477 0.0715415 -0.126841 0.092402 0.959039 -0.267782 -0.251321 -0.0483004 0.272933 0.96082 0.260465 0 0 0 1 
36535719080256;0.228269;0.21871;0.999688 0.0249086 -0.0016172 0.0721655 -0.0248846 0.9996 0.0134594 0.02611 0.00195181 -0.013415 0.999908 -0.0648672 0 0 0 1 
36535719080257;0.266234;0.0156328;0.999076 -0.0429025 -0.00265897 -0.675759 0.0429648 0.998587 0.0312781 -0.291802 0.00131331 -0.0313634 0.999507 -0.0646557 0 0 0 1 
36535719080258;0.327944;0.00483233;0.998992 -0.0393605 -0.0215941 0.572132 0.0396597 0.999121 0.0136066 -0.673311 0.0210395 -0.0144493 0.999674 0.542347 0 0 0 1 
