#;prob_registration_l1 -r /home/probabilistic_point_clouds_registration/build/tester /home/point_clouds_registration_benchmark//devel/registration_pairs/hauptgebaude_local.txt /home/point_clouds_registration_benchmark//eth/hauptgebaude -s 0.2 -t 0.2 -p 0.3 -r 1000 -m 5 -i 40 
id;initial_error;final_error;transformation
3394309160000;0.248226;0.220291;0.999373 -0.00312838 0.0352806 -0.0177602 0.0018374 0.99933 0.0365651 -0.00436236 -0.0353714 -0.0364773 0.998708 -0.0697283 0 0 0 1 
3394309160001;0.28369;0.0101425;0.992863 0.116171 -0.0269822 -0.378413 -0.114474 0.991751 0.0576619 0.860008 0.0334583 -0.0541616 0.997971 -0.655881 0 0 0 1 
3394309160002;0.278932;0.207696;0.997369 -0.0119042 0.0715053 -0.000483394 0.0104653 0.999736 0.020464 -0.124996 -0.07173 -0.0196618 0.99723 0.293994 0 0 0 1 
3394309160003;0.0682056;0.0122536;0.995647 -0.0890039 0.0276603 0.0446929 0.0895083 0.995831 -0.0175647 -0.568571 -0.0259816 0.0199641 0.999463 0.176347 0 0 0 1 
3394309160004;0.286924;0.1958;0.999033 0.039049 -0.0202203 0.0604452 -0.038911 0.999217 0.00717151 0.766343 0.0204845 -0.00637778 0.99977 -0.330743 0 0 0 1 
3394309160005;0.492031;0.413157;0.998186 0.0593177 -0.0102871 -0.10265 -0.0591613 0.998137 0.0148968 0.65339 0.0111516 -0.0142612 0.999836 -0.41004 0 0 0 1 
3394309160006;0.393899;0.0465368;0.993138 0.0236849 0.114524 -0.300099 -0.0250042 0.999636 0.0100966 0.530869 -0.114243 -0.0128909 0.993369 1.54211 0 0 0 1 
3394309160007;0.411602;0.0123673;0.885504 -0.336037 0.320876 0.391351 0.34337 0.938536 0.0353002 -2.07396 -0.313016 0.0789209 0.946463 1.39458 0 0 0 1 
3394309160008;0.42721;0.325318;0.961784 -0.27286 -0.0227932 1.28433 0.273051 0.961983 0.00568612 -1.78494 0.0203751 -0.0116925 0.999724 0.757806 0 0 0 1 
3394309160009;0.395375;0.0234827;0.979427 -0.197683 -0.0405405 0.455643 0.193469 0.97698 -0.0898891 -1.46216 0.0573768 0.0801965 0.995126 0.506536 0 0 0 1 
3394309160010;0.216746;0.0178841;0.992812 -0.00487969 -0.119588 -0.128344 -0.0147298 0.986591 -0.162543 0.442453 0.118777 0.163136 0.979428 -0.539262 0 0 0 1 
3394309160011;0.228138;0.674887;0.966672 -0.228859 -0.114755 2.00621 0.237943 0.968549 0.0727778 -1.66691 0.0944897 -0.0976573 0.990724 -0.309032 0 0 0 1 
3394309160012;0.324315;0.86144;0.948971 -0.315022 -0.0146521 1.9437 0.313627 0.937862 0.148501 -2.20411 -0.0330393 -0.145518 0.988804 -0.0555663 0 0 0 1 
3394309160013;0.268523;0.269507;0.997656 0.0613532 -0.0303142 -0.0676755 -0.0615379 0.998091 -0.00519772 0.149806 0.0299375 0.00705101 0.999527 -0.455738 0 0 0 1 
3394309160014;0.217364;0.0132387;0.999737 0.0209189 0.00939701 0.0161672 -0.0223623 0.980088 0.197301 -0.278628 -0.00508257 -0.197459 0.980298 0.270801 0 0 0 1 
3394309160015;0.198549;0.0746485;0.992139 0.0988491 0.0767434 -0.285927 -0.0966899 0.99482 -0.031368 0.700994 -0.0794466 0.0237011 0.996557 0.618614 0 0 0 1 
3394309160016;0.362241;0.126221;0.937454 -0.229621 0.261638 0.454734 0.222891 0.97326 0.0555386 -1.68112 -0.267394 0.00625184 0.963567 2.38611 0 0 0 1 
3394309160017;0.403444;0.102494;0.924127 -0.271751 0.26859 -0.239806 0.265367 0.962245 0.0605303 -1.2707 -0.274899 0.0153373 0.961351 1.83028 0 0 0 1 
3394309160018;0.415951;0.0902449;0.96925 0.236453 0.0681483 -0.879436 -0.239877 0.969649 0.047315 1.75605 -0.0548922 -0.0622073 0.996553 0.269919 0 0 0 1 
3394309160019;0.389264;0.174394;0.969767 0.24218 -0.0300195 -0.356869 -0.24214 0.970228 0.00502009 1.24477 0.0303416 0.0024006 0.999537 -0.979761 0 0 0 1 
3394309160020;0.355901;0.142599;0.952863 -0.156647 -0.259835 0.777042 0.11051 0.976769 -0.183604 -0.559998 0.28256 0.146235 0.948037 -1.49243 0 0 0 1 
3394309160021;0.307009;0.030773;0.991837 -0.114587 -0.0559393 0.643994 0.123628 0.971602 0.201757 -1.0074 0.031232 -0.207026 0.977837 -0.330551 0 0 0 1 
3394309160022;0.159878;0.0259878;0.986077 -0.0392474 0.16159 -0.296867 0.0521358 0.99572 -0.0763067 -0.242166 -0.157904 0.083669 0.983903 1.01373 0 0 0 1 
3394309160023;0.179015;0.00487947;0.99559 -0.0417129 0.0840289 -0.153878 0.0437637 0.998784 -0.022712 -0.314924 -0.0829793 0.0262892 0.996204 0.10951 0 0 0 1 
3394309160024;0.448507;0.337098;0.983632 -0.16529 0.0717479 0.633222 0.164105 0.986194 0.0221494 -0.492383 -0.0744184 -0.0100127 0.997177 1.30937 0 0 0 1 
3394309160025;0.259237;0.0156373;0.986686 0.162482 -0.00714564 -0.103514 -0.162054 0.985911 0.0414592 1.0616 0.0137813 -0.0397493 0.999115 -0.640985 0 0 0 1 
3394309160026;0.300277;0.216928;0.994791 0.0812078 0.0616154 -0.210931 -0.0775534 0.995208 -0.0595508 -0.0363537 -0.0661561 0.0544621 0.996322 0.715778 0 0 0 1 
3394309160027;0.421694;0.329644;0.964564 -0.230484 -0.128429 1.14236 0.252448 0.947717 0.195196 -2.42869 0.0767245 -0.220701 0.972319 0.182111 0 0 0 1 
3394309160028;0.443835;0.116655;0.954585 0.0762459 0.288019 -0.186861 0.00431691 0.96306 -0.269254 0.670086 -0.297909 0.258269 0.918993 1.47233 0 0 0 1 
3394309160029;0.512116;0.279033;0.998378 -0.0205087 0.0531085 0.239487 0.0246872 0.996548 -0.0792577 -0.382303 -0.0512997 0.0804403 0.995438 -0.696928 0 0 0 1 
3394309160031;0.426851;0.243626;0.976198 -0.202636 -0.0773112 0.552638 0.21029 0.971568 0.108785 -0.678817 0.0530692 -0.122454 0.991054 -0.619565 0 0 0 1 
3394309160032;0.353703;0.351087;0.99091 -0.110098 -0.0773081 0.442909 0.112097 0.993454 0.0220028 0.769127 0.0743795 -0.0304688 0.996764 -0.0140608 0 0 0 1 
3394309160033;0.139215;0.0544915;0.998771 -0.0203863 -0.0451707 -0.0467259 0.0181455 0.998611 -0.0494726 -0.175662 0.0461165 0.0485922 0.997754 0.245025 0 0 0 1 
3394309160034;0.389775;0.140117;0.966533 0.250627 -0.0547813 -0.120685 -0.247081 0.966872 0.064108 0.00584847 0.0690337 -0.0484271 0.996438 -0.55427 0 0 0 1 
3394309160035;0.19696;0.0133639;0.976655 0.173485 -0.126679 0.0637383 -0.188038 0.975558 -0.1137 0.458489 0.103858 0.134866 0.985406 -0.100307 0 0 0 1 
3394309160036;0.370886;0.184679;0.957411 -0.288094 0.019111 0.0558667 0.277678 0.936889 0.212449 -0.212219 -0.07911 -0.198094 0.976985 0.504492 0 0 0 1 
3394309160037;0.384635;0.0421698;0.914367 -0.246727 0.321028 -0.214068 0.19905 0.964377 0.174231 -0.674209 -0.352579 -0.0954101 0.930905 0.031828 0 0 0 1 
3394309160038;0.368064;0.120649;0.97757 0.209608 -0.0205182 -0.532599 -0.210604 0.973604 -0.0879832 0.292868 0.00153461 0.090331 0.995911 -0.0580212 0 0 0 1 
3394309160039;0.0746977;0.0114237;0.99958 0.00853843 0.0277086 -0.129953 -0.00869568 0.999947 0.00555965 -0.00956777 -0.0276596 -0.00579825 0.999601 -0.134235 0 0 0 1 
3394309160040;0.279481;0.070774;0.932552 -0.299455 0.201676 0.178675 0.281722 0.95291 0.11223 -0.42613 -0.225787 -0.0478437 0.973001 0.443037 0 0 0 1 
3394309160041;0.389623;0.22247;0.962844 -0.26747 0.0372873 0.445284 0.264724 0.962095 0.0655273 -0.129851 -0.0534006 -0.0532218 0.997154 0.0399069 0 0 0 1 
3394309160042;0.283783;0.36754;0.987227 -0.158095 0.0197432 0.413313 0.158159 0.987412 -0.00171573 -0.10313 -0.0192234 0.00481638 0.999804 -0.273856 0 0 0 1 
3394309160043;0.314339;0.00493087;0.998121 0.0610305 0.00551016 0.226248 -0.0609771 0.980272 0.188013 -0.0550998 0.00607308 -0.187996 0.982151 0.66293 0 0 0 1 
3394309160044;0.531805;0.159045;0.935375 0.312799 -0.165014 -0.296041 -0.296839 0.948041 0.114477 0.339999 0.192248 -0.0580964 0.979625 0.466011 0 0 0 1 
3394309160045;0.395186;0.383262;0.99044 0.0870942 0.10697 -0.231764 -0.0780956 0.993263 -0.0856167 -0.11156 -0.113706 0.0764444 0.990569 0.0417506 0 0 0 1 
3394309160046;0.217132;0.108083;0.990681 -0.135929 0.008579 0.41738 0.135861 0.990695 0.00807006 -0.594282 -0.00959612 -0.00682931 0.999931 0.157319 0 0 0 1 
3394309160047;0.371665;0.000650611;0.976112 -0.150637 0.156566 -0.0710504 0.166535 0.981557 -0.0938762 0.112266 -0.139538 0.117707 0.983196 -0.614279 0 0 0 1 
3394309160048;0.441321;0.211081;0.965271 0.253818 0.0618786 -0.215163 -0.236439 0.949483 -0.206344 0.498321 -0.111127 0.184547 0.976521 0.270722 0 0 0 1 
3394309160049;0.529697;0.349301;0.967785 -0.244411 -0.0604658 0.0907099 0.248489 0.965885 0.0729352 -0.67492 0.0405769 -0.0856106 0.995502 -0.134126 0 0 0 1 
3394309160050;0.242722;0.0020132;0.984384 -0.120478 0.128346 -0.00705983 0.121572 0.992582 -0.000694691 -0.187241 -0.12731 0.0162871 0.991729 0.65855 0 0 0 1 
3394309160051;0.288745;0.102705;0.994834 -0.0123466 0.10076 -0.115302 0.00171673 0.99448 0.104909 -0.0922985 -0.101499 -0.104194 0.989364 0.560743 0 0 0 1 
3394309160052;0.346607;0.0548739;0.994616 0.089149 -0.052825 0.268849 -0.0886234 0.99599 0.0122149 3.05601e-06 0.0537021 -0.00746765 0.998529 -0.874096 0 0 0 1 
3394309160053;0.177457;0.0856299;0.999399 -0.00607345 0.0341368 -0.179632 0.0059155 0.999971 0.0047262 -0.222306 -0.0341645 -0.00452142 0.999406 0.146989 0 0 0 1 
3394309160054;0.393365;0.00263859;0.997756 -0.0349488 -0.0571054 0.651974 0.0444126 0.983758 0.173921 -0.679247 0.0500995 -0.176067 0.983102 0.405885 0 0 0 1 
3394309160055;0.395101;0.131396;0.998572 -0.0509588 0.0160522 0.424904 0.0520948 0.995364 -0.0808466 0.229426 -0.0118579 0.0815673 0.996597 -0.564584 0 0 0 1 
3394309160056;0.394726;0.00667041;0.984423 0.175273 0.013818 -0.571626 -0.175396 0.973593 0.146124 0.467728 0.0121585 -0.146271 0.98917 -0.504554 0 0 0 1 
3394309160057;0.649395;0.31873;0.926126 0.365845 0.0919097 -0.979073 -0.367156 0.930155 -0.00282586 0.780986 -0.0865241 -0.0311281 0.995763 0.248367 0 0 0 1 
3394309160058;0.444142;0.0759196;0.98319 0.182233 -0.0113686 -0.438384 -0.182568 0.982085 -0.0466755 0.475223 0.00265905 0.0479664 0.998845 0.784481 0 0 0 1 
3394309160059;0.406193;0.36932;0.986371 0.00650631 0.164406 0.469706 -0.000426764 0.999316 -0.0369871 -0.5354 -0.164534 0.0364129 0.985699 0.574431 0 0 0 1 
3394309160060;0.43448;0.305061;0.997605 0.067741 0.0139672 0.0992539 -0.0649563 0.986961 -0.147273 0.194524 -0.0237615 0.146013 0.988997 -0.417382 0 0 0 1 
3394309160062;0.235158;0.052743;0.953543 -0.252655 0.16408 0.556117 0.269059 0.959224 -0.0865818 -5.93912 -0.135514 0.126706 0.98264 2.98733 0 0 0 1 
3394309160063;0.42419;0.0350137;0.976855 0.21329 -0.0161811 0.724469 -0.212937 0.976839 0.0210599 4.38809 0.0202982 -0.0171269 0.999647 0.536835 0 0 0 1 
3394309160064;0.439802;0.36924;0.936157 0.301912 0.180162 0.138304 -0.3095 0.950783 0.0149164 7.02936 -0.166791 -0.0697242 0.983524 3.52819 0 0 0 1 
3394309160065;0.350677;0.0342058;0.988394 0.0845235 0.126226 0.231078 -0.0868156 0.996143 0.012759 1.31497 -0.12466 -0.0235693 0.99192 2.05259 0 0 0 1 
3394309160066;0.242534;0.00790931;0.999286 0.0118509 -0.0358839 -0.145413 -0.0192448 0.97679 -0.213332 0.20787 0.0325228 0.21387 0.976321 -0.187924 0 0 0 1 
3394309160067;0.392633;0.255596;0.994031 0.1091 -0.000721659 -0.165053 -0.108779 0.990558 -0.0834423 2.53498 -0.00838869 0.0830227 0.996512 0.0706907 0 0 0 1 
3394309160068;0.328762;0.012391;0.988839 0.147847 0.0184131 0.247018 -0.148983 0.982365 0.112971 3.72725 -0.00138589 -0.114454 0.993428 -0.455514 0 0 0 1 
3394309160069;0.0998438;0.0190018;0.999766 0.0198177 -0.00864893 0.22944 -0.0198383 0.999801 -0.00230261 0.445275 0.00860158 0.00247365 0.99996 -0.274595 0 0 0 1 
3394309160070;0.429464;0.382512;0.92896 0.28629 0.234673 1.1197 -0.257344 0.955146 -0.146531 6.39129 -0.266097 0.0757293 0.960967 6.5732 0 0 0 1 
3394309160071;0.0989399;0.0130853;0.998428 0.0549586 -0.0109826 0.0691598 -0.0549126 0.998481 0.00444434 1.17005 0.0112102 -0.00383427 0.99993 -0.453252 0 0 0 1 
3394309160072;0.334886;0.152405;0.973025 -0.230304 0.0135315 0.626809 0.223021 0.95402 0.20027 -5.53596 -0.0590324 -0.19185 0.979647 0.840694 0 0 0 1 
3394309160073;0.372916;0.00607795;0.989495 -0.14455 0.0023871 0.869921 0.144548 0.989497 0.00117096 -3.25323 -0.00253129 -0.000813606 0.999996 0.404003 0 0 0 1 
3394309160074;0.236373;0.0100834;0.983239 -0.178064 -0.0391741 0.333355 0.180414 0.981228 0.0681416 -4.08094 0.0263052 -0.074067 0.996906 -1.07986 0 0 0 1 
3394309160075;0.259352;0.0136526;0.978843 0.0773359 -0.189436 0.747671 -0.12501 0.958971 -0.254454 2.97864 0.161985 0.272751 0.94835 -3.27114 0 0 0 1 
3394309160076;0.21267;0.0394384;0.976738 0.171328 0.128955 0.362232 -0.159422 0.982368 -0.0976599 3.75754 -0.143413 0.07483 0.98683 3.35251 0 0 0 1 
3394309160077;0.259302;0.0114864;0.989119 0.139802 -0.0458103 0.268895 -0.145334 0.976875 -0.156824 3.26089 0.0228266 0.161775 0.986564 0.245782 0 0 0 1 
3394309160078;0.466153;0.192715;0.961034 -0.219329 0.168249 0.481701 0.240857 0.963076 -0.120304 -5.11029 -0.135651 0.15614 0.978376 3.8462 0 0 0 1 
3394309160079;0.423773;0.00711166;0.96725 -0.161349 0.195945 -0.314556 0.185304 0.976427 -0.110692 -3.87957 -0.173466 0.143377 0.974347 3.26087 0 0 0 1 
3394309160080;0.255153;0.0156217;0.992812 0.0106721 0.119205 0.0987072 0.00724201 0.988834 -0.148844 0.0299159 -0.119463 0.148637 0.981649 2.29235 0 0 0 1 
3394309160081;0.296072;0.0122503;0.997425 -0.0657426 0.0286667 0.321159 0.0658697 0.997822 -0.00351131 -0.812329 -0.0283734 0.00539054 0.999583 0.52951 0 0 0 1 
3394309160082;0.355531;0.234998;0.982734 -0.161375 -0.0905069 0.765407 0.156714 0.986028 -0.0564787 -3.69459 0.0983565 0.0413198 0.994293 -2.13987 0 0 0 1 
3394309160083;0.180325;0.00477436;0.997447 -0.0704273 -0.0118315 -0.0285246 0.0713919 0.979208 0.189881 -1.93896 -0.00178725 -0.190241 0.981736 -0.0620645 0 0 0 1 
3394309160084;0.188147;0.0109858;0.997908 -0.0279279 -0.0583134 -0.0861384 0.0268607 0.999458 -0.0190064 -0.382758 0.0588126 0.0174003 0.998117 -1.63124 0 0 0 1 
3394309160085;0.149775;0.00754682;0.997209 0.0146099 0.0732194 -0.0922103 -0.0263528 0.986425 0.162083 0.254697 -0.0698575 -0.163561 0.984057 1.33397 0 0 0 1 
3394309160086;0.360181;0.00534414;0.976394 0.0327777 -0.213494 1.32694 -0.0503924 0.995711 -0.0775939 1.25599 0.210035 0.0865207 0.973858 -3.70653 0 0 0 1 
3394309160087;0.069233;0.00842069;0.996558 -0.0806636 -0.0191292 0.0539659 0.0809184 0.996637 0.0129369 -1.79479 0.0180213 -0.0144403 0.999733 -0.402643 0 0 0 1 
3394309160088;0.334175;0.0099316;0.958094 -0.243097 0.151522 -0.24469 0.220604 0.963596 0.15105 -5.00643 -0.182726 -0.111294 0.976844 3.5649 0 0 0 1 
3394309160089;0.384231;0.00698535;0.967825 -0.216559 0.128131 0.104223 0.204862 0.973823 0.0984946 -4.919 -0.146106 -0.0690765 0.986854 2.31316 0 0 0 1 
3394309160090;0.357505;0.170628;0.98878 -0.125776 0.0805834 0.175332 0.138833 0.972875 -0.185038 -2.70008 -0.0551242 0.194149 0.979422 1.8067 0 0 0 1 
3394309160091;0.460987;0.214514;0.974114 0.221521 0.045048 -0.171821 -0.223369 0.973863 0.0411975 3.95007 -0.0347445 -0.0501934 0.998135 0.337882 0 0 0 1 
3394309160093;0.186714;0.00562588;0.982746 -0.0703138 -0.171077 0.543245 0.074938 0.996973 0.020716 -1.33939 0.169102 -0.0331787 0.98504 -3.36899 0 0 0 1 
3394309160094;0.310812;0.0244538;0.986283 -0.125766 0.10691 0.388905 0.126394 0.99198 0.000907525 -1.67618 -0.106167 0.0126177 0.994268 1.98432 0 0 0 1 
3394309160095;0.222858;0.0161619;0.998837 -0.0313719 -0.0366227 0.27371 0.0306877 0.999347 -0.0190978 -0.659162 0.0371979 0.0179517 0.999147 -0.158258 0 0 0 1 
3394309160096;0.38163;0.00671563;0.996325 -0.070824 -0.0481677 0.330594 0.0756603 0.991336 0.107372 -1.6839 0.0401458 -0.110621 0.993051 0.0295642 0 0 0 1 
3394309160097;0.257713;0.0170208;0.999808 0.0115346 -0.0158556 -0.0522194 -0.0114008 0.999899 0.00850611 0.198965 0.0159521 -0.00832371 0.999838 0.388214 0 0 0 1 
3394309160098;0.436886;0.310225;0.993773 0.110819 0.0116045 -0.223713 -0.109554 0.990777 -0.0797459 1.90719 -0.0203349 0.077978 0.996748 0.289804 0 0 0 1 
3394309160099;0.352112;0.0556071;0.992481 0.0965403 0.075248 0.568041 -0.081515 0.979906 -0.182043 2.00937 -0.0913104 0.17454 0.980407 1.47568 0 0 0 1 
3394309160100;0.383134;0.00933669;0.996747 -0.0136562 -0.0794334 0.37183 0.0188041 0.997745 0.064425 -0.314076 0.0783745 -0.0657091 0.994756 -0.523358 0 0 0 1 
3394309160101;0.349174;0.0256343;0.999857 0.00653934 0.0156191 0.0443442 -0.00305997 0.977011 -0.213167 0.735804 -0.016654 0.213089 0.976891 1.29304 0 0 0 1 
3394309160102;0.328612;0.0141056;0.989605 0.101076 -0.102305 0.350642 -0.0886393 0.988862 0.119563 1.53124 0.11325 -0.109252 0.987542 -1.37838 0 0 0 1 
3394309160103;0.353684;0.0104303;0.997581 -0.00145517 0.0695008 -0.794998 -0.00208274 0.998706 0.050805 -0.138658 -0.0694849 -0.0508268 0.996287 1.7212 0 0 0 1 
3394309160104;0.220681;0.0149061;0.980211 -0.137471 0.142438 -0.30342 0.13244 0.990202 0.0442642 -2.06262 -0.147128 -0.0245237 0.988813 2.56232 0 0 0 1 
3394309160105;0.408456;0.282606;0.947692 0.310723 0.0730161 0.348138 -0.316184 0.945187 0.0815443 5.96747 -0.0436761 -0.100365 0.993992 1.31251 0 0 0 1 
3394309160106;0.441483;0.0105237;0.897253 -0.415936 0.148103 1.49349 0.367645 0.889591 0.271044 -7.18431 -0.244488 -0.188746 0.951105 4.65639 0 0 0 1 
3394309160107;0.532391;0.0696773;0.924183 -0.355363 -0.140012 2.1621 0.340223 0.932516 -0.121085 -6.09203 0.173592 0.064269 0.982718 -3.6307 0 0 0 1 
3394309160108;0.223867;0.0174313;0.999908 0.0135245 0.00107694 -0.114254 -0.0135317 0.999884 0.00700727 0.160058 -0.000982041 -0.0070212 0.999975 0.60039 0 0 0 1 
3394309160109;0.0784344;0.00954348;0.99516 -0.0982608 -0.00111026 -0.0328682 0.0982642 0.994981 0.0189144 -1.82019 -0.000753855 -0.0189319 0.99982 -0.0228 0 0 0 1 
3394309160110;0.305364;0.023789;0.986073 -0.157038 0.0547657 -0.309453 0.164548 0.969046 -0.184046 -2.84178 -0.0241683 0.190494 0.981391 1.36 0 0 0 1 
3394309160111;0.289575;0.854131;0.955339 0.241342 0.170533 -0.913596 -0.228134 0.969129 -0.0935074 4.27529 -0.187836 0.050427 0.980905 3.75549 0 0 0 1 
3394309160112;0.386373;0.00567108;0.969282 -0.241308 0.0475618 0.188597 0.241036 0.970449 0.0114483 -4.5102 -0.0489188 0.000367456 0.998803 1.71741 0 0 0 1 
3394309160113;0.347639;0.0226011;0.999067 0.043174 0.00104597 -0.13336 -0.0431736 0.999067 -0.000467474 1.04886 -0.00106518 0.00042188 0.999999 0.896421 0 0 0 1 
3394309160114;0.578959;0.504453;0.999545 0.0301411 0.000643111 0.0242388 -0.0301416 0.999545 0.000685431 0.204516 -0.000622159 -0.000704504 1 -0.0432928 0 0 0 1 
3394309160115;0.373208;0.0427067;0.996409 -0.00588295 0.0844671 -0.380899 0.0135399 0.995817 -0.0903652 -0.0994535 -0.0835822 0.0911843 0.99232 0.732354 0 0 0 1 
3394309160116;0.177223;0.0259676;0.999761 -0.0216871 -0.00280939 0.255157 0.0216576 0.999714 -0.0101292 -0.056516 0.00302826 0.010066 0.999945 -0.129779 0 0 0 1 
3394309160117;0.448363;0.019558;0.979475 -0.196416 -0.0452651 0.274965 0.176102 0.94314 -0.281913 -2.49465 0.0980635 0.268155 0.958372 -2.17436 0 0 0 1 
3394309160118;0.307421;0.150119;0.984782 0.157942 0.0725225 0.203271 -0.138355 0.964984 -0.222854 2.95406 -0.105181 0.209428 0.972151 1.69726 0 0 0 1 
3394309160119;0.336676;0.0841118;0.940664 -0.335848 -0.0485558 1.11872 0.336128 0.941813 -0.00252724 -6.05252 0.0465793 -0.0139437 0.998817 -0.475632 0 0 0 1 
3394309160120;0.390228;0.0637877;0.8871 -0.423069 0.18457 1.52261 0.440774 0.895139 -0.0666651 -7.84145 -0.137012 0.140492 0.980556 2.98707 0 0 0 1 
3394309160121;0.364275;0.0501368;0.953593 -0.124019 0.27437 0.00424745 0.176402 0.968585 -0.175285 -2.54351 -0.244012 0.21555 0.945514 4.63582 0 0 0 1 
3394309160122;0.150012;0.165401;0.981421 0.18726 -0.0417918 0.347833 -0.188333 0.981827 -0.0233808 3.35854 0.036654 0.0308172 0.998853 -0.585596 0 0 0 1 
3394309160124;0.265891;0.0168316;0.972325 -0.22184 0.0732894 -0.0489632 0.224122 0.974255 -0.0244376 -5.59195 -0.0659813 0.0401871 0.997011 1.39772 0 0 0 1 
3394309160125;0.0924407;0.0437069;0.99221 0.0311197 0.120626 0.02222 -0.0386569 0.99741 0.0606561 0.826829 -0.118426 -0.0648466 0.990843 2.66379 0 0 0 1 
3394309160126;0.454214;0.0634643;0.922383 0.282506 -0.26344 3.02 -0.28531 0.958015 0.0283912 7.27889 0.2604 0.0489745 0.964258 -5.85107 0 0 0 1 
3394309160127;0.391085;0.17298;0.948974 0.307457 -0.0701255 1.09712 -0.292131 0.940836 0.17172 7.10136 0.118773 -0.142472 0.982647 -3.10145 0 0 0 1 
3394309160128;0.398984;0.22222;0.966014 0.254183 0.0469851 0.136387 -0.244983 0.958275 -0.147286 6.43745 -0.0824622 0.13077 0.987977 2.03547 0 0 0 1 
3394309160129;0.0588853;0.00949116;0.999999 0.000634998 0.00126799 -0.0809722 -0.000637028 0.999999 0.00160087 -0.0774407 -0.00126697 -0.00160167 0.999998 0.141641 0 0 0 1 
3394309160130;0.354684;0.413595;0.98578 -0.113454 0.123961 0.242465 0.112654 0.993543 0.0134616 -3.465 -0.124688 0.000694611 0.992196 2.92935 0 0 0 1 
3394309160131;0.385569;0.396416;0.967065 0.245747 0.0662887 0.189218 -0.247277 0.968816 0.015824 6.41998 -0.0603328 -0.0316945 0.997675 1.49477 0 0 0 1 
3394309160132;0.356548;0.0931102;0.927221 -0.370308 0.0559762 1.43117 0.374515 0.917054 -0.136935 -8.91591 -0.00062517 0.147932 0.988997 0.153817 0 0 0 1 
3394309160133;0.361702;0.0119083;0.952054 -0.179321 -0.247865 1.5028 0.241922 0.93722 0.251183 -5.88224 0.187261 -0.299103 0.935666 -4.72005 0 0 0 1 
3394309160134;0.414145;0.0143749;0.978206 -0.20594 0.0265033 1.05636 0.207354 0.975555 -0.0727849 -4.55117 -0.0108661 0.0766942 0.996995 0.341679 0 0 0 1 
3394309160135;0.292331;0.00871151;0.999263 0.0119748 -0.036457 0.119427 -0.00861615 0.99582 0.0909282 -0.262624 0.0373935 -0.0905471 0.99519 -1.6059 0 0 0 1 
3394309160136;0.443471;0.164499;0.987903 0.154365 -0.014799 0.165879 -0.154077 0.987877 0.0189652 4.13498 0.0175471 -0.0164556 0.999711 -1.24875 0 0 0 1 
3394309160137;0.250953;0.0114971;0.982726 -0.176484 -0.0557006 0.382364 0.181415 0.978159 0.101456 -4.39609 0.0365786 -0.109809 0.993279 -1.41067 0 0 0 1 
3394309160138;0.370395;0.058254;0.935682 -0.253477 -0.245455 1.75546 0.23102 0.96591 -0.116824 -5.02932 0.266699 0.0526051 0.962343 -5.7913 0 0 0 1 
3394309160139;0.0858104;0.01164;0.997447 0.0711629 -0.0059475 0.14605 -0.0705238 0.99472 0.0745571 1.48585 0.0112218 -0.0739474 0.997199 -0.421951 0 0 0 1 
3394309160140;0.322515;0.0955479;0.929919 -0.0424494 -0.365306 2.27261 0.0415756 0.999083 -0.0102614 -1.03808 0.365407 -0.00564552 0.930831 -8.90106 0 0 0 1 
3394309160141;0.361297;0.178079;0.966291 0.257397 0.00538305 0.29718 -0.25745 0.965953 0.0255928 6.41501 0.00138775 -0.0261159 0.999658 -0.11023 0 0 0 1 
3394309160142;0.193657;0.167286;0.992596 0.0284686 0.11808 -0.174416 -0.0341307 0.998349 0.0462092 0.723481 -0.11657 -0.0498972 0.991928 3.06479 0 0 0 1 
3394309160143;0.448915;0.0764928;0.977198 0.211556 -0.0181234 -0.126805 -0.210955 0.977024 0.0303634 4.67125 0.0241305 -0.0258479 0.999375 -0.916199 0 0 0 1 
3394309160144;0.382267;0.0970522;0.944587 -0.288768 -0.156102 0.750563 0.274989 0.955794 -0.104113 -7.02727 0.179266 0.0554172 0.982239 -4.3946 0 0 0 1 
3394309160145;0.390824;0.011515;0.909055 0.128552 -0.39635 2.93081 -0.218171 0.957253 -0.189915 5.37889 0.354993 0.259116 0.898242 -8.24167 0 0 0 1 
3394309160146;0.519843;0.0249924;0.987274 0.0550394 0.1492 0.165253 -0.08868 0.969325 0.229225 1.82142 -0.132007 -0.239539 0.961871 3.96374 0 0 0 1 
3394309160147;0.314525;0.106071;0.96742 -0.192374 -0.164592 0.353552 0.218219 0.963218 0.156815 -5.17638 0.128371 -0.187623 0.973816 -3.1268 0 0 0 1 
3394309160148;0.159477;0.0233626;0.996249 0.00921634 0.0860408 0.187371 -0.0178769 0.994783 0.100435 0.076754 -0.0846663 -0.101597 0.991216 1.82244 0 0 0 1 
3394309160149;0.32406;0.376161;0.997683 -0.0677814 0.00578468 0.349886 0.0679514 0.996982 -0.0375563 -0.862047 -0.0032216 0.0378624 0.999278 0.0954693 0 0 0 1 
3394309160150;0.0510986;0.0210782;0.998287 0.0564064 0.0155578 0.0165083 -0.0564365 0.998405 0.00150234 1.31145 -0.0154482 -0.00237779 0.999878 0.391459 0 0 0 1 
3394309160151;0.610087;0.0674512;0.939531 -0.308035 -0.149654 2.45209 0.294329 0.949698 -0.106976 -6.69028 0.175079 0.0564595 0.982934 -3.83012 0 0 0 1 
3394309160152;0.362678;0.0790226;0.930411 0.25984 -0.258494 2.38582 -0.286759 0.955303 -0.0718678 7.00703 0.228266 0.140992 0.963336 -5.43497 0 0 0 1 
3394309160153;0.287468;0.0227343;0.95548 0.287407 -0.0667537 1.32046 -0.266571 0.937836 0.22227 5.8326 0.126486 -0.19458 0.972697 -2.99263 0 0 0 1 
3394309160155;0.447786;0.336527;0.968779 -0.231089 -0.0898048 0.533643 0.238799 0.967125 0.0874294 -2.19556 0.0666485 -0.106145 0.992115 -0.642104 0 0 0 1 
3394309160156;0.233355;0.0261656;0.931361 0.0740938 -0.356477 1.244 -0.064001 0.997146 0.0400427 0.544796 0.358427 -0.0144793 0.933445 -3.15673 0 0 0 1 
3394309160157;0.264959;0.0885326;0.977344 0.0377952 0.208254 -0.223744 -0.0838437 0.97257 0.216974 0.355023 -0.194341 -0.229519 0.953705 1.3864 0 0 0 1 
3394309160158;0.276214;0.0142096;0.986405 -0.159693 0.0387632 0.117768 0.159946 0.98712 -0.00349398 -1.64383 -0.037706 0.00964651 0.999242 -0.201803 0 0 0 1 
3394309160159;0.327677;0.0320002;0.999366 0.0298853 0.0193398 -0.241085 -0.0311324 0.997215 0.0677667 0.195703 -0.0172607 -0.0683258 0.997514 0.990977 0 0 0 1 
3394309160160;0.133668;0.0994529;0.997859 -0.0107068 0.064515 -0.2705 0.0139276 0.998668 -0.0496824 -0.0575083 -0.0638971 0.0504746 0.996679 0.371476 0 0 0 1 
3394309160161;0.30505;0.237471;0.990257 0.131271 -0.0464619 -0.286512 -0.130614 0.991289 0.0169093 0.736738 0.0482769 -0.010676 0.998777 -0.110844 0 0 0 1 
3394309160162;0.0502853;0.0270554;0.999964 -0.0083804 -0.00158695 0.0452133 0.00837785 0.999964 -0.00160467 -0.141358 0.00160034 0.00159131 0.999997 0.075177 0 0 0 1 
3394309160163;0.250016;0.0258145;0.994637 -0.0726068 -0.0736602 0.0787341 0.0891128 0.963098 0.253969 -1.26969 0.0525021 -0.259171 0.964403 -0.297258 0 0 0 1 
3394309160164;0.523579;0.246974;0.989405 0.13711 -0.0477289 -0.733238 -0.137806 0.990391 -0.0115921 0.476052 0.0456809 0.0180466 0.998793 0.00794927 0 0 0 1 
3394309160165;0.368871;0.0855035;0.968387 0.246408 -0.0388462 0.114749 -0.248304 0.937254 -0.244744 2.3894 -0.023898 0.246652 0.968809 0.91449 0 0 0 1 
3394309160166;0.306131;0.021226;0.999539 -0.0118765 -0.0279404 0.100075 0.0118441 0.999929 -0.00132357 -0.112164 0.0279541 0.000992031 0.999609 -1.00749 0 0 0 1 
3394309160167;0.598213;0.117254;0.925482 -0.138737 -0.35247 2.04884 0.197584 0.970706 0.136714 -2.6786 0.323177 -0.196169 0.925783 -2.42072 0 0 0 1 
3394309160168;0.1742;0.0306897;0.999358 0.0351815 -0.00676629 -0.0623199 -0.0351677 0.999379 0.00215387 0.30388 0.00683786 -0.00191453 0.999975 0.436403 0 0 0 1 
3394309160169;0.457369;0.0821261;0.946579 -0.313212 0.0767172 0.366499 0.311769 0.949671 0.0304225 -3.77805 -0.0823848 -0.00487926 0.996589 1.26757 0 0 0 1 
3394309160170;0.210774;0.0349345;0.985907 -0.101588 0.132921 -0.268456 0.122712 0.979158 -0.161836 -0.933029 -0.11371 0.175866 0.977825 0.943039 0 0 0 1 
3394309160171;0.312176;0.0256745;0.979736 -0.197215 0.0349799 0.431391 0.179662 0.942512 0.281767 -1.99554 -0.0885378 -0.269773 0.958845 0.711878 0 0 0 1 
3394309160172;0.347442;0.0230673;0.991693 -0.0538414 -0.116814 0.130627 0.038484 0.990773 -0.129952 -0.348229 0.122733 0.124378 0.984615 -0.144637 0 0 0 1 
3394309160173;0.513361;0.338507;0.968594 -0.228812 0.0973168 0.668878 0.23482 0.970458 -0.0554178 -2.11403 -0.0817616 0.0765293 0.993709 0.686794 0 0 0 1 
3394309160174;0.158617;0.028593;0.997519 0.0504438 -0.0491005 -0.235033 -0.056004 0.991267 -0.119384 0.641262 0.0426496 0.121838 0.991633 -0.11788 0 0 0 1 
3394309160175;0.423765;0.0298062;0.98566 -0.0348144 -0.165115 1.06721 -0.000718584 0.977611 -0.210418 0.495523 0.168744 0.207519 0.963567 -1.57955 0 0 0 1 
3394309160176;0.19621;0.0389072;0.995808 -0.0383162 0.0830568 0.0149001 0.034782 0.998444 0.0435887 -0.0775864 -0.0845977 -0.0405171 0.995591 0.427794 0 0 0 1 
3394309160177;0.557777;0.02392;0.955983 0.180208 -0.231565 0.561585 -0.0794899 0.918729 0.386806 0.304851 0.282451 -0.351373 0.892613 -1.49311 0 0 0 1 
3394309160178;0.217629;0.0377673;0.999988 -0.00477335 0.000474813 0.308336 0.00477417 0.999987 -0.00175092 -0.318666 -0.000466449 0.00175317 0.999998 0.351601 0 0 0 1 
3394309160179;0.268847;0.281353;0.997159 -0.0710048 0.0251479 0.00509762 0.0707876 0.997447 0.00942648 -1.23058 -0.025753 -0.00761954 0.999639 0.153328 0 0 0 1 
3394309160180;0.363436;0.0342449;0.997236 -0.00456461 0.0741553 -0.0984621 0.00894836 0.998224 -0.0588916 0.340393 -0.0737548 0.0593924 0.995506 1.62242 0 0 0 1 
3394309160181;0.481709;0.295396;0.990999 -0.133493 0.0100701 0.24995 0.13369 0.990771 -0.0223668 -1.80852 -0.00699138 0.0235117 0.999699 0.776073 0 0 0 1 
3394309160182;0.293983;0.0142854;0.998433 -0.0449433 -0.0333445 0.0310056 0.0447312 0.998974 -0.00708086 -0.928524 0.0336285 0.00557822 0.999419 0.281226 0 0 0 1 
3394309160183;0.436918;0.0327984;0.972911 -0.231034 0.0081952 0.434802 0.220023 0.936256 0.273887 -2.96829 -0.0709502 -0.264665 0.961727 0.258111 0 0 0 1 
3394309160184;0.141133;0.0163215;0.999878 -0.00823702 -0.0132632 -0.30137 0.00793341 0.999709 -0.0227834 -0.152761 0.013447 0.0226754 0.999652 0.0818109 0 0 0 1 
3394309160186;0.458534;0.273443;0.993093 0.116071 -0.0171249 0.371828 -0.116744 0.992113 -0.0456299 2.20855 0.0116936 0.047314 0.998812 -0.904954 0 0 0 1 
3394309160187;0.388653;0.35176;0.996751 -0.0698657 -0.0400694 0.341245 0.0666999 0.99491 -0.0755392 -1.69276 0.045143 0.0726212 0.996337 -0.543103 0 0 0 1 
3394309160188;0.269366;0.0197143;0.986311 -0.164822 0.00484616 0.207974 0.161948 0.973804 0.15962 -3.40984 -0.0310281 -0.15665 0.987167 0.900346 0 0 0 1 
3394309160189;0.483079;0.0703746;0.969077 -0.201704 -0.142145 0.961669 0.163277 0.956058 -0.243504 -2.49719 0.185014 0.212765 0.959427 -3.87959 0 0 0 1 
3394309160190;0.0786131;0.00662159;0.998012 0.0601172 -0.0189332 0.107798 -0.0602197 0.998173 -0.00488997 1.14089 0.0186047 0.0060204 0.999809 -0.498487 0 0 0 1 
3394309160191;0.461554;0.134269;0.966301 -0.257343 -0.00611444 0.793783 0.257413 0.966121 0.0186751 -5.96586 0.00110139 -0.0196197 0.999807 0.597763 0 0 0 1 
3394309160192;0.432023;0.0439253;0.987936 -0.0299094 -0.151944 1.10431 -0.00555861 0.97369 -0.227808 0.819892 0.15476 0.225904 0.961778 -2.50771 0 0 0 1 
3394309160193;0.353577;0.24027;0.999266 0.0347224 0.0161935 0.144889 -0.0344366 0.999252 -0.0176018 0.513935 -0.0167926 0.0170313 0.999714 -0.236416 0 0 0 1 
3394309160194;0.352735;0.353985;0.960684 -0.211766 0.17956 0.243438 0.21336 0.976916 0.0106203 -3.92006 -0.177664 0.0281081 0.98369 3.70058 0 0 0 1 
3394309160195;0.362433;0.318364;0.999066 0.0378497 0.0208449 0.0421406 -0.03761 0.999223 -0.0117728 0.770271 -0.0212743 0.0109778 0.999713 0.238828 0 0 0 1 
3394309160196;0.182053;0.00343085;0.99291 -0.108468 0.0486341 -0.0416077 0.0998595 0.983049 0.153762 -2.33381 -0.064488 -0.147815 0.98691 0.868882 0 0 0 1 
3394309160197;0.398636;0.128188;0.960541 0.266716 -0.0788948 1.25226 -0.277169 0.941553 -0.191454 5.89473 0.0232198 0.205767 0.978326 0.364814 0 0 0 1 
3394309160198;0.114611;0.0177642;0.991446 -0.130476 -0.00318072 0.0714101 0.130466 0.991448 -0.00306675 -2.66058 0.00355365 0.00262554 0.99999 -0.0028544 0 0 0 1 
3394309160199;0.260161;0.240483;0.999006 0.0382278 0.0229281 0.05423 -0.0376574 0.998983 -0.0248146 0.685358 -0.0238533 0.0239265 0.999429 0.546488 0 0 0 1 
3394309160200;0.239388;0.00959934;0.999025 -0.0340167 -0.02813 0.00684814 0.0343627 0.999338 0.0119125 -0.755537 0.0277061 -0.0128675 0.999533 0.0676646 0 0 0 1 
3394309160201;0.340496;0.00601601;0.969377 -0.07598 0.233529 0.581809 0.120398 0.975848 -0.182275 -1.71518 -0.21404 0.20481 0.955113 4.16107 0 0 0 1 
3394309160202;0.373558;0.00288064;0.98614 -0.0830139 0.143653 -0.680697 0.0836404 0.996495 0.00168325 -1.41185 -0.143289 0.0103553 0.989627 2.15708 0 0 0 1 
3394309160203;0.451354;0.416348;0.999823 0.0144378 0.012102 0.0664253 -0.0138762 0.998878 -0.0452706 0.381081 -0.012742 0.0450947 0.998901 0.253175 0 0 0 1 
3394309160204;0.469117;0.346969;0.997404 0.0716835 -0.00687012 0.144781 -0.0716096 0.997378 0.0104554 1.44135 0.00760159 -0.00993628 0.999922 -0.692461 0 0 0 1 
3394309160205;0.327235;0.0555932;0.981503 -0.186291 -0.04414 0.772463 0.188174 0.981184 0.0432196 -4.18257 0.035258 -0.0507261 0.99809 -1.09221 0 0 0 1 
3394309160206;0.165571;0.00577376;0.998278 -0.0134851 -0.0570896 -0.109089 0.00652415 0.992704 -0.120403 0.131283 0.0582967 0.119823 0.991082 -0.692671 0 0 0 1 
3394309160207;0.420271;0.0255399;0.977439 0.103429 0.184162 0.306284 -0.113078 0.99267 0.042655 2.07094 -0.1784 -0.0625173 0.98197 4.42649 0 0 0 1 
3394309160208;0.487381;0.00659072;0.92488 0.307123 -0.224215 1.33633 -0.250121 0.935476 0.249647 4.15841 0.28642 -0.174812 0.942021 -5.32213 0 0 0 1 
3394309160209;0.287731;0.00416208;0.995921 0.0701245 0.0567837 -0.122499 -0.0774073 0.98736 0.138305 1.48154 -0.0463673 -0.142136 0.98876 0.0911712 0 0 0 1 
3394309160210;0.372686;0.0975903;0.966671 -0.252161 0.0442971 0.615213 0.255649 0.96004 -0.113875 -4.80671 -0.0138121 0.121404 0.992507 1.02836 0 0 0 1 
3394309160211;0.423056;0.265035;0.99565 -0.0511606 -0.0778758 0.566396 0.0544285 0.997699 0.0404341 -1.30266 0.0756279 -0.0444969 0.996143 -0.836877 0 0 0 1 
3394309160212;0.468609;0.091449;0.969502 -0.243249 0.029924 1.17781 0.243922 0.96956 -0.0213221 -5.36198 -0.0238265 0.0279709 0.999325 1.0724 0 0 0 1 
3394309160213;0.266849;0.00151865;0.978393 -0.149417 0.142906 -0.319461 0.17493 0.966674 -0.186926 -3.05939 -0.110214 0.207886 0.971924 2.48942 0 0 0 1 
3394309160214;0.475344;0.403984;0.993807 -0.0972094 0.0538398 0.30955 0.0996898 0.993979 -0.0454737 -1.92994 -0.0490952 0.0505594 0.997514 1.74785 0 0 0 1 
3394309160215;0.281079;0.0698042;0.926182 0.0856286 -0.367224 1.87173 -0.068372 0.995868 0.0597721 1.41841 0.370825 -0.030252 0.92821 -7.26604 0 0 0 1 
3394309160217;0.276984;0.00467812;0.999995 0.000245088 0.00330384 -0.554731 -0.000249055 0.999999 0.00120019 0.35924 -0.00330355 -0.00120101 0.999994 0.378232 0 0 0 1 
3394309160218;0.423487;0.495912;0.971266 0.23414 -0.0426656 -0.348633 -0.227976 0.966772 0.115666 2.57766 0.06833 -0.102616 0.992371 -0.209295 0 0 0 1 
3394309160219;0.217232;0.0239505;0.985599 0.161907 -0.0488033 0.458865 -0.168268 0.967638 -0.188049 2.5113 0.0167774 0.193553 0.980946 0.0710646 0 0 0 1 
3394309160220;0.375115;0.0254649;0.929692 0.180902 -0.320854 1.52914 -0.107444 0.966393 0.233541 0.605468 0.352319 -0.182647 0.917884 -5.01207 0 0 0 1 
3394309160221;0.326953;0.0306851;0.980919 0.183165 -0.0651842 -0.107198 -0.179927 0.982275 0.052551 1.96255 0.0736544 -0.0398199 0.996489 -0.421353 0 0 0 1 
3394309160222;0.142051;0.00638223;0.999194 -0.0353901 0.0189635 -0.252225 0.0359263 0.998942 -0.0287246 -0.740671 -0.0179268 0.0293827 0.999407 0.343396 0 0 0 1 
3394309160223;0.261461;0.0477714;0.95895 0.274039 -0.0729264 0.266698 -0.270477 0.961148 0.0551036 3.4285 0.0851936 -0.0331167 0.995814 -1.19714 0 0 0 1 
3394309160224;0.0854273;0.0427404;0.993648 0.111905 -0.0119059 0.0630327 -0.111804 0.993691 0.00877511 1.35869 0.0128128 -0.00738823 0.999891 -0.166039 0 0 0 1 
3394309160225;0.231107;0.00618758;0.999968 0.00423628 -0.00684353 -0.216742 -0.0041191 0.999846 0.0170472 0.56538 0.00691469 -0.0170185 0.999831 0.0956376 0 0 0 1 
3394309160226;0.061528;0.0182092;0.999995 0.00299651 -0.00137821 -0.0416898 -0.00299886 0.999994 -0.00170298 0.0743943 0.0013731 0.0017071 0.999998 -0.154552 0 0 0 1 
3394309160227;0.376137;0.437616;0.990723 0.129755 -0.0403969 -0.357623 -0.129652 0.991546 0.0051894 2.03425 0.0407287 9.62674e-05 0.99917 -0.117342 0 0 0 1 
3394309160228;0.303595;0.0195764;0.965389 -0.249099 0.0772854 0.273864 0.26061 0.933001 -0.248177 -2.97999 -0.0102865 0.259729 0.965627 0.177541 0 0 0 1 
3394309160229;0.401686;0.0150429;0.930173 -0.314689 0.189075 1.13672 0.319261 0.947644 0.00658337 -3.65715 -0.181248 0.0542407 0.981941 2.49713 0 0 0 1 
3394309160230;0.10387;0.036483;0.991462 0.126846 -0.0302278 0.0548915 -0.127834 0.991235 -0.0333534 1.66486 0.0257321 0.0369327 0.998986 -0.310458 0 0 0 1 
3394309160231;0.26477;0.0278702;0.926832 -0.226067 0.299794 0.287228 0.189678 0.970964 0.145776 -2.78051 -0.324045 -0.0782456 0.9428 4.23957 0 0 0 1 
3394309160232;0.456423;0.0107883;0.870986 0.287187 -0.398633 2.84699 -0.285123 0.956222 0.0659158 3.90193 0.400111 0.0562475 0.914739 -5.52459 0 0 0 1 
3394309160233;0.155497;0.032805;0.999133 0.0342259 0.0237198 -0.21497 -0.0348488 0.999045 0.0263659 0.390132 -0.0227947 -0.0271696 0.999371 0.664586 0 0 0 1 
3394309160234;0.449685;0.212058;0.99828 -0.0540069 0.0228284 0.0975374 0.0548271 0.997811 -0.0369729 -0.595927 -0.0207817 0.0381609 0.999055 -0.524906 0 0 0 1 
3394309160235;0.164832;0.00858756;0.972578 0.127299 -0.194647 0.376376 -0.117341 0.99116 0.0619055 1.50746 0.200807 -0.0373677 0.978918 -2.58028 0 0 0 1 
3394309160236;0.330502;0.053975;0.976761 0.213365 0.020339 0.0477368 -0.205972 0.96067 -0.186249 3.22008 -0.0592782 0.177732 0.982292 1.26397 0 0 0 1 
3394309160237;0.197559;0.0246369;0.999965 -0.00831563 0.000418555 0.26451 0.00831316 0.99995 0.00559232 0.135103 -0.000465038 -0.00558865 0.999984 -0.298061 0 0 0 1 
3394309160238;0.37956;0.160883;0.982792 -0.136827 0.12409 0.460499 0.122531 0.985622 0.116344 -1.45151 -0.138225 -0.0991369 0.985427 1.85873 0 0 0 1 
3394309160239;0.353533;0.0115847;0.995725 -0.04223 0.0821512 -0.774234 0.0414604 0.999079 0.0110519 -0.380255 -0.0825422 -0.00759858 0.996559 0.465078 0 0 0 1 
3394309160240;0.540644;0.285855;0.996126 0.0865694 0.0154743 -0.447233 -0.0847223 0.991861 -0.0950434 1.66214 -0.0235762 0.0933641 0.995353 0.0209232 0 0 0 1 
3394309160241;0.23847;0.562851;0.97976 0.0799436 0.183522 -1.05663 -0.0906466 0.994593 0.0506782 0.989774 -0.178478 -0.0662881 0.981708 1.83728 0 0 0 1 
3394309160242;0.249114;0.0115012;0.999437 -0.0222299 0.0251316 -0.299082 0.0217715 0.999594 0.0183672 -0.27811 -0.0255297 -0.0178097 0.999515 -0.286769 0 0 0 1 
3394309160243;0.309141;0.124794;0.985201 0.134839 0.105815 -0.148342 -0.114158 0.976702 -0.181717 1.8235 -0.127852 0.166948 0.977641 1.2503 0 0 0 1 
3394309160244;0.346424;0.128963;0.999993 -0.00244985 -0.0027555 0.242007 0.00245676 0.999994 0.00250813 -0.403836 0.00274934 -0.00251488 0.999993 0.586501 0 0 0 1 
3394309160245;0.222213;0.365855;0.981973 0.14298 0.123632 -0.778542 -0.148696 0.988142 0.0382619 2.0616 -0.116696 -0.0559558 0.99159 1.05982 0 0 0 1 
3394309160246;0.394505;0.252874;0.993877 0.109766 0.0126157 -0.55275 -0.110485 0.988256 0.105557 1.2055 -0.000881031 -0.106305 0.994333 0.0113557 0 0 0 1 
3394309160248;0.387346;0.343111;0.993615 0.092082 -0.0652002 0.253314 -0.0865562 0.992781 0.0830327 1.6261 0.0723753 -0.0768591 0.994412 -0.701295 0 0 0 1 
3394309160249;0.0790091;0.00510852;0.996132 -0.0871903 0.0108582 0.0686472 0.0871745 0.996191 0.00191722 -1.494 -0.010984 -0.000963241 0.999939 0.162245 0 0 0 1 
3394309160250;0.489213;0.0213452;0.932787 0.26619 -0.243004 1.71596 -0.224979 0.956748 0.184439 3.25817 0.28159 -0.117372 0.952329 -3.91628 0 0 0 1 
3394309160251;0.37181;0.204631;0.887471 0.428484 -0.169695 1.83508 -0.386618 0.892604 0.231913 6.33148 0.250841 -0.140209 0.957821 -4.25537 0 0 0 1 
3394309160252;0.374908;0.230083;0.996972 -0.0766761 -0.0129823 0.281439 0.076724 0.997047 0.0032299 -1.65101 0.0126963 -0.00421617 0.999911 -0.509298 0 0 0 1 
3394309160253;0.217625;0.0223448;0.970903 -0.152107 0.184964 0.243343 0.160719 0.986468 -0.0324079 -2.6195 -0.177531 0.0611921 0.982211 3.48445 0 0 0 1 
3394309160254;0.306431;0.207094;0.999772 -0.0200636 0.00727177 -0.15147 0.0200605 0.999799 0.000502501 -0.0697687 -0.00728039 -0.000356511 0.999973 0.46827 0 0 0 1 
3394309160255;0.470321;0.0748028;0.972696 -0.228455 -0.0408812 -0.328729 0.209855 0.941006 -0.265459 -2.85886 0.0991149 0.249632 0.963255 -1.60854 0 0 0 1 
3394309160256;0.293686;0.00771453;0.999447 0.0300293 -0.0142777 -0.480278 -0.0297784 0.999404 0.0174771 -0.00532847 0.014794 -0.0170423 0.999745 -0.00558466 0 0 0 1 
3394309160257;0.406176;0.0330062;0.992877 0.0626028 0.101373 -0.0802723 -0.0416965 0.979604 -0.196565 1.8057 -0.111611 0.190938 0.975236 2.47104 0 0 0 1 
3394309160258;0.344851;0.0635263;0.988274 0.0407725 0.147144 -0.30438 -0.0106897 0.979799 -0.199698 0.901524 -0.152314 0.195784 0.968746 2.65295 0 0 0 1 
3394309160259;0.414136;0.29351;0.982701 -0.139119 -0.122246 0.557855 0.148558 0.986294 0.0717913 -3.17844 0.110583 -0.0887101 0.9899 -1.92002 0 0 0 1 
3394309160260;0.148826;0.00810084;0.972125 0.0971965 -0.213369 0.885596 -0.0827085 0.993685 0.0758296 1.29193 0.219392 -0.0560684 0.974024 -3.86634 0 0 0 1 
3394309160261;0.341319;0.00583933;0.985591 -0.167757 -0.021634 0.346645 0.166813 0.985183 -0.0398516 -2.39462 0.0279989 0.0356686 0.998971 0.191417 0 0 0 1 
