#;prob_registration_l1 -r /home/probabilistic_point_clouds_registration/build/tester /home/point_clouds_registration_benchmark//devel/registration_pairs/long_office_household_local.txt /home/point_clouds_registration_benchmark//tum/long_office_household -s 0.1 -t 0.1 -p 0.3 -r 1000 -m 5 -i 40 
id;initial_error;final_error;transformation
26456013410000;0.652746;0.107158;0.906026 0.395136 -0.151605 0.102861 -0.417855 0.892039 -0.172229 0.0158232 0.0671837 0.219393 0.973321 -0.548534 0 0 0 1 
26456013410001;1.0574;0.108398;0.993952 0.108719 0.0154997 -0.0502582 -0.108037 0.99336 -0.039547 0.0264507 -0.0196963 0.0376333 0.999097 0.940419 0 0 0 1 
26456013410002;0.577722;0.114897;0.990919 0.134382 0.00459381 0.0727344 -0.134355 0.990916 -0.00588046 0.135146 -0.00534231 0.00520986 0.999972 0.466768 0 0 0 1 
26456013410003;1.10585;0.422678;0.946866 -0.321627 0.000196343 0.229822 0.321512 0.946511 -0.0273116 0.461236 0.00859831 0.0259235 0.999627 -0.931093 0 0 0 1 
26456013410004;0.510854;0.108884;0.970446 0.0584133 0.234142 -0.163553 -0.0985895 0.981564 0.163744 -0.0623841 -0.220261 -0.181989 0.958314 -0.462852 0 0 0 1 
26456013410005;0.315858;0.111855;0.998698 -0.0448923 0.0242452 -0.0453846 0.0466112 0.996038 -0.0757279 0.34755 -0.0207496 0.0767594 0.996834 -0.243538 0 0 0 1 
26456013410006;0.127418;0.0915871;0.995683 0.0927208 0.00432646 0.0783166 -0.0924045 0.994545 -0.0484003 0.0360121 -0.00879058 0.0477916 0.998819 -0.0393398 0 0 0 1 
26456013410007;0.936325;0.507886;0.973273 -0.227697 -0.0299124 0.0992008 0.212877 0.943357 -0.254482 0.329642 0.0861627 0.241312 0.966615 0.602757 0 0 0 1 
26456013410008;0.859142;0.137179;0.999673 -0.0135199 0.0217072 0.181716 0.0168207 0.986988 -0.159909 0.08068 -0.0192628 0.160222 0.986893 0.661748 0 0 0 1 
26456013410009;0.404949;0.118143;0.98801 0.111921 -0.10635 -0.150132 -0.121257 0.988906 -0.0857952 -0.0767456 0.0955684 0.0976622 0.99062 0.256207 0 0 0 1 
26456013410010;0.333714;0.119386;0.996802 0.0523579 -0.060364 -0.121704 -0.0635985 0.977187 -0.202632 0.145777 0.0483776 0.205824 0.977393 -0.301704 0 0 0 1 
26456013410011;0.463956;0.109885;0.998824 -0.0455783 0.0165188 0.0199186 0.0457969 0.998865 -0.0131034 0.204587 -0.0159028 0.0138445 0.999778 -0.425682 0 0 0 1 
26456013410012;1.06761;0.108766;0.978586 0.0278173 -0.203952 0.598006 -0.106908 0.915394 -0.388105 0.671762 0.1759 0.401598 0.898765 0.779584 0 0 0 1 
26456013410013;0.408963;0.106621;0.918664 0.39495 0.00840819 0.0821992 -0.393635 0.916983 -0.0647636 -0.0767014 -0.0332885 0.0561862 0.997865 -0.0557301 0 0 0 1 
26456013410014;0.281798;0.118549;0.992456 0.119275 0.028373 -0.0741478 -0.118035 0.992123 -0.0419526 -0.0737188 -0.0331533 0.0382871 0.998717 -0.289775 0 0 0 1 
26456013410015;0.444148;0.115584;0.995553 -0.0412882 -0.0846776 -0.0934124 0.0288239 0.989236 -0.143463 0.0816285 0.0896894 0.140384 0.986026 0.284327 0 0 0 1 
26456013410016;0.631913;0.119446;0.905198 0.321063 0.278452 -0.211791 -0.31475 0.946708 -0.0683843 -0.0645824 -0.285569 -0.0257415 0.958013 0.352274 0 0 0 1 
26456013410017;0.712942;0.12024;0.993186 0.109981 0.0385343 0.154947 -0.104784 0.987503 -0.117719 0.621211 -0.0509996 0.112879 0.992299 0.277387 0 0 0 1 
26456013410018;0.599666;0.116548;0.920387 0.291032 0.261129 -0.0649175 -0.310826 0.949745 0.0370464 -0.301886 -0.237225 -0.115263 0.964593 -0.44803 0 0 0 1 
26456013410019;0.16999;0.089359;0.999292 0.00885006 0.0365597 -0.0649839 -0.00750805 0.999299 -0.0366828 0.198174 -0.0368587 0.0363824 0.998658 -0.139293 0 0 0 1 
26456013410020;0.966938;0.115812;0.993391 0.105017 0.0463246 -0.392431 -0.104713 0.994462 -0.00896367 -0.127065 -0.0470094 0.00405366 0.998886 -0.899639 0 0 0 1 
26456013410021;1.2145;0.452176;0.951834 -0.298598 -0.0696565 -0.476034 0.296379 0.954211 -0.040512 0.379262 0.0785638 0.017916 0.996748 -0.29635 0 0 0 1 
26456013410022;0.808376;0.470423;0.983667 -0.164149 -0.0738581 -0.121985 0.116379 0.89301 -0.434729 0.653787 0.137316 0.419032 0.897528 -0.153317 0 0 0 1 
26456013410023;0.310262;0.108699;0.952521 0.303381 -0.0257807 -0.24158 -0.304471 0.948709 -0.0851401 -0.00780121 -0.00137156 0.0889472 0.996035 0.128821 0 0 0 1 
26456013410024;0.290654;0.120268;0.985009 0.172423 -0.00526697 0.0964113 -0.171089 0.980378 0.0979122 -0.213116 0.0220459 -0.0955432 0.995181 -0.0720291 0 0 0 1 
26456013410025;0.115869;0.120495;0.992949 0.118541 -0.000986455 -0.0381905 -0.118071 0.988199 -0.0975837 0.0768204 -0.0105929 0.0970121 0.995227 0.0188446 0 0 0 1 
26456013410026;0.438952;0.165006;0.994562 -0.060336 0.0848834 -0.0681238 0.0541935 0.995866 0.0728974 -0.24499 -0.0889308 -0.0679008 0.993721 -0.272583 0 0 0 1 
26456013410027;1.02893;0.109841;0.916289 0.399433 0.0294577 0.0704714 -0.396323 0.914854 -0.077275 0.796966 -0.0578156 0.0591315 0.996575 0.152159 0 0 0 1 
26456013410028;0.910665;0.122751;0.995734 0.0911196 0.0145117 0.105745 -0.0897278 0.99292 -0.0778347 0.0883941 -0.0215012 0.0762005 0.996861 0.767082 0 0 0 1 
26456013410029;0.807992;0.127401;0.982122 0.119974 -0.145058 0.126316 -0.154478 0.954025 -0.25685 0.938274 0.107574 0.274666 0.955503 -0.0700797 0 0 0 1 
26456013410031;0.378079;1.39064;-0.157021 0.341344 -0.92673 0.933614 -0.813541 0.487292 0.317328 1.27391 0.559906 0.803761 0.201182 -0.188918 0 0 0 1 
26456013410032;0.347742;1.36149;-0.102926 0.384176 -0.917505 0.557531 -0.521319 0.764735 0.37869 1.06967 0.847132 0.51729 0.121568 -0.697756 0 0 0 1 
26456013410033;0.319289;1.13347;0.370939 0.623988 -0.687781 -0.0768451 -0.693393 0.678763 0.24184 1.01698 0.617746 0.387195 0.684449 -0.607041 0 0 0 1 
26456013410034;0.665788;0.920962;0.445004 0.727053 -0.522845 0.728729 -0.688851 0.650974 0.31893 0.802513 0.572237 0.218237 0.790517 -0.765959 0 0 0 1 
26456013410035;0.543286;0.97243;0.625684 0.594623 -0.504919 0.497542 -0.65935 0.749018 0.0650373 0.620672 0.416866 0.292226 0.860713 -0.0824889 0 0 0 1 
26456013410036;0.569296;0.812631;0.81785 0.499934 -0.284934 0.139707 -0.535157 0.842807 -0.0573108 0.941152 0.211492 0.199356 0.956832 0.253608 0 0 0 1 
26456013410037;0.587068;1.29577;-0.10367 0.36859 -0.923793 0.86645 -0.804944 0.514473 0.295605 1.63748 0.584224 0.774247 0.243359 0.111953 0 0 0 1 
26456013410038;0.163491;1.06127;0.449257 0.504811 -0.737112 0.429515 -0.688883 0.721088 0.0739751 1.05603 0.568866 0.47455 0.671709 -0.39822 0 0 0 1 
26456013410039;0.298903;1.30287;0.0298715 0.383321 -0.923132 0.559735 -0.565886 0.767772 0.300498 1.41215 0.823942 0.513411 0.23985 -0.477312 0 0 0 1 
26456013410040;0.421915;1.37367;-0.00822272 0.237679 -0.971309 0.713602 -0.860582 0.492985 0.127919 1.41173 0.509245 0.836943 0.200488 -0.10516 0 0 0 1 
26456013410041;0.740902;1.00289;0.746734 0.549918 -0.374137 0.424196 -0.551923 0.826225 0.112837 0.731499 0.371173 0.122236 0.920483 -0.936472 0 0 0 1 
26456013410042;0.386627;0.974432;0.564263 0.734385 -0.377208 0.535839 -0.759243 0.641045 0.112301 0.953633 0.32428 0.223025 0.919295 -0.0998417 0 0 0 1 
26456013410043;0.418115;0.847841;0.670557 0.39724 -0.626541 0.12817 -0.557408 0.827096 -0.0721714 0.980091 0.48954 0.397634 0.77604 -0.177816 0 0 0 1 
26456013410044;0.401489;0.799968;0.750532 0.469103 -0.465451 0.150929 -0.35508 0.880295 0.314642 0.493782 0.557333 -0.0708762 0.827258 -0.254544 0 0 0 1 
26456013410045;0.640918;1.57141;-0.188106 0.272296 -0.943648 0.626612 -0.472261 0.817357 0.329995 0.553303 0.861153 0.507722 -0.0251549 -0.993064 0 0 0 1 
26456013410046;0.387348;0.89304;0.551754 0.728861 -0.405376 -0.04965 -0.72344 0.660112 0.202205 1.25283 0.414973 0.181697 0.891506 -0.0633641 0 0 0 1 
26456013410047;0.681694;1.02716;0.712572 0.679749 -0.17373 -0.0836543 -0.548085 0.693907 0.467007 0.550931 0.438 -0.237558 0.867019 -0.652892 0 0 0 1 
26456013410048;0.200666;1.05972;0.382577 0.711979 -0.58883 0.384146 -0.743643 0.6155 0.261065 0.906207 0.548297 0.338002 0.764935 -0.421387 0 0 0 1 
26456013410049;0.634474;0.939669;0.539237 0.679366 -0.497681 0.854418 -0.766342 0.640888 0.0445207 0.922611 0.349203 0.357387 0.866217 0.117197 0 0 0 1 
26456013410050;0.211001;1.37947;0.0910241 0.319103 -0.943339 0.622508 -0.580622 0.786608 0.210061 1.2136 0.809069 0.528603 0.256879 -0.519172 0 0 0 1 
26456013410051;0.550163;0.864326;0.766713 0.532874 -0.358046 0.356114 -0.410134 0.835628 0.365398 0.410568 0.493905 -0.133309 0.859236 -0.682652 0 0 0 1 
26456013410052;0.551544;1.03793;0.633487 0.692002 -0.346161 0.311337 -0.705528 0.700284 0.10878 1.048 0.317687 0.175315 0.931847 -0.791922 0 0 0 1 
26456013410053;0.345543;1.08171;0.481757 0.825148 -0.295028 0.11718 -0.848498 0.523377 0.0782775 1.71929 0.219001 0.21262 0.952277 -0.100109 0 0 0 1 
26456013410054;0.546651;1.25133;0.162562 0.462301 -0.871694 0.35858 -0.862522 0.495631 0.102005 1.86484 0.479196 0.735273 0.479316 -0.896256 0 0 0 1 
26456013410055;0.267657;0.938392;0.467514 0.81781 -0.335585 0.341254 -0.836958 0.531678 0.129689 1.24492 0.284485 0.220239 0.93304 -0.314996 0 0 0 1 
26456013410056;0.595541;1.0152;0.609243 0.596225 -0.522818 0.728986 -0.725747 0.684919 -0.0646326 0.935739 0.319553 0.418811 0.84999 -0.246461 0 0 0 1 
26456013410057;0.461018;1.54567;-0.142001 0.312765 -0.939156 1.09047 -0.751057 0.583974 0.30804 1.17319 0.644786 0.749101 0.151979 -0.233838 0 0 0 1 
26456013410058;0.576941;1.2976;0.0309849 0.588943 -0.80758 0.79805 -0.607905 0.652458 0.452494 0.411001 0.793405 0.476911 0.378238 -0.787028 0 0 0 1 
26456013410059;0.729412;1.43661;-0.226338 0.584319 -0.779321 1.19047 -0.756534 0.398503 0.51851 1.07251 0.613537 0.706941 0.351861 0.0640764 0 0 0 1 
26456013410060;0.670241;0.921352;0.761761 0.544361 -0.351272 -0.294169 -0.423617 0.828757 0.365665 1.11337 0.490173 -0.129744 0.861915 -0.56093 0 0 0 1 
26456013410062;0.727774;0.0621697;0.953432 -0.297361 -0.0504438 -0.0186086 0.301308 0.946533 0.115275 -0.191421 0.0134686 -0.125106 0.992052 0.280872 0 0 0 1 
26456013410063;1.34575;0.0933722;0.952608 0.218928 0.211209 -0.415051 -0.137365 0.929064 -0.343468 -0.454625 -0.271421 0.298178 0.915107 -0.192581 0 0 0 1 
26456013410064;0.325852;0.10851;0.984985 0.136552 0.105631 -0.111277 -0.146956 0.984285 0.0979168 -0.141052 -0.0906007 -0.11197 0.989573 0.0988061 0 0 0 1 
26456013410065;0.371368;0.118218;0.966663 -0.162346 -0.198008 0.297406 0.177213 0.982359 0.0597126 0.0484209 0.184821 -0.0928116 0.97838 0.0254791 0 0 0 1 
26456013410066;1.03207;0.0714046;0.963133 0.143926 -0.227288 -0.139489 -0.201134 0.946309 -0.253072 0.412611 0.178661 0.289457 0.94037 0.397879 0 0 0 1 
26456013410067;0.857765;0.20504;0.982101 -0.101078 0.158936 0.0391915 0.144238 0.946248 -0.289501 0.191254 -0.121131 0.307244 0.94389 0.194992 0 0 0 1 
26456013410068;1.01715;0.0630398;0.999081 0.0416366 0.0102053 -0.143889 -0.0427033 0.987521 0.151589 -0.0471089 -0.00376628 -0.151885 0.988391 0.589863 0 0 0 1 
26456013410069;0.211374;0.0942835;0.983708 -0.106358 -0.144939 0.107684 0.1062 0.994305 -0.0088468 0.0199217 0.145054 -0.00668989 0.989401 0.1159 0 0 0 1 
26456013410070;0.584191;0.173071;0.92846 -0.243448 -0.280527 0.432609 0.24162 0.969477 -0.0416468 0.0578463 0.282104 -0.0291136 0.958942 -0.0173755 0 0 0 1 
26456013410071;0.0848378;0.0733362;0.999813 0.000827298 0.0193155 -0.00408287 -0.000641539 0.999954 -0.00962136 -0.00124864 -0.0193225 0.00960717 0.999767 -0.013385 0 0 0 1 
26456013410072;0.345771;0.0669616;0.984699 0.0842707 -0.152535 -0.025555 -0.0555934 0.981475 0.183347 -0.270669 0.16516 -0.172062 0.971142 0.177106 0 0 0 1 
26456013410073;0.619828;0.254494;0.972139 0.0450157 0.230042 -0.1596 -0.0194048 0.993473 -0.112404 -0.100115 -0.2336 0.104809 0.966667 0.140963 0 0 0 1 
26456013410074;0.46439;0.0390982;0.990559 -0.0761198 -0.11401 -0.0818167 0.0626164 0.991077 -0.117669 0.175862 0.121949 0.109419 0.986487 0.0935665 0 0 0 1 
26456013410075;1.52576;0.0656779;0.956392 -0.292067 0.00329291 -0.0120855 0.290111 0.951175 0.105365 -0.0239255 -0.0339057 -0.0998148 0.994428 -0.792225 0 0 0 1 
26456013410076;0.479244;0.0462082;0.956642 0.258592 -0.134039 -0.0635376 -0.265407 0.963485 -0.0354333 -0.0488129 0.119982 0.0694718 0.990342 -0.16903 0 0 0 1 
26456013410077;0.704929;0.0707218;0.989919 -0.117353 0.0793071 -0.368087 0.113605 0.992255 0.0502326 -0.167485 -0.0845878 -0.0407165 0.995584 0.0890822 0 0 0 1 
26456013410078;0.365691;0.264621;0.999903 -0.00732481 -0.0118169 0.0563743 0.00690748 0.999364 -0.0349794 0.0853003 0.0120656 0.0348944 0.999318 -0.0196652 0 0 0 1 
26456013410079;1.72117;1.50519;0.889098 -0.132557 -0.438103 0.199839 0.122922 0.991134 -0.0504269 0.375126 0.440903 -0.00901808 0.897509 0.605444 0 0 0 1 
26456013410080;1.76411;0.163715;0.993501 -0.0962553 -0.0607537 -0.459874 0.0970262 0.995233 0.00986242 0.753136 0.0595148 -0.015693 0.998104 -0.0710145 0 0 0 1 
26456013410081;1.63412;0.685121;0.995401 0.0569857 0.0770012 0.0351298 -0.0439363 0.985872 -0.161638 0.634479 -0.0851243 0.157512 0.983841 -0.23049 0 0 0 1 
26456013410082;0.404515;0.113718;0.923798 -0.370078 -0.0981771 0.0835965 0.356613 0.924993 -0.131204 0.265801 0.139369 0.0861952 0.986482 0.0184633 0 0 0 1 
26456013410083;1.34753;0.138049;0.998924 -0.0462941 0.00279749 -0.219682 0.0461663 0.998307 0.0353947 -0.540139 -0.00443132 -0.0352274 0.999369 0.481098 0 0 0 1 
26456013410084;1.15281;0.109171;0.996711 0.0700639 0.0407295 0.0934653 -0.073522 0.993157 0.0907382 -0.62325 -0.0340933 -0.0934342 0.995042 0.332513 0 0 0 1 
26456013410085;0.50976;0.0195043;0.971816 0.231453 0.0447643 -0.104178 -0.224345 0.966332 -0.12598 0.0802342 -0.0724158 0.112387 0.991022 -0.310769 0 0 0 1 
26456013410086;0.789041;0.092156;0.990816 -0.100138 -0.0908651 0.110129 0.094405 0.993387 -0.0653453 0.139979 0.0968077 0.0561671 0.993717 -0.402777 0 0 0 1 
26456013410087;0.962758;0.352135;0.997054 0.0467344 -0.0608229 0.0110197 -0.0559312 0.985602 -0.159561 0.516934 0.0524902 0.162493 0.985313 0.00124301 0 0 0 1 
26456013410088;1.51292;0.509367;0.97871 -0.128468 -0.160074 -0.340095 0.134832 0.990429 0.0295055 -0.175199 0.154751 -0.0504603 0.986664 0.114634 0 0 0 1 
26456013410089;0.558558;0.0900278;0.999566 -0.0140567 -0.0258976 -0.0168854 0.0128321 0.998819 -0.046863 0.0243654 0.0265258 0.0465103 0.998566 0.284383 0 0 0 1 
26456013410090;1.4132;1.09212;0.998797 -0.0124388 -0.0474265 0.107369 0.00954547 0.998107 -0.0607531 0.0686083 0.0480925 0.0602273 0.997025 -0.180019 0 0 0 1 
26456013410091;1.21795;0.726362;0.920745 -0.166647 -0.352785 -0.000209501 0.106183 0.977094 -0.184427 -0.0300537 0.375438 0.132351 0.917349 0.453478 0 0 0 1 
26456013410093;0.469907;0.0867239;0.957455 -0.283093 0.0560195 -0.0993762 0.288077 0.949076 -0.127541 0.352518 -0.0170608 0.138253 0.99025 -0.3099 0 0 0 1 
26456013410094;0.663694;0.0804135;0.881856 0.159497 -0.443724 0.388009 -0.0707095 0.975144 0.209988 0.23246 0.466187 -0.153804 0.871214 0.106776 0 0 0 1 
26456013410095;0.871627;0.182362;0.986244 0.122508 0.110974 0.351886 -0.124277 0.992206 0.00913882 0.246712 -0.108989 -0.0228046 0.993781 -0.036485 0 0 0 1 
26456013410096;0.802998;0.0401118;0.999644 0.00497085 0.0262253 -0.394454 -0.00473899 0.999949 -0.00889608 0.157102 -0.0262682 0.00876863 0.999616 -0.44702 0 0 0 1 
26456013410097;0.47238;0.0366851;0.925204 0.379431 0.00545341 0.04522 -0.379333 0.924387 0.0401905 0.0229339 0.0102085 -0.0392531 0.999177 0.218047 0 0 0 1 
26456013410098;0.153152;0.0566467;0.99042 0.0678704 -0.120259 0.120045 -0.0633952 0.99716 0.0406605 0.0174711 0.122677 -0.0326471 0.99191 0.0810665 0 0 0 1 
26456013410099;1.16156;0.0780406;0.98778 -0.0847302 -0.13081 -0.293134 0.0574568 0.978166 -0.199723 0.682953 0.144876 0.189766 0.971082 0.516152 0 0 0 1 
26456013410100;0.366643;0.0548277;0.975368 0.206737 0.0769219 -0.0432259 -0.20082 0.97651 -0.0780952 0.0127536 -0.0912602 0.0607241 0.993974 0.188409 0 0 0 1 
26456013410101;1.16745;0.0680345;0.993783 0.109994 0.0172418 0.0332128 -0.1113 0.977493 0.179217 0.362208 0.00285904 -0.180022 0.983658 0.794756 0 0 0 1 
26456013410102;1.13408;0.475104;0.990994 -0.0932273 -0.0961241 0.173705 0.098371 0.993881 0.0502287 0.15382 0.0908533 -0.0592322 0.994101 -0.91516 0 0 0 1 
26456013410103;0.393965;0.0689144;0.996212 0.0391823 -0.0776251 -0.0224706 -0.0249855 0.984062 0.176063 -0.340066 0.0832864 -0.173457 0.981313 -0.0578754 0 0 0 1 
26456013410104;1.01585;0.0634584;0.969451 0.242348 0.0378436 -0.530283 -0.243386 0.93127 0.271106 0.0311165 0.0304594 -0.272035 0.961805 -0.36916 0 0 0 1 
26456013410105;1.13047;0.684264;0.99799 -0.0491108 -0.0400403 -0.04955 0.0430707 0.989241 -0.139814 -0.051777 0.0464759 0.137808 0.989368 0.248982 0 0 0 1 
26456013410106;0.197882;0.047408;0.970047 0.238356 0.0468497 -0.126317 -0.240322 0.969782 0.0420494 0.0143414 -0.0354113 -0.0520489 0.998017 0.0468356 0 0 0 1 
26456013410107;0.85745;0.0626181;0.940922 -0.331908 0.0670989 -0.29643 0.335215 0.941024 -0.0458785 -0.246958 -0.0479143 0.0656607 0.996691 -0.358709 0 0 0 1 
26456013410108;1.09003;0.226329;0.977615 0.0479912 0.204853 -0.403863 -0.0554094 0.997994 0.0306277 -0.633929 -0.202973 -0.0412929 0.978313 0.376288 0 0 0 1 
26456013410109;0.997601;0.336819;0.988203 0.152697 -0.0117573 0.033148 -0.153146 0.984759 -0.0824416 -0.350726 -0.00101051 0.0832697 0.996527 0.310435 0 0 0 1 
26456013410110;1.0844;0.163105;0.88358 -0.110789 0.454985 -1.05062 0.0861817 0.993486 0.0745503 -0.0556721 -0.460281 -0.0266598 0.887373 -0.407487 0 0 0 1 
26456013410111;0.414986;0.124934;0.98442 -0.172602 -0.0335493 0.0363452 0.143887 0.900438 -0.410498 0.388919 0.101062 0.399275 0.911244 0.027 0 0 0 1 
26456013410112;0.40276;0.101681;0.996096 0.00552348 0.088103 -0.126105 -0.0191364 0.987819 0.154427 -0.075035 -0.0861768 -0.15551 0.984068 -0.247645 0 0 0 1 
26456013410113;0.220143;0.0516501;0.989065 0.147428 0.00395088 0.0396581 -0.147469 0.988964 0.0142273 -0.00962893 -0.00180978 -0.0146543 0.999891 0.122513 0 0 0 1 
26456013410114;0.883586;0.272332;0.985066 -0.127655 0.115536 -0.545347 0.125219 0.99173 0.0281313 -0.0989572 -0.118171 -0.0132438 0.992905 0.239423 0 0 0 1 
26456013410115;0.901703;0.0871661;0.998871 -0.0204788 -0.0428629 -0.00766119 0.0277345 0.983962 0.176208 0.0552978 0.0385669 -0.177197 0.983419 0.759265 0 0 0 1 
26456013410116;0.0971774;0.0387925;0.999902 -0.00509764 0.0130615 -0.0301067 0.00468548 0.999496 0.0313942 0.0599758 -0.013215 -0.03133 0.999422 0.0371106 0 0 0 1 
26456013410117;0.308242;0.0312445;0.999919 0.00877515 0.00922421 -0.0188761 -0.00947101 0.996883 0.0783201 0.0607113 -0.00850819 -0.0784011 0.996886 -0.156308 0 0 0 1 
26456013410118;0.617996;0.117517;0.941488 -0.284859 0.180154 -0.424224 0.290705 0.956792 -0.00635089 0.240586 -0.170561 0.058351 0.983618 -0.297703 0 0 0 1 
26456013410119;0.836682;0.177416;0.983023 -0.181403 -0.0275363 -0.0492836 0.181836 0.983227 0.0141369 0.125592 0.02451 -0.018904 0.999521 -0.670532 0 0 0 1 
26456013410120;1.27194;0.209588;0.997053 0.044223 -0.0626802 0.485519 -0.0386798 0.995453 0.0870474 0.266548 0.0662447 -0.0843664 0.99423 -0.749897 0 0 0 1 
26456013410121;0.539915;0.117461;0.952835 -0.302903 -0.0188589 0.20647 0.303009 0.952983 0.0029547 0.121036 0.0170772 -0.00852976 0.999818 -0.366341 0 0 0 1 
26456013410122;0.715537;0.0388662;0.998397 0.0112029 -0.0554809 0.170327 -0.0117451 0.999886 -0.00945629 0.188236 0.0553687 0.0100928 0.998415 -0.51424 0 0 0 1 
26456013410124;1.54152;0.559387;0.863056 0.491474 -0.116565 -0.237965 -0.499572 0.864629 -0.0533289 -0.461275 0.074576 0.104259 0.99175 0.18601 0 0 0 1 
26456013410125;0.0901978;0.0316721;0.998225 0.0591265 -0.00716011 0.0706494 -0.0591725 0.998227 -0.00640155 -0.10301 0.00676891 0.00681387 0.999954 0.0121683 0 0 0 1 
26456013410126;2.04591;0.944917;0.964504 0.229014 0.13147 -0.184806 -0.263535 0.866383 0.424182 -0.642197 -0.0167598 -0.443772 0.895983 -0.760977 0 0 0 1 
26456013410127;0.892171;0.213668;0.996131 0.0637089 0.0605392 0.0349747 -0.0658255 0.997264 0.0336331 0.235062 -0.0582309 -0.037488 0.997599 -0.183219 0 0 0 1 
26456013410128;1.22747;0.0707087;0.999743 -0.0216998 0.00652504 -0.197326 0.0220276 0.998229 -0.0552584 0.113096 -0.00531439 0.055388 0.998451 -0.553018 0 0 0 1 
26456013410129;0.476134;0.0683738;0.981695 0.016223 0.189768 -0.111616 -0.0126863 0.999723 -0.0198373 -0.0886676 -0.190037 0.0170667 0.981629 -0.10244 0 0 0 1 
26456013410130;2.09219;0.0925184;0.984071 0.146267 0.101044 0.194828 -0.139759 0.987795 -0.0687684 0.193678 -0.10987 0.0535511 0.992502 0.777677 0 0 0 1 
26456013410131;1.46172;0.320312;0.998791 0.0472365 0.0135838 -0.156458 -0.0473846 0.998818 0.0107952 -0.224033 -0.0130579 -0.0114258 0.999849 0.584171 0 0 0 1 
26456013410132;0.769284;0.152627;0.990623 -0.0819291 0.109331 -0.192168 0.0643063 0.985667 0.155963 0.110888 -0.120542 -0.14747 0.981694 0.0528399 0 0 0 1 
26456013410133;1.34603;0.103816;0.999465 -0.0262098 0.0195746 -0.0696018 0.0256064 0.999208 0.0304661 0.354275 -0.0203576 -0.0299486 0.999344 0.495533 0 0 0 1 
26456013410134;1.62064;0.476263;0.993925 -0.0226089 0.107715 0.227202 0.021313 0.999686 0.013167 0.325277 -0.107979 -0.0107913 0.994095 -0.825899 0 0 0 1 
26456013410135;0.477389;0.0522903;0.998097 0.0474465 0.0393886 0.0258558 -0.045109 0.997282 -0.0582513 0.0625421 -0.0420454 0.0563636 0.997525 -0.232399 0 0 0 1 
26456013410136;1.0412;0.279663;0.985072 -0.150228 -0.0840572 -0.333459 0.15522 0.986271 0.0563625 0.397747 0.074436 -0.0685685 0.994866 0.28028 0 0 0 1 
26456013410137;1.90811;0.334126;0.9961 -0.0856635 0.0211376 -0.0283994 0.0864064 0.995566 -0.0371715 0.1336 -0.0178596 0.038853 0.999085 0.890501 0 0 0 1 
26456013410138;0.964836;0.0546437;0.981766 0.174886 -0.0745036 0.0492622 -0.180895 0.979958 -0.0834196 -0.271735 0.0584214 0.0953758 0.993726 0.595489 0 0 0 1 
26456013410139;1.47225;0.953572;0.977444 0.105696 -0.182845 0.39948 -0.153909 0.94934 -0.27398 -0.0224703 0.144624 0.295942 0.944194 0.175064 0 0 0 1 
26456013410140;1.16137;0.886338;0.998592 -0.0135296 -0.0513017 0.0544714 0.00924094 0.996513 -0.0829302 -0.0457472 0.0522448 0.0823393 0.995234 0.284471 0 0 0 1 
26456013410141;0.944233;0.490294;0.995583 0.0861839 0.0372433 -0.127771 -0.0801439 0.986755 -0.141034 -0.165617 -0.0489049 0.137427 0.989304 -0.210983 0 0 0 1 
26456013410142;1.84842;0.603432;0.961261 0.110722 -0.252423 -0.407671 -0.157975 0.97175 -0.175343 -0.322438 0.225878 0.208427 0.951597 0.530224 0 0 0 1 
26456013410143;0.46443;0.0617334;0.962271 0.270182 0.0321991 0.0254401 -0.272067 0.95375 0.127828 -0.484148 0.00382699 -0.131765 0.991274 0.1278 0 0 0 1 
26456013410144;0.759937;0.0921801;0.974454 -0.0511146 -0.218691 -0.0893231 -0.00464421 0.968961 -0.247169 0.385367 0.224537 0.24187 0.943971 0.325766 0 0 0 1 
26456013410145;0.437138;0.179819;0.986049 -0.0557446 0.156841 -0.151704 0.0132042 0.965481 0.260138 -0.0359506 -0.165929 -0.254438 0.952748 -0.318265 0 0 0 1 
26456013410146;1.81332;0.646299;0.99894 0.0458422 -0.00415851 -0.170042 -0.0455104 0.997157 0.0600538 0.044792 0.00689968 -0.0598009 0.998186 0.666831 0 0 0 1 
26456013410147;0.897776;0.383091;0.997178 0.0546533 0.0514608 0.280679 -0.0469305 0.988915 -0.140872 -0.0187895 -0.0585895 0.138059 0.98869 0.116911 0 0 0 1 
26456013410148;0.647101;0.227268;0.997762 -0.0641131 -0.0190095 -0.138317 0.0656175 0.993456 0.093485 -0.0663798 0.0128915 -0.0945231 0.995439 0.198234 0 0 0 1 
26456013410149;0.510162;0.0571501;0.920353 0.385704 -0.064673 -0.040672 -0.390096 0.917151 -0.0816017 -0.50784 0.0278408 0.100331 0.994565 0.13 0 0 0 1 
26456013410150;1.62937;0.123001;0.948478 0.0212216 0.316131 0.0310018 0.0880178 0.940835 -0.327234 0.804127 -0.304372 0.3382 0.890494 -0.725538 0 0 0 1 
26456013410151;0.991097;0.350325;0.978572 -0.119545 0.167648 -0.366905 0.143599 0.979745 -0.139568 0.421572 -0.147568 0.160652 0.975917 -0.564228 0 0 0 1 
26456013410152;0.386143;0.0629409;0.999259 0.0251947 -0.029091 0.0107028 -0.0270235 0.997566 -0.0642847 0.0892237 0.0274006 0.0650232 0.997507 -0.0811424 0 0 0 1 
26456013410153;1.24713;0.0339479;0.938472 0.342402 0.0450657 -0.265224 -0.344028 0.938301 0.0351672 -0.293271 -0.0302439 -0.0485073 0.998365 0.322302 0 0 0 1 
26456013410155;0.44177;0.254967;0.99339 0.0926184 0.0678051 -0.065894 -0.0766759 0.975018 -0.208472 -0.0773482 -0.0854196 0.201895 0.975675 -0.0568941 0 0 0 1 
26456013410156;0.559197;0.174289;0.997878 -0.056745 -0.0319177 -0.127889 0.0539774 0.99519 -0.0817473 0.12693 0.036403 0.0798511 0.996142 0.501653 0 0 0 1 
26456013410157;0.798739;0.556224;0.999428 0.029017 -0.0173657 0.168433 -0.0285615 0.999256 0.0259311 -0.20356 0.0181052 -0.0254202 0.999513 -0.256152 0 0 0 1 
26456013410158;0.506235;0.203648;0.986238 0.0922111 0.137231 0.0732192 -0.0721157 0.986827 -0.144816 0.346944 -0.148777 0.132926 0.979896 -0.290126 0 0 0 1 
26456013410159;0.771683;0.332193;0.999465 0.0316792 -0.008088 0.144306 -0.0326569 0.979256 -0.19998 0.644427 0.00158502 0.200137 0.979767 0.0871817 0 0 0 1 
26456013410160;0.731372;0.371301;0.998595 -0.0347647 -0.03999 0.0160852 0.0333105 0.998779 -0.0364739 0.216438 0.0412092 0.0350906 0.998534 -0.558204 0 0 0 1 
26456013410161;0.152345;0.0433634;0.995929 0.0322704 0.0841703 -0.0551053 -0.0277595 0.998143 -0.0542225 0.0338848 -0.0857638 0.0516652 0.994975 -0.190558 0 0 0 1 
26456013410162;0.843744;0.40358;0.940176 -0.0474786 -0.337365 0.276929 0.0426693 0.998854 -0.0216605 0.521398 0.338007 0.00596954 0.941125 0.733898 0 0 0 1 
26456013410163;0.17304;0.0279814;0.997697 -0.00946719 -0.0671612 0.0522716 -0.000379848 0.989415 -0.145113 0.135014 0.0678241 0.144804 0.987133 0.142918 0 0 0 1 
26456013410164;1.05704;0.0494874;0.995729 -0.00166831 -0.0923081 0.109699 0.004435 0.999547 0.0297753 -0.0515208 0.0922166 -0.0300576 0.995285 -0.878656 0 0 0 1 
26456013410165;1.01882;1.01599;0.99097 -0.111117 -0.0750485 -0.569398 0.117912 0.988643 0.0931727 0.491534 0.0638431 -0.10118 0.992817 0.0659261 0 0 0 1 
26456013410166;0.386158;0.0299412;0.973694 0.0106246 -0.227614 0.39449 -0.0799415 0.951347 -0.297569 0.402121 0.213378 0.307937 0.92717 0.0866772 0 0 0 1 
26456013410167;0.362618;0.219721;0.996037 0.0393646 -0.0797562 -0.134203 -0.00396045 0.915465 0.402378 -0.478575 0.0888534 -0.400468 0.911993 0.0634141 0 0 0 1 
26456013410168;0.272737;0.0921149;0.967955 -0.0508713 -0.245917 0.147104 0.0575179 0.998146 0.0199164 -0.130467 0.244448 -0.0334228 0.969086 0.0844834 0 0 0 1 
26456013410169;0.677811;0.189344;0.999059 -0.0379474 -0.0209925 -0.113351 0.037437 0.999006 -0.0241936 -0.199454 0.0218897 0.023385 0.999487 0.473626 0 0 0 1 
26456013410170;0.704368;0.125804;0.997028 0.0770298 0.00139215 0.170481 -0.077042 0.996808 0.0209566 -0.646044 0.000226577 -0.0210016 0.999779 0.0952142 0 0 0 1 
26456013410171;1.02478;0.648654;0.970498 -0.104118 -0.21747 -0.106997 0.116524 0.992168 0.0449878 0.00151688 0.211083 -0.069001 0.97503 0.00678373 0 0 0 1 
26456013410172;0.366617;0.0819142;0.975871 -0.0430111 -0.21407 0.14993 0.0571212 0.996553 0.0601682 -0.0305959 0.210744 -0.0709443 0.974964 -0.11586 0 0 0 1 
26456013410173;0.895873;0.329989;0.999857 0.0157576 -0.00617001 -0.131483 -0.0156484 0.999727 0.0173642 -0.405387 0.00644195 -0.0172651 0.99983 0.466007 0 0 0 1 
26456013410174;0.457447;0.271738;0.99915 -0.0381877 -0.0155525 -0.198338 0.0381036 0.999258 -0.00566659 0.277934 0.0157574 0.00506916 0.999863 -4.39368e-05 0 0 0 1 
26456013410175;0.623034;0.0629649;0.997378 -0.00651864 -0.0720744 0.0696207 0.0101005 0.998726 0.0494444 -0.0253175 0.0716603 -0.0500427 0.996173 -0.487332 0 0 0 1 
26456013410176;0.235307;0.160005;0.996005 -0.0424829 -0.0785462 -0.0828241 0.0416091 0.999053 -0.0127297 0.110767 0.0790126 0.00941057 0.996829 0.0479784 0 0 0 1 
26456013410177;0.877512;0.488125;0.999804 -0.0146272 -0.0133791 -0.0384601 0.0145887 0.999889 -0.0029741 0.678398 0.0134211 0.00277833 0.999906 0.0534834 0 0 0 1 
26456013410178;0.197683;0.0375792;0.99862 -0.0266724 -0.0452302 -0.0456318 0.0271966 0.999569 0.0110146 0.120159 0.044917 -0.0122295 0.998916 -0.0409772 0 0 0 1 
26456013410179;0.15124;0.0431323;0.996791 -0.000756188 0.0800497 -0.0418282 -0.00889225 0.992721 0.120105 -0.048638 -0.0795579 -0.120432 0.989529 -0.000120335 0 0 0 1 
26456013410180;0.554153;0.316306;0.999928 0.00782567 0.00904867 0.129272 -0.0060856 0.98393 -0.178451 0.357512 -0.0102998 0.178384 0.983907 -0.0210273 0 0 0 1 
26456013410181;0.475904;0.046222;0.999326 0.0210497 0.0300863 -0.0379617 -0.0296089 0.946539 0.321226 -0.668407 -0.0217162 -0.321901 0.946524 -0.0667614 0 0 0 1 
26456013410182;0.72307;0.462251;0.999252 -0.0120512 0.0367533 -0.195384 0.0157413 0.994677 -0.101828 0.14217 -0.0353306 0.10233 0.994123 0.245904 0 0 0 1 
26456013410183;0.714484;0.182366;0.998427 0.0557335 0.00614539 -0.131271 -0.0497541 0.931143 -0.361244 0.149515 -0.0258556 0.36037 0.932451 0.446621 0 0 0 1 
26456013410184;0.435457;0.286492;0.999804 0.0113721 0.0162309 0.0104866 -0.0106939 0.999091 -0.0412721 0.197381 -0.0166855 0.0410904 0.999016 -0.168535 0 0 0 1 
26456013410186;2.57906;1.42496;0.989808 0.135133 -0.0449353 -0.0258471 -0.140588 0.977527 -0.157084 -0.547584 0.0226982 0.1618 0.986563 -0.580407 0 0 0 1 
26456013410187;0.634766;0.266732;0.992434 -0.116058 -0.0400657 0.178911 0.104523 0.969829 -0.220243 0.370532 0.0644179 0.214389 0.974622 -0.11052 0 0 0 1 
26456013410188;1.09866;0.606633;0.957846 -0.286859 -0.0155669 0.150751 0.251436 0.810891 0.528427 -0.399409 -0.138961 -0.510066 0.848836 0.0205534 0 0 0 1 
26456013410189;0.60767;0.163665;0.954858 0.258009 -0.147235 -0.0518443 -0.256991 0.966058 0.0262232 -0.126909 0.149003 0.0127987 0.988754 0.151813 0 0 0 1 
26456013410190;1.29465;1.52889;0.855823 -0.43911 0.273404 -0.282554 0.15739 0.724547 0.671014 0.259321 -0.492743 -0.531238 0.689196 -0.575186 0 0 0 1 
26456013410191;1.28532;0.95043;0.999585 -0.0166234 -0.0235437 0.0604023 0.014405 0.995706 -0.0914476 -0.0573474 0.0249628 0.0910705 0.995532 -0.291575 0 0 0 1 
26456013410192;1.88351;2.42437;0.446111 -0.220122 -0.867486 -0.761903 -0.361467 0.842394 -0.399642 -0.587219 0.818735 0.491852 0.296235 1.83095 0 0 0 1 
26456013410193;1.11745;0.699566;0.99993 -0.0110988 -0.00403869 -0.0871517 0.0115232 0.841776 0.539704 -0.425033 -0.0025904 -0.539713 0.841845 0.0967768 0 0 0 1 
26456013410194;2.37375;0.218653;0.948863 -0.310431 0.057378 0.455111 0.314184 0.946337 -0.0757219 -0.126909 -0.0307925 0.0898769 0.995477 -0.402832 0 0 0 1 
26456013410195;1.70586;0.9386;0.995741 -0.081053 -0.0439336 0.169478 0.0918121 0.915119 0.392591 -0.656346 0.00838379 -0.394953 0.918663 -0.0696224 0 0 0 1 
26456013410196;0.514644;0.18725;0.999932 -0.0097344 0.00642457 0.0363713 0.0097903 0.999914 -0.00872742 0.0559929 -0.00633906 0.00878973 0.999941 0.1351 0 0 0 1 
26456013410197;2.7645;2.70093;0.761887 -0.56954 0.308469 -0.356127 0.576046 0.813558 0.0793324 1.0462 -0.29614 0.11725 0.94792 -0.239193 0 0 0 1 
26456013410198;2.3433;0.757296;0.988159 -0.123656 -0.0908312 0.46493 0.126797 0.991486 0.0296449 -0.44544 0.0863921 -0.040811 0.995425 0.310373 0 0 0 1 
26456013410199;2.04036;0.812492;0.99701 -0.00929317 -0.0767152 0.25916 0.0424059 0.895709 0.442613 -0.879203 0.0646012 -0.444543 0.893425 -0.0174943 0 0 0 1 
26456013410200;2.25828;2.2449;0.997495 -0.0539758 0.0457108 -0.0600516 0.064572 0.95868 -0.277063 0.287423 -0.0288673 0.279321 0.959764 -0.0998148 0 0 0 1 
26456013410201;2.32984;0.954941;0.985557 -0.0631819 0.157114 -0.312323 -0.0252857 0.862483 0.505453 -0.212544 -0.167444 -0.502126 0.848429 -0.438801 0 0 0 1 
26456013410202;0.574695;0.133071;0.999316 -0.0340697 0.0143626 -0.0429415 0.0334628 0.998616 0.0405669 0.161545 -0.0157248 -0.0400585 0.999074 0.131418 0 0 0 1 
26456013410203;2.04835;0.403955;0.975141 -0.0762681 0.208045 0.0949435 0.0389691 0.983292 0.177814 -0.603795 -0.218131 -0.165287 0.961821 -0.0891205 0 0 0 1 
26456013410204;0.669991;0.287137;0.994691 -0.0967793 0.0349846 0.140941 0.0805535 0.9438 0.320552 -0.174917 -0.0640412 -0.316032 0.946585 -0.121024 0 0 0 1 
26456013410205;0.908947;0.247765;0.998461 -0.0484233 0.0270161 -0.03748 0.0474372 0.998225 0.0360186 0.328154 -0.0287122 -0.0346816 0.998986 -0.0997087 0 0 0 1 
26456013410206;1.79634;1.60557;0.951144 -0.306574 -0.0365734 0.155717 0.298176 0.942841 -0.148804 0.347118 0.0801022 0.130628 0.98819 -0.244565 0 0 0 1 
26456013410207;0.232642;0.0732469;0.999096 -0.0190051 -0.0380317 0.0125292 0.0210993 0.998239 0.0554437 0.0611144 0.036911 -0.056196 0.997737 0.0298561 0 0 0 1 
26456013410208;2.37807;0.820709;0.972542 0.00286725 0.23271 -0.365258 -0.0246423 0.995572 0.0907182 -0.378217 -0.23142 -0.0939618 0.968306 -0.899863 0 0 0 1 
26456013410209;2.64335;0.144146;0.981975 -0.18365 0.0446902 0.486892 0.17608 0.974812 0.136887 -0.636368 -0.0687038 -0.126551 0.989578 -0.18054 0 0 0 1 
26456013410210;2.26073;1.12128;0.941717 -0.269176 0.201775 -0.368439 0.107 0.808318 0.578942 -0.447165 -0.318935 -0.523609 0.790008 -0.530633 0 0 0 1 
26456013410211;1.42407;0.903588;0.974118 -0.225449 0.0163522 0.0480309 0.222496 0.969089 0.106589 0.486138 -0.0398772 -0.100192 0.994169 -0.210108 0 0 0 1 
26456013410212;1.48789;1.32902;0.95595 -0.228492 -0.184258 0.172482 0.217735 0.972972 -0.0769172 0.270228 0.196852 0.0334097 0.979864 0.055798 0 0 0 1 
26456013410213;1.60061;1.30002;0.932695 -0.0507403 -0.35708 0.200887 0.126573 0.973133 0.19233 0.248244 0.337727 -0.224582 0.914058 0.678453 0 0 0 1 
26456013410214;1.7042;1.6264;0.893799 -0.367764 -0.256656 0.183499 0.423348 0.503057 0.753465 0.728136 -0.147985 -0.782102 0.605324 0.0303297 0 0 0 1 
26456013410215;0.754244;0.65706;0.992781 0.119276 0.0126095 -0.0507308 -0.119733 0.979376 0.162748 -0.346967 0.00706255 -0.163083 0.986587 0.00479635 0 0 0 1 
26456013410217;1.32332;1.79702;0.957171 0.263925 0.119031 -0.285968 -0.248221 0.959687 -0.13186 -0.175624 -0.149033 0.0966664 0.984096 -0.326116 0 0 0 1 
26456013410218;1.34012;1.30952;0.994266 0.105844 0.015203 -0.111747 -0.106351 0.964053 0.243498 -0.325486 0.0111164 -0.243719 0.969782 0.185846 0 0 0 1 
26456013410219;0.65608;0.625072;0.976497 0.211093 0.0435113 -0.109437 -0.207072 0.974859 -0.0822901 -0.0340684 -0.0597882 0.071346 0.995658 -0.113354 0 0 0 1 
26456013410220;1.46371;1.20623;0.992657 -0.0949636 0.0749301 -0.0105379 0.097397 0.994808 -0.0295106 0.244253 -0.0717386 0.0365919 0.996752 -0.00481846 0 0 0 1 
26456013410221;1.60635;1.58894;0.99732 0.0236253 -0.0692493 -0.0170797 -0.00573252 0.968757 0.247945 -0.0850009 0.0729435 -0.246883 0.966296 0.279641 0 0 0 1 
26456013410222;2.32392;0.822228;0.998146 0.035934 0.049116 -0.0713063 -0.00702462 0.8697 -0.493531 0.378125 -0.0604507 0.492271 0.86834 -1.02651 0 0 0 1 
26456013410223;1.20647;1.11326;0.991713 0.127892 -0.012225 0.0273405 -0.122404 0.969472 0.212462 -0.0213578 0.0390239 -0.209205 0.977093 0.137286 0 0 0 1 
26456013410224;0.781646;0.637643;0.987155 0.139853 0.0772472 -0.0575425 -0.130328 0.984544 -0.116994 0.050255 -0.0924153 0.105424 0.990124 -0.148502 0 0 0 1 
26456013410225;1.91639;1.36419;0.920369 0.38177 0.0846926 -0.263818 -0.160879 0.172253 0.971827 -1.65105 0.356426 -0.908064 0.219955 1.5244 0 0 0 1 
26456013410226;0.740714;0.7261;0.963858 0.263751 0.0376007 -0.0718706 -0.262766 0.964418 -0.0291756 -0.00384157 -0.0439579 0.0182409 0.998867 -0.045778 0 0 0 1 
26456013410227;0.854149;0.912476;0.999458 -0.0232964 0.0232772 0.0176802 0.0232942 0.999729 0.000363198 0.0079266 -0.0232794 0.000179224 0.999729 -0.00253059 0 0 0 1 
26456013410228;0.477964;0.087012;0.964395 -0.086341 -0.249976 0.221587 0.023551 0.969489 -0.244 0.309319 0.263416 0.229425 0.937004 0.0591254 0 0 0 1 
26456013410229;0.488387;0.0583084;0.878924 -0.227099 -0.419426 0.399196 0.283998 0.955673 0.0776779 0.0518758 0.383194 -0.187389 0.90446 0.372166 0 0 0 1 
26456013410230;0.907029;0.704229;0.951833 0.234627 -0.197393 0.199674 -0.133126 0.896167 0.423275 -0.483657 0.276209 -0.376609 0.884236 0.334923 0 0 0 1 
26456013410231;2.37848;0.890283;0.968881 0.154065 -0.193736 0.228878 -0.0551287 0.897337 0.437889 -0.967595 0.24131 -0.413582 0.877906 -0.121974 0 0 0 1 
26456013410232;0.758672;0.413873;0.997917 0.0548451 0.0339755 0.0188149 -0.0584103 0.99167 0.114798 -0.18356 -0.0273963 -0.116543 0.992808 -0.150181 0 0 0 1 
26456013410233;0.876115;0.0715819;0.997266 -0.0736118 0.00639097 0.0198967 0.0733162 0.996577 0.0381891 0.373495 -0.00918027 -0.0376161 0.99925 0.067399 0 0 0 1 
26456013410234;0.436918;0.0662502;0.988457 0.148981 0.0275265 -0.122129 -0.150096 0.938277 0.311622 -0.435091 0.0205983 -0.312157 0.949807 0.330696 0 0 0 1 
26456013410235;0.42537;0.0819143;0.927219 -0.0325834 0.373101 -0.39334 0.0662631 0.994764 -0.0778009 0.0401588 -0.368612 0.0968613 0.924523 -0.344065 0 0 0 1 
26456013410236;1.61117;1.14363;0.976104 0.216755 -0.0154401 -0.0485288 -0.15689 0.752112 0.640089 -0.963798 0.150355 -0.62237 0.768146 0.364911 0 0 0 1 
26456013410237;1.76467;1.50053;0.964328 0.163561 0.208132 -0.17613 -0.24304 0.858633 0.451309 -0.528875 -0.104892 -0.485795 0.867756 0.0838974 0 0 0 1 
26456013410238;1.19544;0.198656;0.942387 0.332552 0.0362676 -0.003233 -0.316638 0.851769 0.417408 -0.497824 0.107918 -0.404844 0.907995 -0.0591947 0 0 0 1 
26456013410239;0.73293;0.354431;0.922204 -0.384983 -0.0364517 0.0210273 0.385585 0.922607 0.0109687 0.313943 0.0294078 -0.0241706 0.999275 -0.125278 0 0 0 1 
26456013410240;1.79116;1.87709;0.973352 -0.0276808 -0.22764 0.034392 0.0466216 0.995843 0.0782531 0.026231 0.224527 -0.0867808 0.970596 0.292968 0 0 0 1 
26456013410241;1.92987;1.5518;0.893067 0.0149115 0.449677 -0.328354 -0.0144564 0.999886 -0.00444611 -0.0571556 -0.449692 -0.00253003 0.89318 -0.516362 0 0 0 1 
26456013410242;1.40722;0.547916;0.934528 -0.233873 0.268255 -0.45615 0.0803943 0.873005 0.48104 -0.296602 -0.34669 -0.427979 0.83465 -0.453783 0 0 0 1 
26456013410243;0.583238;0.0577243;0.915122 -0.349217 0.201493 -0.203683 0.378247 0.916642 -0.129214 0.366233 -0.139573 0.19446 0.97093 -0.275564 0 0 0 1 
26456013410244;0.533279;0.0512536;0.996698 0.041193 0.0699696 -0.0565281 -0.0399038 0.999009 -0.0197241 0.0415288 -0.0707127 0.0168669 0.997354 0.144708 0 0 0 1 
26456013410245;0.736282;0.400842;0.982868 -0.173519 -0.0621396 -0.00165924 0.143422 0.9318 -0.333435 0.374611 0.115759 0.31881 0.940723 0.145335 0 0 0 1 
26456013410246;1.05866;0.842161;0.998345 -0.0451771 -0.0355894 0.0464898 0.0381745 0.983389 -0.17745 0.10394 0.0430148 0.175797 0.983486 -0.11496 0 0 0 1 
26456013410248;1.23759;0.883245;0.978956 0.174531 -0.105754 -0.237432 -0.0521687 0.715035 0.697139 -0.0511967 0.197291 -0.676951 0.709093 1.09689 0 0 0 1 
26456013410249;1.46586;0.39927;0.864673 0.419858 0.27579 -0.368653 -0.476498 0.85934 0.185701 -0.812272 -0.159029 -0.291984 0.943109 0.609956 0 0 0 1 
26456013410250;0.412958;0.333385;0.99365 -0.0902484 -0.0671867 -0.123686 0.081126 0.988458 -0.12794 0.255383 0.0779576 0.121677 0.989504 0.222644 0 0 0 1 
26456013410251;1.34871;0.412021;0.990898 0.114844 0.0702296 -0.178885 -0.111226 0.992357 -0.0534442 -0.286241 -0.0758306 0.0451464 0.996098 0.763456 0 0 0 1 
26456013410252;1.49487;0.696191;0.982754 0.139488 -0.121399 0.156861 -0.0739621 0.898206 0.433307 -0.675074 0.169482 -0.416855 0.893033 -0.274415 0 0 0 1 
26456013410253;0.288077;0.078329;0.998953 0.0189495 -0.0416453 -0.0322887 -0.0194616 0.999739 -0.0119266 -0.0140998 0.0414084 0.0127245 0.999061 -0.111456 0 0 0 1 
26456013410254;0.399182;0.19504;0.975389 0.206659 0.0768598 -0.244009 -0.203582 0.977976 -0.0460035 -0.260608 -0.0846741 0.029224 0.99598 -0.290006 0 0 0 1 
26456013410255;1.26559;0.719623;0.99093 0.131796 -0.0262296 -0.496837 -0.132357 0.923482 -0.360087 -0.302674 -0.0232356 0.360293 0.93255 0.459749 0 0 0 1 
26456013410256;0.836061;0.709598;0.981039 0.12868 -0.144926 0.11754 -0.135055 0.990219 -0.0350075 -0.246265 0.139004 0.0539167 0.988823 0.0626832 0 0 0 1 
26456013410257;1.31918;0.814628;0.931632 0.335495 -0.139658 -0.399384 -0.304123 0.930154 0.205726 -0.951572 0.198924 -0.149187 0.968593 0.0645018 0 0 0 1 
26456013410258;1.48742;1.03158;0.988863 -0.145415 0.0316918 0.111171 0.135477 0.967657 0.212807 0.199651 -0.0616122 -0.206144 0.97658 0.215485 0 0 0 1 
26456013410259;1.01942;0.256806;0.876886 0.478898 -0.0415706 -0.706835 -0.471292 0.87353 0.121773 -0.486007 0.09463 -0.0871892 0.991687 0.237834 0 0 0 1 
