#;prob_registration_l1 -r /home/probabilistic_point_clouds_registration/build/tester /home/point_clouds_registration_benchmark//devel/registration_pairs/p2at_met_local.txt /home/point_clouds_registration_benchmark//planetary/p2at_met -s 0.2 -t 0.2 -p 0.3 -r 1000 -m 5 -i 40 
id;initial_error;final_error;transformation
27844314100000;0.368279;0.337546;0.999385 0.00424055 0.0348183 0.300097 -0.00900398 0.990417 0.137816 -0.179837 -0.0339003 -0.138045 0.989846 -8.27617 0 0 0 1 
27844314100001;0.325629;0.139933;0.987617 0.0333276 -0.153305 1.13988 -0.00446473 0.982751 0.184881 -0.422552 0.156822 -0.181907 0.97073 -7.71311 0 0 0 1 
27844314100002;0.342132;0.133462;0.932989 -0.0479461 0.356696 -3.13091 -0.0570032 0.958891 0.277991 -2.73204 -0.355361 -0.279696 0.891902 -24.6621 0 0 0 1 
27844314100003;0.135271;0.118649;0.995009 -0.00496689 0.0996624 -0.0423487 -0.012329 0.984989 0.172179 -0.467082 -0.0990215 -0.172548 0.980011 -12.5124 0 0 0 1 
27844314100004;0.89077;0.705406;0.985981 0.0474301 -0.159977 1.97487 -0.00463406 0.966164 0.257888 -1.19533 0.166795 -0.253531 0.952838 -12.307 0 0 0 1 
27844314100005;0.300669;0.263083;0.934368 0.0439263 -0.353591 -0.218255 0.000996651 0.992046 0.125874 0.0503678 0.356308 -0.117966 0.926892 1.15077 0 0 0 1 
27844314100006;0.461976;0.436909;0.999976 0.00681919 0.00140236 0.420364 -0.00685628 0.999573 0.028407 -0.0510867 -0.00120805 -0.0284159 0.999595 -1.55318 0 0 0 1 
27844314100007;1.17629;1.01262;0.999495 0.0096079 0.0302765 0.632531 -0.0121615 0.996279 0.0853208 -0.0992739 -0.0293441 -0.085646 0.995893 -4.38352 0 0 0 1 
27844314100008;0.519074;0.439193;0.999958 0.00871733 0.00279436 0.491418 -0.00881206 0.999317 0.0358998 -0.119057 -0.0024795 -0.035923 0.999351 -1.54079 0 0 0 1 
27844314100009;0.482706;0.493351;0.992913 -0.00830465 0.118556 -0.255404 0.0139662 0.998797 -0.0470031 0.0502466 -0.118024 0.0483258 0.991834 0.0240377 0 0 0 1 
27844314100010;0.848926;0.0770541;0.999072 0.0222437 -0.0368753 1.35693 -0.0155379 0.984788 0.173066 -0.659257 0.040164 -0.172332 0.98422 -11.3036 0 0 0 1 
27844314100011;0.370547;0.304163;0.98108 -0.00542203 -0.193528 -1.52517 -0.00639037 0.998156 -0.0603607 -0.467837 0.193498 0.0604554 0.979236 8.50896 0 0 0 1 
27844314100012;1.02719;0.42854;0.991266 -0.00170249 -0.131868 -1.02892 -0.00447458 0.998907 -0.0465325 -0.345032 0.131803 0.0467161 0.990175 8.03236 0 0 0 1 
27844314100013;0.818365;0.749248;0.998888 0.0146336 -0.0448267 0.772793 -0.0101705 0.995113 0.0982195 -0.204328 0.0460449 -0.0976543 0.994155 -5.50289 0 0 0 1 
27844314100014;0.722224;0.278308;0.99839 -0.000517469 -0.0567254 -0.105733 0.000882046 0.999979 0.0064022 0.00531179 0.0567209 -0.00644192 0.998369 -0.868158 0 0 0 1 
27844314100015;1.11358;0.683362;0.999527 -0.00156852 -0.0307085 0.0913937 0.000845783 0.999723 -0.0235343 0.0338523 0.0307369 0.0234972 0.999251 -0.367619 0 0 0 1 
27844314100016;0.370882;0.0838164;0.992998 -0.0110627 0.117614 -0.409901 0.0590455 0.908801 -0.413031 -5.37843 -0.102318 0.417084 0.90309 21.796 0 0 0 1 
27844314100017;0.341055;0.282914;0.995608 0.00356703 -0.093557 -0.268599 -0.000141332 0.99933 0.0365972 0.138079 0.0936249 -0.0364233 0.994941 0.171731 0 0 0 1 
27844314100018;0.853373;0.28825;0.999579 0.00301181 0.0288695 0.391458 -0.00308126 0.999992 0.00236159 -0.0480169 -0.0288621 -0.00244955 0.99958 -2.96066 0 0 0 1 
27844314100019;0.871961;0.0902275;0.999982 -0.00224726 0.0056209 0.0850589 0.00238831 0.999679 -0.0252134 -0.0164717 -0.00556243 0.0252263 0.999666 -1.00148 0 0 0 1 
27844314100020;0.613803;0.617321;0.996667 0.0308224 -0.0755275 1.44401 -0.0126305 0.973012 0.230408 -0.932646 0.0805909 -0.228686 0.970159 -11.9091 0 0 0 1 
27844314100021;0.300355;0.0890902;0.948533 -0.00820831 -0.316571 -2.89065 -0.0110618 0.998195 -0.0590261 -0.624828 0.316484 0.0594901 0.946731 10.9362 0 0 0 1 
27844314100022;0.628187;0.0785249;0.999973 -0.000279696 0.00737711 0.165001 0.00043931 0.999766 -0.0216436 -0.0736734 -0.00736933 0.0216463 0.999739 -0.614403 0 0 0 1 
27844314100023;0.278091;0.0856506;0.996394 -0.00044367 0.084847 0.195449 0.00398581 0.999127 -0.0415825 -0.12512 -0.0847545 0.0417707 0.995526 -0.285847 0 0 0 1 
27844314100024;0.416131;0.303492;0.969025 -0.00366817 -0.246934 -1.66783 -0.00607035 0.999234 -0.038665 -0.247234 0.246886 0.0389663 0.968261 7.26747 0 0 0 1 
27844314100025;0.365706;0.322355;0.992287 0.000452843 -0.123958 -0.561302 -0.000744219 0.999997 -0.00230431 -0.0114261 0.123957 0.00237879 0.992285 2.65014 0 0 0 1 
27844314100026;0.38807;0.189883;0.983278 -0.00915246 0.181878 -0.389304 0.000391806 0.99884 0.0481453 0.0362061 -0.182108 -0.047269 0.982142 -7.88383 0 0 0 1 
27844314100027;0.827287;0.751435;0.981195 -0.0173839 -0.192237 -2.10151 -0.00783921 0.991526 -0.129675 -1.16195 0.192862 0.128744 0.972743 11.6723 0 0 0 1 
27844314100028;0.216847;0.198459;0.993749 -0.0135177 0.110817 -0.5725 0.0276788 0.991482 -0.127266 -0.247001 -0.108153 0.129537 0.985659 5.03905 0 0 0 1 
27844314100029;0.528223;0.418918;0.997191 0.00297761 0.0748428 0.403345 -0.00114676 0.999699 -0.0244936 -0.0800577 -0.0748932 0.024339 0.996894 -1.06142 0 0 0 1 
27844314100031;1.32944;0.72419;0.999841 -0.00800421 -0.0159054 -0.244341 0.00799708 0.999968 -0.000511915 0.0753508 0.015909 0.000384637 0.999873 2.66266 0 0 0 1 
27844314100032;1.35252;1.10816;0.949856 0.055632 -0.307701 -1.76219 0.0401885 0.954165 0.296572 1.67448 0.310096 -0.294067 0.904083 6.19936 0 0 0 1 
27844314100033;0.908498;0.566867;0.974506 0.0316028 -0.222125 -1.07318 0.0222135 0.971575 0.235686 1.11528 0.223259 -0.234611 0.946104 5.01368 0 0 0 1 
27844314100034;0.315932;0.278439;0.999964 0.00488034 0.00697973 -0.0653248 -0.00499622 0.999848 0.0166822 -0.0869466 -0.00689726 -0.0167164 0.999836 -0.179578 0 0 0 1 
27844314100035;0.38412;0.180981;0.999548 -0.00530251 -0.0295871 0.0165689 0.00394548 0.998946 -0.0457369 -0.109805 0.0297984 0.0455995 0.998515 -0.469593 0 0 0 1 
27844314100036;0.255516;0.163088;0.996875 0.017429 0.0770493 0.0251229 -0.0302779 0.98517 0.168888 -0.035754 -0.0729631 -0.170693 0.982619 -0.150876 0 0 0 1 
27844314100037;0.704806;0.496543;0.999762 -0.015758 0.015094 0.122152 0.0177366 0.989783 -0.141472 -0.0143485 -0.0127104 0.141706 0.989827 0.238826 0 0 0 1 
27844314100038;1.02577;0.696554;0.996285 0.00633637 0.0858842 0.0936545 -0.00337835 0.999397 -0.0345436 0.0204196 -0.0860514 0.0341251 0.995706 0.645301 0 0 0 1 
27844314100039;0.646323;0.22478;0.998467 -0.0044972 0.055163 0.0602976 0.0161015 0.977185 -0.211777 -0.115375 -0.0529521 0.212341 0.97576 0.121602 0 0 0 1 
27844314100040;0.526776;0.435949;0.958126 0.0130921 0.286047 -0.22528 -0.00293954 0.999351 -0.0358933 -0.235325 -0.286331 0.0335495 0.957543 -4.01562 0 0 0 1 
27844314100041;0.240913;0.170453;0.986568 -0.0233316 -0.161679 -0.314868 0.0139295 0.998158 -0.0590444 0.0120492 0.162758 0.0559992 0.985076 1.89825 0 0 0 1 
27844314100042;1.10623;0.87214;0.99975 -0.000113293 -0.0223774 0.0904385 0.00139708 0.998352 0.0573626 -0.102832 0.0223341 -0.0573795 0.998103 -0.828787 0 0 0 1 
27844314100043;0.537176;0.447379;0.952371 0.0174176 0.304445 -0.279052 -0.103182 0.957885 0.267974 -0.94512 -0.286956 -0.286624 0.914059 -3.40585 0 0 0 1 
27844314100044;0.682374;0.420311;0.991365 -0.000669798 0.13113 0.17713 0.0185076 0.990692 -0.134861 0.0467736 -0.129819 0.136123 0.98215 -1.03681 0 0 0 1 
27844314100045;0.577329;0.366441;0.996672 -0.00877907 -0.0810469 -0.0578427 0.00487506 0.998824 -0.0482426 0.0706998 0.0813751 0.047687 0.995542 -0.0255129 0 0 0 1 
27844314100046;0.842689;0.673643;0.978302 0.0200309 -0.206214 -0.756684 0.0085211 0.990583 0.136647 0.151096 0.20701 -0.135439 0.968919 3.45026 0 0 0 1 
27844314100047;0.331521;0.327756;0.999666 0.00119993 0.0258222 0.00600089 -0.000452634 0.999581 -0.0289265 -0.0164742 -0.0258461 0.0289051 0.999248 -0.281912 0 0 0 1 
27844314100048;0.326512;0.249614;0.999726 -0.00247878 0.0232885 0.0624535 0.00386987 0.998198 -0.0598794 -0.00337035 -0.0230981 0.0599531 0.997934 -0.0600691 0 0 0 1 
27844314100049;0.286094;0.157053;0.987433 -0.0021888 -0.158021 -0.308886 0.00778053 0.999365 0.0347761 0.0602763 0.157844 -0.0355686 0.986823 1.61352 0 0 0 1 
27844314100050;1.23172;0.961184;0.999822 0.005655 -0.0180015 -0.262189 -0.00542712 0.999905 0.0126825 0.0671374 0.0180715 -0.0125825 0.999758 1.8205 0 0 0 1 
27844314100051;0.428034;0.181165;0.999715 -0.00541791 -0.0232655 -0.0703157 0.00503275 0.99985 -0.0165817 0.0432201 0.0233519 0.0164598 0.999592 1.11496 0 0 0 1 
27844314100052;1.33827;0.965781;0.999584 -0.00158505 -0.0288082 0.10575 0.0050998 0.992474 0.122346 -0.198063 0.0283974 -0.122442 0.992069 -0.977463 0 0 0 1 
27844314100053;1.32669;0.832104;0.970609 -0.0106828 0.240426 0.33077 -0.0260492 0.988482 0.149082 -0.151194 -0.23925 -0.150964 0.95915 -0.318043 0 0 0 1 
27844314100054;0.560805;0.280475;0.99058 -0.000188414 0.136935 0.0894182 -0.00664815 0.998754 0.0494667 -0.100589 -0.136773 -0.0499111 0.989344 -0.439551 0 0 0 1 
27844314100055;0.956315;0.869077;0.999229 -0.00210237 0.0391926 0.059964 0.00460523 0.997947 -0.0638801 0.101702 -0.0389779 0.0640114 0.997188 0.315604 0 0 0 1 
27844314100056;1.36899;1.13034;0.99812 -0.00803083 0.0607573 0.156967 0.0153536 0.992529 -0.121037 -0.0916189 -0.0593314 0.121743 0.990787 0.0888244 0 0 0 1 
27844314100057;0.0905846;0.0540393;0.990768 0.000858964 0.135565 0.0529401 0.000175317 0.999971 -0.00761727 -0.0692125 -0.135568 0.00757071 0.990739 -1.64661 0 0 0 1 
27844314100058;0.707405;0.257654;0.999859 0.0118084 0.0119194 0.0745103 -0.0118083 0.99993 -7.75244e-05 -0.0663453 -0.0119195 -6.32347e-05 0.999929 -1.47649 0 0 0 1 
27844314100059;0.65531;0.22509;0.892675 0.0175836 0.450357 -1.15742 -0.0712059 0.992191 0.102402 -0.944871 -0.44504 -0.12348 0.886957 -6.18531 0 0 0 1 
27844314100060;1.27536;0.463263;0.981627 0.0123042 0.190412 -0.0973808 -0.000805647 0.998177 -0.0603475 -0.427161 -0.190808 0.0590854 0.979848 -4.88902 0 0 0 1 
27844314100062;0.6633;0.493537;0.999989 -0.00440142 -0.00184114 -0.111777 0.00433238 0.999344 -0.0359567 -0.0500955 0.00199819 0.0359483 0.999352 0.568437 0 0 0 1 
27844314100063;1.6099;0.105386;0.994367 0.00430882 -0.105907 0.173676 -0.00546052 0.999929 -0.010587 -0.0633058 0.105854 0.0111057 0.99432 -0.444294 0 0 0 1 
27844314100064;1.94982;1.83256;0.998589 -0.000117884 0.0531002 0.110679 0.00259963 0.998907 -0.0466705 -0.0845897 -0.0530366 0.0467427 0.997498 1.35476 0 0 0 1 
27844314100065;1.77485;0.786484;0.989755 0.0238678 0.14077 1.00435 -0.077641 0.917387 0.39035 -2.98142 -0.119824 -0.39728 0.909841 -15.9205 0 0 0 1 
27844314100066;1.08018;0.584617;0.997718 0.00518797 0.0673266 0.4362 -0.00908332 0.998294 0.0576811 -0.040564 -0.0669124 -0.058161 0.996062 -3.93554 0 0 0 1 
27844314100067;1.0783;0.534559;0.999479 -0.00112401 0.0322605 -0.0304641 0.000659713 0.999896 0.0143993 0.082453 -0.0322733 -0.0143705 0.999376 0.334001 0 0 0 1 
27844314100068;0.329721;0.304074;0.999955 0.0060247 0.00736686 0.220704 -0.00622478 0.999604 0.0274458 -0.019187 -0.00719859 -0.0274904 0.999596 -1.10402 0 0 0 1 
27844314100069;0.992581;0.745123;0.918065 -0.0068147 0.396372 -0.264054 0.0359345 0.997167 -0.0660865 0.234284 -0.394799 0.0749151 0.915708 -4.03731 0 0 0 1 
27844314100070;1.68809;1.15201;0.999734 0.00331894 -0.0228389 -0.160945 -0.00277501 0.999713 0.0238067 0.0314368 0.0229114 -0.023737 0.999456 1.29401 0 0 0 1 
27844314100071;2.20263;1.01453;0.986808 0.0389195 -0.157145 0.950127 0.00258637 0.966759 0.255675 -0.524708 0.161872 -0.252709 0.953906 -8.14909 0 0 0 1 
27844314100072;0.844195;0.2066;0.918348 -0.0310705 -0.394553 -3.53259 -0.0212656 0.9916 -0.127584 -1.02401 0.395203 0.125557 0.909973 9.9542 0 0 0 1 
27844314100073;1.02691;0.568581;0.999365 0.0109463 0.0339097 0.296648 -0.0163985 0.986167 0.164944 0.0575821 -0.0316351 -0.165395 0.98572 -4.37463 0 0 0 1 
27844314100074;0.384882;0.347857;0.998287 0.00777333 0.0579945 0.378282 -0.0174008 0.985735 0.167404 -0.199649 -0.0558659 -0.168126 0.984181 -6.10555 0 0 0 1 
27844314100075;1.31596;0.598536;0.997825 -9.94799e-05 -0.0659206 0.0379292 -0.00198025 0.999502 -0.0314829 -0.0757189 0.0658909 0.031545 0.997328 0.256952 0 0 0 1 
27844314100076;1.20785;1.19477;0.999933 -0.00134894 0.0115082 -0.0109691 0.0011652 0.999872 0.0159578 0.0672581 -0.0115282 -0.0159433 0.999806 -0.627472 0 0 0 1 
27844314100077;1.66098;0.463832;0.997945 0.0163941 -0.0619452 0.629726 -0.0111933 0.996454 0.0833914 -0.183684 0.0630926 -0.0825266 0.99459 -3.82292 0 0 0 1 
27844314100078;1.89852;1.70845;0.999997 -0.000203242 -0.0022282 0.0995027 0.000186304 0.999971 -0.00759918 0.0497024 0.00222968 0.00759875 0.999969 -0.789229 0 0 0 1 
27844314100079;1.7021;1.56664;0.996608 0.0043266 0.0821772 0.336916 -0.013851 0.993189 0.115687 -0.0430462 -0.081117 -0.116433 0.98988 -3.91936 0 0 0 1 
27844314100080;1.10438;0.517024;0.972517 -0.00859077 0.232673 -0.011617 -0.00957629 0.996998 0.0768376 -0.0636152 -0.232635 -0.0769541 0.969515 -6.85874 0 0 0 1 
27844314100081;0.430079;0.421314;0.999994 -0.00353842 0.000511171 -0.117778 0.00354366 0.999937 -0.0106379 0.0198546 -0.000473498 0.0106396 0.999943 0.320626 0 0 0 1 
27844314100082;1.95213;1.48322;0.999144 0.0237293 0.0338867 0.670858 -0.0340046 0.937594 0.346066 -0.96095 -0.02356 -0.346922 0.937598 -9.59567 0 0 0 1 
27844314100083;0.583263;0.261581;0.966197 -0.00448565 0.257767 0.103024 -0.0170329 0.996553 0.0811868 -0.0692299 -0.257243 -0.082833 0.96279 -6.74746 0 0 0 1 
27844314100084;0.503644;0.442284;0.990987 0.00199433 0.133941 0.324549 -0.0360042 0.967061 0.251984 -0.758993 -0.129027 -0.254535 0.958417 -9.93165 0 0 0 1 
27844314100085;0.720603;0.461476;0.998048 0.0212942 0.0587082 0.867718 -0.0348385 0.970046 0.240412 -0.769654 -0.0518302 -0.241988 0.968894 -8.82643 0 0 0 1 
27844314100086;1.70425;1.45988;0.996001 0.044514 -0.0774568 1.16364 -0.0176773 0.948078 0.317546 -0.969459 0.0875703 -0.314907 0.945074 -9.49166 0 0 0 1 
27844314100087;1.08193;0.870554;0.977875 -0.0273324 -0.207399 -1.58615 -4.05487e-05 0.991403 -0.130845 -0.607091 0.209192 0.127958 0.969467 5.91158 0 0 0 1 
27844314100088;1.41218;0.811011;0.99815 -0.00981701 0.0599968 -0.285711 0.0150296 0.99609 -0.087058 -0.139933 -0.0589076 0.0877987 0.994395 3.38461 0 0 0 1 
27844314100089;0.394008;0.343482;0.998522 0.00209948 -0.0543023 -0.139771 -0.0027392 0.999928 -0.011709 -0.0819855 0.0542738 0.0118404 0.998456 1.04288 0 0 0 1 
27844314100090;1.35838;0.783603;0.990471 -0.0434919 -0.130675 -1.48613 0.00772156 0.964872 -0.262607 -1.49856 0.137506 0.259096 0.956013 8.33446 0 0 0 1 
27844314100091;1.04859;1.06455;0.999405 0.00391118 -0.0342595 0.0111566 -0.00141381 0.997359 0.0726186 0.156639 0.034453 -0.072527 0.996771 -1.84354 0 0 0 1 
27844314100093;0.967031;0.512286;0.995429 -0.025111 -0.092145 -2.92946 0.0125043 0.990778 -0.13492 -1.03898 0.0946832 0.133151 0.986563 17.0544 0 0 0 1 
27844314100094;1.92323;0.270414;0.972422 0.0608926 -0.225138 3.71494 -0.0148158 0.979494 0.200929 -0.922585 0.232756 -0.192052 0.953384 -8.40552 0 0 0 1 
27844314100095;0.873202;0.345432;0.991813 -0.00177006 0.127685 0.141509 -0.0411628 0.942099 0.332798 -5.55759 -0.120881 -0.335329 0.934314 -36.3296 0 0 0 1 
27844314100096;0.430323;0.37694;0.990299 0.0100749 -0.138585 0.12405 -0.00898564 0.999924 0.00848331 -0.316997 0.13866 -0.00715574 0.990314 4.05435 0 0 0 1 
27844314100097;1.73872;1.20059;0.999996 -0.0005554 0.00273182 0.154714 0.000521051 0.999921 0.0125583 0.10496 -0.00273858 -0.0125568 0.999917 0.0161166 0 0 0 1 
27844314100098;0.721991;0.341312;0.999734 0.0201588 0.011243 2.11265 -0.0215818 0.98911 0.145588 -1.12357 -0.00818568 -0.145792 0.989281 -13.6421 0 0 0 1 
27844314100099;0.836004;0.808456;0.999476 -0.00116347 -0.0323537 -0.239316 0.00306113 0.998273 0.0586663 0.173614 0.0322296 -0.0587346 0.997753 -4.77649 0 0 0 1 
27844314100100;2.4061;0.167386;0.999863 0.015972 0.00444258 1.62372 -0.0165781 0.962026 0.272454 -2.53686 7.77497e-05 -0.27249 0.962159 -23.7938 0 0 0 1 
27844314100101;0.366989;0.388846;0.999647 0.0252518 -0.00831749 2.35883 -0.0198024 0.915944 0.400818 -7.25104 0.0177397 -0.400512 0.91612 -38.5562 0 0 0 1 
27844314100102;1.52564;1.31452;0.976491 -0.0143248 0.215083 -1.47464 0.0665393 0.969094 -0.237549 -1.77973 -0.205033 0.246276 0.947264 16.7204 0 0 0 1 
27844314100103;2.09748;0.400439;0.999888 0.012019 -0.00889833 1.52136 -0.011983 0.99992 0.00408933 -0.443901 0.00894677 -0.00398225 0.999952 -2.44781 0 0 0 1 
27844314100104;0.507469;0.25292;0.999853 0.0167635 -0.00364725 1.75164 -0.0167048 0.999739 0.0155579 -0.557586 0.0039071 -0.0154947 0.999872 -1.91945 0 0 0 1 
27844314100105;1.7041;1.70365;0.999523 -0.0128781 0.0280719 -1.08687 0.0172494 0.986719 -0.161517 -1.1858 -0.025619 0.161925 0.986471 14.5346 0 0 0 1 
27844314100106;0.621555;0.306363;0.975681 0.0310464 -0.216986 1.81292 -0.0100237 0.995202 0.0973219 -0.58023 0.218966 -0.0927802 0.971311 -1.75599 0 0 0 1 
27844314100107;0.153647;0.14714;0.999899 -0.0135131 -0.00443947 -1.33962 0.0134996 0.999904 -0.00306437 0.512058 0.00448046 0.00300413 0.999985 0.412014 0 0 0 1 
27844314100108;1.53872;1.03542;0.999452 -0.0197196 -0.0265926 -1.81382 0.0160299 0.99106 -0.132449 -0.837672 0.0289667 0.131951 0.990833 15.0451 0 0 0 1 
27844314100109;1.60611;1.01338;0.999538 0.00731064 -0.0294863 0.648631 -0.00533802 0.997777 0.0664322 -0.266898 0.0299064 -0.0662442 0.997355 -6.82374 0 0 0 1 
27844314100110;2.36031;1.16359;0.999902 0.0139556 0.000663627 1.86755 -0.0138311 0.99546 -0.0941686 -1.77553 -0.00197479 0.0941502 0.995556 11.0701 0 0 0 1 
27844314100111;0.227132;0.194068;0.968273 0.0474304 -0.245352 2.56051 0.000405884 0.981523 0.191346 -0.868779 0.249894 -0.185374 0.950363 -9.35743 0 0 0 1 
27844314100112;2.20462;1.92797;0.999028 -0.040084 -0.0183628 -3.93991 0.0329954 0.955958 -0.291641 -4.01765 0.0292443 0.290752 0.956351 27.9748 0 0 0 1 
27844314100113;2.4063;0.259037;0.996413 -0.0275824 0.079998 -2.45886 0.0403272 0.985906 -0.162365 -0.823078 -0.0743922 0.165009 0.983483 16.2486 0 0 0 1 
27844314100114;0.335195;0.225509;0.981288 -0.0220781 0.191276 -2.05079 0.0394471 0.995385 -0.0874796 0.733605 -0.188462 0.093388 0.97763 2.15187 0 0 0 1 
27844314100115;1.83608;1.68399;0.999939 -0.0110661 -0.000215056 -0.991845 0.0110682 0.999718 0.0209988 0.686654 -1.7381e-05 -0.0209999 0.999779 -1.7671 0 0 0 1 
27844314100116;1.89876;1.49232;0.976763 0.00489068 0.214266 0.832062 -0.022312 0.996628 0.0789642 -0.469883 -0.213157 -0.08191 0.973578 -14.0983 0 0 0 1 
27844314100117;2.29451;0.60172;0.991464 0.0372341 -0.124952 2.7191 -0.00351888 0.965648 0.259829 -2.05255 0.130335 -0.257171 0.957536 -17.9933 0 0 0 1 
27844314100118;2.1601;2.20996;0.999834 -0.00669621 0.0169279 -0.489052 0.00704751 0.999759 -0.0207786 0.1487 -0.0167847 0.0208945 0.999641 1.76202 0 0 0 1 
27844314100119;1.47956;0.879833;0.999965 0.00611769 -0.00565415 0.789 -0.0058114 0.998594 0.0526858 -0.249407 0.00596852 -0.0526511 0.998595 -6.20288 0 0 0 1 
27844314100120;0.852594;0.335199;0.978341 -0.0383145 -0.203421 -5.26646 -0.00451921 0.978533 -0.206043 -2.96222 0.206948 0.202499 0.957166 27.6051 0 0 0 1 
27844314100121;1.87824;0.622941;0.997959 -0.00516479 0.0636545 -0.0422902 0.0037573 0.999746 0.0222113 0.124091 -0.0637531 -0.0219268 0.997725 -6.43352 0 0 0 1 
27844314100122;1.73464;1.13223;0.97073 0.0187948 -0.239435 0.428238 -0.0209256 0.999761 -0.0063599 -0.491229 0.239258 0.0111841 0.970892 8.46395 0 0 0 1 
27844314100124;0.405551;0.145466;0.997607 -0.0519217 -0.0456534 -4.4452 0.0565341 0.992721 0.106347 1.89927 0.0397994 -0.108674 0.99328 -7.85749 0 0 0 1 
27844314100125;0.438401;0.143748;0.90745 -0.0909243 0.410204 -10.2897 0.138919 0.986324 -0.0886898 3.23678 -0.39653 0.137467 0.907671 -1.98876 0 0 0 1 
27844314100126;1.24567;0.834174;0.998017 0.00421118 -0.0627962 -0.205812 -0.00949236 0.996417 -0.0840409 -1.44289 0.0622173 0.0844704 0.994482 9.01448 0 0 0 1 
27844314100127;1.48846;0.485537;0.999704 0.0026785 -0.0241721 -0.374865 -0.0009936 0.997585 0.0694486 -0.106849 0.0242998 -0.069404 0.997293 -2.80956 0 0 0 1 
27844314100128;1.19785;0.141138;0.996855 -0.0115485 -0.0784036 -1.58359 0.00713446 0.998386 -0.0563469 0.241352 0.0789277 0.0556103 0.995328 5.76391 0 0 0 1 
27844314100129;1.23822;0.174365;0.997654 0.0669093 0.0145004 4.25653 -0.0658743 0.995846 -0.0628667 -3.80072 -0.0186466 0.061764 0.997917 6.0702 0 0 0 1 
27844314100130;0.532996;0.299932;0.983151 -0.0212245 -0.181561 -3.07638 -0.0176639 0.977558 -0.209926 -3.1411 0.181942 0.209596 0.960711 24.3245 0 0 0 1 
27844314100131;0.768744;0.4433;0.997515 0.0490192 -0.0506107 3.74721 -0.0372869 0.976748 0.211124 -2.74628 0.059783 -0.208712 0.976148 -15.2902 0 0 0 1 
27844314100132;0.304449;0.141562;0.990042 0.0579621 -0.128284 4.06496 -0.0331855 0.981713 0.187452 -2.26761 0.136803 -0.181329 0.973861 -11.5659 0 0 0 1 
27844314100133;0.242712;0.147293;0.971743 -0.101342 -0.21318 -10.9523 0.0262448 0.943932 -0.329094 -5.29705 0.234578 0.3142 0.919919 35.8924 0 0 0 1 
27844314100134;1.30166;0.183658;0.971787 0.0220433 0.234829 1.51205 -0.0198024 0.999733 -0.0118967 -0.663242 -0.235028 0.00691085 0.971964 -9.60425 0 0 0 1 
27844314100135;0.261851;0.144521;0.993414 -0.0991964 0.0573543 -8.69601 0.0970402 0.994507 0.0392378 3.28019 -0.0609314 -0.0334137 0.997583 -4.85326 0 0 0 1 
27844314100136;1.42144;0.37138;0.995451 0.0945673 0.0116192 7.93408 -0.0929869 0.990843 -0.097894 -5.69581 -0.0207704 0.0963682 0.995129 9.60397 0 0 0 1 
27844314100137;1.20547;0.672376;0.998376 -0.0328713 0.0465312 -3.09421 0.0470692 0.936073 -0.348644 -5.82719 -0.0320962 0.350268 0.9361 31.2962 0 0 0 1 
27844314100138;0.244336;0.156894;0.994527 0.0136617 -0.103582 0.537571 -0.0326168 0.982462 -0.183586 -3.44244 0.0992572 0.18596 0.977531 19.6321 0 0 0 1 
27844314100139;1.59431;0.382007;0.99993 -0.0118473 0.000561651 -0.242763 0.0118455 0.999925 0.0032312 -1.24916 -0.00059989 -0.00322432 0.999995 -1.32533 0 0 0 1 
27844314100140;0.22734;0.150742;0.995523 -0.0932825 0.0152374 -8.44448 0.0935382 0.99547 -0.0170276 3.08379 -0.01358 0.0183766 0.999739 1.29766 0 0 0 1 
27844314100141;0.358346;0.288244;0.968623 -0.0554739 -0.242265 -6.8618 0.0112058 0.983528 -0.180406 -1.70639 0.248282 0.17203 0.95329 23.5676 0 0 0 1 
27844314100142;0.117962;0.198443;0.999669 0.0131402 0.0221164 1.09988 -0.0121298 0.998904 -0.0452149 -0.82018 -0.0226863 0.0449316 0.998732 3.35221 0 0 0 1 
27844314100143;1.8568;1.81283;0.999953 -0.00261889 0.00930077 -0.232105 0.00361221 0.994096 -0.108445 -1.09329 -0.00896185 0.108473 0.994059 9.44701 0 0 0 1 
27844314100144;0.573265;0.134795;0.987628 0.00148479 -0.156809 -1.56173 0.00166379 0.9998 0.0199459 0.862242 0.156807 -0.01996 0.987428 3.6784 0 0 0 1 
27844314100145;0.564902;0.441322;0.994136 -0.0410326 -0.100054 -4.25306 0.0274138 0.990619 -0.133874 -0.133573 0.104608 0.130346 0.985935 15.3736 0 0 0 1 
27844314100146;0.457208;0.143481;0.999547 0.0216358 0.0209439 1.72888 -0.0223138 0.999216 0.0326979 -0.780202 -0.02022 -0.0331504 0.999246 -2.67787 0 0 0 1 
27844314100147;0.839697;0.133687;0.994796 -0.0399859 -0.0937117 -5.05296 0.050206 0.992732 0.109372 1.68943 0.0886573 -0.113508 0.989574 -7.98498 0 0 0 1 
27844314100148;1.27087;0.156025;0.999329 0.0081801 0.0356898 -0.813534 -0.00215789 0.986188 -0.165613 -3.44108 -0.0365516 0.165425 0.985545 13.4748 0 0 0 1 
27844314100149;0.814525;0.24692;0.992569 -0.00948177 0.121312 -1.48244 0.0689559 0.865256 -0.496565 -10.8115 -0.100258 0.50124 0.85948 41.0984 0 0 0 1 
27844314100150;1.30625;1.14749;0.996513 -0.0243236 0.0798136 -2.25971 0.0470672 0.953714 -0.297008 -3.47413 -0.068895 0.299729 0.951533 23.2548 0 0 0 1 
27844314100151;1.21483;0.950887;0.989193 -0.0334543 0.142755 -2.88781 0.0363407 0.999183 -0.0176594 1.20508 -0.142047 0.0226564 0.989601 -1.57705 0 0 0 1 
27844314100152;0.850848;0.908908;0.979857 -0.00586609 0.199616 -1.06681 0.058116 0.964682 -0.256925 -2.17476 -0.191059 0.263351 0.945591 16.3217 0 0 0 1 
27844314100153;1.33869;1.03645;0.997013 0.0137227 0.0760076 1.00902 -0.0167048 0.99911 0.0387384 -0.790242 -0.0754083 -0.0398924 0.996354 -6.40502 0 0 0 1 
27844314100155;1.31103;1.2489;0.997915 -0.0281632 -0.0580816 -1.56589 0.0163636 0.980781 -0.194423 -1.34043 0.062441 0.193068 0.979197 10.428 0 0 0 1 
27844314100156;0.173499;0.2497;0.999639 -0.0136589 -0.0231256 -0.911177 0.0140326 0.999772 0.0160753 0.626347 0.0229008 -0.016394 0.999603 -0.370861 0 0 0 1 
27844314100157;1.77732;1.26165;0.994331 0.0342024 -0.100674 1.12307 -0.0245686 0.995134 0.0954221 -0.398441 0.103448 -0.0924078 0.990333 -3.34864 0 0 0 1 
27844314100158;2.31932;1.00492;0.973689 0.0735341 -0.215691 1.36374 0.0344693 0.88809 0.458375 -1.80453 0.225259 -0.453749 0.862189 -14.9412 0 0 0 1 
27844314100159;1.17995;0.206541;0.997389 0.027559 -0.066747 0.996073 -0.0223898 0.99678 0.0769899 -0.275227 0.0686539 -0.0752944 0.994795 -3.25534 0 0 0 1 
27844314100160;1.94121;0.862441;0.982322 -0.0210544 -0.18601 -2.48581 0.0264136 0.999303 0.0263797 1.00382 0.185325 -0.0308266 0.982194 4.58441 0 0 0 1 
27844314100161;0.541664;0.399718;0.992719 -0.00857825 -0.12015 -1.18381 -0.00603805 0.992663 -0.120761 -0.794905 0.120304 0.120607 0.985384 8.68426 0 0 0 1 
27844314100162;1.51732;1.32627;0.999466 -0.00492504 -0.0323043 -0.48206 0.00485733 0.999986 -0.00217419 0.236316 0.0323146 0.00201611 0.999476 1.45995 0 0 0 1 
27844314100163;1.36524;1.23727;0.999198 -0.0116947 -0.0382967 -0.667508 0.00976092 0.998687 -0.050299 -0.10435 0.0388346 0.0498849 0.998 2.69252 0 0 0 1 
27844314100164;0.587208;0.319028;0.999946 -0.00718031 -0.00745821 -0.416375 0.00756642 0.99856 0.0531014 0.394691 0.00706619 -0.053155 0.998561 -1.76463 0 0 0 1 
27844314100165;1.53313;1.0544;0.999996 0.00237681 0.00141371 0.148613 -0.00239897 0.999871 0.0158852 -0.16671 -0.00137577 -0.0158885 0.999873 0.192049 0 0 0 1 
27844314100166;0.330265;0.370057;0.997841 -0.0225049 -0.0616938 -1.48623 0.0160527 0.994536 -0.103152 -0.258715 0.0636781 0.101939 0.992751 6.32479 0 0 0 1 
27844314100167;0.903395;0.580437;0.998599 -0.0163243 0.0503443 -0.581091 0.0254518 0.982148 -0.186381 -1.04283 -0.046403 0.187401 0.981187 6.86031 0 0 0 1 
27844314100168;2.432;0.689185;0.995732 -0.00742119 0.0919952 -0.288781 0.00629718 0.999902 0.0125024 0.0284515 -0.0920789 -0.0118697 0.995681 -0.107746 0 0 0 1 
27844314100169;1.16953;0.938016;0.939436 0.0433273 0.339975 2.15748 0.0676409 0.949026 -0.307855 -2.38834 -0.335984 0.312206 0.888618 6.69863 0 0 0 1 
27844314100170;0.524881;0.345962;0.983312 -0.0123176 -0.18151 -1.60733 0.0335081 0.992899 0.114146 0.752784 0.178815 -0.118324 0.976742 -1.53603 0 0 0 1 
27844314100171;2.35705;0.625601;0.964212 0.0245111 0.263999 1.32478 0.0112747 0.991026 -0.133191 -0.507591 -0.264894 0.131401 0.955283 -2.37887 0 0 0 1 
27844314100172;0.422262;0.228335;0.997223 0.0194695 -0.0718776 0.219082 -0.0149807 0.997934 0.0624699 0.43919 0.0729453 -0.0612197 0.995455 -1.26071 0 0 0 1 
27844314100173;0.404553;0.355495;0.997849 -0.00871841 -0.0649644 -0.695032 0.0161636 0.993237 0.114977 0.511498 0.0635226 -0.11578 0.991242 -3.81878 0 0 0 1 
27844314100174;0.99992;0.841334;0.999677 0.0138227 -0.0213134 0.518988 -0.012911 0.99902 0.0423397 -0.108752 0.0218777 -0.0420508 0.998876 -1.89898 0 0 0 1 
27844314100175;0.837078;0.739598;0.99985 0.00551711 -0.0164384 0.150105 -0.004986 0.99947 0.0321768 0.0556009 0.0166072 -0.03209 0.999347 -1.36548 0 0 0 1 
27844314100176;0.793248;0.531292;0.998015 -0.0336508 -0.0532247 -2.0168 0.014233 0.94391 -0.329896 -3.65148 0.0613406 0.328484 0.942516 17.0855 0 0 0 1 
27844314100177;2.13358;0.215096;0.999938 -0.00434588 -0.0102624 -0.176776 0.00449134 0.999889 0.0141938 0.504173 0.0101996 -0.014239 0.999847 -2.78981 0 0 0 1 
27844314100178;1.06641;1.07639;0.998576 -0.00606706 -0.0530071 -0.550731 0.00568998 0.999957 -0.00726173 0.0652968 0.0530489 0.00694978 0.998568 1.39481 0 0 0 1 
27844314100179;2.46162;0.876028;0.964735 -0.0219596 -0.262305 -2.3124 -0.0180448 0.988652 -0.149135 -1.06382 0.262603 0.148609 0.953391 10.3589 0 0 0 1 
27844314100180;2.13141;1.73587;0.967653 0.0208964 0.251417 1.03224 -0.0771861 0.973298 0.216179 -2.28167 -0.240186 -0.228592 0.943428 -16.8024 0 0 0 1 
27844314100181;0.683715;0.438793;0.999841 0.00953691 0.0150455 0.36434 -0.0102687 0.998729 0.0493382 0.164587 -0.0145558 -0.0494849 0.998669 -2.00247 0 0 0 1 
27844314100182;1.078;0.384461;0.984497 -0.0140162 0.174841 -0.330459 0.00447606 0.998485 0.0548399 0.210191 -0.175345 -0.0532071 0.983068 -5.35988 0 0 0 1 
27844314100183;1.04239;0.41123;0.909638 -0.0348506 0.413936 -1.8357 -0.05652 0.976824 0.206447 -1.13268 -0.411538 -0.211187 0.886587 -18.5585 0 0 0 1 
27844314100184;1.3844;1.09368;0.983586 0.00869994 0.180228 0.743186 -0.0221817 0.997091 0.0729243 -0.627585 -0.179069 -0.0757252 0.980918 -7.94163 0 0 0 1 
27844314100186;0.793481;0.184189;0.97347 0.0842315 -0.212745 3.75542 -0.0295355 0.968256 0.248211 -1.6715 0.226899 -0.235343 0.945056 -8.1633 0 0 0 1 
27844314100187;1.90684;1.0088;0.999916 0.00897592 0.0093917 0.638098 -0.00896853 0.999959 -0.000829011 -0.198638 -0.00939876 0.000744711 0.999956 1.06119 0 0 0 1 
27844314100188;0.899725;0.39803;0.912118 0.00601662 0.409885 -0.537381 -0.0293031 0.998291 0.0505546 -0.887028 -0.40888 -0.0581227 0.910735 -18.9257 0 0 0 1 
27844314100189;2.92803;2.84553;0.996774 -0.0173306 -0.0783606 -1.68835 0.00919813 0.994641 -0.102976 -0.691451 0.0797253 0.101923 0.991592 9.81302 0 0 0 1 
27844314100190;2.25734;1.86429;0.999474 0.00292708 -0.032294 0.0343141 -0.00766383 0.989026 -0.147546 -1.94237 0.0315077 0.147716 0.988528 11.8634 0 0 0 1 
27844314100191;2.96618;1.19878;0.989186 -0.00966342 0.146346 -0.118103 0.0634909 0.927698 -0.367893 -5.3589 -0.13221 0.373206 0.91828 22.8063 0 0 0 1 
27844314100192;2.51273;2.2032;0.930569 -0.0299718 -0.364888 -6.00445 -0.00238868 0.996125 -0.0879134 -0.930493 0.366109 0.082681 0.926892 17.5385 0 0 0 1 
27844314100193;1.47826;1.07553;0.994854 0.020332 -0.0992565 0.681768 -0.0134047 0.997459 0.0699663 -0.282871 0.100427 -0.0682758 0.992599 -0.548245 0 0 0 1 
27844314100194;2.31253;1.43728;0.96992 0.0135487 -0.243046 -1.69004 -0.00624957 0.999507 0.0307779 0.0160783 0.243343 -0.0283332 0.969526 7.44379 0 0 0 1 
27844314100195;2.39108;0.675273;0.992047 -0.0466078 -0.116923 -3.55574 0.0110923 0.957676 -0.287634 -3.65385 0.125381 0.284049 0.950576 21.2358 0 0 0 1 
27844314100196;0.463067;0.443003;0.996134 0.00851175 0.0874332 0.972449 -0.0154267 0.996777 0.0787195 -0.376668 -0.0864814 -0.079764 0.993055 -8.63011 0 0 0 1 
27844314100197;2.03095;1.93896;0.995852 -0.0135915 -0.0899649 -1.33985 0.00251694 0.992517 -0.122084 -1.01475 0.090951 0.121351 0.988434 10.3228 0 0 0 1 
27844314100198;1.85236;1.41325;0.987341 0.00409928 -0.158562 -1.00123 0.00316418 0.998958 0.0455288 0.226886 0.158583 -0.0454541 0.986299 3.11341 0 0 0 1 
27844314100199;0.504668;0.252464;0.999192 0.0052326 -0.0398505 0.267688 -1.87851e-05 0.99155 0.129725 0.0194478 0.0401925 -0.12962 0.990749 -8.0778 0 0 0 1 
27844314100200;2.93423;1.32048;0.999732 -0.0200681 0.0115558 -1.06238 0.0209846 0.996111 -0.0855756 0.337054 -0.0097935 0.0857952 0.996265 2.77296 0 0 0 1 
27844314100201;1.21539;0.519435;0.989498 0.00263424 0.144519 0.567842 -0.0312371 0.980104 0.19601 -1.736 -0.141128 -0.198466 0.969894 -19.3739 0 0 0 1 
27844314100202;1.66781;0.497383;0.948971 0.0459105 -0.312003 -0.600177 -0.00628146 0.991902 0.126851 0.0219144 0.3153 -0.118418 0.941575 3.46594 0 0 0 1 
27844314100203;0.429271;0.41673;0.929565 -0.0220634 0.367998 -1.86639 -0.0645739 0.973031 0.221452 -2.94623 -0.362959 -0.229617 0.903071 -28.49 0 0 0 1 
27844314100204;0.64969;0.534341;0.923473 0.0536059 -0.3799 -0.625779 0.0244325 0.979964 0.197669 0.444955 0.382885 -0.191824 0.903661 -1.11173 0 0 0 1 
27844314100205;2.89316;2.51967;0.996248 -0.00160243 -0.0865296 -0.360254 -7.11496e-05 0.999813 -0.0193346 -0.229721 0.0865444 0.0192682 0.996062 2.87642 0 0 0 1 
27844314100206;1.28236;1.16081;0.997857 -0.0115733 0.0644074 -0.386389 0.0230413 0.983345 -0.18028 -1.36215 -0.0612483 0.181378 0.981504 9.99319 0 0 0 1 
27844314100207;1.92404;0.820382;0.977831 0.0585894 -0.201031 2.15241 -0.0360807 0.992842 0.113859 -1.02786 0.206263 -0.104082 0.972945 1.21993 0 0 0 1 
27844314100208;1.88311;0.450107;0.917872 -0.000163469 0.396878 -1.06368 0.0571714 0.989624 -0.131814 0.689299 -0.392738 0.143679 0.908357 -5.75016 0 0 0 1 
27844314100209;2.33052;0.267925;0.999775 0.01323 0.0165861 1.31055 -0.0139548 0.998918 0.0443698 -0.443473 -0.0159811 -0.0445912 0.998877 -5.87363 0 0 0 1 
27844314100210;0.530209;0.458459;0.995563 -0.000737507 0.0940908 0.391483 0.00959142 0.995556 -0.0936823 -0.465224 -0.0936036 0.0941691 0.991146 2.86557 0 0 0 1 
27844314100211;2.44996;1.11142;0.998182 0.00543235 -0.0600202 -0.148358 -0.00523386 0.99998 0.00346391 -0.112752 0.0600379 -0.00314348 0.998191 3.7087 0 0 0 1 
27844314100212;2.84301;0.600847;0.998113 0.0151793 -0.0594905 1.26499 -0.0179292 0.998782 -0.0459655 -0.320138 0.0587204 0.0469454 0.99717 2.45794 0 0 0 1 
27844314100213;1.50297;1.29982;0.998655 -0.0223028 0.0468126 -1.23705 0.0293148 0.987495 -0.154904 -0.835602 -0.0427724 0.156068 0.98682 9.26962 0 0 0 1 
27844314100214;0.564234;0.320149;0.991594 -0.0226762 0.127388 -1.12815 0.0232607 0.999725 -0.00310268 0.777589 -0.127283 0.00603974 0.991848 -3.55635 0 0 0 1 
27844314100215;0.386204;0.385385;0.994406 -3.77724e-05 -0.105627 -0.636529 -0.0046455 0.999017 -0.0440914 -0.463436 0.105525 0.0443354 0.993428 6.27077 0 0 0 1 
27844314100217;0.459527;0.570698;0.996153 0.0135788 -0.0865677 -0.100591 -0.0151033 0.999742 -0.01698 -0.700091 0.0863148 0.0182222 0.996101 2.76347 0 0 0 1 
27844314100218;2.20727;0.221832;0.99965 0.0195292 -0.0178453 0.191666 -0.0196429 0.999788 -0.0062236 -0.756048 0.01772 0.00657196 0.999821 3.33889 0 0 0 1 
27844314100219;2.19715;0.376421;0.999731 -0.0152965 -0.017456 -0.444044 0.0146915 0.999305 -0.0342727 0.264166 0.0179682 0.034007 0.99926 3.83486 0 0 0 1 
27844314100220;1.31114;0.908462;0.998235 0.00665694 -0.0590202 0.288762 -0.00845593 0.999506 -0.0302838 -0.634341 0.0587894 0.0307294 0.997797 2.15203 0 0 0 1 
27844314100221;1.65894;1.71834;0.999676 0.00307491 0.0252518 0.264847 -0.00367875 0.999708 0.0239012 0.0707536 -0.0251709 -0.0239863 0.999395 -0.653891 0 0 0 1 
27844314100222;1.73745;1.44172;0.980386 0.057714 -0.188448 -0.210784 -0.0363393 0.992704 0.114972 -0.860452 0.193709 -0.105869 0.97533 4.53736 0 0 0 1 
27844314100223;2.40198;1.85569;0.998855 0.00116406 -0.0478283 -0.129017 -0.00135759 0.999991 -0.00401397 0.0340393 0.0478232 0.0040743 0.998848 3.04092 0 0 0 1 
27844314100224;0.843273;0.83065;0.999405 0.0242146 -0.0245529 0.405394 -0.0221382 0.996421 0.0815776 -0.447583 0.0264404 -0.0809855 0.996365 -0.438513 0 0 0 1 
27844314100225;1.09219;1.17733;0.999819 -0.0123085 0.0144857 -0.019267 0.0131973 0.997929 -0.0629536 0.195773 -0.0136808 0.0631334 0.997911 0.817985 0 0 0 1 
27844314100226;2.28577;1.36921;0.947973 0.0856224 -0.30662 -2.01302 -0.0160564 0.974786 0.222564 0.177268 0.317946 -0.206061 0.925446 8.03968 0 0 0 1 
27844314100227;0.739768;0.691643;0.991007 0.0326059 -0.129778 -0.147312 -0.0283706 0.999007 0.0343521 -0.707116 0.130769 -0.0303613 0.990948 3.58442 0 0 0 1 
27844314100228;0.965544;0.144098;0.991166 0.0747304 -0.109567 0.991127 -0.0710692 0.996787 0.0369539 -2.45218 0.111977 -0.0288406 0.993292 3.81308 0 0 0 1 
27844314100229;0.882458;0.741665;0.962038 0.00081317 0.272915 0.283077 0.0441838 0.98634 -0.158689 0.522496 -0.269316 0.164723 0.94886 -6.20892 0 0 0 1 
27844314100230;0.333053;0.172011;0.953313 0.126905 -0.274025 -0.213395 -0.0354962 0.948213 0.315644 -0.79187 0.299891 -0.291181 0.908449 3.14008 0 0 0 1 
27844314100231;2.08116;0.0589597;0.995033 -0.0457884 0.0883932 -0.402691 0.0477434 0.998657 -0.0201302 1.08932 -0.0873528 0.0242504 0.995882 0.270612 0 0 0 1 
27844314100232;2.3687;2.11447;0.999815 0.00299043 -0.0190247 0.0540924 -0.00349887 0.999636 -0.0267481 0.0466466 0.0189378 0.0268098 0.999461 -0.0766724 0 0 0 1 
27844314100233;0.91161;0.469385;0.999715 0.0192158 -0.0141308 0.519056 -0.0189081 0.999588 0.0215994 -0.503695 0.01454 -0.0213261 0.999667 -0.949058 0 0 0 1 
27844314100234;2.15311;0.574908;0.996713 0.00281658 0.08097 0.777175 -0.00357746 0.999951 0.00925352 0.202616 -0.0809399 -0.00951276 0.996674 -5.29403 0 0 0 1 
27844314100235;1.5865;1.52279;0.941573 -0.005785 -0.336759 -3.40473 -0.010407 0.998875 -0.0462569 -0.536149 0.336648 0.0470589 0.940454 10.6978 0 0 0 1 
27844314100236;0.801975;0.855983;0.99999 0.0025092 -0.0038199 0.189236 -0.00279375 0.997073 -0.0764087 -0.268668 0.003617 0.0764185 0.997069 1.44537 0 0 0 1 
27844314100237;0.36254;0.310115;0.996854 0.0301754 -0.0732881 0.13833 -0.0271995 0.998778 0.0412693 -0.711966 0.0744439 -0.0391461 0.996457 1.73149 0 0 0 1 
27844314100238;0.509991;0.233597;0.996003 -0.0145603 -0.0881198 -0.619221 -0.018717 0.930688 -0.365335 -3.33655 0.0873314 0.365525 0.926696 8.76703 0 0 0 1 
27844314100239;2.45541;1.3472;0.99961 0.0182843 -0.02112 -0.0223417 -0.0176551 0.999406 0.0296026 -0.387629 0.0216487 -0.0292182 0.999339 2.55272 0 0 0 1 
27844314100240;0.531694;0.287448;0.999448 -0.0147985 0.0297277 -0.124443 0.0142638 0.999734 0.018117 0.516776 -0.0299879 -0.017683 0.999394 -0.723846 0 0 0 1 
27844314100241;1.90316;1.29182;0.998219 -0.0146419 0.0578258 0.423573 0.0109949 0.99796 0.0628901 0.689534 -0.0586287 -0.0621424 0.996344 -4.31817 0 0 0 1 
27844314100242;0.857743;0.163924;0.987235 0.0303105 0.156359 1.07401 -0.0345411 0.999105 0.0244105 -0.627709 -0.15548 -0.0294997 0.987399 -4.57853 0 0 0 1 
27844314100243;1.52979;1.66306;0.990175 -0.0114934 -0.139357 -0.872949 0.00490471 0.998858 -0.0475306 0.0137944 0.139744 0.0463801 0.989101 4.7088 0 0 0 1 
27844314100244;1.45043;0.795021;0.987546 0.0756426 -0.137953 0.187102 -0.0293879 0.950092 0.310581 -0.364707 0.154561 -0.302659 0.940483 0.139039 0 0 0 1 
27844314100245;0.353496;0.418712;0.998048 0.0395298 0.0483535 1.1419 -0.0488267 0.976605 0.209424 -1.00774 -0.0389438 -0.211376 0.976629 -5.09873 0 0 0 1 
27844314100246;0.304746;0.176747;0.998771 0.0197315 0.04546 0.442254 -0.0104971 0.980736 -0.195054 -1.63109 -0.048433 0.194337 0.979738 2.01589 0 0 0 1 
27844314100248;1.91005;1.82077;0.999928 0.00411927 0.0112458 0.310303 -0.00434857 0.999782 0.0204429 0.118537 -0.0111592 -0.0204903 0.999728 -1.50601 0 0 0 1 
27844314100249;1.74539;1.1543;0.918928 0.0153105 0.394128 1.52431 0.0182683 0.996522 -0.0813048 -0.131964 -0.394002 0.0819133 0.915452 4.59968 0 0 0 1 
27844314100250;2.4193;2.19092;0.891834 0.020924 -0.451878 0.262097 -0.0145461 0.99974 0.0175841 -0.0930413 0.452128 -0.00910907 0.891906 -0.0538964 0 0 0 1 
27844314100251;0.382775;0.172669;0.99837 0.0212891 0.0529551 1.25885 -0.0293332 0.987305 0.156106 -0.44926 -0.0489595 -0.157405 0.98632 -8.71045 0 0 0 1 
27844314100252;0.517763;0.539976;0.995222 -0.0227 -0.0949658 -1.282 -0.00139784 0.969188 -0.246317 -2.17592 0.0976311 0.245273 0.964525 12.7314 0 0 0 1 
27844314100253;0.421961;0.38774;0.99597 0.00504257 0.0895427 0.468148 0.000656514 0.997981 -0.0635033 -0.32836 -0.0896822 0.0633062 0.993956 3.00953 0 0 0 1 
27844314100254;1.06506;0.258774;0.998804 0.0383533 -0.0303384 2.09767 -0.0302105 0.971786 0.233921 -1.15192 0.038454 -0.232725 0.971782 -13.2658 0 0 0 1 
27844314100255;0.41574;0.295921;0.943948 -0.00653196 -0.33003 -1.1611 -0.0052674 0.999379 -0.0348455 -0.217629 0.330052 0.0346307 0.943327 2.55122 0 0 0 1 
27844314100256;0.221269;0.0830984;0.999748 0.00464453 -0.0219417 0.203503 -0.00350249 0.998651 0.0518031 0.101687 0.0221527 -0.0517132 0.998416 -2.95826 0 0 0 1 
27844314100257;0.472366;0.340546;0.997625 0.0359385 0.0587616 1.97269 -0.0569713 0.91 0.410676 -3.94832 -0.038714 -0.413048 0.909886 -22.036 0 0 0 1 
27844314100258;0.965959;0.715076;0.96145 0.00904901 -0.27483 -0.386749 0.00321698 0.99902 0.0441477 0.132506 0.27496 -0.0433299 0.960479 -1.32979 0 0 0 1 
27844314100259;0.701583;0.558822;0.999852 0.0055494 -0.0162781 0.369312 -0.00558118 0.999983 -0.00190791 -0.0801255 0.0162672 0.00199847 0.999866 -0.420571 0 0 0 1 
