#;prob_registration_l1 -r /home/probabilistic_point_clouds_registration/build/tester /home/point_clouds_registration_benchmark//devel/registration_pairs/pioneer_slam3_local.txt /home/point_clouds_registration_benchmark//tum/pioneer_slam3 -s 0.1 -t 0.1 -p 0.3 -r 1000 -m 5 -i 40 
id;initial_error;final_error;transformation
39885980090000;0.518509;0.19638;0.994875 0.00572766 -0.100949 0.0839004 0.00717107 0.991883 0.12695 -0.101425 0.100857 -0.127023 0.986759 -0.410901 0 0 0 1 
39885980090001;1.1366;0.983688;0.998401 -0.00262868 -0.0564664 0.0377399 0.00463518 0.999361 0.0354329 -0.0601592 0.0563372 -0.0356379 0.997776 0.26155 0 0 0 1 
39885980090002;0.639436;0.541232;0.999792 0.00596698 0.0195071 0.0475343 -0.00198958 0.980227 -0.197868 0.0687049 -0.020302 0.197788 0.980035 -0.108876 0 0 0 1 
39885980090003;0.346141;0.170754;0.956101 -0.0648267 -0.285777 0.117024 -0.0228826 0.955729 -0.293358 0.034471 0.292142 0.287019 0.91229 -0.82845 0 0 0 1 
39885980090004;1.0895;0.894715;0.96889 -0.0210283 -0.246597 0.147968 -0.0324114 0.977022 -0.21066 0.231233 0.245361 0.212099 0.945945 -1.10976 0 0 0 1 
39885980090005;0.90722;0.685366;0.999864 0.00591857 -0.0153665 0.0522279 -0.0069945 0.997456 -0.0709363 0.106445 0.0149076 0.0710341 0.997362 -0.437144 0 0 0 1 
39885980090006;0.367469;0.0814341;0.978947 -0.0247153 -0.202613 0.0515573 -0.021723 0.974389 -0.223816 0.0722164 0.202956 0.223505 0.953339 -0.979102 0 0 0 1 
39885980090007;0.500039;0.367728;0.999819 -0.0188205 -0.00264119 0.0255035 0.0168955 0.943855 -0.329929 -0.00255529 0.00870233 0.329825 0.944002 -0.359695 0 0 0 1 
39885980090008;1.30544;0.891591;0.985223 0.0161953 -0.170507 0.080467 -0.0278053 0.997437 -0.0659248 0.190856 0.169003 0.0696916 0.983149 -1.06898 0 0 0 1 
39885980090009;1.07285;0.957001;0.999473 -0.0174744 -0.0273606 -0.0290315 0.0173495 0.999838 -0.00479512 -0.122722 0.02744 0.0043179 0.999614 -0.0128428 0 0 0 1 
39885980090010;0.993349;0.768615;0.999865 0.0135496 -0.00926546 0.035359 -0.0140988 0.997975 -0.0620254 0.0802395 0.00840628 0.0621476 0.998032 0.294379 0 0 0 1 
39885980090011;1.19076;0.88528;0.997797 0.00525648 0.0661258 -0.0965432 0.0115373 0.96791 -0.251032 0.12917 -0.0653233 0.251242 0.965717 -0.582481 0 0 0 1 
39885980090012;1.08018;0.643844;0.996203 -0.0478338 -0.0727453 0.152165 0.0379547 0.990577 -0.131589 -0.215371 0.0783542 0.128329 0.988632 -0.97689 0 0 0 1 
39885980090013;0.734434;0.255988;0.99962 -0.00635406 -0.0268162 -0.0609806 -1.18379e-05 0.972958 -0.230982 -0.0344527 0.0275587 0.230895 0.972588 0.145172 0 0 0 1 
39885980090014;1.32795;0.987899;0.925578 0.0289143 -0.377451 0.255448 0.0462821 0.980956 0.188637 -0.133827 0.375717 -0.192068 0.906613 -1.14949 0 0 0 1 
39885980090015;0.724355;0.147914;0.999727 -0.00472347 0.0228725 0.0434753 0.00468798 0.999988 0.00160495 -0.0539192 -0.0228798 -0.00149729 0.999737 -0.490437 0 0 0 1 
39885980090016;0.348273;0.0176136;0.980769 0.0218159 -0.193951 0.0635388 0.0202872 0.976955 0.212478 -0.00923554 0.194117 -0.212326 0.957724 -0.384437 0 0 0 1 
39885980090017;0.847163;0.527134;0.99719 -0.00963881 -0.0742931 0.105273 -0.00579266 0.978799 -0.204741 0.187552 0.0746914 0.204596 0.975993 -0.870199 0 0 0 1 
39885980090018;0.98085;0.635522;0.98845 -0.00225473 -0.151533 -0.0797237 -0.0234778 0.98554 -0.16781 0.0562799 0.149721 0.169429 0.974103 -0.00384537 0 0 0 1 
39885980090019;1.01873;0.538133;0.99901 0.00401511 0.0442957 -0.0266115 -0.00643825 0.998482 0.0546976 -0.0288424 -0.0440088 -0.0549286 0.99752 0.802941 0 0 0 1 
39885980090020;0.349842;0.271698;0.980356 0.0481258 0.191276 -0.0359918 -0.0171503 0.986902 -0.160407 0.0530253 -0.196491 0.153976 0.96834 0.341104 0 0 0 1 
39885980090021;0.142777;0.0513143;0.977783 -0.00373548 -0.209586 0.0625486 -0.0160702 0.995563 -0.0927162 0.0823267 0.209002 0.0940244 0.973384 -0.545398 0 0 0 1 
39885980090022;0.343863;0.186991;0.990681 0.0144527 0.135431 0.00664579 -0.00990114 0.999365 -0.0342217 0.0138531 -0.13584 0.0325618 0.990196 0.47598 0 0 0 1 
39885980090023;0.973502;0.906405;0.949727 0.0225197 -0.312269 0.125525 0.0404169 0.980245 0.193615 -0.0656076 0.31046 -0.196502 0.930055 -0.559097 0 0 0 1 
39885980090024;1.13358;0.125053;0.999028 0.0280223 0.0340178 -0.116644 -0.026596 0.998777 -0.041683 -0.0609988 -0.0351442 0.0407377 0.998552 -0.817481 0 0 0 1 
39885980090025;0.64818;0.497663;0.999431 -0.0208283 -0.0265184 -0.0255382 0.0189516 0.997426 -0.0691568 -0.0699381 0.0278906 0.0686149 0.997253 0.0877661 0 0 0 1 
39885980090026;1.25567;0.337883;0.992651 -0.0268233 0.118006 0.0862131 0.00970622 0.989632 0.1433 0.0411835 -0.120626 -0.141102 0.982619 1.40114 0 0 0 1 
39885980090027;0.709211;0.357848;0.999103 0.0108516 0.0409324 -0.0343452 -0.0105261 0.999911 -0.0081604 0.0933964 -0.0410173 0.00772223 0.999129 0.52317 0 0 0 1 
39885980090028;1.02062;0.61592;0.999638 0.0257829 0.0076928 0.00706797 -0.025803 0.999664 0.00252832 0.150289 -0.00762503 -0.00272591 0.999967 0.567735 0 0 0 1 
39885980090029;0.737875;0.383342;0.993283 0.0169221 -0.114465 -0.019697 0.00344388 0.984486 0.175428 -0.0186147 0.115658 -0.174643 0.977815 0.421825 0 0 0 1 
39885980090031;0.500388;0.159764;0.966108 0.0254337 -0.256881 0.28979 0.0108599 0.990249 0.138887 0.0850716 0.257909 -0.13697 0.956411 -1.54516 0 0 0 1 
39885980090032;0.490152;0.584749;0.949986 -0.299639 -0.0879933 0.0664162 0.303889 0.951893 0.0393846 -0.418875 0.071959 -0.064155 0.995342 -0.335381 0 0 0 1 
39885980090033;0.259006;0.392349;0.963856 -0.166034 -0.20836 0.247478 0.182255 0.981351 0.061097 -0.065053 0.19433 -0.0968634 0.976142 -0.765941 0 0 0 1 
39885980090034;0.13399;0.201219;0.996321 -0.0639005 -0.0571062 0.00442396 0.0615714 0.997233 -0.0416556 -0.00216389 0.05961 0.0379863 0.997499 -0.228241 0 0 0 1 
39885980090035;0.310003;0.243524;0.992679 0.0641448 -0.102339 0.537073 -0.0874829 0.966057 -0.243063 0.389862 0.0832746 0.250237 0.964597 0.215461 0 0 0 1 
39885980090036;0.791909;0.24925;0.905051 0.0885529 -0.415982 1.47955 0.0154645 0.970585 0.240261 -0.157658 0.425022 -0.223881 0.87706 -1.99506 0 0 0 1 
39885980090037;0.326129;0.34471;0.999305 0.0335706 0.016182 0.109304 -0.0331901 0.999179 -0.0232387 0.194766 -0.0169488 0.0226855 0.999599 0.298851 0 0 0 1 
39885980090038;0.582863;0.571962;0.999982 -0.00577329 -0.00154133 0.0180662 0.00574035 0.999772 -0.0205838 -0.077061 0.00165982 0.0205746 0.999787 -0.105228 0 0 0 1 
39885980090039;0.172583;0.263781;0.99975 -0.021994 -0.00406639 0.0699606 0.0219301 0.999645 -0.0151504 0.196168 0.00439816 0.0150574 0.999877 0.141491 0 0 0 1 
39885980090040;0.259945;0.20355;0.995775 -0.0198451 0.0896512 0.157979 0.000412505 0.977322 0.211758 0.403391 -0.0918205 -0.210826 0.973202 -0.145094 0 0 0 1 
39885980090041;0.477445;0.512045;0.991531 -0.0999304 0.082943 0.0408984 0.096094 0.994164 0.0490326 -0.166347 -0.0873588 -0.040647 0.995347 -0.0930036 0 0 0 1 
39885980090042;0.418217;0.243704;0.995691 0.0925148 0.00638798 0.413885 -0.0925246 0.99571 0.00125506 0.562044 -0.00624446 -0.0018407 0.999979 0.26812 0 0 0 1 
39885980090043;0.341309;0.33511;0.990118 -0.104804 -0.09318 0.0936627 0.126443 0.954534 0.269957 -0.278854 0.0606509 -0.279071 0.958353 -0.697601 0 0 0 1 
39885980090044;0.352045;0.314502;0.930503 -0.123307 0.344905 0.0650967 0.0495692 0.975362 0.214971 0.0363652 -0.362915 -0.182934 0.913689 0.486706 0 0 0 1 
39885980090045;0.207777;0.403882;0.981035 -0.0434439 0.1889 0.225364 0.0437353 0.99904 0.00262737 0.265449 -0.188833 0.00568407 0.981993 0.546682 0 0 0 1 
39885980090046;0.379302;0.303632;0.954693 0.0464001 0.293954 0.34629 0.0217731 0.974232 -0.224495 0.101245 -0.296796 0.220724 0.929082 0.972947 0 0 0 1 
39885980090047;0.227046;0.212362;0.968309 0.0655359 0.241002 0.362244 -0.0851617 0.993767 0.0719307 0.346501 -0.234786 -0.0901754 0.967855 0.221142 0 0 0 1 
39885980090048;0.266999;0.153614;0.988477 0.0470315 0.143878 0.342442 -0.0206486 0.983517 -0.179635 0.244767 -0.149955 0.174594 0.973155 0.974115 0 0 0 1 
39885980090049;0.523967;0.224192;0.945772 0.0104866 0.324663 0.577891 -0.0945104 0.965123 0.244143 0.389752 -0.31078 -0.261588 0.913777 1.00031 0 0 0 1 
39885980090050;0.207409;0.420853;0.99976 0.014988 -0.0159997 0.373512 -0.0146296 0.999644 0.0222911 0.183747 0.0163281 -0.0220517 0.999623 -0.0516467 0 0 0 1 
39885980090051;0.499446;0.216266;0.988513 0.112295 0.101154 0.740558 -0.0975182 0.985229 -0.14076 0.67235 -0.115467 0.129278 0.984863 -0.0418351 0 0 0 1 
39885980090052;0.316512;0.250484;0.990545 0.0616717 0.122545 0.20576 -0.0427067 0.987494 -0.151761 0.422848 -0.130372 0.145092 0.980791 0.320127 0 0 0 1 
39885980090053;0.450592;0.307592;0.997233 -0.0572472 0.0474316 0.131174 0.0591004 0.997504 -0.0386339 0.280646 -0.0451015 0.0413302 0.998127 -0.425632 0 0 0 1 
39885980090054;0.48513;0.478053;0.982224 -0.18708 -0.0154133 0.0815364 0.178612 0.906183 0.383314 -0.301206 -0.0577434 -0.379253 0.923489 -0.624508 0 0 0 1 
39885980090055;0.127893;0.382286;0.998809 -0.0328818 -0.0360599 0.38478 0.0312862 0.998544 -0.0439527 0.300264 0.0374527 0.0427721 0.998383 0.050446 0 0 0 1 
39885980090056;0.526201;0.465789;0.971625 -0.236014 0.0155313 0.247866 0.230413 0.959308 0.163214 -0.072664 -0.0534201 -0.155004 0.986468 0.431891 0 0 0 1 
39885980090057;0.593626;0.306977;0.978106 0.0496327 -0.202102 1.02787 0.027216 0.932295 0.360673 0.0410757 0.206319 -0.358277 0.910533 -0.765198 0 0 0 1 
39885980090058;0.12749;0.132711;0.987014 0.0212145 -0.159227 0.184598 -0.0250277 0.999445 -0.0219812 0.191571 0.158673 0.0256809 0.986997 -0.353429 0 0 0 1 
39885980090059;0.597495;0.296963;0.935886 -0.0848306 -0.341938 0.145009 0.0116577 0.977503 -0.210599 0.0998168 0.352111 0.19311 0.91582 0.208737 0 0 0 1 
39885980090060;0.466612;0.320727;0.983764 -0.179094 0.0115407 0.0583243 0.177573 0.962064 -0.207127 -0.00706717 0.0259923 0.205813 0.978246 0.775279 0 0 0 1 
39885980090062;0.722072;0.656942;0.988258 0.0282922 -0.15015 -0.0305704 -0.0233432 0.999128 0.0346214 0.110957 0.150998 -0.0307099 0.988057 -0.282708 0 0 0 1 
39885980090063;0.21414;0.0757701;0.998074 0.0148787 0.0602294 0.026951 0.00993027 0.919986 -0.391825 0.107805 -0.06124 0.391668 0.918066 -0.322511 0 0 0 1 
39885980090064;0.937509;0.640234;0.999568 -0.00394912 0.0291132 -0.0614112 0.0094341 0.981592 -0.190759 0.0405902 -0.027824 0.190951 0.981205 -0.689357 0 0 0 1 
39885980090065;0.614008;0.375303;0.942547 0.098916 0.319093 -0.102913 -0.00526939 0.959443 -0.281854 0.156544 -0.334031 0.263979 0.904842 0.466205 0 0 0 1 
39885980090066;0.857809;0.382423;0.999055 -0.00541612 0.043121 0.0229949 0.00944527 0.995547 -0.0937906 -0.0798687 -0.042421 0.0941093 0.994658 0.588455 0 0 0 1 
39885980090067;0.711929;0.654914;0.99354 -0.0207314 -0.111576 0.101332 0.00553412 0.990854 -0.134826 -0.0463786 0.113351 0.133338 0.984567 -0.587576 0 0 0 1 
39885980090068;0.589386;0.101743;0.999985 0.0051402 0.0020236 0.0480309 -0.00514863 0.999978 0.00418069 0.0704317 -0.00200207 -0.00419105 0.999989 0.491201 0 0 0 1 
39885980090069;0.410197;0.201929;0.998775 -0.0163793 -0.0467032 0.0867355 0.0172954 0.999665 0.0192794 -0.105391 0.0463717 -0.0200635 0.998723 -0.359266 0 0 0 1 
39885980090070;0.483885;0.29399;0.934794 0.0895357 0.343719 0.00851666 -0.100869 0.994784 0.0151962 0.310569 -0.340566 -0.0488759 0.938949 1.1191 0 0 0 1 
39885980090071;0.64931;0.602858;0.976216 -0.042717 -0.212552 0.108576 -0.0317671 0.941632 -0.335142 0.163504 0.214462 0.333923 0.917879 -0.827902 0 0 0 1 
39885980090072;0.398606;0.352182;0.999243 -0.00749603 0.0381675 -0.0401082 -0.00097362 0.976127 0.217199 -0.0250614 -0.0388845 -0.217072 0.975381 0.379235 0 0 0 1 
39885980090073;0.928997;0.739699;0.955399 0.0879175 -0.281929 0.0176519 -0.0806756 0.996045 0.0372168 0.325685 0.284086 -0.0128121 0.958713 -0.430959 0 0 0 1 
39885980090074;0.42064;0.241726;0.913449 0.0131652 0.406741 0.156895 0.0208726 0.996645 -0.0791342 -0.0861697 -0.406418 0.0807748 0.91011 1.04565 0 0 0 1 
39885980090075;0.428471;0.200795;0.945836 0.0628417 0.318504 0.0408297 -0.119291 0.979728 0.160946 0.385855 -0.301933 -0.190223 0.934158 1.17702 0 0 0 1 
39885980090076;0.878954;0.745585;0.993971 0.00544744 0.109508 -0.0102017 -0.0053977 0.999985 -0.000750699 0.0646293 -0.10951 0.000155084 0.993986 0.684251 0 0 0 1 
39885980090077;0.395145;0.388887;0.999416 0.0341707 0.000402819 -0.0671462 -0.0333618 0.978175 -0.205086 0.0359975 -0.00740196 0.204953 0.978744 -0.222827 0 0 0 1 
39885980090078;1.1758;0.224023;0.999742 -0.00799567 0.0212674 -0.0635161 0.00912744 0.998517 -0.0536628 -0.125963 -0.0208068 0.0538431 0.998333 -0.98284 0 0 0 1 
39885980090079;1.02505;0.868136;0.964852 -0.0400693 -0.259723 -0.0233888 -0.0300408 0.965012 -0.260479 -0.0204719 0.261073 0.259125 0.92989 -0.500661 0 0 0 1 
39885980090080;0.475546;0.0691538;0.999865 -0.0161491 -0.00304533 0.0750508 0.016093 0.999715 -0.0176463 -0.097774 0.00332943 0.0175949 0.99984 -0.409419 0 0 0 1 
39885980090081;0.321616;0.0869414;0.945272 0.00804855 0.326185 0.147719 0.00025177 0.999677 -0.0253965 -0.0385569 -0.326284 0.0240887 0.944965 0.954072 0 0 0 1 
39885980090082;1.0641;0.376498;0.965559 0.118936 0.231409 -0.345484 -0.124071 0.992243 0.00771008 0.398232 -0.228697 -0.0361555 0.972826 -0.0202557 0 0 0 1 
39885980090083;0.893927;0.249724;0.944915 0.0300265 0.325934 -0.165259 -0.137918 0.939594 0.313277 0.123697 -0.296839 -0.340972 0.891978 0.774754 0 0 0 1 
39885980090084;0.543877;0.436623;0.995816 -0.0318058 -0.0856689 0.108805 0.0178886 0.987186 -0.158569 -0.306281 0.0896146 0.156373 0.983624 -0.345611 0 0 0 1 
39885980090085;0.738131;0.611648;0.882236 0.0579583 0.467226 0.121652 -0.0806238 0.996333 0.0286445 0.0602826 -0.463853 -0.0629407 0.883674 0.975746 0 0 0 1 
39885980090086;0.60161;0.0748386;0.999772 0.0198532 0.00787533 0.0139721 -0.0201664 0.998917 0.0419221 0.0513339 -0.00703452 -0.0420714 0.99909 0.586079 0 0 0 1 
39885980090087;0.217577;0.223463;0.999637 0.00175011 -0.0268766 0.0487376 -0.00108768 0.999696 0.024642 -0.0518918 0.0269115 -0.0246038 0.999335 -0.105227 0 0 0 1 
39885980090088;0.201974;0.115996;0.998835 -0.0186466 0.0445002 -0.0136702 0.0281278 0.974401 -0.223052 -0.0305485 -0.0392019 0.224044 0.97379 -0.232504 0 0 0 1 
39885980090089;0.645809;0.281177;0.91384 -0.00626534 -0.406026 0.315454 0.0413051 0.996129 0.077594 -0.198348 0.403968 -0.0876794 0.910562 -1.31663 0 0 0 1 
39885980090090;0.450371;0.280409;0.962492 0.0519291 0.266292 0.00185549 -0.0673711 0.996515 0.0491794 0.197068 -0.262811 -0.0652753 0.962637 0.942274 0 0 0 1 
39885980090091;0.498519;0.194844;0.996815 0.0162942 -0.0780689 0.00935498 -0.00849537 0.995031 0.0992057 0.0203787 0.0792974 -0.0982265 0.992 0.300731 0 0 0 1 
39885980090093;0.227552;0.0809296;0.980901 -0.0237984 0.193046 0.0488979 0.0133339 0.998379 0.0553263 0.0615934 -0.19405 -0.0516955 0.979629 0.466352 0 0 0 1 
39885980090094;0.336698;0.356281;0.983959 -0.111371 0.13936 0.448483 0.114808 0.993245 -0.0168448 0.11038 -0.136542 0.0325742 0.990099 -0.0706633 0 0 0 1 
39885980090095;0.148785;0.211568;0.986757 0.0279291 -0.159783 -0.160711 -0.0345612 0.998646 -0.0388793 0.237988 0.15848 0.0438867 0.986386 -0.123871 0 0 0 1 
39885980090096;0.662123;0.402304;0.973063 0.105613 -0.204924 -0.182395 -0.0435334 0.957078 0.286543 0.0744598 0.226391 -0.269904 0.935895 0.193249 0 0 0 1 
39885980090097;0.657715;0.440439;0.976055 0.0468397 0.212422 -0.25464 -0.0473953 0.998873 -0.00247845 -0.314924 -0.212298 -0.0076487 0.977175 -0.014191 0 0 0 1 
39885980090098;0.630821;0.21293;0.999746 0.0214809 -0.00686408 -0.228389 -0.0225503 0.950079 -0.311193 -0.0382646 -0.000163281 0.311268 0.950322 -0.282922 0 0 0 1 
39885980090099;0.628543;0.440898;0.956554 0.0457041 0.287952 -0.102061 -0.0403694 0.998886 -0.0244404 0.69041 -0.288748 0.0117541 0.957333 0.649546 0 0 0 1 
39885980090100;0.425699;0.243328;0.968551 0.181914 0.169753 -0.881696 -0.155709 0.975289 -0.156735 0.374777 -0.19407 0.125374 0.972943 -0.53406 0 0 0 1 
39885980090101;0.696606;0.572137;0.999448 0.0278813 -0.0180622 -0.171563 -0.0235916 0.978478 0.204996 0.0511428 0.023389 -0.204457 0.978596 1.13378 0 0 0 1 
39885980090102;0.122477;0.0789222;0.999827 0.0179074 0.00496024 -0.112335 -0.0179577 0.999786 0.0102881 0.0866111 -0.00477494 -0.0103754 0.999935 0.108034 0 0 0 1 
39885980090103;0.717527;0.497808;0.967933 0.141772 0.207378 -0.730769 -0.129686 0.989022 -0.0708277 0.220661 -0.215143 0.0416625 0.975694 0.17599 0 0 0 1 
39885980090104;0.685443;0.530771;0.999133 -0.0408679 -0.00788616 0.282069 0.0410636 0.998805 0.0264845 -0.161571 0.00679438 -0.0267854 0.999618 -0.144703 0 0 0 1 
39885980090105;0.47354;0.449007;0.999757 -0.00596178 0.021228 0.00609874 0.00520923 0.999362 0.0353312 -0.0372724 -0.0214251 -0.035212 0.99915 0.185281 0 0 0 1 
39885980090106;0.459683;0.168381;0.953982 0.156957 -0.255503 -0.530526 -0.128529 0.98386 0.124497 0.266547 0.27092 -0.0859286 0.958759 -0.428214 0 0 0 1 
39885980090107;0.891834;0.858348;0.980423 -0.174157 0.091867 0.612666 0.17266 0.984688 0.0240609 -0.0282174 -0.0946507 -0.00772812 0.995481 0.187686 0 0 0 1 
39885980090108;0.424446;0.242819;0.90283 -0.185606 0.387877 0.497028 0.164956 0.982527 0.086202 0.175717 -0.3971 -0.0138431 0.917671 0.290466 0 0 0 1 
39885980090109;0.495711;0.298723;0.983883 0.178151 -0.0153743 -0.883368 -0.177206 0.982932 0.0494237 0.274307 0.0239167 -0.0459027 0.99866 0.360191 0 0 0 1 
39885980090110;0.968235;0.607745;0.990035 -0.0385997 0.135425 0.192967 0.0038523 0.968762 0.247961 -0.102795 -0.140766 -0.244968 0.959258 1.93466 0 0 0 1 
39885980090111;0.425117;0.0861237;0.999332 0.0310628 0.0192636 -0.243313 -0.0316449 0.999028 0.0306857 0.166676 -0.0182917 -0.0312748 0.999343 0.664959 0 0 0 1 
39885980090112;0.465914;0.271335;0.993828 0.107771 0.0263003 -0.481374 -0.0965612 0.957111 -0.273156 0.400244 -0.0546107 0.268931 0.96161 -0.960013 0 0 0 1 
39885980090113;0.34947;0.0795424;0.99457 0.0998881 0.0292099 -0.512803 -0.103634 0.924873 0.365883 0.499957 0.00953193 -0.366923 0.930202 1.54387 0 0 0 1 
39885980090114;0.0961654;0.0292052;0.997258 0.0525762 -0.0520729 -0.224488 -0.0519352 0.998558 0.0135868 0.0866383 0.0527122 -0.0108451 0.998551 -0.104231 0 0 0 1 
39885980090115;0.726185;0.420956;0.986546 -0.0532603 -0.154564 0.00870796 0.0496342 0.998396 -0.0272281 0.427878 0.155766 0.0191901 0.987608 0.75026 0 0 0 1 
39885980090116;0.788969;0.733742;0.999333 0.0130331 -0.0341162 -0.0988134 -0.0142383 0.999275 -0.0353229 0.558961 0.0336311 0.0357851 0.998793 0.638764 0 0 0 1 
39885980090117;0.478045;0.208016;0.995769 0.0461705 0.07945 -0.310107 -0.048082 0.998594 0.0223158 0.187764 -0.0783079 -0.0260415 0.996589 0.747649 0 0 0 1 
39885980090118;0.326438;0.338579;0.994854 -0.0981266 0.0252136 0.325416 0.0974535 0.994883 0.0266681 0.226402 -0.0277015 -0.0240737 0.999326 0.315587 0 0 0 1 
39885980090119;0.735474;0.387357;0.982496 -0.0895798 0.163332 0.380093 0.0945882 0.995248 -0.0231337 0.0721532 -0.160484 0.038178 0.9863 0.834751 0 0 0 1 
39885980090120;0.723848;0.207349;0.991579 -0.0519287 0.118634 0.11137 0.0611252 0.99529 -0.0752432 0.411663 -0.114167 0.0818611 0.990083 0.547975 0 0 0 1 
39885980090121;0.394688;0.349782;0.997455 0.0675617 -0.0227771 -0.349987 -0.0700566 0.988083 -0.137058 0.00681795 0.0132458 0.138305 0.990301 -0.209788 0 0 0 1 
39885980090122;0.722168;0.293807;0.991026 0.127062 0.0415034 -0.67971 -0.126574 0.991855 -0.0142113 0.0826458 -0.0429711 0.00883049 0.999037 0.925497 0 0 0 1 
39885980090124;0.340489;0.176464;0.994858 0.0958705 -0.0326633 0.361894 -0.0972498 0.994303 -0.0436387 -0.605317 0.0282936 0.0465908 0.998513 0.150015 0 0 0 1 
39885980090125;0.370091;0.160877;0.977358 0.0456384 0.20661 0.0315954 -0.0715676 0.990213 0.119817 -0.353938 -0.19912 -0.131891 0.971059 -0.985902 0 0 0 1 
39885980090126;0.34208;0.105448;0.935022 0.249972 0.251492 0.79836 -0.261893 0.964988 0.0145336 -0.549953 -0.239054 -0.0794533 0.96775 -0.539608 0 0 0 1 
39885980090127;0.0863411;0.0182299;0.995796 -0.00504686 -0.0914554 0.0299366 0.00986253 0.998584 0.0522808 -0.00313379 0.091062 -0.052963 0.994436 0.00958307 0 0 0 1 
39885980090128;0.358883;0.0943826;0.98787 0.153922 0.0205372 0.676196 -0.154555 0.987398 0.0340191 0.0487015 -0.0150421 -0.0367806 0.99921 0.329949 0 0 0 1 
39885980090129;0.382249;0.270178;0.992466 0.122157 0.00943627 0.443761 -0.122153 0.992511 -0.00105269 -0.23256 -0.00949419 -0.000107907 0.999955 -0.0297959 0 0 0 1 
39885980090130;0.323168;0.0961309;0.984618 0.163656 -0.0611827 0.711202 -0.170293 0.977232 -0.126564 -0.0387513 0.0390766 0.135037 0.99007 0.279146 0 0 0 1 
39885980090131;0.505537;0.215149;0.998412 0.0505844 -0.0247982 -0.0514945 -0.0521329 0.996431 -0.0663849 -0.589542 0.0213516 0.0675723 0.997486 -0.179024 0 0 0 1 
39885980090132;0.44134;0.351841;0.999516 -0.0092589 -0.0297031 -0.0901229 0.00606534 0.994363 -0.105858 0.107801 0.0305158 0.105626 0.993938 0.799975 0 0 0 1 
39885980090133;0.275576;0.216781;0.999851 -0.013951 -0.0101998 -0.127328 0.0139093 0.999895 -0.00415056 -0.0789546 0.0102566 0.00400807 0.999939 -0.123981 0 0 0 1 
39885980090134;0.264805;0.138623;0.995176 -0.0216704 0.0956802 -0.125003 0.0453269 0.966524 -0.252542 -0.0313305 -0.0870045 0.255661 0.962844 0.970706 0 0 0 1 
39885980090135;0.321182;0.265958;0.993823 0.102594 0.0423139 0.432017 -0.0963637 0.986884 -0.129516 -0.086288 -0.0550465 0.124639 0.990674 0.687572 0 0 0 1 
39885980090136;0.536598;0.070456;0.993139 0.0315086 -0.112617 -0.192456 -0.0468423 0.98957 -0.136223 0.126937 0.10715 0.140563 0.984257 1.52083 0 0 0 1 
39885980090137;0.239766;0.192557;0.999908 0.0129911 -0.00388773 -0.0831976 -0.0131112 0.99938 -0.0326664 0.186234 0.00346095 0.0327144 0.999459 0.0844909 0 0 0 1 
39885980090138;0.366462;0.153836;0.971218 -0.20791 -0.11623 -0.777127 0.200172 0.9769 -0.0748201 0.194658 0.129101 0.0494007 0.9904 0.116071 0 0 0 1 
39885980090139;0.522118;0.364229;0.991055 0.127248 0.0402343 0.449533 -0.129646 0.989491 0.0640299 -0.648238 -0.0316638 -0.0686734 0.997137 0.174201 0 0 0 1 
39885980090140;0.328612;0.016994;0.977979 -0.0326364 -0.206136 -0.138189 0.0170257 0.996881 -0.0770554 0.0602257 0.208008 0.0718489 0.975485 1.06286 0 0 0 1 
39885980090141;0.0802768;0.0129975;0.999143 -0.0133938 0.0391557 -0.149028 0.0117292 0.99903 0.042437 -0.0535751 -0.0396861 -0.0419414 0.998332 -0.124558 0 0 0 1 
39885980090142;0.374391;0.133023;0.959682 0.163719 -0.228486 0.677043 -0.0985615 0.957255 0.271936 -0.447165 0.26324 -0.238452 0.934797 -0.684667 0 0 0 1 
39885980090143;0.228673;0.12801;0.996159 0.074829 -0.0454632 0.227909 -0.0751686 0.997154 -0.0058038 -0.0429664 0.0448995 0.00919891 0.998949 -0.14901 0 0 0 1 
39885980090144;0.446317;0.268217;0.990126 0.139908 0.00871696 0.605823 -0.140026 0.990035 0.01495 -0.238929 -0.00653848 -0.016023 0.99985 0.26697 0 0 0 1 
39885980090145;0.0431272;0.0263909;0.99977 -0.00520268 0.020798 -0.0826964 0.00449377 0.999412 0.033988 -0.00800153 -0.0209626 -0.0338867 0.999206 -0.155146 0 0 0 1 
39885980090146;0.329175;0.166043;0.995644 -0.0931362 0.00434876 -0.242097 0.0930361 0.995475 0.0193132 0.385381 -0.00612784 -0.0188244 0.999804 0.0805302 0 0 0 1 
39885980090147;0.155218;0.0221651;0.999201 0.035807 0.0177333 -0.0146157 -0.0367123 0.997884 0.0536687 -0.081752 -0.015774 -0.0542768 0.998401 0.0321426 0 0 0 1 
39885980090148;0.427209;0.0563449;0.991965 0.126415 0.00490998 0.30231 -0.121944 0.965774 -0.228931 -0.4384 -0.0336822 0.226493 0.97343 1.48637 0 0 0 1 
39885980090149;0.211483;0.12329;0.997515 -0.0703264 0.00417524 -0.324324 0.0701884 0.997166 0.0270804 0.1273 -0.00606788 -0.02672 0.999625 -0.00281669 0 0 0 1 
39885980090150;0.560906;0.191113;0.972689 0.142374 -0.183316 0.633881 -0.161268 0.982558 -0.0925867 0.505244 0.166937 0.119621 0.978684 0.225523 0 0 0 1 
39885980090151;0.283425;0.0709273;0.960543 0.23444 0.149652 0.711504 -0.186866 0.942499 -0.277087 -0.369503 -0.206007 0.238189 0.949119 0.634205 0 0 0 1 
39885980090152;0.461176;0.236057;0.973266 -0.191849 0.126281 -0.894029 0.188174 0.981299 0.0405285 0.229788 -0.131694 -0.0156823 0.991166 -0.375452 0 0 0 1 
39885980090153;0.364593;0.0207956;0.992922 0.10844 0.0484419 0.0495386 -0.111294 0.99193 0.0607308 -0.592801 -0.0414654 -0.0656922 0.996978 -0.686961 0 0 0 1 
39885980090155;0.220386;0.459322;0.999815 -0.0185493 -0.00509373 0.0593469 0.0185457 0.999828 -0.000760888 0.28346 0.00510697 0.000666281 0.999987 0.00464687 0 0 0 1 
39885980090156;0.547565;0.52449;0.963093 -0.0561684 0.263242 0.324237 0.0196448 0.990045 0.139376 0.166799 -0.268449 -0.12906 0.954609 1.30272 0 0 0 1 
39885980090157;0.178395;0.130785;0.999896 -0.00153476 0.0143501 0.0275793 0.00159695 0.999989 -0.00432311 -0.0128208 -0.0143434 0.00434558 0.999888 -0.0529357 0 0 0 1 
39885980090158;0.913519;0.538254;0.911444 -0.00537295 0.411389 0.53311 -0.0596496 0.987624 0.145054 0.558787 -0.407077 -0.156748 0.899843 2.06944 0 0 0 1 
39885980090159;0.31181;0.252546;0.999648 -0.0105353 -0.0243317 -0.0579141 -0.00128679 0.897314 -0.441392 0.0618939 0.0264834 0.441268 0.896985 -0.223596 0 0 0 1 
39885980090160;0.529179;0.0403846;0.999387 -0.0260615 -0.0233851 -0.137429 0.0267998 0.999134 0.031831 -0.100896 0.0225353 -0.0324382 0.99922 0.470521 0 0 0 1 
39885980090161;0.588623;0.677386;0.985583 -0.0538301 0.160403 0.129696 0.0324966 0.990614 0.132771 0.489885 -0.166045 -0.125644 0.978081 1.09999 0 0 0 1 
39885980090162;0.825722;0.59237;0.984348 -0.1671 -0.056005 0.305306 0.167069 0.985931 -0.00526831 0.0263609 0.0560974 -0.00417085 0.998417 -0.907776 0 0 0 1 
39885980090163;0.504725;0.204762;0.999104 0.0420304 -0.00487071 0.0782856 -0.0417767 0.998162 0.0439046 0.620839 0.00670709 -0.0436618 0.999024 0.0318173 0 0 0 1 
39885980090164;0.244441;0.0564542;0.99689 0.00661218 -0.0785282 0.0299706 0.00336148 0.991999 0.126201 -0.0354769 0.0787344 -0.126072 0.988892 -0.39693 0 0 0 1 
39885980090165;0.707584;0.0389527;0.999487 0.0309965 0.00805176 -0.152794 -0.0310872 0.999452 0.011394 0.326944 -0.00769417 -0.0116385 0.999903 -0.648197 0 0 0 1 
39885980090166;0.507941;0.445688;0.982941 0.0977968 0.155762 -0.113485 -0.0833915 0.991835 -0.0964888 0.918002 -0.163927 0.0818536 0.983071 0.814422 0 0 0 1 
39885980090167;0.79424;0.711755;0.991058 -0.104399 -0.0830959 0.148835 0.0976358 0.991865 -0.0816728 0.539905 0.0909465 0.0728293 0.993189 0.393595 0 0 0 1 
39885980090168;0.994365;0.360966;0.994536 0.104392 -0.000958613 0.182624 -0.104394 0.994409 -0.0158666 1.02765 -0.000703098 0.01588 0.999874 0.797735 0 0 0 1 
39885980090169;0.602224;0.267324;0.987259 0.0545897 -0.149466 -0.139022 -0.0673505 0.99438 -0.0816875 0.533433 0.144167 0.0907133 0.985387 -0.675832 0 0 0 1 
39885980090170;0.878287;0.957167;0.982116 -0.0385714 -0.184282 0.0227362 0.0790049 0.972875 0.217421 0.519694 0.170897 -0.228092 0.958524 0.3538 0 0 0 1 
39885980090171;0.174618;0.130371;0.993342 0.0395944 -0.108189 -0.0605339 -0.0356554 0.998637 0.0381047 0.184551 0.10955 -0.0339935 0.9934 -0.387835 0 0 0 1 
39885980090172;0.809772;0.0602826;0.999856 0.0144381 -0.00895429 -0.302483 -0.0142297 0.999636 0.0229129 0.219941 0.00928185 -0.0227822 0.999697 0.726998 0 0 0 1 
39885980090173;0.12527;0.234867;0.998736 0.00904097 -0.0494404 -0.0305297 -0.0143457 0.994045 -0.108018 0.309868 0.0481694 0.10859 0.992919 -0.203623 0 0 0 1 
39885980090174;1.08358;0.599088;0.956694 0.0230499 0.290183 0.0925036 -0.0447001 0.99667 0.0682023 0.590014 -0.287645 -0.07822 0.954538 1.92165 0 0 0 1 
39885980090175;0.382051;0.0668486;0.999967 0.00772329 0.00256998 -0.0722473 -0.00778404 0.999669 0.0245307 0.0687909 -0.00237967 -0.0245499 0.999696 0.429943 0 0 0 1 
39885980090176;1.01834;0.967714;0.955044 -0.049131 0.292364 -0.03547 0.0592888 0.997903 -0.0259796 0.120058 -0.290474 0.0421456 0.955954 1.42349 0 0 0 1 
39885980090177;0.304463;0.205295;0.999094 0.0110043 0.0410998 0.0782841 -0.0116161 0.999825 0.0146757 0.227714 -0.0409311 -0.0151399 0.999047 -0.08166 0 0 0 1 
39885980090178;0.543046;0.34356;0.995465 0.0255364 0.0916322 -0.190643 -0.0217361 0.998871 -0.0422339 0.232211 -0.0926073 0.0400507 0.994897 0.691853 0 0 0 1 
39885980090179;0.361753;0.085433;0.989291 -0.0134979 -0.145334 -0.0955401 0.00994867 0.999635 -0.0251204 -0.0131964 0.14562 0.0234055 0.989064 -0.115481 0 0 0 1 
39885980090180;0.25283;0.401524;0.99791 -0.0333454 -0.0553535 0.0514179 0.0348844 0.999025 0.0270719 0.29464 0.0543968 -0.0289463 0.9981 0.0201268 0 0 0 1 
39885980090181;0.881259;0.948532;0.981654 -0.00902358 -0.190458 -0.0597054 0.0339319 0.991203 0.127929 0.10373 0.187628 -0.132045 0.973324 -0.00517777 0 0 0 1 
39885980090182;0.669254;0.352033;0.99985 0.0158034 0.00711716 0.00706266 -0.0160005 0.999464 0.0285465 0.0346238 -0.00666222 -0.0286561 0.999567 -0.525863 0 0 0 1 
39885980090183;0.198594;0.152944;0.969649 0.00617344 0.244424 0.136648 -0.0180149 0.998768 0.0462405 0.199491 -0.243838 -0.0492403 0.968565 0.9137 0 0 0 1 
39885980090184;0.838159;0.394965;0.999954 0.00334954 0.00902201 -0.0420768 7.76707e-05 0.934636 -0.355605 0.283077 -0.00962342 0.355589 0.934593 -0.741948 0 0 0 1 
39885980090186;1.03403;0.616004;0.998845 -0.0369594 0.0306992 0.0800543 0.0380075 0.998689 -0.0342889 -0.680426 -0.0293916 0.0354161 0.99894 -0.655618 0 0 0 1 
39885980090187;0.391456;0.0247254;0.998825 0.0144182 0.0462642 -0.0666208 -0.0179865 0.996817 0.077663 -0.0057454 -0.0449972 -0.0784039 0.995906 -0.142491 0 0 0 1 
39885980090188;0.19321;0.0916015;0.995106 -0.0108061 -0.0982225 -0.0119067 0.000897439 0.99495 -0.100369 -0.0327689 0.098811 0.0997899 0.99009 -0.558269 0 0 0 1 
39885980090189;0.694654;0.394616;0.974111 -0.00837791 0.225915 0.125433 -0.00544107 0.998155 0.060477 -0.00215064 -0.226005 -0.0601406 0.972268 1.25605 0 0 0 1 
39885980090190;0.710931;0.0880059;0.998994 0.0234384 -0.0382415 -0.0883726 -0.0138135 0.971934 0.23485 0.143202 0.0426727 -0.234085 0.971279 0.699083 0 0 0 1 
39885980090191;0.303973;0.182218;0.999647 0.0137978 0.0227155 -0.12405 -0.0138247 0.999904 0.00102564 -0.00384809 -0.0226992 -0.00133931 0.999741 -0.118487 0 0 0 1 
39885980090192;0.937341;0.371085;0.999559 0.0247246 0.0164406 -0.0562197 -0.0247413 0.999694 0.000814828 -0.0956912 -0.0164154 -0.00122123 0.999865 0.765384 0 0 0 1 
39885980090193;0.0973903;0.0960345;0.999967 0.00396682 0.00712467 -0.0107971 -0.00398796 0.999988 0.00295528 0.0113493 -0.00711286 -0.0029836 0.99997 0.0373736 0 0 0 1 
39885980090194;0.330993;0.233328;0.999644 -0.01676 0.020756 -0.0139656 0.017681 0.99883 -0.0450161 -0.137289 -0.0199772 0.0453671 0.998771 0.115542 0 0 0 1 
39885980090195;0.913121;0.23694;0.998701 0.050912 0.00211347 -0.119341 -0.0507245 0.997259 -0.0538714 0.202181 -0.00485038 0.0536942 0.998546 -0.83764 0 0 0 1 
39885980090196;0.843835;0.174921;0.994551 0.075761 0.0716192 -0.132163 -0.0778065 0.996624 0.0262131 0.200837 -0.0693915 -0.0316427 0.997088 -0.520267 0 0 0 1 
39885980090197;0.709255;0.0655962;0.999028 0.030701 0.0316454 -0.0764646 -0.0348074 0.989728 0.138661 -0.0696256 -0.0270633 -0.139628 0.989834 -0.435307 0 0 0 1 
39885980090198;1.04503;0.574504;0.998716 -0.0173297 -0.0475974 -0.0765174 0.0119274 0.99369 -0.111525 -0.106095 0.0492297 0.110814 0.992621 0.630128 0 0 0 1 
39885980090199;0.0833687;0.0953083;0.99907 -0.00687725 0.0425604 -0.0498441 0.00667089 0.999965 0.00498891 -0.116337 -0.0425933 -0.00470035 0.999081 0.110411 0 0 0 1 
39885980090200;1.06244;0.601278;0.999767 -0.0121148 -0.0178608 -0.0629463 0.0117765 0.999752 -0.0189245 -0.0156055 0.0180857 0.0187098 0.999661 0.749461 0 0 0 1 
39885980090201;0.454509;0.316646;0.978097 -0.0343801 -0.205289 0.00165093 0.029255 0.999181 -0.0279492 -0.112299 0.206082 0.0213313 0.978302 -0.394379 0 0 0 1 
39885980090202;0.602175;0.294525;0.92209 0.029431 -0.385855 -0.0374463 -0.00446288 0.997846 0.0654454 -0.0283702 0.38695 -0.0586245 0.920235 -0.940561 0 0 0 1 
39885980090203;0.367742;0.205673;0.913066 -0.00493716 0.407783 0.207568 -0.0626368 0.986364 0.152192 0.173393 -0.402973 -0.164504 0.900306 1.54699 0 0 0 1 
39885980090204;1.06319;0.123054;0.973494 0.0743022 0.216308 0.0858165 -0.0527668 0.993209 -0.103692 0.0688761 -0.222543 0.0895301 0.970803 1.61407 0 0 0 1 
39885980090205;0.675409;0.222161;0.999184 0.0403696 0.00130648 -0.315123 -0.0401483 0.996206 -0.0772148 -0.221104 -0.00441865 0.0770993 0.997014 -0.300598 0 0 0 1 
39885980090206;0.947378;0.128999;0.996419 0.0340619 0.0773948 -0.120795 -0.0398857 0.996386 0.0749933 -0.023266 -0.0745607 -0.0778117 0.994176 1.12941 0 0 0 1 
39885980090207;0.975527;0.331847;0.997755 -0.0587762 -0.0320846 -0.0902575 0.0596444 0.99786 0.0268088 -0.202171 0.0304403 -0.0286623 0.999126 -0.904934 0 0 0 1 
39885980090208;0.357335;0.305698;0.969848 0.0686561 0.233842 -0.193326 -0.0507671 0.995364 -0.0816856 0.0580149 -0.238366 0.067351 0.968837 0.481119 0 0 0 1 
39885980090209;0.567849;0.237608;0.992619 0.120986 0.00836323 -0.36714 -0.121032 0.992635 0.00527246 0.117292 -0.00766374 -0.00624577 0.999951 0.145933 0 0 0 1 
39885980090210;0.29383;0.09104;0.976903 0.0197905 0.212764 0.0320743 -0.0363686 0.996573 0.0742881 0.097777 -0.210565 -0.0803102 0.974275 0.969879 0 0 0 1 
39885980090211;0.573799;0.47868;0.99767 0.0294572 0.0615306 -0.123875 -0.00192646 0.913772 -0.406224 -0.0904334 -0.0681911 0.405159 0.9117 0.0112904 0 0 0 1 
39885980090212;0.324919;0.278903;0.996225 0.0747605 -0.0441189 -0.192073 -0.0709249 0.994031 0.0828935 0.0509098 0.0500527 -0.0794514 0.995581 0.163272 0 0 0 1 
39885980090213;0.920265;0.327036;0.9937 -0.0171311 -0.110759 -0.0765583 0.0253024 0.997026 0.0727966 -0.23718 0.109182 -0.0751404 0.991178 0.484358 0 0 0 1 
39885980090214;0.527822;0.458045;0.998882 -0.0121154 0.0456842 -0.0763336 0.0116538 0.999878 0.0103583 -0.125865 -0.0458042 -0.0098143 0.998902 0.461303 0 0 0 1 
39885980090215;0.58213;0.564747;0.996575 -0.00502265 0.0825421 0.0157209 0.00830551 0.999186 -0.0394769 -0.0307427 -0.0822766 0.0400273 0.995805 0.260731 0 0 0 1 
39885980090217;1.03417;0.845999;0.999895 0.00666103 -0.0128995 0.0223477 -0.0073349 0.998572 -0.0529172 0.0603167 0.0125286 0.0530063 0.998516 -0.555531 0 0 0 1 
39885980090218;0.202378;0.16397;0.999654 0.000117438 -0.0262855 -0.0253761 0.000160091 0.999944 0.0105559 0.0107395 0.0262853 -0.0105564 0.999599 -0.150723 0 0 0 1 
39885980090219;0.470141;0.604902;0.993767 -0.0174367 0.110102 0.0503008 0.0100945 0.997709 0.0668942 0.164819 -0.111017 -0.0653658 0.991667 0.433771 0 0 0 1 
39885980090220;1.3181;0.993006;0.980347 0.0114956 -0.196945 0.0583131 -0.0265543 0.996905 -0.0739922 0.344765 0.195485 0.0777678 0.977618 -0.411183 0 0 0 1 
39885980090221;1.15923;1.01799;0.93703 -0.0215021 0.348587 0.0234539 0.0788892 0.985338 -0.151281 -0.172597 -0.340223 0.169255 0.924987 0.738191 0 0 0 1 
39885980090222;0.407338;0.303655;0.976439 0.0117694 0.215473 0.0571791 -0.0364526 0.993158 0.110942 0.213042 -0.212693 -0.116182 0.970187 0.894686 0 0 0 1 
39885980090223;0.517255;0.449245;0.980506 0.00397583 0.196449 0.0575749 -0.0227635 0.995362 0.0934717 0.129707 -0.195166 -0.0961214 0.976049 0.823463 0 0 0 1 
39885980090224;1.08029;1.09126;0.991834 -0.0248828 0.125088 0.0245042 0.013072 0.995451 0.0943687 -0.0197798 -0.126867 -0.0919629 0.987647 0.542285 0 0 0 1 
39885980090225;0.715361;0.437152;0.996129 -0.0220745 -0.0850918 0.0262982 -0.000578533 0.966292 -0.257448 0.0495484 0.0879065 0.2565 0.962538 0.147268 0 0 0 1 
39885980090226;0.549209;0.438704;0.955643 -0.0379125 0.292076 0.101911 0.00596447 0.993968 0.109505 -0.0517549 -0.294466 -0.102906 0.950105 1.0042 0 0 0 1 
39885980090227;1.15995;0.801438;0.987649 0.156565 -0.0059919 0.21044 -0.156021 0.986281 0.0539096 0.822461 0.0143501 -0.052309 0.998528 -0.487037 0 0 0 1 
39885980090228;0.215505;0.155395;0.997327 0.0447585 0.0577591 0.0228134 -0.0439303 0.998914 -0.0155294 0.205545 -0.0583915 0.0129505 0.99821 0.0127514 0 0 0 1 
39885980090229;0.121617;0.182266;0.999746 0.0225132 -0.00103683 -0.024273 -0.0224163 0.998092 0.0575236 0.111094 0.00232989 -0.0574858 0.998344 -0.0213822 0 0 0 1 
39885980090230;1.03093;0.859551;0.999666 0.0258061 0.0015093 0.0149781 -0.0258165 0.99964 0.00737008 0.146706 -0.00131857 -0.00740658 0.999972 0.516545 0 0 0 1 
39885980090231;0.888653;0.863563;0.993333 -0.00218928 0.11526 0.0445112 -0.0123091 0.99209 0.124926 0.0859573 -0.114622 -0.125512 0.985448 0.529898 0 0 0 1 
39885980090232;0.59802;0.504997;0.983404 -0.0354131 -0.177938 0.0935657 -0.0234485 0.947731 -0.318209 0.153409 0.179906 0.3171 0.931172 -0.405313 0 0 0 1 
39885980090233;0.0427632;0.0822468;0.999346 0.0359517 0.00394596 -0.00327293 -0.0359638 0.999348 0.00304263 0.173398 -0.003834 -0.00318255 0.999988 0.00450411 0 0 0 1 
39885980090234;0.404716;0.228627;0.987849 0.0823206 -0.131823 0.0724864 -0.0233284 0.917128 0.397909 0.160132 0.153655 -0.389998 0.907905 -0.439502 0 0 0 1 
39885980090235;0.881271;0.575637;0.994122 0.0189776 -0.106594 0.36754 -0.0379662 0.983107 -0.179053 0.593701 0.101395 0.182048 0.978048 -0.609381 0 0 0 1 
39885980090236;1.0378;0.131377;0.999637 0.0268689 -0.00185021 -0.0635374 -0.0268661 0.999638 0.00155617 0.145614 0.00189136 -0.0015059 0.999997 -0.823678 0 0 0 1 
39885980090237;0.452033;0.19444;0.977328 0.0539373 -0.204746 0.131517 0.00880898 0.955813 0.293843 0.0153878 0.211548 -0.288984 0.933668 -0.770537 0 0 0 1 
39885980090238;0.922552;0.503877;0.955229 -0.0237859 -0.294909 0.120427 -0.0435829 0.974577 -0.219772 0.253337 0.29264 0.222786 0.929908 -0.354006 0 0 0 1 
39885980090239;0.393854;0.371707;0.995591 -0.0219952 -0.0911904 0.0567345 -0.0035301 0.962648 -0.270732 0.0593841 0.0937391 0.26986 0.958326 -0.269581 0 0 0 1 
39885980090240;0.68439;0.332864;0.994095 0.107856 0.011954 0.0885588 -0.106509 0.990854 -0.0828494 0.672631 -0.0207805 0.0810869 0.99649 -0.232628 0 0 0 1 
39885980090241;0.655728;0.171653;0.961927 0.112535 0.249064 0.0445285 -0.0394725 0.958945 -0.28083 0.485539 -0.270442 0.260307 0.926877 0.320066 0 0 0 1 
39885980090242;0.353633;0.161249;0.908659 0.13112 0.396417 0.248194 -0.0231372 0.963766 -0.265744 0.262959 -0.416898 0.232299 0.878768 1.19446 0 0 0 1 
39885980090243;1.27115;0.784723;0.998977 0.0291266 0.0345956 0.0185925 -0.0298967 0.999312 0.0219564 0.215282 -0.0339323 -0.0229683 0.99916 0.849979 0 0 0 1 
39885980090244;0.554019;0.499776;0.98532 -0.123482 0.117888 0.119021 0.0956485 0.971269 0.217918 -0.219457 -0.14141 -0.203443 0.968821 0.32918 0 0 0 1 
39885980090245;0.651828;0.221771;0.99852 -9.31756e-05 -0.0543932 0.0391883 -0.00195692 0.99929 -0.0376359 0.174163 0.0543581 0.0376866 0.99781 0.283832 0 0 0 1 
39885980090246;0.546588;0.452597;0.995473 -0.00915206 -0.0946008 0.110102 0.0192841 0.994099 0.106751 0.0521708 0.0930655 -0.108092 0.989775 -0.516916 0 0 0 1 
39885980090248;0.37448;0.318055;0.967248 -0.145609 0.207918 -0.0300897 0.135958 0.988893 0.0600544 0.286865 -0.214353 -0.0298193 0.976301 0.0265413 0 0 0 1 
39885980090249;0.482365;0.366241;0.995722 -0.0859533 -0.0338986 0.0668833 0.0865585 0.996105 0.0168084 0.119998 0.0323219 -0.0196707 0.999284 -0.326833 0 0 0 1 
39885980090250;0.869457;0.357304;0.931817 0.0524281 0.359123 0.00736727 -0.110429 0.983551 0.142943 -0.437206 -0.345721 -0.172854 0.922279 0.3022 0 0 0 1 
39885980090251;0.521745;0.35235;0.998843 -0.0174607 -0.044818 0.0429471 0.0168903 0.999772 -0.0130739 -0.0469057 0.045036 0.0123017 0.99891 0.312364 0 0 0 1 
39885980090252;1.01023;0.0562639;0.995572 0.0916228 0.0210379 0.343435 -0.0939858 0.965345 0.243465 -0.156021 0.00199816 -0.244365 0.969681 -0.941818 0 0 0 1 
39885980090253;0.430197;0.167653;0.993472 0.0533455 -0.100835 0.0453604 -0.0394646 0.990065 0.134958 0.286032 0.107033 -0.130098 0.985707 -0.111601 0 0 0 1 
39885980090254;0.437029;0.144027;0.998195 -0.0528775 0.0284811 -0.0306215 0.0539836 0.997757 -0.0395796 0.145643 -0.0263244 0.0410456 0.99881 0.398364 0 0 0 1 
39885980090255;0.581357;0.100557;0.99689 0.0309506 0.0724706 0.102178 -0.0305309 0.99951 -0.00689309 -0.283625 -0.0726484 0.00465907 0.997347 0.384183 0 0 0 1 
39885980090256;0.383432;0.350996;0.98363 -0.174439 0.0452039 -0.0220014 0.176536 0.983147 -0.0475069 0.343361 -0.0361551 0.0547093 0.997848 0.0108953 0 0 0 1 
