#;prob_registration_l1 -r /home/probabilistic_point_clouds_registration/build/tester /home/point_clouds_registration_benchmark//devel/registration_pairs/pioneer_slam_local.txt /home/point_clouds_registration_benchmark//tum/pioneer_slam -s 0.1 -t 0.1 -p 0.3 -r 1000 -m 5 -i 40 
id;initial_error;final_error;transformation
1807261650000;0.252801;0.212679;0.996114 0.00511366 0.0879237 -0.15403 -0.00218533 0.999441 -0.0333694 -0.0259705 -0.0880452 0.0330476 0.995568 0.200763 0 0 0 1 
1807261650001;0.370505;0.144334;0.981079 0.0681716 0.181209 -0.0957927 -0.0982106 0.981834 0.162349 0.244113 -0.16685 -0.177074 0.969952 0.837147 0 0 0 1 
1807261650002;0.611698;0.125724;0.999974 0.00572795 0.00427492 0.268925 -0.00557851 0.9994 -0.0341873 -0.483468 -0.00446818 0.0341625 0.999406 0.590611 0 0 0 1 
1807261650003;0.65444;0.395047;0.982051 0.17846 -0.0610592 0.182601 -0.174248 0.982316 0.0685108 0.442889 0.0722059 -0.0566416 0.99578 -0.986299 0 0 0 1 
1807261650004;0.70178;0.429843;0.947131 0.252757 0.197629 0.0363583 -0.225815 0.962702 -0.149038 0.655792 -0.227929 0.0965306 0.968881 1.39869 0 0 0 1 
1807261650005;0.564667;0.209653;0.998088 -0.0600264 0.0147294 -0.00134674 0.0600166 0.998197 0.00110938 0.137228 -0.0147695 -0.00022325 0.999891 0.784264 0 0 0 1 
1807261650006;0.456118;0.187357;0.997509 -0.00656129 -0.0702298 -0.0519334 -0.00203829 0.992567 -0.121683 0.259492 0.0705062 0.121523 0.990081 -0.682093 0 0 0 1 
1807261650007;0.0911852;0.0508833;0.997827 0.0134682 0.0645025 -0.136996 -0.0141955 0.999841 0.0108298 0.0622849 -0.0643464 -0.0117219 0.997859 0.261369 0 0 0 1 
1807261650008;0.628711;0.409057;0.959617 -0.053973 0.276085 0.338399 0.023044 0.993205 0.114069 -0.323654 -0.280366 -0.103101 0.95434 0.70647 0 0 0 1 
1807261650009;0.268333;0.265425;0.995051 -0.0992624 -0.0044648 0.0370133 0.0993274 0.994891 0.0180429 -0.173601 0.00265101 -0.0183971 0.999827 -0.093347 0 0 0 1 
1807261650010;0.71038;0.276912;0.96835 0.249294 0.0123173 -0.0138028 -0.249333 0.968416 0.00169844 0.706931 -0.0115049 -0.00471579 0.999923 -0.850335 0 0 0 1 
1807261650011;0.818748;0.304399;0.947036 0.321126 -0.000859748 -0.0329473 -0.32111 0.946953 -0.0130096 1.0963 -0.00336358 0.0125966 0.999915 -0.848123 0 0 0 1 
1807261650012;0.646177;0.0527463;0.999959 -0.00556046 0.00719874 0.153127 0.00590999 0.998758 -0.0494807 -0.641068 -0.00691466 0.0495212 0.998749 -0.695326 0 0 0 1 
1807261650013;0.5425;0.120754;0.989825 0.0292539 -0.139247 0.0686629 -0.0365126 0.998088 -0.0498617 0.000910618 0.137522 0.0544386 0.989002 -1.17933 0 0 0 1 
1807261650014;0.402811;0.128456;0.95363 0.15309 -0.259139 0.364599 -0.12476 0.98459 0.122545 0.333844 0.273906 -0.0845324 0.958034 -1.36145 0 0 0 1 
1807261650015;0.62098;0.200407;0.938561 -0.281164 0.200127 0.32625 0.280222 0.959346 0.0336216 -0.575132 -0.201444 0.024524 0.979193 1.29735 0 0 0 1 
1807261650016;0.314215;0.29407;0.99832 0.0370294 -0.0445678 -0.0371157 -0.0352199 0.998549 0.0407246 0.0590873 0.0460111 -0.0390865 0.998176 0.0378723 0 0 0 1 
1807261650017;0.544853;0.159495;0.958179 0.0744151 -0.276323 0.256033 -0.170052 0.924683 -0.340652 0.704074 0.230162 0.373395 0.898667 -1.06077 0 0 0 1 
1807261650018;0.870541;0.479161;0.944986 0.299402 0.131757 -0.013376 -0.29258 0.953758 -0.068861 1.00686 -0.146282 0.0265231 0.988887 1.21472 0 0 0 1 
1807261650019;0.408282;0.226436;0.987548 0.157183 -0.00650632 -0.219314 -0.15722 0.987547 -0.00563935 0.246389 0.00553889 0.00659205 0.999963 0.307588 0 0 0 1 
1807261650020;0.378251;0.099558;0.966233 0.0208148 -0.256826 0.091535 -0.106165 0.940356 -0.323201 0.400113 0.234781 0.339554 0.910814 -0.883595 0 0 0 1 
1807261650021;0.0584465;0.041876;0.999659 0.021008 -0.015512 0.0702679 -0.0209118 0.999761 0.00633831 -0.00488715 0.0156415 -0.00601176 0.99986 -0.0116754 0 0 0 1 
1807261650022;0.492617;0.232408;0.985882 -0.0325305 -0.164253 0.224641 0.0233324 0.998066 -0.0576219 0.132184 0.16581 0.052976 0.984734 -1.12714 0 0 0 1 
1807261650023;0.436303;0.362469;0.977877 0.206852 0.0311383 -0.105718 -0.207439 0.978101 0.0169622 0.545273 -0.0269478 -0.0230462 0.999371 0.19248 0 0 0 1 
1807261650024;0.611538;0.327985;0.996656 -0.0062001 0.0814811 -0.125176 0.0134618 0.995952 -0.0888771 0.355664 -0.0806002 0.0896767 0.992704 -0.417467 0 0 0 1 
1807261650025;0.222007;0.222444;0.995522 -0.0324047 -0.0888059 -0.123477 0.0215538 0.992476 -0.120528 0.0580124 0.0920434 0.118074 0.98873 -0.123202 0 0 0 1 
1807261650026;0.125003;0.0300751;0.998539 -0.00169469 -0.054015 -0.138755 -0.00361446 0.995176 -0.0980413 0.0627845 0.0539205 0.0980933 0.993715 -0.0502832 0 0 0 1 
1807261650027;0.446617;0.333521;0.956325 -0.284049 0.0689899 0.212527 0.277299 0.956248 0.0932459 -0.73866 -0.0924578 -0.0700425 0.99325 0.39541 0 0 0 1 
1807261650028;0.18577;0.193209;0.990631 0.122505 -0.0603624 0.0583398 -0.124756 0.991568 -0.0350447 0.0960964 0.0555603 0.0422469 0.997561 -0.183414 0 0 0 1 
1807261650029;0.503137;0.369736;0.992759 0.0470295 -0.110533 0.0616696 -0.0680245 0.978515 -0.194629 0.357434 0.099005 0.200739 0.974629 -0.230852 0 0 0 1 
1807261650031;0.869936;0.760364;0.999929 0.00580904 -0.0104348 0.0661156 -0.00307755 0.969558 0.244841 -0.134087 0.0115395 -0.244791 0.969507 -0.960839 0 0 0 1 
1807261650032;0.361529;0.290098;0.975599 -0.0307457 -0.217398 -0.0357269 -0.00905972 0.983667 -0.179772 0.0268609 0.219374 0.177355 0.959385 0.281048 0 0 0 1 
1807261650033;0.495733;0.484211;0.999033 0.00642799 0.0435021 0.0589842 -0.00654825 0.999975 0.00262242 0.0584094 -0.0434842 -0.00290474 0.99905 0.0222018 0 0 0 1 
1807261650034;1.09057;0.854338;0.999497 0.00716965 -0.0308807 0.0499419 -0.00885327 0.998462 -0.0547334 0.0380631 0.0304408 0.0549793 0.998023 0.694699 0 0 0 1 
1807261650035;0.885672;0.836241;0.989183 0.08467 -0.119785 0.240318 -0.0656655 0.985801 0.154548 0.161995 0.13117 -0.14501 0.980697 -0.0985346 0 0 0 1 
1807261650036;0.893017;0.203761;0.987876 0.0346772 0.151324 0.126946 -0.0484761 0.994898 0.0884728 0.174419 -0.147484 -0.0947358 0.984517 0.696649 0 0 0 1 
1807261650037;0.513994;0.353113;0.999958 8.66955e-05 0.00912625 0.0543502 -0.000848671 0.996506 0.0835221 0.0184195 -0.00908712 -0.0835263 0.996464 -0.51608 0 0 0 1 
1807261650038;0.984234;0.363946;0.920247 -0.00262202 0.391329 -0.188359 0.0165149 0.999347 -0.0321405 0.259831 -0.390989 0.03604 0.919689 -0.251063 0 0 0 1 
1807261650039;0.787771;0.211662;0.986777 0.0609362 0.150191 0.113513 -0.0404325 0.989887 -0.135974 0.241589 -0.156957 0.128104 0.979262 -0.153659 0 0 0 1 
1807261650040;0.449489;0.128832;0.972447 0.00123861 0.233119 0.0343293 -0.0103631 0.999227 0.0379202 0.0753906 -0.232892 -0.0392912 0.971709 0.529339 0 0 0 1 
1807261650041;0.636202;0.435952;0.999951 0.00577316 -0.00804629 0.0753343 -0.00570026 0.999943 0.00905354 0.0689845 0.0080981 -0.00900723 0.999927 -0.351905 0 0 0 1 
1807261650042;0.394001;0.330141;0.999954 0.00205746 -0.0093964 -0.0459246 -0.00214512 0.999954 -0.0093282 0.0576225 0.00937677 0.00934792 0.999912 0.0688155 0 0 0 1 
1807261650043;0.493104;0.368246;0.970062 0.0199538 0.242037 0.0895484 -0.0247018 0.999557 0.0165981 0.100346 -0.241599 -0.0220799 0.970125 0.244007 0 0 0 1 
1807261650044;0.603128;0.413528;0.999801 1.98648e-05 -0.0199431 -0.0406456 0.000281129 0.999886 0.0150897 0.0468784 0.0199412 -0.0150923 0.999687 -0.446873 0 0 0 1 
1807261650045;0.822026;0.298;0.995762 0.00808711 -0.0916123 0.100738 0.0283728 0.920525 0.389652 -0.37117 0.0874826 -0.3906 0.916394 -1.85641 0 0 0 1 
1807261650046;0.726796;0.478947;0.999286 -0.0259847 -0.0274251 -0.116945 0.0226049 0.992867 -0.117068 0.00864733 0.0302715 0.116364 0.992745 0.777833 0 0 0 1 
1807261650047;0.841796;0.470687;0.998122 -0.00283621 -0.0611911 0.00792288 0.00230139 0.999959 -0.00880888 0.143292 0.0612135 0.00865151 0.998087 0.62272 0 0 0 1 
1807261650048;0.923373;0.0778745;0.984584 0.00501591 0.174841 0.0542696 -0.0412828 0.978013 0.204419 0.098784 -0.169972 -0.208485 0.963143 0.401939 0 0 0 1 
1807261650049;0.894299;0.778227;0.967386 0.00290046 0.253289 0.0619719 -0.0287382 0.994735 0.0983686 0.114408 -0.25167 -0.102439 0.962376 0.50816 0 0 0 1 
1807261650050;0.776112;0.578092;0.98863 0.0390753 0.145204 0.0913243 -0.000965047 0.967275 -0.253729 0.241698 -0.150367 0.250704 0.956314 1.23658 0 0 0 1 
1807261650051;0.472646;0.240309;0.986479 0.00343675 0.163852 0.0380537 -0.00549285 0.999912 0.0120971 0.0689519 -0.163796 -0.0128335 0.986411 0.492755 0 0 0 1 
1807261650052;0.367213;0.299831;0.999205 0.00782987 0.0391028 0.0363991 -0.0157087 0.978538 0.205468 0.00366074 -0.0366548 -0.205919 0.977882 -0.432552 0 0 0 1 
1807261650053;0.543637;0.295991;0.912299 -0.0739447 -0.402793 -0.0809129 -0.0241609 0.972132 -0.233186 0.100708 0.408811 0.222468 0.885088 0.273419 0 0 0 1 
1807261650054;0.296591;0.192815;0.993174 -0.00557721 -0.116508 0.021195 -0.0142125 0.985627 -0.168336 0.0742506 0.115772 0.168843 0.97882 0.202173 0 0 0 1 
1807261650055;0.546573;0.358975;0.968871 0.0529702 -0.241832 0.117981 0.032896 0.940633 0.337828 0.0319764 0.24537 -0.335267 0.90961 -0.895969 0 0 0 1 
1807261650056;0.638977;0.470555;0.999256 -0.00827741 -0.0376792 -0.0930074 0.00711587 0.999498 -0.0308576 0.0349312 0.0379157 0.0305665 0.998813 0.342356 0 0 0 1 
1807261650057;0.733154;0.616007;0.999315 0.0263593 -0.0259944 0.0246309 -0.0307215 0.982259 -0.184994 0.329025 0.0206569 0.185666 0.982396 0.460978 0 0 0 1 
1807261650058;1.00454;0.953047;0.972869 0.0789159 -0.217479 0.231088 -0.0667727 0.9958 0.0626421 0.186932 0.221509 -0.0464209 0.974053 -0.0599029 0 0 0 1 
1807261650059;0.328863;0.19848;0.959067 -0.065956 0.275392 -0.157121 -0.0507663 0.916697 0.396344 -0.110313 -0.278592 -0.394101 0.875826 -0.710644 0 0 0 1 
1807261650060;0.479524;0.433332;0.999901 -0.0139416 -0.0019404 -0.00930662 0.0138786 0.999472 -0.0293788 -0.0531973 0.00234896 0.029349 0.999566 -0.0999505 0 0 0 1 
1807261650062;0.610394;0.0935636;0.996104 0.0827456 -0.0304927 0.324074 -0.0835565 0.996155 -0.026351 0.20085 0.0281951 0.0287962 0.999188 -0.667278 0 0 0 1 
1807261650063;0.0702684;0.0753832;0.999325 -0.00129564 0.0367042 -0.065284 0.0015512 0.999975 -0.006935 0.0773374 -0.0366943 0.00698726 0.999302 -0.00692359 0 0 0 1 
1807261650064;0.431381;0.150789;0.975046 -0.111704 -0.191852 -0.353285 0.100236 0.992603 -0.068503 -0.107743 0.198085 0.047563 0.97903 -0.353294 0 0 0 1 
1807261650065;0.67345;0.228423;0.984528 0.0445762 -0.169462 0.226516 0.0402934 0.883593 0.466518 0.171532 0.170531 -0.466128 0.868126 -1.99239 0 0 0 1 
1807261650066;0.179936;0.246168;0.998781 -0.0474916 -0.0134463 -0.154412 0.0474607 0.99887 -0.00260572 0.250188 0.0135548 0.00196437 0.999906 0.0282351 0 0 0 1 
1807261650067;0.697139;0.541777;0.997233 -0.0706213 -0.0232235 -0.0483553 0.0726549 0.991999 0.103241 0.235307 0.0157466 -0.104643 0.994385 -1.07753 0 0 0 1 
1807261650068;0.609754;0.623071;0.998505 -0.0528995 -0.0137896 -0.0904013 0.0534134 0.99777 0.040031 0.510136 0.0116413 -0.0407077 0.999103 -0.0267609 0 0 0 1 
1807261650069;0.14606;0.225763;0.999154 0.0131127 -0.0389737 0.0892598 -0.0122256 0.999663 0.0229143 0.21069 0.039261 -0.0224184 0.998977 -0.120952 0 0 0 1 
1807261650070;0.531087;0.121229;0.982491 0.0598006 -0.176452 0.311843 0.00750482 0.933617 0.358195 -0.0113542 0.186159 -0.353247 0.916821 -1.91627 0 0 0 1 
1807261650071;0.140553;0.112219;0.992769 -0.0107537 -0.11956 -0.0768019 0.00333315 0.998065 -0.0620935 0.252517 0.119996 0.061246 0.990883 0.1087 0 0 0 1 
1807261650072;0.380476;0.362904;0.995306 -0.0254244 -0.093374 -0.0178439 0.0229099 0.999348 -0.0279028 -0.0345585 0.0940225 0.0256327 0.99524 -0.138012 0 0 0 1 
1807261650073;0.531138;0.353672;0.984939 -0.0838369 0.151218 -0.259726 0.0279361 0.940253 0.339328 -0.0891685 -0.170632 -0.329993 0.928434 -0.791637 0 0 0 1 
1807261650074;0.56209;0.157782;0.959709 0.105179 0.260568 0.400905 -0.0995797 0.994427 -0.0346364 0.671913 -0.262758 0.00729367 0.964834 0.368882 0 0 0 1 
1807261650075;0.57785;0.136196;0.999474 -0.0324112 -0.00137137 -0.174275 0.0324263 0.99939 0.012956 0.67472 0.000950614 -0.0129937 0.999915 -0.517666 0 0 0 1 
1807261650076;0.523862;0.31046;0.993868 -0.0323584 -0.105733 -0.119157 0.0174614 0.990154 -0.138892 0.634646 0.109186 0.136194 0.984647 0.931406 0 0 0 1 
1807261650077;0.611234;0.521853;0.999869 -0.0136244 0.00877587 -0.0139995 0.014905 0.985688 -0.16792 -0.0700342 -0.00636246 0.168028 0.985762 0.304948 0 0 0 1 
1807261650078;0.330727;0.0896714;0.950532 0.0103654 -0.310453 0.20073 0.00226452 0.999185 0.0402941 0.149243 0.310618 -0.0390039 0.949734 0.047817 0 0 0 1 
1807261650079;0.421945;0.332066;0.910032 -0.148791 -0.386914 -0.431644 0.111084 0.986758 -0.118192 -0.0884946 0.399377 0.0645788 0.91451 0.453652 0 0 0 1 
1807261650080;0.560936;0.347851;0.991985 -0.00311479 -0.126316 0.0844165 -0.0398858 0.940863 -0.336432 0.0768074 0.119894 0.338774 0.933198 1.09179 0 0 0 1 
1807261650081;0.503671;0.10522;0.982509 0.104428 0.15418 0.399116 -0.129213 0.978518 0.160643 0.0448041 -0.134092 -0.177755 0.974896 -1.29224 0 0 0 1 
1807261650082;0.722741;0.322493;0.998829 0.0478528 -0.00709393 0.286399 -0.0481322 0.997753 -0.0465967 -0.0936171 0.00484821 0.0468836 0.998889 -0.626301 0 0 0 1 
1807261650083;0.552134;0.458407;0.999447 0.000173117 -0.0332563 0.0679423 -0.00232045 0.997912 -0.0645416 -0.0491509 0.0331757 0.064583 0.997361 -0.0291813 0 0 0 1 
1807261650084;0.867721;0.482504;0.984019 0.122642 -0.129096 0.778062 -0.0985892 0.978979 0.178549 0.275625 0.14828 -0.162968 0.975425 -1.0019 0 0 0 1 
1807261650085;0.404997;0.165703;0.980988 -0.117081 -0.154774 -0.414667 0.0531732 0.929153 -0.36585 -0.0163626 0.186643 0.350665 0.917714 0.956876 0 0 0 1 
1807261650086;0.258185;0.159397;0.998956 -0.0440788 0.012021 -0.0950929 0.0449344 0.995458 -0.083931 0.211406 -0.00826678 0.0843835 0.996399 0.554991 0 0 0 1 
1807261650087;0.211815;0.188757;0.998841 0.0310565 0.0367657 0.14124 -0.0292342 0.998366 -0.0491058 0.0337374 -0.0382307 0.0479741 0.998117 0.219322 0 0 0 1 
1807261650088;0.669831;0.462898;0.994069 -0.0712881 -0.082126 -0.0314796 0.0455217 0.9586 -0.281093 0.466069 0.0987646 0.275687 0.95616 0.483056 0 0 0 1 
1807261650089;0.143654;0.137008;0.992536 0.0513018 0.110633 0.137525 -0.0573624 0.996982 0.0523115 0.038078 -0.107615 -0.0582672 0.992484 -0.102761 0 0 0 1 
1807261650090;0.732491;0.355664;0.9953 0.0642222 -0.0724812 0.119473 -0.0709117 0.993058 -0.0938461 0.787691 0.065951 0.0985448 0.992945 0.42933 0 0 0 1 
1807261650091;0.403612;0.251573;0.993644 0.0547525 -0.0983604 0.258057 -0.0412265 0.990038 0.134633 0.179166 0.104752 -0.129722 0.986002 -0.338242 0 0 0 1 
1807261650093;1.16071;0.285595;0.894289 0.279351 0.349586 -0.4013 -0.28653 0.957531 -0.032171 0.185119 -0.343726 -0.0713966 0.936352 -0.248895 0 0 0 1 
1807261650094;0.696816;0.34778;0.984906 0.169392 0.0356002 -0.162765 -0.167651 0.984713 -0.0472624 -0.022172 -0.0430618 0.0405806 0.998248 -0.0870333 0 0 0 1 
1807261650095;0.832378;0.407075;0.951532 0.133646 0.276992 0.365518 -0.141463 0.989908 0.00833979 0.122875 -0.273083 -0.0471199 0.960836 -0.0510124 0 0 0 1 
1807261650096;1.24922;0.320291;0.964542 0.244088 0.100397 0.0739722 -0.188406 0.903168 -0.385735 -0.380487 -0.184829 0.353142 0.917131 0.731595 0 0 0 1 
1807261650097;1.57732;0.20821;0.968657 0.165741 0.185022 0.27966 -0.197813 0.965211 0.170993 0.162926 -0.150244 -0.202234 0.967744 0.937426 0 0 0 1 
1807261650098;0.431654;0.16728;0.959875 -0.256569 0.113195 -0.0830827 0.261854 0.964496 -0.0343437 -0.150133 -0.100364 0.0626061 0.992979 0.287716 0 0 0 1 
1807261650099;1.43162;0.26978;0.983874 -0.176359 0.0298295 0.625949 0.178032 0.94953 -0.258259 0.419104 0.0172222 0.259405 0.965615 0.592115 0 0 0 1 
1807261650100;0.198846;0.138884;0.977631 0.00115329 -0.210323 0.149371 0.00416597 0.999683 0.0248461 -0.0323799 0.210285 -0.0251665 0.977316 -0.065279 0 0 0 1 
1807261650101;0.403364;0.130354;0.998658 -0.0510154 0.00892558 0.136792 0.0512969 0.998077 -0.0348105 -0.0851912 -0.00713254 0.0352216 0.999354 -0.179874 0 0 0 1 
1807261650102;0.400187;0.28933;0.997444 -0.0461112 0.0545843 -0.0990474 0.0470341 0.998769 -0.0157461 -0.12563 -0.0537911 0.0182732 0.998385 -0.00385693 0 0 0 1 
1807261650103;1.02195;0.204452;0.962505 0.259834 0.0779174 -0.0355955 -0.26653 0.959286 0.093443 -0.176359 -0.0504654 -0.110707 0.992571 0.52705 0 0 0 1 
1807261650104;1.18672;0.119208;0.990497 0.0174527 -0.136421 -0.0220613 -0.0154084 0.999753 0.016027 -0.341972 0.136667 -0.0137727 0.990521 -0.669316 0 0 0 1 
1807261650105;1.18857;0.761887;0.993786 0.0126335 0.110585 -0.155558 -0.0168181 0.999174 0.0369901 -0.494267 -0.110026 -0.0386201 0.993178 0.160595 0 0 0 1 
1807261650106;0.708535;0.281558;0.998603 -0.0209307 0.0485083 -0.195561 0.0208752 0.999781 0.00165076 -0.246763 -0.0485322 -0.00063584 0.998821 0.205615 0 0 0 1 
1807261650107;0.503291;0.151861;0.999672 0.0206627 -0.0151601 0.0517058 -0.0198318 0.998395 0.0530485 -0.0494851 0.0162319 -0.0527304 0.998477 0.246354 0 0 0 1 
1807261650108;1.52224;0.583434;0.950486 -0.210884 0.228265 0.0753348 0.231072 0.97074 -0.0653484 0.376552 -0.207805 0.114858 0.971404 -0.341075 0 0 0 1 
1807261650109;0.339127;0.0991973;0.966268 -0.0955512 0.239157 -0.0828415 0.0871355 0.995155 0.0455431 0.0202927 -0.24235 -0.0231678 0.969912 0.173201 0 0 0 1 
1807261650110;0.998065;0.135738;0.965554 -0.226917 0.127337 0.029683 0.220019 0.973258 0.0660351 -0.0683962 -0.138917 -0.0357437 0.989659 -0.485063 0 0 0 1 
1807261650111;0.873902;0.134554;0.980504 0.13423 0.143505 0.119707 -0.142625 0.98852 0.0498586 -0.382363 -0.135165 -0.0693539 0.988393 0.420767 0 0 0 1 
1807261650112;0.213542;0.139676;0.985065 -0.00931408 -0.171931 0.129639 0.0111797 0.999889 0.00988612 -0.0106703 0.17182 -0.0116606 0.985059 -0.154173 0 0 0 1 
1807261650113;1.08553;0.262798;0.974469 -0.192733 0.115173 -0.252966 0.210677 0.96226 -0.172251 -0.616679 -0.0776276 0.192118 0.978297 -0.125444 0 0 0 1 
1807261650114;0.757919;0.365268;0.943685 0.330532 0.014407 0.303742 -0.318927 0.920407 -0.226133 0.0394018 -0.0880047 0.208804 0.97399 0.548375 0 0 0 1 
1807261650115;1.40826;0.763019;0.979586 0.137514 0.146631 -0.246027 -0.150257 0.985433 0.079651 0.294458 -0.133542 -0.100057 0.985979 0.320622 0 0 0 1 
1807261650116;0.547781;0.107035;0.984018 0.175492 -0.0301829 0.0377155 -0.172583 0.981652 0.0810784 -0.0573824 0.0438577 -0.0745735 0.996251 0.26104 0 0 0 1 
1807261650117;1.14474;0.35322;0.940572 0.286175 -0.182831 -0.00200823 -0.264901 0.95516 0.132276 0.51583 0.212487 -0.0759824 0.974205 -0.37297 0 0 0 1 
1807261650118;1.22447;0.363246;0.951274 0.250169 -0.180258 -0.0805067 -0.282493 0.941402 -0.184283 0.100264 0.123594 0.226225 0.966202 -0.524025 0 0 0 1 
1807261650119;1.49971;0.481931;0.984814 0.0878002 -0.149777 0.297738 -0.103978 0.989145 -0.103834 0.642534 0.139034 0.117831 0.983252 -0.538152 0 0 0 1 
1807261650120;0.30517;0.189161;0.952211 0.219368 0.212538 0.1425 -0.231294 0.972335 0.0326605 0.143958 -0.199493 -0.0802584 0.976607 0.17522 0 0 0 1 
1807261650121;1.42718;0.213078;0.928336 0.368029 -0.0524066 0.355706 -0.364151 0.928642 0.0708422 -0.681065 0.074739 -0.0466815 0.99611 0.212235 0 0 0 1 
1807261650122;1.45607;0.513619;0.948942 -0.181504 0.258002 -0.209957 0.216821 0.96935 -0.115542 -0.387553 -0.229123 0.165583 0.959211 -0.365918 0 0 0 1 
1807261650124;1.36594;4.57364;-0.0895966 -0.983106 0.159608 2.33562 0.989892 -0.105587 -0.0946851 -0.235085 0.109938 0.149511 0.982629 0.379479 0 0 0 1 
1807261650125;0.804333;4.33434;0.125057 -0.651313 0.748433 1.9381 0.970968 0.235385 0.0425996 -0.552822 -0.203915 0.721377 0.661841 0.338758 0 0 0 1 
1807261650126;0.880272;4.3302;0.244841 -0.854781 0.457606 2.00488 0.888566 0.386671 0.246854 -0.230707 -0.387949 0.346173 0.854201 0.382308 0 0 0 1 
1807261650127;1.55898;4.58408;0.0764866 -0.942709 0.324731 1.84286 0.989007 0.0303953 -0.14471 -0.161939 0.126549 0.33223 0.93467 -1.01256 0 0 0 1 
1807261650128;0.837192;4.45804;0.273796 -0.923718 0.267918 1.65784 0.950467 0.302477 0.0715484 -0.358079 -0.14713 0.235057 0.960781 -0.118535 0 0 0 1 
1807261650129;0.284015;2.85407;0.622764 -0.750888 -0.219845 1.40136 0.644233 0.332673 0.688688 -0.674502 -0.443991 -0.570522 0.690924 0.62174 0 0 0 1 
1807261650130;0.193395;4.76399;-0.10096 -0.966177 0.237294 2.33061 0.994194 -0.106901 -0.012272 -0.177265 0.037224 0.234677 0.97136 -0.315808 0 0 0 1 
1807261650131;0.6404;4.69873;0.151297 -0.965699 0.21103 2.31235 0.980256 0.174073 0.0937881 0.0718235 -0.127306 0.192674 0.97297 -0.0564461 0 0 0 1 
1807261650132;1.48669;4.91318;0.0739084 -0.981209 0.178234 2.94038 0.967671 0.113776 0.225094 0.121125 -0.241143 0.155836 0.957896 -0.559914 0 0 0 1 
1807261650133;0.878362;4.45309;0.39612 -0.863522 0.312119 1.95747 0.912962 0.406659 -0.0335861 -0.486921 -0.0979237 0.298257 0.949449 0.0824772 0 0 0 1 
1807261650134;0.764145;1.1459;0.380519 0.898555 -0.218642 0.183817 -0.490469 0.396529 0.776019 -0.592102 0.783994 -0.188053 0.5916 0.2524 0 0 0 1 
1807261650135;0.938287;4.50275;0.0776672 -0.966842 0.243278 2.20982 0.994829 0.0591386 -0.0825717 -0.242949 0.0654466 0.248433 0.966436 0.236581 0 0 0 1 
1807261650136;0.165136;4.86182;0.306626 -0.930571 0.200044 2.2778 0.948864 0.315423 0.0128804 -0.176947 -0.0750847 0.185865 0.979702 -0.25048 0 0 0 1 
1807261650137;0.685906;4.3201;0.465528 -0.845053 0.262999 1.94022 0.884335 0.432344 -0.176154 -0.190504 0.0351537 0.314584 0.948578 0.0737654 0 0 0 1 
1807261650138;1.14592;4.37654;0.649191 -0.754166 0.0989186 1.84591 -0.0232322 0.110328 0.993624 -0.446132 -0.76027 -0.64735 0.0541031 0.714966 0 0 0 1 
1807261650139;0.608764;4.73442;0.0917906 -0.981984 0.165175 2.41371 0.94083 0.139864 0.308671 -0.478028 -0.326212 0.127068 0.936717 -0.383576 0 0 0 1 
1807261650140;1.51409;4.54193;0.327402 -0.915284 0.234654 1.73498 0.936134 0.347929 0.0509763 0.32342 -0.128301 0.202978 0.970741 0.241902 0 0 0 1 
1807261650141;0.713806;4.15467;0.161023 -0.98574 0.0488757 1.83935 0.827475 0.107848 -0.551047 -0.313683 0.537918 0.129175 0.833041 -0.397258 0 0 0 1 
1807261650142;1.81337;4.64516;0.199742 -0.95095 0.236216 1.91935 0.973597 0.165425 -0.1573 -0.142196 0.110508 0.261399 0.958884 0.583165 0 0 0 1 
1807261650143;1.33398;3.92842;0.294437 -0.868234 0.399346 1.91595 0.950193 0.221287 -0.219467 0.113852 0.102178 0.444075 0.890144 0.270961 0 0 0 1 
1807261650144;0.523192;4.33104;0.336355 -0.908903 0.246496 1.855 0.847463 0.406281 0.341676 -0.149163 -0.410697 0.0939715 0.906916 -0.286783 0 0 0 1 
1807261650145;1.32014;4.65517;0.0921543 -0.977991 0.187191 2.91856 0.987119 0.114419 0.111827 -0.462244 -0.130784 0.174475 0.975938 -0.197132 0 0 0 1 
1807261650146;0.396214;4.27654;0.541126 -0.692093 0.477692 1.79628 0.820144 0.559883 -0.11788 -0.165216 -0.185868 0.455564 0.870583 -0.117684 0 0 0 1 
1807261650147;1.75836;4.36152;0.0426122 -0.979188 0.198431 1.70208 0.996146 0.0568806 0.0667682 -0.4376 -0.0766655 0.194821 0.977838 -0.982566 0 0 0 1 
1807261650148;1.81564;4.65367;0.396198 -0.825006 0.40298 2.29547 0.915964 0.324775 -0.235648 -0.94487 0.0635331 0.462478 0.884351 0.124665 0 0 0 1 
1807261650149;1.27562;4.73985;0.0351598 -0.991012 0.129069 2.43643 0.978837 0.0602006 0.195584 -0.57902 -0.201596 0.119461 0.972156 -0.793934 0 0 0 1 
1807261650150;1.69552;4.66213;0.147612 -0.910333 0.386659 2.59054 0.983955 0.174776 0.0358472 -0.189831 -0.100212 0.375163 0.921526 0.55623 0 0 0 1 
1807261650151;1.06641;4.68855;0.124704 -0.952378 0.278253 2.15048 0.984066 0.154543 0.0879279 -0.36976 -0.126743 0.262854 0.956475 -0.766967 0 0 0 1 
1807261650152;1.1455;4.71045;0.241854 -0.919295 0.310489 2.52829 0.956436 0.171938 -0.235938 -0.517466 0.163512 0.354025 0.920831 -0.0674578 0 0 0 1 
1807261650153;0.956413;4.63301;0.272137 -0.924134 0.268175 2.53773 0.957033 0.28894 0.0245188 -0.442117 -0.100145 0.24998 0.963058 -0.122915 0 0 0 1 
1807261650155;0.606131;0.446068;0.997817 0.0037279 -0.0659312 0.115812 -0.00153763 0.999446 0.0332401 0.0405458 0.0660186 -0.0330662 0.99727 -0.525605 0 0 0 1 
1807261650156;0.187806;0.070258;0.999044 -0.0436423 0.00242945 -0.201858 0.0436369 0.999045 0.00224975 -0.0900887 -0.00252532 -0.00214159 0.999995 0.205064 0 0 0 1 
1807261650157;0.551788;0.420703;0.99965 -0.0201234 0.0172022 -0.121146 0.022791 0.984756 -0.172441 -0.0688084 -0.0134698 0.172772 0.98487 0.969857 0 0 0 1 
1807261650158;0.699792;0.588484;0.998044 -0.0275582 -0.0561091 -0.135719 0.0303611 0.998301 0.0497302 -0.0878467 0.0546433 -0.0513364 0.997185 -0.568508 0 0 0 1 
1807261650159;0.309546;0.230508;0.998233 -0.0180924 -0.0566054 -0.116874 0.0043597 0.972257 -0.233873 -0.182033 0.0592663 0.233213 0.970618 1.09504 0 0 0 1 
1807261650160;0.485518;0.397105;0.9985 -0.0427231 -0.034231 -0.19056 0.0486998 0.978805 0.198918 -0.143097 0.0250071 -0.200287 0.979418 -0.783767 0 0 0 1 
1807261650161;0.330335;0.126108;0.99849 -0.0545248 0.00662833 -0.239896 0.0524426 0.910497 -0.410176 -0.340539 0.0163297 0.409904 0.911982 1.36501 0 0 0 1 
1807261650162;0.550603;0.538231;0.999205 0.0397823 0.00269422 0.108828 -0.0397672 0.999194 -0.00543551 -0.0720375 -0.00290829 0.00532404 0.999982 0.00161313 0 0 0 1 
1807261650163;0.739956;0.325925;0.988811 0.101321 0.109481 0.449478 -0.0920213 0.991958 -0.0869008 -0.457886 -0.117405 0.075854 0.990183 0.67973 0 0 0 1 
1807261650164;0.228506;0.0800167;0.958604 0.110217 0.262547 0.408855 -0.116119 0.99321 0.00702346 -0.0973859 -0.25999 -0.0372195 0.964894 -0.196115 0 0 0 1 
1807261650165;0.0638727;0.0609684;0.999893 -0.00171089 0.0145241 0.000619879 0.00203341 0.999751 -0.0222203 -0.0623594 -0.0144825 0.0222475 0.999648 0.166044 0 0 0 1 
1807261650166;0.691573;0.415697;0.995134 -0.0951031 -0.0257481 -0.429678 0.0965328 0.993423 0.0615758 -0.306781 0.0197227 -0.0637617 0.99777 0.0707743 0 0 0 1 
1807261650167;0.645574;0.467614;0.945868 0.0652372 0.317929 0.340753 -0.12059 0.980104 0.157653 -0.0562882 -0.301318 -0.187458 0.934915 -0.887201 0 0 0 1 
1807261650168;0.448255;0.388035;0.996864 0.0177179 0.0771232 0.0992392 0.011838 0.930254 -0.366725 -0.355052 -0.0782418 0.366488 0.927127 1.4475 0 0 0 1 
1807261650169;0.539907;0.396009;0.997328 -0.00138052 -0.0730374 0.0664724 0.00893019 0.994627 0.103142 -0.470718 0.0725026 -0.103519 0.991981 -0.800452 0 0 0 1 
1807261650170;0.652735;0.328997;0.94915 0.139798 0.282083 0.642781 -0.141288 0.989853 -0.0151586 0.161804 -0.28134 -0.0254671 0.95927 0.522013 0 0 0 1 
1807261650171;0.437786;0.301246;0.95531 0.16534 0.24504 0.642626 -0.215641 0.956781 0.195111 0.0224799 -0.202191 -0.239233 0.949677 -0.542566 0 0 0 1 
1807261650172;0.513271;0.447004;0.991585 -0.0607657 -0.114309 -0.195223 0.0556088 0.997309 -0.047777 -0.383932 0.116905 0.0410183 0.992296 0.209475 0 0 0 1 
1807261650173;0.421662;0.084316;0.925517 -0.129905 -0.35573 -0.435496 0.124324 0.99149 -0.0386143 0.16614 0.357719 -0.00848746 0.933791 -0.364828 0 0 0 1 
1807261650174;0.342158;0.120742;0.996273 0.0736667 -0.0448685 0.31381 -0.0852695 0.919568 -0.383567 -0.171144 0.0130035 0.385963 0.922422 1.29382 0 0 0 1 
1807261650175;0.695425;0.348328;0.999566 -0.0287194 0.00657171 0.0712826 0.0284567 0.998907 0.0370741 0.513209 -0.00762928 -0.036871 0.999291 -0.328129 0 0 0 1 
1807261650176;0.628882;0.437089;0.998243 0.0375852 0.0458153 0.182267 -0.0330251 0.994783 -0.096518 -0.161526 -0.0492039 0.0948353 0.994276 -0.170065 0 0 0 1 
1807261650177;0.385778;0.0598292;0.999348 -0.0344086 -0.0109047 -0.161262 0.0343977 0.999408 -0.00118125 0.036732 0.0109389 0.000805382 0.99994 0.456799 0 0 0 1 
1807261650178;0.865032;0.487442;0.993187 -0.00596642 0.11638 0.00829589 0.0151873 0.996798 -0.0785062 0.0542283 -0.115539 0.0797388 0.990097 1.19857 0 0 0 1 
1807261650179;0.799283;0.069247;0.899348 -0.256655 -0.353979 -1.38546 0.244623 0.96638 -0.0791724 -0.307137 0.362399 -0.015388 0.931896 0.581812 0 0 0 1 
1807261650180;0.951142;0.381987;0.965142 0.159936 0.207175 0.706639 -0.106815 0.963345 -0.246083 0.0699136 -0.238939 0.215375 0.946848 1.82888 0 0 0 1 
1807261650181;0.58947;0.445251;0.999368 0.0248569 0.0254298 0.00885783 -0.0250331 0.999665 0.00663673 -0.159408 -0.0252563 -0.00726912 0.999655 0.137114 0 0 0 1 
1807261650182;0.51362;0.3357;0.993271 -0.000234415 -0.115816 -0.0154753 -0.0057634 0.998659 -0.0514498 0.196064 0.115673 0.0517711 0.991937 -0.16983 0 0 0 1 
1807261650183;0.518467;0.442206;0.977493 -0.0186773 -0.210137 -0.00265215 -0.00687551 0.992724 -0.120217 0.0303562 0.210854 0.118956 0.970253 0.454151 0 0 0 1 
1807261650184;0.540083;0.308553;0.998693 -0.0479847 0.0176108 -0.218667 0.0473055 0.998189 0.0371488 -0.242364 -0.0193614 -0.0362672 0.999155 -0.440887 0 0 0 1 
1807261650186;0.453969;0.395714;0.999308 -0.0182478 -0.0324249 0.012289 0.0210084 0.995992 0.0869441 -0.0121931 0.0307084 -0.0875651 0.995685 0.0201005 0 0 0 1 
1807261650187;0.217396;0.0765289;0.998336 0.00988979 -0.0568161 -0.114651 -0.00895901 0.999822 0.0166137 0.00881428 0.0569702 -0.016077 0.998246 -0.427956 0 0 0 1 
1807261650188;0.833964;0.140236;0.982971 0.00834866 0.18357 -0.0410206 -0.0482136 0.975687 0.213798 0.320282 -0.177322 -0.219008 0.959475 1.32636 0 0 0 1 
1807261650189;0.543168;0.0427276;0.869605 0.371901 -0.324772 0.264935 -0.363543 0.927362 0.0885182 0.548517 0.334101 0.0410926 0.941641 -1.08809 0 0 0 1 
1807261650190;0.468639;0.138972;0.932068 -0.211217 0.29434 0.0052187 0.236548 0.970181 -0.0528653 -0.850862 -0.274397 0.1189 0.954237 1.08945 0 0 0 1 
1807261650191;0.203867;0.0234872;0.991469 0.0427356 0.123141 -0.10109 -0.0327225 0.996077 -0.0822191 -0.0369918 -0.126172 0.0774882 0.988977 0.514171 0 0 0 1 
1807261650192;0.50492;0.351317;0.992905 0.113268 0.0362024 0.267963 -0.106354 0.982062 -0.1557 -0.00885921 -0.0531888 0.150745 0.987141 0.0247418 0 0 0 1 
1807261650193;0.791638;0.208087;0.991708 -0.125097 -0.0294239 -0.00607401 0.124868 0.992128 -0.00950235 -0.421508 0.030381 0.00574945 0.999522 -1.01453 0 0 0 1 
1807261650194;0.736741;0.151787;0.981829 0.186441 -0.0353886 0.381859 -0.189765 0.963335 -0.189669 0.103576 -0.00127093 0.192938 0.98121 -0.655587 0 0 0 1 
1807261650195;0.187863;0.111732;0.975523 0.0207714 -0.218915 0.0947711 -0.00604602 0.997686 0.0677216 -0.00735315 0.219815 -0.0647404 0.973391 -0.622865 0 0 0 1 
1807261650196;0.587609;0.0721281;0.994152 0.105504 -0.0230248 -0.0784882 -0.107882 0.979777 -0.168516 -0.130202 0.00477998 0.170015 0.98543 0.737696 0 0 0 1 
1807261650197;0.541762;0.0705864;0.965184 0.261537 0.00434698 -0.227609 -0.261572 0.964988 0.019445 0.85624 0.000890808 -0.019905 0.999801 -0.156117 0 0 0 1 
1807261650198;0.789459;0.329099;0.995016 0.0405937 -0.09108 0.299997 -0.0508316 0.992287 -0.113062 0.0642292 0.0857878 0.117128 0.989405 -0.911874 0 0 0 1 
1807261650199;0.344499;0.156102;0.99153 -0.0598172 -0.115281 0.0623639 0.0496891 0.994808 -0.088813 -0.0755543 0.119995 0.0823326 0.989355 -0.53351 0 0 0 1 
1807261650200;0.665434;0.387809;0.993297 0.115588 0.00103405 0.0158823 -0.115579 0.993008 0.0240293 -0.235576 0.00175067 -0.0239878 0.999711 -0.0298331 0 0 0 1 
1807261650201;0.637949;0.351511;0.996995 0.0761841 -0.0140005 -0.244633 -0.0765019 0.996786 -0.0237768 0.0305879 0.0121441 0.0247765 0.999619 -0.28661 0 0 0 1 
1807261650202;0.360138;0.0353269;0.997521 0.0701536 0.00550048 -0.201552 -0.0698249 0.996482 -0.0463548 0.0997509 -0.00873309 0.0458559 0.99891 -0.314275 0 0 0 1 
1807261650203;0.394841;0.144124;0.904345 -0.0998707 -0.414953 0.262388 0.148045 0.985277 0.0855131 -0.489063 0.400303 -0.138765 0.905815 -1.16007 0 0 0 1 
1807261650204;0.612524;0.129096;0.998234 -0.0590381 -0.00655019 -0.0918742 0.0591306 0.998138 0.0149679 -0.266112 0.00565432 -0.0153287 0.999867 0.746407 0 0 0 1 
1807261650205;0.404722;0.162265;0.886807 0.201669 -0.415815 0.250214 -0.270166 0.956229 -0.112413 0.714721 0.374944 0.212027 0.902475 -0.896988 0 0 0 1 
1807261650206;0.626556;0.13732;0.970866 -0.235366 -0.0449627 -0.517457 0.22809 0.965237 -0.127641 -0.956299 0.0734419 0.113666 0.990801 0.43042 0 0 0 1 
1807261650207;0.542445;0.108749;0.999355 0.00621022 0.0353799 -0.0827184 -0.00593309 0.999951 -0.00793267 -0.130027 -0.0354274 0.00771764 0.999342 0.785369 0 0 0 1 
1807261650208;0.417306;0.130149;0.950835 -0.00751001 -0.309606 0.0471045 -0.0339348 0.99116 -0.12826 0.254887 0.307832 0.132461 0.942175 -1.06104 0 0 0 1 
1807261650209;0.115948;0.0914861;0.998854 -0.00533712 -0.0475631 -0.0688012 0.00249355 0.998217 -0.0596453 0.0375781 0.0477966 0.0594583 0.997086 -0.0895777 0 0 0 1 
1807261650210;0.290494;0.135093;0.97862 0.201295 0.0422324 0.0325168 -0.186008 0.9538 -0.235939 0.579832 -0.0877748 0.223039 0.97085 0.369046 0 0 0 1 
1807261650211;0.634223;0.524644;0.984835 0.107106 -0.136487 0.316098 -0.13007 0.976419 -0.172302 0.14418 0.114814 0.187442 0.975543 -0.310718 0 0 0 1 
1807261650212;0.518398;0.052472;0.932572 0.238457 -0.271014 0.152842 -0.216211 0.970172 0.109634 0.701951 0.289073 -0.0436451 0.956312 -1.20234 0 0 0 1 
1807261650213;0.562773;0.464816;0.995543 -0.093164 0.0146621 0.0264282 0.0857024 0.958564 0.271679 -0.265362 -0.0393652 -0.269211 0.962276 -0.157011 0 0 0 1 
1807261650214;0.522212;0.627045;0.990988 0.108129 0.0790677 0.117117 -0.121996 0.972306 0.199344 0.342425 -0.0553231 -0.207194 0.976734 0.111613 0 0 0 1 
1807261650215;0.876402;0.26147;0.927844 -0.304785 -0.214967 0.542612 0.299925 0.952335 -0.0557021 -1.17954 0.221698 -0.0127911 0.975031 -0.812741 0 0 0 1 
1807261650217;0.532131;0.433513;0.981745 0.013723 0.189708 -0.0425909 -0.054275 0.976137 0.210263 -0.11723 -0.182296 -0.216721 0.959062 -0.745525 0 0 0 1 
1807261650218;0.499155;0.373237;0.995849 -0.0331563 -0.0847663 -0.155774 0.0407009 0.99521 0.088885 -0.0771654 0.0814131 -0.0919661 0.992428 -0.121007 0 0 0 1 
1807261650219;0.721512;0.750562;0.958051 -0.281226 -0.0552313 -0.781049 0.283446 0.958256 0.0374765 -1.39384 0.0423863 -0.0515595 0.99777 -0.597799 0 0 0 1 
1807261650220;0.121853;0.0774143;0.993524 -0.0667714 0.0919371 -0.24466 0.0641005 0.99744 0.0317076 -0.143406 -0.0938189 -0.025609 0.99526 -0.049727 0 0 0 1 
1807261650221;0.995809;0.318704;0.997449 -0.0713131 0.00328612 -0.365833 0.0712915 0.997436 0.00628499 -0.284308 -0.00372589 -0.00603469 0.999975 -0.858229 0 0 0 1 
1807261650222;1.09618;0.525045;0.999971 -0.00466581 0.00601158 -0.103914 0.00450263 0.999629 0.0268783 -0.385276 -0.00613475 -0.0268504 0.999621 -0.948401 0 0 0 1 
1807261650223;0.826304;0.630394;0.998006 -0.0618605 0.0125139 -0.23572 0.061445 0.997622 0.0312368 -0.224772 -0.0144165 -0.0304056 0.999434 -0.358346 0 0 0 1 
1807261650224;0.375842;0.17281;0.99727 -0.00107607 -0.0738346 -0.0345366 0.020963 0.962881 0.26911 -0.222005 0.0708043 -0.269923 0.960275 -1.06617 0 0 0 1 
1807261650225;0.55112;0.744201;0.990712 -0.134012 -0.0230172 -0.636515 0.130398 0.984353 -0.11851 -0.810638 0.0385389 0.114408 0.992686 0.503329 0 0 0 1 
1807261650226;0.761509;0.584949;0.999647 -0.0141097 -0.0225266 -0.116738 0.0136435 0.999692 -0.0207185 -0.00312271 0.022812 0.0204038 0.999532 0.45974 0 0 0 1 
1807261650227;0.75985;0.734089;0.9997 -0.0047696 -0.0240117 -0.0144114 0.00529938 0.999743 0.0220485 -0.00498973 0.0239003 -0.0221692 0.999469 -0.231045 0 0 0 1 
1807261650228;0.464961;0.454069;0.999005 -0.0118893 -0.0429912 -0.0895125 0.0148524 0.997487 0.0692723 -0.115334 0.0420596 -0.0698419 0.996671 -0.43998 0 0 0 1 
1807261650229;0.961907;0.40929;0.977413 -0.00154804 0.211333 0.00331944 -0.046663 0.973713 0.222948 0.0868671 -0.206123 -0.227774 0.951647 0.269952 0 0 0 1 
1807261650230;1.24871;0.403136;0.960599 -0.0750025 -0.267628 -0.0847045 0.0959327 0.993198 0.0659889 -0.523433 0.260858 -0.0890631 0.96126 -1.59563 0 0 0 1 
1807261650231;0.35278;0.25323;0.979231 -0.0501137 -0.196454 -0.132304 0.0145686 0.983858 -0.178356 -0.1303 0.202221 0.171789 0.964155 0.167985 0 0 0 1 
1807261650232;0.725754;0.660302;0.975363 -0.00803038 -0.220461 0.000403278 0.0436845 0.986579 0.157333 -0.159779 0.216238 -0.163087 0.962623 -0.745263 0 0 0 1 
1807261650233;0.807473;0.793177;0.99559 -0.0102755 0.093247 -0.0616722 0.00387686 0.997641 0.0685437 -0.00569074 -0.0937313 -0.0678799 0.993281 -0.155551 0 0 0 1 
1807261650234;0.330571;0.0689302;0.99731 -0.0633295 -0.0369121 -0.229795 0.0624304 0.997736 -0.0250238 -0.130821 0.0384133 0.0226521 0.999005 0.283212 0 0 0 1 
1807261650235;0.476097;0.169746;0.994965 0.0751159 -0.0663425 0.109566 -0.0608125 0.978697 0.196095 -0.214522 0.0796591 -0.191074 0.978338 -0.244298 0 0 0 1 
1807261650236;0.451212;0.405587;0.913892 -0.0442166 -0.403541 -0.101999 0.00806344 0.995832 -0.0908536 -0.103318 0.405876 0.0797765 0.910439 -0.0589802 0 0 0 1 
1807261650237;0.797582;0.360108;0.946845 0.0174236 0.321219 -0.158429 -0.0686384 0.98648 0.148814 -0.290007 -0.314283 -0.162951 0.93524 -0.647942 0 0 0 1 
1807261650238;1.08583;0.812842;0.995974 -0.057507 -0.0687686 -0.473808 0.0567186 0.998301 -0.0133644 -0.504529 0.0694203 0.00941015 0.997543 0.820822 0 0 0 1 
1807261650239;1.02135;0.762913;0.967077 0.145997 0.20844 0.0829813 -0.109509 0.978098 -0.177009 -0.189434 -0.229717 0.148355 0.961884 0.0625344 0 0 0 1 
1807261650240;0.859825;0.291292;0.999439 -0.0322647 0.00897854 -0.175405 0.0322292 0.999472 0.00407126 -0.00880872 -0.00910515 -0.0037796 0.999951 0.704715 0 0 0 1 
1807261650241;0.991567;0.980703;0.996168 -0.0111116 0.0867514 -0.0687331 -0.0149991 0.955497 0.29462 -0.139311 -0.0861644 -0.294792 0.951669 -0.598277 0 0 0 1 
1807261650242;0.558163;0.393788;0.98111 0.0358836 -0.190094 0.206357 -0.0155679 0.994104 0.107306 -0.0413281 0.192824 -0.10232 0.975884 -0.813185 0 0 0 1 
1807261650243;0.371812;0.349208;0.993326 0.0764073 0.086398 0.0594984 -0.106667 0.893521 0.436167 -0.367694 -0.0438721 -0.442472 0.895708 -1.15319 0 0 0 1 
1807261650244;0.711238;0.103598;0.993691 -0.107709 -0.0312645 -0.356721 0.101732 0.982971 -0.153032 -0.359055 0.047215 0.148886 0.987727 -0.197017 0 0 0 1 
1807261650245;0.732714;0.524589;0.99111 -0.0338525 -0.128666 -0.0979492 0.00261926 0.971865 -0.235525 -0.0466388 0.133019 0.233094 0.963314 0.192499 0 0 0 1 
1807261650246;1.2033;0.872891;0.985346 -0.113141 0.127643 -0.474737 0.101574 0.990399 0.0937723 -0.541371 -0.137027 -0.0794329 0.987377 0.911736 0 0 0 1 
1807261650248;0.419559;0.46745;0.996889 -0.0748185 -0.0247983 -0.636577 0.0741936 0.996925 -0.0252314 -0.570742 0.0266099 0.023313 0.999374 0.0927662 0 0 0 1 
1807261650249;0.496114;0.382039;0.99618 0.0695389 -0.0528097 -0.290338 -0.0754805 0.98985 -0.120416 -0.584337 0.0439001 0.123942 0.991318 0.708783 0 0 0 1 
1807261650250;0.34812;0.381575;0.996426 0.0135393 -0.0833833 -0.121211 -0.0255766 0.989096 -0.145035 -0.232312 0.0805105 0.146649 0.985907 0.801708 0 0 0 1 
1807261650251;0.451728;0.438435;0.948976 0.299264 -0.0994218 0.610091 -0.308388 0.946574 -0.0943169 -0.212604 0.0658844 0.120165 0.990565 0.680881 0 0 0 1 
1807261650252;0.33029;0.315243;0.888452 -0.247028 -0.386821 -1.26872 0.159443 0.95643 -0.244579 -0.238687 0.430385 0.155621 0.889129 0.81131 0 0 0 1 
1807261650253;0.249687;0.369406;0.995195 -0.0969788 0.0135194 -0.858816 0.0971969 0.995128 -0.0165308 -0.118714 -0.0118504 0.0177654 0.999772 -0.247507 0 0 0 1 
1807261650254;0.24129;0.407945;0.995871 0.0787301 0.0451897 -0.301566 -0.0693649 0.981099 -0.180649 -0.101723 -0.0585581 0.176769 0.982509 0.786205 0 0 0 1 
1807261650255;0.565737;0.375058;0.963859 0.0936633 0.249407 -0.184425 0.0113932 0.920814 -0.389836 -0.578705 -0.266171 0.378588 0.886467 2.08782 0 0 0 1 
1807261650256;0.73595;0.428929;0.909213 0.164042 0.382652 -0.0272334 -0.216518 0.971342 0.0980522 0.0605299 -0.355601 -0.172001 0.918675 -1.3707 0 0 0 1 
1807261650257;0.0754684;0.395599;0.999416 -0.00734504 -0.0333864 -0.495757 0.00758184 0.999947 0.00697173 -0.0738095 0.0333334 -0.00722078 0.999418 -0.0756808 0 0 0 1 
1807261650258;0.796962;0.953368;0.967426 -0.249936 -0.0402436 -1.88973 0.251837 0.966351 0.052378 0.13998 0.0257983 -0.0608066 0.997816 -0.0540066 0 0 0 1 
1807261650259;0.200045;0.415865;0.996576 -0.0826736 -0.00130299 -0.773697 0.082683 0.996515 0.0109913 0.0835598 0.000389754 -0.0110614 0.999939 0.0139875 0 0 0 1 
1807261650260;0.602384;0.412805;0.969393 -0.129056 -0.208861 -1.10074 0.183003 0.946928 0.264267 -0.212604 0.163671 -0.294401 0.941563 -0.555089 0 0 0 1 
