#;prob_registration_l1 -r /home/probabilistic_point_clouds_registration/build/tester /home/point_clouds_registration_benchmark//devel/registration_pairs/plain_local.txt /home/point_clouds_registration_benchmark//eth/plain -s 0.2 -t 0.2 -p 0.3 -r 1000 -m 5 -i 40 
id;initial_error;final_error;transformation
4215528470000;0.567788;0.514655;0.961791 -0.0286483 0.272282 0.261936 0.0131605 0.998198 0.0585388 -0.118989 -0.273468 -0.0527188 0.960435 1.94616 0 0 0 1 
4215528470001;0.547226;0.0575831;0.992133 0.101362 -0.0734687 -0.626922 -0.0636128 0.913652 0.401489 0.856825 0.10782 -0.393657 0.912912 1.08706 0 0 0 1 
4215528470002;0.032832;0.0273139;0.99997 0.00631473 0.00459225 -0.0198455 -0.00632324 0.999978 0.00184034 0.0283437 -0.00458053 -0.00186932 0.999988 0.0415976 0 0 0 1 
4215528470003;0.731607;0.568788;0.996278 -0.0149169 0.0849014 0.0299268 0.0149405 0.999888 0.000357808 -0.22716 -0.0848973 0.000911993 0.996389 0.379566 0 0 0 1 
4215528470004;0.518474;0.232532;0.966095 0.0753028 -0.246961 -0.22021 -0.0177232 0.973608 0.227538 0.112218 0.257578 -0.215447 0.941932 -0.220429 0 0 0 1 
4215528470005;0.0948906;0.093923;0.999745 0.00547601 0.0219301 -0.0583863 -0.00352223 0.9961 -0.0881587 0.0444153 -0.0223273 0.088059 0.995865 -0.302998 0 0 0 1 
4215528470006;0.93827;0.602814;0.998958 -0.0340339 -0.0304072 -0.0222347 0.0218225 0.941357 -0.336706 0.134722 0.0400834 0.335691 0.941119 -1.39396 0 0 0 1 
4215528470007;0.649378;0.535308;0.994438 -0.0367161 -0.0987206 0.175629 -0.000187055 0.936658 -0.350245 0.404931 0.105327 0.348315 0.931441 -1.98368 0 0 0 1 
4215528470008;0.524363;0.39829;0.962696 0.0247167 -0.269456 0.156115 -0.0607243 0.990154 -0.126127 0.478423 0.263685 0.137785 0.954718 -2.31344 0 0 0 1 
4215528470009;0.400063;0.344207;0.970096 -0.0436558 0.238763 0.206187 0.0560743 0.997391 -0.0454656 -0.375384 -0.236155 0.0574945 0.970013 1.31237 0 0 0 1 
4215528470010;0.581956;0.497864;0.994549 -0.0539018 -0.0892575 0.390877 0.0274368 0.961136 -0.274708 0.121519 0.100596 0.270762 0.957376 -2.01668 0 0 0 1 
4215528470011;0.358216;0.148518;0.987288 -0.0783844 0.138266 0.375505 0.107674 0.969745 -0.219091 -0.580267 -0.116909 0.231194 0.965858 -0.119571 0 0 0 1 
4215528470012;0.581653;0.352376;0.98557 0.102184 -0.134944 -0.297267 -0.0594607 0.95542 0.289201 0.458036 0.15848 -0.277004 0.947709 -0.0680012 0 0 0 1 
4215528470013;0.612837;0.0934084;0.982652 -0.0491241 0.178834 0.168562 0.0477471 0.998787 0.0119985 -0.23954 -0.179207 -0.00325153 0.983806 0.564643 0 0 0 1 
4215528470014;0.871128;0.65816;0.998984 -0.00579296 0.0447021 -0.105322 0.00692236 0.99966 -0.0251517 -0.132462 -0.0445412 0.0254356 0.998684 0.728446 0 0 0 1 
4215528470015;0.0605696;0.0196643;0.999898 0.00341061 0.0138662 0.0225175 -0.00318257 0.99986 -0.016435 0.00741467 -0.0139203 0.0163892 0.999769 0.00532831 0 0 0 1 
4215528470016;0.462589;0.152242;0.971798 -0.0352059 0.233172 0.155233 0.0817272 0.977793 -0.192983 -0.474959 -0.2212 0.206597 0.953094 0.776643 0 0 0 1 
4215528470017;0.763704;0.231148;0.996039 0.0282055 0.0843204 -0.192893 -0.0615167 0.903336 0.424499 0.694375 -0.0641965 -0.428005 0.901494 3.0313 0 0 0 1 
4215528470018;0.320962;0.331;0.998426 -0.00474406 0.0558908 -0.0864582 -0.000705423 0.995276 0.0970816 -0.0872998 -0.0560873 -0.0969682 0.993706 0.702247 0 0 0 1 
4215528470019;0.470754;0.253978;0.90563 0.141873 -0.399632 -0.136572 -0.0847735 0.983923 0.157191 0.555417 0.415508 -0.108479 0.903098 -2.03132 0 0 0 1 
4215528470020;0.901423;0.705808;0.989456 -0.0253623 0.142598 0.0757767 0.0405599 0.993676 -0.104702 -0.131025 -0.139041 0.109382 0.984227 -0.0288974 0 0 0 1 
4215528470021;0.310289;0.104522;0.999795 0.00667466 -0.0191142 -0.161252 -0.00483874 0.99551 0.0945337 0.011535 0.0196594 -0.0944218 0.995338 0.529854 0 0 0 1 
4215528470022;0.501427;0.234201;0.981814 0.0256045 -0.188111 0.202132 -0.042036 0.995588 -0.0838868 0.360454 0.185133 0.0902687 0.978559 -1.95508 0 0 0 1 
4215528470023;0.509895;0.361699;0.994466 -0.0200725 0.103127 0.0694308 0.0352926 0.988364 -0.147957 -0.0726488 -0.0989573 0.150778 0.983602 -0.37419 0 0 0 1 
4215528470024;0.756959;0.472869;0.998302 -0.0131879 0.0567358 -0.0353724 0.0124438 0.999832 0.0134495 -0.172073 -0.0569037 -0.0127207 0.998299 0.965625 0 0 0 1 
4215528470025;0.187466;0.143396;0.996416 0.0518679 -0.0668267 -0.261193 -0.0456228 0.994731 0.0918109 0.249324 0.0712366 -0.0884329 0.993532 -0.0749315 0 0 0 1 
4215528470026;0.0729172;0.0461897;0.999225 -0.0390982 -0.00446846 0.210212 0.0390483 0.999179 -0.010775 -0.209763 0.00488607 0.0105921 0.999932 -0.133688 0 0 0 1 
4215528470027;0.80863;0.238079;0.997449 0.00615511 -0.0711193 -0.144877 -0.0153707 0.991425 -0.12977 0.00714266 0.0697107 0.130532 0.98899 -0.373178 0 0 0 1 
4215528470028;0.511375;0.444585;0.995916 0.0362908 -0.0826699 -0.179538 -0.0214179 0.984486 0.174154 0.0914115 0.0877075 -0.171672 0.981242 0.394285 0 0 0 1 
4215528470029;0.874225;0.518782;0.880758 0.0747791 -0.467625 0.692791 -0.0468999 0.996373 0.0709979 0.426099 0.471238 -0.0406004 0.881071 -3.14518 0 0 0 1 
4215528470031;0.986719;0.227659;0.999726 -0.00564817 0.0227355 -0.0628678 0.00565156 0.999984 -8.47411e-05 -0.328071 -0.0227346 0.000213209 0.999742 0.927488 0 0 0 1 
4215528470032;1.06872;0.592364;0.994389 -0.0980472 0.0397128 0.490161 0.104831 0.863053 -0.494116 0.0897594 0.0141725 0.495507 0.868488 -2.68679 0 0 0 1 
4215528470033;0.525088;0.274974;0.999074 -0.0423199 0.00780534 0.280452 0.0425362 0.998644 -0.0300203 -0.368632 -0.0065243 0.0303245 0.999519 -0.451264 0 0 0 1 
4215528470034;0.461314;0.188341;0.999671 0.0254975 0.00286681 -0.110627 -0.0255457 0.999507 0.0182708 0.17711 -0.00239953 -0.0183381 0.999829 -0.210382 0 0 0 1 
4215528470035;0.980295;0.855243;0.999879 0.00177162 -0.0154337 -0.102254 -0.00178827 0.999998 -0.00106499 -0.00446074 0.0154317 0.00109247 0.99988 0.05949 0 0 0 1 
4215528470036;1.14169;0.506574;0.998374 0.0547386 0.0159236 -0.482852 -0.0570043 0.961607 0.268445 0.367982 -0.000617973 -0.268916 0.963163 2.27877 0 0 0 1 
4215528470037;0.241412;0.0989088;0.999924 0.000929752 0.0122541 0.0786816 -0.000569856 0.999569 -0.0293402 0.0695472 -0.0122761 0.029331 0.999494 0.0264275 0 0 0 1 
4215528470038;0.130156;0.11065;0.999529 0.0152757 0.0266233 -0.115188 -0.0154766 0.999853 0.00735358 0.13902 -0.026507 -0.00776215 0.999618 0.288861 0 0 0 1 
4215528470039;0.797747;0.283198;0.99581 -0.0468732 -0.0785167 0.181357 0.0245966 0.964288 -0.263711 0.0413371 0.0880737 0.260674 0.961401 -1.69817 0 0 0 1 
4215528470040;0.689028;0.573421;0.996864 0.0312405 -0.0727014 -0.00954179 -0.0249441 0.995986 0.085958 0.225317 0.075095 -0.083875 0.993643 -0.543587 0 0 0 1 
4215528470041;0.231676;0.16401;0.956429 -0.0475029 -0.288076 0.931582 0.0100567 0.99145 -0.130098 0.0496802 0.291793 0.121533 0.948729 -3.29179 0 0 0 1 
4215528470042;0.841266;0.731051;0.989234 -0.0208559 0.144852 0.0251403 0.00657584 0.995128 0.0983716 -0.0192333 -0.146197 -0.0963599 0.984551 1.4962 0 0 0 1 
4215528470043;0.639843;0.609956;0.996984 0.0218565 -0.0744698 -0.0105255 -0.0193744 0.999238 0.0338904 0.167529 0.0751538 -0.0323454 0.996647 -0.581704 0 0 0 1 
4215528470044;0.994474;0.10622;0.999923 -0.00113578 0.0123352 0.064796 0.00130505 0.999905 -0.0137233 0.0636607 -0.0123184 0.0137384 0.99983 -0.795849 0 0 0 1 
4215528470045;0.386524;0.197864;0.993316 0.0288068 0.111776 -0.222416 -0.0774897 0.884131 0.460768 0.900074 -0.0855514 -0.466349 0.880454 3.44329 0 0 0 1 
4215528470046;1.07289;0.551607;0.97699 0.0587607 -0.205029 -0.14607 -0.0472158 0.997035 0.0607579 0.32657 0.207991 -0.0496793 0.976868 -0.84151 0 0 0 1 
4215528470047;0.459821;0.470802;0.993576 -0.00562725 0.113028 -0.058323 0.0067818 0.999929 -0.00983284 -0.132226 -0.112965 0.0105362 0.993543 0.866697 0 0 0 1 
4215528470048;0.649857;0.51592;0.999362 0.0213221 -0.0286366 -0.196721 -0.0208751 0.999657 0.0158176 0.128521 0.028964 -0.0152097 0.999465 -0.0537607 0 0 0 1 
4215528470049;0.633618;0.338517;0.999938 0.0052013 -0.00981614 -0.120207 -0.00367797 0.98879 0.149269 -0.0725677 0.0104825 -0.149224 0.988748 1.15098 0 0 0 1 
4215528470050;0.671958;0.358788;0.998038 0.024924 -0.0574359 -0.0306787 -0.0235485 0.999422 0.0245025 0.171528 0.0580134 -0.0231019 0.998048 -0.803542 0 0 0 1 
4215528470051;0.865997;0.590169;0.997546 -0.0291554 -0.0636557 0.393526 0.0168895 0.982529 -0.185341 0.16086 0.0679473 0.183811 0.98061 -2.08664 0 0 0 1 
4215528470052;0.470145;0.443141;0.998656 0.0174758 -0.0487889 -0.0375643 -0.018613 0.999563 -0.0229519 0.14721 0.0483665 0.0238292 0.998545 -0.588809 0 0 0 1 
4215528470053;1.01323;0.119867;0.993142 0.0104681 0.116447 -0.00260367 0.0013819 0.994863 -0.10122 0.00851678 -0.116909 0.100687 0.988026 -0.275796 0 0 0 1 
4215528470054;0.877545;0.637875;0.999226 0.0187824 -0.0345578 0.070786 -0.0176528 0.999309 0.0327058 0.173608 0.0351483 -0.0320704 0.998867 -0.648605 0 0 0 1 
4215528470055;0.503431;0.174847;0.997001 -0.0164558 0.0756211 -0.0566873 0.0254594 0.992485 -0.119688 0.148503 -0.0730833 0.121254 0.989927 0.160016 0 0 0 1 
4215528470056;0.338949;0.254333;0.99327 -0.087456 0.0759313 0.378007 0.101628 0.972574 -0.209219 -0.562115 -0.0555514 0.215528 0.974916 -0.780859 0 0 0 1 
4215528470057;0.60477;0.0484687;0.999667 -0.0174406 0.0190259 0.105775 0.0168867 0.99944 0.0288963 -0.121359 -0.0195192 -0.0285654 0.999401 -0.17022 0 0 0 1 
4215528470058;0.117082;0.0913357;0.999071 -0.0364432 0.0230119 0.217914 0.0371094 0.998884 -0.0292184 -0.309257 -0.0219214 0.0300452 0.999308 -0.00837486 0 0 0 1 
4215528470059;0.289428;0.30123;0.998465 -0.0128412 -0.0538794 0.141365 0.00690212 0.994018 -0.109 0.0481765 0.0549568 0.108461 0.99258 -1.14953 0 0 0 1 
4215528470060;0.876862;0.545383;0.962728 0.0742834 -0.26007 0.389525 -0.0507129 0.994069 0.0962052 0.38639 0.265674 -0.0794306 0.960785 -2.39056 0 0 0 1 
4215528470062;1.03489;0.721588;0.963185 -0.0837717 0.255456 0.129125 0.150965 0.954789 -0.256101 -1.47317 -0.222452 0.285237 0.932285 2.69214 0 0 0 1 
4215528470063;0.150783;0.106148;0.997171 0.036622 0.0656419 -0.25814 -0.0429218 0.994331 0.0972858 0.44515 -0.061707 -0.099828 0.993089 1.20148 0 0 0 1 
4215528470064;1.26892;0.217918;0.980176 0.0761104 -0.182927 0.649217 -0.0534981 0.990648 0.12552 0.523168 0.19077 -0.113245 0.975081 -2.97258 0 0 0 1 
4215528470065;0.672821;0.32654;0.999615 -0.0269291 0.00674319 0.0387138 0.0272052 0.998622 -0.0448849 -0.353371 -0.00552519 0.0450511 0.998969 -0.339531 0 0 0 1 
4215528470066;0.971407;0.208369;0.974368 -0.0624544 0.216116 0.111756 0.142969 0.91364 -0.380555 -1.08028 -0.173685 0.401699 0.899151 1.75942 0 0 0 1 
4215528470067;0.479383;0.621115;0.998393 -0.034913 0.0446376 -0.0943105 0.041128 0.988295 -0.146908 -0.250868 -0.0389861 0.148508 0.988142 0.069625 0 0 0 1 
4215528470068;1.75898;1.6572;0.997738 0.063845 -0.0210178 -0.108314 -0.0592077 0.982819 0.174819 0.625558 0.0318181 -0.173179 0.984376 -0.131847 0 0 0 1 
4215528470069;1.1695;0.298565;0.995709 -0.0360668 0.0852193 -0.127682 0.0323501 0.998481 0.0445994 -0.584908 -0.0866984 -0.0416512 0.995364 2.00842 0 0 0 1 
4215528470070;0.627154;0.196668;0.999902 -0.00181263 0.0138639 -0.0502846 0.00140279 0.999563 0.0295145 0.041368 -0.0139113 -0.0294921 0.999468 0.0178847 0 0 0 1 
4215528470071;1.13782;0.421567;0.988139 0.0298827 -0.150625 0.690541 -0.0185393 0.996923 0.076158 0.175116 0.152437 -0.0724622 0.985653 -2.43825 0 0 0 1 
4215528470072;1.12233;0.707715;0.998557 0.0117789 -0.0523944 -0.12387 -0.0108514 0.99978 0.0179523 0.0231826 0.0525943 -0.0173579 0.998465 -0.266226 0 0 0 1 
4215528470073;0.253366;0.0465928;0.958358 -0.0923161 0.270235 0.333984 0.167541 0.94809 -0.270286 -1.62248 -0.231255 0.304307 0.924077 2.42402 0 0 0 1 
4215528470074;0.891847;0.331258;0.923573 0.164841 -0.346178 1.41962 -0.0833074 0.967569 0.238475 0.731655 0.374262 -0.19141 0.907353 -4.87381 0 0 0 1 
4215528470075;0.661748;0.354292;0.998447 0.00940444 0.0549043 -0.239005 -0.00973981 0.999935 0.00584391 0.177222 -0.0548458 -0.0063696 0.998475 1.11042 0 0 0 1 
4215528470076;1.55682;0.577071;0.999777 0.00370962 -0.0207853 0.188311 -0.00378511 0.999986 -0.00359373 0.192285 0.0207717 0.00367161 0.999778 -1.12879 0 0 0 1 
4215528470077;0.434483;0.373226;0.999668 -0.0251964 0.00530263 0.0273049 0.0255261 0.996794 -0.0758281 -0.167586 -0.00337504 0.0759383 0.997107 -0.322233 0 0 0 1 
4215528470078;1.12372;1.18907;0.960472 -0.0368491 0.275926 -0.0433907 0.041219 0.9991 -0.0100526 -0.562963 -0.275307 0.0210287 0.961126 3.94825 0 0 0 1 
4215528470079;1.36039;1.09238;0.993074 -0.0242654 0.114959 -0.201998 0.0405761 0.989071 -0.141746 -0.369762 -0.110263 0.145428 0.983205 1.41191 0 0 0 1 
4215528470080;1.57691;1.33856;0.982369 0.114319 -0.147924 0.177592 -0.0822987 0.974899 0.206877 0.953304 0.167861 -0.191055 0.96712 -1.59925 0 0 0 1 
4215528470081;1.29705;1.29861;0.996975 0.0582341 -0.051475 -0.163307 -0.0514175 0.990816 0.125058 0.542044 0.058285 -0.122033 0.990813 -0.389157 0 0 0 1 
4215528470082;0.754436;0.373055;0.996363 -0.0489517 -0.0697503 0.33961 0.0382419 0.988344 -0.147358 -0.356083 0.0761507 0.144154 0.986621 -1.30966 0 0 0 1 
4215528470083;1.36137;0.53503;0.994568 -0.0167969 0.102724 -0.326265 0.0232341 0.997819 -0.0617932 -0.242101 -0.101462 0.0638442 0.992789 1.93622 0 0 0 1 
4215528470084;1.66015;1.30392;0.984032 -0.0159168 -0.177281 0.552944 0.00437646 0.997856 -0.0652981 0.0769316 0.17794 0.0634796 0.981992 -3.00705 0 0 0 1 
4215528470085;1.13067;0.272716;0.999556 0.0202353 -0.0218741 -0.261031 -0.018495 0.996857 0.0770268 -0.023677 0.0233641 -0.076588 0.996789 0.529658 0 0 0 1 
4215528470086;1.1632;1.19232;0.928889 -0.0304295 0.369106 0.272648 0.0198157 0.999275 0.0325133 -0.312064 -0.369828 -0.0228872 0.928818 5.53845 0 0 0 1 
4215528470087;0.757202;0.62465;0.997557 -0.013055 0.0686258 -0.194302 0.0199548 0.994702 -0.100841 -0.131621 -0.0669458 0.101964 0.992533 0.846941 0 0 0 1 
4215528470088;1.28516;0.708066;0.99982 -0.0160561 0.01006 -0.142782 0.016458 0.999014 -0.0412251 -0.220168 -0.00938821 0.0413832 0.999099 0.610916 0 0 0 1 
4215528470089;0.703952;0.414574;0.998028 0.032971 -0.0534204 -0.154666 -0.0308454 0.998718 0.0401377 0.336993 0.0546753 -0.0384108 0.997765 -0.329882 0 0 0 1 
4215528470090;1.03548;0.471198;0.95746 -0.109619 0.266934 0.224248 0.206304 0.906814 -0.367596 -1.72692 -0.201764 0.407028 0.890853 1.29635 0 0 0 1 
4215528470091;1.49069;1.42857;0.999128 0.0363906 0.0204698 -0.16272 -0.0382132 0.994539 0.097119 0.471475 -0.0168238 -0.0978165 0.995062 0.648852 0 0 0 1 
4215528470093;0.435815;0.40038;0.999527 -0.0140795 0.0273567 0.0753579 0.00725837 0.97196 0.235036 0.0195117 -0.0298988 -0.234726 0.971602 0.262272 0 0 0 1 
4215528470094;0.626818;0.118313;0.999877 0.0136902 0.00760813 0.0588761 -0.0133799 0.999132 -0.0394508 0.153068 -0.00814162 0.0393441 0.999193 -0.649116 0 0 0 1 
4215528470095;0.64508;0.498321;0.999509 -0.0290384 -0.0117615 0.0801911 0.0282403 0.997606 -0.063125 -0.142854 0.0135664 0.0627618 0.997936 -0.377458 0 0 0 1 
4215528470096;0.715932;0.537885;0.999799 -0.0195741 0.00430922 -0.0245376 0.0197557 0.998692 -0.0471494 -0.145257 -0.00338068 0.0472251 0.998879 -0.347923 0 0 0 1 
4215528470097;0.899584;0.809901;0.998975 -0.0441712 0.00984226 0.123711 0.045251 0.977677 -0.205183 -0.209738 -0.000559351 0.205418 0.978674 0.312796 0 0 0 1 
4215528470098;0.598276;0.402716;0.989651 -0.0211619 0.141926 -0.00153857 -0.00267649 0.986172 0.165706 -0.0669576 -0.14347 -0.164371 0.975909 0.110673 0 0 0 1 
4215528470099;0.333474;0.269982;0.9729 0.103952 -0.206543 0.0678013 -0.0105323 0.912242 0.409517 0.286816 0.230987 -0.396244 0.888615 -0.435782 0 0 0 1 
4215528470100;0.645112;0.018469;0.999888 -0.0149468 5.49987e-07 -0.00627153 0.0149466 0.999874 -0.00530645 0.00251941 7.87644e-05 0.00530586 0.999986 -0.692808 0 0 0 1 
4215528470101;0.802084;0.656965;0.998839 -0.0164955 0.0452548 0.120079 0.0190481 0.998217 -0.0565659 -0.0894629 -0.044241 0.0573623 0.997373 0.361999 0 0 0 1 
4215528470102;0.571321;0.0456726;0.999878 -0.0145801 0.00559746 -0.183218 0.0148183 0.998869 -0.0451785 0.1954 -0.00493242 0.0452559 0.998963 -0.52949 0 0 0 1 
4215528470103;0.118159;0.118051;0.999973 -0.00521576 -0.00509014 -0.00523643 0.00520273 0.999983 -0.00256995 -0.0107054 0.00510345 0.0025434 0.999984 -0.0309439 0 0 0 1 
4215528470104;0.483078;0.0529207;0.959328 -0.0129149 0.281997 0.163628 -0.0126159 0.995993 0.0885328 -0.246207 -0.282011 -0.0884897 0.955322 1.16157 0 0 0 1 
4215528470105;0.856272;0.756204;0.964162 -0.00742081 0.265212 0.0439546 0.057724 0.981531 -0.182388 -0.132861 -0.25896 0.19116 0.946783 0.606942 0 0 0 1 
4215528470106;0.960069;0.706276;0.995641 -0.00806064 0.0929141 0.0617168 0.00587461 0.9997 0.023777 -0.111657 -0.0930779 -0.0231275 0.99539 0.818229 0 0 0 1 
4215528470107;0.403602;0.240796;0.953089 0.0396142 -0.300087 0.113805 -0.0402625 0.999181 0.00402573 0.177884 0.3 0.00824534 0.953903 -1.01184 0 0 0 1 
4215528470108;0.717513;0.622756;0.999939 -0.00727849 0.00832958 0.0594298 0.00773275 0.998408 -0.0558704 -0.108397 -0.00790966 0.0559314 0.998403 0.0860221 0 0 0 1 
4215528470109;0.671253;0.186273;0.999863 -0.016286 0.0028268 -0.0153597 0.0163301 0.999733 -0.0163618 -0.0952402 -0.00255958 0.0164057 0.999862 0.603316 0 0 0 1 
4215528470110;0.085073;0.0151554;0.999705 0.0240719 0.00337201 -0.00883336 -0.0240458 0.999682 -0.00758275 0.0793177 -0.00355347 0.00749943 0.999966 -0.0758295 0 0 0 1 
4215528470111;0.687198;0.0261738;0.99852 0.00268145 0.0543254 -0.126865 -0.0060595 0.998051 0.062113 -0.0361394 -0.054053 -0.0623502 0.99659 0.893196 0 0 0 1 
4215528470112;0.990082;0.250149;0.999125 0.0351175 -0.0227054 -0.107693 -0.0309407 0.986047 0.163567 0.167075 0.0281327 -0.162722 0.986271 0.970629 0 0 0 1 
4215528470113;0.115928;0.0821817;0.999491 0.0315786 -0.00459011 -0.0155394 -0.031589 0.999498 -0.00221225 0.116872 0.00451795 0.00235612 0.999987 -0.0337266 0 0 0 1 
4215528470114;0.310906;0.0411014;0.999996 -0.000853224 0.00250693 -0.163404 0.000858436 0.999997 -0.00207876 -0.0734825 -0.00250515 0.0020809 0.999995 -0.275519 0 0 0 1 
4215528470115;0.363564;0.281236;0.999831 0.00245986 0.0182357 0.0865357 -0.00106119 0.997083 -0.0763163 0.00887787 -0.0183702 0.076284 0.996917 -0.0240901 0 0 0 1 
4215528470116;0.348278;0.261804;0.922197 -0.0495097 0.383538 0.2722 0.00400797 0.992941 0.118539 -0.022688 -0.3867 -0.107779 0.915886 0.980996 0 0 0 1 
4215528470117;0.290367;0.303107;0.997938 -0.00458122 -0.0640173 0.0467325 -0.000646128 0.996682 -0.081397 0.0251864 0.0641777 0.0812705 0.994624 -0.139069 0 0 0 1 
4215528470118;0.65787;0.384223;0.998529 -0.0121108 0.0528568 0.101755 0.01609 0.997015 -0.0755184 -0.131039 -0.0517844 0.0762578 0.995742 -0.334387 0 0 0 1 
4215528470119;0.205525;0.135539;0.995307 -0.0380434 0.0889756 0.0740867 0.047465 0.993201 -0.106293 -0.10599 -0.0843269 0.110017 0.990346 0.213535 0 0 0 1 
4215528470120;0.310799;0.229571;0.99513 0.0375774 -0.0911256 0.0236517 -0.00509495 0.942855 0.333165 0.0912345 0.0984376 -0.331078 0.938455 -0.0477134 0 0 0 1 
4215528470121;0.660347;0.0424222;0.939485 -0.0303396 0.341244 0.252013 0.147637 0.934688 -0.32336 -0.514323 -0.309146 0.354172 0.882605 1.19269 0 0 0 1 
4215528470122;0.789381;0.519068;0.984262 0.00573684 0.176623 -0.00173105 -0.0276784 0.992142 0.122017 0.0827078 -0.174535 -0.124986 0.976686 -0.00484488 0 0 0 1 
4215528470124;0.80876;0.598062;0.946552 0.00178347 0.322545 0.160009 0.0526233 0.985733 -0.15988 -0.0967438 -0.318229 0.168309 0.932954 0.741496 0 0 0 1 
4215528470125;0.139303;0.059777;0.991347 -0.0350461 -0.126505 0.132633 0.0178217 0.990712 -0.134802 -0.0720681 0.130054 0.131381 0.982764 -0.876457 0 0 0 1 
4215528470126;0.0966618;0.116163;0.998288 0.00116279 -0.0584855 -0.0205018 -0.000432105 0.999922 0.0125045 0.0383997 0.0584954 -0.0124578 0.99821 -0.254071 0 0 0 1 
4215528470127;0.789796;0.251621;0.999957 -0.00905659 0.0019705 -0.132476 0.0090555 0.999959 0.000557557 -0.0283726 -0.00197547 -0.000539689 0.999998 0.656193 0 0 0 1 
4215528470128;0.207096;0.047758;0.998756 0.0429341 0.0253642 -0.0831203 -0.0428179 0.99907 -0.00510869 0.225542 -0.0255599 0.00401629 0.999665 -0.0845722 0 0 0 1 
4215528470129;0.938911;0.085875;0.999947 0.00606854 0.00831358 -0.105682 -0.00603494 0.999974 -0.00406061 0.231579 -0.008338 0.00401022 0.999957 0.87296 0 0 0 1 
4215528470130;0.991785;0.777349;0.985756 0.0399233 -0.163376 -0.188453 -0.0188888 0.991551 0.128331 0.0590995 0.167119 -0.123417 0.978182 -0.127524 0 0 0 1 
4215528470131;0.387282;0.353941;0.999952 -0.00978373 0.000953916 0.00964315 0.00979103 0.99992 -0.00797828 -0.0264138 -0.000875782 0.00798724 0.999968 -0.113072 0 0 0 1 
4215528470132;0.92999;0.437713;0.999641 -0.014449 0.0225532 0.113849 0.0154152 0.998944 -0.0432739 0.0412991 -0.0219042 0.0436061 0.998809 -0.769795 0 0 0 1 
4215528470133;0.555582;0.464093;0.999752 -0.000586176 0.022244 0.0394258 0.00544992 0.975657 -0.219235 0.0521212 -0.021574 0.219302 0.975418 -0.592278 0 0 0 1 
4215528470134;0.99593;0.664665;0.967047 -0.00503116 0.254547 0.0349279 -0.0159145 0.996655 0.0801599 0.0527997 -0.254099 -0.0815694 0.963733 0.488942 0 0 0 1 
4215528470135;1.17319;0.952296;0.987317 -0.0416762 0.153194 0.0543173 0.0982559 0.918334 -0.383417 -0.451905 -0.124703 0.393607 0.910781 0.31629 0 0 0 1 
4215528470136;0.830588;0.792596;0.998519 -0.00967878 0.0535385 -0.000113011 -0.00649817 0.955789 0.293983 0.0998686 -0.0540169 -0.293895 0.95431 0.965363 0 0 0 1 
4215528470137;0.395265;0.2395;0.988101 -0.0328569 0.150255 0.0186004 -0.0336485 0.907071 0.41963 0.370333 -0.15008 -0.419693 0.895173 1.77161 0 0 0 1 
4215528470138;1.02893;0.919663;0.995897 0.0450202 -0.0785025 -0.000682919 -0.034493 0.990829 0.130643 0.172465 0.0836642 -0.127399 0.988317 -0.377768 0 0 0 1 
4215528470139;0.649753;0.28236;0.989393 -0.0418406 -0.139105 -0.0747381 0.0106648 0.975958 -0.217699 -0.0733997 0.144869 0.213906 0.966052 -0.679322 0 0 0 1 
4215528470140;0.360307;0.0465391;0.90128 -0.0594673 0.429137 0.546739 0.0938021 0.993824 -0.0592861 -0.441669 -0.422961 0.0936873 0.901292 1.76929 0 0 0 1 
4215528470141;0.657293;0.529198;0.997361 0.0086368 -0.0720798 -0.133286 -0.0103517 0.999671 -0.0234521 0.117082 0.0718536 0.0241363 0.997123 -0.446827 0 0 0 1 
4215528470142;0.724166;0.5376;0.999974 0.00598245 0.00398553 -0.0491773 -0.00582359 0.999232 -0.0387441 -0.0878451 -0.00421426 0.0387199 0.999241 0.243186 0 0 0 1 
4215528470143;0.681426;0.186692;0.943281 0.114112 -0.311769 -0.257982 -0.0364676 0.969005 0.244334 0.349239 0.329988 -0.219106 0.918205 -1.22603 0 0 0 1 
4215528470144;0.404104;0.293498;0.999963 0.00742638 -0.0042458 -0.119755 -0.00721007 0.998779 0.0488743 0.092263 0.00460358 -0.0488419 0.998796 0.00810767 0 0 0 1 
4215528470145;0.189223;0.020871;0.997836 -0.0526261 -0.0394247 0.156798 0.0391836 0.957366 -0.286209 -0.0257756 0.0528059 0.284044 0.957356 -0.887739 0 0 0 1 
4215528470146;0.235131;0.0491573;0.992013 0.0370619 0.120565 -0.154347 -0.0357659 0.999277 -0.0128961 0.0899813 -0.120956 0.008481 0.992622 0.614048 0 0 0 1 
4215528470147;0.605051;0.441659;0.998955 0.00899826 -0.044814 -0.107074 -0.00927158 0.99994 -0.00589485 0.0528081 0.0447582 0.00630419 0.998978 -0.476424 0 0 0 1 
4215528470148;0.594371;0.289015;0.908527 -0.04631 0.415253 0.458661 -0.00249406 0.99322 0.116223 -0.0227207 -0.417819 -0.106627 0.902251 2.47951 0 0 0 1 
4215528470149;0.787506;0.6584;0.999777 -0.00993492 0.0186157 0.10492 0.00998399 0.999947 -0.00254455 -0.140187 -0.0185894 0.00272984 0.999823 0.0422348 0 0 0 1 
4215528470150;0.616542;0.2895;0.984721 0.0103119 0.173837 -0.0255577 -0.0140692 0.999693 0.0203957 -0.0469569 -0.173573 -0.0225298 0.984563 1.30607 0 0 0 1 
4215528470151;0.660847;0.573546;0.999741 -0.00835811 0.0211884 -0.0636266 0.0099207 0.997153 -0.0747492 -0.0899272 -0.0205033 0.0749401 0.996977 -0.356606 0 0 0 1 
4215528470152;0.936036;0.199599;0.994733 0.00973224 0.10204 -0.0270377 -0.014083 0.999018 0.0420042 0.0885927 -0.101531 -0.04322 0.993893 -0.333413 0 0 0 1 
4215528470153;0.43556;0.400272;0.994108 -0.0231395 -0.105897 0.0966231 0.0072095 0.9889 -0.148405 0.00601884 0.108155 0.146767 0.98324 -0.829928 0 0 0 1 
4215528470155;0.767559;0.668115;0.999217 0.0354552 -0.017568 -0.0806 -0.0335124 0.994354 0.100685 0.16046 0.0210386 -0.100017 0.994763 -0.236757 0 0 0 1 
4215528470156;0.534127;0.0453938;0.955481 0.0996504 -0.277717 0.136745 -0.0714363 0.991367 0.109947 0.210757 0.286275 -0.0852132 0.954351 -1.39438 0 0 0 1 
4215528470157;0.770434;0.397647;0.990851 0.012582 0.134371 -0.075897 -0.00641734 0.998911 -0.0462128 -0.0350071 -0.134806 0.0449277 0.989853 1.14536 0 0 0 1 
4215528470158;0.945303;0.681742;0.984986 0.0541515 -0.163921 0.0927331 -0.0276895 0.986793 0.159604 0.149699 0.170399 -0.152669 0.973476 -1.13774 0 0 0 1 
4215528470159;0.28795;0.149872;0.999449 -0.00940383 -0.0318286 -0.0461261 0.0086062 0.999648 -0.0251053 -0.0528383 0.0320535 0.0248176 0.999178 0.107901 0 0 0 1 
4215528470160;0.771203;0.523394;0.998606 -0.00438921 -0.0526085 -0.0490337 0.00275125 0.99951 -0.031167 0.0424201 0.0527196 0.0309788 0.998129 -0.846476 0 0 0 1 
4215528470161;0.233784;0.196134;0.992639 0.0142541 0.120266 -0.0225934 -0.0149797 0.999875 0.00513107 0.0400771 -0.120177 -0.00689484 0.992728 0.3417 0 0 0 1 
4215528470162;0.571431;0.387266;0.997871 0.00802422 0.0647284 -0.202647 -0.0187837 0.985714 0.167377 0.0936799 -0.0624606 -0.168237 0.983766 0.64304 0 0 0 1 
4215528470163;0.611739;0.202928;0.998942 -0.0159505 0.0431352 -0.146145 0.0170449 0.999539 -0.0251228 -0.0176898 -0.0427146 0.0258314 0.998753 0.772652 0 0 0 1 
4215528470164;0.552648;0.472998;0.999153 -0.00935559 0.0400662 0.0719057 0.0108667 0.999231 -0.037665 -0.122376 -0.039683 0.0380684 0.998487 0.168644 0 0 0 1 
4215528470165;0.294545;0.142776;0.999156 0.0113256 -0.0394771 -0.0920216 -0.0103562 0.999642 0.0246746 0.195697 0.0397424 -0.024245 0.998916 -0.228858 0 0 0 1 
4215528470166;0.624564;0.557133;0.998886 0.000290865 0.0471918 0.0298507 0.00185364 0.998968 -0.0453922 -0.0278571 -0.0471563 0.0454291 0.997854 -0.197741 0 0 0 1 
4215528470167;0.723593;0.217191;0.99991 0.0133648 -0.000828223 -0.17629 -0.0133904 0.997937 -0.0627948 0.00229621 -1.27238e-05 0.0628003 0.998026 0.76755 0 0 0 1 
4215528470168;0.682452;0.399587;0.928461 0.0896193 -0.360457 -0.180009 -0.0612214 0.994106 0.0894682 0.224032 0.366351 -0.061 0.928475 -0.461009 0 0 0 1 
4215528470169;0.452691;0.158251;0.99611 0.0449185 -0.075811 0.00979317 -0.036241 0.993026 0.112189 0.204162 0.0803217 -0.109006 0.990791 -0.620527 0 0 0 1 
4215528470170;0.927037;0.569022;0.976829 0.12326 -0.174962 -0.0418655 -0.0393413 0.906986 0.41932 0.294162 0.210373 -0.402721 0.890819 -0.848144 0 0 0 1 
4215528470171;0.544194;0.42024;0.914986 -0.0269893 -0.402583 0.368882 -0.0662946 0.974144 -0.21598 0.264593 0.398003 0.224308 0.889539 -1.73555 0 0 0 1 
4215528470172;0.700934;0.513984;0.90408 -0.00375056 0.427347 0.299547 0.0174623 0.999451 -0.028171 -0.119622 -0.427007 0.0329313 0.903648 1.73456 0 0 0 1 
4215528470173;0.534414;0.285783;0.984151 0.0225947 -0.175886 0.0187029 -0.026801 0.999408 -0.0215758 0.143602 0.175294 0.0259478 0.984174 -1.1199 0 0 0 1 
4215528470174;0.297039;0.0687179;0.998926 0.0425975 0.0182288 -0.0440537 -0.0451013 0.984083 0.17189 0.181872 -0.0106166 -0.172528 0.984947 -0.0871796 0 0 0 1 
4215528470175;0.347703;0.210732;0.993396 0.0261626 0.111713 0.0170544 -0.0687067 0.915425 0.396581 0.256033 -0.0918889 -0.401637 0.911177 0.55202 0 0 0 1 
4215528470176;0.75672;0.627471;0.950906 -0.00297525 0.309466 -0.0148127 0.0667422 0.978395 -0.195674 -0.108065 -0.302198 0.206722 0.93056 0.460894 0 0 0 1 
4215528470177;0.756848;0.225647;0.99752 0.063075 -0.0312326 -0.00295525 -0.0507752 0.952184 0.301277 0.138374 0.0487422 -0.298944 0.953025 -0.682602 0 0 0 1 
4215528470178;0.523311;0.487453;0.983421 -0.0144671 -0.180759 0.103232 -0.00151792 0.996121 -0.087983 0.0419204 0.181331 0.0867987 0.979584 -0.885875 0 0 0 1 
4215528470179;0.41696;0.27938;0.957734 0.100348 -0.269586 -0.0523955 -0.0316858 0.968278 0.247856 0.353328 0.285906 -0.228838 0.930533 -0.751262 0 0 0 1 
4215528470180;0.591922;0.303177;0.993342 0.0270017 -0.111993 -0.00539088 -0.0239646 0.99931 0.0283774 0.125048 0.112682 -0.0255046 0.993304 -0.883446 0 0 0 1 
4215528470181;0.100371;0.0392762;0.997094 0.0721086 -0.0245841 -0.0601316 -0.0686334 0.990281 0.120967 0.284045 0.0330679 -0.118928 0.992352 0.00661322 0 0 0 1 
4215528470182;0.852078;0.315368;0.991959 0.0018357 -0.126546 0.162523 0.00287565 0.99931 0.0370378 0.0493239 0.126526 -0.0371039 0.991269 -1.30252 0 0 0 1 
4215528470183;0.165427;0.0291547;0.998956 -0.0116089 0.0441865 0.104815 0.0163959 0.993844 -0.109566 -0.0637085 -0.0426425 0.110176 0.992997 0.133349 0 0 0 1 
4215528470184;0.841318;0.39775;0.879341 -0.00902542 -0.476107 0.569678 -0.0358147 0.995735 -0.0850234 0.284713 0.474844 0.0918162 0.875268 -2.41918 0 0 0 1 
4215528470186;0.933251;0.493385;0.999812 0.00378905 0.0190334 0.0433436 -0.00563943 0.995158 0.098126 -0.00167567 -0.0185694 -0.0982148 0.994992 -0.533847 0 0 0 1 
4215528470187;0.872934;0.55381;0.96064 -0.0477963 -0.273655 0.321998 -0.0206162 0.970105 -0.241808 0.387305 0.277032 0.237932 0.930936 -2.30189 0 0 0 1 
4215528470188;0.636802;0.278394;0.999896 -0.00878963 -0.0114184 -0.127613 0.00669654 0.985093 -0.171894 -0.160151 0.0127591 0.1718 0.985049 0.0187764 0 0 0 1 
4215528470189;0.616608;0.415049;0.91979 0.000862609 0.392411 0.28474 0.0434219 0.993633 -0.103963 -0.172012 -0.390002 0.112663 0.913896 1.72635 0 0 0 1 
4215528470190;0.721491;0.420385;0.99985 0.0157255 0.0072305 -0.0487575 -0.0155637 0.999639 -0.0219111 0.0743692 -0.00757245 0.0217952 0.999734 -0.562059 0 0 0 1 
4215528470191;0.988569;0.400432;0.999383 0.0351303 -4.83897e-05 -0.220624 -0.034955 0.99453 0.0984273 0.119176 0.00350591 -0.0983649 0.995144 1.00628 0 0 0 1 
4215528470192;0.483071;0.400462;0.996488 -0.00451845 0.0836191 -0.0164568 0.0123398 0.995566 -0.0932565 -0.134121 -0.0828269 0.0939608 0.992125 0.200016 0 0 0 1 
4215528470193;1.00219;0.781209;0.993283 -0.00735238 0.115475 0.0614384 -0.000990082 0.997403 0.0720218 -0.0497263 -0.115705 -0.0716524 0.990696 1.17321 0 0 0 1 
4215528470194;0.574823;0.460352;0.971027 -0.0295302 -0.23714 0.257296 -0.0423283 0.955391 -0.292295 0.364997 0.235193 0.293864 0.92646 -1.83517 0 0 0 1 
4215528470195;0.262201;0.214324;0.999729 0.0173655 -0.015486 -0.0490413 -0.0166496 0.998838 0.0452172 0.0728269 0.0162532 -0.0449471 0.998857 0.10041 0 0 0 1 
4215528470196;0.705585;0.236722;0.999333 0.0256629 0.0259677 -0.123014 -0.0281324 0.99462 0.0996934 0.175872 -0.0232695 -0.100357 0.994679 0.910524 0 0 0 1 
4215528470197;0.958351;0.578891;0.972131 -0.0193004 -0.233641 -0.00289941 0.003385 0.997657 -0.0683294 -0.0700911 0.234413 0.0656342 0.969919 -0.488561 0 0 0 1 
4215528470198;0.657229;0.53243;0.992308 0.0202836 -0.122121 0.0800758 -0.0135096 0.998337 0.0560445 0.0945957 0.123054 -0.0539636 0.990932 -0.623183 0 0 0 1 
4215528470199;0.280312;0.178074;0.957763 -0.0142962 0.287204 0.14104 -0.0567949 0.969685 0.237667 0.326729 -0.281895 -0.243941 0.927916 1.58068 0 0 0 1 
4215528470200;0.717676;0.628161;0.977219 0.0564129 -0.204598 -0.1219 -0.0376274 0.994806 0.0945743 0.20144 0.208871 -0.0847213 0.974266 -0.516727 0 0 0 1 
4215528470201;0.269494;0.0409945;0.998648 -0.0221701 0.0470249 0.0151426 0.0232002 0.9995 -0.021474 0.0956158 -0.0465253 0.022536 0.998663 0.28798 0 0 0 1 
4215528470202;0.839096;0.476638;0.956607 -0.0257156 0.290245 0.0394308 0.00831812 0.998102 0.061016 -0.0707263 -0.291263 -0.055954 0.955005 0.674986 0 0 0 1 
4215528470203;0.446878;0.426915;0.999784 0.0144564 -0.0149544 -0.0397758 -0.0144364 0.999895 0.00144703 0.0622449 0.0149737 -0.00123083 0.999887 -0.0400358 0 0 0 1 
4215528470204;0.245546;0.242786;0.999917 -0.00695048 -0.0108602 -0.0300603 0.00666494 0.999637 -0.0261107 -0.00386674 0.0110377 0.0260362 0.9996 -0.0936599 0 0 0 1 
4215528470205;0.862633;0.00991178;0.999651 0.0261856 -0.00345827 -0.127955 -0.0261774 0.999654 0.0023996 -0.0712996 0.00351991 -0.00230823 0.999991 0.832859 0 0 0 1 
4215528470206;0.412937;0.245161;0.998593 0.0465153 -0.0254715 -0.121258 -0.037035 0.955438 0.292859 0.128874 0.0379588 -0.291504 0.955816 0.278282 0 0 0 1 
4215528470207;0.79837;0.283508;0.998824 0.0401766 -0.0271248 0.160077 -0.0239525 0.895509 0.444398 0.0768023 0.0421449 -0.443225 0.895419 0.293857 0 0 0 1 
4215528470208;0.797346;0.294638;0.997965 0.0128428 0.0624596 -0.12998 -0.0266941 0.973691 0.226304 0.23193 -0.05791 -0.227511 0.972052 1.42603 0 0 0 1 
4215528470209;0.744174;0.0732261;0.999695 0.017346 -0.0175576 -0.11472 -0.017746 0.99958 -0.0228918 0.270242 0.0171531 0.0231965 0.999584 0.569548 0 0 0 1 
4215528470210;0.00963021;0.0206401;0.999988 -0.0013336 0.00471812 0.0224058 0.001348 0.999994 -0.00305146 -0.00410191 -0.00471402 0.00305779 0.999984 0.000789777 0 0 0 1 
4215528470211;0.575999;0.246388;0.994177 0.0339031 -0.102289 0.0178627 -0.0303805 0.998897 0.0358019 0.159093 0.10339 -0.0324858 0.99411 -0.860604 0 0 0 1 
4215528470212;0.0961837;0.0363641;0.999326 -0.0348428 -0.0115294 0.109207 0.0330069 0.990599 -0.132757 -0.122308 0.0160466 0.132287 0.991082 -0.293796 0 0 0 1 
4215528470213;0.289621;0.186629;0.968253 -0.0412943 -0.246536 0.194239 -0.0377291 0.95082 -0.307438 0.261643 0.247107 0.30698 0.919076 -1.6381 0 0 0 1 
4215528470214;0.573067;0.172964;0.999348 -0.00478194 -0.0357938 0.105223 0.00655057 0.998755 0.0494588 -0.00244045 0.0355127 -0.049661 0.998135 -0.570369 0 0 0 1 
4215528470215;0.890995;0.378498;0.999955 -0.00929213 0.00211584 0.072447 0.00931949 0.999868 -0.013311 0.0632971 -0.00199187 0.0133301 0.999909 -0.821473 0 0 0 1 
4215528470217;1.22438;0.110624;0.999798 0.0111993 -0.01669 0.313987 -0.0115757 0.999677 -0.0226244 0.251125 0.0164312 0.0228131 0.999605 -0.970874 0 0 0 1 
4215528470218;0.463441;0.635805;0.999412 -0.033254 -0.00832061 0.0791954 0.0312745 0.983919 -0.175854 -0.101945 0.0140347 0.17549 0.984381 -1.10768 0 0 0 1 
4215528470219;1.25639;0.958543;0.996834 0.0674342 -0.0421228 -0.185322 -0.052834 0.957703 0.282868 0.380753 0.0594161 -0.279747 0.958234 0.429587 0 0 0 1 
4215528470220;0.864498;0.370152;0.98734 0.053746 0.149237 -0.356081 -0.109965 0.909981 0.399802 0.96351 -0.114315 -0.411151 0.904371 3.18938 0 0 0 1 
4215528470221;0.77456;0.800986;0.976084 -0.009415 0.217189 -0.0493841 0.00565271 0.999823 0.0179374 -0.114514 -0.21732 -0.0162807 0.975965 2.28285 0 0 0 1 
4215528470222;0.34545;0.312188;0.998755 -0.0241198 0.0436769 0.0530816 0.0250484 0.999469 -0.0208387 -0.243728 -0.0431511 0.0219068 0.998828 0.231689 0 0 0 1 
4215528470223;0.822643;0.469561;0.994697 -0.0499975 -0.0898759 0.489652 0.0381698 0.990935 -0.128809 -0.140158 0.0955012 0.124695 0.987588 -2.05621 0 0 0 1 
4215528470224;0.61224;0.29578;0.998208 -0.0237863 0.0549062 0.151078 0.0320676 0.987353 -0.155259 -0.0623047 -0.0505188 0.156742 0.986347 -0.0529718 0 0 0 1 
4215528470225;0.96443;0.536006;0.999828 -0.00314862 0.018293 -0.0130874 0.00320289 0.999991 -0.0029381 0.218491 -0.0182836 0.00299619 0.999828 -0.0781537 0 0 0 1 
4215528470226;1.60186;0.32296;0.998426 0.0553258 0.00923436 -0.566451 -0.0545715 0.920058 0.387962 0.589973 0.0129682 -0.387855 0.921629 2.83271 0 0 0 1 
4215528470227;0.62327;0.219215;0.994224 0.000351534 0.107328 -0.0473586 0.00674205 0.997815 -0.0657228 0.0839513 -0.107116 0.0660668 0.992049 0.443552 0 0 0 1 
4215528470228;0.76285;0.761633;0.971478 0.0270248 -0.235585 0.405248 -0.00483217 0.995534 0.094275 -0.00199865 0.23708 -0.0904477 0.96727 -1.99058 0 0 0 1 
4215528470229;0.828483;0.131769;0.934152 0.0111345 -0.356703 0.795403 -0.0350467 0.997544 -0.0606436 0.678702 0.355152 0.0691516 0.932247 -4.10283 0 0 0 1 
4215528470230;1.52282;1.36224;0.999949 0.00929596 -0.0040336 -0.158466 -0.00920956 0.999738 0.0209334 0.0936598 0.00422714 -0.0208952 0.999773 -0.0295725 0 0 0 1 
4215528470231;1.36079;1.24718;0.953983 0.0490614 -0.295819 0.736773 -0.0441005 0.998752 0.0234235 0.477383 0.296599 -0.00929984 0.954957 -3.17845 0 0 0 1 
4215528470232;1.01124;0.50216;0.9957 0.023919 0.0894924 -0.184647 -0.028059 0.99858 0.0452921 0.178088 -0.088282 -0.0476084 0.994957 0.726056 0 0 0 1 
4215528470233;0.360528;0.0742321;0.999729 -0.0216396 -0.00853448 0.137008 0.0217341 0.999702 0.0111408 -0.374856 0.00829085 -0.0113233 0.999902 0.105874 0 0 0 1 
4215528470234;0.247697;0.0738245;0.999972 0.00401911 0.00637059 -0.129006 -0.00401331 0.999992 -0.000923085 0.0267442 -0.00637425 0.000897491 0.999979 -0.00037615 0 0 0 1 
4215528470235;1.12906;1.16065;0.981691 -0.0592764 -0.181022 0.781966 0.0203257 0.977519 -0.209865 0.157032 0.189393 0.202343 0.960827 -3.17792 0 0 0 1 
4215528470236;0.421865;0.248803;0.988853 0.141079 -0.0476135 -0.544441 -0.12037 0.945648 0.302093 1.25238 0.0876448 -0.292995 0.952088 0.60736 0 0 0 1 
4215528470237;1.6174;1.02966;0.999857 0.0134462 -0.0102476 -0.205926 -0.0133764 0.999887 0.00685162 0.0230808 0.0103386 -0.00671357 0.999924 0.630363 0 0 0 1 
4215528470238;1.42655;0.0599498;0.971759 -0.0994124 0.214012 0.236569 0.127495 0.984349 -0.121667 -1.58115 -0.198568 0.145516 0.969224 2.0825 0 0 0 1 
4215528470239;1.23487;0.539235;0.993437 0.0447975 -0.105241 -0.281713 -0.0404292 0.998245 0.0432812 0.291216 0.106996 -0.0387424 0.993504 -0.306192 0 0 0 1 
4215528470240;1.31981;0.406173;0.997699 -0.0345965 0.0583105 -0.0396519 0.0371354 0.998383 -0.0430351 -0.423655 -0.0567273 0.0451015 0.99737 1.0594 0 0 0 1 
4215528470241;0.144224;0.0516852;0.994167 -0.0589102 0.0903409 0.208349 0.064887 0.995792 -0.0647133 -0.573023 -0.0861485 0.0701978 0.993806 0.47424 0 0 0 1 
4215528470242;0.341886;0.148145;0.995894 -0.0681792 0.0595619 0.311157 0.075025 0.989753 -0.121494 -0.629375 -0.0506682 0.125464 0.990804 -0.24686 0 0 0 1 
4215528470243;0.806737;0.654411;0.998579 -0.0302879 0.0438415 0.0785055 0.0329218 0.997615 -0.0606603 -0.170365 -0.0418997 0.0620174 0.997195 -0.0208189 0 0 0 1 
4215528470244;0.044198;0.0723195;0.999539 0.030189 0.00312494 -0.159392 -0.0301879 0.999544 -0.000425744 0.372175 -0.00313637 0.000331213 0.999995 0.0159461 0 0 0 1 
4215528470245;1.65415;0.758996;0.999946 0.00373699 0.00971857 0.142373 -0.00309328 0.997853 -0.0654261 0.393429 -0.00994219 0.0653925 0.99781 -1.10183 0 0 0 1 
4215528470246;0.359411;0.392506;0.99363 -0.0502878 0.100852 0.18447 0.0593293 0.994285 -0.0887524 -0.402712 -0.0958126 0.0941705 0.990935 0.493836 0 0 0 1 
4215528470248;1.05013;0.980924;0.99186 0.0189493 -0.125915 -0.12242 -0.0229332 0.999279 -0.0302659 0.155334 0.125251 0.0329072 0.991579 -0.637135 0 0 0 1 
4215528470249;0.429566;0.0361541;0.975901 -0.0508784 0.212199 0.258111 -0.0109718 0.959768 0.28058 0.0602772 -0.217937 -0.276146 0.93608 2.73444 0 0 0 1 
4215528470250;0.0803374;0.0459977;0.998283 0.0569342 -0.0137861 -0.22224 -0.0557555 0.99566 0.0745204 0.28245 0.017969 -0.0736238 0.997124 0.177408 0 0 0 1 
4215528470251;0.907231;0.770141;0.995014 -0.00365487 0.0996654 -0.0851561 -0.00467794 0.996518 0.0832461 0.0633486 -0.0996227 -0.0832973 0.991533 0.717989 0 0 0 1 
4215528470252;0.54782;0.0408986;0.999759 0.0190744 -0.0108727 -0.00503525 -0.0188531 0.99962 0.0201045 0.0680764 0.011252 -0.0198947 0.999739 -0.511338 0 0 0 1 
4215528470253;0.780027;0.707283;0.971872 0.0266198 -0.234 0.176312 -0.0230897 0.999575 0.0178132 0.170777 0.234374 -0.0119092 0.972073 -1.4284 0 0 0 1 
4215528470254;0.503441;0.1058;0.977674 -0.0138045 0.209675 0.0849901 -0.0241676 0.983831 0.177461 0.0201759 -0.208735 -0.178567 0.961532 1.51488 0 0 0 1 
4215528470255;0.683372;0.431426;0.996921 -0.0170044 0.0765484 -0.0155922 0.0238207 0.995744 -0.0890334 -0.231028 -0.0747086 0.0905827 0.993083 0.421618 0 0 0 1 
4215528470256;0.928983;0.459476;0.996999 0.0402763 -0.0661164 -0.245667 -0.0379223 0.998615 0.0364816 0.221037 0.0674941 -0.0338649 0.997145 0.40829 0 0 0 1 
4215528470257;0.749547;0.271129;0.99561 -0.0179577 -0.091864 0.2186 0.000750789 0.982925 -0.184006 0.266111 0.0935997 0.183129 0.978623 -1.85458 0 0 0 1 
