#;prob_registration_l1 -r /home/probabilistic_point_clouds_registration/build/tester /home/point_clouds_registration_benchmark//devel/registration_pairs/planetary_map_local.txt /home/point_clouds_registration_benchmark//planetary/p2at_met -s 0.2 -t 0.2 -p 0.3 -r 1000 -m 5 -i 40 
id;initial_error;final_error;transformation
25528382210000;2.8561;1.74671;0.999992 -0.0032175 -0.0023812 -0.382719 0.0032601 0.999831 0.0181098 -0.00321535 0.00232253 -0.0181174 0.999833 1.24914 0 0 0 1 
25528382210001;2.11331;1.72311;0.999978 0.00407987 -0.00520843 0.247954 -0.00314647 0.985769 0.168076 -0.833289 0.00582004 -0.168056 0.98576 -9.13003 0 0 0 1 
25528382210002;1.70145;1.60881;0.974811 0.00236867 0.223021 0.630071 0.0524509 0.969465 -0.239556 -2.27709 -0.216779 0.245219 0.94492 13.6537 0 0 0 1 
25528382210003;1.37022;0.527534;0.999999 0.00133074 -0.00036102 -0.164747 -0.0013281 0.999973 0.00721407 0.0217118 0.00037061 -0.00721358 0.999974 0.741868 0 0 0 1 
25528382210004;1.75339;1.29385;0.967027 -0.0417152 0.251234 -1.72063 0.0101477 0.992022 0.125657 -0.226599 -0.254471 -0.118964 0.959735 -5.50326 0 0 0 1 
25528382210005;0.735848;0.400589;0.993894 -0.00240381 0.110311 0.109468 0.035828 0.952619 -0.30205 -3.07606 -0.104358 0.304157 0.946888 16.2725 0 0 0 1 
25528382210006;1.57164;0.597004;0.997691 3.08403e-05 -0.0679152 0.0466815 -0.00153641 0.999754 -0.0221163 0.064259 0.0678979 0.0221696 0.997446 -0.821877 0 0 0 1 
25528382210007;1.73822;1.53128;0.999967 0.00366558 -0.00720383 0.353622 -0.00403691 0.998627 -0.0522269 -0.1833 0.0070025 0.0522542 0.998609 2.0701 0 0 0 1 
25528382210008;0.906109;0.887588;0.995279 0.00930299 0.0966094 0.670958 -0.010569 0.999865 0.0126009 0.0867941 -0.0964791 -0.0135625 0.995243 -0.164873 0 0 0 1 
25528382210009;0.490985;0.319803;0.972033 0.0301849 -0.232897 1.36624 -0.00594359 0.99455 0.104094 -0.0143447 0.234769 -0.0997983 0.966915 -6.55529 0 0 0 1 
25528382210010;2.17163;1.39424;0.98962 -0.0270421 -0.141143 -1.21603 -0.0365047 0.90262 -0.428887 -4.29298 0.138997 0.429587 0.892264 18.3019 0 0 0 1 
25528382210011;2.42393;2.00782;0.999814 0.0176892 -0.00774044 1.03885 -0.0164684 0.990513 0.136427 -0.219031 0.0100803 -0.136274 0.99062 -8.35447 0 0 0 1 
25528382210012;1.04957;0.574461;0.997776 -0.00858678 -0.0660937 -0.507472 0.00441776 0.998006 -0.0629671 -0.453382 0.0665025 0.0625351 0.995825 3.29256 0 0 0 1 
25528382210013;1.47687;1.23081;0.999982 -0.00542967 0.00255156 -0.251244 0.00541343 0.999965 0.00632927 -0.0125937 -0.00258584 -0.00631535 0.999977 0.328747 0 0 0 1 
25528382210014;2.77484;2.28434;0.983659 -0.0247936 0.178326 -0.671766 -0.0414617 0.932656 0.358377 -2.73138 -0.175203 -0.359914 0.916387 -16.0021 0 0 0 1 
25528382210015;1.8346;1.69826;0.996768 0.00093739 0.0803258 0.165982 0.00438503 0.997806 -0.0660584 -0.232503 -0.0802115 0.0661971 0.994577 4.50677 0 0 0 1 
25528382210016;0.567147;0.300328;0.994113 0.0168351 -0.107028 0.81282 0.000892484 0.986548 0.163469 -0.623895 0.10834 -0.162603 0.980726 -9.33473 0 0 0 1 
25528382210017;2.04883;1.45994;0.950185 0.0537538 -0.307016 2.29578 0.0183218 0.97368 0.227181 -1.17317 0.311148 -0.221489 0.924192 -11.9827 0 0 0 1 
25528382210018;2.95759;1.89453;0.999487 0.0311229 -0.00752017 1.30908 -0.0258841 0.923642 0.38238 -2.73769 0.0188467 -0.38199 0.923974 -17.2416 0 0 0 1 
25528382210019;2.21355;2.00116;0.995935 0.00502709 0.0899325 0.454139 -0.00483728 0.999986 -0.00232845 0.171257 -0.0899429 0.00188396 0.995945 -0.223356 0 0 0 1 
25528382210020;0.308749;0.217289;0.984643 -0.0110399 0.17423 -0.243471 0.0545879 0.967426 -0.247199 -2.36961 -0.165825 0.252913 0.953172 13.6024 0 0 0 1 
25528382210021;1.80312;1.4973;0.999945 0.00521617 -0.00907638 0.241254 -0.00465368 0.998131 0.060927 -0.0785703 0.00937723 -0.0608815 0.998101 -2.33128 0 0 0 1 
25528382210022;2.94324;2.64243;0.876344 -0.0271287 -0.480922 -1.41709 -0.0104361 0.997109 -0.0752635 -0.0982182 0.481573 0.0709757 0.873527 0.80579 0 0 0 1 
25528382210023;1.21687;1.17433;0.88943 0.000619396 -0.457071 0.330257 -0.0393848 0.996384 -0.07529 0.23797 0.455371 0.0849668 0.886238 0.516337 0 0 0 1 
25528382210024;1.44022;1.36525;0.999302 -0.00773711 0.0365416 -0.311027 0.00893073 0.999428 -0.0326151 -0.198607 -0.0362683 0.0329187 0.9988 1.39907 0 0 0 1 
25528382210025;2.35204;2.26338;0.999984 0.00184819 -0.00542617 0.220432 -0.001796 0.999952 0.00960703 -0.0841987 0.00544366 -0.00959713 0.999939 -0.706334 0 0 0 1 
25528382210026;1.69358;0.54055;0.997438 -0.00583456 0.0712971 -0.335549 0.00458534 0.999833 0.0176725 0.222007 -0.0713883 -0.0173003 0.997299 -1.8888 0 0 0 1 
25528382210027;2.42888;1.72433;0.997633 -0.010739 0.0679261 -0.563471 0.0125146 0.99959 -0.0257687 -0.28873 -0.0676215 0.0265577 0.997358 3.49883 0 0 0 1 
25528382210028;0.814222;0.293385;0.970906 0.000814039 -0.239459 0.229642 -0.0205011 0.996605 -0.0797356 0.0611007 0.238581 0.0823249 0.967627 1.70751 0 0 0 1 
25528382210029;0.390701;0.308913;0.97142 -0.049777 -0.232091 -2.49072 -0.0178189 0.959714 -0.280413 -2.22983 0.236699 0.276535 0.931398 11.9002 0 0 0 1 
25528382210031;1.54457;0.751518;0.999775 0.0104127 -0.0184748 0.344478 -0.00942951 0.998575 0.0525303 -0.0860922 0.0189954 -0.0523443 0.998448 -3.22636 0 0 0 1 
25528382210032;0.49374;0.474002;0.99986 0.016543 -0.0024291 0.511457 -0.0161079 0.991978 0.125382 -0.0074306 0.00448381 -0.125326 0.992106 -3.80731 0 0 0 1 
25528382210033;0.496545;0.317377;0.998305 0.00437968 0.0580331 0.176594 -0.00541456 0.999829 0.0176874 0.0277671 -0.0579457 -0.0179717 0.998158 -0.521272 0 0 0 1 
25528382210034;1.67751;1.30902;0.999584 -0.00834003 -0.0276208 -0.175203 0.0054893 0.994798 -0.101722 -0.181954 0.0283255 0.101528 0.994429 1.81596 0 0 0 1 
25528382210035;1.14274;0.448408;0.996834 0.0117048 -0.0786409 0.420339 -0.00801192 0.998858 0.047111 -0.073035 0.0791025 -0.0463318 0.995789 -3.30184 0 0 0 1 
25528382210036;0.657758;0.294926;0.998753 0.00854958 0.0491793 0.217473 -0.0144638 0.992524 0.121191 0.0424799 -0.0477755 -0.121751 0.99141 -2.76711 0 0 0 1 
25528382210037;0.42747;0.215912;0.942687 0.0165342 -0.333267 0.775094 0.00422116 0.998101 0.0614584 -0.14385 0.33365 -0.0593428 0.940827 -5.11142 0 0 0 1 
25528382210038;2.16463;1.59417;0.995301 -0.0105326 -0.0962499 -0.50131 0.0072516 0.999383 -0.0343752 -0.132573 0.0965526 0.0335157 0.994763 1.77371 0 0 0 1 
25528382210039;1.45509;1.22917;0.999786 0.00612728 0.019756 0.137774 -0.00742762 0.997763 0.0664333 0.0674734 -0.0193047 -0.0665658 0.997595 -1.09962 0 0 0 1 
25528382210040;1.05221;1.00999;0.995876 -0.00903513 -0.0902713 -0.254218 0.00466482 0.998812 -0.0485072 -0.0740385 0.0906023 0.0478861 0.994735 0.419026 0 0 0 1 
25528382210041;1.71424;0.899534;0.908616 -0.0142938 0.417388 0.979246 -0.012268 0.998069 0.0608861 0.157788 -0.417452 -0.0604426 0.906686 3.34734 0 0 0 1 
25528382210042;0.574012;0.387714;0.988422 -0.00654868 0.151585 0.0118721 0.0556223 0.945153 -0.321857 -2.5051 -0.141164 0.326563 0.934575 11.5479 0 0 0 1 
25528382210043;0.513876;0.292925;0.999832 0.0144779 0.0112517 0.504356 -0.0164758 0.978674 0.20476 -0.365078 -0.00804722 -0.204911 0.978748 -6.69866 0 0 0 1 
25528382210044;0.355334;0.218482;0.914638 -0.0169534 0.403918 0.565011 -0.0402021 0.990354 0.132602 0.139806 -0.40227 -0.137521 0.905134 -0.899841 0 0 0 1 
25528382210045;1.15928;1.13198;0.999263 -0.000805274 -0.0383651 -0.030482 -0.000977607 0.998921 -0.0464301 -0.0688342 0.038361 0.0464334 0.998185 0.809142 0 0 0 1 
25528382210046;2.5411;1.21496;0.995063 0.015549 0.0980202 0.651652 -0.0537959 0.914475 0.401051 -2.39204 -0.083401 -0.404344 0.910797 -13.8982 0 0 0 1 
25528382210047;2.63214;2.21314;0.963321 -0.0772085 -0.257004 -2.57254 -0.0154218 0.940205 -0.340259 -2.28003 0.267907 0.331742 0.904529 8.70324 0 0 0 1 
25528382210048;0.0550198;0.0431133;0.999745 0.00521638 -0.0219589 0.124254 -0.00555633 0.999865 -0.0154488 0.0216123 0.0218753 0.0155669 0.99964 0.22079 0 0 0 1 
25528382210049;0.624254;0.375125;0.999067 0.0144488 0.0406996 0.453604 -0.0230218 0.975495 0.218812 -0.295295 -0.0365407 -0.219545 0.974918 -5.98133 0 0 0 1 
25528382210050;1.7141;0.337885;0.999671 0.0128255 0.0222229 0.325142 -0.0116925 0.998662 -0.0503821 0.143927 -0.0228393 0.0501057 0.998483 3.57517 0 0 0 1 
25528382210051;0.731618;0.742147;0.998838 0.0122271 -0.0466243 0.310422 -0.00775802 0.995461 0.0948568 0.0138872 0.0475725 -0.0943848 0.994398 -3.28623 0 0 0 1 
25528382210052;0.501673;0.420743;0.945954 0.0192122 -0.323731 0.772313 0.0187064 0.993349 0.113612 -0.256959 0.32376 -0.113528 0.939303 -6.28045 0 0 0 1 
25528382210053;0.245766;0.281655;0.996373 -0.0009369 0.0850875 -0.0203781 0.0132968 0.98937 -0.144811 -0.550384 -0.0840473 0.145417 0.985794 5.05338 0 0 0 1 
25528382210054;2.27774;1.79398;0.998447 -0.00256101 0.0556568 -0.0685277 0.00554457 0.998551 -0.0535182 -0.0765848 -0.0554391 0.0537437 0.997015 3.51558 0 0 0 1 
25528382210055;0.613367;0.603272;0.99692 0.0102892 -0.0777495 0.227851 -0.00771379 0.999414 0.033353 0.0561712 0.0780471 -0.0326506 0.996415 -1.53931 0 0 0 1 
25528382210056;2.21606;2.04896;0.99284 0.037934 -0.113268 1.24592 -0.0120574 0.975218 0.220917 -0.57818 0.118841 -0.21797 0.968693 -8.50228 0 0 0 1 
25528382210057;2.17431;2.0351;0.999949 -0.00443389 -0.00901982 -0.229634 0.00410532 0.999339 -0.0361249 -0.144784 0.00917403 0.036086 0.999307 1.79548 0 0 0 1 
25528382210058;0.777574;0.556228;0.94389 0.0893217 -0.317951 2.89264 0.0359817 0.929187 0.367854 -2.21036 0.328293 -0.358654 0.873837 -13.7595 0 0 0 1 
25528382210059;0.655634;0.26459;0.998503 0.0163168 -0.0522139 0.484448 -0.0113478 0.995499 0.0940863 -0.0839862 0.0535141 -0.0933529 0.994194 -4.05293 0 0 0 1 
25528382210060;1.3379;0.377484;0.944811 -0.0499163 -0.323792 -1.69124 -0.0169039 0.979581 -0.200338 -0.817994 0.327181 0.194755 0.924675 4.39471 0 0 0 1 
25528382210062;1.314;1.04449;0.996297 0.0100497 -0.0853942 0.512277 -0.00582497 0.998753 0.0495797 -0.0663159 0.085786 -0.0488987 0.995113 -2.11039 0 0 0 1 
25528382210063;2.15505;1.48874;0.999986 -0.00505627 -0.00148319 -0.27214 0.00497314 0.998659 -0.0515256 0.00792368 0.00174173 0.0515175 0.998671 3.07136 0 0 0 1 
25528382210064;0.553066;0.440164;0.98501 -0.00369217 0.17246 -0.279563 0.0299198 0.988274 -0.14973 -0.747682 -0.169885 0.152645 0.97357 10.2825 0 0 0 1 
25528382210065;1.61508;0.669203;0.99431 0.0274439 -0.102927 1.9912 -0.00956537 0.985342 0.170321 -0.935777 0.106093 -0.168368 0.979998 -12.3633 0 0 0 1 
25528382210066;1.78743;1.04517;0.999962 0.00416155 0.00770689 0.268551 -0.00434902 0.999691 0.0244701 -0.0133671 -0.00760268 -0.0245027 0.999671 -0.9026 0 0 0 1 
25528382210067;0.672032;0.576997;0.993864 -0.0140933 -0.109711 -1.91526 0.00392587 0.995719 -0.0923442 -0.614989 0.110543 0.0913468 0.989665 11.889 0 0 0 1 
25528382210068;1.84994;0.830167;0.99787 0.00925131 -0.0645693 0.301411 -0.0060298 0.998736 0.04991 0.0227464 0.0649494 -0.0494144 0.996664 -1.54828 0 0 0 1 
25528382210069;2.23987;0.468185;0.981376 -0.0319402 -0.189421 -3.64367 -0.012965 0.972818 -0.231208 -3.13924 0.191657 0.229358 0.954287 24.8148 0 0 0 1 
25528382210070;2.2156;0.915948;0.999962 -7.34258e-05 -0.00866814 -0.248949 0.000103295 0.999994 0.00344545 -0.0169017 0.00866784 -0.00344621 0.999956 2.25075 0 0 0 1 
25528382210071;1.44584;1.25819;0.998988 -0.0445524 0.00622171 -4.39778 0.042521 0.890055 -0.453865 -10.9714 0.0146831 0.45367 0.891049 44.4541 0 0 0 1 
25528382210072;1.6175;1.64042;0.998424 -0.0371203 -0.0420949 -3.89205 0.0194365 0.932312 -0.361132 -7.31935 0.0526509 0.359745 0.931564 37.2081 0 0 0 1 
25528382210073;2.148;0.391274;0.999078 0.00624566 -0.0424769 0.0947139 -0.00432631 0.998972 0.0451286 0.104453 0.042715 -0.0449033 0.998078 -0.982543 0 0 0 1 
25528382210074;1.21241;0.388128;0.99117 -0.00701054 0.132409 -0.52543 0.00498271 0.999865 0.0156401 0.202902 -0.132501 -0.0148422 0.991072 -6.39188 0 0 0 1 
25528382210075;0.469924;0.150915;0.967795 -0.0282699 -0.250148 -4.23228 -0.0128074 0.986859 -0.161078 -2.00575 0.251414 0.159094 0.954715 21.3998 0 0 0 1 
25528382210076;1.94829;1.24653;0.999906 0.00723699 -0.011682 0.410619 -0.00628548 0.996813 0.0795266 0.0918575 0.0122203 -0.0794457 0.996764 -5.64736 0 0 0 1 
25528382210077;1.55351;0.744123;0.999838 0.0111273 -0.0141264 1.28605 -0.0101733 0.997775 0.0658974 -0.272008 0.0148283 -0.065743 0.997726 -8.04671 0 0 0 1 
25528382210078;1.78754;1.50341;0.999805 0.000422483 0.0197273 0.0170681 -0.00100795 0.999559 0.0296776 0.0437364 -0.0197061 -0.0296917 0.999365 -2.50024 0 0 0 1 
25528382210079;0.52952;0.336075;0.966484 -0.019061 -0.256017 -3.46549 -0.00824632 0.99442 -0.105167 -1.0532 0.256594 0.103753 0.960934 16.2287 0 0 0 1 
25528382210080;0.579865;0.176602;0.999952 -0.000442549 -0.00983522 -0.137984 0.000451532 0.999999 0.000911171 -0.00723587 0.00983482 -0.000915568 0.999951 0.719892 0 0 0 1 
25528382210081;1.6725;1.67575;0.99962 -0.0101958 0.025601 -0.937877 0.0119511 0.997519 -0.0693734 -0.135264 -0.0248302 0.069653 0.997262 6.07132 0 0 0 1 
25528382210082;1.80785;0.264373;0.959667 -0.0107731 0.280933 -1.00128 -0.0297423 0.989768 0.139555 -1.20821 -0.279562 -0.142282 0.949527 -19.3661 0 0 0 1 
25528382210083;0.928935;0.242382;0.982132 -0.033867 -0.18512 -4.57271 -0.0053073 0.978298 -0.207134 -3.07002 0.188117 0.204415 0.960639 25.8234 0 0 0 1 
25528382210084;1.83208;1.48094;0.998866 -0.0151821 -0.0451236 -1.51093 0.00925562 0.991633 -0.128756 -0.801707 0.0467009 0.128192 0.990649 12.3252 0 0 0 1 
25528382210085;0.401662;0.255795;0.993778 0.050813 -0.0991102 4.6784 -0.0186914 0.953331 0.301347 -4.27209 0.109797 -0.29762 0.94835 -27.4441 0 0 0 1 
25528382210086;1.45129;1.26809;0.996786 0.00134028 -0.0800994 -0.273275 -0.00353495 0.999622 -0.0272638 -0.195992 0.0800326 0.0274593 0.996414 5.46191 0 0 0 1 
25528382210087;0.345605;0.139488;0.939208 -0.00323452 0.343335 -0.819145 0.0331208 0.996146 -0.0812189 0.170357 -0.341749 0.087653 0.935695 0.0627124 0 0 0 1 
25528382210088;0.167837;0.149966;0.999945 -0.00363323 -0.00987553 -0.400052 0.00365054 0.999992 0.00173467 0.0944164 0.00986915 -0.00177063 0.99995 -0.240753 0 0 0 1 
25528382210089;1.83562;1.81278;0.999859 -0.00256944 0.0166081 -0.206479 0.0031177 0.999448 -0.033071 -0.0686535 -0.0165139 0.0331181 0.999315 2.51119 0 0 0 1 
25528382210090;2.15758;0.164802;0.99999 -0.00148458 -0.00418698 -0.358001 0.00137097 0.999634 -0.0270081 -0.170512 0.00422554 0.0270021 0.999626 5.33629 0 0 0 1 
25528382210091;0.893388;0.488046;0.999861 -0.0133317 0.0100122 -1.38334 0.0144745 0.992124 -0.124424 -0.872605 -0.00827452 0.124551 0.992179 12.831 0 0 0 1 
25528382210093;1.89713;0.25478;0.977462 0.04632 -0.205966 -0.995207 -0.027177 0.995123 0.0948193 -0.447093 0.209354 -0.0870848 0.973954 4.478 0 0 0 1 
25528382210094;0.825331;0.359911;0.998104 0.0312182 -0.0530373 0.103939 -0.0118539 0.943176 0.332083 0.0493078 0.0603905 -0.330825 0.941758 -2.03915 0 0 0 1 
25528382210095;0.858473;0.738746;0.962731 0.0474355 0.266269 0.302043 -0.0841718 0.988158 0.128295 -1.29544 -0.25703 -0.145926 0.955322 -4.37568 0 0 0 1 
25528382210096;0.8797;0.381165;0.96268 0.0315529 0.268797 0.316994 -0.125909 0.931372 0.341605 -1.77534 -0.239572 -0.3627 0.900586 -6.84924 0 0 0 1 
25528382210097;2.1961;1.66424;0.999199 -0.00349759 0.0398544 0.236444 0.00378413 0.999968 -0.00711658 0.0760728 -0.0398282 0.0072617 0.99918 -1.9198 0 0 0 1 
25528382210098;1.08082;0.382859;0.999931 0.0103961 -0.00551362 0.260705 -0.0108196 0.996462 -0.0833496 -0.775062 0.0046276 0.0834035 0.996505 -0.068485 0 0 0 1 
25528382210099;0.565162;0.47873;0.949931 -0.0337597 -0.310632 -1.70862 -0.0021565 0.993414 -0.11456 -0.385744 0.312453 0.109494 0.943602 5.70312 0 0 0 1 
25528382210100;1.81678;1.71316;0.999051 0.0378627 0.0215351 0.355879 -0.0417095 0.974065 0.222391 -0.24411 -0.0125562 -0.223078 0.97472 -1.47178 0 0 0 1 
25528382210101;0.708323;0.497131;0.997537 -0.0471867 -0.0519067 -0.530124 0.0464932 0.998814 -0.0144875 0.620836 0.0525288 0.0120385 0.998547 1.37569 0 0 0 1 
25528382210102;2.25601;1.95136;0.995413 -0.0236379 -0.0927056 -0.0523195 0.0101151 0.989568 -0.143709 -0.145641 0.0951355 0.142112 0.985268 1.14325 0 0 0 1 
25528382210103;0.72475;0.471597;0.999621 0.0266844 -0.00681104 0.234183 -0.0260739 0.996624 0.077855 -0.319636 0.00886556 -0.0776479 0.996941 0.284958 0 0 0 1 
25528382210104;2.73972;1.77178;0.990173 0.0549077 -0.128619 -0.2474 -0.0179362 0.961966 0.272581 0.235718 0.138694 -0.267596 0.953497 2.45081 0 0 0 1 
25528382210105;1.37462;1.1135;0.981616 -0.0445258 0.185599 -0.13349 0.13387 0.853731 -0.503212 0.294328 -0.136046 0.518807 0.843997 -0.0510363 0 0 0 1 
25528382210106;1.98093;0.14004;0.994304 -0.0619705 -0.08671 -0.208485 0.0249909 0.926462 -0.375559 -0.194183 0.103607 0.371253 0.922733 2.05188 0 0 0 1 
25528382210107;2.7132;2.09633;0.999619 -0.00211333 0.0275219 0.215337 0.000776186 0.998823 0.048505 -0.0367711 -0.027592 -0.0484652 0.998444 -2.35518 0 0 0 1 
25528382210108;2.24596;1.73663;0.979304 0.0104433 -0.202125 -0.130624 -0.0222887 0.998158 -0.0564173 -0.491643 0.201163 0.0597548 0.977733 2.3003 0 0 0 1 
25528382210109;1.35089;0.333584;0.99705 0.00833312 0.0762989 0.389452 -0.000759621 0.995111 -0.0987563 -0.14517 -0.0767489 0.098407 0.992182 -1.76633 0 0 0 1 
25528382210110;1.54595;1.19064;0.997216 0.0688764 -0.02856 0.294412 -0.0453424 0.864239 0.501033 -0.0984997 0.059192 -0.498343 0.864957 -2.23958 0 0 0 1 
25528382210111;0.364366;0.180166;0.984497 -0.0180544 -0.174467 -0.809894 0.00904223 0.99859 -0.052313 -0.0155255 0.175165 0.0499244 0.983272 3.34769 0 0 0 1 
25528382210112;2.44837;1.85322;0.993196 -0.015313 0.115445 -0.05585 -0.0145144 0.967311 0.253177 0.262182 -0.115548 -0.25313 0.960507 -1.80681 0 0 0 1 
25528382210113;0.357128;0.262659;0.999544 0.0268484 0.0138273 0.210294 -0.0275708 0.998105 0.0550164 -0.363828 -0.012324 -0.0553726 0.99839 -0.151292 0 0 0 1 
25528382210114;2.52967;0.994388;0.945144 -0.0670558 0.319699 -0.894057 0.169147 0.93774 -0.303371 2.12057 -0.279451 0.340805 0.897641 -4.47378 0 0 0 1 
25528382210115;1.99023;0.336124;0.997826 -0.011429 -0.0649109 -0.664677 0.0121258 0.999873 0.0103498 0.324628 0.0647844 -0.0111144 0.997837 2.98351 0 0 0 1 
25528382210116;0.274109;0.225396;0.998423 0.0150618 -0.0540873 -0.158216 -0.0014161 0.969794 0.24392 0.42664 0.0561274 -0.243458 0.968286 -0.583123 0 0 0 1 
25528382210117;0.456139;0.30662;0.976178 0.0254798 0.215469 0.257989 -0.0637001 0.982973 0.172353 -0.742532 -0.207409 -0.181972 0.96118 -4.52346 0 0 0 1 
25528382210118;1.00279;0.222505;0.99869 -0.0035256 0.0510402 0.0449385 0.0031508 0.999967 0.00742169 0.0884269 -0.0510647 -0.00725115 0.998669 -1.75925 0 0 0 1 
25528382210119;1.53716;1.10058;0.995129 0.0367508 0.0914802 0.170384 -0.0138315 0.970788 -0.23954 -1.30343 -0.0976111 0.237107 0.966567 0.545095 0 0 0 1 
25528382210120;1.16367;0.657;0.999511 -0.0109635 0.0292696 -0.0205382 0.009803 0.999171 0.039503 0.478522 -0.0296784 -0.0391967 0.998791 0.172856 0 0 0 1 
25528382210121;1.92017;1.67562;0.997957 0.0206468 0.0604612 0.308136 -0.0339276 0.973144 0.227683 -0.305721 -0.0541365 -0.229269 0.971856 -3.36573 0 0 0 1 
25528382210122;1.42171;0.554926;0.995443 0.00671168 -0.0951178 0.100831 -0.0109106 0.998985 -0.0436931 -0.102803 0.0947281 0.0445318 0.994507 0.490771 0 0 0 1 
25528382210124;1.41534;0.542806;0.999808 0.0121693 -0.0153486 1.11077 -0.0113023 0.998402 0.0553599 -0.350083 0.0159978 -0.0551758 0.998348 -5.87333 0 0 0 1 
25528382210125;0.633729;0.342966;0.991605 -0.0436374 -0.121715 -3.75945 0.0260474 0.989447 -0.142532 -0.881293 0.12665 0.138165 0.982278 12.1263 0 0 0 1 
25528382210126;0.445145;0.305107;0.952062 -0.0117001 -0.305682 -1.72069 0.0182691 0.999659 0.0186377 0.101118 0.30536 -0.0233288 0.951951 -0.173433 0 0 0 1 
25528382210127;0.670288;0.642621;0.998411 -0.0170027 -0.0537279 -1.4027 0.013402 0.997684 -0.0666823 -0.223314 0.0547372 0.0658563 0.996327 5.68017 0 0 0 1 
25528382210128;2.24311;1.77869;0.999978 -0.00368465 0.00555034 -0.0469207 0.00381804 0.999699 -0.0242159 -0.120706 -0.00545945 0.0242365 0.999691 -0.0616902 0 0 0 1 
25528382210129;1.80511;1.4933;0.984371 0.0142621 0.175527 1.37305 -0.0152923 0.999873 0.00451769 0.0958086 -0.17544 -0.00713129 0.984464 -0.241015 0 0 0 1 
25528382210130;0.986557;0.161771;0.998995 0.0105718 0.0435475 0.839602 -0.0139729 0.996812 0.0785511 -0.0284268 -0.0425783 -0.0790807 0.995958 -5.37289 0 0 0 1 
25528382210131;2.11864;1.92253;0.984036 -0.112431 -0.137958 -8.96338 0.0401932 0.895546 -0.443149 -8.51403 0.173372 0.43053 0.885769 34.2842 0 0 0 1 
25528382210132;0.163045;0.168401;0.999934 -0.00376719 -0.0108942 -0.305167 0.00341975 0.99949 -0.0317375 -0.0860045 0.0110082 0.0316981 0.999437 2.36566 0 0 0 1 
25528382210133;1.8377;0.920929;0.999892 -0.000704557 -0.0147108 -0.337923 0.000498442 0.999902 -0.0140101 0.0353907 0.0147192 0.0140013 0.999794 3.09151 0 0 0 1 
25528382210134;1.18998;0.875416;0.999994 -0.00294991 0.00169629 -0.315786 0.00300426 0.999451 -0.0329833 -0.036305 -0.00159806 0.0329882 0.999454 3.48569 0 0 0 1 
25528382210135;0.879278;0.754291;0.999258 0.00612584 0.0380226 0.496885 -0.00778317 0.999019 0.0435944 0.0104 -0.0377183 -0.043858 0.998326 -3.05803 0 0 0 1 
25528382210136;1.20454;1.04952;0.937672 0.0302843 0.346201 2.59445 0.0269372 0.986865 -0.159286 -1.0483 -0.346477 0.158683 0.924539 11.2916 0 0 0 1 
25528382210137;0.490225;0.512479;0.999861 -0.0100467 0.0133239 -0.697843 0.0109326 0.997614 -0.0681729 -0.270243 -0.0126072 0.0683091 0.997585 5.03208 0 0 0 1 
25528382210138;0.898047;0.89275;0.999873 -0.00966397 0.0126634 -0.720017 0.0107583 0.995937 -0.0894056 -0.402838 -0.011748 0.0895305 0.995915 6.61648 0 0 0 1 
25528382210139;0.258844;0.218024;0.99839 -0.00342623 0.0566232 -0.171391 0.00629213 0.998704 -0.050513 -0.184139 -0.0563767 0.0507879 0.997117 3.71371 0 0 0 1 
25528382210140;1.51354;1.35247;0.99951 -0.0111355 0.0292476 -0.788773 0.0143717 0.993505 -0.112879 -0.620017 -0.0278007 0.113244 0.993178 7.91304 0 0 0 1 
25528382210141;0.177514;0.193829;0.968401 0.0170211 0.248818 1.58239 -0.0324688 0.997782 0.0581125 -0.246046 -0.247277 -0.064355 0.966805 -6.62379 0 0 0 1 
25528382210142;1.7221;1.46673;0.99119 0.0120766 -0.131899 0.531072 0.00589879 0.990822 0.135048 -0.322129 0.132319 -0.134636 0.982021 -9.39566 0 0 0 1 
25528382210143;1.74732;1.68079;0.9938 -0.013633 -0.110341 -1.32013 0.00892644 0.999034 -0.0430372 -0.0135504 0.110821 0.0417855 0.992962 3.96 0 0 0 1 
25528382210144;0.62636;0.640822;0.985335 -0.0132209 -0.170116 -1.3641 0.0128124 0.999912 -0.00349879 0.0752586 0.170147 0.00126789 0.985418 0.975081 0 0 0 1 
25528382210145;2.23099;1.78328;0.982895 0.0143725 0.183608 1.31817 -0.0245393 0.998281 0.0532211 -0.0315346 -0.182527 -0.0568163 0.981558 -3.90019 0 0 0 1 
25528382210146;0.123351;0.133448;0.987673 0.00515077 0.156448 0.601108 -0.00550585 0.999983 0.00183639 -0.042889 -0.156436 -0.00267514 0.987684 -1.19481 0 0 0 1 
25528382210147;2.1323;0.358399;0.999938 0.00210215 0.0109575 -0.0501039 -0.0019386 0.999887 -0.0149156 0.119107 -0.0109876 0.0148934 0.999829 3.71152 0 0 0 1 
25528382210148;1.17842;0.508688;0.999963 -0.00426441 -0.0074668 -0.469748 0.00391856 0.998946 -0.0457362 -0.0611755 0.00765396 0.0457053 0.998926 4.79391 0 0 0 1 
25528382210149;1.8032;1.67159;0.974753 0.0391683 -0.219822 2.61366 0.0160529 0.969653 0.243957 -2.02034 0.222707 -0.241327 0.944544 -18.3557 0 0 0 1 
25528382210150;1.89528;1.84981;0.99139 0.00516004 0.130837 0.560369 0.00851787 0.994565 -0.103767 -0.454663 -0.130662 0.103988 0.985958 7.34509 0 0 0 1 
25528382210151;1.38396;0.515077;0.999991 0.00375807 0.00189718 0.491442 -0.00375406 0.999991 -0.00211676 -0.151775 -0.00190511 0.00210962 0.999996 -1.64817 0 0 0 1 
25528382210152;1.90731;1.80931;0.999502 0.00447559 -0.0312227 0.420957 -0.00194689 0.996748 0.0805542 -0.256898 0.0314817 -0.0804534 0.996261 -7.18875 0 0 0 1 
25528382210153;0.627318;0.179775;0.968611 -0.0574931 -0.241842 -5.12311 0.0167322 0.985759 -0.16733 -1.2262 0.248018 0.158031 0.955779 14.4607 0 0 0 1 
25528382210155;0.972428;0.596459;0.996705 -0.0417338 -0.069546 -2.80703 0.00747048 0.901052 -0.433647 -7.34002 0.0807623 0.431699 0.898395 27.1043 0 0 0 1 
25528382210156;1.01473;0.751854;0.991594 0.00930747 -0.129055 0.138996 -0.00362115 0.999015 0.044226 -0.055897 0.12934 -0.0433869 0.990651 -1.27363 0 0 0 1 
25528382210157;0.233342;0.25666;0.998374 -0.0032448 -0.0569116 -0.428243 -0.000212872 0.998159 -0.0606442 -0.32999 0.0570036 0.0605577 0.996536 4.77622 0 0 0 1 
25528382210158;0.218897;0.191158;0.999949 -0.00354031 -0.00947796 -0.234795 0.00358833 0.999981 0.00505411 0.135127 0.00945988 -0.00508786 0.999942 -0.400527 0 0 0 1 
25528382210159;0.424214;0.222972;0.968748 -0.0093478 0.24787 -0.405478 0.0932421 0.939723 -0.328979 -2.51725 -0.229854 0.341809 0.911227 14.5902 0 0 0 1 
25528382210160;0.944861;0.849123;0.999107 -0.0131926 -0.0401354 -0.871011 0.00532977 0.981763 -0.190033 -1.63576 0.0419105 0.189649 0.980957 11.8003 0 0 0 1 
25528382210161;0.607772;0.424257;0.983783 -0.0093072 0.17912 -0.357055 0.0306195 0.992708 -0.11659 -0.0492039 -0.176729 0.120183 0.976894 1.66954 0 0 0 1 
25528382210162;0.465464;0.26278;0.991918 0.00308554 0.126846 0.442131 -0.020834 0.990096 0.138835 -0.589069 -0.125161 -0.140355 0.982158 -11.9881 0 0 0 1 
25528382210163;0.301031;0.211351;0.999907 0.00667254 -0.0118561 0.294201 -0.00629161 0.999472 0.0318816 0.0437705 0.0120625 -0.0318041 0.999421 -1.18862 0 0 0 1 
25528382210164;0.262538;0.251227;0.999995 -0.00288106 0.00140842 -0.188078 0.00287549 0.999988 0.00394446 0.0791299 -0.00141977 -0.00394039 0.999991 -0.466338 0 0 0 1 
25528382210165;0.165591;0.163816;0.999919 0.00381831 -0.0121461 0.142968 -0.00261632 0.995234 0.0974803 -0.00410757 0.0124604 -0.0974406 0.995163 -5.37758 0 0 0 1 
25528382210166;1.12952;0.765016;0.973162 0.00610059 -0.230038 -0.646035 0.00294775 0.999236 0.0389699 0.105829 0.2301 -0.0386021 0.972401 0.872323 0 0 0 1 
25528382210167;0.708722;0.194044;0.994837 -0.0130181 -0.100651 -1.5075 0.00680266 0.998062 -0.0618506 -0.289063 0.101261 0.0608466 0.992997 7.3555 0 0 0 1 
25528382210168;1.1418;0.291875;0.999828 0.00245823 0.0183617 0.0201454 -0.00190225 0.999541 -0.0302358 -0.197103 -0.0184276 0.0301957 0.999374 4.1358 0 0 0 1 
25528382210169;0.757933;0.733405;0.995017 -0.000336212 0.0997009 0.229455 0.00309513 0.999616 -0.0275186 -0.0827715 -0.0996534 0.0276901 0.994637 -1.00067 0 0 0 1 
25528382210170;0.338329;0.10534;0.988224 0.00302345 0.152983 0.442856 0.0580897 0.917541 -0.393376 -4.79039 -0.141557 0.397631 0.90656 19.7072 0 0 0 1 
25528382210171;0.814741;0.693408;0.994797 0.0134914 -0.100983 0.122274 -0.00954987 0.999177 0.0394137 -0.00774687 0.101431 -0.0382442 0.994107 1.28666 0 0 0 1 
25528382210172;0.85032;0.233562;0.991246 0.0656251 -0.114567 2.77201 -0.0219966 0.937683 0.346796 -2.25295 0.130186 -0.34124 0.930917 -15.0087 0 0 0 1 
25528382210173;0.630488;0.538786;0.999776 0.00384014 -0.020815 0.21039 -0.0023389 0.997425 0.0716729 0.075316 0.0210367 -0.0716081 0.997211 -4.61486 0 0 0 1 
25528382210174;0.36066;0.105127;0.961376 0.107735 -0.253278 4.47948 -0.00892365 0.931927 0.362537 -2.82582 0.275094 -0.346274 0.896893 -14.4547 0 0 0 1 
25528382210175;0.400793;0.396256;0.999791 -0.00255516 0.0203014 -0.0636193 0.00472596 0.994182 -0.107612 -0.595673 -0.0199083 0.107686 0.993986 6.00015 0 0 0 1 
25528382210176;0.342834;0.164113;0.98473 -0.00354345 0.17405 0.0301041 -0.0271111 0.984473 0.17343 -0.913623 -0.171962 -0.1755 0.969344 -14.8493 0 0 0 1 
25528382210177;0.260067;0.135289;0.997382 -0.0251889 -0.067777 -1.71839 0.00592531 0.96268 -0.270579 -2.82946 0.0720631 0.269469 0.960309 17.1414 0 0 0 1 
25528382210178;0.926206;0.272463;0.999839 0.000134743 0.0179347 -0.0999318 -0.000296383 0.999959 0.00901033 0.0428962 -0.0179328 -0.00901419 0.999799 1.27407 0 0 0 1 
25528382210179;0.695785;0.279924;0.999934 -0.00897468 -0.00718192 -0.393623 0.00765482 0.986031 -0.166389 -0.980621 0.00857487 0.166323 0.986034 8.14895 0 0 0 1 
25528382210180;0.109455;0.0813655;0.99973 0.00634936 0.0223572 0.414987 -0.00787433 0.9976 0.0687957 -0.0205545 -0.0218667 -0.0689531 0.99738 -4.64706 0 0 0 1 
25528382210181;0.971587;0.623869;0.94466 -0.00246963 0.328042 -0.61117 0.0211066 0.998357 -0.0532645 0.398883 -0.327372 0.0572407 0.94316 -6.3253 0 0 0 1 
25528382210182;0.540657;0.344999;0.998512 0.000259703 0.0545276 0.231224 0.00033331 0.999941 -0.0108661 -0.0519588 -0.0545272 0.0108681 0.998453 -1.71992 0 0 0 1 
25528382210183;0.488607;0.39965;0.970237 -0.00034843 0.242159 0.202462 0.0018251 0.999981 -0.00587363 0.044952 -0.242152 0.00614078 0.970219 -4.7327 0 0 0 1 
25528382210184;0.107925;0.0637611;0.999923 0.00629361 -0.0107004 0.30339 -0.00614601 0.999886 0.0137711 -0.0751235 0.0107859 -0.0137043 0.999848 -0.359063 0 0 0 1 
25528382210186;2.61464;0.489799;0.906341 0.0411913 -0.420535 0.154522 0.0476983 0.978902 0.198683 -0.104844 0.419847 -0.200133 0.885254 -5.48689 0 0 0 1 
25528382210187;2.55948;0.290812;0.999961 0.00857875 0.00194564 0.6776 -0.00856084 0.999923 -0.00903472 -0.329173 -0.00202299 0.00901772 0.999957 -2.03802 0 0 0 1 
25528382210188;2.1137;0.631956;0.992616 -0.0190259 -0.119801 -0.681522 0.00425539 0.992477 -0.122359 -0.284997 0.121228 0.120945 0.985229 4.3859 0 0 0 1 
25528382210189;3.03095;1.75678;0.932107 0.00676374 0.36212 0.792606 0.0115657 0.99876 -0.0484255 -0.00586719 -0.361998 0.0493259 0.930873 -0.736801 0 0 0 1 
25528382210190;2.58604;2.37893;0.944075 0.0345573 0.327915 1.65963 0.0306133 0.981011 -0.19152 -0.960988 -0.328307 0.190848 0.92509 4.39391 0 0 0 1 
25528382210191;2.29839;1.18058;0.994059 -0.00667653 0.108636 -0.193494 -0.0332157 0.931894 0.361207 -1.3106 -0.103649 -0.362669 0.926136 -14.0375 0 0 0 1 
25528382210192;1.26077;0.942893;0.99744 0.00989559 -0.0708188 0.311602 -0.00752771 0.999406 0.0336247 -0.101072 0.0711095 -0.0330056 0.996922 -1.32642 0 0 0 1 
25528382210193;1.94741;1.17944;0.975749 -0.0159534 0.218312 -0.47411 0.045263 0.990491 -0.129922 0.0166743 -0.214163 0.136653 0.967192 0.963901 0 0 0 1 
25528382210194;0.500481;0.383011;0.991375 0.0628847 -0.114987 2.00091 -0.0123182 0.918192 0.395945 -2.14297 0.130479 -0.391113 0.911047 -14.2868 0 0 0 1 
25528382210195;0.447325;0.296636;0.99348 -0.00491786 0.113901 0.0479187 0.0339442 0.966519 -0.25434 -1.64001 -0.108837 0.256548 0.960384 8.73849 0 0 0 1 
25528382210196;0.672791;0.573274;0.999987 -0.00486793 -0.00152861 -0.250957 0.00492878 0.999075 0.0427156 0.199959 0.00131926 -0.0427225 0.999086 -1.49763 0 0 0 1 
25528382210197;1.68816;1.6598;0.999913 0.00910524 0.0095797 0.361812 -0.00944046 0.999323 0.0355492 -0.0151104 -0.00924953 -0.0356365 0.999322 -1.48493 0 0 0 1 
25528382210198;0.0806703;0.132152;0.999945 -0.0104507 0.000154952 -0.467728 0.0104519 0.99983 -0.015216 0.151628 4.09281e-06 0.0152168 0.999884 0.532607 0 0 0 1 
25528382210199;2.04506;0.584033;0.984932 -0.0161716 0.172187 -0.335796 0.0180093 0.999796 -0.0091155 0.266487 -0.172004 0.0120791 0.985022 -3.49799 0 0 0 1 
25528382210200;1.86353;1.55087;0.986158 -0.076905 -0.146893 -3.83113 0.0268937 0.948387 -0.315974 -2.6208 0.163611 0.30765 0.937328 14.5984 0 0 0 1 
25528382210201;1.69978;1.54991;0.977329 -0.00540918 0.211657 0.124749 -0.0187943 0.993511 0.112174 -0.152628 -0.210891 -0.113608 0.970885 -8.03265 0 0 0 1 
25528382210202;3.09717;0.631471;0.999652 -0.00820971 0.0250877 -0.674425 0.00946431 0.998689 -0.0503059 0.0764786 -0.0246419 0.0505258 0.998419 4.42459 0 0 0 1 
25528382210203;2.66545;0.400308;0.999936 0.00553838 -0.00989569 -0.0621686 -0.00480355 0.997335 0.0727972 0.222328 0.0102725 -0.072745 0.997298 -0.393366 0 0 0 1 
25528382210204;2.12678;2.07559;0.999998 -0.00089861 0.00203486 -0.0539166 0.000888447 0.999987 0.00499008 0.0903235 -0.00203932 -0.00498826 0.999985 -0.159308 0 0 0 1 
25528382210205;2.17534;0.435891;0.969974 0.00159887 -0.243202 -0.27821 0.00711028 0.999365 0.0349283 -0.039835 0.243104 -0.0356088 0.969346 -0.490045 0 0 0 1 
25528382210206;0.615844;0.281814;0.999748 -0.00187455 0.022359 -0.0453263 0.00367604 0.996723 -0.0808044 -0.323202 -0.0221342 0.0808662 0.996479 3.35376 0 0 0 1 
25528382210207;2.70191;2.47399;0.998505 -0.011828 0.0533605 -0.243406 0.0164346 0.996096 -0.086734 -0.11012 -0.0521262 0.0874813 0.994801 1.47879 0 0 0 1 
25528382210208;0.254784;0.246328;0.998459 0.0138857 -0.0537289 0.389683 -0.0122875 0.999475 0.0299634 -0.130005 0.0541168 -0.0292571 0.998106 -0.539201 0 0 0 1 
25528382210209;0.401221;0.379361;0.999885 0.00681976 -0.0135229 0.202334 -0.00628594 0.999214 0.0391324 0.00637107 0.0137791 -0.0390429 0.999143 -1.3261 0 0 0 1 
25528382210210;3.26762;2.73495;0.998311 0.0562735 0.0144289 2.38291 -0.0576541 0.929203 0.365044 -2.79368 0.00713487 -0.365259 0.930879 -15.7549 0 0 0 1 
25528382210211;2.11433;0.890367;0.99926 0.0222652 0.0313554 0.833784 -0.0274598 0.98393 0.17643 -0.237768 -0.0269233 -0.177161 0.983814 -5.73369 0 0 0 1 
25528382210212;0.939666;0.386929;0.982193 0.00743576 0.187726 0.584323 0.0267443 0.983507 -0.178883 -0.802367 -0.18596 0.180719 0.965795 4.10207 0 0 0 1 
25528382210213;1.20317;1.11721;0.996258 0.00560877 0.08625 0.385897 -0.0137404 0.995479 0.0939778 -0.0208637 -0.085333 -0.0948112 0.991831 -4.62849 0 0 0 1 
25528382210214;2.77469;0.954966;0.985691 0.0283083 0.166168 1.5115 0.00685789 0.978246 -0.207334 -1.56435 -0.168422 0.205507 0.964054 8.19122 0 0 0 1 
25528382210215;2.52413;2.38364;0.999663 0.0141847 -0.0217521 0.51002 -0.00840912 0.969323 0.245646 -0.635199 0.0245692 -0.24538 0.969116 -10.0122 0 0 0 1 
25528382210217;1.06109;1.0487;0.972632 -0.0143459 -0.231907 -1.51858 0.00452402 0.999072 -0.042829 -0.0920122 0.232306 0.0406077 0.971795 4.37964 0 0 0 1 
25528382210218;0.551084;0.520552;0.999892 0.0124062 0.0079134 1.13862 -0.0128897 0.997847 0.0642983 -0.21644 -0.00709867 -0.0643933 0.997899 -5.62064 0 0 0 1 
25528382210219;0.422673;0.403715;0.974604 -0.00356468 0.223908 -0.26872 -0.00542157 0.999205 0.0395061 -0.0294637 -0.22387 -0.0397168 0.973809 -4.45639 0 0 0 1 
25528382210220;1.03905;0.873658;0.961662 0.0627411 -0.266963 5.56128 -0.0253388 0.989641 0.141307 -1.09711 0.273064 -0.129125 0.953291 -10.886 0 0 0 1 
25528382210221;1.31298;0.654584;0.997848 -0.0130063 -0.0642709 -1.44106 0.00403802 0.99046 -0.137744 -1.15058 0.0654493 0.137188 0.98838 14.0056 0 0 0 1 
25528382210222;1.56771;1.16595;0.98717 0.0384064 -0.154988 3.84302 -0.0210532 0.993475 0.11209 -0.671829 0.158282 -0.107389 0.981537 -10.8553 0 0 0 1 
25528382210223;0.395381;0.312009;0.998514 0.0012424 -0.0544728 0.0107847 0.00153037 0.998706 0.0508307 -0.0428331 0.0544655 -0.0508385 0.997221 -4.14156 0 0 0 1 
25528382210224;1.45898;1.11481;0.994978 -0.00271777 -0.100054 -0.663214 0.0044557 0.999843 0.0171505 0.0716075 0.0999919 -0.0175102 0.994834 -0.125861 0 0 0 1 
25528382210225;0.647882;0.344531;0.955961 0.0436794 -0.290226 3.3035 0.000943296 0.988401 0.151863 -0.926712 0.293493 -0.145448 0.944831 -11.3412 0 0 0 1 
25528382210226;0.247807;0.259654;0.994412 0.0110298 -0.104994 0.977178 -0.0089155 0.999748 0.0205854 -0.0915781 0.105195 -0.0195343 0.99426 -1.43008 0 0 0 1 
25528382210227;1.67052;0.449572;0.999831 -0.00698523 0.0170027 -0.901936 0.00695111 0.999974 0.00206527 0.0305678 -0.0170167 -0.00194673 0.999853 1.97202 0 0 0 1 
25528382210228;0.941077;0.342047;0.999845 -0.00507925 -0.0168827 -0.135766 0.00400808 0.998013 -0.0628865 -0.125674 0.0171686 0.0628091 0.997878 4.1889 0 0 0 1 
25528382210229;1.84373;1.80571;0.999477 -0.014922 -0.0286932 -1.43433 0.012967 0.997658 -0.0671523 -0.16406 0.0296281 0.0667451 0.99733 6.21137 0 0 0 1 
25528382210230;0.815476;0.737642;0.999954 -0.00552713 -0.0078781 -0.579992 0.00545602 0.999944 -0.00901976 0.00647138 0.00792752 0.00897636 0.999928 1.15116 0 0 0 1 
25528382210231;0.945073;0.487133;0.999946 0.0024213 -0.0101254 0.0755899 -0.00251529 0.999954 -0.00927963 -0.0517855 0.0101024 0.0093046 0.999906 1.90413 0 0 0 1 
25528382210232;0.385786;0.354171;0.994818 0.00550498 0.101522 0.580958 -0.0145868 0.995931 0.0889323 -0.368089 -0.10062 -0.0899523 0.99085 -8.94454 0 0 0 1 
25528382210233;0.215723;0.160299;0.999 0.0398812 0.0202016 3.59619 -0.0443071 0.943457 0.328521 -5.11223 -0.00595748 -0.329088 0.944281 -29.671 0 0 0 1 
25528382210234;1.80049;1.30017;0.999836 -0.0131345 0.0124369 -0.844957 0.0140032 0.997266 -0.0725513 -0.0337544 -0.01145 0.0727136 0.997287 4.35074 0 0 0 1 
25528382210235;1.841;1.85605;0.980871 0.00802056 0.194496 0.754929 -0.0465157 0.979863 0.194178 -1.83986 -0.189022 -0.199511 0.961492 -18.1824 0 0 0 1 
25528382210236;0.783834;0.526773;0.992499 -0.000272005 0.122248 0.0188466 -0.0058485 0.998747 0.0497046 -0.101221 -0.122109 -0.0500467 0.991254 -4.33781 0 0 0 1 
25528382210237;0.646121;0.490609;0.996002 -0.00143811 -0.0893218 -0.0119345 0.00100187 0.999987 -0.00492849 0.0499699 0.0893278 0.00481929 0.995991 0.0299283 0 0 0 1 
25528382210238;0.978297;0.791228;0.994074 -0.018518 0.107117 -1.67666 0.0313652 0.992336 -0.119525 -0.633894 -0.104083 0.122176 0.987036 11.0567 0 0 0 1 
25528382210239;1.51578;0.201267;0.995346 -0.0154562 0.0951212 -1.59644 0.021152 0.998024 -0.0591655 -0.289621 -0.0940188 0.0609021 0.993706 7.12877 0 0 0 1 
25528382210240;0.466545;0.409964;0.999736 0.0226455 -0.00400391 1.97652 -0.0214223 0.980378 0.195957 -1.67345 0.00836291 -0.19582 0.980604 -17.4825 0 0 0 1 
25528382210241;1.93577;1.86918;0.989137 0.0132393 0.1464 1.29967 -0.0339458 0.989589 0.13986 -0.995389 -0.143025 -0.14331 0.979289 -13.4147 0 0 0 1 
25528382210242;0.86252;0.469377;0.996643 -0.0226207 0.0786819 -2.09184 0.0381741 0.9786 -0.202198 -1.97346 -0.0724243 0.204523 0.976179 18.806 0 0 0 1 
25528382210243;0.905546;0.286952;0.969627 -0.00840611 0.244443 -0.635807 -0.00424905 0.998679 0.0511982 -0.0646023 -0.24455 -0.0506818 0.968311 -4.57071 0 0 0 1 
25528382210244;0.219604;0.241014;0.999841 -0.00210792 -0.017693 -0.18705 0.001771 0.999817 -0.0190363 -0.0173072 0.0177299 0.019002 0.999662 1.583 0 0 0 1 
25528382210245;0.165948;0.144569;0.980308 -0.00495203 0.197412 -0.365425 0.00188273 0.999874 0.0157324 0.0176729 -0.197465 -0.0150509 0.980194 -2.58467 0 0 0 1 
25528382210246;1.5805;1.39334;0.998577 -0.00545292 0.0530533 -0.607402 0.00455848 0.999846 0.0169657 0.0466266 -0.0531376 -0.0166997 0.998448 -0.752636 0 0 0 1 
25528382210248;1.80404;1.60416;0.996396 -0.000311739 0.084821 0.162292 0.0133991 0.988016 -0.153769 -0.76301 -0.0837566 0.154351 0.98446 8.13298 0 0 0 1 
25528382210249;2.65063;0.704733;0.999249 -0.013464 0.0363314 -0.620063 0.0130504 0.999848 0.0115967 0.213635 -0.036482 -0.0111138 0.999273 -3.53153 0 0 0 1 
25528382210250;0.988386;0.249106;0.988869 -0.0163564 -0.147888 -1.33394 0.00725516 0.998058 -0.0618728 -0.230951 0.148613 0.0601111 0.987067 3.86963 0 0 0 1 
25528382210251;1.96971;0.840595;0.999305 -0.00103068 -0.0372591 0.117776 0.00244461 0.999278 0.0379229 0.18769 0.0371931 -0.0379876 0.998586 -4.27617 0 0 0 1 
25528382210252;1.48555;1.36393;0.999954 0.00939482 0.00193928 0.554889 -0.00939309 0.999955 -0.000900296 -0.0469685 -0.00194765 0.000882039 0.999998 0.37249 0 0 0 1 
25528382210253;1.51489;0.424994;0.999091 0.00430317 0.0424161 0.423903 -0.0027006 0.999283 -0.0377673 0.035847 -0.0425482 0.0376184 0.998386 0.473609 0 0 0 1 
25528382210254;2.5409;2.12246;0.999194 0.019473 0.0350972 1.29892 -0.0242027 0.989881 0.13982 -0.388586 -0.0320193 -0.140557 0.989555 -9.66204 0 0 0 1 
25528382210255;0.438009;0.168608;0.995737 -0.00329197 -0.0921809 -0.348478 -0.00490276 0.996061 -0.0885309 -0.461371 0.0921093 0.0886054 0.991799 5.01244 0 0 0 1 
25528382210256;0.895108;0.545215;0.960792 0.010642 0.277065 1.21267 0.0690596 0.958587 -0.2763 -3.18122 -0.268532 0.284601 0.920268 16.8864 0 0 0 1 
25528382210257;0.887196;0.826027;0.999344 0.000122718 0.0362257 0.143007 -0.000487175 0.999949 0.0100521 -0.0265037 -0.0362227 -0.0100631 0.999293 -0.787647 0 0 0 1 
25528382210258;2.46932;0.575198;0.999575 0.0150057 -0.0249954 1.22484 -0.0163566 0.998366 -0.0547488 0.121949 0.024133 0.0551343 0.998187 0.244566 0 0 0 1 
