#;prob_registration_l1 -r /home/probabilistic_point_clouds_registration/build/tester /home/point_clouds_registration_benchmark//devel/registration_pairs/urban05_local.txt /home/point_clouds_registration_benchmark//kaist/urban05 -s 0.2 -t 0.2 -p 0.3 -r 1000 -m 5 -i 40 
id;initial_error;final_error;transformation
34562489690000;0.13992;0.518793;0.999959 0.000137919 0.00905722 -1084 -0.000131647 1 -0.000693041 98.203 -0.00905731 0.00069182 0.999959 795.137 0 0 0 1 
34562489690001;0.182436;0.166444;1 -3.76868e-08 4.16075e-07 -0.342011 3.76868e-08 1 3.11299e-08 -0.0226819 -4.16075e-07 -3.11299e-08 1 -0.237995 0 0 0 1 
34562489690002;0.400034;0.467037;0.999988 4.07595e-07 -0.00481108 5.23313 1.61005e-06 1 0.000419371 -1.68262 0.00481108 -0.000419374 0.999988 -5.01436 0 0 0 1 
34562489690003;0.381518;0.42637;0.999982 2.00688e-06 -0.00599307 -3.11086 1.12561e-06 1 0.000522682 -0.334235 0.00599308 -0.000522679 0.999982 -4.17853 0 0 0 1 
34562489690004;0.467995;0.759021;1 -1.47973e-07 4.20581e-07 -1.09043 1.47973e-07 1 5.16423e-08 2.52821 -4.20581e-07 -5.16423e-08 1 -0.347829 0 0 0 1 
34562489690005;0.423309;0.710594;1 -1.57086e-07 7.48136e-07 -1.19148 1.57086e-07 1 7.00584e-08 2.38106 -7.48136e-07 -7.00583e-08 1 -0.509598 0 0 0 1 
34562489690006;0.190415;1.02606;1 -4.61153e-08 1.26068e-06 -0.878614 4.61153e-08 1 -1.22992e-08 -8.61182 -1.26068e-06 1.22993e-08 1 -0.0916786 0 0 0 1 
34562489690007;0.167146;0.258158;0.999873 1.25484e-05 0.0159283 -14.0706 9.55673e-06 0.999999 -0.00138771 2.3726 -0.0159283 0.00138769 0.999872 23.1226 0 0 0 1 
34562489690008;0.102809;0.10063;1 -1.56705e-08 -5.13804e-09 -0.0951435 1.56705e-08 1 3.81139e-09 0.0129308 5.13804e-09 -3.81139e-09 1 -0.0246458 0 0 0 1 
34562489690009;0.0509686;0.838775;1 -2.12921e-05 0.000102069 170.829 2.12934e-05 1 -1.27562e-05 -22.5237 -0.000102068 1.27583e-05 1 -30.8385 0 0 0 1 
34562489690010;0.0869115;0.535899;0.999939 1.34088e-05 -0.0110245 -65.0396 -2.80799e-06 1 0.000961591 10.192 0.0110245 -0.000961502 0.999939 -7.93634 0 0 0 1 
34562489690011;0.0782188;0.555617;0.999198 0.000159579 -0.0400478 -716.049 -1.79426e-05 0.999994 0.00353703 66.983 0.0400481 -0.00353347 0.999192 298.874 0 0 0 1 
34562489690012;0.0495854;0.694617;0.999626 3.11451e-05 0.0273403 8.25555 3.40458e-05 0.999997 -0.00238395 -6.60519 -0.0273403 0.00238399 0.999623 23.4119 0 0 0 1 
34562489690013;0.0622498;0.575574;0.999996 1.07795e-05 0.00267211 -83.9819 -1.01722e-05 1 -0.000227269 12.2098 -0.00267211 0.000227241 0.999996 49.043 0 0 0 1 
34562489690014;0.30978;0.977259;1 -1.47371e-07 -4.31864e-07 -0.600066 1.47372e-07 1 2.99259e-08 6.80397 4.31864e-07 -2.99259e-08 1 -0.0702548 0 0 0 1 
34562489690015;0.264634;0.297904;1 -2.44168e-08 1.16694e-07 -0.225875 2.44168e-08 1 7.2812e-09 -0.588349 -1.16694e-07 -7.2812e-09 1 -0.0496617 0 0 0 1 
34562489690016;0.0384264;0.85649;1 2.19721e-05 0.000135873 -177.881 -2.19728e-05 1 5.29036e-06 22.8755 -0.000135873 -5.29335e-06 1 138.016 0 0 0 1 
34562489690017;0.317284;0.501945;1 -1.24894e-07 3.19113e-08 -1.20422 1.24894e-07 1 3.52146e-08 -3.03831 -3.19113e-08 -3.52146e-08 1 -0.262899 0 0 0 1 
34562489690018;0.287954;0.833795;0.999829 1.4237e-05 0.0184688 1.6981 1.55273e-05 0.999999 -0.00161145 6.37022 -0.0184688 0.00161146 0.999828 7.22995 0 0 0 1 
34562489690019;0.362659;0.761139;0.98896 0.000898216 0.14818 504.619 0.00103325 0.999916 -0.0129571 -49.4702 -0.148179 0.0129672 0.988876 -246.041 0 0 0 1 
34562489690020;0.112961;0.0811131;1 -2.46433e-06 -0.000319332 19.3784 2.47387e-06 1 2.98769e-05 -2.59862 0.000319332 -2.98776e-05 1 15.1792 0 0 0 1 
34562489690021;0.197833;0.274513;0.999927 5.76015e-06 -0.0121135 6.7925 7.04166e-06 0.999999 0.00105677 -1.99132 0.0121135 -0.00105678 0.999926 -5.59821 0 0 0 1 
34562489690022;0.278308;1.03824;0.999251 5.98732e-05 0.0386871 36.4662 7.07947e-05 0.999994 -0.00337618 -11.0077 -0.038687 0.00337639 0.999246 9.35423 0 0 0 1 
34562489690023;0.193536;0.216539;1 -3.05063e-08 -1.87929e-07 -0.273357 3.05063e-08 1 9.11671e-09 0.00301767 1.87929e-07 -9.11671e-09 1 -0.0607061 0 0 0 1 
34562489690024;0.347959;0.323051;0.999871 8.97933e-06 0.0160427 15.2859 1.34557e-05 0.999999 -0.00139836 -2.81017 -0.0160427 0.00139839 0.99987 16.064 0 0 0 1 
34562489690025;0.302077;0.620663;0.997947 0.000186171 -0.0640449 -48.9887 0.000172965 0.999984 0.00560198 6.50453 0.064045 -0.00560156 0.997931 81.7491 0 0 0 1 
34562489690026;0.218188;0.210919;1 -3.24784e-08 2.63497e-07 -0.272641 3.24784e-08 1 2.11366e-08 0.286979 -2.63497e-07 -2.11365e-08 1 -0.153873 0 0 0 1 
34562489690027;0.18191;0.248187;0.999984 -2.85133e-07 -0.00570542 14.1443 3.12514e-06 1 0.000497765 -0.424955 0.00570541 -0.000497774 0.999984 -2.65908 0 0 0 1 
34562489690028;0.340963;0.410045;1 -3.86062e-08 2.80361e-07 -0.362966 3.86062e-08 1 6.91462e-09 -0.850417 -2.80361e-07 -6.91461e-09 1 -0.0507255 0 0 0 1 
34562489690029;0.238574;1.0589;0.99957 6.0367e-05 0.0293249 -187.086 1.48795e-05 0.999997 -0.00256573 7.62827 -0.029325 0.00256506 0.999567 -39.0869 0 0 0 1 
34562489690031;0.530935;0.502895;0.999998 2.13157e-06 -0.00196966 -15.2686 -1.80068e-06 1 0.000167996 1.48142 0.00196966 -0.000167992 0.999998 -31.2903 0 0 0 1 
34562489690032;0.306555;0.373837;0.989289 0.000932961 0.145965 -3.66617 0.000936129 0.999918 -0.0127358 -0.236623 -0.145965 0.0127361 0.989208 53.446 0 0 0 1 
34562489690033;0.46032;0.54938;0.999998 -4.11109e-07 -0.00209399 5.32494 7.97346e-07 1 0.00018445 -0.104674 0.00209399 -0.000184451 0.999998 13.0031 0 0 0 1 
34562489690034;0.385219;0.777835;0.999994 4.59482e-06 0.0035627 -31.6354 -3.48541e-06 1 -0.000311401 4.1711 -0.00356271 0.000311386 0.999994 -3.655 0 0 0 1 
34562489690035;0.341621;0.289234;0.986772 0.00115328 0.162107 -10.649 0.00115585 0.999899 -0.0141494 0.38349 -0.162107 0.0141496 0.986672 20.3935 0 0 0 1 
34562489690036;0.158469;0.0516955;0.99819 0.000158979 -0.0601384 0.717641 0.0001568 0.999986 0.00524612 -0.000467214 0.0601384 -0.00524605 0.998176 -31.3718 0 0 0 1 
34562489690037;0.364175;0.294477;0.993649 0.00055489 -0.11252 12.3735 0.000553562 0.999952 0.00981971 -1.79302 0.11252 -0.00981964 0.993601 -25.8084 0 0 0 1 
34562489690038;0.437441;0.600343;0.997926 0.000184352 0.0643756 -34.1437 0.000177668 0.999984 -0.0056178 3.75026 -0.0643756 0.00561759 0.99791 18.8035 0 0 0 1 
34562489690039;0.392147;0.342179;0.999999 5.20001e-07 0.00137022 -3.4032 -3.56125e-07 1 -0.000119598 0.151193 -0.00137022 0.000119598 0.999999 0.278808 0 0 0 1 
34562489690040;0.283513;0.30811;0.999466 4.88121e-05 -0.0326861 -12.3724 4.44044e-05 0.999996 0.00285114 1.28162 0.0326861 -0.00285107 0.999462 -20.0075 0 0 0 1 
34562489690041;0.287266;0.422583;0.996628 0.000302631 -0.0820555 -54.152 0.000286103 0.999974 0.00716298 5.23627 0.0820555 -0.0071623 0.996602 -8.59807 0 0 0 1 
34562489690042;0.329992;0.987424;0.996003 0.000360233 0.08932 -101.293 0.00033732 0.99997 -0.00779437 10.367 -0.0893201 0.00779335 0.995972 34.5649 0 0 0 1 
34562489690043;0.516204;0.55656;1 1.09871e-08 -8.65095e-08 0.0912329 -1.09871e-08 1 -5.67278e-09 0.0522303 8.65095e-08 5.67278e-09 1 0.0426834 0 0 0 1 
34562489690044;0.236329;0.202646;0.999875 1.05456e-05 -0.0157901 4.85716 1.12161e-05 0.999999 0.0013781 -0.409027 0.0157901 -0.0013781 0.999874 -3.18251 0 0 0 1 
34562489690045;0.316589;0.392783;0.999775 1.83034e-05 -0.0212325 14.1956 2.10658e-05 0.999998 0.00185396 -1.4387 0.0212325 -0.00185399 0.999773 3.01901 0 0 0 1 
34562489690046;0.376135;0.512859;0.999269 6.53803e-05 -0.0382264 -6.65611 6.22292e-05 0.999994 0.00333705 0.896816 0.0382265 -0.00333699 0.999264 -1.6821 0 0 0 1 
34562489690047;0.485231;0.42418;0.999787 1.71931e-05 -0.0206267 14.3775 1.98705e-05 0.999998 0.00179667 -1.32161 0.0206267 -0.00179669 0.999786 -32.7647 0 0 0 1 
34562489690048;0.199981;0.0533786;0.999993 4.06235e-07 -0.0036282 2.1915 7.38486e-07 1 0.000315506 0.394505 0.0036282 -0.000315506 0.999993 -9.68287 0 0 0 1 
34562489690049;0.208318;0.209511;1 -3.30981e-09 -1.28948e-07 -0.0180394 3.30981e-09 1 3.46503e-09 0.0447105 1.28948e-07 -3.46503e-09 1 -0.118961 0 0 0 1 
34562489690050;0.378047;0.566438;0.976624 0.00205665 -0.214943 -97.357 0.00202352 0.999822 0.0187608 8.49938 0.214943 -0.0187572 0.976446 -54.7383 0 0 0 1 
34562489690051;0.381473;0.454525;1 3.67213e-07 0.000536383 -2.58465 -3.42282e-07 1 -4.64801e-05 0.551864 -0.000536383 4.64799e-05 1 2.5292 0 0 0 1 
34562489690052;0.123011;0.144103;0.999896 1.08958e-05 -0.0144393 -12.0546 7.29191e-06 0.999999 0.00125955 1.26254 0.0144393 -0.00125952 0.999895 -8.14962 0 0 0 1 
34562489690053;0.447449;0.561332;0.99997 5.075e-06 0.00776568 -20.1406 1.82173e-07 1 -0.000676974 2.47272 -0.00776568 0.000676955 0.99997 7.80938 0 0 0 1 
34562489690054;0.341689;0.473384;0.999983 3.10947e-06 -0.00578107 -11.6755 -1.93102e-07 1 0.000504469 0.933045 0.00578107 -0.00050446 0.999983 -2.0083 0 0 0 1 
34562489690055;0.435439;0.504364;0.999985 2.71145e-06 0.00553842 -11.3338 -2.74418e-08 1 -0.000484617 1.14103 -0.00553842 0.000484609 0.999985 -8.47614 0 0 0 1 
34562489690056;0.453077;0.306716;0.963722 0.00317681 -0.266888 -40.6778 0.0031565 0.999724 0.0232978 4.35567 0.266889 -0.0232951 0.963446 -28.017 0 0 0 1 
34562489690057;0.243925;0.071274;0.999479 4.48314e-05 0.032269 0.756595 4.6084e-05 0.999996 -0.00281667 -0.368193 -0.032269 0.00281669 0.999475 3.21063 0 0 0 1 
34562489690058;0.299623;0.382331;0.989544 0.000917107 0.14423 -54.0218 0.000907793 0.99992 -0.0125864 5.41234 -0.14423 0.0125858 0.989464 44.3198 0 0 0 1 
34562489690059;0.121954;0.0512886;0.999984 6.685e-07 -0.00573398 7.1421 2.20136e-06 1 0.000500495 -0.48267 0.00573398 -0.000500499 0.999983 -1.03522 0 0 0 1 
34562489690060;0.336224;0.342025;0.999163 7.68824e-05 0.0409125 -35.4165 6.92699e-05 0.999994 -0.00357088 3.34391 -0.0409125 0.00357073 0.999156 7.63625 0 0 0 1 
34562489690062;0.450678;0.343043;0.993747 0.000549176 0.111654 -40.8499 0.000542529 0.999952 -0.00974695 3.09277 -0.111654 0.00974657 0.993699 24.3926 0 0 0 1 
34562489690063;0.504888;0.62389;0.995948 0.000351216 0.0899271 8.17811 0.000356068 0.999969 -0.00784892 -1.53289 -0.0899271 0.00784914 0.995917 27.024 0 0 0 1 
34562489690064;0.452148;0.445308;1 -7.3315e-09 -2.33799e-08 -0.0785567 7.3315e-09 1 -1.60383e-09 -0.232737 2.33799e-08 1.60383e-09 1 0.0035107 0 0 0 1 
34562489690065;0.324911;0.446929;0.999233 6.52275e-05 -0.0391604 19.293 6.86815e-05 0.999994 0.00341815 -2.252 0.0391604 -0.00341822 0.999227 -8.87392 0 0 0 1 
34562489690066;0.34336;0.330572;0.996926 0.000270545 0.0783544 -27.2354 0.000266019 0.999977 -0.0068374 2.28572 -0.0783544 0.00683722 0.996902 37.1764 0 0 0 1 
34562489690067;0.18061;0.237712;0.999999 -2.80031e-07 0.00129071 2.62407 4.25269e-07 1 -0.000112526 -0.616297 -0.00129071 0.000112526 0.999999 1.65818 0 0 0 1 
34562489690068;0.143206;0.155229;1 3.42209e-07 0.000426168 -2.557 -3.264e-07 1 -3.7097e-05 0.135697 -0.000426168 3.70968e-05 1 0.932546 0 0 0 1 
34562489690069;0.265071;0.178906;0.999951 5.87216e-06 0.00993565 -13.8335 2.71056e-06 1 -0.000863817 0.881573 -0.00993565 0.000863801 0.99995 29.5803 0 0 0 1 
34562489690070;0.337998;0.369124;0.965953 0.00206235 -0.25871 7362.84 0.00370741 0.999755 0.0218122 -638.552 0.258692 -0.0220287 0.965709 -4501.07 0 0 0 1 
34562489690071;0.291767;0.0354527;1 1.5195e-07 0.000750852 -0.743158 -1.0278e-07 1 -6.54858e-05 -0.0483834 -0.000750852 6.54857e-05 1 1.33885 0 0 0 1 
34562489690072;0.432542;0.381726;0.993028 0.000611046 0.117874 -34.5356 0.000606305 0.999947 -0.0102915 2.61229 -0.117874 0.0102912 0.992975 12.7183 0 0 0 1 
34562489690073;0.333627;0.233254;0.997994 0.00017815 -0.0633052 -15.0913 0.00017203 0.999985 0.00552612 1.30339 0.0633052 -0.00552593 0.997979 -14.9741 0 0 0 1 
34562489690074;0.333091;0.575571;0.999408 5.56265e-05 0.0343956 -35.3868 4.76828e-05 0.999995 -0.00300274 2.62119 -0.0343956 0.0030026 0.999404 6.21002 0 0 0 1 
34562489690075;0.300984;0.358777;0.969653 0.00265692 -0.24447 -22.417 0.00264149 0.999769 0.0213426 1.16582 0.24447 -0.0213407 0.969422 -45.726 0 0 0 1 
34562489690076;0.255405;0.377292;0.99954 3.93348e-05 0.0303115 2.25963 4.08924e-05 0.999996 -0.00264613 -0.59785 -0.0303115 0.00264615 0.999537 5.56489 0 0 0 1 
34562489690077;0.37018;0.359107;0.909948 0.00787381 -0.414647 -26.7078 0.00785014 0.999314 0.0362034 1.21428 0.414647 -0.0361983 0.909262 -54.0576 0 0 0 1 
34562489690078;0.123389;0.22467;0.996776 0.000284791 -0.0802343 -14.8663 0.000278161 0.999975 0.00700509 0.796766 0.0802343 -0.00700482 0.996751 -8.95429 0 0 0 1 
34562489690079;0.437756;0.545422;0.999978 3.97129e-06 -0.0066456 -14.9565 -1.18097e-07 1 0.000579812 0.961529 0.0066456 -0.000579798 0.999978 -3.92853 0 0 0 1 
34562489690080;0.248888;0.228965;0.998808 0.000104588 -0.0488059 2.50135 0.000103454 0.999991 0.00426011 -0.25864 0.0488059 -0.00426008 0.998799 -12.231 0 0 0 1 
34562489690081;0.238106;0.255699;0.999735 2.32748e-05 0.0230379 -3.78347 2.30004e-05 0.999998 -0.00200839 -0.230554 -0.0230379 0.00200839 0.999733 25.9607 0 0 0 1 
34562489690082;0.176775;0.263187;0.999987 2.48349e-06 0.0051551 -11.0478 -1.65909e-07 1 -0.000449572 0.724495 -0.0051551 0.000449565 0.999987 4.43971 0 0 0 1 
34562489690083;0.334152;1.19589;0.99998 1.23829e-05 0.00636808 -87.0298 -8.81726e-06 1 -0.000559955 3.78428 -0.00636809 0.000559888 0.99998 -30.0793 0 0 0 1 
34562489690084;0.376441;0.366363;0.999168 7.49898e-05 -0.0407822 -12.9739 7.02681e-05 0.999994 0.00356036 1.22299 0.0407822 -0.00356026 0.999162 -6.31182 0 0 0 1 
34562489690085;0.162081;0.135748;0.999444 4.9025e-05 -0.0333489 1.09714 4.81e-05 0.999996 0.00291158 -0.279714 0.0333489 -0.00291157 0.99944 -3.61668 0 0 0 1 
34562489690086;0.435379;0.310986;0.999864 6.78852e-06 0.0164998 38.5781 1.71583e-05 0.999999 -0.00145119 -3.4774 -0.0164998 0.00145128 0.999863 -84.0121 0 0 0 1 
34562489690087;0.326485;0.309974;1 1.41204e-07 2.78889e-05 -1.08511 -1.41135e-07 1 -2.46641e-06 -0.293934 -2.78889e-05 2.46641e-06 1 -0.267925 0 0 0 1 
34562489690088;0.343468;0.34776;0.999717 2.63566e-05 -0.0237989 -9.56195 2.30596e-05 0.999998 0.00207613 0.600557 0.0237989 -0.00207609 0.999715 -15.9165 0 0 0 1 
34562489690089;0.181879;0.154848;1 2.85992e-08 3.89692e-08 -0.110943 -2.85992e-08 1 5.17965e-08 -0.180335 -3.89692e-08 -5.17965e-08 1 0.624304 0 0 0 1 
34562489690090;0.274172;0.354974;0.986458 0.00118674 -0.16401 -11.4101 0.00117773 0.999897 0.0143187 0.68377 0.16401 -0.0143179 0.986355 -24.2235 0 0 0 1 
34562489690091;0.516972;0.639699;0.999768 2.52748e-05 -0.0215225 -36.4668 1.51373e-05 0.999998 0.0018775 2.17365 0.0215225 -0.0018774 0.999767 -16.2825 0 0 0 1 
34562489690093;0.4248;0.454051;1 2.08127e-06 0.000152524 -17.2399 -2.08237e-06 1 7.25665e-06 2.44956 -0.000152524 -7.25697e-06 1 166.714 0 0 0 1 
34562489690094;0.0934313;0.266071;0.999298 6.66622e-05 0.0374636 -48.3191 5.57057e-05 0.999995 -0.00326526 6.54353 -0.0374636 0.00326506 0.999293 46.3607 0 0 0 1 
34562489690095;0.144672;0.135177;1 9.11424e-08 -2.3171e-06 -0.915004 -9.11421e-08 1 1.36639e-07 0.65654 2.3171e-06 -1.36638e-07 1 -0.0478659 0 0 0 1 
34562489690096;0.228702;0.256168;0.999535 3.56304e-06 -0.0304842 301.625 7.83643e-05 0.999996 0.00268634 -26.3269 0.0304841 -0.00268748 0.999532 207.574 0 0 0 1 
34562489690097;0.121961;0.191298;0.999724 -2.8512e-05 0.0234853 418.25 7.7301e-05 0.999998 -0.00207652 -37.8636 -0.0234851 0.00207777 0.999722 -219.717 0 0 0 1 
34562489690098;0.286027;0.290445;0.999148 7.18494e-05 0.0412644 14.3823 7.6904e-05 0.999994 -0.00360329 -0.330647 -0.0412643 0.00360339 0.999142 -4.52914 0 0 0 1 
34562489690099;0.0245713;0.056938;0.99995 3.00544e-06 0.00999048 9.22944 5.69663e-06 1 -0.000871008 -1.2027 -0.00999048 0.000871021 0.99995 9.72487 0 0 0 1 
34562489690100;0.214406;0.217232;1 -8.18967e-09 -6.53993e-08 -0.049295 8.18967e-09 1 1.93564e-08 0.451117 6.53993e-08 -1.93564e-08 1 -0.180484 0 0 0 1 
34562489690101;0.290539;0.308627;1 -2.26827e-08 2.46813e-07 -0.159911 2.26827e-08 1 -1.40338e-08 -0.0745075 -2.46813e-07 1.40338e-08 1 0.09448 0 0 0 1 
34562489690102;0.160438;0.176417;0.999916 8.953e-06 -0.0129466 -11.6783 5.65257e-06 0.999999 0.00112811 0.732596 0.0129466 -0.00112808 0.999916 -19.097 0 0 0 1 
34562489690103;0.385248;0.41556;1 -9.7767e-09 1.0647e-07 -0.116522 9.77671e-09 1 -1.52871e-08 -0.573311 -1.0647e-07 1.52871e-08 1 0.0720691 0 0 0 1 
34562489690104;0.150227;0.267299;0.999973 1.18363e-06 0.00730434 7.26119 3.47531e-06 1 -0.00063782 -1.96798 -0.00730434 0.000637828 0.999973 -1.15255 0 0 0 1 
34562489690105;0.212702;0.229535;0.999236 6.39988e-05 0.0390714 15.1146 6.92225e-05 0.999994 -0.00340832 -2.59666 -0.0390714 0.00340843 0.999231 21.5918 0 0 0 1 
34562489690106;0.369761;0.384439;1 -1.03564e-08 9.60426e-07 -0.0256353 1.03564e-08 1 -3.80414e-08 0.407596 -9.60426e-07 3.80414e-08 1 0.623939 0 0 0 1 
34562489690107;0.232667;0.215442;1 -2.52932e-08 2.43661e-07 -0.196832 2.52932e-08 1 2.0855e-08 0.157392 -2.43661e-07 -2.0855e-08 1 -0.17246 0 0 0 1 
34562489690108;0.240619;0.264344;0.999732 1.6413e-05 -0.0231658 59.368 3.06325e-05 0.999998 0.00203046 -5.05003 0.0231658 -0.00203062 0.99973 64.6428 0 0 0 1 
34562489690109;0.185949;0.1909;1 -1.41508e-07 -0.000254504 1.07624 1.47129e-07 1 2.20882e-05 -0.176624 0.000254504 -2.20882e-05 1 -0.937173 0 0 0 1 
34562489690110;0.265953;0.280035;0.995514 -7.93925e-05 -0.0946093 3802.83 0.000879815 0.999964 0.00841861 -330.49 0.0946053 -0.00846409 0.995479 1642.85 0 0 0 1 
34562489690111;0.165425;0.213703;0.999797 2.02036e-05 0.0201361 -22.777 1.51649e-05 0.999998 -0.00175631 3.23064 -0.0201361 0.00175626 0.999796 14.1967 0 0 0 1 
34562489690112;0.350609;0.360878;0.967553 0.0039209 0.252636 -8790.25 0.0018778 0.99974 -0.0227076 775.642 -0.25266 0.0224452 0.967295 -3099.32 0 0 0 1 
34562489690113;0.399049;0.403073;1 -4.54115e-09 6.0908e-08 -0.0315271 4.54115e-09 1 4.42597e-10 0.152548 -6.0908e-08 -4.42596e-10 1 -0.00362795 0 0 0 1 
34562489690114;0.0997142;0.163551;0.999993 1.94495e-05 -0.00360817 -151.303 -1.82624e-05 1 0.000329041 14.1256 0.00360818 -0.000328973 0.999993 111.897 0 0 0 1 
34562489690115;0.280795;0.305697;1 -6.35813e-07 5.97743e-05 4.67949 6.36125e-07 1 -5.21775e-06 -0.576462 -5.97743e-05 5.21779e-06 1 -0.297218 0 0 0 1 
34562489690116;0.37279;0.399247;0.999858 1.00157e-05 -0.0168592 21.2159 1.47843e-05 0.999999 0.00147088 -1.90359 0.0168592 -0.00147092 0.999857 -9.12565 0 0 0 1 
34562489690117;0.26675;1.00947;1 -1.22214e-07 -4.22625e-07 -0.303697 1.22214e-07 1 1.41011e-08 8.43501 4.22625e-07 -1.41011e-08 1 0.334045 0 0 0 1 
34562489690118;0.0989808;0.189995;0.997695 -0.000470066 -0.0678622 5410.7 0.00085273 0.999984 0.00560998 -471.631 0.0678584 -0.00565492 0.997679 -2170.14 0 0 0 1 
34562489690119;0.386067;0.508029;0.996864 0.000266264 -0.0791336 70.202 0.000281118 0.999976 0.00690596 -5.60195 0.0791336 -0.00690655 0.99684 -19.7623 0 0 0 1 
34562489690120;0.309421;0.368495;1 6.26886e-09 1.99477e-08 0.110486 -6.26886e-09 1 -1.44198e-08 0.95147 -1.99477e-08 1.44198e-08 1 0.167156 0 0 0 1 
34562489690121;0.382301;0.402508;1 -1.93784e-08 -1.27408e-07 -0.108339 1.93784e-08 1 -1.20982e-08 0.316669 1.27408e-07 1.20982e-08 1 0.148655 0 0 0 1 
34562489690122;0.179762;0.207848;0.999459 4.57984e-05 0.0328932 6.58465 4.86821e-05 0.999996 -0.00287153 -1.14427 -0.0328932 0.00287158 0.999455 2.74553 0 0 0 1 
34562489690124;0.346704;0.411103;1 -4.66058e-08 -8.66025e-08 -0.374681 4.66058e-08 1 2.03219e-08 0.110039 8.66025e-08 -2.03219e-08 1 -0.148499 0 0 0 1 
34562489690125;0.12865;0.243669;0.999887 8.04883e-05 -0.0150615 -565.441 -6.03643e-05 0.999999 0.00133657 50.3939 0.0150616 -0.00133551 0.999886 165.168 0 0 0 1 
34562489690126;0.441684;0.690209;0.99955 4.31608e-05 0.0299843 -34.8877 3.53089e-05 0.999997 -0.00261649 5.84224 -0.0299844 0.00261637 0.999547 12.9268 0 0 0 1 
34562489690127;0.210546;0.23135;0.999993 1.52234e-06 0.00366316 -8.03698 -3.54015e-07 1 -0.000318941 1.03559 -0.00366316 0.000318937 0.999993 6.46716 0 0 0 1 
34562489690128;0.0334274;0.113147;0.999794 1.04675e-05 -0.0202775 62.5483 2.53759e-05 0.999998 0.00176739 -6.23391 0.0202775 -0.00176754 0.999793 -23.0954 0 0 0 1 
34562489690129;0.0803559;0.0910417;1 -2.27231e-06 -4.94107e-05 17.8189 2.27253e-06 1 4.45498e-06 -1.94188 4.94107e-05 -4.4551e-06 1 0.591502 0 0 0 1 
34562489690130;0.355847;0.390008;0.999998 -7.27008e-07 -0.00204353 7.04262 1.09103e-06 1 0.000178132 -0.59481 0.00204353 -0.000178134 0.999998 -2.51606 0 0 0 1 
34562489690131;0.103607;0.562502;1 2.14007e-05 3.68693e-05 -171.13 -2.14006e-05 1 -2.71859e-06 19.6474 -3.68693e-05 2.7178e-06 1 3.5334 0 0 0 1 
34562489690132;0.232394;0.251677;0.999928 3.37627e-06 -0.0119745 24.3552 9.14254e-06 0.999999 0.0010454 -0.746976 0.0119745 -0.00104544 0.999928 -1.04763 0 0 0 1 
34562489690133;0.372111;0.393446;0.999987 -4.21632e-07 -0.00507913 12.5517 2.67239e-06 1 0.000443132 -0.762908 0.00507913 -0.000443139 0.999987 -2.7549 0 0 0 1 
34562489690134;0.23228;0.265712;1 -4.16139e-08 4.37298e-08 -0.322243 4.16139e-08 1 9.07358e-09 0.0909329 -4.37298e-08 -9.07358e-09 1 -0.0898703 0 0 0 1 
34562489690135;0.171644;0.814256;1 -2.01919e-08 -8.78316e-07 0.123502 2.01919e-08 1 -5.54592e-09 5.69605 8.78316e-07 5.5459e-09 1 0.210085 0 0 0 1 
34562489690136;0.200279;0.209825;0.99996 1.92371e-07 -0.00891615 26.9466 6.74144e-06 1 0.000777638 -2.03039 0.00891615 -0.000777667 0.99996 -6.56806 0 0 0 1 
34562489690137;0.062551;0.182978;0.998775 0.000194215 -0.0494721 -695.488 1.64116e-05 0.999991 0.00425704 59.0805 0.0494725 -0.00425264 0.998766 -536.783 0 0 0 1 
34562489690138;0.126833;0.125921;1 1.50907e-08 -8.21901e-08 0.147782 -1.50907e-08 1 -9.06716e-09 0.536763 8.21901e-08 9.06717e-09 1 0.0826789 0 0 0 1 
34562489690139;0.334771;0.38182;1 8.64005e-09 4.90125e-08 0.0994885 -8.64005e-09 1 1.24444e-08 0.599399 -4.90125e-08 -1.24444e-08 1 -0.0709178 0 0 0 1 
34562489690140;0.169798;0.214953;1 -2.10481e-08 1.52158e-07 -0.0692412 2.10481e-08 1 4.18721e-09 0.969387 -1.52158e-07 -4.18721e-09 1 -0.021682 0 0 0 1 
34562489690141;0.269667;0.356414;1 2.19772e-08 -1.89539e-07 0.224023 -2.19772e-08 1 1.33802e-08 0.771471 1.89539e-07 -1.33802e-08 1 -0.0834722 0 0 0 1 
34562489690142;0.0756236;0.274476;0.999584 2.78439e-05 -0.0288543 70.9895 4.47797e-05 0.999997 0.00251625 -7.28196 0.0288543 -0.0025165 0.99958 -22.3589 0 0 0 1 
34562489690143;0.273373;0.371077;0.996396 0.000321822 0.0848213 -68.9393 0.000307132 0.999973 -0.00740189 7.19668 -0.0848214 0.00740126 0.996369 36.097 0 0 0 1 
34562489690144;0.115892;0.954979;1 6.94486e-08 1.24853e-06 0.777551 -6.94486e-08 1 -6.7427e-09 6.95857 -1.24853e-06 6.74261e-09 1 0.241079 0 0 0 1 
34562489690145;0.160443;0.622186;0.999734 2.6048e-05 0.0230485 -26.0022 2.02847e-05 0.999998 -0.00200999 -2.13941 -0.0230485 0.00200993 0.999732 18.6389 0 0 0 1 
34562489690146;0.0878609;0.932279;1 4.98728e-09 4.29649e-07 0.409131 -4.98727e-09 1 -1.55714e-08 7.21564 -4.29649e-07 1.55714e-08 1 0.340566 0 0 0 1 
34562489690147;0.0902058;0.185933;0.998431 -0.000109699 -0.05599 1991.63 0.0003891 0.999988 0.00497933 -173.003 0.0559887 -0.0049933 0.998419 844.527 0 0 0 1 
34562489690148;0.253989;0.295378;1 1.88565e-08 -2.26249e-07 0.211547 -1.88565e-08 1 -5.46942e-09 0.732491 2.26249e-07 5.46943e-09 1 0.0808174 0 0 0 1 
34562489690149;0.415878;0.418734;1 -2.54611e-08 1.74168e-07 -0.189705 2.54611e-08 1 1.78409e-08 0.0628412 -1.74168e-07 -1.78409e-08 1 -0.163667 0 0 0 1 
34562489690150;0.323952;0.348878;1 -2.97483e-08 -1.92679e-07 -0.245334 2.97483e-08 1 5.82304e-09 -0.105007 1.92679e-07 -5.82305e-09 1 -0.0413086 0 0 0 1 
34562489690151;0.0908205;0.140275;1 1.67534e-08 1.37997e-08 0.145284 -1.67534e-08 1 1.73402e-09 0.607502 -1.37997e-08 -1.73402e-09 1 -0.00493523 0 0 0 1 
34562489690152;0.416208;0.393868;0.995192 0.00048314 -0.0979465 -495.56 0.000350483 0.999964 0.00849362 43.896 0.0979471 -0.0084871 0.995155 -518.22 0 0 0 1 
34562489690153;0.0988573;0.446447;0.999964 4.86843e-06 -0.00844711 -11.9118 1.34019e-06 1 0.000734993 -2.98593 0.00844712 -0.000734978 0.999964 -19.8621 0 0 0 1 
34562489690155;0.259195;0.418969;0.998783 4.33324e-05 -0.0493275 513.711 0.000173443 0.99999 0.00439032 -43.3803 0.0493272 -0.00439353 0.998773 698.563 0 0 0 1 
34562489690156;0.172496;0.193259;0.999884 9.68238e-06 -0.0152559 5.87316 1.06253e-05 0.999999 0.00133105 0.412623 0.0152559 -0.00133106 0.999883 -7.71183 0 0 0 1 
34562489690157;0.159263;0.189207;0.998009 -0.000305841 0.0630741 3850.85 0.000666333 0.999984 -0.00569441 -335.16 -0.0630713 0.00572509 0.997993 -1757.54 0 0 0 1 
34562489690158;0.105511;0.221172;0.999325 8.25517e-05 0.0367257 -194.767 3.62671e-05 0.999995 -0.00323463 15.9981 -0.0367257 0.00323378 0.99932 -220.01 0 0 0 1 
34562489690159;0.266866;0.322725;1 -1.72017e-08 2.63428e-07 -0.0579419 1.72017e-08 1 3.21873e-08 1.06716 -2.63428e-07 -3.21873e-08 1 -0.241784 0 0 0 1 
34562489690160;0.0473697;0.0537935;0.999909 9.78874e-06 0.0134599 -16.8297 6.00794e-06 0.999999 -0.00117357 1.37328 -0.0134599 0.00117355 0.999909 12.6715 0 0 0 1 
34562489690161;0.216211;0.204422;1 -8.04699e-07 2.13069e-06 6.391 8.04702e-07 1 -1.16652e-06 -0.338894 -2.13069e-06 1.16652e-06 1 -7.66848 0 0 0 1 
34562489690162;0.156911;0.223107;0.999859 1.69139e-05 0.0167717 -38.5715 7.60907e-06 0.999999 -0.0014621 3.52872 -0.0167717 0.00146202 0.999858 18.0793 0 0 0 1 
34562489690163;0.149607;0.169022;0.998943 5.5054e-05 0.0459601 292.924 0.0001307 0.999992 -0.00403863 -23.7791 -0.0459599 0.00404037 0.998935 -223.298 0 0 0 1 
34562489690164;0.334807;0.357829;1 1.7088e-08 8.31167e-08 0.125057 -1.7088e-08 1 -2.66398e-08 -0.0836499 -8.31167e-08 2.66398e-08 1 0.181788 0 0 0 1 
34562489690165;0.385816;0.431298;0.990275 0.000871002 0.139123 -195.64 0.000852104 0.999924 -0.0123254 17.9707 -0.139123 0.0123241 0.990198 -1426.72 0 0 0 1 
34562489690166;0.333068;0.340176;1 3.06071e-08 3.15326e-07 0.254257 -3.06071e-08 1 -6.07914e-09 0.128029 -3.15326e-07 6.07913e-09 1 0.0433596 0 0 0 1 
34562489690167;0.363242;0.412803;1 4.14137e-09 2.01176e-07 0.0933202 -4.14137e-09 1 2.1266e-08 0.461719 -2.01176e-07 -2.1266e-08 1 -0.158444 0 0 0 1 
34562489690168;0.405801;0.299377;0.999692 2.69463e-05 -0.0248048 3.00269 2.67426e-05 0.999998 0.00216412 0.720355 0.0248048 -0.00216412 0.99969 -13.3913 0 0 0 1 
34562489690169;0.233383;0.286708;0.999009 -7.63913e-05 -0.0445192 1317.35 0.000255205 0.999992 0.0040109 -114.247 0.0445185 -0.00401828 0.999 1057.18 0 0 0 1 
34562489690170;0.111556;0.0933283;1 1.74134e-09 2.32154e-07 0.0546373 -1.74134e-09 1 8.19124e-09 0.200962 -2.32154e-07 -8.19124e-09 1 -0.0898086 0 0 0 1 
34562489690171;0.0960451;0.760121;0.999149 5.03467e-05 -0.0412395 198.391 0.000109378 0.999993 0.00387083 -11.41 0.0412394 -0.00387205 0.999142 2183.93 0 0 0 1 
34562489690172;0.321124;0.337394;0.999729 5.38424e-05 0.0233003 -244.697 -4.91933e-06 0.999998 -0.00209973 21.8967 -0.0233003 0.00209905 0.999726 -521.852 0 0 0 1 
34562489690173;0.268086;0.247152;0.999474 4.27193e-05 0.0324233 20.8861 4.90367e-05 0.999996 -0.00282914 -1.45765 -0.0324233 0.00282924 0.99947 13.4771 0 0 0 1 
34562489690174;0.189053;0.196166;1 5.78672e-09 2.3673e-07 0.0676434 -5.78672e-09 1 -2.09404e-09 0.0477662 -2.3673e-07 2.09404e-09 1 -0.00373996 0 0 0 1 
34562489690175;0.133957;0.196276;0.999721 0.000106439 0.0236079 -663.131 -5.647e-05 0.999998 -0.00211728 57.7275 -0.0236081 0.00211535 0.999719 -435.84 0 0 0 1 
34562489690176;0.144022;0.288391;0.997424 0.000211269 0.0717375 100.54 0.000265858 0.999978 -0.0066414 -9.0213 -0.0717373 0.00664336 0.997401 -3057.96 0 0 0 1 
34562489690177;0.320514;0.358611;1 -6.42622e-09 6.41705e-07 0.247209 6.42622e-09 1 -6.84166e-09 0.393688 -6.41705e-07 6.84166e-09 1 0.412439 0 0 0 1 
34562489690178;0.353901;0.517387;0.994501 0.000474695 -0.104724 57.8806 0.00048505 0.999958 0.00913884 -2.92152 0.104724 -0.00913938 0.994459 -31.4505 0 0 0 1 
34562489690179;0.0142393;0.0368004;1 -9.27849e-09 1.37711e-07 0.30576 9.2785e-09 1 -1.85589e-08 -0.0814657 -1.37711e-07 1.85589e-08 1 0.0148174 0 0 0 1 
34562489690180;0.106434;0.11729;0.999977 1.26025e-06 -0.00681284 6.87603 2.7906e-06 1 0.000594581 -0.511613 0.00681283 -0.000594586 0.999977 -1.84802 0 0 0 1 
34562489690181;0.139987;0.0887407;0.999982 3.99986e-07 0.00598435 8.28793 2.7304e-06 1 -0.000523087 -0.484954 -0.00598434 0.000523094 0.999982 -4.47578 0 0 0 1 
34562489690182;0.247912;0.399062;0.991802 0.000519613 -0.127783 1596.11 0.00091615 0.999937 0.0111769 -137.623 0.127781 -0.0112024 0.991739 371.666 0 0 0 1 
34562489690183;0.115667;0.171347;1 8.55211e-09 4.08629e-07 0.101473 -8.55212e-09 1 2.45983e-08 0.458981 -4.08629e-07 -2.45983e-08 1 -0.172317 0 0 0 1 
34562489690184;0.228068;0.244948;1 1.33761e-08 2.16244e-07 0.123667 -1.33761e-08 1 -1.29941e-08 0.00677013 -2.16244e-07 1.29941e-08 1 0.0736272 0 0 0 1 
34562489690186;0.0711037;0.090188;1 1.53314e-06 8.67195e-06 -12.0604 -1.53313e-06 1 -1.63175e-06 0.46729 -8.67195e-06 1.63174e-06 1 -7.2037 0 0 0 1 
34562489690187;0.0441165;0.0579994;0.999775 1.82587e-05 0.0212219 7.98511 2.10426e-05 0.999998 -0.0018517 -1.22695 -0.0212219 0.00185173 0.999773 7.3765 0 0 0 1 
34562489690188;0.231973;0.216465;0.999593 3.91399e-05 -0.0285304 -24.5568 3.19024e-05 0.999997 0.0024896 3.17092 0.0285304 -0.00248949 0.99959 -10.5808 0 0 0 1 
34562489690189;0.393005;0.80385;0.998896 9.47433e-05 -0.0469711 19.2153 9.78797e-05 0.999992 0.00409857 6.39017 0.0469711 -0.00409864 0.998888 -14.2946 0 0 0 1 
34562489690190;0.219538;0.379137;0.999993 -5.83638e-07 -0.00377304 10.1413 1.82779e-06 1 0.000329744 2.64097 0.00377304 -0.000329749 0.999993 2.40138 0 0 0 1 
34562489690191;0.389147;0.97857;1 1.40293e-07 -1.17697e-07 0.41298 -1.40293e-07 1 -5.8287e-08 -9.8064 1.17697e-07 5.8287e-08 1 0.240951 0 0 0 1 
34562489690192;0.192134;0.210236;1 1.95788e-08 6.88118e-08 0.103663 -1.95788e-08 1 5.19106e-10 -0.316368 -6.88118e-08 -5.19107e-10 1 -0.0288606 0 0 0 1 
34562489690193;0.281462;0.283681;0.999961 1.41216e-06 -0.00879324 16.6916 5.33882e-06 1 0.000767723 -0.53228 0.00879324 -0.00076774 0.999961 -0.373936 0 0 0 1 
34562489690194;0.204314;0.247768;0.999722 1.93162e-05 0.0235568 35.6011 2.90854e-05 0.999998 -0.00205433 -5.06971 -0.0235568 0.00205445 0.99972 17.4256 0 0 0 1 
34562489690195;0.157469;0.589833;0.999156 8.57494e-05 -0.0410755 -90.7644 6.28998e-05 0.999993 0.00361762 14.9255 0.0410755 -0.00361715 0.999149 249.838 0 0 0 1 
34562489690196;0.0529904;0.0218699;0.999991 -8.87102e-08 -0.00418732 7.40469 1.61428e-06 1 0.000364328 -0.527475 0.00418732 -0.000364331 0.999991 -10.7617 0 0 0 1 
34562489690197;0.438295;1.04664;1 1.56028e-07 -6.01743e-07 0.278506 -1.56028e-07 1 -4.15109e-08 -10.4672 6.01743e-07 4.1511e-08 1 -0.00376627 0 0 0 1 
34562489690198;0.0525853;0.01177;0.999996 1.38442e-06 -0.0028647 -7.47889 -6.68264e-07 1 0.000249995 0.995827 0.0028647 -0.000249992 0.999996 -1.00056 0 0 0 1 
34562489690199;0.186435;0.291555;0.99928 6.7058e-05 -0.037949 -28.0566 5.86616e-05 0.999995 0.00331173 4.66783 0.037949 -0.00331157 0.999274 -11.5541 0 0 0 1 
34562489690200;0.246291;0.22887;1 5.89063e-07 -0.000100123 -4.39244 -5.88244e-07 1 8.1787e-06 0.28793 0.000100123 -8.17864e-06 1 -4.09198 0 0 0 1 
34562489690201;0.100046;0.444554;1 -1.07391e-05 0.000591091 85.4523 1.07716e-05 1 -5.50646e-05 -13.0701 -0.00059109 5.5071e-05 1 -27.4686 0 0 0 1 
34562489690202;0.155088;0.148034;1 1.32305e-08 1.1294e-07 0.0777154 -1.32305e-08 1 9.89758e-09 0.0403288 -1.1294e-07 -9.89758e-09 1 -0.0715253 0 0 0 1 
34562489690203;0.0877176;0.0528627;1 3.06844e-06 0.000505608 -24.3544 -3.04644e-06 1 -4.35175e-05 2.61187 -0.000505608 4.35159e-05 1 5.61029 0 0 0 1 
34562489690204;0.244178;0.566061;0.99841 0.000146536 0.0563749 -69.833 0.000131079 0.999988 -0.00492071 0.162812 -0.0563749 0.00492028 0.998398 12.422 0 0 0 1 
34562489690205;0.481854;0.392133;0.998183 0.000165117 -0.0602475 -42.633 0.00015206 0.999986 0.00525994 3.67279 0.0602475 -0.00525955 0.99817 -2.04075 0 0 0 1 
34562489690206;0.097924;0.28376;0.998986 8.06315e-05 0.0450288 56.3991 9.63338e-05 0.999992 -0.00392786 -8.61863 -0.0450288 0.00392822 0.998978 22.5797 0 0 0 1 
34562489690207;0.417969;0.340064;0.997707 0.000204088 -0.0676844 -20.682 0.000196197 0.999983 0.00590729 2.41009 0.0676844 -0.00590703 0.997689 -16.1407 0 0 0 1 
34562489690208;0.41666;0.405904;1 2.51079e-08 4.43085e-08 0.148627 -2.51079e-08 1 1.37899e-08 -0.367734 -4.43085e-08 -1.37899e-08 1 -0.112939 0 0 0 1 
34562489690209;0.102897;0.0728727;0.999865 8.29729e-05 -0.0164277 -570.157 -5.88432e-05 0.999999 0.00146932 49.8768 0.0164278 -0.00146816 0.999864 272.722 0 0 0 1 
34562489690210;0.0465566;0.0792888;0.999993 2.0519e-06 0.0037043 -12.0439 -8.5514e-07 1 -0.000323075 0.616467 -0.0037043 0.00032307 0.999993 2.1293 0 0 0 1 
34562489690211;0.156365;0.268334;1 7.74868e-06 -0.00014927 -61.2721 -7.74766e-06 1 6.8835e-06 2.56796 0.00014927 -6.88234e-06 1 -49.1562 0 0 0 1 
34562489690212;0.249667;0.260905;1 1.887e-08 5.61597e-08 0.0865125 -1.887e-08 1 -6.38384e-09 -0.48097 -5.61597e-08 6.38384e-09 1 0.0351037 0 0 0 1 
34562489690213;0.302086;0.310525;0.999957 5.67468e-06 0.00924226 -16.9372 1.77939e-06 1 -0.000806512 1.03195 -0.00924226 0.000806494 0.999957 3.20573 0 0 0 1 
34562489690214;0.0408606;0.0601351;1 -1.7185e-06 -2.28969e-06 13.8252 1.71851e-06 1 1.10844e-06 -0.567101 2.28969e-06 -1.10844e-06 1 7.00912 0 0 0 1 
34562489690215;0.322976;0.70688;1 -1.47007e-06 -0.000753275 10.9704 1.52088e-06 1 6.74478e-05 6.3073 0.000753275 -6.74489e-05 1 13.3341 0 0 0 1 
34562489690217;0.345856;0.188932;0.999944 7.77783e-06 0.0105552 -25.2693 1.93224e-06 1 -0.000919926 2.40336 -0.0105552 0.000919895 0.999944 14.4608 0 0 0 1 
34562489690218;0.369096;0.316791;1 -2.17014e-07 -0.000176939 1.51878 2.1971e-07 1 1.52404e-05 -0.153022 0.000176939 -1.52404e-05 1 -1.66851 0 0 0 1 
34562489690219;0.344434;0.392843;0.999385 5.23463e-05 -0.035053 15.1942 5.49058e-05 0.999995 0.00305875 -1.23768 0.035053 -0.00305879 0.999381 -14.1081 0 0 0 1 
34562489690220;0.281678;0.330977;0.995674 0.000381703 -0.0929161 -18.3861 0.000373728 0.999967 0.00811271 1.76966 0.0929161 -0.00811234 0.995641 -4.68239 0 0 0 1 
34562489690221;0.2479;0.29559;1 -2.25875e-07 -0.000458348 1.55134 2.44213e-07 1 4.00089e-05 -0.160799 0.000458348 -4.0009e-05 1 -0.229442 0 0 0 1 
34562489690222;0.309448;0.344375;0.998604 0.000110764 -0.0528165 96.303 0.000134413 0.999989 0.00463848 -8.08799 0.0528164 -0.0046391 0.998593 220.25 0 0 0 1 
34562489690223;0.503992;0.505237;0.999935 1.3859e-06 -0.0113834 34.6584 9.91381e-06 1 0.000992596 -3.28673 0.0113833 -0.000992644 0.999935 -10.6996 0 0 0 1 
34562489690224;0.505738;0.333084;0.999999 -3.8653e-07 -0.00171911 3.84108 6.4375e-07 1 0.000149623 -0.291966 0.00171911 -0.000149624 0.999999 -4.44997 0 0 0 1 
34562489690225;0.255572;0.339979;0.998888 9.41917e-05 0.04714 16.1222 9.99254e-05 0.999992 -0.00411551 -1.56419 -0.04714 0.00411564 0.99888 3.20281 0 0 0 1 
34562489690226;0.59187;0.521504;0.999175 7.21843e-05 -0.0406073 4.14081 7.17889e-05 0.999994 0.00354404 -0.627917 0.0406073 -0.00354403 0.999169 -12.2951 0 0 0 1 
34562489690227;0.535961;0.471691;0.992893 0.000613738 -0.119007 70.2948 0.000628842 0.999946 0.0104034 -6.4041 0.119007 -0.0104043 0.992839 106.428 0 0 0 1 
34562489690228;0.492348;0.875112;0.992323 0.000663369 -0.123671 71.7309 0.000677038 0.999941 0.0107961 -6.34989 0.123671 -0.010797 0.992265 -9.97334 0 0 0 1 
34562489690229;0.377629;0.351217;0.998817 0.00010228 -0.0486299 14.7399 0.00010411 0.999991 0.00424154 -1.60712 0.0486299 -0.00424158 0.998808 -35.7188 0 0 0 1 
34562489690230;0.309344;0.393473;0.994121 0.000515986 -0.108276 -6.39308 0.000510577 0.999955 0.00945308 1.19725 0.108276 -0.00945279 0.994076 -9.57037 0 0 0 1 
34562489690231;0.422227;0.508199;0.999283 6.09876e-05 0.0378516 6.93582 6.40799e-05 0.999995 -0.00330293 -0.7975 -0.0378516 0.00330299 0.999278 17.7663 0 0 0 1 
34562489690232;0.215127;0.287254;1 -5.81648e-07 0.000993326 4.5559 6.67536e-07 1 -8.64642e-05 -0.298361 -0.000993326 8.64649e-05 1 2.18626 0 0 0 1 
34562489690233;0.420689;0.405175;1 -3.26714e-09 -1.41101e-07 0.00895237 3.26714e-09 1 1.70036e-08 0.0901031 1.41101e-07 -1.70036e-08 1 -0.201054 0 0 0 1 
34562489690234;0.244511;0.303834;1 -1.94535e-08 -3.2586e-08 -0.157765 1.94535e-08 1 2.57783e-09 -0.021733 3.2586e-08 -2.57783e-09 1 -0.0143166 0 0 0 1 
34562489690235;0.305129;0.228208;0.999839 1.50897e-05 0.0179444 -11.2214 1.30321e-05 0.999999 -0.00156704 1.86283 -0.0179444 0.00156702 0.999838 -0.915642 0 0 0 1 
34562489690236;0.196522;0.324912;0.995083 0.000422211 0.0990438 42.9278 0.000436109 0.999963 -0.00864425 -3.4145 -0.0990438 0.00864494 0.995046 25.1036 0 0 0 1 
34562489690237;0.236663;0.385585;0.999594 3.27597e-05 -0.0284811 24.7071 3.80662e-05 0.999997 0.00248622 -2.30445 0.0284811 -0.0024863 0.999591 -4.2342 0 0 0 1 
34562489690238;0.36003;0.387784;1 -2.17007e-08 5.56863e-08 -0.174258 2.17007e-08 1 1.36251e-09 -0.00183827 -5.56863e-08 -1.36251e-09 1 -0.0257349 0 0 0 1 
34562489690239;0.243492;0.0620642;0.999995 -1.65927e-06 -0.0030303 16.6244 2.44756e-06 1 0.000260132 -1.50146 0.0030303 -0.000260138 0.999995 -35.2563 0 0 0 1 
34562489690240;0.35283;0.269873;1 -8.2353e-07 5.84396e-06 6.13093 8.23541e-07 1 -1.99741e-06 -0.949044 -5.84396e-06 1.99742e-06 1 -12.3149 0 0 0 1 
34562489690241;0.379757;0.459117;0.999167 7.0207e-05 0.0408054 13.895 7.52392e-05 0.999994 -0.00356284 -0.873526 -0.0408054 0.00356294 0.999161 -0.0660204 0 0 0 1 
34562489690242;0.378853;0.384389;0.996658 0.000290237 0.0816869 0.755954 0.000293451 0.999975 -0.00713333 0.380231 -0.0816869 0.00713347 0.996633 -6.96477 0 0 0 1 
34562489690243;0.301434;0.360155;1 -2.16927e-08 2.19548e-08 -0.158508 2.16927e-08 1 2.14945e-09 0.171987 -2.19548e-08 -2.14945e-09 1 -0.0263053 0 0 0 1 
34562489690244;0.500189;0.498739;0.998284 0.000150202 -0.058563 5.31222 0.000149457 0.999987 0.00511246 -0.496685 0.058563 -0.00511243 0.998271 -7.58289 0 0 0 1 
34562489690245;0.271456;0.167074;0.999918 7.63248e-06 0.0127838 -5.8846 6.62604e-06 0.999999 -0.00111532 0.608475 -0.0127838 0.00111531 0.999918 7.7418 0 0 0 1 
34562489690246;0.262584;0.291739;1 -2.96718e-08 4.20304e-08 -0.226324 2.96718e-08 1 7.40548e-09 0.0973673 -4.20304e-08 -7.40547e-09 1 -0.0496413 0 0 0 1 
34562489690248;0.122472;0.164979;0.998266 0.000153873 0.0588652 -27.4941 0.000148821 0.999987 -0.00513772 2.58081 -0.0588652 0.00513757 0.998253 19.9038 0 0 0 1 
34562489690249;0.236877;1.26838;1 -9.55771e-08 -6.13819e-07 -0.189671 9.55771e-08 1 7.07914e-08 8.72751 6.13819e-07 -7.07915e-08 1 -0.238837 0 0 0 1 
34562489690250;0.361013;0.415393;0.996941 0.000271487 0.0781597 -45.4628 0.000262619 0.999977 -0.00682316 3.22689 -0.0781597 0.00682281 0.996918 15.5879 0 0 0 1 
34562489690251;0.0844088;0.0654425;0.999555 3.85721e-05 -0.0298184 6.67021 3.9027e-05 0.999997 0.0026018 -0.490018 0.0298184 -0.00260181 0.999552 -14.6204 0 0 0 1 
34562489690252;0.195046;0.30897;0.999978 2.65378e-06 -0.00670141 -4.00882 1.26614e-06 1 0.000584936 1.39406 0.00670141 -0.000584932 0.999977 -1.58242 0 0 0 1 
34562489690253;0.120903;0.217098;0.994446 0.000284225 0.105244 1600.69 0.000712472 0.999955 -0.00943261 -140.021 -0.105242 0.0094552 0.994402 -2137.32 0 0 0 1 
34562489690254;0.246774;0.314471;1 7.13081e-08 -3.74415e-07 0.571793 -7.13081e-08 1 -2.46039e-08 -0.380525 3.74415e-07 2.4604e-08 1 0.166107 0 0 0 1 
34562489690255;0.134202;0.197242;0.999873 1.05607e-05 0.0159535 2.41134 1.16286e-05 0.999999 -0.00139079 -1.33976 -0.0159535 0.00139079 0.999872 17.2904 0 0 0 1 
34562489690256;0.130561;0.121283;0.999659 2.62375e-05 0.0261253 25.8035 3.33005e-05 0.999997 -0.0022785 -1.71959 -0.0261253 0.00227859 0.999656 21.3241 0 0 0 1 
34562489690257;0.163799;0.175846;0.999811 1.99703e-05 -0.0194642 -24.7903 1.30926e-05 0.999999 0.00169852 2.84143 0.0194642 -0.00169846 0.999809 -9.38938 0 0 0 1 
34562489690258;0.294851;0.383407;0.99891 9.4528e-05 -0.0466738 12.1536 9.55045e-05 0.999992 0.00406926 -3.25372 0.0466738 -0.00406928 0.998902 -48.3554 0 0 0 1 
34562489690259;0.334686;0.588972;1 1.28645e-07 -9.14763e-08 0.887991 -1.28645e-07 1 -3.65012e-08 -2.50797 9.14763e-08 3.65012e-08 1 0.2125 0 0 0 1 
