#;prob_registration_l1 -r /home/probabilistic_point_clouds_registration/build/tester /home/point_clouds_registration_benchmark//devel/registration_pairs/wood_autumn_local.txt /home/point_clouds_registration_benchmark//eth/wood_autumn -s 0.2 -t 0.2 -p 0.3 -r 1000 -m 5 -i 40 
id;initial_error;final_error;transformation
26875431820000;0.498992;0.471556;0.996738 0.0705156 -0.0392593 0.223444 -0.0708742 0.997455 -0.0078162 0.337163 0.0386083 0.0105732 0.999198 -0.381463 0 0 0 1 
26875431820001;0.336145;0.271677;0.997937 0.0317703 -0.0557969 0.0825924 -0.0306296 0.999306 0.0211811 0.184071 0.0564311 -0.0194283 0.998217 -0.120362 0 0 0 1 
26875431820002;0.60541;0.355739;0.982255 0.154012 -0.107026 0.217045 -0.147811 0.986963 0.0636858 0.581188 0.115439 -0.0467361 0.992214 -0.816147 0 0 0 1 
26875431820003;0.366204;0.0251307;0.99353 0.101298 -0.0513543 -0.154064 -0.0991089 0.994124 0.0435246 -0.105449 0.0554615 -0.0381533 0.997732 -0.533992 0 0 0 1 
26875431820004;0.698046;0.0810118;0.967682 -0.252142 0.00384586 0.75764 0.251877 0.967176 0.0336004 -1.1516 -0.0121917 -0.0315458 0.999428 0.412068 0 0 0 1 
26875431820005;0.325213;0.317878;0.995472 -0.0550007 0.0775325 0.0366107 0.0558194 0.998405 -0.00843084 -0.176965 -0.0769452 0.0127205 0.996954 0.332915 0 0 0 1 
26875431820006;0.554876;0.0290166;0.999989 0.000573746 0.00458272 -0.270224 -0.000556417 0.999993 -0.00378168 0.716773 -0.00458485 0.00377909 0.999982 0.573121 0 0 0 1 
26875431820007;0.383756;0.391694;0.999908 0.00568593 -0.0123127 -0.00127521 -0.00529181 0.99948 0.0318085 0.0696091 0.0124872 -0.0317404 0.999418 0.0365055 0 0 0 1 
26875431820008;0.203498;0.0342243;0.967559 0.0508317 -0.247479 0.0996358 -0.029123 0.995461 0.0906046 0.096577 0.250961 -0.080458 0.964648 -0.955051 0 0 0 1 
26875431820009;0.180609;0.0321913;0.979232 -0.154501 -0.131279 0.103748 0.15106 0.987875 -0.0358367 -0.343385 0.135224 0.0152614 0.990697 -0.374866 0 0 0 1 
26875431820010;0.462102;0.085595;0.966527 -0.13271 -0.219576 0.641372 0.137982 0.990396 0.00877981 -0.659941 0.216302 -0.0387834 0.975556 -0.808344 0 0 0 1 
26875431820011;0.575398;0.460166;0.996255 0.00618422 0.0862424 0.222671 -0.010037 0.998967 0.0443122 -0.00724906 -0.0858793 -0.0450118 0.995288 0.542976 0 0 0 1 
26875431820012;0.688058;0.626082;0.99926 0.0122483 -0.036475 0.204319 -0.0110037 0.999357 0.0341276 -0.0806384 0.0368696 -0.033701 0.998752 -0.11916 0 0 0 1 
26875431820013;0.421251;0.350678;0.998577 -0.05053 0.0170434 -0.0821911 0.0506249 0.998704 -0.00518624 -0.195208 -0.0167592 0.00604168 0.999841 -0.141998 0 0 0 1 
26875431820014;0.330264;0.206742;0.994222 -0.0974964 0.0449123 -0.200714 0.0970571 0.995208 0.0118656 -0.47979 -0.045854 -0.00743796 0.99892 0.0467146 0 0 0 1 
26875431820015;0.226693;0.208104;0.999797 0.014075 0.014418 -0.0142383 -0.0137376 0.999635 -0.0232447 0.0871674 -0.0147399 0.0230419 0.999626 0.112723 0 0 0 1 
26875431820016;0.538469;0.346442;0.993689 -0.0371532 0.105834 0.63562 0.0360974 0.999278 0.0118751 0.310013 -0.106199 -0.0079798 0.994313 0.288968 0 0 0 1 
26875431820017;0.524419;0.0480343;0.988371 -0.132159 -0.0752149 -0.0118885 0.120815 0.982843 -0.139365 -0.369286 0.0923429 0.128658 0.98738 0.594377 0 0 0 1 
26875431820018;0.579586;0.0459678;0.981436 0.03931 -0.187716 0.374298 -0.0584683 0.993503 -0.0976386 -0.0838172 0.182659 0.106802 0.977358 0.365491 0 0 0 1 
26875431820019;0.351798;0.0235812;0.978721 0.0938223 -0.182491 0.266572 -0.0968002 0.995276 -0.00745918 0.584756 0.180929 0.0249656 0.983179 -0.951642 0 0 0 1 
26875431820020;0.0809749;0.024947;0.994711 -0.102299 0.00926632 -0.090036 0.10249 0.994462 -0.023257 -0.311801 -0.00683584 0.0240837 0.999687 0.00153746 0 0 0 1 
26875431820021;0.644904;0.051149;0.952254 0.082958 -0.29382 1.12873 -0.0113123 0.971303 0.237578 0.135695 0.305097 -0.222911 0.925865 -0.62541 0 0 0 1 
26875431820022;0.0317767;0.024851;0.999473 0.0296291 0.0132489 -0.0180076 -0.0295263 0.999533 -0.00788615 0.121162 -0.0134764 0.0074908 0.999881 0.0821061 0 0 0 1 
26875431820023;0.284901;0.0302734;0.997549 -0.0699563 0.00127288 0.369298 0.0699161 0.997346 0.0203302 -0.288894 -0.00269173 -0.0201914 0.999793 -0.0307912 0 0 0 1 
26875431820024;0.398113;0.0274715;0.997241 0.00708872 -0.0738978 0.350699 -0.00840638 0.999811 -0.017535 0.467341 0.0737595 0.0181079 0.997112 -0.565572 0 0 0 1 
26875431820025;0.5828;0.346151;0.993184 -0.115271 -0.0172545 0.108773 0.115377 0.993308 0.00527475 -0.573757 0.016531 -0.00722957 0.999837 0.416701 0 0 0 1 
26875431820026;0.630426;0.0191942;0.980883 0.194147 0.0132639 -0.264166 -0.19416 0.98097 -0.000280602 0.51999 -0.0130659 -0.00230008 0.999912 0.939269 0 0 0 1 
26875431820027;0.464713;0.0217098;0.994264 0.106843 0.00477929 0.230669 -0.10695 0.993315 0.0434314 0.469587 -0.000106991 -0.0436935 0.999045 0.672199 0 0 0 1 
26875431820028;0.337162;0.0246028;0.999928 -0.0119213 0.00101044 -0.44657 0.0118668 0.999003 0.0430261 -0.349953 -0.00152236 -0.043011 0.999073 0.243315 0 0 0 1 
26875431820029;0.206492;0.028979;0.99953 0.0100191 0.0289598 -0.319172 -0.00811875 0.997852 -0.0650089 -0.0796973 -0.029549 0.0647433 0.997464 0.24979 0 0 0 1 
26875431820031;0.22611;0.0837082;0.989648 0.0540313 0.132954 -0.157368 -0.0605523 0.997127 0.0455004 0.132413 -0.130114 -0.0530801 0.990077 0.564367 0 0 0 1 
26875431820032;0.537519;0.482882;0.998158 -0.0382884 -0.047064 0.172169 0.03875 0.999209 0.00893432 -0.249109 0.0466847 -0.0107416 0.998852 -0.210546 0 0 0 1 
26875431820033;0.515263;0.0452336;0.99726 0.0177272 -0.0718238 -0.108328 -0.000989333 0.973975 0.226655 -0.666617 0.0739725 -0.225963 0.971323 -1.02022 0 0 0 1 
26875431820034;0.18246;0.0100414;0.994148 0.0153901 -0.106926 -0.183164 -0.0137748 0.99978 0.0158289 0.0271597 0.107146 -0.0142633 0.994141 -0.321552 0 0 0 1 
26875431820035;0.31218;0.191682;0.995756 0.0382275 0.0837195 -0.0546081 -0.0416562 0.998347 0.0395976 -0.0242913 -0.0820674 -0.0429169 0.995702 0.560439 0 0 0 1 
26875431820036;0.352511;0.11019;0.981011 -0.178721 0.0753332 -0.184416 0.192033 0.949522 -0.248053 -0.426081 -0.0271982 0.257809 0.965813 -0.00381882 0 0 0 1 
26875431820037;0.447509;0.0115842;0.996725 -0.080497 -0.00770751 0.335504 0.0805555 0.996721 0.00760197 -0.813769 0.0070703 -0.00819796 0.999941 -0.798159 0 0 0 1 
26875431820038;0.350569;0.347937;0.999766 -0.0204342 -0.00711212 0.00229437 0.0202791 0.999569 -0.0212455 -0.108811 0.00754319 0.0210963 0.999749 -0.0233745 0 0 0 1 
26875431820039;0.337073;0.157445;0.992293 -0.091409 0.0836567 -0.149734 0.0798132 0.987928 0.132773 -0.64784 -0.0947834 -0.125073 0.98761 0.701547 0 0 0 1 
26875431820040;0.229197;0.20509;0.999759 -0.0200274 -0.00902586 0.0108965 0.0197662 0.999408 -0.0281482 -0.0400058 0.00958425 0.027963 0.999563 -0.014564 0 0 0 1 
26875431820041;0.10838;0.0136439;0.997983 0.0634571 0.00172225 -0.0371806 -0.0634657 0.997969 0.00548287 0.171191 -0.00137082 -0.00558111 0.999983 0.166804 0 0 0 1 
26875431820042;0.455772;0.315254;0.972874 -0.201788 0.113127 0.0256009 0.210865 0.974641 -0.0749091 -0.921774 -0.0951425 0.0967317 0.990753 0.886528 0 0 0 1 
26875431820043;0.274946;0.165597;0.998656 0.025635 0.0450386 -0.0788599 -0.0266815 0.999384 0.0227918 -0.0558418 -0.0444266 -0.0239629 0.998725 0.377322 0 0 0 1 
26875431820044;0.287192;0.017576;0.999421 0.00149776 0.0339998 0.0760618 -0.0014108 0.999996 -0.0025813 0.56349 -0.0340035 0.00253184 0.999419 0.263757 0 0 0 1 
26875431820045;0.572084;0.422858;0.998368 0.0293705 -0.0489775 0.305813 -0.0263084 0.997727 0.0620339 0.0392965 0.0506882 -0.0606442 0.996872 -0.428512 0 0 0 1 
26875431820046;0.148614;0.0170105;0.997758 -0.0612213 -0.0270349 0.0642927 0.0654978 0.976239 0.206559 -0.577727 0.0137467 -0.207866 0.978061 0.0398195 0 0 0 1 
26875431820047;0.191966;0.0176471;0.989025 0.147646 0.00550135 -0.0683031 -0.14482 0.976126 -0.161881 0.867232 -0.0292711 0.159307 0.986795 0.285111 0 0 0 1 
26875431820048;0.552949;0.290421;0.974861 0.210542 0.0729252 -0.263956 -0.195696 0.965541 -0.171562 1.51779 -0.106533 0.152978 0.982471 -0.188101 0 0 0 1 
26875431820049;0.452544;0.353636;0.990902 0.116575 0.0672609 -0.240157 -0.110923 0.990407 -0.0824026 0.622733 -0.0762218 0.0741921 0.994327 0.674074 0 0 0 1 
26875431820050;0.381287;0.269123;0.999006 0.0383756 0.0226784 -0.138303 -0.038522 0.999239 0.00605426 0.036788 -0.0224288 -0.00692187 0.999724 0.279295 0 0 0 1 
26875431820051;0.357531;0.0160824;0.971441 -0.0764197 -0.22464 0.74853 0.0691419 0.996801 -0.0400992 -0.137252 0.226986 0.023422 0.973616 -0.63266 0 0 0 1 
26875431820052;0.469273;0.0702327;0.972518 0.141374 -0.184994 0.393014 -0.184396 0.952783 -0.241251 1.67881 0.142153 0.268733 0.952667 -0.896241 0 0 0 1 
26875431820053;0.393672;0.0113675;0.993471 0.0279367 0.110613 0.698251 -0.0462905 0.984867 0.167018 -0.0527354 -0.104273 -0.171048 0.979729 0.544024 0 0 0 1 
26875431820054;0.384531;0.104243;0.958898 0.180402 -0.219021 0.488535 -0.136161 0.969743 0.202629 0.449049 0.248949 -0.164479 0.954448 -1.17633 0 0 0 1 
26875431820055;0.28566;0.0117486;0.979939 -0.189883 -0.0605281 0.487931 0.192884 0.980033 0.0482868 -1.13659 0.0501507 -0.058993 0.996998 0.111763 0 0 0 1 
26875431820056;0.596591;0.120183;0.947382 -0.203016 0.247491 -0.239735 0.235973 0.965351 -0.111418 -1.00318 -0.216296 0.163957 0.962463 0.192659 0 0 0 1 
26875431820057;0.446113;0.364383;0.998105 -0.0567147 0.0238553 0.123875 0.0572503 0.998108 -0.0224044 -0.278402 -0.0225395 0.0237277 0.999464 0.222578 0 0 0 1 
26875431820058;0.224686;0.0127368;0.999463 -0.0118651 -0.0305449 -0.0890476 0.0146263 0.995668 0.091824 -0.21689 0.0293231 -0.0922214 0.995307 0.326242 0 0 0 1 
26875431820059;0.444316;0.0288496;0.956929 -0.166979 0.237496 -0.476634 0.167997 0.985656 0.0160946 -0.650001 -0.236777 0.0244974 0.971255 0.750373 0 0 0 1 
26875431820060;0.410765;0.343581;0.999914 0.00698118 0.0111366 0.0831189 -0.00724815 0.999683 0.0241146 -0.0693647 -0.0109647 -0.0241932 0.999647 0.145388 0 0 0 1 
26875431820062;0.368904;0.062661;0.973385 0.129575 0.189029 0.35439 -0.161952 0.972509 0.167325 0.286419 -0.162152 -0.193485 0.967611 0.26196 0 0 0 1 
26875431820063;0.231158;0.032475;0.962259 -0.0760609 -0.261291 0.352063 0.11156 0.986014 0.123819 -0.584299 0.248218 -0.148296 0.957286 -0.986451 0 0 0 1 
26875431820064;0.204838;0.00988941;0.997616 -0.00665053 0.0686943 0.0647096 -0.00257172 0.991073 0.133297 0.286045 -0.0689676 -0.133156 0.988693 0.101594 0 0 0 1 
26875431820065;0.171053;0.00798549;0.99822 0.0549284 0.0232351 -0.0973967 -0.0540378 0.99784 -0.0373635 -0.0336437 -0.0252372 0.0360415 0.999032 0.00786757 0 0 0 1 
26875431820066;0.341828;0.162598;0.942463 0.321704 -0.0909388 0.483173 -0.321539 0.946746 0.0168594 1.55137 0.0915197 0.0133511 0.995714 -0.305219 0 0 0 1 
26875431820067;0.359104;0.00798471;0.999778 0.0107566 -0.0181176 -0.220845 -0.0107395 0.999942 0.00103997 0.366656 0.0181278 -0.000845165 0.999835 0.593823 0 0 0 1 
26875431820068;0.231956;0.00543709;0.999772 -0.0209602 0.00414402 0.0352438 0.0209438 0.999773 0.00395457 -0.110074 -0.00422597 -0.00386687 0.999984 0.519196 0 0 0 1 
26875431820069;0.168442;0.00780317;0.98415 -0.155211 0.0857817 0.0629934 0.158015 0.987071 -0.0268812 -0.77064 -0.0805004 0.0400099 0.995951 0.497404 0 0 0 1 
26875431820070;0.120851;0.00993763;0.987549 0.134236 -0.082024 0.247897 -0.129274 0.989599 0.0630996 0.502227 0.0896412 -0.0517104 0.994631 -0.429117 0 0 0 1 
26875431820071;0.559761;0.0947115;0.962546 -0.269828 0.0264264 0.790256 0.269734 0.962908 0.00713261 -1.06606 -0.0273708 0.000262638 0.999625 0.444278 0 0 0 1 
26875431820072;0.11141;0.00735526;0.998607 -0.0524973 0.00533479 -0.16336 0.0527104 0.997123 -0.0544779 -0.315043 -0.0024595 0.0546832 0.998501 0.00428488 0 0 0 1 
26875431820073;0.298534;0.0347539;0.958831 -0.283975 0.000858761 0.230139 0.28396 0.958806 0.00758159 -1.38752 -0.00297636 -0.00702561 0.999971 0.177269 0 0 0 1 
26875431820074;0.511902;0.443107;0.999727 -0.00797004 -0.0219859 0.0754969 0.00725369 0.999446 -0.0324719 0.0503928 0.0222325 0.0323035 0.999231 -0.235913 0 0 0 1 
26875431820075;0.368729;0.0364137;0.946874 -0.218507 0.235976 -0.217056 0.154689 0.952728 0.261497 -1.08193 -0.28196 -0.211102 0.935914 1.37069 0 0 0 1 
26875431820076;0.104083;0.00855465;0.99937 -0.0293547 -0.019955 -0.0143509 0.0276373 0.996292 -0.081478 0.0781353 0.0222727 0.0808752 0.996475 0.0168529 0 0 0 1 
26875431820077;0.334061;0.00861877;0.95966 0.276826 -0.0491982 0.452274 -0.272899 0.959194 0.0739852 1.28386 0.0676716 -0.0575745 0.996045 -0.780444 0 0 0 1 
26875431820078;0.46154;0.0164128;0.965825 0.257886 0.026026 -0.231113 -0.25061 0.954741 -0.160202 1.56743 -0.066162 0.148205 0.986741 -0.0932707 0 0 0 1 
26875431820079;0.388175;0.0969557;0.918442 -0.20182 0.340195 -0.221523 0.154251 0.974694 0.161796 -0.904537 -0.364239 -0.0961248 0.926331 1.41088 0 0 0 1 
26875431820080;0.446652;0.0095487;0.968895 0.246779 0.0185217 0.223362 -0.246231 0.968818 -0.027618 1.23549 -0.0247597 0.0221983 0.999447 -0.685593 0 0 0 1 
26875431820081;0.390076;0.181731;0.97971 0.200379 0.00402353 0.121593 -0.197529 0.968783 -0.149805 1.33553 -0.0339158 0.145971 0.988707 0.321798 0 0 0 1 
26875431820082;0.269988;0.00927033;0.99198 0.12479 -0.0200924 -0.123475 -0.120349 0.981085 0.151617 0.0850728 0.0386326 -0.147983 0.988235 -0.342196 0 0 0 1 
26875431820083;0.397996;0.0947512;0.959341 -0.220283 0.176469 0.362908 0.224267 0.974524 -0.00270877 -1.10476 -0.171376 0.0421748 0.984303 1.14717 0 0 0 1 
26875431820084;0.431462;0.0357903;0.986908 0.0938872 -0.131143 0.33965 -0.129773 0.945066 -0.300015 0.910959 0.0957709 0.313106 0.944877 0.447287 0 0 0 1 
26875431820085;0.0561572;0.00754648;0.999273 -0.0377433 0.00541285 -0.092239 0.0377578 0.999284 -0.00259998 -0.147126 -0.00531084 0.00280247 0.999982 0.0849888 0 0 0 1 
26875431820086;0.263745;0.211176;0.99895 0.0458108 -0.000601221 0.0454545 -0.0458112 0.99895 -0.00054172 0.148654 0.000575774 0.000568694 1 -0.0869079 0 0 0 1 
26875431820087;0.254275;0.0176795;0.975053 -0.0876073 -0.203953 0.28454 0.124343 0.9767 0.174918 -0.766746 0.183877 -0.195915 0.963227 -1.1089 0 0 0 1 
26875431820088;0.2679;0.0113669;0.96728 0.253401 -0.0125507 0.461048 -0.253668 0.966844 -0.0294088 1.29632 0.0046823 0.0316303 0.999489 -0.262343 0 0 0 1 
26875431820089;0.093436;0.0083077;0.999288 0.0343224 -0.0156723 0.0608146 -0.0350156 0.998312 -0.0463372 0.344998 0.0140554 0.0468529 0.998803 0.0292633 0 0 0 1 
26875431820090;0.279476;0.00655757;0.999226 0.0388701 0.00611684 0.184499 -0.0387006 0.998919 -0.0257489 -0.242736 -0.0071111 0.0254923 0.99965 0.440224 0 0 0 1 
26875431820091;0.394578;0.00986829;0.993008 0.117393 0.0124062 0.237823 -0.117445 0.993073 0.00359789 0.506342 -0.0118979 -0.00502979 0.999917 -0.771343 0 0 0 1 
26875431820093;0.345934;0.169411;0.989666 -0.118401 -0.0808882 1.01926 0.119866 0.992699 0.013476 -0.523518 0.0787021 -0.0230324 0.996632 0.0804535 0 0 0 1 
26875431820094;0.529735;0.0318528;0.950271 0.24511 0.19211 -2.33964 -0.233703 0.968986 -0.0803017 1.64922 -0.205835 0.0314117 0.978082 0.605041 0 0 0 1 
26875431820095;0.39088;0.0173486;0.962304 -0.0124403 -0.271691 0.318254 0.00672711 0.999736 -0.0219496 -0.146098 0.271892 0.0192945 0.962134 -0.806295 0 0 0 1 
26875431820096;0.29099;0.279448;0.999669 0.015706 -0.0203529 -0.0781867 -0.0160971 0.999686 -0.0191946 0.0961628 0.020045 0.0195159 0.999609 -0.138774 0 0 0 1 
26875431820097;0.411668;0.328693;0.998314 0.0510044 0.027723 -0.504789 -0.0514389 0.998561 0.0151906 0.362895 -0.0269083 -0.016591 0.9995 0.222853 0 0 0 1 
26875431820098;0.305728;0.0192344;0.964066 -0.200412 0.174388 0.97731 0.209193 0.977306 -0.0333285 -0.906175 -0.163751 0.0686116 0.984113 0.194183 0 0 0 1 
26875431820099;0.324227;0.315958;0.99989 -0.0131616 -0.00683554 0.135707 0.0131762 0.999911 0.00209659 -0.0372375 0.00680734 -0.00218642 0.999974 -0.0484822 0 0 0 1 
26875431820100;0.476247;0.0256565;0.972837 -0.230516 -0.021246 1.92863 0.230882 0.972837 0.0167748 -0.507413 0.016802 -0.0212245 0.999634 -0.562738 0 0 0 1 
26875431820101;0.325622;0.152949;0.98647 0.0952223 0.133456 -0.871257 -0.0725546 0.983543 -0.165466 0.760654 -0.147015 0.153544 0.977144 -0.331419 0 0 0 1 
26875431820102;0.315339;0.183368;0.99821 0.0516109 0.0302106 -0.254429 -0.0474094 0.990862 -0.126271 0.460789 -0.0364515 0.124613 0.991536 -1.04836 0 0 0 1 
26875431820103;0.395286;0.0206397;0.996928 -0.0780832 0.0060775 0.319306 0.078133 0.996907 -0.00844181 -0.321082 -0.00539954 0.00889073 0.999946 -0.783556 0 0 0 1 
26875431820104;0.491587;0.019983;0.998999 0.0408069 0.0183179 0.410103 -0.0396308 0.997379 -0.0605342 0.615622 -0.0207401 0.0597477 0.997998 -0.864623 0 0 0 1 
26875431820105;0.296198;0.0831403;0.993592 -0.0349049 0.107505 0.189403 0.0597089 0.96967 -0.237012 0.0758619 -0.0959717 0.241912 0.96554 -0.710889 0 0 0 1 
26875431820106;0.351999;0.271472;0.997653 -0.0647058 -0.0224048 0.39254 0.065601 0.996968 0.041841 -0.410998 0.0196296 -0.0432125 0.998873 0.387708 0 0 0 1 
26875431820107;0.398745;0.363812;0.999308 0.0283916 0.0240483 -0.299176 -0.0279169 0.999413 -0.0198531 0.205757 -0.0245979 0.019168 0.999514 0.0718496 0 0 0 1 
26875431820108;0.476963;0.0808804;0.968575 0.237405 0.0741648 -1.66629 -0.242422 0.96778 0.0680729 2.07662 -0.0556144 -0.083913 0.99492 1.09385 0 0 0 1 
26875431820109;0.419848;0.388285;0.999701 -0.0209162 -0.0126911 0.225695 0.0211383 0.999621 0.0176259 -0.112525 0.0123176 -0.0178889 0.999764 0.174966 0 0 0 1 
26875431820110;0.205033;0.0166138;0.996493 0.0166137 0.0820049 -0.00536227 -0.0100575 0.996766 -0.0797231 0.417276 -0.0830643 0.0786188 0.993438 -0.207654 0 0 0 1 
26875431820111;0.333895;0.0178352;0.986441 -0.164072 0.00393469 1.31291 0.164118 0.986081 -0.026648 -0.583911 0.000492265 0.0269325 0.999637 0.373911 0 0 0 1 
26875431820112;0.392948;0.417336;0.997671 -0.0248153 -0.0635409 0.405943 0.0263127 0.999393 0.022838 -0.0662006 0.0629356 -0.0244567 0.997718 0.0509441 0 0 0 1 
26875431820113;0.35267;0.0702118;0.96148 -0.130726 0.2418 0.690844 0.181514 0.96255 -0.201369 -0.293641 -0.206421 0.237502 0.949201 -0.528501 0 0 0 1 
26875431820114;0.433722;0.383688;0.999524 -0.0248925 0.0182253 0.209735 0.0251626 0.999575 -0.0147433 0.0433451 -0.0178505 0.0151949 0.999725 -0.051689 0 0 0 1 
26875431820115;0.334392;0.0950457;0.981378 -0.189358 0.0322737 1.71453 0.175889 0.953372 0.245246 -0.711968 -0.0772082 -0.235003 0.968923 1.93459 0 0 0 1 
26875431820116;0.39563;0.344561;0.99834 -0.0400918 0.0413591 0.411574 0.0413469 0.998696 -0.0299498 -0.0736737 -0.0401044 0.0316102 0.998695 0.0137906 0 0 0 1 
26875431820117;0.505945;0.446241;0.999778 0.0210428 -0.000467579 -0.23923 -0.0210471 0.999693 -0.0130767 0.0608203 0.000192265 0.0130836 0.999914 -0.150245 0 0 0 1 
26875431820118;0.542637;0.523573;0.999596 0.00585704 0.0278294 -0.0138004 -0.00618627 0.999912 0.0117587 0.0351319 -0.0277581 -0.0119261 0.999544 0.18788 0 0 0 1 
26875431820119;0.33961;0.30645;0.999551 0.00259155 -0.0298607 0.019445 -0.00278138 0.999976 -0.00631714 0.00496702 0.0298437 0.00639736 0.999534 -0.114651 0 0 0 1 
26875431820120;0.431883;0.260483;0.997898 0.0315255 -0.0566242 0.247534 -0.0263575 0.995611 0.089804 0.0373816 0.0592067 -0.0881227 0.994349 0.474066 0 0 0 1 
26875431820121;0.296141;0.197819;0.994768 -0.10174 -0.00929522 0.814437 0.101701 0.994805 -0.00454718 -0.498139 0.00970956 0.00357806 0.999946 -0.210571 0 0 0 1 
26875431820122;0.699318;0.53533;0.996554 0.0382427 0.0736083 -0.599903 -0.038944 0.999208 0.00811431 0.0869872 -0.0732397 -0.0109529 0.997254 0.323842 0 0 0 1 
26875431820124;0.463953;0.0182923;0.980846 0.0789004 -0.17809 -0.170687 -0.109665 0.979302 -0.17012 1.224 0.160982 0.186392 0.969197 -3.16963 0 0 0 1 
26875431820125;0.172503;0.0100783;0.972146 0.230331 -0.0433535 -1.85408 -0.22925 0.97295 0.028502 1.44469 0.0487457 -0.0177693 0.998653 -0.095686 0 0 0 1 
26875431820126;0.469661;0.00749272;0.999933 -0.0033164 -0.011101 -0.424838 0.00274451 0.998688 -0.0511413 0.518539 0.011256 0.0511074 0.99863 0.083367 0 0 0 1 
26875431820127;0.198437;0.00719327;0.996856 -0.0785617 -0.0102851 0.669082 0.0785286 0.996905 -0.00359261 -0.0275328 0.0105355 0.00277364 0.999941 -0.0909704 0 0 0 1 
26875431820128;0.38452;0.312275;0.999692 -0.0225492 -0.0103531 0.271698 0.0225836 0.99974 0.00321437 -0.153423 0.0102779 -0.00344719 0.999941 -0.198444 0 0 0 1 
26875431820129;0.474436;0.251438;0.99597 -0.0896601 0.00236304 0.899271 0.0896865 0.995302 -0.0364696 -0.571713 0.000917932 0.0365345 0.999332 -0.740685 0 0 0 1 
26875431820130;0.313572;0.00447319;0.995109 -0.0978614 -0.0134841 0.84522 0.0975155 0.994938 -0.0242852 -0.510757 0.0157924 0.0228515 0.999614 -0.850139 0 0 0 1 
26875431820131;0.549583;0.00946044;0.991581 0.126437 -0.0279351 -1.64274 -0.122459 0.98579 0.11499 0.512209 0.0420771 -0.110601 0.992974 1.55589 0 0 0 1 
26875431820132;0.557397;0.536988;0.999743 0.0209271 0.00869864 -0.198506 -0.0207254 0.999528 -0.0226723 0.0970678 -0.009169 0.0224862 0.999705 -0.0218727 0 0 0 1 
26875431820133;0.523064;0.392427;0.999525 -0.0268921 0.0150671 0.340142 0.0262122 0.998703 0.0436407 -0.230561 -0.0162212 -0.0432251 0.998934 0.765702 0 0 0 1 
26875431820134;0.28355;0.0127368;0.980432 0.194517 0.0302819 -1.89178 -0.194483 0.980897 -0.00410211 1.46327 -0.0305014 -0.00186748 0.999533 -0.0670593 0 0 0 1 
26875431820135;0.398345;0.0118269;0.981039 -0.0395815 -0.189724 0.445127 0.0696539 0.985524 0.154565 -0.51698 0.18086 -0.164849 0.969595 1.14946 0 0 0 1 
26875431820136;0.188337;0.0124959;0.99631 0.0732213 0.0447676 -0.825056 -0.0725241 0.997222 -0.0170071 0.719424 -0.0458885 0.0136976 0.998853 0.130983 0 0 0 1 
26875431820137;0.314888;0.0114622;0.938146 -0.0143326 0.345943 -0.0881376 0.0393007 0.997094 -0.0652675 -0.129246 -0.344002 0.0748263 0.935983 1.29262 0 0 0 1 
26875431820138;0.521003;0.01065;0.999647 0.0260245 0.00535052 -0.539888 -0.0260171 0.99966 -0.00145902 -0.287272 -0.00538667 0.0013193 0.999985 0.837304 0 0 0 1 
26875431820139;0.534563;0.00718706;0.963255 -0.215445 -0.160383 2.97364 0.194611 0.971398 -0.13606 -1.16929 0.185109 0.0998486 0.977632 -1.71795 0 0 0 1 
26875431820140;0.635129;0.419703;0.990137 0.0483127 -0.131509 0.0585904 -0.0491709 0.998785 -0.00328418 0.467091 0.131191 0.00971821 0.99131 -0.556434 0 0 0 1 
26875431820141;0.451247;0.22464;0.993432 -0.114286 -0.00567896 1.06903 0.114369 0.99013 0.0810129 -0.947045 -0.00363574 -0.0811303 0.996697 1.05436 0 0 0 1 
26875431820142;0.45211;0.0138593;0.965263 0.0577522 -0.254819 -0.668951 -0.0823061 0.992823 -0.0867649 0.830074 0.247979 0.104724 0.963088 -1.77072 0 0 0 1 
26875431820143;0.371493;0.334958;0.998904 0.0179602 0.0432155 -0.170286 -0.0191267 0.99946 0.0267327 -0.0107552 -0.042712 -0.02753 0.998708 0.502409 0 0 0 1 
26875431820144;0.382734;0.0128913;0.975687 0.016813 0.218524 -0.240359 0.0591511 0.939854 -0.336416 0.938331 -0.211036 0.341162 0.916009 -1.93 0 0 0 1 
26875431820145;0.502979;0.0125587;0.968791 0.243548 0.046134 -2.26304 -0.242108 0.96963 -0.0346659 2.12699 -0.0531757 0.0224146 0.998334 -0.52465 0 0 0 1 
26875431820146;0.275674;0.248667;0.987713 0.141437 0.0664738 -1.29991 -0.144856 0.988201 0.0497609 0.65659 -0.0586515 -0.0587786 0.996547 0.764755 0 0 0 1 
26875431820147;0.238197;0.0126217;0.990777 0.0486627 -0.126462 -0.0367165 -0.0629015 0.99181 -0.111157 0.724931 0.120017 0.118086 0.985724 -1.51193 0 0 0 1 
26875431820148;0.24302;0.0123079;0.985996 -0.130803 0.103452 1.00655 0.147534 0.973377 -0.175415 -0.642814 -0.0777527 0.188221 0.979044 -1.42747 0 0 0 1 
26875431820149;0.23664;0.209808;0.998944 -0.0443622 -0.011971 0.421114 0.0441116 0.998817 -0.0204476 -0.265745 0.0128639 0.019898 0.999719 -0.251407 0 0 0 1 
26875431820150;0.324251;0.00832091;0.985237 -0.167426 -0.0357228 1.61055 0.163156 0.981495 -0.100238 -0.770798 0.0518441 0.0929294 0.994322 -0.582144 0 0 0 1 
26875431820151;0.348638;0.274561;0.998879 -0.0363266 -0.0303466 0.362822 0.0372182 0.998876 0.029352 -0.342064 0.0292463 -0.0304486 0.999108 0.152578 0 0 0 1 
26875431820152;0.39459;0.0140566;0.99429 -0.0769842 0.0738965 0.383907 0.0815724 0.994785 -0.06122 -0.155285 -0.0687982 0.0668983 0.995385 -0.885674 0 0 0 1 
26875431820153;0.461448;0.0169844;0.96111 0.272688 -0.0436879 -2.02448 -0.27072 0.961555 0.0460685 1.66607 0.0545707 -0.0324497 0.997982 -0.71622 0 0 0 1 
26875431820155;0.281618;0.0153426;0.997685 0.0462179 -0.049876 0.450468 -0.0471541 0.99873 -0.0177603 0.0914733 0.0489918 0.020071 0.998597 -0.0511701 0 0 0 1 
26875431820156;0.544215;0.0838273;0.98675 0.158961 -0.0324776 -0.0185733 -0.158713 0.987273 0.0100989 0.178506 0.0336696 -0.00481051 0.999421 0.693462 0 0 0 1 
26875431820157;0.2633;0.235188;0.999863 -0.0164558 -0.00194198 0.0238422 0.0163762 0.99923 -0.0356456 -0.00572679 0.00252706 0.0356089 0.999363 0.0227631 0 0 0 1 
26875431820158;0.308459;0.256766;0.99937 0.0342482 -0.00928075 0.0440331 -0.0340562 0.999218 0.0201125 0.0469799 0.00996231 -0.0197838 0.999755 0.0688144 0 0 0 1 
26875431820159;0.600497;0.0156149;0.997875 0.053232 0.0375747 0.746745 -0.0475322 0.98915 -0.139009 0.0409941 -0.0445668 0.136928 0.989578 0.595966 0 0 0 1 
26875431820160;0.450407;0.388055;0.989085 -0.0642617 0.132597 -0.110299 0.0681661 0.997358 -0.0251148 -0.149252 -0.130632 0.0338793 0.990852 0.392301 0 0 0 1 
26875431820161;0.500041;0.235821;0.998153 -0.0598854 -0.0102175 -0.117723 0.0598615 0.998203 -0.00263292 -0.255421 0.0103568 0.00201642 0.999944 0.441416 0 0 0 1 
26875431820162;0.266888;0.225245;0.999803 0.00974913 0.0172987 -0.0210688 -0.00947781 0.999832 -0.0156975 0.000913342 -0.0174488 0.0155305 0.999727 0.10725 0 0 0 1 
26875431820163;0.112835;0.0897376;0.99907 0.00578834 0.0427215 0.0719588 -0.00578231 0.999983 -0.000264601 0.0766293 -0.0427223 1.73258e-05 0.999087 0.178607 0 0 0 1 
26875431820164;0.259006;0.195148;0.999765 -0.0216575 0.000210631 -0.0280764 0.021657 0.999763 0.00228685 -0.0909187 -0.000260108 -0.00228175 0.999997 -0.0958258 0 0 0 1 
26875431820165;0.440579;0.407941;0.998384 0.0528831 -0.0208236 0.028913 -0.0525272 0.99847 0.0172856 0.204323 0.0217058 -0.0161639 0.999634 -0.110222 0 0 0 1 
26875431820166;0.350624;0.314194;0.999791 -0.0158752 -0.0128605 -0.0468632 0.0156197 0.999683 -0.0197267 0.00622382 0.0131696 0.0195217 0.999723 -0.0358556 0 0 0 1 
26875431820167;0.350308;0.181279;0.998887 -0.0468626 0.00542029 0.31401 0.0471496 0.995509 -0.0820907 0.00434121 -0.00154897 0.0822549 0.99661 0.0301044 0 0 0 1 
26875431820168;0.226339;0.0182642;0.984283 -0.0628419 -0.165041 0.323661 0.053924 0.996861 -0.0579743 -0.258931 0.168166 0.0481634 0.984581 -0.427197 0 0 0 1 
26875431820169;0.436398;0.0181482;0.998886 -0.0471787 0.000247201 0.234401 0.0471787 0.998886 -0.000102246 0.214731 -0.000242101 0.000113795 1 0.572974 0 0 0 1 
26875431820170;0.561995;0.471872;0.999639 0.00229676 0.0267754 -0.102516 -0.00237639 0.999993 0.00294228 -0.118631 -0.0267685 -0.00300485 0.999637 0.0170652 0 0 0 1 
26875431820171;0.275385;0.0130739;0.997494 0.0671851 0.0221627 -0.0783394 -0.0674421 0.997662 0.0110571 0.142059 -0.021368 -0.0125241 0.999693 0.487277 0 0 0 1 
26875431820172;0.126727;0.00946937;0.999746 -0.00578171 0.0217928 -0.0244826 0.00778632 0.995631 -0.0930532 0.0254831 -0.0211596 0.0931992 0.995423 0.211723 0 0 0 1 
26875431820173;0.248339;0.198616;0.999655 -0.0143448 0.0220225 -0.0238935 0.0143319 0.999897 0.000745498 0.025582 -0.022031 -0.000429616 0.999757 0.111832 0 0 0 1 
26875431820174;0.442063;0.312107;0.987669 -0.0956262 0.12396 -0.0429133 0.0929575 0.9953 0.02715 -0.368705 -0.125974 -0.0152922 0.991916 0.233445 0 0 0 1 
26875431820175;0.573407;0.322999;0.986165 0.0475381 -0.158801 0.413663 -0.0604142 0.995179 -0.0772628 0.273604 0.154363 0.0857877 0.984283 -0.781091 0 0 0 1 
26875431820176;0.270556;0.179994;0.999176 0.0398151 -0.00790705 -0.151704 -0.0402957 0.996385 -0.0747861 0.173022 0.00490085 0.0750431 0.997168 0.08512 0 0 0 1 
26875431820177;0.516211;0.267052;0.998028 0.027082 -0.0566279 -0.267229 -0.0333519 0.993048 -0.112885 -0.0611648 0.0531771 0.114551 0.991993 0.117396 0 0 0 1 
26875431820178;0.516876;0.424772;0.999372 -0.0242539 -0.0258186 0.125334 0.0247439 0.999516 0.0188317 -0.0771998 0.0253494 -0.0194587 0.999489 0.0887155 0 0 0 1 
26875431820179;0.506678;0.511763;0.999783 0.0199256 0.0060846 -0.0275403 -0.0199235 0.999801 -0.00040352 0.0986678 -0.00609143 0.000282206 0.999981 -0.0222227 0 0 0 1 
26875431820180;0.166082;0.0155319;0.997095 -0.0100202 0.0755048 -0.208903 0.00340539 0.996182 0.0872323 0.0816465 -0.0760907 -0.0867217 0.993322 0.149875 0 0 0 1 
26875431820181;0.220973;0.174178;0.99897 -0.0415009 0.0183449 0.0716398 0.0403393 0.9974 0.059708 -0.182288 -0.0207752 -0.0589065 0.998047 0.095192 0 0 0 1 
26875431820182;0.311591;0.0152639;0.999995 0.00309972 0.00108872 0.467364 -0.00308439 0.9999 -0.0138143 0.068338 -0.00113143 0.0138109 0.999904 -0.0979561 0 0 0 1 
26875431820183;0.378261;0.275559;0.991196 0.124565 -0.0448855 -0.0118006 -0.121876 0.990828 0.0583578 0.404793 0.0517432 -0.0523735 0.997286 -0.167394 0 0 0 1 
26875431820184;0.707951;0.603445;0.999694 -0.0231106 0.00878417 0.0246445 0.0231561 0.999719 -0.00511634 -0.0318952 -0.00866345 0.00531818 0.999948 -0.153896 0 0 0 1 
26875431820186;0.0232744;0.0243292;0.99997 -0.00266986 0.00724952 -0.0116243 0.0026048 0.999956 0.00896893 -0.0612784 -0.00727315 -0.00894978 0.999933 0.0328513 0 0 0 1 
26875431820187;0.469951;0.0283554;0.997388 -0.0482424 0.0537625 0.119999 0.0474114 0.998737 0.0166266 0.0122518 -0.0544967 -0.0140342 0.998415 -0.720237 0 0 0 1 
26875431820188;0.333415;0.276521;0.999877 0.00645524 0.0142892 0.0354369 -0.00629611 0.999918 -0.011153 0.125496 -0.01436 0.0110617 0.999836 -0.0160565 0 0 0 1 
26875431820189;0.215891;0.0294413;0.999513 -0.0195725 0.0242848 -0.000483443 0.0231364 0.987418 -0.15643 0.299957 -0.0209176 0.156916 0.98739 0.0727351 0 0 0 1 
26875431820190;0.353199;0.0188889;0.99941 -0.00272493 -0.0342458 0.141618 0.00293677 0.999977 0.00613717 -0.0589813 0.0342283 -0.00623412 0.999395 0.574484 0 0 0 1 
26875431820191;0.375035;0.316574;0.998046 0.016571 -0.0602415 0.114819 -0.0164175 0.999861 0.00304154 -0.0282577 0.0602835 -0.00204658 0.998179 -0.00488554 0 0 0 1 
26875431820192;0.269163;0.0318595;0.998674 -0.0322333 0.0401525 -0.159329 0.0325823 0.999436 -0.0080676 0.333777 -0.0398698 0.00936516 0.999161 0.249118 0 0 0 1 
26875431820193;0.42369;0.429592;0.997697 -0.0171903 0.0656181 -0.0221658 0.0203531 0.998648 -0.0478402 -0.108491 -0.0647069 0.0490655 0.996697 0.250408 0 0 0 1 
26875431820194;0.276623;0.253623;0.999793 0.0158764 0.0127361 -0.00669945 -0.0155638 0.999584 -0.0242777 0.0689894 -0.0131163 0.0240744 0.999624 0.0642555 0 0 0 1 
26875431820195;0.12753;0.0252937;0.996971 0.0767234 0.0127373 -0.195176 -0.0770212 0.99672 0.0248209 0.0536978 -0.0107912 -0.0257267 0.999611 -0.119018 0 0 0 1 
26875431820196;0.182656;0.0214834;0.998373 -0.0568769 0.00404595 -0.119569 0.0569768 0.997872 -0.0316934 -0.344807 -0.00223472 0.0318724 0.999489 -0.137849 0 0 0 1 
26875431820197;0.141522;0.0316033;0.999241 0.0354614 -0.0160914 -0.256606 -0.0347198 0.998418 0.0442382 0.0301518 0.0176347 -0.043646 0.998891 -0.0797295 0 0 0 1 
26875431820198;0.296595;0.204362;0.999149 -0.0318204 -0.0262401 0.124527 0.0318119 0.999494 -0.000738551 0.0417076 0.0262503 -9.6824e-05 0.999655 -0.209756 0 0 0 1 
26875431820199;0.374604;0.363952;0.999766 -0.0113297 -0.0184231 0.0357429 0.011586 0.999837 0.0138624 -0.0115711 0.018263 -0.0140726 0.999734 0.0504967 0 0 0 1 
26875431820200;0.14975;0.0234603;0.999007 0.0185035 -0.0405387 -0.208814 -0.0148975 0.996052 0.0875155 0.0514611 0.041998 -0.0868247 0.995338 -0.0120746 0 0 0 1 
26875431820201;0.180431;0.024323;0.995891 -0.0407871 -0.0808537 0.33623 0.0422144 0.99898 0.0160217 -0.169578 0.0801178 -0.0193691 0.996597 -0.142199 0 0 0 1 
26875431820202;0.0568232;0.0305957;0.999436 -0.033368 -0.00376078 -0.0214065 0.0331634 0.99842 -0.0453538 -0.0229005 0.00526821 0.0452035 0.998964 -0.0442761 0 0 0 1 
26875431820203;0.370175;0.362248;0.999992 -0.00398147 1.81916e-05 -0.0144383 0.00398117 0.999956 0.00851073 0.00807145 -5.2076e-05 -0.00851059 0.999964 -0.0401857 0 0 0 1 
26875431820204;0.336699;0.311199;0.999541 0.0297016 -0.00591842 -0.00576386 -0.0299024 0.998855 -0.0373526 0.12352 0.00480221 0.0375124 0.999285 -0.0490978 0 0 0 1 
26875431820205;0.579018;0.396413;0.998955 -0.0116808 0.0441932 0.223582 0.00998017 0.999208 0.0385093 -0.249578 -0.044608 -0.0380279 0.998281 -0.058553 0 0 0 1 
26875431820206;0.454909;0.242596;0.988465 -0.000541378 0.15145 -0.148135 0.0113616 0.997441 -0.0705877 -0.167424 -0.151024 0.0714942 0.985941 0.606411 0 0 0 1 
26875431820207;0.201469;0.176541;0.999875 0.0153717 0.00368495 -0.0317152 -0.0154213 0.999786 0.0138173 -0.0116449 -0.00347177 -0.0138724 0.999898 0.0454014 0 0 0 1 
26875431820208;0.418791;0.383983;0.99993 -0.00851915 0.00824391 -0.0674257 0.0082359 0.999395 0.0338038 -0.0475561 -0.0085269 -0.0337335 0.999394 -0.0246526 0 0 0 1 
26875431820209;0.261543;0.248501;0.999857 -0.0168423 0.0013155 0.0263308 0.0168378 0.999853 0.00337117 -0.0267681 -0.00137209 -0.00334854 0.999993 0.0256877 0 0 0 1 
26875431820210;0.579052;0.485201;0.999816 -0.0143827 0.0126811 -0.156174 0.0139901 0.999436 0.030527 -0.108298 -0.013113 -0.0303439 0.999453 -0.030115 0 0 0 1 
26875431820211;0.254845;0.161287;0.999156 -0.0318941 -0.0258887 0.106533 0.0313 0.999244 -0.0230383 -0.0821221 0.0266039 0.0222085 0.999399 0.153185 0 0 0 1 
26875431820212;0.320883;0.185944;0.995078 -0.0795111 0.0591463 0.164157 0.0813629 0.996245 -0.0295863 -0.212018 -0.0565718 0.0342529 0.997811 0.40561 0 0 0 1 
26875431820213;0.233658;0.0236553;0.998747 -0.049086 0.00974836 -0.106072 0.0498465 0.993054 -0.106576 -0.0252228 -0.00444925 0.106929 0.994257 -0.400308 0 0 0 1 
26875431820214;0.442932;0.0226467;0.982294 0.0395443 -0.183123 0.345356 -0.0827941 0.968467 -0.234982 0.538962 0.168057 0.245983 0.954594 0.246102 0 0 0 1 
26875431820215;0.292551;0.186481;0.999246 0.00177253 0.0387903 0.197305 0.000374475 0.998471 -0.0552719 -0.244355 -0.038829 0.0552447 0.997718 0.132842 0 0 0 1 
26875431820217;0.53888;0.165628;0.970704 -0.163774 0.175817 0.695056 0.205979 0.943948 -0.257943 -0.510608 -0.123718 0.286601 0.950028 0.00484551 0 0 0 1 
26875431820218;0.132212;0.0150627;0.999912 -0.00872089 -0.009986 0.018612 0.00849595 0.999714 -0.02235 0.177749 0.0101781 0.0222632 0.9997 0.117189 0 0 0 1 
26875431820219;0.276971;0.0145417;0.991674 -0.0574283 0.115257 0.429044 0.0595828 0.998106 -0.0153334 -0.639879 -0.114158 0.0220731 0.993217 0.35567 0 0 0 1 
26875431820220;0.346183;0.328907;0.999493 0.0318287 0.00045354 -0.0364788 -0.0318276 0.999491 -0.00223341 0.0995344 -0.000524395 0.00221784 0.999997 0.0655713 0 0 0 1 
26875431820221;0.22686;0.0121572;0.999981 -0.0059832 0.00165699 0.435073 0.00597927 0.999979 0.00236474 -0.0403018 -0.00167111 -0.00235479 0.999996 -0.257506 0 0 0 1 
26875431820222;0.271182;0.256234;0.999482 0.0244265 0.0209688 -0.0736792 -0.0242135 0.999653 -0.0103519 0.133413 -0.0212143 0.00983884 0.999727 0.0958079 0 0 0 1 
26875431820223;0.173034;0.0167055;0.999957 -0.00892912 0.00241967 -0.146493 0.00892143 0.999955 0.00316879 -0.192057 -0.00244785 -0.00314706 0.999992 -0.265602 0 0 0 1 
26875431820224;0.421446;0.0174169;0.99599 0.0545106 0.0709408 -0.688591 -0.0596986 0.99553 0.0731916 -0.353644 -0.066634 -0.0771332 0.994792 0.633219 0 0 0 1 
26875431820225;0.149136;0.12543;0.999557 0.0282501 -0.00941225 -0.0133411 -0.0281556 0.999553 0.0100312 0.107469 0.00969143 -0.00976171 0.999905 -0.0770368 0 0 0 1 
26875431820226;0.0692592;0.0122822;0.999345 -0.0361616 0.00144654 0.187036 0.0361761 0.999276 -0.0117427 -0.13126 -0.00102086 0.0117874 0.99993 -0.055439 0 0 0 1 
26875431820227;0.394953;0.26715;0.996578 0.0679401 0.0470735 -0.310213 -0.0687594 0.997505 0.0160073 0.212301 -0.0458685 -0.0191892 0.998763 -0.0713691 0 0 0 1 
26875431820228;0.385763;0.0161168;0.999585 -0.0287632 -0.00131996 -0.233954 0.0284881 0.994603 -0.0997666 0.65426 0.00418244 0.0996876 0.99501 0.119531 0 0 0 1 
26875431820229;0.236316;0.016071;0.979807 -0.103206 0.171251 0.188407 0.100502 0.994637 0.0244084 -0.128024 -0.172851 -0.00670441 0.984925 0.80469 0 0 0 1 
26875431820230;0.353557;0.277932;0.994997 0.0953521 0.0298067 -0.221667 -0.093752 0.994282 -0.0511251 0.61667 -0.0345112 0.0480749 0.998247 0.145012 0 0 0 1 
26875431820231;0.448584;0.0180417;0.999516 0.00276308 0.0309799 -0.221147 -0.00158823 0.999281 -0.0378838 0.266861 -0.0310623 0.0378162 0.998802 -0.794208 0 0 0 1 
26875431820232;0.290281;0.0468378;0.968132 -0.179123 0.175028 0.526978 0.13299 0.959908 0.246761 -0.592085 -0.212212 -0.215621 0.953139 1.09093 0 0 0 1 
26875431820233;0.217224;0.0155821;0.995521 -0.0802703 -0.0499521 0.603772 0.0797261 0.996735 -0.0127967 -0.312262 0.0508162 0.00875687 0.99867 -0.307736 0 0 0 1 
26875431820234;0.288361;0.0160475;0.984522 -0.163761 -0.0624449 0.371473 0.168564 0.982313 0.0815254 -1.34046 0.0479898 -0.0907895 0.994713 -0.33436 0 0 0 1 
26875431820235;0.189456;0.0137564;0.975883 -0.157075 -0.151592 0.552595 0.161061 0.986841 0.0143053 -0.786019 0.14735 -0.038376 0.98834 -0.680135 0 0 0 1 
26875431820236;0.315102;0.254848;0.995384 0.0407424 0.0868912 -0.151419 -0.0405833 0.99917 -0.00359763 0.129739 -0.0869656 5.47022e-05 0.996211 0.486106 0 0 0 1 
26875431820237;0.012092;0.0149302;0.999975 -0.00691214 0.0015211 0.0348404 0.00690712 0.999971 0.00327933 -0.057792 -0.00154372 -0.00326874 0.999993 0.0321732 0 0 0 1 
26875431820238;0.26454;0.0281847;0.959495 -0.257929 0.113319 0.459352 0.247533 0.963904 0.0980645 -1.35811 -0.134522 -0.0660423 0.988707 0.932995 0 0 0 1 
26875431820239;0.246987;0.0147494;0.999384 0.0318431 0.0147687 -0.28416 -0.0332113 0.994004 0.104182 -0.334823 -0.0113627 -0.104608 0.994449 0.161506 0 0 0 1 
26875431820240;0.363487;0.170773;0.971355 0.214454 -0.102369 -0.228156 -0.206389 0.974868 0.0838856 0.930453 0.117786 -0.0603548 0.991203 -0.678933 0 0 0 1 
26875431820241;0.468508;0.268571;0.992168 -0.12352 0.0185762 -0.145352 0.123895 0.992081 -0.0206204 -0.713952 -0.015882 0.0227604 0.999615 0.418887 0 0 0 1 
26875431820242;0.496458;0.202655;0.988855 -0.138176 -0.0554347 0.389099 0.146965 0.965485 0.215036 -1.24546 0.0238086 -0.220787 0.975031 -0.271222 0 0 0 1 
26875431820243;0.419239;0.224298;0.980193 0.052314 0.191008 -0.326239 -0.0469948 0.998374 -0.0322754 0.268836 -0.192386 0.0226597 0.981058 0.700249 0 0 0 1 
26875431820244;0.327061;0.0199378;0.999977 -0.00661195 0.00132296 -0.470759 0.00671731 0.993917 -0.109926 0.476058 -0.000588087 0.109933 0.993939 -0.0259187 0 0 0 1 
26875431820245;0.440644;0.140618;0.964854 0.00260836 0.262773 -0.388341 -0.0225252 0.997091 0.0728111 -0.122326 -0.261819 -0.0761712 0.962106 1.03162 0 0 0 1 
26875431820246;0.33651;0.0159682;0.988756 -0.0599889 0.13698 -0.0500768 0.0474681 0.994542 0.0929123 -0.65189 -0.141806 -0.0853654 0.986207 0.251321 0 0 0 1 
26875431820248;0.482971;0.253697;0.985218 -0.069343 -0.156643 0.251632 0.0821298 0.993667 0.0766836 -0.140794 0.150333 -0.0884151 0.984674 -1.1102 0 0 0 1 
26875431820249;0.481186;0.0139073;0.970264 -0.194426 -0.144174 0.349662 0.183242 0.979184 -0.0872965 -0.732177 0.158146 0.0582819 0.985694 0.265409 0 0 0 1 
26875431820250;0.362957;0.0181675;0.965905 0.225399 0.127367 0.144066 -0.209638 0.969615 -0.126091 1.52347 -0.151917 0.095091 0.983808 0.469915 0 0 0 1 
26875431820251;0.294996;0.0171864;0.995325 0.0951952 -0.0162987 0.645355 -0.0939974 0.99358 0.0629535 0.102853 0.0221869 -0.0611271 0.997883 -0.354826 0 0 0 1 
26875431820252;0.28587;0.0161347;0.999651 -0.0262648 -0.00292134 0.319864 0.0262693 0.999654 0.00151173 -0.643313 0.00288063 -0.00158794 0.999995 0.219066 0 0 0 1 
26875431820253;0.612372;0.00811215;0.959585 0.0888269 -0.267034 1.13904 -0.0252852 0.972255 0.232551 -0.963058 0.280282 -0.216401 0.935207 -1.13144 0 0 0 1 
26875431820254;0.431445;0.385268;0.99955 0.029565 0.00515087 -0.00589283 -0.0293751 0.999 -0.033702 0.234233 -0.00614212 0.0335355 0.999419 -0.0524893 0 0 0 1 
