#;prob_registration_l1 -r /home/probabilistic_point_clouds_registration/build/tester /home/point_clouds_registration_benchmark//devel/registration_pairs/wood_summer_local.txt /home/point_clouds_registration_benchmark//eth/wood_summer -s 0.2 -t 0.2 -p 0.3 -r 1000 -m 5 -i 40 
id;initial_error;final_error;transformation
2318808360000;0.0774618;0.00858049;0.998153 0.0438772 0.0420086 -0.455089 -0.0437186 0.999033 -0.00468871 0.469105 -0.0421737 0.00284349 0.999106 0.300592 0 0 0 1 
2318808360001;0.306883;0.0101235;0.997287 0.0703832 -0.0215795 -0.11402 -0.0707014 0.997394 -0.0143574 0.600579 0.0205127 0.0158441 0.999664 -0.451113 0 0 0 1 
2318808360002;0.495258;0.364281;0.995367 -0.0878418 -0.0390885 0.932563 0.0881121 0.996097 0.00524353 -0.753613 0.0384753 -0.00866341 0.999222 0.257277 0 0 0 1 
2318808360003;0.524546;0.452822;0.999597 -0.0270192 0.0087297 0.171889 0.0268274 0.999411 0.0213842 -0.260987 -0.00930235 -0.0211414 0.999733 0.179184 0 0 0 1 
2318808360004;0.20511;0.0115673;0.997743 -0.0639064 0.0206007 0.633901 0.0639041 0.997956 0.000766285 -0.528157 -0.0206075 0.000551913 0.999787 -0.225697 0 0 0 1 
2318808360005;0.440296;0.383001;0.999831 -0.0165377 -0.00808019 0.137044 0.016824 0.999183 0.0367513 -0.208248 0.0074658 -0.036881 0.999292 0.158556 0 0 0 1 
2318808360006;0.169359;0.00898926;0.996277 -0.0841669 0.0186578 1.05097 0.0845685 0.996177 -0.0218945 -0.425864 -0.0167437 0.0233909 0.999586 0.0446994 0 0 0 1 
2318808360007;0.299345;0.261859;0.999541 -0.0280924 0.0113499 0.225811 0.0279342 0.999514 0.0138649 -0.29863 -0.0117338 -0.0135415 0.999839 0.181739 0 0 0 1 
2318808360008;0.34518;0.304229;0.999123 0.0123308 0.0400151 -0.267853 -0.0129377 0.999805 0.0149434 0.0235369 -0.039823 -0.015448 0.999087 0.561626 0 0 0 1 
2318808360009;0.553788;0.502448;0.999592 0.0234955 0.0162518 -0.22481 -0.0232461 0.999612 -0.0153684 0.131326 -0.0166066 0.0149843 0.99975 0.0387934 0 0 0 1 
2318808360010;0.296129;0.00686578;0.99253 -0.121987 -0.00172549 1.2046 0.121962 0.991782 0.0386539 -1.23105 -0.00300395 -0.0385756 0.999251 0.000723619 0 0 0 1 
2318808360011;0.267088;0.213471;0.999605 -0.0200342 0.0197203 0.19195 0.0197412 0.999694 0.0149383 -0.141481 -0.0200136 -0.0145431 0.999694 0.418381 0 0 0 1 
2318808360012;0.117207;0.00715245;0.9965 -0.00254293 -0.0835599 0.0886168 0.00646976 0.998885 0.0467571 -0.185604 0.0833479 -0.047134 0.995405 -0.296036 0 0 0 1 
2318808360013;0.297157;0.00737545;0.997025 -0.0506852 0.058069 0.00118168 0.0527519 0.998007 -0.0346258 -0.630393 -0.0561982 0.0375861 0.997712 -0.0670977 0 0 0 1 
2318808360014;0.320442;0.0123268;0.999948 0.00990521 0.00221479 -0.0449513 -0.00990021 0.999948 -0.00225613 0.0920316 -0.00223703 0.00223409 0.999995 -0.634224 0 0 0 1 
2318808360015;0.329054;0.27154;0.999175 0.0395787 0.00908547 -0.546267 -0.0391712 0.998377 -0.0413365 0.29076 -0.0107068 0.0409465 0.999104 -0.461891 0 0 0 1 
2318808360016;0.335073;0.00763959;0.999266 0.0382762 -0.0015204 -0.278182 -0.0382706 0.999261 0.00353104 -0.0340887 0.00165443 -0.00347026 0.999993 -0.54091 0 0 0 1 
2318808360017;0.483715;0.0100093;0.971952 0.229819 -0.0499249 -2.52771 -0.230104 0.973166 4.81045e-05 1.82005 0.0485963 0.0114412 0.998753 0.215016 0 0 0 1 
2318808360018;0.313611;0.289368;0.999186 -0.0369835 -0.0160885 0.353789 0.0370798 0.999296 0.00572551 -0.280076 0.0158655 -0.00631741 0.999854 -0.0338648 0 0 0 1 
2318808360019;0.502137;0.461786;0.999958 0.00655842 0.00642493 -0.0617874 -0.00653436 0.999972 -0.00375803 -0.0376517 -0.0064494 0.00371589 0.999972 -0.0814273 0 0 0 1 
2318808360020;0.421809;0.00713715;0.966584 0.0248071 0.255146 -0.54309 -0.00205333 0.996024 -0.089062 0.275516 -0.25634 0.085562 0.962792 0.502893 0 0 0 1 
2318808360021;0.393879;0.24774;0.987316 -0.0113723 -0.158359 0.598049 0.00696278 0.999573 -0.028372 -0.258869 0.158614 0.0269096 0.986974 -1.40549 0 0 0 1 
2318808360022;0.404256;0.0116028;0.994992 0.0385244 -0.0922303 -0.296652 -0.0451998 0.996422 -0.0714177 1.16764 0.089149 0.0752289 0.993173 -1.7889 0 0 0 1 
2318808360023;0.175152;0.00873111;0.979483 -0.189911 0.0674337 1.9946 0.193141 0.980135 -0.0450756 -1.27212 -0.0575337 0.057175 0.996705 -0.108142 0 0 0 1 
2318808360024;0.438639;0.00407059;0.992864 0.0119242 -0.118658 -0.787522 -0.0249791 0.993711 -0.109151 0.403088 0.11661 0.111336 0.986918 -2.11964 0 0 0 1 
2318808360025;0.493149;0.00722933;0.985089 -0.171624 -0.012036 1.75573 0.171142 0.984675 -0.0335499 -0.649437 0.0176095 0.0309898 0.999365 0.295092 0 0 0 1 
2318808360026;0.26214;0.00813855;0.979859 0.0193419 -0.198753 -0.141783 -0.00642876 0.997838 0.0654118 -0.0513949 0.199588 -0.0628166 0.977864 -0.569656 0 0 0 1 
2318808360027;0.301824;0.279146;0.999743 0.0216897 0.00660903 -0.233888 -0.0214181 0.999021 -0.0387137 0.197562 -0.00744225 0.0385621 0.999228 -0.292485 0 0 0 1 
2318808360028;0.111442;0.00595325;0.999078 -0.0267845 -0.0335396 0.335546 0.030922 0.991079 0.129637 -0.357136 0.0297681 -0.130555 0.990994 1.11639 0 0 0 1 
2318808360029;0.556383;0.0752893;0.995134 -0.0567936 -0.0805206 0.128385 0.07973 0.944283 0.319331 -0.439062 0.0578983 -0.324197 0.944216 3.60763 0 0 0 1 
2318808360031;0.47988;0.430637;0.999849 0.00139364 -0.017308 0.134718 -0.00107967 0.999835 0.0181362 -0.0184711 0.0173304 -0.0181148 0.999686 -0.0444983 0 0 0 1 
2318808360032;0.536016;0.496821;0.999302 0.0353868 -0.0120049 -0.382239 -0.0358496 0.998523 -0.0408189 0.541333 0.0105427 0.0412207 0.999094 -0.354287 0 0 0 1 
2318808360033;0.38485;0.00792641;0.988426 0.147224 0.0366005 -1.36429 -0.146983 0.989096 -0.0092096 1.20413 -0.0375573 0.00372336 0.999288 -0.409329 0 0 0 1 
2318808360034;0.495664;0.443123;0.999977 0.00611833 0.00298366 -0.0391005 -0.00611963 0.999981 0.000426844 0.083727 -0.00298099 -0.000445093 0.999995 -0.161385 0 0 0 1 
2318808360035;0.329409;0.00790943;0.993303 0.10571 -0.0466289 -0.813924 -0.105981 0.994362 -0.00338046 1.11936 0.0460086 0.00829961 0.998907 -1.01932 0 0 0 1 
2318808360036;0.430313;0.292816;0.99159 0.0359424 -0.124328 0.0961587 -0.0386715 0.99906 -0.019607 0.305257 0.123507 0.0242501 0.992047 -1.20901 0 0 0 1 
2318808360037;0.120765;0.00822766;0.993971 0.0125377 -0.108927 0.0351499 -0.0254417 0.9927 -0.117897 0.482565 0.106654 0.119957 0.987034 -2.12979 0 0 0 1 
2318808360038;0.516165;0.00798346;0.976498 -0.184252 0.111816 1.81348 0.182139 0.982848 0.0289148 -1.97719 -0.115225 -0.00786927 0.993308 1.71323 0 0 0 1 
2318808360039;0.413132;0.00824398;0.972677 -0.126774 0.194495 1.07724 0.120022 0.991697 0.0461608 -0.55026 -0.198732 -0.0215558 0.979817 2.34673 0 0 0 1 
2318808360040;0.306491;0.00919548;0.98984 0.115721 -0.0826172 -0.79861 -0.101891 0.982565 0.155511 0.840119 0.0991726 -0.145513 0.984373 0.361557 0 0 0 1 
2318808360041;0.475776;0.389634;0.999565 -0.0285346 -0.00743014 0.192856 0.0284507 0.999533 -0.0111619 -0.0935105 0.00774517 0.0109457 0.99991 0.20117 0 0 0 1 
2318808360042;0.392346;0.0131963;0.994437 0.0456059 0.0949531 -0.575684 -0.0455142 0.998959 -0.0031322 0.40129 -0.0949971 -0.00120694 0.995477 1.56726 0 0 0 1 
2318808360043;0.212163;0.00763583;0.992079 0.0623107 -0.109073 -0.443318 -0.0342526 0.969584 0.242352 0.27372 0.120857 -0.236696 0.964038 1.65918 0 0 0 1 
2318808360044;0.216595;0.00667375;0.988876 0.117525 -0.0911763 -1.36027 -0.111297 0.991273 0.07064 0.69126 0.0986826 -0.0597065 0.993326 -0.0305012 0 0 0 1 
2318808360045;0.469606;0.258361;0.982662 0.0549458 -0.177075 -0.156545 -0.101873 0.957997 -0.268072 2.00486 0.154908 0.281464 0.946986 -3.75252 0 0 0 1 
2318808360046;0.276896;0.00619062;0.999203 0.0193175 0.0349312 -0.0237769 -0.0191253 0.9998 -0.00582867 -0.316633 -0.0350368 0.00515595 0.999373 0.0718949 0 0 0 1 
2318808360047;0.219223;0.00921731;0.96413 -0.134482 -0.228839 2.00137 0.129605 0.990902 -0.0362801 -0.783522 0.231636 0.00532015 0.972788 -2.00133 0 0 0 1 
2318808360048;0.2746;0.226355;0.998232 -0.00507402 0.0592202 -0.0223808 0.00464123 0.999962 0.00744345 -0.0563132 -0.0592557 -0.00715544 0.998217 0.543923 0 0 0 1 
2318808360049;0.475244;0.440925;0.999794 -0.0168586 -0.011292 0.20507 0.0169005 0.999851 0.00362462 -0.101365 0.0112293 -0.00381471 0.99993 -0.121555 0 0 0 1 
2318808360050;0.266943;0.0105149;0.954824 -0.297142 -0.00417785 3.65527 0.297157 0.954822 0.0036504 -2.04175 0.00290442 -0.00472697 0.999985 -0.164243 0 0 0 1 
2318808360051;0.316495;0.0104427;0.976062 -0.0570845 0.209866 0.597834 0.0270779 0.989328 0.143166 -0.392588 -0.215799 -0.134056 0.967192 3.774 0 0 0 1 
2318808360052;0.442125;0.413592;0.99915 0.0340647 0.023202 -0.380511 -0.0337169 0.999315 -0.0152231 0.356949 -0.0237047 0.0144279 0.999615 0.112911 0 0 0 1 
2318808360053;0.502153;0.00589808;0.999333 -0.0339569 0.0134008 1.08089 0.031954 0.991171 0.12868 -0.441671 -0.017652 -0.128166 0.991596 2.23028 0 0 0 1 
2318808360054;0.189299;0.00830583;0.967648 -0.251742 -0.0168421 3.04414 0.249504 0.964691 -0.0843802 -1.60682 0.0374894 0.0774481 0.996291 -1.1825 0 0 0 1 
2318808360055;0.56348;0.0688382;0.963134 0.127766 -0.236746 -0.212294 -0.155087 0.982771 -0.100549 2.19043 0.219821 0.133558 0.966355 -3.17715 0 0 0 1 
2318808360056;0.0419399;0.00916887;0.998585 0.0501282 -0.017778 -0.501808 -0.0500137 0.998725 0.00682555 0.392345 0.0180974 -0.00592675 0.999819 -0.0765747 0 0 0 1 
2318808360057;0.467263;0.00621267;0.997617 -0.0689583 -0.00235783 0.906373 0.0688668 0.99724 -0.0277274 -1.28947 0.00426335 0.0274989 0.999613 -0.830914 0 0 0 1 
2318808360058;0.291617;0.00707988;0.999941 0.00653265 0.00873577 -0.0291643 -0.00768033 0.990324 0.13856 0.52502 -0.00774608 -0.138618 0.990316 1.82144 0 0 0 1 
2318808360059;0.25976;0.00720266;0.975389 0.0248043 -0.21909 0.401545 -0.0411362 0.996677 -0.0702998 0.474316 0.216619 0.0775822 0.973169 -2.34687 0 0 0 1 
2318808360060;0.11731;0.00448391;0.991698 0.0994793 0.0814832 -1.15044 -0.0953587 0.994031 -0.0529991 0.959294 -0.0862691 0.0447889 0.995265 0.231766 0 0 0 1 
2318808360062;0.468711;0.394916;0.998463 0.0320875 -0.0451809 -0.0416303 -0.0299893 0.998474 0.0463765 0.0654794 0.0466001 -0.0449503 0.997902 0.0546932 0 0 0 1 
2318808360063;0.468392;0.0102609;0.992727 -0.119357 0.0157187 -0.424066 0.117028 0.987395 0.106566 -1.13666 -0.0282399 -0.103951 0.994181 -0.0427088 0 0 0 1 
2318808360064;0.317402;0.189621;0.994045 0.10857 0.0092796 -0.368814 -0.108566 0.994089 -0.000901996 0.579423 -0.00932268 -0.000110828 0.999957 -0.364826 0 0 0 1 
2318808360065;0.263432;0.22803;0.999508 -0.0313182 0.00159388 0.134477 0.031293 0.999413 0.013908 -0.227973 -0.00202852 -0.0138513 0.999902 0.106853 0 0 0 1 
2318808360066;0.238324;0.0120837;0.999506 -0.0314218 0.000682855 -0.36984 0.0314085 0.9994 0.014571 -0.400865 -0.00114029 -0.0145423 0.999894 0.159154 0 0 0 1 
2318808360067;0.429905;0.00444156;0.993136 0.0982334 -0.0634845 0.730586 -0.0945134 0.993764 0.0591651 0.615538 0.0689005 -0.0527588 0.996227 -0.520608 0 0 0 1 
2318808360068;0.55967;0.506041;0.998664 -0.0243738 -0.045556 0.191046 0.0248568 0.99964 0.010066 -0.235477 0.0452942 -0.011185 0.998911 -0.270764 0 0 0 1 
2318808360069;0.324897;0.00807825;0.99739 0.064411 0.0326234 0.173139 -0.064829 0.997825 0.0119214 0.129869 -0.0317846 -0.0140052 0.999397 -0.353521 0 0 0 1 
2318808360070;0.327797;0.00613172;0.995881 0.0561248 0.0712133 0.493996 -0.0520799 0.99699 -0.0574387 0.322806 -0.0742227 0.0534933 0.995806 0.0811696 0 0 0 1 
2318808360071;0.127608;0.00670371;0.989224 0.121697 0.081396 -0.438336 -0.122015 0.992528 -0.00107347 0.773329 -0.0809185 -0.00886963 0.996681 0.449132 0 0 0 1 
2318808360072;0.27755;0.19067;0.995627 -0.0827458 -0.0433577 0.205638 0.0832284 0.996486 0.00944185 -0.454523 0.0424241 -0.0130092 0.999015 -0.37888 0 0 0 1 
2318808360073;0.377754;0.00860992;0.992603 -0.0639516 0.103196 -0.00848971 0.0801552 0.983625 -0.161421 0.0438698 -0.0911826 0.168499 0.981475 -0.67212 0 0 0 1 
2318808360074;0.367604;0.346947;0.99941 -0.0321869 -0.0120013 0.202749 0.0322161 0.999478 0.00224732 -0.276312 0.0119227 -0.00263263 0.999925 -0.0105902 0 0 0 1 
2318808360075;0.223733;0.186828;0.998732 -0.0119687 0.0488929 0.13211 0.0118933 0.999928 0.00183422 -0.208265 -0.0489113 -0.0012504 0.998802 0.350022 0 0 0 1 
2318808360076;0.344651;0.236533;0.999747 -0.0168517 -0.0149041 0.256541 0.0173107 0.999362 0.0312258 -0.191793 0.0143684 -0.0314759 0.999401 0.167548 0 0 0 1 
2318808360077;0.167206;0.00444103;0.994719 0.0303618 0.09804 -0.0274942 -0.0330066 0.999131 0.0254683 0.469329 -0.0971815 -0.0285698 0.994857 0.545413 0 0 0 1 
2318808360078;0.455663;0.417654;0.999596 0.0161168 0.0234189 -0.40959 -0.0163879 0.9998 0.0114333 0.0124291 -0.0232299 -0.0118125 0.99966 -0.21249 0 0 0 1 
2318808360079;0.349782;0.0231636;0.991768 0.0783114 0.101305 -0.193919 -0.0911116 0.987501 0.128612 0.512102 -0.0899669 -0.136784 0.986507 1.62782 0 0 0 1 
2318808360080;0.31557;0.24574;0.999094 0.0182185 -0.0384648 -0.107778 -0.0152236 0.996933 0.0767675 -0.063241 0.0397454 -0.0761123 0.996307 -0.0429592 0 0 0 1 
2318808360081;0.265138;0.224533;0.999249 0.0385913 0.00344369 -0.175972 -0.0384462 0.998638 -0.0352602 0.292915 -0.00479973 0.0351013 0.999372 0.0214457 0 0 0 1 
2318808360082;0.291619;0.279802;0.999451 0.0277273 -0.0181328 -0.0304059 -0.0280234 0.999475 -0.0162874 0.129859 0.0176716 0.0167866 0.999703 -0.140751 0 0 0 1 
2318808360083;0.406111;0.00680772;0.989221 -0.145575 0.0158212 -0.0183144 0.144053 0.986848 0.0733521 -0.921426 -0.0262914 -0.0702823 0.997181 -0.383062 0 0 0 1 
2318808360084;0.25521;0.236221;0.999913 0.0130946 0.00177517 0.0460281 -0.0130458 0.999598 -0.0251807 0.0870596 -0.00210418 0.0251553 0.999681 -0.0220426 0 0 0 1 
2318808360085;0.097134;0.00925582;0.999227 -0.0114628 0.0376034 -0.0297426 0.0106119 0.999685 0.0227508 0.00605426 -0.0378524 -0.0223341 0.999034 0.46621 0 0 0 1 
2318808360086;0.630308;0.598866;0.999575 0.00912517 -0.0276889 0.0307824 -0.00863531 0.999805 0.0177599 0.0102284 0.0278456 -0.0175132 0.999459 -0.142783 0 0 0 1 
2318808360087;0.164964;0.00899971;0.988584 0.146671 0.0344762 -0.344756 -0.142229 0.983958 -0.107691 1.11197 -0.0497183 0.101558 0.993586 -0.00195821 0 0 0 1 
2318808360088;0.426784;0.398851;0.999768 0.0143832 0.0160172 0.00571406 -0.0142849 0.999879 -0.00623211 0.0359583 -0.0161049 0.00600187 0.999852 0.1913 0 0 0 1 
2318808360089;0.0156956;0.00733454;0.999807 -0.0166878 -0.010359 0.0713007 0.0168402 0.999749 0.0148062 -0.10354 0.0101093 -0.0149778 0.999837 -0.0122877 0 0 0 1 
2318808360090;0.105965;0.00640827;0.999839 0.00809494 -0.0160147 -0.161339 -0.00831227 0.999874 -0.013551 0.211789 0.015903 0.0136819 0.99978 -0.0440721 0 0 0 1 
2318808360091;0.471367;0.401927;0.999844 0.0049769 -0.0169727 -0.164863 -0.00568793 0.999097 -0.042105 0.304144 0.0167478 0.042195 0.998969 -0.215488 0 0 0 1 
2318808360093;0.358587;0.00624489;0.99458 0.0943633 0.0436534 -0.126583 -0.0950696 0.995367 0.0143914 0.951792 -0.0420931 -0.0184635 0.998943 -0.525992 0 0 0 1 
2318808360094;0.104341;0.00581051;0.99705 0.0767281 0.00200356 0.111749 -0.0766276 0.996564 -0.0314262 0.302516 -0.00440795 0.03118 0.999504 0.120042 0 0 0 1 
2318808360095;0.369651;0.223772;0.997908 -0.0643754 0.00598882 -0.0422232 0.0644412 0.997855 -0.011531 -0.209426 -0.00523366 0.0118928 0.999916 -0.427239 0 0 0 1 
2318808360096;0.316121;0.00604771;0.999592 0.0271436 -0.00892142 0.709485 -0.0270354 0.999562 0.0120309 0.28502 0.00924408 -0.0117848 0.999888 0.335576 0 0 0 1 
2318808360097;0.369151;0.306303;0.998102 0.0328518 0.0520921 0.000196641 -0.0321837 0.999389 -0.0136126 0.100144 -0.0525074 0.0119103 0.99855 0.160583 0 0 0 1 
2318808360098;0.287285;0.214041;0.999327 -0.0332359 0.0155197 -0.128192 0.0329709 0.999311 0.0170258 -0.245469 -0.0160748 -0.0165026 0.999735 -0.113626 0 0 0 1 
2318808360099;0.367143;0.344573;0.999569 -0.0242136 0.0166019 -0.0260509 0.0244587 0.999592 -0.0147215 -0.0842911 -0.0162387 0.0151212 0.999754 -0.0262083 0 0 0 1 
2318808360100;0.403666;0.0064208;0.988721 -0.141599 -0.0487823 1.00125 0.145505 0.985349 0.0889701 -0.699032 0.0354696 -0.0950648 0.994839 -0.570736 0 0 0 1 
2318808360101;0.302239;0.0185384;0.950412 -0.161304 0.26589 -0.203192 0.17172 0.985012 -0.0162404 -0.890622 -0.259285 0.0610938 0.963867 1.29523 0 0 0 1 
2318808360102;0.281834;0.255669;0.99996 0.00786562 -0.00414834 -0.0340527 -0.00774771 0.999586 0.0277118 -0.0395279 0.00436459 -0.0276786 0.999607 -0.053942 0 0 0 1 
2318808360103;0.378578;0.330883;0.99773 0.0440078 -0.0509683 0.075472 -0.0426809 0.998728 0.0268353 0.247267 0.0520844 -0.024599 0.99834 -0.271743 0 0 0 1 
2318808360104;0.557659;0.490171;0.99978 -0.0173757 0.0117135 -0.0919878 0.0175368 0.999751 -0.0137993 -0.0261256 -0.0114708 0.0140017 0.999836 -0.123571 0 0 0 1 
2318808360105;0.460355;0.407439;0.999888 -0.0139263 0.00547827 0.0198329 0.0139134 0.9999 0.00237737 -0.0680714 -0.00551083 -0.00230088 0.999982 -0.150059 0 0 0 1 
2318808360106;0.53681;0.267254;0.991038 0.00457261 -0.133501 0.686508 -0.00823395 0.999605 -0.0268864 0.528621 0.133325 0.0277447 0.990684 -0.509727 0 0 0 1 
2318808360107;0.116161;0.00731709;0.994003 -0.018231 0.107821 -0.0464581 0.0282819 0.995317 -0.0924368 -0.0591088 -0.105631 0.0949318 0.989864 0.642733 0 0 0 1 
2318808360108;0.426496;0.0708869;0.987081 0.160212 -0.00195038 0.645571 -0.160183 0.986479 -0.0346379 0.774799 -0.00362541 0.0345028 0.999398 -0.656111 0 0 0 1 
2318808360109;0.361092;0.00891419;0.990148 0.139116 0.015929 -0.816764 -0.138343 0.989482 -0.042258 1.07356 -0.0216403 0.039638 0.99898 -0.0888913 0 0 0 1 
2318808360110;0.188673;0.0113628;0.989008 -0.0353675 -0.143568 0.478818 0.0232228 0.996076 -0.085403 0.165297 0.146025 0.0811302 0.985949 -0.838486 0 0 0 1 
2318808360111;0.302097;0.190728;0.999235 0.0292572 -0.0259562 -0.325525 -0.0273773 0.997168 0.0700417 0.0944666 0.0279319 -0.0692775 0.997206 -0.181238 0 0 0 1 
2318808360112;0.226828;0.204634;0.999616 -0.0239352 -0.0139393 0.0453764 0.0240569 0.999673 0.00862593 -0.123559 0.0137283 -0.00895795 0.999866 -0.0133523 0 0 0 1 
2318808360113;0.311079;0.300807;0.999696 -0.00734866 -0.0235429 -0.0294743 0.00736065 0.999973 0.000422315 -0.0377109 0.0235392 -0.000595478 0.999723 -0.0595509 0 0 0 1 
2318808360114;0.267587;0.00769803;0.990834 -0.0514022 0.124923 -0.0352906 0.050428 0.998668 0.01095 0.0696694 -0.12532 -0.00454995 0.992106 1.18384 0 0 0 1 
2318808360115;0.283003;0.208928;0.99891 -0.0425195 0.019244 -0.183845 0.0412583 0.997237 0.0617693 -0.285084 -0.0218172 -0.060908 0.997905 0.291069 0 0 0 1 
2318808360116;0.15967;0.0092826;0.999998 0.00149419 0.0015766 0.228152 -0.00149499 0.999999 0.000510692 0.0261658 -0.00157583 -0.000513048 0.999999 -0.320414 0 0 0 1 
2318808360117;0.274094;0.166597;0.996096 0.0482124 -0.0739416 0.24713 -0.0521702 0.997254 -0.0525624 0.357346 0.0712044 0.0562148 0.995876 -0.447379 0 0 0 1 
2318808360118;0.309171;0.00919107;0.995942 -0.062064 0.0651665 0.204523 0.0687966 0.991904 -0.106741 -0.0423524 -0.0580141 0.110791 0.992149 0.951004 0 0 0 1 
2318808360119;0.136528;0.109193;0.999922 0.00289732 -0.0121666 -0.00202969 -0.00238437 0.999116 0.0419651 -0.00763123 0.0122775 -0.0419328 0.999045 0.00558414 0 0 0 1 
2318808360120;0.394337;0.0720386;0.977646 -0.209844 0.0132163 0.173108 0.209982 0.977654 -0.0100673 -0.993326 -0.0108084 0.0126174 0.999862 -0.716648 0 0 0 1 
2318808360121;0.407083;0.354128;0.999055 -0.0267469 0.0342613 -0.171631 0.0265303 0.999625 0.00676326 -0.182246 -0.0344293 -0.00584791 0.99939 -0.0364874 0 0 0 1 
2318808360122;0.325576;0.0123399;0.961958 0.0187383 -0.272554 0.871602 -0.00449272 0.998595 0.0527976 -0.0727071 0.27316 -0.0495646 0.960691 -0.990828 0 0 0 1 
2318808360124;0.330187;0.0101038;0.954726 -0.161123 0.250075 1.64522 0.115221 0.975292 0.188492 -1.10118 -0.274266 -0.151144 0.949702 3.3494 0 0 0 1 
2318808360125;0.152771;0.011719;0.989102 -0.147169 -0.00435296 1.52713 0.147218 0.988995 0.0147243 -1.20879 0.00213809 -0.0152047 0.999882 0.225037 0 0 0 1 
2318808360126;0.0910746;0.012591;0.99789 0.00746597 -0.0644994 -0.108138 -0.00943389 0.999498 -0.0302603 0.185673 0.064241 0.0308049 0.997459 -0.83008 0 0 0 1 
2318808360127;0.146509;0.00717148;0.992958 -0.108782 0.0469043 1.0554 0.10685 0.993392 0.0419046 -0.81104 -0.0511529 -0.0365978 0.99802 0.957193 0 0 0 1 
2318808360128;0.288596;0.239696;0.996596 0.0283904 -0.0774003 -0.145868 -0.0298201 0.999404 -0.0173786 0.176447 0.0768608 0.0196275 0.996849 -0.652335 0 0 0 1 
2318808360129;0.489639;0.402832;0.99747 -0.0251105 -0.0665109 0.516675 0.0184043 0.994859 -0.0995868 0.0306492 0.0686697 0.0981107 0.992803 -1.4011 0 0 0 1 
2318808360130;0.532869;0.445323;0.999801 -0.0153303 0.0128006 -0.0562093 0.0149443 0.999446 0.0297231 -0.15124 -0.0132492 -0.0295258 0.999476 0.42903 0 0 0 1 
2318808360131;0.255773;0.00905525;0.998467 -0.0106862 0.0543093 -0.0663502 0.00566772 0.995768 0.0917327 -0.169102 -0.0550597 -0.0912843 0.994302 0.847089 0 0 0 1 
2318808360132;0.368015;0.335547;0.998828 0.0302627 0.037777 -0.45329 -0.0289678 0.998989 -0.0343663 0.266027 -0.0387789 0.0332317 0.998695 -0.035248 0 0 0 1 
2318808360133;0.203483;0.164554;0.999745 0.0201073 -0.0102806 -0.22841 -0.0197591 0.999263 0.0329233 0.00482839 0.0109351 -0.0327118 0.999405 0.184992 0 0 0 1 
2318808360134;0.215895;0.0122152;0.996988 -0.0194411 -0.075075 0.611911 0.0165333 0.999096 -0.0391612 -0.230156 0.0757685 0.037802 0.996409 -0.759964 0 0 0 1 
2318808360135;0.357096;0.160198;0.983453 0.0565968 -0.172098 -0.149373 -0.0655878 0.996739 -0.0470094 0.727408 0.168876 0.0575191 0.983958 -1.45945 0 0 0 1 
2318808360136;0.39267;0.0153862;0.990828 -0.0902356 0.100589 0.892029 0.103675 0.985053 -0.137557 -0.0611862 -0.0866728 0.146724 0.985373 -0.261906 0 0 0 1 
2318808360137;0.205186;0.00709386;0.980695 -0.0149889 -0.194968 0.701155 0.0208344 0.999392 0.0279653 -0.21227 0.19443 -0.0314874 0.980411 -1.19245 0 0 0 1 
2318808360138;0.524941;0.00926093;0.985474 -0.162026 0.0508762 1.36297 0.161942 0.986783 0.0057839 -1.34001 -0.0511409 0.00253913 0.998688 -0.576737 0 0 0 1 
2318808360139;0.224459;0.0125264;0.991448 0.12168 -0.0471741 -1.12215 -0.129361 0.96405 -0.232104 1.74485 0.0172358 0.236222 0.971546 -2.41941 0 0 0 1 
2318808360140;0.242736;0.00988172;0.992533 0.0655893 0.102843 -0.764315 -0.0559951 0.994038 -0.0935543 0.727873 -0.108366 0.0870971 0.990288 -0.414501 0 0 0 1 
2318808360141;0.27546;0.239797;0.999112 0.0173793 0.0383817 -0.227939 -0.0168546 0.999761 -0.0139531 0.121176 -0.038615 0.0132938 0.999166 0.0425887 0 0 0 1 
2318808360142;0.19755;0.0142217;0.993561 -0.104314 0.04421 0.937943 0.104102 0.994542 0.00706942 -0.589857 -0.0447061 -0.00242156 0.998997 0.0641777 0 0 0 1 
2318808360143;0.359468;0.0098316;0.97002 -0.0732706 -0.231716 1.11347 0.0787338 0.996792 0.0144047 -0.682656 0.229917 -0.0322167 0.972677 -0.812108 0 0 0 1 
2318808360144;0.260225;0.0125682;0.982747 -0.178542 0.0482771 1.62733 0.1833 0.975022 -0.12543 -0.930012 -0.0246767 0.132115 0.990927 -1.39229 0 0 0 1 
2318808360145;0.465801;0.0595499;0.936008 -0.200469 0.28931 2.1689 0.211651 0.977316 -0.00755466 -1.36493 -0.281233 0.068304 0.957206 2.10983 0 0 0 1 
2318808360146;0.208847;0.177887;0.999564 -0.0283594 -0.00823462 0.265812 0.0281132 0.999195 -0.0286125 -0.160073 0.00903943 0.0283686 0.999557 -0.375626 0 0 0 1 
2318808360147;0.522631;0.0102212;0.94844 0.258989 0.182717 -2.73389 -0.22857 0.958249 -0.1718 2.51187 -0.219583 0.121179 0.968039 -0.240634 0 0 0 1 
2318808360148;0.348601;0.227326;0.997549 0.0391096 0.0580131 -0.495053 -0.041381 0.998402 0.0384825 0.118428 -0.0564153 -0.0407888 0.997574 1.0773 0 0 0 1 
2318808360149;0.220362;0.00701636;0.985121 0.16878 -0.0323973 -1.58615 -0.169802 0.984962 -0.0318945 1.53168 0.026527 0.0369211 0.998966 -0.8816 0 0 0 1 
2318808360150;0.310305;0.0130577;0.997268 0.0677888 0.0293392 -0.982445 -0.0693225 0.996084 0.0548666 0.53721 -0.0255049 -0.0567506 0.998063 0.223238 0 0 0 1 
2318808360151;0.0639999;0.0106964;0.998951 0.0245508 -0.0386452 -0.172423 -0.0230902 0.999019 0.0377992 0.123238 0.0395353 -0.0368673 0.998538 0.126755 0 0 0 1 
2318808360152;0.508923;0.266135;0.998996 0.0403311 -0.0194919 -0.0367003 -0.04064 0.99905 -0.0157168 0.292659 0.0188395 0.0164932 0.999686 0.206788 0 0 0 1 
2318808360153;0.520442;0.289551;0.998296 0.0581031 -0.00539882 -0.674481 -0.0582147 0.998027 -0.0235309 0.389199 0.00402095 0.0238051 0.999709 0.299629 0 0 0 1 
2318808360155;0.242296;0.0121888;0.969679 0.000406861 0.244382 0.210984 0.0449238 0.982661 -0.179888 -0.0211529 -0.240218 0.185412 0.952847 -0.0190627 0 0 0 1 
2318808360156;0.545461;0.433537;0.999549 -0.0195405 0.0227981 0.107324 0.0194804 0.999806 0.00285587 -0.238072 -0.0228494 -0.00241047 0.999736 -0.0317499 0 0 0 1 
2318808360157;0.417219;0.399127;0.994905 -0.0891778 -0.0470166 0.703263 0.0864068 0.99457 -0.057999 -0.511566 0.0519336 0.0536409 0.997209 -0.649782 0 0 0 1 
2318808360158;0.428586;0.409721;0.999306 0.0152519 -0.033977 -0.127844 -0.0158147 0.999741 -0.0163567 0.146636 0.0337188 0.0168827 0.999289 -0.226774 0 0 0 1 
2318808360159;0.360686;0.338104;0.999564 -0.027291 0.0113094 0.209057 0.0275969 0.999232 -0.0278349 -0.101526 -0.0105411 0.0281349 0.999549 -0.0950475 0 0 0 1 
2318808360160;0.334724;0.19658;0.97621 0.0269089 0.215152 -0.304823 -0.016179 0.998543 -0.0514781 0.0471086 -0.216224 0.0467725 0.975223 1.04908 0 0 0 1 
2318808360161;0.319806;0.284572;0.999519 0.022581 0.0212799 -0.310155 -0.0229462 0.999591 0.0170781 0.0214436 -0.0208856 -0.0175582 0.999628 0.221518 0 0 0 1 
2318808360162;0.00881013;0.00747992;0.999993 0.00159299 0.00338752 -0.0122101 -0.00159574 0.999998 0.000809029 -0.00311122 -0.00338623 -0.000814429 0.999994 0.0475575 0 0 0 1 
2318808360163;0.15049;0.00917166;0.995407 0.0956831 -0.0030732 -0.932143 -0.0956968 0.9954 -0.00465783 0.548856 0.00261338 0.00493054 0.999984 0.0868497 0 0 0 1 
2318808360164;0.34564;0.329646;0.999852 0.00652389 0.0159493 -0.129354 -0.0061171 0.999658 -0.025422 0.0919037 -0.0161097 0.0253207 0.99955 -0.151591 0 0 0 1 
2318808360165;0.629483;0.159557;0.961646 -0.0710871 0.264924 -0.0715124 0.086496 0.995146 -0.0469437 -0.870101 -0.260301 0.068058 0.963126 0.926881 0 0 0 1 
2318808360166;0.356263;0.00858256;0.997256 0.062943 -0.0389665 -0.102524 -0.0653306 0.995849 -0.0633792 0.287437 0.0348155 0.065751 0.997229 -0.392328 0 0 0 1 
2318808360167;0.348773;0.0460924;0.982653 -0.0442829 0.180087 0.297368 0.104839 0.933659 -0.342476 0.323971 -0.152974 0.355415 0.922106 -2.03934 0 0 0 1 
2318808360168;0.491205;0.0118122;0.967843 -0.109909 -0.226273 1.09196 0.139981 0.982681 0.12142 -0.671395 0.209009 -0.14919 0.966467 0.619968 0 0 0 1 
2318808360169;0.364685;0.0125954;0.999749 -0.0152066 -0.016466 0.307778 0.0148828 0.999697 -0.019616 0.327015 0.0167593 0.019366 0.999672 -0.874197 0 0 0 1 
2318808360170;0.293853;0.00731519;0.999218 0.0295749 0.0262548 -0.496304 -0.0295025 0.99956 -0.00314213 0.133998 -0.0263362 0.00236509 0.99965 -0.373695 0 0 0 1 
2318808360171;0.404455;0.00594551;0.995066 0.0574112 0.0809132 -0.993061 -0.0753347 0.967925 0.23968 0.0994987 -0.0645576 -0.244593 0.967474 2.55078 0 0 0 1 
2318808360172;0.214721;0.124369;0.99876 -0.0298172 0.039878 0.345446 0.0278406 0.998399 0.0492355 -0.270428 -0.0412822 -0.0480642 0.997991 0.969303 0 0 0 1 
2318808360173;0.439959;0.335604;0.999667 -0.0257494 -0.00144917 0.377607 0.0255029 0.995334 -0.0930592 0.0889999 0.00383863 0.0929912 0.99566 -0.907503 0 0 0 1 
2318808360174;0.284722;0.125829;0.995733 -0.0535861 0.075126 0.500534 0.0627396 0.990131 -0.125319 -0.464531 -0.0676692 0.129497 0.989268 -0.841141 0 0 0 1 
2318808360175;0.207536;0.00639835;0.99737 -0.0485164 -0.0538361 0.49702 0.0468613 0.998402 -0.0315913 -0.702218 0.0552827 0.0289854 0.99805 -0.792728 0 0 0 1 
2318808360176;0.417626;0.303115;0.996762 -0.074013 0.0314271 0.286651 0.0707948 0.993103 0.0934546 -0.614122 -0.0381272 -0.0909271 0.995127 0.927195 0 0 0 1 
2318808360177;0.414555;0.0109495;0.955195 -0.0602839 -0.289775 1.54048 0.0267643 0.99262 -0.118278 0.173599 0.294766 0.105223 0.949758 -2.65421 0 0 0 1 
2318808360178;0.192544;0.0124272;0.994895 -0.100514 0.00897922 0.911457 0.100457 0.99492 0.00660143 -0.652274 -0.00959713 -0.0056657 0.999938 -0.202716 0 0 0 1 
2318808360179;0.369856;0.223984;0.998021 0.0570569 0.0264187 -0.578815 -0.0555476 0.996956 -0.0547185 0.447179 -0.0294603 0.0531427 0.998152 0.0884508 0 0 0 1 
2318808360180;0.269585;0.00769869;0.999853 0.0095627 0.0142515 -0.0974587 -0.00966717 0.999927 0.00727989 0.126109 -0.0141808 -0.00741659 0.999872 0.708191 0 0 0 1 
2318808360181;0.159003;0.00899192;0.999062 -0.0426042 -0.0076835 0.270352 0.0426792 0.99904 0.00987405 -0.325741 0.00725545 -0.0101927 0.999922 0.308353 0 0 0 1 
2318808360182;0.250033;0.180417;0.999999 0.000302483 -0.0012093 -0.134646 -0.000266445 0.999559 0.0296903 -0.152494 0.00121775 -0.02969 0.999558 0.217596 0 0 0 1 
2318808360183;0.583654;0.356872;0.998703 -0.0504762 0.00668292 0.427817 0.0501212 0.997705 0.0455153 -0.681138 -0.00896502 -0.0451213 0.998941 -0.211291 0 0 0 1 
2318808360184;0.254669;0.0116307;0.988094 0.151352 -0.0276276 -1.12783 -0.150679 0.988266 0.0250307 1.2775 0.0310918 -0.0205698 0.999305 0.347063 0 0 0 1 
2318808360186;0.32371;0.305704;0.999207 -0.0102243 -0.0384703 -0.214619 0.00993734 0.999921 -0.00764201 0.0331129 0.0385454 0.00725366 0.999231 -0.0801251 0 0 0 1 
2318808360187;0.391738;0.324148;0.99515 -0.0737708 -0.0650648 0.291611 0.0778128 0.995042 0.0619447 -0.494067 0.0601725 -0.0667071 0.995957 -0.202062 0 0 0 1 
2318808360188;0.250929;0.205469;0.998677 -0.048423 0.0173248 0.16966 0.0478374 0.998318 0.03275 -0.259019 -0.0188815 -0.0318779 0.999313 0.108844 0 0 0 1 
2318808360189;0.35413;0.108441;0.964112 0.166411 -0.206872 0.0746554 -0.144435 0.982544 0.117243 1.02097 0.222772 -0.083156 0.971318 -0.714815 0 0 0 1 
2318808360190;0.38404;0.00546444;0.971146 0.0919559 0.220045 -0.596506 -0.0823287 0.995219 -0.0525488 0.605391 -0.223825 0.0329165 0.974073 0.478698 0 0 0 1 
2318808360191;0.142007;0.0121751;0.993646 -0.0623798 0.093682 0.290406 0.0593334 0.997626 0.0349619 -0.368553 -0.0956405 -0.0291813 0.994988 0.427036 0 0 0 1 
2318808360192;0.308225;0.00790932;0.997643 -0.0478007 0.0492276 -0.593582 0.0493411 0.998314 -0.0305659 -0.195748 -0.0476835 0.0329228 0.99832 0.189506 0 0 0 1 
2318808360193;0.19468;0.00868158;0.987547 0.0886149 -0.12999 -0.135402 -0.0787761 0.993759 0.0789807 0.682752 0.136178 -0.0677571 0.988365 -0.684989 0 0 0 1 
2318808360194;0.35362;0.00810887;0.994597 -0.0336361 0.0982113 -0.191992 0.0316137 0.999256 0.0220765 -0.835479 -0.0988808 -0.0188524 0.994921 0.209682 0 0 0 1 
2318808360195;0.220312;0.0128789;0.994415 -0.104955 0.0110644 0.335047 0.102663 0.986309 0.129056 -0.616544 -0.0244579 -0.127199 0.991576 0.101227 0 0 0 1 
2318808360196;0.321597;0.00914621;0.995403 0.0469556 0.08347 -0.466176 -0.042107 0.997374 -0.0589288 0.645406 -0.0860178 0.0551433 0.994766 0.884343 0 0 0 1 
2318808360197;0.117422;0.01217;0.999719 -0.00657704 0.0227745 0.144461 0.00589626 0.999538 0.0298316 -0.0529213 -0.0229602 -0.029689 0.999295 0.422499 0 0 0 1 
2318808360198;0.145591;0.00770416;0.996151 -0.0706786 -0.0518451 0.122928 0.0704148 0.997494 -0.00690067 -0.441249 0.0522029 0.00322344 0.998631 -0.562195 0 0 0 1 
2318808360199;0.334769;0.00744349;0.999999 -0.00129426 -5.47995e-06 -0.251625 0.00129424 0.999996 -0.00261792 -0.00561905 8.86819e-06 0.00261791 0.999997 0.714764 0 0 0 1 
2318808360200;0.307694;0.160463;0.995252 0.0868393 -0.0439535 -0.128155 -0.0863324 0.996178 0.0133064 0.770833 0.044941 -0.00944857 0.998945 -0.0877488 0 0 0 1 
2318808360201;0.28708;0.0109747;0.994614 -0.103257 0.00898093 0.845913 0.103298 0.994642 -0.0042097 -0.49932 -0.00849813 0.00511474 0.999951 0.342384 0 0 0 1 
2318808360202;0.140274;0.00691838;0.99063 0.136466 -0.00536954 -0.275534 -0.136541 0.990473 -0.0179035 0.907579 0.00287518 0.0184689 0.999825 0.0763626 0 0 0 1 
2318808360203;0.354364;0.00806516;0.994097 0.0934304 -0.0551463 -0.238185 -0.0826042 0.981352 0.173565 -0.197563 0.0703342 -0.167985 0.983277 0.580483 0 0 0 1 
2318808360204;0.41534;0.378832;0.99905 -0.0175593 0.0398873 0.0146601 0.0171798 0.999804 0.00983527 -0.0829476 -0.0400522 -0.00914067 0.999156 0.183916 0 0 0 1 
2318808360205;0.260883;0.00902658;0.989396 -0.131024 -0.0626721 0.29596 0.128014 0.990519 -0.049854 -1.07757 0.0686099 0.0413024 0.996788 -0.205875 0 0 0 1 
2318808360206;0.381649;0.346005;0.99921 -0.0203353 0.0341474 0.0163847 0.0209208 0.999639 -0.0168775 -0.0487501 -0.0337918 0.0175785 0.999274 0.128873 0 0 0 1 
2318808360207;0.376035;0.331229;0.99899 0.0336327 0.0297865 -0.161671 -0.0333776 0.999402 -0.00902282 0.263302 -0.0300721 0.00801951 0.999516 0.165834 0 0 0 1 
2318808360208;0.370049;0.00724467;0.994071 0.0121915 0.10805 -0.389358 -0.0226531 0.995111 0.0961299 0.000651282 -0.10635 -0.0980076 0.989487 1.66014 0 0 0 1 
2318808360209;0.193142;0.00832766;0.973661 0.201385 -0.106904 -0.21401 -0.200347 0.979511 0.02048 1.18385 0.108838 0.00147725 0.994058 -0.587887 0 0 0 1 
2318808360210;0.416709;0.311144;0.987984 -0.148652 0.0423029 0.584675 0.142566 0.982243 0.121956 -0.883561 -0.0596808 -0.11446 0.991634 0.579626 0 0 0 1 
2318808360211;0.229662;0.176345;0.998999 -0.0367614 -0.0254793 0.184039 0.0384015 0.997001 0.0671896 -0.277879 0.0229329 -0.0681008 0.997415 -0.0408161 0 0 0 1 
2318808360212;0.235303;0.221062;0.999675 0.0254648 0.000948284 -0.109116 -0.025458 0.999654 -0.00660127 0.16874 -0.00111606 0.00657499 0.999978 -0.0487117 0 0 0 1 
2318808360213;0.418371;0.0390132;0.976591 0.214731 0.0127009 -0.792166 -0.21483 0.976627 0.00698379 1.26266 -0.0109044 -0.00954884 0.999895 0.845867 0 0 0 1 
2318808360214;0.104638;0.00666674;0.993458 0.114188 -0.00181617 -0.248058 -0.114011 0.992589 0.0420532 0.574633 0.00660467 -0.041571 0.999114 -0.00940415 0 0 0 1 
2318808360215;0.379457;0.343215;0.99901 -0.00335498 -0.0443676 0.0324292 0.00212517 0.999613 -0.027737 0.126927 0.0444435 0.0276152 0.99863 -0.227106 0 0 0 1 
2318808360217;0.475077;0.251537;0.976531 0.115704 -0.181658 -0.229707 -0.133365 0.987136 -0.0881877 1.00768 0.169117 0.110345 0.9794 -1.30609 0 0 0 1 
2318808360218;0.538469;0.0742104;0.95535 -0.286074 -0.0739479 2.30641 0.293417 0.948002 0.123286 -1.54405 0.034834 -0.139478 0.989612 1.37134 0 0 0 1 
2318808360219;0.26223;0.0142939;0.979913 -0.0586609 -0.190603 0.430063 0.0678255 0.996816 0.041914 -0.169985 0.187537 -0.0539998 0.980772 -1.09818 0 0 0 1 
2318808360220;0.178884;0.0103996;0.994093 0.0739206 0.0794658 -0.594632 -0.064337 0.99104 -0.117048 0.675509 -0.0874061 0.111244 0.989942 0.0917646 0 0 0 1 
2318808360221;0.32248;0.309996;0.999227 -0.0374668 0.0118984 0.274539 0.0373841 0.999276 0.00709874 -0.226512 -0.0121558 -0.00664844 0.999904 0.109536 0 0 0 1 
2318808360222;0.547442;0.430005;0.999906 0.00600023 -0.0123652 -0.104162 -0.00666044 0.998515 -0.0540624 0.0141899 0.0120224 0.0541396 0.998461 -0.0469065 0 0 0 1 
2318808360223;0.279763;0.242081;0.999774 0.0180254 0.0112727 -0.155742 -0.0181393 0.999785 0.0100888 0.0243858 -0.0110884 -0.010291 0.999886 0.00784309 0 0 0 1 
2318808360224;0.19078;0.0173759;0.987068 -0.156055 0.0366545 0.871482 0.158564 0.984077 -0.0803158 -0.615971 -0.0235372 0.0850893 0.996095 -0.468564 0 0 0 1 
2318808360225;0.382191;0.245905;0.992685 0.110782 0.0480045 -0.61584 -0.109844 0.993711 -0.0217543 0.578041 -0.0501126 0.0163222 0.99861 -0.0962841 0 0 0 1 
2318808360226;0.232462;0.105258;0.994746 -0.0986066 -0.0275271 0.620786 0.100076 0.993265 0.0583854 -0.603902 0.0215845 -0.0608335 0.997915 0.474273 0 0 0 1 
2318808360227;0.121258;0.0108282;0.999996 0.000525052 0.00270944 -0.000142948 -0.000539666 0.999985 0.0053959 0.0254659 -0.00270657 -0.00539734 0.999982 -0.176351 0 0 0 1 
2318808360228;0.342472;0.334784;0.999799 0.017118 0.0104081 -0.181711 -0.0170318 0.99982 -0.00830836 0.103704 -0.0105484 0.00812943 0.999911 -0.00919177 0 0 0 1 
2318808360229;0.411101;0.0187524;0.982485 0.000973044 0.186339 -0.487735 0.0216472 0.99262 -0.11932 -0.000818913 -0.18508 0.121264 0.975213 1.07677 0 0 0 1 
2318808360230;0.270984;0.247001;0.999258 -0.0376816 -0.00798865 0.328414 0.0377246 0.999274 0.00530942 -0.315674 0.00778278 -0.00560685 0.999954 -0.0844796 0 0 0 1 
2318808360231;0.448163;0.283346;0.999339 -0.0258817 0.0255347 -0.355078 0.0276664 0.997005 -0.0722138 -0.264476 -0.0235892 0.0728725 0.997062 -0.446518 0 0 0 1 
2318808360232;0.480703;0.012611;0.993247 -0.107407 -0.0438733 0.916018 0.104976 0.992986 -0.0544032 -0.369235 0.0494088 0.0494301 0.997555 -1.45123 0 0 0 1 
2318808360233;0.538633;0.483175;0.99895 0.0334726 0.0312955 -0.317211 -0.0326158 0.99909 -0.0274995 0.229729 -0.0321875 0.0264499 0.999132 -0.0258529 0 0 0 1 
2318808360234;0.46577;0.406288;0.999795 -0.019633 0.00504665 0.051688 0.0196503 0.999801 -0.00340974 -0.00712889 -0.0049787 0.00350821 0.999981 0.0803359 0 0 0 1 
2318808360235;0.501727;0.0128146;0.998547 0.0348699 -0.0410905 -0.15168 -0.0341375 0.999248 0.0183938 0.189465 0.041701 -0.0169643 0.998986 -1.12291 0 0 0 1 
2318808360236;0.219286;0.143762;0.998002 0.0630862 -0.00347723 -0.38713 -0.0631352 0.997869 -0.0164938 0.447523 0.00242929 0.0166804 0.999858 -0.295368 0 0 0 1 
2318808360237;0.1427;0.0117927;0.997951 -0.0635323 -0.00761802 0.241938 0.0630221 0.996507 -0.0547914 -0.268965 0.0110724 0.0541991 0.998469 -0.573538 0 0 0 1 
2318808360238;0.478527;0.38697;0.99403 -0.0347768 -0.103418 0.314481 0.0308205 0.99874 -0.0396118 -0.131851 0.104665 0.0361879 0.993849 -0.965729 0 0 0 1 
2318808360239;0.07712;0.0175473;0.998831 0.0229264 -0.0425674 -0.133256 -0.0243875 0.99912 -0.0341291 0.213249 0.0417474 0.0351273 0.998511 -0.578945 0 0 0 1 
2318808360240;0.277432;0.228939;0.998849 0.00965264 0.0469941 -0.0970645 -0.0103865 0.999828 0.0153977 -0.0128895 -0.0468373 -0.015868 0.998776 0.404093 0 0 0 1 
2318808360241;0.414755;0.297004;0.993381 0.0379496 -0.10842 0.0319904 -0.0345022 0.998843 0.033499 0.112602 0.109566 -0.0295365 0.993541 -0.417533 0 0 0 1 
2318808360242;0.207147;0.0118428;0.987234 -0.157878 -0.0210421 1.10139 0.158272 0.987221 0.0185841 -1.22552 0.0178392 -0.0216772 0.999606 0.0859527 0 0 0 1 
2318808360243;0.526989;0.537518;0.999952 0.000365708 -0.00983547 0.0593152 -0.00019906 0.999857 0.0169392 -0.0950811 0.00984026 -0.0169364 0.999808 -0.0243455 0 0 0 1 
2318808360244;0.293823;0.0201526;0.996385 0.0689107 0.0496772 -0.387333 -0.0734973 0.992534 0.0973347 0.42558 -0.0425989 -0.100634 0.994011 1.38356 0 0 0 1 
2318808360245;0.161157;0.00950823;0.999038 -0.0431446 0.00779301 0.241574 0.0433679 0.998572 -0.0312033 -0.333958 -0.00643562 0.0315113 0.999483 -0.411138 0 0 0 1 
2318808360246;0.48133;0.0519807;0.957571 -0.00269068 0.288183 0.0720735 -0.0465635 0.985374 0.163921 -0.262547 -0.284409 -0.170384 0.943441 2.28136 0 0 0 1 
2318808360248;0.277285;0.01067;0.999836 -0.0143129 -0.0110778 0.0543121 0.0146998 0.999256 0.035669 0.267666 0.010559 -0.035826 0.999302 0.552761 0 0 0 1 
2318808360249;0.346523;0.304825;0.999417 0.0279015 0.0196883 -0.0532309 -0.0281337 0.999537 0.0116171 0.086306 -0.019355 -0.0121642 0.999739 0.187799 0 0 0 1 
2318808360250;0.347649;0.172246;0.985913 -0.0908712 0.140422 -0.0911687 0.096774 0.994663 -0.0357817 -0.74134 -0.136421 0.0488668 0.989445 0.853871 0 0 0 1 
2318808360251;0.136295;0.0122932;0.996896 0.0316168 -0.0720962 0.0487364 -0.0207952 0.989038 0.146188 -0.0472507 0.0759279 -0.144235 0.986626 -0.526215 0 0 0 1 
2318808360252;0.263745;0.240853;0.999673 -0.0198891 -0.0160922 0.00961572 0.0200651 0.99974 0.010855 -0.165444 0.0158721 -0.0111744 0.999812 -0.0605988 0 0 0 1 
2318808360253;0.38952;0.23262;0.996917 -0.0587722 0.0519925 -0.462519 0.059172 0.998229 -0.00618181 -0.280874 -0.051537 0.00923925 0.998628 0.233247 0 0 0 1 
2318808360254;0.304973;0.0103231;0.994141 -0.108061 0.00240054 0.672749 0.107942 0.993707 0.0299135 -0.447796 -0.00561792 -0.0294791 0.99955 -0.418135 0 0 0 1 
2318808360255;0.467336;0.313389;0.99738 -0.0696836 -0.0194036 -0.00338658 0.0688489 0.996793 -0.0407946 -0.302562 0.0221841 0.0393519 0.998979 0.287903 0 0 0 1 
