#;prob_registration_l1 -r /home/probabilistic_point_clouds_registration/build/tester /home/point_clouds_registration_benchmark//devel/registration_pairs/apartment_local.txt /home/point_clouds_registration_benchmark//eth/apartment -s 0.2 -t 0.2 -p 0.3 -r 1000 -m 15 -i 40 
id;initial_error;final_error;transformation
13001298760000;0.820981;1.02677;0.863 -0.486421 0.136479 -0.387605 0.478498 0.873659 0.0880902 -3.11047 -0.162085 -0.0107169 0.986719 0.315135 0 0 0 1 
13001298760001;0.68771;0.966331;0.943963 -0.278982 -0.176362 0.389374 0.32237 0.893947 0.311348 -2.29629 0.0707978 -0.350754 0.933788 0.382013 0 0 0 1 
13001298760002;0.636186;0.281584;0.986608 0.119463 -0.11106 0.180901 -0.0853561 0.958338 0.272584 -0.31041 0.138996 -0.259454 0.955701 -0.922222 0 0 0 1 
13001298760003;0.411513;0.962328;0.943871 -0.326672 0.0489214 0.192899 0.32704 0.94501 0.00052834 -1.94743 -0.0464038 0.0155005 0.998802 -0.205834 0 0 0 1 
13001298760004;0.857932;0.979313;0.909716 -0.395082 -0.127778 0.24336 0.379874 0.916127 -0.128093 -1.93831 0.167668 0.0679882 0.983496 0.439404 0 0 0 1 
13001298760005;0.460674;1.00835;0.985663 0.157133 0.0614596 0.098378 -0.158607 0.987142 0.0198466 -0.977622 -0.0575508 -0.02931 0.997912 0.524725 0 0 0 1 
13001298760006;0.655521;0.498693;0.965048 0.261634 -0.0151533 -0.310587 -0.259262 0.961546 0.0906216 0.49502 0.0382803 -0.0835256 0.99577 -0.0260934 0 0 0 1 
13001298760007;0.308888;0.269782;0.889965 0.290311 0.351685 0.0798492 -0.348337 0.930486 0.113391 0.673266 -0.294319 -0.223419 0.929226 0.987276 0 0 0 1 
13001298760008;0.466988;0.361023;0.947338 0.313077 0.0673272 -0.0226071 -0.31326 0.949633 -0.00808951 0.277781 -0.0664688 -0.0134274 0.997698 -0.0861901 0 0 0 1 
13001298760009;0.423945;0.390109;0.956864 0.279959 0.077684 -0.0814729 -0.262577 0.94774 -0.181224 0.661934 -0.124359 0.153008 0.980369 -0.168734 0 0 0 1 
13001298760010;0.258498;0.376029;0.974827 0.220675 -0.0318674 0.224711 -0.222491 0.97208 -0.0745594 0.593473 0.0145242 0.0797727 0.996707 0.0599526 0 0 0 1 
13001298760011;0.784351;1.08573;0.999529 0.0277929 -0.0130056 -0.212668 -0.020882 0.926641 0.375368 -1.36875 0.0224841 -0.37492 0.926785 -0.802599 0 0 0 1 
13001298760012;0.622128;0.266591;0.976569 0.214238 0.0203801 0.184211 -0.213862 0.976676 -0.019155 -0.0790013 -0.0240085 0.0143476 0.999609 0.354729 0 0 0 1 
13001298760013;0.398004;0.396536;0.912805 0.389032 0.12426 0.313673 -0.369383 0.916242 -0.155102 0.822038 -0.174192 0.0956784 0.980052 0.758769 0 0 0 1 
13001298760014;0.755219;0.932575;0.99317 0.0697792 -0.093507 0.361711 -0.0560035 0.988194 0.142602 -0.647587 0.102354 -0.136392 0.985353 -1.01408 0 0 0 1 
13001298760015;0.388158;0.390267;0.939052 0.326459 -0.107729 0.637302 -0.323434 0.945183 0.0449454 0.907774 0.116497 -0.0073628 0.993164 -0.164058 0 0 0 1 
13001298760016;0.851768;1.05139;0.998652 -0.0504755 0.0121147 0.100332 0.0502508 0.998571 0.0181875 -0.559114 -0.0130154 -0.0175542 0.999761 0.524404 0 0 0 1 
13001298760017;0.399547;0.309285;0.940235 0.340453 0.00710267 0.510148 -0.339964 0.939673 -0.0379278 0.689659 -0.0195869 0.0332464 0.999255 0.367548 0 0 0 1 
13001298760018;0.820633;0.306439;0.944634 0.322232 -0.0619057 0.295665 -0.323536 0.946139 -0.0120668 0.69493 0.0546831 0.0314274 0.998009 0.687885 0 0 0 1 
13001298760019;0.329854;0.264798;0.99508 0.088333 -0.0448694 0.116738 -0.0869416 0.995697 0.0320722 -0.231771 0.0475094 -0.0280134 0.998478 -0.201572 0 0 0 1 
13001298760020;0.847185;0.375087;0.964881 0.262642 0.0048102 -0.120278 -0.262563 0.964827 -0.013028 0.847065 -0.00806271 0.0113075 0.999904 0.803967 0 0 0 1 
13001298760021;0.886722;1.09361;0.848378 -0.394624 -0.352883 1.05119 0.470653 0.867412 0.161498 -2.78595 0.242364 -0.303097 0.921625 -1.23609 0 0 0 1 
13001298760022;0.59893;0.306149;0.973216 0.211421 -0.0902909 0.0928939 -0.183925 0.951678 0.245929 0.244039 0.137922 -0.222735 0.965073 -0.838799 0 0 0 1 
13001298760023;0.367247;0.298941;0.994357 0.106077 -0.0013573 0.177525 -0.10593 0.993513 0.0413508 -0.194711 0.00573485 -0.0409737 0.999144 -0.281125 0 0 0 1 
13001298760024;0.0968236;0.290671;0.982279 0.17347 0.0709695 0.0849008 -0.175879 0.983979 0.0291813 0.280824 -0.0647704 -0.0411462 0.997052 0.252551 0 0 0 1 
13001298760025;0.689632;0.598273;0.984338 0.139459 0.107842 -0.0274557 -0.116308 0.973437 -0.197213 0.369041 -0.132481 0.181581 0.974411 0.591472 0 0 0 1 
13001298760026;0.452516;0.971327;0.980865 -0.192559 0.0287149 -0.162798 0.190825 0.980123 0.0542584 -1.14418 -0.0385921 -0.0477406 0.998114 0.142008 0 0 0 1 
13001298760027;0.353163;1.01681;0.897908 -0.335168 0.28535 -0.0795064 0.252766 0.923314 0.289136 -1.88353 -0.360377 -0.187491 0.91377 0.852799 0 0 0 1 
13001298760028;0.770166;0.444257;0.997144 -0.0505666 0.0560961 -0.327742 0.0565794 0.992167 -0.111368 0.0374381 -0.0500252 0.114223 0.992195 -0.0565385 0 0 0 1 
13001298760029;0.444231;0.345385;0.912371 0.367099 0.181155 0.557477 -0.384586 0.920272 0.0720635 0.531894 -0.140257 -0.135418 0.980811 0.608487 0 0 0 1 
13001298760031;1.0814;0.605852;0.991574 -0.0105146 0.129116 -0.316431 0.0309573 0.987056 -0.157362 0.162456 -0.12579 0.160033 0.979064 0.919015 0 0 0 1 
13001298760032;0.762366;0.144777;0.97837 -0.191609 -0.0779667 -0.637506 0.194214 0.980581 0.0272544 -0.616272 0.0712305 -0.0418071 0.996583 -0.73456 0 0 0 1 
13001298760033;0.562268;0.0923446;0.971384 -0.212098 -0.106899 -0.598324 0.201973 0.974464 -0.0981191 -0.63886 0.12498 0.0737206 0.989417 0.0727628 0 0 0 1 
13001298760034;0.913227;0.134093;0.98397 -0.167711 -0.0606311 -0.547395 0.135128 0.92303 -0.360217 -0.232939 0.116377 0.346249 0.930896 0.956615 0 0 0 1 
13001298760035;0.190074;0.12508;0.988369 0.114977 -0.0995346 0.287165 -0.10752 0.991192 0.0773122 0.327519 0.107547 -0.065711 0.992026 -0.508065 0 0 0 1 
13001298760036;1.3176;0.241796;0.983025 -0.180405 -0.0333923 -1.03576 0.183459 0.968479 0.168494 -0.180112 0.00194258 -0.17176 0.985137 -0.31592 0 0 0 1 
13001298760037;0.408209;0.0878239;0.991438 0.118801 -0.0541925 0.101623 -0.124395 0.985505 -0.115347 0.667068 0.0397036 0.121101 0.991846 0.00517215 0 0 0 1 
13001298760038;0.799177;0.124308;0.999993 -0.00185282 -0.00312958 0.415888 0.00234441 0.986255 0.165213 -0.358333 0.00278045 -0.165219 0.986253 -0.265571 0 0 0 1 
13001298760039;0.512139;0.10474;0.999928 0.00195728 -0.0118337 -0.0248502 -0.00208958 0.999935 -0.0111775 0.0230169 0.0118111 0.0112014 0.999868 0.37366 0 0 0 1 
13001298760040;0.790161;0.125776;0.999963 0.00719322 0.00475007 0.155072 -0.00714493 0.999923 -0.0101075 0.264849 -0.00482241 0.0100731 0.999938 -0.41879 0 0 0 1 
13001298760041;0.304867;0.103608;0.984317 -0.127367 0.122057 -0.32049 0.134492 0.98955 -0.0519941 -0.177897 -0.114159 0.0675943 0.99116 0.422302 0 0 0 1 
13001298760042;0.323258;0.148799;0.998465 0.0552632 -0.00369055 0.123073 -0.0549688 0.996903 0.0562399 0.0176184 0.00678711 -0.0559507 0.99841 -0.0679217 0 0 0 1 
13001298760043;1.1294;0.120475;0.946024 -0.317996 -0.0625847 -0.532463 0.322307 0.902837 0.284609 -1.94976 -0.0340007 -0.289419 0.956598 -0.804429 0 0 0 1 
13001298760044;0.672602;0.0707907;0.98946 -0.0776656 0.122215 -0.553425 0.0815935 0.996287 -0.0274621 -0.0843024 -0.119629 0.0371446 0.992124 0.121256 0 0 0 1 
13001298760045;0.603165;0.341053;0.98575 0.127346 0.109905 0.269315 -0.127661 0.991809 -0.00419348 0.411022 -0.109539 -0.0098969 0.993933 0.111386 0 0 0 1 
13001298760046;0.435224;0.109301;0.906846 0.10198 -0.408938 0.744918 -0.121686 0.992316 -0.0223859 0.516925 0.403512 0.0700627 0.912288 -1.04048 0 0 0 1 
13001298760047;1.03472;0.107132;0.998372 -0.0358067 0.0443897 -0.269742 0.0234281 0.967129 0.253206 -0.517268 -0.0519971 -0.251754 0.966393 -0.97091 0 0 0 1 
13001298760048;1.38851;0.129553;0.994314 0.0668616 0.082882 0.173697 -0.0963744 0.89608 0.433304 -0.787807 -0.0452975 -0.438827 0.897429 -1.30884 0 0 0 1 
13001298760049;0.308211;0.12597;0.989097 0.128555 -0.0718372 0.116934 -0.119582 0.985823 0.117696 0.217716 0.0859493 -0.107823 0.990448 -0.471049 0 0 0 1 
13001298760050;0.383404;0.11659;0.998729 -0.0499603 0.00669007 -0.385013 0.0500287 0.998693 -0.0104749 -0.188626 -0.006158 0.0107962 0.999923 0.114481 0 0 0 1 
13001298760051;1.39486;0.296825;0.940976 -0.30921 0.137669 -1.67669 0.320761 0.944491 -0.0710563 -1.09477 -0.108056 0.111021 0.987926 0.70274 0 0 0 1 
13001298760052;0.390791;0.137849;0.999884 -0.0115053 0.00993207 -0.301144 0.0113391 0.999798 0.0166238 -0.137792 -0.0101213 -0.0165093 0.999812 -0.0199362 0 0 0 1 
13001298760053;0.738841;0.675786;0.994192 0.107413 -0.00666615 0.246081 -0.105291 0.983626 0.146267 0.278159 0.022268 -0.144715 0.989223 -0.171312 0 0 0 1 
13001298760054;0.290741;0.107181;0.984753 -0.173953 -0.0012084 -0.458549 0.173915 0.984641 -0.0153699 -0.442556 0.00386348 0.0149254 0.999881 -0.103697 0 0 0 1 
13001298760055;0.983527;0.145265;0.974833 0.178988 0.132907 -0.324307 -0.159754 0.976665 -0.143539 0.710647 -0.155498 0.118694 0.980679 0.993779 0 0 0 1 
13001298760056;0.893456;0.0940521;0.985007 -0.172516 -0.000559854 0.20545 0.172508 0.984987 -0.00643567 -0.764177 0.0016617 0.0062426 0.999979 -0.196865 0 0 0 1 
13001298760057;1.32906;0.116939;0.996286 0.0670198 0.0540683 0.52771 -0.0679081 0.997582 0.014761 0.825982 -0.0529483 -0.0183778 0.998428 -0.455286 0 0 0 1 
13001298760058;1.04418;0.519166;0.971396 -0.163634 0.172085 -0.781841 0.16527 0.986236 0.0048718 -0.428598 -0.170514 0.0237081 0.98507 -0.0197332 0 0 0 1 
13001298760059;1.02726;0.112978;0.997702 0.0485515 -0.0472629 0.487102 -0.0358994 0.970358 0.238991 -0.170452 0.0574653 -0.236745 0.969871 -1.20505 0 0 0 1 
13001298760060;1.18019;0.904451;0.989897 -0.136414 -0.0386685 -0.107837 0.141153 0.9739 0.177747 -1.21034 0.0134121 -0.18141 0.983316 -0.201137 0 0 0 1 
13001298760062;0.42647;0.817952;0.992708 -0.120539 -0.00061741 -0.239616 0.120032 0.988043 0.0967595 -0.102287 -0.0110532 -0.0961281 0.995308 -0.0164241 0 0 0 1 
13001298760063;0.820769;0.753168;0.98366 -0.17847 0.0237133 -0.0990527 0.177811 0.983681 0.0274726 -0.0803924 -0.0282293 -0.0228071 0.999341 0.595234 0 0 0 1 
13001298760064;0.637796;0.737648;0.999879 0.0133485 -0.0079738 0.0065689 -0.0133421 0.999911 0.000860972 0.610527 0.00798458 -0.000754481 0.999968 0.326254 0 0 0 1 
13001298760065;1.32441;0.868463;0.957766 -0.195524 -0.210844 0.0458243 0.262576 0.893575 0.364112 -0.979399 0.117212 -0.404097 0.907175 -2.26419 0 0 0 1 
13001298760066;0.832986;0.691744;0.955092 -0.296298 -0.00248143 -0.37016 0.2961 0.954702 -0.0294795 -0.225996 0.0111037 0.0274209 0.999562 0.246846 0 0 0 1 
13001298760067;0.500971;0.753161;0.92395 -0.3818 -0.0233461 -0.495188 0.378547 0.921431 -0.0875603 -0.954264 0.0549423 0.0720638 0.995886 -0.283341 0 0 0 1 
13001298760068;1.1413;0.765657;0.9371 -0.293924 0.188289 -0.791442 0.269135 0.951899 0.146475 -0.0279426 -0.222284 -0.0865861 0.971129 0.922989 0 0 0 1 
13001298760069;0.277143;0.782662;0.990769 -0.0769191 -0.111626 0.0877217 0.0969962 0.977493 0.187348 -0.027329 0.0947033 -0.196446 0.97593 -0.834343 0 0 0 1 
13001298760070;1.31041;0.763805;0.980435 -0.185259 0.0665327 -0.410412 0.188841 0.980615 -0.0522769 -0.196267 -0.0555582 0.0638182 0.996414 -0.512381 0 0 0 1 
13001298760071;0.311671;0.880217;0.854753 -0.487338 -0.178604 -0.468319 0.510053 0.852406 0.115108 -1.79969 0.0961472 -0.189486 0.977165 -0.88458 0 0 0 1 
13001298760072;0.364438;0.728001;0.940871 -0.338599 -0.0106248 -0.421164 0.338527 0.940922 -0.00801135 -0.717907 0.0127098 0.00394085 0.999911 0.0858597 0 0 0 1 
13001298760073;1.33186;0.713034;0.877387 -0.396195 0.270596 -0.784862 0.459603 0.855906 -0.237044 -0.781012 -0.137689 0.332346 0.933053 0.986767 0 0 0 1 
13001298760074;0.375476;0.797871;0.868495 -0.31437 -0.383259 0.180952 0.259951 0.947173 -0.187854 -0.504247 0.422068 0.0635222 0.904336 -1.32104 0 0 0 1 
13001298760075;0.892832;0.792188;0.97093 -0.163589 0.174741 -0.147716 0.185845 0.975273 -0.1196 -0.261382 -0.150855 0.148598 0.977324 1.56732 0 0 0 1 
13001298760076;0.49285;0.802555;0.939888 -0.341476 0.00229444 -0.757908 0.341214 0.938856 -0.0460722 -0.804244 0.0135784 0.0440856 0.998935 -0.125476 0 0 0 1 
13001298760077;1.25077;0.79304;0.988277 -0.150836 -0.0236061 -0.505812 0.151485 0.988044 0.0286646 0.269643 0.0190002 -0.0319045 0.99931 0.574094 0 0 0 1 
13001298760078;0.873453;0.781055;0.978382 -0.0952056 -0.183588 0.0761726 0.115171 0.988165 0.101324 0.267002 0.171769 -0.120278 0.977767 -1.44822 0 0 0 1 
13001298760079;0.135451;0.718054;0.98234 -0.174434 -0.0676786 -0.115467 0.173184 0.984598 -0.0239603 -0.230632 0.0708157 0.0118164 0.997419 -0.226152 0 0 0 1 
13001298760080;0.477523;0.876332;0.862353 -0.462702 0.205557 -0.522768 0.418843 0.880043 0.223818 -1.65872 -0.28446 -0.106914 0.952708 0.815839 0 0 0 1 
13001298760081;0.486196;0.736057;0.968073 -0.016623 -0.250116 0.400796 0.0242881 0.999324 0.0275909 0.182026 0.249488 -0.0327848 0.967823 -0.955959 0 0 0 1 
13001298760082;0.60999;2.06907;0.93753 0.347171 -0.0225922 0.244884 -0.345098 0.919765 -0.18692 1.74987 -0.0441138 0.18304 0.982115 0.514071 0 0 0 1 
13001298760083;0.578912;0.760828;0.881809 -0.47156 -0.00656561 -0.338352 0.450113 0.837386 0.310134 -2.00617 -0.140749 -0.276435 0.95067 -0.18668 0 0 0 1 
13001298760084;0.295038;0.694299;0.996054 0.0790331 0.040382 0.422103 -0.0773505 0.996133 -0.0416573 0.670099 -0.0435182 0.0383693 0.998316 0.274415 0 0 0 1 
13001298760085;0.331689;0.746174;0.993379 -0.114861 -0.00203769 -0.0363132 0.113752 0.981001 0.157157 -0.249265 -0.0160522 -0.156348 0.987572 -0.250735 0 0 0 1 
13001298760086;0.698459;0.773475;0.977252 -0.211974 0.00676652 -0.469116 0.212051 0.97716 -0.0138947 -0.56634 -0.00366664 0.0150135 0.999881 0.45955 0 0 0 1 
13001298760087;0.67213;0.867436;0.864414 -0.353454 -0.357573 0.156077 0.341984 0.934668 -0.097173 -0.761638 0.368558 -0.0382862 0.928816 -1.73063 0 0 0 1 
13001298760088;0.268562;0.815503;0.887497 -0.346855 -0.303381 -0.123118 0.346935 0.936245 -0.0554995 -0.907923 0.303289 -0.055998 0.951252 -1.15952 0 0 0 1 
13001298760089;1.15866;0.774201;0.8079 -0.491241 0.325545 -1.18537 0.538379 0.839898 -0.0686972 -1.76099 -0.239678 0.230767 0.943028 2.01426 0 0 0 1 
13001298760090;0.714198;0.825769;0.981263 -0.181604 -0.0643644 -0.360729 0.186624 0.978904 0.0831822 -0.342636 0.0479002 -0.0936356 0.994454 0.0258316 0 0 0 1 
13001298760091;1.1529;0.780898;0.983227 -0.171114 -0.0631238 -0.297382 0.168788 0.984818 -0.0405453 -0.446014 0.0691033 0.0292107 0.997182 -0.853435 0 0 0 1 
13001298760093;1.04775;0.208586;0.89818 -0.328583 0.292072 -0.806795 0.347194 0.937707 -0.0127646 -1.03685 -0.269683 0.11287 0.956311 0.361427 0 0 0 1 
13001298760094;1.11373;0.238783;0.992903 -0.118566 -0.00929594 -0.154013 0.118601 0.981326 0.151439 -0.980328 -0.00883311 -0.151467 0.988423 -1.23712 0 0 0 1 
13001298760095;0.293853;0.288507;0.991069 0.0830172 0.104357 0.279036 -0.0693337 0.989279 -0.128528 0.0926094 -0.113908 0.120145 0.9862 0.998531 0 0 0 1 
13001298760096;0.895384;0.152943;0.996885 -0.0694371 0.0373996 0.552755 0.0697181 0.997547 -0.00626094 -0.660337 -0.0368732 0.00884887 0.999281 0.202991 0 0 0 1 
13001298760097;0.339617;0.192375;0.991073 -0.100401 -0.0877203 -0.0142281 0.107025 0.991471 0.0743735 -0.49965 0.0795049 -0.0830978 0.993365 -0.641853 0 0 0 1 
13001298760098;0.188558;0.315776;0.989224 -0.0791047 -0.123197 0.144141 0.0722828 0.995644 -0.0588985 -0.264748 0.127319 0.0493588 0.990633 -0.383919 0 0 0 1 
13001298760099;0.958706;0.248571;0.962459 0.215512 0.165005 0.541086 -0.207319 0.976074 -0.0655686 -0.253303 -0.175188 0.0288983 0.984111 0.390277 0 0 0 1 
13001298760100;0.754489;0.296064;0.972043 0.0955467 -0.214483 0.311521 -0.157201 0.943348 -0.292203 0.255959 0.174413 0.317751 0.931995 0.845848 0 0 0 1 
13001298760101;0.427244;0.222575;0.964899 0.257496 0.0516218 1.13823 -0.259649 0.964855 0.0404596 0.413642 -0.0393894 -0.052443 0.997847 -0.185029 0 0 0 1 
13001298760102;0.55757;0.397139;0.99229 0.119834 -0.0316327 0.528016 -0.119765 0.992794 0.00405063 0.269486 0.0318901 -0.000230896 0.999491 0.0676536 0 0 0 1 
13001298760103;0.502682;0.273784;0.996868 -0.0561141 -0.055722 0.111781 0.0559529 0.998423 -0.00444912 0.129437 0.0558838 0.00131738 0.998436 -0.0390399 0 0 0 1 
13001298760104;0.301846;0.156776;0.915961 -0.400123 -0.0302972 -0.777425 0.400706 0.916062 0.0163044 -1.45757 0.0212304 -0.0270744 0.999408 -0.110651 0 0 0 1 
13001298760105;0.905526;0.232432;0.968394 0.167843 -0.184505 0.915086 -0.176893 0.983656 -0.0336153 0.365642 0.175848 0.0651905 0.982256 -0.966533 0 0 0 1 
13001298760106;0.994487;0.254537;0.925173 -0.374116 -0.0639706 -0.841084 0.368946 0.926023 -0.0797499 -2.08857 0.089074 0.0501808 0.99476 0.436149 0 0 0 1 
13001298760107;0.0362635;0.194128;0.995193 -0.0883286 -0.0422885 -0.149313 0.0894516 0.995666 0.0254418 -0.399073 0.039858 -0.0291023 0.998781 -0.184476 0 0 0 1 
13001298760108;1.01768;0.251618;0.962866 -0.229089 -0.142857 -0.170883 0.232012 0.972705 0.00392469 -0.856519 0.138059 -0.0369235 0.989736 -1.35197 0 0 0 1 
13001298760109;0.830454;0.235392;0.966321 -0.216658 -0.138863 -0.086614 0.210771 0.975932 -0.0559633 -0.676291 0.147646 0.0248102 0.988729 -0.911401 0 0 0 1 
13001298760110;0.923517;0.498878;0.987464 -0.155604 -0.0264925 -0.515415 0.149638 0.976263 -0.156588 -0.539073 0.0502294 0.150661 0.987309 0.749566 0 0 0 1 
13001298760111;0.26829;0.250083;0.928143 -0.372162 0.00676453 -0.732185 0.372179 0.927596 -0.0323921 -1.35917 0.00578036 0.0325821 0.999452 0.130404 0 0 0 1 
13001298760112;0.495558;0.551911;0.979432 0.0686835 -0.189724 0.63558 -0.0588962 0.996649 0.0567591 0.422643 0.192986 -0.0444177 0.980196 -0.847503 0 0 0 1 
13001298760113;0.269314;0.234875;0.994443 0.104905 -0.00878434 0.430802 -0.104643 0.994162 0.0262858 0.151769 0.0114906 -0.0252205 0.999616 -0.237699 0 0 0 1 
13001298760114;0.734561;0.271368;0.903281 -0.428803 0.0145587 -1.06065 0.427931 0.902856 0.0415443 -1.1694 -0.0309587 -0.031296 0.999031 0.0449127 0 0 0 1 
13001298760115;0.321726;0.239793;0.993949 -0.101736 -0.0414211 -0.180205 0.103555 0.99363 0.0444402 -0.542647 0.0366361 -0.0484607 0.998153 -0.433684 0 0 0 1 
13001298760116;1.15818;0.203715;0.979682 0.163893 -0.115598 1.53209 -0.186502 0.956449 -0.224551 0.602203 0.0737611 0.241548 0.967581 1.03149 0 0 0 1 
13001298760117;0.977589;0.235237;0.97543 -0.148556 -0.162687 -0.268808 0.140295 0.988216 -0.0612066 -0.664268 0.169863 0.0368786 0.984777 0.416501 0 0 0 1 
13001298760118;0.349631;0.198502;0.955622 0.284681 0.0757875 0.986663 -0.283342 0.958607 -0.028094 0.580627 -0.0806483 0.0053735 0.996728 0.237615 0 0 0 1 
13001298760119;0.966956;0.356858;0.881253 -0.393423 -0.261939 -0.148944 0.397928 0.91663 -0.0379782 -1.28633 0.255043 -0.0707648 0.964337 -1.67806 0 0 0 1 
13001298760120;0.820899;0.167735;0.989773 0.142426 0.0080144 0.882618 -0.142493 0.984467 0.102571 0.121978 0.00671885 -0.102664 0.994693 0.284977 0 0 0 1 
13001298760121;0.247186;0.149687;0.996502 -0.0835682 -4.54921e-05 -0.173431 0.0833768 0.994183 0.0681846 -0.274564 -0.00565284 -0.0679499 0.997673 0.00237139 0 0 0 1 
13001298760122;0.958553;0.153096;0.996164 0.0568913 -0.0664842 0.48012 -0.0500145 0.993641 0.100879 -0.764793 0.0718005 -0.0971669 0.992675 -0.186186 0 0 0 1 
13001298760124;1.10954;0.100915;0.886032 -0.463026 0.023534 -0.624122 0.459932 0.884237 0.0811588 -3.26053 -0.0583882 -0.0610852 0.996423 -0.310737 0 0 0 1 
13001298760125;0.573277;0.0793114;0.941425 0.0222922 -0.336484 0.654952 0.103702 0.930323 0.351773 -0.840064 0.320881 -0.366062 0.873518 -2.90764 0 0 0 1 
13001298760126;0.254431;0.0717092;0.962311 0.208387 -0.174735 0.93501 -0.196524 0.976993 0.0828405 0.858788 0.187978 -0.0453786 0.981124 -0.90699 0 0 0 1 
13001298760127;0.992788;0.0907919;0.91575 -0.347334 -0.201893 -0.660331 0.347476 0.937001 -0.0359131 -2.61459 0.201647 -0.0372655 0.978749 -1.1551 0 0 0 1 
13001298760128;0.0799235;0.0745193;0.999397 0.0321584 0.0131047 0.0684343 -0.0318196 0.999174 -0.0252874 0.160365 -0.0139071 0.0248551 0.999594 0.202457 0 0 0 1 
13001298760129;0.127861;0.0880001;0.998261 -0.0292989 -0.0511432 0.0385413 0.0279342 0.99924 -0.0271982 -0.00327711 0.0519012 0.0257222 0.998321 -0.100494 0 0 0 1 
13001298760130;0.557579;0.0554529;0.971305 -0.223224 -0.0820875 -0.670099 0.221386 0.974695 -0.0309607 -1.26033 0.0869214 0.0118992 0.996144 0.095196 0 0 0 1 
13001298760131;0.697726;0.0586685;0.987761 -0.155209 -0.0154577 0.03328 0.15165 0.978814 -0.137567 -1.09555 0.0364819 0.133539 0.990372 0.364357 0 0 0 1 
13001298760132;0.915785;0.0932773;0.97677 0.0194801 0.213404 0.104057 -0.0124927 0.999342 -0.0340422 0.216822 -0.213927 0.0305854 0.976371 0.323151 0 0 0 1 
13001298760133;0.526097;0.070138;0.990024 0.116954 0.0785815 0.319608 -0.119714 0.992313 0.0313691 0.610564 -0.0743087 -0.0404634 0.996414 0.730645 0 0 0 1 
13001298760134;0.640051;0.0540316;0.994409 -0.027146 -0.102048 0.229156 0.025327 0.999497 -0.0190781 0.0810182 0.102515 0.0163869 0.994596 0.132468 0 0 0 1 
13001298760135;0.744448;0.0637237;0.893944 0.424565 -0.143559 2.0128 -0.429636 0.902989 -0.00482226 1.87271 0.127585 0.0659888 0.98963 0.177778 0 0 0 1 
13001298760136;0.470128;0.0762585;0.992488 0.115078 -0.0415395 0.0972362 -0.115508 0.993274 -0.00809165 0.542506 0.0403289 0.012829 0.999104 -0.386444 0 0 0 1 
13001298760137;0.306436;0.0784849;0.962354 0.0623461 0.264552 0.147426 -0.00514036 0.977337 -0.211627 0.0641501 -0.271751 0.2023 0.940865 2.06102 0 0 0 1 
13001298760138;0.926249;0.105533;0.9991 -0.00852251 -0.0415552 -0.391344 0.00512871 0.996693 -0.0811023 -0.331057 0.042109 0.0808162 0.995839 -0.567342 0 0 0 1 
13001298760139;0.738974;0.127292;0.976433 0.21493 -0.019578 0.741029 -0.215819 0.972719 -0.0850868 1.17799 0.000756178 0.0873069 0.996181 0.951587 0 0 0 1 
13001298760140;1.02616;0.0965385;0.987479 0.133559 -0.0839475 0.194306 -0.134898 0.990804 -0.0104605 0.507246 0.0817785 0.0216539 0.996415 -1.13063 0 0 0 1 
13001298760141;0.897713;0.0902797;0.953167 -0.228687 0.197927 -0.821952 0.260474 0.953292 -0.152929 -1.68962 -0.15371 0.197321 0.968214 2.01301 0 0 0 1 
13001298760142;0.158181;0.0804728;0.998891 0.0078954 0.0464175 0.0176429 -0.00178059 0.99147 -0.130327 0.210825 -0.0470505 0.130099 0.990384 0.688968 0 0 0 1 
13001298760143;0.631582;0.0594399;0.924025 0.371995 -0.0883097 1.52469 -0.381669 0.883866 -0.270389 1.699 -0.0225293 0.283551 0.958692 1.4366 0 0 0 1 
13001298760144;0.855274;0.0810634;0.98587 -0.102284 -0.132658 0.513044 0.10683 0.993894 0.0275959 -0.472348 0.129025 -0.0413777 0.990778 -0.319151 0 0 0 1 
13001298760145;0.0426315;0.0920649;0.999131 -0.0334117 -0.0249364 -0.0762996 0.0321548 0.998271 -0.0492085 -0.0760329 0.0265375 0.0483639 0.998477 0.123481 0 0 0 1 
13001298760146;0.950154;0.0742909;0.995579 0.0275044 -0.0898118 0.15163 -0.0279623 0.999602 -0.00384425 0.0485975 0.0896702 0.00633859 0.995951 0.528388 0 0 0 1 
13001298760147;0.397392;0.0926964;0.941216 0.110218 -0.319317 0.833459 -0.198602 0.945199 -0.259146 1.02376 0.273256 0.307329 0.911526 -0.204247 0 0 0 1 
13001298760148;0.554781;0.080668;0.997228 -0.0688266 0.0282803 -0.230071 0.0729311 0.979464 -0.187965 -0.42148 -0.0147625 0.189506 0.981769 0.207805 0 0 0 1 
13001298760149;0.73823;0.0877506;0.998864 -0.0436397 -0.0191565 -0.0668962 0.0430933 0.998677 -0.0280655 0.201856 0.020356 0.0272081 0.999423 0.646425 0 0 0 1 
13001298760150;0.886242;0.125945;0.969965 -0.243077 0.00900671 -0.28693 0.243182 0.96822 -0.0584075 -1.524 0.00547704 0.0588435 0.998252 -0.373104 0 0 0 1 
13001298760151;1.10427;0.267004;0.967921 0.209078 0.139342 1.33185 -0.230292 0.960004 0.159243 1.38489 -0.100475 -0.186224 0.977356 0.0327349 0 0 0 1 
13001298760152;0.722566;0.0508891;0.954457 0.219374 0.202205 0.297721 -0.153248 0.941991 -0.29861 0.521173 -0.255982 0.254023 0.932709 2.28174 0 0 0 1 
13001298760153;0.343462;0.211168;0.989044 0.126161 -0.0766483 0.501741 -0.137114 0.977488 -0.160363 0.817158 0.0546913 0.169115 0.984078 0.250212 0 0 0 1 
13001298760155;0.0682714;0.22291;0.996831 0.0781206 0.014975 -0.198139 -0.0781293 0.996943 -7.27961e-06 0.258575 -0.0149298 -0.00116273 0.999888 0.174377 0 0 0 1 
13001298760156;0.228778;0.288139;0.998738 0.00541391 -0.049923 -0.178443 -0.0106756 0.994336 -0.105741 0.153478 0.0490678 0.10614 0.99314 -0.143925 0 0 0 1 
13001298760157;0.606065;0.265695;0.994812 0.101228 0.010056 -0.693503 -0.0998686 0.990669 -0.0927426 -0.0927339 -0.0193503 0.0912572 0.995639 0.436707 0 0 0 1 
13001298760158;0.344682;0.29936;0.947477 -0.0400741 -0.317304 0.222188 0.0186571 0.997355 -0.0702511 -0.0295717 0.31928 0.0606413 0.945718 -1.27348 0 0 0 1 
13001298760159;0.780294;0.637651;0.986354 0.0410858 -0.159432 0.310109 -0.0203347 0.991349 0.129668 -0.124709 0.16338 -0.124656 0.978656 -1.01694 0 0 0 1 
13001298760160;0.374691;0.217642;0.986794 0.108343 -0.120417 -0.114157 -0.0681752 0.952134 0.297981 0.0959862 0.146937 -0.285836 0.946946 -0.200391 0 0 0 1 
13001298760161;0.829311;0.21573;0.883345 0.0683967 0.463706 -0.708021 -0.0659215 0.997592 -0.0215667 0.145579 -0.464064 -0.0115173 0.885727 2.34631 0 0 0 1 
13001298760162;0.477774;0.281716;0.966777 0.170403 -0.190539 -0.243553 -0.217364 0.940279 -0.261971 0.803611 0.134519 0.294683 0.946079 -0.0738145 0 0 0 1 
13001298760163;0.737936;0.486672;0.996206 0.0193468 0.0848512 -0.107971 -0.0126687 0.99683 -0.0785471 -0.620418 -0.0861018 0.0771741 0.993293 0.651607 0 0 0 1 
13001298760164;0.306679;0.318633;0.989492 -0.0264545 -0.142144 -0.22407 -0.0144908 0.960024 -0.279543 0.155885 0.143857 0.278666 0.949553 -0.428391 0 0 0 1 
13001298760165;0.655134;0.278602;0.981445 -0.190132 -0.0248177 -0.566503 0.190801 0.981226 0.0281327 -0.983508 0.0190028 -0.0323459 0.999296 -0.493546 0 0 0 1 
13001298760166;0.142166;0.212015;0.998597 -0.0498193 -0.0179614 -0.222353 0.0491823 0.9982 -0.0343148 -0.217173 0.0196386 0.0333833 0.99925 -0.0804351 0 0 0 1 
13001298760167;0.73402;0.888679;0.993615 -0.0427853 0.1044 -0.490641 0.0445988 0.998891 -0.0150967 -0.564479 -0.103639 0.0196565 0.994421 0.918181 0 0 0 1 
13001298760168;0.457979;0.899632;0.994041 0.0681683 0.0850598 -0.82706 -0.0477363 0.973758 -0.222521 0.0604126 -0.0979966 0.217135 0.97121 0.226318 0 0 0 1 
13001298760169;0.0971797;0.21579;0.992567 0.10778 0.0565156 -0.217427 -0.112802 0.989079 0.0948624 0.339786 -0.0456742 -0.100532 0.993885 0.131896 0 0 0 1 
13001298760170;0.865636;0.926757;0.995387 -0.0420003 -0.086264 -1.07765 0.0261708 0.983856 -0.17704 -0.347054 0.0923071 0.173966 0.980416 0.284412 0 0 0 1 
13001298760171;0.53187;0.291291;0.998474 -0.0528299 -0.0161118 -0.234805 0.0551594 0.938822 0.339956 -0.771373 -0.00283378 -0.340326 0.940303 0.448014 0 0 0 1 
13001298760172;0.399772;0.451441;0.975335 0.104184 0.194597 -0.280504 -0.129092 0.984343 0.12002 0.294488 -0.179046 -0.142181 0.973513 0.89859 0 0 0 1 
13001298760173;0.409814;1.04993;0.984503 0.140033 0.105571 -0.71039 -0.142627 0.989624 0.0173911 -0.308382 -0.10204 -0.0321789 0.99426 0.413243 0 0 0 1 
13001298760174;0.230776;0.21592;0.99147 0.0792526 -0.103469 -0.132565 -0.0811542 0.996599 -0.0142936 0.101287 0.101985 0.0225686 0.99453 -0.131236 0 0 0 1 
13001298760175;0.184973;0.212382;0.986322 0.0298702 -0.1621 -0.142889 -0.0436796 0.995649 -0.0823069 0.128639 0.158936 0.0882616 0.983336 -0.729245 0 0 0 1 
13001298760176;0.684651;0.575017;0.996634 0.0379948 0.0726431 -0.744552 -0.0614487 0.932777 0.355177 -0.687838 -0.054265 -0.358445 0.931972 -0.185015 0 0 0 1 
13001298760177;0.712892;0.752766;0.997914 0.0421315 -0.0489119 -0.35539 -0.0544205 0.956587 -0.286322 0.241841 0.0347253 0.288387 0.956884 -0.385018 0 0 0 1 
13001298760178;0.372998;0.942496;0.994112 0.097848 0.0465605 -0.749931 -0.0933594 0.991521 -0.0903917 -0.228839 -0.0550104 0.0855125 0.994817 0.117099 0 0 0 1 
13001298760179;0.364497;0.30397;0.991814 0.0411817 0.120867 -0.36767 -0.0844116 0.921691 0.37863 -0.0757691 -0.0958093 -0.385733 0.917622 0.489512 0 0 0 1 
13001298760180;0.444705;0.45324;0.977219 0.00671463 -0.212125 -0.203956 0.102908 0.859148 0.501273 -0.844043 0.185613 -0.511683 0.838885 -0.932414 0 0 0 1 
13001298760181;0.327893;0.311288;0.992452 -0.0676105 0.10231 -0.434274 0.0690007 0.997565 -0.0101066 -0.409923 -0.101377 0.0170898 0.994701 0.238856 0 0 0 1 
13001298760182;0.549357;0.371262;0.997015 -0.0339393 -0.0693428 -0.240537 0.0370095 0.998369 0.0434809 -0.7327 0.0677539 -0.0459174 0.996645 0.120132 0 0 0 1 
13001298760183;0.363905;0.268525;0.962074 0.0120459 -0.272521 0.0328498 0.0682313 0.956642 0.283161 -0.62108 0.264116 -0.291016 0.919539 -0.721378 0 0 0 1 
13001298760184;0.185151;0.245984;0.978095 0.187902 -0.0895722 -0.0619623 -0.185194 0.981978 0.0377166 0.415154 0.095045 -0.0203021 0.995266 -0.298351 0 0 0 1 
13001298760186;0.752269;0.451349;0.991839 -0.127489 0.00123909 -0.24081 0.127495 0.991764 -0.0122431 -0.387718 0.000331981 0.0123012 0.999924 0.450202 0 0 0 1 
13001298760187;1.11885;0.323154;0.873495 -0.472897 0.115649 -0.36808 0.480029 0.87621 -0.0427675 -2.16499 -0.081108 0.0928719 0.992369 0.65851 0 0 0 1 
13001298760188;1.47853;0.407512;0.990554 -0.104508 0.088774 -0.485863 0.131102 0.911542 -0.389748 -0.125834 -0.0401893 0.397705 0.916633 0.411945 0 0 0 1 
13001298760189;0.694353;0.536827;0.99745 -0.00920725 0.0707777 0.156767 0.0111847 0.999557 -0.0275943 -0.583677 -0.0704923 0.0283155 0.99711 -0.0283062 0 0 0 1 
13001298760190;1.04867;0.32722;0.951004 -0.278991 -0.133248 -0.468953 0.28279 0.959129 0.0101032 -1.65524 0.124983 -0.0472893 0.991031 -0.563455 0 0 0 1 
13001298760191;0.608395;0.392214;0.999432 0.0215204 0.0259464 0.0513685 -0.021087 0.999635 -0.0168621 -0.141831 -0.0262998 0.0163054 0.999521 -0.222501 0 0 0 1 
13001298760192;0.728377;0.408684;0.979082 -0.18584 0.0828316 -0.361452 0.187278 0.982257 -0.00986884 -0.473631 -0.0795279 0.0251749 0.996515 0.62367 0 0 0 1 
13001298760193;0.223967;0.322076;0.982095 -0.184669 0.03723 -0.346764 0.183801 0.982631 0.0255467 -0.614275 -0.041301 -0.0182464 0.99898 0.00255188 0 0 0 1 
13001298760194;0.894476;0.405371;0.99885 0.0180351 0.0444222 0.048989 -0.0169839 0.999569 -0.0239286 -0.172729 -0.0448347 0.0231466 0.998726 -0.232523 0 0 0 1 
13001298760195;0.58478;0.580994;0.995924 0.0896261 0.0101628 0.334205 -0.0896275 0.995975 -0.000310059 0.0090916 -0.0101497 -0.00060207 0.999948 0.273 0 0 0 1 
13001298760196;0.904607;0.440686;0.985921 -0.161191 0.0444538 -0.676498 0.161698 0.986808 -0.00801687 -0.349416 -0.0425751 0.0150921 0.998979 -0.187036 0 0 0 1 
13001298760197;0.286883;0.339247;0.965642 -0.259874 0.00119624 -0.486406 0.259743 0.965284 0.0275855 -1.11772 -0.00832347 -0.026327 0.999619 0.0332727 0 0 0 1 
13001298760198;1.24998;1.28195;0.98293 0.177334 0.0490102 0.37754 -0.177148 0.984151 -0.00814386 0.138899 -0.0496776 -0.000677215 0.998765 -0.358655 0 0 0 1 
13001298760199;1.55468;0.728999;0.9324 -0.237546 -0.2724 0.101892 0.223329 0.971242 -0.0825374 -0.843961 0.284173 0.016123 0.958637 -1.56418 0 0 0 1 
13001298760200;0.663257;0.330924;0.993945 -0.10948 -0.00938249 -0.378977 0.109655 0.993751 0.0208572 -0.848942 0.00704041 -0.0217598 0.999738 -0.132965 0 0 0 1 
13001298760201;0.427557;0.400243;0.999233 0.0269238 0.0284352 0.0290821 -0.0286412 0.997676 0.061823 -0.174522 -0.0267046 -0.06259 0.997682 -0.21233 0 0 0 1 
13001298760202;1.14516;0.476368;0.967739 -0.231817 -0.0987021 -0.298999 0.228791 0.972607 -0.0411101 -0.872271 0.105528 0.0172018 0.994267 -0.772992 0 0 0 1 
13001298760203;0.345194;0.457662;0.992843 0.11293 -0.0388428 0.37663 -0.108818 0.989482 0.0953125 0.0348867 0.0491979 -0.0904036 0.994689 -0.241618 0 0 0 1 
13001298760204;0.987501;0.413223;0.961224 -0.27034 0.0544503 -0.835896 0.270055 0.962761 0.0126621 -0.731294 -0.0558457 0.00253351 0.998436 -0.367449 0 0 0 1 
13001298760205;1.27725;0.5074;0.959662 -0.281142 -0.00289156 0.0859346 0.28114 0.959666 -0.00130818 -1.17958 0.00314271 0.000442478 0.999995 0.512758 0 0 0 1 
13001298760206;0.732057;0.583351;0.992165 -0.00118453 0.124929 -0.109937 0.0357729 0.960781 -0.274993 -0.302176 -0.119703 0.277307 0.953295 1.40279 0 0 0 1 
13001298760207;0.280311;0.303352;0.952192 -0.250854 -0.174365 -0.316004 0.257414 0.966174 0.015707 -0.896467 0.164527 -0.05984 0.984556 -0.49247 0 0 0 1 
13001298760208;0.976835;0.308765;0.998307 -0.0553992 0.0177046 0.10702 0.0552707 0.998442 0.00766603 -0.763193 -0.0181017 -0.00667451 0.999814 0.483822 0 0 0 1 
13001298760209;0.510095;0.424851;0.987259 -0.147436 -0.0598466 -0.0554416 0.146515 0.989016 -0.0195309 -0.742206 0.0620688 0.0105137 0.998016 -0.265736 0 0 0 1 
13001298760210;0.786915;0.453726;0.953415 -0.229511 0.195768 -0.575558 0.234846 0.972024 -0.00416803 -0.486737 -0.189335 0.0499493 0.980641 0.40855 0 0 0 1 
13001298760211;0.331308;0.453652;0.985753 -0.116245 0.121568 -0.318104 0.09527 0.981509 0.166022 -0.623167 -0.138619 -0.152075 0.9786 0.121859 0 0 0 1 
13001298760212;0.525518;0.409276;0.996259 -0.00167467 0.0864007 -0.183493 0.000444404 0.999898 0.0142564 -0.235278 -0.0864158 -0.0141646 0.996158 0.0274294 0 0 0 1 
13001298760213;1.26584;0.563704;0.974844 -0.21541 0.0572531 -0.0503646 0.22048 0.969614 -0.106007 -0.775164 -0.0326784 0.115964 0.992716 1.10969 0 0 0 1 
13001298760214;1.19532;1.45087;0.946032 -0.154757 0.284735 0.0374698 0.116311 0.982214 0.147401 -0.780356 -0.302482 -0.106328 0.947206 0.813236 0 0 0 1 
13001298760215;0.473246;0.396385;0.988651 0.144658 0.0405375 0.235047 -0.14698 0.98721 0.0617578 -0.110611 -0.0310852 -0.0670151 0.997268 -0.0867576 0 0 0 1 
13001298760217;0.222897;0.100862;0.996146 -0.0749757 -0.0455159 -0.137275 0.0777981 0.994927 0.0637776 -0.37573 0.0405032 -0.0670729 0.996926 -0.219806 0 0 0 1 
13001298760218;0.56062;0.0534812;0.978985 0.109314 0.17216 0.578866 -0.148839 0.960103 0.236748 0.151273 -0.139411 -0.257397 0.956196 -0.167896 0 0 0 1 
13001298760219;1.35156;0.0736003;0.995647 -0.0930828 0.00470487 -0.352993 0.0931101 0.995638 -0.00596639 -0.0501741 -0.00412898 0.00637849 0.999971 0.981441 0 0 0 1 
13001298760220;0.477483;0.0762543;0.921377 -0.210895 0.326477 -0.257032 0.166815 0.97326 0.157915 -0.610138 -0.351051 -0.0910382 0.93192 1.28388 0 0 0 1 
13001298760221;0.489369;0.0467634;0.952244 -0.137322 0.272717 -0.269471 0.0975047 0.983155 0.154595 -0.643552 -0.289352 -0.120621 0.949592 0.979916 0 0 0 1 
13001298760222;1.04527;0.116221;0.996984 0.0538978 0.0558385 -0.24247 -0.0665601 0.963826 0.258088 -0.391167 -0.0399082 -0.261026 0.964507 -0.876044 0 0 0 1 
13001298760223;0.25956;0.0374964;0.970972 0.0978545 0.218261 0.162878 -0.11538 0.990921 0.0690215 0.37183 -0.209526 -0.092201 0.973446 0.497142 0 0 0 1 
13001298760224;0.137794;0.069996;0.999058 0.00810026 -0.0426245 0.0195374 -0.00836649 0.999947 -0.00607109 0.0557219 0.042573 0.00642199 0.999073 -0.025957 0 0 0 1 
13001298760225;1.05742;0.0733419;0.914462 -0.0235206 0.403989 -0.55634 0.0486718 0.997455 -0.0521 -0.35307 -0.401735 0.0673063 0.913279 1.84478 0 0 0 1 
13001298760226;1.15936;0.0732947;0.986968 0.160891 -0.002792 -0.0988671 -0.160912 0.986693 -0.0233285 0.512659 -0.000998504 0.0234738 0.999724 0.670257 0 0 0 1 
13001298760227;0.324156;0.0672454;0.937312 0.334484 -0.0978109 1.28993 -0.343688 0.933676 -0.100638 1.19913 0.0576619 0.127946 0.990104 0.196526 0 0 0 1 
13001298760228;1.39459;0.0759207;0.932214 -0.122393 0.340585 -0.679026 0.228305 0.929077 -0.29102 -0.0481918 -0.280811 0.349051 0.894041 1.82175 0 0 0 1 
13001298760229;0.664996;0.0617482;0.969203 -0.0274199 0.244732 -0.211673 -0.0364407 0.966873 0.252644 0.0475798 -0.243552 -0.253781 0.936097 0.616969 0 0 0 1 
13001298760230;0.977712;0.0820523;0.952932 -0.302651 0.017968 -0.520293 0.298017 0.945941 0.127993 -1.62708 -0.0557338 -0.116614 0.991612 -0.657336 0 0 0 1 
13001298760231;0.367575;0.0777221;0.892697 0.367668 0.260601 1.27219 -0.379682 0.925106 -0.00456997 1.22238 -0.242764 -0.094866 0.965436 0.537263 0 0 0 1 
13001298760232;0.090517;0.0544821;0.996558 0.0381352 -0.0736044 0.179131 -0.0405799 0.998663 -0.0320083 0.215482 0.0722854 0.034885 0.996774 -0.16658 0 0 0 1 
13001298760233;0.668099;0.202622;0.978077 -0.208244 1.56928e-05 -0.0750768 0.208082 0.977319 0.039357 -0.426398 -0.00821119 -0.0384909 0.999225 0.012115 0 0 0 1 
13001298760234;0.755306;0.0710381;0.991755 0.117929 -0.0501543 0.249353 -0.108334 0.980583 0.163464 0.0521742 0.0684576 -0.156683 0.985274 -0.214232 0 0 0 1 
13001298760235;0.973297;0.0894083;0.998906 0.0401837 -0.0239122 0.129894 -0.0392203 0.99845 0.0394798 -0.490904 0.0254616 -0.0384988 0.998934 -0.391078 0 0 0 1 
13001298760236;0.97211;0.0377342;0.956933 -0.143573 -0.252319 0.132608 0.193653 0.963207 0.18636 -1.03819 0.21628 -0.227196 0.949529 -1.96643 0 0 0 1 
13001298760237;0.48343;0.0773167;0.998345 0.0459055 0.0346383 0.125128 -0.0448863 0.998552 -0.0296493 -0.0986699 -0.0359492 0.0280455 0.99896 0.0776251 0 0 0 1 
13001298760238;0.245894;0.0490374;0.997891 0.063184 -0.0148857 0.21773 -0.0641359 0.995054 -0.0758557 0.167085 0.0100192 0.0766504 0.997008 0.291704 0 0 0 1 
13001298760239;0.597612;0.0824784;0.935963 0.350521 -0.0333003 1.3158 -0.347486 0.934818 0.0732699 1.04943 0.0568124 -0.0570065 0.996756 -0.688608 0 0 0 1 
13001298760240;0.379328;0.0644434;0.998485 -0.0527432 0.0157049 -0.0950608 0.0516536 0.996666 0.0631638 -0.112366 -0.0189839 -0.0622569 0.99788 0.177258 0 0 0 1 
13001298760241;0.905295;0.0448896;0.997799 -0.0507447 -0.0426957 0.443666 0.0582849 0.978148 0.199571 -0.033376 0.0316356 -0.20162 0.978953 -0.818925 0 0 0 1 
13001298760242;0.886526;0.213398;0.931289 -0.30266 0.202728 -0.9141 0.277458 0.949942 0.143619 -1.10306 -0.236047 -0.0775018 0.968646 0.243201 0 0 0 1 
13001298760243;0.836676;0.0209585;0.95302 0.240444 0.184226 0.926846 -0.224947 0.969105 -0.101164 0.469043 -0.202858 0.0549706 0.977664 0.452238 0 0 0 1 
13001298760244;1.22657;0.0419683;0.993115 0.117137 0.001004 0.935291 -0.117129 0.9931 -0.00575192 0.597588 -0.00167083 0.00559472 0.999983 0.68095 0 0 0 1 
13001298760245;1.14759;0.0632632;0.998544 -0.0535954 0.00614469 -0.892763 0.0539143 0.995391 -0.079309 0.0684802 -0.00186577 0.0795248 0.996831 0.0143229 0 0 0 1 
13001298760246;0.304771;0.0943677;0.94145 0.273258 -0.197491 1.1013 -0.281644 0.959399 -0.0151407 0.994854 0.185336 0.0698764 0.980188 -0.555982 0 0 0 1 
13001298760248;0.0489943;0.507687;0.993679 -0.0941781 -0.0611017 -0.335416 0.0966582 0.994554 0.0389839 -0.734494 0.0570975 -0.0446434 0.99737 -0.374083 0 0 0 1 
13001298760249;0.420407;0.221839;0.999284 -0.0273915 -0.0261066 -0.253924 0.0277706 0.999512 0.0142709 -0.408371 0.025703 -0.0149857 0.999557 -0.489937 0 0 0 1 
13001298760250;0.517589;0.347978;0.996529 0.0343484 0.0758237 0.0952278 -0.0352852 0.999316 0.0110487 -0.124003 -0.0753924 -0.0136859 0.99706 0.564424 0 0 0 1 
13001298760251;0.918817;0.430352;0.99502 -0.0996619 0.00191375 0.333673 0.0990598 0.990782 0.0924005 -0.49948 -0.0111049 -0.0917507 0.99572 -0.523761 0 0 0 1 
13001298760252;0.624083;0.497064;0.996222 0.0205953 -0.0843615 -0.00523004 -0.0243292 0.998758 -0.0434747 0.186252 0.0833613 0.0453629 0.995486 -0.0936015 0 0 0 1 
13001298760253;0.848575;0.294361;0.978507 0.170882 0.115427 0.871486 -0.175822 0.983835 0.033986 0.121167 -0.107753 -0.05355 0.992734 0.706042 0 0 0 1 
13001298760254;0.316984;0.409;0.9891 -0.123588 -0.0800411 -0.304236 0.112627 0.985177 -0.129389 -0.543311 0.0948455 0.118963 0.988358 0.147206 0 0 0 1 
13001298760255;0.292142;1.04158;0.983742 -0.120051 -0.133563 -0.682566 0.119871 0.992745 -0.00941706 -1.11212 0.133724 -0.00674641 0.990996 -0.543292 0 0 0 1 
13001298760256;0.288912;0.556325;0.997488 -0.0649731 -0.0282262 -0.19595 0.0648535 0.997882 -0.00513322 -0.829242 0.0284999 0.00328975 0.999588 0.0376701 0 0 0 1 
13001298760257;0.0896223;0.468098;0.990244 -0.126627 0.0581514 -0.707708 0.123031 0.99048 0.0617446 -0.650951 -0.0654163 -0.0539878 0.996397 -0.0114789 0 0 0 1 
13001298760258;0.918056;0.641363;0.996585 -0.0159085 0.0810221 -0.103883 0.0106107 0.997802 0.0654036 0.179635 -0.0818845 -0.0643206 0.994564 0.0527645 0 0 0 1 
13001298760259;0.628443;0.4247;0.995956 -0.0596665 0.0671705 -0.600308 0.0577009 0.997858 0.030834 -0.225291 -0.0688663 -0.0268335 0.997265 -0.386418 0 0 0 1 
