#;prob_registration_l1 -r /home/probabilistic_point_clouds_registration/build/tester /home/point_clouds_registration_benchmark//devel/registration_pairs/box_met_local.txt /home/point_clouds_registration_benchmark//planetary/box_met -s 0.2 -t 0.2 -p 0.3 -r 1000 -m 15 -i 40 
id;initial_error;final_error;transformation
7680147070000;1.79635;1.87188;0.879741 0.177142 0.441222 -7.63702 -0.120499 0.980774 -0.153502 -5.29312 -0.459931 0.0818754 0.884172 -31.8743 0 0 0 1 
7680147070001;0.811107;1.68449;0.981711 0.171622 0.0823971 -4.63617 -0.149246 0.962493 -0.226566 -6.41011 -0.11819 0.210125 0.970504 -11.836 0 0 0 1 
7680147070002;1.49386;1.71206;0.958361 -0.000199589 -0.28556 -3.97663 -0.0763359 0.963429 -0.256862 -2.70549 0.275168 0.267965 0.923297 9.25696 0 0 0 1 
7680147070003;0.946768;1.80415;0.994871 0.101078 -0.00395742 -2.97682 -0.0999518 0.976261 -0.192158 -4.48472 -0.0155595 0.191568 0.981356 -3.75757 0 0 0 1 
7680147070004;1.43077;1.93545;0.998315 -0.00392461 -0.0579015 -0.840904 -0.00337065 0.992105 -0.125361 -0.229373 0.0579364 0.125345 0.99042 0.748158 0 0 0 1 
7680147070005;0.312811;1.87607;0.986154 0.159301 0.0460836 -4.42636 -0.160098 0.987 0.0141318 -6.56388 -0.0432334 -0.021314 0.998838 -3.00288 0 0 0 1 
7680147070006;1.56238;1.84852;0.999672 -0.0203496 -0.0155774 -0.351284 0.020644 0.999607 0.0189792 2.68956 0.0151851 -0.0192946 0.999699 -1.2664 0 0 0 1 
7680147070007;1.77223;1.51315;0.975093 0.0757733 0.20845 -2.05965 -0.126903 0.961397 0.244155 -3.65018 -0.181902 -0.264527 0.947068 -9.16369 0 0 0 1 
7680147070008;0.368314;2.12842;0.983305 0.160112 0.0864618 -4.44258 -0.16133 0.986874 0.00724309 -6.35997 -0.0841672 -0.021071 0.996229 -5.29446 0 0 0 1 
7680147070009;2.02654;2.19288;0.9986 -0.0466346 0.0249851 -1.07562 0.0484373 0.995838 -0.0772081 4.85134 -0.0212806 0.0783102 0.996702 -6.2521 0 0 0 1 
7680147070010;1.67484;1.52923;0.990914 -0.0167386 -0.133454 -1.65019 0.0147493 0.999765 -0.0158809 2.28306 0.133688 0.0137682 0.990928 9.24395 0 0 0 1 
7680147070011;1.58383;1.86506;0.977531 0.0765934 0.196384 -2.43686 -0.00387078 0.938014 -0.346576 0.15376 -0.210756 0.338029 0.917234 -17.4724 0 0 0 1 
7680147070012;1.55669;1.83077;0.996188 -0.00124869 0.0872223 -2.21297 0.0189042 0.979226 -0.20189 2.8257 -0.0851583 0.20277 0.975517 -7.49287 0 0 0 1 
7680147070013;1.90796;1.90497;0.995511 0.0946021 -0.00284263 -2.77699 -0.0923775 0.977759 0.188293 -2.04021 0.0205923 -0.187185 0.982109 1.13318 0 0 0 1 
7680147070014;1.7784;1.67372;0.990326 0.135544 -0.0297067 -3.94251 -0.137597 0.98692 -0.0839951 -5.41257 0.0179331 0.0872701 0.996023 -3.47402 0 0 0 1 
7680147070015;0.363704;2.13244;0.997119 0.0410351 -0.0637996 -3.39791 -0.014414 0.928222 0.371747 5.11393 0.0744749 -0.369756 0.926139 9.88082 0 0 0 1 
7680147070016;0.265959;1.34777;0.998033 0.0607337 0.0155581 -2.35571 -0.0613921 0.99705 0.0460715 -1.59439 -0.0127141 -0.046936 0.998817 -0.744389 0 0 0 1 
7680147070017;0.994504;1.82937;0.999526 0.00930053 -0.0293355 -1.57773 -0.00867284 0.999732 0.0214521 1.9189 0.0295272 -0.0211875 0.999339 0.256926 0 0 0 1 
7680147070018;1.14391;2.08263;0.920896 0.0849535 -0.380439 -10.3108 -0.0871572 0.996129 0.0114654 -1.82576 0.37994 0.0225996 0.924735 21.0904 0 0 0 1 
7680147070019;1.59901;1.53653;0.999295 0.0350113 0.0135781 -0.737231 -0.0350178 0.999387 0.000236743 1.33885 -0.0135615 -0.00071205 0.999908 -1.04755 0 0 0 1 
7680147070020;1.99055;2.49553;0.97726 -0.0353397 0.209081 -2.13918 0.00992665 0.992558 0.121368 4.9698 -0.211814 -0.116533 0.970337 -9.91005 0 0 0 1 
7680147070021;1.30849;1.84988;0.965125 0.0204466 -0.260992 -5.18424 0.0361543 0.976982 0.210234 6.77728 0.259283 -0.212338 0.94217 16.7639 0 0 0 1 
7680147070022;0.490232;2.36665;0.998976 -0.0165806 0.0420936 -1.32726 0.0146416 0.998836 0.0459602 3.87375 -0.0428067 -0.0452968 0.998056 -1.94917 0 0 0 1 
7680147070023;1.93092;1.24147;0.990816 0.128154 0.0431349 -3.19001 -0.120615 0.981832 -0.146487 -3.46808 -0.0611241 0.139939 0.988272 -5.81437 0 0 0 1 
7680147070024;2.01577;2.87915;0.986634 0.0872449 -0.13763 -3.57328 -0.0594931 0.979155 0.194205 0.10999 0.151704 -0.183421 0.971258 9.8558 0 0 0 1 
7680147070025;1.53658;2.09872;0.955954 -0.0953825 -0.277587 -3.0822 0.0557685 0.987523 -0.14727 4.11905 0.288171 0.125303 0.949345 11.7939 0 0 0 1 
7680147070026;1.23157;2.13676;0.989975 0.131421 0.0517517 -3.58649 -0.135245 0.987656 0.0790275 -3.73166 -0.0407269 -0.0852344 0.995528 -0.174993 0 0 0 1 
7680147070027;1.05263;1.97036;0.943795 0.00899948 0.330408 -3.45021 -0.0651509 0.985083 0.159269 -0.0880713 -0.324046 -0.171844 0.930303 -17.0735 0 0 0 1 
7680147070028;0.137424;1.63648;0.999848 0.0103197 0.0140206 -1.14283 -0.0104907 0.999871 0.0121741 1.37794 -0.0138931 -0.0123194 0.999828 -1.06394 0 0 0 1 
7680147070029;1.81513;1.38199;0.997874 -0.00361915 -0.0650674 -2.53488 0.00187942 0.99964 -0.0267787 3.96201 0.0651409 0.0265995 0.997521 3.32991 0 0 0 1 
7680147070031;0.429088;0.480289;0.972106 -0.0446709 -0.230248 -1.31171 0.0471616 0.998873 0.00532235 0.733278 0.229751 -0.0160328 0.973117 1.8911 0 0 0 1 
7680147070032;0.91489;0.861229;0.996285 0.0091327 0.0856312 -0.103086 -0.0173553 0.995252 0.0957765 0.708452 -0.0843499 -0.0969068 0.991713 0.95169 0 0 0 1 
7680147070033;0.415478;0.275726;0.981013 0.0393663 0.189907 -0.356917 0.0190534 0.954885 -0.296365 -0.49946 -0.193006 0.294356 0.936004 -9.05071 0 0 0 1 
7680147070034;0.600344;0.527182;0.983197 -0.0575867 -0.173226 -0.496874 0.0279452 0.985234 -0.168916 -0.213893 0.180396 0.161237 0.970289 -1.32514 0 0 0 1 
7680147070035;0.44843;0.376305;0.997171 0.0232066 0.0715005 -0.606322 -0.0376966 0.977288 0.208536 1.13409 -0.0650371 -0.210641 0.975398 3.13102 0 0 0 1 
7680147070036;0.879785;0.221046;0.99984 -0.00831729 -0.0158069 -2.07069 0.00790828 0.999637 -0.0257642 0.808655 0.0160154 0.0256351 0.999543 -0.85982 0 0 0 1 
7680147070037;0.82527;0.30237;0.999813 0.00928044 0.0169733 -0.614505 -0.00984184 0.999397 0.0332967 0.587463 -0.0166541 -0.0334575 0.999301 2.20464 0 0 0 1 
7680147070038;0.802274;0.280333;0.978446 0.0107215 0.206227 -0.211056 -0.0704072 0.956135 0.28434 2.80103 -0.194132 -0.292731 0.936281 4.65127 0 0 0 1 
7680147070039;1.33952;0.538233;0.998521 0.0543142 0.00234388 -4.1614 -0.0543592 0.998105 0.0288294 0.254144 -0.000773595 -0.0289141 0.999582 1.44827 0 0 0 1 
7680147070040;0.158831;0.253955;0.999535 -0.0138579 -0.0271446 -0.294379 0.0107168 0.99358 -0.112624 -0.291222 0.0285311 0.112281 0.993267 -2.17658 0 0 0 1 
7680147070041;1.36617;0.327529;0.999383 -0.00473835 0.0347905 -0.487958 0.00327577 0.999113 0.0419772 0.329443 -0.0349585 -0.0418373 0.998513 -2.37963 0 0 0 1 
7680147070042;0.46675;0.393204;0.997148 0.0123243 0.0744611 -0.296203 0.00290071 0.979591 -0.20098 -0.598754 -0.0754184 0.200623 0.976761 -5.84416 0 0 0 1 
7680147070043;1.14629;0.916776;0.964607 0.0616401 0.256388 -0.227029 -0.00220825 0.974149 -0.225894 -0.8074 -0.263684 0.217333 0.939807 -7.37461 0 0 0 1 
7680147070044;0.702038;0.23517;0.999177 -0.00395798 -0.0403604 -0.68569 0.00719981 0.996729 0.0804961 0.989374 0.0399098 -0.0807205 0.995937 3.49822 0 0 0 1 
7680147070045;0.887978;0.612161;0.999563 -0.00902601 0.028137 -0.64011 0.00904964 0.999959 -0.000712481 0.680726 -0.0281294 0.0009668 0.999604 -1.59628 0 0 0 1 
7680147070046;0.520495;0.312379;0.995764 0.00890297 0.0915171 -0.00924796 0.00691986 0.985223 -0.171137 -0.557434 -0.0916884 0.171045 0.980988 -5.69277 0 0 0 1 
7680147070047;1.3778;0.474551;0.994261 0.0708617 -0.080146 -4.54516 -0.0447978 0.956099 0.289598 2.6571 0.097149 -0.284346 0.953787 8.27668 0 0 0 1 
7680147070048;1.12108;1.11695;0.999998 -0.000146435 0.00176443 -0.103303 0.000224312 0.999022 -0.0442182 -0.223327 -0.00175623 0.0442185 0.99902 -0.742388 0 0 0 1 
7680147070049;0.932757;0.444546;0.996634 -0.0468219 -0.0672986 -0.53446 0.0370514 0.989497 -0.139727 0.664195 0.073134 0.136763 0.9879 -0.861222 0 0 0 1 
7680147070050;1.2993;0.398852;0.954409 -0.0374242 -0.296145 -4.03663 0.00280715 0.993191 -0.116464 0.132937 0.298488 0.110323 0.948016 0.0367537 0 0 0 1 
7680147070051;0.92457;0.561436;0.99785 0.0132833 0.0641845 -0.283676 -0.0294869 0.965535 0.258598 1.17597 -0.0585373 -0.259934 0.96385 3.17236 0 0 0 1 
7680147070052;0.840224;0.683163;0.963837 -0.031024 -0.26468 -1.52901 0.0743608 0.985061 0.155324 2.44099 0.255907 -0.169389 0.951745 7.05344 0 0 0 1 
7680147070053;0.82655;0.480329;0.999986 0.00493793 0.0019233 -0.476132 -0.00491904 0.999941 -0.0097042 0.17181 -0.0019711 0.00969461 0.999951 1.18371 0 0 0 1 
7680147070054;0.270576;0.386179;0.998637 0.0195244 0.0484016 -0.939585 -0.0220833 0.998355 0.0529106 0.284026 -0.047289 -0.0539073 0.997426 0.589444 0 0 0 1 
7680147070055;0.73698;0.405603;0.983725 -0.111527 -0.140877 0.898924 0.0405501 0.90162 -0.430624 0.310825 0.175043 0.417904 0.891469 -6.75851 0 0 0 1 
7680147070056;0.896614;0.333122;0.999115 -0.0300427 -0.0294271 -0.183099 0.0294232 0.999341 -0.0212619 0.213739 0.0300465 0.0203772 0.999341 -2.20593 0 0 0 1 
7680147070057;0.403726;0.350436;0.998328 0.0201574 0.0541774 -1.51378 -0.0180227 0.999053 -0.0396051 0.12066 -0.0549244 0.0385625 0.997746 -1.44245 0 0 0 1 
7680147070058;0.771956;0.354454;0.993696 0.0218598 0.109959 -0.781851 -0.00352116 0.986408 -0.164277 -0.457297 -0.112055 0.162854 0.980266 -6.29491 0 0 0 1 
7680147070059;0.054331;0.225917;0.999867 0.00203129 0.0162044 -0.347317 -0.001945 0.999984 -0.00533917 0.0630128 -0.016215 0.00530694 0.999854 -0.459043 0 0 0 1 
7680147070060;0.252286;0.237656;0.999611 0.0254443 0.0114561 -1.01245 -0.0276239 0.960385 0.277305 2.04922 -0.00394645 -0.277514 0.960714 5.42516 0 0 0 1 
7680147070062;0.694613;1.35099;0.99655 0.0169631 0.0812443 1.08024 -0.0197551 0.999237 0.0336862 -0.773018 -0.080611 -0.035175 0.996125 -1.64854 0 0 0 1 
7680147070063;0.642429;0.57535;0.999974 -0.00324717 -0.00636755 0.711307 0.00322503 0.999989 -0.00348325 -0.327207 0.00637878 0.00346263 0.999974 -0.427899 0 0 0 1 
7680147070064;1.73702;1.87621;0.997522 -0.0586766 -0.0388228 1.16269 0.0491504 0.975985 -0.212219 -0.165031 0.0503428 0.209785 0.976451 -3.4964 0 0 0 1 
7680147070065;2.03958;2.28041;0.982744 -0.0061576 -0.184866 -0.983005 0.0331977 0.989089 0.143533 1.63499 0.181965 -0.147193 0.972226 6.21168 0 0 0 1 
7680147070066;1.4044;1.72326;0.996036 -0.00986356 0.0883975 0.96617 0.0218345 0.990537 -0.135499 -0.248915 -0.0862245 0.136892 0.986826 -4.30374 0 0 0 1 
7680147070067;2.44929;0.965351;0.99799 -0.0402975 -0.0489088 1.71193 0.0409615 0.999081 0.0126506 0.178751 0.048354 -0.0146285 0.998723 -1.195 0 0 0 1 
7680147070068;0.72785;0.869228;0.998575 -0.0200983 -0.0494336 0.958963 0.018041 0.998967 -0.0417168 -0.135131 0.0502209 0.0407655 0.997906 1.40159 0 0 0 1 
7680147070069;0.403431;0.862039;0.99644 -0.0243972 0.0807025 1.51808 0.0561557 0.906038 -0.419454 -0.00377803 -0.062886 0.422492 0.904182 -9.31061 0 0 0 1 
7680147070070;2.46104;2.31364;0.933218 -0.109302 -0.342283 -0.0184347 0.0314792 0.973817 -0.225145 -0.80028 0.35793 0.199334 0.912224 3.18178 0 0 0 1 
7680147070071;1.40642;1.25948;0.943032 0.0458633 0.329527 1.10313 -0.0876501 0.989711 0.113088 -1.4518 -0.32095 -0.135528 0.937349 -7.08022 0 0 0 1 
7680147070072;0.468235;0.759265;0.998696 -0.0123926 -0.0495334 0.543214 0.0118474 0.999866 -0.0112857 -0.0356386 0.0496666 0.0106841 0.998709 0.751485 0 0 0 1 
7680147070073;0.953779;0.907973;0.993221 0.0194818 0.114601 0.850823 0.00438944 0.978868 -0.204447 -0.833401 -0.116162 0.203564 0.972146 -5.62152 0 0 0 1 
7680147070074;0.189263;0.664319;0.999427 -0.0338251 0.00158381 1.16153 0.0335828 0.984103 -0.174396 -0.455747 0.00434031 0.174349 0.984674 -2.9744 0 0 0 1 
7680147070075;2.44638;1.50015;0.968221 -0.111753 -0.223739 3.06382 0.0394414 0.951648 -0.304648 -1.04199 0.246967 0.286142 0.925813 1.26822 0 0 0 1 
7680147070076;2.31741;1.53601;0.997495 -0.0149206 -0.0691414 1.20347 0.0124076 0.999252 -0.0366341 -0.239125 0.0696363 0.0356844 0.996934 3.15026 0 0 0 1 
7680147070077;2.21484;0.645233;0.998321 -0.0529135 0.0235725 2.627 0.0551937 0.992418 -0.109822 0.171797 -0.0175827 0.110939 0.993672 -0.392519 0 0 0 1 
7680147070078;0.226189;0.540978;0.994538 0.0247985 -0.101385 -0.535255 0.0101024 0.943932 0.329984 2.96002 0.103883 -0.329206 0.938526 7.76485 0 0 0 1 
7680147070079;1.94297;1.98415;0.993282 0.0209222 0.113813 0.783117 0.00707962 0.970691 -0.240227 -0.751852 -0.115504 0.239419 0.964021 -7.47056 0 0 0 1 
7680147070080;2.14298;1.17975;0.99941 -0.0337921 0.00616254 0.910999 0.0343438 0.979785 -0.197082 -0.243053 0.000621842 0.197177 0.980368 -0.930324 0 0 0 1 
7680147070081;1.69906;1.0779;0.997493 0.0141604 0.0693274 1.719 -0.00526566 0.991909 -0.126839 -1.27939 -0.0705626 0.126156 0.989498 -2.5258 0 0 0 1 
7680147070082;2.0972;1.38581;0.963161 -0.0969773 -0.25083 -0.20997 0.0248709 0.96084 -0.275984 -0.39396 0.267771 0.259579 0.927856 3.39216 0 0 0 1 
7680147070083;0.59076;0.856554;0.998882 -0.0240194 0.0407202 1.39026 0.0359153 0.945644 -0.323213 -0.259269 -0.0307435 0.324314 0.94545 -6.86419 0 0 0 1 
7680147070084;0.946739;0.872157;0.999704 -0.0196649 -0.0143444 1.93982 0.019808 0.999755 0.00989894 -0.0486783 0.0141462 -0.0101801 0.999848 1.31813 0 0 0 1 
7680147070085;1.67199;1.13576;0.967239 0.00939278 -0.253692 -1.13563 0.0777228 0.940373 0.331147 4.8323 0.241676 -0.340016 0.908836 12.5715 0 0 0 1 
7680147070086;1.58068;1.0469;0.999964 0.0034437 -0.0077889 0.707008 -0.00329442 0.999812 0.0190972 -0.651512 0.0078532 -0.0190709 0.999787 -1.19946 0 0 0 1 
7680147070087;0.945675;1.10945;0.995166 -0.0426959 -0.0884362 0.697785 0.0234914 0.977896 -0.207769 -0.844135 0.0953523 0.204688 0.974172 -1.63143 0 0 0 1 
7680147070088;1.00125;1.35204;0.978681 0.0330721 0.202705 1.19737 -0.0286456 0.999284 -0.0247331 -1.3635 -0.203378 0.0183992 0.978927 -5.72745 0 0 0 1 
7680147070089;1.42162;0.94626;0.997729 -0.00616691 0.0670736 1.37535 0.00445848 0.999663 0.025591 -0.133171 -0.0672087 -0.0252338 0.99742 0.192922 0 0 0 1 
7680147070090;0.678915;0.806792;0.999392 -0.0149262 -0.0314983 0.893438 0.0159538 0.99934 0.0326272 0.186125 0.0309905 -0.0331099 0.998971 1.09709 0 0 0 1 
7680147070091;1.30647;1.64437;0.988902 -0.0637287 -0.134208 0.422796 0.0491785 0.992817 -0.109071 0.522552 0.140195 0.10126 0.984932 1.64366 0 0 0 1 
7680147070093;0.528987;0.508424;0.995242 -0.0208176 -0.0951836 -0.610379 0.0264374 0.997957 0.058167 2.13601 0.0937782 -0.0604067 0.993759 7.71604 0 0 0 1 
7680147070094;0.750267;0.710124;0.975403 -0.0298295 -0.218402 -2.68133 0.0572306 0.991095 0.120233 5.06204 0.212871 -0.129775 0.968424 17.7179 0 0 0 1 
7680147070095;1.32662;1.16051;0.995896 0.0555139 0.0714751 -1.32306 -0.033885 0.961047 -0.274298 -3.85575 -0.0839183 0.270751 0.958985 -12.9575 0 0 0 1 
7680147070096;1.72861;0.16663;0.999622 0.0185739 0.0202785 -0.312036 -0.0175403 0.998595 -0.0500075 -1.43912 -0.0211789 0.0496329 0.998543 0.404226 0 0 0 1 
7680147070097;1.58172;1.60875;0.997093 -0.0120826 -0.0752315 -0.493349 0.0167277 0.997972 0.0614235 1.67036 0.0743367 -0.0625034 0.995273 6.98062 0 0 0 1 
7680147070098;0.811119;0.572058;0.979157 -0.0405831 -0.199011 -2.07471 0.0186732 0.993672 -0.110759 0.609249 0.202247 0.104735 0.973718 12.697 0 0 0 1 
7680147070099;0.734807;0.424132;0.999953 -0.00240369 0.00940241 -0.126961 0.00247243 0.99997 -0.00730596 -0.20693 -0.00938457 0.00732887 0.999929 -1.36749 0 0 0 1 
7680147070100;0.613699;0.123251;0.937606 0.0772053 0.339019 -4.02048 -0.0567593 0.995943 -0.0698315 -4.58804 -0.343035 0.046232 0.938184 -26.6226 0 0 0 1 
7680147070101;0.463274;0.400783;0.998867 -0.006829 -0.0470917 -0.31293 0.00102367 0.992503 -0.122215 -0.907905 0.0475733 0.122028 0.991386 0.243869 0 0 0 1 
7680147070102;1.71997;1.18741;0.991318 0.048931 0.122043 -1.3063 -0.0256888 0.982365 -0.1852 -3.09643 -0.128953 0.180457 0.975093 -15.8211 0 0 0 1 
7680147070103;0.768405;0.410403;0.985049 0.0292241 0.169777 -0.376244 -0.0364515 0.99855 0.0396093 -2.10133 -0.168373 -0.0452058 0.984686 -9.75182 0 0 0 1 
7680147070104;1.11988;0.876422;0.999942 0.00497382 0.00959246 -0.262918 -0.00442068 0.998373 -0.0568474 -1.08348 -0.0098596 0.0568017 0.998337 -2.42433 0 0 0 1 
7680147070105;0.792054;0.568025;0.970058 0.0534662 0.236914 -1.92789 -0.0535463 0.998547 -0.00610104 -4.06205 -0.236896 -0.00676752 0.971511 -17.6723 0 0 0 1 
7680147070106;0.562855;0.285455;0.998215 0.00391336 -0.0596006 -0.774146 -0.00754533 0.998119 -0.060836 -0.835556 0.0592504 0.0611771 0.996367 3.63969 0 0 0 1 
7680147070107;0.610731;0.486185;0.99995 -0.0089184 0.00447475 0.108741 0.00824561 0.991117 0.132741 1.63112 -0.00561883 -0.132697 0.991141 3.52603 0 0 0 1 
7680147070108;1.42716;1.17462;0.999103 0.00342563 -0.0422036 -0.539918 -0.00545136 0.998834 -0.0479778 -0.874374 0.04199 0.0481649 0.997956 0.664602 0 0 0 1 
7680147070109;0.474796;0.23612;0.90159 0.0381657 0.430906 -4.85428 -0.0995438 0.987674 0.120798 -6.04069 -0.420984 -0.151804 0.894275 -27.5409 0 0 0 1 
7680147070110;0.941477;0.785122;0.999974 7.30536e-05 0.0071508 -0.17134 0.000438808 0.997437 -0.0715533 -0.659787 -0.00713769 0.0715546 0.997411 -2.45314 0 0 0 1 
7680147070111;1.47967;1.26072;0.999973 -0.000284772 0.00735376 0.129821 0.00041077 0.999853 -0.017138 0.0280714 -0.0073478 0.0171406 0.999826 0.457058 0 0 0 1 
7680147070112;1.75011;1.22469;0.99438 -0.0156919 -0.104704 -1.06296 0.0507672 0.938516 0.341484 6.75024 0.092908 -0.34488 0.934037 12.6514 0 0 0 1 
7680147070113;1.0332;0.988646;0.997652 0.0153945 0.0667393 -0.1184 -0.0113834 0.998129 -0.0600699 -1.21336 -0.0675392 0.0591691 0.995961 -5.74546 0 0 0 1 
7680147070114;0.426388;0.167006;0.982922 -0.034336 0.180789 0.883847 -0.0383234 0.922703 0.383601 2.01896 -0.179986 -0.383979 0.90563 -3.90343 0 0 0 1 
7680147070115;1.70185;1.61242;0.99455 -0.0131753 -0.103427 -0.993066 -0.0259291 0.929564 -0.367749 -3.14803 0.100987 0.368426 0.924156 -2.45801 0 0 0 1 
7680147070116;1.08478;0.333401;0.998175 0.0448813 0.0404125 -1.32588 -0.0278833 0.936026 -0.350824 -2.99966 -0.0535726 0.349057 0.935569 -13.8381 0 0 0 1 
7680147070117;0.562653;0.546248;0.997174 0.0169429 0.0731912 -0.0619729 -0.0241844 0.994772 0.0992157 -0.913132 -0.0711276 -0.100705 0.992371 -2.58027 0 0 0 1 
7680147070118;0.421204;0.472596;0.992139 -0.0251925 -0.122575 -0.981361 0.0127832 0.994805 -0.100991 0.172515 0.124482 0.09863 0.987308 6.68723 0 0 0 1 
7680147070119;1.56631;0.381638;0.998203 0.00839425 0.0593262 -0.227587 -0.00483745 0.998196 -0.0598446 -1.22921 -0.0597215 0.0594501 0.996443 -8.10244 0 0 0 1 
7680147070120;0.829004;0.518359;0.999472 0.0175433 -0.0273528 -0.847819 -0.021789 0.986288 -0.163591 -2.62387 0.0241078 0.1641 0.986149 -1.29961 0 0 0 1 
7680147070121;0.0967963;0.10021;0.997667 0.00234552 0.0682253 0.225707 -0.00487798 0.999304 0.0369762 -0.204499 -0.0680911 -0.0372227 0.996984 -3.79653 0 0 0 1 
7680147070122;0.194803;0.223655;0.999547 -0.0100387 -0.0283805 -0.114808 0.00893149 0.999204 -0.0388747 0.213849 0.0287481 0.0386036 0.998841 1.38221 0 0 0 1 
7680147070124;1.64617;0.244761;0.997029 0.0239158 0.0732233 -0.176065 -0.0133946 0.989927 -0.140941 -1.29583 -0.0758565 0.139541 0.987306 -6.58241 0 0 0 1 
7680147070125;1.40625;0.45642;0.99992 0.00191454 0.0125257 -0.250184 -0.00196389 0.99999 0.00392889 -0.0179041 -0.0125181 -0.00395318 0.999914 -2.65585 0 0 0 1 
7680147070126;1.2267;0.254153;0.998496 0.00639915 -0.0544567 -1.11303 -0.00539533 0.999813 0.0185603 0.674337 0.0545653 -0.0182386 0.998344 3.8052 0 0 0 1 
7680147070127;1.9725;1.21153;0.986351 -0.0483034 -0.157411 -1.35475 0.0287024 0.991805 -0.124495 1.76254 0.162135 0.118278 0.979654 9.07791 0 0 0 1 
7680147070128;1.62499;0.486179;0.963924 -0.0482069 -0.261777 -3.03652 0.0520528 0.998614 0.00777316 3.4159 0.26104 -0.021119 0.965097 14.4835 0 0 0 1 
7680147070129;0.486275;0.398177;0.998528 -0.0117133 -0.0529512 -0.310466 0.00926744 0.998889 -0.0462032 0.848418 0.0534336 0.0456445 0.997528 3.91338 0 0 0 1 
7680147070130;1.63305;0.711015;0.997645 0.00977635 0.0678856 -0.154227 -0.0174369 0.993421 0.113188 0.026688 -0.0663324 -0.114105 0.991252 -2.91403 0 0 0 1 
7680147070131;2.14793;1.08959;0.937696 0.0938942 0.334531 -3.10241 -0.00868459 0.968828 -0.247582 -0.997053 -0.34735 0.229251 0.909281 -23.8033 0 0 0 1 
7680147070132;1.4581;0.752763;0.995001 -0.0203948 -0.0977652 -0.79057 0.0203789 0.999792 -0.00116152 1.34825 0.0977685 -0.00083663 0.995209 4.3816 0 0 0 1 
7680147070133;1.07349;1.17677;0.99907 -0.0112974 -0.0416208 -0.349434 0.0111449 0.99993 -0.00389362 0.901251 0.0416619 0.00342614 0.999126 2.8444 0 0 0 1 
7680147070134;1.69636;0.757075;0.992546 -0.0328098 -0.117368 -1.15054 0.0177087 0.991685 -0.127465 1.2737 0.120574 0.124436 0.984874 10.2046 0 0 0 1 
7680147070135;0.51747;0.253984;0.93582 -0.0586546 -0.347565 -5.25566 0.0609348 0.998132 -0.00437629 4.03303 0.347173 -0.0170834 0.937646 21.3276 0 0 0 1 
7680147070136;0.646267;0.500928;0.911897 -0.100785 -0.397853 -7.55334 0.0514592 0.989807 -0.132792 3.28412 0.407181 0.10062 0.907788 26.9357 0 0 0 1 
7680147070137;2.04694;1.26422;0.991919 -0.0160924 -0.125848 -1.26378 0.0348447 0.988334 0.148262 3.36585 0.121994 -0.151449 0.980908 9.27989 0 0 0 1 
7680147070138;0.720049;0.469965;0.99918 -0.0121589 -0.0386136 -0.260175 0.00816739 0.994762 -0.101895 0.487485 0.0396503 0.101496 0.994046 2.2374 0 0 0 1 
7680147070139;1.74647;0.228738;0.999767 0.00535344 0.0208878 -0.0920264 -0.00482405 0.999668 -0.025313 -0.430535 -0.0210164 0.0252063 0.999461 -3.64595 0 0 0 1 
7680147070140;0.663015;0.745557;0.999956 -0.00583966 -0.00731499 -0.216195 0.00525077 0.996933 -0.0780871 0.342813 0.00774856 0.0780452 0.99692 0.311161 0 0 0 1 
7680147070141;0.53013;0.508718;0.999983 -0.00563263 -0.00173163 0.0469555 0.00561657 0.999942 -0.00914291 0.386377 0.00178303 0.00913303 0.999957 0.186939 0 0 0 1 
7680147070142;1.96977;0.394906;0.979392 -0.0762793 -0.187009 -3.78505 0.0351026 0.976133 -0.214319 3.05184 0.198893 0.203338 0.958695 14.7669 0 0 0 1 
7680147070143;0.856847;0.616172;0.986307 0.00126071 0.164915 -0.998109 -0.0295649 0.985123 0.169287 -0.895665 -0.162249 -0.171845 0.971671 -11.3501 0 0 0 1 
7680147070144;1.63732;1.54022;0.997132 0.0144768 0.0742905 0.0486361 -0.0154656 0.999799 0.0127524 -0.980113 -0.074091 -0.0138647 0.997155 -6.01337 0 0 0 1 
7680147070145;0.140484;0.172447;0.999908 -0.00943141 -0.00970871 -0.187741 0.00937528 0.999939 -0.00581137 0.73725 0.00976293 0.00571982 0.999936 0.724238 0 0 0 1 
7680147070146;1.19743;0.573895;0.99578 -0.0416737 -0.0817651 -1.07238 0.0436916 0.998779 0.0230461 3.253 0.0807048 -0.0265213 0.996385 3.89381 0 0 0 1 
7680147070147;0.293378;0.446901;0.998312 0.00419443 0.0579294 0.00447431 0.00129363 0.995536 -0.094376 0.139861 -0.0580667 0.0942916 0.99385 -3.45423 0 0 0 1 
7680147070148;2.08491;1.05539;0.993566 -0.0206698 -0.11135 -0.879184 0.0396558 0.984455 0.171102 3.73568 0.106082 -0.174416 0.978941 8.31333 0 0 0 1 
7680147070149;2.16398;1.84912;0.986002 -0.0472774 -0.159892 -1.61821 0.020614 0.986166 -0.164473 1.37314 0.165456 0.158875 0.973336 11.0896 0 0 0 1 
7680147070150;0.570326;0.731529;0.999696 -0.00622182 0.023873 -0.244101 0.0157354 0.906096 -0.422779 -0.144833 -0.0190008 0.423026 0.905918 0.334885 0 0 0 1 
7680147070151;0.700204;0.4887;0.99328 -0.0258644 -0.112807 -1.18434 0.0287215 0.999305 0.0237763 2.30679 0.112114 -0.0268566 0.993332 6.9233 0 0 0 1 
7680147070152;0.196422;0.210762;0.999285 -0.00927036 -0.0366592 -0.285489 0.00881364 0.999882 -0.0126007 0.650502 0.0367717 0.0122685 0.999248 2.53949 0 0 0 1 
7680147070153;0.328459;0.403951;0.999 -0.0226764 -0.0385417 -0.525524 0.0102403 0.954992 -0.296453 -0.0836874 0.0435295 0.295762 0.954269 3.9821 0 0 0 1 
7680147070155;0.140686;1.18114;0.999559 -0.028589 -0.00801389 1.61886 0.0284418 0.999435 -0.0179097 3.55573 0.00852139 0.0176739 0.999807 0.750143 0 0 0 1 
7680147070156;0.73666;1.00489;0.99976 -0.0160405 -0.0148996 2.06712 0.0157084 0.999631 -0.0221404 1.90384 0.0152493 0.021901 0.999644 1.70671 0 0 0 1 
7680147070157;1.89722;1.62953;0.998778 -0.00593226 -0.0490694 0.389187 0.00869151 0.998381 0.0562107 1.83832 0.0486565 -0.0565685 0.997212 7.11175 0 0 0 1 
7680147070158;1.79956;2.03051;0.996931 -0.0722282 -0.030181 1.43621 0.0657597 0.98189 -0.177671 7.34414 0.0424673 0.175141 0.983627 5.89037 0 0 0 1 
7680147070159;1.65931;1.58672;0.999547 -0.00198999 -0.0300286 0.269845 0.00137187 0.999787 -0.0205909 0.0504992 0.0300632 0.0205404 0.999337 1.77085 0 0 0 1 
7680147070160;0.0621527;0.933074;0.999721 0.00500273 -0.0231018 1.28049 -0.00544007 0.999806 -0.0189071 -0.186221 0.0230028 0.0190275 0.999554 2.55806 0 0 0 1 
7680147070161;0.430207;1.47773;0.997408 -0.0609387 -0.038266 1.873 0.0586185 0.996531 -0.0590794 6.77038 0.0417335 0.0566831 0.99752 4.7417 0 0 0 1 
7680147070162;0.473536;0.952749;0.965422 0.0436836 0.257006 -1.54309 -0.050362 0.998541 0.0194575 -5.07671 -0.255782 -0.031728 0.966214 -28.6794 0 0 0 1 
7680147070163;0.736349;1.07917;0.989293 0.01414 0.145259 0.108245 -0.035303 0.988923 0.144168 -3.24409 -0.141611 -0.147752 0.978834 -15.6711 0 0 0 1 
7680147070164;0.540732;1.30051;0.997833 -0.0591563 -0.0288031 1.29122 0.054212 0.987263 -0.149576 5.80551 0.0372846 0.14769 0.988331 5.12866 0 0 0 1 
7680147070165;1.76832;0.94349;0.999913 0.00859633 -0.00996836 1.09607 -0.00882834 0.999686 -0.0234691 -0.412324 0.00976348 0.0235551 0.999675 3.76503 0 0 0 1 
7680147070166;0.877488;0.95912;0.996792 0.00866978 -0.0795659 1.02799 0.00283605 0.989666 0.143367 0.997724 0.0799866 -0.143133 0.986466 6.64385 0 0 0 1 
7680147070167;0.355143;1.38461;0.998081 -0.0399512 -0.0473 1.47821 0.0389183 0.998988 -0.0225611 4.70908 0.0481534 0.020677 0.998626 5.58326 0 0 0 1 
7680147070168;0.458362;1.14931;0.998883 -0.0180433 0.0436664 2.0091 0.0132271 0.994044 0.108172 2.35893 -0.0453582 -0.107474 0.993173 -5.83357 0 0 0 1 
7680147070169;1.52541;1.35743;0.965764 -0.0472846 -0.255076 -1.19626 0.0678638 0.995058 0.0724863 8.17004 0.250388 -0.0873151 0.9642 25.6893 0 0 0 1 
7680147070170;1.71122;1.78647;0.995901 0.0194893 0.0883221 0.474298 -0.0149608 0.998553 -0.051648 -1.48774 -0.0892009 0.0501149 0.994752 -8.8464 0 0 0 1 
7680147070171;1.73488;0.95068;0.995337 -0.0407438 -0.0874318 2.84764 0.0167343 0.965606 -0.259472 2.07308 0.0949965 0.256799 0.961785 10.1331 0 0 0 1 
7680147070172;1.09968;1.29751;0.999998 0.00107378 -0.0014587 2.42092 -0.00110055 0.999829 -0.0184714 0.150459 0.00143861 0.018473 0.999828 0.265774 0 0 0 1 
7680147070173;0.591876;1.06828;0.964655 0.00752744 -0.263408 -3.44769 0.0101674 0.997784 0.0657489 2.0264 0.26332 -0.0661032 0.962441 28.7171 0 0 0 1 
7680147070174;1.36958;1.73301;0.99712 -0.0327962 0.068383 1.25793 0.042721 0.987892 -0.149144 4.04374 -0.0626637 0.151636 0.986448 -7.80518 0 0 0 1 
7680147070175;0.533565;1.34823;0.999638 -0.00725994 -0.0259172 1.9762 0.00666764 0.999716 -0.0228673 1.5958 0.0260759 0.0226862 0.999403 3.36413 0 0 0 1 
7680147070176;0.79171;1.00933;0.990321 0.0285975 0.135819 1.04466 -0.0153242 0.99509 -0.0977857 -1.75853 -0.137949 0.0947579 0.985896 -14.0266 0 0 0 1 
7680147070177;1.74498;1.93669;0.955472 0.0601612 0.288885 -2.52632 -0.0347774 0.995132 -0.0922146 -3.93072 -0.293026 0.0780618 0.952912 -32.0791 0 0 0 1 
7680147070178;1.38005;1.29689;0.994156 -0.00101774 0.10795 0.359411 0.0131303 0.993672 -0.111555 1.27138 -0.107153 0.11232 0.987878 -12.7977 0 0 0 1 
7680147070179;1.66284;1.48906;0.998233 0.0260631 0.0534028 2.29894 -0.0280868 0.998902 0.0375031 -2.56615 -0.0523667 -0.0389367 0.997869 -4.85194 0 0 0 1 
7680147070180;1.25183;1.05268;0.974689 0.0106411 -0.223314 -2.71126 0.0231452 0.988696 0.148134 2.80185 0.222366 -0.149553 0.963425 21.827 0 0 0 1 
7680147070181;1.00094;1.1127;0.9974 0.0231965 0.0682275 1.09014 -0.0365633 0.978755 0.201745 -3.08181 -0.0620983 -0.203715 0.977059 -8.94033 0 0 0 1 
7680147070182;1.8528;1.18203;0.977061 0.0318699 0.210563 -0.167821 -0.0589354 0.990588 0.123543 -5.81692 -0.204644 -0.133119 0.969742 -25.8022 0 0 0 1 
7680147070183;0.963883;0.979227;0.98722 0.0406116 0.154104 1.69307 -0.0681701 0.981665 0.178009 -6.70969 -0.144049 -0.18624 0.971887 -17.5484 0 0 0 1 
7680147070184;0.147928;0.950813;0.999437 0.0041572 -0.0332923 1.3287 -0.00390869 0.999964 0.00752606 0.0925703 0.0333224 -0.00739169 0.999417 3.6582 0 0 0 1 
7680147070186;1.27351;2.06749;0.998947 0.0157904 0.0430688 2.34397 -0.0122391 0.996597 -0.0815091 0.474066 -0.0442093 0.0808961 0.995742 -3.97625 0 0 0 1 
7680147070187;0.700101;2.32184;0.951853 0.0541684 0.301732 -1.77502 -0.107818 0.980535 0.164095 -8.2223 -0.28697 -0.188726 0.939165 -30.9408 0 0 0 1 
7680147070188;1.39118;2.60965;0.998578 0.0221758 0.0484819 2.43868 -0.0232683 0.999485 0.0220876 0.0619464 -0.0479671 -0.0231843 0.99858 -7.28956 0 0 0 1 
7680147070189;1.30828;2.50941;0.957166 -0.0329385 -0.28766 -2.10078 0.131397 0.934727 0.330183 19.8658 0.258008 -0.353838 0.899017 30.0304 0 0 0 1 
7680147070190;1.12112;2.67826;0.994648 0.0153524 0.10217 2.23278 -0.0483002 0.943278 0.328473 -0.317919 -0.091332 -0.33165 0.938971 -9.10766 0 0 0 1 
7680147070191;1.94775;2.32427;0.99636 -0.043458 -0.0733412 4.02602 0.0566541 0.980393 0.188734 10.6993 0.0637012 -0.192202 0.979286 7.7181 0 0 0 1 
7680147070192;1.68036;2.89637;0.988532 -0.00456837 0.150945 2.32467 0.00988814 0.999355 -0.0345114 4.43778 -0.15069 0.0356082 0.98794 -16.6585 0 0 0 1 
7680147070193;1.11849;2.35371;0.998004 -0.0289044 0.0561498 3.59896 0.0433642 0.960017 -0.276563 6.63294 -0.0459109 0.278445 0.959354 -6.4751 0 0 0 1 
7680147070194;0.766853;2.65018;0.999856 -0.00897571 0.0143949 2.15214 0.00885334 0.999924 0.00854189 3.35357 -0.0144704 -0.00841322 0.99986 -2.1928 0 0 0 1 
7680147070195;0.416426;2.55902;0.99722 0.0377366 0.064251 2.40606 -0.0319596 0.995547 -0.0886811 -0.762625 -0.0673114 0.0863812 0.993986 -8.66498 0 0 0 1 
7680147070196;0.748225;2.7351;0.999744 0.0070761 0.0214751 2.09878 -0.00854761 0.997565 0.0692225 1.84686 -0.020933 -0.0693883 0.99737 -1.74715 0 0 0 1 
7680147070197;0.500793;2.4412;0.999007 0.0348729 0.0277117 2.41373 -0.0276951 0.973562 -0.226739 -1.01645 -0.0348861 0.225746 0.973561 -5.82234 0 0 0 1 
7680147070198;0.104802;2.50452;0.99999 -0.00231072 0.00387316 2.53407 0.00196314 0.996166 0.0874588 3.59873 -0.00406041 -0.0874503 0.996161 0.019245 0 0 0 1 
7680147070199;1.797;2.75561;0.982728 0.0509164 0.177912 1.5589 -0.0418784 0.997652 -0.0541943 -3.11028 -0.180254 0.0458076 0.982553 -22.821 0 0 0 1 
7680147070200;0.574851;2.50243;0.999582 0.0190956 -0.0217253 2.48558 -0.0178342 0.998224 0.0568448 0.913175 0.0227722 -0.0564336 0.998147 2.23784 0 0 0 1 
7680147070201;1.66238;3.0164;0.96923 -0.0606108 -0.238579 -1.60077 0.0569954 0.998131 -0.0220301 7.7899 0.239469 0.00775434 0.970873 25.4432 0 0 0 1 
7680147070202;0.856075;2.99091;0.999796 -0.00554063 0.0194363 2.71638 0.00218973 0.985724 0.168357 3.5864 -0.0200917 -0.16828 0.985534 -0.720611 0 0 0 1 
7680147070203;0.151635;2.46454;0.999852 -0.00940069 0.014405 2.74621 0.00935623 0.999951 0.00315088 4.05924 -0.0144339 -0.00301564 0.999891 -1.73126 0 0 0 1 
7680147070204;1.87474;2.91648;0.999923 -0.000669794 0.0123971 1.45586 0.000877728 0.999859 -0.0167749 2.04423 -0.0123841 0.0167845 0.999782 -0.0379185 0 0 0 1 
7680147070205;1.34644;2.24905;0.999929 -0.00339629 0.0114132 3.74509 0.00234618 0.995867 0.0907923 4.7813 -0.0116744 -0.0907591 0.995804 -1.05916 0 0 0 1 
7680147070206;0.882492;2.47742;0.905276 -0.122242 -0.406857 -8.24773 0.0704298 0.987639 -0.140032 10.519 0.418946 0.0981123 0.902695 44.9478 0 0 0 1 
7680147070207;1.16879;2.61461;0.994163 0.0786596 0.0738407 0.622113 -0.0833116 0.994581 0.0621869 -6.49482 -0.068549 -0.0679757 0.995329 -6.05957 0 0 0 1 
7680147070208;1.24601;2.87096;0.994874 0.090601 0.0449238 1.0224 -0.0950803 0.989332 0.110373 -7.38823 -0.0344446 -0.114078 0.992874 -3.14519 0 0 0 1 
7680147070209;1.20929;2.4653;0.996505 -0.0147072 -0.0822298 2.85864 0.0457463 0.919728 0.389881 10.559 0.069895 -0.39228 0.917187 9.23125 0 0 0 1 
7680147070210;1.69015;2.22075;0.998086 -0.0563761 0.0254052 3.7952 0.0560174 0.998323 0.014617 10.325 -0.0261866 -0.0131659 0.99957 -1.37414 0 0 0 1 
7680147070211;0.940014;2.8656;0.986826 -0.0294226 -0.159086 0.631822 0.0586247 0.981526 0.182123 10.4344 0.150789 -0.18905 0.970321 18.9865 0 0 0 1 
7680147070212;1.74535;2.82625;0.998764 -0.0473637 0.0150444 3.74198 0.047439 0.998863 -0.00469301 8.77396 -0.014805 0.0054009 0.999876 -2.81797 0 0 0 1 
7680147070213;0.400202;2.57412;0.999318 0.00809133 0.0360159 2.82371 -0.00921708 0.999471 0.0312016 2.30114 -0.0357444 -0.0315123 0.998864 -4.0638 0 0 0 1 
7680147070214;0.315659;2.84245;0.997261 -0.0316649 -0.0668382 2.67505 0.0368014 0.996346 0.077074 7.39547 0.0641535 -0.0793226 0.994783 7.54847 0 0 0 1 
7680147070215;0.611277;2.75419;0.997963 0.0202279 0.0605012 2.43578 -0.0215529 0.99954 0.021328 0.608796 -0.060042 -0.0225885 0.99794 -7.4781 0 0 0 1 
7680147070217;0.89674;0.475602;0.998139 0.00811761 0.0604386 -0.235601 -0.00893107 0.999873 0.0132014 -0.332729 -0.0603238 -0.0137166 0.998085 -2.11239 0 0 0 1 
7680147070218;1.73564;0.642553;0.999943 -0.0028491 0.0103039 -0.944723 0.00287419 0.999993 -0.00242107 0.225849 -0.010297 0.00245055 0.999944 1.67153 0 0 0 1 
7680147070219;1.39452;1.00062;0.961396 -0.0640507 -0.267609 -1.97625 0.0368737 0.993748 -0.105378 0.472227 0.272685 0.0914423 0.957748 6.12254 0 0 0 1 
7680147070220;0.267296;0.44669;0.999818 -0.00960077 -0.0164858 -0.661318 0.00202314 0.912628 -0.408787 -1.26152 0.01897 0.408679 0.912481 4.0649 0 0 0 1 
7680147070221;1.27015;1.4415;0.999827 0.00218658 0.018487 -0.220292 -0.00627083 0.974599 0.223871 -0.255416 -0.0175279 -0.223948 0.974443 -2.72128 0 0 0 1 
7680147070222;1.97297;0.638585;0.996048 0.0140367 0.0876988 -2.36374 -0.0165311 0.999477 0.027782 -0.942915 -0.087263 -0.0291219 0.99576 -1.04242 0 0 0 1 
7680147070223;1.53331;1.22135;0.997787 -0.000715699 -0.0664893 -1.7339 0.000905697 0.999996 0.00282747 -0.702182 0.066487 -0.00288143 0.997783 -0.0906473 0 0 0 1 
7680147070224;2.30376;0.501334;0.911782 -0.086375 -0.401488 -2.4758 0.0415684 0.992021 -0.119019 0.0318909 0.408565 0.09183 0.908098 4.08185 0 0 0 1 
7680147070225;1.4585;1.17056;0.998768 -0.0139072 -0.0476256 -0.541253 0.0112377 0.998375 -0.0558688 0.301647 0.0483252 0.0552648 0.997302 2.31324 0 0 0 1 
7680147070226;1.86707;0.686769;0.998401 -0.0122385 -0.0551878 -0.665003 0.0113771 0.999809 -0.0158969 0.4557 0.0553718 0.0152436 0.998349 2.97089 0 0 0 1 
7680147070227;0.781577;0.580117;0.999828 -0.00294186 -0.018337 -0.345495 0.00291991 0.999995 -0.00122374 -0.218115 0.0183405 0.00116999 0.999831 -0.649298 0 0 0 1 
7680147070228;0.400914;0.594652;0.998335 0.00862624 0.0570406 -0.266883 -0.0100967 0.999623 0.025542 -0.207169 -0.0567988 -0.0260754 0.998045 -1.13813 0 0 0 1 
7680147070229;0.955663;0.844627;0.999736 -0.00732792 -0.0217946 -1.23552 0.00637223 0.999029 -0.0436006 -0.0580974 0.0220929 0.0434502 0.998811 0.968523 0 0 0 1 
7680147070230;0.317185;0.466148;0.98089 -0.0394167 -0.19053 -1.38085 0.0305045 0.998309 -0.0494857 0.276712 0.192158 0.042728 0.980433 3.39074 0 0 0 1 
7680147070231;1.12926;1.09314;0.999981 0.000860474 0.00618021 -0.339134 -0.000899499 0.99998 0.00631458 -0.186777 -0.00617465 -0.00632002 0.999961 -0.967432 0 0 0 1 
7680147070232;1.51388;1.00757;0.999964 -0.00176032 0.00825091 -1.46729 0.00161488 0.999844 0.0176008 -0.643986 -0.0082806 -0.0175868 0.999811 -1.46635 0 0 0 1 
7680147070233;1.97376;1.27395;0.991024 -0.0144708 -0.1329 -2.17403 0.0566404 0.945938 0.319363 0.532295 0.121094 -0.324024 0.938267 -2.44021 0 0 0 1 
7680147070234;1.9935;0.625738;0.99977 -0.00952591 -0.0191993 -0.501558 0.00761154 0.995214 -0.0974272 -0.300915 0.0200354 0.0972587 0.995057 -1.29274 0 0 0 1 
7680147070235;1.53051;1.07145;0.986937 -0.0276465 -0.158716 -0.820611 0.0259868 0.999584 -0.0125231 0.0248785 0.158996 0.008235 0.987245 1.01092 0 0 0 1 
7680147070236;0.104269;0.455239;0.999922 -0.000358996 0.0124866 -0.552892 0.000348755 1 0.000822373 -0.119399 -0.0124869 -0.000817954 0.999922 -0.157604 0 0 0 1 
7680147070237;2.06657;0.581657;0.997629 -0.0142619 -0.0673256 -2.64689 0.00228987 0.984628 -0.174648 -0.653466 0.0687815 0.174079 0.982327 4.09906 0 0 0 1 
7680147070238;1.4657;1.43672;0.916676 0.0204656 0.399108 -0.820398 -0.122082 0.965288 0.230902 -1.99841 -0.380528 -0.260386 0.887354 -8.79202 0 0 0 1 
7680147070239;0.672786;0.504514;0.992352 0.0193258 0.121914 -0.207324 -0.0273675 0.997534 0.0646366 -0.321655 -0.120365 -0.0674788 0.990434 -1.89494 0 0 0 1 
7680147070240;1.69401;0.522361;0.998845 0.00485529 0.0477963 -0.337998 -0.00845836 0.997112 0.075473 0.316506 -0.0472918 -0.0757901 0.996002 0.480849 0 0 0 1 
7680147070241;1.89764;0.952987;0.996483 -0.0102944 -0.0831645 -0.673497 0.0276705 0.977183 0.21059 -0.171488 0.079099 -0.21215 0.974031 -3.11472 0 0 0 1 
7680147070242;1.04234;0.535855;0.997934 -0.0099458 -0.0634717 -1.3838 0.0104054 0.999922 0.006914 0.0397641 0.0633979 -0.00756017 0.99796 1.58462 0 0 0 1 
7680147070243;1.63774;1.11478;0.969404 0.0141217 0.245064 -1.92123 -0.0232252 0.999142 0.0342973 -0.883883 -0.24437 -0.0389396 0.9689 -4.1094 0 0 0 1 
7680147070244;2.23994;1.68641;0.996476 -0.00148344 -0.0838698 -0.679142 0.0192764 0.977135 0.211744 0.634566 0.081638 -0.212614 0.97372 1.18856 0 0 0 1 
7680147070245;0.410551;0.542643;0.99976 -0.00483733 -0.0213781 -0.628715 0.00489006 0.999985 0.00241486 -0.175929 0.0213661 -0.00251882 0.999769 -0.208408 0 0 0 1 
7680147070246;0.921508;0.473861;0.994606 -0.0209552 -0.101584 -0.65173 0.0157531 0.998536 -0.0517447 -0.0630902 0.10252 0.0498654 0.99348 0.878219 0 0 0 1 
7680147070248;1.50847;1.09365;0.972424 0.0145507 -0.232766 -0.957153 0.0557774 0.954578 0.292693 7.41153 0.226452 -0.297605 0.927443 23.5769 0 0 0 1 
7680147070249;1.33018;0.901974;0.997635 0.0392979 0.0563972 2.8124 -0.0396221 0.999204 0.00464227 -1.84531 -0.0561699 -0.00686587 0.998398 -3.61945 0 0 0 1 
7680147070250;0.124558;0.507416;0.999868 0.00407782 0.0157185 1.02401 -0.00408786 0.999991 0.000606616 0.177538 -0.0157159 -0.000670791 0.999876 -1.58967 0 0 0 1 
7680147070251;0.53556;0.991803;0.984344 0.0820379 0.155999 -0.280915 -0.0976043 0.990692 0.0948846 -7.60499 -0.146763 -0.108625 0.983189 -12.0662 0 0 0 1 
7680147070252;1.1295;0.588074;0.989744 0.0822312 0.116813 -0.378133 -0.0740804 0.994614 -0.0724895 -5.92098 -0.122144 0.0630925 0.990505 -9.41144 0 0 0 1 
7680147070253;0.578449;0.438509;0.998463 0.000193092 -0.0554146 0.527936 0.000312913 0.999958 0.00912245 0.746992 0.0554141 -0.00912577 0.998422 5.71571 0 0 0 1 
7680147070254;1.15198;0.574653;0.999968 0.00629224 0.00503097 2.10099 -0.00630683 0.999976 0.00289025 0.959394 -0.00501266 -0.00292189 0.999983 -2.03243 0 0 0 1 
7680147070255;0.370863;0.931648;0.997197 0.0544249 0.0513475 1.01936 -0.0724657 0.873405 0.481573 -2.97808 -0.0186376 -0.483944 0.8749 2.1884 0 0 0 1 
7680147070256;1.32328;0.826698;0.967291 0.0887171 0.237651 -2.18586 -0.0427523 0.980463 -0.192004 -3.92022 -0.250041 0.175563 0.952185 -26.2059 0 0 0 1 
7680147070257;0.807316;0.440424;0.971079 -0.074688 -0.226777 -0.960011 0.025783 0.977063 -0.211386 2.1404 0.237364 0.199425 0.95073 20.2043 0 0 0 1 
7680147070258;0.260139;0.34384;0.958864 0.0982661 0.266313 -3.05073 -0.063461 0.988633 -0.1363 -5.67419 -0.27668 0.113793 0.954201 -26.1217 0 0 0 1 
7680147070259;0.965988;0.874899;0.989677 0.0241163 0.141275 0.0169242 -0.0351982 0.99645 0.0764762 -2.47807 -0.138929 -0.0806593 0.987012 -11.6859 0 0 0 1 
7680147070260;0.831214;0.594072;0.999078 0.0343085 -0.0258053 1.18874 -0.0297871 0.98686 0.158807 -0.471593 0.0309147 -0.157892 0.986972 3.78922 0 0 0 1 
7680147070261;1.06706;0.80017;0.985088 0.0596845 0.161369 0.073313 -0.0206822 0.972181 -0.233318 -1.88132 -0.170806 0.226501 0.958918 -19.0027 0 0 0 1 
7680147070262;1.52451;1.16137;0.990468 0.0299177 0.134456 1.48905 -0.0314742 0.99946 0.00946521 -2.86722 -0.134101 -0.0136069 0.990874 -13.8146 0 0 0 1 
7680147070263;1.15131;0.69122;0.99861 0.0237598 0.04705 0.289882 -0.0224374 0.999344 -0.028437 -2.41231 -0.0476948 0.0273418 0.998488 -6.49002 0 0 0 1 
