#;prob_registration_l1 -r /home/probabilistic_point_clouds_registration/build/tester /home/point_clouds_registration_benchmark//devel/registration_pairs/gazebo_summer_local.txt /home/point_clouds_registration_benchmark//eth/gazebo_summer -s 0.2 -t 0.2 -p 0.3 -r 1000 -m 15 -i 40 
id;initial_error;final_error;transformation
36535719080000;0.0805842;0.0606235;0.999654 -0.00213546 0.0262016 -0.126725 -0.000332694 0.995588 0.0938348 -0.0578446 -0.0262864 -0.0938111 0.995243 0.09721 0 0 0 1 
36535719080001;0.11249;0.0420909;0.990545 0.0172071 0.136106 -0.234775 -0.00712893 0.997219 -0.07419 0.0444828 -0.137004 0.0725183 0.987912 0.277128 0 0 0 1 
36535719080002;0.259114;0.0533807;0.992318 0.0393848 0.117274 0.127227 -0.0599682 0.982285 0.177537 -0.445907 -0.108204 -0.183206 0.977102 0.165718 0 0 0 1 
36535719080003;0.441289;0.586398;0.973356 -0.178911 0.143416 -0.853724 0.187039 0.98131 -0.0452399 -0.0945403 -0.132641 0.0708589 0.988628 0.0133369 0 0 0 1 
36535719080004;0.424931;0.500708;0.957019 -0.0787911 0.279119 -0.774547 0.0984392 0.993505 -0.0570683 0.127631 -0.272809 0.0820916 0.958559 -0.0499951 0 0 0 1 
36535719080005;0.508351;0.0653071;0.987544 -0.119564 0.102282 0.468981 0.149562 0.915215 -0.374183 0.805169 -0.0488712 0.38482 0.921697 -0.294981 0 0 0 1 
36535719080006;0.482532;0.449192;0.992876 -0.0537173 -0.106361 -0.909029 0.0366025 0.986956 -0.156776 0.158235 0.113395 0.151766 0.98189 -1.27846 0 0 0 1 
36535719080007;0.407429;0.0639526;0.948434 -0.316458 -0.018085 0.151971 0.30259 0.920911 -0.245686 -0.697081 0.094404 0.227545 0.969181 -1.08698 0 0 0 1 
36535719080008;0.494873;0.471144;0.976195 -0.0395815 0.213255 -1.22473 0.105715 0.945344 -0.308461 0.149239 -0.18939 0.323662 0.927025 -0.506025 0 0 0 1 
36535719080009;0.260051;0.0508259;0.990571 -0.0802629 0.111024 -0.202458 0.0757995 0.996158 0.043861 -0.748324 -0.114118 -0.0350319 0.992849 -0.243578 0 0 0 1 
36535719080010;0.367096;0.07125;0.981793 -0.157862 0.105649 0.516403 0.162078 0.986242 -0.0325247 -0.154223 -0.0990612 0.0490559 0.993871 0.820112 0 0 0 1 
36535719080011;0.379627;0.0536626;0.971182 -0.208628 0.115237 0.124063 0.201365 0.976899 0.0715607 0.428029 -0.127504 -0.0462938 0.990757 -0.150831 0 0 0 1 
36535719080012;0.1676;0.0511487;0.999156 0.0377745 0.016121 -0.276725 -0.0379093 0.999248 0.00814269 0.248126 -0.0158013 -0.00874695 0.999837 -0.460445 0 0 0 1 
36535719080013;0.445602;0.416997;0.962311 -0.0872529 0.257573 -0.0675082 0.0900096 0.99594 0.00109263 -0.243199 -0.256623 0.0221326 0.966258 0.48475 0 0 0 1 
36535719080014;0.45281;0.463153;0.997916 0.0541411 0.0351156 -1.17256 -0.0543872 0.998501 0.00608964 0.0330717 -0.0347332 -0.00798678 0.999365 0.113767 0 0 0 1 
36535719080015;0.366192;0.443928;0.996596 -0.0214934 0.0795955 -1.16687 0.0176514 0.998659 0.0486614 -0.0887953 -0.0805347 -0.0470908 0.995639 0.311805 0 0 0 1 
36535719080016;0.0775968;0.0514021;0.993612 0.00557 0.112712 -0.236891 -0.0103694 0.999062 0.0420398 0.0177752 -0.112372 -0.04294 0.992738 0.231135 0 0 0 1 
36535719080017;0.294515;0.0466627;0.961306 0.0747527 0.265146 -0.285703 0.00478445 0.957805 -0.287381 0.251536 -0.27544 0.277529 0.920386 0.272757 0 0 0 1 
36535719080018;0.425335;0.459403;0.998111 -0.0241217 0.056502 -0.830942 0.0276721 0.997635 -0.0629214 -0.434891 -0.0548505 0.0643661 0.996418 -0.386873 0 0 0 1 
36535719080019;0.389784;0.458477;0.999053 -0.0171395 -0.0400033 -0.736122 0.0143816 0.997565 -0.0682394 -0.156264 0.0410755 0.0675994 0.996867 -0.407183 0 0 0 1 
36535719080020;0.317608;0.0616215;0.977716 0.19817 -0.0692903 -0.31046 -0.194223 0.979136 0.0597521 0.969661 0.0796857 -0.0449627 0.995805 0.055249 0 0 0 1 
36535719080021;0.423824;0.0789343;0.917471 -0.299024 0.26236 0.441162 0.368352 0.887633 -0.276449 -0.434581 -0.150214 0.350274 0.924523 0.189855 0 0 0 1 
36535719080022;0.154215;0.0426846;0.999679 0.0244042 0.00683776 -0.454255 -0.0244795 0.999638 0.0111626 -0.042522 -0.00656287 -0.0113264 0.999914 -0.281726 0 0 0 1 
36535719080023;0.35143;0.0529163;0.971388 0.0168297 -0.236902 -0.112073 0.00727627 0.994909 0.100514 0.243804 0.237388 -0.0993622 0.96632 0.355422 0 0 0 1 
36535719080024;0.34005;0.0610196;0.959962 -0.231328 -0.157989 0.291734 0.162206 0.918832 -0.359774 -0.237757 0.228391 0.319743 0.919566 -1.02922 0 0 0 1 
36535719080025;0.273677;0.0536007;0.99141 0.0815245 -0.102271 -0.199161 -0.0623165 0.981937 0.17865 0.548587 0.114988 -0.170742 0.978583 0.0555372 0 0 0 1 
36535719080026;0.254446;0.0593063;0.999322 -0.018862 0.0316292 0.383382 0.0187544 0.999817 0.00369275 0.50522 -0.031693 -0.00309706 0.999493 0.0221453 0 0 0 1 
36535719080027;0.274443;0.186974;0.994696 0.0607868 0.0829769 -0.554617 -0.0624248 0.9979 0.0172877 -0.0370321 -0.0817517 -0.0223758 0.996402 0.0650701 0 0 0 1 
36535719080028;0.110223;0.0516667;0.992751 -0.019604 0.118577 -0.27467 0.027335 0.99758 -0.0639266 -0.155229 -0.117037 0.0667045 0.990885 0.100532 0 0 0 1 
36535719080029;0.464721;0.529962;0.976845 -0.0885713 0.194755 -0.757792 0.0904655 0.995899 -0.00083505 0.100928 -0.193882 0.0184343 0.980852 -0.234719 0 0 0 1 
36535719080031;0.562593;0.47887;0.993352 -0.0906862 0.0709077 -0.706947 0.0917264 0.995717 -0.0115473 0.497496 -0.0695568 0.0179746 0.997416 -0.13576 0 0 0 1 
36535719080032;0.49885;0.603987;0.993057 0.0968884 0.066705 -0.775243 -0.103072 0.989979 0.0965315 0.935127 -0.0566838 -0.102737 0.993092 -0.157186 0 0 0 1 
36535719080033;0.471869;0.611429;0.989722 0.0191883 0.141714 -0.881616 -0.0518325 0.971709 0.230424 0.529352 -0.133283 -0.235401 0.962716 1.23286 0 0 0 1 
36535719080034;0.28376;0.508749;0.993562 0.041412 -0.105454 -0.522012 -0.0369283 0.998343 0.0441224 0.673047 0.107106 -0.039944 0.993445 -0.415196 0 0 0 1 
36535719080035;0.587922;1.32108;0.988798 -0.142077 0.0457369 -2.23745 0.143563 0.989155 -0.0310254 -0.267953 -0.0408329 0.037244 0.998472 -0.756764 0 0 0 1 
36535719080036;0.406933;0.202786;0.998747 -0.0490379 -0.00994482 -0.57199 0.049107 0.99877 0.00682796 0.178285 0.00959776 -0.00730777 0.999927 0.43631 0 0 0 1 
36535719080037;0.0919718;0.163207;0.997785 0.0178348 0.0640828 -0.22424 -0.0185178 0.999778 0.0100799 0.0596822 -0.0638887 -0.0112442 0.997894 0.101174 0 0 0 1 
36535719080038;0.581548;0.543685;0.990452 -0.129267 0.0478979 -1.59509 0.124744 0.988302 0.0877375 -0.351336 -0.0586792 -0.0809249 0.994991 0.551746 0 0 0 1 
36535719080039;0.434512;0.142419;0.996326 0.0745751 0.0421159 -0.640667 -0.0730347 0.996643 -0.0370021 0.698143 -0.0447339 0.0337902 0.998427 -0.567856 0 0 0 1 
36535719080040;0.566995;0.651414;0.967693 -0.0789978 0.239436 -0.561898 0.0380052 0.9845 0.171219 0.189313 -0.249251 -0.156587 0.955696 0.485258 0 0 0 1 
36535719080041;0.142283;0.169591;0.994798 0.0950219 0.0367121 -0.159835 -0.0955283 0.995351 0.0122911 0.55926 -0.0353735 -0.0157342 0.99925 -0.0870374 0 0 0 1 
36535719080042;0.307724;0.276774;0.994827 -0.087133 -0.0522128 -0.41909 0.0732568 0.971496 -0.225452 -0.304287 0.0703689 0.220461 0.972854 -0.172593 0 0 0 1 
36535719080043;0.210302;0.501917;0.970485 -0.0460952 0.236714 -0.791678 0.00626378 0.98605 0.166332 0.184098 -0.241079 -0.15994 0.957236 0.728489 0 0 0 1 
36535719080044;0.594242;0.781876;0.996082 -0.0883519 0.00380247 -1.05467 0.0867493 0.984559 0.152048 -0.719006 -0.0171775 -0.151122 0.988366 0.410954 0 0 0 1 
36535719080045;0.55307;0.196413;0.982625 0.181931 0.036733 -0.934555 -0.175307 0.974761 -0.138235 1.38401 -0.0609552 0.129394 0.989718 0.380851 0 0 0 1 
36535719080046;0.383937;0.340672;0.988627 0.136575 0.0629594 -0.507156 -0.134108 0.990081 -0.0418821 0.922513 -0.068055 0.0329624 0.997137 -0.456612 0 0 0 1 
36535719080047;0.507113;0.25394;0.999567 -0.0154899 0.0250356 -0.0821988 0.0154026 0.999875 0.00367671 -0.176489 -0.0250895 -0.0032895 0.99968 0.738953 0 0 0 1 
36535719080048;0.299943;0.681822;0.977606 -0.0589873 0.202008 -1.1814 0.115946 0.952054 -0.283107 -0.0818249 -0.175623 0.300189 0.937573 0.319945 0 0 0 1 
36535719080049;0.398366;0.834353;0.972285 -0.123478 0.198534 -1.27072 0.0770763 0.970974 0.226428 -0.222832 -0.22073 -0.20485 0.95358 0.760197 0 0 0 1 
36535719080050;0.499825;0.234187;0.913996 0.0454909 -0.403164 -0.125323 -0.0275357 0.998358 0.0502244 0.542489 0.404787 -0.0348035 0.913749 -2.07821 0 0 0 1 
36535719080051;0.440086;0.990155;0.984663 -0.101528 0.14188 -1.53088 0.110905 0.99203 -0.0598104 -0.0857925 -0.134677 0.0746284 0.988075 -0.228453 0 0 0 1 
36535719080052;0.307637;0.643124;0.983683 -0.0463163 0.173844 -1.15016 0.00420496 0.971948 0.235158 0.0262144 -0.179859 -0.23059 0.956284 0.525877 0 0 0 1 
36535719080053;0.461332;0.901251;0.963678 -0.0560903 0.261112 -1.20566 0.0408899 0.997157 0.0632915 0.209305 -0.26392 -0.0503157 0.963231 1.12219 0 0 0 1 
36535719080054;0.521749;0.51078;0.939322 -0.0592833 0.337874 -0.430886 0.00809746 0.988511 0.150932 0.907729 -0.34294 -0.139038 0.92901 0.9171 0 0 0 1 
36535719080055;0.319357;0.843627;0.976206 -0.048079 0.211448 -1.26091 0.0645176 0.995349 -0.0715401 0.252152 -0.207025 0.08348 0.974768 0.277408 0 0 0 1 
36535719080056;0.611624;0.893785;0.981521 -0.086096 0.170891 -1.46696 0.0975239 0.993445 -0.0596291 0.198786 -0.164637 0.0751932 0.983484 -0.595793 0 0 0 1 
36535719080057;0.403587;0.204497;0.991833 0.101955 -0.0766341 -0.253286 -0.110059 0.98779 -0.110261 -0.0586633 0.0644567 0.117794 0.990944 -0.509996 0 0 0 1 
36535719080058;0.354702;0.542;0.965615 -0.122236 0.229447 -0.607641 0.144854 0.985846 -0.0844079 -0.367925 -0.215882 0.114742 0.969654 -0.0280362 0 0 0 1 
36535719080059;0.377989;0.185438;0.978026 0.188486 0.0891013 -0.342366 -0.171465 0.970319 -0.170533 1.02462 -0.1186 0.151508 0.981315 -0.327922 0 0 0 1 
36535719080060;0.383603;0.521167;0.994707 0.0296001 0.0983952 -0.727273 -0.0383829 0.995327 0.0886013 0.477786 -0.0953128 -0.091909 0.991195 -0.110447 0 0 0 1 
36535719080062;0.362158;0.155906;0.986848 0.158911 -0.0296475 -0.113066 -0.160825 0.983681 -0.0806626 0.272919 0.0163455 0.0843697 0.9963 -1.22529 0 0 0 1 
36535719080063;0.299523;0.202298;0.990364 -0.130251 0.047059 0.141955 0.125439 0.98766 0.0937731 -0.773349 -0.0586923 -0.0869664 0.994481 -0.720148 0 0 0 1 
36535719080064;0.461382;0.226584;0.992759 -0.0782099 -0.0911713 0.494398 0.0440959 0.94329 -0.329029 0.087338 0.111734 0.322626 0.939908 -1.61178 0 0 0 1 
36535719080065;0.4807;0.701074;0.965633 0.137236 0.220725 -0.229223 -0.173693 0.972489 0.155228 -1.90503 -0.19335 -0.188232 0.962904 0.893206 0 0 0 1 
36535719080066;0.231893;0.172237;0.99418 -0.0807575 0.0713003 0.438635 0.0765773 0.995285 0.0595371 -1.11643 -0.0757721 -0.0537306 0.995676 0.262843 0 0 0 1 
36535719080067;0.276753;0.174895;0.977252 0.200935 0.0678453 0.0244828 -0.210011 0.872292 0.441591 -0.306093 0.0295501 -0.445794 0.894648 0.328079 0 0 0 1 
36535719080068;0.41506;0.378586;0.987156 -0.147902 0.0604065 0.446988 0.144633 0.987937 0.0553372 -1.3411 -0.0678623 -0.0458896 0.996639 -0.883947 0 0 0 1 
36535719080069;0.168667;0.152236;0.99839 0.0138389 0.0550046 -0.0504345 -0.0227431 0.986078 0.164719 -0.623658 -0.0519593 -0.165705 0.984806 0.382732 0 0 0 1 
36535719080070;0.366766;0.18118;0.957025 0.261337 -0.125724 0.10133 -0.193075 0.897641 0.396185 -0.415418 0.216393 -0.354885 0.909522 -0.976974 0 0 0 1 
36535719080071;0.314881;0.237025;0.992349 -0.120885 -0.0250843 -0.244305 0.11935 0.991292 -0.0556367 -0.459023 0.0315915 0.0522173 0.998136 -0.119929 0 0 0 1 
36535719080072;0.205179;0.222749;0.997091 -0.0705262 0.0289151 0.172211 0.0680216 0.994473 0.079981 -0.48529 -0.034396 -0.0777815 0.996377 0.31666 0 0 0 1 
36535719080073;0.364246;0.309286;0.937309 -0.200847 0.284803 -0.0290765 0.0840304 0.923363 0.374619 -1.54522 -0.338218 -0.327202 0.882354 1.01362 0 0 0 1 
36535719080074;0.343501;0.803863;0.988871 0.115914 0.0932615 -0.00446058 -0.135809 0.959255 0.247762 -2.49311 -0.0607425 -0.257671 0.964322 0.176372 0 0 0 1 
36535719080075;0.45993;0.796909;0.981948 0.103213 -0.158508 0.302412 -0.12597 0.981968 -0.140966 -1.40586 0.1411 0.158389 0.977243 -1.06565 0 0 0 1 
36535719080076;0.347563;0.173927;0.961187 0.274628 0.0264605 0.267552 -0.272483 0.929864 0.247197 -0.528251 0.0432826 -0.244813 0.968604 0.0585396 0 0 0 1 
36535719080077;0.245685;0.169248;0.954948 0.258207 -0.1463 0.148724 -0.221588 0.948287 0.227269 0.0388349 0.197417 -0.184611 0.96278 -0.372393 0 0 0 1 
36535719080078;0.322722;0.162644;0.995887 0.0903438 -0.00682934 -0.424528 -0.0888701 0.988742 0.120379 0.10658 0.0176279 -0.119277 0.992705 -0.805737 0 0 0 1 
36535719080079;0.340882;0.163557;0.947404 0.292776 0.129256 -0.240972 -0.315376 0.922762 0.221467 0.0700499 -0.0544321 -0.250583 0.966564 -0.356302 0 0 0 1 
36535719080080;0.326117;0.204152;0.972266 0.156981 0.173363 0.249903 -0.199273 0.944073 0.262709 0.381738 -0.122427 -0.289969 0.949173 0.971968 0 0 0 1 
36535719080081;0.410409;0.390772;0.978624 -0.201249 0.0423445 0.0413158 0.197095 0.97658 0.0862892 -1.46316 -0.0587184 -0.0760989 0.99537 -0.746183 0 0 0 1 
36535719080082;0.216435;0.189771;0.99476 0.100999 -0.0158455 0.38669 -0.098709 0.989202 0.10833 0.0808453 0.0266156 -0.106198 0.993989 0.220067 0 0 0 1 
36535719080083;0.161862;0.152281;0.981756 0.189182 0.0191219 -0.00174432 -0.190115 0.978443 0.0806542 0.0812692 -0.00345137 -0.0828181 0.996559 -0.30802 0 0 0 1 
36535719080084;0.439577;0.834232;0.985599 -0.168996 -0.00585285 0.0740529 0.168903 0.982221 0.0819349 -3.12555 -0.00809784 -0.0817435 0.99662 -0.000442884 0 0 0 1 
36535719080085;0.124875;0.163748;0.985688 0.145459 0.0852142 -0.0152855 -0.156971 0.976261 0.14925 -0.0786952 -0.0614815 -0.16049 0.985121 0.11226 0 0 0 1 
36535719080086;0.392366;0.205581;0.949964 0.187969 -0.249471 1.09224 -0.160921 0.979032 0.1249 -0.0895326 0.267718 -0.0785058 0.960294 -1.2338 0 0 0 1 
36535719080087;0.41425;0.384506;0.989454 -0.135754 -0.0505131 0.292759 0.144295 0.893407 0.425445 -1.50189 -0.0126269 -0.428247 0.903574 -0.500543 0 0 0 1 
36535719080088;0.317089;0.177801;0.973109 0.189643 0.130748 -0.156763 -0.202331 0.975019 0.0916559 -0.146567 -0.1101 -0.115645 0.98717 -0.621994 0 0 0 1 
36535719080089;0.0976208;0.183885;0.999587 0.000609523 -0.0287174 0.159615 0.00131241 0.997762 0.0668593 -0.393103 0.0286938 -0.0668694 0.997349 -0.0415754 0 0 0 1 
36535719080090;0.312576;0.157662;0.995149 0.0520386 -0.0834902 0.489538 -0.0508127 0.998568 0.0167426 -0.960894 0.0842419 -0.012419 0.996368 -0.0805142 0 0 0 1 
36535719080091;0.378116;0.246858;0.967186 -0.11924 0.224352 0.821606 0.156226 0.975477 -0.155044 -1.1657 -0.200362 0.185006 0.962095 0.159544 0 0 0 1 
36535719080093;0.290482;0.0355384;0.989799 0.0299424 -0.139289 0.44654 -0.0466374 0.991896 -0.118185 0.481737 0.134622 0.123475 0.983174 -0.350985 0 0 0 1 
36535719080094;0.395592;0.565753;0.998271 0.0498048 -0.0312051 0.780415 -0.05017 0.99868 -0.0110298 0.0250525 0.0306146 0.0125763 0.999452 -0.165064 0 0 0 1 
36535719080095;0.347587;0.0329649;0.903446 0.251452 -0.347214 0.361732 -0.221901 0.967266 0.12311 0.65517 0.366805 -0.0341763 0.92967 -1.15384 0 0 0 1 
36535719080096;0.508705;0.203777;0.966634 -0.0149125 0.255728 0.321502 -0.0218497 0.989866 0.140313 0.216488 -0.255229 -0.141219 0.956512 1.90727 0 0 0 1 
36535719080097;0.390373;0.0206165;0.896756 -0.337963 0.285674 0.29487 0.384249 0.914885 -0.123849 -1.37667 -0.219503 0.220832 0.95029 0.870961 0 0 0 1 
36535719080098;0.177167;0.031273;0.959149 0.0210711 0.282114 0.0503492 -0.0157181 0.999651 -0.0212248 0.118229 -0.282463 0.0159234 0.959146 0.9337 0 0 0 1 
36535719080099;0.46993;0.220571;0.999444 -0.0319195 0.00958621 0.496586 0.0270822 0.945467 0.32459 -0.257666 -0.0194242 -0.32415 0.945806 -0.134645 0 0 0 1 
36535719080100;0.314307;0.032421;0.999974 -0.00727333 -0.000226917 -0.271314 0.00723879 0.991071 0.133138 -0.381509 -0.000743469 -0.133136 0.991097 -0.38122 0 0 0 1 
36535719080101;0.365934;0.0239762;0.917373 0.395096 -0.0482278 0.145004 -0.393154 0.918367 0.045088 1.57292 0.0621049 -0.0224016 0.997818 -0.0748497 0 0 0 1 
36535719080102;0.240105;0.030279;0.98901 -0.132529 0.0655389 -0.0898411 0.135099 0.990161 -0.036454 -0.458649 -0.0600629 0.0449077 0.997184 -0.153466 0 0 0 1 
36535719080103;0.352767;0.0271665;0.993437 0.0769465 0.0846304 0.0416793 -0.0792346 0.996567 0.0240138 -0.0901373 -0.0824921 -0.0305619 0.996123 0.823904 0 0 0 1 
36535719080104;0.495293;0.299149;0.889449 0.0276602 -0.456198 0.180317 0.000482761 0.99811 0.0614586 -0.208611 0.457035 -0.0548845 0.887754 -1.57402 0 0 0 1 
36535719080105;0.433787;0.0249724;0.998425 0.0184337 0.0529806 0.0766964 -0.0176785 0.999736 -0.0146882 0.0919114 -0.0532374 0.0137285 0.998488 1.03811 0 0 0 1 
36535719080106;0.129754;0.0235702;0.995562 0.000537811 0.0941046 0.123357 -0.00818611 0.996688 0.0809073 0.0853532 -0.0937495 -0.0813186 0.992269 0.272631 0 0 0 1 
36535719080107;0.262145;0.0333782;0.960185 0.273319 -0.0578071 0.0951725 -0.27657 0.959203 -0.0586413 1.3036 0.0394209 0.0722942 0.996604 -0.276443 0 0 0 1 
36535719080108;0.397924;0.27064;0.984863 0.173331 0.000975713 -0.262869 -0.169359 0.961068 0.218326 0.389725 0.036905 -0.215187 0.975875 -0.182857 0 0 0 1 
36535719080109;0.398301;0.0230733;0.878297 0.391801 0.274019 0.231671 -0.38531 0.919355 -0.0795119 1.71369 -0.283074 -0.0357473 0.958432 1.21413 0 0 0 1 
36535719080110;0.208018;0.0228152;0.989212 0.146279 0.00782798 0.0257621 -0.146415 0.988997 0.0211594 0.347347 -0.00464667 -0.0220773 0.999745 -0.180983 0 0 0 1 
36535719080111;0.465339;0.00900437;0.945656 -0.215145 0.243818 -0.0632735 0.23802 0.96886 -0.0682476 -0.293 -0.221542 0.122572 0.967417 1.22213 0 0 0 1 
36535719080112;0.541337;0.0270148;0.901118 0.343353 -0.264756 1.23867 -0.328607 0.939203 0.0995776 1.35592 0.28285 -0.00273032 0.95916 -1.09954 0 0 0 1 
36535719080113;0.28814;0.0204307;0.999785 0.018541 0.00932975 0.00744364 -0.0185618 0.999825 0.00214954 0.643662 -0.00928826 -0.00232225 0.999954 0.162868 0 0 0 1 
36535719080114;0.343577;0.0186403;0.961162 -0.275983 0.000609746 0.358435 0.275973 0.961144 0.00637275 -1.12165 -0.00234482 -0.00595697 0.99998 0.419244 0 0 0 1 
36535719080115;0.500998;0.749346;0.999307 -0.0203257 -0.0311741 0.502832 0.0206296 0.999742 0.00945751 -0.757472 0.0309738 -0.0100941 0.999469 -0.206479 0 0 0 1 
36535719080116;0.41433;0.217157;0.965487 -0.0415193 0.257122 0.303073 -0.0151556 0.976583 0.214605 0.0506232 -0.260011 -0.211095 0.942249 1.57134 0 0 0 1 
36535719080117;0.508343;0.0238743;0.996243 -0.0427816 0.0752973 0.0362613 0.0296902 0.985493 0.167101 -0.0392604 -0.0813538 -0.164238 0.98306 1.32394 0 0 0 1 
36535719080118;0.0642213;0.0262463;0.99744 0.0713627 -0.00460378 -0.0539211 -0.0714436 0.997227 -0.0208213 0.355109 0.00310515 0.0210969 0.999773 -0.0408435 0 0 0 1 
36535719080119;0.384568;0.315225;0.960983 0.256648 0.103168 0.256844 -0.268921 0.954178 0.131247 0.550648 -0.0647561 -0.153871 0.985967 0.109882 0 0 0 1 
36535719080120;0.113108;0.0248244;0.999051 -0.0341209 0.0270797 0.0581037 0.0332203 0.998902 0.0330381 -0.214839 -0.0281772 -0.0321071 0.999087 0.265692 0 0 0 1 
36535719080121;0.423482;0.0141339;0.974624 0.217487 -0.0529802 0.343621 -0.181545 0.906445 0.381313 0.207816 0.130954 -0.362019 0.922926 -0.29602 0 0 0 1 
36535719080122;0.427092;0.0282943;0.970182 -0.229847 0.0769177 0.141717 0.222169 0.970185 0.0968574 -1.5113 -0.0968868 -0.0768807 0.992322 0.759147 0 0 0 1 
36535719080124;0.190705;0.0215987;0.984235 0.169754 0.0496507 -0.0208501 -0.172242 0.983731 0.0510406 0.42799 -0.0401786 -0.0587878 0.997462 0.264814 0 0 0 1 
36535719080125;0.422416;0.0640982;0.88659 0.409186 -0.215698 0.308884 -0.378924 0.909928 0.168664 1.17241 0.265284 -0.0678024 0.961783 -0.950118 0 0 0 1 
36535719080126;0.446714;0.0255482;0.991755 0.122587 -0.0373423 0.248989 -0.125271 0.988817 -0.0809218 -0.207754 0.0270047 0.0849325 0.996021 -0.325874 0 0 0 1 
36535719080127;0.355012;0.575949;0.999656 0.00896284 0.0246605 0.78837 -0.00654222 0.995307 -0.0965437 0.248905 -0.0254101 0.0963492 0.995023 -0.0804914 0 0 0 1 
36535719080128;0.249905;0.0449857;0.999982 -0.00498353 -0.00344336 0.0443548 0.00499224 0.999984 0.00252485 0.372998 0.00343073 -0.002542 0.999991 -0.0253196 0 0 0 1 
36535719080129;0.526113;0.56566;0.999335 -0.00603995 -0.035965 0.813549 0.00461468 0.999206 -0.0395813 -0.131451 0.0361755 0.039389 0.998569 0.108476 0 0 0 1 
36535719080130;0.433817;0.0365504;0.938111 0.0894193 0.334591 -0.14635 -0.0387931 0.987145 -0.155048 -0.293924 -0.344154 0.132472 0.929521 1.09592 0 0 0 1 
36535719080131;0.251532;0.339063;0.99975 -0.0202181 -0.00957339 0.481819 0.0200274 0.999607 -0.0196129 0.0535733 0.00996616 0.0194163 0.999762 0.0922407 0 0 0 1 
36535719080132;0.431426;0.0223783;0.983361 0.0406126 -0.177066 -0.129002 -0.0310071 0.997911 0.0566828 -0.465211 0.178998 -0.0502494 0.982565 -0.937643 0 0 0 1 
36535719080133;0.541591;0.0203792;0.938474 0.227087 0.26019 0.0820815 -0.272678 0.949578 0.154753 0.618086 -0.211928 -0.216179 0.953075 1.57639 0 0 0 1 
36535719080134;0.252306;0.0186558;0.996428 -0.0814964 0.0221444 -0.174655 0.082465 0.995482 -0.0470654 -0.457297 -0.0182087 0.0487234 0.998646 -0.21342 0 0 0 1 
36535719080135;0.472023;0.463141;0.97342 -0.0409399 0.225337 0.376376 0.0174743 0.994302 0.105161 -0.204872 -0.228358 -0.0984286 0.968589 0.878713 0 0 0 1 
36535719080136;0.302061;0.0292089;0.974164 0.201272 -0.102444 0.0214221 -0.212752 0.970045 -0.11726 1.04832 0.0757736 0.136026 0.987803 -0.497489 0 0 0 1 
36535719080137;0.328535;0.0254911;0.966709 0.237097 0.0962227 -0.344463 -0.221038 0.963228 -0.152757 0.79464 -0.128903 0.126403 0.983568 0.114076 0 0 0 1 
36535719080138;0.576365;0.0112299;0.996809 0.0618607 0.0504423 0.579144 -0.0377908 0.922395 -0.384395 0.363906 -0.0703067 0.381263 0.921789 -0.443093 0 0 0 1 
36535719080139;0.521512;0.0255998;0.963338 -0.267483 0.0208276 0.345531 0.263166 0.957181 0.120616 -1.6556 -0.0521984 -0.110712 0.992481 0.25769 0 0 0 1 
36535719080140;0.470285;0.104156;0.89607 0.419957 0.143854 -0.0451057 -0.415664 0.907525 -0.0601805 1.44811 -0.155824 -0.00586893 0.987767 0.181951 0 0 0 1 
36535719080141;0.30287;0.0325161;0.971495 0.132792 0.196377 -0.404535 -0.148434 0.98664 0.0671416 0.213195 -0.184838 -0.0943768 0.978227 0.652934 0 0 0 1 
36535719080142;0.480003;0.0240475;0.971528 0.203784 0.120857 -0.197274 -0.235965 0.878148 0.416146 0.410577 -0.021326 -0.432815 0.901231 0.0976411 0 0 0 1 
36535719080143;0.628053;0.674308;0.99527 0.0458846 -0.0856311 0.25013 -0.0562557 0.99082 -0.122925 0.15304 0.0792046 0.127161 0.988715 -0.431975 0 0 0 1 
36535719080144;0.602003;0.0243846;0.942173 0.243933 -0.229798 0.360055 -0.289679 0.93758 -0.192434 1.33266 0.168513 0.247874 0.954024 -1.4861 0 0 0 1 
36535719080145;0.170435;0.0208103;0.993685 0.111994 0.00689982 -0.0716463 -0.112035 0.993687 0.0059216 0.41828 -0.00619308 -0.00665723 0.999959 0.231365 0 0 0 1 
36535719080146;0.207536;0.0288157;0.980543 0.192955 0.0360946 -0.0356112 -0.188513 0.976863 -0.101 0.727999 -0.054748 0.0922307 0.994231 0.0727207 0 0 0 1 
36535719080147;0.436345;0.0236116;0.983628 0.176124 -0.0381685 0.389495 -0.173156 0.982359 0.0706301 1.0768 0.0499348 -0.0628646 0.996772 -0.397619 0 0 0 1 
36535719080148;0.640142;0.0196592;0.96369 -0.263926 -0.040549 1.14563 0.25165 0.948458 -0.192611 -0.0381868 0.0892942 0.175414 0.980437 -0.640101 0 0 0 1 
36535719080149;0.408897;0.0304336;0.997622 -0.0536148 -0.0433002 0.177391 0.0515274 0.997519 -0.0479639 -0.461379 0.0457644 0.0456187 0.99791 0.461176 0 0 0 1 
36535719080150;0.385378;0.0189744;0.995486 -0.0107416 0.0942957 -0.0517758 -0.00635651 0.983797 0.179174 0.412716 -0.0946925 -0.178965 0.979288 0.0384854 0 0 0 1 
36535719080151;0.147734;0.0187833;0.991492 0.0248556 0.127773 -0.130012 -0.0135789 0.995994 -0.0883806 0.125822 -0.129458 0.0858936 0.987858 0.252904 0 0 0 1 
36535719080152;0.417728;0.257741;0.9108 0.370167 -0.182809 0.536176 -0.34738 0.926421 0.145159 0.94331 0.223091 -0.0687064 0.972373 -0.453793 0 0 0 1 
36535719080153;0.136308;0.0357243;0.989866 -0.122838 0.071254 0.0935491 0.120032 0.991863 0.0424219 -0.31344 -0.0758853 -0.0334393 0.996556 0.252418 0 0 0 1 
36535719080155;0.377066;0.298471;0.995076 0.00108843 -0.0991108 0.533487 0.0213732 0.974059 0.225285 -0.0461058 0.0967849 -0.226293 0.969239 0.181968 0 0 0 1 
36535719080156;0.280014;0.204999;0.991103 -0.0513707 -0.122782 0.590245 0.0698438 0.986026 0.15124 -0.00638921 0.113297 -0.15847 0.980842 -0.35247 0 0 0 1 
36535719080157;0.357849;0.172763;0.994007 -0.107075 -0.0220394 0.873239 0.108562 0.943146 0.31415 0.073873 -0.0128514 -0.31466 0.949117 0.628541 0 0 0 1 
36535719080158;0.214487;0.0713295;0.999364 -0.0343965 -0.00935458 0.460345 0.0347391 0.998622 0.0393259 0.269744 0.00798902 -0.0396259 0.999183 0.305106 0 0 0 1 
36535719080159;0.313033;0.0558761;0.991672 -0.0392454 -0.122662 0.287404 0.0109104 0.974615 -0.223619 -0.590155 0.128324 0.220419 0.966927 -0.948246 0 0 0 1 
36535719080160;0.477856;0.0907158;0.923969 0.240695 -0.297233 -0.522293 -0.257647 0.96606 -0.0186109 0.903436 0.282665 0.0937771 0.954624 -0.702258 0 0 0 1 
36535719080161;0.262671;0.0674841;0.98979 0.137349 0.0381007 -0.218251 -0.140417 0.985511 0.095134 -0.024553 -0.0244821 -0.0995126 0.994735 0.515176 0 0 0 1 
36535719080162;0.249715;0.0860786;0.986673 0.162703 -0.00218092 -0.251807 -0.155944 0.949337 0.272837 -0.0056363 0.0464619 -0.26886 0.962058 0.0298934 0 0 0 1 
36535719080163;0.453936;0.193297;0.929329 0.15524 -0.335034 0.931088 -0.186749 0.980336 -0.0637655 0.343168 0.318547 0.121826 0.940046 -1.19484 0 0 0 1 
36535719080164;0.466141;0.297032;0.989945 -0.078488 0.11768 0.754557 0.0586547 0.984812 0.163418 0.123088 -0.128719 -0.154872 0.979513 1.03985 0 0 0 1 
36535719080165;0.321246;0.0809586;0.951899 -0.0561638 0.301221 0.0169266 -0.0502336 0.941153 0.334226 -0.179039 -0.302267 -0.333281 0.893061 0.951838 0 0 0 1 
36535719080166;0.389384;0.0741457;0.88624 -0.276815 0.371418 0.616637 0.338593 0.934292 -0.111595 -0.578701 -0.316121 0.224659 0.921735 0.566707 0 0 0 1 
36535719080167;0.40197;0.324187;0.99931 0.00397773 -0.0369314 0.631685 0.00973997 0.9314 0.363867 0.124448 0.0358452 -0.363976 0.930718 0.288328 0 0 0 1 
36535719080168;0.210711;0.200669;0.996121 0.00336236 0.0879243 -0.121315 0.00101485 0.998764 -0.0496918 -0.184072 -0.0879827 0.0495883 0.994887 0.216829 0 0 0 1 
36535719080169;0.371812;0.0731991;0.961199 0.0660267 -0.267839 0.794804 0.0013703 0.969778 0.243984 -0.569706 0.275854 -0.234884 0.932059 -1.1017 0 0 0 1 
36535719080170;0.32738;0.0816925;0.991041 0.108276 0.0781953 -0.132908 -0.101433 0.991054 -0.0867399 0.361342 -0.0868876 0.0780312 0.993157 -0.704218 0 0 0 1 
36535719080171;0.334438;0.286658;0.991873 -0.12229 0.0351119 0.490143 0.124594 0.98949 -0.0733817 -0.382037 -0.0257691 0.07716 0.996686 0.253576 0 0 0 1 
36535719080172;0.359248;0.0855882;0.974577 0.216097 -0.0591851 0.157566 -0.207422 0.970059 0.126341 0.944178 0.0847149 -0.110853 0.99022 0.230139 0 0 0 1 
36535719080173;0.299017;0.0549379;0.996144 -0.0669546 -0.056692 0.169947 0.0592083 0.989908 -0.128747 -0.516901 0.0647401 0.124894 0.990056 -1.07876 0 0 0 1 
36535719080174;0.332371;0.0608947;0.994467 -0.0910421 -0.0524089 0.941096 0.088861 0.995135 -0.0425459 0.334976 0.0560274 0.0376534 0.997719 -0.436682 0 0 0 1 
36535719080175;0.258801;0.0720815;0.983256 -0.103957 -0.14967 0.318183 0.0928518 0.99251 -0.0793833 0.00944265 0.156802 0.064157 0.985544 -1.03841 0 0 0 1 
36535719080176;0.244373;0.0634548;0.968419 0.0887891 0.232981 -0.228838 -0.108218 0.991519 0.0719575 0.150265 -0.224617 -0.094898 0.969815 0.613284 0 0 0 1 
36535719080177;0.307368;0.260569;0.998563 -0.0459128 0.0276283 0.301847 0.0382202 0.971652 0.233307 -0.0380793 -0.0375568 -0.231916 0.97201 0.75268 0 0 0 1 
36535719080178;0.333626;0.0655748;0.925672 0.0582824 -0.373812 0.689609 -0.0167553 0.993409 0.113395 -0.0686272 0.377957 -0.0987032 0.920547 -0.622476 0 0 0 1 
36535719080179;0.112272;0.0760274;0.997306 -0.0153865 -0.0717278 0.186044 0.0176498 0.999363 0.0310278 0.065129 0.0712047 -0.0322102 0.996942 -0.341381 0 0 0 1 
36535719080180;0.447488;0.384539;0.996208 0.0853553 -0.0168517 0.750349 -0.0829193 0.990113 0.113136 -0.366046 0.0263419 -0.11131 0.993437 -0.203904 0 0 0 1 
36535719080181;0.181751;0.0794107;0.98903 -0.0297043 0.144699 0.109859 0.0562732 0.981473 -0.183151 -0.014525 -0.136578 0.189285 0.972377 0.192053 0 0 0 1 
36535719080182;0.227052;0.0629462;0.977271 -0.066685 0.201232 0.113563 0.105949 0.975823 -0.191165 -0.0795249 -0.183619 0.20814 0.960709 0.0709177 0 0 0 1 
36535719080183;0.271702;0.0623848;0.986745 -0.0748072 -0.144004 0.964628 0.0912485 0.989603 0.111174 -0.250137 0.13419 -0.122841 0.983312 -0.39315 0 0 0 1 
36535719080184;0.317465;0.0699943;0.96225 0.18243 -0.201976 0.365159 -0.084416 0.905555 0.415745 -0.284203 0.258745 -0.383001 0.88677 -0.427241 0 0 0 1 
36535719080186;0.390645;0.141902;0.908219 -0.070117 0.412579 0.0375026 0.188232 0.948956 -0.253085 -0.489675 -0.373774 0.307517 0.875058 1.57256 0 0 0 1 
36535719080187;0.111223;0.112573;0.999683 0.0174365 0.0181522 0.0328201 -0.0175013 0.999841 0.00342062 -0.0554375 -0.0180897 -0.00373722 0.999829 -0.00303521 0 0 0 1 
36535719080188;0.65823;0.676752;0.956546 0.290156 0.0287849 -1.28056 -0.291228 0.945876 0.143193 0.989637 0.0143211 -0.145353 0.989276 0.43117 0 0 0 1 
36535719080189;0.357007;0.142356;0.999884 0.00896913 0.0123169 -0.702334 -0.00911862 0.999885 0.0121348 0.325195 -0.0122066 -0.0122457 0.999851 -0.474001 0 0 0 1 
36535719080190;0.473164;0.96841;0.932975 -0.358411 0.0331547 -1.55312 0.358556 0.933507 0.00166426 -2.24747 -0.0315466 0.0103351 0.999449 0.135011 0 0 0 1 
36535719080191;0.28216;0.121173;0.980664 0.194203 -0.0241494 -0.234952 -0.190152 0.974758 0.117003 0.765496 0.0462621 -0.110149 0.992838 -0.714615 0 0 0 1 
36535719080192;0.431029;0.136482;0.98544 -0.161538 0.0530376 -0.875914 0.165264 0.983347 -0.0756034 -0.438982 -0.0399415 0.0832679 0.995726 0.465498 0 0 0 1 
36535719080193;0.312078;0.144707;0.990692 -0.135924 0.00741006 -0.0842215 0.131324 0.968656 0.210854 -1.07724 -0.035838 -0.207918 0.977489 -0.367337 0 0 0 1 
36535719080194;0.164987;0.136288;0.984225 0.176892 0.00337571 -0.11116 -0.176919 0.984162 0.0111762 0.630817 -0.00134527 -0.0115971 0.999932 -0.0411557 0 0 0 1 
36535719080195;0.354366;0.128139;0.981204 -0.0367695 0.18944 0.0452994 0.0360179 0.999324 0.00740999 -0.531558 -0.189584 -0.00044749 0.981864 0.227908 0 0 0 1 
36535719080196;0.523582;0.137536;0.985799 0.156891 0.0598844 -0.567764 -0.167234 0.884721 0.435088 0.83631 0.0152803 -0.438924 0.898394 -0.682563 0 0 0 1 
36535719080197;0.379637;0.13221;0.978933 -0.17719 -0.10146 0.118198 0.183156 0.981665 0.0527935 -1.00949 0.0902453 -0.0702644 0.993438 -1.18979 0 0 0 1 
36535719080198;0.253973;0.131811;0.983611 -0.14746 0.103756 -0.170193 0.156367 0.984149 -0.083671 -0.835687 -0.0897735 0.0985237 0.991077 0.759871 0 0 0 1 
36535719080199;0.451651;0.142367;0.989653 0.141371 0.0245377 -0.724192 -0.14143 0.989948 0.000666989 0.911103 -0.0241968 -0.00413046 0.999699 0.655983 0 0 0 1 
36535719080200;0.601292;0.95384;0.970766 -0.149323 0.187925 -0.843064 0.160894 0.985812 -0.0478216 -1.67337 -0.178118 0.0766596 0.981019 1.25112 0 0 0 1 
36535719080201;0.316883;0.16911;0.881101 0.0856872 0.465101 -0.0263677 0.000919752 0.983137 -0.182869 -0.0893505 -0.472927 0.161554 0.866164 2.3133 0 0 0 1 
36535719080202;0.389074;0.130802;0.972227 0.225684 0.0619785 -0.273918 -0.227237 0.973651 0.0191751 1.35702 -0.0560179 -0.0327263 0.997893 -0.356929 0 0 0 1 
36535719080203;0.247825;0.163744;0.970138 -0.241612 0.0213586 -0.232303 0.240015 0.96896 0.0592456 -1.25473 -0.0350101 -0.05235 0.998015 0.262463 0 0 0 1 
36535719080204;0.323434;0.132821;0.998455 -0.0476537 0.0285624 -0.301329 0.0470532 0.998664 0.0213425 -1.02754 -0.0295413 -0.0199656 0.999364 -0.132702 0 0 0 1 
36535719080205;0.326801;0.151436;0.957686 -0.0666049 0.280002 0.1012 0.156096 0.937545 -0.310875 -0.65008 -0.241809 0.341428 0.908271 1.02629 0 0 0 1 
36535719080206;0.360649;0.15868;0.993881 0.108431 0.0210513 -0.332624 -0.108326 0.994097 -0.00605588 1.05576 -0.0215837 0.00373842 0.99976 -0.0188397 0 0 0 1 
36535719080207;0.378318;0.157439;0.999585 -0.0217586 0.0188654 0.552264 0.0217031 0.99976 0.00314349 -0.324148 -0.0189293 -0.00273275 0.999817 0.118751 0 0 0 1 
36535719080208;0.281021;0.134558;0.981052 -0.0582248 0.18479 -0.419176 0.0508471 0.997718 0.0444197 -0.550284 -0.186955 -0.034182 0.981774 1.31831 0 0 0 1 
36535719080209;0.41046;0.147997;0.953274 -0.290989 0.0812068 -0.391423 0.271494 0.94305 0.192216 -2.0024 -0.132515 -0.161188 0.977987 0.698866 0 0 0 1 
36535719080210;0.243944;0.15136;0.976282 0.148545 0.157505 0.118896 -0.155783 0.987186 0.0345819 0.39027 -0.15035 -0.0582984 0.986912 0.653061 0 0 0 1 
36535719080211;0.419439;0.133906;0.926118 0.377234 0.000569525 -0.218728 -0.377234 0.926118 -9.87473e-05 1.25622 -0.000564698 -0.000123393 1 -0.0200589 0 0 0 1 
36535719080212;0.411637;0.1618;0.9533 0.275437 0.123909 0.23586 -0.273221 0.961319 -0.0348749 0.617649 -0.128722 -0.000608472 0.99168 0.804898 0 0 0 1 
36535719080213;0.271077;0.137789;0.97119 -0.186237 -0.148681 -0.224287 0.158028 0.970301 -0.183149 -0.92078 0.178374 0.154377 0.971777 -1.06005 0 0 0 1 
36535719080214;0.356981;0.135808;0.949652 0.153646 -0.273047 -0.161416 -0.161837 0.986788 -0.00759326 0.379567 0.268272 0.0514001 0.961971 -0.956944 0 0 0 1 
36535719080215;0.558879;0.118565;0.961806 0.217191 0.166606 -0.174602 -0.163055 0.943461 -0.288609 0.849531 -0.219869 0.25042 0.94284 1.97998 0 0 0 1 
36535719080217;0.267916;0.0170202;0.9681 -0.176805 -0.177544 0.528159 0.154281 0.97895 -0.133621 -0.242993 0.197431 0.101967 0.974999 -0.923429 0 0 0 1 
36535719080218;0.403611;0.0225104;0.997276 0.0737604 -0.00060618 -0.326232 -0.0737173 0.996915 0.0269458 0.706531 0.00259185 -0.0268277 0.999637 0.458639 0 0 0 1 
36535719080219;0.612805;0.509237;0.998664 -0.0119932 0.0502631 -0.124414 0.0125427 0.999865 -0.0106308 0.0856299 -0.0501288 0.011247 0.998679 0.68036 0 0 0 1 
36535719080220;0.465305;0.0190263;0.970849 -0.118184 -0.208529 0.407288 0.0976897 0.989554 -0.106015 0.163684 0.21888 0.0825538 0.972253 -1.42841 0 0 0 1 
36535719080221;0.397154;0.310934;0.997557 -0.0698511 0.00118149 0.066114 0.0698605 0.997333 -0.0211256 -0.119253 0.000297305 0.0211565 0.999776 -0.437126 0 0 0 1 
36535719080222;0.388852;0.020379;0.983998 -0.105876 0.143313 -0.448828 0.140242 0.956346 -0.256388 -0.24882 -0.109911 0.272383 0.955891 0.221767 0 0 0 1 
36535719080223;0.332061;0.0217111;0.929194 -0.191075 -0.316368 0.856467 0.168614 0.980879 -0.0971838 -0.648085 0.328888 0.0369585 0.943645 -0.857129 0 0 0 1 
36535719080224;0.591626;0.0211489;0.994405 0.095453 0.0452425 -0.389049 -0.0773162 0.949537 -0.303976 1.22549 -0.0719749 0.298777 0.951605 0.441144 0 0 0 1 
36535719080225;0.418431;0.319458;0.990202 -0.0517613 0.129697 0.00396938 0.0503739 0.998633 0.0139572 -0.0589459 -0.130242 -0.00728712 0.991455 0.730203 0 0 0 1 
36535719080226;0.434396;0.387691;0.99007 0.0453712 -0.133052 0.132323 -0.0443694 0.99896 0.010486 0.087785 0.13339 -0.00447844 0.991054 -0.170761 0 0 0 1 
36535719080227;0.258425;0.0213514;0.98076 0.171879 0.092559 -0.0785726 -0.176327 0.983428 0.0421705 0.408568 -0.0837768 -0.0576798 0.994814 0.591609 0 0 0 1 
36535719080228;0.348273;0.0202056;0.957928 -0.200049 0.205802 0.123332 0.208677 0.977762 -0.0208808 -0.296459 -0.197048 0.0629484 0.978371 0.869257 0 0 0 1 
36535719080229;0.349476;0.0242361;0.995072 0.0543695 0.0829163 -0.185919 -0.0405197 0.986219 -0.160406 0.14048 -0.0904948 0.156255 0.983562 -0.429568 0 0 0 1 
36535719080230;0.507963;0.57592;0.941045 -0.0215311 0.337595 -0.0812791 0.0307918 0.999281 -0.0221001 0.190856 -0.336876 0.0311923 0.941032 0.695428 0 0 0 1 
36535719080231;0.499847;0.0201951;0.999932 0.00248409 -0.0113959 -0.312224 -0.0021673 0.999613 0.0277269 -0.435728 0.0114603 -0.0277003 0.999551 -0.84535 0 0 0 1 
36535719080232;0.400636;0.298365;0.998305 -0.0578758 0.00619576 0.312582 0.0568468 0.992318 0.109879 -0.181783 -0.0125075 -0.10934 0.993926 0.369156 0 0 0 1 
36535719080233;0.232565;0.0162789;0.984687 0.0593916 -0.163903 0.0419929 -0.0408598 0.992616 0.114207 0.0579155 0.169476 -0.105762 0.979843 -0.0967695 0 0 0 1 
36535719080234;0.243089;0.0173607;0.999979 0.00551571 0.0033979 0.187149 -0.00548004 0.999931 -0.0104196 0.125044 -0.00345513 0.0104007 0.99994 -0.426412 0 0 0 1 
36535719080235;0.336455;0.268386;0.997925 -0.021545 -0.060669 -0.0122397 0.0257601 0.997244 0.0695749 0.0632796 0.0590028 -0.0709934 0.99573 0.0256802 0 0 0 1 
36535719080236;0.526732;0.0162863;0.959549 -0.13033 0.249559 0.565657 0.0735149 0.971635 0.224767 -0.537462 -0.271774 -0.197328 0.941913 1.67537 0 0 0 1 
36535719080237;0.707625;0.449347;0.999905 0.0108321 -0.00858018 0.130583 -0.0108924 0.999916 -0.00701076 0.318611 0.00850352 0.00710355 0.999939 0.720996 0 0 0 1 
36535719080238;0.378354;0.0185692;0.980358 0.183689 -0.071808 0.326453 -0.165847 0.964844 0.20389 0.730268 0.106736 -0.187976 0.976357 -0.166498 0 0 0 1 
36535719080239;0.260619;0.0190762;0.999432 -0.0283772 0.0181745 0.375195 0.0281737 0.999539 0.0113577 -0.148847 -0.0184884 -0.0108392 0.99977 0.376357 0 0 0 1 
36535719080240;0.347346;0.0182914;0.99755 0.00510764 0.0697671 -0.0493123 0.0211143 0.928833 -0.369897 0.349078 -0.0666913 0.370464 0.926449 -0.313267 0 0 0 1 
36535719080241;0.461675;0.0194719;0.945393 0.144333 0.292234 -0.215638 -0.0687866 0.964765 -0.253964 -0.211298 -0.318593 0.219994 0.922009 0.686377 0 0 0 1 
36535719080242;0.184835;0.0164974;0.992295 0.103699 0.0678 -0.163994 -0.10497 0.994355 0.0154585 0.0439091 -0.0658143 -0.0224563 0.997579 0.139192 0 0 0 1 
36535719080243;0.50255;0.539804;0.999407 -0.0264781 0.0220094 0.1172 0.027087 0.999245 -0.0278425 0.0190092 -0.0212556 0.0284221 0.99937 -0.164765 0 0 0 1 
36535719080244;0.3548;0.0219862;0.921132 0.255432 0.293717 -0.238502 -0.273921 0.96148 0.0228959 0.645747 -0.276555 -0.101545 0.955618 1.13815 0 0 0 1 
36535719080245;0.421326;0.0219774;0.969831 0.120658 -0.211823 0.464886 -0.140882 0.986534 -0.0830807 0.562783 0.198947 0.110416 0.97377 -1.26364 0 0 0 1 
36535719080246;0.428678;0.0183167;0.967656 0.252257 -0.00285368 0.116186 -0.251521 0.963836 -0.0880752 1.11154 -0.0194671 0.0859442 0.99611 -0.48312 0 0 0 1 
36535719080248;0.279109;0.0077713;0.99996 -0.00439547 -0.00775123 0.741309 0.00437787 0.999988 -0.00228676 0.246967 0.00776119 0.00225273 0.999967 -0.353114 0 0 0 1 
36535719080249;0.148582;0.0759868;0.999137 -0.0385148 -0.0155285 -0.125488 0.0384821 0.999256 -0.00239722 -0.108827 0.0156093 0.00179758 0.999877 -0.180328 0 0 0 1 
36535719080250;0.310686;0.0297078;0.996852 -0.00763077 0.0789218 -0.25219 0.00739155 0.999967 0.00332269 0.20882 -0.0789445 -0.00272888 0.996875 -0.670484 0 0 0 1 
36535719080251;0.298484;0.0275013;0.999336 0.0280388 -0.0232667 -0.50734 -0.0267854 0.99826 0.0525376 0.635677 0.0246993 -0.0518795 0.998348 0.174732 0 0 0 1 
36535719080252;0.364884;0.277692;0.982662 -0.102968 -0.154184 1.0954 0.102842 0.994659 -0.00881182 -0.392619 0.154268 -0.00719757 0.988003 -0.320225 0 0 0 1 
36535719080253;0.298099;0.24708;0.997485 -0.0663238 -0.0249776 0.661709 0.0649248 0.996472 -0.0531781 -0.104148 0.0284164 0.0514227 0.998273 -0.572841 0 0 0 1 
36535719080254;0.413793;0.344157;0.996984 -0.0726425 -0.0273097 0.261986 0.0652721 0.97525 -0.211253 0.264276 0.0419797 0.208833 0.97705 -0.391997 0 0 0 1 
36535719080255;0.265645;0.023744;0.994818 -0.0748216 0.0688343 -0.0980695 0.0906972 0.959051 -0.268318 -0.221746 -0.0459396 0.27317 0.960868 0.251999 0 0 0 1 
36535719080256;0.228269;0.211559;0.999419 0.0340926 -2.42772e-05 0.0604931 -0.0340878 0.999289 0.0160827 0.0438359 0.000572561 -0.0160725 0.999871 -0.06544 0 0 0 1 
36535719080257;0.266234;0.0359441;0.999139 -0.0408993 -0.00694743 -0.611987 0.0410983 0.998661 0.0314272 -0.27684 0.00565277 -0.0316857 0.999482 -0.080275 0 0 0 1 
36535719080258;0.327944;0.0144687;0.998933 -0.0393768 -0.0241455 0.602679 0.0396962 0.999129 0.0128944 -0.660925 0.0236167 -0.0138392 0.999625 0.535443 0 0 0 1 
