#;prob_registration_l1 -r /home/probabilistic_point_clouds_registration/build/tester /home/point_clouds_registration_benchmark//devel/registration_pairs/gazebo_winter_local.txt /home/point_clouds_registration_benchmark//eth/gazebo_winter -s 0.2 -t 0.2 -p 0.3 -r 1000 -m 15 -i 40 
id;initial_error;final_error;transformation
38591597440000;0.538033;0.0281902;0.99355 -0.101381 -0.0507969 -0.403698 0.102944 0.99426 0.0291424 -0.444234 0.0475508 -0.0341836 0.998284 0.557439 0 0 0 1 
38591597440001;0.518725;0.138046;0.971121 0.163644 0.17362 -0.122035 -0.177911 0.981556 0.0699688 0.494921 -0.158968 -0.0988371 0.982324 -0.00740854 0 0 0 1 
38591597440002;0.466312;0.0181557;0.98378 -0.134145 0.119086 0.0583114 0.13861 0.989893 -0.03 -0.329666 -0.113858 0.0460199 0.992431 -0.209257 0 0 0 1 
38591597440003;0.369171;0.170161;0.99797 0.0626 0.0116822 -0.0934146 -0.0626788 0.998013 0.00650788 0.144646 -0.0112516 -0.0072269 0.999911 0.427931 0 0 0 1 
38591597440004;0.566929;0.25862;0.948763 0.191143 -0.251623 0.867832 -0.187158 0.981519 0.0399104 0.602725 0.254601 0.00922755 0.967002 -1.56566 0 0 0 1 
38591597440005;0.214626;0.0227533;0.994621 -0.0841192 -0.0604402 0.00472189 0.0837524 0.99645 -0.00858199 -0.30597 0.0609476 0.00347382 0.998135 -0.597757 0 0 0 1 
38591597440006;0.296525;0.019741;0.960111 -0.219434 -0.17331 0.164481 0.241014 0.963681 0.115027 -1.02309 0.141774 -0.152208 0.978127 -0.356406 0 0 0 1 
38591597440007;0.55939;0.0298848;0.990148 0.140005 -0.00245351 0.0641481 -0.139485 0.98771 0.0705171 0.169574 0.0122961 -0.0694801 0.997508 -0.872525 0 0 0 1 
38591597440008;0.573696;0.0267504;0.909408 0.00629914 0.415858 0.318953 -0.110756 0.967447 0.227549 0.473048 -0.400888 -0.252994 0.880502 2.45488 0 0 0 1 
38591597440009;0.226381;0.0177731;0.999381 -0.0296903 0.0188794 0.0357191 0.0289336 0.998814 0.0391634 0.066418 -0.0200198 -0.0385929 0.999054 -0.2465 0 0 0 1 
38591597440010;0.405479;0.0346324;0.934112 -0.112669 0.338732 0.0740912 0.226145 0.920966 -0.317302 -0.771824 -0.27621 0.372999 0.885765 1.6654 0 0 0 1 
38591597440011;0.432428;0.283736;0.996907 -0.0680575 -0.0393098 0.145703 0.0736076 0.983804 0.163437 -0.594743 0.02755 -0.165825 0.98577 -0.252141 0 0 0 1 
38591597440012;0.493861;0.0382548;0.996285 -0.00460929 -0.0859918 0.326263 -9.62581e-05 0.998506 -0.0546367 -0.24948 0.0861152 0.054442 0.994797 0.328491 0 0 0 1 
38591597440013;0.489902;0.223903;0.969968 0.146139 0.194436 -0.054808 -0.154569 0.987561 0.0288317 0.294064 -0.187804 -0.0580197 0.980491 0.429038 0 0 0 1 
38591597440014;0.265078;0.0285898;0.950188 -0.0579435 0.306244 -0.0622608 0.0904955 0.991528 -0.0931778 -0.275789 -0.298251 0.11625 0.947382 1.43999 0 0 0 1 
38591597440015;0.50504;0.0488699;0.95651 -0.279415 0.0837611 0.288612 0.252729 0.937207 0.240355 -1.50207 -0.14566 -0.208733 0.967064 0.160431 0 0 0 1 
38591597440016;0.306367;0.0243392;0.961224 0.115085 -0.250608 0.25909 -0.0679144 0.979559 0.189346 -0.00870038 0.267277 -0.164984 0.949391 -1.35455 0 0 0 1 
38591597440017;0.306001;0.0255142;0.99173 -0.127839 0.0113701 -0.213667 0.128324 0.989241 -0.0702469 -0.904625 -0.00226742 0.071125 0.997465 0.108188 0 0 0 1 
38591597440018;0.310987;0.0247707;0.975592 0.219062 -0.0152438 0.444751 -0.219285 0.975547 -0.0149369 1.02636 0.0115989 0.017915 0.999772 -0.297077 0 0 0 1 
38591597440019;0.565481;0.00709313;0.986062 -0.159119 0.0486185 -0.565982 0.14323 0.9605 0.238588 -0.265458 -0.084662 -0.228299 0.969903 -0.140921 0 0 0 1 
38591597440020;0.471158;0.189932;0.988211 -0.142054 -0.0570952 -0.0879899 0.129461 0.974426 -0.183668 -0.36209 0.0817259 0.174111 0.981329 0.25617 0 0 0 1 
38591597440021;0.264772;0.187142;0.981275 0.0876015 0.171538 -0.0830632 -0.0969264 0.994193 0.0467456 0.215053 -0.166447 -0.0624968 0.984068 0.584058 0 0 0 1 
38591597440022;0.382739;0.0275489;0.994575 -0.0265998 -0.100559 -0.305648 0.0330112 0.99749 0.062641 -0.464597 0.0986407 -0.0656208 0.992957 -0.0787382 0 0 0 1 
38591597440023;0.504596;0.282835;0.99319 0.112641 -0.0297668 0.0865385 -0.11424 0.991701 -0.0589709 0.587275 0.0228772 0.0619699 0.997816 -0.608808 0 0 0 1 
38591597440024;0.223621;0.0233592;0.99713 -0.0526695 0.0543844 -0.0318403 0.0649162 0.964442 -0.256198 0.0542836 -0.0389568 0.258993 0.965093 0.330659 0 0 0 1 
38591597440025;0.497841;0.0156235;0.937026 -0.231231 0.261752 -0.364142 0.266392 0.957855 -0.107472 -1.37134 -0.225869 0.170432 0.959133 0.629323 0 0 0 1 
38591597440026;0.507307;0.293991;0.970847 -0.094717 -0.220193 0.418272 0.106695 0.993356 0.043127 -0.32952 0.214646 -0.0653632 0.974502 -0.602031 0 0 0 1 
38591597440027;0.37107;0.0212069;0.99582 0.00379868 0.0912598 -0.234546 -0.0460181 0.883929 0.465352 0.112286 -0.0788995 -0.467606 0.880409 0.361464 0 0 0 1 
38591597440028;0.144155;0.0263689;0.985879 -0.159267 -0.0517354 0.0162086 0.157965 0.987037 -0.0283779 -0.597083 0.0555844 0.0198048 0.998258 -0.145382 0 0 0 1 
38591597440029;0.386592;0.178197;0.969408 -0.163228 0.183314 -0.245331 0.123836 0.970064 0.208901 -0.892829 -0.211925 -0.179809 0.960602 0.831698 0 0 0 1 
38591597440031;0.613756;0.330303;0.961663 -0.0498118 -0.269673 0.397446 0.0291978 0.996373 -0.0799218 -0.558974 0.272676 0.068984 0.95963 -1.25398 0 0 0 1 
38591597440032;0.317715;0.132669;0.973673 0.142363 -0.178025 0.448102 -0.162902 0.980869 -0.106581 0.941654 0.159446 0.132776 0.978237 -0.451062 0 0 0 1 
38591597440033;0.586776;0.272296;0.930848 -0.0608 0.360313 0.158298 0.0464278 0.997748 0.0484185 0.235262 -0.362445 -0.0283418 0.931574 1.44442 0 0 0 1 
38591597440034;0.22655;0.0294963;0.986845 -0.140638 0.0797422 -0.322362 0.154019 0.967773 -0.19923 -0.929335 -0.0491531 0.208891 0.976703 0.610417 0 0 0 1 
38591597440035;0.489052;0.0276458;0.98655 -0.0912443 0.135622 -0.023543 0.104278 0.990254 -0.0923203 -1.23753 -0.125876 0.105221 0.98645 0.747391 0 0 0 1 
38591597440036;0.235684;0.0429803;0.985872 -0.167476 0.00280093 -0.158997 0.167497 0.985634 -0.021689 -0.548177 0.000871684 0.0218517 0.999761 -0.0285613 0 0 0 1 
38591597440037;0.200232;0.027099;0.994813 0.0995088 0.0210761 0.176415 -0.0995477 0.995032 0.000804076 0.400656 -0.0208914 -0.00289798 0.999778 -0.234043 0 0 0 1 
38591597440038;0.419626;0.256253;0.994753 0.0955671 -0.0365066 0.166059 -0.100583 0.978791 -0.178469 0.572843 0.0186766 0.181204 0.983268 0.678531 0 0 0 1 
38591597440039;0.360484;0.0225065;0.998717 -0.0191576 0.0468752 -0.0650433 0.0260659 0.98811 -0.151522 -0.242594 -0.0434151 0.15255 0.987342 -0.0690239 0 0 0 1 
38591597440040;0.46013;0.0263097;0.878319 0.237003 -0.415193 1.41493 -0.245873 0.968745 0.0328533 0.94077 0.410003 0.0732293 0.90914 -1.94342 0 0 0 1 
38591597440041;0.266595;0.0223276;0.998604 0.0521669 0.00827826 -0.32106 -0.0522688 0.998553 0.0126133 0.171034 -0.00760828 -0.0130284 0.999886 0.0482936 0 0 0 1 
38591597440042;0.263344;0.0355427;0.965745 0.21562 -0.144374 0.594954 -0.200206 0.97309 0.114076 0.483936 0.165086 -0.0812636 0.982926 -0.734107 0 0 0 1 
38591597440043;0.518284;0.0456616;0.963234 0.263125 -0.0542813 1.01246 -0.255768 0.95993 0.114528 1.04878 0.0822416 -0.0964342 0.991936 -1.29077 0 0 0 1 
38591597440044;0.328581;0.188983;0.98984 0.106898 0.0937519 -0.00814635 -0.101401 0.992938 -0.0615768 0.474926 -0.0996723 0.0514447 0.99369 0.812465 0 0 0 1 
38591597440045;0.358212;0.043229;0.978149 0.165596 0.125709 0.120438 -0.169351 0.985358 0.019722 0.91868 -0.120603 -0.0405801 0.991871 0.86704 0 0 0 1 
38591597440046;0.061941;0.0378986;0.999518 -0.00843262 0.029865 -0.000431447 0.00766378 0.999639 0.0257656 -0.0364243 -0.0300714 -0.0255243 0.999222 0.0630428 0 0 0 1 
38591597440047;0.281023;0.0342575;0.983035 0.168561 -0.0723126 0.545793 -0.159938 0.980762 0.111916 0.415849 0.089786 -0.0984513 0.991083 -0.946266 0 0 0 1 
38591597440048;0.595102;0.0285497;0.985787 0.0520915 -0.159717 0.0210338 -0.000956257 0.952437 0.304733 -0.846992 0.167995 -0.300249 0.93895 -2.0561 0 0 0 1 
38591597440049;0.461067;0.0319821;0.897629 0.123658 -0.42305 0.966569 -0.206398 0.966023 -0.155565 0.825784 0.389439 0.226956 0.892652 -1.62753 0 0 0 1 
38591597440050;0.266343;0.0240652;0.998608 0.0131752 -0.0510714 0.0865063 -0.0282483 0.951314 -0.306928 0.19192 0.044541 0.307943 0.950362 0.125886 0 0 0 1 
38591597440051;0.432966;0.0451588;0.926706 0.188501 -0.325089 1.09023 -0.187196 0.981677 0.0355964 1.07053 0.325842 0.0278679 0.945013 -1.19716 0 0 0 1 
38591597440052;0.0767887;0.026915;0.99506 -0.0182346 0.0975816 -0.0494674 0.0208918 0.999436 -0.0262783 -0.112996 -0.0970474 0.0281871 0.994881 0.437046 0 0 0 1 
38591597440053;0.465189;0.31911;0.992628 0.0931098 -0.0775902 0.317405 -0.0864608 0.992618 0.0850501 0.508053 0.0849365 -0.0777146 0.993351 -0.421626 0 0 0 1 
38591597440054;0.503874;0.0354008;0.997429 0.0440459 0.0565326 -0.744268 -0.0485163 0.995589 0.080307 0.137219 -0.052746 -0.0828433 0.995166 0.227278 0 0 0 1 
38591597440055;0.362809;0.0319022;0.993235 -0.115926 0.00678965 -0.19971 0.115936 0.993256 -0.00103677 -0.645647 -0.00662367 0.00181691 0.999976 -0.554591 0 0 0 1 
38591597440056;0.349297;0.123778;0.976488 0.198939 0.0830347 0.29186 -0.215022 0.926354 0.309247 0.425374 -0.0153983 -0.31983 0.94735 -0.341355 0 0 0 1 
38591597440057;0.335627;0.0306139;0.926325 -0.0191043 -0.376241 0.546601 0.0370239 0.998495 0.0404543 -0.125896 0.374902 -0.0514038 0.925638 -1.68616 0 0 0 1 
38591597440058;0.689618;0.572089;0.997149 0.0613094 -0.0439786 0.0398384 -0.0618356 0.998029 -0.0107046 0.333743 0.0432356 0.0133935 0.998975 -0.53046 0 0 0 1 
38591597440059;0.45308;0.0277937;0.999959 0.0085285 0.00311924 -0.376014 -0.00850608 0.999938 -0.0071302 -0.356043 -0.00317986 0.00710337 0.99997 -0.557779 0 0 0 1 
38591597440060;0.265486;0.0421333;0.995771 -0.0895343 0.020588 -0.00794527 0.08805 0.994041 0.0642642 -0.672948 -0.0262192 -0.0621797 0.997721 0.293932 0 0 0 1 
38591597440062;0.128316;0.0342787;0.997305 -0.0733313 0.00221837 -0.21344 0.0722506 0.986959 0.143844 -0.510417 -0.0127377 -0.143296 0.989598 -0.415175 0 0 0 1 
38591597440063;0.451456;0.0324646;0.996371 -0.0334756 0.0782554 -0.241462 0.00712496 0.948987 0.315234 -0.51856 -0.084816 -0.313533 0.945782 0.203228 0 0 0 1 
38591597440064;0.130373;0.0332036;0.997945 0.0640725 -0.00119259 0.0373036 -0.0639339 0.99417 -0.0868217 0.197686 -0.00437725 0.0867195 0.996223 0.169135 0 0 0 1 
38591597440065;0.480669;0.0525882;0.95182 0.0778748 0.296606 -0.0993458 -0.0567602 0.995245 -0.0791588 0.35356 -0.30136 0.0585095 0.951714 0.846579 0 0 0 1 
38591597440066;0.373674;0.0424956;0.918716 0.033957 0.393456 0.110214 -0.0726775 0.993818 0.0839301 0.355507 -0.388174 -0.105703 0.915504 1.68039 0 0 0 1 
38591597440067;0.212733;0.0392068;0.984387 0.143077 0.102522 0.305218 -0.165322 0.951484 0.259511 0.411709 -0.0604179 -0.272409 0.960283 -0.389871 0 0 0 1 
38591597440068;0.0642751;0.0328483;0.998251 -0.039231 -0.0442172 -0.102679 0.0364895 0.997459 -0.0611902 -0.112507 0.0465054 0.0594697 0.997146 -0.0487231 0 0 0 1 
38591597440069;0.225205;0.0320212;0.993878 -0.0494828 -0.0987839 -0.0742943 0.0413653 0.995724 -0.0825963 -0.132241 0.102449 0.0780044 0.991675 -0.64653 0 0 0 1 
38591597440070;0.596655;0.0313192;0.983536 -0.133359 0.121951 -1.00202 0.146246 0.983804 -0.103646 -0.0120089 -0.106154 0.119775 0.98711 0.486355 0 0 0 1 
38591597440071;0.538974;0.0354087;0.968341 0.204304 0.143443 0.261033 -0.231363 0.950289 0.208379 1.19787 -0.0937399 -0.234969 0.967472 0.437056 0 0 0 1 
38591597440072;0.398938;0.0454407;0.986523 0.0835084 -0.140706 0.366935 -0.128489 0.927814 -0.350215 0.900652 0.101303 0.363575 0.92604 0.148513 0 0 0 1 
38591597440073;0.454646;0.0394667;0.971605 0.236221 0.0135793 0.178563 -0.236133 0.97169 -0.00777636 0.753156 -0.0150318 0.00434904 0.999878 -0.324855 0 0 0 1 
38591597440074;0.403252;0.0297734;0.995353 -0.0962959 -0.000597384 0.367739 0.0961852 0.99447 -0.0421565 -0.354321 0.00465357 0.0419031 0.999111 0.270041 0 0 0 1 
38591597440075;0.606683;0.22008;0.998246 -0.0433651 -0.0403159 0.292709 0.0318952 0.967484 -0.250914 0.0238967 0.0498859 0.249188 0.967169 0.90995 0 0 0 1 
38591597440076;0.528752;0.031303;0.999223 0.0217782 -0.0328567 -0.594376 -0.0211282 0.999577 0.0200006 0.250182 0.0332783 -0.0192908 0.99926 0.321195 0 0 0 1 
38591597440077;0.46683;0.423737;0.973063 0.0384185 0.227316 -0.535176 -0.0790894 0.981808 0.172621 0.125221 -0.216549 -0.185949 0.9584 0.427771 0 0 0 1 
38591597440078;0.164495;0.0299411;0.999931 -0.0104132 0.00543952 -0.29391 0.0104664 0.999897 -0.00984588 -0.087614 -0.00533643 0.00990214 0.999937 0.0875712 0 0 0 1 
38591597440079;0.383028;0.0421306;0.936018 0.0691865 0.345086 0.491241 -0.122434 0.983258 0.134958 0.368878 -0.329972 -0.168573 0.928818 0.610348 0 0 0 1 
38591597440080;0.593423;0.39504;0.997448 -0.0436953 -0.0564658 -0.145134 0.0457835 0.998294 0.0362316 -0.292006 0.0547863 -0.0387244 0.997747 0.343541 0 0 0 1 
38591597440081;0.611108;0.0376852;0.938983 -0.0084925 -0.343859 0.953342 -0.108598 0.941241 -0.319799 0.477644 0.32637 0.337628 0.882887 -1.14792 0 0 0 1 
38591597440082;0.502695;0.376592;0.997399 0.066653 0.0274482 -0.422682 -0.0688774 0.993539 0.0902018 0.215149 -0.0212586 -0.0918577 0.995545 -0.680681 0 0 0 1 
38591597440083;0.715049;0.234075;0.968073 -0.19881 0.152671 -0.529965 0.222532 0.961979 -0.158356 -1.0334 -0.115383 0.187274 0.975508 1.92089 0 0 0 1 
38591597440084;0.378082;0.0417308;0.988919 -0.00683142 0.148301 -0.216349 -0.0215265 0.981785 0.188771 -0.0497858 -0.146889 -0.189872 0.970759 -0.430361 0 0 0 1 
38591597440085;0.428084;0.425054;0.9984 0.0335266 0.0455241 -0.0919072 -0.0344267 0.999224 0.0191339 -0.0506309 -0.0448473 -0.0206705 0.99878 0.201153 0 0 0 1 
38591597440086;0.348552;0.227484;0.9895 0.108286 -0.095727 0.197187 -0.121708 0.981501 -0.14779 0.504688 0.0779526 0.157889 0.984375 0.230067 0 0 0 1 
38591597440087;0.456571;0.0356495;0.971092 -0.236579 -0.0317821 -0.972922 0.237277 0.97123 0.0203107 -1.25953 0.0260626 -0.0272648 0.999288 -0.68855 0 0 0 1 
38591597440088;0.581918;0.0312933;0.991992 0.0411889 0.119399 -0.430251 -0.0436244 0.998888 0.0178561 0.530166 -0.118531 -0.0229218 0.992686 -0.306315 0 0 0 1 
38591597440089;0.343578;0.0360072;0.975138 -0.183254 -0.124593 -0.264954 0.139111 0.943891 -0.29953 -0.481427 0.172492 0.274751 0.945917 -0.412656 0 0 0 1 
38591597440090;0.290589;0.0338091;0.994285 -0.104007 0.0240979 -0.212494 0.103815 0.994555 0.00907558 -0.140072 -0.0249106 -0.00652198 0.999668 0.338931 0 0 0 1 
38591597440091;0.344699;0.340557;0.999528 -0.00695798 0.0299129 -0.0987432 0.00799777 0.999363 -0.0347826 -0.0533512 -0.0296518 0.0350054 0.998947 0.186023 0 0 0 1 
38591597440093;0.395285;0.0260197;0.920976 -0.326745 0.212227 -0.0311729 0.338677 0.940658 -0.0214766 -0.0751734 -0.192616 0.0916558 0.976984 -0.218536 0 0 0 1 
38591597440094;0.48271;0.0175583;0.899785 0.0981734 0.425146 0.0547172 -0.131554 0.990057 0.0498013 0.464274 -0.41603 -0.10074 0.903754 -0.121493 0 0 0 1 
38591597440095;0.208258;0.191358;0.999063 0.0429597 -0.00530215 -0.135263 -0.042885 0.998989 0.0134801 -0.0722354 0.00587589 -0.0132401 0.999895 -0.0217179 0 0 0 1 
38591597440096;0.348707;0.244798;0.953899 0.179231 -0.240735 -0.0516871 -0.148315 0.978828 0.141061 -0.22377 0.260921 -0.0988538 0.960285 -0.0682586 0 0 0 1 
38591597440097;0.0996698;0.0155572;0.995939 -0.0843777 -0.0313848 0.0426295 0.0841738 0.996421 -0.00776558 -0.127724 0.0319277 0.00509228 0.999477 0.0843403 0 0 0 1 
38591597440098;0.341585;0.0182101;0.917725 -0.298797 0.261728 0.17507 0.268597 0.952232 0.14529 -0.424702 -0.292638 -0.0630372 0.954143 0.411859 0 0 0 1 
38591597440099;0.517514;0.0228065;0.869277 0.248846 0.427121 -0.643803 -0.276842 0.960909 0.00359141 0.564925 -0.409531 -0.121367 0.904187 0.513232 0 0 0 1 
38591597440100;0.554576;0.0134627;0.89951 0.241205 0.364283 -0.82991 -0.226669 0.970441 -0.0828584 -0.299956 -0.373501 -0.0080397 0.927595 0.378252 0 0 0 1 
38591597440101;0.308911;0.0158491;0.997449 0.0127094 -0.0702411 0.407639 -0.0140287 0.999734 -0.0183212 -0.190954 0.0699895 0.0192599 0.997362 -0.677834 0 0 0 1 
38591597440102;0.281264;0.023885;0.965328 0.228075 0.126981 -0.124111 -0.25043 0.946418 0.203908 0.48772 -0.0736708 -0.228638 0.97072 0.0664762 0 0 0 1 
38591597440103;0.458862;0.0141753;0.940353 -0.325951 0.0974296 0.705584 0.306793 0.936254 0.171191 -0.757836 -0.147019 -0.131089 0.980409 -0.0647636 0 0 0 1 
38591597440104;0.179607;0.0177797;0.980214 0.0457033 -0.192592 0.128807 -0.0356401 0.997828 0.0553978 -0.128861 0.194706 -0.0474377 0.979714 -0.250041 0 0 0 1 
38591597440105;0.407802;0.298398;0.991525 -0.0990549 -0.0840566 0.269683 0.0985224 0.99508 -0.0104699 -0.216946 0.0846801 0.00209971 0.996406 -0.159225 0 0 0 1 
38591597440106;0.119513;0.0144589;0.998021 -0.00832133 0.0623363 -0.118707 0.0121161 0.99808 -0.0607477 0.100102 -0.0617111 0.0613827 0.996205 -0.133586 0 0 0 1 
38591597440107;0.268114;0.227922;0.996972 -0.070126 -0.0335927 0.0276857 0.0688802 0.996942 -0.0369075 -0.114371 0.0360782 0.0344819 0.998754 0.0828443 0 0 0 1 
38591597440108;0.407271;0.232808;0.976096 0.154595 -0.152763 -0.312675 -0.138076 0.983903 0.113449 -0.212334 0.167842 -0.0896438 0.98173 0.307819 0 0 0 1 
38591597440109;0.443389;0.0110072;0.975548 0.15959 0.151119 -0.715002 -0.183075 0.970489 0.156952 -0.508036 -0.121611 -0.18078 0.975976 0.0896074 0 0 0 1 
38591597440110;0.432632;0.0229908;0.973166 -0.0722921 0.218453 -0.612499 0.128794 0.957852 -0.256772 0.434979 -0.190683 0.278018 0.94146 0.0389426 0 0 0 1 
38591597440111;0.338245;0.0169295;0.912642 0.345228 -0.218864 0.0559765 -0.339753 0.938374 0.0634191 0.160705 0.227271 0.0164809 0.973692 -0.0162105 0 0 0 1 
38591597440112;0.277197;0.0122208;0.970413 0.13649 0.199173 -0.347044 -0.09973 0.97782 -0.184177 -0.0460618 -0.219894 0.158864 0.962501 0.238817 0 0 0 1 
38591597440113;0.357829;0.212433;0.996275 0.086223 0.00159205 -0.240115 -0.0861902 0.994945 0.0515401 -0.206075 0.00285994 -0.0514853 0.99867 -0.526368 0 0 0 1 
38591597440114;0.246214;0.0123277;0.973852 0.22273 0.0447727 -0.174164 -0.215079 0.967351 -0.134066 0.487563 -0.0731714 0.12093 0.98996 -0.0494434 0 0 0 1 
38591597440115;0.388473;0.042266;0.885108 -0.347901 0.309108 0.0873606 0.371656 0.928164 -0.0195612 -0.409127 -0.280098 0.132196 0.950826 0.343506 0 0 0 1 
38591597440116;0.336493;0.0579289;0.948381 -0.284064 0.140997 0.24305 0.3157 0.887866 -0.334705 -0.0453403 -0.0301092 0.361941 0.931715 -0.193701 0 0 0 1 
38591597440117;0.374866;0.0167619;0.999746 0.0207397 -0.00882361 0.841087 -0.0205053 0.999455 0.0258677 -0.198691 0.00935529 -0.0256802 0.999626 0.231721 0 0 0 1 
38591597440118;0.178075;0.0185544;0.985584 -0.135859 0.100825 0.0591109 0.156098 0.960048 -0.232251 0.0192944 -0.0652439 0.244641 0.967416 -0.0242917 0 0 0 1 
38591597440119;0.473817;0.0179167;0.984071 -0.17528 0.0296831 1.05581 0.175642 0.984403 -0.0100489 -0.365148 -0.0274587 0.0151024 0.999509 0.37928 0 0 0 1 
38591597440120;0.215098;0.0166495;0.969052 -0.246473 0.0137616 0.234194 0.246376 0.969138 0.00838254 -0.310914 -0.0154029 -0.0047326 0.99987 0.00859323 0 0 0 1 
38591597440121;0.418127;0.0175656;0.992012 0.0923027 0.0859739 0.0481359 -0.0978931 0.993185 0.0632457 0.00262055 -0.0795503 -0.0711568 0.994288 1.0638 0 0 0 1 
38591597440122;0.192825;0.0142827;0.971798 0.233687 0.0315917 -0.164867 -0.235788 0.964878 0.115821 0.178852 -0.00341628 -0.120004 0.992768 0.105515 0 0 0 1 
38591597440124;0.0779043;0.0375273;0.999426 0.0149014 -0.0304358 0.0151137 -0.0153832 0.999759 -0.0156566 0.0965679 0.0301951 0.0161158 0.999414 0.136086 0 0 0 1 
38591597440125;0.14453;0.0304779;0.99883 0.0127739 -0.0466505 0.0995485 -0.00141665 0.971808 0.235771 -0.182329 0.048347 -0.235429 0.970688 -0.571222 0 0 0 1 
38591597440126;0.34028;0.177404;0.962614 -0.0859595 0.256877 -0.523238 0.118494 0.986393 -0.113961 0.168549 -0.243586 0.140139 0.959702 0.277563 0 0 0 1 
38591597440127;0.280733;0.0238348;0.975184 -0.110631 0.191775 -0.519217 0.106668 0.993814 0.0308988 0.232518 -0.194007 -0.0096756 0.980952 0.26869 0 0 0 1 
38591597440128;0.300881;0.299568;0.989809 0.113804 -0.0855945 0.600643 -0.103319 0.987588 0.118299 0.0466441 0.097995 -0.10825 0.989282 -0.367404 0 0 0 1 
38591597440129;0.231531;0.0288496;0.958707 0.0894497 -0.269961 0.499083 -0.029436 0.975361 0.218644 -0.0110638 0.282867 -0.201669 0.937719 -0.725631 0 0 0 1 
38591597440130;0.346361;0.186666;0.997872 -0.0624977 0.0185883 -0.184506 0.0624996 0.998045 0.000477153 -0.346922 -0.0185818 0.000685624 0.999827 -0.207245 0 0 0 1 
38591597440131;0.336968;0.405049;0.990789 -0.117215 0.0678119 0.0540986 0.116646 0.993097 0.0123084 0.417777 -0.0687865 -0.00428504 0.997622 0.134132 0 0 0 1 
38591597440132;0.344656;0.0813885;0.909386 0.338834 -0.241266 1.11143 -0.354454 0.934785 -0.0232053 0.245569 0.217669 0.10662 0.970182 0.22125 0 0 0 1 
38591597440133;0.350181;0.228701;0.995902 0.0869916 0.0247225 0.165523 -0.0839449 0.990906 -0.105155 -0.0694399 -0.0336453 0.102649 0.994148 0.487682 0 0 0 1 
38591597440134;0.561974;0.354604;0.956714 -0.168307 0.237426 0.122198 0.177222 0.984032 -0.0165569 0.505376 -0.230848 0.0579173 0.971264 0.961649 0 0 0 1 
38591597440135;0.216019;0.0339695;0.979278 -0.0317596 -0.200015 0.184478 0.0576082 0.990512 0.124771 -0.240642 0.194155 -0.133708 0.971816 -0.561796 0 0 0 1 
38591597440136;0.499684;0.32413;0.997374 -0.0724161 -0.000143026 0.234061 0.0724007 0.997117 0.0226914 0.0359403 -0.00150061 -0.0226422 0.999743 -0.740949 0 0 0 1 
38591597440137;0.297035;0.0274738;0.994766 0.100996 0.0155176 0.107581 -0.099953 0.993329 -0.0575092 0.682359 -0.0212223 0.0556571 0.998224 0.125645 0 0 0 1 
38591597440138;0.314957;0.0426371;0.939194 0.269175 0.21321 0.72008 -0.277528 0.960669 0.00968464 0.349285 -0.202217 -0.0682675 0.976958 -0.106823 0 0 0 1 
38591597440139;0.155913;0.0255089;0.994629 -0.00938648 0.103077 0.131906 0.0257506 0.987008 -0.158597 0.126153 -0.100249 0.1604 0.981948 0.613973 0 0 0 1 
38591597440140;0.442404;0.0320186;0.984072 -0.0666531 0.164801 -0.147473 0.0151034 0.955045 0.296077 -0.252946 -0.177127 -0.288872 0.940839 0.161512 0 0 0 1 
38591597440141;0.257242;0.0364612;0.976643 0.171247 -0.129779 0.754092 -0.111342 0.91992 0.375965 -0.352474 0.18377 -0.352734 0.917501 -1.08691 0 0 0 1 
38591597440142;0.222719;0.0261413;0.978002 0.118329 0.171786 0.220198 -0.121099 0.992624 0.00570173 0.156879 -0.169844 -0.0263795 0.985118 0.28532 0 0 0 1 
38591597440143;0.482302;0.0276967;0.942366 0.176393 -0.284309 0.804994 -0.0916991 0.953366 0.28755 -0.815327 0.321772 -0.244906 0.914595 -0.769423 0 0 0 1 
38591597440144;0.255934;0.0221828;0.997012 0.076023 -0.0137012 0.288657 -0.0758409 0.997031 0.0133513 0.31562 0.0146755 -0.0122723 0.999817 -0.522085 0 0 0 1 
38591597440145;0.370694;0.380867;0.965284 -0.131172 -0.225878 0.23787 0.116214 0.990129 -0.0783513 0.510877 0.233925 0.0493812 0.971 -0.114328 0 0 0 1 
38591597440146;0.299941;0.0357543;0.996222 0.064462 -0.0581914 0.213021 -0.0697717 0.993089 -0.0943709 -0.121532 0.0517059 0.0980745 0.993835 0.767684 0 0 0 1 
38591597440147;0.410512;0.0291996;0.983585 -0.177338 0.0333547 -0.780751 0.177434 0.984133 6.58239e-05 0.14238 -0.0328371 0.00585351 0.999444 -0.600712 0 0 0 1 
38591597440148;0.471802;0.434719;0.973098 -0.176938 -0.147555 0.300188 0.184837 0.981891 0.0415473 0.305893 0.137532 -0.0677033 0.988181 -0.101288 0 0 0 1 
38591597440149;0.337741;0.0213587;0.999973 0.00209868 -0.0070873 0.113829 -0.00211729 0.999994 -0.00261955 0.239992 0.00708176 0.00263448 0.999971 -0.697174 0 0 0 1 
38591597440150;0.131256;0.0267478;0.998691 -0.0510471 -0.00338346 -0.204287 0.0510314 0.998687 -0.00456014 0.0580404 0.0036118 0.0043815 0.999984 -0.215834 0 0 0 1 
38591597440151;0.387023;0.353883;0.994338 -0.0482512 -0.0946818 0.111961 0.0505282 0.998485 0.0217999 0.117902 0.0934865 -0.0264606 0.995269 0.238133 0 0 0 1 
38591597440152;0.263342;0.33122;0.997855 -0.0654585 -0.000571858 0.141874 0.0654593 0.997728 0.0159116 0.393998 -0.000470993 -0.0159149 0.999873 0.0314774 0 0 0 1 
38591597440153;0.441403;0.0303811;0.989516 0.134281 -0.0531723 0.405503 -0.124728 0.980148 0.154117 0.566646 0.0728117 -0.145869 0.986621 0.239141 0 0 0 1 
38591597440155;0.258376;0.00838803;0.998752 0.042557 0.0261448 -0.595385 -0.0436779 0.99808 0.0439119 0.24119 -0.0242258 -0.0449991 0.998693 0.525837 0 0 0 1 
38591597440156;0.221561;0.00713101;0.999758 0.0121713 -0.0183356 0.0381054 -0.0135623 0.99688 -0.0777537 0.0104612 0.0173321 0.0779835 0.996804 -0.707007 0 0 0 1 
38591597440157;0.430412;0.303523;0.99262 -0.0835965 -0.0878459 0.418917 0.0696296 0.985999 -0.151519 0.258187 0.0992824 0.144284 0.984543 -0.450467 0 0 0 1 
38591597440158;0.209175;0.00622531;0.987238 0.0354737 0.155253 -0.107666 -0.0416859 0.998448 0.0369416 0.192937 -0.153702 -0.042942 0.987184 0.63232 0 0 0 1 
38591597440159;0.222826;0.00667035;0.963845 -0.222345 -0.146849 -0.0159959 0.212417 0.973871 -0.0803448 -0.238967 0.160876 0.0462468 0.985891 -0.237235 0 0 0 1 
38591597440160;0.348174;0.00958316;0.997966 0.0481234 -0.0418106 -0.27262 -0.0510537 0.99609 -0.0721026 0.904975 0.0381772 0.0740905 0.99652 -0.545472 0 0 0 1 
38591597440161;0.528254;0.430085;0.997458 -0.0583987 -0.0408402 0.233166 0.0569954 0.99777 -0.0347226 -0.182317 0.0427769 0.0323066 0.998562 0.104982 0 0 0 1 
38591597440162;0.274646;0.00623206;0.997587 -0.0687808 -0.00949825 -0.734807 0.068842 0.997608 0.0062689 -0.0236622 0.00904435 -0.00690765 0.999935 -0.133996 0 0 0 1 
38591597440163;0.298037;0.00642031;0.962467 -0.269094 -0.0352893 0.585905 0.270593 0.961476 0.0484172 -0.140018 0.020901 -0.056149 0.998204 -0.270159 0 0 0 1 
38591597440164;0.263298;0.00624565;0.976414 0.184051 -0.112876 -0.268001 -0.179428 0.982504 0.0499211 0.0930139 0.120089 -0.0284905 0.992354 0.540782 0 0 0 1 
38591597440165;0.352749;0.00665267;0.977335 0.209494 -0.0304626 -0.60077 -0.211212 0.955201 -0.207319 0.602265 -0.0143343 0.209055 0.977799 -0.41635 0 0 0 1 
38591597440166;0.206209;0.00907128;0.982892 -0.181551 0.0310309 0.333865 0.182986 0.981725 -0.0522756 0.199487 -0.0209732 0.0570594 0.99815 -0.198803 0 0 0 1 
38591597440167;0.319448;0.0100368;0.999942 -0.00446658 0.00980782 0.346913 0.00449102 0.999987 -0.00247149 -0.44386 -0.00979665 0.00251539 0.999949 -0.751624 0 0 0 1 
38591597440168;0.116047;0.00557735;0.999752 0.0182404 -0.0128072 -0.0231054 -0.0197873 0.990863 -0.133412 0.133877 0.0102567 0.133632 0.990978 -0.215461 0 0 0 1 
38591597440169;0.218803;0.00916599;0.997469 -0.0279327 0.0653803 0.000315985 0.0112593 0.970046 0.24266 -0.211053 -0.0702001 -0.24131 0.967906 0.482159 0 0 0 1 
38591597440170;0.167043;0.00853578;0.999678 0.00830212 -0.0239842 0.052921 -0.0081691 0.999951 0.00563879 -0.0898631 0.0240299 -0.00544104 0.999696 -0.480165 0 0 0 1 
38591597440171;0.339075;0.00788354;0.962609 -0.252213 0.0988523 0.45473 0.254055 0.967169 -0.0063033 0.0771571 -0.0940171 0.0311815 0.995082 0.66594 0 0 0 1 
38591597440172;0.374586;0.00768304;0.976455 -0.0874831 -0.197184 1.04752 0.0507797 0.981606 -0.184041 0.108856 0.209657 0.169695 0.962937 -0.0347139 0 0 0 1 
38591597440173;0.118391;0.00609431;0.997698 0.0272601 0.0620881 -0.307724 -0.0249605 0.998984 -0.037517 0.0304529 -0.0630477 0.0358809 0.997365 0.170734 0 0 0 1 
38591597440174;0.158802;0.00904045;0.992886 -0.0363966 0.113373 -0.134903 0.0132296 0.979963 0.19874 -0.0892374 -0.118335 -0.195827 0.973472 0.202119 0 0 0 1 
38591597440175;0.263758;0.00663982;0.96327 0.183835 0.195743 -0.55746 -0.198778 0.978238 0.05948 0.094358 -0.180549 -0.0962047 0.97885 0.356155 0 0 0 1 
38591597440176;0.174741;0.00602029;0.998549 -0.0528564 0.010297 0.0702406 0.0502448 0.983294 0.174952 -0.351215 -0.0193723 -0.174181 0.984523 0.149463 0 0 0 1 
38591597440177;0.253101;0.0102719;0.992441 0.120215 0.0247014 -0.601903 -0.119533 0.992451 -0.0274338 -0.311629 -0.0278129 0.0242737 0.999318 -0.191718 0 0 0 1 
38591597440178;0.247175;0.0074384;0.99653 0.0779518 0.0291701 -0.361377 -0.07645 0.995845 -0.0494754 -0.550611 -0.0329056 0.0470736 0.998349 -0.163037 0 0 0 1 
38591597440179;0.388374;0.371188;0.998679 -0.0443949 0.0258907 -0.126185 0.0455497 0.997909 -0.0458637 0.0529663 -0.0238005 0.0469824 0.998612 0.07205 0 0 0 1 
38591597440180;0.287474;0.00884072;0.906525 0.28992 -0.306853 -0.0363369 -0.274644 0.957051 0.0928677 0.236673 0.320598 8.86159e-05 0.947215 -0.333588 0 0 0 1 
38591597440181;0.269146;0.00677036;0.998857 -0.0325198 0.0350282 0.218762 0.029051 0.99502 0.0953515 -0.739845 -0.0379546 -0.0942249 0.994827 -0.13382 0 0 0 1 
38591597440182;0.36237;0.00674253;0.950898 0.283759 0.123585 -0.742905 -0.299519 0.944283 0.136449 0.100661 -0.0779807 -0.166765 0.982908 -0.155787 0 0 0 1 
38591597440183;0.418551;0.295373;0.995428 -0.0901026 -0.0317111 0.33873 0.0840795 0.984053 -0.156751 -0.0737848 0.045329 0.153368 0.987129 -0.183912 0 0 0 1 
38591597440184;0.369769;0.00859424;0.999567 -0.0234571 0.0177892 -0.805565 0.0258498 0.988493 -0.149043 -0.0656463 -0.0140883 0.149439 0.988671 -0.693031 0 0 0 1 
38591597440186;0.226268;0.0379563;0.99995 -0.00743932 0.00670209 -0.12785 0.00735711 0.999898 0.0122075 -0.288287 -0.00679222 -0.0121576 0.999903 0.0689041 0 0 0 1 
38591597440187;0.539163;0.228875;0.992986 -0.0927943 0.0732644 0.206566 0.090692 0.99538 0.031526 -0.583417 -0.0758513 -0.0246604 0.996814 0.677864 0 0 0 1 
38591597440188;0.243538;0.173389;0.988246 0.0748768 0.133282 -0.357567 -0.09691 0.981119 0.167374 0.14036 -0.118233 -0.178323 0.976843 0.404972 0 0 0 1 
38591597440189;0.327282;0.0644485;0.998682 -0.0148567 -0.049132 0.166149 0.0175885 0.998296 0.055645 -0.172734 0.0482216 -0.0564358 0.997241 -0.581818 0 0 0 1 
38591597440190;0.477387;0.0403335;0.943392 0.107894 0.31364 -0.111852 -0.186896 0.954119 0.233938 0.422162 -0.274009 -0.279314 0.920273 1.40176 0 0 0 1 
38591597440191;0.452785;0.0534891;0.992169 -0.00220209 0.12488 -0.0538706 -0.0540856 0.893663 0.445468 -0.10918 -0.112581 -0.448734 0.886546 0.948766 0 0 0 1 
38591597440192;0.627235;0.370335;0.999081 -0.0361899 0.0229688 0.178364 0.0342878 0.996332 0.0784039 -0.410624 -0.025722 -0.0775443 0.996657 0.72675 0 0 0 1 
38591597440193;0.3706;0.0441293;0.999892 0.00122288 0.0146679 -0.116056 0.000894242 0.989655 -0.143468 0.209746 -0.0146916 0.143466 0.989546 -0.483122 0 0 0 1 
38591597440194;0.358294;0.173261;0.993373 0.0661108 0.0940147 0.092364 -0.0681724 0.997495 0.0188859 -0.105321 -0.0925306 -0.0251699 0.995392 0.119707 0 0 0 1 
38591597440195;0.380792;0.138587;0.958411 0.198599 -0.204956 -0.0872362 -0.200398 0.979639 0.0121555 0.47966 0.203197 0.029423 0.978696 -0.313707 0 0 0 1 
38591597440196;0.614704;0.623311;0.994232 -0.0684305 -0.082588 0.134513 0.0821708 0.980868 0.176485 -0.316576 0.068931 -0.182253 0.980832 0.304783 0 0 0 1 
38591597440197;0.540834;0.223905;0.981966 0.163852 -0.0943133 0.348393 -0.167417 0.985393 -0.0311668 0.500364 0.0878289 0.0463944 0.995055 -0.0338659 0 0 0 1 
38591597440198;0.653732;0.03308;0.973868 0.225665 -0.0256159 0.0430754 -0.224148 0.936847 -0.268467 0.289267 -0.0365854 0.267193 0.962948 0.531138 0 0 0 1 
38591597440199;0.0659977;0.0405293;0.999695 -0.0180926 0.0168122 -0.0453243 0.0182229 0.999805 -0.00763283 -0.0689083 -0.0166708 0.00793686 0.99983 0.0223184 0 0 0 1 
38591597440200;0.599375;0.0445205;0.998351 0.0561552 -0.0118744 0.506462 -0.0561213 0.998419 0.00316882 0.722497 0.0120336 -0.00249719 0.999924 0.119025 0 0 0 1 
38591597440201;0.617035;0.0408232;0.995224 0.0567651 0.0794195 0.408288 -0.0365185 0.970974 -0.236381 0.180454 -0.0905324 0.232352 0.968409 -0.514746 0 0 0 1 
38591597440202;0.728849;0.0921778;0.913654 -0.040695 -0.40445 0.606854 0.148128 0.959894 0.238038 -0.778972 0.378542 -0.277395 0.883039 -0.0448919 0 0 0 1 
38591597440203;0.628996;0.255902;0.988762 0.143033 -0.0434859 0.46597 -0.14147 0.989246 0.0371244 0.437903 0.0483282 -0.0305552 0.998364 0.0740479 0 0 0 1 
38591597440204;0.361491;0.304741;0.996563 -0.0827058 -0.00461545 0.156638 0.0828136 0.996016 0.033083 -0.378263 0.0018609 -0.0333516 0.999442 0.325337 0 0 0 1 
38591597440205;0.426394;0.0488752;0.980122 0.144088 0.136377 -0.383305 -0.170643 0.962903 0.209041 0.264677 -0.101198 -0.228158 0.968351 0.728708 0 0 0 1 
38591597440206;0.39785;0.0302891;0.981979 0.0965384 0.162474 -0.0162422 -0.149703 0.92206 0.356923 0.272816 -0.115354 -0.374813 0.919896 0.848618 0 0 0 1 
38591597440207;0.654746;0.0382601;0.987835 0.149556 0.042607 -0.579919 -0.15188 0.986705 0.0578445 -0.207226 -0.0333895 -0.0636119 0.997416 0.466072 0 0 0 1 
38591597440208;0.405729;0.0543366;0.962294 -0.030537 0.270291 -0.150547 -0.0254989 0.979176 0.201407 -0.45305 -0.270813 -0.200705 0.941476 0.620692 0 0 0 1 
38591597440209;0.302589;0.188511;0.975205 0.221056 -0.0104147 -0.356828 -0.220577 0.974741 0.0349964 0.485675 0.0178878 -0.0318314 0.999333 -0.0114744 0 0 0 1 
38591597440210;0.290612;0.031526;0.995959 0.0880661 -0.0176168 -0.125137 -0.0897989 0.973288 -0.211298 0.405763 -0.00146201 0.212026 0.977263 0.0791101 0 0 0 1 
38591597440211;0.669792;0.0333715;0.983165 0.14407 0.112387 -0.296529 -0.158469 0.978509 0.13194 -0.425375 -0.090963 -0.147529 0.984866 0.565335 0 0 0 1 
38591597440212;0.674895;0.0345041;0.922177 0.108052 0.371367 0.695665 -0.22769 0.927833 0.295438 0.627751 -0.312644 -0.357003 0.880229 1.1704 0 0 0 1 
38591597440213;0.74739;0.0486834;0.990575 0.057347 -0.124391 0.0819413 -0.0271393 0.972305 0.232133 -1.01915 0.134259 -0.226569 0.964697 -0.00172808 0 0 0 1 
38591597440214;0.177349;0.0463588;0.999841 -0.000556687 -0.0178111 0.0908565 -0.00266386 0.983612 -0.180281 0.0213173 0.0176196 0.180299 0.983454 -0.254625 0 0 0 1 
38591597440215;0.720627;0.0498283;0.992586 0.0613914 -0.104904 -0.0267101 -0.0683825 0.995579 -0.0643975 0.527175 0.100487 0.0710936 0.992395 -1.28784 0 0 0 1 
38591597440217;0.284412;0.0163163;0.999867 -0.0162147 -0.00164572 0.247675 0.0162301 0.99982 0.00986271 0.0692906 0.0014855 -0.00988811 0.99995 0.605987 0 0 0 1 
38591597440218;0.175507;0.0186856;0.980876 0.191678 -0.0337848 -0.157629 -0.192928 0.980448 -0.038746 0.255509 0.0256974 0.0445231 0.998678 -0.0387112 0 0 0 1 
38591597440219;0.263573;0.0235076;0.983457 0.181079 0.00469922 -0.171648 -0.181066 0.983466 -0.0030866 0.35432 -0.00518044 0.00218467 0.999984 0.401462 0 0 0 1 
38591597440220;0.260161;0.0212039;0.998886 0.0312317 -0.0353853 0.0459525 -0.0302059 0.999118 0.0291628 0.532983 0.0362649 -0.0280614 0.998948 0.212434 0 0 0 1 
38591597440221;0.443483;0.0229233;0.993941 -0.0914453 -0.0609914 0.927555 0.101652 0.975818 0.193508 0.0998604 0.0418212 -0.198535 0.979201 0.38249 0 0 0 1 
38591597440222;0.400675;0.0225198;0.99548 0.0905839 0.02854 -0.245647 -0.0912642 0.995549 0.0235093 0.330201 -0.0262835 -0.0260077 0.999316 -0.824716 0 0 0 1 
38591597440223;0.500048;0.372972;0.993767 0.0931704 0.0612069 -0.474485 -0.0973889 0.992782 0.0699914 -0.0433854 -0.054244 -0.075516 0.995668 0.41405 0 0 0 1 
38591597440224;0.319063;0.0165168;0.999677 0.0235465 -0.00953626 0.143805 -0.0235495 0.999723 -0.000204552 0.177424 0.0095288 0.00042906 0.999955 -0.746868 0 0 0 1 
38591597440225;0.246702;0.0279785;0.986404 -0.10149 0.129259 0.131518 0.0783591 0.981815 0.172916 0.139464 -0.144457 -0.160437 0.976418 -0.0563659 0 0 0 1 
38591597440226;0.422905;0.218896;0.9267 0.269802 0.261599 -0.612947 -0.233164 0.958712 -0.162804 0.149361 -0.294723 0.0898748 0.951347 0.292496 0 0 0 1 
38591597440227;0.114525;0.019408;0.998701 0.00191669 0.0509151 -0.0993499 -0.00656908 0.995796 0.0913662 -0.263481 -0.0505259 -0.091582 0.994515 0.0318538 0 0 0 1 
38591597440228;0.227089;0.0257965;0.963869 -0.263294 0.040419 0.103063 0.264918 0.963351 -0.0421011 -0.140863 -0.0278528 0.0512877 0.998295 0.0703245 0 0 0 1 
38591597440229;0.366377;0.0224451;0.96211 0.270624 0.033257 -0.55105 -0.268625 0.961701 -0.0545157 0.610642 -0.0467365 0.0435165 0.997959 -0.220097 0 0 0 1 
38591597440230;0.40791;0.0239348;0.999856 0.010088 0.0136671 -0.0570851 -0.0110557 0.997293 0.0726895 -0.0583125 -0.0128968 -0.0728301 0.997261 1.00304 0 0 0 1 
38591597440231;0.122929;0.0225362;0.997434 0.0623712 -0.0351529 0.0931012 -0.0589683 0.994131 0.0906943 -0.212938 0.0406033 -0.0883887 0.995258 0.0537392 0 0 0 1 
38591597440232;0.235296;0.0209276;0.964763 -0.260973 0.0335578 0.295134 0.260594 0.965328 0.0152843 -0.275336 -0.0363831 -0.00600081 0.99932 -0.0331181 0 0 0 1 
38591597440233;0.450082;0.021706;0.909259 -0.00444122 -0.416206 0.647083 0.119107 0.960904 0.249953 -0.413763 0.398824 -0.276845 0.87424 -0.400501 0 0 0 1 
38591597440234;0.442338;0.302914;0.98901 -0.116361 -0.0912129 0.260082 0.111341 0.992069 -0.0583365 0.0529717 0.0972775 0.0475396 0.994121 -0.258345 0 0 0 1 
38591597440235;0.600621;0.0940913;0.921596 0.387672 -0.0192669 -0.566089 -0.386357 0.920973 0.0503576 0.91806 0.0372666 -0.0389655 0.998545 0.569425 0 0 0 1 
38591597440236;0.098733;0.0164532;0.99606 0.0598674 -0.0654209 0.133129 -0.0594819 0.998199 0.00782629 0.0237189 0.0657716 -0.00390409 0.997827 -0.152599 0 0 0 1 
38591597440237;0.391996;0.030775;0.993085 -0.115332 -0.0219274 0.490834 0.116737 0.989911 0.0802997 0.284597 0.012445 -0.0823041 0.99653 0.603373 0 0 0 1 
38591597440238;0.352561;0.0217982;0.918346 0.219701 0.3292 -0.333398 -0.263065 0.960287 0.0929804 0.124982 -0.295699 -0.171989 0.939671 0.557098 0 0 0 1 
38591597440239;0.273596;0.177521;0.991268 -0.101833 0.0837668 0.0408865 0.10429 0.99422 -0.0254877 -0.0879284 -0.0806872 0.0340012 0.996159 -0.0431472 0 0 0 1 
38591597440240;0.59112;0.254774;0.98506 -0.135036 -0.106872 0.559163 0.146969 0.982664 0.113014 -0.563037 0.0897585 -0.127032 0.987829 0.564635 0 0 0 1 
38591597440241;0.457943;0.250275;0.993447 0.112361 0.0209248 -0.309075 -0.110853 0.99184 -0.0629698 0.16053 -0.0278294 0.0602376 0.997796 -0.66748 0 0 0 1 
38591597440242;0.307705;0.0156412;0.981874 0.187701 0.0262967 0.212975 -0.188068 0.98208 0.0122126 -0.362465 -0.0235331 -0.0169368 0.99958 -0.0109064 0 0 0 1 
38591597440243;0.105317;0.0246876;0.998203 -0.059694 0.00516444 0.0740588 0.0596634 0.998201 0.00588523 -0.100658 -0.00550646 -0.00556653 0.999969 -0.177387 0 0 0 1 
38591597440244;0.562292;0.0432661;0.918761 -0.37355 -0.127825 0.873302 0.342095 0.914831 -0.214604 -0.0735822 0.197104 0.153442 0.9683 -0.958049 0 0 0 1 
38591597440245;0.374359;0.0272859;0.99285 -0.11028 -0.0456888 -0.505658 0.112622 0.99226 0.0523172 0.270271 0.0395656 -0.0570887 0.997585 0.313205 0 0 0 1 
38591597440246;0.451519;0.39318;0.997954 0.0629228 0.0113354 -0.290037 -0.0626753 0.997813 -0.0210089 0.0342068 -0.0126326 0.0202555 0.999715 -0.294277 0 0 0 1 
38591597440248;0.275634;0.201181;0.998111 0.0614294 0.00105358 -0.236489 -0.0614148 0.998056 -0.0105867 0.00867634 -0.00170186 0.010502 0.999943 -0.0251521 0 0 0 1 
38591597440249;0.256114;0.00761583;0.958149 -0.182262 -0.22075 0.593736 0.169079 0.982561 -0.0773761 -0.0470351 0.231003 0.0368137 0.972256 -0.372532 0 0 0 1 
38591597440250;0.238063;0.00754766;0.922029 -0.0163731 -0.386776 0.243751 -0.0404025 0.989579 -0.138206 0.324684 0.385008 0.143057 0.911759 -0.512239 0 0 0 1 
38591597440251;0.292932;0.00835434;0.999981 0.00111506 0.00602001 -0.0487141 -0.00115115 0.999981 0.00599479 -0.020261 -0.00601321 -0.00600161 0.999964 0.863267 0 0 0 1 
38591597440252;0.40515;0.00738607;0.995036 0.00201977 0.0994955 -0.225586 0.0467354 0.873199 -0.485118 0.486802 -0.0878592 0.48736 0.86877 -0.31361 0 0 0 1 
38591597440253;0.264249;0.00642758;0.999678 -0.0174116 0.0184389 -0.656309 0.0171838 0.999775 0.0124416 0.0304477 -0.0186514 -0.0121207 0.999753 -0.317005 0 0 0 1 
38591597440254;0.377732;0.016315;0.909048 -0.388081 0.151739 0.575877 0.347466 0.906979 0.238028 -0.535012 -0.229998 -0.163655 0.959332 0.251627 0 0 0 1 
38591597440255;0.159826;0.00596256;0.976871 0.0819991 0.19748 0.110357 -0.0697234 0.995222 -0.068344 0.121594 -0.202141 0.0529943 0.977922 0.376429 0 0 0 1 
38591597440256;0.0516293;0.00827433;0.99902 0.0301403 0.0324134 -0.0764504 -0.0292984 0.999229 -0.0261431 0.119948 -0.0331763 0.0251679 0.999133 0.0510452 0 0 0 1 
38591597440257;0.294004;0.0110684;0.986705 -0.123759 -0.105347 0.131935 0.115509 0.989988 -0.0811239 0.489901 0.114332 0.0678768 0.991121 0.277567 0 0 0 1 
