#;prob_registration_l1 -r /home/probabilistic_point_clouds_registration/build/tester /home/point_clouds_registration_benchmark//devel/registration_pairs/long_office_household_local.txt /home/point_clouds_registration_benchmark//tum/long_office_household -s 0.1 -t 0.1 -p 0.3 -r 1000 -m 15 -i 40 
id;initial_error;final_error;transformation
26456013410000;0.652746;0.13638;0.90432 0.402879 -0.141049 0.106425 -0.42409 0.885549 -0.189607 0.0625543 0.0485173 0.231282 0.971676 -0.576013 0 0 0 1 
26456013410001;1.0574;0.142206;0.994781 0.0943325 0.0388762 -0.0163703 -0.0910572 0.992722 -0.0788132 0.0558457 -0.0460279 0.074862 0.996131 0.888326 0 0 0 1 
26456013410002;0.577722;0.132096;0.992587 0.121487 0.00335985 0.0807215 -0.121522 0.992496 0.0135909 0.1692 -0.00168351 -0.0138985 0.999902 0.465383 0 0 0 1 
26456013410003;1.10585;0.35369;0.941284 -0.337185 0.01705 0.12344 0.337572 0.939153 -0.0635432 0.571128 0.00541319 0.0655678 0.997833 -0.937012 0 0 0 1 
26456013410004;0.510854;0.129204;0.968417 0.0870307 0.233656 -0.140851 -0.133786 0.972156 0.192392 -0.103509 -0.210406 -0.217576 0.953095 -0.446427 0 0 0 1 
26456013410005;0.315858;0.128078;0.998955 -0.0455941 0.0031686 -0.0128124 0.0457034 0.99617 -0.0745458 0.379655 0.000242385 0.0746127 0.997213 -0.229507 0 0 0 1 
26456013410006;0.127418;0.118335;0.99563 0.0921011 0.0154422 0.0880104 -0.0911052 0.994262 -0.0560566 0.0658569 -0.0205165 0.0544048 0.998308 -0.0647841 0 0 0 1 
26456013410007;0.936325;0.325152;0.964674 -0.260182 -0.0413398 -0.0640648 0.247905 0.94962 -0.191742 0.322144 0.089145 0.17472 0.980574 0.633539 0 0 0 1 
26456013410008;0.859142;0.139135;0.999217 -0.0205114 0.0338472 0.172352 0.0260718 0.984572 -0.173026 0.0862563 -0.029776 0.173773 0.984335 0.637825 0 0 0 1 
26456013410009;0.404949;0.119857;0.986718 0.107657 -0.121643 -0.126823 -0.118636 0.989125 -0.0869336 -0.0660448 0.110961 0.10021 0.98876 0.265633 0 0 0 1 
26456013410010;0.333714;0.123233;0.995109 0.0471257 -0.0868126 -0.0800934 -0.0624632 0.981043 -0.183445 0.141079 0.0765219 0.18797 0.979189 -0.281249 0 0 0 1 
26456013410011;0.463956;0.12693;0.997947 -0.0570958 0.0290189 0.000469127 0.0583467 0.997315 -0.0442635 0.277875 -0.0264137 0.0458658 0.998598 -0.455458 0 0 0 1 
26456013410012;1.06761;0.128503;0.978204 0.017151 -0.206936 0.618556 -0.10636 0.897305 -0.428405 0.70518 0.178337 0.441078 0.879572 0.790011 0 0 0 1 
26456013410013;0.408963;0.117088;0.916759 0.399164 0.0148399 0.0970742 -0.397562 0.915418 -0.0628918 -0.0775735 -0.0386888 0.0517569 0.99791 -0.0774772 0 0 0 1 
26456013410014;0.281798;0.154;0.99428 0.100972 0.0348195 -0.0623271 -0.0979227 0.991949 -0.0803019 0.018602 -0.0426474 0.0764329 0.996162 -0.320111 0 0 0 1 
26456013410015;0.444148;0.168049;0.997045 -0.0310863 -0.0702536 -0.0594426 0.0189218 0.985672 -0.167608 0.130331 0.0744574 0.165784 0.983347 0.254854 0 0 0 1 
26456013410016;0.631913;0.131853;0.901713 0.330851 0.278301 -0.179061 -0.325078 0.943234 -0.068065 -0.0709706 -0.285022 -0.0290944 0.958079 0.357423 0 0 0 1 
26456013410017;0.712942;0.135046;0.993211 0.106099 0.0477039 0.167277 -0.0992392 0.986741 -0.128425 0.645675 -0.0606971 0.122819 0.990571 0.269599 0 0 0 1 
26456013410018;0.599666;0.145108;0.911332 0.304341 0.27722 -0.0480462 -0.321392 0.946791 0.0171254 -0.277263 -0.257257 -0.104703 0.960654 -0.467281 0 0 0 1 
26456013410019;0.16999;0.0978078;0.999558 0.026633 0.0132297 -0.0119875 -0.0265283 0.999616 -0.00802628 0.176616 -0.0134384 0.00767177 0.99988 -0.124218 0 0 0 1 
26456013410020;0.966938;0.157729;0.993221 0.10359 0.0527302 -0.357746 -0.101195 0.993792 -0.0462293 -0.0393748 -0.0571917 0.0405799 0.997538 -0.939367 0 0 0 1 
26456013410021;1.2145;0.409305;0.949407 -0.310312 -0.0483039 -0.5467 0.305644 0.948349 -0.084953 0.477233 0.0721709 0.0658912 0.995213 -0.298008 0 0 0 1 
26456013410022;0.808376;0.266008;0.975853 -0.206626 -0.0708285 -0.336365 0.162974 0.904659 -0.39374 0.682453 0.145433 0.372689 0.916489 -0.159188 0 0 0 1 
26456013410023;0.310262;0.127432;0.95274 0.302858 -0.0237184 -0.222372 -0.303779 0.949306 -0.0808441 0.0134977 -0.00196826 0.0842286 0.996445 0.127688 0 0 0 1 
26456013410024;0.290654;0.14674;0.981359 0.191895 0.0105174 0.128265 -0.191918 0.975673 0.105974 -0.213594 0.0100743 -0.106017 0.994313 -0.0842077 0 0 0 1 
26456013410025;0.115869;0.148772;0.989669 0.143236 0.0062045 -0.00732248 -0.142093 0.985696 -0.0906234 0.0750706 -0.0190963 0.0888055 0.995866 0.00897251 0 0 0 1 
26456013410026;0.438952;0.368873;0.995144 -0.0225227 0.0958134 0.0924535 0.017979 0.998684 0.0480244 -0.197217 -0.096769 -0.0460685 0.99424 -0.306568 0 0 0 1 
26456013410027;1.02893;0.134086;0.914931 0.403223 0.0176756 0.0834987 -0.401259 0.913449 -0.0678327 0.822593 -0.0434975 0.0549697 0.99754 0.155251 0 0 0 1 
26456013410028;0.910665;0.133685;0.995852 0.0890914 0.0184697 0.105863 -0.0873691 0.993022 -0.0792102 0.101371 -0.0253978 0.077268 0.996687 0.755341 0 0 0 1 
26456013410029;0.807992;0.121705;0.983326 0.116419 -0.1397 0.110377 -0.152258 0.947126 -0.282434 0.951805 0.0994326 0.298995 0.94906 -0.0595647 0 0 0 1 
26456013410031;0.378079;1.25471;0.0956784 0.729253 -0.677522 0.592845 -0.903056 0.349913 0.249102 1.33488 0.418732 0.588006 0.692035 -0.357625 0 0 0 1 
26456013410032;0.347742;1.14565;0.581968 0.750506 -0.313135 -0.487674 -0.754596 0.641922 0.13609 1.4333 0.303145 0.15709 0.939907 -0.000346161 0 0 0 1 
26456013410033;0.319289;1.17272;0.449849 0.751593 -0.482435 -0.123145 -0.786479 0.589331 0.18477 1.31951 0.423186 0.296306 0.856222 -0.311675 0 0 0 1 
26456013410034;0.665788;1.00544;0.488259 0.726268 -0.483878 0.52814 -0.683312 0.66305 0.305694 0.934898 0.542851 0.181382 0.820008 -0.781728 0 0 0 1 
26456013410035;0.543286;1.00725;0.62315 0.644111 -0.443626 0.575387 -0.6972 0.714519 0.0580896 0.706615 0.354396 0.273098 0.894327 -0.0905252 0 0 0 1 
26456013410036;0.569296;0.832267;0.816308 0.497563 -0.293382 0.152216 -0.533348 0.844289 -0.0521133 0.973893 0.22177 0.199015 0.954574 0.242575 0 0 0 1 
26456013410037;0.587068;1.48489;-0.227365 0.228666 -0.946582 0.955912 -0.784014 0.533571 0.317212 1.83842 0.577604 0.814257 0.0579623 0.103744 0 0 0 1 
26456013410038;0.163491;1.09561;0.513851 0.587903 -0.624762 0.27247 -0.729448 0.682716 0.0424856 1.19921 0.451512 0.4339 0.779659 -0.380509 0 0 0 1 
26456013410039;0.298903;1.37633;-0.0227897 0.362857 -0.931566 0.611887 -0.556916 0.769232 0.31325 1.47595 0.830256 0.525943 0.18455 -0.52977 0 0 0 1 
26456013410040;0.421915;1.53769;-0.143141 0.083511 -0.986173 0.918757 -0.829303 0.533707 0.165567 1.52466 0.540154 0.841536 -0.00713963 -0.142838 0 0 0 1 
26456013410041;0.740902;1.05131;0.755721 0.564467 -0.332057 0.329045 -0.570111 0.81656 0.0905761 0.845784 0.322272 0.120859 0.9389 -0.913798 0 0 0 1 
26456013410042;0.386627;1.09315;0.324514 0.593331 -0.736648 0.827903 -0.662424 0.698481 0.270773 0.826159 0.675193 0.400103 0.619703 -0.151345 0 0 0 1 
26456013410043;0.418115;0.825611;0.668191 0.39597 -0.629864 0.148874 -0.561275 0.824001 -0.0774116 0.96761 0.488356 0.405253 0.772838 -0.12175 0 0 0 1 
26456013410044;0.401489;0.838708;0.72875 0.45434 -0.512346 0.103742 -0.340592 0.88957 0.304406 0.600912 0.594071 -0.0473348 0.803019 -0.232427 0 0 0 1 
26456013410045;0.640918;1.57035;-0.121655 0.294988 -0.947725 0.520913 -0.478626 0.81904 0.316372 0.615936 0.86955 0.492094 0.0415486 -0.972005 0 0 0 1 
26456013410046;0.387348;1.02153;0.553301 0.732037 -0.397466 -0.0955594 -0.736955 0.652611 0.17606 1.5016 0.388273 0.195501 0.900568 0.0186948 0 0 0 1 
26456013410047;0.681694;1.07761;0.618943 0.733184 -0.281692 0.140712 -0.537906 0.657022 0.528185 0.51192 0.572335 -0.175393 0.801043 -0.785046 0 0 0 1 
26456013410048;0.200666;1.4091;-0.0882756 0.394615 -0.914596 0.876378 -0.589795 0.719218 0.367243 0.987395 0.802714 0.571843 0.169253 -0.427808 0 0 0 1 
26456013410049;0.634474;0.912252;0.587667 0.743647 -0.318805 0.721994 -0.788618 0.614552 -0.0201837 0.945057 0.180913 0.263276 0.947606 0.0501429 0 0 0 1 
26456013410050;0.211001;1.12223;0.540407 0.602226 -0.587609 -0.00404644 -0.709228 0.701789 0.0669893 1.25098 0.45272 0.380547 0.806368 -0.311253 0 0 0 1 
26456013410051;0.550163;1.00054;0.72377 0.549649 -0.417184 0.506664 -0.417463 0.830171 0.369513 0.654031 0.549437 -0.0932836 0.830311 -0.597552 0 0 0 1 
26456013410052;0.551544;0.988394;0.36233 0.552573 -0.750587 1.11325 -0.600759 0.75416 0.2652 0.601437 0.712605 0.354832 0.605218 -0.653019 0 0 0 1 
26456013410053;0.345543;1.04384;0.43128 0.825447 -0.364192 0.333758 -0.854288 0.503438 0.129392 1.6273 0.290155 0.25532 0.922292 -0.200936 0 0 0 1 
26456013410054;0.546651;1.29814;0.0259434 0.370507 -0.928467 0.829055 -0.848033 0.499934 0.175804 1.83416 0.529309 0.78281 0.327172 -0.842203 0 0 0 1 
26456013410055;0.267657;1.065;0.273936 0.668241 -0.691674 0.792202 -0.764191 0.587893 0.265319 1.18411 0.583928 0.45589 0.671709 -0.357216 0 0 0 1 
26456013410056;0.595541;1.31707;0.395742 0.428552 -0.812238 1.05884 -0.675198 0.735275 0.0589721 1.10123 0.622492 0.525084 0.580337 -0.245496 0 0 0 1 
26456013410057;0.461018;1.53204;-0.13624 0.343942 -0.929055 1.11123 -0.72599 0.603434 0.329857 1.04504 0.674075 0.719425 0.167487 -0.378211 0 0 0 1 
26456013410058;0.576941;1.5857;-0.168207 0.414094 -0.894557 1.04548 -0.531286 0.726319 0.436115 0.615051 0.830326 0.548623 0.0978299 -0.820782 0 0 0 1 
26456013410059;0.729412;1.53103;-0.24868 0.505681 -0.826102 1.09424 -0.738344 0.453054 0.49959 1.19482 0.626902 0.734186 0.260701 0.0528044 0 0 0 1 
26456013410060;0.670241;0.910743;0.653611 0.567979 -0.500192 0.0237084 -0.369639 0.816286 0.443896 0.941418 0.660424 -0.105244 0.743481 -0.818155 0 0 0 1 
26456013410062;0.727774;0.0895807;0.959842 -0.270939 -0.0727705 -0.0249823 0.277984 0.953485 0.116584 -0.220029 0.0377985 -0.132131 0.990511 0.302447 0 0 0 1 
26456013410063;1.34575;1.15604;0.945695 0.312038 0.0910685 -0.474279 -0.323 0.870626 0.371054 -0.540456 0.0364962 -0.380319 0.924135 0.283855 0 0 0 1 
26456013410064;0.325852;0.137922;0.987788 0.11973 0.0996979 -0.125728 -0.130491 0.985384 0.109497 -0.156736 -0.0851306 -0.12117 0.988975 0.110494 0 0 0 1 
26456013410065;0.371368;0.112467;0.96124 -0.177968 -0.210583 0.331602 0.183632 0.982967 0.00748893 0.0698447 0.205663 -0.0458683 0.977547 0.0296586 0 0 0 1 
26456013410066;1.03207;0.091968;0.953359 0.189868 -0.23464 -0.143709 -0.240652 0.947355 -0.211198 0.370539 0.182188 0.257815 0.948862 0.402085 0 0 0 1 
26456013410067;0.857765;0.13258;0.980716 -0.077552 0.179394 0.0660053 0.127156 0.950251 -0.284349 0.165062 -0.148418 0.301676 0.941787 0.182511 0 0 0 1 
26456013410068;1.01715;0.1281;0.996927 0.0781729 -0.00507398 -0.17403 -0.0766441 0.986724 0.14318 -0.0881353 0.0161994 -0.142351 0.989684 0.601356 0 0 0 1 
26456013410069;0.211374;0.0987667;0.981033 -0.0975153 -0.167527 0.132237 0.0981887 0.995159 -0.00427939 0.0074066 0.167133 -0.0122511 0.985858 0.138142 0 0 0 1 
26456013410070;0.584191;0.13149;0.933741 -0.16631 -0.31697 0.463961 0.161637 0.985991 -0.04118 0.00830637 0.319378 -0.0127825 0.947541 0.0117251 0 0 0 1 
26456013410071;0.0848378;0.150393;0.999933 -0.00386644 -0.0109482 -0.0212306 0.00344927 0.999277 -0.0378692 -0.00422582 0.0110867 0.0378289 0.999223 0.00632563 0 0 0 1 
26456013410072;0.345771;0.115965;0.98146 0.0544343 -0.183774 -0.00712744 -0.0174473 0.980215 0.197164 -0.294952 0.19087 -0.190302 0.962992 0.220104 0 0 0 1 
26456013410073;0.619828;0.24514;0.964495 0.0617335 0.256783 -0.190703 -0.031086 0.992075 -0.121744 -0.0971337 -0.262263 0.10944 0.95877 0.139561 0 0 0 1 
26456013410074;0.46439;0.0650819;0.992909 -0.0232 -0.116587 -0.141491 0.00851092 0.992127 -0.124943 0.173833 0.118568 0.123065 0.98529 0.0808241 0 0 0 1 
26456013410075;1.52576;0.131198;0.968279 -0.245144 -0.048374 0.0620141 0.24908 0.962346 0.108856 -0.0741105 0.0198671 -0.117452 0.99288 -0.748201 0 0 0 1 
26456013410076;0.479244;0.0648447;0.940098 0.315737 -0.128555 -0.133092 -0.321635 0.946464 -0.0274946 -0.0787336 0.112991 0.0671954 0.991321 -0.178695 0 0 0 1 
26456013410077;0.704929;0.110571;0.995761 -0.0434196 0.0810794 -0.367996 0.0401453 0.998328 0.0415871 -0.170282 -0.0827495 -0.0381559 0.99584 0.0895258 0 0 0 1 
26456013410078;0.365691;0.147954;0.999873 0.00421523 -0.0153591 0.122841 -0.00467773 0.999533 -0.0302021 0.0730277 0.0152246 0.0302701 0.999426 -0.0135334 0 0 0 1 
26456013410079;1.72117;0.94883;0.99772 -0.0363747 -0.0568559 0.303026 0.0193502 0.961148 -0.275354 0.32877 0.0646629 0.273626 0.95966 0.494253 0 0 0 1 
26456013410080;1.76411;0.178708;0.99071 -0.13189 -0.0331322 -0.50318 0.132241 0.99118 0.00861555 0.762193 0.0317037 -0.012917 0.999414 -0.0462236 0 0 0 1 
26456013410081;1.63412;0.210505;0.973756 0.0779196 0.213841 -0.167366 -0.043249 0.985799 -0.162266 0.857507 -0.223448 0.148759 0.963297 -0.486889 0 0 0 1 
26456013410082;0.404515;0.100354;0.912657 -0.392954 -0.112448 0.121752 0.375013 0.914477 -0.151977 0.290381 0.162551 0.096533 0.981967 0.0314173 0 0 0 1 
26456013410083;1.34753;0.136654;0.998751 -0.0340997 0.0365278 -0.285658 0.0331342 0.999094 0.0267168 -0.514515 -0.0374057 -0.0254731 0.998975 0.4707 0 0 0 1 
26456013410084;1.15281;0.225795;0.999704 0.00747261 0.0231592 0.0843215 -0.0098651 0.994426 0.104979 -0.602868 -0.0222456 -0.105176 0.994205 0.365486 0 0 0 1 
26456013410085;0.50976;0.109498;0.986163 0.158637 0.0481284 -0.108981 -0.149138 0.975738 -0.160289 0.130552 -0.0723886 0.150894 0.985896 -0.317424 0 0 0 1 
26456013410086;0.789041;0.0807662;0.990332 -0.066977 -0.121473 0.154002 0.0613272 0.996881 -0.049672 0.0947162 0.124421 0.0417421 0.991351 -0.378942 0 0 0 1 
26456013410087;0.962758;0.345636;0.995216 0.0709809 -0.0671348 -0.0130277 -0.0813308 0.982644 -0.16672 0.511459 0.0541357 0.171383 0.983716 0.00348821 0 0 0 1 
26456013410088;1.51292;0.129351;0.94613 -0.289766 -0.14448 -0.486493 0.288789 0.956979 -0.0281551 -0.229614 0.146422 -0.0150857 0.989107 0.112615 0 0 0 1 
26456013410089;0.558558;0.126395;0.998286 -0.0279101 -0.0514387 -0.0100706 0.024859 0.997947 -0.0590278 0.000331707 0.0529805 0.0576479 0.99693 0.30191 0 0 0 1 
26456013410090;1.4132;0.653806;0.980798 -0.0181535 -0.194178 0.345484 0.0218691 0.999616 0.0170079 -0.190956 0.193795 -0.0209278 0.980819 -0.413028 0 0 0 1 
26456013410091;1.21795;0.733266;0.84251 -0.0636262 -0.53491 0.0596797 -0.0395035 0.983029 -0.179149 -0.108924 0.537231 0.172065 0.825698 0.589528 0 0 0 1 
26456013410093;0.469907;0.100675;0.955418 -0.28749 0.0672744 -0.109765 0.294095 0.946815 -0.130575 0.388275 -0.0261575 0.144538 0.989153 -0.290026 0 0 0 1 
26456013410094;0.663694;0.142016;0.88986 0.160549 -0.427051 0.377652 -0.0632504 0.970411 0.233027 0.266631 0.451827 -0.180351 0.873685 0.0980361 0 0 0 1 
26456013410095;0.871627;0.119757;0.982526 0.149215 0.111253 0.416022 -0.150206 0.988655 0.00053786 0.257705 -0.10991 -0.0172393 0.993792 -0.0228874 0 0 0 1 
26456013410096;0.802998;0.0684912;0.998724 0.0112562 0.0492352 -0.434538 -0.0125774 0.999567 0.0266059 0.149643 -0.0489144 -0.0271912 0.998433 -0.447944 0 0 0 1 
26456013410097;0.47238;0.079198;0.93026 0.366898 -0.00122548 -0.0149972 -0.366637 0.929715 0.0347333 0.0624079 0.0138829 -0.0318617 0.999396 0.212082 0 0 0 1 
26456013410098;0.153152;0.0852488;0.988048 0.070128 -0.137272 0.0714966 -0.0653429 0.997098 0.0390655 0.0738965 0.139613 -0.0296288 0.989763 0.0573045 0 0 0 1 
26456013410099;1.16156;0.233438;0.995956 -0.0714296 -0.0544933 -0.217551 0.0650017 0.991605 -0.111777 0.692272 0.0620201 0.107783 0.992238 0.48569 0 0 0 1 
26456013410100;0.366643;0.0741436;0.971583 0.220692 0.0855628 -0.106316 -0.214383 0.973702 -0.0771041 0.0670905 -0.100329 0.0565698 0.993345 0.20083 0 0 0 1 
26456013410101;1.16745;0.0725651;0.99425 0.103641 0.0269348 -0.0558519 -0.106893 0.975579 0.191886 0.402629 -0.00638974 -0.193661 0.981048 0.793329 0 0 0 1 
26456013410102;1.13408;0.494448;0.981001 -0.0808832 -0.17634 0.283517 0.0869574 0.995847 0.0269819 0.150148 0.173425 -0.0418033 0.98396 -0.991808 0 0 0 1 
26456013410103;0.393965;0.163367;0.995907 0.0366541 -0.0826169 -0.0624124 -0.0214507 0.983814 0.177905 -0.286183 0.0878006 -0.175404 0.980574 -0.0681369 0 0 0 1 
26456013410104;1.01585;0.0822172;0.967092 0.251589 0.0378902 -0.5766 -0.252227 0.9285 0.272523 0.112697 0.0333827 -0.273111 0.961403 -0.369003 0 0 0 1 
26456013410105;1.13047;0.79932;0.998749 -0.0425301 -0.0263081 -0.0675265 0.0388642 0.991155 -0.126894 0.0510438 0.0314722 0.125713 0.991567 0.246537 0 0 0 1 
26456013410106;0.197882;0.0759829;0.964877 0.254552 0.0649302 -0.15015 -0.258228 0.964439 0.0563488 0.02626 -0.0482775 -0.0711364 0.996298 0.0645025 0 0 0 1 
26456013410107;0.85745;0.510773;0.962847 -0.269372 0.0190816 -0.2672 0.269496 0.962992 -0.00423077 -0.00133021 -0.0172357 0.009216 0.999809 -0.518956 0 0 0 1 
26456013410108;1.09003;0.204075;0.973739 0.0708719 0.216357 -0.401798 -0.0790287 0.996442 0.0292735 -0.621874 -0.213512 -0.0456032 0.975875 0.39818 0 0 0 1 
26456013410109;0.997601;0.24482;0.98868 0.143966 -0.0422675 0.0131968 -0.1478 0.982982 -0.109094 -0.445015 0.0258424 0.114106 0.993132 0.289177 0 0 0 1 
26456013410110;1.0844;0.225608;0.915486 -0.0889238 0.392401 -0.908501 0.0978843 0.995194 -0.00284214 0.122009 -0.390262 0.0410118 0.91979 -0.496617 0 0 0 1 
26456013410111;0.414986;0.447873;0.992258 -0.120409 0.0304401 0.121951 0.123794 0.93914 -0.320456 0.497277 0.00999811 0.321743 0.946774 -0.0497783 0 0 0 1 
26456013410112;0.40276;0.115224;0.994507 -0.00969206 0.104218 -0.145109 -0.00865958 0.984671 0.174207 -0.0864536 -0.104309 -0.174153 0.979178 -0.234277 0 0 0 1 
26456013410113;0.220143;0.0667654;0.988059 0.151834 -0.0261796 0.0123549 -0.151917 0.988392 -0.00122451 0.0532277 0.0256898 0.00518702 0.999657 0.100467 0 0 0 1 
26456013410114;0.883586;0.408446;0.970808 -0.136976 0.196899 -0.53183 0.117067 0.987072 0.109471 -0.0423179 -0.209348 -0.0832254 0.974293 0.297449 0 0 0 1 
26456013410115;0.901703;0.143885;0.998887 -0.0138736 -0.0450888 -0.0400578 0.0214478 0.984843 0.172117 0.0923713 0.0420175 -0.172893 0.984044 0.755196 0 0 0 1 
26456013410116;0.0971774;0.102734;0.999742 0.000360195 0.022699 -0.0694187 -0.00133511 0.999076 0.0429491 0.100693 -0.0226626 -0.0429683 0.998819 0.0341568 0 0 0 1 
26456013410117;0.308242;0.0916277;0.999584 0.0235519 0.0166417 -0.0161573 -0.0249579 0.995624 0.0900529 0.103194 -0.014448 -0.0904308 0.995798 -0.164437 0 0 0 1 
26456013410118;0.617996;0.0851354;0.940979 -0.283669 0.184636 -0.410931 0.289445 0.957184 -0.0045424 0.211362 -0.175442 0.0577163 0.982796 -0.292831 0 0 0 1 
26456013410119;0.836682;0.483007;0.987257 -0.148649 -0.0568138 -0.0510673 0.150614 0.988074 0.0320144 0.307882 0.0513773 -0.0401634 0.997871 -0.759337 0 0 0 1 
26456013410120;1.27194;0.293876;0.997433 0.0370689 -0.061271 0.445284 -0.0307961 0.994478 0.100328 0.299494 0.0646517 -0.0981832 0.993066 -0.771259 0 0 0 1 
26456013410121;0.539915;0.425909;0.954917 -0.282639 -0.0908256 0.202614 0.280918 0.959216 -0.0314675 0.362314 0.0960153 0.00453429 0.99537 -0.416955 0 0 0 1 
26456013410122;0.715537;0.16156;0.99808 0.00491478 -0.0617483 0.107296 -0.00548641 0.999944 -0.0090912 0.265443 0.0617001 0.00941252 0.99805 -0.526309 0 0 0 1 
26456013410124;1.54152;0.552705;0.924399 0.361331 -0.122173 -0.255763 -0.368095 0.929032 -0.037476 -0.316125 0.0999614 0.0796141 0.991801 0.200113 0 0 0 1 
26456013410125;0.0901978;0.0829945;0.99732 0.0730694 -0.00373852 0.0473883 -0.0731435 0.996963 -0.0267216 -0.0830474 0.00177463 0.0269235 0.999636 0.0100934 0 0 0 1 
26456013410126;2.04591;0.111844;0.950219 0.275057 -0.14638 0.127187 -0.257179 0.957592 0.129908 -0.279336 0.175905 -0.0857953 0.980661 -0.709871 0 0 0 1 
26456013410127;0.892171;0.16829;0.997072 0.048295 0.0592914 0.0597108 -0.0490796 0.998725 0.0118472 0.351081 -0.0586436 -0.0147225 0.99817 -0.169371 0 0 0 1 
26456013410128;1.22747;0.143596;0.999525 0.0307971 -0.00110333 -0.145584 -0.0308072 0.997676 -0.0607708 0.0982136 -0.000770796 0.0607759 0.998151 -0.542443 0 0 0 1 
26456013410129;0.476134;0.0872696;0.972509 0.115179 0.202388 -0.12481 -0.103472 0.992337 -0.0675361 -0.217932 -0.208615 0.044738 0.976974 -0.116347 0 0 0 1 
26456013410130;2.09219;0.0942327;0.975587 0.195633 0.0997926 0.239202 -0.19601 0.980583 -0.00611695 0.103135 -0.0990516 -0.0135927 0.994989 0.728539 0 0 0 1 
26456013410131;1.46172;0.132866;0.998105 0.0613624 0.0045239 -0.325256 -0.0611948 0.99765 -0.0308131 -0.203677 -0.00640404 0.0304779 0.999515 0.601762 0 0 0 1 
26456013410132;0.769284;0.204127;0.99234 -0.0494556 0.113203 -0.209465 0.0295781 0.984833 0.170967 0.0679866 -0.119941 -0.166309 0.978752 0.0408235 0 0 0 1 
26456013410133;1.34603;0.180672;0.999317 0.0347635 0.0125213 -0.0430245 -0.0352549 0.998519 0.0414325 0.283084 -0.0110625 -0.0418456 0.999063 0.502871 0 0 0 1 
26456013410134;1.62064;0.258549;0.988552 -0.100342 0.112679 0.180889 0.106188 0.993229 -0.0471168 0.465736 -0.107188 0.0585425 0.992514 -0.77583 0 0 0 1 
26456013410135;0.477389;0.0781548;0.996706 0.0709314 0.0393262 0.0221383 -0.0705388 0.997445 -0.0112844 0.00842457 -0.0400261 0.00847316 0.999163 -0.262114 0 0 0 1 
26456013410136;1.0412;0.19362;0.977036 -0.190163 -0.0961133 -0.521644 0.194635 0.980083 0.0394352 0.467453 0.0866999 -0.0572367 0.994589 0.289763 0 0 0 1 
26456013410137;1.90811;0.199383;0.995176 -0.0959099 0.0206402 -0.00728175 0.0969145 0.993775 -0.054952 0.0815091 -0.0152413 0.0566872 0.998276 0.896608 0 0 0 1 
26456013410138;0.964836;0.0711244;0.978793 0.194746 -0.0635533 0.0605191 -0.200419 0.974559 -0.100339 -0.272036 0.0423957 0.110949 0.992921 0.586979 0 0 0 1 
26456013410139;1.47225;0.826173;0.936645 0.309258 -0.164485 0.436768 -0.336877 0.923965 -0.181114 -0.5095 0.0959673 0.225051 0.969609 0.00326001 0 0 0 1 
26456013410140;1.16137;0.305851;0.992459 0.122549 -0.00259015 0.25085 -0.122575 0.992142 -0.0250998 -0.517205 -0.00050615 0.025228 0.999682 0.198691 0 0 0 1 
26456013410141;0.944233;0.146485;0.9887 0.149903 0.00132481 -0.0830926 -0.1499 0.988502 0.0198384 -0.573845 0.00166426 -0.0198128 0.999802 -0.222317 0 0 0 1 
26456013410142;1.84842;0.42589;0.952783 0.148115 -0.265078 -0.487468 -0.193358 0.969041 -0.153533 -0.344152 0.234131 0.197539 0.951925 0.533012 0 0 0 1 
26456013410143;0.46443;0.0952698;0.95847 0.282656 0.0379702 0.0167048 -0.285074 0.953407 0.0987366 -0.461616 -0.00829255 -0.10546 0.994389 0.114353 0 0 0 1 
26456013410144;0.759937;0.0455194;0.974178 -0.0891799 -0.207422 -0.0997197 0.0283319 0.95971 -0.279559 0.445875 0.223996 0.266464 0.937456 0.335182 0 0 0 1 
26456013410145;0.437138;0.2223;0.988705 -0.0364819 0.14537 -0.139322 0.00343181 0.975179 0.221389 0.0176906 -0.149839 -0.21839 0.96429 -0.291862 0 0 0 1 
26456013410146;1.81332;0.259329;0.998514 0.0543104 -0.00458706 -0.358646 -0.0540624 0.997603 0.0432003 0.0742427 0.00692229 -0.0428881 0.999056 0.687689 0 0 0 1 
26456013410147;0.897776;0.258546;0.998122 0.0394919 0.0468349 0.248209 -0.0292587 0.978963 -0.201929 -0.0529707 -0.0538242 0.20018 0.97828 0.147432 0 0 0 1 
26456013410148;0.647101;0.201009;0.992179 -0.121873 -0.0269621 -0.18216 0.123841 0.988156 0.0906102 0.0115823 0.0155999 -0.0932406 0.995521 0.201378 0 0 0 1 
26456013410149;0.510162;0.0712952;0.896854 0.437759 -0.0634026 -0.0571671 -0.441431 0.894914 -0.0653306 -0.57214 0.0281408 0.0865799 0.995847 0.126711 0 0 0 1 
26456013410150;1.62937;0.10838;0.941635 -0.0397278 0.334284 -0.0528938 0.158576 0.928284 -0.336366 0.966143 -0.296947 0.369743 0.880405 -0.673721 0 0 0 1 
26456013410151;0.991097;0.0820293;0.966885 -0.185261 0.175533 -0.426158 0.208423 0.970126 -0.124158 0.34602 -0.147288 0.156631 0.976613 -0.572298 0 0 0 1 
26456013410152;0.386143;0.0873991;0.99698 0.0738083 -0.0241402 0.0251973 -0.0737658 0.997272 0.00264736 0.0137915 0.0242697 -0.000858649 0.999705 -0.12275 0 0 0 1 
26456013410153;1.24713;0.0688421;0.934484 0.353157 0.044942 -0.243766 -0.354714 0.934387 0.033132 -0.286433 -0.0302924 -0.0469029 0.99844 0.323912 0 0 0 1 
26456013410155;0.44177;0.251051;0.992736 0.0972815 0.070788 -0.0628013 -0.0805871 0.974559 -0.209143 -0.105981 -0.0893329 0.201919 0.97532 -0.0670243 0 0 0 1 
26456013410156;0.559197;0.788953;0.993258 -0.106234 -0.0464052 -0.401176 0.106593 0.994288 0.00533628 0.0206219 0.0455733 -0.0102468 0.998908 -0.0142041 0 0 0 1 
26456013410157;0.798739;0.537533;0.999022 0.0387234 -0.0213481 0.187629 -0.0383793 0.99913 0.0162987 -0.223242 0.0219607 -0.0154634 0.999639 -0.251778 0 0 0 1 
26456013410158;0.506235;0.200136;0.98804 0.0899594 0.125238 0.0858724 -0.0720801 0.987436 -0.140621 0.317341 -0.136315 0.129912 0.982111 -0.278747 0 0 0 1 
26456013410159;0.771683;0.27556;0.999409 0.0319576 -0.01265 0.202833 -0.0338534 0.978869 -0.201667 0.65708 0.00593787 0.201976 0.979372 0.0910215 0 0 0 1 
26456013410160;0.731372;0.299206;0.997463 -0.0566074 -0.0431664 0.0890765 0.0547689 0.997588 -0.0426463 0.238917 0.0454764 0.0401739 0.998157 -0.549298 0 0 0 1 
26456013410161;0.152345;0.0728115;0.997529 0.0196457 0.0674563 -0.0737187 -0.0160738 0.99846 -0.0530923 0.0182776 -0.0683955 0.0518768 0.996309 -0.184534 0 0 0 1 
26456013410162;0.843744;0.464646;0.932842 -0.0483384 -0.357027 0.22339 0.0430552 0.998814 -0.0227361 0.526545 0.357703 0.00583738 0.933817 0.760211 0 0 0 1 
26456013410163;0.17304;0.080169;0.994602 -0.0346958 -0.0977876 0.0375762 0.0202087 0.989164 -0.14542 0.144551 0.101773 0.142659 0.984526 0.160859 0 0 0 1 
26456013410164;1.05704;0.116726;0.99544 -0.0327409 -0.0895988 0.043487 0.0353924 0.998977 0.0281657 -0.0535839 0.0885849 -0.0312084 0.99558 -0.890459 0 0 0 1 
26456013410165;1.01882;1.02227;0.990975 -0.112797 -0.0724195 -0.63383 0.119103 0.988828 0.089633 0.512808 0.0615001 -0.0974495 0.993338 0.116272 0 0 0 1 
26456013410166;0.386158;0.0426325;0.968517 -0.00851309 -0.248801 0.401863 -0.069933 0.949867 -0.304733 0.415564 0.238922 0.312538 0.919367 0.117 0 0 0 1 
26456013410167;0.362618;0.238959;0.995066 0.0201825 -0.0971444 -0.149156 0.0229349 0.905788 0.42311 -0.500809 0.0965317 -0.42325 0.900856 0.0948266 0 0 0 1 
26456013410168;0.272737;0.11278;0.960146 -0.0325679 -0.277596 0.158628 0.0397375 0.999005 0.0202393 -0.150911 0.276661 -0.0304636 0.960485 0.109317 0 0 0 1 
26456013410169;0.677811;0.209249;0.998045 -0.0442321 -0.0441603 -0.137065 0.0439542 0.999007 -0.00724379 -0.242854 0.0444369 0.0052886 0.998998 0.481137 0 0 0 1 
26456013410170;0.704368;0.263043;0.999216 0.0395554 -0.00150453 0.0742002 -0.0395151 0.998998 0.021025 -0.623709 0.00233467 -0.0209491 0.999778 0.0864152 0 0 0 1 
26456013410171;1.02478;0.610515;0.968526 -0.104496 -0.225916 -0.136924 0.116752 0.992292 0.0415474 0.045182 0.219833 -0.0666158 0.97326 0.0224697 0 0 0 1 
26456013410172;0.366617;0.0964288;0.981066 -0.0170968 -0.192916 0.125048 0.0298641 0.997537 0.063468 -0.0488707 0.191356 -0.0680275 0.97916 -0.139012 0 0 0 1 
26456013410173;0.895873;0.31429;0.99964 0.0263471 0.00498007 -0.170314 -0.0264759 0.999261 0.0278726 -0.41115 -0.00424203 -0.0279945 0.999599 0.455899 0 0 0 1 
26456013410174;0.457447;0.263608;0.999137 -0.0400385 -0.0110173 -0.20424 0.0398782 0.999101 -0.0144054 0.231993 0.0115841 0.0139536 0.999836 0.0142325 0 0 0 1 
26456013410175;0.623034;0.0804197;0.999338 -0.0190105 -0.0310101 -0.0283207 0.0201428 0.999126 0.0366185 -0.0141141 0.0302868 -0.0372189 0.998848 -0.537118 0 0 0 1 
26456013410176;0.235307;0.174168;0.995346 -0.041569 -0.086942 -0.10018 0.0409987 0.999124 -0.00833581 0.0887282 0.0872123 0.0047325 0.996179 0.0533671 0 0 0 1 
26456013410177;0.877512;0.41095;0.99997 0.0040724 0.00655854 0.02465 -0.0040674 0.999991 -0.00077534 0.634808 -0.00656164 0.000748641 0.999978 0.0263948 0 0 0 1 
26456013410178;0.197683;0.0488181;0.998309 -0.0270368 -0.0514546 -0.0673082 0.0278327 0.999503 0.014815 0.124709 0.0510285 -0.0162221 0.998565 -0.0491273 0 0 0 1 
26456013410179;0.15124;0.0668637;0.997953 -0.00450905 0.0637891 -0.0488106 -0.00346715 0.992229 0.124379 -0.0560813 -0.0638542 -0.124346 0.990182 0.00661628 0 0 0 1 
26456013410180;0.554153;0.314473;0.999547 0.0294398 0.0061918 0.132769 -0.0275973 0.979234 -0.200845 0.36746 -0.0119761 0.200584 0.979603 -0.0333713 0 0 0 1 
26456013410181;0.475904;0.0783614;0.999873 0.00883525 0.013226 -0.0620932 -0.0127047 0.943931 0.329899 -0.68399 -0.00956972 -0.330026 0.943923 -0.0422412 0 0 0 1 
26456013410182;0.72307;0.4841;0.998974 -0.0211256 0.0400651 -0.170401 0.025241 0.994134 -0.105165 0.133537 -0.0376085 0.106068 0.993647 0.252735 0 0 0 1 
26456013410183;0.714484;0.144019;0.99974 0.0203075 0.0103609 -0.217032 -0.0152836 0.934226 -0.356354 0.129392 -0.016916 0.356103 0.934293 0.453071 0 0 0 1 
26456013410184;0.435457;0.270164;0.999488 0.014576 0.0284825 0.0130812 -0.0133398 0.998981 -0.0431212 0.195282 -0.029082 0.0427191 0.998664 -0.203426 0 0 0 1 
26456013410186;2.57906;1.65056;0.977615 0.171204 -0.122301 0.0902547 -0.174738 0.984437 -0.0186959 -0.73438 0.117197 0.039648 0.992317 -0.326757 0 0 0 1 
26456013410187;0.634766;0.235994;0.983589 -0.178546 -0.0259725 0.250236 0.169237 0.962891 -0.210238 0.484255 0.0625459 0.202392 0.977305 -0.106955 0 0 0 1 
26456013410188;1.09866;0.1572;0.972743 -0.0947437 -0.211647 0.243844 0.164503 0.925231 0.341886 -0.228144 0.163431 -0.367383 0.915598 0.13019 0 0 0 1 
26456013410189;0.60767;0.486187;0.991147 0.131396 -0.0190598 -0.0539681 -0.12048 0.950399 0.286752 -0.284023 0.0557925 -0.281917 0.957815 0.23483 0 0 0 1 
26456013410190;1.29465;1.32622;0.960812 -0.27494 -0.0353334 -0.0226016 0.134737 0.35181 0.926324 0.20178 -0.242253 -0.894784 0.375068 0.0989899 0 0 0 1 
26456013410191;1.28532;1.02312;0.900758 -0.418136 0.117461 0.0519359 0.430329 0.895804 -0.111139 0.53615 -0.0587503 0.150657 0.986839 -0.433145 0 0 0 1 
26456013410192;1.88351;2.19674;0.358268 -0.0585166 -0.931783 -0.895289 -0.44869 0.864428 -0.226807 -0.654137 0.818732 0.499339 0.283441 1.86859 0 0 0 1 
26456013410193;1.11745;0.692808;0.990489 -0.125191 0.0570828 -0.114592 0.0858318 0.886452 0.454791 -0.232694 -0.107537 -0.445566 0.888767 -0.0702601 0 0 0 1 
26456013410194;2.37375;0.356974;0.97168 -0.235833 -0.0148329 0.422564 0.230536 0.959892 -0.159566 -0.125516 0.0518688 0.151627 0.987076 -0.377108 0 0 0 1 
26456013410195;1.70586;0.717064;0.998176 -0.0601915 0.00471196 0.121496 0.0546715 0.934228 0.352463 -0.629842 -0.0256173 -0.351562 0.935814 -0.251702 0 0 0 1 
26456013410196;0.514644;0.252522;0.999416 -0.0330396 0.00877244 0.0702647 0.0326892 0.998763 0.0374636 0.0850861 -0.00999938 -0.037155 0.999259 0.147533 0 0 0 1 
26456013410197;2.7645;2.59907;0.767878 -0.601639 0.219985 -0.41216 0.599193 0.796024 0.0855185 1.08378 -0.226564 0.0661454 0.971748 -0.127202 0 0 0 1 
26456013410198;2.3433;0.327954;0.986898 -0.143695 -0.0733736 0.364204 0.148066 0.987272 0.0580579 -0.539826 0.0640971 -0.0681613 0.995613 0.312006 0 0 0 1 
26456013410199;2.04036;0.703561;0.992739 -0.0320591 -0.115936 0.277047 0.0762916 0.912978 0.400812 -0.743708 0.0929969 -0.406747 0.908795 -0.0427799 0 0 0 1 
26456013410200;2.25828;2.24922;0.982261 -0.166627 0.0860194 -0.0573644 0.183759 0.946729 -0.264457 0.498922 -0.0373714 0.275572 0.960554 -0.106676 0 0 0 1 
26456013410201;2.32984;0.834253;0.937054 -0.204813 0.28281 -0.545708 0.0865897 0.920913 0.380028 0.131597 -0.338279 -0.331618 0.88068 -0.647958 0 0 0 1 
26456013410202;0.574695;0.0886327;0.999168 -0.0173136 -0.0369239 -0.0349875 0.0193503 0.998269 0.0555348 0.12952 0.0358985 -0.056203 0.997774 0.197525 0 0 0 1 
26456013410203;2.04835;0.400055;0.976342 -0.10053 0.191441 0.0900889 0.0553249 0.972023 0.228277 -0.604738 -0.209034 -0.212285 0.954589 -0.0123042 0 0 0 1 
26456013410204;0.669991;0.162748;0.995986 -0.087696 0.0179489 0.0986968 0.0768175 0.940298 0.331569 -0.167015 -0.0459546 -0.328859 0.94326 -0.0878578 0 0 0 1 
26456013410205;0.908947;0.107162;0.99815 -0.0551843 -0.0255142 -0.0556215 0.0565273 0.996868 0.0553142 0.337995 0.0223818 -0.0566541 0.998143 -0.0383333 0 0 0 1 
26456013410206;1.79634;1.59217;0.931727 -0.360081 -0.0471761 0.16868 0.350047 0.925069 -0.147356 0.419267 0.0967014 0.120782 0.987958 -0.219716 0 0 0 1 
26456013410207;0.232642;0.153495;0.999028 -0.0392902 -0.0199592 0.0476888 0.04047 0.997217 0.0626209 0.108163 0.0174433 -0.0633678 0.997838 -0.00791346 0 0 0 1 
26456013410208;2.37807;0.996105;0.978351 -0.0143854 0.206451 -0.294442 -0.0465187 0.956766 0.287115 -0.724973 -0.201655 -0.290504 0.935384 -0.678844 0 0 0 1 
26456013410209;2.64335;0.143662;0.983235 -0.176695 0.0450219 0.493974 0.170041 0.977671 0.123477 -0.647725 -0.0658343 -0.113751 0.991326 -0.202427 0 0 0 1 
26456013410210;2.26073;0.88035;0.991288 -0.110165 0.0721994 -0.111489 0.0680101 0.897519 0.435699 -0.237232 -0.112799 -0.426993 0.897192 -0.480148 0 0 0 1 
26456013410211;1.42407;0.840499;0.978778 -0.204165 0.0176396 0.0819962 0.204576 0.978506 -0.0259732 0.55601 -0.0119576 0.0290306 0.999507 -0.182876 0 0 0 1 
26456013410212;1.48789;0.97518;0.931454 -0.317475 -0.17777 0.0341666 0.335426 0.938544 0.0813965 0.326513 0.141003 -0.135446 0.9807 0.0929383 0 0 0 1 
26456013410213;1.60061;0.748273;0.978133 -0.0504441 -0.20177 0.330906 0.0849546 0.982421 0.166226 0.282216 0.189838 -0.179733 0.965224 0.345266 0 0 0 1 
26456013410214;1.7042;1.22483;0.752541 -0.65846 0.0105737 -0.11594 0.6549 0.746592 -0.117069 1.52043 0.0691908 0.0950236 0.993068 0.361776 0 0 0 1 
26456013410215;0.754244;0.535471;0.999115 0.0176464 0.0381688 0.0068758 -0.0226299 0.990675 0.13435 -0.161618 -0.0354421 -0.135095 0.990199 -0.0946747 0 0 0 1 
26456013410217;1.32332;1.77652;0.955834 0.269234 -0.117874 -0.188339 -0.248189 0.954216 0.166954 -0.306227 0.157427 -0.130325 0.978893 0.0422691 0 0 0 1 
26456013410218;1.34012;1.69769;0.987642 0.0418228 -0.151046 -0.0524291 0.00321623 0.958128 0.286323 -0.245878 0.156697 -0.28327 0.946152 0.199348 0 0 0 1 
26456013410219;0.65608;0.633051;0.966828 0.245153 0.0717194 -0.152037 -0.234336 0.963034 -0.132858 0.0399657 -0.101639 0.111645 0.988537 -0.160045 0 0 0 1 
26456013410220;1.46371;1.30279;0.998564 -0.0105901 0.0525233 -0.0370517 0.00480445 0.994021 0.10908 0.0553658 -0.0533644 -0.108671 0.992644 0.0653136 0 0 0 1 
26456013410221;1.60635;1.91906;0.989315 -0.0297676 -0.142723 0.0146561 0.0585996 0.977568 0.202306 0.0282645 0.133499 -0.208507 0.968867 0.172952 0 0 0 1 
26456013410222;2.32392;1.02781;0.987178 0.15937 0.00895062 -0.0688333 -0.115541 0.752129 -0.648809 0.694477 -0.110133 0.639456 0.760899 -1.15024 0 0 0 1 
26456013410223;1.20647;0.982645;0.990662 0.136107 -0.00793765 -0.0279129 -0.133516 0.980295 0.145585 0.0582586 0.0275963 -0.143165 0.989314 0.108422 0 0 0 1 
26456013410224;0.781646;0.0886768;0.942997 0.136722 0.30342 -0.421276 -0.200804 0.960804 0.191137 -0.233639 -0.265395 -0.241169 0.93349 -0.361504 0 0 0 1 
26456013410225;1.91639;1.40828;0.977587 0.192363 0.0855584 -0.19637 -0.111461 0.128128 0.985474 -1.61758 0.178607 -0.972923 0.146698 1.47414 0 0 0 1 
26456013410226;0.740714;0.711662;0.97516 0.212328 0.0630804 -0.0903649 -0.213894 0.97667 0.0191293 -0.04909 -0.057547 -0.0321467 0.997825 -0.0329308 0 0 0 1 
26456013410227;0.854149;0.795805;0.999975 0.00518758 -0.00483312 -0.00253061 -0.00543778 0.998565 -0.0532795 -0.0449107 0.0045498 0.0533045 0.998568 -0.0120582 0 0 0 1 
26456013410228;0.477964;0.0981035;0.965472 -0.105824 -0.238044 0.201517 0.0489584 0.971199 -0.233186 0.319059 0.255865 0.213481 0.942846 0.0544548 0 0 0 1 
26456013410229;0.488387;0.10654;0.901662 -0.193442 -0.386764 0.351879 0.255299 0.959995 0.115031 -0.0123951 0.349039 -0.202459 0.914976 0.352308 0 0 0 1 
26456013410230;0.907029;0.0482682;0.995007 0.0993453 -0.00961161 -0.0125059 -0.0989827 0.994548 0.0328028 0.126722 0.012818 -0.0316877 0.999416 -0.263044 0 0 0 1 
26456013410231;2.37848;0.108534;0.973228 -0.138432 -0.183478 0.315291 0.195421 0.918591 0.343513 -0.453725 0.120988 -0.370172 0.921051 -0.616548 0 0 0 1 
26456013410232;0.758672;0.1146;0.999289 0.0300834 0.0227195 0.159008 -0.0301729 0.999538 0.00360558 -0.0250944 -0.0226005 -0.00428853 0.999735 -0.238053 0 0 0 1 
26456013410233;0.876115;0.106507;0.996701 -0.0770703 0.0254379 -0.00709292 0.0751985 0.994863 0.0677722 0.344849 -0.0305304 -0.0656357 0.997376 0.0590416 0 0 0 1 
26456013410234;0.436918;0.0606022;0.987935 0.144211 0.0564573 -0.133138 -0.15468 0.936805 0.313801 -0.439062 -0.00763601 -0.318748 0.947809 0.307301 0 0 0 1 
26456013410235;0.42537;0.0704409;0.926794 -0.0226185 0.374887 -0.391972 0.055846 0.995387 -0.0780063 0.0388144 -0.371394 0.0932317 0.923783 -0.347784 0 0 0 1 
26456013410236;1.61117;1.25797;0.962239 0.254648 0.0961818 -0.229316 -0.184573 0.350661 0.918134 -1.43921 0.200074 -0.901216 0.384421 0.990555 0 0 0 1 
26456013410237;1.76467;1.34526;0.939333 0.186049 0.288165 -0.22164 -0.2968 0.861992 0.41095 -0.521466 -0.171939 -0.471546 0.864917 -0.0158455 0 0 0 1 
26456013410238;1.19544;0.268316;0.960412 0.278051 0.0172367 0.0320135 -0.250597 0.835241 0.489463 -0.550631 0.121699 -0.474405 0.871854 0.00238982 0 0 0 1 
26456013410239;0.73293;0.17129;0.897942 -0.365097 -0.245774 0.281568 0.393377 0.916216 0.0761763 0.229514 0.19737 -0.165084 0.966329 0.0233073 0 0 0 1 
26456013410240;1.79116;1.98455;0.987897 0.0358565 -0.150909 0.0211208 -0.0471889 0.996274 -0.0721948 -0.00108743 0.147758 0.0784423 0.985908 0.0496627 0 0 0 1 
26456013410241;1.92987;1.19293;0.995051 -0.0197622 0.0973831 0.21034 0.0241782 0.998722 -0.0443768 0.0452978 -0.0963817 0.0465117 0.994257 0.051712 0 0 0 1 
26456013410242;1.40722;0.0563382;0.937845 0.266077 0.222824 -0.305844 -0.331649 0.876271 0.349512 -0.37389 -0.102257 -0.401687 0.91005 -0.410306 0 0 0 1 
26456013410243;0.583238;0.0910789;0.92417 -0.342774 0.16857 -0.154494 0.363717 0.924485 -0.114182 0.338063 -0.116702 0.166835 0.979054 -0.237745 0 0 0 1 
26456013410244;0.533279;0.0608832;0.996811 0.0486278 0.0632722 -0.0521953 -0.0484592 0.998816 -0.00419715 0.0233442 -0.0634014 0.00111765 0.997987 0.167029 0 0 0 1 
26456013410245;0.736282;0.0733244;0.962464 -0.186175 0.19749 -0.274069 0.226168 0.952405 -0.204383 0.295471 -0.15004 0.241377 0.958762 0.0719775 0 0 0 1 
26456013410246;1.05866;0.684856;0.990284 -0.0996069 0.0970374 0.00348839 0.120027 0.96462 -0.234737 0.144692 -0.0702228 0.244103 0.967203 -0.294178 0 0 0 1 
26456013410248;1.23759;0.928187;0.989851 0.0607074 -0.128491 -0.149973 0.0482941 0.706652 0.705911 0.146814 0.133652 -0.704952 0.696548 1.03402 0 0 0 1 
26456013410249;1.46586;0.727907;0.83867 0.469725 0.275664 -0.491228 -0.42951 0.881634 -0.19556 -0.850778 -0.334894 0.0456098 0.941151 0.0657351 0 0 0 1 
26456013410250;0.412958;0.284159;0.988903 -0.14305 -0.0400961 -0.202453 0.137353 0.983206 -0.12017 0.274235 0.0566129 0.113329 0.991943 0.187274 0 0 0 1 
26456013410251;1.34871;0.361731;0.983416 0.167753 0.0689388 -0.158004 -0.16478 0.985219 -0.0468009 -0.329552 -0.0757709 0.034665 0.996523 0.762706 0 0 0 1 
26456013410252;1.49487;0.752091;0.987482 0.105169 -0.117556 0.135495 -0.0330563 0.866712 0.497712 -0.680965 0.154231 -0.487596 0.859339 -0.250347 0 0 0 1 
26456013410253;0.288077;0.306615;0.972292 0.232665 -0.0227067 -0.121023 -0.233658 0.970246 -0.0634512 -0.480367 0.00726818 0.0669986 0.997727 -0.186962 0 0 0 1 
26456013410254;0.399182;0.30351;0.941373 0.325016 0.0904515 -0.313806 -0.3179 0.944333 -0.0847026 -0.461427 -0.112946 0.0509823 0.992292 -0.328462 0 0 0 1 
26456013410255;1.26559;0.734948;0.993364 0.110618 -0.0314822 -0.48041 -0.114044 0.911983 -0.394056 -0.269391 -0.0148783 0.395032 0.918547 0.443713 0 0 0 1 
26456013410256;0.836061;0.652063;0.972738 0.148061 -0.17849 0.12121 -0.149862 0.988701 0.00342741 -0.25464 0.176981 0.023415 0.983936 0.100089 0 0 0 1 
26456013410257;1.31918;0.531214;0.966827 0.224394 -0.122032 -0.327427 -0.208851 0.969521 0.128102 -0.971313 0.147059 -0.0983663 0.984224 -0.0397757 0 0 0 1 
26456013410258;1.48742;1.14099;0.968475 -0.232563 -0.0892812 0.0693848 0.246594 0.945822 0.211213 0.301621 0.0353238 -0.226571 0.973354 0.403715 0 0 0 1 
26456013410259;1.01942;0.301486;0.853023 0.518444 -0.0597286 -0.744493 -0.510062 0.852451 0.114735 -0.513237 0.1104 -0.0674067 0.991599 0.251386 0 0 0 1 
26456013410260;0.460663;0.19287;0.904012 0.365552 -0.221662 -0.128523 -0.285673 0.902283 0.322919 -0.610598 0.318045 -0.2286 0.920103 0.727769 0 0 0 1 
