#;prob_registration_l1 -r /home/probabilistic_point_clouds_registration/build/tester /home/point_clouds_registration_benchmark//devel/registration_pairs/p2at_met_local.txt /home/point_clouds_registration_benchmark//planetary/p2at_met -s 0.2 -t 0.2 -p 0.3 -r 1000 -m 15 -i 40 
id;initial_error;final_error;transformation
27844314100000;0.368279;0.338331;0.99948 6.67007e-05 0.0322502 0.059989 -0.00456462 0.990223 0.139416 -0.0779178 -0.0319256 -0.139491 0.989709 -8.33502 0 0 0 1 
27844314100001;0.325629;0.148172;0.987635 0.0295217 -0.153967 0.894969 -0.000665933 0.982891 0.184188 -0.305327 0.156771 -0.181808 0.970757 -7.71365 0 0 0 1 
27844314100002;0.342132;0.127966;0.931702 -0.0403254 0.360978 -2.67565 -0.0649916 0.959271 0.274908 -2.91545 -0.357362 -0.279593 0.891134 -24.704 0 0 0 1 
27844314100003;0.135271;0.118793;0.995097 -0.011676 0.0982076 -0.443374 -0.00560452 0.984753 0.173866 -0.301319 -0.0987403 -0.173564 0.97986 -12.5731 0 0 0 1 
27844314100004;0.89077;0.703546;0.985686 0.0427407 -0.163082 1.58089 0.000277734 0.966917 0.25509 -0.934611 0.168589 -0.251484 0.953065 -12.1678 0 0 0 1 
27844314100005;0.300669;0.25157;0.934646 0.0487437 -0.352222 0.0969866 -0.00366163 0.991826 0.127542 -0.0536244 0.35556 -0.117917 0.927186 1.13893 0 0 0 1 
27844314100006;0.461976;0.415628;0.999911 0.012293 0.00519524 0.804381 -0.0124622 0.999348 0.0338857 -0.145452 -0.00477529 -0.0339475 0.999412 -1.9412 0 0 0 1 
27844314100007;1.17629;0.993774;0.999318 0.0162013 0.0331733 1.06741 -0.0191098 0.995819 0.0893254 -0.268451 -0.0315874 -0.0898985 0.99545 -4.69843 0 0 0 1 
27844314100008;0.519074;0.422609;0.999885 0.0143977 0.00470837 0.865303 -0.0145568 0.999256 0.0357173 -0.251518 -0.00419062 -0.0357817 0.999351 -1.57257 0 0 0 1 
27844314100009;0.482706;0.466668;0.993122 -0.0171246 0.115823 -0.843327 0.0227259 0.998626 -0.0472139 0.265205 -0.114856 0.0495213 0.992147 0.154448 0 0 0 1 
27844314100010;0.848926;0.0768521;0.998976 0.0287766 -0.0349077 1.72781 -0.0223588 0.984841 0.172011 -0.786846 0.0393284 -0.171054 0.984476 -11.2473 0 0 0 1 
27844314100011;0.370547;0.282851;0.981194 -0.00150161 -0.19302 -1.23928 -0.0100935 0.998203 -0.0590747 -0.591041 0.192761 0.059912 0.979415 8.45716 0 0 0 1 
27844314100012;1.02719;0.422321;0.991717 0.00357662 -0.128393 -0.675496 -0.0091288 0.999047 -0.0426813 -0.434206 0.128118 0.0434999 0.990805 7.78504 0 0 0 1 
27844314100013;0.818365;0.733808;0.99877 0.0185874 -0.0459623 1.00904 -0.0140577 0.995187 0.096982 -0.333596 0.0475437 -0.0962167 0.994224 -5.36494 0 0 0 1 
27844314100014;0.722224;0.273914;0.998383 0.00175404 -0.0568134 0.0132482 -0.00139727 0.999979 0.00631881 -0.0339289 0.0568233 -0.00622921 0.998365 -0.856735 0 0 0 1 
27844314100015;1.11358;0.645622;0.999524 -0.00214621 -0.0307789 0.0626814 0.00138195 0.999691 -0.0248303 -0.0640282 0.0308227 0.0247759 0.999218 -0.31022 0 0 0 1 
27844314100016;0.370882;0.0746069;0.992771 -0.015156 0.119063 -0.674293 0.0632422 0.90917 -0.411596 -5.24025 -0.10201 0.41615 0.903556 21.7434 0 0 0 1 
27844314100017;0.341055;0.243604;0.995532 -0.0014724 -0.0944148 -0.607366 0.00498958 0.999302 0.0370272 0.360527 0.0942944 -0.0373329 0.994844 0.125607 0 0 0 1 
27844314100018;0.853373;0.274413;0.999552 0.00611887 0.0293074 0.559283 -0.00618782 0.999978 0.00226251 -0.0701968 -0.0292929 -0.00244284 0.999568 -2.96733 0 0 0 1 
27844314100019;0.871961;0.0943795;0.999966 0.00615687 0.00545704 0.579153 -0.00601198 0.999639 -0.0261824 -0.180088 -0.00561628 0.0261487 0.999642 -0.948851 0 0 0 1 
27844314100020;0.613803;0.62598;0.996559 0.0267766 -0.0784456 1.19194 -0.00783513 0.972578 0.232444 -0.793321 0.0825186 -0.231029 0.969441 -12.0303 0 0 0 1 
27844314100021;0.300355;0.0882395;0.948403 -0.0166368 -0.316632 -3.39692 -0.00264068 0.998173 -0.0603567 -0.435015 0.317057 0.0580786 0.946626 10.8647 0 0 0 1 
27844314100022;0.628187;0.0716428;0.999952 0.00687918 0.00704651 0.557433 -0.00672186 0.999733 -0.0221126 -0.220708 -0.00719675 0.0220642 0.999731 -0.592429 0 0 0 1 
27844314100023;0.278091;0.0844902;0.996394 0.00702954 0.0845581 0.639129 -0.003404 0.999072 -0.0429444 -0.299801 -0.0847814 0.0425017 0.995493 -0.245084 0 0 0 1 
27844314100024;0.416131;0.285419;0.968956 0.00313263 -0.247211 -1.27442 -0.01277 0.999219 -0.0373907 -0.353973 0.246901 0.0393868 0.96824 7.29385 0 0 0 1 
27844314100025;0.365706;0.32062;0.991923 -0.00575109 -0.126714 -0.94962 0.00546467 0.999982 -0.00260792 0.154995 0.126726 0.00189441 0.991936 2.67314 0 0 0 1 
27844314100026;0.38807;0.178111;0.983246 -0.0106758 0.181971 -0.500635 0.00175217 0.998791 0.049129 0.0409767 -0.182276 -0.0479871 0.982076 -7.93229 0 0 0 1 
27844314100027;0.827287;0.744456;0.98079 -0.0228042 -0.193727 -2.4322 -0.00270118 0.99146 -0.130383 -1.06577 0.195046 0.128402 0.972353 11.6902 0 0 0 1 
27844314100028;0.216847;0.174899;0.993619 -0.0178649 0.111369 -0.890162 0.0318802 0.991598 -0.125366 -0.10387 -0.108194 0.128116 0.98584 4.94535 0 0 0 1 
27844314100029;0.528223;0.400403;0.997056 0.00694074 0.0763564 0.685035 -0.00531089 0.999754 -0.0215277 -0.178757 -0.0764871 0.0210589 0.996848 -1.27907 0 0 0 1 
27844314100031;1.32944;0.651217;0.999724 -0.0184319 -0.0145942 -0.0907606 0.0183701 0.999822 -0.00436236 0.0684755 0.014672 0.00409306 0.999884 2.62316 0 0 0 1 
27844314100032;1.35252;1.02488;0.95003 0.0530795 -0.307614 -1.58363 0.0420512 0.954693 0.294605 1.76334 0.309314 -0.292819 0.904755 6.18754 0 0 0 1 
27844314100033;0.908498;0.526263;0.974349 0.0265652 -0.223468 -0.984729 0.0266742 0.972375 0.231896 1.09787 0.223455 -0.231908 0.946724 4.98696 0 0 0 1 
27844314100034;0.315932;0.265138;0.99994 0.00959807 0.0052476 -0.0933694 -0.00968505 0.999812 0.0168082 -0.171819 -0.00508528 -0.016858 0.999845 -0.158147 0 0 0 1 
27844314100035;0.38412;0.168446;0.999557 -0.00435001 -0.0294421 0.043093 0.00298862 0.998931 -0.0461266 -0.128239 0.0296113 0.0460182 0.998502 -0.472905 0 0 0 1 
27844314100036;0.255516;0.154276;0.996927 0.0216065 0.0753012 -0.023011 -0.0340351 0.985216 0.167905 -0.0604531 -0.0705601 -0.169951 0.982923 -0.133656 0 0 0 1 
27844314100037;0.704806;0.450399;0.999634 -0.0208781 0.0172224 0.219822 0.0231537 0.9892 -0.144731 -0.0301688 -0.0140147 0.145077 0.989321 0.193419 0 0 0 1 
27844314100038;1.02577;0.651887;0.996397 0.0125756 0.0838687 0.0396212 -0.00989091 0.999428 -0.0323491 0.0585267 -0.0842276 0.031403 0.995952 0.661325 0 0 0 1 
27844314100039;0.646323;0.214343;0.99841 -0.00679523 0.0559516 0.0230018 0.0184506 0.977413 -0.21053 -0.135812 -0.0532573 0.211228 0.975985 0.120462 0 0 0 1 
27844314100040;0.526776;0.414503;0.957495 0.00445915 0.288414 -0.201376 0.0053194 0.999437 -0.0331119 -0.242303 -0.2884 0.0332386 0.956933 -4.02598 0 0 0 1 
27844314100041;0.240913;0.17481;0.986769 -0.0266319 -0.159933 -0.295664 0.0173615 0.998102 -0.0590845 -0.00613033 0.161203 0.055526 0.985358 1.8868 0 0 0 1 
27844314100042;1.10623;0.773657;0.999658 -0.00768507 -0.0249914 0.119098 0.00894399 0.998676 0.050659 -0.235955 0.024569 -0.0508652 0.998403 -0.873683 0 0 0 1 
27844314100043;0.537176;0.417694;0.951601 0.025464 0.30628 -0.354472 -0.111074 0.957696 0.265481 -1.08617 -0.286563 -0.286652 0.914173 -3.39557 0 0 0 1 
27844314100044;0.682374;0.400063;0.991088 -0.00648612 0.133053 0.220864 0.0248479 0.990285 -0.136813 0.0699322 -0.130873 0.1389 0.981621 -1.08315 0 0 0 1 
27844314100045;0.577329;0.360043;0.996671 -0.0126626 -0.0805417 -0.0553214 0.00885246 0.998833 -0.0474893 0.135222 0.081049 0.0466182 0.995619 -0.032746 0 0 0 1 
27844314100046;0.842689;0.601694;0.978197 0.024596 -0.206217 -0.8301 0.00410797 0.990476 0.137623 -0.0437684 0.207638 -0.135469 0.96878 3.45833 0 0 0 1 
27844314100047;0.331521;0.326269;0.999719 0.00312218 0.0234879 -0.00514444 -0.00245562 0.999595 -0.0283544 -0.0354158 -0.0235669 0.0282887 0.999322 -0.261657 0 0 0 1 
27844314100048;0.326512;0.244643;0.999711 -0.00471465 0.0235518 0.0861462 0.0061134 0.998199 -0.059676 -0.00305209 -0.0232281 0.0598028 0.99794 -0.0607872 0 0 0 1 
27844314100049;0.286094;0.163325;0.98716 0.00256464 -0.159715 -0.363968 0.00286564 0.999426 0.0337602 0.0232282 0.15971 -0.0337844 0.986586 1.61911 0 0 0 1 
27844314100050;1.23172;0.875618;0.999801 0.00747909 -0.0185012 -0.247386 -0.00714353 0.99981 0.0181374 0.244169 0.0186333 -0.0180016 0.999664 1.83717 0 0 0 1 
27844314100051;0.428034;0.165979;0.999727 -0.00269327 -0.0231991 -0.0389665 0.00229457 0.99985 -0.0171956 -0.0108165 0.0232419 0.0171377 0.999583 1.11101 0 0 0 1 
27844314100052;1.33827;0.911566;0.999542 -0.00791291 -0.0291936 0.218591 0.0113009 0.992975 0.117781 -0.192759 0.0280566 -0.118057 0.99261 -1.03056 0 0 0 1 
27844314100053;1.32669;0.756597;0.970636 -0.00853883 0.240402 0.290656 -0.0285307 0.988229 0.150295 -0.338436 -0.238855 -0.152741 0.958967 -0.316875 0 0 0 1 
27844314100054;0.560805;0.224427;0.990612 -0.00207266 0.136684 0.0621132 -0.00490587 0.998702 0.0506991 -0.207695 -0.136612 -0.0508937 0.989316 -0.427022 0 0 0 1 
27844314100055;0.956315;0.844341;0.999169 -0.000354015 0.0407584 0.0416221 0.00284251 0.998133 -0.0610131 0.138184 -0.0406607 0.0610782 0.997304 0.292273 0 0 0 1 
27844314100056;1.36899;1.06615;0.998195 -0.0138407 0.0584427 0.178877 0.0211569 0.991742 -0.126489 -0.175244 -0.0562094 0.127497 0.990245 0.014928 0 0 0 1 
27844314100057;0.0905846;0.0471843;0.990778 -0.00343003 0.135449 0.00411423 0.00435265 0.999969 -0.00651599 -0.0362756 -0.135422 0.00704546 0.990763 -1.64862 0 0 0 1 
27844314100058;0.707405;0.202741;0.999728 0.0200677 0.0119137 0.0601802 -0.020053 0.999798 -0.00135053 -0.0395573 -0.0119384 0.00111125 0.999928 -1.48301 0 0 0 1 
27844314100059;0.65531;0.241075;0.892511 0.00472254 0.451002 -1.07084 -0.0600425 0.992289 0.108431 -0.834852 -0.447012 -0.123855 0.885912 -6.2012 0 0 0 1 
27844314100060;1.27536;0.410487;0.981568 0.0156576 0.190472 -0.137739 -0.00445564 0.998242 -0.0590982 -0.593956 -0.191062 0.0571602 0.979912 -4.86744 0 0 0 1 
27844314100062;0.6633;0.489926;0.999966 -0.00827117 -0.00037335 -0.228831 0.00825269 0.999335 -0.0355259 0.00469879 0.000666942 0.0355216 0.999369 0.530501 0 0 0 1 
27844314100063;1.6099;0.0961955;0.994426 0.00835993 -0.105102 0.273816 -0.00956608 0.999894 -0.0109772 -0.102021 0.104999 0.0119214 0.994401 -0.422368 0 0 0 1 
27844314100064;1.94982;1.7813;0.998615 0.00123428 0.0525899 0.152562 0.00119086 0.998938 -0.0460579 0.00506517 -0.0525909 0.0460568 0.997553 1.34385 0 0 0 1 
27844314100065;1.77485;0.78462;0.988932 0.0291631 0.145474 1.18062 -0.0842799 0.917362 0.38903 -3.11781 -0.122107 -0.396985 0.909666 -15.9392 0 0 0 1 
27844314100066;1.08018;0.545959;0.997432 0.0144008 0.0701612 0.757441 -0.0183365 0.998275 0.0557772 -0.205584 -0.0692369 -0.0569205 0.995975 -3.92544 0 0 0 1 
27844314100067;1.0783;0.53251;0.999491 -0.00451438 0.0315776 -0.175943 0.0040988 0.999904 0.0132128 0.132961 -0.0316342 -0.0130767 0.999414 0.387725 0 0 0 1 
27844314100068;0.329721;0.301051;0.999869 0.0138965 0.00827898 0.453394 -0.0141063 0.999566 0.0258473 -0.0960796 -0.00791621 -0.0259607 0.999632 -1.05749 0 0 0 1 
27844314100069;0.992581;0.753811;0.917799 -0.0126069 0.396845 -0.467714 0.0415763 0.997052 -0.0644807 0.340314 -0.394863 0.0756797 0.915618 -4.02056 0 0 0 1 
27844314100070;1.68809;1.14447;0.999753 0.00607427 -0.0213552 -0.0574813 -0.00557371 0.99971 0.0234214 -0.0173811 0.0214913 -0.0232966 0.999498 1.28928 0 0 0 1 
27844314100071;2.20263;0.97621;0.986899 0.0354458 -0.157396 0.863834 0.00587756 0.967021 0.254628 -0.522261 0.161231 -0.252218 0.954144 -8.15034 0 0 0 1 
27844314100072;0.844195;0.210694;0.91883 -0.0245771 -0.393888 -3.1275 -0.0272082 0.991739 -0.12535 -1.05696 0.393715 0.125892 0.910571 9.97169 0 0 0 1 
27844314100073;1.02691;0.538482;0.999349 0.0114374 0.034222 0.26558 -0.0169063 0.986305 0.164063 0.0905695 -0.0318769 -0.164534 0.985856 -4.34206 0 0 0 1 
27844314100074;0.384882;0.339276;0.998274 0.00509135 0.0585143 0.282943 -0.0148343 0.985794 0.167304 -0.134141 -0.0568313 -0.167883 0.984167 -6.12427 0 0 0 1 
27844314100075;1.31596;0.617644;0.997868 0.000940219 -0.0652541 0.100417 -0.00289289 0.999551 -0.0298361 -0.0854773 0.0651967 0.0299612 0.997423 0.209963 0 0 0 1 
27844314100076;1.20785;1.17428;0.999916 -0.00246115 0.0126948 -0.0393215 0.00224146 0.999848 0.0172912 0.119096 -0.0127354 -0.0172613 0.99977 -0.699944 0 0 0 1 
27844314100077;1.66098;0.428515;0.998 0.0218784 -0.0593135 0.81025 -0.016885 0.996372 0.083417 -0.329628 0.0609233 -0.0822486 0.994748 -3.83979 0 0 0 1 
27844314100078;1.89852;1.6522;0.999992 -0.00211242 -0.00334153 0.0057764 0.00209512 0.999984 -0.00517264 0.152505 0.0033524 0.0051656 0.999981 -0.828128 0 0 0 1 
27844314100079;1.7021;1.53282;0.996538 0.00519932 0.0829814 0.388124 -0.0145997 0.993478 0.113082 -0.101741 -0.0818523 -0.113902 0.990114 -3.86616 0 0 0 1 
27844314100080;1.10438;0.467173;0.971993 -0.00972362 0.23481 -0.151987 -0.00920371 0.996802 0.0793769 -0.0700872 -0.234831 -0.0793149 0.968795 -6.99256 0 0 0 1 
27844314100081;0.430079;0.394456;0.999983 -0.00572493 0.000569328 -0.222555 0.00573133 0.999912 -0.0119687 0.0917483 -0.000500758 0.0119717 0.999928 0.368553 0 0 0 1 
27844314100082;1.95213;1.4688;0.999175 0.0217776 0.0342818 0.602368 -0.0323261 0.93743 0.34667 -0.88436 -0.0245872 -0.347492 0.937361 -9.64112 0 0 0 1 
27844314100083;0.583263;0.219549;0.965861 0.00299291 0.259045 0.316149 -0.0239985 0.996667 0.0779643 -0.0881026 -0.257948 -0.0815194 0.962713 -6.70369 0 0 0 1 
27844314100084;0.503644;0.467429;0.990885 -0.000113471 0.134709 0.250874 -0.0342616 0.966903 0.252835 -0.668434 -0.130279 -0.255146 0.958086 -9.98154 0 0 0 1 
27844314100085;0.720603;0.45464;0.997824 0.0244869 0.061215 0.977201 -0.0384635 0.970299 0.238833 -0.802595 -0.0535485 -0.240668 0.969129 -8.80721 0 0 0 1 
27844314100086;1.70425;1.38894;0.99594 0.0463414 -0.0771778 1.14807 -0.0193016 0.94731 0.319736 -0.86971 0.0879283 -0.316948 0.944358 -9.54372 0 0 0 1 
27844314100087;1.08193;0.868041;0.978161 -0.0324862 -0.205295 -1.73455 0.00543394 0.991369 -0.130985 -0.531304 0.207779 0.127009 0.969895 5.85958 0 0 0 1 
27844314100088;1.41218;0.815197;0.998093 -0.0132496 0.0602972 -0.41605 0.0186197 0.995823 -0.0893897 -0.063085 -0.0588609 0.0903419 0.99417 3.46239 0 0 0 1 
27844314100089;0.394008;0.325457;0.998559 0.00641515 -0.053286 -0.0467381 -0.00709068 0.999897 -0.0124983 -0.0886727 0.0532003 0.0128581 0.998501 1.07132 0 0 0 1 
27844314100090;1.35838;0.742738;0.990592 -0.0402184 -0.130808 -1.37825 0.00458143 0.965051 -0.262022 -1.45826 0.136774 0.258958 0.956156 8.33082 0 0 0 1 
27844314100091;1.04859;1.03621;0.999417 0.000880682 -0.0341332 -0.139978 0.00160562 0.997349 0.0727453 0.203047 0.0341068 -0.0727576 0.996766 -1.86646 0 0 0 1 
27844314100093;0.967031;0.467196;0.995216 -0.0309342 -0.0926748 -3.34596 0.0182733 0.990749 -0.134473 -0.774586 0.0959772 0.132136 0.986574 17.0338 0 0 0 1 
27844314100094;1.92323;0.226443;0.972342 0.0575949 -0.226351 3.43103 -0.0113943 0.979663 0.200328 -0.865492 0.233285 -0.192208 0.953223 -8.39941 0 0 0 1 
27844314100095;0.873202;0.428379;0.992228 -0.00569131 0.124301 -0.0114921 -0.0364382 0.941872 0.333991 -5.44165 -0.118977 -0.335925 0.934344 -36.2795 0 0 0 1 
27844314100096;0.430323;0.423348;0.99013 0.0214673 -0.138497 1.28432 -0.0204445 0.999752 0.00880368 -0.712349 0.138651 -0.00588529 0.990324 4.18996 0 0 0 1 
27844314100097;1.73872;1.0605;0.999964 -0.00790954 0.00300146 -0.44314 0.00787259 0.999895 0.0121302 0.494449 -0.00309709 -0.0121062 0.999922 0.0901687 0 0 0 1 
27844314100098;0.721991;0.361979;0.999903 0.0117886 0.00737856 1.28635 -0.0127482 0.98898 0.147497 -0.943918 -0.00555847 -0.147577 0.989035 -13.7398 0 0 0 1 
27844314100099;0.836004;0.784311;0.999316 -0.0144471 -0.034054 -1.55175 0.0164428 0.998118 0.0590699 0.694864 0.0331365 -0.0595894 0.997673 -4.82139 0 0 0 1 
27844314100100;2.4061;0.230099;0.999628 -0.0252179 -0.0103871 -2.28168 0.0271017 0.961142 0.274722 -0.722462 0.00305557 -0.274902 0.961467 -23.8961 0 0 0 1 
27844314100101;0.366989;0.339371;0.999808 0.0147876 -0.012818 1.41827 -0.00842174 0.916359 0.400268 -6.88651 0.0176649 -0.400084 0.916308 -38.4934 0 0 0 1 
27844314100102;1.52564;1.26856;0.975621 -0.0280444 0.217663 -2.78381 0.0798391 0.969197 -0.232985 -1.40292 -0.204424 0.244683 0.947809 16.5921 0 0 0 1 
27844314100103;2.09748;0.348939;0.999938 0.00586818 -0.00943119 0.993888 -0.00582828 0.999974 0.0042522 -0.287106 0.0094559 -0.00419697 0.999946 -2.45493 0 0 0 1 
27844314100104;0.507469;0.337124;0.998402 0.05618 -0.00612055 5.59378 -0.0560951 0.998337 0.0132584 -2.01798 0.00685524 -0.0128939 0.999893 -1.56405 0 0 0 1 
27844314100105;1.7041;1.8205;0.999152 -0.0288769 0.0293478 -2.50138 0.0331954 0.986671 -0.159306 -0.639023 -0.0243564 0.160145 0.986793 14.4325 0 0 0 1 
27844314100106;0.621555;0.296358;0.975677 0.0292644 -0.217252 1.62539 -0.00833731 0.995286 0.096625 -0.527082 0.219055 -0.0924635 0.971321 -1.71601 0 0 0 1 
27844314100107;0.153647;0.164599;0.999351 -0.0353093 -0.00718152 -3.4293 0.0353005 0.999376 -0.00134674 1.2274 0.00722459 0.00109236 0.999973 0.33499 0 0 0 1 
27844314100108;1.53872;0.991414;0.999444 -0.0208521 -0.026019 -1.87605 0.0172252 0.991024 -0.132568 -0.765366 0.0285498 0.132046 0.990832 15.0499 0 0 0 1 
27844314100109;1.60611;0.900319;0.999488 -0.000896537 -0.0319947 -0.264424 0.00307123 0.997682 0.0679863 -0.0701938 0.0318596 -0.0680498 0.997173 -6.95434 0 0 0 1 
27844314100110;2.36031;0.9344;0.999716 0.023745 -0.00223558 3.13584 -0.02385 0.995294 -0.0939162 -2.31233 -4.98483e-06 0.0939428 0.995578 11.1308 0 0 0 1 
27844314100111;0.227132;0.159462;0.968179 0.0537456 -0.24442 3.28462 -0.00570157 0.981151 0.193161 -1.19507 0.250194 -0.185621 0.950236 -9.36776 0 0 0 1 
27844314100112;2.20462;1.9622;0.999003 -0.0412254 -0.0171387 -4.00079 0.0343344 0.954784 -0.295311 -4.05342 0.0285381 0.294428 0.955248 28.3292 0 0 0 1 
27844314100113;2.4063;0.279954;0.993882 -0.0717065 0.0840099 -6.60236 0.0841942 0.984157 -0.156036 0.59834 -0.0714901 0.162155 0.984172 16.1013 0 0 0 1 
27844314100114;0.335195;0.211247;0.981097 -0.0262949 0.191721 -2.48605 0.0436058 0.995285 -0.0866399 0.863591 -0.188539 0.0933623 0.977618 2.14734 0 0 0 1 
27844314100115;1.83608;1.52069;0.999897 -0.0142749 0.00163026 -1.10039 0.0142432 0.999736 0.0180091 0.809828 -0.00188691 -0.017984 0.999836 -1.48194 0 0 0 1 
27844314100116;1.89876;1.51658;0.976692 0.00534126 0.214579 0.997951 -0.0225448 0.996714 0.0778066 -0.384268 -0.213458 -0.0808307 0.973603 -13.9783 0 0 0 1 
27844314100117;2.29451;0.649428;0.991616 0.0359352 -0.124124 2.7356 -0.00277794 0.966261 0.257549 -2.00672 0.129191 -0.255045 0.95826 -17.7828 0 0 0 1 
27844314100118;2.1601;2.21053;0.999806 -0.0111273 0.0162475 -0.883071 0.0114564 0.999728 -0.0203074 0.335631 -0.0160172 0.0204896 0.999662 1.77258 0 0 0 1 
27844314100119;1.47956;0.801868;0.999984 0.00330195 -0.00469614 0.700311 -0.003054 0.99865 0.0518588 -0.31057 0.00486103 -0.0518436 0.998643 -6.12869 0 0 0 1 
27844314100120;0.852594;0.384922;0.978456 -0.0422962 -0.202075 -5.46226 -0.000741764 0.978063 -0.20831 -2.89825 0.206452 0.203972 0.95696 27.7684 0 0 0 1 
27844314100121;1.87824;0.664675;0.998121 -0.00556237 0.0610243 0.0136797 0.00419158 0.999737 0.022568 0.130515 -0.0611338 -0.0222698 0.997881 -6.38149 0 0 0 1 
27844314100122;1.73464;0.272714;0.969307 -0.0182911 -0.245172 -1.93167 0.0161684 0.999812 -0.0106682 1.70365 0.245321 0.0063767 0.969421 8.31665 0 0 0 1 
27844314100124;0.405551;0.17523;0.997515 -0.0537751 -0.0455123 -4.68344 0.0583857 0.992552 0.106917 1.89226 0.0394239 -0.109308 0.993226 -7.93768 0 0 0 1 
27844314100125;0.438401;0.15925;0.907179 -0.0948702 0.409909 -10.6899 0.142366 0.985994 -0.0868725 3.32211 -0.395926 0.137166 0.90798 -1.99801 0 0 0 1 
27844314100126;1.24567;0.477786;0.997457 -0.0395953 -0.059254 -4.6468 0.0346549 0.996013 -0.0821994 -0.337089 0.0622725 0.079937 0.994853 8.54976 0 0 0 1 
27844314100127;1.48846;1.11561;0.999242 0.0299865 -0.0248124 0.714018 -0.0282672 0.997355 0.0669593 -1.96967 0.0267546 -0.0662072 0.997447 -2.60142 0 0 0 1 
27844314100128;1.19785;0.169606;0.996873 -0.0124552 -0.0780335 -1.71014 0.00802199 0.998349 -0.0568698 0.192468 0.0786131 0.056066 0.995327 5.79161 0 0 0 1 
27844314100129;1.23822;0.185752;0.996183 0.0865212 0.0115955 5.69893 -0.0856047 0.994251 -0.0643253 -4.57358 -0.0170943 0.0630871 0.997862 6.20018 0 0 0 1 
27844314100130;0.532996;0.167372;0.982182 0.0108008 -0.187624 -0.230228 -0.0504178 0.976894 -0.207693 -4.00249 0.181045 0.213452 0.960032 24.6418 0 0 0 1 
27844314100131;0.768744;0.364211;0.994558 0.0960272 -0.0404107 7.82176 -0.0855376 0.974067 0.209469 -4.84263 0.0594775 -0.204873 0.97698 -14.9695 0 0 0 1 
27844314100132;0.304449;0.164042;0.990127 0.0548982 -0.128972 3.72997 -0.0300877 0.981904 0.186972 -2.15226 0.136903 -0.181246 0.973862 -11.5624 0 0 0 1 
27844314100133;0.242712;0.154976;0.971682 -0.101509 -0.213379 -10.9825 0.0263924 0.943998 -0.328893 -5.32959 0.234815 0.313948 0.919945 35.8776 0 0 0 1 
27844314100134;1.30166;0.163121;0.971134 0.0406787 0.235041 3.10362 -0.0374772 0.999134 -0.0180736 -1.20198 -0.235573 0.00874326 0.971817 -9.46468 0 0 0 1 
27844314100135;0.261851;0.178968;0.993668 -0.0965762 0.0574172 -8.52391 0.0944257 0.994765 0.0390631 3.12363 -0.0608892 -0.0333941 0.997586 -4.85962 0 0 0 1 
27844314100136;1.42144;0.164434;0.990774 0.135309 0.00761955 11.4817 -0.133939 0.986212 -0.0971933 -7.87797 -0.0206656 0.0952761 0.995236 9.5133 0 0 0 1 
27844314100137;1.20547;0.528276;0.997493 -0.0477456 0.0522381 -4.66351 0.0629045 0.936372 -0.345326 -5.35791 -0.0324266 0.347746 0.937028 31.0357 0 0 0 1 
27844314100138;0.244336;0.145284;0.993789 0.0300714 -0.107137 1.96319 -0.0494008 0.981941 -0.182623 -4.01969 0.0997102 0.186782 0.977328 19.7202 0 0 0 1 
27844314100139;1.59431;0.173529;0.998978 -0.0452001 0.000256913 -3.14088 0.0451959 0.998937 0.00908656 -0.634002 -0.000667353 -0.00906566 0.999959 -1.8354 0 0 0 1 
27844314100140;0.22734;0.157445;0.995417 -0.0945433 0.0143862 -8.57382 0.0947782 0.995359 -0.0166359 3.07403 -0.0127467 0.0179232 0.999758 1.28601 0 0 0 1 
27844314100141;0.358346;0.290214;0.967689 -0.0853702 -0.237256 -9.64315 0.0413116 0.981904 -0.184816 -0.831542 0.24874 0.169043 0.953705 23.2997 0 0 0 1 
27844314100142;0.117962;0.232446;0.999524 0.0238565 0.0195764 1.92982 -0.0229391 0.998686 -0.0458221 -1.24026 -0.0206439 0.0453512 0.998758 3.44069 0 0 0 1 
27844314100143;1.8568;1.76846;0.999876 0.0119159 0.0102721 1.08067 -0.0106913 0.993653 -0.111984 -1.81201 -0.0115413 0.11186 0.993657 9.63425 0 0 0 1 
27844314100144;0.573265;0.158472;0.987619 -0.00144539 -0.156864 -1.8643 0.0046011 0.999794 0.0197562 0.876776 0.156804 -0.0202333 0.987423 3.65031 0 0 0 1 
27844314100145;0.564902;0.471051;0.993469 -0.0530832 -0.100998 -5.39582 0.0393274 0.990252 -0.133618 0.141412 0.107106 0.128773 0.985873 15.3251 0 0 0 1 
27844314100146;0.457208;0.152202;0.999652 0.0168363 0.020327 1.2842 -0.0174896 0.999322 0.0324018 -0.609917 -0.0197677 -0.032746 0.999268 -2.62578 0 0 0 1 
27844314100147;0.839697;0.154379;0.9947 -0.0411782 -0.0942185 -5.20312 0.0514485 0.992675 0.109312 1.66892 0.0890271 -0.11358 0.989532 -7.9826 0 0 0 1 
27844314100148;1.27087;0.17651;0.999339 0.00536442 0.0359589 -1.10665 0.000658992 0.98622 -0.16544 -3.34003 -0.0363509 0.165355 0.985564 13.472 0 0 0 1 
27844314100149;0.814525;0.187624;0.993539 0.00615382 0.113321 -0.141835 0.0516551 0.864578 -0.499837 -11.2561 -0.10105 0.502461 0.858674 41.1713 0 0 0 1 
27844314100150;1.30625;0.99796;0.997225 -0.0068716 0.0741287 -1.02761 0.0289779 0.953031 -0.301484 -4.38363 -0.0685752 0.302796 0.950585 23.4875 0 0 0 1 
27844314100151;1.21483;0.898524;0.987858 -0.0584639 0.143936 -5.19229 0.0605299 0.998116 -0.0100132 2.06333 -0.143079 0.018604 0.989536 -1.98828 0 0 0 1 
27844314100152;0.850848;0.994341;0.979376 -0.0165419 0.201369 -2.12784 0.0685558 0.964725 -0.254178 -1.92992 -0.190061 0.262741 0.945962 16.2976 0 0 0 1 
27844314100153;1.33869;0.165115;0.985882 0.143751 0.0858673 10.466 -0.145608 0.989217 0.0157402 -7.04548 -0.0826787 -0.028021 0.996182 -5.83029 0 0 0 1 
27844314100155;1.31103;1.25813;0.997788 -0.040619 -0.0526202 -2.12769 0.0296768 0.980521 -0.194158 -1.02169 0.0594817 0.192167 0.979558 10.3087 0 0 0 1 
27844314100156;0.173499;0.237527;0.999617 -0.01572 -0.0227621 -1.06868 0.0161162 0.99972 0.0173315 0.644024 0.0224832 -0.0176917 0.999591 -0.441403 0 0 0 1 
27844314100157;1.77732;1.11252;0.994116 0.0384735 -0.101254 1.34876 -0.0279137 0.994215 0.103715 -0.304491 0.104658 -0.100278 0.98944 -3.6689 0 0 0 1 
27844314100158;2.31932;0.695169;0.97416 0.0753427 -0.21292 1.21828 0.032697 0.885744 0.463021 -1.60444 0.223478 -0.458018 0.860393 -15.1933 0 0 0 1 
27844314100159;1.17995;0.242031;0.996665 0.050802 -0.0638673 1.95723 -0.0458097 0.995952 0.0773386 -0.835935 0.0675377 -0.0741549 0.994957 -3.23223 0 0 0 1 
27844314100160;1.94121;0.744288;0.981858 -0.0275638 -0.187602 -2.70032 0.0326502 0.999177 0.0240759 1.23863 0.186784 -0.0297644 0.98195 4.6791 0 0 0 1 
27844314100161;0.541664;0.430583;0.992507 0.00501017 -0.122086 -0.604201 -0.0192337 0.993109 -0.115607 -1.04324 0.120666 0.117089 0.985764 8.55324 0 0 0 1 
27844314100162;1.51732;1.32905;0.99947 -0.0101788 -0.0309103 -0.756913 0.0102201 0.999947 0.00117793 0.375892 0.0308967 -0.00149321 0.999521 1.27322 0 0 0 1 
27844314100163;1.36524;1.17344;0.998541 -0.0374297 -0.0389156 -2.07597 0.0354256 0.998072 -0.0509714 0.558797 0.0407484 0.0495184 0.997942 2.67902 0 0 0 1 
27844314100164;0.587208;0.312414;0.999577 -0.0272055 -0.0102457 -1.50679 0.0277295 0.998099 0.0550473 1.02857 0.00872859 -0.0553081 0.998431 -1.83642 0 0 0 1 
27844314100165;1.53313;0.26409;0.999391 0.0345707 -0.00477719 2.05842 -0.0344526 0.999144 0.0229187 -1.62591 0.00556541 -0.0227401 0.999726 0.157729 0 0 0 1 
27844314100166;0.330265;0.322539;0.997495 -0.038951 -0.0590487 -2.2047 0.0327 0.994106 -0.103362 0.0571478 0.0627268 0.101173 0.992889 6.26482 0 0 0 1 
27844314100167;0.903395;0.511901;0.998205 -0.0274209 0.0532366 -1.09305 0.0368936 0.981849 -0.186041 -0.889644 -0.0471688 0.187672 0.981099 6.84326 0 0 0 1 
27844314100168;2.432;0.303825;0.99495 -0.0422676 0.0910426 -1.79216 0.0401123 0.998873 0.0253762 0.398137 -0.0920125 -0.0215961 0.995524 -0.514056 0 0 0 1 
27844314100169;1.16953;0.953759;0.939491 0.0411785 0.340091 2.04132 0.0685884 0.950038 -0.304505 -2.3067 -0.335639 0.309405 0.889728 6.59267 0 0 0 1 
27844314100170;0.524881;0.245951;0.981459 -0.049216 -0.185247 -3.26643 0.0709989 0.991072 0.112854 1.43784 0.178039 -0.123914 0.97619 -1.79692 0 0 0 1 
27844314100171;2.35705;0.413809;0.964083 0.0246797 0.264451 1.17977 0.0105486 0.99133 -0.130971 -0.285778 -0.265391 0.129057 0.955464 -2.4978 0 0 0 1 
27844314100172;0.422262;0.202162;0.997264 0.0187833 -0.0714928 0.155127 -0.0142272 0.997867 0.0637111 0.413466 0.072537 -0.0625196 0.995404 -1.3264 0 0 0 1 
27844314100173;0.404553;0.265885;0.997513 -0.0240605 -0.0662546 -1.44701 0.0315903 0.992856 0.115058 0.740805 0.063013 -0.116864 0.991147 -3.88694 0 0 0 1 
27844314100174;0.99992;0.765958;0.99974 0.0132821 -0.0185601 0.408577 -0.0124008 0.998827 0.046817 -0.0506576 0.0191601 -0.0465746 0.998731 -2.20278 0 0 0 1 
27844314100175;0.837078;0.267953;0.9994 0.0323813 -0.012319 1.13602 -0.0320604 0.999163 0.0254121 0.376025 0.0131315 -0.0250019 0.999601 -1.14796 0 0 0 1 
27844314100176;0.793248;0.489381;0.99801 -0.012909 -0.0617273 -1.05168 -0.00784683 0.945798 -0.324661 -3.99671 0.0625726 0.324499 0.943814 16.9735 0 0 0 1 
27844314100177;2.13358;0.189844;0.99993 -0.00518777 -0.0106577 -0.206037 0.0053505 0.999869 0.0152972 0.496555 0.010577 -0.0153532 0.999826 -2.8225 0 0 0 1 
27844314100178;1.06641;1.12141;0.998372 -0.0163844 -0.0546429 -1.10781 0.0158173 0.999817 -0.0107948 0.203734 0.0548097 0.00991297 0.998448 1.54933 0 0 0 1 
27844314100179;2.46162;0.753165;0.964831 -0.0288651 -0.261281 -2.81779 -0.0105096 0.988923 -0.14806 -0.741833 0.262661 0.145599 0.95384 10.2086 0 0 0 1 
27844314100180;2.13141;1.63966;0.965544 0.0424234 0.256759 1.92009 -0.0987199 0.972588 0.210539 -2.87825 -0.240789 -0.228632 0.943265 -16.8254 0 0 0 1 
27844314100181;0.683715;0.460992;0.999552 0.025353 0.015905 1.07325 -0.0261114 0.998436 0.0494414 -0.195413 -0.0146266 -0.0498346 0.99865 -2.01475 0 0 0 1 
27844314100182;1.078;0.288022;0.984296 -0.0334755 0.173322 -1.20236 0.0232891 0.997898 0.060476 0.532654 -0.174982 -0.0554897 0.983007 -5.45689 0 0 0 1 
27844314100183;1.04239;0.526838;0.909063 -0.034013 0.415269 -1.957 -0.057469 0.976901 0.205819 -1.17256 -0.412677 -0.210968 0.88611 -18.6001 0 0 0 1 
27844314100184;1.3844;0.266885;0.983931 -0.0338261 0.175313 -0.998205 0.0170466 0.995202 0.0963483 -0.639831 -0.177731 -0.0918116 0.979787 -8.57812 0 0 0 1 
27844314100186;0.793481;0.166154;0.973026 0.0968079 -0.2094 4.6455 -0.0439058 0.968813 0.243874 -2.1208 0.226478 -0.228102 0.94693 -7.65603 0 0 0 1 
27844314100187;1.90684;0.954182;0.999905 0.0116931 0.0073564 0.907702 -0.0116441 0.99991 -0.0066598 -0.325923 -0.00743361 0.0065735 0.999951 1.55506 0 0 0 1 
27844314100188;0.899725;0.428815;0.912036 0.0151522 0.40983 0.148448 -0.0377488 0.998177 0.0471018 -1.25499 -0.408369 -0.0584291 0.910945 -18.9211 0 0 0 1 
27844314100189;2.92803;2.77598;0.996287 -0.0280889 -0.0813826 -2.49089 0.0194735 0.994304 -0.104786 -0.435603 0.0838624 0.102812 0.991159 9.999 0 0 0 1 
27844314100190;2.25734;1.74677;0.999073 0.0247224 -0.0352527 1.63923 -0.0298554 0.987707 -0.153441 -2.81562 0.0310259 0.154351 0.987529 12.3263 0 0 0 1 
27844314100191;2.96618;1.18944;0.989042 -0.0108254 0.147234 -0.173543 0.0652148 0.926764 -0.36994 -5.4105 -0.132446 0.375488 0.917315 22.9519 0 0 0 1 
27844314100192;2.51273;1.99375;0.930568 -0.0314919 -0.364763 -5.89511 -0.00330008 0.995532 -0.0943684 -1.19409 0.366105 0.0890199 0.926306 17.978 0 0 0 1 
27844314100193;1.47826;1.01448;0.994982 0.0259584 -0.0966297 1.11219 -0.0194565 0.997521 0.0676316 -0.431105 0.0981457 -0.0654121 0.99302 -0.415246 0 0 0 1 
27844314100194;2.31253;1.41525;0.969574 0.01901 -0.244058 -1.34771 -0.0119596 0.999468 0.0303378 -0.163218 0.244505 -0.0264959 0.969286 7.60026 0 0 0 1 
27844314100195;2.39108;0.440129;0.992115 -0.0446633 -0.1171 -3.17995 0.00896866 0.957251 -0.289121 -3.67629 0.125007 0.285791 0.950104 21.3547 0 0 0 1 
27844314100196;0.463067;0.416817;0.995976 0.0176617 0.0878668 1.66697 -0.0241844 0.996985 0.073732 -0.779756 -0.0862996 -0.0755603 0.9934 -8.31251 0 0 0 1 
27844314100197;2.03095;1.95052;0.995722 -0.0143433 -0.0912834 -1.39021 0.00346448 0.99298 -0.118236 -0.956073 0.0923384 0.117414 0.988781 10.0907 0 0 0 1 
27844314100198;1.85236;1.2114;0.9871 -0.00658378 -0.159969 -1.5046 0.0137631 0.998945 0.0438127 0.396952 0.159512 -0.0454492 0.986149 3.16003 0 0 0 1 
27844314100199;0.504668;0.286724;0.998893 -0.0139109 -0.0449329 -1.02082 0.0195675 0.991579 0.128017 0.624163 0.0427737 -0.128754 0.990754 -7.92977 0 0 0 1 
27844314100200;2.93423;1.31592;0.999763 -0.0192708 0.0101713 -0.95983 0.0201393 0.995403 -0.0936299 0.207287 -0.00832022 0.0938125 0.995555 3.38062 0 0 0 1 
27844314100201;1.21539;0.584634;0.989123 0.00692988 0.146928 0.972242 -0.0347675 0.9816 0.187759 -1.81722 -0.142923 -0.190825 0.971164 -18.8734 0 0 0 1 
27844314100202;1.66781;0.475707;0.948403 0.0555203 -0.312169 0.173905 -0.0171542 0.992092 0.124331 -0.319356 0.316603 -0.112561 0.941856 3.93601 0 0 0 1 
27844314100203;0.429271;0.471874;0.929894 -0.0257959 0.366922 -2.0449 -0.0610992 0.972847 0.223239 -2.82737 -0.362718 -0.230007 0.903068 -28.5159 0 0 0 1 
27844314100204;0.64969;0.693812;0.922663 0.0430381 -0.383198 -1.33062 0.0337991 0.980901 0.191549 0.638859 0.384123 -0.189687 0.903586 -0.915073 0 0 0 1 
27844314100205;2.89316;2.4866;0.996156 -0.00622457 -0.0873764 -0.59315 0.00403945 0.999675 -0.0251627 -0.184632 0.0875047 0.0247131 0.995858 3.27282 0 0 0 1 
27844314100206;1.28236;0.83454;0.997934 -0.0149447 0.0624823 -0.400107 0.0260474 0.983164 -0.180859 -1.55616 -0.0587275 0.182113 0.981522 10.1503 0 0 0 1 
27844314100207;1.92404;0.845458;0.977544 0.0680275 -0.199448 2.80678 -0.0468467 0.992931 0.109061 -1.38227 0.205457 -0.0972681 0.973821 1.67695 0 0 0 1 
27844314100208;1.88311;0.36585;0.918337 0.00667522 0.395744 -0.477743 0.0532892 0.988669 -0.140336 0.457416 -0.392197 0.149964 0.907575 -5.28471 0 0 0 1 
27844314100209;2.33052;0.276449;0.999556 0.0234372 0.0183859 2.09785 -0.0240996 0.999037 0.0366778 -0.688317 -0.0175086 -0.0371046 0.999158 -5.39735 0 0 0 1 
27844314100210;0.530209;0.514208;0.995267 -0.0164459 0.0957721 -0.546892 0.0249571 0.995776 -0.0883612 0.00297399 -0.0939144 0.0903332 0.991474 2.58601 0 0 0 1 
27844314100211;2.44996;1.12606;0.998124 0.0104074 -0.0603401 0.282464 -0.0105733 0.999941 -0.00243005 -0.339806 0.0603113 0.00306348 0.998175 4.16602 0 0 0 1 
27844314100212;2.84301;0.663238;0.998038 0.0180231 -0.059955 1.5179 -0.0212838 0.998303 -0.0541988 -0.41921 0.0588764 0.0553686 0.996729 3.0729 0 0 0 1 
27844314100213;1.50297;1.10094;0.998517 -0.0243177 0.0487012 -1.18601 0.0316918 0.987108 -0.156888 -0.856582 -0.0442582 0.158199 0.986415 9.39089 0 0 0 1 
27844314100214;0.564234;0.255602;0.987427 -0.0961964 0.125435 -6.27569 0.0963599 0.995335 0.00477813 2.7825 -0.125309 0.00736883 0.99209 -3.37368 0 0 0 1 
27844314100215;0.386204;0.415179;0.994375 -0.000937826 -0.105908 -0.645588 -0.0044625 0.998702 -0.0507422 -0.543042 0.105818 0.0509294 0.99308 6.74653 0 0 0 1 
27844314100217;0.459527;0.763042;0.996091 0.00855933 -0.0879177 0.119399 -0.0100947 0.999804 -0.0170344 -0.499811 0.0877546 0.0178553 0.995982 2.83294 0 0 0 1 
27844314100218;2.20727;0.244559;0.999094 0.0357902 -0.0230339 0.546637 -0.0359177 0.999341 -0.00514736 -1.19884 0.0228345 0.00597002 0.999721 3.49875 0 0 0 1 
27844314100219;2.19715;0.456502;0.998999 -0.039999 -0.0200324 -0.834487 0.0392793 0.998611 -0.0351183 1.01796 0.0214092 0.0342963 0.999182 3.95967 0 0 0 1 
27844314100220;1.31114;0.104777;0.997698 -0.0166667 -0.0657287 0.653861 0.0149707 0.999544 -0.0262114 -0.635254 0.0661356 0.025167 0.997493 2.34416 0 0 0 1 
27844314100221;1.65894;1.73034;0.999646 0.0141052 0.0225764 0.529056 -0.0146885 0.999557 0.0258863 -0.336886 -0.0222013 -0.0262088 0.99941 -0.626754 0 0 0 1 
27844314100222;1.73745;0.995794;0.978551 0.077397 -0.190911 0.617128 -0.0571931 0.992377 0.109164 -1.79492 0.197905 -0.0959038 0.975518 4.90874 0 0 0 1 
27844314100223;2.40198;1.7004;0.998867 0.00510453 -0.0473077 0.123977 -0.00531781 0.999976 -0.00438365 0.0422669 0.0472842 0.00463026 0.998871 3.04492 0 0 0 1 
27844314100224;0.843273;0.873899;0.999411 0.0219516 -0.0263889 0.491701 -0.019727 0.996454 0.0817937 -0.473899 0.0280908 -0.0812249 0.9963 -0.385151 0 0 0 1 
27844314100225;1.09219;1.25431;0.999896 -0.00633813 0.0129185 0.213519 0.00712318 0.998072 -0.0616589 0.14275 -0.0125028 0.0617445 0.998014 0.816533 0 0 0 1 
27844314100226;2.28577;0.0852911;0.929734 0.252639 -0.267896 1.68619 -0.181587 0.947468 0.263309 -6.52876 0.320345 -0.196161 0.926769 8.37355 0 0 0 1 
27844314100227;0.739768;0.793061;0.990239 0.0487989 -0.130556 0.46823 -0.0448836 0.998455 0.0327675 -1.22315 0.131953 -0.0265878 0.990899 3.71608 0 0 0 1 
27844314100228;0.965544;0.0777337;0.990719 0.0798553 -0.109999 1.10915 -0.0759187 0.99633 0.0395297 -2.71458 0.112752 -0.0308118 0.993145 3.79634 0 0 0 1 
27844314100229;0.882458;0.90829;0.962974 -0.00196172 0.269586 0.496466 0.0471303 0.985799 -0.161178 0.640092 -0.265442 0.167916 0.949392 -6.00079 0 0 0 1 
27844314100230;0.333053;0.10491;0.952201 0.154993 -0.263229 0.227484 -0.0637969 0.943616 0.324837 -1.72109 0.298735 -0.292517 0.9084 3.07812 0 0 0 1 
27844314100231;2.08116;0.0924415;0.995097 -0.0465548 0.0872606 -0.37406 0.0484179 0.99864 -0.0193566 1.07902 -0.0862408 0.0234867 0.995997 0.292524 0 0 0 1 
27844314100232;2.3687;2.17885;0.999766 -0.00135744 -0.0216117 0.0709087 0.000766929 0.999627 -0.0273087 0.252599 0.0216407 0.0272858 0.999393 0.0186802 0 0 0 1 
27844314100233;0.91161;0.674605;0.999376 0.0304647 -0.0178595 1.06823 -0.030145 0.999385 0.0179058 -0.875804 0.018394 -0.0173562 0.99968 -0.709539 0 0 0 1 
27844314100234;2.15311;0.717764;0.997273 -0.00297664 0.073747 0.905188 0.00235185 0.999961 0.00855742 0.391409 -0.0737696 -0.00836063 0.99724 -5.04347 0 0 0 1 
27844314100235;1.5865;1.48195;0.940631 0.00284576 -0.33942 -3.33789 -0.0187435 0.998875 -0.0435688 -0.747873 0.338914 0.047344 0.939625 10.7573 0 0 0 1 
27844314100236;0.801975;0.824146;0.999919 0.00896522 -0.00902285 0.498363 -0.00962082 0.997103 -0.0754528 -0.450759 0.00832026 0.0755335 0.997109 1.58309 0 0 0 1 
27844314100237;0.36254;0.438409;0.996086 0.0491879 -0.0734373 0.603021 -0.0459947 0.997947 0.0445581 -1.40689 0.0754783 -0.0410059 0.996304 1.72889 0 0 0 1 
27844314100238;0.509991;0.326371;0.9958 -0.0169273 -0.0899781 -0.365054 -0.0173301 0.930146 -0.36678 -3.37963 0.0899013 0.366799 0.925946 8.88984 0 0 0 1 
27844314100239;2.45541;1.51198;0.99938 0.0219649 -0.027502 0.21256 -0.0212711 0.999454 0.0252695 -0.516751 0.0280421 -0.0246688 0.999302 2.86187 0 0 0 1 
27844314100240;0.531694;0.177666;0.996181 -0.0833234 0.0260845 -1.67591 0.082735 0.996309 0.0228797 2.36358 -0.0278947 -0.0206342 0.999398 -0.729455 0 0 0 1 
27844314100241;1.90316;0.755886;0.998349 -0.0305569 0.0486447 0.755717 0.0272217 0.997327 0.0678078 1.38545 -0.0505867 -0.0663716 0.996512 -4.06654 0 0 0 1 
27844314100242;0.857743;0.176772;0.987556 0.0297926 0.154419 1.14782 -0.0340525 0.999107 0.0250147 -0.623185 -0.153536 -0.0299618 0.987689 -4.52383 0 0 0 1 
27844314100243;1.52979;1.76582;0.9898 -0.00172042 -0.142454 -0.581676 -0.00459236 0.999022 -0.0439738 -0.164256 0.142391 0.0441794 0.988824 4.74639 0 0 0 1 
27844314100244;1.45043;0.870568;0.987517 0.072662 -0.139749 0.224818 -0.0254858 0.949256 0.313471 -0.276324 0.155435 -0.305996 0.939258 0.103637 0 0 0 1 
27844314100245;0.353496;0.593713;0.997973 0.0419184 0.0478845 1.4227 -0.0509981 0.976859 0.207714 -1.11937 -0.0380693 -0.209735 0.977017 -5.01637 0 0 0 1 
27844314100246;0.304746;0.232433;0.998552 0.0323658 0.0429792 0.770231 -0.023498 0.98096 -0.192783 -1.9903 -0.0484004 0.191493 0.9803 1.97961 0 0 0 1 
27844314100248;1.91005;1.73769;0.999954 -0.00221527 0.00931529 -0.0861444 0.00192194 0.999506 0.0313813 0.288129 -0.00938021 -0.031362 0.999464 -2.1743 0 0 0 1 
27844314100249;1.74539;1.0122;0.919586 0.013425 0.39266 1.30894 0.0181741 0.996893 -0.0766461 0.0503658 -0.392469 0.0776189 0.916484 4.3152 0 0 0 1 
27844314100250;2.4193;2.01297;0.889251 0.0319908 -0.4563 0.982467 -0.0260888 0.999475 0.0192296 -0.324131 0.456676 -0.00519561 0.889618 0.217675 0 0 0 1 
27844314100251;0.382775;0.211656;0.998211 0.0256495 0.0540121 1.57107 -0.0336393 0.987708 0.15265 -0.475581 -0.0494328 -0.154194 0.986803 -8.51951 0 0 0 1 
27844314100252;0.517763;0.641465;0.995338 -0.0124201 -0.0956476 -0.615003 -0.0120518 0.967887 -0.251097 -2.26968 0.0956947 0.251079 0.963225 13.073 0 0 0 1 
27844314100253;0.421961;0.351784;0.995605 0.00787347 0.0933234 0.670013 -0.001636 0.99777 -0.0667262 -0.443886 -0.0936406 0.0662802 0.993397 3.19058 0 0 0 1 
27844314100254;1.06506;0.305714;0.998297 0.0522206 -0.0260083 2.92038 -0.0449897 0.972939 0.226638 -1.15253 0.0371397 -0.225082 0.973632 -12.821 0 0 0 1 
27844314100255;0.41574;0.304099;0.944602 0.00116563 -0.328217 -0.709146 -0.013902 0.999238 -0.036461 -0.330892 0.327925 0.039004 0.943898 2.80994 0 0 0 1 
27844314100256;0.221269;0.109063;0.999742 0.00309883 -0.0224916 0.0699073 -0.00190737 0.998603 0.0528027 0.117945 0.0226238 -0.0527462 0.998352 -3.02048 0 0 0 1 
27844314100257;0.472366;0.295682;0.996479 0.0498629 0.067401 2.86543 -0.0729052 0.912326 0.402922 -4.0472 -0.0414009 -0.406417 0.912749 -21.6371 0 0 0 1 
27844314100258;0.965959;0.655026;0.96166 0.0113905 -0.274006 -0.336457 0.00043419 0.999073 0.0430557 0.104737 0.274243 -0.0415239 0.960764 -1.23829 0 0 0 1 
27844314100259;0.701583;0.590799;0.999726 0.0188914 -0.0138288 1.14763 -0.0190363 0.999764 -0.0104275 -0.194096 0.0136285 0.0106879 0.99985 0.0825142 0 0 0 1 
27844314100260;1.49458;1.05293;0.991466 0.0214224 -0.128596 0.558743 0.0158118 0.959365 0.281724 -0.736224 0.129406 -0.281353 0.950839 -13.9731 0 0 0 1 
