#;prob_registration_l1 -r /home/probabilistic_point_clouds_registration/build/tester /home/point_clouds_registration_benchmark//devel/registration_pairs/pioneer_slam3_local.txt /home/point_clouds_registration_benchmark//tum/pioneer_slam3 -s 0.1 -t 0.1 -p 0.3 -r 1000 -m 15 -i 40 
id;initial_error;final_error;transformation
39885980090000;0.518509;0.142981;0.994447 0.0309668 -0.100578 0.0254601 -0.018155 0.991879 0.125884 0.0281222 0.103659 -0.123359 0.986933 -0.428758 0 0 0 1 
39885980090001;1.1366;0.864188;0.998182 -0.0268486 -0.0539535 0.0985189 0.0287817 0.998959 0.0353772 -0.335139 0.0529475 -0.0368658 0.997917 0.280918 0 0 0 1 
39885980090002;0.639436;0.571032;0.999759 0.0116901 0.0186008 0.0283321 -0.0076636 0.979063 -0.203412 0.0472312 -0.0205893 0.20322 0.978917 -0.1134 0 0 0 1 
39885980090003;0.346141;0.0749836;0.956061 -0.0720185 -0.284186 0.194656 -0.0167026 0.954402 -0.298056 0.0534916 0.292693 0.289706 0.911263 -0.831958 0 0 0 1 
39885980090004;1.0895;0.790708;0.969049 -0.0213761 -0.245942 0.230872 -0.0320066 0.976957 -0.211023 0.386698 0.244786 0.212364 0.946035 -1.11076 0 0 0 1 
39885980090005;0.90722;0.668127;0.99925 0.0328305 -0.0205546 0.0238323 -0.034207 0.996914 -0.0706497 0.189558 0.0181717 0.0712997 0.997289 -0.45112 0 0 0 1 
39885980090006;0.367469;0.0671923;0.978454 -0.0300519 -0.204265 0.04471 -0.0172008 0.974046 -0.225697 0.0717974 0.205746 0.224348 0.952542 -0.993363 0 0 0 1 
39885980090007;0.500039;0.366722;0.999769 -0.0214766 -0.000259641 0.00451688 0.0201776 0.943306 -0.331311 -0.00453039 0.00736034 0.331229 0.943522 -0.353318 0 0 0 1 
39885980090008;1.30544;0.972856;0.985371 -0.000494647 -0.170421 0.136258 -0.0115919 0.997485 -0.0699196 0.0900538 0.170027 0.0708723 0.982888 -1.07322 0 0 0 1 
39885980090009;1.07285;0.9835;0.999391 -0.019872 -0.028683 -0.0100806 0.0197177 0.99979 -0.00565308 -0.111523 0.0287893 0.00508408 0.999573 -0.0224896 0 0 0 1 
39885980090010;0.993349;0.808309;0.99948 0.0308859 -0.00924495 0.0107768 -0.0314136 0.997471 -0.0637568 0.0776476 0.00725238 0.064014 0.997923 0.297627 0 0 0 1 
39885980090011;1.19076;0.804713;0.997701 -0.0147743 0.0661387 -0.108516 0.0308461 0.967992 -0.249078 0.129065 -0.0603418 0.250546 0.966222 -0.613378 0 0 0 1 
39885980090012;1.08018;0.532585;0.994081 0.0598113 -0.0907003 0.09297 -0.070669 0.990053 -0.121657 -0.0432037 0.0825216 0.127347 0.988419 -0.985557 0 0 0 1 
39885980090013;0.734434;0.292425;0.999334 0.00755344 -0.0356887 -0.0495808 -0.0157069 0.972092 -0.234074 -0.0217078 0.0329246 0.234479 0.971564 0.11415 0 0 0 1 
39885980090014;1.32795;0.882161;0.927033 0.0417052 -0.372654 0.298904 0.0333527 0.980686 0.192722 -0.0429938 0.373495 -0.191089 0.907737 -1.14057 0 0 0 1 
39885980090015;0.724355;0.0544039;0.999782 0.00252439 0.0207442 0.00260919 -0.00255411 0.999996 0.00140637 0.02909 -0.0207406 -0.00145905 0.999784 -0.502078 0 0 0 1 
39885980090016;0.348273;0.0117605;0.980686 0.0185719 -0.194703 0.0629829 0.0236901 0.976873 0.212502 -0.0203464 0.194147 -0.213011 0.957566 -0.384562 0 0 0 1 
39885980090017;0.847163;0.500215;0.997769 -0.012032 -0.065669 0.13395 -0.00171712 0.978676 -0.205404 0.222555 0.0667401 0.205059 0.976472 -0.83785 0 0 0 1 
39885980090018;0.98085;0.577017;0.988261 0.00289178 -0.152747 -0.0754374 -0.0286356 0.985607 -0.166611 0.122323 0.150067 0.169029 0.97412 -0.00748747 0 0 0 1 
39885980090019;1.01873;0.420694;0.997984 0.0465678 0.0431262 -0.173084 -0.0489406 0.997247 0.0557052 -0.247505 -0.0404134 -0.0577035 0.997515 0.795689 0 0 0 1 
39885980090020;0.349842;0.195759;0.976548 0.117027 0.180716 -0.177133 -0.0866592 0.982031 -0.167649 0.267077 -0.197088 0.148057 0.969142 0.351201 0 0 0 1 
39885980090021;0.142777;0.0382579;0.977972 -0.0171423 -0.208033 0.0693305 -0.00192748 0.995838 -0.0911201 0.000297571 0.20873 0.0895139 0.973868 -0.540664 0 0 0 1 
39885980090022;0.343863;0.151565;0.991198 0.0402497 0.126119 -0.0159541 -0.0346327 0.998322 -0.0464185 0.0945715 -0.127776 0.041642 0.990928 0.429146 0 0 0 1 
39885980090023;0.973502;0.859499;0.950514 0.0208232 -0.309984 0.155558 0.041013 0.980609 0.191632 -0.0907637 0.307963 -0.194863 0.931229 -0.547189 0 0 0 1 
39885980090024;1.13358;0.108207;0.998984 0.0339448 0.0296519 -0.0763452 -0.0325565 0.998406 -0.0461113 -0.0488447 -0.0311699 0.0450991 0.998496 -0.841242 0 0 0 1 
39885980090025;0.64818;0.403057;0.999079 -0.0367996 -0.0220496 -0.00788306 0.0351992 0.996993 -0.0690334 -0.189842 0.0245236 0.0681937 0.997371 0.104903 0 0 0 1 
39885980090026;1.25567;0.242891;0.990783 -0.0756659 0.112357 0.134761 0.0585552 0.987183 0.148461 -0.183089 -0.122151 -0.140514 0.982515 1.40869 0 0 0 1 
39885980090027;0.709211;0.304942;0.998747 0.0360089 0.0347523 -0.0396358 -0.035813 0.999339 -0.00624479 0.209121 -0.0349542 0.00499238 0.999376 0.493692 0 0 0 1 
39885980090028;1.02062;0.643147;0.999546 0.0294219 0.00645221 -0.00616602 -0.0294213 0.999567 -0.000197906 0.136276 -0.00645524 7.98407e-06 0.999979 0.559626 0 0 0 1 
39885980090029;0.737875;0.437584;0.993075 0.00363424 -0.117427 0.0136867 0.0174861 0.983816 0.178327 -0.165906 0.116174 -0.179146 0.976939 0.427595 0 0 0 1 
39885980090031;0.500388;0.263359;0.967093 0.0258238 -0.25311 0.405218 0.00395712 0.993189 0.116451 0.230498 0.254393 -0.11362 0.960403 -1.49023 0 0 0 1 
39885980090032;0.490152;0.542573;0.939169 -0.326413 -0.106844 0.0095016 0.331188 0.943088 0.0300016 -0.539457 0.0909708 -0.0635622 0.993823 -0.395397 0 0 0 1 
39885980090033;0.259006;0.370982;0.954756 -0.203275 -0.217072 0.204908 0.215669 0.975848 0.034762 -0.185469 0.204763 -0.080005 0.975536 -0.768853 0 0 0 1 
39885980090034;0.13399;0.247177;0.995314 -0.070723 -0.0659409 0.0530657 0.0668754 0.996025 -0.0588372 0.0259205 0.0698399 0.0541516 0.996087 -0.235162 0 0 0 1 
39885980090035;0.310003;0.210129;0.993707 0.0398834 -0.104673 0.382385 -0.0676672 0.958425 -0.277205 0.345035 0.0892658 0.282544 0.955092 0.254473 0 0 0 1 
39885980090036;0.791909;0.27154;0.905304 0.0520362 -0.421564 1.54872 0.0396412 0.977786 0.205823 -0.182959 0.422909 -0.203044 0.883131 -1.9597 0 0 0 1 
39885980090037;0.326129;0.359631;0.999669 0.0209602 0.0149467 0.0952849 -0.0203384 0.998968 -0.0406024 0.190891 -0.0157824 0.0402849 0.999064 0.324188 0 0 0 1 
39885980090038;0.582863;0.584411;0.999927 0.00905287 -0.00804761 0.0532429 -0.00943013 0.998796 -0.0481478 -0.00945111 0.00760204 0.0482202 0.998808 -0.086696 0 0 0 1 
39885980090039;0.172583;0.257124;0.999141 -0.0382981 -0.0158417 0.0207479 0.0377949 0.998807 -0.0309326 0.160787 0.0170075 0.0303073 0.999396 0.132151 0 0 0 1 
39885980090040;0.259945;0.229506;0.9968 -0.00891224 0.0794325 0.213906 -0.00611558 0.982348 0.186963 0.452504 -0.0796966 -0.186851 0.97915 -0.134245 0 0 0 1 
39885980090041;0.477445;0.548268;0.992419 -0.105503 0.0630297 0.10606 0.104907 0.994401 0.012697 -0.161262 -0.0640164 -0.00598852 0.997931 -0.117992 0 0 0 1 
39885980090042;0.418217;0.275054;0.996732 0.0806291 -0.00493465 0.398293 -0.0807517 0.996138 -0.0344747 0.655405 0.00213592 0.0347606 0.999393 0.308685 0 0 0 1 
39885980090043;0.341309;0.365801;0.989578 -0.0945048 -0.108647 0.155257 0.120392 0.956929 0.264184 -0.233539 0.0790007 -0.274511 0.958333 -0.747027 0 0 0 1 
39885980090044;0.352045;0.324182;0.930745 -0.130362 0.341642 0.0588047 0.0571355 0.974665 0.216251 0.0307821 -0.361177 -0.181755 0.914613 0.481189 0 0 0 1 
39885980090045;0.207777;0.360557;0.981688 -0.0649589 0.179079 0.15115 0.0671352 0.997725 -0.00611277 0.151482 -0.178275 0.0180233 0.983816 0.536194 0 0 0 1 
39885980090046;0.379302;0.333074;0.95755 0.0216356 0.287455 0.281535 0.0528158 0.967132 -0.248728 0.0766979 -0.283388 0.253352 0.924934 0.982073 0 0 0 1 
39885980090047;0.227046;0.231586;0.969844 0.0651105 0.23487 0.380245 -0.0795856 0.995435 0.0526772 0.358728 -0.230368 -0.0697809 0.970598 0.245651 0 0 0 1 
39885980090048;0.266999;0.184696;0.989056 0.0397558 0.142083 0.392949 -0.0105869 0.979654 -0.200416 0.212146 -0.14716 0.196719 0.969353 1.00776 0 0 0 1 
39885980090049;0.523967;0.254972;0.94484 0.0157028 0.327156 0.642282 -0.0956407 0.968545 0.229726 0.414621 -0.313257 -0.248344 0.916621 1.02795 0 0 0 1 
39885980090050;0.207409;0.276503;0.997412 -0.067176 -0.0256096 0.0361103 0.067362 0.997708 0.00646985 -0.116056 0.0251163 -0.00817822 0.999651 -0.0667894 0 0 0 1 
39885980090051;0.499446;0.1977;0.990795 0.064926 0.118784 0.610594 -0.0465503 0.987375 -0.151406 0.534165 -0.127114 0.144483 0.981309 0.0189589 0 0 0 1 
39885980090052;0.316512;0.281189;0.989969 0.0823793 0.114779 0.268748 -0.0619902 0.983306 -0.171075 0.559037 -0.126955 0.162243 0.97855 0.340146 0 0 0 1 
39885980090053;0.450592;0.319038;0.996847 -0.0719864 0.0333865 0.137279 0.0740283 0.995162 -0.0645985 0.254564 -0.0285748 0.0668664 0.997353 -0.423516 0 0 0 1 
39885980090054;0.48513;0.465162;0.982282 -0.185176 -0.0288454 0.0676892 0.182724 0.912111 0.366968 -0.302915 -0.0416434 -0.365737 0.929786 -0.654461 0 0 0 1 
39885980090055;0.127893;0.269845;0.991924 -0.119102 -0.0436134 0.138776 0.115998 0.990927 -0.0678878 -0.0297809 0.0513033 0.0622804 0.996739 0.0422855 0 0 0 1 
39885980090056;0.526201;0.44727;0.967793 -0.251553 -0.00988393 0.187465 0.25006 0.95603 0.15322 -0.132597 -0.0290935 -0.150757 0.988143 0.370655 0 0 0 1 
39885980090057;0.593626;0.335413;0.976613 0.0703802 -0.203158 1.11221 0.00618588 0.935316 0.353759 0.101081 0.214915 -0.346742 0.913007 -0.76705 0 0 0 1 
39885980090058;0.12749;0.187126;0.986262 0.0196239 -0.164018 0.241629 -0.0273051 0.998627 -0.0447087 0.257961 0.162915 0.048573 0.985444 -0.328041 0 0 0 1 
39885980090059;0.597495;0.368601;0.934757 -0.0724911 -0.347813 0.230659 -0.00343226 0.977075 -0.212866 0.22193 0.35527 0.200172 0.913079 0.20753 0 0 0 1 
39885980090060;0.466612;0.414065;0.98462 -0.174621 -0.00557078 0.191989 0.168911 0.959603 -0.225012 0.0640179 0.0446376 0.220611 0.97434 0.754229 0 0 0 1 
39885980090062;0.722072;0.617719;0.987955 0.033295 -0.151115 -0.064005 -0.0279473 0.99891 0.0373757 0.149636 0.152195 -0.0327023 0.987809 -0.290122 0 0 0 1 
39885980090063;0.21414;0.0563384;0.998177 0.0353956 0.0488951 -0.0416843 -0.0132018 0.918435 -0.395352 0.159793 -0.0589007 0.393985 0.917227 -0.334409 0 0 0 1 
39885980090064;0.937509;0.608516;0.999743 0.00182018 0.0226121 -0.0808627 0.00256942 0.981276 -0.19259 0.00140874 -0.0225392 0.192599 0.981019 -0.721675 0 0 0 1 
39885980090065;0.614008;0.345702;0.942621 0.105196 0.316858 -0.143823 -0.0111719 0.95847 -0.284975 0.198424 -0.333677 0.265084 0.904649 0.463932 0 0 0 1 
39885980090066;0.857809;0.194746;0.998412 -0.0290942 0.0482323 0.0527865 0.0333969 0.995296 -0.0909448 -0.427406 -0.0453595 0.0924113 0.994687 0.6086 0 0 0 1 
39885980090067;0.711929;0.678392;0.993912 -0.0194872 -0.108441 0.0645437 0.00472311 0.990865 -0.134772 -0.0100789 0.110077 0.133439 0.984925 -0.570876 0 0 0 1 
39885980090068;0.589386;0.158617;0.999918 -0.0126967 0.00156869 0.0242531 0.0126911 0.999913 0.00356763 -0.0302233 -0.00161385 -0.00354743 0.999992 0.489165 0 0 0 1 
39885980090069;0.410197;0.186186;0.99891 -0.0139464 -0.0445427 0.083875 0.0147266 0.999743 0.0172376 -0.0608007 0.0442909 -0.0178747 0.998859 -0.350695 0 0 0 1 
39885980090070;0.483885;0.191216;0.936814 0.0720501 0.342328 -0.0429862 -0.0828352 0.996419 0.0169696 0.152307 -0.33988 -0.0442542 0.939427 1.10808 0 0 0 1 
39885980090071;0.64931;0.582269;0.976578 -0.0456031 -0.210278 0.0772675 -0.0282802 0.941599 -0.335545 0.161496 0.213299 0.333633 0.918255 -0.823804 0 0 0 1 
39885980090072;0.398606;0.369081;0.999192 -0.0137717 0.0377663 0.00619965 0.00525698 0.976183 0.216885 -0.00557305 -0.0398537 -0.216512 0.975466 0.382755 0 0 0 1 
39885980090073;0.928997;0.66602;0.953778 0.102746 -0.282402 0.0532699 -0.0955564 0.994654 0.039155 0.405526 0.284916 -0.0103598 0.958497 -0.435334 0 0 0 1 
39885980090074;0.42064;0.254592;0.912712 0.014028 0.408363 0.139449 0.0202723 0.996625 -0.0795455 -0.0529277 -0.4081 0.0808805 0.909347 1.05246 0 0 0 1 
39885980090075;0.428471;0.178469;0.942841 0.079639 0.323586 -0.0110393 -0.136668 0.978015 0.15751 0.437518 -0.303928 -0.192731 0.932996 1.19055 0 0 0 1 
39885980090076;0.878954;0.680242;0.993633 0.00187493 0.112652 0.0485631 -0.00166294 0.999997 -0.0019757 -0.0207806 -0.112655 0.00177579 0.993633 0.69901 0 0 0 1 
39885980090077;0.395145;0.43165;0.998991 0.0448904 -0.00152319 -0.121396 -0.0442424 0.977588 -0.205826 -0.0232488 -0.00775054 0.205686 0.978587 -0.222184 0 0 0 1 
39885980090078;1.1758;0.146002;0.999234 -0.0307392 0.0242096 -0.0350085 0.0319052 0.998272 -0.0493462 -0.0755222 -0.0226509 0.0500809 0.998488 -0.972119 0 0 0 1 
39885980090079;1.02505;0.814924;0.963879 -0.02308 -0.265337 -0.0068945 -0.0467434 0.966116 -0.253839 0.0840593 0.262205 0.257073 0.930141 -0.506155 0 0 0 1 
39885980090080;0.475546;0.105132;0.99997 -0.00330173 -0.0069762 0.0338803 0.00314891 0.999757 -0.021805 -0.0043654 0.0070465 0.0217824 0.999738 -0.428602 0 0 0 1 
39885980090081;0.321616;0.0806913;0.945008 0.00161129 0.327044 0.151796 0.00638176 0.999707 -0.0233657 -0.0129759 -0.326986 0.0241679 0.94472 0.957309 0 0 0 1 
39885980090082;1.0641;0.401661;0.970468 0.0771698 0.228554 -0.285421 -0.0831877 0.996392 0.0167994 0.25933 -0.226434 -0.0353162 0.973386 -0.0333126 0 0 0 1 
39885980090083;0.893927;0.310343;0.946409 0.0278448 0.321767 -0.124545 -0.133715 0.940662 0.311891 0.152031 -0.29399 -0.338201 0.893974 0.755129 0 0 0 1 
39885980090084;0.543877;0.48352;0.996249 -0.015069 -0.0852102 0.0675599 0.00152597 0.987627 -0.156815 -0.383726 0.086519 0.156097 0.983945 -0.326961 0 0 0 1 
39885980090085;0.738131;0.634528;0.881177 0.0714989 0.467348 0.0783455 -0.0926973 0.99544 0.0224883 0.115175 -0.463609 -0.0631381 0.883787 0.974845 0 0 0 1 
39885980090086;0.60161;0.0687269;0.999518 0.0308847 0.00323738 -0.0402368 -0.0309847 0.998812 0.037622 0.0593388 -0.00207159 -0.0377041 0.999287 0.559464 0 0 0 1 
39885980090087;0.217577;0.146054;0.999517 0.0163157 -0.0264399 -0.0340265 -0.0156902 0.999596 0.0236973 -0.0540444 0.0268159 -0.023271 0.999369 -0.108734 0 0 0 1 
39885980090088;0.201974;0.111214;0.998985 -0.0171667 0.0416506 -0.00334517 0.0260714 0.974297 -0.223756 -0.00723892 -0.0367389 0.224614 0.973755 -0.244315 0 0 0 1 
39885980090089;0.645809;0.274325;0.913969 0.0184031 -0.405367 0.30919 0.0172842 0.996299 0.0842009 -0.171895 0.405416 -0.0839635 0.910268 -1.32627 0 0 0 1 
39885980090090;0.450371;0.298674;0.962042 0.0502094 0.268244 -0.0165103 -0.0661911 0.99651 0.0508657 0.148843 -0.264754 -0.0666903 0.962007 0.953146 0 0 0 1 
39885980090091;0.498519;0.214483;0.99702 0.00689855 -0.0768388 0.0292255 0.000842951 0.99496 0.100265 -0.135225 0.0771432 -0.100031 0.991989 0.315283 0 0 0 1 
39885980090093;0.227552;0.154738;0.981044 -0.0101169 0.193522 -0.0855976 0.000234552 0.998698 0.0510207 0.110815 -0.193787 -0.0500082 0.979768 0.459204 0 0 0 1 
39885980090094;0.336698;0.35596;0.983498 -0.121535 0.134017 0.482729 0.126045 0.991692 -0.0256656 0.114931 -0.129785 0.0421343 0.990647 -0.118515 0 0 0 1 
39885980090095;0.148785;0.114764;0.987084 -0.015417 -0.159462 0.0253325 0.00590758 0.998185 -0.0599374 0.101869 0.160096 0.0582212 0.985383 -0.178924 0 0 0 1 
39885980090096;0.662123;0.399224;0.973698 0.105832 -0.20177 -0.16998 -0.0460657 0.958728 0.280568 0.0967824 0.223135 -0.263894 0.938387 0.173485 0 0 0 1 
39885980090097;0.657715;0.421367;0.968085 0.0490159 0.245783 -0.298815 -0.0652285 0.996168 0.0582569 -0.369218 -0.241986 -0.0724297 0.967573 0.275811 0 0 0 1 
39885980090098;0.630821;0.233757;0.999699 0.0237278 -0.00618332 -0.254576 -0.0244638 0.948066 -0.317132 -0.0115921 -0.00166265 0.317188 0.948361 -0.304939 0 0 0 1 
39885980090099;0.628543;0.632525;0.956725 0.0730567 0.281672 -0.296185 -0.0669887 0.997268 -0.031126 0.995943 -0.283177 0.0109101 0.959006 0.638322 0 0 0 1 
39885980090100;0.425699;0.293338;0.956671 0.241899 0.162066 -1.18122 -0.213788 0.961432 -0.173044 0.65434 -0.197675 0.130898 0.971489 -0.551686 0 0 0 1 
39885980090101;0.696606;0.504973;0.999729 0.000822653 -0.0232696 -0.0985672 0.00375401 0.980607 0.19595 -0.0644743 0.0229796 -0.195984 0.980338 1.0994 0 0 0 1 
39885980090102;0.122477;0.0709561;0.999944 0.0090824 0.00550871 -0.0812472 -0.00912728 0.999925 0.00817745 0.0477433 -0.00543402 -0.00822727 0.999951 0.097207 0 0 0 1 
39885980090103;0.717527;0.43553;0.965482 0.166061 0.200668 -0.948769 -0.15297 0.985054 -0.0791806 0.284815 -0.210818 0.0457512 0.976454 0.148905 0 0 0 1 
39885980090104;0.685443;0.525378;0.998968 -0.0442714 -0.0101064 0.313245 0.0444277 0.998888 0.0158001 -0.159524 0.00939571 -0.0162328 0.999824 -0.192353 0 0 0 1 
39885980090105;0.47354;0.461594;0.99984 0.00855026 0.0157223 -0.0552422 -0.00888778 0.999729 0.0215245 -0.0146474 -0.015534 -0.0216608 0.999645 0.11374 0 0 0 1 
39885980090106;0.459683;0.176257;0.954276 0.160254 -0.252343 -0.551245 -0.132815 0.983559 0.122362 0.279759 0.267803 -0.0832523 0.95987 -0.434047 0 0 0 1 
39885980090107;0.891834;0.837832;0.976414 -0.199094 0.0835355 0.723219 0.198134 0.979977 0.0197173 -0.08855 -0.0857885 -0.00270106 0.99631 0.145398 0 0 0 1 
39885980090108;0.424446;0.228257;0.894724 -0.176279 0.410359 0.448256 0.135355 0.982626 0.126988 0.181971 -0.425614 -0.0580753 0.903039 0.475678 0 0 0 1 
39885980090109;0.495711;0.229127;0.960077 0.279629 -0.00769888 -1.33784 -0.279116 0.959422 0.0400526 0.743205 0.0185863 -0.0363047 0.999168 0.331357 0 0 0 1 
39885980090110;0.968235;0.745793;0.989095 -0.0771164 0.125475 0.386157 0.0455093 0.970297 0.237599 -0.336513 -0.14007 -0.229298 0.963225 1.86831 0 0 0 1 
39885980090111;0.425117;0.137447;0.998547 0.0491039 0.0221999 -0.349414 -0.0496768 0.998426 0.0260333 0.246315 -0.0208867 -0.0270983 0.999415 0.653086 0 0 0 1 
39885980090112;0.465914;0.272096;0.994584 0.100874 0.0250503 -0.4529 -0.0901562 0.957202 -0.275019 0.422775 -0.0517205 0.271271 0.961112 -0.970993 0 0 0 1 
39885980090113;0.34947;0.106983;0.994391 0.100707 0.0323268 -0.552436 -0.105609 0.928607 0.355718 0.504567 0.0058045 -0.357137 0.934034 1.51482 0 0 0 1 
39885980090114;0.0961654;0.0759529;0.996947 0.0600515 -0.0498969 -0.312362 -0.0595756 0.998163 0.0109721 0.120284 0.0504642 -0.00796599 0.998694 -0.112855 0 0 0 1 
39885980090115;0.726185;0.336468;0.98367 -0.09732 -0.1514 0.192627 0.0922147 0.994919 -0.0404013 0.30685 0.154562 0.0257803 0.987647 0.732217 0 0 0 1 
39885980090116;0.788969;0.929819;0.997359 -0.0623003 -0.0373197 0.101635 0.0607286 0.997276 -0.0418646 0.940146 0.0398262 0.0394877 0.998426 0.618998 0 0 0 1 
39885980090117;0.478045;0.211337;0.995621 0.048775 0.0797478 -0.319666 -0.0504972 0.998529 0.019722 0.216117 -0.0786686 -0.0236627 0.99662 0.736544 0 0 0 1 
39885980090118;0.326438;0.367686;0.995574 -0.0907164 0.0245495 0.33081 0.0899686 0.995492 0.0300252 0.257402 -0.0271626 -0.0276836 0.999248 0.325857 0 0 0 1 
39885980090119;0.735474;0.386438;0.982174 -0.0905931 0.164706 0.342558 0.0961521 0.995025 -0.026081 0.0967346 -0.161524 0.0414529 0.985998 0.821495 0 0 0 1 
39885980090120;0.723848;0.147701;0.993063 -0.00691161 0.117378 -0.111351 0.0171098 0.99614 -0.0860997 0.629947 -0.116329 0.0875108 0.989348 0.533014 0 0 0 1 
39885980090121;0.394688;0.295742;0.998597 0.0500802 -0.0172283 -0.275055 -0.0520139 0.988638 -0.141032 -0.108804 0.00996966 0.14173 0.989855 -0.217541 0 0 0 1 
39885980090122;0.722168;0.313848;0.984432 0.170229 0.0437754 -0.885827 -0.169128 0.985203 -0.0277595 0.283888 -0.0478532 0.0199237 0.998656 0.889525 0 0 0 1 
39885980090124;0.340489;0.0132595;0.994563 0.103951 0.00619867 0.31024 -0.103931 0.994579 -0.00344881 -0.664612 -0.00652357 0.00278582 0.999975 -0.36375 0 0 0 1 
39885980090125;0.370091;0.0634628;0.943596 0.0131541 0.330837 -0.280679 -0.0488484 0.993807 0.0998092 -0.283678 -0.327475 -0.11034 0.938395 -1.04786 0 0 0 1 
39885980090126;0.34208;0.0449881;0.908171 0.252136 0.334146 0.688783 -0.263956 0.964479 -0.0103625 -0.540264 -0.32489 -0.0787889 0.942464 -0.573636 0 0 0 1 
39885980090127;0.0863411;0.0309168;0.995846 -0.0212479 -0.0885448 -0.05329 0.0262249 0.998118 0.0554307 0.00866887 0.0872004 -0.0575225 0.994529 -0.0156957 0 0 0 1 
39885980090128;0.358883;0.0361917;0.980937 0.162874 0.105992 0.692221 -0.167642 0.985127 0.0376857 0.011905 -0.0982776 -0.054736 0.993653 0.249843 0 0 0 1 
39885980090129;0.382249;0.0916714;0.952986 0.302973 0.00489747 1.15712 -0.30298 0.952997 0.00071492 -0.680988 -0.00445067 -0.00216515 0.999988 -0.0300597 0 0 0 1 
39885980090130;0.323168;0.0327491;0.974612 0.179772 -0.133467 0.88442 -0.195837 0.973396 -0.118948 -0.0949066 0.108532 0.142066 0.983889 0.345875 0 0 0 1 
39885980090131;0.505537;0.0944871;0.999081 -0.0404006 -0.0143054 -0.537911 0.0395699 0.997744 -0.054235 -0.660831 0.0164642 0.0536191 0.998426 -0.221187 0 0 0 1 
39885980090132;0.44134;0.346154;0.999205 -0.0260656 -0.0301629 -0.169026 0.0227127 0.994042 -0.106609 0.131959 0.032762 0.105839 0.993843 0.802699 0 0 0 1 
39885980090133;0.275576;0.0549733;0.999314 -0.0356161 -0.0101122 -0.525463 0.0356821 0.999343 0.00642399 -0.10089 0.00987678 -0.00678041 0.999928 -0.163332 0 0 0 1 
39885980090134;0.264805;0.0614854;0.988339 -0.0921317 0.121237 -0.328007 0.119547 0.962622 -0.243038 0.0512289 -0.0943142 0.254697 0.962411 0.953002 0 0 0 1 
39885980090135;0.321182;0.215285;0.988362 0.149026 0.0305162 0.518135 -0.143721 0.98055 -0.133663 -0.134036 -0.0498419 0.127721 0.990557 0.705313 0 0 0 1 
39885980090136;0.536598;0.0191579;0.99176 0.0575688 -0.114447 -0.204489 -0.0722978 0.989002 -0.129024 0.108641 0.105761 0.136235 0.985015 1.50162 0 0 0 1 
39885980090137;0.239766;0.026881;0.99898 0.0310246 0.0328029 -0.079761 -0.0327626 0.998012 0.0538475 0.0498305 -0.0310671 -0.0548673 0.99801 -0.644376 0 0 0 1 
39885980090138;0.366462;0.0635956;0.948985 -0.297973 -0.103148 -1.13791 0.290218 0.953287 -0.0837744 0.248372 0.123292 0.0495652 0.991132 0.10323 0 0 0 1 
39885980090139;0.522118;0.333027;0.992575 0.116669 0.0343972 0.35395 -0.118679 0.990884 0.0637455 -0.637614 -0.0266465 -0.0673544 0.997373 0.181666 0 0 0 1 
39885980090140;0.328612;0.0197595;0.977899 -0.029484 -0.206989 -0.136057 0.0132107 0.996742 -0.0795659 0.0275599 0.20866 0.075073 0.975102 1.08078 0 0 0 1 
39885980090141;0.0802768;0.0114324;0.999131 -0.013293 0.0395136 -0.142453 0.0115038 0.998913 0.0451673 -0.0486123 -0.0400711 -0.0446735 0.998198 -0.135565 0 0 0 1 
39885980090142;0.374391;0.0509095;0.942089 0.234706 -0.239546 1.03426 -0.160874 0.943016 0.291274 -0.600844 0.294259 -0.235869 0.926163 -0.637319 0 0 0 1 
39885980090143;0.228673;0.0471069;0.987189 0.151547 -0.0499207 0.606281 -0.151771 0.988415 -0.000691021 -0.123331 0.0492377 0.00825868 0.998753 -0.148451 0 0 0 1 
39885980090144;0.446317;0.0806862;0.942475 0.334112 0.0104477 1.21126 -0.33427 0.942183 0.023548 -0.757537 -0.00197598 -0.0256858 0.999668 0.243266 0 0 0 1 
39885980090145;0.0431272;0.0177714;0.999738 0.00425741 0.0225057 -0.0418021 -0.00507002 0.999333 0.0361737 -0.0131546 -0.0223367 -0.0362783 0.999092 -0.166194 0 0 0 1 
39885980090146;0.329175;0.0250513;0.994683 -0.0946433 -0.0405909 -0.189766 0.0933412 0.995092 -0.0328621 0.404712 0.0435018 0.0288986 0.998635 0.641116 0 0 0 1 
39885980090147;0.155218;0.015042;0.998583 0.0481167 0.0227509 0.0167927 -0.0493673 0.997093 0.058039 -0.113735 -0.0198921 -0.0590799 0.998055 0.00772751 0 0 0 1 
39885980090148;0.427209;0.0171958;0.987183 0.142962 0.070938 0.306656 -0.122235 0.963082 -0.239859 -0.454965 -0.10261 0.228114 0.968212 1.47194 0 0 0 1 
39885980090149;0.211483;0.018446;0.985754 -0.110907 0.126448 -0.606759 0.110291 0.993828 0.011882 0.163085 -0.126985 0.00223331 0.991902 0.0865316 0 0 0 1 
39885980090150;0.560906;0.105867;0.953133 0.200562 -0.226522 1.02658 -0.221128 0.972791 -0.0691306 0.365198 0.206494 0.115981 0.97155 0.20772 0 0 0 1 
39885980090151;0.283425;0.0416914;0.953833 0.265983 0.139487 0.83152 -0.219255 0.934071 -0.281848 -0.416967 -0.205257 0.238253 0.949266 0.635479 0 0 0 1 
39885980090152;0.461176;0.0870435;0.92901 -0.346036 0.131146 -1.52841 0.34048 0.938114 0.0633768 0.220663 -0.144961 -0.0142251 0.989335 -0.383788 0 0 0 1 
39885980090153;0.364593;0.0165699;0.993824 0.0984528 0.0511887 -0.0118299 -0.101789 0.99253 0.0672596 -0.586389 -0.0441844 -0.0720547 0.996422 -0.710759 0 0 0 1 
39885980090155;0.220386;0.622627;0.999004 -0.044135 -0.00652644 0.0714789 0.0440134 0.998874 -0.017734 0.392124 0.00730178 0.017429 0.999821 -0.0154052 0 0 0 1 
39885980090156;0.547565;0.542983;0.961382 -0.0744095 0.264966 0.344937 0.0385151 0.989658 0.138177 0.133582 -0.272508 -0.122635 0.954306 1.31681 0 0 0 1 
39885980090157;0.178395;0.0959035;0.999863 -0.00819299 0.014397 0.00560947 0.00815356 0.999963 0.00279535 -0.0927785 -0.0144194 -0.00267758 0.999892 -0.0484336 0 0 0 1 
39885980090158;0.913519;0.591939;0.90842 0.0226373 0.417444 0.621271 -0.0827126 0.988526 0.126389 0.720596 -0.409794 -0.149342 0.89987 2.07812 0 0 0 1 
39885980090159;0.31181;0.292269;0.999639 0.0138494 -0.0230425 -0.178406 -0.0223547 0.904321 -0.426267 0.189437 0.0149342 0.426628 0.904304 -0.157265 0 0 0 1 
39885980090160;0.529179;0.159019;0.999727 -0.0110831 -0.0205835 -0.189091 0.0117314 0.99943 0.0316485 0.0694041 0.020221 -0.0318814 0.999287 0.47978 0 0 0 1 
39885980090161;0.588623;0.653164;0.984391 -0.0872943 0.152818 0.101363 0.0677706 0.989377 0.128611 0.362426 -0.162422 -0.116247 0.97985 1.07751 0 0 0 1 
39885980090162;0.825722;0.703009;0.980651 -0.185903 -0.0613557 0.332791 0.18512 0.982546 -0.0182514 0.108735 0.0636778 0.00654009 0.997949 -0.943957 0 0 0 1 
39885980090163;0.504725;0.257818;0.999606 0.0280285 -0.00174803 0.0484016 -0.0279401 0.998862 0.0386405 0.657916 0.00282908 -0.0385764 0.999252 0.046065 0 0 0 1 
39885980090164;0.244441;0.0988941;0.996795 0.0052171 -0.0798287 -0.022893 0.00504186 0.991791 0.127773 -0.0318804 0.0798399 -0.127766 0.988586 -0.402606 0 0 0 1 
39885980090165;0.707584;0.12674;0.999685 0.0213247 0.013205 -0.263207 -0.0215013 0.999679 0.0133802 0.358107 -0.0129154 -0.0136599 0.999823 -0.623789 0 0 0 1 
39885980090166;0.507941;0.718577;0.980475 0.127898 0.149365 -0.150322 -0.112547 0.987858 -0.107094 1.32418 -0.161249 0.0881921 0.982965 0.793273 0 0 0 1 
39885980090167;0.79424;0.603741;0.981926 -0.172339 -0.0782281 0.200634 0.16504 0.982006 -0.0917937 0.229507 0.0926401 0.0772239 0.9927 0.387061 0 0 0 1 
39885980090168;0.994365;0.454263;0.996675 0.0801929 -0.0144173 0.253843 -0.0807234 0.995892 -0.0410338 1.05533 0.0110674 0.0420612 0.999054 0.723038 0 0 0 1 
39885980090169;0.602224;0.459103;0.975692 0.14966 -0.160085 -0.0917474 -0.164336 0.982934 -0.082672 1.47482 0.14498 0.10697 0.983635 -0.696727 0 0 0 1 
39885980090170;0.878287;0.747825;0.982677 -0.0344229 -0.182101 -0.00736237 0.0737204 0.974118 0.21368 0.307715 0.170033 -0.223403 0.959781 0.361798 0 0 0 1 
39885980090171;0.174618;0.140983;0.990794 0.0760165 -0.112022 -0.0673726 -0.0729345 0.996843 0.0313642 0.382891 0.114053 -0.0229052 0.993211 -0.419568 0 0 0 1 
39885980090172;0.809772;0.0442272;0.999831 0.016604 -0.00792097 -0.338372 -0.0163895 0.999516 0.0264247 0.252273 0.00835589 -0.0262904 0.999619 0.731418 0 0 0 1 
39885980090173;0.12527;0.428057;0.998131 0.0178871 -0.0584349 -0.0564785 -0.0254894 0.990913 -0.132063 0.562031 0.0555417 0.133306 0.989517 -0.251581 0 0 0 1 
39885980090174;1.08358;0.774898;0.957553 0.0398927 0.285483 0.0224948 -0.057958 0.996797 0.0551101 0.947171 -0.28237 -0.0693168 0.956798 1.88288 0 0 0 1 
39885980090175;0.382051;0.144541;0.999868 0.0152363 0.00569468 -0.131845 -0.0153444 0.999693 0.0194316 0.153886 -0.00539687 -0.0195164 0.999795 0.438259 0 0 0 1 
39885980090176;1.01834;1.11618;0.955773 -0.026538 0.292906 -0.183149 0.0391426 0.998539 -0.037255 0.410455 -0.291489 0.0470724 0.955415 1.42213 0 0 0 1 
39885980090177;0.304463;0.267679;0.99892 -0.00285655 0.0463789 0.0240021 0.00127923 0.999421 0.0340035 0.225889 -0.0464492 -0.0339075 0.998345 -0.0489676 0 0 0 1 
39885980090178;0.543046;0.481171;0.995672 0.0218265 0.0903412 -0.220016 -0.0178893 0.998864 -0.0441638 0.382029 -0.0912026 0.0423565 0.994931 0.680707 0 0 0 1 
39885980090179;0.361753;0.192482;0.990348 0.000401285 -0.138604 -0.175861 -0.0051326 0.999416 -0.0337798 0.12467 0.138509 0.0341652 0.989772 -0.0864929 0 0 0 1 
39885980090180;0.25283;0.553599;0.997694 -0.0502452 -0.0456361 -0.0534395 0.0512131 0.998482 0.0202922 0.403988 0.0445472 -0.0225825 0.998752 0.0648832 0 0 0 1 
39885980090181;0.881259;0.97319;0.981807 -0.00653966 -0.189767 -0.0111615 0.0304935 0.991865 0.123585 0.186986 0.187415 -0.127123 0.97402 -0.0114383 0 0 0 1 
39885980090182;0.669254;0.677839;0.99525 0.0970229 0.00803042 0.0114868 -0.0971634 0.995077 0.0194995 0.726561 -0.00609899 -0.0201871 0.999778 -0.542955 0 0 0 1 
39885980090183;0.198594;0.291914;0.969186 0.0232166 0.245233 0.0848267 -0.0330998 0.998794 0.0362566 0.39752 -0.244095 -0.0432566 0.968786 0.908533 0 0 0 1 
39885980090184;0.838159;0.414677;0.999719 0.0230494 0.00556545 -0.103665 -0.0198731 0.942504 -0.333604 0.338511 -0.0129348 0.333399 0.942697 -0.715647 0 0 0 1 
39885980090186;1.03403;0.733103;0.999358 -0.00352807 0.035645 0.119738 0.00467234 0.999475 -0.0320698 -0.88507 -0.0355131 0.0322157 0.99885 -0.617481 0 0 0 1 
39885980090187;0.391456;0.0690179;0.998779 0.00375263 0.0492668 -0.0721895 -0.00785263 0.996494 0.0832928 -0.103304 -0.0487815 -0.0835779 0.995307 -0.120277 0 0 0 1 
39885980090188;0.19321;0.159656;0.995233 -0.0222944 -0.0949435 -0.0197881 0.0127866 0.994946 -0.0995967 -0.139332 0.0966841 0.0979079 0.990488 -0.546669 0 0 0 1 
39885980090189;0.694654;0.358289;0.97409 -0.0297943 0.224191 0.0831231 0.0150766 0.997634 0.0670759 -0.12511 -0.225659 -0.0619579 0.972234 1.25385 0 0 0 1 
39885980090190;0.710931;0.136315;0.999134 0.0193724 -0.0368131 -0.0917893 -0.00998013 0.97073 0.239966 0.0669684 0.0403844 -0.239391 0.970083 0.713592 0 0 0 1 
39885980090191;0.303973;0.198093;0.997159 0.0705704 0.0263271 -0.269836 -0.0707095 0.997487 0.00439027 0.169365 -0.0259511 -0.00623937 0.999644 -0.0984107 0 0 0 1 
39885980090192;0.937341;0.247269;0.99978 0.000601221 0.0209607 -0.0284843 -0.000677806 0.999993 0.00364681 -0.569637 -0.0209584 -0.00366021 0.999774 0.797472 0 0 0 1 
39885980090193;0.0973903;0.173967;0.999909 -0.00129528 0.0134545 -0.0943529 0.00114915 0.99994 0.0108631 -0.0681114 -0.0134677 -0.0108466 0.99985 0.06963 0 0 0 1 
39885980090194;0.330993;0.150975;0.999171 -0.0336871 0.0228457 -0.0357285 0.0346181 0.998532 -0.0416586 -0.389552 -0.0214088 0.0424149 0.998871 0.127116 0 0 0 1 
39885980090195;0.913121;0.232777;0.998987 0.0443426 -0.0077124 -0.126765 -0.044728 0.997176 -0.0603333 0.20999 0.00501528 0.0606171 0.998148 -0.888858 0 0 0 1 
39885980090196;0.843835;0.261673;0.993405 0.0851645 0.0767732 -0.143462 -0.0877725 0.99565 0.0312564 0.136943 -0.0737773 -0.0377888 0.996559 -0.494208 0 0 0 1 
39885980090197;0.709255;0.112145;0.998033 0.0527562 0.0338762 -0.130866 -0.0569848 0.988618 0.139241 -0.0361488 -0.0261448 -0.140897 0.989679 -0.438401 0 0 0 1 
39885980090198;1.04503;0.57965;0.998569 -0.00876687 -0.0527472 -0.0965189 0.00280144 0.99369 -0.112122 -0.0735636 0.0533973 0.111814 0.992293 0.609925 0 0 0 1 
39885980090199;0.0833687;0.100399;0.998927 -0.0150874 0.0437834 -0.0469074 0.0147499 0.999859 0.00802306 -0.147784 -0.0438983 -0.00736866 0.999009 0.117505 0 0 0 1 
39885980090200;1.06244;0.636443;0.999685 -0.020463 -0.0145455 -0.0580273 0.0202062 0.999641 -0.0175886 -0.0781594 0.0149002 0.0172892 0.99974 0.765654 0 0 0 1 
39885980090201;0.454509;0.326873;0.977946 -0.0345046 -0.205989 -0.0182666 0.0293334 0.999174 -0.0281065 -0.11726 0.206789 0.0214443 0.978151 -0.39814 0 0 0 1 
39885980090202;0.602175;0.335332;0.923127 0.0644669 -0.379052 -0.17079 -0.0355391 0.99593 0.0828313 0.0480023 0.382849 -0.0629926 0.921661 -0.914674 0 0 0 1 
39885980090203;0.367742;0.237583;0.912736 -0.0164668 0.408219 0.186426 -0.0534768 0.985775 0.159333 0.125129 -0.405036 -0.167259 0.898872 1.55854 0 0 0 1 
39885980090204;1.06319;0.181827;0.974412 0.0620988 0.216022 0.0740388 -0.0415166 0.994266 -0.0985477 -0.0219822 -0.220903 0.0870576 0.971403 1.6066 0 0 0 1 
39885980090205;0.675409;0.0889592;0.997631 0.0687471 0.00240882 -0.489319 -0.0684085 0.995179 -0.0702725 -0.126082 -0.00722824 0.0699412 0.997525 -0.279431 0 0 0 1 
39885980090206;0.947378;0.17598;0.995429 0.049585 0.0816198 -0.246108 -0.056438 0.994873 0.0839164 -0.207198 -0.0770404 -0.0881393 0.993124 1.15248 0 0 0 1 
39885980090207;0.975527;0.317245;0.998281 -0.0443131 -0.0383572 -0.0755768 0.0451109 0.998778 0.0201904 -0.136246 0.0374156 -0.021886 0.99906 -0.9372 0 0 0 1 
39885980090208;0.357335;0.404489;0.9691 0.0710724 0.236208 -0.174847 -0.0530332 0.995231 -0.0818727 -0.0494424 -0.2409 0.0668159 0.968247 0.497569 0 0 0 1 
39885980090209;0.567849;0.210617;0.989907 0.141318 0.0106096 -0.690825 -0.141414 0.989911 0.0088881 0.17744 -0.00924652 -0.0102987 0.999904 0.156782 0 0 0 1 
39885980090210;0.29383;0.209909;0.97605 0.00701461 0.217433 0.0206527 -0.0254528 0.996298 0.0821153 -0.0649303 -0.216052 -0.0856829 0.972615 1.00159 0 0 0 1 
39885980090211;0.573799;0.497779;0.997452 0.0390922 0.0596768 -0.377511 -0.011649 0.914522 -0.404368 -0.250587 -0.0703833 0.402642 0.912647 0.0237239 0 0 0 1 
39885980090212;0.324919;0.278192;0.991978 0.120366 -0.0386194 -0.176996 -0.116451 0.988996 0.091243 0.163592 0.049177 -0.0860138 0.99508 0.173908 0 0 0 1 
39885980090213;0.920265;0.242619;0.992114 -0.058471 -0.110865 0.0366174 0.0667453 0.995136 0.0724528 -0.62338 0.106089 -0.0792811 0.991191 0.506156 0 0 0 1 
39885980090214;0.527822;0.880421;0.998815 -0.00530851 0.0483694 -0.387986 0.00433295 0.999786 0.0202516 -0.482776 -0.0484665 -0.020018 0.998624 0.481588 0 0 0 1 
39885980090215;0.58213;0.511491;0.995937 -0.0321365 0.0841185 0.0157317 0.0353346 0.998697 -0.0368094 -0.186057 -0.082826 0.0396321 0.995776 0.264312 0 0 0 1 
39885980090217;1.03417;0.891007;0.999823 0.0119365 -0.0145133 0.0617151 -0.0126911 0.99851 -0.053068 0.123784 0.0138583 0.0532429 0.998485 -0.56209 0 0 0 1 
39885980090218;0.202378;0.221519;0.999446 0.018092 -0.0279193 -0.0501588 -0.0179402 0.999823 0.0056776 0.121958 0.0280171 -0.00517358 0.999594 -0.160676 0 0 0 1 
39885980090219;0.470141;0.647815;0.992736 -0.0548076 0.107108 0.0893264 0.0476071 0.996503 0.0686665 0.108211 -0.110497 -0.0630686 0.991873 0.430299 0 0 0 1 
39885980090220;1.3181;0.625528;0.978193 0.0514992 -0.201214 -0.0369607 -0.0661966 0.995554 -0.0670073 0.745718 0.196869 0.0788658 0.977253 -0.422585 0 0 0 1 
39885980090221;1.15923;1.00866;0.93714 -0.0256873 0.348007 -0.025083 0.0832218 0.984963 -0.151403 -0.15509 -0.338884 0.170848 0.925186 0.728674 0 0 0 1 
39885980090222;0.407338;0.1965;0.977247 -0.022034 0.210958 0.00920386 -0.00245825 0.993346 0.11514 0.0458223 -0.212091 -0.113039 0.97069 0.892423 0 0 0 1 
39885980090223;0.517255;0.447728;0.980885 0.00272046 0.194567 0.0343183 -0.0211792 0.995454 0.0928538 0.164304 -0.19343 -0.0951997 0.976484 0.812775 0 0 0 1 
39885980090224;1.08029;1.06253;0.991954 -0.028168 0.123424 -0.026099 0.0164396 0.995338 0.0950339 -0.0020653 -0.125525 -0.0922402 0.987793 0.533371 0 0 0 1 
39885980090225;0.715361;0.428444;0.996176 -0.022143 -0.0845134 0.0390639 -0.00037466 0.966257 -0.257581 0.112693 0.0873653 0.256628 0.962554 0.148156 0 0 0 1 
39885980090226;0.549209;0.502206;0.955775 -0.0265429 0.2929 0.0948943 -0.00454642 0.994467 0.104955 0.0482089 -0.294065 -0.101645 0.950365 1.00111 0 0 0 1 
39885980090227;1.15995;0.861231;0.957915 0.287051 0.000828391 0.492202 -0.286712 0.956637 0.0513917 1.40889 0.0139596 -0.0494664 0.998678 -0.483578 0 0 0 1 
39885980090228;0.215505;0.225708;0.995041 0.0834978 0.05405 0.0106786 -0.0825405 0.996393 -0.0197129 0.38539 -0.055501 0.0151538 0.998344 0.00207376 0 0 0 1 
39885980090229;0.121617;0.246012;0.999504 0.0314854 0.000109839 -0.0583121 -0.0314431 0.99797 0.0553766 0.182832 0.00163394 -0.0553526 0.998466 -0.0196606 0 0 0 1 
39885980090230;1.03093;0.815457;0.999935 0.0110327 0.00297747 0.126151 -0.0110368 0.999938 0.00137864 0.115445 -0.00296208 -0.00141141 0.999995 0.524674 0 0 0 1 
39885980090231;0.888653;0.788717;0.993424 -0.0031351 0.114454 -0.0111602 -0.0111978 0.992173 0.124371 0.12412 -0.113948 -0.124835 0.985613 0.525136 0 0 0 1 
39885980090232;0.59802;0.607809;0.983355 -0.035543 -0.178182 0.211656 -0.0239321 0.946797 -0.32094 0.313526 0.180109 0.319863 0.930187 -0.406601 0 0 0 1 
39885980090233;0.0427632;0.342966;0.994374 0.10587 0.00357835 0.0354816 -0.105872 0.99438 0.00036712 0.57459 -0.00351937 -0.000743902 0.999994 0.00218878 0 0 0 1 
39885980090234;0.404716;0.260469;0.987568 0.0904955 -0.128526 0.0720223 -0.0323405 0.917137 0.397259 0.228062 0.153826 -0.388163 0.908662 -0.440627 0 0 0 1 
39885980090235;0.881271;0.773459;0.991308 0.0612316 -0.116445 0.555066 -0.0813995 0.9808 -0.177216 0.931416 0.103358 0.185155 0.977259 -0.617207 0 0 0 1 
39885980090236;1.0378;0.288459;0.996528 0.0832301 -0.00206996 -0.0628272 -0.0832266 0.996529 0.00175444 0.43006 0.00220879 -0.00157608 0.999996 -0.825489 0 0 0 1 
39885980090237;0.452033;0.265552;0.977505 0.0619615 -0.201605 0.166509 0.0001394 0.955683 0.294396 0.128681 0.210912 -0.287802 0.934177 -0.768041 0 0 0 1 
39885980090238;0.922552;0.195081;0.950619 0.0352811 -0.308347 0.21219 -0.101708 0.974068 -0.202108 0.86445 0.29322 0.22349 0.929556 -0.361531 0 0 0 1 
39885980090239;0.393854;0.375264;0.995622 -0.0231961 -0.0905496 0.0626605 -0.00219541 0.96265 -0.270741 0.165805 0.0934477 0.269755 0.958384 -0.270259 0 0 0 1 
39885980090240;0.68439;0.300449;0.992811 0.119253 0.0102504 0.060173 -0.118019 0.989605 -0.0821738 0.863775 -0.0199433 0.0803733 0.996565 -0.241293 0 0 0 1 
39885980090241;0.655728;0.250019;0.960207 0.142126 0.240422 0.0440667 -0.0679189 0.953821 -0.292595 0.655725 -0.270905 0.264623 0.925519 0.322022 0 0 0 1 
39885980090242;0.353633;0.253829;0.908571 0.130337 0.396877 0.241395 -0.0201621 0.962653 -0.269986 0.330373 -0.417244 0.237299 0.877267 1.19576 0 0 0 1 
39885980090243;1.27115;1.12653;0.980518 0.193159 0.0356867 0.171356 -0.193696 0.980986 0.0122068 1.28151 -0.0326503 -0.0188813 0.999288 0.837905 0 0 0 1 
39885980090244;0.554019;0.612293;0.980392 -0.165678 0.106688 0.148817 0.138331 0.964214 0.226176 -0.206402 -0.140343 -0.206983 0.968226 0.317622 0 0 0 1 
39885980090245;0.651828;0.236517;0.998476 0.00898326 -0.054443 0.0485127 -0.0110461 0.999228 -0.0377086 0.309631 0.0540622 0.0382526 0.997805 0.28456 0 0 0 1 
39885980090246;0.546588;0.501767;0.994909 -0.0255103 -0.0974965 0.13774 0.03623 0.993292 0.109812 0.0656826 0.0940411 -0.112785 0.989159 -0.523909 0 0 0 1 
39885980090248;0.37448;0.33016;0.966901 -0.141072 0.212606 -0.0199994 0.131085 0.989527 0.0604336 0.293113 -0.218905 -0.0305638 0.975267 0.0201414 0 0 0 1 
39885980090249;0.482365;0.358314;0.994911 -0.0964436 -0.0291602 0.0820665 0.0971114 0.995021 0.0224202 0.102991 0.0268527 -0.0251379 0.999323 -0.331196 0 0 0 1 
39885980090250;0.869457;0.0974297;0.943102 0.0214339 0.331812 -0.0932988 -0.0864875 0.979384 0.182557 -0.679742 -0.321058 -0.200867 0.925513 0.332795 0 0 0 1 
39885980090251;0.521745;0.283215;0.998646 -0.0167633 -0.0492403 0.094613 0.0158538 0.999697 -0.0188036 -0.12338 0.0495407 0.0179975 0.99861 0.316093 0 0 0 1 
39885980090252;1.01023;0.10429;0.996007 0.0845517 0.0286499 0.288217 -0.0890452 0.963858 0.251095 -0.129435 -0.0063839 -0.252644 0.967538 -0.951383 0 0 0 1 
39885980090253;0.430197;0.0730228;0.973825 0.165062 -0.15627 0.0767659 -0.124901 0.962995 0.23883 0.264008 0.189909 -0.21306 0.958405 -0.0859324 0 0 0 1 
39885980090254;0.437029;0.14738;0.997877 -0.05553 0.0340358 0.00637355 0.0568533 0.997612 -0.0392298 0.173692 -0.0317761 0.0410816 0.99865 0.395039 0 0 0 1 
39885980090255;0.581357;0.0890868;0.997429 0.0421208 0.0579688 0.115911 -0.0450249 0.997747 0.049739 -0.275994 -0.0557432 -0.0522212 0.997079 0.406171 0 0 0 1 
39885980090256;0.383432;0.380231;0.980409 -0.192898 0.0398571 0.0215449 0.194107 0.98055 -0.0290659 0.358302 -0.0334752 0.036233 0.998783 0.000848427 0 0 0 1 
39885980090257;0.931685;0.203718;0.984159 0.163922 -0.0675358 -0.00225023 -0.16854 0.98324 -0.0695245 0.115989 0.0550073 0.0798057 0.995292 -0.841832 0 0 0 1 
