#;prob_registration_l1 -r /home/probabilistic_point_clouds_registration/build/tester /home/point_clouds_registration_benchmark//devel/registration_pairs/pioneer_slam_local.txt /home/point_clouds_registration_benchmark//tum/pioneer_slam -s 0.1 -t 0.1 -p 0.3 -r 1000 -m 15 -i 40 
id;initial_error;final_error;transformation
1807261650000;0.252801;0.148443;0.996382 0.0185794 0.0829276 -0.124443 -0.0153085 0.999086 -0.039906 0.125877 -0.0835933 0.0384922 0.995756 0.177205 0 0 0 1 
1807261650001;0.370505;0.124544;0.972142 0.120071 0.201301 -0.088144 -0.158332 0.96966 0.186253 0.476954 -0.17283 -0.212937 0.961659 0.860674 0 0 0 1 
1807261650002;0.611698;0.201653;0.999923 0.0123721 -0.00124025 0.11678 -0.0124017 0.999538 -0.0277464 -0.611163 0.000896396 0.0277596 0.999614 0.569324 0 0 0 1 
1807261650003;0.65444;0.312453;0.970817 0.233594 -0.0542932 0.241713 -0.229241 0.970397 0.0760121 0.720521 0.0704419 -0.0613476 0.995628 -0.978469 0 0 0 1 
1807261650004;0.70178;0.341261;0.933753 0.298956 0.1968 0.0158621 -0.272103 0.95014 -0.152298 0.937843 -0.232518 0.0886587 0.968543 1.41599 0 0 0 1 
1807261650005;0.564667;0.100862;0.99421 -0.106705 0.0126523 0.146839 0.106851 0.994209 -0.0114467 0.00899956 -0.0113576 0.0127323 0.999854 0.779263 0 0 0 1 
1807261650006;0.456118;0.145204;0.997498 -0.0226676 -0.0669623 -0.214618 0.0127043 0.989258 -0.145628 0.369289 0.069544 0.144412 0.987071 -0.674577 0 0 0 1 
1807261650007;0.0911852;0.0370955;0.997806 0.0147667 0.0645351 -0.112227 -0.015991 0.999701 0.0184958 0.0394982 -0.0642427 -0.0194873 0.997744 0.257961 0 0 0 1 
1807261650008;0.628711;0.275003;0.957811 -0.0602717 0.281007 0.580671 0.0256941 0.991805 0.125149 -0.366637 -0.286247 -0.112649 0.951511 0.73094 0 0 0 1 
1807261650009;0.268333;0.291975;0.990773 -0.135195 -0.00956082 0.0575976 0.13519 0.990819 -0.00124753 -0.215512 0.0096417 -5.65088e-05 0.999954 -0.120816 0 0 0 1 
1807261650010;0.71038;0.273269;0.957878 0.286745 0.0157021 0.0838964 -0.286829 0.957976 0.00334907 0.790485 -0.0140819 -0.00771181 0.999871 -0.837992 0 0 0 1 
1807261650011;0.818748;0.260217;0.928557 0.371186 -0.00176487 0.00752406 -0.371189 0.92853 -0.00708379 1.3165 -0.000990666 0.0072328 0.999973 -0.860699 0 0 0 1 
1807261650012;0.646177;0.0402745;0.999997 -0.00238432 0.000987676 0.180605 0.00242944 0.998819 -0.0485302 -0.609963 -0.000870798 0.0485325 0.998821 -0.721877 0 0 0 1 
1807261650013;0.5425;0.0945532;0.990513 0.0261877 -0.134901 0.0699821 -0.0335969 0.998032 -0.0529427 -0.0710143 0.133249 0.0569727 0.989444 -1.15868 0 0 0 1 
1807261650014;0.402811;0.150367;0.948021 0.183394 -0.260043 0.304854 -0.152805 0.979197 0.133503 0.407947 0.279117 -0.0868275 0.956324 -1.38448 0 0 0 1 
1807261650015;0.62098;0.220665;0.92545 -0.32242 0.198966 0.37047 0.320939 0.946231 0.0405615 -0.627347 -0.201346 0.0263185 0.979167 1.29979 0 0 0 1 
1807261650016;0.314215;0.251667;0.996477 0.068032 -0.0490489 -0.0768486 -0.0660376 0.996966 0.0411966 0.215122 0.0517028 -0.0378124 0.997946 0.010559 0 0 0 1 
1807261650017;0.544853;0.169009;0.952447 0.0981774 -0.288456 0.182806 -0.195516 0.923002 -0.331423 0.797402 0.233707 0.372061 0.898305 -1.077 0 0 0 1 
1807261650018;0.870541;0.406861;0.927396 0.349064 0.134504 -0.0194196 -0.341886 0.936826 -0.0739684 1.26808 -0.151826 0.022613 0.988148 1.23884 0 0 0 1 
1807261650019;0.408282;0.233307;0.980974 0.194125 -0.00222775 -0.275307 -0.194137 0.980948 -0.00726523 0.343782 0.000774937 0.00755949 0.999971 0.324448 0 0 0 1 
1807261650020;0.378251;0.0616869;0.963718 0.0255477 -0.265698 0.127848 -0.119106 0.931975 -0.342397 0.502566 0.238877 0.36162 0.901204 -0.895802 0 0 0 1 
1807261650021;0.0584465;0.101324;0.999815 0.00725727 -0.0178112 0.0159298 -0.00732547 0.999966 -0.00376657 -0.139461 0.0177832 0.00389635 0.999834 -0.0238271 0 0 0 1 
1807261650022;0.492617;0.179824;0.981425 -0.0943286 -0.167053 0.240052 0.0816635 0.993351 -0.0811411 -0.0767955 0.173596 0.0659918 0.982603 -1.15433 0 0 0 1 
1807261650023;0.436303;0.319511;0.963442 0.2659 0.0328263 -0.0303903 -0.266759 0.963431 0.025288 0.781666 -0.0249018 -0.0331202 0.999141 0.184112 0 0 0 1 
1807261650024;0.611538;0.1887;0.996311 -0.0114227 0.0850561 0.0799352 0.0179371 0.996929 -0.0762239 0.365295 -0.0839243 0.0774684 0.993456 -0.404241 0 0 0 1 
1807261650025;0.222007;0.149731;0.992653 -0.0907359 -0.0800473 -0.115735 0.0798251 0.988254 -0.130317 -0.216203 0.0909314 0.122969 0.988236 -0.119466 0 0 0 1 
1807261650026;0.125003;0.032941;0.998078 -0.00651482 -0.0616255 -0.145647 9.77697e-05 0.994623 -0.103564 0.0719795 0.0619688 0.103359 0.992712 -0.0854133 0 0 0 1 
1807261650027;0.446617;0.298339;0.94449 -0.322017 0.0651435 0.204156 0.31435 0.943397 0.105767 -0.883506 -0.0955148 -0.0794177 0.992255 0.407536 0 0 0 1 
1807261650028;0.18577;0.217834;0.989351 0.133666 -0.0576069 0.0704047 -0.136128 0.989836 -0.0411469 0.0766452 0.0515214 0.0485506 0.997491 -0.170228 0 0 0 1 
1807261650029;0.503137;0.299984;0.991295 0.0494961 -0.122002 0.0652553 -0.0763537 0.971026 -0.226446 0.499247 0.107259 0.233791 0.966353 -0.250391 0 0 0 1 
1807261650031;0.869936;0.847013;0.999953 0.00451712 -0.00858791 0.0191788 -0.00235733 0.971611 0.236573 -0.0598635 0.00941274 -0.236541 0.971576 -0.942702 0 0 0 1 
1807261650032;0.361529;0.260595;0.975439 -0.0121964 -0.21993 0.00518721 -0.0278481 0.983625 -0.178061 0.116335 0.2185 0.179812 0.959127 0.28869 0 0 0 1 
1807261650033;0.495733;0.482639;0.99882 0.00888041 0.0477539 0.0193436 -0.00872066 0.999956 -0.00355273 0.0221365 -0.0477834 0.00313209 0.998853 0.0434125 0 0 0 1 
1807261650034;1.09057;0.815903;0.994843 0.0952549 -0.0348359 0.421019 -0.0970394 0.993829 -0.0537373 0.367935 0.0295022 0.0568406 0.997947 0.702194 0 0 0 1 
1807261650035;0.885672;0.830838;0.989678 0.0788248 -0.119686 0.274498 -0.0600739 0.986414 0.1529 0.191514 0.130112 -0.144132 0.980967 -0.0939387 0 0 0 1 
1807261650036;0.893017;0.166575;0.988307 0.0202438 0.15113 0.0736873 -0.033413 0.995811 0.0851136 0.12185 -0.148774 -0.0891681 0.984843 0.712778 0 0 0 1 
1807261650037;0.513994;0.308721;0.999901 -0.0104046 0.00951652 0.0886883 0.00957308 0.996453 0.0835999 0.0592325 -0.0103526 -0.0835005 0.996454 -0.512147 0 0 0 1 
1807261650038;0.984234;0.438406;0.920494 0.0315728 0.389478 -0.126875 -0.0126348 0.998614 -0.051091 0.388542 -0.390552 0.042108 0.919617 -0.237456 0 0 0 1 
1807261650039;0.787771;0.234154;0.986585 0.0624372 0.150837 0.0946157 -0.0413418 0.989408 -0.139148 0.258792 -0.157928 0.131045 0.978717 -0.144834 0 0 0 1 
1807261650040;0.449489;0.0675577;0.972384 -0.00841976 0.233236 -0.0314646 -0.000473737 0.999276 0.0380486 0.0184476 -0.233388 -0.0371084 0.971675 0.534054 0 0 0 1 
1807261650041;0.636202;0.38444;0.999949 0.00907887 -0.00436081 0.107051 -0.00902576 0.999887 0.0120492 0.116921 0.00446971 -0.0120093 0.999918 -0.350731 0 0 0 1 
1807261650042;0.394001;0.347012;0.999951 7.78577e-05 -0.00991557 -0.0364073 -0.000195883 0.999929 -0.0119026 0.0459445 0.00991394 0.011904 0.99988 0.0733225 0 0 0 1 
1807261650043;0.493104;0.293617;0.968705 0.0480769 0.243514 0.158807 -0.0505066 0.998717 0.00374032 0.200717 -0.243021 -0.0159223 0.96989 0.262057 0 0 0 1 
1807261650044;0.603128;0.42801;0.999436 0.0257086 -0.0216 0.0184796 -0.0254514 0.999603 0.0120977 0.118172 0.0219025 -0.0115412 0.999693 -0.444986 0 0 0 1 
1807261650045;0.822026;0.325317;0.99508 -0.00895971 -0.0986637 0.0683355 0.0469454 0.919635 0.389959 -0.365426 0.0872407 -0.392672 0.915531 -1.86093 0 0 0 1 
1807261650046;0.726796;0.68505;0.999366 0.014114 -0.0326773 -0.0188492 -0.0178615 0.992925 -0.117392 0.307154 0.0307892 0.117901 0.992548 0.778708 0 0 0 1 
1807261650047;0.841796;0.484542;0.998189 -0.00855968 -0.0595357 -0.044663 0.00776928 0.999879 -0.013495 0.105432 0.059644 0.013008 0.998135 0.633894 0 0 0 1 
1807261650048;0.923373;0.0706932;0.984259 0.012902 0.176258 0.070223 -0.0480161 0.979339 0.196444 0.173994 -0.170082 -0.201815 0.964543 0.420118 0 0 0 1 
1807261650049;0.894299;0.725095;0.967992 -0.00566019 0.250919 0.00693925 -0.0196492 0.994968 0.0982468 0.065158 -0.250213 -0.100032 0.963009 0.507353 0 0 0 1 
1807261650050;0.776112;0.669764;0.9885 0.0285788 0.148498 0.0513197 0.0105303 0.966588 -0.25612 0.495126 -0.150856 0.254738 0.955171 1.24736 0 0 0 1 
1807261650051;0.472646;0.266453;0.98655 -1.08935e-06 0.16346 0.0114676 -0.00210315 0.999917 0.0127 0.107173 -0.163447 -0.012873 0.986468 0.490873 0 0 0 1 
1807261650052;0.367213;0.307926;0.999256 -0.00310486 0.0384504 -0.00959564 -0.00472452 0.979401 0.201868 -0.0460204 -0.0382851 -0.2019 0.978658 -0.42276 0 0 0 1 
1807261650053;0.543637;0.223;0.910841 -0.0396416 -0.410849 0.049244 -0.0588381 0.972742 -0.224299 0.241558 0.408542 0.228475 0.883681 0.291713 0 0 0 1 
1807261650054;0.296591;0.325033;0.991363 0.0396733 -0.125 0.148424 -0.0602842 0.984333 -0.165694 0.30534 0.116468 0.171799 0.978223 0.208014 0 0 0 1 
1807261650055;0.546573;0.423654;0.96831 0.0429758 -0.246025 0.0901965 0.0426087 0.942216 0.332286 0.120228 0.246089 -0.332239 0.910526 -0.889467 0 0 0 1 
1807261650056;0.638977;0.280811;0.999199 0.00846523 -0.0391026 -0.113095 -0.00992118 0.999259 -0.0371914 0.214684 0.0387588 0.0375495 0.998543 0.35747 0 0 0 1 
1807261650057;0.733154;0.661116;0.999564 0.0163425 -0.0245902 -0.0134804 -0.0206765 0.981979 -0.187858 0.505658 0.0210769 0.188285 0.981888 0.466365 0 0 0 1 
1807261650058;1.00454;0.909251;0.97324 0.0759447 -0.21688 0.277718 -0.0644814 0.996146 0.0594621 0.314552 0.22056 -0.0438861 0.974386 -0.0525633 0 0 0 1 
1807261650059;0.328863;0.254119;0.959912 -0.0769106 0.269544 -0.203923 -0.0387671 0.915951 0.399413 -0.0744808 -0.277608 -0.393851 0.876251 -0.713691 0 0 0 1 
1807261650060;0.479524;0.406576;0.99997 0.00757765 -0.00130555 0.0105122 -0.00761744 0.9994 -0.0337922 0.0231523 0.0010487 0.0338012 0.999428 -0.0888962 0 0 0 1 
1807261650062;0.610394;0.141036;0.996106 0.0823607 -0.0314708 0.257013 -0.0834263 0.995927 -0.034194 0.241367 0.0285264 0.0366863 0.99892 -0.643168 0 0 0 1 
1807261650063;0.0702684;0.117556;0.999386 0.00565147 0.0345894 -0.00488848 -0.00489136 0.999746 -0.0220207 0.133902 -0.034705 0.021838 0.999159 0.0446691 0 0 0 1 
1807261650064;0.431381;0.159061;0.973491 -0.12741 -0.189951 -0.419974 0.113219 0.990028 -0.0838223 -0.0988635 0.198737 0.0600943 0.978209 -0.311686 0 0 0 1 
1807261650065;0.67345;0.187749;0.983748 0.0403586 -0.174959 0.113016 0.0423517 0.894762 0.44453 0.255518 0.174488 -0.444716 0.878511 -1.91045 0 0 0 1 
1807261650066;0.179936;0.209724;0.994112 -0.107193 -0.0158669 -0.495307 0.10675 0.993932 -0.0265319 0.197846 0.0186147 0.0246819 0.999522 0.104423 0 0 0 1 
1807261650067;0.697139;0.537584;0.996123 -0.0834105 -0.0279419 -0.0722629 0.0857231 0.991724 0.0955761 0.233302 0.0197386 -0.0976008 0.99503 -1.05616 0 0 0 1 
1807261650068;0.609754;0.586769;0.994505 -0.102414 -0.0217155 -0.33236 0.102976 0.994329 0.0265569 0.478449 0.0188726 -0.0286471 0.999411 0.0110038 0 0 0 1 
1807261650069;0.14606;0.193401;0.997624 -0.0567424 -0.0390712 -0.247578 0.0566401 0.998388 -0.00372129 0.186668 0.0392194 0.00149945 0.999229 -0.0335057 0 0 0 1 
1807261650070;0.531087;0.137506;0.982512 0.0710426 -0.172116 0.377345 -0.00679095 0.937411 0.34816 0.0670881 0.186078 -0.340902 0.921499 -1.87265 0 0 0 1 
1807261650071;0.140553;0.121692;0.992797 -0.00840856 -0.119514 -0.028814 0.000205435 0.997652 -0.0684846 0.279522 0.119809 0.0679668 0.990468 0.133238 0 0 0 1 
1807261650072;0.380476;0.33398;0.996227 0.00297943 -0.0867301 0.0714859 -0.0063842 0.999219 -0.0390062 -0.0188423 0.0865461 0.0394127 0.995468 -0.0797929 0 0 0 1 
1807261650073;0.531138;0.235807;0.981896 -0.140317 0.127249 -0.410835 0.0900242 0.936732 0.338273 -0.235831 -0.166664 -0.320694 0.932405 -0.762128 0 0 0 1 
1807261650074;0.56209;0.14721;0.949987 0.177477 0.256955 0.6875 -0.165144 0.983854 -0.0689852 0.761975 -0.26505 0.0231004 0.963958 0.432574 0 0 0 1 
1807261650075;0.57785;0.137192;0.999191 -0.0402248 0.000273359 -0.202548 0.0402231 0.99918 0.00468665 0.686806 -0.000461654 -0.00467187 0.999989 -0.484214 0 0 0 1 
1807261650076;0.523862;0.289495;0.990186 -0.0947716 -0.102711 -0.460761 0.077812 0.98435 -0.158115 0.614763 0.116088 0.148571 0.982064 0.970315 0 0 0 1 
1807261650077;0.611234;0.513661;0.999908 -0.000997583 0.0135242 0.0374599 0.00338757 0.984048 -0.177872 -0.0760334 -0.013131 0.177902 0.983961 0.343078 0 0 0 1 
1807261650078;0.330727;0.141829;0.948915 0.0462215 -0.312129 0.284809 -0.0341497 0.998446 0.044035 0.202973 0.31368 -0.0311263 0.949019 0.0683785 0 0 0 1 
1807261650079;0.421945;0.30641;0.912114 -0.148113 -0.382243 -0.518958 0.103474 0.985437 -0.134931 -0.107371 0.396661 0.0835201 0.914158 0.51901 0 0 0 1 
1807261650080;0.560936;0.18035;0.973724 0.148862 -0.172343 0.760335 -0.20097 0.917642 -0.342848 0.289416 0.107112 0.368475 0.923446 1.21961 0 0 0 1 
1807261650081;0.503671;0.124795;0.983119 0.103073 0.151171 0.358263 -0.126049 0.980424 0.151261 0.0923505 -0.13262 -0.167762 0.976866 -1.25956 0 0 0 1 
1807261650082;0.722741;0.318686;0.997345 0.0727776 -0.00245908 0.410646 -0.0727776 0.995068 -0.0673951 -0.0152921 -0.00245791 0.0673952 0.997723 -0.546205 0 0 0 1 
1807261650083;0.552134;0.269915;0.99878 -0.0355511 -0.0342694 -0.00189464 0.0327265 0.996279 -0.0797294 -0.290387 0.0369764 0.0785106 0.996227 0.0170025 0 0 0 1 
1807261650084;0.867721;0.419934;0.979122 0.166538 -0.11656 1.00415 -0.147017 0.976152 0.15973 0.387609 0.140381 -0.139259 0.980255 -0.907771 0 0 0 1 
1807261650085;0.404997;0.138103;0.978349 -0.153882 -0.138398 -0.662837 0.0900873 0.91867 -0.384616 -0.0685627 0.186328 0.36382 0.912643 1.00494 0 0 0 1 
1807261650086;0.258185;0.184377;0.998428 -0.0554463 0.00821984 -0.184604 0.0559804 0.993791 -0.0961522 0.211318 -0.00283753 0.0964611 0.995333 0.593007 0 0 0 1 
1807261650087;0.211815;0.157196;0.99783 0.0551273 0.0360085 0.226377 -0.0527849 0.996614 -0.0630483 0.0876754 -0.0393622 0.0610107 0.997361 0.264032 0 0 0 1 
1807261650088;0.669831;0.467703;0.992781 -0.0892041 -0.0801742 -0.148554 0.061874 0.953559 -0.294783 0.520233 0.102747 0.287694 0.952195 0.528375 0 0 0 1 
1807261650089;0.143654;0.157295;0.992482 0.0545133 0.109577 0.143407 -0.059256 0.997421 0.0404994 0.0659021 -0.107087 -0.0466881 0.993153 -0.0665492 0 0 0 1 
1807261650090;0.732491;0.403804;0.99642 0.0514817 -0.0670587 0.114174 -0.0587521 0.992038 -0.111395 0.795587 0.06079 0.114936 0.991511 0.510005 0 0 0 1 
1807261650091;0.403612;0.125941;0.987028 0.144603 -0.0697608 0.647706 -0.119415 0.951647 0.283034 0.0248579 0.107315 -0.271032 0.956569 -0.773796 0 0 0 1 
1807261650093;1.16071;0.284662;0.88359 0.29803 0.361173 -0.421051 -0.298677 0.95274 -0.0554775 0.176591 -0.360638 -0.0588548 0.930847 -0.251039 0 0 0 1 
1807261650094;0.696816;0.436425;0.980451 0.182275 0.0741035 -0.145342 -0.180869 0.983181 -0.0253137 -0.0742452 -0.0774712 0.0114158 0.996929 -0.0655781 0 0 0 1 
1807261650095;0.832378;0.359079;0.945634 0.125639 0.299985 0.396609 -0.132105 0.991235 0.00128429 0.179682 -0.297195 -0.0408441 0.953943 -0.0592649 0 0 0 1 
1807261650096;1.24922;0.411432;0.958456 0.23684 0.158962 0.138928 -0.162408 0.911256 -0.378465 -0.418735 -0.234491 0.336925 0.911864 0.758422 0 0 0 1 
1807261650097;1.57732;0.308863;0.947828 0.143355 0.28473 0.36404 -0.200114 0.962837 0.181384 0.111382 -0.248146 -0.2289 0.941291 0.925271 0 0 0 1 
1807261650098;0.431654;0.306339;0.94669 -0.287479 0.145374 -0.0261582 0.295524 0.954631 -0.0366903 -0.237658 -0.12823 0.0776957 0.988696 0.284971 0 0 0 1 
1807261650099;1.43162;0.273932;0.979408 -0.178937 0.0934956 0.598869 0.197933 0.942285 -0.27004 0.388729 -0.0397793 0.282985 0.958299 0.576526 0 0 0 1 
1807261650100;0.198846;0.161529;0.992177 -0.0446552 -0.11658 0.175701 0.0569863 0.992872 0.104679 -0.131327 0.111075 -0.110504 0.987649 -0.0845752 0 0 0 1 
1807261650101;0.403364;0.240286;0.990528 -0.0907284 0.103067 0.1153 0.0953026 0.99463 -0.0403486 -0.14627 -0.098853 0.049789 0.993856 -0.177153 0 0 0 1 
1807261650102;0.400187;0.287335;0.993243 -0.0507313 0.104377 -0.158721 0.0529664 0.99842 -0.0187525 -0.185832 -0.103261 0.0241542 0.994361 0.00903178 0 0 0 1 
1807261650103;1.02195;0.391267;0.95288 0.231149 0.196444 0.0555161 -0.258597 0.957508 0.127694 -0.265713 -0.15858 -0.172477 0.972165 0.597548 0 0 0 1 
1807261650104;1.18672;0.228326;0.998377 -0.0249578 0.0511897 -0.121279 0.0193753 0.994093 0.106791 -0.525872 -0.0535526 -0.105626 0.992963 -0.596167 0 0 0 1 
1807261650105;1.18857;0.637234;0.990426 0.024827 0.13579 -0.246789 -0.0294942 0.999038 0.0324675 -0.504875 -0.134854 -0.0361617 0.990205 0.179472 0 0 0 1 
1807261650106;0.708535;0.273662;0.994728 -0.0283112 0.0985625 -0.245336 0.0271478 0.999545 0.0131243 -0.307478 -0.0988892 -0.0103793 0.995044 0.24968 0 0 0 1 
1807261650107;0.503291;0.204989;0.999197 0.0067973 -0.0394739 0.0737177 -0.00446579 0.998257 0.0588552 -0.107143 0.0398051 -0.0586317 0.997486 0.244859 0 0 0 1 
1807261650108;1.52224;0.391658;0.944595 -0.2173 0.246011 0.0650737 0.243436 0.96653 -0.0809806 0.529091 -0.22018 0.136382 0.965878 -0.346691 0 0 0 1 
1807261650109;0.339127;0.183267;0.937358 -0.113897 0.329222 -0.0707185 0.0969808 0.993001 0.0674134 -0.0723561 -0.334596 -0.0312624 0.941843 0.206409 0 0 0 1 
1807261650110;0.998065;0.124834;0.964653 -0.238894 0.111236 0.115337 0.22605 0.967106 0.116651 -0.150267 -0.135444 -0.0873827 0.986924 -0.526956 0 0 0 1 
1807261650111;0.873902;0.243907;0.971677 0.135046 0.193921 0.153616 -0.14605 0.988318 0.0435487 -0.444113 -0.185775 -0.0706376 0.98005 0.416827 0 0 0 1 
1807261650112;0.213542;0.144955;0.994294 -0.0328224 -0.101503 0.136681 0.0398531 0.996887 0.068032 -0.0953479 0.0989537 -0.071689 0.992506 -0.150219 0 0 0 1 
1807261650113;1.08553;0.411433;0.962523 -0.222011 0.155758 -0.191833 0.246748 0.955227 -0.163268 -0.719515 -0.112537 0.195582 0.974209 -0.0797555 0 0 0 1 
1807261650114;0.757919;0.396791;0.950774 0.304496 0.0575498 0.300576 -0.284354 0.931079 -0.228549 0.00112501 -0.123176 0.200934 0.97183 0.542182 0 0 0 1 
1807261650115;1.40826;0.924349;0.982272 0.121902 0.142415 -0.156571 -0.131349 0.989585 0.0588988 0.271245 -0.133752 -0.0765607 0.988053 0.312375 0 0 0 1 
1807261650116;0.547781;0.16975;0.98789 0.149072 0.0430259 0.0853407 -0.152917 0.982397 0.107296 -0.111268 -0.0262737 -0.112576 0.993296 0.278011 0 0 0 1 
1807261650117;1.14474;0.150216;0.944724 0.304074 -0.122618 -0.175422 -0.275624 0.939098 0.205249 0.427583 0.177561 -0.160107 0.970998 -0.423422 0 0 0 1 
1807261650118;1.22447;0.373469;0.94981 0.253141 -0.183794 -0.0865282 -0.286202 0.940362 -0.183871 0.0634204 0.126288 0.227245 0.965614 -0.52302 0 0 0 1 
1807261650119;1.49971;0.367298;0.99437 0.0982657 -0.0396489 0.15346 -0.101012 0.99209 -0.074521 0.561847 0.0320125 0.0781065 0.996431 -0.733773 0 0 0 1 
1807261650120;0.30517;0.352796;0.929788 0.207367 0.304128 0.181627 -0.230374 0.972221 0.0414059 0.0644327 -0.287093 -0.108562 0.951731 0.186626 0 0 0 1 
1807261650121;1.42718;0.127517;0.945393 0.31938 0.065033 0.441247 -0.325606 0.934404 0.144467 -0.731666 -0.0146272 -0.157753 0.98737 0.250764 0 0 0 1 
1807261650122;1.45607;0.217046;0.954706 -0.183702 0.234075 -0.20856 0.222674 0.962886 -0.152533 -0.358537 -0.197367 0.197747 0.960178 -0.661497 0 0 0 1 
1807261650124;1.36594;4.2174;0.0116551 -0.971598 0.236351 2.15864 0.973966 -0.0424854 -0.222679 -0.383082 0.226396 0.232793 0.945808 0.332582 0 0 0 1 
1807261650125;0.804333;3.89085;0.338055 -0.85287 0.39791 1.52588 -0.180292 0.356283 0.916819 0.152935 -0.923696 -0.381676 -0.0333225 0.685069 0 0 0 1 
1807261650126;0.880272;4.25324;0.218872 -0.838517 0.498984 1.98694 0.902255 0.368633 0.223709 -0.308888 -0.371526 0.401247 0.837239 0.371166 0 0 0 1 
1807261650127;1.55898;4.47351;0.122699 -0.954002 0.273542 1.84764 0.983115 0.0791339 -0.164995 -0.226666 0.135759 0.289168 0.947603 -1.01461 0 0 0 1 
1807261650128;0.837192;4.4137;0.344493 -0.867574 0.358663 1.58986 0.93466 0.28117 -0.21761 -0.338267 0.0879476 0.410193 0.907748 -0.20946 0 0 0 1 
1807261650129;0.284015;4.02508;0.253029 -0.960508 -0.115764 2.00016 0.0477539 -0.107112 0.993099 -0.300815 -0.966279 -0.256811 0.0187654 0.317342 0 0 0 1 
1807261650130;0.193395;4.27051;-0.0815342 -0.995015 -0.0574153 2.18407 0.377049 -0.0841196 0.922365 -0.432822 -0.922597 0.0535559 0.382029 0.328469 0 0 0 1 
1807261650131;0.6404;4.60098;0.186617 -0.937652 0.293229 2.25598 0.980905 0.194471 -0.0024134 -0.00602513 -0.0547617 0.28808 0.956039 -0.0963546 0 0 0 1 
1807261650132;1.48669;4.43084;0.141504 -0.956718 0.254298 2.65215 0.9883 0.151298 0.0192753 0.118811 -0.0569158 0.248595 0.966934 -0.605271 0 0 0 1 
1807261650133;0.878362;4.57382;0.373111 -0.86637 0.33195 2.02575 0.918936 0.394391 -0.00354474 -0.479758 -0.127847 0.306363 0.94329 0.0734169 0 0 0 1 
1807261650134;0.764145;1.45894;0.304101 0.91439 -0.267232 0.0273843 -0.0780972 0.303502 0.949625 -0.616075 0.949433 -0.267912 0.163707 0.344563 0 0 0 1 
1807261650135;0.938287;4.26327;0.094024 -0.942986 0.319276 2.08216 0.98796 0.0488003 -0.146813 -0.269786 0.122862 0.329236 0.93622 0.200947 0 0 0 1 
1807261650136;0.165136;4.37221;0.355759 -0.902885 0.241317 2.00059 0.933039 0.357939 -0.0362967 -0.262173 -0.0536051 0.238071 0.969767 -0.266559 0 0 0 1 
1807261650137;0.685906;4.38934;0.475835 -0.811934 0.338148 1.97639 0.874753 0.396842 -0.278071 -0.22783 0.0915839 0.428112 0.899073 0.0554178 0 0 0 1 
1807261650138;1.14592;4.01442;0.48014 -0.701542 0.526597 1.55584 0.808966 0.586251 0.0434159 -0.742823 -0.339176 0.405153 0.849006 -0.243954 0 0 0 1 
1807261650139;0.608764;4.44158;0.150423 -0.959435 0.238448 2.19721 0.986336 0.162035 0.02975 -0.416055 -0.0671802 0.230715 0.970699 -0.553904 0 0 0 1 
1807261650140;1.51409;4.48098;0.309834 -0.911863 0.269273 1.6831 0.943783 0.329281 0.0291288 0.33803 -0.115228 0.24511 0.962623 0.199714 0 0 0 1 
1807261650141;0.713806;4.19531;0.136638 -0.990008 0.0348375 1.88388 0.812016 0.0917903 -0.576372 -0.312773 0.567415 0.107043 0.816445 -0.376995 0 0 0 1 
1807261650142;1.81337;4.28863;0.237721 -0.91786 0.31784 1.76769 0.948255 0.148392 -0.280699 -0.183918 0.210477 0.368122 0.905641 0.622714 0 0 0 1 
1807261650143;1.33398;4.33244;0.224754 -0.879422 0.419645 2.09745 0.958238 0.121327 -0.258958 0.166743 0.17682 0.460322 0.869965 0.258738 0 0 0 1 
1807261650144;0.523192;4.08561;0.391968 -0.85479 0.340141 1.70981 0.894728 0.440226 0.0752542 -0.148849 -0.214065 0.274836 0.937359 -0.25762 0 0 0 1 
1807261650145;1.32014;4.36733;0.131265 -0.949048 0.286492 2.71188 0.990252 0.139107 0.00710136 -0.542021 -0.0465926 0.282767 0.958056 -0.327305 0 0 0 1 
1807261650146;0.396214;4.05927;0.552449 -0.676108 0.487522 1.6752 0.808806 0.576243 -0.117373 -0.249375 -0.201575 0.459153 0.865185 -0.166792 0 0 0 1 
1807261650147;1.75836;4.52882;-0.0442753 -0.98669 0.15647 1.86118 0.900991 0.0282228 0.432918 -0.840403 -0.431572 0.160146 0.887749 -0.757848 0 0 0 1 
1807261650148;1.81564;4.81865;0.395344 -0.838155 0.375765 2.37472 0.910698 0.304354 -0.279279 -0.979081 0.119714 0.45262 0.883631 0.00558405 0 0 0 1 
1807261650149;1.27562;4.49995;0.00508826 -0.981138 0.193243 2.23425 0.9429 0.0690661 0.325836 -0.690763 -0.333037 0.180551 0.925466 -0.770613 0 0 0 1 
1807261650150;1.69552;4.37496;0.233112 -0.884021 0.405174 2.44944 0.971599 0.194308 -0.135052 -0.412397 0.0406602 0.425149 0.90421 0.524016 0 0 0 1 
1807261650151;1.06641;4.25743;0.161339 -0.944466 0.286275 1.90823 0.971406 0.203175 0.12284 -0.490682 -0.174182 0.258271 0.95024 -0.768227 0 0 0 1 
1807261650152;1.1455;4.32658;0.22467 -0.950093 0.21644 2.33359 0.974358 0.216256 -0.0621235 -0.540187 0.0122166 0.224848 0.974317 0.0502333 0 0 0 1 
1807261650153;0.956413;4.62433;0.281397 -0.910731 0.3023 2.51365 0.958906 0.278784 -0.052716 -0.45649 -0.0362662 0.304711 0.951754 -0.228779 0 0 0 1 
1807261650155;0.606131;0.418171;0.997702 -0.0189509 -0.0650517 0.0640895 0.0215288 0.999001 0.0391598 0.0436432 0.0642446 -0.0404703 0.997113 -0.553129 0 0 0 1 
1807261650156;0.187806;0.0547135;0.998355 -0.0573178 0.00135201 -0.218666 0.0573072 0.998333 0.00688758 -0.112483 -0.00174454 -0.00679877 0.999975 0.185552 0 0 0 1 
1807261650157;0.551788;0.363757;0.996623 -0.0775615 0.0269685 -0.344602 0.0810003 0.98251 -0.167669 -0.117968 -0.0134921 0.169288 0.985474 0.956569 0 0 0 1 
1807261650158;0.699792;0.540724;0.996725 -0.0541657 -0.0600493 -0.275951 0.0575307 0.996783 0.0558013 -0.0548634 0.0568336 -0.0590732 0.996634 -0.602245 0 0 0 1 
1807261650159;0.309546;0.0870409;0.990521 0.104201 -0.0894979 0.439911 -0.121589 0.968266 -0.21835 -0.0575095 0.0639055 0.227162 0.971758 1.07066 0 0 0 1 
1807261650160;0.485518;0.388643;0.998444 -0.0429838 -0.035533 -0.213366 0.0493882 0.977439 0.205364 -0.127525 0.025904 -0.2068 0.97804 -0.811514 0 0 0 1 
1807261650161;0.330335;0.0853419;0.998182 -0.0591751 0.0114216 -0.334811 0.0587233 0.912362 -0.405152 -0.345332 0.0135543 0.405086 0.914178 1.34962 0 0 0 1 
1807261650162;0.550603;0.50664;0.996628 0.0818931 0.00515438 0.196208 -0.0819044 0.996638 0.00201431 -0.114529 -0.00497209 -0.00242968 0.999985 -0.0227994 0 0 0 1 
1807261650163;0.739956;0.401155;0.992548 0.0380642 0.115759 0.189772 -0.0296385 0.996843 -0.0736563 -0.83308 -0.118197 0.0696765 0.990543 0.66716 0 0 0 1 
1807261650164;0.228506;0.0758796;0.956915 0.118305 0.265175 0.447754 -0.12501 0.992119 0.00849067 -0.0976199 -0.26208 -0.0412744 0.964163 -0.209606 0 0 0 1 
1807261650165;0.0638727;0.0749377;0.999891 -0.00225911 0.0146162 -0.00472659 0.00256365 0.999779 -0.020851 -0.080956 -0.0145659 0.0208862 0.999676 0.160031 0 0 0 1 
1807261650166;0.691573;0.0724152;0.959003 -0.2809 -0.0375259 -1.14214 0.283071 0.955803 0.0794429 -0.906711 0.0135519 -0.0868085 0.996133 0.00368064 0 0 0 1 
1807261650167;0.645574;0.327754;0.951994 0.016672 0.305662 0.157316 -0.0767336 0.979633 0.185556 0.289858 -0.296343 -0.200103 0.933884 -0.952923 0 0 0 1 
1807261650168;0.448255;0.396871;0.996701 0.0266406 0.0766594 0.117678 0.00397785 0.927415 -0.374012 -0.398177 -0.081059 0.373084 0.92425 1.47294 0 0 0 1 
1807261650169;0.539907;0.381924;0.997483 0.0249234 -0.0663742 0.125546 -0.0184322 0.995146 0.0966719 -0.484491 0.0684614 -0.0952052 0.993101 -0.77373 0 0 0 1 
1807261650170;0.652735;0.301517;0.951 0.130786 0.280167 0.642118 -0.133567 0.990997 -0.00923113 0.150063 -0.278852 -0.0286423 0.959907 0.504902 0 0 0 1 
1807261650171;0.437786;0.272363;0.955035 0.163918 0.247062 0.590991 -0.214939 0.956738 0.196097 0.00749703 -0.204229 -0.240383 0.94895 -0.544306 0 0 0 1 
1807261650172;0.513271;0.400276;0.989748 0.00714624 -0.142645 -0.215949 -0.00665395 0.99997 0.00392791 -0.669057 0.142669 -0.00293849 0.989766 0.0588844 0 0 0 1 
1807261650173;0.421662;0.0868777;0.924154 -0.135741 -0.357092 -0.479842 0.130322 0.990692 -0.039316 0.151879 0.359105 -0.0102031 0.933241 -0.371791 0 0 0 1 
1807261650174;0.342158;0.0934616;0.994704 0.0874391 -0.0540281 0.364728 -0.101579 0.916532 -0.386847 -0.145829 0.0156929 0.390286 0.92056 1.30774 0 0 0 1 
1807261650175;0.695425;0.368631;0.998912 -0.0457311 0.00914654 -0.0368461 0.0453724 0.998314 0.0361894 0.646711 -0.0107861 -0.035735 0.999303 -0.324065 0 0 0 1 
1807261650176;0.628882;0.454838;0.997716 0.0497285 0.0457066 0.233879 -0.0457469 0.995383 -0.0843761 -0.221594 -0.0496915 0.0820925 0.995385 -0.212683 0 0 0 1 
1807261650177;0.385778;0.0620425;0.999518 -0.0281553 -0.0130818 -0.113605 0.0281156 0.9996 -0.003203 0.0479248 0.0131667 0.00283365 0.999909 0.462127 0 0 0 1 
1807261650178;0.865032;0.443976;0.993194 -0.0173886 0.115168 -0.097052 0.0263084 0.996731 -0.0763883 -0.022868 -0.113464 0.0788982 0.990404 1.1892 0 0 0 1 
1807261650179;0.799283;0.0818511;0.90051 -0.254315 -0.352712 -1.39032 0.243808 0.966941 -0.0747255 -0.317059 0.360055 -0.0187027 0.932744 0.572762 0 0 0 1 
1807261650180;0.951142;0.109317;0.916729 0.372986 0.14314 1.6539 -0.324354 0.904041 -0.278397 0.122101 -0.233243 0.208787 0.94974 1.79884 0 0 0 1 
1807261650181;0.58947;0.113881;0.98458 -0.172889 0.0266779 -0.875059 0.171962 0.984522 0.0338339 -0.775905 -0.0321145 -0.0287246 0.999071 0.0782641 0 0 0 1 
1807261650182;0.51362;0.303147;0.992348 0.0205196 -0.121753 0.0402699 -0.0267776 0.998391 -0.0499869 0.256571 0.120532 0.0528647 0.991301 -0.169758 0 0 0 1 
1807261650183;0.518467;0.118242;0.960727 0.153989 -0.230848 0.887587 -0.175475 0.981584 -0.0755048 0.32198 0.214969 0.113048 0.970056 0.426047 0 0 0 1 
1807261650184;0.540083;0.0616345;0.975152 -0.221212 0.0119842 -0.88472 0.220648 0.974659 0.0368063 -0.695463 -0.0198225 -0.0332474 0.999251 -0.427645 0 0 0 1 
1807261650186;0.453969;0.304385;0.998448 -0.0464357 -0.0307337 0.0761132 0.0493225 0.993661 0.101016 0.00228852 0.0258482 -0.102375 0.99441 0.0258383 0 0 0 1 
1807261650187;0.217396;0.0618925;0.997744 0.0268421 -0.0615308 -0.0715235 -0.0252813 0.999342 0.0260061 0.0549284 0.0621884 -0.0243919 0.997766 -0.45225 0 0 0 1 
1807261650188;0.833964;0.124868;0.983965 -0.00370884 0.178324 -0.038543 -0.0349408 0.976404 0.213105 0.254527 -0.174907 -0.215919 0.960618 1.31724 0 0 0 1 
1807261650189;0.543168;0.0827059;0.868022 0.362859 -0.338926 0.231959 -0.355782 0.930677 0.085202 0.484165 0.346347 0.0466269 0.936947 -1.13434 0 0 0 1 
1807261650190;0.468639;0.129543;0.925149 -0.235831 0.297462 -0.0036942 0.257453 0.965652 -0.0351348 -0.831564 -0.278959 0.109087 0.954087 1.10275 0 0 0 1 
1807261650191;0.203867;0.0947652;0.992669 0.0489649 0.110504 -0.198217 -0.0416032 0.99682 -0.06797 -0.0590485 -0.113481 0.0628744 0.991549 0.457735 0 0 0 1 
1807261650192;0.50492;0.287783;0.9875 0.153729 0.0348111 0.358871 -0.146796 0.977405 -0.152084 0.153087 -0.0574043 0.145073 0.987754 0.0375847 0 0 0 1 
1807261650193;0.791638;0.183314;0.987338 -0.156464 -0.0261377 -0.000139265 0.156701 0.98762 0.00724925 -0.515166 0.0246799 -0.0112533 0.999632 -1.01077 0 0 0 1 
1807261650194;0.736741;0.168769;0.977098 0.207892 -0.0453877 0.375493 -0.212691 0.960666 -0.17856 0.161065 0.00648124 0.184124 0.982882 -0.680297 0 0 0 1 
1807261650195;0.187863;0.126446;0.974396 0.0348518 -0.22212 0.0870703 -0.0150025 0.99579 0.0904317 -0.011373 0.224337 -0.084784 0.970817 -0.644111 0 0 0 1 
1807261650196;0.587609;0.143264;0.993469 0.108411 -0.0355982 -0.171733 -0.112706 0.981025 -0.157758 -0.162242 0.01782 0.16074 0.986836 0.690318 0 0 0 1 
1807261650197;0.541762;0.0436092;0.958737 0.284271 -0.0037665 -0.263715 -0.284057 0.958389 0.0283128 0.954507 0.0116583 -0.0260746 0.999592 -0.20405 0 0 0 1 
1807261650198;0.789459;0.302618;0.994452 0.0369558 -0.0984839 0.345152 -0.0485755 0.991785 -0.118332 0.0448886 0.0933018 0.122459 0.988078 -0.928453 0 0 0 1 
1807261650199;0.344499;0.129748;0.991899 -0.063061 -0.110275 0.0997358 0.0544035 0.995323 -0.0798303 -0.0487242 0.114793 0.0731842 0.99069 -0.522572 0 0 0 1 
1807261650200;0.665434;0.326158;0.995317 0.0966404 -0.00203091 0.0700708 -0.0966128 0.995262 0.0109238 -0.332279 0.00307697 -0.0106764 0.999938 -0.0388383 0 0 0 1 
1807261650201;0.637949;0.11621;0.997905 0.0632918 -0.0133999 -0.518203 -0.0633557 0.997981 -0.00440174 -0.193288 0.0130943 0.00524148 0.999901 -0.293233 0 0 0 1 
1807261650202;0.360138;0.0987767;0.993259 0.115659 -0.00771016 -0.297406 -0.115837 0.992836 -0.0292983 0.265547 0.0042663 0.029994 0.999541 -0.369744 0 0 0 1 
1807261650203;0.394841;0.124925;0.898779 -0.131487 -0.418219 0.250736 0.174565 0.982412 0.0662821 -0.575555 0.402148 -0.132579 0.905925 -1.16012 0 0 0 1 
1807261650204;0.612524;0.144503;0.999406 -0.0343045 -0.00336661 -0.0736414 0.0344168 0.998503 0.0425158 -0.17483 0.00190308 -0.0426064 0.99909 0.748289 0 0 0 1 
1807261650205;0.404722;0.173643;0.884364 0.203927 -0.419897 0.280265 -0.269969 0.95727 -0.103687 0.670477 0.38081 0.205056 0.90163 -0.919472 0 0 0 1 
1807261650206;0.626556;0.122522;0.965817 -0.255579 -0.0433154 -0.509494 0.249932 0.962444 -0.106001 -0.937401 0.0687803 0.091552 0.993422 0.434866 0 0 0 1 
1807261650207;0.542445;0.12572;0.999688 -0.0146565 0.0202108 -0.172214 0.0147395 0.999884 -0.00396311 -0.289549 -0.0201503 0.00425977 0.999788 0.727707 0 0 0 1 
1807261650208;0.417306;0.0744871;0.950106 -0.0380981 -0.309591 0.0475587 -0.00518444 0.990447 -0.137795 0.114227 0.311883 0.132525 0.940833 -1.07518 0 0 0 1 
1807261650209;0.115948;0.071359;0.997975 -0.0238179 -0.0589767 -0.0624734 0.019955 0.99767 -0.0652436 0.014588 0.0603932 0.0639347 0.996125 -0.129973 0 0 0 1 
1807261650210;0.290494;0.131648;0.978023 0.205532 0.0350307 0.061042 -0.192249 0.954015 -0.229991 0.579958 -0.0806904 0.218202 0.972562 0.342694 0 0 0 1 
1807261650211;0.634223;0.427235;0.980936 0.138346 -0.136475 0.445874 -0.15981 0.973855 -0.161455 0.278706 0.11057 0.180187 0.977398 -0.300726 0 0 0 1 
1807261650212;0.518398;0.0643025;0.929003 0.240174 -0.28155 0.153174 -0.214611 0.969442 0.118843 0.676385 0.30149 -0.049982 0.952158 -1.25292 0 0 0 1 
1807261650213;0.562773;0.32044;0.990695 -0.13598 0.00571093 0.110815 0.129419 0.954216 0.26967 -0.206107 -0.0421193 -0.266422 0.962936 -0.144791 0 0 0 1 
1807261650214;0.522212;0.532685;0.990406 0.103145 0.0919624 -0.00766151 -0.119459 0.973589 0.194561 0.104575 -0.0694656 -0.20368 0.97657 0.157487 0 0 0 1 
1807261650215;0.876402;0.170271;0.915911 -0.345831 -0.203736 0.591945 0.337688 0.938297 -0.0746053 -1.36781 0.216966 -0.000467512 0.976179 -0.792561 0 0 0 1 
1807261650217;0.532131;0.447119;0.982552 -0.00728067 0.185846 -0.174892 -0.0344144 0.974862 0.220138 -0.17761 -0.182777 -0.222692 0.957602 -0.762042 0 0 0 1 
1807261650218;0.499155;0.399177;0.995608 -0.0396581 -0.0847999 -0.245538 0.0481098 0.993817 0.100066 -0.132362 0.0803072 -0.103706 0.991361 -0.15568 0 0 0 1 
1807261650219;0.721512;1.04743;0.932106 -0.358182 -0.0537112 -1.06963 0.360013 0.93249 0.0292123 -1.80555 0.0396219 -0.0465657 0.998129 -0.579934 0 0 0 1 
1807261650220;0.121853;0.205751;0.989417 -0.112135 0.0920878 -0.417416 0.109176 0.993349 0.0365758 -0.313467 -0.0955768 -0.0261349 0.995079 -0.0461624 0 0 0 1 
1807261650221;0.995809;0.302823;0.996442 -0.0842515 0.0022339 -0.457469 0.0842456 0.996441 0.00265593 -0.305534 -0.00244972 -0.00245828 0.999994 -0.851688 0 0 0 1 
1807261650222;1.09618;0.719155;0.999419 -0.0337393 0.00484721 -0.251695 0.0335812 0.998996 0.0296566 -0.677561 -0.00584293 -0.0294766 0.999548 -0.954159 0 0 0 1 
1807261650223;0.826304;0.579369;0.996568 -0.0822787 0.00909902 -0.370823 0.081936 0.996085 0.0331799 -0.388892 -0.0117934 -0.0323205 0.999408 -0.373036 0 0 0 1 
1807261650224;0.375842;0.0778685;0.995701 -0.0405233 -0.083296 -0.180971 0.0622928 0.958459 0.278345 -0.399212 0.0685563 -0.282337 0.956862 -1.09509 0 0 0 1 
1807261650225;0.55112;0.914189;0.990721 -0.133142 -0.0272927 -0.755018 0.129268 0.985116 -0.113295 -1.00016 0.041971 0.108716 0.993186 0.484539 0 0 0 1 
1807261650226;0.761509;0.677348;0.997977 -0.0593191 -0.0228919 -0.31997 0.0592818 0.998239 -0.00230432 -0.137281 0.0229882 0.000942589 0.999735 0.396653 0 0 0 1 
1807261650227;0.75985;0.640967;0.99947 0.0230034 -0.0230234 0.0177936 -0.0220653 0.998948 0.0402007 0.1073 0.0239239 -0.0396714 0.998926 -0.293176 0 0 0 1 
1807261650228;0.464961;0.477547;0.997924 -0.0446066 -0.0464524 -0.199896 0.0477749 0.996438 0.0694922 -0.209307 0.0431871 -0.0715672 0.9965 -0.446351 0 0 0 1 
1807261650229;0.961907;0.424523;0.976145 0.0240488 0.215782 0.00923725 -0.0737986 0.971425 0.225582 0.0861593 -0.204191 -0.236125 0.950027 0.238454 0 0 0 1 
1807261650230;1.24871;0.384532;0.961503 -0.0635807 -0.267336 -0.0520704 0.0858281 0.993679 0.0723631 -0.493667 0.261045 -0.0925223 0.960882 -1.60543 0 0 0 1 
1807261650231;0.35278;0.258658;0.978918 -0.0587753 -0.195615 -0.19713 0.0226812 0.983061 -0.181871 -0.185926 0.202991 0.1736 0.963669 0.173544 0 0 0 1 
1807261650232;0.725754;0.608452;0.974504 -0.0214668 -0.223343 -0.0291598 0.0563324 0.986938 0.150933 -0.287368 0.217185 -0.159666 0.962984 -0.73297 0 0 0 1 
1807261650233;0.807473;0.733262;0.995306 0.0191136 0.0948748 -0.0211905 -0.0277354 0.995519 0.0904065 0.09258 -0.0927216 -0.0926135 0.991376 -0.242538 0 0 0 1 
1807261650234;0.330571;0.0631113;0.994943 -0.0952472 -0.0318955 -0.327026 0.0943241 0.99511 -0.0292975 -0.233847 0.03453 0.0261408 0.999062 0.303406 0 0 0 1 
1807261650235;0.476097;0.184327;0.995271 0.073312 -0.0637255 0.119353 -0.0594383 0.978518 0.197408 -0.253145 0.0768289 -0.192687 0.978248 -0.242579 0 0 0 1 
1807261650236;0.451212;0.435904;0.914922 -0.0438705 -0.40124 -0.104988 0.00713561 0.995678 -0.0925939 -0.152922 0.403568 0.0818531 0.911281 -0.0471525 0 0 0 1 
1807261650237;0.797582;0.348787;0.948149 -0.0052133 0.317782 -0.333489 -0.0487778 0.985633 0.161705 -0.381225 -0.31406 -0.168821 0.934273 -0.664861 0 0 0 1 
1807261650238;1.08583;1.05414;0.987919 -0.141461 -0.0632861 -0.732356 0.140484 0.989888 -0.0196405 -0.858224 0.0654245 0.0105125 0.997802 0.832307 0 0 0 1 
1807261650239;1.02135;0.810625;0.968475 0.13025 0.212347 -0.0517107 -0.0957791 0.981588 -0.165259 -0.238556 -0.229963 0.139711 0.963119 0.0366328 0 0 0 1 
1807261650240;0.859825;0.222104;0.999324 -0.0355441 0.00944117 -0.26589 0.0355547 0.999367 -0.000956698 0.00497707 -0.00940119 0.00129173 0.999955 0.720138 0 0 0 1 
1807261650241;0.991567;0.945486;0.995792 -0.0570024 0.0717607 -0.225452 0.0333775 0.954824 0.295291 -0.317331 -0.0853512 -0.291653 0.952709 -0.593242 0 0 0 1 
1807261650242;0.558163;0.474172;0.981701 0.0128227 -0.189998 0.0777664 0.00738815 0.994415 0.105286 -0.11151 0.190287 -0.104763 0.976123 -0.817079 0 0 0 1 
1807261650243;0.371812;0.317312;0.985959 0.123451 0.112451 0.223576 -0.160242 0.888924 0.429111 -0.313407 -0.0469864 -0.441105 0.896225 -1.1424 0 0 0 1 
1807261650244;0.711238;0.0607853;0.994067 -0.10448 -0.0302537 -0.396516 0.0987408 0.983451 -0.151901 -0.378325 0.0456236 0.148013 0.987933 -0.196435 0 0 0 1 
1807261650245;0.732714;0.482221;0.990787 -0.049004 -0.12625 -0.162148 0.0200282 0.975006 -0.221272 -0.0274937 0.133937 0.216705 0.967006 0.135049 0 0 0 1 
1807261650246;1.2033;0.993744;0.985942 -0.106692 0.128591 -0.607586 0.0949337 0.991002 0.0943514 -0.641328 -0.1375 -0.0808174 0.987199 0.909678 0 0 0 1 
1807261650248;0.419559;0.509899;0.998603 -0.0508261 -0.0144443 -0.610093 0.0505736 0.99857 -0.0173412 -0.557515 0.015305 0.0165865 0.999745 0.0668064 0 0 0 1 
1807261650249;0.496114;0.509283;0.995439 0.0746544 -0.0593926 -0.435244 -0.0811771 0.989892 -0.116296 -0.595749 0.0501102 0.120587 0.991437 0.697238 0 0 0 1 
1807261650250;0.34812;0.390492;0.996104 0.00803609 -0.0878191 -0.153404 -0.0206756 0.989364 -0.143983 -0.235014 0.085728 0.145238 0.985676 0.793627 0 0 0 1 
1807261650251;0.451728;0.402026;0.960271 0.264285 -0.0896287 0.520578 -0.272653 0.956963 -0.0994105 -0.195833 0.0594986 0.119899 0.991002 0.681513 0 0 0 1 
1807261650252;0.33029;0.410166;0.88937 -0.261711 -0.374871 -1.44749 0.175063 0.9524 -0.249572 -0.274693 0.422343 0.156336 0.892852 0.8118 0 0 0 1 
1807261650253;0.249687;0.487024;0.996841 -0.0765678 0.0210847 -0.933502 0.0769338 0.996889 -0.0171334 -0.102049 -0.0197072 0.0187014 0.999631 -0.247189 0 0 0 1 
1807261650254;0.24129;0.389836;0.995065 0.0892058 0.0434475 -0.238342 -0.079932 0.980104 -0.181677 -0.0865295 -0.0587897 0.177307 0.982398 0.785759 0 0 0 1 
1807261650255;0.565737;0.478025;0.963055 0.0855824 0.255345 -0.342617 0.0194899 0.923526 -0.38304 -0.599856 -0.268599 0.373865 0.887738 2.06876 0 0 0 1 
1807261650256;0.73595;0.510231;0.902334 0.18935 0.387221 -0.0284713 -0.24136 0.966259 0.0899392 0.0621639 -0.357126 -0.174615 0.91759 -1.38447 0 0 0 1 
1807261650257;0.0754684;0.339576;0.999895 0.00169121 -0.0143798 -0.393824 -0.00152148 0.999929 0.0118056 -0.0646933 0.0143987 -0.0117825 0.999827 -0.0889105 0 0 0 1 
1807261650258;0.796962;1.02019;0.969757 -0.24094 -0.0389762 -1.92557 0.242603 0.969045 0.0457757 0.10841 0.0267404 -0.0538471 0.998191 -0.0225627 0 0 0 1 
1807261650259;0.200045;0.368611;0.998193 -0.0587866 -0.0124292 -0.613814 0.0590032 0.998098 0.0178375 0.104709 0.011357 -0.0185386 0.999764 -0.017447 0 0 0 1 
1807261650260;0.602384;0.431789;0.965836 -0.151911 -0.209961 -1.21495 0.204755 0.943946 0.258924 -0.244091 0.158859 -0.293069 0.942801 -0.549397 0 0 0 1 
1807261650261;0.61809;0.513664;0.925363 -0.133281 -0.35488 -1.04109 0.139752 0.990158 -0.00746293 -0.140827 0.352382 -0.0426892 0.934882 0.453326 0 0 0 1 
