#;prob_registration_l1 -r /home/probabilistic_point_clouds_registration/build/tester /home/point_clouds_registration_benchmark//devel/registration_pairs/plain_local.txt /home/point_clouds_registration_benchmark//eth/plain -s 0.2 -t 0.2 -p 0.3 -r 1000 -m 15 -i 40 
id;initial_error;final_error;transformation
4215528470000;0.567788;0.419136;0.962616 -0.0282247 0.269395 0.332683 0.0122239 0.99807 0.0608891 -0.0589126 -0.270594 -0.0553198 0.961103 1.96271 0 0 0 1 
4215528470001;0.547226;0.0787881;0.992177 0.100091 -0.0746126 -0.634367 -0.0617723 0.912977 0.403308 0.813197 0.108487 -0.395544 0.912017 1.08367 0 0 0 1 
4215528470002;0.032832;0.0126385;0.999974 0.00550992 0.00472813 -0.0241735 -0.00553112 0.999975 0.00448184 -0.00613643 -0.00470332 -0.00450788 0.999979 0.0462896 0 0 0 1 
4215528470003;0.731607;0.234875;0.995955 -0.0269982 0.0857042 -0.0632856 0.0257972 0.999553 0.0150896 -0.601799 -0.0860733 -0.0128176 0.996206 0.406279 0 0 0 1 
4215528470004;0.518474;0.240806;0.965799 0.0614123 -0.251914 -0.167039 -0.00381301 0.974806 0.223022 0.0115001 0.259264 -0.214434 0.941701 -0.251711 0 0 0 1 
4215528470005;0.0948906;0.073387;0.999532 0.0192216 0.0238099 -0.131404 -0.0170055 0.995795 -0.0900137 0.165157 -0.02544 0.0895666 0.995656 -0.297806 0 0 0 1 
4215528470006;0.93827;0.534832;0.998943 -0.0334974 -0.0314856 -0.0812924 0.0208669 0.940657 -0.338717 0.0975688 0.0409633 0.337702 0.940361 -1.43787 0 0 0 1 
4215528470007;0.649378;0.523526;0.994483 -0.023832 -0.102159 0.0844482 -0.0137693 0.935771 -0.35234 0.490662 0.103994 0.351802 0.93028 -2.00734 0 0 0 1 
4215528470008;0.524363;0.416949;0.963178 0.0224754 -0.267924 0.190547 -0.0589339 0.989915 -0.128824 0.466268 0.262327 0.13987 0.954788 -2.31316 0 0 0 1 
4215528470009;0.400063;0.321763;0.968608 -0.0402142 0.24532 0.222656 0.053411 0.997448 -0.0473775 -0.330111 -0.242789 0.058993 0.968284 1.33364 0 0 0 1 
4215528470010;0.581956;0.320179;0.9931 -0.0726233 -0.0920797 0.400951 0.0448833 0.960772 -0.273685 -0.148896 0.108343 0.267663 0.957402 -2.09127 0 0 0 1 
4215528470011;0.358216;0.203042;0.986362 -0.0872324 0.139571 0.370926 0.116543 0.968961 -0.218018 -0.684416 -0.11622 0.23131 0.965913 -0.15336 0 0 0 1 
4215528470012;0.581653;0.352768;0.985861 0.10329 -0.131946 -0.355252 -0.0612863 0.95513 0.289778 0.456646 0.155957 -0.277594 0.947955 -0.0730856 0 0 0 1 
4215528470013;0.612837;0.0848906;0.982927 -0.0570225 0.174935 0.200089 0.0554375 0.998365 0.0139377 -0.288139 -0.175444 -0.0040018 0.984481 0.540562 0 0 0 1 
4215528470014;0.871128;0.618499;0.998744 -0.0236708 0.0441614 0.015827 0.0245052 0.999529 -0.0184481 -0.255098 -0.043704 0.0195072 0.998854 0.745316 0 0 0 1 
4215528470015;0.0605696;0.0215662;0.999911 0.001298 0.0132405 0.0203052 -0.00109586 0.999883 -0.0152626 -0.0200137 -0.0132588 0.0152468 0.999796 -0.00426607 0 0 0 1 
4215528470016;0.462589;0.175141;0.972894 -0.0191126 0.23046 0.0558031 0.0658717 0.978197 -0.196955 -0.412199 -0.221671 0.206797 0.952941 0.762415 0 0 0 1 
4215528470017;0.763704;0.321114;0.994394 0.0436785 0.0962914 -0.341021 -0.0806401 0.902315 0.423468 0.748976 -0.0683887 -0.428859 0.900779 3.03087 0 0 0 1 
4215528470018;0.320962;0.365173;0.998364 -5.98883e-05 0.0571819 -0.163082 -0.00560767 0.995077 0.0989489 -0.0368935 -0.0569063 -0.0991077 0.993448 0.689064 0 0 0 1 
4215528470019;0.470754;0.238511;0.904828 0.134143 -0.404094 -0.0249268 -0.0748685 0.984412 0.159145 0.494152 0.419143 -0.113745 0.900767 -2.02792 0 0 0 1 
4215528470020;0.901423;0.650437;0.988757 -0.0480918 0.141589 0.12576 0.0629801 0.992725 -0.102621 -0.335571 -0.135623 0.110385 0.984592 -0.0839612 0 0 0 1 
4215528470021;0.310289;0.078223;0.999432 -0.0190474 -0.0277977 0.00411212 0.0217119 0.994857 0.0989325 -0.197171 0.0257703 -0.0994799 0.994706 0.509776 0 0 0 1 
4215528470022;0.501427;0.184577;0.981734 0.0332474 -0.187331 0.0623989 -0.0487978 0.995678 -0.0790194 0.311009 0.183894 0.0867173 0.979113 -1.97055 0 0 0 1 
4215528470023;0.509895;0.359081;0.994305 -0.019851 0.104708 0.0585583 0.0352618 0.98844 -0.147453 -0.0702154 -0.10057 0.150305 0.983511 -0.376204 0 0 0 1 
4215528470024;0.756959;0.456828;0.998092 -0.0149698 0.059903 -0.0163739 0.0136945 0.999672 0.0216431 -0.259009 -0.0602073 -0.0207814 0.99797 1.00533 0 0 0 1 
4215528470025;0.187466;0.113275;0.995469 0.0710134 -0.0632325 -0.324194 -0.0649225 0.993485 0.0936604 0.39935 0.0694717 -0.0891308 0.993594 -0.0642142 0 0 0 1 
4215528470026;0.0729172;0.0311601;0.999313 -0.0368379 -0.00412174 0.183044 0.0368135 0.999305 -0.00583647 -0.227456 0.00433388 0.00568072 0.999974 -0.111828 0 0 0 1 
4215528470027;0.80863;0.209794;0.997452 0.0130749 -0.0701319 -0.234169 -0.0221449 0.991246 -0.130155 0.021199 0.0678163 0.131376 0.98901 -0.386392 0 0 0 1 
4215528470028;0.511375;0.491372;0.996455 0.0323726 -0.0776534 -0.259138 -0.0175023 0.982577 0.185031 0.00948204 0.0822903 -0.183015 0.97966 0.460624 0 0 0 1 
4215528470029;0.874225;0.468801;0.882312 0.0641434 -0.466274 0.72575 -0.0382352 0.997164 0.0648249 0.429852 0.46911 -0.0393677 0.882262 -3.13936 0 0 0 1 
4215528470031;0.986719;0.199292;0.999768 -0.00531241 0.0208654 -0.0295545 0.00531463 0.999986 -5.09388e-05 -0.311896 -0.0208648 0.000161819 0.999782 0.91896 0 0 0 1 
4215528470032;1.06872;0.472821;0.994702 -0.0942623 0.0410208 0.472525 0.102256 0.866178 -0.489162 -0.0237269 0.0105782 0.490765 0.871228 -2.63559 0 0 0 1 
4215528470033;0.525088;0.0442906;0.9971 -0.0755304 0.00932065 0.276253 0.0757087 0.996918 -0.0205433 -0.794796 -0.00774029 0.0211894 0.999746 -0.443922 0 0 0 1 
4215528470034;0.461314;0.155152;0.999421 0.0334614 0.00611475 -0.179794 -0.0335709 0.99926 0.018797 0.232711 -0.00548125 -0.0189914 0.999805 -0.189955 0 0 0 1 
4215528470035;0.980295;0.223822;0.999818 -0.0190812 -0.000591909 -0.528301 0.0190816 0.999818 0.000649343 -0.21746 0.000579411 -0.000660519 1 0.114261 0 0 0 1 
4215528470036;1.14169;0.552491;0.997624 0.0651597 0.0223763 -0.596037 -0.0687793 0.960755 0.268737 0.457189 -0.00398732 -0.269637 0.962954 2.29621 0 0 0 1 
4215528470037;0.241412;0.12698;0.999902 0.00643601 0.0124614 0.0257323 -0.00604975 0.999508 -0.0307898 0.114672 -0.0126534 0.0307114 0.999448 0.00939081 0 0 0 1 
4215528470038;0.130156;0.127609;0.999023 0.031198 0.0312968 -0.263287 -0.0314519 0.999476 0.00765285 0.248287 -0.0310416 -0.00862972 0.999481 0.314804 0 0 0 1 
4215528470039;0.797747;0.328008;0.995597 -0.057043 -0.0743762 0.186003 0.035299 0.963255 -0.26626 -0.0821702 0.0868315 0.262462 0.961027 -1.71698 0 0 0 1 
4215528470040;0.689028;0.640039;0.997512 -0.00341938 -0.0704142 0.0892614 0.010201 0.995312 0.0961771 -0.139995 0.0697553 -0.0966561 0.99287 -0.443452 0 0 0 1 
4215528470041;0.231676;0.0711617;0.94817 -0.113989 -0.296616 1.45106 0.073495 0.986802 -0.14429 -0.405413 0.309148 0.115011 0.944034 -3.3707 0 0 0 1 
4215528470042;0.841266;0.720877;0.988957 -0.0339452 0.144261 0.100437 0.0188771 0.994339 0.104564 -0.128658 -0.146993 -0.100686 0.984 1.5273 0 0 0 1 
4215528470043;0.639843;0.579123;0.996317 0.0336328 -0.0788766 -0.0654982 -0.031193 0.999002 0.0319624 0.303695 0.0798729 -0.0293843 0.996372 -0.638902 0 0 0 1 
4215528470044;0.994474;0.100118;0.999934 -0.00215577 0.0112775 0.100212 0.00228904 0.999928 -0.0118179 0.0125225 -0.0112512 0.0118429 0.999867 -0.798482 0 0 0 1 
4215528470045;0.386524;0.0970202;0.994542 0.0154473 0.103189 -0.208211 -0.0621318 0.882195 0.466767 0.666467 -0.0838223 -0.47063 0.87834 3.41905 0 0 0 1 
4215528470046;1.07289;0.521858;0.976967 0.0672076 -0.202531 -0.149151 -0.0549308 0.99633 0.0656465 0.343445 0.206199 -0.0530093 0.977073 -0.799885 0 0 0 1 
4215528470047;0.459821;0.473969;0.993277 0.00755201 0.115519 -0.114541 -0.00651596 0.999935 -0.00934369 -0.00845794 -0.115582 0.00852815 0.993261 0.896576 0 0 0 1 
4215528470048;0.649857;0.453227;0.998923 0.0394504 -0.0244298 -0.344912 -0.0391951 0.999173 0.0108402 0.331126 0.0248372 -0.009871 0.999643 -0.0687912 0 0 0 1 
4215528470049;0.633618;0.39676;0.999893 -0.00976932 -0.0108449 -0.0951065 0.0112952 0.988473 0.150974 -0.182884 0.009245 -0.15108 0.988478 1.16459 0 0 0 1 
4215528470050;0.671958;0.363693;0.998099 0.0366985 -0.0495221 -0.168792 -0.0353928 0.999009 0.0269908 0.353262 0.0504636 -0.0251867 0.998408 -0.713023 0 0 0 1 
4215528470051;0.865997;0.622788;0.997066 -0.043933 -0.0626838 0.442171 0.0317926 0.982604 -0.182973 0.0298125 0.0696319 0.180443 0.981118 -2.10102 0 0 0 1 
4215528470052;0.470145;0.409423;0.998264 0.0319294 -0.0494954 -0.136031 -0.0333515 0.999046 -0.0281763 0.302267 0.0485486 0.0297782 0.998377 -0.644148 0 0 0 1 
4215528470053;1.01323;0.0542183;0.992837 0.013967 0.118654 -0.0621067 -0.002006 0.994952 -0.100332 -0.0141907 -0.119457 0.0993756 0.987854 -0.262277 0 0 0 1 
4215528470054;0.877545;0.595987;0.999219 0.0208727 -0.0335402 0.0503109 -0.0197883 0.999281 0.0323465 0.130072 0.0341912 -0.0316576 0.998914 -0.647588 0 0 0 1 
4215528470055;0.503431;0.166503;0.996929 -0.0153881 0.0767874 -0.0813761 0.0244751 0.992612 -0.118841 0.16087 -0.0743914 0.120355 0.98994 0.181547 0 0 0 1 
4215528470056;0.338949;0.244952;0.991148 -0.103831 0.0827354 0.471668 0.11862 0.972464 -0.200609 -0.739309 -0.0596277 0.208647 0.976172 -0.703225 0 0 0 1 
4215528470057;0.60477;0.0689171;0.999716 -0.0177684 0.0158524 0.142614 0.0173075 0.999437 0.0287533 -0.154532 -0.0163544 -0.0284708 0.999461 -0.204701 0 0 0 1 
4215528470058;0.117082;0.102722;0.995835 -0.089508 0.0173303 0.467382 0.0898926 0.995689 -0.0228541 -0.738155 -0.0152099 0.0243168 0.999589 -0.0394401 0 0 0 1 
4215528470059;0.289428;0.299942;0.998837 -0.00893202 -0.0473787 0.016036 0.003881 0.994396 -0.105648 0.0859867 0.0480568 0.105342 0.993274 -1.09171 0 0 0 1 
4215528470060;0.876862;0.611877;0.962727 0.0679541 -0.261798 0.372576 -0.0458787 0.994926 0.0895369 0.393333 0.266555 -0.0741887 0.96096 -2.44615 0 0 0 1 
4215528470062;1.03489;0.837515;0.963651 -0.0933619 0.250321 0.163514 0.157957 0.954752 -0.251989 -1.43001 -0.215468 0.282369 0.934795 2.61332 0 0 0 1 
4215528470063;0.150783;0.18254;0.996874 0.0381317 0.069192 -0.312407 -0.0446691 0.994423 0.0955379 0.505683 -0.0651631 -0.09833 0.993018 1.23855 0 0 0 1 
4215528470064;1.26892;0.231324;0.980062 0.0877434 -0.178267 0.508776 -0.0657672 0.989891 0.125657 0.728491 0.18749 -0.111427 0.975926 -2.96438 0 0 0 1 
4215528470065;0.672821;0.255001;0.999309 -0.0362361 0.008326 0.0329345 0.0365567 0.998437 -0.0422728 -0.499846 -0.00678119 0.042548 0.999071 -0.328742 0 0 0 1 
4215528470066;0.971407;0.260739;0.974128 -0.0578314 0.218471 0.0654803 0.14017 0.912908 -0.383342 -1.02549 -0.177275 0.404047 0.897396 1.7933 0 0 0 1 
4215528470067;0.479383;0.625569;0.998642 -0.0303168 0.0423783 -0.122201 0.0363102 0.988217 -0.148692 -0.1451 -0.0373711 0.150029 0.987975 0.052669 0 0 0 1 
4215528470068;1.75898;1.56478;0.99689 0.0746563 -0.0252489 -0.153736 -0.0692298 0.982641 0.172117 0.885274 0.0376603 -0.169834 0.984753 -0.225812 0 0 0 1 
4215528470069;1.1695;0.453109;0.995716 -0.0524742 0.0761306 -0.176538 0.048836 0.99761 0.0488885 -0.678514 -0.078514 -0.0449612 0.995899 1.88541 0 0 0 1 
4215528470070;0.627154;0.206699;0.999799 -0.0174278 0.00994414 0.0336941 0.0170883 0.999301 0.0332621 -0.169684 -0.0105169 -0.0330855 0.999397 -0.00897362 0 0 0 1 
4215528470071;1.13782;0.278638;0.987066 0.0136303 -0.159737 0.739184 -0.000806706 0.996789 0.080071 0.00268189 0.160315 -0.0789065 0.983907 -2.52812 0 0 0 1 
4215528470072;1.12233;0.596911;0.998607 0.0192034 -0.0491414 -0.19876 -0.0183397 0.99967 0.0179659 0.0776818 0.0494702 -0.0170397 0.99863 -0.248896 0 0 0 1 
4215528470073;0.253366;0.0366654;0.957366 -0.0960924 0.272426 0.314118 0.171367 0.948113 -0.267797 -1.66681 -0.232557 0.303065 0.924158 2.43547 0 0 0 1 
4215528470074;0.891847;0.231288;0.925514 0.164537 -0.341103 1.31443 -0.0846432 0.967776 0.237162 0.770884 0.369133 -0.190625 0.909617 -4.82396 0 0 0 1 
4215528470075;0.661748;0.4362;0.998349 0.0109728 0.0563817 -0.297447 -0.0112741 0.999924 0.00502851 0.235703 -0.0563222 -0.00565586 0.998397 1.12365 0 0 0 1 
4215528470076;1.55682;0.255183;0.999882 0.00718796 -0.0135766 -0.0232715 -0.00727958 0.999951 -0.00671141 0.335952 0.0135277 0.00680945 0.999885 -1.07461 0 0 0 1 
4215528470077;0.434483;0.417958;0.999634 -0.0270354 0.000583568 -0.021883 0.0270207 0.997771 -0.0610175 -0.158875 0.00106737 0.061011 0.998137 -0.351741 0 0 0 1 
4215528470078;1.12372;1.21993;0.961506 -0.0477537 0.270603 -0.000632031 0.0497281 0.998763 -0.000440531 -0.67435 -0.270247 0.0138801 0.962691 3.9047 0 0 0 1 
4215528470079;1.36039;1.14105;0.994254 -0.0161268 0.105825 -0.289084 0.0308904 0.989755 -0.139394 -0.231549 -0.102493 0.141862 0.984566 1.29108 0 0 0 1 
4215528470080;1.57691;1.11814;0.982526 0.110951 -0.149438 0.203434 -0.0796232 0.97628 0.201338 1.066 0.168232 -0.185921 0.968056 -1.60583 0 0 0 1 
4215528470081;1.29705;1.14968;0.99643 0.0682249 -0.0497253 -0.173797 -0.061793 0.990721 0.121054 0.796496 0.0575228 -0.117549 0.9914 -0.375726 0 0 0 1 
4215528470082;0.754436;0.173714;0.995621 -0.0607143 -0.0710759 0.455385 0.0502969 0.988853 -0.140143 -0.663694 0.0787923 0.135955 0.987577 -1.31255 0 0 0 1 
4215528470083;1.36137;0.541466;0.99501 -0.00960994 0.0993111 -0.410092 0.0161463 0.99774 -0.0652247 -0.0421805 -0.0984598 0.0665027 0.992916 1.88242 0 0 0 1 
4215528470084;1.66015;1.06923;0.985758 -0.0249623 -0.166308 0.385211 0.0136142 0.997522 -0.0690297 0.0206181 0.167619 0.0657824 0.983655 -2.88858 0 0 0 1 
4215528470085;1.13067;0.220223;0.999645 -0.0027243 -0.0264865 -0.173829 0.00494414 0.996444 0.0841099 -0.400483 0.0261631 -0.0842111 0.996104 0.516705 0 0 0 1 
4215528470086;1.1632;1.1806;0.928119 -0.0333832 0.370783 0.280469 0.0217057 0.99913 0.0356238 -0.388113 -0.371649 -0.0250151 0.928036 5.57021 0 0 0 1 
4215528470087;0.757202;0.7599;0.997636 -0.0072075 0.0683387 -0.281221 0.0141757 0.99468 -0.102036 0.0115133 -0.0672396 0.102764 0.992431 0.831096 0 0 0 1 
4215528470088;1.28516;0.681399;0.999766 -0.0215326 0.00193832 -0.0862698 0.0215878 0.99914 -0.0354069 -0.29258 -0.00117425 0.0354404 0.999371 0.518549 0 0 0 1 
4215528470089;0.703952;0.414962;0.997648 0.0320266 -0.0605977 -0.158027 -0.0295107 0.998683 0.0419672 0.377901 0.0618619 -0.0400802 0.99728 -0.416241 0 0 0 1 
4215528470090;1.03548;0.388169;0.959641 -0.1078 0.259745 0.178204 0.200572 0.909766 -0.363451 -1.70761 -0.197128 0.40088 0.894671 1.22153 0 0 0 1 
4215528470091;1.49069;1.49408;0.998507 0.048255 0.0255798 -0.242333 -0.0505144 0.994038 0.0966292 0.649507 -0.0207644 -0.0977772 0.994992 0.6779 0 0 0 1 
4215528470093;0.435815;0.359132;0.999346 -0.0301505 0.0199428 0.125734 0.0246159 0.971592 0.23538 -0.102404 -0.0264731 -0.234736 0.971699 0.232563 0 0 0 1 
4215528470094;0.626818;0.0725106;0.999629 0.0256014 0.0093411 0.0065354 -0.0252179 0.998918 -0.0390853 0.180342 -0.0103316 0.0388352 0.999192 -0.645722 0 0 0 1 
4215528470095;0.64508;0.513733;0.999374 -0.0324211 -0.0141581 0.0757393 0.0314836 0.997576 -0.0620588 -0.131031 0.0161358 0.0615742 0.997972 -0.395303 0 0 0 1 
4215528470096;0.715932;0.534417;0.999294 -0.0375522 0.00104275 0.124273 0.0375605 0.998241 -0.0458671 -0.242336 0.000681497 0.0458739 0.998947 -0.357319 0 0 0 1 
4215528470097;0.899584;0.817354;0.998832 -0.0458467 0.0152503 0.124887 0.0480064 0.977399 -0.205881 -0.229362 -0.00546667 0.206373 0.978458 0.33278 0 0 0 1 
4215528470098;0.598276;0.374185;0.989907 -0.0333097 0.137746 0.0820278 0.00971872 0.985653 0.168507 -0.103858 -0.141382 -0.165468 0.976028 0.103968 0 0 0 1 
4215528470099;0.333474;0.0580787;0.971104 0.0480317 -0.233774 0.0938477 0.0515549 0.914191 0.401992 -0.0970102 0.233022 -0.402428 0.885298 -0.440359 0 0 0 1 
4215528470100;0.645112;0.0306977;0.999806 -0.019607 -0.00165914 0.0289869 0.0195987 0.999796 -0.00484288 -0.0295756 0.00175375 0.00480943 0.999987 -0.702524 0 0 0 1 
4215528470101;0.802084;0.593682;0.998964 -0.00617448 0.0450919 0.182549 0.00874456 0.998335 -0.0570235 -0.0526661 -0.0446647 0.0573587 0.997354 0.366093 0 0 0 1 
4215528470102;0.571321;0.0721983;0.999874 -0.0152122 0.00443387 -0.148634 0.015394 0.998897 -0.0443503 0.164795 -0.00375432 0.0444129 0.999006 -0.536062 0 0 0 1 
4215528470103;0.118159;0.123584;0.999943 -0.00844771 -0.00656723 -0.00241694 0.00842055 0.999956 -0.00415246 -0.00403848 0.00660202 0.00409692 0.99997 -0.0482012 0 0 0 1 
4215528470104;0.483078;0.0717856;0.959295 -0.0128877 0.28211 0.158598 -0.012445 0.996058 0.0878214 -0.226872 -0.28213 -0.0877576 0.955354 1.16221 0 0 0 1 
4215528470105;0.856272;0.740455;0.962582 -0.0163189 0.270497 0.054876 0.0659353 0.982291 -0.175374 -0.259647 -0.262845 0.186648 0.946612 0.61746 0 0 0 1 
4215528470106;0.960069;0.648389;0.995538 -0.0123438 0.0935482 0.158095 0.00998618 0.999622 0.0256287 -0.116814 -0.0938292 -0.0245802 0.995285 0.82555 0 0 0 1 
4215528470107;0.403602;0.233272;0.953091 0.0385601 -0.300216 0.126746 -0.0398973 0.999202 0.00167751 0.199272 0.300042 0.010379 0.95387 -1.01426 0 0 0 1 
4215528470108;0.717513;0.512299;0.999966 -0.0050566 0.00651301 0.164861 0.00540926 0.998454 -0.0553182 -0.159761 -0.00622322 0.0553515 0.998448 0.0719588 0 0 0 1 
4215528470109;0.671253;0.180356;0.999813 -0.0176887 0.0077858 0.00287129 0.0177933 0.999749 -0.0135776 -0.11373 -0.00754368 0.0137136 0.999878 0.616951 0 0 0 1 
4215528470110;0.085073;0.0289163;0.999776 0.020848 0.00363667 -0.0295758 -0.0208203 0.999755 -0.00748375 0.0702316 -0.0037918 0.00740635 0.999965 -0.0784115 0 0 0 1 
4215528470111;0.687198;0.0223305;0.998454 0.00333106 0.0554824 -0.138163 -0.00670137 0.998135 0.0606707 0.00614395 -0.0551768 -0.0609487 0.996615 0.900034 0 0 0 1 
4215528470112;0.990082;0.241538;0.999063 0.0386085 -0.0195706 -0.0749346 -0.034846 0.985593 0.165503 0.158054 0.0256785 -0.164666 0.986015 0.973173 0 0 0 1 
4215528470113;0.115928;0.0241224;0.998847 0.0479616 -0.00231118 -0.0716788 -0.0479675 0.998846 -0.00257485 0.196893 0.00218502 0.00268274 0.999994 -0.028455 0 0 0 1 
4215528470114;0.310906;0.048905;0.999992 -0.00323571 0.00223653 -0.14398 0.00324571 0.999985 -0.00448385 -0.00793429 -0.00222199 0.00449107 0.999987 -0.274018 0 0 0 1 
4215528470115;0.363564;0.28065;0.999798 0.0094716 0.0177083 0.0812509 -0.0080201 0.996737 -0.0803137 0.0247681 -0.0184113 0.0801554 0.996612 -0.0321392 0 0 0 1 
4215528470116;0.348278;0.288223;0.920685 -0.0647428 0.384899 0.320957 0.0165583 0.991738 0.12721 0.00471274 -0.389954 -0.110747 0.91415 0.996131 0 0 0 1 
4215528470117;0.290367;0.303374;0.997573 0.00387674 -0.0695208 0.0490459 -0.00986375 0.996248 -0.0859833 0.0543216 0.0689266 0.0864604 0.993868 -0.163095 0 0 0 1 
4215528470118;0.65787;0.360821;0.998848 -0.00943635 0.0470533 0.219107 0.0131105 0.996836 -0.0783983 -0.117825 -0.0461646 0.0789248 0.995811 -0.351115 0 0 0 1 
4215528470119;0.205525;0.0191201;0.992622 -0.0791599 0.0918452 0.0572741 0.0887464 0.990454 -0.105475 -0.107922 -0.0826191 0.112847 0.990171 0.214641 0 0 0 1 
4215528470120;0.310799;0.0781099;0.992809 -0.0319219 -0.115378 0.0790065 0.0686896 0.941252 0.330644 -0.251586 0.098045 -0.336192 0.936676 -0.0391118 0 0 0 1 
4215528470121;0.660347;0.0539392;0.939164 -0.0342434 0.341758 0.259641 0.151297 0.934527 -0.322132 -0.534558 -0.308351 0.354242 0.882854 1.18588 0 0 0 1 
4215528470122;0.789381;0.482533;0.983761 0.00940987 0.179235 -0.0528025 -0.0318474 0.99193 0.122723 0.0825709 -0.176634 -0.126438 0.976122 -0.00260022 0 0 0 1 
4215528470124;0.80876;0.523141;0.947029 0.00493006 0.321109 0.172281 0.0496163 0.985631 -0.161463 -0.00985053 -0.317291 0.168843 0.933177 0.727198 0 0 0 1 
4215528470125;0.139303;0.0811689;0.991314 -0.0384038 -0.125786 0.115681 0.0212128 0.990583 -0.135258 -0.0740592 0.129796 0.131415 0.982793 -0.881828 0 0 0 1 
4215528470126;0.0966618;0.0907668;0.997919 -0.0135524 -0.0630415 0.0179862 0.0143897 0.999814 0.0128465 -0.0517994 0.0628557 -0.0137269 0.997928 -0.283188 0 0 0 1 
4215528470127;0.789796;0.170356;0.999953 -0.00930344 0.00264599 -0.191684 0.00930464 0.999957 -0.000444043 0.0319604 -0.00264174 0.000468643 0.999996 0.660177 0 0 0 1 
4215528470128;0.207096;0.0140282;0.998878 0.03933 0.0263798 -0.112507 -0.0392332 0.999221 -0.00417497 0.180176 -0.0265235 0.00313532 0.999643 -0.0897137 0 0 0 1 
4215528470129;0.938911;0.126532;0.999922 0.00960417 0.00793057 -0.131607 -0.00959062 0.999952 -0.0017451 0.214801 -0.00794695 0.00166891 0.999967 0.870136 0 0 0 1 
4215528470130;0.991785;0.734876;0.985508 0.0396303 -0.164936 -0.245128 -0.0182997 0.99149 0.128889 0.0446142 0.16864 -0.124003 0.977846 -0.149271 0 0 0 1 
4215528470131;0.387282;0.297488;0.999904 -0.013547 0.00283712 -0.0673793 0.013561 0.999896 -0.00499291 -0.0309841 -0.00276918 0.00503091 0.999984 -0.115076 0 0 0 1 
4215528470132;0.92999;0.434378;0.999437 -0.0258372 0.0213889 0.129989 0.0267184 0.998761 -0.0419908 -0.0077303 -0.0202775 0.0425387 0.998889 -0.778137 0 0 0 1 
4215528470133;0.555582;0.463244;0.999767 0.00832939 0.019893 0.0229463 -0.0038081 0.976094 -0.217315 0.0789782 -0.0212275 0.217189 0.975899 -0.599094 0 0 0 1 
4215528470134;0.99593;0.623792;0.966292 0.010079 0.257251 -0.0046651 -0.0306219 0.996639 0.0759744 0.18648 -0.255621 -0.081291 0.963353 0.484995 0 0 0 1 
4215528470135;1.17319;0.895032;0.988806 -0.0353817 0.144954 -0.01137 0.0895469 0.917797 -0.386821 -0.376272 -0.119352 0.395471 0.910691 0.27444 0 0 0 1 
4215528470136;0.830588;0.837606;0.998759 -0.00689345 0.0493159 -0.032412 -0.00779906 0.956494 0.291649 0.145651 -0.0491808 -0.291672 0.955253 0.926817 0 0 0 1 
4215528470137;0.395265;0.263475;0.988626 -0.0434787 0.143973 -0.0174602 -0.0221513 0.904764 0.425338 0.308821 -0.148755 -0.423689 0.89351 1.76834 0 0 0 1 
4215528470138;1.02893;0.8571;0.995133 0.0560208 -0.0810677 0.0538484 -0.0453947 0.990806 0.127449 0.210121 0.0874621 -0.123149 0.988527 -0.409413 0 0 0 1 
4215528470139;0.649753;0.284207;0.989043 -0.0480936 -0.139574 -0.0979135 0.0170307 0.976305 -0.215727 -0.119535 0.146642 0.210986 0.966427 -0.692482 0 0 0 1 
4215528470140;0.360307;0.0823169;0.900845 -0.0468004 0.431611 0.452807 0.0835202 0.994284 -0.0665085 -0.361784 -0.426031 0.0959621 0.899605 1.76788 0 0 0 1 
4215528470141;0.657293;0.178217;0.998015 0.0157246 -0.0609784 -0.479234 -0.0169817 0.999653 -0.0201525 0.0533329 0.0606403 0.021148 0.997936 -0.414511 0 0 0 1 
4215528470142;0.724166;0.546343;0.999928 0.011501 0.0035046 -0.0762454 -0.0113467 0.999084 -0.0412619 -0.0565205 -0.00397595 0.0412192 0.999142 0.227148 0 0 0 1 
4215528470143;0.681426;0.100343;0.94467 0.111372 -0.308537 -0.330484 -0.0337953 0.968637 0.246172 0.286869 0.326277 -0.222125 0.918806 -1.21042 0 0 0 1 
4215528470144;0.404104;0.300021;0.999838 0.0173648 -0.00470916 -0.226804 -0.0171248 0.99875 0.046963 0.115295 0.00551878 -0.0468748 0.998886 -0.0260799 0 0 0 1 
4215528470145;0.189223;0.0192198;0.997856 -0.0527992 -0.0386836 0.146707 0.0395737 0.957421 -0.285969 -0.0174925 0.0521354 0.283825 0.957458 -0.88727 0 0 0 1 
4215528470146;0.235131;0.0391437;0.991597 0.0412031 0.122627 -0.177955 -0.0399809 0.999123 -0.0124117 0.12854 -0.123031 0.0074047 0.992375 0.623315 0 0 0 1 
4215528470147;0.605051;0.279377;0.999214 -0.000639157 -0.039644 -0.228065 0.000551227 0.999997 -0.00222889 -0.0667997 0.0396453 0.00220528 0.999211 -0.451946 0 0 0 1 
4215528470148;0.594371;0.349393;0.909202 -0.0426349 0.414166 0.340041 -0.00572462 0.993369 0.114826 -0.0142883 -0.416315 -0.106771 0.902929 2.46145 0 0 0 1 
4215528470149;0.787506;0.551072;0.999842 -0.000834386 0.0177524 0.132768 0.000849097 0.999999 -0.000821125 -0.193416 -0.0177517 0.000836069 0.999842 0.0343968 0 0 0 1 
4215528470150;0.616542;0.246095;0.984491 0.0121589 0.175014 -0.0121094 -0.0157115 0.999697 0.0189276 0.0160056 -0.174731 -0.0213838 0.984384 1.30342 0 0 0 1 
4215528470151;0.660847;0.587648;0.999731 -0.0153375 0.017389 -0.022745 0.0167583 0.996261 -0.0847478 -0.0144174 -0.0160242 0.0850164 0.996251 -0.434036 0 0 0 1 
4215528470152;0.936036;0.202274;0.9942 0.019206 0.105815 -0.0784666 -0.0240061 0.998731 0.0442776 0.122892 -0.10483 -0.046561 0.9934 -0.313335 0 0 0 1 
4215528470153;0.43556;0.417224;0.993295 -0.0434016 -0.10715 0.0628296 0.0265283 0.987692 -0.154147 -0.0706391 0.112522 0.150271 0.982221 -0.90356 0 0 0 1 
4215528470155;0.767559;0.60599;0.99899 0.0419286 -0.0161382 -0.0896741 -0.0401377 0.994308 0.0986926 0.266089 0.0201844 -0.0979452 0.994987 -0.243169 0 0 0 1 
4215528470156;0.534127;0.0264797;0.95576 0.0956177 -0.278174 0.151887 -0.0672335 0.99167 0.109867 0.174271 0.286362 -0.0863039 0.954227 -1.39415 0 0 0 1 
4215528470157;0.770434;0.452327;0.991256 0.00869957 0.131669 -0.0664544 -0.00265121 0.998936 -0.0460417 -0.155676 -0.13193 0.04529 0.990224 1.11925 0 0 0 1 
4215528470158;0.945303;0.621031;0.983573 0.0768095 -0.163357 0.0629356 -0.0491805 0.984745 0.166906 0.310908 0.173685 -0.15613 0.972346 -1.13104 0 0 0 1 
4215528470159;0.28795;0.164091;0.999216 -0.0195108 -0.0344434 -0.0507722 0.0187061 0.999548 -0.0235311 -0.038721 0.0348869 0.0228683 0.99913 0.098575 0 0 0 1 
4215528470160;0.771203;0.450299;0.998619 -0.0106021 -0.0514519 -0.115292 0.00913637 0.999548 -0.0286397 -0.0396222 0.0517323 0.0281301 0.998265 -0.844515 0 0 0 1 
4215528470161;0.233784;0.1711;0.992055 0.0330827 0.121379 -0.0263252 -0.0332487 0.999447 -0.000658194 0.153973 -0.121334 -0.00338273 0.992606 0.341243 0 0 0 1 
4215528470162;0.571431;0.0967689;0.996748 0.0239934 0.0769325 -0.593268 -0.0365873 0.985323 0.166731 0.110646 -0.071803 -0.169003 0.982997 0.66267 0 0 0 1 
4215528470163;0.611739;0.156945;0.998825 -0.0231281 0.0425935 -0.11212 0.0241821 0.99941 -0.0243994 0.0178758 -0.0420041 0.0254008 0.998795 0.779885 0 0 0 1 
4215528470164;0.552648;0.463251;0.999104 -0.014662 0.0396904 0.0625212 0.0161301 0.999188 -0.0369238 -0.149995 -0.0391168 0.037531 0.99853 0.164445 0 0 0 1 
4215528470165;0.294545;0.0597794;0.998896 0.0268025 -0.0385872 -0.103359 -0.0259854 0.999431 0.0215239 0.355668 0.0391421 -0.0204974 0.999023 -0.221958 0 0 0 1 
4215528470166;0.624564;0.53926;0.998677 0.0287311 0.0426368 -0.0466921 -0.0268712 0.998689 -0.043571 0.109912 -0.0438328 0.0423676 0.99814 -0.193516 0 0 0 1 
4215528470167;0.723593;0.020849;0.996362 0.0851786 -0.00258484 -0.285527 -0.0851501 0.993902 -0.0700586 0.473456 -0.00339842 0.0700239 0.99754 0.778063 0 0 0 1 
4215528470168;0.682452;0.401947;0.926274 0.10266 -0.362598 -0.193178 -0.0735264 0.99292 0.0932935 0.244783 0.369609 -0.0597548 0.927264 -0.486075 0 0 0 1 
4215528470169;0.452691;0.145199;0.996198 0.0495854 -0.0716337 -0.0120902 -0.0412804 0.992727 0.113093 0.211331 0.0767205 -0.109706 0.990999 -0.6002 0 0 0 1 
4215528470170;0.927037;0.112084;0.973924 0.183702 -0.133135 -0.496857 -0.112629 0.900899 0.419161 0.96252 0.196942 -0.393236 0.898098 -0.809114 0 0 0 1 
4215528470171;0.544194;0.365841;0.913683 -0.0174501 -0.406054 0.376867 -0.0774471 0.973296 -0.216095 0.392354 0.398981 0.22889 0.887932 -1.7439 0 0 0 1 
4215528470172;0.700934;0.468401;0.904422 0.0130794 0.426439 0.254262 0.00226503 0.999369 -0.0354556 -0.126624 -0.426633 0.0330328 0.903821 1.73291 0 0 0 1 
4215528470173;0.534414;0.241839;0.983519 0.0378746 -0.176793 0.0448761 -0.042068 0.998914 -0.0200299 0.230505 0.175842 0.0271371 0.984044 -1.12145 0 0 0 1 
4215528470174;0.297039;0.0278033;0.997105 0.0722627 0.0236531 -0.109978 -0.0752566 0.982334 0.17134 0.251678 -0.0108537 -0.172624 0.984928 -0.0976283 0 0 0 1 
4215528470175;0.347703;0.163261;0.99282 0.0361847 0.114011 -0.060588 -0.0788463 0.914736 0.396284 0.229025 -0.0899504 -0.402429 0.911021 0.528214 0 0 0 1 
4215528470176;0.75672;0.587264;0.950117 -0.0124855 0.311644 0.0619452 0.0765461 0.977973 -0.194187 -0.101863 -0.302355 0.208355 0.930145 0.444576 0 0 0 1 
4215528470177;0.756848;0.218783;0.997375 0.0647193 -0.0324599 -0.0133586 -0.0521537 0.953159 0.297938 0.162271 0.0502218 -0.295463 0.954033 -0.699645 0 0 0 1 
4215528470178;0.523311;0.492397;0.982741 -0.0316821 -0.182252 0.158193 0.0159751 0.996079 -0.0870141 -0.0101619 0.184294 0.0826009 0.979394 -0.896888 0 0 0 1 
4215528470179;0.41696;0.254323;0.957915 0.1282 -0.256833 -0.0752477 -0.0602443 0.964589 0.256787 0.417195 0.280658 -0.230507 0.931717 -0.730915 0 0 0 1 
4215528470180;0.591922;0.254551;0.992554 0.059324 -0.106385 -0.122082 -0.0553745 0.997676 0.0397047 0.311624 0.108493 -0.0335181 0.993532 -0.84549 0 0 0 1 
4215528470181;0.100371;0.0491568;0.997181 0.0715551 -0.0225955 -0.0945011 -0.068284 0.990162 0.122133 0.289698 0.0311124 -0.120245 0.992257 0.0147283 0 0 0 1 
4215528470182;0.852078;0.311217;0.991807 0.00299713 -0.127706 0.168176 0.00201463 0.999233 0.0390972 0.0797466 0.127726 -0.0390342 0.991041 -1.30418 0 0 0 1 
4215528470183;0.165427;0.0305392;0.998963 -0.0097207 0.0444845 0.0958151 0.0145306 0.993923 -0.109115 -0.055025 -0.0431535 0.109649 0.993033 0.133508 0 0 0 1 
4215528470184;0.841318;0.317075;0.879945 -0.0130669 -0.474896 0.527021 -0.0330518 0.995516 -0.0886342 0.401904 0.473924 0.0936894 0.875567 -2.4136 0 0 0 1 
4215528470186;0.933251;0.533723;0.999724 0.0137306 0.0190585 -0.0220987 -0.0154654 0.995444 0.094086 0.0921417 -0.0176798 -0.0943547 0.995382 -0.547443 0 0 0 1 
4215528470187;0.872934;0.503276;0.960912 -0.0496074 -0.272372 0.282706 -0.0183254 0.970261 -0.241366 0.34597 0.276246 0.236923 0.931427 -2.31278 0 0 0 1 
4215528470188;0.636802;0.229831;0.999943 0.00302866 -0.0102124 -0.201638 -0.00474604 0.984982 -0.172593 -0.115951 0.00953629 0.172632 0.98494 0.0206956 0 0 0 1 
4215528470189;0.616608;0.385123;0.919738 0.026023 0.391668 0.266117 0.0207889 0.99317 -0.114805 -0.0798048 -0.391981 0.113733 0.912916 1.73478 0 0 0 1 
4215528470190;0.721491;0.0656374;0.997741 0.064765 0.01787 -0.432355 -0.064487 0.997795 -0.0157188 0.0665359 -0.0188486 0.0145309 0.999717 -0.524591 0 0 0 1 
4215528470191;0.988569;0.357994;0.998874 0.0473853 0.00216666 -0.258023 -0.0473774 0.994377 0.0947039 0.209674 0.00233309 -0.0947 0.995503 1.00321 0 0 0 1 
4215528470192;0.483071;0.434713;0.996765 0.00407541 0.0802732 0.0116808 0.00310658 0.996014 -0.0891418 -0.0296033 -0.0803165 0.0891027 0.992779 0.208033 0 0 0 1 
4215528470193;1.00219;0.777743;0.993453 -0.000436099 0.114244 0.0366448 -0.00791949 0.997324 0.0726743 -0.0630443 -0.11397 -0.0731033 0.990791 1.15361 0 0 0 1 
4215528470194;0.574823;0.392256;0.970819 -0.0318687 -0.237688 0.207496 -0.0388949 0.957084 -0.287188 0.429632 0.236639 0.288052 0.927916 -1.82675 0 0 0 1 
4215528470195;0.262201;0.20441;0.999178 0.0385013 -0.0126556 -0.1922 -0.0379131 0.99832 0.0438244 0.172691 0.0143217 -0.0433086 0.998959 0.0935633 0 0 0 1 
4215528470196;0.705585;0.177684;0.998694 0.041986 0.029113 -0.132688 -0.0446466 0.99421 0.0977382 0.299416 -0.0248408 -0.0989103 0.994786 0.922563 0 0 0 1 
4215528470197;0.958351;0.589796;0.973433 -0.0090891 -0.228793 -0.0838242 -0.00532671 0.998043 -0.0623118 0.000763614 0.228911 0.0618751 0.971479 -0.46573 0 0 0 1 
4215528470198;0.657229;0.465396;0.991864 0.0279964 -0.124188 0.132398 -0.0212071 0.998225 0.0556586 0.153704 0.125526 -0.0525721 0.990696 -0.631504 0 0 0 1 
4215528470199;0.280312;0.100215;0.956251 0.000727053 0.292548 0.170225 -0.0716754 0.970102 0.231874 0.446297 -0.283633 -0.242698 0.927712 1.58753 0 0 0 1 
4215528470200;0.717676;0.562486;0.977552 0.0674315 -0.199613 -0.172309 -0.0475489 0.993567 0.10278 0.18568 0.205259 -0.0909813 0.97447 -0.478259 0 0 0 1 
4215528470201;0.269494;0.0364598;0.998605 -0.0190664 0.0492406 -0.00949809 0.0201081 0.999582 -0.0207489 0.0977694 -0.0488245 0.0217101 0.998571 0.296916 0 0 0 1 
4215528470202;0.839096;0.483341;0.956085 -0.0322139 0.291315 0.0334557 0.0133528 0.997697 0.0665031 -0.0921273 -0.292787 -0.0596927 0.954313 0.681156 0 0 0 1 
4215528470203;0.446878;0.410315;0.999293 0.0356439 -0.011939 -0.121345 -0.0356589 0.999363 -0.00104498 0.144071 0.0118941 0.00146997 0.999928 -0.0354392 0 0 0 1 
4215528470204;0.245546;0.253193;0.999956 -0.0047399 -0.00803618 -0.0772333 0.00456244 0.999748 -0.021959 0.019114 0.00813824 0.0219213 0.999727 -0.0813135 0 0 0 1 
4215528470205;0.862633;0.0301686;0.999615 0.0273958 -0.00448447 -0.103052 -0.0273853 0.999622 0.00239346 -0.0475942 0.00454835 -0.00226973 0.999987 0.83083 0 0 0 1 
4215528470206;0.412937;0.262907;0.998488 0.0501509 -0.0224956 -0.207115 -0.0413394 0.954919 0.293976 0.127046 0.0362246 -0.292601 0.955548 0.275461 0 0 0 1 
4215528470207;0.79837;0.222828;0.998502 0.0506844 -0.0206302 0.180692 -0.0361783 0.89428 0.446042 0.0792104 0.0410566 -0.444628 0.894774 0.299429 0 0 0 1 
4215528470208;0.797346;0.303784;0.998448 0.00314007 0.0556019 -0.152055 -0.0158383 0.973192 0.22945 0.161609 -0.0533908 -0.229975 0.971731 1.39582 0 0 0 1 
4215528470209;0.744174;0.0796789;0.99968 0.0181672 -0.0176028 -0.100908 -0.018558 0.999579 -0.0222979 0.268492 0.0171903 0.0226174 0.999596 0.57343 0 0 0 1 
4215528470210;0.00963021;0.013232;0.99997 -0.00500067 0.00589744 0.017833 0.00501197 0.999986 -0.00190406 -0.020923 -0.00588783 0.00193357 0.999981 0.00349281 0 0 0 1 
4215528470211;0.575999;0.284675;0.994298 0.0383355 -0.09951 -0.0262295 -0.0348889 0.998737 0.0361482 0.222616 0.10077 -0.0324703 0.99438 -0.863254 0 0 0 1 
4215528470212;0.0961837;0.0166745;0.999326 -0.0352678 -0.0101377 0.0793932 0.0336035 0.990499 -0.133349 -0.0876657 0.0147443 0.132919 0.991017 -0.293778 0 0 0 1 
4215528470213;0.289621;0.173914;0.968142 -0.0283087 -0.248795 0.137987 -0.0519202 0.949301 -0.310052 0.309954 0.244959 0.313092 0.917588 -1.6541 0 0 0 1 
4215528470214;0.573067;0.201701;0.999132 -0.0165032 -0.0382545 0.12257 0.0183571 0.998648 0.0486267 -0.0034772 0.0374003 -0.0492867 0.998084 -0.583287 0 0 0 1 
4215528470215;0.890995;0.36956;0.999944 -0.0102331 0.00273984 0.0410364 0.0102632 0.999884 -0.0112359 0.0385499 -0.00262454 0.0112633 0.999933 -0.82803 0 0 0 1 
4215528470217;1.22438;0.115728;0.999719 0.0163503 -0.0171506 0.286001 -0.0167361 0.999605 -0.0225972 0.302369 0.0167743 0.0228778 0.999598 -0.977638 0 0 0 1 
4215528470218;0.463441;0.668198;0.999407 -0.0281923 -0.0197932 0.0304548 0.0239907 0.982 -0.187353 0.00311398 0.0247188 0.186767 0.982093 -1.29905 0 0 0 1 
4215528470219;1.25639;0.531409;0.998154 0.0106806 -0.0597865 -0.0541115 0.00744416 0.955476 0.294975 -0.463031 0.0602751 -0.294875 0.953633 0.444246 0 0 0 1 
4215528470220;0.864498;0.105659;0.987831 0.0491791 0.147551 -0.328154 -0.106323 0.905928 0.409866 0.744822 -0.113514 -0.420566 0.900132 3.21011 0 0 0 1 
4215528470221;0.77456;0.839926;0.974444 -0.00381786 0.224599 -0.111079 -0.000128138 0.999846 0.0175518 -0.0797341 -0.224632 -0.0171321 0.974293 2.35727 0 0 0 1 
4215528470222;0.34545;0.313729;0.997409 -0.0583279 0.0421197 0.288249 0.0584414 0.99829 -0.00146874 -0.601175 -0.041962 0.00392647 0.999111 0.315273 0 0 0 1 
4215528470223;0.822643;0.473748;0.994625 -0.0637694 -0.0815772 0.558967 0.0542754 0.992029 -0.113725 -0.336541 0.0881791 0.108687 0.990157 -1.91466 0 0 0 1 
4215528470224;0.61224;0.267778;0.998236 -0.0222735 0.0550416 0.161077 0.0306886 0.987102 -0.157122 -0.0361465 -0.050832 0.158534 0.986044 -0.0584915 0 0 0 1 
4215528470225;0.96443;0.116648;0.998737 0.0386181 0.0321336 -0.399812 -0.0380798 0.999127 -0.0171963 0.895134 -0.0327696 0.0159509 0.999336 -0.000567526 0 0 0 1 
4215528470226;1.60186;0.388014;0.999353 0.0359711 -0.000203968 -0.526473 -0.0329815 0.91853 0.393973 0.404214 0.014359 -0.393711 0.919122 2.83632 0 0 0 1 
4215528470227;0.62327;0.0668764;0.99068 0.0724441 0.115345 -0.479774 -0.0626638 0.994299 -0.0862737 0.888301 -0.120937 0.0782417 0.989572 0.517198 0 0 0 1 
4215528470228;0.76285;0.78228;0.969378 -0.0232074 -0.244475 0.613061 0.0459871 0.995068 0.0878859 -0.454893 0.24123 -0.0964374 0.965665 -2.00915 0 0 0 1 
4215528470229;0.828483;0.107421;0.934846 0.0176741 -0.354612 0.733586 -0.041097 0.997434 -0.0586291 0.721046 0.352666 0.0693827 0.933173 -4.09452 0 0 0 1 
4215528470230;1.52282;1.20967;0.99997 0.00596074 -0.00489286 -0.196227 -0.00585405 0.999751 0.0215359 0.135527 0.00502001 -0.0215066 0.999756 -0.0434211 0 0 0 1 
4215528470231;1.36079;1.2201;0.954039 0.0552117 -0.294552 0.698403 -0.0490541 0.998396 0.0282587 0.56249 0.29564 -0.0125109 0.955217 -3.15698 0 0 0 1 
4215528470232;1.01124;0.166267;0.992511 0.0654697 0.103133 -0.491187 -0.0702069 0.996606 0.0429888 0.446516 -0.0999687 -0.0499075 0.993738 0.816116 0 0 0 1 
4215528470233;0.360528;0.106829;0.999855 -0.0160592 -0.00570553 0.0799798 0.0161201 0.999812 0.0107944 -0.322062 0.00553111 -0.0108848 0.999925 0.121934 0 0 0 1 
4215528470234;0.247697;0.0823714;0.999949 0.00952148 0.0034103 -0.153227 -0.00951087 0.99995 -0.0031139 0.115769 -0.00343978 0.0030813 0.999989 -0.0429971 0 0 0 1 
4215528470235;1.12906;1.06355;0.980205 -0.100924 -0.170328 0.99507 0.0629088 0.9745 -0.215391 -0.206342 0.187723 0.200412 0.961559 -3.13889 0 0 0 1 
4215528470236;0.421865;0.230315;0.98285 0.17838 -0.0467557 -0.685308 -0.157028 0.942518 0.294961 1.59779 0.0966831 -0.28256 0.954365 0.442311 0 0 0 1 
4215528470237;1.6174;1.14075;0.999678 0.0220194 -0.0126489 -0.315437 -0.021825 0.999645 0.0153101 0.0670853 0.0129815 -0.0150291 0.999803 0.629186 0 0 0 1 
4215528470238;1.42655;0.0682943;0.972172 -0.0981007 0.212737 0.209656 0.126039 0.984496 -0.121993 -1.59461 -0.197471 0.145411 0.969464 2.05618 0 0 0 1 
4215528470239;1.23487;0.508151;0.994067 0.0389153 -0.101566 -0.305442 -0.0347084 0.998478 0.0428648 0.318408 0.10308 -0.0390853 0.993905 -0.270154 0 0 0 1 
4215528470240;1.31981;0.454059;0.996125 -0.0543826 0.0691179 -0.00671504 0.0569352 0.997746 -0.0355132 -0.580432 -0.0670309 0.0393108 0.996976 1.16879 0 0 0 1 
4215528470241;0.144224;0.0797523;0.994279 -0.0562249 0.0908149 0.202143 0.0622449 0.99595 -0.0648749 -0.569315 -0.0867995 0.0701565 0.993752 0.478661 0 0 0 1 
4215528470242;0.341886;0.1539;0.992198 -0.108383 0.0616089 0.480158 0.114565 0.987558 -0.107723 -1.14934 -0.0491671 0.113941 0.99227 -0.218058 0 0 0 1 
4215528470243;0.806737;0.150961;0.996648 -0.072258 0.0383673 0.197092 0.0746011 0.995182 -0.063625 -0.298282 -0.033585 0.0662739 0.997236 -0.114214 0 0 0 1 
4215528470244;0.044198;0.0420322;0.999583 0.0288396 0.00142734 -0.127665 -0.0288409 0.999584 0.000908233 0.310008 -0.00140055 -0.00094902 0.999999 -0.00863268 0 0 0 1 
4215528470245;1.65415;0.549253;0.999796 0.020024 0.00248975 -0.0488022 -0.0198011 0.997359 -0.0698849 0.636052 -0.00388255 0.0698214 0.997552 -1.19899 0 0 0 1 
4215528470246;0.359411;0.362727;0.99181 -0.076607 0.102195 0.32104 0.0839166 0.994064 -0.0692511 -0.711128 -0.0962829 0.0772598 0.992351 0.565971 0 0 0 1 
4215528470248;1.05013;0.898874;0.992095 0.0162323 -0.124434 -0.168566 -0.0203893 0.999273 -0.0322065 0.229907 0.123821 0.0344891 0.991705 -0.64053 0 0 0 1 
4215528470249;0.429566;0.0381444;0.975945 -0.0547084 0.211042 0.259757 -0.00709282 0.959524 0.281538 0.0483994 -0.217902 -0.276262 0.936054 2.72715 0 0 0 1 
4215528470250;0.0803374;0.048391;0.998481 0.052035 -0.0181187 -0.172538 -0.050576 0.996023 0.073344 0.269772 0.0218631 -0.0723162 0.997142 0.14251 0 0 0 1 
4215528470251;0.907231;0.72176;0.994709 -0.00319346 0.102681 -0.196693 -0.00500331 0.996825 0.0794708 0.0254324 -0.102609 -0.0795641 0.991535 0.687348 0 0 0 1 
4215528470252;0.54782;0.0381484;0.999746 0.0194827 -0.0113558 -0.0103826 -0.0192306 0.999575 0.0219071 0.0663274 0.0117778 -0.0216831 0.999696 -0.508257 0 0 0 1 
4215528470253;0.780027;0.645101;0.97194 0.0285186 -0.233492 0.172403 -0.0251389 0.999532 0.0174387 0.258084 0.23388 -0.0110797 0.972202 -1.42792 0 0 0 1 
4215528470254;0.503441;0.127538;0.97549 0.0145555 0.21956 -0.0893163 -0.0529768 0.983995 0.170139 0.177274 -0.21357 -0.177601 0.960649 1.52602 0 0 0 1 
4215528470255;0.683372;0.383161;0.997233 -0.00995445 0.0736764 -0.0319798 0.0163733 0.99607 -0.0870378 -0.237763 -0.0725204 0.0880032 0.993477 0.40519 0 0 0 1 
4215528470256;0.928983;0.351342;0.99655 0.0552393 -0.0619394 -0.408606 -0.0531766 0.99799 0.0344711 0.400435 0.063719 -0.0310585 0.997484 0.408567 0 0 0 1 
4215528470257;0.749547;0.25216;0.994591 -0.0410034 -0.0954313 0.333543 0.0223705 0.981782 -0.18869 0.131799 0.10143 0.185535 0.977389 -1.94491 0 0 0 1 
4215528470258;0.0650151;0.0352781;0.999582 -0.0285169 0.00476416 0.0925443 0.0285348 0.999586 -0.00374327 -0.162706 -0.00465544 0.00387765 0.999982 -0.0402669 0 0 0 1 
