#;prob_registration_l1 -r /home/probabilistic_point_clouds_registration/build/tester /home/point_clouds_registration_benchmark//devel/registration_pairs/planetary_map_local.txt /home/point_clouds_registration_benchmark//planetary/p2at_met -s 0.2 -t 0.2 -p 0.3 -r 1000 -m 15 -i 40 
id;initial_error;final_error;transformation
25528382210000;2.8561;1.58645;0.999818 -0.0186315 0.00418095 -1.11686 0.0185649 0.999708 0.0154568 -0.319216 -0.00446771 -0.0153764 0.999872 1.45429 0 0 0 1 
25528382210001;2.11331;1.60682;0.999945 -0.00782204 -0.00699421 -0.41028 0.00889145 0.985584 0.168952 -1.02286 0.00557184 -0.169005 0.9856 -9.18713 0 0 0 1 
25528382210002;1.70145;1.52394;0.974978 0.00503282 0.222243 0.828229 0.0509213 0.968105 -0.245315 -2.43306 -0.216389 0.250493 0.943625 13.9086 0 0 0 1 
25528382210003;1.37022;0.428702;0.999997 -0.00219485 -0.000938388 -0.46146 0.00220303 0.999959 0.0088067 0.0189253 0.00091902 -0.00880875 0.999961 0.635589 0 0 0 1 
25528382210004;1.75339;1.26756;0.966792 -0.0427138 0.251969 -1.76035 0.0109449 0.991949 0.12616 -0.209362 -0.255329 -0.119213 0.959477 -5.51115 0 0 0 1 
25528382210005;0.735848;0.431652;0.994286 0.00550571 0.106609 0.53756 0.0278152 0.950811 -0.30852 -3.08866 -0.103064 0.309722 0.945225 16.5377 0 0 0 1 
25528382210006;1.57164;0.54948;0.9974 -0.0163354 -0.0701945 -0.897377 0.0152139 0.999748 -0.0164819 -0.110495 0.0704461 0.0153711 0.997397 -1.2267 0 0 0 1 
25528382210007;1.73822;1.38711;0.999986 -0.00390504 -0.00356011 0.109156 0.00370192 0.998459 -0.0553793 -0.426599 0.00377088 0.0553653 0.998459 2.29272 0 0 0 1 
25528382210008;0.906109;0.871866;0.995062 0.0177449 0.0976609 1.19864 -0.0182409 0.999825 0.00418796 0.141257 -0.0975695 -0.0059487 0.995211 0.246076 0 0 0 1 
25528382210009;0.490985;0.25406;0.970575 0.0409925 -0.237284 1.88131 -0.0162175 0.994294 0.105436 0.138765 0.240253 -0.0984855 0.965701 -6.54313 0 0 0 1 
25528382210010;2.17163;1.22893;0.990539 -0.0451872 -0.129576 -2.10749 -0.0153369 0.901863 -0.431749 -4.65895 0.13637 0.429652 0.892638 18.3528 0 0 0 1 
25528382210011;2.42393;1.68239;0.99966 0.02134 -0.0150143 1.06484 -0.0188961 0.988894 0.147415 0.00166534 0.0179934 -0.147081 0.988961 -9.05114 0 0 0 1 
25528382210012;1.04957;0.469256;0.997812 -0.0171403 -0.0638598 -0.904525 0.0131655 0.99798 -0.0621507 -0.706456 0.064796 0.0611739 0.996022 3.2563 0 0 0 1 
25528382210013;1.47687;1.18778;0.999951 -0.00943294 0.00306121 -0.396955 0.00941057 0.99993 0.00724021 -0.0346389 -0.00312929 -0.00721105 0.999969 0.294147 0 0 0 1 
25528382210014;2.77484;2.18244;0.983304 -0.0132825 0.181483 0.00164675 -0.0524204 0.934377 0.352409 -2.6148 -0.174254 -0.356038 0.918081 -15.7911 0 0 0 1 
25528382210015;1.8346;1.69665;0.997006 0.00313916 0.0772645 0.255572 0.00223869 0.997585 -0.0694182 -0.219337 -0.0772958 0.0693833 0.994591 4.63801 0 0 0 1 
25528382210016;0.567147;0.411414;0.99418 0.00128524 -0.107724 -0.064821 0.0163878 0.986488 0.163011 -0.863596 0.106478 -0.163828 0.980726 -9.38497 0 0 0 1 
25528382210017;2.04883;1.45027;0.951815 0.042828 -0.303669 1.67693 0.0256544 0.97561 0.218006 -1.21039 0.305599 -0.215292 0.927501 -11.6029 0 0 0 1 
25528382210018;2.95759;1.66;0.999355 0.0305027 -0.018939 1.02708 -0.0207265 0.920836 0.389399 -2.71601 0.0293174 -0.388755 0.920875 -17.7545 0 0 0 1 
25528382210019;2.21355;1.87019;0.99583 0.0158785 0.0898398 1.11014 -0.0154788 0.999867 -0.00514401 0.295422 -0.0899095 0.00373194 0.995943 -0.100764 0 0 0 1 
25528382210020;0.308749;0.345309;0.982463 -0.035572 0.183034 -1.58719 0.0796878 0.967573 -0.239692 -2.7308 -0.168573 0.250074 0.953439 13.4792 0 0 0 1 
25528382210021;1.80312;1.3989;0.999846 0.0158081 -0.0076653 0.859549 -0.0153551 0.998316 0.0559364 -0.0191871 0.00853665 -0.05581 0.998405 -2.0152 0 0 0 1 
25528382210022;2.94324;2.55541;0.872744 -0.0243094 -0.487572 -1.24655 -0.00728447 0.998 -0.0627975 0.0417343 0.488123 0.0583578 0.870821 0.0393002 0 0 0 1 
25528382210023;1.21687;0.969508;0.888342 -0.000961946 -0.459182 0.0516808 -0.0365683 0.996673 -0.0728336 0.231554 0.457724 0.0814926 0.885352 0.277604 0 0 0 1 
25528382210024;1.44022;1.41498;0.998884 -0.0205519 0.0425172 -0.975291 0.022073 0.999122 -0.0356212 -0.465361 -0.0417477 0.0365199 0.998461 1.64889 0 0 0 1 
25528382210025;2.35204;2.14028;0.999987 -0.00186421 -0.00464231 0.175544 0.00190146 0.999966 0.0080327 -0.155518 0.00462717 -0.00804143 0.999957 -0.582443 0 0 0 1 
25528382210026;1.69358;0.443462;0.997724 0.00436974 0.0672933 0.120426 -0.00543844 0.999862 0.0157063 0.388864 -0.0672154 -0.0160365 0.99761 -1.88672 0 0 0 1 
25528382210027;2.42888;1.61333;0.99763 -0.0128307 0.0676053 -0.787426 0.0143112 0.999667 -0.0214592 -0.33627 -0.0673074 0.0223759 0.997481 3.25023 0 0 0 1 
25528382210028;0.814222;0.316638;0.96999 0.00705219 -0.243044 0.525292 -0.0271185 0.996481 -0.079316 0.161784 0.241629 0.0835267 0.966767 1.73846 0 0 0 1 
25528382210029;0.390701;0.339183;0.972573 -0.0602396 -0.22466 -3.15167 -0.00602157 0.959036 -0.28322 -2.49906 0.232518 0.276805 0.93237 11.9503 0 0 0 1 
25528382210031;1.54457;0.762082;0.999574 0.023245 -0.01764 0.640354 -0.0223377 0.9985 0.0499971 -0.02626 0.0187757 -0.0495818 0.998594 -3.15894 0 0 0 1 
25528382210032;0.49374;0.391523;0.999798 0.0199499 -0.00255853 0.519782 -0.0194979 0.992561 0.120174 0.00891721 0.00493696 -0.1201 0.992749 -3.67739 0 0 0 1 
25528382210033;0.496545;0.419211;0.998323 0.0101981 0.0569765 0.241245 -0.0109395 0.999859 0.012716 0.000875443 -0.0568388 -0.013318 0.998295 -0.415489 0 0 0 1 
25528382210034;1.67751;1.35237;0.999539 -0.00532616 -0.0298925 -0.0955236 0.00216683 0.994497 -0.104742 -0.22245 0.0302859 0.104629 0.99405 1.88304 0 0 0 1 
25528382210035;1.14274;0.494284;0.996854 0.0157567 -0.0776816 0.489846 -0.0121109 0.998813 0.0471828 -0.0329594 0.0783328 -0.0460936 0.995861 -3.2926 0 0 0 1 
25528382210036;0.657758;0.257656;0.998596 0.0151443 0.0507568 0.396968 -0.0211385 0.992582 0.119725 0.151409 -0.0485671 -0.12063 0.991509 -2.73397 0 0 0 1 
25528382210037;0.42747;0.347619;0.942821 0.0235713 -0.332465 0.824404 -0.00395244 0.998217 0.0595636 -0.147407 0.333276 -0.0548437 0.941233 -5.00104 0 0 0 1 
25528382210038;2.16463;1.52563;0.994961 -0.0192121 -0.0984088 -0.732194 0.015798 0.99925 -0.0353561 -0.284007 0.0990142 0.0336232 0.994518 1.74966 0 0 0 1 
25528382210039;1.45509;1.23512;0.999803 0.00726789 0.0184733 0.163288 -0.00842043 0.997972 0.0630974 0.0794892 -0.0179773 -0.0632405 0.997836 -1.02687 0 0 0 1 
25528382210040;1.05221;1.0791;0.995591 -0.018756 -0.0919012 -0.50664 0.0142828 0.998692 -0.0490922 -0.226931 0.0927018 0.0475632 0.994557 0.389619 0 0 0 1 
25528382210041;1.71424;0.92708;0.909542 -0.0206602 0.415098 0.795254 -0.00729724 0.997816 0.0656526 0.0941613 -0.415547 -0.0627429 0.907405 3.25758 0 0 0 1 
25528382210042;0.574012;0.333037;0.988798 -0.00212264 0.149246 0.0084717 0.051273 0.943884 -0.326273 -2.47277 -0.140179 0.33027 0.933419 11.6222 0 0 0 1 
25528382210043;0.513876;0.214292;0.999953 0.00480976 0.00836007 0.308796 -0.00643154 0.978457 0.20635 -0.404521 -0.00718748 -0.206394 0.978443 -6.73951 0 0 0 1 
25528382210044;0.355334;0.26062;0.914913 -0.0119251 0.403474 0.64276 -0.0431663 0.990941 0.127172 0.167681 -0.401336 -0.133768 0.90611 -0.813388 0 0 0 1 
25528382210045;1.15928;1.0502;0.999294 0.00515855 -0.0372216 0.0314841 -0.00690462 0.998874 -0.0469353 -0.00987612 0.0369375 0.0471591 0.998204 0.831184 0 0 0 1 
25528382210046;2.5411;1.17737;0.995397 0.017829 0.0941602 0.662593 -0.0537776 0.917177 0.394835 -2.3017 -0.079322 -0.398082 0.913914 -13.7858 0 0 0 1 
25528382210047;2.63214;2.48268;0.962843 -0.0774591 -0.258713 -2.40015 -0.0167868 0.938965 -0.343602 -2.05047 0.269538 0.335178 0.902776 8.78571 0 0 0 1 
25528382210048;0.0550198;0.10184;0.999697 0.0115126 -0.0217345 0.236551 -0.0118439 0.999815 -0.0151764 0.0819968 0.0215557 0.0154292 0.999649 0.212069 0 0 0 1 
25528382210049;0.624254;0.323045;0.999013 0.0190969 0.0400928 0.526818 -0.0272659 0.97638 0.214333 -0.276054 -0.0350527 -0.215215 0.975937 -5.88703 0 0 0 1 
25528382210050;1.7141;0.29301;0.999648 0.0141999 0.0224128 0.299738 -0.0130592 0.998651 -0.0502481 0.16069 -0.0230961 0.0499377 0.998485 3.56727 0 0 0 1 
25528382210051;0.731618;0.742869;0.998751 0.0138852 -0.0479872 0.35136 -0.00946619 0.995795 0.0911165 0.000552624 0.0490506 -0.0905485 0.994683 -3.19897 0 0 0 1 
25528382210052;0.501673;0.445312;0.945656 0.00888344 -0.325047 0.616022 0.0299864 0.992985 0.114377 -0.36697 0.323783 -0.117909 0.938756 -6.39375 0 0 0 1 
25528382210053;0.245766;0.315573;0.996434 0.00202408 0.0843548 0.027285 0.0102743 0.989363 -0.145104 -0.546186 -0.0837513 0.145453 0.985814 5.04658 0 0 0 1 
25528382210054;2.27774;1.739;0.998402 -0.00837047 0.055886 -0.205196 0.0112369 0.998626 -0.0511756 -0.0626308 -0.0553809 0.0517218 0.997125 3.46676 0 0 0 1 
25528382210055;0.613367;0.649272;0.996833 0.0116674 -0.078663 0.210061 -0.00925918 0.999479 0.0309099 0.0483942 0.0789826 -0.0300837 0.996422 -1.4864 0 0 0 1 
25528382210056;2.21606;2.04742;0.992699 0.0376515 -0.114594 1.24664 -0.0118229 0.975831 0.218205 -0.571992 0.12004 -0.215257 0.969152 -8.44873 0 0 0 1 
25528382210057;2.17431;1.8939;0.999902 -0.00275749 -0.0137036 -0.319367 0.00221868 0.99923 -0.0391803 -0.250007 0.013801 0.0391461 0.999138 1.79182 0 0 0 1 
25528382210058;0.777574;0.449018;0.943924 0.09284 -0.316842 2.90534 0.0323507 0.929026 0.368598 -2.25678 0.328575 -0.358178 0.873926 -13.7621 0 0 0 1 
25528382210059;0.655634;0.346425;0.998322 0.0264385 -0.0515119 0.705677 -0.021573 0.995449 0.0928212 -0.0456144 0.0537315 -0.0915542 0.994349 -4.01552 0 0 0 1 
25528382210060;1.3379;0.444539;0.944726 -0.0576773 -0.322749 -1.81591 -0.00826411 0.979903 -0.199305 -0.87588 0.327758 0.190956 0.925262 4.28787 0 0 0 1 
25528382210062;1.314;0.939705;0.996205 0.0105707 -0.0863978 0.462079 -0.00622002 0.998706 0.0504718 0.0143136 0.0868195 -0.0497428 0.994981 -2.17584 0 0 0 1 
25528382210063;2.15505;1.45753;0.999977 -0.0064705 -0.00189936 -0.373804 0.00636205 0.998605 -0.052422 0.0296166 0.00223591 0.0524087 0.998623 3.17774 0 0 0 1 
25528382210064;0.553066;0.453425;0.984858 -0.000682991 0.173361 -0.00142614 0.0268506 0.988526 -0.148642 -0.71433 -0.171271 0.151046 0.973577 10.0855 0 0 0 1 
25528382210065;1.61508;0.712579;0.99458 0.0290828 -0.0998225 2.15526 -0.0116816 0.98526 0.170662 -0.923542 0.103314 -0.168571 0.98026 -12.4461 0 0 0 1 
25528382210066;1.78743;1.00438;0.999968 0.00278212 0.00751056 0.172209 -0.00295279 0.999735 0.02281 -0.0129819 -0.00744511 -0.0228315 0.999712 -0.720389 0 0 0 1 
25528382210067;0.672032;0.584386;0.993644 -0.0170927 -0.111264 -2.22438 0.00673313 0.99566 -0.0928255 -0.536561 0.112368 0.0914863 0.989446 11.9492 0 0 0 1 
25528382210068;1.84994;0.799655;0.99788 0.00809998 -0.06457 0.169855 -0.00481032 0.99869 0.0509409 0.086871 0.0648981 -0.0505223 0.996612 -1.64387 0 0 0 1 
25528382210069;2.23987;0.397832;0.98113 -0.030088 -0.190995 -3.3976 -0.015226 0.972727 -0.231451 -3.13195 0.19275 0.229992 0.953914 24.9199 0 0 0 1 
25528382210070;2.2156;0.872809;0.999926 -0.00396368 -0.0114982 -0.704111 0.00401235 0.999983 0.00421246 0.050842 0.0114813 -0.00425828 0.999925 2.2254 0 0 0 1 
25528382210071;1.44584;1.2458;0.998947 -0.0456394 0.00477261 -4.52507 0.0428225 0.889776 -0.454385 -10.9926 0.0164913 0.45411 0.890793 44.5308 0 0 0 1 
25528382210072;1.6175;1.63431;0.998274 -0.0390136 -0.0438882 -4.10453 0.0207375 0.933458 -0.358087 -7.16063 0.054938 0.356559 0.932656 36.9374 0 0 0 1 
25528382210073;2.148;0.370535;0.999084 0.00742573 -0.0421315 0.230701 -0.00546855 0.998909 0.0463806 0.134241 0.04243 -0.0461077 0.998035 -1.11388 0 0 0 1 
25528382210074;1.21241;0.374649;0.991315 -0.00655463 0.131346 -0.50577 0.00461677 0.999876 0.015053 0.198496 -0.131428 -0.0143158 0.991222 -6.31316 0 0 0 1 
25528382210075;0.469924;0.153924;0.96761 -0.0267383 -0.251028 -4.10529 -0.0145867 0.986792 -0.161334 -2.0264 0.252026 0.15977 0.95444 21.4851 0 0 0 1 
25528382210076;1.94829;1.25054;0.999889 0.00708391 -0.0131002 0.386348 -0.00601615 0.996791 0.079823 0.103851 0.0136236 -0.0797354 0.996723 -5.64324 0 0 0 1 
25528382210077;1.55351;0.712849;0.999839 0.0116271 -0.0136614 1.2897 -0.0107031 0.997771 0.065869 -0.257221 0.0143968 -0.0657122 0.997735 -8.05397 0 0 0 1 
25528382210078;1.78754;1.4725;0.999833 -0.000767898 0.0182469 -0.148613 0.000172284 0.999468 0.032621 0.11378 -0.0182623 -0.0326125 0.999301 -2.77457 0 0 0 1 
25528382210079;0.52952;0.345193;0.966226 -0.0174107 -0.257108 -3.31729 -0.0101402 0.994374 -0.105444 -1.07934 0.257498 0.104489 0.960613 16.3283 0 0 0 1 
25528382210080;0.579865;0.166977;0.999945 0.00011986 -0.0105038 -0.0786228 -0.000115384 1 0.000426745 -0.0151442 0.0105039 -0.00042551 0.999945 0.795944 0 0 0 1 
25528382210081;1.6725;1.67383;0.999623 -0.00985914 0.025613 -0.903253 0.0116246 0.997499 -0.0697217 -0.132698 -0.0248616 0.0699932 0.997238 6.10145 0 0 0 1 
25528382210082;1.80785;0.240464;0.959936 -0.00954963 0.280058 -0.858664 -0.0306517 0.989844 0.138815 -1.18017 -0.278539 -0.141838 0.949894 -19.2842 0 0 0 1 
25528382210083;0.928935;0.252219;0.981609 -0.0369484 -0.187295 -4.96653 -0.00271658 0.978289 -0.207229 -3.01965 0.190885 0.203926 0.960196 25.8264 0 0 0 1 
25528382210084;1.83208;1.45634;0.99876 -0.0165302 -0.0469542 -1.69937 0.0103658 0.99164 -0.128616 -0.766422 0.0486877 0.127969 0.990582 12.3364 0 0 0 1 
25528382210085;0.401662;0.26845;0.993921 0.0529 -0.0965557 4.93419 -0.0213258 0.952898 0.302541 -4.33694 0.108012 -0.298643 0.948233 -27.5824 0 0 0 1 
25528382210086;1.45129;1.20438;0.996693 0.00402619 -0.0811595 -0.0226512 -0.00613178 0.999651 -0.0257113 -0.164657 0.0810276 0.026124 0.996369 5.36515 0 0 0 1 
25528382210087;0.345605;0.139677;0.939423 -0.00589103 0.342708 -1.07116 0.035398 0.996174 -0.0799083 0.235479 -0.340926 0.0871989 0.936037 0.04588 0 0 0 1 
25528382210088;0.167837;0.138499;0.999924 -0.00550189 -0.0110186 -0.617072 0.00552674 0.999982 0.00222584 0.138672 0.0110061 -0.00228656 0.999937 -0.255092 0 0 0 1 
25528382210089;1.83562;1.79671;0.99987 -0.00434187 0.0155319 -0.401898 0.00485688 0.999434 -0.0332757 0.00184064 -0.0153787 0.0333468 0.999326 2.55399 0 0 0 1 
25528382210090;2.15758;0.158701;0.999988 0.00133021 -0.00475932 -0.0790219 -0.00146175 0.999614 -0.0277421 -0.253184 0.00472058 0.0277487 0.999604 5.43077 0 0 0 1 
25528382210091;0.893388;0.493436;0.999831 -0.0150461 0.0105286 -1.52608 0.016235 0.992168 -0.123855 -0.80467 -0.00858261 0.124005 0.992245 12.7569 0 0 0 1 
25528382210093;1.89713;0.229731;0.97796 0.0446609 -0.203961 -1.07502 -0.0246636 0.994726 0.0995549 -0.428126 0.207332 -0.0923303 0.973904 4.42114 0 0 0 1 
25528382210094;0.825331;0.202579;0.998093 0.0187174 -0.0588202 -0.106996 0.0017359 0.944029 0.329859 0.40836 0.0617021 -0.329332 0.942196 -2.00396 0 0 0 1 
25528382210095;0.858473;0.729836;0.961168 0.0618428 0.268944 0.380784 -0.0985591 0.98722 0.125228 -1.45036 -0.257763 -0.146872 0.95498 -4.42261 0 0 0 1 
25528382210096;0.8797;0.305345;0.95592 0.0574114 0.28796 0.585531 -0.163639 0.918446 0.360109 -2.61305 -0.243802 -0.391357 0.887356 -7.10715 0 0 0 1 
25528382210097;2.1961;1.41565;0.998807 -0.000228123 0.0488368 0.273918 -0.000553841 0.999872 0.0159976 -0.238604 -0.0488342 -0.0160056 0.998679 -2.16823 0 0 0 1 
25528382210098;1.08082;0.253802;0.99977 0.0212511 0.00283516 0.295941 -0.0210122 0.997511 -0.0673054 -1.0685 -0.00425841 0.0672304 0.997728 -0.292491 0 0 0 1 
25528382210099;0.565162;0.389987;0.948679 -0.0394139 -0.313775 -1.71996 0.00161782 0.992795 -0.119816 -0.230846 0.316236 0.113159 0.941908 5.80324 0 0 0 1 
25528382210100;1.81678;1.68997;0.998262 0.0532422 0.0252506 0.591907 -0.0578 0.968109 0.243771 -0.529667 -0.0114664 -0.244806 0.969504 -1.57723 0 0 0 1 
25528382210101;0.708323;0.422422;0.99871 -0.0341256 -0.0375894 -0.451753 0.0324723 0.998515 -0.0437495 0.567697 0.0390266 0.0424725 0.998335 1.3858 0 0 0 1 
25528382210102;2.25601;1.69776;0.997012 -0.00439074 -0.0771216 0.0292444 -0.00402797 0.99407 -0.108668 -0.567474 0.0771414 0.108654 0.991082 0.697376 0 0 0 1 
25528382210103;0.72475;0.472606;0.998994 0.0441169 -0.00803998 0.428671 -0.0434145 0.996388 0.0729789 -0.670144 0.0112305 -0.0725564 0.997301 0.407832 0 0 0 1 
25528382210104;2.73972;1.56991;0.990561 0.0562576 -0.124993 -0.190997 -0.0211189 0.963643 0.266357 0.385337 0.135433 -0.261204 0.955736 2.50354 0 0 0 1 
25528382210105;1.37462;0.282518;0.985921 0.0402846 0.162284 0.452838 0.0439252 0.874059 -0.48383 -1.81462 -0.161337 0.484147 0.859984 -0.596796 0 0 0 1 
25528382210106;1.98093;0.135731;0.994682 -0.0553794 -0.0868374 -0.203449 0.0196694 0.929761 -0.367639 -0.289699 0.101098 0.363976 0.925905 1.97739 0 0 0 1 
25528382210107;2.7132;2.03958;0.999527 0.0112898 0.0285982 0.246928 -0.0127156 0.998659 0.050175 -0.201612 -0.0279934 -0.0505149 0.998331 -2.39293 0 0 0 1 
25528382210108;2.24596;0.911686;0.982419 0.0656006 -0.174783 0.187782 -0.0589215 0.99733 0.0431385 -1.89568 0.177146 -0.0320817 0.983662 1.44609 0 0 0 1 
25528382210109;1.35089;0.285285;0.996924 0.00795496 0.0779719 0.456194 -0.000441275 0.99539 -0.0959111 -0.169994 -0.0783754 0.0955816 0.992331 -1.79689 0 0 0 1 
25528382210110;1.54595;0.884643;0.99753 0.058725 -0.038527 0.0571886 -0.0321907 0.869809 0.492338 0.397997 0.0624236 -0.489882 0.869551 -2.16649 0 0 0 1 
25528382210111;0.364366;0.225789;0.985224 -0.0179662 -0.170327 -0.849091 0.0101201 0.998852 -0.0468215 -0.028766 0.170973 0.044406 0.984275 3.24941 0 0 0 1 
25528382210112;2.44837;2.09159;0.994543 -0.0243181 0.101454 -0.17952 0.00218599 0.977098 0.212777 0.678858 -0.104305 -0.211394 0.971819 -1.26765 0 0 0 1 
25528382210113;0.357128;0.322029;0.998321 0.054441 0.0197712 0.480324 -0.0557311 0.99585 0.0719463 -0.944711 -0.0157723 -0.0729274 0.997213 -0.312861 0 0 0 1 
25528382210114;2.52967;0.913401;0.94757 -0.0525523 0.315196 -0.815671 0.15336 0.940152 -0.304295 1.80649 -0.280341 0.336679 0.898919 -4.48073 0 0 0 1 
25528382210115;1.99023;0.287342;0.997927 -0.00754294 -0.0639097 -0.591172 0.00829175 0.9999 0.0114596 0.306236 0.0638169 -0.0119657 0.99789 2.97697 0 0 0 1 
25528382210116;0.274109;0.243712;0.998569 0.0104932 -0.052442 -0.238449 0.00285781 0.968693 0.248244 0.475815 0.0534051 -0.248038 0.967277 -0.660221 0 0 0 1 
25528382210117;0.456139;0.305389;0.972292 0.0498953 0.228382 0.481906 -0.0955055 0.976488 0.19326 -1.4076 -0.213369 -0.209717 0.954197 -4.78754 0 0 0 1 
25528382210118;1.00279;0.172305;0.998529 0.003558 0.0540997 0.0173861 -0.00419643 0.999923 0.011692 -0.0623963 -0.054054 -0.0119018 0.998467 -1.83993 0 0 0 1 
25528382210119;1.53716;0.914048;0.994446 0.0318574 0.100313 0.071844 -0.00944949 0.976267 -0.216365 -1.36092 -0.104826 0.214215 0.971145 0.355579 0 0 0 1 
25528382210120;1.16367;0.550864;0.999604 -0.00752074 0.0270999 0.0136297 0.00673562 0.999558 0.028947 0.527075 -0.0273056 -0.028753 0.999214 0.27483 0 0 0 1 
25528382210121;1.92017;1.70177;0.997967 0.0248743 0.0586857 0.394413 -0.0364366 0.978072 0.205053 -0.371284 -0.0522983 -0.206774 0.97699 -3.14424 0 0 0 1 
25528382210122;1.42171;0.494105;0.995561 0.0242094 -0.0909567 0.155399 -0.0268073 0.999264 -0.0274498 -0.426211 0.0902252 0.0297662 0.995476 0.313711 0 0 0 1 
25528382210124;1.41534;0.504553;0.999753 0.0158083 -0.0156259 1.3243 -0.014935 0.998402 0.0545065 -0.405059 0.0164626 -0.0542597 0.998391 -5.79506 0 0 0 1 
25528382210125;0.633729;0.316333;0.991661 -0.0434419 -0.121333 -3.60513 0.0261933 0.989763 -0.140295 -0.803555 0.126186 0.135946 0.982647 11.9586 0 0 0 1 
25528382210126;0.445145;0.28662;0.952148 -0.0088597 -0.305508 -1.54162 0.015493 0.999694 0.0192944 0.0912169 0.305244 -0.0231044 0.951994 -0.166338 0 0 0 1 
25528382210127;0.670288;0.631879;0.99836 -0.0148563 -0.055278 -1.26744 0.0113079 0.997888 -0.0639596 -0.255042 0.0561115 0.0632296 0.99642 5.4722 0 0 0 1 
25528382210128;2.24311;1.71355;0.999946 -0.0100672 0.00273399 -0.472458 0.0101193 0.999754 -0.0197542 -0.0328619 -0.00253445 0.0197808 0.999801 -0.385296 0 0 0 1 
25528382210129;1.80511;1.46588;0.985089 0.0130598 0.171548 1.26854 -0.0142327 0.999883 0.0056091 0.14952 -0.171455 -0.00796706 0.98516 -0.285155 0 0 0 1 
25528382210130;0.986557;0.166527;0.998985 0.0118325 0.0434581 0.911884 -0.0152378 0.996767 0.078884 -0.0320342 -0.0423842 -0.0794662 0.995936 -5.39524 0 0 0 1 
25528382210131;2.11864;1.82696;0.983569 -0.115637 -0.138638 -9.20139 0.0431746 0.896317 -0.441306 -8.30775 0.175295 0.42807 0.886582 34.1419 0 0 0 1 
25528382210132;0.163045;0.14767;0.999926 0.00261368 -0.0119036 0.170588 -0.00298619 0.999503 -0.0313845 -0.135057 0.0118156 0.0314177 0.999437 2.35624 0 0 0 1 
25528382210133;1.8377;0.901086;0.999857 -0.00428266 -0.0163716 -0.591114 0.0041269 0.999946 -0.00953566 0.098351 0.0164116 0.00946673 0.999821 2.76027 0 0 0 1 
25528382210134;1.18998;0.85602;0.999994 -0.00308499 0.00142671 -0.344774 0.00312689 0.999534 -0.0303658 -0.0764024 -0.00133236 0.03037 0.999538 3.284 0 0 0 1 
25528382210135;0.879278;0.70053;0.999167 0.014344 0.0382009 1.07984 -0.0159086 0.999034 0.0409734 -0.0649535 -0.0375762 -0.041547 0.99843 -2.89434 0 0 0 1 
25528382210136;1.20454;0.94029;0.938202 0.0298007 0.344804 2.41079 0.0267383 0.987067 -0.158064 -0.958212 -0.345055 0.157516 0.925271 11.1937 0 0 0 1 
25528382210137;0.490225;0.521617;0.999893 -0.009826 0.0108777 -0.705088 0.0105139 0.997823 -0.0651058 -0.229661 -0.0102143 0.0652132 0.997819 4.79228 0 0 0 1 
25528382210138;0.898047;0.891783;0.999886 -0.0101877 0.0111879 -0.726536 0.011099 0.996348 -0.0846604 -0.32646 -0.0102845 0.0847749 0.996347 6.25898 0 0 0 1 
25528382210139;0.258844;0.20195;0.998367 -0.00663416 0.0567381 -0.423554 0.009418 0.998757 -0.048939 -0.188885 -0.0563429 0.0493934 0.997189 3.61195 0 0 0 1 
25528382210140;1.51354;1.36809;0.999556 -0.0116685 0.0274261 -0.808547 0.0146573 0.993664 -0.111436 -0.600104 -0.0259521 0.111788 0.993393 7.81068 0 0 0 1 
25528382210141;0.177514;0.156913;0.968546 0.0204937 0.247991 1.79933 -0.0359654 0.997667 0.0580193 -0.296687 -0.246223 -0.0651134 0.967023 -6.66931 0 0 0 1 
25528382210142;1.7221;1.42256;0.991067 0.00900313 -0.13306 0.307463 0.00951556 0.990402 0.137887 -0.271204 0.133024 -0.137922 0.981469 -9.63433 0 0 0 1 
25528382210143;1.74732;1.6293;0.993658 -0.0124158 -0.111758 -1.24464 0.00777984 0.999095 -0.0418228 0.0521559 0.112176 0.0406881 0.992855 3.89226 0 0 0 1 
25528382210144;0.62636;0.602634;0.985243 -0.0130123 -0.170665 -1.26812 0.0132401 0.999912 0.00019685 0.0677469 0.170648 -0.00245357 0.985329 0.692631 0 0 0 1 
25528382210145;2.23099;1.68277;0.98214 0.0201378 0.187073 1.9534 -0.0295351 0.998431 0.0475824 -0.145066 -0.185821 -0.0522577 0.981193 -3.57742 0 0 0 1 
25528382210146;0.123351;0.127607;0.987599 -0.00338496 0.156961 -0.0352274 0.00278186 0.999988 0.00406193 0.017319 -0.156972 -0.00357492 0.987597 -1.25895 0 0 0 1 
25528382210147;2.1323;0.319873;0.999948 -0.00139873 0.0101021 -0.380059 0.00153687 0.999905 -0.01368 0.0967877 -0.010082 0.0136948 0.999855 3.62077 0 0 0 1 
25528382210148;1.17842;0.503809;0.999953 -0.00609762 -0.0075559 -0.581925 0.00577394 0.999095 -0.0421425 -0.0447682 0.00780603 0.0420969 0.999083 4.50106 0 0 0 1 
25528382210149;1.8032;1.67306;0.974353 0.0352128 -0.222252 2.29789 0.0209691 0.969174 0.245481 -1.98833 0.224045 -0.243846 0.94358 -18.5492 0 0 0 1 
25528382210150;1.89528;1.80471;0.991914 0.00379662 0.126852 0.429485 0.00911176 0.994842 -0.101024 -0.369817 -0.126582 0.101363 0.986764 7.1708 0 0 0 1 
25528382210151;1.38396;0.500158;0.999967 0.00770225 0.00244952 0.7741 -0.00769503 0.999966 -0.00294312 -0.201682 -0.0024721 0.00292417 0.999993 -1.58729 0 0 0 1 
25528382210152;1.90731;1.81625;0.999432 0.00520671 -0.0332821 0.485845 -0.00237201 0.996408 0.0846504 -0.315269 0.0336033 -0.0845234 0.995855 -7.4937 0 0 0 1 
25528382210153;0.627318;0.193026;0.968645 -0.0615116 -0.240713 -5.53124 0.0213785 0.985909 -0.16591 -1.27556 0.247526 0.155562 0.956311 14.2709 0 0 0 1 
25528382210155;0.972428;0.598459;0.996583 -0.0447156 -0.0694439 -2.96908 0.0101634 0.900776 -0.434164 -7.28888 0.0819674 0.431975 0.898153 27.1355 0 0 0 1 
25528382210156;1.01473;0.730541;0.991543 0.0167649 -0.128691 0.618455 -0.0107016 0.998806 0.0476621 -0.209656 0.129337 -0.0458819 0.990539 -1.41006 0 0 0 1 
25528382210157;0.233342;0.244981;0.998436 0.00304514 -0.0558318 -0.0292485 -0.00639582 0.998182 -0.0599337 -0.461135 0.0555478 0.0601971 0.99664 4.73053 0 0 0 1 
25528382210158;0.218897;0.185971;0.999932 -0.00570753 -0.0101886 -0.376463 0.00576512 0.999968 0.00563197 0.171852 0.0101561 -0.00569033 0.999932 -0.427238 0 0 0 1 
25528382210159;0.424214;0.212915;0.968783 -0.0123108 0.247605 -0.639565 0.0958581 0.939685 -0.328336 -2.35491 -0.228628 0.341821 0.91153 14.6096 0 0 0 1 
25528382210160;0.944861;0.802507;0.999107 -0.0132695 -0.0401224 -0.828217 0.00531981 0.981363 -0.19209 -1.77686 0.0419236 0.191705 0.980557 11.9189 0 0 0 1 
25528382210161;0.607772;0.417856;0.984048 -0.0152739 0.177244 -0.733851 0.0360727 0.992742 -0.114725 0.0774025 -0.174205 0.119288 0.977457 1.65658 0 0 0 1 
25528382210162;0.465464;0.290349;0.991578 0.00737285 0.129298 0.764518 -0.0254659 0.989987 0.138845 -0.617424 -0.126979 -0.140969 0.981837 -12.0532 0 0 0 1 
25528382210163;0.301031;0.195128;0.999889 0.00897393 -0.0119293 0.438234 -0.00858847 0.999452 0.0319799 0.0363521 0.0122098 -0.0318739 0.999417 -1.18616 0 0 0 1 
25528382210164;0.262538;0.250096;0.999979 -0.00638783 0.00058765 -0.399928 0.00638462 0.999965 0.00532035 0.183231 -0.000621616 -0.00531649 0.999986 -0.537832 0 0 0 1 
25528382210165;0.165591;0.163882;0.999918 0.00213829 -0.0126124 0.029333 -0.00090065 0.995252 0.0973295 0.0470862 0.0127606 -0.0973102 0.995172 -5.36651 0 0 0 1 
25528382210166;1.12952;0.746335;0.972849 0.0032267 -0.231418 -0.771605 0.00607153 0.999203 0.0394559 0.160347 0.231361 -0.0397897 0.972054 0.821782 0 0 0 1 
25528382210167;0.708722;0.193398;0.994822 -0.015185 -0.100495 -1.6303 0.00900768 0.998058 -0.0616399 -0.238897 0.101235 0.0604155 0.993026 7.32637 0 0 0 1 
25528382210168;1.1418;0.272665;0.999808 0.00610046 0.0186333 0.225736 -0.00553389 0.999525 -0.0303081 -0.221781 -0.0188093 0.0301991 0.999367 4.12996 0 0 0 1 
25528382210169;0.757933;0.718925;0.994958 0.00576685 0.100128 0.583323 -0.00295703 0.999598 -0.0281879 -0.262831 -0.100251 0.0277497 0.994575 -0.986289 0 0 0 1 
25528382210170;0.338329;0.0932818;0.988396 0.0072297 0.151724 0.680098 0.0537566 0.917573 -0.393917 -4.85712 -0.142066 0.397502 0.906537 19.6872 0 0 0 1 
25528382210171;0.814741;0.683372;0.994934 0.0200551 -0.0985132 0.535661 -0.0158769 0.998948 0.0430146 -0.156679 0.0992723 -0.0412326 0.994206 1.06486 0 0 0 1 
25528382210172;0.85032;0.253659;0.991117 0.0627119 -0.117277 2.52876 -0.0182084 0.937524 0.347443 -2.11936 0.131739 -0.342222 0.930338 -15.0545 0 0 0 1 
25528382210173;0.630488;0.544945;0.999713 0.000173484 -0.0239644 -0.0359172 0.00152326 0.997492 0.0707662 0.162838 0.0239165 -0.0707824 0.997205 -4.51067 0 0 0 1 
25528382210174;0.36066;0.215429;0.961494 0.106392 -0.253395 4.19454 -0.0079866 0.932454 0.361201 -2.57124 0.274708 -0.345269 0.897399 -14.4235 0 0 0 1 
25528382210175;0.400793;0.388173;0.999761 0.00165626 0.0218118 0.17992 0.000666326 0.994361 -0.106048 -0.655466 -0.0218644 0.106037 0.994122 5.86006 0 0 0 1 
25528382210176;0.342834;0.172898;0.984389 0.00228053 0.175992 0.407893 -0.0329039 0.984672 0.171284 -1.00333 -0.172904 -0.174401 0.969375 -14.8024 0 0 0 1 
25528382210177;0.260067;0.137483;0.99729 -0.0298411 -0.0672409 -1.99005 0.0105953 0.962767 -0.270125 -2.68396 0.0727982 0.26868 0.960475 17.1082 0 0 0 1 
25528382210178;0.926206;0.247838;0.999826 -0.00588071 0.0176909 -0.492784 0.00571007 0.999937 0.00968089 0.228349 -0.0177468 -0.00957819 0.999797 1.24302 0 0 0 1 
25528382210179;0.695785;0.266192;0.999981 -0.000432255 -0.00607129 0.093775 -0.000573785 0.986339 -0.16473 -1.11821 0.00605955 0.164731 0.98632 8.00619 0 0 0 1 
25528382210180;0.109455;0.0897612;0.999659 0.0124988 0.0229234 0.797137 -0.0140317 0.997588 0.0679782 -0.158373 -0.0220185 -0.0682766 0.997423 -4.61065 0 0 0 1 
25528382210181;0.971587;0.602992;0.944464 0.00512682 0.328575 -0.136255 0.0136093 0.99841 -0.0546973 0.255583 -0.328333 0.0561313 0.942893 -6.41691 0 0 0 1 
25528382210182;0.540657;0.321238;0.998487 0.00579365 0.0546909 0.560687 -0.00515815 0.999918 -0.011754 -0.250659 -0.0547545 0.0114541 0.998434 -1.69146 0 0 0 1 
25528382210183;0.488607;0.359164;0.969981 0.00763404 0.24306 0.663046 -0.00599217 0.999954 -0.0074936 -0.0301393 -0.243106 0.00581219 0.969982 -4.77397 0 0 0 1 
25528382210184;0.107925;0.065247;0.999908 0.0083314 -0.0107043 0.409094 -0.00818454 0.999873 0.0136907 -0.123096 0.010817 -0.0136019 0.999849 -0.352025 0 0 0 1 
25528382210186;2.61464;0.47246;0.906806 0.0411967 -0.419531 0.138688 0.0472393 0.979014 0.198243 -0.0971827 0.418894 -0.199586 0.885829 -5.47702 0 0 0 1 
25528382210187;2.55948;0.264833;0.999957 0.00890009 0.00261827 0.646748 -0.00887207 0.999905 -0.0105264 -0.308401 -0.0027117 0.0105027 0.999941 -1.99237 0 0 0 1 
25528382210188;2.1137;0.627552;0.993016 -0.0118865 -0.117379 -0.435002 -0.00280501 0.992252 -0.124212 -0.328691 0.117946 0.123674 0.985289 4.41632 0 0 0 1 
25528382210189;3.03095;1.7329;0.932907 -0.00691054 0.360052 0.224893 0.024429 0.998727 -0.0441276 0.256907 -0.359289 0.0499627 0.931888 -0.673451 0 0 0 1 
25528382210190;2.58604;2.35967;0.942752 0.0404904 0.331028 1.85608 0.0260602 0.980623 -0.194165 -1.09744 -0.332475 0.191677 0.923429 4.36652 0 0 0 1 
25528382210191;2.29839;1.27209;0.994243 -0.0105332 0.106627 -0.3101 -0.0286888 0.932649 0.359643 -1.11829 -0.103233 -0.360632 0.926978 -13.9494 0 0 0 1 
25528382210192;1.26077;0.977479;0.997522 0.0230404 -0.0664778 0.877171 -0.0207141 0.999156 0.035473 -0.278668 0.067239 -0.034008 0.997157 -1.42027 0 0 0 1 
25528382210193;1.94741;1.24622;0.975707 -0.0240606 0.217756 -0.795878 0.0523603 0.990756 -0.12514 0.20168 -0.212733 0.133502 0.967947 0.863876 0 0 0 1 
25528382210194;0.500481;0.367416;0.991341 0.0623657 -0.115556 2.00194 -0.0117785 0.918701 0.394777 -2.12383 0.130782 -0.389998 0.911481 -14.2373 0 0 0 1 
25528382210195;0.447325;0.166779;0.99366 0.00554541 0.112287 0.406787 0.0237584 0.965867 -0.257946 -1.68612 -0.109884 0.258979 0.959612 8.81239 0 0 0 1 
25528382210196;0.672791;0.48455;0.999737 -0.0224442 -0.00479278 -1.02936 0.0226298 0.998817 0.0430326 0.542968 0.00382128 -0.0431297 0.999062 -1.47758 0 0 0 1 
25528382210197;1.68816;1.59666;0.9998 0.0177751 0.00917921 0.644476 -0.0180836 0.999234 0.0346957 -0.0932098 -0.00855546 -0.0348548 0.999356 -1.4716 0 0 0 1 
25528382210198;0.0806703;0.126991;0.999682 -0.02515 -0.00178008 -1.02108 0.0251206 0.999573 -0.0149458 0.33704 0.0021552 0.0148963 0.999887 0.550267 0 0 0 1 
25528382210199;2.04506;0.668449;0.98549 -0.0285895 0.16731 -0.841199 0.0301913 0.999519 -0.00703804 0.499783 -0.167029 0.0119872 0.985879 -3.43167 0 0 0 1 
25528382210200;1.86353;1.46803;0.986159 -0.0745398 -0.148102 -3.75581 0.0244609 0.948878 -0.314693 -2.54678 0.163988 0.306715 0.937568 14.5854 0 0 0 1 
25528382210201;1.69978;1.51281;0.977659 -0.0171908 0.209491 -0.29369 -0.00675541 0.993565 0.113058 0.125096 -0.210087 -0.111947 0.971252 -7.95552 0 0 0 1 
25528382210202;3.09717;0.52239;0.999616 -0.0133266 0.0243139 -0.855605 0.0145397 0.998622 -0.0504163 0.0276405 -0.0236085 0.0507504 0.998432 4.44346 0 0 0 1 
25528382210203;2.66545;0.402564;0.999905 0.0130662 -0.00434079 0.261775 -0.0127166 0.997278 0.0726258 0.119348 0.00527792 -0.0725637 0.99735 -0.463647 0 0 0 1 
25528382210204;2.12678;1.91091;0.99998 -0.00605929 0.00184605 -0.320427 0.00604496 0.999952 0.00766962 0.388515 -0.00189244 -0.00765831 0.999969 -0.266535 0 0 0 1 
25528382210205;2.17534;0.417196;0.971172 0.0144175 -0.237944 0.266345 -0.00567916 0.999285 0.0373689 -0.301849 0.238313 -0.0349403 0.97056 -0.535388 0 0 0 1 
25528382210206;0.615844;0.283999;0.999669 -0.00230153 0.0256381 -0.0442453 0.00435911 0.996746 -0.0804903 -0.314992 -0.0253695 0.0805754 0.996426 3.28473 0 0 0 1 
25528382210207;2.70191;2.455;0.998438 -0.0163547 0.0534177 -0.399597 0.0209644 0.995996 -0.0869085 -0.060027 -0.0517824 0.0878927 0.994783 1.49189 0 0 0 1 
25528382210208;0.254784;0.240637;0.998501 0.0261379 -0.0480923 0.890601 -0.0247011 0.999238 0.0302318 -0.369196 0.0488458 -0.0289985 0.998385 -0.599089 0 0 0 1 
25528382210209;0.401221;0.391207;0.999879 0.0128542 -0.00872688 0.439187 -0.012517 0.999212 0.0376568 -0.0489021 0.00920406 -0.037543 0.999253 -1.3426 0 0 0 1 
25528382210210;3.26762;2.73405;0.998114 0.0578806 0.0204332 2.45719 -0.0613421 0.92868 0.365774 -2.86255 0.00219532 -0.366338 0.930479 -15.8966 0 0 0 1 
25528382210211;2.11433;0.88497;0.99878 0.03211 0.0375233 1.28974 -0.0382703 0.98345 0.177091 -0.38193 -0.0312159 -0.178311 0.983479 -5.85226 0 0 0 1 
25528382210212;0.939666;0.356169;0.98192 0.0175156 0.188485 0.954083 0.0171891 0.983346 -0.180928 -0.903401 -0.188515 0.180897 0.965266 4.05986 0 0 0 1 
25528382210213;1.20317;1.06712;0.996408 0.00236535 0.0846478 0.252965 -0.0104349 0.995421 0.0950159 0.0733695 -0.0840355 -0.0955579 0.99187 -4.65524 0 0 0 1 
25528382210214;2.77469;1.03821;0.985236 0.036999 0.167154 1.79041 -0.000838236 0.977399 -0.211403 -1.6816 -0.171198 0.208141 0.963 8.22281 0 0 0 1 
25528382210215;2.52413;2.38051;0.999642 0.0125975 -0.0235901 0.49649 -0.00635829 0.968764 0.247902 -0.664088 0.0259762 -0.247664 0.968498 -10.0847 0 0 0 1 
25528382210217;1.06109;1.03752;0.971749 -0.0178078 -0.235342 -1.83152 0.00842427 0.999131 -0.0408172 -0.0787205 0.235865 0.0376815 0.971055 4.18247 0 0 0 1 
25528382210218;0.551084;0.526542;0.999844 0.0154443 0.00858756 1.46858 -0.0159469 0.997954 0.0619074 -0.257025 -0.00761387 -0.0620347 0.998045 -5.41074 0 0 0 1 
25528382210219;0.422673;0.398208;0.974502 -0.0067983 0.224275 -0.564281 -0.00223849 0.999197 0.0400146 -0.00454855 -0.224366 -0.0394964 0.973704 -4.42226 0 0 0 1 
25528382210220;1.03905;0.99856;0.962062 0.057817 -0.266633 4.94489 -0.0202093 0.989705 0.14169 -0.964348 0.27208 -0.130926 0.953326 -11.067 0 0 0 1 
25528382210221;1.31298;0.647497;0.997823 -0.012627 -0.0647327 -1.34676 0.00352463 0.990308 -0.138843 -1.10918 0.0658585 0.138312 0.988197 14.1437 0 0 0 1 
25528382210222;1.56771;1.18552;0.986861 0.0370107 -0.157278 3.72633 -0.0192112 0.993384 0.11322 -0.727208 0.160428 -0.108711 0.981043 -10.9156 0 0 0 1 
25528382210223;0.395381;0.293051;0.998253 0.00303781 -0.0590028 0.155292 1.04449e-05 0.998668 0.0515941 -0.0328696 0.0590809 -0.0515046 0.996924 -4.1296 0 0 0 1 
25528382210224;1.45898;1.12469;0.994911 -0.00414503 -0.100668 -0.8145 0.00580853 0.999851 0.0162371 0.0362268 0.100586 -0.0167392 0.994788 -0.0191689 0 0 0 1 
25528382210225;0.647882;0.277736;0.956029 0.0411774 -0.290366 2.89801 0.00398726 0.988177 0.153264 -0.855707 0.293244 -0.147682 0.944562 -11.5338 0 0 0 1 
25528382210226;0.247807;0.247552;0.994381 0.0127538 -0.105093 1.11463 -0.0106954 0.99974 0.0201267 -0.117683 0.105323 -0.0188896 0.994259 -1.3514 0 0 0 1 
25528382210227;1.67052;0.435111;0.999826 -0.0057443 0.0177217 -0.782757 0.00573564 0.999983 0.000539531 0.00363007 -0.0177245 -0.000437792 0.999843 2.13461 0 0 0 1 
25528382210228;0.941077;0.319851;0.999845 -0.00152469 -0.0175619 0.15665 0.000402315 0.997967 -0.0637364 -0.172331 0.0176234 0.0637195 0.997812 4.2879 0 0 0 1 
25528382210229;1.84373;1.77117;0.999482 -0.0163127 -0.0277563 -1.62263 0.0143902 0.997574 -0.0681062 -0.141774 0.0288 0.0676714 0.997292 6.28622 0 0 0 1 
25528382210230;0.815476;0.707063;0.999932 -0.00700833 -0.00934538 -0.754745 0.00695834 0.999961 -0.00537125 0.0431183 0.00938267 0.00530585 0.999942 0.853266 0 0 0 1 
25528382210231;0.945073;0.483149;0.999954 0.00136995 -0.00951413 -0.0228705 -0.00146449 0.99995 -0.0099371 -0.0631669 0.00950004 0.00995058 0.999905 1.96979 0 0 0 1 
25528382210232;0.385786;0.333597;0.994866 0.00514912 0.101075 0.52295 -0.0142703 0.995864 0.0897279 -0.349501 -0.100195 -0.0907095 0.990824 -8.97611 0 0 0 1 
25528382210233;0.215723;0.149363;0.999205 0.0363208 0.0164159 3.18883 -0.0397084 0.942787 0.331022 -5.12436 -0.00345375 -0.331411 0.94348 -29.8333 0 0 0 1 
25528382210234;1.80049;1.32118;0.999877 -0.0135485 0.00789123 -0.924288 0.0140731 0.997396 -0.0707361 -0.0385507 -0.00691231 0.0708385 0.997464 4.26348 0 0 0 1 
25528382210235;1.841;1.83446;0.980974 0.0061227 0.194044 0.550734 -0.0448236 0.979641 0.195691 -1.85354 -0.188895 -0.200666 0.961276 -18.2769 0 0 0 1 
25528382210236;0.783834;0.541052;0.992373 0.00292661 0.123239 0.352175 -0.00887816 0.998819 0.0477713 -0.125608 -0.122954 -0.0485011 0.991227 -4.18046 0 0 0 1 
25528382210237;0.646121;0.490757;0.995605 -0.00358842 -0.0935818 -0.241897 0.00327997 0.999989 -0.00344962 0.0272241 0.0935931 0.00312751 0.995606 -0.0528704 0 0 0 1 
25528382210238;0.978297;0.81465;0.994435 -0.0167343 0.104012 -1.58023 0.0289287 0.992727 -0.116862 -0.59068 -0.1013 0.119221 0.987687 10.8473 0 0 0 1 
25528382210239;1.51578;0.125362;0.995446 -0.00999449 0.0948032 -1.287 0.0156202 0.998148 -0.058786 -0.166695 -0.0940401 0.0599991 0.993759 7.05531 0 0 0 1 
25528382210240;0.466545;0.378435;0.999799 0.0191432 -0.00588996 1.63875 -0.0176239 0.980568 0.195387 -1.5575 0.00951584 -0.195244 0.980709 -17.3963 0 0 0 1 
25528382210241;1.93577;1.85615;0.989219 0.0102393 0.146089 1.03231 -0.030972 0.989616 0.14036 -0.955579 -0.143135 -0.143372 0.979264 -13.4203 0 0 0 1 
25528382210242;0.86252;0.477867;0.996574 -0.0288301 0.0775226 -2.68722 0.0438157 0.978982 -0.199186 -1.89668 -0.0701506 0.2019 0.976891 18.6067 0 0 0 1 
25528382210243;0.905546;0.261947;0.970188 -0.00836367 0.24221 -0.623386 -0.0043515 0.998642 0.0519139 -0.0467338 -0.242315 -0.0514202 0.968834 -4.57493 0 0 0 1 
25528382210244;0.219604;0.225938;0.999842 0.00207748 -0.0176264 0.182634 -0.0024164 0.999812 -0.0192287 -0.0583166 0.0175831 0.0192682 0.99966 1.6346 0 0 0 1 
25528382210245;0.165948;0.109951;0.980649 -0.00859912 0.195584 -0.725183 0.00507411 0.999816 0.0185169 0.0545435 -0.195707 -0.0171662 0.980512 -2.72262 0 0 0 1 
25528382210246;1.5805;1.40406;0.998566 -0.00211864 0.0534952 -0.295191 0.00114748 0.999834 0.0181783 0.0199309 -0.0535248 -0.0180908 0.998403 -0.862303 0 0 0 1 
25528382210248;1.80404;1.57328;0.99738 0.0014615 0.0723267 0.257178 0.00979011 0.987871 -0.154967 -0.681988 -0.071676 0.155269 0.985269 8.08403 0 0 0 1 
25528382210249;2.65063;0.670245;0.999388 -0.0147905 0.0317021 -0.641424 0.0145084 0.999853 0.00910714 0.161806 -0.0318322 -0.00864161 0.999456 -3.41169 0 0 0 1 
25528382210250;0.988386;0.229033;0.988585 -0.0270204 -0.148219 -1.92657 0.0179317 0.997895 -0.062316 -0.238162 0.149591 0.0589468 0.986989 3.7986 0 0 0 1 
25528382210251;1.96971;0.619958;0.999285 0.00229603 -0.0377458 0.227595 -0.000853292 0.99927 0.0381943 0.481469 0.0378059 -0.0381347 0.998557 -4.31162 0 0 0 1 
25528382210252;1.48555;1.24173;0.999856 0.016934 0.00144422 1.048 -0.0169299 0.999853 -0.00280535 -0.214767 -0.00149151 0.0027805 0.999995 0.508679 0 0 0 1 
25528382210253;1.51489;0.41974;0.999112 0.0129352 0.0400892 0.883416 -0.0114553 0.999252 -0.0369273 0.0349817 -0.0405369 0.0364353 0.998514 0.374048 0 0 0 1 
25528382210254;2.5409;1.93572;0.999354 0.0114058 0.034071 0.71717 -0.0163388 0.98882 0.148218 -0.0199742 -0.0319996 -0.148679 0.988368 -10.1803 0 0 0 1 
25528382210255;0.438009;0.189585;0.995608 0.00249963 -0.0935817 -0.0695598 -0.0108666 0.995972 -0.0890061 -0.446604 0.0929822 0.0896321 0.991625 5.05989 0 0 0 1 
25528382210256;0.895108;0.498239;0.961018 0.0101196 0.276299 1.20893 0.0692669 0.958649 -0.276034 -3.24207 -0.267667 0.284412 0.920578 16.8779 0 0 0 1 
25528382210257;0.887196;0.783932;0.99939 -0.0035083 0.0347492 -0.0233212 0.00312066 0.999932 0.0112035 -0.068552 -0.0347861 -0.0110883 0.999333 -0.833047 0 0 0 1 
25528382210258;2.46932;0.578401;0.999115 0.0329174 -0.026175 2.21964 -0.0343307 0.997867 -0.0555164 0.108849 0.0242917 0.0563659 0.998115 0.317863 0 0 0 1 
25528382210259;0.355498;0.242222;0.994553 -0.0119562 0.10354 -0.406654 0.0579357 0.889208 -0.453821 -7.17724 -0.0866427 0.457348 0.885057 25.395 0 0 0 1 
