#;prob_registration_l1 -r /home/probabilistic_point_clouds_registration/build/tester /home/point_clouds_registration_benchmark//devel/registration_pairs/stairs_local.txt /home/point_clouds_registration_benchmark//eth/stairs -s 0.2 -t 0.2 -p 0.3 -r 1000 -m 15 -i 40 
id;initial_error;final_error;transformation
5494384560000;0.832403;0.0463763;0.994779 0.101482 -0.0108114 0.812761 -0.101033 0.994226 0.0361544 0.378602 0.014418 -0.0348733 0.999288 0.381753 0 0 0 1 
5494384560001;0.315086;0.0350969;0.912694 0.247333 -0.325293 1.53297 -0.21762 0.967947 0.125379 1.3717 0.345877 -0.0436427 0.937264 -2.31891 0 0 0 1 
5494384560002;0.630491;0.0287771;0.999117 -0.0344512 -0.0240678 0.709985 0.0342825 0.999385 -0.00738536 -0.313383 0.0243075 0.00655373 0.999683 0.0886632 0 0 0 1 
5494384560003;0.317466;0.03344;0.968642 -0.0594921 -0.241232 0.916522 0.135467 0.94036 0.312045 -1.90835 0.208281 -0.334939 0.918931 -1.40137 0 0 0 1 
5494384560004;0.657978;0.0301594;0.998561 0.0503496 0.0184879 -0.200927 -0.0520566 0.992799 0.107891 0.623259 -0.0129224 -0.108699 0.993991 0.578962 0 0 0 1 
5494384560005;0.751618;0.0618553;0.994391 -0.0899929 -0.0555609 -0.392541 0.0965286 0.986927 0.129062 -1.54546 0.0432199 -0.133701 0.990079 -0.456609 0 0 0 1 
5494384560006;0.696898;0.289179;0.984066 0.0738733 -0.161733 0.658161 -0.0850915 0.994344 -0.063563 0.353297 0.156122 0.0763123 0.984785 -0.619473 0 0 0 1 
5494384560007;0.399045;0.16059;0.977764 -0.204429 -0.0467622 0.448001 0.206925 0.976705 0.056831 -1.98519 0.0340549 -0.0652436 0.997288 -0.221245 0 0 0 1 
5494384560008;0.231215;0.0295424;0.973315 -0.203598 -0.105853 0.38846 0.190798 0.974314 -0.119619 -1.1137 0.127489 0.09623 0.987161 -0.8193 0 0 0 1 
5494384560009;0.454804;0.0392321;0.989863 -0.032907 -0.138161 0.678381 0.0404515 0.997819 0.0521581 -0.674941 0.136144 -0.0572182 0.989035 -0.643593 0 0 0 1 
5494384560010;0.83506;0.0228088;0.999979 0.00586754 -0.00266612 -0.0414852 -0.00580442 0.999716 0.0230954 0.131137 0.00280087 -0.0230795 0.99973 0.872585 0 0 0 1 
5494384560011;0.300381;0.0566114;0.996762 0.0557059 0.0579847 -0.197623 -0.0361949 0.954789 -0.295072 0.934112 -0.0718004 0.292018 0.953714 0.603335 0 0 0 1 
5494384560012;0.513405;0.049494;0.94216 0.0590546 -0.329921 1.13809 -0.121986 0.977262 -0.173431 1.30762 0.312177 0.203645 0.927941 -1.69717 0 0 0 1 
5494384560013;0.592232;0.0286012;0.993614 0.00862742 -0.112503 0.450157 -0.0123556 0.999396 -0.0324836 0.817033 0.112155 0.0336662 0.99312 -0.786562 0 0 0 1 
5494384560014;0.784839;0.0537037;0.948981 0.198631 0.244909 0.477238 -0.242853 0.955783 0.165837 1.25657 -0.201139 -0.216853 0.955258 1.99674 0 0 0 1 
5494384560015;1.02961;0.0576142;0.943562 0.318313 -0.0914743 0.265669 -0.33099 0.896551 -0.294349 3.87464 -0.0116837 0.308014 0.95131 0.904776 0 0 0 1 
5494384560016;0.692498;0.0573376;0.990498 0.127681 -0.0511102 0.171623 -0.137353 0.899517 -0.414732 2.55786 -0.00697871 0.417811 0.908507 -0.119182 0 0 0 1 
5494384560017;0.125802;0.0395315;0.999974 -0.00117642 -0.00704672 0.0558974 0.00127395 0.999903 0.0138524 -0.107841 0.00702975 -0.0138611 0.999879 0.0618974 0 0 0 1 
5494384560018;0.697368;0.0457526;0.996906 0.0464473 -0.0634163 0.755224 -0.0592107 0.974336 -0.217172 1.1162 0.0517017 0.220255 0.974071 0.18871 0 0 0 1 
5494384560019;0.372102;0.068819;0.954682 0.28136 0.0970547 0.168169 -0.290191 0.952388 0.0935207 1.98944 -0.0661208 -0.117447 0.990875 0.236808 0 0 0 1 
5494384560020;0.725979;0.0593761;0.947196 0.311565 0.0758107 0.159397 -0.319683 0.899141 0.298912 2.08842 0.0249661 -0.307364 0.951265 0.445781 0 0 0 1 
5494384560021;0.810082;0.0207303;0.995703 0.0851247 -0.0364612 -0.201881 -0.0851715 0.996366 0.000270804 0.672787 0.0363518 0.00283582 0.999335 0.527209 0 0 0 1 
5494384560022;1.01164;0.0339413;0.885811 -0.298287 -0.355478 1.54002 0.329776 0.943583 0.029989 -3.51273 0.326478 -0.143793 0.934203 -2.0089 0 0 0 1 
5494384560023;0.527542;0.0637674;0.978416 0.0954657 -0.18327 0.897191 -0.0916239 0.995361 0.029337 0.545345 0.18522 -0.0119119 0.982625 -1.85537 0 0 0 1 
5494384560024;0.419936;0.0421295;0.940234 0.329635 -0.0854455 0.964433 -0.331797 0.943274 -0.0120599 2.56147 0.0766231 0.0396897 0.99627 -0.790529 0 0 0 1 
5494384560025;0.495752;0.0388303;0.939899 0.30332 -0.156805 0.928854 -0.301679 0.952776 0.0347438 2.29279 0.159939 0.0146492 0.987018 -0.760365 0 0 0 1 
5494384560026;0.350666;0.0487589;0.975153 0.097247 0.199047 -0.241271 -0.0380948 0.958726 -0.281767 0.95084 -0.218233 0.267184 0.938609 2.07232 0 0 0 1 
5494384560027;0.90423;0.0306835;0.991877 0.0654939 -0.10904 1.30334 -0.0475177 0.985977 0.159976 0.14567 0.117988 -0.153495 0.98108 -0.687195 0 0 0 1 
5494384560028;0.914969;0.640692;0.998089 -0.0605697 -0.0122251 -0.227369 0.0606859 0.998113 0.0093668 -0.309051 0.0116347 -0.0100908 0.999881 -0.213704 0 0 0 1 
5494384560029;0.844853;0.0445568;0.999505 0.0239176 0.0204269 -0.0151297 -0.0241157 0.999664 0.00950577 -0.489385 -0.0201927 -0.00999368 0.999746 -0.482551 0 0 0 1 
5494384560031;0.314572;0.0552914;0.916967 -0.349218 -0.19292 0.529978 0.359313 0.933025 0.0189194 -1.46088 0.173392 -0.0866672 0.981032 -0.719511 0 0 0 1 
5494384560032;0.143255;0.0588264;0.996418 0.0591351 0.0604528 0.0356608 -0.054923 0.996096 -0.0691113 0.230558 -0.0643037 0.0655435 0.995776 0.233098 0 0 0 1 
5494384560033;0.256973;0.0415045;0.999718 0.0044061 0.0233281 0.202472 -0.00157816 0.992787 -0.119882 0.219993 -0.023688 0.119811 0.992514 0.179677 0 0 0 1 
5494384560034;0.872658;0.0494143;0.970369 -0.217111 0.10605 0.0646116 0.196592 0.964578 0.175899 -1.75868 -0.140483 -0.149839 0.978679 -0.0617765 0 0 0 1 
5494384560035;0.383527;0.0516476;0.995863 -0.076575 0.0489238 0.0419865 0.0747836 0.996496 0.037457 0.0778519 -0.0516206 -0.0336434 0.9981 0.284859 0 0 0 1 
5494384560036;0.699819;0.0386373;0.951572 0.261868 -0.161047 0.585503 -0.299405 0.908289 -0.292176 0.947588 0.0697653 0.326245 0.942707 0.421599 0 0 0 1 
5494384560037;0.785083;0.0582038;0.968672 -0.0957509 0.22914 -0.333164 0.161315 0.944121 -0.287426 -0.217954 -0.188815 0.315385 0.92999 0.130454 0 0 0 1 
5494384560038;1.00964;0.0810232;0.902596 -0.427635 0.0494763 -0.869954 0.428071 0.903743 0.00196612 -1.33457 -0.0455547 0.0194047 0.998773 -0.121494 0 0 0 1 
5494384560039;0.16472;0.18022;0.993757 -0.0822088 -0.0754211 -0.0516144 0.083499 0.996408 0.0141112 -0.316341 0.0739902 -0.0203207 0.997052 -0.247806 0 0 0 1 
5494384560040;0.656318;0.0451193;0.913935 0.334341 0.230083 0.591706 -0.326975 0.942392 -0.0706067 0.803745 -0.240435 -0.0107017 0.970606 1.13455 0 0 0 1 
5494384560041;0.496934;0.0415954;0.881076 -0.303999 0.36234 -0.140125 0.306735 0.9504 0.0515093 -1.12918 -0.360026 0.0657585 0.930622 1.87798 0 0 0 1 
5494384560042;0.516103;0.453259;0.996508 -0.0711501 -0.0436948 -0.319566 0.0764437 0.987935 0.134685 -0.638181 0.0335848 -0.137554 0.989925 -0.219796 0 0 0 1 
5494384560043;0.0787389;0.0348124;0.999974 -0.00713848 0.00042902 -0.0146569 0.00712936 0.999805 0.0184251 -0.155096 -0.000560463 -0.0184215 0.99983 0.0538954 0 0 0 1 
5494384560044;0.670233;0.0357177;0.99893 0.0449759 0.0107992 0.256622 -0.0453403 0.998312 0.0362825 0.257068 -0.00914916 -0.0367333 0.999283 0.772791 0 0 0 1 
5494384560045;0.454928;0.0276726;0.912918 -0.271539 0.304708 -0.455108 0.184774 0.940651 0.284664 -1.14931 -0.363922 -0.203573 0.908911 1.44539 0 0 0 1 
5494384560046;0.663952;0.0789357;0.979691 0.144592 -0.138921 0.395504 -0.141976 0.989456 0.0286127 1.17866 0.141593 -0.00830823 0.98989 -0.605056 0 0 0 1 
5494384560047;0.60701;0.0703602;0.983887 0.0104632 -0.178483 -0.157901 -0.0421177 0.983755 -0.174504 0.72292 0.173757 0.179209 0.968345 -0.845293 0 0 0 1 
5494384560048;0.280379;0.0395591;0.99994 -0.00212316 0.010703 -0.0480554 0.00175301 0.999404 0.0344748 -0.19256 -0.0107698 -0.0344539 0.999348 0.355544 0 0 0 1 
5494384560049;0.480826;0.0340788;0.929126 0.32884 0.169085 0.590851 -0.322757 0.944377 -0.0630858 1.38899 -0.180425 0.00404114 0.98358 0.697244 0 0 0 1 
5494384560050;0.519994;0.041461;0.976829 0.205204 0.0607959 -0.152549 -0.199636 0.976024 -0.0867376 0.329185 -0.0771371 0.0725908 0.994374 0.382989 0 0 0 1 
5494384560051;0.245903;0.0591786;0.999877 -0.014374 0.00630493 0.0406006 0.0140927 0.998993 0.0425955 -0.304995 -0.00691085 -0.0425014 0.999073 -0.151668 0 0 0 1 
5494384560052;0.581213;0.0591584;0.950999 0.162383 0.26312 -0.353018 -0.198649 0.973002 0.117497 0.036137 -0.236937 -0.164008 0.957582 0.684902 0 0 0 1 
5494384560053;0.543864;0.0511737;0.96437 -0.212176 0.158022 -0.417789 0.192235 0.972371 0.132441 -1.28963 -0.181757 -0.0973449 0.978513 0.325793 0 0 0 1 
5494384560054;0.812423;0.467066;0.998579 -0.042644 -0.0319595 -0.337414 0.0437237 0.998469 0.033883 -0.447922 0.0304657 -0.0352322 0.998915 -0.51625 0 0 0 1 
5494384560055;0.804846;0.0491248;0.928121 0.0132884 0.372041 0.510682 -0.0569873 0.992656 0.106709 0.555504 -0.367891 -0.120241 0.922062 1.50456 0 0 0 1 
5494384560056;0.404608;0.0449465;0.981741 0.162501 0.0988859 -0.145834 -0.162168 0.986697 -0.0114475 0.193265 -0.0994306 -0.00479768 0.995033 0.305272 0 0 0 1 
5494384560057;0.241612;0.0694181;0.972672 0.206474 -0.106196 0.370276 -0.194553 0.974411 0.112572 0.462027 0.126722 -0.0888349 0.987952 -0.391879 0 0 0 1 
5494384560058;0.361634;0.0464632;0.991825 -0.112868 0.0595261 0.14982 0.119868 0.98406 -0.131368 -0.0557592 -0.04375 0.13743 0.989545 0.267849 0 0 0 1 
5494384560059;0.672349;0.0941542;0.998789 -0.0163555 0.0464028 -0.085617 0.0158831 0.999818 0.010531 -0.105594 -0.0465666 -0.00978118 0.998867 -0.515988 0 0 0 1 
5494384560060;0.435775;0.0775203;0.95537 -0.277256 -0.10197 -0.0917392 0.295188 0.90943 0.292919 -1.631 0.0115214 -0.309947 0.950684 -0.207089 0 0 0 1 
5494384560062;0.821662;0.0493309;0.964548 -0.194174 -0.178726 0.393088 0.190819 0.980967 -0.0359454 -1.58625 0.182304 0.00056678 0.983242 -1.37379 0 0 0 1 
5494384560063;1.2461;0.0429053;0.941148 0.102929 -0.321941 1.79204 -0.112428 0.993599 -0.0109991 0.829521 0.318748 0.046547 0.946696 -2.46255 0 0 0 1 
5494384560064;0.351118;0.336802;0.996569 -0.0821913 0.00975608 0.035079 0.0825665 0.995435 -0.0478819 -0.43971 -0.00577607 0.0485231 0.998805 0.0951856 0 0 0 1 
5494384560065;1.02628;0.0461588;0.996755 0.080107 0.00784064 -0.0510753 -0.0796012 0.995498 -0.0514566 0.366191 -0.0119274 0.0506656 0.998644 0.872435 0 0 0 1 
5494384560066;0.385602;1.06769;0.982378 0.148811 -0.113088 1.26599 -0.14001 0.986733 0.0821895 0.483012 0.123818 -0.0649077 0.99018 -0.556309 0 0 0 1 
5494384560067;1.09812;0.0441198;0.978988 -0.13441 0.15335 -0.377615 0.156196 0.977728 -0.140184 -0.980774 -0.131093 0.161191 0.978178 0.193496 0 0 0 1 
5494384560068;0.284277;0.0381308;0.987982 0.139838 -0.0658605 0.309543 -0.117298 0.955765 0.269731 0.0386528 0.100666 -0.258764 0.960681 -0.639746 0 0 0 1 
5494384560069;0.305684;0.0491086;0.988048 0.151482 -0.0285393 0.396476 -0.151376 0.988459 0.00586084 0.946207 0.0290978 -0.00147063 0.999575 -0.0889753 0 0 0 1 
5494384560070;1.06788;0.0534312;0.998726 0.049516 -0.00972341 0.803227 -0.0476312 0.988667 0.142366 -0.0351699 0.0166626 -0.141722 0.989766 -0.415374 0 0 0 1 
5494384560071;0.199717;0.0574173;0.999952 -0.00930091 0.00309397 -0.0243378 0.0092988 0.999957 0.000698145 -0.130481 -0.00310032 -0.000669341 0.999995 0.200168 0 0 0 1 
5494384560072;1.02349;0.0501138;0.963576 -0.026052 -0.266164 1.0914 -0.0568223 0.952576 -0.298948 1.70716 0.26133 0.303183 0.916399 -1.2976 0 0 0 1 
5494384560073;0.123206;0.0303004;0.992356 -0.123316 0.00473236 -0.0446526 0.123223 0.992241 0.0165612 -0.84248 -0.0067379 -0.0158514 0.999852 0.0775859 0 0 0 1 
5494384560074;0.700296;0.876497;0.992913 0.11662 0.0228624 0.266341 -0.117502 0.992182 0.0420404 0.528345 -0.017781 -0.0444289 0.998854 -0.063811 0 0 0 1 
5494384560075;0.186882;0.072158;0.999961 0.00661316 0.00588049 0.0435494 -0.00641678 0.999441 -0.0328095 0.130495 -0.00609418 0.0327705 0.999444 -0.0208977 0 0 0 1 
5494384560076;1.00141;0.0374655;0.992215 -0.0998953 0.074364 -0.298343 0.094354 0.992737 0.0746364 -0.618693 -0.0812797 -0.0670389 0.994434 1.24838 0 0 0 1 
5494384560077;0.605922;0.16162;0.926203 -0.22616 -0.301661 1.31326 0.250472 0.967125 0.0439667 -1.73704 0.2818 -0.11628 0.952401 -1.94564 0 0 0 1 
5494384560078;0.686652;0.0876993;0.931519 -0.362347 0.0312517 0.0350545 0.35713 0.895078 -0.267008 -1.65484 0.0687769 0.259884 0.963187 0.185441 0 0 0 1 
5494384560079;0.330281;0.370073;0.9593 0.280335 -0.034011 0.611791 -0.273417 0.952176 0.136396 1.55577 0.0706209 -0.121545 0.99007 -0.40217 0 0 0 1 
5494384560080;0.779401;0.0460169;0.917256 0.389095 -0.0851235 1.28551 -0.378724 0.918202 0.116078 2.32674 0.123326 -0.0742348 0.989586 -0.626712 0 0 0 1 
5494384560081;0.603531;0.04579;0.980718 0.190572 -0.0432906 0.484819 -0.195043 0.968351 -0.155737 1.79181 0.0122414 0.161178 0.986849 0.358874 0 0 0 1 
5494384560082;0.617118;0.16019;0.911086 -0.208752 -0.355451 1.28724 0.257964 0.961309 0.0966444 -1.71578 0.321524 -0.179745 0.929685 -2.16405 0 0 0 1 
5494384560083;0.290683;0.0676713;0.947096 0.299947 0.114201 0.164411 -0.285847 0.950108 -0.124843 2.0672 -0.145949 0.0855946 0.985582 0.964701 0 0 0 1 
5494384560084;0.175327;0.0441573;0.985456 -0.120338 -0.119977 0.331389 0.103562 0.985084 -0.137418 -0.309841 0.134724 0.122995 0.98322 -0.751676 0 0 0 1 
5494384560085;0.943472;0.0569889;0.992519 -0.117934 -0.0315788 0.0446601 0.102042 0.94333 -0.31578 -0.241341 0.0670304 0.310195 0.948307 0.474029 0 0 0 1 
5494384560086;0.821732;0.0462995;0.992469 -0.0306246 0.118604 -0.479116 0.0202376 0.995932 0.0878114 -0.60584 -0.120811 -0.0847499 0.989051 1.28726 0 0 0 1 
5494384560087;0.12902;0.0388321;0.998884 0.01698 -0.0440788 0.029087 -0.0170069 0.999855 -0.000235908 0.125057 0.0440684 0.000985289 0.999028 -0.182531 0 0 0 1 
5494384560088;1.25698;0.517645;0.886003 0.0406564 -0.461893 1.99432 -0.0271192 0.998987 0.035912 -0.584837 0.462885 -0.019292 0.886208 -2.41491 0 0 0 1 
5494384560089;1.3654;1.07074;0.984418 0.152053 0.088321 0.160246 -0.152359 0.98832 -0.0033039 1.1389 -0.0877917 -0.0102041 0.996087 -0.0847898 0 0 0 1 
5494384560090;0.736364;0.0679997;0.956104 -0.292888 -0.00901043 0.533866 0.268041 0.886592 -0.376973 -0.566583 0.1184 0.35801 0.92618 -0.266406 0 0 0 1 
5494384560091;0.484121;0.0337952;0.938557 -0.151776 -0.30996 1.16741 0.212768 0.961593 0.173402 -1.78172 0.271737 -0.228697 0.934803 -1.31229 0 0 0 1 
5494384560093;0.0553842;0.138641;0.9994 -0.00505817 -0.0342561 0.0645875 0.00394329 0.999463 -0.0325352 0.154763 0.0344023 0.0323806 0.998883 -0.122236 0 0 0 1 
5494384560094;0.672056;0.171076;0.904947 -0.0654803 -0.420455 1.87303 0.128089 0.984179 0.122414 -1.12163 0.405788 -0.164634 0.899017 -2.15173 0 0 0 1 
5494384560095;0.854827;0.264639;0.920491 0.389522 -0.0311383 0.829389 -0.390533 0.919761 -0.039026 2.32951 0.0134383 0.0480836 0.998753 0.420787 0 0 0 1 
5494384560096;0.268636;0.138515;0.955474 -0.276279 -0.103629 0.420373 0.268245 0.959589 -0.0850522 -1.68123 0.12294 0.0534672 0.990973 -0.772198 0 0 0 1 
5494384560097;0.745786;0.157891;0.999217 0.0129709 -0.037389 -0.23418 -0.0120425 0.999616 0.0249492 -0.41204 0.0376983 -0.0244794 0.998989 0.105285 0 0 0 1 
5494384560098;0.365154;0.484587;0.961681 -0.208831 -0.17765 0.344621 0.203199 0.977884 -0.0495358 -1.32664 0.184066 0.0115392 0.982846 -1.14299 0 0 0 1 
5494384560099;0.345567;0.181233;0.996819 -0.0441418 0.0663611 -0.454085 0.0468096 0.998134 -0.0391985 -0.042131 -0.064507 0.0421802 0.997025 0.515685 0 0 0 1 
5494384560100;0.37298;0.152917;0.944392 -0.221053 -0.243431 0.630877 0.22652 0.97399 -0.00566567 -1.45592 0.238352 -0.0497915 0.969902 -1.31238 0 0 0 1 
5494384560101;0.595346;0.242969;0.931147 0.328441 0.158405 -0.0430014 -0.349722 0.927377 0.132915 2.24165 -0.103246 -0.179162 0.978387 1.15429 0 0 0 1 
5494384560102;0.240088;0.309763;0.977457 -0.184977 0.101787 -0.402534 0.197412 0.971672 -0.129927 -1.0458 -0.07487 0.147093 0.986285 0.652776 0 0 0 1 
5494384560103;0.65911;0.175407;0.999826 -0.00957969 -0.0159835 -0.0574375 0.00919378 0.999669 -0.0240457 -0.114696 0.0162086 0.0238946 0.999583 -0.520419 0 0 0 1 
5494384560104;0.317417;0.512779;0.999666 -0.0176321 -0.0189172 -0.340515 0.0206392 0.984737 0.172822 -0.599743 0.0155813 -0.173154 0.984771 -0.0499441 0 0 0 1 
5494384560105;0.561217;0.124873;0.963298 0.0496281 -0.263806 0.631881 -0.0772513 0.992438 -0.0953847 0.819851 0.257078 0.112263 0.959848 -1.1452 0 0 0 1 
5494384560106;0.669368;0.155545;0.979157 -0.0312046 0.200691 -0.161463 0.0452894 0.996793 -0.0659766 -0.429484 -0.197989 0.0736906 0.97743 1.82732 0 0 0 1 
5494384560107;0.196586;0.186182;0.991445 0.10411 -0.0787274 0.233861 -0.100178 0.993591 0.0523505 0.61283 0.0836731 -0.0440159 0.995521 -0.550358 0 0 0 1 
5494384560108;0.588165;0.146169;0.971472 0.21428 -0.101615 0.512634 -0.15198 0.891454 0.426863 -0.117094 0.182053 -0.399242 0.898589 -1.35074 0 0 0 1 
5494384560109;0.964218;0.334339;0.985794 0.112632 0.124594 -0.305299 -0.119987 0.991351 0.0531638 0.901095 -0.117529 -0.0673582 0.990782 1.62169 0 0 0 1 
5494384560110;0.522946;0.652011;0.954934 -0.295097 -0.0319179 -0.497543 0.289582 0.949851 -0.118004 -1.95511 0.0651399 0.103443 0.9925 -0.374824 0 0 0 1 
5494384560111;0.382633;0.162693;0.996035 -0.0122358 0.0881138 -0.459727 0.0207793 0.995096 -0.0967061 0.144375 -0.0864984 0.0981536 0.991405 0.511944 0 0 0 1 
5494384560112;1.20633;0.183736;0.970036 -0.238335 -0.0471895 -0.38273 0.23777 0.971167 -0.0173235 -1.13105 0.0499577 0.00558416 0.998736 0.439413 0 0 0 1 
5494384560113;0.493118;0.196544;0.992882 0.108233 -0.0497116 0.115793 -0.110034 0.99331 -0.0350382 0.867943 0.0455868 0.0402587 0.998149 -0.569315 0 0 0 1 
5494384560114;0.011633;0.127844;0.999322 0.0144291 -0.0338695 0.0418529 -0.0145347 0.99989 -0.0028757 0.114877 0.0338243 0.00336604 0.999422 -0.128601 0 0 0 1 
5494384560115;0.837027;0.139039;0.952103 -0.0974205 -0.289845 0.558658 0.153241 0.972284 0.17658 -1.8792 0.264609 -0.212538 0.940643 -1.3697 0 0 0 1 
5494384560116;0.753813;0.161456;0.994037 -0.0760274 -0.0781639 -0.409497 0.0792172 0.996112 0.0385471 -0.568554 0.0749293 -0.0445091 0.996195 -0.655767 0 0 0 1 
5494384560117;0.39392;0.164676;0.955354 0.295449 0.00312291 0.37508 -0.295459 0.955349 0.00357888 2.06341 -0.00192609 -0.00434179 0.999989 0.354039 0 0 0 1 
5494384560118;0.486867;0.201022;0.995103 0.0979818 -0.0129974 0.201366 -0.09546 0.918632 -0.383409 1.55674 -0.0256273 0.382773 0.923487 0.34433 0 0 0 1 
5494384560119;0.307339;0.155388;0.951767 0.306051 -0.021746 0.415876 -0.292561 0.926602 0.236256 1.40362 0.0924562 -0.218498 0.971448 -0.529117 0 0 0 1 
5494384560120;1.07013;0.169087;0.964583 -0.232422 -0.124737 0.427954 0.21514 0.966813 -0.137793 -0.978899 0.152623 0.106077 0.982575 -1.68367 0 0 0 1 
5494384560121;0.937742;0.16892;0.895467 0.394468 -0.206236 0.929792 -0.403759 0.914859 -0.003249 2.11346 0.187396 0.0861793 0.978497 -1.22209 0 0 0 1 
5494384560122;0.448809;0.19188;0.910453 0.377142 0.16982 0.0870264 -0.380926 0.92454 -0.0109944 2.78952 -0.161151 -0.0546788 0.985414 1.29014 0 0 0 1 
5494384560124;0.180601;0.12231;0.989784 -0.111907 0.0883478 -0.315239 0.09979 0.986302 0.131342 -0.523197 -0.101836 -0.121184 0.987393 0.371297 0 0 0 1 
5494384560125;0.336264;0.124065;0.945804 -0.160472 0.28232 -0.557623 0.175427 0.984084 -0.0283427 -0.699742 -0.273278 0.0763332 0.958902 1.07148 0 0 0 1 
5494384560126;0.158937;0.0961282;0.993743 0.0983741 0.0528841 -0.259661 -0.0987878 0.995095 0.00525957 0.346823 -0.0521073 -0.010451 0.998587 0.146907 0 0 0 1 
5494384560127;0.459182;0.10658;0.987762 -0.137706 -0.0732333 0.425582 0.134661 0.989868 -0.0450246 -0.0625504 0.0786915 0.0346119 0.996298 -0.2984 0 0 0 1 
5494384560128;0.768681;0.0970751;0.962189 -0.142487 0.232142 -0.719341 0.208743 0.933239 -0.29239 -0.0915499 -0.174982 0.329792 0.927695 0.305927 0 0 0 1 
5494384560129;0.8631;0.67735;0.95349 -0.0257016 0.300327 -0.927094 0.0849667 0.978872 -0.185985 -0.219912 -0.289201 0.202853 0.935528 1.4913 0 0 0 1 
5494384560130;0.294138;0.0925005;0.985395 -0.167562 -0.0303233 0.20154 0.17007 0.977352 0.125937 -0.899188 0.00853414 -0.129255 0.991575 -0.256676 0 0 0 1 
5494384560131;0.331415;0.118148;0.997898 -0.0311921 -0.0567959 -0.00319879 0.029549 0.999127 -0.0295422 0.0308703 0.0576678 0.0278019 0.997949 0.0960821 0 0 0 1 
5494384560132;0.299743;0.136267;0.935346 0.0181111 -0.353271 0.856852 0.0737086 0.966788 0.24472 -0.668643 0.345971 -0.254937 0.902946 -1.45409 0 0 0 1 
5494384560133;0.275606;0.0829678;0.916768 0.112082 -0.383372 1.07991 -0.0624624 0.988243 0.139553 0.0430364 0.394506 -0.103991 0.91299 -1.51605 0 0 0 1 
5494384560134;0.715759;0.103098;0.980952 0.19409 0.00789142 0.0183068 -0.194126 0.980968 0.00414064 0.899969 -0.00693758 -0.0055937 0.99996 0.767994 0 0 0 1 
5494384560135;0.221863;0.0854903;0.966837 0.239205 0.0894834 -0.0301661 -0.246198 0.966118 0.0774742 0.971812 -0.0679193 -0.0969355 0.992971 0.231027 0 0 0 1 
5494384560136;0.513605;0.0688738;0.96828 0.249818 0.00493508 -0.199858 -0.249822 0.968292 0.000212755 1.43229 -0.00472545 -0.0014389 0.999988 -0.220029 0 0 0 1 
5494384560137;0.0725673;0.0790896;0.99992 0.00270374 -0.0123886 -0.0304856 -0.00241854 0.999733 0.0229792 0.0351541 0.0124474 -0.0229474 0.999659 -0.00984865 0 0 0 1 
5494384560138;0.458946;0.106785;0.995808 -0.054869 -0.0731896 0.00606339 0.0420597 0.985176 -0.166312 0.171579 0.08123 0.162536 0.983353 0.232594 0 0 0 1 
5494384560139;0.373858;0.0643106;0.98458 0.139617 0.105397 0.0822805 -0.136388 0.989954 -0.0372776 0.323215 -0.109543 0.0223279 0.993731 0.341829 0 0 0 1 
5494384560140;0.407687;0.0749753;0.933811 0.329724 -0.138847 0.381509 -0.30036 0.933375 0.196456 0.885931 0.194372 -0.141749 0.970632 -0.570118 0 0 0 1 
5494384560141;0.827786;0.0805572;0.998235 -0.01701 0.0569008 -0.275091 0.0180921 0.999664 -0.0185555 0.116916 -0.056566 0.0195522 0.998207 1.14933 0 0 0 1 
5494384560142;0.791925;0.0833714;0.997394 -0.0476257 0.0541858 -0.81091 0.0483427 0.998759 -0.0119971 -0.363995 -0.0535472 0.0145853 0.998459 -0.377773 0 0 0 1 
5494384560143;0.413054;0.0696006;0.889032 0.381657 0.252905 0.0566142 -0.403102 0.914402 0.0371011 1.43261 -0.217097 -0.134931 0.96678 0.838709 0 0 0 1 
5494384560144;0.460909;0.10339;0.992769 0.0696899 -0.0977446 0.12613 -0.069775 0.997559 0.00255099 0.394098 0.0976838 0.00428759 0.995208 0.096533 0 0 0 1 
5494384560145;0.514439;0.139121;0.994713 -0.0675434 0.0773529 -0.39842 0.0475292 0.970528 0.236254 -0.0193335 -0.0910306 -0.231328 0.968608 0.365317 0 0 0 1 
5494384560146;0.876277;0.0838387;0.965883 0.258785 -0.00996493 0.990846 -0.2581 0.965063 0.0451362 0.724144 0.0212974 -0.0410243 0.998931 -0.671181 0 0 0 1 
5494384560147;0.0882485;0.100588;0.990975 0.00985314 -0.133687 0.218622 -0.00686906 0.999717 0.0227644 0.0503554 0.133873 -0.0216406 0.990762 -0.609678 0 0 0 1 
5494384560148;0.565514;0.0645415;0.901631 0.296753 0.31464 0.189644 -0.258967 0.953074 -0.156797 1.77845 -0.346406 0.0598921 0.936171 1.46868 0 0 0 1 
5494384560149;0.651367;0.124776;0.992939 -0.113219 0.035412 -0.509744 0.111635 0.992779 0.0439059 -0.394246 -0.0401272 -0.0396427 0.998408 0.774304 0 0 0 1 
5494384560150;0.389377;0.330769;0.971852 -0.140999 0.18874 -0.420473 0.132609 0.989561 0.056431 -0.550736 -0.194726 -0.0298141 0.980404 0.850986 0 0 0 1 
5494384560151;0.428451;0.145272;0.951126 -0.307051 -0.0328596 -0.0348543 0.308339 0.950139 0.0465043 -1.28497 0.016942 -0.0543633 0.998377 -0.411923 0 0 0 1 
5494384560152;0.492131;0.100173;0.942571 -0.334001 0.001588 -0.0521413 0.325045 0.918371 0.225701 -2.09106 -0.0768428 -0.212223 0.974195 0.186408 0 0 0 1 
5494384560153;0.585822;0.0777698;0.999783 0.00235013 -0.0206855 -0.0120788 -0.00658972 0.978243 -0.207358 0.605474 0.0197481 0.207449 0.978047 -0.594894 0 0 0 1 
5494384560155;0.510199;0.265498;0.996186 -0.0869842 0.00693608 0.111039 0.0858978 0.99152 0.0975176 -0.275629 -0.0153597 -0.0965498 0.99521 0.436033 0 0 0 1 
5494384560156;0.606536;0.232735;0.999746 0.0205936 -0.0091928 0.246341 -0.0201496 0.998737 0.0460334 -0.255664 0.0101292 -0.0458365 0.998898 -0.711171 0 0 0 1 
5494384560157;0.698949;0.204842;0.963377 -0.266956 -0.0252884 0.469915 0.267952 0.962004 0.0524438 -0.721269 0.0103273 -0.0572992 0.998304 0.447282 0 0 0 1 
5494384560158;0.932434;0.326448;0.973599 0.0108328 0.228007 -0.0165908 0.018327 0.991939 -0.125385 -0.0954946 -0.227527 0.126253 0.965552 1.32129 0 0 0 1 
5494384560159;0.588127;0.380028;0.955054 0.177543 0.237381 0.452332 -0.178648 0.983766 -0.017027 -0.20238 -0.23655 -0.026146 0.971267 0.716797 0 0 0 1 
5494384560160;0.813406;0.233965;0.955004 0.147717 -0.257191 1.09824 -0.10188 0.977768 0.183276 -0.0803639 0.278546 -0.148827 0.948822 -0.889533 0 0 0 1 
5494384560161;0.869163;0.279517;0.997985 0.0571301 -0.0276053 0.345002 -0.0535149 0.991626 0.117535 -1.14044 0.0340889 -0.115821 0.992685 -0.10213 0 0 0 1 
5494384560162;0.520155;0.235652;0.991955 -0.0563868 -0.113338 0.137799 0.0835308 0.96429 0.251332 -0.284721 0.0951192 -0.258777 0.961242 0.155723 0 0 0 1 
5494384560163;0.884248;0.495065;0.93926 0.343156 -0.0058919 1.11002 -0.343202 0.939023 -0.0211441 0.324829 -0.00172311 0.021882 0.999759 0.11074 0 0 0 1 
5494384560164;0.069281;0.171778;0.998726 -0.0419984 -0.0279669 0.0824783 0.042961 0.998472 0.0347542 -0.29975 0.0264646 -0.0359114 0.999005 -0.0334764 0 0 0 1 
5494384560165;0.359877;0.58209;0.939355 0.306836 0.153181 0.15087 -0.318982 0.945752 0.0616745 -0.185322 -0.125947 -0.106796 0.986272 0.17676 0 0 0 1 
5494384560166;0.617506;0.309283;0.948387 0.0334793 -0.315342 0.754957 -0.00880915 0.996809 0.079336 -0.268992 0.316992 -0.0724633 0.945656 -0.0918343 0 0 0 1 
5494384560167;0.359577;0.305994;0.954509 -0.175995 0.240705 -0.00625262 0.215939 0.964664 -0.150973 -0.496424 -0.205629 0.196083 0.958785 0.206361 0 0 0 1 
5494384560168;0.367236;0.555439;0.972614 0.136677 0.187993 0.219035 -0.158705 0.981452 0.107543 -0.576764 -0.169807 -0.134433 0.976265 0.172192 0 0 0 1 
5494384560169;0.299703;0.274722;0.995435 0.0725774 -0.0619762 0.243404 -0.0593479 0.979288 0.193577 -0.501861 0.0747419 -0.189015 0.979126 -0.0524668 0 0 0 1 
5494384560170;0.388752;0.262367;0.99976 0.0148305 -0.0161348 0.462422 -0.0134459 0.996477 0.0827787 -0.0313782 0.0173056 -0.0825418 0.996437 -0.168916 0 0 0 1 
5494384560171;0.436725;0.128775;0.999608 -0.0022579 0.0279182 0.291401 -0.00356685 0.978369 0.206837 -0.288608 -0.0277813 -0.206855 0.977977 -0.379997 0 0 0 1 
5494384560172;0.743415;0.231547;0.985924 0.167125 -0.00490292 0.912416 -0.166966 0.985679 0.0236378 0.179808 0.00878318 -0.0224864 0.999709 0.117642 0 0 0 1 
5494384560173;0.766137;0.316208;0.996423 0.0843783 0.00453567 0.442547 -0.0789569 0.910595 0.405688 -0.119938 0.0301012 -0.404596 0.914 -0.738487 0 0 0 1 
5494384560174;0.152675;0.2062;0.989779 -0.122094 -0.0736962 -0.036642 0.125728 0.990958 0.0468516 -0.431103 0.0673095 -0.0556384 0.99618 -0.121555 0 0 0 1 
5494384560175;0.731473;0.356377;0.995353 0.0429961 -0.0861667 0.438304 -0.0565224 0.985291 -0.161269 0.112489 0.0779653 0.16539 0.983142 -0.760965 0 0 0 1 
5494384560176;0.458408;0.303379;0.91278 0.0833211 0.399862 -0.0343491 -0.183988 0.957901 0.220395 0.126301 -0.364665 -0.274743 0.889683 0.351612 0 0 0 1 
5494384560177;0.329052;0.295699;0.971254 -0.0379955 -0.234995 0.293234 0.0215878 0.997171 -0.0720049 -0.190206 0.237066 0.064862 0.969326 -0.172569 0 0 0 1 
5494384560178;0.128329;0.190369;0.992502 0.046704 -0.112956 0.193221 -0.0317191 0.990875 0.130995 -0.230954 0.118043 -0.12643 0.984927 -0.273246 0 0 0 1 
5494384560179;0.884119;0.213737;0.948644 -0.202399 0.243125 -0.203348 0.190715 0.97908 0.0709287 -0.877942 -0.252394 -0.0209186 0.967398 -0.389337 0 0 0 1 
5494384560180;0.395688;0.245299;0.998718 -0.0398698 -0.0311896 -0.0768964 0.0415152 0.997677 0.0540187 -0.0713665 0.0289634 -0.0552442 0.998053 -0.334208 0 0 0 1 
5494384560181;0.929561;0.25032;0.967322 -0.251837 -0.029428 -0.522482 0.25145 0.967734 -0.0162714 -0.849499 0.0325762 0.00834003 0.999434 -0.786064 0 0 0 1 
5494384560182;0.699324;0.259971;0.946493 -0.256374 0.19602 -0.247013 0.290186 0.941874 -0.169306 -0.832727 -0.14122 0.217129 0.965874 -0.257767 0 0 0 1 
5494384560183;0.638253;0.388737;0.917708 -0.142827 0.370693 -0.353195 0.0979401 0.985674 0.137312 -0.726817 -0.384994 -0.0897065 0.918549 1.02579 0 0 0 1 
5494384560184;0.208766;0.629142;0.990793 0.135276 -0.00541495 0.266592 -0.135077 0.990448 0.0276883 -0.44182 0.00910879 -0.026702 0.999602 -0.120156 0 0 0 1 
5494384560186;0.36111;0.0492045;0.999489 -0.0318386 0.00271401 0.0133529 0.0318648 0.99944 -0.0102357 0.106334 -0.0023866 0.0103169 0.999944 0.40972 0 0 0 1 
5494384560187;0.496451;0.0529184;0.955853 0.26282 -0.131421 0.918089 -0.210468 0.924447 0.317964 0.277955 0.205059 -0.276266 0.93895 -0.821352 0 0 0 1 
5494384560188;0.447898;0.0508996;0.93792 -0.339074 0.0730393 -0.24859 0.313818 0.919256 0.23767 -1.74103 -0.147729 -0.199994 0.968596 0.431102 0 0 0 1 
5494384560189;0.616026;0.0469772;0.950449 -0.214794 -0.224744 0.617251 0.218105 0.975871 -0.0102923 -0.355734 0.221532 -0.0392355 0.974363 -0.527596 0 0 0 1 
5494384560190;0.219844;0.0456816;0.980123 -0.168457 -0.104794 0.0553723 0.175859 0.982208 0.0658796 -0.786584 0.0918316 -0.0829991 0.992309 -0.37793 0 0 0 1 
5494384560191;0.269957;0.041823;0.965934 0.257962 0.0206529 0.39301 -0.258317 0.965912 0.0169112 0.996414 -0.0155864 -0.0216701 0.999644 0.0886314 0 0 0 1 
5494384560192;0.563983;0.048346;0.993042 0.112669 -0.0342427 -0.0802144 -0.0884054 0.905394 0.415267 -0.0290595 0.077791 -0.40935 0.909055 0.100628 0 0 0 1 
5494384560193;0.714742;0.0553084;0.978006 -0.195311 -0.0731951 0.525075 0.160697 0.9293 -0.332534 -0.492643 0.132968 0.313458 0.940247 -0.816585 0 0 0 1 
5494384560194;0.621903;0.0553095;0.987634 -0.154882 -0.0242876 -0.12478 0.154887 0.987931 -0.00170826 -0.730903 0.0242591 -0.00207469 0.999704 0.639618 0 0 0 1 
5494384560195;0.355585;0.0603696;0.955315 -0.284762 0.0792674 -0.294644 0.28093 0.958085 0.0561331 -1.23973 -0.0919295 -0.0313562 0.995272 0.618162 0 0 0 1 
5494384560196;0.150749;0.0470745;0.997714 0.0671251 0.00786137 0.0080348 -0.0673776 0.996998 0.0381441 0.126976 -0.00527734 -0.0385865 0.999241 0.195074 0 0 0 1 
5494384560197;0.514288;0.0585429;0.889988 -0.429787 -0.15233 0.743925 0.44651 0.889173 0.100004 -1.89382 0.0924672 -0.15702 0.983257 -0.0320674 0 0 0 1 
5494384560198;0.530599;0.0466931;0.995479 0.012327 0.0941827 -0.433753 0.028613 0.90657 -0.421086 0.348716 -0.0905739 0.421876 0.902118 0.445787 0 0 0 1 
5494384560199;0.148187;0.0967346;0.994677 0.101238 0.0191698 0.0290627 -0.100709 0.994554 -0.0268369 0.417456 -0.0217824 0.0247635 0.999456 0.168622 0 0 0 1 
5494384560200;0.674054;0.446383;0.99743 -0.064636 0.0309111 -0.176711 0.0624533 0.995796 0.0670123 -0.738539 -0.0351125 -0.0649096 0.997273 -0.0993511 0 0 0 1 
5494384560201;0.851959;0.0584989;0.958705 -0.190062 0.211568 -0.177196 0.126354 0.951101 0.281853 -1.0023 -0.254792 -0.243481 0.935841 0.206818 0 0 0 1 
5494384560202;0.0584502;0.0466252;0.999111 -0.0174851 -0.0383652 0.084311 0.0181835 0.999674 0.0179326 -0.0999702 0.0380392 -0.0186143 0.999103 -0.144142 0 0 0 1 
5494384560203;0.443983;0.0370501;0.995695 -0.0455715 0.0807163 -0.198856 0.0751784 0.906425 -0.415623 0.59052 -0.0542226 0.419902 0.905948 0.333162 0 0 0 1 
5494384560204;0.212563;0.0548767;0.999297 0.0297513 0.0228307 -0.0489395 -0.0297819 0.999556 0.00100049 0.097592 -0.0227908 -0.00167973 0.999739 -0.0863298 0 0 0 1 
5494384560205;0.664348;0.0380744;0.879037 -0.285661 0.381695 -0.195707 0.229929 0.955369 0.185477 -1.05725 -0.417644 -0.0752781 0.905487 2.50067 0 0 0 1 
5494384560206;0.578856;0.0473854;0.99587 -0.0868935 0.026302 -0.0465359 0.0866204 0.996177 0.0113531 -0.270279 -0.027188 -0.00902796 0.99959 0.813851 0 0 0 1 
5494384560207;0.371227;0.0423799;0.981847 -0.034851 0.186447 -0.493501 -0.0261157 0.948774 0.314875 -0.560789 -0.187869 -0.314028 0.93064 0.906885 0 0 0 1 
5494384560208;0.803964;0.0489635;0.995708 0.0428305 0.0820428 -0.0690105 -0.0456451 0.998421 0.0327422 0.260201 -0.0805109 -0.0363465 0.996091 1.2998 0 0 0 1 
5494384560209;0.402561;0.077053;0.897183 -0.40805 -0.16899 0.443396 0.381534 0.908804 -0.168838 -1.32005 0.222473 0.0870032 0.971049 -0.689272 0 0 0 1 
5494384560210;0.831689;0.0491794;0.985282 0.149548 0.082789 -0.162772 -0.125714 0.962137 -0.241844 1.61411 -0.115822 0.227877 0.966777 0.0985683 0 0 0 1 
5494384560211;0.793568;0.0446989;0.994296 -0.0330062 -0.101419 0.977625 0.0337316 0.999416 0.00544486 0.144869 0.10118 -0.00883483 0.994829 -0.68578 0 0 0 1 
5494384560212;0.459124;0.0497079;0.999925 -0.0117456 0.00344361 0.235029 0.0116676 0.999693 0.02184 0.0453951 -0.00369908 -0.0217982 0.999756 0.489303 0 0 0 1 
5494384560213;0.436091;0.351592;0.992857 -0.0454237 -0.110327 0.190109 0.0247523 0.982993 -0.181965 0.277568 0.116717 0.177935 0.977096 0.229164 0 0 0 1 
5494384560214;0.701608;0.0696402;0.999833 -0.0146049 0.0109786 -0.0307354 0.0144633 0.999813 0.0128625 0.639459 -0.0111644 -0.0127016 0.999857 -0.221885 0 0 0 1 
5494384560215;0.568246;0.0366223;0.952213 0.0714364 -0.296962 1.29001 0.0224222 0.953292 0.301218 -0.642319 0.304609 -0.293482 0.906135 -1.08352 0 0 0 1 
5494384560217;0.781012;0.0991746;0.99006 0.140561 0.00479979 0.711815 -0.140181 0.988997 -0.0472604 0.641323 -0.01139 0.0461178 0.998871 0.417259 0 0 0 1 
5494384560218;0.673342;0.103037;0.863478 -0.136715 -0.485505 1.98116 0.157107 0.987581 0.00132124 -1.00721 0.479295 -0.077417 0.874233 -1.93742 0 0 0 1 
5494384560219;0.333437;0.195966;0.957156 -0.262799 -0.121607 0.516255 0.266765 0.963607 0.0172797 -1.61151 0.11264 -0.04898 0.992428 -0.584488 0 0 0 1 
5494384560220;0.675306;0.137964;0.948087 -0.190331 -0.254764 0.830474 0.150754 0.974377 -0.166923 -0.444934 0.280007 0.119851 0.952487 -0.79265 0 0 0 1 
5494384560221;0.374554;0.0850152;0.90752 0.418869 0.030921 0.756358 -0.409894 0.899322 -0.15234 2.76226 -0.0916185 0.125578 0.987844 0.700383 0 0 0 1 
5494384560222;1.07278;0.129897;0.968438 0.0758778 -0.237425 0.149728 -0.129924 0.966571 -0.221045 2.01213 0.212716 0.244915 0.945922 -0.623075 0 0 0 1 
5494384560223;0.406435;0.123921;0.934931 0.354794 0.00506877 0.450023 -0.354248 0.93412 -0.0439233 2.09771 -0.0203185 0.0392696 0.999022 0.374976 0 0 0 1 
5494384560224;0.20751;0.180005;0.992513 -0.0241073 0.119738 -0.248142 0.0255974 0.999613 -0.0109219 -0.109015 -0.119429 0.0139051 0.992745 0.788799 0 0 0 1 
5494384560225;0.828158;0.111784;0.994071 0.00745513 -0.108477 0.255076 -0.00318374 0.999215 0.0394961 0.0757257 0.108686 -0.0389166 0.993314 0.205225 0 0 0 1 
5494384560226;0.429538;0.135961;0.878636 0.0735708 -0.471791 1.82232 -0.0116938 0.991078 0.13277 0.12848 0.47735 -0.11114 0.871657 -2.62279 0 0 0 1 
5494384560227;0.623994;0.101236;0.9191 -0.378442 0.109709 -0.214315 0.360195 0.919839 0.15542 -2.0417 -0.159732 -0.10333 0.981738 0.737247 0 0 0 1 
5494384560228;0.349478;0.0791454;0.971021 -0.154747 -0.182132 0.469851 0.198677 0.946238 0.255265 -1.49502 0.132839 -0.284053 0.949562 -0.776738 0 0 0 1 
5494384560229;0.390705;0.117721;0.998601 0.0388611 -0.0358539 -0.0234464 -0.0407386 0.997752 -0.0532104 0.674795 0.0337055 0.0545966 0.997939 0.152476 0 0 0 1 
5494384560230;0.944473;0.128035;0.987589 0.0726167 0.139266 -0.924047 -0.0702037 0.997286 -0.0221684 0.635725 -0.140498 0.0121163 0.990007 0.406804 0 0 0 1 
5494384560231;0.749473;0.10364;0.923141 -0.266661 0.276952 -0.709782 0.25494 0.963789 0.0782036 -1.50533 -0.287777 -0.00158676 0.957696 1.31715 0 0 0 1 
5494384560232;0.1939;0.103888;0.993343 -0.105266 0.0467781 -0.157745 0.0970435 0.983526 0.152506 -0.857196 -0.0620612 -0.146952 0.987195 0.287882 0 0 0 1 
5494384560233;0.634182;0.0680466;0.930379 0.236378 0.280214 -0.205554 -0.309335 0.916394 0.254034 1.22284 -0.196739 -0.323028 0.925714 0.724915 0 0 0 1 
5494384560234;0.39885;0.0925878;0.904892 -0.369425 -0.211413 0.964011 0.375797 0.92664 -0.0107297 -2.13985 0.199868 -0.0697391 0.977338 -1.26069 0 0 0 1 
5494384560235;0.0516956;0.0983647;0.999167 0.0406234 -0.00388259 0.0839333 -0.040567 0.999084 0.0136387 0.29091 0.00443308 -0.0134698 0.999899 -0.0289067 0 0 0 1 
5494384560236;0.391323;0.0784989;0.989455 -0.142186 -0.0275997 0.121959 0.142546 0.989721 0.0115296 -0.470469 0.0256767 -0.0153422 0.999553 -0.173371 0 0 0 1 
5494384560237;1.02921;0.0734952;0.99822 0.00335167 0.0595372 0.404011 0.00837128 0.980656 -0.195562 0.8142 -0.0590409 0.195713 0.978882 1.20091 0 0 0 1 
5494384560238;0.757061;0.132279;0.958465 0.270727 -0.0897257 0.750871 -0.271232 0.96249 0.00675641 2.06777 0.0881893 0.0178607 0.995944 -0.94805 0 0 0 1 
5494384560239;0.288361;0.0871629;0.916835 0.284336 0.280297 -0.0703817 -0.265681 0.958511 -0.103295 1.83111 -0.298038 0.0202343 0.954339 1.91134 0 0 0 1 
5494384560240;0.0978136;0.0835614;0.989243 0.0818318 -0.121252 0.414661 -0.0779938 0.996301 0.0360761 0.428016 0.123756 -0.0262311 0.991966 -0.701125 0 0 0 1 
5494384560241;0.673589;0.0976118;0.940146 0.320843 -0.114827 0.67197 -0.336946 0.925578 -0.172548 2.92063 0.0509207 0.200911 0.978285 -0.0499368 0 0 0 1 
5494384560242;1.04802;0.0804773;0.979814 0.114486 0.163885 -0.514668 -0.0896555 0.984363 -0.151632 1.48182 -0.178682 0.133878 0.974756 1.94339 0 0 0 1 
5494384560243;0.111566;0.0856514;0.999448 -0.0120009 -0.0309783 0.0856894 0.011806 0.999909 -0.00646813 0.0675972 0.0310531 0.00609883 0.999499 -0.230211 0 0 0 1 
5494384560244;1.00468;0.175843;0.988338 -0.152193 0.0049818 0.456578 0.151932 0.987781 0.0347247 -0.76287 -0.0102058 -0.0335628 0.999384 -0.739765 0 0 0 1 
5494384560245;0.648612;0.0880256;0.992522 -0.11729 0.0338223 -0.10064 0.119394 0.990452 -0.0689169 -0.180238 -0.0254161 0.0724397 0.997049 0.739121 0 0 0 1 
5494384560246;0.310363;0.0817315;0.998142 0.00557546 0.0606745 0.0427867 -0.0157783 0.985489 0.169007 -0.186189 -0.0588518 -0.16965 0.983746 0.560141 0 0 0 1 
5494384560248;0.548689;0.0599521;0.963803 -0.266436 0.00979198 0.259454 0.264717 0.960667 0.0839326 -2.94102 -0.0317695 -0.0783023 0.996423 1.06568 0 0 0 1 
5494384560249;0.350307;0.0378695;0.968957 0.22001 0.112771 -0.268055 -0.200652 0.966314 -0.16117 2.73977 -0.144432 0.13354 0.980462 1.16973 0 0 0 1 
5494384560250;0.482059;0.0304005;0.992948 0.02857 0.11506 0.334412 -0.0207999 0.997457 -0.0681739 -0.125205 -0.116715 0.0652999 0.991016 1.17896 0 0 0 1 
5494384560251;0.346948;0.0364286;0.952054 0.222454 0.210015 -0.396752 -0.241703 0.967778 0.0706048 2.13026 -0.187542 -0.117981 0.975145 2.36909 0 0 0 1 
5494384560252;0.590914;0.0183428;0.914782 -0.245923 -0.320462 1.99806 0.191013 0.962373 -0.193265 -2.03803 0.355932 0.115583 0.927336 -3.50786 0 0 0 1 
5494384560253;0.449485;0.0346533;0.926225 -0.0128066 -0.376753 1.78733 -0.0336398 0.992628 -0.116443 1.09186 0.375467 0.120526 0.918966 -3.66482 0 0 0 1 
5494384560254;0.682288;0.0499716;0.945095 -0.325446 0.0296739 1.36383 0.317568 0.936039 0.151599 -3.79275 -0.0771134 -0.133852 0.987997 1.71253 0 0 0 1 
5494384560255;0.468787;0.0494304;0.998646 -0.0250656 0.0455804 -0.450181 0.030304 0.992535 -0.118131 0.0826824 -0.0422791 0.119353 0.991951 -0.413246 0 0 0 1 
5494384560256;0.445109;0.0378994;0.922424 0.347434 0.168595 -0.442022 -0.367736 0.923548 0.10876 3.2848 -0.117919 -0.162322 0.979667 0.932261 0 0 0 1 
5494384560257;0.358958;0.0472043;0.975977 -0.101647 0.192709 -0.471969 0.0719106 0.985219 0.155477 -1.16155 -0.205664 -0.137884 0.96886 2.56858 0 0 0 1 
5494384560258;0.299214;0.045659;0.941688 -0.318324 0.109062 0.609311 0.333433 0.926341 -0.175254 -2.63518 -0.0452408 0.2014 0.978464 0.101226 0 0 0 1 
5494384560259;0.232186;0.0581757;0.987748 -0.155614 -0.0117357 0.352175 0.156005 0.982727 0.0995504 -1.96793 -0.0039584 -0.100162 0.994963 -0.080935 0 0 0 1 
5494384560260;0.561418;0.0241001;0.961914 0.257328 0.092219 -0.414163 -0.26404 0.961981 0.0698277 2.37828 -0.0707443 -0.0915178 0.993287 1.62285 0 0 0 1 
5494384560261;0.428236;0.0308947;0.876983 0.243192 0.414438 -0.38389 -0.213837 0.969882 -0.11663 2.41999 -0.430319 0.0136603 0.902573 4.49617 0 0 0 1 
