#;prob_registration_l1 -r /home/probabilistic_point_clouds_registration/build/tester /home/point_clouds_registration_benchmark//devel/registration_pairs/urban05_local.txt /home/point_clouds_registration_benchmark//kaist/urban05 -s 0.2 -t 0.2 -p 0.3 -r 1000 -m 15 -i 40 
id;initial_error;final_error;transformation
34562489690000;0.13992;0.347249;0.999996 3.49659e-05 -0.00290956 -279.213 -3.41565e-05 1 0.00027825 26.1791 0.00290957 -0.000278149 0.999996 193.5 0 0 0 1 
34562489690001;0.182436;0.225714;1 -6.92577e-08 4.53404e-07 -0.582296 6.92577e-08 1 3.49217e-08 0.33976 -4.53404e-07 -3.49217e-08 1 -0.262393 0 0 0 1 
34562489690002;0.400034;0.466703;0.99986 -3.72579e-05 -0.0167509 400.385 6.00819e-05 0.999999 0.00136206 -36.1497 0.0167508 -0.00136287 0.999859 -800.519 0 0 0 1 
34562489690003;0.381518;0.593828;0.994079 0.00129528 -0.108654 -6247.27 -0.000261122 0.999955 0.00953159 544.51 0.108661 -0.00944678 0.994034 -317.903 0 0 0 1 
34562489690004;0.467995;0.744933;1 -1.26063e-07 5.07653e-07 -0.927719 1.26063e-07 1 5.33655e-08 2.2182 -5.07653e-07 -5.33654e-08 1 -0.374541 0 0 0 1 
34562489690005;0.423309;0.713939;1 -1.61335e-07 7.66183e-07 -1.22124 1.61335e-07 1 6.82801e-08 2.61183 -7.66183e-07 -6.828e-08 1 -0.496797 0 0 0 1 
34562489690006;0.190415;0.474423;0.99787 0.000135636 0.0652319 393.657 0.000237862 0.999984 -0.00571789 -37.8067 -0.0652316 0.00572123 0.997854 -211.859 0 0 0 1 
34562489690007;0.167146;0.411928;0.999727 7.03552e-05 0.0233673 -377.608 -2.76585e-05 0.999998 -0.00182752 35.8287 -0.0233674 0.00182637 0.999725 1718.84 0 0 0 1 
34562489690008;0.102809;0.104504;1 -1.47356e-08 7.87054e-08 -0.0967404 1.47356e-08 1 5.7368e-09 -0.207332 -7.87054e-08 -5.7368e-09 1 -0.0399272 0 0 0 1 
34562489690009;0.0509686;0.107344;1 -7.85208e-06 3.09843e-05 62.8427 7.85219e-06 1 -3.55928e-06 -6.49736 -3.09842e-05 3.55953e-06 1 -6.81618 0 0 0 1 
34562489690010;0.0869115;0.244854;0.999974 0.000121196 -0.00726815 -956.104 -0.000116144 1 0.000695421 85.3112 0.00726823 -0.000694558 0.999973 482.696 0 0 0 1 
34562489690011;0.0782188;0.218652;0.999686 0.000310454 -0.0250745 -2273.98 -0.00025278 0.999997 0.00230323 200.12 0.0250751 -0.00229617 0.999683 861.008 0 0 0 1 
34562489690012;0.0495854;1.03552;0.999893 1.17579e-05 0.0145997 -21.9552 6.91762e-06 0.999999 -0.00127912 -7.0881 -0.0145997 0.00127908 0.999893 -36.1275 0 0 0 1 
34562489690013;0.0622498;0.686723;1 1.91077e-05 0.000750247 -153.251 -1.90655e-05 1 -5.62402e-05 19.4138 -0.000750248 5.62258e-05 1 74.9186 0 0 0 1 
34562489690014;0.30978;1.04383;1 -1.89302e-07 -3.29106e-07 -0.883695 1.89302e-07 1 2.8644e-08 7.24059 3.29106e-07 -2.86441e-08 1 -0.0326228 0 0 0 1 
34562489690015;0.264634;0.338884;1 -4.27974e-08 1.45204e-07 -0.402958 4.27974e-08 1 7.30797e-09 -1.05178 -1.45204e-07 -7.30796e-09 1 -0.0516116 0 0 0 1 
34562489690016;0.0384264;0.122978;1 2.60574e-06 8.58713e-05 -21.1406 -2.60533e-06 1 -4.80783e-06 2.74319 -8.58713e-05 4.8076e-06 1 21.536 0 0 0 1 
34562489690017;0.317284;0.409853;1 -1.00094e-07 1.0112e-07 -0.923513 1.00094e-07 1 3.56729e-08 -1.88492 -1.0112e-07 -3.56729e-08 1 -0.268753 0 0 0 1 
34562489690018;0.287954;1.01016;0.99999 8.01029e-07 0.00457024 -1.58245 1.01898e-06 1 -0.000398228 7.93342 -0.00457024 0.000398228 0.999989 5.94731 0 0 0 1 
34562489690019;0.362659;0.514602;0.992659 0.000368243 0.120948 2174.41 0.000933204 0.999942 -0.0107036 -192.778 -0.120945 0.0107379 0.992601 -1439.93 0 0 0 1 
34562489690020;0.112961;0.0653669;0.999995 -1.21562e-06 -0.0031872 13.19 2.10718e-06 1 0.000279729 -1.86946 0.0031872 -0.000279734 0.999995 10.9269 0 0 0 1 
34562489690021;0.197833;0.234266;0.999923 4.06739e-06 -0.0123943 22.6005 9.31517e-06 0.999999 0.00107968 -2.95411 0.0123943 -0.00107971 0.999923 -18.2696 0 0 0 1 
34562489690022;0.278308;0.826337;0.999743 1.97577e-05 0.0226842 16.7469 2.51414e-05 0.999998 -0.00197903 -7.06435 -0.0226842 0.00197909 0.999741 10.775 0 0 0 1 
34562489690023;0.193536;0.288178;0.99636 0.000493909 -0.08524 -1406.51 0.000145928 0.999972 0.00749991 122.737 0.0852413 -0.00748505 0.996332 348.262 0 0 0 1 
34562489690024;0.347959;0.368378;0.99997 1.32642e-06 0.00776591 8.77203 3.92881e-06 1 -0.00067669 -2.57697 -0.00776591 0.0006767 0.99997 8.87988 0 0 0 1 
34562489690025;0.302077;0.533877;0.998619 0.000112429 -0.052528 70.505 0.000128565 0.999989 0.00458451 -4.69359 0.052528 -0.00458493 0.998609 -8.02012 0 0 0 1 
34562489690026;0.218188;0.207863;1 -4.20809e-08 3.18388e-07 -0.353168 4.20809e-08 1 2.2543e-08 0.382297 -3.18388e-07 -2.2543e-08 1 -0.165269 0 0 0 1 
34562489690027;0.18191;0.335082;0.99902 3.56739e-05 -0.0442505 406.613 0.000136867 0.999992 0.00389616 -33.5668 0.0442503 -0.0038984 0.999013 283.225 0 0 0 1 
34562489690028;0.340963;0.413738;1 -5.68535e-08 2.3228e-07 -0.504864 5.68535e-08 1 1.14038e-08 -0.815462 -2.3228e-07 -1.14038e-08 1 -0.0885154 0 0 0 1 
34562489690029;0.238574;0.247895;0.999949 7.40133e-06 0.0100525 -25.6428 1.40863e-06 1 -0.000876383 1.08452 -0.0100526 0.000876353 0.999949 10.0635 0 0 0 1 
34562489690031;0.530935;0.671741;0.999939 1.07232e-05 -0.0110756 -40.7905 -5.34867e-08 1 0.000963354 3.99948 0.0110756 -0.000963294 0.999938 -28.3655 0 0 0 1 
34562489690032;0.306555;0.516397;0.990795 0.000801242 0.135372 0.525492 0.00080489 0.99993 -0.0118094 -0.989477 -0.135372 0.0118097 0.990724 66.4853 0 0 0 1 
34562489690033;0.46032;0.673413;0.999755 2.17451e-05 -0.0221243 0.473437 2.09479e-05 0.999998 0.00192945 0.770731 0.0221243 -0.00192944 0.999753 -16.2216 0 0 0 1 
34562489690034;0.385219;0.859396;0.99991 1.25307e-05 -0.0134026 -34.1042 3.02519e-06 0.999999 0.00116063 4.38538 0.0134027 -0.00116057 0.99991 -76.762 0 0 0 1 
34562489690035;0.341621;0.306911;0.985572 0.00126138 0.169251 -38.3749 0.00125715 0.99989 -0.0147725 2.92955 -0.169251 0.0147722 0.985462 28.4798 0 0 0 1 
34562489690036;0.158469;0.0619137;0.996756 0.000285099 -0.0804879 -3.48561 0.000281131 0.999975 0.00702355 0.373114 0.0804879 -0.00702339 0.996731 -24.2868 0 0 0 1 
34562489690037;0.364175;0.395468;0.995152 0.000427451 -0.0983452 -19.6444 0.000418625 0.999963 0.00858233 0.771972 0.0983452 -0.0085819 0.995115 -28.7856 0 0 0 1 
34562489690038;0.437441;1.12083;0.992347 0.000682665 0.123482 -131.603 0.000653186 0.999942 -0.0107774 13.7862 -0.123482 0.0107755 0.992288 36.4304 0 0 0 1 
34562489690039;0.392147;0.42087;0.997164 0.000251385 0.0752637 -40.4028 0.000243801 0.999978 -0.00657008 2.8646 -0.0752637 0.0065698 0.997142 5.63321 0 0 0 1 
34562489690040;0.283513;0.391951;0.999296 6.23052e-05 -0.0375245 -0.446547 5.97336e-05 0.999995 0.00325111 0.0906778 0.0375245 -0.00325106 0.99929 -200.155 0 0 0 1 
34562489690041;0.287266;0.708649;0.994775 0.000468681 -0.102089 -85.2814 0.000443416 0.99996 0.00891144 8.62911 0.102089 -0.00891015 0.994735 -16.9877 0 0 0 1 
34562489690042;0.329992;1.10207;0.993897 0.000547721 0.110312 -133.143 0.000517868 0.999953 -0.00963092 13.2345 -0.110312 0.00962927 0.99385 7.66891 0 0 0 1 
34562489690043;0.516204;0.830009;0.999122 8.49816e-05 -0.0418991 -59.9813 6.81136e-05 0.999993 0.00365246 5.76315 0.0418991 -0.00365211 0.999115 -45.0663 0 0 0 1 
34562489690044;0.236329;0.178987;0.999999 2.39872e-07 -0.00100127 -1.27653 -1.52553e-07 1 8.72082e-05 -0.064802 0.00100127 -8.7208e-05 0.999999 -1.95343 0 0 0 1 
34562489690045;0.316589;0.578887;0.999988 -1.13596e-06 -0.00495936 18.8098 3.30775e-06 1 0.000437908 -3.036 0.00495935 -0.000437919 0.999988 39.6508 0 0 0 1 
34562489690046;0.376135;0.386705;0.999121 6.60828e-05 -0.0419145 92.16 8.84119e-05 0.999993 0.00368408 -7.88912 0.0419145 -0.00368455 0.999114 204.247 0 0 0 1 
34562489690047;0.485231;0.408103;1 7.1796e-08 -5.03661e-05 -0.29595 -7.15747e-08 1 4.3935e-06 0.131733 5.03661e-05 -4.39349e-06 1 -0.645583 0 0 0 1 
34562489690048;0.199981;0.198507;0.999988 1.07595e-06 -0.00485807 0.792553 9.78192e-07 1 0.000422829 0.19642 0.00485807 -0.000422829 0.999988 -10.1201 0 0 0 1 
34562489690049;0.208318;0.211682;1 1.18893e-09 -1.30792e-07 0.0145435 -1.18893e-09 1 3.47929e-09 0.00363928 1.30792e-07 -3.47928e-09 1 -0.0340034 0 0 0 1 
34562489690050;0.378047;0.68236;0.975098 0.00218811 -0.221764 -81.3837 0.00215875 0.99981 0.019357 7.02311 0.221765 -0.0193537 0.974908 -47.0351 0 0 0 1 
34562489690051;0.381473;0.602228;0.999992 2.87346e-06 0.00406508 -16.8269 -1.43435e-06 1 -0.000354022 2.22429 -0.00406508 0.000354013 0.999992 6.72227 0 0 0 1 
34562489690052;0.123011;0.588985;0.999428 5.73665e-05 -0.033816 -53.2755 4.23786e-05 0.999996 0.00294892 4.92416 0.033816 -0.00294866 0.999424 -27.7698 0 0 0 1 
34562489690053;0.447449;0.721664;0.999997 2.7292e-06 0.00229218 -19.3028 -2.27277e-06 1 -0.000199128 2.54137 -0.00229218 0.000199122 0.999997 7.79238 0 0 0 1 
34562489690054;0.341689;0.633307;0.998544 0.000135749 -0.0539483 -60.2773 0.000118457 0.999989 0.0047088 5.21344 0.0539483 -0.00470834 0.998533 -10.6343 0 0 0 1 
34562489690055;0.435439;0.641916;0.99975 2.59737e-05 -0.0223602 -29.1716 1.75982e-05 0.999998 0.00194844 2.67788 0.0223602 -0.00194834 0.999748 -29.1501 0 0 0 1 
34562489690056;0.453077;0.325747;0.93127 0.00584236 -0.364283 1320.92 0.00609485 0.999482 0.0316108 -113.884 0.364279 -0.0316584 0.930752 -1139.24 0 0 0 1 
34562489690057;0.243925;0.509278;0.999543 3.75779e-05 0.0302409 15.3005 4.23972e-05 0.999997 -0.00264396 -3.09056 -0.0302409 0.00264403 0.999539 -32.1664 0 0 0 1 
34562489690058;0.299623;0.577578;0.988897 0.000977948 0.148598 -89.3956 0.00095955 0.999915 -0.0129663 8.302 -0.148598 0.0129649 0.988813 61.7432 0 0 0 1 
34562489690059;0.121954;0.0780833;0.999976 2.53904e-06 -0.00691031 -2.46167 1.62865e-06 1 0.000603107 0.288282 0.00691031 -0.000603104 0.999976 -1.79197 0 0 0 1 
34562489690060;0.336224;0.429604;0.999016 9.14651e-05 0.0443575 -49.5781 8.03501e-05 0.999993 -0.00387162 4.37321 -0.0443575 0.00387138 0.999008 8.39429 0 0 0 1 
34562489690062;0.450678;0.381469;0.990426 0.0008334 0.138042 1.44037 0.000838036 0.999927 -0.0120496 -1.52504 -0.138042 0.0120499 0.990353 31.2874 0 0 0 1 
34562489690063;0.504888;1.0829;0.991291 0.00060474 0.131687 1234.47 0.00081686 0.999942 -0.010741 -108.233 -0.131686 0.010755 0.991233 5984.91 0 0 0 1 
34562489690064;0.452148;0.407343;1 -3.35588e-08 -4.10355e-05 0.147641 3.36725e-08 1 2.77011e-06 -0.465109 4.10355e-05 -2.77011e-06 1 -6.46462 0 0 0 1 
34562489690065;0.324911;0.393962;0.999967 2.30609e-06 -0.00810684 5.56611 3.43539e-06 1 0.000708213 -0.833386 0.00810684 -0.000708217 0.999967 3.26503 0 0 0 1 
34562489690066;0.34336;0.412778;0.997121 0.000253375 0.0758291 -25.8574 0.000249142 0.999978 -0.00661743 1.97968 -0.0758292 0.00661727 0.997099 32.7177 0 0 0 1 
34562489690067;0.18061;0.390547;0.999944 2.59691e-06 0.0105455 16.6059 7.10116e-06 1 -0.000919601 -2.23135 -0.0105455 0.000919625 0.999944 9.89273 0 0 0 1 
34562489690068;0.143206;0.226474;0.99996 5.28967e-06 0.00892347 -15.5019 1.65945e-06 1 -0.000778739 0.896451 -0.00892347 0.000778723 0.99996 3.79786 0 0 0 1 
34562489690069;0.265071;0.35427;0.999957 6.90343e-06 0.00923092 -26.7478 5.0146e-07 1 -0.000802181 1.45181 -0.00923092 0.000802152 0.999957 30.4737 0 0 0 1 
34562489690070;0.337998;0.442599;0.913805 0.00753038 -0.406083 25.2897 0.0075207 0.999343 0.0354555 -3.11276 0.406083 -0.0354534 0.913148 -31.177 0 0 0 1 
34562489690071;0.291767;0.181942;1 -1.27075e-08 -0.000458901 0.592018 3.1236e-08 1 4.03757e-05 -0.361023 0.000458901 -4.03757e-05 1 3.17308 0 0 0 1 
34562489690072;0.432542;0.467577;0.955161 0.00397549 0.29606 -525.321 0.00387662 0.999656 -0.0259303 44.7611 -0.296061 0.0259153 0.954817 -504.399 0 0 0 1 
34562489690073;0.333627;0.483914;0.997286 0.000241439 -0.073628 -24.9889 0.000232301 0.999979 0.0064256 1.23626 0.073628 -0.00642527 0.997265 -31.2056 0 0 0 1 
34562489690074;0.333091;2.07224;0.954791 0.00401252 0.297251 -561.922 0.00397786 0.999647 -0.0262712 44.0466 -0.297251 0.0262659 0.954438 -2490.05 0 0 0 1 
34562489690075;0.300984;0.308946;1 1.50676e-08 -9.88487e-08 0.0898986 -1.50676e-08 1 1.8047e-08 -0.446291 9.88487e-08 -1.8047e-08 1 -0.147878 0 0 0 1 
34562489690076;0.255405;0.546158;0.999406 4.98344e-05 0.0344648 11.5238 5.39519e-05 0.999995 -0.00301043 -1.83934 -0.0344648 0.0030105 0.999401 -8.00964 0 0 0 1 
34562489690077;0.37018;0.173109;0.894215 0.00924765 -0.447543 -22.1694 0.00922376 0.999194 0.0390761 1.3389 0.447543 -0.0390704 0.893408 -54.7108 0 0 0 1 
34562489690078;0.123389;0.231201;0.998537 0.00013185 -0.0540751 -25.0981 0.000123633 0.999989 0.00472122 1.69542 0.0540751 -0.004721 0.998526 -6.17416 0 0 0 1 
34562489690079;0.437756;0.871923;0.998348 0.000155441 -0.0574486 -80.9771 0.000133033 0.999987 0.00501758 5.46639 0.0574487 -0.00501693 0.998336 4.74153 0 0 0 1 
34562489690080;0.248888;0.495515;0.999463 4.8721e-05 -0.0327685 -10.0488 4.50348e-05 0.999996 0.00286042 0.0469175 0.0327685 -0.00286036 0.999459 -7.17424 0 0 0 1 
34562489690081;0.238106;0.378607;0.999821 1.51088e-05 0.0189444 1.75669 1.61917e-05 0.999999 -0.00165208 -1.01721 -0.0189444 0.00165209 0.999819 16.7836 0 0 0 1 
34562489690082;0.176775;0.294864;0.998391 0.000144953 0.0567006 -43.3807 0.000135943 0.999988 -0.00495013 3.47282 -0.0567007 0.00494987 0.998379 9.528 0 0 0 1 
34562489690083;0.334152;2.67684;0.999987 3.75117e-05 0.00514916 -293.539 -3.52669e-05 1 -0.000436055 17.8322 -0.00514917 0.000435868 0.999987 111.398 0 0 0 1 
34562489690084;0.376441;0.369284;0.999077 8.36579e-05 -0.0429475 -18.5988 7.74326e-05 0.999993 0.00374919 1.77566 0.0429475 -0.00374906 0.99907 -8.46434 0 0 0 1 
34562489690085;0.162081;0.286267;0.996639 0.000293287 -0.0819236 13.5693 0.000293718 0.999974 0.00715312 -1.86931 0.0819236 -0.00715314 0.996613 -2.65107 0 0 0 1 
34562489690086;0.435379;0.432892;0.999893 -4.08126e-06 0.0146522 106.182 2.52286e-05 0.999999 -0.00144311 -9.39869 -0.0146521 0.00144332 0.999892 -1318.13 0 0 0 1 
34562489690087;0.326485;0.390413;0.999932 7.35309e-06 0.0117044 -12.6549 4.60852e-06 0.999999 -0.00102195 0.246524 -0.0117044 0.00102193 0.999931 0.629688 0 0 0 1 
34562489690088;0.343468;0.378009;0.999941 6.21936e-06 -0.0108922 -6.49138 4.1191e-06 1 0.000949135 0.201305 0.0108922 -0.000949124 0.99994 -15.7287 0 0 0 1 
34562489690089;0.181879;0.239872;1 1.84826e-07 -0.000635419 -1.17073 -1.49629e-07 1 5.53905e-05 -0.263061 0.000635419 -5.53904e-05 1 -0.548091 0 0 0 1 
34562489690090;0.274172;0.510656;0.97794 0.00161966 -0.20888 2495.72 0.00232006 0.999824 0.0186148 -217.94 0.208874 -0.0186887 0.977764 3624.56 0 0 0 1 
34562489690091;0.516972;2.86525;0.999851 0.00013374 -0.0172568 -965.68 -0.000106471 0.999999 0.00158108 77.3561 0.017257 -0.00157901 0.99985 579.615 0 0 0 1 
34562489690093;0.4248;0.484842;1 2.76652e-06 0.000215361 -23.0577 -2.76717e-06 1 3.02272e-06 3.60366 -0.000215361 -3.02331e-06 1 176.923 0 0 0 1 
34562489690094;0.0934313;0.216179;0.999167 0.000521183 0.0408084 -3613.82 -0.000378809 0.999994 -0.00349648 318.299 -0.04081 0.00347811 0.999161 682.933 0 0 0 1 
34562489690095;0.144672;0.165656;1 7.82325e-06 0.000390763 -63.1951 -7.81123e-06 1 -3.07569e-05 6.45259 -0.000390763 3.07538e-05 1 27.538 0 0 0 1 
34562489690096;0.228702;0.427731;0.998486 -0.000193769 -0.0550111 2628.54 0.000471522 0.999987 0.0050361 -227.589 0.0550094 -0.00505442 0.998473 2023.29 0 0 0 1 
34562489690097;0.121961;0.39037;0.997413 0.00020296 0.0718849 170.815 0.000248567 0.99998 -0.00627224 -17.7884 -0.0718847 0.00627389 0.997393 18.9184 0 0 0 1 
34562489690098;0.286027;0.347488;0.99787 7.06355e-05 0.0652393 918.035 0.000306143 0.999983 -0.00576531 -78.9479 -0.0652387 0.005773 0.997853 -619.337 0 0 0 1 
34562489690099;0.0245713;0.0290857;0.999985 4.41961e-07 0.00544047 5.87546 2.13789e-06 1 -0.000474191 -0.517091 -0.00544047 0.000474195 0.999985 6.27486 0 0 0 1 
34562489690100;0.214406;0.324224;0.991189 0.00188223 -0.132444 -8934.78 -0.000435806 0.99994 0.0109492 790.028 0.132457 -0.010795 0.99113 -6192.6 0 0 0 1 
34562489690101;0.290539;0.319872;1 -3.3856e-08 2.63251e-07 -0.248215 3.3856e-08 1 -1.21143e-08 -0.0759199 -2.63251e-07 1.21143e-08 1 0.0789518 0 0 0 1 
34562489690102;0.160438;0.207485;0.99144 0.00102624 -0.130561 -2224.94 0.000385819 0.999942 0.0107896 194.987 0.130564 -0.0107476 0.991382 -5244.19 0 0 0 1 
34562489690103;0.385248;0.424917;1 -1.40127e-08 2.26155e-08 -0.138695 1.40127e-08 1 -2.624e-08 -0.454793 -2.26155e-08 2.624e-08 1 0.151543 0 0 0 1 
34562489690104;0.150227;0.31944;0.999775 1.22281e-05 0.0212104 55.3414 2.75021e-05 0.999998 -0.00187286 -6.96626 -0.0212104 0.00187302 0.999773 -170.714 0 0 0 1 
34562489690105;0.212702;0.279023;0.998967 8.60991e-05 0.0454407 25.3239 9.41577e-05 0.999992 -0.0039647 -3.5657 -0.0454407 0.00396489 0.998959 18.9128 0 0 0 1 
34562489690106;0.369761;0.407522;0.998094 -0.000228312 0.0617096 3166.26 0.00055782 0.999986 -0.00532248 -275.359 -0.0617075 0.00534675 0.99808 329.169 0 0 0 1 
34562489690107;0.232667;0.213066;1 -2.25963e-08 2.7361e-07 -0.166861 2.25963e-08 1 1.89099e-08 0.313213 -2.7361e-07 -1.89099e-08 1 -0.148161 0 0 0 1 
34562489690108;0.240619;0.268769;1 -1.01276e-08 -9.42003e-08 -0.0336814 1.01276e-08 1 1.16857e-08 0.289798 9.42003e-08 -1.16857e-08 1 -0.0660194 0 0 0 1 
34562489690109;0.185949;0.241023;1 -7.54865e-07 -0.000346301 5.38531 7.65256e-07 1 3.00032e-05 -0.715953 0.000346301 -3.00035e-05 1 -1.87699 0 0 0 1 
34562489690110;0.265953;0.233716;0.992405 0.000144221 -0.123011 4192.4 0.00119599 0.999941 0.0108211 -364.389 0.123005 -0.0108861 0.992346 1180.1 0 0 0 1 
34562489690111;0.165425;0.309451;0.999731 2.82126e-05 0.0231858 -41.4606 1.86327e-05 0.999998 -0.00202022 5.87431 -0.0231858 0.0020201 0.999729 33.6515 0 0 0 1 
34562489690112;0.350609;0.301112;0.997288 0.000237831 0.0735948 -19.3134 0.000235394 0.999979 -0.0064214 2.85569 -0.0735948 0.00642131 0.997268 32.8346 0 0 0 1 
34562489690113;0.399049;0.424566;1 -1.76602e-08 7.16009e-08 -0.124144 1.76602e-08 1 1.44054e-09 0.242583 -7.16009e-08 -1.44054e-09 1 -0.0112598 0 0 0 1 
34562489690114;0.0997142;0.205165;1 4.64671e-06 -0.000476963 -37.4446 -4.62601e-06 1 4.34008e-05 4.52695 0.000476963 -4.33986e-05 1 13.811 0 0 0 1 
34562489690115;0.280795;0.322736;1 -2.28556e-06 2.16936e-05 17.8542 2.28562e-06 1 -2.94144e-06 -2.03088 -2.16936e-05 2.94149e-06 1 -8.58861 0 0 0 1 
34562489690116;0.37279;0.399769;0.999992 -1.30553e-07 -0.0041081 7.09302 1.6041e-06 1 0.000358689 -0.648484 0.0041081 -0.000358692 0.999991 -0.66215 0 0 0 1 
34562489690117;0.26675;0.376483;1 -1.94475e-08 -9.29893e-08 -0.0595326 1.94475e-08 1 6.89209e-09 1.28683 9.29893e-08 -6.89209e-09 1 0.019367 0 0 0 1 
34562489690118;0.0989808;0.354941;0.994938 -0.000239524 -0.100489 5497.03 0.00108895 0.999964 0.00839812 -481.067 0.100484 -0.00846504 0.994903 -2478.29 0 0 0 1 
34562489690119;0.386067;0.571688;0.973595 0.00228107 -0.228269 225.407 0.00232801 0.999799 0.0199201 -19.4948 0.228268 -0.0199256 0.973394 -30.828 0 0 0 1 
34562489690120;0.309421;0.367446;0.999966 4.31642e-06 0.00821269 -12.0105 1.54938e-06 1 -0.00071423 2.28861 -0.00821269 0.000714219 0.999966 22.9527 0 0 0 1 
34562489690121;0.382301;0.395194;1 -3.03165e-08 -6.1223e-09 -0.205263 3.03165e-08 1 -4.52334e-09 0.198593 6.1223e-09 4.52334e-09 1 0.0900849 0 0 0 1 
34562489690122;0.179762;0.243606;0.998735 0.000108981 0.0502832 4.11807 0.00011189 0.99999 -0.00438971 -1.3999 -0.0502832 0.00438978 0.998725 3.68672 0 0 0 1 
34562489690124;0.346704;0.433875;1 -5.09757e-08 -1.51025e-07 -0.393384 5.09757e-08 1 1.65434e-08 0.224148 1.51025e-07 -1.65434e-08 1 -0.117691 0 0 0 1 
34562489690125;0.12865;0.240384;0.999831 1.8191e-05 -0.0183763 -24.8219 1.12876e-05 0.999999 0.00160405 3.13835 0.0183763 -0.00160399 0.99983 -3.41117 0 0 0 1 
34562489690126;0.441684;0.719313;0.998589 0.000128832 0.0531034 -52.5106 0.000117224 0.999989 -0.00463037 7.60119 -0.0531034 0.00463006 0.998578 51.9572 0 0 0 1 
34562489690127;0.210546;0.242869;0.999987 2.69018e-06 0.00518751 -12.6714 -3.47903e-07 1 -0.000451524 1.46218 -0.00518751 0.000451516 0.999986 10.5541 0 0 0 1 
34562489690128;0.0334274;0.151058;0.999795 9.75052e-06 -0.0202534 68.0372 2.60035e-05 0.999998 0.00176507 -7.06775 0.0202534 -0.00176524 0.999793 -24.7032 0 0 0 1 
34562489690129;0.0803559;0.0762092;1 -4.32468e-06 2.75526e-05 34.3616 4.32471e-06 1 -9.32691e-07 -3.09768 -2.75526e-05 9.3281e-07 1 11.2362 0 0 0 1 
34562489690130;0.355847;0.394878;1 -3.87364e-08 -4.7745e-09 -0.286393 3.87364e-08 1 1.77301e-08 0.125064 4.7745e-09 -1.77301e-08 1 -0.151332 0 0 0 1 
34562489690131;0.103607;1.12075;1 2.05673e-05 -0.000261827 -164.968 -2.05625e-05 1 1.80849e-05 23.259 0.000261828 -1.80795e-05 1 -39.0133 0 0 0 1 
34562489690132;0.232394;0.251191;0.998453 0.00012823 -0.0556044 62.5854 0.000141925 0.999988 0.00485454 -3.87908 0.0556044 -0.00485492 0.998441 0.447462 0 0 0 1 
34562489690133;0.372111;0.371881;0.990126 0.000673142 -0.14018 1540.02 0.000993983 0.99993 0.0118224 -132.416 0.140178 -0.011845 0.990055 -3168.26 0 0 0 1 
34562489690134;0.23228;0.255538;0.999994 -1.44505e-06 -0.00334171 15.2375 2.41761e-06 1 0.000291034 -0.850643 0.00334171 -0.00029104 0.999994 -6.11091 0 0 0 1 
34562489690135;0.171644;0.382895;0.999813 7.02769e-05 -0.0193586 -430.762 -3.64585e-05 0.999998 0.00174729 39.5189 0.0193587 -0.00174626 0.999811 451.908 0 0 0 1 
34562489690136;0.200279;0.2593;0.999939 1.79839e-06 -0.0110227 28.3626 8.80014e-06 1 0.000961473 -2.00373 0.0110227 -0.000961512 0.999939 -7.3052 0 0 0 1 
34562489690137;0.062551;0.182877;0.99884 0.00111665 -0.048136 -8162.62 -0.00094204 0.999993 0.00364989 716.8 0.0481397 -0.00360031 0.998834 -4848.94 0 0 0 1 
34562489690138;0.126833;0.126999;1 1.88417e-08 -6.18892e-08 0.195462 -1.88417e-08 1 -9.15554e-09 0.741663 6.18892e-08 9.15554e-09 1 0.0831423 0 0 0 1 
34562489690139;0.334771;0.381821;1 9.43308e-09 7.21772e-08 0.109523 -9.43308e-09 1 1.25561e-08 0.659926 -7.21772e-08 -1.25561e-08 1 -0.0691657 0 0 0 1 
34562489690140;0.169798;0.231689;1 -4.12897e-08 1.70935e-07 -0.213818 4.12897e-08 1 7.26659e-09 1.17833 -1.70935e-07 -7.26659e-09 1 -0.0476342 0 0 0 1 
34562489690141;0.269667;0.359963;0.997289 0.000403177 -0.073577 -1328.32 8.06124e-05 0.999978 0.00657219 117.384 0.0735781 -0.0065603 0.997268 1096.33 0 0 0 1 
34562489690142;0.0756236;0.22737;0.999859 -0.000138748 -0.0168017 1216.74 0.000162011 0.999999 0.00138323 -107.027 0.0168015 -0.00138575 0.999858 -653.25 0 0 0 1 
34562489690143;0.273373;0.357027;0.998281 0.000153189 0.058608 -32.8327 0.000146796 0.999987 -0.00511415 4.17199 -0.058608 0.00511396 0.998268 24.6736 0 0 0 1 
34562489690144;0.115892;0.454821;0.999266 0.000349911 0.0383081 -2304.38 -0.000231714 0.999995 -0.00308981 205.015 -0.038309 0.00307866 0.999261 2140.41 0 0 0 1 
34562489690145;0.160443;0.193644;0.999627 3.59171e-05 0.0273192 -30.5412 2.92331e-05 0.999997 -0.00238437 1.51323 -0.0273192 0.00238428 0.999624 6.86189 0 0 0 1 
34562489690146;0.0878609;1.24876;1 1.30677e-08 1.01929e-07 0.684238 -1.30677e-08 1 1.46937e-09 9.67326 -1.01929e-07 -1.46937e-09 1 0.256345 0 0 0 1 
34562489690147;0.0902058;0.28305;0.997495 -8.94209e-05 -0.0707326 2488.5 0.000531366 0.99998 0.00622932 -215.163 0.0707306 -0.0062513 0.997476 610.247 0 0 0 1 
34562489690148;0.253989;0.353841;1 3.13897e-08 -2.76618e-07 0.34277 -3.13897e-08 1 -7.50002e-10 1.23643 2.76618e-07 7.50011e-10 1 0.0573762 0 0 0 1 
34562489690149;0.415878;0.416596;1 -2.43637e-08 2.54505e-07 -0.181826 2.43636e-08 1 2.1648e-08 0.0555412 -2.54505e-07 -2.1648e-08 1 -0.197998 0 0 0 1 
34562489690150;0.323952;0.349856;1 -3.28713e-08 -1.38083e-07 -0.25144 3.28713e-08 1 7.39945e-09 0.0809609 1.38083e-07 -7.39945e-09 1 -0.0532023 0 0 0 1 
34562489690151;0.0908205;0.14408;1 1.68179e-08 2.61846e-08 0.148788 -1.68179e-08 1 -1.21809e-09 0.751191 -2.61846e-08 1.21808e-09 1 0.0193135 0 0 0 1 
34562489690152;0.416208;0.401571;0.997699 0.000200182 -0.0677987 15.2741 0.000201396 0.999982 0.00591621 -0.898843 0.0677987 -0.00591625 0.997681 -24.6962 0 0 0 1 
34562489690153;0.0988573;0.944781;0.999971 8.03435e-06 -0.00756963 -42.593 -3.14469e-06 1 0.00064597 -3.98307 0.00756963 -0.000645927 0.999971 -119.965 0 0 0 1 
34562489690155;0.259195;0.419051;0.998752 0.000107049 -0.0499452 22.5955 0.000110816 0.99999 0.00435928 -0.449511 0.0499452 -0.00435938 0.998742 -10.4859 0 0 0 1 
34562489690156;0.172496;0.153199;0.999715 1.24718e-05 -0.0238659 103.2 3.63035e-05 0.999998 0.00204329 -8.28524 0.0238659 -0.00204357 0.999713 -323.294 0 0 0 1 
34562489690157;0.159263;0.165385;0.995574 -0.000783484 0.0939734 9399.31 0.00157894 0.999964 -0.00839065 -814.48 -0.0939634 0.0085019 0.995539 -2398.41 0 0 0 1 
34562489690158;0.105511;0.181315;0.999734 0.000131807 0.0230614 -875.952 -8.27633e-05 0.999998 -0.00212758 76.2681 -0.0230616 0.00212511 0.999732 -898.445 0 0 0 1 
34562489690159;0.266866;0.31578;1 -5.77038e-09 2.12836e-07 0.0205552 5.77038e-09 1 3.39648e-08 0.921935 -2.12836e-07 -3.39648e-08 1 -0.253947 0 0 0 1 
34562489690160;0.0473697;0.0641961;0.999926 5.11726e-05 0.0121283 -361.489 -3.83238e-05 0.999999 -0.00105964 31.698 -0.0121284 0.00105909 0.999926 -1.93223 0 0 0 1 
34562489690161;0.216211;0.222839;1 -5.70851e-08 -1.33728e-06 0.365053 5.70851e-08 1 5.18227e-09 0.435801 1.33728e-06 -5.18235e-09 1 -0.6504 0 0 0 1 
34562489690162;0.156911;0.269849;0.999827 2.08025e-05 0.0186057 -46.8937 9.38698e-06 0.999999 -0.0016225 4.43884 -0.0186058 0.0016224 0.999826 15.9804 0 0 0 1 
34562489690163;0.149607;0.243438;0.998548 0.000118967 0.053872 55.4149 0.000134442 0.999989 -0.00470026 -2.16856 -0.0538719 0.00470068 0.998537 21.8022 0 0 0 1 
34562489690164;0.334807;0.352718;1 1.60817e-08 3.18492e-07 0.132397 -1.60817e-08 1 -1.3687e-08 0.0815678 -3.18492e-07 1.3687e-08 1 0.0775211 0 0 0 1 
34562489690165;0.385816;0.421086;0.986003 0.00144041 0.166724 -1779.93 0.00129971 0.999866 -0.0163248 168.98 -0.166725 0.016313 0.985868 -14130.2 0 0 0 1 
34562489690166;0.333068;0.38948;0.995743 0.000436282 0.0921712 -532.219 0.000303042 0.999968 -0.00800706 48.0557 -0.0921717 0.00800091 0.995711 373.812 0 0 0 1 
34562489690167;0.363242;0.416242;1 1.66664e-09 2.88511e-07 0.0828432 -1.66665e-09 1 2.36716e-08 0.568423 -2.88511e-07 -2.36716e-08 1 -0.177194 0 0 0 1 
34562489690168;0.405801;0.264208;0.998286 0.000162799 -0.0585279 -96.1042 0.000135736 0.999987 0.00509672 10.0305 0.058528 -0.00509592 0.998273 -114.502 0 0 0 1 
34562489690169;0.233383;0.294015;0.999109 7.57869e-05 -0.0421932 21.6093 7.96808e-05 0.999993 0.00368297 -1.22377 0.0421932 -0.00368305 0.999103 -6.69292 0 0 0 1 
34562489690170;0.111556;0.0945012;1 4.80278e-09 1.53895e-07 0.072981 -4.80278e-09 1 1.1176e-08 0.138236 -1.53895e-07 -1.1176e-08 1 -0.108911 0 0 0 1 
34562489690171;0.0960451;0.232954;0.999385 6.80489e-05 -0.0350554 -110.529 4.5211e-05 0.999995 0.00323008 11.1972 0.0350555 -0.00322968 0.99938 1359.43 0 0 0 1 
34562489690172;0.321124;0.361603;0.997022 0.000304341 0.0771139 -366.739 0.000221918 0.999977 -0.00681577 33.626 -0.0771142 0.00681259 0.996999 -643.441 0 0 0 1 
34562489690173;0.268086;0.252455;1 1.18554e-09 6.02659e-07 0.236355 -1.18552e-09 1 -2.32535e-08 0.111822 -6.02659e-07 2.32535e-08 1 0.952429 0 0 0 1 
34562489690174;0.189053;0.267378;0.998861 9.65578e-05 0.0477063 16.0048 0.000102273 0.999991 -0.00416534 -0.452371 -0.0477063 0.00416547 0.998853 -2.75124 0 0 0 1 
34562489690175;0.133957;0.216813;0.999825 8.33672e-05 0.0187336 -549.084 -5.16937e-05 0.999999 -0.00169121 47.6448 -0.0187337 0.00168995 0.999823 -437.239 0 0 0 1 
34562489690176;0.144022;0.237637;0.999476 4.90737e-05 0.0323678 -30.6439 4.51684e-05 0.999996 -0.00291086 2.12155 -0.0323678 0.0029108 0.999472 -682.389 0 0 0 1 
34562489690177;0.320514;0.38428;1 3.03522e-09 3.61652e-06 0.450263 -3.0343e-09 1 -2.54294e-07 0.449927 -3.61652e-06 2.54294e-07 1 0.466696 0 0 0 1 
34562489690178;0.353901;0.538111;0.994172 0.00050777 -0.1078 23.6665 0.000509387 0.999956 0.00940787 0.611787 0.1078 -0.00940796 0.994128 -30.8652 0 0 0 1 
34562489690179;0.0142393;0.0476144;0.999996 8.32652e-07 0.00277699 -4.07775 -1.59804e-07 1 -0.000242294 0.378359 -0.00277699 0.000242293 0.999996 1.2762 0 0 0 1 
34562489690180;0.106434;0.210929;0.998171 0.00110572 -0.0604416 -7602.48 -0.000809323 0.999988 0.00492815 666.166 0.0604463 -0.00487022 0.99816 -3275.88 0 0 0 1 
34562489690181;0.139987;0.10676;0.999983 4.31541e-07 0.00582091 7.51659 2.52571e-06 1 -0.000508031 -0.300521 -0.00582091 0.000508037 0.999983 1.7218 0 0 0 1 
34562489690182;0.247912;0.50842;0.991976 0.000696741 -0.126427 49.2611 0.000703987 0.999939 0.0110343 -1.84032 0.126427 -0.0110348 0.991915 -26.0814 0 0 0 1 
34562489690183;0.115667;0.238473;1 1.41786e-08 4.94379e-07 0.176322 -1.41787e-08 1 3.10248e-08 0.774523 -4.94379e-07 -3.10248e-08 1 -0.218864 0 0 0 1 
34562489690184;0.228068;0.259417;1 2.56812e-08 2.86449e-07 0.236747 -2.56812e-08 1 -1.42408e-08 0.0966409 -2.86449e-07 1.42408e-08 1 0.0775 0 0 0 1 
34562489690186;0.0711037;0.155904;0.999998 6.05273e-06 0.00211834 -46.8244 -5.65501e-06 1 -0.00018776 2.48872 -0.00211834 0.000187747 0.999998 -22.9982 0 0 0 1 
34562489690187;0.0441165;0.0588925;0.999563 3.765e-05 0.0295696 -0.276751 3.86607e-05 0.999997 -0.00258014 -0.333732 -0.0295696 0.00258015 0.999559 10.0462 0 0 0 1 
34562489690188;0.231973;0.242878;0.99806 0.000242791 -0.0622606 -581.092 0.000101853 0.999985 0.00553227 52.8819 0.062261 -0.00552788 0.998045 743.38 0 0 0 1 
34562489690189;0.393005;0.50975;0.995232 0.000406286 -0.0975358 93.7391 0.000426809 0.999964 0.0085204 -4.23873 0.0975358 -0.00852141 0.995196 51.4137 0 0 0 1 
34562489690190;0.219538;0.286289;0.999603 1.39103e-05 -0.0281588 170.63 5.66314e-05 0.999997 0.00250434 -12.9606 0.0281587 -0.00250494 0.9996 374.89 0 0 0 1 
34562489690191;0.389147;0.917958;1 1.51761e-07 -1.62552e-07 0.582922 -1.51761e-07 1 -6.63052e-08 -9.07435 1.62552e-07 6.63052e-08 1 0.318716 0 0 0 1 
34562489690192;0.192134;0.206911;1 3.75972e-07 4.9187e-06 -2.5458 -3.7597e-07 1 -5.48579e-07 -0.206544 -4.9187e-06 5.48577e-07 1 -1.07059 0 0 0 1 
34562489690193;0.281462;0.285462;0.999517 2.72219e-05 -0.0310615 123.932 5.71365e-05 0.999996 0.00271496 -10.0549 0.0310615 -0.00271543 0.999514 29.0636 0 0 0 1 
34562489690194;0.204314;0.333266;0.998156 -0.000128848 0.0607072 2322.33 0.000457775 0.999985 -0.00540438 -206.038 -0.0607057 0.0054222 0.998141 -985.393 0 0 0 1 
34562489690195;0.157469;0.773854;0.998497 0.000291537 -0.0547974 -1282.24 -1.30383e-05 0.999987 0.00508262 121.674 0.0547982 -0.00507427 0.998485 2334.73 0 0 0 1 
34562489690196;0.0529904;0.0792611;0.999996 -1.51149e-06 -0.00294428 15.5567 2.26777e-06 1 0.000256858 -0.591133 0.00294428 -0.000256864 0.999996 -2.30961 0 0 0 1 
34562489690197;0.438295;1.01546;1 1.67453e-07 -6.99944e-07 0.365793 -1.67453e-07 1 -8.32732e-08 -10.0064 6.99944e-07 8.32733e-08 1 0.273101 0 0 0 1 
34562489690198;0.0525853;0.0402461;0.999989 1.8929e-06 -0.00466633 -6.4993 7.21056e-09 1 0.000407197 1.4923 0.00466633 -0.000407193 0.999989 -1.69139 0 0 0 1 
34562489690199;0.186435;0.421235;0.999275 8.48754e-05 -0.0380725 -168.39 4.28737e-05 0.999994 0.00335459 18.4344 0.0380726 -0.00335379 0.999269 241.528 0 0 0 1 
34562489690200;0.246291;0.219246;0.999942 7.08759e-06 -0.0107295 -14.5326 2.95644e-06 1 0.000936099 1.53814 0.0107295 -0.000936077 0.999942 -4.60583 0 0 0 1 
34562489690201;0.100046;0.626881;0.999995 -3.94736e-05 0.00331084 320.342 4.04706e-05 1 -0.000301064 -35.8041 -0.00331083 0.000301196 0.999994 -97.5781 0 0 0 1 
34562489690202;0.155088;0.153703;1 2.53394e-06 -3.65463e-05 -19.9247 -2.53381e-06 1 3.57194e-06 2.17189 3.65463e-05 -3.57184e-06 1 2.66538 0 0 0 1 
34562489690203;0.0877176;0.366426;1 1.70493e-05 1.84005e-05 -136.118 -1.70493e-05 1 2.27812e-06 17.0053 -1.84004e-05 -2.27844e-06 1 31.9055 0 0 0 1 
34562489690204;0.244178;0.359837;0.997065 0.000403588 0.0765567 -1196.71 0.000133905 0.999975 -0.00701558 101.816 -0.0765577 0.00700524 0.997041 -2586.85 0 0 0 1 
34562489690205;0.481854;0.392704;0.998868 0.000103361 -0.0475707 -27.8963 9.43219e-05 0.999991 0.00415329 2.19711 0.0475708 -0.00415308 0.998859 -0.759282 0 0 0 1 
34562489690206;0.097924;0.471874;0.998667 9.26375e-05 0.0516173 183.11 0.000141024 0.99999 -0.00452314 -21.9245 -0.0516172 0.00452439 0.998657 -146.428 0 0 0 1 
34562489690207;0.417969;0.376331;0.997723 0.000359639 -0.0674422 -1284.12 6.01708e-05 0.999981 0.0062226 113.872 0.0674432 -0.00621249 0.997704 2610.97 0 0 0 1 
34562489690208;0.41666;0.380517;0.999845 2.38487e-05 -0.0175838 -79.1261 3.09929e-06 0.999999 0.00153251 5.32864 0.0175838 -0.00153233 0.999844 -22.3889 0 0 0 1 
34562489690209;0.102897;0.0688899;0.999847 0.000105353 -0.0174986 -737.188 -7.7988e-05 0.999999 0.00156455 64.6327 0.0174987 -0.00156294 0.999846 283.131 0 0 0 1 
34562489690210;0.0465566;0.408212;0.999778 4.25197e-05 0.0210937 -188.862 -2.62459e-06 0.999998 -0.00189135 11.2795 -0.0210938 0.00189087 0.999776 -397.955 0 0 0 1 
34562489690211;0.156365;0.177603;1 4.4937e-06 -0.000340563 -35.2674 -4.48489e-06 1 2.58702e-05 1.86091 0.000340563 -2.58686e-05 1 -30.8904 0 0 0 1 
34562489690212;0.249667;0.303742;0.999993 4.24028e-06 0.00365168 -28.9112 -3.07868e-06 1 -0.000318107 1.35158 -0.00365168 0.000318094 0.999993 5.53078 0 0 0 1 
34562489690213;0.302086;0.3253;0.999656 3.36653e-05 0.0262145 -33.0409 2.63248e-05 0.999997 -0.00228809 1.71682 -0.0262145 0.00228799 0.999654 4.74281 0 0 0 1 
34562489690214;0.0408606;0.0618479;1 -1.57134e-06 -0.000352466 12.7323 1.58224e-06 1 3.09354e-05 -0.600336 0.000352466 -3.09359e-05 1 0.975761 0 0 0 1 
34562489690215;0.322976;0.337592;1 -2.31081e-06 4.31157e-05 18.3706 2.31064e-06 1 4.13592e-06 -0.575419 -4.31157e-05 -4.13582e-06 1 63.242 0 0 0 1 
34562489690217;0.345856;0.220455;0.999936 3.8864e-06 0.011278 11.1475 7.21175e-06 1 -0.000984015 -1.04609 -0.011278 0.000984033 0.999936 6.16216 0 0 0 1 
34562489690218;0.369096;0.313954;1 -4.40958e-08 -2.26337e-06 0.0389956 4.40962e-08 1 1.60374e-07 -0.188635 2.26337e-06 -1.60374e-07 1 -0.351251 0 0 0 1 
34562489690219;0.344434;0.408186;0.999639 2.93127e-05 -0.0268574 20.8369 3.36411e-05 0.999997 0.00234355 -1.86922 0.0268574 -0.00234361 0.999637 -10.9446 0 0 0 1 
34562489690220;0.281678;0.279922;0.991766 0.000488761 -0.128059 1870.16 0.000753687 0.999953 0.00965351 -153.684 0.128058 -0.00967054 0.99172 -12154.3 0 0 0 1 
34562489690221;0.2479;1.07633;0.996326 0.000307634 -0.0856397 114.988 0.000333796 0.999972 0.00747544 -10.6132 0.0856396 -0.00747657 0.996298 -8.06044 0 0 0 1 
34562489690222;0.309448;0.439793;0.998265 0.000145413 -0.0588834 56.0233 0.000157509 0.999987 0.00513977 -4.7666 0.0588833 -0.00514012 0.998252 -10.6916 0 0 0 1 
34562489690223;0.503992;0.496336;0.97482 0.00218732 -0.222983 120.471 0.00220836 0.999808 0.0194618 -10.9059 0.222983 -0.0194642 0.974628 -40.9577 0 0 0 1 
34562489690224;0.505738;0.358936;0.998399 0.000132025 -0.0565607 69.2534 0.000147463 0.999988 0.00493717 -6.17614 0.0565607 -0.0049376 0.998387 -8.45143 0 0 0 1 
34562489690225;0.255572;0.502138;0.99389 0.000522701 0.110372 70.2277 0.000544073 0.999953 -0.00963489 -6.41888 -0.110372 0.00963608 0.993844 9.28942 0 0 0 1 
34562489690226;0.59187;0.642804;0.982717 0.00150258 -0.185107 77.0671 0.00151483 0.999868 0.0161584 -7.27053 0.185107 -0.0161595 0.982586 -21.544 0 0 0 1 
34562489690227;0.535961;0.607224;0.99344 0.00056319 -0.114352 91.4954 0.000582269 0.99995 0.00998332 -7.5446 0.114352 -0.00998441 0.99339 -1.2366 0 0 0 1 
34562489690228;0.492348;0.96246;0.988483 0.000995472 -0.151326 100.563 0.00101537 0.999912 0.0132103 -8.4944 0.151326 -0.0132119 0.988396 -7.40284 0 0 0 1 
34562489690229;0.377629;0.375897;0.998761 0.000108802 -0.0497582 1.63861 0.00010733 0.999991 0.00434097 -0.330987 0.0497582 -0.00434093 0.998752 -29.0677 0 0 0 1 
34562489690230;0.309344;0.799747;0.988018 -0.00176031 -0.154328 22600.5 0.00377787 0.999911 0.0127809 -1939.65 0.154292 -0.0132108 0.987937 -2099.1 0 0 0 1 
34562489690231;0.422227;0.614101;0.999539 3.65713e-05 0.0303499 24.2524 4.37935e-05 0.999996 -0.00264728 -1.98799 -0.0303498 0.00264739 0.999536 22.4483 0 0 0 1 
34562489690232;0.215127;0.319907;1 -4.38872e-07 0.000283867 3.0843 4.45818e-07 1 -2.44665e-05 -0.345561 -0.000283867 2.44666e-05 1 2.55165 0 0 0 1 
34562489690233;0.420689;0.406134;0.999844 1.31062e-05 -0.0176857 6.75448 1.42005e-05 0.999999 0.00154387 -0.749892 0.0176857 -0.00154388 0.999842 -2.9972 0 0 0 1 
34562489690234;0.244511;0.599961;0.999488 3.95127e-05 -0.0320043 45.0928 4.99282e-05 0.999996 0.00279385 -3.61325 0.0320043 -0.00279402 0.999484 -3.63933 0 0 0 1 
34562489690235;0.305129;0.157013;0.999902 1.12271e-05 0.0140297 -23.6314 5.99314e-06 0.999999 -0.00122737 2.68824 -0.0140297 0.00122733 0.999901 -18.0506 0 0 0 1 
34562489690236;0.196522;0.464371;0.995293 0.000401122 0.0969144 65.0628 0.000420451 0.999964 -0.00845674 -5.29334 -0.0969143 0.00845767 0.995257 35.7242 0 0 0 1 
34562489690237;0.236663;1.08542;0.994238 0.000491956 -0.107195 102.075 0.000514317 0.999956 0.00935943 -8.9586 0.107195 -0.00936063 0.994194 7.98489 0 0 0 1 
34562489690238;0.36003;0.41893;1 -3.35653e-08 1.55763e-07 -0.263111 3.35653e-08 1 1.02282e-08 0.082425 -1.55763e-07 -1.02282e-08 1 -0.0984401 0 0 0 1 
34562489690239;0.243492;0.207827;1 -2.01256e-06 -0.000660274 15.599 2.04823e-06 1 5.40174e-05 -1.60049 0.000660274 -5.40188e-05 1 -28.679 0 0 0 1 
34562489690240;0.35283;0.23439;0.999998 -5.25084e-07 -0.00183168 5.28567 8.16588e-07 1 0.000159145 -1.61894 0.00183168 -0.000159146 0.999998 -6.83888 0 0 0 1 
34562489690241;0.379757;0.951637;0.992813 0.000612503 0.119678 102.344 0.000642326 0.999945 -0.0104462 -8.65417 -0.119678 0.010448 0.992758 14.2167 0 0 0 1 
34562489690242;0.378853;0.491314;0.950649 0.00428797 0.31024 125.504 0.00433027 0.999624 -0.0270853 -10.4375 -0.310239 0.027092 0.950272 -21.2024 0 0 0 1 
34562489690243;0.301434;0.688506;0.999999 -2.0053e-06 0.00137947 15.2289 2.17163e-06 1 -0.000120572 -0.703568 -0.00137947 0.000120575 0.999999 -0.968366 0 0 0 1 
34562489690244;0.500189;0.516943;1 -9.75141e-09 -1.49518e-07 -0.0558992 9.75141e-09 1 9.69066e-09 0.00483033 1.49518e-07 -9.69066e-09 1 -0.0527314 0 0 0 1 
34562489690245;0.271456;0.184283;0.999865 1.06899e-05 0.0164052 5.87328 1.28047e-05 0.999999 -0.00143204 -0.0901134 -0.0164052 0.00143206 0.999864 3.3753 0 0 0 1 
34562489690246;0.262584;0.447433;0.999492 3.94111e-05 -0.0318715 43.2496 4.92957e-05 0.999996 0.00278248 -3.64725 0.0318715 -0.00278263 0.999488 -1.79382 0 0 0 1 
34562489690248;0.122472;0.209847;0.998291 2.32634e-05 0.0584446 1006 0.000271149 0.999987 -0.00502953 -86.6908 -0.058444 0.00503678 0.998278 534.938 0 0 0 1 
34562489690249;0.236877;0.468278;0.976629 0.00225696 -0.214919 -1707.66 0.00191561 0.999814 0.0192044 152.602 0.214922 -0.0191672 0.976443 3228.22 0 0 0 1 
34562489690250;0.361013;0.425797;0.997284 0.000241445 0.0736474 -44.1573 0.000232581 0.999979 -0.00642779 2.75901 -0.0736475 0.00642746 0.997264 26.4411 0 0 0 1 
34562489690251;0.0844088;0.0653619;0.999536 3.99813e-05 -0.0304526 8.82875 4.09683e-05 0.999996 0.00265759 -0.678928 0.0304526 -0.00265761 0.999533 -11.1825 0 0 0 1 
34562489690252;0.195046;0.43022;1 -1.11762e-06 -0.000232431 10.1127 1.1224e-06 1 2.05623e-05 1.05804 0.000232431 -2.05626e-05 1 2.32304 0 0 0 1 
34562489690253;0.120903;0.234079;0.995306 0.000416963 0.0967761 -69.7753 0.000402405 0.999964 -0.00844697 5.27815 -0.0967761 0.00844626 0.99527 32.4973 0 0 0 1 
34562489690254;0.246774;0.317907;1 7.36301e-08 -3.33685e-07 0.576322 -7.36301e-08 1 -2.37724e-08 -0.496975 3.33685e-07 2.37724e-08 1 0.160476 0 0 0 1 
34562489690255;0.134202;0.146767;0.999906 -6.9199e-05 0.0137129 621.142 8.60718e-05 0.999999 -0.00122985 -54.7063 -0.0137128 0.00123092 0.999905 -270.532 0 0 0 1 
34562489690256;0.130561;0.221574;0.999243 6.98217e-05 0.0389137 -33.2565 6.23123e-05 0.999994 -0.00339434 3.43038 -0.0389137 0.0033942 0.999237 29.8558 0 0 0 1 
34562489690257;0.163799;0.228547;0.999901 1.22874e-05 -0.0140874 -26.6553 5.02309e-06 0.999999 0.00122876 3.51183 0.0140874 -0.00122871 0.9999 -11.489 0 0 0 1 
34562489690258;0.294851;0.331157;0.973372 0.000996644 -0.22923 10722.5 0.00340329 0.999818 0.0187983 -927.819 0.229207 -0.0190778 0.973191 -7525.41 0 0 0 1 
34562489690259;0.334686;0.808098;1 1.72393e-07 -6.8659e-08 1.11642 -1.72393e-07 1 -3.32387e-08 -4.41729 6.8659e-08 3.32387e-08 1 0.139831 0 0 0 1 
