#;prob_registration_l1 -r /home/probabilistic_point_clouds_registration/build/tester /home/point_clouds_registration_benchmark//devel/registration_pairs/wood_autumn_local.txt /home/point_clouds_registration_benchmark//eth/wood_autumn -s 0.2 -t 0.2 -p 0.3 -r 1000 -m 15 -i 40 
id;initial_error;final_error;transformation
26875431820000;0.498992;0.482516;0.993021 0.10073 -0.0613469 0.415605 -0.0994182 0.994754 0.024073 0.415449 0.0634499 -0.017806 0.997826 -0.532017 0 0 0 1 
26875431820001;0.336145;0.0268872;0.911472 0.320747 -0.257565 0.702724 -0.288686 0.9448 0.154962 0.869091 0.293051 -0.066888 0.953754 -0.770771 0 0 0 1 
26875431820002;0.60541;0.22969;0.964987 0.189034 -0.181841 0.512256 -0.18302 0.981864 0.0494599 0.613555 0.187893 -0.0144477 0.982083 -1.15214 0 0 0 1 
26875431820003;0.366204;0.02579;0.993429 0.101359 -0.0531607 -0.151925 -0.0989747 0.994039 0.0457126 -0.107577 0.0574772 -0.0401506 0.997539 -0.534208 0 0 0 1 
26875431820004;0.698046;0.0287237;0.955466 -0.295091 -0.00237972 0.857383 0.294999 0.954895 0.0339409 -1.26773 -0.00774326 -0.0331314 0.999421 0.410733 0 0 0 1 
26875431820005;0.325213;0.0317854;0.920007 -0.240202 0.309661 -0.375657 0.272742 0.959836 -0.0657807 -0.693065 -0.281423 0.144976 0.948569 0.993899 0 0 0 1 
26875431820006;0.554876;0.030848;0.999993 -0.000526806 0.00369967 -0.273682 0.00053067 0.999999 -0.00104354 0.695426 -0.00369912 0.0010455 0.999993 0.572193 0 0 0 1 
26875431820007;0.383756;0.374753;0.999679 0.0105721 -0.023033 0.0209749 -0.00889668 0.997389 0.0716667 0.0640817 0.0237306 -0.0714387 0.997163 0.0444243 0 0 0 1 
26875431820008;0.203498;0.0302823;0.966364 0.0509007 -0.252092 0.110797 -0.0284384 0.995356 0.0919607 0.0963972 0.255602 -0.0816984 0.963324 -0.977024 0 0 0 1 
26875431820009;0.180609;0.0238443;0.97872 -0.156409 -0.132828 0.117605 0.152904 0.987576 -0.0362533 -0.353025 0.136848 0.015172 0.990476 -0.383945 0 0 0 1 
26875431820010;0.462102;0.0326989;0.960209 -0.14156 -0.240749 0.718983 0.147747 0.988995 0.00774909 -0.741618 0.237003 -0.0430106 0.970556 -0.922175 0 0 0 1 
26875431820011;0.575398;0.352156;0.982545 0.0424167 0.181123 0.231905 -0.0532508 0.997045 0.0553765 0.150338 -0.178239 -0.0640549 0.9819 0.984538 0 0 0 1 
26875431820012;0.688058;0.592537;0.998679 0.0249169 -0.044941 0.213943 -0.0228061 0.99864 0.0468841 -0.102628 0.0460481 -0.0457972 0.997889 -0.166591 0 0 0 1 
26875431820013;0.421251;0.35627;0.998037 -0.0625885 -0.00196164 0.0338511 0.0625695 0.998004 -0.00857553 -0.234684 0.00249445 0.00843596 0.999961 -0.204028 0 0 0 1 
26875431820014;0.330264;0.0302221;0.952123 -0.298245 0.0671741 -0.432458 0.298896 0.954286 0.000366178 -1.12657 -0.0642125 0.0197295 0.997741 0.166673 0 0 0 1 
26875431820015;0.226693;0.180046;0.999152 0.0378232 0.0162829 -0.010233 -0.0370404 0.998257 -0.0459527 0.197645 -0.0179926 0.0453106 0.998811 0.134231 0 0 0 1 
26875431820016;0.538469;0.29923;0.985684 -0.0132419 0.16808 0.66103 0.00884512 0.9996 0.0268806 0.423477 -0.168368 -0.0250091 0.985407 0.358893 0 0 0 1 
26875431820017;0.524419;0.0282585;0.983203 -0.158798 -0.0899765 -0.0167188 0.141787 0.974957 -0.171332 -0.418132 0.11493 0.155697 0.981096 0.555307 0 0 0 1 
26875431820018;0.579586;0.0342847;0.979669 0.0393683 -0.196722 0.388653 -0.0617597 0.99212 -0.109017 -0.0520096 0.19088 0.11895 0.97438 0.3557 0 0 0 1 
26875431820019;0.351798;0.0298118;0.979258 0.0929103 -0.180059 0.252615 -0.0959034 0.995359 -0.00796966 0.583498 0.178483 0.0250727 0.983623 -0.938964 0 0 0 1 
26875431820020;0.0809749;0.0286345;0.994747 -0.102016 0.00839225 -0.0948481 0.102188 0.994486 -0.0235657 -0.307136 -0.0059419 0.0242995 0.999687 0.00239494 0 0 0 1 
26875431820021;0.644904;0.0323847;0.946714 0.0884073 -0.309703 1.17085 -0.00765254 0.967492 0.252786 0.0861501 0.321983 -0.236946 0.916615 -0.651157 0 0 0 1 
26875431820022;0.0317767;0.0268577;0.999517 0.0289163 0.0114161 -0.0228321 -0.0288657 0.999573 -0.00457149 0.108165 -0.0115434 0.00423974 0.999924 0.0695481 0 0 0 1 
26875431820023;0.284901;0.0325324;0.997521 -0.0703632 -0.00125496 0.366833 0.0703738 0.997287 0.0216093 -0.29015 -0.000268949 -0.0216441 0.999766 -0.039456 0 0 0 1 
26875431820024;0.398113;0.0367773;0.997288 0.00547295 -0.0733952 0.334338 -0.00677281 0.999824 -0.0174732 0.447004 0.0732867 0.0179229 0.99715 -0.563926 0 0 0 1 
26875431820025;0.5828;0.312419;0.979466 -0.194905 -0.0515553 0.192791 0.194997 0.980798 -0.00329413 -0.905707 0.0512074 -0.00682663 0.998665 0.41336 0 0 0 1 
26875431820026;0.630426;0.0237583;0.980647 0.195433 0.0117336 -0.270772 -0.195454 0.980713 0.000591816 0.526838 -0.0113917 -0.00287374 0.999931 0.934263 0 0 0 1 
26875431820027;0.464713;0.0277411;0.994382 0.10579 0.00359272 0.220082 -0.105847 0.993466 0.0426886 0.458531 0.000946809 -0.0428291 0.999082 0.673573 0 0 0 1 
26875431820028;0.337162;0.0278792;0.999935 -0.0113012 -0.00142291 -0.451381 0.0113527 0.998978 0.0437588 -0.347473 0.000926927 -0.0437721 0.999041 0.232485 0 0 0 1 
26875431820029;0.206492;0.027391;0.999591 0.0110027 0.0264065 -0.31649 -0.00933842 0.998011 -0.0623406 -0.0869343 -0.0270399 0.0620685 0.997706 0.242332 0 0 0 1 
26875431820031;0.22611;0.0155816;0.972797 0.0964772 0.210612 -0.172142 -0.118084 0.988684 0.0925211 0.353354 -0.199303 -0.114874 0.973182 0.899199 0 0 0 1 
26875431820032;0.537519;0.361681;0.980454 -0.130061 -0.147632 0.508156 0.130517 0.991424 -0.00663352 -0.603154 0.147228 -0.0127646 0.98902 -0.664279 0 0 0 1 
26875431820033;0.515263;0.0121305;0.996843 0.02746 -0.0745002 -0.104035 -0.00654893 0.96353 0.26752 -0.760361 0.0791292 -0.266187 0.960668 -1.0091 0 0 0 1 
26875431820034;0.18246;0.0176355;0.994178 0.01452 -0.10677 -0.172236 -0.0131332 0.99982 0.0136801 0.0206141 0.10695 -0.0121982 0.99419 -0.308977 0 0 0 1 
26875431820035;0.31218;0.170128;0.993479 0.0513912 0.10178 -0.0757947 -0.0572682 0.996805 0.0556858 -0.0162246 -0.0985932 -0.0611514 0.993247 0.648481 0 0 0 1 
26875431820036;0.352511;0.0287016;0.962752 -0.258312 0.0798999 -0.026986 0.270373 0.922687 -0.274857 -0.834236 -0.00272368 0.286222 0.958159 -0.186375 0 0 0 1 
26875431820037;0.447509;0.0145726;0.996825 -0.0794975 -0.00456549 0.321877 0.079537 0.996789 0.00922613 -0.813506 0.00381738 -0.00955996 0.999947 -0.773167 0 0 0 1 
26875431820038;0.350569;0.321036;0.999323 -0.0354644 -0.00980541 0.0205324 0.0351772 0.998987 -0.0280559 -0.144233 0.0107905 0.027692 0.999558 -0.0841869 0 0 0 1 
26875431820039;0.337073;0.0111764;0.971379 -0.216581 0.09755 0.0766261 0.181403 0.941512 0.283984 -1.19881 -0.15335 -0.258161 0.953854 1.2681 0 0 0 1 
26875431820040;0.229197;0.0147381;0.981792 -0.188003 -0.0271987 0.238363 0.1775 0.958943 -0.221181 -0.50873 0.0676647 0.212326 0.974853 -0.359481 0 0 0 1 
26875431820041;0.10838;0.012898;0.997976 0.0635165 0.00321808 -0.0441431 -0.0635221 0.997979 0.00165861 0.176195 -0.00310623 -0.00185967 0.999993 0.177665 0 0 0 1 
26875431820042;0.455772;0.185715;0.931344 -0.345938 0.113692 0.350828 0.359083 0.924354 -0.128951 -1.73837 -0.0604828 0.160922 0.985112 0.635336 0 0 0 1 
26875431820043;0.274946;0.0160307;0.978935 0.106132 0.174418 -0.16259 -0.128622 0.98402 0.123134 0.269334 -0.158562 -0.142974 0.976942 1.12498 0 0 0 1 
26875431820044;0.287192;0.0204897;0.999323 0.000874826 0.0367894 0.0733156 -0.000621138 0.999976 -0.00690656 0.556372 -0.0367945 0.00687903 0.999299 0.282085 0 0 0 1 
26875431820045;0.572084;0.00971148;0.98516 0.0690051 -0.157154 0.717042 -0.00529746 0.92741 0.374009 -0.883855 0.171555 -0.367626 0.914013 -1.14381 0 0 0 1 
26875431820046;0.148614;0.011573;0.997724 -0.0632579 -0.0233649 0.0458451 0.0666946 0.976848 0.20327 -0.574236 0.00996554 -0.204366 0.978844 0.0598254 0 0 0 1 
26875431820047;0.191966;0.0156587;0.989187 0.146461 0.00761244 -0.0708576 -0.14326 0.976072 -0.163585 0.874288 -0.031389 0.160725 0.9865 0.301113 0 0 0 1 
26875431820048;0.552949;0.0718223;0.930006 0.353779 0.0996479 -0.147933 -0.335929 0.928179 -0.160108 1.84057 -0.149134 0.115427 0.982057 -0.0720965 0 0 0 1 
26875431820049;0.452544;0.210776;0.963765 0.234326 0.127472 -0.187809 -0.227419 0.971525 -0.066488 0.990079 -0.139423 0.0350892 0.989611 1.04543 0 0 0 1 
26875431820050;0.381287;0.0152292;0.958114 0.233907 0.165242 -0.0996155 -0.241722 0.969924 0.0285944 0.861194 -0.153584 -0.0673392 0.985838 1.27661 0 0 0 1 
26875431820051;0.357531;0.0139238;0.973037 -0.0745387 -0.218275 0.723885 0.0667146 0.996845 -0.0430086 -0.127258 0.220792 0.0272869 0.974939 -0.610831 0 0 0 1 
26875431820052;0.469273;0.0161541;0.964147 0.145298 -0.222058 0.535113 -0.203972 0.941045 -0.26987 1.86563 0.169755 0.305487 0.936942 -1.05281 0 0 0 1 
26875431820053;0.393672;0.00591558;0.993416 0.0287158 0.110909 0.687722 -0.0468371 0.985278 0.164421 -0.0401389 -0.104554 -0.168533 0.980135 0.53861 0 0 0 1 
26875431820054;0.384531;0.0145229;0.931086 0.226907 -0.285642 0.708485 -0.148405 0.950893 0.271623 0.360565 0.333249 -0.210514 0.919037 -1.41743 0 0 0 1 
26875431820055;0.28566;0.0142194;0.97925 -0.193785 -0.0593003 0.48775 0.196647 0.97935 0.0469367 -1.1698 0.0489802 -0.0576239 0.997136 0.123063 0 0 0 1 
26875431820056;0.596591;0.0121588;0.918779 -0.290963 0.266807 -0.00645895 0.334465 0.932751 -0.134568 -1.33123 -0.20971 0.212876 0.954309 0.0649611 0 0 0 1 
26875431820057;0.446113;0.28737;0.981979 -0.171068 0.0803275 0.379343 0.172166 0.985044 -0.00689097 -0.928934 -0.0779473 0.0205964 0.996745 0.55811 0 0 0 1 
26875431820058;0.224686;0.0178574;0.99944 -0.0149251 -0.0299456 -0.0815452 0.0175848 0.995731 0.0906166 -0.247139 0.0284652 -0.0910924 0.995436 0.326378 0 0 0 1 
26875431820059;0.444316;0.0148116;0.954873 -0.172314 0.24192 -0.47534 0.174114 0.984625 0.0140864 -0.636636 -0.240627 0.028671 0.970194 0.77091 0 0 0 1 
26875431820060;0.410765;0.137906;0.997632 0.0161072 0.066867 0.234347 -0.0329089 0.965471 0.258423 -0.278415 -0.0603957 -0.260012 0.963715 0.849933 0 0 0 1 
26875431820062;0.368904;0.0098389;0.952974 0.180281 0.243597 0.437846 -0.229943 0.953728 0.193726 0.511987 -0.1974 -0.240629 0.950332 0.388988 0 0 0 1 
26875431820063;0.231158;0.0128968;0.956265 -0.0751514 -0.282681 0.435728 0.114651 0.985398 0.125877 -0.609704 0.269094 -0.152782 0.950919 -1.12276 0 0 0 1 
26875431820064;0.204838;0.0122751;0.99769 -0.00763227 0.0675008 0.0739571 -0.00156756 0.990817 0.1352 0.275977 -0.0679128 -0.134994 0.988516 0.104361 0 0 0 1 
26875431820065;0.171053;0.0145412;0.998295 0.0537422 0.022779 -0.0822748 -0.0529161 0.99797 -0.0354386 -0.0339035 -0.0246373 0.0341728 0.999112 0.0178016 0 0 0 1 
26875431820066;0.341828;0.0168871;0.888882 0.453539 -0.0647407 0.888056 -0.451318 0.891155 0.0464262 1.86169 0.0787501 -0.0120488 0.996822 -0.311274 0 0 0 1 
26875431820067;0.359104;0.0101836;0.999758 0.0099716 -0.019588 -0.21364 -0.0099525 0.99995 0.00107219 0.362867 0.0195977 -0.000876985 0.999808 0.589519 0 0 0 1 
26875431820068;0.231956;0.00870601;0.999762 -0.0214684 0.00388916 0.0443196 0.0214523 0.999761 0.00413594 -0.113809 -0.00397702 -0.00405153 0.999984 0.517129 0 0 0 1 
26875431820069;0.168442;0.0131816;0.984215 -0.155247 0.0849679 0.0782973 0.15807 0.987044 -0.0275204 -0.771277 -0.0795946 0.0405168 0.996004 0.492593 0 0 0 1 
26875431820070;0.120851;0.0118661;0.987618 0.13375 -0.0819846 0.254077 -0.128659 0.989586 0.0645394 0.49286 0.089763 -0.0531922 0.994542 -0.421932 0 0 0 1 
26875431820071;0.559761;0.00797418;0.940451 -0.339533 0.0163737 0.99577 0.339435 0.940591 0.00855897 -1.29254 -0.018307 -0.00249151 0.999829 0.41275 0 0 0 1 
26875431820072;0.11141;0.0140101;0.998684 -0.0510798 0.0045741 -0.152837 0.0512492 0.997319 -0.0522255 -0.300997 -0.00189417 0.0523912 0.998625 0.0070005 0 0 0 1 
26875431820073;0.298534;0.0114245;0.952983 -0.303008 -0.00291682 0.259527 0.303022 0.952944 0.00861602 -1.52633 0.000168838 -0.00909479 0.999959 0.158286 0 0 0 1 
26875431820074;0.511902;0.0116425;0.944941 -0.237847 -0.224758 0.835203 0.186909 0.956048 -0.225912 -0.683344 0.268612 0.171465 0.947865 -1.67589 0 0 0 1 
26875431820075;0.368729;0.0108024;0.937623 -0.236746 0.254587 -0.20072 0.157437 0.942057 0.296212 -1.1388 -0.309963 -0.237654 0.920567 1.49314 0 0 0 1 
26875431820076;0.104083;0.00955825;0.999383 -0.0285702 -0.0204302 -0.00976919 0.0268398 0.996396 -0.0804658 0.0743013 0.0226555 0.0798678 0.996548 0.0179843 0 0 0 1 
26875431820077;0.334061;0.00963001;0.95839 0.280923 -0.0507093 0.467905 -0.276692 0.957864 0.0770531 1.29849 0.0702186 -0.059816 0.995737 -0.790183 0 0 0 1 
26875431820078;0.46154;0.0103199;0.964893 0.261356 0.0259737 -0.23214 -0.254103 0.953957 -0.159368 1.57296 -0.0664297 0.147173 0.986877 -0.0903564 0 0 0 1 
26875431820079;0.388175;0.0119043;0.883902 -0.214886 0.415382 -0.235307 0.134338 0.967418 0.214606 -0.919365 -0.447964 -0.133889 0.88397 1.74332 0 0 0 1 
26875431820080;0.446652;0.00920764;0.968939 0.246633 0.0181797 0.225376 -0.24616 0.968911 -0.0248238 1.22674 -0.0237369 0.0195776 0.999527 -0.688411 0 0 0 1 
26875431820081;0.390076;0.0145369;0.920337 0.391117 -0.0028305 0.691454 -0.381045 0.894959 -0.232064 1.97636 -0.0882309 0.214656 0.972696 0.712773 0 0 0 1 
26875431820082;0.269988;0.00796095;0.991972 0.124744 -0.0207583 -0.120914 -0.120139 0.980854 0.15327 0.0751653 0.0394804 -0.149546 0.987966 -0.345272 0 0 0 1 
26875431820083;0.397996;0.0104864;0.917785 -0.328891 0.222488 0.438572 0.3271 0.943872 0.0459534 -1.53916 -0.225114 0.0306003 0.973852 1.38144 0 0 0 1 
26875431820084;0.431462;0.0115543;0.984778 0.0920145 -0.147467 0.403557 -0.135826 0.936765 -0.322526 0.976624 0.108465 0.337646 0.935003 0.452157 0 0 0 1 
26875431820085;0.0561572;0.0116737;0.999305 -0.0370388 0.00428532 -0.0833333 0.0370459 0.999312 -0.00160685 -0.13986 -0.00422286 0.00176449 0.99999 0.0783758 0 0 0 1 
26875431820086;0.263745;0.0148922;0.974238 0.220984 0.0450144 0.346893 -0.222696 0.97417 0.0373996 0.604405 -0.035587 -0.0464607 0.998286 -0.0590702 0 0 0 1 
26875431820087;0.254275;0.0117606;0.972647 -0.0881109 -0.21493 0.333034 0.127221 0.976221 0.175522 -0.794117 0.194354 -0.198064 0.960727 -1.16789 0 0 0 1 
26875431820088;0.2679;0.0123718;0.967313 0.253159 -0.0146853 0.470099 -0.253471 0.96699 -0.0261257 1.27987 0.00758657 0.028994 0.999551 -0.269268 0 0 0 1 
26875431820089;0.093436;0.0127061;0.999323 0.0333554 -0.0155011 0.0716177 -0.0340412 0.998347 -0.0463115 0.338786 0.0139308 0.0468078 0.998807 0.0333189 0 0 0 1 
26875431820090;0.279476;0.0127562;0.999255 0.0380736 0.00625411 0.194733 -0.0379016 0.998953 -0.0256332 -0.237488 -0.0072235 0.0253771 0.999652 0.447791 0 0 0 1 
26875431820091;0.394578;0.0127235;0.992944 0.117979 0.012002 0.251166 -0.118033 0.993002 0.00389524 0.501981 -0.0114584 -0.00528438 0.99992 -0.766847 0 0 0 1 
26875431820093;0.345934;0.0146476;0.93299 -0.312088 -0.179251 2.62986 0.304781 0.950015 -0.0676713 -1.1382 0.191411 0.00850412 0.981473 -0.650343 0 0 0 1 
26875431820094;0.529735;0.0154332;0.940339 0.282526 0.189581 -2.55157 -0.269531 0.958616 -0.0916951 1.89699 -0.207641 0.0351267 0.977574 0.600861 0 0 0 1 
26875431820095;0.39088;0.0164084;0.961306 -0.0121973 -0.275212 0.333675 0.00611925 0.999718 -0.0229329 -0.146308 0.275415 0.0203614 0.96111 -0.830429 0 0 0 1 
26875431820096;0.29099;0.284499;0.999568 0.027196 -0.011166 -0.183219 -0.0275463 0.999091 -0.0325177 0.178728 0.0102715 0.0328112 0.999409 -0.175382 0 0 0 1 
26875431820097;0.411668;0.0218055;0.959292 0.280767 0.0304749 -1.78981 -0.280422 0.959757 -0.0151356 2.38953 -0.0334981 0.00597367 0.999421 0.0896591 0 0 0 1 
26875431820098;0.305728;0.018478;0.964056 -0.200843 0.173946 0.980055 0.2099 0.977091 -0.0351447 -0.904683 -0.162903 0.0703927 0.984128 0.178529 0 0 0 1 
26875431820099;0.324227;0.319411;0.999631 -0.025649 -0.00891426 0.231858 0.0256765 0.999666 0.00298519 -0.0325071 0.00883471 -0.00321297 0.999956 -0.0549826 0 0 0 1 
26875431820100;0.476247;0.0299033;0.972695 -0.230924 -0.0231933 1.93926 0.23134 0.972721 0.0171809 -0.518579 0.0185931 -0.0220774 0.999583 -0.565271 0 0 0 1 
26875431820101;0.325622;0.0115004;0.955333 0.252769 0.153121 -1.75135 -0.191438 0.924023 -0.330959 1.79666 -0.225143 0.286863 0.931139 -0.743616 0 0 0 1 
26875431820102;0.315339;0.0147854;0.97525 0.221091 0.0023674 -1.19569 -0.217543 0.961403 -0.168464 1.24231 -0.0395218 0.163779 0.985705 -1.26966 0 0 0 1 
26875431820103;0.395286;0.0249888;0.996894 -0.0786153 0.00463925 0.334444 0.0786516 0.996868 -0.00824622 -0.333707 -0.00397644 0.00858549 0.999955 -0.786126 0 0 0 1 
26875431820104;0.491587;0.0250268;0.998987 0.0405578 0.0195053 0.412601 -0.0393114 0.997393 -0.06052 0.602988 -0.021909 0.0596919 0.997976 -0.859213 0 0 0 1 
26875431820105;0.296198;0.01619;0.990945 -0.0404651 0.128023 0.170501 0.0782114 0.948997 -0.305431 0.230079 -0.109134 0.312678 0.943569 -1.04294 0 0 0 1 
26875431820106;0.351999;0.0195475;0.953259 -0.289532 -0.0864213 1.94996 0.295987 0.952285 0.0744629 -1.70441 0.0607383 -0.096562 0.993472 0.449888 0 0 0 1 
26875431820107;0.398745;0.331511;0.997199 0.0634788 0.0395569 -0.615037 -0.0615691 0.99696 -0.047758 0.469372 -0.0424682 0.0451887 0.998075 0.0183156 0 0 0 1 
26875431820108;0.476963;0.0217834;0.963853 0.25601 0.0738017 -1.73841 -0.260567 0.963555 0.0605518 2.32301 -0.0556101 -0.0775933 0.995433 1.04549 0 0 0 1 
26875431820109;0.419848;0.40506;0.999629 -0.0180909 -0.0203466 0.206633 0.018326 0.999767 0.0114277 -0.027999 0.0201351 -0.0117963 0.999728 0.100747 0 0 0 1 
26875431820110;0.205033;0.0234952;0.996617 0.0170076 0.0804029 -0.0113466 -0.0105263 0.996711 -0.0803565 0.407712 -0.081505 0.0792384 0.993518 -0.2098 0 0 0 1 
26875431820111;0.333895;0.0188662;0.986677 -0.162629 0.00450171 1.30071 0.162692 0.986316 -0.0266866 -0.580158 -0.000100087 0.0270634 0.999634 0.37324 0 0 0 1 
26875431820112;0.392948;0.399371;0.996166 -0.0452903 -0.0748476 0.552432 0.0477365 0.998372 0.0312221 -0.218246 0.0733117 -0.0346754 0.996706 0.0473599 0 0 0 1 
26875431820113;0.35267;0.0168649;0.943677 -0.163334 0.287743 0.877461 0.238586 0.938454 -0.24976 -0.41967 -0.229239 0.304344 0.924567 -0.764388 0 0 0 1 
26875431820114;0.433722;0.332162;0.996254 -0.0609187 0.0613824 0.490334 0.0626399 0.997684 -0.0265171 0.0180312 -0.0596248 0.0302627 0.997762 0.0260399 0 0 0 1 
26875431820115;0.334392;0.0205502;0.974753 -0.219615 0.0403284 1.8884 0.19545 0.926528 0.321472 -0.847999 -0.107966 -0.305474 0.94606 2.48373 0 0 0 1 
26875431820116;0.39563;0.0183945;0.952757 -0.251935 0.169655 2.34832 0.259078 0.965628 -0.0209972 -1.3337 -0.158533 0.063959 0.98528 0.495911 0 0 0 1 
26875431820117;0.505945;0.0177763;0.967459 0.25295 -0.00630878 -2.16598 -0.252911 0.965949 -0.0545792 0.900958 -0.00771186 0.0543987 0.99849 -0.552734 0 0 0 1 
26875431820118;0.542637;0.016653;0.914182 0.188387 0.358861 -1.02505 -0.270578 0.942885 0.194308 0.7915 -0.301759 -0.274733 0.912942 3.22823 0 0 0 1 
26875431820119;0.33961;0.259863;0.997832 -0.00107131 -0.0657969 0.106318 0.000283541 0.999928 -0.0119809 -0.0415527 0.065805 0.0119363 0.997761 -0.179818 0 0 0 1 
26875431820120;0.431883;0.0195298;0.987832 0.133499 -0.0797928 -0.145947 -0.0949173 0.923901 0.370673 0.415643 0.123205 -0.358589 0.925329 1.84903 0 0 0 1 
26875431820121;0.296141;0.0186291;0.934574 -0.352587 -0.0474748 2.74974 0.351231 0.935647 -0.0346612 -1.40864 0.0566407 0.0157188 0.998271 -0.579705 0 0 0 1 
26875431820122;0.699318;0.0180813;0.902016 0.0523479 0.428516 -1.18967 -0.0846011 0.994809 0.0565565 -0.133917 -0.423331 -0.0872678 0.901762 3.23697 0 0 0 1 
26875431820124;0.463953;0.0225207;0.980683 0.0760018 -0.180235 -0.131751 -0.107617 0.979077 -0.172701 1.17804 0.163338 0.188762 0.968344 -3.19999 0 0 0 1 
26875431820125;0.172503;0.0248075;0.973209 0.22579 -0.0434026 -1.83779 -0.224802 0.974044 0.0264887 1.36596 0.0482569 -0.0160221 0.998706 -0.0996285 0 0 0 1 
26875431820126;0.469661;0.0323295;0.999923 -0.00642649 -0.0105758 -0.422539 0.00588303 0.9987 -0.0506396 0.454902 0.0108874 0.0505735 0.998661 0.0804727 0 0 0 1 
26875431820127;0.198437;0.0355793;0.996721 -0.0803306 -0.00972921 0.656882 0.0803032 0.996765 -0.00317291 -0.0908261 0.00995262 0.00238121 0.999948 -0.0913915 0 0 0 1 
26875431820128;0.38452;0.0296114;0.949399 -0.314047 0.0040137 3.18125 0.314064 0.949391 -0.00462392 -0.933761 -0.00235844 0.0056505 0.999981 -0.446705 0 0 0 1 
26875431820129;0.474436;0.0343546;0.938138 -0.336307 0.0824305 3.42239 0.344164 0.931814 -0.115211 -1.1915 -0.0380637 0.136453 0.989915 -1.64293 0 0 0 1 
26875431820130;0.313572;0.0250058;0.994831 -0.100702 -0.0130883 0.840993 0.100366 0.994657 -0.0241798 -0.554719 0.0154533 0.0227412 0.999622 -0.842842 0 0 0 1 
26875431820131;0.549583;0.0260116;0.992033 0.12382 -0.0232216 -1.65866 -0.120327 0.985883 0.116429 0.463198 0.0373101 -0.112707 0.992927 1.61031 0 0 0 1 
26875431820132;0.557397;0.513427;0.999348 0.0359546 0.00339244 -0.294586 -0.0357323 0.998031 -0.0515467 0.222265 -0.00523911 0.0513919 0.998665 -0.270803 0 0 0 1 
26875431820133;0.523064;0.275909;0.998365 -0.0359582 0.0444388 0.381558 0.0309615 0.993623 0.108418 -0.342021 -0.0480539 -0.106865 0.993112 1.76076 0 0 0 1 
26875431820134;0.28355;0.0258895;0.980341 0.193996 0.0360006 -1.9049 -0.193998 0.980996 -0.00347866 1.42118 -0.0359913 -0.00357378 0.999346 -0.0320109 0 0 0 1 
26875431820135;0.398345;0.0207486;0.980531 -0.0407706 -0.192084 0.454762 0.0708813 0.985743 0.152599 -0.555322 0.183124 -0.163244 0.969442 1.12323 0 0 0 1 
26875431820136;0.188337;0.0374372;0.99641 0.0704961 0.0468764 -0.817941 -0.069775 0.99742 -0.0168479 0.647688 -0.0479432 0.0135166 0.998759 0.137867 0 0 0 1 
26875431820137;0.314888;0.0245075;0.937515 -0.0164954 0.347553 -0.084897 0.0410329 0.997147 -0.0633589 -0.193927 -0.345517 0.073661 0.935517 1.31351 0 0 0 1 
26875431820138;0.521003;0.0135516;0.99974 0.0219898 0.00607702 -0.517908 -0.0219851 0.999758 -0.00084272 -0.338697 -0.00609408 0.000708897 0.999981 0.840956 0 0 0 1 
26875431820139;0.534563;0.0173868;0.963096 -0.215291 -0.161544 2.9662 0.194348 0.971459 -0.136003 -1.19002 0.186214 0.0995877 0.977449 -1.74099 0 0 0 1 
26875431820140;0.635129;0.026076;0.931748 0.126204 -0.340468 0.337178 -0.120502 0.991988 0.0379333 1.27039 0.342528 0.00568294 0.93949 -1.61529 0 0 0 1 
26875431820141;0.451247;0.201663;0.992074 -0.12452 -0.0168238 1.1721 0.12554 0.987905 0.0910076 -1.06178 0.00528807 -0.0923984 0.995708 1.15224 0 0 0 1 
26875431820142;0.45211;0.0216554;0.965877 0.0553263 -0.253022 -0.661324 -0.0803579 0.992723 -0.0896845 0.803132 0.246219 0.106957 0.963295 -1.78476 0 0 0 1 
26875431820143;0.371493;0.338652;0.999426 0.0148761 0.0304266 -0.12732 -0.0160569 0.999113 0.0389385 -0.0795492 -0.0298204 -0.0394047 0.998778 0.511531 0 0 0 1 
26875431820144;0.382734;0.0183603;0.97472 0.0154519 0.222897 -0.241307 0.0629917 0.938134 -0.340495 0.928825 -0.214368 0.345928 0.913444 -1.94302 0 0 0 1 
26875431820145;0.502979;0.0322823;0.969159 0.241443 0.0493644 -2.27403 -0.239939 0.970175 -0.0345048 2.07537 -0.0562231 0.0215962 0.998185 -0.503363 0 0 0 1 
26875431820146;0.275674;0.0272934;0.956592 0.290594 0.0220699 -2.16456 -0.291431 0.953699 0.0743423 1.97267 0.00055547 -0.0775471 0.996989 0.526371 0 0 0 1 
26875431820147;0.238197;0.022214;0.990751 0.0468601 -0.127344 -0.0265575 -0.0608373 0.992267 -0.108187 0.683776 0.121289 0.114933 0.985941 -1.49746 0 0 0 1 
26875431820148;0.24302;0.0178103;0.985524 -0.13255 0.105699 1.01352 0.149791 0.972798 -0.176712 -0.659016 -0.079401 0.189986 0.978571 -1.43228 0 0 0 1 
26875431820149;0.23664;0.0283579;0.944204 -0.321359 0.0721589 3.01733 0.326459 0.942168 -0.0757956 -1.2371 -0.0436282 0.0951234 0.994509 -0.61945 0 0 0 1 
26875431820150;0.324251;0.0226525;0.985231 -0.168188 -0.0321306 1.59241 0.164316 0.98144 -0.0988758 -0.805118 0.0481639 0.092136 0.994581 -0.559782 0 0 0 1 
26875431820151;0.348638;0.0380601;0.959574 -0.181877 -0.214798 2.1107 0.231819 0.943522 0.236699 -1.23835 0.159616 -0.276925 0.947542 1.82979 0 0 0 1 
26875431820152;0.39459;0.0261078;0.994092 -0.0794083 0.0740018 0.404471 0.0838899 0.994694 -0.0595575 -0.203994 -0.0688797 0.0654136 0.995478 -0.871193 0 0 0 1 
26875431820153;0.461448;0.0270006;0.961336 0.272155 -0.0420027 -2.03496 -0.270325 0.96174 0.0445032 1.63944 0.0525075 -0.0314282 0.998126 -0.719941 0 0 0 1 
26875431820155;0.281618;0.0158206;0.997543 0.0444496 -0.0541484 0.462217 -0.0456174 0.998748 -0.0205237 0.0963194 0.0531683 0.0229434 0.998322 -0.0540435 0 0 0 1 
26875431820156;0.544215;0.0201974;0.98056 0.192898 -0.0359364 -0.0754833 -0.192358 0.981161 0.0179542 0.17038 0.0387227 -0.0106925 0.999193 0.696427 0 0 0 1 
26875431820157;0.2633;0.221245;0.999743 -0.0226791 0.000678767 0.0357747 0.0226841 0.998427 -0.0512718 0.0140711 0.000485099 0.051274 0.998685 0.0580596 0 0 0 1 
26875431820158;0.308459;0.234579;0.998142 0.060256 -0.00905324 0.0763964 -0.0600718 0.998006 0.0193984 0.164875 0.0102041 -0.0188185 0.999771 0.10291 0 0 0 1 
26875431820159;0.600497;0.0145444;0.998013 0.052835 0.0343362 0.76358 -0.0478345 0.989966 -0.132962 0.038583 -0.0410167 0.131055 0.990526 0.597506 0 0 0 1 
26875431820160;0.450407;0.248929;0.957674 -0.112728 0.264865 -0.0665091 0.138443 0.987097 -0.0804549 -0.142865 -0.252378 0.113718 0.960923 0.593423 0 0 0 1 
26875431820161;0.500041;0.0158804;0.974535 -0.222378 -0.0287962 -0.274325 0.220809 0.974062 -0.0494671 -0.58201 0.0390497 0.041849 0.998361 0.517955 0 0 0 1 
26875431820162;0.266888;0.199011;0.999521 0.0191519 0.024307 -0.0239503 -0.0184764 0.999445 -0.0277152 -0.0125608 -0.0248243 0.0272528 0.99932 0.138119 0 0 0 1 
26875431820163;0.112835;0.00958635;0.992914 -0.00440346 0.118756 -0.0191072 -0.000824929 0.999034 0.0439411 0.00512701 -0.118835 -0.0437277 0.991951 0.409678 0 0 0 1 
26875431820164;0.259006;0.0178008;0.983294 -0.181038 -0.0189209 0.0315048 0.181487 0.983061 0.0255532 -0.639891 0.0139743 -0.0285602 0.999494 -0.237737 0 0 0 1 
26875431820165;0.440579;0.336211;0.993897 0.107045 -0.026658 0.10293 -0.104917 0.991916 0.071381 0.280758 0.0340835 -0.0681484 0.997093 -0.23682 0 0 0 1 
26875431820166;0.350624;0.297905;0.999522 -0.0205432 -0.0231021 -0.065521 0.0200888 0.999603 -0.0197342 -0.0156699 0.0234984 0.0192606 0.999538 -0.0719738 0 0 0 1 
26875431820167;0.350308;0.0189781;0.977831 -0.192449 0.0825196 0.392234 0.204531 0.962269 -0.17946 -0.134585 -0.0448692 0.192359 0.980298 0.0752143 0 0 0 1 
26875431820168;0.226339;0.0155072;0.983784 -0.0629569 -0.167946 0.340639 0.0545772 0.997045 -0.0540578 -0.278237 0.170853 0.0440152 0.984313 -0.419472 0 0 0 1 
26875431820169;0.436398;0.0103245;0.998872 -0.0473681 -0.00340237 0.24679 0.0473725 0.998877 0.00120526 0.234763 0.00334146 -0.00136508 0.999993 0.570128 0 0 0 1 
26875431820170;0.561995;0.0179823;0.975952 0.0313788 0.215717 -0.486112 -0.0139656 0.996553 -0.0817781 -0.487671 -0.217539 0.0767989 0.973025 0.0140363 0 0 0 1 
26875431820171;0.275385;0.0157298;0.997418 0.0680319 0.0230058 -0.0665891 -0.0682638 0.997623 0.00944958 0.151216 -0.0223083 -0.0109956 0.999691 0.50563 0 0 0 1 
26875431820172;0.126727;0.0137486;0.999857 -0.00597732 0.0158131 -0.010563 0.00733568 0.996156 -0.0872877 0.0205559 -0.0152306 0.0873913 0.996058 0.212371 0 0 0 1 
26875431820173;0.248339;0.0140413;0.98748 -0.108968 0.11406 -0.116559 0.105724 0.99381 0.034129 0.0312424 -0.117073 -0.0216427 0.992887 0.376543 0 0 0 1 
26875431820174;0.442063;0.233726;0.972141 -0.124567 0.198555 -0.121728 0.120253 0.992172 0.0336865 -0.486795 -0.201197 -0.0088711 0.979511 0.390827 0 0 0 1 
26875431820175;0.573407;0.285846;0.965656 0.0862802 -0.245081 0.577856 -0.135273 0.972282 -0.190706 0.653601 0.221833 0.217309 0.950561 -0.918048 0 0 0 1 
26875431820176;0.270556;0.0164311;0.991219 0.13001 -0.0241502 -0.337303 -0.132176 0.979508 -0.151967 0.3279 0.00389824 0.153824 0.988091 0.00823974 0 0 0 1 
26875431820177;0.516211;0.0191952;0.994973 0.0590358 -0.0808879 -0.479184 -0.0727753 0.981135 -0.179104 -0.258792 0.0687884 0.184091 0.980499 -0.0274972 0 0 0 1 
26875431820178;0.516876;0.245773;0.991567 -0.0890574 -0.0941469 0.240548 0.0999928 0.987888 0.118653 -0.456484 0.0824396 -0.127067 0.988462 0.417139 0 0 0 1 
26875431820179;0.506678;0.479423;0.99903 0.0433388 0.00785344 -0.042868 -0.043439 0.998971 0.0130711 0.102715 -0.00727887 -0.0133995 0.999884 -0.0105118 0 0 0 1 
26875431820180;0.166082;0.0150607;0.997298 -0.0103726 0.0727236 -0.203999 0.00372293 0.995845 0.0909834 0.0620823 -0.0733652 -0.0904669 0.993193 0.158397 0 0 0 1 
26875431820181;0.220973;0.138619;0.997051 -0.0726552 0.0247121 0.128292 0.0703127 0.993881 0.0851902 -0.263962 -0.0307504 -0.0832014 0.996058 0.162164 0 0 0 1 
26875431820182;0.311591;0.0144802;0.999989 0.00387859 -0.00249104 0.476787 -0.00390216 0.999947 -0.00953019 0.0644649 0.00245395 0.00953981 0.999951 -0.0960061 0 0 0 1 
26875431820183;0.378261;0.238465;0.979377 0.187436 -0.0754258 -0.0385491 -0.1799 0.978919 0.0967154 0.665486 0.0919637 -0.0811518 0.99245 -0.286267 0 0 0 1 
26875431820184;0.707951;0.570553;0.999494 -0.0264187 0.0177367 -0.0105453 0.0263577 0.999646 0.00366644 -0.0851339 -0.0178273 -0.00319709 0.999836 -0.193397 0 0 0 1 
26875431820186;0.0232744;0.0183252;0.999988 -0.00399653 0.00268971 0.00233775 0.00398464 0.999982 0.00441391 -0.0548856 -0.0027073 -0.00440315 0.999987 0.0270254 0 0 0 1 
26875431820187;0.469951;0.024897;0.997617 -0.0481587 0.0494026 0.122573 0.0477306 0.998812 0.00980913 0.035188 -0.0498163 -0.00742774 0.998731 -0.725606 0 0 0 1 
26875431820188;0.333415;0.260458;0.999768 0.010474 0.0188425 0.0911824 -0.0101278 0.99978 -0.018376 0.168428 -0.0190309 0.0181809 0.999654 -0.0355538 0 0 0 1 
26875431820189;0.215891;0.0312008;0.999537 -0.0205035 0.0224939 0.00651121 0.0237914 0.987266 -0.157287 0.293546 -0.0189825 0.15775 0.987297 0.083274 0 0 0 1 
26875431820190;0.353199;0.0225484;0.99935 -0.00387147 -0.0358535 0.128598 0.0040274 0.999983 0.00427786 -0.053853 0.0358364 -0.00441947 0.999348 0.579071 0 0 0 1 
26875431820191;0.375035;0.107783;0.905012 0.088978 -0.415976 0.530879 -0.0762221 0.995973 0.0472089 0.0205319 0.418501 -0.0110181 0.908149 -0.375262 0 0 0 1 
26875431820192;0.269163;0.0331804;0.998632 -0.0344588 0.0393318 -0.165291 0.0350002 0.999301 -0.0131598 0.334247 -0.0388509 0.0145184 0.99914 0.255614 0 0 0 1 
26875431820193;0.42369;0.151179;0.95002 -0.135072 0.281457 -0.12041 0.204112 0.950911 -0.232607 0.0164611 -0.236222 0.27843 0.930954 0.463224 0 0 0 1 
26875431820194;0.276623;0.249485;0.999563 0.0237026 0.0176393 -0.0179441 -0.0229943 0.998962 -0.0393273 0.113527 -0.0185531 0.0389045 0.999071 0.069781 0 0 0 1 
26875431820195;0.12753;0.0265017;0.997273 0.0732735 0.00878839 -0.182987 -0.0734388 0.997094 0.0202508 0.0438875 -0.00727901 -0.020841 0.999756 -0.116293 0 0 0 1 
26875431820196;0.182656;0.0229317;0.998283 -0.0585571 0.00159054 -0.119095 0.0585775 0.997721 -0.0335023 -0.344822 0.000374889 0.033538 0.999437 -0.130188 0 0 0 1 
26875431820197;0.141522;0.0244552;0.999241 0.033758 -0.0194461 -0.238783 -0.0330334 0.998789 0.0364493 0.0402485 0.020653 -0.0357792 0.999146 -0.0850229 0 0 0 1 
26875431820198;0.296595;0.199322;0.998545 -0.0401885 -0.0359484 0.152556 0.0397004 0.999111 -0.0141902 0.0757235 0.0364867 0.0127423 0.999253 -0.203029 0 0 0 1 
26875431820199;0.374604;0.352066;0.999227 -0.0146913 -0.0364639 0.0937722 0.0155171 0.999627 0.0224678 -0.0665982 0.0361203 -0.0230162 0.999082 0.0644527 0 0 0 1 
26875431820200;0.14975;0.0213781;0.998963 0.0172631 -0.0421207 -0.202125 -0.0137378 0.996489 0.082594 0.0559553 0.0433987 -0.0819297 0.995693 -0.00400783 0 0 0 1 
26875431820201;0.180431;0.0276859;0.995783 -0.0407022 -0.0822121 0.33448 0.0418735 0.999044 0.0125734 -0.172241 0.0816217 -0.0159629 0.996536 -0.142002 0 0 0 1 
26875431820202;0.0568232;0.0227887;0.999574 -0.0284859 -0.00641823 -0.0150128 0.0281225 0.998304 -0.0509662 0.00267383 0.00785917 0.050764 0.99868 -0.0491584 0 0 0 1 
26875431820203;0.370175;0.341915;0.999982 -0.0041997 -0.00430596 -0.0361051 0.00430734 0.999671 0.0253017 0.0215621 0.00419828 -0.0253198 0.999671 -0.0272279 0 0 0 1 
26875431820204;0.336699;0.30849;0.999019 0.0434482 -0.00861039 -0.0205162 -0.0438417 0.997657 -0.0525189 0.214263 0.00630836 0.0528449 0.998583 -0.0422186 0 0 0 1 
26875431820205;0.579018;0.314578;0.993737 0.0057097 0.111594 0.460775 -0.00897425 0.999546 0.0287734 -0.312096 -0.111379 -0.0295947 0.993337 -0.0368968 0 0 0 1 
26875431820206;0.454909;0.205521;0.983937 0.0060923 0.178411 -0.142042 0.012254 0.994755 -0.101549 -0.163927 -0.178094 0.102104 0.978702 0.718358 0 0 0 1 
26875431820207;0.201469;0.158333;0.999731 0.0223935 0.00605791 -0.0311671 -0.0225529 0.999363 0.0276645 -0.0320402 -0.00543454 -0.0277937 0.999599 0.0875626 0 0 0 1 
26875431820208;0.418791;0.369557;0.999961 -0.00607415 0.00636315 -0.0574247 0.00576043 0.998821 0.0482122 -0.0146206 -0.00664849 -0.0481737 0.998817 -0.0356216 0 0 0 1 
26875431820209;0.261543;0.252607;0.999689 -0.0242024 0.00606485 -0.00393346 0.0242898 0.999596 -0.0147617 0.0158501 -0.00570513 0.0149044 0.999873 0.0298991 0 0 0 1 
26875431820210;0.579052;0.419907;0.999325 -0.0352152 0.0104296 -0.230717 0.0344446 0.997185 0.0666042 -0.23093 -0.0127457 -0.0662 0.997725 -0.036164 0 0 0 1 
26875431820211;0.254845;0.142956;0.998452 -0.0489556 -0.0264033 0.138247 0.0480771 0.9983 -0.0329406 -0.11373 0.027971 0.0316202 0.999108 0.191688 0 0 0 1 
26875431820212;0.320883;0.0281159;0.964737 -0.120466 0.234032 0.0130429 0.147308 0.983945 -0.100764 -0.244921 -0.218136 0.131685 0.966993 0.730253 0 0 0 1 
26875431820213;0.233658;0.0268245;0.998625 -0.0516887 0.0087703 -0.113146 0.0523324 0.992837 -0.10741 -0.0253262 -0.0031556 0.107721 0.994176 -0.399803 0 0 0 1 
26875431820214;0.442932;0.0270761;0.982072 0.0398037 -0.184255 0.342699 -0.0841116 0.967282 -0.239355 0.535434 0.168699 0.250562 0.953289 0.26014 0 0 0 1 
26875431820215;0.292551;0.182302;0.997692 0.00350689 0.0678043 0.215303 0.00116029 0.997639 -0.0686715 -0.301606 -0.067885 0.0685917 0.995333 0.206577 0 0 0 1 
26875431820217;0.53888;0.0160335;0.94655 -0.262174 0.187903 1.03401 0.312858 0.888 -0.33701 -0.692156 -0.0785024 0.377784 0.92256 -0.372664 0 0 0 1 
26875431820218;0.132212;0.0129726;0.999913 -0.0112503 -0.00685552 0.0083344 0.0110883 0.999669 -0.0232204 0.164254 0.00711449 0.0231424 0.999707 0.119112 0 0 0 1 
26875431820219;0.276971;0.0132429;0.991438 -0.0573959 0.117285 0.423354 0.0596163 0.998101 -0.0155089 -0.638323 -0.116172 0.0223682 0.992977 0.374647 0 0 0 1 
26875431820220;0.346183;0.315641;0.99782 0.0649109 0.0119154 -0.0881216 -0.0648767 0.997888 -0.00323587 0.216973 -0.0121003 0.00245579 0.999924 0.176053 0 0 0 1 
26875431820221;0.22686;0.0110846;0.999969 -0.00724073 0.00296954 0.426653 0.00722777 0.999964 0.00435137 -0.0540367 -0.00300094 -0.00432977 0.999986 -0.2526 0 0 0 1 
26875431820222;0.271182;0.24688;0.999167 0.0341665 0.022305 -0.0850459 -0.0341881 0.999415 0.000585007 0.133064 -0.022272 -0.00134708 0.999751 0.100799 0 0 0 1 
26875431820223;0.173034;0.0158405;0.99995 -0.00850022 0.00532301 -0.154032 0.00846756 0.999945 0.00613007 -0.190236 -0.00537483 -0.00608469 0.999967 -0.247734 0 0 0 1 
26875431820224;0.421446;0.0152735;0.996053 0.0500666 0.0732893 -0.69947 -0.0551672 0.996069 0.0693088 -0.35209 -0.0695311 -0.0730785 0.994899 0.630028 0 0 0 1 
26875431820225;0.149136;0.0136281;0.983904 0.178522 -0.00796705 -0.129263 -0.177614 0.981862 0.0663353 0.77815 0.0196648 -0.0638525 0.997766 -0.0506147 0 0 0 1 
26875431820226;0.0692592;0.00939091;0.999425 -0.033852 0.00208438 0.177298 0.0338719 0.999373 -0.010355 -0.123232 -0.00173253 0.0104197 0.999944 -0.0543479 0 0 0 1 
26875431820227;0.394953;0.235403;0.99336 0.100887 0.0552894 -0.353636 -0.1035 0.993536 0.0466157 0.223374 -0.0502291 -0.0520286 0.997382 -0.128937 0 0 0 1 
26875431820228;0.385763;0.0155863;0.999585 -0.0288155 -0.00014004 -0.247383 0.0286473 0.99425 -0.103176 0.640877 0.00311231 0.103129 0.994663 0.110759 0 0 0 1 
26875431820229;0.236316;0.0186013;0.979683 -0.101423 0.173018 0.182803 0.098559 0.994815 0.0250901 -0.141052 -0.174665 -0.00752785 0.984599 0.80419 0 0 0 1 
26875431820230;0.353557;0.258282;0.988326 0.145764 0.0443258 -0.352658 -0.142881 0.987768 -0.0624388 0.88246 -0.052885 0.0553765 0.997064 0.15268 0 0 0 1 
26875431820231;0.448584;0.0114918;0.99943 0.00637594 0.033165 -0.242863 -0.00514545 0.9993 -0.0370559 0.285138 -0.033378 0.0368641 0.998763 -0.789256 0 0 0 1 
26875431820232;0.290281;0.00998605;0.963999 -0.197856 0.177651 0.555761 0.137511 0.94276 0.303799 -0.644302 -0.22759 -0.268433 0.936027 1.28992 0 0 0 1 
26875431820233;0.217224;0.0130645;0.995629 -0.0804283 -0.0474683 0.575486 0.0798644 0.996712 -0.0136615 -0.334171 0.048411 0.00981075 0.998779 -0.285709 0 0 0 1 
26875431820234;0.288361;0.0123139;0.984736 -0.163534 -0.0595902 0.359455 0.168073 0.982408 0.0814001 -1.33735 0.0452302 -0.0901732 0.994899 -0.332935 0 0 0 1 
26875431820235;0.189456;0.0147209;0.976796 -0.154539 -0.148281 0.544349 0.158609 0.987212 0.015957 -0.774822 0.143919 -0.0391055 0.988817 -0.663731 0 0 0 1 
26875431820236;0.315102;0.209379;0.986602 0.0744052 0.14519 -0.184016 -0.0697743 0.996886 -0.0367381 0.290527 -0.147471 0.0261154 0.988722 0.80042 0 0 0 1 
26875431820237;0.012092;0.00872486;0.99998 -0.00581998 0.00232779 0.019666 0.00582458 0.999981 -0.00197667 -0.050896 -0.00231624 0.00199019 0.999995 0.0314501 0 0 0 1 
26875431820238;0.26454;0.0114476;0.952982 -0.280692 0.114178 0.530142 0.270335 0.957749 0.0981585 -1.43119 -0.136906 -0.0626769 0.988599 0.924665 0 0 0 1 
26875431820239;0.246987;0.0117436;0.999348 0.0318453 0.0169847 -0.293941 -0.0334226 0.99417 0.102517 -0.331741 -0.0136209 -0.103018 0.994586 0.16266 0 0 0 1 
26875431820240;0.363487;0.1615;0.957536 0.241286 -0.157815 -0.168713 -0.228427 0.968879 0.0953677 0.982617 0.175915 -0.0552688 0.982853 -0.995019 0 0 0 1 
26875431820241;0.468508;0.0704076;0.910493 -0.413234 0.0154926 0.454336 0.413068 0.91061 0.0128174 -2.12707 -0.0194043 -0.0052707 0.999798 0.519556 0 0 0 1 
26875431820242;0.496458;0.0162231;0.962613 -0.21034 -0.170685 0.89227 0.261683 0.884897 0.385331 -1.98794 0.0699882 -0.41559 0.906855 -0.0388735 0 0 0 1 
26875431820243;0.419239;0.206843;0.974021 0.0855595 0.209672 -0.360712 -0.0816508 0.996289 -0.0272441 0.358821 -0.211224 0.00941643 0.977392 0.759185 0 0 0 1 
26875431820244;0.327061;0.0156968;0.999974 -0.00546081 0.00478443 -0.499033 0.0059485 0.994059 -0.108683 0.46958 -0.0041625 0.108708 0.994065 -0.00211246 0 0 0 1 
26875431820245;0.440644;0.00800662;0.912381 0.0485053 0.406459 -0.391606 -0.0950449 0.99092 0.0950951 0.227475 -0.398156 -0.125395 0.908707 1.94071 0 0 0 1 
26875431820246;0.33651;0.014631;0.988619 -0.0598821 0.138012 -0.0533492 0.0477104 0.99481 0.0898754 -0.651165 -0.142678 -0.0822679 0.986344 0.247063 0 0 0 1 
26875431820248;0.482971;0.0209576;0.93847 -0.0820946 -0.335462 0.850983 0.115678 0.98995 0.081353 -0.389935 0.325411 -0.115153 0.938535 -2.3494 0 0 0 1 
26875431820249;0.481186;0.01795;0.97088 -0.192529 -0.142566 0.354238 0.181393 0.979511 -0.0874896 -0.719321 0.156489 0.0590814 0.985911 0.289108 0 0 0 1 
26875431820250;0.362957;0.0244425;0.965881 0.225258 0.127799 0.152231 -0.209655 0.969779 -0.124792 1.53566 -0.152047 0.0937402 0.983918 0.487086 0 0 0 1 
26875431820251;0.294996;0.0143698;0.995376 0.095122 -0.0133484 0.631803 -0.0941123 0.993592 0.0625857 0.103413 0.0192161 -0.06104 0.99795 -0.328629 0 0 0 1 
26875431820252;0.28587;0.0194475;0.999634 -0.0270383 7.77656e-05 0.31447 0.0270383 0.999634 0.000942118 -0.629233 -0.00010321 -0.000939671 1 0.24018 0 0 0 1 
26875431820253;0.612372;0.0188226;0.958784 0.0891595 -0.269785 1.16742 -0.0250272 0.972301 0.232386 -0.949307 0.283031 -0.216057 0.934459 -1.13718 0 0 0 1 
26875431820254;0.431445;0.371704;0.999036 0.0411414 0.0153021 -0.0197531 -0.0402773 0.99778 -0.0530331 0.312668 -0.01745 0.0523656 0.998476 -0.00491778 0 0 0 1 
26875431820255;0.351175;0.0199014;0.999614 -0.0257811 0.0103721 -0.276663 0.0256869 0.999628 0.00912001 -0.00299948 -0.0106034 -0.00885007 0.999905 0.794156 0 0 0 1 
26875431820256;0.151421;0.0228086;0.982466 0.186393 -0.00432223 0.158487 -0.186431 0.982398 -0.0117208 0.874615 0.00206148 0.0123211 0.999922 -0.00536318 0 0 0 1 
