#;prob_registration_l1 -r /home/probabilistic_point_clouds_registration/build/tester /home/point_clouds_registration_benchmark//devel/registration_pairs/wood_summer_local.txt /home/point_clouds_registration_benchmark//eth/wood_summer -s 0.2 -t 0.2 -p 0.3 -r 1000 -m 15 -i 40 
id;initial_error;final_error;transformation
2318808360000;0.0774618;0.0157332;0.998107 0.0443066 0.0426574 -0.471501 -0.0442781 0.999018 -0.00161253 0.469933 -0.042687 -0.000279319 0.999088 0.31814 0 0 0 1 
2318808360001;0.306883;0.0215053;0.997542 0.0685675 -0.0144122 -0.13013 -0.0688339 0.99745 -0.0188771 0.605094 0.0130811 0.0198228 0.999718 -0.440117 0 0 0 1 
2318808360002;0.495258;0.330546;0.988073 -0.137028 -0.0702474 1.53477 0.138439 0.990248 0.0155959 -1.07786 0.0674253 -0.0251348 0.997408 0.270271 0 0 0 1 
2318808360003;0.524546;0.397511;0.998388 -0.056734 0.00138864 0.409144 0.0565615 0.996754 0.0572853 -0.669719 -0.00463416 -0.0571145 0.998357 0.441913 0 0 0 1 
2318808360004;0.20511;0.0223445;0.997937 -0.0606751 0.020987 0.591905 0.06061 0.998155 0.00372392 -0.529318 -0.0211742 -0.00244421 0.999773 -0.192494 0 0 0 1 
2318808360005;0.440296;0.317066;0.998899 -0.031947 -0.0343478 0.324612 0.0353193 0.994102 0.102534 -0.559443 0.0308696 -0.103634 0.994136 0.414411 0 0 0 1 
2318808360006;0.169359;0.021506;0.996606 -0.0793614 0.0218559 0.968551 0.0798314 0.996576 -0.0215418 -0.406311 -0.0200715 0.0232134 0.999529 0.0622309 0 0 0 1 
2318808360007;0.299345;0.254036;0.998891 -0.0434888 0.0180308 0.319468 0.0432178 0.998951 0.0151558 -0.435413 -0.018671 -0.0143597 0.999723 0.23349 0 0 0 1 
2318808360008;0.34518;0.267214;0.995475 0.0567286 0.0762334 -0.724445 -0.0615838 0.996117 0.0629218 0.255778 -0.0723678 -0.0673318 0.995103 1.46414 0 0 0 1 
2318808360009;0.553788;0.45446;0.998338 0.0516706 0.025527 -0.473024 -0.051233 0.998533 -0.01751 0.300043 -0.0263943 0.0161731 0.999521 0.142444 0 0 0 1 
2318808360010;0.296129;0.0201225;0.992588 -0.121528 -0.000258199 1.17842 0.121445 0.991823 0.039226 -1.24998 -0.00451099 -0.0389666 0.99923 0.00263114 0 0 0 1 
2318808360011;0.267088;0.0179139;0.974514 -0.190036 0.119199 2.15973 0.177221 0.977973 0.110283 -1.28404 -0.137531 -0.0863476 0.986727 2.31736 0 0 0 1 
2318808360012;0.117207;0.0184402;0.99663 -0.000868403 -0.0820294 0.0526984 0.00495327 0.998757 0.0496073 -0.187755 0.0818843 -0.0498464 0.995395 -0.275157 0 0 0 1 
2318808360013;0.297157;0.014565;0.997004 -0.0513161 0.0578819 0.00192952 0.0532041 0.998085 -0.031562 -0.646217 -0.0561514 0.034547 0.997824 -0.0476906 0 0 0 1 
2318808360014;0.320442;0.00825371;0.999969 0.00770004 0.00158014 -0.0164228 -0.00769948 0.99997 -0.000356641 0.0836072 -0.00158284 0.000344463 0.999999 -0.631878 0 0 0 1 
2318808360015;0.329054;0.0204948;0.962287 0.241236 -0.125736 -2.10068 -0.254206 0.961983 -0.0998417 2.48413 0.0968702 0.128039 0.987027 -2.54159 0 0 0 1 
2318808360016;0.335073;0.0178177;0.999351 0.0358047 0.00386969 -0.290943 -0.0358176 0.999353 0.00331332 -0.0400488 -0.00374855 -0.00344978 0.999987 -0.512081 0 0 0 1 
2318808360017;0.483715;0.0158742;0.972551 0.226784 -0.0520915 -2.50886 -0.226952 0.973902 0.00274812 1.77921 0.0513553 0.00914959 0.998639 0.199306 0 0 0 1 
2318808360018;0.313611;0.29261;0.998864 -0.0434182 -0.0196548 0.365739 0.043149 0.998972 -0.0139159 -0.303935 0.0202388 0.013052 0.99971 -0.277345 0 0 0 1 
2318808360019;0.502137;0.432837;0.999578 0.0227724 0.018025 -0.235133 -0.0223446 0.999472 -0.0235892 0.0428935 -0.0185527 0.0231765 0.999559 -0.234146 0 0 0 1 
2318808360020;0.421809;0.0174862;0.966451 0.0283921 0.255277 -0.615833 -0.00564878 0.995981 -0.0893879 0.29077 -0.256789 0.084947 0.962727 0.503698 0 0 0 1 
2318808360021;0.393879;0.232648;0.980169 -0.0390329 -0.194281 0.974642 0.0262481 0.997343 -0.0679514 -0.272287 0.196418 0.0615044 0.978589 -2.03435 0 0 0 1 
2318808360022;0.404256;0.0186902;0.99476 0.038789 -0.0945888 -0.307538 -0.0455574 0.996472 -0.0704784 1.16004 0.0915214 0.0744183 0.993019 -1.80466 0 0 0 1 
2318808360023;0.175152;0.00874724;0.97916 -0.191693 0.0670746 2.00169 0.195017 0.97967 -0.04706 -1.27262 -0.0566899 0.05916 0.996638 -0.134056 0 0 0 1 
2318808360024;0.438639;0.0108452;0.992877 0.01453 -0.118253 -0.822598 -0.0273309 0.993844 -0.10736 0.414045 0.115965 0.109828 0.987163 -2.11166 0 0 0 1 
2318808360025;0.493149;0.0211459;0.985157 -0.171175 -0.012798 1.73821 0.170749 0.984883 -0.0291568 -0.683612 0.0175955 0.0265388 0.999493 0.334817 0 0 0 1 
2318808360026;0.26214;0.019915;0.980629 0.017017 -0.195136 -0.158108 -0.00439527 0.99788 0.0649333 -0.0687233 0.195827 -0.0628178 0.978624 -0.551851 0 0 0 1 
2318808360027;0.301824;0.0149465;0.970308 0.241664 -0.00999727 -2.24744 -0.235255 0.933359 -0.271102 3.00528 -0.0561848 0.265405 0.962499 -2.24259 0 0 0 1 
2318808360028;0.111442;0.0213441;0.99911 -0.0289514 -0.0306772 0.328332 0.0326645 0.991183 0.12841 -0.387815 0.026689 -0.129298 0.991247 1.11173 0 0 0 1 
2318808360029;0.556383;0.0146174;0.994572 -0.0585159 -0.086033 0.126483 0.0859205 0.92824 0.361924 -0.438647 0.0586809 -0.367351 0.928229 4.14325 0 0 0 1 
2318808360031;0.47988;0.404781;0.999779 0.00910948 -0.0189573 0.108821 -0.00894078 0.99992 0.00896523 0.127599 0.0190375 -0.00879376 0.99978 -0.177426 0 0 0 1 
2318808360032;0.536016;0.0248911;0.933377 0.0536342 -0.354866 0.552991 -0.154078 0.952898 -0.26124 2.77398 0.32414 0.298512 0.897677 -5.92908 0 0 0 1 
2318808360033;0.38485;0.00483172;0.988378 0.147048 0.0385555 -1.36778 -0.146765 0.98912 -0.0101005 1.21227 -0.0396213 0.00432455 0.999205 -0.390462 0 0 0 1 
2318808360034;0.495664;0.401974;0.999762 0.0163622 0.0144295 -0.126869 -0.0161962 0.999802 -0.0115438 0.260654 -0.0146156 0.0113074 0.999829 -0.385844 0 0 0 1 
2318808360035;0.329409;0.0114682;0.993572 0.104275 -0.0440652 -0.803811 -0.1046 0.994501 -0.00513588 1.10072 0.0432874 0.00971209 0.999015 -1.00994 0 0 0 1 
2318808360036;0.430313;0.258559;0.985036 0.0647286 -0.159735 -0.0843753 -0.0673205 0.997672 -0.0108631 0.528464 0.15866 0.021454 0.9871 -1.43533 0 0 0 1 
2318808360037;0.120765;0.00723263;0.994118 0.0124046 -0.107592 0.0237423 -0.0252448 0.992595 -0.118815 0.483722 0.105322 0.120832 0.98707 -2.13095 0 0 0 1 
2318808360038;0.516165;0.0102377;0.976523 -0.184041 0.111947 1.81353 0.181859 0.982882 0.0294873 -1.98394 -0.115458 -0.00843633 0.993277 1.72384 0 0 0 1 
2318808360039;0.413132;0.010615;0.972832 -0.126754 0.193732 1.085 0.120361 0.991734 0.0444725 -0.55195 -0.197768 -0.0199465 0.980046 2.30904 0 0 0 1 
2318808360040;0.306491;0.00835801;0.990063 0.115874 -0.0796818 -0.81229 -0.102642 0.982758 0.153787 0.848055 0.0961279 -0.14408 0.984886 0.375668 0 0 0 1 
2318808360041;0.475776;0.33912;0.997247 -0.0715598 -0.0194107 0.733052 0.0716469 0.997423 0.00382548 -0.497591 0.0190869 -0.00520567 0.999804 0.34743 0 0 0 1 
2318808360042;0.392346;0.00754311;0.99432 0.0468523 0.0955638 -0.592622 -0.0465016 0.998901 -0.00589433 0.428909 -0.0957349 0.00141698 0.995406 1.53762 0 0 0 1 
2318808360043;0.212163;0.0094654;0.991805 0.0625268 -0.111414 -0.44488 -0.0337117 0.969229 0.243841 0.267393 0.123232 -0.238087 0.963394 1.64557 0 0 0 1 
2318808360044;0.216595;0.0071627;0.988993 0.11705 -0.0905076 -1.3517 -0.110732 0.991242 0.0719495 0.686017 0.0981367 -0.0611355 0.993293 -0.00159407 0 0 0 1 
2318808360045;0.469606;0.315463;0.978964 0.0674733 -0.192551 -0.181034 -0.119482 0.954574 -0.272969 2.32318 0.165387 0.290233 0.942556 -3.92947 0 0 0 1 
2318808360046;0.276896;0.0092909;0.999313 0.0161438 0.0333745 0.0200543 -0.0159659 0.999857 -0.0055902 -0.33788 -0.03346 0.00505351 0.999427 0.0540397 0 0 0 1 
2318808360047;0.219223;0.0147253;0.964027 -0.133876 -0.229629 1.99742 0.129249 0.990989 -0.0351443 -0.790666 0.232265 0.00420061 0.972643 -2.00568 0 0 0 1 
2318808360048;0.2746;0.0100935;0.948141 -0.0245865 0.316899 0.18732 0.00363816 0.997778 0.0665273 -0.0119027 -0.31783 -0.0619243 0.946123 3.3124 0 0 0 1 
2318808360049;0.475244;0.387742;0.998588 -0.0358012 -0.0392341 0.494265 0.0364882 0.999191 0.0169362 -0.30438 0.038596 -0.0183439 0.999087 -0.266857 0 0 0 1 
2318808360050;0.266943;0.00651091;0.95345 -0.301543 -0.00209879 3.70616 0.30155 0.953437 0.00506845 -2.05914 0.000472702 -0.0054654 0.999985 -0.128648 0 0 0 1 
2318808360051;0.316495;0.0112848;0.975451 -0.0576527 0.212538 0.603832 0.0272777 0.989322 0.14317 -0.401205 -0.218522 -0.133858 0.966608 3.80062 0 0 0 1 
2318808360052;0.442125;0.383392;0.992955 0.0835806 0.0839892 -0.858205 -0.0797842 0.995676 -0.047589 0.882065 -0.0876035 0.0405527 0.99533 0.429385 0 0 0 1 
2318808360053;0.502153;0.0101535;0.999288 -0.0332466 0.017817 1.06148 0.0307078 0.991353 0.12758 -0.444053 -0.0219045 -0.126942 0.991668 2.25152 0 0 0 1 
2318808360054;0.189299;0.00978087;0.967821 -0.251134 -0.0159161 3.02739 0.248949 0.964785 -0.0849404 -1.6003 0.036687 0.0782449 0.996259 -1.19104 0 0 0 1 
2318808360055;0.56348;0.00752127;0.952251 0.139484 -0.271591 -0.150534 -0.171153 0.980505 -0.096525 2.39052 0.252833 0.1384 0.95756 -3.55418 0 0 0 1 
2318808360056;0.0419399;0.0054772;0.998611 0.0503607 -0.0154835 -0.516374 -0.050291 0.998723 0.00485971 0.400305 0.0157084 -0.00407428 0.999868 -0.0775513 0 0 0 1 
2318808360057;0.467263;0.00340869;0.997663 -0.0683104 -0.00143778 0.889469 0.0682445 0.997283 -0.027723 -1.28565 0.00332764 0.0275601 0.999615 -0.819073 0 0 0 1 
2318808360058;0.291617;0.0166053;0.999935 0.0064479 0.00941063 -0.0333582 -0.00768423 0.990418 0.137888 0.506822 -0.00843137 -0.137951 0.990403 1.81107 0 0 0 1 
2318808360059;0.25976;0.00701059;0.9761 0.0250079 -0.215878 0.387185 -0.0412036 0.996636 -0.0708504 0.476066 0.21338 0.078052 0.973846 -2.32342 0 0 0 1 
2318808360060;0.11731;0.00712204;0.991848 0.0997027 0.0793513 -1.13841 -0.0957552 0.994041 -0.0520974 0.961233 -0.0840727 0.0440744 0.995484 0.222154 0 0 0 1 
2318808360062;0.468711;0.263228;0.98797 0.13281 -0.079225 -0.580109 -0.122515 0.984806 0.123076 0.724081 0.0943669 -0.111889 0.98923 0.299829 0 0 0 1 
2318808360063;0.468392;0.0190517;0.992483 -0.121759 0.0123033 -0.393164 0.119731 0.986889 0.108234 -1.15213 -0.0253204 -0.105947 0.994049 -0.0641138 0 0 0 1 
2318808360064;0.317402;0.0131438;0.946382 0.322973 0.00707865 -0.531077 -0.322922 0.946395 -0.00757052 2.00475 -0.00914428 0.00487875 0.999946 -0.357474 0 0 0 1 
2318808360065;0.263432;0.218736;0.999285 -0.0373324 0.00600782 0.169446 0.0372671 0.999249 0.0106426 -0.282049 -0.00640062 -0.0104111 0.999925 0.139502 0 0 0 1 
2318808360066;0.238324;0.0109966;0.999432 -0.0336651 0.00145844 -0.378433 0.0336372 0.999303 0.0161614 -0.434888 -0.00200149 -0.0161031 0.999868 0.16036 0 0 0 1 
2318808360067;0.429905;0.00931998;0.993274 0.0955522 -0.0654004 0.740025 -0.0916761 0.993985 0.0599077 0.587168 0.0707313 -0.0535091 0.996059 -0.538989 0 0 0 1 
2318808360068;0.55967;0.470598;0.997506 -0.0321229 -0.0628526 0.239041 0.0334032 0.999253 0.0194252 -0.322552 0.0621816 -0.0214762 0.997834 -0.41885 0 0 0 1 
2318808360069;0.324897;0.00836031;0.997529 0.0648899 0.0269426 0.188303 -0.06528 0.997771 0.01386 0.10617 -0.0259832 -0.0155845 0.999541 -0.381009 0 0 0 1 
2318808360070;0.327797;0.00956152;0.995769 0.0591472 0.0703192 0.495243 -0.0551856 0.996847 -0.0570068 0.321383 -0.0734693 0.0528851 0.995894 0.0746081 0 0 0 1 
2318808360071;0.127608;0.0122134;0.989424 0.122109 0.0782968 -0.422826 -0.122525 0.992465 0.000515475 0.766932 -0.0776439 -0.0101033 0.99693 0.42558 0 0 0 1 
2318808360072;0.27755;0.0107437;0.963879 -0.25948 -0.0600629 0.717529 0.259278 0.965737 -0.011264 -1.13376 0.0609277 -0.00471587 0.998131 -0.532709 0 0 0 1 
2318808360073;0.377754;0.0115788;0.992587 -0.065715 0.102239 0.00672786 0.0819665 0.983066 -0.163897 0.0289251 -0.0897375 0.171062 0.981165 -0.687094 0 0 0 1 
2318808360074;0.367604;0.337837;0.998879 -0.0471396 -0.00430687 0.261146 0.0471142 0.998873 -0.00582357 -0.351801 0.00457654 0.00561412 0.999974 0.00815393 0 0 0 1 
2318808360075;0.223733;0.0101323;0.964749 -0.0149269 0.262749 0.0659597 0.0129669 0.999874 0.00919217 -0.244502 -0.262853 -0.00546111 0.96482 1.61169 0 0 0 1 
2318808360076;0.344651;0.172701;0.998154 -0.0465319 -0.0390424 0.506108 0.0482118 0.9979 0.0432522 -0.362397 0.0369479 -0.0450547 0.998301 0.20911 0 0 0 1 
2318808360077;0.167206;0.00639366;0.994889 0.0316406 0.095894 -0.0247815 -0.0341711 0.999107 0.0248618 0.465491 -0.0950217 -0.0280115 0.995081 0.530772 0 0 0 1 
2318808360078;0.455663;0.383552;0.99842 0.043353 0.0357454 -0.478805 -0.0440132 0.998871 0.0178931 0.198504 -0.0349293 -0.0194381 0.999201 -0.227437 0 0 0 1 
2318808360079;0.349782;0.00883854;0.990219 0.0801293 0.114221 -0.215582 -0.0961118 0.985176 0.142095 0.51302 -0.101142 -0.151683 0.983241 1.74257 0 0 0 1 
2318808360080;0.31557;0.204186;0.996876 0.0213437 -0.0760461 -0.0670811 -0.0110749 0.991057 0.132978 -0.142165 0.0782043 -0.131721 0.988197 -0.0400942 0 0 0 1 
2318808360081;0.265138;0.0111371;0.993793 0.0761042 -0.0811421 -0.0797221 -0.0937262 0.965693 -0.242183 1.13856 0.0599272 0.248285 0.966832 -0.797302 0 0 0 1 
2318808360082;0.291619;0.222161;0.99151 0.118655 -0.0531815 -0.17196 -0.123612 0.987031 -0.102423 0.735813 0.0403389 0.108127 0.993318 -0.500135 0 0 0 1 
2318808360083;0.406111;0.00846869;0.989536 -0.143517 0.0149103 -0.0181332 0.142009 0.986981 0.0755086 -0.912451 -0.025553 -0.0726011 0.997034 -0.379482 0 0 0 1 
2318808360084;0.25521;0.217686;0.998594 0.0491994 0.0197249 0.0524392 -0.0471726 0.994585 -0.0926078 0.250906 -0.0241743 0.0915471 0.995507 -0.134522 0 0 0 1 
2318808360085;0.097134;0.0107445;0.999204 -0.0109614 0.0383628 -0.0318189 0.0100691 0.999676 0.0233752 -0.0111711 -0.0386066 -0.0229703 0.99899 0.469453 0 0 0 1 
2318808360086;0.630308;0.588692;0.998938 0.0125929 -0.0443249 0.0454094 -0.0113887 0.999562 0.0273172 -0.00195176 0.0446495 -0.0267834 0.998644 -0.209289 0 0 0 1 
2318808360087;0.164964;0.0116125;0.988789 0.145062 0.0354081 -0.342002 -0.140651 0.984437 -0.105365 1.09513 -0.0501415 0.0992032 0.993803 -0.00506193 0 0 0 1 
2318808360088;0.426784;0.383203;0.999313 0.0227205 0.0292693 -0.0185957 -0.022183 0.999582 -0.0185579 0.083024 -0.0296787 0.0178959 0.999399 0.257608 0 0 0 1 
2318808360089;0.0156956;0.00816381;0.999842 -0.016113 -0.00749005 0.0591134 0.0162344 0.999733 0.0164454 -0.122598 0.00722306 -0.0165644 0.999837 0.00257418 0 0 0 1 
2318808360090;0.105965;0.0119972;0.999828 0.00773236 -0.0168388 -0.150195 -0.00793714 0.999895 -0.0121289 0.198493 0.0167433 0.0122605 0.999785 -0.0542143 0 0 0 1 
2318808360091;0.471367;0.371606;0.99614 -0.0358449 -0.0801297 -0.0543889 0.0300954 0.996962 -0.0718432 0.18517 0.0824615 0.0691544 0.994192 -0.597168 0 0 0 1 
2318808360093;0.358587;0.00863878;0.994538 0.0927826 0.0478102 -0.138845 -0.0935826 0.995502 0.0147721 0.940939 -0.0462246 -0.0191656 0.998747 -0.494253 0 0 0 1 
2318808360094;0.104341;0.00928198;0.997098 0.0760209 0.00404261 0.113661 -0.0758633 0.996652 -0.0304874 0.302926 -0.00634675 0.0300922 0.999527 0.137321 0 0 0 1 
2318808360095;0.369651;0.0132749;0.955103 -0.296086 -0.0105869 0.479942 0.295695 0.954858 -0.0284713 -1.26462 0.018539 0.0240625 0.999539 -0.741078 0 0 0 1 
2318808360096;0.316121;0.00372981;0.999565 0.0287689 -0.0065361 0.702082 -0.0286784 0.999497 0.0135481 0.285176 0.00692258 -0.0133548 0.999887 0.345626 0 0 0 1 
2318808360097;0.369151;0.291506;0.996808 0.0346717 0.0719167 -0.0133421 -0.034124 0.999379 -0.00883112 0.0902982 -0.0721782 0.00634884 0.997372 0.229077 0 0 0 1 
2318808360098;0.287285;0.013246;0.95209 -0.305449 0.0150188 0.127716 0.3045 0.951397 0.0460926 -1.582 -0.0283678 -0.0393111 0.998824 -0.124268 0 0 0 1 
2318808360099;0.367143;0.332157;0.998979 -0.0422843 0.0159087 0.00797853 0.0425684 0.998932 -0.0179613 -0.178913 -0.0151322 0.0186202 0.999712 -0.0528087 0 0 0 1 
2318808360100;0.403666;0.00798347;0.989137 -0.138828 -0.0483255 1.00742 0.142724 0.985695 0.0896442 -0.685476 0.0351891 -0.0955676 0.994801 -0.570686 0 0 0 1 
2318808360101;0.302239;0.00726624;0.944881 -0.164769 0.282933 -0.192573 0.176197 0.984237 -0.0152471 -0.911653 -0.275961 0.0642587 0.959018 1.42111 0 0 0 1 
2318808360102;0.281834;0.226087;0.999827 0.0153963 -0.0104815 -0.00625766 -0.014859 0.998662 0.0495403 -0.0611757 0.0112302 -0.049376 0.998717 -0.133239 0 0 0 1 
2318808360103;0.378578;0.278514;0.991209 0.0695456 -0.112549 0.251009 -0.064086 0.996619 0.0514242 0.376582 0.115745 -0.0437594 0.992315 -0.57261 0 0 0 1 
2318808360104;0.557659;0.343331;0.996826 -0.0682453 0.0409862 -0.446923 0.070181 0.996388 -0.0478077 -0.044107 -0.0375755 0.0505324 0.998015 -0.360234 0 0 0 1 
2318808360105;0.460355;0.313699;0.995743 -0.0877922 0.028067 -0.088517 0.0879986 0.996101 -0.0062023 -0.443823 -0.027413 0.00864575 0.999587 -0.327208 0 0 0 1 
2318808360106;0.53681;0.0111165;0.920786 -0.0765926 -0.382474 1.46906 0.0706748 0.997062 -0.0295216 0.421042 0.383612 0.000151757 0.923494 -1.56138 0 0 0 1 
2318808360107;0.116161;0.0110664;0.993993 -0.0149409 0.108416 -0.0429484 0.0249117 0.995521 -0.0912046 -0.0354451 -0.106568 0.0933576 0.989913 0.649642 0 0 0 1 
2318808360108;0.426496;0.00502835;0.97252 0.23282 0.000429438 0.751404 -0.232691 0.97204 -0.0315232 1.1843 -0.00775668 0.0305571 0.999503 -0.612976 0 0 0 1 
2318808360109;0.361092;0.00858336;0.990191 0.138817 0.0158931 -0.808742 -0.138023 0.989484 -0.0432651 1.06657 -0.0217319 0.0406471 0.998937 -0.0894893 0 0 0 1 
2318808360110;0.188673;0.0121846;0.989629 -0.03209 -0.140018 0.472923 0.0206253 0.996371 -0.0825759 0.176173 0.14216 0.0788316 0.9867 -0.824286 0 0 0 1 
2318808360111;0.302097;0.0140471;0.979618 0.165388 -0.113997 -0.378671 -0.133083 0.959476 0.248386 0.513622 0.150457 -0.228152 0.96193 -0.574445 0 0 0 1 
2318808360112;0.226828;0.00998024;0.960162 -0.259435 -0.103835 0.543809 0.263336 0.964365 0.0255715 -1.29821 0.0935009 -0.0518963 0.994266 -0.403824 0 0 0 1 
2318808360113;0.311079;0.28424;0.999153 -0.0155005 -0.0381228 0.0148178 0.0150756 0.999821 -0.0114075 -0.0298154 0.0382928 0.0108232 0.999208 -0.129147 0 0 0 1 
2318808360114;0.267587;0.00760851;0.990742 -0.0495873 0.126382 -0.0259612 0.0487208 0.998763 0.00994017 0.0716485 -0.126718 -0.00369073 0.991932 1.19391 0 0 0 1 
2318808360115;0.283003;0.00972587;0.994972 -0.10012 -0.00258577 -0.0473988 0.0965888 0.952417 0.28909 -0.888498 -0.0264809 -0.287886 0.957298 0.708509 0 0 0 1 
2318808360116;0.15967;0.00643371;0.999996 0.00172967 0.00217451 0.227581 -0.00173361 0.999997 0.00180887 0.0194659 -0.00217138 -0.00181264 0.999996 -0.321708 0 0 0 1 
2318808360117;0.274094;0.00911757;0.965882 0.164409 -0.200102 0.582019 -0.19878 0.965902 -0.165892 1.24753 0.166005 0.200009 0.965629 -0.97629 0 0 0 1 
2318808360118;0.309171;0.0101366;0.996039 -0.0608347 0.0648462 0.216965 0.0673998 0.992249 -0.104396 -0.0385381 -0.0579927 0.108354 0.992419 0.950918 0 0 0 1 
2318808360119;0.136528;0.00377011;0.999565 0.00365586 -0.0292557 0.0219624 0.00175407 0.983151 0.182787 -0.224985 0.0294311 -0.182759 0.982717 0.103033 0 0 0 1 
2318808360120;0.394337;0.010857;0.96384 -0.26648 0.00131742 0.395926 0.266472 0.963742 -0.013952 -1.28691 0.00244828 0.0137986 0.999902 -0.806538 0 0 0 1 
2318808360121;0.407083;0.33285;0.998015 -0.0453207 0.0437316 -0.150933 0.0454303 0.998966 -0.00151392 -0.28173 -0.0436178 0.00349766 0.999042 -0.0526365 0 0 0 1 
2318808360122;0.325576;0.00945196;0.96105 0.0210861 -0.27557 0.88684 -0.00595216 0.998433 0.0556402 -0.0743381 0.276312 -0.0518327 0.959669 -1.00985 0 0 0 1 
2318808360124;0.330187;0.0227553;0.953959 -0.161216 0.252926 1.61999 0.11444 0.97511 0.189905 -1.11438 -0.277246 -0.152217 0.948665 3.38266 0 0 0 1 
2318808360125;0.152771;0.0191838;0.988701 -0.149861 -0.00333938 1.5416 0.149895 0.988589 0.0149462 -1.22981 0.00106142 -0.0152779 0.999883 0.225491 0 0 0 1 
2318808360126;0.0910746;0.0194845;0.998176 0.00661735 -0.0600075 -0.124814 -0.00847584 0.999491 -0.0307694 0.1721 0.0597733 0.0312219 0.997724 -0.795852 0 0 0 1 
2318808360127;0.146509;0.0204544;0.993029 -0.106509 0.0504957 1.00666 0.104467 0.993663 0.0414865 -0.80128 -0.0545944 -0.0359222 0.997862 0.964907 0 0 0 1 
2318808360128;0.288596;0.0152582;0.939598 0.133352 -0.315233 -0.442688 -0.160115 0.985245 -0.060463 1.43567 0.302519 0.107285 0.947086 -3.31692 0 0 0 1 
2318808360129;0.489639;0.233635;0.987686 -0.102494 -0.118204 1.55883 0.0677106 0.96114 -0.267629 0.283095 0.141041 0.25633 0.956244 -3.56608 0 0 0 1 
2318808360130;0.532869;0.293015;0.995697 -0.0546881 0.0748138 0.0219537 0.0473718 0.994225 0.0962964 -0.467323 -0.079648 -0.092338 0.992537 1.72068 0 0 0 1 
2318808360131;0.255773;0.0170234;0.998472 -0.00915293 0.0545002 -0.0981162 0.00398446 0.995546 0.0941976 -0.163157 -0.0551196 -0.0938365 0.994061 0.866251 0 0 0 1 
2318808360132;0.368015;0.30926;0.993226 0.0936573 0.0687713 -1.23251 -0.0862153 0.990813 -0.104194 0.83448 -0.077898 0.0975591 0.992176 -0.386899 0 0 0 1 
2318808360133;0.203483;0.0214776;0.986727 0.134325 -0.0912473 -1.10485 -0.118012 0.979163 0.165267 0.827242 0.111545 -0.152305 0.982019 0.515795 0 0 0 1 
2318808360134;0.215895;0.016929;0.997304 -0.0200489 -0.0705864 0.590474 0.0173121 0.999083 -0.0391719 -0.204603 0.071307 0.0378443 0.996736 -0.734031 0 0 0 1 
2318808360135;0.357096;0.020194;0.956248 0.0922893 -0.277618 -0.0982622 -0.0983458 0.995121 -0.00793917 1.10531 0.275531 0.0348944 0.960659 -2.15152 0 0 0 1 
2318808360136;0.39267;0.019578;0.99036 -0.0897668 0.105494 0.87721 0.104001 0.98492 -0.138261 -0.0673366 -0.0914919 0.1479 0.984761 -0.233573 0 0 0 1 
2318808360137;0.205186;0.0168883;0.981852 -0.0147043 -0.189076 0.660686 0.0203076 0.999409 0.0277319 -0.200344 0.188556 -0.0310683 0.981571 -1.16038 0 0 0 1 
2318808360138;0.524941;0.0204969;0.984984 -0.164645 0.0519442 1.37621 0.164436 0.986353 0.00831044 -1.37942 -0.0526036 0.000355842 0.998615 -0.552426 0 0 0 1 
2318808360139;0.224459;0.0158743;0.9913 0.124051 -0.0439874 -1.15497 -0.130866 0.964658 -0.22871 1.75613 0.014061 0.232477 0.9725 -2.37266 0 0 0 1 
2318808360140;0.242736;0.0184406;0.991966 0.0639879 0.109127 -0.769212 -0.0541276 0.994375 -0.0910427 0.702274 -0.114339 0.0844045 0.98985 -0.344728 0 0 0 1 
2318808360141;0.27546;0.183815;0.994496 0.086956 0.0584483 -0.838294 -0.085141 0.995827 -0.0328607 0.620113 -0.0610618 0.0277035 0.997749 -0.0690237 0 0 0 1 
2318808360142;0.19755;0.0271428;0.993759 -0.100097 0.0492387 0.873363 0.0998192 0.994973 0.00808384 -0.581748 -0.0498003 -0.00311842 0.998754 0.104247 0 0 0 1 
2318808360143;0.359468;0.0229983;0.971469 -0.0732379 -0.225575 1.08011 0.0786276 0.996791 0.0149898 -0.68106 0.223754 -0.0322986 0.97411 -0.785319 0 0 0 1 
2318808360144;0.260225;0.0169695;0.982656 -0.17831 0.0509263 1.60667 0.183395 0.975128 -0.124467 -0.929547 -0.0274659 0.131648 0.990916 -1.36174 0 0 0 1 
2318808360145;0.465801;0.0202949;0.90982 -0.230726 0.344954 2.61923 0.248913 0.968487 -0.00872611 -1.59011 -0.33207 0.0938027 0.938579 2.29885 0 0 0 1 
2318808360146;0.208847;0.0220597;0.984077 -0.177743 -0.000851827 1.84061 0.17237 0.955477 -0.239485 -0.560679 0.0433806 0.235525 0.9709 -2.75096 0 0 0 1 
2318808360147;0.522631;0.0102417;0.949074 0.256834 0.182468 -2.70801 -0.226988 0.959068 -0.169308 2.48748 -0.218483 0.119268 0.968525 -0.229706 0 0 0 1 
2318808360148;0.348601;0.190831;0.993567 0.0841272 0.0758101 -0.962376 -0.0888977 0.994115 0.0619149 0.475163 -0.0701552 -0.068256 0.995198 1.51005 0 0 0 1 
2318808360149;0.220362;0.0177551;0.985861 0.16529 -0.0275154 -1.5855 -0.166111 0.985625 -0.0308155 1.49132 0.0220263 0.0349504 0.999146 -0.830964 0 0 0 1 
2318808360150;0.310305;0.0120269;0.997144 0.0683032 0.0322413 -0.996437 -0.0699327 0.996172 0.0524532 0.549847 -0.0285351 -0.0545581 0.998103 0.22894 0 0 0 1 
2318808360151;0.0639999;0.0134656;0.99897 0.0248441 -0.0379808 -0.176377 -0.0234359 0.999037 0.0370817 0.120012 0.0388655 -0.0361533 0.99859 0.121907 0 0 0 1 
2318808360152;0.508923;0.17253;0.994155 0.107589 -0.00896201 -0.401617 -0.107691 0.994114 -0.0118205 0.753065 0.00763751 0.0127165 0.99989 0.381918 0 0 0 1 
2318808360153;0.520442;0.284501;0.998965 0.0454105 -0.00243183 -0.674462 -0.0454263 0.998944 -0.00690228 0.21483 0.00211583 0.0070056 0.999973 0.56465 0 0 0 1 
2318808360155;0.242296;0.0175898;0.969034 0.00370251 0.246898 0.174341 0.0430118 0.982071 -0.183542 -0.00464458 -0.243151 0.188478 0.951501 -0.0297792 0 0 0 1 
2318808360156;0.545461;0.0269423;0.960402 -0.237994 0.144867 2.44462 0.222674 0.968167 0.114324 -1.94513 -0.167464 -0.0775387 0.982824 1.11541 0 0 0 1 
2318808360157;0.417219;0.418632;0.993669 -0.0926178 -0.0635894 0.747428 0.0885187 0.993983 -0.0645108 -0.571579 0.0691816 0.0584735 0.995889 -0.768916 0 0 0 1 
2318808360158;0.428586;0.32856;0.984121 0.0662969 -0.16465 -0.228044 -0.0796544 0.99393 -0.075889 0.586667 0.158619 0.087799 0.983428 -1.58653 0 0 0 1 
2318808360159;0.360686;0.0170202;0.950304 -0.170668 0.260374 1.8449 0.254492 0.90759 -0.333938 -0.565531 -0.179321 0.383606 0.90592 -2.23056 0 0 0 1 
2318808360160;0.334724;0.0317227;0.927974 0.0601577 0.367758 -0.588969 -0.0357491 0.996703 -0.0728338 0.348478 -0.370927 0.0544408 0.927065 2.32918 0 0 0 1 
2318808360161;0.319806;0.282039;0.999372 0.026981 0.0229726 -0.371018 -0.0271499 0.999606 0.00707413 0.0203219 -0.0227727 -0.00769339 0.999711 0.130412 0 0 0 1 
2318808360162;0.00881013;0.017336;0.999997 -0.000274484 0.00234888 0.00119343 0.000273389 1 0.000466285 -0.0373124 -0.00234901 -0.000465642 0.999997 0.0343635 0 0 0 1 
2318808360163;0.15049;0.0201563;0.995655 0.0931131 -0.00103269 -0.922467 -0.0931173 0.995641 -0.00522666 0.513791 0.000541516 0.00530011 0.999986 0.079013 0 0 0 1 
2318808360164;0.34564;0.335566;0.999679 0.0103537 0.0231217 -0.193862 -0.009622 0.999456 -0.0315376 0.0692915 -0.0234357 0.031305 0.999235 -0.130276 0 0 0 1 
2318808360165;0.629483;0.0203279;0.932368 -0.15314 0.327471 0.859203 0.194071 0.976278 -0.0960037 -1.78643 -0.305001 0.153064 0.939971 0.487967 0 0 0 1 
2318808360166;0.356263;0.021854;0.997311 0.0634159 -0.0367189 -0.11713 -0.0656151 0.995907 -0.0621566 0.263159 0.0326269 0.0643988 0.997391 -0.373647 0 0 0 1 
2318808360167;0.348773;0.0210925;0.978043 -0.038677 0.204781 0.196329 0.114972 0.919702 -0.375406 0.426385 -0.173818 0.390707 0.903955 -2.21469 0 0 0 1 
2318808360168;0.491205;0.0318021;0.96905 -0.108635 -0.221676 1.06086 0.138302 0.982724 0.122986 -0.693827 0.204486 -0.149838 0.967334 0.642171 0 0 0 1 
2318808360169;0.364685;0.0238735;0.999804 -0.015631 -0.0121664 0.29515 0.0153815 0.999675 -0.0203412 0.306808 0.0124804 0.0201501 0.999719 -0.859711 0 0 0 1 
2318808360170;0.293853;0.020281;0.999076 0.0302186 0.030576 -0.524992 -0.0301123 0.999539 -0.003932 0.117067 -0.0306808 0.00300765 0.999525 -0.355473 0 0 0 1 
2318808360171;0.404455;0.0272807;0.994946 0.0555883 0.0836203 -0.994057 -0.0744314 0.967266 0.242603 0.0549962 -0.0673972 -0.247601 0.966515 2.58465 0 0 0 1 
2318808360172;0.214721;0.0252257;0.99012 -0.0305305 0.136858 0.246825 0.0166943 0.994733 0.101129 -0.189656 -0.139225 -0.0978451 0.985415 2.31468 0 0 0 1 
2318808360173;0.439959;0.336668;0.999878 -0.014622 0.00554784 0.203445 0.015207 0.991833 -0.126634 0.197928 -0.00365089 0.126703 0.991934 -1.20153 0 0 0 1 
2318808360174;0.284722;0.0288627;0.983023 -0.128752 0.130723 1.32389 0.155765 0.962127 -0.223714 -0.965464 -0.0969684 0.240278 0.965849 -1.75282 0 0 0 1 
2318808360175;0.207536;0.0133204;0.997336 -0.0485479 -0.0544396 0.506565 0.04689 0.998409 -0.0313294 -0.714026 0.0558739 0.0286933 0.998025 -0.800561 0 0 0 1 
2318808360176;0.417626;0.0353518;0.969261 -0.168052 -0.179702 1.66225 0.212343 0.940301 0.265977 -1.30993 0.124276 -0.295959 0.947082 1.26511 0 0 0 1 
2318808360177;0.414555;0.0299597;0.955044 -0.0611006 -0.290098 1.54208 0.0282356 0.99283 -0.116154 0.122184 0.295115 0.102742 0.949922 -2.64738 0 0 0 1 
2318808360178;0.192544;0.0238716;0.994805 -0.100683 0.0150636 0.883845 0.100605 0.994909 0.00588226 -0.668033 -0.0155791 -0.00433623 0.999869 -0.190561 0 0 0 1 
2318808360179;0.369856;0.214556;0.994613 0.0925648 0.0466477 -0.855756 -0.0898739 0.994331 -0.0568139 0.633154 -0.0516423 0.0523155 0.997294 0.298089 0 0 0 1 
2318808360180;0.269585;0.0344967;0.999715 0.0107706 0.0213117 -0.142283 -0.0109716 0.999896 0.00933726 0.0898803 -0.0212089 -0.00956843 0.999729 0.762435 0 0 0 1 
2318808360181;0.159003;0.0212318;0.999042 -0.0432063 -0.00691308 0.269903 0.0432733 0.999015 0.00985316 -0.350497 0.00648055 -0.0101429 0.999928 0.299742 0 0 0 1 
2318808360182;0.250033;0.158958;0.99977 0.0166489 -0.0135185 -0.307893 -0.0156701 0.997456 0.0695364 -0.189338 0.0146418 -0.0693086 0.997488 0.48899 0 0 0 1 
2318808360183;0.583654;0.426683;0.995408 -0.0907801 0.0303785 0.595369 0.0882857 0.993247 0.0752758 -1.13758 -0.0370069 -0.0722481 0.9967 0.189804 0 0 0 1 
2318808360184;0.254669;0.0297304;0.988184 0.151472 -0.0234262 -1.14819 -0.150812 0.988172 0.0277709 1.24708 0.0273556 -0.0239098 0.99934 0.379709 0 0 0 1 
2318808360186;0.32371;0.319914;0.999004 -0.00469301 -0.0443687 -0.326309 0.00402852 0.999879 -0.0150542 0.084154 0.0444339 0.0148605 0.998902 -0.0728484 0 0 0 1 
2318808360187;0.391738;0.3032;0.993004 -0.0972661 -0.066945 0.365701 0.101654 0.992655 0.0656003 -0.578245 0.0600725 -0.0719466 0.995598 -0.175657 0 0 0 1 
2318808360188;0.250929;0.010616;0.964639 -0.263461 0.0078049 0.968345 0.255759 0.942778 0.213908 -1.51193 -0.0637146 -0.204348 0.976823 0.841246 0 0 0 1 
2318808360189;0.35413;0.0151472;0.946578 0.239134 -0.216347 0.043916 -0.191131 0.956392 0.220871 1.17147 0.25973 -0.167721 0.951005 -0.680305 0 0 0 1 
2318808360190;0.38404;0.0136336;0.971843 0.0902977 0.217639 -0.574016 -0.0810022 0.995394 -0.0512792 0.576849 -0.221267 0.0322061 0.974681 0.472217 0 0 0 1 
2318808360191;0.142007;0.0157367;0.993416 -0.063159 0.0955827 0.288846 0.0602 0.997623 0.0335335 -0.378156 -0.0974734 -0.0275586 0.994857 0.434151 0 0 0 1 
2318808360192;0.308225;0.0111362;0.997896 -0.0468277 0.0448523 -0.577344 0.0483095 0.998302 -0.0325418 -0.195816 -0.0432523 0.0346401 0.998463 0.153842 0 0 0 1 
2318808360193;0.19468;0.0105063;0.987427 0.08788 -0.131399 -0.129642 -0.0779689 0.993839 0.0787675 0.673292 0.137512 -0.0675321 0.988195 -0.681418 0 0 0 1 
2318808360194;0.35362;0.00832832;0.994799 -0.0340204 0.0960115 -0.180856 0.032216 0.999275 0.0202817 -0.839092 -0.0966319 -0.0170831 0.995174 0.186512 0 0 0 1 
2318808360195;0.220312;0.0116707;0.994312 -0.10573 0.0128584 0.340563 0.103255 0.986496 0.127136 -0.613847 -0.0261268 -0.125085 0.991802 0.113764 0 0 0 1 
2318808360196;0.321597;0.0146157;0.995037 0.0493689 0.0863941 -0.484862 -0.0442119 0.997181 -0.0606207 0.650801 -0.0891433 0.0565002 0.994415 0.912805 0 0 0 1 
2318808360197;0.117422;0.0124316;0.999687 -0.00734474 0.0239101 0.150129 0.00668196 0.999594 0.0276825 -0.0583115 -0.0241037 -0.0275141 0.999331 0.423031 0 0 0 1 
2318808360198;0.145591;0.0122865;0.996212 -0.0718223 -0.0490264 0.116077 0.0714472 0.9974 -0.00936192 -0.450325 0.0495714 0.00582365 0.998754 -0.550818 0 0 0 1 
2318808360199;0.334769;0.0115647;0.999998 -0.000369555 0.00189705 -0.250922 0.000376908 0.999992 -0.00387724 -0.0104442 -0.00189561 0.00387795 0.999991 0.725797 0 0 0 1 
2318808360200;0.307694;0.0178244;0.967941 0.250106 -0.0231812 -0.342517 -0.248218 0.966579 0.0641316 1.91257 0.0384461 -0.0563216 0.997672 0.0819217 0 0 0 1 
2318808360201;0.28708;0.0155456;0.994829 -0.101275 0.00766483 0.833577 0.101319 0.994838 -0.0056505 -0.497026 -0.00705301 0.00639788 0.999955 0.340041 0 0 0 1 
2318808360202;0.140274;0.00775877;0.990652 0.136384 -0.00279105 -0.281663 -0.136412 0.990461 -0.0194402 0.910625 0.000113095 0.0196392 0.999807 0.090579 0 0 0 1 
2318808360203;0.354364;0.0130209;0.994114 0.0919145 -0.0573507 -0.212944 -0.0807284 0.98149 0.173667 -0.222934 0.0722516 -0.168015 0.983133 0.574283 0 0 0 1 
2318808360204;0.41534;0.0132998;0.905786 -0.0701728 0.417885 -0.0406589 0.0137577 0.990542 0.136515 -0.345563 -0.423512 -0.117904 0.898185 2.66047 0 0 0 1 
2318808360205;0.260883;0.0104688;0.989229 -0.130821 -0.0656686 0.313025 0.127648 0.990538 -0.0504091 -1.08288 0.0716418 0.0414837 0.996567 -0.22084 0 0 0 1 
2318808360206;0.381649;0.241495;0.986252 -0.110765 0.122633 0.202841 0.118859 0.991051 -0.0607563 -0.474577 -0.114806 0.074497 0.990591 0.378628 0 0 0 1 
2318808360207;0.376035;0.0122649;0.904405 0.298166 0.305202 -0.784396 -0.281167 0.954506 -0.0993204 1.95133 -0.320931 0.00401336 0.947094 1.97034 0 0 0 1 
2318808360208;0.370049;0.0119421;0.99426 0.0111816 0.106408 -0.378349 -0.0212994 0.995304 0.0944298 -0.0195529 -0.104852 -0.0961542 0.989828 1.64727 0 0 0 1 
2318808360209;0.193142;0.00952916;0.973717 0.200839 -0.107416 -0.205189 -0.199845 0.979622 0.0200493 1.17699 0.109254 0.0019442 0.994012 -0.582456 0 0 0 1 
2318808360210;0.416709;0.292462;0.971506 -0.232628 0.0453953 0.944356 0.220412 0.957147 0.187851 -1.22209 -0.0871494 -0.172493 0.981148 0.944976 0 0 0 1 
2318808360211;0.229662;0.0126401;0.98051 -0.189053 -0.053463 0.737812 0.196076 0.95879 0.205613 -1.35132 0.0123881 -0.212088 0.977172 0.510831 0 0 0 1 
2318808360212;0.235303;0.0119202;0.958315 0.285213 0.0169333 -0.716764 -0.284531 0.958056 -0.0342208 1.50901 -0.0259833 0.0279762 0.999271 0.0588642 0 0 0 1 
2318808360213;0.418371;0.0123133;0.970333 0.241441 0.0126229 -0.843028 -0.241659 0.970148 0.0203414 1.34111 -0.0073348 -0.0227884 0.999713 0.872861 0 0 0 1 
2318808360214;0.104638;0.00990428;0.993612 0.112797 -0.00357988 -0.240767 -0.112563 0.992826 0.0403179 0.560175 0.00810193 -0.0396574 0.99918 -0.02016 0 0 0 1 
2318808360215;0.379457;0.342984;0.999339 -0.00132728 -0.0363157 0.0355813 8.54029e-05 0.999416 -0.0341768 0.155374 0.0363399 0.0341512 0.998756 -0.191616 0 0 0 1 
2318808360217;0.475077;0.0204635;0.883218 0.228473 -0.409543 -0.0746342 -0.271729 0.961082 -0.049849 1.91876 0.382215 0.155312 0.910928 -2.85613 0 0 0 1 
2318808360218;0.538469;0.00853078;0.944533 -0.327529 -0.0241121 2.55014 0.327429 0.93347 0.146368 -1.72739 -0.0254317 -0.146144 0.988936 1.83219 0 0 0 1 
2318808360219;0.26223;0.0148357;0.97997 -0.0573344 -0.190716 0.416028 0.0668475 0.9968 0.0438221 -0.170959 0.187593 -0.0556931 0.980667 -1.09418 0 0 0 1 
2318808360220;0.178884;0.00773211;0.993729 0.0761443 0.0818806 -0.612762 -0.0662849 0.990913 -0.117038 0.672693 -0.0900484 0.110877 0.989746 0.116157 0 0 0 1 
2318808360221;0.32248;0.00885359;0.92586 -0.300447 0.229161 1.88974 0.293228 0.953778 0.0657706 -1.64708 -0.23833 0.00630213 0.971164 1.41378 0 0 0 1 
2318808360222;0.547442;0.387869;0.99954 0.0301979 -0.00275211 -0.340155 -0.0303226 0.995916 -0.0850347 0.126842 0.000173001 0.085079 0.996374 -0.0723628 0 0 0 1 
2318808360223;0.279763;0.224819;0.998982 0.0358649 0.027374 -0.266353 -0.0361618 0.999292 0.0104291 0.144485 -0.0269806 -0.0114084 0.999571 0.0536046 0 0 0 1 
2318808360224;0.19078;0.00914191;0.987371 -0.155483 0.0303816 0.892927 0.157426 0.984432 -0.0781677 -0.624191 -0.0177548 0.0819634 0.996477 -0.483938 0 0 0 1 
2318808360225;0.382191;0.0116258;0.940318 0.340007 0.0140701 -1.69697 -0.330729 0.922832 -0.197483 2.76256 -0.0801299 0.181043 0.980205 -0.938124 0 0 0 1 
2318808360226;0.232462;0.00580292;0.980094 -0.197604 -0.0191915 1.21753 0.198102 0.967009 0.160156 -1.05423 -0.0130891 -0.16077 0.986905 1.25738 0 0 0 1 
2318808360227;0.121258;0.00664245;0.99999 -4.33488e-05 0.00450065 -0.00923861 1.32459e-05 0.999978 0.00668838 0.00684068 -0.00450084 -0.00668825 0.999968 -0.16456 0 0 0 1 
2318808360228;0.342472;0.31619;0.999366 0.0351046 0.00599934 -0.249723 -0.0348837 0.998825 -0.0336452 0.247887 -0.00717339 0.0334145 0.999416 -0.151855 0 0 0 1 
2318808360229;0.411101;0.0100961;0.983552 -0.000228026 0.180626 -0.472691 0.0212664 0.99319 -0.114547 -0.0223016 -0.179369 0.116504 0.976859 1.0576 0 0 0 1 
2318808360230;0.270984;0.00521116;0.940976 -0.337879 -0.0200539 2.37538 0.335786 0.939317 -0.0702269 -1.63281 0.0425652 0.059348 0.997329 -0.706046 0 0 0 1 
2318808360231;0.448163;0.278296;0.999619 0.00589815 0.0269594 -0.618273 -0.00281688 0.993599 -0.112932 -0.0745313 -0.0274529 0.112813 0.993237 -0.664688 0 0 0 1 
2318808360232;0.480703;0.0104985;0.99322 -0.109059 -0.0402414 0.909557 0.106787 0.992768 -0.054849 -0.389604 0.0459321 0.0501799 0.997683 -1.43375 0 0 0 1 
2318808360233;0.538633;0.436469;0.99572 0.0735873 0.0559156 -0.652983 -0.0689463 0.99434 -0.0808299 0.486452 -0.0615472 0.0766288 0.995158 -0.316823 0 0 0 1 
2318808360234;0.46577;0.0180505;0.998135 -0.0577368 0.0198487 0.330294 0.0578204 0.99832 -0.00366272 0.518235 -0.0196039 0.00480354 0.999796 0.244714 0 0 0 1 
2318808360235;0.501727;0.0124657;0.998381 0.0359083 -0.0441231 -0.151338 -0.0351042 0.999206 0.0188645 0.195399 0.0447654 -0.0172851 0.998848 -1.14373 0 0 0 1 
2318808360236;0.219286;0.0104661;0.975422 0.187697 -0.115419 -0.797835 -0.18886 0.982004 0.000872216 1.36971 0.113506 0.0209473 0.993317 -1.06169 0 0 0 1 
2318808360237;0.1427;0.0136548;0.998056 -0.062167 -0.00449087 0.220251 0.0618272 0.996572 -0.0549632 -0.278582 0.00789236 0.0545786 0.998478 -0.566128 0 0 0 1 
2318808360238;0.478527;0.363223;0.990591 -0.0457957 -0.128963 0.394365 0.0370736 0.996911 -0.0692399 -0.109083 0.131736 0.0638074 0.989229 -1.3186 0 0 0 1 
2318808360239;0.07712;0.00982984;0.998745 0.0240954 -0.0439176 -0.143952 -0.0254692 0.999195 -0.0309932 0.192768 0.0431355 0.0320728 0.998554 -0.565465 0 0 0 1 
2318808360240;0.277432;0.00679935;0.965499 0.0357277 0.257944 -0.383269 -0.0657033 0.991918 0.108541 0.220235 -0.251981 -0.121744 0.960044 2.5186 0 0 0 1 
2318808360241;0.414755;0.00507393;0.904942 0.195914 -0.377754 0.0414882 -0.155226 0.978524 0.135633 0.891969 0.396214 -0.064103 0.915918 -1.94381 0 0 0 1 
2318808360242;0.207147;0.0123153;0.987729 -0.15397 -0.0261508 1.10156 0.154546 0.987748 0.0216504 -1.22626 0.0224969 -0.0254263 0.999424 0.0873267 0 0 0 1 
2318808360243;0.526989;0.550425;0.999749 -0.00210296 -0.0223143 0.121756 0.00285002 0.999435 0.0335002 -0.184922 0.0222313 -0.0335554 0.99919 0.0288466 0 0 0 1 
2318808360244;0.293823;0.00789496;0.996309 0.0695019 0.0503704 -0.38826 -0.0741304 0.992545 0.0967459 0.405761 -0.0432708 -0.100123 0.994034 1.39653 0 0 0 1 
2318808360245;0.161157;0.0110791;0.998998 -0.0437679 0.00938757 0.232983 0.0440189 0.998626 -0.0284507 -0.344618 -0.00812944 0.0288354 0.999551 -0.390634 0 0 0 1 
2318808360246;0.48133;0.00651906;0.947204 -0.00851985 0.320518 0.0544517 -0.0527875 0.981862 0.182099 -0.260265 -0.316256 -0.189404 0.929574 2.63828 0 0 0 1 
2318808360248;0.277285;0.00936298;0.999888 -0.0112067 -0.00988602 0.0503292 0.0115304 0.999378 0.0333132 0.275363 0.00950655 -0.0334235 0.999396 0.55707 0 0 0 1 
2318808360249;0.346523;0.0679803;0.944305 0.301636 0.131542 0.0229946 -0.318368 0.938544 0.133332 1.39647 -0.0832403 -0.167785 0.982303 0.736253 0 0 0 1 
2318808360250;0.347649;0.0135745;0.962784 -0.193423 0.188772 0.0693838 0.201864 0.979059 -0.0263731 -1.63206 -0.179718 0.0634978 0.981667 1.21541 0 0 0 1 
2318808360251;0.136295;0.0116718;0.996914 0.0322514 -0.0715724 0.052397 -0.0217306 0.989458 0.143183 -0.0488803 0.0754358 -0.141186 0.987105 -0.52425 0 0 0 1 
2318808360252;0.263745;0.224457;0.998966 -0.0428141 -0.0153169 0.0165505 0.0430157 0.998989 0.013082 -0.320709 0.0147413 -0.0137274 0.999797 -0.0549481 0 0 0 1 
2318808360253;0.38952;0.0157279;0.945959 -0.318983 0.0584137 -0.322558 0.318736 0.947744 0.0137612 -1.77928 -0.0597508 0.00560102 0.998198 0.344269 0 0 0 1 
2318808360254;0.304973;0.0112797;0.994122 -0.10805 0.00684129 0.66202 0.107836 0.993821 0.0262803 -0.442029 -0.00963859 -0.0253881 0.999631 -0.403001 0 0 0 1 
2318808360255;0.467336;0.232681;0.990249 -0.133303 -0.0404564 -0.000860055 0.130991 0.989842 -0.0552672 -0.701595 0.0474127 0.0494289 0.997652 0.378504 0 0 0 1 
2318808360256;0.501332;0.209511;0.997122 0.0755506 -0.00625674 -0.196882 -0.0714392 0.964054 0.255921 -0.410434 0.0253668 -0.254737 0.966677 0.134269 0 0 0 1 
2318808360257;0.448145;0.362924;0.99671 0.0698732 0.0410623 0.114491 -0.0693132 0.997484 -0.0149088 0.217138 -0.0420007 0.0120136 0.999045 0.197503 0 0 0 1 
2318808360258;0.160463;0.0139014;0.986791 -0.120396 -0.108389 0.351568 0.123894 0.991952 0.0261122 -0.640023 0.104373 -0.0391961 0.993766 -0.696334 0 0 0 1 
