#;prob_registration_l1 -r /home/probabilistic_point_clouds_registration/build/tester /home/point_clouds_registration_benchmark//devel/registration_pairs/apartment_local.txt /home/point_clouds_registration_benchmark//eth/apartment -s 0.2 -t 0.2 -p 0.3 -r 1000 -m 15 -i 40 
id;initial_error;final_error;transformation
13001298760000;0.820981;1.30933;0.913911 -0.383455 0.13315 -0.431265 0.375389 0.923218 0.0821666 -3.22319 -0.154434 -0.0251099 0.987684 0.288741 0 0 0 1 
13001298760001;0.68771;1.39985;0.954026 -0.257988 -0.152564 0.461718 0.29744 0.877631 0.375889 -2.78333 0.0369195 -0.403987 0.914019 0.458305 0 0 0 1 
13001298760002;0.636186;0.428744;0.978877 0.157107 -0.130833 0.116043 -0.115848 0.953503 0.278228 -0.411735 0.168461 -0.257194 0.951563 -0.995255 0 0 0 1 
13001298760003;0.411513;1.29877;0.960637 -0.272683 0.0531035 0.212573 0.27007 0.961462 0.0514996 -2.2837 -0.0651001 -0.0351307 0.99726 -0.169919 0 0 0 1 
13001298760004;0.857932;1.37988;0.915537 -0.380875 -0.129328 0.154247 0.373667 0.924361 -0.0770106 -2.40151 0.148877 0.0221807 0.988607 0.46383 0 0 0 1 
13001298760005;0.460674;1.69751;0.908012 0.418485 0.0196066 0.213419 -0.416951 0.907261 -0.0550306 -1.02903 -0.0408179 0.0417934 0.998292 0.456883 0 0 0 1 
13001298760006;0.655521;0.815253;0.970001 0.241748 0.0255953 -0.558346 -0.24186 0.97031 0.00133023 -0.00586508 -0.0245138 -0.00748081 0.999672 0.420634 0 0 0 1 
13001298760007;0.308888;0.508666;0.882941 0.334435 0.329497 0.202857 -0.391938 0.911437 0.125165 0.519212 -0.258456 -0.239656 0.935823 0.803576 0 0 0 1 
13001298760008;0.466988;0.490405;0.932614 0.351695 0.0808814 -0.0761734 -0.35399 0.935119 0.0155741 0.215292 -0.0701564 -0.0431558 0.996602 -0.0884323 0 0 0 1 
13001298760009;0.423945;0.553951;0.951624 0.291968 0.0957443 -0.35956 -0.269472 0.942744 -0.196516 0.500654 -0.147639 0.161208 0.975815 0.0197289 0 0 0 1 
13001298760010;0.258498;0.578593;0.952921 0.300161 -0.0429479 0.340692 -0.301679 0.952778 -0.0346823 0.587717 0.0305095 0.046006 0.998475 0.0113687 0 0 0 1 
13001298760011;0.784351;0.85964;0.977277 0.201432 0.0659896 -0.304999 -0.211813 0.939851 0.267983 -0.330453 -0.00803996 -0.275871 0.961161 -0.505424 0 0 0 1 
13001298760012;0.622128;0.383323;0.964261 0.263636 -0.0264095 0.32643 -0.262628 0.964213 0.0363261 -0.149552 0.0350413 -0.0280919 0.998991 0.174157 0 0 0 1 
13001298760013;0.398004;0.50973;0.889635 0.425686 0.165348 0.213253 -0.400028 0.901069 -0.167489 0.744914 -0.220288 0.0828605 0.971909 0.929928 0 0 0 1 
13001298760014;0.755219;1.03681;0.984501 0.107535 -0.138542 0.532358 -0.0981319 0.992491 0.0730195 -0.549998 0.145353 -0.0582925 0.987661 -1.06919 0 0 0 1 
13001298760015;0.388158;0.797315;0.957279 0.256505 -0.133497 0.18173 -0.255561 0.966484 0.0244571 0.194727 0.135296 0.0107043 0.990747 -0.199173 0 0 0 1 
13001298760016;0.851768;0.542694;0.963405 0.267891 -0.00924705 0.62142 -0.267956 0.963409 -0.00660168 0.810362 0.00714015 0.00883789 0.999935 0.499385 0 0 0 1 
13001298760017;0.399547;0.444577;0.943304 0.331928 0.00120625 0.164426 -0.331652 0.942656 -0.0375005 0.513413 -0.0135845 0.0349743 0.999296 0.415924 0 0 0 1 
13001298760018;0.820633;0.64591;0.878809 0.426968 -0.213056 0.571749 -0.425338 0.903311 0.0558221 0.640903 0.21629 0.0415637 0.975444 0.27989 0 0 0 1 
13001298760019;0.329854;0.39517;0.991176 0.0946794 -0.0927693 0.0257011 -0.090112 0.99456 0.0522524 -0.390708 0.0972119 -0.0434317 0.994316 -0.329463 0 0 0 1 
13001298760020;0.847185;0.48879;0.955902 0.293204 0.016838 -0.0691505 -0.293132 0.956049 -0.00664612 0.796156 -0.0180466 0.00141727 0.999836 0.840543 0 0 0 1 
13001298760021;0.886722;1.37537;0.909328 -0.254141 -0.329447 0.882851 0.335506 0.916153 0.219316 -2.96532 0.246087 -0.309962 0.918349 -1.16764 0 0 0 1 
13001298760022;0.59893;0.618038;0.913173 0.351041 -0.20709 0.56402 -0.273434 0.904449 0.327424 -0.0283714 0.302241 -0.242369 0.921904 -1.298 0 0 0 1 
13001298760023;0.367247;0.412327;0.993502 0.0921702 0.0667651 -0.188392 -0.0958716 0.993899 0.0545306 -0.358795 -0.0613317 -0.0605772 0.996277 -0.00561123 0 0 0 1 
13001298760024;0.0968236;0.431401;0.977038 0.207177 0.0497462 -0.107125 -0.209339 0.976895 0.0430614 0.192699 -0.0396754 -0.0524864 0.997833 0.197591 0 0 0 1 
13001298760025;0.689632;1.06369;0.910272 0.411087 -0.0491173 0.509285 -0.400229 0.843401 -0.358458 0.748071 -0.105932 0.345952 0.932253 0.750906 0 0 0 1 
13001298760026;0.452516;1.35788;0.986096 -0.156056 0.0571114 -0.0683366 0.150485 0.984371 0.09148 -1.54738 -0.0704948 -0.0816137 0.994168 0.206744 0 0 0 1 
13001298760027;0.353163;1.38031;0.91182 -0.298114 0.282334 -0.0405989 0.196031 0.920278 0.338615 -2.23099 -0.360772 -0.253409 0.897568 0.84606 0 0 0 1 
13001298760028;0.770166;1.12734;0.959402 0.276938 0.0534112 0.168974 -0.267979 0.954123 -0.133553 0.452285 -0.0879469 0.113818 0.989601 0.0966435 0 0 0 1 
13001298760029;0.444231;0.492817;0.90223 0.380802 0.202412 0.371819 -0.401225 0.913283 0.0702397 0.374644 -0.158112 -0.144585 0.976778 0.690969 0 0 0 1 
13001298760031;1.0814;0.190586;0.922158 0.385306 0.0341235 0.696817 -0.351582 0.871682 -0.341408 1.49348 -0.161292 0.302835 0.939295 1.70875 0 0 0 1 
13001298760032;0.762366;0.216053;0.978226 -0.188579 -0.0866685 -0.65374 0.191704 0.981018 0.0291977 -0.550191 0.0795173 -0.0451767 0.995809 -0.77783 0 0 0 1 
13001298760033;0.562268;0.216687;0.975484 -0.193325 -0.105149 -0.647231 0.18485 0.979066 -0.0852098 -0.518126 0.119421 0.0636839 0.990799 0.0704034 0 0 0 1 
13001298760034;0.913227;0.245924;0.984969 -0.156234 -0.073667 -0.606811 0.118815 0.922377 -0.367563 -0.150905 0.125375 0.353286 0.927076 0.954991 0 0 0 1 
13001298760035;0.190074;0.226449;0.98795 0.117451 -0.100801 0.24745 -0.110291 0.991148 0.0739005 0.396553 0.108589 -0.0618925 0.992158 -0.487964 0 0 0 1 
13001298760036;1.3176;0.189222;0.933722 -0.354755 -0.0480899 -1.40232 0.357593 0.917806 0.172508 -0.775985 -0.017061 -0.178271 0.983833 -0.291159 0 0 0 1 
13001298760037;0.408209;0.166591;0.991743 0.121184 -0.0419556 0.0609966 -0.125488 0.984477 -0.122712 0.700032 0.0264335 0.126964 0.991555 0.111495 0 0 0 1 
13001298760038;0.799177;0.206925;0.999871 0.00613264 -0.0148122 0.394647 -0.00355457 0.98575 0.168182 -0.294668 0.0156325 -0.168108 0.985645 -0.33432 0 0 0 1 
13001298760039;0.512139;0.257058;0.999724 0.0184455 -0.0145698 -0.0803782 -0.0188001 0.999521 -0.0245849 0.136625 0.0141093 0.0248521 0.999592 0.429482 0 0 0 1 
13001298760040;0.790161;0.194485;0.999626 0.0257965 -0.00904873 0.164574 -0.0259078 0.999587 -0.0124011 0.368908 0.00872509 0.0126308 0.999882 -0.473956 0 0 0 1 
13001298760041;0.304867;0.192782;0.986187 -0.1067 0.12669 -0.343125 0.11396 0.99215 -0.0514921 -0.0812515 -0.120201 0.0652185 0.990605 0.441917 0 0 0 1 
13001298760042;0.323258;0.269444;0.997297 0.0732892 -0.00518148 0.0634527 -0.0730224 0.996516 0.0402907 0.0967902 0.0081163 -0.0398035 0.999175 0.0074818 0 0 0 1 
13001298760043;1.1294;0.194169;0.949259 -0.307845 -0.0643278 -0.575724 0.312965 0.904524 0.289635 -1.89046 -0.0309768 -0.295071 0.954973 -0.829206 0 0 0 1 
13001298760044;0.672602;0.191536;0.988402 -0.0706816 0.134405 -0.619587 0.0761855 0.996434 -0.0362515 -0.0117826 -0.131364 0.0460708 0.990263 0.224858 0 0 0 1 
13001298760045;0.603165;0.555442;0.898029 0.43735 0.047628 1.06642 -0.432606 0.897557 -0.0851105 1.60536 -0.0799719 0.0558276 0.995233 0.109942 0 0 0 1 
13001298760046;0.435224;0.199532;0.899891 0.109585 -0.422122 0.733386 -0.131939 0.990967 -0.0240095 0.590487 0.415678 0.0773001 0.906221 -1.06514 0 0 0 1 
13001298760047;1.03472;0.226166;0.99894 -0.0239735 0.0392946 -0.335968 0.0136357 0.969471 0.244826 -0.44223 -0.0439643 -0.244031 0.96877 -0.980469 0 0 0 1 
13001298760048;1.38851;0.221602;0.994301 0.0714707 0.079107 0.150783 -0.0988609 0.895852 0.433215 -0.711275 -0.039906 -0.438567 0.897812 -1.34286 0 0 0 1 
13001298760049;0.308211;0.220743;0.988749 0.134301 -0.0658725 0.0822367 -0.126067 0.98518 0.116311 0.285526 0.0805169 -0.106697 0.991026 -0.423672 0 0 0 1 
13001298760050;0.383404;0.215377;0.999015 -0.0443717 -0.000735467 -0.457668 0.0443415 0.998731 -0.0238956 -0.145204 0.00179482 0.0238394 0.999714 0.138845 0 0 0 1 
13001298760051;1.39486;0.206069;0.915563 -0.378576 0.135735 -1.64525 0.388912 0.919379 -0.059081 -1.39804 -0.102426 0.106881 0.988982 0.646924 0 0 0 1 
13001298760052;0.390791;0.184582;0.999839 -0.0169526 0.00586737 -0.353617 0.0169072 0.999827 0.00769994 -0.15297 -0.00599689 -0.0075995 0.999953 0.00497255 0 0 0 1 
13001298760053;0.738841;0.718661;0.956303 0.292287 0.00722148 0.951966 -0.290691 0.947856 0.130642 0.932939 0.0313401 -0.127033 0.991403 -0.162964 0 0 0 1 
13001298760054;0.290741;0.306171;0.996107 -0.0865659 -0.0166765 -0.405298 0.0861026 0.995927 -0.0267394 -0.0446077 0.0189233 0.0251994 0.999503 -0.0978105 0 0 0 1 
13001298760055;0.983527;0.474466;0.978986 0.159109 0.127557 -0.485926 -0.137386 0.976839 -0.164046 0.850772 -0.150704 0.143074 0.978171 1.04318 0 0 0 1 
13001298760056;0.893456;0.672271;0.996041 -0.0884322 0.00905728 -0.0824456 0.0886447 0.995707 -0.0266298 -0.378542 -0.00666347 0.0273272 0.999604 -0.0718639 0 0 0 1 
13001298760057;1.32906;0.215082;0.996789 0.0708532 0.0372956 0.482541 -0.0710034 0.997472 0.00271736 0.87664 -0.0370088 -0.00535675 0.999301 -0.461864 0 0 0 1 
13001298760058;1.04418;0.458001;0.959355 -0.226057 0.168928 -0.844582 0.222213 0.974111 0.0415794 -0.601977 -0.173954 -0.00235152 0.984751 -0.103902 0 0 0 1 
13001298760059;1.02726;0.220004;0.99782 0.0449427 -0.0483339 0.403716 -0.0325657 0.972236 0.231726 -0.141675 0.0574063 -0.229647 0.971579 -1.16817 0 0 0 1 
13001298760060;1.18019;1.19388;0.975403 -0.187969 -0.115134 0.0795434 0.204914 0.965718 0.159369 -1.72208 0.0812307 -0.179042 0.980482 -0.503146 0 0 0 1 
13001298760062;0.42647;0.954468;0.986417 -0.164118 -0.00685885 -0.409635 0.16412 0.982973 0.0826332 -0.153448 -0.00681957 -0.0826365 0.996556 0.0550223 0 0 0 1 
13001298760063;0.820769;0.956417;0.970664 -0.235882 0.0465885 -0.163107 0.235508 0.971779 0.0134339 -0.18356 -0.0484426 -0.0020678 0.998824 0.766783 0 0 0 1 
13001298760064;0.637796;1.03304;0.999817 -0.0141164 0.0128991 -0.0240994 0.0145221 0.999385 -0.0319182 0.717449 -0.0124406 0.0320997 0.999407 0.558548 0 0 0 1 
13001298760065;1.32441;1.16803;0.93037 -0.272706 -0.245037 -0.00915062 0.34817 0.866575 0.357526 -1.13993 0.114844 -0.417946 0.901184 -2.31127 0 0 0 1 
13001298760066;0.832986;1.17725;0.924582 -0.38091 0.00754123 -0.600623 0.380659 0.922793 -0.0596008 -0.221571 0.0157435 0.0579764 0.998194 0.375862 0 0 0 1 
13001298760067;0.500971;1.17789;0.885307 -0.46485 0.0120471 -0.601813 0.462628 0.877868 -0.123786 -1.04152 0.0469663 0.115162 0.992236 -0.0670252 0 0 0 1 
13001298760068;1.1413;1.10815;0.909803 -0.389365 0.143712 -1.03488 0.36891 0.917309 0.149831 -0.275744 -0.190168 -0.0832997 0.978211 0.850751 0 0 0 1 
13001298760069;0.277143;1.29164;0.971854 -0.189784 -0.139578 -0.201052 0.212119 0.962701 0.167966 -0.0848729 0.102495 -0.192846 0.975861 -0.840794 0 0 0 1 
13001298760070;1.31041;1.17302;0.952376 -0.293671 0.0820819 -0.639963 0.298765 0.952528 -0.0585711 -0.371399 -0.0609846 0.0803049 0.994903 -0.414869 0 0 0 1 
13001298760071;0.311671;1.49992;0.770144 -0.589875 -0.242746 -0.454693 0.621239 0.779962 0.0756466 -1.90879 0.144711 -0.209062 0.967136 -1.08831 0 0 0 1 
13001298760072;0.364438;1.23724;0.90333 -0.426894 0.0419016 -0.656801 0.428746 0.901573 -0.0578219 -0.732963 -0.0130935 0.0701975 0.997447 0.428569 0 0 0 1 
13001298760073;1.33186;1.09283;0.828734 -0.461065 0.317205 -0.922255 0.541582 0.803556 -0.246956 -0.936661 -0.141029 0.376454 0.915638 1.23547 0 0 0 1 
13001298760074;0.375476;1.24303;0.807684 -0.442521 -0.389645 -0.0948179 0.368492 0.894735 -0.252316 -0.62827 0.460283 0.0602104 0.885728 -1.42218 0 0 0 1 
13001298760075;0.892832;1.30376;0.944181 -0.247402 0.217519 -0.275279 0.282761 0.947421 -0.149797 -0.321368 -0.169022 0.202941 0.964493 1.86226 0 0 0 1 
13001298760076;0.49285;0.962181;0.915379 -0.402591 -0.00081455 -0.833854 0.401643 0.913359 -0.066775 -0.988654 0.027627 0.0607973 0.997768 -0.0769767 0 0 0 1 
13001298760077;1.25077;0.987078;0.97598 -0.217739 0.0073273 -0.675001 0.21773 0.976007 0.00200809 0.111569 -0.00758873 -0.00036449 0.999971 0.803795 0 0 0 1 
13001298760078;0.873453;1.11699;0.966385 -0.182828 -0.180759 -0.0939664 0.193853 0.97999 0.0451808 0.228643 0.168882 -0.0787027 0.982489 -1.26743 0 0 0 1 
13001298760079;0.135451;0.925931;0.969628 -0.234222 -0.0704431 -0.210902 0.231192 0.971695 -0.0485781 -0.317654 0.0798273 0.0308167 0.996332 -0.15247 0 0 0 1 
13001298760080;0.477523;1.19511;0.712969 -0.625735 0.316435 -0.687336 0.562331 0.779824 0.275061 -2.11971 -0.418879 -0.0181682 0.90786 1.47479 0 0 0 1 
13001298760081;0.486196;1.0985;0.939178 -0.0697783 -0.336266 0.41977 0.0795552 0.996712 0.0153676 0.260602 0.334089 -0.0411847 0.941641 -1.20881 0 0 0 1 
13001298760082;0.60999;2.54437;0.851126 0.522227 -0.0535081 0.958589 -0.523099 0.835114 -0.170151 2.57136 -0.0441721 0.17281 0.983964 0.529881 0 0 0 1 
13001298760083;0.578912;1.30972;0.814467 -0.579789 -0.0221085 -0.475919 0.559867 0.775338 0.292233 -2.08443 -0.152292 -0.250392 0.956092 -0.0552373 0 0 0 1 
13001298760084;0.295038;0.894801;0.99922 0.0157101 0.036236 0.254393 -0.0141485 0.998977 -0.0429553 0.595268 -0.0368737 0.0424091 0.99842 0.278366 0 0 0 1 
13001298760085;0.331689;1.14407;0.979626 -0.199704 -0.0212273 -0.34065 0.200553 0.967263 0.155499 -0.257786 -0.0105213 -0.156588 0.987608 -0.2527 0 0 0 1 
13001298760086;0.698459;0.898426;0.95929 -0.281936 0.0166015 -0.65005 0.282341 0.95878 -0.0320209 -0.777175 -0.00688937 0.0354046 0.999349 0.577001 0 0 0 1 
13001298760087;0.67213;1.27726;0.827569 -0.433783 -0.356317 0.00154718 0.408441 0.900721 -0.147915 -0.728098 0.385105 -0.0231245 0.922583 -1.69151 0 0 0 1 
13001298760088;0.268562;1.08895;0.860327 -0.407805 -0.305832 -0.18243 0.397588 0.912309 -0.0980583 -0.939609 0.319002 -0.0372328 0.947023 -1.09997 0 0 0 1 
13001298760089;1.15866;1.11723;0.775131 -0.551378 0.308473 -1.16607 0.597045 0.798955 -0.0721664 -1.9035 -0.206665 0.24011 0.948492 1.96309 0 0 0 1 
13001298760090;0.714198;1.23827;0.948969 -0.310401 -0.0557526 -0.716539 0.313503 0.947697 0.0598911 -0.56405 0.0342463 -0.0743134 0.996647 0.161343 0 0 0 1 
13001298760091;1.1529;1.77978;0.924317 -0.379369 -0.0414364 -0.682603 0.375472 0.923456 -0.0790515 -0.60337 0.0682544 0.0575104 0.996009 -0.723093 0 0 0 1 
13001298760093;1.04775;0.406405;0.836921 -0.455257 0.303815 -0.930383 0.448562 0.888595 0.0958755 -1.69154 -0.313616 0.0560395 0.947895 0.318372 0 0 0 1 
13001298760094;1.11373;0.386206;0.978705 -0.204849 0.0131865 -0.275566 0.204811 0.978792 0.00425052 -1.05835 -0.0137775 -0.00145928 0.999904 -0.997297 0 0 0 1 
13001298760095;0.293853;0.592754;0.973067 -0.0846178 0.214431 0.0925436 0.139225 0.957105 -0.254099 -0.752772 -0.183732 0.27711 0.943108 1.47202 0 0 0 1 
13001298760096;0.895384;0.375776;0.983066 -0.170627 0.0668368 0.47843 0.16735 0.984529 0.0519316 -1.03155 -0.0746637 -0.0398671 0.996412 0.172007 0 0 0 1 
13001298760097;0.339617;0.403064;0.975815 -0.212092 -0.0529326 -0.120003 0.205479 0.972578 -0.108948 -0.742588 0.0745883 0.095437 0.992637 -0.296762 0 0 0 1 
13001298760098;0.188558;0.578475;0.977235 -0.178027 -0.115404 0.0301627 0.178013 0.983972 -0.0105096 -0.863253 0.115426 -0.0102731 0.993263 -0.510642 0 0 0 1 
13001298760099;0.958706;0.354921;0.966491 0.12417 0.22467 0.366257 -0.14218 0.987653 0.065781 -0.526245 -0.213728 -0.0955202 0.972212 0.235568 0 0 0 1 
13001298760100;0.754489;0.595038;0.986004 -0.0308645 -0.163838 0.087832 -0.0261271 0.941966 -0.334689 -0.326846 0.16466 0.334286 0.927976 0.890403 0 0 0 1 
13001298760101;0.427244;0.476258;0.988585 0.13684 0.0630448 0.896864 -0.135117 0.99035 -0.0308359 0.0989589 -0.066656 0.0219654 0.997534 0.0283603 0 0 0 1 
13001298760102;0.55757;0.534333;0.998596 0.0261547 -0.0460672 0.38608 -0.025346 0.999516 0.0180522 -0.103551 0.046517 -0.0168593 0.998775 -0.0127504 0 0 0 1 
13001298760103;0.502682;0.370912;0.994522 -0.104316 0.00665084 0.00976576 0.104228 0.994476 0.0123786 -0.0603492 -0.00790539 -0.0116176 0.999901 0.0667662 0 0 0 1 
13001298760104;0.301846;0.280599;0.88214 -0.470856 -0.0111155 -0.808251 0.470746 0.882198 -0.0111749 -1.80185 0.0150678 0.00462525 0.999876 -0.0741622 0 0 0 1 
13001298760105;0.905526;0.311631;0.991107 0.0842579 -0.10299 0.584069 -0.089545 0.994834 -0.0478311 0.123067 0.0984277 0.056628 0.993532 -0.838653 0 0 0 1 
13001298760106;0.994487;0.380938;0.894054 -0.447722 0.0145499 -0.779687 0.445805 0.886106 -0.126781 -2.45881 0.0438697 0.119835 0.991824 0.663685 0 0 0 1 
13001298760107;0.0362635;0.292168;0.983618 -0.178031 -0.0283036 -0.328528 0.176089 0.982512 -0.0605239 -0.695389 0.0385837 0.0545484 0.997765 -0.0272576 0 0 0 1 
13001298760108;1.01768;0.463494;0.936398 -0.325653 -0.1308 -0.242232 0.319549 0.945281 -0.065815 -1.16192 0.145075 0.0198321 0.989222 -1.29417 0 0 0 1 
13001298760109;0.830454;0.315128;0.956771 -0.284645 -0.0597273 -0.288531 0.281703 0.95803 -0.0531219 -0.98896 0.0723414 0.0340001 0.9968 -0.766853 0 0 0 1 
13001298760110;0.923517;0.685161;0.968519 -0.246991 -0.0310935 -0.556313 0.239253 0.958046 -0.157814 -0.993501 0.0687676 0.145407 0.986979 0.689176 0 0 0 1 
13001298760111;0.26829;0.565058;0.84021 -0.535788 0.0835331 -0.758231 0.540686 0.816039 -0.204301 -2.20943 0.0412958 0.216821 0.975338 0.405603 0 0 0 1 
13001298760112;0.495558;0.677299;0.984078 0.0244539 -0.176045 0.603166 -0.00264793 0.992397 0.123049 0.0511207 0.177716 -0.120624 0.976661 -1.02142 0 0 0 1 
13001298760113;0.269314;0.391999;0.998596 0.0529231 0.00246134 0.405896 -0.0526103 0.996032 -0.0717851 0.060991 -0.00625067 0.0715548 0.997417 0.0120696 0 0 0 1 
13001298760114;0.734561;0.496234;0.859595 -0.510517 0.0216736 -1.0573 0.510613 0.856613 -0.0740852 -1.59732 0.0192558 0.0747501 0.997016 0.15452 0 0 0 1 
13001298760115;0.321726;0.361793;0.98639 -0.164402 -0.00246669 -0.235722 0.162841 0.978881 -0.123594 -0.604961 0.0227338 0.121511 0.99233 -0.0496779 0 0 0 1 
13001298760116;1.15818;0.518175;0.999634 0.0253469 -0.00940537 1.22182 -0.0269558 0.96115 -0.274706 0.173542 0.00207701 0.274859 0.961482 1.15838 0 0 0 1 
13001298760117;0.977589;0.602398;0.944256 -0.307498 -0.117582 -0.398841 0.2672 0.924484 -0.271905 -1.34485 0.192313 0.22533 0.955114 0.643877 0 0 0 1 
13001298760118;0.349631;0.43187;0.979014 0.170935 0.110961 0.710126 -0.163343 0.983767 -0.0743111 0.196375 -0.121862 0.054627 0.991043 0.448382 0 0 0 1 
13001298760119;0.966956;0.685324;0.849035 -0.459444 -0.260864 -0.0953073 0.433447 0.888042 -0.153315 -1.5642 0.302098 0.0170992 0.953124 -1.66083 0 0 0 1 
13001298760120;0.820899;0.536606;0.998231 -0.0121163 0.0581998 0.640629 0.0209729 0.987837 -0.154069 -0.411204 -0.0556252 0.155018 0.986344 0.901146 0 0 0 1 
13001298760121;0.247186;0.404373;0.983786 -0.179189 0.0074844 -0.236483 0.179121 0.983787 0.00889292 -0.679551 -0.00895657 -0.00740811 0.999932 0.154653 0 0 0 1 
13001298760122;0.958553;0.33309;0.996723 -0.0343175 -0.0732553 0.46106 0.0361526 0.999061 0.0238721 -0.97436 0.0723673 -0.0264422 0.997027 -0.109155 0 0 0 1 
13001298760124;1.10954;0.154368;0.880833 -0.473065 0.0184866 -0.631185 0.470254 0.878776 0.0813254 -3.28374 -0.0547178 -0.0629407 0.996516 -0.291638 0 0 0 1 
13001298760125;0.573277;0.12905;0.936299 0.0358878 -0.349366 0.702822 0.0836223 0.943376 0.321013 -0.658546 0.341104 -0.329779 0.880281 -2.85097 0 0 0 1 
13001298760126;0.254431;0.13236;0.964938 0.1723 -0.198009 0.859858 -0.171877 0.984926 0.0194537 0.766444 0.198376 0.0152616 0.980007 -0.714087 0 0 0 1 
13001298760127;0.992788;0.113037;0.913748 -0.347263 -0.210888 -0.641425 0.346616 0.9371 -0.0412572 -2.59531 0.21195 -0.0353985 0.976639 -1.18458 0 0 0 1 
13001298760128;0.0799235;0.149975;0.999786 0.0191846 0.00773497 0.0615059 -0.0188072 0.998754 -0.0462235 0.155733 -0.00861211 0.0460681 0.998901 0.296371 0 0 0 1 
13001298760129;0.127861;0.153089;0.997323 -0.0477374 -0.0553856 -0.0523684 0.0463472 0.998584 -0.0261205 -0.0258704 0.0565541 0.0234836 0.998123 -0.0948142 0 0 0 1 
13001298760130;0.557579;0.130582;0.964385 -0.248484 -0.0906489 -0.684249 0.244691 0.96826 -0.050975 -1.3271 0.100438 0.0269786 0.994577 0.116895 0 0 0 1 
13001298760131;0.697726;0.121958;0.985046 -0.170679 -0.0235147 0.00796511 0.165271 0.974628 -0.150951 -1.13153 0.0486823 0.144808 0.988262 0.399794 0 0 0 1 
13001298760132;0.915785;0.103815;0.975162 0.0133917 0.221089 0.0875559 -0.0088153 0.999726 -0.021673 0.206835 -0.221319 0.0191857 0.975013 0.327051 0 0 0 1 
13001298760133;0.526097;0.13462;0.990605 0.113499 0.0762821 0.326738 -0.11489 0.993278 0.0140826 0.642661 -0.074171 -0.0227143 0.996987 0.828002 0 0 0 1 
13001298760134;0.640051;0.110653;0.993163 -0.0362574 -0.110963 0.204966 0.0335091 0.999086 -0.0265337 0.0629041 0.111824 0.022634 0.99347 0.164677 0 0 0 1 
13001298760135;0.744448;0.147348;0.927398 0.344668 -0.145384 1.58552 -0.349661 0.936828 -0.00949281 1.64772 0.132928 0.0596387 0.98933 0.182074 0 0 0 1 
13001298760136;0.470128;0.124626;0.993886 0.100036 -0.0467227 0.0679612 -0.100427 0.994926 -0.00609294 0.506243 0.0458761 0.0107479 0.998889 -0.392998 0 0 0 1 
13001298760137;0.306436;0.119134;0.967032 0.053373 0.248999 0.0929105 0.00560162 0.973095 -0.230338 0.0124575 -0.254593 0.224139 0.940715 2.09334 0 0 0 1 
13001298760138;0.926249;0.157128;0.998955 -0.0303777 -0.034162 -0.418558 0.0276941 0.996688 -0.0764602 -0.40563 0.0363715 0.0754342 0.996487 -0.521034 0 0 0 1 
13001298760139;0.738974;0.144989;0.986596 0.163082 -0.00573426 0.531196 -0.163088 0.984223 -0.0686086 0.863654 -0.00554501 0.0686241 0.997627 0.942834 0 0 0 1 
13001298760140;1.02616;0.14486;0.987452 0.126739 -0.0942139 0.193696 -0.127115 0.991886 0.00202268 0.483494 0.0937058 0.00997868 0.99555 -1.18343 0 0 0 1 
13001298760141;0.897713;0.0953346;0.949647 -0.234964 0.207273 -0.825492 0.266644 0.953449 -0.140837 -1.69543 -0.164533 0.189014 0.968092 2.03398 0 0 0 1 
13001298760142;0.158181;0.103972;0.998907 0.00440175 0.0465275 0.0044642 0.00168213 0.991523 -0.129918 0.198433 -0.0467049 0.129854 0.990433 0.717975 0 0 0 1 
13001298760143;0.631582;0.128711;0.927279 0.362445 -0.0937359 1.48365 -0.373627 0.880192 -0.292685 1.69982 -0.0235768 0.306423 0.951603 1.55838 0 0 0 1 
13001298760144;0.855274;0.127522;0.983316 -0.121792 -0.135116 0.442981 0.126928 0.991457 0.0300344 -0.521224 0.130304 -0.0466833 0.990374 -0.312411 0 0 0 1 
13001298760145;0.0426315;0.147983;0.998259 -0.047498 -0.0349572 -0.115153 0.0453013 0.9971 -0.0611537 -0.102412 0.0377605 0.0594636 0.997516 0.147021 0 0 0 1 
13001298760146;0.950154;0.114736;0.994067 0.00840504 -0.10844 0.103829 -0.00975039 0.999882 -0.0118821 -0.0164541 0.108328 0.0128689 0.994032 0.494577 0 0 0 1 
13001298760147;0.397392;0.159864;0.948091 0.0857579 -0.306218 0.715245 -0.174887 0.944862 -0.276858 0.984237 0.265591 0.31604 0.910813 -0.12548 0 0 0 1 
13001298760148;0.554781;0.146013;0.997171 -0.0735702 0.0153795 -0.263106 0.0751605 0.976173 -0.203559 -0.40226 -3.71991e-05 0.204139 0.978942 0.243037 0 0 0 1 
13001298760149;0.73823;0.166239;0.997569 -0.0598841 -0.0356305 -0.112412 0.0573442 0.996003 -0.0684802 0.173731 0.039589 0.0662706 0.997016 0.739463 0 0 0 1 
13001298760150;0.886242;0.159727;0.968024 -0.250793 0.00572389 -0.299905 0.250773 0.966848 -0.0481477 -1.55116 0.006541 0.0480435 0.998824 -0.376768 0 0 0 1 
13001298760151;1.10427;0.127654;0.927653 0.329927 0.174953 2.1579 -0.354748 0.9249 0.136799 1.84048 -0.11668 -0.188966 0.975027 0.105157 0 0 0 1 
13001298760152;0.722566;0.137873;0.957804 0.203323 0.203152 0.241347 -0.130301 0.93717 -0.323627 0.441837 -0.256189 0.2835 0.924118 2.43934 0 0 0 1 
13001298760153;0.343462;0.127425;0.947162 0.29023 -0.13657 1.25075 -0.313838 0.92649 -0.207658 1.43406 0.066262 0.239547 0.968621 0.495359 0 0 0 1 
13001298760155;0.0682714;0.531066;0.996311 0.0466505 -0.0720266 -0.526802 -0.0449151 0.998665 0.0255289 0.0176503 0.0731213 -0.0221996 0.997076 -0.207391 0 0 0 1 
13001298760156;0.228778;0.512576;0.999256 0.0146601 -0.0356593 -0.463264 -0.0187265 0.993012 -0.116518 0.175856 0.033702 0.117099 0.992548 -0.0572753 0 0 0 1 
13001298760157;0.606065;0.772195;0.99553 -0.0600937 0.0728677 -1.26615 0.070731 0.985613 -0.153505 -0.863852 -0.0625946 0.157973 0.985457 0.645951 0 0 0 1 
13001298760158;0.344682;0.47414;0.941729 0.093274 -0.323182 0.140887 -0.0947365 0.995439 0.0112399 0.256405 0.322756 0.0200322 0.94627 -1.22583 0 0 0 1 
13001298760159;0.780294;1.16263;0.992813 -0.119653 0.00250957 -0.544341 0.119664 0.992804 -0.00451708 -0.622035 -0.00195103 0.00478492 0.999987 -0.375096 0 0 0 1 
13001298760160;0.374691;1.05347;0.923761 -0.374408 -0.0805269 -0.763496 0.37953 0.923116 0.0617542 -2.05609 0.0512144 -0.0876085 0.994838 0.175267 0 0 0 1 
13001298760161;0.829311;0.507334;0.981527 0.0370839 0.187693 -1.26484 -0.0617064 0.989969 0.127094 -0.0303553 -0.181097 -0.136328 0.973971 0.68055 0 0 0 1 
13001298760162;0.477774;0.655745;0.985404 0.021167 -0.168914 -0.797792 -0.0694349 0.955926 -0.285278 0.0792775 0.15543 0.292842 0.943443 -0.18888 0 0 0 1 
13001298760163;0.737936;0.670311;0.993663 -0.0571737 0.0967716 -0.317196 0.0623591 0.996728 -0.0514331 -0.777288 -0.0935143 0.0571418 0.993977 0.666033 0 0 0 1 
13001298760164;0.306679;0.642413;0.993467 0.0572643 -0.0987108 -0.626126 -0.0830633 0.955991 -0.281393 0.429082 0.0782528 0.287754 0.954502 -0.112235 0 0 0 1 
13001298760165;0.655134;0.505874;0.99738 -0.065675 -0.030317 -0.857657 0.0680135 0.994147 0.0839346 -0.573515 0.0246272 -0.0857767 0.99601 -0.47765 0 0 0 1 
13001298760166;0.142166;0.468205;0.999706 0.013733 -0.0199987 -0.509279 -0.0141281 0.999705 -0.0197519 -0.0371279 0.0197215 0.0200286 0.999605 -0.0792164 0 0 0 1 
13001298760167;0.73402;1.23378;0.984067 0.0568303 0.168468 -0.739787 -0.0423816 0.995205 -0.0881554 -0.721615 -0.17267 0.0796109 0.981757 1.20266 0 0 0 1 
13001298760168;0.457979;0.943122;0.988619 0.145196 0.0393799 -0.708332 -0.135208 0.972309 -0.190613 0.100993 -0.0659658 0.183119 0.980875 0.137503 0 0 0 1 
13001298760169;0.0971797;0.447585;0.9962 0.0861636 -0.0127024 -0.441922 -0.0835332 0.986526 0.14067 0.0530805 0.0246519 -0.139074 0.989975 -0.163184 0 0 0 1 
13001298760170;0.865636;0.946705;0.988537 -0.049227 -0.142725 -1.14353 0.030982 0.991374 -0.127346 -0.324289 0.147762 0.121465 0.981536 0.0675504 0 0 0 1 
13001298760171;0.53187;1.27864;0.947211 -0.294124 -0.127599 -1.29411 0.319647 0.897171 0.30481 -1.89135 0.0248261 -0.329506 0.943827 0.236824 0 0 0 1 
13001298760172;0.399772;1.10583;0.952561 -0.154067 0.26247 -0.733463 0.117648 0.981766 0.149315 -1.28268 -0.280689 -0.111352 0.953318 1.37845 0 0 0 1 
13001298760173;0.409814;1.09229;0.981207 0.121303 0.15006 -0.920193 -0.118433 0.992569 -0.027946 -0.225639 -0.152335 0.00964869 0.988282 0.648265 0 0 0 1 
13001298760174;0.230776;1.85308;0.972382 -0.233257 0.00802636 -1.841 0.233036 0.968399 -0.0888677 -2.00724 0.0129563 0.0882838 0.996011 0.195874 0 0 0 1 
13001298760175;0.184973;0.691164;0.985491 0.0579907 -0.159512 -0.701767 -0.0672123 0.996328 -0.0530331 0.147436 0.155851 0.0629848 0.985771 -0.709359 0 0 0 1 
13001298760176;0.684651;0.920043;0.990621 -0.136308 0.0095264 -0.921907 0.129417 0.958342 0.25462 -1.59051 -0.0438362 -0.250999 0.966994 -0.365309 0 0 0 1 
13001298760177;0.712892;0.949765;0.995141 0.0979673 0.00979348 -0.640018 -0.0898673 0.944462 -0.316094 0.215554 -0.0402165 0.313678 0.948677 -0.00958511 0 0 0 1 
13001298760178;0.372998;1.09434;0.993374 0.106018 -0.0443641 -0.732516 -0.105704 0.994353 0.00937311 -0.471332 0.0451074 -0.00462155 0.998971 -0.258385 0 0 0 1 
13001298760179;0.364497;0.724965;0.988926 -0.00601289 0.148285 -0.841724 -0.0462051 0.937044 0.346142 -0.378868 -0.141031 -0.349161 0.926389 0.694257 0 0 0 1 
13001298760180;0.444705;0.936482;0.930168 -0.309469 -0.197525 -0.639338 0.357546 0.885746 0.295999 -1.96674 0.0833539 -0.345953 0.934542 -0.49165 0 0 0 1 
13001298760181;0.327893;0.453715;0.987552 -0.00653401 0.157155 -0.659128 0.0139797 0.998829 -0.0463192 -0.184984 -0.156668 0.0479396 0.986487 0.512563 0 0 0 1 
13001298760182;0.549357;0.631712;0.995148 -0.0205849 -0.0962116 -0.544766 0.0280456 0.996648 0.0768482 -0.697276 0.0943072 -0.0791737 0.99239 0.0125357 0 0 0 1 
13001298760183;0.363905;1.26298;0.972052 -0.169362 -0.162577 -1.23903 0.187838 0.976479 0.105856 -1.0136 0.140825 -0.133435 0.981001 -0.137469 0 0 0 1 
13001298760184;0.185151;1.28618;0.967147 -0.254131 0.00669623 -1.05561 0.254217 0.966674 -0.0302596 -1.96215 0.00121683 0.0309677 0.99952 0.0606054 0 0 0 1 
13001298760186;0.752269;1.25586;0.952668 -0.25215 0.169836 -0.715882 0.266032 0.961818 -0.0642867 -1.38126 -0.147141 0.106426 0.983373 1.049 0 0 0 1 
13001298760187;1.11885;0.859554;0.804759 -0.590754 0.0580733 -0.373485 0.592447 0.80544 -0.016543 -2.91183 -0.0370017 0.0477185 0.998175 0.482129 0 0 0 1 
13001298760188;1.47853;1.25482;0.961742 -0.264042 0.0730319 -0.60739 0.269487 0.863861 -0.425583 -1.18245 0.0492823 0.428982 0.901968 0.122549 0 0 0 1 
13001298760189;0.694353;1.22494;0.991079 -0.0306066 0.129713 0.128341 0.0419289 0.995458 -0.0854754 -1.10646 -0.126508 0.0901516 0.987861 0.195386 0 0 0 1 
13001298760190;1.04867;1.17315;0.886636 -0.451316 -0.100949 -0.640228 0.446958 0.892293 -0.063576 -2.76823 0.118769 0.0112488 0.992858 -0.531196 0 0 0 1 
13001298760191;0.608395;1.28154;0.995277 -0.0931252 0.0274286 -0.16733 0.0943424 0.994427 -0.0470488 -1.03766 -0.0228944 0.0494142 0.998516 -0.157989 0 0 0 1 
13001298760192;0.728377;1.2694;0.946494 -0.312719 0.0797254 -0.622236 0.312832 0.94974 0.011401 -1.45635 -0.0792837 0.0141497 0.996752 0.678498 0 0 0 1 
13001298760193;0.223967;1.22321;0.930548 -0.362581 0.0511435 -0.63396 0.361905 0.93195 0.0222383 -1.76949 -0.0557264 -0.0021847 0.998444 0.118642 0 0 0 1 
13001298760194;0.894476;1.23904;0.982671 -0.155545 0.100816 -0.446523 0.139863 0.979138 0.147403 -1.52336 -0.12164 -0.130748 0.983925 -0.499949 0 0 0 1 
13001298760195;0.58478;1.16946;0.986322 0.143787 0.080584 0.295127 -0.140997 0.989228 -0.0393398 -0.367167 -0.0853726 0.0274396 0.995971 0.507613 0 0 0 1 
13001298760196;0.904607;1.24835;0.953517 -0.275026 0.123154 -1.0348 0.282253 0.958268 -0.0453441 -1.2821 -0.105543 0.0779968 0.991351 0.11847 0 0 0 1 
13001298760197;0.286883;1.26418;0.907486 -0.416843 0.052071 -0.730497 0.418435 0.907923 -0.0242444 -2.25538 -0.0371704 0.0437898 0.998349 0.184322 0 0 0 1 
13001298760198;1.24998;1.23023;0.977533 0.198784 0.0701026 0.324572 -0.197925 0.980032 -0.0190639 0.211662 -0.0724924 0.00476055 0.997358 -0.253404 0 0 0 1 
13001298760199;1.55468;1.28797;0.910043 -0.215294 -0.354217 0.261394 0.199237 0.976542 -0.0816708 -1.17124 0.363491 0.0037507 0.93159 -1.77787 0 0 0 1 
13001298760200;0.663257;0.771575;0.983597 -0.178629 0.0250552 -0.552989 0.178966 0.983783 -0.0119135 -1.36992 -0.0225208 0.0162021 0.999615 -0.012716 0 0 0 1 
13001298760201;0.427557;1.20832;0.997996 -0.0586105 0.0238303 -0.0949843 0.0503704 0.963937 0.261318 -1.15855 -0.0382869 -0.259595 0.964958 -0.742638 0 0 0 1 
13001298760202;1.14516;1.35534;0.937181 -0.311143 -0.157742 -0.177411 0.345134 0.892782 0.289521 -2.41181 0.0507472 -0.325776 0.944084 -1.57399 0 0 0 1 
13001298760203;0.345194;0.971731;0.999296 -0.0259155 -0.0271395 0.0449023 0.0275945 0.997604 0.0634366 -0.613585 0.0254304 -0.0641409 0.997617 -0.124836 0 0 0 1 
13001298760204;0.987501;1.08962;0.917068 -0.397578 0.0302842 -0.97284 0.397513 0.917558 0.00840707 -1.63792 -0.03113 0.00432851 0.999506 -0.45689 0 0 0 1 
13001298760205;1.27725;1.29156;0.901912 -0.41446 0.121564 -0.113818 0.420781 0.90664 -0.0307787 -2.09835 -0.0974584 0.0789116 0.992106 0.917317 0 0 0 1 
13001298760206;0.732057;1.3524;0.996563 -0.0257199 0.0787414 -0.0570313 0.0468186 0.959069 -0.279276 -0.864921 -0.0683355 0.282003 0.956977 1.28455 0 0 0 1 
13001298760207;0.280311;1.13107;0.907043 -0.40019 -0.130846 -0.60168 0.399278 0.916188 -0.0342938 -1.89498 0.133604 -0.021138 0.990809 -0.333695 0 0 0 1 
13001298760208;0.976835;1.12297;0.970566 -0.214209 0.110069 -0.340778 0.220117 0.974456 -0.0445306 -1.75334 -0.0977189 0.0674481 0.992926 0.793694 0 0 0 1 
13001298760209;0.510095;0.60925;0.979134 -0.202984 -0.00966426 -0.239118 0.202489 0.978552 -0.0378678 -0.99789 0.0171435 0.0351208 0.999236 -0.112809 0 0 0 1 
13001298760210;0.786915;0.907175;0.904974 -0.363528 0.221065 -0.82977 0.376451 0.926264 -0.0178958 -1.25065 -0.198259 0.0994153 0.975095 0.510604 0 0 0 1 
13001298760211;0.331308;1.2459;0.967607 -0.220803 0.122406 -0.452162 0.196753 0.963336 0.182406 -1.46457 -0.158194 -0.152414 0.975574 0.205182 0 0 0 1 
13001298760212;0.525518;0.926164;0.986276 -0.125061 0.107795 -0.550202 0.121758 0.99188 0.0367232 -0.97545 -0.111512 -0.0230943 0.993495 0.104575 0 0 0 1 
13001298760213;1.26584;1.32196;0.959271 -0.268384 0.088144 -0.110196 0.278827 0.949639 -0.142976 -1.48107 -0.0453323 0.16173 0.985793 1.23125 0 0 0 1 
13001298760214;1.19532;1.4072;0.947214 -0.168539 0.272729 0.0242256 0.136068 0.981593 0.134021 -0.794035 -0.290296 -0.0898373 0.952711 0.792811 0 0 0 1 
13001298760215;0.473246;1.19031;0.99753 0.0683888 -0.0160296 0.210192 -0.0666414 0.993549 0.0917559 -0.850227 0.0222013 -0.090461 0.995653 -0.216168 0 0 0 1 
13001298760217;0.222897;0.143517;0.994734 -0.0943835 -0.0399582 -0.153154 0.0964649 0.99388 0.0538316 -0.485544 0.0346328 -0.0574026 0.99775 -0.121171 0 0 0 1 
13001298760218;0.56062;0.156224;0.974872 0.11937 0.188081 0.663389 -0.162191 0.959109 0.231956 0.230019 -0.152702 -0.256633 0.95437 -0.0665892 0 0 0 1 
13001298760219;1.35156;0.171547;0.995982 -0.0894721 0.00375665 -0.263104 0.0895321 0.995756 -0.0212978 -0.023163 -0.00183515 0.0215486 0.999766 1.02988 0 0 0 1 
13001298760220;0.477483;0.208274;0.923282 -0.20677 0.323723 -0.149344 0.176398 0.976872 0.120853 -0.663672 -0.341225 -0.0544774 0.938402 1.42032 0 0 0 1 
13001298760221;0.489369;0.197811;0.954412 -0.126666 0.270282 -0.144086 0.0931879 0.98668 0.133339 -0.582977 -0.283572 -0.102073 0.953503 1.05347 0 0 0 1 
13001298760222;1.04527;0.186486;0.998365 0.0495519 0.0284958 -0.131109 -0.0549431 0.969403 0.239248 -0.433042 -0.0157687 -0.240422 0.97054 -0.925313 0 0 0 1 
13001298760223;0.25956;0.196347;0.972655 0.0960483 0.211466 0.277459 -0.107006 0.993414 0.0409744 0.390351 -0.206138 -0.0624821 0.976526 0.605281 0 0 0 1 
13001298760224;0.137794;0.112913;0.998941 0.00324138 -0.0458947 0.0696352 -0.00442728 0.999658 -0.0257615 0.043261 0.0457955 0.0259374 0.998614 0.0357088 0 0 0 1 
13001298760225;1.05742;0.193046;0.903472 -0.0281761 0.42772 -0.463771 0.0541841 0.99734 -0.0487531 -0.418515 -0.425209 0.0672227 0.902595 2.02408 0 0 0 1 
13001298760226;1.15936;0.198925;0.989808 0.142402 0.00154011 -0.0546702 -0.142183 0.988783 -0.0457356 0.379225 -0.00803567 0.0450505 0.998952 0.805692 0 0 0 1 
13001298760227;0.324156;0.203552;0.946549 0.311052 -0.0853908 1.30955 -0.319663 0.939981 -0.119377 1.1052 0.0431333 0.140293 0.98917 0.341071 0 0 0 1 
13001298760228;1.39459;0.184193;0.941156 -0.113711 0.318269 -0.563852 0.223435 0.915893 -0.333492 -0.0221239 -0.253578 0.38498 0.887405 1.88137 0 0 0 1 
13001298760229;0.664996;0.192518;0.967082 -0.0206532 0.253624 -0.112257 -0.0393112 0.972609 0.229097 0.125243 -0.251409 -0.231526 0.939781 0.760198 0 0 0 1 
13001298760230;0.977712;0.201854;0.955898 -0.29229 0.0287351 -0.4524 0.288165 0.95229 0.100525 -1.49729 -0.0567464 -0.0878108 0.99452 -0.516029 0 0 0 1 
13001298760231;0.367575;0.372401;0.946744 0.172897 0.271629 0.745821 -0.19288 0.980025 0.0484662 0.490261 -0.257824 -0.098277 0.961181 0.616523 0 0 0 1 
13001298760232;0.090517;0.145094;0.995931 0.0426997 -0.0793627 0.275159 -0.0468635 0.99758 -0.0513643 0.247651 0.0769773 0.0548745 0.995522 -0.0902691 0 0 0 1 
13001298760233;0.668099;0.137274;0.970815 -0.239564 -0.0112481 -0.117885 0.239769 0.970549 0.0233784 -0.635378 0.00531621 -0.0253931 0.999663 0.0144831 0 0 0 1 
13001298760234;0.755306;0.135749;0.992017 0.11526 -0.0511684 0.279457 -0.106968 0.983976 0.142647 0.0769669 0.06679 -0.136035 0.98845 -0.121997 0 0 0 1 
13001298760235;0.973297;0.17;0.999631 0.0260827 -0.00764316 0.178475 -0.0258008 0.999057 0.0349162 -0.558811 0.00854666 -0.0347061 0.999361 -0.257586 0 0 0 1 
13001298760236;0.97211;0.212534;0.952919 -0.146988 -0.265218 0.268763 0.188099 0.972574 0.136818 -0.980034 0.237833 -0.180263 0.954432 -1.85554 0 0 0 1 
13001298760237;0.48343;0.278754;0.998322 0.0519694 0.0255522 0.275238 -0.0507122 0.997578 -0.0476046 0.00690195 -0.0279643 0.0462289 0.998539 0.120347 0 0 0 1 
13001298760238;0.245894;0.175011;0.997491 0.069058 -0.0156064 0.315108 -0.0700999 0.994252 -0.0809245 0.234863 0.00992821 0.0818155 0.996598 0.3505 0 0 0 1 
13001298760239;0.597612;0.166528;0.934029 0.35621 -0.026551 1.37964 -0.353828 0.932843 0.0678974 1.10565 0.0489537 -0.0540237 0.997339 -0.614497 0 0 0 1 
13001298760240;0.379328;0.196323;0.999394 -0.0344131 0.00523341 0.0107859 0.0342272 0.998895 0.0322038 0.0283306 -0.00633586 -0.0320051 0.999468 0.255169 0 0 0 1 
13001298760241;0.905295;0.18192;0.998586 -0.0249479 -0.0469386 0.587778 0.0323573 0.985864 0.164392 0.141877 0.0421739 -0.165678 0.985278 -0.684326 0 0 0 1 
13001298760242;0.886526;0.181346;0.920889 -0.336122 0.197449 -0.947904 0.313371 0.939565 0.137901 -1.34687 -0.231867 -0.0651164 0.970566 0.305037 0 0 0 1 
13001298760243;0.836676;0.143587;0.951963 0.215488 0.217558 0.941244 -0.203352 0.976074 -0.0769846 0.408491 -0.228942 0.0290456 0.973007 0.534743 0 0 0 1 
13001298760244;1.22657;0.137872;0.992273 0.123807 0.00811888 1.03083 -0.123818 0.992305 0.000876751 0.634652 -0.00794785 -0.00187524 0.999967 0.707124 0 0 0 1 
13001298760245;1.14759;0.307355;0.996568 -0.0825168 -0.00659422 -0.763029 0.0815069 0.992041 -0.0959784 -0.129276 0.0144616 0.0951115 0.995362 0.0118336 0 0 0 1 
13001298760246;0.304771;0.156479;0.944077 0.269212 -0.19038 1.15954 -0.274571 0.961565 -0.00184713 0.945501 0.182565 0.0540166 0.981709 -0.567391 0 0 0 1 
13001298760248;0.0489943;0.970888;0.927772 -0.370192 0.0468755 -1.25939 0.37201 0.927419 -0.038771 -2.00957 -0.0291205 0.0534088 0.998148 0.250283 0 0 0 1 
13001298760249;0.420407;0.775246;0.946267 -0.31962 0.0492094 -1.24208 0.320488 0.947192 -0.0106851 -1.82514 -0.0431956 0.025882 0.998731 -0.101798 0 0 0 1 
13001298760250;0.517589;0.863844;0.945539 -0.306485 0.109654 -1.12878 0.307079 0.95161 0.011852 -1.65275 -0.10798 0.0224658 0.993899 0.819959 0 0 0 1 
13001298760251;0.918817;1.027;0.902933 -0.38322 0.194564 -0.690412 0.386058 0.922145 0.0246739 -1.76355 -0.188871 0.0528339 0.98058 0.394032 0 0 0 1 
13001298760252;0.624083;0.820085;0.956153 -0.290511 0.0370734 -1.35602 0.292856 0.949516 -0.112496 -1.06785 -0.00252055 0.11842 0.99296 0.489356 0 0 0 1 
13001298760253;0.848575;0.983792;0.97355 -0.172015 0.150372 -0.481126 0.169524 0.98509 0.0293281 -1.20934 -0.153174 -0.00306082 0.988194 0.906383 0 0 0 1 
13001298760254;0.316984;0.962756;0.885122 -0.444806 0.136773 -1.44803 0.46462 0.861245 -0.205878 -2.30389 -0.0262191 0.245774 0.968972 0.975101 0 0 0 1 
13001298760255;0.292142;0.880586;0.985182 -0.0774842 -0.153012 -0.42676 0.0705391 0.996239 -0.0503159 -0.851874 0.156335 0.038777 0.986943 -0.419617 0 0 0 1 
13001298760256;0.288912;0.932999;0.936927 -0.34149 0.0745094 -1.06888 0.345705 0.936817 -0.0534992 -2.08559 -0.0515322 0.0758832 0.995784 0.543487 0 0 0 1 
13001298760257;0.0896223;0.881006;0.923793 -0.345576 0.164874 -1.14183 0.341037 0.93838 0.0560045 -1.9104 -0.174068 0.00449165 0.984723 0.523231 0 0 0 1 
13001298760258;0.918056;1.08236;0.984163 -0.158011 0.0803511 -0.528541 0.154152 0.986668 0.0521929 -0.667015 -0.0875269 -0.0389799 0.995399 0.185239 0 0 0 1 
13001298760259;0.628443;0.910277;0.934234 -0.337303 0.115903 -1.51981 0.333928 0.941376 0.0479881 -1.63778 -0.125295 -0.00612874 0.992101 -0.120939 0 0 0 1 
13001298760260;0.777086;0.924121;0.999022 -0.0307613 0.0317759 -0.117327 0.0298968 0.999179 0.027331 -0.245987 -0.0325906 -0.0263542 0.999121 -0.0695601 0 0 0 1 
13001298760261;0.754638;0.875962;0.858447 -0.509763 0.0566649 -1.6682 0.499799 0.806581 -0.315638 -2.36412 0.115196 0.299279 0.947186 1.05475 0 0 0 1 
