#;prob_registration_l1 -r /home/probabilistic_point_clouds_registration/build/tester /home/point_clouds_registration_benchmark//devel/registration_pairs/box_met_local.txt /home/point_clouds_registration_benchmark//planetary/box_met -s 0.2 -t 0.2 -p 0.3 -r 1000 -m 15 -i 40 
id;initial_error;final_error;transformation
7680147070000;1.79635;3.30883;0.875828 0.182955 0.446601 -8.95431 -0.125083 0.979792 -0.156082 -3.74381 -0.466132 0.0808387 0.881014 -32.6072 0 0 0 1 
7680147070001;0.811107;2.95068;0.98311 0.159064 0.0905216 -4.9978 -0.135386 0.96488 -0.225114 -3.93944 -0.12315 0.209057 0.970118 -12.4234 0 0 0 1 
7680147070002;1.49386;3.28049;0.960445 0.00636567 -0.278398 -4.9132 -0.0803066 0.963596 -0.255016 -0.868521 0.26664 0.267286 0.925992 8.3654 0 0 0 1 
7680147070003;0.946768;3.32318;0.993502 0.113795 0.00191245 -4.46587 -0.11136 0.97544 -0.190042 -3.25352 -0.0234913 0.188594 0.981774 -4.54579 0 0 0 1 
7680147070004;1.43077;4.22762;0.998694 -0.0423391 -0.0285846 -2.09289 0.0381111 0.990112 -0.135006 4.8398 0.034018 0.13374 0.990432 -1.39327 0 0 0 1 
7680147070005;0.312811;3.22804;0.987229 0.150201 0.0530855 -5.02256 -0.15125 0.988361 0.0162979 -4.30603 -0.0500197 -0.0241189 0.998457 -3.68866 0 0 0 1 
7680147070006;1.56238;3.56958;0.999497 0.0291743 -0.0124036 -2.31363 -0.0289212 0.999379 0.0201169 2.06441 0.0129828 -0.0197481 0.999721 -1.83663 0 0 0 1 
7680147070007;1.77223;3.7412;0.968086 0.124613 0.217443 -4.85262 -0.174515 0.95789 0.228016 -3.5469 -0.179873 -0.258686 0.949066 -9.68481 0 0 0 1 
7680147070008;0.368314;3.47171;0.982142 0.163453 0.0931714 -5.53331 -0.164921 0.986272 0.00823209 -4.8658 -0.0905468 -0.023451 0.995616 -5.95644 0 0 0 1 
7680147070009;2.02654;3.39328;0.99975 0.0122208 0.018746 -3.05534 -0.0107217 0.996889 -0.0780856 2.86898 -0.019642 0.0778651 0.99677 -6.4543 0 0 0 1 
7680147070010;1.67484;3.56882;0.989981 0.0444371 -0.134027 -4.02609 -0.0460191 0.998902 -0.00872737 1.49252 0.133492 0.0148078 0.990939 8.68845 0 0 0 1 
7680147070011;1.58383;3.50226;0.97228 0.0456021 0.229329 -3.80287 0.0374889 0.937705 -0.345403 4.34171 -0.230794 0.344426 0.910003 -19.2137 0 0 0 1 
7680147070012;1.55669;3.00285;0.996073 0.0190654 0.0864543 -3.22771 -0.00113309 0.979202 -0.202884 3.25341 -0.0885243 0.20199 0.975379 -7.97754 0 0 0 1 
7680147070013;1.90796;3.43382;0.992156 0.124762 0.00785913 -4.64729 -0.124 0.974224 0.188447 -1.94901 0.0158545 -0.187943 0.982052 0.482633 0 0 0 1 
7680147070014;1.7784;3.1004;0.994447 0.103247 -0.0203838 -3.89014 -0.104631 0.990777 -0.0860981 -1.61751 0.0113065 0.0877527 0.996078 -4.21248 0 0 0 1 
7680147070015;0.363704;3.56915;0.997876 -0.00597993 -0.0648618 -3.26459 0.0294493 0.929612 0.367362 9.65742 0.0580994 -0.368492 0.927813 8.52009 0 0 0 1 
7680147070016;0.265959;3.0389;0.995114 0.0968124 0.0193671 -4.11644 -0.0976126 0.994168 0.0458477 -1.36597 -0.0148155 -0.0475141 0.998761 -1.28971 0 0 0 1 
7680147070017;0.994504;3.44039;0.999598 -0.0248129 -0.013749 -2.70292 0.0249864 0.999608 0.0125939 5.47526 0.0134311 -0.0129323 0.999826 -1.19942 0 0 0 1 
7680147070018;1.14391;3.24024;0.923708 0.0877112 -0.37292 -11.377 -0.0894286 0.995912 0.0127284 -0.524681 0.372512 0.0215924 0.927776 20.4008 0 0 0 1 
7680147070019;1.59901;2.70862;0.998339 0.0551794 0.0165397 -1.83348 -0.0552086 0.998474 0.00131392 1.76292 -0.016442 -0.00222488 0.999862 -1.49801 0 0 0 1 
7680147070020;1.99055;3.26127;0.973251 0.0770654 0.216433 -5.69022 -0.0993087 0.990622 0.0938374 -0.379556 -0.207172 -0.112821 0.971777 -9.96604 0 0 0 1 
7680147070021;1.30849;3.0956;0.966927 -0.00960857 -0.254874 -5.68084 0.0616574 0.978458 0.197026 9.61877 0.24749 -0.206224 0.946689 15.6794 0 0 0 1 
7680147070022;0.490232;3.56927;0.997814 -0.0393222 0.0531175 -1.46105 0.0368179 0.998201 0.0473301 6.93079 -0.054883 -0.045271 0.997466 -2.98698 0 0 0 1 
7680147070023;1.93092;2.38344;0.987629 0.15036 0.044514 -4.59075 -0.142404 0.97885 -0.146879 -3.29664 -0.0656573 0.138723 0.988152 -6.35432 0 0 0 1 
7680147070024;2.01577;3.93772;0.981363 0.128545 -0.14284 -5.17882 -0.0994354 0.975759 0.194951 -0.659176 0.164437 -0.177115 0.970356 10.255 0 0 0 1 
7680147070025;1.53658;3.69524;0.958057 -0.0436245 -0.283237 -4.99574 0.00597983 0.991174 -0.132435 3.27612 0.286515 0.125186 0.949862 11.2857 0 0 0 1 
7680147070026;1.23157;3.42192;0.987389 0.150466 0.0492344 -4.80667 -0.15388 0.985235 0.0750569 -3.07266 -0.0372139 -0.0816865 0.995963 -0.329623 0 0 0 1 
7680147070027;1.05263;3.22784;0.935737 0.0771772 0.344151 -6.40673 -0.130419 0.982319 0.134317 -2.49101 -0.327699 -0.170569 0.929257 -17.6547 0 0 0 1 
7680147070028;0.137424;3.16887;0.997927 0.0626072 0.0148974 -3.18034 -0.0627756 0.997966 0.0111183 0.344798 -0.014171 -0.0120304 0.999827 -1.48318 0 0 0 1 
7680147070029;1.81513;2.39358;0.997536 0.0269411 -0.0647845 -3.65773 -0.0286301 0.99927 -0.0252844 3.56741 0.064056 0.0270769 0.997579 2.9911 0 0 0 1 
7680147070031;0.429088;1.81026;0.973758 -0.0505082 -0.22191 -3.89917 0.0510251 0.998692 -0.00340649 1.96951 0.221792 -0.00800589 0.975061 1.23212 0 0 0 1 
7680147070032;0.91489;1.8325;0.995137 -0.0133552 0.0975932 -2.08732 0.00443503 0.995836 0.0910527 2.70377 -0.0984028 -0.090177 0.991052 0.123818 0 0 0 1 
7680147070033;0.415478;1.64236;0.976439 -0.0044161 0.215747 -2.42981 0.0691382 0.953489 -0.293392 1.45364 -0.204417 0.301396 0.931329 -9.80208 0 0 0 1 
7680147070034;0.600344;1.86363;0.984717 -0.0735587 -0.157864 -3.02556 0.0447266 0.982837 -0.178971 1.22961 0.16832 0.169176 0.971107 -2.07274 0 0 0 1 
7680147070035;0.44843;1.73936;0.997047 -0.0286279 0.0712576 -2.56031 0.0134327 0.978625 0.205213 2.62454 -0.0756093 -0.203649 0.97612 2.50612 0 0 0 1 
7680147070036;0.879785;1.44427;0.999864 -0.0142679 -0.00830082 -4.28552 0.0139681 0.999285 -0.0351261 1.9383 0.00879607 0.0350054 0.999348 -1.50623 0 0 0 1 
7680147070037;0.82527;1.818;0.9996 -0.00764462 0.0272342 -3.16279 0.00701858 0.999711 0.0230092 2.03527 -0.0274022 -0.0228088 0.999364 1.39988 0 0 0 1 
7680147070038;0.802274;1.57994;0.978288 -0.0321078 0.204748 -2.283 -0.0284729 0.957737 0.286232 4.06428 -0.205285 -0.285848 0.936028 4.04689 0 0 0 1 
7680147070039;1.33952;1.5854;0.999513 0.0288906 0.011833 -5.78076 -0.0291461 0.999333 0.0220193 1.46233 -0.0111889 -0.0223535 0.999688 0.866169 0 0 0 1 
7680147070040;0.158831;1.72769;0.999643 -0.0222048 -0.0148886 -2.97579 0.0201894 0.992073 -0.124028 1.08625 0.0175246 0.123683 0.992167 -3.01935 0 0 0 1 
7680147070041;1.36617;1.61285;0.998716 -0.0229662 0.0451487 -2.72214 0.0215023 0.999236 0.0326445 1.84596 -0.0458639 -0.0316318 0.998447 -3.16753 0 0 0 1 
7680147070042;0.46675;1.80517;0.996181 0.00989184 0.0867505 -3.23213 0.00855201 0.97773 -0.209692 0.85489 -0.0868929 0.209633 0.973911 -6.6738 0 0 0 1 
7680147070043;1.14629;1.58821;0.964829 0.053518 0.257374 -1.39774 0.00654221 0.973866 -0.227029 -0.168907 -0.262798 0.220728 0.939264 -7.58405 0 0 0 1 
7680147070044;0.702038;1.79872;0.999346 -0.0140005 -0.0333376 -3.49471 0.0162799 0.997476 0.0691133 2.35221 0.0322858 -0.0696109 0.997052 2.71816 0 0 0 1 
7680147070045;0.887978;1.71161;0.999107 -0.0169724 0.0386951 -2.92642 0.017326 0.999811 -0.00882089 2.25996 -0.0385381 0.00948344 0.999212 -2.35828 0 0 0 1 
7680147070046;0.520495;1.70185;0.993285 -0.0345556 0.110415 -2.1453 0.0535611 0.983269 -0.174106 1.38391 -0.102552 0.178851 0.978517 -6.45017 0 0 0 1 
7680147070047;1.3778;1.6335;0.996608 0.0364633 -0.073774 -6.32772 -0.0143326 0.959685 0.280713 4.03332 0.0810355 -0.278704 0.956952 7.59438 0 0 0 1 
7680147070048;1.12108;1.87866;0.999937 -0.010736 0.00315837 -1.4394 0.010876 0.998775 -0.0482808 0.496014 -0.00263616 0.0483122 0.998829 -1.02233 0 0 0 1 
7680147070049;0.932757;1.7029;0.996962 -0.0558892 -0.0542546 -3.02843 0.0471957 0.987551 -0.150053 2.20639 0.0619655 0.147036 0.987188 -1.67808 0 0 0 1 
7680147070050;1.2993;1.45954;0.957208 -0.0714292 -0.280448 -5.34138 0.0349143 0.990487 -0.133106 1.41902 0.287288 0.117619 0.950595 -0.545555 0 0 0 1 
7680147070051;0.92457;1.68465;0.997334 -0.0425768 0.059265 -1.64492 0.0257995 0.965423 0.25941 3.19052 -0.0682606 -0.257189 0.963947 2.62641 0 0 0 1 
7680147070052;0.840224;1.67509;0.963373 -0.0462293 -0.264151 -3.18828 0.0873038 0.985434 0.14594 3.57768 0.253557 -0.163656 0.953376 6.61296 0 0 0 1 
7680147070053;0.82655;1.69594;0.999975 -0.00396487 0.00584121 -2.72388 0.00406786 0.999835 -0.0177253 1.21816 -0.00576997 0.0177486 0.999826 0.633343 0 0 0 1 
7680147070054;0.270576;1.7903;0.99818 0.00978958 0.0595084 -3.56813 -0.0123839 0.998982 0.0433843 1.57415 -0.059023 -0.0440423 0.997285 -0.19949 0 0 0 1 
7680147070055;0.73698;1.68264;0.984222 -0.123586 -0.126621 -1.27944 0.0558365 0.896006 -0.440517 1.68512 0.167895 0.426497 0.88877 -7.41149 0 0 0 1 
7680147070056;0.896614;1.66784;0.998816 -0.0432679 -0.0222235 -2.52614 0.0425975 0.998648 -0.0298034 1.66417 0.023483 0.0288215 0.999309 -2.88622 0 0 0 1 
7680147070057;0.403726;1.5874;0.99773 0.021017 0.0639851 -3.98049 -0.017915 0.998654 -0.0486737 1.23734 -0.0649219 0.0474169 0.996763 -2.15403 0 0 0 1 
7680147070058;0.771956;1.6352;0.992264 0.0115206 0.123613 -3.14856 0.00996485 0.985082 -0.171798 0.998549 -0.123749 0.1717 0.977346 -7.07219 0 0 0 1 
7680147070059;0.054331;1.68272;0.999459 -0.0182469 0.0273623 -2.65857 0.0186802 0.999703 -0.0156638 1.58861 -0.0270684 0.0161664 0.999503 -1.27313 0 0 0 1 
7680147070060;0.252286;1.61319;0.999671 -0.0216661 0.0137608 -2.58776 0.0171547 0.962797 0.269682 3.75449 -0.0190918 -0.269357 0.962851 4.65954 0 0 0 1 
7680147070062;0.694613;2.88525;0.99617 0.0671148 0.0560391 1.83719 -0.0686735 0.997291 0.0263659 -2.41175 -0.0541177 -0.0301134 0.99808 -0.913563 0 0 0 1 
7680147070063;0.642429;2.16658;0.999236 -0.0298186 -0.0252667 3.01133 0.0297968 0.999555 -0.00124006 -0.16814 0.0252925 0.000486242 0.99968 0.276519 0 0 0 1 
7680147070064;1.73702;2.30005;0.996952 -0.0553409 -0.0549856 1.72992 0.0423888 0.975974 -0.213722 -0.34278 0.0654921 0.21074 0.975346 -3.13695 0 0 0 1 
7680147070065;2.03958;3.02806;0.981068 -0.0267629 -0.191805 0.0171671 0.0547991 0.988292 0.142395 1.69674 0.185748 -0.15021 0.971048 6.464 0 0 0 1 
7680147070066;1.4044;2.377;0.997127 -0.00553601 0.0755489 1.69224 0.0158282 0.990538 -0.136324 -0.569021 -0.0740793 0.137128 0.987779 -3.94811 0 0 0 1 
7680147070067;2.44929;2.16254;0.996647 -0.0404824 -0.0710991 3.22433 0.0414138 0.999074 0.0116751 -0.0873487 0.0705606 -0.0145804 0.997401 -0.525053 0 0 0 1 
7680147070068;0.72785;1.93586;0.997754 -0.0179382 -0.0645318 2.00034 0.0152575 0.99901 -0.0417958 -0.537164 0.0652177 0.0407173 0.99704 1.8853 0 0 0 1 
7680147070069;0.403431;1.99694;0.997665 -0.0286829 0.0619762 2.91961 0.0521487 0.905934 -0.420196 -0.350293 -0.0440939 0.422447 0.905315 -8.7381 0 0 0 1 
7680147070070;2.46104;2.90434;0.929027 -0.151894 -0.337397 2.01183 0.0743283 0.969879 -0.23197 -0.653062 0.362469 0.190428 0.912334 3.70677 0 0 0 1 
7680147070071;1.40642;2.08049;0.947185 0.0727015 0.312337 1.7415 -0.110532 0.988294 0.105156 -2.20209 -0.301036 -0.134126 0.944133 -6.50171 0 0 0 1 
7680147070072;0.468235;1.92596;0.997336 0.00100028 -0.0729435 1.56337 -0.0016031 0.999965 -0.00820614 -0.699276 0.0729327 0.00830121 0.997302 1.47327 0 0 0 1 
7680147070073;0.953779;1.96245;0.995393 0.0322643 0.0902904 1.78259 -0.013233 0.978899 -0.203913 -1.97908 -0.0949643 0.201779 0.974816 -4.87844 0 0 0 1 
7680147070074;0.189263;1.9002;0.998421 -0.0552581 -0.0100659 2.89082 0.0526986 0.983599 -0.172498 -0.345052 0.0194327 0.171696 0.984958 -2.42501 0 0 0 1 
7680147070075;2.44638;2.19112;0.963184 -0.104272 -0.247798 4.12611 0.024945 0.952407 -0.303807 -1.40992 0.267683 0.28644 0.919944 1.84596 0 0 0 1 
7680147070076;2.31741;2.20653;0.996487 -0.0209784 -0.0810797 2.326 0.0182908 0.999263 -0.03375 -0.723703 0.0817279 0.0321484 0.996136 3.67917 0 0 0 1 
7680147070077;2.21484;1.68097;0.999789 -0.000967598 -0.0204944 3.29419 -0.0013832 0.993436 -0.11438 -1.38008 0.0204706 0.114385 0.993226 0.602556 0 0 0 1 
7680147070078;0.226189;1.89796;0.992639 0.0196169 -0.119512 0.916866 0.0211699 0.943499 0.3307 2.78622 0.119247 -0.330795 0.936138 8.31029 0 0 0 1 
7680147070079;1.94297;2.88613;0.995204 0.00777904 0.0975153 2.61508 0.0160128 0.970434 -0.240834 -0.580742 -0.0965056 0.241241 0.965655 -6.94456 0 0 0 1 
7680147070080;2.14298;2.21346;0.99924 -0.0368344 -0.0127713 2.3301 0.0335812 0.97963 -0.197982 -0.466791 0.0198037 0.197402 0.980123 -0.365273 0 0 0 1 
7680147070081;1.69906;2.31738;0.998924 0.00883447 0.0455224 3.76076 -0.00296204 0.991836 -0.127487 -1.42935 -0.046277 0.127215 0.990795 -1.77627 0 0 0 1 
7680147070082;2.0972;2.28927;0.95797 -0.104881 -0.26701 1.31129 0.0295083 0.96186 -0.271947 -1.10114 0.285348 0.252638 0.924527 4.15136 0 0 0 1 
7680147070083;0.59076;1.98899;0.998788 -0.0394701 0.0294115 2.92242 0.0467668 0.947318 -0.316861 -0.40633 -0.0153556 0.317853 0.948016 -6.23705 0 0 0 1 
7680147070084;0.946739;2.32379;0.999183 -0.0228015 -0.0333749 3.58035 0.0231815 0.99967 0.0110416 -0.217334 0.0331121 -0.0118062 0.999382 1.9658 0 0 0 1 
7680147070085;1.67199;2.60644;0.960666 0.0713444 -0.268385 -0.51865 0.0267958 0.938113 0.345291 3.20804 0.27641 -0.338901 0.899302 13.532 0 0 0 1 
7680147070086;1.58068;2.7176;0.999618 -0.00313736 -0.0274536 2.6822 0.00369511 0.999787 0.020289 -0.905946 0.0273841 -0.0203827 0.999417 -0.52384 0 0 0 1 
7680147070087;0.945675;3.23759;0.991583 -0.00477977 -0.129382 2.19315 -0.0222482 0.978163 -0.206646 -2.74336 0.127545 0.207785 0.969823 -0.647398 0 0 0 1 
7680147070088;1.00125;2.91421;0.981519 0.0536497 0.18369 2.69624 -0.0488112 0.998334 -0.0307652 -2.68215 -0.185034 0.0212305 0.982503 -5.04038 0 0 0 1 
7680147070089;1.42162;3.13907;0.998781 0.0301076 0.0391129 3.16299 -0.0309009 0.999326 0.0198394 -1.90016 -0.0384893 -0.0210239 0.999038 1.145 0 0 0 1 
7680147070090;0.678915;2.23786;0.997724 -0.0413623 -0.0532631 3.1555 0.0432574 0.998453 0.0349322 0.55045 0.0517359 -0.0371567 0.997969 1.81879 0 0 0 1 
7680147070091;1.30647;2.17067;0.987526 -0.0618059 -0.144821 0.971073 0.046185 0.992985 -0.108848 0.378953 0.150532 0.100801 0.983453 1.92574 0 0 0 1 
7680147070093;0.528987;0.596851;0.995888 -0.0127498 -0.0896957 -0.940472 0.0184572 0.997837 0.0630917 1.52013 0.0886973 -0.0644877 0.993969 7.48425 0 0 0 1 
7680147070094;0.750267;0.802861;0.976102 -0.0249848 -0.215871 -2.76874 0.0522642 0.991202 0.121602 4.54783 0.210933 -0.129978 0.96882 17.6531 0 0 0 1 
7680147070095;1.32662;1.05678;0.994865 0.0749615 0.0680088 -3.2483 -0.0532862 0.959177 -0.277741 -6.54947 -0.0860524 0.27269 0.958246 -12.8528 0 0 0 1 
7680147070096;1.72861;0.348486;0.99919 0.0327617 0.0233537 -1.28289 -0.0315548 0.998236 -0.0502969 -2.83057 -0.0249604 0.0495192 0.998461 0.256995 0 0 0 1 
7680147070097;1.58172;1.67229;0.997092 -0.00357292 -0.0761217 -0.785894 0.00788572 0.998375 0.0564317 0.9444 0.0757965 -0.0568678 0.9955 7.04378 0 0 0 1 
7680147070098;0.811119;0.304327;0.980544 -0.0403983 -0.192097 -2.7379 0.0201813 0.994155 -0.106058 0.226503 0.195258 0.100118 0.975628 12.4352 0 0 0 1 
7680147070099;0.734807;0.38668;0.999889 0.00379372 0.0144101 -1.18102 -0.00372949 0.999983 -0.00448133 -1.40296 -0.0144269 0.00442709 0.999886 -1.48386 0 0 0 1 
7680147070100;0.613699;0.28391;0.936549 0.0824041 0.340713 -4.49509 -0.0605676 0.995398 -0.0742573 -5.10355 -0.345264 0.0489094 0.93723 -26.7546 0 0 0 1 
7680147070101;0.463274;0.532795;0.998943 -0.00272955 -0.0458923 -0.607591 -0.0029388 0.992403 -0.122995 -1.31916 0.0458793 0.123 0.991346 0.167547 0 0 0 1 
7680147070102;1.71997;1.25116;0.991285 0.0506514 0.121608 -1.55195 -0.026813 0.981381 -0.190193 -3.28027 -0.128977 0.185274 0.974186 -15.8507 0 0 0 1 
7680147070103;0.768405;0.520643;0.985108 0.0322904 0.168879 -0.767447 -0.0383658 0.998724 0.032836 -2.4953 -0.167604 -0.0388261 0.98509 -9.75162 0 0 0 1 
7680147070104;1.11988;0.777184;0.999799 0.0132111 0.0150797 -1.84534 -0.0123881 0.998495 -0.0534213 -2.85853 -0.0157627 0.0532238 0.998458 -2.48576 0 0 0 1 
7680147070105;0.792054;0.736521;0.971211 0.0496127 0.232998 -2.01881 -0.0459495 0.99872 -0.0211271 -3.94261 -0.233748 0.00981271 0.972248 -17.6952 0 0 0 1 
7680147070106;0.562855;0.443817;0.998423 0.00830573 -0.0555275 -1.40896 -0.0118239 0.997922 -0.0633342 -1.50689 0.0548861 0.0638909 0.996446 3.38695 0 0 0 1 
7680147070107;0.610731;0.565315;0.999863 -0.00833085 0.0143066 -0.0321326 0.00622821 0.989964 0.141185 1.44534 -0.0153392 -0.141076 0.98988 3.05615 0 0 0 1 
7680147070108;1.42716;1.16411;0.999202 0.00720421 -0.0392757 -0.839557 -0.00903389 0.998872 -0.0466087 -1.13377 0.0388957 0.0469264 0.998141 0.486617 0 0 0 1 
7680147070109;0.474796;0.424914;0.899882 0.0354586 0.434689 -5.1719 -0.0959339 0.988372 0.117976 -6.01382 -0.425451 -0.147866 0.89282 -27.8637 0 0 0 1 
7680147070110;0.941477;0.555277;0.999897 -0.00112341 0.0142965 -1.25593 0.00210238 0.997639 -0.0686467 -1.63345 -0.0141856 0.0686697 0.997539 -2.6443 0 0 0 1 
7680147070111;1.47967;1.32604;0.999946 0.00671596 0.00788436 -0.127404 -0.00654855 0.999757 -0.0210698 -0.622541 -0.00802394 0.021017 0.999747 0.422468 0 0 0 1 
7680147070112;1.75011;0.536809;0.99567 -0.0137995 -0.0919278 -3.04704 0.045101 0.93644 0.347917 5.39919 0.0812838 -0.350557 0.933008 12.1895 0 0 0 1 
7680147070113;1.0332;0.866453;0.997252 0.0203258 0.0712445 -0.916159 -0.0161049 0.998109 -0.0593267 -1.7744 -0.0723157 0.0580162 0.995693 -5.99507 0 0 0 1 
7680147070114;0.426388;0.439839;0.982369 -0.044659 0.18154 0.566395 -0.0294553 0.921949 0.386191 2.37569 -0.184618 -0.384729 0.904378 -4.14001 0 0 0 1 
7680147070115;1.70185;1.3875;0.994834 -0.00967066 -0.101049 -1.5119 -0.027806 0.931417 -0.362891 -4.02481 0.097628 0.363826 0.926336 -2.41455 0 0 0 1 
7680147070116;1.08478;0.292493;0.997628 0.0522309 0.044829 -2.39009 -0.0332726 0.936085 -0.350196 -3.82193 -0.0602548 0.347874 0.935603 -14.1524 0 0 0 1 
7680147070117;0.562653;0.656015;0.997063 0.0159621 0.0749074 -0.2281 -0.0230289 0.995264 0.094447 -0.921158 -0.073045 -0.0958946 0.992708 -2.74302 0 0 0 1 
7680147070118;0.421204;0.548527;0.992659 -0.0223532 -0.118866 -1.1494 0.010789 0.995221 -0.0970549 -0.0424825 0.120468 0.0950599 0.988155 6.52181 0 0 0 1 
7680147070119;1.56631;0.486936;0.99805 0.0136026 0.0609179 -0.541619 -0.00988857 0.998097 -0.060859 -1.71144 -0.0616298 0.060138 0.996286 -8.20146 0 0 0 1 
7680147070120;0.829004;0.763486;0.999332 0.023254 -0.028188 -2.25351 -0.0278966 0.983733 -0.177457 -3.97114 0.0236028 0.178125 0.983725 -1.42954 0 0 0 1 
7680147070121;0.0967963;0.450272;0.997463 0.0100241 0.0704767 -0.500495 -0.0126112 0.999259 0.03636 -1.10433 -0.07006 -0.0371566 0.996851 -3.8385 0 0 0 1 
7680147070122;0.194803;0.47599;0.99968 -0.00817406 -0.0239379 -0.62168 0.00729356 0.999302 -0.0366417 -0.200791 0.0242207 0.0364554 0.999042 1.20034 0 0 0 1 
7680147070124;1.64617;1.40474;0.995387 -0.0106722 0.0953499 -1.17903 0.0241698 0.989636 -0.141549 2.54846 -0.0928511 0.143201 0.985328 -7.94 0 0 0 1 
7680147070125;1.40625;1.15592;0.998885 -0.0367987 0.0295753 -1.21442 0.0368202 0.999322 -0.000180816 4.08401 -0.0295486 0.00126958 0.999563 -4.03678 0 0 0 1 
7680147070126;1.2267;1.35235;0.998388 -0.0460238 -0.0332093 -2.23371 0.0464312 0.998854 0.0115999 5.84952 0.0326374 -0.0131231 0.999381 2.07002 0 0 0 1 
7680147070127;1.9725;1.1426;0.986918 -0.05804 -0.150411 -1.40823 0.0386413 0.990914 -0.128826 3.68504 0.156521 0.121329 0.980194 8.49145 0 0 0 1 
7680147070128;1.62499;2.13362;0.965558 -0.0648754 -0.25197 -4.54389 0.0665829 0.997779 -0.00175297 6.38016 0.251525 -0.0150843 0.967733 13.4948 0 0 0 1 
7680147070129;0.486275;1.42067;0.998639 -0.0271563 -0.0445287 -1.07846 0.0249923 0.998513 -0.0484551 3.1886 0.0457784 0.0472763 0.997832 3.16953 0 0 0 1 
7680147070130;1.63305;2.2421;0.996817 -0.0140694 0.078472 -1.57142 0.00557231 0.994193 0.107467 3.2549 -0.0795283 -0.106688 0.991107 -4.08566 0 0 0 1 
7680147070131;2.14793;1.23293;0.932175 0.0589493 0.357175 -4.18724 0.0292378 0.971169 -0.236592 3.14606 -0.360824 0.230988 0.903577 -24.9867 0 0 0 1 
7680147070132;1.4581;2.05341;0.995274 -0.0404035 -0.0883066 -2.07594 0.0399659 0.999178 -0.00671919 4.28108 0.0885056 0.00315818 0.996071 3.47401 0 0 0 1 
7680147070133;1.07349;2.17725;0.999327 -0.0170822 -0.0324699 -1.26258 0.0167966 0.999818 -0.00904605 2.41667 0.0326185 0.00849457 0.999432 2.05002 0 0 0 1 
7680147070134;1.69636;1.35324;0.992914 -0.0348685 -0.113605 -1.73613 0.0201701 0.991563 -0.12805 2.23987 0.117111 0.124851 0.98524 9.80958 0 0 0 1 
7680147070135;0.51747;1.42545;0.938493 -0.0910845 -0.333069 -5.89239 0.0900225 0.995765 -0.0186546 7.30475 0.333357 -0.0124765 0.942718 20.1948 0 0 0 1 
7680147070136;0.646267;2.02299;0.915756 -0.0998621 -0.389125 -8.3399 0.0496238 0.989313 -0.137106 4.95381 0.398658 0.106246 0.910924 26.0824 0 0 0 1 
7680147070137;2.04694;2.17835;0.992617 -0.0252036 -0.118648 -2.13902 0.0421727 0.988858 0.142763 4.94843 0.113727 -0.146713 0.98262 8.54907 0 0 0 1 
7680147070138;0.720049;1.24371;0.99926 -0.0249983 -0.0292236 -0.994719 0.0218994 0.99455 -0.101936 2.52518 0.0316126 0.10122 0.994362 1.47647 0 0 0 1 
7680147070139;1.74647;1.26307;0.999073 -0.022265 0.0368361 -1.14172 0.0233146 0.999327 -0.0283153 2.93849 -0.0361809 0.0291479 0.99892 -4.9153 0 0 0 1 
7680147070140;0.663015;2.20181;0.999551 -0.0293748 0.0058478 -1.58041 0.0297604 0.996074 -0.0833739 3.62384 -0.00337575 0.0835105 0.996501 -0.721734 0 0 0 1 
7680147070141;0.53013;1.39215;0.999203 -0.0386168 0.0100759 -0.571305 0.0387201 0.999197 -0.0102681 3.65583 -0.00967125 0.01065 0.999897 -0.752414 0 0 0 1 
7680147070142;1.96977;1.85925;0.981815 -0.0702163 -0.176376 -5.18664 0.0300457 0.974847 -0.22084 4.6475 0.187446 0.211525 0.95923 13.7188 0 0 0 1 
7680147070143;0.856847;1.88162;0.982779 -0.0398233 0.180442 -2.69112 0.00889111 0.985561 0.169087 3.33933 -0.18457 -0.164571 0.968943 -13.0987 0 0 0 1 
7680147070144;1.63732;1.95467;0.997029 0.0104766 0.076306 -0.527232 -0.011456 0.999857 0.012408 -0.0228708 -0.0761652 -0.0132453 0.997007 -6.2896 0 0 0 1 
7680147070145;0.140484;1.28025;0.998852 -0.0473841 0.00704579 -1.07353 0.0474514 0.998826 -0.0097134 4.51289 -0.00657726 0.0100366 0.999928 -0.564404 0 0 0 1 
7680147070146;1.19743;1.38894;0.994201 -0.0876292 -0.0623286 -2.23903 0.0886192 0.995977 0.0132943 8.27226 0.0609129 -0.0187407 0.997967 2.25128 0 0 0 1 
7680147070147;0.293378;1.26575;0.997911 -0.00131387 0.06459 -0.741084 0.00749666 0.995394 -0.0955749 1.58066 -0.0641669 0.0958595 0.993325 -4.05214 0 0 0 1 
7680147070148;2.08491;1.31504;0.993786 -0.0280242 -0.107723 -1.00506 0.0461595 0.984406 0.169746 4.52143 0.101286 -0.173663 0.979583 7.93047 0 0 0 1 
7680147070149;2.16398;1.78857;0.986778 -0.0523711 -0.153381 -2.43451 0.0264915 0.985746 -0.166144 4.064 0.159896 0.159884 0.9741 10.3151 0 0 0 1 
7680147070150;0.570326;1.90294;0.999645 0.00269915 0.0265127 -1.17684 0.00887982 0.90427 -0.426868 0.75204 -0.0251268 0.426952 0.903925 -0.307182 0 0 0 1 
7680147070151;0.700204;2.00692;0.994191 -0.0446015 -0.0979574 -2.72085 0.0461387 0.998844 0.0134829 5.72427 0.0972428 -0.0179242 0.995099 5.55508 0 0 0 1 
7680147070152;0.196422;1.45984;0.998349 -0.0546291 -0.0177373 -1.09757 0.0543205 0.998371 -0.0174385 5.17573 0.018661 0.0164462 0.999691 1.08439 0 0 0 1 
7680147070153;0.328459;2.09472;0.99929 -0.0256161 -0.0276347 -1.67774 0.016081 0.953161 -0.302037 2.37705 0.0340773 0.301378 0.952896 2.99717 0 0 0 1 
7680147070155;0.140686;3.09192;0.999497 -0.0153927 -0.0277235 4.47865 0.014411 0.999274 -0.0352704 2.8202 0.0282462 0.0348531 0.998993 2.99071 0 0 0 1 
7680147070156;0.73666;2.73764;0.999153 -0.0270365 -0.0310069 4.62871 0.0258329 0.998921 -0.0385832 3.615 0.0320166 0.0377495 0.998774 3.62311 0 0 0 1 
7680147070157;1.89722;3.5124;0.99673 -0.0373317 -0.0716665 2.91615 0.0400016 0.998544 0.0361887 6.27339 0.0702112 -0.0389372 0.996772 9.48231 0 0 0 1 
7680147070158;1.79956;3.08229;0.997702 -0.0257822 -0.0626588 4.02792 0.0129346 0.980241 -0.197384 3.06599 0.0665097 0.19612 0.978322 8.51709 0 0 0 1 
7680147070159;1.65931;3.54763;0.998816 0.00889015 -0.047822 3.1873 -0.01077 0.999173 -0.0391961 -0.356139 0.047434 0.0396647 0.998087 3.7311 0 0 0 1 
7680147070160;0.0621527;2.94595;0.999194 -0.000787389 -0.0401248 4.21217 -0.000693487 0.999319 -0.0368795 1.01574 0.0401265 0.0368776 0.998514 4.52298 0 0 0 1 
7680147070161;0.430207;3.05055;0.996978 -0.0475427 -0.0614326 4.12348 0.0429983 0.996383 -0.0732896 5.90906 0.0646948 0.0704267 0.995417 7.27797 0 0 0 1 
7680147070162;0.473536;2.85765;0.969118 0.0434393 0.242742 1.74237 -0.0455375 0.998958 0.00303673 -3.88234 -0.242357 -0.0139968 0.970086 -27.0936 0 0 0 1 
7680147070163;0.736349;3.22364;0.990981 0.0351279 0.129315 3.59393 -0.0509399 0.991335 0.121075 -4.122 -0.123942 -0.126571 0.984184 -13.6229 0 0 0 1 
7680147070164;0.540732;3.16474;0.997524 -0.028237 -0.0644076 4.01038 0.0172265 0.986059 -0.165501 2.73526 0.0681829 0.163982 0.984104 8.51072 0 0 0 1 
7680147070165;1.76832;2.95759;0.999742 -0.00475957 -0.0222254 4.0526 0.00383078 0.999125 -0.0416466 1.50866 0.0224042 0.0415507 0.998885 5.27267 0 0 0 1 
7680147070166;0.877488;2.96268;0.995218 0.0125449 -0.0968647 3.91234 -0.000373786 0.9922 0.124659 1.27324 0.097673 -0.124026 0.98746 8.7055 0 0 0 1 
7680147070167;0.355143;3.17809;0.995526 -0.0675066 -0.0661195 3.74447 0.0651039 0.997161 -0.0378451 8.28808 0.0684865 0.0333712 0.997094 7.8466 0 0 0 1 
7680147070168;0.458362;3.13267;0.999702 -0.00686485 0.0234393 5.04756 0.00479787 0.996186 0.0871285 2.45157 -0.023948 -0.0869901 0.995921 -3.40216 0 0 0 1 
7680147070169;1.52541;2.75649;0.960684 -0.0444827 -0.274059 0.461205 0.0634637 0.996131 0.0607822 8.30071 0.270295 -0.0757852 0.95979 27.9102 0 0 0 1 
7680147070170;1.71122;3.57554;0.997019 0.0152495 0.075641 3.9567 -0.00973148 0.9973 -0.0727891 -0.0156972 -0.0765467 0.071836 0.994475 -7.34596 0 0 0 1 
7680147070171;1.73488;2.37026;0.994133 -0.0377027 -0.101385 4.80412 0.00862571 0.961935 -0.273141 1.87052 0.107824 0.270664 0.956616 11.6015 0 0 0 1 
7680147070172;1.09968;2.86643;0.999885 -0.00180252 -0.0150676 5.02123 0.00128929 0.999421 -0.0340025 0.940107 0.0151201 0.0339791 0.999308 1.86554 0 0 0 1 
7680147070173;0.591876;2.83691;0.961463 -0.000519852 -0.274934 -1.17607 0.0143368 0.998732 0.0482483 3.09918 0.27456 -0.0503307 0.960252 30.0354 0 0 0 1 
7680147070174;1.36958;3.55015;0.997909 -0.0465161 0.0448746 4.00151 0.0531861 0.985487 -0.161202 6.12604 -0.0367249 0.163252 0.985901 -4.98674 0 0 0 1 
7680147070175;0.533565;2.96493;0.999126 0.00324004 -0.041675 4.36822 -0.00482695 0.999265 -0.038034 0.939767 0.0415211 0.0382019 0.998407 5.14639 0 0 0 1 
7680147070176;0.79171;2.88094;0.991872 0.0509104 0.116613 4.19229 -0.0371028 0.992361 -0.117657 -3.48335 -0.121712 0.112374 0.986184 -12.1551 0 0 0 1 
7680147070177;1.74498;3.29396;0.959724 0.0628698 0.27382 0.927915 -0.0343738 0.993594 -0.107653 -3.56208 -0.278834 0.0939053 0.955737 -30.394 0 0 0 1 
7680147070178;1.38005;3.57956;0.99564 -0.034635 0.0866113 3.90212 0.0455016 0.990882 -0.12682 5.46338 -0.0814291 0.130208 0.988137 -9.9115 0 0 0 1 
7680147070179;1.66284;2.92301;0.998942 0.0182666 0.0422038 5.27904 -0.0192883 0.999528 0.0239296 -1.39961 -0.0417467 -0.0247183 0.998822 -3.5293 0 0 0 1 
7680147070180;1.25183;3.10795;0.96949 0.0575252 -0.238285 0.119093 -0.0248692 0.990141 0.13785 -1.13292 0.243865 -0.127719 0.961362 24.2117 0 0 0 1 
7680147070181;1.00094;3.10887;0.997623 0.0435873 0.0533786 4.62649 -0.0526853 0.981691 0.183048 -4.29362 -0.0444228 -0.185425 0.981654 -6.85091 0 0 0 1 
7680147070182;1.8528;3.23947;0.979528 0.0538715 0.193968 3.33287 -0.074638 0.992043 0.101394 -6.71221 -0.186962 -0.113795 0.975754 -23.7474 0 0 0 1 
7680147070183;0.963883;2.65472;0.987183 0.07103 0.142913 4.32006 -0.0935149 0.983107 0.157342 -8.74038 -0.129323 -0.16869 0.977149 -15.834 0 0 0 1 
7680147070184;0.147928;3.00776;0.998775 -0.00385586 -0.0493249 4.29405 0.00328185 0.999926 -0.011713 1.60525 0.0493664 0.0115367 0.998714 5.51697 0 0 0 1 
7680147070186;1.27351;4.11909;0.99538 0.091502 0.0290826 3.0531 -0.0891852 0.993344 -0.0728914 -5.16229 -0.0355587 0.0699609 0.996916 -3.18136 0 0 0 1 
7680147070187;0.700101;3.76926;0.944598 0.115675 0.307172 -1.92327 -0.169159 0.973551 0.153569 -12.9709 -0.281283 -0.197022 0.939182 -30.4174 0 0 0 1 
7680147070188;1.39118;4.10089;0.997746 0.0393944 0.0543296 3.83589 -0.0411265 0.998669 0.0311401 -0.194757 -0.0530305 -0.0333043 0.998037 -7.84339 0 0 0 1 
7680147070189;1.30828;3.7861;0.962393 0.00921922 -0.271506 -0.655976 0.0886826 0.93401 0.346064 17.1266 0.256779 -0.357127 0.898067 29.7277 0 0 0 1 
7680147070190;1.12112;4.22333;0.992425 0.0416163 0.115593 3.47146 -0.0783852 0.93898 0.334922 -1.82684 -0.0946009 -0.341446 0.935128 -9.4826 0 0 0 1 
7680147070191;1.94775;3.55001;0.99788 -0.000726655 -0.0650797 5.06286 0.0136634 0.979993 0.198561 7.43431 0.0636334 -0.199029 0.977925 7.66258 0 0 0 1 
7680147070192;1.68036;4.24449;0.986865 -0.0043938 0.16149 3.65813 0.00834442 0.999682 -0.0237934 6.15905 -0.161334 0.0248284 0.986587 -17.8697 0 0 0 1 
7680147070193;1.11849;3.86733;0.998702 0.00908397 0.0501209 4.73739 0.00477449 0.962943 -0.269661 4.28955 -0.0507131 0.26955 0.96165 -7.04339 0 0 0 1 
7680147070194;0.766853;4.232;0.999481 0.0261831 0.0187833 3.32947 -0.0265087 0.999499 0.017303 1.49546 -0.0183208 -0.0177919 0.999674 -2.66138 0 0 0 1 
7680147070195;0.416426;3.8276;0.996226 0.0551762 0.0669978 3.50038 -0.0495805 0.995358 -0.0824897 -1.22451 -0.0712382 0.0788566 0.994337 -9.12597 0 0 0 1 
7680147070196;0.748225;4.26099;0.999375 0.0195998 0.0294286 3.44401 -0.0218729 0.996633 0.0790208 2.34271 -0.0277807 -0.0796151 0.996438 -2.53381 0 0 0 1 
7680147070197;0.500793;3.97239;0.997906 0.0592502 0.0259362 3.67858 -0.0522822 0.97503 -0.215833 -1.92299 -0.0380767 0.214025 0.976086 -6.15468 0 0 0 1 
7680147070198;0.104802;4.02321;0.99986 0.00928117 0.0138902 4.0542 -0.010595 0.995158 0.0977191 4.01106 -0.012916 -0.0978526 0.995117 -0.951265 0 0 0 1 
7680147070199;1.797;4.38291;0.981094 0.0554709 0.185414 3.02479 -0.0486674 0.997971 -0.0410493 -1.74624 -0.187314 0.0312496 0.981803 -23.5962 0 0 0 1 
7680147070200;0.574851;3.89464;0.996878 0.0762947 -0.0203406 2.79834 -0.0747936 0.994982 0.0664581 -3.22722 0.0253089 -0.0647293 0.997582 2.40669 0 0 0 1 
7680147070201;1.66238;4.5438;0.972146 -0.0349349 -0.231757 0.0335311 0.0342656 0.999389 -0.00691433 7.18799 0.231857 -0.00121953 0.972749 24.6087 0 0 0 1 
7680147070202;0.856075;4.63338;0.999506 0.0052001 0.0309984 4.30485 -0.0105299 0.984628 0.174348 4.1619 -0.0296152 -0.174588 0.984196 -1.84631 0 0 0 1 
7680147070203;0.151635;3.88324;0.999765 0.00595222 0.020857 4.13513 -0.00621766 0.9999 0.0126851 3.99888 -0.0207794 -0.0128118 0.999702 -2.43039 0 0 0 1 
7680147070204;1.87474;4.70433;0.999721 0.00806373 0.0222085 3.15201 -0.00792771 0.999949 -0.00620576 3.44275 -0.0222574 0.00602797 0.999734 -1.17921 0 0 0 1 
7680147070205;1.34644;3.52775;0.999758 -0.00479722 0.0214623 5.13691 0.0026132 0.994918 0.100654 6.3118 -0.0218361 -0.100574 0.99469 -2.17984 0 0 0 1 
7680147070206;0.882492;3.89937;0.908475 -0.0829172 -0.40963 -7.04312 0.0386142 0.992582 -0.11528 9.08403 0.416151 0.0889112 0.904938 44.5587 0 0 0 1 
7680147070207;1.16879;4.48605;0.989472 0.124396 0.0739579 1.65784 -0.129361 0.989358 0.0666086 -9.27412 -0.064885 -0.0754746 0.995034 -5.77495 0 0 0 1 
7680147070208;1.24601;4.31241;0.99207 0.11593 0.0485485 2.06994 -0.120894 0.98582 0.116375 -8.44633 -0.0343688 -0.121321 0.992018 -3.20559 0 0 0 1 
7680147070209;1.20929;3.80468;0.997324 -0.0134056 -0.0718729 4.31035 0.0410065 0.916432 0.398083 11.733 0.0605301 -0.399965 0.914529 8.14847 0 0 0 1 
7680147070210;1.69015;3.64793;0.999559 -0.00629742 0.0290035 4.88226 0.00564615 0.999731 0.0224822 6.72737 -0.0291373 -0.0223086 0.999326 -1.77003 0 0 0 1 
7680147070211;0.940014;4.39007;0.988897 -0.0138969 -0.147953 2.40897 0.0425465 0.980416 0.192286 10.4609 0.142384 -0.196446 0.970122 18.0409 0 0 0 1 
7680147070212;1.74535;3.74634;0.999847 -0.00471877 0.0168639 4.31138 0.00468462 0.999987 0.00206377 5.90936 -0.0168735 -0.00198445 0.999856 -3.15576 0 0 0 1 
7680147070213;0.400202;3.90306;0.999008 0.0150243 0.0419196 4.05837 -0.0167064 0.999057 0.0400698 3.13801 -0.041278 -0.0407304 0.998317 -4.70922 0 0 0 1 
7680147070214;0.315659;4.2002;0.998113 -0.000887492 -0.0614005 3.70073 0.00602553 0.996486 0.0835464 5.83532 0.0611106 -0.0837587 0.99461 7.07877 0 0 0 1 
7680147070215;0.611277;4.19446;0.997252 0.0185062 0.0717287 3.97406 -0.0208944 0.999247 0.0326882 2.32019 -0.0710698 -0.0340971 0.996888 -8.64452 0 0 0 1 
7680147070217;0.89674;3.13698;0.998273 0.0154415 0.0566813 -3.63025 -0.0165351 0.999685 0.0188759 -1.31881 -0.056372 -0.0197805 0.998214 -2.00113 0 0 0 1 
7680147070218;1.73564;3.09069;0.999952 0.00125283 0.00966937 -4.30432 -0.00129196 0.999991 0.00404108 -0.505014 -0.00966422 -0.00405338 0.999945 1.67591 0 0 0 1 
7680147070219;1.39452;3.26801;0.961345 -0.055898 -0.269614 -5.16021 0.0305335 0.99478 -0.0973724 -0.841264 0.27365 0.0853762 0.958033 6.24473 0 0 0 1 
7680147070220;0.267296;3.16477;0.999771 -0.00303209 -0.0211693 -3.97809 -0.00576575 0.915023 -0.40336 -1.77107 0.0205934 0.40339 0.914796 4.0597 0 0 0 1 
7680147070221;1.27015;3.74876;0.999823 -0.000226847 0.0188129 -3.11729 -0.0040831 0.97348 0.228738 -0.599955 -0.0183658 -0.228774 0.973306 -2.76822 0 0 0 1 
7680147070222;1.97297;2.44219;0.996053 0.0189226 0.086717 -4.81466 -0.0218208 0.99923 0.0325961 -1.78862 -0.0860335 -0.0343597 0.9957 -0.975167 0 0 0 1 
7680147070223;1.53331;3.114;0.997884 -0.00297478 -0.0649555 -4.46377 0.00337971 0.999976 0.00612501 -1.4891 0.0649357 -0.00633158 0.997869 -0.0468642 0 0 0 1 
7680147070224;2.30376;3.06324;0.912241 -0.0884484 -0.399991 -5.77408 0.0453512 0.992216 -0.115974 -0.765893 0.407135 0.0876566 0.909152 4.11507 0 0 0 1 
7680147070225;1.4585;3.4368;0.998704 -0.0227935 -0.0455014 -3.97045 0.0205177 0.998545 -0.0498712 0.0308652 0.0465719 0.048873 0.997719 2.23779 0 0 0 1 
7680147070226;1.86707;3.25791;0.998399 -0.023073 -0.0516424 -4.49153 0.0225086 0.999681 -0.0114833 0.0648918 0.0518909 0.0103025 0.9986 2.90503 0 0 0 1 
7680147070227;0.781577;3.2712;0.999809 -0.00646263 -0.0184469 -3.68705 0.00656004 0.999965 0.00522502 -1.06599 0.0184125 -0.00534503 0.999816 -0.604027 0 0 0 1 
7680147070228;0.400914;3.15827;0.998384 0.0174318 0.0540828 -3.44605 -0.0191331 0.999333 0.0311007 -1.22704 -0.0535046 -0.0320853 0.998052 -1.03547 0 0 0 1 
7680147070229;0.955663;3.01826;0.999731 -0.00265026 -0.0230537 -4.24324 0.00177951 0.999287 -0.0377095 -0.698229 0.0231372 0.0376583 0.999023 0.977624 0 0 0 1 
7680147070230;0.317185;3.1499;0.980671 -0.043174 -0.190842 -4.74255 0.0354909 0.998423 -0.043497 -0.436053 0.192419 0.0358831 0.980656 3.41907 0 0 0 1 
7680147070231;1.12926;3.47448;0.999963 -0.00532756 0.00669381 -3.80583 0.00524023 0.999902 0.0129961 -0.563749 -0.00676239 -0.0129606 0.999893 -1.0184 0 0 0 1 
7680147070232;1.51388;2.9876;0.999962 0.00328195 0.00801983 -4.27126 -0.00346698 0.999726 0.0231685 -1.78709 -0.0079416 -0.0231954 0.999699 -1.37244 0 0 0 1 
7680147070233;1.97376;3.11268;0.991198 -0.013455 -0.131701 -5.10616 0.0557959 0.944608 0.323423 -0.0109168 0.120054 -0.327925 0.937044 -2.45833 0 0 0 1 
7680147070234;1.9935;3.26612;0.999618 0.00917214 -0.0260531 -3.60754 -0.0115091 0.995783 -0.0910143 -1.4271 0.0251084 0.0912794 0.995509 -1.16966 0 0 0 1 
7680147070235;1.53051;3.3615;0.987115 -0.0284487 -0.157466 -4.17303 0.027388 0.999585 -0.00890263 -0.890779 0.157654 0.00447523 0.987484 1.06289 0 0 0 1 
7680147070236;0.104269;3.24923;0.999907 0.00791107 0.0111141 -3.85508 -0.00798611 0.999946 0.0067244 -1.1074 -0.0110603 -0.00681253 0.999916 -0.0983781 0 0 0 1 
7680147070237;2.06657;2.46957;0.997657 -0.0166903 -0.0663415 -5.29333 0.00510833 0.985249 -0.17105 -0.914279 0.0682177 0.17031 0.983026 4.06563 0 0 0 1 
7680147070238;1.4657;3.53491;0.915098 0.0388448 0.401357 -3.42801 -0.140566 0.963643 0.227228 -3.16181 -0.377938 -0.264353 0.887288 -8.68963 0 0 0 1 
7680147070239;0.672786;3.10888;0.992487 0.0235326 0.120064 -3.45036 -0.0321796 0.996986 0.0705963 -1.22237 -0.118041 -0.0739295 0.990253 -1.82588 0 0 0 1 
7680147070240;1.69401;3.29415;0.998781 0.0154855 0.0468795 -3.6246 -0.0192473 0.996537 0.0808868 -0.635764 -0.0454646 -0.0816905 0.99562 0.529991 0 0 0 1 
7680147070241;1.89764;3.33166;0.996134 -0.0154445 -0.086474 -3.79527 0.0339058 0.975736 0.216308 -1.03726 0.0810351 -0.218403 0.972488 -3.01678 0 0 0 1 
7680147070242;1.04234;2.98379;0.997984 -0.0173243 -0.0610526 -4.65922 0.017982 0.999786 0.0102403 -0.480891 0.0608621 -0.0113175 0.998082 1.5665 0 0 0 1 
7680147070243;1.63774;2.73897;0.969941 0.0328264 0.241116 -4.44159 -0.042345 0.998511 0.0344012 -2.11867 -0.239627 -0.0435772 0.969887 -3.94963 0 0 0 1 
7680147070244;2.23994;3.62049;0.996107 0.0329475 -0.081758 -3.38756 -0.0142883 0.975604 0.219074 -1.04651 0.0869814 -0.217053 0.972277 1.38081 0 0 0 1 
7680147070245;0.410551;3.2608;0.999778 -0.00371532 -0.0207191 -3.98072 0.00388732 0.999958 0.00826775 -0.858984 0.0206875 -0.00834646 0.999751 -0.21646 0 0 0 1 
7680147070246;0.921508;3.3309;0.994608 -0.0105504 -0.103167 -4.11291 0.00589038 0.998953 -0.0453701 -0.969728 0.103538 0.0445178 0.993629 0.915705 0 0 0 1 
7680147070248;1.50847;1.98091;0.976419 0.0398603 -0.212174 1.32869 0.0261353 0.953753 0.299452 5.76566 0.214298 -0.297935 0.930221 22.2584 0 0 0 1 
7680147070249;1.33018;1.94341;0.992566 0.106601 0.0587302 3.35707 -0.106698 0.99429 -0.00148323 -6.58691 -0.058553 -0.0047942 0.998273 -4.15889 0 0 0 1 
7680147070250;0.124558;1.9316;0.997938 0.0593062 0.0245526 2.76222 -0.0591702 0.998228 -0.00623193 -3.30978 -0.0248787 0.00476629 0.999679 -2.82637 0 0 0 1 
7680147070251;0.53556;2.28866;0.97946 0.101772 0.174073 1.50976 -0.118351 0.989095 0.087656 -8.25815 -0.163254 -0.106457 0.980824 -13.8656 0 0 0 1 
7680147070252;1.1295;2.00425;0.976317 0.184262 0.113365 0.0125458 -0.175043 0.980745 -0.0865944 -13.3539 -0.127138 0.0646999 0.989773 -10.2454 0 0 0 1 
7680147070253;0.578449;1.81588;0.999022 0.0059205 -0.0438168 3.18127 -0.00608023 0.999975 -0.00351297 1.65334 0.0437949 0.00377595 0.999033 4.09724 0 0 0 1 
7680147070254;1.15198;1.72702;0.99723 0.0738529 0.00883524 3.20807 -0.0738371 0.997268 -0.00209825 -3.83543 -0.00896606 0.00144007 0.999959 -2.73822 0 0 0 1 
7680147070255;0.370863;1.96879;0.991774 0.0976424 0.082768 1.9064 -0.125466 0.869635 0.477487 -6.46233 -0.025355 -0.483943 0.874732 1.30528 0 0 0 1 
7680147070256;1.32328;2.08997;0.963066 0.121182 0.240456 -0.673098 -0.0697833 0.974822 -0.211785 -4.57292 -0.260066 0.187183 0.947274 -27.6995 0 0 0 1 
7680147070257;0.807316;1.81392;0.973636 -0.0194183 -0.227281 1.10425 -0.0272522 0.979332 -0.200416 -1.25215 0.226475 0.201326 0.952983 18.8959 0 0 0 1 
7680147070258;0.260139;1.94016;0.94753 0.186784 0.25942 -2.32273 -0.147066 0.975261 -0.165039 -11.2649 -0.283829 0.118227 0.951558 -27.2683 0 0 0 1 
7680147070259;0.965988;1.9069;0.986737 0.077487 0.142636 1.71745 -0.0857547 0.994919 0.0527503 -5.37914 -0.137824 -0.0642824 0.988369 -12.2772 0 0 0 1 
7680147070260;0.831214;1.83367;0.997123 0.0756075 -0.00544116 2.95493 -0.0738469 0.985087 0.155403 -3.18701 0.0171096 -0.154554 0.987836 2.21558 0 0 0 1 
7680147070261;1.06706;1.79716;0.983219 0.0967573 0.154658 1.26319 -0.0552328 0.965856 -0.253124 -3.29583 -0.173869 0.240334 0.954992 -19.9132 0 0 0 1 
7680147070262;1.52451;2.26253;0.986872 0.0751134 0.142975 2.81765 -0.076343 0.997077 0.00312564 -5.71921 -0.142322 -0.0139997 0.989721 -14.8177 0 0 0 1 
7680147070263;1.15131;2.1481;0.992239 0.113788 0.0501435 1.15522 -0.112142 0.993093 -0.0345075 -8.66884 -0.0537237 0.0286165 0.998146 -7.43508 0 0 0 1 
7680147070264;1.15529;2.06539;0.994599 0.101468 0.0218232 1.69559 -0.101241 0.994798 -0.0112747 -6.88489 -0.0228537 0.00900439 0.999698 -0.391184 0 0 0 1 
7680147070265;0.426203;1.81747;0.965815 0.0462304 0.255075 0.420763 -0.0876959 0.984223 0.153668 -5.26802 -0.243947 -0.170784 0.954632 -20.8394 0 0 0 1 
7680147070266;1.20758;2.03336;0.995998 0.0863649 0.0230031 1.54133 -0.0890305 0.98133 0.170487 -4.15459 -0.00784953 -0.171852 0.985091 0.628278 0 0 0 1 
