#;prob_registration_l1 -r /home/probabilistic_point_clouds_registration/build/tester /home/point_clouds_registration_benchmark//devel/registration_pairs/gazebo_winter_local.txt /home/point_clouds_registration_benchmark//eth/gazebo_winter -s 0.2 -t 0.2 -p 0.3 -r 1000 -m 15 -i 40 
id;initial_error;final_error;transformation
38591597440000;0.538033;0.034974;0.993699 -0.0989027 -0.0527285 -0.383641 0.100441 0.994567 0.0273661 -0.418638 0.0497354 -0.0324898 0.998234 0.55627 0 0 0 1 
38591597440001;0.518725;0.0227641;0.950739 0.25109 0.181792 0.0459844 -0.267284 0.961038 0.0704652 1.07873 -0.157016 -0.115584 0.980809 -0.0474383 0 0 0 1 
38591597440002;0.466312;0.0109817;0.984614 -0.128385 0.118545 0.0766502 0.132783 0.990692 -0.0299504 -0.320858 -0.113597 0.0452304 0.992497 -0.217721 0 0 0 1 
38591597440003;0.369171;0.034244;0.9798 0.199978 0.000149804 -0.190114 -0.199978 0.979799 0.00153948 0.772784 0.000161084 -0.00153834 0.999999 0.38481 0 0 0 1 
38591597440004;0.566929;0.0320559;0.878243 0.412064 -0.242678 1.0628 -0.395635 0.91114 0.115315 1.63946 0.268631 -0.00526262 0.963229 -1.66473 0 0 0 1 
38591597440005;0.214626;0.0225431;0.994862 -0.0804037 -0.0615232 0.0333488 0.0800285 0.996756 -0.00854208 -0.296054 0.0620104 0.00357459 0.998069 -0.600645 0 0 0 1 
38591597440006;0.296525;0.0141379;0.960338 -0.217391 -0.174619 0.178415 0.238783 0.964545 0.112409 -1.02089 0.143991 -0.149647 0.978199 -0.36359 0 0 0 1 
38591597440007;0.55939;0.0350743;0.990053 0.140626 -0.00435095 0.0694897 -0.139986 0.987702 0.0696376 0.182175 0.0140903 -0.0683358 0.997563 -0.883286 0 0 0 1 
38591597440008;0.573696;0.0313757;0.909356 0.00565933 0.415981 0.310699 -0.109933 0.967634 0.227155 0.47538 -0.401231 -0.252295 0.880546 2.45451 0 0 0 1 
38591597440009;0.226381;0.0115819;0.999436 -0.0288468 0.0171771 0.0627079 0.0281834 0.998892 0.0376871 0.0667476 -0.0182452 -0.0371817 0.999142 -0.249778 0 0 0 1 
38591597440010;0.405479;0.0377964;0.93519 -0.108216 0.337208 0.105069 0.221966 0.921047 -0.320006 -0.744613 -0.275954 0.374115 0.885374 1.65593 0 0 0 1 
38591597440011;0.432428;0.0173314;0.933604 -0.342353 -0.105724 0.418727 0.358231 0.885834 0.294905 -1.76927 -0.00730811 -0.313198 0.94966 -0.2671 0 0 0 1 
38591597440012;0.493861;0.0404712;0.9962 -0.00355924 -0.0870183 0.357803 -0.00115426 0.998537 -0.0540565 -0.241251 0.0870835 0.0539515 0.994739 0.328256 0 0 0 1 
38591597440013;0.489902;0.0276858;0.902549 0.388095 0.186516 0.223172 -0.393608 0.919243 -0.00805523 1.33345 -0.174579 -0.0661439 0.982419 0.37351 0 0 0 1 
38591597440014;0.265078;0.0267389;0.950778 -0.0550747 0.304938 -0.0540579 0.0877722 0.991641 -0.0945684 -0.261984 -0.297181 0.116679 0.947665 1.44351 0 0 0 1 
38591597440015;0.50504;0.0201898;0.941586 -0.329185 0.0710817 0.403693 0.302917 0.920083 0.248373 -1.70412 -0.147162 -0.212333 0.966053 0.167246 0 0 0 1 
38591597440016;0.306367;0.0385515;0.96081 0.115852 -0.251836 0.28067 -0.0685244 0.979548 0.189185 0.0197747 0.268603 -0.164514 0.949098 -1.36513 0 0 0 1 
38591597440017;0.306001;0.0328788;0.992215 -0.124101 0.0104001 -0.192244 0.124526 0.989738 -0.0700917 -0.875481 -0.00159495 0.0708411 0.997486 0.107356 0 0 0 1 
38591597440018;0.310987;0.0303962;0.975673 0.218637 -0.0161241 0.463491 -0.218866 0.975653 -0.0141296 1.03375 0.0126423 0.0173149 0.99977 -0.292321 0 0 0 1 
38591597440019;0.565481;0.0107989;0.985992 -0.159786 0.0478393 -0.563144 0.143877 0.95988 0.240686 -0.250473 -0.0843782 -0.230432 0.969423 -0.15168 0 0 0 1 
38591597440020;0.471158;0.027658;0.948044 -0.317764 -0.0154561 -0.0171413 0.30886 0.930953 -0.194763 -1.30515 0.0762774 0.17987 0.980729 0.272698 0 0 0 1 
38591597440021;0.264772;0.0255232;0.959361 0.218441 0.178634 0.102692 -0.228223 0.972946 0.0359199 1.0522 -0.165955 -0.0752285 0.98326 0.540035 0 0 0 1 
38591597440022;0.382739;0.0353566;0.994528 -0.0236291 -0.101766 -0.277193 0.0298506 0.997749 0.0600531 -0.441347 0.100118 -0.0627623 0.992994 -0.0745626 0 0 0 1 
38591597440023;0.504596;0.0304003;0.938787 0.34195 -0.0418132 0.256789 -0.343691 0.937966 -0.0457912 1.91826 0.023561 0.057359 0.998076 -0.625001 0 0 0 1 
38591597440024;0.223621;0.026919;0.997251 -0.0536422 0.0511181 -0.0226063 0.0649961 0.964533 -0.255834 0.0614579 -0.0355816 0.258453 0.965368 0.313111 0 0 0 1 
38591597440025;0.497841;0.0359236;0.937444 -0.231152 0.260321 -0.336992 0.266158 0.957869 -0.107922 -1.33228 -0.224407 0.170457 0.959472 0.620948 0 0 0 1 
38591597440026;0.507307;0.0181242;0.915401 -0.334933 -0.223297 0.472801 0.344222 0.938884 0.00285393 -0.895807 0.208694 -0.079476 0.974746 -0.608414 0 0 0 1 
38591597440027;0.37107;0.0269447;0.995879 0.00648296 0.0904623 -0.225993 -0.0480484 0.883677 0.465625 0.130912 -0.0769209 -0.468052 0.880347 0.349152 0 0 0 1 
38591597440028;0.144155;0.0205758;0.986376 -0.155483 -0.0537435 0.0370346 0.154128 0.987639 -0.0285187 -0.58386 0.0575134 0.0198468 0.998147 -0.155667 0 0 0 1 
38591597440029;0.386592;0.0196669;0.933417 -0.32425 0.153606 0.0337113 0.275862 0.922317 0.270612 -1.44824 -0.229419 -0.21022 0.950355 0.857809 0 0 0 1 
38591597440031;0.613756;0.0459273;0.941989 -0.207639 -0.263709 -0.0318336 0.182513 0.97625 -0.11673 -1.74472 0.281683 0.0618282 0.957513 -1.33016 0 0 0 1 
38591597440032;0.317715;0.0462311;0.937097 0.294389 -0.187573 1.01121 -0.313569 0.946036 -0.0817937 1.42254 0.153371 0.135466 0.978839 -0.409061 0 0 0 1 
38591597440033;0.586776;0.0833663;0.92559 -0.0969097 0.365911 0.428451 0.0796284 0.99489 0.0620677 0.092409 -0.370057 -0.0283123 0.928578 1.47477 0 0 0 1 
38591597440034;0.22655;0.0522051;0.986329 -0.141278 0.0848218 -0.350915 0.155625 0.967846 -0.197625 -0.973263 -0.0541744 0.208124 0.976601 0.62577 0 0 0 1 
38591597440035;0.489052;0.0626293;0.987025 -0.082889 0.137517 -0.0527848 0.0961089 0.991068 -0.0924485 -1.24438 -0.128626 0.104466 0.986176 0.741758 0 0 0 1 
38591597440036;0.235684;0.0535817;0.986825 -0.161789 -0.000582833 -0.147682 0.161726 0.986532 -0.0244957 -0.543091 0.00453811 0.0240787 0.9997 -0.0412183 0 0 0 1 
38591597440037;0.200232;0.0465827;0.994599 0.10097 0.0240575 0.133945 -0.100998 0.994887 -2.75902e-05 0.405511 -0.0239373 -0.00240232 0.999711 -0.230613 0 0 0 1 
38591597440038;0.419626;0.0328035;0.947287 0.312788 -0.0693538 0.818441 -0.320369 0.926907 -0.195464 1.08471 0.0031458 0.207379 0.978256 0.822722 0 0 0 1 
38591597440039;0.360484;0.0478202;0.998665 -0.0157586 0.0491999 -0.0855416 0.0230437 0.988232 -0.151214 -0.270171 -0.046238 0.152146 0.987276 -0.0652268 0 0 0 1 
38591597440040;0.46013;0.0548385;0.879626 0.237988 -0.41185 1.38373 -0.246546 0.968565 0.0331162 0.902458 0.406784 0.0724098 0.91065 -1.94758 0 0 0 1 
38591597440041;0.266595;0.0412271;0.998387 0.0554174 0.0123759 -0.358599 -0.0555714 0.998377 0.0124644 0.161305 -0.011665 -0.013132 0.999846 0.0579677 0 0 0 1 
38591597440042;0.263344;0.048806;0.966341 0.214292 -0.14235 0.58507 -0.198691 0.973154 0.116162 0.449276 0.16342 -0.0839682 0.982977 -0.732216 0 0 0 1 
38591597440043;0.518284;0.0572133;0.961647 0.269091 -0.0531479 1.00763 -0.262053 0.958564 0.111732 1.07112 0.0810117 -0.0935192 0.992316 -1.28958 0 0 0 1 
38591597440044;0.328581;0.054715;0.962401 0.25455 0.0948034 0.542455 -0.246459 0.965038 -0.0892163 1.2324 -0.114199 0.0624967 0.99149 0.914898 0 0 0 1 
38591597440045;0.358212;0.0478652;0.977791 0.165656 0.128383 0.114539 -0.169634 0.985291 0.020619 0.918538 -0.123079 -0.0419393 0.99151 0.862356 0 0 0 1 
38591597440046;0.061941;0.058795;0.999394 -0.0070965 0.034091 -0.020176 0.006208 0.99964 0.0260982 -0.0584176 -0.0342639 -0.0258707 0.999078 0.0740555 0 0 0 1 
38591597440047;0.281023;0.0430149;0.982682 0.1705 -0.0725681 0.556795 -0.162049 0.980666 0.109699 0.411514 0.0898687 -0.0960398 0.991312 -0.95153 0 0 0 1 
38591597440048;0.595102;0.0417961;0.986694 0.051814 -0.154112 -0.00239661 -0.00221115 0.952051 0.305933 -0.859726 0.162574 -0.301521 0.939497 -2.04485 0 0 0 1 
38591597440049;0.461067;0.0428702;0.898246 0.125137 -0.421303 0.951294 -0.206792 0.966203 -0.153909 0.81518 0.387804 0.22537 0.893765 -1.63209 0 0 0 1 
38591597440050;0.266343;0.0494927;0.998626 0.0164782 -0.0497442 0.055947 -0.0309282 0.951641 -0.305651 0.168292 0.0423021 0.306769 0.950843 0.132465 0 0 0 1 
38591597440051;0.432966;0.0545886;0.927474 0.190666 -0.321618 1.08885 -0.189201 0.981274 0.0361187 1.06214 0.322482 0.0273515 0.94618 -1.19148 0 0 0 1 
38591597440052;0.0767887;0.0494735;0.99479 -0.0154288 0.100766 -0.0803435 0.0180879 0.99951 -0.0255281 -0.119495 -0.100323 0.0272177 0.994583 0.439388 0 0 0 1 
38591597440053;0.465189;0.0506679;0.972538 0.223472 -0.0650327 0.955967 -0.21681 0.971482 0.0960015 1.3931 0.0846318 -0.0792654 0.993254 -0.426183 0 0 0 1 
38591597440054;0.503874;0.0500792;0.997067 0.0487174 0.0590334 -0.763828 -0.0533063 0.995462 0.0788316 0.141964 -0.0549251 -0.0817472 0.995138 0.231421 0 0 0 1 
38591597440055;0.362809;0.0476567;0.993483 -0.113667 0.00845622 -0.229805 0.113669 0.993519 0.000180173 -0.648649 -0.00842189 0.000782214 0.999964 -0.550824 0 0 0 1 
38591597440056;0.349297;0.0535318;0.950844 0.286117 0.11846 0.617296 -0.309264 0.896956 0.315953 0.866509 -0.0158534 -0.337057 0.941351 -0.374382 0 0 0 1 
38591597440057;0.335627;0.0516705;0.926882 -0.0157939 -0.37502 0.546761 0.0336047 0.998594 0.0410004 -0.14638 0.373846 -0.050605 0.926109 -1.69076 0 0 0 1 
38591597440058;0.689618;0.215049;0.987527 0.147102 -0.0561449 -0.49709 -0.147632 0.989028 -0.0053931 0.876605 0.0547355 0.0136146 0.998408 -0.554808 0 0 0 1 
38591597440059;0.45308;0.0367602;0.999931 0.0110522 0.0039786 -0.394592 -0.0110197 0.999906 -0.00811313 -0.346353 -0.00406789 0.00806872 0.999959 -0.554344 0 0 0 1 
38591597440060;0.265486;0.0617236;0.995944 -0.0876245 0.0204532 -0.00571064 0.0861943 0.994308 0.0626343 -0.695937 -0.025825 -0.0606173 0.997827 0.279225 0 0 0 1 
38591597440062;0.128316;0.0587802;0.997134 -0.0754826 0.0051027 -0.260067 0.0738803 0.98605 0.149153 -0.534539 -0.01629 -0.148349 0.988801 -0.427639 0 0 0 1 
38591597440063;0.451456;0.0589688;0.99589 -0.0358075 0.0831915 -0.288814 0.00718098 0.946854 0.321584 -0.528477 -0.0902853 -0.319665 0.943219 0.199136 0 0 0 1 
38591597440064;0.130373;0.0603323;0.997923 0.0643809 0.00240333 -0.0224186 -0.0639658 0.994558 -0.0822372 0.1746 -0.00768476 0.0819126 0.99661 0.159544 0 0 0 1 
38591597440065;0.480669;0.068156;0.949484 0.0793468 0.30362 -0.108358 -0.0578559 0.995182 -0.0791494 0.348558 -0.308437 0.0575849 0.9495 0.854095 0 0 0 1 
38591597440066;0.373674;0.0627336;0.917704 0.030174 0.396117 0.0703364 -0.0723111 0.993142 0.0918747 0.353611 -0.390628 -0.112957 0.913592 1.66151 0 0 0 1 
38591597440067;0.212733;0.0669921;0.984888 0.139294 0.102924 0.237143 -0.16207 0.95078 0.264104 0.425311 -0.0610701 -0.276793 0.958987 -0.398343 0 0 0 1 
38591597440068;0.0642751;0.0483086;0.998438 -0.0346582 -0.0438137 -0.145984 0.0323154 0.998067 -0.0530938 -0.116531 0.0455692 0.051595 0.997628 -0.0563505 0 0 0 1 
38591597440069;0.225205;0.0603818;0.994234 -0.0511971 -0.0942176 -0.149471 0.0440406 0.996094 -0.0765294 -0.193518 0.0977677 0.0719388 0.992606 -0.653761 0 0 0 1 
38591597440070;0.596655;0.0602945;0.982877 -0.134515 0.125929 -1.08458 0.146975 0.98452 -0.0954973 -0.0149385 -0.111134 0.112371 0.987432 0.472745 0 0 0 1 
38591597440071;0.538974;0.0655788;0.968905 0.200938 0.144383 0.193353 -0.228829 0.949667 0.213937 1.22299 -0.094128 -0.240324 0.966118 0.41095 0 0 0 1 
38591597440072;0.398938;0.0670213;0.986922 0.0835175 -0.137873 0.322943 -0.128229 0.925058 -0.357526 0.907604 0.0976812 0.37053 0.92367 0.17575 0 0 0 1 
38591597440073;0.454646;0.0772224;0.972183 0.233654 0.0163048 0.0931331 -0.233665 0.972316 -0.00127324 0.755145 -0.016151 -0.00257204 0.999866 -0.339758 0 0 0 1 
38591597440074;0.403252;0.0655811;0.995283 -0.0968775 0.00517395 0.305132 0.0969998 0.994665 -0.0351183 -0.400082 -0.00174418 0.0354545 0.99937 0.267042 0 0 0 1 
38591597440075;0.606683;0.0531097;0.998712 -0.0432965 -0.0264345 0.295361 0.0275638 0.90062 -0.433732 0.0121205 0.0425865 0.432444 0.900654 1.66963 0 0 0 1 
38591597440076;0.528752;0.049684;0.999376 0.0201461 -0.0290126 -0.644694 -0.019367 0.999451 0.0268886 0.241227 0.0295384 -0.0263099 0.999217 0.307075 0 0 0 1 
38591597440077;0.46683;0.361897;0.966952 0.0630184 0.247048 -0.527029 -0.10674 0.980027 0.167793 0.519682 -0.23154 -0.188617 0.954365 0.503705 0 0 0 1 
38591597440078;0.164495;0.0492267;0.999913 -0.0093487 0.00929484 -0.335617 0.00941096 0.999933 -0.00667687 -0.0941911 -0.0092318 0.00676376 0.999935 0.0820701 0 0 0 1 
38591597440079;0.383028;0.0794876;0.934683 0.0658063 0.349339 0.413946 -0.121337 0.982757 0.139521 0.390237 -0.334134 -0.172796 0.92655 0.613982 0 0 0 1 
38591597440080;0.593423;0.0625142;0.944496 -0.324882 -0.0487783 -0.32898 0.325487 0.945535 0.00479204 -1.28969 0.0445647 -0.0204027 0.998798 0.43329 0 0 0 1 
38591597440081;0.611108;0.0605641;0.939734 -0.00945804 -0.341776 0.910221 -0.105574 0.942742 -0.316372 0.481463 0.325198 0.333389 0.884928 -1.16948 0 0 0 1 
38591597440082;0.502695;0.351659;0.995733 0.0898637 0.0209739 -0.302476 -0.091569 0.990352 0.104014 0.220021 -0.0114245 -0.105491 0.994355 -0.734445 0 0 0 1 
38591597440083;0.715049;0.0507495;0.910899 -0.367799 0.187048 -0.54149 0.398127 0.902521 -0.164168 -2.19925 -0.108434 0.224009 0.968536 2.00693 0 0 0 1 
38591597440084;0.378082;0.0586975;0.988734 -0.00915488 0.1494 -0.257259 -0.02055 0.980373 0.196075 -0.064803 -0.148263 -0.196937 0.969141 -0.444433 0 0 0 1 
38591597440085;0.428084;0.41313;0.998419 0.0376562 0.0417298 -0.0717765 -0.0386457 0.998984 0.0231638 -0.0688227 -0.0408151 -0.0247399 0.99886 0.178457 0 0 0 1 
38591597440086;0.348552;0.054877;0.951992 0.2124 -0.220448 0.761342 -0.277191 0.903703 -0.326321 1.12615 0.129909 0.371761 0.919194 0.567714 0 0 0 1 
38591597440087;0.456571;0.0532358;0.971047 -0.237202 -0.0283275 -1.01226 0.237963 0.970887 0.027431 -1.27531 0.0209961 -0.0333777 0.999222 -0.690882 0 0 0 1 
38591597440088;0.581918;0.0567962;0.991591 0.0389666 0.123402 -0.485541 -0.0419442 0.998886 0.021623 0.515942 -0.122422 -0.0266171 0.992121 -0.311918 0 0 0 1 
38591597440089;0.343578;0.0591386;0.975729 -0.17956 -0.125342 -0.304171 0.13618 0.9458 -0.294818 -0.464243 0.171486 0.270593 0.947297 -0.42889 0 0 0 1 
38591597440090;0.290589;0.0575393;0.99414 -0.104599 0.0272774 -0.277131 0.104223 0.994443 0.0148386 -0.156398 -0.0286779 -0.0119087 0.999518 0.341488 0 0 0 1 
38591597440091;0.344699;0.327976;0.998671 -0.038218 0.0345854 -0.219647 0.0387214 0.999152 -0.0140048 -0.213296 -0.0340208 0.0153254 0.999304 0.120096 0 0 0 1 
38591597440093;0.395285;0.0334382;0.921255 -0.326055 0.212078 -0.0103967 0.337749 0.941015 -0.0204168 -0.0861975 -0.192912 0.0904382 0.977039 -0.220602 0 0 0 1 
38591597440094;0.48271;0.0338295;0.900692 0.0994343 0.422927 0.0763175 -0.133739 0.989644 0.0521449 0.427807 -0.413362 -0.103529 0.904662 -0.124072 0 0 0 1 
38591597440095;0.208258;0.026059;0.966603 0.256176 -0.00720549 -0.117611 -0.255815 0.966166 0.0328907 0.243714 0.0153875 -0.029949 0.999433 0.00279985 0 0 0 1 
38591597440096;0.348707;0.0297256;0.904486 0.367458 -0.216515 0.033645 -0.326176 0.923045 0.203952 0.318839 0.274797 -0.11385 0.954738 -0.0585432 0 0 0 1 
38591597440097;0.0996698;0.031786;0.995981 -0.0832292 -0.0330798 0.0585637 0.0831008 0.996527 -0.0052396 -0.164351 0.033401 0.00246958 0.999439 0.087826 0 0 0 1 
38591597440098;0.341585;0.0269218;0.91893 -0.299043 0.257178 0.203714 0.268003 0.951805 0.149135 -0.441516 -0.289381 -0.0681205 0.954787 0.422009 0 0 0 1 
38591597440099;0.517514;0.0258443;0.868014 0.252868 0.427328 -0.643442 -0.281134 0.959663 0.00318472 0.565797 -0.409285 -0.122901 0.904091 0.513883 0 0 0 1 
38591597440100;0.554576;0.0207764;0.899496 0.242016 0.363779 -0.828294 -0.227591 0.970236 -0.0827307 -0.317683 -0.372973 -0.00837683 0.927804 0.374469 0 0 0 1 
38591597440101;0.308911;0.0287954;0.997296 0.0138362 -0.0721724 0.418032 -0.0150148 0.999762 -0.015814 -0.224037 0.0719365 0.0168549 0.997267 -0.67355 0 0 0 1 
38591597440102;0.281264;0.0331694;0.965297 0.228892 0.125737 -0.104496 -0.251013 0.94606 0.204848 0.471308 -0.0720663 -0.229301 0.970684 0.0688824 0 0 0 1 
38591597440103;0.458862;0.0346976;0.941655 -0.322255 0.0971441 0.698769 0.30289 0.937202 0.172946 -0.807785 -0.146777 -0.133432 0.980129 -0.0604283 0 0 0 1 
38591597440104;0.179607;0.0231279;0.980191 0.0451079 -0.192852 0.136455 -0.0349187 0.997825 0.0559123 -0.141686 0.194954 -0.0480706 0.979634 -0.249435 0 0 0 1 
38591597440105;0.407802;0.0308745;0.892493 -0.449216 -0.0407539 0.593732 0.447973 0.893312 -0.0362463 -0.494824 0.0526883 0.0140929 0.998512 -0.124565 0 0 0 1 
38591597440106;0.119513;0.0222709;0.998046 -0.0082556 0.0619299 -0.113143 0.0118166 0.998284 -0.0573564 0.0791622 -0.0613501 0.0579762 0.996431 -0.128363 0 0 0 1 
38591597440107;0.268114;0.0359431;0.957004 -0.289648 -0.0157015 0.022956 0.287712 0.954715 -0.0757714 -0.146362 0.0369375 0.0679961 0.997002 0.0663226 0 0 0 1 
38591597440108;0.407271;0.0340155;0.924727 0.357477 -0.130733 -0.300901 -0.336643 0.928388 0.157374 0.366727 0.177629 -0.101518 0.978847 0.330265 0 0 0 1 
38591597440109;0.443389;0.0223555;0.975278 0.15983 0.152601 -0.697261 -0.183832 0.970029 0.158898 -0.527378 -0.122631 -0.183023 0.97543 0.0925574 0 0 0 1 
38591597440110;0.432632;0.035059;0.973246 -0.0747054 0.217284 -0.579618 0.130477 0.958093 -0.255018 0.413181 -0.189127 0.276546 0.942207 0.0395071 0 0 0 1 
38591597440111;0.338245;0.0252418;0.911745 0.345857 -0.221595 0.089905 -0.339828 0.938166 0.0660438 0.156783 0.230735 0.0150891 0.9729 -0.0171793 0 0 0 1 
38591597440112;0.277197;0.0243865;0.970979 0.134576 0.19771 -0.319365 -0.0985705 0.978371 -0.181861 -0.0688537 -0.217908 0.157095 0.963243 0.247916 0 0 0 1 
38591597440113;0.357829;0.0290231;0.959334 0.282073 0.0105806 -0.0996356 -0.28203 0.956291 0.0772459 0.17019 0.0116709 -0.0770887 0.996956 -0.531242 0 0 0 1 
38591597440114;0.246214;0.0299461;0.973829 0.223302 0.0423386 -0.154884 -0.216107 0.967438 -0.131762 0.446847 -0.0703826 0.119164 0.990377 -0.0481666 0 0 0 1 
38591597440115;0.388473;0.028451;0.881964 -0.356385 0.30843 0.158899 0.37914 0.925216 -0.0150934 -0.405653 -0.279985 0.13025 0.951127 0.338087 0 0 0 1 
38591597440116;0.336493;0.0292904;0.9425 -0.299441 0.148424 0.288391 0.332642 0.883435 -0.329988 -0.00434918 -0.032311 0.360386 0.932244 -0.209381 0 0 0 1 
38591597440117;0.374866;0.0319752;0.99967 0.0229227 -0.0116189 0.859401 -0.0225718 0.99931 0.0294854 -0.231066 0.0122867 -0.0292134 0.999498 0.242739 0 0 0 1 
38591597440118;0.178075;0.0265355;0.985777 -0.136462 0.0980901 0.0619103 0.155976 0.960204 -0.231691 -0.0025542 -0.0625695 0.243695 0.967831 -0.0211771 0 0 0 1 
38591597440119;0.473817;0.0306947;0.984357 -0.173902 0.0282805 1.05754 0.174172 0.984687 -0.00739586 -0.396607 -0.0265613 0.0122059 0.999573 0.386823 0 0 0 1 
38591597440120;0.215098;0.0323324;0.969365 -0.245365 0.0113125 0.235414 0.245223 0.969385 0.0126057 -0.351824 -0.0140591 -0.00944544 0.999857 0.0223581 0 0 0 1 
38591597440121;0.418127;0.0241144;0.992147 0.092426 0.0842765 0.0554469 -0.09814 0.992956 0.0663803 -0.00926044 -0.0775476 -0.0741299 0.994229 1.06593 0 0 0 1 
38591597440122;0.192825;0.0337952;0.971754 0.234287 0.0283647 -0.146249 -0.235997 0.964613 0.117588 0.131829 0.00018836 -0.120961 0.992657 0.110357 0 0 0 1 
38591597440124;0.0779043;0.0739753;0.999186 0.0202002 -0.0349236 0.105857 -0.020826 0.999627 -0.0176496 0.14279 0.0345541 0.0183625 0.999234 0.147544 0 0 0 1 
38591597440125;0.14453;0.0659151;0.998692 0.017055 -0.0481923 0.185401 -0.00522546 0.971827 0.235637 -0.145095 0.0508533 -0.235077 0.970646 -0.576968 0 0 0 1 
38591597440126;0.34028;0.0684492;0.954737 -0.152465 0.255404 -0.637121 0.18647 0.975758 -0.114565 -0.17825 -0.231745 0.157005 0.960023 0.285074 0 0 0 1 
38591597440127;0.280733;0.0655065;0.976996 -0.10496 0.18564 -0.417497 0.100839 0.994403 0.031529 0.278062 -0.18791 -0.012084 0.982112 0.260468 0 0 0 1 
38591597440128;0.300881;0.0733581;0.931888 0.360275 -0.042278 1.02944 -0.344913 0.916129 0.204312 0.0858348 0.112341 -0.175813 0.977992 -0.53927 0 0 0 1 
38591597440129;0.231531;0.0729767;0.956743 0.0981349 -0.273884 0.601257 -0.0366951 0.97458 0.221015 0.0526508 0.288611 -0.201405 0.936023 -0.716678 0 0 0 1 
38591597440130;0.346361;0.0617453;0.992603 -0.120197 0.0170735 -0.324792 0.12003 0.992715 0.0105114 -0.693575 -0.0182125 -0.00838431 0.999799 -0.226212 0 0 0 1 
38591597440131;0.336968;0.326976;0.984567 -0.16761 0.0503379 -0.142026 0.168872 0.985394 -0.0219258 0.233249 -0.0459277 0.030088 0.998492 0.174134 0 0 0 1 
38591597440132;0.344656;0.0747656;0.900162 0.35774 -0.248455 1.19531 -0.375165 0.92662 -0.0250334 0.210775 0.221268 0.115746 0.96832 0.238944 0 0 0 1 
38591597440133;0.350181;0.0842022;0.988013 0.153852 0.0126593 0.309206 -0.151607 0.9825 -0.108208 -0.339055 -0.0290859 0.104992 0.994048 0.483861 0 0 0 1 
38591597440134;0.561974;0.0667019;0.905174 -0.355381 0.23316 -0.358824 0.354035 0.933944 0.0490754 -0.239902 -0.235199 0.038125 0.971199 0.896412 0 0 0 1 
38591597440135;0.216019;0.0646026;0.978657 -0.0279623 -0.203591 0.247158 0.0544957 0.990543 0.125913 -0.197163 0.198145 -0.13432 0.970926 -0.563931 0 0 0 1 
38591597440136;0.499684;0.0708413;0.97076 -0.240051 -0.000743551 -0.132945 0.23938 0.967805 0.0777811 -0.651216 -0.0179518 -0.0756848 0.99697 -0.855025 0 0 0 1 
38591597440137;0.297035;0.0577353;0.994213 0.10687 0.0109176 0.175691 -0.106033 0.992554 -0.0599469 0.732843 -0.0172428 0.0584424 0.998142 0.128842 0 0 0 1 
38591597440138;0.314957;0.0573955;0.938072 0.275913 0.209505 0.766832 -0.283881 0.958823 0.00835147 0.369947 -0.198574 -0.0673089 0.977772 -0.106808 0 0 0 1 
38591597440139;0.155913;0.055522;0.995222 -0.00451007 0.0975338 0.197822 0.0203482 0.986579 -0.16201 0.17133 -0.0954942 0.163221 0.981957 0.619686 0 0 0 1 
38591597440140;0.442404;0.0670759;0.984656 -0.06346 0.162562 -0.0836603 0.013125 0.955829 0.293632 -0.199083 -0.174015 -0.286992 0.941995 0.165454 0 0 0 1 
38591597440141;0.257242;0.0654767;0.975945 0.172643 -0.133137 0.817396 -0.111013 0.919101 0.37806 -0.321661 0.187636 -0.354186 0.916158 -1.08664 0 0 0 1 
38591597440142;0.222719;0.0549386;0.978076 0.123852 0.167417 0.287688 -0.125705 0.992068 0.000474026 0.201227 -0.16603 -0.0215088 0.985886 0.295087 0 0 0 1 
38591597440143;0.482302;0.0790464;0.939976 0.184413 -0.287119 0.910613 -0.0998909 0.95324 0.28523 -0.738453 0.326293 -0.239429 0.914443 -0.756576 0 0 0 1 
38591597440144;0.255934;0.0563214;0.996419 0.0829745 -0.0162316 0.373651 -0.0827552 0.996475 0.0137457 0.36684 0.0173149 -0.0123532 0.999774 -0.527421 0 0 0 1 
38591597440145;0.370694;0.320691;0.960065 -0.154108 -0.233508 0.236213 0.137267 0.986721 -0.0868318 0.314367 0.243789 0.0513113 0.96847 -0.121797 0 0 0 1 
38591597440146;0.299941;0.0678955;0.995617 0.0712014 -0.0606405 0.284755 -0.0768091 0.992432 -0.0958102 -0.0666158 0.0533597 0.100048 0.993551 0.778429 0 0 0 1 
38591597440147;0.410512;0.0695;0.98439 -0.173528 0.0294042 -0.700569 0.173598 0.984817 0.000181384 0.206624 -0.0289892 0.00492596 0.999568 -0.605049 0 0 0 1 
38591597440148;0.471802;0.347137;0.964863 -0.204778 -0.164637 0.200144 0.208201 0.978079 0.00361932 0.0704732 0.160287 -0.0377698 0.986348 -0.0739993 0 0 0 1 
38591597440149;0.337741;0.0496146;0.999913 0.0085076 -0.0100577 0.19164 -0.00857089 0.999944 -0.00626666 0.27671 0.0100038 0.00635232 0.99993 -0.689385 0 0 0 1 
38591597440150;0.131256;0.0621266;0.998936 -0.0451858 -0.00920044 -0.119965 0.0451252 0.998959 -0.00668963 0.10418 0.00949314 0.00626734 0.999935 -0.220356 0 0 0 1 
38591597440151;0.387023;0.0689136;0.963947 -0.245133 -0.103521 -0.430022 0.246842 0.969048 0.00382793 -0.617656 0.0993788 -0.0292433 0.99462 0.215859 0 0 0 1 
38591597440152;0.263342;0.0673879;0.960356 -0.278352 -0.0153995 -0.495879 0.278699 0.95993 0.0293593 -0.297889 0.00661022 -0.0324872 0.99945 -0.0503776 0 0 0 1 
38591597440153;0.441403;0.0608902;0.988924 0.137669 -0.0554695 0.468641 -0.127688 0.979642 0.15491 0.608392 0.0756666 -0.146112 0.98637 0.23519 0 0 0 1 
38591597440155;0.258376;0.00888463;0.998771 0.0426997 0.0251584 -0.604447 -0.0438182 0.997993 0.0457239 0.235248 -0.0231555 -0.0467701 0.998637 0.528582 0 0 0 1 
38591597440156;0.221561;0.00585561;0.999757 0.0109691 -0.0190988 0.0337596 -0.0124038 0.996977 -0.0766981 0.0145945 0.0181998 0.0769164 0.996871 -0.715878 0 0 0 1 
38591597440157;0.430412;0.00844507;0.909638 -0.414778 -0.0227478 0.80463 0.403884 0.895896 -0.185064 0.154997 0.0971403 0.159154 0.982463 -0.397189 0 0 0 1 
38591597440158;0.209175;0.00633612;0.987564 0.035056 0.153256 -0.100802 -0.0414855 0.998379 0.0389572 0.184912 -0.151642 -0.0448307 0.987418 0.639104 0 0 0 1 
38591597440159;0.222826;0.00726422;0.9634 -0.222536 -0.149458 -0.00489082 0.212661 0.973904 -0.0792928 -0.237258 0.163203 0.0446068 0.985584 -0.231402 0 0 0 1 
38591597440160;0.348174;0.00845346;0.998011 0.0455003 -0.0436268 -0.251862 -0.0485694 0.996216 -0.0720809 0.914836 0.040182 0.0740565 0.996444 -0.552001 0 0 0 1 
38591597440161;0.528254;0.00916961;0.885164 -0.465263 0.00387858 1.21098 0.464979 0.884263 -0.0432814 -0.515 0.0167076 0.0401146 0.999055 0.171411 0 0 0 1 
38591597440162;0.274646;0.0128916;0.997455 -0.0703776 -0.0114027 -0.710313 0.070474 0.997479 0.00828837 -0.0385564 0.0107907 -0.00907088 0.999901 -0.127153 0 0 0 1 
38591597440163;0.298037;0.0094397;0.962694 -0.268035 -0.0371179 0.584564 0.269673 0.961653 0.0499931 -0.161802 0.0222947 -0.0581378 0.99806 -0.266931 0 0 0 1 
38591597440164;0.263298;0.00620098;0.976282 0.18342 -0.115021 -0.26 -0.178916 0.982672 0.0484264 0.0942731 0.12191 -0.0266988 0.992182 0.532091 0 0 0 1 
38591597440165;0.352749;0.00732154;0.9777 0.207548 -0.0320321 -0.594572 -0.209668 0.956069 -0.204868 0.593313 -0.0118952 0.207016 0.978265 -0.416904 0 0 0 1 
38591597440166;0.206209;0.00631357;0.982625 -0.183153 0.0300669 0.338645 0.184491 0.981546 -0.050305 0.207126 -0.0202986 0.0549781 0.998281 -0.203173 0 0 0 1 
38591597440167;0.319448;0.00912065;0.999942 -0.00573754 0.00908036 0.362309 0.0057721 0.999976 -0.00378443 -0.446962 -0.00905844 0.00383663 0.999952 -0.757411 0 0 0 1 
38591597440168;0.116047;0.00595247;0.999726 0.0176942 -0.0153084 -0.021431 -0.0195482 0.991198 -0.130934 0.126482 0.0128569 0.131197 0.991273 -0.21088 0 0 0 1 
38591597440169;0.218803;0.00601132;0.997542 -0.0279552 0.0642486 0.00779726 0.0114894 0.969811 0.243586 -0.202154 -0.0691185 -0.242249 0.967749 0.473516 0 0 0 1 
38591597440170;0.167043;0.00592845;0.999628 0.00965648 -0.0255072 0.0453964 -0.00954616 0.999945 0.00444331 -0.0862009 0.0255487 -0.00419816 0.999665 -0.492177 0 0 0 1 
38591597440171;0.339075;0.00613441;0.962312 -0.253241 0.0991215 0.469429 0.254962 0.966939 -0.00488475 0.0695788 -0.0946073 0.0299729 0.995063 0.662126 0 0 0 1 
38591597440172;0.374586;0.00981965;0.976195 -0.0862266 -0.19902 1.04504 0.049341 0.981808 -0.183356 0.0864247 0.211209 0.169171 0.96269 -0.0338604 0 0 0 1 
38591597440173;0.118391;0.00724473;0.997725 0.0261714 0.0621309 -0.295226 -0.0239423 0.999052 -0.0363549 0.0242652 -0.0630235 0.0347847 0.997406 0.171004 0 0 0 1 
38591597440174;0.158802;0.0157085;0.993339 -0.0337791 0.110163 -0.129508 0.0110616 0.979604 0.200633 -0.115155 -0.114693 -0.198078 0.973453 0.206733 0 0 0 1 
38591597440175;0.263758;0.00624014;0.96345 0.184533 0.194197 -0.558611 -0.199398 0.97809 0.0598358 0.0869463 -0.1789 -0.0963713 0.979136 0.358539 0 0 0 1 
38591597440176;0.174741;0.00873806;0.998518 -0.0534859 0.0100262 0.0713335 0.0508534 0.982727 0.177936 -0.363692 -0.0193701 -0.177162 0.983991 0.160368 0 0 0 1 
38591597440177;0.253101;0.0112429;0.992711 0.118189 0.023567 -0.598465 -0.117544 0.992698 -0.0271065 -0.30313 -0.0265986 0.0241388 0.999355 -0.204595 0 0 0 1 
38591597440178;0.247175;0.00646822;0.996591 0.0778016 0.0274386 -0.358617 -0.0763845 0.995855 -0.0493825 -0.550765 -0.0311669 0.0471183 0.998403 -0.167117 0 0 0 1 
38591597440179;0.388374;0.322586;0.99427 -0.104735 0.0214182 -0.0546554 0.105349 0.993986 -0.0298906 0.0574242 -0.0181588 0.0319757 0.999324 0.0468989 0 0 0 1 
38591597440180;0.287474;0.00975878;0.906796 0.289183 -0.306749 -0.0306961 -0.273405 0.957273 0.0942285 0.219803 0.320892 -0.00157938 0.947115 -0.3343 0 0 0 1 
38591597440181;0.269146;0.0080776;0.998952 -0.0326884 0.0320487 0.231294 0.0294064 0.994751 0.0980134 -0.749294 -0.0350844 -0.0969682 0.994669 -0.125785 0 0 0 1 
38591597440182;0.36237;0.00715578;0.950814 0.284313 0.122957 -0.732528 -0.299991 0.944082 0.1368 0.0947436 -0.0771877 -0.166958 0.982938 -0.155913 0 0 0 1 
38591597440183;0.418551;0.0102929;0.935549 -0.352441 0.0230973 0.884983 0.351195 0.921303 -0.16692 -0.48083 0.0375499 0.164274 0.9857 -0.134299 0 0 0 1 
38591597440184;0.369769;0.0126898;0.999536 -0.0252345 0.0170533 -0.787435 0.0274734 0.988721 -0.14723 -0.0763951 -0.0131457 0.14763 0.988955 -0.694049 0 0 0 1 
38591597440186;0.226268;0.0602701;0.999993 -0.00242912 -0.00268835 -0.0948023 0.00246216 0.999921 0.0123574 -0.286613 0.00265812 -0.0123639 0.99992 0.0291546 0 0 0 1 
38591597440187;0.539163;0.114279;0.962361 -0.260817 0.0763913 0.322675 0.259874 0.965387 0.0222131 -1.16079 -0.0795407 -0.00152486 0.99683 0.721181 0 0 0 1 
38591597440188;0.243538;0.0434813;0.97293 0.178299 0.147024 -0.204983 -0.199435 0.969217 0.144371 0.56243 -0.116757 -0.169785 0.97854 0.428471 0 0 0 1 
38591597440189;0.327282;0.0542955;0.998189 -0.00967577 -0.0593699 0.176316 0.0129602 0.998392 0.0551887 -0.140592 0.0587404 -0.0558582 0.996709 -0.605971 0 0 0 1 
38591597440190;0.477387;0.0528442;0.946826 0.114341 0.300743 -0.0888165 -0.188623 0.95451 0.230937 0.419498 -0.260656 -0.275384 0.925323 1.35185 0 0 0 1 
38591597440191;0.452785;0.0855931;0.993019 0.0123476 0.117305 -0.00337779 -0.063479 0.894148 0.44325 -0.109115 -0.0994147 -0.447602 0.88869 0.913002 0 0 0 1 
38591597440192;0.627235;0.433012;0.992208 -0.124574 0.00216274 0.472417 0.1239 0.988369 0.0881755 -0.757197 -0.013122 -0.0872205 0.996103 0.72295 0 0 0 1 
38591597440193;0.3706;0.0542325;0.999959 -0.00113139 0.00903747 -0.0969066 0.0024057 0.989826 -0.142265 0.211776 -0.00878457 0.14228 0.989787 -0.514731 0 0 0 1 
38591597440194;0.358294;0.0500594;0.983167 0.153722 0.0987513 0.264029 -0.154832 0.987934 0.00363675 0.116395 -0.0970007 -0.0188654 0.995105 0.140926 0 0 0 1 
38591597440195;0.380792;0.0515287;0.931713 0.297934 -0.207717 0.064116 -0.299123 0.953849 0.0264128 0.808342 0.206 0.0375238 0.977832 -0.313322 0 0 0 1 
38591597440196;0.614704;0.431737;0.981504 -0.161152 -0.103341 0.113118 0.182699 0.949746 0.254172 -0.560718 0.0571872 -0.268351 0.961622 0.0273627 0 0 0 1 
38591597440197;0.540834;0.058486;0.948849 0.300907 -0.0956033 0.620484 -0.304574 0.952132 -0.0260722 0.928369 0.0831816 0.0538569 0.995078 -0.00389247 0 0 0 1 
38591597440198;0.653732;0.0413286;0.973407 0.227207 -0.0292672 0.0567706 -0.226629 0.936431 -0.267835 0.312371 -0.0334471 0.267345 0.96302 0.510935 0 0 0 1 
38591597440199;0.0659977;0.058407;0.999842 -0.0171669 0.00471062 -0.0516791 0.0172041 0.99982 -0.00797941 -0.100471 -0.00457279 0.00805918 0.999957 -0.0284142 0 0 0 1 
38591597440200;0.599375;0.0602952;0.998025 0.0589985 -0.0215604 0.537113 -0.0589696 0.998258 0.0019731 0.710352 0.0216393 -0.000697791 0.999766 0.0836224 0 0 0 1 
38591597440201;0.617035;0.0441331;0.996104 0.055116 0.068839 0.437666 -0.0371739 0.970314 -0.238975 0.195571 -0.0799668 0.235485 0.968583 -0.545324 0 0 0 1 
38591597440202;0.728849;0.223944;0.919823 0.0190527 -0.39187 0.703606 0.0843252 0.965876 0.244894 -0.70269 0.383164 -0.258304 0.886828 -0.0175924 0 0 0 1 
38591597440203;0.628996;0.0525391;0.958823 0.281504 -0.0376118 0.754121 -0.280192 0.959245 0.036615 0.904437 0.0463862 -0.0245687 0.998621 0.072288 0 0 0 1 
38591597440204;0.361491;0.108724;0.976837 -0.212709 -0.0233433 0.0350081 0.213506 0.976133 0.0397352 -0.66535 0.0143342 -0.0437987 0.998938 0.249657 0 0 0 1 
38591597440205;0.426394;0.0493897;0.980917 0.145427 0.129047 -0.392901 -0.170404 0.962638 0.210454 0.27702 -0.0936201 -0.228428 0.969049 0.691982 0 0 0 1 
38591597440206;0.39785;0.068298;0.981585 0.111667 0.15499 0.0405308 -0.160902 0.920635 0.355727 0.282619 -0.102966 -0.374115 0.921649 0.798192 0 0 0 1 
38591597440207;0.654746;0.0681098;0.987987 0.150833 0.0336455 -0.5303 -0.152518 0.986774 0.0549219 -0.175047 -0.0249165 -0.0593936 0.997924 0.424258 0 0 0 1 
38591597440208;0.405729;0.0636008;0.965511 -0.0195449 0.259627 -0.108523 -0.033242 0.979763 0.197379 -0.40293 -0.25823 -0.199203 0.945323 0.583541 0 0 0 1 
38591597440209;0.302589;0.0689505;0.941997 0.335472 -0.0100459 -0.103623 -0.335138 0.941823 0.025531 0.934049 0.0180264 -0.0206834 0.999624 0.00712859 0 0 0 1 
38591597440210;0.290612;0.0466818;0.99598 0.0864237 -0.0235694 -0.0878032 -0.0894643 0.973012 -0.212705 0.404817 0.0045506 0.213958 0.976832 0.05448 0 0 0 1 
38591597440211;0.669792;0.0589582;0.983583 0.148652 0.102307 -0.241409 -0.161271 0.978477 0.128739 -0.422621 -0.0809683 -0.143125 0.986387 0.521454 0 0 0 1 
38591597440212;0.674895;0.0521084;0.924737 0.114326 0.363031 0.726441 -0.229895 0.927943 0.293376 0.61171 -0.303331 -0.354754 0.884387 1.14483 0 0 0 1 
38591597440213;0.74739;0.0633523;0.98915 0.0653562 -0.13157 0.123437 -0.033403 0.97219 0.2318 -0.995407 0.143061 -0.224891 0.963825 -0.0324987 0 0 0 1 
38591597440214;0.177349;0.0431867;0.999648 -0.00359955 -0.0262824 0.0928044 -0.00123084 0.983391 -0.181497 0.0353363 0.0264991 0.181465 0.98304 -0.279087 0 0 0 1 
38591597440215;0.720627;0.0665259;0.991092 0.0635573 -0.117033 0.0226919 -0.0715444 0.995294 -0.0653566 0.535004 0.112328 0.0731475 0.990975 -1.32894 0 0 0 1 
38591597440217;0.284412;0.032816;0.999908 -0.0130724 -0.00362931 0.247593 0.0131153 0.999841 0.0120517 0.0269631 0.00347119 -0.0120982 0.999921 0.60957 0 0 0 1 
38591597440218;0.175507;0.0278082;0.980861 0.191589 -0.0347179 -0.153733 -0.192825 0.980549 -0.0366258 0.227586 0.0270255 0.0426193 0.998726 -0.0324608 0 0 0 1 
38591597440219;0.263573;0.0341021;0.983812 0.179179 0.00299952 -0.171047 -0.179179 0.983816 -0.000551136 0.321329 -0.00304973 4.76377e-06 0.999995 0.399228 0 0 0 1 
38591597440220;0.260161;0.0334282;0.998689 0.0331057 -0.039042 0.0501763 -0.0318864 0.998997 0.0314499 0.498615 0.040044 -0.0301637 0.998743 0.214771 0 0 0 1 
38591597440221;0.443483;0.0435253;0.994375 -0.0868671 -0.0605948 0.903669 0.0972303 0.975564 0.19703 0.0518586 0.0419988 -0.201813 0.978523 0.384464 0 0 0 1 
38591597440222;0.400675;0.0289887;0.995391 0.0918883 0.0274437 -0.242845 -0.0925407 0.995431 0.023529 0.315275 -0.0251563 -0.0259603 0.999346 -0.828757 0 0 0 1 
38591597440223;0.500048;0.0292603;0.898907 0.431571 0.0755877 -0.482267 -0.435823 0.898465 0.053098 0.97215 -0.0449973 -0.080673 0.995724 0.407023 0 0 0 1 
38591597440224;0.319063;0.0349332;0.999634 0.0249151 -0.0105813 0.155007 -0.0248914 0.999687 0.00236283 0.126191 0.0106369 -0.00209858 0.999941 -0.743231 0 0 0 1 
38591597440225;0.246702;0.0420349;0.986814 -0.0985251 0.128413 0.134777 0.0755578 0.982048 0.172839 0.107354 -0.143137 -0.160858 0.976543 -0.0588474 0 0 0 1 
38591597440226;0.422905;0.0291465;0.884833 0.404434 0.231311 -0.273793 -0.355049 0.906792 -0.227305 0.532101 -0.301681 0.119 0.945953 0.299886 0 0 0 1 
38591597440227;0.114525;0.030655;0.998777 0.00266847 0.0493619 -0.0881275 -0.00726638 0.995621 0.0932037 -0.293505 -0.048897 -0.0934484 0.994423 0.0318035 0 0 0 1 
38591597440228;0.227089;0.0425471;0.964228 -0.262128 0.0394197 0.122389 0.263641 0.963796 -0.0398886 -0.184629 -0.0275366 0.0488544 0.998426 0.0747491 0 0 0 1 
38591597440229;0.366377;0.033941;0.962144 0.270703 0.0316075 -0.523614 -0.268803 0.961685 -0.0539101 0.589252 -0.0449901 0.043373 0.998045 -0.224225 0 0 0 1 
38591597440230;0.40791;0.0322895;0.999886 0.00944616 0.011812 -0.0474907 -0.0102973 0.99719 0.0742065 -0.0773296 -0.0110779 -0.0743197 0.997173 0.995568 0 0 0 1 
38591597440231;0.122929;0.0313685;0.997513 0.0606143 -0.0359675 0.111131 -0.0570914 0.994122 0.0919892 -0.232818 0.041332 -0.089707 0.99511 0.0506102 0 0 0 1 
38591597440232;0.235296;0.0390801;0.9656 -0.257944 0.0328903 0.27577 0.257467 0.966118 0.0180618 -0.326304 -0.0364349 -0.00897228 0.999296 -0.0260477 0 0 0 1 
38591597440233;0.450082;0.0313886;0.909599 -0.00419799 -0.415465 0.648913 0.119117 0.960609 0.251082 -0.438293 0.398045 -0.277873 0.874269 -0.405841 0 0 0 1 
38591597440234;0.442338;0.0420812;0.892181 -0.448824 -0.0506959 0.499552 0.439684 0.888696 -0.12999 -0.0107756 0.103396 0.0936841 0.990218 -0.24674 0 0 0 1 
38591597440235;0.600621;0.0405528;0.906141 0.422315 -0.0236142 -0.571363 -0.420791 0.905723 0.0509979 1.10396 0.0429252 -0.0362747 0.99842 0.550001 0 0 0 1 
38591597440236;0.098733;0.0297021;0.995989 0.0597861 -0.0665712 0.148108 -0.059342 0.9982 0.00863084 -0.0068853 0.0669674 -0.00464575 0.997744 -0.164919 0 0 0 1 
38591597440237;0.391996;0.0432415;0.993165 -0.114223 -0.0240203 0.487707 0.115836 0.989836 0.0825046 0.253765 0.0143522 -0.0847231 0.996301 0.600996 0 0 0 1 
38591597440238;0.352561;0.0326702;0.91875 0.218301 0.329003 -0.322545 -0.262396 0.960211 0.0956252 0.0952799 -0.295037 -0.174185 0.939475 0.557398 0 0 0 1 
38591597440239;0.273596;0.0371449;0.949825 -0.298492 0.093461 0.257044 0.301032 0.95351 -0.0140479 -0.349613 -0.0849228 0.0414779 0.995524 -0.0740915 0 0 0 1 
38591597440240;0.59112;0.0323206;0.910679 -0.395125 -0.120584 0.993196 0.406528 0.909049 0.0914607 -0.868541 0.0734783 -0.132312 0.988481 0.575025 0 0 0 1 
38591597440241;0.457943;0.0382276;0.924635 0.38083 0.00438227 -0.0785737 -0.380159 0.923578 -0.0498245 0.462431 -0.023022 0.0444035 0.998748 -0.653498 0 0 0 1 
38591597440242;0.307705;0.0338654;0.982137 0.186303 0.026419 0.240446 -0.186693 0.98233 0.0131439 -0.405934 -0.0235034 -0.0178413 0.999565 -0.0163855 0 0 0 1 
38591597440243;0.105317;0.0369965;0.998249 -0.0589816 0.00438269 0.0784735 0.0589518 0.998239 0.0066568 -0.132798 -0.0047676 -0.00638678 0.999968 -0.181092 0 0 0 1 
38591597440244;0.562292;0.0380219;0.915289 -0.381897 -0.128065 0.92451 0.350307 0.911645 -0.214913 -0.0713451 0.198824 0.151845 0.9682 -0.959755 0 0 0 1 
38591597440245;0.374359;0.0340752;0.992716 -0.110573 -0.0478338 -0.498685 0.113088 0.992142 0.0535205 0.253255 0.04154 -0.0585401 0.99742 0.306623 0 0 0 1 
38591597440246;0.451519;0.0302459;0.881675 0.47182 -0.00595051 -0.0330596 -0.471836 0.881445 -0.0206137 0.758298 -0.00448088 0.0209822 0.99977 -0.290298 0 0 0 1 
38591597440248;0.275634;0.00679359;0.951796 0.306602 0.00890608 -0.407317 -0.30635 0.95166 -0.0221773 0.412505 -0.0152752 0.0183799 0.999714 0.0340781 0 0 0 1 
38591597440249;0.256114;0.0156401;0.958317 -0.181527 -0.220626 0.585219 0.168962 0.982787 -0.0747137 -0.077149 0.23039 0.0343222 0.972493 -0.363933 0 0 0 1 
38591597440250;0.238063;0.00687198;0.921887 -0.0158677 -0.387135 0.236689 -0.040257 0.989831 -0.136435 0.31847 0.385363 0.141362 0.911873 -0.503365 0 0 0 1 
38591597440251;0.292932;0.0114519;0.999981 0.000626132 0.00619604 -0.0250077 -0.000667629 0.999977 0.00669748 -0.0363807 -0.00619171 -0.00670149 0.999958 0.867373 0 0 0 1 
38591597440252;0.40515;0.00801068;0.99517 0.00231272 0.0981422 -0.223452 0.0457785 0.873437 -0.48478 0.483468 -0.0868422 0.486931 0.869112 -0.309144 0 0 0 1 
38591597440253;0.264249;0.0114449;0.999739 -0.0154633 0.0168413 -0.658157 0.0152301 0.999788 0.013887 0.00526726 -0.0170525 -0.0136269 0.999762 -0.313807 0 0 0 1 
38591597440254;0.377732;0.00840416;0.907403 -0.391787 0.152061 0.590621 0.350944 0.905458 0.238714 -0.50693 -0.23121 -0.163245 0.959111 0.253588 0 0 0 1 
38591597440255;0.159826;0.00805142;0.976852 0.0828171 0.197236 0.112154 -0.0709399 0.995258 -0.0665525 0.112373 -0.201812 0.05102 0.978095 0.384134 0 0 0 1 
38591597440256;0.0516293;0.00646279;0.999028 0.0286841 0.0334655 -0.0720546 -0.0278559 0.9993 -0.0249571 0.128583 -0.0341579 0.0240006 0.999128 0.0501013 0 0 0 1 
38591597440257;0.294004;0.0124677;0.986568 -0.12514 -0.104993 0.119564 0.1171 0.989929 -0.0795529 0.48829 0.113891 0.0661897 0.991286 0.284728 0 0 0 1 
