#;prob_registration_l1 -r /home/probabilistic_point_clouds_registration/build/tester /home/point_clouds_registration_benchmark//devel/registration_pairs/gazebo_summer_local.txt /home/point_clouds_registration_benchmark//eth/gazebo_summer -s 0.2 -t 0.2 -p 0.3 -r 1000 -m 15 -i 40 
id;initial_error;final_error;transformation
36535719080000;0.0805842;0.103145;0.998874 -0.0148055 0.0450827 -0.1692 0.0103892 0.995263 0.096665 -0.0860361 -0.0463003 -0.0960878 0.994295 0.0226847 0 0 0 1 
36535719080001;0.11249;0.0988701;0.986394 0.00502389 0.164322 -0.325754 0.00636981 0.997614 -0.0687371 0.0278338 -0.164276 0.0688486 0.984009 0.207629 0 0 0 1 
36535719080002;0.259114;0.119168;0.989119 0.0190928 0.145873 0.00923955 -0.0464926 0.981295 0.186814 -0.460939 -0.139577 -0.191563 0.971505 0.0971834 0 0 0 1 
36535719080003;0.441289;0.643835;0.969004 -0.17567 0.173697 -1.12592 0.186054 0.981495 -0.0452968 -0.358379 -0.162525 0.0762097 0.983757 -0.102817 0 0 0 1 
36535719080004;0.424931;0.612721;0.950292 -0.060394 0.305446 -1.22583 0.0843863 0.994248 -0.0659527 -0.0825132 -0.299706 0.0884498 0.949923 -0.121407 0 0 0 1 
36535719080005;0.508351;0.126158;0.983923 -0.118375 0.133728 0.311189 0.160323 0.915366 -0.369325 0.813955 -0.0786912 0.384827 0.919628 -0.390238 0 0 0 1 
36535719080006;0.482532;0.317847;0.992113 0.0337237 -0.120724 -0.494211 -0.0501266 0.989505 -0.135528 0.411456 0.114886 0.140511 0.983391 -1.44167 0 0 0 1 
36535719080007;0.407429;0.116674;0.946134 -0.323415 0.0152921 0.0617172 0.317426 0.917232 -0.24068 -0.759404 0.0638133 0.23257 0.970484 -1.16712 0 0 0 1 
36535719080008;0.494873;0.393004;0.981341 0.0120253 0.191899 -0.98896 0.0478565 0.951358 -0.304347 0.480049 -0.186225 0.307852 0.933031 -0.659658 0 0 0 1 
36535719080009;0.260051;0.105911;0.985987 -0.0908188 0.139931 -0.286804 0.0844053 0.995119 0.051118 -0.789291 -0.14389 -0.0385908 0.988841 -0.306131 0 0 0 1 
36535719080010;0.367096;0.160306;0.976797 -0.158033 0.144543 0.303267 0.163741 0.986094 -0.0284163 -0.142807 -0.138042 0.0514246 0.98909 0.73322 0 0 0 1 
36535719080011;0.379627;0.141882;0.966835 -0.208072 0.148109 -0.119958 0.198318 0.97703 0.0779951 0.375737 -0.160935 -0.0460359 0.985891 -0.224561 0 0 0 1 
36535719080012;0.1676;0.105306;0.99888 0.0297556 0.0367753 -0.406637 -0.0302584 0.999455 0.0131907 0.236264 -0.0363628 -0.0142887 0.999236 -0.528676 0 0 0 1 
36535719080013;0.445602;0.14061;0.940761 -0.275057 0.198272 0.972604 0.263123 0.961033 0.0847473 -0.883789 -0.213856 -0.0275571 0.976476 0.416088 0 0 0 1 
36535719080014;0.45281;0.469123;0.997726 0.0662162 0.0125814 -1.2392 -0.0660277 0.997707 -0.0148483 0.238537 -0.0135358 0.0139838 0.999811 -0.0171656 0 0 0 1 
36535719080015;0.366192;0.441478;0.997704 -0.0147541 0.066103 -1.14664 0.0120488 0.999081 0.0411389 0.0481471 -0.0666492 -0.040248 0.996964 0.182526 0 0 0 1 
36535719080016;0.0775968;0.098853;0.99199 0.00190713 0.126304 -0.340121 -0.00833556 0.998695 0.0503877 -0.0270209 -0.126043 -0.0510369 0.990711 0.165516 0 0 0 1 
36535719080017;0.294515;0.0869131;0.956236 0.0705064 0.283976 -0.336372 0.011772 0.960477 -0.27811 0.219738 -0.292361 0.269282 0.917612 0.210535 0 0 0 1 
36535719080018;0.425335;0.458644;0.999599 -0.0259584 0.0112776 -0.691657 0.0266946 0.997122 -0.0709562 -0.171849 -0.00940325 0.0712288 0.997416 -0.6032 0 0 0 1 
36535719080019;0.389784;0.450654;0.996898 -0.00656844 -0.0784294 -0.658655 0.00160226 0.997999 -0.0632161 -0.0297115 0.0786877 0.0628943 0.994913 -0.612961 0 0 0 1 
36535719080020;0.317608;0.112723;0.982666 0.180794 -0.0409994 -0.371328 -0.17774 0.981668 0.0688179 0.920795 0.0526897 -0.0603378 0.996786 -0.0214003 0 0 0 1 
36535719080021;0.423824;0.124988;0.908691 -0.295537 0.294854 0.372947 0.375932 0.886411 -0.270094 -0.40498 -0.181539 0.356277 0.916575 0.094568 0 0 0 1 
36535719080022;0.154215;0.0897327;0.99953 0.00480019 0.0302917 -0.466163 -0.00522254 0.99989 0.0138793 -0.0665619 -0.0302218 -0.0140309 0.999445 -0.354977 0 0 0 1 
36535719080023;0.35143;0.109899;0.977978 0.00110626 -0.208703 -0.201217 0.0217862 0.993982 0.107358 0.206968 0.207566 -0.109541 0.972068 0.291494 0 0 0 1 
36535719080024;0.34005;0.100893;0.962027 -0.238453 -0.132831 0.211905 0.177713 0.916549 -0.358267 -0.205509 0.207176 0.321057 0.924121 -1.10009 0 0 0 1 
36535719080025;0.273677;0.10981;0.994925 0.067378 -0.0747317 -0.308488 -0.0525171 0.981238 0.185508 0.481487 0.0858288 -0.180642 0.979797 9.87738e-05 0 0 0 1 
36535719080026;0.254446;0.122104;0.997783 -0.0232511 0.0623594 0.232032 0.022721 0.9997 0.00919752 0.476816 -0.0625546 -0.00776026 0.998011 -0.0492227 0 0 0 1 
36535719080027;0.274443;0.10128;0.965947 0.22749 0.123268 -0.658828 -0.228544 0.973517 -0.00571563 0.418422 -0.121304 -0.0226511 0.992357 0.0441426 0 0 0 1 
36535719080028;0.110223;0.104631;0.98991 -0.0292788 0.138643 -0.38958 0.0378832 0.997489 -0.0598345 -0.171485 -0.136543 0.064483 0.988533 0.0434603 0 0 0 1 
36535719080029;0.464721;0.597452;0.970614 -0.0863015 0.224636 -1.05807 0.0898647 0.995938 -0.00566687 -0.128647 -0.223234 0.0256872 0.974426 -0.326286 0 0 0 1 
36535719080031;0.562593;1.02801;0.992228 0.00371422 0.12438 -1.64961 0.00129407 0.999192 -0.0401611 0.661885 -0.124429 0.0400099 0.991422 -0.178372 0 0 0 1 
36535719080032;0.49885;0.820048;0.999968 0.00107241 0.00799019 -1.24852 -0.00199854 0.993151 0.11682 0.239312 -0.00781019 -0.116832 0.993121 -0.409243 0 0 0 1 
36535719080033;0.471869;1.29804;0.966921 0.21483 0.137523 -2.25906 -0.248492 0.915049 0.317705 0.936877 -0.057588 -0.341369 0.938163 0.616806 0 0 0 1 
36535719080034;0.28376;0.705319;0.983162 0.129887 -0.128536 -1.09481 -0.116465 0.987418 0.106962 0.668346 0.140812 -0.0901909 0.98592 -0.725075 0 0 0 1 
36535719080035;0.587922;1.55664;0.987173 -0.102043 0.122787 -2.74504 0.111446 0.991137 -0.0722993 -0.040656 -0.114321 0.0850559 0.989796 -0.725693 0 0 0 1 
36535719080036;0.406933;0.607798;0.999343 0.0123574 0.0340593 -1.32091 -0.0122927 0.999922 -0.00210975 0.285452 -0.0340827 0.00168968 0.999418 0.424928 0 0 0 1 
36535719080037;0.0919718;0.455928;0.993497 0.0567275 0.0987233 -0.821567 -0.0569508 0.998377 -0.000557206 0.131304 -0.0985947 -0.00506879 0.995115 0.08008 0 0 0 1 
36535719080038;0.581548;1.22966;0.991265 0.0013539 0.131881 -2.93702 -0.00822386 0.998636 0.0515615 0.118201 -0.131631 -0.0521957 0.989924 0.643963 0 0 0 1 
36535719080039;0.434512;0.51552;0.988971 0.118899 0.0883153 -1.38537 -0.115083 0.992237 -0.0471236 0.85873 -0.0932327 0.0364403 0.994977 -0.552297 0 0 0 1 
36535719080040;0.566995;1.32979;0.946416 0.0272595 0.321797 -1.73031 -0.0693627 0.990335 0.120107 0.42365 -0.315412 -0.135992 0.93916 0.436575 0 0 0 1 
36535719080041;0.142283;0.537531;0.99007 0.120408 0.0725435 -0.865573 -0.121037 0.992639 0.00432262 0.602584 -0.071489 -0.0130602 0.997356 -0.118594 0 0 0 1 
36535719080042;0.307724;0.627475;0.998914 -0.0270233 -0.0379439 -1.09795 0.017268 0.971317 -0.237162 -0.0458749 0.0432645 0.236249 0.970729 -0.226268 0 0 0 1 
36535719080043;0.210302;1.10222;0.977255 0.0664869 0.201375 -2.02453 -0.100638 0.981244 0.164414 0.415205 -0.186667 -0.180941 0.965617 0.412379 0 0 0 1 
36535719080044;0.594242;1.28357;0.998972 -0.00986303 0.0442518 -2.07471 0.00407492 0.991632 0.129029 -0.284046 -0.0451541 -0.128716 0.990653 0.460937 0 0 0 1 
36535719080045;0.55307;0.5088;0.974793 0.210859 0.0729188 -1.53718 -0.198509 0.968867 -0.147957 1.50767 -0.101847 0.129753 0.986302 0.421276 0 0 0 1 
36535719080046;0.383937;0.590405;0.990673 0.0990114 0.0936144 -0.907323 -0.0963085 0.994805 -0.032974 1.0406 -0.0963929 0.0236506 0.995062 -0.40889 0 0 0 1 
36535719080047;0.507113;0.567323;0.998341 0.0233327 0.0526452 -0.667506 -0.0228973 0.999699 -0.00885806 -0.0811471 -0.052836 0.00763792 0.998574 0.676444 0 0 0 1 
36535719080048;0.299943;0.980124;0.969342 0.0291688 0.243977 -1.71246 0.0511303 0.947249 -0.316394 0.235003 -0.240336 0.319169 0.916717 0.361244 0 0 0 1 
36535719080049;0.398366;1.42074;0.976508 -0.042906 0.211165 -2.44921 -0.0122655 0.967319 0.253267 0.0352978 -0.21513 -0.249908 0.944068 0.652313 0 0 0 1 
36535719080050;0.499825;1.04873;0.938128 0.219157 -0.268117 -1.83559 -0.205167 0.975493 0.0794925 1.14014 0.278968 -0.0195652 0.960101 -1.91619 0 0 0 1 
36535719080051;0.440086;1.32178;0.983218 -0.103132 0.150485 -2.187 0.117351 0.989106 -0.0888673 -0.00403054 -0.139681 0.105036 0.98461 -0.245115 0 0 0 1 
36535719080052;0.307637;1.38733;0.981793 0.0878954 0.168398 -2.63268 -0.12785 0.961419 0.243574 0.366623 -0.140492 -0.260669 0.955151 0.272728 0 0 0 1 
36535719080053;0.461332;1.47605;0.947131 -0.0675844 0.313648 -2.28017 0.0609371 0.997661 0.0309614 0.0579603 -0.315007 -0.0102117 0.949034 1.15922 0 0 0 1 
36535719080054;0.521749;0.690917;0.950936 0.0125064 0.309133 -0.944684 -0.0496766 0.992391 0.112663 1.22733 -0.305372 -0.122492 0.944322 0.767145 0 0 0 1 
36535719080055;0.319357;1.48832;0.954406 -0.026573 0.297328 -2.48707 0.0628148 0.991606 -0.11301 0.220071 -0.291829 0.126534 0.948064 0.39977 0 0 0 1 
36535719080056;0.611624;1.44664;0.970003 -0.120632 0.211048 -2.59616 0.143611 0.984857 -0.0971251 0.0777865 -0.196136 0.124521 0.972638 -0.498534 0 0 0 1 
36535719080057;0.403587;0.451685;0.994168 0.0900471 -0.0593445 -0.607801 -0.0964162 0.988671 -0.115039 0.194619 0.0483133 0.120089 0.991587 -0.526425 0 0 0 1 
36535719080058;0.354702;1.10236;0.957195 0.00976211 0.28928 -1.70073 0.0351948 0.98809 -0.1498 0.112926 -0.287297 0.153569 0.945451 0.0420475 0 0 0 1 
36535719080059;0.377989;0.617926;0.98209 0.128977 0.137347 -1.08301 -0.103587 0.978525 -0.178208 1.20188 -0.157382 0.160789 0.97436 -0.242907 0 0 0 1 
36535719080060;0.383603;0.678314;0.992266 0.0959402 0.0787642 -0.969371 -0.104035 0.988901 0.106077 0.994203 -0.0677129 -0.113451 0.991234 -0.242601 0 0 0 1 
36535719080062;0.362158;0.356888;0.996877 0.0787153 0.00638415 -0.497011 -0.0789491 0.991282 0.105488 -0.835853 0.00197503 -0.105663 0.9944 -1.24129 0 0 0 1 
36535719080063;0.299523;0.398114;0.988725 -0.129331 0.0754704 -0.179239 0.114558 0.977886 0.17497 -1.47315 -0.0964306 -0.164352 0.981677 -0.698673 0 0 0 1 
36535719080064;0.461382;0.407923;0.995213 -0.0889475 -0.0404914 0.0108226 0.0790818 0.976373 -0.2011 -0.739978 0.0574221 0.196935 0.978733 -1.62796 0 0 0 1 
36535719080065;0.4807;0.789521;0.96995 0.0955621 0.223753 -0.491082 -0.132978 0.978346 0.158607 -2.31566 -0.203751 -0.183595 0.961654 0.939109 0 0 0 1 
36535719080066;0.231893;0.321931;0.989548 -0.103894 0.100007 0.205978 0.0883341 0.984868 0.149103 -1.6229 -0.113985 -0.138711 0.983751 0.319103 0 0 0 1 
36535719080067;0.276753;0.418164;0.996578 0.0762366 0.0319339 -0.36881 -0.0801001 0.795474 0.600671 -1.36726 0.0203905 -0.601173 0.798859 0.376234 0 0 0 1 
36535719080068;0.41506;0.630609;0.983196 -0.153809 0.0983288 -0.0194723 0.13652 0.977083 0.163312 -2.17645 -0.121194 -0.147143 0.981662 -0.761254 0 0 0 1 
36535719080069;0.168667;0.29951;0.996889 -0.014864 0.0774069 -0.302763 -0.00609624 0.964576 0.263733 -1.13822 -0.078585 -0.263384 0.961485 0.424273 0 0 0 1 
36535719080070;0.366766;0.809745;0.972569 -0.00370494 -0.232585 0.136406 0.105577 0.897985 0.427172 -3.24619 0.207276 -0.44001 0.873744 -0.824038 0 0 0 1 
36535719080071;0.314881;0.384724;0.991699 -0.128498 -0.00466999 -0.542498 0.12857 0.991462 0.021727 -1.00147 0.00183824 -0.0221471 0.999753 -0.112474 0 0 0 1 
36535719080072;0.205179;0.356452;0.995554 -0.0805616 0.0488089 -0.0466055 0.0714283 0.983475 0.166356 -0.880877 -0.0614042 -0.16213 0.984857 0.302807 0 0 0 1 
36535719080073;0.364246;0.487332;0.93406 -0.201196 0.295045 -0.335264 0.0613371 0.904297 0.422474 -2.0628 -0.351809 -0.376519 0.857009 1.06767 0 0 0 1 
36535719080074;0.343501;0.839319;0.995983 0.0491504 0.074846 -0.259019 -0.0720333 0.936318 0.343686 -2.76481 -0.0531874 -0.347697 0.936097 0.183363 0 0 0 1 
36535719080075;0.45993;0.871686;0.986754 0.0719727 -0.145385 0.139233 -0.081461 0.994845 -0.0603928 -1.80151 0.140289 0.0714361 0.98753 -1.04772 0 0 0 1 
36535719080076;0.347563;0.496752;0.995273 0.096725 -0.00866439 0.0653371 -0.083088 0.894333 0.43962 -1.84264 0.0502711 -0.436822 0.898142 0.157453 0 0 0 1 
36535719080077;0.245685;0.535671;0.983213 0.0696533 -0.168644 -0.141905 0.0062467 0.910878 0.412629 -1.63684 0.182355 -0.406756 0.895151 -0.27152 0 0 0 1 
36535719080078;0.322722;0.296929;0.997106 0.0731299 0.0207611 -0.721257 -0.0759036 0.972832 0.218718 -0.528368 -0.00420227 -0.219661 0.975567 -0.830145 0 0 0 1 
36535719080079;0.340882;0.820675;0.998417 0.000648409 0.0562463 -0.303166 -0.020163 0.937611 0.3471 -2.89766 -0.0525121 -0.347685 0.93614 -0.251615 0 0 0 1 
36535719080080;0.326117;0.538811;0.991161 -0.0168035 0.131597 -0.0765262 -0.0445544 0.892171 0.449494 -0.910344 -0.12496 -0.451384 0.883537 0.866146 0 0 0 1 
36535719080081;0.410409;0.703152;0.984471 -0.158963 0.0744828 -0.566279 0.146432 0.977625 0.151019 -2.36638 -0.0968227 -0.137767 0.985721 -0.667553 0 0 0 1 
36535719080082;0.216435;0.32808;0.998291 0.0584338 0.000167248 0.0512517 -0.0572635 0.97772 0.201954 -0.429894 0.0116374 -0.201618 0.979395 0.176082 0 0 0 1 
36535719080083;0.161862;0.375947;0.995781 0.0814202 0.0423096 -0.332592 -0.0897916 0.959601 0.266652 -0.897415 -0.0188895 -0.269327 0.962864 -0.301364 0 0 0 1 
36535719080084;0.439577;0.912523;0.975909 -0.216017 0.0306319 -0.379739 0.206812 0.960629 0.185527 -3.41257 -0.0695028 -0.174722 0.982162 0.205115 0 0 0 1 
36535719080085;0.124875;0.336529;0.992257 0.0753109 0.0987617 -0.305247 -0.100264 0.95501 0.279111 -0.754511 -0.0732983 -0.286852 0.955167 0.0814942 0 0 0 1 
36535719080086;0.392366;0.478345;0.971971 0.0297073 -0.233216 0.45261 0.0500276 0.943131 0.328636 -1.31751 0.229717 -0.331091 0.91521 -1.20651 0 0 0 1 
36535719080087;0.41425;0.690892;0.993814 -0.110936 -0.00526336 -0.26772 0.0991335 0.864719 0.492376 -2.35736 -0.050071 -0.489852 0.870367 -0.364555 0 0 0 1 
36535719080088;0.317089;0.375022;0.988322 0.0711407 0.134757 -0.439093 -0.105023 0.958761 0.264099 -1.13012 -0.110412 -0.275167 0.955035 -0.635028 0 0 0 1 
36535719080089;0.0976208;0.294819;0.999809 -0.0192708 -0.00339908 -0.0282707 0.0195596 0.989337 0.144324 -0.787012 0.000581595 -0.144363 0.989525 -0.0609633 0 0 0 1 
36535719080090;0.312576;0.270535;0.997678 0.0254717 -0.0631724 0.287267 -0.0194872 0.995419 0.0936012 -1.37916 0.0652671 -0.0921528 0.993604 -0.052618 0 0 0 1 
36535719080091;0.378116;0.501557;0.950772 -0.133128 0.279839 0.119451 0.136272 0.990637 0.00828406 -1.7609 -0.278322 0.0302579 0.960011 0.21984 0 0 0 1 
36535719080093;0.290482;0.141914;0.988078 0.0126007 -0.153437 0.341971 -0.0274097 0.99512 -0.094786 0.300376 0.151494 0.0978617 0.983602 -0.58311 0 0 0 1 
36535719080094;0.395592;0.651885;0.999591 0.0247608 -0.0142928 0.983763 -0.0250532 0.999473 -0.0206521 -0.522422 0.0137739 0.0210018 0.999685 -0.158406 0 0 0 1 
36535719080095;0.347587;0.0988075;0.899949 0.240086 -0.363937 0.317583 -0.202956 0.969461 0.137673 0.543324 0.385876 -0.0500356 0.921193 -1.36694 0 0 0 1 
36535719080096;0.508705;0.105572;0.952031 -0.229339 0.202586 0.198546 0.177631 0.953267 0.244395 -0.684625 -0.249168 -0.196686 0.948277 1.70204 0 0 0 1 
36535719080097;0.390373;0.0763992;0.897719 -0.340941 0.279036 0.230977 0.38239 0.917532 -0.109144 -1.41067 -0.218813 0.204681 0.954058 0.769567 0 0 0 1 
36535719080098;0.177167;0.138238;0.964945 0.000781642 0.26245 -0.0673803 -0.00552419 0.999835 0.0173329 -0.0716819 -0.262393 -0.0181751 0.96479 0.655697 0 0 0 1 
36535719080099;0.46993;0.13076;0.967085 -0.241167 -0.0811438 0.47541 0.253955 0.894873 0.367027 -1.39233 -0.0159016 -0.375553 0.926664 -0.298744 0 0 0 1 
36535719080100;0.314307;0.112978;0.999429 -0.0259714 -0.021614 -0.357553 0.0290569 0.987092 0.157497 -0.587559 0.0172446 -0.158035 0.987283 -0.608335 0 0 0 1 
36535719080101;0.365934;0.303206;0.961487 0.259618 -0.0902246 0.14513 -0.25053 0.962851 0.100764 0.513791 0.113033 -0.0742791 0.990811 -0.513085 0 0 0 1 
36535719080102;0.240105;0.118435;0.986778 -0.154513 0.0489288 -0.186644 0.155676 0.987587 -0.0208908 -0.708368 -0.0450935 0.0282316 0.998584 -0.340741 0 0 0 1 
36535719080103;0.352767;0.116288;0.99629 0.0571337 0.0643521 -0.0687933 -0.0602 0.99709 0.0467618 -0.180491 -0.0614932 -0.0504623 0.996831 0.595438 0 0 0 1 
36535719080104;0.495293;0.359703;0.880271 0.0232156 -0.473904 0.201226 0.0243037 0.995285 0.0939009 -0.390796 0.473849 -0.0941758 0.875556 -1.79173 0 0 0 1 
36535719080105;0.433787;0.133644;0.999633 -0.00134473 0.0270716 -0.0471418 0.00108898 0.999955 0.00945943 -0.0746069 -0.0270831 -0.00942647 0.999589 0.769064 0 0 0 1 
36535719080106;0.129754;0.12661;0.996808 -0.0203286 0.0771983 -0.00931143 0.0121798 0.99444 0.104597 -0.14422 -0.0788954 -0.103323 0.991514 0.0633735 0 0 0 1 
36535719080107;0.262145;0.0950019;0.962313 0.262466 -0.071164 0.0312274 -0.265683 0.963224 -0.0401381 1.14406 0.058012 0.0575325 0.996657 -0.486425 0 0 0 1 
36535719080108;0.397924;0.362944;0.985487 0.166767 -0.0317014 -0.254672 -0.152286 0.95104 0.268947 0.171129 0.0750007 -0.260216 0.962633 -0.539356 0 0 0 1 
36535719080109;0.398301;0.360665;0.942043 0.225032 0.248831 0.181636 -0.243348 0.968892 0.0450604 0.512008 -0.23095 -0.103001 0.967498 0.75096 0 0 0 1 
36535719080110;0.208018;0.137212;0.992295 0.123356 -0.0115884 -0.110306 -0.122693 0.991346 0.0466847 0.176415 0.017247 -0.0449031 0.998842 -0.435799 0 0 0 1 
36535719080111;0.465339;0.123457;0.944604 -0.234798 0.229332 -0.219125 0.250976 0.967007 -0.0436962 -0.470858 -0.211506 0.0988324 0.972367 1.02386 0 0 0 1 
36535719080112;0.541337;0.108059;0.899264 0.336265 -0.279731 1.187 -0.314871 0.941565 0.119629 1.24687 0.303612 -0.0194984 0.952596 -1.31956 0 0 0 1 
36535719080113;0.28814;0.13656;0.99997 0.00500145 -0.00589395 -0.0913568 -0.00482998 0.999575 0.0287556 0.401873 0.00603526 -0.0287263 0.999569 -0.0612608 0 0 0 1 
36535719080114;0.343577;0.130149;0.957326 -0.2887 -0.0133933 0.286232 0.289006 0.956543 0.0387456 -1.26876 0.00162536 -0.0409629 0.999159 0.221506 0 0 0 1 
36535719080115;0.500998;0.790131;0.993012 0.108632 -0.0461143 0.90152 -0.105408 0.992143 0.0673893 -0.34736 0.0530727 -0.0620576 0.99666 -0.4067 0 0 0 1 
36535719080116;0.41433;0.12626;0.954205 -0.243297 0.174069 0.350494 0.182412 0.934378 0.306046 -1.00502 -0.237106 -0.260278 0.935968 1.33935 0 0 0 1 
36535719080117;0.508343;0.136684;0.996742 -0.0571646 0.0568932 -0.0934856 0.0451144 0.979921 0.194213 -0.189846 -0.066853 -0.191014 0.979308 1.11073 0 0 0 1 
36535719080118;0.0642213;0.125753;0.998084 0.0583983 -0.0204238 -0.157063 -0.0582495 0.998272 0.00780739 0.230798 0.0208444 -0.00660276 0.999761 -0.292009 0 0 0 1 
36535719080119;0.384568;0.347905;0.963288 0.251318 0.0944187 0.258583 -0.264093 0.95029 0.164936 0.513873 -0.0482737 -0.183817 0.981774 -0.0839406 0 0 0 1 
36535719080120;0.113108;0.11413;0.998731 -0.0480165 0.0151992 -0.038687 0.047076 0.997256 0.057141 -0.358988 -0.0179012 -0.056353 0.99825 0.0800706 0 0 0 1 
36535719080121;0.423482;0.103459;0.974295 0.214286 -0.0695018 0.282079 -0.16878 0.898687 0.404814 0.129889 0.149206 -0.382678 0.911754 -0.517374 0 0 0 1 
36535719080122;0.427092;0.114954;0.966919 -0.248189 0.0589086 0.0635219 0.239935 0.963309 0.120277 -1.68123 -0.0865985 -0.102163 0.990991 0.592387 0 0 0 1 
36535719080124;0.190705;0.115594;0.985686 0.163409 0.0414874 0.151311 -0.165561 0.984653 0.0552159 0.418096 -0.0318279 -0.0612942 0.997612 0.196863 0 0 0 1 
36535719080125;0.422416;0.167991;0.887353 0.404379 -0.221544 0.502409 -0.372878 0.911969 0.1711 1.12862 0.271231 -0.0692177 0.960022 -0.993571 0 0 0 1 
36535719080126;0.446714;0.14587;0.99303 0.109509 -0.0435906 0.492262 -0.112668 0.990553 -0.0781732 -0.278942 0.0346181 0.0825396 0.995986 -0.37636 0 0 0 1 
36535719080127;0.355012;0.800748;0.998186 0.0515911 0.0310282 1.238 -0.0488045 0.995211 -0.0846979 0.260679 -0.0352493 0.0830299 0.995923 -0.0559696 0 0 0 1 
36535719080128;0.249905;0.12488;0.999918 -0.00839419 -0.00966403 0.223643 0.00842923 0.999958 0.00359084 0.364634 0.00963349 -0.003672 0.999947 -0.0778187 0 0 0 1 
36535719080129;0.526113;0.825969;0.999407 -0.00787784 -0.03352 1.53807 0.00664604 0.999304 -0.0367022 -0.351349 0.0337858 0.0364576 0.998764 0.149526 0 0 0 1 
36535719080130;0.433817;0.151657;0.940088 0.0795118 0.331529 0.0715516 -0.030437 0.988115 -0.150675 -0.322724 -0.339569 0.131557 0.931335 1.04431 0 0 0 1 
36535719080131;0.251532;0.729258;0.994661 0.103163 -0.00275554 1.18166 -0.103183 0.994628 -0.00825757 0.452878 0.00188886 0.00849781 0.999962 0.0942786 0 0 0 1 
36535719080132;0.431426;0.160686;0.981781 0.0352068 -0.186725 0.14346 -0.0244208 0.997914 0.0597536 -0.485172 0.188439 -0.054105 0.980593 -1.00962 0 0 0 1 
36535719080133;0.541591;0.149166;0.943187 0.216203 0.252297 0.313258 -0.261117 0.951877 0.160461 0.583879 -0.205464 -0.217224 0.954253 1.52879 0 0 0 1 
36535719080134;0.252306;0.14104;0.996582 -0.0808874 0.016808 0.0581997 0.0815762 0.995632 -0.0454118 -0.455707 -0.0130614 0.0466277 0.998827 -0.271707 0 0 0 1 
36535719080135;0.472023;0.77219;0.969092 0.0591946 0.239492 1.03037 -0.103468 0.978802 0.176752 0.0311453 -0.223952 -0.196069 0.954674 0.679507 0 0 0 1 
36535719080136;0.302061;0.162802;0.976091 0.189533 -0.106417 0.265776 -0.20169 0.97228 -0.118291 0.983028 0.0810466 0.136926 0.98726 -0.541677 0 0 0 1 
36535719080137;0.328535;0.16168;0.971394 0.220159 0.0890144 -0.0968569 -0.205397 0.967057 -0.150374 0.701348 -0.119188 0.127789 0.984614 0.041353 0 0 0 1 
36535719080138;0.576365;0.160482;0.997953 0.0475572 0.0427636 0.868154 -0.0277053 0.924101 -0.381143 0.296965 -0.057644 0.379178 0.923526 -0.516697 0 0 0 1 
36535719080139;0.521512;0.434979;0.995062 -0.0915052 0.0384562 0.527006 0.0885233 0.993383 0.073165 -0.671905 -0.0448967 -0.0693994 0.996578 0.254133 0 0 0 1 
36535719080140;0.470285;0.212505;0.900647 0.411566 0.13946 0.145571 -0.407583 0.911365 -0.0573587 1.39643 -0.150706 -0.00518168 0.988565 0.131329 0 0 0 1 
36535719080141;0.30287;0.144648;0.974966 0.117068 0.189039 -0.196719 -0.133044 0.988335 0.0741188 0.127595 -0.178157 -0.0974139 0.979168 0.592027 0 0 0 1 
36535719080142;0.480003;0.153155;0.974556 0.196347 0.108109 0.0430342 -0.223764 0.880293 0.418346 0.369292 -0.0130264 -0.431893 0.901831 0.0241718 0 0 0 1 
36535719080143;0.628053;0.155269;0.897317 0.428954 -0.104022 -0.410074 -0.438704 0.892687 -0.103196 1.62685 0.0485924 0.138235 0.989207 -0.282156 0 0 0 1 
36535719080144;0.602003;0.160813;0.945722 0.230243 -0.229345 0.603719 -0.276307 0.94118 -0.19451 1.25639 0.17107 0.247322 0.953712 -1.52002 0 0 0 1 
36535719080145;0.170435;0.140302;0.995278 0.097062 0.000901174 0.14465 -0.0970661 0.995222 0.0105824 0.31776 0.000130282 -0.0106199 0.999944 0.174905 0 0 0 1 
36535719080146;0.207536;0.17004;0.982657 0.18261 0.0322458 0.222203 -0.178768 0.979103 -0.0969501 0.670356 -0.049276 0.0895042 0.994767 0.0210702 0 0 0 1 
36535719080147;0.436345;0.131233;0.984665 0.168047 -0.0468583 0.583508 -0.164334 0.983608 0.0742227 1.01496 0.0585631 -0.0653841 0.99614 -0.468046 0 0 0 1 
36535719080148;0.640142;0.117172;0.961635 -0.270331 -0.0466917 1.33717 0.257353 0.947899 -0.187769 -0.0800936 0.0950188 0.168549 0.981103 -0.700918 0 0 0 1 
36535719080149;0.408897;0.135355;0.996543 -0.0664175 -0.0498991 0.407233 0.0641776 0.996913 -0.0452258 -0.523179 0.0527488 0.041867 0.99773 0.393562 0 0 0 1 
36535719080150;0.385378;0.147904;0.996491 -0.0238829 0.0802263 0.176697 0.00867469 0.982737 0.184806 0.282136 -0.083255 -0.183462 0.979495 -0.0483438 0 0 0 1 
36535719080151;0.147734;0.147809;0.992313 0.0114028 0.123229 0.11318 -0.000709773 0.996254 -0.0864719 0.0335258 -0.123753 0.0857197 0.988604 0.19715 0 0 0 1 
36535719080152;0.417728;0.163732;0.898288 0.401073 -0.179498 0.381413 -0.376999 0.913313 0.154048 1.08617 0.225722 -0.0707085 0.971622 -0.492531 0 0 0 1 
36535719080153;0.136308;0.144387;0.987946 -0.139227 0.0676731 0.320587 0.136225 0.989556 0.0471361 -0.439043 -0.0735289 -0.0373491 0.996593 0.210779 0 0 0 1 
36535719080155;0.377066;0.321651;0.997095 0.0070229 -0.0758409 0.541546 0.0146384 0.959507 0.281305 0.00321162 0.0747455 -0.281598 0.956617 0.258983 0 0 0 1 
36535719080156;0.280014;0.256009;0.99835 -0.0292604 -0.0494103 0.42104 0.0392019 0.976027 0.214091 0.189062 0.0419614 -0.215675 0.975563 -0.116798 0 0 0 1 
36535719080157;0.357849;0.226708;0.997587 -0.0684578 0.0115904 0.764334 0.0598175 0.932141 0.357122 0.253676 -0.0352517 -0.355566 0.933986 0.623198 0 0 0 1 
36535719080158;0.214487;0.118965;0.998345 -0.0374292 -0.043656 0.485166 0.0409919 0.99564 0.0837931 0.278454 0.0403293 -0.085444 0.995526 0.0902169 0 0 0 1 
36535719080159;0.313033;0.173887;0.998641 0.0110944 -0.0509136 0.129655 -0.0136644 0.998635 -0.0504099 -0.305885 0.0502849 0.0510371 0.99743 -0.590157 0 0 0 1 
36535719080160;0.477856;0.228647;0.93367 0.154335 -0.323173 -0.30834 -0.141909 0.987947 0.0618204 0.445319 0.328819 -0.0118586 0.944319 -0.995896 0 0 0 1 
36535719080161;0.262671;0.182005;0.99571 0.0915765 -0.0132105 0.0105802 -0.0884742 0.98415 0.153692 -0.0968218 0.0270757 -0.151864 0.98803 0.233576 0 0 0 1 
36535719080162;0.249715;0.161442;0.991189 0.127221 -0.0368638 -0.138973 -0.107273 0.934292 0.339987 -0.124048 0.077695 -0.333037 0.939707 -0.13072 0 0 0 1 
36535719080163;0.453936;0.21327;0.925163 0.148809 -0.349183 1.03885 -0.173979 0.983867 -0.041669 0.413577 0.337349 0.099301 0.936128 -1.319 0 0 0 1 
36535719080164;0.466141;0.327136;0.985794 -0.0557074 0.158452 0.593937 0.0232045 0.97952 0.200007 0.319003 -0.166349 -0.193489 0.966897 1.07781 0 0 0 1 
36535719080165;0.321246;0.129879;0.959249 -0.0555349 0.277049 0.0836418 -0.0548352 0.925267 0.375331 -0.15672 -0.277189 -0.375228 0.884517 0.800522 0 0 0 1 
36535719080166;0.389384;0.290593;0.950843 -0.0914053 0.295875 0.838503 0.117556 0.990467 -0.0717977 -0.119638 -0.286492 0.10305 0.952525 0.310607 0 0 0 1 
36535719080167;0.40197;0.332234;0.999671 0.00688717 -0.0247053 0.600261 0.00395277 0.910389 0.413735 0.107666 0.0253409 -0.413697 0.910062 0.319809 0 0 0 1 
36535719080168;0.210711;0.220547;0.997368 0.00444626 0.0723719 0.0396381 -0.00319283 0.999843 -0.0174257 -0.114525 -0.072438 0.0171487 0.997225 0.104608 0 0 0 1 
36535719080169;0.371812;0.101165;0.962997 0.0661746 -0.261262 0.794057 0.0163275 0.953283 0.301638 -0.575555 0.269017 -0.294743 0.916928 -1.10275 0 0 0 1 
36535719080170;0.32738;0.18307;0.99759 0.0576924 0.0385448 0.0586051 -0.0573248 0.9983 -0.0105775 0.0958043 -0.0390895 0.00834239 0.999201 -0.979858 0 0 0 1 
36535719080171;0.334438;0.304593;0.998426 -0.0546415 0.0126068 0.313798 0.0549198 0.998228 -0.0228959 -0.109916 -0.0113334 0.0235523 0.999658 0.104794 0 0 0 1 
36535719080172;0.359248;0.223672;0.988816 0.132058 -0.0693047 0.196486 -0.111938 0.96424 0.240232 0.528371 0.0985509 -0.229788 0.968238 0.0330578 0 0 0 1 
36535719080173;0.299017;0.130067;0.998323 -0.0393587 -0.0424394 0.23646 0.0386002 0.999083 -0.0185464 -0.446047 0.0431304 0.0168772 0.998927 -1.03389 0 0 0 1 
36535719080174;0.332371;0.136612;0.991779 -0.0983636 -0.0818477 1.04097 0.100781 0.994571 0.0259352 0.260279 0.0788522 -0.0339707 0.996307 -0.670674 0 0 0 1 
36535719080175;0.258801;0.129582;0.985813 -0.0704335 -0.152355 0.413191 0.0735386 0.997182 0.0148361 0.0569638 0.150881 -0.0258296 0.988215 -1.11496 0 0 0 1 
36535719080176;0.244373;0.143159;0.979408 0.0691099 0.189694 -0.135499 -0.0956786 0.986259 0.134681 0.142443 -0.17778 -0.150057 0.972562 0.329861 0 0 0 1 
36535719080177;0.307368;0.283951;0.997978 -0.0245873 0.0586199 0.270093 0.00767953 0.962047 0.272777 0.130051 -0.0631019 -0.271775 0.96029 0.793607 0 0 0 1 
36535719080178;0.333626;0.106579;0.924168 0.055344 -0.377956 0.763949 0.00537598 0.987466 0.15774 -0.0718179 0.381949 -0.14781 0.912287 -0.681011 0 0 0 1 
36535719080179;0.112272;0.110759;0.995843 -0.0162042 -0.0896312 0.258503 0.0222322 0.997527 0.0666702 0.124253 0.0883292 -0.0683857 0.993741 -0.501552 0 0 0 1 
36535719080180;0.447488;0.525603;0.996196 0.0573446 -0.0656198 1.24033 -0.0490281 0.991319 0.121994 -0.219385 0.0720459 -0.118313 0.990359 -0.404406 0 0 0 1 
36535719080181;0.181751;0.170883;0.992141 -0.0290735 0.121704 0.243945 0.0399498 0.995328 -0.0879024 -0.0994226 -0.11858 0.0920736 0.988666 -0.0218709 0 0 0 1 
36535719080182;0.227052;0.14513;0.976798 -0.0346325 0.211346 0.204063 0.0452841 0.997925 -0.0457673 -0.049075 -0.209322 0.054276 0.976339 0.0590903 0 0 0 1 
36535719080183;0.271702;0.113098;0.98416 -0.0704154 -0.162697 1.03535 0.0966391 0.98248 0.159356 -0.232121 0.148626 -0.172555 0.973722 -0.535752 0 0 0 1 
36535719080184;0.317465;0.145478;0.962198 0.155702 -0.223453 0.472204 -0.0320128 0.879435 0.474941 -0.463532 0.270462 -0.449834 0.851176 -0.521971 0 0 0 1 
36535719080186;0.390645;0.284153;0.900709 -0.0593052 0.430357 -0.22814 0.185299 0.948448 -0.257118 -0.551336 -0.392923 0.311333 0.865265 1.56864 0 0 0 1 
36535719080187;0.111223;0.257656;0.999127 0.0148821 0.0390425 -0.252799 -0.0150841 0.999874 0.00488514 -0.159715 -0.0389649 -0.00546979 0.999226 -0.0225159 0 0 0 1 
36535719080188;0.65823;0.631733;0.897354 0.42608 0.11494 -0.982596 -0.432548 0.900825 0.0376373 1.65901 -0.0875045 -0.0834912 0.992659 1.02592 0 0 0 1 
36535719080189;0.357007;0.289988;0.999353 0.0117358 0.0339852 -0.988881 -0.0122576 0.99981 0.0151866 0.210753 -0.0338005 -0.0155934 0.999307 -0.472706 0 0 0 1 
36535719080190;0.473164;1.06798;0.93035 -0.36223 0.0569039 -1.58197 0.363759 0.9313 -0.0189525 -2.69565 -0.0461295 0.0383318 0.9982 0.0890823 0 0 0 1 
36535719080191;0.28216;0.319513;0.981431 0.191806 0.00204441 -0.670758 -0.190627 0.974102 0.121601 0.691062 0.0213324 -0.119733 0.992577 -0.720997 0 0 0 1 
36535719080192;0.431029;0.359592;0.984002 -0.152644 0.0918671 -1.29223 0.160048 0.983905 -0.0794761 -0.581733 -0.0782569 0.0929078 0.992595 0.516972 0 0 0 1 
36535719080193;0.312078;0.322222;0.990966 -0.128128 0.03961 -0.498367 0.117453 0.971726 0.204826 -1.01709 -0.0647341 -0.198324 0.977997 -0.355387 0 0 0 1 
36535719080194;0.164987;0.300995;0.985792 0.166275 0.0238005 -0.466329 -0.166682 0.985877 0.0162613 0.515612 -0.0207605 -0.0199974 0.999584 -0.0734347 0 0 0 1 
36535719080195;0.354366;0.300445;0.97576 -0.0321026 0.216474 -0.288422 0.0316893 0.999483 0.0053813 -0.617062 -0.216535 0.00160904 0.976274 0.2064 0 0 0 1 
36535719080196;0.523582;0.277205;0.98596 0.14656 0.0800211 -0.84886 -0.16683 0.885119 0.434433 0.730022 -0.00715743 -0.441684 0.897142 -0.681819 0 0 0 1 
36535719080197;0.379637;0.329254;0.983682 -0.166397 -0.0684184 -0.3461 0.17021 0.983913 0.0542611 -1.03373 0.0582889 -0.0650212 0.99618 -1.17211 0 0 0 1 
36535719080198;0.253973;0.333599;0.982301 -0.131869 0.133026 -0.577542 0.144253 0.985605 -0.0881705 -0.882723 -0.119484 0.105799 0.987183 0.77679 0 0 0 1 
36535719080199;0.451651;0.269375;0.988915 0.142361 0.0421873 -0.959414 -0.142477 0.989798 -0.000265606 0.823816 -0.0417947 -0.00574805 0.99911 0.656305 0 0 0 1 
36535719080200;0.601292;1.23886;0.942494 -0.253973 0.217262 -1.36859 0.271368 0.960967 -0.0538636 -2.47321 -0.195102 0.109724 0.974626 1.24798 0 0 0 1 
36535719080201;0.316883;0.300137;0.869503 0.0897487 0.485705 -0.244664 0.0013785 0.982908 -0.18409 -0.154162 -0.493926 0.160736 0.854518 2.29229 0 0 0 1 
36535719080202;0.389074;0.313892;0.97122 0.221382 0.0878711 -0.644523 -0.224042 0.974342 0.0215318 1.1954 -0.0808497 -0.0405989 0.995899 -0.36153 0 0 0 1 
36535719080203;0.247825;0.436834;0.974661 -0.212601 0.0695514 -0.810696 0.209897 0.976724 0.0442026 -1.26938 -0.0773301 -0.0284839 0.996599 0.31735 0 0 0 1 
36535719080204;0.323434;0.278923;0.997054 -0.0526234 0.0558111 -0.608778 0.0516293 0.998484 0.0191068 -1.07205 -0.0567319 -0.016169 0.998259 -0.133512 0 0 0 1 
36535719080205;0.326801;0.325882;0.95015 -0.0597424 0.306015 -0.239607 0.1598 0.936074 -0.313417 -0.749536 -0.267729 0.346694 0.898957 1.02486 0 0 0 1 
36535719080206;0.360649;0.299552;0.993618 0.0989877 0.0540884 -0.651079 -0.0986979 0.995085 -0.00800989 0.968447 -0.0546155 0.00262035 0.998504 0.00942653 0 0 0 1 
36535719080207;0.378318;0.34516;0.998444 -0.0250755 0.0498013 0.133654 0.0248821 0.99968 0.00449984 -0.398977 -0.0498982 -0.00325368 0.998749 0.125447 0 0 0 1 
36535719080208;0.281021;0.262177;0.977699 -0.0643705 0.199902 -0.656021 0.0562432 0.997353 0.046079 -0.633899 -0.202339 -0.0338083 0.978732 1.28839 0 0 0 1 
36535719080209;0.41046;0.447355;0.955074 -0.263547 0.13556 -1.07479 0.237808 0.95446 0.180147 -1.89056 -0.176864 -0.139817 0.974254 0.783609 0 0 0 1 
36535719080210;0.243944;0.311992;0.973256 0.139266 0.182694 -0.201196 -0.148021 0.98836 0.0351254 0.290194 -0.175676 -0.0612286 0.982542 0.631062 0 0 0 1 
36535719080211;0.419439;0.306459;0.929219 0.368468 0.0280102 -0.580627 -0.368728 0.929526 0.00460094 1.12259 -0.0243409 -0.0146034 0.999597 -0.0356751 0 0 0 1 
36535719080212;0.411637;0.286177;0.951268 0.272109 0.145069 -0.0016596 -0.269886 0.96225 -0.0351727 0.561198 -0.149163 -0.00569348 0.988796 0.768468 0 0 0 1 
36535719080213;0.271077;0.309461;0.976226 -0.181779 -0.118065 -0.620421 0.157749 0.969387 -0.188161 -0.964124 0.148654 0.165063 0.975016 -1.05086 0 0 0 1 
36535719080214;0.356981;0.348327;0.958418 0.143208 -0.246832 -0.633962 -0.149338 0.988767 -0.00619441 0.208856 0.243172 0.0427983 0.969038 -0.966766 0 0 0 1 
36535719080215;0.558879;0.306369;0.958541 0.218158 0.183319 -0.538373 -0.160641 0.94506 -0.284703 0.722376 -0.235357 0.243451 0.940924 1.96707 0 0 0 1 
36535719080217;0.267916;0.0379657;0.968358 -0.174543 -0.178376 0.538358 0.151017 0.978853 -0.137985 -0.226671 0.198688 0.106681 0.974239 -0.974762 0 0 0 1 
36535719080218;0.403611;0.0406942;0.997172 0.0751477 -0.000567362 -0.305512 -0.0751167 0.996928 0.0221751 0.711977 0.00223203 -0.0220698 0.999754 0.417497 0 0 0 1 
36535719080219;0.612805;0.487968;0.998892 -0.00336328 0.0469374 -0.213791 0.00357943 0.999983 -0.0045217 0.0795799 -0.0469215 0.0046847 0.998888 0.628675 0 0 0 1 
36535719080220;0.465305;0.0411133;0.971956 -0.115909 -0.204612 0.413333 0.0954043 0.989627 -0.107411 0.165749 0.214939 0.084878 0.972932 -1.46861 0 0 0 1 
36535719080221;0.397154;0.0440233;0.977985 -0.203149 0.0476995 -0.15759 0.193211 0.967893 0.160786 -0.821463 -0.0788315 -0.14803 0.985836 -0.141708 0 0 0 1 
36535719080222;0.388852;0.0381271;0.983989 -0.104662 0.144264 -0.42847 0.139657 0.955662 -0.259242 -0.244188 -0.110735 0.275238 0.954977 0.184001 0 0 0 1 
36535719080223;0.332061;0.0383025;0.931322 -0.187498 -0.312225 0.846941 0.164087 0.981375 -0.0998876 -0.628073 0.325139 0.0417953 0.944742 -0.90918 0 0 0 1 
36535719080224;0.591626;0.049346;0.99395 0.0979087 0.0497771 -0.36698 -0.0780263 0.948382 -0.307383 1.20995 -0.0773031 0.301639 0.950283 0.402377 0 0 0 1 
36535719080225;0.418431;0.0408345;0.934811 -0.333087 0.123215 0.217482 0.328038 0.942769 0.0598158 -1.15845 -0.136087 -0.0154972 0.990576 0.738493 0 0 0 1 
36535719080226;0.434396;0.0319461;0.923639 0.338635 -0.179491 -0.0545937 -0.344913 0.938626 -0.00403005 1.41765 0.16711 0.0656309 0.983751 -0.371891 0 0 0 1 
36535719080227;0.258425;0.0428403;0.980874 0.170353 0.0941646 -0.0538838 -0.17456 0.9839 0.038344 0.408962 -0.0861165 -0.0540479 0.994818 0.539333 0 0 0 1 
36535719080228;0.348273;0.0380351;0.957816 -0.196559 0.209648 0.130519 0.206012 0.978255 -0.0240247 -0.263909 -0.200367 0.0662012 0.977482 0.82885 0 0 0 1 
36535719080229;0.349476;0.0364276;0.994416 0.0611021 0.0860478 -0.228087 -0.0462832 0.98525 -0.164746 0.148958 -0.0948449 0.159843 0.982575 -0.466154 0 0 0 1 
36535719080230;0.507963;0.403333;0.943047 0.0556201 0.327978 -0.0855792 -0.0391684 0.997631 -0.0565608 0.119793 -0.330347 0.0404931 0.942991 0.630624 0 0 0 1 
36535719080231;0.499847;0.0417022;0.999945 0.00498626 -0.00920417 -0.317313 -0.00476804 0.999711 0.0235806 -0.404529 0.00931909 -0.0235355 0.99968 -0.89644 0 0 0 1 
36535719080232;0.400636;0.03706;0.97458 -0.20404 0.0925237 0.185187 0.172091 0.946214 0.273977 -0.448578 -0.14345 -0.251091 0.957275 1.00092 0 0 0 1 
36535719080233;0.232565;0.034383;0.985077 0.0595647 -0.161479 0.0636258 -0.0417437 0.992877 0.111592 0.0551603 0.166976 -0.103186 0.980547 -0.12888 0 0 0 1 
36535719080234;0.243089;0.033772;0.999967 0.00727833 0.00368784 0.191685 -0.00722415 0.999869 -0.0144979 0.150779 -0.00379288 0.0144708 0.999888 -0.473104 0 0 0 1 
36535719080235;0.336455;0.0367612;0.989634 -0.128698 -0.063728 -0.20929 0.139736 0.965328 0.220489 -0.507545 0.0331418 -0.227109 0.973305 0.0273791 0 0 0 1 
36535719080236;0.526732;0.0362905;0.958487 -0.1309 0.253313 0.586248 0.0739192 0.972095 0.222637 -0.540593 -0.275387 -0.19467 0.941417 1.64103 0 0 0 1 
36535719080237;0.707625;0.496118;0.99949 -0.0302536 -0.0101998 0.0792553 0.0300032 0.999265 -0.0238708 0.172959 0.0109145 0.0235526 0.999663 0.651888 0 0 0 1 
36535719080238;0.378354;0.0394361;0.980178 0.186236 -0.0675857 0.33829 -0.169362 0.964647 0.201923 0.728816 0.102802 -0.186474 0.977067 -0.206129 0 0 0 1 
36535719080239;0.260619;0.0337126;0.999377 -0.0275088 0.0221264 0.379441 0.0272728 0.999569 0.010901 -0.146371 -0.0224167 -0.0102907 0.999696 0.350405 0 0 0 1 
36535719080240;0.347346;0.0362825;0.99733 0.0101097 0.0723267 -0.0558466 0.0175647 0.928094 -0.371931 0.326959 -0.0708861 0.372208 0.925438 -0.33183 0 0 0 1 
36535719080241;0.461675;0.0326129;0.944377 0.148648 0.293352 -0.237947 -0.071632 0.963576 -0.257664 -0.181958 -0.320969 0.222319 0.920627 0.653521 0 0 0 1 
36535719080242;0.184835;0.0338359;0.991574 0.1084 0.070919 -0.17844 -0.109502 0.993916 0.0118323 0.0637235 -0.0692049 -0.0194984 0.997412 0.103489 0 0 0 1 
36535719080243;0.50255;0.49546;0.999735 -0.00668095 0.0220239 0.0165795 0.00746039 0.999342 -0.0355008 -0.0189104 -0.0217722 0.0356558 0.999127 -0.225854 0 0 0 1 
36535719080244;0.3548;0.0384931;0.91819 0.259778 0.299069 -0.283233 -0.277641 0.960515 0.0180772 0.681481 -0.282564 -0.0996319 0.95406 1.10236 0 0 0 1 
36535719080245;0.421326;0.0436624;0.969913 0.126211 -0.208184 0.455131 -0.146903 0.985311 -0.0870679 0.577391 0.194137 0.115031 0.974207 -1.31566 0 0 0 1 
36535719080246;0.428678;0.0393158;0.967107 0.254364 0.00147394 0.124511 -0.253159 0.963056 -0.0918394 1.11374 -0.0247801 0.0884454 0.995773 -0.52101 0 0 0 1 
36535719080248;0.279109;0.0907844;0.999709 -0.0241159 -0.000297017 0.997302 0.024117 0.999699 0.00440161 0.194045 0.000190778 -0.00440749 0.99999 -0.382289 0 0 0 1 
36535719080249;0.148582;0.162991;0.999004 -0.0441068 -0.00677102 0.140023 0.0441043 0.999027 -0.000520106 -0.0997302 0.00678737 0.000220957 0.999977 -0.186093 0 0 0 1 
36535719080250;0.310686;0.114598;0.996806 -0.0122939 0.078906 0.00815385 0.0119446 0.999917 0.00489681 0.18697 -0.0789596 -0.00393867 0.99687 -0.703708 0 0 0 1 
36535719080251;0.298484;0.129717;0.999706 0.0121014 -0.0209971 -0.200071 -0.0108487 0.998212 0.0587799 0.573388 0.0216709 -0.0585349 0.99805 0.152283 0 0 0 1 
36535719080252;0.364884;0.298301;0.970701 -0.196761 -0.137933 1.49783 0.196126 0.980408 -0.0183171 -0.71268 0.138834 -0.00927172 0.990272 -0.31989 0 0 0 1 
36535719080253;0.298099;0.276968;0.995841 -0.090057 -0.0138007 0.837131 0.0891497 0.994428 -0.0562541 -0.232974 0.0187899 0.0547898 0.998321 -0.58459 0 0 0 1 
36535719080254;0.413793;0.338266;0.988728 -0.148656 -0.0178384 0.390652 0.141046 0.964763 -0.222123 0.217571 0.0502299 0.217103 0.974855 -0.419789 0 0 0 1 
36535719080255;0.265645;0.105697;0.993364 -0.0890159 0.0728346 0.161421 0.105215 0.959092 -0.262816 -0.280659 -0.0464603 0.268735 0.962093 0.220592 0 0 0 1 
36535719080256;0.228269;0.132994;0.972978 0.230847 -0.00475273 0.144764 -0.230809 0.97297 0.0075456 0.454315 0.00636614 -0.00624473 0.99996 -0.0987695 0 0 0 1 
36535719080257;0.266234;0.177109;0.999619 -0.0275221 -0.00228806 -0.209166 0.0275809 0.999114 0.031791 -0.203301 0.00141108 -0.031842 0.999492 -0.0905586 0 0 0 1 
36535719080258;0.327944;0.076112;0.998352 -0.054101 -0.019118 0.806044 0.0544694 0.998329 0.0193035 -0.710399 0.0180417 -0.020313 0.999631 0.506955 0 0 0 1 
36535719080259;0.241821;0.113431;0.986247 0.145383 -0.0786145 0.482448 -0.14421 0.989336 0.020426 0.135468 0.0807458 -0.00880808 0.996696 -0.649461 0 0 0 1 
