#;prob_registration_l1 -r /home/probabilistic_point_clouds_registration/build/tester /home/point_clouds_registration_benchmark//devel/registration_pairs/hauptgebaude_local.txt /home/point_clouds_registration_benchmark//eth/hauptgebaude -s 0.2 -t 0.2 -p 0.3 -r 1000 -m 15 -i 40 
id;initial_error;final_error;transformation
3394309160000;0.248226;0.0159178;0.999273 -0.00389996 0.0379233 0.53552 0.00235712 0.999171 0.040643 -0.0572005 -0.0380504 -0.0405241 0.998454 -0.008896 0 0 0 1 
3394309160001;0.28369;0.0126189;0.993012 0.115116 -0.0259834 -0.403388 -0.113385 0.991713 0.0604018 0.84253 0.0327213 -0.0570336 0.997836 -0.628692 0 0 0 1 
3394309160002;0.278932;0.0154708;0.97689 -0.00771439 0.213602 -0.124141 0.00546767 0.999923 0.011107 -0.0917634 -0.213671 -0.00968246 0.976858 0.750732 0 0 0 1 
3394309160003;0.0682056;0.0142251;0.995408 -0.091358 0.0285932 0.036476 0.0917972 0.995673 -0.014442 -0.595146 -0.0271501 0.0170004 0.999487 0.203022 0 0 0 1 
3394309160004;0.286924;0.0200879;0.99904 0.0396071 -0.0187305 0.535183 -0.0394123 0.999166 0.0106607 0.73252 0.0191372 -0.00991225 0.999768 -0.280561 0 0 0 1 
3394309160005;0.492031;0.0650149;0.90841 0.383882 0.165609 -0.39048 -0.407032 0.902523 0.140629 2.56972 -0.0954807 -0.195157 0.976113 0.252996 0 0 0 1 
3394309160006;0.393899;0.0164953;0.988069 0.0239348 0.152143 -0.253344 -0.0251163 0.999667 0.00584804 0.541816 -0.151953 -0.00959954 0.988341 1.91379 0 0 0 1 
3394309160007;0.411602;0.0120269;0.88471 -0.3377 0.321322 0.380577 0.344174 0.938124 0.0383095 -2.08725 -0.314377 0.076698 0.946195 1.42273 0 0 0 1 
3394309160008;0.42721;0.357028;0.955248 -0.294021 -0.0324296 1.40161 0.294593 0.955514 0.0144426 -1.93605 0.0267405 -0.0233498 0.99937 0.788034 0 0 0 1 
3394309160009;0.395375;0.0170369;0.978263 -0.200238 -0.0539113 0.434883 0.195022 0.976749 -0.0890367 -1.46866 0.0704864 0.0765874 0.994568 0.438298 0 0 0 1 
3394309160010;0.216746;0.0151757;0.991885 -0.00638369 -0.126982 -0.102916 -0.0155463 0.985155 -0.170962 0.475956 0.126188 0.171549 0.977061 -0.558988 0 0 0 1 
3394309160011;0.228138;0.808271;0.949276 -0.219922 -0.224744 2.57961 0.243043 0.966657 0.0806535 -1.73656 0.199512 -0.131185 0.971074 -1.10135 0 0 0 1 
3394309160012;0.324315;0.833229;0.944064 -0.327618 -0.0375516 1.9214 0.32937 0.931246 0.155874 -2.33682 -0.0160974 -0.159523 0.987063 -0.157256 0 0 0 1 
3394309160013;0.268523;0.0169855;0.997717 0.0605157 -0.0299702 0.60902 -0.0606165 0.998158 -0.00246546 0.0941165 0.0297658 0.00427652 0.999548 -0.425717 0 0 0 1 
3394309160014;0.217364;0.0136402;0.999774 0.0178613 0.0115036 -0.00664773 -0.0198566 0.978137 0.207012 -0.325702 -0.00755462 -0.207193 0.978271 0.311988 0 0 0 1 
3394309160015;0.198549;0.015354;0.971878 0.108288 0.209108 -0.259719 -0.10328 0.994045 -0.0347544 0.721933 -0.211627 0.0121803 0.977275 1.48448 0 0 0 1 
3394309160016;0.362241;0.012977;0.888683 -0.221666 0.401381 0.525278 0.218647 0.97431 0.0539724 -1.68186 -0.403034 0.0397965 0.91432 3.18242 0 0 0 1 
3394309160017;0.403444;0.0212682;0.924412 -0.273081 0.26625 -0.471504 0.265849 0.961916 0.0635759 -1.27464 -0.273472 0.012012 0.961805 1.8272 0 0 0 1 
3394309160018;0.415951;0.0183877;0.9588 0.267853 0.0946487 -0.644117 -0.272441 0.961374 0.0391928 1.94355 -0.0804949 -0.0633642 0.994739 0.421496 0 0 0 1 
3394309160019;0.389264;0.0168485;0.967334 0.253287 -0.0104653 0.0549469 -0.253257 0.96739 0.00414961 1.30332 0.0111751 -0.00136364 0.999937 -0.821761 0 0 0 1 
3394309160020;0.355901;0.0125489;0.943766 -0.158882 -0.289934 0.845543 0.0642479 0.948376 -0.310572 0.0141199 0.32431 0.27448 0.905253 -1.66328 0 0 0 1 
3394309160021;0.307009;0.0170639;0.991348 -0.120383 -0.0523216 0.637705 0.12919 0.965379 0.226613 -1.13943 0.0232297 -0.231412 0.972578 -0.266596 0 0 0 1 
3394309160022;0.159878;0.0150886;0.979422 -0.0353141 0.198709 -0.268755 0.0507164 0.996044 -0.0729626 -0.253395 -0.195347 0.081539 0.977339 1.28475 0 0 0 1 
3394309160023;0.179015;0.00997568;0.99538 -0.0432097 0.0857464 -0.156441 0.0451843 0.998753 -0.0212216 -0.328579 -0.0847225 0.024998 0.996091 0.146562 0 0 0 1 
3394309160024;0.448507;0.829635;0.901698 -0.430446 0.0406956 2.56846 0.428876 0.902384 0.0420406 -2.73429 -0.0548193 -0.0204545 0.998287 1.138 0 0 0 1 
3394309160025;0.259237;0.0175543;0.98683 0.161689 -0.00474504 -0.107018 -0.161325 0.985905 0.0443281 1.0479 0.0118455 -0.0429788 0.999006 -0.590011 0 0 0 1 
3394309160026;0.300277;0.0167323;0.994523 0.0817091 0.0651668 0.329796 -0.0779228 0.995231 -0.0586714 -0.0660826 -0.06965 0.0532721 0.996148 0.778979 0 0 0 1 
3394309160027;0.421694;0.656702;0.956573 -0.223755 -0.186821 2.12812 0.261451 0.941988 0.21048 -2.59562 0.128887 -0.250184 0.959581 -0.291828 0 0 0 1 
3394309160028;0.443835;0.0131358;0.92459 0.108411 0.365214 -0.0783908 0.00425646 0.955656 -0.294456 0.796694 -0.380941 0.273806 0.883128 2.34131 0 0 0 1 
3394309160029;0.512116;0.014768;0.998927 -0.0228134 0.0402976 0.284893 0.0355179 0.935834 -0.350647 0.479087 -0.0297124 0.351702 0.93564 -0.628937 0 0 0 1 
3394309160031;0.426851;0.37892;0.967715 -0.195788 -0.158729 1.08734 0.214936 0.969955 0.113977 -0.703624 0.131645 -0.144414 0.980721 -0.796165 0 0 0 1 
3394309160032;0.353703;0.109339;0.921599 -0.373171 -0.106761 0.187636 0.375534 0.926806 0.00219479 -0.0181034 0.098128 -0.0421152 0.994282 -0.0947202 0 0 0 1 
3394309160033;0.139215;0.017617;0.99403 -0.0276438 -0.10555 0.0475651 0.0228326 0.998656 -0.0465222 -0.190783 0.106694 0.0438344 0.993325 0.131646 0 0 0 1 
3394309160034;0.389775;0.0191302;0.928098 0.371027 -0.0311958 -0.283704 -0.368768 0.927542 0.0606287 0.366517 0.0514303 -0.0447654 0.997673 -0.539455 0 0 0 1 
3394309160035;0.19696;0.0108918;0.977178 0.171657 -0.125129 0.0769831 -0.18591 0.976067 -0.112834 0.447361 0.102766 0.133522 0.985703 -0.0772525 0 0 0 1 
3394309160036;0.370886;0.0195503;0.937332 -0.346515 -0.0365575 -0.27522 0.345923 0.912847 0.216905 -0.454198 -0.0417895 -0.215958 0.975508 0.376862 0 0 0 1 
3394309160037;0.384635;0.0139566;0.912246 -0.251893 0.323044 -0.245442 0.188159 0.958144 0.215769 -0.793372 -0.363873 -0.13605 0.921459 0.0810846 0 0 0 1 
3394309160038;0.368064;0.0183507;0.948902 0.315234 -0.0145666 -0.631508 -0.315185 0.944451 -0.0931218 0.64703 -0.0155977 0.0929547 0.995548 -0.0137207 0 0 0 1 
3394309160039;0.0746977;0.0121586;0.999545 0.00621124 0.0295023 -0.128971 -0.00642196 0.999955 0.00705306 -0.0222378 -0.0294572 -0.00723932 0.99954 -0.107516 0 0 0 1 
3394309160040;0.279481;0.0153526;0.928536 -0.329668 0.170704 0.099723 0.311428 0.941987 0.125193 -0.555742 -0.202073 -0.0630841 0.977337 0.392983 0 0 0 1 
3394309160041;0.389623;0.0380226;0.895263 -0.445397 -0.0111765 0.631941 0.444864 0.892249 0.077378 -0.64215 -0.0244917 -0.0742457 0.996939 -0.00974061 0 0 0 1 
3394309160042;0.283783;0.0199285;0.986039 -0.166336 0.00774064 -0.457981 0.166343 0.986068 -0.000227042 -0.0997314 -0.00759503 0.00151147 0.99997 -0.335936 0 0 0 1 
3394309160043;0.314339;0.0140738;0.998391 0.056595 0.00363387 0.209517 -0.0562496 0.980062 0.190563 -0.0795728 0.00722346 -0.19046 0.981668 0.66967 0 0 0 1 
3394309160044;0.531805;0.0179829;0.89105 0.432113 -0.138953 -0.51721 -0.416689 0.900119 0.12711 0.710945 0.18 -0.055361 0.982108 0.480345 0 0 0 1 
3394309160045;0.395186;0.407909;0.989198 0.0814445 0.121879 -0.293609 -0.072411 0.994413 -0.0768034 -0.171735 -0.127453 0.0671483 0.989569 0.166996 0 0 0 1 
3394309160046;0.217132;0.0165896;0.99006 -0.140644 0.00025991 0.186664 0.140633 0.989997 0.0113254 -0.609379 -0.00185017 -0.0111763 0.999936 0.141021 0 0 0 1 
3394309160047;0.371665;0.0116046;0.975724 -0.152798 0.156893 -0.0732483 0.168324 0.981532 -0.090899 0.0960395 -0.140106 0.115101 0.983424 -0.588494 0 0 0 1 
3394309160048;0.441321;0.0656813;0.905757 0.339147 0.254133 -0.508823 -0.283325 0.930534 -0.23202 0.701387 -0.315169 0.138152 0.938926 0.766057 0 0 0 1 
3394309160049;0.529697;0.355147;0.967537 -0.244898 -0.0624198 0.208301 0.250018 0.963581 0.0948822 -0.690296 0.0369101 -0.107408 0.99353 0.018197 0 0 0 1 
3394309160050;0.242722;0.0128822;0.984214 -0.122393 0.127837 -0.0142016 0.123146 0.992387 0.0020313 -0.200375 -0.127112 0.0137433 0.991793 0.684329 0 0 0 1 
3394309160051;0.288745;0.0143439;0.976689 -0.0174521 0.213947 -0.219187 -0.00500894 0.994565 0.103995 -0.0740761 -0.214599 -0.102643 0.971294 0.87702 0 0 0 1 
3394309160052;0.346607;0.0169648;0.995817 0.0898595 0.0165516 0.0605273 -0.0900252 0.995894 0.00955459 0.011408 -0.0156251 -0.0110047 0.999817 -0.794833 0 0 0 1 
3394309160053;0.177457;0.0136795;0.992962 -0.00601082 0.118277 -0.323844 0.00602914 0.999982 0.000202936 -0.214614 -0.118276 0.000511601 0.992981 0.397309 0 0 0 1 
3394309160054;0.393365;0.0150488;0.997781 -0.0372617 -0.055186 0.645055 0.0464715 0.983232 0.176338 -0.69101 0.04769 -0.178511 0.982781 0.440582 0 0 0 1 
3394309160055;0.395101;0.0145993;0.998416 -0.0545774 0.0136475 0.72164 0.0554835 0.995372 -0.0784649 0.186474 -0.00930188 0.0790979 0.996823 -0.541971 0 0 0 1 
3394309160056;0.394726;0.0132731;0.98495 0.172214 0.014707 -0.60114 -0.172423 0.973094 0.152837 0.433057 0.0120094 -0.153073 0.988142 -0.478521 0 0 0 1 
3394309160057;0.649395;0.0167404;0.928911 0.364164 0.0671459 -0.98737 -0.329984 0.896329 -0.296149 1.36937 -0.168032 0.252939 0.952779 0.520984 0 0 0 1 
3394309160058;0.444142;0.0215176;0.974192 0.225431 0.0114702 -0.361418 -0.224563 0.97308 -0.0518414 0.643431 -0.022848 0.0479277 0.998589 0.876288 0 0 0 1 
3394309160059;0.406193;0.390877;0.98321 -0.00113789 0.182476 0.397593 0.00799481 0.999289 -0.036846 -0.589341 -0.182304 0.0376862 0.98252 0.692347 0 0 0 1 
3394309160060;0.43448;0.061087;0.91169 0.409458 -0.0341256 -0.0111254 -0.40939 0.89819 -0.160172 0.747356 -0.0349326 0.159998 0.986499 -0.494629 0 0 0 1 
3394309160062;0.235158;0.012462;0.951087 -0.264335 0.15988 0.472924 0.279037 0.957153 -0.077432 -6.12826 -0.132562 0.118257 0.984095 2.96479 0 0 0 1 
3394309160063;0.42419;0.0312282;0.97666 0.21457 -0.00976155 0.739652 -0.214305 0.976497 0.0229586 4.41926 0.0144584 -0.0203308 0.999689 0.657479 0 0 0 1 
3394309160064;0.439802;0.993915;0.895975 0.399995 0.192959 -0.632677 -0.405256 0.914109 -0.0131624 8.94933 -0.181651 -0.0664047 0.981118 3.71518 0 0 0 1 
3394309160065;0.350677;0.0261259;0.987604 0.0817516 0.134 0.252596 -0.0844599 0.996319 0.0146432 1.27818 -0.132309 -0.0257793 0.990873 2.20661 0 0 0 1 
3394309160066;0.242534;0.0203499;0.999377 0.0121061 -0.0331646 -0.170732 -0.0188278 0.977397 -0.210572 0.202455 0.0298658 0.211065 0.977016 -0.108767 0 0 0 1 
3394309160067;0.392633;0.249706;0.991728 0.106574 0.0715316 -0.35456 -0.101583 0.992353 -0.0701234 2.38822 -0.0784578 0.062277 0.99497 1.28049 0 0 0 1 
3394309160068;0.328762;0.0247805;0.989132 0.145775 0.0191528 0.222322 -0.147017 0.982196 0.116949 3.69565 -0.00176356 -0.118494 0.992953 -0.427579 0 0 0 1 
3394309160069;0.0998438;0.0180176;0.999802 0.0181318 -0.0082242 0.238189 -0.0181351 0.999835 -0.000328539 0.421406 0.00821689 0.000477621 0.999966 -0.257373 0 0 0 1 
3394309160070;0.429464;0.0363784;0.916993 0.288576 0.275405 1.39249 -0.349074 0.914645 0.203893 7.51531 -0.193059 -0.283105 0.939457 4.27671 0 0 0 1 
3394309160071;0.0989399;0.0230774;0.998513 0.0534885 -0.010519 0.0495712 -0.0534253 0.998553 0.00620256 1.14911 0.0108355 -0.00563136 0.999925 -0.426137 0 0 0 1 
3394309160072;0.334886;0.0150291;0.937268 -0.347906 -0.0221285 1.11346 0.344678 0.915323 0.208283 -7.95037 -0.0522081 -0.202844 0.977818 0.733982 0 0 0 1 
3394309160073;0.372916;0.0138914;0.989305 -0.145845 0.0020974 0.871571 0.145832 0.989296 0.00518709 -3.26851 -0.00283146 -0.00482575 0.999984 0.43355 0 0 0 1 
3394309160074;0.236373;0.0125358;0.983186 -0.178309 -0.0393906 0.320568 0.180747 0.980974 0.0708556 -4.07213 0.026007 -0.076784 0.996709 -1.05243 0 0 0 1 
3394309160075;0.259352;0.0177421;0.979458 0.077196 -0.186288 0.715582 -0.123902 0.959251 -0.253941 2.96977 0.159093 0.271806 0.94911 -3.2113 0 0 0 1 
3394309160076;0.21267;0.0331963;0.974691 0.170617 0.144451 0.406571 -0.157325 0.982572 -0.0989983 3.72949 -0.158825 0.073767 0.984547 3.6881 0 0 0 1 
3394309160077;0.259302;0.0274033;0.989793 0.136366 -0.0413995 0.219803 -0.141154 0.978087 -0.153043 3.18766 0.0196225 0.157325 0.987352 0.336039 0 0 0 1 
3394309160078;0.466153;0.0153784;0.883962 -0.420393 0.204649 1.70995 0.441632 0.894445 -0.0702055 -9.32418 -0.153534 0.152439 0.976314 4.25252 0 0 0 1 
3394309160079;0.423773;0.0112433;0.966887 -0.159974 0.198842 -0.298388 0.184121 0.976791 -0.109451 -3.84314 -0.176718 0.142437 0.973901 3.34177 0 0 0 1 
3394309160080;0.255153;0.0244892;0.992518 0.00706849 0.121892 0.0841643 0.0108693 0.989244 -0.14587 -0.027941 -0.121612 0.146103 0.981766 2.35191 0 0 0 1 
3394309160081;0.296072;0.0148288;0.997333 -0.0654899 0.0322303 0.360116 0.0655872 0.997845 -0.00197119 -0.798817 -0.0320318 0.00407983 0.999479 0.618209 0 0 0 1 
3394309160082;0.355531;0.0149724;0.906104 -0.415181 -0.081246 1.84349 0.410248 0.909213 -0.0709044 -8.88044 0.103308 0.0309158 0.994169 -2.22956 0 0 0 1 
3394309160083;0.180325;0.0119485;0.997367 -0.0716309 -0.0113411 -0.0312434 0.0724709 0.978448 0.193358 -1.95108 -0.00275372 -0.193671 0.981063 -0.0177378 0 0 0 1 
3394309160084;0.188147;0.0124861;0.998104 -0.0248757 -0.0562997 -0.0891308 0.0239214 0.99956 -0.0175612 -0.311276 0.0567118 0.0161811 0.998259 -1.57253 0 0 0 1 
3394309160085;0.149775;0.0268124;0.997256 0.0109333 0.0732209 -0.145959 -0.0229576 0.98595 0.165456 0.199793 -0.0703832 -0.166683 0.983495 1.36106 0 0 0 1 
3394309160086;0.360181;0.0153184;0.976536 0.0326586 -0.212862 1.30189 -0.0495298 0.995997 -0.0744134 1.24128 0.20958 0.0832104 0.974244 -3.66891 0 0 0 1 
3394309160087;0.069233;0.0122347;0.99658 -0.0807759 -0.0174044 0.0509563 0.0810497 0.996587 0.0156453 -1.79274 0.0160812 -0.0170024 0.999726 -0.346673 0 0 0 1 
3394309160088;0.334175;0.0110677;0.957432 -0.244376 0.153636 -0.25967 0.220966 0.962942 0.154648 -5.00343 -0.185735 -0.114117 0.975951 3.65287 0 0 0 1 
3394309160089;0.384231;0.0104036;0.967409 -0.217397 0.129841 0.0918206 0.205203 0.97349 0.101035 -4.91516 -0.148364 -0.0710983 0.986374 2.38207 0 0 0 1 
3394309160090;0.357505;0.0127162;0.94827 -0.29498 0.117346 0.747386 0.311273 0.936573 -0.161061 -6.22806 -0.0623934 0.189256 0.979943 1.9326 0 0 0 1 
3394309160091;0.460987;0.025912;0.971716 0.229288 0.056527 0.359693 -0.231701 0.971941 0.0405617 4.07883 -0.0456406 -0.0525118 0.997577 0.528501 0 0 0 1 
3394309160093;0.186714;0.0451377;0.981339 -0.0785327 -0.175517 0.463375 0.0836031 0.996263 0.0216716 -1.44447 0.173159 -0.035941 0.984238 -3.41119 0 0 0 1 
3394309160094;0.310812;0.0488981;0.985946 -0.129533 0.105504 0.333834 0.129829 0.991528 0.00408224 -1.72016 -0.105139 0.0096726 0.994411 1.98615 0 0 0 1 
3394309160095;0.222858;0.0472497;0.998597 -0.0370669 -0.0378066 0.202915 0.0364933 0.99921 -0.0157501 -0.736842 0.0383606 0.0143483 0.999161 -0.149118 0 0 0 1 
3394309160096;0.38163;0.0437763;0.995712 -0.0775085 -0.0505006 0.242246 0.0825707 0.990784 0.107375 -1.76555 0.0417127 -0.111084 0.992935 0.0325376 0 0 0 1 
3394309160097;0.257713;0.050982;0.999839 0.00519289 -0.0171514 -0.136454 -0.00500696 0.999928 0.0108659 0.121641 0.0172066 -0.0107783 0.999794 0.386584 0 0 0 1 
3394309160098;0.436886;0.251609;0.987024 0.156894 0.0341737 -0.295225 -0.153548 0.984482 -0.0849612 2.94431 -0.0469733 0.0786115 0.995798 0.861779 0 0 0 1 
3394309160099;0.352112;0.0530582;0.991035 0.09706 0.0918051 0.579856 -0.0790354 0.979956 -0.182862 1.98394 -0.107714 0.173967 0.978843 1.76542 0 0 0 1 
3394309160100;0.383134;0.0408258;0.996435 -0.0195003 -0.0820853 0.297018 0.0249752 0.997493 0.0662088 -0.392976 0.0805884 -0.0680228 0.994424 -0.532786 0 0 0 1 
3394309160101;0.349174;0.0490976;0.999837 0.00477447 0.0174261 -0.0141006 -0.000868407 0.976039 -0.217593 0.724538 -0.0180475 0.217542 0.975884 1.34803 0 0 0 1 
3394309160102;0.328612;0.0492338;0.989653 0.0959677 -0.106661 0.261324 -0.0828958 0.9892 0.12088 1.46176 0.11711 -0.110787 0.98692 -1.42249 0 0 0 1 
3394309160103;0.353684;0.0417692;0.997735 -0.00658165 0.0669415 -0.877389 0.00303928 0.998596 0.0528822 -0.202956 -0.0671956 -0.052559 0.996355 1.69788 0 0 0 1 
3394309160104;0.220681;0.0469011;0.979746 -0.142778 0.140398 -0.375416 0.13751 0.989404 0.0465852 -2.12611 -0.145562 -0.0263355 0.988999 2.55313 0 0 0 1 
3394309160105;0.408456;0.750848;0.927861 0.361507 0.0915754 -0.484782 -0.36844 0.926604 0.0752115 6.89662 -0.0576647 -0.103526 0.992954 1.50125 0 0 0 1 
3394309160106;0.441483;0.0445693;0.894717 -0.422109 0.145964 1.45647 0.373447 0.886289 0.273916 -7.25178 -0.244989 -0.190567 0.950613 4.68661 0 0 0 1 
3394309160107;0.532391;0.0406627;0.915278 -0.372807 -0.152579 2.05959 0.357263 0.926255 -0.120063 -6.30567 0.186088 0.0553804 0.980971 -3.80279 0 0 0 1 
3394309160108;0.223867;0.0505178;0.999981 0.00620535 0.000520621 -0.19705 -0.00621009 0.999934 0.00966162 0.0666239 -0.000460633 -0.00966467 0.999953 0.610249 0 0 0 1 
3394309160109;0.0784344;0.0373215;0.994567 -0.104014 -0.00411886 -0.0850533 0.104079 0.99434 0.0213563 -1.89412 0.00187419 -0.021669 0.999763 -0.0444647 0 0 0 1 
3394309160110;0.305364;0.0489398;0.985235 -0.16197 0.0554821 -0.357337 0.169532 0.968185 -0.184054 -2.89791 -0.0239058 0.190743 0.981349 1.36819 0 0 0 1 
3394309160111;0.289575;0.8799;0.946684 0.249577 0.203718 -0.842084 -0.232653 0.967029 -0.103572 4.37602 -0.22285 0.0506539 0.973536 4.36341 0 0 0 1 
3394309160112;0.386373;0.0403023;0.967871 -0.247458 0.0446222 0.122407 0.247042 0.968893 0.0146939 -4.58979 -0.0468703 -0.00319823 0.998896 1.7178 0 0 0 1 
3394309160113;0.347639;0.0539964;0.999312 0.0370727 0.000393194 -0.215503 -0.0370735 0.99931 0.00221618 0.972542 -0.000310763 -0.00222924 0.999997 0.907513 0 0 0 1 
3394309160114;0.578959;0.748655;0.888218 0.376442 0.263363 -0.900014 -0.372925 0.925565 -0.065244 6.49801 -0.26832 -0.0402636 0.962488 4.74801 0 0 0 1 
3394309160115;0.373208;0.0621517;0.996173 -0.0109691 0.0867081 -0.424195 0.0185999 0.995974 -0.0876941 -0.163358 -0.085397 0.0889712 0.992367 0.784818 0 0 0 1 
3394309160116;0.177223;0.051084;0.999605 -0.0279385 -0.00290937 0.19399 0.027913 0.999575 -0.00845236 -0.134087 0.00314428 0.00836781 0.99996 -0.118392 0 0 0 1 
3394309160117;0.448363;0.0442266;0.9784 -0.201574 -0.0458369 0.236209 0.181165 0.942896 -0.279511 -2.5609 0.0995616 0.265169 0.959048 -2.183 0 0 0 1 
3394309160118;0.307421;0.062165;0.954149 0.192183 0.229488 0.501383 -0.137348 0.96229 -0.234807 2.97945 -0.26596 0.192521 0.944564 4.95975 0 0 0 1 
3394309160119;0.336676;0.0463429;0.93185 -0.356273 -0.068735 0.949965 0.357376 0.933952 0.00405144 -6.35244 0.0627518 -0.0283396 0.997627 -0.709563 0 0 0 1 
3394309160120;0.390228;0.0470371;0.879969 -0.443351 0.17057 1.36633 0.458186 0.886933 -0.0584318 -8.0842 -0.125378 0.129571 0.983611 2.8162 0 0 0 1 
3394309160121;0.364275;0.0514071;0.933417 -0.106606 0.342591 0.258939 0.178446 0.966305 -0.185502 -2.51949 -0.311271 0.234285 0.920989 6.02241 0 0 0 1 
3394309160122;0.150012;0.0607785;0.982123 0.184165 -0.0389498 0.618115 -0.185142 0.982439 -0.0231431 3.30323 0.0340037 0.0299406 0.998973 -0.530964 0 0 0 1 
3394309160124;0.265891;0.0265324;0.970807 -0.228062 0.0743108 -0.104202 0.230105 0.972959 -0.0200838 -5.71702 -0.067721 0.0365968 0.997033 1.4565 0 0 0 1 
3394309160125;0.0924407;0.0437499;0.991078 0.022293 0.131403 0.00868502 -0.0309685 0.997447 0.0643525 0.673912 -0.129633 -0.0678477 0.989238 2.90388 0 0 0 1 
3394309160126;0.454214;0.0556979;0.918884 0.297382 -0.25926 3.1198 -0.299065 0.953631 0.0338926 7.50571 0.257317 0.0463921 0.965213 -5.77571 0 0 0 1 
3394309160127;0.391085;0.0457745;0.917035 0.395227 -0.0533128 2.14818 -0.381543 0.90837 0.171141 8.90934 0.116067 -0.136602 0.983803 -3.06638 0 0 0 1 
3394309160128;0.398984;0.0520402;0.939168 0.34153 0.0363379 1.26527 -0.332213 0.930171 -0.156257 8.22339 -0.0871668 0.134679 0.987048 2.12638 0 0 0 1 
3394309160129;0.0588853;0.0285386;0.99999 -0.00361256 0.00266474 -0.131665 0.00359747 0.999978 0.00564522 -0.165724 -0.00268508 -0.00563558 0.999981 0.197902 0 0 0 1 
3394309160130;0.354684;0.435119;0.985116 -0.128814 0.113813 0.2707 0.127856 0.991668 0.0157125 -3.88382 -0.114889 -0.000926893 0.993378 2.77361 0 0 0 1 
3394309160131;0.385569;0.0614548;0.886109 0.459085 0.0636509 2.94703 -0.459303 0.888198 -0.0120352 10.7365 -0.0620598 -0.0185705 0.9979 1.48894 0 0 0 1 
3394309160132;0.356548;0.0243102;0.905722 -0.420016 0.0570457 1.74057 0.42387 0.896968 -0.125631 -9.90905 0.00159885 0.137966 0.990436 0.149289 0 0 0 1 
3394309160133;0.361702;0.0321482;0.94944 -0.18446 -0.254044 1.49903 0.252357 0.929771 0.268033 -6.16795 0.186761 -0.318591 0.929312 -4.68316 0 0 0 1 
3394309160134;0.414145;0.0268355;0.977238 -0.210384 0.0272706 1.01121 0.211811 0.974815 -0.0698009 -4.6379 -0.0118988 0.0739883 0.997188 0.376225 0 0 0 1 
3394309160135;0.292331;0.0255433;0.99932 0.00762508 -0.036071 0.0582647 -0.00419341 0.995538 0.0942725 -0.355893 0.0366288 -0.0940572 0.994893 -1.56963 0 0 0 1 
3394309160136;0.443471;0.0492181;0.969851 0.243429 -0.0114452 0.894852 -0.243242 0.96984 0.0156296 5.93903 0.0149047 -0.0123744 0.999812 -1.1945 0 0 0 1 
3394309160137;0.250953;0.0293238;0.981959 -0.180918 -0.0549964 0.317627 0.185881 0.976927 0.105174 -4.50077 0.0346997 -0.113499 0.992932 -1.34392 0 0 0 1 
3394309160138;0.370395;0.030856;0.927249 -0.267398 -0.262121 1.78387 0.245694 0.962741 -0.112981 -5.31569 0.282565 0.0403597 0.958399 -6.05404 0 0 0 1 
3394309160139;0.0858104;0.0482683;0.997718 0.0671959 -0.00665784 0.0477678 -0.066466 0.99468 0.0787064 1.40057 0.0119112 -0.0780842 0.996876 -0.413402 0 0 0 1 
3394309160140;0.322515;0.026917;0.904069 -0.0526211 -0.424134 2.92496 0.0562862 0.998407 -0.00389181 -1.35378 0.423663 -0.0203544 0.905591 -9.98073 0 0 0 1 
3394309160141;0.361297;0.0491319;0.941049 0.338116 0.0101915 1.22614 -0.338259 0.94083 0.0204944 8.05718 -0.00265901 -0.0227336 0.999738 -0.0398161 0 0 0 1 
3394309160142;0.193657;0.044275;0.966168 0.0194433 0.257179 0.22161 -0.0302226 0.99882 0.0380272 0.658143 -0.256136 -0.0445133 0.965615 6.07963 0 0 0 1 
3394309160143;0.448915;0.0422949;0.972552 0.232399 -0.0115495 0.0405344 -0.231939 0.97221 0.0318087 5.06878 0.0186208 -0.0282569 0.999427 -0.790973 0 0 0 1 
3394309160144;0.382267;0.0275368;0.927101 -0.339656 -0.158485 0.97344 0.32618 0.93943 -0.105254 -8.06567 0.184636 0.0458864 0.981735 -4.45934 0 0 0 1 
3394309160145;0.390824;0.032727;0.910261 0.123441 -0.395206 2.81634 -0.211607 0.959142 -0.187801 5.24532 0.355877 0.254577 0.89919 -8.23703 0 0 0 1 
3394309160146;0.519843;0.0466059;0.987296 0.0477297 0.151552 0.106632 -0.0828443 0.96854 0.234664 1.69595 -0.135584 -0.244238 0.96019 4.06216 0 0 0 1 
3394309160147;0.314525;0.0256714;0.95399 -0.191549 -0.230678 0.686574 0.232954 0.957863 0.168018 -5.50497 0.188775 -0.214025 0.958414 -4.29778 0 0 0 1 
3394309160148;0.159477;0.0474712;0.996123 0.00360816 0.0878947 0.120927 -0.0127963 0.994474 0.104199 -0.0286274 -0.087033 -0.104919 0.990665 1.89123 0 0 0 1 
3394309160149;0.32406;0.393093;0.99796 -0.0629185 0.0108306 0.281835 0.0629787 0.998001 -0.00531527 -0.690519 -0.0104745 0.00598653 0.999927 0.33166 0 0 0 1 
3394309160150;0.0510986;0.0482531;0.998472 0.0520299 0.0186104 -0.0668332 -0.0521405 0.998625 0.00550421 1.21997 -0.0182984 -0.00646616 0.999812 0.467107 0 0 0 1 
3394309160151;0.610087;0.0303931;0.92704 -0.343637 -0.150035 2.54706 0.330681 0.937894 -0.104908 -7.37696 0.176767 0.0476401 0.983099 -3.81933 0 0 0 1 
3394309160152;0.362678;0.0462294;0.924009 0.286271 -0.253488 2.59563 -0.311893 0.947784 -0.0665452 7.4586 0.221202 0.140549 0.965047 -5.2907 0 0 0 1 
3394309160153;0.287468;0.0417616;0.957339 0.281749 -0.0641858 1.2239 -0.261201 0.938739 0.224819 5.72471 0.123596 -0.198463 0.972284 -2.9152 0 0 0 1 
3394309160155;0.447786;0.349056;0.97091 -0.226824 -0.076717 0.41671 0.235957 0.960822 0.145413 -2.11315 0.0407283 -0.159285 0.986392 -0.256808 0 0 0 1 
3394309160156;0.233355;0.0393317;0.926945 0.0687286 -0.368849 1.17669 -0.0581959 0.997519 0.0396198 0.506706 0.370657 -0.0152598 0.928644 -3.21127 0 0 0 1 
3394309160157;0.264959;0.0794449;0.975477 0.0352236 0.217264 -0.186764 -0.0843154 0.971613 0.22104 0.331831 -0.203311 -0.233938 0.950756 1.50858 0 0 0 1 
3394309160158;0.276214;0.0432399;0.985946 -0.163512 0.034257 0.051171 0.16379 0.98648 -0.00547032 -1.66408 -0.0328993 0.0110044 0.999398 -0.195513 0 0 0 1 
3394309160159;0.327677;0.0599069;0.999436 0.0277684 0.0188748 -0.311477 -0.0289716 0.997347 0.0667853 0.186469 -0.0169702 -0.0672945 0.997589 1.01455 0 0 0 1 
3394309160160;0.133668;0.0842788;0.985121 0.00192216 0.171852 -0.36384 0.00892338 0.998017 -0.0623149 0.0273929 -0.171631 0.0629213 0.98315 1.65516 0 0 0 1 
3394309160161;0.30505;0.855365;0.947833 0.318457 -0.014093 -1.89903 -0.318036 0.947725 0.0258865 3.08276 0.0216 -0.020054 0.999566 0.14911 0 0 0 1 
3394309160162;0.0502853;0.0517922;0.999939 -0.0095755 -0.00549466 -0.000745466 0.00956354 0.999952 -0.0021971 -0.155527 0.00551543 0.00214441 0.999982 0.0820674 0 0 0 1 
3394309160163;0.250016;0.0584817;0.99431 -0.0760541 -0.0745881 0.00247125 0.0927297 0.962576 0.254654 -1.29751 0.0524292 -0.260122 0.964151 -0.257982 0 0 0 1 
3394309160164;0.523579;0.982326;0.903027 0.428126 -0.0353745 -2.35871 -0.428347 0.903613 0.00145038 3.75075 0.0325858 0.0138428 0.999373 0.137472 0 0 0 1 
3394309160165;0.368871;0.837092;0.961629 0.271575 0.038936 -1.84615 -0.252595 0.931795 -0.260679 2.58374 -0.107074 0.240842 0.96464 1.79961 0 0 0 1 
3394309160166;0.306131;0.047832;0.99942 -0.0135592 -0.0312453 0.057907 0.0135245 0.999908 -0.00131945 -0.131087 0.0312603 0.000896104 0.999511 -0.986982 0 0 0 1 
3394309160167;0.598213;0.0362576;0.895002 -0.142132 -0.422812 2.02101 0.217863 0.966415 0.1363 -2.82812 0.389239 -0.214104 0.895909 -2.88753 0 0 0 1 
3394309160168;0.1742;0.0691526;0.999406 0.0337801 -0.00685874 -0.167699 -0.033778 0.999429 0.000426768 0.295037 0.00686924 -0.00019484 0.999976 0.461124 0 0 0 1 
3394309160169;0.457369;0.040372;0.942321 -0.331968 0.0427507 0.156864 0.330664 0.943106 0.0348204 -3.92354 -0.0518777 -0.0186758 0.998479 1.04249 0 0 0 1 
3394309160170;0.210774;0.0596026;0.9857 -0.104484 0.132203 -0.323909 0.125582 0.978618 -0.1629 -0.959419 -0.112356 0.177173 0.977745 0.962949 0 0 0 1 
3394309160171;0.312176;0.065763;0.979483 -0.198761 0.0332715 0.327547 0.18159 0.942074 0.281996 -2.0143 -0.087394 -0.270169 0.958838 0.731083 0 0 0 1 
3394309160172;0.347442;0.0413416;0.99105 -0.0575706 -0.120438 0.106912 0.0414488 0.99034 -0.132323 -0.363318 0.126892 0.126146 0.983863 -0.140619 0 0 0 1 
3394309160173;0.513361;0.374701;0.967777 -0.236211 0.0872469 0.446204 0.242931 0.967014 -0.0766083 -2.27797 -0.0662732 0.0953347 0.993237 0.531947 0 0 0 1 
3394309160174;0.158617;0.054056;0.997419 0.0481141 -0.0532985 -0.276891 -0.0542241 0.991309 -0.119857 0.627206 0.0470685 0.122437 0.991359 -0.10753 0 0 0 1 
3394309160175;0.423765;0.0610484;0.984915 -0.0388118 -0.168627 1.01211 0.0024269 0.977523 -0.210815 0.475843 0.173019 0.207226 0.962872 -1.5609 0 0 0 1 
3394309160176;0.19621;0.0689693;0.995574 -0.0408 0.0846638 -0.0617095 0.0373302 0.998413 0.0421702 -0.0930024 -0.08625 -0.0388231 0.995517 0.470557 0 0 0 1 
3394309160177;0.557777;0.0472007;0.955705 0.17803 -0.234379 0.519234 -0.0765569 0.919276 0.386097 0.287849 0.284196 -0.351051 0.892186 -1.46583 0 0 0 1 
3394309160178;0.217629;0.063744;0.999969 -0.00764361 -0.00193158 0.244154 0.00763664 0.999964 -0.00358868 -0.329738 0.00195894 0.00357382 0.999992 0.350704 0 0 0 1 
3394309160179;0.268847;0.363909;0.961054 -0.276321 0.00463794 0.712121 0.276143 0.960829 0.0235001 -2.89848 -0.0109498 -0.0213042 0.999713 0.068294 0 0 0 1 
3394309160180;0.363436;0.0692229;0.997325 -0.00710888 0.0727486 -0.190529 0.0114599 0.998158 -0.0595681 0.325845 -0.0721912 0.0602424 0.99557 1.63651 0 0 0 1 
3394309160181;0.481709;0.0382991;0.902708 -0.429991 -0.0150091 1.05303 0.429931 0.902833 -0.00720132 -3.99238 0.0166472 4.7827e-05 0.999861 0.655948 0 0 0 1 
3394309160182;0.293983;0.0426614;0.998146 -0.0479684 -0.0374642 -0.0460011 0.0476108 0.998812 -0.0103797 -0.940388 0.0379176 0.00857673 0.999244 0.270317 0 0 0 1 
3394309160183;0.436918;0.0428786;0.972629 -0.232213 0.00837782 0.431357 0.220984 0.935538 0.275562 -2.9852 -0.071827 -0.266168 0.961247 0.299861 0 0 0 1 
3394309160184;0.141133;0.0506825;0.999753 -0.0123684 -0.0184552 -0.409706 0.011931 0.99965 -0.0236216 -0.183786 0.0187409 0.0233956 0.999551 0.0787918 0 0 0 1 
3394309160186;0.458534;0.00892733;0.915027 0.402171 -0.0313692 2.09756 -0.403186 0.914275 -0.0392638 7.98487 0.0128894 0.0485751 0.998736 -0.908288 0 0 0 1 
3394309160187;0.388653;0.083128;0.889266 -0.457227 0.0122471 1.91953 0.456735 0.886238 -0.0773031 -8.94096 0.0244912 0.0743366 0.996932 -0.172574 0 0 0 1 
3394309160188;0.269366;0.0222912;0.986423 -0.164219 -0.00149393 0.217437 0.162303 0.973439 0.161473 -3.42113 -0.0250627 -0.159523 0.986876 0.792167 0 0 0 1 
3394309160189;0.483079;0.0138615;0.968349 -0.201124 -0.147813 1.00924 0.148829 0.940673 -0.304935 -2.01603 0.200374 0.273284 0.940833 -4.01775 0 0 0 1 
3394309160190;0.0786131;0.0101066;0.997922 0.0618368 -0.0181053 0.145453 -0.0619185 0.998073 -0.00398652 1.1634 0.0178239 0.00509929 0.999828 -0.467337 0 0 0 1 
3394309160191;0.461554;0.01742;0.949823 -0.312308 -0.0173262 0.829406 0.312635 0.949634 0.0213131 -6.88261 0.00979727 -0.0256604 0.999623 0.443261 0 0 0 1 
3394309160192;0.432023;0.0207182;0.987599 -0.0268829 -0.154679 1.15527 -0.0143838 0.965594 -0.259656 1.08324 0.156338 0.258661 0.953233 -2.434 0 0 0 1 
3394309160193;0.353577;0.00815482;0.952422 0.304784 0.00033207 1.48198 -0.304674 0.952107 -0.025824 5.97399 -0.00818689 0.0244942 0.999666 -0.407703 0 0 0 1 
3394309160194;0.352735;0.0117614;0.951872 -0.223526 0.209705 0.375337 0.144986 0.931192 0.334455 -3.55276 -0.270035 -0.287954 0.918784 5.05087 0 0 0 1 
3394309160195;0.362433;0.016121;0.901767 0.431765 0.0198958 2.27782 -0.431098 0.901785 -0.0306346 8.34892 -0.0311686 0.0190482 0.999333 0.432883 0 0 0 1 
3394309160196;0.182053;0.0146614;0.992979 -0.107306 0.0497781 -0.0167823 0.0985141 0.983125 0.154145 -2.30665 -0.0654788 -0.148159 0.986794 0.905212 0 0 0 1 
3394309160197;0.398636;0.00801711;0.920084 0.379887 -0.0955581 2.42712 -0.391446 0.900803 -0.187943 7.84892 0.0146817 0.21033 0.97752 0.524965 0 0 0 1 
3394309160198;0.114611;0.0201765;0.991448 -0.130355 -0.00624851 0.0789473 0.130352 0.991467 -0.000972829 -2.66088 0.006322 0.000150007 0.99998 -0.0488198 0 0 0 1 
3394309160199;0.260161;0.00725574;0.948976 0.314991 0.014992 1.29117 -0.31421 0.948518 -0.0398211 6.23859 -0.0267635 0.0330787 0.999094 0.592145 0 0 0 1 
3394309160200;0.239388;0.0168914;0.999068 -0.0320507 -0.0289094 0.0257006 0.0324419 0.999387 0.0131627 -0.724964 0.0284698 -0.0140883 0.999495 0.0674375 0 0 0 1 
3394309160201;0.340496;0.0105791;0.968936 -0.0745012 0.235825 0.624452 0.119243 0.976124 -0.181559 -1.6989 -0.216668 0.204039 0.954685 4.22518 0 0 0 1 
3394309160202;0.373558;0.0157607;0.986109 -0.08232 0.144262 -0.650208 0.0828188 0.996561 0.00255453 -1.40013 -0.143976 0.00942857 0.989536 2.189 0 0 0 1 
3394309160203;0.451354;0.344281;0.998688 0.0509868 0.004812 0.165369 -0.0500854 0.991983 -0.116022 1.35329 -0.010689 0.115629 0.993235 0.139132 0 0 0 1 
3394309160204;0.469117;0.03316;0.875967 0.482277 -0.00955778 2.77959 -0.48227 0.876017 0.0032227 9.38111 0.00992701 0.00178645 0.999949 -0.721493 0 0 0 1 
3394309160205;0.327235;0.0161812;0.978423 -0.198713 -0.0565752 0.739541 0.201364 0.978447 0.0457675 -4.40464 0.0462612 -0.0561722 0.997349 -1.29306 0 0 0 1 
3394309160206;0.165571;0.0146405;0.998333 -0.0112002 -0.056611 -0.0867964 0.0043775 0.992856 -0.119234 0.170182 0.057542 0.118788 0.991251 -0.664402 0 0 0 1 
3394309160207;0.420271;0.00973424;0.971079 0.108007 0.21293 0.479468 -0.118266 0.992329 0.0360077 2.17071 -0.207408 -0.0601489 0.976404 5.00256 0 0 0 1 
3394309160208;0.487381;0.0129417;0.924491 0.308703 -0.223648 1.3557 -0.251313 0.934706 0.251331 4.17601 0.286631 -0.176147 0.941708 -5.30687 0 0 0 1 
3394309160209;0.287731;0.0115792;0.99589 0.0700338 0.0574277 -0.112826 -0.0774935 0.987103 0.140079 1.47717 -0.0468767 -0.143954 0.988473 0.119828 0 0 0 1 
3394309160210;0.372686;0.0193179;0.950627 -0.307879 0.0389873 0.685937 0.310313 0.944581 -0.107113 -5.75926 -0.00384891 0.113923 0.993482 0.843302 0 0 0 1 
3394309160211;0.423056;0.052045;0.913884 -0.333012 -0.232205 1.94514 0.361839 0.927496 0.0939322 -7.20204 0.184089 -0.169864 0.968121 -3.19719 0 0 0 1 
3394309160212;0.468609;0.0165269;0.960434 -0.277709 0.0210808 1.15611 0.278066 0.960421 -0.0164606 -5.91382 -0.0156752 0.0216711 0.999642 0.939013 0 0 0 1 
3394309160213;0.266849;0.0165294;0.978496 -0.148401 0.143255 -0.284612 0.173844 0.967134 -0.185555 -3.0433 -0.11101 0.206469 0.972136 2.52211 0 0 0 1 
3394309160214;0.475344;0.394047;0.994297 -0.095251 0.0479749 0.308365 0.0987628 0.992119 -0.0771084 -1.97584 -0.0402521 0.0814068 0.995868 1.53542 0 0 0 1 
3394309160215;0.281079;0.0225128;0.8731 0.0818679 -0.480619 3.06112 -0.0545363 0.996014 0.070588 1.11688 0.484482 -0.0354192 0.874084 -9.43959 0 0 0 1 
3394309160217;0.276984;0.026751;0.999995 0.000785915 0.00302997 -0.626537 -0.000790351 0.999999 0.00146317 0.367864 -0.00302881 -0.00146556 0.999994 0.393916 0 0 0 1 
3394309160218;0.423487;0.961592;0.931847 0.194019 0.306624 -2.46082 -0.242731 0.961436 0.129316 2.68168 -0.26971 -0.19493 0.943005 3.21706 0 0 0 1 
3394309160219;0.217232;0.0587772;0.985646 0.161713 -0.0484816 0.365206 -0.168008 0.967758 -0.187662 2.52036 0.0165711 0.193114 0.981036 0.0942525 0 0 0 1 
3394309160220;0.375115;0.0351566;0.920962 0.183222 -0.343888 1.54274 -0.104027 0.966131 0.236156 0.576448 0.37551 -0.181717 0.90883 -5.22691 0 0 0 1 
3394309160221;0.326953;0.0489121;0.981233 0.182061 -0.0635288 -0.154594 -0.178686 0.98235 0.0553229 1.94868 0.0724797 -0.0429329 0.996445 -0.378688 0 0 0 1 
3394309160222;0.142051;0.0252628;0.999266 -0.0348176 0.0159885 -0.302684 0.0352642 0.99897 -0.0285526 -0.722138 -0.0149779 0.0290954 0.999464 0.336729 0 0 0 1 
3394309160223;0.261461;0.0606464;0.959012 0.274114 -0.0718238 0.233111 -0.27039 0.961036 0.05744 3.42784 0.0847704 -0.0356652 0.995762 -1.17508 0 0 0 1 
3394309160224;0.0854273;0.0489014;0.993543 0.112921 -0.0110476 0.0513729 -0.112813 0.993566 0.00996818 1.37193 0.0121022 -0.00865749 0.999889 -0.139031 0 0 0 1 
3394309160225;0.231107;0.0378727;0.999955 0.00161181 -0.00937653 -0.308262 -0.00143051 0.999813 0.0193102 0.542302 0.00940589 -0.0192959 0.99977 0.102751 0 0 0 1 
3394309160226;0.061528;0.0319047;0.999997 0.00245826 -0.000895303 -0.0730212 -0.00245842 0.999997 -0.00017789 0.0683391 0.000894863 0.00018009 1 -0.127126 0 0 0 1 
3394309160227;0.376137;1.16279;0.888883 0.455165 -0.0520781 -1.30012 -0.455748 0.890108 0.000765585 5.66665 0.0467036 0.023054 0.998643 -0.35085 0 0 0 1 
3394309160228;0.303595;0.0349637;0.96511 -0.250085 0.0775917 0.24574 0.261639 0.932809 -0.247815 -2.98863 -0.0104034 0.25947 0.965695 0.211974 0 0 0 1 
3394309160229;0.401686;0.0393563;0.930834 -0.316165 0.183273 1.00223 0.31998 0.94738 0.00916539 -3.65345 -0.176527 0.0501122 0.983019 2.47379 0 0 0 1 
3394309160230;0.10387;0.0648452;0.99142 0.126401 -0.0332908 -0.0126606 -0.127442 0.991354 -0.0312462 1.66588 0.0290534 0.0352208 0.998957 -0.320165 0 0 0 1 
3394309160231;0.26477;0.0536699;0.925428 -0.227235 0.303227 0.230488 0.190634 0.970789 0.145695 -2.77742 -0.327477 -0.0770244 0.941715 4.29534 0 0 0 1 
3394309160232;0.456423;0.0502345;0.870692 0.285448 -0.400518 2.74724 -0.283077 0.956788 0.0665155 3.88428 0.402197 0.0554628 0.913872 -5.51556 0 0 0 1 
3394309160233;0.155497;0.0442175;0.999198 0.0334863 0.0219617 -0.240522 -0.0340802 0.999048 0.0272513 0.384793 -0.0210283 -0.0279779 0.999387 0.662654 0 0 0 1 
3394309160234;0.449685;0.178533;0.99676 -0.0758734 0.0266799 0.270761 0.0770458 0.995963 -0.0460707 -0.881866 -0.0230767 0.047977 0.998582 -0.553928 0 0 0 1 
3394309160235;0.164832;0.0359389;0.973039 0.124083 -0.194418 0.27176 -0.113829 0.991494 0.063102 1.47892 0.200594 -0.0392704 0.978887 -2.54967 0 0 0 1 
3394309160236;0.330502;0.0634015;0.972015 0.225552 0.065681 0.0583493 -0.209706 0.959099 -0.190139 3.27947 -0.105881 0.171044 0.979558 1.91191 0 0 0 1 
3394309160237;0.197559;0.05331;0.999958 -0.00858031 0.00317916 0.185617 0.00855504 0.999932 0.00787953 0.136435 -0.00324655 -0.00785201 0.999964 -0.244511 0 0 0 1 
3394309160238;0.37956;0.0574132;0.982326 -0.1401 0.124131 0.747879 0.125324 0.984858 0.11979 -1.50837 -0.139034 -0.102116 0.985009 1.89334 0 0 0 1 
3394309160239;0.353533;0.034475;0.995531 -0.044729 0.0831695 -0.834316 0.0437168 0.998947 0.0139523 -0.404959 -0.0837059 -0.0102541 0.996438 0.50346 0 0 0 1 
3394309160240;0.540644;0.847109;0.936659 0.301092 0.178922 -1.91517 -0.219779 0.903034 -0.369089 4.09674 -0.272702 0.306387 0.912009 3.69812 0 0 0 1 
3394309160241;0.23847;0.804103;0.978533 0.0810574 0.189481 -1.696 -0.0922215 0.994439 0.0508499 1.05418 -0.184306 -0.0672326 0.980567 1.91795 0 0 0 1 
3394309160242;0.249114;0.0262616;0.9993 -0.0225745 0.0298277 -0.343968 0.0219726 0.999551 0.0203554 -0.285259 -0.0302738 -0.0196857 0.999348 -0.212114 0 0 0 1 
3394309160243;0.309141;0.052959;0.957434 0.163787 0.237683 -0.0688596 -0.117811 0.973453 -0.196241 1.91581 -0.263515 0.159886 0.951313 3.35764 0 0 0 1 
3394309160244;0.346424;0.0532873;0.999985 -0.00450584 -0.00316816 0.451157 0.00451555 0.999985 0.00306418 -0.438527 0.00315431 -0.00307844 0.99999 0.612282 0 0 0 1 
3394309160245;0.222213;0.0668391;0.982005 0.140451 0.126249 0.0244679 -0.146634 0.988339 0.0410515 1.98448 -0.119011 -0.0588252 0.991149 1.12177 0 0 0 1 
3394309160246;0.394505;1.0613;0.904414 0.423374 0.0528127 -1.84394 -0.42649 0.900555 0.0843035 5.49363 -0.0118689 -0.0987694 0.99504 0.0522351 0 0 0 1 
3394309160248;0.387346;0.351033;0.993211 0.103778 -0.052554 0.236767 -0.09628 0.986922 0.129287 1.86582 0.0652839 -0.123349 0.990214 -0.483866 0 0 0 1 
3394309160249;0.0790091;0.0205845;0.99606 -0.0884131 0.00687155 0.0331525 0.0884029 0.996083 0.0017792 -1.49815 -0.00700194 -0.00116473 0.999975 0.116159 0 0 0 1 
3394309160250;0.489213;0.0348747;0.931684 0.2679 -0.245347 1.71149 -0.22606 0.956248 0.185704 3.28748 0.284362 -0.117554 0.951483 -3.92971 0 0 0 1 
3394309160251;0.37181;0.0493973;0.88473 0.439825 -0.154293 2.28677 -0.400268 0.886545 0.231998 6.50346 0.238826 -0.143497 0.960401 -4.07541 0 0 0 1 
3394309160252;0.374908;0.0282463;0.932301 -0.361539 -0.0101639 1.26241 0.361584 0.932335 0.00292858 -6.40095 0.00841733 -0.00640542 0.999944 -0.411317 0 0 0 1 
3394309160253;0.217625;0.0322666;0.970695 -0.152931 0.185375 0.225647 0.161858 0.986231 -0.0339285 -2.61316 -0.177633 0.0629386 0.982082 3.49384 0 0 0 1 
3394309160254;0.306431;0.0262419;0.999752 -0.0222684 0.000208357 -0.748449 0.0222682 0.999752 0.000678443 -0.0475883 -0.000223413 -0.000673635 1 0.364136 0 0 0 1 
3394309160255;0.470321;0.0287605;0.972881 -0.227022 -0.04431 -0.348272 0.20021 0.922432 -0.330204 -2.479 0.115837 0.312378 0.942869 -1.75261 0 0 0 1 
3394309160256;0.293686;0.027264;0.999364 0.0309394 -0.0177264 -0.525655 -0.0306561 0.999401 0.016034 0.0288611 0.0182118 -0.0154804 0.999714 -0.0498399 0 0 0 1 
3394309160257;0.406176;0.0364105;0.988659 0.0718251 0.131886 -0.0320488 -0.0439351 0.978123 -0.203335 1.85893 -0.143605 0.195235 0.970186 3.05464 0 0 0 1 
3394309160258;0.344851;0.0434121;0.97016 0.0662863 0.233228 -0.130135 -0.0154658 0.976863 -0.213304 1.02256 -0.241971 0.203332 0.948739 4.39501 0 0 0 1 
3394309160259;0.414136;0.0126764;0.877863 -0.460798 -0.130467 2.1535 0.468484 0.882808 0.0342505 -8.21209 0.099395 -0.0911891 0.990861 -1.72993 0 0 0 1 
3394309160260;0.148826;0.030284;0.971272 0.0960222 -0.217738 0.848119 -0.0814496 0.993854 0.0749633 1.29505 0.223598 -0.0550751 0.973124 -3.91686 0 0 0 1 
3394309160261;0.341319;0.0185162;0.985597 -0.167491 -0.02333 0.321915 0.166493 0.985245 -0.0396404 -2.37153 0.0296252 0.0351852 0.998942 0.183835 0 0 0 1 
