#;prob_registration_l1 -r /home/probabilistic_point_clouds_registration/build/tester /home/point_clouds_registration_benchmark//devel/registration_pairs/long_office_household_local.txt /home/point_clouds_registration_benchmark//tum/long_office_household -s 0.1 -t 0.1 -p 0.3 -r 1000 -m 15 -i 40 
id;initial_error;final_error;transformation
26456013410000;0.652746;0.434141;0.815955 0.504772 -0.281822 0.472856 -0.524162 0.851584 0.00767509 -0.1385 0.243869 0.141458 0.959436 -0.334467 0 0 0 1 
26456013410001;1.0574;0.512615;0.95901 0.264283 -0.102247 0.19714 -0.244479 0.954091 0.173035 0.190126 0.143283 -0.140946 0.979594 1.09971 0 0 0 1 
26456013410002;0.577722;0.500529;0.955928 0.272702 -0.108789 0.37294 -0.246607 0.946851 0.206538 0.200689 0.15933 -0.170608 0.972372 0.69121 0 0 0 1 
26456013410003;1.10585;0.502562;0.967802 -0.245634 -0.0549846 0.36624 0.247011 0.968812 0.0197205 0.438286 0.0484257 -0.0326673 0.998292 -0.849434 0 0 0 1 
26456013410004;0.510854;0.503245;0.948397 0.275487 0.157001 0.23271 -0.314609 0.879294 0.357579 -0.3154 -0.0395417 -0.388521 0.920591 -0.201511 0 0 0 1 
26456013410005;0.315858;0.533905;0.986965 0.115984 -0.111572 0.434823 -0.107296 0.990925 0.0809659 0.274837 0.119951 -0.0679392 0.990452 -0.0785137 0 0 0 1 
26456013410006;0.127418;0.545379;0.950704 0.295012 -0.0955461 0.471264 -0.283879 0.951975 0.114699 -0.100701 0.124795 -0.081921 0.988795 0.166613 0 0 0 1 
26456013410007;0.936325;0.609784;0.968144 -0.157934 -0.194302 0.139282 0.166677 0.985573 0.0293981 0.445891 0.186856 -0.0608473 0.980501 0.739893 0 0 0 1 
26456013410008;0.859142;0.547668;0.980718 0.141386 -0.134918 0.437529 -0.125588 0.984894 0.119209 0.155523 0.149734 -0.0999663 0.98366 0.92773 0 0 0 1 
26456013410009;0.404949;0.503969;0.939568 0.250573 -0.233291 0.202223 -0.242175 0.968089 0.0644579 -0.088002 0.241998 -0.00406546 0.970268 0.436354 0 0 0 1 
26456013410010;0.333714;0.517671;0.958849 0.192025 -0.20913 0.332602 -0.203401 0.978501 -0.0341148 0.0363021 0.198083 0.0752482 0.977293 -0.122592 0 0 0 1 
26456013410011;0.463956;0.478459;0.994094 0.0878858 -0.0636723 0.42038 -0.0851119 0.995353 0.0450452 0.169408 0.0673352 -0.0393599 0.996954 -0.303788 0 0 0 1 
26456013410012;1.06761;0.461681;0.932676 0.143377 -0.330996 0.963928 -0.246688 0.923009 -0.295297 0.628081 0.263173 0.357069 0.896237 0.878598 0 0 0 1 
26456013410013;0.408963;0.488468;0.847925 0.524983 -0.0735907 0.444265 -0.519383 0.850507 0.0829415 -0.148735 0.106132 -0.0321064 0.993834 0.123278 0 0 0 1 
26456013410014;0.281798;0.463041;0.963339 0.253647 -0.0874082 0.274653 -0.241391 0.961655 0.130189 -0.158079 0.117079 -0.104317 0.987629 -0.0884519 0 0 0 1 
26456013410015;0.444148;0.506204;0.976357 0.09669 -0.193335 0.26036 -0.10612 0.993588 -0.039002 0.109552 0.188325 0.0585965 0.980357 0.418316 0 0 0 1 
26456013410016;0.631913;0.542162;0.852979 0.50648 0.126117 0.0905124 -0.521697 0.834765 0.176068 -0.0630038 -0.0161034 -0.215977 0.976266 0.620496 0 0 0 1 
26456013410017;0.712942;0.504264;0.968174 0.239307 -0.0732886 0.559953 -0.233898 0.969343 0.0752764 0.602187 0.0890559 -0.0557387 0.994466 0.353425 0 0 0 1 
26456013410018;0.599666;0.48921;0.88118 0.445707 0.157695 0.274773 -0.471653 0.851767 0.228116 -0.457004 -0.0326462 -0.275389 0.960778 -0.148775 0 0 0 1 
26456013410019;0.16999;0.49814;0.977284 0.198916 -0.0731319 0.372991 -0.185845 0.970208 0.155427 0.0633973 0.10187 -0.138305 0.985137 0.0378455 0 0 0 1 
26456013410020;0.966938;0.542773;0.953007 0.295121 -0.0684198 0.101238 -0.286904 0.951739 0.108988 -0.276599 0.0972825 -0.0842364 0.991686 -0.714607 0 0 0 1 
26456013410021;1.2145;0.599081;0.963846 -0.204871 -0.170378 -0.273575 0.22458 0.968712 0.105645 0.416438 0.143404 -0.140089 0.979699 -0.242403 0 0 0 1 
26456013410022;0.808376;0.537583;0.966293 -0.133666 -0.220025 -0.00193084 0.0818929 0.969849 -0.229536 0.619368 0.244072 0.203781 0.948104 -0.0717816 0 0 0 1 
26456013410023;0.310262;0.502711;0.879324 0.460414 -0.121692 0.122126 -0.455194 0.887687 0.0693568 -0.0722526 0.139957 -0.0055938 0.990142 0.284892 0 0 0 1 
26456013410024;0.290654;0.554834;0.917674 0.388092 -0.0852022 0.478709 -0.346496 0.88659 0.30643 -0.395957 0.194463 -0.251681 0.948072 0.216349 0 0 0 1 
26456013410025;0.115869;0.553585;0.941809 0.294109 -0.162775 0.366226 -0.264143 0.947007 0.182774 -0.0167179 0.207905 -0.129142 0.969586 0.331077 0 0 0 1 
26456013410026;0.438952;0.527518;0.996589 0.0824279 -0.00389801 0.239038 -0.0799317 0.975991 0.202612 -0.301623 0.0205053 -0.201609 0.979251 -0.0990967 0 0 0 1 
26456013410027;1.02893;0.418144;0.851799 0.515911 -0.0909644 0.450178 -0.501167 0.85307 0.145271 0.72697 0.152546 -0.0781529 0.985201 0.224436 0 0 0 1 
26456013410028;0.910665;0.611249;0.940194 0.291868 -0.175635 0.404793 -0.235505 0.929479 0.283912 0.172217 0.246114 -0.225569 0.942627 1.09675 0 0 0 1 
26456013410029;0.807992;0.464301;0.934889 0.218594 -0.279642 0.597615 -0.260675 0.957564 -0.12296 0.885514 0.240897 0.18785 0.952198 0.0159143 0 0 0 1 
26456013410031;0.378079;1.45279;-0.0726758 0.492037 -0.867536 0.876386 -0.87581 0.38466 0.291535 1.56306 0.477152 0.780984 0.402975 -0.133836 0 0 0 1 
26456013410032;0.347742;1.5127;-0.212047 0.324523 -0.921803 0.687704 -0.486987 0.782705 0.387577 1.1407 0.847278 0.531091 -0.00793167 -0.866278 0 0 0 1 
26456013410033;0.319289;1.42415;-0.0522308 0.380694 -0.923225 0.593008 -0.57388 0.745148 0.33973 1.07809 0.817272 0.547564 0.179553 -0.797796 0 0 0 1 
26456013410034;0.665788;1.01281;0.144929 0.685665 -0.713343 1.34741 -0.6002 0.634085 0.487541 0.499954 0.78661 0.35749 0.503433 -0.758832 0 0 0 1 
26456013410035;0.543286;1.43627;0.0784586 0.312726 -0.946597 0.866261 -0.51829 0.823909 0.229235 0.952512 0.851598 0.472627 0.226725 0.0879556 0 0 0 1 
26456013410036;0.569296;0.880421;0.80241 0.526566 -0.28083 0.136394 -0.563296 0.823691 -0.0650439 1.06244 0.197068 0.210382 0.957551 0.262102 0 0 0 1 
26456013410037;0.587068;1.4344;-0.155359 0.325997 -0.932518 0.925201 -0.802835 0.50837 0.311473 1.79335 0.575604 0.797048 0.182742 0.0306997 0 0 0 1 
26456013410038;0.163491;1.27339;0.195897 0.358313 -0.912818 0.702693 -0.652187 0.742746 0.15159 1.16505 0.732309 0.565632 0.379189 -0.42486 0 0 0 1 
26456013410039;0.298903;0.981514;0.342455 0.646294 -0.68193 0.372187 -0.725523 0.643067 0.245115 1.24422 0.596943 0.410815 0.689123 -0.239525 0 0 0 1 
26456013410040;0.421915;1.49849;-0.0475542 0.264731 -0.963149 0.882977 -0.876649 0.451115 0.167277 1.62508 0.478774 0.852299 0.210624 -0.118132 0 0 0 1 
26456013410041;0.740902;1.5124;-0.0391676 0.320331 -0.946496 1.60584 -0.29522 0.901228 0.317227 0.644236 0.954626 0.291849 0.059269 -0.397667 0 0 0 1 
26456013410042;0.386627;1.1477;0.253894 0.592418 -0.764577 0.908798 -0.688553 0.665857 0.287278 0.878852 0.679288 0.453514 0.576969 -0.131746 0 0 0 1 
26456013410043;0.418115;0.917706;0.616604 0.423288 -0.663797 0.259631 -0.598711 0.79963 -0.0462397 1.10015 0.511219 0.425934 0.746482 -0.14905 0 0 0 1 
26456013410044;0.401489;0.904803;0.669148 0.493163 -0.555905 0.22722 -0.360422 0.869562 0.337577 0.668644 0.649874 -0.025529 0.759613 -0.263278 0 0 0 1 
26456013410045;0.640918;1.55168;-0.087381 0.341766 -0.935714 0.496714 -0.505013 0.79446 0.337334 0.655711 0.858677 0.502024 0.103176 -0.967325 0 0 0 1 
26456013410046;0.387348;0.995936;0.380878 0.70702 -0.595865 0.27354 -0.730689 0.625053 0.274594 1.34787 0.566591 0.330805 0.754681 -0.117578 0 0 0 1 
26456013410047;0.681694;1.10267;0.381746 0.799045 -0.46454 0.655704 -0.494255 0.601186 0.627923 0.302777 0.781014 -0.0101061 0.624432 -0.808973 0 0 0 1 
26456013410048;0.200666;1.51343;-0.146088 0.346956 -0.926434 0.905596 -0.57836 0.729811 0.36452 1.0959 0.802594 0.589065 0.0940488 -0.466001 0 0 0 1 
26456013410049;0.634474;1.16091;0.464211 0.63421 -0.618292 0.792015 -0.766098 0.63784 0.0790777 1.1581 0.444523 0.436964 0.78196 0.041907 0 0 0 1 
26456013410050;0.211001;1.45555;0.104494 0.307939 -0.94565 0.537309 -0.592393 0.783039 0.189527 1.35214 0.798844 0.540392 0.264244 -0.560222 0 0 0 1 
26456013410051;0.550163;0.97161;0.522888 0.616297 -0.588869 0.956248 -0.391561 0.787298 0.47628 0.357802 0.757145 -0.0184627 0.652986 -0.530868 0 0 0 1 
26456013410052;0.551544;1.14863;0.244664 0.526782 -0.814027 1.2802 -0.595604 0.744129 0.302535 0.737243 0.765111 0.410819 0.495815 -0.648217 0 0 0 1 
26456013410053;0.345543;1.13901;0.209625 0.705733 -0.676756 0.779917 -0.820101 0.503794 0.271339 1.51316 0.532439 0.498129 0.68438 -0.364966 0 0 0 1 
26456013410054;0.546651;1.43618;0.024451 0.321309 -0.946659 0.773515 -0.849678 0.505616 0.149667 2.05055 0.526735 0.800695 0.285372 -0.905002 0 0 0 1 
26456013410055;0.267657;1.46855;-0.0916113 0.341336 -0.935466 1.01119 -0.642312 0.697611 0.317449 1.45398 0.760948 0.629943 0.155335 -0.343337 0 0 0 1 
26456013410056;0.595541;1.53489;0.259737 0.286479 -0.922207 1.0755 -0.612381 0.787269 0.0720858 1.28248 0.746677 0.546019 0.379917 -0.291802 0 0 0 1 
26456013410057;0.461018;1.56348;-0.162322 0.348657 -0.923087 1.16279 -0.729136 0.587931 0.350282 1.04549 0.66484 0.729914 0.158783 -0.425608 0 0 0 1 
26456013410058;0.576941;1.51667;-0.193989 0.447753 -0.87286 1.08201 -0.529494 0.701237 0.477392 0.445928 0.825836 0.554783 0.101051 -0.816525 0 0 0 1 
26456013410059;0.729412;1.49917;-0.265397 0.52077 -0.811395 1.11902 -0.76206 0.40223 0.50742 1.19506 0.590617 0.753 0.290107 0.18208 0 0 0 1 
26456013410060;0.670241;0.90444;0.528166 0.638238 -0.560083 0.394449 -0.385961 0.767956 0.511153 0.811283 0.756357 -0.0538036 0.651943 -0.862734 0 0 0 1 
26456013410062;0.727774;0.540704;0.961543 0.265436 -0.0705596 -0.467503 -0.253338 0.956382 0.145443 -0.363182 0.106088 -0.121974 0.986847 0.301863 0 0 0 1 
26456013410063;1.34575;0.191203;0.949993 0.0330947 0.310514 -0.316979 0.059958 0.956536 -0.285385 -0.47471 -0.306462 0.289731 0.906718 -0.190597 0 0 0 1 
26456013410064;0.325852;0.263226;0.996054 0.0193413 0.0866185 -0.0662712 -0.0304605 0.991183 0.128951 -0.200845 -0.0833607 -0.13108 0.987861 0.15365 0 0 0 1 
26456013410065;0.371368;0.768395;0.949876 -0.228438 -0.213428 -0.0151768 0.232732 0.972527 -0.00513223 0.0367086 0.208737 -0.0447965 0.976945 0.0508761 0 0 0 1 
26456013410066;1.03207;0.202647;0.985141 -0.0862882 -0.148497 -0.173839 0.0418271 0.959133 -0.279846 0.406069 0.166576 0.269476 0.948491 0.418042 0 0 0 1 
26456013410067;0.857765;1.31243;0.95978 -0.190791 0.205965 -0.564833 0.243873 0.930024 -0.274921 0.148703 -0.1391 0.314093 0.939147 0.172863 0 0 0 1 
26456013410068;1.01715;0.254888;0.99716 -0.0733332 0.0171532 -0.172159 0.0702129 0.987591 0.140481 -0.102198 -0.0272423 -0.138878 0.989935 0.608698 0 0 0 1 
26456013410069;0.211374;0.543712;0.957727 -0.215537 -0.190531 -0.0314822 0.215262 0.9763 -0.0223934 -0.0762038 0.190842 -0.0195672 0.981426 0.181938 0 0 0 1 
26456013410070;0.584191;0.535049;0.905681 -0.266403 -0.329804 0.316362 0.241547 0.96355 -0.115005 0.0300701 0.34842 0.0244944 0.937018 0.0351008 0 0 0 1 
26456013410071;0.0848378;0.196692;0.99995 -0.00976125 0.00226282 -0.0210814 0.0098827 0.99803 -0.0619479 -0.027419 -0.00165368 0.0619672 0.998077 -0.00838077 0 0 0 1 
26456013410072;0.345771;0.179406;0.985995 -0.00863036 -0.16655 0.0101404 0.042669 0.978476 0.201902 -0.315933 0.161223 -0.206181 0.965141 0.224638 0 0 0 1 
26456013410073;0.619828;0.267305;0.965715 0.0665571 0.250929 -0.231998 -0.0369782 0.991987 -0.120805 -0.104591 -0.256958 0.107384 0.960438 0.159424 0 0 0 1 
26456013410074;0.46439;0.209456;0.97681 -0.166073 -0.135135 -0.113023 0.141014 0.973945 -0.177611 0.16969 0.161111 0.154436 0.974778 0.121013 0 0 0 1 
26456013410075;1.52576;1.38456;0.956927 -0.290193 -0.00881126 -0.70377 0.289676 0.952309 0.0958964 -0.196358 -0.0194374 -0.0943183 0.995352 -0.735825 0 0 0 1 
26456013410076;0.479244;0.229118;0.99766 0.0313795 -0.0607477 -0.0822441 -0.0378477 0.993383 -0.108437 0.071974 0.056943 0.110482 0.992246 -0.197806 0 0 0 1 
26456013410077;0.704929;0.366593;0.970428 -0.230133 0.0728571 -0.427922 0.225775 0.972116 0.0633807 -0.275623 -0.0854115 -0.0450571 0.995326 0.117777 0 0 0 1 
26456013410078;0.365691;0.499274;0.995027 -0.0680487 -0.0727361 0.0514841 0.063312 0.995838 -0.065556 0.0146322 0.0768944 0.0606249 0.995194 0.0596813 0 0 0 1 
26456013410079;1.72117;1.36323;0.99541 -0.0908118 -0.0302171 0.0876156 0.0786763 0.956202 -0.281936 0.275921 0.0544968 0.278265 0.958957 0.49865 0 0 0 1 
26456013410080;1.76411;0.183534;0.99148 -0.122699 -0.0437388 -0.4829 0.123196 0.992343 0.00884191 0.754989 0.042319 -0.014155 0.999004 -0.0452076 0 0 0 1 
26456013410081;1.63412;0.248349;0.976129 0.0824776 0.200923 -0.14501 -0.0491519 0.984978 -0.165536 0.823722 -0.211558 0.151709 0.965519 -0.465548 0 0 0 1 
26456013410082;0.404515;0.625082;0.940679 0.0339558 -0.337594 0.0919677 0.0125573 0.990814 0.134648 0.0865288 0.339065 -0.1309 0.931612 0.12362 0 0 0 1 
26456013410083;1.34753;0.211563;0.997924 -0.0634608 -0.0109591 -0.245622 0.0637725 0.997485 0.030916 -0.574641 0.0089696 -0.0315507 0.999462 0.516522 0 0 0 1 
26456013410084;1.15281;0.28482;0.999919 -0.0120654 -0.00392819 0.119183 0.0124374 0.993276 0.115105 -0.666254 0.00251299 -0.115144 0.993346 0.410393 0 0 0 1 
26456013410085;0.50976;0.231775;0.99671 0.0373702 0.0719194 -0.0910698 -0.0255489 0.986984 -0.158775 0.131544 -0.0769168 0.156415 0.984692 -0.298571 0 0 0 1 
26456013410086;0.789041;0.410864;0.979745 -0.135389 -0.147545 0.0900256 0.118855 0.986151 -0.115668 0.0680133 0.161162 0.0957887 0.982268 -0.333146 0 0 0 1 
26456013410087;0.962758;0.333143;0.993686 0.103302 0.0437741 -0.140486 -0.0949316 0.982102 -0.162679 0.617259 -0.0597957 0.157496 0.985708 -0.0737648 0 0 0 1 
26456013410088;1.51292;1.11815;0.912839 -0.395066 -0.103188 -1.04631 0.391104 0.918578 -0.0570227 -0.370483 0.117314 0.0116955 0.993026 0.126935 0 0 0 1 
26456013410089;0.558558;0.235897;0.98848 -0.134165 -0.0700516 0.0117574 0.130601 0.990006 -0.0532063 -0.00502703 0.07649 0.0434445 0.996123 0.331103 0 0 0 1 
26456013410090;1.4132;0.219239;0.992281 -0.0247007 -0.121525 0.178902 0.0293386 0.998902 0.0365232 -0.0381445 0.12049 -0.0398067 0.991916 -0.66224 0 0 0 1 
26456013410091;1.21795;0.534497;0.974512 -0.174287 0.141249 -0.228 0.212016 0.921309 -0.325942 -0.0632399 -0.0733262 0.347581 0.934778 0.412926 0 0 0 1 
26456013410093;0.469907;0.418846;0.971158 -0.230913 0.0594299 -0.0681001 0.234916 0.969296 -0.0726575 0.51609 -0.0408277 0.084523 0.995585 -0.412934 0 0 0 1 
26456013410094;0.663694;0.161598;0.89293 0.168361 -0.417528 0.403997 -0.0702753 0.968197 0.240118 0.278909 0.444676 -0.185066 0.876364 0.0988834 0 0 0 1 
26456013410095;0.871627;0.242823;0.977326 0.189334 0.0947982 0.461874 -0.1897 0.981828 -0.00521926 0.345931 -0.0940637 -0.0128823 0.995483 -0.0322409 0 0 0 1 
26456013410096;0.802998;0.26242;0.997699 0.0549129 0.039777 -0.452683 -0.0562818 0.997831 0.0341548 0.299982 -0.0378152 -0.036315 0.998625 -0.485866 0 0 0 1 
26456013410097;0.47238;0.250311;0.905503 0.424314 -0.00476477 0.0285516 -0.423732 0.904748 0.0433908 0.197738 0.0227223 -0.0372715 0.999047 0.198942 0 0 0 1 
26456013410098;0.153152;0.183598;0.984193 0.109353 -0.139304 0.0878398 -0.104375 0.993627 0.0425686 0.1499 0.143072 -0.0273558 0.989334 0.0650298 0 0 0 1 
26456013410099;1.16156;0.340836;0.995507 -0.0381176 -0.0866731 -0.20935 0.0268904 0.991513 -0.127197 0.851585 0.090786 0.124295 0.988083 0.460267 0 0 0 1 
26456013410100;0.366643;0.167436;0.964783 0.248893 0.0851238 -0.0812577 -0.243349 0.967379 -0.0704241 0.133156 -0.0998751 0.0472292 0.993878 0.199326 0 0 0 1 
26456013410101;1.16745;0.183235;0.987964 0.15337 0.0201146 0.000348505 -0.154461 0.971211 0.181358 0.503262 0.00827921 -0.182282 0.983211 0.786189 0 0 0 1 
26456013410102;1.13408;0.260667;0.990732 -0.107973 -0.0824105 0.211968 0.112848 0.991978 0.0569693 -0.0132188 0.0755983 -0.0657412 0.994969 -0.879248 0 0 0 1 
26456013410103;0.393965;0.214352;0.993524 0.0686849 -0.0905098 -0.00831306 -0.0522972 0.98364 0.172387 -0.222168 0.100869 -0.166538 0.980862 -0.0732798 0 0 0 1 
26456013410104;1.01585;0.170472;0.95507 0.2946 0.0324347 -0.516538 -0.292577 0.919678 0.2619 0.205624 0.0473262 -0.259622 0.96455 -0.390361 0 0 0 1 
26456013410105;1.13047;0.438495;0.994855 -0.0575098 0.0834006 -0.0360932 0.0667573 0.991383 -0.112705 -0.143893 -0.0762003 0.117692 0.990122 0.462498 0 0 0 1 
26456013410106;0.197882;0.226284;0.950037 0.311134 0.0249942 -0.117698 -0.311908 0.949355 0.0379207 0.169951 -0.01193 -0.043822 0.998968 0.0158548 0 0 0 1 
26456013410107;0.85745;0.337361;0.956407 -0.286853 0.0547878 -0.231461 0.287401 0.957808 -0.00224365 -0.117611 -0.0518326 0.0178919 0.998495 -0.418664 0 0 0 1 
26456013410108;1.09003;0.30385;0.966958 0.108942 0.230485 -0.320109 -0.1204 0.992065 0.0362026 -0.52152 -0.224712 -0.0627567 0.972402 0.411306 0 0 0 1 
26456013410109;0.997601;0.24749;0.983273 0.181132 -0.0191122 0.155146 -0.182095 0.979883 -0.0816735 -0.421057 0.003934 0.0837875 0.996476 0.313 0 0 0 1 
26456013410110;1.0844;0.433938;0.915991 -0.0553253 0.397365 -0.921176 0.0490247 0.998459 0.0260059 0.231508 -0.398192 -0.00434044 0.917292 -0.575778 0 0 0 1 
26456013410111;0.414986;0.244746;0.989379 -0.142885 0.0267043 0.0210959 0.143074 0.924816 -0.352483 0.425463 0.0256678 0.35256 0.935437 0.0203829 0 0 0 1 
26456013410112;0.40276;0.214137;0.9939 0.0174095 0.108898 -0.133796 -0.0359356 0.984692 0.170558 -0.00198453 -0.104262 -0.173431 0.979312 -0.235378 0 0 0 1 
26456013410113;0.220143;0.262657;0.977774 0.205298 -0.0425472 0.0258422 -0.205699 0.978601 -0.00524321 0.209472 0.0405603 0.0138786 0.999081 0.0842195 0 0 0 1 
26456013410114;0.883586;0.315548;0.965309 -0.13753 0.221956 -0.544948 0.11762 0.987948 0.100619 -0.085078 -0.233119 -0.0710218 0.969851 0.382805 0 0 0 1 
26456013410115;0.901703;0.257204;0.997017 0.0181299 -0.0750245 -0.00572236 -0.00570568 0.986674 0.162609 0.178776 0.0769728 -0.161696 0.983834 0.721766 0 0 0 1 
26456013410116;0.0971774;0.226042;0.999569 0.0265962 -0.0123918 -0.0555455 -0.0262493 0.999281 0.027363 0.211595 0.0131106 -0.027026 0.999549 0.0102935 0 0 0 1 
26456013410117;0.308242;0.262255;0.998143 0.0608823 0.00216721 -0.00911682 -0.0608401 0.994357 0.0869062 0.23291 0.00313607 -0.0868766 0.996214 -0.184367 0 0 0 1 
26456013410118;0.617996;0.355776;0.937035 -0.248078 0.245809 -0.397556 0.233362 0.96842 0.0877743 0.272996 -0.259821 -0.0248852 0.965336 -0.324023 0 0 0 1 
26456013410119;0.836682;0.392923;0.989573 -0.141581 0.0264492 -0.0162072 0.138269 0.985253 0.10079 0.143877 -0.0403291 -0.0960818 0.994556 -0.700015 0 0 0 1 
26456013410120;1.27194;0.254637;0.997224 0.0558412 -0.0492619 0.517603 -0.0504278 0.993191 0.105015 0.299349 0.0547906 -0.102239 0.99325 -0.762907 0 0 0 1 
26456013410121;0.539915;0.359962;0.962702 -0.265368 -0.052761 0.271449 0.266205 0.963871 0.00938891 0.283162 0.0483633 -0.0230839 0.998563 -0.422744 0 0 0 1 
26456013410122;0.715537;0.292985;0.9966 0.0579914 -0.058523 0.229403 -0.0567364 0.998127 0.0228846 0.311426 0.0597405 -0.0194864 0.998024 -0.557152 0 0 0 1 
26456013410124;1.54152;0.16013;0.827723 0.54659 -0.126939 -0.51781 -0.55793 0.825808 -0.0821929 -0.442563 0.0599015 0.138856 0.988499 0.195712 0 0 0 1 
26456013410125;0.0901978;0.0843549;0.996137 0.0876629 -0.00507112 0.0908751 -0.0877399 0.995985 -0.0177442 -0.10634 0.00349525 0.0181206 0.99983 0.0100795 0 0 0 1 
26456013410126;2.04591;0.132996;0.952593 0.263952 -0.151316 0.151376 -0.261074 0.964533 0.03895 -0.107965 0.156231 0.00240123 0.987718 -0.6904 0 0 0 1 
26456013410127;0.892171;0.228206;0.996854 0.0525413 0.0593372 0.0615551 -0.0511958 0.998401 -0.0239741 0.423102 -0.060502 0.0208609 0.99795 -0.141026 0 0 0 1 
26456013410128;1.22747;0.178354;0.998709 0.0507715 -0.00147482 -0.125705 -0.0507923 0.998138 -0.0337766 0.0500699 -0.000242821 0.033808 0.999428 -0.568448 0 0 0 1 
26456013410129;0.476134;0.0998931;0.971147 0.128734 0.200751 -0.099689 -0.121728 0.991454 -0.0469164 -0.234504 -0.205075 0.0211258 0.978518 -0.120258 0 0 0 1 
26456013410130;2.09219;0.128019;0.973814 0.206315 0.0955032 0.230503 -0.202136 0.977995 -0.0516432 0.0943651 -0.104056 0.0309862 0.994089 0.755054 0 0 0 1 
26456013410131;1.46172;0.160835;0.996549 0.0821583 0.0118354 -0.282812 -0.0822995 0.996536 0.0119827 -0.220721 -0.0108099 -0.0129154 0.999858 0.590109 0 0 0 1 
26456013410132;0.769284;0.214196;0.990842 -0.0745112 0.112606 -0.217771 0.0530583 0.981729 0.182738 0.143093 -0.124165 -0.175089 0.976692 0.034031 0 0 0 1 
26456013410133;1.34603;0.134467;0.999611 -0.0188864 0.0205196 -0.0388874 0.0188972 0.999821 -0.000331137 0.391163 -0.0205097 0.000718772 0.999789 0.52473 0 0 0 1 
26456013410134;1.62064;0.335599;0.99234 -0.061774 0.10698 0.196371 0.063375 0.997922 -0.0116279 0.359986 -0.106039 0.0183187 0.994193 -0.807245 0 0 0 1 
26456013410135;0.477389;0.110182;0.993235 0.109878 0.0375623 0.0620359 -0.107127 0.991866 -0.0687372 0.0187954 -0.0448095 0.0642482 0.996927 -0.238301 0 0 0 1 
26456013410136;1.0412;0.158152;0.964621 -0.248046 -0.0893318 -0.560899 0.245039 0.968543 -0.0433615 0.58543 0.0972774 0.0199376 0.995058 0.372978 0 0 0 1 
26456013410137;1.90811;0.309903;0.996693 -0.0792456 0.0179794 -0.00332349 0.0799222 0.99597 -0.0406937 0.116503 -0.0146821 0.0419961 0.99901 0.889277 0 0 0 1 
26456013410138;0.964836;0.207485;0.959927 0.269472 -0.0769681 0.0437159 -0.27645 0.955569 -0.102285 -0.348912 0.0459853 0.119464 0.991773 0.59336 0 0 0 1 
26456013410139;1.47225;0.26716;0.929584 0.365952 -0.0441891 0.583147 -0.36861 0.922924 -0.111079 -0.762274 0.000133612 0.119546 0.992829 -0.232589 0 0 0 1 
26456013410140;1.16137;0.253047;0.993061 0.117604 0.000287145 0.300545 -0.1176 0.992998 0.0111504 -0.535303 0.0010262 -0.0111068 0.999938 0.194781 0 0 0 1 
26456013410141;0.944233;0.0801944;0.990865 0.134801 0.00391962 -0.0747552 -0.134788 0.990868 -0.00362016 -0.563686 -0.00437183 0.00305877 0.999986 -0.236263 0 0 0 1 
26456013410142;1.84842;0.143198;0.942718 0.183961 -0.278281 -0.691288 -0.247017 0.945602 -0.211704 -0.31997 0.224198 0.268317 0.936878 0.545047 0 0 0 1 
26456013410143;0.46443;0.0547534;0.957164 0.287359 0.0355371 0.0434985 -0.289539 0.950843 0.109838 -0.491428 -0.00222717 -0.115423 0.993314 0.116175 0 0 0 1 
26456013410144;0.759937;0.103735;0.973762 -0.0346183 -0.224919 -0.0445478 -0.0261698 0.96477 -0.261791 0.38382 0.226058 0.260809 0.93855 0.342817 0 0 0 1 
26456013410145;0.437138;0.293016;0.988895 -0.0174187 0.14759 -0.140495 -0.014099 0.977632 0.209849 0.0447006 -0.147944 -0.209599 0.96653 -0.280896 0 0 0 1 
26456013410146;1.81332;0.148044;0.997266 0.0735156 -0.00741847 -0.447892 -0.073533 0.997291 -0.00208978 0.0748934 0.00724474 0.00262957 0.99997 0.715995 0 0 0 1 
26456013410147;0.897776;0.175422;0.997847 0.0304904 0.0580655 0.28641 -0.0233634 0.992536 -0.119689 -0.0952335 -0.0612815 0.118075 0.991112 0.108318 0 0 0 1 
26456013410148;0.647101;0.252298;0.993294 -0.11297 -0.0245839 -0.16722 0.114714 0.989502 0.0879047 0.0582811 0.0143952 -0.0901353 0.995825 0.197057 0 0 0 1 
26456013410149;0.510162;0.0505935;0.900522 0.430165 -0.0633892 -0.0404005 -0.433114 0.90029 -0.0434674 -0.581179 0.0383705 0.0665981 0.997042 0.120788 0 0 0 1 
26456013410150;1.62937;0.184529;0.948252 -0.00738846 0.317433 -0.00421158 0.13176 0.918747 -0.372215 0.99055 -0.28889 0.394778 0.872177 -0.638993 0 0 0 1 
26456013410151;0.991097;0.180921;0.975493 -0.140103 0.16966 -0.393297 0.166018 0.974701 -0.149656 0.371053 -0.1444 0.174155 0.974073 -0.551104 0 0 0 1 
26456013410152;0.386143;0.13459;0.994888 0.0973981 -0.026664 0.0166296 -0.0981877 0.994713 -0.0301033 0.0141183 0.023591 0.0325674 0.999191 -0.100258 0 0 0 1 
26456013410153;1.24713;0.111753;0.923787 0.381033 0.0378417 -0.256526 -0.381832 0.924085 0.0164999 -0.293936 -0.028682 -0.0296915 0.999148 0.323173 0 0 0 1 
26456013410155;0.44177;0.144957;0.984564 0.159899 -0.0711703 -0.0197668 -0.171851 0.960247 -0.219985 -0.210536 0.0331657 0.22882 0.972904 0.0496423 0 0 0 1 
26456013410156;0.559197;0.384951;0.996921 -0.0747193 -0.0237648 -0.310379 0.0722018 0.993015 -0.0933206 0.0612522 0.0305717 0.0913174 0.995352 0.488411 0 0 0 1 
26456013410157;0.798739;0.565664;0.998026 0.0265917 -0.0568947 0.219922 -0.0268027 0.999636 -0.00294837 -0.273285 0.0567956 0.00446748 0.998376 -0.195815 0 0 0 1 
26456013410158;0.506235;0.164481;0.982798 0.1693 0.0737958 0.094418 -0.15362 0.971189 -0.182191 0.235713 -0.102515 0.167721 0.98049 -0.226299 0 0 0 1 
26456013410159;0.771683;0.268062;0.99905 0.0370459 -0.0229692 0.225771 -0.0412506 0.97381 -0.223592 0.626822 0.0140844 0.224327 0.974412 0.118878 0 0 0 1 
26456013410160;0.731372;0.620443;0.99859 -0.048803 -0.0208893 -0.228526 0.0475061 0.997149 -0.0586334 0.173394 0.0236912 0.0575584 0.998061 -0.553326 0 0 0 1 
26456013410161;0.152345;0.245603;0.997892 -0.00834538 0.0643599 -0.220357 0.0126588 0.997679 -0.0669072 -0.0152647 -0.0636521 0.0675809 0.995681 -0.177493 0 0 0 1 
26456013410162;0.843744;0.686278;0.910392 -0.0928891 -0.403184 0.0164206 0.0811018 0.995632 -0.0462539 0.488682 0.405719 0.00941027 0.913949 0.846444 0 0 0 1 
26456013410163;0.17304;0.267383;0.989185 -0.0700991 -0.128839 -0.0950907 0.0484564 0.985264 -0.164033 0.117896 0.138439 0.156016 0.978005 0.2048 0 0 0 1 
26456013410164;1.05704;0.268981;0.993321 -0.0591767 -0.0990524 -0.0580757 0.0612127 0.997969 0.0176413 -0.0874319 0.0978072 -0.0235867 0.994926 -0.874645 0 0 0 1 
26456013410165;1.01882;0.914752;0.991875 -0.0920733 -0.0877851 -0.528704 0.0990029 0.992013 0.0781516 0.505002 0.0798883 -0.0862076 0.993069 0.179507 0 0 0 1 
26456013410166;0.386158;0.288559;0.971508 -0.059915 -0.229308 0.164933 -0.022451 0.939903 -0.340702 0.431839 0.23594 0.336143 0.911779 0.131339 0 0 0 1 
26456013410167;0.362618;0.257954;0.996187 0.0121206 -0.0863954 -0.181585 0.0249339 0.909439 0.415089 -0.522091 0.0836025 -0.41566 0.905669 0.0752333 0 0 0 1 
26456013410168;0.272737;0.481415;0.953439 -0.0673761 -0.293962 -0.163188 0.068575 0.997626 -0.00623914 -0.213863 0.293685 -0.0142098 0.955797 0.13224 0 0 0 1 
26456013410169;0.677811;0.304393;0.997665 -0.0518495 -0.0444539 -0.243848 0.0516259 0.998647 -0.00616415 -0.322167 0.0447134 0.00385478 0.998992 0.502013 0 0 0 1 
26456013410170;0.704368;0.529825;0.999986 0.00437479 -0.00298585 -0.130726 -0.00431261 0.99978 0.0205253 -0.669178 0.00307499 -0.0205121 0.999785 0.110367 0 0 0 1 
26456013410171;1.02478;0.40497;0.965086 -0.128539 -0.228227 -0.337443 0.141256 0.989156 0.0402189 -0.0243221 0.220583 -0.0710531 0.972777 0.00283525 0 0 0 1 
26456013410172;0.366617;0.414346;0.959301 -0.0806215 -0.27063 -0.0990191 0.0979855 0.993867 0.051253 -0.0931889 0.264839 -0.0756849 0.961318 -0.0568044 0 0 0 1 
26456013410173;0.895873;0.122605;0.984362 0.173371 -0.0311983 -0.432127 -0.172539 0.984615 0.0276414 -0.621347 0.0355105 -0.0218263 0.999131 0.516873 0 0 0 1 
26456013410174;0.457447;0.26876;0.998849 -0.0471993 -0.00851838 -0.211547 0.0470002 0.998647 -0.0222335 0.163517 0.00955626 0.0218075 0.999717 0.0316133 0 0 0 1 
26456013410175;0.623034;0.280776;0.996468 -0.0481984 -0.0687596 -0.146516 0.0500051 0.998441 0.0248003 -0.0282209 0.067457 -0.0281511 0.997325 -0.507606 0 0 0 1 
26456013410176;0.235307;0.217726;0.989133 -0.054746 -0.136447 -0.118318 0.0529938 0.998459 -0.016444 0.0792551 0.137137 0.00903439 0.990511 0.0961887 0 0 0 1 
26456013410177;0.877512;0.386703;0.999513 0.0310289 0.0032821 0.0630306 -0.0310035 0.999491 -0.0075218 0.568527 -0.00351382 0.00741638 0.999966 0.0502541 0 0 0 1 
26456013410178;0.197683;0.305079;0.997701 -0.0516191 -0.043917 -0.306759 0.0513909 0.998659 -0.00630894 0.0689844 0.0441838 0.0040375 0.999015 -0.0409621 0 0 0 1 
26456013410179;0.15124;0.339251;0.997285 -0.0188217 0.0711933 -0.303833 0.00999668 0.992438 0.12234 -0.139154 -0.0729576 -0.121297 0.989931 0.0201642 0 0 0 1 
26456013410180;0.554153;0.584694;0.999896 0.00300072 0.0141203 -0.108948 -2.12309e-05 0.978461 -0.20643 0.307697 -0.0144356 0.206409 0.978359 -0.0118872 0 0 0 1 
26456013410181;0.475904;0.265315;0.999389 -0.0114005 0.0330354 -0.247824 0.000113748 0.94635 0.323144 -0.737934 -0.0349471 -0.322943 0.945773 -0.0532241 0 0 0 1 
26456013410182;0.72307;0.241777;0.995728 -0.0823955 0.0416785 -0.664028 0.0864108 0.990597 -0.106072 0.138811 -0.0325467 0.109221 0.993485 0.247468 0 0 0 1 
26456013410183;0.714484;0.188281;0.999101 0.0388849 0.0168726 -0.303175 -0.0295302 0.924085 -0.381045 0.100179 -0.0304087 0.380205 0.924402 0.44351 0 0 0 1 
26456013410184;0.435457;0.393179;0.999694 -0.011076 0.0221189 -0.100169 0.012371 0.998164 -0.0592957 0.210359 -0.0214215 0.0595512 0.997995 -0.185508 0 0 0 1 
26456013410186;2.57906;1.6517;0.931193 0.303869 -0.201355 -0.0134634 -0.291786 0.952433 0.0879317 -1.01388 0.218497 -0.0231288 0.975564 -0.113216 0 0 0 1 
26456013410187;0.634766;1.0832;0.726825 -0.673908 0.132564 0.249232 0.686015 0.702965 -0.18768 1.42768 0.0332912 0.227351 0.973244 -0.185818 0 0 0 1 
26456013410188;1.09866;1.05123;0.963351 0.154536 -0.219254 0.426131 -0.0664683 0.929406 0.363025 -0.462204 0.259877 -0.335147 0.905616 0.253013 0 0 0 1 
26456013410189;0.60767;1.01204;0.910769 -0.403849 -0.0860548 0.270894 0.397335 0.913868 -0.0834828 0.755414 0.112357 0.0418409 0.992787 0.0757352 0 0 0 1 
26456013410190;1.29465;1.48105;0.756454 -0.652798 -0.0403967 0.404306 0.651464 0.757512 -0.042074 1.33893 0.0580668 0.00551006 0.998297 0.440007 0 0 0 1 
26456013410191;1.28532;1.55985;0.827515 -0.54805 0.121903 0.25611 0.55883 0.824939 -0.0847582 0.695645 -0.0541112 0.138262 0.988916 -0.417502 0 0 0 1 
26456013410192;1.88351;1.04337;0.963658 -0.248279 0.0985944 0.70948 0.246779 0.968686 0.027328 0.884827 -0.102292 -0.0020038 0.994752 0.165489 0 0 0 1 
26456013410193;1.11745;0.995209;0.853959 -0.503571 -0.131036 0.205889 0.506653 0.862079 -0.011125 1.00001 0.118566 -0.0568897 0.991315 -0.142987 0 0 0 1 
26456013410194;2.37375;1.41685;0.658837 -0.739092 0.140273 0.848088 0.750378 0.658912 -0.0526079 1.01669 -0.0535452 0.139917 0.988714 -0.520316 0 0 0 1 
26456013410195;1.70586;1.24183;0.744342 -0.664322 0.0680479 0.382305 0.666209 0.73168 -0.144258 1.33783 0.0460445 0.152711 0.987198 -0.610732 0 0 0 1 
26456013410196;0.514644;1.44037;0.79112 -0.611097 0.0262727 0.471233 0.608283 0.790532 0.0710699 0.987681 -0.0642 -0.0402436 0.997125 0.0788095 0 0 0 1 
26456013410197;2.7645;2.60644;0.763884 -0.630041 0.139748 -0.454781 0.622352 0.776477 0.0988023 1.08457 -0.170761 0.0114992 0.985245 -0.0882087 0 0 0 1 
26456013410198;2.3433;1.35071;0.719882 -0.693823 -0.0194977 0.944285 0.693617 0.720145 -0.0169587 0.734593 0.0258075 -0.00131566 0.999666 0.158158 0 0 0 1 
26456013410199;2.04036;1.16437;0.825616 -0.541247 -0.159407 0.760017 0.522436 0.840025 -0.146349 1.01575 0.213117 0.0375485 0.976305 -0.401466 0 0 0 1 
26456013410200;2.25828;2.12148;0.846558 -0.344546 0.405744 -0.0981364 0.484459 0.814535 -0.319112 1.02664 -0.220544 0.466713 0.856469 -0.415569 0 0 0 1 
26456013410201;2.32984;1.04166;0.673672 -0.706654 0.216347 -0.617004 0.721861 0.691929 0.0122804 1.56284 -0.158375 0.147899 0.976239 -0.598218 0 0 0 1 
26456013410202;0.574695;1.44725;0.754479 -0.652762 0.0682909 0.210313 0.653695 0.756682 0.0107423 1.15472 -0.0586866 0.0365366 0.997608 0.00634013 0 0 0 1 
26456013410203;2.04835;1.41319;0.962308 -0.209288 0.17367 0.724101 0.135941 0.92325 0.359345 -0.474737 -0.235548 -0.322192 0.916902 0.105277 0 0 0 1 
26456013410204;0.669991;1.06778;0.999156 0.0357448 0.0202444 0.367149 -0.040147 0.954074 0.296868 -0.225064 -0.00870313 -0.29743 0.954704 -0.0686595 0 0 0 1 
26456013410205;0.908947;1.49792;0.790559 -0.60825 0.0710534 0.120213 0.609449 0.792803 0.00586699 1.25001 -0.0599 0.0386653 0.997455 -0.183969 0 0 0 1 
26456013410206;1.79634;2.02857;0.992748 -0.0586481 -0.104935 0.267883 0.0848002 0.960371 0.265511 -0.287057 0.0852047 -0.272484 0.95838 0.0999615 0 0 0 1 
26456013410207;0.232642;1.24002;0.808805 -0.587215 -0.0318234 0.356933 0.587862 0.808787 0.0167819 0.999353 0.0158838 -0.032281 0.999353 -0.0198697 0 0 0 1 
26456013410208;2.37807;1.26092;0.858126 -0.471669 0.202848 0.0847237 0.512597 0.809634 -0.285898 1.3055 -0.0293831 0.349316 0.936544 -0.952877 0 0 0 1 
26456013410209;2.64335;0.851529;0.556749 -0.822316 0.117593 0.535289 0.807254 0.568981 0.156849 0.937777 -0.195888 0.00760153 0.980597 -0.573003 0 0 0 1 
26456013410210;2.26073;1.29111;0.671068 -0.741148 -0.0191692 -0.112815 0.738322 0.670414 -0.0736657 1.4396 0.0674485 0.0352816 0.997099 -0.562296 0 0 0 1 
26456013410211;1.42407;1.29438;0.693791 -0.70256 0.158314 -0.584734 0.706163 0.706805 0.0419672 1.53163 -0.141382 0.0826792 0.986496 -0.428904 0 0 0 1 
26456013410212;1.48789;1.41673;0.925956 -0.166433 -0.338978 0.276186 0.192529 0.980277 0.0446113 0.201734 0.324868 -0.106571 0.939736 0.286173 0 0 0 1 
26456013410213;1.60061;1.42469;0.57005 -0.799176 0.190683 -0.868983 0.818004 0.530333 -0.222746 2.06203 0.076888 0.282956 0.956046 0.0108659 0 0 0 1 
26456013410214;1.7042;1.30676;0.750053 -0.660469 -0.0346627 -0.146054 0.652528 0.747545 -0.124034 1.50578 0.107833 0.0704138 0.991672 0.442862 0 0 0 1 
26456013410215;0.754244;0.179334;0.949505 -0.293462 0.110999 0.179035 0.307844 0.939707 -0.148938 0.682396 -0.0605987 0.175587 0.982597 -0.314899 0 0 0 1 
26456013410217;1.32332;1.93319;0.803789 0.594073 0.031628 -0.371807 -0.592286 0.794116 0.136297 -0.458802 0.0558539 -0.128287 0.990163 -0.0857882 0 0 0 1 
26456013410218;1.34012;1.78106;0.97562 0.0915445 -0.199461 -0.000481675 -0.0410983 0.96898 0.243699 -0.29065 0.215583 -0.22956 0.949119 0.162994 0 0 0 1 
26456013410219;0.65608;0.479426;0.94225 0.322234 0.0912742 -0.278079 -0.323407 0.946258 -0.00204146 -0.190502 -0.0870267 -0.0275952 0.995824 -0.0785794 0 0 0 1 
26456013410220;1.46371;0.767217;0.913212 -0.363291 0.184564 -0.116971 0.370634 0.928762 -0.00572405 0.801422 -0.169336 0.0736328 0.982804 -0.143792 0 0 0 1 
26456013410221;1.60635;1.89765;0.84694 -0.38088 -0.370976 0.208325 0.324799 0.92304 -0.206162 0.458811 0.420948 0.0541145 0.905469 0.352812 0 0 0 1 
26456013410222;2.32392;0.469497;0.986359 -0.124744 0.107401 0.0354866 0.156996 0.909047 -0.385987 0.147881 -0.0494832 0.397584 0.916231 -0.99656 0 0 0 1 
26456013410223;1.20647;1.0257;0.993104 0.106157 -0.0497509 0.0265354 -0.096641 0.981512 0.165213 0.0481853 0.0663696 -0.159266 0.985002 0.146492 0 0 0 1 
26456013410224;0.781646;0.0762521;0.945317 0.1576 0.285547 -0.389005 -0.211488 0.962692 0.168809 -0.207963 -0.24829 -0.219968 0.94338 -0.36062 0 0 0 1 
26456013410225;1.91639;0.871078;0.968229 -0.186335 0.166768 -0.330467 0.120479 0.931995 0.341862 -0.411096 -0.219128 -0.310908 0.924835 -0.700932 0 0 0 1 
26456013410226;0.740714;0.579961;0.97368 0.227477 0.0142139 -0.101846 -0.226736 0.973084 -0.0412082 0.0124141 -0.0232052 0.0369008 0.999049 -0.0287171 0 0 0 1 
26456013410227;0.854149;0.836787;0.999945 -0.0105118 0.00010176 0.0178665 0.0105071 0.999703 0.0219846 -0.0997976 -0.000332828 -0.0219823 0.999758 0.023753 0 0 0 1 
26456013410228;0.477964;0.083836;0.966849 -0.10428 -0.233084 0.226021 0.0510517 0.973322 -0.22369 0.308217 0.250193 0.204376 0.94638 0.049157 0 0 0 1 
26456013410229;0.488387;0.072129;0.89513 -0.207073 -0.394795 0.377831 0.265937 0.958781 0.10008 0.0117925 0.357798 -0.194575 0.913302 0.352451 0 0 0 1 
26456013410230;0.907029;0.106239;0.995449 0.0900828 0.0310811 -0.0648294 -0.0922678 0.992672 0.0780256 0.0623751 -0.0238246 -0.0805383 0.996467 -0.267511 0 0 0 1 
26456013410231;2.37848;0.108136;0.972967 -0.149152 -0.176319 0.318528 0.20427 0.91199 0.355736 -0.473947 0.107742 -0.382136 0.917804 -0.608408 0 0 0 1 
26456013410232;0.758672;0.507267;0.997219 0.0676315 0.0313024 -0.0295458 -0.069178 0.996285 0.0512828 -0.123272 -0.0277177 -0.0533057 0.998193 -0.192891 0 0 0 1 
26456013410233;0.876115;0.103937;0.99865 -0.050344 -0.0127771 0.0304077 0.0509311 0.997411 0.0507707 0.33593 0.0101881 -0.051353 0.998629 0.0875503 0 0 0 1 
26456013410234;0.436918;0.0996307;0.985708 0.164003 0.0385081 -0.152991 -0.167486 0.929462 0.328709 -0.460288 0.0181173 -0.33046 0.943646 0.352039 0 0 0 1 
26456013410235;0.42537;0.0963453;0.933909 -0.00309441 0.357498 -0.38704 0.0433115 0.993577 -0.104544 0.054274 -0.354878 0.113119 0.928044 -0.349088 0 0 0 1 
26456013410236;1.61117;0.150905;0.983656 0.162512 0.0775265 -0.00500994 -0.172802 0.973025 0.152846 -0.211528 -0.0505959 -0.163745 0.985204 -0.59848 0 0 0 1 
26456013410237;1.76467;1.06162;0.984531 0.0921947 0.148995 0.0114414 -0.123599 0.968171 0.21764 -0.00375578 -0.124187 -0.232689 0.96459 -0.084558 0 0 0 1 
26456013410238;1.19544;0.238881;0.956336 0.290906 0.0281775 -0.00665503 -0.273258 0.855767 0.43931 -0.495184 0.103685 -0.427828 0.897893 -0.0551715 0 0 0 1 
26456013410239;0.73293;0.128735;0.889582 -0.362264 -0.278223 0.318464 0.385535 0.922137 0.0320174 0.282111 0.244961 -0.135747 0.959983 0.0550638 0 0 0 1 
26456013410240;1.79116;2.00338;0.941713 0.25562 -0.218713 -0.140242 -0.239033 0.965883 0.0996665 -0.211756 0.236728 -0.0415776 0.970686 0.234094 0 0 0 1 
26456013410241;1.92987;0.76507;0.995319 -0.0393242 0.0882803 0.404703 0.0445739 0.997303 -0.058304 0.0821713 -0.0857495 0.0619661 0.994388 0.0648827 0 0 0 1 
26456013410242;1.40722;0.0853885;0.942908 0.23529 0.235719 -0.320326 -0.314463 0.862101 0.397361 -0.437437 -0.109718 -0.448799 0.886872 -0.373085 0 0 0 1 
26456013410243;0.583238;0.068092;0.919898 -0.344579 0.187224 -0.190646 0.370267 0.92045 -0.125199 0.354806 -0.12919 0.184493 0.974306 -0.259976 0 0 0 1 
26456013410244;0.533279;0.075973;0.997122 0.0485961 0.058197 -0.0527156 -0.0488858 0.998798 0.00356391 0.0102437 -0.0579539 -0.00639866 0.998299 0.180131 0 0 0 1 
26456013410245;0.736282;0.0563953;0.959516 -0.192214 0.205873 -0.302889 0.242383 0.935806 -0.255962 0.359402 -0.143458 0.2955 0.94451 0.0482707 0 0 0 1 
26456013410246;1.05866;0.588381;0.973465 -0.174522 0.148016 -0.0639244 0.19715 0.968002 -0.155258 0.0809441 -0.116183 0.180319 0.976722 -0.283312 0 0 0 1 
26456013410248;1.23759;0.324147;0.962537 0.000511421 -0.271149 -0.175092 -0.0132314 0.998896 -0.0450856 -0.443871 0.270826 0.0469842 0.961481 0.968259 0 0 0 1 
26456013410249;1.46586;0.419079;0.805252 0.531102 0.263626 -0.529575 -0.577334 0.803618 0.14451 -0.910604 -0.135106 -0.268567 0.953739 0.615683 0 0 0 1 
26456013410250;0.412958;0.521294;0.989279 -0.0117698 -0.145563 -0.305575 -0.00508826 0.993364 -0.114902 0.0376583 0.14595 0.11441 0.982654 0.277393 0 0 0 1 
26456013410251;1.34871;0.372731;0.978415 0.199433 0.0541428 -0.206987 -0.196245 0.978781 -0.0589567 -0.327217 -0.0647519 0.0470588 0.996791 0.751509 0 0 0 1 
26456013410252;1.49487;0.934666;0.968184 -0.0823901 -0.236285 0.139318 0.226177 0.692118 0.685432 -0.622731 0.107064 -0.717067 0.688733 -0.184126 0 0 0 1 
26456013410253;0.288077;0.411583;0.95963 0.27465 -0.0606421 -0.189492 -0.278611 0.957767 -0.071123 -0.568876 0.038547 0.0851474 0.995622 -0.159755 0 0 0 1 
26456013410254;0.399182;0.390797;0.941259 0.331302 0.0653518 -0.364238 -0.325347 0.941558 -0.0872815 -0.497483 -0.0904491 0.0608924 0.994038 -0.328571 0 0 0 1 
26456013410255;1.26559;0.554997;0.993219 0.115971 0.00811863 -0.504635 -0.113899 0.984704 -0.131851 -0.350134 -0.0232854 0.130033 0.991236 0.662334 0 0 0 1 
26456013410256;0.836061;0.720826;0.940121 0.324923 -0.102949 -0.0434614 -0.325487 0.945474 0.011739 -0.333764 0.10115 0.0224725 0.994617 -0.0755803 0 0 0 1 
26456013410257;1.31918;0.565624;0.965352 0.228882 -0.125338 -0.474229 -0.213175 0.968711 0.127105 -1.00191 0.150508 -0.0959825 0.983938 -0.0546304 0 0 0 1 
26456013410258;1.48742;1.02966;0.995294 -0.0946941 -0.0205529 0.0972051 0.096869 0.977616 0.186771 0.249566 0.00240671 -0.187883 0.982188 0.321996 0 0 0 1 
26456013410259;1.01942;0.421582;0.884805 0.455432 -0.0985011 -0.755134 -0.446355 0.889096 0.101369 -0.587368 0.133744 -0.0457257 0.98996 0.236851 0 0 0 1 
26456013410260;0.460663;0.387604;0.8258 0.547856 -0.133825 -0.318812 -0.491094 0.815226 0.306974 -1.07156 0.277275 -0.187778 0.942262 0.626779 0 0 0 1 
26456013410261;1.44656;0.381592;0.891944 0.335968 -0.302592 0.670411 -0.376096 0.922759 -0.0840711 -0.373382 0.250974 0.18879 0.949405 0.773587 0 0 0 1 
