#;prob_registration_l1 -r /home/probabilistic_point_clouds_registration/build/tester /home/point_clouds_registration_benchmark//devel/registration_pairs/p2at_met_local.txt /home/point_clouds_registration_benchmark//planetary/p2at_met -s 0.2 -t 0.2 -p 0.3 -r 1000 -m 15 -i 40 
id;initial_error;final_error;transformation
27844314100000;0.368279;0.344705;0.999507 -0.000976691 0.0313972 -0.00848326 -0.00340163 0.990273 0.139093 -0.0247394 -0.0312277 -0.139131 0.989781 -8.30162 0 0 0 1 
27844314100001;0.325629;0.15076;0.987506 0.0273062 -0.155199 0.748839 0.00178162 0.982875 0.184266 -0.24543 0.157573 -0.182241 0.970546 -7.72826 0 0 0 1 
27844314100002;0.342132;0.124975;0.931184 -0.0339181 0.362969 -2.2837 -0.071152 0.959604 0.27221 -3.00178 -0.357539 -0.279303 0.891154 -24.6924 0 0 0 1 
27844314100003;0.135271;0.134582;0.995117 -0.0115105 0.0980262 -0.428656 -0.00568259 0.984847 0.17333 -0.24426 -0.098536 -0.173041 0.979973 -12.5391 0 0 0 1 
27844314100004;0.89077;0.701859;0.985619 0.0402525 -0.164116 1.46266 0.00297921 0.966924 0.255048 -0.904259 0.168954 -0.251869 0.952899 -12.1862 0 0 0 1 
27844314100005;0.300669;0.259972;0.935026 0.0510645 -0.350882 0.209001 -0.00589044 0.991676 0.128624 -0.106186 0.354529 -0.1182 0.927544 1.08915 0 0 0 1 
27844314100006;0.461976;0.408607;0.999854 0.0163121 0.0051093 1.05975 -0.016477 0.999282 0.034105 -0.247208 -0.00454931 -0.0341842 0.999405 -1.94058 0 0 0 1 
27844314100007;1.17629;0.98458;0.999337 0.0201422 0.0303418 1.30478 -0.0227664 0.995791 0.0887856 -0.350821 -0.0284257 -0.0894174 0.995589 -4.57325 0 0 0 1 
27844314100008;0.519074;0.427955;0.999844 0.0166757 0.00582772 0.978828 -0.0168721 0.999229 0.0354575 -0.332652 -0.00523194 -0.0355502 0.999354 -1.5916 0 0 0 1 
27844314100009;0.482706;0.444873;0.993112 -0.0205247 0.115353 -1.12366 0.0259111 0.998633 -0.0453908 0.386653 -0.114264 0.0480671 0.992287 0.068285 0 0 0 1 
27844314100010;0.848926;0.0740124;0.998994 0.0281349 -0.0349159 1.69654 -0.0217101 0.984791 0.172379 -0.797718 0.0392347 -0.171447 0.984412 -11.273 0 0 0 1 
27844314100011;0.370547;0.281259;0.981419 -0.000283047 -0.191875 -1.15925 -0.0112292 0.9982 -0.0589087 -0.620203 0.191546 0.0599688 0.97965 8.43936 0 0 0 1 
27844314100012;1.02719;0.406892;0.991757 0.00605295 -0.127991 -0.467287 -0.0115103 0.999054 -0.0419418 -0.473137 0.127616 0.0430693 0.990888 7.75476 0 0 0 1 
27844314100013;0.818365;0.704715;0.998743 0.0241022 -0.0439482 1.39869 -0.0196881 0.994968 0.0982436 -0.515154 0.0460949 -0.0972548 0.994192 -5.46732 0 0 0 1 
27844314100014;0.722224;0.264572;0.998374 0.00110884 -0.05699 -0.0487758 -0.000738455 0.999978 0.00651983 -0.0147871 0.056996 -0.00646714 0.998353 -0.867716 0 0 0 1 
27844314100015;1.11358;0.609592;0.999534 -0.00318079 -0.0303626 -0.0253671 0.00243382 0.999694 -0.0246069 -0.129398 0.0304316 0.0245216 0.999236 -0.338348 0 0 0 1 
27844314100016;0.370882;0.0985057;0.992152 -0.0232873 0.12285 -1.27037 0.0722888 0.908493 -0.411601 -4.741 -0.102023 0.417252 0.903046 21.7985 0 0 0 1 
27844314100017;0.341055;0.244537;0.995458 -0.00134379 -0.0951959 -0.602802 0.00506582 0.999232 0.0388678 0.363349 0.0950706 -0.0391735 0.994699 0.0250035 0 0 0 1 
27844314100018;0.853373;0.277411;0.999529 0.00905975 0.0293247 0.739875 -0.00911674 0.999957 0.0018105 -0.137021 -0.029307 -0.00207699 0.999568 -2.94521 0 0 0 1 
27844314100019;0.871961;0.0937055;0.99996 0.00727204 0.00517397 0.64246 -0.00713748 0.999648 -0.0255668 -0.220615 -0.00535807 0.0255289 0.99966 -0.984932 0 0 0 1 
27844314100020;0.613803;0.65336;0.996445 0.0254816 -0.0803047 1.05638 -0.00621638 0.972804 0.231547 -0.665852 0.0840209 -0.230225 0.969503 -11.9568 0 0 0 1 
27844314100021;0.300355;0.0791308;0.948255 -0.0209228 -0.316819 -3.52961 0.00158714 0.998126 -0.0611661 -0.314248 0.317505 0.0574983 0.946512 10.8466 0 0 0 1 
27844314100022;0.628187;0.0721326;0.99993 0.00953687 0.00693942 0.711826 -0.00937942 0.999706 -0.0223795 -0.280665 -0.0071508 0.0223129 0.999725 -0.577729 0 0 0 1 
27844314100023;0.278091;0.0873745;0.996397 0.00890755 0.0843443 0.735029 -0.0052512 0.999041 -0.0434734 -0.338593 -0.0846507 0.0428738 0.995488 -0.223168 0 0 0 1 
27844314100024;0.416131;0.277337;0.969057 0.00265256 -0.246824 -1.24691 -0.0121316 0.999246 -0.0368911 -0.306317 0.24654 0.038744 0.968358 7.24919 0 0 0 1 
27844314100025;0.365706;0.318954;0.991867 -0.00954464 -0.126917 -1.19112 0.009416 0.999954 -0.00161354 0.260734 0.126926 0.000405369 0.991912 2.57426 0 0 0 1 
27844314100026;0.38807;0.169729;0.983189 -0.00916058 0.18236 -0.4385 0.000334944 0.998829 0.0483688 0.00717531 -0.18259 -0.0474946 0.982041 -7.91019 0 0 0 1 
27844314100027;0.827287;0.725293;0.98046 -0.0239788 -0.195254 -2.51899 -0.00177488 0.991425 -0.130668 -1.10475 0.196713 0.128461 0.972009 11.7195 0 0 0 1 
27844314100028;0.216847;0.164481;0.993577 -0.0197496 0.111418 -1.01981 0.0337348 0.991574 -0.12507 -0.0406017 -0.108009 0.128025 0.985872 4.94055 0 0 0 1 
27844314100029;0.528223;0.39381;0.996892 0.0123589 0.0778071 1.00633 -0.0107455 0.999719 -0.0211203 -0.316301 -0.0780463 0.0202186 0.996745 -1.35836 0 0 0 1 
27844314100031;1.32944;0.63571;0.999687 -0.0206924 -0.0140395 -0.0622605 0.0206304 0.999777 -0.00455207 0.0560072 0.0141306 0.004261 0.999891 2.6174 0 0 0 1 
27844314100032;1.35252;0.9331;0.950172 0.0457776 -0.308345 -1.19946 0.0489345 0.954991 0.292572 1.57124 0.30786 -0.293083 0.905166 6.20027 0 0 0 1 
27844314100033;0.908498;0.508575;0.974772 0.0196861 -0.222334 -0.929342 0.0328898 0.972561 0.230311 1.14175 0.220767 -0.231814 0.947378 4.96269 0 0 0 1 
27844314100034;0.315932;0.273059;0.999893 0.0135282 0.00562946 -0.077186 -0.0136229 0.99976 0.0171405 -0.225298 -0.00539623 -0.0172153 0.999837 -0.158809 0 0 0 1 
27844314100035;0.38412;0.16264;0.99956 -0.00421313 -0.0293615 0.0577814 0.00285862 0.998936 -0.0460221 -0.143814 0.0295242 0.0459179 0.998509 -0.47412 0 0 0 1 
27844314100036;0.255516;0.152279;0.996954 0.0225904 0.0746526 -0.0403095 -0.0348741 0.98524 0.167588 -0.0615047 -0.0697649 -0.169681 0.983027 -0.131576 0 0 0 1 
27844314100037;0.704806;0.435379;0.99956 -0.0237104 0.0178048 0.197942 0.0260629 0.988903 -0.146256 -0.0984757 -0.0141395 0.146656 0.989086 0.180246 0 0 0 1 
27844314100038;1.02577;0.624384;0.996363 0.0174697 0.0833966 0.00204423 -0.0147134 0.999329 -0.0335514 0.0661302 -0.0839268 0.0322023 0.995951 0.656483 0 0 0 1 
27844314100039;0.646323;0.227335;0.998309 -0.0120956 0.0568593 0.00261079 0.0237365 0.977675 -0.208776 -0.183533 -0.0530646 0.209773 0.976309 0.126668 0 0 0 1 
27844314100040;0.526776;0.3734;0.957529 0.00827304 0.288218 -0.288568 0.00161317 0.999419 -0.0340468 -0.352006 -0.288332 0.0330657 0.956959 -4.02499 0 0 0 1 
27844314100041;0.240913;0.191385;0.986742 -0.0282992 -0.159808 -0.197704 0.0186774 0.997939 -0.0613928 -0.000955216 0.161216 0.057594 0.985237 1.87422 0 0 0 1 
27844314100042;1.10623;0.711563;0.999634 -0.0120742 -0.0242273 0.141391 0.0132632 0.998685 0.0495308 -0.3322 0.0235973 -0.049834 0.998479 -0.891308 0 0 0 1 
27844314100043;0.537176;0.44254;0.951819 0.0232286 0.305778 -0.288412 -0.108998 0.957641 0.26654 -1.05195 -0.286635 -0.287027 0.914033 -3.39113 0 0 0 1 
27844314100044;0.682374;0.37592;0.99081 -0.012716 0.134663 0.255393 0.0314654 0.989927 -0.138036 0.033077 -0.131551 0.141005 0.98123 -1.10992 0 0 0 1 
27844314100045;0.577329;0.345778;0.996596 -0.0172622 -0.080616 -0.0622346 0.0134154 0.998756 -0.0480172 0.234915 0.0813446 0.0467723 0.995588 -0.0401118 0 0 0 1 
27844314100046;0.842689;0.542029;0.978262 0.0287089 -0.205374 -0.742779 0.000111821 0.990297 0.138965 -0.263042 0.207371 -0.135967 0.968767 3.4721 0 0 0 1 
27844314100047;0.331521;0.32555;0.999739 0.00571107 0.0221329 -0.0302996 -0.00507911 0.999581 -0.0285047 -0.0562528 -0.0222864 0.0283848 0.999349 -0.256703 0 0 0 1 
27844314100048;0.326512;0.24228;0.999715 -0.00432577 0.0234636 0.102791 0.00572613 0.998185 -0.0599475 -0.0440314 -0.0231617 0.0600648 0.997926 -0.0637649 0 0 0 1 
27844314100049;0.286094;0.163568;0.986925 0.00637278 -0.161054 -0.374312 -0.000843527 0.999409 0.0343768 -0.00854149 0.161178 -0.0337915 0.986347 1.62896 0 0 0 1 
27844314100050;1.23172;0.82604;0.999766 0.00784608 -0.0201459 -0.204463 -0.00746393 0.999792 0.0189745 0.344539 0.0202906 -0.0188197 0.999617 1.84773 0 0 0 1 
27844314100051;0.428034;0.175437;0.99973 -0.00232761 -0.0231293 -0.0548596 0.00193595 0.999855 -0.0169413 -0.0419328 0.0231653 0.0168919 0.999589 1.11035 0 0 0 1 
27844314100052;1.33827;0.857134;0.999445 -0.0170077 -0.0286479 0.312205 0.0202018 0.99314 0.115176 -0.181346 0.0264925 -0.115691 0.992932 -1.05125 0 0 0 1 
27844314100053;1.32669;0.704405;0.970784 -0.00708213 0.23985 0.296439 -0.0296893 0.988339 0.14935 -0.46994 -0.23811 -0.152107 0.959253 -0.320754 0 0 0 1 
27844314100054;0.560805;0.17205;0.990661 -0.00311554 0.136313 0.015535 -0.00394563 0.998665 0.0515002 -0.305268 -0.136292 -0.0515571 0.989326 -0.424457 0 0 0 1 
27844314100055;0.956315;0.829454;0.999147 -0.00378125 0.041131 0.0490504 0.00627063 0.998145 -0.0605636 0.216359 -0.0408257 0.0607698 0.997317 0.289446 0 0 0 1 
27844314100056;1.36899;0.989389;0.998086 -0.017434 0.0593367 0.179791 0.0250043 0.991286 -0.129334 -0.315731 -0.0565648 0.13057 0.989824 -0.000992772 0 0 0 1 
27844314100057;0.0905846;0.0544616;0.990802 -0.00327221 0.135279 -0.0192603 0.00422053 0.999968 -0.00672388 -0.0558999 -0.135253 0.00723298 0.990785 -1.64963 0 0 0 1 
27844314100058;0.707405;0.197166;0.999689 0.0218316 0.0120581 0.0470977 -0.0218092 0.99976 -0.00198656 -0.0427357 -0.0120986 0.00172297 0.999925 -1.48819 0 0 0 1 
27844314100059;0.65531;0.223661;0.892607 6.13204e-05 0.450835 -1.12472 -0.0562426 0.992203 0.11122 -0.842426 -0.447313 -0.124632 0.885651 -6.20891 0 0 0 1 
27844314100060;1.27536;0.424109;0.981562 0.0175713 0.190336 0.0238057 -0.00630501 0.9982 -0.0596361 -0.727041 -0.191041 0.0573365 0.979906 -4.85925 0 0 0 1 
27844314100062;0.6633;0.487417;0.999952 -0.00982435 0.000239542 -0.288315 0.00982673 0.999344 -0.0348586 0.00664321 0.000103078 0.0348593 0.999392 0.493358 0 0 0 1 
27844314100063;1.6099;0.107659;0.994444 0.00765359 -0.104986 0.26645 -0.00887724 0.999898 -0.0111931 -0.0861217 0.10489 0.0120629 0.994411 -0.412146 0 0 0 1 
27844314100064;1.94982;1.77008;0.99862 0.00190017 0.052476 0.134962 0.000544321 0.998917 -0.0465294 0.064266 -0.0525076 0.0464938 0.997538 1.36185 0 0 0 1 
27844314100065;1.77485;0.787268;0.989151 0.0263197 0.144523 1.06187 -0.0812752 0.917576 0.389165 -3.00453 -0.122368 -0.396689 0.90976 -15.9304 0 0 0 1 
27844314100066;1.08018;0.491677;0.997194 0.0215986 0.0716803 1.02731 -0.0255404 0.998185 0.0545395 -0.374044 -0.0703722 -0.0562172 0.995935 -3.91714 0 0 0 1 
27844314100067;1.0783;0.510575;0.999462 -0.00680995 0.0320776 -0.2773 0.0064053 0.999899 0.0127007 0.202132 -0.0321608 -0.0124884 0.999405 0.395468 0 0 0 1 
27844314100068;0.329721;0.292351;0.999887 0.0125417 0.00834051 0.420867 -0.0127534 0.999585 0.0258279 -0.0625321 -0.00801312 -0.0259314 0.999632 -1.05113 0 0 0 1 
27844314100069;0.992581;0.826152;0.917553 -0.0139351 0.39737 -0.145509 0.0419519 0.9972 -0.0618994 0.279948 -0.395395 0.0734664 0.915569 -4.05698 0 0 0 1 
27844314100070;1.68809;1.12776;0.999756 0.00778107 -0.0206776 0.0334207 -0.00728937 0.999691 0.0237492 -0.0722459 0.020856 -0.0235927 0.999504 1.2761 0 0 0 1 
27844314100071;2.20263;0.965849;0.986877 0.0358021 -0.157455 0.904044 0.00530749 0.967391 0.25323 -0.526096 0.161387 -0.250743 0.954506 -8.10472 0 0 0 1 
27844314100072;0.844195;0.205796;0.919046 -0.0257668 -0.393308 -3.16965 -0.0263241 0.99162 -0.126476 -1.04857 0.393271 0.126591 0.910666 9.99186 0 0 0 1 
27844314100073;1.02691;0.603764;0.999371 0.00931654 0.0342157 0.251559 -0.0147641 0.986583 0.162593 0.303129 -0.0322418 -0.162996 0.9861 -4.28943 0 0 0 1 
27844314100074;0.384882;0.326788;0.998329 0.00366312 0.057664 0.195988 -0.0132058 0.986039 0.165993 -0.0248899 -0.0562508 -0.166477 0.98444 -6.07287 0 0 0 1 
27844314100075;1.31596;0.604837;0.99785 0.00581942 -0.0652755 0.232397 -0.00781409 0.999509 -0.0303442 -0.140307 0.0650669 0.030789 0.997406 0.233981 0 0 0 1 
27844314100076;1.20785;1.18043;0.999902 -0.00411718 0.013385 -0.108615 0.00386697 0.999818 0.0186659 0.145348 -0.0134594 -0.0186123 0.999736 -0.757757 0 0 0 1 
27844314100077;1.66098;0.43531;0.998019 0.0244224 -0.0579813 0.896614 -0.0196003 0.996413 0.0823247 -0.35909 0.0597839 -0.0810251 0.994917 -3.81697 0 0 0 1 
27844314100078;1.89852;1.62912;0.999994 -0.00187955 -0.00282944 0.0327251 0.00186629 0.999987 -0.00467978 0.187988 0.0028382 0.00467447 0.999985 -0.844309 0 0 0 1 
27844314100079;1.7021;1.50384;0.996475 0.00500477 0.0837424 0.427646 -0.0144005 0.993607 0.111974 -0.107994 -0.0826466 -0.112786 0.990176 -3.84258 0 0 0 1 
27844314100080;1.10438;0.457902;0.972038 -0.0128878 0.234472 -0.273045 -0.00559136 0.996939 0.077977 -0.00128852 -0.234759 -0.0771076 0.968991 -6.924 0 0 0 1 
27844314100081;0.430079;0.407888;0.999963 -0.00861026 0.000135714 -0.288624 0.00861126 0.999892 -0.0119307 0.117741 -3.29723e-05 0.0119315 0.999929 0.375314 0 0 0 1 
27844314100082;1.95213;1.44946;0.999227 0.0202239 0.0336982 0.5232 -0.0306942 0.937079 0.347765 -0.887786 -0.0245447 -0.34853 0.936976 -9.66916 0 0 0 1 
27844314100083;0.583263;0.256606;0.96577 0.00521731 0.259346 0.319863 -0.026009 0.996707 0.0768031 -0.126553 -0.258091 -0.0809195 0.962726 -6.69002 0 0 0 1 
27844314100084;0.503644;0.487828;0.99106 -0.00329706 0.133377 0.161941 -0.0306508 0.967329 0.251664 -0.561221 -0.129849 -0.253503 0.95858 -9.92722 0 0 0 1 
27844314100085;0.720603;0.453036;0.997723 0.026288 0.062105 1.03845 -0.0404734 0.970024 0.239614 -0.817554 -0.0539444 -0.241582 0.96888 -8.83799 0 0 0 1 
27844314100086;1.70425;1.40357;0.995904 0.0473891 -0.077 1.17538 -0.0202311 0.946842 0.321062 -1.012 0.0881217 -0.318189 0.943923 -9.57736 0 0 0 1 
27844314100087;1.08193;0.889639;0.977968 -0.0333031 -0.206082 -1.73344 0.00577295 0.99113 -0.132772 -0.492918 0.208676 0.128657 0.969485 5.92213 0 0 0 1 
27844314100088;1.41218;0.814454;0.998102 -0.0148534 0.0597665 -0.47568 0.0201589 0.995812 -0.0891712 -0.0180207 -0.0581917 0.0902068 0.994222 3.47319 0 0 0 1 
27844314100089;0.394008;0.319783;0.99854 0.00984177 -0.0531149 0.0456887 -0.0105262 0.999865 -0.0126206 -0.125566 0.0529836 0.0131613 0.998509 1.07849 0 0 0 1 
27844314100090;1.35838;0.74153;0.990563 -0.0400282 -0.131085 -1.3519 0.00441332 0.965223 -0.261391 -1.47834 0.13699 0.258345 0.956291 8.32119 0 0 0 1 
27844314100091;1.04859;1.0291;0.999408 0.000308341 -0.0343994 -0.162994 0.00217399 0.997395 0.0721012 0.201208 0.0343321 -0.0721333 0.996804 -1.84123 0 0 0 1 
27844314100093;0.967031;0.436347;0.994751 -0.05092 -0.0887529 -5.19217 0.0383648 0.989713 -0.137829 -0.165003 0.0948582 0.133701 0.986472 17.1693 0 0 0 1 
27844314100094;1.92323;0.175853;0.972219 0.0543449 -0.227676 3.08406 -0.00820046 0.979986 0.198899 -0.793406 0.233929 -0.191506 0.953207 -8.29986 0 0 0 1 
27844314100095;0.873202;0.491631;0.992526 -0.0109328 0.12154 -0.4144 -0.0300232 0.943487 0.330047 -5.08707 -0.118279 -0.33123 0.936107 -35.7403 0 0 0 1 
27844314100096;0.430323;0.630794;0.989235 0.0345678 -0.142193 2.75698 -0.0337444 0.999397 0.00819861 -1.0527 0.142391 -0.00331213 0.989805 4.60039 0 0 0 1 
27844314100097;1.73872;0.267989;0.999426 0.0338016 -0.00241648 4.41001 -0.0337835 0.999404 0.00715673 0.298403 0.00265695 -0.00707098 0.999971 0.864846 0 0 0 1 
27844314100098;0.721991;0.526952;0.999907 0.0120929 0.00623234 1.55596 -0.0128807 0.988956 0.147648 -0.939826 -0.00437802 -0.147715 0.98902 -13.6839 0 0 0 1 
27844314100099;0.836004;0.689723;0.997894 -0.0516139 -0.0392808 -5.37142 0.0538969 0.996774 0.0594703 1.78073 0.0360846 -0.0614622 0.997457 -4.88734 0 0 0 1 
27844314100100;2.4061;0.225118;0.999553 -0.0273827 -0.0119832 -2.47575 0.0296173 0.961386 0.273604 -0.633135 0.0040285 -0.273837 0.961768 -23.7402 0 0 0 1 
27844314100101;0.366989;0.506643;0.999708 0.020668 -0.0124894 2.14424 -0.0139807 0.917058 0.398509 -6.83321 0.0196899 -0.398218 0.917079 -38.2042 0 0 0 1 
27844314100102;1.52564;0.420096;0.963632 -0.12529 0.23604 -13.1336 0.1745 0.963983 -0.200713 0.658356 -0.202391 0.234603 0.950789 15.6243 0 0 0 1 
27844314100103;2.09748;0.325866;0.999939 0.000414262 -0.0110308 0.627794 -0.000344692 0.99998 0.00630807 -0.148226 0.0110332 -0.00630389 0.999919 -2.59384 0 0 0 1 
27844314100104;0.507469;0.372819;0.999337 0.0357435 -0.00697736 3.66986 -0.0356528 0.999283 0.0127182 -1.17327 0.00742695 -0.012461 0.999895 -1.47889 0 0 0 1 
27844314100105;1.7041;1.84176;0.998968 -0.0351052 0.0288308 -3.09822 0.0392766 0.986352 -0.159895 -0.500856 -0.0228242 0.160863 0.986713 14.5708 0 0 0 1 
27844314100106;0.621555;0.340938;0.975411 0.0265813 -0.218786 1.371 -0.00581042 0.995457 0.0950376 -0.369862 0.220319 -0.0914295 0.971134 -1.55631 0 0 0 1 
27844314100107;0.153647;0.239178;0.997058 -0.0761978 -0.00828297 -7.4348 0.0762003 0.997093 -1.75264e-05 2.58589 0.00826022 -0.00061369 0.999966 0.231852 0 0 0 1 
27844314100108;1.53872;0.248015;0.998809 0.030454 -0.0381126 3.96397 -0.0353961 0.99 -0.136556 -1.55348 0.0335728 0.137743 0.989899 15.8767 0 0 0 1 
27844314100109;1.60611;0.675399;0.999355 -0.0131456 -0.0334274 -1.7414 0.0153762 0.997609 0.0673737 0.298465 0.0324619 -0.0678442 0.997168 -6.92675 0 0 0 1 
27844314100110;2.36031;0.711871;0.99947 0.0323471 -0.00372123 4.34836 -0.0325526 0.995193 -0.0923667 -2.86433 0.000715546 0.0924389 0.995718 11.0323 0 0 0 1 
27844314100111;0.227132;0.21174;0.968041 0.053527 -0.245013 3.34424 -0.00549168 0.981248 0.192672 -1.17196 0.250732 -0.185169 0.950182 -9.28585 0 0 0 1 
27844314100112;2.20462;2.02029;0.999051 -0.0405062 -0.0160312 -3.84765 0.0338565 0.953531 -0.299387 -4.15134 0.0274133 0.298561 0.953997 28.7133 0 0 0 1 
27844314100113;2.4063;0.180102;0.993746 -0.0735741 0.0839943 -6.81848 0.0860648 0.983942 -0.156368 0.508967 -0.0711409 0.162619 0.984121 16.1691 0 0 0 1 
27844314100114;0.335195;0.16538;0.980053 -0.0495454 0.192459 -4.82675 0.0662736 0.99447 -0.081473 1.53668 -0.187358 0.0926028 0.977917 2.13301 0 0 0 1 
27844314100115;1.83608;0.211572;0.998784 0.0492284 -0.00270286 6.98207 -0.0491815 0.998672 0.0153118 -0.998827 0.00345305 -0.0151603 0.999879 -0.864635 0 0 0 1 
27844314100116;1.89876;1.50034;0.977831 -0.02363 0.208057 -1.87603 0.00550938 0.996171 0.0872469 0.551534 -0.209322 -0.0841664 0.974218 -14.1711 0 0 0 1 
27844314100117;2.29451;0.630104;0.991689 0.0406054 -0.122086 3.17485 -0.00784811 0.966217 0.257611 -2.17681 0.128422 -0.254512 0.958505 -17.7619 0 0 0 1 
27844314100118;2.1601;2.24072;0.999873 -0.00279521 0.0157066 0.169224 0.00314912 0.999741 -0.0225533 0.210538 -0.0156395 0.0225999 0.999622 2.03774 0 0 0 1 
27844314100119;1.47956;0.604666;0.999975 0.00694296 -0.00142682 1.53171 -0.00686505 0.998785 0.0488066 -0.498908 0.00176395 -0.0487956 0.998807 -5.87874 0 0 0 1 
27844314100120;0.852594;0.430287;0.978262 -0.0410422 -0.203272 -5.32309 -0.00296981 0.977346 -0.211626 -3.14415 0.207353 0.207629 0.955978 28.1757 0 0 0 1 
27844314100121;1.87824;0.664651;0.997998 -0.0110786 0.0622666 -0.434932 0.00966471 0.99969 0.0229622 0.192406 -0.0625017 -0.0223144 0.997795 -6.4272 0 0 0 1 
27844314100122;1.73464;0.198231;0.969045 -0.0226451 -0.245843 -2.31276 0.0201769 0.999718 -0.0125544 1.71629 0.246058 0.00720541 0.969228 8.44252 0 0 0 1 
27844314100124;0.405551;0.188926;0.99729 -0.0567951 -0.0467727 -4.97742 0.0615073 0.992421 0.106385 1.94004 0.0403761 -0.108973 0.993224 -7.87002 0 0 0 1 
27844314100125;0.438401;0.208514;0.907416 -0.0957663 0.409176 -10.8243 0.142867 0.985993 -0.0860621 3.2128 -0.395203 0.136552 0.908388 -2.03046 0 0 0 1 
27844314100126;1.24567;0.176094;0.978145 -0.202464 -0.0473417 -19.9714 0.198771 0.977334 -0.0728536 2.80981 0.0610189 0.0618512 0.996218 6.88174 0 0 0 1 
27844314100127;1.48846;1.078;0.999562 0.00145833 -0.0295583 -1.57504 0.000524817 0.997755 0.0669741 -1.06769 0.0295896 -0.0669603 0.997317 -2.53295 0 0 0 1 
27844314100128;1.19785;0.180036;0.996726 -0.0164104 -0.0791659 -2.08208 0.011936 0.998322 -0.0566657 0.303183 0.079963 0.0555352 0.99525 5.79217 0 0 0 1 
27844314100129;1.23822;0.18081;0.989478 0.14435 0.00982502 10.5106 -0.143357 0.987317 -0.0682234 -7.08097 -0.0195484 0.066097 0.997622 6.37491 0 0 0 1 
27844314100130;0.532996;0.231875;0.982157 0.00710541 -0.18793 -0.594139 -0.0467311 0.977165 -0.20728 -4.02259 0.182165 0.212364 0.960061 24.5857 0 0 0 1 
27844314100131;0.768744;0.186053;0.983911 0.177437 -0.0208846 14.9252 -0.169291 0.963273 0.208435 -9.01312 0.0571017 -0.201546 0.977813 -14.7443 0 0 0 1 
27844314100132;0.304449;0.166858;0.98998 0.0523624 -0.131137 3.48237 -0.0272013 0.982027 0.18677 -2.08576 0.13856 -0.181331 0.973612 -11.5125 0 0 0 1 
27844314100133;0.242712;0.194127;0.971349 -0.104423 -0.213489 -11.3273 0.029121 0.943828 -0.329152 -5.30855 0.235868 0.313504 0.919827 35.8673 0 0 0 1 
27844314100134;1.30166;0.199921;0.971382 0.0379493 0.234473 2.84589 -0.0349524 0.999246 -0.0169255 -1.22431 -0.234938 0.00824573 0.971975 -9.4851 0 0 0 1 
27844314100135;0.261851;0.209617;0.993164 -0.102361 0.0560985 -9.09317 0.10022 0.994172 0.0397299 3.20028 -0.0598383 -0.0338361 0.997634 -4.8599 0 0 0 1 
27844314100136;1.42144;0.209639;0.991664 0.128606 0.00800016 10.8027 -0.127235 0.987124 -0.0969417 -7.65882 -0.0203644 0.0951157 0.995258 9.49728 0 0 0 1 
27844314100137;1.20547;0.529464;0.997415 -0.0501743 0.0514339 -4.87112 0.064928 0.935967 -0.34605 -5.50584 -0.0307776 0.348495 0.936805 31.1688 0 0 0 1 
27844314100138;0.244336;0.182573;0.993739 0.0290576 -0.107878 1.80383 -0.0485348 0.981992 -0.182582 -4.05159 0.10063 0.186675 0.977254 19.7382 0 0 0 1 
27844314100139;1.59431;0.200253;0.998829 -0.0483875 -0.000192992 -3.49838 0.0483872 0.998783 0.00953993 -0.58926 -0.000268857 -0.00953809 0.999954 -1.87054 0 0 0 1 
27844314100140;0.22734;0.222627;0.995223 -0.0965915 0.0141745 -8.87023 0.0968246 0.99516 -0.0167942 3.01728 -0.0124837 0.0180864 0.999758 1.30121 0 0 0 1 
27844314100141;0.358346;0.208455;0.953226 -0.214452 -0.213002 -21.5768 0.171437 0.963984 -0.203332 2.17491 0.248936 0.157305 0.95566 22.2782 0 0 0 1 
27844314100142;0.117962;0.1925;0.994517 0.103047 0.0178 8.83254 -0.101986 0.993388 -0.0527232 -4.48697 -0.0231153 0.0506188 0.998451 3.82419 0 0 0 1 
27844314100143;1.8568;1.70075;0.999849 0.0146011 0.0094341 1.37831 -0.0134516 0.9936 -0.112149 -2.2289 -0.0110112 0.112005 0.993647 9.66084 0 0 0 1 
27844314100144;0.573265;0.22196;0.987435 -0.0056515 -0.157924 -2.2387 0.00900925 0.999748 0.020554 0.827523 0.157768 -0.0217186 0.987237 3.55084 0 0 0 1 
27844314100145;0.564902;0.607045;0.993546 -0.0478666 -0.102833 -5.18591 0.0337131 0.990243 -0.13521 -0.355293 0.108302 0.13087 0.985466 15.546 0 0 0 1 
27844314100146;0.457208;0.176452;0.99969 0.0157985 0.0192213 1.13762 -0.0164242 0.999325 0.0328458 -0.63274 -0.0186894 -0.0331514 0.999276 -2.62867 0 0 0 1 
27844314100147;0.839697;0.178586;0.994389 -0.0459826 -0.0952635 -5.6791 0.0563914 0.992372 0.109624 1.75435 0.089496 -0.114381 0.989398 -8.04299 0 0 0 1 
27844314100148;1.27087;0.154762;0.999384 0.00223749 0.0350275 -1.34451 0.00356189 0.986349 -0.164632 -3.28904 -0.0349177 0.164655 0.985733 13.4581 0 0 0 1 
27844314100149;0.814525;0.229864;0.993679 0.00566032 0.112117 -0.170875 0.0514617 0.864639 -0.499751 -11.3976 -0.0997694 0.502362 0.858882 41.2126 0 0 0 1 
27844314100150;1.30625;1.00227;0.997064 -0.0135715 0.0753652 -1.63363 0.0358309 0.95247 -0.302516 -4.19924 -0.0676775 0.304328 0.95016 23.6452 0 0 0 1 
27844314100151;1.21483;0.731694;0.985787 -0.0870088 0.143715 -7.93766 0.0885426 0.996063 -0.00429919 3.17468 -0.142776 0.016963 0.98961 -2.1366 0 0 0 1 
27844314100152;0.850848;0.98407;0.980145 -0.00803381 0.198119 -1.25698 0.0598708 0.964533 -0.257084 -2.28398 -0.189026 0.263841 0.945863 16.4381 0 0 0 1 
27844314100153;1.33869;0.171635;0.985537 0.146406 0.0853337 10.6721 -0.148207 0.98884 0.0151389 -7.19338 -0.082165 -0.027567 0.996237 -5.77263 0 0 0 1 
27844314100155;1.31103;1.21194;0.997345 -0.055054 -0.0476689 -2.74741 0.0446753 0.979482 -0.196516 -0.783423 0.0575098 0.193865 0.979341 10.3124 0 0 0 1 
27844314100156;0.173499;0.210082;0.999659 -0.0127078 -0.0228292 -0.956318 0.0131326 0.999742 0.018558 0.533037 0.0225874 -0.0188514 0.999567 -0.486704 0 0 0 1 
27844314100157;1.77732;0.431856;0.992716 0.0800188 -0.090061 2.49706 -0.071153 0.992671 0.0976843 -0.00677057 0.0972175 -0.0905647 0.991134 -3.49318 0 0 0 1 
27844314100158;2.31932;0.172694;0.975077 0.0796996 -0.20706 1.36153 0.0235566 0.890789 0.453806 -0.721126 0.220615 -0.447374 0.86671 -14.7917 0 0 0 1 
27844314100159;1.17995;0.216586;0.994953 0.078932 -0.0619609 3.25893 -0.0742446 0.994444 0.0746208 -1.55957 0.0675067 -0.0696439 0.995285 -3.02148 0 0 0 1 
27844314100160;1.94121;0.291223;0.979947 -0.058045 -0.190615 -3.66848 0.0628144 0.997843 0.0190701 2.11789 0.189097 -0.030661 0.98148 4.7391 0 0 0 1 
27844314100161;0.541664;0.483305;0.991576 0.0318012 -0.125563 0.536697 -0.0461458 0.992518 -0.113041 -1.69599 0.121028 0.117883 0.985625 8.60098 0 0 0 1 
27844314100162;1.51732;1.08019;0.991093 -0.127774 -0.0375333 -7.28197 0.12777 0.991801 -0.00253108 3.72419 0.0375489 -0.00228708 0.999292 1.2581 0 0 0 1 
27844314100163;1.36524;1.0353;0.990771 -0.132539 -0.0283996 -7.23329 0.130979 0.990065 -0.0511548 2.41038 0.0348975 0.046963 0.998287 2.30318 0 0 0 1 
27844314100164;0.587208;0.320368;0.997538 -0.0691134 -0.0119009 -3.55761 0.0696546 0.996135 0.0535084 1.97695 0.0081568 -0.0542056 0.998496 -1.84947 0 0 0 1 
27844314100165;1.53313;0.253565;0.999383 0.0348667 -0.00422048 2.02489 -0.0347553 0.999106 0.0240773 -1.68334 0.0050562 -0.0239157 0.999701 0.0941184 0 0 0 1 
27844314100166;0.330265;0.437578;0.994653 -0.089717 -0.0511416 -4.6979 0.084047 0.991028 -0.103918 1.29238 0.060006 0.0990642 0.99327 6.06488 0 0 0 1 
27844314100167;0.903395;0.415021;0.997081 -0.0518342 0.056062 -2.1491 0.0613981 0.980788 -0.185163 -0.451202 -0.0453872 0.188065 0.981107 6.88808 0 0 0 1 
27844314100168;2.432;0.258453;0.995099 -0.0390096 0.0908651 -1.64502 0.0368033 0.998989 0.0258321 0.273411 -0.0917809 -0.0223613 0.995528 -0.535462 0 0 0 1 
27844314100169;1.16953;0.938767;0.939225 0.0346192 0.341553 1.75397 0.0750673 0.950116 -0.302727 -2.11585 -0.334995 0.309968 0.889774 6.63572 0 0 0 1 
27844314100170;0.524881;0.247709;0.981558 -0.0479644 -0.185048 -3.26522 0.0699294 0.99101 0.11406 1.38637 0.177913 -0.124897 0.976088 -1.84558 0 0 0 1 
27844314100171;2.35705;0.251083;0.96218 0.0847292 0.258902 3.43675 -0.045839 0.987206 -0.152721 -1.34032 -0.268529 0.135077 0.953754 -2.3513 0 0 0 1 
27844314100172;0.422262;0.174951;0.997232 0.0200983 -0.0715858 0.215638 -0.0155536 0.997861 0.0634879 0.348155 0.0727087 -0.0621987 0.995412 -1.30668 0 0 0 1 
27844314100173;0.404553;0.249418;0.992575 -0.0982377 -0.0717209 -5.10037 0.106323 0.987144 0.119337 2.13931 0.0590754 -0.126077 0.99026 -4.41302 0 0 0 1 
27844314100174;0.99992;0.529507;0.998543 0.0510493 -0.0175057 1.75576 -0.0501275 0.997512 0.0495725 -0.911861 0.0199928 -0.0486227 0.998617 -2.30127 0 0 0 1 
27844314100175;0.837078;0.243646;0.998777 0.0478677 -0.0123416 1.87063 -0.0475562 0.99857 0.0244054 -0.0290438 0.0134922 -0.0237886 0.999626 -1.07044 0 0 0 1 
27844314100176;0.793248;0.538192;0.997511 0.00739212 -0.0701243 -0.215301 -0.0295818 0.946613 -0.321012 -4.38655 0.0640076 0.322287 0.944475 16.9171 0 0 0 1 
27844314100177;2.13358;0.193679;0.999924 -0.0060475 -0.010738 -0.270147 0.0062176 0.999855 0.0158782 0.503383 0.0106404 -0.0159438 0.999816 -2.84581 0 0 0 1 
27844314100178;1.06641;1.05684;0.997533 -0.0401133 -0.0576118 -2.13616 0.039339 0.999121 -0.0145123 0.865968 0.0581432 0.0122101 0.998234 1.70105 0 0 0 1 
27844314100179;2.46162;0.46965;0.965067 -0.0310322 -0.260158 -3.04335 -0.0077852 0.989126 -0.146865 -0.292947 0.261887 0.14376 0.954331 10.0927 0 0 0 1 
27844314100180;2.13141;1.36223;0.963174 0.0669926 0.260399 2.78196 -0.121882 0.972031 0.200748 -3.66098 -0.239668 -0.225093 0.944401 -16.662 0 0 0 1 
27844314100181;0.683715;0.383853;0.99924 0.0357956 0.0154237 1.6357 -0.036487 0.998221 0.0471601 -0.459642 -0.0137081 -0.047687 0.998768 -1.88206 0 0 0 1 
27844314100182;1.078;0.25434;0.981933 -0.0790194 0.171941 -3.34576 0.0669148 0.994928 0.0750999 1.41241 -0.177003 -0.0622377 0.982241 -5.80497 0 0 0 1 
27844314100183;1.04239;0.43682;0.910485 -0.0783419 0.406053 -3.89375 -0.017092 0.973924 0.226229 -0.187154 -0.413188 -0.212919 0.885405 -18.7313 0 0 0 1 
27844314100184;1.3844;0.25866;0.983838 -0.0344494 0.175714 -1.07916 0.0175318 0.995136 0.0969379 -0.668364 -0.178198 -0.0922906 0.979657 -8.61404 0 0 0 1 
27844314100186;0.793481;0.265023;0.971864 0.112299 -0.207048 5.96373 -0.0614462 0.969468 0.237396 -2.73631 0.227386 -0.217994 0.949091 -6.86391 0 0 0 1 
27844314100187;1.90684;0.236539;0.996169 0.0869945 0.00893932 6.56867 -0.0867101 0.995829 -0.0283889 -2.56337 -0.0113717 0.027505 0.999557 2.93727 0 0 0 1 
27844314100188;0.899725;0.479231;0.910929 -0.00194571 0.412557 -0.982209 -0.0157826 0.999093 0.03956 -0.579031 -0.41226 -0.0425476 0.910072 -17.8959 0 0 0 1 
27844314100189;2.92803;2.69439;0.996298 -0.0315281 -0.0799706 -2.62238 0.0219761 0.992815 -0.117628 -0.737785 0.0831046 0.115435 0.989832 10.8438 0 0 0 1 
27844314100190;2.25734;1.45033;0.99862 0.0406991 -0.0331987 3.02696 -0.0457969 0.984203 -0.171018 -3.81704 0.025714 0.172302 0.984708 13.4119 0 0 0 1 
27844314100191;2.96618;1.10983;0.987874 -0.0342437 0.151437 -1.67585 0.0893518 0.923056 -0.374145 -5.10198 -0.126973 0.383139 0.914922 23.6646 0 0 0 1 
27844314100192;2.51273;0.20037;0.9179 -0.18027 -0.353501 -14.494 0.137062 0.980056 -0.14389 2.62884 0.37239 0.0836251 0.924301 18.056 0 0 0 1 
27844314100193;1.47826;0.812724;0.99516 0.0300899 -0.093543 1.66869 -0.0255787 0.998468 0.0490569 -0.68844 0.0948758 -0.0464268 0.994406 0.871982 0 0 0 1 
27844314100194;2.31253;1.46771;0.969994 0.027167 -0.241606 -0.682936 -0.0188371 0.999148 0.0367212 -0.369233 0.242397 -0.0310682 0.969679 7.21765 0 0 0 1 
27844314100195;2.39108;0.26892;0.979971 -0.182464 -0.0797702 -12.2665 0.149376 0.93844 -0.311477 -0.192986 0.131693 0.293323 0.9469 22.2074 0 0 0 1 
27844314100196;0.463067;0.454715;0.99563 0.0213516 0.0909078 2.09685 -0.0264602 0.998115 0.0553661 -0.814829 -0.0895544 -0.0575296 0.994319 -7.10499 0 0 0 1 
27844314100197;2.03095;1.98653;0.995175 -0.0410558 -0.0891127 -3.19161 0.0302682 0.992409 -0.119198 -0.283624 0.0933301 0.115926 0.988863 10.0227 0 0 0 1 
27844314100198;1.85236;0.610192;0.983357 -0.0789274 -0.163642 -5.77475 0.0856024 0.995744 0.0341368 2.49202 0.160252 -0.0475769 0.985929 3.1608 0 0 0 1 
27844314100199;0.504668;0.568926;0.996502 -0.065957 -0.0513077 -4.45201 0.0720899 0.989063 0.128678 1.97881 0.0422594 -0.131926 0.990358 -8.12364 0 0 0 1 
27844314100200;2.93423;1.11713;0.998849 -0.0469722 0.00975826 -2.85518 0.0477299 0.99351 -0.103246 0.750418 -0.00484525 0.103593 0.994608 4.19333 0 0 0 1 
27844314100201;1.21539;0.542997;0.98906 0.0158268 0.146665 1.58506 -0.0425183 0.98262 0.180694 -2.13293 -0.141256 -0.184953 0.972543 -18.3845 0 0 0 1 
27844314100202;1.66781;0.721618;0.936104 0.205509 -0.285437 10.6115 -0.171451 0.975216 0.139854 -5.78267 0.307104 -0.0819792 0.948138 5.8399 0 0 0 1 
27844314100203;0.429271;0.830255;0.932939 -0.0899045 0.348628 -6.26818 -0.0032519 0.966177 0.257861 -1.63037 -0.360019 -0.241702 0.901092 -29.2194 0 0 0 1 
27844314100204;0.64969;0.857167;0.922156 0.032121 -0.385483 -1.99124 0.0459538 0.980392 0.191624 0.893646 0.384079 -0.194422 0.902598 -1.23733 0 0 0 1 
27844314100205;2.89316;2.3392;0.995945 -0.00630376 -0.0897451 -0.598235 0.00226314 0.998982 -0.0450541 -0.524844 0.0899378 0.0446683 0.994945 4.72898 0 0 0 1 
27844314100206;1.28236;0.287268;0.996481 -0.0516934 0.0659801 -2.65211 0.0625149 0.982721 -0.174214 -0.93666 -0.0558343 0.177726 0.982495 10.0102 0 0 0 1 
27844314100207;1.92404;0.788633;0.977407 0.0845345 -0.193725 4.16725 -0.0676574 0.993444 0.0921485 -2.17048 0.200245 -0.0769596 0.976719 2.97603 0 0 0 1 
27844314100208;1.88311;0.454614;0.917699 0.0263985 0.396397 1.29418 0.0404293 0.986404 -0.159289 -0.16043 -0.395213 0.162205 0.904155 -4.46894 0 0 0 1 
27844314100209;2.33052;0.409496;0.997149 0.0707505 0.0262208 5.30205 -0.0710995 0.997389 0.0126262 -2.20685 -0.0252591 -0.0144545 0.999576 -4.04141 0 0 0 1 
27844314100210;0.530209;0.55544;0.995114 -0.0251137 0.0954894 -1.11576 0.0331972 0.99591 -0.0840306 0.272651 -0.0929886 0.0867899 0.991877 2.33826 0 0 0 1 
27844314100211;2.44996;1.15308;0.998038 0.0223801 -0.058478 1.32987 -0.0231643 0.99965 -0.012767 -0.825701 0.0581719 0.0140966 0.998207 4.93167 0 0 0 1 
27844314100212;2.84301;0.777119;0.996924 0.05335 -0.0574125 3.99439 -0.0571205 0.996172 -0.0661704 -1.62427 0.0536625 0.0692463 0.996155 3.89793 0 0 0 1 
27844314100213;1.50297;0.79429;0.998872 0.00433229 0.047294 1.11356 0.0042972 0.983501 -0.180851 -2.19661 -0.0472972 0.18085 0.982373 10.8732 0 0 0 1 
27844314100214;0.564234;0.395355;0.987134 -0.099118 0.125467 -6.33778 0.100222 0.994962 -0.00250089 2.84423 -0.124587 0.0150432 0.992095 -2.78121 0 0 0 1 
27844314100215;0.386204;0.521195;0.994688 0.00414399 -0.102848 -0.0525813 -0.0106038 0.997998 -0.0623426 -0.816928 0.102384 0.063102 0.992741 7.53488 0 0 0 1 
27844314100217;0.459527;0.643888;0.995815 0.0195131 -0.0892791 0.171676 -0.0210202 0.999651 -0.0159716 -0.7741 0.0889363 0.0177814 0.995879 2.84525 0 0 0 1 
27844314100218;2.20727;0.253186;0.997903 0.0605124 -0.0229536 1.09362 -0.060685 0.998133 -0.00689702 -2.04387 0.0224934 0.0082755 0.999713 3.52551 0 0 0 1 
27844314100219;2.19715;0.5002;0.996174 -0.0842909 -0.0230714 -1.68151 0.0834548 0.995894 -0.0350761 2.20637 0.0259332 0.0330165 0.999118 4.08523 0 0 0 1 
27844314100220;1.31114;0.210171;0.997564 -0.0161821 -0.0678471 0.730143 0.0144426 0.999556 -0.0260509 -0.539666 0.0682385 0.0250075 0.997356 2.41454 0 0 0 1 
27844314100221;1.65894;1.69711;0.999787 0.0127335 0.0162632 0.504674 -0.0132245 0.999449 0.0304484 -0.387371 -0.0158665 -0.030657 0.999404 -0.538526 0 0 0 1 
27844314100222;1.73745;0.272123;0.949984 0.262077 -0.169841 4.03241 -0.241231 0.961188 0.133887 -8.81712 0.198338 -0.08622 0.976334 5.18003 0 0 0 1 
27844314100223;2.40198;1.71284;0.998776 -0.000567109 -0.0494681 0.0633861 0.000345011 0.99999 -0.00449814 0.166145 0.0494702 0.00447557 0.998766 3.07816 0 0 0 1 
27844314100224;0.843273;0.86365;0.998705 0.0421198 -0.0285454 0.891299 -0.0397489 0.996076 0.0790729 -1.25726 0.0317639 -0.0778358 0.99646 -0.201448 0 0 0 1 
27844314100225;1.09219;1.32067;0.999946 -0.00781846 0.00690068 0.236734 0.00822302 0.998123 -0.0606876 0.11738 -0.00641325 0.060741 0.998133 0.977216 0 0 0 1 
27844314100226;2.28577;0.234909;0.929251 0.252266 -0.269917 1.70353 -0.181177 0.947869 0.262142 -6.32278 0.321976 -0.194693 0.926513 8.46013 0 0 0 1 
27844314100227;0.739768;0.957927;0.989124 0.0603873 -0.134113 0.909575 -0.0564301 0.997857 0.0331179 -1.64391 0.135826 -0.0251898 0.990412 3.87967 0 0 0 1 
27844314100228;0.965544;0.117618;0.990332 0.082296 -0.11167 1.23979 -0.0783164 0.996143 0.0395752 -2.66985 0.114497 -0.030447 0.992957 3.8653 0 0 0 1 
27844314100229;0.882458;0.751001;0.965453 0.0323423 0.258561 1.04424 0.0140591 0.984357 -0.175625 -0.660328 -0.260197 0.173193 0.949896 -5.75325 0 0 0 1 
27844314100230;0.333053;0.221527;0.951599 0.15352 -0.266253 0.330582 -0.061533 0.943934 0.324348 -1.64008 0.301119 -0.292266 0.907694 3.16269 0 0 0 1 
27844314100231;2.08116;0.154677;0.995311 -0.0440547 0.0861113 -0.223122 0.0458676 0.998763 -0.0191882 1.00138 -0.0851595 0.0230479 0.996101 0.32697 0 0 0 1 
27844314100232;2.3687;1.86009;0.999335 0.0256771 -0.0258877 0.20011 -0.0265254 0.999104 -0.0329769 -0.420668 0.0250178 0.0336417 0.999121 0.211242 0 0 0 1 
27844314100233;0.91161;0.781445;0.998711 0.0460458 -0.0213793 1.50603 -0.0457763 0.998868 0.0129299 -1.58293 0.0219505 -0.0119346 0.999688 -0.488761 0 0 0 1 
27844314100234;2.15311;0.850869;0.997678 0.00455123 0.0679517 1.23467 -0.005421 0.999906 0.012621 0.251184 -0.0678878 -0.0129601 0.997609 -4.97601 0 0 0 1 
27844314100235;1.5865;1.29513;0.940119 0.00790325 -0.340754 -3.49802 -0.0230804 0.998913 -0.0405092 -0.874438 0.340063 0.0459482 0.939279 10.7367 0 0 0 1 
27844314100236;0.801975;0.715563;0.999864 0.00740726 -0.0147673 0.522718 -0.0084373 0.997444 -0.070956 -0.554087 0.014204 0.0710709 0.99737 1.65722 0 0 0 1 
27844314100237;0.36254;0.100852;0.988949 0.133715 -0.0640284 1.63589 -0.130646 0.99017 0.0499446 -3.91849 0.0700774 -0.0410276 0.996697 1.54079 0 0 0 1 
27844314100238;0.509991;0.194442;0.994188 0.0276338 -0.10405 0.178 -0.0638188 0.929646 -0.362884 -4.86421 0.0867019 0.367416 0.926007 8.77633 0 0 0 1 
27844314100239;2.45541;1.50477;0.999258 0.0200023 -0.0329225 0.0831641 -0.0192622 0.999558 0.0226466 -0.779337 0.0333609 -0.0219956 0.999201 3.0392 0 0 0 1 
27844314100240;0.531694;0.283963;0.996423 -0.0813709 0.0227958 -1.47834 0.0808648 0.996475 0.0223096 2.36747 -0.0245308 -0.0203864 0.999491 -0.611247 0 0 0 1 
27844314100241;1.90316;0.960849;0.998719 -0.0134317 0.0487751 0.815049 0.0103354 0.997948 0.0631881 0.866944 -0.0495237 -0.062603 0.996809 -4.01405 0 0 0 1 
27844314100242;0.857743;0.148262;0.987713 0.0296554 0.153438 1.20286 -0.0338804 0.999113 0.0249938 -0.549802 -0.152561 -0.0298853 0.987842 -4.48697 0 0 0 1 
27844314100243;1.52979;1.88834;0.989162 -0.00522623 -0.146736 -0.529669 -0.00175875 0.998873 -0.0474323 -0.218521 0.146819 0.0471763 0.988038 4.9219 0 0 0 1 
27844314100244;1.45043;0.836453;0.98674 0.0910214 -0.134385 0.553853 -0.0448356 0.948598 0.313291 -0.847265 0.155994 -0.303111 0.940101 0.162519 0 0 0 1 
27844314100245;0.353496;0.506517;0.99709 0.0582742 0.0491572 1.59162 -0.0672724 0.975886 0.207654 -1.67251 -0.035871 -0.210356 0.976967 -4.98383 0 0 0 1 
27844314100246;0.304746;0.147547;0.994786 0.0967338 0.0323166 1.72861 -0.0886303 0.976718 -0.195363 -4.14193 -0.0504624 0.19148 0.980198 1.90517 0 0 0 1 
27844314100248;1.91005;1.62358;0.999915 -0.0110344 0.00688252 -0.709134 0.0107924 0.999355 0.0342553 0.553917 -0.00725607 -0.0341781 0.999389 -2.37546 0 0 0 1 
27844314100249;1.74539;0.891844;0.920007 0.0161223 0.39157 1.3574 0.0157255 0.99683 -0.0779908 0.182196 -0.391586 0.0779097 0.916837 4.3181 0 0 0 1 
27844314100250;2.4193;1.85063;0.887855 0.0335293 -0.458899 1.18813 -0.0287088 0.999435 0.0174789 -0.519694 0.459226 -0.00234428 0.888316 0.413154 0 0 0 1 
27844314100251;0.382775;0.233719;0.998068 0.0286356 0.0551359 1.76158 -0.0367115 0.98777 0.151537 -0.511127 -0.0501222 -0.153268 0.986913 -8.47143 0 0 0 1 
27844314100252;0.517763;0.690015;0.995228 -0.0036993 -0.0975023 -0.115915 -0.0212305 0.967129 -0.253398 -2.28591 0.0952347 0.254259 0.962436 13.2629 0 0 0 1 
27844314100253;0.421961;0.345251;0.995716 0.00709846 0.0921949 0.627906 -0.000797035 0.997671 -0.0682066 -0.474034 -0.0924643 0.0678409 0.993402 3.30401 0 0 0 1 
27844314100254;1.06506;0.304704;0.998329 0.0512021 -0.0267805 2.88047 -0.0437154 0.972346 0.229417 -1.23927 0.0377865 -0.227863 0.97296 -12.9696 0 0 0 1 
27844314100255;0.41574;0.327734;0.944723 0.00881674 -0.32775 -0.259591 -0.0210863 0.999203 -0.0339008 -0.397252 0.327189 0.0389379 0.944156 2.81082 0 0 0 1 
27844314100256;0.221269;0.112997;0.999746 0.00299477 -0.0223555 0.0531823 -0.0017941 0.998564 0.0535356 0.103616 0.0224838 -0.0534819 0.998316 -3.06688 0 0 0 1 
27844314100257;0.472366;0.238008;0.996021 0.0531513 0.0715298 3.18591 -0.0774824 0.913029 0.400469 -3.79979 -0.0440233 -0.404418 0.913514 -21.4959 0 0 0 1 
27844314100258;0.965959;0.500078;0.961637 0.0143077 -0.273951 -0.366242 -0.00290968 0.999115 0.0419673 0.177065 0.274309 -0.0395602 0.960828 -1.13867 0 0 0 1 
27844314100259;0.701583;0.593233;0.9997 0.0184696 -0.0160952 1.14736 -0.018638 0.999772 -0.0103747 -0.241873 0.0159 0.0106715 0.999817 0.0939856 0 0 0 1 
27844314100260;1.49458;1.03244;0.991465 0.0229987 -0.128328 0.572212 0.0140345 0.959769 0.280439 -0.563895 0.129615 -0.279846 0.951255 -13.8814 0 0 0 1 
27844314100261;0.461097;0.137213;0.981008 -0.0236898 -0.192516 -1.90361 0.0126472 0.998214 -0.0583876 -0.130301 0.193555 0.0548439 0.979555 3.51877 0 0 0 1 
