#;prob_registration_l1 -r /home/probabilistic_point_clouds_registration/build/tester /home/point_clouds_registration_benchmark//devel/registration_pairs/pioneer_slam_local.txt /home/point_clouds_registration_benchmark//tum/pioneer_slam -s 0.1 -t 0.1 -p 0.3 -r 1000 -m 15 -i 40 
id;initial_error;final_error;transformation
1807261650000;0.252801;0.104036;0.995254 0.048918 0.0841278 -0.253146 -0.0457165 0.99817 -0.0395707 0.303524 -0.0859096 0.0355369 0.995669 0.187197 0 0 0 1 
1807261650001;0.370505;0.10716;0.971342 0.12321 0.203258 -0.0603581 -0.161855 0.969121 0.186029 0.502876 -0.174061 -0.213596 0.961291 0.867479 0 0 0 1 
1807261650002;0.611698;0.17776;0.999876 0.0157027 -0.00141295 0.155395 -0.0157321 0.999588 -0.0240213 -0.614196 0.00103517 0.0240405 0.99971 0.574046 0 0 0 1 
1807261650003;0.65444;0.286426;0.96442 0.259175 -0.0521825 0.273514 -0.255087 0.964089 0.0739069 0.83686 0.0694634 -0.0579662 0.995899 -0.973286 0 0 0 1 
1807261650004;0.70178;0.272899;0.920975 0.342516 0.185708 -0.00390417 -0.315677 0.935347 -0.159606 1.20502 -0.228369 0.08837 0.969556 1.39701 0 0 0 1 
1807261650005;0.564667;0.118494;0.991878 -0.127133 0.00401833 0.0793415 0.127178 0.991777 -0.0143002 -0.0824812 -0.00216726 0.0146951 0.99989 0.741824 0 0 0 1 
1807261650006;0.456118;0.0927423;0.997143 -0.0407421 -0.063613 -0.273804 0.0308993 0.988401 -0.148687 0.246311 0.068933 0.146297 0.986836 -0.672704 0 0 0 1 
1807261650007;0.0911852;0.0354362;0.997455 0.0151305 0.0696751 -0.110294 -0.0163912 0.999711 0.0175581 0.0385635 -0.0693894 -0.0186555 0.997415 0.283551 0 0 0 1 
1807261650008;0.628711;0.217217;0.956237 -0.0424846 0.289492 0.646423 0.00526194 0.991739 0.128163 -0.244579 -0.292545 -0.121031 0.948562 0.758448 0 0 0 1 
1807261650009;0.268333;0.243798;0.984611 -0.174735 -0.00292747 -0.00979348 0.174722 0.984609 -0.00409298 -0.395882 0.00359761 0.0035185 0.999987 -0.0941915 0 0 0 1 
1807261650010;0.71038;0.168051;0.94103 0.338207 0.00883268 0.181243 -0.338256 0.941042 0.00478478 1.10682 -0.00669368 -0.00749033 0.99995 -0.870243 0 0 0 1 
1807261650011;0.818748;0.165476;0.906286 0.422636 -0.00505688 0.110094 -0.422654 0.906286 -0.0032136 1.63273 0.00322479 0.00504975 0.999982 -0.877901 0 0 0 1 
1807261650012;0.646177;0.048766;0.999984 0.00314634 0.00459752 0.176073 -0.00290198 0.998631 -0.0522228 -0.558865 -0.00475554 0.0522087 0.998625 -0.707557 0 0 0 1 
1807261650013;0.5425;0.0682193;0.988149 0.0468102 -0.146184 -0.015585 -0.0532295 0.997768 -0.0403124 0.000717921 0.143971 0.0476159 0.988436 -1.20315 0 0 0 1 
1807261650014;0.402811;0.143384;0.948302 0.18113 -0.260606 0.306202 -0.151854 0.980006 0.128567 0.420882 0.278683 -0.0823458 0.956846 -1.38306 0 0 0 1 
1807261650015;0.62098;0.146943;0.911434 -0.35992 0.199363 0.320933 0.358629 0.93245 0.0438459 -0.851601 -0.201677 0.0315346 0.978944 1.30439 0 0 0 1 
1807261650016;0.314215;0.168831;0.993189 0.106146 -0.0480559 -0.0955906 -0.104173 0.993678 0.0418492 0.474035 0.0521942 -0.036558 0.997968 0.00905542 0 0 0 1 
1807261650017;0.544853;0.174876;0.953113 0.0979636 -0.28632 0.194823 -0.194591 0.923004 -0.33196 0.774318 0.231754 0.372111 0.89879 -1.06807 0 0 0 1 
1807261650018;0.870541;0.269723;0.900354 0.417652 0.122185 0.050587 -0.410757 0.908381 -0.0782428 1.72024 -0.143669 0.020258 0.989418 1.20253 0 0 0 1 
1807261650019;0.408282;0.164245;0.971233 0.238112 -0.00291731 -0.267744 -0.238121 0.97123 -0.00319148 0.606999 0.00207345 0.00379435 0.999991 0.323302 0 0 0 1 
1807261650020;0.378251;0.141607;0.963561 0.0190464 -0.266811 0.034246 -0.111747 0.934914 -0.336822 0.396506 0.24303 0.354363 0.902974 -0.917072 0 0 0 1 
1807261650021;0.0584465;0.109483;0.999079 0.0353093 -0.0243759 -0.0344813 -0.0351661 0.999362 0.00627722 -0.0443456 0.024582 -0.00541424 0.999683 -0.0527525 0 0 0 1 
1807261650022;0.492617;0.181456;0.980817 -0.10467 -0.164442 0.210368 0.0913198 0.992035 -0.0867649 -0.0959678 0.172214 0.0700837 0.982563 -1.14895 0 0 0 1 
1807261650023;0.436303;0.252779;0.94836 0.315534 0.0324179 0.00359551 -0.316377 0.948297 0.02527 1.05277 -0.0227683 -0.0342213 0.999155 0.175522 0 0 0 1 
1807261650024;0.611538;0.172793;0.996269 -0.00877247 0.0858585 0.104716 0.0152307 0.997078 -0.074856 0.378468 -0.084951 0.0758844 0.993491 -0.396505 0 0 0 1 
1807261650025;0.222007;0.114326;0.991095 -0.108469 -0.0772344 -0.134701 0.0971115 0.985647 -0.138094 -0.329 0.0911049 0.129364 0.987403 -0.118496 0 0 0 1 
1807261650026;0.125003;0.0407208;0.997644 -0.023429 -0.0644785 -0.174767 0.0160814 0.993556 -0.1122 -0.0591065 0.0666917 0.110899 0.991591 -0.109253 0 0 0 1 
1807261650027;0.446617;0.220567;0.925712 -0.3738 0.0577168 0.193092 0.368015 0.925387 0.0906917 -1.14719 -0.087311 -0.0627137 0.994205 0.372878 0 0 0 1 
1807261650028;0.18577;0.205337;0.984424 0.165256 -0.0599982 0.0490497 -0.167243 0.985467 -0.0297308 0.203978 0.0542131 0.039302 0.997756 -0.176091 0 0 0 1 
1807261650029;0.503137;0.200621;0.98692 0.0901061 -0.133679 0.0893608 -0.117933 0.968889 -0.21759 0.817074 0.109914 0.230509 0.966843 -0.261641 0 0 0 1 
1807261650031;0.869936;0.794516;0.99993 0.0086131 -0.00810625 0.0689389 -0.00648076 0.972295 0.233668 -0.0868203 0.00989427 -0.233599 0.972283 -0.939105 0 0 0 1 
1807261650032;0.361529;0.266799;0.975747 -0.0175577 -0.218195 9.26238e-05 -0.02327 0.98281 -0.183146 0.0906373 0.21766 0.183781 0.958566 0.297946 0 0 0 1 
1807261650033;0.495733;0.443542;0.998052 0.0392061 0.0485315 0.0656986 -0.0387439 0.999195 -0.0104291 0.1366 -0.0489013 0.00852848 0.998767 0.0542862 0 0 0 1 
1807261650034;1.09057;0.74781;0.996128 0.0812179 -0.0336679 0.615902 -0.0832039 0.994569 -0.0625205 0.573046 0.0284072 0.0650796 0.997476 0.731698 0 0 0 1 
1807261650035;0.885672;0.864133;0.988948 0.0872004 -0.119907 0.329249 -0.0692655 0.986803 0.14636 0.25337 0.131087 -0.136437 0.981937 -0.0754369 0 0 0 1 
1807261650036;0.893017;0.30299;0.986101 0.0652358 0.152807 0.188887 -0.0763499 0.994758 0.0680261 0.295291 -0.147568 -0.0787473 0.985912 0.735895 0 0 0 1 
1807261650037;0.513994;0.379782;0.999855 0.0119042 0.0121385 0.183482 -0.0127873 0.997066 0.0754771 0.211305 -0.0112044 -0.0756214 0.997074 -0.489627 0 0 0 1 
1807261650038;0.984234;0.438378;0.920898 0.057612 0.385522 -0.0919597 -0.0348957 0.997231 -0.0656698 0.428462 -0.388238 0.0470222 0.920359 -0.230087 0 0 0 1 
1807261650039;0.787771;0.248811;0.986876 0.0522263 0.152799 0.087879 -0.0308438 0.989798 -0.1391 0.268165 -0.158505 0.132561 0.978419 -0.138822 0 0 0 1 
1807261650040;0.449489;0.115664;0.972653 -0.00306015 0.232241 -0.0462749 -0.00399732 0.999545 0.0299119 0.0860493 -0.232227 -0.0300222 0.972198 0.549184 0 0 0 1 
1807261650041;0.636202;0.253931;0.999533 0.0299281 -0.0061072 0.268828 -0.0299347 0.999551 -0.000988987 0.482057 0.00607486 0.00117134 0.999981 -0.31687 0 0 0 1 
1807261650042;0.394001;0.22243;0.999902 -0.00945419 -0.0102965 -0.182012 0.00922623 0.999716 -0.0219663 0.0560267 0.0105013 0.0218692 0.999706 0.0915847 0 0 0 1 
1807261650043;0.493104;0.27434;0.940313 0.243785 0.237446 0.809269 -0.23809 0.969805 -0.0528324 0.731123 -0.243156 -0.00685469 0.969963 0.288646 0 0 0 1 
1807261650044;0.603128;0.359436;0.999585 0.0193264 -0.0213744 -0.231973 -0.0191999 0.999797 0.00610774 0.165143 0.0214881 -0.00569481 0.999753 -0.433811 0 0 0 1 
1807261650045;0.822026;0.399882;0.993233 -0.0359218 -0.110445 -0.0214735 0.0756123 0.921823 0.380165 -0.313176 0.0881541 -0.385943 0.918301 -1.84836 0 0 0 1 
1807261650046;0.726796;1.29666;0.999412 0.0117011 -0.0322181 -0.0197583 -0.0156976 0.991813 -0.126731 0.939296 0.0304714 0.127162 0.991414 0.802487 0 0 0 1 
1807261650047;0.841796;0.499751;0.998032 0.0221273 -0.0586773 0.0767188 -0.0233701 0.999515 -0.0205789 0.196818 0.0581935 0.0219097 0.998065 0.658629 0 0 0 1 
1807261650048;0.923373;0.10243;0.984188 0.0170789 0.176301 0.0790632 -0.0512046 0.980276 0.190883 0.219926 -0.169564 -0.196892 0.965651 0.431425 0 0 0 1 
1807261650049;0.894299;0.751204;0.967879 0.00433285 0.251378 -0.00272806 -0.0283557 0.995353 0.0920216 0.129795 -0.249811 -0.0961938 0.963505 0.513979 0 0 0 1 
1807261650050;0.776112;1.1546;0.987638 0.0800587 0.134765 -0.0293965 -0.0411574 0.962017 -0.269871 1.21642 -0.151252 0.260988 0.953419 1.26002 0 0 0 1 
1807261650051;0.472646;1.05953;0.977088 0.13783 0.162178 0.359411 -0.136856 0.990441 -0.0172184 0.997468 -0.163001 -0.00537124 0.986611 0.507604 0 0 0 1 
1807261650052;0.367213;0.31432;0.99895 0.0168991 0.0425832 0.0413406 -0.0250857 0.979524 0.199757 0.0551526 -0.0383355 -0.200615 0.97892 -0.419152 0 0 0 1 
1807261650053;0.543637;0.185502;0.909183 -0.0114899 -0.416239 0.194239 -0.0867986 0.972431 -0.216436 0.395136 0.40725 0.232909 0.88312 0.307117 0 0 0 1 
1807261650054;0.296591;0.702546;0.99269 -0.0579261 -0.10588 -0.105958 0.0375783 0.982031 -0.184942 0.603074 0.11469 0.179611 0.977029 0.232617 0 0 0 1 
1807261650055;0.546573;0.88459;0.969169 0.0617241 -0.238539 0.0628212 0.0220237 0.942538 0.333372 0.621318 0.245409 -0.328347 0.91212 -0.879501 0 0 0 1 
1807261650056;0.638977;0.394223;0.991973 0.118785 -0.0433491 0.201216 -0.120703 0.991683 -0.0446787 0.898882 0.0376814 0.0495525 0.99806 0.39546 0 0 0 1 
1807261650057;0.733154;1.18792;0.998612 -0.0518716 -0.00918413 -0.352781 0.0490689 0.979366 -0.196049 1.13849 0.019164 0.195326 0.980551 0.485525 0 0 0 1 
1807261650058;1.00454;0.758427;0.972714 0.0879737 -0.214683 0.637799 -0.0774393 0.995366 0.0570129 0.636913 0.218704 -0.0388323 0.975018 -0.0303061 0 0 0 1 
1807261650059;0.328863;0.29765;0.959542 -0.0719127 0.272227 -0.203786 -0.043699 0.917085 0.39629 -0.0269539 -0.278154 -0.392153 0.876839 -0.709052 0 0 0 1 
1807261650060;0.479524;0.390248;0.9992 0.0399586 -0.0018767 0.0780058 -0.04 0.99858 -0.0351979 0.128087 0.000467571 0.0352448 0.999379 -0.0839184 0 0 0 1 
1807261650062;0.610394;0.144169;0.995907 0.0838009 -0.0338498 0.327009 -0.0856306 0.994706 -0.0568034 0.288654 0.0289105 0.0594696 0.997811 -0.55954 0 0 0 1 
1807261650063;0.0702684;0.159177;0.999515 0.0150243 0.0272916 -0.029064 -0.0138756 0.99903 -0.0418023 0.191301 -0.0278932 0.0414033 0.998753 0.103996 0 0 0 1 
1807261650064;0.431381;0.157263;0.971586 -0.133912 -0.195162 -0.440981 0.116273 0.988246 -0.0992447 -0.100278 0.206158 0.0737326 0.975737 -0.272369 0 0 0 1 
1807261650065;0.67345;0.215683;0.983673 0.0260316 -0.17807 0.0893796 0.0534675 0.902529 0.427297 0.290847 0.171837 -0.429842 0.886402 -1.84871 0 0 0 1 
1807261650066;0.179936;0.185029;0.989295 -0.145461 -0.0116638 -0.663993 0.144782 0.988385 -0.046195 0.135735 0.0182479 0.0440118 0.998864 0.173679 0 0 0 1 
1807261650067;0.697139;0.383837;0.952918 -0.298101 -0.0555261 -1.05649 0.300609 0.95273 0.0440461 0.0167275 0.0397712 -0.0586639 0.997485 -0.933585 0 0 0 1 
1807261650068;0.609754;0.363685;0.923151 -0.383188 -0.0309735 -1.7151 0.382393 0.923554 -0.0286897 -0.0635205 0.0395992 0.0146409 0.999108 0.155031 0 0 0 1 
1807261650069;0.14606;0.181344;0.996604 -0.070766 -0.0421029 -0.357758 0.0695376 0.997129 -0.0299592 0.182446 0.0441022 0.0269297 0.998664 0.049714 0 0 0 1 
1807261650070;0.531087;0.143061;0.982309 0.081552 -0.168577 0.481151 -0.0194902 0.939829 0.341087 0.124664 0.18625 -0.331768 0.924792 -1.83938 0 0 0 1 
1807261650071;0.140553;0.130992;0.992612 -0.0164054 -0.120216 -0.0954474 0.00598551 0.996231 -0.0865295 0.278286 0.121183 0.0851707 0.988969 0.194091 0 0 0 1 
1807261650072;0.380476;0.346273;0.997586 0.000865711 -0.0694431 0.101602 -0.00653353 0.996657 -0.0814328 0.0721812 0.0691404 0.0816899 0.994257 0.0854089 0 0 0 1 
1807261650073;0.531138;0.279111;0.982853 -0.138357 0.121892 -0.457201 0.0944188 0.945437 0.311822 -0.180211 -0.158384 -0.294966 0.942289 -0.684083 0 0 0 1 
1807261650074;0.56209;0.172545;0.947253 0.200069 0.250367 0.757532 -0.182206 0.978867 -0.092846 0.814291 -0.263652 0.0423303 0.963689 0.505279 0 0 0 1 
1807261650075;0.57785;0.151061;0.999192 -0.0401265 -0.0024807 -0.176059 0.0400723 0.999017 -0.0189747 0.733431 0.00323965 0.0188599 0.999817 -0.390625 0 0 0 1 
1807261650076;0.523862;0.219372;0.980805 -0.178088 -0.0794102 -0.834795 0.160375 0.968407 -0.190967 0.401199 0.11091 0.174566 0.978379 1.08348 0 0 0 1 
1807261650077;0.611234;0.508013;0.998005 -0.00294977 0.0630693 0.0278335 0.018588 0.968365 -0.248844 -0.2725 -0.0603401 0.24952 0.966488 0.621179 0 0 0 1 
1807261650078;0.330727;0.178723;0.947003 0.0692771 -0.313667 0.450003 -0.0629581 0.997558 0.0302439 0.264825 0.314996 -0.00889316 0.949051 0.149048 0 0 0 1 
1807261650079;0.421945;0.338495;0.919398 -0.119426 -0.374759 -0.319671 0.0739812 0.988291 -0.133445 0.000574655 0.386308 0.094964 0.917468 0.568624 0 0 0 1 
1807261650080;0.560936;0.249681;0.96514 0.189334 -0.180716 1.03574 -0.244339 0.899278 -0.362764 0.332553 0.0938304 0.394274 0.91419 1.33624 0 0 0 1 
1807261650081;0.503671;0.152233;0.983369 0.105511 0.147825 0.33308 -0.125358 0.983279 0.132092 0.150045 -0.131416 -0.148426 0.980153 -1.19627 0 0 0 1 
1807261650082;0.722741;0.339867;0.996762 0.0803224 0.00366463 0.472741 -0.0796454 0.992562 -0.0920749 0.0905802 -0.0110331 0.0914849 0.995745 -0.452484 0 0 0 1 
1807261650083;0.552134;0.249232;0.997682 -0.0564553 -0.0380033 -0.0860649 0.0526097 0.994034 -0.095539 -0.330303 0.0431703 0.0933181 0.9947 0.0524609 0 0 0 1 
1807261650084;0.867721;0.190726;0.929307 0.356624 -0.0959583 2.19555 -0.336353 0.924601 0.17883 0.418411 0.152498 -0.133913 0.979189 -0.891651 0 0 0 1 
1807261650085;0.404997;0.17054;0.977589 -0.153125 -0.144476 -0.643228 0.0827561 0.910531 -0.405074 -0.0458718 0.193576 0.384039 0.902797 1.07278 0 0 0 1 
1807261650086;0.258185;0.178797;0.997839 -0.0646543 0.0117323 -0.223174 0.0655297 0.992333 -0.104792 0.19379 -0.00486716 0.105334 0.994425 0.624533 0 0 0 1 
1807261650087;0.211815;0.176518;0.987792 0.151615 0.0357618 0.663351 -0.147325 0.983841 -0.101741 0.218815 -0.0506094 0.0952303 0.994168 0.397745 0 0 0 1 
1807261650088;0.669831;0.244417;0.950855 -0.309549 -0.00730147 -1.33981 0.290222 0.899211 -0.327399 0.0995907 0.107912 0.30919 0.944858 0.608647 0 0 0 1 
1807261650089;0.143654;0.191984;0.992401 0.0648442 0.104569 0.202387 -0.0674429 0.997491 0.0215069 0.115395 -0.102912 -0.0283959 0.994285 -0.00887117 0 0 0 1 
1807261650090;0.732491;0.420132;0.995187 0.0704495 -0.0681144 0.213943 -0.0795285 0.986757 -0.141368 0.844756 0.0572531 0.146104 0.987611 0.646025 0 0 0 1 
1807261650091;0.403612;0.180788;0.974953 0.214763 -0.0578265 0.978075 -0.188212 0.935193 0.299983 0.0567644 0.118504 -0.281586 0.95219 -0.824263 0 0 0 1 
1807261650093;1.16071;0.349955;0.886557 0.305953 0.347 -0.364691 -0.300665 0.951125 -0.0704395 0.176603 -0.351591 -0.041882 0.935216 -0.254123 0 0 0 1 
1807261650094;0.696816;0.524336;0.983341 0.175997 0.0454546 -0.076673 -0.174279 0.983909 -0.0393661 -0.091668 -0.0516515 0.0307884 0.99819 -0.0613436 0 0 0 1 
1807261650095;0.832378;0.374308;0.920481 0.114986 0.373489 0.422978 -0.125847 0.992038 0.00473813 0.232555 -0.36997 -0.0513638 0.927623 -0.0526858 0 0 0 1 
1807261650096;1.24922;0.370744;0.968985 0.22329 0.105872 0.084125 -0.1625 0.898515 -0.407755 -0.455547 -0.186175 0.377904 0.906933 0.721521 0 0 0 1 
1807261650097;1.57732;0.281311;0.958954 0.167137 0.229068 0.313485 -0.208148 0.963496 0.168373 0.0956244 -0.192565 -0.209142 0.958738 0.922918 0 0 0 1 
1807261650098;0.431654;0.315251;0.946516 -0.292841 0.135466 -0.0242928 0.301594 0.952181 -0.0489062 -0.24869 -0.114667 0.0871463 0.989574 0.279215 0 0 0 1 
1807261650099;1.43162;0.282561;0.983208 -0.182463 0.00313611 0.611687 0.174453 0.934721 -0.309619 0.358206 0.0535627 0.304967 0.950856 0.597111 0 0 0 1 
1807261650100;0.198846;0.242269;0.997291 -0.052272 -0.0517579 0.139128 0.058435 0.990336 0.125774 -0.213264 0.0446832 -0.128458 0.990708 -0.104225 0 0 0 1 
1807261650101;0.403364;0.284182;0.991757 -0.0971628 0.0835252 0.144994 0.100721 0.994131 -0.0394877 -0.175716 -0.0791982 0.047575 0.995723 -0.178582 0 0 0 1 
1807261650102;0.400187;0.293952;0.9939 -0.0616682 0.0914292 -0.163251 0.0635193 0.997828 -0.017473 -0.210742 -0.090153 0.0231739 0.995658 0.00310868 0 0 0 1 
1807261650103;1.02195;0.365184;0.95659 0.256052 0.139184 0.0318601 -0.2707 0.957574 0.0988658 -0.26344 -0.107964 -0.132251 0.985319 0.539304 0 0 0 1 
1807261650104;1.18672;0.272185;0.999402 -0.0336186 0.00814429 -0.061673 0.0321601 0.989751 0.139138 -0.60199 -0.0127385 -0.138793 0.990239 -0.636514 0 0 0 1 
1807261650105;1.18857;0.292898;0.996051 0.0743691 0.0485014 -0.473409 -0.0747911 0.997175 0.00694347 -0.487077 -0.0478481 -0.0105435 0.998799 0.0765721 0 0 0 1 
1807261650106;0.708535;0.381148;0.997383 -0.0400369 0.0601961 -0.166314 0.0402335 0.999188 -0.00205725 -0.343719 -0.0600649 0.00447377 0.998184 0.223121 0 0 0 1 
1807261650107;0.503291;0.238084;0.995119 0.0209681 -0.0964257 0.0970664 -0.0166656 0.998838 0.0452107 -0.126236 0.0972617 -0.043383 0.994313 0.217051 0 0 0 1 
1807261650108;1.52224;0.318342;0.949868 -0.216672 0.225399 0.0936091 0.2404 0.967081 -0.0834434 0.597686 -0.199899 0.133446 0.970687 -0.323284 0 0 0 1 
1807261650109;0.339127;0.328851;0.90496 -0.145494 0.399848 0.0124194 0.105826 0.987155 0.119687 -0.120427 -0.412126 -0.0659974 0.908733 0.228933 0 0 0 1 
1807261650110;0.998065;0.18225;0.94851 -0.252716 0.190955 0.0641026 0.228916 0.96359 0.138176 -0.213236 -0.218921 -0.0873486 0.971825 -0.511762 0 0 0 1 
1807261650111;0.873902;0.304657;0.968918 0.129568 0.210738 0.208551 -0.14048 0.98937 0.0375945 -0.438411 -0.203627 -0.0660304 0.976819 0.414882 0 0 0 1 
1807261650112;0.213542;0.252187;0.997916 -0.0614291 0.019754 0.113048 0.0587016 0.991352 0.11737 -0.178275 -0.0267931 -0.115966 0.992892 -0.155561 0 0 0 1 
1807261650113;1.08553;0.388639;0.971519 -0.223434 0.078916 -0.168882 0.234787 0.952663 -0.193153 -0.70631 -0.0320235 0.20618 0.97799 -0.156433 0 0 0 1 
1807261650114;0.757919;0.408395;0.94945 0.311188 0.04132 0.287222 -0.293093 0.925893 -0.238368 -0.0391615 -0.112435 0.214208 0.970296 0.547852 0 0 0 1 
1807261650115;1.40826;0.362406;0.973313 0.223882 0.0503828 -0.432034 -0.226046 0.973197 0.0423179 0.386426 -0.0395582 -0.0525774 0.997833 0.287994 0 0 0 1 
1807261650116;0.547781;0.271307;0.986325 0.131008 0.0999952 0.131957 -0.142041 0.983434 0.112618 -0.149215 -0.0835848 -0.125281 0.988594 0.291173 0 0 0 1 
1807261650117;1.14474;0.251812;0.962969 0.267449 -0.0340791 -0.215522 -0.251359 0.936293 0.245305 0.333027 0.0975147 -0.227655 0.968847 -0.413388 0 0 0 1 
1807261650118;1.22447;0.456554;0.95238 0.234465 -0.194932 -0.0341503 -0.271835 0.942488 -0.19448 0.0271788 0.138123 0.238209 0.961342 -0.53687 0 0 0 1 
1807261650119;1.49971;0.251428;0.994184 0.105738 -0.0204139 0.0469714 -0.106623 0.993107 -0.048674 0.523848 0.0151264 0.0505676 0.998606 -0.744422 0 0 0 1 
1807261650120;0.30517;0.383014;0.945048 0.216109 0.245319 0.221438 -0.229835 0.972815 0.028416 0.0588196 -0.232509 -0.0832373 0.969026 0.168109 0 0 0 1 
1807261650121;1.42718;0.200946;0.945263 0.29915 0.130334 0.47642 -0.318177 0.933606 0.16475 -0.775327 -0.0723958 -0.197201 0.977686 0.243853 0 0 0 1 
1807261650122;1.45607;0.325673;0.947058 -0.207834 0.244718 -0.169741 0.248128 0.957498 -0.147069 -0.433443 -0.203751 0.200004 0.958376 -0.662981 0 0 0 1 
1807261650124;1.36594;8.19447;0.486965 0.637298 0.597257 -2.08555 -0.608702 -0.242772 0.755344 0.732114 0.626377 -0.731377 0.269703 3.17593 0 0 0 1 
1807261650125;0.804333;4.68493;0.200817 -0.934486 0.293954 2.00528 -0.168747 0.262584 0.950039 0.217672 -0.964985 -0.240388 -0.10496 0.694932 0 0 0 1 
1807261650126;0.880272;5.20743;0.174542 -0.90974 0.376707 2.46262 0.890196 0.309299 0.334491 -0.172552 -0.420815 0.276961 0.863833 0.286423 0 0 0 1 
1807261650127;1.55898;6.22081;-0.0326703 -0.977108 0.21022 2.84468 0.999038 -0.038079 -0.0217315 -0.124086 0.0292389 0.209308 0.977413 -1.21573 0 0 0 1 
1807261650128;0.837192;5.53797;0.22089 -0.943767 0.245989 2.22768 0.971767 0.23442 0.0267677 -0.28408 -0.0829274 0.233131 0.968903 -0.323506 0 0 0 1 
1807261650129;0.284015;5.64377;0.075515 -0.978761 0.19059 2.78505 0.994361 0.0596448 -0.0876812 0.021362 0.0744512 0.196136 0.977746 -0.389509 0 0 0 1 
1807261650130;0.193395;8.27021;0.49621 0.666846 0.555961 -2.48819 -0.54417 -0.260084 0.797643 0.377887 0.676502 -0.698336 0.233821 3.04175 0 0 0 1 
1807261650131;0.6404;6.92986;0.0988112 -0.978762 0.179612 3.451 0.994628 0.102735 0.0126515 0.315521 -0.0308352 0.177397 0.983656 -0.307049 0 0 0 1 
1807261650132;1.48669;10.9411;-0.215469 -0.925019 -0.312909 5.86117 0.918863 -0.300526 0.255685 2.16772 -0.330551 -0.232429 0.91472 0.0348105 0 0 0 1 
1807261650133;0.878362;5.96464;0.314029 -0.924884 0.214419 2.77139 0.944144 0.327979 0.0319609 -0.354488 -0.099885 0.192406 0.976219 -0.101126 0 0 0 1 
1807261650134;0.764145;8.238;0.538806 0.617519 0.573026 -2.5041 -0.694407 -0.0595514 0.717114 0.29879 0.476956 -0.784299 0.396723 3.37976 0 0 0 1 
1807261650135;0.938287;5.8812;-0.0121229 -0.977122 0.212336 2.9137 0.99087 -0.0402552 -0.128674 -0.0546314 0.134278 0.208837 0.968688 0.0310808 0 0 0 1 
1807261650136;0.165136;6.19501;0.252901 -0.953078 0.166382 2.97219 0.967429 0.251083 -0.0322249 0.0104818 -0.011063 0.169113 0.985535 -0.430314 0 0 0 1 
1807261650137;0.685906;5.74652;0.362756 -0.897599 0.250449 2.6734 0.926987 0.320055 -0.195602 -0.00958059 0.095415 0.303119 0.948164 -0.103554 0 0 0 1 
1807261650138;1.14592;5.06527;0.436495 -0.824154 0.360891 2.23087 0.812461 0.53338 0.235397 -0.695652 -0.386496 0.19046 0.902411 -0.286488 0 0 0 1 
1807261650139;0.608764;10.9849;-0.228486 -0.909576 -0.347082 5.64571 0.909003 -0.326969 0.258467 1.60001 -0.348581 -0.256442 0.901515 0.18104 0 0 0 1 
1807261650140;1.51409;6.78639;0.233749 -0.954401 0.185687 2.82299 0.971017 0.238941 0.00577234 0.549971 -0.0498774 0.178956 0.982592 -0.0428515 0 0 0 1 
1807261650141;0.713806;5.23698;-0.0113431 -0.99953 -0.0284847 2.49194 0.843566 0.00573023 -0.536995 -0.227074 0.536906 -0.0301199 0.843104 -0.541467 0 0 0 1 
1807261650142;1.81337;5.29017;0.142677 -0.97378 0.177191 2.20464 0.979246 0.112843 -0.168359 -0.0590803 0.14395 0.197534 0.969669 0.42703 0 0 0 1 
1807261650143;1.33398;5.10976;0.0992159 -0.950623 0.294061 2.42835 0.991914 0.117988 0.0467529 0.300447 -0.07914 0.287045 0.954642 0.0427655 0 0 0 1 
1807261650144;0.523192;5.31537;0.269325 -0.935429 0.228989 2.36968 0.891427 0.332127 0.308302 -0.114807 -0.364448 0.121094 0.923317 -0.454175 0 0 0 1 
1807261650145;1.32014;6.36772;0.018903 -0.988937 0.147125 3.82139 0.99875 0.0254882 0.0430037 -0.151782 -0.0462779 0.146128 0.988183 -0.408214 0 0 0 1 
1807261650146;0.396214;4.97188;0.451664 -0.803997 0.386766 2.18963 0.830649 0.537154 0.146589 -0.204178 -0.32561 0.255058 0.910452 -0.229075 0 0 0 1 
1807261650147;1.75836;6.26746;-0.0993091 -0.975478 0.19642 2.69356 0.993998 -0.0881491 0.0647876 -0.143282 -0.0458846 0.201675 0.978377 -1.2015 0 0 0 1 
1807261650148;1.81564;6.59501;0.265288 -0.941726 0.206818 3.36853 0.96278 0.270251 -0.0044071 -0.664977 -0.0517424 0.200289 0.97837 0.0993826 0 0 0 1 
1807261650149;1.27562;5.85154;-0.00606683 -0.991024 0.133547 3.00147 0.997114 0.00411137 0.0758072 -0.317125 -0.0756758 0.133621 0.988139 -1.04682 0 0 0 1 
1807261650150;1.69552;6.28127;0.080603 -0.941971 0.325875 3.38967 0.996711 0.0789051 -0.0184476 0.00698529 -0.00833611 0.32629 0.945233 0.367357 0 0 0 1 
1807261650151;1.06641;10.9327;-0.152312 -0.913373 -0.377559 5.6726 0.905811 -0.281823 0.316357 1.39483 -0.395357 -0.293812 0.870268 -0.0728308 0 0 0 1 
1807261650152;1.1455;6.30538;0.102934 -0.986916 0.124103 3.39815 0.994502 0.0996971 -0.0320321 -0.22921 0.0192403 0.126718 0.991752 -0.0920016 0 0 0 1 
1807261650153;0.956413;5.66063;0.238296 -0.945318 0.222685 3.09184 0.970054 0.242775 -0.00745251 -0.376925 -0.0470174 0.217792 0.974862 -0.320632 0 0 0 1 
1807261650155;0.606131;0.384376;0.996572 -0.0547062 -0.062068 -0.0326599 0.0593055 0.995429 0.0748535 0.0249337 0.0576893 -0.0782778 0.995261 -0.693922 0 0 0 1 
1807261650156;0.187806;0.0714513;0.997267 -0.0738778 0.000584631 -0.277168 0.0738715 0.997241 0.00736105 -0.148171 -0.00112684 -0.00729774 0.999973 0.184802 0 0 0 1 
1807261650157;0.551788;0.316702;0.989994 -0.135126 0.0406564 -0.610126 0.139969 0.976916 -0.161381 -0.14991 -0.0179111 0.165457 0.986054 0.937696 0 0 0 1 
1807261650158;0.699792;0.467339;0.991763 -0.106572 -0.0710566 -0.539718 0.114689 0.985864 0.122142 -0.147816 0.0570352 -0.129286 0.989966 -0.877883 0 0 0 1 
1807261650159;0.309546;0.101204;0.990224 0.105036 -0.0917832 0.451293 -0.122424 0.969796 -0.21097 -0.069015 0.0668516 0.220144 0.973174 1.04341 0 0 0 1 
1807261650160;0.485518;0.345086;0.996731 -0.0714767 -0.037666 -0.383326 0.0778363 0.974492 0.21049 -0.114002 0.02166 -0.212734 0.97687 -0.834255 0 0 0 1 
1807261650161;0.330335;0.0929667;0.998008 -0.0618809 0.0122801 -0.345946 0.0615637 0.912748 -0.403858 -0.356851 0.0137825 0.403809 0.914739 1.34533 0 0 0 1 
1807261650162;0.550603;0.151673;0.938053 0.346492 0.00049638 1.01668 -0.346472 0.937979 0.0123408 0.15419 0.0038104 -0.0117483 0.999924 -0.0719577 0 0 0 1 
1807261650163;0.739956;0.229249;0.973654 0.206527 0.0966629 0.851516 -0.200188 0.977158 -0.0713277 -0.825465 -0.109186 0.0500978 0.992758 0.609132 0 0 0 1 
1807261650164;0.228506;0.0956479;0.957368 0.113367 0.265696 0.410161 -0.121569 0.992476 0.0145744 -0.118902 -0.262044 -0.0462533 0.963947 -0.226293 0 0 0 1 
1807261650165;0.0638727;0.0699214;0.999904 0.00429226 0.0131747 0.0115455 -0.00405695 0.999833 -0.0178355 -0.0739794 -0.013249 0.0177804 0.999754 0.144361 0 0 0 1 
1807261650166;0.691573;0.0781404;0.939206 -0.340585 -0.0435284 -1.37614 0.342989 0.936485 0.0731745 -1.07866 0.0158415 -0.0836557 0.996369 0.0129893 0 0 0 1 
1807261650167;0.645574;0.355686;0.952994 0.00573358 0.302936 0.0788406 -0.0664872 0.979409 0.190622 0.281869 -0.295606 -0.201803 0.933752 -0.960939 0 0 0 1 
1807261650168;0.448255;0.0870922;0.950779 0.306053 -0.0484939 1.20087 -0.302592 0.883283 -0.358119 -0.274549 -0.0667697 0.355166 0.932416 1.40098 0 0 0 1 
1807261650169;0.539907;0.114775;0.944162 0.327567 -0.0354665 1.07351 -0.318873 0.935548 0.151885 -0.501132 0.0829331 -0.132094 0.987762 -0.893911 0 0 0 1 
1807261650170;0.652735;0.328888;0.953713 0.102902 0.282563 0.508952 -0.108311 0.994111 0.00354565 0.122195 -0.280534 -0.0339864 0.959242 0.486303 0 0 0 1 
1807261650171;0.437786;0.119955;0.945826 0.202415 0.253853 0.532814 -0.254987 0.947108 0.194854 0.0283225 -0.200985 -0.249028 0.947413 -0.583856 0 0 0 1 
1807261650172;0.513271;0.23517;0.968677 0.205513 -0.139386 0.298457 -0.201764 0.978589 0.0406686 -0.568545 0.144759 -0.0112717 0.989403 0.0329168 0 0 0 1 
1807261650173;0.421662;0.0877516;0.92509 -0.130842 -0.356496 -0.455216 0.126427 0.991331 -0.0357677 0.153968 0.358086 -0.0119826 0.933612 -0.377299 0 0 0 1 
1807261650174;0.342158;0.105745;0.994693 0.0889447 -0.051726 0.374563 -0.101982 0.918964 -0.380925 -0.152767 0.0136531 0.384179 0.923158 1.28796 0 0 0 1 
1807261650175;0.695425;0.33365;0.999267 -0.0372666 0.00878554 0.130527 0.0369467 0.998735 0.0341219 0.694858 -0.010046 -0.0337723 0.999379 -0.324214 0 0 0 1 
1807261650176;0.628882;0.103164;0.932772 0.360449 0.0036487 1.49931 -0.358446 0.928564 -0.0963624 -0.147584 -0.0381217 0.0885763 0.99534 -0.195993 0 0 0 1 
1807261650177;0.385778;0.0601624;0.999607 -0.0256548 -0.0112837 -0.121401 0.0256643 0.99967 0.000702476 0.0425158 0.011262 -0.000991789 0.999936 0.448205 0 0 0 1 
1807261650178;0.865032;0.292884;0.978969 -0.158842 0.12802 -0.708895 0.16522 0.985414 -0.0407718 -0.321834 -0.119676 0.0610658 0.990933 1.12805 0 0 0 1 
1807261650179;0.799283;0.0600511;0.902647 -0.238947 -0.357956 -1.31108 0.230045 0.970805 -0.0679433 -0.267033 0.363741 -0.0210174 0.931263 0.55719 0 0 0 1 
1807261650180;0.951142;0.0978133;0.913881 0.381734 0.138206 1.67533 -0.333238 0.899773 -0.28171 0.115842 -0.231892 0.211394 0.949494 1.808 0 0 0 1 
1807261650181;0.58947;0.0961384;0.984894 -0.171354 0.0249223 -0.891527 0.170459 0.984761 0.0344791 -0.767131 -0.0304507 -0.02971 0.999095 0.0725524 0 0 0 1 
1807261650182;0.51362;0.158324;0.993055 0.0156922 -0.116597 -0.168111 -0.0218204 0.998436 -0.0514695 0.248499 0.115607 0.0536563 0.991845 -0.16236 0 0 0 1 
1807261650183;0.518467;0.118559;0.959015 0.163414 -0.231487 0.898708 -0.183966 0.980435 -0.0700237 0.327086 0.215515 0.109739 0.970315 0.412704 0 0 0 1 
1807261650184;0.540083;0.0564778;0.966474 -0.256283 0.0157028 -1.04985 0.25559 0.966097 0.0364812 -0.783043 -0.02452 -0.0312446 0.999211 -0.414328 0 0 0 1 
1807261650186;0.453969;0.21559;0.996231 -0.0794647 -0.034759 0.11692 0.0822813 0.992631 0.0889614 0.0342565 0.0274335 -0.0914861 0.995428 0.0281771 0 0 0 1 
1807261650187;0.217396;0.166741;0.997549 0.0317554 -0.062347 -0.212202 -0.0296394 0.998962 0.0345752 0.0477704 0.0633803 -0.0326425 0.997455 -0.461139 0 0 0 1 
1807261650188;0.833964;0.178086;0.982354 0.0034336 0.187 -0.0946656 -0.0473774 0.97179 0.231041 0.302505 -0.180931 -0.235824 0.954804 1.32544 0 0 0 1 
1807261650189;0.543168;0.111085;0.857235 0.389861 -0.336388 0.224088 -0.378565 0.919991 0.101517 0.61455 0.349052 0.0403209 0.936236 -1.14146 0 0 0 1 
1807261650190;0.468639;0.148991;0.920433 -0.260332 0.291599 -0.0346161 0.285116 0.957426 -0.0452057 -0.839635 -0.267416 0.124748 0.955472 1.07468 0 0 0 1 
1807261650191;0.203867;0.189975;0.990166 0.0772557 0.116632 -0.320858 -0.0711039 0.995895 -0.0560208 0.0600731 -0.120481 0.0471768 0.991594 0.479679 0 0 0 1 
1807261650192;0.50492;0.196433;0.985688 0.164686 0.0360147 0.479419 -0.157525 0.975881 -0.151138 0.236853 -0.0600363 0.143302 0.987856 0.0478229 0 0 0 1 
1807261650193;0.791638;0.13687;0.976297 -0.215343 -0.0217031 0.0045302 0.215418 0.976521 0.00115254 -0.493874 0.0209453 -0.00580045 0.999764 -0.989004 0 0 0 1 
1807261650194;0.736741;0.186372;0.970346 0.23775 -0.0436321 0.370495 -0.241719 0.955153 -0.171041 0.244995 0.00101037 0.176515 0.984297 -0.660656 0 0 0 1 
1807261650195;0.187863;0.136566;0.972147 0.00502137 -0.234319 0.0367159 0.0143158 0.996631 0.0807512 -0.10942 0.233935 -0.0818565 0.9688 -0.677001 0 0 0 1 
1807261650196;0.587609;0.214703;0.991222 0.128758 -0.0300231 -0.252892 -0.13186 0.979304 -0.153549 -0.0871955 0.00963114 0.15616 0.987685 0.71869 0 0 0 1 
1807261650197;0.541762;0.14592;0.941297 0.337544 0.00500882 -0.272339 -0.33751 0.940692 0.0344348 1.24626 0.00691151 -0.0341039 0.999394 -0.185935 0 0 0 1 
1807261650198;0.789459;0.194407;0.993765 0.0503667 -0.0994682 0.494772 -0.062232 0.990817 -0.120036 0.135736 0.0925089 0.125478 0.987774 -0.922873 0 0 0 1 
1807261650199;0.344499;0.151217;0.987352 -0.108639 -0.115467 0.0193361 0.0964489 0.989636 -0.106389 -0.170618 0.125829 0.0939072 0.987597 -0.543728 0 0 0 1 
1807261650200;0.665434;0.181737;0.996558 0.0825786 0.0073186 0.187531 -0.082755 0.996163 0.028477 -0.572758 -0.00493893 -0.0289846 0.999568 -0.00224124 0 0 0 1 
1807261650201;0.637949;0.164349;0.997299 0.0717516 -0.0157206 -0.784784 -0.0716569 0.997408 0.00650359 -0.180077 0.0161465 -0.00535954 0.999855 -0.305047 0 0 0 1 
1807261650202;0.360138;0.182166;0.993957 0.109565 -0.00673952 -0.422507 -0.10967 0.993807 -0.0179001 0.205241 0.00473656 0.0185311 0.999817 -0.377535 0 0 0 1 
1807261650203;0.394841;0.12951;0.891332 -0.162095 -0.423383 0.223357 0.20197 0.978077 0.0507366 -0.6546 0.405877 -0.130734 0.904529 -1.16998 0 0 0 1 
1807261650204;0.612524;0.160645;0.996673 -0.0798295 -0.016444 -0.180673 0.0802992 0.996313 0.0302198 -0.396231 0.0139709 -0.0314397 0.999408 0.70871 0 0 0 1 
1807261650205;0.404722;0.194586;0.868484 0.260029 -0.422044 0.277969 -0.311701 0.948466 -0.0570535 0.85694 0.385458 0.181102 0.904778 -0.944233 0 0 0 1 
1807261650206;0.626556;0.146458;0.952775 -0.301453 -0.0366857 -0.562451 0.295083 0.947567 -0.122647 -1.12551 0.0717343 0.106029 0.991772 0.43012 0 0 0 1 
1807261650207;0.542445;0.149364;0.999582 0.0165416 0.0237154 -0.160043 -0.0163343 0.999827 -0.00890974 -0.115587 -0.0238587 0.00851864 0.999679 0.744614 0 0 0 1 
1807261650208;0.417306;0.130828;0.949433 -0.0411621 -0.311261 -0.0869865 8.40978e-05 0.991402 -0.13085 0.048138 0.31397 0.124207 0.941273 -1.08618 0 0 0 1 
1807261650209;0.115948;0.130644;0.997554 -0.0241892 -0.0655741 -0.168187 0.0202173 0.997959 -0.0605719 0.00710791 0.0669054 0.0590981 0.996008 -0.157563 0 0 0 1 
1807261650210;0.290494;0.197696;0.96667 0.254232 0.0302481 -0.00216733 -0.241702 0.945163 -0.219652 0.765597 -0.0844318 0.20502 0.975109 0.349752 0 0 0 1 
1807261650211;0.634223;0.254725;0.973987 0.176334 -0.14232 0.642995 -0.196332 0.970281 -0.141449 0.548899 0.113149 0.165711 0.979662 -0.314627 0 0 0 1 
1807261650212;0.518398;0.0639162;0.917495 0.290207 -0.271998 0.218503 -0.264241 0.955856 0.128517 0.931944 0.297287 -0.0460409 0.953677 -1.23188 0 0 0 1 
1807261650213;0.562773;0.241495;0.991491 -0.130078 0.00493781 0.175267 0.124032 0.955557 0.267446 -0.0937863 -0.0395072 -0.264558 0.96356 -0.150496 0 0 0 1 
1807261650214;0.522212;0.135191;0.907563 -0.416868 -0.0505014 -0.0589015 0.419357 0.893576 0.160194 -1.50796 -0.0216531 -0.166564 0.985793 0.0521456 0 0 0 1 
1807261650215;0.876402;0.131084;0.905916 -0.367842 -0.209782 0.610263 0.358597 0.929888 -0.0819554 -1.51053 0.225221 -0.000982561 0.974307 -0.816536 0 0 0 1 
1807261650217;0.532131;0.46807;0.983071 0.0109752 0.182896 -0.247645 -0.0557081 0.968852 0.241294 -0.177276 -0.174551 -0.247398 0.953062 -0.854719 0 0 0 1 
1807261650218;0.499155;0.432591;0.995721 -0.0329749 -0.0863242 -0.349326 0.0439126 0.990796 0.128045 -0.139079 0.0813074 -0.131288 0.988004 -0.242493 0 0 0 1 
1807261650219;0.721512;0.596168;0.997076 0.0675169 -0.0357826 -0.110391 -0.0654756 0.996313 0.0554389 -0.864773 0.0393937 -0.052934 0.997821 -0.587784 0 0 0 1 
1807261650220;0.121853;0.477562;0.982934 -0.158404 0.0935369 -0.631346 0.155177 0.987041 0.0408595 -0.615528 -0.0987971 -0.0256474 0.994777 -0.0360268 0 0 0 1 
1807261650221;0.995809;0.453684;0.993637 -0.112397 0.00730119 -0.71843 0.112343 0.993642 0.00734716 -0.490094 -0.00808057 -0.00648016 0.999946 -0.850634 0 0 0 1 
1807261650222;1.09618;1.03517;0.998348 -0.0571874 0.00552359 -0.526626 0.0567877 0.996801 0.0562312 -0.923234 -0.00872163 -0.0558246 0.998402 -1.01188 0 0 0 1 
1807261650223;0.826304;0.95276;0.977668 -0.209889 0.0105399 -0.963182 0.209258 0.976903 0.0432606 -1.35907 -0.0193764 -0.040089 0.999008 -0.36193 0 0 0 1 
1807261650224;0.375842;0.426655;0.968091 -0.217377 -0.124687 -0.784558 0.242214 0.939283 0.243062 -1.00201 0.0642805 -0.265507 0.961964 -1.03662 0 0 0 1 
1807261650225;0.55112;0.842527;0.988921 0.140196 -0.04879 -0.239945 -0.144994 0.982715 -0.115098 -0.573447 0.0318104 0.120897 0.992155 0.542518 0 0 0 1 
1807261650226;0.761509;0.830365;0.988536 -0.15036 -0.0137188 -0.729056 0.150119 0.988519 -0.0171777 -0.402641 0.0161441 0.0149213 0.999758 0.458268 0 0 0 1 
1807261650227;0.75985;0.589011;0.999645 0.00643759 -0.0258673 -0.259705 -0.00479408 0.997995 0.0631034 0.171111 0.0262217 -0.062957 0.997672 -0.381585 0 0 0 1 
1807261650228;0.464961;0.941564;0.996413 -0.0725175 -0.0436172 -0.55406 0.076029 0.993466 0.0851191 -0.637072 0.0371596 -0.0881299 0.995416 -0.478598 0 0 0 1 
1807261650229;0.961907;0.451431;0.975964 0.0331011 0.215405 -0.14018 -0.0860243 0.966651 0.241218 0.0912306 -0.200236 -0.25395 0.946264 0.172642 0 0 0 1 
1807261650230;1.24871;0.545302;0.962342 -0.038021 -0.26917 -0.158162 0.0675737 0.992549 0.101391 -0.577919 0.263309 -0.115761 0.957741 -1.67408 0 0 0 1 
1807261650231;0.35278;0.437826;0.978925 -0.0700642 -0.191827 -0.373002 0.0397735 0.986729 -0.157429 -0.396929 0.200312 0.146481 0.96872 0.0994195 0 0 0 1 
1807261650232;0.725754;0.79424;0.968685 -0.0824735 -0.234196 -0.37943 0.119711 0.981486 0.149516 -0.655447 0.217529 -0.17287 0.960623 -0.769663 0 0 0 1 
1807261650233;0.807473;0.7518;0.994905 0.037679 0.0935126 -0.0934016 -0.047401 0.993445 0.104024 0.150643 -0.08898 -0.107926 0.990169 -0.301008 0 0 0 1 
1807261650234;0.330571;0.343872;0.980587 -0.194413 -0.0255512 -0.70377 0.19335 0.980353 -0.0390252 -0.623403 0.0326363 0.0333273 0.998911 0.32922 0 0 0 1 
1807261650235;0.476097;0.66508;0.997039 0.000167669 -0.0769018 -0.283166 0.01534 0.979467 0.20102 -0.722841 0.0753565 -0.201605 0.976564 -0.258325 0 0 0 1 
1807261650236;0.451212;0.583287;0.916095 -0.0617442 -0.396178 -0.226948 0.0243546 0.994817 -0.0987258 -0.300761 0.400221 0.0807935 0.91285 -0.042775 0 0 0 1 
1807261650237;0.797582;0.36761;0.947415 0.0177162 0.319518 -0.354296 -0.0825291 0.978218 0.190471 -0.379168 -0.309184 -0.206825 0.92824 -0.773727 0 0 0 1 
1807261650238;1.08583;1.53208;0.997097 0.032134 -0.0690218 -0.570455 -0.0317813 0.999476 0.00620206 -1.05729 0.0691849 -0.00399046 0.997596 0.802178 0 0 0 1 
1807261650239;1.02135;0.878331;0.956222 0.216539 0.196849 0.153108 -0.177943 0.964257 -0.196327 -0.229509 -0.232326 0.152704 0.960576 0.0849968 0 0 0 1 
1807261650240;0.859825;0.428765;0.996251 -0.085691 0.0118716 -0.581202 0.0856293 0.996311 0.00560955 -0.269447 -0.0123085 -0.00457196 0.999914 0.711264 0 0 0 1 
1807261650241;0.991567;1.18326;0.984065 -0.173652 0.0382209 -0.71104 0.153549 0.938327 0.309783 -1.05273 -0.0896582 -0.298978 0.950039 -0.599015 0 0 0 1 
1807261650242;0.558163;0.530824;0.982608 0.0260072 -0.183861 0.0982277 -0.00720915 0.99474 0.102179 -0.150197 0.185551 -0.0990762 0.977627 -0.788359 0 0 0 1 
1807261650243;0.371812;0.636736;0.993726 0.0696616 0.0875015 -0.0405862 -0.100999 0.894997 0.434487 -0.639001 -0.0480465 -0.440599 0.896418 -1.1349 0 0 0 1 
1807261650244;0.711238;0.293361;0.986912 -0.160301 -0.0175447 -0.704287 0.155987 0.976577 -0.148208 -0.682693 0.0408916 0.143531 0.988801 -0.198566 0 0 0 1 
1807261650245;0.732714;0.459805;0.989454 -0.0700063 -0.126809 -0.410673 0.0441733 0.979585 -0.196119 -0.0183023 0.13795 0.188449 0.972346 0.0300583 0 0 0 1 
1807261650246;1.2033;0.984951;0.980037 0.126748 0.153177 0.00978921 -0.136718 0.989005 0.0563666 -0.402344 -0.144348 -0.0761832 0.98659 0.947345 0 0 0 1 
1807261650248;0.419559;1.00434;0.999277 -0.0297267 0.0236956 -1.17343 0.0301054 0.999422 -0.01579 -0.56515 -0.0232125 0.016492 0.999595 0.0828539 0 0 0 1 
1807261650249;0.496114;0.959883;0.99388 0.1047 -0.0352199 -0.903617 -0.108126 0.987325 -0.116181 -0.59523 0.0226094 0.119278 0.992603 0.702823 0 0 0 1 
1807261650250;0.34812;0.905087;0.996103 0.0561306 -0.0680248 -0.625803 -0.0649569 0.988661 -0.135387 -0.234493 0.0596541 0.139278 0.988455 0.767691 0 0 0 1 
1807261650251;0.451728;1.0131;0.934856 0.345695 -0.0808704 0.0626655 -0.352057 0.93207 -0.0854483 -0.25597 0.0458378 0.108353 0.993055 0.640561 0 0 0 1 
1807261650252;0.33029;0.856191;0.898731 -0.247832 -0.36175 -1.96016 0.16586 0.955805 -0.24275 -0.286099 0.405923 0.158167 0.900117 0.812261 0 0 0 1 
1807261650253;0.249687;1.00192;0.997608 -0.0440704 0.0532594 -1.4766 0.0444207 0.998998 -0.00541087 -0.104082 -0.0529676 0.00776374 0.998566 -0.273483 0 0 0 1 
1807261650254;0.24129;0.993274;0.987989 0.146714 0.0485086 -0.77922 -0.135814 0.974194 -0.180278 -0.0815661 -0.073706 0.171524 0.982419 0.766276 0 0 0 1 
1807261650255;0.565737;0.913791;0.957634 0.116744 0.263265 -0.772766 -0.00429653 0.919839 -0.392272 -0.611144 -0.287957 0.374522 0.881371 2.06983 0 0 0 1 
1807261650256;0.73595;0.977506;0.89189 0.181578 0.4142 -0.682379 -0.235816 0.968218 0.0833298 0.041488 -0.385905 -0.171996 0.906363 -1.35422 0 0 0 1 
1807261650257;0.0754684;0.994113;0.999256 0.0369243 0.0111604 -1.09484 -0.0371401 0.999114 0.0197914 -0.0679782 -0.0104197 -0.0201912 0.999742 -0.113574 0 0 0 1 
1807261650258;0.796962;0.923397;0.995232 0.0972919 0.0069051 -0.328972 -0.0975362 0.992955 0.0672825 0.720594 -0.000310403 -0.0676352 0.99771 -0.107004 0 0 0 1 
1807261650259;0.200045;0.964043;0.999529 -0.0174617 0.0252239 -1.21212 0.0171597 0.999779 0.0121384 0.126338 -0.0254303 -0.0116998 0.999608 0.0268454 0 0 0 1 
1807261650260;0.602384;0.822421;0.970855 -0.144728 -0.191037 -1.67507 0.193654 0.943329 0.269498 -0.265855 0.141207 -0.298639 0.943862 -0.578276 0 0 0 1 
1807261650261;0.61809;0.896566;0.931917 -0.138311 -0.335263 -1.53967 0.144035 0.989541 -0.00786156 -0.16709 0.332844 -0.0409634 0.942092 0.461762 0 0 0 1 
1807261650262;0.377489;0.92721;0.921953 -0.305205 0.238436 -2.46951 0.347342 0.923915 -0.16042 -0.52274 -0.171333 0.230718 0.957817 0.984947 0 0 0 1 
