#;prob_registration_l1 -r /home/probabilistic_point_clouds_registration/build/tester /home/point_clouds_registration_benchmark//devel/registration_pairs/pioneer_slam3_local.txt /home/point_clouds_registration_benchmark//tum/pioneer_slam3 -s 0.1 -t 0.1 -p 0.3 -r 1000 -m 15 -i 40 
id;initial_error;final_error;transformation
39885980090000;0.518509;0.114546;0.994073 0.0429822 -0.099855 0.0468802 -0.03009 0.99142 0.127202 0.0550893 0.104466 -0.123443 0.986838 -0.431936 0 0 0 1 
39885980090001;1.1366;0.520478;0.998202 0.0250691 -0.0544365 0.260076 -0.022842 0.998892 0.0411552 -0.366178 0.0554078 -0.0398377 0.997669 0.281837 0 0 0 1 
39885980090002;0.639436;0.542954;0.999673 0.00741913 0.0244736 0.0858566 -0.00237967 0.979827 -0.199831 -0.0111964 -0.0254625 0.199707 0.979525 -0.0855797 0 0 0 1 
39885980090003;0.346141;0.157177;0.95484 -0.0489781 -0.293057 0.104144 -0.0406072 0.955554 -0.292007 0.0989061 0.294334 0.29072 0.910412 -0.840353 0 0 0 1 
39885980090004;1.0895;0.615616;0.96811 -0.0948098 -0.231893 0.0897311 0.0415247 0.973548 -0.224678 0.220409 0.247061 0.207884 0.946438 -1.13009 0 0 0 1 
39885980090005;0.90722;0.552509;0.999419 0.027654 -0.0199411 0.108208 -0.0289739 0.997178 -0.0692556 0.219937 0.0179696 0.0697931 0.9974 -0.447484 0 0 0 1 
39885980090006;0.367469;0.0731183;0.978543 -0.022576 -0.2048 0.0447059 -0.024339 0.974354 -0.2237 0.0763012 0.204598 0.223885 0.952898 -0.987293 0 0 0 1 
39885980090007;0.500039;0.242582;0.997004 -0.0740296 0.0224041 0.0266437 0.0772779 0.941313 -0.328571 -0.253341 0.00323477 0.329318 0.944214 -0.333277 0 0 0 1 
39885980090008;1.30544;0.621053;0.983387 0.0365848 -0.177796 0.140865 -0.0484251 0.996856 -0.0627172 0.441702 0.174943 0.0702851 0.982067 -1.10234 0 0 0 1 
39885980090009;1.07285;0.806539;0.99931 0.0204736 -0.0309743 -0.330457 -0.0205865 0.999783 -0.00332908 0.126133 0.0308994 0.00396443 0.999515 -0.0385604 0 0 0 1 
39885980090010;0.993349;0.808835;0.999549 0.0297435 -0.00419335 0.065044 -0.02993 0.998023 -0.0552706 0.0460157 0.00254112 0.0553712 0.998463 0.329359 0 0 0 1 
39885980090011;1.19076;0.678712;0.997527 -0.0248908 0.0657319 -0.182342 0.0407757 0.966673 -0.252748 0.162629 -0.0572502 0.254803 0.965297 -0.632951 0 0 0 1 
39885980090012;1.08018;0.366316;0.986907 0.127784 -0.0984134 0.159776 -0.138879 0.983534 -0.115646 0.0972935 0.0820153 0.127799 0.988403 -0.980211 0 0 0 1 
39885980090013;0.734434;0.212758;0.999108 0.0159725 -0.0391008 -0.10359 -0.0248756 0.970674 -0.239108 0.061531 0.034135 0.239867 0.970205 0.102683 0 0 0 1 
39885980090014;1.32795;0.832059;0.928412 0.0752254 -0.363857 0.275543 -0.000496882 0.97954 0.201247 0.106807 0.371552 -0.186659 0.909455 -1.13591 0 0 0 1 
39885980090015;0.724355;0.0632596;0.999695 0.0149535 0.0196623 0.0296995 -0.0150027 0.999885 0.00236149 0.104308 -0.0196248 -0.00265576 0.999804 -0.50487 0 0 0 1 
39885980090016;0.348273;0.0183272;0.981102 0.0155788 -0.192864 0.0625487 0.0268091 0.976195 0.215232 -0.019912 0.191626 -0.216335 0.957329 -0.370451 0 0 0 1 
39885980090017;0.847163;0.379722;0.996339 -0.0670168 -0.0530806 0.279579 0.054425 0.976032 -0.210714 0.0795406 0.0659297 0.207054 0.976106 -0.833962 0 0 0 1 
39885980090018;0.98085;0.492834;0.987393 0.00657434 -0.158154 -0.121597 -0.0325113 0.986259 -0.161977 0.188529 0.154916 0.165077 0.974038 -0.0366544 0 0 0 1 
39885980090019;1.01873;0.0813186;0.979342 0.195335 0.0522873 -0.581569 -0.19762 0.979344 0.0427932 0.298309 -0.0428483 -0.0522422 0.997715 0.798719 0 0 0 1 
39885980090020;0.349842;0.24995;0.975293 0.131604 0.177438 -0.220156 -0.10046 0.979547 -0.17434 0.232302 -0.196753 0.152207 0.968567 0.34584 0 0 0 1 
39885980090021;0.142777;0.0489623;0.977066 -0.00528995 -0.212872 0.0440311 -0.0146679 0.995645 -0.0920666 0.0536397 0.212432 0.0930775 0.972733 -0.559181 0 0 0 1 
39885980090022;0.343863;0.102395;0.988088 0.0914159 0.123791 -0.0746629 -0.0851185 0.994838 -0.0552492 0.229834 -0.128203 0.0440542 0.990769 0.430822 0 0 0 1 
39885980090023;0.973502;0.85796;0.951663 0.0421181 -0.304243 0.126826 0.0196291 0.980188 0.197092 -0.0457207 0.306516 -0.193538 0.931982 -0.541999 0 0 0 1 
39885980090024;1.13358;0.116913;0.999053 0.0335275 0.0277307 -0.112422 -0.0320999 0.998212 -0.0504135 -0.0378356 -0.0293714 0.0494756 0.998343 -0.856257 0 0 0 1 
39885980090025;0.64818;0.331727;0.9974 -0.0693823 -0.0194901 0.00676141 0.0679104 0.995366 -0.0680843 -0.319152 0.0241236 0.0665837 0.997489 0.107443 0 0 0 1 
39885980090026;1.25567;0.214565;0.989359 -0.0921919 0.11256 0.180032 0.0747295 0.985774 0.150551 -0.247 -0.124838 -0.140537 0.982173 1.42164 0 0 0 1 
39885980090027;0.709211;0.0477322;0.99678 0.0709229 0.0374149 -0.15557 -0.0706676 0.997467 -0.00810563 0.47885 -0.037895 0.0054355 0.999267 0.508793 0 0 0 1 
39885980090028;1.02062;0.439639;0.998795 0.0483294 0.00858464 0.073665 -0.0483363 0.998831 0.000599028 0.304163 -0.00854565 -0.00101326 0.999963 0.570581 0 0 0 1 
39885980090029;0.737875;0.184384;0.974911 0.206787 -0.0823868 -0.104056 -0.188198 0.963376 0.191021 0.395429 0.11887 -0.170724 0.978122 0.411104 0 0 0 1 
39885980090031;0.500388;0.32387;0.957375 -0.0141229 -0.288501 0.402079 0.0311979 0.998017 0.0546729 0.309725 0.287157 -0.0613431 0.955917 -1.50592 0 0 0 1 
39885980090032;0.490152;0.706489;0.924155 -0.366629 -0.107334 0.306706 0.364927 0.930347 -0.0358053 -0.683371 0.112985 -0.00607948 0.993578 -0.337591 0 0 0 1 
39885980090033;0.259006;0.409402;0.928448 -0.277358 -0.247096 0.244346 0.276267 0.960256 -0.0398039 -0.383654 0.248316 -0.0313087 0.968173 -0.809585 0 0 0 1 
39885980090034;0.13399;0.406723;0.99101 -0.112214 -0.0728531 0.217519 0.101912 0.985951 -0.132345 0.0193541 0.0866806 0.123731 0.988523 -0.1615 0 0 0 1 
39885980090035;0.310003;0.436358;0.987833 -0.151291 -0.036016 0.182286 0.133289 0.942933 -0.30514 0.0464435 0.0801255 0.296627 0.951626 0.307618 0 0 0 1 
39885980090036;0.791909;0.38068;0.881919 -0.102165 -0.460198 1.52192 0.162664 0.982225 0.0936715 -0.246551 0.442448 -0.157468 0.882861 -1.92778 0 0 0 1 
39885980090037;0.326129;0.432362;0.999464 -0.0272993 -0.0180852 0.0274036 0.0251182 0.993452 -0.111459 0.20416 0.0210095 0.110945 0.993604 0.317082 0 0 0 1 
39885980090038;0.582863;0.627684;0.999752 0.0109752 -0.0193849 0.0717863 -0.0130276 0.993941 -0.10914 0.108416 0.0180696 0.109365 0.993837 -0.0270828 0 0 0 1 
39885980090039;0.172583;0.423879;0.998167 -0.0539241 -0.02748 0.182286 0.0509086 0.993622 -0.100617 0.254747 0.0327304 0.0990333 0.994546 0.195294 0 0 0 1 
39885980090040;0.259945;0.328807;0.996062 -0.0635042 0.061875 0.255171 0.0546137 0.989193 0.13607 0.348538 -0.0698473 -0.132154 0.988765 -0.0483377 0 0 0 1 
39885980090041;0.477445;0.678937;0.984323 -0.162878 0.0676668 0.329786 0.165789 0.985355 -0.0398611 -0.358231 -0.0601833 0.0504546 0.996911 -0.0345642 0 0 0 1 
39885980090042;0.418217;0.464581;0.997173 -0.0735901 0.0151799 0.147719 0.074068 0.996681 -0.0337789 0.50419 -0.0126437 0.0348077 0.999314 0.355213 0 0 0 1 
39885980090043;0.341309;0.423919;0.971961 -0.171734 -0.160619 0.216348 0.200468 0.962207 0.184308 -0.429316 0.122897 -0.21134 0.969656 -0.78031 0 0 0 1 
39885980090044;0.352045;0.43494;0.932946 -0.193261 0.303746 0.149084 0.14578 0.974232 0.172106 -0.168371 -0.32918 -0.116285 0.93708 0.486118 0 0 0 1 
39885980090045;0.207777;0.441577;0.970293 -0.16422 0.177661 0.133908 0.175505 0.983224 -0.0496835 -0.129318 -0.166522 0.079388 0.982837 0.617081 0 0 0 1 
39885980090046;0.379302;0.438545;0.945516 -0.0480762 0.322007 0.255984 0.128791 0.963595 -0.234304 0.0126883 -0.29902 0.263009 0.917286 1.049 0 0 0 1 
39885980090047;0.227046;0.344833;0.976819 0.0129209 0.213674 0.400702 -0.0159543 0.999795 0.0124779 0.314939 -0.213469 -0.0155977 0.976825 0.277891 0 0 0 1 
39885980090048;0.266999;0.382433;0.992626 0.0121128 0.120611 0.551682 0.0196602 0.965734 -0.258789 0.278739 -0.119613 0.259252 0.958374 1.03993 0 0 0 1 
39885980090049;0.523967;0.374286;0.958328 -0.0324677 0.283819 0.679063 -0.0227533 0.981689 0.189129 0.307475 -0.284762 -0.187705 0.940041 1.04388 0 0 0 1 
39885980090050;0.207409;0.525262;0.996817 -0.0741089 -0.0293726 0.417406 0.0715635 0.994234 -0.0798628 -0.0197535 0.0351218 0.0775066 0.996373 0.0739149 0 0 0 1 
39885980090051;0.499446;0.391373;0.992053 0.0817746 0.0956268 0.887874 -0.0599689 0.975428 -0.212001 0.756327 -0.110613 0.204581 0.97258 0.0943809 0 0 0 1 
39885980090052;0.316512;0.394802;0.994142 0.0368765 0.101595 0.262971 -0.0132982 0.974585 -0.223623 0.585541 -0.10726 0.220962 0.969366 0.396357 0 0 0 1 
39885980090053;0.450592;0.425254;0.98953 -0.143616 0.0142852 0.168511 0.144293 0.982392 -0.118685 0.151933 0.00301141 0.119504 0.992829 -0.419621 0 0 0 1 
39885980090054;0.48513;0.546262;0.957094 -0.277907 -0.0820887 0.148098 0.289687 0.910536 0.294968 -0.572561 -0.00722899 -0.306092 0.951975 -0.646896 0 0 0 1 
39885980090055;0.127893;0.471161;0.986742 -0.155936 -0.0449803 0.374762 0.148333 0.97899 -0.139912 -0.0193352 0.0658526 0.131385 0.989142 0.128323 0 0 0 1 
39885980090056;0.526201;0.529675;0.948 -0.315573 -0.0413428 0.269785 0.318059 0.944069 0.0870177 -0.348728 0.01157 -0.0956423 0.995349 0.365742 0 0 0 1 
39885980090057;0.593626;0.432821;0.964031 -0.0354337 -0.263417 1.06009 0.105084 0.961137 0.255289 0.0252179 0.244134 -0.273787 0.93029 -0.706432 0 0 0 1 
39885980090058;0.12749;0.372166;0.98079 -0.0195924 -0.194078 0.375188 -0.00473398 0.992259 -0.124093 0.381308 0.195007 0.122628 0.973106 -0.298409 0 0 0 1 
39885980090059;0.597495;0.371387;0.917155 -0.179976 -0.355577 0.0770294 0.066968 0.949133 -0.307671 -0.0911653 0.392863 0.25837 0.882555 0.181115 0 0 0 1 
39885980090060;0.466612;0.521742;0.968525 -0.248692 0.0106176 0.266832 0.241287 0.927499 -0.285527 -0.179461 0.0611603 0.279102 0.958312 0.830097 0 0 0 1 
39885980090062;0.722072;0.583331;0.987581 0.0162115 -0.15627 -0.0748071 -0.010844 0.999324 0.0351393 0.0977006 0.156734 -0.0330083 0.987089 -0.316126 0 0 0 1 
39885980090063;0.21414;0.059083;0.998104 0.0400773 0.0467168 -0.0116892 -0.0182349 0.917438 -0.397461 0.178742 -0.0587889 0.395856 0.916429 -0.337664 0 0 0 1 
39885980090064;0.937509;0.480749;0.99633 0.0854314 0.00521853 -0.287751 -0.0828166 0.977642 -0.193279 0.277555 -0.0216139 0.192137 0.98113 -0.725765 0 0 0 1 
39885980090065;0.614008;0.289396;0.942605 0.118637 0.312123 -0.197189 -0.0241226 0.956506 -0.290715 0.289987 -0.333037 0.2665 0.904469 0.457608 0 0 0 1 
39885980090066;0.857809;0.123932;0.998824 -0.00534758 0.0481815 0.0983595 0.00955188 0.996123 -0.0874568 -0.427045 -0.047527 0.0878142 0.995002 0.628736 0 0 0 1 
39885980090067;0.711929;0.585947;0.99361 0.00817817 -0.112571 0.0951829 -0.0233773 0.990655 -0.134371 0.11124 0.11042 0.136144 0.984516 -0.577604 0 0 0 1 
39885980090068;0.589386;0.100417;0.999988 0.00275178 0.00405858 0.0506518 -0.00277448 0.99998 0.00559694 0.0818827 -0.0040431 -0.00560813 0.999976 0.502225 0 0 0 1 
39885980090069;0.410197;0.137598;0.998978 -0.00497769 -0.0449327 0.125841 0.00586683 0.999789 0.0196779 -0.0649286 0.0448253 -0.0199214 0.998796 -0.34885 0 0 0 1 
39885980090070;0.483885;0.162912;0.938394 0.0611926 0.340107 -0.0597728 -0.0721432 0.997201 0.019633 0.129029 -0.337954 -0.0429599 0.940182 1.09514 0 0 0 1 
39885980090071;0.64931;0.559805;0.975703 -0.0395681 -0.215496 0.0649772 -0.0343798 0.943724 -0.328943 0.193584 0.216384 0.328359 0.919434 -0.840779 0 0 0 1 
39885980090072;0.398606;0.340127;0.99903 -0.0218255 0.038245 0.00463368 0.012977 0.975879 0.217927 -0.0652991 -0.0420789 -0.21722 0.975215 0.394258 0 0 0 1 
39885980090073;0.928997;0.631883;0.956051 0.0803142 -0.281986 0.0601927 -0.0738756 0.996708 0.0334092 0.404053 0.283741 -0.011109 0.958837 -0.431628 0 0 0 1 
39885980090074;0.42064;0.290644;0.912619 0.000111312 0.408811 0.109147 0.0331292 0.996691 -0.0742282 -0.123411 -0.407467 0.0812857 0.909595 1.04942 0 0 0 1 
39885980090075;0.428471;0.326254;0.948626 0.0315338 0.314824 -0.0403467 -0.0888555 0.981529 0.169426 0.178266 -0.303666 -0.188695 0.933906 1.18147 0 0 0 1 
39885980090076;0.878954;0.703569;0.992751 -0.0211494 0.118318 0.0626215 0.0215021 0.999767 -0.00170475 -0.0816112 -0.118254 0.00423647 0.992974 0.72444 0 0 0 1 
39885980090077;0.395145;0.326309;0.985175 0.169501 -0.026451 -0.197107 -0.171317 0.963987 -0.203418 0.349497 -0.00898103 0.204934 0.978735 -0.213678 0 0 0 1 
39885980090078;1.1758;0.106741;0.999068 -0.0353054 0.024844 -0.0683251 0.0365027 0.998106 -0.0495133 -0.10076 -0.0230489 0.050374 0.998464 -0.972248 0 0 0 1 
39885980090079;1.02505;0.738355;0.96299 -0.00842798 -0.269405 -0.0807483 -0.0616245 0.966153 -0.250502 0.173172 0.262398 0.257833 0.929876 -0.510133 0 0 0 1 
39885980090080;0.475546;0.0591935;0.999242 -0.0389167 -0.00118161 0.112513 0.0388926 0.999113 -0.01613 -0.126243 0.00180829 0.0160718 0.999869 -0.399582 0 0 0 1 
39885980090081;0.321616;0.106243;0.946135 0.00939998 0.323636 0.111817 -0.000884541 0.99965 -0.0264488 -0.0205706 -0.323772 0.0247379 0.945812 0.940318 0 0 0 1 
39885980090082;1.0641;0.393508;0.973957 0.023687 0.225492 -0.316614 -0.0310313 0.999095 0.029081 0.00808569 -0.224599 -0.035321 0.973811 -0.0475893 0 0 0 1 
39885980090083;0.893927;0.109798;0.952026 -0.0373509 0.30373 -0.121219 -0.0706686 0.938862 0.336963 -0.184367 -0.297746 -0.342261 0.891181 0.780168 0 0 0 1 
39885980090084;0.543877;0.433971;0.994642 0.0385429 -0.095923 0.124764 -0.0530766 0.986658 -0.15391 -0.366786 0.0887111 0.158177 0.983418 -0.335897 0 0 0 1 
39885980090085;0.738131;0.682899;0.879757 0.0619783 0.471366 0.0555441 -0.0838286 0.996154 0.0254768 0.0782153 -0.467974 -0.0619274 0.88157 0.99491 0 0 0 1 
39885980090086;0.60161;0.0671427;0.998785 0.0481265 0.0106212 -0.0728149 -0.0485516 0.997839 0.0442615 0.107753 -0.00846808 -0.0447234 0.998964 0.597238 0 0 0 1 
39885980090087;0.217577;0.0984712;0.999125 0.0317316 -0.0272557 -0.101846 -0.0310473 0.999201 0.0251752 -0.0394476 0.0280328 -0.0243069 0.999311 -0.111188 0 0 0 1 
39885980090088;0.201974;0.142508;0.99916 -0.0117753 0.0392604 0.0469101 0.0203009 0.974277 -0.224436 0.0636483 -0.0356077 0.225044 0.973698 -0.249306 0 0 0 1 
39885980090089;0.645809;0.32303;0.91299 0.0573626 -0.403929 0.207813 -0.0180356 0.994773 0.100504 -0.139254 0.407583 -0.084474 0.909253 -1.33281 0 0 0 1 
39885980090090;0.450371;0.341512;0.95252 0.143665 0.268452 -0.252808 -0.154878 0.987711 0.0209503 0.279521 -0.262143 -0.0615328 0.963065 0.936519 0 0 0 1 
39885980090091;0.498519;0.150194;0.99401 0.0816479 -0.0726482 -0.00953996 -0.0739024 0.991872 0.103575 0.0322822 0.0805144 -0.0975853 0.991965 0.300772 0 0 0 1 
39885980090093;0.227552;0.15514;0.980744 -0.00863582 0.195106 -0.0784618 -0.000424398 0.998925 0.0463479 0.134633 -0.195297 -0.0455383 0.979686 0.445396 0 0 0 1 
39885980090094;0.336698;0.324318;0.980085 -0.147623 0.132821 0.507839 0.154595 0.987009 -0.0437458 0.0968831 -0.124638 0.0634081 0.990174 -0.204513 0 0 0 1 
39885980090095;0.148785;0.174588;0.987136 -0.00321574 -0.15985 -0.0804643 -0.00698985 0.997974 -0.0632415 0.167908 0.15973 0.0635453 0.985113 -0.200398 0 0 0 1 
39885980090096;0.662123;0.434289;0.974 0.117715 -0.193566 -0.22794 -0.0606929 0.95876 0.277661 0.172272 0.218268 -0.258694 0.940976 0.159302 0 0 0 1 
39885980090097;0.657715;0.409677;0.967451 0.0463133 0.248784 -0.279545 -0.0638326 0.995982 0.0628166 -0.383262 -0.244875 -0.0766525 0.96652 0.296808 0 0 0 1 
39885980090098;0.630821;0.279201;0.99965 0.0261453 -0.00411055 -0.322186 -0.0260977 0.947925 -0.317421 0.0107403 -0.00440257 0.317417 0.948276 -0.303906 0 0 0 1 
39885980090099;0.628543;0.33751;0.941384 -0.180635 0.284899 0.588078 0.190039 0.981761 -0.00547109 0.681167 -0.278715 0.0592924 0.958542 0.496212 0 0 0 1 
39885980090100;0.425699;0.305635;0.951207 0.264631 0.158667 -1.24278 -0.235615 0.954985 -0.180248 0.796826 -0.199224 0.134069 0.97074 -0.557691 0 0 0 1 
39885980090101;0.696606;0.482091;0.999608 -0.00827855 -0.0267364 -0.0525084 0.0133263 0.980803 0.194547 -0.100354 0.0246126 -0.194827 0.980529 1.08682 0 0 0 1 
39885980090102;0.122477;0.0847469;0.999509 0.0307755 0.00581197 -0.233504 -0.0308179 0.999498 0.00735665 0.146961 -0.00558265 -0.00753215 0.999956 0.0928622 0 0 0 1 
39885980090103;0.717527;0.155524;0.902141 0.38454 0.19563 -2.15405 -0.366583 0.922295 -0.122426 0.483686 -0.227507 0.038731 0.973006 0.216775 0 0 0 1 
39885980090104;0.685443;0.533089;0.975552 0.219053 0.0177121 -1.0677 -0.219583 0.974865 0.0377069 -0.331991 -0.00900708 -0.0406743 0.999132 -0.0570809 0 0 0 1 
39885980090105;0.47354;0.384434;0.981692 0.188263 0.0289368 -0.961696 -0.188761 0.9819 0.0155562 -0.134867 -0.0254844 -0.0207335 0.99946 0.127239 0 0 0 1 
39885980090106;0.459683;0.195295;0.953647 0.16751 -0.249996 -0.588549 -0.140223 0.982405 0.12336 0.326918 0.266261 -0.0825865 0.960356 -0.436045 0 0 0 1 
39885980090107;0.891834;0.695282;0.964712 -0.251523 0.0778878 0.738364 0.251962 0.967728 0.00430089 -0.168641 -0.076456 0.0154756 0.996953 0.0422124 0 0 0 1 
39885980090108;0.424446;0.246614;0.894271 -0.175913 0.411502 0.396897 0.137293 0.983006 0.121863 0.203148 -0.425946 -0.0524827 0.903225 0.454489 0 0 0 1 
39885980090109;0.495711;0.253966;0.952358 0.30498 -0.00138756 -1.43381 -0.30469 0.951633 0.0394729 0.898185 0.0133589 -0.0371695 0.99922 0.343966 0 0 0 1 
39885980090110;0.968235;0.585695;0.880889 0.402933 0.248354 -1.81424 -0.449165 0.877103 0.17012 1.15515 -0.149285 -0.261408 0.953614 2.00702 0 0 0 1 
39885980090111;0.425117;0.164876;0.998587 0.0490706 0.0203815 -0.382455 -0.0495132 0.998535 0.0218056 0.265494 -0.0192816 -0.022784 0.999554 0.631773 0 0 0 1 
39885980090112;0.465914;0.439755;0.901214 0.429786 -0.0556516 -1.95304 -0.42875 0.86551 -0.258969 1.09315 -0.0631343 0.257248 0.964281 -0.90357 0 0 0 1 
39885980090113;0.34947;0.146216;0.993333 0.109616 0.0356906 -0.615386 -0.115135 0.927782 0.354915 0.554331 0.00579144 -0.356658 0.934217 1.51137 0 0 0 1 
39885980090114;0.0961654;0.110742;0.996584 0.0663506 -0.0491703 -0.368393 -0.0661021 0.997791 0.00666531 0.162186 0.0495039 -0.00339228 0.998768 -0.130588 0 0 0 1 
39885980090115;0.726185;0.371754;0.983328 -0.101668 -0.150763 0.110392 0.0946518 0.994097 -0.0530243 0.331125 0.155264 0.0378703 0.987147 0.685187 0 0 0 1 
39885980090116;0.788969;0.511031;0.956262 -0.291074 -0.0289733 1.0235 0.287567 0.953608 -0.0890934 0.515062 0.0535619 0.0768649 0.995602 0.489951 0 0 0 1 
39885980090117;0.478045;0.203238;0.99525 0.0508982 0.0829893 -0.30976 -0.0521087 0.998563 0.0124845 0.229239 -0.0822347 -0.0167497 0.996472 0.717007 0 0 0 1 
39885980090118;0.326438;0.297293;0.99196 -0.124974 0.0199115 0.353219 0.124745 0.992112 0.0123748 0.191287 -0.021301 -0.00979146 0.999725 0.245892 0 0 0 1 
39885980090119;0.735474;0.342508;0.980076 -0.116895 0.160582 0.39472 0.123626 0.991795 -0.0325507 0.0393413 -0.155459 0.0517542 0.986486 0.768523 0 0 0 1 
39885980090120;0.723848;0.118538;0.992401 -0.00308028 0.123008 -0.293293 0.0152048 0.995095 -0.0977507 0.678036 -0.122103 0.0988782 0.98758 0.506834 0 0 0 1 
39885980090121;0.394688;0.323681;0.998206 0.0573885 -0.0170766 -0.323981 -0.0592277 0.988234 -0.141018 -0.0709584 0.00878289 0.141776 0.98986 -0.218339 0 0 0 1 
39885980090122;0.722168;0.333734;0.980048 0.193095 0.047113 -0.969882 -0.191783 0.980949 -0.0309675 0.415501 -0.0521951 0.0213141 0.998409 0.892039 0 0 0 1 
39885980090124;0.340489;0.00694314;0.995433 0.0951009 0.00830219 0.262552 -0.0950425 0.995447 -0.00716934 -0.642585 -0.00894621 0.00634754 0.99994 -0.356727 0 0 0 1 
39885980090125;0.370091;0.0168086;0.914339 0.0122293 0.404765 -0.425883 -0.0491073 0.995516 0.0808526 -0.264834 -0.401961 -0.0938036 0.910839 -0.997992 0 0 0 1 
39885980090126;0.34208;0.0133643;0.887046 0.246951 0.390084 0.575739 -0.261851 0.964985 -0.0154601 -0.543894 -0.380242 -0.0884298 0.92065 -0.631325 0 0 0 1 
39885980090127;0.0863411;0.0277461;0.996 -0.0136594 -0.0883041 -0.0217692 0.0185769 0.998308 0.0551088 0.00397591 0.0874019 -0.0565288 0.994568 -0.0123351 0 0 0 1 
39885980090128;0.358883;0.0122179;0.973275 0.163511 0.161248 0.670307 -0.170425 0.984916 0.0299272 0.00792751 -0.153922 -0.0566081 0.98646 0.204713 0 0 0 1 
39885980090129;0.382249;0.0375974;0.936115 0.351681 0.0029377 1.37997 -0.351685 0.936118 0.000925062 -0.800559 -0.00242471 -0.00189911 0.999995 -0.0253871 0 0 0 1 
39885980090130;0.323168;0.0461718;0.976455 0.167909 -0.135433 0.819197 -0.184004 0.975982 -0.116629 -0.0716339 0.112597 0.138803 0.983898 0.336863 0 0 0 1 
39885980090131;0.505537;0.0384006;0.995911 -0.0897346 -0.0104204 -0.769098 0.088955 0.994227 -0.0600028 -0.630351 0.0157445 0.0588305 0.998144 -0.205488 0 0 0 1 
39885980090132;0.44134;0.0128559;0.999236 0.0169631 -0.0352179 -0.670843 -0.0204707 0.994599 -0.101755 0.0824818 0.0333016 0.102398 0.994186 0.79977 0 0 0 1 
39885980090133;0.275576;0.0346561;0.99889 -0.0455726 -0.011889 -0.601453 0.0456581 0.998932 0.00702283 -0.100906 0.0115563 -0.00755787 0.999905 -0.159429 0 0 0 1 
39885980090134;0.264805;0.042524;0.986015 -0.114146 0.121427 -0.399195 0.140508 0.961199 -0.237391 0.0683133 -0.0896182 0.251133 0.963795 0.946251 0 0 0 1 
39885980090135;0.321182;0.0116899;0.981247 0.190627 0.0285436 0.254548 -0.185421 0.973971 -0.130386 -0.224738 -0.0526557 0.122648 0.991052 0.690743 0 0 0 1 
39885980090136;0.536598;0.0123557;0.991156 0.066354 -0.114923 -0.183341 -0.0809678 0.988521 -0.127559 0.104166 0.10514 0.135736 0.98515 1.49963 0 0 0 1 
39885980090137;0.239766;0.0196041;0.99897 0.032557 0.0315962 -0.0532794 -0.0342734 0.997876 0.0553971 0.0414774 -0.0297255 -0.0564229 0.997964 -0.647509 0 0 0 1 
39885980090138;0.366462;0.0393999;0.940677 -0.322642 -0.105022 -1.19815 0.31474 0.945352 -0.0851418 0.240722 0.126753 0.0470364 0.990818 0.100587 0 0 0 1 
39885980090139;0.522118;0.0150307;0.989143 0.142026 0.0377436 -0.211044 -0.14442 0.986974 0.0708883 -0.69455 -0.0271839 -0.0755696 0.99677 0.164729 0 0 0 1 
39885980090140;0.328612;0.0209503;0.977648 -0.0355911 -0.207215 -0.163278 0.0194044 0.996636 -0.0796304 0.0338546 0.209352 0.0738295 0.975049 1.07477 0 0 0 1 
39885980090141;0.0802768;0.00828205;0.998991 -0.0151758 0.0422645 -0.157942 0.0131555 0.998776 0.0476748 -0.0479697 -0.0429363 -0.0470707 0.997968 -0.148826 0 0 0 1 
39885980090142;0.374391;0.0458251;0.940417 0.244762 -0.236025 1.06945 -0.171282 0.940643 0.293007 -0.630118 0.293732 -0.235122 0.92652 -0.635744 0 0 0 1 
39885980090143;0.228673;0.0384779;0.985651 0.162011 -0.0473836 0.653259 -0.162126 0.986769 0.00143551 -0.149385 0.0469892 0.00626719 0.998876 -0.15723 0 0 0 1 
39885980090144;0.446317;0.0377086;0.926356 0.376546 0.0088436 1.38009 -0.376643 0.925954 0.0273668 -0.860334 0.00211607 -0.0286822 0.999586 0.237019 0 0 0 1 
39885980090145;0.0431272;0.0112957;0.999731 0.00997848 0.020936 0.00294508 -0.0107301 0.999291 0.0361016 -0.0221721 -0.0205609 -0.0363166 0.999129 -0.162852 0 0 0 1 
39885980090146;0.329175;0.0338093;0.994327 -0.098729 -0.0395825 -0.225803 0.097491 0.994719 -0.0320766 0.412429 0.0425403 0.0280357 0.998701 0.633662 0 0 0 1 
39885980090147;0.155218;0.0133592;0.998712 0.0461904 0.020994 0.0204179 -0.0474254 0.996903 0.0627332 -0.110647 -0.0180313 -0.0636481 0.997809 -0.00704912 0 0 0 1 
39885980090148;0.427209;0.0127145;0.987798 0.13778 0.0726135 0.299471 -0.116751 0.963661 -0.240263 -0.444495 -0.103078 0.228854 0.967988 1.4757 0 0 0 1 
39885980090149;0.211483;0.0209881;0.986043 -0.108495 0.126283 -0.598608 0.107622 0.994097 0.013736 0.159748 -0.127027 4.64899e-05 0.991899 0.0787459 0 0 0 1 
39885980090150;0.560906;0.0508468;0.927099 0.193363 -0.321089 1.10181 -0.223162 0.973032 -0.0583798 0.337008 0.301141 0.125779 0.945248 0.33067 0 0 0 1 
39885980090151;0.283425;0.0217177;0.950758 0.280874 0.131028 0.916989 -0.235987 0.930109 -0.281438 -0.450788 -0.200919 0.236659 0.950591 0.63493 0 0 0 1 
39885980090152;0.461176;0.0356946;0.908811 -0.39803 0.125037 -1.70273 0.391857 0.917231 0.0716652 0.196146 -0.143212 -0.0161336 0.98956 -0.389088 0 0 0 1 
39885980090153;0.364593;0.011796;0.993324 0.102949 0.0520403 0.00415556 -0.106394 0.991966 0.0684361 -0.585797 -0.0445767 -0.073516 0.996297 -0.715768 0 0 0 1 
39885980090155;0.220386;0.966009;0.996016 -0.0885839 0.0102048 -0.398129 0.0884839 0.996029 0.00986773 0.513053 -0.0110384 -0.00892546 0.999899 0.0547328 0 0 0 1 
39885980090156;0.547565;1.1449;0.954965 -0.128194 0.267598 -0.036579 0.0875316 0.983432 0.158747 0.566185 -0.283514 -0.128175 0.950364 1.34947 0 0 0 1 
39885980090157;0.178395;0.549785;0.999499 0.0274283 0.0157658 -0.302182 -0.0273635 0.999616 -0.00431089 0.403766 -0.0158779 0.00387732 0.999866 -0.0694383 0 0 0 1 
39885980090158;0.913519;0.956834;0.909956 0.0111988 0.414554 0.408043 -0.0672662 0.990383 0.120896 0.994091 -0.409214 -0.137896 0.901958 2.05046 0 0 0 1 
39885980090159;0.31181;1.06447;0.979751 0.160269 -0.120011 -0.222794 -0.197353 0.874116 -0.443817 1.91202 0.0337733 0.458515 0.888045 -0.299881 0 0 0 1 
39885980090160;0.529179;1.10675;0.99607 0.0867361 -0.0179408 -0.548315 -0.0864172 0.996099 0.0178435 1.32229 0.0194185 -0.016223 0.99968 0.44755 0 0 0 1 
39885980090161;0.588623;1.09268;0.975788 -0.136262 0.171087 -0.372014 0.109406 0.981415 0.157654 0.620166 -0.18939 -0.135119 0.972561 1.18838 0 0 0 1 
39885980090162;0.825722;1.1855;0.977583 -0.207499 -0.0357072 -0.176406 0.206978 0.978184 -0.0177625 0.46107 0.0386139 0.00997369 0.999204 -0.850846 0 0 0 1 
39885980090163;0.504725;0.595281;0.99973 0.0227243 0.00492069 -0.276291 -0.0228614 0.999292 0.0298782 0.782714 -0.00423824 -0.0299826 0.999541 0.0675307 0 0 0 1 
39885980090164;0.244441;0.431423;0.996922 0.0203873 -0.0757038 -0.287238 -0.0110984 0.992572 0.121151 0.271076 0.0776115 -0.119938 0.989743 -0.41476 0 0 0 1 
39885980090165;0.707584;0.815828;0.994194 0.106521 0.0151883 -0.538913 -0.106474 0.994308 -0.00382701 1.32882 -0.0155095 0.00218763 0.999877 -0.640855 0 0 0 1 
39885980090166;0.507941;1.13741;0.965897 0.22281 0.131905 -0.32259 -0.205449 0.969548 -0.133297 2.10049 -0.157588 0.101652 0.982259 0.754087 0 0 0 1 
39885980090167;0.79424;1.03218;0.982579 -0.176869 -0.0570544 -0.291407 0.170263 0.97978 -0.105082 0.536771 0.0744864 0.093537 0.992826 0.455044 0 0 0 1 
39885980090168;0.994365;0.834183;0.997184 0.0667361 -0.0341963 0.338483 -0.0697224 0.993011 -0.0952282 1.3817 0.0276022 0.0973443 0.994868 0.613564 0 0 0 1 
39885980090169;0.602224;0.903099;0.959763 0.221762 -0.17227 -0.421485 -0.237825 0.96811 -0.0787498 2.16003 0.149313 0.116551 0.981897 -0.74669 0 0 0 1 
39885980090170;0.878287;1.01073;0.97439 -0.132153 -0.181935 -0.386169 0.167984 0.965649 0.198249 0.208582 0.149486 -0.223734 0.963118 0.440442 0 0 0 1 
39885980090171;0.174618;1.05906;0.97617 0.182391 -0.117585 -0.245001 -0.179496 0.983141 0.0348522 1.69215 0.121959 -0.0129157 0.992451 -0.498081 0 0 0 1 
39885980090172;0.809772;1.10303;0.990596 0.136817 -0.00114198 -0.748632 -0.136809 0.990584 0.00522837 1.7081 0.00184656 -0.00502297 0.999986 0.729092 0 0 0 1 
39885980090173;0.12527;0.886766;0.999211 -0.0107856 -0.0382266 -0.449203 0.00650474 0.993867 -0.110389 0.823325 0.0391828 0.110053 0.993153 -0.193419 0 0 0 1 
39885980090174;1.08358;1.00572;0.950128 0.120828 0.287501 -0.330199 -0.135108 0.990368 0.0302821 1.61884 -0.281073 -0.0676156 0.957302 1.85354 0 0 0 1 
39885980090175;0.382051;0.467665;0.999493 0.0312713 0.00599531 -0.436667 -0.0312244 0.999482 -0.00775473 0.353136 -0.0062347 0.0075636 0.999952 0.413759 0 0 0 1 
39885980090176;1.01834;1.22612;0.942252 -0.141663 0.303468 -0.554864 0.149185 0.988808 -0.00162224 0.146437 -0.299842 0.0468013 0.95284 1.44569 0 0 0 1 
39885980090177;0.304463;0.514562;0.998269 -0.0292652 0.0510091 -0.252485 0.0291211 0.99957 0.00356553 0.204714 -0.0510915 -0.00207392 0.998692 -0.0533183 0 0 0 1 
39885980090178;0.543046;0.954482;0.993634 0.0451271 0.103225 -0.726104 -0.0403221 0.998025 -0.048172 0.882534 -0.105195 0.0437031 0.993491 0.728953 0 0 0 1 
39885980090179;0.361753;0.967078;0.985962 0.0928066 -0.138804 -0.504137 -0.0969964 0.995002 -0.0237172 1.19221 0.135909 0.0368477 0.990036 -0.10516 0 0 0 1 
39885980090180;0.25283;1.09231;0.997864 -0.0557678 -0.0340129 -0.513571 0.0572287 0.997408 0.0436056 0.811393 0.031493 -0.0454589 0.99847 0.106426 0 0 0 1 
39885980090181;0.881259;1.13027;0.980731 0.00585854 -0.195278 0.0227155 0.0122861 0.995722 0.0915767 0.447145 0.194979 -0.0922113 0.976463 -0.0850211 0 0 0 1 
39885980090182;0.669254;1.06646;0.99277 0.11995 0.00440285 -0.0376005 -0.119979 0.992752 0.00696318 1.20958 -0.0035357 -0.00744109 0.999966 -0.582734 0 0 0 1 
39885980090183;0.198594;1.02367;0.96361 0.0923854 0.250841 -0.249999 -0.0983887 0.995082 0.0114704 1.31596 -0.248548 -0.0357329 0.96796 0.904202 0 0 0 1 
39885980090184;0.838159;0.415123;0.996518 0.0818804 -0.0157083 -0.187282 -0.0818185 0.924198 -0.373047 1.05808 -0.0160276 0.373034 0.927679 -0.734666 0 0 0 1 
39885980090186;1.03403;0.53471;0.98819 0.148667 0.03712 0.018006 -0.147908 0.988747 -0.0224325 -0.287913 -0.0400372 0.0166773 0.999059 -0.578815 0 0 0 1 
39885980090187;0.391456;0.321813;0.998594 0.00942232 0.0521614 -0.163568 -0.0139283 0.996136 0.0867079 -0.303295 -0.0511429 -0.0873125 0.994867 -0.104375 0 0 0 1 
39885980090188;0.19321;0.288049;0.995152 -0.0205014 -0.0961914 -0.0520646 0.0114756 0.995557 -0.0934632 -0.25533 0.0976801 0.0919062 0.990965 -0.547269 0 0 0 1 
39885980090189;0.694654;0.321406;0.965641 -0.163677 0.201857 0.0719854 0.150075 0.985347 0.0810479 -0.684324 -0.212165 -0.0479694 0.976056 1.18853 0 0 0 1 
39885980090190;0.710931;0.226601;0.999207 -0.00767386 -0.0390732 -0.0954255 0.0170413 0.969264 0.245433 -0.102382 0.0359888 -0.245904 0.968626 0.737378 0 0 0 1 
39885980090191;0.303973;0.370645;0.995486 0.090015 0.030093 -0.336223 -0.0902972 0.995882 0.00814907 0.0866178 -0.0292355 -0.0108296 0.999514 -0.0763515 0 0 0 1 
39885980090192;0.937341;0.393486;0.999743 0.00701487 0.0215561 -0.12721 -0.00717701 0.999946 0.0074538 -0.654634 -0.0215027 -0.0076066 0.99974 0.804218 0 0 0 1 
39885980090193;0.0973903;0.392408;0.999532 -0.0269938 0.0143653 -0.162963 0.0267695 0.99952 0.0155869 -0.334312 -0.0147791 -0.0151951 0.999775 0.0786884 0 0 0 1 
39885980090194;0.330993;0.279923;0.999248 -0.033418 0.019664 -0.144306 0.0341872 0.998608 -0.0401759 -0.484011 -0.018294 0.0408179 0.998999 0.114341 0 0 0 1 
39885980090195;0.913121;0.238042;0.998934 0.0448091 -0.0111224 -0.146979 -0.0454561 0.996713 -0.0670535 0.229778 0.00808127 0.0674876 0.997687 -0.904474 0 0 0 1 
39885980090196;0.843835;0.342355;0.992848 0.0892949 0.0792367 -0.162125 -0.0924282 0.995039 0.0367924 0.0727462 -0.0755582 -0.0438529 0.996177 -0.481114 0 0 0 1 
39885980090197;0.709255;0.387428;0.999034 0.0262475 0.0352362 -0.23238 -0.0310635 0.989098 0.143947 -0.354308 -0.0310738 -0.144903 0.988958 -0.410594 0 0 0 1 
39885980090198;1.04503;0.591474;0.99901 -0.0235067 -0.0377575 -0.0590923 0.0193373 0.994047 -0.107226 -0.15262 0.0400532 0.10639 0.993517 0.675156 0 0 0 1 
39885980090199;0.0833687;0.274936;0.998373 -0.0313321 0.0476445 -0.0960354 0.0307907 0.999453 0.0120544 -0.358647 -0.0479962 -0.0105677 0.998792 0.140354 0 0 0 1 
39885980090200;1.06244;0.620515;0.999915 0.00167421 -0.012961 -0.0871068 -0.00187538 0.999878 -0.0155245 0.0222596 0.0129335 0.0155475 0.999795 0.774414 0 0 0 1 
39885980090201;0.454509;0.350961;0.972219 -0.104771 -0.209318 -0.0547999 0.0969714 0.994167 -0.0472128 -0.306242 0.213043 0.0256034 0.976707 -0.429712 0 0 0 1 
39885980090202;0.602175;0.361253;0.924314 0.0795412 -0.373252 -0.222336 -0.0481131 0.994523 0.0927895 0.0815492 0.378588 -0.0678083 0.923078 -0.890897 0 0 0 1 
39885980090203;0.367742;0.36215;0.912444 0.0167837 0.408858 0.0428289 -0.0829588 0.985997 0.144663 0.199634 -0.400705 -0.165915 0.901059 1.53593 0 0 0 1 
39885980090204;1.06319;0.404626;0.971408 0.101982 0.214396 -0.0294494 -0.0815349 0.991421 -0.102163 -0.089712 -0.222976 0.0817612 0.971389 1.62236 0 0 0 1 
39885980090205;0.675409;0.351289;0.998315 0.0576749 0.00636888 -0.635999 -0.0571471 0.996288 -0.0643786 -0.412073 -0.0100583 0.0639061 0.997905 -0.256047 0 0 0 1 
39885980090206;0.947378;0.339368;0.99464 0.0598879 0.0842952 -0.334988 -0.0670297 0.994157 0.0846123 -0.29821 -0.0787354 -0.089809 0.992842 1.16396 0 0 0 1 
39885980090207;0.975527;0.316768;0.997926 -0.0433822 -0.0475559 -0.114427 0.0440992 0.998927 0.0141328 -0.0918594 0.0468918 -0.0162007 0.998769 -0.98376 0 0 0 1 
39885980090208;0.357335;0.438795;0.961879 0.143806 0.232613 -0.283676 -0.126048 0.987973 -0.0895634 0.194601 -0.242695 0.0568289 0.968437 0.514088 0 0 0 1 
39885980090209;0.567849;0.354866;0.989671 0.142849 0.0120446 -0.624032 -0.143056 0.989541 0.0185596 0.00378686 -0.00926741 -0.020091 0.999755 0.168233 0 0 0 1 
39885980090210;0.29383;0.44112;0.975774 0.00603901 0.218697 -0.071115 -0.0262972 0.995609 0.0898392 -0.254314 -0.217195 -0.0934139 0.971648 1.01467 0 0 0 1 
39885980090211;0.573799;0.431313;0.996599 0.0588337 0.0576915 -0.557442 -0.0310531 0.916685 -0.398403 -0.129755 -0.0763244 0.395257 0.915394 0.0580563 0 0 0 1 
39885980090212;0.324919;0.529764;0.990736 0.131509 -0.0338796 -0.241344 -0.127819 0.987285 0.0945001 -0.0299018 0.0458764 -0.0892942 0.994948 0.198606 0 0 0 1 
39885980090213;0.920265;0.410246;0.992438 -0.0544736 -0.109996 -0.0215413 0.0632386 0.994959 0.0778346 -0.788658 0.105202 -0.084202 0.99088 0.517048 0 0 0 1 
39885980090214;0.527822;0.702394;0.978003 0.199106 0.0621827 -0.350549 -0.200772 0.979397 0.0217269 0.340461 -0.0565756 -0.0337335 0.997828 0.538977 0 0 0 1 
39885980090215;0.58213;0.49985;0.969744 -0.229697 0.0826853 0.0690978 0.232564 0.972213 -0.0267678 -1.05894 -0.0742392 0.0451875 0.996216 0.222327 0 0 0 1 
39885980090217;1.03417;1.64714;0.949932 0.309474 -0.0430627 0.402766 -0.311483 0.948804 -0.0524345 1.50982 0.0246309 0.0632225 0.997695 -0.609854 0 0 0 1 
39885980090218;0.202378;1.4236;0.926683 0.373697 -0.0401242 0.287232 -0.373448 0.927548 0.0138231 2.08066 0.0423828 0.00217466 0.999099 -0.234084 0 0 0 1 
39885980090219;0.470141;1.36166;0.994842 -0.00617852 0.101253 0.17594 -0.00022106 0.998009 0.063071 0.849754 -0.101441 -0.062768 0.992859 0.374676 0 0 0 1 
39885980090220;1.3181;0.4463;0.979734 -0.0618119 -0.190525 -0.17825 0.0450591 0.994827 -0.0910442 0.961532 0.195167 0.0806142 0.977451 -0.42744 0 0 0 1 
39885980090221;1.15923;1.16835;0.941487 0.0522969 0.332966 -0.376332 0.0104717 0.982874 -0.183983 0.377576 -0.336885 0.176705 0.924815 0.709488 0 0 0 1 
39885980090222;0.407338;1.51493;0.909181 0.348849 0.227363 0.380117 -0.363746 0.931138 0.025882 2.10366 -0.202677 -0.106234 0.973466 0.841981 0 0 0 1 
39885980090223;0.517255;1.23219;0.944253 0.260955 0.200721 0.00559378 -0.272778 0.961505 0.0331866 1.71144 -0.184334 -0.0860888 0.979086 0.759856 0 0 0 1 
39885980090224;1.08029;1.00064;0.986161 -0.121275 0.113048 -0.2202 0.109162 0.98816 0.107808 -0.175348 -0.124784 -0.0939756 0.987723 0.518998 0 0 0 1 
39885980090225;0.715361;0.567807;0.9959 -0.0438622 -0.0791195 0.0360587 0.021737 0.964996 -0.261363 0.300056 0.087814 0.258572 0.961992 0.141238 0 0 0 1 
39885980090226;0.549209;0.521586;0.955478 -0.0349839 0.29298 0.0624333 0.00354158 0.994235 0.107169 0.0534029 -0.29504 -0.10136 0.950093 1.00443 0 0 0 1 
39885980090227;1.15995;1.74991;0.840055 0.542498 0.00164425 1.3345 -0.542037 0.839207 0.0439024 2.71901 0.0224371 -0.0377717 0.999034 -0.517228 0 0 0 1 
39885980090228;0.215505;0.563617;0.994791 -0.0844406 0.0571094 0.029209 0.085311 0.99627 -0.0129736 0.165228 -0.0558009 0.0177781 0.998284 -0.00658259 0 0 0 1 
39885980090229;0.121617;1.28947;0.969367 0.245614 0.00086155 0.298469 -0.24538 0.968281 0.0471239 1.58836 0.0107401 -0.0458918 0.998889 -0.0691588 0 0 0 1 
39885980090230;1.03093;1.64686;0.972663 0.232078 -0.00811854 0.399202 -0.232098 0.972691 -0.00161746 1.35389 0.00752145 0.00345754 0.999966 0.475661 0 0 0 1 
39885980090231;0.888653;0.734888;0.993637 -0.00329751 0.112585 -0.0444185 -0.0106084 0.992388 0.122692 0.175778 -0.112133 -0.123106 0.986038 0.512569 0 0 0 1 
39885980090232;0.59802;1.59798;0.945074 0.19749 -0.260448 0.596749 -0.268166 0.924062 -0.27239 1.70778 0.186876 0.327272 0.926267 -0.437254 0 0 0 1 
39885980090233;0.0427632;1.23984;0.944117 0.329544 -0.00660889 0.281893 -0.329572 0.944123 -0.00383267 1.89841 0.00497657 0.0057966 0.999971 -0.0447217 0 0 0 1 
39885980090234;0.404716;0.558261;0.987799 0.0680353 -0.140089 0.0695079 -0.00770618 0.919779 0.39236 0.412301 0.155545 -0.386493 0.909081 -0.454871 0 0 0 1 
39885980090235;0.881271;1.6296;0.959993 0.233391 -0.154734 0.953074 -0.257609 0.952699 -0.161251 1.98429 0.109781 0.194661 0.974708 -0.640927 0 0 0 1 
39885980090236;1.0378;1.2132;0.962482 0.271121 -0.0110679 0.224431 -0.271201 0.962501 -0.00646018 1.69098 0.00890142 0.00921944 0.999918 -0.861279 0 0 0 1 
39885980090237;0.452033;0.635572;0.975772 0.105913 -0.191444 0.130038 -0.0441397 0.952324 0.30188 0.560451 0.214289 -0.286116 0.933926 -0.789841 0 0 0 1 
39885980090238;0.922552;0.533227;0.944818 0.0706181 -0.319895 0.262549 -0.138701 0.97088 -0.195332 1.27406 0.296786 0.228923 0.927099 -0.382357 0 0 0 1 
39885980090239;0.393854;0.41301;0.995491 -0.0141402 -0.0937926 0.0592812 -0.0118398 0.962568 -0.270781 0.294323 0.0941107 0.27067 0.958061 -0.275455 0 0 0 1 
39885980090240;0.68439;1.31808;0.954202 0.298784 -0.0150523 0.262558 -0.298861 0.949777 -0.0927707 2.31812 -0.0134221 0.0930205 0.995574 -0.278547 0 0 0 1 
39885980090241;0.655728;0.83637;0.960399 0.0167642 0.278122 -0.0601701 0.0580227 0.964271 -0.258484 0.755256 -0.272519 0.264385 0.925113 0.31593 0 0 0 1 
39885980090242;0.353633;0.532416;0.894599 -0.0660944 0.441955 0.308159 0.163578 0.968794 -0.186229 0.0151635 -0.415854 0.238895 0.877493 1.17993 0 0 0 1 
39885980090243;1.27115;1.21992;0.997668 -0.0592479 0.0338882 0.319488 0.058525 0.998045 0.0219407 0.878493 -0.0351219 -0.0199063 0.999185 0.840223 0 0 0 1 
39885980090244;0.554019;1.19555;0.987249 -0.104958 0.119676 0.278401 0.0778376 0.974119 0.212211 0.422216 -0.138852 -0.20019 0.969868 0.310984 0 0 0 1 
39885980090245;0.651828;0.804965;0.996135 -0.0695152 -0.0536938 0.066737 0.0671779 0.996763 -0.0441747 0.590645 0.0565907 0.040397 0.99758 0.258677 0 0 0 1 
39885980090246;0.546588;1.65393;0.976785 0.198372 -0.0808643 0.445716 -0.188273 0.975037 0.117709 1.57533 0.102196 -0.0997521 0.98975 -0.564463 0 0 0 1 
39885980090248;0.37448;0.107515;0.91878 -0.326411 0.222036 -0.200324 0.313735 0.945123 0.0911797 0.153745 -0.239613 -0.0141137 0.970766 0.0262208 0 0 0 1 
39885980090249;0.482365;0.11603;0.950094 -0.311654 -0.0138769 -0.0916581 0.311699 0.95018 0.00111157 -0.0108998 0.0128391 -0.0053815 0.999903 -0.326967 0 0 0 1 
39885980090250;0.869457;0.100762;0.935964 0.0239348 0.351281 -0.0870122 -0.0923785 0.979429 0.179402 -0.676385 -0.339761 -0.200365 0.918921 0.32685 0 0 0 1 
39885980090251;0.521745;0.113677;0.994314 -0.101847 -0.0311018 0.0196886 0.101453 0.994742 -0.014004 -0.255554 0.0323645 0.010769 0.999418 0.312245 0 0 0 1 
39885980090252;1.01023;0.115886;0.996031 0.0853749 0.0251515 0.269028 -0.0889446 0.965018 0.246636 -0.125589 -0.0032151 -0.247894 0.968782 -0.945797 0 0 0 1 
39885980090253;0.430197;0.0872556;0.979234 0.128254 -0.157008 0.0574535 -0.0859522 0.964053 0.251425 0.267407 0.18361 -0.232709 0.955057 -0.0993534 0 0 0 1 
39885980090254;0.437029;0.130102;0.995528 -0.0877353 0.0350179 -0.00878644 0.0889967 0.995372 -0.0362521 0.168111 -0.0316752 0.0392065 0.998729 0.391875 0 0 0 1 
39885980090255;0.581357;0.115453;0.99679 0.0371217 0.0709372 0.0918734 -0.0403986 0.998155 0.0453319 -0.260496 -0.0691235 -0.0480521 0.99645 0.398108 0 0 0 1 
39885980090256;0.383432;0.105074;0.919142 -0.386583 0.0757122 -0.216024 0.390106 0.919962 -0.0385797 0.190571 -0.0547381 0.064996 0.996383 0.0103564 0 0 0 1 
39885980090257;0.931685;0.0986542;0.978437 0.191781 -0.0766854 -0.138588 -0.19703 0.978038 -0.0679696 0.143941 0.061966 0.0816133 0.994736 -0.842999 0 0 0 1 
39885980090258;0.517582;0.10484;0.985891 -0.105689 -0.129803 -0.268953 0.109398 0.99376 0.0217678 0.180304 0.126692 -0.0356609 0.991301 0.425776 0 0 0 1 
39885980090259;0.758348;0.109545;0.983765 -0.178738 0.0161071 0.540693 0.178695 0.983896 0.00406189 0.312932 -0.0165737 -0.00111769 0.999862 0.347325 0 0 0 1 
