#;prob_registration_l1 -r /home/probabilistic_point_clouds_registration/build/tester /home/point_clouds_registration_benchmark//devel/registration_pairs/plain_local.txt /home/point_clouds_registration_benchmark//eth/plain -s 0.2 -t 0.2 -p 0.3 -r 1000 -m 15 -i 40 
id;initial_error;final_error;transformation
4215528470000;0.567788;0.350597;0.964003 -0.0317495 0.263988 0.426503 0.0156562 0.997901 0.0628445 -0.0720326 -0.265429 -0.0564493 0.962477 1.9432 0 0 0 1 
4215528470001;0.547226;0.0838299;0.992061 0.0975202 -0.0794079 -0.614643 -0.0575087 0.913317 0.403168 0.783182 0.111842 -0.395401 0.911674 1.05212 0 0 0 1 
4215528470002;0.032832;0.0249018;0.999989 0.00311898 0.00341804 -0.014451 -0.00312858 0.999991 0.00280884 0.00185767 -0.00340925 -0.00281951 0.99999 0.0183123 0 0 0 1 
4215528470003;0.731607;0.161544;0.99572 -0.0363885 0.0849524 -0.060004 0.0350443 0.999237 0.0172622 -0.716924 -0.0855157 -0.0142113 0.996235 0.389099 0 0 0 1 
4215528470004;0.518474;0.296664;0.965841 0.0579519 -0.252574 -0.215128 -0.000336152 0.974953 0.222413 -0.027666 0.259137 -0.214731 0.941668 -0.259355 0 0 0 1 
4215528470005;0.0948906;0.0780655;0.999375 0.0257697 0.0241832 -0.146263 -0.0234701 0.995576 -0.0909831 0.190182 -0.0264208 0.0903587 0.995559 -0.30054 0 0 0 1 
4215528470006;0.93827;0.0354511;0.998008 0.0538258 -0.0329061 -0.983144 -0.0617741 0.939643 -0.336533 0.537526 0.0128058 0.337896 0.941096 -1.3091 0 0 0 1 
4215528470007;0.649378;0.48615;0.994532 -0.0107556 -0.103876 -0.00767955 -0.0269339 0.934613 -0.354644 0.608157 0.100898 0.355502 0.929213 -2.02405 0 0 0 1 
4215528470008;0.524363;0.394777;0.962826 0.0320386 -0.268216 0.115374 -0.067576 0.989937 -0.124332 0.505758 0.261534 0.137835 0.955302 -2.30958 0 0 0 1 
4215528470009;0.400063;0.361461;0.968059 -0.0481252 0.24606 0.202876 0.0609227 0.997143 -0.04466 -0.412183 -0.243208 0.0582241 0.968225 1.33071 0 0 0 1 
4215528470010;0.581956;0.205059;0.989315 -0.120352 -0.0822888 0.596498 0.0938529 0.957637 -0.272254 -0.536787 0.111569 0.261622 0.9587 -2.10146 0 0 0 1 
4215528470011;0.358216;0.2062;0.984327 -0.104952 0.141721 0.465243 0.133943 0.967677 -0.213684 -0.803317 -0.114713 0.229318 0.966568 -0.155208 0 0 0 1 
4215528470012;0.581653;0.396086;0.983741 0.125759 -0.128211 -0.412459 -0.0838668 0.952965 0.291245 0.550491 0.158807 -0.275757 0.948018 -0.100743 0 0 0 1 
4215528470013;0.612837;0.0246439;0.982408 -0.0582857 0.177418 0.123067 0.056468 0.998287 0.0152819 -0.324845 -0.178005 -0.00499459 0.984017 0.541346 0 0 0 1 
4215528470014;0.871128;0.590351;0.99858 -0.028274 0.0451599 0.0740939 0.0289766 0.999468 -0.0149794 -0.362932 -0.0447124 0.0162667 0.998867 0.746974 0 0 0 1 
4215528470015;0.0605696;0.0314546;0.999924 -0.00110614 0.0123097 0.0190397 0.00128454 0.999894 -0.0144948 -0.038131 -0.0122924 0.0145095 0.999819 -0.0108314 0 0 0 1 
4215528470016;0.462589;0.178519;0.972961 -0.0221807 0.229904 0.0629892 0.0687623 0.978061 -0.196643 -0.426125 -0.220498 0.207134 0.95314 0.746418 0 0 0 1 
4215528470017;0.763704;0.28738;0.992159 0.0626764 0.10813 -0.38982 -0.102832 0.901103 0.421236 0.910883 -0.0710343 -0.429052 0.900482 3.04899 0 0 0 1 
4215528470018;0.320962;0.36667;0.998246 -0.0118915 0.0580027 -0.115217 0.00568628 0.99435 0.105996 -0.177085 -0.0589354 -0.10548 0.992673 0.727792 0 0 0 1 
4215528470019;0.470754;0.172993;0.90357 0.164779 -0.395485 -0.177393 -0.103872 0.979795 0.170915 0.617012 0.415658 -0.113354 0.90243 -2.02274 0 0 0 1 
4215528470020;0.901423;0.560922;0.989213 -0.0192591 0.145212 -0.127899 0.0356665 0.993152 -0.111248 -0.133824 -0.142075 0.115227 0.983126 -0.0880566 0 0 0 1 
4215528470021;0.310289;0.0721931;0.997012 -0.0653694 -0.0411499 0.171369 0.0692971 0.992301 0.102649 -0.561514 0.034123 -0.105194 0.993866 0.464144 0 0 0 1 
4215528470022;0.501427;0.0325702;0.97549 0.122071 -0.183079 -0.268054 -0.135302 0.98889 -0.0615635 0.740915 0.17353 0.0848256 0.981169 -1.88724 0 0 0 1 
4215528470023;0.509895;0.391226;0.994708 -0.0134407 0.101861 0.0842426 0.028486 0.988618 -0.147725 -0.0658766 -0.0987165 0.149845 0.983769 -0.38473 0 0 0 1 
4215528470024;0.756959;0.438155;0.997546 -0.0399589 0.0574964 0.114639 0.0384398 0.998888 0.027289 -0.397027 -0.0585229 -0.0250118 0.997973 1.01921 0 0 0 1 
4215528470025;0.187466;0.054696;0.990198 0.131895 -0.0459556 -0.587978 -0.127269 0.987578 0.0921494 0.860785 0.0575388 -0.0853974 0.994684 -0.00302289 0 0 0 1 
4215528470026;0.0729172;0.0258077;0.999354 -0.0357874 -0.00338905 0.159634 0.035763 0.999336 -0.00700276 -0.222051 0.00363741 0.00687703 0.99997 -0.119278 0 0 0 1 
4215528470027;0.80863;0.216925;0.997416 0.00949185 -0.0712195 -0.203754 -0.0184261 0.991877 -0.125861 -0.0621815 0.0694463 0.126848 0.989488 -0.380533 0 0 0 1 
4215528470028;0.511375;0.516948;0.99649 0.0246102 -0.0800081 -0.272169 -0.00923154 0.982284 0.187169 -0.0273833 0.0831969 -0.185774 0.979064 0.457184 0 0 0 1 
4215528470029;0.874225;0.522041;0.883918 0.0593702 -0.463857 0.661285 -0.034937 0.99752 0.0610998 0.389752 0.466334 -0.0378015 0.883801 -3.14767 0 0 0 1 
4215528470031;0.986719;0.139279;0.99973 -0.0160584 0.0167783 0.0757464 0.0160118 0.999868 0.00290657 -0.440825 -0.0168228 -0.00263714 0.999855 0.899352 0 0 0 1 
4215528470032;1.06872;0.0572067;0.998089 -0.0517947 0.0336879 0.0455654 0.0616398 0.872245 -0.485169 0.000326198 -0.00425501 0.486318 0.873771 -2.54297 0 0 0 1 
4215528470033;0.525088;0.0521114;0.997437 -0.0711158 0.00785097 0.272575 0.0712748 0.997208 -0.0222841 -0.729391 -0.0062443 0.0227866 0.999721 -0.459624 0 0 0 1 
4215528470034;0.461314;0.0878358;0.998881 0.0459109 0.0113703 -0.309114 -0.0461231 0.998752 0.0191654 0.311678 -0.0104762 -0.0196683 0.999752 -0.15673 0 0 0 1 
4215528470035;0.980295;0.167926;0.999813 -0.0191018 0.00307111 -0.578419 0.0190976 0.999817 0.00137853 -0.235711 -0.00309688 -0.00131962 0.999994 0.145212 0 0 0 1 
4215528470036;1.14169;0.582829;0.99661 0.0765829 0.0300532 -0.735631 -0.0818188 0.960809 0.264862 0.627319 -0.00859145 -0.266424 0.963818 2.30525 0 0 0 1 
4215528470037;0.241412;0.0947805;0.99994 -0.00312468 0.01052 0.109948 0.0034148 0.999611 -0.0276741 0.0316862 -0.0104294 0.0277084 0.999562 0.0172028 0 0 0 1 
4215528470038;0.130156;0.132809;0.998851 0.0337245 0.0340563 -0.277992 -0.0340145 0.99939 0.00797419 0.26157 -0.0337666 -0.00912343 0.999388 0.341848 0 0 0 1 
4215528470039;0.797747;0.529259;0.994135 -0.0755739 -0.0773582 0.286649 0.0529911 0.963956 -0.26073 -0.458336 0.0942743 0.255101 0.962307 -1.77563 0 0 0 1 
4215528470040;0.689028;0.62238;0.996809 -0.0468632 -0.0646168 0.328527 0.0532091 0.993537 0.100267 -0.548008 0.0595004 -0.103386 0.99286 -0.308843 0 0 0 1 
4215528470041;0.231676;0.096679;0.949144 -0.107127 -0.296057 1.35692 0.067101 0.987558 -0.142222 -0.396718 0.30761 0.115124 0.944523 -3.37285 0 0 0 1 
4215528470042;0.841266;0.81187;0.988851 -0.0459902 0.141629 0.0349447 0.031166 0.993966 0.105164 -0.105053 -0.145611 -0.0995773 0.984318 1.5049 0 0 0 1 
4215528470043;0.639843;0.586966;0.996033 0.0403573 -0.079304 -0.204107 -0.0380662 0.998819 0.0301932 0.344873 0.0804289 -0.0270547 0.996393 -0.682893 0 0 0 1 
4215528470044;0.994474;0.0589331;0.999902 0.000919642 0.0139444 0.0488895 -0.000756212 0.999931 -0.0117209 -0.00976073 -0.0139542 0.0117092 0.999834 -0.79125 0 0 0 1 
4215528470045;0.386524;0.111439;0.994466 0.0178733 0.103526 -0.222678 -0.0644055 0.882246 0.466362 0.703145 -0.0829997 -0.470449 0.878515 3.41908 0 0 0 1 
4215528470046;1.07289;0.399487;0.976556 0.0602216 -0.206667 -0.00249158 -0.0478267 0.996774 0.0644603 0.315065 0.209882 -0.053065 0.976286 -0.818543 0 0 0 1 
4215528470047;0.459821;0.43582;0.993919 0.00633692 0.109927 -0.162775 -0.0049225 0.999902 -0.0131336 -0.012485 -0.109999 0.0125126 0.993853 0.813092 0 0 0 1 
4215528470048;0.649857;0.180853;0.997103 0.075746 -0.00696529 -0.785189 -0.0756952 0.997104 0.0072837 0.655056 0.00749683 -0.00673536 0.999949 0.0336121 0 0 0 1 
4215528470049;0.633618;0.136868;0.995204 -0.0856715 -0.0472167 0.597847 0.0921926 0.982814 0.159928 -0.88133 0.0327039 -0.163514 0.985999 1.06547 0 0 0 1 
4215528470050;0.671958;0.351767;0.998065 0.0361644 -0.0505809 -0.206484 -0.0346155 0.998914 0.0311706 0.264013 0.0516532 -0.0293594 0.998233 -0.731092 0 0 0 1 
4215528470051;0.865997;0.817872;0.997528 0.00242853 -0.0702296 0.0352445 -0.015662 0.981947 -0.188505 0.363022 0.068504 0.189139 0.979558 -2.17549 0 0 0 1 
4215528470052;0.470145;0.268362;0.994945 0.093167 -0.0374803 -0.570647 -0.0944116 0.994988 -0.032931 0.846892 0.0342244 0.0363031 0.998755 -0.576241 0 0 0 1 
4215528470053;1.01323;0.0220612;0.991958 0.0395055 0.120243 -0.203992 -0.0268928 0.994133 -0.104764 0.191304 -0.123676 0.100688 0.987201 -0.237827 0 0 0 1 
4215528470054;0.877545;0.642229;0.99908 0.0125008 -0.0410327 0.12598 -0.0113169 0.999517 0.0289589 0.108911 0.0413749 -0.0284678 0.998738 -0.72363 0 0 0 1 
4215528470055;0.503431;0.11829;0.997121 -0.0211801 0.0728084 -0.0070599 0.0299457 0.99214 -0.121495 0.168156 -0.0696628 0.123325 0.989918 0.124785 0 0 0 1 
4215528470056;0.338949;0.56138;0.979862 -0.177464 0.0915308 0.639402 0.192142 0.962732 -0.190337 -1.33133 -0.0543416 0.204091 0.977443 -0.775873 0 0 0 1 
4215528470057;0.60477;0.041609;0.999653 -0.0189805 0.0182431 0.107959 0.0184745 0.999451 0.0275125 -0.140291 -0.0187553 -0.0271659 0.999455 -0.204816 0 0 0 1 
4215528470058;0.117082;0.0587688;0.99577 -0.0903052 0.0169694 0.504864 0.0906454 0.995673 -0.0204823 -0.770284 -0.0150463 0.0219339 0.999646 -0.0143614 0 0 0 1 
4215528470059;0.289428;0.366267;0.998283 -0.0128373 -0.0571438 0.0241433 0.00653538 0.994006 -0.109132 -0.00859168 0.0582022 0.108571 0.992383 -1.21492 0 0 0 1 
4215528470060;0.876862;0.57771;0.960954 0.0919242 -0.260991 0.264725 -0.0698601 0.993248 0.092613 0.540304 0.267743 -0.070764 0.960888 -2.47951 0 0 0 1 
4215528470062;1.03489;0.726417;0.961825 -0.112475 0.249482 0.292833 0.173921 0.955083 -0.239932 -1.74013 -0.21129 0.274163 0.938185 2.57825 0 0 0 1 
4215528470063;0.150783;0.225016;0.996589 0.0417009 0.071219 -0.32658 -0.0482252 0.994545 0.0924939 0.603947 -0.0669734 -0.0956129 0.993163 1.25551 0 0 0 1 
4215528470064;1.26892;0.250282;0.978413 0.1057 -0.177584 0.442989 -0.0840814 0.988568 0.125155 0.999946 0.188783 -0.107522 0.976115 -3.00579 0 0 0 1 
4215528470065;0.672821;0.147048;0.99853 -0.0533146 0.00973151 0.0372893 0.0536457 0.997848 -0.0377158 -0.756469 -0.00769976 0.0381824 0.999241 -0.311599 0 0 0 1 
4215528470066;0.971407;0.299611;0.974086 -0.0608755 0.21783 0.0543615 0.142383 0.913356 -0.381455 -1.05947 -0.175735 0.402585 0.898355 1.76951 0 0 0 1 
4215528470067;0.479383;0.697221;0.99905 -0.0104781 0.0422986 -0.236805 0.0168675 0.987981 -0.153652 0.0671813 -0.0401803 0.15422 0.987219 0.0478212 0 0 0 1 
4215528470068;1.75898;1.39292;0.995561 0.0886498 -0.0316123 -0.109186 -0.0821158 0.982274 0.16851 1.17621 0.0459904 -0.165166 0.985193 -0.345816 0 0 0 1 
4215528470069;1.1695;0.470764;0.995708 -0.0678109 0.0629853 -0.0861629 0.0640524 0.996148 0.0598892 -0.833263 -0.0668039 -0.0555978 0.996216 1.77002 0 0 0 1 
4215528470070;0.627154;0.138993;0.999808 -0.0185926 0.00619591 0.00219241 0.0183577 0.999182 0.0360325 -0.191036 -0.00686078 -0.0359118 0.999331 -0.0722038 0 0 0 1 
4215528470071;1.13782;0.190635;0.986272 0.00627278 -0.165009 0.771562 0.00759829 0.996496 0.0832972 -0.0650474 0.164953 -0.0834074 0.982768 -2.57336 0 0 0 1 
4215528470072;1.12233;0.523001;0.998868 0.0243123 -0.0408808 -0.371797 -0.0236105 0.999567 0.0175644 0.128728 0.0412902 -0.0165793 0.99901 -0.166243 0 0 0 1 
4215528470073;0.253366;0.0532292;0.957631 -0.0971123 0.27113 0.317055 0.172015 0.947929 -0.268032 -1.65238 -0.230983 0.303315 0.924471 2.40477 0 0 0 1 
4215528470074;0.891847;0.145547;0.926261 0.174083 -0.334268 1.20399 -0.0956332 0.966466 0.238325 0.924473 0.364547 -0.188784 0.911848 -4.79052 0 0 0 1 
4215528470075;0.661748;0.507077;0.998395 0.0162676 0.0542389 -0.35423 -0.0165214 0.999855 0.00423483 0.314035 -0.0541621 -0.00512414 0.998519 1.07093 0 0 0 1 
4215528470076;1.55682;0.179227;0.999913 0.00342923 -0.0127289 -0.0603157 -0.00350038 0.999978 -0.00557183 0.271338 0.0127095 0.0056159 0.999903 -1.07746 0 0 0 1 
4215528470077;0.434483;0.855799;0.982302 -0.187157 -0.00746752 0.504136 0.186783 0.981758 -0.0355508 -2.14871 0.0139849 0.0335268 0.99934 -0.452647 0 0 0 1 
4215528470078;1.12372;1.05693;0.960234 -0.0645346 0.271636 0.101649 0.0643449 0.997881 0.00961485 -1.00045 -0.271681 0.00824592 0.962352 3.92883 0 0 0 1 
4215528470079;1.36039;1.21901;0.993314 0.0161789 0.114304 -0.570567 0.00124592 0.988571 -0.150752 0.170061 -0.115436 0.149887 0.981941 1.40343 0 0 0 1 
4215528470080;1.57691;0.829259;0.980746 0.1317 -0.144193 0.04313 -0.101903 0.975006 0.197429 1.54874 0.16659 -0.178934 0.969655 -1.60847 0 0 0 1 
4215528470081;1.29705;1.13766;0.991421 0.125172 -0.037623 -0.483778 -0.12069 0.987217 0.104096 1.89126 0.0501719 -0.0986621 0.993855 -0.367393 0 0 0 1 
4215528470082;0.754436;0.161561;0.995846 -0.0589062 -0.0694311 0.456999 0.0486056 0.988717 -0.141692 -0.624769 0.0769943 0.137729 0.987473 -1.2885 0 0 0 1 
4215528470083;1.36137;0.592006;0.995248 0.0221609 0.0948125 -0.550749 -0.0146821 0.996777 -0.0788628 0.621126 -0.0962546 0.0770961 0.992366 1.82707 0 0 0 1 
4215528470084;1.66015;0.842453;0.985007 -0.0439216 -0.166828 0.336771 0.0339624 0.997493 -0.0620894 -0.339019 0.169137 0.0554926 0.984029 -2.93413 0 0 0 1 
4215528470085;1.13067;0.0689299;0.998982 -0.0361468 -0.0269924 -0.0666739 0.0385248 0.994872 0.093513 -0.984935 0.0234738 -0.0944577 0.995252 0.574512 0 0 0 1 
4215528470086;1.1632;1.13454;0.930249 -0.0226985 0.366226 0.234854 0.0113694 0.999389 0.0330622 -0.2897 -0.366752 -0.0265923 0.929938 5.49168 0 0 0 1 
4215528470087;0.757202;0.755687;0.997542 -0.00577736 0.0698286 -0.293414 0.0130195 0.994523 -0.103708 0.0122156 -0.068847 0.104363 0.992153 0.84448 0 0 0 1 
4215528470088;1.28516;0.80239;0.999617 -0.0275816 -0.00221217 -0.108022 0.0275032 0.999174 -0.0299024 -0.32371 0.0030351 0.0298302 0.99955 0.476893 0 0 0 1 
4215528470089;0.703952;0.503538;0.997558 0.0477964 -0.0509187 -0.290005 -0.046049 0.998327 0.034955 0.699812 0.0525043 -0.0325249 0.998091 -0.316154 0 0 0 1 
4215528470090;1.03548;0.363892;0.955562 -0.124751 0.267092 0.282468 0.217731 0.909481 -0.354173 -1.99017 -0.198732 0.396588 0.896227 1.25194 0 0 0 1 
4215528470091;1.49069;1.56236;0.997569 0.063925 0.0277311 -0.314371 -0.0663367 0.993055 0.0971626 0.761151 -0.0213274 -0.098766 0.994882 0.658197 0 0 0 1 
4215528470093;0.435815;0.503731;0.996591 -0.0824364 -0.00328348 0.503633 0.0808181 0.967479 0.239691 -0.191229 -0.0165826 -0.23914 0.970844 0.23619 0 0 0 1 
4215528470094;0.626818;0.0231926;0.999214 0.0379836 0.0113223 -0.0579921 -0.0375237 0.998558 -0.0383908 0.193033 -0.0127642 0.0379358 0.999199 -0.645571 0 0 0 1 
4215528470095;0.64508;0.461033;0.990131 -0.138713 -0.0199702 0.664872 0.137558 0.989194 -0.0507264 -0.484206 0.0267908 0.0474787 0.998513 -0.383051 0 0 0 1 
4215528470096;0.715932;0.470782;0.998305 -0.0581995 3.43954e-05 0.159867 0.0581461 0.997364 -0.0434043 -0.381523 0.0024918 0.0433327 0.999058 -0.363802 0 0 0 1 
4215528470097;0.899584;0.931837;0.993367 -0.113437 0.0187992 0.426468 0.114926 0.974288 -0.193792 -0.465548 0.00366741 0.194668 0.980862 0.298426 0 0 0 1 
4215528470098;0.598276;0.296188;0.98961 -0.0494464 0.135005 0.136118 0.0253639 0.984315 0.174589 -0.219883 -0.14152 -0.169351 0.975342 0.107091 0 0 0 1 
4215528470099;0.333474;0.0200692;0.970836 0.0434989 -0.235765 0.0994845 0.0567743 0.913716 0.402367 -0.153535 0.232925 -0.404018 0.884599 -0.446497 0 0 0 1 
4215528470100;0.645112;0.0180936;0.999799 -0.0200388 -0.000622641 0.0153364 0.0200356 0.999788 -0.00476216 -0.0275706 0.000717937 0.00474873 0.999988 -0.693759 0 0 0 1 
4215528470101;0.802084;0.059751;0.999377 -0.00862559 0.0342124 0.70976 0.0106615 0.998155 -0.0597787 0.152773 -0.0336336 0.0601063 0.997625 0.371028 0 0 0 1 
4215528470102;0.571321;0.0663052;0.999865 -0.0159445 0.00386242 -0.12349 0.0161018 0.998864 -0.044844 0.182227 -0.00314302 0.0449002 0.998987 -0.536461 0 0 0 1 
4215528470103;0.118159;0.118058;0.999771 -0.021345 -0.00182356 0.0416887 0.0213455 0.999772 0.000251226 -0.0463346 0.00181778 -0.000290093 0.999998 -0.0283703 0 0 0 1 
4215528470104;0.483078;0.0539149;0.959356 -0.0154849 0.281773 0.199779 -0.0102382 0.995926 0.0895896 -0.245932 -0.282012 -0.0888332 0.955289 1.16266 0 0 0 1 
4215528470105;0.856272;0.702668;0.964131 0.00828026 0.265299 -4.94342e-06 0.0425051 0.981798 -0.185112 -0.173728 -0.262002 0.189749 0.946229 0.597751 0 0 0 1 
4215528470106;0.960069;0.0319475;0.993072 -0.0873168 0.0786353 0.665949 0.0837565 0.995354 0.0474955 -0.76313 -0.0824171 -0.0405802 0.995771 0.823906 0 0 0 1 
4215528470107;0.403602;0.245109;0.951973 0.0603369 -0.300177 0.0453094 -0.0618116 0.998077 0.00459049 0.269519 0.299877 0.0141844 0.953872 -1.02989 0 0 0 1 
4215528470108;0.717513;0.503709;1 0.000126845 -0.000290028 0.176008 -0.000144167 0.998167 -0.0605258 -0.136592 0.000281819 0.0605259 0.998167 0.0461627 0 0 0 1 
4215528470109;0.671253;0.192924;0.999384 -0.0347419 0.00488272 0.120313 0.034805 0.999303 -0.0134915 -0.101474 -0.0044106 0.0136531 0.999897 0.611824 0 0 0 1 
4215528470110;0.085073;0.024246;0.999688 0.0246662 0.0040343 -0.0260231 -0.0246405 0.999677 -0.00629366 0.0557185 -0.00418824 0.00619228 0.999972 -0.0768332 0 0 0 1 
4215528470111;0.687198;0.0166414;0.998509 0.00398069 0.0544391 -0.130178 -0.00730043 0.998116 0.0609186 -0.00933749 -0.054094 -0.0612252 0.996657 0.890273 0 0 0 1 
4215528470112;0.990082;0.179237;0.998673 0.0452031 -0.0246817 -0.00735735 -0.0406973 0.986326 0.1597 0.25336 0.0315631 -0.158483 0.986857 0.954438 0 0 0 1 
4215528470113;0.115928;0.0197808;0.998594 0.052974 -0.00171396 -0.0835988 -0.052978 0.998593 -0.00243056 0.20525 0.00158279 0.00251795 0.999996 -0.0278938 0 0 0 1 
4215528470114;0.310906;0.0454858;0.999986 -0.00470299 0.00241726 -0.133966 0.00471133 0.999983 -0.00345731 -0.0448934 -0.00240096 0.00346865 0.999991 -0.273331 0 0 0 1 
4215528470115;0.363564;0.205066;0.999883 0.0119908 0.00950273 0.194864 -0.0111822 0.996652 -0.0809981 0.0262237 -0.0104421 0.0808824 0.996669 -0.0589581 0 0 0 1 
4215528470116;0.348278;0.287399;0.921062 -0.0871837 0.37953 0.356484 0.037191 0.989855 0.137127 -0.044526 -0.387635 -0.112188 0.914961 0.981193 0 0 0 1 
4215528470117;0.290367;0.290202;0.997675 0.000585118 -0.0681422 0.0375197 -0.0064565 0.996276 -0.0859755 0.0308828 0.0678381 0.0862156 0.993964 -0.162105 0 0 0 1 
4215528470118;0.65787;0.33786;0.999057 -0.00157189 0.0433823 0.24663 0.00508906 0.996694 -0.0810828 -0.117089 -0.0431115 0.0812271 0.995763 -0.363332 0 0 0 1 
4215528470119;0.205525;0.0257077;0.992519 -0.0805651 0.0917371 0.0814289 0.0901555 0.990302 -0.105707 -0.109485 -0.0823311 0.113187 0.990157 0.212491 0 0 0 1 
4215528470120;0.310799;0.181544;0.993341 -0.0207365 -0.113328 0.137316 0.0572887 0.942339 0.329719 -0.129305 0.0999563 -0.334016 0.937252 -0.042994 0 0 0 1 
4215528470121;0.660347;0.0333168;0.939031 -0.0346065 0.342087 0.255415 0.151966 0.934244 -0.322638 -0.514188 -0.308428 0.354952 0.882542 1.18912 0 0 0 1 
4215528470122;0.789381;0.492552;0.984263 0.00738298 0.176558 -0.0528737 -0.0292955 0.992119 0.121828 0.0905312 -0.174267 -0.125083 0.976722 -0.00726865 0 0 0 1 
4215528470124;0.80876;0.585987;0.946411 0.0203261 0.322323 0.0540292 0.036056 0.985129 -0.167992 0.0373716 -0.320944 0.170611 0.931604 0.738191 0 0 0 1 
4215528470125;0.139303;0.0805593;0.991338 -0.0365766 -0.126137 0.138512 0.0195358 0.990819 -0.133777 -0.0552709 0.129872 0.130154 0.982951 -0.871628 0 0 0 1 
4215528470126;0.0966618;0.150652;0.997822 -0.0224857 -0.0620152 0.00303895 0.0232909 0.999653 0.0122916 -0.0214502 0.0617173 -0.0137092 0.998 -0.274114 0 0 0 1 
4215528470127;0.789796;0.0628709;0.999028 -0.0440524 0.00128504 -0.206084 0.0440542 0.999028 -0.00145159 -0.0509255 -0.00121985 0.00150679 0.999998 0.653368 0 0 0 1 
4215528470128;0.207096;0.0314608;0.998866 0.0393204 0.0268555 -0.118714 -0.0392295 0.999223 -0.00390472 0.205986 -0.0269881 0.00284676 0.999632 -0.0813112 0 0 0 1 
4215528470129;0.938911;0.142702;0.99992 0.00845768 0.009362 -0.159168 -0.00845116 0.999964 -0.000735544 0.209069 -0.00936789 0.000656365 0.999956 0.87349 0 0 0 1 
4215528470130;0.991785;0.677101;0.986311 0.031829 -0.161795 -0.321073 -0.0109756 0.99169 0.128181 -0.00791089 0.16453 -0.124651 0.978464 -0.128958 0 0 0 1 
4215528470131;0.387282;0.238603;0.999825 -0.0180145 0.00499163 -0.0780002 0.0180462 0.999817 -0.00639419 0.00890407 -0.00487553 0.00648315 0.999967 -0.107511 0 0 0 1 
4215528470132;0.92999;0.472648;0.999427 -0.0271946 0.0201281 0.0811034 0.0280019 0.998768 -0.0409758 0.00596808 -0.0189889 0.0415159 0.998957 -0.801901 0 0 0 1 
4215528470133;0.555582;0.45699;0.999703 0.0146431 0.0194557 -0.00389428 -0.0100793 0.976166 -0.216792 0.12637 -0.0221665 0.216532 0.976024 -0.578941 0 0 0 1 
4215528470134;0.99593;0.766824;0.965407 0.0157206 0.260274 -0.109296 -0.037321 0.996234 0.0782582 0.111331 -0.258064 -0.0852647 0.962358 0.492489 0 0 0 1 
4215528470135;1.17319;0.848414;0.988975 -0.0295437 0.145105 -0.12102 0.0839785 0.918981 -0.385256 -0.391937 -0.121967 0.393194 0.91133 0.277484 0 0 0 1 
4215528470136;0.830588;0.7418;0.998477 -0.00840171 0.0545195 -0.146841 -0.0081129 0.95522 0.295785 -0.0251335 -0.0545632 -0.295777 0.953698 0.919071 0 0 0 1 
4215528470137;0.395265;0.226558;0.989199 -0.0527323 0.136763 0.0444845 -0.0105475 0.905019 0.425241 0.258041 -0.146197 -0.422091 0.894688 1.74349 0 0 0 1 
4215528470138;1.02893;0.828535;0.994601 0.0639993 -0.0816884 0.0544348 -0.0531124 0.990207 0.129111 0.274533 0.0891514 -0.124076 0.98826 -0.416346 0 0 0 1 
4215528470139;0.649753;0.29096;0.988717 -0.0670393 -0.133958 -0.102973 0.0364905 0.975117 -0.218668 -0.182393 0.145284 0.211313 0.966561 -0.695761 0 0 0 1 
4215528470140;0.360307;0.130452;0.901974 -0.0337992 0.430466 0.350275 0.0712045 0.994926 -0.0710786 -0.338407 -0.42588 0.0947622 0.899804 1.75864 0 0 0 1 
4215528470141;0.657293;0.112194;0.998104 0.0165853 -0.059269 -0.555768 -0.0177988 0.999641 -0.020005 0.0560602 0.0589159 0.021022 0.998042 -0.407375 0 0 0 1 
4215528470142;0.724166;0.554641;0.99992 0.0106415 0.00687436 -0.149191 -0.0103718 0.999219 -0.0381395 -0.0764658 -0.00727485 0.0380652 0.999249 0.253362 0 0 0 1 
4215528470143;0.681426;0.0319065;0.945226 0.113748 -0.305957 -0.422302 -0.0366794 0.968395 0.246712 0.307126 0.32435 -0.221976 0.919524 -1.20894 0 0 0 1 
4215528470144;0.404104;0.146697;0.999996 0.000841253 -0.00286569 -0.202771 -0.000713428 0.999017 0.0443176 0.190928 0.00290016 -0.0443153 0.999013 0.00319078 0 0 0 1 
4215528470145;0.189223;0.0812915;0.998059 -0.0488278 -0.0386448 0.0777003 0.0359265 0.958416 -0.283105 -0.0764848 0.0508611 0.281167 0.95831 -0.881959 0 0 0 1 
4215528470146;0.235131;0.0289558;0.992036 0.0321702 0.121774 -0.182744 -0.0311201 0.99946 -0.0105156 0.0876188 -0.122047 0.00664223 0.992502 0.617569 0 0 0 1 
4215528470147;0.605051;0.12053;0.999449 8.74228e-05 -0.0331965 -0.415483 -0.000143033 0.999999 -0.00167282 -0.109016 0.0331963 0.00167665 0.999447 -0.441947 0 0 0 1 
4215528470148;0.594371;0.304902;0.909993 -0.0623666 0.409907 0.45839 0.0129461 0.992414 0.122254 -0.0766934 -0.414422 -0.105943 0.903897 2.45286 0 0 0 1 
4215528470149;0.787506;0.301388;0.999765 0.0136223 0.0168775 0.0895117 -0.01378 0.999862 0.00925881 -0.425972 -0.0167491 -0.00948921 0.999815 0.0429134 0 0 0 1 
4215528470150;0.616542;0.251159;0.984532 0.03593 0.171479 -0.0719761 -0.0389291 0.999142 0.0141579 0.0907842 -0.170823 -0.0206144 0.985086 1.28375 0 0 0 1 
4215528470151;0.660847;0.636627;0.999617 -0.0209772 0.0180643 -0.0376619 0.0224341 0.996159 -0.0846375 0.0365168 -0.0162194 0.0850103 0.996248 -0.440616 0 0 0 1 
4215528470152;0.936036;0.229151;0.993101 0.0505384 0.105814 -0.178126 -0.0550436 0.997679 0.0400963 0.19891 -0.103542 -0.045644 0.993577 -0.330591 0 0 0 1 
4215528470153;0.43556;0.441081;0.993594 -0.0331952 -0.108022 -0.0193264 0.016559 0.988333 -0.151404 -0.141722 0.111788 0.148646 0.982552 -0.926416 0 0 0 1 
4215528470155;0.767559;0.538668;0.997736 0.0652857 -0.0161638 -0.167144 -0.0634589 0.993421 0.0953324 0.410122 0.0222813 -0.0940908 0.995314 -0.262589 0 0 0 1 
4215528470156;0.534127;0.0771983;0.955445 0.101409 -0.2772 0.105686 -0.0730918 0.991166 0.110671 0.248412 0.285975 -0.0854794 0.954417 -1.4023 0 0 0 1 
4215528470157;0.770434;0.379404;0.990189 0.0562798 0.127899 -0.185661 -0.0502516 0.99749 -0.0498833 0.14325 -0.130385 0.0429668 0.990532 1.1325 0 0 0 1 
4215528470158;0.945303;0.629569;0.98292 0.092463 -0.159121 0.0437778 -0.0652211 0.98352 0.168626 0.321276 0.172091 -0.155368 0.972752 -1.13253 0 0 0 1 
4215528470159;0.28795;0.19669;0.999196 -0.0255236 -0.0309196 -0.0905552 0.0247773 0.999398 -0.0242851 0.00206159 0.0315208 0.0234995 0.999227 0.116922 0 0 0 1 
4215528470160;0.771203;0.416136;0.998707 -0.0122236 -0.0493448 -0.208374 0.0107567 0.999495 -0.0298851 -0.000584421 0.0496852 0.0293157 0.998335 -0.840026 0 0 0 1 
4215528470161;0.233784;0.0579194;0.983048 0.133311 0.125875 -0.268978 -0.132342 0.991074 -0.0160656 0.517758 -0.126893 -0.000865334 0.991916 0.351871 0 0 0 1 
4215528470162;0.571431;0.120361;0.996746 0.0251712 0.0765782 -0.567315 -0.037709 0.98524 0.166975 0.128619 -0.0712449 -0.16932 0.982983 0.659741 0 0 0 1 
4215528470163;0.611739;0.032022;0.995798 -0.0799107 0.0447304 -0.0974932 0.0810992 0.996382 -0.025414 -0.0282654 -0.0425378 0.0289348 0.998676 0.792022 0 0 0 1 
4215528470164;0.552648;0.402233;0.998914 -0.0255065 0.0389795 0.0954153 0.0268671 0.999033 -0.0347891 -0.259625 -0.0380544 0.0357986 0.998634 0.156195 0 0 0 1 
4215528470165;0.294545;0.0670865;0.998893 0.0269882 -0.0385171 -0.094325 -0.0261308 0.999403 0.022593 0.343483 0.0391038 -0.0215615 0.999002 -0.222261 0 0 0 1 
4215528470166;0.624564;0.495635;0.998134 0.0487432 0.0367777 0.18312 -0.0471425 0.997953 -0.0432039 0.082891 -0.0388083 0.0413895 0.998389 -0.208263 0 0 0 1 
4215528470167;0.723593;0.0493377;0.996522 0.0833342 -0.0004504 -0.317241 -0.0831722 0.994217 -0.0679317 0.435293 -0.00521324 0.0677328 0.99769 0.785564 0 0 0 1 
4215528470168;0.682452;0.26673;0.912541 0.201861 -0.355697 -0.139859 -0.170228 0.97826 0.11845 0.730529 0.371875 -0.0475408 0.927065 -0.50053 0 0 0 1 
4215528470169;0.452691;0.0239412;0.985644 0.159609 -0.0550456 -0.230648 -0.152427 0.981435 0.116407 0.566732 0.0726033 -0.106345 0.991675 -0.59957 0 0 0 1 
4215528470170;0.927037;0.0361647;0.97369 0.187579 -0.129392 -0.549717 -0.118081 0.900954 0.41754 1.06637 0.194898 -0.391275 0.899399 -0.801071 0 0 0 1 
4215528470171;0.544194;0.0635805;0.891616 0.118985 -0.43688 0.616637 -0.208855 0.964155 -0.163658 0.974409 0.401747 0.237165 0.884507 -1.74567 0 0 0 1 
4215528470172;0.700934;0.445374;0.904261 0.0335431 0.42566 0.179821 -0.0146264 0.998758 -0.0476328 -0.0425515 -0.426729 0.0368467 0.903629 1.71814 0 0 0 1 
4215528470173;0.534414;0.124602;0.974358 0.137134 -0.178381 0.00741833 -0.141231 0.989922 -0.0104126 0.687523 0.175156 0.0353387 0.983906 -1.12859 0 0 0 1 
4215528470174;0.297039;0.0348925;0.996786 0.0760243 0.0252663 -0.109705 -0.0792459 0.981951 0.171732 0.273124 -0.0117545 -0.173182 0.98482 -0.0878701 0 0 0 1 
4215528470175;0.347703;0.162852;0.991266 0.05357 0.120507 -0.0588162 -0.0968706 0.915825 0.389719 0.314967 -0.0894858 -0.397989 0.913015 0.527555 0 0 0 1 
4215528470176;0.75672;0.496;0.950441 -0.00716006 0.310824 -0.0345978 0.0719733 0.977645 -0.19756 0.0799971 -0.302461 0.21014 0.929709 0.441736 0 0 0 1 
4215528470177;0.756848;0.0306498;0.988911 0.148455 -0.00411539 0.0329835 -0.140669 0.945211 0.294599 0.637811 0.0476247 -0.290753 0.955612 -0.677239 0 0 0 1 
4215528470178;0.523311;0.493327;0.983741 -0.0277078 -0.177445 0.0334854 0.0127438 0.996306 -0.084921 0.0517098 0.179143 0.0812789 0.98046 -0.87223 0 0 0 1 
4215528470179;0.41696;0.290262;0.957314 0.128797 -0.258769 -0.119486 -0.0607743 0.964915 0.255431 0.450284 0.282589 -0.228801 0.931554 -0.742569 0 0 0 1 
4215528470180;0.591922;0.25839;0.991444 0.0689682 -0.110822 -0.0329566 -0.0650899 0.997146 0.0382441 0.287737 0.113144 -0.0307035 0.993104 -0.873139 0 0 0 1 
4215528470181;0.100371;0.0362499;0.997404 0.0686069 -0.0218716 -0.0918244 -0.0654246 0.990277 0.122766 0.261209 0.0300816 -0.121016 0.992195 0.0159827 0 0 0 1 
4215528470182;0.852078;0.340602;0.991994 0.00199871 -0.12627 0.12774 0.00275096 0.999295 0.0374297 0.17977 0.126256 -0.0374774 0.99129 -1.30512 0 0 0 1 
4215528470183;0.165427;0.0663505;0.998883 -0.00903329 0.0463783 0.0419263 0.0140717 0.993888 -0.10949 -0.0543328 -0.0451058 0.11002 0.992905 0.134052 0 0 0 1 
4215528470184;0.841318;0.114109;0.883336 -0.034623 -0.467461 0.300712 -0.0151028 0.994648 -0.102209 0.546531 0.468498 0.0973444 0.878085 -2.3937 0 0 0 1 
4215528470186;0.933251;0.554061;0.999837 0.00769494 0.0163306 -0.0317134 -0.00920694 0.99547 0.0946301 0.0586825 -0.0155284 -0.094765 0.995379 -0.553885 0 0 0 1 
4215528470187;0.872934;0.407524;0.96113 -0.0756858 -0.265519 0.226324 0.00769511 0.968663 -0.248261 0.223974 0.275988 0.236568 0.931593 -2.32216 0 0 0 1 
4215528470188;0.636802;0.216896;0.999844 0.0125987 -0.0124062 -0.242069 -0.0145632 0.984689 -0.173711 -0.0481286 0.0100277 0.173865 0.984718 0.0145513 0 0 0 1 
4215528470189;0.616608;0.392596;0.921772 0.0457563 0.385024 0.233989 0.00200492 0.992437 -0.122741 -0.041261 -0.387728 0.113911 0.914708 1.70579 0 0 0 1 
4215528470190;0.721491;0.0858972;0.997589 0.0661208 0.0210765 -0.53337 -0.0657407 0.99767 -0.0182477 0.136555 -0.0222339 0.0168182 0.999611 -0.520025 0 0 0 1 
4215528470191;0.988569;0.301798;0.996673 0.0813953 0.00425512 -0.391128 -0.081442 0.99245 0.0917022 0.392274 0.00324113 -0.0917436 0.995777 0.983693 0 0 0 1 
4215528470192;0.483071;0.360692;0.996789 0.0134931 0.0789332 -0.0123646 -0.00627731 0.995835 -0.0909597 -0.079065 -0.0798317 0.0901721 0.992721 0.190942 0 0 0 1 
4215528470193;1.00219;0.751098;0.993502 -0.00631186 0.113638 0.0601965 -0.00224502 0.99718 0.0750148 -0.142718 -0.113791 -0.0747825 0.990686 1.15409 0 0 0 1 
4215528470194;0.574823;0.442178;0.971085 -0.0194558 -0.237939 0.220726 -0.0503769 0.957531 -0.283895 0.394154 0.233358 0.287673 0.928864 -1.81647 0 0 0 1 
4215528470195;0.262201;0.214426;0.999044 0.0409839 -0.0151921 -0.168279 -0.0402806 0.998218 0.0440223 0.151894 0.0169693 -0.0433683 0.998915 0.085141 0 0 0 1 
4215528470196;0.705585;0.0910245;0.996513 0.075458 0.0356161 -0.193806 -0.0785026 0.992502 0.0936825 0.536072 -0.02828 -0.0961517 0.994965 0.935083 0 0 0 1 
4215528470197;0.958351;0.610042;0.973297 -0.017132 -0.228909 -0.185686 0.00215418 0.997849 -0.0655216 0.0188008 0.22954 0.0632789 0.97124 -0.486643 0 0 0 1 
4215528470198;0.657229;0.354711;0.991456 0.0356361 -0.125479 0.200132 -0.0289546 0.998084 0.0546758 0.263567 0.127187 -0.0505754 0.990588 -0.631434 0 0 0 1 
4215528470199;0.280312;0.118292;0.955589 0.00688258 0.294621 0.128648 -0.0777283 0.970214 0.229443 0.482209 -0.284267 -0.242153 0.927661 1.58714 0 0 0 1 
4215528470200;0.717676;0.455664;0.976499 0.0947462 -0.193577 -0.38537 -0.0746285 0.991268 0.108712 0.253073 0.202187 -0.0917105 0.975043 -0.481506 0 0 0 1 
4215528470201;0.269494;0.0600378;0.99862 -0.0200633 0.0485359 -0.0315204 0.0209993 0.999602 -0.0188511 0.0672437 -0.0481384 0.0198443 0.998644 0.292345 0 0 0 1 
4215528470202;0.839096;0.54834;0.955467 -0.041102 0.292221 -0.128457 0.0215745 0.997332 0.0697371 -0.17931 -0.294308 -0.060327 0.953805 0.666301 0 0 0 1 
4215528470203;0.446878;0.444796;0.998363 0.0559954 -0.011637 -0.186841 -0.0558994 0.998401 0.00841802 0.142685 0.0120897 -0.00775374 0.999897 -0.00631193 0 0 0 1 
4215528470204;0.245546;0.287415;0.999836 -0.0162392 -0.00807198 -0.0853903 0.0160596 0.999633 -0.0218381 0.0221754 0.00842365 0.0217049 0.999729 -0.0857778 0 0 0 1 
4215528470205;0.862633;0.0505482;0.999629 0.0270894 -0.00291919 -0.150709 -0.0270841 0.999632 0.00181923 -0.027052 0.0029674 -0.00173949 0.999994 0.831269 0 0 0 1 
4215528470206;0.412937;0.255483;0.998084 0.0590749 -0.018404 -0.236686 -0.0509361 0.953311 0.297664 0.154667 0.0351292 -0.296157 0.954493 0.29194 0 0 0 1 
4215528470207;0.79837;0.0953425;0.997733 0.0642219 -0.020125 0.27122 -0.0483644 0.892133 0.449177 0.0693728 0.0468012 -0.447185 0.893216 0.275878 0 0 0 1 
4215528470208;0.797346;0.392464;0.998303 -0.0129083 0.056792 -0.233116 -0.000592767 0.972827 0.231533 0.10237 -0.0582375 -0.231174 0.971168 1.40714 0 0 0 1 
4215528470209;0.744174;0.104578;0.999666 0.0200294 -0.0163595 -0.150832 -0.0203775 0.999563 -0.0213974 0.255376 0.0159238 0.0217236 0.999637 0.572663 0 0 0 1 
4215528470210;0.00963021;0.0110786;0.999978 -0.00269837 0.00609832 0.0121728 0.00270172 0.999996 -0.000539738 -0.0189913 -0.00609684 0.000556202 0.999981 0.00964384 0 0 0 1 
4215528470211;0.575999;0.288224;0.993527 0.0517132 -0.101142 -0.0678773 -0.0479505 0.998077 0.0392883 0.189041 0.102979 -0.0341841 0.994096 -0.877761 0 0 0 1 
4215528470212;0.0961837;0.0262869;0.999274 -0.0371575 -0.00846394 0.0658575 0.035711 0.990545 -0.132459 -0.109442 0.0133057 0.13206 0.991152 -0.281458 0 0 0 1 
4215528470213;0.289621;0.179006;0.967987 -0.0346694 -0.248594 0.10745 -0.0460041 0.949132 -0.311501 0.290432 0.246748 0.312965 0.917152 -1.66765 0 0 0 1 
4215528470214;0.573067;0.170395;0.999008 -0.0218301 -0.0388181 0.145545 0.0237813 0.998439 0.0505333 -0.059518 0.0376543 -0.0514063 0.997968 -0.581958 0 0 0 1 
4215528470215;0.890995;0.402228;0.999723 -0.0233783 0.00285043 0.0681776 0.0234073 0.99967 -0.0106122 0.0374966 -0.00260139 0.010676 0.99994 -0.828106 0 0 0 1 
4215528470217;1.22438;0.174913;0.999759 0.0151949 -0.0158293 0.253582 -0.0155537 0.999619 -0.0227938 0.297176 0.0154769 0.0230345 0.999615 -0.977285 0 0 0 1 
4215528470218;0.463441;0.809659;0.999493 -0.0147051 -0.0282448 -0.103909 0.00887916 0.980508 -0.196277 0.121027 0.0305805 0.195926 0.980142 -1.43586 0 0 0 1 
4215528470219;1.25639;0.182713;0.995909 -0.0470106 -0.077175 0.0514176 0.0683226 0.950673 0.302576 -1.27886 0.0591439 -0.306611 0.949996 0.470474 0 0 0 1 
4215528470220;0.864498;0.0898614;0.987515 0.0471716 0.150293 -0.408267 -0.105688 0.905893 0.410108 0.721962 -0.116804 -0.420872 0.899568 3.22939 0 0 0 1 
4215528470221;0.77456;0.814123;0.976653 -0.00402482 0.214785 -0.103068 0.000448092 0.99986 0.0166987 -0.115898 -0.214823 -0.0162126 0.976518 2.23523 0 0 0 1 
4215528470222;0.34545;0.307228;0.978092 -0.207122 0.0208678 1.06199 0.206574 0.978093 0.0257264 -2.14057 -0.0257392 -0.020852 0.999451 0.242918 0 0 0 1 
4215528470223;0.822643;0.799932;0.953004 -0.292474 -0.0790101 1.71446 0.285055 0.953979 -0.0931035 -2.72661 0.102604 0.0662058 0.992517 -1.9285 0 0 0 1 
4215528470224;0.61224;0.281156;0.998438 -0.0164875 0.053376 0.137848 0.0245969 0.987602 -0.155039 -0.0410464 -0.050158 0.15611 0.986465 -0.0576619 0 0 0 1 
4215528470225;0.96443;0.118488;0.999128 0.0278317 0.0311112 -0.400925 -0.0273541 0.999503 -0.0156718 0.770849 -0.0315319 0.0148071 0.999393 -0.018758 0 0 0 1 
4215528470226;1.60186;0.519925;0.999747 -0.00230601 -0.0223671 -0.417808 0.0110206 0.917312 0.398018 -0.0135667 0.0195998 -0.398163 0.917105 2.80283 0 0 0 1 
4215528470227;0.62327;0.0914924;0.989542 0.0797553 0.12019 -0.596511 -0.0694439 0.993726 -0.0876714 0.953413 -0.126429 0.078408 0.988872 0.559248 0 0 0 1 
4215528470228;0.76285;0.655217;0.962823 -0.0801587 -0.257966 1.01623 0.103875 0.991397 0.079639 -0.963722 0.249362 -0.103474 0.962866 -2.01947 0 0 0 1 
4215528470229;0.828483;0.164096;0.935264 0.019615 -0.353408 0.701419 -0.0421291 0.997534 -0.0561255 0.658863 0.351436 0.0673809 0.933784 -4.08781 0 0 0 1 
4215528470230;1.52282;1.18755;0.999964 -0.00457883 -0.00712603 -0.163657 0.00472363 0.99978 0.0204371 0.020859 0.00703089 -0.02047 0.999766 -0.084789 0 0 0 1 
4215528470231;1.36079;1.03211;0.952519 0.0716822 -0.295921 0.727059 -0.0658159 0.997388 0.0297513 0.81412 0.297281 -0.0088624 0.954749 -3.17309 0 0 0 1 
4215528470232;1.01124;0.0941126;0.991361 0.074069 0.108249 -0.636546 -0.0788988 0.996038 0.0410317 0.552104 -0.104781 -0.0492179 0.993277 0.850782 0 0 0 1 
4215528470233;0.360528;0.1328;0.999748 -0.0202701 -0.00962643 0.0891744 0.0203765 0.999731 0.0110871 -0.381215 0.00939911 -0.0112805 0.999892 0.0759216 0 0 0 1 
4215528470234;0.247697;0.0466298;0.99997 0.00555632 0.00538709 -0.164811 -0.00555189 0.999984 -0.000837023 0.0313644 -0.00539166 0.000807089 0.999985 -0.0216227 0 0 0 1 
4215528470235;1.12906;1.23748;0.96888 -0.192754 -0.155295 1.3143 0.156996 0.963574 -0.216511 -1.10766 0.191371 0.185393 0.96385 -3.137 0 0 0 1 
4215528470236;0.421865;0.184975;0.982439 0.180982 -0.0453685 -0.642207 -0.160191 0.942835 0.292236 1.69686 0.0956644 -0.279837 0.955269 0.4526 0 0 0 1 
4215528470237;1.6174;1.17966;0.999645 0.0222505 -0.0146453 -0.308385 -0.0221141 0.999711 0.00941091 0.00279895 0.0148505 -0.0090837 0.999848 0.574026 0 0 0 1 
4215528470238;1.42655;0.0435769;0.972289 -0.097995 0.212252 0.196435 0.125857 0.98452 -0.121983 -1.56819 -0.197013 0.145316 0.969572 2.0549 0 0 0 1 
4215528470239;1.23487;0.538735;0.991881 0.0350674 -0.122241 -0.282475 -0.0308349 0.998863 0.0363462 0.299188 0.123376 -0.0322818 0.991835 -0.520895 0 0 0 1 
4215528470240;1.31981;0.404931;0.977955 -0.20199 0.0529524 0.789268 0.202424 0.979294 -0.0029057 -2.21578 -0.051269 0.0135605 0.998593 1.11978 0 0 0 1 
4215528470241;0.144224;0.078411;0.994356 -0.054835 0.0908226 0.175811 0.060894 0.996003 -0.0653415 -0.548692 -0.0868766 0.0705033 0.993721 0.475038 0 0 0 1 
4215528470242;0.341886;0.187987;0.99272 -0.10462 0.059688 0.442573 0.110653 0.987884 -0.108819 -1.11683 -0.0475802 0.114631 0.992268 -0.251694 0 0 0 1 
4215528470243;0.806737;0.267715;0.996956 -0.0655957 0.0421483 0.0950413 0.0681115 0.995792 -0.0613178 -0.300778 -0.0379487 0.0640019 0.997228 -0.0727203 0 0 0 1 
4215528470244;0.044198;0.058821;0.999465 0.0325513 0.00326578 -0.196665 -0.0325564 0.999469 0.00153293 0.346166 -0.00321415 -0.00163844 0.999993 0.00791279 0 0 0 1 
4215528470245;1.65415;0.618031;0.999216 0.0390845 -0.00630563 -0.102164 -0.039461 0.996091 -0.0790317 0.776131 0.00319206 0.0792186 0.996852 -1.33504 0 0 0 1 
4215528470246;0.359411;0.550742;0.963695 -0.251458 0.0897882 1.25056 0.254201 0.966937 -0.0203645 -2.50699 -0.0816988 0.0424494 0.995753 0.539897 0 0 0 1 
4215528470248;1.05013;0.912324;0.992094 0.0325249 -0.121211 -0.308398 -0.036739 0.99879 -0.0326955 0.339927 0.120001 0.0368902 0.992088 -0.64063 0 0 0 1 
4215528470249;0.429566;0.0346825;0.975854 -0.0523133 0.212066 0.22409 -0.0102419 0.958868 0.283667 0.025786 -0.218183 -0.278989 0.93518 2.72814 0 0 0 1 
4215528470250;0.0803374;0.0830011;0.998205 0.0584905 -0.012868 -0.276322 -0.0573602 0.995503 0.0753937 0.278174 0.0172199 -0.0745203 0.997071 0.163692 0 0 0 1 
4215528470251;0.907231;0.557005;0.994252 -0.00887892 0.106699 -0.309955 0.000410472 0.996864 0.0791285 0.0867216 -0.107067 -0.0786298 0.991138 0.710375 0 0 0 1 
4215528470252;0.54782;0.0210697;0.99978 0.0180355 -0.0106846 -0.000629704 -0.017772 0.999548 0.0242617 0.0257457 0.0111173 -0.0240665 0.999649 -0.499693 0 0 0 1 
4215528470253;0.780027;0.598827;0.971218 0.0460212 -0.233702 0.202842 -0.0421122 0.998877 0.0216918 0.33936 0.234438 -0.0112258 0.972066 -1.42436 0 0 0 1 
4215528470254;0.503441;0.103523;0.969236 0.0724207 0.235238 -0.264766 -0.11146 0.981265 0.157147 0.4347 -0.21945 -0.178532 0.95915 1.55191 0 0 0 1 
4215528470255;0.683372;0.319987;0.997057 -0.00701726 0.0763474 -0.153073 0.0138175 0.995944 -0.0889094 -0.268344 -0.0754138 0.0897026 0.993109 0.38736 0 0 0 1 
4215528470256;0.928983;0.342007;0.996428 0.0625395 -0.0567506 -0.505915 -0.0607229 0.997603 0.0331908 0.463552 0.0586903 -0.0296261 0.997837 0.423465 0 0 0 1 
4215528470257;0.749547;0.277707;0.995006 -0.0414556 -0.0907979 0.257507 0.0236219 0.981631 -0.189323 0.121704 0.0969785 0.186233 0.977708 -1.93988 0 0 0 1 
4215528470258;0.0650151;0.0524794;0.999648 -0.0257706 0.00623566 0.061975 0.0257818 0.999666 -0.00172573 -0.164548 -0.0061891 0.00188589 0.999979 -0.0289252 0 0 0 1 
