#;prob_registration_l1 -r /home/probabilistic_point_clouds_registration/build/tester /home/point_clouds_registration_benchmark//devel/registration_pairs/planetary_map_local.txt /home/point_clouds_registration_benchmark//planetary/p2at_met -s 0.2 -t 0.2 -p 0.3 -r 1000 -m 15 -i 40 
id;initial_error;final_error;transformation
25528382210000;2.8561;1.3929;0.99945 -0.032767 0.00514933 -1.79042 0.0326853 0.99935 0.0152201 -0.686141 -0.0056447 -0.0150434 0.999871 1.48959 0 0 0 1 
25528382210001;2.11331;1.48552;0.999861 -0.0150036 -0.00721591 -0.885323 0.0160035 0.985638 0.168109 -1.12375 0.00459003 -0.168201 0.985742 -9.15136 0 0 0 1 
25528382210002;1.70145;1.36161;0.97585 0.022564 0.217275 1.8488 0.0340911 0.966732 -0.253509 -2.37812 -0.215767 0.254793 0.942616 14.1742 0 0 0 1 
25528382210003;1.37022;0.39023;1 0.000520879 0.000295471 -0.348462 -0.000522899 0.999976 0.00687876 0.0642668 -0.000291881 -0.00687891 0.999976 0.744439 0 0 0 1 
25528382210004;1.75339;1.22503;0.966816 -0.0442887 0.251605 -1.81234 0.0122946 0.991784 0.127335 -0.195062 -0.255177 -0.120017 0.959417 -5.54719 0 0 0 1 
25528382210005;0.735848;0.447921;0.994754 0.00847089 0.101943 0.695507 0.0235097 0.950957 -0.308427 -3.04498 -0.0995558 0.309206 0.94577 16.4749 0 0 0 1 
25528382210006;1.57164;0.550563;0.997164 -0.023618 -0.0714596 -1.32623 0.0227274 0.999654 -0.0132513 -0.212455 0.0717478 0.0115896 0.997355 -1.44019 0 0 0 1 
25528382210007;1.73822;1.33478;0.99999 -0.00296717 -0.00348077 0.209365 0.00277662 0.998563 -0.0535265 -0.471305 0.00363459 0.0535163 0.99856 2.20258 0 0 0 1 
25528382210008;0.906109;0.845761;0.995197 0.0225109 0.0952678 1.46716 -0.0228541 0.999736 0.00251186 0.144865 -0.095186 -0.00467705 0.995449 0.29712 0 0 0 1 
25528382210009;0.490985;0.224988;0.97072 0.0480549 -0.235359 2.25316 -0.0235043 0.994085 0.106028 0.221071 0.239062 -0.0973913 0.966108 -6.48085 0 0 0 1 
25528382210010;2.17163;1.19262;0.990804 -0.0438976 -0.127988 -2.07989 -0.016012 0.901224 -0.433057 -4.75901 0.134356 0.431124 0.892233 18.4421 0 0 0 1 
25528382210011;2.42393;1.5229;0.999733 0.0186144 -0.0136835 0.824104 -0.0164157 0.989119 0.146197 0.116571 0.016256 -0.145933 0.989161 -8.98759 0 0 0 1 
25528382210012;1.04957;0.455328;0.997623 -0.0232121 -0.0648831 -1.20165 0.0192588 0.997958 -0.0609041 -0.797789 0.0661643 0.0595098 0.996033 3.1622 0 0 0 1 
25528382210013;1.47687;1.16556;0.999938 -0.0107042 0.00311347 -0.444156 0.0106826 0.999919 0.00686697 -0.0301161 -0.00318673 -0.00683328 0.999972 0.317299 0 0 0 1 
25528382210014;2.77484;2.24373;0.983108 -0.0133191 0.182542 -0.0579602 -0.052506 0.934904 0.350994 -2.552 -0.175334 -0.35465 0.918412 -15.6989 0 0 0 1 
25528382210015;1.8346;1.71354;0.997369 0.00811423 0.0720391 0.506705 -0.00286852 0.997355 -0.0726244 -0.187839 -0.0724379 0.0722267 0.994754 4.72547 0 0 0 1 
25528382210016;0.567147;0.427362;0.994115 -0.000301249 -0.108331 -0.1364 0.0182615 0.986152 0.164838 -0.949045 0.106781 -0.165846 0.980354 -9.47818 0 0 0 1 
25528382210017;2.04883;1.41964;0.951187 0.0295883 -0.307193 0.939437 0.0399577 0.975208 0.217655 -1.43283 0.306017 -0.219305 0.926423 -11.8187 0 0 0 1 
25528382210018;2.95759;1.5434;0.99926 0.036129 -0.0131879 1.21227 -0.0281957 0.921357 0.387694 -2.52027 0.0261577 -0.387035 0.921694 -17.6559 0 0 0 1 
25528382210019;2.21355;1.87304;0.995951 0.0186174 0.0879484 1.25475 -0.0181346 0.999816 -0.0062856 0.284746 -0.0880492 0.00466524 0.996105 -0.0598943 0 0 0 1 
25528382210020;0.308749;0.464777;0.980868 -0.0553705 0.186633 -2.59935 0.0984505 0.968155 -0.230183 -2.9584 -0.167944 0.244153 0.955083 13.1704 0 0 0 1 
25528382210021;1.80312;1.32002;0.999674 0.0249847 -0.00517659 1.3972 -0.0246811 0.998333 0.0521682 0.0284271 0.00647137 -0.0520235 0.998625 -1.79507 0 0 0 1 
25528382210022;2.94324;2.42038;0.871474 -0.0345878 -0.489221 -1.8733 0.00292478 0.997859 -0.0653383 0.0937782 0.490433 0.0555097 0.869709 -0.151587 0 0 0 1 
25528382210023;1.21687;0.90087;0.888404 -0.0122267 -0.4589 -0.583179 -0.0258042 0.996735 -0.0765121 0.155815 0.458337 0.0798152 0.885187 0.177807 0 0 0 1 
25528382210024;1.44022;1.35043;0.998484 -0.0274737 0.0476952 -1.41169 0.0294649 0.998701 -0.0415591 -0.56647 -0.0464915 0.0429014 0.997997 2.01456 0 0 0 1 
25528382210025;2.35204;2.10708;0.999979 0.00324936 -0.00558644 0.470581 -0.00319359 0.999945 0.00996257 -0.137385 0.0056185 -0.00994452 0.999935 -0.688666 0 0 0 1 
25528382210026;1.69358;0.451155;0.998012 0.00549857 0.0627808 0.19105 -0.00662442 0.999821 0.017739 0.402592 -0.062672 -0.0181197 0.99787 -2.03868 0 0 0 1 
25528382210027;2.42888;1.48626;0.997471 -0.0224317 0.0674468 -1.38487 0.0236755 0.999563 -0.0176981 -0.373037 -0.0670204 0.0192501 0.997566 3.05854 0 0 0 1 
25528382210028;0.814222;0.296589;0.969049 0.0161718 -0.246339 1.03735 -0.0365011 0.99627 -0.0781844 0.264448 0.244156 0.0847561 0.966025 1.78354 0 0 0 1 
25528382210029;0.390701;0.416016;0.972841 -0.0677832 -0.221329 -3.63931 0.00218101 0.958806 -0.284053 -2.63192 0.231466 0.275856 0.932913 11.9067 0 0 0 1 
25528382210031;1.54457;0.780803;0.999517 0.0260398 -0.0169795 0.711309 -0.0251568 0.998418 0.0502921 0.0109847 0.0182622 -0.0498407 0.99859 -3.16254 0 0 0 1 
25528382210032;0.49374;0.339958;0.999674 0.0254511 -0.00222918 0.624316 -0.0250037 0.992547 0.119266 0.0198191 0.00524801 -0.119171 0.99286 -3.66598 0 0 0 1 
25528382210033;0.496545;0.438109;0.99819 0.0133459 0.0586461 0.313224 -0.0141844 0.999803 0.0139054 0.0184511 -0.0584489 -0.0147121 0.998182 -0.442303 0 0 0 1 
25528382210034;1.67751;1.36954;0.999545 -0.00255032 -0.0300598 -0.0338412 -0.000690861 0.994224 -0.107324 -0.210185 0.0301599 0.107296 0.99377 1.95673 0 0 0 1 
25528382210035;1.14274;0.582769;0.996874 0.0208044 -0.0762139 0.540667 -0.0172007 0.998716 0.0476402 0.0369131 0.0771072 -0.0461804 0.995953 -3.2936 0 0 0 1 
25528382210036;0.657758;0.229353;0.9985 0.018061 0.0516897 0.511229 -0.0241345 0.992553 0.119402 0.202536 -0.0491482 -0.120471 0.9915 -2.71924 0 0 0 1 
25528382210037;0.42747;0.345579;0.943038 0.0294056 -0.331383 1.00084 -0.00912137 0.997997 0.062601 -0.10778 0.33256 -0.0560124 0.941417 -5.02817 0 0 0 1 
25528382210038;2.16463;1.48026;0.994895 -0.0211859 -0.0986668 -0.781621 0.0178326 0.999237 -0.0347447 -0.365749 0.0993276 0.0328078 0.994514 1.7226 0 0 0 1 
25528382210039;1.45509;1.22394;0.999794 0.00511922 0.0196343 0.125452 -0.00632583 0.998063 0.0618928 0.0621324 -0.0192795 -0.0620043 0.99789 -0.979451 0 0 0 1 
25528382210040;1.05221;1.06941;0.99557 -0.019874 -0.0918939 -0.545074 0.0153038 0.998623 -0.050174 -0.227565 0.0927646 0.0485454 0.994504 0.422272 0 0 0 1 
25528382210041;1.71424;0.746797;0.909357 -0.0239317 0.415327 0.461828 -0.0042297 0.997761 0.0667532 0.0924111 -0.415995 -0.0624592 0.90722 3.24897 0 0 0 1 
25528382210042;0.574012;0.345518;0.989298 0.00435512 0.145841 0.130519 0.0445195 0.942878 -0.33015 -2.3531 -0.138948 0.33311 0.932594 11.6904 0 0 0 1 
25528382210043;0.513876;0.181575;0.99998 0.000319879 0.00634919 0.240516 -0.0016236 0.978463 0.206417 -0.400831 -0.00614642 -0.206423 0.978444 -6.74494 0 0 0 1 
25528382210044;0.355334;0.290663;0.914157 -0.0067391 0.405305 0.770578 -0.047964 0.99104 0.12466 0.170771 -0.402514 -0.133399 0.905642 -0.797421 0 0 0 1 
25528382210045;1.15928;1.04349;0.999251 0.00517159 -0.0383508 0.0130665 -0.00701421 0.998819 -0.0480688 -0.0174168 0.0380569 0.0483018 0.998108 0.848909 0 0 0 1 
25528382210046;2.5411;1.13529;0.995389 0.0196109 0.0938898 0.664912 -0.055169 0.917804 0.393181 -2.28589 -0.0784618 -0.396548 0.914655 -13.7594 0 0 0 1 
25528382210047;2.63214;2.36005;0.962684 -0.0756471 -0.259839 -2.46972 -0.0192812 0.938526 -0.344669 -2.15046 0.269939 0.336818 0.902046 8.80032 0 0 0 1 
25528382210048;0.0550198;0.126232;0.999684 0.0127379 -0.0216636 0.246546 -0.0130646 0.999802 -0.0150109 0.0916894 0.0214681 0.0152891 0.999653 0.206468 0 0 0 1 
25528382210049;0.624254;0.318974;0.998902 0.0220956 0.0413025 0.58152 -0.0304107 0.976568 0.21305 -0.211459 -0.0356273 -0.214072 0.976168 -5.85572 0 0 0 1 
25528382210050;1.7141;0.26737;0.99964 0.0136054 0.0231286 0.192203 -0.0124398 0.998681 -0.0498154 0.136655 -0.0237758 0.0495097 0.998491 3.5533 0 0 0 1 
25528382210051;0.731618;0.732783;0.998765 0.0147795 -0.0474298 0.394247 -0.0104761 0.995911 0.0897306 0.0100918 0.048562 -0.0891229 0.994836 -3.15863 0 0 0 1 
25528382210052;0.501673;0.448815;0.945622 0.00964715 -0.325123 0.674796 0.0299249 0.992741 0.116494 -0.353663 0.323887 -0.119888 0.938469 -6.45099 0 0 0 1 
25528382210053;0.245766;0.312344;0.996419 0.00188592 0.0845376 0.0252364 0.0104366 0.989364 -0.145084 -0.556266 -0.0839121 0.145447 0.985801 5.0505 0 0 0 1 
25528382210054;2.27774;1.75173;0.99836 -0.0138042 0.0555558 -0.366799 0.0166083 0.998594 -0.0503331 -0.170475 -0.0547829 0.0511733 0.997186 3.44591 0 0 0 1 
25528382210055;0.613367;0.707568;0.996872 0.0170772 -0.0771652 0.326425 -0.0146962 0.999401 0.031319 0.0345526 0.0776539 -0.030087 0.996526 -1.47954 0 0 0 1 
25528382210056;2.21606;2.03515;0.992857 0.0380243 -0.113086 1.21033 -0.0125619 0.975902 0.217849 -0.529639 0.118644 -0.214873 0.969409 -8.43363 0 0 0 1 
25528382210057;2.17431;1.87625;0.99987 -0.00419545 -0.0155451 -0.375747 0.00358796 0.999237 -0.038903 -0.311187 0.0156965 0.0388422 0.999122 1.74813 0 0 0 1 
25528382210058;0.777574;0.411526;0.944007 0.0956992 -0.315743 2.94784 0.029314 0.928894 0.369184 -2.25016 0.328622 -0.357767 0.874077 -13.7543 0 0 0 1 
25528382210059;0.655634;0.358258;0.998341 0.0268638 -0.0509289 0.697643 -0.022035 0.995412 0.0931119 -0.0278891 0.0531966 -0.0918352 0.994352 -4.02226 0 0 0 1 
25528382210060;1.3379;0.447653;0.94476 -0.0633478 -0.321582 -1.9761 -0.00284295 0.979524 -0.201307 -0.923813 0.327749 0.191101 0.925235 4.29478 0 0 0 1 
25528382210062;1.314;0.913395;0.996175 0.0115242 -0.0866184 0.545714 -0.00718689 0.998712 0.0502202 0.0254774 0.0870856 -0.0494056 0.994975 -2.13536 0 0 0 1 
25528382210063;2.15505;1.47821;0.999979 -0.00639494 -0.00141724 -0.370924 0.00631097 0.998578 -0.0529281 0.074673 0.0017537 0.052918 0.998597 3.22162 0 0 0 1 
25528382210064;0.553066;0.445762;0.984813 0.00178804 0.17361 0.233511 0.0245224 0.98849 -0.149285 -0.782407 -0.171879 0.151275 0.973434 10.0892 0 0 0 1 
25528382210065;1.61508;0.694118;0.994584 0.0299157 -0.0995354 2.25427 -0.0124973 0.985154 0.171215 -0.972119 0.10318 -0.169044 0.980193 -12.4958 0 0 0 1 
25528382210066;1.78743;0.976955;0.999973 0.000485552 0.00732642 -0.0318792 -0.000654741 0.999733 0.0231083 0.0212635 -0.00731325 -0.0231125 0.999706 -0.741347 0 0 0 1 
25528382210067;0.672032;0.583564;0.99361 -0.0182038 -0.111391 -2.32777 0.00788137 0.995689 -0.0924163 -0.513032 0.112593 0.0909479 0.98947 11.9034 0 0 0 1 
25528382210068;1.84994;0.756465;0.997879 0.00775664 -0.0646356 0.110635 -0.00445188 0.998683 0.0511172 0.14823 0.0649469 -0.050721 0.996599 -1.66555 0 0 0 1 
25528382210069;2.23987;0.364877;0.981099 -0.0322611 -0.190797 -3.57675 -0.0130475 0.972731 -0.231568 -3.04981 0.193064 0.22968 0.953925 24.9017 0 0 0 1 
25528382210070;2.2156;0.86256;0.999921 -0.00259923 -0.0123219 -0.586454 0.0026521 0.999987 0.00427594 0.0400806 0.0123106 -0.00430828 0.999915 2.23873 0 0 0 1 
25528382210071;1.44584;1.26279;0.999031 -0.043798 0.00432691 -4.32182 0.0409809 0.889887 -0.454336 -10.9897 0.0160485 0.454073 0.89082 44.5293 0 0 0 1 
25528382210072;1.6175;1.61167;0.998168 -0.0432872 -0.0422775 -4.56039 0.0253139 0.933375 -0.358008 -7.03606 0.0549579 0.356282 0.932761 36.9128 0 0 0 1 
25528382210073;2.148;0.352272;0.999107 0.00807235 -0.0414701 0.339973 -0.00609668 0.99885 0.0475484 0.146113 0.0418063 -0.0472531 0.998008 -1.2422 0 0 0 1 
25528382210074;1.21241;0.601766;0.991401 -0.00709899 0.130663 -0.225117 0.0050105 0.999855 0.0163056 0.273614 -0.13076 -0.0155107 0.991293 -6.38727 0 0 0 1 
25528382210075;0.469924;0.14779;0.967435 -0.0243929 -0.251943 -3.85419 -0.0169546 0.986866 -0.160652 -2.09144 0.252552 0.159692 0.954314 21.4932 0 0 0 1 
25528382210076;1.94829;1.23623;0.999898 0.00370392 -0.0137817 0.0393672 -0.00260003 0.99685 0.0792706 0.17579 0.0140319 -0.0792267 0.996758 -5.59124 0 0 0 1 
25528382210077;1.55351;0.711662;0.999853 0.00914266 -0.0145345 1.01673 -0.00815288 0.997736 0.0667573 -0.111094 0.0151119 -0.0666289 0.997663 -8.12813 0 0 0 1 
25528382210078;1.78754;1.4742;0.999823 -0.000505312 0.0188091 -0.100368 -9.9068e-05 0.999484 0.0321175 0.104876 -0.0188156 -0.0321137 0.999307 -2.73189 0 0 0 1 
25528382210079;0.52952;0.418546;0.966206 -0.0191118 -0.257063 -3.39197 -0.0083267 0.994413 -0.105228 -0.986279 0.257638 0.103813 0.960648 16.2771 0 0 0 1 
25528382210080;0.579865;0.174488;0.999935 0.00262655 -0.0110675 0.156839 -0.00262385 0.999997 0.000257909 -0.0449515 0.0110682 -0.000228853 0.999939 0.827402 0 0 0 1 
25528382210081;1.6725;1.67961;0.99962 -0.0096223 0.0258415 -0.889531 0.0113918 0.997536 -0.0692243 -0.115723 -0.0251117 0.0694924 0.997266 6.04594 0 0 0 1 
25528382210082;1.80785;0.146218;0.960153 -0.0131637 0.279165 -1.06857 -0.0272152 0.989739 0.140273 -1.06694 -0.278147 -0.142281 0.949942 -19.3036 0 0 0 1 
25528382210083;0.928935;0.236595;0.981538 -0.0368317 -0.187687 -4.97421 -0.00289202 0.978314 -0.207109 -3.06604 0.191245 0.203828 0.960146 25.8241 0 0 0 1 
25528382210084;1.83208;1.47117;0.998708 -0.0188786 -0.0471897 -1.93628 0.0126554 0.991583 -0.128856 -0.686842 0.0492251 0.128092 0.99054 12.3617 0 0 0 1 
25528382210085;0.401662;0.271994;0.993978 0.0489797 -0.0980271 4.5586 -0.0171344 0.953015 0.302438 -4.22724 0.108235 -0.298937 0.948115 -27.6054 0 0 0 1 
25528382210086;1.45129;1.17755;0.996701 0.00303224 -0.0811087 -0.137797 -0.00507417 0.999675 -0.024981 -0.0899572 0.0810066 0.0253101 0.996392 5.28671 0 0 0 1 
25528382210087;0.345605;0.130835;0.939163 -0.00843619 0.343368 -1.3465 0.0381492 0.996075 -0.0798713 0.306766 -0.341346 0.0881114 0.935799 0.124794 0 0 0 1 
25528382210088;0.167837;0.139711;0.999913 -0.00669036 -0.0113608 -0.73966 0.00671085 0.999976 0.00176605 0.162721 0.0113487 -0.00184213 0.999934 -0.202592 0 0 0 1 
25528382210089;1.83562;1.77967;0.999887 -0.00379322 0.0145376 -0.367193 0.00426697 0.999456 -0.0326968 0.0306802 -0.0144057 0.0327551 0.99936 2.51572 0 0 0 1 
25528382210090;2.15758;0.157485;0.999986 0.00170129 -0.00491749 -0.0523766 -0.00183972 0.999598 -0.0282832 -0.233472 0.00486739 0.0282919 0.999588 5.49111 0 0 0 1 
25528382210091;0.893388;0.499306;0.999866 -0.0129126 0.0100897 -1.30712 0.0140592 0.992263 -0.123351 -0.845104 -0.00841884 0.123477 0.992312 12.6992 0 0 0 1 
25528382210093;1.89713;0.243718;0.978217 0.0443335 -0.202793 -1.13683 -0.0243545 0.994692 0.0999744 -0.432006 0.206149 -0.0928578 0.974105 4.39336 0 0 0 1 
25528382210094;0.825331;0.168852;0.997925 0.0174343 -0.0619787 -0.16095 0.00382442 0.944888 0.32737 0.491312 0.0642704 -0.326928 0.942861 -1.94314 0 0 0 1 
25528382210095;0.858473;0.738661;0.956653 0.0944899 0.275476 0.557873 -0.13496 0.982042 0.131834 -2.14054 -0.258072 -0.163298 0.952225 -4.54669 0 0 0 1 
25528382210096;0.8797;0.327809;0.953863 0.066107 0.292875 0.613689 -0.174217 0.916315 0.360576 -2.83703 -0.244529 -0.394964 0.885556 -7.15087 0 0 0 1 
25528382210097;2.1961;0.527578;0.99531 0.0507993 0.0823267 0.433708 -0.0562245 0.996302 0.0649772 -2.00584 -0.0787215 -0.0693012 0.994485 -2.94706 0 0 0 1 
25528382210098;1.08082;0.261519;0.999652 0.0261802 0.00315443 0.308894 -0.0259172 0.997511 -0.0655771 -1.14157 -0.0048634 0.0654726 0.997843 -0.312522 0 0 0 1 
25528382210099;0.565162;0.282878;0.946752 -0.06586 -0.315154 -2.03755 0.0254142 0.991087 -0.130768 0.235346 0.320958 0.115795 0.939988 5.87457 0 0 0 1 
25528382210100;1.81678;1.76911;0.998467 0.047958 0.027617 0.525036 -0.0533858 0.96617 0.25232 -0.526539 -0.0145819 -0.253408 0.96725 -1.72744 0 0 0 1 
25528382210101;0.708323;0.448466;0.998605 -0.0391333 -0.035436 -0.552855 0.0376118 0.998383 -0.0426293 0.667317 0.037047 0.041237 0.998462 1.3453 0 0 0 1 
25528382210102;2.25601;1.54983;0.99731 0.00911751 -0.0727279 0.0433796 -0.0161648 0.995162 -0.0969081 -0.867993 0.0714925 0.097823 0.992633 0.536708 0 0 0 1 
25528382210103;0.72475;0.468238;0.999061 0.0420067 -0.0105904 0.343572 -0.0412012 0.996879 0.0673335 -0.547287 0.0133858 -0.0668339 0.997674 0.465952 0 0 0 1 
25528382210104;2.73972;1.52496;0.990406 0.0528476 -0.127687 -0.187214 -0.0168515 0.963278 0.267977 0.496281 0.13716 -0.263254 0.954927 2.50393 0 0 0 1 
25528382210105;1.37462;0.250543;0.985501 0.0515802 0.161637 0.44386 0.0327627 0.876886 -0.47958 -2.01084 -0.166474 0.477923 0.862483 -0.713757 0 0 0 1 
25528382210106;1.98093;0.179615;0.995017 -0.0565901 -0.0820862 -0.209733 0.0234502 0.933048 -0.358987 -0.280201 0.0969055 0.355274 0.929726 1.86088 0 0 0 1 
25528382210107;2.7132;2.02843;0.99944 0.0147266 0.0300545 0.258647 -0.01626 0.998544 0.0514311 -0.250655 -0.0292534 -0.051891 0.998224 -2.4296 0 0 0 1 
25528382210108;2.24596;1.23148;0.980673 0.05016 -0.189114 0.102477 -0.0469546 0.998668 0.0213948 -1.34596 0.189935 -0.0121016 0.981722 1.76201 0 0 0 1 
25528382210109;1.35089;0.334149;0.996515 0.0173445 0.0815851 0.482948 -0.0102809 0.996223 -0.0862156 -0.364969 -0.0827724 0.0850764 0.99293 -1.93719 0 0 0 1 
25528382210110;1.54595;1.03728;0.997808 0.0581513 -0.0315956 0.164047 -0.0345685 0.865071 0.500458 0.213892 0.0564347 -0.498268 0.865184 -2.33049 0 0 0 1 
25528382210111;0.364366;0.200327;0.985015 -0.0114053 -0.17209 -0.77685 0.00340368 0.998902 -0.0467206 -0.102211 0.172434 0.0454348 0.983973 3.28834 0 0 0 1 
25528382210112;2.44837;2.24001;0.994725 -0.0220442 0.100182 -0.20837 0.000999055 0.978672 0.205428 0.794853 -0.102574 -0.204244 0.973531 -1.20071 0 0 0 1 
25528382210113;0.357128;0.321812;0.997649 0.0650192 0.0216697 0.551118 -0.066459 0.995031 0.0741411 -1.12588 -0.0167415 -0.0754069 0.997012 -0.359558 0 0 0 1 
25528382210114;2.52967;0.786278;0.947434 -0.0409926 0.317315 -0.848352 0.141042 0.943707 -0.299206 1.55364 -0.287187 0.328233 0.899881 -4.64926 0 0 0 1 
25528382210115;1.99023;0.255092;0.997835 -0.00743991 -0.0653462 -0.5528 0.00821258 0.999899 0.0115635 0.298011 0.0652536 -0.0120751 0.997796 3.00155 0 0 0 1 
25528382210116;0.274109;0.242739;0.998538 0.0108146 -0.0529596 -0.211681 0.00263623 0.968871 0.247554 0.495367 0.0539882 -0.247331 0.967426 -0.637823 0 0 0 1 
25528382210117;0.456139;0.315978;0.971375 0.0616295 0.229417 0.567217 -0.106628 0.976122 0.189251 -1.59962 -0.212276 -0.208296 0.954752 -4.7614 0 0 0 1 
25528382210118;1.00279;0.192604;0.998543 -0.00638862 0.0535916 -0.0186871 0.00566165 0.99989 0.0137059 0.107057 -0.0536732 -0.0133825 0.998469 -1.82888 0 0 0 1 
25528382210119;1.53716;0.871462;0.993933 0.0497842 0.0980781 0.140456 -0.0275693 0.975999 -0.216025 -1.67933 -0.106479 0.21201 0.971449 0.331575 0 0 0 1 
25528382210120;1.16367;0.489482;0.999705 -8.94648e-05 0.0243055 0.0789019 -0.000397707 0.999799 0.0200381 0.457718 -0.0243025 -0.0200418 0.999504 0.380792 0 0 0 1 
25528382210121;1.92017;1.42001;0.998905 0.0104572 0.0456091 0.294226 -0.0189354 0.981672 0.189636 0.196854 -0.0427901 -0.190292 0.980795 -2.86666 0 0 0 1 
25528382210122;1.42171;0.478547;0.995148 0.0312761 -0.0932807 0.187839 -0.0344243 0.998884 -0.0323334 -0.488012 0.0921653 0.0353876 0.995115 0.369459 0 0 0 1 
25528382210124;1.41534;0.49515;0.999675 0.0199734 -0.0158423 1.64532 -0.0191034 0.998396 0.0532892 -0.386639 0.0168812 -0.0529693 0.998453 -5.68722 0 0 0 1 
25528382210125;0.633729;0.317148;0.99182 -0.0396691 -0.121322 -3.38344 0.0224618 0.989891 -0.140041 -0.88758 0.125651 0.13617 0.982685 11.9687 0 0 0 1 
25528382210126;0.445145;0.301022;0.951762 -0.00661852 -0.306766 -1.33553 0.013424 0.999708 0.02008 0.0918654 0.306543 -0.0232294 0.951573 -0.157965 0 0 0 1 
25528382210127;0.670288;0.636773;0.998287 -0.0147554 -0.0566093 -1.24849 0.0112748 0.998055 -0.0613177 -0.229385 0.057404 0.0605744 0.996512 5.2733 0 0 0 1 
25528382210128;2.24311;1.73571;0.999946 -0.0103419 0.00124632 -0.519776 0.0103635 0.999768 -0.0188677 -0.037182 -0.0010509 0.0188796 0.999821 -0.466458 0 0 0 1 
25528382210129;1.80511;1.47407;0.985288 0.010639 0.170573 1.09999 -0.0120955 0.999899 0.00750161 0.175365 -0.170476 -0.00945441 0.985316 -0.389217 0 0 0 1 
25528382210130;0.986557;0.178559;0.998894 0.0162047 0.0441434 1.22767 -0.0196368 0.996724 0.0784611 -0.0552562 -0.0427274 -0.0792412 0.995939 -5.37885 0 0 0 1 
25528382210131;2.11864;1.88177;0.983916 -0.108661 -0.141779 -8.67999 0.0356066 0.89708 -0.440432 -8.36372 0.175045 0.4283 0.88652 34.157 0 0 0 1 
25528382210132;0.163045;0.149736;0.999905 0.00677917 -0.012025 0.45225 -0.00715239 0.999485 -0.0312712 -0.142974 0.0118068 0.0313542 0.999439 2.34894 0 0 0 1 
25528382210133;1.8377;0.898782;0.999865 -0.00311839 -0.0161522 -0.521257 0.00298148 0.999959 -0.00849349 0.0987421 0.016178 0.00844418 0.999833 2.67506 0 0 0 1 
25528382210134;1.18998;0.840352;0.999991 -0.00425816 0.000270632 -0.462578 0.00426455 0.999499 -0.0313734 -0.0801426 -0.000136903 0.0313742 0.999508 3.35326 0 0 0 1 
25528382210135;0.879278;0.692788;0.999092 0.0164101 0.0393114 1.23282 -0.0179658 0.999056 0.0395536 -0.0574558 -0.0386252 -0.040224 0.998444 -2.79671 0 0 0 1 
25528382210136;1.20454;0.925913;0.938748 0.0283383 0.343438 2.30054 0.0273099 0.987361 -0.156119 -0.901153 -0.343521 0.155936 0.926109 11.0915 0 0 0 1 
25528382210137;0.490225;0.522627;0.999902 -0.00959024 0.0102393 -0.67729 0.0102184 0.997951 -0.0631648 -0.23353 -0.00961258 0.0632632 0.997951 4.63415 0 0 0 1 
25528382210138;0.898047;0.922371;0.999867 -0.0114931 0.0116113 -0.796527 0.0124196 0.996459 -0.0831602 -0.340093 -0.0106144 0.0832934 0.996469 6.14129 0 0 0 1 
25528382210139;0.258844;0.189465;0.998323 -0.0104912 0.0569257 -0.700076 0.0132462 0.998748 -0.0482364 -0.16288 -0.0563484 0.0489095 0.997212 3.57947 0 0 0 1 
25528382210140;1.51354;1.2962;0.999618 -0.0070081 0.0267162 -0.509658 0.00994362 0.993728 -0.111381 -0.520704 -0.0257681 0.111604 0.993419 7.78423 0 0 0 1 
25528382210141;0.177514;0.18758;0.968743 0.0181328 0.247401 1.67206 -0.0338056 0.997671 0.0592494 -0.266818 -0.24575 -0.0657611 0.9671 -6.70972 0 0 0 1 
25528382210142;1.7221;1.39909;0.990985 0.0112749 -0.133497 0.468968 0.00768426 0.990028 0.140658 -0.274163 0.133752 -0.140416 0.981017 -9.82899 0 0 0 1 
25528382210143;1.74732;1.5917;0.993622 -0.0134274 -0.111959 -1.30635 0.00887244 0.999116 -0.0410837 0.116613 0.112412 0.0398283 0.992863 3.8315 0 0 0 1 
25528382210144;0.62636;0.601793;0.985098 -0.014975 -0.17134 -1.42612 0.0152464 0.999884 0.000268495 0.0875107 0.171316 -0.00287682 0.985212 0.652459 0 0 0 1 
25528382210145;2.23099;1.67135;0.98213 0.0173179 0.187407 1.83084 -0.0267606 0.99849 0.0479735 -0.108777 -0.186294 -0.0521313 0.98111 -3.55933 0 0 0 1 
25528382210146;0.123351;0.144583;0.987646 -0.00472972 0.156632 -0.073105 0.0040533 0.999981 0.00463768 0.0265013 -0.15665 -0.00394551 0.987646 -1.2735 0 0 0 1 
25528382210147;2.1323;0.336509;0.999945 -0.00337905 0.00993394 -0.502478 0.00350093 0.999918 -0.0122779 0.0751758 -0.00989165 0.0123121 0.999875 3.52421 0 0 0 1 
25528382210148;1.17842;0.520618;0.999941 -0.00596346 -0.00912468 -0.587821 0.00558658 0.999152 -0.0407856 -0.0741027 0.00936017 0.0407322 0.999126 4.39868 0 0 0 1 
25528382210149;1.8032;1.67659;0.974442 0.0354707 -0.221821 2.32388 0.0206432 0.969137 0.245656 -2.02538 0.223688 -0.243957 0.943636 -18.565 0 0 0 1 
25528382210150;1.89528;1.78306;0.991955 0.00467928 0.126505 0.494003 0.00815411 0.99488 -0.100738 -0.342152 -0.126328 0.100959 0.986838 7.14475 0 0 0 1 
25528382210151;1.38396;0.456294;0.999942 0.0105672 0.00214017 0.974111 -0.0105612 0.99994 -0.00276853 -0.287622 -0.0021693 0.00274576 0.999994 -1.59689 0 0 0 1 
25528382210152;1.90731;1.80824;0.999401 0.00407829 -0.0343538 0.386193 -0.0011241 0.996331 0.0855772 -0.309593 0.0345767 -0.0854874 0.995739 -7.57678 0 0 0 1 
25528382210153;0.627318;0.162049;0.968707 -0.0622704 -0.240268 -5.51048 0.0220906 0.985806 -0.166427 -1.26901 0.247222 0.155911 0.956333 14.3007 0 0 0 1 
25528382210155;0.972428;0.59152;0.996543 -0.0448444 -0.0699337 -2.94803 0.0100117 0.900488 -0.434766 -7.33042 0.0824713 0.432563 0.897824 27.175 0 0 0 1 
25528382210156;1.01473;0.718712;0.991793 0.0206406 -0.126174 0.88601 -0.0145125 0.998679 0.0492963 -0.318601 0.127025 -0.0470607 0.990783 -1.51357 0 0 0 1 
25528382210157;0.233342;0.237216;0.998452 0.00282589 -0.0555533 -0.0370151 -0.0061873 0.998153 -0.0604294 -0.425842 0.0552799 0.0606796 0.996625 4.75746 0 0 0 1 
25528382210158;0.218897;0.18186;0.999907 -0.00977878 -0.00955677 -0.618239 0.00983045 0.999937 0.00537494 0.287547 0.0095036 -0.00546838 0.99994 -0.430674 0 0 0 1 
25528382210159;0.424214;0.197216;0.968336 -0.0175877 0.24903 -0.975771 0.100869 0.940031 -0.325834 -2.27683 -0.228365 0.340636 0.91204 14.5428 0 0 0 1 
25528382210160;0.944861;0.766214;0.999103 -0.0149931 -0.0396076 -0.887571 0.00715284 0.98154 -0.191122 -1.80964 0.0417419 0.190667 0.980767 11.8508 0 0 0 1 
25528382210161;0.607772;0.417896;0.983908 -0.0168875 0.177875 -0.865678 0.0378213 0.992649 -0.114964 0.12266 -0.174626 0.119842 0.977314 1.68298 0 0 0 1 
25528382210162;0.465464;0.257406;0.991377 0.0104292 0.130627 0.852605 -0.0285841 0.990035 0.137891 -0.740887 -0.127888 -0.140436 0.981796 -12.0553 0 0 0 1 
25528382210163;0.301031;0.186795;0.999887 0.00960141 -0.0115822 0.479631 -0.00922513 0.999442 0.0321148 0.047433 0.0118841 -0.0320043 0.999417 -1.19827 0 0 0 1 
25528382210164;0.262538;0.247897;0.999961 -0.0088689 -0.000214998 -0.563279 0.00887003 0.999942 0.00603235 0.268452 0.000161486 -0.00603402 0.999982 -0.567092 0 0 0 1 
25528382210165;0.165591;0.155636;0.999917 4.96103e-05 -0.0128898 -0.105717 0.00120984 0.995217 0.0976831 0.0768423 0.012833 -0.0976906 0.995134 -5.39096 0 0 0 1 
25528382210166;1.12952;0.724053;0.972712 0.00255361 -0.232004 -0.75444 0.00683961 0.999189 0.039674 0.174414 0.231917 -0.0401781 0.971905 0.814284 0 0 0 1 
25528382210167;0.708722;0.18553;0.994799 -0.0168396 -0.100455 -1.75275 0.0106441 0.998026 -0.0618944 -0.204849 0.101299 0.0605033 0.993015 7.32931 0 0 0 1 
25528382210168;1.1418;0.253391;0.999805 0.00747046 0.0182615 0.275737 -0.00692786 0.999538 -0.0295974 -0.205224 -0.0184742 0.0294651 0.999395 4.088 0 0 0 1 
25528382210169;0.757933;0.720574;0.994851 0.0082218 0.101012 0.785106 -0.00531049 0.999564 -0.0290566 -0.333443 -0.101207 0.0283706 0.994461 -0.972309 0 0 0 1 
25528382210170;0.338329;0.076644;0.988237 0.00568639 0.152827 0.507006 0.0557429 0.917169 -0.39458 -4.63701 -0.142412 0.398457 0.906063 19.7254 0 0 0 1 
25528382210171;0.814741;0.689415;0.995023 0.0219835 -0.0971912 0.648641 -0.0178694 0.998915 0.0429987 -0.266381 0.098031 -0.041048 0.994336 1.05205 0 0 0 1 
25528382210172;0.85032;0.307384;0.991063 0.0617234 -0.118258 2.39883 -0.0170108 0.937752 0.346889 -1.89531 0.132308 -0.341777 0.930421 -15.0216 0 0 0 1 
25528382210173;0.630488;0.55932;0.999695 0.00120521 -0.0246493 0.0131804 0.000576621 0.997393 0.0721525 0.197242 0.024672 -0.0721447 0.997089 -4.59058 0 0 0 1 
25528382210174;0.36066;0.267359;0.961515 0.104928 -0.253929 4.02389 -0.00658071 0.932734 0.360505 -2.4181 0.274675 -0.344959 0.897528 -14.4178 0 0 0 1 
25528382210175;0.400793;0.36542;0.999728 0.00665611 0.0223492 0.481638 -0.004246 0.994335 -0.106204 -0.711145 -0.0229295 0.10608 0.994093 5.83092 0 0 0 1 
25528382210176;0.342834;0.162445;0.984237 0.0044747 0.176798 0.503716 -0.0352713 0.984564 0.171437 -1.06796 -0.173302 -0.17497 0.969202 -14.846 0 0 0 1 
25528382210177;0.260067;0.12931;0.997303 -0.0309721 -0.066537 -2.05397 0.0118871 0.962789 -0.269994 -2.69743 0.0724233 0.268475 0.96056 17.0879 0 0 0 1 
25528382210178;0.926206;0.235253;0.999795 -0.009236 0.0180417 -0.697728 0.0090547 0.999908 0.0101049 0.3457 -0.0181334 -0.00993944 0.999786 1.20913 0 0 0 1 
25528382210179;0.695785;0.264218;0.999985 -0.00346072 -0.00429494 -0.0210868 0.00270984 0.986468 -0.163934 -1.03173 0.00480415 0.16392 0.986462 7.93933 0 0 0 1 
25528382210180;0.109455;0.0902208;0.999609 0.0157166 0.0231087 0.983688 -0.0172477 0.997562 0.0676226 -0.222191 -0.0219896 -0.0679947 0.997443 -4.59257 0 0 0 1 
25528382210181;0.971587;0.630513;0.944248 0.00381035 0.329214 -0.295692 0.0147531 0.998439 -0.0538706 0.273921 -0.328905 0.0557241 0.942718 -6.46672 0 0 0 1 
25528382210182;0.540657;0.309382;0.998426 0.00697787 0.0556529 0.640428 -0.00633992 0.999912 -0.0116315 -0.310525 -0.0557291 0.0112603 0.998382 -1.72472 0 0 0 1 
25528382210183;0.488607;0.350709;0.970077 0.00943449 0.242614 0.751314 -0.00769119 0.999937 -0.00813163 -0.0561375 -0.242675 0.00602231 0.970089 -4.7518 0 0 0 1 
25528382210184;0.107925;0.0637931;0.999908 0.00798529 -0.0109324 0.401183 -0.00782984 0.999869 0.0141893 -0.117047 0.0110442 -0.0141024 0.99984 -0.380604 0 0 0 1 
25528382210186;2.61464;0.513487;0.906675 0.0428682 -0.419647 0.243821 0.0458282 0.978924 0.199015 -0.113796 0.419334 -0.199673 0.885601 -5.46906 0 0 0 1 
25528382210187;2.55948;0.246543;0.999939 0.0107355 0.00263541 0.696937 -0.0107073 0.999888 -0.0104852 -0.331092 -0.00274768 0.0104563 0.999942 -1.99395 0 0 0 1 
25528382210188;2.1137;0.70523;0.993543 -0.0107008 -0.112946 -0.297157 -0.00347891 0.9922 -0.124606 -0.283014 0.113399 0.124195 0.985757 4.38254 0 0 0 1 
25528382210189;3.03095;1.63643;0.932469 -0.0146933 0.360951 0.0078908 0.0316176 0.998658 -0.0410273 0.362852 -0.359863 0.0496691 0.931682 -0.682569 0 0 0 1 
25528382210190;2.58604;2.35313;0.94256 0.0472254 0.330682 2.11799 0.0193653 0.980565 -0.195234 -1.16594 -0.333476 0.190424 0.923327 4.31439 0 0 0 1 
25528382210191;2.29839;1.15117;0.994404 -0.0119777 0.104959 -0.428353 -0.0268576 0.932241 0.360839 -1.27201 -0.10217 -0.361639 0.926703 -13.9844 0 0 0 1 
25528382210192;1.26077;1.05812;0.997383 0.0342711 -0.0636571 1.37674 -0.0320379 0.998846 0.0357769 -0.492992 0.0648097 -0.0336439 0.99733 -1.42482 0 0 0 1 
25528382210193;1.94741;1.3061;0.975981 -0.0268202 0.216198 -0.940321 0.0551582 0.990479 -0.126128 0.266208 -0.210757 0.135023 0.968168 0.939664 0 0 0 1 
25528382210194;0.500481;0.293432;0.991217 0.066349 -0.114393 2.17678 -0.0156975 0.917945 0.396396 -2.26604 0.131307 -0.391119 0.910925 -14.2681 0 0 0 1 
25528382210195;0.447325;0.129142;0.993585 0.00655386 0.112898 0.416795 0.0230699 0.965579 -0.259085 -1.68751 -0.11071 0.260028 0.959233 8.84193 0 0 0 1 
25528382210196;0.672791;0.463393;0.99965 -0.0261542 -0.00410167 -1.19782 0.0263051 0.998749 0.0425365 0.611194 0.00298403 -0.0426295 0.999086 -1.47234 0 0 0 1 
25528382210197;1.68816;1.56536;0.999776 0.016026 0.013799 0.593867 -0.0165018 0.999248 0.0350852 -0.0331576 -0.0132264 -0.035305 0.999289 -1.54227 0 0 0 1 
25528382210198;0.0806703;0.117463;0.999495 -0.0317532 -0.00144554 -1.30745 0.0317271 0.999378 -0.0154181 0.394648 0.00193421 0.0153644 0.99988 0.567547 0 0 0 1 
25528382210199;2.04506;0.67975;0.985283 -0.0330819 0.167697 -1.06599 0.0348429 0.999364 -0.0075685 0.569139 -0.16734 0.0133002 0.98581 -3.3949 0 0 0 1 
25528382210200;1.86353;1.17384;0.985314 -0.0947646 -0.142039 -4.68744 0.045328 0.947177 -0.317493 -2.14047 0.164623 0.306392 0.937562 14.581 0 0 0 1 
25528382210201;1.69978;1.53226;0.978118 -0.0182784 0.207246 -0.34072 -0.00526396 0.99364 0.11248 0.219661 -0.207984 -0.111109 0.971801 -7.89476 0 0 0 1 
25528382210202;3.09717;0.455994;0.999507 -0.0194214 0.0246641 -1.07293 0.0206118 0.998588 -0.0489647 0.0397588 -0.0236784 0.0494489 0.998496 4.39504 0 0 0 1 
25528382210203;2.66545;0.377444;0.999919 0.0125519 -0.0021114 0.282298 -0.0123665 0.997309 0.0722684 0.154418 0.00301283 -0.0722364 0.997383 -0.478567 0 0 0 1 
25528382210204;2.12678;1.87747;0.999956 -0.00890545 0.0029924 -0.468983 0.0088864 0.999941 0.00631895 0.4886 -0.00304849 -0.00629208 0.999976 -0.22457 0 0 0 1 
25528382210205;2.17534;0.409991;0.971967 0.0229833 -0.233991 0.603102 -0.0143412 0.999153 0.0385685 -0.370305 0.234679 -0.0341316 0.971474 -0.55336 0 0 0 1 
25528382210206;0.615844;0.316277;0.999567 0.00213253 0.0293378 0.0771036 0.000222796 0.996791 -0.0800463 -0.375187 -0.0294144 0.0800182 0.996359 3.20311 0 0 0 1 
25528382210207;2.70191;2.44612;0.998416 -0.0177665 0.0533896 -0.439351 0.0224216 0.995877 -0.0878974 -0.0450988 -0.0516078 0.0889552 0.994698 1.52164 0 0 0 1 
25528382210208;0.254784;0.27573;0.99827 0.0340671 -0.0479216 1.23753 -0.0326612 0.999022 0.0298195 -0.493859 0.0488905 -0.0282027 0.998406 -0.563874 0 0 0 1 
25528382210209;0.401221;0.388526;0.999887 0.0136186 -0.00634669 0.480679 -0.0133512 0.999093 0.0404276 -0.058169 0.0068915 -0.0403383 0.999162 -1.48013 0 0 0 1 
25528382210210;3.26762;2.85641;0.997817 0.0614927 0.0240898 2.5841 -0.0660429 0.929545 0.362745 -2.70349 -8.64134e-05 -0.363544 0.931577 -15.8161 0 0 0 1 
25528382210211;2.11433;0.873194;0.998393 0.0393569 0.0407668 1.5895 -0.0459572 0.983274 0.17624 -0.475533 -0.0331487 -0.17783 0.983503 -5.85305 0 0 0 1 
25528382210212;0.939666;0.382864;0.981214 0.0114948 0.192579 0.741431 0.0237559 0.983428 -0.179738 -0.835493 -0.191454 0.180937 0.96468 4.01394 0 0 0 1 
25528382210213;1.20317;1.03928;0.996686 0.00473376 0.0812019 0.32888 -0.0125137 0.995344 0.095571 0.0742346 -0.0803714 -0.0962704 0.992105 -4.62691 0 0 0 1 
25528382210214;2.77469;0.964995;0.984992 0.0450185 0.166627 2.13908 -0.0085704 0.976952 -0.213286 -1.92275 -0.172388 0.208657 0.962676 8.23097 0 0 0 1 
25528382210215;2.52413;2.38265;0.99962 0.0126803 -0.0244654 0.455382 -0.00624063 0.968941 0.247214 -0.628474 0.0268402 -0.246967 0.968652 -10.057 0 0 0 1 
25528382210217;1.06109;1.02031;0.971405 -0.0202477 -0.236566 -2.04282 0.0116824 0.999226 -0.037553 -0.078842 0.237143 0.0337155 0.97089 3.84488 0 0 0 1 
25528382210218;0.551084;0.494452;0.999764 0.0189515 0.0106521 1.74922 -0.0195731 0.997906 0.0616432 -0.345121 -0.0094616 -0.0618371 0.998041 -5.40485 0 0 0 1 
25528382210219;0.422673;0.406797;0.975039 -0.00908639 0.221849 -0.752294 -0.000333902 0.999101 0.0423882 0.0458144 -0.222035 -0.0414042 0.974159 -4.56323 0 0 0 1 
25528382210220;1.03905;1.02221;0.961911 0.0579576 -0.267147 4.90772 -0.020283 0.989704 0.141684 -0.988339 0.272608 -0.130869 0.953183 -11.0592 0 0 0 1 
25528382210221;1.31298;0.655171;0.997814 -0.0129101 -0.064806 -1.40003 0.00386593 0.990454 -0.137786 -1.10164 0.0659662 0.137235 0.98834 14.0457 0 0 0 1 
25528382210222;1.56771;1.12419;0.986798 0.0395627 -0.15705 3.85682 -0.0216843 0.993248 0.113962 -0.740671 0.160498 -0.109052 0.980993 -10.9582 0 0 0 1 
25528382210223;0.395381;0.301354;0.998234 0.00367176 -0.0592825 0.192375 -0.000538446 0.998606 0.0527836 -0.0638622 0.0593936 -0.0526585 0.996845 -4.23432 0 0 0 1 
25528382210224;1.45898;1.11684;0.994875 -0.00518201 -0.100979 -0.916036 0.00688067 0.999841 0.0164809 0.0492542 0.100878 -0.0170912 0.994752 -0.0415781 0 0 0 1 
25528382210225;0.647882;0.256407;0.955454 0.041591 -0.292196 2.8679 0.00420664 0.988002 0.154387 -0.863451 0.295111 -0.148739 0.943815 -11.6165 0 0 0 1 
25528382210226;0.247807;0.241018;0.994328 0.0158072 -0.105171 1.3822 -0.0137809 0.999706 0.0199657 -0.150369 0.105456 -0.0184031 0.994254 -1.30235 0 0 0 1 
25528382210227;1.67052;0.411722;0.999878 -0.000152046 0.0156191 -0.265423 0.00014846 1 0.000230743 -0.0417524 -0.0156192 -0.000228396 0.999878 2.18943 0 0 0 1 
25528382210228;0.941077;0.328571;0.99983 -0.0037061 -0.0180638 -0.0394776 0.00255603 0.997993 -0.0632795 -0.111769 0.0182621 0.0632226 0.997832 4.25901 0 0 0 1 
25528382210229;1.84373;1.7654;0.999455 -0.0177698 -0.0278127 -1.75951 0.015841 0.997553 -0.0680971 -0.130476 0.0289547 0.0676194 0.997291 6.29516 0 0 0 1 
25528382210230;0.815476;0.73011;0.99994 -0.00430392 -0.0100914 -0.483004 0.00424561 0.999974 -0.00579269 0.0109877 0.010116 0.0057495 0.999932 0.908614 0 0 0 1 
25528382210231;0.945073;0.479114;0.999946 0.00239528 -0.0101279 0.0633236 -0.00249778 0.999946 -0.01012 -0.056417 0.0101031 0.0101447 0.999898 2.00221 0 0 0 1 
25528382210232;0.385786;0.326247;0.994964 0.00523605 0.100095 0.52147 -0.0142124 0.995914 0.0891765 -0.376842 -0.0992192 -0.09015 0.990974 -8.90892 0 0 0 1 
25528382210233;0.215723;0.137084;0.999286 0.0345555 0.0152576 3.0393 -0.0376587 0.942888 0.330976 -5.09738 -0.00294916 -0.331314 0.943516 -29.8065 0 0 0 1 
25528382210234;1.80049;1.32228;0.999856 -0.0157956 0.00617507 -1.12163 0.0161836 0.997495 -0.0688569 0.0466003 -0.00507196 0.0689469 0.997607 4.11222 0 0 0 1 
25528382210235;1.841;1.97639;0.981107 0.00279224 0.193444 0.439063 -0.0418721 0.97926 0.198231 -1.71741 -0.188879 -0.202586 0.960876 -18.414 0 0 0 1 
25528382210236;0.783834;0.564216;0.992484 0.00450239 0.122288 0.565608 -0.0104441 0.998793 0.0479904 -0.14468 -0.121924 -0.0489069 0.991334 -4.19115 0 0 0 1 
25528382210237;0.646121;0.460113;0.995567 -0.00550951 -0.0938901 -0.454442 0.00533752 0.999984 -0.00208276 0.0706871 0.0939 0.00157239 0.99558 -0.191656 0 0 0 1 
25528382210238;0.978297;0.804167;0.994595 -0.0152753 0.102703 -1.44827 0.0270684 0.993062 -0.114435 -0.585858 -0.100242 0.116596 0.988108 10.6202 0 0 0 1 
25528382210239;1.51578;0.122494;0.995532 -0.00793442 0.0940887 -1.09747 0.0135672 0.998143 -0.0593785 -0.152418 -0.0934429 0.0603898 0.993791 7.11189 0 0 0 1 
25528382210240;0.466545;0.406303;0.999862 0.015431 -0.00617623 1.29111 -0.0139285 0.980656 0.195243 -1.63527 0.00906955 -0.19513 0.980735 -17.3921 0 0 0 1 
25528382210241;1.93577;1.79339;0.989367 0.00631404 0.145302 0.737028 -0.0270088 0.989656 0.140898 -0.855162 -0.14291 -0.143325 0.979303 -13.4084 0 0 0 1 
25528382210242;0.86252;0.471408;0.996613 -0.0269495 0.0776943 -2.50529 0.0421335 0.978687 -0.200988 -1.93694 -0.0706219 0.20358 0.976508 18.7618 0 0 0 1 
25528382210243;0.905546;0.2385;0.970415 -0.00493144 0.241391 -0.286872 -0.0075631 0.99868 0.0508066 -0.0215049 -0.241323 -0.0511292 0.969097 -4.52384 0 0 0 1 
25528382210244;0.219604;0.21902;0.999822 0.00105397 -0.0188534 0.0808423 -0.00141416 0.999817 -0.0191018 -0.0452971 0.0188298 0.019125 0.99964 1.64344 0 0 0 1 
25528382210245;0.165948;0.0987423;0.980774 -0.0113826 0.194814 -1.01446 0.00777634 0.999784 0.0192659 0.0732964 -0.194991 -0.0173805 0.980651 -2.73006 0 0 0 1 
25528382210246;1.5805;1.41557;0.998533 -0.000213174 0.0541402 -0.111061 -0.000776303 0.999833 0.0182545 -0.010869 -0.054135 -0.0182698 0.998366 -0.87903 0 0 0 1 
25528382210248;1.80404;1.53984;0.997409 0.00129834 0.0719332 0.204896 0.00986991 0.987915 -0.154685 -0.669667 -0.0712647 0.154994 0.985342 8.04687 0 0 0 1 
25528382210249;2.65063;0.684654;0.99926 -0.0193606 0.0332313 -0.911867 0.0190104 0.999761 0.0108201 0.187134 -0.0334328 -0.0101804 0.999389 -3.51971 0 0 0 1 
25528382210250;0.988386;0.213042;0.988187 -0.0307434 -0.150138 -2.11951 0.0217862 0.997903 -0.0609448 -0.198946 0.151697 0.0569539 0.986785 3.67833 0 0 0 1 
25528382210251;1.96971;0.538517;0.999294 0.00598891 -0.0370965 0.404781 -0.00463416 0.999323 0.0364987 0.610247 0.0372899 -0.036301 0.998645 -4.20369 0 0 0 1 
25528382210252;1.48555;1.19003;0.999662 0.0259276 0.00170766 1.5867 -0.0259228 0.99966 -0.00279379 -0.275544 -0.00177952 0.00274858 0.999995 0.509868 0 0 0 1 
25528382210253;1.51489;0.423297;0.999171 0.0158774 0.037474 1.0548 -0.0143565 0.999076 -0.0405126 0.0397196 -0.0380826 0.0399411 0.998476 0.552987 0 0 0 1 
25528382210254;2.5409;1.84853;0.99942 0.00536518 0.0336229 0.368448 -0.0103017 0.988871 0.148417 0.136476 -0.0324524 -0.148677 0.988353 -10.1645 0 0 0 1 
25528382210255;0.438009;0.187014;0.995569 0.00535948 -0.0938792 0.0878565 -0.0137122 0.995977 -0.0885558 -0.441622 0.0930269 0.0894507 0.991637 5.05339 0 0 0 1 
25528382210256;0.895108;0.415535;0.961431 0.00944374 0.274885 1.23557 0.068595 0.959599 -0.272883 -3.27595 -0.266356 0.281214 0.92194 16.7037 0 0 0 1 
25528382210257;0.887196;0.763295;0.999365 -0.00345161 0.0354534 0.010039 0.00310429 0.999947 0.00984696 -0.0557605 -0.0354855 -0.00973065 0.999323 -0.760123 0 0 0 1 
25528382210258;2.46932;0.583292;0.998952 0.0371009 -0.026787 2.44507 -0.0385369 0.997729 -0.0552444 0.0359642 0.0246765 0.0562188 0.998113 0.309323 0 0 0 1 
25528382210259;0.355498;0.238833;0.994963 -0.00751012 0.0999601 -0.188568 0.0521221 0.890547 -0.451895 -7.19489 -0.0856255 0.454829 0.886453 25.2501 0 0 0 1 
