#;prob_registration_l1 -r /home/probabilistic_point_clouds_registration/build/tester /home/point_clouds_registration_benchmark//devel/registration_pairs/stairs_local.txt /home/point_clouds_registration_benchmark//eth/stairs -s 0.2 -t 0.2 -p 0.3 -r 1000 -m 15 -i 40 
id;initial_error;final_error;transformation
5494384560000;0.832403;0.0611454;0.993095 0.115994 -0.0175171 0.826213 -0.11434 0.990491 0.076516 0.400975 0.026226 -0.0739848 0.996914 0.310271 0 0 0 1 
5494384560001;0.315086;0.0798566;0.912043 0.23984 -0.332648 1.59937 -0.203746 0.968962 0.14 1.23777 0.355901 -0.0599102 0.932601 -2.39287 0 0 0 1 
5494384560002;0.630491;0.0777736;0.9993 -0.0053741 -0.0370282 0.748027 0.00685355 0.999178 0.0399443 -0.278509 0.0367831 -0.0401701 0.998516 0.0147478 0 0 0 1 
5494384560003;0.317466;0.04423;0.969244 -0.0509231 -0.240776 0.925248 0.127397 0.940889 0.313844 -1.82149 0.210561 -0.334866 0.918438 -1.4065 0 0 0 1 
5494384560004;0.657978;0.0364404;0.998168 0.0573433 0.0193095 -0.186412 -0.0591468 0.991997 0.111555 0.663855 -0.0127581 -0.112492 0.993571 0.583145 0 0 0 1 
5494384560005;0.751618;0.0790686;0.994195 -0.0907288 -0.057834 -0.368086 0.0979678 0.985582 0.137954 -1.56685 0.0444837 -0.142819 0.988749 -0.452939 0 0 0 1 
5494384560006;0.696898;0.0909013;0.93308 0.300534 -0.197586 1.31784 -0.319362 0.944983 -0.0708118 2.23307 0.165435 0.129175 0.977725 -0.654953 0 0 0 1 
5494384560007;0.399045;0.0847674;0.934682 -0.350626 -0.0585656 0.802772 0.354732 0.930668 0.0895607 -3.15046 0.0231028 -0.104486 0.994258 -0.147156 0 0 0 1 
5494384560008;0.231215;0.0420385;0.974972 -0.190323 -0.114918 0.404871 0.178379 0.978167 -0.10663 -1.04029 0.132703 0.0834628 0.987636 -0.856891 0 0 0 1 
5494384560009;0.454804;0.0530147;0.989643 -0.0167143 -0.142574 0.692835 0.0268927 0.997201 0.069765 -0.640964 0.141008 -0.0728766 0.987322 -0.668925 0 0 0 1 
5494384560010;0.83506;0.0348564;0.999975 0.00702425 -0.000638292 -0.0241874 -0.00700876 0.99974 0.0216791 0.14154 0.000790406 -0.0216741 0.999765 0.884683 0 0 0 1 
5494384560011;0.300381;0.0481825;0.995918 0.0734066 0.0525283 -0.190504 -0.0547679 0.953991 -0.294792 1.10227 -0.0717512 0.290711 0.954117 0.610403 0 0 0 1 
5494384560012;0.513405;0.0513109;0.939804 0.0668903 -0.335103 1.16953 -0.128285 0.977989 -0.16456 1.32581 0.31672 0.197643 0.927699 -1.73324 0 0 0 1 
5494384560013;0.592232;0.0675263;0.991439 0.0229295 -0.128541 0.534628 -0.0222468 0.99973 0.00674441 0.752338 0.128661 -0.00382703 0.991681 -0.928968 0 0 0 1 
5494384560014;0.784839;0.0935158;0.952038 0.191127 0.238946 0.490381 -0.235564 0.956207 0.173716 1.22909 -0.19528 -0.221671 0.955368 1.96229 0 0 0 1 
5494384560015;1.02961;0.100657;0.944366 0.313942 -0.0980486 0.326745 -0.328851 0.906251 -0.265643 3.78295 0.00546016 0.283108 0.959073 0.736615 0 0 0 1 
5494384560016;0.692498;0.0723321;0.990376 0.126885 -0.0552717 0.188197 -0.138349 0.89672 -0.420419 2.62792 -0.00378165 0.42402 0.905645 -0.126145 0 0 0 1 
5494384560017;0.125802;0.0475046;0.999858 0.0111148 -0.0126837 0.0697334 -0.0107782 0.999596 0.0263057 -0.0355902 0.012971 -0.0261652 0.999573 0.00827472 0 0 0 1 
5494384560018;0.697368;0.0624734;0.995232 0.058953 -0.0777057 0.810536 -0.0733115 0.977603 -0.197274 1.15229 0.0643355 0.20203 0.977264 0.0876859 0 0 0 1 
5494384560019;0.372102;0.117348;0.960603 0.263785 0.0875224 0.193426 -0.272542 0.95575 0.110738 1.82823 -0.0544384 -0.130229 0.989988 0.15402 0 0 0 1 
5494384560020;0.725979;0.0622899;0.94057 0.331963 0.0716101 0.219402 -0.336948 0.885951 0.318681 2.16603 0.0423472 -0.323871 0.945153 0.326819 0 0 0 1 
5494384560021;0.810082;0.080411;0.994941 0.0866495 -0.0508271 -0.114368 -0.0851205 0.995872 0.0315174 0.618172 0.0533482 -0.0270316 0.99821 0.387478 0 0 0 1 
5494384560022;1.01164;0.0597251;0.884353 -0.296751 -0.36036 1.57521 0.337447 0.939781 0.0542266 -3.64071 0.322568 -0.169558 0.931236 -1.93975 0 0 0 1 
5494384560023;0.527542;0.0778247;0.978947 0.0956982 -0.18029 0.90061 -0.0922384 0.995357 0.0274967 0.561759 0.182084 -0.0102882 0.983229 -1.82194 0 0 0 1 
5494384560024;0.419936;0.0644083;0.938225 0.333574 -0.091995 1.00499 -0.334145 0.942473 0.00957613 2.54903 0.0898972 0.0217551 0.995713 -0.898064 0 0 0 1 
5494384560025;0.495752;0.092702;0.936998 0.305357 -0.169679 1.03154 -0.300709 0.952237 0.05309 2.26874 0.177786 0.00127892 0.984068 -0.877518 0 0 0 1 
5494384560026;0.350666;0.0592124;0.976897 0.100181 0.188774 -0.230464 -0.0471365 0.962571 -0.2669 1.00009 -0.208447 0.251836 0.945055 1.96975 0 0 0 1 
5494384560027;0.90423;0.0490895;0.990005 0.0856964 -0.112008 1.3284 -0.0650115 0.982101 0.17678 0.196955 0.125152 -0.167731 0.977856 -0.725867 0 0 0 1 
5494384560028;0.914969;0.0538131;0.996635 -0.0803736 -0.0161064 -0.85916 0.0809491 0.995955 0.039005 -0.56744 0.0129063 -0.0401775 0.999109 -0.325423 0 0 0 1 
5494384560029;0.844853;0.0971256;0.999808 0.0155895 0.0118496 0.0516401 -0.0159412 0.999417 0.0301876 -0.577563 -0.0113721 -0.0303708 0.999474 -0.541667 0 0 0 1 
5494384560031;0.314572;0.0820831;0.918028 -0.353546 -0.179529 0.482591 0.361695 0.932195 0.0137711 -1.45777 0.162487 -0.077577 0.983656 -0.646827 0 0 0 1 
5494384560032;0.143255;0.0566226;0.995943 0.0604541 0.0666537 0.042418 -0.05521 0.995432 -0.0778937 0.253524 -0.0710582 0.0738977 0.994731 0.288172 0 0 0 1 
5494384560033;0.256973;0.0954013;0.999287 0.0173724 0.0335069 0.181289 -0.0145131 0.99638 -0.0837679 0.172103 -0.0348408 0.0832219 0.995922 0.211187 0 0 0 1 
5494384560034;0.872658;0.0735127;0.967648 -0.226231 0.111698 0.0526837 0.203786 0.961826 0.182654 -1.81561 -0.148756 -0.153982 0.976812 -0.0110747 0 0 0 1 
5494384560035;0.383527;0.0622759;0.996168 -0.072086 0.0495239 0.0439593 0.0693138 0.996045 0.0555829 0.0637271 -0.0533348 -0.0519373 0.997225 0.292782 0 0 0 1 
5494384560036;0.699819;0.0986094;0.957138 0.259582 -0.128472 0.492878 -0.287107 0.908805 -0.302726 0.916878 0.038174 0.326635 0.944379 0.593513 0 0 0 1 
5494384560037;0.785083;0.100656;0.970511 -0.0822079 0.226607 -0.341246 0.137237 0.961265 -0.239032 -0.276141 -0.198179 0.263082 0.9442 0.106128 0 0 0 1 
5494384560038;1.00964;0.083865;0.898101 -0.436492 0.0537557 -0.873376 0.437054 0.899434 0.00144647 -1.38131 -0.048981 0.022195 0.998553 -0.103385 0 0 0 1 
5494384560039;0.16472;0.0976473;0.984437 -0.0774196 -0.157766 0.187191 0.0842744 0.995747 0.0372233 -0.376298 0.154213 -0.0499396 0.986775 -0.625323 0 0 0 1 
5494384560040;0.656318;0.0839965;0.908504 0.343471 0.238011 0.58615 -0.341092 0.938565 -0.0524618 0.791887 -0.241408 -0.0335218 0.969845 1.15533 0 0 0 1 
5494384560041;0.496934;0.0539584;0.879816 -0.30116 0.367731 -0.152422 0.302627 0.951509 0.0552041 -1.11379 -0.366524 0.0627158 0.928292 1.92006 0 0 0 1 
5494384560042;0.516103;0.0866265;0.966464 -0.0230184 -0.255769 0.365015 0.0633684 0.986552 0.150661 -0.62897 0.248861 -0.161816 0.954926 -1.39015 0 0 0 1 
5494384560043;0.0787389;0.0674189;0.999899 -0.0120903 0.00744653 -0.0500563 0.0119308 0.999706 0.0211062 -0.200009 -0.00769952 -0.0210152 0.99975 0.10149 0 0 0 1 
5494384560044;0.670233;0.0559538;0.998982 0.0417762 0.0170366 0.221723 -0.0426343 0.997653 0.0535774 0.213317 -0.0147584 -0.0542492 0.998418 0.793256 0 0 0 1 
5494384560045;0.454928;0.0549034;0.910717 -0.268187 0.314118 -0.468684 0.172234 0.937832 0.301342 -1.14998 -0.375406 -0.220335 0.90029 1.51634 0 0 0 1 
5494384560046;0.663952;0.0751602;0.98022 0.137794 -0.142063 0.383067 -0.138759 0.990321 0.00313873 1.22144 0.141121 0.016636 0.989853 -0.571583 0 0 0 1 
5494384560047;0.60701;0.0713209;0.983419 0.0112235 -0.181001 -0.131456 -0.0429722 0.984079 -0.172457 0.703352 0.176184 0.177375 0.968244 -0.855881 0 0 0 1 
5494384560048;0.280379;0.0553178;0.999798 -0.00608813 0.0191706 -0.082839 0.00570693 0.999786 0.019877 -0.19361 -0.0192875 -0.0197635 0.999619 0.413591 0 0 0 1 
5494384560049;0.480826;0.0719405;0.927667 0.328633 0.177299 0.596191 -0.328212 0.944043 -0.032552 1.32789 -0.178075 -0.0279942 0.983619 0.677399 0 0 0 1 
5494384560050;0.519994;0.0813052;0.974814 0.210645 0.073251 -0.182181 -0.207176 0.976911 -0.0521925 0.284426 -0.0825537 0.0357021 0.995947 0.423722 0 0 0 1 
5494384560051;0.245903;0.070704;0.999783 -0.0160395 0.0133048 0.0372896 0.0154457 0.99893 0.043596 -0.314177 -0.0139898 -0.043381 0.998961 -0.105696 0 0 0 1 
5494384560052;0.581213;0.0743148;0.948805 0.162546 0.270828 -0.374555 -0.200449 0.972503 0.118566 0.0286626 -0.244109 -0.166783 0.955298 0.730054 0 0 0 1 
5494384560053;0.543864;0.0730538;0.960752 -0.213681 0.176906 -0.48906 0.19547 0.973961 0.114854 -1.25298 -0.196842 -0.0757666 0.977503 0.442256 0 0 0 1 
5494384560054;0.812423;0.363754;0.996736 -0.0561096 -0.0580409 -0.289922 0.0590178 0.997021 0.0496669 -0.580672 0.0550812 -0.0529302 0.997078 -0.760044 0 0 0 1 
5494384560055;0.804846;0.0649661;0.927349 0.0122583 0.373997 0.516516 -0.0570083 0.992425 0.108828 0.5438 -0.36983 -0.122242 0.921023 1.52895 0 0 0 1 
5494384560056;0.404608;0.052618;0.981692 0.15639 0.108737 -0.178321 -0.155228 0.987694 -0.0191238 0.176279 -0.11039 0.00189463 0.993887 0.367385 0 0 0 1 
5494384560057;0.241612;0.0799169;0.972753 0.208203 -0.101991 0.352952 -0.195599 0.97318 0.121087 0.455907 0.124466 -0.0978389 0.987388 -0.377517 0 0 0 1 
5494384560058;0.361634;0.0661576;0.991041 -0.114299 0.0690947 0.125687 0.122902 0.982948 -0.136781 -0.0637169 -0.0522825 0.144048 0.988189 0.330478 0 0 0 1 
5494384560059;0.672349;0.0864082;0.99928 -0.0144797 0.0350739 -0.0530398 0.0135751 0.999573 0.0258939 -0.148764 -0.0354338 -0.0253991 0.999049 -0.582055 0 0 0 1 
5494384560060;0.435775;0.0663896;0.954387 -0.278197 -0.108404 -0.0426013 0.29813 0.90768 0.295357 -1.65833 0.0162285 -0.314203 0.949217 -0.230623 0 0 0 1 
5494384560062;0.821662;0.0594595;0.965266 -0.194654 -0.174275 0.364224 0.191328 0.980871 -0.035854 -1.58013 0.17792 0.00126508 0.984044 -1.34475 0 0 0 1 
5494384560063;1.2461;0.0587849;0.94336 0.0999617 -0.316354 1.74819 -0.107517 0.994182 -0.00647239 0.803244 0.313866 0.0401193 0.948619 -2.4368 0 0 0 1 
5494384560064;0.351118;0.074089;0.919173 -0.393809 0.00596346 0.212509 0.39385 0.919128 -0.00924914 -2.50808 -0.00183878 0.0108503 0.999939 0.0340856 0 0 0 1 
5494384560065;1.02628;0.0504021;0.997594 0.0682641 0.0121228 -0.0607204 -0.0673785 0.995764 -0.0625709 0.315578 -0.0163428 0.0616035 0.997967 0.902633 0 0 0 1 
5494384560066;0.385602;0.0621369;0.898511 0.431307 -0.0815542 1.06802 -0.433432 0.901136 -0.00953392 2.67212 0.0693793 0.0439146 0.996623 -0.318992 0 0 0 1 
5494384560067;1.09812;0.0707978;0.979396 -0.130692 0.153956 -0.399507 0.152651 0.978213 -0.140701 -0.935344 -0.132214 0.161304 0.978009 0.218917 0 0 0 1 
5494384560068;0.284277;0.0762204;0.988851 0.135631 -0.0614682 0.298746 -0.114419 0.95624 0.269283 0.0390676 0.0953014 -0.259248 0.961097 -0.583019 0 0 0 1 
5494384560069;0.305684;0.0535925;0.989396 0.142228 -0.0294373 0.404886 -0.142428 0.989794 -0.00479661 0.920837 0.0284546 0.00893843 0.999555 -0.0811209 0 0 0 1 
5494384560070;1.06788;0.041604;0.998703 0.0502625 -0.00813646 0.78925 -0.0485702 0.988387 0.143989 -0.0405338 0.0152792 -0.143407 0.989546 -0.416983 0 0 0 1 
5494384560071;0.199717;0.0478768;0.999867 -0.015198 0.00590563 -0.022155 0.0152133 0.999881 -0.00256986 -0.1583 -0.00586587 0.00265936 0.999979 0.212129 0 0 0 1 
5494384560072;1.02349;0.0606654;0.963747 -0.018999 -0.266142 1.09126 -0.0632274 0.95279 -0.296975 1.75755 0.259219 0.303036 0.917047 -1.27609 0 0 0 1 
5494384560073;0.123206;0.0720348;0.993312 -0.115227 0.00739869 -0.0627298 0.115019 0.993071 0.0240991 -0.792554 -0.0101243 -0.0230869 0.999682 0.129958 0 0 0 1 
5494384560074;0.700296;0.0610681;0.93484 0.353347 0.0349383 0.114827 -0.352544 0.935401 -0.0271652 2.47756 -0.0422801 0.0130778 0.99902 0.0314437 0 0 0 1 
5494384560075;0.186882;0.0707539;0.999886 0.013248 0.00724308 0.0294947 -0.0131069 0.99973 -0.0191924 0.13245 -0.00749538 0.0190953 0.99979 -0.0248191 0 0 0 1 
5494384560076;1.00141;0.0658616;0.992412 -0.0953738 0.0775996 -0.301061 0.0894291 0.993029 0.0767833 -0.587922 -0.0843817 -0.069261 0.994023 1.29408 0 0 0 1 
5494384560077;0.605922;0.0650704;0.890888 -0.337297 -0.30422 1.38794 0.358551 0.933388 0.0151194 -2.27839 0.278856 -0.122548 0.952482 -1.93064 0 0 0 1 
5494384560078;0.686652;0.0600029;0.917901 -0.394764 0.040245 0.103257 0.391123 0.882969 -0.259591 -1.85343 0.0669423 0.25402 0.96488 0.204231 0 0 0 1 
5494384560079;0.330281;0.0543833;0.926233 0.376165 -0.0243453 0.654535 -0.370066 0.919704 0.131134 1.94473 0.0717185 -0.112451 0.991066 -0.426583 0 0 0 1 
5494384560080;0.779401;0.0622245;0.916821 0.390655 -0.0826347 1.28053 -0.380798 0.917677 0.113407 2.34429 0.120135 -0.0725065 0.990106 -0.59495 0 0 0 1 
5494384560081;0.603531;0.0563293;0.979963 0.194997 -0.0406012 0.478146 -0.198866 0.969315 -0.144501 1.79096 0.011178 0.14968 0.988671 0.362683 0 0 0 1 
5494384560082;0.617118;0.0651071;0.890286 -0.279131 -0.359828 1.42996 0.328612 0.940789 0.0832493 -2.04276 0.315285 -0.192359 0.929297 -2.11228 0 0 0 1 
5494384560083;0.290683;0.05427;0.945841 0.304744 0.111875 0.171795 -0.290176 0.948169 -0.129511 2.09498 -0.145545 0.0900331 0.985247 0.954399 0 0 0 1 
5494384560084;0.175327;0.0648116;0.986198 -0.118215 -0.115926 0.293178 0.102178 0.985469 -0.135688 -0.29522 0.130282 0.12197 0.983946 -0.717447 0 0 0 1 
5494384560085;0.943472;0.0608325;0.992993 -0.11284 -0.0350914 0.0412084 0.0973637 0.949531 -0.29818 -0.243333 0.066967 0.292674 0.953864 0.458023 0 0 0 1 
5494384560086;0.821732;0.0613367;0.991889 -0.0291164 0.123731 -0.482426 0.0190692 0.996481 0.0816235 -0.575556 -0.125672 -0.078602 0.988953 1.32999 0 0 0 1 
5494384560087;0.12902;0.0713296;0.99924 0.0154468 -0.0358009 0.00748745 -0.0154164 0.999881 0.00112604 0.100575 0.035814 -0.000573259 0.999358 -0.104481 0 0 0 1 
5494384560088;1.25698;0.0556875;0.877658 0.154965 -0.453543 1.65874 -0.140085 0.987906 0.066464 -0.175675 0.458358 0.00520207 0.888753 -2.44702 0 0 0 1 
5494384560089;1.3654;0.893722;0.975716 0.208996 0.0655702 0.175897 -0.212364 0.975941 0.0494023 1.36783 -0.0536678 -0.0621273 0.996624 -0.327992 0 0 0 1 
5494384560090;0.736364;0.0489483;0.956135 -0.292744 -0.0103431 0.542333 0.267359 0.886561 -0.377529 -0.54618 0.119689 0.358204 0.92594 -0.284657 0 0 0 1 
5494384560091;0.484121;0.0581339;0.939776 -0.149575 -0.307324 1.14269 0.211429 0.960887 0.17887 -1.78952 0.26855 -0.233075 0.934643 -1.27878 0 0 0 1 
5494384560093;0.0553842;0.196412;0.996875 0.0345348 -0.071052 0.131888 -0.0355794 0.999276 -0.0134885 0.286645 0.0705347 0.0159743 0.997381 -0.320654 0 0 0 1 
5494384560094;0.672056;0.462736;0.89771 -0.015339 -0.44032 1.72941 0.100412 0.980216 0.170571 -1.17967 0.428992 -0.197337 0.88149 -2.27969 0 0 0 1 
5494384560095;0.854827;0.57467;0.905898 0.418458 -0.0651239 0.731246 -0.417523 0.908235 0.028016 2.18513 0.0708713 0.00181106 0.997484 -0.0719313 0 0 0 1 
5494384560096;0.268636;0.311077;0.966866 -0.218956 -0.131259 0.241064 0.199033 0.96852 -0.149515 -1.02448 0.159864 0.118436 0.980008 -0.976522 0 0 0 1 
5494384560097;0.745786;0.26924;0.998741 0.00669677 -0.0497189 -0.32837 -0.00458633 0.999088 0.0424408 -0.595223 0.0499578 -0.0421593 0.997861 0.0378054 0 0 0 1 
5494384560098;0.365154;0.333362;0.917907 -0.337173 -0.209193 0.798292 0.346888 0.937848 0.010484 -2.47791 0.192656 -0.0821898 0.977818 -1.21057 0 0 0 1 
5494384560099;0.345567;0.212036;0.999541 -0.0213165 0.0215339 -0.323327 0.0221564 0.998972 -0.0395489 0.0912953 -0.0206688 0.0400078 0.998986 0.24839 0 0 0 1 
5494384560100;0.37298;0.480877;0.948755 -0.174252 -0.26363 0.352506 0.183144 0.983042 0.00934073 -1.21407 0.257531 -0.0571443 0.964579 -1.47198 0 0 0 1 
5494384560101;0.595346;0.377645;0.915098 0.377467 0.141823 -0.0260444 -0.396989 0.905015 0.152798 2.39805 -0.0706753 -0.196127 0.978028 0.916588 0 0 0 1 
5494384560102;0.240088;0.376647;0.986175 -0.159381 0.0453531 -0.363165 0.164664 0.973218 -0.160413 -0.795507 -0.0185715 0.165664 0.986007 0.316445 0 0 0 1 
5494384560103;0.65911;0.247364;0.99834 0.0263628 -0.0512131 0.0163439 -0.026522 0.999645 -0.00243029 0.00823243 0.0511309 0.00378453 0.998685 -0.724178 0 0 0 1 
5494384560104;0.317417;0.463301;0.995877 -0.0171445 -0.0890749 -0.119791 0.0450635 0.945738 0.321792 -1.2665 0.0787245 -0.324479 0.942611 -0.406906 0 0 0 1 
5494384560105;0.561217;0.211181;0.956443 0.0706525 -0.28324 0.642386 -0.098128 0.991622 -0.084004 0.92115 0.274932 0.108139 0.955363 -1.24123 0 0 0 1 
5494384560106;0.669368;0.598324;0.987832 0.0244155 0.153594 -0.49311 -0.0226184 0.999654 -0.0134371 -0.243251 -0.153869 0.00979957 0.988043 1.41699 0 0 0 1 
5494384560107;0.196586;0.246709;0.981867 0.161423 -0.0993936 0.318474 -0.15937 0.986813 0.0283185 1.04527 0.102654 -0.0119646 0.994645 -0.637096 0 0 0 1 
5494384560108;0.588165;0.247777;0.963118 0.235903 -0.129438 0.626158 -0.17012 0.90653 0.386346 0.105973 0.208479 -0.350077 0.913227 -1.47602 0 0 0 1 
5494384560109;0.964218;0.245077;0.988132 0.129058 0.0833032 -0.0773524 -0.132378 0.990559 0.0356289 0.981005 -0.0779185 -0.0462336 0.995887 1.44535 0 0 0 1 
5494384560110;0.522946;0.292817;0.923752 -0.377099 -0.0669171 0.0894808 0.378144 0.925741 0.00320513 -2.79791 0.0607393 -0.028265 0.997753 -0.316532 0 0 0 1 
5494384560111;0.382633;0.198037;0.998981 0.0061174 0.044718 -0.348955 -0.00219226 0.996179 -0.0873028 0.239076 -0.0450812 0.0871158 0.995178 0.247742 0 0 0 1 
5494384560112;1.20633;0.489473;0.986469 -0.118947 -0.112828 -0.552555 0.114146 0.992298 -0.0481187 -0.199735 0.117683 0.0345887 0.992449 -0.0326903 0 0 0 1 
5494384560113;0.493118;0.241102;0.98772 0.14081 -0.0676931 0.190299 -0.142868 0.989386 -0.0265525 0.984863 0.0632357 0.0358976 0.997353 -0.640487 0 0 0 1 
5494384560114;0.011633;0.227389;0.996731 0.0323737 -0.0740235 0.139233 -0.0339985 0.999206 -0.0207958 0.295701 0.0732914 0.0232445 0.99704 -0.307515 0 0 0 1 
5494384560115;0.837027;0.231625;0.945806 -0.0554547 -0.319962 0.602811 0.124556 0.9719 0.199739 -1.7995 0.299895 -0.228768 0.926136 -1.53648 0 0 0 1 
5494384560116;0.753813;0.202196;0.994658 -0.039573 -0.0953429 -0.394645 0.0422592 0.99876 0.0263214 -0.297119 0.0941831 -0.0302099 0.995096 -0.765264 0 0 0 1 
5494384560117;0.39392;0.323991;0.957634 0.286883 -0.0252134 0.24545 -0.287163 0.957847 -0.00821608 1.99268 0.0217936 0.0151084 0.999648 0.204872 0 0 0 1 
5494384560118;0.486867;0.341989;0.99329 0.108061 -0.0411955 0.148756 -0.115639 0.932201 -0.34297 1.52156 0.00134094 0.345433 0.938443 0.0981845 0 0 0 1 
5494384560119;0.307339;0.231487;0.941252 0.333045 -0.0559057 0.55607 -0.315085 0.925658 0.209472 1.59557 0.121513 -0.17955 0.976215 -0.661055 0 0 0 1 
5494384560120;1.07013;0.272764;0.959164 -0.238202 -0.152526 0.460178 0.218665 0.96651 -0.134328 -1.06554 0.179415 0.095491 0.979128 -1.84601 0 0 0 1 
5494384560121;0.937742;0.247082;0.882263 0.415925 -0.220497 0.955439 -0.42672 0.904382 -0.00147042 2.21293 0.198802 0.095388 0.975386 -1.28999 0 0 0 1 
5494384560122;0.448809;0.262053;0.919483 0.372522 0.125614 0.106471 -0.372532 0.927701 -0.0243009 2.70044 -0.125585 -0.0244511 0.991781 1.11123 0 0 0 1 
5494384560124;0.180601;0.149366;0.991023 -0.0961858 0.0928483 -0.285963 0.0816587 0.985421 0.149253 -0.431648 -0.105851 -0.140332 0.98443 0.378487 0 0 0 1 
5494384560125;0.336264;0.14795;0.94657 -0.158847 0.280664 -0.5562 0.168704 0.985604 -0.0111517 -0.684478 -0.274852 0.0579048 0.959741 1.04963 0 0 0 1 
5494384560126;0.158937;0.153781;0.988376 0.144513 0.047203 -0.19712 -0.146351 0.988498 0.0381125 0.613941 -0.0411523 -0.0445778 0.998158 0.0914118 0 0 0 1 
5494384560127;0.459182;0.169658;0.990155 -0.106204 -0.0911779 0.515177 0.103447 0.994038 -0.0344594 0.133118 0.094294 0.024688 0.995238 -0.359823 0 0 0 1 
5494384560128;0.768681;0.162059;0.969346 -0.115094 0.217075 -0.694321 0.168944 0.953718 -0.248755 0.0468917 -0.178398 0.277804 0.943928 0.22373 0 0 0 1 
5494384560129;0.8631;0.124401;0.921643 0.000788033 0.388038 -0.923307 -0.111063 0.958699 0.261843 -0.602987 -0.371805 -0.284422 0.883666 1.88618 0 0 0 1 
5494384560130;0.294138;0.148391;0.991597 -0.126195 -0.0284608 0.188721 0.129341 0.97133 0.19947 -0.837929 0.00247277 -0.201475 0.979491 -0.259195 0 0 0 1 
5494384560131;0.331415;0.145751;0.994814 -0.0601212 -0.0820445 0.055688 0.0557679 0.996963 -0.0543607 0.0168264 0.0850635 0.0495033 0.995145 0.000284676 0 0 0 1 
5494384560132;0.299743;0.40975;0.9286 -0.0249584 -0.370242 0.907877 0.0311367 0.999458 0.0107192 0.23145 0.369773 -0.021482 0.928874 -1.37313 0 0 0 1 
5494384560133;0.275606;0.15796;0.915486 0.113423 -0.386032 1.08156 -0.090185 0.992878 0.0778492 0.372884 0.392112 -0.0364556 0.919195 -1.49723 0 0 0 1 
5494384560134;0.715759;0.129411;0.974737 0.2228 0.015735 0.0692644 -0.222921 0.974816 0.0063618 1.08644 -0.0139213 -0.00970875 0.999856 0.805497 0 0 0 1 
5494384560135;0.221863;0.102399;0.952694 0.285184 0.105089 0.06265 -0.292347 0.95441 0.0602837 1.28468 -0.0831061 -0.0881544 0.992634 0.311975 0 0 0 1 
5494384560136;0.513605;0.129083;0.966718 0.255842 0.000967118 -0.216979 -0.25583 0.966697 -0.00686883 1.52992 -0.00269225 0.0063928 0.999976 -0.242131 0 0 0 1 
5494384560137;0.0725673;0.0815074;0.999666 0.0206847 -0.0154876 0.0180355 -0.0199379 0.9987 0.0469108 0.087334 0.0164378 -0.0465864 0.998779 -0.0275491 0 0 0 1 
5494384560138;0.458946;0.151399;0.996296 -0.0167394 -0.0843398 0.0735974 0.00801518 0.994676 -0.102737 0.270855 0.0856105 0.101681 0.991127 0.124004 0 0 0 1 
5494384560139;0.373858;0.135794;0.975751 0.194168 0.101043 0.132861 -0.199339 0.978952 0.043778 0.502575 -0.0904157 -0.0628581 0.993918 0.259326 0 0 0 1 
5494384560140;0.407687;0.113046;0.931786 0.335568 -0.138454 0.432464 -0.309478 0.933681 0.180175 1.04905 0.189733 -0.125036 0.973842 -0.546305 0 0 0 1 
5494384560141;0.827786;0.122308;0.998693 -0.000775018 0.0511078 -0.28077 0.00333925 0.998738 -0.0501067 0.304951 -0.0510045 0.0502119 0.997435 1.13127 0 0 0 1 
5494384560142;0.791925;0.145891;0.998422 -0.0229082 0.0512694 -0.804418 0.0219754 0.999584 0.0186858 -0.238016 -0.0516761 -0.0175296 0.99851 -0.405288 0 0 0 1 
5494384560143;0.413054;0.120154;0.882005 0.399219 0.250384 0.116066 -0.426324 0.902374 0.0630041 1.55511 -0.200788 -0.162315 0.966094 0.735969 0 0 0 1 
5494384560144;0.460909;0.132245;0.988845 0.112916 -0.0971376 0.165981 -0.106137 0.991716 0.0723423 0.489764 0.104502 -0.0612254 0.992638 0.0162357 0 0 0 1 
5494384560145;0.514439;0.137998;0.994514 -0.0606042 0.0852628 -0.363221 0.0351014 0.961158 0.273758 -0.0125217 -0.0985419 -0.269263 0.958012 0.356315 0 0 0 1 
5494384560146;0.876277;0.115336;0.953957 0.299917 0.00394129 1.02643 -0.299059 0.950056 0.0892058 0.822703 0.0230099 -0.0862772 0.996005 -0.69241 0 0 0 1 
5494384560147;0.0882485;0.107479;0.988186 0.0393324 -0.148127 0.28318 -0.0332491 0.998508 0.0433239 0.151131 0.14961 -0.037887 0.988019 -0.650642 0 0 0 1 
5494384560148;0.565514;0.157009;0.89229 0.331142 0.30686 0.224928 -0.317884 0.943479 -0.0937916 1.91222 -0.320575 -0.0138566 0.947122 1.22303 0 0 0 1 
5494384560149;0.651367;0.16568;0.993788 -0.105707 0.0348184 -0.494173 0.103686 0.993063 0.0554614 -0.318253 -0.0404395 -0.0515067 0.997854 0.744144 0 0 0 1 
5494384560150;0.389377;0.158839;0.941592 -0.285161 0.179129 -0.372968 0.30317 0.949379 -0.0822687 -1.15431 -0.146601 0.13177 0.98038 0.775193 0 0 0 1 
5494384560151;0.428451;0.217487;0.94566 -0.320287 -0.0560625 0.0234926 0.320796 0.947148 8.75542e-05 -1.14564 0.0530715 -0.0180675 0.998427 -0.552894 0 0 0 1 
5494384560152;0.492131;0.477648;0.926699 -0.375069 -0.0234834 0.0692556 0.373876 0.926465 -0.0433557 -1.34459 0.0380179 0.0313978 0.998784 -0.25962 0 0 0 1 
5494384560153;0.585822;0.103743;0.99908 0.0272762 -0.0330819 0.0439695 -0.0328856 0.982558 -0.183028 0.689939 0.0275126 0.183947 0.982551 -0.667864 0 0 0 1 
5494384560155;0.510199;0.372346;0.996001 -0.088586 -0.0116137 0.306956 0.0893441 0.987542 0.12953 -0.261047 -5.58315e-06 -0.13005 0.991507 0.417455 0 0 0 1 
5494384560156;0.606536;0.386949;0.999892 0.0103187 -0.0104902 0.407049 -0.00904197 0.9933 0.11521 -0.424713 0.0116087 -0.115103 0.993286 -0.66318 0 0 0 1 
5494384560157;0.698949;0.405965;0.966362 -0.2537 -0.0422063 0.674013 0.25718 0.952071 0.16559 -0.834289 -0.00182666 -0.170874 0.985291 0.448317 0 0 0 1 
5494384560158;0.932434;0.614082;0.979435 0.0272206 0.199917 0.216915 -0.0374911 0.998155 0.0477682 -0.134505 -0.198248 -0.054281 0.978648 1.13364 0 0 0 1 
5494384560159;0.588127;0.441011;0.955257 0.188912 0.227586 0.584385 -0.208004 0.976108 0.0628279 -0.178194 -0.21028 -0.107356 0.971729 0.693843 0 0 0 1 
5494384560160;0.813406;0.39625;0.956747 0.101352 -0.272694 1.24583 -0.0438411 0.976877 0.209257 -0.277887 0.287598 -0.188251 0.939068 -0.876785 0 0 0 1 
5494384560161;0.869163;0.430098;0.997427 0.0609632 -0.0377161 0.561499 -0.0530018 0.981382 0.184609 -1.23054 0.0482682 -0.182135 0.982088 -0.0486406 0 0 0 1 
5494384560162;0.520155;0.310555;0.991405 -0.0621769 -0.115107 0.223823 0.0926098 0.954998 0.281783 -0.35677 0.0924064 -0.290021 0.952549 0.199291 0 0 0 1 
5494384560163;0.884248;0.469987;0.905153 0.424845 -0.0143115 1.40938 -0.422159 0.902356 0.0868022 0.450967 0.0497915 -0.0725275 0.996123 0.0292783 0 0 0 1 
5494384560164;0.069281;0.355643;0.997315 -0.0616313 -0.0395639 0.27774 0.0646398 0.994705 0.0799032 -0.474139 0.0344299 -0.082246 0.996017 -0.0473889 0 0 0 1 
5494384560165;0.359877;0.471195;0.924946 0.34796 0.152964 0.307692 -0.361775 0.929364 0.0734887 0.0753224 -0.116589 -0.123312 0.985495 0.208598 0 0 0 1 
5494384560166;0.617506;0.49168;0.953247 0.00848474 -0.302073 0.891159 0.034994 0.989782 0.138231 -0.470865 0.300159 -0.142339 0.943209 -0.0406426 0 0 0 1 
5494384560167;0.359577;0.636129;0.960002 -0.170794 0.22187 0.185105 0.166024 0.985305 0.0401193 -0.815791 -0.225462 -0.00167891 0.974251 0.147529 0 0 0 1 
5494384560168;0.367236;0.540933;0.957643 0.213034 0.193742 0.411982 -0.252432 0.944805 0.208859 -0.408855 -0.138554 -0.248919 0.958563 0.173265 0 0 0 1 
5494384560169;0.299703;0.380204;0.996067 0.0388906 -0.0796128 0.408205 -0.0226159 0.980354 0.195944 -0.58968 0.0856691 -0.193373 0.977378 -0.0319701 0 0 0 1 
5494384560170;0.388752;0.446199;0.99993 -0.00654812 -0.00987943 0.608402 0.00793454 0.989022 0.147554 -0.230919 0.00880478 -0.147622 0.989005 -0.132809 0 0 0 1 
5494384560171;0.436725;0.295833;0.999173 -0.0404413 0.00410858 0.515856 0.0387023 0.977347 0.208073 -0.421257 -0.0124303 -0.207742 0.978105 -0.336694 0 0 0 1 
5494384560172;0.743415;0.580122;0.989336 0.144776 -0.0159639 1.06855 -0.139392 0.972889 0.184543 -0.236606 0.0422486 -0.18035 0.982695 0.0328583 0 0 0 1 
5494384560173;0.766137;0.334093;0.997123 0.0757611 -0.00238247 0.555654 -0.0685585 0.914842 0.397951 -0.068254 0.0323288 -0.396642 0.917404 -0.665767 0 0 0 1 
5494384560174;0.152675;0.332262;0.990287 -0.114046 -0.0795314 0.139471 0.122186 0.986792 0.106361 -0.512284 0.0663508 -0.115046 0.991142 -0.117779 0 0 0 1 
5494384560175;0.731473;0.512291;0.994899 0.0506636 -0.0872284 0.601504 -0.054296 0.997732 -0.0397851 -0.124952 0.0850149 0.0443183 0.995394 -0.823137 0 0 0 1 
5494384560176;0.458408;0.416196;0.917411 0.0719986 0.391373 0.111883 -0.184028 0.948772 0.256838 0.0461886 -0.352832 -0.30765 0.883664 0.367611 0 0 0 1 
5494384560177;0.329052;0.570726;0.975873 -0.0315744 -0.216044 0.432974 0.0561307 0.992512 0.10849 -0.538613 0.211 -0.117999 0.970338 -0.164293 0 0 0 1 
5494384560178;0.128329;0.3508;0.992657 0.0372274 -0.115094 0.359531 -0.0141865 0.980728 0.194864 -0.3948 0.12013 -0.1918 0.974054 -0.241194 0 0 0 1 
5494384560179;0.884119;0.413804;0.949584 -0.217322 0.225969 0.0296664 0.189666 0.972118 0.137891 -1.07575 -0.249635 -0.08808 0.964326 -0.36814 0 0 0 1 
5494384560180;0.395688;0.292035;0.998994 -0.0131434 -0.042866 0.102463 0.0176599 0.994129 0.106748 0.0126109 0.0412113 -0.107398 0.993362 -0.371697 0 0 0 1 
5494384560181;0.929561;0.450094;0.964862 -0.2607 -0.0328158 -0.300088 0.262359 0.962733 0.0656676 -1.07808 0.0144733 -0.0719697 0.997302 -0.705004 0 0 0 1 
5494384560182;0.699324;0.592306;0.954685 -0.24684 0.166273 -0.0232339 0.244968 0.969003 0.0320053 -1.21257 -0.169019 0.0101766 0.98556 -0.2581 0 0 0 1 
5494384560183;0.638253;0.398679;0.920444 -0.126116 0.369969 -0.236425 0.0686652 0.98397 0.164586 -0.605395 -0.384795 -0.126088 0.914349 1.0817 0 0 0 1 
5494384560184;0.208766;0.487407;0.972903 0.230488 -0.0182956 0.457208 -0.227033 0.967297 0.113107 -0.146516 0.0437672 -0.105889 0.993414 -0.143842 0 0 0 1 
5494384560186;0.36111;0.0910286;0.999707 -0.0218202 0.0105086 0.0285354 0.0218826 0.999743 -0.00586235 0.152196 -0.010378 0.00609059 0.999928 0.490874 0 0 0 1 
5494384560187;0.496451;0.129601;0.972148 0.199318 -0.123291 0.829246 -0.153068 0.93833 0.310011 0.0616596 0.177479 -0.282504 0.942705 -0.659075 0 0 0 1 
5494384560188;0.447898;0.0954142;0.938244 -0.336555 0.0801829 -0.237426 0.307074 0.916844 0.255152 -1.75999 -0.159388 -0.214773 0.96357 0.528414 0 0 0 1 
5494384560189;0.616026;0.0884904;0.951169 -0.216842 -0.219676 0.639842 0.222001 0.975046 -0.00123056 -0.404342 0.214461 -0.0475979 0.975572 -0.458912 0 0 0 1 
5494384560190;0.219844;0.0985566;0.981094 -0.170041 -0.0924123 0.052915 0.17744 0.980974 0.078775 -0.83286 0.0772591 -0.0936834 0.9926 -0.264398 0 0 0 1 
5494384560191;0.269957;0.118264;0.975679 0.214857 0.0434374 0.295732 -0.216447 0.975632 0.035952 0.772376 -0.0346544 -0.0444795 0.998409 0.229849 0 0 0 1 
5494384560192;0.563983;0.105354;0.994496 0.0998442 -0.0317729 -0.0632006 -0.0790105 0.91378 0.398452 -0.0545072 0.0688166 -0.393748 0.916639 0.199094 0 0 0 1 
5494384560193;0.714742;0.0844183;0.979319 -0.193896 -0.0577737 0.479319 0.164902 0.93041 -0.327331 -0.525447 0.117221 0.311034 0.943142 -0.72871 0 0 0 1 
5494384560194;0.621903;0.111179;0.988663 -0.149181 -0.0170576 -0.117751 0.149407 0.988693 0.0127999 -0.725679 0.0149553 -0.0152033 0.999773 0.741191 0 0 0 1 
5494384560195;0.355585;0.105329;0.956456 -0.277473 0.0905618 -0.28774 0.273182 0.960272 0.057008 -1.20123 -0.102782 -0.0297858 0.994258 0.721473 0 0 0 1 
5494384560196;0.150749;0.115033;0.997636 0.0644821 0.0237736 -0.00729715 -0.0659791 0.99545 0.068747 0.0471232 -0.0192325 -0.070153 0.997351 0.316989 0 0 0 1 
5494384560197;0.514288;0.12251;0.892226 -0.431259 -0.133972 0.718548 0.445644 0.88882 0.10677 -1.91227 0.0730318 -0.154967 0.985217 0.11348 0 0 0 1 
5494384560198;0.530599;0.0969882;0.992855 0.00492435 0.119229 -0.460716 0.0401957 0.926958 -0.373005 0.171062 -0.112357 0.375133 0.920137 0.533848 0 0 0 1 
5494384560199;0.148187;0.122891;0.99415 0.106745 0.0164686 0.092602 -0.106699 0.994285 -0.00362863 0.381795 -0.0167618 0.00185022 0.999858 0.193636 0 0 0 1 
5494384560200;0.674054;0.0987984;0.997835 -0.0600835 0.026727 -0.652617 0.0585375 0.996753 0.055284 -0.694265 -0.0299619 -0.0535998 0.998113 -0.161756 0 0 0 1 
5494384560201;0.851959;0.111661;0.9547 -0.196833 0.223168 -0.19658 0.129585 0.950131 0.283654 -1.01021 -0.267871 -0.241886 0.932597 0.331699 0 0 0 1 
5494384560202;0.0584502;0.0817321;0.999489 -0.0211341 -0.0239607 0.0512812 0.0217803 0.999397 0.0270405 -0.138297 0.0233748 -0.0275486 0.999347 -0.049022 0 0 0 1 
5494384560203;0.443983;0.104394;0.994657 -0.0435545 0.0935966 -0.190318 0.0764358 0.920114 -0.384119 0.486055 -0.0693895 0.389221 0.918527 0.408928 0 0 0 1 
5494384560204;0.212563;0.101425;0.999315 0.0227225 0.0291951 -0.0264861 -0.0232418 0.999575 0.0175734 0.0260452 -0.0287834 -0.0182399 0.999419 -0.018763 0 0 0 1 
5494384560205;0.664348;0.106757;0.872023 -0.293207 0.391926 -0.170806 0.231215 0.952511 0.198145 -1.08844 -0.431412 -0.0821681 0.898405 2.64127 0 0 0 1 
5494384560206;0.578856;0.0931105;0.995192 -0.0929888 0.0307603 -0.0076306 0.0927687 0.995651 0.00850846 -0.29581 -0.0314178 -0.00561395 0.999491 0.885834 0 0 0 1 
5494384560207;0.371227;0.0912335;0.979939 -0.037841 0.19567 -0.496656 -0.0257531 0.949533 0.312607 -0.559059 -0.197624 -0.311375 0.929511 1.00991 0 0 0 1 
5494384560208;0.803964;0.117986;0.995374 0.0333295 0.0901123 -0.0501349 -0.0369259 0.998574 0.0385416 0.210343 -0.0886993 -0.0416908 0.995186 1.40948 0 0 0 1 
5494384560209;0.402561;0.112078;0.899101 -0.408147 -0.15822 0.449671 0.38207 0.9081 -0.171398 -1.30529 0.213635 0.0936535 0.972414 -0.601224 0 0 0 1 
5494384560210;0.831689;0.0809492;0.983292 0.15317 0.0983673 -0.205214 -0.12523 0.961363 -0.245151 1.63365 -0.132116 0.228737 0.964482 0.224196 0 0 0 1 
5494384560211;0.793568;0.107816;0.995579 -0.0345287 -0.0873553 0.96333 0.0359713 0.99924 0.0149935 0.10407 0.0867712 -0.0180695 0.996064 -0.569875 0 0 0 1 
5494384560212;0.459124;0.0938541;0.999925 -0.00611488 0.0105825 0.258592 0.00568725 0.999184 0.0399787 0.0633468 -0.0108183 -0.0399155 0.999144 0.566043 0 0 0 1 
5494384560213;0.436091;0.0966558;0.936605 -0.0708177 -0.343155 0.919027 0.00218296 0.980523 -0.196395 0.395529 0.35038 0.183195 0.918517 -0.829754 0 0 0 1 
5494384560214;0.701608;0.131982;0.999717 -0.0198898 0.0130665 0.0137111 0.019849 0.999798 0.00324555 0.632913 -0.0131284 -0.00298528 0.999909 -0.127212 0 0 0 1 
5494384560215;0.568246;0.0785206;0.958178 0.0570468 -0.28043 1.23031 0.0296084 0.954908 0.29542 -0.658611 0.284637 -0.291368 0.913283 -0.969625 0 0 0 1 
5494384560217;0.781012;0.138412;0.984337 0.17628 -0.00260842 0.806859 -0.176271 0.984335 0.00349791 0.719583 0.00318417 -0.00298333 0.99999 0.364787 0 0 0 1 
5494384560218;0.673342;0.11846;0.866483 -0.0756338 -0.493444 1.94857 0.112308 0.992651 0.0450606 -0.836817 0.486409 -0.0944619 0.86861 -1.97566 0 0 0 1 
5494384560219;0.333437;0.129503;0.941892 -0.322368 -0.09444 0.437969 0.322337 0.94649 -0.0160076 -1.76733 0.0945468 -0.0153641 0.995402 -0.470034 0 0 0 1 
5494384560220;0.675306;0.128938;0.960034 -0.115431 -0.254973 0.725993 0.0915497 0.99039 -0.103664 -0.203896 0.264488 0.0761778 0.961375 -0.757306 0 0 0 1 
5494384560221;0.374554;0.163125;0.8973 0.441148 0.0155483 0.863903 -0.426464 0.875447 -0.227424 3.0777 -0.113939 0.197436 0.973672 0.948856 0 0 0 1 
5494384560222;1.07278;0.174502;0.955539 0.131034 -0.26415 0.369306 -0.172825 0.974712 -0.141662 2.13338 0.238908 0.181015 0.954021 -0.83009 0 0 0 1 
5494384560223;0.406435;0.103147;0.933404 0.358717 0.00893591 0.395576 -0.356867 0.930614 -0.081256 2.17901 -0.0374638 0.0726557 0.996653 0.513765 0 0 0 1 
5494384560224;0.20751;0.121611;0.988509 -0.0429882 0.144922 -0.359292 0.0403147 0.998959 0.0213357 -0.274934 -0.145688 -0.0152481 0.989213 0.917018 0 0 0 1 
5494384560225;0.828158;0.13949;0.992211 0.0333409 -0.120026 0.2304 -0.0208121 0.994342 0.104163 0.114027 0.122819 -0.100854 0.987291 0.10966 0 0 0 1 
5494384560226;0.429538;0.210239;0.867615 0.145145 -0.475581 2.06155 -0.0392203 0.973444 0.22554 0.00529931 0.495688 -0.177029 0.850267 -2.6782 0 0 0 1 
5494384560227;0.623994;0.113689;0.943248 -0.315729 0.102949 -0.252474 0.288172 0.932254 0.218768 -1.78649 -0.165046 -0.176685 0.970331 0.717889 0 0 0 1 
5494384560228;0.349478;0.147306;0.977868 -0.124 -0.168516 0.498302 0.167576 0.946441 0.275986 -1.35388 0.125268 -0.298117 0.946274 -0.698147 0 0 0 1 
5494384560229;0.390705;0.160218;0.995256 0.0866368 -0.0442708 0.136028 -0.0865946 0.996239 0.00287452 0.819872 0.0443533 0.000972728 0.999015 0.0816176 0 0 0 1 
5494384560230;0.944473;0.173278;0.986663 0.103968 0.125245 -0.794892 -0.100419 0.994352 -0.0343424 0.847318 -0.128108 0.0213074 0.991531 0.348379 0 0 0 1 
5494384560231;0.749473;0.177432;0.939442 -0.184705 0.288674 -0.752972 0.165161 0.982071 0.090876 -0.995594 -0.300284 -0.0376949 0.953105 1.44041 0 0 0 1 
5494384560232;0.1939;0.160697;0.998319 -0.0323651 0.048071 -0.133377 0.0260501 0.991608 0.12663 -0.36723 -0.051766 -0.125165 0.990785 0.272003 0 0 0 1 
5494384560233;0.634182;0.131091;0.924156 0.2669 0.273313 -0.0863251 -0.340818 0.899228 0.274284 1.36302 -0.172565 -0.346631 0.921991 0.61291 0 0 0 1 
5494384560234;0.39885;0.112307;0.925402 -0.313971 -0.212258 0.818961 0.335309 0.939319 0.0724441 -2.15042 0.176632 -0.138212 0.974525 -1.13157 0 0 0 1 
5494384560235;0.0516956;0.0903952;0.996238 0.0844996 -0.0192195 0.139433 -0.0844841 0.996424 0.00161809 0.553961 0.0192875 1.17397e-05 0.999814 -0.101402 0 0 0 1 
5494384560236;0.391323;0.142637;0.996551 -0.0708576 -0.0431983 0.209514 0.0711302 0.997455 0.00480328 -0.0368744 0.042748 -0.00785941 0.999055 -0.239612 0 0 0 1 
5494384560237;1.02921;0.0935053;0.998782 0.00531397 0.0490501 0.411737 0.00294521 0.985988 -0.166791 0.80363 -0.0492491 0.166733 0.984771 1.14556 0 0 0 1 
5494384560238;0.757061;0.179498;0.951312 0.295546 -0.0875076 0.838462 -0.297003 0.954869 -0.00382714 2.25853 0.0824272 0.0296308 0.996157 -0.871386 0 0 0 1 
5494384560239;0.288361;0.155985;0.919255 0.291815 0.264225 -0.00896119 -0.278147 0.956442 -0.0886218 1.92822 -0.278577 0.00797257 0.960381 1.80918 0 0 0 1 
5494384560240;0.0978136;0.144454;0.981728 0.127631 -0.14114 0.591211 -0.122531 0.991476 0.0442919 0.659276 0.14559 -0.0261886 0.988998 -0.77348 0 0 0 1 
5494384560241;0.673589;0.151814;0.915312 0.379502 -0.134841 0.943664 -0.395916 0.909257 -0.128465 3.15367 0.0738522 0.170971 0.982504 -0.178008 0 0 0 1 
5494384560242;1.04802;0.146473;0.981748 0.107836 0.156657 -0.486862 -0.077794 0.979348 -0.186614 1.49769 -0.173546 0.171021 0.969863 2.00711 0 0 0 1 
5494384560243;0.111566;0.15938;0.999138 0.0216122 -0.0354312 0.168097 -0.0204122 0.999217 0.0338882 0.179003 0.0361359 -0.0331358 0.998797 -0.234977 0 0 0 1 
5494384560244;1.00468;0.148488;0.97515 -0.221345 0.00939027 0.437262 0.221436 0.975122 -0.0101409 -0.946553 -0.00691202 0.0119683 0.999904 -0.712882 0 0 0 1 
5494384560245;0.648612;0.108844;0.996052 -0.0836467 0.0297197 -0.131589 0.0849009 0.995427 -0.0437929 -0.00894377 -0.0259206 0.0461432 0.998598 0.719913 0 0 0 1 
5494384560246;0.310363;0.199549;0.996097 0.0765514 0.0439434 0.144834 -0.0824861 0.984511 0.154709 0.276622 -0.0314195 -0.15773 0.986982 0.491241 0 0 0 1 
5494384560248;0.548689;0.175641;0.96711 -0.252797 0.0281356 0.23029 0.249433 0.964227 0.0897208 -3.00245 -0.0498102 -0.079752 0.995569 1.26676 0 0 0 1 
5494384560249;0.350307;0.131901;0.964357 0.236 0.119666 -0.178608 -0.218157 0.965056 -0.145168 2.71622 -0.149745 0.113888 0.982144 1.23717 0 0 0 1 
5494384560250;0.482059;0.114028;0.991091 0.0501032 0.1234 0.361639 -0.0424825 0.997069 -0.0636329 -0.07717 -0.126226 0.0578236 0.990315 1.27315 0 0 0 1 
5494384560251;0.346948;0.120869;0.947125 0.23405 0.219486 -0.324146 -0.254613 0.964491 0.070215 2.12193 -0.195258 -0.122386 0.973086 2.46717 0 0 0 1 
5494384560252;0.590914;0.0896784;0.923101 -0.226725 -0.310611 1.91794 0.176901 0.967535 -0.180506 -2.05276 0.341453 0.111678 0.933241 -3.36702 0 0 0 1 
5494384560253;0.449485;0.157378;0.929038 0.00845242 -0.369888 1.80298 -0.0477236 0.994125 -0.0971488 0.964313 0.366894 0.107907 0.923983 -3.57923 0 0 0 1 
5494384560254;0.682288;0.179258;0.948906 -0.311682 0.0493071 1.31657 0.300876 0.940751 0.156404 -3.8802 -0.0951339 -0.133578 0.986462 1.89511 0 0 0 1 
5494384560255;0.468787;0.155951;0.998629 -0.00800056 0.0517218 -0.414119 0.0135722 0.994027 -0.108288 0.0422442 -0.0505465 0.108841 0.992773 -0.340018 0 0 0 1 
5494384560256;0.445109;0.111927;0.918439 0.354754 0.174982 -0.360644 -0.37623 0.920034 0.10949 3.25795 -0.122147 -0.166393 0.978465 0.97431 0 0 0 1 
5494384560257;0.358958;0.161163;0.97554 -0.0839587 0.203158 -0.437431 0.0528833 0.986682 0.153825 -1.15991 -0.213367 -0.139318 0.966987 2.66388 0 0 0 1 
5494384560258;0.299214;0.138832;0.946159 -0.303499 0.112565 0.595493 0.318975 0.933364 -0.164579 -2.69081 -0.0551144 0.191623 0.97992 0.208093 0 0 0 1 
5494384560259;0.232186;0.176996;0.990219 -0.1395 -0.00237167 0.355782 0.139001 0.984922 0.102994 -2.01343 -0.0120317 -0.102316 0.994679 -0.00626437 0 0 0 1 
5494384560260;0.561418;0.114915;0.957224 0.268895 0.106855 -0.354853 -0.277481 0.957754 0.0755804 2.35449 -0.0820177 -0.101998 0.991398 1.74274 0 0 0 1 
5494384560261;0.428236;0.115108;0.869755 0.256365 0.421666 -0.290798 -0.231413 0.966579 -0.110336 2.43826 -0.43586 -0.001614 0.900013 4.59154 0 0 0 1 
5494384560262;0.264025;0.118991;0.995457 -0.0281562 0.0909576 0.168726 0.0419813 0.9872 -0.15386 -0.0940308 -0.0854612 0.156979 0.983897 0.349242 0 0 0 1 
