#;prob_registration_l1 -r /home/probabilistic_point_clouds_registration/build/tester /home/point_clouds_registration_benchmark//devel/registration_pairs/urban05_local.txt /home/point_clouds_registration_benchmark//kaist/urban05 -s 0.2 -t 0.2 -p 0.3 -r 1000 -m 15 -i 40 
id;initial_error;final_error;transformation
34562489690000;0.13992;0.916673;1 -1.86044e-07 9.60999e-07 -1.20187 1.86044e-07 1 2.50334e-08 6.98047 -9.60999e-07 -2.50332e-08 1 -0.0482751 0 0 0 1 
34562489690001;0.182436;0.273857;1 -7.46079e-08 4.6143e-07 -0.621167 7.46079e-08 1 4.20198e-08 0.743245 -4.6143e-07 -4.20198e-08 1 -0.304322 0 0 0 1 
34562489690002;0.400034;0.491849;0.999992 -1.33911e-07 -0.00400429 6.64455 1.53149e-06 1 0.000349017 -1.52829 0.00400429 -0.000349021 0.999992 -4.44967 0 0 0 1 
34562489690003;0.381518;0.425916;0.997349 0.000226719 -0.0727647 47.9418 0.000235942 0.99998 0.00634967 -5.2479 0.0727646 -0.00635 0.997329 -19.6759 0 0 0 1 
34562489690004;0.467995;0.757059;1 -1.38879e-07 5.22661e-07 -1.04308 1.38879e-07 1 5.2681e-08 2.38004 -5.22661e-07 -5.26809e-08 1 -0.364925 0 0 0 1 
34562489690005;0.423309;0.713867;1 -1.58603e-07 8.01026e-07 -1.21683 1.58603e-07 1 6.64945e-08 2.42987 -8.01026e-07 -6.64944e-08 1 -0.480902 0 0 0 1 
34562489690006;0.190415;0.420922;0.999359 4.81547e-05 0.0357921 55.9766 6.36585e-05 0.999995 -0.00312282 -7.98611 -0.035792 0.0031231 0.999354 12.9157 0 0 0 1 
34562489690007;0.167146;0.360981;0.999994 5.97274e-07 0.00333929 -1.42587 3.72371e-07 1 -0.000290374 1.97668 -0.00333929 0.000290374 0.999994 8.86101 0 0 0 1 
34562489690008;0.102809;0.105895;1 -2.37679e-08 6.24167e-08 -0.160805 2.37679e-08 1 6.81774e-09 -0.210134 -6.24167e-08 -6.81774e-09 1 -0.0374308 0 0 0 1 
34562489690009;0.0509686;0.110572;1 -3.20474e-06 -3.21401e-06 25.3655 3.20473e-06 1 -1.00191e-06 -3.2197 3.21401e-06 1.0019e-06 1 -10.3191 0 0 0 1 
34562489690010;0.0869115;0.252546;0.999983 1.047e-05 -0.00586739 -72.0152 -7.46157e-06 1 0.000512766 8.37311 0.00586739 -0.000512713 0.999983 3.57013 0 0 0 1 
34562489690011;0.0782188;0.206762;0.999859 0.00023407 -0.016791 -1782.8 -0.000208327 0.999999 0.00153489 157.01 0.0167913 -0.00153117 0.999858 524.712 0 0 0 1 
34562489690012;0.0495854;0.815635;1 -1.13537e-08 2.94649e-07 -0.762798 1.13537e-08 1 -4.68702e-09 -7.17114 -2.94649e-07 4.68702e-09 1 -0.175082 0 0 0 1 
34562489690013;0.0622498;0.18517;1 2.46824e-06 9.94701e-05 -20.1024 -2.46752e-06 1 -7.27595e-06 3.45799 -9.94701e-05 7.27571e-06 1 11.5098 0 0 0 1 
34562489690014;0.30978;1.16384;1 -2.412e-07 -4.25149e-07 -1.14656 2.412e-07 1 4.41938e-08 8.45288 4.25149e-07 -4.41939e-08 1 -0.108573 0 0 0 1 
34562489690015;0.264634;0.301177;1 -3.71986e-08 1.33553e-07 -0.321307 3.71986e-08 1 8.97588e-09 -0.694582 -1.33553e-07 -8.97588e-09 1 -0.0673011 0 0 0 1 
34562489690016;0.0384264;0.180215;1 2.62835e-06 1.35335e-05 -21.5151 -2.62836e-06 1 7.29674e-07 3.50091 -1.35335e-05 -7.29709e-07 1 15.172 0 0 0 1 
34562489690017;0.317284;0.376425;1 -1.14235e-07 1.6505e-07 -1.02954 1.14235e-07 1 3.24649e-08 -1.80723 -1.6505e-07 -3.24649e-08 1 -0.235982 0 0 0 1 
34562489690018;0.287954;1.06026;1 -1.36456e-07 6.47097e-07 -0.642188 1.36456e-07 1 -2.14683e-09 8.38046 -6.47097e-07 2.14691e-09 1 0.139987 0 0 0 1 
34562489690019;0.362659;0.512693;0.99583 0.000357618 0.0912312 37.4598 0.000370127 0.999968 -0.00795989 -6.42411 -0.0912311 0.00796046 0.995798 34.8827 0 0 0 1 
34562489690020;0.112961;0.0888964;0.99995 -2.21315e-05 -0.0100225 214.148 3.1637e-05 1 0.000948269 -19.5584 0.0100225 -0.000948539 0.999949 590.7 0 0 0 1 
34562489690021;0.197833;0.278159;1 -1.6442e-08 -4.04465e-07 -0.192874 1.6442e-08 1 -1.99122e-08 -1.39227 4.04465e-07 1.99121e-08 1 0.135658 0 0 0 1 
34562489690022;0.278308;1.20792;1 -1.09214e-07 1.00088e-06 -1.49715 1.09214e-07 1 -6.66269e-08 -9.09664 -1.00088e-06 6.6627e-08 1 0.32172 0 0 0 1 
34562489690023;0.193536;0.267525;0.999616 2.89739e-05 -0.0276968 39.2896 3.79715e-05 0.999997 0.00241655 -2.89205 0.0276968 -0.00241668 0.999613 -10.7369 0 0 0 1 
34562489690024;0.347959;0.373034;1 -2.72911e-08 1.22215e-06 -0.308232 2.7291e-08 1 4.15198e-08 -2.16796 -1.22215e-06 -4.15198e-08 1 -0.350513 0 0 0 1 
34562489690025;0.302077;0.707211;0.998316 0.000423427 -0.0580167 -2218.35 -0.000117601 0.999986 0.00527466 196.847 0.0580181 -0.00525895 0.998302 1558.58 0 0 0 1 
34562489690026;0.218188;0.204856;1 -5.51838e-08 4.22514e-07 -0.467614 5.51838e-08 1 2.38753e-08 0.561925 -4.22514e-07 -2.38753e-08 1 -0.164912 0 0 0 1 
34562489690027;0.18191;0.2347;0.999406 -8.03395e-05 -0.0344748 1068.24 0.00018825 0.999995 0.00312689 -92.5226 0.0344744 -0.00313152 0.999401 979.781 0 0 0 1 
34562489690028;0.340963;0.458736;1 -7.1213e-08 2.71506e-07 -0.675647 7.1213e-08 1 8.04286e-09 -1.64567 -2.71506e-07 -8.04284e-09 1 -0.0670936 0 0 0 1 
34562489690029;0.238574;0.218675;0.999717 2.7753e-05 0.0237935 -28.3738 2.16564e-05 0.999998 -0.00207633 1.48491 -0.0237935 0.00207626 0.999715 7.86305 0 0 0 1 
34562489690031;0.530935;0.705425;0.999853 2.09749e-05 -0.0171627 -61.8915 4.66729e-06 0.999999 0.00149403 5.9229 0.0171627 -0.00149389 0.999852 -34.7739 0 0 0 1 
34562489690032;0.306555;0.694923;0.990762 0.000805316 0.135613 -8.65689 0.000806309 0.99993 -0.0118287 -0.404382 -0.135613 0.0118287 0.990691 82.091 0 0 0 1 
34562489690033;0.46032;0.657913;0.99857 0.000124093 -0.0534586 13.8083 0.000125423 0.999989 0.00466409 -0.071316 0.0534586 -0.00466412 0.998559 -22.3857 0 0 0 1 
34562489690034;0.385219;1.50212;0.998801 0.000118122 -0.0489486 -98.073 9.03322e-05 0.999991 0.0042564 11.5649 0.0489487 -0.00425572 0.998792 -140.817 0 0 0 1 
34562489690035;0.341621;0.49281;0.982619 0.00151792 0.185627 -29.8742 0.00151584 0.999868 -0.0162002 1.70093 -0.185627 0.0162 0.982487 43.5727 0 0 0 1 
34562489690036;0.158469;0.20957;0.994095 0.00051921 -0.108515 -13.8569 0.000511108 0.999955 0.00946666 0.957634 0.108515 -0.00946622 0.99405 -55.7294 0 0 0 1 
34562489690037;0.364175;0.445628;0.996155 0.0003062 -0.0876126 250.696 0.000371827 0.99997 0.00772249 -22.634 0.0876123 -0.00772538 0.996125 618.238 0 0 0 1 
34562489690038;0.437441;1.35617;0.995557 0.000398068 0.0941648 -91.7755 0.000377615 0.999966 -0.00821954 10.5897 -0.0941649 0.00821857 0.995523 16.4834 0 0 0 1 
34562489690039;0.392147;0.315337;1 1.78931e-08 -1.31155e-07 0.132961 -1.78931e-08 1 -1.74807e-08 -0.222694 1.31155e-07 1.74807e-08 1 0.126248 0 0 0 1 
34562489690040;0.283513;0.39278;0.999774 2.21645e-05 -0.0212483 -15.907 1.72231e-05 0.999998 0.0018535 1.22462 0.0212483 -0.00185344 0.999773 -12.9137 0 0 0 1 
34562489690041;0.287266;0.789876;0.994631 0.000483709 -0.103481 -104.983 0.000453544 0.999959 0.00903357 10.7397 0.103481 -0.009032 0.99459 -13.9262 0 0 0 1 
34562489690042;0.329992;1.3752;0.995699 0.000389142 0.0926414 -120.418 0.000361851 0.999967 -0.00808952 13.2764 -0.0926415 0.00808825 0.995667 -5.28309 0 0 0 1 
34562489690043;0.516204;0.992098;0.999343 6.61691e-05 -0.0362355 -64.6136 4.83143e-05 0.999995 0.00315855 6.59867 0.0362355 -0.00315822 0.999338 -40.7915 0 0 0 1 
34562489690044;0.236329;0.355767;0.999248 6.86684e-05 -0.0387617 -18.6579 6.25167e-05 0.999994 0.00338318 1.31991 0.0387617 -0.00338306 0.999243 -6.69245 0 0 0 1 
34562489690045;0.316589;0.462132;1 -5.1797e-10 -1.86821e-06 0.519804 5.18296e-10 1 1.74258e-07 -0.70762 1.86821e-06 -1.74258e-07 1 -0.117791 0 0 0 1 
34562489690046;0.376135;0.265319;0.999345 -0.00010032 -0.0361969 1272.8 0.000227814 0.999994 0.00351812 -110.833 0.0361963 -0.00352406 0.999338 2929.33 0 0 0 1 
34562489690047;0.485231;0.424179;0.9999 1.01566e-05 -0.0141696 -8.82596 7.35444e-06 0.999999 0.00123576 0.731886 0.0141696 -0.00123574 0.999899 -10.6869 0 0 0 1 
34562489690048;0.199981;0.106178;0.999986 1.30741e-06 -0.00533679 0.67102 1.16742e-06 1 0.000463726 0.314866 0.00533679 -0.000463726 0.999986 -17.3473 0 0 0 1 
34562489690049;0.208318;0.219199;1 -2.98192e-09 -1.76378e-07 -0.0198594 2.98192e-09 1 3.91052e-09 -0.0217225 1.76378e-07 -3.91052e-09 1 -0.0384875 0 0 0 1 
34562489690050;0.378047;0.840413;0.974754 0.0022219 -0.22327 -111.223 0.00218518 0.999808 0.0194898 9.51618 0.22327 -0.0194857 0.974562 -42.6827 0 0 0 1 
34562489690051;0.381473;0.740471;0.999999 2.9453e-06 0.0017259 -21.3176 -2.68811e-06 1 -0.000149024 2.63464 -0.0017259 0.000149019 0.999998 13.0296 0 0 0 1 
34562489690052;0.123011;0.632108;0.999392 6.24492e-05 -0.0348796 -68.2974 4.36516e-05 0.999995 0.00304115 6.51018 0.0348796 -0.00304082 0.999387 -33.3296 0 0 0 1 
34562489690053;0.447449;0.858933;0.999992 5.76985e-06 0.00389111 -40.1036 -4.45568e-06 1 -0.000337745 4.70832 -0.00389111 0.000337725 0.999992 15.7061 0 0 0 1 
34562489690054;0.341689;0.666281;0.998267 0.000160944 -0.058853 -67.6078 0.000141661 0.999987 0.0051375 5.92526 0.0588531 -0.00513693 0.998253 -7.34616 0 0 0 1 
34562489690055;0.435439;0.970132;0.999349 6.60931e-05 -0.0360659 -67.6038 4.72727e-05 0.999995 0.00314243 6.2292 0.036066 -0.00314209 0.999344 -51.2787 0 0 0 1 
34562489690056;0.453077;0.230888;0.956492 0.00380648 -0.291735 -24.9167 0.00378889 0.999669 0.0254658 3.01469 0.291735 -0.0254632 0.95616 -34.4598 0 0 0 1 
34562489690057;0.243925;0.895;0.999585 3.17987e-05 0.0287929 32.5217 4.07967e-05 0.999997 -0.0025207 -5.75657 -0.0287929 0.00252083 0.999582 -58.0338 0 0 0 1 
34562489690058;0.299623;0.605514;0.987752 0.00107662 0.156026 -80.0944 0.00106057 0.999907 -0.0136137 7.52806 -0.156026 0.0136125 0.987659 69.3024 0 0 0 1 
34562489690059;0.121954;0.247639;0.99993 -1.80761e-05 -0.0118482 196.959 3.03494e-05 0.999999 0.0010357 -17.5988 0.0118482 -0.00103598 0.999929 12.7048 0 0 0 1 
34562489690060;0.336224;0.848077;0.998845 0.000111556 0.0480581 -90.2336 9.01538e-05 0.999991 -0.00419501 8.52697 -0.0480582 0.0041945 0.998836 8.01845 0 0 0 1 
34562489690062;0.450678;0.318138;0.994934 0.000443142 0.100525 -20.4905 0.000441214 0.999961 -0.00877501 0.92217 -0.100525 0.00877491 0.994896 22.9294 0 0 0 1 
34562489690063;0.504888;0.787238;0.996545 0.00030142 0.0830502 -9.33198 0.000301725 0.999974 -0.00724977 -0.5424 -0.0830502 0.00724978 0.996519 17.8453 0 0 0 1 
34562489690064;0.452148;0.408825;1 -6.74937e-08 -5.97743e-06 0.22164 6.74869e-08 1 -1.13666e-06 -0.504302 5.97743e-06 1.13666e-06 1 -13.2592 0 0 0 1 
34562489690065;0.324911;0.687753;0.999781 1.92541e-05 -0.0209249 1.5348 1.89766e-05 0.999998 0.00182684 -1.41376 0.0209249 -0.00182684 0.999779 -2.11895 0 0 0 1 
34562489690066;0.34336;0.510475;0.997319 -0.000689566 0.073172 7421.6 0.00108802 0.999985 -0.00540568 -642.445 -0.0731671 0.0054708 0.997305 7386.6 0 0 0 1 
34562489690067;0.18061;0.564595;0.999974 -6.83818e-07 0.00719818 22.4434 5.19981e-06 1 -0.000627361 -3.38966 -0.00719818 0.000627382 0.999974 9.53697 0 0 0 1 
34562489690068;0.143206;0.193496;0.999999 6.91652e-07 0.00151389 -4.75017 -4.91759e-07 1 -0.000132039 0.183983 -0.00151389 0.000132038 0.999999 1.27936 0 0 0 1 
34562489690069;0.265071;0.528247;0.999896 2.4322e-05 0.0144467 -124.354 -6.262e-06 0.999999 -0.00125015 9.37864 -0.0144467 0.00124993 0.999895 92.1118 0 0 0 1 
34562489690070;0.337998;0.401802;0.910608 0.00781492 -0.413198 -16.8096 0.00779537 0.999319 0.0360798 0.659704 0.413198 -0.0360756 0.909926 -23.5375 0 0 0 1 
34562489690071;0.291767;0.181351;1 3.74332e-08 -4.23936e-06 -0.0257146 -3.74318e-08 1 3.2017e-07 -0.440184 4.23936e-06 -3.2017e-07 1 0.295342 0 0 0 1 
34562489690072;0.432542;0.430349;0.998645 0.000120512 0.052036 -24.4357 0.000116046 0.99999 -0.00454299 1.78972 -0.052036 0.00454288 0.998635 7.04409 0 0 0 1 
34562489690073;0.333627;0.310867;0.998803 0.000106901 -0.0489153 -12.1654 0.000102079 0.999991 0.00426976 0.734818 0.0489153 -0.00426964 0.998794 -13.1402 0 0 0 1 
34562489690074;0.333091;1.51104;0.955719 0.0038859 0.294255 -194.477 0.00384741 0.999662 -0.0256976 13.6165 -0.294255 0.0256918 0.955381 24.7519 0 0 0 1 
34562489690075;0.300984;0.724241;0.96662 0.00272846 -0.256199 1534.06 0.00304758 0.99975 0.0221454 -135.796 0.256195 -0.022187 0.96637 -1473.79 0 0 0 1 
34562489690076;0.255405;0.386813;0.999374 5.27132e-05 0.0353904 10.8332 5.66977e-05 0.999995 -0.00309053 -1.58137 -0.0353904 0.0030906 0.999369 -2.13142 0 0 0 1 
34562489690077;0.37018;0.209849;0.910805 0.00685069 -0.41278 7602.75 0.00871393 0.999321 0.0358126 -660.839 0.412745 -0.0362152 0.910126 1417.91 0 0 0 1 
34562489690078;0.123389;0.391064;0.995785 0.000369173 -0.0917138 3.51758 0.000366675 0.999968 0.00800633 -1.2418 0.0917138 -0.00800622 0.995753 -16.6876 0 0 0 1 
34562489690079;0.437756;1.29449;0.997591 0.000223922 -0.0693656 -97.535 0.000196647 0.999982 0.00605618 6.27218 0.0693657 -0.00605523 0.997573 -13.6046 0 0 0 1 
34562489690080;0.248888;0.366085;1 1.30492e-08 -3.92904e-08 0.0787542 -1.30492e-08 1 3.53263e-09 -0.294118 3.92904e-08 -3.53263e-09 1 -0.00678 0 0 0 1 
34562489690081;0.238106;0.900365;0.999957 -1.24115e-06 0.00931011 38.5405 8.75577e-06 1 -0.000807105 -6.05475 -0.0093101 0.000807151 0.999956 46.3755 0 0 0 1 
34562489690082;0.176775;0.590713;0.977588 0.00221355 0.210515 -2093.58 0.00179623 0.999821 -0.0188544 182.507 -0.210519 0.0188099 0.977409 -3437.41 0 0 0 1 
34562489690083;0.334152;3.21214;0.999984 4.54788e-05 0.0056688 -355.515 -4.27435e-05 1 -0.000482638 21.5179 -0.00566882 0.000482388 0.999984 102.194 0 0 0 1 
34562489690084;0.376441;0.370466;0.998781 0.000109376 -0.0493611 -16.4506 0.000103431 0.999991 0.00430865 1.63079 0.0493612 -0.0043085 0.998772 -13.1232 0 0 0 1 
34562489690085;0.162081;0.28173;0.998036 0.000172062 -0.0626411 4.25221 0.000170916 0.999985 0.00546989 -0.687995 0.0626412 -0.00546985 0.998021 0.709602 0 0 0 1 
34562489690086;0.435379;0.315997;1 -3.70113e-09 -3.12667e-07 -0.0438783 3.70112e-09 1 -3.27612e-08 -0.210089 3.12667e-07 3.27612e-08 1 0.241354 0 0 0 1 
34562489690087;0.326485;0.303051;1 7.89826e-09 2.14753e-08 0.0277671 -7.89826e-09 1 -9.33398e-09 -0.31527 -2.14753e-08 9.33398e-09 1 0.057236 0 0 0 1 
34562489690088;0.343468;0.384842;0.999742 2.44576e-05 -0.0227148 -11.8625 2.05781e-05 0.999998 0.00198242 0.435159 0.0227148 -0.00198238 0.99974 -8.31168 0 0 0 1 
34562489690089;0.181879;0.248345;1 1.96546e-08 -9.63777e-06 -0.100292 -1.96468e-08 1 8.00495e-07 -0.318773 9.63777e-06 -8.00495e-07 1 -0.205033 0 0 0 1 
34562489690090;0.274172;0.68197;0.97821 0.00190625 -0.20761 0.141139 0.0018984 0.999834 0.0181252 -1.70392 0.20761 -0.0181243 0.978044 -29.027 0 0 0 1 
34562489690091;0.516972;2.28043;0.999948 6.70312e-05 -0.0102321 -497.653 -5.77732e-05 1 0.000905098 38.4406 0.0102321 -0.000904459 0.999947 87.6231 0 0 0 1 
34562489690093;0.4248;0.484722;1 9.48467e-07 6.48037e-05 -8.43668 -9.48636e-07 1 2.59868e-06 2.00429 -6.48037e-05 -2.59874e-06 1 67.6703 0 0 0 1 
34562489690094;0.0934313;0.124963;0.998878 0.000103721 0.0473561 -53.1294 9.19609e-05 0.999991 -0.00412994 5.6581 -0.0473562 0.00412967 0.99887 39.2066 0 0 0 1 
34562489690095;0.144672;0.18086;1 6.59577e-09 -1.82826e-08 0.0976019 -6.59577e-09 1 -2.92652e-08 1.23811 1.82826e-08 2.92652e-08 1 0.2519 0 0 0 1 
34562489690096;0.228702;0.278302;0.999156 -0.000228824 -0.0410667 2438.97 0.000385307 0.999993 0.0038026 -212.093 0.0410655 -0.00381521 0.999149 1848.09 0 0 0 1 
34562489690097;0.121961;0.270397;0.997951 0.000166395 0.0639755 88.6283 0.000191178 0.999984 -0.00558306 -9.35867 -0.0639754 0.00558386 0.997936 14.6272 0 0 0 1 
34562489690098;0.286027;0.30697;0.998991 -0.000291263 0.0449115 3045.45 0.000477265 0.999991 -0.00413085 -264.462 -0.0449099 0.00414812 0.998982 -1826.3 0 0 0 1 
34562489690099;0.0245713;0.0650535;0.999837 -0.000188565 0.0180536 1628.68 0.000217839 0.999999 -0.00161953 -142.466 -0.0180533 0.0016232 0.999836 -378.245 0 0 0 1 
34562489690100;0.214406;0.214434;1 -2.38735e-08 3.62906e-08 -0.188712 2.38735e-08 1 3.29214e-08 0.48578 -3.62906e-08 -3.29214e-08 1 -0.288393 0 0 0 1 
34562489690101;0.290539;0.316074;1 -2.99234e-08 2.65008e-07 -0.205187 2.99234e-08 1 -1.32284e-08 -0.0268204 -2.65008e-07 1.32284e-08 1 0.0896794 0 0 0 1 
34562489690102;0.160438;0.207821;0.996688 0.000284013 -0.0813157 52.2825 0.000294217 0.999975 0.00709885 -5.78093 0.0813156 -0.00709927 0.996663 -3.24901 0 0 0 1 
34562489690103;0.385248;0.441291;1 -1.02222e-08 -6.12076e-08 -0.116199 1.02222e-08 1 -4.14419e-08 -0.493757 6.12076e-08 4.14419e-08 1 0.258418 0 0 0 1 
34562489690104;0.150227;0.268087;0.999939 3.31913e-06 0.0110381 13.628 7.31602e-06 1 -0.000963452 -2.76357 -0.0110381 0.000963475 0.999939 1.76818 0 0 0 1 
34562489690105;0.212702;0.255209;0.999254 6.09663e-05 0.0386185 26.8292 6.92191e-05 0.999994 -0.00336972 -3.42749 -0.0386185 0.00336988 0.999248 14.0505 0 0 0 1 
34562489690106;0.369761;0.420719;0.997233 -0.000954212 0.0743398 9610.04 0.00143558 0.999978 -0.00642201 -832.396 -0.074332 0.00651096 0.997212 -169.262 0 0 0 1 
34562489690107;0.232667;0.2184;1 -1.83156e-08 2.94888e-07 -0.133482 1.83156e-08 1 1.90016e-08 0.335158 -2.94888e-07 -1.90016e-08 1 -0.147995 0 0 0 1 
34562489690108;0.240619;0.291744;0.999152 1.1802e-05 -0.0411818 506.263 0.000138429 0.999993 0.00364514 -43.7995 0.0411815 -0.00364775 0.999145 420.262 0 0 0 1 
34562489690109;0.185949;0.215468;1 -1.57664e-08 -2.76894e-07 -0.0424251 1.57664e-08 1 1.1431e-08 0.25265 2.76894e-07 -1.1431e-08 1 -0.0595692 0 0 0 1 
34562489690110;0.265953;0.300144;0.994305 -0.000747401 -0.106574 10028.8 0.00174433 0.999956 0.0092614 -869.198 0.106562 -0.00939455 0.994262 730.085 0 0 0 1 
34562489690111;0.165425;0.246984;0.999473 5.13285e-05 0.0324511 -47.3369 4.05059e-05 0.999996 -0.00282926 5.77783 -0.0324512 0.00282909 0.999469 33.4277 0 0 0 1 
34562489690112;0.350609;0.352216;0.99677 0.000283796 0.0803144 -25.2585 0.000279912 0.999975 -0.00700741 3.70506 -0.0803145 0.00700726 0.996745 38.8652 0 0 0 1 
34562489690113;0.399049;0.42839;1 -2.27398e-08 8.88191e-08 -0.154045 2.27398e-08 1 1.47161e-09 0.308784 -8.88191e-08 -1.4716e-09 1 -0.0097265 0 0 0 1 
34562489690114;0.0997142;0.207023;1 1.38399e-08 2.50973e-07 0.170248 -1.38399e-08 1 9.05371e-09 1.43432 -2.50973e-07 -9.05372e-09 1 -0.0423094 0 0 0 1 
34562489690115;0.280795;0.317934;1 -6.70212e-08 -8.61076e-07 0.0141834 6.70212e-08 1 5.8548e-08 -0.308857 8.61076e-07 -5.8548e-08 1 -0.355876 0 0 0 1 
34562489690116;0.37279;0.405454;1 -3.33531e-08 2.49413e-07 -0.213035 3.3353e-08 1 4.06812e-08 0.246623 -2.49413e-07 -4.06812e-08 1 -0.340955 0 0 0 1 
34562489690117;0.26675;0.415763;1 -2.59786e-08 -1.86784e-07 -0.0629575 2.59786e-08 1 5.17581e-09 1.91147 1.86784e-07 -5.17581e-09 1 0.0741154 0 0 0 1 
34562489690118;0.0989808;0.222713;0.995395 -0.00174271 -0.0958403 17269.3 0.0024637 0.99997 0.00740497 -1488.73 0.0958244 -0.007607 0.995369 -6108.97 0 0 0 1 
34562489690119;0.386067;0.55978;0.999962 -1.78048e-06 -0.00875051 40.1063 8.44989e-06 1 0.000762137 -3.17954 0.0087505 -0.000762182 0.999961 -14.7138 0 0 0 1 
34562489690120;0.309421;0.365029;1 5.29967e-09 5.22771e-08 0.110033 -5.29967e-09 1 -1.67023e-08 1.12312 -5.22771e-08 1.67023e-08 1 0.196155 0 0 0 1 
34562489690121;0.382301;0.415562;1 -3.23191e-08 1.77964e-09 -0.203353 3.23191e-08 1 -4.35241e-09 0.3303 -1.77964e-09 4.35241e-09 1 0.0927858 0 0 0 1 
34562489690122;0.179762;0.254844;1 -1.37002e-08 8.09005e-08 -0.169563 1.37002e-08 1 -3.28429e-08 -0.803599 -8.09005e-08 3.28429e-08 1 0.219149 0 0 0 1 
34562489690124;0.346704;0.420723;1 -5.47645e-08 -1.83756e-07 -0.431289 5.47645e-08 1 2.05423e-08 0.131444 1.83756e-07 -2.05423e-08 1 -0.149357 0 0 0 1 
34562489690125;0.12865;0.19483;0.999905 9.34627e-06 -0.0137896 -6.19781 7.24724e-06 0.999999 0.00120329 1.31002 0.0137896 -0.00120327 0.999904 -5.40257 0 0 0 1 
34562489690126;0.441684;0.677055;0.999675 3.10439e-05 0.0255077 -24.343 2.57217e-05 0.999998 -0.0022251 4.62012 -0.0255077 0.00222503 0.999672 16.8887 0 0 0 1 
34562489690127;0.210546;0.245884;0.999998 1.15585e-06 0.00200713 -7.84887 -8.06299e-07 1 -0.000174155 1.13947 -0.00200713 0.000174153 0.999998 8.04724 0 0 0 1 
34562489690128;0.0334274;0.10627;0.999878 6.51371e-06 -0.0155894 34.6964 1.46795e-05 0.999999 0.00135935 -3.7351 0.0155894 -0.00135941 0.999878 -13.5809 0 0 0 1 
34562489690129;0.0803559;0.10651;1 -1.54183e-06 2.92166e-05 12.0232 1.54188e-06 1 -1.62856e-06 -0.649796 -2.92166e-05 1.62861e-06 1 6.84726 0 0 0 1 
34562489690130;0.355847;0.379388;0.999993 -1.08775e-06 -0.00375257 13.5604 2.31609e-06 1 0.000327328 -0.939715 0.00375257 -0.000327335 0.999993 -2.76587 0 0 0 1 
34562489690131;0.103607;0.246328;1 7.78801e-06 0.000243402 -61.9893 -7.78274e-06 1 -2.16518e-05 7.66329 -0.000243402 2.16499e-05 1 -3.74769 0 0 0 1 
34562489690132;0.232394;0.319968;0.999263 5.69663e-05 -0.0383791 63.7707 7.16475e-05 0.999994 0.00334976 -3.87896 0.0383791 -0.00335004 0.999258 -7.29248 0 0 0 1 
34562489690133;0.372111;0.380605;1 -3.53452e-08 -2.32197e-07 -0.233573 3.53452e-08 1 2.93288e-08 0.484137 2.32197e-07 -2.93288e-08 1 -0.237806 0 0 0 1 
34562489690134;0.23228;0.246216;1 -4.63256e-08 2.34212e-08 -0.325442 4.63256e-08 1 1.72772e-08 0.3836 -2.34212e-08 -1.72772e-08 1 -0.159561 0 0 0 1 
34562489690135;0.171644;1.00197;1 -4.03229e-08 -1.17405e-06 -0.0388149 4.03229e-08 1 2.15949e-08 7.12173 1.17405e-06 -2.15949e-08 1 0.0756323 0 0 0 1 
34562489690136;0.200279;0.206719;1 -3.81656e-08 -4.6121e-08 -0.257058 3.81656e-08 1 1.24756e-08 0.284731 4.6121e-08 -1.24756e-08 1 -0.102954 0 0 0 1 
34562489690137;0.062551;0.109961;0.998479 0.00142252 -0.0551063 -10369.1 -0.00118433 0.99999 0.0043548 912.491 0.0551119 -0.00428291 0.998471 -4254.67 0 0 0 1 
34562489690138;0.126833;0.16861;1 2.37799e-08 -4.06917e-08 0.226041 -2.37799e-08 1 -1.01736e-08 0.791483 4.06917e-08 1.01736e-08 1 0.0927616 0 0 0 1 
34562489690139;0.334771;0.425273;1 9.3409e-09 9.25205e-08 0.121414 -9.3409e-09 1 1.32193e-08 0.907028 -9.25205e-08 -1.32193e-08 1 -0.0676949 0 0 0 1 
34562489690140;0.169798;0.396055;1 -7.66933e-08 1.10034e-07 -0.347894 7.66933e-08 1 1.23335e-08 2.65902 -1.10034e-07 -1.23335e-08 1 -0.0827296 0 0 0 1 
34562489690141;0.269667;0.355788;0.999961 4.44121e-06 -0.00877832 -6.96659 2.28399e-06 1 0.000766105 1.79898 0.00877832 -0.000766095 0.999961 -2.82919 0 0 0 1 
34562489690142;0.0756236;0.189172;0.999597 -0.000728958 -0.0283955 6151.37 0.000788931 0.999997 0.00210095 -534.924 0.0283939 -0.0021225 0.999595 -2868.92 0 0 0 1 
34562489690143;0.273373;0.426777;0.999988 2.58217e-06 0.00496088 -11.6982 -4.38784e-07 1 -0.00043206 2.42219 -0.00496088 0.000432052 0.999988 8.14898 0 0 0 1 
34562489690144;0.115892;1.26692;1 6.46155e-08 1.77158e-06 0.961626 -6.46154e-08 1 -1.98039e-08 9.77855 -1.77158e-06 1.98038e-08 1 0.424813 0 0 0 1 
34562489690145;0.160443;0.194234;0.999475 7.56528e-05 0.0324133 -244.008 3.65184e-05 0.999994 -0.00346005 21.9051 -0.0324133 0.00345942 0.999469 -5064.83 0 0 0 1 
34562489690146;0.0878609;0.940965;1 3.39607e-08 3.88244e-07 0.701575 -3.39607e-08 1 -7.21695e-09 7.24695 -3.88244e-07 7.21693e-09 1 0.320082 0 0 0 1 
34562489690147;0.0902058;0.259715;0.998952 7.81127e-05 -0.0457761 113.474 0.000104889 0.999992 0.00399533 -8.73182 0.0457761 -0.00399594 0.998944 -6.05776 0 0 0 1 
34562489690148;0.253989;0.405224;1 2.52255e-08 -2.39563e-07 0.30568 -2.52255e-08 1 -1.8083e-09 1.52471 2.39563e-07 1.80831e-09 1 0.0835036 0 0 0 1 
34562489690149;0.415878;0.419577;1 -2.80913e-08 2.07076e-07 -0.202099 2.80913e-08 1 2.72e-08 0.164685 -2.07076e-07 -2.72e-08 1 -0.240769 0 0 0 1 
34562489690150;0.323952;0.359165;1 -3.99854e-08 -1.50451e-07 -0.313953 3.99854e-08 1 1.25687e-08 0.00397218 1.50451e-07 -1.25687e-08 1 -0.0968973 0 0 0 1 
34562489690151;0.0908205;0.198184;1 2.4887e-08 1.29726e-08 0.215094 -2.4887e-08 1 2.65627e-09 0.866593 -1.29726e-08 -2.65627e-09 1 -0.0151995 0 0 0 1 
34562489690152;0.416208;0.409714;0.997855 0.000186441 -0.0654682 16.0967 0.000187962 0.999984 0.00571264 -0.744732 0.0654682 -0.00571269 0.997838 -25.4029 0 0 0 1 
34562489690153;0.0988573;0.191066;0.99991 1.08399e-05 -0.0134156 -21.4927 4.8054e-06 0.999999 0.00116616 -0.0626597 0.0134157 -0.00116612 0.999909 -41.2322 0 0 0 1 
34562489690155;0.259195;0.42117;0.999171 7.18376e-05 -0.0407204 10.7009 7.29648e-05 0.999994 0.00355452 0.65858 0.0407204 -0.00355454 0.999164 -5.97702 0 0 0 1 
34562489690156;0.172496;0.143377;0.998201 0.000122434 -0.0599522 287.509 0.000187312 0.999987 0.00516089 -23.9542 0.059952 -0.00516284 0.998188 -575.106 0 0 0 1 
34562489690157;0.159263;0.240179;1 4.87522e-08 6.06206e-07 0.429117 -4.87522e-08 1 -1.50777e-08 -0.10652 -6.06206e-07 1.50777e-08 1 0.08343 0 0 0 1 
34562489690158;0.105511;0.181822;0.999179 8.12243e-05 0.0405157 -81.5742 6.21529e-05 0.999994 -0.00353753 6.9538 -0.0405157 0.00353715 0.999173 1.39735 0 0 0 1 
34562489690159;0.266866;0.314953;1 5.89198e-09 2.82211e-07 0.108521 -5.89199e-09 1 3.34971e-08 0.869173 -2.82211e-07 -3.34971e-08 1 -0.246989 0 0 0 1 
34562489690160;0.0473697;0.114926;0.999995 1.55099e-06 0.003206 -8.81863 -6.57488e-07 1 -0.000278697 1.0872 -0.003206 0.000278693 0.999995 9.27565 0 0 0 1 
34562489690161;0.216211;0.23978;1 -2.14491e-06 -1.41905e-05 17.3945 2.14489e-06 1 -1.12385e-06 -0.792742 1.41905e-05 1.12382e-06 1 -18.8388 0 0 0 1 
34562489690162;0.156911;0.273386;0.99989 1.45871e-05 0.0148072 -40.9009 4.52765e-06 0.999999 -0.00129088 3.81625 -0.0148072 0.00129081 0.99989 15.4122 0 0 0 1 
34562489690163;0.149607;0.0741105;0.999192 -7.82859e-05 0.0402022 1192.28 0.000224715 0.999993 -0.00363781 -102.713 -0.0402016 0.0036439 0.999185 -1078.53 0 0 0 1 
34562489690164;0.334807;0.368246;1 2.94599e-08 3.34851e-07 0.229811 -2.94599e-08 1 -1.79939e-08 -0.0078224 -3.34851e-07 1.79939e-08 1 0.101713 0 0 0 1 
34562489690165;0.385816;0.486988;0.982421 0.00153764 0.186674 -48.5672 0.00153256 0.999866 -0.0163014 5.19614 -0.186674 0.016301 0.982287 -20.174 0 0 0 1 
34562489690166;0.333068;0.373948;1 6.27219e-08 6.91605e-07 0.515362 -6.27219e-08 1 -6.11464e-09 0.152686 -6.91605e-07 6.11459e-09 1 0.0385947 0 0 0 1 
34562489690167;0.363242;0.46398;1 6.02213e-09 2.88279e-07 0.149006 -6.02214e-09 1 2.2984e-08 0.786267 -2.88279e-07 -2.2984e-08 1 -0.181308 0 0 0 1 
34562489690168;0.405801;0.273862;0.998932 0.00012428 -0.0462124 -242.05 6.04199e-05 0.999992 0.00399534 22.2965 0.0462125 -0.00399386 0.998924 -330.157 0 0 0 1 
34562489690169;0.233383;0.394293;0.999563 3.61287e-05 -0.029564 20.5874 4.01793e-05 0.999997 0.00258052 -0.518299 0.0295639 -0.00258058 0.99956 -5.47398 0 0 0 1 
34562489690170;0.111556;0.139691;1 2.14371e-08 3.24695e-07 0.257225 -2.14371e-08 1 1.07664e-08 0.50068 -3.24695e-07 -1.07664e-08 1 -0.123355 0 0 0 1 
34562489690171;0.0960451;0.298273;0.999449 0.000108677 -0.0331898 -482.371 -2.65661e-06 0.999995 0.00319439 44.2626 0.0331899 -0.00319254 0.999444 2370.97 0 0 0 1 
34562489690172;0.321124;0.396428;0.999868 1.56957e-05 0.016274 -33.8552 7.37581e-06 0.999999 -0.00141763 3.23833 -0.016274 0.00141756 0.999867 25.4087 0 0 0 1 
34562489690173;0.268086;0.301331;0.999782 1.61032e-05 0.0208613 20.4532 2.18332e-05 0.999998 -0.00181828 -0.98981 -0.0208613 0.00181834 0.999781 24.9138 0 0 0 1 
34562489690174;0.189053;0.241862;1 1.72207e-08 3.3549e-07 0.192168 -1.72207e-08 1 -3.81365e-09 0.265804 -3.3549e-07 3.81364e-09 1 2.33605e-05 0 0 0 1 
34562489690175;0.133957;0.218616;0.999724 7.2613e-05 0.0235085 -392.407 -2.37569e-05 0.999998 -0.00207851 34.4608 -0.0235086 0.00207738 0.999721 -200.369 0 0 0 1 
34562489690176;0.144022;0.249377;0.999231 7.23694e-05 0.039216 -46.6638 6.19156e-05 0.999994 -0.00342301 3.70256 -0.039216 0.00342281 0.999225 8.54536 0 0 0 1 
34562489690177;0.320514;0.380278;1 2.13388e-08 1.51507e-07 0.235671 -2.13388e-08 1 -2.83779e-09 0.433129 -1.51507e-07 2.83778e-09 1 0.0181692 0 0 0 1 
34562489690178;0.353901;0.591991;0.993677 0.000551304 -0.112278 22.4169 0.000552339 0.999952 0.00979818 0.995482 0.112278 -0.00979824 0.993628 -36.7429 0 0 0 1 
34562489690179;0.0142393;0.0512804;1 1.68271e-08 1.19851e-07 0.181697 -1.68271e-08 1 -6.08926e-10 0.0681036 -1.19851e-07 6.08924e-10 1 -0.0113411 0 0 0 1 
34562489690180;0.106434;0.165928;0.999877 1.09498e-05 -0.0157074 0.813116 1.05359e-05 0.999999 0.00136779 0.197997 0.0157074 -0.00136778 0.999876 -29.0546 0 0 0 1 
34562489690181;0.139987;0.114798;0.999967 1.78466e-06 0.00806493 7.22923 3.89846e-06 1 -0.000704655 -0.422957 -0.00806493 0.000704664 0.999967 -3.92469 0 0 0 1 
34562489690182;0.247912;0.44922;0.993627 0.000427531 -0.112721 1054.15 0.000687458 0.999951 0.00985253 -89.7513 0.11272 -0.00986723 0.993578 208.516 0 0 0 1 
34562489690183;0.115667;0.244355;1 1.66775e-08 6.02803e-07 0.205712 -1.66775e-08 1 3.57602e-08 1.09925 -6.02803e-07 -3.57602e-08 1 -0.242415 0 0 0 1 
34562489690184;0.228068;0.270109;1 3.23453e-08 3.23051e-07 0.302756 -3.23453e-08 1 -1.51913e-08 0.145114 -3.23051e-07 1.51913e-08 1 0.0798246 0 0 0 1 
34562489690186;0.0711037;0.122574;1 1.41758e-06 -2.1466e-05 -11.0073 -1.41757e-06 1 5.33743e-07 0.192008 2.1466e-05 -5.33712e-07 1 -11.1313 0 0 0 1 
34562489690187;0.0441165;0.0618963;0.999452 4.80554e-05 0.0331066 -6.40773 4.76026e-05 0.999996 -0.0028886 0.297814 -0.0331066 0.00288859 0.999448 12.7717 0 0 0 1 
34562489690188;0.231973;0.207125;0.999523 5.14703e-05 -0.0308848 -74.2958 3.21366e-05 0.999996 0.00270655 7.02905 0.0308849 -0.00270625 0.999519 79.7918 0 0 0 1 
34562489690189;0.393005;0.504854;0.99901 8.05665e-05 -0.0444903 53.0143 9.22922e-05 0.999992 0.00388324 -1.37787 0.0444903 -0.0038835 0.999002 -4.93473 0 0 0 1 
34562489690190;0.219538;0.34074;0.999375 4.34629e-05 -0.0353573 94.059 6.58908e-05 0.999995 0.00309165 -5.0424 0.0353573 -0.00309204 0.99937 41.1543 0 0 0 1 
34562489690191;0.389147;0.891012;1 1.62986e-07 1.16107e-07 0.774381 -1.62986e-07 1 -7.14749e-08 -8.41085 -1.16107e-07 7.14749e-08 1 0.314265 0 0 0 1 
34562489690192;0.192134;0.236034;0.999986 3.52763e-06 0.00532713 -18.7828 -1.05122e-06 1 -0.000464872 0.803487 -0.00532713 0.000464859 0.999986 1.44527 0 0 0 1 
34562489690193;0.281462;0.282146;1 -3.94835e-08 5.09039e-07 -0.204834 3.94835e-08 1 7.07778e-08 0.491437 -5.09039e-07 -7.07778e-08 1 -0.563704 0 0 0 1 
34562489690194;0.204314;0.189427;0.999615 -6.13375e-05 0.0277301 759.477 0.000130802 0.999997 -0.0025032 -66.8384 -0.0277299 0.00250587 0.999612 -683.694 0 0 0 1 
34562489690195;0.157469;0.237161;0.999613 7.42701e-05 -0.0278163 -321.641 -4.17658e-06 0.999997 0.00251992 30.3458 0.0278164 -0.00251883 0.99961 726.673 0 0 0 1 
34562489690196;0.0529904;0.080358;0.999986 7.18035e-07 -0.00528686 4.81083 1.7226e-06 1 0.000461637 0.357881 0.00528686 -0.00046164 0.999986 -0.189297 0 0 0 1 
34562489690197;0.438295;1.0815;1 1.65541e-07 -1.74547e-07 0.285862 -1.65541e-07 1 -2.31419e-08 -11.0938 1.74547e-07 2.31419e-08 1 -0.205012 0 0 0 1 
34562489690198;0.0525853;0.0406681;0.999969 4.21399e-06 -0.00785999 -10.5494 1.17458e-06 1 0.000685564 2.03533 0.00785999 -0.000685552 0.999969 -5.31623 0 0 0 1 
34562489690199;0.186435;0.849049;1 -1.0178e-07 -2.34747e-08 -0.139668 1.0178e-07 1 5.93003e-08 9.70291 2.34747e-08 -5.93003e-08 1 -0.202085 0 0 0 1 
34562489690200;0.246291;0.237854;1 3.64431e-08 -1.55378e-06 -0.148267 -3.6443e-08 1 6.88158e-08 0.202111 1.55378e-06 -6.88157e-08 1 -0.261359 0 0 0 1 
34562489690201;0.100046;0.111796;0.999976 -3.41036e-07 0.00686399 18.2055 4.45114e-06 1 -0.000598777 -2.13149 -0.00686399 0.000598793 0.999976 3.4605 0 0 0 1 
34562489690202;0.155088;0.14811;1 1.26888e-08 1.00545e-07 0.0768924 -1.26888e-08 1 9.78504e-09 0.208849 -1.00545e-07 -9.78504e-09 1 -0.0651754 0 0 0 1 
34562489690203;0.0877176;0.365919;1 5.09296e-06 0.000599071 -39.9454 -5.06218e-06 1 -5.13899e-05 8.77935 -0.000599071 5.13868e-05 1 8.00431 0 0 0 1 
34562489690204;0.244178;0.303914;0.999371 5.9494e-05 0.0354747 -41.6547 5.0403e-05 0.999995 -0.003097 1.42491 -0.0354747 0.00309684 0.999366 2.14938 0 0 0 1 
34562489690205;0.481854;0.374712;0.994851 0.000764963 -0.101342 -2521.88 0.000158246 0.999959 0.00910152 220.405 0.101344 -0.00907069 0.99481 1795.7 0 0 0 1 
34562489690206;0.097924;0.28721;0.998527 0.000120114 0.0542479 59.6243 0.000137 0.999989 -0.00473588 -8.73068 -0.0542479 0.00473633 0.998516 -4.02618 0 0 0 1 
34562489690207;0.417969;0.389051;0.996572 0.000303599 -0.0827318 -22.2906 0.000294687 0.999974 0.00721933 4.20459 0.0827318 -0.00721897 0.996546 -29.5936 0 0 0 1 
34562489690208;0.41666;0.403647;1 1.05369e-06 -0.000401322 -7.67532 -1.03978e-06 1 3.46631e-05 -0.0327375 0.000401322 -3.46627e-05 1 -3.23701 0 0 0 1 
34562489690209;0.102897;0.0698005;0.999969 6.12588e-06 -0.00790199 -25.7685 -6.74202e-07 1 0.000689914 2.83693 0.00790199 -0.000689887 0.999969 -0.599656 0 0 0 1 
34562489690210;0.0465566;0.221337;0.999824 4.61274e-05 0.0187381 -250.226 -1.40489e-05 0.999999 -0.00171207 19.4301 -0.0187382 0.0017115 0.999823 -609.478 0 0 0 1 
34562489690211;0.156365;0.584655;1 1.52727e-07 -3.73833e-07 0.326736 -1.52727e-07 1 -7.16609e-09 -7.17588 3.73833e-07 7.16615e-09 1 -0.0841331 0 0 0 1 
34562489690212;0.249667;0.258193;1 2.7337e-08 1.11787e-07 0.128172 -2.7337e-08 1 -5.687e-09 -0.631915 -1.11787e-07 5.687e-09 1 0.0192677 0 0 0 1 
34562489690213;0.302086;0.323742;0.999805 2.05527e-05 0.0197584 -30.8288 1.35295e-05 0.999999 -0.00172481 1.61911 -0.0197584 0.00172474 0.999803 1.61379 0 0 0 1 
34562489690214;0.0408606;0.0912957;0.999983 -6.74077e-07 -0.00589295 18.5555 3.70722e-06 1 0.000514696 -0.829126 0.00589295 -0.000514709 0.999983 1.66635 0 0 0 1 
34562489690215;0.322976;0.373239;0.999992 -1.01814e-06 0.00399656 12.761 2.4077e-06 1 -0.000347683 0.669527 -0.00399656 0.00034769 0.999992 9.51358 0 0 0 1 
34562489690217;0.345856;0.310388;0.999991 -4.97784e-07 0.00413323 8.38101 1.9859e-06 1 -0.000360033 -0.594154 -0.00413323 0.000360038 0.999991 7.37336 0 0 0 1 
34562489690218;0.369096;0.241928;0.999971 1.53286e-06 -0.00762439 8.71947 3.53559e-06 1 0.000664755 -1.22992 0.00762439 -0.000664763 0.999971 -7.69219 0 0 0 1 
34562489690219;0.344434;0.472023;0.999997 -9.02174e-07 -0.00231547 8.85424 1.36891e-06 1 0.000201569 -0.423084 0.00231547 -0.000201572 0.999997 -4.35062 0 0 0 1 
34562489690220;0.281678;0.347012;1 2.42303e-08 -3.93469e-07 0.190999 -2.42303e-08 1 -9.1293e-09 -0.0504564 3.93469e-07 9.12931e-09 1 0.0636126 0 0 0 1 
34562489690221;0.2479;1.18688;0.997477 0.000210236 -0.0709892 87.8787 0.000230374 0.999981 0.00619848 -8.71001 0.0709891 -0.00619919 0.997458 6.32229 0 0 0 1 
34562489690222;0.309448;0.74336;0.999109 7.05305e-05 -0.0422132 62.9716 8.51084e-05 0.999993 0.00368516 -4.85486 0.0422132 -0.00368547 0.999102 -3.52389 0 0 0 1 
34562489690223;0.503992;0.591177;0.971904 0.00243318 -0.235365 192.299 0.00245895 0.999787 0.0204896 -17.2685 0.235364 -0.0204927 0.971691 -463.503 0 0 0 1 
34562489690224;0.505738;0.395733;0.998399 0.000135424 -0.0565646 41.9816 0.000144131 0.999988 0.00493812 -4.12088 0.0565646 -0.00493836 0.998387 -4.89603 0 0 0 1 
34562489690225;0.255572;0.467502;0.993739 0.000537753 0.111729 55.6759 0.000555551 0.999952 -0.00975396 -5.37412 -0.111729 0.00975496 0.993691 5.89835 0 0 0 1 
34562489690226;0.59187;0.650209;0.986473 0.00117667 -0.163918 57.5587 0.00118514 0.999897 0.01431 -5.53794 0.163917 -0.0143107 0.98637 -11.6729 0 0 0 1 
34562489690227;0.535961;0.567572;0.994046 0.000511711 -0.108962 79.543 0.00052797 0.999955 0.00951265 -7.12088 0.108962 -0.00951354 0.994 -3.11169 0 0 0 1 
34562489690228;0.492348;1.51446;0.979889 0.00173878 -0.199536 163.167 0.00177238 0.999847 0.0174166 -14.7645 0.199536 -0.01742 0.979736 -16.9349 0 0 0 1 
34562489690229;0.377629;0.429534;0.998791 0.000105419 -0.0491654 7.75449 0.000105526 0.999991 0.0042879 -1.73966 0.0491654 -0.00428791 0.998781 -39.247 0 0 0 1 
34562489690230;0.309344;1.20119;0.989162 -6.77779e-05 -0.146831 8177.55 0.00205607 0.999908 0.0133897 -706.154 0.146817 -0.0135464 0.989071 5852.04 0 0 0 1 
34562489690231;0.422227;0.684666;0.998807 9.7135e-05 0.0488418 48.9885 0.00011123 0.999991 -0.00426338 -4.0085 -0.0488418 0.00426372 0.998797 8.31932 0 0 0 1 
34562489690232;0.215127;0.303644;1 -2.50384e-08 1.8773e-07 -0.188447 2.50384e-08 1 2.42765e-09 0.103991 -1.8773e-07 -2.42765e-09 1 -0.00503385 0 0 0 1 
34562489690233;0.420689;0.496678;1 -3.56586e-08 7.71016e-08 -0.257269 3.56586e-08 1 1.28015e-08 0.311895 -7.71016e-08 -1.28015e-08 1 -0.0991243 0 0 0 1 
34562489690234;0.244511;0.349273;1 -3.19275e-08 2.89267e-08 -0.243587 3.19275e-08 1 8.33038e-09 0.107852 -2.89267e-08 -8.33038e-09 1 -0.0559028 0 0 0 1 
34562489690235;0.305129;0.256377;0.999872 1.01763e-05 0.0159997 5.04769 1.2198e-05 0.999999 -0.00139833 0.0275203 -0.0159997 0.00139834 0.999871 -10.0308 0 0 0 1 
34562489690236;0.196522;0.756428;0.995375 0.000391066 0.096068 87.7694 0.000416003 0.999965 -0.00838085 -6.85862 -0.0960679 0.00838205 0.995339 49.6145 0 0 0 1 
34562489690237;0.236663;0.479238;0.996067 0.000337017 -0.0886017 62.7776 0.000349686 0.99997 0.00773481 -5.39973 0.0886016 -0.00773537 0.996037 -6.55787 0 0 0 1 
34562489690238;0.36003;0.432062;1 -4.15286e-08 2.01423e-07 -0.319894 4.15286e-08 1 1.00051e-08 0.17333 -2.01423e-07 -1.0005e-08 1 -0.101665 0 0 0 1 
34562489690239;0.243492;0.358282;0.999969 -1.75709e-07 -0.00790417 23.322 5.60675e-06 1 0.000687088 -2.80613 0.00790417 -0.000687111 0.999969 -23.8845 0 0 0 1 
34562489690240;0.35283;0.452041;0.99982 1.20081e-05 -0.0189496 31.2919 1.93071e-05 0.999999 0.00165237 -4.07872 0.0189496 -0.00165244 0.999819 -17.5612 0 0 0 1 
34562489690241;0.379757;1.18109;0.9868 0.00113358 0.16194 127.265 0.00117102 0.999899 -0.0141351 -11.5503 -0.161939 0.0141381 0.986699 14.48 0 0 0 1 
34562489690242;0.378853;0.466078;0.968552 0.0027594 0.248798 -144.142 0.00274723 0.999759 -0.021783 12.3991 -0.248798 0.0217815 0.96831 -459.747 0 0 0 1 
34562489690243;0.301434;0.487157;1 -4.32717e-08 -7.36551e-08 -0.321957 4.32717e-08 1 -5.70698e-09 0.285927 7.36551e-08 5.70698e-09 1 0.0302769 0 0 0 1 
34562489690244;0.500189;0.725764;0.984853 0.00128335 -0.173389 339.297 0.00136891 0.999884 0.0151761 -29.137 0.173389 -0.0151836 0.984736 357.776 0 0 0 1 
34562489690245;0.271456;0.266827;0.999846 1.18244e-05 0.0175368 9.90315 1.50259e-05 0.999999 -0.00153095 -0.738125 -0.0175368 0.00153098 0.999845 2.44309 0 0 0 1 
34562489690246;0.262584;0.383982;0.998137 0.00015732 -0.0610094 50.6186 0.000167989 0.999986 0.00532694 -4.26406 0.0610094 -0.00532727 0.998123 2.08643 0 0 0 1 
34562489690248;0.122472;0.190111;0.998237 -0.000787676 0.0593412 7567.91 0.00106756 0.999988 -0.00468501 -655.99 -0.0593368 0.0047401 0.998227 3549.16 0 0 0 1 
34562489690249;0.236877;0.519381;0.986403 0.00119482 -0.164341 -35.8066 0.00117944 0.999896 0.0143488 6.22354 0.164341 -0.0143475 0.986299 -16.9438 0 0 0 1 
34562489690250;0.361013;0.475962;0.997902 0.000188114 0.0647404 -47.4083 0.000178051 0.999984 -0.00565008 2.96555 -0.0647404 0.00564976 0.997886 26.006 0 0 0 1 
34562489690251;0.0844088;0.125706;0.999477 4.67462e-05 -0.0323449 -3.37559 4.45782e-05 0.999996 0.00282273 0.684227 0.0323449 -0.00282269 0.999473 -12.3779 0 0 0 1 
34562489690252;0.195046;0.401047;0.999981 -8.19481e-07 -0.00619592 22.301 4.19468e-06 1 0.000544733 -0.317706 0.00619591 -0.000544749 0.999981 30.2162 0 0 0 1 
34562489690253;0.120903;0.264601;0.995904 -0.000409236 0.0904161 6158.8 0.00116225 0.999965 -0.00827586 -535.25 -0.0904096 0.00834705 0.99587 -3642.03 0 0 0 1 
34562489690254;0.246774;0.312423;1 7.05719e-08 -3.37088e-07 0.558655 -7.05719e-08 1 -2.20092e-08 -0.552162 3.37088e-07 2.20092e-08 1 0.146197 0 0 0 1 
34562489690255;0.134202;0.1607;0.999885 9.79781e-06 0.0151701 0.355986 1.02627e-05 0.999999 -0.00132229 -0.316254 -0.0151701 0.00132229 0.999884 18.1401 0 0 0 1 
34562489690256;0.130561;0.216316;0.999304 -0.000387398 0.0373109 3602.41 0.000509889 0.999995 -0.00327353 -312.822 -0.0373095 0.00329027 0.999298 -261.065 0 0 0 1 
34562489690257;0.163799;0.175841;0.999954 4.76231e-06 -0.00954618 -4.92023 3.18677e-06 1 0.000832682 1.0047 0.00954618 -0.000832675 0.999954 -7.56197 0 0 0 1 
34562489690258;0.294851;0.346046;0.999956 4.25576e-06 -0.00941258 -1.61636 3.45821e-06 1 0.000819521 -0.641542 0.00941258 -0.000819518 0.999955 -18.0578 0 0 0 1 
34562489690259;0.334686;1.39173;1 2.30266e-07 -1.72967e-07 1.27273 -2.30266e-07 1 -4.11475e-08 -9.19634 1.72967e-07 4.11476e-08 1 0.107111 0 0 0 1 
34562489690260;0.32082;0.571324;0.997266 0.000246982 -0.073894 -54.0871 0.00023036 0.999979 0.00645123 7.60172 0.0738941 -0.00645061 0.997245 -12.2624 0 0 0 1 
