#;prob_registration_l1 -r /home/probabilistic_point_clouds_registration/build/tester /home/point_clouds_registration_benchmark//devel/registration_pairs/wood_autumn_local.txt /home/point_clouds_registration_benchmark//eth/wood_autumn -s 0.2 -t 0.2 -p 0.3 -r 1000 -m 15 -i 40 
id;initial_error;final_error;transformation
26875431820000;0.498992;0.495442;0.98881 0.135393 -0.0626455 0.509506 -0.132723 0.990132 0.0449878 0.509211 0.0681183 -0.0361699 0.997021 -0.681515 0 0 0 1 
26875431820001;0.336145;0.021416;0.908833 0.324572 -0.262059 0.725558 -0.291089 0.943402 0.158934 0.863778 0.298813 -0.0681621 0.951874 -0.79443 0 0 0 1 
26875431820002;0.60541;0.0209996;0.889467 0.386018 -0.244617 0.944878 -0.384082 0.921501 0.0575893 1.00287 0.247646 0.0427293 0.967908 -1.41698 0 0 0 1 
26875431820003;0.366204;0.016437;0.993511 0.0994488 -0.0551874 -0.134747 -0.096887 0.99417 0.0473073 -0.140531 0.0595703 -0.0416533 0.997355 -0.540292 0 0 0 1 
26875431820004;0.698046;0.0208972;0.955007 -0.296536 -0.00534335 0.872528 0.296523 0.954288 0.0375402 -1.28726 -0.00603292 -0.0374355 0.999281 0.397067 0 0 0 1 
26875431820005;0.325213;0.0245405;0.920418 -0.241155 0.307693 -0.364335 0.272179 0.960275 -0.0615624 -0.709498 -0.280624 0.140411 0.949492 0.987359 0 0 0 1 
26875431820006;0.554876;0.0180686;0.999996 -0.00254019 0.00132355 -0.2503 0.00254026 0.999997 -4.78531e-05 0.683039 -0.00132343 5.1215e-05 0.999999 0.561567 0 0 0 1 
26875431820007;0.383756;0.0205635;0.987565 -0.046551 -0.150164 0.215143 0.106788 0.899618 0.42342 -0.840991 0.11538 -0.43419 0.893402 -0.412874 0 0 0 1 
26875431820008;0.203498;0.0256685;0.965828 0.0502293 -0.25427 0.124912 -0.0266232 0.995079 0.0954444 0.0776783 0.257813 -0.0854133 0.962412 -0.981185 0 0 0 1 
26875431820009;0.180609;0.0263352;0.978143 -0.155711 -0.137809 0.118428 0.152917 0.987762 -0.0307018 -0.368954 0.140903 0.0089575 0.989983 -0.403918 0 0 0 1 
26875431820010;0.462102;0.0283883;0.959511 -0.140984 -0.243849 0.728022 0.148079 0.988915 0.0109159 -0.754446 0.239607 -0.0465827 0.969752 -0.94077 0 0 0 1 
26875431820011;0.575398;0.0223211;0.911295 0.050482 0.408648 0.108111 -0.139917 0.971366 0.192021 0.325404 -0.387253 -0.232165 0.892264 1.86641 0 0 0 1 
26875431820012;0.688058;0.0260848;0.943309 0.320051 -0.0879535 0.301355 -0.270171 0.894312 0.356671 -0.384807 0.192811 -0.312688 0.930081 -0.701829 0 0 0 1 
26875431820013;0.421251;0.0256622;0.940685 -0.339281 -0.000440384 -0.283414 0.339278 0.940668 0.0058281 -0.811907 -0.00156311 -0.00563182 0.999983 -0.345501 0 0 0 1 
26875431820014;0.330264;0.0215417;0.951654 -0.300094 0.0655593 -0.416466 0.300508 0.953772 0.00368232 -1.14837 -0.0636337 0.0161968 0.997842 0.167091 0 0 0 1 
26875431820015;0.226693;0.0218767;0.981342 0.190084 0.0289234 0.0667576 -0.18085 0.963618 -0.196806 0.785791 -0.0652808 0.187903 0.980016 0.308475 0 0 0 1 
26875431820016;0.538469;0.0206499;0.902914 -0.0175058 0.429464 0.328523 -0.0383203 0.991913 0.120998 0.426871 -0.428109 -0.125708 0.894942 0.819832 0 0 0 1 
26875431820017;0.524419;0.0239771;0.98301 -0.15955 -0.0907499 -0.00865146 0.142852 0.975452 -0.167588 -0.418931 0.115261 0.151777 0.981671 0.551072 0 0 0 1 
26875431820018;0.579586;0.0293038;0.978933 0.0399324 -0.200238 0.399279 -0.0622382 0.992377 -0.106369 -0.0502224 0.194464 0.11659 0.973956 0.346565 0 0 0 1 
26875431820019;0.351798;0.0216806;0.978716 0.0911693 -0.183854 0.269391 -0.0939738 0.995553 -0.00658045 0.565502 0.182437 0.0237179 0.982931 -0.960919 0 0 0 1 
26875431820020;0.0809749;0.0286345;0.994801 -0.101731 0.00469366 -0.0923872 0.101797 0.994658 -0.0171244 -0.319107 -0.00292651 0.0175132 0.999842 -0.0155458 0 0 0 1 
26875431820021;0.644904;0.0241668;0.945189 0.0875206 -0.314577 1.19165 -0.00461854 0.966896 0.25513 0.0620656 0.326492 -0.239693 0.914303 -0.668173 0 0 0 1 
26875431820022;0.0317767;0.0184954;0.999579 0.0283111 0.00642122 -0.00508438 -0.028291 0.999595 -0.00320031 0.0989716 -0.00650922 0.0030173 0.999974 0.050253 0 0 0 1 
26875431820023;0.284901;0.0262867;0.997434 -0.0714541 -0.00436402 0.380779 0.0715377 0.997158 0.0236406 -0.317096 0.00266239 -0.0238922 0.999711 -0.051101 0 0 0 1 
26875431820024;0.398113;0.0224784;0.996994 0.00434044 -0.0773559 0.369581 -0.00545063 0.999885 -0.0141464 0.432278 0.0772857 0.0145255 0.996903 -0.577971 0 0 0 1 
26875431820025;0.5828;0.023717;0.895282 -0.429967 -0.116608 0.191758 0.422321 0.902442 -0.0851053 -1.26519 0.141824 0.0269473 0.989525 0.28623 0 0 0 1 
26875431820026;0.630426;0.0239669;0.980905 0.194237 0.00981844 -0.274117 -0.194282 0.980939 0.00378408 0.50789 -0.00889627 -0.00561937 0.999945 0.922707 0 0 0 1 
26875431820027;0.464713;0.0145612;0.994275 0.10685 -0.000628587 0.243249 -0.106699 0.993153 0.047573 0.460622 0.00570744 -0.0472336 0.998868 0.652983 0 0 0 1 
26875431820028;0.337162;0.0140786;0.999925 -0.0111104 -0.00515689 -0.422602 0.0113399 0.998838 0.0468303 -0.344009 0.00463059 -0.0468853 0.99889 0.203007 0 0 0 1 
26875431820029;0.206492;0.015303;0.999657 0.00865853 0.0246983 -0.297059 -0.00715786 0.99816 -0.0602141 -0.106699 -0.0251743 0.0600167 0.99788 0.221531 0 0 0 1 
26875431820031;0.22611;0.0192542;0.970122 0.0989352 0.221528 -0.20563 -0.119024 0.989726 0.0792195 0.369857 -0.211414 -0.10322 0.971931 0.942148 0 0 0 1 
26875431820032;0.537519;0.318946;0.969497 -0.180831 -0.165458 0.606951 0.180892 0.983391 -0.0148309 -0.776396 0.165392 -0.0155515 0.986105 -0.779707 0 0 0 1 
26875431820033;0.515263;0.01435;0.997272 0.0282828 -0.0681766 -0.137138 -0.00941506 0.964872 0.262552 -0.726342 0.0732074 -0.261194 0.962506 -1.01262 0 0 0 1 
26875431820034;0.18246;0.0117778;0.995139 0.0153858 -0.0972707 -0.210285 -0.0149751 0.999876 0.00495139 0.0486322 0.0973348 -0.00347068 0.995246 -0.285672 0 0 0 1 
26875431820035;0.31218;0.0114066;0.939736 0.194339 0.281296 0.0613975 -0.232887 0.966207 0.110488 0.837559 -0.250318 -0.16934 0.953239 1.461 0 0 0 1 
26875431820036;0.352511;0.0142949;0.960357 -0.266003 0.0834065 -0.0221543 0.278771 0.917517 -0.283636 -0.8959 -0.00107886 0.295643 0.955298 -0.228829 0 0 0 1 
26875431820037;0.447509;0.022646;0.997247 -0.0740478 0.00402294 0.261484 0.0740494 0.997255 -0.000254686 -0.764252 -0.00399304 0.000551881 0.999992 -0.768602 0 0 0 1 
26875431820038;0.350569;0.0207705;0.986501 -0.15901 -0.0391231 0.189596 0.137375 0.933658 -0.330774 -0.0743252 0.0891241 0.320935 0.942899 -0.8286 0 0 0 1 
26875431820039;0.337073;0.0178902;0.971946 -0.209368 0.107177 0.0341168 0.172722 0.944636 0.278979 -1.17406 -0.159652 -0.252641 0.954298 1.27269 0 0 0 1 
26875431820040;0.229197;0.0117086;0.983209 -0.180936 -0.023703 0.21395 0.170909 0.958575 -0.22787 -0.455412 0.0639509 0.219993 0.973403 -0.36359 0 0 0 1 
26875431820041;0.10838;0.0117687;0.998002 0.0621587 0.0113059 -0.0711048 -0.0620911 0.998051 -0.00623536 0.171772 -0.0116714 0.00552091 0.999917 0.186052 0 0 0 1 
26875431820042;0.455772;0.0120616;0.885583 -0.455878 0.0889818 0.709612 0.464262 0.874644 -0.139493 -2.50797 -0.0142357 0.164843 0.986217 0.261896 0 0 0 1 
26875431820043;0.274946;0.0100836;0.977587 0.107352 0.181103 -0.182279 -0.129247 0.985066 0.113755 0.288589 -0.166187 -0.134613 0.976863 1.14251 0 0 0 1 
26875431820044;0.287192;0.0175366;0.99899 0.00884564 0.0440597 0.0390092 -0.0080638 0.999807 -0.0178913 0.618944 -0.0442095 0.017518 0.998869 0.289584 0 0 0 1 
26875431820045;0.572084;0.0172182;0.98601 0.0701153 -0.15122 0.674827 -0.0091893 0.92871 0.370693 -0.874605 0.16643 -0.364118 0.916362 -1.13965 0 0 0 1 
26875431820046;0.148614;0.00962463;0.998252 -0.0566993 -0.0166505 0.0245919 0.0588701 0.978666 0.196841 -0.526536 0.00513454 -0.197477 0.980294 0.061046 0 0 0 1 
26875431820047;0.191966;0.0159813;0.988651 0.149177 0.0177704 -0.108739 -0.144 0.974702 -0.170938 0.879251 -0.0428209 0.166439 0.985122 0.329132 0 0 0 1 
26875431820048;0.552949;0.0140201;0.904726 0.412867 0.104939 -0.0734573 -0.3948 0.905167 -0.157501 2.04538 -0.160014 0.101065 0.981927 -0.0303854 0 0 0 1 
26875431820049;0.452544;0.0209068;0.896024 0.401234 0.190138 0.0438156 -0.400939 0.915153 -0.0417585 1.55319 -0.19076 -0.038817 0.980869 1.27005 0 0 0 1 
26875431820050;0.381287;0.0126245;0.955853 0.238501 0.171648 -0.119629 -0.246136 0.96893 0.0243451 0.89137 -0.160509 -0.0655192 0.984857 1.28905 0 0 0 1 
26875431820051;0.357531;0.0169578;0.974936 -0.0720352 -0.210503 0.695416 0.0638813 0.996929 -0.0452906 -0.112594 0.213119 0.0307082 0.976544 -0.60599 0 0 0 1 
26875431820052;0.469273;0.012609;0.964852 0.149007 -0.216464 0.500723 -0.206874 0.938637 -0.275978 1.90094 0.162059 0.311059 0.936472 -1.03327 0 0 0 1 
26875431820053;0.393672;0.0160949;0.992264 0.0320287 0.119943 0.659685 -0.0508857 0.986187 0.157623 -0.0140338 -0.113238 -0.162507 0.980188 0.555704 0 0 0 1 
26875431820054;0.384531;0.0210078;0.934853 0.224576 -0.274982 0.64447 -0.150972 0.952464 0.264614 0.394015 0.321336 -0.205861 0.924318 -1.3896 0 0 0 1 
26875431820055;0.28566;0.0111639;0.980339 -0.190114 -0.0528477 0.461466 0.192239 0.980592 0.0385078 -1.14518 0.0445012 -0.0479101 0.99786 0.111168 0 0 0 1 
26875431820056;0.596591;0.0125102;0.919319 -0.284779 0.271577 -0.0495294 0.330393 0.933467 -0.139571 -1.29693 -0.213761 0.218038 0.952243 0.0768876 0 0 0 1 
26875431820057;0.446113;0.29929;0.98017 -0.174174 0.0944962 0.349644 0.177191 0.983872 -0.0244714 -0.939749 -0.0887099 0.04073 0.995224 0.520891 0 0 0 1 
26875431820058;0.224686;0.00910853;0.999725 -0.00977855 -0.0212974 -0.112546 0.0115866 0.996185 0.0864987 -0.198498 0.0203703 -0.0867217 0.996024 0.350268 0 0 0 1 
26875431820059;0.444316;0.0186093;0.954345 -0.165595 0.248603 -0.520086 0.169177 0.985561 0.0070418 -0.584143 -0.246179 0.0353376 0.96858 0.781313 0 0 0 1 
26875431820060;0.410765;0.0209891;0.985503 0.0914967 0.14287 0.268017 -0.137622 0.923596 0.357814 0.350131 -0.0992155 -0.372289 0.922799 1.18489 0 0 0 1 
26875431820062;0.368904;0.0243098;0.953344 0.180498 0.241984 0.464676 -0.22998 0.953494 0.194832 0.500167 -0.195563 -0.241393 0.950518 0.411915 0 0 0 1 
26875431820063;0.231158;0.0218082;0.956153 -0.0738032 -0.283415 0.451872 0.114046 0.985168 0.128211 -0.63233 0.269749 -0.154912 0.950388 -1.0997 0 0 0 1 
26875431820064;0.204838;0.0156329;0.997732 -0.00663477 0.0669843 0.0749636 -0.00253754 0.990716 0.135927 0.273738 -0.0672642 -0.135788 0.988452 0.123872 0 0 0 1 
26875431820065;0.171053;0.0219521;0.998405 0.0522243 0.021453 -0.0675682 -0.0514621 0.998073 -0.0346614 -0.0568893 -0.0232219 0.0335021 0.999169 0.0317435 0 0 0 1 
26875431820066;0.341828;0.0202708;0.886776 0.457657 -0.0646444 0.911858 -0.455097 0.888992 0.0507974 1.85904 0.0807161 -0.0156264 0.996615 -0.315155 0 0 0 1 
26875431820067;0.359104;0.0185138;0.999737 0.00768007 -0.0215945 -0.199885 -0.00758952 0.999962 0.00427213 0.331016 0.0216265 -0.00410712 0.999758 0.598431 0 0 0 1 
26875431820068;0.231956;0.0200611;0.99976 -0.0218359 0.0018802 0.066955 0.021825 0.999746 0.00563114 -0.112706 -0.00200268 -0.00558875 0.999982 0.526413 0 0 0 1 
26875431820069;0.168442;0.0242797;0.984471 -0.155931 0.0806391 0.0972418 0.15838 0.987065 -0.0248792 -0.791081 -0.0757166 0.0372644 0.996433 0.500979 0 0 0 1 
26875431820070;0.120851;0.0152743;0.987539 0.134295 -0.0820502 0.256767 -0.129125 0.98947 0.065388 0.501509 0.0899675 -0.0539784 0.994481 -0.411966 0 0 0 1 
26875431820071;0.559761;0.0159672;0.940877 -0.338519 0.0124801 1.00399 0.338408 0.940944 0.0102307 -1.29639 -0.0152063 -0.00540248 0.99987 0.424669 0 0 0 1 
26875431820072;0.11141;0.0206789;0.998581 -0.0530432 0.00483535 -0.144521 0.0532242 0.997199 -0.0525479 -0.312993 -0.0020345 0.0527306 0.998607 0.0299656 0 0 0 1 
26875431820073;0.298534;0.0174155;0.952756 -0.303717 -0.00339272 0.270282 0.303736 0.952705 0.00987603 -1.53968 0.000232741 -0.0104399 0.999945 0.17616 0 0 0 1 
26875431820074;0.511902;0.0234217;0.944244 -0.240436 -0.224929 0.86212 0.189907 0.955798 -0.224468 -0.710113 0.268957 0.169237 0.948167 -1.65984 0 0 0 1 
26875431820075;0.368729;0.0251714;0.937522 -0.238495 0.253323 -0.169738 0.15961 0.941774 0.295949 -1.16106 -0.309155 -0.237026 0.921 1.50494 0 0 0 1 
26875431820076;0.104083;0.0137624;0.999342 -0.0302914 -0.0199608 -0.00414812 0.0285813 0.996304 -0.0810049 0.0647756 0.0223407 0.0803811 0.996514 0.0301925 0 0 0 1 
26875431820077;0.334061;0.022958;0.959059 0.278574 -0.0510127 0.486526 -0.274239 0.958469 0.078294 1.27405 0.0707048 -0.0610989 0.995624 -0.762747 0 0 0 1 
26875431820078;0.46154;0.0183812;0.965278 0.259741 0.027806 -0.218455 -0.252297 0.95458 -0.158504 1.55242 -0.0677129 0.145985 0.986967 -0.0662007 0 0 0 1 
26875431820079;0.388175;0.014741;0.885457 -0.212769 0.413154 -0.232918 0.131701 0.967475 0.215979 -0.922576 -0.445669 -0.136828 0.884679 1.74925 0 0 0 1 
26875431820080;0.446652;0.0181306;0.968871 0.246884 0.0183492 0.240763 -0.246418 0.968856 -0.0244318 1.2178 -0.0238096 0.0191496 0.999533 -0.665078 0 0 0 1 
26875431820081;0.390076;0.0183685;0.917815 0.396999 -0.00273421 0.714726 -0.386992 0.893099 -0.229373 1.98761 -0.0886189 0.21158 0.973335 0.729422 0 0 0 1 
26875431820082;0.269988;0.0204666;0.992202 0.122607 -0.0224042 -0.0975736 -0.117774 0.981124 0.15338 0.059377 0.0407867 -0.149546 0.987913 -0.323295 0 0 0 1 
26875431820083;0.397996;0.0275204;0.918415 -0.328983 0.219739 0.472025 0.326743 0.943917 0.0475418 -1.5512 -0.223055 0.028135 0.9744 1.39573 0 0 0 1 
26875431820084;0.431462;0.0155121;0.984698 0.090861 -0.148709 0.410848 -0.13516 0.936846 -0.322571 0.965907 0.110008 0.337735 0.934791 0.465074 0 0 0 1 
26875431820085;0.0561572;0.0217218;0.999277 -0.0379931 0.00109715 -0.0608423 0.0379945 0.999277 -0.00131499 -0.153132 -0.00104639 0.00135572 0.999999 0.0809901 0 0 0 1 
26875431820086;0.263745;0.0167645;0.974163 0.221561 0.043777 0.352475 -0.223209 0.974061 0.0371814 0.598673 -0.0344035 -0.0459921 0.998349 -0.0540156 0 0 0 1 
26875431820087;0.254275;0.0176115;0.971925 -0.0903168 -0.217268 0.347362 0.130101 0.975681 0.176407 -0.824304 0.196052 -0.199721 0.960039 -1.15762 0 0 0 1 
26875431820088;0.2679;0.0157609;0.967356 0.253079 -0.0131812 0.471794 -0.253355 0.966987 -0.027345 1.27904 0.00582559 0.0297919 0.999539 -0.241321 0 0 0 1 
26875431820089;0.093436;0.01887;0.999321 0.0326458 -0.0170933 0.0849697 -0.0333908 0.998416 -0.0452867 0.334183 0.0155878 0.0458267 0.998828 0.0366615 0 0 0 1 
26875431820090;0.279476;0.0181387;0.99927 0.037751 0.0059208 0.20317 -0.0376 0.999009 -0.0238212 -0.238971 -0.00681421 0.0235811 0.999699 0.460367 0 0 0 1 
26875431820091;0.394578;0.0186515;0.993234 0.115716 0.00974682 0.26522 -0.115752 0.993273 0.00314159 0.490016 -0.00931772 -0.00424855 0.999948 -0.768156 0 0 0 1 
26875431820093;0.345934;0.0180868;0.933897 -0.311893 -0.174813 2.61215 0.304973 0.950082 -0.0658451 -1.13972 0.186623 0.00817937 0.982398 -0.611745 0 0 0 1 
26875431820094;0.529735;0.0197494;0.940602 0.281551 0.189731 -2.54072 -0.268723 0.958929 -0.090791 1.8794 -0.207501 0.0344132 0.977629 0.598661 0 0 0 1 
26875431820095;0.39088;0.0150765;0.962108 -0.0109181 -0.27245 0.322832 0.00536443 0.999763 -0.0211209 -0.139384 0.272616 0.018859 0.961938 -0.80248 0 0 0 1 
26875431820096;0.29099;0.0156465;0.969265 0.156711 -0.189649 -0.475444 -0.195134 0.959174 -0.204716 1.22728 0.149825 0.235431 0.960273 -2.30522 0 0 0 1 
26875431820097;0.411668;0.0291919;0.95961 0.279409 0.0328545 -1.78539 -0.279083 0.960162 -0.0142287 2.36584 -0.0355213 0.00448492 0.999359 0.127304 0 0 0 1 
26875431820098;0.305728;0.0256934;0.963488 -0.200802 0.177112 0.984185 0.209687 0.977219 -0.0327696 -0.920404 -0.166497 0.0687113 0.983645 0.23008 0 0 0 1 
26875431820099;0.324227;0.298338;0.997606 -0.0674689 -0.0151684 0.598286 0.0677548 0.997517 0.0192011 -0.228879 0.0138353 -0.0201829 0.999701 0.0394396 0 0 0 1 
26875431820100;0.476247;0.0316;0.972565 -0.231865 -0.0188844 1.92996 0.232196 0.972507 0.0177735 -0.523482 0.0142442 -0.0216708 0.999664 -0.539834 0 0 0 1 
26875431820101;0.325622;0.0176894;0.954435 0.254414 0.155974 -1.7735 -0.192392 0.924133 -0.330096 1.78718 -0.228122 0.285047 0.930972 -0.709258 0 0 0 1 
26875431820102;0.315339;0.00780522;0.97481 0.222966 0.00559714 -1.21492 -0.218842 0.96102 -0.168966 1.26909 -0.0430527 0.163485 0.985606 -1.24262 0 0 0 1 
26875431820103;0.395286;0.0264265;0.996871 -0.0783624 0.0103584 0.313906 0.0784433 0.996889 -0.00764199 -0.333579 -0.00972736 0.00843063 0.999917 -0.747206 0 0 0 1 
26875431820104;0.491587;0.02572;0.998854 0.0422371 0.0225126 0.391476 -0.040816 0.99735 -0.0602282 0.611419 -0.0249968 0.0592403 0.997931 -0.834221 0 0 0 1 
26875431820105;0.296198;0.0107628;0.990974 -0.0396549 0.128052 0.174182 0.0774739 0.948977 -0.305681 0.244066 -0.109396 0.312842 0.943484 -1.04096 0 0 0 1 
26875431820106;0.351999;0.0212871;0.95338 -0.290209 -0.0827347 1.93881 0.296357 0.952101 0.0753387 -1.70423 0.0569078 -0.0963454 0.99372 0.473223 0 0 0 1 
26875431820107;0.398745;0.317522;0.98691 0.140331 0.079478 -1.32912 -0.131153 0.985145 -0.110851 1.09626 -0.0938532 0.0989759 0.990654 -0.0702827 0 0 0 1 
26875431820108;0.476963;0.0283203;0.963816 0.254921 0.0779301 -1.74337 -0.259797 0.963769 0.0604612 2.30682 -0.0596937 -0.0785195 0.995124 1.07871 0 0 0 1 
26875431820109;0.419848;0.376921;0.998554 -0.0463852 -0.0271625 0.452937 0.0472766 0.998332 0.0331495 -0.211675 0.0255795 -0.0343858 0.999081 0.235692 0 0 0 1 
26875431820110;0.205033;0.0246707;0.996355 0.0162303 0.0837469 -0.01426 -0.00954654 0.996781 -0.0796004 0.40158 -0.0847693 0.0785107 0.993303 -0.186801 0 0 0 1 
26875431820111;0.333895;0.0260785;0.986635 -0.162807 0.00668814 1.2965 0.162928 0.986288 -0.0262781 -0.595283 -0.00231816 0.0270166 0.999632 0.386606 0 0 0 1 
26875431820112;0.392948;0.0172532;0.873152 -0.4482 -0.191629 3.54497 0.456597 0.889674 -0.000380506 -1.74404 0.170658 -0.0871651 0.981467 -0.227792 0 0 0 1 
26875431820113;0.35267;0.0160327;0.943589 -0.162438 0.288536 0.864165 0.237775 0.938853 -0.249036 -0.414074 -0.23044 0.303595 0.924515 -0.752 0 0 0 1 
26875431820114;0.433722;0.325821;0.996151 -0.0591049 0.064731 0.496296 0.0600691 0.998109 -0.0130495 -0.00566575 -0.0638373 0.0168876 0.997817 0.123571 0 0 0 1 
26875431820115;0.334392;0.0268968;0.973918 -0.222123 0.0463103 1.88884 0.19587 0.926061 0.322562 -0.85029 -0.114535 -0.305078 0.945415 2.52681 0 0 0 1 
26875431820116;0.39563;0.0209907;0.952449 -0.253465 0.169106 2.3771 0.260429 0.965286 -0.0199788 -1.3473 -0.158172 0.0630688 0.985395 0.495501 0 0 0 1 
26875431820117;0.505945;0.0086383;0.967313 0.25351 -0.0061247 -2.16514 -0.25347 0.965879 -0.0532066 0.921679 -0.00757268 0.0530199 0.998565 -0.548386 0 0 0 1 
26875431820118;0.542637;0.0233145;0.911576 0.193945 0.362512 -1.04432 -0.279128 0.939333 0.199351 0.826637 -0.301856 -0.28291 0.910409 3.28715 0 0 0 1 
26875431820119;0.33961;0.0179183;0.957885 -0.0584882 -0.281134 0.999898 -0.00671813 0.974204 -0.225568 0.0541055 0.287075 0.217957 0.932782 -2.60439 0 0 0 1 
26875431820120;0.431883;0.0291683;0.988227 0.131526 -0.0781523 -0.133447 -0.0931584 0.922512 0.374556 0.393255 0.12136 -0.362866 0.923905 1.89466 0 0 0 1 
26875431820121;0.296141;0.0187971;0.934622 -0.352662 -0.0459496 2.75415 0.351357 0.935617 -0.0341839 -1.40919 0.0550466 0.0158043 0.998359 -0.570002 0 0 0 1 
26875431820122;0.699318;0.0113385;0.901465 0.0487971 0.430092 -1.14825 -0.0817534 0.994936 0.0584707 -0.139336 -0.425061 -0.0878708 0.900889 3.25504 0 0 0 1 
26875431820124;0.463953;0.0645884;0.982689 0.0717294 -0.170816 -0.168383 -0.101381 0.97991 -0.171752 1.07267 0.155065 0.186097 0.970218 -3.14158 0 0 0 1 
26875431820125;0.172503;0.0551968;0.973868 0.224695 -0.0330663 -1.882 -0.223861 0.974243 0.0271364 1.31767 0.038312 -0.019025 0.999085 -0.0393168 0 0 0 1 
26875431820126;0.469661;0.0601259;0.999949 -0.00973049 -0.0028668 -0.432333 0.00956442 0.998541 -0.0531494 0.393686 0.00337979 0.0531193 0.998582 0.112867 0 0 0 1 
26875431820127;0.198437;0.0782553;0.996108 -0.0881411 -0.000262238 0.659604 0.0881394 0.996101 -0.00386688 -0.182665 0.000602046 0.00382871 0.999992 -0.0599612 0 0 0 1 
26875431820128;0.38452;0.070707;0.948015 -0.318182 0.0053279 3.17486 0.318194 0.948024 -0.00153361 -1.00992 -0.00456301 0.00314919 0.999985 -0.421756 0 0 0 1 
26875431820129;0.474436;0.0643275;0.936282 -0.339052 0.0917588 3.39789 0.348204 0.930259 -0.115641 -1.23643 -0.0461511 0.140223 0.989044 -1.64934 0 0 0 1 
26875431820130;0.313572;0.0614298;0.994485 -0.104747 -0.00523264 0.837347 0.104598 0.994238 -0.0234344 -0.64108 0.00765719 0.0227579 0.999712 -0.808958 0 0 0 1 
26875431820131;0.549583;0.0546563;0.992832 0.116832 -0.0252145 -1.61858 -0.113374 0.987356 0.110792 0.3525 0.0378398 -0.107139 0.993524 1.54278 0 0 0 1 
26875431820132;0.557397;0.060301;0.893571 0.447262 -0.038561 -2.87846 -0.446607 0.876968 -0.177397 3.90581 -0.0455262 0.175738 0.983384 -0.911648 0 0 0 1 
26875431820133;0.523064;0.265503;0.997276 -0.0328103 0.066056 0.239737 0.0192506 0.980353 0.196311 -0.368023 -0.0711992 -0.194504 0.978314 2.77446 0 0 0 1 
26875431820134;0.28355;0.0586006;0.981508 0.187444 0.0388238 -1.88845 -0.187483 0.982264 -0.00266691 1.31683 -0.0386351 -0.00466119 0.999243 -0.00945415 0 0 0 1 
26875431820135;0.398345;0.0503069;0.981298 -0.0487798 -0.186212 0.47619 0.0780476 0.985102 0.153239 -0.620388 0.175963 -0.164906 0.970486 1.16746 0 0 0 1 
26875431820136;0.188337;0.0645019;0.996781 0.0660505 0.0454507 -0.819854 -0.065318 0.997712 -0.0174176 0.58327 -0.0464972 0.0143927 0.998815 0.127643 0 0 0 1 
26875431820137;0.314888;0.0652095;0.935206 -0.0205035 0.353509 -0.0864001 0.0455826 0.996987 -0.0627634 -0.28426 -0.351157 0.0748106 0.933323 1.34492 0 0 0 1 
26875431820138;0.521003;0.0396179;0.999778 0.0177214 0.011423 -0.513184 -0.0176906 0.99984 -0.00279524 -0.398652 -0.0114707 0.00259254 0.999931 0.83869 0 0 0 1 
26875431820139;0.534563;0.0489407;0.963547 -0.219177 -0.153421 2.95288 0.199305 0.970609 -0.134891 -1.25743 0.178476 0.0993961 0.978911 -1.70776 0 0 0 1 
26875431820140;0.635129;0.0586633;0.934352 0.118268 -0.336153 0.349901 -0.112336 0.992977 0.0371145 1.17591 0.338181 0.00308391 0.941076 -1.589 0 0 0 1 
26875431820141;0.451247;0.0729502;0.936432 -0.349047 -0.0355038 3.38243 0.345825 0.901227 0.261141 -1.65693 -0.0591537 -0.256819 0.964647 3.048 0 0 0 1 
26875431820142;0.45211;0.045402;0.96748 0.0536442 -0.247193 -0.686517 -0.0787514 0.992563 -0.0928228 0.756767 0.240375 0.109271 0.96451 -1.77208 0 0 0 1 
26875431820143;0.371493;0.053911;0.926266 0.0447906 0.374199 -0.66245 -0.135918 0.965793 0.220838 0.603795 -0.351508 -0.255415 0.900669 4.31395 0 0 0 1 
26875431820144;0.382734;0.0635352;0.972863 0.0168342 0.230768 -0.299719 0.0642575 0.938461 -0.339354 0.842216 -0.22228 0.344974 0.911913 -1.88071 0 0 0 1 
26875431820145;0.502979;0.0653966;0.969903 0.238425 0.0494031 -2.27812 -0.237008 0.970951 -0.0328839 1.99193 -0.0558084 0.0201853 0.998237 -0.514516 0 0 0 1 
26875431820146;0.275674;0.0650684;0.958587 0.283122 0.0308702 -2.17274 -0.284705 0.955417 0.0782369 1.86993 -0.00734336 -0.0837858 0.996457 0.616768 0 0 0 1 
26875431820147;0.238197;0.0507978;0.991499 0.0421016 -0.123117 -0.023983 -0.0559025 0.99226 -0.110882 0.611834 0.117496 0.116822 0.986178 -1.48427 0 0 0 1 
26875431820148;0.24302;0.0405037;0.985397 -0.13116 0.108579 0.982348 0.148697 0.973549 -0.173469 -0.70862 -0.0829546 0.187081 0.978836 -1.39889 0 0 0 1 
26875431820149;0.23664;0.0512208;0.942545 -0.325076 0.0770319 3.02125 0.330572 0.94084 -0.0744468 -1.27594 -0.0482738 0.0956341 0.994245 -0.612001 0 0 0 1 
26875431820150;0.324251;0.0498387;0.984719 -0.172047 -0.0269762 1.60346 0.168633 0.980697 -0.0989756 -0.870831 0.043484 0.0929141 0.994724 -0.545112 0 0 0 1 
26875431820151;0.348638;0.0586724;0.959366 -0.183865 -0.214033 2.12293 0.233294 0.943546 0.235147 -1.29109 0.158714 -0.275525 0.948101 1.80968 0 0 0 1 
26875431820152;0.39459;0.0639471;0.993212 -0.081576 0.0829152 0.373373 0.0867664 0.994356 -0.0610475 -0.27415 -0.0774673 0.0678274 0.994685 -0.837104 0 0 0 1 
26875431820153;0.461448;0.0730986;0.962828 0.267626 -0.0365703 -2.05515 -0.265798 0.962826 0.0481352 1.51968 0.0480931 -0.0366256 0.998171 -0.651769 0 0 0 1 
26875431820155;0.281618;0.0152933;0.997346 0.0464756 -0.0560489 0.472164 -0.0472032 0.998816 -0.0117281 0.0747428 0.0554375 0.0143427 0.998359 -0.0585717 0 0 0 1 
26875431820156;0.544215;0.0146196;0.979538 0.196503 -0.0435023 -0.0692031 -0.195581 0.98038 0.0245745 0.176835 0.0474777 -0.0155635 0.998751 0.663008 0 0 0 1 
26875431820157;0.2633;0.0175003;0.983822 -0.179135 -0.00222453 0.0875831 0.172987 0.95314 -0.248194 -0.0965918 0.0465804 0.243794 0.968708 -0.103345 0 0 0 1 
26875431820158;0.308459;0.213071;0.993513 0.113162 -0.0112194 0.0144346 -0.11294 0.993426 0.0187144 0.381729 0.0132634 -0.0173259 0.999762 0.0917988 0 0 0 1 
26875431820159;0.600497;0.0150898;0.99805 0.0571759 0.0250601 0.769123 -0.0533996 0.989852 -0.131691 0.0549435 -0.0323353 0.130096 0.990974 0.560296 0 0 0 1 
26875431820160;0.450407;0.0275678;0.902811 -0.212892 0.373643 -0.181359 0.283689 0.947826 -0.145415 -0.240652 -0.323191 0.237281 0.916103 0.746392 0 0 0 1 
26875431820161;0.500041;0.0206653;0.974197 -0.22272 -0.0365418 -0.258303 0.220926 0.974135 -0.0474608 -0.564108 0.0461672 0.0381632 0.998204 0.479993 0 0 0 1 
26875431820162;0.266888;0.0147447;0.978393 0.146076 0.146316 -0.110663 -0.117109 0.974761 -0.190072 0.137916 -0.170388 0.16883 0.970806 0.525697 0 0 0 1 
26875431820163;0.112835;0.0121101;0.99393 -0.00249828 0.109985 -0.0149721 -0.00234141 0.999035 0.0438519 0.0187849 -0.109989 -0.0438433 0.992965 0.368718 0 0 0 1 
26875431820164;0.259006;0.0193441;0.983638 -0.178374 -0.0252809 0.0472406 0.179058 0.983439 0.0280299 -0.620007 0.0198624 -0.032098 0.999287 -0.266823 0 0 0 1 
26875431820165;0.440579;0.20988;0.974904 0.21772 -0.0464776 0.130666 -0.205996 0.961375 0.182547 0.355849 0.0844266 -0.168392 0.982098 -0.531729 0 0 0 1 
26875431820166;0.350624;0.304262;0.998254 -0.0245138 -0.0537364 -0.00397876 0.0235711 0.999558 -0.0181072 -0.0120311 0.0541565 0.016809 0.998391 -0.153436 0 0 0 1 
26875431820167;0.350308;0.0136058;0.978716 -0.191935 0.0726302 0.414988 0.201913 0.963887 -0.173647 -0.133578 -0.0366784 0.184616 0.982126 0.0357293 0 0 0 1 
26875431820168;0.226339;0.0254168;0.983139 -0.0594115 -0.17294 0.341848 0.0511704 0.997349 -0.0517316 -0.244857 0.175555 0.04201 0.983573 -0.4295 0 0 0 1 
26875431820169;0.436398;0.0114856;0.998889 -0.0463463 -0.00847341 0.253302 0.0463543 0.998925 0.000750733 0.224471 0.00842951 -0.00114268 0.999964 0.538742 0 0 0 1 
26875431820170;0.561995;0.0163436;0.976936 0.0341911 0.210778 -0.470372 -0.0172902 0.996522 -0.0815113 -0.451148 -0.212832 0.0759869 0.97413 -0.0196046 0 0 0 1 
26875431820171;0.275385;0.0144514;0.997589 0.0680119 0.0138089 -0.052423 -0.0682035 0.997574 0.0139074 0.15809 -0.0128296 -0.0148157 0.999808 0.472796 0 0 0 1 
26875431820172;0.126727;0.0180686;0.999961 -0.00299496 0.00835359 -0.000812995 0.00369678 0.996348 -0.0853061 0.0444475 -0.00806759 0.0853336 0.99632 0.177065 0 0 0 1 
26875431820173;0.248339;0.0138887;0.988249 -0.107368 0.108791 -0.111173 0.104325 0.993986 0.0332998 0.0323565 -0.111712 -0.0215588 0.993507 0.360849 0 0 0 1 
26875431820174;0.442063;0.219997;0.96716 -0.129608 0.218638 -0.16249 0.128861 0.991504 0.0177368 -0.506541 -0.219079 0.0110195 0.975645 0.451393 0 0 0 1 
26875431820175;0.573407;0.312792;0.955146 0.117653 -0.271761 0.689157 -0.18207 0.957061 -0.225576 0.886556 0.233552 0.264938 0.935554 -0.960413 0 0 0 1 
26875431820176;0.270556;0.0217648;0.991148 0.129355 -0.0298928 -0.32751 -0.132412 0.979534 -0.15159 0.340505 0.00967213 0.154206 0.987991 -0.00946443 0 0 0 1 
26875431820177;0.516211;0.0245651;0.994487 0.0597219 -0.0861937 -0.461042 -0.0743681 0.981179 -0.178205 -0.243989 0.0739287 0.183633 0.980211 -0.0441614 0 0 0 1 
26875431820178;0.516876;0.212848;0.984221 -0.116582 -0.133105 0.337664 0.132091 0.984622 0.114334 -0.449956 0.117729 -0.130112 0.984485 0.359602 0 0 0 1 
26875431820179;0.506678;0.473241;0.997863 0.0630889 0.0169834 -0.106679 -0.0632145 0.997976 0.00696522 0.18881 -0.0165096 -0.00802394 0.999832 -0.0480211 0 0 0 1 
26875431820180;0.166082;0.0166796;0.997695 -0.00649386 0.0675431 -0.185865 0.000370582 0.995917 0.0902775 0.0874581 -0.0678535 -0.0900444 0.993624 0.136049 0 0 0 1 
26875431820181;0.220973;0.0189412;0.98061 -0.194053 0.0273485 0.228733 0.187454 0.969509 0.157838 -0.422119 -0.0571436 -0.149651 0.987086 0.29912 0 0 0 1 
26875431820182;0.311591;0.0105993;0.999928 0.00628649 -0.0102009 0.491005 -0.00635921 0.999954 -0.00711231 0.060914 0.0101557 0.00717667 0.999923 -0.120386 0 0 0 1 
26875431820183;0.378261;0.22079;0.968188 0.23148 -0.0950172 0.00380349 -0.21823 0.966935 0.131957 0.738852 0.122421 -0.107024 0.986691 -0.415977 0 0 0 1 
26875431820184;0.707951;0.0152598;0.951331 -0.299376 0.0730932 -0.0701959 0.305779 0.946501 -0.103123 -0.412617 -0.0383101 0.120455 0.991979 -0.882375 0 0 0 1 
26875431820186;0.0232744;0.0272852;0.99999 -0.00406094 -0.00183759 -0.00877876 0.00404681 0.999963 -0.0076278 -0.0366505 0.0018685 0.00762029 0.999969 0.0382264 0 0 0 1 
26875431820187;0.469951;0.0378248;0.997623 -0.0523471 0.0448205 0.123738 0.0524127 0.998625 -0.000289378 0.0322024 -0.0447437 0.00263785 0.998995 -0.71208 0 0 0 1 
26875431820188;0.333415;0.0251833;0.965749 0.0865733 0.24461 -0.153416 -0.0819509 0.996213 -0.0290317 0.537639 -0.246197 0.0079913 0.969187 0.137285 0 0 0 1 
26875431820189;0.215891;0.0347811;0.999588 -0.0234175 0.016618 -0.00668693 0.0259085 0.985047 -0.170326 0.314072 -0.0123809 0.170686 0.985248 0.0774299 0 0 0 1 
26875431820190;0.353199;0.028766;0.998885 -0.00694064 -0.046705 0.126445 0.00638899 0.999908 -0.0119503 -0.0433099 0.0467837 0.0116386 0.998837 0.568839 0 0 0 1 
26875431820191;0.375035;0.0327592;0.881608 0.105583 -0.460021 0.631531 -0.0599139 0.991808 0.112815 -0.0938954 0.468164 -0.0718972 0.880712 -0.463228 0 0 0 1 
26875431820192;0.269163;0.038908;0.999073 -0.0311039 0.029754 -0.165606 0.0318337 0.999196 -0.0243754 0.339248 -0.0289719 0.0253 0.99926 0.244482 0 0 0 1 
26875431820193;0.42369;0.0419403;0.90984 -0.175516 0.376012 -0.307342 0.267636 0.940689 -0.208506 -0.102534 -0.317114 0.290342 0.902851 0.538138 0 0 0 1 
26875431820194;0.276623;0.198157;0.993625 0.0836791 0.075544 -0.0825526 -0.0778723 0.994001 -0.0767926 0.282687 -0.0815168 0.0704202 0.994181 0.26987 0 0 0 1 
26875431820195;0.12753;0.0338785;0.997761 0.0668197 0.00290051 -0.180436 -0.0668408 0.997732 0.00792732 0.0496276 -0.00236423 -0.00810344 0.999964 -0.105018 0 0 0 1 
26875431820196;0.182656;0.0354404;0.998239 -0.059273 -0.00249359 -0.132497 0.0590818 0.997066 -0.0486648 -0.300036 0.00537078 0.0484318 0.998812 -0.129672 0 0 0 1 
26875431820197;0.141522;0.0338128;0.999269 0.0312896 -0.0219834 -0.252774 -0.0307318 0.999208 0.0252663 0.0509953 0.0227566 -0.0245723 0.999439 -0.0618434 0 0 0 1 
26875431820198;0.296595;0.0425722;0.962242 -0.260825 -0.0778528 0.377788 0.261342 0.965239 -0.00365425 -0.263228 0.0760997 -0.0168299 0.996958 -0.299584 0 0 0 1 
26875431820199;0.374604;0.316614;0.996767 -0.0620909 -0.0509834 0.076903 0.0636519 0.997533 0.0295873 -0.159228 0.0490205 -0.0327368 0.998261 -0.00915351 0 0 0 1 
26875431820200;0.14975;0.0401318;0.998855 0.0124571 -0.0461888 -0.188702 -0.00959089 0.998045 0.0617654 0.0658294 0.0468679 -0.0612517 0.997021 0.0288822 0 0 0 1 
26875431820201;0.180431;0.0338477;0.995529 -0.0385862 -0.0862133 0.325661 0.0386557 0.999252 -0.000863817 -0.139689 0.0861822 -0.00247268 0.996276 -0.135973 0 0 0 1 
26875431820202;0.0568232;0.0358457;0.999384 -0.0328426 -0.0123396 -0.0165643 0.0320599 0.997742 -0.0590191 -0.00165495 0.0142501 0.0585871 0.998181 -0.0241705 0 0 0 1 
26875431820203;0.370175;0.332213;0.999559 -0.0264642 -0.0134516 -0.0154814 0.0271222 0.998312 0.0513482 -0.0700538 0.01207 -0.0516904 0.99859 -0.001 0 0 0 1 
26875431820204;0.336699;0.313201;0.998429 0.055961 -0.00282246 -0.0801282 -0.05602 0.995896 -0.071078 0.288233 -0.00116671 0.0711244 0.997467 0.0243806 0 0 0 1 
26875431820205;0.579018;0.159456;0.9759 0.016848 0.217565 0.37039 -0.0341744 0.996513 0.0761223 -0.447392 -0.215524 -0.081723 0.973073 -0.109857 0 0 0 1 
26875431820206;0.454909;0.0292274;0.946061 0.0288774 0.322699 -0.255369 0.049766 0.971247 -0.232814 -0.071164 -0.320144 0.236315 0.917422 1.06504 0 0 0 1 
26875431820207;0.201469;0.0311932;0.993376 0.101579 0.0537245 -0.151202 -0.109526 0.978422 0.175197 -0.0489565 -0.0347688 -0.179921 0.983066 0.292211 0 0 0 1 
26875431820208;0.418791;0.306287;0.999158 -0.0372062 0.0173164 -0.137195 0.0346425 0.990888 0.130157 -0.126092 -0.0220013 -0.129448 0.991342 0.00897055 0 0 0 1 
26875431820209;0.261543;0.226034;0.99842 -0.0559539 -0.00525793 0.0853834 0.0558183 0.998173 -0.023124 0.000192722 0.00654221 0.022794 0.999719 0.0151721 0 0 0 1 
26875431820210;0.579052;0.322436;0.996845 -0.0789765 0.007895 -0.367171 0.0778032 0.991987 0.0995408 -0.399342 -0.0156931 -0.0986125 0.995002 -0.0542904 0 0 0 1 
26875431820211;0.254845;0.0354479;0.972441 -0.231429 -0.0282747 0.254069 0.231137 0.972831 -0.0132354 -0.427628 0.0305695 0.00633535 0.999513 0.251592 0 0 0 1 
26875431820212;0.320883;0.0308751;0.966043 -0.125251 0.225992 0.00947488 0.153045 0.982087 -0.109921 -0.230493 -0.208176 0.140775 0.967908 0.723335 0 0 0 1 
26875431820213;0.233658;0.0314761;0.998757 -0.0496988 0.00383013 -0.106343 0.0498067 0.991958 -0.116351 -0.0140294 0.0019832 0.116398 0.993201 -0.392903 0 0 0 1 
26875431820214;0.442932;0.0299424;0.981633 0.0392263 -0.186701 0.343428 -0.0855676 0.965203 -0.247105 0.543235 0.170511 0.258542 0.950832 0.271314 0 0 0 1 
26875431820215;0.292551;0.0340548;0.970712 0.0647456 0.231357 0.0193038 -0.0111391 0.974095 -0.225865 -0.15239 -0.239988 0.216673 0.946287 0.354351 0 0 0 1 
26875431820217;0.53888;0.0217656;0.945978 -0.258059 0.196294 1.02012 0.313382 0.883021 -0.349379 -0.694824 -0.0831712 0.39202 0.916189 -0.392382 0 0 0 1 
26875431820218;0.132212;0.0336211;0.999998 -0.00169868 0.000893189 -0.031634 0.00172081 0.999676 -0.0253817 0.160735 -0.000849785 0.0253832 0.999677 0.130215 0 0 0 1 
26875431820219;0.276971;0.0246682;0.990631 -0.0451307 0.128897 0.394884 0.0487104 0.998506 -0.0247542 -0.620958 -0.127587 0.0308009 0.991349 0.384431 0 0 0 1 
26875431820220;0.346183;0.339675;0.995667 0.0883028 0.0291609 -0.142195 -0.0893037 0.995389 0.0350191 0.250043 -0.0259341 -0.0374715 0.998961 0.233614 0 0 0 1 
26875431820221;0.22686;0.0135322;0.999967 0.00123977 0.00798203 0.410336 -0.00120865 0.999992 -0.00390135 -0.0141843 -0.0079868 0.00389158 0.999961 -0.257816 0 0 0 1 
26875431820222;0.271182;0.244635;0.995561 0.0574971 0.0745093 -0.12933 -0.0571338 0.998342 -0.0069999 0.0891529 -0.0747882 0.00271183 0.997196 0.238243 0 0 0 1 
26875431820223;0.173034;0.0187748;0.999924 0.00278443 0.0120468 -0.195076 -0.00278122 0.999996 -0.00028315 -0.168283 -0.0120475 0.000249624 0.999927 -0.236548 0 0 0 1 
26875431820224;0.421446;0.0232971;0.995211 0.0571047 0.0793365 -0.715134 -0.0618144 0.996387 0.0582327 -0.342728 -0.0757245 -0.062858 0.995146 0.613799 0 0 0 1 
26875431820225;0.149136;0.0230387;0.982842 0.184448 -0.000332276 -0.154888 -0.184079 0.980985 0.0615134 0.781339 0.011672 -0.0603968 0.998106 -0.0449589 0 0 0 1 
26875431820226;0.0692592;0.0232461;0.999639 -0.0240207 0.0120283 0.134881 0.0241736 0.999627 -0.0127384 -0.108878 -0.0117178 0.0130245 0.999847 -0.0351349 0 0 0 1 
26875431820227;0.394953;0.249697;0.989391 0.12882 0.0671587 -0.385562 -0.134222 0.987443 0.0833134 0.160703 -0.055583 -0.0914437 0.994258 -0.154451 0 0 0 1 
26875431820228;0.385763;0.0316641;0.999813 -0.0177451 0.00772728 -0.267739 0.0184719 0.994061 -0.107244 0.658859 -0.00577834 0.107366 0.994203 0.146346 0 0 0 1 
26875431820229;0.236316;0.0270931;0.979307 -0.0942302 0.179107 0.150032 0.0931032 0.995548 0.0147069 -0.136141 -0.179695 0.0022729 0.98372 0.80929 0 0 0 1 
26875431820230;0.353557;0.268553;0.975642 0.210746 0.0609049 -0.352074 -0.209094 0.977359 -0.0324023 0.793366 -0.0663546 0.0188781 0.997618 0.129876 0 0 0 1 
26875431820231;0.448584;0.0256498;0.999144 0.0142531 0.0388342 -0.260025 -0.0125673 0.998983 -0.0433124 0.297891 -0.039412 0.0427872 0.998307 -0.755254 0 0 0 1 
26875431820232;0.290281;0.030291;0.963922 -0.189078 0.187361 0.539233 0.127459 0.945792 0.298715 -0.632688 -0.233685 -0.264057 0.93577 1.27154 0 0 0 1 
26875431820233;0.217224;0.0220573;0.996426 -0.0731561 -0.0422202 0.560073 0.0724946 0.997224 -0.0169931 -0.31246 0.0433462 0.0138717 0.998964 -0.30257 0 0 0 1 
26875431820234;0.288361;0.0223249;0.986748 -0.154135 -0.0507081 0.312448 0.15776 0.984423 0.0776033 -1.32443 0.0379568 -0.0845746 0.995694 -0.328159 0 0 0 1 
26875431820235;0.189456;0.0297503;0.979474 -0.144207 -0.140839 0.494735 0.147608 0.988948 0.0139523 -0.767562 0.137271 -0.0344548 0.989934 -0.670698 0 0 0 1 
26875431820236;0.315102;0.0297069;0.932909 0.24474 0.264165 -0.153234 -0.221068 0.96829 -0.116379 1.31128 -0.284271 0.050173 0.95743 1.50416 0 0 0 1 
26875431820237;0.012092;0.0162839;0.999953 -0.000309862 0.00970476 0.00239877 0.000364841 0.999984 -0.00566396 -0.0413336 -0.00970285 0.00566723 0.999937 0.0416139 0 0 0 1 
26875431820238;0.26454;0.0217999;0.953846 -0.273504 0.123987 0.504499 0.263731 0.960418 0.0896846 -1.41736 -0.143608 -0.0528461 0.988223 0.93506 0 0 0 1 
26875431820239;0.246987;0.0201446;0.999158 0.033949 0.023036 -0.291784 -0.0359494 0.995031 0.0928472 -0.313682 -0.0197694 -0.0935972 0.995414 0.161604 0 0 0 1 
26875431820240;0.363487;0.0245158;0.905454 0.406275 -0.122857 -0.121777 -0.381314 0.905754 0.184958 1.86002 0.186422 -0.120623 0.975037 -0.91476 0 0 0 1 
26875431820241;0.468508;0.0288091;0.89182 -0.452219 0.012474 0.657486 0.452255 0.891889 -1.14095e-05 -2.25566 -0.0111203 0.00565162 0.999922 0.424402 0 0 0 1 
26875431820242;0.496458;0.0256987;0.964575 -0.207372 -0.163072 0.883236 0.255852 0.886028 0.386645 -1.99353 0.0643073 -0.41467 0.907697 -0.0253305 0 0 0 1 
26875431820243;0.419239;0.0367095;0.904861 0.264946 0.333212 -0.400935 -0.217341 0.960543 -0.173551 1.31638 -0.366047 0.0846186 0.926741 1.43133 0 0 0 1 
26875431820244;0.327061;0.0316979;0.999918 0.00340006 0.0123062 -0.511452 -0.00199659 0.993671 -0.11231 0.488203 -0.0126102 0.112276 0.993597 0.00596049 0 0 0 1 
26875431820245;0.440644;0.0304065;0.910781 0.0556111 0.409128 -0.392765 -0.103099 0.990131 0.0949288 0.223129 -0.399811 -0.12864 0.907526 1.9188 0 0 0 1 
26875431820246;0.33651;0.025347;0.987916 -0.0550263 0.144893 -0.095385 0.0429197 0.995422 0.0853959 -0.649484 -0.148929 -0.0781452 0.985755 0.23108 0 0 0 1 
26875431820248;0.482971;0.0296117;0.940369 -0.0870747 -0.328822 0.825582 0.119626 0.989586 0.0800571 -0.407284 0.318426 -0.114619 0.940993 -2.28651 0 0 0 1 
26875431820249;0.481186;0.0276089;0.971274 -0.194999 -0.136387 0.363209 0.184196 0.97895 -0.0879094 -0.735456 0.150659 0.0602622 0.986747 0.339168 0 0 0 1 
26875431820250;0.362957;0.0282885;0.965886 0.224062 0.129848 0.150375 -0.208067 0.969963 -0.126017 1.52539 -0.154183 0.0947007 0.983493 0.516776 0 0 0 1 
26875431820251;0.294996;0.0253043;0.995607 0.0932401 -0.00855141 0.624286 -0.0925527 0.993847 0.0608428 0.0951639 0.0141718 -0.059784 0.998111 -0.270954 0 0 0 1 
26875431820252;0.28587;0.0226271;0.999634 -0.0266748 0.00456653 0.314323 0.0266702 0.999644 0.00106728 -0.635582 -0.00459337 -0.000945099 0.999989 0.279424 0 0 0 1 
26875431820253;0.612372;0.0214857;0.960854 0.0856322 -0.263489 1.14034 -0.0235162 0.972811 0.230402 -0.961529 0.276055 -0.215186 0.936744 -1.08832 0 0 0 1 
26875431820254;0.431445;0.37236;0.9992 0.0336978 0.0215413 -0.0354479 -0.0325568 0.998153 -0.0512883 0.195092 -0.0232298 0.050546 0.998452 -0.00257307 0 0 0 1 
26875431820255;0.351175;0.0280805;0.999449 -0.0299112 0.0144143 -0.273374 0.0297543 0.999497 0.0109775 -0.0450388 -0.0147354 -0.0105425 0.999836 0.841618 0 0 0 1 
26875431820256;0.151421;0.0297095;0.982573 0.185874 0.00092733 0.14744 -0.185854 0.982521 -0.0105231 0.856365 -0.0028671 0.0101674 0.999944 0.0558899 0 0 0 1 
26875431820257;0.412483;0.0266398;0.986851 -0.154047 -0.0489346 -0.113587 0.158423 0.981895 0.103849 -1.63619 0.0320509 -0.110236 0.993389 -0.290008 0 0 0 1 
