#;prob_registration_l1 -r /home/probabilistic_point_clouds_registration/build/tester /home/point_clouds_registration_benchmark//devel/registration_pairs/wood_summer_local.txt /home/point_clouds_registration_benchmark//eth/wood_summer -s 0.2 -t 0.2 -p 0.3 -r 1000 -m 15 -i 40 
id;initial_error;final_error;transformation
2318808360000;0.0774618;0.029244;0.998151 0.0399931 0.0457716 -0.47144 -0.0399554 0.9992 -0.0017383 0.424799 -0.0458045 -9.37415e-05 0.99895 0.343733 0 0 0 1 
2318808360001;0.306883;0.029095;0.997646 0.0667196 -0.0158112 -0.124264 -0.06696 0.99764 -0.0151981 0.578385 0.0147599 0.016221 0.999759 -0.426603 0 0 0 1 
2318808360002;0.495258;0.0398004;0.917309 -0.383469 -0.107215 4.74477 0.38213 0.923498 -0.0335874 -1.80048 0.111893 -0.0101601 0.993668 -0.180492 0 0 0 1 
2318808360003;0.524546;0.040948;0.913801 -0.403329 -0.0478861 4.34904 0.405804 0.901679 0.149324 -2.68852 -0.0170486 -0.155884 0.987628 1.32735 0 0 0 1 
2318808360004;0.20511;0.036767;0.99762 -0.062778 0.0285154 0.562232 0.0627526 0.998028 0.0017869 -0.50753 -0.0285713 6.77171e-06 0.999592 -0.182071 0 0 0 1 
2318808360005;0.440296;0.260831;0.995836 -0.0406036 -0.0816185 0.545168 0.0521874 0.988022 0.145224 -0.684201 0.0747443 -0.148878 0.986027 0.437513 0 0 0 1 
2318808360006;0.169359;0.0345608;0.996406 -0.0806648 0.0258531 0.951817 0.0811803 0.996508 -0.0195521 -0.415622 -0.0241856 0.0215805 0.999475 0.0951912 0 0 0 1 
2318808360007;0.299345;0.0299837;0.927733 -0.367903 0.0629213 4.27188 0.366785 0.929857 0.0289018 -2.26713 -0.0691408 -0.00373462 0.9976 0.50063 0 0 0 1 
2318808360008;0.34518;0.0205327;0.928611 0.271941 0.252448 -2.42157 -0.303531 0.948047 0.0952668 2.91113 -0.213425 -0.165092 0.962909 3.77307 0 0 0 1 
2318808360009;0.553788;0.366714;0.977816 0.150318 0.14588 -1.60432 -0.149257 0.98863 -0.0182534 0.811293 -0.146965 -0.0039252 0.989134 1.45137 0 0 0 1 
2318808360010;0.296129;0.0189913;0.992109 -0.125377 0.00106983 1.21519 0.125243 0.99138 0.0384752 -1.23901 -0.00588452 -0.0380376 0.999259 -0.00342336 0 0 0 1 
2318808360011;0.267088;0.0242353;0.97433 -0.189431 0.121641 2.13027 0.176141 0.97796 0.112106 -1.28233 -0.140197 -0.0878023 0.986223 2.35339 0 0 0 1 
2318808360012;0.117207;0.0282772;0.996877 -0.0067876 -0.0786789 0.0862879 0.0105338 0.998825 0.0472965 -0.221841 0.0782654 -0.0479776 0.995777 -0.271328 0 0 0 1 
2318808360013;0.297157;0.0220088;0.996624 -0.052205 0.0633662 -0.010157 0.0544273 0.997943 -0.0338656 -0.624013 -0.0614679 0.0372001 0.997416 -0.029224 0 0 0 1 
2318808360014;0.320442;0.025227;0.999981 0.00207256 0.00587316 -0.00490954 -0.00207374 0.999998 0.000195401 0.0381045 -0.00587274 -0.000207576 0.999983 -0.603216 0 0 0 1 
2318808360015;0.329054;0.0270626;0.963471 0.237856 -0.123078 -2.09617 -0.250354 0.963132 -0.0984867 2.44138 0.0951143 0.125702 0.987498 -2.49892 0 0 0 1 
2318808360016;0.335073;0.0256066;0.999398 0.0343633 0.00483337 -0.292556 -0.0343829 0.999401 0.00402906 -0.0598223 -0.00469202 -0.00419282 0.99998 -0.50178 0 0 0 1 
2318808360017;0.483715;0.0252332;0.972881 0.226496 -0.0469285 -2.52852 -0.226669 0.97397 0.00167432 1.78934 0.0460862 0.00900834 0.998897 0.237842 0 0 0 1 
2318808360018;0.313611;0.0300993;0.911636 -0.399551 -0.0963302 4.86591 0.390569 0.915165 -0.0996454 -2.07252 0.127971 0.0532168 0.990349 -1.52301 0 0 0 1 
2318808360019;0.502137;0.408734;0.999577 0.025204 0.0145442 -0.231992 -0.0246795 0.999076 -0.0351816 0.010995 -0.0154175 0.0348078 0.999275 -0.402149 0 0 0 1 
2318808360020;0.421809;0.0330948;0.964876 0.0242832 0.261581 -0.601646 -0.00143336 0.996191 -0.0871919 0.254949 -0.262701 0.0837544 0.961235 0.547096 0 0 0 1 
2318808360021;0.393879;0.0299545;0.910323 -0.298565 -0.286654 4.28763 0.203948 0.926226 -0.317035 -0.810422 0.360162 0.230142 0.904056 -5.07984 0 0 0 1 
2318808360022;0.404256;0.0300624;0.995244 0.0349519 -0.0909324 -0.30203 -0.0411456 0.996894 -0.067155 1.11477 0.0883027 0.0705771 0.99359 -1.75646 0 0 0 1 
2318808360023;0.175152;0.0225281;0.978612 -0.193105 0.0709123 1.98857 0.196588 0.979412 -0.0458921 -1.28139 -0.0605903 0.058851 0.996426 -0.106865 0 0 0 1 
2318808360024;0.438639;0.0228897;0.993454 0.00794209 -0.113956 -0.792341 -0.0202335 0.994041 -0.107114 0.375337 0.112426 0.108718 0.987695 -2.06964 0 0 0 1 
2318808360025;0.493149;0.0247835;0.984872 -0.173071 -0.00854615 1.74271 0.172739 0.984493 -0.0305789 -0.683711 0.0137059 0.0286401 0.999496 0.332111 0 0 0 1 
2318808360026;0.26214;0.0423507;0.982448 0.0147467 -0.185952 -0.196454 -0.00278015 0.997917 0.0644503 -0.0718058 0.186515 -0.0628021 0.980443 -0.491934 0 0 0 1 
2318808360027;0.301824;0.0238988;0.970389 0.24147 -0.00610527 -2.27085 -0.234184 0.934315 -0.268725 2.98433 -0.0591846 0.262197 0.963198 -2.19007 0 0 0 1 
2318808360028;0.111442;0.0374056;0.999085 -0.0321597 -0.0282067 0.323042 0.035573 0.990836 0.130304 -0.399587 0.0237577 -0.131188 0.991073 1.145 0 0 0 1 
2318808360029;0.556383;0.0198527;0.99437 -0.0598995 -0.0874041 0.139314 0.0879423 0.926677 0.365427 -0.44563 0.0591065 -0.371056 0.926727 4.1679 0 0 0 1 
2318808360031;0.47988;0.25196;0.984296 0.147298 -0.0972882 -0.705092 -0.147432 0.989055 0.00585209 1.64142 0.0970854 0.00858316 0.995239 -1.18041 0 0 0 1 
2318808360032;0.536016;0.00870785;0.930217 0.0479955 -0.363858 0.685579 -0.151736 0.953007 -0.26221 2.75758 0.334174 0.299123 0.893786 -6.03538 0 0 0 1 
2318808360033;0.38485;0.00749323;0.988264 0.147817 0.0385193 -1.36691 -0.147431 0.988991 -0.0126807 1.22585 -0.0399696 0.00685298 0.999177 -0.425888 0 0 0 1 
2318808360034;0.495664;0.312571;0.966324 0.251497 0.0544766 -2.33839 -0.249697 0.967587 -0.0377656 3.11931 -0.0622088 0.0228912 0.997801 -0.279206 0 0 0 1 
2318808360035;0.329409;0.0117843;0.9935 0.104739 -0.0445837 -0.820043 -0.105095 0.994446 -0.00569445 1.1036 0.0437396 0.0103429 0.998989 -1.01726 0 0 0 1 
2318808360036;0.430313;0.246446;0.980367 0.057717 -0.188546 0.23691 -0.0602838 0.99815 -0.00790261 0.494946 0.187741 0.0191137 0.982033 -1.65344 0 0 0 1 
2318808360037;0.120765;0.0142134;0.994201 0.013105 -0.106739 0.0126119 -0.0259392 0.992465 -0.119755 0.477762 0.104365 0.121829 0.987049 -2.1279 0 0 0 1 
2318808360038;0.516165;0.00909675;0.976493 -0.183927 0.112396 1.80474 0.181748 0.982905 0.0294295 -1.98814 -0.115887 -0.00831008 0.993228 1.72661 0 0 0 1 
2318808360039;0.413132;0.0126647;0.97265 -0.128798 0.193298 1.10566 0.122856 0.991515 0.0424667 -0.577066 -0.197127 -0.0175573 0.980221 2.27939 0 0 0 1 
2318808360040;0.306491;0.009271;0.989554 0.117126 -0.0840488 -0.80709 -0.103218 0.982646 0.15412 0.853878 0.100642 -0.143835 0.984471 0.331499 0 0 0 1 
2318808360041;0.475776;0.0154968;0.875165 -0.483778 -0.00663279 6.43647 0.483001 0.874394 -0.0463073 -2.61675 0.0282021 0.0373229 0.998905 -0.159995 0 0 0 1 
2318808360042;0.392346;0.0130239;0.994362 0.0463139 0.0953914 -0.59354 -0.0459444 0.998926 -0.00606721 0.405792 -0.0955699 0.0016503 0.995421 1.53028 0 0 0 1 
2318808360043;0.212163;0.0109896;0.99195 0.0629098 -0.1099 -0.458656 -0.034625 0.969541 0.24247 0.269706 0.121806 -0.236712 0.963914 1.64332 0 0 0 1 
2318808360044;0.216595;0.00768665;0.988482 0.117656 -0.0951839 -1.35329 -0.111204 0.991295 0.0704815 0.688731 0.102648 -0.0590849 0.992961 -0.065914 0 0 0 1 
2318808360045;0.469606;0.0104576;0.924092 0.240879 -0.296701 -1.84421 -0.322841 0.907495 -0.268751 4.04665 0.204518 0.344138 0.916374 -4.8797 0 0 0 1 
2318808360046;0.276896;0.0120477;0.999295 0.0181414 0.0328742 -0.00181071 -0.018004 0.999828 -0.00446793 -0.339214 -0.0329496 0.00387291 0.99945 0.0650868 0 0 0 1 
2318808360047;0.219223;0.0172578;0.964118 -0.136433 -0.227732 2.02311 0.131525 0.990635 -0.0366636 -0.812495 0.230601 0.00539553 0.973033 -1.99304 0 0 0 1 
2318808360048;0.2746;0.0165008;0.948549 -0.0247211 0.315663 0.194677 0.0040091 0.997805 0.0660959 -0.0271175 -0.316604 -0.0614297 0.946566 3.30323 0 0 0 1 
2318808360049;0.475244;0.0171313;0.919043 -0.300641 -0.2549 4.5629 0.319345 0.947012 0.0344459 -2.18618 0.231037 -0.113058 0.966354 -1.17335 0 0 0 1 
2318808360050;0.266943;0.0113698;0.953354 -0.301744 -0.00812667 3.72776 0.301778 0.953373 0.00324517 -2.06188 0.00676853 -0.00554625 0.999962 -0.191495 0 0 0 1 
2318808360051;0.316495;0.00841361;0.975538 -0.0590206 0.211759 0.614566 0.0287541 0.989267 0.143259 -0.408741 -0.217941 -0.133666 0.966765 3.79352 0 0 0 1 
2318808360052;0.442125;0.347608;0.961433 0.241261 0.132064 -2.2671 -0.227803 0.967567 -0.109181 2.5025 -0.154121 0.0748856 0.98521 0.668003 0 0 0 1 
2318808360053;0.502153;0.0157315;0.999338 -0.033106 0.0150809 1.04928 0.0309114 0.991316 0.127814 -0.454277 -0.0191814 -0.127263 0.991683 2.23737 0 0 0 1 
2318808360054;0.189299;0.0157645;0.967039 -0.254102 -0.0163727 3.08167 0.251854 0.963987 -0.0854359 -1.63149 0.0374925 0.0784963 0.996209 -1.20008 0 0 0 1 
2318808360055;0.56348;0.0216744;0.953094 0.138174 -0.269293 -0.169259 -0.170043 0.980477 -0.0987424 2.36452 0.250392 0.139902 0.957983 -3.54772 0 0 0 1 
2318808360056;0.0419399;0.00981422;0.99875 0.0473972 -0.0158438 -0.475294 -0.0473226 0.998867 0.00505208 0.369067 0.0160653 -0.004296 0.999862 -0.0790683 0 0 0 1 
2318808360057;0.467263;0.00688908;0.99764 -0.0685953 -0.00313233 0.904381 0.068475 0.997225 -0.0292225 -1.28524 0.00512817 0.0289391 0.999568 -0.851032 0 0 0 1 
2318808360058;0.291617;0.021823;0.999948 0.00500167 0.00887001 -0.0204186 -0.00616711 0.9906 0.136655 0.482248 -0.00810312 -0.136703 0.990579 1.8023 0 0 0 1 
2318808360059;0.25976;0.00926249;0.976803 0.0248312 -0.212694 0.375342 -0.0410811 0.996535 -0.0723243 0.47928 0.210161 0.0793843 0.974439 -2.30716 0 0 0 1 
2318808360060;0.11731;0.00664475;0.991472 0.0998957 0.0836902 -1.15492 -0.0955164 0.993918 -0.0548016 0.951287 -0.0886556 0.0463404 0.994984 0.241503 0 0 0 1 
2318808360062;0.468711;0.0186884;0.913592 0.400903 -0.0680249 -1.01713 -0.360631 0.87611 0.319963 2.12434 0.187871 -0.267784 0.944985 0.261604 0 0 0 1 
2318808360063;0.468392;0.00957706;0.992763 -0.118738 0.0179662 -0.431913 0.116092 0.987197 0.10938 -1.13899 -0.0307237 -0.106503 0.993838 -0.0153124 0 0 0 1 
2318808360064;0.317402;0.0142951;0.946785 0.321836 0.00444124 -0.521168 -0.321799 0.946779 -0.0073691 1.99073 -0.00657651 0.00554777 0.999963 -0.360902 0 0 0 1 
2318808360065;0.263432;0.0162791;0.973645 -0.215677 0.0741529 0.754556 0.20721 0.972375 0.107478 -1.52659 -0.0952849 -0.0892804 0.991438 1.05455 0 0 0 1 
2318808360066;0.238324;0.0186985;0.999439 -0.0334438 0.00201428 -0.354021 0.0334038 0.999291 0.0173674 -0.435418 -0.00259368 -0.0172904 0.999847 0.162953 0 0 0 1 
2318808360067;0.429905;0.0117366;0.993313 0.0960396 -0.0640704 0.73568 -0.0921038 0.99383 0.0617931 0.576179 0.0696097 -0.0554787 0.99603 -0.526892 0 0 0 1 
2318808360068;0.55967;0.307761;0.974117 -0.0982374 -0.203581 0.784995 0.116086 0.9902 0.0776446 -0.970911 0.193958 -0.0992679 0.975974 -1.11834 0 0 0 1 
2318808360069;0.324897;0.0119652;0.997468 0.0653285 0.0281166 0.194938 -0.0657983 0.997703 0.0161224 0.103003 -0.0269988 -0.0179316 0.999475 -0.373879 0 0 0 1 
2318808360070;0.327797;0.0163858;0.995881 0.058177 0.0695426 0.498148 -0.0544461 0.997034 -0.0543915 0.299588 -0.0725007 0.0503812 0.996095 0.0668224 0 0 0 1 
2318808360071;0.127608;0.0114063;0.989384 0.121823 0.0792382 -0.427572 -0.122337 0.992487 0.00164666 0.751643 -0.0784423 -0.0113229 0.996854 0.442782 0 0 0 1 
2318808360072;0.27755;0.0138451;0.963191 -0.262007 -0.0601242 0.728263 0.26193 0.965042 -0.00929527 -1.15982 0.0604578 -0.0067952 0.998148 -0.526028 0 0 0 1 
2318808360073;0.377754;0.0170563;0.992746 -0.0630819 0.102348 0.0105987 0.0791898 0.983631 -0.161859 0.0360259 -0.0904627 0.16879 0.981492 -0.685116 0 0 0 1 
2318808360074;0.367604;0.302911;0.97968 -0.200554 0.00221982 0.851397 0.200566 0.979594 -0.0130249 -1.50669 0.00043766 0.0132054 0.999913 0.0814816 0 0 0 1 
2318808360075;0.223733;0.0180381;0.96496 -0.0143421 0.262004 0.0750464 0.0115145 0.999858 0.0123243 -0.264002 -0.262144 -0.00887559 0.964988 1.61474 0 0 0 1 
2318808360076;0.344651;0.0182479;0.993216 -0.115374 -0.014511 0.850865 0.115485 0.964085 0.239173 -0.845403 -0.0136046 -0.239226 0.970869 1.23918 0 0 0 1 
2318808360077;0.167206;0.0147535;0.995142 0.0272088 0.0946186 -0.00605591 -0.0301278 0.999109 0.0295598 0.426429 -0.09373 -0.0322669 0.995075 0.528679 0 0 0 1 
2318808360078;0.455663;0.29561;0.99478 0.0979571 0.0286006 -0.462032 -0.0988724 0.994567 0.0325636 0.305513 -0.0252554 -0.0352214 0.99906 -0.386314 0 0 0 1 
2318808360079;0.349782;0.0214954;0.990805 0.078992 0.109847 -0.200125 -0.0946593 0.984799 0.145635 0.473701 -0.0966732 -0.154694 0.983221 1.72067 0 0 0 1 
2318808360080;0.31557;0.187442;0.994509 0.0348355 -0.0986797 -0.0339833 -0.0202379 0.98919 0.145239 -0.10329 0.102672 -0.142444 0.984463 -0.137331 0 0 0 1 
2318808360081;0.265138;0.0089333;0.993909 0.0761966 -0.0796137 -0.0815452 -0.0935061 0.965417 -0.243364 1.1529 0.0583169 0.249326 0.966662 -0.78847 0 0 0 1 
2318808360082;0.291619;0.0193725;0.979849 0.127728 -0.153561 0.0363327 -0.169387 0.938786 -0.299982 1.61665 0.105845 0.319948 0.941504 -1.49791 0 0 0 1 
2318808360083;0.406111;0.0177907;0.989415 -0.144528 0.0130023 -0.00449829 0.143091 0.986617 0.0781731 -0.939141 -0.0241264 -0.0754851 0.996855 -0.396873 0 0 0 1 
2318808360084;0.25521;0.024215;0.999422 0.0313557 -0.0131321 0.12331 -0.0339267 0.944398 -0.327049 0.804223 0.00214704 0.327306 0.944916 -0.929203 0 0 0 1 
2318808360085;0.097134;0.0159686;0.999287 -0.0131898 0.035389 -0.0364252 0.0122275 0.999553 0.0272713 -0.0416366 -0.0357329 -0.0268191 0.999001 0.459858 0 0 0 1 
2318808360086;0.630308;0.519884;0.99801 0.0286769 -0.056163 0.0430312 -0.0231377 0.995025 0.096906 -0.126588 0.0586625 -0.0954137 0.993708 -0.176974 0 0 0 1 
2318808360087;0.164964;0.0143425;0.988892 0.144301 0.035623 -0.337119 -0.139975 0.984751 -0.10331 1.07365 -0.0499874 0.0971758 0.994011 0.000445115 0 0 0 1 
2318808360088;0.426784;0.0209535;0.921662 0.207473 0.327863 -0.27805 -0.139395 0.965666 -0.21922 1.07606 -0.362088 0.156344 0.918939 2.21878 0 0 0 1 
2318808360089;0.0156956;0.0132929;0.999858 -0.0147459 -0.00813161 0.0794794 0.0148924 0.999722 0.0182598 -0.115186 0.00786009 -0.0183783 0.9998 0.00631741 0 0 0 1 
2318808360090;0.105965;0.0158204;0.999845 0.00895189 -0.0151836 -0.156213 -0.0090607 0.999934 -0.00711276 0.191229 0.015119 0.00724923 0.999859 -0.0359141 0 0 0 1 
2318808360091;0.471367;0.0152058;0.942402 -0.088376 -0.322595 0.902089 0.0129058 0.973352 -0.228951 0.885182 0.334232 0.211601 0.91843 -2.8046 0 0 0 1 
2318808360093;0.358587;0.0085359;0.99439 0.0939907 0.0485142 -0.142807 -0.0947748 0.995399 0.0141199 0.945022 -0.0469638 -0.0186386 0.998723 -0.489612 0 0 0 1 
2318808360094;0.104341;0.00901449;0.99702 0.0767906 0.00736068 0.111382 -0.0765278 0.996584 -0.031043 0.30338 -0.00971935 0.0303872 0.999491 0.153421 0 0 0 1 
2318808360095;0.369651;0.015481;0.955396 -0.295289 -0.00470565 0.455353 0.295057 0.955083 -0.0275429 -1.27396 0.0126274 0.0249259 0.99961 -0.709245 0 0 0 1 
2318808360096;0.316121;0.00757865;0.999507 0.0313207 -0.00222342 0.700851 -0.0312941 0.999448 0.0111306 0.299665 0.00257081 -0.0110555 0.999936 0.372768 0 0 0 1 
2318808360097;0.369151;0.00688935;0.910988 0.290095 0.293166 0.133587 -0.279199 0.95695 -0.0793403 1.15058 -0.303561 -0.00957355 0.952764 1.11521 0 0 0 1 
2318808360098;0.287285;0.00993995;0.952596 -0.30373 0.0175709 0.128586 0.302688 0.951983 0.0459162 -1.582 -0.0306734 -0.0384211 0.998791 -0.119339 0 0 0 1 
2318808360099;0.367143;0.014432;0.931217 -0.364093 0.0164647 0.532685 0.364228 0.931291 -0.00600082 -2.3158 -0.0131486 0.011585 0.999846 -0.186066 0 0 0 1 
2318808360100;0.403666;0.0138622;0.989572 -0.1381 -0.0409272 0.975032 0.141255 0.986035 0.0882129 -0.676818 0.0281734 -0.0930742 0.99526 -0.526843 0 0 0 1 
2318808360101;0.302239;0.00707163;0.943764 -0.163668 0.287267 -0.198085 0.175709 0.984305 -0.0164605 -0.916979 -0.280064 0.0660102 0.957709 1.44876 0 0 0 1 
2318808360102;0.281834;0.0117598;0.988115 0.152804 -0.0167091 0.162077 -0.142747 0.952499 0.269015 0.154748 0.0570218 -0.263432 0.962991 -0.337488 0 0 0 1 
2318808360103;0.378578;0.00653543;0.932443 0.196181 -0.303419 0.784693 -0.112326 0.955539 0.272631 0.144831 0.343414 -0.220131 0.913022 -1.51474 0 0 0 1 
2318808360104;0.557659;0.290535;0.991622 -0.122148 0.0420135 -0.518165 0.124188 0.991 -0.0499675 -0.374287 -0.035532 0.0547664 0.997867 -0.500068 0 0 0 1 
2318808360105;0.460355;0.255527;0.987184 -0.153616 0.0432439 -0.0873819 0.152399 0.987858 0.0301939 -0.890441 -0.0473571 -0.0232166 0.998608 -0.329616 0 0 0 1 
2318808360106;0.53681;0.0158953;0.924021 -0.0753038 -0.374852 1.43536 0.0695292 0.99716 -0.0289276 0.426607 0.375966 0.000666548 0.926633 -1.52235 0 0 0 1 
2318808360107;0.116161;0.00735272;0.993656 -0.0152576 0.111423 -0.0440879 0.0255878 0.995441 -0.0918793 -0.0481886 -0.109513 0.0941475 0.989517 0.660912 0 0 0 1 
2318808360108;0.426496;0.00780528;0.972704 0.232041 0.00170203 0.760843 -0.231852 0.972162 -0.0338474 1.183 -0.00950864 0.0325289 0.999426 -0.60829 0 0 0 1 
2318808360109;0.361092;0.00922626;0.990065 0.139198 0.0198811 -0.819619 -0.138269 0.989492 -0.042282 1.0728 -0.0255578 0.039113 0.998908 -0.0687729 0 0 0 1 
2318808360110;0.188673;0.0164925;0.990546 -0.0311817 -0.133594 0.452075 0.0199248 0.9962 -0.084785 0.186731 0.13573 0.0813216 0.987403 -0.77898 0 0 0 1 
2318808360111;0.302097;0.0110518;0.977389 0.179624 -0.111561 -0.36423 -0.14707 0.956571 0.25168 0.614548 0.151924 -0.229582 0.961359 -0.584118 0 0 0 1 
2318808360112;0.226828;0.0155345;0.961338 -0.257725 -0.0969893 0.517405 0.261122 0.965009 0.0239228 -1.28414 0.0874301 -0.0483239 0.994998 -0.368332 0 0 0 1 
2318808360113;0.311079;0.232148;0.992316 -0.0695629 -0.102321 0.128171 0.0642811 0.996467 -0.0540454 -0.246552 0.105719 0.0470528 0.993282 -0.399183 0 0 0 1 
2318808360114;0.267587;0.0101048;0.990507 -0.0459768 0.129546 -0.0349421 0.0451529 0.998937 0.00929071 0.0968901 -0.129835 -0.00335313 0.99153 1.22017 0 0 0 1 
2318808360115;0.283003;0.00917462;0.994804 -0.101807 -0.000854976 -0.0453961 0.0977713 0.952964 0.28688 -0.898635 -0.0283915 -0.285473 0.957966 0.717249 0 0 0 1 
2318808360116;0.15967;0.0133991;0.999936 0.00610934 0.00948204 0.207597 -0.00610445 0.999981 -0.000544625 0.0486014 -0.00948519 0.000486708 0.999955 -0.275696 0 0 0 1 
2318808360117;0.274094;0.0110536;0.966266 0.16619 -0.196751 0.587003 -0.199999 0.965515 -0.166676 1.245 0.162266 0.200404 0.966182 -0.950758 0 0 0 1 
2318808360118;0.309171;0.0112693;0.995996 -0.0579098 0.068106 0.215877 0.0650112 0.992115 -0.107152 -0.0247138 -0.0613638 0.111151 0.991907 0.971526 0 0 0 1 
2318808360119;0.136528;0.0111793;0.999728 0.00426069 -0.0229353 0.00212932 -0.000113511 0.984056 0.17786 -0.203214 0.0233274 -0.177809 0.983788 0.144323 0 0 0 1 
2318808360120;0.394337;0.0173149;0.964837 -0.262783 0.00589255 0.371008 0.262845 0.964705 -0.0160613 -1.25566 -0.00146394 0.0170454 0.999854 -0.786974 0 0 0 1 
2318808360121;0.407083;0.287463;0.990906 -0.118429 0.0638787 -0.196454 0.11881 0.992915 -0.00218542 -0.687268 -0.0631673 0.00975499 0.997955 -0.0864865 0 0 0 1 
2318808360122;0.325576;0.0175871;0.96282 0.0223362 -0.269218 0.873759 -0.00842017 0.998573 0.0527351 -0.0458959 0.270012 -0.0485076 0.961634 -0.972791 0 0 0 1 
2318808360124;0.330187;0.0350915;0.952164 -0.161045 0.259707 1.58873 0.112704 0.975019 0.191406 -1.09044 -0.284044 -0.15298 0.946529 3.42943 0 0 0 1 
2318808360125;0.152771;0.02547;0.988807 -0.149196 0.000901499 1.50366 0.149166 0.9887 0.0148941 -1.20345 -0.00311344 -0.0145929 0.999889 0.266552 0 0 0 1 
2318808360126;0.0910746;0.0196883;0.998264 0.00636215 -0.0585528 -0.132583 -0.00804456 0.99956 -0.0285425 0.182583 0.0583455 0.028964 0.997876 -0.762878 0 0 0 1 
2318808360127;0.146509;0.0293103;0.992089 -0.112389 0.055928 1.05351 0.109957 0.992925 0.0448226 -0.821758 -0.0605699 -0.0383183 0.997428 1.03216 0 0 0 1 
2318808360128;0.288596;0.0331043;0.941914 0.130141 -0.309616 -0.4674 -0.155816 0.985988 -0.0595809 1.4043 0.297523 0.104363 0.948993 -3.26692 0 0 0 1 
2318808360129;0.489639;0.0338294;0.980327 -0.134243 -0.144701 2.07666 0.0666737 0.915229 -0.39738 1.18072 0.18578 0.379915 0.906174 -5.2485 0 0 0 1 
2318808360130;0.532869;0.0314834;0.944697 -0.0545996 0.323367 0.0722534 -0.0681169 0.931869 0.356342 1.14786 -0.320792 -0.358662 0.876615 6.66642 0 0 0 1 
2318808360131;0.255773;0.0238674;0.998207 -0.016329 0.0575904 -0.0447979 0.0106972 0.995249 0.0967767 -0.204211 -0.058897 -0.0959871 0.993639 0.90982 0 0 0 1 
2318808360132;0.368015;0.337759;0.991658 0.089644 0.0926237 -1.25537 -0.0795156 0.990989 -0.107791 0.728359 -0.101452 0.0995263 0.98985 -0.175779 0 0 0 1 
2318808360133;0.203483;0.0319638;0.987398 0.131175 -0.0885374 -1.10352 -0.114946 0.978975 0.168511 0.794562 0.10878 -0.15621 0.981715 0.587671 0 0 0 1 
2318808360134;0.215895;0.028344;0.997593 -0.0198056 -0.0664473 0.560135 0.0173885 0.999173 -0.0367587 -0.221601 0.0671204 0.0355148 0.997113 -0.685871 0 0 0 1 
2318808360135;0.357096;0.0332357;0.957174 0.0921045 -0.27447 -0.132333 -0.0979018 0.995168 -0.00746756 1.09696 0.272456 0.0340189 0.961567 -2.12559 0 0 0 1 
2318808360136;0.39267;0.0263041;0.990223 -0.0920151 0.104842 0.879276 0.105774 0.98528 -0.134292 -0.0812355 -0.0909416 0.144069 0.98538 -0.206915 0 0 0 1 
2318808360137;0.205186;0.0254025;0.982078 -0.0161759 -0.187779 0.659127 0.0223374 0.999278 0.0307432 -0.226816 0.187146 -0.0343867 0.98173 -1.12547 0 0 0 1 
2318808360138;0.524941;0.0264146;0.984697 -0.166047 0.0529118 1.37325 0.16576 0.986117 0.00979538 -1.38423 -0.0538037 -0.000874837 0.998551 -0.529162 0 0 0 1 
2318808360139;0.224459;0.0339711;0.991682 0.122168 -0.0405069 -1.18558 -0.128218 0.965143 -0.228164 1.72661 0.0112206 0.23146 0.97278 -2.34287 0 0 0 1 
2318808360140;0.242736;0.0207509;0.99213 0.0627061 0.108383 -0.767578 -0.0528365 0.994388 -0.0916527 0.704552 -0.113522 0.0852048 0.989875 -0.351937 0 0 0 1 
2318808360141;0.27546;0.0208971;0.966862 0.242989 0.0783236 -2.04968 -0.239127 0.969398 -0.0555421 2.27566 -0.0894229 0.0349723 0.99538 0.0738484 0 0 0 1 
2318808360142;0.19755;0.0336065;0.99354 -0.100369 0.052953 0.861546 0.100052 0.994945 0.00861011 -0.590229 -0.0535495 -0.00325643 0.99856 0.136549 0 0 0 1 
2318808360143;0.359468;0.0349473;0.972596 -0.0753627 -0.21995 1.06564 0.0802927 0.996679 0.013548 -0.666946 0.218199 -0.0308371 0.975417 -0.759027 0 0 0 1 
2318808360144;0.260225;0.0282729;0.982308 -0.180208 0.0509486 1.60632 0.185162 0.975326 -0.120224 -0.95475 -0.0280262 0.127531 0.991439 -1.32459 0 0 0 1 
2318808360145;0.465801;0.0216688;0.908064 -0.231195 0.34924 2.62658 0.248607 0.968591 -0.00520331 -1.57089 -0.337067 0.0915483 0.937019 2.35992 0 0 0 1 
2318808360146;0.208847;0.0292313;0.983899 -0.178668 0.00460655 1.83154 0.174628 0.955521 -0.237666 -0.559184 0.0380617 0.234643 0.971336 -2.70241 0 0 0 1 
2318808360147;0.522631;0.0255429;0.946876 0.257051 0.193262 -2.75308 -0.225668 0.959224 -0.170185 2.49838 -0.229128 0.117531 0.966275 -0.135206 0 0 0 1 
2318808360148;0.348601;0.198934;0.991428 0.067365 0.111948 -0.772649 -0.0737119 0.995841 0.0535537 0.329624 -0.107874 -0.0613466 0.99227 1.73626 0 0 0 1 
2318808360149;0.220362;0.0294251;0.986304 0.16266 -0.0272989 -1.58923 -0.163426 0.986139 -0.0286625 1.4738 0.0222583 0.0327313 0.999216 -0.81333 0 0 0 1 
2318808360150;0.310305;0.0283714;0.99725 0.0643668 0.0367232 -0.99601 -0.0664187 0.996122 0.0576978 0.507847 -0.0328669 -0.0599783 0.997658 0.309515 0 0 0 1 
2318808360151;0.0639999;0.0216445;0.999177 0.023059 -0.0333799 -0.192821 -0.0219012 0.99916 0.0346458 0.121056 0.0341507 -0.0338862 0.998842 0.141808 0 0 0 1 
2318808360152;0.508923;0.0263945;0.97438 0.22482 -0.00625568 -1.30454 -0.224861 0.974367 -0.00688436 2.00718 0.00454758 0.00811465 0.999957 0.441841 0 0 0 1 
2318808360153;0.520442;0.248993;0.996863 0.0773413 0.0167936 -0.970889 -0.077054 0.99688 -0.0171329 0.392499 -0.0180663 0.0157851 0.999712 0.735215 0 0 0 1 
2318808360155;0.242296;0.0248532;0.967611 -0.000974777 0.252445 0.208868 0.0483883 0.982167 -0.181678 -0.0525127 -0.247766 0.188009 0.950402 0.0101668 0 0 0 1 
2318808360156;0.545461;0.0513636;0.959782 -0.240166 0.145392 2.45691 0.223952 0.96726 0.11939 -2.00493 -0.169306 -0.0820273 0.982144 1.17104 0 0 0 1 
2318808360157;0.417219;0.0520459;0.957221 -0.217554 -0.190783 2.52728 0.165496 0.952466 -0.255772 -0.0828757 0.237359 0.213257 0.947725 -3.47719 0 0 0 1 
2318808360158;0.428586;0.0462529;0.901493 0.219261 -0.373143 -0.678829 -0.247073 0.968599 -0.0277626 2.22854 0.355339 0.117222 0.927358 -3.51213 0 0 0 1 
2318808360159;0.360686;0.0301881;0.949253 -0.166269 0.266972 1.79793 0.253369 0.907181 -0.335898 -0.575741 -0.186342 0.386494 0.903271 -2.20707 0 0 0 1 
2318808360160;0.334724;0.045189;0.926172 0.0563983 0.37286 -0.56914 -0.0321178 0.996958 -0.0710189 0.294781 -0.375731 0.0538003 0.925166 2.38584 0 0 0 1 
2318808360161;0.319806;0.272434;0.997764 0.0471561 0.0473634 -0.582421 -0.0479436 0.998728 0.0156302 0.0777046 -0.0465661 -0.017866 0.998755 0.443727 0 0 0 1 
2318808360162;0.00881013;0.0214552;0.99997 -0.00264501 0.00728096 0.0176448 0.00263276 0.999995 0.00169068 -0.0617008 -0.0072854 -0.00167146 0.999972 0.0805553 0 0 0 1 
2318808360163;0.15049;0.0250864;0.995855 0.0908879 0.00344727 -0.904783 -0.0908557 0.995827 -0.00856759 0.485949 -0.00421158 0.00821887 0.999957 0.0918991 0 0 0 1 
2318808360164;0.34564;0.33531;0.998476 0.0383111 0.0397146 -0.514539 -0.0365889 0.998395 -0.0432184 0.243299 -0.0413066 0.0416994 0.998276 -0.0206485 0 0 0 1 
2318808360165;0.629483;0.0254896;0.931168 -0.154411 0.330278 0.864966 0.195214 0.976249 -0.0939607 -1.80272 -0.307925 0.151968 0.939195 0.522972 0 0 0 1 
2318808360166;0.356263;0.0258499;0.99765 0.0593403 -0.0342517 -0.085905 -0.0613392 0.996276 -0.0606022 0.224005 0.0305279 0.0625608 0.997574 -0.344357 0 0 0 1 
2318808360167;0.348773;0.0339999;0.977253 -0.0408284 0.20811 0.207533 0.117771 0.920555 -0.372436 0.368988 -0.176371 0.388473 0.904424 -2.16957 0 0 0 1 
2318808360168;0.491205;0.053225;0.968914 -0.116409 -0.2183 1.08992 0.145888 0.981481 0.124141 -0.770631 0.199806 -0.15213 0.967954 0.714483 0 0 0 1 
2318808360169;0.364685;0.058084;0.999846 -0.0145372 -0.00986695 0.263525 0.0143713 0.999757 -0.0166879 0.239679 0.0101072 0.0165435 0.999812 -0.810606 0 0 0 1 
2318808360170;0.293853;0.0316809;0.999052 0.0222195 0.037443 -0.476279 -0.0221377 0.999752 -0.00259748 0.0373646 -0.0374914 0.00176611 0.999295 -0.289525 0 0 0 1 
2318808360171;0.404455;0.0385631;0.995053 0.0479825 0.0869881 -0.930126 -0.0679063 0.967639 0.243029 -0.0220178 -0.0725119 -0.247734 0.966111 2.63186 0 0 0 1 
2318808360172;0.214721;0.0395334;0.988891 -0.0328941 0.144956 0.245097 0.0189319 0.995137 0.096667 -0.226363 -0.147431 -0.0928488 0.984705 2.33207 0 0 0 1 
2318808360173;0.439959;0.0502782;0.995932 -0.0671401 -0.0600987 1.04786 0.0474327 0.957691 -0.283861 0.79364 0.0766144 0.279856 0.95698 -3.45961 0 0 0 1 
2318808360174;0.284722;0.0406358;0.981906 -0.129333 0.138325 1.30083 0.158377 0.961297 -0.225445 -0.99215 -0.103814 0.243274 0.964386 -1.71757 0 0 0 1 
2318808360175;0.207536;0.0265643;0.997604 -0.0515221 -0.0461641 0.485049 0.0501662 0.998288 -0.030064 -0.757219 0.047634 0.0276761 0.998481 -0.728904 0 0 0 1 
2318808360176;0.417626;0.0393431;0.968741 -0.171563 -0.179183 1.69617 0.215454 0.939893 0.264917 -1.33842 0.122963 -0.295242 0.947477 1.28907 0 0 0 1 
2318808360177;0.414555;0.0413085;0.95637 -0.0625931 -0.285374 1.50797 0.03028 0.992756 -0.116271 0.0988403 0.290585 0.102557 0.951337 -2.60252 0 0 0 1 
2318808360178;0.192544;0.0395317;0.994777 -0.100129 0.0198209 0.847338 0.100041 0.994969 0.00538742 -0.6906 -0.0202606 -0.00337638 0.999789 -0.148556 0 0 0 1 
2318808360179;0.369856;0.0331525;0.950784 0.300075 0.0772299 -2.45722 -0.293738 0.952223 -0.0835958 2.74396 -0.0986251 0.0567962 0.993503 0.699858 0 0 0 1 
2318808360180;0.269585;0.0359392;0.999788 0.00566342 0.0197923 -0.0916016 -0.00579951 0.99996 0.00682541 0.0454283 -0.0197529 -0.00693875 0.999781 0.731601 0 0 0 1 
2318808360181;0.159003;0.0289211;0.99898 -0.0446623 -0.00661419 0.275029 0.0447394 0.998927 0.0120078 -0.37995 0.00607079 -0.0122915 0.999906 0.328544 0 0 0 1 
2318808360182;0.250033;0.0426194;0.989467 0.142524 -0.025354 -1.60696 -0.136457 0.976755 0.165313 0.879044 0.0483258 -0.160112 0.985915 1.19491 0 0 0 1 
2318808360183;0.583654;0.0596132;0.941459 -0.324187 -0.0925075 3.7489 0.328428 0.943894 0.0346368 -1.90528 0.0760885 -0.0629912 0.995109 -0.930843 0 0 0 1 
2318808360184;0.254669;0.0409657;0.989351 0.144712 -0.015603 -1.12917 -0.144381 0.989308 0.0205634 1.18036 0.0184119 -0.0180916 0.999667 0.410836 0 0 0 1 
2318808360186;0.32371;0.00938817;0.92722 -0.00616195 -0.374466 0.426257 -0.0246927 0.996683 -0.0775425 0.147735 0.373702 0.0811456 0.923992 -2.57303 0 0 0 1 
2318808360187;0.391738;0.0202637;0.924768 -0.346577 -0.157125 1.39617 0.378151 0.883093 0.277757 -1.77648 0.0424918 -0.316278 0.947714 0.431152 0 0 0 1 
2318808360188;0.250929;0.019622;0.964148 -0.265094 0.0120184 0.954782 0.256606 0.942904 0.212331 -1.52871 -0.0676199 -0.201635 0.977124 0.865416 0 0 0 1 
2318808360189;0.35413;0.0176336;0.944422 0.247481 -0.21638 0.0371808 -0.197899 0.953599 0.226904 1.19034 0.262494 -0.171472 0.949576 -0.69326 0 0 0 1 
2318808360190;0.38404;0.0146922;0.971084 0.0928462 0.219945 -0.5948 -0.0824716 0.995024 -0.0559112 0.592164 -0.224041 0.0361553 0.973909 0.487732 0 0 0 1 
2318808360191;0.142007;0.0160478;0.993801 -0.0636277 0.0911659 0.306144 0.0609183 0.997623 0.0322034 -0.386326 -0.0929982 -0.0264501 0.995315 0.411353 0 0 0 1 
2318808360192;0.308225;0.0167543;0.997842 -0.0474744 0.0453559 -0.579419 0.0489707 0.998272 -0.0324688 -0.211753 -0.0437361 0.0346198 0.998443 0.173466 0 0 0 1 
2318808360193;0.19468;0.0156264;0.987992 0.0879815 -0.127012 -0.150048 -0.0787016 0.993972 0.0763284 0.674931 0.132961 -0.0654158 0.98896 -0.656159 0 0 0 1 
2318808360194;0.35362;0.0118393;0.994703 -0.0340694 0.0969766 -0.179484 0.0323132 0.999285 0.0196235 -0.844124 -0.0975759 -0.016386 0.995093 0.202565 0 0 0 1 
2318808360195;0.220312;0.0209717;0.994485 -0.104211 0.0118177 0.33514 0.101949 0.986994 0.124293 -0.623342 -0.0246167 -0.122402 0.992175 0.10658 0 0 0 1 
2318808360196;0.321597;0.015839;0.994997 0.0497291 0.086644 -0.487228 -0.0445838 0.997182 -0.0603404 0.652158 -0.0894005 0.0561756 0.99441 0.919511 0 0 0 1 
2318808360197;0.117422;0.019052;0.999751 -0.00743789 0.0210301 0.15281 0.00686921 0.999612 0.0269852 -0.0753074 -0.0212226 -0.0268341 0.999415 0.417296 0 0 0 1 
2318808360198;0.145591;0.0153999;0.996185 -0.0703284 -0.0516674 0.129098 0.0699889 0.997513 -0.00835288 -0.452522 0.0521263 0.00470487 0.998629 -0.551752 0 0 0 1 
2318808360199;0.334769;0.0145085;0.999997 -0.00113378 -0.00225812 -0.239195 0.00112341 0.999989 -0.00459026 -0.0196916 0.0022633 0.00458771 0.999987 0.711143 0 0 0 1 
2318808360200;0.307694;0.0206287;0.967814 0.250343 -0.0257615 -0.341961 -0.248387 0.966659 0.0622421 1.91242 0.0404844 -0.05384 0.997729 0.0784962 0 0 0 1 
2318808360201;0.28708;0.0181599;0.994741 -0.102186 0.00701717 0.845632 0.102236 0.994734 -0.00716674 -0.507915 -0.00624788 0.00784646 0.99995 0.336627 0 0 0 1 
2318808360202;0.140274;0.0208058;0.99058 0.136881 -0.00374475 -0.283266 -0.136928 0.990403 -0.0187976 0.879413 0.00113578 0.0191333 0.999816 0.0906122 0 0 0 1 
2318808360203;0.354364;0.0139506;0.993944 0.0948426 -0.0555031 -0.233844 -0.0841516 0.98174 0.170601 -0.202315 0.0706698 -0.164897 0.983776 0.585469 0 0 0 1 
2318808360204;0.41534;0.0220536;0.905514 -0.0714772 0.418253 -0.0304893 0.0157599 0.990695 0.135184 -0.375279 -0.424024 -0.11582 0.898215 2.66576 0 0 0 1 
2318808360205;0.260883;0.0107762;0.988683 -0.133488 -0.0684557 0.337528 0.130036 0.990111 -0.0526428 -1.07897 0.0748059 0.0431453 0.996264 -0.234284 0 0 0 1 
2318808360206;0.381649;0.0143588;0.903478 -0.305952 0.3002 0.902384 0.336864 0.939891 -0.0559204 -1.71469 -0.265046 0.151649 0.952236 1.19962 0 0 0 1 
2318808360207;0.376035;0.0101151;0.904892 0.300314 0.301633 -0.780849 -0.282265 0.953807 -0.102847 1.96692 -0.318586 0.0079253 0.947861 1.9421 0 0 0 1 
2318808360208;0.370049;0.0188483;0.994132 0.0108446 0.107628 -0.384711 -0.0208426 0.995522 0.0922091 -0.0326999 -0.106146 -0.0939113 0.989906 1.67067 0 0 0 1 
2318808360209;0.193142;0.00631768;0.973296 0.201828 -0.109365 -0.199856 -0.201236 0.979403 0.0165395 1.1958 0.110451 0.00591037 0.993864 -0.603552 0 0 0 1 
2318808360210;0.416709;0.0141428;0.949467 -0.280636 0.140557 0.968483 0.201508 0.888376 0.412533 -1.60116 -0.240639 -0.363363 0.900034 2.61544 0 0 0 1 
2318808360211;0.229662;0.0135891;0.980469 -0.189227 -0.0536099 0.734886 0.196247 0.959251 0.203286 -1.35087 0.012958 -0.209837 0.977651 0.50697 0 0 0 1 
2318808360212;0.235303;0.0132882;0.959347 0.281978 0.0119182 -0.682655 -0.281407 0.958919 -0.0358473 1.4968 -0.0215368 0.0310361 0.999286 0.0324929 0 0 0 1 
2318808360213;0.418371;0.0107483;0.970312 0.241637 0.0102483 -0.833646 -0.241792 0.970153 0.018406 1.3451 -0.00549481 -0.0203375 0.999778 0.850645 0 0 0 1 
2318808360214;0.104638;0.0130973;0.993552 0.113371 -0.00142083 -0.243242 -0.113242 0.992881 0.0369175 0.565339 0.00559611 -0.0365186 0.999317 -0.00392216 0 0 0 1 
2318808360215;0.379457;0.0122268;0.922659 -0.00515574 -0.385581 1.03726 -0.0906977 0.968958 -0.229987 0.928614 0.374798 0.247171 0.893551 -2.56523 0 0 0 1 
2318808360217;0.475077;0.00810679;0.879038 0.23173 -0.416645 -0.047833 -0.275464 0.960154 -0.0471543 1.92107 0.389117 0.156221 0.907845 -2.9028 0 0 0 1 
2318808360218;0.538469;0.0190586;0.944072 -0.327963 -0.0341667 2.58567 0.32925 0.931962 0.151794 -1.7578 -0.0179408 -0.154554 0.987821 1.81219 0 0 0 1 
2318808360219;0.26223;0.0159617;0.978861 -0.0582322 -0.19606 0.462084 0.069068 0.996413 0.0488861 -0.219519 0.192511 -0.0613943 0.979372 -1.11728 0 0 0 1 
2318808360220;0.178884;0.0268267;0.994316 0.0767846 0.0737525 -0.571806 -0.0684517 0.991623 -0.109538 0.649978 -0.0815455 0.103867 0.991243 0.0689886 0 0 0 1 
2318808360221;0.32248;0.0284613;0.92705 -0.304015 0.219441 1.93646 0.295378 0.952665 0.0719742 -1.67693 -0.230935 -0.00190564 0.972967 1.38652 0 0 0 1 
2318808360222;0.547442;0.35698;0.99727 0.0704936 -0.0219714 -0.627826 -0.0724309 0.99177 -0.105579 0.369171 0.0143479 0.106882 0.994168 -0.34223 0 0 0 1 
2318808360223;0.279763;0.0211266;0.940151 0.33286 0.0729392 -1.64123 -0.335006 0.942022 0.0191211 2.37526 -0.0623457 -0.0424118 0.997153 0.45935 0 0 0 1 
2318808360224;0.19078;0.0216614;0.987733 -0.154418 0.0231872 0.914058 0.155746 0.984927 -0.0752522 -0.651005 -0.0112174 0.0779405 0.996895 -0.532751 0 0 0 1 
2318808360225;0.382191;0.0139353;0.940067 0.340828 0.0104673 -1.66371 -0.332655 0.923404 -0.191483 2.73842 -0.0749284 0.176525 0.98144 -0.955814 0 0 0 1 
2318808360226;0.232462;0.0175155;0.980706 -0.194594 -0.0186761 1.22069 0.195017 0.967247 0.162485 -1.05896 -0.0135542 -0.162992 0.986534 1.26545 0 0 0 1 
2318808360227;0.121258;0.0201157;0.999999 -0.000677266 0.00074984 0.0224348 0.000670125 0.999955 0.00948299 -0.0378086 -0.000756229 -0.00948248 0.999955 -0.172496 0 0 0 1 
2318808360228;0.342472;0.302031;0.999115 0.0420606 -0.000174628 -0.273451 -0.0419971 0.997359 -0.0592595 0.343101 -0.00231833 0.0592144 0.998243 -0.324773 0 0 0 1 
2318808360229;0.411101;0.028905;0.984259 -5.38105e-05 0.17673 -0.433874 0.0202189 0.993468 -0.112302 -0.0383179 -0.175569 0.114108 0.977832 1.02665 0 0 0 1 
2318808360230;0.270984;0.017497;0.940293 -0.339855 -0.0186651 2.39878 0.337983 0.938781 -0.0667609 -1.66829 0.0402114 0.0564663 0.997594 -0.700634 0 0 0 1 
2318808360231;0.448163;0.0373165;0.994385 -0.0332464 -0.100467 -0.283113 -0.0120116 0.907775 -0.419286 0.959504 0.105141 0.418139 0.902278 -3.11794 0 0 0 1 
2318808360232;0.480703;0.0249848;0.99337 -0.104005 -0.0489784 0.944246 0.101681 0.99367 -0.0477597 -0.388302 0.0536356 0.0424629 0.997657 -1.4696 0 0 0 1 
2318808360233;0.538633;0.0162061;0.977507 0.181963 0.10663 -1.30886 -0.127461 0.912503 -0.388705 2.32461 -0.16803 0.366371 0.915171 -1.094 0 0 0 1 
2318808360234;0.46577;0.0326986;0.998281 -0.05645 0.0157448 0.356612 0.0564574 0.998405 -2.62432e-05 0.479739 -0.0157182 0.000915108 0.999876 0.224428 0 0 0 1 
2318808360235;0.501727;0.0185044;0.998363 0.0380228 -0.0427276 -0.163892 -0.0370998 0.999065 0.0221923 0.147545 0.0435314 -0.0205708 0.99884 -1.11495 0 0 0 1 
2318808360236;0.219286;0.0161364;0.97481 0.18825 -0.11961 -0.767184 -0.189029 0.981959 0.00489998 1.32858 0.118374 0.0178332 0.992809 -1.08413 0 0 0 1 
2318808360237;0.1427;0.0253027;0.998059 -0.060442 -0.0150186 0.276764 0.0596039 0.996914 -0.0510904 -0.269839 0.0180602 0.050096 0.998581 -0.635053 0 0 0 1 
2318808360238;0.478527;0.0231094;0.89973 -0.145689 -0.411412 2.17317 0.0505041 0.971063 -0.233422 0.31225 0.433514 0.189239 0.881053 -4.12496 0 0 0 1 
2318808360239;0.07712;0.00902033;0.998926 0.0261267 -0.0382629 -0.147186 -0.0272374 0.999214 -0.0287988 0.184068 0.0374804 0.02981 0.998853 -0.533887 0 0 0 1 
2318808360240;0.277432;0.0255935;0.96772 0.0360774 0.249433 -0.372216 -0.0658792 0.991501 0.112182 0.178189 -0.243266 -0.124993 0.961872 2.46501 0 0 0 1 
2318808360241;0.414755;0.0108499;0.904354 0.195899 -0.379168 0.0632648 -0.15494 0.978517 0.136007 0.871775 0.397666 -0.06425 0.915278 -1.95746 0 0 0 1 
2318808360242;0.207147;0.0307658;0.987289 -0.155146 -0.034512 1.14773 0.15598 0.987493 0.0229535 -1.23604 0.0305192 -0.0280449 0.999141 0.0211993 0 0 0 1 
2318808360243;0.526989;0.507868;0.999738 -0.0227111 -0.00274309 0.177332 0.0228587 0.996451 0.0810125 -0.35733 0.000893471 -0.081054 0.996709 0.312473 0 0 0 1 
2318808360244;0.293823;0.025238;0.996497 0.0707991 0.0445111 -0.359073 -0.0749931 0.992061 0.100949 0.366879 -0.0370106 -0.103934 0.993895 1.36448 0 0 0 1 
2318808360245;0.161157;0.0143961;0.999154 -0.0404414 0.00744064 0.247012 0.040623 0.998833 -0.0261389 -0.331651 -0.00637486 0.0264191 0.999631 -0.408163 0 0 0 1 
2318808360246;0.48133;0.0252874;0.948588 -0.00741971 0.316425 0.0804056 -0.0539633 0.981297 0.184783 -0.27827 -0.311878 -0.192358 0.930446 2.61074 0 0 0 1 
2318808360248;0.277285;0.0189128;0.999884 -0.0142741 -0.00540161 0.0369577 0.0143956 0.999628 0.0231697 0.236493 0.00506887 -0.0232448 0.999717 0.566896 0 0 0 1 
2318808360249;0.346523;0.0187346;0.922042 0.352767 0.159355 0.0606005 -0.376946 0.911892 0.162374 1.72674 -0.0880348 -0.209784 0.973776 0.832975 0 0 0 1 
2318808360250;0.347649;0.0139971;0.962386 -0.190649 0.193563 0.0601614 0.199605 0.979485 -0.027685 -1.63139 -0.184314 0.0652798 0.980697 1.22862 0 0 0 1 
2318808360251;0.136295;0.0189809;0.997491 0.0295497 -0.0643248 0.00425229 -0.0204541 0.990259 0.137723 -0.0596447 0.067768 -0.136062 0.98838 -0.502696 0 0 0 1 
2318808360252;0.263745;0.208213;0.997547 -0.0676951 -0.0178374 0.0722514 0.067841 0.997666 0.0077024 -0.457158 0.0172744 -0.00889361 0.999811 -0.109091 0 0 0 1 
2318808360253;0.38952;0.0164468;0.94351 -0.325839 0.0601433 -0.319854 0.32599 0.945343 0.00754443 -1.83525 -0.0593143 0.0124879 0.998161 0.316298 0 0 0 1 
2318808360254;0.304973;0.0185436;0.994013 -0.108925 0.00861047 0.664991 0.108744 0.993882 0.0193339 -0.466233 -0.0106637 -0.0182818 0.999776 -0.419149 0 0 0 1 
2318808360255;0.467336;0.207449;0.984494 -0.169889 -0.0437 0.0576232 0.1673 0.984238 -0.057325 -0.879402 0.0527501 0.0491251 0.997399 0.360349 0 0 0 1 
2318808360256;0.501332;0.01611;0.99095 0.134197 0.00319379 -0.208728 -0.121106 0.883513 0.45248 -0.520911 0.0578996 -0.448772 0.891769 0.426602 0 0 0 1 
2318808360257;0.448145;0.0234989;0.884773 0.42447 0.192361 0.806696 -0.442753 0.894445 0.0627516 1.88172 -0.14542 -0.140689 0.979316 0.693498 0 0 0 1 
2318808360258;0.160463;0.0173122;0.987485 -0.12194 -0.100023 0.322726 0.124401 0.992055 0.0187233 -0.653784 0.0969449 -0.0309319 0.994809 -0.678342 0 0 0 1 
2318808360259;0.461634;0.0212528;0.896728 0.409132 -0.168789 0.140898 -0.370202 0.90239 0.220549 2.36616 0.242548 -0.135287 0.96066 -1.09895 0 0 0 1 
2318808360260;0.337574;0.0237322;0.933678 0.333312 -0.13095 0.343099 -0.352091 0.921179 -0.165713 2.27481 0.0653942 0.200829 0.977441 -0.535295 0 0 0 1 
