#;prob_registration_l1 -r /home/probabilistic_point_clouds_registration/build/tester /home/point_clouds_registration_benchmark//devel/registration_pairs/apartment_local.txt /home/point_clouds_registration_benchmark//eth/apartment -s 0.2 -t 0.2 -p 0.3 -r 1000 -m 1 -i 40 
id;initial_error;final_error;transformation
13001298760000;0.820981;1.759;0.914872 0.388993 0.108136 -0.723447 -0.382698 0.920845 -0.0747388 -0.979252 -0.128649 0.026993 0.991323 0.247148 0 0 0 1 
13001298760001;0.68771;1.63442;0.859193 0.502249 0.0976399 0.187364 -0.50968 0.823414 0.249431 -0.884616 0.0448785 -0.264075 0.963458 0.507892 0 0 0 1 
13001298760002;0.636186;1.62616;0.974311 0.16986 -0.147871 0.128847 -0.135413 0.966508 0.218003 -1.67897 0.179948 -0.192379 0.964681 -0.936919 0 0 0 1 
13001298760003;0.411513;1.95486;0.9914 0.103428 0.0801851 0.0951962 -0.121009 0.957803 0.260711 -2.17304 -0.0498367 -0.268172 0.962081 -0.196246 0 0 0 1 
13001298760004;0.857932;1.70417;0.883501 0.414897 -0.217454 0.309986 -0.425802 0.904809 -0.00365442 -0.640361 0.195238 0.0958212 0.976064 0.435411 0 0 0 1 
13001298760005;0.460674;1.60181;0.880337 0.473872 0.0212494 0.234743 -0.470874 0.878423 -0.0815543 -0.752666 -0.0573123 0.0617894 0.996442 0.511375 0 0 0 1 
13001298760006;0.655521;1.75088;0.965548 0.260018 0.0104137 -0.614718 -0.260077 0.965576 0.00481052 -1.00986 -0.00880444 -0.00735316 0.999934 0.302872 0 0 0 1 
13001298760007;0.308888;1.58425;0.882291 0.281487 0.377263 -0.0999228 -0.326644 0.943232 0.0601369 -0.914681 -0.338919 -0.176289 0.924151 1.22267 0 0 0 1 
13001298760008;0.466988;1.77774;0.952808 0.285398 0.103468 -0.250864 -0.282244 0.958321 -0.0442499 -1.48243 -0.111785 0.0129583 0.993648 0.171096 0 0 0 1 
13001298760009;0.423945;1.85053;0.975181 0.200294 0.0943615 -0.304904 -0.168975 0.948661 -0.267376 -1.30849 -0.143071 0.244795 0.958961 0.109004 0 0 0 1 
13001298760010;0.258498;1.80786;0.976808 0.213584 -0.0151123 -0.0291036 -0.213923 0.970473 -0.111441 -1.10751 -0.00913597 0.11209 0.993656 0.24752 0 0 0 1 
13001298760011;0.784351;1.64803;0.941191 0.328899 0.0773678 -0.024051 -0.337284 0.901031 0.272731 -0.923895 0.01999 -0.282787 0.958974 -0.737434 0 0 0 1 
13001298760012;0.622128;1.69095;0.973011 0.229617 -0.0229204 0.0699587 -0.230731 0.969609 -0.0813772 -1.73284 0.00353826 0.0844693 0.99642 0.355422 0 0 0 1 
13001298760013;0.398004;1.66672;0.891321 0.415467 0.181479 0.121196 -0.364446 0.894687 -0.25829 -0.693059 -0.269678 0.16408 0.948869 1.2347 0 0 0 1 
13001298760014;0.755219;1.989;0.936115 0.332406 -0.114867 1.60268 -0.324208 0.942209 0.0844468 -0.642527 0.136299 -0.0418112 0.989785 -0.97702 0 0 0 1 
13001298760015;0.388158;1.66467;0.925102 0.347048 -0.154093 0.414159 -0.346995 0.937445 0.0281175 -0.551753 0.154212 0.0274582 0.987656 -0.196626 0 0 0 1 
13001298760016;0.851768;1.61171;0.95655 0.291475 -0.00735934 0.584966 -0.291321 0.9544 -0.0652103 -0.359745 -0.0119834 0.0645208 0.997844 0.659374 0 0 0 1 
13001298760017;0.399547;1.61807;0.92471 0.380536 -0.0101626 0.281862 -0.379496 0.919428 -0.103128 -0.735545 -0.0299002 0.0992204 0.994616 0.55004 0 0 0 1 
13001298760018;0.820633;1.69833;0.911013 0.343339 -0.228415 0.128128 -0.358687 0.933034 -0.0281135 -0.857203 0.203466 0.107541 0.973158 0.408563 0 0 0 1 
13001298760019;0.329854;1.48952;0.977529 0.19408 -0.082283 0.114856 -0.192726 0.980955 0.0241659 -1.37316 0.0854061 -0.00776485 0.996316 -0.20633 0 0 0 1 
13001298760020;0.847185;1.66189;0.959157 0.281241 0.0303439 -0.292458 -0.279385 0.958658 -0.0540319 -0.696882 -0.0442854 0.0433475 0.998078 1.03247 0 0 0 1 
13001298760021;0.886722;1.68668;0.854184 0.500569 -0.140714 0.458391 -0.440943 0.840753 0.314172 -1.41216 0.275571 -0.206314 0.93888 -1.18352 0 0 0 1 
13001298760022;0.59893;1.76057;0.924871 0.273265 -0.264461 0.403459 -0.206485 0.944855 0.254189 -1.48204 0.319339 -0.180485 0.930294 -1.33262 0 0 0 1 
13001298760023;0.367247;1.68691;0.991913 0.120783 0.0389875 -0.195026 -0.119193 0.992031 -0.04084 -1.73965 -0.0436096 0.0358627 0.998405 -0.0355253 0 0 0 1 
13001298760024;0.0968236;1.61503;0.976355 0.204156 0.0710717 -0.111155 -0.20288 0.978889 -0.0248079 -1.17857 -0.074636 0.00980227 0.997163 0.413968 0 0 0 1 
13001298760025;0.689632;1.69209;0.987198 0.133514 0.08726 -0.417437 -0.0867638 0.908578 -0.408605 -1.07012 -0.133837 0.395803 0.90853 1.05958 0 0 0 1 
13001298760026;0.452516;1.87732;0.994055 0.0888206 0.0629735 0.0634506 -0.100552 0.970742 0.218058 -1.53029 -0.041763 -0.223094 0.973902 0.0766014 0 0 0 1 
13001298760027;0.353163;1.77215;0.934783 -0.211815 0.285158 -0.429926 0.118516 0.942742 0.311757 -2.43628 -0.334865 -0.257629 0.906362 0.7774 0 0 0 1 
13001298760028;0.770166;1.43633;0.9848 0.155078 0.0782248 -0.310509 -0.138913 0.973575 -0.181258 -0.482543 -0.104267 0.167637 0.98032 0.297331 0 0 0 1 
13001298760029;0.444231;1.70628;0.916552 0.348756 0.195707 0.304193 -0.348306 0.936616 -0.0378604 -1.1418 -0.196506 -0.0334648 0.979931 0.884909 0 0 0 1 
13001298760031;1.0814;0.920657;0.984586 -0.110589 0.1355 -0.518273 0.118207 0.991754 -0.0494997 -0.383508 -0.128909 0.0647537 0.98954 0.590567 0 0 0 1 
13001298760032;0.762366;1.0069;0.959823 -0.268103 -0.0828319 -1.3721 0.26975 0.962887 0.00916692 -1.08623 0.0773001 -0.0311425 0.996521 -0.698243 0 0 0 1 
13001298760033;0.562268;0.90083;0.964541 -0.238043 -0.114004 -1.22902 0.22632 0.968182 -0.106786 -0.89735 0.135796 0.0771976 0.987725 0.0653661 0 0 0 1 
13001298760034;0.913227;1.19151;0.976885 -0.208619 -0.0466186 -1.30623 0.195416 0.959937 -0.200833 -0.699563 0.0866485 0.18708 0.978516 0.347411 0 0 0 1 
13001298760035;0.190074;0.655616;0.988029 0.0797708 -0.132041 -0.194233 -0.0732521 0.995876 0.053519 0.16323 0.135765 -0.0432061 0.989798 -0.543256 0 0 0 1 
13001298760036;1.3176;1.08055;0.906445 -0.4196 -0.0478834 -2.16075 0.421386 0.891056 0.168678 -1.2901 -0.0281102 -0.173074 0.984508 -0.189184 0 0 0 1 
13001298760037;0.408209;0.583346;0.992007 0.104641 -0.0705088 -0.309567 -0.113933 0.982977 -0.144137 0.597784 0.0542259 0.151019 0.987043 0.0861865 0 0 0 1 
13001298760038;0.799177;1.00592;0.998967 -0.0450281 -0.00612361 -0.327979 0.0454408 0.98864 0.143268 -0.524252 -0.000397044 -0.143399 0.989665 -0.174566 0 0 0 1 
13001298760039;0.512139;0.712577;0.99872 -0.00240961 -0.050523 -0.506293 0.00142527 0.999809 -0.0195099 -0.00164518 0.0505603 0.0194129 0.998532 0.271602 0 0 0 1 
13001298760040;0.790161;1.19808;0.997326 -0.0729561 0.00424229 -0.804499 0.0729609 0.997334 -0.00098709 -0.260314 -0.00415897 0.00129397 0.999991 -0.417286 0 0 0 1 
13001298760041;0.304867;0.788774;0.982322 -0.135466 0.129198 -0.855999 0.1444 0.987547 -0.0624475 -0.306492 -0.11913 0.0799997 0.989651 0.539598 0 0 0 1 
13001298760042;0.323258;0.781218;0.998578 0.0525491 -0.00903088 -0.385258 -0.0522862 0.998261 0.0272232 0.0443819 0.0104457 -0.0267122 0.999589 0.0337093 0 0 0 1 
13001298760043;1.1294;0.87366;0.940804 -0.329655 -0.0788412 -1.09882 0.338397 0.900186 0.27414 -2.08399 -0.0193998 -0.284591 0.958453 -0.809482 0 0 0 1 
13001298760044;0.672602;0.659911;0.988664 -0.0911767 0.119288 -1.02718 0.0950027 0.995117 -0.0267785 -0.234854 -0.116264 0.0378076 0.992499 0.190425 0 0 0 1 
13001298760045;0.603165;0.441932;0.996295 0.0300092 0.0805996 0.169883 -0.0312147 0.999418 0.0137389 -0.0358037 -0.0801404 -0.0162038 0.996652 -0.0381574 0 0 0 1 
13001298760046;0.435224;0.885931;0.908426 0.0865405 -0.40899 0.113254 -0.111474 0.993061 -0.0374727 0.425977 0.402908 0.0796329 0.911769 -0.977032 0 0 0 1 
13001298760047;1.03472;0.848216;0.997204 -0.0682454 0.0304482 -0.890902 0.0591604 0.969879 0.236294 -0.695852 -0.0456571 -0.233832 0.971204 -0.936811 0 0 0 1 
13001298760048;1.38851;0.695843;0.997981 0.0419557 0.047685 -0.270894 -0.0580453 0.907255 0.416557 -0.835565 -0.0257855 -0.418484 0.907858 -1.35076 0 0 0 1 
13001298760049;0.308211;0.663272;0.987471 0.123727 -0.0979406 -0.289463 -0.113697 0.988254 0.102112 0.250814 0.109424 -0.0896971 0.98994 -0.489107 0 0 0 1 
13001298760050;0.383404;0.927373;0.993587 -0.112801 0.00774446 -1.1361 0.112984 0.993145 -0.029953 -0.530022 -0.00431265 0.030636 0.999521 0.185243 0 0 0 1 
13001298760051;1.39486;0.924786;0.901576 -0.398348 0.168757 -2.20988 0.410565 0.910793 -0.0435105 -1.73135 -0.13637 0.108514 0.984697 0.858506 0 0 0 1 
13001298760052;0.390791;0.710263;0.998183 -0.0596866 -0.00829084 -0.843741 0.0596748 0.998216 -0.00166517 -0.430896 0.00837545 0.00116739 0.999964 -0.0143329 0 0 0 1 
13001298760053;0.738841;0.786987;0.967405 0.25262 -0.0176064 0.567727 -0.249612 0.962981 0.10179 0.761534 0.0426688 -0.0940775 0.99465 -0.0899845 0 0 0 1 
13001298760054;0.290741;0.892737;0.983604 -0.180335 -0.00166024 -1.06218 0.180244 0.98333 -0.0239507 -0.552785 0.00595172 0.0232588 0.999712 -0.0341753 0 0 0 1 
13001298760055;0.983527;0.697964;0.978808 0.161313 0.126145 -0.706503 -0.136938 0.973622 -0.182503 0.869029 -0.152257 0.161361 0.97508 1.12462 0 0 0 1 
13001298760056;0.893456;0.995723;0.984066 -0.177242 0.0141306 -0.467776 0.177528 0.983859 -0.022485 -0.879313 -0.00991724 0.0246352 0.999647 -0.0128036 0 0 0 1 
13001298760057;1.32906;1.08126;0.998902 -0.00367632 0.0467054 -0.314423 0.00279469 0.999817 0.0189277 0.272046 -0.0467665 -0.0187764 0.998729 -0.440359 0 0 0 1 
13001298760058;1.04418;0.92697;0.927871 -0.344169 0.143539 -1.33453 0.33991 0.938907 0.0539971 -1.16071 -0.153354 -0.00131216 0.98817 -0.16133 0 0 0 1 
13001298760059;1.02726;0.946909;0.998361 -0.00331001 -0.0571362 -0.246534 0.0159554 0.974843 0.22232 -0.442446 0.0549629 -0.222867 0.973298 -1.11096 0 0 0 1 
13001298760060;1.18019;0.415635;0.997239 -0.0719407 -0.0184337 -0.632192 0.0741078 0.980122 0.184038 -1.13092 0.00482748 -0.184895 0.982746 -0.107555 0 0 0 1 
13001298760062;0.42647;2.0044;0.94257 -0.333428 0.0196687 -0.860422 0.330247 0.939153 0.0944891 -0.120595 -0.0499773 -0.0825671 0.995332 0.210412 0 0 0 1 
13001298760063;0.820769;2.20202;0.907513 -0.414104 0.070279 -0.790267 0.413778 0.910162 0.0198105 -0.0477506 -0.0721688 0.0111017 0.997331 0.943135 0 0 0 1 
13001298760064;0.637796;2.01968;0.983795 -0.176603 0.0309807 -0.697906 0.177599 0.983548 -0.0330452 0.78096 -0.0246352 0.0380118 0.998974 0.668135 0 0 0 1 
13001298760065;1.32441;2.11813;0.879636 -0.396605 -0.262574 -0.457035 0.467436 0.822931 0.322937 -0.954807 0.0880017 -0.406803 0.909267 -2.13022 0 0 0 1 
13001298760066;0.832986;1.98643;0.858395 -0.511356 0.0409015 -1.01176 0.512878 0.857135 -0.0477074 -0.293434 -0.0106626 0.0619293 0.998024 0.500255 0 0 0 1 
13001298760067;0.500971;2.08322;0.797015 -0.601666 0.052573 -0.940494 0.603733 0.79131 -0.096617 -1.13091 0.0165297 0.108745 0.993932 0.0516524 0 0 0 1 
13001298760068;1.1413;2.07493;0.847583 -0.507871 0.153851 -1.35854 0.482178 0.858135 0.176374 -0.18961 -0.221601 -0.075308 0.972225 0.998613 0 0 0 1 
13001298760069;0.277143;2.1734;0.92763 -0.337398 -0.160204 -0.718593 0.360685 0.920606 0.149634 -0.0962719 0.0969984 -0.196588 0.975676 -0.795674 0 0 0 1 
13001298760070;1.31041;2.00122;0.912353 -0.391727 0.119004 -0.939255 0.399111 0.915782 -0.0453234 -0.244363 -0.0912273 0.0888468 0.991859 -0.236535 0 0 0 1 
13001298760071;0.311671;2.04532;0.725849 -0.654572 -0.211372 -0.6402 0.678195 0.732346 0.0610022 -1.83261 0.114867 -0.18763 0.9755 -0.894444 0 0 0 1 
13001298760072;0.364438;2.24699;0.846845 -0.528838 0.0564221 -0.977621 0.53075 0.847128 -0.0260554 -0.516699 -0.0340176 0.0520109 0.998067 0.487395 0 0 0 1 
13001298760073;1.33186;2.13827;0.747679 -0.561052 0.355241 -1.24211 0.64415 0.742771 -0.182651 -0.778319 -0.161386 0.365393 0.916756 1.281 0 0 0 1 
13001298760074;0.375476;2.02295;0.766549 -0.548408 -0.334143 -0.438028 0.466177 0.833061 -0.297806 -0.551761 0.441681 0.0725131 0.894237 -1.25404 0 0 0 1 
13001298760075;0.892832;2.08025;0.893361 -0.373752 0.249432 -0.578766 0.407661 0.907635 -0.100057 -0.305764 -0.188997 0.19107 0.963209 1.94699 0 0 0 1 
13001298760076;0.49285;2.11729;0.823955 -0.563034 0.0639611 -1.31211 0.566177 0.822635 -0.0521125 -1.0318 -0.0232756 0.0791517 0.996591 0.248115 0 0 0 1 
13001298760077;1.25077;2.29889;0.909296 -0.415021 0.0306396 -1.47086 0.415329 0.909662 -0.00417897 0.0950112 -0.0261373 0.0165255 0.999522 0.978055 0 0 0 1 
13001298760078;0.873453;2.17445;0.92996 -0.32948 -0.163146 -0.730138 0.337925 0.940808 0.0262298 0.394631 0.144846 -0.0795236 0.986253 -1.15061 0 0 0 1 
13001298760079;0.135451;2.06337;0.917852 -0.396151 -0.0247623 -0.77147 0.394501 0.917354 -0.0532077 -0.181609 0.0437941 0.039068 0.998276 0.0500899 0 0 0 1 
13001298760080;0.477523;2.08725;0.621728 -0.726534 0.292578 -0.836695 0.653817 0.687106 0.316873 -2.07103 -0.431251 -0.00571674 0.902214 1.60159 0 0 0 1 
13001298760081;0.486196;2.07974;0.926481 -0.208557 -0.313269 -0.074604 0.210925 0.977137 -0.026723 0.486737 0.31168 -0.0413179 0.949288 -1.07553 0 0 0 1 
13001298760082;0.60999;3.18817;0.72298 -0.681332 0.114399 -0.248662 0.689665 0.721529 -0.0613029 -0.876165 -0.0407748 0.123218 0.991542 0.29935 0 0 0 1 
13001298760083;0.578912;1.99018;0.745729 -0.664498 -0.0482805 -0.579899 0.646175 0.703704 0.295395 -2.06127 -0.162314 -0.251482 0.954154 -0.00415117 0 0 0 1 
13001298760084;0.295038;1.96958;0.983308 -0.162181 0.0824826 -0.460217 0.166984 0.984421 -0.0550698 0.712963 -0.0722663 0.0679238 0.99507 0.549297 0 0 0 1 
13001298760085;0.331689;2.05328;0.94342 -0.330223 -0.030183 -0.663397 0.330767 0.930698 0.156188 -0.159444 -0.0234855 -0.157334 0.987266 -0.210958 0 0 0 1 
13001298760086;0.698459;1.99536;0.898246 -0.437311 0.043739 -1.01062 0.43889 0.897771 -0.0371894 -0.72085 -0.0230043 0.0526018 0.998351 0.718663 0 0 0 1 
13001298760087;0.67213;2.15566;0.772594 -0.54738 -0.321673 -0.382329 0.525347 0.835663 -0.160242 -0.656903 0.356524 -0.0451881 0.933193 -1.664 0 0 0 1 
13001298760088;0.268562;2.15525;0.789762 -0.557334 -0.256233 -0.656422 0.542775 0.829537 -0.131392 -0.867908 0.285784 -0.0353084 0.957643 -0.954983 0 0 0 1 
13001298760089;1.15866;2.10348;0.656103 -0.663794 0.359034 -1.31588 0.713489 0.700614 -0.00851901 -1.96408 -0.24589 0.261757 0.933285 2.21327 0 0 0 1 
13001298760090;0.714198;2.15078;0.886968 -0.460569 -0.0341124 -1.09239 0.461814 0.885142 0.0570246 -0.639738 0.00393058 -0.0663325 0.99779 0.351225 0 0 0 1 
13001298760091;1.1529;2.07064;0.905448 -0.424456 -0.00053348 -0.967073 0.42333 0.903137 -0.0716517 -0.636137 0.0308948 0.0646511 0.99743 -0.544148 0 0 0 1 
13001298760093;1.04775;1.1876;0.745686 -0.573039 0.339967 -0.490068 0.572368 0.812113 0.113439 -2.63927 -0.341096 0.109996 0.933571 0.553235 0 0 0 1 
13001298760094;1.11373;1.11465;0.920546 -0.390032 0.021703 -0.0266403 0.390453 0.920391 -0.0206558 -2.01088 -0.0119189 0.0274886 0.999551 -0.920029 0 0 0 1 
13001298760095;0.293853;1.24243;0.935901 -0.207127 0.284936 0.344545 0.271243 0.939824 -0.207744 -1.44782 -0.22476 0.271714 0.935764 1.57663 0 0 0 1 
13001298760096;0.895384;1.2407;0.909453 -0.394133 0.132492 0.720726 0.388764 0.919019 0.0653146 -2.07167 -0.147505 -0.00789266 0.98903 0.355509 0 0 0 1 
13001298760097;0.339617;1.23601;0.914791 -0.401136 -0.0474019 0.13175 0.399749 0.915909 -0.0362185 -1.90323 0.0579443 0.0141835 0.998219 -0.354956 0 0 0 1 
13001298760098;0.188558;1.2328;0.94171 -0.313299 -0.122584 0.281209 0.308121 0.949477 -0.0596285 -1.52565 0.135072 0.0183821 0.990665 -0.462792 0 0 0 1 
13001298760099;0.958706;1.36004;0.946215 -0.138419 0.292434 0.600308 0.1507 0.988382 -0.0197765 -1.76044 -0.286299 0.0627827 0.956081 0.700647 0 0 0 1 
13001298760100;0.754489;1.1999;0.985975 -0.150945 -0.0712015 0.214819 0.134298 0.97086 -0.198483 -0.980782 0.0990868 0.186137 0.977515 0.668972 0 0 0 1 
13001298760101;0.427244;1.12082;0.996914 0.00960984 0.0779062 1.01066 -0.0089247 0.999918 -0.00913787 -0.488459 -0.0779876 0.00841439 0.996919 0.10117 0 0 0 1 
13001298760102;0.55757;1.07093;0.992111 -0.0985649 -0.0774691 0.515828 0.0985008 0.995126 -0.00465722 -0.679207 0.0775506 -0.0030103 0.996984 -0.0784542 0 0 0 1 
13001298760103;0.502682;1.09772;0.943179 -0.331023 0.0289415 -0.0742529 0.33211 0.94193 -0.0497078 -1.17572 -0.0108064 0.0564951 0.998344 0.260384 0 0 0 1 
13001298760104;0.301846;1.09136;0.765397 -0.641184 0.0552394 -0.428628 0.642797 0.765845 -0.0171485 -3.02718 -0.0313095 0.0486332 0.998326 0.165159 0 0 0 1 
13001298760105;0.905526;1.29247;0.990781 -0.130739 -0.0354885 0.635715 0.126509 0.986627 -0.102775 -0.882891 0.0484506 0.0973379 0.994071 -0.565287 0 0 0 1 
13001298760106;0.994487;1.02154;0.785106 -0.608116 0.117488 -0.405677 0.599042 0.793752 0.105392 -3.51172 -0.157347 -0.0123631 0.987466 1.00818 0 0 0 1 
13001298760107;0.0362635;1.18225;0.908009 -0.418533 0.0187014 -0.155937 0.41878 0.905462 -0.0690106 -2.01054 0.0119498 0.0704941 0.997441 0.0986083 0 0 0 1 
13001298760108;1.01768;1.21256;0.844421 -0.531854 -0.0639117 -0.0786368 0.523595 0.844675 -0.111232 -2.22941 0.113144 0.0604631 0.991737 -1.09012 0 0 0 1 
13001298760109;0.830454;1.19741;0.876882 -0.480328 -0.0190673 0.0271401 0.47223 0.868157 -0.152653 -1.96644 0.0898768 0.124854 0.988096 -0.559989 0 0 0 1 
13001298760110;0.923517;1.06309;0.938019 -0.345235 -0.0305374 -0.425522 0.337885 0.930537 -0.141189 -1.51695 0.0771595 0.122119 0.989512 0.58343 0 0 0 1 
13001298760111;0.26829;1.28085;0.770875 -0.619461 0.148391 -0.306922 0.63223 0.772483 -0.0596249 -3.04226 -0.0776941 0.139781 0.98713 0.558884 0 0 0 1 
13001298760112;0.495558;1.0437;0.974143 -0.101792 -0.201701 0.537723 0.116762 0.991113 0.0637353 -0.420315 0.193421 -0.0856383 0.977371 -0.926974 0 0 0 1 
13001298760113;0.269314;1.08184;0.979596 -0.179176 0.0910328 0.217361 0.182106 0.982963 -0.0249098 -1.03874 -0.0850187 0.0409792 0.995536 0.140228 0 0 0 1 
13001298760114;0.734561;1.2865;0.745183 -0.663138 0.0703581 -0.625441 0.666853 0.740514 -0.0833426 -2.69079 0.00316651 0.109024 0.994034 0.331102 0 0 0 1 
13001298760115;0.321726;1.05993;0.930586 -0.365603 0.0185598 -0.154042 0.365298 0.924122 -0.112051 -1.7526 0.0238147 0.111053 0.993529 -0.076261 0 0 0 1 
13001298760116;1.15818;1.37568;0.986369 -0.115792 0.116915 1.34393 0.126632 0.987861 -0.0899742 -0.580227 -0.105077 0.103553 0.989058 0.877744 0 0 0 1 
13001298760117;0.977589;1.1345;0.888794 -0.448192 -0.0957597 -0.169493 0.428479 0.886754 -0.173417 -2.18818 0.16264 0.113101 0.980182 0.518591 0 0 0 1 
13001298760118;0.349631;1.16189;0.986136 -0.0184703 0.164908 0.730804 0.0206509 0.99972 -0.011518 -0.549022 -0.16465 0.0147638 0.986242 0.464404 0 0 0 1 
13001298760119;0.966956;1.08723;0.776963 -0.579226 -0.246627 0.0699807 0.581137 0.810539 -0.0728364 -2.44675 0.24209 -0.086733 0.966369 -1.70043 0 0 0 1 
13001298760120;0.820899;1.12227;0.985731 -0.159791 0.0529299 0.785995 0.162579 0.985251 -0.0533689 -1.03569 -0.0436214 0.0612127 0.997171 0.732618 0 0 0 1 
13001298760121;0.247186;1.05047;0.929408 -0.368456 0.0209942 -0.134214 0.368778 0.925015 -0.0913766 -1.55026 0.0142483 0.0926683 0.995595 0.292779 0 0 0 1 
13001298760122;0.958553;1.1932;0.963204 -0.263276 -0.0540757 0.693979 0.261511 0.964468 -0.0376059 -1.99507 0.062055 0.0220808 0.997828 0.0497147 0 0 0 1 
13001298760124;1.10954;0.998206;0.996946 -0.041869 0.0659186 0.386738 0.033735 0.9922 0.120003 -0.518044 -0.0704289 -0.117413 0.990583 -0.252862 0 0 0 1 
13001298760125;0.573277;0.254136;0.930871 -0.0169089 -0.364958 0.7037 0.149693 0.928883 0.338775 -0.978422 0.333275 -0.369988 0.867201 -2.86263 0 0 0 1 
13001298760126;0.254431;0.23817;0.97736 0.113858 -0.178339 0.654646 -0.100595 0.991563 0.0817525 0.412624 0.186142 -0.0619616 0.980567 -0.804797 0 0 0 1 
13001298760127;0.992788;0.97383;0.986315 0.0307743 -0.161974 0.494876 -0.0139954 0.994507 0.103729 -0.261284 0.164277 -0.100043 0.981328 -0.994877 0 0 0 1 
13001298760128;0.0799235;0.255302;0.999958 -0.00751953 -0.00520235 0.0498349 0.00743048 0.999829 -0.0169305 0.0607678 0.00532877 0.0168912 0.999843 0.223679 0 0 0 1 
13001298760129;0.127861;0.259286;0.997255 -0.0542965 -0.0503344 0.0206422 0.0550709 0.998383 0.0141263 -0.0279933 0.049486 -0.0168595 0.998633 -0.11417 0 0 0 1 
13001298760130;0.557579;0.275655;0.963119 -0.25762 -0.0776762 -0.618237 0.258534 0.966 0.00178317 -1.31547 0.0745759 -0.0217994 0.996977 0.183974 0 0 0 1 
13001298760131;0.697726;0.227909;0.982087 -0.185785 -0.0314584 0.0105791 0.182368 0.979158 -0.0893921 -1.12332 0.0474105 0.0820538 0.9955 0.292181 0 0 0 1 
13001298760132;0.915785;0.251641;0.973087 -0.0161279 0.229875 0.0704817 -0.00366438 0.996339 0.0854146 0.144611 -0.230411 -0.0839581 0.969465 0.116377 0 0 0 1 
13001298760133;0.526097;0.238954;0.996462 0.0505518 0.0671409 0.206003 -0.0536539 0.997535 0.0452323 0.381999 -0.0646888 -0.0486746 0.996718 0.755409 0 0 0 1 
13001298760134;0.640051;0.241745;0.993719 -0.0691546 -0.0879803 0.170663 0.0728846 0.996541 0.0399111 -0.021294 0.084916 -0.0460728 0.995322 0.122 0 0 0 1 
13001298760135;0.744448;0.261215;0.945126 0.287583 -0.155028 1.43586 -0.287003 0.95756 0.0266024 1.3135 0.156099 0.0193507 0.987552 0.0159664 0 0 0 1 
13001298760136;0.470128;0.224018;0.996945 0.0676202 -0.0390902 0.00961985 -0.0665401 0.997382 0.0283034 0.329515 0.0409017 -0.0256159 0.998835 -0.391431 0 0 0 1 
13001298760137;0.306436;0.186112;0.960549 0.0257084 0.276921 0.111077 0.00836476 0.992597 -0.121164 0.0508918 -0.277986 0.1187 0.953223 1.89548 0 0 0 1 
13001298760138;0.926249;0.277047;0.998613 -0.0404587 -0.0336992 -0.351327 0.0396466 0.998915 -0.0244284 -0.493989 0.0346509 0.0230584 0.999133 -0.546309 0 0 0 1 
13001298760139;0.738974;0.272122;0.992968 0.117991 -0.00963498 0.44777 -0.11829 0.992131 -0.041027 0.647511 0.00471836 0.0418782 0.999112 0.894282 0 0 0 1 
13001298760140;1.02616;0.265678;0.995148 0.0621733 -0.0762542 0.0240676 -0.058228 0.9969 0.0529156 0.085438 0.0793078 -0.0482187 0.995683 -1.17529 0 0 0 1 
13001298760141;0.897713;0.228645;0.941551 -0.262891 0.21064 -0.794212 0.272728 0.961912 -0.0185586 -1.61798 -0.197738 0.0749212 0.977388 1.96519 0 0 0 1 
13001298760142;0.158181;0.212476;0.997487 -0.0197428 0.0680436 0.00673956 0.0225262 0.99893 -0.0403852 0.16503 -0.0671734 0.0418165 0.996865 0.565224 0 0 0 1 
13001298760143;0.631582;0.230597;0.968911 0.245061 -0.0340061 0.94841 -0.246841 0.948203 -0.199953 1.22583 -0.016756 0.202131 0.979215 1.25671 0 0 0 1 
13001298760144;0.855274;0.248149;0.981859 -0.143501 -0.123937 0.466194 0.158791 0.979514 0.123849 -0.638854 0.103626 -0.141282 0.984531 -0.399604 0 0 0 1 
13001298760145;0.0426315;0.230355;0.998287 -0.0578793 -0.00852774 -0.096363 0.0579278 0.998305 0.00555778 -0.141258 0.00819161 -0.00604225 0.999948 0.130032 0 0 0 1 
13001298760146;0.950154;0.246574;0.994089 -0.00223922 -0.108545 0.168443 0.0035208 0.999926 0.0116167 -0.00157626 0.108511 -0.0119302 0.994024 0.503435 0 0 0 1 
13001298760147;0.397392;0.216225;0.957976 0.0393036 -0.284142 0.590064 -0.109913 0.96526 -0.23705 0.667766 0.264954 0.258319 0.929016 -0.233876 0 0 0 1 
13001298760148;0.554781;0.240843;0.994641 -0.0961283 0.0380734 -0.245193 0.0989944 0.991673 -0.0823651 -0.526784 -0.0298388 0.0856927 0.995875 0.105365 0 0 0 1 
13001298760149;0.73823;0.242794;0.997626 -0.0628983 -0.0280383 -0.00560668 0.0631884 0.997956 0.0095837 0.184752 0.0273781 -0.0113326 0.999561 0.574177 0 0 0 1 
13001298760150;0.886242;0.280306;0.959512 -0.278865 0.0396376 -0.273536 0.275681 0.958632 0.0708776 -1.71692 -0.0577632 -0.0570805 0.996697 -0.306182 0 0 0 1 
13001298760151;1.10427;0.259976;0.966618 0.217129 0.13603 1.71435 -0.239326 0.954721 0.176724 1.43264 -0.0914993 -0.20338 0.974815 0.0127565 0 0 0 1 
13001298760152;0.722566;0.196186;0.95672 0.16728 0.238125 0.183642 -0.129828 0.977679 -0.165193 0.530059 -0.260444 0.127129 0.957083 2.02929 0 0 0 1 
13001298760153;0.343462;0.251052;0.979728 0.169104 -0.10741 0.804118 -0.183901 0.97183 -0.1474 0.846412 0.0794583 0.164165 0.983228 0.260246 0 0 0 1 
13001298760155;0.0682714;1.17774;0.962112 -0.272409 -0.0115774 -1.07172 0.270767 0.959577 -0.0767958 -1.68754 0.0320293 0.0707514 0.99698 -0.039662 0 0 0 1 
13001298760156;0.228778;1.35967;0.94086 -0.335583 0.0465482 -1.24801 0.337336 0.915185 -0.220544 -1.76218 0.0314106 0.223204 0.974266 -0.0734391 0 0 0 1 
13001298760157;0.606065;1.34255;0.979032 -0.199083 0.0431648 -1.70822 0.203374 0.967365 -0.151142 -1.93142 -0.0116665 0.156751 0.987569 0.371891 0 0 0 1 
13001298760158;0.344682;0.969292;0.962052 -0.141063 -0.233573 -0.710381 0.102343 0.980054 -0.170355 -0.396412 0.252945 0.139986 0.9573 -0.915252 0 0 0 1 
13001298760159;0.780294;1.49495;0.964582 -0.263782 -0.000442689 -0.821914 0.263534 0.963747 -0.0417323 -1.30874 0.0114349 0.0401376 0.999129 -0.413698 0 0 0 1 
13001298760160;0.374691;1.09551;0.958328 -0.228039 -0.172063 -0.993821 0.254478 0.955141 0.15148 -1.5313 0.129801 -0.188954 0.973369 -0.147095 0 0 0 1 
13001298760161;0.829311;1.32202;0.809516 -0.318368 0.49328 -1.57269 0.313398 0.94481 0.0954759 -2.31679 -0.496452 0.0773038 0.864615 2.53535 0 0 0 1 
13001298760162;0.477774;1.22513;0.983637 -0.176867 -0.0343062 -1.35187 0.153854 0.923705 -0.350854 -1.30013 0.0937433 0.339834 0.935802 0.0863731 0 0 0 1 
13001298760163;0.737936;1.04741;0.995777 0.017178 0.0901891 -0.723598 -0.011736 0.998098 -0.0605278 -0.136198 -0.0910572 0.0592137 0.994084 0.629801 0 0 0 1 
13001298760164;0.306679;1.30628;0.955191 -0.29543 0.0181789 -1.26083 0.279887 0.881542 -0.380193 -1.55529 0.0962952 0.368245 0.924728 -0.191867 0 0 0 1 
13001298760165;0.655134;0.611646;0.984583 0.150663 -0.0888609 -0.801358 -0.140665 0.983959 0.109719 0.436799 0.103966 -0.0955277 0.989983 -0.851509 0 0 0 1 
13001298760166;0.142166;0.689134;0.993052 -0.114932 0.0252492 -0.819588 0.116459 0.990661 -0.0709113 -0.524773 -0.0168633 0.0733591 0.997163 0.104847 0 0 0 1 
13001298760167;0.73402;1.04855;0.990207 0.0747535 0.117908 -0.714847 -0.0664702 0.995137 -0.0726902 -0.191909 -0.122768 0.064141 0.990361 1.02879 0 0 0 1 
13001298760168;0.457979;1.38674;0.99297 0.114269 -0.0308883 -1.17568 -0.117855 0.978717 -0.167997 -0.233344 0.011034 0.170456 0.985303 -0.183257 0 0 0 1 
13001298760169;0.0971797;1.05683;0.958083 -0.280504 0.0582611 -1.02971 0.2781 0.959446 0.0460812 -1.64383 -0.0688243 -0.0279472 0.997237 0.242273 0 0 0 1 
13001298760170;0.865636;1.43007;0.99363 -0.0267741 -0.109469 -1.81538 0.00810396 0.985829 -0.167558 -0.354983 0.112404 0.165604 0.979766 0.251823 0 0 0 1 
13001298760171;0.53187;1.37934;0.892752 -0.44106 -0.0919755 -1.1107 0.450389 0.868224 0.208175 -2.65288 -0.0119623 -0.227273 0.973758 0.454792 0 0 0 1 
13001298760172;0.399772;1.04907;0.961609 -0.0544319 0.26897 -0.945462 0.036528 0.996798 0.0711303 -0.590419 -0.271981 -0.0585746 0.960518 1.35528 0 0 0 1 
13001298760173;0.409814;1.05195;0.97842 0.0602871 0.197636 -1.0431 -0.0433696 0.995101 -0.0888402 -0.124329 -0.202024 0.0783516 0.976241 0.887639 0 0 0 1 
13001298760174;0.230776;1.52744;0.965665 -0.259766 -0.00354044 -1.46922 0.257939 0.960318 -0.106097 -1.9212 0.0309603 0.101541 0.99435 0.147532 0 0 0 1 
13001298760175;0.184973;1.49048;0.953636 -0.295793 -0.0555514 -1.44297 0.278181 0.936748 -0.212409 -1.81959 0.114867 0.187107 0.975601 -0.541024 0 0 0 1 
13001298760176;0.684651;1.18442;0.996054 -0.0577379 -0.0673936 -1.22387 0.0769599 0.940133 0.332004 -1.55536 0.0441897 -0.335881 0.940867 -0.678211 0 0 0 1 
13001298760177;0.712892;0.881958;0.977668 0.0124379 -0.209785 -0.356686 -0.0682359 0.962949 -0.26091 0.0217348 0.198767 0.269398 0.942293 -1.06388 0 0 0 1 
13001298760178;0.372998;1.19217;0.993661 0.0827865 0.0760514 -1.18929 -0.0736001 0.990455 -0.116537 -0.204812 -0.0849732 0.110201 0.99027 0.296874 0 0 0 1 
13001298760179;0.364497;1.2359;0.959095 -0.271337 0.0807008 -1.15053 0.233695 0.919795 0.315219 -1.90074 -0.159759 -0.283466 0.945581 0.751944 0 0 0 1 
13001298760180;0.444705;1.33484;0.939604 -0.256261 -0.226881 -1.16929 0.320158 0.892435 0.317899 -1.91085 0.121011 -0.371337 0.920579 -0.682415 0 0 0 1 
13001298760181;0.327893;1.48168;0.853282 -0.404769 0.328743 -1.33528 0.435765 0.89976 -0.0232278 -2.63093 -0.286388 0.163075 0.944134 1.13059 0 0 0 1 
13001298760182;0.549357;1.12856;0.99234 -0.110453 -0.0553308 -1.11278 0.109782 0.993842 -0.0150302 -0.942861 0.0566502 0.00884073 0.998355 0.101997 0 0 0 1 
13001298760183;0.363905;1.30673;0.932106 -0.21946 -0.288124 -1.06224 0.256421 0.961681 0.0970436 -1.57664 0.255786 -0.164336 0.952663 -0.700587 0 0 0 1 
13001298760184;0.185151;1.12805;0.985473 -0.169513 0.0103717 -1.01414 0.169822 0.983008 -0.0696779 -1.4651 0.00161582 0.070427 0.997516 0.109881 0 0 0 1 
13001298760186;0.752269;1.00275;0.964153 -0.250464 0.0876208 -0.662455 0.256787 0.963909 -0.070281 -1.18552 -0.0668557 0.0902616 0.993672 0.783271 0 0 0 1 
13001298760187;1.11885;1.18341;0.790474 -0.604545 0.0983714 -0.443498 0.610633 0.790356 -0.0496503 -3.20877 -0.0477326 0.0993161 0.99391 0.596848 0 0 0 1 
13001298760188;1.47853;1.17426;0.96191 -0.273128 -0.0114221 -0.670088 0.244507 0.878293 -0.410874 -1.05223 0.122253 0.392431 0.91162 -0.0874618 0 0 0 1 
13001298760189;0.694353;1.04572;0.998763 0.00666624 0.04927 0.136684 -0.00276425 0.996883 -0.0788438 -0.885825 -0.0496421 0.0786101 0.995669 0.0851108 0 0 0 1 
13001298760190;1.04867;1.18391;0.892038 -0.41439 -0.180415 -0.665565 0.411228 0.909786 -0.056398 -2.65494 0.18751 -0.0238826 0.981972 -0.714677 0 0 0 1 
13001298760191;0.608395;1.01676;0.997708 -0.0666416 0.0116954 -0.219794 0.0671488 0.996475 -0.0502919 -0.788963 -0.00830264 0.050962 0.998666 -0.163126 0 0 0 1 
13001298760192;0.728377;1.26313;0.945333 -0.318822 0.0685396 -0.786953 0.320331 0.94723 -0.0119872 -1.47952 -0.061101 0.0332872 0.997576 0.63643 0 0 0 1 
13001298760193;0.223967;1.13811;0.944563 -0.328266 -0.00646861 -0.670938 0.328315 0.944524 0.00917691 -1.59516 0.00309729 -0.0107919 0.999937 -0.0298652 0 0 0 1 
13001298760194;0.894476;1.02441;0.989663 -0.115131 0.0855057 -0.472094 0.105752 0.988605 0.10713 -1.23569 -0.0968654 -0.0969803 0.990561 -0.490348 0 0 0 1 
13001298760195;0.58478;0.942084;0.981575 0.191076 0.00107078 0.390286 -0.190895 0.980863 -0.0383096 -0.107757 -0.00837032 0.0373993 0.999265 0.339227 0 0 0 1 
13001298760196;0.904607;1.15191;0.96104 -0.276408 0.000960474 -0.921877 0.276393 0.960941 -0.0141429 -1.20689 0.00298625 0.0138574 0.9999 -0.234942 0 0 0 1 
13001298760197;0.286883;1.04933;0.929066 -0.368925 -0.0270342 -0.770977 0.368995 0.929428 -0.00255099 -1.93958 0.0260675 -0.00760546 0.999631 0.048198 0 0 0 1 
13001298760198;1.24998;1.21791;0.971261 0.238018 -0.000589304 0.404621 -0.238014 0.971227 -0.00815053 0.295936 -0.00136762 0.00805655 0.999967 -0.384344 0 0 0 1 
13001298760199;1.55468;1.10094;0.916869 -0.202563 -0.343975 0.214807 0.177263 0.978671 -0.103831 -0.947764 0.357671 0.0342253 0.93322 -1.70992 0 0 0 1 
13001298760200;0.663257;1.11966;0.968885 -0.246823 0.0184305 -0.664388 0.247162 0.968785 -0.0191315 -1.81445 -0.0131331 0.0230916 0.999647 0.0414295 0 0 0 1 
13001298760201;0.427557;1.13823;0.999883 0.00745927 -0.0133659 -0.0161784 -0.00403454 0.970776 0.239954 -0.956137 0.0147652 -0.239872 0.970692 -0.771121 0 0 0 1 
13001298760202;1.14516;1.2263;0.954747 -0.237499 -0.179032 -0.248644 0.280633 0.918735 0.277795 -2.10953 0.0985073 -0.315467 0.94381 -1.65914 0 0 0 1 
13001298760203;0.345194;1.02385;0.995208 0.0411457 -0.0886966 0.0814191 -0.0350861 0.997011 0.0688266 -0.5126 0.0912634 -0.0653848 0.993678 -0.236577 0 0 0 1 
13001298760204;0.987501;1.16987;0.922795 -0.383757 0.0343559 -1.10418 0.384483 0.922964 -0.0176082 -1.62321 -0.024952 0.029458 0.999255 -0.375065 0 0 0 1 
13001298760205;1.27725;1.17038;0.930724 -0.365704 -0.00371683 -0.221895 0.365686 0.930726 -0.00480846 -1.84669 0.00521783 0.00311615 0.999982 0.576846 0 0 0 1 
13001298760206;0.732057;1.22062;0.997672 0.0240745 0.0638019 -0.249546 -0.0028555 0.949538 -0.313639 -0.693244 -0.068133 0.312727 0.947396 1.32944 0 0 0 1 
13001298760207;0.280311;1.17544;0.909263 -0.388664 -0.148933 -0.721045 0.387502 0.921088 -0.0379504 -1.87223 0.15193 -0.0232048 0.988119 -0.339956 0 0 0 1 
13001298760208;0.976835;1.03263;0.981861 -0.183089 0.0492644 -0.314933 0.185173 0.981821 -0.0416989 -1.5968 -0.0407342 0.050065 0.997915 0.676974 0 0 0 1 
13001298760209;0.510095;1.12895;0.969041 -0.242234 -0.0477785 -0.268903 0.237817 0.967752 -0.0830554 -1.43866 0.0663566 0.0691215 0.995399 -0.149029 0 0 0 1 
13001298760210;0.786915;1.22872;0.933035 -0.333317 0.135443 -0.894586 0.332873 0.942597 0.0265919 -1.3516 -0.136531 0.0202739 0.990428 0.259348 0 0 0 1 
13001298760211;0.331308;1.04717;0.979689 -0.191869 0.0582746 -0.490204 0.180918 0.971083 0.155776 -1.2683 -0.0864782 -0.142069 0.986072 0.0470787 0 0 0 1 
13001298760212;0.525518;0.990332;0.987712 -0.12679 0.0913748 -0.592589 0.127924 0.991762 -0.00664198 -1.01527 -0.0897799 0.0182494 0.995794 0.130207 0 0 0 1 
13001298760213;1.26584;1.27502;0.968081 -0.246188 0.0470117 -0.223388 0.250482 0.956897 -0.146995 -1.3703 -0.0087971 0.154078 0.988019 1.12399 0 0 0 1 
13001298760214;1.19532;1.31404;0.960115 -0.120939 0.252098 0.0784264 0.10203 0.990985 0.0868248 -0.635505 -0.260326 -0.0576402 0.963799 0.800866 0 0 0 1 
13001298760215;0.473246;1.03023;0.994365 0.105734 0.00760256 0.0736529 -0.105871 0.994166 0.0206077 -0.624612 -0.00537927 -0.0212965 0.999759 -0.0445529 0 0 0 1 
13001298760217;0.222897;1.1382;0.900417 -0.432824 -0.0437241 0.0030377 0.435024 0.896199 0.0870744 -2.25466 0.00149756 -0.0974244 0.995242 -0.024113 0 0 0 1 
13001298760218;0.56062;1.18527;0.966837 -0.234678 0.100755 0.577875 0.190808 0.925982 0.325807 -1.37021 -0.169757 -0.295777 0.940052 -0.0518546 0 0 0 1 
13001298760219;1.35156;0.985571;0.930365 -0.364974 0.0348693 -0.256297 0.362962 0.930297 0.0529698 -1.47191 -0.0517714 -0.0366249 0.997987 1.14499 0 0 0 1 
13001298760220;0.477483;1.10385;0.782466 -0.554533 0.283268 -0.027309 0.48038 0.827013 0.292035 -2.52177 -0.39621 -0.0924312 0.913496 1.62696 0 0 0 1 
13001298760221;0.489369;1.29984;0.842958 -0.496538 0.207055 0.109651 0.442153 0.85869 0.259135 -2.60236 -0.306466 -0.12689 0.943386 1.16573 0 0 0 1 
13001298760222;1.04527;1.27137;0.946652 -0.321005 -0.0283779 -0.01076 0.315399 0.904838 0.285993 -2.46501 -0.0661278 -0.279687 0.957811 -0.655862 0 0 0 1 
13001298760223;0.25956;1.21274;0.934443 -0.301139 0.190083 0.0531289 0.270952 0.947599 0.169238 -1.50316 -0.231086 -0.10664 0.967071 0.678583 0 0 0 1 
13001298760224;0.137794;0.811792;0.954783 -0.297304 -0.000100584 -0.149279 0.297304 0.954781 0.00168965 -1.46691 -0.000406304 -0.00164315 0.999999 0.235965 0 0 0 1 
13001298760225;1.05742;1.34562;0.829618 -0.399894 0.389639 -0.250775 0.378651 0.91583 0.133712 -2.39748 -0.410314 0.0366071 0.911209 1.92933 0 0 0 1 
13001298760226;1.15936;1.12794;0.970371 -0.239547 0.0315875 -0.316612 0.239487 0.970883 0.00574644 -1.49933 -0.0320443 0.00198861 0.999484 0.882535 0 0 0 1 
13001298760227;0.324156;1.01412;0.998525 -0.0451571 -0.0301489 0.637351 0.0424735 0.995527 -0.0843912 -0.278547 0.0338249 0.0829862 0.995976 0.279243 0 0 0 1 
13001298760228;1.39459;1.16819;0.772587 -0.433331 0.46404 -0.531045 0.547461 0.824826 -0.141236 -2.18545 -0.321551 0.363161 0.874482 2.18928 0 0 0 1 
13001298760229;0.664996;1.17357;0.912894 -0.371873 0.168327 -0.146895 0.288324 0.87934 0.378985 -1.7 -0.288951 -0.297441 0.909965 0.819929 0 0 0 1 
13001298760230;0.977712;1.24097;0.776676 -0.62987 0.00616104 0.165737 0.617455 0.763229 0.190344 -3.55975 -0.124594 -0.144031 0.981698 -0.278692 0 0 0 1 
13001298760231;0.367575;1.07461;0.968579 -0.00979042 0.248514 0.68727 -0.014251 0.995398 0.0947575 -0.201421 -0.248298 -0.0953217 0.963982 0.70502 0 0 0 1 
13001298760232;0.090517;1.25522;0.940616 -0.334913 -0.0554453 0.187293 0.334455 0.942247 -0.0176187 -1.63116 0.0581439 -0.00197158 0.998306 -0.0970583 0 0 0 1 
13001298760233;0.668099;1.11399;0.827356 -0.561447 0.0160918 0.0539377 0.554745 0.821297 0.133151 -2.44831 -0.0879735 -0.101237 0.990965 0.184473 0 0 0 1 
13001298760234;0.755306;1.24077;0.968441 -0.237476 -0.0756778 0.320444 0.246892 0.95562 0.160732 -1.60892 0.0341493 -0.174344 0.984092 0.0278154 0 0 0 1 
13001298760235;0.973297;1.04337;0.947825 -0.318667 0.00896134 0.282654 0.316473 0.943941 0.0939206 -2.11538 -0.0383883 -0.0861843 0.995539 -0.140739 0 0 0 1 
13001298760236;0.97211;1.24116;0.836087 -0.477602 -0.269918 0.517094 0.522094 0.843802 0.124165 -2.7718 0.168456 -0.244735 0.954844 -1.71197 0 0 0 1 
13001298760237;0.48343;0.94418;0.967682 -0.238601 0.0816162 0.167622 0.236088 0.970936 0.0393138 -1.38275 -0.0886245 -0.0187747 0.995888 0.235569 0 0 0 1 
13001298760238;0.245894;1.09937;0.953667 -0.295545 0.0563231 0.144659 0.297515 0.954234 -0.0303831 -1.54161 -0.0447659 0.0457323 0.99795 0.547118 0 0 0 1 
13001298760239;0.597612;1.17655;0.998283 -0.0343406 -0.047453 0.840457 0.0376248 0.996827 0.0701451 -0.432298 0.0448936 -0.07181 0.996407 -0.549176 0 0 0 1 
13001298760240;0.379328;1.2973;0.904698 -0.425307 0.0252134 0.0516873 0.420865 0.901321 0.102434 -2.01459 -0.0662912 -0.0820602 0.99442 0.451371 0 0 0 1 
13001298760241;0.905295;1.0397;0.925793 -0.373347 -0.0593193 0.367393 0.376561 0.896947 0.231709 -1.59196 -0.0333017 -0.236852 0.970975 -0.590804 0 0 0 1 
13001298760242;0.886526;1.28361;0.73191 -0.665967 0.144206 -0.333818 0.620211 0.738746 0.263804 -3.51128 -0.282216 -0.103643 0.953736 0.489207 0 0 0 1 
13001298760243;0.836676;1.12089;0.963324 -0.126515 0.236644 0.700277 0.13012 0.991498 0.000384588 -1.00872 -0.23468 0.0304217 0.971596 0.658302 0 0 0 1 
13001298760244;1.22657;1.18015;0.96481 -0.262318 0.0181758 0.671579 0.261957 0.964871 0.020051 -0.980449 -0.022797 -0.0145841 0.999634 0.799493 0 0 0 1 
13001298760245;1.14759;1.41509;0.935774 -0.349651 0.045513 -0.578266 0.349556 0.936859 0.0102801 -1.83984 -0.0462337 0.00628945 0.998911 0.117123 0 0 0 1 
13001298760246;0.304771;1.00366;0.986577 -0.105745 -0.124434 0.498979 0.10276 0.994248 -0.0301858 -0.594038 0.126911 0.0169937 0.991769 -0.365222 0 0 0 1 
13001298760248;0.0489943;1.45845;0.998602 -0.0528488 0.00141747 -0.111394 0.0528545 0.998593 -0.00435374 -1.43406 -0.00118539 0.00442257 0.99999 0.025307 0 0 0 1 
13001298760249;0.420407;1.12551;0.995506 -0.0936498 -0.0140407 -0.365647 0.0938346 0.995501 0.0131364 -1.42787 0.0127473 -0.0143948 0.999815 -0.328382 0 0 0 1 
13001298760250;0.517589;1.4395;0.997347 0.0366745 0.0628855 0.163533 -0.0392739 0.998403 0.0406098 -1.07162 -0.0612957 -0.0429718 0.997194 0.49538 0 0 0 1 
13001298760251;0.918817;2.8752;0.800896 0.585601 0.125046 1.60355 -0.579959 0.810566 -0.0814211 -1.2225 -0.149038 -0.00731154 0.988804 0.177769 0 0 0 1 
13001298760252;0.624083;1.33727;0.999363 0.0272095 -0.0230716 -0.0680309 -0.0296692 0.993037 -0.114003 -0.52757 0.0198089 0.114615 0.993212 0.402791 0 0 0 1 
13001298760253;0.848575;1.07485;0.974526 0.139415 0.175676 0.769847 -0.0976089 0.968889 -0.227437 -0.790351 -0.201919 0.204496 0.957815 1.41794 0 0 0 1 
13001298760254;0.316984;2.82119;0.857527 0.498167 -0.128368 0.75261 -0.512927 0.847081 -0.139138 -0.876386 0.0394243 0.185158 0.981918 0.706668 0 0 0 1 
13001298760255;0.292142;1.05966;0.979148 0.155502 -0.130724 0.550027 -0.1587 0.987223 -0.0143439 -0.487933 0.126823 0.0347907 0.991315 -0.377575 0 0 0 1 
13001298760256;0.288912;1.35934;0.995554 -0.0936305 0.0102713 -0.256006 0.0936022 0.995605 0.00319779 -1.63021 -0.0105255 -0.00222216 0.999942 0.229634 0 0 0 1 
13001298760257;0.0896223;1.33094;0.988931 -0.0662373 0.13277 -0.275499 0.0641107 0.997738 0.0202338 -1.3587 -0.13381 -0.0114979 0.99094 0.379456 0 0 0 1 
13001298760258;0.918056;2.85246;0.808953 0.566831 0.155881 1.30579 -0.571875 0.820208 -0.0147475 -0.244399 -0.136214 -0.0772145 0.987666 0.24498 0 0 0 1 
13001298760259;0.628443;2.82898;0.773177 0.628145 0.0873563 1.20225 -0.629318 0.776965 -0.016851 -0.546629 -0.0784576 -0.0419461 0.996035 -0.304285 0 0 0 1 
13001298760260;0.777086;2.89779;0.856982 0.50772 0.088334 0.837976 -0.506085 0.861475 -0.0416909 -0.411042 -0.0972649 -0.00897619 0.995218 0.27888 0 0 0 1 
13001298760261;0.754638;2.90901;0.883936 0.391342 -0.255946 0.359317 -0.427705 0.897886 -0.104253 -0.805849 0.189011 0.201623 0.961053 0.629139 0 0 0 1 
13001298760262;0.728008;1.23934;0.998938 -0.0459783 -0.00289027 -0.513096 0.0459488 0.998898 -0.00956509 -1.37583 0.00332687 0.00942213 0.99995 -0.375645 0 0 0 1 
