#;prob_registration_l1 -r /home/probabilistic_point_clouds_registration/build/tester /home/point_clouds_registration_benchmark//devel/registration_pairs/box_met_local.txt /home/point_clouds_registration_benchmark//planetary/box_met -s 0.2 -t 0.2 -p 0.3 -r 1000 -m 1 -i 40 
id;initial_error;final_error;transformation
7680147070000;1.79635;3.88636;0.877943 0.135447 0.459205 -8.157 -0.0820603 0.987525 -0.134392 -0.366151 -0.47168 0.0803057 0.878106 -33.0716 0 0 0 1 
7680147070001;0.811107;3.45023;0.983669 0.153535 0.0939216 -5.27802 -0.129194 0.965647 -0.225467 -3.00053 -0.125312 0.209651 0.969713 -12.6806 0 0 0 1 
7680147070002;1.49386;3.70883;0.965645 -0.0454257 -0.255865 -3.59396 -0.0262803 0.962485 -0.270061 2.99391 0.258533 0.267507 0.928224 7.78252 0 0 0 1 
7680147070003;0.946768;3.96128;0.99506 0.0986876 0.0107737 -4.41124 -0.0947974 0.976799 -0.192033 -1.4895 -0.0294751 0.190063 0.981329 -5.07791 0 0 0 1 
7680147070004;1.43077;4.84218;0.998204 -0.0574817 -0.0168754 -1.9227 0.0546798 0.989286 -0.135362 6.72367 0.0244754 0.134196 0.990652 -2.12967 0 0 0 1 
7680147070005;0.312811;3.7121;0.988799 0.138333 0.0560483 -5.08015 -0.139325 0.990145 0.0141872 -3.06263 -0.0535334 -0.0218372 0.998327 -4.03994 0 0 0 1 
7680147070006;1.56238;4.23352;0.999932 0.00313604 -0.0111986 -1.84344 -0.00293495 0.999835 0.0179283 4.64921 0.011253 -0.0178942 0.999777 -2.13541 0 0 0 1 
7680147070007;1.77223;3.97984;0.963715 0.14836 0.221907 -5.80373 -0.1982 0.954557 0.222573 -4.64674 -0.178802 -0.258479 0.949325 -9.68222 0 0 0 1 
7680147070008;0.368314;3.9701;0.985423 0.141194 0.0948978 -5.17741 -0.14267 0.98973 0.00891139 -2.94699 -0.092665 -0.0223205 0.995447 -6.21277 0 0 0 1 
7680147070009;2.02654;3.89615;0.999716 0.00112108 0.0238233 -2.90114 0.000772531 0.996848 -0.0793281 4.32506 -0.0238371 0.0793239 0.996564 -6.8671 0 0 0 1 
7680147070010;1.67484;4.05989;0.991415 0.00948561 -0.130409 -3.24803 -0.0113552 0.999843 -0.0135999 4.29776 0.13026 0.0149639 0.991367 8.37567 0 0 0 1 
7680147070011;1.58383;3.98818;0.971058 0.0384742 0.235724 -3.78704 0.0460356 0.938285 -0.342786 5.58384 -0.234365 0.343717 0.909358 -19.543 0 0 0 1 
7680147070012;1.55669;3.57113;0.995972 0.024306 0.0863105 -3.6143 -0.00615531 0.978822 -0.204619 3.73389 -0.0894561 0.203263 0.975029 -8.20154 0 0 0 1 
7680147070013;1.90796;3.94638;0.996745 0.0800652 0.00941601 -3.82413 -0.0804065 0.978906 0.187825 1.22017 0.00582085 -0.187971 0.982157 -0.226903 0 0 0 1 
7680147070014;1.7784;3.50697;0.994235 0.105045 -0.0215019 -4.13891 -0.106548 0.990373 -0.0883719 -1.17154 0.0120119 0.0901534 0.995855 -4.31084 0 0 0 1 
7680147070015;0.363704;3.67522;0.996585 -0.0377481 -0.0734333 -2.74379 0.0621235 0.928645 0.36573 11.795 0.0543879 -0.369043 0.927819 8.28665 0 0 0 1 
7680147070016;0.265959;3.58956;0.997485 0.0656434 0.0267256 -3.63127 -0.0668306 0.996691 0.0462586 1.14079 -0.0236006 -0.0479283 0.998572 -1.94017 0 0 0 1 
7680147070017;0.994504;4.15457;0.995993 -0.0893883 -0.00291903 -1.58923 0.0894174 0.99592 0.012123 10.5819 0.00182347 -0.0123354 0.999922 -2.09053 0 0 0 1 
7680147070018;1.14391;3.59621;0.922686 0.0913492 -0.374574 -11.6848 -0.0933012 0.995554 0.012962 -0.249353 0.374092 0.0229883 0.927106 20.3773 0 0 0 1 
7680147070019;1.59901;3.2053;0.998647 0.0481879 0.0195338 -1.88091 -0.0482277 0.998835 0.00157141 2.90875 -0.0194353 -0.00251136 0.999808 -1.80553 0 0 0 1 
7680147070020;1.99055;3.8231;0.973628 0.0506219 0.222455 -5.45713 -0.0744621 0.992185 0.100119 1.75955 -0.215648 -0.114043 0.969789 -10.5716 0 0 0 1 
7680147070021;1.30849;3.44694;0.964773 -0.0466385 -0.258917 -4.96754 0.0978009 0.977211 0.1884 12.5425 0.24423 -0.207086 0.947347 15.392 0 0 0 1 
7680147070022;0.490232;4.13642;0.997187 -0.04824 0.0573753 -1.43588 0.0455475 0.99784 0.0473449 8.31581 -0.0595352 -0.0445983 0.997229 -3.43616 0 0 0 1 
7680147070023;1.93092;2.96094;0.99507 0.0737145 0.0663445 -2.85166 -0.0636794 0.98776 -0.14239 2.11198 -0.0760286 0.137463 0.987585 -7.07805 0 0 0 1 
7680147070024;2.01577;4.41092;0.984234 0.0954453 -0.14891 -4.48399 -0.0667898 0.980131 0.18677 1.96132 0.163778 -0.17388 0.971052 10.0436 0 0 0 1 
7680147070025;1.53658;4.41398;0.959179 -0.0766446 -0.272215 -4.49413 0.038962 0.989209 -0.141234 6.24469 0.280102 0.124863 0.951815 10.7438 0 0 0 1 
7680147070026;1.23157;3.77442;0.986652 0.154902 0.0502367 -5.28685 -0.15838 0.98454 0.0748093 -2.94145 -0.037872 -0.0817672 0.995932 -0.442756 0 0 0 1 
7680147070027;1.05263;3.66762;0.938166 0.0487027 0.342743 -5.78804 -0.103876 0.984037 0.144504 -0.259492 -0.330234 -0.171171 0.928249 -17.8969 0 0 0 1 
7680147070028;0.137424;3.67399;0.998327 0.0550112 0.017785 -3.25099 -0.055203 0.99842 0.0104799 1.46749 -0.0171804 -0.0114441 0.999787 -1.79517 0 0 0 1 
7680147070029;1.81513;2.77508;0.998196 -0.011636 -0.0589013 -3.0561 0.0100943 0.9996 -0.0264035 6.36725 0.059185 0.0257613 0.997915 2.64086 0 0 0 1 
7680147070031;0.429088;2.30135;0.973618 -0.0402218 -0.224611 -5.13462 0.0406657 0.999169 -0.00265123 2.28369 0.224531 -0.00655268 0.974445 1.11522 0 0 0 1 
7680147070032;0.91489;2.5384;0.995438 -0.0104317 0.0948438 -3.54932 0.00196677 0.996038 0.0889097 3.45238 -0.0953955 -0.0883176 0.991514 -0.0611976 0 0 0 1 
7680147070033;0.415478;2.16512;0.9776 -0.00728709 0.210346 -3.44892 0.0702395 0.953401 -0.293415 1.87354 -0.198406 0.301617 0.932557 -9.81882 0 0 0 1 
7680147070034;0.600344;2.55734;0.985057 -0.0596211 -0.161582 -4.73376 0.0301539 0.983383 -0.179024 1.77545 0.16957 0.171476 0.970485 -2.30238 0 0 0 1 
7680147070035;0.44843;2.29108;0.997409 -0.02711 0.0666303 -3.76044 0.0129673 0.978852 0.204156 2.98901 -0.0707559 -0.202763 0.976668 2.45703 0 0 0 1 
7680147070036;0.879785;1.84117;0.99923 -0.0385972 -0.00700177 -4.54096 0.0383255 0.998635 -0.0355004 2.5072 0.00836243 0.0352047 0.999345 -1.58195 0 0 0 1 
7680147070037;0.82527;2.46779;0.999479 -0.0197672 0.0255103 -4.20284 0.0192099 0.999575 0.0219078 2.69906 -0.0259325 -0.0214063 0.999434 1.26637 0 0 0 1 
7680147070038;0.802274;2.12429;0.979473 -0.020314 0.200551 -3.66195 -0.0380454 0.958398 0.282888 4.3453 -0.197954 -0.284711 0.937952 4.02169 0 0 0 1 
7680147070039;1.33952;1.99401;0.999888 0.00644758 0.013476 -6.09451 -0.00674245 0.999736 0.0219513 1.97259 -0.013331 -0.0220397 0.999668 0.762987 0 0 0 1 
7680147070040;0.158831;2.4042;0.998664 -0.0503184 -0.0117914 -3.65197 0.048452 0.990952 -0.125163 2.0348 0.0179827 0.124424 0.992066 -3.15813 0 0 0 1 
7680147070041;1.36617;2.26468;0.998257 -0.0407684 0.0426656 -3.59955 0.0394074 0.998702 0.03227 2.7007 -0.0439258 -0.0305324 0.998568 -3.30492 0 0 0 1 
7680147070042;0.46675;2.40952;0.995684 -0.0060648 0.0926068 -3.99477 0.0254119 0.977542 -0.209203 1.72083 -0.0892583 0.210654 0.973477 -6.87289 0 0 0 1 
7680147070043;1.14629;2.7373;0.965762 0.0331601 0.257301 -3.21541 0.0260403 0.974398 -0.223318 1.0274 -0.258119 0.222372 0.940173 -7.76586 0 0 0 1 
7680147070044;0.702038;2.37259;0.998901 -0.0304546 -0.0356266 -4.27245 0.0328019 0.997195 0.0672725 3.03149 0.0334779 -0.0683672 0.997098 2.59264 0 0 0 1 
7680147070045;0.887978;2.25678;0.998613 -0.0345399 0.0397282 -3.63058 0.03493 0.999348 -0.00916537 2.99159 -0.0393857 0.0105404 0.999168 -2.51217 0 0 0 1 
7680147070046;0.520495;2.20627;0.993724 -0.0378303 0.10527 -3.09694 0.0556877 0.983477 -0.172253 1.86971 -0.0970141 0.177034 0.979412 -6.41095 0 0 0 1 
7680147070047;1.3778;2.10845;0.996346 0.0420284 -0.0743586 -7.43093 -0.0196788 0.960096 0.278978 4.42309 0.0831164 -0.276495 0.957414 7.45557 0 0 0 1 
7680147070048;1.12108;3.01768;0.999339 -0.0359993 0.00508836 -3.15934 0.0362186 0.997938 -0.0529886 1.67519 -0.00317031 0.0531379 0.998582 -1.38417 0 0 0 1 
7680147070049;0.932757;2.26972;0.995856 -0.0745761 -0.0520507 -3.75016 0.0658628 0.986076 -0.152694 2.94855 0.0627133 0.148633 0.986902 -1.82336 0 0 0 1 
7680147070050;1.2993;1.87472;0.956475 -0.0716946 -0.282872 -6.18558 0.0345403 0.99035 -0.134216 1.79878 0.289764 0.118603 0.949721 -0.632334 0 0 0 1 
7680147070051;0.92457;2.36181;0.997252 -0.0528608 0.051906 -2.81973 0.0376157 0.964891 0.259941 3.89978 -0.0638243 -0.257275 0.964228 2.56621 0 0 0 1 
7680147070052;0.840224;2.56221;0.961321 -0.0580544 -0.269243 -4.75775 0.0990324 0.985015 0.141201 4.43776 0.257011 -0.162403 0.952665 6.45592 0 0 0 1 
7680147070053;0.82655;2.51746;0.999885 -0.0150343 0.00201703 -4.1588 0.0150695 0.999711 -0.0187159 1.98504 -0.00173507 0.0187441 0.999823 0.511312 0 0 0 1 
7680147070054;0.270576;2.41249;0.998213 -0.0109179 0.0587421 -4.34136 0.00838112 0.999029 0.0432599 2.31283 -0.0591573 -0.0426903 0.997335 -0.351086 0 0 0 1 
7680147070055;0.73698;2.48567;0.982309 -0.145856 -0.117455 -2.45859 0.0792977 0.892162 -0.444701 2.37868 0.169651 0.427519 0.887945 -7.51787 0 0 0 1 
7680147070056;0.896614;2.20479;0.997656 -0.0644621 -0.0229545 -3.16815 0.0637469 0.997496 -0.0306348 2.29289 0.0248718 0.0290997 0.999267 -2.95507 0 0 0 1 
7680147070057;0.403726;2.19234;0.997781 -0.00795489 0.0660989 -4.47182 0.0110683 0.99884 -0.0468697 2.15475 -0.0656494 0.0474973 0.996712 -2.28562 0 0 0 1 
7680147070058;0.771956;2.2603;0.992411 0.00650247 0.122792 -4.25149 0.0149069 0.984874 -0.172632 1.66497 -0.122057 0.173152 0.977303 -7.2238 0 0 0 1 
7680147070059;0.054331;2.30948;0.99934 -0.0271005 0.0241877 -3.75028 0.0275051 0.999485 -0.0165536 2.15694 -0.0237267 0.017208 0.99957 -1.3654 0 0 0 1 
7680147070060;0.252286;2.30259;0.999862 -0.0140685 0.00881371 -4.18261 0.0112002 0.963524 0.267387 4.18721 -0.012254 -0.267252 0.963549 4.5723 0 0 0 1 
7680147070062;0.694613;2.972;0.997187 0.0478221 0.0577141 2.32487 -0.0495589 0.998349 0.0290469 -1.84748 -0.0562297 -0.0318255 0.99791 -0.950342 0 0 0 1 
7680147070063;0.642429;2.41508;0.998941 -0.0374814 -0.0267008 3.47446 0.0374978 0.999297 0.000116503 0.103027 0.0266776 -0.0011176 0.999643 0.347947 0 0 0 1 
7680147070064;1.73702;2.99087;0.996486 -0.0519203 -0.0657272 2.62625 0.036859 0.97646 -0.212526 -0.432732 0.0752144 0.209356 0.974942 -2.83168 0 0 0 1 
7680147070065;2.03958;3.22722;0.98021 -0.0134894 -0.1975 0.0840417 0.0423585 0.988861 0.142689 1.49915 0.193375 -0.148231 0.969863 6.60519 0 0 0 1 
7680147070066;1.4044;2.38861;0.997085 -0.0100549 0.0756351 1.7407 0.0203922 0.990337 -0.137173 -0.517792 -0.073525 0.138315 0.987655 -3.94895 0 0 0 1 
7680147070067;2.44929;2.55506;0.996547 -0.0215077 -0.0802021 3.44144 0.0224863 0.999683 0.011319 -0.446143 0.0799332 -0.0130833 0.996714 -0.302886 0 0 0 1 
7680147070068;0.72785;2.71865;0.996613 0.00732092 -0.0819123 2.40267 -0.0108016 0.999054 -0.0421303 -0.985667 0.0815264 0.0428724 0.995749 2.25922 0 0 0 1 
7680147070069;0.403431;2.33389;0.997846 -0.0302547 0.0582102 3.40138 0.0519946 0.905796 -0.420511 -0.217598 -0.0400042 0.422632 0.905418 -8.63256 0 0 0 1 
7680147070070;2.46104;3.26382;0.927929 -0.1365 -0.346865 1.97054 0.0582839 0.972225 -0.226675 -0.709419 0.368172 0.190121 0.910112 3.78653 0 0 0 1 
7680147070071;1.40642;2.14683;0.947321 0.0489508 0.316522 2.20565 -0.0899808 0.989126 0.116334 -1.71993 -0.307386 -0.138686 0.941424 -6.58194 0 0 0 1 
7680147070072;0.468235;2.36844;0.996728 0.012017 -0.0799326 1.90073 -0.0124841 0.999908 -0.00534662 -0.826121 0.079861 0.00632701 0.996786 1.67907 0 0 0 1 
7680147070073;0.953779;2.2777;0.995479 0.0103845 0.0944142 2.55783 0.00873682 0.979781 -0.199883 -1.52731 -0.0945809 0.199804 0.97526 -4.79422 0 0 0 1 
7680147070074;0.189263;2.5765;0.998666 -0.0471934 -0.0209667 3.57116 0.0428874 0.984106 -0.172326 -0.49028 0.0287661 0.171197 0.984817 -2.15451 0 0 0 1 
7680147070075;2.44638;2.61622;0.960357 -0.0999513 -0.26024 4.69564 0.0168439 0.952614 -0.303715 -1.33773 0.278265 0.287291 0.916533 2.08342 0 0 0 1 
7680147070076;2.31741;2.54188;0.996194 -0.0293169 -0.0820809 2.85229 0.0267236 0.999114 -0.032517 -0.442474 0.0829615 0.0301998 0.996095 3.75868 0 0 0 1 
7680147070077;2.21484;2.23777;0.998734 0.0318056 -0.0389644 3.32652 -0.0361111 0.992673 -0.115306 -2.01586 0.0350116 0.116567 0.992566 0.932697 0 0 0 1 
7680147070078;0.226189;2.51774;0.991291 0.0458621 -0.123448 1.19162 -0.00229867 0.943284 0.33198 2.37416 0.131672 -0.328804 0.935174 8.58716 0 0 0 1 
7680147070079;1.94297;3.41657;0.994553 -0.0115554 0.103587 3.26986 0.0360726 0.970579 -0.238068 -0.609396 -0.0977881 0.240507 0.965709 -6.84366 0 0 0 1 
7680147070080;2.14298;2.66309;0.999398 -0.0226863 -0.0262355 2.67734 0.0170069 0.979775 -0.19938 -0.758578 0.030228 0.198814 0.979571 -0.125519 0 0 0 1 
7680147070081;1.69906;2.78292;0.999189 0.00537549 0.0399175 4.5123 -0.000275761 0.991944 -0.126678 -1.12927 -0.0402769 0.126564 0.99114 -1.6031 0 0 0 1 
7680147070082;2.0972;2.64223;0.956212 -0.104028 -0.273564 1.60052 0.0271559 0.962203 -0.270975 -1.02692 0.291413 0.25168 0.922895 4.30023 0 0 0 1 
7680147070083;0.59076;2.43836;0.999764 -0.017939 0.0122156 2.86372 0.0209035 0.947298 -0.31967 -1.50877 -0.00583721 0.31985 0.94745 -5.93463 0 0 0 1 
7680147070084;0.946739;2.62707;0.9991 -0.0179771 -0.0384168 3.84665 0.0183857 0.999778 0.0103091 -0.29312 0.0382229 -0.0110061 0.999209 2.08771 0 0 0 1 
7680147070085;1.67199;2.39651;0.961155 0.043299 -0.272591 -0.265263 0.053653 0.939469 0.338408 3.76083 0.270743 -0.339888 0.900652 13.4132 0 0 0 1 
7680147070086;1.58068;2.81196;0.999147 0.0236139 -0.0338641 2.36473 -0.0230222 0.999577 0.017755 -1.39701 0.0342691 -0.0169603 0.999269 -0.436541 0 0 0 1 
7680147070087;0.945675;3.40561;0.988797 0.0348598 -0.14514 1.6005 -0.0644143 0.976802 -0.204228 -3.31327 0.134653 0.211289 0.968104 -0.612812 0 0 0 1 
7680147070088;1.00125;3.22574;0.982764 0.0595567 0.175008 2.93372 -0.0543833 0.997934 -0.0342139 -2.92877 -0.176684 0.0241067 0.983972 -4.85395 0 0 0 1 
7680147070089;1.42162;3.24467;0.997395 0.0652125 0.0308206 2.63194 -0.0656876 0.997732 0.0146629 -2.5388 -0.0297945 -0.0166492 0.999417 1.25385 0 0 0 1 
7680147070090;0.678915;2.32254;0.998014 -0.0204191 -0.0595984 3.02021 0.0224779 0.999166 0.0340813 0.302896 0.0588528 -0.0353532 0.99764 1.93053 0 0 0 1 
7680147070091;1.30647;2.93137;0.986028 -0.0613484 -0.154869 1.85167 0.0448001 0.993122 -0.108171 0.385056 0.16044 0.0997219 0.981995 2.2247 0 0 0 1 
7680147070093;0.528987;1.39119;0.996394 -0.0173931 -0.0830504 -2.14561 0.0226985 0.997732 0.0633714 1.14129 0.0817598 -0.065028 0.994528 7.16213 0 0 0 1 
7680147070094;0.750267;1.51345;0.977282 -0.0212044 -0.210879 -3.82361 0.0482758 0.991099 0.124068 3.6522 0.206371 -0.13143 0.969607 17.5118 0 0 0 1 
7680147070095;1.32662;1.88171;0.994029 0.0777976 0.076509 -4.77397 -0.0538674 0.959659 -0.27596 -7.82509 -0.0948915 0.270191 0.958119 -13.149 0 0 0 1 
7680147070096;1.72861;1.93599;0.999114 0.015922 0.0389559 -2.94647 -0.013982 0.998673 -0.049573 -3.22959 -0.0396935 0.0489844 0.998011 -0.402865 0 0 0 1 
7680147070097;1.58172;3.30916;0.997972 -0.0164817 -0.0614845 -2.64845 0.0200572 0.998115 0.0579968 0.21027 0.0604127 -0.0591124 0.996422 6.35261 0 0 0 1 
7680147070098;0.811119;1.4509;0.981383 -0.0185056 -0.19117 -5.15711 -0.000582412 0.995056 -0.0993134 -2.36744 0.192062 0.0975758 0.97652 12.5181 0 0 0 1 
7680147070099;0.734807;1.46567;0.999684 0.0152329 0.0200164 -3.04417 -0.0151748 0.99988 -0.00305354 -3.19148 -0.0200605 0.00274883 0.999795 -1.62297 0 0 0 1 
7680147070100;0.613699;1.17515;0.933104 0.104472 0.344098 -6.6391 -0.0822595 0.993509 -0.0785749 -7.38052 -0.350073 0.0450133 0.93564 -26.8464 0 0 0 1 
7680147070101;0.463274;1.29483;0.999083 0.00161297 -0.0427882 -1.85164 -0.00679413 0.992602 -0.121222 -2.27046 0.0422761 0.121401 0.991703 0.0964245 0 0 0 1 
7680147070102;1.71997;1.78742;0.989785 0.081027 0.117305 -3.64636 -0.0579041 0.980348 -0.188587 -6.97781 -0.13028 0.179868 0.975025 -15.5346 0 0 0 1 
7680147070103;0.768405;2.27824;0.982158 0.0378947 0.184199 -3.72814 -0.0454631 0.998279 0.0370385 -4.71641 -0.182479 -0.044752 0.982191 -10.2958 0 0 0 1 
7680147070104;1.11988;1.28845;0.999313 0.0335756 0.0156981 -3.24147 -0.0327496 0.998202 -0.0502058 -4.99933 -0.0173555 0.0496572 0.998616 -2.37419 0 0 0 1 
7680147070105;0.792054;2.71519;0.967041 0.012103 0.254334 -4.27808 -0.0101181 0.999907 -0.00911087 -3.34867 -0.254421 0.00623719 0.967073 -18.6756 0 0 0 1 
7680147070106;0.562855;1.92053;0.999129 0.00191378 -0.0416811 -3.27682 -0.00448522 0.998085 -0.0616873 -2.49218 0.0414832 0.0618205 0.997225 2.83682 0 0 0 1 
7680147070107;0.610731;1.62774;0.999761 0.00644624 0.0208983 -2.21117 -0.00935224 0.989809 0.142091 -0.59549 -0.0197694 -0.142252 0.989633 2.97039 0 0 0 1 
7680147070108;1.42716;2.40348;0.999646 0.00585406 -0.0259495 -3.408 -0.00706316 0.998882 -0.0467501 -2.24806 0.0256468 0.0469168 0.99857 -0.116737 0 0 0 1 
7680147070109;0.474796;2.03494;0.894456 0.0484544 0.444523 -7.94481 -0.10967 0.98752 0.113031 -8.8091 -0.433499 -0.149852 0.888607 -28.0256 0 0 0 1 
7680147070110;0.941477;1.57712;0.999794 0.00232245 0.0201602 -2.91449 -0.000994186 0.997842 -0.0656472 -3.00651 -0.0202691 0.0656136 0.997639 -2.76913 0 0 0 1 
7680147070111;1.47967;1.92406;0.999783 0.0176397 0.0110988 -1.2911 -0.0174072 0.999634 -0.0207104 -2.06231 -0.0114601 0.0205127 0.999724 0.329744 0 0 0 1 
7680147070112;1.75011;1.22958;0.996231 -0.0147128 -0.0854841 -4.25631 0.0436925 0.936471 0.348014 4.57197 0.074933 -0.350437 0.933584 11.9287 0 0 0 1 
7680147070113;1.0332;1.75284;0.996413 0.0135557 0.0835348 -3.24834 -0.0086215 0.998212 -0.0591482 -2.17984 -0.0841873 0.0582158 0.994748 -6.58587 0 0 0 1 
7680147070114;0.426388;1.50659;0.980776 -0.0233315 0.193739 -1.5494 -0.0541301 0.921337 0.384979 -0.330306 -0.187481 -0.388065 0.902361 -4.07855 0 0 0 1 
7680147070115;1.70185;2.06555;0.992878 0.0323613 -0.114655 -4.8504 -0.0710802 0.933251 -0.352123 -9.03496 0.0956071 0.357765 0.928905 -2.02479 0 0 0 1 
7680147070116;1.08478;1.75503;0.996289 0.0729775 0.0456373 -5.01956 -0.0524986 0.935394 -0.349689 -6.64217 -0.0682083 0.345995 0.935754 -14.3341 0 0 0 1 
7680147070117;0.562653;2.24186;0.995887 0.0237099 0.0874412 -2.65595 -0.032179 0.994788 0.0967537 -3.55822 -0.0846915 -0.0991695 0.99146 -3.08555 0 0 0 1 
7680147070118;0.421204;1.56486;0.993387 -0.006037 -0.114657 -3.13729 -0.00447846 0.995819 -0.0912336 -2.01868 0.114729 0.0911438 0.989207 6.40849 0 0 0 1 
7680147070119;1.56631;1.51322;0.997546 0.0195961 0.067209 -2.37305 -0.015596 0.998104 -0.059534 -2.99592 -0.0682482 0.0583397 0.995961 -8.42583 0 0 0 1 
7680147070120;0.829004;2.18952;0.99995 -0.00768241 -0.00641735 -3.43471 0.00643068 0.984311 -0.176323 -3.08307 0.00767125 0.176273 0.984311 -2.17472 0 0 0 1 
7680147070121;0.0967963;1.44649;0.996958 0.0108151 0.0771818 -1.99354 -0.0137949 0.999176 0.0381794 -2.04096 -0.0767052 -0.0391279 0.996286 -4.07671 0 0 0 1 
7680147070122;0.194803;1.56574;0.99978 -0.0135556 -0.0160015 -2.11114 0.0129837 0.999292 -0.0353204 -0.75531 0.016469 0.0351049 0.999248 0.884071 0 0 0 1 
7680147070124;1.64617;2.52634;0.992765 -0.0429284 0.112138 -2.24059 0.0584176 0.988607 -0.138718 6.06322 -0.104906 0.144265 0.983963 -8.94315 0 0 0 1 
7680147070125;1.40625;2.533;0.996799 -0.068257 0.0416216 -2.29088 0.0683544 0.997661 -0.000921289 7.85082 -0.0414613 0.00376336 0.999133 -5.10156 0 0 0 1 
7680147070126;1.2267;2.22392;0.997268 -0.0700254 -0.0234984 -2.94583 0.0702618 0.997484 0.00939131 8.4005 0.0227816 -0.0110167 0.99968 1.26071 0 0 0 1 
7680147070127;1.9725;2.82127;0.987505 -0.0813254 -0.134982 -2.59221 0.0632483 0.98907 -0.133192 7.64183 0.144339 0.12299 0.981855 7.28798 0 0 0 1 
7680147070128;1.62499;3.0517;0.966068 -0.0728718 -0.247797 -5.16327 0.0735135 0.997272 -0.00667506 7.94406 0.247607 -0.0117678 0.968789 13.0458 0 0 0 1 
7680147070129;0.486275;2.68165;0.998413 -0.0457434 -0.0328555 -2.01105 0.0440766 0.997787 -0.0497801 5.91342 0.0350599 0.0482529 0.99822 2.20273 0 0 0 1 
7680147070130;1.63305;3.27926;0.996128 -0.0314866 0.0820846 -2.45913 0.0227087 0.994133 0.105758 5.55018 -0.0849329 -0.103484 0.990998 -4.64099 0 0 0 1 
7680147070131;2.14793;2.34416;0.925201 0.0232144 0.378767 -5.61144 0.0667934 0.972582 -0.222763 7.18898 -0.373554 0.231399 0.898283 -26.1031 0 0 0 1 
7680147070132;1.4581;3.34253;0.995051 -0.0612325 -0.078254 -3.41106 0.0602951 0.998078 -0.0142883 6.92551 0.0789785 0.00949928 0.996831 2.62748 0 0 0 1 
7680147070133;1.07349;3.62052;0.999157 -0.0345549 -0.0221693 -2.54278 0.0342493 0.999315 -0.0140224 5.11235 0.0226387 0.0132513 0.999656 1.14145 0 0 0 1 
7680147070134;1.69636;2.46172;0.993556 -0.03922 -0.106344 -2.51418 0.025323 0.991319 -0.129013 3.90538 0.11048 0.125489 0.985924 9.13599 0 0 0 1 
7680147070135;0.51747;2.67235;0.939597 -0.122422 -0.319641 -6.78907 0.11895 0.992433 -0.0304408 10.5899 0.320949 -0.00941926 0.94705 19.1606 0 0 0 1 
7680147070136;0.646267;3.05728;0.918399 -0.124502 -0.375557 -8.93801 0.0723116 0.986031 -0.150049 7.58195 0.388992 0.110648 0.914572 25.2645 0 0 0 1 
7680147070137;2.04694;3.583;0.993273 -0.0360717 -0.110032 -3.34172 0.0512196 0.989091 0.138114 7.07406 0.103849 -0.142821 0.984285 7.65753 0 0 0 1 
7680147070138;0.720049;2.88802;0.999466 -0.0214783 -0.0246095 -2.25081 0.0189285 0.994854 -0.0995327 4.27417 0.0266207 0.0990137 0.99473 0.788 0 0 0 1 
7680147070139;1.74647;2.54574;0.99733 -0.0529391 0.050309 -2.26105 0.0543355 0.998163 -0.0268049 6.44644 -0.0487975 0.0294669 0.998374 -5.99871 0 0 0 1 
7680147070140;0.663015;3.32965;0.998876 -0.045181 0.014314 -2.65028 0.0462597 0.995123 -0.0871198 5.89495 -0.010308 0.087684 0.996095 -1.38369 0 0 0 1 
7680147070141;0.53013;2.89544;0.998612 -0.0492655 0.0186032 -1.68771 0.0494897 0.998705 -0.0117923 6.09242 -0.0179982 0.0126966 0.999757 -1.60086 0 0 0 1 
7680147070142;1.96977;2.44232;0.982267 -0.0893755 -0.164815 -5.51931 0.0505577 0.972769 -0.226196 6.64604 0.180543 0.213853 0.960037 13.1643 0 0 0 1 
7680147070143;0.856847;2.76556;0.981356 -0.0514613 0.185179 -3.47849 0.0195201 0.985192 0.170339 5.0503 -0.191203 -0.163548 0.967829 -13.7005 0 0 0 1 
7680147070144;1.63732;2.88646;0.996342 -0.00963931 0.0849076 -1.57173 0.0084041 0.999854 0.0148931 2.44257 -0.0850387 -0.0141251 0.996278 -7.09856 0 0 0 1 
7680147070145;0.140484;2.86998;0.997764 -0.0645715 0.0172711 -2.32928 0.0647575 0.997846 -0.0104396 7.45802 -0.0165598 0.0115347 0.999796 -1.52491 0 0 0 1 
7680147070146;1.19743;2.55837;0.99533 -0.0777978 -0.0571491 -3.1467 0.0786032 0.996834 0.0119798 8.83601 0.0560362 -0.016416 0.998294 1.74173 0 0 0 1 
7680147070147;0.293378;2.51987;0.997151 -0.0138509 0.0741427 -1.81344 0.0208281 0.995338 -0.0941759 3.87268 -0.0724926 0.0954519 0.992791 -4.85927 0 0 0 1 
7680147070148;2.08491;2.31923;0.99361 -0.0494681 -0.101451 -1.6807 0.0659516 0.983887 0.166181 7.0532 0.0915952 -0.17181 0.980863 7.08806 0 0 0 1 
7680147070149;2.16398;2.25721;0.987274 -0.079481 -0.137741 -2.75325 0.0553021 0.983678 -0.171229 7.19831 0.149102 0.161433 0.975555 9.38592 0 0 0 1 
7680147070150;0.570326;3.26131;0.999046 -0.00787827 0.0429565 -2.43265 0.0256107 0.902404 -0.430129 3.2467 -0.0353755 0.430819 0.901745 -1.21667 0 0 0 1 
7680147070151;0.700204;2.97412;0.994321 -0.0562255 -0.0903586 -3.5219 0.0572117 0.998327 0.00835929 7.52101 0.0897374 -0.0134814 0.995874 4.893 0 0 0 1 
7680147070152;0.196422;2.92149;0.997793 -0.065682 -0.00973247 -2.29681 0.0654931 0.99768 -0.0186018 7.53977 0.0109317 0.0179234 0.99978 0.302832 0 0 0 1 
7680147070153;0.328459;3.35367;0.998943 -0.0448932 -0.00990469 -2.58188 0.0396845 0.950818 -0.307199 5.3735 0.0232087 0.306481 0.951594 2.04508 0 0 0 1 
7680147070155;0.140686;3.51823;0.999501 -0.00354007 -0.0313878 5.16937 0.00228964 0.999206 -0.0397849 1.62814 0.0315038 0.0396932 0.998715 3.3894 0 0 0 1 
7680147070156;0.73666;3.3052;0.999224 0.00438928 -0.0391344 5.53428 -0.00613524 0.998986 -0.0446067 0.431696 0.0388989 0.0448122 0.998238 4.4183 0 0 0 1 
7680147070157;1.89722;4.09089;0.996545 -0.0328203 -0.0762961 3.76485 0.0353421 0.998865 0.0319409 6.12214 0.0751612 -0.034527 0.996573 10.0474 0 0 0 1 
7680147070158;1.79956;3.53547;0.997515 -0.0146358 -0.0689229 4.79044 0.000423527 0.979416 -0.201849 2.09618 0.0704584 0.201319 0.976988 8.97079 0 0 0 1 
7680147070159;1.65931;4.35303;0.998542 0.0103512 -0.0529856 4.35183 -0.0126959 0.998946 -0.0441081 -0.123572 0.0524732 0.0447164 0.997621 4.3119 0 0 0 1 
7680147070160;0.0621527;3.57332;0.998934 0.00984221 -0.045109 5.10744 -0.0117492 0.99904 -0.0422077 0.22835 0.0446503 0.0426927 0.99809 5.04703 0 0 0 1 
7680147070161;0.430207;3.65543;0.996864 -0.0334878 -0.0717054 5.05249 0.0279834 0.996682 -0.0764383 4.50526 0.0740272 0.074192 0.994493 8.33055 0 0 0 1 
7680147070162;0.473536;3.41881;0.969409 0.0362365 0.242759 2.59459 -0.0376353 0.999291 0.00112561 -2.7969 -0.242547 -0.0102275 0.970086 -27.0675 0 0 0 1 
7680147070163;0.736349;3.76461;0.992322 0.00104407 0.123676 4.49415 -0.0167153 0.991922 0.125742 -0.371776 -0.122546 -0.126844 0.984324 -13.4284 0 0 0 1 
7680147070164;0.540732;3.78043;0.996863 -0.0363952 -0.0702871 4.82062 0.0241224 0.985464 -0.16816 3.73387 0.0753857 0.165937 0.983251 9.31759 0 0 0 1 
7680147070165;1.76832;3.55449;0.999606 0.00369034 -0.0278428 4.92021 -0.00497194 0.998924 -0.0461021 0.856049 0.0276427 0.0462223 0.998549 5.87558 0 0 0 1 
7680147070166;0.877488;3.6562;0.994754 0.022669 -0.0997517 4.95913 -0.0105753 0.992701 0.120135 0.386592 0.101747 -0.11845 0.987733 9.21401 0 0 0 1 
7680147070167;0.355143;3.66264;0.996224 -0.046432 -0.0733548 4.56709 0.0435379 0.998228 -0.0405726 6.26596 0.0751087 0.0372257 0.99648 8.57998 0 0 0 1 
7680147070168;0.458362;3.46285;0.999801 -0.00157276 0.0198792 5.56214 -0.000138014 0.996315 0.0857657 2.07781 -0.0199408 -0.0857514 0.996117 -2.95982 0 0 0 1 
7680147070169;1.52541;3.29958;0.959712 -0.0435687 -0.277588 1.24217 0.0618398 0.996434 0.0574056 8.246 0.274097 -0.0722588 0.958984 28.3771 0 0 0 1 
7680147070170;1.71122;3.99896;0.997516 0.0149095 0.068844 4.69913 -0.00963738 0.997039 -0.0762866 0.46919 -0.0697776 0.0754336 0.994706 -6.61687 0 0 0 1 
7680147070171;1.73488;2.91422;0.993593 -0.0394842 -0.105892 5.52218 0.00858965 0.960657 -0.277604 2.16718 0.112687 0.274916 0.954842 12.1638 0 0 0 1 
7680147070172;1.09968;3.46806;0.999833 -0.00670799 -0.0169946 5.96583 0.00605041 0.999242 -0.0384532 1.62104 0.0172397 0.038344 0.999116 2.15269 0 0 0 1 
7680147070173;0.591876;3.55853;0.960503 -0.00527308 -0.27822 -0.207317 0.0176399 0.998963 0.041965 3.67292 0.277711 -0.0452153 0.9596 30.4423 0 0 0 1 
7680147070174;1.36958;4.18949;0.998856 -0.0333184 0.0343108 5.04271 0.0385333 0.985591 -0.164696 5.02322 -0.028329 0.16583 0.985747 -4.07784 0 0 0 1 
7680147070175;0.533565;3.50305;0.998965 0.0055958 -0.0451498 5.16905 -0.00753896 0.999047 -0.0429833 0.8195 0.0448663 0.0432792 0.998055 5.55965 0 0 0 1 
7680147070176;0.79171;3.417;0.992396 0.0227367 0.120971 4.97811 -0.00873943 0.993327 -0.115003 -0.148285 -0.122778 0.113071 0.985972 -12.2495 0 0 0 1 
7680147070177;1.74498;3.76426;0.960741 0.0444492 0.273863 1.88362 -0.0163389 0.994434 -0.104082 -1.52163 -0.276965 0.0955215 0.95612 -30.1423 0 0 0 1 
7680147070178;1.38005;4.25357;0.99584 -0.0408896 0.0814276 4.9047 0.0512728 0.990212 -0.129809 6.43607 -0.0753228 0.133444 0.98819 -9.2164 0 0 0 1 
7680147070179;1.66284;3.39627;0.999227 0.00971381 0.0380816 6.01335 -0.0105284 0.999719 0.0212487 -0.242249 -0.0378644 -0.0216332 0.999049 -3.0762 0 0 0 1 
7680147070180;1.25183;3.8193;0.970008 0.0351003 -0.240527 1.17696 -0.00364766 0.99151 0.129982 1.3189 0.243047 -0.125206 0.9619 24.1866 0 0 0 1 
7680147070181;1.00094;3.70798;0.997919 0.0366195 0.0530731 5.53801 -0.0456314 0.982605 0.180016 -3.2469 -0.0455578 -0.182063 0.982231 -6.94177 0 0 0 1 
7680147070182;1.8528;4.08954;0.980344 0.0545268 0.189613 4.70176 -0.0737069 0.992686 0.0956164 -6.23397 -0.183012 -0.107713 0.977192 -23.2495 0 0 0 1 
7680147070183;0.963883;3.44577;0.989253 0.0485688 0.137914 5.51347 -0.0703336 0.984992 0.157619 -5.49063 -0.128188 -0.165625 0.977822 -15.7267 0 0 0 1 
7680147070184;0.147928;3.52646;0.998257 0.0214277 -0.0549835 5.08961 -0.0223653 0.999614 -0.0164932 -0.923826 0.0546089 0.0176942 0.998351 6.13087 0 0 0 1 
7680147070186;1.27351;4.45251;0.995077 0.0945019 0.0298528 3.21214 -0.092211 0.993238 -0.0705411 -4.98383 -0.0363172 0.0674411 0.997062 -3.30695 0 0 0 1 
7680147070187;0.700101;4.05063;0.943855 0.118734 0.308284 -1.84019 -0.172825 0.972764 0.154474 -12.9577 -0.281546 -0.199081 0.938668 -30.4698 0 0 0 1 
7680147070188;1.39118;4.47018;0.996829 0.0593583 0.0529996 3.90313 -0.0610937 0.997627 0.0317463 -1.93962 -0.0509894 -0.0348836 0.99809 -7.64527 0 0 0 1 
7680147070189;1.30828;4.2333;0.963073 0.00147318 -0.269237 0.0382261 0.095917 0.9325 0.348202 18.3585 0.251576 -0.361168 0.897924 29.1841 0 0 0 1 
7680147070190;1.12112;4.57135;0.991223 0.0560339 0.11974 3.51154 -0.0934265 0.937726 0.334575 -2.98624 -0.0935358 -0.342825 0.934731 -9.40741 0 0 0 1 
7680147070191;1.94775;3.72157;0.997874 0.0107929 -0.0642667 4.9978 0.00223474 0.979942 0.19927 6.43554 0.0651284 -0.19899 0.977835 7.79286 0 0 0 1 
7680147070192;1.68036;4.50382;0.986926 0.0515217 0.152716 3.13024 -0.0471876 0.998377 -0.0318725 1.05298 -0.154111 0.0242494 0.987756 -17.215 0 0 0 1 
7680147070193;1.11849;4.25062;0.998671 0.0266636 0.0441126 4.82665 -0.0138806 0.963312 -0.268024 2.7902 -0.0496407 0.267055 0.962402 -6.9579 0 0 0 1 
7680147070194;0.766853;4.7271;0.998515 0.0516054 0.0174385 3.32201 -0.0519628 0.998434 0.0207048 -0.510476 -0.0163427 -0.0215803 0.999634 -2.48345 0 0 0 1 
7680147070195;0.416426;4.32041;0.99522 0.0724907 0.0654461 3.63466 -0.0673172 0.994673 -0.0780655 -2.50221 -0.0707564 0.0732867 0.994798 -9.06315 0 0 0 1 
7680147070196;0.748225;4.6678;0.998606 0.043482 0.0299253 3.41147 -0.0458 0.995603 0.0817146 0.385493 -0.0262406 -0.0829713 0.996206 -2.39569 0 0 0 1 
7680147070197;0.500793;4.24617;0.996342 0.083639 0.0175472 3.29135 -0.077934 0.973494 -0.215026 -4.21375 -0.0350667 0.212872 0.976451 -5.88292 0 0 0 1 
7680147070198;0.104802;4.40568;0.999206 0.037359 0.0138679 3.97608 -0.0385589 0.994264 0.0997606 1.53601 -0.0100614 -0.100216 0.994915 -0.676274 0 0 0 1 
7680147070199;1.797;4.68673;0.978669 0.101553 0.178589 2.27878 -0.0940998 0.994319 -0.0497457 -5.894 -0.182627 0.0318793 0.982665 -23.2151 0 0 0 1 
7680147070200;0.574851;4.29824;0.997708 0.0652275 -0.0180188 3.40251 -0.0637937 0.995425 0.0711259 -1.54064 0.0225757 -0.0698134 0.997305 2.11771 0 0 0 1 
7680147070201;1.66238;5.09627;0.972616 -0.0239512 -0.231179 0.608757 0.0244225 0.999701 -0.00082319 6.7381 0.231129 -0.00484531 0.972911 24.5283 0 0 0 1 
7680147070202;0.856075;4.93956;0.998924 0.0332603 0.0323314 4.23166 -0.0384063 0.983921 0.174428 1.51788 -0.02601 -0.175482 0.984139 -1.49439 0 0 0 1 
7680147070203;0.151635;4.39717;0.997689 0.0664094 0.0143429 3.44486 -0.0666112 0.99768 0.0140846 -1.62907 -0.0133743 -0.0150075 0.999798 -1.71304 0 0 0 1 
7680147070204;1.87474;5.338;0.998849 0.0434933 0.0202186 3.19628 -0.0434279 0.99905 -0.00366231 0.593828 -0.0203587 0.00278004 0.999789 -1.04443 0 0 0 1 
7680147070205;1.34644;3.71368;0.999757 -0.0019748 0.0219683 5.21414 -0.000284999 0.994744 0.102391 6.29062 -0.0220551 -0.102372 0.994502 -2.22138 0 0 0 1 
7680147070206;0.882492;4.35504;0.908935 -0.0748403 -0.410165 -6.48889 0.0327071 0.993525 -0.108803 8.88986 0.415652 0.0854793 0.905498 44.5175 0 0 0 1 
7680147070207;1.16879;5.0717;0.991563 0.105979 0.074635 2.60676 -0.111509 0.990983 0.074288 -6.575 -0.066089 -0.0819837 0.99444 -5.9165 0 0 0 1 
7680147070208;1.24601;4.81798;0.993329 0.104487 0.0487759 2.87578 -0.109767 0.986393 0.122389 -6.60917 -0.0353241 -0.126927 0.991283 -3.30423 0 0 0 1 
7680147070209;1.20929;4.00112;0.997793 0.0274932 -0.0604375 4.11176 -0.00095732 0.916106 0.400935 7.55555 0.0663902 -0.399992 0.914111 8.72946 0 0 0 1 
7680147070210;1.69015;3.86751;0.998902 0.0411387 0.0224101 4.44295 -0.0416159 0.998907 0.0212616 1.98351 -0.0215109 -0.0221709 0.999523 -0.999297 0 0 0 1 
7680147070211;0.940014;4.92958;0.989118 0.0305235 -0.143924 2.23122 -0.00094031 0.979534 0.201278 6.7518 0.147122 -0.198952 0.968903 18.4395 0 0 0 1 
7680147070212;1.74535;4.19163;0.999548 0.0261582 0.0148481 4.31954 -0.0262356 0.999643 0.00503952 3.39771 -0.014711 -0.00542679 0.999877 -2.98864 0 0 0 1 
7680147070213;0.400202;4.1836;0.998661 0.030679 0.0416592 3.97024 -0.0324504 0.998568 0.0425313 1.95207 -0.0402947 -0.0438262 0.998226 -4.63626 0 0 0 1 
7680147070214;0.315659;4.6723;0.998301 0.000827494 -0.0582567 4.32775 0.00424401 0.99621 0.086877 6.0955 0.0581078 -0.0869766 0.994514 6.76232 0 0 0 1 
7680147070215;0.611277;4.54374;0.996399 0.0487363 0.0693858 3.73948 -0.0510677 0.998175 0.0322313 -0.365833 -0.0676883 -0.0356586 0.997069 -8.33873 0 0 0 1 
7680147070217;0.89674;3.95095;0.998238 -0.00636822 0.0589913 -4.79311 0.00502146 0.999724 0.0229499 -1.36541 -0.0591212 -0.0226133 0.997995 -2.02065 0 0 0 1 
7680147070218;1.73564;3.98169;0.999898 -0.00868463 0.0113383 -5.48547 0.00861138 0.999942 0.00649296 -0.648564 -0.0113941 -0.00639466 0.999915 1.65802 0 0 0 1 
7680147070219;1.39452;4.00582;0.961487 -0.0664337 -0.266702 -6.14736 0.0413499 0.994268 -0.0985954 -0.90838 0.271723 0.08377 0.958723 6.22365 0 0 0 1 
7680147070220;0.267296;4.00586;0.999822 -0.00920746 -0.0164651 -5.03971 0.001821 0.915829 -0.401563 -1.9976 0.0187766 0.401462 0.915683 4.05653 0 0 0 1 
7680147070221;1.27015;4.74762;0.999792 0.000962947 0.0203544 -4.27668 -0.00563419 0.973005 0.230715 -1.17033 -0.0195827 -0.230782 0.972808 -2.74046 0 0 0 1 
7680147070222;1.97297;3.18684;0.996119 0.00932708 0.0875263 -5.79889 -0.0124793 0.99929 0.0355364 -1.92737 -0.0871327 -0.0364907 0.995528 -0.977639 0 0 0 1 
7680147070223;1.53331;3.81774;0.997947 -0.0218574 -0.0601925 -5.4948 0.0222859 0.999731 0.00645619 -1.52062 0.0600352 -0.00778439 0.998166 -0.0999788 0 0 0 1 
7680147070224;2.30376;3.76214;0.912653 -0.0920841 -0.398227 -6.649 0.0494522 0.992011 -0.116054 -0.950089 0.405733 0.0862235 0.909916 4.10246 0 0 0 1 
7680147070225;1.4585;4.39609;0.998574 -0.0313712 -0.0432053 -5.19774 0.0293053 0.998434 -0.0476468 -0.224829 0.0446324 0.0463127 0.997929 2.2248 0 0 0 1 
7680147070226;1.86707;4.10784;0.998509 -0.0191336 -0.05113 -5.47432 0.0186458 0.999776 -0.0100009 -0.278969 0.0513099 0.00903267 0.998642 2.90893 0 0 0 1 
7680147070227;0.781577;4.16881;0.999757 -0.0133818 -0.0175413 -4.82403 0.0135194 0.999879 0.00774948 -1.29828 0.0174354 -0.00798474 0.999816 -0.604004 0 0 0 1 
7680147070228;0.400914;4.19591;0.998311 -0.0101198 0.0572107 -4.93083 0.00803083 0.999297 0.0366257 -1.26139 -0.0575411 -0.0361044 0.99769 -1.0762 0 0 0 1 
7680147070229;0.955663;3.89921;0.999718 -0.0107109 -0.0211896 -5.38564 0.00996265 0.999334 -0.0351071 -0.896517 0.0215516 0.0348861 0.999159 0.960647 0 0 0 1 
7680147070230;0.317185;4.00869;0.980605 -0.0406136 -0.191739 -5.73335 0.0333862 0.99861 -0.0407766 -0.832591 0.193129 0.0335843 0.980598 3.45419 0 0 0 1 
7680147070231;1.12926;4.49984;0.999739 -0.0206797 0.00970329 -5.18485 0.0205186 0.999655 0.0164151 -0.747319 -0.0100394 -0.0162117 0.999818 -1.05392 0 0 0 1 
7680147070232;1.51388;3.70735;0.999951 -0.00347771 0.00927663 -5.2006 0.00324046 0.99967 0.025469 -2.00949 -0.00936214 -0.0254377 0.999633 -1.375 0 0 0 1 
7680147070233;1.97376;3.83923;0.991144 -0.0196275 -0.131337 -6.09816 0.0616333 0.944033 0.324042 -0.162695 0.117626 -0.329266 0.936882 -2.48922 0 0 0 1 
7680147070234;1.9935;4.25276;0.999721 -0.0052577 -0.0230132 -4.92392 0.0032032 0.996078 -0.0884175 -1.5659 0.0233878 0.0883191 0.995818 -1.18034 0 0 0 1 
7680147070235;1.53051;4.06267;0.987398 -0.0276792 -0.155816 -5.02678 0.0268698 0.999612 -0.00729872 -1.286 0.155958 0.00302 0.987759 1.06923 0 0 0 1 
7680147070236;0.104269;4.09514;0.999906 -0.00302524 0.0133614 -4.97945 0.0028987 0.999951 0.00947912 -1.20632 -0.0133894 -0.0094395 0.999866 -0.132368 0 0 0 1 
7680147070237;2.06657;3.05524;0.997708 -0.0295405 -0.060882 -6.11805 0.0187611 0.985168 -0.170564 -0.939386 0.0650176 0.169031 0.983464 4.03085 0 0 0 1 
7680147070238;1.4657;4.5825;0.916396 0.00697506 0.400213 -4.96582 -0.113246 0.963515 0.242516 -3.21711 -0.383919 -0.267563 0.883751 -8.7598 0 0 0 1 
7680147070239;0.672786;3.94165;0.992547 0.00129094 0.121854 -4.64399 -0.0105841 0.997078 0.0756489 -1.24923 -0.1214 -0.0763748 0.989661 -1.85492 0 0 0 1 
7680147070240;1.69401;4.41437;0.998799 -0.00210013 0.048948 -5.11894 -0.0020765 0.996368 0.0851211 -0.823342 -0.048949 -0.0851205 0.995168 0.494472 0 0 0 1 
7680147070241;1.89764;4.32203;0.995164 -0.0416719 -0.0889518 -5.21777 0.0601881 0.974334 0.216911 -1.14099 0.0776297 -0.221216 0.97213 -3.02284 0 0 0 1 
7680147070242;1.04234;3.64804;0.998081 -0.0143003 -0.0602532 -5.39957 0.0150255 0.99982 0.0116007 -0.927072 0.0600765 -0.0124838 0.998116 1.59397 0 0 0 1 
7680147070243;1.63774;3.3878;0.96992 0.0109815 0.243176 -5.42566 -0.0216848 0.998908 0.0413815 -2.08249 -0.242456 -0.04541 0.969099 -3.97072 0 0 0 1 
7680147070244;2.23994;4.61922;0.996563 0.0117124 -0.0820007 -4.79618 0.00670042 0.97531 0.220737 -1.34788 0.0825615 -0.220528 0.97188 1.36269 0 0 0 1 
7680147070245;0.410551;4.06117;0.99979 -0.00698873 -0.0192647 -4.95175 0.00718359 0.999924 0.0100641 -1.17151 0.0191929 -0.0102003 0.999764 -0.212132 0 0 0 1 
7680147070246;0.921508;4.08494;0.994722 -0.0352785 -0.096349 -5.24529 0.0310048 0.998483 -0.0454991 -0.901966 0.097808 0.0422717 0.994307 0.838128 0 0 0 1 
7680147070248;1.50847;2.26176;0.978239 0.0208291 -0.206431 2.50378 0.0426922 0.95345 0.298515 7.36716 0.203039 -0.300832 0.931813 21.2683 0 0 0 1 
7680147070249;1.33018;2.22832;0.994088 0.082905 0.0701155 4.44111 -0.083367 0.996512 0.00368439 -4.4127 -0.0695655 -0.00950792 0.997532 -5.12163 0 0 0 1 
7680147070250;0.124558;2.38842;0.996338 0.0801538 0.0297709 3.12673 -0.0799793 0.996772 -0.00700926 -4.5735 -0.0302366 0.00460254 0.999532 -3.45048 0 0 0 1 
7680147070251;0.53556;2.70547;0.976634 0.120659 0.17784 1.65464 -0.138635 0.986029 0.0923436 -9.40335 -0.164213 -0.114841 0.979717 -13.9517 0 0 0 1 
7680147070252;1.1295;2.53046;0.976736 0.172755 0.127053 1.16039 -0.162368 0.982791 -0.0880854 -11.8589 -0.140084 0.0654068 0.987977 -11.5329 0 0 0 1 
7680147070253;0.578449;2.21096;0.99916 0.0121849 -0.0391285 3.89226 -0.0123799 0.999912 -0.00474529 1.39526 0.0390673 0.00522571 0.999223 3.56308 0 0 0 1 
7680147070254;1.15198;2.02183;0.997967 0.061771 0.0157 3.94287 -0.0617354 0.998089 -0.00274619 -2.57751 -0.0158396 0.00177136 0.999873 -3.41695 0 0 0 1 
7680147070255;0.370863;2.36706;0.991561 0.0943381 0.0889257 2.61749 -0.125566 0.869517 0.477675 -6.09669 -0.0322595 -0.48481 0.874025 0.601259 0 0 0 1 
7680147070256;1.32328;2.41656;0.960502 0.161017 0.226955 -0.892219 -0.10948 0.968474 -0.223767 -7.38376 -0.25583 0.190082 0.94785 -27.5207 0 0 0 1 
7680147070257;0.807316;2.657;0.974537 -0.00553682 -0.224157 2.03351 -0.0410062 0.978435 -0.202445 -1.11177 0.220444 0.206482 0.953294 17.9489 0 0 0 1 
7680147070258;0.260139;2.24066;0.946095 0.184835 0.265971 -1.93477 -0.144768 0.975907 -0.163242 -10.7266 -0.289736 0.115938 0.950059 -27.8582 0 0 0 1 
7680147070259;0.965988;2.40103;0.985324 0.0752168 0.153228 2.8157 -0.0837328 0.995238 0.0498952 -4.8352 -0.148745 -0.0619932 0.98693 -13.4097 0 0 0 1 
7680147070260;0.831214;2.07905;0.995633 0.0933378 -0.00164178 3.04073 -0.0919364 0.983433 0.15623 -4.38021 0.0161967 -0.155396 0.987719 2.04573 0 0 0 1 
7680147070261;1.06706;2.28515;0.981636 0.10892 0.156611 1.80555 -0.0662086 0.964467 -0.255773 -3.70957 -0.178905 0.240707 0.953967 -20.5158 0 0 0 1 
7680147070262;1.52451;2.65807;0.985203 0.0874059 0.147427 3.31515 -0.0891886 0.996 0.00551232 -6.5272 -0.146356 -0.0185796 0.989058 -15.1853 0 0 0 1 
7680147070263;1.15131;2.65809;0.991269 0.117793 0.0592561 1.90767 -0.11581 0.992624 -0.0358654 -8.50179 -0.0630437 0.0286898 0.997598 -8.39698 0 0 0 1 
7680147070264;1.15529;2.62437;0.994462 0.0993977 0.0341502 2.70524 -0.0991146 0.995027 -0.00988874 -6.12564 -0.0349633 0.00644919 0.999368 -1.57803 0 0 0 1 
7680147070265;0.426203;2.30314;0.963907 0.0621196 0.258891 0.757249 -0.102969 0.983711 0.147341 -5.90992 -0.245521 -0.168681 0.954603 -21.1891 0 0 0 1 
7680147070266;1.20758;2.49467;0.995506 0.0895847 0.0307069 2.32515 -0.0934889 0.981382 0.167775 -4.16784 -0.0151051 -0.169892 0.985347 -0.145731 0 0 0 1 
