#;prob_registration_l1 -r /home/probabilistic_point_clouds_registration/build/tester /home/point_clouds_registration_benchmark//devel/registration_pairs/gazebo_winter_local.txt /home/point_clouds_registration_benchmark//eth/gazebo_winter -s 0.2 -t 0.2 -p 0.3 -r 1000 -m 1 -i 40 
id;initial_error;final_error;transformation
38591597440000;0.538033;0.0359328;0.993946 -0.0951744 -0.0548848 -0.398112 0.0968238 0.994902 0.0282142 -0.401601 0.0519197 -0.0333575 0.998094 0.568946 0 0 0 1 
38591597440001;0.518725;0.0496143;0.949232 0.258404 0.179405 0.0595961 -0.273787 0.95948 0.0666298 1.15684 -0.154918 -0.112366 0.981516 -0.0330815 0 0 0 1 
38591597440002;0.466312;0.0299521;0.985942 -0.121965 0.114202 0.0789698 0.126561 0.99138 -0.0338684 -0.25555 -0.109087 0.0478458 0.99288 -0.206795 0 0 0 1 
38591597440003;0.369171;0.0904446;0.978211 0.207595 -0.0027604 -0.167158 -0.207593 0.978215 0.000944011 0.903658 0.00289623 -0.000350404 0.999996 0.394845 0 0 0 1 
38591597440004;0.566929;0.053297;0.873623 0.419736 -0.246181 1.10018 -0.404377 0.907645 0.112511 1.71519 0.27067 0.00125755 0.962671 -1.64955 0 0 0 1 
38591597440005;0.214626;0.0390253;0.995328 -0.0716353 -0.0647387 0.026615 0.0709849 0.997402 -0.0122949 -0.219341 0.0654512 0.00764202 0.997827 -0.591874 0 0 0 1 
38591597440006;0.296525;0.0340468;0.964646 -0.196942 -0.175132 0.141078 0.218534 0.969165 0.113851 -0.905296 0.14731 -0.148098 0.97794 -0.354909 0 0 0 1 
38591597440007;0.55939;0.0532061;0.989185 0.146563 -0.00568789 0.100709 -0.145831 0.986914 0.0688115 0.236958 0.0156987 -0.0672378 0.997613 -0.854154 0 0 0 1 
38591597440008;0.573696;0.0293113;0.908752 0.0149715 0.417068 0.333194 -0.117871 0.967876 0.222086 0.509435 -0.400345 -0.250981 0.881324 2.47344 0 0 0 1 
38591597440009;0.226381;0.0306475;0.999807 -0.0150935 0.0126079 0.037435 0.0146488 0.999292 0.0346451 0.147743 -0.0131219 -0.0344537 0.99932 -0.245114 0 0 0 1 
38591597440010;0.405479;0.0647823;0.936502 -0.104518 0.334724 0.0673653 0.218483 0.92054 -0.323838 -0.683211 -0.27428 0.376407 0.884923 1.68828 0 0 0 1 
38591597440011;0.432428;0.0248977;0.935877 -0.336026 -0.105925 0.375079 0.352293 0.888409 0.294311 -1.72824 -0.00479189 -0.312756 0.949821 -0.259213 0 0 0 1 
38591597440012;0.493861;0.0679742;0.995987 0.00091063 -0.0894964 0.337038 -0.00584302 0.998477 -0.0548662 -0.172824 0.0893101 0.055169 0.994475 0.341112 0 0 0 1 
38591597440013;0.489902;0.0801618;0.892138 0.412875 0.183369 0.278139 -0.417113 0.908701 -0.0166752 1.59693 -0.173512 -0.0616089 0.982903 0.376142 0 0 0 1 
38591597440014;0.265078;0.0521634;0.95354 -0.046737 0.297618 -0.0421678 0.0809645 0.991304 -0.103731 -0.18932 -0.290182 0.123008 0.949033 1.44457 0 0 0 1 
38591597440015;0.50504;0.0356361;0.945586 -0.317513 0.071084 0.374149 0.291863 0.924276 0.246028 -1.6306 -0.143818 -0.211894 0.966653 0.173841 0 0 0 1 
38591597440016;0.306367;0.045472;0.95997 0.125744 -0.250293 0.281197 -0.0774782 0.977911 0.194132 0.0694733 0.269175 -0.166968 0.948507 -1.3468 0 0 0 1 
38591597440017;0.306001;0.0669613;0.992564 -0.121476 0.00770085 -0.205601 0.121711 0.989729 -0.0749818 -0.803083 0.00148675 0.0753615 0.997155 0.119829 0 0 0 1 
38591597440018;0.310987;0.0474764;0.974295 0.224649 -0.0168167 0.449849 -0.224887 0.974286 -0.0138918 1.08791 0.0132635 0.0173165 0.999762 -0.286964 0 0 0 1 
38591597440019;0.565481;0.00907159;0.987082 -0.153226 0.0468049 -0.577088 0.137901 0.961262 0.238662 -0.227571 -0.0815608 -0.229125 0.969974 -0.143418 0 0 0 1 
38591597440020;0.471158;0.0521323;0.950649 -0.309425 -0.0228717 -0.0200226 0.298982 0.933275 -0.199016 -1.21859 0.0829263 0.182356 0.979729 0.272602 0 0 0 1 
38591597440021;0.264772;0.032295;0.958132 0.225745 0.176131 0.112912 -0.235003 0.971423 0.0333253 1.09752 -0.163575 -0.0733214 0.983802 0.550606 0 0 0 1 
38591597440022;0.382739;0.0731569;0.994376 -0.0241776 -0.103112 -0.28002 0.0306119 0.997651 0.0612821 -0.376414 0.101388 -0.0640939 0.99278 -0.0643442 0 0 0 1 
38591597440023;0.504596;0.045417;0.937298 0.345683 -0.0444427 0.267539 -0.347549 0.936586 -0.0448954 1.96166 0.0261049 0.0575264 0.998003 -0.61556 0 0 0 1 
38591597440024;0.223621;0.0576443;0.997838 -0.0459059 0.0470412 0.000188253 0.056567 0.964237 -0.258935 0.152374 -0.0334722 0.261036 0.964749 0.331383 0 0 0 1 
38591597440025;0.497841;0.0598161;0.940135 -0.223306 0.257451 -0.373061 0.258406 0.959605 -0.111288 -1.24811 -0.2222 0.171153 0.959861 0.633465 0 0 0 1 
38591597440026;0.507307;0.0234991;0.917436 -0.327629 -0.225767 0.455205 0.337545 0.941292 0.00567327 -0.854867 0.210654 -0.0814115 0.974165 -0.604682 0 0 0 1 
38591597440027;0.37107;0.0389085;0.995824 0.0109441 0.0906308 -0.225846 -0.0519045 0.884578 0.463495 0.171413 -0.0750975 -0.466264 0.881452 0.354956 0 0 0 1 
38591597440028;0.144155;0.0417336;0.987205 -0.149065 -0.0566228 0.0371113 0.14747 0.988568 -0.0314084 -0.514827 0.0606574 0.0226564 0.997901 -0.140933 0 0 0 1 
38591597440029;0.386592;0.0245538;0.935573 -0.317244 0.155111 0.0108014 0.268756 0.924592 0.270001 -1.41304 -0.22907 -0.210918 0.950284 0.868346 0 0 0 1 
38591597440031;0.613756;0.253439;0.963908 -0.0934716 -0.24929 0.134975 0.060622 0.988804 -0.136352 -0.728325 0.259244 0.116318 0.958782 -1.11661 0 0 0 1 
38591597440032;0.317715;0.0536168;0.947066 0.2741 -0.167137 1.00051 -0.290836 0.952977 -0.0851393 1.34732 0.135941 0.129242 0.982251 -0.349988 0 0 0 1 
38591597440033;0.586776;0.0633026;0.917167 -0.106962 0.383879 0.486343 0.0910817 0.994072 0.0593689 0.0536584 -0.387954 -0.0194869 0.921473 1.57839 0 0 0 1 
38591597440034;0.22655;0.036418;0.984724 -0.137526 0.106795 -0.283619 0.157422 0.965269 -0.208506 -0.906408 -0.0744112 0.222133 0.972173 0.745467 0 0 0 1 
38591597440035;0.489052;0.0293716;0.983389 -0.0891664 0.158102 -0.0015984 0.10575 0.989375 -0.0997745 -1.21661 -0.147525 0.114836 0.982369 0.848949 0 0 0 1 
38591597440036;0.235684;0.0432434;0.986129 -0.165063 0.0174496 -0.0898586 0.165512 0.985795 -0.0285173 -0.547269 -0.0124946 0.0310098 0.999441 0.0492745 0 0 0 1 
38591597440037;0.200232;0.0762562;0.996141 0.0737086 0.0476399 0.18886 -0.0737825 0.997274 -0.000207992 0.240331 -0.0475254 -0.0033078 0.998865 -0.117173 0 0 0 1 
38591597440038;0.419626;0.0290121;0.952131 0.302143 -0.0464374 0.821423 -0.305068 0.929465 -0.207435 1.05512 -0.0195133 0.211672 0.977146 0.925683 0 0 0 1 
38591597440039;0.360484;0.0373879;0.996878 -0.0331842 0.071647 -0.0607211 0.0438915 0.987178 -0.153471 -0.276738 -0.0656355 0.156137 0.985552 0.0203578 0 0 0 1 
38591597440040;0.46013;0.0394714;0.891761 0.225799 -0.392144 1.36396 -0.235603 0.971561 0.0236545 0.935548 0.386333 0.071296 0.9196 -1.87699 0 0 0 1 
38591597440041;0.266595;0.0907013;0.998724 0.0311131 0.0397902 -0.255698 -0.0316208 0.999426 0.0121929 0.0506554 -0.039388 -0.0134356 0.999134 0.200143 0 0 0 1 
38591597440042;0.263344;0.0435783;0.972429 0.196238 -0.125986 0.604095 -0.183587 0.977346 0.10531 0.428518 0.143798 -0.0792772 0.986426 -0.64328 0 0 0 1 
38591597440043;0.518284;0.0670544;0.973902 0.224868 -0.0308182 0.911918 -0.220561 0.969677 0.105255 0.911232 0.0535522 -0.0957108 0.993968 -1.15995 0 0 0 1 
38591597440044;0.328581;0.0631321;0.967717 0.22373 0.11605 0.532665 -0.213797 0.972526 -0.0921072 1.09081 -0.133469 0.0643227 0.988963 1.01985 0 0 0 1 
38591597440045;0.358212;0.0659926;0.979004 0.138272 0.149776 0.120012 -0.143067 0.989476 0.0216701 0.771352 -0.145203 -0.0426431 0.988482 0.97484 0 0 0 1 
38591597440046;0.061941;0.0525398;0.998729 -0.00939899 0.0495238 -0.00886512 0.00841284 0.999763 0.0200837 -0.0549041 -0.0497009 -0.0196416 0.998571 0.150243 0 0 0 1 
38591597440047;0.281023;0.0515096;0.988258 0.144977 -0.04824 0.526258 -0.139399 0.984779 0.103822 0.331699 0.0625575 -0.0958784 0.993425 -0.8255 0 0 0 1 
38591597440048;0.595102;0.0685336;0.990162 0.0321558 -0.13618 -0.0053833 0.0101922 0.954076 0.29939 -0.951939 0.139553 -0.297833 0.944362 -1.92468 0 0 0 1 
38591597440049;0.461067;0.0359443;0.912206 0.106589 -0.395625 0.900676 -0.186145 0.967982 -0.168408 0.787926 0.365008 0.227266 0.90284 -1.53843 0 0 0 1 
38591597440050;0.266343;0.0328521;0.999694 0.00231414 -0.02464 0.0809917 -0.00988193 0.950131 -0.311695 0.147635 0.0226899 0.311843 0.949863 0.222844 0 0 0 1 
38591597440051;0.432966;0.0563023;0.936246 0.172973 -0.305817 1.09131 -0.17368 0.984482 0.025118 1.00797 0.305416 0.0295975 0.951759 -1.10692 0 0 0 1 
38591597440052;0.0767887;0.0332359;0.992746 -0.0244497 0.117722 -0.0224594 0.0279265 0.999218 -0.0279753 -0.148578 -0.116946 0.0310599 0.992653 0.532288 0 0 0 1 
38591597440053;0.465189;0.0802452;0.980978 0.190749 -0.0360203 0.86878 -0.186684 0.977883 0.0943096 1.24092 0.0532131 -0.0857912 0.994891 -0.304619 0 0 0 1 
38591597440054;0.503874;0.119412;0.996479 0.0236682 0.0804266 -0.632644 -0.0301619 0.996297 0.0805103 -0.00337387 -0.0782233 -0.0826527 0.993504 0.354198 0 0 0 1 
38591597440055;0.362809;0.0438302;0.992583 -0.11465 0.0404351 -0.245422 0.115172 0.993286 -0.0108292 -0.615382 -0.038922 0.0154058 0.999123 -0.375149 0 0 0 1 
38591597440056;0.349297;0.0558193;0.958158 0.252998 0.13389 0.587957 -0.283236 0.905586 0.315739 0.76901 -0.0413673 -0.34045 0.939352 -0.261721 0 0 0 1 
38591597440057;0.335627;0.0460187;0.933316 -0.0260827 -0.358107 0.555212 0.0390143 0.99882 0.0289319 -0.13724 0.35693 -0.0409739 0.933232 -1.59485 0 0 0 1 
38591597440058;0.689618;0.061861;0.911511 0.409792 -0.0349008 0.464289 -0.409121 0.91214 0.0249207 1.93776 0.0420467 -0.00843689 0.99908 -0.561851 0 0 0 1 
38591597440059;0.45308;0.0467219;0.999507 -0.00510299 0.0309933 -0.354634 0.00555511 0.999879 -0.014519 -0.408161 -0.0309155 0.014684 0.999414 -0.404554 0 0 0 1 
38591597440060;0.265486;0.0389514;0.995718 -0.0828801 0.0409458 -0.00643949 0.0806259 0.995284 0.0539397 -0.585786 -0.0452232 -0.0504074 0.997704 0.400243 0 0 0 1 
38591597440062;0.128316;0.0803947;0.995582 -0.093082 0.0123237 -0.327839 0.089794 0.982233 0.164791 -0.513043 -0.0274438 -0.162957 0.986251 -0.392185 0 0 0 1 
38591597440063;0.451456;0.116933;0.995305 -0.0521369 0.081542 -0.397218 0.0219543 0.942164 0.334432 -0.496053 -0.0942622 -0.331072 0.938885 0.201305 0 0 0 1 
38591597440064;0.130373;0.142599;0.999826 0.0178833 0.00534281 -0.176231 -0.0176656 0.999108 -0.0383438 0.137139 -0.00602377 0.0382428 0.99925 0.0467452 0 0 0 1 
38591597440065;0.480669;0.217949;0.954889 0.0314675 0.295292 -0.483589 -0.0290964 0.999499 -0.0124215 0.25472 -0.295535 0.00326925 0.955326 0.650163 0 0 0 1 
38591597440066;0.373674;0.202497;0.922908 -0.0151126 0.384724 -0.293917 -0.046409 0.987577 0.150123 0.273607 -0.382213 -0.156405 0.910742 1.52317 0 0 0 1 
38591597440067;0.212733;0.180367;0.989924 0.100246 0.100003 -0.0479812 -0.125032 0.950321 0.285057 0.349876 -0.0664594 -0.294688 0.95328 -0.3905 0 0 0 1 
38591597440068;0.0642751;0.0776354;0.998158 -0.0482238 -0.0368042 -0.214721 0.0470503 0.998376 -0.0321103 -0.117766 0.038293 0.0303195 0.998806 -0.0813907 0 0 0 1 
38591597440069;0.225205;0.080167;0.994329 -0.0586086 -0.0887441 -0.197392 0.0528473 0.996423 -0.0659363 -0.137553 0.0922911 0.0608724 0.99387 -0.647941 0 0 0 1 
38591597440070;0.596655;0.0707628;0.98049 -0.143081 0.134788 -1.1287 0.153955 0.985304 -0.073989 -0.0457126 -0.12222 0.0932967 0.988108 0.475847 0 0 0 1 
38591597440071;0.538974;0.163936;0.977545 0.158852 0.138462 -0.0622706 -0.189163 0.951043 0.244405 1.1962 -0.0928589 -0.265109 0.959737 0.364817 0 0 0 1 
38591597440072;0.398938;0.144285;0.991151 0.0489812 -0.123371 0.127916 -0.0858133 0.945531 -0.314019 0.876181 0.10127 0.321827 0.941367 -0.00655128 0 0 0 1 
38591597440073;0.454646;0.309911;0.986187 0.164935 0.0152487 -0.221556 -0.165389 0.985571 0.0360181 0.838618 -0.00908803 -0.0380426 0.999235 -0.452277 0 0 0 1 
38591597440074;0.403252;0.103956;0.994584 -0.103764 0.00602454 0.21682 0.103854 0.994441 -0.0173498 -0.352676 -0.00419077 0.0178815 0.999831 0.2416 0 0 0 1 
38591597440075;0.606683;0.1103;0.997381 -0.0708514 -0.0145339 0.151623 0.0598568 0.921384 -0.384017 -0.00371508 0.0405995 0.382142 0.923212 1.49828 0 0 0 1 
38591597440076;0.528752;0.055138;0.999695 0.00536379 -0.0241181 -0.670797 -0.00414193 0.998719 0.0504293 0.21763 0.0243577 -0.0503141 0.998436 0.297986 0 0 0 1 
38591597440077;0.46683;0.312926;0.948694 0.200715 0.244322 0.0949752 -0.244493 0.955632 0.164286 1.73718 -0.200508 -0.215593 0.955676 0.290869 0 0 0 1 
38591597440078;0.164495;0.0519772;0.999694 -0.0216863 0.0119201 -0.366659 0.0215471 0.9997 0.011686 -0.109033 -0.01217 -0.0114256 0.999861 0.0730998 0 0 0 1 
38591597440079;0.383028;0.270955;0.944864 0.00837959 0.327354 -0.0612252 -0.0759363 0.978029 0.194144 0.256716 -0.318535 -0.208298 0.924742 0.505262 0 0 0 1 
38591597440080;0.593423;0.100951;0.941844 -0.333772 -0.0390598 -0.405211 0.334739 0.942068 0.021407 -1.3023 0.0296519 -0.0332369 0.999008 0.463222 0 0 0 1 
38591597440081;0.611108;0.132;0.941738 -0.0403819 -0.333915 0.764122 -0.0580534 0.958352 -0.279626 0.397057 0.3313 0.282719 0.900172 -1.34108 0 0 0 1 
38591597440082;0.502695;0.385671;0.943167 0.332129 0.0112845 0.485868 -0.331437 0.937643 0.104759 1.75829 0.0242128 -0.102546 0.994434 -0.90049 0 0 0 1 
38591597440083;0.715049;0.108447;0.907136 -0.372304 0.196198 -0.589986 0.402003 0.904515 -0.142288 -2.06372 -0.124489 0.207947 0.970186 2.03348 0 0 0 1 
38591597440084;0.378082;0.124846;0.987651 -0.023409 0.154914 -0.402269 -0.0102696 0.976976 0.213104 -0.0685364 -0.156336 -0.212063 0.96467 -0.432993 0 0 0 1 
38591597440085;0.428084;0.443654;0.97342 0.228098 0.0206292 0.585993 -0.228538 0.973279 0.0223041 1.06559 -0.0149904 -0.0264258 0.999538 0.053142 0 0 0 1 
38591597440086;0.348552;0.346492;0.975183 0.109728 -0.192297 0.253738 -0.160851 0.947955 -0.27479 1.19398 0.152136 0.298901 0.942079 0.249138 0 0 0 1 
38591597440087;0.456571;0.0690927;0.970401 -0.240544 -0.0214585 -1.052 0.241289 0.96943 0.0445524 -1.27533 0.0100857 -0.0484114 0.998777 -0.667839 0 0 0 1 
38591597440088;0.581918;0.0841904;0.991461 0.0199236 0.128871 -0.583962 -0.02566 0.998745 0.0430065 0.489706 -0.127852 -0.0459461 0.990728 -0.315514 0 0 0 1 
38591597440089;0.343578;0.103855;0.973699 -0.196536 -0.115252 -0.385172 0.160521 0.950753 -0.265145 -0.474576 0.161687 0.239672 0.957296 -0.466283 0 0 0 1 
38591597440090;0.290589;0.0827365;0.993157 -0.111603 0.0343991 -0.343545 0.110567 0.993395 0.0306688 -0.185285 -0.0375947 -0.0266555 0.998937 0.344909 0 0 0 1 
38591597440091;0.344699;0.107856;0.912445 -0.403142 0.0701448 -0.789039 0.407131 0.911609 -0.0566843 -2.03063 -0.0410928 0.0802794 0.995925 0.418865 0 0 0 1 
38591597440093;0.395285;0.0889155;0.925931 -0.315372 0.207827 -0.155473 0.325555 0.94539 -0.0158411 -0.181374 -0.191482 0.082327 0.978037 -0.183254 0 0 0 1 
38591597440094;0.48271;0.0463753;0.902017 0.102097 0.419453 0.0211682 -0.137089 0.989083 0.0540581 0.400487 -0.409355 -0.106264 0.906166 -0.100159 0 0 0 1 
38591597440095;0.208258;0.0338359;0.96596 0.258549 -0.00854081 -0.150696 -0.258098 0.965457 0.0357619 0.228052 0.017492 -0.0323402 0.999324 0.00885435 0 0 0 1 
38591597440096;0.348707;0.0295001;0.904692 0.365604 -0.218785 0.0119292 -0.323502 0.9236 0.205692 0.312087 0.277272 -0.11531 0.953847 -0.0435846 0 0 0 1 
38591597440097;0.0996698;0.0242713;0.995902 -0.0849711 -0.0309588 0.0180156 0.0849197 0.996383 -0.00297449 -0.149699 0.0310996 0.000333287 0.999516 0.101265 0 0 0 1 
38591597440098;0.341585;0.0486932;0.920119 -0.295529 0.256988 0.137576 0.263256 0.952543 0.152836 -0.487908 -0.28996 -0.072974 0.954253 0.450265 0 0 0 1 
38591597440099;0.517514;0.0332148;0.869515 0.253817 0.423698 -0.668984 -0.282546 0.95924 0.00520716 0.548267 -0.405106 -0.124242 0.905789 0.525819 0 0 0 1 
38591597440100;0.554576;0.0302666;0.900945 0.240466 0.361213 -0.822988 -0.227661 0.970587 -0.0783003 -0.342764 -0.369417 -0.0116898 0.92919 0.387087 0 0 0 1 
38591597440101;0.308911;0.0283819;0.997264 0.0135243 -0.0726749 0.383608 -0.0145413 0.999803 -0.0134823 -0.226149 0.0724783 0.0145022 0.997265 -0.667097 0 0 0 1 
38591597440102;0.281264;0.030864;0.965901 0.226873 0.124753 -0.13783 -0.249144 0.945547 0.209447 0.467895 -0.0704422 -0.233387 0.969829 0.079449 0 0 0 1 
38591597440103;0.458862;0.0471884;0.942307 -0.320255 0.0974328 0.633981 0.300477 0.937504 0.175498 -0.818064 -0.147548 -0.136096 0.979647 -0.0458241 0 0 0 1 
38591597440104;0.179607;0.0331827;0.979991 0.0446802 -0.193962 0.121401 -0.0333955 0.997575 0.0610665 -0.17454 0.19622 -0.0533671 0.979107 -0.225783 0 0 0 1 
38591597440105;0.407802;0.0471016;0.893515 -0.446982 -0.0428672 0.522392 0.445815 0.894469 -0.0342782 -0.520149 0.0536651 0.0115172 0.998493 -0.113766 0 0 0 1 
38591597440106;0.119513;0.0357025;0.998238 -0.0082479 0.0587663 -0.127961 0.0113839 0.998517 -0.0532302 0.0419912 -0.0582401 0.0538054 0.996852 -0.107154 0 0 0 1 
38591597440107;0.268114;0.0417889;0.957905 -0.286536 -0.0177599 -0.043722 0.284627 0.955961 -0.0715994 -0.144081 0.0374935 0.0635304 0.997275 0.0891815 0 0 0 1 
38591597440108;0.407271;0.0293193;0.924257 0.358475 -0.131318 -0.347048 -0.336997 0.927709 0.160591 0.363448 0.179393 -0.104173 0.978246 0.345877 0 0 0 1 
38591597440109;0.443389;0.0179935;0.975866 0.159156 0.149515 -0.715146 -0.183039 0.969568 0.162586 -0.52887 -0.119088 -0.186029 0.9753 0.106161 0 0 0 1 
38591597440110;0.432632;0.0320633;0.973791 -0.0742061 0.214998 -0.639553 0.128547 0.959388 -0.251098 0.413462 -0.187633 0.272154 0.943783 0.0637768 0 0 0 1 
38591597440111;0.338245;0.0196577;0.911781 0.345491 -0.222016 0.0366757 -0.338895 0.938334 0.0684123 0.154525 0.231961 0.0128629 0.97264 -0.00612958 0 0 0 1 
38591597440112;0.277197;0.030046;0.970916 0.137367 0.196095 -0.36194 -0.10194 0.978268 -0.180555 -0.0913185 -0.216635 0.155314 0.963819 0.263588 0 0 0 1 
38591597440113;0.357829;0.0296725;0.959363 0.282081 0.00722184 -0.122173 -0.281741 0.956165 0.0798175 0.158902 0.0156097 -0.0786087 0.996783 -0.520252 0 0 0 1 
38591597440114;0.246214;0.031412;0.974137 0.222455 0.0396302 -0.176952 -0.216008 0.96828 -0.125595 0.439966 -0.0663122 0.113786 0.99129 -0.0268109 0 0 0 1 
38591597440115;0.388473;0.0598925;0.884925 -0.350786 0.306361 0.0560275 0.372725 0.927833 -0.0142402 -0.440479 -0.279256 0.12679 0.951809 0.361264 0 0 0 1 
38591597440116;0.336493;0.0557502;0.944538 -0.294819 0.144673 0.2115 0.326864 0.886564 -0.32736 -0.0457441 -0.0317499 0.356492 0.933759 -0.185715 0 0 0 1 
38591597440117;0.374866;0.0400195;0.999662 0.0229809 -0.0121801 0.820032 -0.0225865 0.999246 0.0315854 -0.25496 0.0128968 -0.0312996 0.999427 0.253694 0 0 0 1 
38591597440118;0.178075;0.0291703;0.985903 -0.136939 0.0961397 0.04765 0.155717 0.961181 -0.227781 -0.00872467 -0.0612156 0.23954 0.968955 -0.00430967 0 0 0 1 
38591597440119;0.473817;0.0355053;0.984444 -0.173794 0.025795 1.00454 0.174021 0.984718 -0.00684673 -0.396937 -0.0242109 0.0112291 0.999644 0.392704 0 0 0 1 
38591597440120;0.215098;0.0555835;0.970199 -0.242183 0.00778379 0.198639 0.242036 0.970131 0.0162365 -0.403019 -0.0114835 -0.0138687 0.999838 0.0421217 0 0 0 1 
38591597440121;0.418127;0.0308255;0.992383 0.0914217 0.0825693 0.0057272 -0.0972115 0.992865 0.0690528 -0.0285747 -0.0756672 -0.0765536 0.99419 1.08588 0 0 0 1 
38591597440122;0.192825;0.0241738;0.971856 0.234056 0.0267237 -0.176653 -0.235568 0.964527 0.119144 0.149841 0.00211067 -0.122086 0.992517 0.115787 0 0 0 1 
38591597440124;0.0779043;0.087738;0.998052 0.0480964 -0.0397384 0.206774 -0.0495165 0.99814 -0.0355604 0.158473 0.0379542 0.0374588 0.998577 0.193805 0 0 0 1 
38591597440125;0.14453;0.121599;0.997234 0.0593495 -0.0447405 0.377706 -0.0496212 0.979802 0.193714 -0.0416936 0.0553337 -0.190958 0.980037 -0.464591 0 0 0 1 
38591597440126;0.34028;0.097304;0.964746 -0.0958758 0.245098 -0.488429 0.135855 0.979034 -0.151775 -0.0855447 -0.225408 0.179722 0.957544 0.360219 0 0 0 1 
38591597440127;0.280733;0.111031;0.982523 -0.0481414 0.179807 -0.186204 0.0519615 0.998511 -0.0165939 0.223479 -0.178741 0.0256469 0.983562 0.383316 0 0 0 1 
38591597440128;0.300881;0.0888328;0.926517 0.373421 -0.0460743 1.10302 -0.358985 0.914013 0.188971 0.100497 0.112678 -0.158545 0.980901 -0.485054 0 0 0 1 
38591597440129;0.231531;0.107497;0.95468 0.127028 -0.269167 0.756986 -0.0751687 0.977937 0.194909 0.0709501 0.287987 -0.165842 0.943165 -0.630282 0 0 0 1 
38591597440130;0.346361;0.188379;0.998612 -0.0512715 0.0120721 -0.0570203 0.0515978 0.998262 -0.0284799 -0.388101 -0.0105909 0.0290632 0.999521 -0.143362 0 0 0 1 
38591597440131;0.336968;0.106984;0.954104 -0.293996 0.0570186 -0.534836 0.293862 0.955785 0.0109099 -0.431668 -0.057705 0.00634645 0.998314 0.148016 0 0 0 1 
38591597440132;0.344656;0.112774;0.894379 0.368906 -0.252972 1.31098 -0.389889 0.920133 -0.03663 0.238171 0.219255 0.131392 0.96678 0.28353 0 0 0 1 
38591597440133;0.350181;0.109136;0.98456 0.174852 0.00826574 0.412431 -0.172274 0.976253 -0.131345 -0.320656 -0.0310355 0.127893 0.991302 0.537703 0 0 0 1 
38591597440134;0.561974;0.122007;0.932408 -0.276206 0.233076 -0.0759789 0.283404 0.958997 0.00271596 -0.243681 -0.22427 0.0635223 0.972455 0.975699 0 0 0 1 
38591597440135;0.216019;0.121083;0.979183 0.0303681 -0.200694 0.444962 -0.0135776 0.99633 0.0845152 -0.0749572 0.202524 -0.0800309 0.976002 -0.445602 0 0 0 1 
38591597440136;0.499684;0.101639;0.986232 -0.16535 -0.00252963 0.0401025 0.165343 0.985692 0.0327682 -0.604811 -0.00292478 -0.0327352 0.99946 -0.769946 0 0 0 1 
38591597440137;0.297035;0.0688557;0.99193 0.126514 0.00833973 0.275904 -0.125523 0.989174 -0.0760239 0.712462 -0.0178675 0.0743635 0.997071 0.190331 0 0 0 1 
38591597440138;0.314957;0.0680319;0.933415 0.293451 0.206456 0.831385 -0.297643 0.954612 -0.0111752 0.388947 -0.200365 -0.051019 0.978392 -0.0708129 0 0 0 1 
38591597440139;0.155913;0.0543783;0.995379 0.0206237 0.0937826 0.25987 -0.0035097 0.983824 -0.179102 0.149207 -0.0959593 0.177945 0.97935 0.648827 0 0 0 1 
38591597440140;0.442404;0.120938;0.984847 -0.00500269 0.173352 0.127484 -0.0363151 0.971474 0.234348 -0.124242 -0.16958 -0.237092 0.956572 0.291422 0 0 0 1 
38591597440141;0.257242;0.126371;0.969487 0.209636 -0.127072 1.02469 -0.153781 0.923769 0.350716 -0.235186 0.190908 -0.320474 0.92782 -0.98652 0 0 0 1 
38591597440142;0.222719;0.0749772;0.974688 0.151145 0.164736 0.400265 -0.149622 0.988505 -0.0216841 0.215183 -0.16612 -0.00351296 0.986099 0.34437 0 0 0 1 
38591597440143;0.482302;0.18904;0.934792 0.213103 -0.284167 1.09622 -0.144596 0.959049 0.243551 -0.493535 0.324432 -0.18658 0.927325 -0.642329 0 0 0 1 
38591597440144;0.255934;0.0589036;0.994368 0.104474 -0.0178024 0.442653 -0.104619 0.994485 -0.00740123 0.368825 0.016931 0.00922202 0.999814 -0.461216 0 0 0 1 
38591597440145;0.370694;0.157117;0.945237 -0.234062 -0.227468 -0.044081 0.2096 0.969548 -0.126668 -0.226458 0.25019 0.0720543 0.965512 -0.0602351 0 0 0 1 
38591597440146;0.299941;0.0625229;0.993858 0.087773 -0.0673896 0.323032 -0.0949836 0.989097 -0.112544 -0.0976147 0.0567765 0.118254 0.991359 0.814907 0 0 0 1 
38591597440147;0.410512;0.11386;0.994929 -0.0982134 0.0216965 -0.41772 0.0988472 0.994639 -0.0303758 0.184015 -0.0185968 0.0323664 0.999303 -0.498545 0 0 0 1 
38591597440148;0.471802;0.11563;0.926556 -0.33771 -0.16567 -0.293712 0.34384 0.938986 0.0089429 -0.561938 0.152542 -0.06525 0.986141 -0.131719 0 0 0 1 
38591597440149;0.337741;0.079202;0.999006 0.0422465 -0.014239 0.334971 -0.0426243 0.998716 -0.0273646 0.317864 0.0130647 0.0279443 0.999524 -0.615777 0 0 0 1 
38591597440150;0.131256;0.0721108;0.999944 -0.00483749 -0.00942821 -0.00636759 0.00457518 0.999607 -0.0276476 0.0805392 0.00955825 0.027603 0.999573 -0.146342 0 0 0 1 
38591597440151;0.387023;0.124229;0.978848 -0.173178 -0.108928 -0.200061 0.170985 0.98484 -0.0292339 -0.548113 0.112339 0.00999052 0.99362 0.295797 0 0 0 1 
38591597440152;0.263342;0.109718;0.978471 -0.205434 -0.0197663 -0.257345 0.205556 0.978636 0.00435269 -0.289217 0.0184498 -0.00832208 0.999795 0.00244618 0 0 0 1 
38591597440153;0.441403;0.0711743;0.984205 0.168167 -0.0553176 0.5876 -0.159842 0.97846 0.130641 0.579555 0.0760954 -0.119735 0.989885 0.322694 0 0 0 1 
38591597440155;0.258376;0.0194864;0.999021 0.0373128 0.023757 -0.586494 -0.0384498 0.998041 0.0493516 0.279479 -0.021869 -0.0502168 0.998499 0.547779 0 0 0 1 
38591597440156;0.221561;0.0180131;0.999745 0.0091108 -0.0206762 0.0320799 -0.0105453 0.997465 -0.0703667 0.0129406 0.0199827 0.0705668 0.997307 -0.667222 0 0 0 1 
38591597440157;0.430412;0.299302;0.989313 -0.108688 -0.0971898 0.269863 0.093924 0.98491 -0.145364 0.0684528 0.111523 0.134683 0.984593 -0.431445 0 0 0 1 
38591597440158;0.209175;0.0156257;0.988085 0.0333128 0.150258 -0.105647 -0.040365 0.99821 0.04413 0.190646 -0.148519 -0.0496693 0.987661 0.674598 0 0 0 1 
38591597440159;0.222826;0.019724;0.962615 -0.225012 -0.150802 -0.0044973 0.21603 0.973599 -0.0737223 -0.23297 0.163409 0.0383884 0.985811 -0.18482 0 0 0 1 
38591597440160;0.348174;0.0178067;0.998001 0.0433482 -0.0459883 -0.264013 -0.0462977 0.996802 -0.0651365 0.898483 0.0430177 0.0671354 0.996816 -0.516109 0 0 0 1 
38591597440161;0.528254;0.330467;0.989278 -0.137598 -0.0489406 0.329141 0.135856 0.990026 -0.0373167 -0.537831 0.0535871 0.0302677 0.998104 0.154476 0 0 0 1 
38591597440162;0.274646;0.021452;0.997248 -0.0727793 -0.0141222 -0.704214 0.0729497 0.997264 0.0119464 -0.0193389 0.0132141 -0.0129438 0.999829 -0.0903894 0 0 0 1 
38591597440163;0.298037;0.0199197;0.962075 -0.269746 -0.0406045 0.568242 0.271726 0.960768 0.0555941 -0.162463 0.0240152 -0.064519 0.997627 -0.223831 0 0 0 1 
38591597440164;0.263298;0.0208801;0.976685 0.178825 -0.118778 -0.238974 -0.173328 0.983317 0.055186 0.0788017 0.126665 -0.0333118 0.991386 0.580959 0 0 0 1 
38591597440165;0.352749;0.0215878;0.978641 0.202926 -0.0329164 -0.589675 -0.205359 0.957586 -0.20213 0.633654 -0.00949709 0.204572 0.978805 -0.391057 0 0 0 1 
38591597440166;0.206209;0.0160593;0.982728 -0.18335 0.0250776 0.331366 0.18436 0.981747 -0.0467402 0.198619 -0.01605 0.0505562 0.998592 -0.16914 0 0 0 1 
38591597440167;0.319448;0.0190275;0.999933 -0.00882433 0.00753232 0.353516 0.00879983 0.999956 0.00327995 -0.471793 -0.00756093 -0.00321344 0.999966 -0.70589 0 0 0 1 
38591597440168;0.116047;0.0193778;0.999788 0.0118246 -0.0168635 -0.0111519 -0.0138988 0.991583 -0.128728 0.153174 0.0151994 0.128935 0.991537 -0.176979 0 0 0 1 
38591597440169;0.218803;0.0155;0.99769 -0.0290137 0.0614287 0.00536089 0.0128956 0.968657 0.248069 -0.200837 -0.0667007 -0.246703 0.966793 0.513478 0 0 0 1 
38591597440170;0.167043;0.0189949;0.999683 0.00477293 -0.0247317 0.0409136 -0.00448239 0.99992 0.0117901 -0.0686825 0.024786 -0.0116755 0.999625 -0.444718 0 0 0 1 
38591597440171;0.339075;0.0180468;0.962956 -0.252385 0.094958 0.436481 0.253548 0.967323 -0.000188579 0.0778287 -0.0918074 0.024258 0.995481 0.70436 0 0 0 1 
38591597440172;0.374586;0.0199917;0.975659 -0.0900343 -0.199957 1.04749 0.0539497 0.982354 -0.179083 0.14095 0.212552 0.163937 0.9633 0.00274157 0 0 0 1 
38591597440173;0.118391;0.0182042;0.998206 0.0233785 0.05512 -0.297036 -0.0216093 0.999239 -0.0324765 0.0463805 -0.0558373 0.0312271 0.997951 0.204016 0 0 0 1 
38591597440174;0.158802;0.0173837;0.993349 -0.0384074 0.108545 -0.125404 0.0153843 0.978545 0.205457 -0.0928592 -0.114107 -0.202421 0.972628 0.238807 0 0 0 1 
38591597440175;0.263758;0.0177333;0.964427 0.182008 0.191712 -0.550946 -0.197704 0.978035 0.0660394 0.104714 -0.175481 -0.101592 0.979227 0.393675 0 0 0 1 
38591597440176;0.174741;0.0189683;0.998518 -0.0539336 0.00723322 0.064054 0.0517172 0.981911 0.182141 -0.347848 -0.0169259 -0.181497 0.983246 0.202046 0 0 0 1 
38591597440177;0.253101;0.0188225;0.993 0.116482 0.0195639 -0.591333 -0.115998 0.992952 -0.0243105 -0.297107 -0.0222578 0.021871 0.999513 -0.171995 0 0 0 1 
38591597440178;0.247175;0.0182751;0.996974 0.0727362 0.027411 -0.348889 -0.0715079 0.996495 -0.043403 -0.550084 -0.0304719 0.0413116 0.998682 -0.123425 0 0 0 1 
38591597440179;0.388374;0.331234;0.99633 -0.0842531 0.01508 -0.0164847 0.0846537 0.99601 -0.0282608 0.0262601 -0.0126388 0.0294337 0.999487 0.0699643 0 0 0 1 
38591597440180;0.287474;0.0245347;0.906996 0.283781 -0.31117 -0.0177754 -0.26737 0.958884 0.0951562 0.27588 0.32538 -0.00310882 0.945578 -0.31136 0 0 0 1 
38591597440181;0.269146;0.0181227;0.998941 -0.0354146 0.0293569 0.232724 0.0322287 0.994192 0.102681 -0.724002 -0.0328228 -0.101626 0.994281 -0.0857292 0 0 0 1 
38591597440182;0.36237;0.0178901;0.95201 0.282015 0.118934 -0.731053 -0.297373 0.94424 0.141353 0.119518 -0.0724382 -0.169937 0.982789 -0.127892 0 0 0 1 
38591597440183;0.418551;0.0221797;0.935757 -0.352137 0.018946 0.860573 0.350499 0.922794 -0.160006 -0.470368 0.038861 0.156368 0.986934 -0.0695258 0 0 0 1 
38591597440184;0.369769;0.0216205;0.999501 -0.0281715 0.0142577 -0.780805 0.0299417 0.989002 -0.144838 -0.0426961 -0.0100206 0.145193 0.989353 -0.662106 0 0 0 1 
38591597440186;0.226268;0.145262;0.999428 0.0337874 -0.00115647 0.00962106 -0.0337784 0.999404 0.0070787 -0.167885 0.00139495 -0.00703559 0.999974 0.0451276 0 0 0 1 
38591597440187;0.539163;0.235268;0.991176 -0.117007 0.0622838 0.170397 0.117686 0.993024 -0.00733769 -0.85858 -0.0609907 0.0146029 0.998032 0.684948 0 0 0 1 
38591597440188;0.243538;0.161466;0.9695 0.200619 0.140791 -0.0184498 -0.219937 0.965625 0.138551 0.578979 -0.108155 -0.16529 0.980297 0.431884 0 0 0 1 
38591597440189;0.327282;0.187792;0.997411 0.0358899 -0.0623158 0.286629 -0.0326673 0.998113 0.0519841 -0.149393 0.0640639 -0.0498139 0.996702 -0.581385 0 0 0 1 
38591597440190;0.477387;0.156868;0.941033 0.148066 0.304193 0.0615341 -0.220212 0.950666 0.218496 0.451686 -0.256834 -0.272599 0.927214 1.37526 0 0 0 1 
38591597440191;0.452785;0.380568;0.983096 0.10918 0.146973 0.19143 -0.159555 0.904602 0.395268 -0.130463 -0.0897965 -0.412037 0.906731 1.00911 0 0 0 1 
38591597440192;0.627235;0.443704;0.986499 -0.163746 -0.00280485 0.332355 0.163497 0.983722 0.0745686 -0.982626 -0.00945113 -0.0740204 0.997212 0.776358 0 0 0 1 
38591597440193;0.3706;0.168174;0.999035 0.0415589 -0.014188 0.0703263 -0.0431966 0.988172 -0.147143 0.279287 0.00790503 0.147614 0.989013 -0.516714 0 0 0 1 
38591597440194;0.358294;0.12157;0.977586 0.188822 0.0931231 0.385093 -0.189259 0.981918 -0.00419692 0.184363 -0.0922317 -0.0135216 0.995646 0.146521 0 0 0 1 
38591597440195;0.380792;0.177696;0.921527 0.320151 -0.219755 0.290452 -0.32234 0.946244 0.0268265 0.90101 0.21653 0.0461145 0.975186 -0.300223 0 0 0 1 
38591597440196;0.614704;0.529594;0.984178 -0.140109 -0.10846 0.0175508 0.163783 0.952916 0.255199 -0.678527 0.067598 -0.268925 0.960786 0.0275738 0 0 0 1 
38591597440197;0.540834;0.13258;0.939621 0.328266 -0.096718 0.761795 -0.332294 0.942745 -0.0285201 1.03207 0.0818182 0.0589368 0.994903 0.0222236 0 0 0 1 
38591597440198;0.653732;0.117962;0.966299 0.254079 -0.0413652 0.181541 -0.255729 0.929051 -0.267335 0.427454 -0.0294937 0.268903 0.962715 0.509556 0 0 0 1 
38591597440199;0.0659977;0.106911;0.999879 0.0153312 0.00265306 0.0291402 -0.0153067 0.999842 -0.00903673 -0.0179726 -0.00279119 0.00899503 0.999956 -0.0112686 0 0 0 1 
38591597440200;0.599375;0.178867;0.993162 0.113923 -0.0255242 0.678798 -0.113967 0.993485 -0.000266951 0.706815 0.0253275 0.00317404 0.999674 0.11694 0 0 0 1 
38591597440201;0.617035;0.106367;0.994464 0.0859642 0.0604245 0.525045 -0.0688618 0.967538 -0.243164 0.245052 -0.0793664 0.237657 0.968101 -0.533258 0 0 0 1 
38591597440202;0.728849;0.316282;0.916682 0.0583204 -0.395339 0.64004 0.0476052 0.966312 0.252934 -0.79154 0.396772 -0.25068 0.883024 -0.0218821 0 0 0 1 
38591597440203;0.628996;0.119438;0.950186 0.309506 -0.036778 0.8899 -0.308363 0.950674 0.0336322 0.947498 0.0453733 -0.0206159 0.998757 0.0990162 0 0 0 1 
38591597440204;0.361491;0.33558;0.997453 -0.0651641 -0.0290175 0.0783364 0.0655859 0.997751 0.0138307 -0.435266 0.028051 -0.0156986 0.999483 0.279264 0 0 0 1 
38591597440205;0.426394;0.178724;0.973343 0.188861 0.13013 -0.199938 -0.212459 0.95619 0.201398 0.365397 -0.0863932 -0.223677 0.970827 0.696585 0 0 0 1 
38591597440206;0.39785;0.212652;0.972553 0.153334 0.175015 0.161101 -0.205884 0.917528 0.340227 0.238182 -0.108413 -0.366921 0.923913 0.867266 0 0 0 1 
38591597440207;0.654746;0.196874;0.984745 0.17121 0.0310425 -0.354983 -0.172656 0.983598 0.0521987 -0.0562801 -0.0215965 -0.0567621 0.998154 0.436443 0 0 0 1 
38591597440208;0.405729;0.163708;0.966878 0.0245066 0.254061 -0.0498835 -0.0731391 0.98024 0.183792 -0.3845 -0.244537 -0.196286 0.949565 0.593723 0 0 0 1 
38591597440209;0.302589;0.228815;0.937344 0.347759 -0.0211957 0.150527 -0.347246 0.937454 0.0245062 0.966013 0.0283922 -0.0156106 0.999475 0.0155107 0 0 0 1 
38591597440210;0.290612;0.150708;0.991236 0.125056 -0.0425805 0.062853 -0.131283 0.968422 -0.211952 0.462144 0.0147299 0.215685 0.976352 0.0424951 0 0 0 1 
38591597440211;0.669792;0.119423;0.976365 0.184081 0.113252 -0.181133 -0.197653 0.972485 0.123313 -0.339886 -0.0874362 -0.142783 0.985884 0.555816 0 0 0 1 
38591597440212;0.674895;0.157109;0.918065 0.154124 0.365242 0.850358 -0.265619 0.923087 0.278132 0.600101 -0.294284 -0.352359 0.888392 1.15123 0 0 0 1 
38591597440213;0.74739;0.181858;0.984997 0.116239 -0.127549 0.204622 -0.0849041 0.969899 0.228226 -0.93291 0.150238 -0.213972 0.965217 -0.0290336 0 0 0 1 
38591597440214;0.177349;0.166508;0.998391 0.0402836 -0.0399102 0.248796 -0.0468966 0.982227 -0.181746 0.0612837 0.0318795 0.183325 0.982535 -0.273154 0 0 0 1 
38591597440215;0.720627;0.192644;0.987295 0.0992148 -0.12412 0.194643 -0.107791 0.992086 -0.0643864 0.545085 0.11675 0.0769474 0.990176 -1.29604 0 0 0 1 
38591597440217;0.284412;0.0426024;0.99987 -0.0149846 -0.00588516 0.185628 0.015062 0.999798 0.013335 0.0159788 0.00568415 -0.0134219 0.999894 0.631855 0 0 0 1 
38591597440218;0.175507;0.0348044;0.981383 0.188657 -0.0359938 -0.18373 -0.189831 0.981276 -0.0325806 0.201884 0.0291733 0.0388068 0.998821 -0.0117954 0 0 0 1 
38591597440219;0.263573;0.0298368;0.984157 0.177301 -1.96637e-05 -0.20369 -0.177299 0.984149 0.00398557 0.331047 0.000725998 -0.00391894 0.999992 0.427963 0 0 0 1 
38591597440220;0.260161;0.0378444;0.998704 0.0312852 -0.0401503 -0.0128362 -0.0298873 0.998942 0.0349571 0.490692 0.0412014 -0.0337118 0.998582 0.23225 0 0 0 1 
38591597440221;0.443483;0.0586166;0.993949 -0.0889647 -0.0644228 0.860174 0.100203 0.974648 0.20005 0.0303752 0.0449922 -0.205295 0.977665 0.424396 0 0 0 1 
38591597440222;0.400675;0.0342945;0.995671 0.0900365 0.0230629 -0.268992 -0.0907174 0.995412 0.0304095 0.292611 -0.0202192 -0.0323701 0.999271 -0.789669 0 0 0 1 
38591597440223;0.500048;0.0376852;0.900126 0.429701 0.0716235 -0.52915 -0.433785 0.89923 0.056707 0.958101 -0.0400389 -0.0821127 0.995818 0.431003 0 0 0 1 
38591597440224;0.319063;0.042753;0.999642 0.0217985 -0.0155016 0.105875 -0.0217088 0.999747 0.00592897 0.111561 0.0156269 -0.00559032 0.999862 -0.711802 0 0 0 1 
38591597440225;0.246702;0.079435;0.987427 -0.0968238 0.12495 0.0300827 0.0736603 0.981225 0.178245 0.0430584 -0.139863 -0.1668 0.976021 -0.0148779 0 0 0 1 
38591597440226;0.422905;0.0271988;0.886477 0.401274 0.230516 -0.312455 -0.354157 0.90889 -0.220209 0.538729 -0.297878 0.113572 0.947824 0.334937 0 0 0 1 
38591597440227;0.114525;0.0322155;0.998928 4.3044e-05 0.0463005 -0.112733 -0.0044801 0.995397 0.0957323 -0.300091 -0.0460832 -0.095837 0.99433 0.0600746 0 0 0 1 
38591597440228;0.227089;0.0389519;0.962969 -0.266924 0.037969 0.0796437 0.268316 0.962579 -0.0380439 -0.172994 -0.0263933 0.0468228 0.998554 0.0938814 0 0 0 1 
38591597440229;0.366377;0.0364139;0.963345 0.266769 0.0282955 -0.559855 -0.265211 0.962936 -0.0491629 0.562294 -0.0403619 0.0398566 0.99839 -0.194929 0 0 0 1 
38591597440230;0.40791;0.0359549;0.999944 0.00803197 0.00684045 -0.0862694 -0.00854697 0.996844 0.0789237 -0.0881668 -0.00618495 -0.0789777 0.996857 1.03546 0 0 0 1 
38591597440231;0.122929;0.0366917;0.997374 0.0611177 -0.0388538 0.051873 -0.0571395 0.993706 0.096351 -0.253843 0.044498 -0.0938779 0.994589 0.0795278 0 0 0 1 
38591597440232;0.235296;0.0551886;0.965901 -0.257345 0.0284557 0.190157 0.25682 0.966235 0.0208307 -0.32892 -0.0328556 -0.0128124 0.999378 0.00777852 0 0 0 1 
38591597440233;0.450082;0.0302438;0.907467 -0.00716731 -0.420063 0.610927 0.12452 0.959517 0.252631 -0.435 0.401247 -0.28156 0.871622 -0.37601 0 0 0 1 
38591597440234;0.442338;0.0640706;0.891525 -0.449824 -0.0533004 0.431348 0.440808 0.888644 -0.126491 -0.0472386 0.104264 0.0892746 0.990535 -0.210307 0 0 0 1 
38591597440235;0.600621;0.0365135;0.907142 0.419962 -0.0269266 -0.611797 -0.418121 0.906709 0.0552534 1.11421 0.0476189 -0.0388641 0.998109 0.579984 0 0 0 1 
38591597440236;0.098733;0.0355676;0.995812 0.0587743 -0.0700224 0.0955471 -0.0579248 0.998221 0.0141033 -0.0275337 0.0707268 -0.00998817 0.997446 -0.12852 0 0 0 1 
38591597440237;0.391996;0.0730756;0.993494 -0.110972 -0.0256085 0.3674 0.112764 0.990013 0.0846054 0.231351 0.0159639 -0.0869426 0.996085 0.630462 0 0 0 1 
38591597440238;0.352561;0.03473;0.920224 0.216601 0.325994 -0.374024 -0.261134 0.960197 0.0991491 0.0955892 -0.291543 -0.176367 0.940158 0.580394 0 0 0 1 
38591597440239;0.273596;0.0502545;0.9501 -0.298692 0.0899679 0.205603 0.300785 0.953636 -0.010368 -0.368088 -0.0826997 0.0369116 0.995891 -0.0369764 0 0 0 1 
38591597440240;0.59112;0.0646714;0.911671 -0.391729 -0.124118 0.873607 0.403869 0.909895 0.0947713 -0.895471 0.0758092 -0.136527 0.987731 0.606616 0 0 0 1 
38591597440241;0.457943;0.0363258;0.925683 0.378295 0.00193165 -0.134227 -0.377769 0.924642 -0.0482449 0.457255 -0.0200369 0.0439298 0.998834 -0.623045 0 0 0 1 
38591597440242;0.307705;0.0285992;0.982604 0.184361 0.0223552 0.193484 -0.184732 0.982662 0.015814 -0.401243 -0.0190521 -0.0196686 0.999625 0.0113548 0 0 0 1 
38591597440243;0.105317;0.0366361;0.998135 -0.0610324 0.00141722 0.0504068 0.061014 0.99808 0.0106254 -0.129077 -0.00206299 -0.0105191 0.999943 -0.155352 0 0 0 1 
38591597440244;0.562292;0.0499004;0.915397 -0.381892 -0.127308 0.828421 0.351301 0.912272 -0.210588 -0.0739225 0.196561 0.148048 0.96925 -0.927306 0 0 0 1 
38591597440245;0.374359;0.0335884;0.992264 -0.113749 -0.0497358 -0.538887 0.116552 0.991511 0.0576393 0.247886 0.0427572 -0.0629902 0.997098 0.329054 0 0 0 1 
38591597440246;0.451519;0.0355566;0.881649 0.471838 -0.00799491 -0.0820433 -0.471906 0.881501 -0.0161507 0.746944 -0.000572994 0.0180121 0.999838 -0.266513 0 0 0 1 
38591597440248;0.275634;0.0261541;0.953625 0.300955 0.0050994 -0.358903 -0.300854 0.953556 -0.0147711 0.401646 -0.00930799 0.0125519 0.999878 0.0718652 0 0 0 1 
38591597440249;0.256114;0.0212383;0.956631 -0.183212 -0.226473 0.61093 0.171511 0.982658 -0.0704816 -0.0519748 0.235459 0.0285823 0.971464 -0.324222 0 0 0 1 
38591597440250;0.238063;0.0196668;0.920118 -0.0176594 -0.391243 0.272109 -0.0371855 0.99053 -0.132161 0.316885 0.389872 0.136153 0.910748 -0.470653 0 0 0 1 
38591597440251;0.292932;0.0194684;0.99999 -0.00331506 0.00292492 -0.0186124 0.00327493 0.999902 0.0136198 -0.0226256 -0.00296979 -0.01361 0.999903 0.906995 0 0 0 1 
38591597440252;0.40515;0.021473;0.995124 -0.00304063 0.0985821 -0.194245 0.0501371 0.876342 -0.479073 0.51354 -0.084935 0.481679 0.872222 -0.278761 0 0 0 1 
38591597440253;0.264249;0.0181731;0.999627 -0.021328 0.0170595 -0.630145 0.0209791 0.999572 0.0203812 0.0150873 -0.0174869 -0.0200157 0.999647 -0.278326 0 0 0 1 
38591597440254;0.377732;0.0210576;0.907965 -0.39107 0.150544 0.571001 0.34884 0.904443 0.245548 -0.52408 -0.232185 -0.170434 0.957623 0.297918 0 0 0 1 
38591597440255;0.159826;0.0177199;0.977399 0.0803581 0.195537 0.110255 -0.0694998 0.995667 -0.0617834 0.136033 -0.199654 0.0467972 0.978748 0.416818 0 0 0 1 
38591597440256;0.0516293;0.0184356;0.99924 0.0224622 0.0318558 -0.0616053 -0.0218739 0.999586 -0.0186991 0.133384 -0.0322626 0.0179881 0.999318 0.0874836 0 0 0 1 
38591597440257;0.294004;0.0219595;0.986549 -0.123561 -0.107018 0.128248 0.116136 0.990543 -0.0730589 0.486444 0.115034 0.0596476 0.991569 0.323064 0 0 0 1 
38591597440258;0.456161;0.0221145;0.970624 0.162886 0.177082 -0.577731 -0.224945 0.875508 0.427651 -0.27549 -0.0853782 -0.454922 0.886429 0.598181 0 0 0 1 
