#;prob_registration_l1 -r /home/probabilistic_point_clouds_registration/build/tester /home/point_clouds_registration_benchmark//devel/registration_pairs/hauptgebaude_local.txt /home/point_clouds_registration_benchmark//eth/hauptgebaude -s 0.2 -t 0.2 -p 0.3 -r 1000 -m 1 -i 40 
id;initial_error;final_error;transformation
3394309160000;0.248226;0.0362705;0.999338 -0.00654162 0.0357894 0.488979 0.00502788 0.999096 0.0422235 -0.0758794 -0.0360332 -0.0420156 0.998467 0.00655899 0 0 0 1 
3394309160001;0.28369;0.0261541;0.993477 0.110875 -0.0266391 -0.419749 -0.109072 0.992124 0.061595 0.8024 0.0332587 -0.0582877 0.997746 -0.600297 0 0 0 1 
3394309160002;0.278932;0.033988;0.977206 -0.0114237 0.211987 -0.158279 0.00886454 0.999876 0.0130186 -0.123997 -0.21211 -0.0108427 0.977186 0.774304 0 0 0 1 
3394309160003;0.0682056;0.0256389;0.995055 -0.0956197 0.0268676 0.0289756 0.095987 0.995301 -0.0127272 -0.635743 -0.0255244 0.0152432 0.999558 0.224487 0 0 0 1 
3394309160004;0.286924;0.0333562;0.999168 0.0353665 -0.0203159 0.514935 -0.0351292 0.999312 0.0119221 0.697413 0.0207236 -0.0111985 0.999723 -0.259867 0 0 0 1 
3394309160005;0.492031;0.0396616;0.908604 0.379969 0.173385 -0.311947 -0.404876 0.903231 0.142298 2.53988 -0.102538 -0.199492 0.97452 0.352852 0 0 0 1 
3394309160006;0.393899;0.0357883;0.988144 0.0198101 0.152246 -0.285632 -0.0213074 0.999739 0.00820965 0.50904 -0.152044 -0.0113563 0.988309 1.95576 0 0 0 1 
3394309160007;0.411602;0.0268374;0.88362 -0.341382 0.320427 0.366485 0.346962 0.936963 0.0414444 -2.12331 -0.314377 0.0745549 0.946366 1.46253 0 0 0 1 
3394309160008;0.42721;0.0296215;0.953414 -0.298909 -0.0406733 0.479186 0.299717 0.953905 0.0153302 -1.91728 0.0342161 -0.0268065 0.999055 0.730314 0 0 0 1 
3394309160009;0.395375;0.028589;0.976972 -0.205944 -0.0557991 0.406054 0.200646 0.975698 -0.0880589 -1.5143 0.0725782 0.0748352 0.994551 0.457895 0 0 0 1 
3394309160010;0.216746;0.0282312;0.991808 -0.00987569 -0.127357 -0.11057 -0.0119906 0.985407 -0.169789 0.44298 0.127176 0.169926 0.977216 -0.532567 0 0 0 1 
3394309160011;0.228138;0.529196;0.949708 -0.222674 -0.220161 1.827 0.245067 0.966207 0.0799087 -1.71214 0.194928 -0.129844 0.972185 -1.04384 0 0 0 1 
3394309160012;0.324315;0.661699;0.942558 -0.332552 -0.0315135 1.46233 0.33329 0.929919 0.155463 -2.35192 -0.0223944 -0.157036 0.987339 -0.0779773 0 0 0 1 
3394309160013;0.268523;0.0357881;0.998011 0.0551086 -0.0306 0.591893 -0.0551509 0.998478 -0.000541586 0.0490742 0.0305236 0.00222813 0.999532 -0.376384 0 0 0 1 
3394309160014;0.217364;0.029694;0.999865 0.0140865 0.00850924 -0.0138029 -0.0155539 0.977804 0.208943 -0.363579 -0.0053771 -0.209047 0.977891 0.338292 0 0 0 1 
3394309160015;0.198549;0.0383919;0.972611 0.103962 0.207894 -0.307473 -0.099455 0.994526 -0.032047 0.684116 -0.210088 0.0104931 0.977626 1.51509 0 0 0 1 
3394309160016;0.362241;0.0328754;0.887483 -0.226412 0.401387 0.518841 0.222031 0.973307 0.058099 -1.72081 -0.403827 0.0375584 0.914064 3.23964 0 0 0 1 
3394309160017;0.403444;0.0291619;0.92364 -0.277577 0.264275 -0.490681 0.269891 0.960645 0.0657281 -1.31011 -0.272119 0.0106164 0.962205 1.85006 0 0 0 1 
3394309160018;0.415951;0.0374125;0.959687 0.265127 0.0933153 -0.680784 -0.269751 0.962065 0.0408045 1.91252 -0.0789571 -0.0643315 0.9948 0.44894 0 0 0 1 
3394309160019;0.389264;0.0337294;0.968405 0.249076 -0.0123444 0.0246652 -0.249017 0.968479 0.00617186 1.26108 0.0134926 -0.0029029 0.999905 -0.803908 0 0 0 1 
3394309160020;0.355901;0.0231824;0.943258 -0.163218 -0.28918 0.83492 0.0683777 0.94767 -0.311843 -0.0159076 0.324946 0.274375 0.905057 -1.64079 0 0 0 1 
3394309160021;0.307009;0.0249868;0.990935 -0.122404 -0.0553636 0.629877 0.131888 0.964797 0.227536 -1.15746 0.0255634 -0.232775 0.972195 -0.258818 0 0 0 1 
3394309160022;0.159878;0.0327907;0.979349 -0.0388985 0.198398 -0.287272 0.0538416 0.996059 -0.0704875 -0.290328 -0.194874 0.0797139 0.977584 1.323 0 0 0 1 
3394309160023;0.179015;0.0255237;0.995263 -0.047442 0.0848591 -0.181422 0.0492593 0.998597 -0.0194502 -0.370759 -0.0838172 0.0235382 0.996203 0.169845 0 0 0 1 
3394309160024;0.448507;0.540237;0.900375 -0.432695 0.0458305 1.80141 0.43106 0.901369 0.0414883 -2.71165 -0.059262 -0.0175993 0.998087 1.20569 0 0 0 1 
3394309160025;0.259237;0.0319822;0.987683 0.156398 -0.00473877 -0.138055 -0.156018 0.986677 0.0461159 0.996358 0.0118881 -0.0448086 0.998925 -0.564744 0 0 0 1 
3394309160026;0.300277;0.0330035;0.994822 0.0786947 0.0643139 0.303371 -0.0751167 0.995585 -0.0562803 -0.0888454 -0.0684589 0.0511578 0.996341 0.807323 0 0 0 1 
3394309160027;0.421694;0.0794595;0.956032 -0.226742 -0.185989 0.584181 0.264111 0.941358 0.209978 -2.52659 0.127471 -0.249867 0.959853 -0.290534 0 0 0 1 
3394309160028;0.443835;0.0336505;0.924769 0.104324 0.365949 -0.125088 0.00773457 0.956333 -0.292176 0.769096 -0.38045 0.273026 0.88358 2.37477 0 0 0 1 
3394309160029;0.512116;0.0312368;0.998812 -0.0265109 0.0408849 0.238923 0.0391601 0.936033 -0.349726 0.451934 -0.0289981 0.350912 0.935959 -0.603617 0 0 0 1 
3394309160031;0.426851;0.0547701;0.958322 -0.220303 -0.181893 0.262248 0.242544 0.963826 0.110511 -0.81961 0.150967 -0.150022 0.977089 -0.906267 0 0 0 1 
3394309160032;0.353703;0.60648;0.91894 -0.377295 -0.114883 1.44095 0.380506 0.924755 0.00658304 -0.121465 0.103755 -0.049763 0.993357 -0.0400021 0 0 0 1 
3394309160033;0.139215;0.0417748;0.993546 -0.0369698 -0.107239 0.0504276 0.0322268 0.998438 -0.0456297 -0.262606 0.108758 0.0418792 0.993186 0.160398 0 0 0 1 
3394309160034;0.389775;0.0527468;0.932968 0.358593 -0.0313163 -0.298548 -0.356231 0.932294 0.0626614 0.265149 0.0516659 -0.0473053 0.997543 -0.49568 0 0 0 1 
3394309160035;0.19696;0.0513858;0.979632 0.158883 -0.122789 0.0490091 -0.172798 0.978516 -0.112463 0.349326 0.102282 0.13139 0.98604 -0.0280968 0 0 0 1 
3394309160036;0.370886;0.0487035;0.932824 -0.357758 -0.0429997 -0.255895 0.358202 0.907719 0.218491 -0.550557 -0.0391355 -0.219216 0.974891 0.401822 0 0 0 1 
3394309160037;0.384635;0.0483437;0.910025 -0.263098 0.320365 -0.26604 0.198426 0.954964 0.220614 -0.876197 -0.36398 -0.137196 0.921247 0.122313 0 0 0 1 
3394309160038;0.368064;0.0490387;0.953261 0.301814 -0.014211 -0.647018 -0.301819 0.948973 -0.0914053 0.538041 -0.0141016 0.0914223 0.995712 0.00689192 0 0 0 1 
3394309160039;0.0746977;0.0480832;0.999521 -0.00665532 0.0302171 -0.110163 0.00637099 0.999935 0.00949601 -0.123517 -0.0302784 -0.00929895 0.999498 -0.0588311 0 0 0 1 
3394309160040;0.279481;0.0588423;0.924079 -0.344188 0.166173 0.132626 0.32524 0.9365 0.131095 -0.673898 -0.200742 -0.0670959 0.977344 0.440058 0 0 0 1 
3394309160041;0.389623;0.0550487;0.888473 -0.458624 -0.0167377 0.642676 0.458405 0.885125 0.0801188 -0.740484 -0.0219294 -0.078856 0.996645 0.00637773 0 0 0 1 
3394309160042;0.283783;0.0455839;0.983888 -0.178644 0.00707624 -0.442917 0.178641 0.983914 0.00101164 -0.194085 -0.00714313 0.000268767 0.999974 -0.328779 0 0 0 1 
3394309160043;0.314339;0.045866;0.998911 0.0465645 0.00308753 0.163929 -0.0463016 0.980663 0.190148 -0.142225 0.0058263 -0.190083 0.981751 0.704143 0 0 0 1 
3394309160044;0.531805;0.0539746;0.897209 0.41829 -0.141594 -0.542344 -0.402586 0.906525 0.127028 0.595525 0.181493 -0.056967 0.981741 0.51478 0 0 0 1 
3394309160045;0.395186;0.0458054;0.993505 0.0668323 0.0920939 -0.205835 -0.0219077 0.906546 -0.421539 0.616411 -0.11166 0.416784 0.902122 0.201072 0 0 0 1 
3394309160046;0.217132;0.0496168;0.988339 -0.152257 0.00184134 0.185743 0.152218 0.988254 0.0135781 -0.690676 -0.00388706 -0.0131394 0.999906 0.198095 0 0 0 1 
3394309160047;0.371665;0.043649;0.97397 -0.163193 0.157321 -0.0605383 0.178213 0.980178 -0.0865497 0.00637106 -0.140078 0.112334 0.983748 -0.553545 0 0 0 1 
3394309160048;0.441321;0.0609209;0.898304 0.339786 0.278561 -0.409788 -0.281933 0.932024 -0.227696 0.62872 -0.336993 0.126004 0.933037 0.908061 0 0 0 1 
3394309160049;0.529697;0.0457954;0.963677 -0.263401 -0.0441233 0.039677 0.258895 0.880771 0.396504 -1.5491 -0.065577 -0.393526 0.916972 0.271324 0 0 0 1 
3394309160050;0.242722;0.0391154;0.983024 -0.13154 0.127913 -0.0206528 0.131984 0.991239 0.00503517 -0.265453 -0.127454 0.0119328 0.991773 0.719175 0 0 0 1 
3394309160051;0.288745;0.0504017;0.977096 -0.0303733 0.210619 -0.246539 0.00756307 0.994093 0.108271 -0.170498 -0.212664 -0.104199 0.971554 0.911286 0 0 0 1 
3394309160052;0.346607;0.0592856;0.99732 0.071625 0.014906 0.0585178 -0.0718267 0.997326 0.0134618 -0.117976 -0.013902 -0.0144964 0.999798 -0.748466 0 0 0 1 
3394309160053;0.177457;0.0484241;0.992735 -0.017402 0.119056 -0.364853 0.0171789 0.999848 0.0028997 -0.290864 -0.119088 -0.000833386 0.992883 0.441768 0 0 0 1 
3394309160054;0.393365;0.0446991;0.996893 -0.0489104 -0.0617395 0.673436 0.0592229 0.982222 0.178138 -0.77783 0.0519291 -0.181241 0.982067 0.4584 0 0 0 1 
3394309160055;0.395101;0.0522995;0.997672 -0.0663801 0.0156254 0.691986 0.0673737 0.994883 -0.0752894 0.102422 -0.0105477 0.0761669 0.997039 -0.484069 0 0 0 1 
3394309160056;0.394726;0.0544869;0.98723 0.158682 0.0140531 -0.626621 -0.158919 0.974901 0.155923 0.325007 0.0110417 -0.156165 0.987669 -0.419956 0 0 0 1 
3394309160057;0.649395;0.0547667;0.933317 0.351874 0.0714395 -1.02334 -0.31747 0.901671 -0.293603 1.25883 -0.167726 0.251345 0.953254 0.572219 0 0 0 1 
3394309160058;0.444142;0.0596792;0.977131 0.212337 0.0112747 -0.402763 -0.21155 0.976124 -0.0492725 0.546044 -0.0214679 0.0457606 0.998722 0.918503 0 0 0 1 
3394309160059;0.406193;0.0476536;0.988431 -0.0164158 0.150778 0.511826 0.0713604 0.927551 -0.366819 -0.00125542 -0.133833 0.373335 0.917992 0.541634 0 0 0 1 
3394309160060;0.43448;0.0506544;0.910787 0.412402 -0.0197822 0.029767 -0.409965 0.897644 -0.161755 0.733813 -0.0489508 0.155434 0.986633 -0.413487 0 0 0 1 
3394309160062;0.235158;0.0259918;0.951938 -0.26151 0.159459 0.485611 0.276562 0.957615 -0.0805461 -6.01298 -0.131636 0.120775 0.983913 2.93879 0 0 0 1 
3394309160063;0.42419;0.0742647;0.978661 0.204867 -0.0158538 0.59803 -0.204441 0.97856 0.0249907 4.28376 0.0206336 -0.0212163 0.999562 0.550174 0 0 0 1 
3394309160064;0.439802;0.158267;0.898518 0.40271 0.174613 1.54255 -0.406826 0.913411 -0.0131643 8.87414 -0.164795 -0.0592088 0.984549 3.46016 0 0 0 1 
3394309160065;0.350677;0.075062;0.988972 0.0736156 0.128508 0.121043 -0.0766505 0.99688 0.0188262 1.18384 -0.126721 -0.0284688 0.99153 2.10109 0 0 0 1 
3394309160066;0.242534;0.0452599;0.999397 0.00557871 -0.0342754 -0.211783 -0.0126363 0.977769 -0.209304 0.147075 0.0323457 0.209611 0.97725 -0.161951 0 0 0 1 
3394309160067;0.392633;0.0959661;0.885899 0.176271 0.429083 1.5787 -0.113782 0.979303 -0.167387 2.93958 -0.449708 0.099466 0.88762 10.0504 0 0 0 1 
3394309160068;0.328762;0.0536748;0.990307 0.138179 0.0140968 0.133376 -0.138875 0.983301 0.117613 3.58813 0.00239025 -0.118431 0.992959 -0.511898 0 0 0 1 
3394309160069;0.0998438;0.0501854;0.999905 0.00919022 -0.0102491 0.181757 -0.00916968 0.999956 0.00205 0.306059 0.0102675 -0.00195583 0.999945 -0.281007 0 0 0 1 
3394309160070;0.429464;0.0719997;0.920129 0.2832 0.270482 1.25001 -0.343086 0.915967 0.208077 7.45318 -0.188825 -0.284256 0.93997 4.19917 0 0 0 1 
3394309160071;0.0989399;0.0515567;0.998911 0.0449774 -0.0124074 -0.00484356 -0.0448709 0.998955 0.00873478 1.04224 0.0127873 -0.00816853 0.999885 -0.461219 0 0 0 1 
3394309160072;0.334886;0.0286447;0.937127 -0.348298 -0.02196 1.1396 0.34511 0.91552 0.206695 -7.90717 -0.0518865 -0.201278 0.978159 0.723718 0 0 0 1 
3394309160073;0.372916;0.0271513;0.989363 -0.145394 0.00462657 0.870483 0.145376 0.989368 0.00397348 -3.20546 -0.0051551 -0.00325862 0.999981 0.484675 0 0 0 1 
3394309160074;0.236373;0.0273119;0.982828 -0.180052 -0.0403701 0.34512 0.182509 0.980783 0.0689506 -4.05979 0.0271796 -0.0751345 0.996803 -1.07601 0 0 0 1 
3394309160075;0.259352;0.0429218;0.979876 0.0709741 -0.186561 0.671533 -0.117584 0.96051 -0.25218 2.89856 0.161295 0.269041 0.949526 -3.24176 0 0 0 1 
3394309160076;0.21267;0.0724381;0.976282 0.164813 0.140392 0.282189 -0.152205 0.983644 -0.0963204 3.68294 -0.153971 0.0726675 0.9854 3.59701 0 0 0 1 
3394309160077;0.259302;0.065511;0.990899 0.126639 -0.0456222 0.106851 -0.13212 0.97987 -0.149665 3.06625 0.0257504 0.15433 0.987684 0.211338 0 0 0 1 
3394309160078;0.466153;0.0295785;0.884525 -0.419629 0.203781 1.73209 0.440744 0.894873 -0.0703394 -9.26615 -0.152842 0.152032 0.976486 4.23444 0 0 0 1 
3394309160079;0.423773;0.0287155;0.966711 -0.164108 0.196312 -0.300858 0.18737 0.976515 -0.106352 -3.86585 -0.174249 0.139594 0.974757 3.30089 0 0 0 1 
3394309160080;0.255153;0.0572438;0.992859 -0.000715617 0.119288 0.00810488 0.0177735 0.989708 -0.141995 -0.116019 -0.117958 0.143102 0.982653 2.28408 0 0 0 1 
3394309160081;0.296072;0.0296889;0.996999 -0.0717592 0.0290499 0.317434 0.0717544 0.997422 0.00120896 -0.882347 -0.0290617 0.000879122 0.999577 0.562321 0 0 0 1 
3394309160082;0.355531;0.0344761;0.906846 -0.413977 -0.0790787 1.89325 0.408859 0.909645 -0.0733445 -8.8062 0.102296 0.0341801 0.994167 -2.20934 0 0 0 1 
3394309160083;0.180325;0.025124;0.99719 -0.0743515 -0.00918743 -0.00840271 0.074727 0.978423 0.192625 -1.95486 -0.00533274 -0.19277 0.98123 0.0394802 0 0 0 1 
3394309160084;0.188147;0.0317507;0.997872 -0.0312664 -0.0572126 -0.0804595 0.030505 0.999435 -0.0141329 -0.401339 0.0576221 0.0123576 0.998262 -1.57304 0 0 0 1 
3394309160085;0.149775;0.0492392;0.997492 0.00286071 0.0707175 -0.176612 -0.0147141 0.985733 0.167671 0.0897971 -0.0692289 -0.168291 0.983303 1.34804 0 0 0 1 
3394309160086;0.360181;0.031215;0.976435 0.0281063 -0.213976 1.28247 -0.0450072 0.996203 -0.0745271 1.20956 0.211068 0.0824013 0.973992 -3.69992 0 0 0 1 
3394309160087;0.069233;0.0268796;0.996502 -0.0816732 -0.0177256 0.073088 0.0819512 0.996515 0.0155643 -1.76348 0.0163926 -0.0169625 0.999722 -0.341552 0 0 0 1 
3394309160088;0.334175;0.0268031;0.957018 -0.246613 0.152638 -0.229544 0.223467 0.962478 0.153942 -5.00301 -0.184875 -0.113216 0.976219 3.63478 0 0 0 1 
3394309160089;0.384231;0.0231575;0.967724 -0.216847 0.128404 0.111361 0.205077 0.973739 0.0988696 -4.85833 -0.146471 -0.0693459 0.986781 2.33255 0 0 0 1 
3394309160090;0.357505;0.0304238;0.946389 -0.30067 0.118094 0.780914 0.317053 0.934582 -0.161348 -6.28395 -0.0618555 0.19014 0.979806 1.93167 0 0 0 1 
3394309160091;0.460987;0.0768539;0.974388 0.219364 0.0494787 0.201111 -0.22154 0.974166 0.0438307 3.93309 -0.0385856 -0.0536696 0.997813 0.401266 0 0 0 1 
3394309160093;0.186714;0.0420862;0.981037 -0.0814004 -0.175898 0.526615 0.0861043 0.9961 0.0192647 -1.44769 0.173643 -0.034045 0.98422 -3.42606 0 0 0 1 
3394309160094;0.310812;0.0553293;0.985278 -0.134703 0.105269 0.350687 0.135202 0.990815 0.00241697 -1.75445 -0.104627 0.0118511 0.994441 1.96899 0 0 0 1 
3394309160095;0.222858;0.0506647;0.998383 -0.041327 -0.0390366 0.229362 0.0406605 0.999016 -0.0177174 -0.757549 0.0397304 0.0161015 0.999081 -0.185424 0 0 0 1 
3394309160096;0.38163;0.0382554;0.995468 -0.0800282 -0.0513742 0.315159 0.0851589 0.990607 0.106988 -1.77467 0.0423296 -0.110878 0.992932 0.00870921 0 0 0 1 
3394309160097;0.257713;0.0570291;0.999812 0.00193847 -0.0192819 -0.127674 -0.00174206 0.999946 0.0101978 0.10523 0.0193006 -0.0101623 0.999762 0.34503 0 0 0 1 
3394309160098;0.436886;0.718244;0.891984 0.439983 0.103822 0.122256 -0.40728 0.8818 -0.237807 7.93622 -0.196182 0.169836 0.965748 3.71029 0 0 0 1 
3394309160099;0.352112;0.061634;0.991599 0.09103 0.0918957 0.569843 -0.0730293 0.980375 -0.183118 1.94093 -0.106761 0.174868 0.978787 1.72965 0 0 0 1 
3394309160100;0.383134;0.0391397;0.996431 -0.0244233 -0.0808047 0.348486 0.0296771 0.997478 0.06447 -0.430648 0.0790263 -0.0666379 0.994643 -0.524916 0 0 0 1 
3394309160101;0.349174;0.0547209;0.999807 0.000596255 0.0196441 -0.00897596 0.00370383 0.975912 -0.218132 0.695367 -0.019301 0.218163 0.975722 1.34868 0 0 0 1 
3394309160102;0.328612;0.0492182;0.990433 0.0896221 -0.104934 0.288714 -0.0768846 0.989828 0.119707 1.4066 0.114595 -0.110494 0.987248 -1.38478 0 0 0 1 
3394309160103;0.353684;0.0464253;0.997603 -0.0129562 0.0679717 -0.853576 0.00943754 0.998611 0.0518346 -0.269614 -0.0685488 -0.0510689 0.99634 1.70195 0 0 0 1 
3394309160104;0.220681;0.0438823;0.978981 -0.147291 0.141073 -0.317699 0.142015 0.988757 0.0468202 -2.16489 -0.146383 -0.0258017 0.988891 2.5554 0 0 0 1 
3394309160105;0.408456;0.399254;0.932413 0.352815 0.0782735 0.362662 -0.35861 0.930101 0.0794426 6.70528 -0.0447737 -0.102143 0.993762 1.36489 0 0 0 1 
3394309160106;0.441483;0.0398673;0.89338 -0.425035 0.14566 1.53989 0.376496 0.885107 0.273564 -7.27291 -0.245199 -0.189557 0.950761 4.68844 0 0 0 1 
3394309160107;0.532391;0.0439341;0.913301 -0.37783 -0.15207 2.14608 0.362132 0.924195 -0.121341 -6.33863 0.186388 0.0557516 0.980893 -3.81135 0 0 0 1 
3394309160108;0.223867;0.0503284;0.999994 0.00334449 0.000587117 -0.172633 -0.00334985 0.99995 0.00937542 0.0530158 -0.000555732 -0.00937733 0.999956 0.590916 0 0 0 1 
3394309160109;0.0784344;0.041066;0.994215 -0.107329 -0.00410392 -0.057154 0.107391 0.994006 0.0204735 -1.91411 0.00188193 -0.0207958 0.999782 -0.0522212 0 0 0 1 
3394309160110;0.305364;0.050302;0.984213 -0.167218 0.0579918 -0.303427 0.175165 0.967212 -0.183895 -2.94795 -0.0253398 0.19115 0.981234 1.38508 0 0 0 1 
3394309160111;0.289575;0.995776;0.947296 0.251181 0.198841 -1.14957 -0.234102 0.966463 -0.105576 4.45234 -0.218691 0.0534624 0.974328 4.28542 0 0 0 1 
3394309160112;0.386373;0.042128;0.966675 -0.252188 0.0440536 0.179884 0.251803 0.967675 0.0141594 -4.62943 -0.0462004 -0.00259472 0.998929 1.69926 0 0 0 1 
3394309160113;0.347639;0.0496553;0.999455 0.0329608 -0.00166058 -0.16858 -0.0329639 0.999455 -0.00184046 0.956676 0.00159901 0.00189419 0.999997 0.833811 0 0 0 1 
3394309160114;0.578959;0.455016;0.894353 0.37002 0.251431 -0.219237 -0.365908 0.928397 -0.0647306 6.3791 -0.257379 -0.0341084 0.965708 4.59414 0 0 0 1 
3394309160115;0.373208;0.055685;0.995993 -0.0154005 0.0880918 -0.375725 0.0231658 0.995867 -0.0878198 -0.199512 -0.0863753 0.0895086 0.992234 0.786806 0 0 0 1 
3394309160116;0.177223;0.0513692;0.999499 -0.0313073 -0.00459805 0.223141 0.03126 0.999461 -0.0100348 -0.1445 0.00490974 0.00988607 0.999939 -0.170552 0 0 0 1 
3394309160117;0.448363;0.0377062;0.978192 -0.202999 -0.0439478 0.279905 0.182948 0.942283 -0.280416 -2.56284 0.0983353 0.26626 0.958872 -2.17398 0 0 0 1 
3394309160118;0.307421;0.0608428;0.954965 0.185372 0.231689 0.519026 -0.130118 0.963375 -0.234473 2.90733 -0.266669 0.193766 0.944109 4.95645 0 0 0 1 
3394309160119;0.336676;0.0445193;0.930406 -0.36038 -0.0668683 1.03843 0.361319 0.93244 0.00211415 -6.37118 0.0615888 -0.0261278 0.99776 -0.691533 0 0 0 1 
3394309160120;0.390228;0.0434316;0.877897 -0.446683 0.172544 1.46261 0.461872 0.884987 -0.0589297 -8.1017 -0.126377 0.131428 0.983237 2.82027 0 0 0 1 
3394309160121;0.364275;0.0524371;0.931987 -0.112851 0.344477 0.319905 0.184058 0.966012 -0.181504 -2.57154 -0.312286 0.232563 0.921082 6.01377 0 0 0 1 
3394309160122;0.150012;0.0714453;0.983099 0.17881 -0.0392746 0.595736 -0.179782 0.983444 -0.0227402 3.26484 0.0345581 0.0294167 0.99897 -0.543496 0 0 0 1 
3394309160124;0.265891;0.0397794;0.969657 -0.234217 0.070049 -0.0613359 0.235891 0.971639 -0.0165381 -5.82112 -0.0641888 0.0325602 0.997406 1.41737 0 0 0 1 
3394309160125;0.0924407;0.0518306;0.991825 0.0208244 0.125894 0.0155469 -0.029192 0.997459 0.06499 0.669379 -0.124221 -0.0681338 0.989913 2.80882 0 0 0 1 
3394309160126;0.454214;0.0544014;0.918031 0.295346 -0.264557 3.18132 -0.297075 0.954234 0.0344197 7.48538 0.262615 0.0469947 0.963756 -5.86137 0 0 0 1 
3394309160127;0.391085;0.0667127;0.918087 0.391905 -0.059382 2.10144 -0.377102 0.909733 0.173727 8.84223 0.122106 -0.137104 0.983002 -3.16961 0 0 0 1 
3394309160128;0.398984;0.0543966;0.941333 0.335987 0.0317064 1.24113 -0.327474 0.932091 -0.154811 8.14914 -0.0815679 0.135346 0.987435 2.02462 0 0 0 1 
3394309160129;0.0588853;0.0391167;0.999981 -0.00491916 -0.00384316 -0.114859 0.00494259 0.999969 0.00611079 -0.168221 0.00381298 -0.00612967 0.999974 0.0852752 0 0 0 1 
3394309160130;0.354684;0.0592201;0.988047 -0.11808 0.0990974 0.261886 0.146935 0.915809 -0.37377 -3.24979 -0.0466194 0.383863 0.922212 1.63308 0 0 0 1 
3394309160131;0.385569;0.0752417;0.887186 0.457795 0.0576571 2.92212 -0.457956 0.888905 -0.0111568 10.7453 -0.0563592 -0.0165062 0.998274 1.3924 0 0 0 1 
3394309160132;0.356548;0.0378319;0.905014 -0.422116 0.0526072 1.7625 0.425343 0.896302 -0.125406 -9.91695 0.00578411 0.13587 0.99071 0.0881906 0 0 0 1 
3394309160133;0.361702;0.0372203;0.94797 -0.185779 -0.258534 1.57798 0.255126 0.929066 0.267857 -6.19515 0.190433 -0.319879 0.928123 -4.72922 0 0 0 1 
3394309160134;0.414145;0.0449373;0.975974 -0.216622 0.0234622 1.0376 0.217714 0.973834 -0.0651709 -4.75738 -0.00873087 0.0687131 0.997598 0.354416 0 0 0 1 
3394309160135;0.292331;0.0470528;0.999047 0.00622395 -0.0431988 0.0565804 -0.00207419 0.995432 0.0954496 -0.382354 0.0435956 -0.095269 0.994496 -1.68117 0 0 0 1 
3394309160136;0.443471;0.0571334;0.970458 0.240523 -0.0189476 0.902701 -0.240229 0.970575 0.016554 5.90777 0.0223717 -0.0115132 0.999683 -1.32954 0 0 0 1 
3394309160137;0.250953;0.0331286;0.981328 -0.182561 -0.0605538 0.360114 0.188107 0.97662 0.104066 -4.50776 0.0401397 -0.113513 0.992725 -1.44132 0 0 0 1 
3394309160138;0.370395;0.036587;0.925103 -0.272211 -0.264736 1.85731 0.250552 0.961476 -0.113086 -5.39386 0.285321 0.0382864 0.957667 -6.0834 0 0 0 1 
3394309160139;0.0858104;0.0499776;0.997764 0.0658808 -0.0112201 0.0697413 -0.0647925 0.994757 0.0791229 1.38393 0.016374 -0.078219 0.996802 -0.489946 0 0 0 1 
3394309160140;0.322515;0.0361839;0.901749 -0.0538446 -0.428893 3.00001 0.0569689 0.99836 -0.00556 -1.32901 0.428489 -0.0194198 0.903338 -10.0585 0 0 0 1 
3394309160141;0.361297;0.0553623;0.941651 0.336583 0.00233996 1.23556 -0.336554 0.941423 0.0213041 8.0458 0.0049677 -0.0208486 0.99977 -0.183039 0 0 0 1 
3394309160142;0.193657;0.0691676;0.967551 0.0155631 0.252197 0.154976 -0.0271529 0.998726 0.0425403 0.618247 -0.251214 -0.0480077 0.96674 6.00593 0 0 0 1 
3394309160143;0.448915;0.0575295;0.973649 0.227548 -0.0151428 0.0200846 -0.226962 0.973342 0.0330641 4.99724 0.0222628 -0.028756 0.999339 -0.841094 0 0 0 1 
3394309160144;0.382267;0.0318117;0.925805 -0.341373 -0.162327 1.02592 0.327563 0.938844 -0.106184 -8.07233 0.188648 0.0451332 0.981007 -4.53403 0 0 0 1 
3394309160145;0.390824;0.0450322;0.908975 0.119537 -0.399345 2.8499 -0.208802 0.959719 -0.187992 5.20072 0.360787 0.254264 0.89732 -8.30918 0 0 0 1 
3394309160146;0.519843;0.0473612;0.988053 0.0461093 0.147052 0.11953 -0.0800768 0.968874 0.234244 1.68111 -0.131674 -0.243221 0.960992 3.98911 0 0 0 1 
3394309160147;0.314525;0.0382766;0.952685 -0.191866 -0.235752 0.7231 0.234343 0.957587 0.167663 -5.51895 0.193584 -0.214977 0.957241 -4.37463 0 0 0 1 
3394309160148;0.159477;0.0545226;0.996443 0.00165008 0.0842575 0.113345 -0.0104805 0.994473 0.104468 -0.0535636 -0.0836194 -0.10498 0.990953 1.83185 0 0 0 1 
3394309160149;0.32406;0.0477746;0.996006 -0.0864494 0.0223376 0.308641 0.0741346 0.940101 0.332738 -2.08859 -0.0497647 -0.329753 0.942755 0.567329 0 0 0 1 
3394309160150;0.0510986;0.0588967;0.998705 0.0490097 0.013684 -0.0640788 -0.0491217 0.998761 0.00797168 1.16779 -0.0132763 -0.00863354 0.999875 0.393861 0 0 0 1 
3394309160151;0.610087;0.0378391;0.925409 -0.345653 -0.155378 2.61396 0.332621 0.937301 -0.104071 -7.39204 0.181608 0.0446266 0.982358 -3.89124 0 0 0 1 
3394309160152;0.362678;0.064023;0.923084 0.283191 -0.26023 2.60859 -0.309268 0.948783 -0.0645325 7.42465 0.228627 0.14005 0.963388 -5.41357 0 0 0 1 
3394309160153;0.287468;0.0553284;0.956516 0.282978 -0.0707136 1.24343 -0.260901 0.938455 0.226348 5.72731 0.130413 -0.198057 0.971476 -3.03189 0 0 0 1 
3394309160155;0.447786;0.0398799;0.968083 -0.240283 -0.0712725 0.482731 0.247778 0.874769 0.416396 -3.133 -0.037706 -0.420765 0.906386 0.199182 0 0 0 1 
3394309160156;0.233355;0.0302966;0.927731 0.070767 -0.366479 1.21318 -0.0615335 0.997425 0.0368322 0.537984 0.368142 -0.0116196 0.929697 -3.19358 0 0 0 1 
3394309160157;0.264959;0.145419;0.976065 0.0335388 0.214875 -0.374165 -0.0809745 0.973042 0.215948 0.337289 -0.20184 -0.228178 0.952468 1.46343 0 0 0 1 
3394309160158;0.276214;0.0245778;0.985789 -0.164084 0.0360143 0.114702 0.164375 0.986384 -0.00525472 -1.67737 -0.0346617 0.0110999 0.999337 -0.20099 0 0 0 1 
3394309160159;0.327677;0.0422998;0.999513 0.0234898 0.0205257 -0.271331 -0.0247843 0.99756 0.0652739 0.14034 -0.0189424 -0.0657508 0.997656 1.01628 0 0 0 1 
3394309160160;0.133668;0.0804707;0.985709 -0.00158066 0.16845 -0.366877 0.0121508 0.998018 -0.0617372 -0.0039246 -0.168019 0.0629017 0.983775 1.59054 0 0 0 1 
3394309160161;0.30505;0.772296;0.947122 0.320584 -0.0136502 -1.6738 -0.320243 0.94707 0.0224117 3.0951 0.0201125 -0.0168552 0.999656 0.149808 0 0 0 1 
3394309160162;0.0502853;0.0379131;0.999943 -0.00899049 -0.00579861 0.0257291 0.00895882 0.999945 -0.00546579 -0.136639 0.00584743 0.00541353 0.999968 0.0544853 0 0 0 1 
3394309160163;0.250016;0.0277163;0.994565 -0.0739142 -0.0733284 0.0951357 0.090145 0.96372 0.251233 -1.27453 0.0520984 -0.256477 0.965145 -0.275196 0 0 0 1 
3394309160164;0.523579;0.865316;0.902292 0.429741 -0.034533 -2.04472 -0.430031 0.902813 -0.00109494 3.76371 0.0307063 0.0158382 0.999403 0.138301 0 0 0 1 
3394309160165;0.368871;0.729765;0.961609 0.272105 0.0355916 -1.56314 -0.253659 0.930832 -0.263075 2.58173 -0.104714 0.243947 0.964119 1.76485 0 0 0 1 
3394309160166;0.306131;0.0326237;0.999499 -0.0111244 -0.0296145 0.112963 0.0110099 0.999931 -0.00402747 -0.106481 0.0296572 0.0036994 0.999553 -0.98191 0 0 0 1 
3394309160167;0.598213;0.0263269;0.896882 -0.142378 -0.418726 2.06187 0.216261 0.967041 0.134397 -2.82449 0.38579 -0.211092 0.898113 -2.87408 0 0 0 1 
3394309160168;0.1742;0.0517153;0.999349 0.0345793 -0.0102913 -0.123214 -0.0346006 0.999399 -0.00189837 0.313616 0.0102195 0.00225322 0.999945 0.410734 0 0 0 1 
3394309160169;0.457369;0.0289241;0.942801 -0.330373 0.0444905 0.18622 0.329158 0.943714 0.0325407 -3.92029 -0.0527369 -0.016035 0.99848 1.0361 0 0 0 1 
3394309160170;0.210774;0.0332723;0.985682 -0.102629 0.133786 -0.251575 0.123942 0.978944 -0.162194 -0.948676 -0.114323 0.176453 0.977647 0.962447 0 0 0 1 
3394309160171;0.312176;0.034434;0.979173 -0.200037 0.0347179 0.424721 0.182751 0.942894 0.278484 -2.01048 -0.0884425 -0.26634 0.959813 0.732101 0 0 0 1 
3394309160172;0.347442;0.0405854;0.991179 -0.0565471 -0.119859 0.101736 0.0402918 0.990169 -0.133948 -0.357893 0.126255 0.127937 0.983713 -0.141236 0 0 0 1 
3394309160173;0.513361;0.0717449;0.967234 -0.241788 0.0774347 0.655383 0.252743 0.888097 -0.383933 -1.4841 0.0240611 0.390925 0.920108 0.112746 0 0 0 1 
3394309160174;0.158617;0.0421802;0.997335 0.0489505 -0.0540924 -0.260474 -0.0551819 0.991183 -0.120459 0.629391 0.047719 0.123123 0.991244 -0.146666 0 0 0 1 
3394309160175;0.423765;0.056759;0.984999 -0.0394262 -0.167996 1.00942 0.00275127 0.977014 -0.213159 0.47174 0.172538 0.2095 0.962466 -1.57772 0 0 0 1 
3394309160176;0.19621;0.0710911;0.995672 -0.0399696 0.0839029 -0.0726254 0.0366302 0.998489 0.0409706 -0.0814496 -0.0854137 -0.0377199 0.995631 0.446639 0 0 0 1 
3394309160177;0.557777;0.0343469;0.955226 0.180773 -0.234232 0.57161 -0.0801217 0.920113 0.383371 0.317063 0.284823 -0.347439 0.893399 -1.47661 0 0 0 1 
3394309160178;0.217629;0.0844401;0.999954 -0.00951596 -0.000895352 0.187551 0.00951324 0.99995 -0.00299695 -0.361747 0.000923826 0.00298829 0.999995 0.368836 0 0 0 1 
3394309160179;0.268847;0.0379757;0.959803 -0.280575 -0.00746257 -0.158092 0.280673 0.95953 0.0229263 -2.88836 0.000728006 -0.0240993 0.999709 -0.0754624 0 0 0 1 
3394309160180;0.363436;0.0429742;0.997523 -0.00535804 0.0701314 -0.119211 0.00960636 0.998129 -0.0603804 0.344179 -0.0696766 0.0609046 0.995709 1.59951 0 0 0 1 
3394309160181;0.481709;0.0360784;0.903347 -0.428709 -0.0131627 1.1536 0.428632 0.903441 -0.00831039 -3.99379 0.0154545 0.00186519 0.999879 0.674962 0 0 0 1 
3394309160182;0.293983;0.0300421;0.998228 -0.0449339 -0.039007 0.0223792 0.0445928 0.998959 -0.00957059 -0.930061 0.0393965 0.00781419 0.999193 0.268302 0 0 0 1 
3394309160183;0.436918;0.0259492;0.972531 -0.232501 0.0112562 0.479583 0.220712 0.936422 0.272762 -2.97727 -0.0739581 -0.262785 0.962016 0.297019 0 0 0 1 
3394309160184;0.141133;0.0309736;0.999797 -0.0100283 -0.0174665 -0.344443 0.00959063 0.999642 -0.0249655 -0.163717 0.0177106 0.024793 0.999536 0.0754849 0 0 0 1 
3394309160186;0.458534;0.0207469;0.914808 0.402495 -0.0335227 2.09941 -0.403602 0.914134 -0.0382841 7.99492 0.0152351 0.0485524 0.998704 -0.923512 0 0 0 1 
3394309160187;0.388653;0.0546469;0.890125 -0.455708 0.00256608 1.83002 0.454539 0.887409 -0.0768103 -8.90968 0.0327259 0.0695372 0.997042 -0.311973 0 0 0 1 
3394309160188;0.269366;0.0363148;0.987755 -0.156014 0.000352352 0.226083 0.153968 0.975161 0.159232 -3.2743 -0.0251861 -0.157228 0.987241 0.824537 0 0 0 1 
3394309160189;0.483079;0.0404358;0.969746 -0.192876 -0.149635 1.06417 0.140352 0.942052 -0.304696 -1.88257 0.199733 0.274476 0.940622 -3.98752 0 0 0 1 
3394309160190;0.0786131;0.0169695;0.997776 0.0640472 -0.0184408 0.126467 -0.0641256 0.997935 -0.00369257 1.20342 0.0181663 0.00486689 0.999823 -0.450662 0 0 0 1 
3394309160191;0.461554;0.0597151;0.952946 -0.302772 -0.0149197 0.882569 0.303013 0.952814 0.0180933 -6.72451 0.0087376 -0.0217628 0.999725 0.472469 0 0 0 1 
3394309160192;0.432023;0.0249632;0.987473 -0.0244477 -0.155886 1.16583 -0.0171065 0.965515 -0.259785 1.13157 0.156861 0.259197 0.953001 -2.42126 0 0 0 1 
3394309160193;0.353577;0.0226157;0.952215 0.305427 1.93732e-05 1.46789 -0.305332 0.95192 -0.0249086 5.97998 -0.0076262 0.0237124 0.99969 -0.38236 0 0 0 1 
3394309160194;0.352735;0.0280909;0.952956 -0.216807 0.211824 0.39199 0.138357 0.932925 0.332428 -3.43761 -0.269689 -0.287482 0.919033 5.06519 0 0 0 1 
3394309160195;0.362433;0.0264873;0.900876 0.433699 0.0180814 2.30222 -0.433139 0.900887 -0.0281729 8.37562 -0.0285079 0.0175485 0.99944 0.415983 0 0 0 1 
3394309160196;0.182053;0.0332521;0.99372 -0.0997796 0.0506375 0.0175247 0.0910833 0.984192 0.151885 -2.1758 -0.0649921 -0.146319 0.9871 0.9203 0 0 0 1 
3394309160197;0.398636;0.0242964;0.920213 0.378614 -0.0992935 2.38453 -0.390981 0.901091 -0.187533 7.84168 0.0184697 0.211393 0.977227 0.490705 0 0 0 1 
3394309160198;0.114611;0.0326502;0.992446 -0.12254 -0.00595461 0.0982214 0.122512 0.992455 -0.00491909 -2.5218 0.00651246 0.00415242 0.99997 -0.0440694 0 0 0 1 
3394309160199;0.260161;0.0190613;0.948495 0.316587 0.0113776 1.30611 -0.315941 0.947969 -0.0391913 6.26954 -0.0231931 0.0335781 0.999167 0.554194 0 0 0 1 
3394309160200;0.239388;0.040348;0.999361 -0.0233753 -0.027028 0.0831484 0.0237055 0.999647 0.0119605 -0.582314 0.0267389 -0.0125936 0.999563 0.121907 0 0 0 1 
3394309160201;0.340496;0.0179194;0.969811 -0.0704323 0.233463 0.606282 0.115006 0.976327 -0.183194 -1.62667 -0.215034 0.204513 0.954953 4.21841 0 0 0 1 
3394309160202;0.373558;0.0270353;0.98686 -0.074238 0.143512 -0.632302 0.0751182 0.997174 -0.000717268 -1.25972 -0.143053 0.0114882 0.989648 2.18898 0 0 0 1 
3394309160203;0.451354;0.0227637;0.921016 0.387037 0.0439575 1.79752 -0.352229 0.875697 -0.330286 7.45208 -0.166326 0.288715 0.942857 3.49139 0 0 0 1 
3394309160204;0.469117;0.0456219;0.87588 0.482408 -0.0108124 2.77171 -0.482387 0.875946 0.00465937 9.38883 0.0117188 0.00113469 0.999931 -0.714698 0 0 0 1 
3394309160205;0.327235;0.0519057;0.980455 -0.189162 -0.0540874 0.794365 0.191606 0.980475 0.0442314 -4.25049 0.0446645 -0.0537304 0.997556 -1.24857 0 0 0 1 
3394309160206;0.165571;0.0354484;0.998308 -0.00630314 -0.0577966 -0.0330678 -0.000679749 0.992772 -0.12001 0.252768 0.0581354 0.119846 0.991089 -0.645028 0 0 0 1 
3394309160207;0.420271;0.0181846;0.971201 0.108904 0.211916 0.481546 -0.119119 0.992227 0.0360095 2.18388 -0.206348 -0.0602158 0.976624 5.0042 0 0 0 1 
3394309160208;0.487381;0.0175933;0.92358 0.310495 -0.224927 1.36837 -0.25301 0.934358 0.25092 4.21354 0.288071 -0.174836 0.941513 -5.31157 0 0 0 1 
3394309160209;0.287731;0.0217399;0.995846 0.0733773 0.0539111 -0.0953885 -0.0802562 0.987025 0.139074 1.52886 -0.0430067 -0.142823 0.988813 0.0735802 0 0 0 1 
3394309160210;0.372686;0.0616611;0.954165 -0.296779 0.0386188 0.743476 0.299258 0.947724 -0.11074 -5.57135 -0.00373479 0.117221 0.993099 0.864464 0 0 0 1 
3394309160211;0.423056;0.0431809;0.915392 -0.325783 -0.23648 1.89395 0.355494 0.929826 0.0951242 -7.10025 0.188895 -0.171143 0.966969 -3.26913 0 0 0 1 
3394309160212;0.468609;0.041277;0.962959 -0.268872 0.0204496 1.17112 0.269251 0.962886 -0.0188167 -5.76997 -0.0146314 0.0236258 0.999614 0.946304 0 0 0 1 
3394309160213;0.266849;0.0341678;0.979875 -0.140235 0.142051 -0.264998 0.16583 0.968017 -0.188263 -2.90659 -0.111107 0.208031 0.971791 2.55132 0 0 0 1 
3394309160214;0.475344;0.0189457;0.994545 -0.0997713 0.0304336 0.349907 0.103364 0.903463 -0.416017 -1.35337 0.0140109 0.416893 0.908848 1.14297 0 0 0 1 
3394309160215;0.281079;0.0407306;0.872992 0.0892162 -0.479506 3.11587 -0.0618414 0.99544 0.0726214 1.23625 0.483798 -0.0337446 0.874529 -9.41141 0 0 0 1 
3394309160217;0.276984;0.0274462;0.999991 0.000723725 0.00408464 -0.615517 -0.000733763 0.999997 0.00245669 0.370435 -0.00408285 -0.00245966 0.999989 0.430958 0 0 0 1 
3394309160218;0.423487;0.932275;0.929593 0.19324 0.313873 -2.36356 -0.243902 0.960947 0.130741 2.67581 -0.276351 -0.19809 0.94042 3.33039 0 0 0 1 
3394309160219;0.217232;0.0977997;0.986148 0.159276 -0.0462967 0.247828 -0.165165 0.96862 -0.185732 2.4851 0.0152613 0.190806 0.981509 0.114633 0 0 0 1 
3394309160220;0.375115;0.0301472;0.921378 0.185368 -0.341615 1.56386 -0.106618 0.965768 0.236485 0.591884 0.373757 -0.18147 0.909601 -5.19422 0 0 0 1 
3394309160221;0.326953;0.061105;0.982366 0.1768 -0.0608101 -0.201786 -0.173365 0.98316 0.0578014 1.87321 0.0700053 -0.0462398 0.996474 -0.334253 0 0 0 1 
3394309160222;0.142051;0.0351122;0.999152 -0.0363837 0.0192541 -0.323372 0.0368791 0.998981 -0.0260333 -0.751774 -0.0182872 0.0267213 0.999476 0.396863 0 0 0 1 
3394309160223;0.261461;0.0864481;0.96013 0.270718 -0.0697315 0.146248 -0.266952 0.961915 0.0587901 3.37797 0.0829913 -0.0378312 0.995832 -1.13706 0 0 0 1 
3394309160224;0.0854273;0.0636616;0.993786 0.110791 -0.0106816 0.0137852 -0.110656 0.99378 0.0125078 1.32991 0.0120009 -0.0112481 0.999865 -0.113543 0 0 0 1 
3394309160225;0.231107;0.0204295;0.999962 0.00110825 -0.00861339 -0.240157 -0.000942951 0.999816 0.0191718 0.527927 0.00863305 -0.0191629 0.999779 0.114729 0 0 0 1 
3394309160226;0.061528;0.0327494;0.999999 0.00164564 -1.19047e-05 -0.0581424 -0.00164564 0.999999 -0.000469877 0.0562007 1.11315e-05 0.000469896 1 -0.092584 0 0 0 1 
3394309160227;0.376137;1.28745;0.887033 0.460182 -0.0374928 -1.62157 -0.46035 0.887726 0.00453614 5.72182 0.0353708 0.0132361 0.999287 -0.185227 0 0 0 1 
3394309160228;0.303595;0.021859;0.965457 -0.247899 0.0802355 0.286539 0.260233 0.932826 -0.249229 -2.97778 -0.013062 0.2615 0.965115 0.245467 0 0 0 1 
3394309160229;0.401686;0.0380563;0.930552 -0.315941 0.185081 1.01209 0.319996 0.947382 0.00834315 -3.66334 -0.177978 0.0514615 0.982688 2.49899 0 0 0 1 
3394309160230;0.10387;0.0801981;0.9915 0.126463 -0.0305624 -0.0580826 -0.127401 0.991368 -0.0309742 1.65946 0.0263815 0.0346046 0.999053 -0.282065 0 0 0 1 
3394309160231;0.26477;0.0395248;0.924509 -0.229758 0.304128 0.279431 0.192709 0.970165 0.147116 -2.8111 -0.328855 -0.0774024 0.941203 4.3123 0 0 0 1 
3394309160232;0.456423;0.0613121;0.871218 0.285328 -0.39946 2.71195 -0.283129 0.956813 0.0659354 3.88114 0.401021 0.0556545 0.914377 -5.4878 0 0 0 1 
3394309160233;0.155497;0.0561763;0.999102 0.0319602 0.0278205 -0.279088 -0.0327546 0.999055 0.0285856 0.363609 -0.0268806 -0.0294712 0.999204 0.733599 0 0 0 1 
3394309160234;0.449685;0.0308769;0.946205 -0.323391 0.0107298 0.608185 0.323569 0.945693 -0.0311012 -4.01999 -8.92181e-05 0.0328999 0.999459 -0.814133 0 0 0 1 
3394309160235;0.164832;0.0351504;0.972867 0.125286 -0.194508 0.282153 -0.115076 0.991358 0.0629769 1.48624 0.200718 -0.0388848 0.978877 -2.54251 0 0 0 1 
3394309160236;0.330502;0.103027;0.972893 0.22142 0.0667259 -0.0642303 -0.205896 0.960733 -0.186006 3.2196 -0.105291 0.167226 0.98028 1.91612 0 0 0 1 
3394309160237;0.197559;0.0759107;0.999896 -0.0128029 0.00660486 0.117376 0.0127355 0.999867 0.0101397 0.0781645 -0.0067338 -0.0100546 0.999927 -0.193379 0 0 0 1 
3394309160238;0.37956;0.0823367;0.981551 -0.14196 0.128082 0.68206 0.12674 0.984643 0.120065 -1.52003 -0.143159 -0.101617 0.984469 1.93734 0 0 0 1 
3394309160239;0.353533;0.0268936;0.99524 -0.0453705 0.0862463 -0.795167 0.0443429 0.998921 0.0137942 -0.42305 -0.0867791 -0.00990414 0.996178 0.560163 0 0 0 1 
3394309160240;0.540644;0.753859;0.935792 0.302169 0.181623 -1.65711 -0.221214 0.904395 -0.364874 4.07724 -0.274513 0.301269 0.91317 3.72792 0 0 0 1 
3394309160241;0.23847;0.650682;0.978884 0.0784761 0.188752 -1.28999 -0.0902237 0.994431 0.0544604 0.982055 -0.183427 -0.0703403 0.980514 1.93197 0 0 0 1 
3394309160242;0.249114;0.0347033;0.999306 -0.024331 0.0282197 -0.364369 0.0237641 0.999512 0.0202524 -0.307426 -0.0286987 -0.0195677 0.999397 -0.224152 0 0 0 1 
3394309160243;0.309141;0.0937448;0.956955 0.163242 0.239978 -0.176182 -0.117136 0.97373 -0.195268 1.89865 -0.26555 0.158752 0.950937 3.39497 0 0 0 1 
3394309160244;0.346424;0.0918432;0.999981 -0.00612072 -0.000143335 0.344474 0.00612154 0.999959 0.00667564 -0.46307 0.000102469 -0.0066764 0.999978 0.655033 0 0 0 1 
3394309160245;0.222213;0.0898789;0.982167 0.137342 0.128397 -0.0449105 -0.143911 0.988642 0.0433243 1.94343 -0.120989 -0.0610295 0.990776 1.15562 0 0 0 1 
3394309160246;0.394505;1.00344;0.903417 0.42379 0.0651103 -1.68956 -0.428256 0.899261 0.0890307 5.48396 -0.0208209 -0.108316 0.993898 0.20014 0 0 0 1 
3394309160248;0.387346;0.013315;0.994656 0.0907346 -0.049258 0.235199 -0.0630678 0.911731 0.405918 0.457026 0.0817409 -0.400642 0.912581 -1.21976 0 0 0 1 
3394309160249;0.0790091;0.00962227;0.996338 -0.0851459 0.00781282 0.0667325 0.0851676 0.996364 -0.00249046 -1.4403 -0.00757236 0.00314674 0.999966 0.11213 0 0 0 1 
3394309160250;0.489213;0.0263024;0.932195 0.267076 -0.244301 1.72322 -0.227038 0.957105 0.18001 3.30927 0.281898 -0.112339 0.952845 -3.9024 0 0 0 1 
3394309160251;0.37181;0.0403013;0.88524 0.438909 -0.153975 2.30324 -0.399929 0.887256 0.229855 6.49448 0.237501 -0.141898 0.960967 -4.04613 0 0 0 1 
3394309160252;0.374908;0.0227843;0.93349 -0.358472 -0.00967388 1.35569 0.358474 0.933538 -0.00166251 -6.35276 0.00962691 -0.00191589 0.999952 -0.436206 0 0 0 1 
3394309160253;0.217625;0.0218529;0.971094 -0.149402 0.18616 0.248277 0.159184 0.986491 -0.0386686 -2.57064 -0.177868 0.0671846 0.981758 3.48912 0 0 0 1 
3394309160254;0.306431;0.0146256;0.999841 -0.0176362 0.00265002 -0.67434 0.0176426 0.999841 -0.00240013 0.019292 -0.00260727 0.0024465 0.999994 0.406134 0 0 0 1 
3394309160255;0.470321;0.0136611;0.974366 -0.22106 -0.0417498 -0.278604 0.194875 0.922092 -0.334322 -2.39685 0.112402 0.317616 0.941534 -1.69352 0 0 0 1 
3394309160256;0.293686;0.0107228;0.999346 0.0335237 -0.0135202 -0.454239 -0.0333333 0.999345 0.0140711 0.0701027 0.0139831 -0.0136113 0.99981 0.0120457 0 0 0 1 
3394309160257;0.406176;0.0379142;0.988631 0.0697171 0.133224 -0.0414724 -0.0412459 0.977768 -0.205595 1.82448 -0.144595 0.197763 0.969527 3.06603 0 0 0 1 
3394309160258;0.344851;0.0362513;0.970037 0.0644383 0.234255 -0.113333 -0.0131289 0.97668 -0.214297 0.978866 -0.242601 0.2048 0.948262 4.40672 0 0 0 1 
3394309160259;0.414136;0.140814;0.880943 -0.455865 -0.126992 2.45659 0.462891 0.885872 0.0310433 -8.13477 0.0983468 -0.0861306 0.991418 -1.7056 0 0 0 1 
3394309160260;0.148826;0.0138048;0.97174 0.100646 -0.213522 0.911581 -0.0873435 0.993654 0.0708715 1.39871 0.2193 -0.0502189 0.974364 -3.85567 0 0 0 1 
3394309160261;0.341319;0.0130911;0.986175 -0.164239 -0.0220003 0.353752 0.163073 0.985487 -0.0471466 -2.30259 0.0294244 0.0429072 0.998646 0.16835 0 0 0 1 
