#;prob_registration_l1 -r /home/probabilistic_point_clouds_registration/build/tester /home/point_clouds_registration_benchmark//devel/registration_pairs/long_office_household_local.txt /home/point_clouds_registration_benchmark//tum/long_office_household -s 0.1 -t 0.1 -p 0.3 -r 1000 -m 1 -i 40 
id;initial_error;final_error;transformation
26456013410000;0.652746;0.611308;0.671117 0.601503 -0.433355 0.601295 -0.515411 0.79873 0.310455 -0.546683 0.532873 0.0150041 0.846062 0.130289 0 0 0 1 
26456013410001;1.0574;0.61955;0.857797 0.451968 -0.244766 0.0352233 -0.307817 0.833093 0.45957 0.159962 0.411624 -0.318874 0.853748 1.35646 0 0 0 1 
26456013410002;0.577722;0.624179;0.855896 0.459126 -0.238003 0.325005 -0.30566 0.820351 0.483318 0.0237741 0.41715 -0.340922 0.842471 0.982581 0 0 0 1 
26456013410003;1.10585;0.626683;0.969374 -0.0604628 -0.238031 0.632985 0.156265 0.899561 0.407887 -0.237477 0.189462 -0.432591 0.881459 -0.469594 0 0 0 1 
26456013410004;0.510854;0.629668;0.875913 0.478486 0.0618635 0.234131 -0.429045 0.713847 0.553482 -0.598113 0.220672 -0.511344 0.830561 0.173162 0 0 0 1 
26456013410005;0.315858;0.631631;0.90917 0.311351 -0.276533 0.477632 -0.187785 0.899247 0.395083 -0.145552 0.371681 -0.307269 0.876036 0.292806 0 0 0 1 
26456013410006;0.127418;0.663823;0.828534 0.488866 -0.273023 0.375333 -0.333879 0.822758 0.459993 -0.435345 0.449507 -0.289963 0.844905 0.721697 0 0 0 1 
26456013410007;0.936325;0.660791;0.93158 0.0376255 -0.361584 0.0156116 0.0875447 0.94214 0.323586 0.336214 0.352838 -0.333101 0.874385 0.902194 0 0 0 1 
26456013410008;0.859142;0.632254;0.89661 0.337593 -0.286568 0.25479 -0.219818 0.901095 0.373776 0.0412903 0.384409 -0.272138 0.88214 1.21995 0 0 0 1 
26456013410009;0.404949;0.585992;0.825869 0.418256 -0.378155 0.0711114 -0.280228 0.88642 0.368417 -0.224708 0.489297 -0.198294 0.849275 0.731881 0 0 0 1 
26456013410010;0.333714;0.617488;0.854207 0.341854 -0.391748 0.344546 -0.231982 0.924893 0.30126 -0.30938 0.465312 -0.16646 0.869354 0.253724 0 0 0 1 
26456013410011;0.463956;0.525751;0.949606 0.253977 -0.183697 0.44875 -0.197003 0.939433 0.280457 -0.253564 0.243801 -0.230135 0.942125 -0.0590856 0 0 0 1 
26456013410012;1.06761;0.627487;0.769105 0.256333 -0.585466 0.86346 -0.196664 0.966519 0.164818 0.527244 0.608113 -0.0116226 0.793766 1.28338 0 0 0 1 
26456013410013;0.408963;0.635233;0.657196 0.709609 -0.254062 0.357492 -0.575907 0.690221 0.438093 -0.514205 0.486234 -0.141597 0.86228 0.660704 0 0 0 1 
26456013410014;0.281798;0.630955;0.863501 0.439898 -0.24669 0.285895 -0.304454 0.844604 0.4404 -0.43745 0.402087 -0.30518 0.863245 0.351989 0 0 0 1 
26456013410015;0.444148;0.570413;0.903922 0.248796 -0.347887 0.181531 -0.159194 0.950668 0.266246 -0.0767715 0.396966 -0.185284 0.898937 0.681241 0 0 0 1 
26456013410016;0.631913;0.647024;0.767017 0.641427 -0.0160034 0.0278421 -0.580746 0.704626 0.407721 -0.177846 0.2728 -0.303435 0.912966 0.885011 0 0 0 1 
26456013410017;0.712942;0.589657;0.883144 0.406079 -0.234853 0.574259 -0.308321 0.879791 0.361809 0.31307 0.353545 -0.24712 0.902185 0.63132 0 0 0 1 
26456013410018;0.599666;0.6214;0.787549 0.614886 0.0409973 0.295945 -0.570514 0.702332 0.425727 -0.79226 0.23298 -0.35867 0.903923 0.270132 0 0 0 1 
26456013410019;0.16999;0.62307;0.902674 0.374898 -0.21126 0.404763 -0.257368 0.863785 0.433172 -0.241565 0.344879 -0.336641 0.876203 0.402269 0 0 0 1 
26456013410020;0.966938;0.580183;0.885465 0.423978 -0.190248 0.126921 -0.328337 0.860506 0.389517 -0.702084 0.328856 -0.282438 0.901156 -0.380234 0 0 0 1 
26456013410021;1.2145;0.580944;0.973077 -0.0673572 -0.22042 -0.286388 0.117152 0.968135 0.221336 0.226876 0.198488 -0.2412 0.949961 -0.196822 0 0 0 1 
26456013410022;0.808376;0.56859;0.921783 -0.0074945 -0.387634 0.0326376 0.0234332 0.999062 0.0364077 0.332395 0.386998 -0.0426435 0.921094 -0.0091993 0 0 0 1 
26456013410023;0.310262;0.598173;0.769529 0.579703 -0.267898 0.0720644 -0.468729 0.79763 0.379579 -0.224146 0.433726 -0.166526 0.885523 0.598656 0 0 0 1 
26456013410024;0.290654;0.606983;0.825861 0.534156 -0.18064 0.368152 -0.373103 0.757853 0.535213 -0.60754 0.422786 -0.374615 0.825176 0.629605 0 0 0 1 
26456013410025;0.115869;0.625238;0.823179 0.485212 -0.294863 0.250116 -0.343245 0.838957 0.422297 -0.288102 0.452281 -0.246416 0.857159 0.668081 0 0 0 1 
26456013410026;0.438952;0.621333;0.95155 0.270914 -0.145456 0.185498 -0.170402 0.858348 0.483943 -0.546597 0.255959 -0.435711 0.862926 0.323841 0 0 0 1 
26456013410027;1.02893;0.596879;0.702741 0.67521 -0.224158 0.606391 -0.560464 0.719481 0.410154 0.447006 0.438218 -0.1626 0.88404 0.383983 0 0 0 1 
26456013410028;0.910665;0.663091;0.837308 0.471755 -0.276337 0.199974 -0.314558 0.829077 0.46226 0.0840243 0.447178 -0.300131 0.842587 1.31731 0 0 0 1 
26456013410029;0.807992;0.580207;0.810744 0.358355 -0.462899 0.756149 -0.288899 0.932666 0.216034 0.444436 0.509147 -0.0414174 0.859682 0.241577 0 0 0 1 
26456013410031;0.378079;1.01459;0.0482177 0.830974 -0.554218 0.845486 -0.954332 0.202108 0.220006 1.07548 0.294831 0.5183 0.80277 -0.104688 0 0 0 1 
26456013410032;0.347742;0.959933;0.410863 0.800902 -0.4356 0.070348 -0.804108 0.543506 0.240855 1.08533 0.429653 0.251311 0.867318 -0.21133 0 0 0 1 
26456013410033;0.319289;0.958631;0.362894 0.771539 -0.522528 0.137164 -0.80846 0.539527 0.235165 0.936536 0.463357 0.337103 0.81955 -0.3537 0 0 0 1 
26456013410034;0.665788;0.936508;0.333042 0.82014 -0.465245 1.11061 -0.742366 0.532283 0.406899 0.566557 0.581357 0.209868 0.786117 -0.84522 0 0 0 1 
26456013410035;0.543286;0.956719;0.522118 0.694041 -0.495682 0.763445 -0.76005 0.642315 0.0987667 0.536857 0.386932 0.325175 0.86287 -0.036047 0 0 0 1 
26456013410036;0.569296;0.891781;0.764853 0.610844 -0.20462 0.322688 -0.637802 0.762708 -0.107168 1.08034 0.0906025 0.212474 0.972957 0.36955 0 0 0 1 
26456013410037;0.587068;1.06249;0.0505347 0.755474 -0.653227 1.00644 -0.929268 0.275218 0.246408 1.48935 0.365935 0.594571 0.715945 0.153948 0 0 0 1 
26456013410038;0.163491;1.00968;0.444072 0.652621 -0.613911 0.496305 -0.801285 0.595857 0.0538198 1.10568 0.400927 0.468017 0.787539 -0.251024 0 0 0 1 
26456013410039;0.298903;0.936309;0.450791 0.803649 -0.388504 0.321289 -0.827724 0.539275 0.155101 1.30487 0.334158 0.251656 0.908299 -0.0546882 0 0 0 1 
26456013410040;0.421915;1.08676;0.0697726 0.658499 -0.749341 0.852423 -0.962117 0.242882 0.123853 1.24434 0.263559 0.712312 0.650499 0.00981834 0 0 0 1 
26456013410041;0.740902;0.924547;0.639112 0.668582 -0.380176 0.759115 -0.662621 0.729602 0.169157 0.467737 0.390472 0.143802 0.909314 -0.987611 0 0 0 1 
26456013410042;0.386627;0.977154;0.405659 0.760106 -0.507622 0.856002 -0.796205 0.56661 0.212157 0.768466 0.448885 0.318108 0.83505 -0.176738 0 0 0 1 
26456013410043;0.418115;0.919245;0.621765 0.512597 -0.59216 0.340433 -0.672376 0.737085 -0.0679414 1.15156 0.401646 0.440398 0.802951 -0.00919827 0 0 0 1 
26456013410044;0.401489;0.914348;0.800669 0.545864 -0.246906 0.136734 -0.498836 0.83566 0.229859 0.801741 0.331801 -0.0608752 0.941383 -0.0627349 0 0 0 1 
26456013410045;0.640918;1.05726;0.372654 0.734188 -0.567536 -0.10589 -0.772038 0.58462 0.249354 0.62971 0.514865 0.345237 0.784682 -0.540939 0 0 0 1 
26456013410046;0.387348;0.966165;0.440847 0.799541 -0.407906 0.322377 -0.810405 0.549923 0.202061 1.39656 0.385873 0.241491 0.890384 0.094093 0 0 0 1 
26456013410047;0.681694;0.924025;0.627538 0.776913 -0.0510132 0.219045 -0.663086 0.567637 0.487961 0.296945 0.40806 -0.272388 0.871373 -0.747039 0 0 0 1 
26456013410048;0.200666;1.04095;0.289253 0.768787 -0.57035 0.585698 -0.81401 0.511063 0.276048 0.891784 0.503707 0.384422 0.773627 -0.327409 0 0 0 1 
26456013410049;0.634474;1.02079;0.464141 0.746725 -0.476419 0.998757 -0.839865 0.541902 0.0311397 1.00934 0.281425 0.385674 0.878667 0.179978 0 0 0 1 
26456013410050;0.211001;1.05616;0.451987 0.679831 -0.577527 0.304107 -0.794808 0.600844 0.0852419 1.21548 0.404954 0.420495 0.811909 -0.19222 0 0 0 1 
26456013410051;0.550163;0.914879;0.702769 0.646321 -0.297297 0.707433 -0.53671 0.755972 0.374766 0.427188 0.466967 -0.103811 0.87816 -0.613886 0 0 0 1 
26456013410052;0.551544;0.940864;0.513733 0.761008 -0.396164 0.800152 -0.775338 0.609506 0.165391 0.774341 0.367328 0.222194 0.903161 -0.778232 0 0 0 1 
26456013410053;0.345543;0.98853;0.250832 0.815229 -0.522001 0.839897 -0.879346 0.41736 0.229263 1.37617 0.404763 0.401513 0.821556 -0.242543 0 0 0 1 
26456013410054;0.546651;1.03598;0.181798 0.748272 -0.637996 0.376531 -0.954298 0.290762 0.0690909 1.89917 0.237204 0.596278 0.766934 -0.504611 0 0 0 1 
26456013410055;0.267657;1.06659;0.313244 0.799336 -0.512777 0.793004 -0.867998 0.46005 0.186903 1.36529 0.385301 0.386543 0.837931 -0.231671 0 0 0 1 
26456013410056;0.595541;1.05919;0.535945 0.674522 -0.507724 0.893736 -0.810793 0.578856 -0.0868382 1.03451 0.235324 0.458199 0.857132 -0.175888 0 0 0 1 
26456013410057;0.461018;1.07685;0.145976 0.83784 -0.526037 0.907811 -0.923738 0.305772 0.230677 0.870515 0.354118 0.452247 0.81858 -0.38361 0 0 0 1 
26456013410058;0.576941;1.03402;0.317379 0.849641 -0.421165 0.336669 -0.8149 0.471496 0.337089 0.533618 0.484983 0.236222 0.842016 -0.790098 0 0 0 1 
26456013410059;0.729412;1.00747;0.0599829 0.951155 -0.302831 1.05418 -0.920679 0.169936 0.351386 0.755935 0.385685 0.257733 0.885901 -0.125104 0 0 0 1 
26456013410060;0.670241;0.889254;0.681614 0.658775 -0.318462 0.179549 -0.508756 0.739492 0.440816 0.946956 0.525899 -0.138447 0.839204 -0.681267 0 0 0 1 
26456013410062;0.727774;1.39923;0.963615 0.148428 -0.222297 -0.855518 -0.0745177 0.947856 0.309864 -0.251286 0.256698 -0.282025 0.924429 0.39921 0 0 0 1 
26456013410063;1.34575;1.14511;0.971253 0.0991726 0.216407 -0.86722 -0.0279317 0.950285 -0.310126 -0.547583 -0.236405 0.295166 0.925737 -0.179176 0 0 0 1 
26456013410064;0.325852;0.605567;0.986436 0.0592742 0.153072 -0.417296 -0.0792739 0.988595 0.128047 -0.223387 -0.143736 -0.138445 0.979884 0.116485 0 0 0 1 
26456013410065;0.371368;1.65533;0.899536 0.209774 -0.383185 -0.510867 -0.116878 0.960752 0.251586 -0.395426 0.420921 -0.181525 0.888749 0.312879 0 0 0 1 
26456013410066;1.03207;1.82106;0.783179 0.391375 -0.483174 -1.04805 -0.452419 0.891737 -0.011014 0.223803 0.426554 0.227223 0.875455 0.464842 0 0 0 1 
26456013410067;0.857765;1.81951;0.983118 0.133447 -0.125184 -0.793562 -0.152265 0.97606 -0.155312 -0.120537 0.101461 0.171751 0.979902 0.370625 0 0 0 1 
26456013410068;1.01715;0.842127;0.998818 0.00124825 -0.0485835 -0.522891 0.00698854 0.985591 0.168999 -0.202314 0.0480944 -0.169139 0.984418 0.650661 0 0 0 1 
26456013410069;0.211374;1.75423;0.905508 0.218552 -0.363716 -0.775333 -0.14839 0.966134 0.211104 -0.37868 0.397536 -0.137185 0.907274 0.389388 0 0 0 1 
26456013410070;0.584191;1.7691;0.832326 0.16442 -0.52934 -0.401872 -0.074535 0.979518 0.187053 -0.480629 0.549253 -0.116235 0.827533 0.325094 0 0 0 1 
26456013410071;0.0848378;0.877155;0.992092 0.0866945 -0.0907651 -0.390518 -0.0898807 0.995451 -0.0316188 -0.146445 0.087611 0.0395268 0.99537 0.0371239 0 0 0 1 
26456013410072;0.345771;1.09075;0.961501 0.1222 -0.246136 -0.537368 -0.0623876 0.969368 0.237557 -0.469751 0.267626 -0.213056 0.939672 0.263842 0 0 0 1 
26456013410073;0.619828;1.81778;0.805511 0.584703 -0.0963032 -1.25193 -0.591845 0.801913 -0.0815746 -0.359834 0.0295299 0.122706 0.992004 0.281235 0 0 0 1 
26456013410074;0.46439;1.82873;0.881919 0.272735 -0.384492 -0.999312 -0.275316 0.960078 0.0495212 -0.064899 0.382649 0.0621831 0.921799 0.213201 0 0 0 1 
26456013410075;1.52576;1.79547;0.982113 0.0751383 -0.172649 -0.765194 -0.0259992 0.96226 0.270887 -0.539018 0.186487 -0.261553 0.947002 -0.535627 0 0 0 1 
26456013410076;0.479244;1.59761;0.836124 0.439431 -0.328325 -0.824713 -0.454541 0.890086 0.0337412 -0.33406 0.307065 0.121026 0.943962 -0.0455562 0 0 0 1 
26456013410077;0.704929;1.92788;0.966679 0.237887 -0.0945558 -1.42588 -0.217327 0.957835 0.187941 -0.368888 0.135278 -0.161129 0.977618 0.173696 0 0 0 1 
26456013410078;0.365691;1.93761;0.908963 0.329675 -0.255148 -0.786914 -0.306883 0.943409 0.125706 -0.241375 0.282152 -0.0359617 0.958696 0.178161 0 0 0 1 
26456013410079;1.72117;1.83371;0.90691 0.238669 -0.347204 -0.191387 -0.280272 0.957048 -0.0742028 -0.186854 0.314581 0.164607 0.934849 0.856281 0 0 0 1 
26456013410080;1.76411;0.786709;0.992641 0.0582051 -0.106189 -0.77011 -0.0558436 0.998124 0.02508 0.670347 0.10745 -0.0189654 0.99403 -0.0504097 0 0 0 1 
26456013410081;1.63412;1.23265;0.965427 0.234881 0.113053 -0.615095 -0.210905 0.958708 -0.190781 0.740124 -0.153196 0.160342 0.975101 -0.473741 0 0 0 1 
26456013410082;0.404515;1.38518;0.940227 0.0063796 -0.340488 -0.293336 0.0389163 0.991262 0.126037 0.332476 0.338317 -0.131754 0.931763 -0.092209 0 0 0 1 
26456013410083;1.34753;1.87227;0.857683 0.479252 -0.186269 -1.64492 -0.448717 0.874535 0.183961 -0.660398 0.251063 -0.0741985 0.965123 0.575351 0 0 0 1 
26456013410084;1.15281;1.44037;0.993306 0.112641 -0.0255826 -0.679932 -0.108946 0.98719 0.116566 -0.730981 0.038385 -0.112999 0.992853 0.392479 0 0 0 1 
26456013410085;0.50976;1.9396;0.809957 0.534051 -0.242403 -1.00221 -0.552477 0.833471 -0.00976272 -0.196125 0.196822 0.141829 0.970127 -0.186961 0 0 0 1 
26456013410086;0.789041;1.802;0.900123 0.256722 -0.351957 -0.634056 -0.235452 0.966437 0.102766 -0.281702 0.366526 -0.00963328 0.930358 -0.162129 0 0 0 1 
26456013410087;0.962758;1.40304;0.794343 0.501191 -0.343258 -0.494585 -0.543642 0.838647 -0.0335495 0.0979766 0.271058 0.213259 0.938642 0.183504 0 0 0 1 
26456013410088;1.51292;1.52293;0.946426 0.0739927 -0.31433 -1.18557 -0.00458714 0.976377 0.216026 0.0958625 0.322889 -0.20301 0.924408 -0.121831 0 0 0 1 
26456013410089;0.558558;1.86332;0.908025 0.31967 -0.270742 -1.00171 -0.289339 0.945949 0.146503 -0.305612 0.302941 -0.0546923 0.951439 0.480693 0 0 0 1 
26456013410090;1.4132;1.11583;0.974313 0.155994 -0.162419 -0.390916 -0.148532 0.987252 0.0571919 -0.192569 0.16927 -0.0315984 0.985063 -0.660175 0 0 0 1 
26456013410091;1.21795;1.75586;0.973802 0.146798 -0.173665 -0.989378 -0.179389 0.965263 -0.189965 -0.296478 0.139746 0.216142 0.966309 0.579109 0 0 0 1 
26456013410093;0.469907;0.524937;0.975958 -0.216498 0.0251769 0.108673 0.21795 0.968505 -0.1204 0.636115 0.00168243 0.122993 0.992406 -0.336936 0 0 0 1 
26456013410094;0.663694;0.416277;0.824698 0.235637 -0.514149 0.500703 -0.170609 0.970375 0.171069 0.515003 0.539228 -0.0533619 0.840468 0.192811 0 0 0 1 
26456013410095;0.871627;0.391469;0.973629 0.227974 -0.00865406 0.618432 -0.227753 0.969077 -0.0949699 0.496806 -0.0132643 0.0944364 0.995443 0.0576598 0 0 0 1 
26456013410096;0.802998;0.493647;0.991318 0.102154 -0.0827807 -0.121823 -0.106157 0.993309 -0.0454802 0.550481 0.0775808 0.0538731 0.995529 -0.54693 0 0 0 1 
26456013410097;0.47238;0.433738;0.882323 0.446606 -0.148489 0.113249 -0.461698 0.882566 -0.0889444 0.40764 0.0913283 0.147035 0.984906 0.269972 0 0 0 1 
26456013410098;0.153152;0.471545;0.954019 0.162783 -0.251694 0.257274 -0.176697 0.983693 -0.0335473 0.410605 0.242129 0.0764783 0.967225 0.0606263 0 0 0 1 
26456013410099;1.16156;0.523495;0.982373 -0.0256841 -0.18516 -0.134583 -0.0104742 0.981397 -0.191704 1.03176 0.186639 0.190264 0.963829 0.465573 0 0 0 1 
26456013410100;0.366643;0.445578;0.953455 0.294513 -0.0646969 0.0457824 -0.301461 0.935784 -0.18284 0.405994 0.00669373 0.193833 0.981012 0.194366 0 0 0 1 
26456013410101;1.16745;0.401365;0.971162 0.218532 -0.095328 0.0331887 -0.211022 0.973958 0.0829147 0.65906 0.110965 -0.0604073 0.991987 0.846555 0 0 0 1 
26456013410102;1.13408;0.483582;0.991766 -0.0691136 -0.107813 0.338797 0.0728568 0.996855 0.0311718 0.187257 0.10532 -0.03877 0.993682 -0.87233 0 0 0 1 
26456013410103;0.393965;0.502024;0.971872 0.136819 -0.191689 0.132464 -0.120928 0.988358 0.0923333 0.0620148 0.202091 -0.0665555 0.977103 -0.0980725 0 0 0 1 
26456013410104;1.01585;0.455042;0.922824 0.373139 -0.0957196 -0.329984 -0.354958 0.920198 0.165048 0.567252 0.149667 -0.118334 0.98163 -0.475476 0 0 0 1 
26456013410105;1.13047;0.587117;0.996205 -0.03245 0.0807678 0.0689934 0.0415734 0.992614 -0.113972 -0.0493608 -0.0764729 0.116898 0.990195 0.472696 0 0 0 1 
26456013410106;0.197882;0.425664;0.934451 0.344153 -0.0914347 -0.00569749 -0.350529 0.934222 -0.0660173 0.404249 0.0627003 0.0937405 0.99362 0.0340509 0 0 0 1 
26456013410107;0.85745;0.617743;0.967732 -0.244428 0.0612305 -0.141013 0.24386 0.969667 0.0166963 0.0409772 -0.0634542 -0.00122587 0.997984 -0.44491 0 0 0 1 
26456013410108;1.09003;0.390326;0.986721 0.13668 0.0877504 -0.294272 -0.129474 0.988089 -0.083166 -0.39402 -0.0980724 0.0707003 0.992665 0.276886 0 0 0 1 
26456013410109;0.997601;0.522891;0.968165 0.199242 -0.15152 0.153081 -0.225405 0.95719 -0.181604 -0.155125 0.10885 0.209976 0.971628 0.267082 0 0 0 1 
26456013410110;1.0844;0.543002;0.958452 -0.03594 0.282982 -0.684263 0.0589111 0.995584 -0.0730866 0.460042 -0.279106 0.0867208 0.956337 -0.680019 0 0 0 1 
26456013410111;0.414986;0.657654;0.995417 -0.0955094 0.00483419 0.219986 0.0919533 0.942021 -0.32271 0.62838 0.0262679 0.321675 0.946486 -0.084187 0 0 0 1 
26456013410112;0.40276;0.435428;0.996236 0.0850866 -0.0165381 0.00957288 -0.08409 0.995009 0.0537202 0.282191 0.0210265 -0.0521273 0.998419 -0.226894 0 0 0 1 
26456013410113;0.220143;0.466364;0.954214 0.239692 -0.178952 0.160979 -0.264521 0.955483 -0.130695 0.431547 0.139659 0.172048 0.975138 0.199934 0 0 0 1 
26456013410114;0.883586;0.49491;0.994063 -0.0919684 0.0581441 -0.366293 0.0926807 0.995649 -0.00966954 0.0756968 -0.0570018 0.015001 0.998261 0.207695 0 0 0 1 
26456013410115;0.901703;0.452877;0.97603 0.067624 -0.206861 0.000356937 -0.0572493 0.996803 0.0557411 0.3289 0.209969 -0.0425623 0.976781 0.742188 0 0 0 1 
26456013410116;0.0971774;0.474365;0.989023 0.0865236 -0.119779 0.160078 -0.0944024 0.993618 -0.0617367 0.452554 0.113673 0.0723664 0.990879 0.056493 0 0 0 1 
26456013410117;0.308242;0.507903;0.993293 0.103021 -0.0524933 0.0955265 -0.101846 0.994496 0.0245987 0.471732 0.0547386 -0.0190875 0.998318 -0.118453 0 0 0 1 
26456013410118;0.617996;0.504386;0.961475 -0.220281 0.164443 -0.236839 0.219076 0.97537 0.025655 0.43967 -0.166044 0.0113589 0.986053 -0.389419 0 0 0 1 
26456013410119;0.836682;0.511521;0.989412 -0.135251 0.0526447 -0.0282769 0.131537 0.988936 0.0685808 0.306037 -0.0613379 -0.0609299 0.996256 -0.585668 0 0 0 1 
26456013410120;1.27194;0.442818;0.985069 0.101999 -0.138694 0.719397 -0.0982144 0.994588 0.0338784 0.533465 0.141399 -0.0197508 0.989756 -0.681148 0 0 0 1 
26456013410121;0.539915;0.521233;0.96979 -0.235739 -0.0627222 0.380433 0.234011 0.97165 -0.0337027 0.44975 0.068889 0.0180069 0.997462 -0.290184 0 0 0 1 
26456013410122;0.715537;0.481134;0.990595 0.088754 -0.104136 0.34566 -0.0939518 0.994508 -0.0461087 0.538803 0.0994721 0.0554588 0.993494 -0.46071 0 0 0 1 
26456013410124;1.54152;0.466541;0.822968 0.550189 -0.141474 -0.621186 -0.56638 0.813935 -0.129317 -0.305746 0.0440019 0.186552 0.981459 0.238376 0 0 0 1 
26456013410125;0.0901978;0.440049;0.986404 0.162831 -0.0222229 0.0107775 -0.163473 0.98606 -0.0310149 -0.0808993 0.016863 0.0342261 0.999272 0.0761286 0 0 0 1 
26456013410126;2.04591;0.551048;0.935344 0.319401 -0.152036 0.0229011 -0.302949 0.945181 0.121878 -0.159158 0.18263 -0.0679386 0.980832 -0.658026 0 0 0 1 
26456013410127;0.892171;0.674736;0.996707 0.0650813 0.0483704 -0.0820733 -0.0638797 0.997619 -0.0259869 0.577577 -0.0499465 0.0228114 0.998491 -0.0802803 0 0 0 1 
26456013410128;1.22747;0.339216;0.998379 0.0564938 -0.006957 -0.158379 -0.0569016 0.993715 -0.096394 0.195402 0.00146762 0.0966336 0.995319 -0.489411 0 0 0 1 
26456013410129;0.476134;0.477302;0.964935 0.190344 0.180746 -0.198602 -0.181857 0.981332 -0.0625759 -0.185333 -0.189283 0.0275118 0.981537 -0.0783877 0 0 0 1 
26456013410130;2.09219;0.45817;0.97033 0.222659 0.0942527 0.160631 -0.221762 0.974895 -0.02002 0.220899 -0.0963441 -0.00147564 0.995347 0.774136 0 0 0 1 
26456013410131;1.46172;0.315959;0.996354 0.0852443 0.00335634 -0.294298 -0.0849194 0.994782 -0.0565393 -0.137916 -0.00815848 0.0560482 0.998395 0.648478 0 0 0 1 
26456013410132;0.769284;0.57115;0.988663 -0.11023 0.101959 -0.365063 0.097419 0.987604 0.123076 0.383928 -0.114262 -0.111748 0.987146 0.142858 0 0 0 1 
26456013410133;1.34603;0.66735;0.999388 0.0349418 -0.00171236 -0.225661 -0.0349588 0.999326 -0.0111854 0.471047 0.00132037 0.0112384 0.999936 0.611505 0 0 0 1 
26456013410134;1.62064;0.739489;0.996239 -0.0158031 0.0851915 0.148462 0.0250635 0.993753 -0.108754 0.567665 -0.0829407 0.11048 0.990412 -0.665907 0 0 0 1 
26456013410135;0.477389;0.474586;0.987185 0.157491 0.0257314 -0.0281237 -0.157308 0.987509 -0.00898464 0.0273869 -0.026825 0.00482175 0.999629 -0.239198 0 0 0 1 
26456013410136;1.0412;0.560977;0.972736 -0.208012 -0.102543 -0.657228 0.209309 0.977848 0.0019346 0.677922 0.0998694 -0.0233451 0.994727 0.368939 0 0 0 1 
26456013410137;1.90811;0.646079;0.999111 -0.0418634 0.00486784 -0.139913 0.0419415 0.998971 -0.0172426 0.160517 -0.004141 0.0174315 0.999839 0.93409 0 0 0 1 
26456013410138;0.964836;0.552751;0.954161 0.287121 -0.0844868 -0.0657326 -0.292352 0.95457 -0.0576792 -0.249033 0.0640876 0.0797351 0.994754 0.63033 0 0 0 1 
26456013410139;1.47225;0.72531;0.8964 0.437283 -0.0724581 0.378362 -0.442653 0.89161 -0.0953446 -0.822879 0.0229118 0.117541 0.992804 -0.158219 0 0 0 1 
26456013410140;1.16137;0.680645;0.989305 0.145075 -0.0151413 0.137832 -0.144872 0.989355 0.0137527 -0.432896 0.0169753 -0.011412 0.999791 0.219504 0 0 0 1 
26456013410141;0.944233;0.502931;0.976867 0.21377 -0.00584934 -0.172604 -0.213663 0.976791 0.0150885 -0.51891 0.00893905 -0.0134897 0.999869 -0.182631 0 0 0 1 
26456013410142;1.84842;0.370674;0.945549 0.168009 -0.278764 -0.784048 -0.232412 0.948125 -0.216898 -0.217459 0.227862 0.269875 0.935546 0.605499 0 0 0 1 
26456013410143;0.46443;0.462494;0.933417 0.356855 0.0372394 -0.0650545 -0.358426 0.922734 0.141751 -0.455019 0.0162224 -0.14566 0.989202 0.174644 0 0 0 1 
26456013410144;0.759937;0.383258;0.971492 -0.0250393 -0.235746 -0.113517 -0.0361662 0.967114 -0.251758 0.493198 0.234297 0.253107 0.938638 0.393867 0 0 0 1 
26456013410145;0.437138;0.640616;0.988324 -0.0370564 0.147793 -0.2472 0.0034446 0.975161 0.221469 0.226551 -0.152329 -0.218374 0.963903 -0.235401 0 0 0 1 
26456013410146;1.81332;0.410071;0.996393 0.0830753 -0.0173062 -0.537616 -0.0837797 0.995468 -0.0449992 0.181102 0.0134894 0.0462868 0.998837 0.794168 0 0 0 1 
26456013410147;0.897776;0.601948;0.997851 0.0531717 0.0382782 0.1741 -0.0452862 0.981975 -0.183508 0.0619014 -0.0473456 0.18138 0.982273 0.192139 0 0 0 1 
26456013410148;0.647101;0.661672;0.996036 -0.0769327 -0.0446571 -0.275618 0.0784959 0.996322 0.0343745 0.196183 0.0418483 -0.0377436 0.998411 0.283586 0 0 0 1 
26456013410149;0.510162;0.46668;0.869138 0.488639 -0.0763541 -0.137821 -0.492362 0.869455 -0.0403502 -0.492314 0.0466697 0.0726638 0.996264 0.193452 0 0 0 1 
26456013410150;1.62937;0.818883;0.962712 0.100911 0.251002 -0.00455599 0.00027716 0.927457 -0.37393 0.959808 -0.270527 0.360057 0.892846 -0.612927 0 0 0 1 
26456013410151;0.991097;0.552256;0.986255 -0.0808638 0.144088 -0.446094 0.100358 0.985939 -0.133615 0.401107 -0.131257 0.146239 0.980503 -0.537439 0 0 0 1 
26456013410152;0.386143;0.450116;0.989493 0.139531 -0.0378888 -0.0217645 -0.140401 0.989865 -0.0213435 0.080129 0.0345267 0.0264388 0.999054 -0.0697738 0 0 0 1 
26456013410153;1.24713;0.467154;0.903115 0.428009 0.0345218 -0.371138 -0.428136 0.903705 -0.00399103 -0.217327 -0.0329057 -0.0111757 0.999396 0.378868 0 0 0 1 
26456013410155;0.44177;0.651427;0.868163 0.450107 -0.20904 -0.719087 -0.484981 0.858832 -0.164926 -0.608325 0.105296 0.244563 0.963899 0.131826 0 0 0 1 
26456013410156;0.559197;0.662294;0.995503 0.0695232 -0.0643434 -0.557225 -0.0751202 0.993186 -0.0890984 -0.104158 0.0577106 0.0935312 0.993942 0.534664 0 0 0 1 
26456013410157;0.798739;0.654306;0.993029 0.0605365 -0.101136 0.191492 -0.0601215 0.998165 0.00714876 -0.382111 0.101383 -0.00101849 0.994847 -0.0870771 0 0 0 1 
26456013410158;0.506235;0.687269;0.907748 0.419279 -0.0140969 -0.41355 -0.413411 0.888322 -0.199938 -0.123133 -0.0713073 0.187321 0.979707 -0.166203 0 0 0 1 
26456013410159;0.771683;0.635091;0.947901 0.285937 -0.140441 0.0102959 -0.310951 0.926288 -0.212838 0.216958 0.0692307 0.245419 0.966942 0.202169 0 0 0 1 
26456013410160;0.731372;0.674441;0.993681 0.0858457 -0.0723076 -0.195664 -0.090193 0.994165 -0.0591682 0.00466103 0.0668063 0.065316 0.995626 -0.475835 0 0 0 1 
26456013410161;0.152345;0.60299;0.975756 0.217536 0.024063 -0.576605 -0.214526 0.972403 -0.0917153 -0.201954 -0.0433503 0.0843295 0.995494 -0.145809 0 0 0 1 
26456013410162;0.843744;0.616107;0.880898 -0.0468951 -0.470977 0.12487 0.0473863 0.998818 -0.0108225 0.369086 0.470928 -0.0127843 0.882079 0.98025 0 0 0 1 
26456013410163;0.17304;0.700214;0.986497 0.0909302 -0.136217 -0.517244 -0.114019 0.978363 -0.172644 -0.0609507 0.117571 0.185844 0.97552 0.169837 0 0 0 1 
26456013410164;1.05704;0.65665;0.984584 0.141306 -0.103089 -0.460726 -0.140363 0.989965 0.0163824 -0.284584 0.104369 -0.00166002 0.994537 -0.874162 0 0 0 1 
26456013410165;1.01882;0.632288;0.986946 0.110685 -0.116987 -0.408728 -0.109878 0.993855 0.0133476 0.333629 0.117745 -0.000319166 0.993044 0.806942 0 0 0 1 
26456013410166;0.386158;0.734148;0.942122 0.11165 -0.316134 -0.18683 -0.209053 0.9328 -0.293566 0.14251 0.262113 0.342664 0.902152 0.162448 0 0 0 1 
26456013410167;0.362618;0.514931;0.985644 0.0197251 -0.167683 -0.324818 0.0550368 0.90137 0.429538 -0.651006 0.159617 -0.4326 0.887344 0.189162 0 0 0 1 
26456013410168;0.272737;0.640936;0.950593 -0.0119245 -0.31021 -0.299816 0.0170728 0.999758 0.0138865 -0.325192 0.30997 -0.0184965 0.950567 0.172795 0 0 0 1 
26456013410169;0.677811;0.270684;0.99751 0.0197486 -0.0677044 -0.201318 -0.0200777 0.99979 -0.00418372 -0.329703 0.0676076 0.00553265 0.997697 0.51008 0 0 0 1 
26456013410170;0.704368;0.634739;0.982921 0.168847 -0.0731935 -0.284682 -0.165718 0.985055 0.0469433 -0.900309 0.0800259 -0.0340121 0.996212 0.242535 0 0 0 1 
26456013410171;1.02478;0.259236;0.959326 -0.139727 -0.245296 -0.520553 0.144486 0.989506 0.0014199 -0.0180736 0.242524 -0.036804 0.969447 0.0427487 0 0 0 1 
26456013410172;0.366617;0.609243;0.95554 0.0146718 -0.294496 -0.250954 0.0103752 0.99647 0.0833081 -0.250584 0.294679 -0.0826597 0.952015 -0.0053732 0 0 0 1 
26456013410173;0.895873;0.652426;0.898719 0.431334 -0.0790934 -1.20495 -0.428578 0.902126 0.0498998 -0.773907 0.0928756 -0.0109482 0.995618 0.5321 0 0 0 1 
26456013410174;0.457447;0.28951;0.993814 -0.097831 -0.0525654 -0.339223 0.0987298 0.995005 0.0147756 0.212966 0.0508573 -0.019874 0.998508 0.0469474 0 0 0 1 
26456013410175;0.623034;0.690357;0.98766 0.143076 -0.0636918 -0.559304 -0.142494 0.989702 0.0136158 -0.229421 0.064984 -0.00437209 0.997877 -0.476764 0 0 0 1 
26456013410176;0.235307;0.540495;0.979127 -0.0816056 -0.186146 -0.368014 0.0808097 0.996659 -0.0118724 -0.0391559 0.186492 -0.00341779 0.98245 0.179592 0 0 0 1 
26456013410177;0.877512;0.711414;0.966691 0.253874 -0.0325118 -0.142355 -0.254239 0.967112 -0.00759135 0.260008 0.0295152 0.0156043 0.999443 0.1145 0 0 0 1 
26456013410178;0.197683;0.563135;0.978454 0.167355 -0.120916 -0.466324 -0.165583 0.985888 0.0246257 -0.171851 0.123331 -0.00407343 0.992357 0.0691109 0 0 0 1 
26456013410179;0.15124;0.646726;0.986083 0.1596 0.0465629 -0.585827 -0.164373 0.977919 0.12906 -0.334866 -0.0249369 -0.134917 0.990543 0.0595515 0 0 0 1 
26456013410180;0.554153;0.614746;0.985748 0.148221 -0.0795654 -0.0389128 -0.161169 0.967646 -0.194129 0.0902665 0.0482171 0.204186 0.977744 0.082897 0 0 0 1 
26456013410181;0.475904;0.663823;0.989473 0.127204 0.0690061 -0.732807 -0.142421 0.940527 0.308425 -0.869033 -0.0256691 -0.315006 0.948743 -0.0431306 0 0 0 1 
26456013410182;0.72307;0.352434;0.995937 -0.0779212 0.0451492 -0.784651 0.08316 0.988152 -0.128995 0.0905457 -0.0345629 0.132226 0.990617 0.269199 0 0 0 1 
26456013410183;0.714484;0.496747;0.999633 0.0227481 -0.0147187 -0.575759 -0.0266077 0.926712 -0.37483 -0.0258184 0.00511328 0.375084 0.926977 0.494054 0 0 0 1 
26456013410184;0.435457;0.635265;0.999365 0.0200635 -0.0294324 -0.239203 -0.0215525 0.998457 -0.0511782 0.0711667 0.0283601 0.05178 0.998256 -0.118006 0 0 0 1 
26456013410186;2.57906;2.70778;0.805578 -0.572554 0.152399 0.804406 0.590223 0.797972 -0.121974 0.374599 -0.0517734 0.18821 0.980763 -0.678554 0 0 0 1 
26456013410187;0.634766;1.20788;0.752593 -0.650864 0.0999034 0.365194 0.656428 0.729568 -0.19192 1.39325 0.0520273 0.210017 0.976312 -0.14708 0 0 0 1 
26456013410188;1.09866;2.26049;0.789554 -0.521981 -0.322709 1.11012 0.588448 0.793201 0.156719 0.671039 0.174169 -0.313635 0.933434 0.0930902 0 0 0 1 
26456013410189;0.60767;1.04145;0.913905 -0.404496 -0.0340754 0.219182 0.401003 0.912666 -0.0789714 0.868556 0.0630431 0.058508 0.996294 -0.0151932 0 0 0 1 
26456013410190;1.29465;1.70902;0.684873 -0.727936 -0.0325156 0.403219 0.726339 0.68557 -0.0492527 1.3939 0.0581446 0.0101145 0.998257 0.458942 0 0 0 1 
26456013410191;1.28532;1.86729;0.799024 -0.594199 0.0921288 0.418106 0.600516 0.796377 -0.0718585 0.649143 -0.030671 0.112742 0.993151 -0.375784 0 0 0 1 
26456013410192;1.88351;4.13163;0.971724 0.228688 0.0587711 1.79825 -0.235217 0.959285 0.15635 0.098581 -0.0206229 -0.165753 0.985952 0.383869 0 0 0 1 
26456013410193;1.11745;1.51868;0.81944 -0.570318 -0.0570641 0.297442 0.570111 0.821288 -0.0214363 1.12645 0.0590916 -0.0149671 0.99814 -0.235777 0 0 0 1 
26456013410194;2.37375;2.75345;0.755686 -0.63742 0.150447 1.40118 0.651949 0.754034 -0.0799759 0.724123 -0.0624639 0.15852 0.985378 -0.543704 0 0 0 1 
26456013410195;1.70586;1.52479;0.760626 -0.637557 0.122347 0.433924 0.64917 0.745473 -0.151158 1.33377 0.00516594 0.194399 0.980909 -0.680709 0 0 0 1 
26456013410196;0.514644;1.39462;0.772356 -0.631131 0.0716939 0.388575 0.627308 0.775623 0.0699518 1.0727 -0.0997563 -0.0090535 0.994971 0.0138428 0 0 0 1 
26456013410197;2.7645;2.47452;0.694079 -0.569899 0.439852 -0.440109 0.617917 0.785111 0.0421743 1.12785 -0.369368 0.24252 0.89708 -0.20955 0 0 0 1 
26456013410198;2.3433;2.11419;0.796184 -0.596063 -0.103927 1.33189 0.598301 0.801188 -0.0115543 0.367434 0.0901522 -0.0529804 0.994518 0.363458 0 0 0 1 
26456013410199;2.04036;1.16887;0.820533 -0.54129 -0.18366 0.795374 0.521863 0.840503 -0.14565 0.998588 0.233206 0.0236648 0.972139 -0.354415 0 0 0 1 
26456013410200;2.25828;2.27635;0.495354 -0.60288 0.625428 -0.299587 0.65535 0.731939 0.186498 1.71748 -0.570212 0.317492 0.757666 -0.828694 0 0 0 1 
26456013410201;2.32984;1.72304;0.703361 -0.679144 0.209873 -0.289938 0.69489 0.719114 -0.00179055 1.5607 -0.149706 0.147098 0.977727 -0.569389 0 0 0 1 
26456013410202;0.574695;1.63728;0.772519 -0.627874 0.0948083 0.289158 0.6305 0.776184 0.00286847 1.12464 -0.0753897 0.0575607 0.995491 -0.00870179 0 0 0 1 
26456013410203;2.04835;3.3537;0.86976 -0.478535 0.120503 1.60912 0.410591 0.837225 0.361205 0.119814 -0.273737 -0.264684 0.924668 0.031959 0 0 0 1 
26456013410204;0.669991;3.99115;0.909285 0.413929 0.0431735 1.08776 -0.381135 0.786573 0.485838 -0.674081 0.167143 -0.45822 0.872982 0.435867 0 0 0 1 
26456013410205;0.908947;1.43095;0.763022 -0.645833 0.0264136 0.127957 0.645851 0.763411 0.00899116 1.19577 -0.0259712 0.0101988 0.999611 -0.117772 0 0 0 1 
26456013410206;1.79634;2.15579;0.907383 -0.420304 -0.000654746 0.354482 0.41513 0.896455 -0.155034 0.454887 0.0657485 0.140404 0.987909 -0.25575 0 0 0 1 
26456013410207;0.232642;1.24623;0.749838 -0.661474 0.0139777 0.251275 0.661134 0.749929 0.0225426 1.1245 -0.0253936 -0.00766217 0.999648 -0.110768 0 0 0 1 
26456013410208;2.37807;1.2123;0.84569 -0.48939 0.212853 0.0377725 0.532437 0.800863 -0.274098 1.3029 -0.0363247 0.345133 0.937851 -0.975017 0 0 0 1 
26456013410209;2.64335;1.84839;0.757394 -0.651964 -0.0360194 1.41671 0.648944 0.745485 0.152063 0.473395 -0.0722874 -0.138546 0.987714 -0.168738 0 0 0 1 
26456013410210;2.26073;1.88247;0.754481 -0.652208 -0.0733755 0.303275 0.647388 0.757929 -0.0802047 1.34707 0.107924 0.0130105 0.994074 -0.453268 0 0 0 1 
26456013410211;1.42407;0.871284;0.767196 -0.611943 0.19219 -0.172485 0.61955 0.784562 0.0249282 1.46836 -0.16604 0.0999466 0.981041 -0.46529 0 0 0 1 
26456013410212;1.48789;2.26158;0.772811 -0.621475 -0.128574 0.454708 0.60831 0.783138 -0.129049 0.800028 0.180892 0.021518 0.983268 0.02613 0 0 0 1 
26456013410213;1.60061;0.895796;0.718041 -0.68486 0.124033 -0.00894043 0.68889 0.673919 -0.266953 1.91006 0.0992367 0.277128 0.955695 0.0878911 0 0 0 1 
26456013410214;1.7042;1.34304;0.771876 -0.629396 0.0898181 -0.126989 0.635705 0.766113 -0.094601 1.62576 -0.00926932 0.130118 0.991455 0.179697 0 0 0 1 
26456013410215;0.754244;2.59376;0.691453 -0.663657 0.285398 0.650179 0.701606 0.711056 -0.0463592 1.38855 -0.172167 0.232292 0.957287 -0.503706 0 0 0 1 
26456013410217;1.32332;1.50534;0.951845 -0.14232 -0.271544 0.0410351 0.168039 0.983013 0.073818 0.0918521 0.256426 -0.115893 0.959591 0.202329 0 0 0 1 
26456013410218;1.34012;1.74091;0.99131 -0.022867 0.129542 -0.126136 -0.0318499 0.91375 0.405026 -0.28714 -0.127631 -0.405633 0.905082 -0.0687404 0 0 0 1 
26456013410219;0.65608;0.628828;0.968071 0.191896 0.161288 -0.233639 -0.198462 0.979777 0.0254794 -0.0966457 -0.153137 -0.0566755 0.986578 -0.0969224 0 0 0 1 
26456013410220;1.46371;0.709408;0.934164 -0.338186 0.113874 -0.0119474 0.352048 0.925564 -0.139261 0.922111 -0.0583015 0.170182 0.983686 -0.0424544 0 0 0 1 
26456013410221;1.60635;1.77841;0.992425 0.0972839 -0.0750186 -0.10808 -0.0771102 0.968671 0.236074 -0.210394 0.0956346 -0.228501 0.968835 0.194621 0 0 0 1 
26456013410222;2.32392;0.0585144;0.989428 0.0950426 -0.109539 0.0819947 -0.119776 0.961397 -0.247729 -0.521311 0.0817658 0.25823 0.962617 -0.719451 0 0 0 1 
26456013410223;1.20647;0.677502;0.994225 0.106774 0.0107594 -0.165552 -0.10727 0.991688 0.0710545 0.158487 -0.00308317 -0.0717984 0.997414 0.0565935 0 0 0 1 
26456013410224;0.781646;0.438495;0.93975 0.323578 0.110306 -0.250728 -0.341528 0.902883 0.261076 -0.502789 -0.0151149 -0.283019 0.958995 -0.06672 0 0 0 1 
26456013410225;1.91639;0.298017;0.984177 -0.164447 0.0659821 0.0674948 0.148597 0.968836 0.198179 -0.101381 -0.0965158 -0.185238 0.977942 -0.764275 0 0 0 1 
26456013410226;0.740714;0.331252;0.971256 0.223253 0.0825873 -0.26623 -0.21847 0.9738 -0.0631289 0.0694665 -0.0945172 0.0432715 0.994582 -0.0944127 0 0 0 1 
26456013410227;0.854149;0.783156;0.999698 0.0245631 -0.000480638 -0.033762 -0.0245598 0.99868 -0.045111 0.000462285 -0.000628061 0.0451092 0.998982 -0.0174605 0 0 0 1 
26456013410228;0.477964;0.075314;0.966362 -0.11355 -0.230761 0.215306 0.0556096 0.968284 -0.243586 0.330774 0.251101 0.22256 0.942027 0.0404844 0 0 0 1 
26456013410229;0.488387;0.102388;0.898021 -0.229038 -0.375632 0.353941 0.291614 0.949179 0.118408 0.0100401 0.329422 -0.215872 0.919174 0.32942 0 0 0 1 
26456013410230;0.907029;0.117158;0.997791 0.0595138 0.0295117 -0.0520078 -0.0614501 0.99567 0.0697436 0.081727 -0.0252333 -0.0714031 0.997128 -0.286583 0 0 0 1 
26456013410231;2.37848;0.0562306;0.968449 -0.174835 -0.177593 0.327883 0.222495 0.927588 0.300128 -0.34683 0.11226 -0.330172 0.937221 -0.686344 0 0 0 1 
26456013410232;0.758672;0.552203;0.998875 0.042661 0.020714 -0.0299455 -0.0434569 0.998269 0.0396264 -0.0848202 -0.0189877 -0.040482 0.999 -0.209974 0 0 0 1 
26456013410233;0.876115;0.131408;0.99842 -0.0552646 -0.010211 0.0122259 0.0558654 0.995753 0.0731797 0.317035 0.00612336 -0.0736345 0.997266 0.0852461 0 0 0 1 
26456013410234;0.436918;0.0554353;0.989879 0.134114 0.046409 -0.130393 -0.141761 0.949722 0.279163 -0.401735 -0.00663598 -0.282916 0.959122 0.278789 0 0 0 1 
26456013410235;0.42537;0.0753235;0.933904 -0.0281483 0.356414 -0.361984 0.0652225 0.993581 -0.0924318 0.052251 -0.351524 0.109569 0.929745 -0.344667 0 0 0 1 
26456013410236;1.61117;0.66746;0.944144 0.0259036 0.328513 -0.57447 -0.154735 0.915018 0.372558 -0.574341 -0.290945 -0.402581 0.867917 -0.563145 0 0 0 1 
26456013410237;1.76467;1.14689;0.987431 0.110246 0.113254 0.0185507 -0.133477 0.96541 0.223983 -0.048507 -0.0846429 -0.236284 0.96799 -0.0249857 0 0 0 1 
26456013410238;1.19544;0.0780831;0.920263 0.377316 -0.103674 0.144811 -0.321657 0.880318 0.348679 -0.40786 0.222828 -0.287529 0.931491 -0.0164619 0 0 0 1 
26456013410239;0.73293;0.0504756;0.889061 -0.377938 -0.258328 0.322968 0.383834 0.922938 -0.0292708 0.368398 0.249484 -0.0731316 0.965614 0.0130008 0 0 0 1 
26456013410240;1.79116;1.94658;0.996486 0.0578294 -0.0605975 -0.0570618 -0.0458715 0.982065 0.182877 -0.106052 0.0700864 -0.179455 0.981266 0.123088 0 0 0 1 
26456013410241;1.92987;1.03598;0.995221 -0.0118045 0.096933 0.279516 0.0306895 0.980178 -0.195726 0.132198 -0.0927011 0.197766 0.975856 -0.0219886 0 0 0 1 
26456013410242;1.40722;0.0628159;0.945262 0.250538 0.209072 -0.254158 -0.311486 0.883723 0.349299 -0.363822 -0.0972493 -0.395302 0.913389 -0.414049 0 0 0 1 
26456013410243;0.583238;0.116044;0.926758 -0.334447 0.171069 -0.201919 0.355225 0.928351 -0.109449 0.317774 -0.122208 0.162201 0.979161 -0.247735 0 0 0 1 
26456013410244;0.533279;0.0602051;0.997763 0.0416964 0.0522551 -0.053108 -0.0397551 0.9985 -0.0376559 0.0630859 -0.0537468 0.0354942 0.997924 0.151576 0 0 0 1 
26456013410245;0.736282;0.154273;0.966103 -0.179119 0.185909 -0.224692 0.219023 0.9499 -0.222979 0.297731 -0.136655 0.256139 0.956932 0.0644945 0 0 0 1 
26456013410246;1.05866;0.32794;0.996006 -0.0779642 0.0435222 -0.0372718 0.0848362 0.978313 -0.188961 -0.100975 -0.0278461 0.191898 0.98102 -0.187703 0 0 0 1 
26456013410248;1.23759;0.79196;0.705311 0.699159 -0.117105 -1.25549 -0.708776 0.692435 -0.134796 -1.29222 -0.0131564 0.178074 0.983929 0.452261 0 0 0 1 
26456013410249;1.46586;0.720329;0.627105 0.735031 0.257817 -0.929468 -0.76171 0.647894 0.00562487 -0.949509 -0.162903 -0.199909 0.966177 0.555587 0 0 0 1 
26456013410250;0.412958;0.76156;0.985512 0.0735269 -0.152838 -0.442853 -0.102117 0.976736 -0.188573 0.0527226 0.135418 0.201448 0.970093 0.261969 0 0 0 1 
26456013410251;1.34871;0.750422;0.904946 0.425241 -0.0156214 -0.490371 -0.422139 0.892512 -0.158809 -0.478415 -0.0535898 0.150308 0.987186 0.758929 0 0 0 1 
26456013410252;1.49487;1.08229;0.461498 0.884796 -0.064461 -1.00165 -0.885774 0.463602 0.0218711 -0.948353 0.0492357 0.0470044 0.997681 -0.915082 0 0 0 1 
26456013410253;0.288077;0.847966;0.855431 0.509523 -0.0928684 -0.602261 -0.516816 0.851465 -0.0889292 -0.632008 0.0337628 0.124069 0.991699 -0.180095 0 0 0 1 
26456013410254;0.399182;0.739474;0.822967 0.56796 0.0121437 -0.675877 -0.558249 0.812487 -0.167998 -0.491108 -0.105282 0.131477 0.985713 -0.348971 0 0 0 1 
26456013410255;1.26559;0.857557;0.978375 0.206756 -0.00586869 -0.676804 -0.202975 0.954251 -0.219557 -0.298723 -0.0397946 0.216 0.975582 0.599818 0 0 0 1 
26456013410256;0.836061;0.774866;0.923561 0.377935 -0.0648097 -0.177456 -0.358075 0.910496 0.206831 -0.519156 0.137178 -0.167814 0.976228 -0.0684053 0 0 0 1 
26456013410257;1.31918;1.0224;0.941192 0.318021 -0.114102 -0.725942 -0.304935 0.944974 0.118485 -0.798779 0.145505 -0.0767234 0.986378 -0.113236 0 0 0 1 
26456013410258;1.48742;0.775601;0.891265 0.453418 -0.0076593 0.0373016 -0.40239 0.782947 -0.474422 -0.823527 -0.209114 0.425917 0.880264 0.27486 0 0 0 1 
26456013410259;1.01942;0.731621;0.740335 0.66523 -0.0968104 -1.07485 -0.661336 0.746567 0.0726092 -0.469076 0.120577 0.010269 0.992651 0.23777 0 0 0 1 
26456013410260;0.460663;0.7717;0.651516 0.754312 -0.0808723 -0.845514 -0.716647 0.646923 0.260591 -1.16193 0.248885 -0.111822 0.962056 0.557582 0 0 0 1 
26456013410261;1.44656;0.729928;0.738512 0.566854 -0.365071 0.293823 -0.625128 0.778529 -0.0557481 -0.762867 0.252617 0.269387 0.929309 0.810653 0 0 0 1 
26456013410262;0.220515;0.774156;0.841796 0.487154 0.232511 -0.735789 -0.478855 0.87275 -0.0948984 -0.59805 -0.249154 -0.0314539 0.967953 -0.529738 0 0 0 1 
26456013410263;0.872308;0.759444;0.954021 0.171637 0.245733 -0.684499 -0.186247 0.981794 0.0373232 -0.451418 -0.234853 -0.081374 0.968619 -0.826119 0 0 0 1 
