#;prob_registration_l1 -r /home/probabilistic_point_clouds_registration/build/tester /home/point_clouds_registration_benchmark//devel/registration_pairs/p2at_met_local.txt /home/point_clouds_registration_benchmark//planetary/p2at_met -s 0.2 -t 0.2 -p 0.3 -r 1000 -m 1 -i 40 
id;initial_error;final_error;transformation
27844314100000;0.368279;0.353848;0.999478 -0.000802006 0.0322858 -0.0156419 -0.003729 0.990139 0.140035 -0.00921714 -0.0320798 -0.140083 0.98962 -8.40262 0 0 0 1 
27844314100001;0.325629;0.148506;0.987541 0.0271187 -0.15501 0.727473 0.00190673 0.982905 0.184105 -0.254012 0.157352 -0.182107 0.970607 -7.7288 0 0 0 1 
27844314100002;0.342132;0.27134;0.931114 -0.0313839 0.363374 -1.6932 -0.0730222 0.960078 0.270033 -2.72072 -0.357342 -0.277966 0.891651 -24.5796 0 0 0 1 
27844314100003;0.135271;0.132758;0.995123 -0.00511467 0.0985127 -0.0447971 -0.0119825 0.984993 0.17218 -0.411235 -0.0979149 -0.172521 0.980127 -12.4974 0 0 0 1 
27844314100004;0.89077;0.708173;0.985682 0.0386903 -0.164116 1.38557 0.0045094 0.966921 0.255035 -0.856926 0.168554 -0.252124 0.952902 -12.2256 0 0 0 1 
27844314100005;0.300669;0.275852;0.935652 0.0462262 -0.349883 -0.101729 -0.00112569 0.991771 0.128021 0.0205077 0.352922 -0.11939 0.928005 0.981314 0 0 0 1 
27844314100006;0.461976;0.407393;0.999843 0.0158042 0.00796065 1.01502 -0.0160927 0.999164 0.0375785 -0.183895 -0.0073601 -0.0377007 0.999262 -2.24303 0 0 0 1 
27844314100007;1.17629;0.982734;0.999234 0.0165041 0.0354713 1.12618 -0.0197493 0.995454 0.0931784 -0.173257 -0.0337722 -0.0938076 0.995017 -5.00775 0 0 0 1 
27844314100008;0.519074;0.431282;0.999931 0.0101626 0.00593256 0.611521 -0.0103691 0.999302 0.0358848 -0.124721 -0.00556374 -0.0359438 0.999338 -1.6238 0 0 0 1 
27844314100009;0.482706;0.476434;0.99301 -0.0153893 0.117023 -0.733492 0.0208882 0.998727 -0.0459094 0.278994 -0.116168 0.0480329 0.992067 0.00624612 0 0 0 1 
27844314100010;0.848926;0.0826372;0.999011 0.0270231 -0.0353173 1.61145 -0.0205298 0.98475 0.172762 -0.848054 0.0394473 -0.171866 0.98433 -11.3005 0 0 0 1 
27844314100011;0.370547;0.313087;0.981835 -0.00228366 -0.189721 -1.35554 -0.00896103 0.998254 -0.0583908 -0.547307 0.189523 0.0590302 0.9801 8.3203 0 0 0 1 
27844314100012;1.02719;0.394294;0.991834 0.00541825 -0.12742 -0.503945 -0.0105532 0.999158 -0.0396587 -0.358559 0.127098 0.0406796 0.991056 7.56197 0 0 0 1 
27844314100013;0.818365;0.75451;0.998942 0.0213194 -0.0407451 1.16809 -0.0170952 0.994704 0.101347 -0.353193 0.04269 -0.100544 0.994016 -5.77021 0 0 0 1 
27844314100014;0.722224;0.291837;0.998373 0.00130484 -0.057007 0.0340263 -0.000968477 0.999982 0.00592767 -0.019805 0.0570137 -0.00586281 0.998356 -0.827332 0 0 0 1 
27844314100015;1.11358;0.608206;0.999529 -0.00415685 -0.0303902 -0.0518869 0.00340495 0.999688 -0.0247516 -0.124133 0.0304836 0.0246365 0.999232 -0.33204 0 0 0 1 
27844314100016;0.370882;0.0674875;0.992781 -0.0145312 0.119061 -0.746315 0.0628595 0.908434 -0.413276 -5.08727 -0.102154 0.417777 0.902789 21.8267 0 0 0 1 
27844314100017;0.341055;0.252215;0.995462 -0.00286788 -0.0951154 -0.699767 0.006602 0.999219 0.0389674 0.375364 0.0949294 -0.0394185 0.994703 -0.00706913 0 0 0 1 
27844314100018;0.853373;0.270195;0.999588 0.00511753 0.0282308 0.488897 -0.00517983 0.999984 0.00213427 -0.0456267 -0.0282194 -0.00227963 0.999599 -2.94327 0 0 0 1 
27844314100019;0.871961;0.106883;0.999977 0.00404754 0.00540729 0.486548 -0.00390789 0.999665 -0.0255933 -0.109138 -0.00550906 0.0255716 0.999658 -0.9813 0 0 0 1 
27844314100020;0.613803;0.637273;0.996509 0.0228698 -0.0802886 0.923846 -0.00364202 0.972738 0.231876 -0.698345 0.0834028 -0.230775 0.969426 -12.0192 0 0 0 1 
27844314100021;0.300355;0.0803672;0.94849 -0.024477 -0.315859 -3.83871 0.00496791 0.998037 -0.0624232 -0.334783 0.316767 0.0576386 0.94675 10.8342 0 0 0 1 
27844314100022;0.628187;0.0678094;0.999962 0.00459448 0.00737549 0.414885 -0.00443281 0.999753 -0.0217889 -0.179758 -0.00747378 0.0217553 0.999735 -0.617547 0 0 0 1 
27844314100023;0.278091;0.0799863;0.99637 0.004048 0.0850284 0.462541 -0.000465542 0.999113 -0.0421101 -0.24381 -0.0851235 0.0419176 0.995488 -0.288918 0 0 0 1 
27844314100024;0.416131;0.303934;0.969077 -0.00618763 -0.246682 -1.87132 -0.00341937 0.999253 -0.0384975 -0.187832 0.246736 0.0381505 0.968331 7.20862 0 0 0 1 
27844314100025;0.365706;0.32629;0.991776 -0.00724744 -0.12778 -1.00254 0.00705201 0.999973 -0.00198178 0.176392 0.127791 0.00106438 0.991801 2.62449 0 0 0 1 
27844314100026;0.38807;0.180904;0.983254 -0.0110788 0.181904 -0.523558 0.00225498 0.998814 0.0486435 0.0720706 -0.182227 -0.0474187 0.982112 -7.89901 0 0 0 1 
27844314100027;0.827287;0.74371;0.980509 -0.0265324 -0.194672 -2.57562 0.000707248 0.99131 -0.131546 -0.987798 0.196471 0.128844 0.972007 11.7203 0 0 0 1 
27844314100028;0.216847;0.189473;0.993686 -0.0139745 0.111326 -0.656614 0.028085 0.991606 -0.12621 -0.229927 -0.108628 0.12854 0.985737 4.95286 0 0 0 1 
27844314100029;0.528223;0.401393;0.996486 0.00921915 0.0832506 0.809704 -0.00772559 0.999804 -0.0182448 -0.261885 -0.0834025 0.0175375 0.996362 -1.66636 0 0 0 1 
27844314100031;1.32944;0.627426;0.999474 -0.0288893 -0.0147143 -0.0464153 0.0288528 0.99958 -0.00268545 0.11348 0.0147858 0.00225949 0.999888 2.63089 0 0 0 1 
27844314100032;1.35252;0.943263;0.949948 0.0463063 -0.308956 -1.17186 0.0491181 0.954516 0.294086 1.49041 0.308522 -0.294542 0.904466 6.20076 0 0 0 1 
27844314100033;0.908498;0.422847;0.974787 0.0175871 -0.222445 -0.716031 0.0353003 0.972181 0.231554 0.804719 0.22033 -0.233568 0.947049 4.98194 0 0 0 1 
27844314100034;0.315932;0.306784;0.999879 0.0145593 0.00556728 -0.025277 -0.0146518 0.999749 0.0169593 -0.172713 -0.00531897 -0.0170388 0.999841 -0.164577 0 0 0 1 
27844314100035;0.38412;0.175148;0.999542 -0.00498463 -0.0298484 0.0280381 0.00361334 0.998943 -0.0458208 -0.105349 0.0300453 0.0456919 0.998504 -0.468101 0 0 0 1 
27844314100036;0.255516;0.159358;0.997001 0.0226978 0.0739863 -0.0335065 -0.0350638 0.984752 0.170395 -0.0267856 -0.0689906 -0.172478 0.982594 -0.122097 0 0 0 1 
27844314100037;0.704806;0.412288;0.999323 -0.0303712 0.0207576 0.220669 0.0330484 0.989034 -0.143944 -0.122823 -0.0161582 0.144533 0.989368 0.166455 0 0 0 1 
27844314100038;1.02577;0.614317;0.996279 0.0240123 0.0827755 -0.0095452 -0.0212975 0.999211 -0.0335258 0.0347242 -0.0835153 0.0316382 0.996004 0.660614 0 0 0 1 
27844314100039;0.646323;0.243743;0.99826 -0.0144923 0.0571632 0.0576736 0.0261212 0.977719 -0.208287 -0.155386 -0.052871 0.209417 0.976396 0.131258 0 0 0 1 
27844314100040;0.526776;0.529993;0.957712 0.00668338 0.287652 0.0662355 0.0029338 0.999451 -0.0329894 -0.270605 -0.287714 0.0324382 0.957167 -4.00964 0 0 0 1 
27844314100041;0.240913;0.187174;0.987062 -0.0209061 -0.158973 -0.231345 0.0117955 0.998245 -0.058038 -0.0174956 0.159907 0.0554119 0.985576 1.87293 0 0 0 1 
27844314100042;1.10623;0.381936;0.996161 -0.0842755 -0.0236731 0.623115 0.085524 0.994652 0.0579125 -0.528779 0.0186659 -0.0597149 0.998041 -0.827835 0 0 0 1 
27844314100043;0.537176;0.464401;0.951872 0.021565 0.305735 -0.268563 -0.107368 0.957774 0.266722 -0.966412 -0.287074 -0.286711 0.913994 -3.40745 0 0 0 1 
27844314100044;0.682374;0.3498;0.990304 -0.0163816 0.13795 0.374761 0.0351155 0.990293 -0.134487 -0.0890785 -0.134408 0.138027 0.981266 -1.10829 0 0 0 1 
27844314100045;0.577329;0.353361;0.996588 -0.0152403 -0.0811202 -0.0259758 0.0114541 0.998832 -0.0469366 0.168422 0.0817408 0.0458473 0.995599 -0.02159 0 0 0 1 
27844314100046;0.842689;0.41642;0.978307 0.03113 -0.204806 -0.760929 -0.00175387 0.989854 0.142078 -0.582664 0.207151 -0.138636 0.968436 3.5033 0 0 0 1 
27844314100047;0.331521;0.318113;0.99976 0.00435813 0.0214806 0.00874972 -0.00383301 0.999694 -0.0244274 -0.0398037 -0.0215805 0.0243392 0.999471 -0.235781 0 0 0 1 
27844314100048;0.326512;0.242139;0.999711 -0.00572224 0.0233688 0.106783 0.0070944 0.998229 -0.0590633 -0.0277045 -0.0229894 0.059212 0.997981 -0.0532958 0 0 0 1 
27844314100049;0.286094;0.170838;0.986881 0.0102254 -0.161128 -0.41269 -0.00418609 0.999277 0.0377768 -0.0258454 0.161398 -0.0366067 0.98621 1.63705 0 0 0 1 
27844314100050;1.23172;0.877312;0.999723 0.00767208 -0.0222643 -0.170852 -0.00718862 0.999738 0.021714 0.233294 0.022425 -0.0215479 0.999516 1.85244 0 0 0 1 
27844314100051;0.428034;0.200036;0.999712 -0.00270933 -0.0238315 -0.109385 0.00231442 0.99986 -0.0165828 -0.0438288 0.0238731 0.0165229 0.999578 1.12114 0 0 0 1 
27844314100052;1.33827;0.733263;0.998672 -0.0408596 -0.0313779 0.464838 0.0443767 0.99165 0.12108 -0.230449 0.0261686 -0.122312 0.992147 -1.00089 0 0 0 1 
27844314100053;1.32669;0.497847;0.970571 -0.00600792 0.240741 0.213322 -0.032138 0.987515 0.154212 -0.924902 -0.238662 -0.15741 0.95826 -0.257363 0 0 0 1 
27844314100054;0.560805;0.225607;0.990619 -0.00295678 0.136624 0.0555653 -0.00409252 0.998676 0.0512866 -0.185061 -0.136595 -0.0513646 0.989294 -0.429884 0 0 0 1 
27844314100055;0.956315;0.863093;0.999152 -0.00601268 0.0407241 0.0543634 0.00838608 0.99826 -0.0583623 0.153765 -0.0403024 0.0586543 0.997464 0.292246 0 0 0 1 
27844314100056;1.36899;0.402768;0.993806 -0.0836533 0.0731507 0.848377 0.0920224 0.988532 -0.119731 -0.807045 -0.0622959 0.125721 0.990108 0.0504313 0 0 0 1 
27844314100057;0.0905846;0.0712857;0.990839 -0.000268891 0.13505 0.102028 0.00125027 0.999973 -0.00718197 -0.0711337 -0.135045 0.00728502 0.990813 -1.63797 0 0 0 1 
27844314100058;0.707405;0.196058;0.999747 0.0192691 0.0115647 0.0981108 -0.0192464 0.999813 -0.00207004 -0.0280289 -0.0116025 0.00184693 0.999931 -1.4793 0 0 0 1 
27844314100059;0.65531;0.438384;0.892563 -0.00263779 0.450914 -0.551033 -0.0537239 0.992238 0.112148 -0.595821 -0.44771 -0.124325 0.885494 -6.19322 0 0 0 1 
27844314100060;1.27536;0.471122;0.981483 0.0126272 0.191131 0.033613 -0.00139292 0.998269 -0.0587984 -0.518782 -0.191542 0.0574435 0.979802 -4.87766 0 0 0 1 
27844314100062;0.6633;0.469586;0.999937 -0.0106195 -0.00359329 -0.33289 0.0104827 0.999291 -0.0361643 0.0716621 0.00397479 0.0361244 0.999339 0.557963 0 0 0 1 
27844314100063;1.6099;0.129965;0.994407 0.00536752 -0.105479 0.222686 -0.00654102 0.99992 -0.0107826 -0.0334876 0.105413 0.0114123 0.994363 -0.44452 0 0 0 1 
27844314100064;1.94982;1.83819;0.998573 -4.12178e-06 0.0533999 0.0526321 0.00242733 0.99897 -0.0453137 -0.0175853 -0.0533447 0.0453787 0.997545 1.27932 0 0 0 1 
27844314100065;1.77485;0.931028;0.988996 0.0247733 0.145852 1.10731 -0.0803664 0.917692 0.389079 -2.76775 -0.124208 -0.39652 0.909585 -15.9625 0 0 0 1 
27844314100066;1.08018;0.558832;0.997281 0.0186808 0.0712894 0.864475 -0.0227294 0.998149 0.0564096 -0.27695 -0.0701037 -0.0578765 0.995859 -3.98912 0 0 0 1 
27844314100067;1.0783;0.495435;0.999564 -0.00380451 0.0292807 -0.187566 0.00344996 0.99992 0.0121495 0.186177 -0.0293246 -0.0120432 0.999497 0.42591 0 0 0 1 
27844314100068;0.329721;0.306389;0.999923 0.00957143 0.0078992 0.320115 -0.00978848 0.999562 0.0279127 -0.0484179 -0.00762858 -0.0279879 0.999579 -1.13044 0 0 0 1 
27844314100069;0.992581;0.820059;0.918647 -0.014288 0.39482 -0.159605 0.0434281 0.996942 -0.0649683 0.28859 -0.392685 0.0768292 0.916458 -3.95922 0 0 0 1 
27844314100070;1.68809;1.13162;0.999747 0.0124276 -0.0187308 0.188118 -0.0118819 0.99951 0.0289719 -0.141906 0.0190817 -0.0287421 0.999405 1.05461 0 0 0 1 
27844314100071;2.20263;1.30894;0.986731 0.0391701 -0.15757 0.743085 0.00130569 0.968518 0.24894 -0.112989 0.16236 -0.245842 0.955615 -8.00301 0 0 0 1 
27844314100072;0.844195;0.195804;0.91967 -0.0249083 -0.391902 -3.1803 -0.02544 0.992111 -0.122755 -1.02401 0.391868 0.122864 0.91178 9.82951 0 0 0 1 
27844314100073;1.02691;0.64611;0.999384 0.0080812 0.034158 0.280673 -0.0135741 0.986404 0.16378 0.309647 -0.03237 -0.164143 0.985905 -4.34739 0 0 0 1 
27844314100074;0.384882;0.454738;0.998513 0.00139433 0.0544974 0.234439 -0.0103832 0.986237 0.16501 0.290806 -0.0535173 -0.16533 0.984785 -6.01483 0 0 0 1 
27844314100075;1.31596;0.616193;0.997964 0.010613 -0.0628923 0.406506 -0.0122692 0.999586 -0.0260073 -0.242951 0.0625902 0.0267259 0.997681 0.0348233 0 0 0 1 
27844314100076;1.20785;1.18804;0.999941 -0.00275481 0.010476 -0.0871274 0.0025819 0.999861 0.0164838 0.123836 -0.01052 -0.0164557 0.999809 -0.679244 0 0 0 1 
27844314100077;1.66098;0.463385;0.998041 0.0243537 -0.0576309 0.861401 -0.0194337 0.996239 0.0844437 -0.293189 0.0594706 -0.0831583 0.99476 -3.9065 0 0 0 1 
27844314100078;1.89852;1.61519;0.999993 -0.00117734 -0.00366586 -0.0128712 0.00117266 0.999998 -0.00127712 0.187547 0.00366736 0.00127281 0.999992 -0.959374 0 0 0 1 
27844314100079;1.7021;1.50194;0.996346 0.00724711 0.0851005 0.590447 -0.0166382 0.993774 0.110169 -0.0375284 -0.0837723 -0.111182 0.990263 -3.8351 0 0 0 1 
27844314100080;1.10438;0.710383;0.972687 -0.0131336 0.231751 0.1412 -0.00480101 0.997046 0.0766542 0.183568 -0.232073 -0.0756732 0.96975 -6.83743 0 0 0 1 
27844314100081;0.430079;0.38745;0.999968 -0.00772094 -0.00188663 -0.297884 0.00769694 0.999893 -0.0124117 0.127949 0.00198226 0.0123967 0.999921 0.382925 0 0 0 1 
27844314100082;1.95213;1.41137;0.999328 0.0218989 0.0294047 0.524692 -0.0307598 0.937212 0.347401 -0.641446 -0.0199508 -0.348072 0.937256 -9.61862 0 0 0 1 
27844314100083;0.583263;0.19388;0.966172 0.000907515 0.257898 0.678981 -0.021992 0.996641 0.0788821 0.0266127 -0.256961 -0.0818853 0.962947 -6.67397 0 0 0 1 
27844314100084;0.503644;0.506736;0.991265 -0.00135209 0.131877 0.194723 -0.032167 0.96727 0.251703 -0.544812 -0.127901 -0.253746 0.958777 -9.9446 0 0 0 1 
27844314100085;0.720603;0.430512;0.997401 0.0299782 0.0655247 1.18145 -0.0450315 0.969223 0.24203 -0.928575 -0.0562525 -0.244351 0.968054 -8.98634 0 0 0 1 
27844314100086;1.70425;1.37303;0.996052 0.0505662 -0.0729631 1.26781 -0.0243218 0.945908 0.323523 -0.978425 0.0853757 -0.320471 0.943403 -9.71689 0 0 0 1 
27844314100087;1.08193;0.904274;0.977193 -0.0337339 -0.209654 -1.7399 0.00583837 0.991196 -0.132274 -0.480814 0.212271 0.128033 0.968787 5.92518 0 0 0 1 
27844314100088;1.41218;0.817672;0.998189 -0.0127392 0.0587976 -0.408325 0.0180846 0.99566 -0.0912953 -0.0717753 -0.0573794 0.0921932 0.994087 3.50913 0 0 0 1 
27844314100089;0.394008;0.347129;0.998518 0.00633876 -0.0540468 -0.0177536 -0.00698302 0.999907 -0.0117398 -0.0867321 0.0539673 0.0120998 0.998469 1.04481 0 0 0 1 
27844314100090;1.35838;0.720703;0.990635 -0.0383934 -0.13103 -1.30087 0.00295756 0.965461 -0.260532 -1.44287 0.136507 0.257704 0.956532 8.27728 0 0 0 1 
27844314100091;1.04859;1.05307;0.999364 0.00173019 -0.0356248 -0.0875025 0.000777389 0.997529 0.0702546 0.196356 0.0356583 -0.0702376 0.996893 -1.79107 0 0 0 1 
27844314100093;0.967031;0.428261;0.994901 -0.0397014 -0.0927135 -3.97949 0.0266356 0.990055 -0.138133 -0.561339 0.0972756 0.134959 0.986065 17.3821 0 0 0 1 
27844314100094;1.92323;0.169591;0.972372 0.0422903 -0.229572 1.78533 0.00339915 0.980783 0.195071 -0.306269 0.23341 -0.190462 0.953543 -8.20557 0 0 0 1 
27844314100095;0.873202;0.637848;0.992587 -0.00813466 0.121263 0.0658041 -0.0327963 0.942815 0.331698 -5.06692 -0.117027 -0.333216 0.935559 -35.8815 0 0 0 1 
27844314100096;0.430323;0.639747;0.989463 0.0164403 -0.14385 1.0153 -0.0157168 0.999857 0.00616423 -0.438652 0.143931 -0.00383841 0.98958 4.59899 0 0 0 1 
27844314100097;1.73872;0.839429;0.999999 -0.000264377 -0.00128614 0.400857 0.0002783 0.999941 0.0108374 0.468225 0.0012832 -0.0108378 0.99994 0.373356 0 0 0 1 
27844314100098;0.721991;0.482026;0.999891 0.0137437 0.00539752 1.66508 -0.0143783 0.989455 0.144124 -0.870509 -0.0033598 -0.144186 0.989545 -13.3106 0 0 0 1 
27844314100099;0.836004;0.827947;0.998695 -0.0317385 -0.0400201 -3.2407 0.0339913 0.997799 0.0569291 1.17229 0.0381252 -0.0582151 0.997576 -4.48372 0 0 0 1 
27844314100100;2.4061;0.171936;0.999897 -0.0123097 -0.007423 -1.06407 0.0138632 0.962311 0.271598 -1.17315 0.00379995 -0.271673 0.962382 -23.5345 0 0 0 1 
27844314100101;0.366989;0.573142;0.99959 0.02557 -0.0129009 2.62975 -0.0183358 0.917383 0.397584 -6.86863 0.0220013 -0.397184 0.917475 -38.0217 0 0 0 1 
27844314100102;1.52564;1.39535;0.975744 -0.0351278 0.21608 -3.23858 0.0864858 0.968605 -0.233076 -1.2576 -0.201109 0.24611 0.948148 16.8794 0 0 0 1 
27844314100103;2.09748;0.422441;0.999907 -0.0024861 -0.0134208 0.42046 0.00253097 0.999991 0.00332754 0.0846602 0.0134124 -0.0033612 0.999904 -2.22165 0 0 0 1 
27844314100104;0.507469;0.412904;0.999813 0.0175455 -0.00807436 1.99771 -0.0174453 0.999772 0.0123261 -0.515762 0.00828879 -0.0121829 0.999891 -1.40796 0 0 0 1 
27844314100105;1.7041;1.89118;0.9988 -0.0412889 0.02634 -3.65643 0.0449702 0.986198 -0.159347 -0.352578 -0.0193972 0.160341 0.986871 14.6282 0 0 0 1 
27844314100106;0.621555;0.346799;0.975514 0.019005 -0.219115 0.566217 0.00134008 0.995727 0.0923309 -0.0957898 0.219934 -0.0903637 0.97132 -1.46219 0 0 0 1 
27844314100107;0.153647;0.277922;0.99933 -0.0356624 -0.00827449 -3.30775 0.0356258 0.999355 -0.00452802 1.1899 0.00843063 0.0042302 0.999956 0.723569 0 0 0 1 
27844314100108;1.53872;0.687033;0.999459 -0.0107075 -0.0310895 -0.757682 0.00645222 0.990977 -0.133875 -0.805715 0.0322425 0.133602 0.99051 15.3446 0 0 0 1 
27844314100109;1.60611;1.03672;0.999294 -0.0140774 -0.0348343 -1.37285 0.0162996 0.997794 0.0643527 0.382524 0.0338515 -0.064875 0.997319 -6.52501 0 0 0 1 
27844314100110;2.36031;1.08964;0.999934 0.0112566 -0.00219672 1.89167 -0.0114129 0.995541 -0.0936387 -1.65439 0.00113287 0.0936576 0.995604 11.1492 0 0 0 1 
27844314100111;0.227132;0.229175;0.967015 0.0521255 -0.249328 3.03513 -0.00386786 0.981729 0.190243 -0.953929 0.254689 -0.183003 0.949549 -8.96195 0 0 0 1 
27844314100112;2.20462;1.98372;0.99863 -0.0488024 -0.0188731 -4.71674 0.0407249 0.951396 -0.305264 -4.07596 0.0328534 0.304078 0.952081 29.4247 0 0 0 1 
27844314100113;2.4063;0.111518;0.99539 -0.0513115 0.0810326 -4.70381 0.0638716 0.984897 -0.160931 -0.287118 -0.0715512 0.165364 0.983634 16.4166 0 0 0 1 
27844314100114;0.335195;0.210727;0.980615 -0.0511355 0.189157 -4.86135 0.0676481 0.994343 -0.0818928 1.51606 -0.183899 0.0931014 0.978526 2.30865 0 0 0 1 
27844314100115;1.83608;1.26869;0.999993 0.00368778 -0.000633645 0.966503 -0.00367601 0.999837 0.0176714 0.171334 0.00069871 -0.017669 0.999844 -1.34629 0 0 0 1 
27844314100116;1.89876;1.5547;0.978009 -0.0267474 0.20684 -2.19986 0.00903865 0.996246 0.0860914 0.554497 -0.208366 -0.0823287 0.97458 -13.9465 0 0 0 1 
27844314100117;2.29451;0.444606;0.991185 0.0478035 -0.123556 3.87067 -0.0151728 0.967455 0.252587 -1.89666 0.13161 -0.248486 0.959653 -17.0505 0 0 0 1 
27844314100118;2.1601;2.097;0.999923 -0.00286681 0.0120818 0.0334266 0.00314461 0.99973 -0.023037 0.339536 -0.0120125 0.0230732 0.999662 2.18429 0 0 0 1 
27844314100119;1.47956;0.508951;0.999908 0.0133101 -0.00255226 2.17305 -0.0131858 0.998957 0.0437112 -0.552531 0.0031314 -0.0436736 0.999041 -5.33468 0 0 0 1 
27844314100120;0.852594;0.558228;0.977808 -0.0399546 -0.205656 -5.0762 -0.00433984 0.977572 -0.210556 -3.27065 0.209456 0.206776 0.955705 28.1869 0 0 0 1 
27844314100121;1.87824;0.771786;0.998246 -0.00648511 0.0588436 0.088801 0.00541965 0.999819 0.0182481 0.203801 -0.0589513 -0.0178972 0.9981 -5.87496 0 0 0 1 
27844314100122;1.73464;0.333166;0.969599 -0.0115442 -0.244429 -1.52683 0.00942013 0.999907 -0.00985701 0.807369 0.24452 0.00725479 0.969617 8.35752 0 0 0 1 
27844314100124;0.405551;0.259628;0.997927 -0.0451559 -0.0458524 -3.97728 0.0498471 0.993016 0.106936 1.42001 0.0407033 -0.109 0.993208 -7.8603 0 0 0 1 
27844314100125;0.438401;0.260351;0.909121 -0.0833045 0.408117 -9.61715 0.13162 0.987048 -0.0917219 2.73096 -0.39519 0.137103 0.90831 -1.96177 0 0 0 1 
27844314100126;1.24567;0.180493;0.980102 -0.192667 -0.04774 -19.0331 0.188912 0.979233 -0.0735808 2.58358 0.0609252 0.0630981 0.996146 7.00582 0 0 0 1 
27844314100127;1.48846;0.594127;0.999214 0.0205177 -0.0339172 1.02848 -0.0183849 0.997904 0.0620414 -1.08521 0.0351191 -0.061369 0.997497 -1.73103 0 0 0 1 
27844314100128;1.19785;0.231539;0.996715 -0.0117592 -0.0801299 -1.60928 0.00726822 0.998398 -0.0561089 -0.0372765 0.0806613 0.0553422 0.995204 5.81678 0 0 0 1 
27844314100129;1.23822;0.18209;0.992403 0.122783 0.00774817 8.85359 -0.121991 0.990248 -0.0672889 -6.23783 -0.0159346 0.0658326 0.997703 6.5001 0 0 0 1 
27844314100130;0.532996;0.336874;0.981965 0.000810765 -0.189061 -1.13178 -0.0408683 0.977259 -0.208075 -4.05857 0.184593 0.212049 0.959667 24.652 0 0 0 1 
27844314100131;0.768744;0.215103;0.98804 0.151436 -0.0290639 12.6951 -0.142146 0.967533 0.208984 -7.64221 0.059768 -0.202354 0.977487 -14.723 0 0 0 1 
27844314100132;0.304449;0.157349;0.989986 0.0480268 -0.132743 3.13472 -0.0226447 0.982198 0.186479 -1.96536 0.139336 -0.181606 0.97345 -11.4942 0 0 0 1 
27844314100133;0.242712;0.21927;0.971428 -0.0920557 -0.218754 -10.1678 0.0159588 0.944963 -0.326789 -5.80656 0.236797 0.313961 0.919432 35.9634 0 0 0 1 
27844314100134;1.30166;0.25567;0.972728 0.0258613 0.230502 1.96541 -0.0236911 0.999645 -0.0121786 -0.993786 -0.230735 0.00638559 0.972996 -9.47804 0 0 0 1 
27844314100135;0.261851;0.292288;0.994928 -0.0834104 0.0562248 -7.33285 0.0813395 0.995955 0.0381693 2.46766 -0.0591811 -0.0334024 0.997688 -4.78869 0 0 0 1 
27844314100136;1.42144;0.393795;0.995806 0.0910555 0.0088855 7.64406 -0.0897787 0.991268 -0.0965834 -5.47861 -0.0176024 0.0953806 0.995285 9.62918 0 0 0 1 
27844314100137;1.20547;0.310567;0.953367 -0.273301 0.128051 -26.5891 0.299842 0.906067 -0.298559 -0.578266 -0.0344266 0.323032 0.945762 28.7529 0 0 0 1 
27844314100138;0.244336;0.218018;0.994197 0.0133763 -0.106738 0.440929 -0.0329036 0.982497 -0.183351 -3.58486 0.102417 0.185799 0.977236 19.7351 0 0 0 1 
27844314100139;1.59431;0.235844;0.998547 -0.0538715 -0.000978582 -3.983 0.0538781 0.998509 0.00880334 -0.24783 0.000502873 -0.00884328 0.999961 -1.76857 0 0 0 1 
27844314100140;0.22734;0.338316;0.997681 -0.0667645 0.0132201 -6.00786 0.0669979 0.997589 -0.0180778 1.83743 -0.0119813 0.0189216 0.999749 1.41668 0 0 0 1 
27844314100141;0.358346;0.305875;0.956268 -0.196073 -0.217042 -19.8276 0.153145 0.967838 -0.199588 1.62556 0.249195 0.157621 0.95554 22.3298 0 0 0 1 
27844314100142;0.117962;0.237208;0.997729 0.0654436 0.0159417 5.61312 -0.0645912 0.996702 -0.0491304 -3.00697 -0.0191044 0.0479891 0.998665 3.73844 0 0 0 1 
27844314100143;1.8568;1.62698;0.99994 0.00658963 0.00873702 0.871342 -0.00554505 0.993395 -0.114614 -1.68248 -0.00943457 0.114558 0.993372 9.94958 0 0 0 1 
27844314100144;0.573265;0.445765;0.986897 0.00731415 -0.161184 -0.915612 -0.00364751 0.999728 0.0230323 -0.0437315 0.161308 -0.0221426 0.986656 3.65943 0 0 0 1 
27844314100145;0.564902;0.855076;0.970329 -0.228482 -0.0791067 -22.3769 0.216939 0.967159 -0.13244 3.35016 0.106769 0.111349 0.988029 13.7327 0 0 0 1 
27844314100146;0.457208;0.174376;0.999695 0.0167025 0.0181803 1.28932 -0.0172969 0.999304 0.0330446 -0.76456 -0.0176157 -0.033349 0.999289 -2.58719 0 0 0 1 
27844314100147;0.839697;0.205338;0.99462 -0.0393362 -0.0958316 -5.00591 0.0498572 0.992681 0.109991 1.44231 0.0908036 -0.114177 0.989302 -7.95747 0 0 0 1 
27844314100148;1.27087;0.153921;0.999405 -0.000895562 0.0344794 -1.58875 0.00657481 0.986279 -0.164957 -3.15651 -0.0338586 0.165086 0.985698 13.5497 0 0 0 1 
27844314100149;0.814525;0.514354;0.993674 -0.00623447 0.112128 -0.893825 0.0614892 0.865694 -0.496783 -11.5331 -0.093971 0.500535 0.860601 41.2946 0 0 0 1 
27844314100150;1.30625;0.924908;0.997875 0.00489061 0.0649715 0.282359 0.0152608 0.951897 -0.306038 -5.13669 -0.0633429 0.306379 0.9498 24.0062 0 0 0 1 
27844314100151;1.21483;1.07402;0.988245 -0.0557021 0.142372 -4.99563 0.0583644 0.998189 -0.0145892 1.67405 -0.141302 0.0227272 0.989706 -1.54725 0 0 0 1 
27844314100152;0.850848;0.987456;0.981041 -0.0134323 0.193333 -1.537 0.0645733 0.963246 -0.260745 -2.31072 -0.182724 0.268286 0.945851 17.089 0 0 0 1 
27844314100153;1.33869;0.135781;0.988104 0.130295 0.0816933 9.50407 -0.132161 0.991068 0.0178456 -6.52931 -0.0786384 -0.02843 0.996498 -5.70537 0 0 0 1 
27844314100155;1.31103;1.25931;0.992596 -0.116195 -0.0353732 -5.5639 0.106887 0.973955 -0.199969 0.690441 0.0576872 0.194707 0.979164 10.2937 0 0 0 1 
27844314100156;0.173499;0.245702;0.999627 -0.0146986 -0.0230341 -1.00195 0.0150905 0.999743 0.016932 0.63769 0.0227793 -0.0172733 0.999591 -0.414155 0 0 0 1 
27844314100157;1.77732;0.417403;0.99048 0.10577 -0.0880998 3.66235 -0.0971693 0.990551 0.0967848 -0.839669 0.0975042 -0.0873028 0.991399 -3.33548 0 0 0 1 
27844314100158;2.31932;0.214696;0.975209 0.0746689 -0.208306 1.03686 0.0287374 0.890643 0.453795 -0.645705 0.219411 -0.448531 0.866417 -14.8838 0 0 0 1 
27844314100159;1.17995;0.262291;0.996071 0.0626288 -0.0626168 2.41149 -0.0578381 0.99546 0.0755964 -1.18748 0.067067 -0.0716778 0.99517 -3.14123 0 0 0 1 
27844314100160;1.94121;0.524929;0.980868 -0.0463633 -0.189074 -3.38081 0.0511789 0.998476 0.0206645 1.77108 0.187828 -0.0299457 0.981745 4.71367 0 0 0 1 
27844314100161;0.541664;0.416353;0.991638 0.0253553 -0.126537 0.306883 -0.0400029 0.992607 -0.114595 -1.62968 0.122695 0.118699 0.98532 8.67128 0 0 0 1 
27844314100162;1.51732;0.813847;0.980027 -0.19618 -0.0325799 -10.3199 0.196217 0.980558 -0.00206969 5.49704 0.0323525 -0.00436439 0.999467 1.01018 0 0 0 1 
27844314100163;1.36524;1.48029;0.990376 -0.134505 -0.0326176 -6.74317 0.132597 0.989647 -0.0549204 2.75926 0.0396669 0.0500668 0.997958 2.55976 0 0 0 1 
27844314100164;0.587208;0.344294;0.977194 -0.212086 -0.0105766 -10.618 0.212317 0.974959 0.0661625 4.49149 -0.0037204 -0.0668992 0.997753 -2.73657 0 0 0 1 
27844314100165;1.53313;0.418352;0.999446 0.0332383 -0.00191059 1.79619 -0.0331895 0.999217 0.0215563 -1.56987 0.00262559 -0.0214809 0.999766 0.10848 0 0 0 1 
27844314100166;0.330265;0.404025;0.973893 -0.224906 -0.0308167 -11.2599 0.221083 0.970509 -0.0960954 3.56613 0.0515203 0.0867736 0.994895 5.28959 0 0 0 1 
27844314100167;0.903395;0.433159;0.989582 -0.122893 0.075003 -5.58126 0.134123 0.976283 -0.169951 1.02946 -0.0523383 0.17824 0.982594 6.28235 0 0 0 1 
27844314100168;2.432;0.351489;0.995355 -0.0310256 0.0911374 -1.32492 0.0291335 0.999333 0.0220181 0.183987 -0.0917597 -0.0192607 0.995595 -0.411976 0 0 0 1 
27844314100169;1.16953;0.873072;0.9396 0.038965 0.340049 2.03059 0.0712538 0.949464 -0.30568 -2.21257 -0.334775 0.311446 0.889341 6.70551 0 0 0 1 
27844314100170;0.524881;0.338318;0.981734 -0.0464359 -0.184507 -3.2103 0.0677508 0.991514 0.110951 1.45325 0.17779 -0.121425 0.976548 -1.70708 0 0 0 1 
27844314100171;2.35705;0.185223;0.959327 0.12626 0.252488 5.26739 -0.0849206 0.982049 -0.168431 -2.61775 -0.269221 0.140139 0.952828 -2.14319 0 0 0 1 
27844314100172;0.422262;0.206358;0.997319 0.0166134 -0.0712635 -0.031316 -0.0120348 0.997864 0.0642037 0.398134 0.0721779 -0.0631739 0.995389 -1.37258 0 0 0 1 
27844314100173;0.404553;0.356109;0.993462 -0.0904996 -0.0695902 -4.82755 0.0981821 0.988346 0.116328 2.07125 0.0582516 -0.1224 0.99077 -4.29366 0 0 0 1 
27844314100174;0.99992;1.05842;0.977571 0.210414 -0.00898251 7.51891 -0.209919 0.97694 0.0390125 -5.11726 0.0169841 -0.0362519 0.999198 -1.91024 0 0 0 1 
27844314100175;0.837078;0.301059;0.99928 0.036026 -0.0119138 1.24464 -0.0357141 0.999038 0.0254289 0.23523 0.0128185 -0.0249851 0.999606 -1.16013 0 0 0 1 
27844314100176;0.793248;0.640845;0.99796 -0.00495518 -0.063646 -0.864833 -0.0158431 0.946569 -0.322113 -4.16402 0.0618415 0.322464 0.944559 16.847 0 0 0 1 
27844314100177;2.13358;0.2145;0.99992 -0.0082214 -0.00965694 -0.435957 0.00837227 0.999842 0.0156881 0.509606 0.00952643 -0.0157677 0.99983 -2.87781 0 0 0 1 
27844314100178;1.06641;1.36769;0.980092 -0.193818 -0.0430742 -9.6113 0.19348 0.981032 -0.0119193 4.40896 0.0445673 0.003348 0.999001 0.88554 0 0 0 1 
27844314100179;2.46162;0.275448;0.954976 0.101187 -0.278894 2.89683 -0.140461 0.982215 -0.124599 -3.06728 0.261326 0.158163 0.952204 10.7457 0 0 0 1 
27844314100180;2.13141;0.354536;0.926414 0.237618 0.292054 8.68679 -0.286688 0.948022 0.138075 -8.71426 -0.244065 -0.211643 0.946382 -16.2344 0 0 0 1 
27844314100181;0.683715;0.427966;0.999336 0.0329138 0.0155968 1.45035 -0.0336112 0.998339 0.0467934 -0.431222 -0.0140307 -0.0472866 0.998783 -1.88432 0 0 0 1 
27844314100182;1.078;0.370009;0.982076 -0.0737871 0.173441 -3.17097 0.0622709 0.995535 0.0709341 1.42185 -0.177901 -0.0588624 0.982286 -5.69965 0 0 0 1 
27844314100183;1.04239;0.348486;0.903893 -0.196393 0.380011 -9.48448 0.0874087 0.95443 0.285349 1.64262 -0.418734 -0.224708 0.879868 -19.4157 0 0 0 1 
27844314100184;1.3844;0.476179;0.983641 -0.025185 0.178372 -0.831921 0.00933328 0.995974 0.0891563 -0.677392 -0.1799 -0.086033 0.979916 -8.42433 0 0 0 1 
27844314100186;0.793481;0.327467;0.972417 0.101842 -0.209841 5.31804 -0.0533607 0.972918 0.224909 -2.30488 0.227063 -0.207508 0.951516 -6.10776 0 0 0 1 
27844314100187;1.90684;0.459846;0.996848 0.0790487 0.00668607 6.20118 -0.0787315 0.996137 -0.0388865 -2.48825 -0.00973416 0.0382375 0.999221 3.79724 0 0 0 1 
27844314100188;0.899725;1.63267;0.905696 0.0977221 0.412511 6.78844 -0.100482 0.994825 -0.015054 -3.51513 -0.411847 -0.0278157 0.910828 -16.7437 0 0 0 1 
27844314100189;2.92803;2.72676;0.996313 -0.0261972 -0.0816925 -2.27004 0.0152946 0.99122 -0.131334 -1.09852 0.0844159 0.1296 0.987966 11.8528 0 0 0 1 
27844314100190;2.25734;1.34772;0.984614 0.162491 -0.0642814 12.0742 -0.171256 0.970428 -0.170121 -9.23246 0.0347374 0.178512 0.983324 14.2524 0 0 0 1 
27844314100191;2.96618;0.979272;0.984614 -0.0645672 0.162375 -3.85122 0.123005 0.916108 -0.381596 -4.5981 -0.124114 0.395697 0.909956 24.6041 0 0 0 1 
27844314100192;2.51273;1.55938;0.93227 -0.0212542 -0.361138 -4.6961 -0.0166117 0.994705 -0.101425 -1.81176 0.361381 0.100554 0.92698 18.6678 0 0 0 1 
27844314100193;1.47826;1.46226;0.968311 0.235326 -0.0836341 16.6983 -0.232377 0.971651 0.0435345 -8.90245 0.091508 -0.0227203 0.995545 2.56654 0 0 0 1 
27844314100194;2.31253;1.34344;0.971024 -0.0125324 -0.238653 -3.47839 0.0165554 0.999753 0.0148599 0.744421 0.238408 -0.0183803 0.970991 8.00942 0 0 0 1 
27844314100195;2.39108;0.233498;0.982159 -0.168356 -0.083788 -11.2954 0.133604 0.938246 -0.319132 -0.86918 0.132342 0.302244 0.943999 22.8495 0 0 0 1 
27844314100196;0.463067;2.16444;0.986147 0.134791 0.0966771 11.2587 -0.138099 0.990012 0.0283589 -4.74185 -0.091889 -0.0413171 0.994912 -5.89505 0 0 0 1 
27844314100197;2.03095;1.97431;0.995184 -0.037148 -0.0907075 -2.93907 0.024729 0.990621 -0.134384 -0.584296 0.0948489 0.131494 0.986769 11.1525 0 0 0 1 
27844314100198;1.85236;0.55423;0.983761 -0.0738045 -0.163605 -5.51243 0.0782039 0.996724 0.0206055 2.33872 0.161549 -0.0330655 0.986311 4.22706 0 0 0 1 
27844314100199;0.504668;0.291891;0.99546 -0.0791643 -0.052852 -5.53835 0.0843059 0.991057 0.103435 2.75503 0.044191 -0.107421 0.993231 -6.33261 0 0 0 1 
27844314100200;2.93423;1.00578;0.99805 -0.0616213 0.00993714 -3.89713 0.0623431 0.991915 -0.110532 1.00087 -0.00304565 0.110936 0.993823 4.76541 0 0 0 1 
27844314100201;1.21539;0.623685;0.989058 0.0156053 0.146699 1.59818 -0.0401848 0.985287 0.166119 -1.82993 -0.141948 -0.170196 0.975133 -17.3669 0 0 0 1 
27844314100202;1.66781;1.55873;0.945112 0.12551 -0.301681 6.2747 -0.0929855 0.988421 0.119911 -2.82148 0.313237 -0.0852773 0.945838 5.92121 0 0 0 1 
27844314100203;0.429271;0.443776;0.931851 -0.067082 0.356586 -4.82836 -0.0156992 0.974387 0.22433 -1.113 -0.362501 -0.214641 0.90693 -27.4057 0 0 0 1 
27844314100204;0.64969;0.797035;0.92259 0.0163502 -0.385435 -3.0862 0.0561431 0.982774 0.176075 1.36586 0.381675 -0.184085 0.90578 -0.559201 0 0 0 1 
27844314100205;2.89316;2.65996;0.995727 -0.00609344 -0.0921449 -0.450026 0.00140629 0.998705 -0.0508468 -0.326613 0.0923355 0.0504999 0.994447 5.22158 0 0 0 1 
27844314100206;1.28236;0.659259;0.997486 -0.0322232 0.0631192 -1.47402 0.0442955 0.97872 -0.200362 -1.50192 -0.0553198 0.202654 0.977687 11.6936 0 0 0 1 
27844314100207;1.92404;1.07673;0.970037 0.14899 -0.191911 9.03964 -0.131978 0.986333 0.09864 -4.81442 0.203985 -0.0703565 0.976443 3.61509 0 0 0 1 
27844314100208;1.88311;1.32281;0.918908 0.106333 0.37987 7.56841 -0.0275791 0.977945 -0.207033 -2.96416 -0.393507 0.179767 0.901574 -3.11735 0 0 0 1 
27844314100209;2.33052;1.03917;0.991467 0.128396 0.0225134 9.7998 -0.128543 0.99169 0.00522626 -4.5618 -0.0216553 -0.00807561 0.999733 -3.40663 0 0 0 1 
27844314100210;0.530209;0.458737;0.994714 -0.0312615 0.0978072 -1.71061 0.0412712 0.993922 -0.102054 0.391077 -0.0940224 0.105551 0.989959 3.60865 0 0 0 1 
27844314100211;2.44996;1.38022;0.995919 0.0673402 -0.060085 4.92568 -0.0687689 0.997389 -0.0220335 -2.43921 0.0584444 0.0260756 0.99795 5.83471 0 0 0 1 
27844314100212;2.84301;1.08914;0.996209 0.060547 -0.0624679 4.7697 -0.0653019 0.994881 -0.0771145 -2.03629 0.0574791 0.0809014 0.995063 4.87877 0 0 0 1 
27844314100213;1.50297;0.511517;0.997949 0.0557718 0.0314129 5.20588 -0.0490222 0.98148 -0.185186 -4.36025 -0.0411593 0.183266 0.982201 11.3306 0 0 0 1 
27844314100214;0.564234;0.402688;0.989685 -0.0705618 0.124675 -4.30728 0.0738996 0.997015 -0.0223474 2.0575 -0.122726 0.0313303 0.991946 -1.57984 0 0 0 1 
27844314100215;0.386204;1.74193;0.979835 0.163537 -0.114802 11.4703 -0.172329 0.982456 -0.0713009 -6.63965 0.101128 0.0896468 0.990826 9.43159 0 0 0 1 
27844314100217;0.459527;0.719135;0.996077 0.00351626 -0.0884243 -0.0749677 -0.00463729 0.999911 -0.0124756 -0.369879 0.0883726 0.0128367 0.996005 2.73457 0 0 0 1 
27844314100218;2.20727;0.211253;0.999524 0.0202624 -0.0232744 0.273503 -0.0202881 0.999794 -0.000868751 -0.908506 0.023252 0.00134053 0.999729 3.39751 0 0 0 1 
27844314100219;2.19715;0.444691;0.998928 -0.0393558 -0.024382 -0.855251 0.0384517 0.998594 -0.0364983 0.900407 0.0257842 0.0355217 0.999036 4.09588 0 0 0 1 
27844314100220;1.31114;0.42434;0.997786 -0.0142898 -0.064959 0.440483 0.0125118 0.999538 -0.027696 -0.313679 0.0653248 0.0268219 0.997504 2.32406 0 0 0 1 
27844314100221;1.65894;1.62984;0.99991 0.00713389 0.0113777 0.293653 -0.00749985 0.999445 0.0324528 -0.22109 -0.0111399 -0.0325352 0.999409 -0.446066 0 0 0 1 
27844314100222;1.73745;0.967546;0.979065 0.0451334 -0.19848 0.0690847 -0.0230064 0.993396 0.112407 -0.682975 0.202243 -0.105487 0.973638 4.85187 0 0 0 1 
27844314100223;2.40198;1.78217;0.998632 -0.00397848 -0.0521361 -0.0395736 0.00399622 0.999992 0.000236013 0.213059 0.0521347 -0.000444038 0.99864 3.06305 0 0 0 1 
27844314100224;0.843273;0.84733;0.99949 0.00664796 -0.0312235 0.115382 -0.00397853 0.996391 0.0847908 0.0625774 0.0316745 -0.0846234 0.995909 -0.351798 0 0 0 1 
27844314100225;1.09219;1.27707;0.999961 0.00739969 0.00489444 0.439723 -0.00708874 0.998127 -0.0607574 -0.418624 -0.00533486 0.0607203 0.998141 0.980815 0 0 0 1 
27844314100226;2.28577;0.607999;0.944426 0.0790566 -0.319077 -1.44874 -0.00753232 0.9756 0.219426 -0.151082 0.328639 -0.204828 0.921977 8.43363 0 0 0 1 
27844314100227;0.739768;0.855206;0.990301 0.0321451 -0.135171 0.122546 -0.0276451 0.999004 0.0350377 -0.765463 0.136163 -0.030961 0.990203 3.73916 0 0 0 1 
27844314100228;0.965544;0.264293;0.992344 0.0529222 -0.111589 0.538105 -0.0491122 0.998122 0.0366217 -1.61422 0.113318 -0.030861 0.993079 3.80021 0 0 0 1 
27844314100229;0.882458;0.863134;0.965087 0.00414978 0.261896 0.728491 0.0396614 0.98603 -0.161776 -0.0786112 -0.258909 0.166515 0.95144 -5.8367 0 0 0 1 
27844314100230;0.333053;0.31825;0.952219 0.131796 -0.275514 -0.029216 -0.0384761 0.946677 0.319879 -1.06104 0.302981 -0.293994 0.906515 3.18012 0 0 0 1 
27844314100231;2.08116;0.0794647;0.995803 -0.0294851 0.0866456 -0.034786 0.0314514 0.999276 -0.0214165 0.606723 -0.0859514 0.0240518 0.996009 0.310079 0 0 0 1 
27844314100232;2.3687;1.79919;0.999238 0.0255303 -0.0295242 0.0754906 -0.0263995 0.999218 -0.0294348 -0.492574 0.0287497 0.0301918 0.999131 0.226688 0 0 0 1 
27844314100233;0.91161;0.547612;0.999637 0.0147844 -0.0225164 0.579665 -0.0143066 0.999672 0.0212356 -0.449397 0.022823 -0.0209058 0.999521 -0.681778 0 0 0 1 
27844314100234;2.15311;0.641336;0.997802 0.00561466 0.0660274 0.935492 -0.0064397 0.999904 0.0122892 0.0991773 -0.0659521 -0.0126874 0.997742 -4.93491 0 0 0 1 
27844314100235;1.5865;1.11119;0.940088 0.0156049 -0.340574 -3.57711 -0.0303905 0.998811 -0.038122 -1.16707 0.339574 0.0461883 0.939444 10.6931 0 0 0 1 
27844314100236;0.801975;0.685672;0.999858 -0.00266322 -0.0166688 0.416713 0.00154278 0.99776 -0.0668734 -0.250739 0.0168095 0.0668382 0.997622 1.65712 0 0 0 1 
27844314100237;0.36254;0.261717;0.996112 0.0468899 -0.0745775 0.310455 -0.0433532 0.997889 0.0483554 -1.24659 0.0766874 -0.0449342 0.996042 1.65908 0 0 0 1 
27844314100238;0.509991;0.285235;0.995788 -0.0237066 -0.0885705 -0.617711 -0.00989674 0.932562 -0.360875 -3.01107 0.0911526 0.360232 0.928399 8.79496 0 0 0 1 
27844314100239;2.45541;1.45987;0.999462 0.00327917 -0.0326473 -0.25259 -0.00241671 0.999648 0.0264221 -0.0516548 0.0327225 -0.026329 0.999118 2.93802 0 0 0 1 
27844314100240;0.531694;0.319367;0.998904 -0.0404152 0.0236183 -0.594293 0.0399862 0.999031 0.0183642 1.25791 -0.0243376 -0.0173996 0.999552 -0.547978 0 0 0 1 
27844314100241;1.90316;0.815585;0.998821 -0.0140302 0.0464788 1.0327 0.011018 0.997861 0.0644408 0.809682 -0.0472835 -0.0638527 0.996839 -3.94951 0 0 0 1 
27844314100242;0.857743;0.264211;0.988183 0.023115 0.151529 1.16033 -0.0274871 0.999262 0.0268227 -0.468032 -0.150797 -0.0306708 0.988089 -4.44179 0 0 0 1 
27844314100243;1.52979;1.81196;0.988318 -0.0120087 -0.151933 -0.80285 0.00526691 0.998987 -0.0446981 -0.0550215 0.152315 0.0433758 0.98738 4.99369 0 0 0 1 
27844314100244;1.45043;0.835355;0.987514 0.0643163 -0.143804 0.0028188 -0.0159922 0.949072 0.314653 0.0423738 0.156717 -0.308424 0.938251 0.075299 0 0 0 1 
27844314100245;0.353496;0.542078;0.99887 0.0239015 0.0410717 0.938458 -0.0321649 0.976279 0.214115 -0.18411 -0.0349797 -0.215194 0.975945 -5.05493 0 0 0 1 
27844314100246;0.304746;0.315799;0.998469 0.0369513 0.0411528 0.80042 -0.028409 0.981057 -0.191623 -1.97346 -0.047454 0.190161 0.980605 1.97574 0 0 0 1 
27844314100248;1.91005;1.76254;0.999961 -0.00759704 0.00458036 -0.495898 0.00743483 0.999379 0.0344479 0.335014 -0.00483922 -0.0344125 0.999396 -2.38056 0 0 0 1 
27844314100249;1.74539;0.574052;0.919041 0.0171733 0.393787 1.08827 0.017546 0.996278 -0.0843979 0.321722 -0.39377 0.0844746 0.915319 4.68435 0 0 0 1 
27844314100250;2.4193;1.02138;0.885964 0.0513837 -0.460899 2.41201 -0.0385604 0.998563 0.0372029 -1.54595 0.462149 -0.015188 0.886672 -0.349854 0 0 0 1 
27844314100251;0.382775;0.370478;0.998188 0.0218462 0.0560746 1.48511 -0.029738 0.989129 0.144012 -0.172693 -0.0523189 -0.145418 0.987986 -8.03172 0 0 0 1 
27844314100252;0.517763;0.707835;0.99548 -0.011939 -0.0942164 -0.526125 -0.0131256 0.96525 -0.261 -2.34091 0.0940584 0.261057 0.96073 13.617 0 0 0 1 
27844314100253;0.421961;0.341918;0.995767 0.016422 0.0904384 1.07842 -0.00933993 0.996895 -0.0781815 -0.552238 -0.0914415 0.0770059 0.992829 3.78127 0 0 0 1 
27844314100254;1.06506;0.259632;0.998695 0.0421684 -0.0288136 2.2957 -0.0345934 0.973565 0.225774 -1.05834 0.0375724 -0.224483 0.973753 -12.8216 0 0 0 1 
27844314100255;0.41574;0.355883;0.945142 -0.00152324 -0.326657 -0.563157 -0.013883 0.998898 -0.0448267 -0.294509 0.326365 0.0469026 0.944079 3.24735 0 0 0 1 
27844314100256;0.221269;0.0898378;0.99974 0.00394382 -0.0224641 0.142028 -0.00281051 0.998732 0.0502595 0.115712 0.0226339 -0.0501833 0.998484 -2.87208 0 0 0 1 
27844314100257;0.472366;0.270082;0.997227 0.0354839 0.0654147 2.14169 -0.0585929 0.916297 0.396189 -3.53143 -0.045881 -0.398924 0.915836 -21.22 0 0 0 1 
27844314100258;0.965959;0.534166;0.961894 0.014114 -0.273059 -0.34277 -0.00297947 0.999149 0.0411486 0.0743341 0.273408 -0.0387671 0.961117 -1.11883 0 0 0 1 
27844314100259;0.701583;0.626566;0.999771 0.0157495 -0.0144911 1.00676 -0.0159745 0.999752 -0.0155442 -0.145445 0.0142427 0.0157721 0.999774 0.342062 0 0 0 1 
27844314100260;1.49458;1.0928;0.991492 0.0384025 -0.12437 1.45973 -0.00170228 0.959231 0.282617 -0.857673 0.130153 -0.280001 0.951136 -13.9025 0 0 0 1 
27844314100261;0.461097;0.303198;0.980902 -0.0213519 -0.193328 -1.57238 0.0101497 0.998221 -0.0587505 -0.211801 0.194238 0.0556662 0.979374 3.57878 0 0 0 1 
