#;prob_registration_l1 -r /home/probabilistic_point_clouds_registration/build/tester /home/point_clouds_registration_benchmark//devel/registration_pairs/pioneer_slam_local.txt /home/point_clouds_registration_benchmark//tum/pioneer_slam -s 0.1 -t 0.1 -p 0.3 -r 1000 -m 1 -i 40 
id;initial_error;final_error;transformation
1807261650000;0.252801;0.157981;0.995063 0.0411485 0.0903114 -0.316285 -0.037913 0.998586 -0.0372539 0.215664 -0.0917167 0.033646 0.995217 0.207856 0 0 0 1 
1807261650001;0.370505;0.145702;0.972181 0.114095 0.204563 -0.107942 -0.15331 0.970236 0.187453 0.43365 -0.177087 -0.2136 0.960737 0.876365 0 0 0 1 
1807261650002;0.611698;0.157811;0.999695 0.0238646 0.00637251 0.183421 -0.0237629 0.999596 -0.0155874 -0.522927 -0.00674192 0.0154312 0.999858 0.605226 0 0 0 1 
1807261650003;0.65444;0.16867;0.953457 0.297916 -0.0465298 0.398773 -0.2935 0.952327 0.0832517 1.10269 0.0691136 -0.0657205 0.995442 -0.977309 0 0 0 1 
1807261650004;0.70178;0.170222;0.907683 0.379219 0.179732 0.0955008 -0.353444 0.921711 -0.159767 1.49186 -0.226248 0.0814926 0.970655 1.38062 0 0 0 1 
1807261650005;0.564667;0.138217;0.989912 -0.141576 0.00543968 0.0412515 0.141596 0.989918 -0.00356796 -0.196285 -0.0048797 0.00430221 0.999979 0.746204 0 0 0 1 
1807261650006;0.456118;0.0824468;0.994481 -0.0877343 -0.0575421 -0.451828 0.0786233 0.986304 -0.144994 -0.124888 0.0694749 0.13967 0.987758 -0.682377 0 0 0 1 
1807261650007;0.0911852;0.0539333;0.997551 0.0115288 0.0689863 -0.139551 -0.0126808 0.999787 0.0162844 0.0226819 -0.0687838 -0.0171193 0.997485 0.270202 0 0 0 1 
1807261650008;0.628711;0.307311;0.95878 -0.0326964 0.282262 0.503008 -0.00436048 0.991548 0.12967 -0.243273 -0.284115 -0.125555 0.950534 0.715837 0 0 0 1 
1807261650009;0.268333;0.143031;0.975546 -0.21941 -0.013025 -0.128488 0.219423 0.97563 -0.000448318 -0.749428 0.012806 -0.00242063 0.999915 -0.145416 0 0 0 1 
1807261650010;0.71038;0.164817;0.940105 0.340655 0.0125307 0.16573 -0.340763 0.940118 0.00771451 1.12629 -0.00915238 -0.0115225 0.999892 -0.863895 0 0 0 1 
1807261650011;0.818748;0.225895;0.91055 0.41337 -0.00495124 0.051574 -0.413337 0.910555 0.00649034 1.50746 0.00719128 -0.00386325 0.999967 -0.903044 0 0 0 1 
1807261650012;0.646177;0.0775803;0.999916 -0.00265655 0.0126646 0.108654 0.00327298 0.998798 -0.0489043 -0.610177 -0.0125195 0.0489417 0.998723 -0.680166 0 0 0 1 
1807261650013;0.5425;0.0735875;0.990099 0.0215495 -0.138703 -0.133512 -0.0263394 0.999115 -0.0327909 -0.259059 0.137874 0.0361196 0.989791 -1.18138 0 0 0 1 
1807261650014;0.402811;0.149908;0.948907 0.184779 -0.255798 0.283218 -0.155156 0.979074 0.131683 0.431549 0.274777 -0.0852665 0.95772 -1.37397 0 0 0 1 
1807261650015;0.62098;0.147026;0.891557 -0.408555 0.195469 0.18733 0.403685 0.912513 0.0660118 -1.20962 -0.205338 0.0200548 0.978486 1.30874 0 0 0 1 
1807261650016;0.314215;0.171783;0.991355 0.12373 -0.043658 -0.131879 -0.121569 0.991367 0.0491151 0.551368 0.0493581 -0.0433831 0.997839 0.0155046 0 0 0 1 
1807261650017;0.544853;0.171706;0.95238 0.101609 -0.287486 0.182836 -0.196352 0.925705 -0.323289 0.790962 0.233278 0.364343 0.901574 -1.08538 0 0 0 1 
1807261650018;0.870541;0.16339;0.883411 0.45155 0.125251 0.15371 -0.443966 0.892041 -0.0846047 2.00488 -0.149932 0.0191337 0.988511 1.22578 0 0 0 1 
1807261650019;0.408282;0.166408;0.968768 0.247871 -0.00690315 -0.28664 -0.247812 0.968771 0.00843061 0.652912 0.00877728 -0.00645662 0.999941 0.283527 0 0 0 1 
1807261650020;0.378251;0.175061;0.966318 6.56663e-05 -0.257352 0.0495175 -0.0903674 0.936408 -0.339078 0.234432 0.240964 0.350913 0.904874 -0.917858 0 0 0 1 
1807261650021;0.0584465;0.0800394;0.998695 0.0472383 -0.0194194 -0.0288792 -0.0468842 0.998733 0.0183023 0.0606028 0.0202593 -0.017368 0.999644 -0.0378452 0 0 0 1 
1807261650022;0.492617;0.129063;0.97316 -0.157304 -0.167973 0.0620845 0.144489 0.985758 -0.0860421 -0.512181 0.179116 0.0594626 0.982029 -1.19229 0 0 0 1 
1807261650023;0.436303;0.161474;0.93915 0.341911 0.033082 0.0774432 -0.342792 0.939049 0.0260697 1.28049 -0.0221521 -0.0358236 0.999113 0.17043 0 0 0 1 
1807261650024;0.611538;0.193548;0.99574 -0.0184635 0.0903373 0.0815709 0.024882 0.997205 -0.0704479 0.297562 -0.0887841 0.0723956 0.993416 -0.389473 0 0 0 1 
1807261650025;0.222007;0.130645;0.986249 -0.146118 -0.0772116 -0.27397 0.134655 0.981354 -0.137161 -0.592034 0.0958136 0.124878 0.987535 -0.150483 0 0 0 1 
1807261650026;0.125003;0.0733231;0.997476 -0.030769 -0.0639906 -0.21399 0.0237515 0.993903 -0.10767 -0.117779 0.0669134 0.105878 0.992125 -0.112717 0 0 0 1 
1807261650027;0.446617;0.139283;0.90955 -0.412712 0.048853 0.071901 0.406548 0.907976 0.101478 -1.4488 -0.0862385 -0.0724382 0.993638 0.357915 0 0 0 1 
1807261650028;0.18577;0.165571;0.980811 0.185734 -0.0592727 0.083883 -0.187059 0.982191 -0.0175849 0.319588 0.054951 0.0283349 0.998087 -0.18626 0 0 0 1 
1807261650029;0.503137;0.173902;0.98806 0.0817247 -0.130605 0.144143 -0.109184 0.96952 -0.21934 0.791546 0.108699 0.230981 0.966867 -0.265744 0 0 0 1 
1807261650031;0.869936;0.888648;0.994197 0.107044 0.010697 0.412191 -0.107289 0.979353 0.171339 0.166112 0.00786452 -0.171492 0.985154 -0.829402 0 0 0 1 
1807261650032;0.361529;0.55328;0.935801 0.237777 -0.260266 0.926421 -0.289426 0.939713 -0.182132 0.748294 0.201269 0.245767 0.948203 0.475539 0 0 0 1 
1807261650033;0.495733;0.398492;0.992215 0.105639 0.0659521 0.222695 -0.104746 0.994356 -0.0168552 0.150231 -0.0673604 0.00981579 0.99768 0.0427071 0 0 0 1 
1807261650034;1.09057;1.03496;0.994692 0.0931694 -0.0436675 0.830847 -0.0977715 0.988075 -0.118951 0.911757 0.0320642 0.122589 0.991939 0.869264 0 0 0 1 
1807261650035;0.885672;1.0029;0.988209 0.0890588 -0.124546 0.4896 -0.0775097 0.992484 0.0946933 0.459288 0.132043 -0.0839233 0.987685 0.0302172 0 0 0 1 
1807261650036;0.893017;0.434674;0.988796 0.0299559 0.146237 0.168354 -0.0341663 0.999068 0.0263645 0.321035 -0.145311 -0.0310655 0.988898 0.838635 0 0 0 1 
1807261650037;0.513994;0.775795;0.998857 0.047233 0.00731492 0.357136 -0.0473967 0.998585 0.0241164 0.673762 -0.00616548 -0.0244356 0.999682 -0.377358 0 0 0 1 
1807261650038;0.984234;0.600833;0.921424 0.0674607 0.382658 -0.105609 -0.0299644 0.994217 -0.103123 0.595481 -0.387401 0.0835536 0.918117 -0.153066 0 0 0 1 
1807261650039;0.787771;0.523173;0.987654 0.0360622 0.152441 0.0827439 -0.00534137 0.980328 -0.197304 0.507106 -0.156558 0.194054 0.968418 0.00535238 0 0 0 1 
1807261650040;0.449489;0.374905;0.972248 -0.0216508 0.232947 -0.0424039 0.0257925 0.999559 -0.0147481 0.26044 -0.232525 0.0203471 0.972378 0.6676 0 0 0 1 
1807261650041;0.636202;0.615757;0.997959 0.0625695 -0.0127538 0.492836 -0.0632074 0.996314 -0.0579865 0.932517 0.00907861 0.0586743 0.998236 -0.170188 0 0 0 1 
1807261650042;0.394001;0.406473;0.999679 -0.0242214 -0.00740532 -0.172575 0.0235995 0.996911 -0.0749069 0.265846 0.00919679 0.0747081 0.997163 0.212391 0 0 0 1 
1807261650043;0.493104;0.453559;0.949842 0.204173 0.236884 0.856558 -0.185573 0.977674 -0.0985695 0.855817 -0.251721 0.049666 0.966525 0.448043 0 0 0 1 
1807261650044;0.603128;0.436078;0.997987 -0.0592575 -0.0226004 -0.318081 0.0577796 0.99645 -0.06123 0.10057 0.0261485 0.0598009 0.997868 -0.300373 0 0 0 1 
1807261650045;0.822026;0.530275;0.988955 -0.0787262 -0.125582 -0.0729793 0.115518 0.940259 0.320263 -0.144027 0.0928664 -0.331233 0.938968 -1.73885 0 0 0 1 
1807261650046;0.726796;1.03238;0.9568 -0.290743 0.00138443 -1.02453 0.286201 0.940992 -0.180621 0.190928 0.0512114 0.173214 0.983552 0.87042 0 0 0 1 
1807261650047;0.841796;0.803016;0.982016 0.17543 -0.0697774 0.695391 -0.179416 0.982199 -0.0556376 0.646309 0.0587748 0.0671562 0.99601 0.749568 0 0 0 1 
1807261650048;0.923373;0.531753;0.981948 0.0524847 0.181724 0.259755 -0.079215 0.986531 0.143114 0.641691 -0.171766 -0.154926 0.97288 0.535119 0 0 0 1 
1807261650049;0.894299;0.578323;0.964597 -0.119072 0.235316 -0.519133 0.106268 0.992117 0.0664141 -0.174679 -0.241369 -0.0390565 0.969647 0.599539 0 0 0 1 
1807261650050;0.776112;0.58661;0.941823 -0.258358 0.21499 -1.17933 0.308873 0.917523 -0.250498 0.0446385 -0.13254 0.30233 0.943944 1.32684 0 0 0 1 
1807261650051;0.472646;0.719553;0.972064 -0.17805 0.152939 -0.43836 0.184665 0.982341 -0.0300812 0.364362 -0.144883 0.0574834 0.987778 0.631389 0 0 0 1 
1807261650052;0.367213;0.594104;0.955477 0.282237 0.0860592 0.954895 -0.291005 0.949579 0.116686 0.618737 -0.048787 -0.136534 0.989433 -0.263875 0 0 0 1 
1807261650053;0.543637;0.629988;0.900788 0.037942 -0.432599 0.450469 -0.159405 0.955525 -0.248117 0.885742 0.403945 0.292459 0.866773 0.472701 0 0 0 1 
1807261650054;0.296591;0.538768;0.976236 -0.201804 -0.0789768 -0.550363 0.17482 0.948741 -0.263304 0.213768 0.128064 0.24324 0.961475 0.371272 0 0 0 1 
1807261650055;0.546573;0.855615;0.938759 -0.150434 -0.310001 -0.592896 0.228035 0.945701 0.231624 0.366627 0.258324 -0.28813 0.92209 -0.80506 0 0 0 1 
1807261650056;0.638977;0.439618;0.999394 0.0137758 -0.0319786 0.0291848 -0.0171285 0.994105 -0.107057 0.697883 0.0303153 0.10754 0.993738 0.573528 0 0 0 1 
1807261650057;0.733154;0.466683;0.940863 -0.335345 0.0481718 -1.36047 0.336588 0.90908 -0.245524 -0.163458 0.0385432 0.247218 0.968193 0.58578 0 0 0 1 
1807261650058;1.00454;0.985083;0.957163 0.196189 -0.212951 1.18656 -0.19315 0.980538 0.035195 0.978165 0.215711 0.00744404 0.976429 0.0947806 0 0 0 1 
1807261650059;0.328863;0.524427;0.960693 -0.093573 0.261367 -0.210922 -0.00765279 0.932198 0.361868 0.177244 -0.277507 -0.349644 0.89484 -0.615078 0 0 0 1 
1807261650060;0.479524;0.354255;0.998385 0.0536661 0.0186264 0.0224292 -0.0526589 0.997314 -0.0509039 0.051345 -0.0213082 0.0498409 0.99853 -0.0574836 0 0 0 1 
1807261650062;0.610394;0.307966;0.99473 0.0963027 -0.0351868 0.69493 -0.099369 0.990069 -0.0994411 0.411515 0.0252609 0.102414 0.994421 -0.390964 0 0 0 1 
1807261650063;0.0702684;0.251451;0.999356 -0.0112595 0.0340731 0.111742 0.0142407 0.995969 -0.0885571 0.204339 -0.0329386 0.0889853 0.995488 0.284767 0 0 0 1 
1807261650064;0.431381;0.304838;0.973464 -0.131812 -0.187066 -0.132894 0.104619 0.983365 -0.148487 0.0120717 0.203526 0.124976 0.97106 -0.0828827 0 0 0 1 
1807261650065;0.67345;0.285564;0.983147 0.0250679 -0.181092 0.136468 0.0494285 0.917216 0.395313 0.428875 0.17601 -0.397602 0.900518 -1.71244 0 0 0 1 
1807261650066;0.179936;0.319717;0.990095 -0.140078 -0.00949991 -0.378406 0.138597 0.98595 -0.0932367 0.220265 0.0224269 0.0909965 0.995599 0.362251 0 0 0 1 
1807261650067;0.697139;0.327384;0.909374 -0.412667 -0.0523825 -1.3835 0.413298 0.910595 0.00133139 -0.278374 0.0471498 -0.0228603 0.998626 -0.802797 0 0 0 1 
1807261650068;0.609754;0.327621;0.894735 -0.445984 -0.0233975 -2.02359 0.444048 0.893995 -0.0599491 -0.246923 0.0476536 0.043249 0.997927 0.266729 0 0 0 1 
1807261650069;0.14606;0.287314;0.995478 -0.0878646 -0.0361009 -0.229951 0.0854847 0.994353 -0.0628873 0.204215 0.0414226 0.0595169 0.997367 0.178367 0 0 0 1 
1807261650070;0.531087;0.299288;0.983059 0.0920965 -0.158471 0.834231 -0.0415973 0.954139 0.296459 0.319593 0.178507 -0.284845 0.941806 -1.65054 0 0 0 1 
1807261650071;0.140553;0.314623;0.993134 0.00483077 -0.116881 0.328392 -0.0211093 0.990146 -0.138441 0.404583 0.115061 0.139958 0.983449 0.414039 0 0 0 1 
1807261650072;0.380476;0.324809;0.999889 0.0143993 0.00373343 0.0287823 -0.013879 0.993362 -0.114186 0.145476 -0.00535285 0.114122 0.993452 0.262945 0 0 0 1 
1807261650073;0.531138;0.290233;0.979401 -0.157025 0.126951 -0.147619 0.114712 0.950077 0.290164 -0.160678 -0.166177 -0.269624 0.948519 -0.58135 0 0 0 1 
1807261650074;0.56209;0.315027;0.947845 0.193474 0.253294 0.935653 -0.164984 0.977762 -0.129465 0.855013 -0.27271 0.0809235 0.958687 0.680836 0 0 0 1 
1807261650075;0.57785;0.292588;0.999582 -0.0287827 -0.00278575 0.206349 0.0284978 0.996851 -0.073998 0.850816 0.00490684 0.0738876 0.997255 -0.148252 0 0 0 1 
1807261650076;0.523862;0.343683;0.980394 -0.178839 -0.0827249 -0.703064 0.155149 0.959428 -0.235428 0.440042 0.121472 0.217978 0.968365 1.254 0 0 0 1 
1807261650077;0.611234;0.372591;0.976064 0.206589 0.0679668 0.613725 -0.18022 0.943248 -0.278935 -0.10192 -0.121734 0.26001 0.957902 0.714936 0 0 0 1 
1807261650078;0.330727;0.31837;0.949451 0.0716099 -0.305637 0.73509 -0.0767672 0.997037 -0.00487189 0.33689 0.304383 0.0280885 0.952136 0.299246 0 0 0 1 
1807261650079;0.421945;0.31806;0.949244 -0.0980229 -0.298877 -0.374701 0.04251 0.981463 -0.186878 -0.0600196 0.311655 0.164688 0.935815 0.878831 0 0 0 1 
1807261650080;0.560936;0.322609;0.934008 0.286137 -0.213901 1.51628 -0.347478 0.866711 -0.35787 0.403862 0.0829908 0.408579 0.908942 1.40052 0 0 0 1 
1807261650081;0.503671;0.290818;0.982449 0.109017 0.151361 0.623549 -0.122666 0.988891 0.0839486 0.288403 -0.140528 -0.101042 0.984907 -1.00744 0 0 0 1 
1807261650082;0.722741;0.315623;0.954408 0.298043 -0.0166188 1.28795 -0.297747 0.946534 -0.124175 0.276916 -0.0212792 0.123461 0.992121 -0.337483 0 0 0 1 
1807261650083;0.552134;0.335594;0.997555 -0.0617581 -0.0327229 0.287613 0.0566333 0.98862 -0.139366 -0.259363 0.0409575 0.137172 0.9897 0.203337 0 0 0 1 
1807261650084;0.867721;0.298454;0.925162 0.36777 -0.0939179 2.68285 -0.355346 0.926163 0.126299 0.56894 0.133432 -0.083474 0.987536 -0.664982 0 0 0 1 
1807261650085;0.404997;0.311043;0.977053 -0.161102 -0.13933 -0.417167 0.0834261 0.89134 -0.445592 -0.0380057 0.195976 0.423744 0.884327 1.22594 0 0 0 1 
1807261650086;0.258185;0.319727;0.999125 -0.0407669 0.00933514 0.285381 0.0417652 0.984228 -0.171903 0.307461 -0.00217996 0.172143 0.98507 0.882045 0 0 0 1 
1807261650087;0.211815;0.291188;0.974633 0.222555 0.0236507 1.04295 -0.218166 0.968321 -0.121486 0.331629 -0.0499387 0.113244 0.992311 0.463085 0 0 0 1 
1807261650088;0.669831;0.317398;0.938664 -0.344766 0.00683071 -1.34336 0.322066 0.869439 -0.374633 0.0115487 0.123222 0.353854 0.927148 0.784882 0 0 0 1 
1807261650089;0.143654;0.311056;0.992288 0.0504818 0.113206 0.43847 -0.0487234 0.998646 -0.0182474 0.152613 -0.113973 0.0125909 0.993404 0.154005 0 0 0 1 
1807261650090;0.732491;0.329564;0.987455 0.13846 -0.0759093 0.360251 -0.149094 0.975884 -0.159439 0.971107 0.0520028 0.168756 0.984285 0.744422 0 0 0 1 
1807261650091;0.403612;0.302861;0.975353 0.213263 -0.0566139 1.13452 -0.191799 0.946287 0.260297 0.171936 0.109085 -0.243023 0.963867 -0.674544 0 0 0 1 
1807261650093;1.16071;0.403144;0.899153 0.308841 0.310066 -0.302952 -0.285469 0.950928 -0.119345 0.199144 -0.331709 0.0187955 0.943195 -0.24767 0 0 0 1 
1807261650094;0.696816;0.402403;0.975754 0.210928 -0.0584279 -0.0888803 -0.216878 0.967723 -0.128361 -0.016245 0.0294671 0.13792 0.990005 -0.108739 0 0 0 1 
1807261650095;0.832378;0.217739;0.948658 0.147661 0.279723 0.412838 -0.138816 0.988989 -0.0512879 0.315596 -0.284216 0.00982468 0.95871 -0.0191101 0 0 0 1 
1807261650096;1.24922;0.370146;0.97498 0.217477 0.0460284 0.0894134 -0.169655 0.861772 -0.478086 -0.435902 -0.143639 0.458315 0.877106 0.708004 0 0 0 1 
1807261650097;1.57732;0.35001;0.962055 0.169224 0.21404 0.34861 -0.199697 0.971234 0.129711 0.0597548 -0.185933 -0.167533 0.968174 0.928596 0 0 0 1 
1807261650098;0.431654;0.320827;0.954461 -0.29398 0.0507915 0.0322496 0.298153 0.9459 -0.127979 -0.187716 -0.0104205 0.137294 0.990475 0.26581 0 0 0 1 
1807261650099;1.43162;0.452723;0.978917 -0.203674 -0.0154577 0.678644 0.184403 0.913766 -0.361977 0.272583 0.08785 0.351495 0.932059 0.659995 0 0 0 1 
1807261650100;0.198846;0.270276;0.996743 -0.0605693 -0.0532452 0.194588 0.0678492 0.986702 0.147702 -0.208446 0.043591 -0.150833 0.987598 -0.0664804 0 0 0 1 
1807261650101;0.403364;0.273173;0.996351 -0.0850435 0.0072742 0.178669 0.0853403 0.994094 -0.0670451 -0.166348 -0.00152949 0.0674212 0.997723 -0.175879 0 0 0 1 
1807261650102;0.400187;0.326367;0.997595 -0.0568115 0.0396953 -0.0761048 0.059358 0.996038 -0.0662259 -0.132555 -0.0357756 0.0684229 0.997015 -0.0109476 0 0 0 1 
1807261650103;1.02195;0.452385;0.960447 0.257679 0.105564 0.0735603 -0.264914 0.962325 0.061248 -0.300515 -0.0858045 -0.0867909 0.992525 0.526381 0 0 0 1 
1807261650104;1.18672;0.264689;0.998915 -0.0141029 -0.0443768 -0.015126 0.0203515 0.989416 0.143674 -0.612249 0.0418809 -0.144421 0.98863 -0.626688 0 0 0 1 
1807261650105;1.18857;0.470411;0.99705 0.0508858 0.0574594 -0.344114 -0.0496857 0.99852 -0.022126 -0.500565 -0.0585002 0.0192058 0.998103 0.0986687 0 0 0 1 
1807261650106;0.708535;0.429955;0.999194 -0.0400666 -0.00228463 -0.114115 0.0398537 0.997352 -0.0608373 -0.331923 0.00471612 0.0606972 0.998145 0.200868 0 0 0 1 
1807261650107;0.503291;0.338257;0.995197 0.00296212 -0.0978499 0.154381 0.000369828 0.999421 0.0340159 -0.166741 0.0978941 -0.0338887 0.99462 0.257434 0 0 0 1 
1807261650108;1.52224;0.313773;0.96406 -0.207223 0.166272 0.145641 0.234487 0.957878 -0.165786 0.650365 -0.124914 0.198817 0.972043 -0.285366 0 0 0 1 
1807261650109;0.339127;0.295984;0.929883 -0.127486 0.345058 0.00271568 0.10416 0.990887 0.0853977 -0.11122 -0.352801 -0.0434685 0.934688 0.232595 0 0 0 1 
1807261650110;0.998065;0.168437;0.951423 -0.250004 0.179701 0.0784376 0.223312 0.962145 0.156233 -0.21456 -0.211957 -0.108514 0.971236 -0.523556 0 0 0 1 
1807261650111;0.873902;0.239936;0.976755 0.153198 0.149933 0.175623 -0.15144 0.988196 -0.0231382 -0.412538 -0.151708 -0.000105565 0.988425 0.416537 0 0 0 1 
1807261650112;0.213542;0.243751;0.998211 -0.0520023 -0.0295036 0.142936 0.0555454 0.989179 0.135794 -0.19333 0.0221228 -0.137189 0.990298 -0.147804 0 0 0 1 
1807261650113;1.08553;0.411189;0.975263 -0.220664 0.013026 -0.123749 0.215935 0.938446 -0.269613 -0.662214 0.0472696 0.265756 0.962881 -0.209127 0 0 0 1 
1807261650114;0.757919;0.354645;0.94867 0.314214 -0.0359816 0.2834 -0.308603 0.894771 -0.322721 -0.00250541 -0.0692084 0.31726 0.94581 0.564867 0 0 0 1 
1807261650115;1.40826;0.461778;0.970693 0.236019 -0.0452803 -0.356641 -0.236772 0.971491 -0.0119938 0.359228 0.0411587 0.0223634 0.998902 0.230585 0 0 0 1 
1807261650116;0.547781;0.354511;0.987711 0.121811 0.0979289 0.174762 -0.135026 0.980593 0.142145 -0.187941 -0.0787136 -0.153621 0.98499 0.287738 0 0 0 1 
1807261650117;1.14474;0.32519;0.962573 0.264316 -0.0599172 -0.147591 -0.242711 0.939068 0.2434 0.314369 0.120601 -0.219747 0.968074 -0.407592 0 0 0 1 
1807261650118;1.22447;0.44285;0.933861 0.229389 -0.274379 0.0572659 -0.304974 0.911507 -0.275944 0.138875 0.1868 0.341372 0.921179 -0.529508 0 0 0 1 
1807261650119;1.49971;0.399434;0.994398 0.0903467 -0.0548682 0.146349 -0.0940575 0.993152 -0.0693052 0.470907 0.0482309 0.0740777 0.996085 -0.735602 0 0 0 1 
1807261650120;0.30517;0.3215;0.952181 0.244244 0.183563 0.207422 -0.242473 0.969617 -0.0323833 0.0861068 -0.185895 -0.0136744 0.982474 0.188142 0 0 0 1 
1807261650121;1.42718;0.294712;0.948407 0.285892 0.137075 0.527131 -0.309333 0.929198 0.20225 -0.82938 -0.0695482 -0.234217 0.969693 0.298479 0 0 0 1 
1807261650122;1.45607;0.378745;0.958426 -0.20628 0.197148 -0.0718421 0.247827 0.944228 -0.216832 -0.352488 -0.141425 0.256676 0.956094 -0.665669 0 0 0 1 
1807261650124;1.36594;6.29436;0.443229 0.85417 0.271923 -2.03332 -0.54166 0.0134991 0.84049 -0.191573 0.71425 -0.519819 0.468652 1.92884 0 0 0 1 
1807261650125;0.804333;10.1056;0.432933 -0.8999 -0.0524384 4.44196 -0.765685 -0.397816 0.505439 1.42541 -0.475706 -0.17867 -0.861267 -0.573542 0 0 0 1 
1807261650126;0.880272;9.90512;0.108001 -0.990532 0.0847516 4.7614 0.926009 0.131251 0.353949 0.820926 -0.361722 0.0402538 0.931417 0.309486 0 0 0 1 
1807261650127;1.55898;10.1848;-0.195487 -0.980619 -0.0130997 5.10816 0.980665 -0.195339 -0.0117644 0.7981 0.0089775 -0.0151462 0.999845 -1.11588 0 0 0 1 
1807261650128;0.837192;9.8899;0.0531183 -0.998419 -0.0183668 4.53385 0.993268 0.0509303 0.104044 0.583038 -0.102944 -0.0237698 0.994403 -0.407206 0 0 0 1 
1807261650129;0.284015;10.0809;-0.112725 -0.988804 -0.0977784 5.09423 0.992763 -0.116182 0.0303979 1.00397 -0.0414177 -0.0936441 0.994744 -0.189666 0 0 0 1 
1807261650130;0.193395;6.07964;0.426891 0.873757 0.233049 -2.1619 -0.598444 0.0797563 0.797185 -0.870009 0.677959 -0.479778 0.556943 1.48414 0 0 0 1 
1807261650131;0.6404;6.72358;0.0558776 -0.987151 0.149701 3.33064 0.997984 0.0597418 0.0214374 0.377895 -0.0301054 0.148201 0.988499 -0.297551 0 0 0 1 
1807261650132;1.48669;10.1541;-0.0982555 -0.990446 -0.0967637 5.64399 0.993885 -0.102586 0.0408374 1.46695 -0.0503739 -0.0921595 0.994469 -0.310823 0 0 0 1 
1807261650133;0.878362;9.87838;0.164962 -0.984379 -0.0615344 4.78449 0.983931 0.159924 0.0794017 0.5821 -0.0683205 -0.0736439 0.994942 0.0126557 0 0 0 1 
1807261650134;0.764145;6.16758;0.53695 0.80688 0.246229 -2.3429 -0.68968 0.251774 0.678934 -0.857754 0.485824 -0.534373 0.69168 1.79342 0 0 0 1 
1807261650135;0.938287;10.1226;-0.185356 -0.982152 -0.0319559 5.03493 0.981105 -0.183127 -0.0624362 0.852839 0.0554699 -0.042925 0.997537 0.181213 0 0 0 1 
1807261650136;0.165136;10.0208;0.105248 -0.989799 -0.0960253 4.9913 0.994409 0.105584 0.00158973 0.882267 0.0085652 -0.0956557 0.995378 -0.221266 0 0 0 1 
1807261650137;0.685906;9.91164;0.196984 -0.978422 0.062353 4.77387 0.967267 0.183573 -0.1752 0.850549 0.159973 0.0948235 0.982556 -0.163635 0 0 0 1 
1807261650138;1.14592;10.0096;0.335845 -0.941529 0.0270516 4.92741 0.905569 0.330653 0.265732 0.40312 -0.259139 -0.0647477 0.963667 -0.194712 0 0 0 1 
1807261650139;0.608764;10.2858;-0.16262 -0.974472 -0.154789 5.36464 0.942128 -0.199966 0.269089 0.945642 -0.293172 -0.102072 0.950595 -0.417653 0 0 0 1 
1807261650140;1.51409;10.0409;0.0931398 -0.9914 -0.091932 4.36541 0.990092 0.0824786 0.113646 1.32458 -0.105086 -0.101606 0.989259 -0.00144966 0 0 0 1 
1807261650141;0.713806;6.08872;0.508572 0.775979 0.373111 -2.14443 -0.398491 -0.172007 0.900898 -0.766967 0.763256 -0.606853 0.221743 1.40873 0 0 0 1 
1807261650142;1.81337;10.0948;-0.0985589 -0.983958 -0.148701 4.46976 0.994673 -0.101944 0.0152981 1.01111 -0.0302118 -0.146401 0.988764 0.516585 0 0 0 1 
1807261650143;1.33398;5.95405;0.0613474 -0.968403 0.241727 2.83889 0.995726 0.0426278 -0.0819286 0.468223 0.0690356 0.24572 0.966879 0.0582936 0 0 0 1 
1807261650144;0.523192;10.0256;0.193841 -0.978403 -0.0717856 4.85086 0.932025 0.160826 0.324754 0.876204 -0.306196 -0.129857 0.94307 -0.448136 0 0 0 1 
1807261650145;1.32014;10.0924;-0.122807 -0.984914 -0.121916 5.7572 0.98846 -0.132367 0.0736607 0.876318 -0.0886871 -0.111463 0.989803 0.00700445 0 0 0 1 
1807261650146;0.396214;10.0633;0.327582 -0.935043 0.135588 4.81942 0.941425 0.335185 0.0370192 0.918673 -0.0800617 0.115519 0.990073 -0.230086 0 0 0 1 
1807261650147;1.75836;9.98479;-0.225381 -0.9734 -0.0411794 4.85526 0.971083 -0.227859 0.0712661 0.670528 -0.0787536 -0.0239265 0.996607 -1.15636 0 0 0 1 
1807261650148;1.81564;7.32893;0.218098 -0.966561 0.134878 3.7615 0.974784 0.222438 0.017803 -0.496571 -0.0472098 0.127594 0.990702 0.0810114 0 0 0 1 
1807261650149;1.27562;10.1113;-0.14583 -0.977821 -0.150332 5.43585 0.978981 -0.164532 0.120525 0.670203 -0.142586 -0.129596 0.981262 -0.767287 0 0 0 1 
1807261650150;1.69552;10.0785;-0.0721281 -0.994655 0.0738808 5.16016 0.997392 -0.0717458 0.00781989 0.944845 -0.00247747 0.0742521 0.997236 0.602835 0 0 0 1 
1807261650151;1.06641;10.1264;-0.0633037 -0.983369 -0.170228 5.29506 0.971715 -0.0996183 0.214115 0.721599 -0.227512 -0.151859 0.961861 -0.626672 0 0 0 1 
1807261650152;1.1455;10.0708;-0.0453509 -0.988922 -0.14134 5.30955 0.99892 -0.0463298 0.0036411 0.702302 -0.010149 -0.141023 0.989954 0.239014 0 0 0 1 
1807261650153;0.956413;6.49711;0.173355 -0.973385 0.149895 3.55767 0.981102 0.183964 0.0599663 -0.190939 -0.0859457 0.136667 0.986882 -0.316777 0 0 0 1 
1807261650155;0.606131;0.238944;0.950308 -0.303545 -0.0691032 -0.824745 0.306909 0.950696 0.0445543 -0.311795 0.0521719 -0.0635487 0.996614 -0.62905 0 0 0 1 
1807261650156;0.187806;0.142131;0.998554 -0.0536396 0.0036713 -0.282723 0.0535103 0.998142 0.0291544 -0.183052 -0.00522831 -0.0289157 0.999568 0.104826 0 0 0 1 
1807261650157;0.551788;0.265143;0.956513 -0.281653 0.0758619 -1.30856 0.289257 0.949416 -0.122226 -0.393495 -0.0375992 0.138854 0.989599 0.851932 0 0 0 1 
1807261650158;0.699792;0.153212;0.894166 -0.443263 -0.0631244 -2.22984 0.446515 0.893225 0.0526658 -0.929002 0.0330395 -0.0752779 0.996615 -0.642729 0 0 0 1 
1807261650159;0.309546;0.123437;0.986448 0.129226 -0.101103 0.49053 -0.146918 0.970012 -0.193626 -0.0815759 0.0730492 0.205855 0.975852 0.979206 0 0 0 1 
1807261650160;0.485518;0.162335;0.9142 -0.393398 -0.0973467 -1.79688 0.405212 0.891121 0.204219 -0.795461 0.00640846 -0.226143 0.974073 -0.86929 0 0 0 1 
1807261650161;0.330335;0.14225;0.999458 -0.0315538 -0.00939081 -0.164548 0.0256107 0.924442 -0.380461 -0.324905 0.0206863 0.380015 0.924749 1.24702 0 0 0 1 
1807261650162;0.550603;0.131571;0.934706 0.355422 -0.00072446 0.888569 -0.355231 0.934266 0.0309383 0.0770754 0.011673 -0.0286608 0.999521 -0.151354 0 0 0 1 
1807261650163;0.739956;0.238628;0.959936 0.264332 0.0930167 1.01197 -0.260934 0.964202 -0.047191 -0.861387 -0.102161 0.0210291 0.994546 0.522738 0 0 0 1 
1807261650164;0.228506;0.157329;0.957451 0.119823 0.262547 0.369631 -0.132332 0.990738 0.0304263 -0.179665 -0.256469 -0.063875 0.96444 -0.295601 0 0 0 1 
1807261650165;0.0638727;0.107405;0.999612 0.024819 0.0126142 0.0892084 -0.0249636 0.999623 0.0114389 -0.113303 -0.0123256 -0.0117493 0.999855 0.0408396 0 0 0 1 
1807261650166;0.691573;0.136562;0.940195 -0.338518 -0.0379234 -1.40517 0.340635 0.934597 0.102456 -1.14523 0.000759769 -0.109247 0.994014 -0.0530353 0 0 0 1 
1807261650167;0.645574;0.221971;0.952 -0.0278283 0.304829 0.146457 -0.0407085 0.975502 0.21619 0.167271 -0.303378 -0.218222 0.927546 -1.01475 0 0 0 1 
1807261650168;0.448255;0.158728;0.949369 0.310121 -0.0502258 1.11864 -0.308132 0.887994 -0.341353 -0.32604 -0.0612605 0.339546 0.938592 1.33707 0 0 0 1 
1807261650169;0.539907;0.157604;0.936057 0.350079 -0.0352334 1.09978 -0.339483 0.924936 0.171012 -0.58466 0.0924563 -0.148116 0.984639 -0.958312 0 0 0 1 
1807261650170;0.652735;0.248856;0.95043 0.117159 0.288023 0.697183 -0.129548 0.991276 0.024267 0.0585466 -0.282667 -0.0603768 0.957316 0.389399 0 0 0 1 
1807261650171;0.437786;0.135692;0.939494 0.228295 0.255405 0.574786 -0.284188 0.935717 0.208974 -0.034426 -0.191279 -0.268913 0.94398 -0.667067 0 0 0 1 
1807261650172;0.513271;0.135716;0.936066 0.32111 -0.143767 0.697733 -0.310838 0.946231 0.0895883 -0.505155 0.164805 -0.0391724 0.985548 -0.0810597 0 0 0 1 
1807261650173;0.421662;0.120522;0.927262 -0.108121 -0.358462 -0.409224 0.112164 0.993644 -0.0095644 0.119055 0.357218 -0.0313378 0.933495 -0.457537 0 0 0 1 
1807261650174;0.342158;0.14357;0.992833 0.102681 -0.0611449 0.369465 -0.11792 0.924826 -0.361652 -0.184689 0.0194135 0.366271 0.930306 1.21196 0 0 0 1 
1807261650175;0.695425;0.21202;0.946331 -0.323173 0.00400505 -1.11151 0.322366 0.944711 0.060012 0.273694 -0.0231779 -0.0555002 0.99819 -0.409324 0 0 0 1 
1807261650176;0.628882;0.191789;0.92351 0.38357 0.00164044 1.47219 -0.382889 0.922109 -0.0557819 -0.271478 -0.0229089 0.0508871 0.998442 -0.337572 0 0 0 1 
1807261650177;0.385778;0.115522;0.999892 -0.00606478 -0.0133739 -0.0383513 0.00644493 0.999571 0.0285674 -0.00632307 0.0131949 -0.0286505 0.999502 0.344949 0 0 0 1 
1807261650178;0.865032;0.199575;0.930439 -0.339851 0.13706 -1.20532 0.341832 0.939713 0.00955132 -0.793857 -0.132043 0.0379645 0.990517 1.07272 0 0 0 1 
1807261650179;0.799283;0.131873;0.90646 -0.224416 -0.357726 -1.31096 0.226571 0.973311 -0.0364767 -0.312106 0.356365 -0.0479857 0.933114 0.460457 0 0 0 1 
1807261650180;0.951142;0.158192;0.907227 0.399267 0.132384 1.67189 -0.356558 0.896911 -0.261568 0.0698087 -0.223172 0.190099 0.956063 1.7117 0 0 0 1 
1807261650181;0.58947;0.100187;0.986948 -0.159429 0.0227041 -0.919856 0.157821 0.985612 0.0605184 -0.808483 -0.0320258 -0.0561453 0.997909 -0.0176332 0 0 0 1 
1807261650182;0.51362;0.161508;0.992342 0.0199851 -0.121896 -0.230235 -0.0224036 0.999578 -0.0185025 0.148305 0.121474 0.0210917 0.99237 -0.299194 0 0 0 1 
1807261650183;0.518467;0.187267;0.9554 0.175579 -0.237449 0.886273 -0.191752 0.980335 -0.0466387 0.265391 0.224591 0.0900901 0.97028 0.325698 0 0 0 1 
1807261650184;0.540083;0.119128;0.970419 -0.240568 0.020342 -1.05295 0.238537 0.968393 0.0729101 -0.847942 -0.0372388 -0.0659011 0.997131 -0.51091 0 0 0 1 
1807261650186;0.453969;0.174775;0.998611 -0.0379258 -0.0365737 0.224051 0.0402756 0.997019 0.0658085 0.353838 0.0339689 -0.0671901 0.997162 0.02862 0 0 0 1 
1807261650187;0.217396;0.216987;0.994395 0.082296 -0.0663798 -0.11935 -0.0805629 0.996345 0.028381 0.401074 0.0684729 -0.0228742 0.997391 -0.485342 0 0 0 1 
1807261650188;0.833964;0.204766;0.98038 0.0391816 0.193184 -0.042401 -0.0823161 0.971879 0.220625 0.533448 -0.179107 -0.232199 0.956036 1.31236 0 0 0 1 
1807261650189;0.543168;0.2279;0.840272 0.435595 -0.322801 0.199552 -0.420232 0.899465 0.119868 0.874372 0.342561 0.0349299 0.938846 -1.12227 0 0 0 1 
1807261650190;0.468639;0.203275;0.925981 -0.246388 0.286097 -0.0489591 0.27398 0.959853 -0.0601351 -0.707775 -0.259795 0.134069 0.956312 1.04079 0 0 0 1 
1807261650191;0.203867;0.206807;0.986943 0.121378 0.105881 -0.202347 -0.113706 0.990624 -0.0757329 0.38832 -0.11408 0.0627047 0.991491 0.453988 0 0 0 1 
1807261650192;0.50492;0.228788;0.976404 0.214598 0.0241232 0.578393 -0.207908 0.964361 -0.163649 0.566599 -0.0583823 0.154772 0.986224 0.0347297 0 0 0 1 
1807261650193;0.791638;0.179875;0.977284 -0.209553 -0.0316836 -0.016566 0.209322 0.977791 -0.0104745 -0.404754 0.0331749 0.00360447 0.999443 -1.03799 0 0 0 1 
1807261650194;0.736741;0.216354;0.958679 0.279134 -0.0549488 0.475525 -0.284483 0.942003 -0.178045 0.563323 0.00206339 0.18632 0.982487 -0.677715 0 0 0 1 
1807261650195;0.187863;0.194686;0.971047 0.026742 -0.237386 0.0199328 -0.0122473 0.997981 0.0623259 0.0893479 0.238573 -0.0576141 0.969414 -0.689991 0 0 0 1 
1807261650196;0.587609;0.204382;0.984858 0.168311 -0.0415581 -0.13966 -0.172821 0.972123 -0.15846 0.190112 0.0137291 0.163242 0.98649 0.69644 0 0 0 1 
1807261650197;0.541762;0.209353;0.936655 0.350226 -0.00433296 -0.272275 -0.349965 0.936316 0.0289311 1.37287 0.0141894 -0.025582 0.999572 -0.233033 0 0 0 1 
1807261650198;0.789459;0.238892;0.989788 0.0916769 -0.109156 0.548676 -0.105359 0.986291 -0.127 0.411941 0.0960167 0.137204 0.985878 -0.940377 0 0 0 1 
1807261650199;0.344499;0.190833;0.989878 -0.0748046 -0.120607 0.053581 0.0607386 0.991348 -0.116359 0.0850369 0.128268 0.107855 0.985857 -0.545318 0 0 0 1 
1807261650200;0.665434;0.23764;0.992388 0.123149 -0.000788029 0.262694 -0.123118 0.992247 0.01698 -0.27196 0.00287299 -0.0167537 0.999856 -0.0396078 0 0 0 1 
1807261650201;0.637949;0.208325;0.995653 0.0904258 -0.0223102 -0.765597 -0.0904842 0.995897 -0.00161828 -0.0227002 0.0220724 0.00362997 0.99975 -0.34143 0 0 0 1 
1807261650202;0.360138;0.200626;0.98782 0.155296 -0.00971573 -0.319651 -0.155477 0.987595 -0.0219902 0.515054 0.00618021 0.0232329 0.999711 -0.392601 0 0 0 1 
1807261650203;0.394841;0.184617;0.89429 -0.140153 -0.424974 0.209098 0.17146 0.984529 0.0361192 -0.435422 0.413337 -0.105167 0.904485 -1.19641 0 0 0 1 
1807261650204;0.612524;0.176837;0.998178 -0.0559628 -0.0225516 -0.166005 0.0562764 0.998324 0.0135213 -0.236331 0.0217571 -0.0147658 0.999654 0.682413 0 0 0 1 
1807261650205;0.404722;0.187875;0.854423 0.289611 -0.431378 0.367504 -0.34873 0.935108 -0.0629291 1.11091 0.38516 0.204203 0.899974 -0.947663 0 0 0 1 
1807261650206;0.626556;0.178395;0.95795 -0.283705 -0.042929 -0.6014 0.275948 0.951906 -0.133147 -0.983584 0.0786387 0.115702 0.990166 0.40185 0 0 0 1 
1807261650207;0.542445;0.201421;0.99927 0.0363507 0.0117743 -0.161922 -0.0361267 0.999172 -0.0187118 0.0268064 -0.0124447 0.0182728 0.999756 0.686696 0 0 0 1 
1807261650208;0.417306;0.167322;0.945071 -0.0327479 -0.325221 -0.0852185 -0.0163068 0.989006 -0.146974 0.191412 0.326459 0.144204 0.934147 -1.13535 0 0 0 1 
1807261650209;0.115948;0.194798;0.996945 -0.00588291 -0.0778812 -0.178112 -0.000724464 0.99642 -0.0845402 0.209389 0.0780997 0.0843384 0.993372 -0.182766 0 0 0 1 
1807261650210;0.290494;0.210306;0.956265 0.292045 0.0163285 0.0986324 -0.28037 0.931086 -0.233392 1.06209 -0.0833644 0.218607 0.972246 0.34223 0 0 0 1 
1807261650211;0.634223;0.202244;0.964665 0.214037 -0.153655 0.804006 -0.237666 0.958612 -0.156773 0.859259 0.11374 0.187752 0.975609 -0.310807 0 0 0 1 
1807261650212;0.518398;0.208123;0.908827 0.321867 -0.265396 0.0915692 -0.293785 0.945473 0.140607 1.12142 0.296182 -0.0498184 0.953831 -1.23833 0 0 0 1 
1807261650213;0.562773;0.201799;0.996819 -0.0783528 0.0145809 0.312715 0.0724784 0.967308 0.243026 0.338825 -0.033146 -0.241196 0.96991 -0.148337 0 0 0 1 
1807261650214;0.522212;0.179097;0.920313 -0.388404 -0.0465453 -0.0877185 0.390968 0.909331 0.14234 -1.2746 -0.0129603 -0.149195 0.988723 0.0260922 0 0 0 1 
1807261650215;0.876402;0.193158;0.909348 -0.355138 -0.216708 0.556808 0.344571 0.934807 -0.0860635 -1.38374 0.233145 0.00359052 0.972435 -0.852372 0 0 0 1 
1807261650217;0.532131;1.3633;0.972393 0.0635258 0.224537 -1.15689 -0.122243 0.958308 0.258269 0.0787079 -0.198769 -0.278587 0.939617 -0.93246 0 0 0 1 
1807261650218;0.499155;1.29798;0.99875 -0.0125718 -0.0483743 -1.28444 0.0205738 0.985459 0.168665 0.0589128 0.0455504 -0.16945 0.984486 -0.337008 0 0 0 1 
1807261650219;0.721512;1.44383;0.886516 0.462696 -0.00119808 -0.00132384 -0.458263 0.878374 0.135848 -0.61791 0.0639088 -0.119882 0.990729 -0.791199 0 0 0 1 
1807261650220;0.121853;1.31816;0.966816 0.225653 0.119784 -0.463483 -0.237224 0.966987 0.0930698 -0.0957742 -0.0948282 -0.118397 0.988428 -0.321552 0 0 0 1 
1807261650221;0.995809;1.37702;0.968732 0.2469 0.0244787 -0.717484 -0.247974 0.966745 0.0625575 0.0202629 -0.00821926 -0.0666716 0.997741 -1.03537 0 0 0 1 
1807261650222;1.09618;1.3808;0.9894 0.139049 0.0418678 -0.502291 -0.142965 0.983264 0.112929 -0.515233 -0.0254644 -0.117718 0.992721 -1.16399 0 0 0 1 
1807261650223;0.826304;1.2937;0.999049 -0.00782979 0.0428911 -0.966951 0.00331652 0.99454 0.104303 -0.775021 -0.0434736 -0.104062 0.99362 -0.490033 0 0 0 1 
1807261650224;0.375842;1.39853;0.989744 0.141965 -0.0158989 -0.898056 -0.128506 0.933424 0.334972 -0.526117 0.0623946 -0.329493 0.942094 -1.21699 0 0 0 1 
1807261650225;0.55112;1.58579;0.984197 0.169417 -0.0515244 -0.601736 -0.171069 0.984817 -0.029523 -1.0394 0.0457404 0.0378707 0.998235 0.328519 0 0 0 1 
1807261650226;0.761509;1.18278;0.99723 0.0742897 0.00355795 -0.546721 -0.0743383 0.994102 0.0789672 -0.125467 0.00232948 -0.079013 0.996871 0.19248 0 0 0 1 
1807261650227;0.75985;1.34487;0.999177 0.0398954 0.00738895 -1.09293 -0.040412 0.9948 0.0934874 0.375442 -0.00362081 -0.093709 0.995593 -0.464337 0 0 0 1 
1807261650228;0.464961;1.29607;0.995947 0.0892555 -0.0110919 -0.547247 -0.0866615 0.985298 0.14723 -0.267288 0.0240699 -0.145672 0.98904 -0.649508 0 0 0 1 
1807261650229;0.961907;1.27803;0.964032 0.0822411 0.252743 -0.918125 -0.149307 0.954272 0.258982 0.274083 -0.219887 -0.287404 0.932228 0.0781852 0 0 0 1 
1807261650230;1.24871;1.24259;0.971149 -0.0384719 -0.23535 -1.00061 0.0751097 0.986018 0.148752 -0.542549 0.226337 -0.162137 0.96046 -1.76593 0 0 0 1 
1807261650231;0.35278;1.29052;0.984386 -0.031702 -0.173143 -1.19242 0.012949 0.994025 -0.108384 -0.267806 0.175544 0.104449 0.978915 -0.00689875 0 0 0 1 
1807261650232;0.725754;1.2761;0.971028 -0.111845 -0.211174 -0.940534 0.152864 0.969973 0.189172 -0.657404 0.183675 -0.215972 0.958968 -0.858413 0 0 0 1 
1807261650233;0.807473;1.28828;0.982623 0.135366 0.126993 -0.509933 -0.150479 0.981534 0.118099 0.558356 -0.108661 -0.135156 0.984848 -0.390195 0 0 0 1 
1807261650234;0.330571;1.32041;0.990029 0.13925 -0.0212464 -0.767108 -0.138197 0.989388 0.0448674 -0.182186 0.0272687 -0.0414838 0.998767 0.110311 0 0 0 1 
1807261650235;0.476097;1.32142;0.922808 0.384738 0.0200213 0.0272847 -0.374136 0.882559 0.284802 -0.274271 0.0919043 -0.270308 0.958377 -0.484719 0 0 0 1 
1807261650236;0.451212;1.18846;0.914527 0.0563951 -0.400575 -0.250552 -0.0567902 0.998327 0.0108958 -0.628858 0.400519 0.0127842 0.916199 -0.222208 0 0 0 1 
1807261650237;0.797582;1.33114;0.939052 -0.0148839 0.343452 -1.52974 -0.0676304 0.97154 0.227016 -0.450062 -0.337056 -0.236407 0.91132 -0.820842 0 0 0 1 
1807261650238;1.08583;1.65999;0.972302 0.223042 -0.0698672 -0.0682453 -0.214645 0.970392 0.110758 -0.950335 0.0925024 -0.092694 0.991388 0.55031 0 0 0 1 
1807261650239;1.02135;1.51064;0.939084 0.284982 0.192112 -0.0984293 -0.265759 0.956556 -0.119886 -0.610674 -0.217931 0.0615277 0.974023 -0.175375 0 0 0 1 
1807261650240;0.859825;1.36067;0.955312 0.294108 0.0296463 -0.435037 -0.295516 0.952594 0.0723534 0.315855 -0.00696119 -0.0778811 0.996938 0.452687 0 0 0 1 
1807261650241;0.991567;1.34602;0.993507 0.00148478 0.113759 -0.467357 -0.0407844 0.938104 0.343943 -0.769202 -0.106207 -0.34635 0.932074 -0.71685 0 0 0 1 
1807261650242;0.558163;1.38513;0.91029 0.396695 -0.11834 0.39054 -0.360244 0.899931 0.24566 -0.111413 0.20395 -0.18099 0.962105 -1.07598 0 0 0 1 
1807261650243;0.371812;1.3762;0.862051 0.425703 0.275036 0.209962 -0.506556 0.74127 0.440363 -0.426227 -0.0164124 -0.518936 0.854655 -1.41152 0 0 0 1 
1807261650244;0.711238;1.33482;0.983247 0.176354 -0.0461001 -0.841733 -0.178956 0.982012 -0.060226 -0.244277 0.0346498 0.0674669 0.99712 -0.403392 0 0 0 1 
1807261650245;0.732714;1.19384;0.988551 -0.125244 -0.0841487 -1.5091 0.10596 0.973263 -0.203791 0.0282138 0.107423 0.192541 0.975391 0.0711377 0 0 0 1 
1807261650246;1.2033;1.56507;0.959646 0.227412 0.165418 -0.0837542 -0.248509 0.961122 0.120364 -0.646349 -0.131615 -0.156615 0.978851 0.714419 0 0 0 1 
1807261650248;0.419559;1.59324;0.958059 0.286351 -0.0112063 -0.7592 -0.286355 0.958123 0.0013117 -0.454917 0.0111126 0.00195228 0.999936 -0.00728466 0 0 0 1 
1807261650249;0.496114;1.48395;0.892091 0.442278 -0.0925417 -0.310447 -0.447725 0.892829 -0.0489712 -0.604307 0.060965 0.0851199 0.994504 0.537254 0 0 0 1 
1807261650250;0.34812;1.52321;0.938082 0.327275 -0.113551 -0.329496 -0.335587 0.939865 -0.0635278 -0.297044 0.0859312 0.0977004 0.991499 0.594181 0 0 0 1 
1807261650251;0.451728;1.69811;0.795907 0.592484 -0.124477 0.253387 -0.59934 0.800145 -0.0236639 -0.553104 0.0855789 0.0934381 0.99194 0.534365 0 0 0 1 
1807261650252;0.33029;1.48181;0.895679 0.111223 -0.430568 -1.26714 -0.155764 0.985347 -0.0694942 0.126612 0.416529 0.129312 0.899879 0.677218 0 0 0 1 
1807261650253;0.249687;1.61411;0.963751 0.266592 0.010574 -0.943934 -0.266733 0.963644 0.0156151 0.0220274 -0.00602671 -0.0178695 0.999822 -0.432888 0 0 0 1 
1807261650254;0.24129;1.64504;0.905099 0.424792 -0.0186641 -0.413042 -0.422035 0.892146 -0.161128 -0.127498 -0.0517946 0.153713 0.986757 0.661259 0 0 0 1 
1807261650255;0.565737;1.49219;0.90322 0.412881 0.117148 -0.32969 -0.330822 0.843674 -0.422813 -0.564321 -0.273406 0.343138 0.898613 1.92915 0 0 0 1 
1807261650256;0.73595;1.54509;0.761416 0.510604 0.399411 0.0963693 -0.553477 0.83281 -0.00953831 -0.186656 -0.337503 -0.213802 0.916722 -1.5929 0 0 0 1 
1807261650257;0.0754684;1.5808;0.928937 0.370024 -0.0125499 -0.434247 -0.369092 0.928195 0.0471687 -0.0401146 0.0291023 -0.0391847 0.998808 -0.236934 0 0 0 1 
1807261650258;0.796962;1.65672;0.882381 0.470522 -0.00348773 0.600797 -0.468086 0.878519 0.0953985 0.415301 0.0479512 -0.0825453 0.995433 -0.199303 0 0 0 1 
1807261650259;0.200045;1.59724;0.945252 0.325935 0.0162877 -0.515808 -0.326334 0.944381 0.0406246 0.164221 -0.00214084 -0.0437157 0.999042 -0.142956 0 0 0 1 
1807261650260;0.602384;1.411;0.974428 0.208817 -0.0829801 -0.920739 -0.168003 0.922291 0.348073 0.00208806 0.149215 -0.325231 0.933788 -0.705846 0 0 0 1 
1807261650261;0.61809;1.44365;0.920464 0.22256 -0.321267 -0.754599 -0.184378 0.972078 0.145152 0.0202999 0.344601 -0.0743733 0.935798 0.304848 0 0 0 1 
1807261650262;0.377489;1.50923;0.989762 0.0479884 0.13442 -1.75888 -0.017318 0.975203 -0.220635 0.109782 -0.141675 0.216048 0.966049 0.883063 0 0 0 1 
1807261650263;0.214707;1.6115;0.996466 0.074536 -0.0387187 -1.73549 -0.0720926 0.995526 0.0610718 0.0947113 0.0430975 -0.0580647 0.997382 -0.3126 0 0 0 1 
