#;prob_registration_l1 -r /home/probabilistic_point_clouds_registration/build/tester /home/point_clouds_registration_benchmark//devel/registration_pairs/pioneer_slam3_local.txt /home/point_clouds_registration_benchmark//tum/pioneer_slam3 -s 0.1 -t 0.1 -p 0.3 -r 1000 -m 1 -i 40 
id;initial_error;final_error;transformation
39885980090000;0.518509;0.0857141;0.981035 0.176454 -0.080221 -0.108099 -0.162573 0.974415 0.155192 0.33737 0.105553 -0.139207 0.984622 -0.414334 0 0 0 1 
39885980090001;1.1366;0.135544;0.995211 0.0808544 -0.0549267 0.500671 -0.0772054 0.994855 0.0655931 -0.341146 0.0599476 -0.0610384 0.996334 0.295708 0 0 0 1 
39885980090002;0.639436;0.150189;0.986597 0.162689 -0.0125794 0.219752 -0.162235 0.969737 -0.182453 0.430456 -0.0174844 0.182049 0.983134 -0.0982866 0 0 0 1 
39885980090003;0.346141;0.191652;0.956825 -0.0999493 -0.272941 0.248564 0.0174352 0.957064 -0.28935 -0.146268 0.290142 0.272099 0.917486 -0.808987 0 0 0 1 
39885980090004;1.0895;0.404688;0.956878 -0.223393 -0.18569 0.084819 0.18217 0.959377 -0.215432 -0.0324572 0.226273 0.172314 0.958701 -1.04591 0 0 0 1 
39885980090005;0.90722;0.331365;0.998206 0.0587852 -0.0113728 0.265599 -0.0590848 0.997857 -0.0281006 0.310899 0.0096965 0.0287221 0.99954 -0.400759 0 0 0 1 
39885980090006;0.367469;0.115806;0.97708 0.0271958 -0.211129 -0.00676175 -0.0665272 0.981138 -0.181498 0.0962795 0.202211 0.191384 0.96046 -0.943244 0 0 0 1 
39885980090007;0.500039;0.149635;0.968264 -0.235273 0.0843257 0.427733 0.249723 0.924404 -0.288299 -0.809342 -0.010122 0.300208 0.95382 -0.26726 0 0 0 1 
39885980090008;1.30544;0.403063;0.981102 0.0767322 -0.177624 0.173691 -0.0845559 0.995736 -0.0368925 0.677402 0.174036 0.0512144 0.983407 -1.0983 0 0 0 1 
39885980090009;1.07285;0.209902;0.989971 -0.13908 -0.0247909 -0.354043 0.139684 0.989891 0.0245678 -0.914232 0.0211234 -0.0277843 0.999391 0.0338556 0 0 0 1 
39885980090010;0.993349;0.162203;0.944621 0.326703 -0.0309131 0.176819 -0.327561 0.944397 -0.0285864 1.10063 0.019855 0.0371293 0.999113 0.278157 0 0 0 1 
39885980090011;1.19076;0.336493;0.997984 0.0185115 0.0607083 -0.366116 -0.00409443 0.973306 -0.229477 0.486346 -0.0633356 0.228765 0.971419 -0.606418 0 0 0 1 
39885980090012;1.08018;0.125756;0.929885 0.347668 -0.120169 0.098583 -0.356782 0.931956 -0.0645368 0.639477 0.0895551 0.102886 0.990653 -0.966645 0 0 0 1 
39885980090013;0.734434;0.246398;0.982784 0.170793 -0.0704731 -0.255368 -0.181652 0.962877 -0.199677 0.38879 0.0337534 0.209041 0.977324 0.139392 0 0 0 1 
39885980090014;1.32795;0.144674;0.927705 0.124881 -0.351806 0.756248 -0.0379229 0.969039 0.24398 0.194694 0.371382 -0.213 0.903718 -1.1126 0 0 0 1 
39885980090015;0.724355;0.254322;0.99961 -0.0112026 0.0255856 0.00398741 0.0104502 0.999514 0.0293563 -0.173366 -0.0259021 -0.0290775 0.999242 -0.459524 0 0 0 1 
39885980090016;0.348273;0.098828;0.98112 0.031513 -0.190817 0.0351256 0.0157535 0.970336 0.241248 -0.0759472 0.192759 -0.239699 0.951519 -0.357807 0 0 0 1 
39885980090017;0.847163;0.284911;0.974622 -0.223493 -0.0127335 0.589372 0.217335 0.958332 -0.185379 -0.394932 0.0536339 0.177907 0.982585 -0.788374 0 0 0 1 
39885980090018;0.98085;0.430917;0.989251 -0.0720616 -0.127239 -0.111854 0.0560027 0.990504 -0.125563 -0.000187615 0.135079 0.117088 0.983892 0.0595748 0 0 0 1 
39885980090019;1.01873;0.169169;0.958781 0.278008 0.0587465 -0.617763 -0.281433 0.957614 0.0614113 0.45651 -0.0391836 -0.0754131 0.996382 0.820338 0 0 0 1 
39885980090020;0.349842;0.110465;0.940929 0.307806 0.141095 -0.330073 -0.278844 0.940781 -0.192815 0.764313 -0.192089 0.142082 0.971038 0.339562 0 0 0 1 
39885980090021;0.142777;0.0509436;0.977716 0.010392 -0.209673 0.0263809 -0.0266903 0.996822 -0.0750526 0.0479734 0.208227 0.0789764 0.974887 -0.530968 0 0 0 1 
39885980090022;0.343863;0.112638;0.968331 0.21942 0.119123 -0.174489 -0.215395 0.975451 -0.0458363 0.495176 -0.126256 0.0187261 0.991821 0.452552 0 0 0 1 
39885980090023;0.973502;0.117195;0.943217 -0.0715074 -0.324391 0.858288 0.13516 0.974678 0.178144 -0.49978 0.303438 -0.211873 0.928997 -0.510766 0 0 0 1 
39885980090024;1.13358;0.183852;0.98715 0.157656 0.026046 -0.212624 -0.157067 0.987313 -0.0233145 0.112094 -0.0293912 0.018924 0.999389 -0.814624 0 0 0 1 
39885980090025;0.64818;0.169589;0.968881 -0.247521 0.00172357 0.45123 0.247406 0.968162 -0.0381073 -1.01047 0.00776369 0.0373479 0.999272 0.197114 0 0 0 1 
39885980090026;1.25567;0.390484;0.961711 -0.256819 0.0956851 0.399896 0.231427 0.948012 0.218438 -0.762317 -0.14681 -0.18793 0.971148 1.52337 0 0 0 1 
39885980090027;0.709211;0.316869;0.996285 0.07958 0.0329168 -0.0985958 -0.080164 0.99664 0.0168192 0.307381 -0.0314677 -0.0193955 0.999317 0.489285 0 0 0 1 
39885980090028;1.02062;0.252453;0.998741 0.047057 0.0173925 0.264889 -0.0477612 0.997951 0.042578 0.361279 -0.0153532 -0.0433551 0.998942 0.619031 0 0 0 1 
39885980090029;0.737875;0.146352;0.925558 0.375804 -0.0459707 -0.227967 -0.356902 0.906565 0.225301 0.816429 0.126344 -0.192122 0.973204 0.41479 0 0 0 1 
39885980090031;0.500388;0.497789;0.927536 -0.264927 -0.263609 0.0291184 0.2664 0.963369 -0.0308271 -0.173741 0.26212 -0.0416325 0.964137 -1.38596 0 0 0 1 
39885980090032;0.490152;0.703203;0.712751 -0.695351 -0.0920467 0.150152 0.688625 0.718649 -0.0966387 -1.73565 0.133347 0.00549365 0.991054 -0.404218 0 0 0 1 
39885980090033;0.259006;0.571715;0.779853 -0.597091 -0.187915 0.0401322 0.582211 0.802151 -0.132605 -1.20922 0.229914 -0.00599385 0.973193 -0.708268 0 0 0 1 
39885980090034;0.13399;0.519444;0.889034 -0.456869 -0.0298171 -0.186764 0.447955 0.881452 -0.149595 -0.92809 0.0946277 0.119638 0.988298 -0.205114 0 0 0 1 
39885980090035;0.310003;0.529785;0.973255 -0.229693 -0.00397337 -0.0148263 0.214292 0.913962 -0.344605 -0.0792896 0.0827848 0.334537 0.938739 0.364689 0 0 0 1 
39885980090036;0.791909;0.522427;0.819794 -0.353573 -0.45047 1.22278 0.379667 0.924473 -0.0346743 -0.516907 0.428707 -0.142603 0.892118 -1.88207 0 0 0 1 
39885980090037;0.326129;0.546355;0.929543 -0.365392 0.0493867 -0.462267 0.368611 0.924087 -0.100939 -0.753724 -0.00875532 0.112031 0.993666 0.416732 0 0 0 1 
39885980090038;0.582863;0.594778;0.924273 -0.38079 0.0267961 -0.542167 0.381307 0.91766 -0.111825 -1.14022 0.0179922 0.113574 0.993367 -0.038282 0 0 0 1 
39885980090039;0.172583;0.549434;0.920298 -0.390823 0.0175614 -0.245588 0.390528 0.915088 -0.100505 -0.660744 0.0232095 0.099353 0.994782 0.217568 0 0 0 1 
39885980090040;0.259945;0.510382;0.929292 -0.368854 0.0190559 -0.163607 0.363207 0.921997 0.134168 -0.375549 -0.0670579 -0.11776 0.990775 -0.031411 0 0 0 1 
39885980090041;0.477445;0.623663;0.835531 -0.546592 0.0558932 -0.0241122 0.548376 0.835919 -0.0228718 -1.55018 -0.0342207 0.0497606 0.998175 -0.129615 0 0 0 1 
39885980090042;0.418217;0.498353;0.994782 -0.0962242 0.0339162 0.0749302 0.0985684 0.992222 -0.0760191 0.475208 -0.0263375 0.0789655 0.996529 0.475709 0 0 0 1 
39885980090043;0.341309;0.564974;0.823221 -0.536846 -0.184669 0.0364516 0.560471 0.820328 0.113729 -1.43907 0.0904341 -0.197125 0.976198 -0.656717 0 0 0 1 
39885980090044;0.352045;0.540657;0.827333 -0.509887 0.235659 -0.134225 0.453055 0.853739 0.256655 -1.06394 -0.332056 -0.105572 0.937333 0.508492 0 0 0 1 
39885980090045;0.207777;0.571072;0.811963 -0.559141 0.167565 -0.218951 0.565021 0.824944 0.0148243 -1.29454 -0.14652 0.0826409 0.98575 0.55129 0 0 0 1 
39885980090046;0.379302;0.502447;0.940241 -0.0709249 0.333042 0.225431 0.162874 0.952599 -0.256959 0.022469 -0.29903 0.295847 0.907224 1.09917 0 0 0 1 
39885980090047;0.227046;0.512734;0.939672 -0.272362 0.206969 0.0535812 0.263772 0.962144 0.0685763 -0.308209 -0.217812 -0.00984664 0.975941 0.295064 0 0 0 1 
39885980090048;0.266999;0.531321;0.926137 -0.309411 0.215719 0.13652 0.351832 0.914799 -0.198388 -0.482502 -0.135956 0.259631 0.95609 1.08208 0 0 0 1 
39885980090049;0.523967;0.498287;0.913091 -0.350679 0.20806 0.229235 0.293965 0.919744 0.260108 -0.452555 -0.282576 -0.17634 0.942897 1.05515 0 0 0 1 
39885980090050;0.207409;0.547493;0.871002 -0.491275 0.00197801 -0.108288 0.489936 0.868316 -0.0774006 -1.23928 0.0363075 0.0683852 0.996998 0.0384055 0 0 0 1 
39885980090051;0.499446;0.555868;0.936814 -0.304943 0.171436 0.114233 0.332423 0.928635 -0.164714 -0.0581803 -0.108973 0.211296 0.971328 0.10725 0 0 0 1 
39885980090052;0.316512;0.490212;0.958663 -0.228026 0.170207 -0.26396 0.259338 0.94633 -0.192884 -0.105487 -0.117089 0.229052 0.966346 0.441672 0 0 0 1 
39885980090053;0.450592;0.537856;0.864803 -0.497607 0.0671006 -0.300145 0.502097 0.858017 -0.108193 -0.879807 -0.00373605 0.127256 0.991863 -0.392756 0 0 0 1 
39885980090054;0.48513;0.606339;0.801612 -0.570097 -0.180023 0.0310097 0.597836 0.76276 0.246556 -1.52729 -0.00324632 -0.305266 0.952262 -0.668648 0 0 0 1 
39885980090055;0.127893;0.561742;0.846448 -0.5322 0.016999 -0.0693656 0.528664 0.836157 -0.146137 -1.07611 0.0635604 0.132684 0.989118 0.135306 0 0 0 1 
39885980090056;0.526201;0.594446;0.754949 -0.654078 -0.0472599 0.0877681 0.655718 0.751895 0.0684682 -1.42049 -0.00924909 -0.0826792 0.996533 0.44995 0 0 0 1 
39885980090057;0.593626;0.524961;0.886451 -0.35018 -0.302619 0.716467 0.413183 0.893371 0.176546 -0.652246 0.208528 -0.281536 0.936618 -0.646672 0 0 0 1 
39885980090058;0.12749;0.479667;0.948915 -0.284959 -0.135497 -0.0215159 0.262945 0.951513 -0.159631 -0.306818 0.174415 0.115848 0.977834 -0.252413 0 0 0 1 
39885980090059;0.597495;0.566056;0.842474 -0.502512 -0.194213 -0.188177 0.395884 0.82196 -0.40946 -1.02005 0.365394 0.268074 0.891417 0.288978 0 0 0 1 
39885980090060;0.466612;0.594067;0.814419 -0.569169 0.112997 -0.0601706 0.576337 0.770749 -0.271628 -1.16538 0.0675103 0.286343 0.955746 0.828922 0 0 0 1 
39885980090062;0.722072;0.616111;0.964171 -0.218822 -0.149974 -0.0506729 0.227307 0.972927 0.0417701 -0.872029 0.136773 -0.0743635 0.987807 -0.230694 0 0 0 1 
39885980090063;0.21414;0.124106;0.998262 0.0418189 0.0415123 -0.0700808 -0.0223735 0.920745 -0.389522 0.119658 -0.0545116 0.387916 0.920081 -0.351981 0 0 0 1 
39885980090064;0.937509;0.205455;0.994813 0.10158 0.00541771 -0.688553 -0.0992746 0.981097 -0.166113 0.0557419 -0.022189 0.164713 0.986092 -0.68898 0 0 0 1 
39885980090065;0.614008;0.229075;0.93842 0.202061 0.28025 -0.262152 -0.113819 0.946671 -0.301428 0.5835 -0.326211 0.250968 0.911373 0.432581 0 0 0 1 
39885980090066;0.857809;0.174281;0.997798 0.0564518 0.0348113 -0.0165736 -0.0538428 0.995964 -0.0718068 -0.333043 -0.0387244 0.0697744 0.996811 0.611407 0 0 0 1 
39885980090067;0.711929;0.247504;0.98759 0.0987383 -0.122133 0.410345 -0.108914 0.990855 -0.0796438 0.190014 0.113152 0.0919574 0.989313 -0.546655 0 0 0 1 
39885980090068;0.589386;0.171011;0.9999 -0.013556 0.00412089 0.0321013 0.0134592 0.999652 0.0226754 -0.0466122 -0.00442684 -0.0226177 0.999734 0.511578 0 0 0 1 
39885980090069;0.410197;0.210512;0.998815 0.0147219 -0.0463788 0.0290307 -0.0128751 0.999122 0.0398702 -0.00734761 0.046925 -0.0392258 0.998128 -0.347104 0 0 0 1 
39885980090070;0.483885;0.142096;0.933933 0.116072 0.338078 -0.291344 -0.129186 0.991484 0.0164677 0.184846 -0.333287 -0.0590546 0.940974 1.08909 0 0 0 1 
39885980090071;0.64931;0.61632;0.977349 -0.0994559 -0.186811 0.0934096 0.039298 0.952633 -0.301573 -0.074516 0.207955 0.287401 0.934963 -0.802835 0 0 0 1 
39885980090072;0.398606;0.319403;0.97078 -0.239868 -0.00699506 0.274966 0.232998 0.935199 0.266674 -0.924913 -0.0574248 -0.260512 0.963761 0.469467 0 0 0 1 
39885980090073;0.928997;0.547222;0.955783 0.123671 -0.266806 0.0424367 -0.105763 0.991125 0.0805316 0.60164 0.274397 -0.0487524 0.96038 -0.401263 0 0 0 1 
39885980090074;0.42064;0.562846;0.90503 -0.00241989 0.425342 -0.116493 0.0260332 0.998424 -0.0497123 -0.16293 -0.424551 0.0560641 0.903666 1.12028 0 0 0 1 
39885980090075;0.428471;0.256722;0.921155 0.202095 0.332613 -0.259729 -0.257116 0.957562 0.130256 0.723845 -0.292174 -0.205506 0.934025 1.1492 0 0 0 1 
39885980090076;0.878954;0.139951;0.993288 0.0271091 0.112449 0.550056 -0.0310164 0.998969 0.0331444 -0.0259964 -0.111435 -0.0364097 0.993105 0.728785 0 0 0 1 
39885980090077;0.395145;0.178617;0.9167 0.39107 -0.0820114 -0.348163 -0.399441 0.90223 -0.162566 1.06427 0.0104184 0.181783 0.983283 -0.256513 0 0 0 1 
39885980090078;1.1758;0.257912;0.999617 0.00578026 0.0270643 -0.133801 -0.00557113 0.999954 -0.00779622 -0.191901 -0.0271081 0.00764246 0.999603 -0.925102 0 0 0 1 
39885980090079;1.02505;0.67106;0.956232 0.0478979 -0.288663 -0.245326 -0.110743 0.97237 -0.205505 0.35447 0.270844 0.228478 0.935116 -0.536264 0 0 0 1 
39885980090080;0.475546;0.107455;0.999908 0.0135559 -0.00102625 -0.00269715 -0.0135393 0.9998 0.0147024 -0.0632325 0.00122535 -0.0146872 0.999891 -0.376032 0 0 0 1 
39885980090081;0.321616;0.164655;0.943305 0.0297273 0.330594 0.0938131 -0.0374484 0.999154 0.0170092 -0.00309893 -0.329809 -0.0284251 0.94362 1.00661 0 0 0 1 
39885980090082;1.0641;0.392007;0.971002 0.0720873 0.227942 -0.440811 -0.0828029 0.995849 0.0377891 0.112787 -0.224272 -0.0555676 0.972941 -0.0379591 0 0 0 1 
39885980090083;0.893927;0.149148;0.95247 -0.0482383 0.300789 -0.241332 -0.065916 0.931357 0.358092 -0.344282 -0.297415 -0.360899 0.88391 0.802947 0 0 0 1 
39885980090084;0.543877;0.0892226;0.95799 0.254689 -0.131867 -0.0216259 -0.269698 0.956397 -0.112109 0.391939 0.0975644 0.142964 0.984907 -0.341886 0 0 0 1 
39885980090085;0.738131;0.358444;0.87408 0.1297 0.468148 0.3185 -0.157255 0.987354 0.0200657 0.167144 -0.459625 -0.0911574 0.883422 0.996693 0 0 0 1 
39885980090086;0.60161;0.151017;0.998777 0.0493486 0.00303912 -0.0955742 -0.049442 0.997033 0.0589968 0.0454325 -0.000118691 -0.0590749 0.998254 0.569442 0 0 0 1 
39885980090087;0.217577;0.119438;0.998943 0.0332779 -0.0317171 -0.179022 -0.0317742 0.998399 0.0467916 -0.100007 0.0332234 -0.0457344 0.998401 -0.114732 0 0 0 1 
39885980090088;0.201974;0.225436;0.998069 -0.0356044 0.0509005 0.0480058 0.0443428 0.982218 -0.182431 -0.204961 -0.0435001 0.184335 0.9819 -0.195547 0 0 0 1 
39885980090089;0.645809;0.142645;0.898797 0.203302 -0.38837 0.132393 -0.141828 0.973166 0.181199 0.265465 0.414787 -0.10778 0.903513 -1.33691 0 0 0 1 
39885980090090;0.450371;0.139316;0.919934 0.292518 0.261064 -0.348114 -0.301118 0.953559 -0.00737235 0.881405 -0.251096 -0.0718288 0.965293 0.897024 0 0 0 1 
39885980090091;0.498519;0.0791398;0.98745 0.141396 -0.0703589 -0.058884 -0.132208 0.983746 0.12151 0.235075 0.0863964 -0.110683 0.990093 0.288827 0 0 0 1 
39885980090093;0.227552;0.358844;0.980679 0.0342422 0.192605 -0.313782 -0.0360685 0.999331 0.00598275 0.436279 -0.192271 -0.0128141 0.981258 0.289899 0 0 0 1 
39885980090094;0.336698;0.337554;0.973093 -0.185321 0.136917 0.366023 0.194389 0.979324 -0.0560158 0.0877171 -0.123705 0.0811237 0.988997 -0.305451 0 0 0 1 
39885980090095;0.148785;0.30705;0.98702 0.0029308 -0.160569 -0.200989 -0.0173788 0.995911 -0.08865 0.335146 0.159653 0.0902898 0.983035 -0.320832 0 0 0 1 
39885980090096;0.662123;0.445409;0.972706 0.111385 -0.203561 -0.143163 -0.0608006 0.968951 0.239661 0.260669 0.223936 -0.220743 0.949276 -0.0178267 0 0 0 1 
39885980090097;0.657715;0.484412;0.968724 0.044358 0.244143 -0.307468 -0.0532908 0.998125 0.0301024 -0.276078 -0.24235 -0.0421715 0.969272 0.112314 0 0 0 1 
39885980090098;0.630821;0.399917;0.998829 0.0433686 -0.0214543 -0.419639 -0.0481466 0.934837 -0.351798 0.25204 0.00479928 0.352419 0.93583 -0.493917 0 0 0 1 
39885980090099;0.628543;0.419706;0.940713 -0.196586 0.276428 0.516969 0.212573 0.976721 -0.0287973 0.732544 -0.264332 0.0858511 0.960603 0.361741 0 0 0 1 
39885980090100;0.425699;0.452969;0.942345 0.303557 0.140853 -1.39652 -0.269748 0.938134 -0.217118 1.1779 -0.198047 0.166605 0.96593 -0.706753 0 0 0 1 
39885980090101;0.696606;0.398435;0.995973 -0.0779037 -0.0443778 0.0351303 0.084171 0.98294 0.163537 -0.316077 0.0308805 -0.166614 0.985539 0.919741 0 0 0 1 
39885980090102;0.122477;0.298421;0.997908 0.0639804 0.00931945 -0.49362 -0.0637694 0.997735 -0.0214061 0.446277 -0.0106679 0.020767 0.999727 -0.0189713 0 0 0 1 
39885980090103;0.717527;0.352012;0.890998 0.413491 0.18748 -2.33235 -0.387975 0.907923 -0.158591 0.836459 -0.235793 0.0685661 0.969381 0.0728169 0 0 0 1 
39885980090104;0.685443;0.528452;0.975829 0.218531 0.00148065 -0.970766 -0.218531 0.97583 -3.27334e-05 -0.197538 -0.00145202 -0.000291625 0.999999 -0.294191 0 0 0 1 
39885980090105;0.47354;0.463375;0.982707 0.1836 0.024042 -0.979982 -0.183128 0.982874 -0.0205753 -0.0210906 -0.0274079 0.0158168 0.999499 -0.0593522 0 0 0 1 
39885980090106;0.459683;0.361959;0.947422 0.201708 -0.248407 -0.739613 -0.184201 0.978568 0.0920605 0.678226 0.261652 -0.0414633 0.964271 -0.597622 0 0 0 1 
39885980090107;0.891834;0.332074;0.929165 -0.357114 0.0955057 0.431027 0.359369 0.93317 -0.00695789 -0.428747 -0.0866382 0.0407868 0.995405 -0.0550318 0 0 0 1 
39885980090108;0.424446;0.342329;0.894465 -0.17943 0.409558 0.257897 0.149708 0.983265 0.103814 0.287883 -0.421331 -0.0315437 0.906358 0.343176 0 0 0 1 
39885980090109;0.495711;0.419728;0.938688 0.344688 -0.00740821 -1.60694 -0.344707 0.93871 -0.0013129 1.28922 0.00650162 0.00378607 0.999972 0.182613 0 0 0 1 
39885980090110;0.968235;0.578469;0.863976 0.441603 0.241935 -1.79778 -0.477194 0.871441 0.113473 1.45243 -0.160722 -0.213488 0.963634 1.81001 0 0 0 1 
39885980090111;0.425117;0.341641;0.996201 0.0860597 0.0132904 -0.543681 -0.0858206 0.996155 -0.0176232 0.566119 -0.014756 0.0164157 0.999756 0.450819 0 0 0 1 
39885980090112;0.465914;0.53711;0.880535 0.467894 -0.0757159 -2.04261 -0.467976 0.832869 -0.295514 1.56064 -0.0752075 0.295643 0.952333 -1.06282 0 0 0 1 
39885980090113;0.34947;0.31494;0.989737 0.136768 0.0414111 -0.765421 -0.142778 0.934475 0.326145 0.776606 0.0059085 -0.32871 0.944412 1.38692 0 0 0 1 
39885980090114;0.0961654;0.303609;0.993587 0.103085 -0.0464551 -0.581223 -0.103803 0.994509 -0.0133096 0.470937 0.044828 0.0180464 0.998832 -0.220318 0 0 0 1 
39885980090115;0.726185;0.3603;0.976982 -0.144995 -0.156471 0.143827 0.13395 0.987833 -0.079021 0.248231 0.166024 0.0562429 0.984516 0.563738 0 0 0 1 
39885980090116;0.788969;0.479683;0.937488 -0.34682 -0.0288532 1.11754 0.34144 0.932644 -0.116598 0.437896 0.0673482 0.0994573 0.99276 0.365405 0 0 0 1 
39885980090117;0.478045;0.37058;0.992567 0.0951297 0.0758989 -0.519809 -0.0938318 0.995377 -0.0204952 0.550168 -0.0774977 0.0132211 0.996905 0.578847 0 0 0 1 
39885980090118;0.326438;0.303607;0.987548 -0.155576 0.0233449 0.208384 0.156109 0.987471 -0.0230442 0.219267 -0.0194672 0.0264016 0.999462 0.0906837 0 0 0 1 
39885980090119;0.735474;0.311235;0.973188 -0.163178 0.162103 0.2163 0.174596 0.982884 -0.0587876 0.00201444 -0.149735 0.0855139 0.985021 0.591695 0 0 0 1 
39885980090120;0.723848;0.253743;0.99281 0.00624498 0.119542 -0.388557 0.00926791 0.991631 -0.128775 0.854197 -0.119346 0.128957 0.984442 0.38153 0 0 0 1 
39885980090121;0.394688;0.418872;0.997512 0.065015 -0.0272372 -0.380487 -0.0687438 0.982717 -0.171877 0.110328 0.0155918 0.173322 0.984742 -0.381802 0 0 0 1 
39885980090122;0.722168;0.468309;0.970326 0.239722 0.03164 -1.13843 -0.237032 0.96887 -0.071458 0.788748 -0.0477851 0.0618379 0.996942 0.700023 0 0 0 1 
39885980090124;0.340489;0.0120592;0.995901 0.0897624 0.0111 0.235159 -0.0896542 0.995924 -0.00989165 -0.636318 -0.0119427 0.00885594 0.999889 -0.352467 0 0 0 1 
39885980090125;0.370091;0.0214571;0.912626 0.0115339 0.408632 -0.430695 -0.0476344 0.995793 0.0782783 -0.272876 -0.40601 -0.0909038 0.909336 -0.987983 0 0 0 1 
39885980090126;0.34208;0.0129766;0.885239 0.252648 0.390539 0.613574 -0.266328 0.96368 -0.0197379 -0.557505 -0.381341 -0.0865385 0.920375 -0.623393 0 0 0 1 
39885980090127;0.0863411;0.0294037;0.996152 -0.0116936 -0.0868645 -0.017812 0.0162992 0.998488 0.0525018 0.00781006 0.0861192 -0.0537156 0.994836 -1.72264e-05 0 0 0 1 
39885980090128;0.358883;0.0213481;0.974119 0.157844 0.161796 0.633892 -0.164586 0.985934 0.029063 0.0112105 -0.154933 -0.0549402 0.986396 0.212984 0 0 0 1 
39885980090129;0.382249;0.0384437;0.933196 0.359367 0.000720436 1.3979 -0.359366 0.933187 0.00433766 -0.839246 0.000886508 -0.00430679 0.99999 -0.0296317 0 0 0 1 
39885980090130;0.323168;0.0390203;0.973865 0.177747 -0.141397 0.871179 -0.19422 0.974461 -0.112709 -0.111781 0.117752 0.137225 0.983516 0.336836 0 0 0 1 
39885980090131;0.505537;0.014671;0.992849 -0.119043 -0.00891496 -0.899262 0.118268 0.991037 -0.0621226 -0.630688 0.0162303 0.060624 0.998029 -0.198127 0 0 0 1 
39885980090132;0.44134;0.0146271;0.999245 0.0233865 -0.0310116 -0.647404 -0.0264673 0.994332 -0.102973 0.0734443 0.0284277 0.103716 0.994201 0.79871 0 0 0 1 
39885980090133;0.275576;0.0224104;0.998746 -0.0484335 -0.0126403 -0.656827 0.0485262 0.998796 0.00713697 -0.115354 0.0122794 -0.00774141 0.999895 -0.158657 0 0 0 1 
39885980090134;0.264805;0.0168025;0.980753 -0.146713 0.128837 -0.527154 0.174571 0.954434 -0.242034 0.0825361 -0.0874565 0.259866 0.961676 0.988281 0 0 0 1 
39885980090135;0.321182;0.00748564;0.979299 0.200392 0.0285834 0.285134 -0.194899 0.971598 -0.134204 -0.239692 -0.0546649 0.125855 0.990541 0.701401 0 0 0 1 
39885980090136;0.536598;0.0115629;0.990373 0.0749518 -0.116373 -0.132592 -0.0898629 0.987606 -0.12868 0.0786694 0.105286 0.137899 0.984834 1.51225 0 0 0 1 
39885980090137;0.239766;0.0109573;0.998911 0.0395756 0.0247195 -0.00788421 -0.0408565 0.997723 0.0536606 0.0488613 -0.0225396 -0.0546121 0.998253 -0.631658 0 0 0 1 
39885980090138;0.366462;0.0166833;0.931019 -0.350214 -0.102734 -1.33224 0.341338 0.93517 -0.0945821 0.236883 0.129198 0.0529906 0.990202 0.131311 0 0 0 1 
39885980090139;0.522118;0.0106228;0.987127 0.155295 0.0382473 -0.178169 -0.15752 0.985416 0.064368 -0.704717 -0.0276935 -0.0695641 0.997193 0.182765 0 0 0 1 
39885980090140;0.328612;0.0141439;0.97765 -0.0350694 -0.207292 -0.145634 0.0179886 0.996327 -0.0837178 0.0282859 0.209467 0.0781179 0.97469 1.09622 0 0 0 1 
39885980090141;0.0802768;0.0295605;0.999183 -0.0134068 0.0381155 -0.100189 0.0116531 0.99888 0.0458655 -0.0212599 -0.0386877 -0.0453839 0.99822 -0.137284 0 0 0 1 
39885980090142;0.374391;0.0475658;0.938811 0.251255 -0.235596 1.08381 -0.176971 0.938689 0.295879 -0.649795 0.295493 -0.23608 0.925716 -0.637413 0 0 0 1 
39885980090143;0.228673;0.04353;0.983952 0.172355 -0.0461727 0.675734 -0.172555 0.985 -0.000351919 -0.183881 0.0454195 0.00831358 0.998933 -0.151598 0 0 0 1 
39885980090144;0.446317;0.0302242;0.922803 0.385203 0.00728924 1.41521 -0.385259 0.922456 0.025492 -0.896315 0.00309557 -0.0263323 0.999648 0.252268 0 0 0 1 
39885980090145;0.0431272;0.0133991;0.999663 0.0126188 0.0226673 0.0257602 -0.0133549 0.999379 0.0326196 -0.0256137 -0.0222416 -0.0329113 0.999211 -0.148706 0 0 0 1 
39885980090146;0.329175;0.0538056;0.993048 -0.110969 -0.0392734 -0.313117 0.109866 0.993517 -0.0291994 0.410867 0.042259 0.0246815 0.998802 0.619651 0 0 0 1 
39885980090147;0.155218;0.0101563;0.998136 0.0558143 0.0246839 0.069867 -0.0571324 0.996773 0.0563794 -0.126243 -0.0214575 -0.0576846 0.998104 0.0113171 0 0 0 1 
39885980090148;0.427209;0.0114748;0.987045 0.140787 0.0769521 0.328716 -0.118263 0.962526 -0.244046 -0.452686 -0.108427 0.231784 0.966706 1.48266 0 0 0 1 
39885980090149;0.211483;0.0136195;0.984725 -0.121041 0.12516 -0.651631 0.120288 0.992646 0.0135793 0.164133 -0.125883 0.00168346 0.992044 0.0882051 0 0 0 1 
39885980090150;0.560906;0.0421768;0.923311 0.202186 -0.326522 1.15626 -0.231911 0.971215 -0.0543895 0.303503 0.306127 0.125942 0.943623 0.339006 0 0 0 1 
39885980090151;0.283425;0.0236683;0.949941 0.285438 0.127033 0.923497 -0.240667 0.927805 -0.285056 -0.469172 -0.199228 0.240214 0.950056 0.65321 0 0 0 1 
39885980090152;0.461176;0.0151179;0.896803 -0.426032 0.119333 -1.84677 0.420524 0.904629 0.069328 0.173792 -0.137488 -0.0119911 0.990431 -0.359046 0 0 0 1 
39885980090153;0.364593;0.0108508;0.99178 0.114992 0.0561165 0.0290923 -0.118511 0.990887 0.0640213 -0.601663 -0.0482431 -0.0701455 0.99637 -0.708523 0 0 0 1 
39885980090155;0.220386;1.64448;0.998274 -0.056781 -0.0149808 -0.361326 0.0559222 0.997049 -0.0525882 1.38741 0.0179226 0.0516596 0.998504 -0.11636 0 0 0 1 
39885980090156;0.547565;1.55477;0.962551 -0.113131 0.246367 -0.0124099 0.087819 0.989883 0.111446 1.00666 -0.256483 -0.0856363 0.962748 1.18027 0 0 0 1 
39885980090157;0.178395;1.45182;0.9957 0.0923362 -0.00748923 -0.300504 -0.0925961 0.99445 -0.0499551 1.63261 0.002835 0.0504337 0.998723 -0.235035 0 0 0 1 
39885980090158;0.913519;1.58239;0.917761 -0.0161427 0.396804 0.451518 -0.0276889 0.994141 0.104485 1.56555 -0.396166 -0.106879 0.911937 1.94192 0 0 0 1 
39885980090159;0.31181;1.27082;0.993686 0.0740757 -0.0842618 -0.200989 -0.105967 0.866386 -0.488002 1.85611 0.0368542 0.49385 0.868766 -0.348265 0 0 0 1 
39885980090160;0.529179;1.62526;0.994401 0.0976284 -0.0404401 -0.502922 -0.09825 0.995068 -0.013674 1.91658 0.0389057 0.0175707 0.999088 0.319627 0 0 0 1 
39885980090161;0.588623;1.55416;0.980085 -0.13455 0.146046 -0.294237 0.118621 0.98651 0.112816 1.10837 -0.159255 -0.0932452 0.982824 1.01737 0 0 0 1 
39885980090162;0.825722;1.81942;0.988523 -0.140084 -0.0565595 -0.0493114 0.138992 0.990031 -0.0228049 1.4007 0.0591903 0.0146819 0.998139 -0.981363 0 0 0 1 
39885980090163;0.504725;1.45489;0.99307 0.115405 -0.0222208 -0.0407425 -0.115986 0.992886 -0.0269188 2.24973 0.0189561 0.0293095 0.999391 -0.0670309 0 0 0 1 
39885980090164;0.244441;1.35225;0.991286 0.0995845 -0.0862291 -0.287785 -0.0930487 0.992698 0.0767653 1.61649 0.0932441 -0.0680728 0.993313 -0.556663 0 0 0 1 
39885980090165;0.707584;1.52972;0.995948 0.0899049 -0.00198245 -0.528354 -0.0899262 0.995623 -0.025454 2.06494 -0.000314667 0.0255292 0.999674 -0.760127 0 0 0 1 
39885980090166;0.507941;1.20225;0.984207 0.113085 0.136192 -0.398548 -0.0941545 0.985915 -0.138225 1.75579 -0.149905 0.123219 0.980992 0.667424 0 0 0 1 
39885980090167;0.79424;1.78573;0.984604 -0.152195 -0.0859794 -0.225821 0.142235 0.98347 -0.112053 1.48208 0.101612 0.098098 0.989976 0.307491 0 0 0 1 
39885980090168;0.994365;0.999799;0.995055 0.0858864 -0.0499003 0.557117 -0.0910386 0.989494 -0.11231 1.55222 0.0397302 0.116297 0.99242 0.533148 0 0 0 1 
39885980090169;0.602224;1.14125;0.956975 0.221365 -0.187604 -0.310287 -0.242583 0.965102 -0.0986449 2.45675 0.159221 0.13991 0.977279 -0.830556 0 0 0 1 
39885980090170;0.878287;1.78334;0.980384 -0.0616813 -0.187199 -0.374536 0.0978635 0.976761 0.190684 1.28469 0.171087 -0.205264 0.963637 0.29163 0 0 0 1 
39885980090171;0.174618;1.3846;0.986917 0.0961006 -0.129456 -0.205207 -0.0993842 0.994865 -0.0191331 1.78489 0.126952 0.0317486 0.991401 -0.571358 0 0 0 1 
39885980090172;0.809772;1.63842;0.988061 0.153367 -0.0146558 -0.721251 -0.153631 0.987945 -0.0190022 2.33692 0.0115649 0.0210269 0.999712 0.64642 0 0 0 1 
39885980090173;0.12527;1.70504;0.996031 0.0609878 -0.0648227 -0.406461 -0.0693746 0.988251 -0.136187 1.99772 0.0557554 0.140143 0.98856 -0.304465 0 0 0 1 
39885980090174;1.08358;1.16135;0.959356 0.0561303 0.27656 -0.554723 -0.064495 0.997692 0.0212359 1.48408 -0.27473 -0.0382095 0.960762 1.77621 0 0 0 1 
39885980090175;0.382051;1.50195;0.997003 0.0768048 -0.00926525 -0.352868 -0.0770049 0.996751 -0.0236228 1.76803 0.00742079 0.0242655 0.999678 0.287449 0 0 0 1 
39885980090176;1.01834;1.61051;0.946386 -0.158627 0.28141 -0.60449 0.173603 0.98439 -0.0289418 0.442573 -0.272426 0.0762437 0.959151 1.25349 0 0 0 1 
39885980090177;0.304463;1.67904;0.997046 0.0732855 0.0229927 -0.175051 -0.0724759 0.996781 -0.0342627 1.96134 -0.0254296 0.0324951 0.999148 -0.226475 0 0 0 1 
39885980090178;0.543046;1.57804;0.995497 0.0181843 0.0930315 -0.761592 -0.0113276 0.997216 -0.0737073 1.43869 -0.0941127 0.0723216 0.992931 0.615402 0 0 0 1 
39885980090179;0.361753;1.57309;0.981739 0.102651 -0.160158 -0.428019 -0.110649 0.992979 -0.0418208 1.9212 0.15474 0.0587783 0.986205 -0.23312 0 0 0 1 
39885980090180;0.25283;1.77218;0.998021 -0.00264763 -0.0628199 -0.34308 0.00226852 0.999979 -0.00610552 1.80107 0.0628348 0.00595093 0.998006 -0.0825751 0 0 0 1 
39885980090181;0.881259;1.83709;0.976857 0.0209309 -0.212865 0.142466 -0.00320398 0.996521 0.0832843 1.31461 0.213867 -0.0806748 0.973526 -0.213228 0 0 0 1 
39885980090182;0.669254;1.34554;0.997111 0.0751685 -0.0109639 -0.0183828 -0.0754115 0.99687 -0.0237439 1.38751 0.00914482 0.0245021 0.999658 -0.697428 0 0 0 1 
39885980090183;0.198594;1.43385;0.973561 0.013487 0.228027 -0.177701 -0.0125303 0.999906 -0.00564262 1.48698 -0.228081 0.00263619 0.973639 0.759474 0 0 0 1 
39885980090184;0.838159;1.21643;0.993141 0.102908 -0.0555083 -0.0588444 -0.116699 0.901881 -0.415924 2.22554 0.00725996 0.419549 0.907704 -0.879189 0 0 0 1 
39885980090186;1.03403;0.622478;0.955017 0.294757 0.0325851 -0.267306 -0.292844 0.954687 -0.0530608 0.40261 -0.0467486 0.0411316 0.998059 -0.576938 0 0 0 1 
39885980090187;0.391456;0.285592;0.993688 0.0974764 0.0555172 -0.330247 -0.100572 0.993353 0.0559984 0.14397 -0.0496896 -0.0612284 0.996886 -0.125682 0 0 0 1 
39885980090188;0.19321;0.35408;0.986961 0.120138 -0.107123 -0.321361 -0.130896 0.986361 -0.0997922 0.357102 0.093673 0.112513 0.989225 -0.536102 0 0 0 1 
39885980090189;0.694654;0.721279;0.943718 -0.244971 0.222228 -0.198484 0.225975 0.96817 0.107621 -0.870214 -0.241518 -0.0513455 0.969037 1.32105 0 0 0 1 
39885980090190;0.710931;0.342626;0.99698 0.0754467 -0.01843 -0.340867 -0.0693733 0.971789 0.22542 0.258526 0.0349172 -0.22346 0.974087 0.736007 0 0 0 1 
39885980090191;0.303973;0.424076;0.974669 0.221767 0.0289777 -0.585354 -0.221178 0.974981 -0.0221965 0.728937 -0.0331752 0.015225 0.999334 -0.0688791 0 0 0 1 
39885980090192;0.937341;0.543566;0.989331 0.143743 0.02372 -0.464058 -0.143215 0.989433 -0.0226274 -0.101171 -0.0267219 0.0189889 0.999463 0.803368 0 0 0 1 
39885980090193;0.0973903;0.415552;0.991235 0.13136 0.0140479 -0.464494 -0.131178 0.991271 -0.0132051 0.469115 -0.0156599 0.0112466 0.999814 0.0749286 0 0 0 1 
39885980090194;0.330993;0.438668;0.999543 -0.00191149 0.0301636 -0.352401 0.00364229 0.998343 -0.0574303 -0.248889 -0.0300038 0.0575139 0.997894 0.160624 0 0 0 1 
39885980090195;0.913121;0.345865;0.998508 -0.0504571 0.0208705 -0.313662 0.0517198 0.996532 -0.0651894 -0.0749297 -0.0175089 0.0661716 0.997655 -0.778145 0 0 0 1 
39885980090196;0.843835;0.426256;0.973587 0.212825 0.0826654 -0.436056 -0.214475 0.976661 0.0115232 0.648549 -0.0782837 -0.0289486 0.996511 -0.472954 0 0 0 1 
39885980090197;0.709255;0.404649;0.993558 0.103263 0.0466772 -0.438079 -0.108251 0.986687 0.121369 0.0255931 -0.0335229 -0.12564 0.991509 -0.409421 0 0 0 1 
39885980090198;1.04503;0.609344;0.997954 0.0488858 -0.0411959 -0.218622 -0.0533825 0.991784 -0.116251 0.188259 0.0351744 0.118213 0.992365 0.696314 0 0 0 1 
39885980090199;0.0833687;0.34744;0.996164 0.0733387 0.0477326 -0.339821 -0.0726141 0.99722 -0.0167433 0.113222 -0.0488279 0.013213 0.99872 0.137174 0 0 0 1 
39885980090200;1.06244;0.619264;0.998708 0.0506846 -0.00369921 -0.243927 -0.0507369 0.998588 -0.0157683 0.330006 0.00289477 0.0159357 0.999869 0.82174 0 0 0 1 
39885980090201;0.454509;0.958827;0.964333 -0.195787 -0.178129 -0.595047 0.1876 0.980295 -0.0618689 -0.567946 0.186732 0.0262451 0.98206 -0.31453 0 0 0 1 
39885980090202;0.602175;0.467475;0.901882 0.253073 -0.35009 -0.542039 -0.216748 0.966133 0.140025 0.940647 0.37367 -0.0504046 0.926191 -0.866875 0 0 0 1 
39885980090203;0.367742;0.591486;0.906215 -0.0288798 0.421829 -0.133047 -0.0387118 0.987807 0.150793 0.0288929 -0.421041 -0.152981 0.894048 1.63144 0 0 0 1 
39885980090204;1.06319;0.469355;0.955138 0.213511 0.205242 -0.272279 -0.188054 0.972607 -0.136641 0.391204 -0.228794 0.0919143 0.969126 1.64999 0 0 0 1 
39885980090205;0.675409;0.236276;0.979684 0.200326 -0.00938849 -0.80123 -0.200318 0.975262 -0.0934737 0.379464 -0.00956899 0.0934553 0.995577 -0.284657 0 0 0 1 
39885980090206;0.947378;0.336943;0.973295 0.209991 0.0927418 -0.532729 -0.214933 0.975504 0.0468607 0.37552 -0.0806297 -0.0655425 0.994587 1.15482 0 0 0 1 
39885980090207;0.975527;0.442046;0.986694 -0.161377 -0.0198025 -0.207152 0.161631 0.986779 0.0119677 -0.505864 0.0176094 -0.0150091 0.999732 -0.843568 0 0 0 1 
39885980090208;0.357335;0.413501;0.933932 0.286118 0.214259 -0.426388 -0.259263 0.954859 -0.145006 0.898752 -0.246076 0.0798761 0.965954 0.518815 0 0 0 1 
39885980090209;0.567849;0.289093;0.956675 0.290929 0.0115493 -0.797802 -0.290776 0.956699 -0.013297 0.769981 -0.0149177 0.00936264 0.999845 0.173279 0 0 0 1 
39885980090210;0.29383;0.416087;0.959506 0.164691 0.228529 -0.305709 -0.176671 0.983722 0.0328506 0.490326 -0.219399 -0.0718949 0.972983 1.01444 0 0 0 1 
39885980090211;0.573799;0.205426;0.978932 0.203762 -0.0131953 -0.633484 -0.189944 0.88502 -0.425043 0.733691 -0.0749294 0.418594 0.905077 0.0423193 0 0 0 1 
39885980090212;0.324919;0.558029;0.95788 0.286481 -0.0198508 -0.550607 -0.284337 0.95585 0.0741813 0.784422 0.040226 -0.0654125 0.997047 0.202237 0 0 0 1 
39885980090213;0.920265;0.534436;0.993795 0.0496307 -0.0995398 -0.363827 -0.042416 0.996405 0.0733323 -0.304708 0.102822 -0.0686552 0.992328 0.517906 0 0 0 1 
39885980090214;0.527822;0.416144;0.934519 0.351055 0.0586091 -0.376687 -0.35092 0.936316 -0.0129125 1.23696 -0.0594097 -0.00850016 0.998197 0.536465 0 0 0 1 
39885980090215;0.58213;1.23425;0.961024 -0.253907 0.109384 -0.579087 0.257573 0.96604 -0.020566 -0.920314 -0.100448 0.0479388 0.993787 0.317824 0 0 0 1 
39885980090217;1.03417;1.25375;0.947287 -0.31865 0.0333164 0.284927 0.320368 0.94323 -0.0876466 -0.432165 -0.0034965 0.0937 0.995594 -0.53802 0 0 0 1 
39885980090218;0.202378;0.837573;0.970342 -0.241716 -0.00318659 -0.134504 0.241402 0.969607 -0.0398331 -0.176748 0.012718 0.0378825 0.999201 -0.133181 0 0 0 1 
39885980090219;0.470141;1.59457;0.883543 -0.459948 0.0883126 0.288509 0.456228 0.887859 0.0596841 -0.224499 -0.105861 -0.0124428 0.994303 0.381085 0 0 0 1 
39885980090220;1.3181;0.823525;0.983167 0.0605961 -0.172366 -0.529257 -0.0783676 0.992073 -0.0982372 1.73436 0.165047 0.110092 0.980122 -0.31417 0 0 0 1 
39885980090221;1.15923;1.17905;0.930137 -0.0434657 0.364632 -0.445687 0.110307 0.980184 -0.164538 0.0529892 -0.350255 0.193264 0.916499 0.737816 0 0 0 1 
39885980090222;0.407338;0.907873;0.917415 -0.356186 0.177429 -0.0486254 0.335718 0.932172 0.135454 -0.442571 -0.213641 -0.064701 0.974767 0.86447 0 0 0 1 
39885980090223;0.517255;0.873742;0.934314 -0.306316 0.182284 -0.242392 0.289414 0.950426 0.113707 -0.356551 -0.208078 -0.0534823 0.976649 0.839308 0 0 0 1 
39885980090224;1.08029;1.07352;0.989625 -0.0642262 0.12852 -0.578902 0.0556701 0.996055 0.0690974 0.160951 -0.13245 -0.0612258 0.989297 0.491316 0 0 0 1 
39885980090225;0.715361;0.894794;0.989163 0.0994005 -0.108058 -0.0312405 -0.125721 0.953569 -0.273678 0.999676 0.0758372 0.284298 0.955732 0.142485 0 0 0 1 
39885980090226;0.549209;0.722539;0.953099 0.0394203 0.300081 -0.265668 -0.0572984 0.997053 0.0510095 0.402761 -0.297186 -0.0658113 0.952549 0.957458 0 0 0 1 
39885980090227;1.15995;0.807414;0.989913 -0.141665 -0.00158417 0.516321 0.141663 0.989631 0.0237255 0.54189 -0.00179334 -0.0237106 0.999717 -0.470852 0 0 0 1 
39885980090228;0.215505;0.854385;0.98049 -0.17913 0.0809363 -0.168937 0.182576 0.982483 -0.037329 0.0818713 -0.0728318 0.0513777 0.99602 0.0201705 0 0 0 1 
39885980090229;0.121617;0.896498;0.94884 -0.315738 0.00364264 0.0247336 0.315614 0.948691 0.0193409 -0.298733 -0.0095624 -0.0172018 0.999806 -0.0209768 0 0 0 1 
39885980090230;1.03093;2.16447;0.976575 0.215105 -0.00554945 0.560014 -0.215156 0.975802 -0.0389608 1.69639 -0.0029655 0.0392421 0.999225 0.501172 0 0 0 1 
39885980090231;0.888653;0.639388;0.971383 -0.204955 0.120034 -0.210914 0.190391 0.974047 0.122407 -0.259008 -0.142007 -0.096051 0.985195 0.603901 0 0 0 1 
39885980090232;0.59802;1.63148;0.93809 -0.343588 -0.0439744 0.329383 0.302328 0.8741 -0.380194 0.327582 0.169068 0.343362 0.923861 -0.414204 0 0 0 1 
39885980090233;0.0427632;0.884934;0.972524 -0.231569 0.0239474 -0.131115 0.232326 0.971966 -0.0361542 -0.0122465 -0.0149039 0.0407244 0.999059 0.0126235 0 0 0 1 
39885980090234;0.404716;0.704134;0.988348 0.0134002 -0.151618 -0.0902515 0.0431986 0.930461 0.363834 0.347628 0.14595 -0.366145 0.919041 -0.453439 0 0 0 1 
39885980090235;0.881271;2.14311;0.967074 0.209634 -0.144294 1.11898 -0.236012 0.950879 -0.20032 2.34384 0.0952126 0.22778 0.969046 -0.587713 0 0 0 1 
39885980090236;1.0378;0.830687;0.961615 -0.273842 0.0175363 -0.132673 0.274256 0.961227 -0.028756 -0.194324 -0.00898176 0.0324616 0.999433 -0.831715 0 0 0 1 
39885980090237;0.452033;0.825367;0.976691 -0.023136 -0.213398 -0.0475651 0.0762688 0.966705 0.244263 0.335696 0.200642 -0.254845 0.945937 -0.764983 0 0 0 1 
39885980090238;0.922552;0.904741;0.959138 -0.0302218 -0.28132 -0.13217 -0.0435357 0.966674 -0.25228 1.25051 0.279569 0.254219 0.925858 -0.335819 0 0 0 1 
39885980090239;0.393854;0.834946;0.986744 0.115299 -0.114201 -0.223844 -0.143305 0.949311 -0.279773 1.0543 0.076155 0.29243 0.95325 -0.25227 0 0 0 1 
39885980090240;0.68439;0.904187;0.971968 -0.227977 0.0574938 -0.361494 0.232929 0.966965 -0.103549 0.391239 -0.0319878 0.114038 0.992961 -0.22704 0 0 0 1 
39885980090241;0.655728;0.754158;0.93441 -0.133443 0.330259 -0.168134 0.214562 0.950953 -0.222826 0.180607 -0.284326 0.279071 0.917212 0.329161 0 0 0 1 
39885980090242;0.353633;0.835795;0.86294 -0.168113 0.476522 0.16364 0.2639 0.954147 -0.141284 -0.0823796 -0.43092 0.247674 0.867736 1.19883 0 0 0 1 
39885980090243;1.27115;0.86928;0.993187 -0.104059 0.0524473 0.378784 0.105211 0.994255 -0.0196927 0.449619 -0.0500968 0.0250766 0.99843 0.874919 0 0 0 1 
39885980090244;0.554019;2.31003;0.989831 0.0280097 0.139466 0.550413 -0.0494302 0.987053 0.152586 1.61821 -0.133386 -0.157928 0.9784 0.284317 0 0 0 1 
39885980090245;0.651828;0.851765;0.99863 -0.0332485 -0.0403951 -0.132757 0.0306567 0.997532 -0.063169 0.682206 0.0423956 0.0618441 0.997185 0.274984 0 0 0 1 
39885980090246;0.546588;1.33179;0.887738 -0.446106 -0.113625 0.517977 0.451504 0.891894 0.0258617 -0.288882 0.0898048 -0.0742608 0.993187 -0.554366 0 0 0 1 
39885980090248;0.37448;0.118248;0.917398 -0.330088 0.222312 -0.224233 0.318092 0.943889 0.0888362 0.157562 -0.239162 -0.0107825 0.97092 0.028419 0 0 0 1 
39885980090249;0.482365;0.13056;0.949938 -0.312364 -0.00681208 -0.104008 0.312391 0.949948 0.00329982 -9.86646e-05 0.00544038 -0.00526266 0.999971 -0.322056 0 0 0 1 
39885980090250;0.869457;0.141577;0.935346 0.0210015 0.35311 -0.137399 -0.0918241 0.978432 0.185038 -0.657182 -0.341608 -0.205499 0.917101 0.321452 0 0 0 1 
39885980090251;0.521745;0.133887;0.9942 -0.105205 -0.0223033 0.0127806 0.10494 0.994397 -0.012716 -0.237052 0.0235161 0.0103017 0.99967 0.305254 0 0 0 1 
39885980090252;1.01023;0.116201;0.996763 0.0759658 0.0263086 0.240278 -0.0800996 0.966353 0.244429 -0.14924 -0.00685514 -0.245745 0.96931 -0.947333 0 0 0 1 
39885980090253;0.430197;0.0860314;0.973359 0.195643 -0.119567 0.0120469 -0.158536 0.950992 0.26548 0.256739 0.165647 -0.239452 0.956673 -0.106752 0 0 0 1 
39885980090254;0.437029;0.138979;0.98914 -0.127796 0.0726008 -0.0409939 0.130336 0.990973 -0.0313746 0.176423 -0.0679359 0.0404963 0.996867 0.375843 0 0 0 1 
39885980090255;0.581357;0.199375;0.997006 0.0320907 0.070344 0.0159232 -0.0353442 0.998339 0.0455059 -0.213206 -0.0687669 -0.0478559 0.996484 0.401998 0 0 0 1 
39885980090256;0.383432;0.103933;0.915053 -0.388542 0.108225 -0.213361 0.394166 0.918344 -0.035739 0.188424 -0.0855019 0.0753619 0.993484 0.00839129 0 0 0 1 
39885980090257;0.931685;0.0772113;0.979204 0.193916 -0.0596281 -0.213901 -0.19789 0.977714 -0.0701111 0.130073 0.0447036 0.0804529 0.995755 -0.841409 0 0 0 1 
39885980090258;0.517582;0.116293;0.987807 -0.094634 -0.123618 -0.249081 0.09904 0.994632 0.0299835 0.1899 0.120117 -0.041861 0.991877 0.42077 0 0 0 1 
39885980090259;0.758348;0.147226;0.981379 -0.187075 0.0435589 0.480198 0.186915 0.982345 0.00775476 0.325681 -0.0442406 0.000531463 0.999021 0.31933 0 0 0 1 
39885980090260;0.424726;0.117849;0.962505 0.263126 -0.0659503 0.167883 -0.212458 0.882388 0.419824 -0.0781501 0.16866 -0.390071 0.905206 -0.0208993 0 0 0 1 
