#;prob_registration_l1 -r /home/probabilistic_point_clouds_registration/build/tester /home/point_clouds_registration_benchmark//devel/registration_pairs/plain_local.txt /home/point_clouds_registration_benchmark//eth/plain -s 0.2 -t 0.2 -p 0.3 -r 1000 -m 1 -i 40 
id;initial_error;final_error;transformation
4215528470000;0.567788;0.343208;0.965078 -0.0306506 0.260163 0.484286 0.0142348 0.9978 0.0647495 -0.107154 -0.261575 -0.0587849 0.963391 1.92206 0 0 0 1 
4215528470001;0.547226;0.377235;0.991634 0.0914725 -0.0910757 -0.415261 -0.046165 0.910221 0.411541 0.470021 0.120544 -0.403894 0.906829 1.01765 0 0 0 1 
4215528470002;0.032832;0.0290324;0.999973 0.00661866 0.00330665 -0.0170654 -0.0066346 0.999966 0.00483149 -0.0132262 -0.00327456 -0.00485329 0.999983 0.0383639 0 0 0 1 
4215528470003;0.731607;0.177731;0.99613 -0.0387317 0.0788955 0.0364361 0.0371576 0.999082 0.0213226 -0.805151 -0.0796489 -0.0183085 0.996655 0.368177 0 0 0 1 
4215528470004;0.518474;0.0928191;0.960971 0.0175995 -0.27609 0.223123 0.04397 0.975572 0.215233 -0.253521 0.273133 -0.218972 0.936723 -0.29226 0 0 0 1 
4215528470005;0.0948906;0.0888885;0.999495 0.0235236 0.0213629 -0.0622308 -0.0215662 0.995918 -0.0876431 0.158007 -0.0233374 0.0871382 0.995923 -0.296586 0 0 0 1 
4215528470006;0.93827;0.586373;0.998978 -0.0245519 -0.0379546 -0.0654603 0.0104204 0.942105 -0.335156 -0.0801981 0.0439859 0.334418 0.941398 -1.50574 0 0 0 1 
4215528470007;0.649378;0.733616;0.994157 -0.0253921 -0.104912 0.103511 -0.0129014 0.937018 -0.349042 0.259979 0.107168 0.348356 0.931216 -2.07773 0 0 0 1 
4215528470008;0.524363;0.424894;0.961607 0.0495456 -0.26992 -0.0613104 -0.0856993 0.988594 -0.123846 0.475234 0.260706 0.142223 0.954885 -2.38597 0 0 0 1 
4215528470009;0.400063;0.236731;0.957708 -0.17692 0.226923 1.02028 0.181328 0.983422 0.00144352 -1.05758 -0.223416 0.039765 0.973912 1.33006 0 0 0 1 
4215528470010;0.581956;0.184428;0.985346 -0.147878 -0.0850062 0.882912 0.121021 0.957305 -0.26253 -0.842899 0.120199 0.248395 0.961172 -2.09338 0 0 0 1 
4215528470011;0.358216;0.200801;0.984018 -0.114106 0.136703 0.670473 0.141666 0.966778 -0.212771 -0.846664 -0.107883 0.228736 0.967492 -0.185031 0 0 0 1 
4215528470012;0.581653;0.565638;0.977692 0.17567 -0.115143 -0.465327 -0.135142 0.945764 0.29541 0.73819 0.160793 -0.273259 0.948407 -0.158914 0 0 0 1 
4215528470013;0.612837;0.0903803;0.98335 -0.0546304 0.173314 0.195693 0.0530294 0.998497 0.0138582 -0.323701 -0.173811 -0.00443668 0.984769 0.512214 0 0 0 1 
4215528470014;0.871128;0.169562;0.982864 -0.184187 0.00726239 1.43548 0.184095 0.982838 0.0117929 -1.25475 -0.00930986 -0.0102539 0.999904 0.739374 0 0 0 1 
4215528470015;0.0605696;0.0285123;0.999956 -0.000929534 0.00938291 0.0676541 0.00105936 0.999904 -0.0138406 -0.0388882 -0.00936914 0.0138499 0.99986 -0.0173267 0 0 0 1 
4215528470016;0.462589;0.227868;0.974734 -0.00492087 0.223315 0.122745 0.0511168 0.978141 -0.201563 -0.367747 -0.217441 0.207885 0.953679 0.720552 0 0 0 1 
4215528470017;0.763704;0.335401;0.989871 0.0850142 0.113697 -0.328629 -0.125557 0.898023 0.421653 0.960806 -0.0662561 -0.431657 0.899601 3.02358 0 0 0 1 
4215528470018;0.320962;0.278216;0.963755 -0.266705 -0.00674283 1.49309 0.264594 0.952278 0.152176 -1.81453 -0.0341651 -0.148445 0.98833 0.798623 0 0 0 1 
4215528470019;0.470754;0.212722;0.902425 0.167354 -0.397015 -0.249359 -0.107762 0.979863 0.168096 0.515703 0.417152 -0.108911 0.902287 -2.10216 0 0 0 1 
4215528470020;0.901423;0.366588;0.950548 -0.273734 0.146727 1.17726 0.281263 0.959067 -0.0328818 -1.76419 -0.13172 0.0725245 0.98863 0.0280919 0 0 0 1 
4215528470021;0.310289;0.208791;0.998019 -0.0446719 -0.0442997 0.296828 0.0489937 0.993595 0.101827 -0.389049 0.0394672 -0.103795 0.993815 0.451083 0 0 0 1 
4215528470022;0.501427;0.0719143;0.975238 0.119088 -0.186359 -0.164509 -0.132285 0.989393 -0.0600172 0.673683 0.177235 0.0831836 0.980647 -1.90153 0 0 0 1 
4215528470023;0.509895;0.464445;0.993457 0.0702092 0.0900773 -0.21126 -0.054747 0.984956 -0.163906 0.324789 -0.10023 0.157902 0.982355 -0.454274 0 0 0 1 
4215528470024;0.756959;0.0957331;0.989393 -0.14317 0.0245787 1.02116 0.142012 0.988899 0.0437069 -1.0372 -0.0305633 -0.0397529 0.998742 0.966447 0 0 0 1 
4215528470025;0.187466;0.155603;0.990629 0.126443 -0.051634 -0.489012 -0.12109 0.98797 0.096188 0.719535 0.0631751 -0.0890342 0.994023 -0.030725 0 0 0 1 
4215528470026;0.0729172;0.072911;0.999505 -0.030797 -0.00636879 0.201302 0.0307626 0.999512 -0.0054292 -0.182485 0.00653289 0.0052306 0.999965 -0.115813 0 0 0 1 
4215528470027;0.80863;0.327072;0.99615 0.0192861 -0.0855188 -0.123412 -0.030007 0.991588 -0.125909 -0.128626 0.0823711 0.127991 0.988349 -0.504849 0 0 0 1 
4215528470028;0.511375;0.458612;0.997232 0.0048877 -0.0741912 -0.0957926 0.00951353 0.981247 0.192519 -0.207855 0.0737408 -0.192692 0.978485 0.551265 0 0 0 1 
4215528470029;0.874225;0.429399;0.879812 0.0168837 -0.475021 0.942455 0.00351017 0.999111 0.0420129 0.223002 0.475308 -0.0386308 0.878971 -3.18256 0 0 0 1 
4215528470031;0.986719;0.232979;0.998484 -0.0549942 -0.00225998 0.616512 0.055015 0.99843 0.0105366 -0.847031 0.00167698 -0.010645 0.999942 0.816058 0 0 0 1 
4215528470032;1.06872;0.505334;0.993049 -0.111315 0.038245 0.843352 0.116037 0.871444 -0.476573 -0.561427 0.0197212 0.477698 0.878303 -2.67781 0 0 0 1 
4215528470033;0.525088;0.360457;0.996756 -0.0803512 -0.00453252 0.632912 0.0802252 0.996505 -0.0232575 -0.730825 0.00638544 0.0228184 0.999719 -0.536857 0 0 0 1 
4215528470034;0.461314;0.440606;0.999956 -0.00368762 -0.0086482 0.287513 0.00389531 0.999701 0.0241229 -0.141763 0.00855666 -0.0241556 0.999672 -0.265966 0 0 0 1 
4215528470035;0.980295;0.605472;0.996471 -0.0813055 -0.020863 0.19315 0.081517 0.996627 0.00949183 -0.888369 0.0200209 -0.011159 0.999737 0.0099067 0 0 0 1 
4215528470036;1.14169;0.823255;0.994988 0.0960289 0.0278973 -0.890555 -0.0999861 0.959839 0.262131 0.50752 -0.00160479 -0.263607 0.964629 2.15572 0 0 0 1 
4215528470037;0.241412;0.275286;0.99946 -0.032473 -0.00511452 0.536725 0.0323407 0.999186 -0.0241289 -0.286111 0.00589389 0.0239505 0.999696 -0.091715 0 0 0 1 
4215528470038;0.130156;0.33175;0.999679 0.013698 0.0212955 0.113191 -0.0139352 0.999842 0.0110309 0.0356908 -0.021141 -0.0113241 0.999712 0.260614 0 0 0 1 
4215528470039;0.797747;0.530536;0.994302 -0.0712868 -0.0792568 0.317113 0.048297 0.96407 -0.261222 -0.419922 0.0950308 0.255906 0.962019 -1.81338 0 0 0 1 
4215528470040;0.689028;0.347061;0.928158 -0.333839 -0.164544 3.2006 0.35344 0.929133 0.108588 -2.62628 0.116632 -0.158944 0.980374 -0.352054 0 0 0 1 
4215528470041;0.231676;0.305223;0.935126 -0.17206 -0.309732 2.1855 0.130118 0.979859 -0.151479 -0.965115 0.329557 0.101351 0.93868 -3.45502 0 0 0 1 
4215528470042;0.841266;0.267668;0.976942 -0.205153 0.0591264 1.9347 0.195187 0.970424 0.142053 -1.38406 -0.0865203 -0.127237 0.988092 1.2837 0 0 0 1 
4215528470043;0.639843;0.593677;0.996476 0.0198661 -0.0814955 0.0904276 -0.0177617 0.999492 0.0264661 0.210928 0.0819798 -0.0249253 0.996322 -0.694758 0 0 0 1 
4215528470044;0.994474;0.290404;0.999521 -0.0309331 0.000431257 0.453679 0.0309356 0.999489 -0.00802567 -0.309263 -0.000182778 0.00803517 0.999968 -0.87465 0 0 0 1 
4215528470045;0.386524;0.205421;0.997669 -0.0150894 0.066551 0.164633 -0.018849 0.87637 0.481269 0.128377 -0.0655854 -0.481402 0.874043 3.32128 0 0 0 1 
4215528470046;1.07289;0.413072;0.97556 0.0320792 -0.217378 0.3684 -0.0178692 0.997591 0.0670238 -0.122258 0.219004 -0.0615013 0.973784 -0.85742 0 0 0 1 
4215528470047;0.459821;0.513044;0.994124 -0.0119883 0.107585 0.0295407 0.0130205 0.999876 -0.00889662 -0.193821 -0.107465 0.0102452 0.994156 0.79278 0 0 0 1 
4215528470048;0.649857;0.640701;0.999443 0.0111202 -0.0314576 -0.02643 -0.0107842 0.999883 0.0108314 0.0477692 0.0315744 -0.0104861 0.999446 -0.127304 0 0 0 1 
4215528470049;0.633618;0.318902;0.985822 -0.145372 -0.0837969 1.41484 0.157564 0.973727 0.164409 -1.45738 0.0576948 -0.175281 0.982826 0.957254 0 0 0 1 
4215528470050;0.671958;0.796307;0.99462 0.0931978 -0.0452172 -0.804726 -0.0922431 0.995476 0.0227637 0.367518 0.0471341 -0.0184702 0.998718 -0.893248 0 0 0 1 
4215528470051;0.865997;0.660891;0.997168 -0.0102328 -0.0745123 0.39842 -0.0038545 0.982447 -0.186502 0.207532 0.0751128 0.186261 0.979625 -2.20276 0 0 0 1 
4215528470052;0.470145;0.539699;0.996838 0.0637463 -0.0474303 -0.177142 -0.0652077 0.997423 -0.0299287 0.564387 0.0454002 0.0329269 0.998426 -0.628419 0 0 0 1 
4215528470053;1.01323;0.416838;0.994182 -0.0280404 0.104002 0.541187 0.0373355 0.995373 -0.088533 -0.447609 -0.101039 0.0919009 0.990629 -0.361609 0 0 0 1 
4215528470054;0.877545;0.563982;0.998965 0.0184762 -0.0415592 0.0725403 -0.0174325 0.999527 0.0253356 0.0717164 0.0420077 -0.0245849 0.998815 -0.802086 0 0 0 1 
4215528470055;0.503431;0.465391;0.994877 -0.0821052 0.0589861 0.611746 0.088115 0.990261 -0.107787 -0.520545 -0.0495618 0.112432 0.992423 0.00181589 0 0 0 1 
4215528470056;0.338949;0.485818;0.939022 -0.338336 0.0613699 2.80752 0.343819 0.926494 -0.152962 -2.67274 -0.00510634 0.164735 0.986325 -0.893036 0 0 0 1 
4215528470057;0.60477;0.211975;0.999244 -0.0385717 0.00481894 0.400659 0.0384038 0.998779 0.0310894 -0.346691 -0.00601223 -0.0308809 0.999505 -0.274465 0 0 0 1 
4215528470058;0.117082;0.345223;0.987458 -0.157764 -0.00608795 1.29646 0.157713 0.987452 -0.00809753 -1.44042 0.00728906 0.00703582 0.999949 -0.105758 0 0 0 1 
4215528470059;0.289428;0.435512;0.997953 -0.00900736 -0.063316 0.126298 0.00202754 0.99399 -0.109448 -0.066435 0.0639213 0.109096 0.991974 -1.27862 0 0 0 1 
4215528470060;0.876862;0.919277;0.96018 0.106603 -0.258244 -0.0726686 -0.0846028 0.991887 0.0948868 0.35431 0.266264 -0.0692602 0.961409 -2.58448 0 0 0 1 
4215528470062;1.03489;0.647556;0.955139 -0.143663 0.258978 0.458837 0.203133 0.954143 -0.219882 -2.37508 -0.215513 0.262625 0.940522 2.6473 0 0 0 1 
4215528470063;0.150783;0.0439064;0.992656 0.0911063 0.0795834 -0.371889 -0.0972628 0.992256 0.0772484 1.25892 -0.0719293 -0.0844215 0.993831 1.30725 0 0 0 1 
4215528470064;1.26892;0.397753;0.972792 0.171517 -0.155749 0.118783 -0.154558 0.981241 0.115228 2.11994 0.172591 -0.0880205 0.981053 -2.86713 0 0 0 1 
4215528470065;0.672821;0.226825;0.998399 -0.0555014 0.0109263 0.0920369 0.0558783 0.997718 -0.0378993 -0.796017 -0.00879789 0.0384491 0.999222 -0.282699 0 0 0 1 
4215528470066;0.971407;0.168374;0.974981 -0.0537439 0.215692 0.102057 0.135604 0.912664 -0.385558 -0.952075 -0.176133 0.405161 0.897119 1.79274 0 0 0 1 
4215528470067;0.479383;0.695019;0.998624 0.0200227 0.0484738 -0.352197 -0.0116195 0.985752 -0.167801 0.663678 -0.051143 0.167006 0.984628 0.158554 0 0 0 1 
4215528470068;1.75898;1.52541;0.983653 0.180012 0.00474707 -0.518743 -0.178974 0.974395 0.136097 2.87696 0.0198736 -0.134722 0.990684 -0.103369 0 0 0 1 
4215528470069;1.1695;0.47223;0.989603 -0.133621 0.0532161 0.191055 0.129036 0.988254 0.0818705 -1.82404 -0.0635307 -0.0741524 0.995221 1.77395 0 0 0 1 
4215528470070;0.627154;0.110891;0.999529 -0.0272621 0.0140846 -0.00340884 0.0267616 0.999044 0.0345799 -0.297134 -0.0150138 -0.0341867 0.999303 0.0509768 0 0 0 1 
4215528470071;1.13782;0.113289;0.981559 -0.0680103 -0.178654 1.18443 0.0840954 0.992906 0.0840546 -1.03203 0.17167 -0.0975285 0.980315 -2.56424 0 0 0 1 
4215528470072;1.12233;0.268698;0.99657 0.0759872 -0.0327733 -0.508888 -0.0757193 0.997085 0.00933929 0.757408 0.0333874 -0.00682569 0.999419 -0.092718 0 0 0 1 
4215528470073;0.253366;0.0739383;0.956875 -0.0972129 0.27375 0.322468 0.173142 0.947528 -0.268724 -1.65177 -0.233262 0.304533 0.923498 2.45038 0 0 0 1 
4215528470074;0.891847;0.130331;0.926101 0.187379 -0.327455 1.13391 -0.110499 0.964598 0.239459 1.13771 0.360732 -0.18558 0.91402 -4.74737 0 0 0 1 
4215528470075;0.661748;0.476691;0.997987 0.0273166 0.0572423 -0.372864 -0.0274918 0.999619 0.00227455 0.424524 -0.0571583 -0.00384366 0.998358 1.10153 0 0 0 1 
4215528470076;1.55682;0.206369;0.999915 -0.00192086 -0.0128874 -0.0253805 0.00184962 0.999983 -0.0055371 0.214507 0.0128978 0.00551279 0.999902 -1.06319 0 0 0 1 
4215528470077;0.434483;0.241384;0.948461 -0.316211 -0.0207634 1.68047 0.316303 0.948657 0.00119541 -4.25687 0.0193194 -0.00770134 0.999784 -0.346038 0 0 0 1 
4215528470078;1.12372;0.969602;0.960498 -0.0957073 0.261313 0.265953 0.0905396 0.995386 0.0317727 -1.44658 -0.263148 -0.00685845 0.964731 3.87266 0 0 0 1 
4215528470079;1.36039;1.13028;0.993097 -0.0174023 0.116002 -0.443492 0.0333713 0.989984 -0.137178 -0.414856 -0.112453 0.140103 0.98373 1.35744 0 0 0 1 
4215528470080;1.57691;0.383835;0.977765 0.163117 -0.131786 -0.215574 -0.137283 0.972964 0.185729 2.38281 0.158519 -0.163508 0.973723 -1.54535 0 0 0 1 
4215528470081;1.29705;1.03771;0.975407 0.220034 -0.012905 -0.582689 -0.21865 0.973338 0.0693241 3.7938 0.0278146 -0.0647975 0.997511 -0.105463 0 0 0 1 
4215528470082;0.754436;0.0734713;0.994087 -0.0826297 -0.0704442 0.688587 0.0723493 0.987824 -0.137728 -0.998976 0.080967 0.131817 0.987962 -1.28891 0 0 0 1 
4215528470083;1.36137;0.467341;0.995085 -0.000933719 0.0990186 -0.40742 0.00794273 0.997486 -0.0704142 0.15006 -0.0987039 0.0708547 0.992591 1.87813 0 0 0 1 
4215528470084;1.66015;0.220395;0.953788 -0.251663 -0.164178 1.17436 0.247029 0.967799 -0.0483947 -3.50797 0.17107 0.00560157 0.985243 -2.85326 0 0 0 1 
4215528470085;1.13067;0.198005;0.999029 -0.0339389 -0.028096 -0.000779069 0.0363983 0.995072 0.0922325 -0.945461 0.0248272 -0.0931656 0.995341 0.581465 0 0 0 1 
4215528470086;1.1632;1.25857;0.929456 -0.00925221 0.368816 0.130179 0.00074839 0.999731 0.0231934 -0.0768722 -0.368932 -0.0212813 0.929213 5.47686 0 0 0 1 
4215528470087;0.757202;0.788371;0.997524 0.00287609 0.0702622 -0.361019 0.00442855 0.994611 -0.103586 0.0767055 -0.0701815 0.103641 0.992136 0.833482 0 0 0 1 
4215528470088;1.28516;0.565658;0.998659 -0.0517707 -0.000663517 0.0785107 0.0517422 0.998401 -0.0227664 -0.808233 0.00184109 0.0227016 0.999741 0.530951 0 0 0 1 
4215528470089;0.703952;0.494255;0.997268 0.0577221 -0.0460924 -0.314089 -0.0561962 0.997849 0.0337427 0.758612 0.047941 -0.0310603 0.998367 -0.283253 0 0 0 1 
4215528470090;1.03548;0.311415;0.939552 -0.186799 0.286965 0.714113 0.278078 0.905276 -0.321168 -2.9891 -0.199789 0.381552 0.902498 1.32653 0 0 0 1 
4215528470091;1.49069;1.55045;0.997978 0.0585804 0.0246704 -0.281916 -0.0606909 0.993537 0.0959179 0.744245 -0.0188921 -0.0972212 0.995083 0.588679 0 0 0 1 
4215528470093;0.435815;0.71551;0.953565 -0.294343 -0.0638502 1.11217 0.300806 0.920031 0.251116 -0.681345 -0.01517 -0.258662 0.965849 0.302326 0 0 0 1 
4215528470094;0.626818;0.21292;0.999977 0.0055825 0.00381721 0.167222 -0.00542991 0.999229 -0.0388795 0.108604 -0.00403131 0.0388579 0.999237 -0.669019 0 0 0 1 
4215528470095;0.64508;0.79756;0.944821 -0.326513 -0.0265016 1.45234 0.325356 0.944736 -0.040204 -0.885437 0.0381642 0.0293631 0.99884 -0.356883 0 0 0 1 
4215528470096;0.715932;0.573551;0.997946 -0.0638999 -0.00452191 0.273098 0.0636277 0.996928 -0.0456769 -0.333448 0.00742677 0.0452954 0.998946 -0.383249 0 0 0 1 
4215528470097;0.899584;1.24685;0.968289 -0.247565 0.0335754 1.10113 0.249562 0.952241 -0.175944 -0.790019 0.0115857 0.178744 0.983827 0.328499 0 0 0 1 
4215528470098;0.598276;0.274352;0.987332 -0.114213 0.110142 0.523579 0.0920552 0.977719 0.188657 -0.555871 -0.129235 -0.176128 0.975847 0.0747079 0 0 0 1 
4215528470099;0.333474;0.334264;0.969168 0.0591936 -0.239184 0.38619 0.0428976 0.915356 0.400355 0.0676475 0.242636 -0.398271 0.884595 -0.471889 0 0 0 1 
4215528470100;0.645112;0.112255;0.999578 -0.0288302 -0.00352024 0.11886 0.0288162 0.999577 -0.00398191 -0.0861123 0.00363355 0.00387879 0.999986 -0.709127 0 0 0 1 
4215528470101;0.802084;0.0963111;0.999378 -0.0181233 0.0302547 0.853832 0.0199053 0.998019 -0.0596764 0.131157 -0.0291133 0.0602415 0.997759 0.357017 0 0 0 1 
4215528470102;0.571321;0.194041;0.999739 -0.0228127 0.00106231 0.0115708 0.0228372 0.998809 -0.0431161 0.107113 -7.74528e-05 0.0431292 0.99907 -0.549642 0 0 0 1 
4215528470103;0.118159;0.2967;0.992299 -0.123069 -0.0140106 0.373993 0.12313 0.992384 0.00351482 -0.22753 0.0134714 -0.00521288 0.999896 -0.0391147 0 0 0 1 
4215528470104;0.483078;0.10565;0.960342 -0.0271442 0.2775 0.281837 0.00153546 0.99575 0.0920876 -0.2615 -0.27882 -0.0880095 0.956302 1.15243 0 0 0 1 
4215528470105;0.856272;0.476222;0.961353 0.117294 0.249085 -0.295128 -0.0615364 0.973363 -0.220855 0.229177 -0.268355 0.196992 0.942963 0.603948 0 0 0 1 
4215528470106;0.960069;0.130088;0.992552 -0.0969649 0.073747 0.832323 0.0936902 0.994508 0.0466465 -0.742127 -0.077865 -0.0393897 0.996185 0.815815 0 0 0 1 
4215528470107;0.403602;0.392268;0.925355 0.228905 -0.302191 0.547003 -0.226444 0.973045 0.0436613 0.843323 0.30404 0.0280272 0.952247 -1.01985 0 0 0 1 
4215528470108;0.717513;0.362099;0.997509 0.068541 -0.0166964 0.890345 -0.0693989 0.995913 -0.0578065 -0.153349 0.012666 0.0588212 0.998188 0.0417822 0 0 0 1 
4215528470109;0.671253;0.356815;0.980848 -0.194663 -0.00665745 0.503843 0.194614 0.980852 -0.0073732 -0.373064 0.00796527 0.00593635 0.999951 0.611237 0 0 0 1 
4215528470110;0.085073;0.0723914;0.999929 0.0118886 0.00126576 0.069879 -0.0118788 0.999901 -0.00751957 0.0398072 -0.00135503 0.007504 0.999971 -0.0837792 0 0 0 1 
4215528470111;0.687198;0.120808;0.998671 -0.00252078 0.0514788 -0.0172342 -0.000593785 0.998174 0.0603973 0.00270337 -0.051537 -0.0603476 0.996846 0.886749 0 0 0 1 
4215528470112;0.990082;0.321073;0.982414 0.186628 -0.00563869 0.318592 -0.183665 0.971369 0.150698 0.768322 0.0336018 -0.147012 0.988564 0.958012 0 0 0 1 
4215528470113;0.115928;0.152452;0.999694 0.0234647 -0.00785206 0.0733186 -0.0234925 0.999718 -0.00345499 0.107049 0.00776878 0.0036384 0.999963 -0.0492932 0 0 0 1 
4215528470114;0.310906;0.172285;0.999942 -0.0106355 -0.0015097 0.00582124 0.0106295 0.999936 -0.00394277 -0.0452737 0.00155153 0.0039265 0.999991 -0.285824 0 0 0 1 
4215528470115;0.363564;0.248481;0.996332 0.0855505 0.00166358 0.550128 -0.0850924 0.992666 -0.0858649 0.335039 -0.00899717 0.0854085 0.996305 -0.035238 0 0 0 1 
4215528470116;0.348278;0.402095;0.899299 -0.290677 0.326754 0.810202 0.225196 0.948267 0.223777 -0.516082 -0.374897 -0.127659 0.918235 0.983374 0 0 0 1 
4215528470117;0.290367;0.381449;0.993171 0.0861225 -0.0787056 0.176621 -0.0928004 0.992003 -0.0855448 0.242094 0.0707088 0.0922645 0.993221 -0.177723 0 0 0 1 
4215528470118;0.65787;0.306143;0.99866 0.0380019 0.0351403 0.490031 -0.0351471 0.996289 -0.0785674 -0.209716 -0.0379956 0.077227 0.996289 -0.38329 0 0 0 1 
4215528470119;0.205525;0.161939;0.991889 -0.0906391 0.0891064 0.227977 0.0997323 0.989613 -0.103537 -0.178945 -0.0787963 0.111584 0.990626 0.197443 0 0 0 1 
4215528470120;0.310799;0.265364;0.991801 -0.0316098 -0.123821 0.312894 0.0711574 0.941423 0.329634 -0.20565 0.106149 -0.335742 0.935954 -0.065707 0 0 0 1 
4215528470121;0.660347;0.100051;0.939243 -0.0402733 0.340884 0.345787 0.15676 0.93381 -0.321599 -0.498872 -0.305369 0.355496 0.883387 1.17578 0 0 0 1 
4215528470122;0.789381;0.506034;0.965976 0.170426 0.19454 0.074567 -0.188948 0.978652 0.080864 0.457753 -0.176606 -0.114871 0.977556 -0.0185062 0 0 0 1 
4215528470124;0.80876;0.0541953;0.948034 0.0726872 0.309756 0.265385 -0.010518 0.980182 -0.197818 0.665846 -0.317996 0.18428 0.93001 0.757663 0 0 0 1 
4215528470125;0.139303;0.0482867;0.990762 -0.0557115 -0.12364 0.154077 0.0389162 0.990173 -0.13432 -0.217616 0.129908 0.128268 0.983194 -0.870664 0 0 0 1 
4215528470126;0.0966618;0.0964069;0.997578 -0.0304008 -0.0625582 0.0282709 0.0312455 0.999433 0.0125687 -0.141233 0.0621406 -0.0144929 0.997962 -0.286638 0 0 0 1 
4215528470127;0.789796;0.0590353;0.99766 -0.068225 0.00455773 -0.220582 0.0682385 0.997665 -0.00286679 -0.134476 -0.0043515 0.00317109 0.999986 0.664333 0 0 0 1 
4215528470128;0.207096;0.030416;0.998801 0.0407999 0.027064 -0.0940102 -0.0407014 0.999163 -0.00418057 0.206121 -0.0272119 0.00307401 0.999625 -0.079764 0 0 0 1 
4215528470129;0.938911;0.118202;0.999958 0.00597573 0.00693335 -0.0591456 -0.00595903 0.999979 -0.00242734 0.200538 -0.00694771 0.00238592 0.999973 0.86887 0 0 0 1 
4215528470130;0.991785;0.301342;0.984979 -0.0321472 -0.169653 -0.41985 0.0543782 0.990274 0.128066 -0.633892 0.163886 -0.135368 0.977147 -0.141755 0 0 0 1 
4215528470131;0.387282;0.0272188;0.987934 -0.154853 0.00248883 0.123722 0.154857 0.987936 -0.0011686 -0.43934 -0.00227785 0.00153991 0.999996 -0.0890465 0 0 0 1 
4215528470132;0.92999;0.455424;0.998953 -0.0403905 0.0214797 0.092483 0.0412116 0.998379 -0.0392674 -0.0783353 -0.0198589 0.0401115 0.998998 -0.80027 0 0 0 1 
4215528470133;0.555582;0.292045;0.967077 0.252535 -0.0314245 -0.23253 -0.252823 0.939338 -0.231788 1.11648 -0.0290162 0.232101 0.972259 -0.582057 0 0 0 1 
4215528470134;0.99593;0.253169;0.962151 0.0766572 0.261512 0.123681 -0.0924888 0.994519 0.0487594 0.748916 -0.256341 -0.0711008 0.963968 0.511779 0 0 0 1 
4215528470135;1.17319;0.779193;0.991276 0.0171399 0.130687 -0.247424 0.0362699 0.917759 -0.395479 -0.107362 -0.126717 0.396768 0.90913 0.296402 0 0 0 1 
4215528470136;0.830588;0.6326;0.998597 -0.0290806 0.0442493 -0.0353211 0.0144576 0.953677 0.300484 -0.208014 -0.0509378 -0.299423 0.95276 0.907077 0 0 0 1 
4215528470137;0.395265;0.345967;0.988263 -0.0939607 0.120447 0.00444745 0.0317295 0.897526 0.439819 -0.183605 -0.14943 -0.430835 0.889973 1.75587 0 0 0 1 
4215528470138;1.02893;0.0912323;0.982567 0.170936 -0.0730944 0.531474 -0.161196 0.979216 0.123093 1.05031 0.0926163 -0.109165 0.9897 -0.373944 0 0 0 1 
4215528470139;0.649753;0.328237;0.985906 -0.11301 -0.123361 -0.0975049 0.0836359 0.971544 -0.221602 -0.388276 0.144894 0.208161 0.967303 -0.703719 0 0 0 1 
4215528470140;0.360307;0.331221;0.898388 -0.0471858 0.436661 0.20004 0.0853742 0.99401 -0.068236 -0.332779 -0.430826 0.098582 0.897034 1.76415 0 0 0 1 
4215528470141;0.657293;0.0838699;0.998238 0.00591376 -0.0590372 -0.551046 -0.0071331 0.999765 -0.0204643 -0.0181868 0.0589023 0.0208494 0.998046 -0.417097 0 0 0 1 
4215528470142;0.724166;0.0231427;0.99342 0.114463 0.00393467 -0.233335 -0.114277 0.992919 -0.0324352 -0.081046 -0.00761943 0.0317721 0.999466 0.256758 0 0 0 1 
4215528470143;0.681426;0.0580528;0.945689 0.106631 -0.307086 -0.375705 -0.0301226 0.969351 0.243828 0.279463 0.323673 -0.221336 0.919916 -1.2038 0 0 0 1 
4215528470144;0.404104;0.0427944;0.996644 -0.0814042 -0.00857039 -0.0809092 0.0816984 0.995737 0.0428224 -0.0507875 0.00504793 -0.0433789 0.999046 0.00570249 0 0 0 1 
4215528470145;0.189223;0.030979;0.997586 -0.0585056 -0.0374077 0.156243 0.0454766 0.957513 -0.284782 -0.0860212 0.0524797 0.282394 0.957862 -0.889008 0 0 0 1 
4215528470146;0.235131;0.0205704;0.991626 0.0404883 0.12263 -0.197205 -0.0391942 0.999148 -0.0129481 0.11953 -0.123049 0.00803333 0.992368 0.623582 0 0 0 1 
4215528470147;0.605051;0.0436043;0.999481 -0.00602636 -0.0316511 -0.428833 0.00605126 0.999981 0.000690784 -0.209094 0.0316464 -0.000881954 0.999499 -0.425406 0 0 0 1 
4215528470148;0.594371;0.278504;0.908987 -0.128965 0.396371 0.581811 0.0727143 0.985413 0.153863 -0.348974 -0.410432 -0.111038 0.905105 2.44118 0 0 0 1 
4215528470149;0.787506;0.471297;0.999865 0.000557066 0.0164512 0.10892 -0.000631473 0.99999 0.00451804 -0.283633 -0.0164485 -0.00452781 0.999854 0.0285848 0 0 0 1 
4215528470150;0.616542;0.0350822;0.966835 0.184162 0.176957 -0.162558 -0.182316 0.982875 -0.0267775 0.883734 -0.178858 -0.00637265 0.983854 1.32054 0 0 0 1 
4215528470151;0.660847;0.532008;0.998877 -0.0431302 0.0195847 0.0963976 0.044698 0.995091 -0.0882969 -0.154729 -0.0156803 0.0890732 0.995902 -0.48516 0 0 0 1 
4215528470152;0.936036;0.0495208;0.971377 0.207443 0.115731 -0.35425 -0.20984 0.977696 0.00879517 1.0058 -0.111325 -0.0328284 0.993242 -0.302742 0 0 0 1 
4215528470153;0.43556;0.525684;0.99395 -0.0377981 -0.103128 -0.124495 0.0211287 0.987184 -0.15818 -0.0639523 0.107785 0.155044 0.98201 -0.922103 0 0 0 1 
4215528470155;0.767559;0.0926717;0.97802 0.208463 0.00447186 -0.202955 -0.208192 0.975113 0.0762239 1.62718 0.0115293 -0.0754795 0.997081 -0.192666 0 0 0 1 
4215528470156;0.534127;0.168652;0.955423 0.0966043 -0.278987 0.153391 -0.069327 0.99194 0.106059 0.365219 0.286984 -0.0819896 0.95442 -1.4022 0 0 0 1 
4215528470157;0.770434;0.297344;0.946953 0.303117 0.10677 0.258539 -0.291627 0.950091 -0.110816 1.23392 -0.135032 0.0738 0.988089 1.13832 0 0 0 1 
4215528470158;0.945303;0.299412;0.94044 0.32248 -0.107611 -0.113472 -0.301839 0.937689 0.172141 1.84622 0.156418 -0.129406 0.979177 -1.07746 0 0 0 1 
4215528470159;0.28795;0.263743;0.995629 -0.0879659 -0.0313783 0.0321312 0.0871678 0.995855 -0.0259583 -0.0640201 0.0335317 0.0231096 0.99917 0.119318 0 0 0 1 
4215528470160;0.771203;0.348181;0.99801 -0.040742 -0.0481198 -0.249971 0.0393183 0.998771 -0.0301705 -0.139877 0.0492899 0.0282185 0.998386 -0.855331 0 0 0 1 
4215528470161;0.233784;0.142991;0.981654 0.146129 0.122484 -0.144902 -0.144243 0.989247 -0.024176 0.775237 -0.124699 0.00606508 0.992176 0.346436 0 0 0 1 
4215528470162;0.571431;0.148067;0.996562 0.0282049 0.0779015 -0.565283 -0.0407816 0.985466 0.164906 0.187865 -0.0721181 -0.167516 0.983228 0.658774 0 0 0 1 
4215528470163;0.611739;0.0692589;0.996012 -0.0787125 0.0419935 -0.0252406 0.0799048 0.996423 -0.0275091 0.0681523 -0.0396779 0.0307548 0.998739 0.785729 0 0 0 1 
4215528470164;0.552648;0.440213;0.998612 -0.0351863 0.0392033 0.0898434 0.0365638 0.998719 -0.0349921 -0.238573 -0.0379218 0.0363769 0.998618 0.149135 0 0 0 1 
4215528470165;0.294545;0.0626756;0.998681 0.0333133 -0.0390822 -0.0503015 -0.0326164 0.9993 0.0183365 0.519999 0.0396657 -0.0170376 0.999068 -0.224574 0 0 0 1 
4215528470166;0.624564;0.552281;0.999152 0.0290432 0.0291838 0.390683 -0.0278057 0.998733 -0.041951 -0.0428572 -0.0303652 0.0411039 0.998693 -0.244723 0 0 0 1 
4215528470167;0.723593;0.0940029;0.996425 0.0844043 -0.00368305 -0.190339 -0.084452 0.99388 -0.0712112 0.548688 -0.00235003 0.0712677 0.997454 0.781409 0 0 0 1 
4215528470168;0.682452;0.182356;0.895012 0.275765 -0.35058 0.216006 -0.241288 0.960384 0.139441 1.16252 0.375145 -0.0402107 0.926094 -0.492721 0 0 0 1 
4215528470169;0.452691;0.155612;0.984937 0.163091 -0.0574497 -0.110613 -0.155905 0.981301 0.112881 0.727727 0.0747853 -0.102224 0.991946 -0.608315 0 0 0 1 
4215528470170;0.927037;0.122413;0.971792 0.197734 -0.128539 -0.434618 -0.128172 0.900312 0.415946 1.23292 0.197971 -0.387738 0.900259 -0.810963 0 0 0 1 
4215528470171;0.544194;0.067173;0.888497 0.129438 -0.440248 0.682608 -0.220576 0.961756 -0.162392 1.14203 0.402392 0.241393 0.883069 -1.73968 0 0 0 1 
4215528470172;0.700934;0.398707;0.900071 0.0683393 0.43035 -0.028564 -0.044234 0.996853 -0.0657848 0.145061 -0.433491 0.0401749 0.900262 1.73851 0 0 0 1 
4215528470173;0.534414;0.10191;0.971439 0.153832 -0.180668 0.166504 -0.15874 0.987236 -0.0129388 0.960756 0.176372 0.0412485 0.983459 -1.11612 0 0 0 1 
4215528470174;0.297039;0.102462;0.996687 0.0774725 0.0247609 -0.0658849 -0.0805569 0.982276 0.169244 0.354325 -0.0112103 -0.170678 0.985263 -0.089648 0 0 0 1 
4215528470175;0.347703;0.241509;0.955796 0.221151 0.193768 -0.0686068 -0.277922 0.894636 0.349837 1.14126 -0.095985 -0.388225 0.916552 0.549381 0 0 0 1 
4215528470176;0.75672;0.537445;0.949243 -0.00691415 0.314467 -0.176787 0.0736219 0.976871 -0.200755 0.0997394 -0.305805 0.213717 0.927797 0.431321 0 0 0 1 
4215528470177;0.756848;0.0477431;0.988831 0.148881 -0.00692698 0.105834 -0.140357 0.945835 0.292738 0.699988 0.0501349 -0.288496 0.956168 -0.68309 0 0 0 1 
4215528470178;0.523311;0.480783;0.984067 -0.0313388 -0.175013 -0.0184969 0.0164019 0.996147 -0.086151 0.03749 0.177038 0.0819079 0.98079 -0.87602 0 0 0 1 
4215528470179;0.41696;0.235229;0.925068 0.318255 -0.207276 0.194774 -0.253484 0.923763 0.287068 1.27556 0.282835 -0.213017 0.935216 -0.734092 0 0 0 1 
4215528470180;0.591922;0.291856;0.962632 0.251443 -0.100575 0.0845694 -0.249123 0.967832 0.0352054 1.31983 0.106192 -0.00883421 0.994306 -0.842475 0 0 0 1 
4215528470181;0.100371;0.0604713;0.997222 0.0707088 -0.0234336 -0.0544026 -0.0673488 0.990249 0.121945 0.306555 0.0318277 -0.120028 0.99226 0.0116114 0 0 0 1 
4215528470182;0.852078;0.395673;0.992301 -0.00917377 -0.123508 0.0413683 0.0134509 0.999337 0.0338416 0.184821 0.123115 -0.0352424 0.991766 -1.3038 0 0 0 1 
4215528470183;0.165427;0.03349;0.999072 -0.00231126 0.0430049 0.0821317 0.00707027 0.993813 -0.110842 0.0221589 -0.0424826 0.111043 0.992907 0.134248 0 0 0 1 
4215528470184;0.841318;0.0675505;0.883453 -0.0798193 -0.461671 0.227608 0.0247203 0.99195 -0.124196 0.456079 0.467868 0.0983083 0.878314 -2.39371 0 0 0 1 
4215528470186;0.933251;0.466933;0.999025 -0.0438072 0.00551444 0.14886 0.0430595 0.994279 0.0977547 -0.0826171 -0.00976525 -0.0974219 0.995195 -0.568757 0 0 0 1 
4215528470187;0.872934;0.0654266;0.960345 -0.129234 -0.247054 0.05545 0.0637925 0.964431 -0.256522 -0.229271 0.271418 0.23059 0.934431 -2.30948 0 0 0 1 
4215528470188;0.636802;0.0492676;0.99182 0.126072 -0.0199908 -0.657587 -0.127621 0.976235 -0.17515 0.395168 -0.00256579 0.176269 0.984339 0.0574176 0 0 0 1 
4215528470189;0.616608;0.203691;0.911893 0.173655 0.371882 0.147217 -0.113247 0.977365 -0.178699 0.553096 -0.394496 0.12084 0.910918 1.74948 0 0 0 1 
4215528470190;0.721491;0.0814331;0.997813 0.0633517 0.0188614 -0.459246 -0.0630099 0.997847 -0.0181986 0.118267 -0.0199737 0.0169703 0.999656 -0.526839 0 0 0 1 
4215528470191;0.988569;0.318787;0.997691 0.0678566 0.00281945 -0.257119 -0.0678338 0.993606 0.0902566 0.35094 0.00332308 -0.0902395 0.995915 0.980983 0 0 0 1 
4215528470192;0.483071;0.186917;0.975477 0.209654 0.0670103 -0.329669 -0.20119 0.972799 -0.114827 0.689675 -0.0892615 0.0985297 0.991123 0.226964 0 0 0 1 
4215528470193;1.00219;0.739888;0.993968 -0.0262438 0.10648 0.126805 0.0180886 0.996879 0.0768437 -0.153461 -0.108165 -0.0744541 0.991341 1.11649 0 0 0 1 
4215528470194;0.574823;0.228363;0.942365 0.179862 -0.282131 -0.270301 -0.251323 0.937159 -0.242013 1.29021 0.220872 0.298971 0.928349 -1.78411 0 0 0 1 
4215528470195;0.262201;0.163463;0.997578 0.0681211 -0.0140434 -0.175913 -0.067507 0.996903 0.0403447 0.309605 0.0167482 -0.0392989 0.999087 0.0787963 0 0 0 1 
4215528470196;0.705585;0.0331124;0.996848 0.0711474 0.035096 -0.151854 -0.0741163 0.992982 0.0921648 0.565183 -0.0282924 -0.0944755 0.995125 0.939916 0 0 0 1 
4215528470197;0.958351;0.499153;0.973848 -0.0287773 -0.225369 -0.257351 0.0139676 0.997653 -0.0670341 -0.175584 0.226769 0.0621332 0.971965 -0.502002 0 0 0 1 
4215528470198;0.657229;0.273893;0.991286 0.0317243 -0.127851 0.25681 -0.0250893 0.99827 0.0531774 0.321125 0.129317 -0.0495063 0.990367 -0.63461 0 0 0 1 
4215528470199;0.280312;0.310161;0.956075 -0.00890456 0.292987 0.0207398 -0.0639563 0.969119 0.238156 0.284913 -0.28606 -0.246433 0.925981 1.58451 0 0 0 1 
4215528470200;0.717676;0.110781;0.950514 0.262261 -0.166559 -0.759206 -0.24154 0.96099 0.134748 0.781243 0.195401 -0.0878491 0.976781 -0.47079 0 0 0 1 
4215528470201;0.269494;0.0282396;0.998517 -0.0245393 0.0485936 -0.0428687 0.025592 0.999448 -0.0211614 0.105095 -0.0480475 0.0223736 0.998594 0.292814 0 0 0 1 
4215528470202;0.839096;0.583118;0.954655 -0.0637247 0.290814 -0.125634 0.0428075 0.996054 0.0777364 -0.25528 -0.294621 -0.0617624 0.953616 0.66148 0 0 0 1 
4215528470203;0.446878;0.56638;0.99137 0.130477 -0.0127127 0.120565 -0.130478 0.991451 0.000755191 0.452801 0.0127026 0.000910065 0.999919 -0.0138177 0 0 0 1 
4215528470204;0.245546;0.11111;0.977978 -0.208221 -0.0142435 0.368182 0.208113 0.978066 -0.00870107 -0.859165 0.0157428 0.0055452 0.999861 -0.0701371 0 0 0 1 
4215528470205;0.862633;0.0536411;0.999706 0.0241157 -0.00265392 -0.149345 -0.0241112 0.999708 0.0016845 -0.0398071 0.00269377 -0.00162001 0.999995 0.836961 0 0 0 1 
4215528470206;0.412937;0.219402;0.996997 0.0752799 -0.0181409 -0.130476 -0.0667392 0.954178 0.291701 0.250839 0.0392689 -0.289615 0.956337 0.256643 0 0 0 1 
4215528470207;0.79837;0.122536;0.998056 0.0594023 -0.0188453 0.255064 -0.0446766 0.892825 0.448183 0.0713106 0.0434486 -0.44647 0.893743 0.298092 0 0 0 1 
4215528470208;0.797346;0.537362;0.992994 -0.114888 0.0276318 -0.197927 0.105003 0.965183 0.239577 -0.272412 -0.0541942 -0.234997 0.970484 1.3921 0 0 0 1 
4215528470209;0.744174;0.132715;0.999713 0.015888 -0.0179402 -0.110133 -0.0162655 0.999645 -0.0210989 0.204685 0.0175986 0.0213846 0.999616 0.566032 0 0 0 1 
4215528470210;0.00963021;0.0261515;0.999973 -0.00308709 0.00669699 0.00570953 0.00310391 0.999992 -0.00250263 0.0104759 -0.00668921 0.00252335 0.999974 0.0106731 0 0 0 1 
4215528470211;0.575999;0.0159207;0.985269 0.142743 -0.0941762 0.0440367 -0.139256 0.989338 0.0426469 0.576946 0.0992596 -0.0289041 0.994642 -0.833446 0 0 0 1 
4215528470212;0.0961837;0.0336377;0.999214 -0.0385953 -0.00900897 0.0643443 0.0370542 0.9904 -0.133171 -0.0994898 0.0140622 0.132732 0.991052 -0.290884 0 0 0 1 
4215528470213;0.289621;0.285139;0.967906 -0.025585 -0.250005 0.0602965 -0.0537627 0.950693 -0.305437 0.151783 0.245493 0.309075 0.918807 -1.67632 0 0 0 1 
4215528470214;0.573067;0.0995442;0.997429 -0.0551663 -0.0457331 0.295904 0.0574235 0.997117 0.0496046 -0.207701 0.0428648 -0.0521033 0.997721 -0.597259 0 0 0 1 
4215528470215;0.890995;0.419247;0.99963 -0.0264095 0.00653136 0.0206934 0.026475 0.999598 -0.0101666 0.031334 -0.00626023 0.0103358 0.999927 -0.81745 0 0 0 1 
4215528470217;1.22438;0.0799714;0.999762 0.00192868 -0.021747 0.481458 -0.00234468 0.999814 -0.0191199 0.125273 0.0217061 0.0191663 0.999581 -0.989824 0 0 0 1 
4215528470218;0.463441;0.514307;0.998665 -0.0407921 -0.0316951 0.227983 0.0338682 0.98031 -0.194537 -0.00703145 0.0390066 0.193204 0.980383 -1.47341 0 0 0 1 
4215528470219;1.25639;0.535007;0.989529 -0.0882686 -0.114202 0.811982 0.119819 0.9435 0.308952 -1.85319 0.0804784 -0.3194 0.944196 0.395773 0 0 0 1 
4215528470220;0.864498;0.389195;0.991094 0.0323507 0.129172 -0.0742244 -0.0837039 0.905788 0.415382 0.568616 -0.103564 -0.422495 0.900429 3.16043 0 0 0 1 
4215528470221;0.77456;0.712118;0.979601 -0.0250845 0.199383 0.11366 0.0212021 0.999542 0.021584 -0.259661 -0.199833 -0.0169164 0.979684 2.09306 0 0 0 1 
4215528470222;0.34545;0.303123;0.94983 -0.312428 -0.014528 2.30653 0.312765 0.948699 0.0463403 -3.13504 -0.000695254 -0.0485593 0.99882 0.217974 0 0 0 1 
4215528470223;0.822643;0.51676;0.922107 -0.369558 -0.114653 3.30026 0.361623 0.928496 -0.0844088 -3.37628 0.137649 0.0363728 0.989813 -1.9497 0 0 0 1 
4215528470224;0.61224;0.174189;0.998424 -0.0238006 0.0508168 0.294461 0.0312453 0.988018 -0.151145 -0.144503 -0.0466105 0.152494 0.987205 -0.0536758 0 0 0 1 
4215528470225;0.96443;0.578074;0.999832 0.00276787 0.0180954 0.0173512 -0.00270964 0.999991 -0.00324155 0.300549 -0.0181043 0.00319197 0.999831 -0.0775189 0 0 0 1 
4215528470226;1.60186;0.163035;0.990884 -0.0927588 -0.0976945 0.595962 0.125059 0.902982 0.411077 -1.25049 0.0500853 -0.419547 0.906351 2.69072 0 0 0 1 
4215528470227;0.62327;0.177659;0.992662 0.0461236 0.111776 -0.289235 -0.0373615 0.996154 -0.0792556 0.602533 -0.115001 0.074498 0.990568 0.489865 0 0 0 1 
4215528470228;0.76285;0.186361;0.946734 -0.14057 -0.289716 1.91144 0.168865 0.982784 0.0749694 -1.56206 0.27419 -0.119899 0.954172 -2.08775 0 0 0 1 
4215528470229;0.828483;0.551883;0.930871 -0.00751803 -0.36527 1.16866 -0.0145922 0.998225 -0.057733 0.290947 0.365056 0.0590721 0.92911 -4.14574 0 0 0 1 
4215528470230;1.52282;1.11699;0.99978 -0.0146649 -0.0150184 -0.0208999 0.0149335 0.999728 0.0179327 0.0574501 0.0147513 -0.0181531 0.999726 -0.158949 0 0 0 1 
4215528470231;1.36079;0.985072;0.951773 0.0562836 -0.301595 0.902543 -0.0493575 0.998314 0.030543 0.588329 0.302806 -0.0141841 0.952947 -3.21198 0 0 0 1 
4215528470232;1.01124;0.336468;0.993964 0.0511759 0.0970424 -0.317722 -0.0557628 0.997422 0.045157 0.319409 -0.0944813 -0.0502957 0.994255 0.785115 0 0 0 1 
4215528470233;0.360528;0.195601;0.998531 -0.0501202 -0.0205716 0.468496 0.0504776 0.998576 0.0172395 -0.701367 0.0196783 -0.0182526 0.99964 0.0568265 0 0 0 1 
4215528470234;0.247697;0.235819;0.999936 -0.0112118 -0.00158522 0.064942 0.0112143 0.999936 0.00153672 -0.134941 0.00156789 -0.0015544 0.999998 -0.054214 0 0 0 1 
4215528470235;1.12906;0.37028;0.905895 -0.388374 -0.168877 3.65497 0.347557 0.909631 -0.227544 -2.43371 0.241988 0.147436 0.959012 -3.23761 0 0 0 1 
4215528470236;0.421865;0.180121;0.985178 0.161629 -0.0574415 -0.481257 -0.137951 0.945584 0.294686 1.40491 0.101946 -0.282394 0.953866 0.395581 0 0 0 1 
4215528470237;1.6174;0.955797;0.99944 0.0240662 -0.0232675 -0.225464 -0.024124 0.999707 -0.00220683 0.221467 0.0232076 0.0027669 0.999727 0.45551 0 0 0 1 
4215528470238;1.42655;0.359447;0.97285 -0.11027 0.203477 0.472623 0.136336 0.983508 -0.118847 -1.60657 -0.187016 0.143361 0.97184 2.00529 0 0 0 1 
4215528470239;1.23487;0.412177;0.991844 0.0343472 -0.122741 -0.177077 -0.0298804 0.998829 0.0380505 0.325289 0.123904 -0.0340726 0.991709 -0.505144 0 0 0 1 
4215528470240;1.31981;0.225507;0.952704 -0.303003 0.0233358 1.98355 0.302447 0.952849 0.0245862 -3.29395 -0.0296852 -0.0163655 0.999425 1.12393 0 0 0 1 
4215528470241;0.144224;0.221961;0.993336 -0.0806171 0.0823731 0.484041 0.0855992 0.99459 -0.058852 -0.773575 -0.077183 0.0655109 0.994862 0.44192 0 0 0 1 
4215528470242;0.341886;0.283425;0.986699 -0.155393 0.0477288 1.05861 0.159444 0.982336 -0.0979431 -1.58396 -0.031666 0.10425 0.994047 -0.291046 0 0 0 1 
4215528470243;0.806737;0.474726;0.99732 -0.0631704 0.0369007 0.300461 0.0651996 0.996263 -0.0566531 -0.379789 -0.033184 0.0589072 0.997712 -0.0671002 0 0 0 1 
4215528470244;0.044198;0.172995;0.999888 0.0143648 -0.00423724 0.040748 -0.0143495 0.99989 0.00362798 0.148925 0.00428889 -0.00356677 0.999984 -0.0377614 0 0 0 1 
4215528470245;1.65415;0.589763;0.999664 0.0225085 -0.0128453 0.02077 -0.0234873 0.996358 -0.0819668 0.779874 0.0109535 0.082241 0.996552 -1.4252 0 0 0 1 
4215528470246;0.359411;0.429525;0.930562 -0.363044 0.0474648 2.78058 0.36314 0.931709 0.00689696 -3.38895 -0.0467273 0.0108183 0.998849 0.481983 0 0 0 1 
4215528470248;1.05013;0.843143;0.991962 0.033102 -0.122128 -0.205762 -0.0371824 0.998819 -0.0312837 0.381426 0.120948 0.0355733 0.992021 -0.624351 0 0 0 1 
4215528470249;0.429566;0.0417413;0.976286 -0.0559494 0.209128 0.282513 -0.00653232 0.957972 0.286788 -0.0036426 -0.216384 -0.281354 0.934889 2.74359 0 0 0 1 
4215528470250;0.0803374;0.0188651;0.998006 0.0614542 -0.0143929 -0.237728 -0.0602118 0.995372 0.074898 0.337363 0.018929 -0.073882 0.997087 0.175658 0 0 0 1 
4215528470251;0.907231;0.0864006;0.99133 -0.0866385 0.0987855 -0.261275 0.0784632 0.993385 0.0838433 -0.0435974 -0.105396 -0.0753654 0.99157 0.716925 0 0 0 1 
4215528470252;0.54782;0.0417946;0.999724 0.0208528 -0.010799 -0.0221105 -0.0205833 0.999488 0.0244996 0.0775969 0.0113043 -0.0242706 0.999642 -0.486279 0 0 0 1 
4215528470253;0.780027;0.649233;0.971678 0.0585772 -0.228932 0.139732 -0.0537497 0.998182 0.0272714 0.355837 0.230113 -0.014194 0.97306 -1.39339 0 0 0 1 
4215528470254;0.503441;0.063442;0.970062 0.071277 0.232162 -0.192106 -0.109915 0.981304 0.157992 0.433776 -0.21656 -0.17878 0.95976 1.55453 0 0 0 1 
4215528470255;0.683372;0.0168637;0.991537 0.103347 0.0785699 -0.58872 -0.0958074 0.99092 -0.0943371 0.150904 -0.0876059 0.0860111 0.992435 0.476432 0 0 0 1 
4215528470256;0.928983;0.224785;0.995091 0.0830043 -0.0538953 -0.531666 -0.0814544 0.996215 0.030349 0.698204 0.0562104 -0.02581 0.998085 0.447685 0 0 0 1 
4215528470257;0.749547;0.101157;0.957524 -0.279892 -0.0693421 1.39513 0.264144 0.947844 -0.178379 -1.2462 0.115652 0.152486 0.981515 -1.8887 0 0 0 1 
4215528470258;0.0650151;0.0546849;0.999529 -0.0306629 0.00124494 0.139763 0.0306653 0.999528 -0.0020315 -0.177031 -0.00118206 0.00206872 0.999997 -0.0405004 0 0 0 1 
4215528470259;0.534376;0.143041;0.961797 -0.271599 0.0343588 1.19308 0.271549 0.962405 0.00617987 -1.496 -0.0347455 0.00338632 0.99939 0.522314 0 0 0 1 
4215528470260;0.97684;0.474985;0.998419 -0.0417323 0.0376528 0.338309 0.0465095 0.989547 -0.136509 -0.46064 -0.0315624 0.138044 0.989923 0.160415 0 0 0 1 
