#;prob_registration_l1 -r /home/probabilistic_point_clouds_registration/build/tester /home/point_clouds_registration_benchmark//devel/registration_pairs/planetary_map_local.txt /home/point_clouds_registration_benchmark//planetary/p2at_met -s 0.2 -t 0.2 -p 0.3 -r 1000 -m 1 -i 40 
id;initial_error;final_error;transformation
25528382210000;2.8561;0.963585;0.997972 -0.0632112 -0.00748771 -3.48025 0.0633913 0.997625 0.0269279 -1.37554 0.00576778 -0.0273479 0.999609 0.728683 0 0 0 1 
25528382210001;2.11331;1.34009;0.999713 -0.0205609 -0.0122945 -1.26839 0.0223701 0.984848 0.171974 -1.30544 0.00857228 -0.172199 0.985025 -9.41211 0 0 0 1 
25528382210002;1.70145;1.45581;0.975505 0.0206849 0.219003 1.69493 0.0368031 0.966191 -0.255189 -2.31098 -0.216877 0.256998 0.941762 14.2902 0 0 0 1 
25528382210003;1.37022;0.459966;0.99999 0.00445507 0.000269348 -0.0864437 -0.00445686 0.999965 0.00705663 0.0583192 -0.000237901 -0.00705776 0.999975 0.743217 0 0 0 1 
25528382210004;1.75339;1.37071;0.966664 -0.0217006 0.255127 -0.739248 -0.00840876 0.993174 0.116338 -0.115548 -0.25591 -0.114605 0.959883 -5.27424 0 0 0 1 
25528382210005;0.735848;0.432674;0.995496 0.00857944 0.0944093 0.624027 0.0210977 0.950869 -0.308874 -3.00989 -0.0924209 0.309475 0.946406 16.3998 0 0 0 1 
25528382210006;1.57164;0.560918;0.997275 -0.0151354 -0.07221 -0.860718 0.0141095 0.999792 -0.0146968 -0.12841 0.0724175 0.0136379 0.997281 -1.34087 0 0 0 1 
25528382210007;1.73822;1.52191;0.999957 -0.00814516 -0.00432289 -0.229735 0.00790039 0.998515 -0.0539006 -0.330036 0.0047555 0.0538642 0.998537 2.18726 0 0 0 1 
25528382210008;0.906109;0.899602;0.995667 0.0154868 0.0916963 1.00906 -0.0159068 0.999866 0.00385209 0.139899 -0.0916244 -0.005294 0.99578 0.203014 0 0 0 1 
25528382210009;0.490985;0.254525;0.970316 0.0435224 -0.23789 2.00785 -0.0187809 0.994263 0.105298 0.171975 0.241108 -0.0977048 0.965567 -6.53315 0 0 0 1 
25528382210010;2.17163;0.638388;0.989751 -0.0896967 -0.111121 -4.15265 0.0335648 0.902447 -0.429492 -5.79422 0.138805 0.42136 0.896208 17.9311 0 0 0 1 
25528382210011;2.42393;1.08222;0.999924 0.000568167 -0.012277 -0.550738 0.00120181 0.989623 0.143683 0.221164 0.0122312 -0.143687 0.989548 -8.85463 0 0 0 1 
25528382210012;1.04957;0.446069;0.997305 -0.0311237 -0.0664423 -1.57793 0.0271691 0.997852 -0.0596147 -0.834948 0.068155 0.0576489 0.996008 3.04426 0 0 0 1 
25528382210013;1.47687;1.25273;0.999995 0.000808672 0.00317126 0.029933 -0.000818206 0.999995 0.00300619 0.030006 -0.00316881 -0.00300877 0.99999 0.490471 0 0 0 1 
25528382210014;2.77484;2.20606;0.981745 -0.00534325 0.190127 0.424772 -0.0611731 0.937624 0.342225 -2.15559 -0.180096 -0.347609 0.920181 -15.2717 0 0 0 1 
25528382210015;1.8346;1.69795;0.997634 0.0023284 0.0687055 0.180297 0.00240037 0.997637 -0.0686639 -0.197099 -0.068703 0.0686664 0.995271 4.48443 0 0 0 1 
25528382210016;0.567147;0.682384;0.992786 -0.0287127 -0.11641 -1.66874 0.0481575 0.984637 0.167842 -1.50049 0.109802 -0.172238 0.978917 -9.85296 0 0 0 1 
25528382210017;2.04883;1.60185;0.953368 0.0191384 -0.301202 0.276262 0.0450644 0.977773 0.204766 -1.25643 0.298426 -0.208791 0.931315 -11.2039 0 0 0 1 
25528382210018;2.95759;1.60464;0.99881 0.0482942 -0.00677812 1.89386 -0.0419844 0.922251 0.384305 -2.22033 0.0248108 -0.383563 0.923181 -17.4497 0 0 0 1 
25528382210019;2.21355;1.94581;0.996174 0.00979044 0.0868459 0.758951 -0.00945945 0.999946 -0.00422198 0.182205 -0.0868826 0.00338431 0.996213 -0.14783 0 0 0 1 
25528382210020;0.308749;0.558179;0.980795 -0.0574469 0.18639 -2.91405 0.100508 0.967849 -0.23058 -2.98059 -0.167151 0.244886 0.955035 13.1768 0 0 0 1 
25528382210021;1.80312;1.43221;0.999859 0.0153898 -0.0067101 0.808406 -0.0150136 0.998486 0.0529128 0.0125343 0.00751426 -0.0528046 0.998577 -1.85695 0 0 0 1 
25528382210022;2.94324;1.52233;0.875334 -0.0166413 -0.483232 -1.43108 -0.0182486 0.997559 -0.0674092 1.21953 0.483174 0.0678239 0.872893 0.54509 0 0 0 1 
25528382210023;1.21687;0.979768;0.88775 -0.014437 -0.460099 -0.602287 -0.0235722 0.996771 -0.0767588 0.0984563 0.459721 0.0789882 0.884543 0.120971 0 0 0 1 
25528382210024;1.44022;1.21215;0.998742 -0.0280413 0.0415776 -1.58873 0.029144 0.999233 -0.0261558 -0.47735 -0.0408122 0.0273346 0.998793 1.09611 0 0 0 1 
25528382210025;2.35204;2.18865;0.999982 0.00123886 -0.00591781 0.284377 -0.00119217 0.999968 0.00788732 -0.147475 0.00592739 -0.00788012 0.999951 -0.605272 0 0 0 1 
25528382210026;1.69358;0.555151;0.997972 0.00792545 0.0631609 0.354257 -0.00908807 0.999794 0.0181413 0.305081 -0.0630041 -0.0186785 0.997838 -2.06654 0 0 0 1 
25528382210027;2.42888;0.82197;0.995858 -0.0629382 0.0656221 -4.14371 0.0635125 0.997959 -0.00670064 -0.919309 -0.0650664 0.0108407 0.997822 2.53888 0 0 0 1 
25528382210028;0.814222;0.295406;0.968873 0.00413477 -0.247522 0.467805 -0.0247736 0.996461 -0.0803256 0.19565 0.246314 0.0839573 0.965547 1.71873 0 0 0 1 
25528382210029;0.390701;0.319581;0.973378 -0.06394 -0.220106 -3.3218 -0.00165771 0.958312 -0.285718 -2.54586 0.229199 0.278476 0.932694 12.0625 0 0 0 1 
25528382210031;1.54457;0.79126;0.999648 0.0196736 -0.0177793 0.56491 -0.0187638 0.998575 0.0499665 0.00874364 0.018737 -0.0496153 0.998593 -3.15514 0 0 0 1 
25528382210032;0.49374;0.370879;0.999737 0.0229414 0.000421005 0.589491 -0.022823 0.992353 0.121303 0.0127833 0.00236508 -0.121281 0.992615 -3.6981 0 0 0 1 
25528382210033;0.496545;0.381439;0.998032 0.0123713 0.0614798 0.3445 -0.0132812 0.999808 0.0144136 0.0536468 -0.0612897 -0.0152018 0.998004 -0.430851 0 0 0 1 
25528382210034;1.67751;1.41255;0.999673 -0.00237213 -0.0254794 -0.135274 -0.000300342 0.994538 -0.104375 -0.156543 0.0255878 0.104349 0.994212 1.88888 0 0 0 1 
25528382210035;1.14274;0.524458;0.996936 0.0188287 -0.0759273 0.545017 -0.015234 0.998748 0.0476484 0.0859557 0.0767294 -0.0463458 0.995974 -3.28532 0 0 0 1 
25528382210036;0.657758;0.177737;0.998554 0.0149461 0.0516351 0.458108 -0.021069 0.992532 0.120153 0.231945 -0.0494537 -0.121067 0.991412 -2.72671 0 0 0 1 
25528382210037;0.42747;0.25523;0.943714 0.0285226 -0.32953 1.05498 -0.00776051 0.99791 0.0641497 -0.0305451 0.330671 -0.0579817 0.941963 -5.06228 0 0 0 1 
25528382210038;2.16463;1.54454;0.995053 -0.0138705 -0.0983762 -0.607602 0.0103842 0.999303 -0.0358621 -0.251879 0.098805 0.0346632 0.994503 1.78064 0 0 0 1 
25528382210039;1.45509;1.18591;0.999806 0.0011724 0.0196391 0.0440419 -0.00224138 0.998511 0.0544977 -0.0114994 -0.019546 -0.0545311 0.998321 -0.798212 0 0 0 1 
25528382210040;1.05221;1.06241;0.995548 -0.0182731 -0.0924647 -0.498679 0.0137062 0.998666 -0.0497864 -0.204133 0.093251 0.0482974 0.994471 0.403823 0 0 0 1 
25528382210041;1.71424;0.77559;0.910207 -0.0138976 0.413919 0.76264 -0.0123771 0.998078 0.0607282 0.120693 -0.413968 -0.0603984 0.908286 3.28626 0 0 0 1 
25528382210042;0.574012;0.30774;0.988745 0.00850995 0.149368 0.220491 0.0416166 0.943333 -0.329227 -2.46608 -0.143705 0.331738 0.932362 11.6682 0 0 0 1 
25528382210043;0.513876;0.221172;0.999989 0.00244297 0.00393286 0.236146 -0.00319648 0.978809 0.204748 -0.454834 -0.00334932 -0.204759 0.978807 -6.73485 0 0 0 1 
25528382210044;0.355334;0.272891;0.913835 -0.00668337 0.40603 0.789807 -0.0480887 0.991048 0.124544 0.245248 -0.403228 -0.133338 0.905333 -0.793535 0 0 0 1 
25528382210045;1.15928;1.01854;0.999318 0.0081565 -0.0360098 0.119546 -0.00984311 0.998851 -0.0469117 0.0570905 0.0355857 0.0472342 0.99825 0.845443 0 0 0 1 
25528382210046;2.5411;1.21587;0.995407 0.0186198 0.0939078 0.707087 -0.0542999 0.91767 0.393616 -2.24129 -0.0788473 -0.396907 0.914466 -13.7604 0 0 0 1 
25528382210047;2.63214;2.19409;0.961815 -0.069666 -0.264686 -2.40497 -0.0290287 0.935644 -0.351749 -2.32667 0.272157 0.346001 0.897894 8.99472 0 0 0 1 
25528382210048;0.0550198;0.0712892;0.999714 0.00983457 -0.0217913 0.228891 -0.0101669 0.999833 -0.0151905 0.0497361 0.0216383 0.0154077 0.999647 0.218441 0 0 0 1 
25528382210049;0.624254;0.272339;0.998722 0.0244851 0.0442193 0.609302 -0.0333185 0.976775 0.21166 -0.252899 -0.0380098 -0.212862 0.976343 -5.81549 0 0 0 1 
25528382210050;1.7141;0.296311;0.999692 0.00998349 0.0227302 0.150674 -0.00883313 0.998702 -0.0501591 0.106228 -0.0232015 0.0499429 0.998483 3.56659 0 0 0 1 
25528382210051;0.731618;0.733021;0.998871 0.00707295 -0.0469718 0.161167 -0.00309802 0.996447 0.0841633 -0.0908508 0.0474002 -0.0839228 0.995344 -3.02627 0 0 0 1 
25528382210052;0.501673;0.418918;0.944364 0.0153538 -0.328545 0.780988 0.0235986 0.993172 0.114245 -0.278513 0.328056 -0.115642 0.937553 -6.38087 0 0 0 1 
25528382210053;0.245766;0.286727;0.996427 -0.000254373 0.0844556 -0.0140758 0.0125419 0.989353 -0.144992 -0.584736 -0.0835196 0.145533 0.985822 5.05555 0 0 0 1 
25528382210054;2.27774;1.73904;0.998387 -0.0155702 0.0545894 -0.426927 0.0183018 0.998586 -0.0499018 -0.139334 -0.0537353 0.0508204 0.997261 3.42967 0 0 0 1 
25528382210055;0.613367;0.714902;0.997069 0.0175468 -0.0744624 0.337142 -0.0152709 0.999402 0.0310252 0.0352579 0.0749622 -0.0297972 0.996741 -1.46544 0 0 0 1 
25528382210056;2.21606;1.96736;0.992743 0.0435594 -0.112088 1.37065 -0.0191327 0.97743 0.210392 -0.523033 0.118722 -0.206721 0.97117 -8.23114 0 0 0 1 
25528382210057;2.17431;1.97766;0.999816 -0.00527016 -0.0184459 -0.31577 0.00458173 0.999299 -0.0371667 -0.213153 0.0186289 0.0370754 0.999139 1.66019 0 0 0 1 
25528382210058;0.777574;0.580016;0.943681 0.0846537 -0.319844 2.57388 0.0404459 0.929947 0.365463 -2.08125 0.328376 -0.357817 0.874149 -13.7558 0 0 0 1 
25528382210059;0.655634;0.306686;0.99857 0.0212842 -0.0490503 0.585877 -0.0165817 0.9954 0.0943578 -0.0590984 0.050833 -0.0934095 0.994329 -4.03956 0 0 0 1 
25528382210060;1.3379;0.724232;0.942451 -0.0637606 -0.32821 -1.63356 -0.00555812 0.978524 -0.206056 -0.737572 0.334299 0.196022 0.921856 4.38628 0 0 0 1 
25528382210062;1.314;0.903035;0.99626 0.00923747 -0.085911 0.339089 -0.00477675 0.998636 0.051984 0.120248 0.086274 -0.0513792 0.994946 -2.36764 0 0 0 1 
25528382210063;2.15505;1.50304;0.999976 -0.00693775 -0.000759889 -0.440351 0.0068892 0.998639 -0.0516942 0.125321 0.0011175 0.0516877 0.998663 3.05728 0 0 0 1 
25528382210064;0.553066;0.47642;0.984496 0.0013103 0.1754 0.213713 0.0247847 0.9889 -0.146501 -0.702153 -0.173645 0.148577 0.973536 9.76411 0 0 0 1 
25528382210065;1.61508;0.689835;0.994593 0.0314126 -0.0989833 2.41632 -0.0140226 0.985048 0.171707 -1.01953 0.102897 -0.16939 0.980163 -12.5488 0 0 0 1 
25528382210066;1.78743;1.012;0.999957 -0.000563653 0.00924637 -0.142684 0.000345512 0.999722 0.0235767 0.0887149 -0.00925709 -0.0235725 0.999679 -0.850702 0 0 0 1 
25528382210067;0.672032;0.543697;0.993843 -0.0161415 -0.109611 -2.16805 0.006058 0.995767 -0.0917108 -0.570449 0.110627 0.0904821 0.989735 11.7832 0 0 0 1 
25528382210068;1.84994;0.781341;0.998013 0.00778771 -0.0625262 0.145796 -0.00454823 0.998648 0.0517861 0.120212 0.0628449 -0.0513988 0.996699 -1.80765 0 0 0 1 
25528382210069;2.23987;0.280383;0.98149 -0.0331233 -0.188627 -3.54364 -0.0114305 0.973042 -0.230345 -2.80518 0.191172 0.228238 0.954652 24.7131 0 0 0 1 
25528382210070;2.2156;0.888052;0.999939 -0.000344385 -0.0110588 -0.325553 0.000396562 0.999989 0.00471634 0.00525381 0.011057 -0.00472044 0.999928 2.15033 0 0 0 1 
25528382210071;1.44584;1.29032;0.999071 -0.0430051 0.00263395 -4.22041 0.0395398 0.890849 -0.452575 -10.8208 0.0171166 0.452259 0.891722 44.3497 0 0 0 1 
25528382210072;1.6175;1.45645;0.998305 -0.0380223 -0.0440525 -4.03091 0.0199005 0.934444 -0.355552 -6.84365 0.0546835 0.354073 0.933618 36.6745 0 0 0 1 
25528382210073;2.148;0.392541;0.999135 0.0113615 -0.0399934 0.5911 -0.00935502 0.998705 0.0500059 0.0463906 0.0405097 -0.0495886 0.997948 -1.53574 0 0 0 1 
25528382210074;1.21241;0.551154;0.991584 -0.00893914 0.129157 -0.471625 0.00654484 0.999799 0.0189504 0.283451 -0.1293 -0.0179456 0.991443 -6.61975 0 0 0 1 
25528382210075;0.469924;0.205132;0.967828 -0.0254318 -0.250324 -3.84535 -0.01538 0.987039 -0.159743 -1.94212 0.251142 0.158454 0.954893 21.3343 0 0 0 1 
25528382210076;1.94829;1.25329;0.999885 0.00486996 -0.0143337 0.165672 -0.00368162 0.996642 0.0817937 0.156312 0.0146839 -0.0817316 0.996546 -5.8449 0 0 0 1 
25528382210077;1.55351;0.722045;0.999866 0.0101815 -0.0128202 1.12217 -0.00930451 0.99773 0.0667019 -0.102759 0.0134702 -0.0665737 0.997691 -8.176 0 0 0 1 
25528382210078;1.78754;1.42138;0.999835 0.00421896 0.0176575 0.409438 -0.00480087 0.999442 0.033044 0.0582335 -0.0175082 -0.0331233 0.999298 -2.80799 0 0 0 1 
25528382210079;0.52952;0.388411;0.966559 -0.0179631 -0.255815 -3.33635 -0.00907433 0.994523 -0.104121 -0.984688 0.256284 0.10296 0.961102 16.1367 0 0 0 1 
25528382210080;0.579865;0.171969;0.999958 0.00254976 -0.00881966 0.180739 -0.00253924 0.999996 0.0012042 -0.0284269 0.00882269 -0.00118176 0.99996 0.661392 0 0 0 1 
25528382210081;1.6725;1.66816;0.999613 -0.00988124 0.0260203 -0.898546 0.0116321 0.997616 -0.0680216 -0.0897493 -0.0252862 0.0682979 0.997344 5.9077 0 0 0 1 
25528382210082;1.80785;0.175498;0.959666 -0.0180951 0.280561 -1.5947 -0.0230597 0.989498 0.142695 -0.937539 -0.280197 -0.143409 0.94917 -19.4918 0 0 0 1 
25528382210083;0.928935;0.309502;0.981654 -0.0335474 -0.187698 -4.51422 -0.005788 0.978704 -0.205196 -2.938 0.190585 0.202517 0.960554 25.674 0 0 0 1 
25528382210084;1.83208;1.46146;0.998796 -0.0148695 -0.0467527 -1.51886 0.00878158 0.991759 -0.12782 -0.799427 0.048268 0.127255 0.990695 12.2407 0 0 0 1 
25528382210085;0.401662;0.296031;0.993796 0.0560775 -0.0960447 5.20463 -0.0243177 0.952245 0.304365 -4.41269 0.108526 -0.300141 0.947701 -27.7415 0 0 0 1 
25528382210086;1.45129;1.16289;0.996875 0.00459357 -0.0788591 0.0503155 -0.00647942 0.999699 -0.0236749 -0.103555 0.0787266 0.0241119 0.996605 5.09031 0 0 0 1 
25528382210087;0.345605;0.161699;0.938698 -0.00591406 0.344689 -1.07511 0.0356008 0.99617 -0.0798607 0.320875 -0.342896 0.0872363 0.935314 -0.0143836 0 0 0 1 
25528382210088;0.167837;0.143935;0.999955 -0.00307639 -0.00902307 -0.350546 0.00309251 0.999994 0.00177398 0.11034 0.00901756 -0.0018018 0.999958 -0.274816 0 0 0 1 
25528382210089;1.83562;1.78468;0.999896 -0.00272091 0.0141278 -0.251112 0.003174 0.999478 -0.0321483 0.0610519 -0.0140329 0.0321898 0.999383 2.44627 0 0 0 1 
25528382210090;2.15758;0.174638;0.999994 -0.0013442 -0.0032915 -0.348043 0.00125571 0.999642 -0.0267402 -0.0811127 0.00332626 0.0267359 0.999637 5.28172 0 0 0 1 
25528382210091;0.893388;0.521101;0.999848 -0.0138875 0.0105578 -1.39986 0.0150724 0.992416 -0.121995 -0.751128 -0.00878354 0.122136 0.992475 12.5313 0 0 0 1 
25528382210093;1.89713;0.274152;0.97692 0.0330858 -0.211027 -0.99786 -0.0140882 0.99576 0.0909005 -0.274912 0.21314 -0.0858296 0.973244 4.55391 0 0 0 1 
25528382210094;0.825331;0.244591;0.997942 0.0224505 -0.0600577 -0.0314906 -0.00182376 0.946254 0.323419 0.333426 0.0640908 -0.322644 0.944348 -1.94549 0 0 0 1 
25528382210095;0.858473;1.05664;0.961787 0.0728286 0.263934 0.810113 -0.109473 0.985857 0.126892 -1.64708 -0.25096 -0.150937 0.956158 -4.29213 0 0 0 1 
25528382210096;0.8797;0.338504;0.950492 0.0816534 0.29983 0.798539 -0.18986 0.916425 0.352304 -3.17695 -0.246005 -0.391788 0.886557 -7.15969 0 0 0 1 
25528382210097;2.1961;0.608211;0.996426 0.0331427 0.0777023 0.379248 -0.0376433 0.997653 0.0571902 -1.63346 -0.0756245 -0.0599108 0.995335 -2.86678 0 0 0 1 
25528382210098;1.08082;0.227936;0.999731 0.0231066 -0.00186937 0.330525 -0.0231817 0.996927 -0.0748257 -1.12888 0.000134654 0.0748489 0.997195 -0.190233 0 0 0 1 
25528382210099;0.565162;0.32798;0.945389 -0.044253 -0.322926 -1.80746 0.0012837 0.991238 -0.132079 -0.194559 0.325941 0.124452 0.937163 5.99307 0 0 0 1 
25528382210100;1.81678;1.72211;0.997411 0.0661449 0.0282176 0.643202 -0.0713825 0.958203 0.277039 -0.75216 -0.0087135 -0.278336 0.960444 -1.83937 0 0 0 1 
25528382210101;0.708323;0.41148;0.998862 -0.0333916 -0.0340679 -0.358879 0.0319159 0.998566 -0.042976 0.517802 0.035454 0.0418398 0.998495 1.30127 0 0 0 1 
25528382210102;2.25601;1.86055;0.996643 -0.0182768 -0.0798078 -0.0888443 0.00961361 0.994146 -0.107614 -0.143201 0.0813074 0.106486 0.990984 0.738416 0 0 0 1 
25528382210103;0.72475;0.469757;0.999057 0.0417391 -0.0119425 0.301717 -0.0402922 0.993873 0.10292 -0.486778 0.0161651 -0.102341 0.994618 0.24318 0 0 0 1 
25528382210104;2.73972;1.59015;0.990951 0.0493902 -0.124807 -0.257728 -0.0111498 0.956915 0.290155 0.583293 0.13376 -0.286138 0.948806 2.22063 0 0 0 1 
25528382210105;1.37462;0.395116;0.986878 0.0340247 0.157843 0.502182 0.0493569 0.86719 -0.495525 -1.66897 -0.15374 0.496813 0.854131 -0.424488 0 0 0 1 
25528382210106;1.98093;0.21541;0.993413 -0.0685789 -0.0918012 -0.207839 0.0276493 0.920923 -0.388762 -0.0516548 0.111203 0.383663 0.916753 2.25845 0 0 0 1 
25528382210107;2.7132;2.06942;0.999718 -0.00115283 0.0236992 0.197764 -3.98226e-05 0.998736 0.0502626 0.0594868 -0.0237271 -0.0502494 0.998455 -2.31134 0 0 0 1 
25528382210108;2.24596;0.735858;0.984127 0.037558 -0.173444 0.161827 -0.0300562 0.998504 0.0456786 -1.58874 0.1749 -0.0397404 0.983784 1.37311 0 0 0 1 
25528382210109;1.35089;0.296802;0.996693 0.0190418 0.0790029 0.506624 -0.0114415 0.995358 -0.0955627 -0.348294 -0.0804558 0.0943427 0.992283 -1.86909 0 0 0 1 
25528382210110;1.54595;1.03378;0.998202 0.0440189 -0.040677 0.0938284 -0.0173155 0.861537 0.5074 0.512688 0.0573799 -0.505783 0.86075 -2.3586 0 0 0 1 
25528382210111;0.364366;0.127204;0.984578 -0.020705 -0.173718 -0.745047 0.0114189 0.99846 -0.0542852 0.0396832 0.174575 0.0514644 0.983298 3.33196 0 0 0 1 
25528382210112;2.44837;2.16177;0.994542 0.00365845 0.104274 0.0852956 -0.0240187 0.980573 0.194681 0.353964 -0.101536 -0.196123 0.975308 -1.14094 0 0 0 1 
25528382210113;0.357128;0.437685;0.99441 0.101251 0.0299412 0.732155 -0.103381 0.991322 0.0812021 -1.87992 -0.0214596 -0.0838435 0.996248 -0.497592 0 0 0 1 
25528382210114;2.52967;1.10878;0.947539 -0.0540072 0.315043 -0.554387 0.155066 0.939539 -0.30532 1.78984 -0.279506 0.338156 0.898625 -4.44894 0 0 0 1 
25528382210115;1.99023;0.276161;0.997957 -0.00457448 -0.0637302 -0.523253 0.00524302 0.999933 0.0103269 0.202041 0.0636786 -0.0106399 0.997914 2.95893 0 0 0 1 
25528382210116;0.274109;0.182063;0.998313 0.0263467 -0.0517454 -0.0145466 -0.0130879 0.970303 0.241538 0.208791 0.0565724 -0.240454 0.969011 -0.564002 0 0 0 1 
25528382210117;0.456139;0.299234;0.965662 0.0914678 0.243167 0.579921 -0.14058 0.971076 0.192998 -2.33234 -0.21848 -0.220555 0.95059 -4.97547 0 0 0 1 
25528382210118;1.00279;0.26134;0.998736 -0.00705808 0.049763 0.0777187 0.00692613 0.999972 0.00282349 0.16695 -0.0497815 -0.00247526 0.998757 -1.72562 0 0 0 1 
25528382210119;1.53716;1.08612;0.995118 0.0297788 0.0940874 0.233514 -0.00702067 0.972334 -0.233491 -1.33547 -0.0984374 0.23169 0.967796 0.528716 0 0 0 1 
25528382210120;1.16367;0.495785;0.999742 0.00356994 0.0224419 0.125011 -0.00380364 0.999939 0.0103796 0.339904 -0.0224035 -0.0104623 0.999694 0.444992 0 0 0 1 
25528382210121;1.92017;1.48366;0.998831 0.0116435 0.0469146 0.233815 -0.0208058 0.979608 0.199841 0.111109 -0.0436311 -0.200583 0.978705 -2.93069 0 0 0 1 
25528382210122;1.42171;0.553837;0.995522 0.0210888 -0.0921474 0.214063 -0.0243035 0.99913 -0.0339047 -0.329542 0.0913522 0.0359924 0.995168 0.35261 0 0 0 1 
25528382210124;1.41534;0.51298;0.999801 0.0137489 -0.0144258 1.18884 -0.0130005 0.998627 0.0507511 -0.294639 0.0151038 -0.0505534 0.998607 -5.5485 0 0 0 1 
25528382210125;0.633729;0.352665;0.99199 -0.0318051 -0.122247 -2.83612 0.0143266 0.989866 -0.14128 -1.03502 0.125502 0.138397 0.982393 12.1122 0 0 0 1 
25528382210126;0.445145;0.316787;0.951108 -0.00221797 -0.308852 -0.944739 0.00937358 0.999721 0.0216865 0.0563595 0.308718 -0.0235213 0.950863 -0.184375 0 0 0 1 
25528382210127;0.670288;0.622606;0.998142 -0.0118418 -0.0597706 -1.06799 0.00815102 0.998066 -0.0616199 -0.24769 0.0603847 0.0610183 0.996308 5.28722 0 0 0 1 
25528382210128;2.24311;1.76075;0.999966 -0.0081934 0.000864279 -0.371529 0.00820999 0.999738 -0.0213512 -0.0541243 -0.000689114 0.0213576 0.999772 -0.318161 0 0 0 1 
25528382210129;1.80511;1.50651;0.985574 0.0114143 0.168859 1.17616 -0.0131859 0.999869 0.0093741 0.129364 -0.16873 -0.0114654 0.985596 -0.551485 0 0 0 1 
25528382210130;0.986557;0.195269;0.998957 0.0115844 0.0441701 0.877567 -0.0150146 0.99683 0.0781369 0.00207191 -0.0431249 -0.0787185 0.995964 -5.35852 0 0 0 1 
25528382210131;2.11864;1.90733;0.983665 -0.104157 -0.146814 -8.33647 0.0294418 0.897705 -0.439612 -8.38331 0.177584 0.428108 0.886108 34.1313 0 0 0 1 
25528382210132;0.163045;0.187556;0.999901 0.00708479 -0.0121441 0.50513 -0.00747526 0.999447 -0.0324154 -0.105212 0.0119077 0.032503 0.999401 2.41496 0 0 0 1 
25528382210133;1.8377;0.934912;0.999853 -0.00280729 -0.0169381 -0.477468 0.00267296 0.999965 -0.00794844 0.0531727 0.0169598 0.00790199 0.999825 2.61752 0 0 0 1 
25528382210134;1.18998;0.873305;0.999996 -0.0028998 2.85071e-05 -0.313626 0.00289929 0.999513 -0.0310645 -0.0693296 6.15878e-05 0.0310645 0.999517 3.31694 0 0 0 1 
25528382210135;0.879278;0.708496;0.999247 0.015482 0.0355891 1.18226 -0.0168707 0.999094 0.0390591 -0.0767576 -0.0349522 -0.0396301 0.998603 -2.75328 0 0 0 1 
25528382210136;1.20454;1.05652;0.938881 0.0334318 0.342615 2.85049 0.022642 0.98712 -0.158369 -1.05625 -0.343496 0.156447 0.926032 11.1201 0 0 0 1 
25528382210137;0.490225;0.535313;0.999919 -0.00968562 0.00825602 -0.666874 0.0101891 0.997943 -0.0632989 -0.230894 -0.00762595 0.0633779 0.99796 4.61558 0 0 0 1 
25528382210138;0.898047;0.9155;0.999909 -0.00989962 0.00917365 -0.695654 0.0106322 0.996443 -0.0835955 -0.357243 -0.00831345 0.0836854 0.996458 6.15996 0 0 0 1 
25528382210139;0.258844;0.225253;0.99826 -0.00886111 0.0582909 -0.612428 0.0117457 0.998713 -0.0493312 -0.151867 -0.0577788 0.0499301 0.99708 3.62609 0 0 0 1 
25528382210140;1.51354;1.31764;0.999622 -0.00593177 0.0268611 -0.401379 0.00892989 0.993565 -0.112911 -0.569751 -0.0260185 0.113108 0.993242 7.87574 0 0 0 1 
25528382210141;0.177514;0.223201;0.96919 0.0125709 0.245992 1.25884 -0.0284393 0.997729 0.061062 -0.182624 -0.244665 -0.0661765 0.967347 -6.76229 0 0 0 1 
25528382210142;1.7221;1.43061;0.990735 0.0112372 -0.135345 0.469976 0.00810202 0.989906 0.141495 -0.321887 0.135569 -0.141281 0.980643 -9.90113 0 0 0 1 
25528382210143;1.74732;1.68144;0.993304 -0.0129804 -0.114796 -1.25126 0.00855723 0.999205 -0.0389399 0.00857276 0.115211 0.0376968 0.992626 3.66325 0 0 0 1 
25528382210144;0.62636;0.64295;0.984946 -0.0108829 -0.17252 -1.16405 0.0112103 0.999937 0.000923882 0.0900097 0.172499 -0.00284398 0.985006 0.614148 0 0 0 1 
25528382210145;2.23099;1.66348;0.98264 0.0205894 0.184376 2.01317 -0.0299945 0.998379 0.0483669 -0.169101 -0.183081 -0.0530575 0.981665 -3.63657 0 0 0 1 
25528382210146;0.123351;0.161115;0.987507 -0.00204779 0.15756 0.139829 0.00156612 0.999994 0.00318115 -0.0210963 -0.157566 -0.00289465 0.987504 -1.21982 0 0 0 1 
25528382210147;2.1323;0.355345;0.999931 -0.00577578 0.0101937 -0.671932 0.0059177 0.999885 -0.0139476 0.0697972 -0.0101119 0.014007 0.999851 3.63126 0 0 0 1 
25528382210148;1.17842;0.50989;0.999946 -0.00391408 -0.0096245 -0.388914 0.00349616 0.999066 -0.0430628 -0.0526421 0.00978406 0.0430269 0.999026 4.55163 0 0 0 1 
25528382210149;1.8032;1.61293;0.97438 0.0415092 -0.221044 2.72004 0.0143185 0.969378 0.245154 -1.91697 0.224451 -0.242038 0.943949 -18.4377 0 0 0 1 
25528382210150;1.89528;1.86901;0.992037 0.00232766 0.125922 0.380937 0.0101119 0.995129 -0.0980579 -0.396793 -0.125537 0.0985504 0.987182 6.96375 0 0 0 1 
25528382210151;1.38396;0.532874;0.999977 0.00618067 0.00281708 0.661097 -0.00617029 0.999974 -0.00368014 -0.150455 -0.00283975 0.00366267 0.999989 -1.54989 0 0 0 1 
25528382210152;1.90731;1.74659;0.999427 0.00447424 -0.0335488 0.33881 -0.00165517 0.996499 0.0835902 -0.153701 0.0338053 -0.0834868 0.995935 -7.46259 0 0 0 1 
25528382210153;0.627318;0.291542;0.968994 -0.0556817 -0.240728 -5.16173 0.0153523 0.985962 -0.166261 -1.46925 0.246607 0.15741 0.956246 14.3809 0 0 0 1 
25528382210155;0.972428;0.652634;0.996481 -0.0449216 -0.070759 -2.9111 0.00962514 0.899986 -0.435812 -7.20857 0.0832595 0.433597 0.897252 27.2408 0 0 0 1 
25528382210156;1.01473;0.716009;0.992042 0.0202459 -0.12427 0.846552 -0.0136244 0.998453 0.0539031 -0.19324 0.12517 -0.051781 0.990783 -1.88788 0 0 0 1 
25528382210157;0.233342;0.222633;0.998603 -0.00189402 -0.0527988 -0.240561 -0.00127792 0.998199 -0.0599775 -0.256998 0.0528173 0.0599612 0.996802 4.6462 0 0 0 1 
25528382210158;0.218897;0.187696;0.999911 -0.00857487 -0.0102427 -0.536504 0.00864103 0.999942 0.0064319 0.248337 0.010187 -0.00651983 0.999927 -0.492502 0 0 0 1 
25528382210159;0.424214;0.204302;0.969612 -0.00284197 0.244631 -0.151306 0.0859667 0.940124 -0.329813 -2.59909 -0.229046 0.340821 0.9118 14.5099 0 0 0 1 
25528382210160;0.944861;0.765138;0.999109 -0.0164148 -0.0388924 -0.97252 0.00870029 0.981593 -0.190786 -1.77621 0.0413082 0.190277 0.980861 11.8061 0 0 0 1 
25528382210161;0.607772;0.435697;0.984183 -0.0149845 0.17652 -0.772001 0.0358005 0.992681 -0.115338 0.126739 -0.1735 0.119833 0.977516 1.67252 0 0 0 1 
25528382210162;0.465464;0.291993;0.991342 0.0114932 0.130798 1.01165 -0.0296429 0.990034 0.137675 -0.752837 -0.127912 -0.14036 0.981803 -12.045 0 0 0 1 
25528382210163;0.301031;0.200426;0.99989 0.00878344 -0.0119835 0.426536 -0.00840035 0.999464 0.031652 0.0238319 0.0122551 -0.0315478 0.999427 -1.17352 0 0 0 1 
25528382210164;0.262538;0.246775;0.99997 -0.0077382 0.000110994 -0.506767 0.00773736 0.999951 0.00620126 0.237947 -0.000158975 -0.00620022 0.999981 -0.600027 0 0 0 1 
25528382210165;0.165591;0.17411;0.99992 0.00180415 -0.0125339 -0.00480653 -0.000575577 0.995251 0.0973402 0.0947279 0.01265 -0.0973252 0.995172 -5.37344 0 0 0 1 
25528382210166;1.12952;0.728694;0.972511 0.00156348 -0.23285 -0.826199 0.00772807 0.99921 0.0389859 0.208209 0.232727 -0.0397137 0.971731 0.853458 0 0 0 1 
25528382210167;0.708722;0.263522;0.99465 -0.0170069 -0.101889 -1.55676 0.0107489 0.99804 -0.0616563 -0.101972 0.102738 0.0602312 0.992883 7.3479 0 0 0 1 
25528382210168;1.1418;0.261372;0.999828 0.0036485 0.0182072 0.0677212 -0.00309888 0.999541 -0.0301242 -0.136833 -0.0183087 0.0300626 0.99938 4.12694 0 0 0 1 
25528382210169;0.757933;0.717168;0.994476 0.00406092 0.104889 0.523033 -0.00114473 0.999612 -0.0278478 -0.236686 -0.104962 0.0275739 0.994094 -1.12998 0 0 0 1 
25528382210170;0.338329;0.0850844;0.988658 0.0114368 0.14975 0.811126 0.0493719 0.916929 -0.395985 -4.89039 -0.141839 0.398887 0.905964 19.7583 0 0 0 1 
25528382210171;0.814741;0.689573;0.99546 0.0172681 -0.0936054 0.396706 -0.0129896 0.998851 0.0461259 -0.100418 0.0942944 -0.0447005 0.99454 0.720312 0 0 0 1 
25528382210172;0.85032;0.32021;0.991232 0.0589246 -0.118268 2.22712 -0.0142751 0.937577 0.347485 -1.80055 0.131361 -0.34275 0.930197 -15.118 0 0 0 1 
25528382210173;0.630488;0.56618;0.99968 -0.00235915 -0.0251866 -0.228371 0.00414529 0.99746 0.0711017 0.266842 0.0249549 -0.0711834 0.997151 -4.54508 0 0 0 1 
25528382210174;0.36066;0.267115;0.961533 0.100935 -0.255473 3.82251 -0.00243352 0.933137 0.359513 -2.27335 0.274678 -0.345062 0.897488 -14.4174 0 0 0 1 
25528382210175;0.400793;0.364001;0.999725 0.00496214 0.0229215 0.361941 -0.00251533 0.994409 -0.105567 -0.650812 -0.0233172 0.105481 0.994148 5.7797 0 0 0 1 
25528382210176;0.342834;0.189053;0.984439 0.00390142 0.175685 0.560025 -0.03443 0.984659 0.171059 -0.978063 -0.172323 -0.174446 0.969471 -14.7916 0 0 0 1 
25528382210177;0.260067;0.11934;0.997209 -0.0360967 -0.0653612 -2.3496 0.01718 0.962815 -0.269615 -2.64103 0.072663 0.26774 0.960747 17.0442 0 0 0 1 
25528382210178;0.926206;0.2467;0.9998 -0.00851011 0.0180921 -0.673783 0.00831817 0.999909 0.0106582 0.252626 -0.0181811 -0.0105056 0.99978 1.16988 0 0 0 1 
25528382210179;0.695785;0.211378;0.999989 -0.00339573 -0.00327924 0.0325592 0.00280662 0.986224 -0.165392 -0.682253 0.0037957 0.165381 0.986222 7.99028 0 0 0 1 
25528382210180;0.109455;0.0931738;0.999634 0.0148696 0.0225844 0.939995 -0.0163564 0.997609 0.0671417 -0.190122 -0.021532 -0.0674865 0.997488 -4.55286 0 0 0 1 
25528382210181;0.971587;0.607143;0.944578 0.0107196 0.328112 0.192773 0.0082548 0.998375 -0.0563815 0.0944355 -0.328183 0.0559653 0.942955 -6.43633 0 0 0 1 
25528382210182;0.540657;0.309865;0.998352 0.00879344 0.0567035 0.768882 -0.00812589 0.999895 -0.0119925 -0.331274 -0.056803 0.011512 0.998319 -1.73521 0 0 0 1 
25528382210183;0.488607;0.361194;0.970104 0.00903265 0.242522 0.742653 -0.00736873 0.999943 -0.00776715 -0.0711717 -0.242579 0.00574786 0.970115 -4.77246 0 0 0 1 
25528382210184;0.107925;0.063849;0.999925 0.00587491 -0.0107484 0.263978 -0.00572473 0.999886 0.0139497 -0.0696905 0.0108292 -0.0138871 0.999845 -0.367971 0 0 0 1 
25528382210186;2.61464;0.321626;0.907086 0.0360498 -0.4194 -0.41121 0.0510662 0.979544 0.194644 0.0564924 0.417837 -0.197976 0.886689 -5.47761 0 0 0 1 
25528382210187;2.55948;0.316334;0.999973 0.00702369 0.00196777 0.6025 -0.00700515 0.999932 -0.00927922 -0.243657 -0.00203281 0.00926519 0.999955 -2.03613 0 0 0 1 
25528382210188;2.1137;0.744667;0.995228 -0.00889659 -0.0971659 -0.151763 -0.00261887 0.99304 -0.117748 -0.214796 0.0975371 0.11744 0.988278 3.86435 0 0 0 1 
25528382210189;3.03095;1.6813;0.93389 -0.0104613 0.357408 0.156113 0.0283632 0.99859 -0.0448831 0.253492 -0.356434 0.0520532 0.932869 -0.554447 0 0 0 1 
25528382210190;2.58604;2.37778;0.941339 0.0407233 0.334995 1.86562 0.0248774 0.981617 -0.189235 -1.09996 -0.336543 0.186468 0.923021 4.11371 0 0 0 1 
25528382210191;2.29839;1.28345;0.993564 0.00680149 0.113065 0.407676 -0.0470337 0.932844 0.357196 -1.3279 -0.103042 -0.360215 0.927161 -13.9525 0 0 0 1 
25528382210192;1.26077;1.02085;0.997907 0.024857 -0.0596992 0.997906 -0.0226391 0.999038 0.0375449 -0.333795 0.0605751 -0.0361147 0.99751 -1.58712 0 0 0 1 
25528382210193;1.94741;1.26363;0.976809 -0.0186086 0.213302 -0.596654 0.0477303 0.990073 -0.132205 0.10057 -0.208724 0.13932 0.968 1.09137 0 0 0 1 
25528382210194;0.500481;0.408373;0.991204 0.0656848 -0.114888 2.13908 -0.0149373 0.918112 0.39604 -2.13503 0.131494 -0.39084 0.911018 -14.2605 0 0 0 1 
25528382210195;0.447325;0.211878;0.993601 0.00347138 0.112898 0.31926 0.0257827 0.966169 -0.256618 -1.70066 -0.109969 0.257887 0.959896 8.76744 0 0 0 1 
25528382210196;0.672791;0.512412;0.999594 -0.0282727 -0.00356377 -1.23036 0.0284027 0.998618 0.0442138 0.586979 0.00230881 -0.0442971 0.999016 -1.55014 0 0 0 1 
25528382210197;1.68816;1.67725;0.999292 0.0257021 0.0274818 1.11635 -0.0266698 0.999016 0.0354448 -0.231026 -0.0265438 -0.0361527 0.998994 -1.77764 0 0 0 1 
25528382210198;0.0806703;0.093373;0.999582 -0.0288997 -0.00123941 -1.15715 0.0288809 0.999496 -0.0131771 0.337019 0.0016196 0.0131358 0.999912 0.472113 0 0 0 1 
25528382210199;2.04506;0.612399;0.986058 -0.0173472 0.165494 -0.359249 0.0194432 0.99975 -0.0110529 0.300817 -0.165261 0.0141165 0.986149 -3.3549 0 0 0 1 
25528382210200;1.86353;0.721173;0.986034 -0.0915814 -0.139107 -4.53662 0.0426341 0.946209 -0.320736 -1.72157 0.160997 0.310325 0.936898 14.6587 0 0 0 1 
25528382210201;1.69978;1.56811;0.978521 -0.0204198 0.205134 -0.477717 -0.00272442 0.993714 0.111914 0.131355 -0.20613 -0.110069 0.972314 -7.84765 0 0 0 1 
25528382210202;3.09717;0.528329;0.999626 -0.0145657 0.0231495 -0.861314 0.0156843 0.998681 -0.0488993 0.0512214 -0.0224067 0.0492441 0.998535 4.40642 0 0 0 1 
25528382210203;2.66545;0.390184;0.999857 0.0125957 0.0112737 0.372557 -0.0134071 0.997089 0.0750537 0.158718 -0.0102956 -0.0751941 0.997116 -0.811989 0 0 0 1 
25528382210204;2.12678;1.71319;0.999988 7.21815e-05 0.00492252 -0.120345 -8.74038e-05 0.999995 0.00309222 0.602956 -0.00492228 -0.00309262 0.999983 -0.149759 0 0 0 1 
25528382210205;2.17534;0.461262;0.973024 0.0228668 -0.229568 0.656904 -0.0139192 0.999082 0.0405203 -0.327942 0.230284 -0.0362318 0.972449 -0.694008 0 0 0 1 
25528382210206;0.615844;0.276937;0.999213 0.0128346 0.0375363 0.583944 -0.00989402 0.996943 -0.077502 -0.501538 -0.0384163 0.0770696 0.996285 2.96153 0 0 0 1 
25528382210207;2.70191;2.47193;0.998682 -0.0165766 0.0485831 -0.423764 0.0210065 0.995525 -0.0921379 -0.0874219 -0.0468384 0.093037 0.99456 1.69631 0 0 0 1 
25528382210208;0.254784;0.290201;0.99821 0.037852 -0.0462987 1.40707 -0.0363975 0.998829 0.0318671 -0.544141 0.0474507 -0.0301249 0.998419 -0.650158 0 0 0 1 
25528382210209;0.401221;0.408973;0.999852 0.0153378 0.00776912 0.622129 -0.0156725 0.998863 0.0450331 -0.076681 -0.00706957 -0.0451482 0.998955 -1.89215 0 0 0 1 
25528382210210;3.26762;2.95883;0.998243 0.0489113 0.0334461 2.07078 -0.0577914 0.928292 0.367334 -2.54865 -0.013081 -0.368622 0.929487 -16.274 0 0 0 1 
25528382210211;2.11433;0.66055;0.997343 0.0541057 0.0487896 2.41612 -0.0618384 0.982759 0.174243 -0.469436 -0.0385208 -0.176797 0.983493 -5.86449 0 0 0 1 
25528382210212;0.939666;0.375408;0.978583 0.0198959 0.204889 0.828792 0.0168627 0.984225 -0.176113 -0.679723 -0.205161 0.175796 0.962811 3.58196 0 0 0 1 
25528382210213;1.20317;1.04863;0.997424 0.00270734 0.0716813 0.318055 -0.00994202 0.994861 0.100765 0.142091 -0.0710401 -0.101218 0.992325 -4.69046 0 0 0 1 
25528382210214;2.77469;0.779404;0.985467 0.0511253 0.161991 2.50654 -0.0159247 0.977239 -0.211544 -2.18869 -0.169119 0.20589 0.963851 8.20743 0 0 0 1 
25528382210215;2.52413;2.37006;0.999426 0.0198303 -0.0274493 0.732693 -0.0125219 0.969563 0.244523 -0.703357 0.0314628 -0.244039 0.969255 -9.92197 0 0 0 1 
25528382210217;1.06109;1.08319;0.971361 -0.0126408 -0.237271 -0.964703 0.00391799 0.9993 -0.0371986 -0.0185111 0.237576 0.0352036 0.970731 3.97591 0 0 0 1 
25528382210218;0.551084;0.534701;0.999836 0.0161285 0.00829239 1.5222 -0.0166156 0.997908 0.0624855 -0.250132 -0.00726724 -0.062613 0.998011 -5.50584 0 0 0 1 
25528382210219;0.422673;0.57301;0.97602 -0.00948351 0.217473 -0.456361 -0.00079201 0.998889 0.0471139 0.131412 -0.217678 -0.0461564 0.974929 -4.97369 0 0 0 1 
25528382210220;1.03905;0.908537;0.962318 0.0540115 -0.26651 4.74045 -0.0167372 0.989982 0.140197 -1.03017 0.271412 -0.130454 0.953581 -11.0586 0 0 0 1 
25528382210221;1.31298;0.690044;0.997716 -0.0177205 -0.0651845 -1.87543 0.00850687 0.990256 -0.138996 -1.08622 0.0670125 0.138124 0.988145 14.0826 0 0 0 1 
25528382210222;1.56771;1.16004;0.987495 0.0261527 -0.155468 2.68683 -0.00889642 0.993817 0.110671 -0.692841 0.157402 -0.107904 0.981622 -10.9495 0 0 0 1 
25528382210223;0.395381;0.312612;0.998282 0.00345049 -0.0584901 0.196427 -0.000240614 0.998497 0.0547974 -0.0340365 0.0585913 -0.0546892 0.996783 -4.49108 0 0 0 1 
25528382210224;1.45898;1.12793;0.995155 -0.00282608 -0.0982798 -0.686226 0.00435673 0.999872 0.0153634 0.0300469 0.0982238 -0.0157171 0.99504 -0.0132192 0 0 0 1 
25528382210225;0.647882;0.326955;0.955702 0.0425346 -0.291245 3.12579 0.00320594 0.98794 0.154803 -0.899642 0.294317 -0.148879 0.944041 -11.6765 0 0 0 1 
25528382210226;0.247807;0.282102;0.994442 0.00987658 -0.104819 0.854539 -0.00791231 0.999786 0.019139 -0.0302779 0.104986 -0.0182033 0.994307 -1.33349 0 0 0 1 
25528382210227;1.67052;0.412472;0.99987 -3.83315e-05 0.0161026 -0.216915 5.82919e-05 0.999999 -0.00123911 -0.0233585 -0.0161025 0.00123989 0.99987 2.2579 0 0 0 1 
25528382210228;0.941077;0.366463;0.999861 -0.00160124 -0.0165987 0.191353 0.000524441 0.997906 -0.0646752 -0.0823394 0.0166675 0.0646575 0.997768 4.33821 0 0 0 1 
25528382210229;1.84373;1.80155;0.999505 -0.0173441 -0.026248 -1.69962 0.0155849 0.997711 -0.0658051 -0.169764 0.0273292 0.0653634 0.997487 6.00955 0 0 0 1 
25528382210230;0.815476;0.751027;0.999949 -0.00570201 -0.00829154 -0.567482 0.00564158 0.999957 -0.00729323 0.0347275 0.00833277 0.00724608 0.999939 0.969641 0 0 0 1 
25528382210231;0.945073;0.485487;0.999946 0.00321446 -0.00989073 0.140086 -0.00333068 0.999925 -0.0117566 -0.0595737 0.0098522 0.0117889 0.999882 2.10315 0 0 0 1 
25528382210232;0.385786;0.372778;0.994706 0.00951569 0.102323 0.96679 -0.0183984 0.996106 0.0862207 -0.337577 -0.101104 -0.0876468 0.991008 -8.75119 0 0 0 1 
25528382210233;0.215723;0.166354;0.99941 0.0306606 0.0154581 2.7826 -0.0340408 0.943709 0.329022 -4.87489 -0.0044999 -0.329354 0.944196 -29.6908 0 0 0 1 
25528382210234;1.80049;1.32505;0.99992 -0.0105754 0.00691731 -0.630145 0.0110281 0.997552 -0.0690534 0.0955497 -0.00617011 0.0691242 0.997589 4.04947 0 0 0 1 
25528382210235;1.841;1.96467;0.981138 -0.00238254 0.193295 -0.0332263 -0.036303 0.979862 0.196346 -1.65845 -0.189871 -0.19966 0.961293 -18.2119 0 0 0 1 
25528382210236;0.783834;0.525766;0.992502 -0.000118143 0.122225 0.0503635 -0.00589103 0.998791 0.0488024 -0.079745 -0.122083 -0.0491565 0.991302 -4.27682 0 0 0 1 
25528382210237;0.646121;0.512038;0.995913 -0.00329164 -0.0902579 -0.184447 0.00288208 0.999985 -0.00466768 0.0194758 0.0902719 0.00438847 0.995907 -0.0318214 0 0 0 1 
25528382210238;0.978297;0.74699;0.99452 -0.0113416 0.103934 -0.947823 0.0235614 0.992839 -0.117112 -0.660875 -0.101862 0.118919 0.987665 10.767 0 0 0 1 
25528382210239;1.51578;0.184211;0.995457 -0.00815395 0.0948582 -1.05889 0.0140499 0.997999 -0.0616546 -0.104486 -0.0941656 0.0627073 0.99358 7.26073 0 0 0 1 
25528382210240;0.466545;0.402642;0.999861 0.0155116 -0.00606306 1.29547 -0.0139849 0.979673 0.200113 -1.65285 0.00904389 -0.200001 0.979754 -17.9064 0 0 0 1 
25528382210241;1.93577;1.77652;0.990044 -0.00176689 0.140746 0.0229589 -0.0191502 0.988933 0.147123 -0.851235 -0.139448 -0.148353 0.979053 -13.8738 0 0 0 1 
25528382210242;0.86252;0.451416;0.996738 -0.0221675 0.0775953 -2.0108 0.0373055 0.979195 -0.199464 -1.96847 -0.0715592 0.201708 0.976828 18.5315 0 0 0 1 
25528382210243;0.905546;0.394232;0.970728 -0.00673502 0.240089 -0.0187518 -0.00532071 0.998758 0.0495301 0.048982 -0.240124 -0.0493576 0.969487 -4.35864 0 0 0 1 
25528382210244;0.219604;0.240076;0.999847 0.000209313 -0.0175049 0.010518 -0.00057686 0.999779 -0.0209945 -0.0318996 0.0174966 0.0210013 0.999626 1.74273 0 0 0 1 
25528382210245;0.165948;0.241584;0.980911 -0.00720218 0.194323 -0.325393 0.00409678 0.999857 0.0163777 0.0773741 -0.194414 -0.015269 0.980801 -2.56004 0 0 0 1 
25528382210246;1.5805;1.44929;0.998496 0.00181468 0.0547901 0.128875 -0.00262821 0.999887 0.0147798 -0.0154007 -0.0547571 -0.0149016 0.998389 -0.628577 0 0 0 1 
25528382210248;1.80404;1.36279;0.99611 0.00544741 0.0879503 0.352695 0.00934633 0.985926 -0.166921 -0.536212 -0.0876217 0.167093 0.98204 8.74095 0 0 0 1 
25528382210249;2.65063;0.754708;0.999221 -0.0197186 0.0341845 -1.02407 0.0192157 0.999703 0.0149784 0.175438 -0.0344697 -0.0143099 0.999303 -3.78666 0 0 0 1 
25528382210250;0.988386;0.223707;0.988399 -0.0303765 -0.148811 -2.02219 0.0213918 0.997871 -0.0616097 -0.191066 0.150365 0.0577116 0.986945 3.73189 0 0 0 1 
25528382210251;1.96971;0.483602;0.999332 0.0118229 -0.0345735 0.697778 -0.0106806 0.999397 0.0330406 0.723567 0.0349433 -0.0326493 0.998856 -3.9796 0 0 0 1 
25528382210252;1.48555;1.00141;0.998712 0.0507248 -0.00118279 3.10953 -0.050725 0.998713 -0.000113337 -0.591541 0.00117552 0.000173188 0.999999 0.371843 0 0 0 1 
25528382210253;1.51489;0.404601;0.998879 0.0178113 0.0438543 1.10466 -0.0157312 0.998755 -0.0473303 0.046675 -0.0446428 0.0465873 0.997916 0.904657 0 0 0 1 
25528382210254;2.5409;1.72099;0.999404 0.0059695 0.0340078 0.503669 -0.0108952 0.989143 0.146554 0.25848 -0.0327637 -0.146837 0.988618 -10.0413 0 0 0 1 
25528382210255;0.438009;0.16891;0.995349 0.0115464 -0.0956448 0.516581 -0.0204586 0.995481 -0.0927311 -0.371261 0.0941419 0.0942565 0.991087 5.31598 0 0 0 1 
25528382210256;0.895108;0.444034;0.960921 -0.000921868 0.276822 0.640492 0.0784035 0.959954 -0.268962 -3.22033 -0.265489 0.280155 0.922512 16.6482 0 0 0 1 
25528382210257;0.887196;0.822829;0.999374 -0.00244523 0.0353005 -0.00414488 0.00210609 0.999951 0.00964125 -0.0459168 -0.0353223 -0.00956086 0.99933 -0.749998 0 0 0 1 
25528382210258;2.46932;0.561889;0.998673 0.0429256 -0.0284382 2.80118 -0.0444326 0.997515 -0.0546685 -0.0124969 0.0260208 0.0558596 0.9981 0.283981 0 0 0 1 
25528382210259;0.355498;0.209433;0.995253 0.005753 0.0971533 0.457083 0.0400282 0.885714 -0.462503 -7.3861 -0.0887108 0.464196 0.881279 25.7478 0 0 0 1 
