#;prob_registration_l1 -r /home/probabilistic_point_clouds_registration/build/tester /home/point_clouds_registration_benchmark//devel/registration_pairs/stairs_local.txt /home/point_clouds_registration_benchmark//eth/stairs -s 0.2 -t 0.2 -p 0.3 -r 1000 -m 1 -i 40 
id;initial_error;final_error;transformation
5494384560000;0.832403;0.0839753;0.986502 0.162529 -0.0199469 0.888744 -0.160416 0.98368 0.081487 0.68594 0.0328654 -0.0771873 0.996475 0.271055 0 0 0 1 
5494384560001;0.315086;0.105609;0.899969 0.28568 -0.329308 1.70353 -0.242064 0.955687 0.167535 1.4783 0.362576 -0.0710625 0.929241 -2.41326 0 0 0 1 
5494384560002;0.630491;0.0878147;0.999389 0.00666483 -0.0342979 0.757647 -0.00601985 0.999804 0.0188741 -0.0365708 0.0344169 -0.0186561 0.999233 0.0127325 0 0 0 1 
5494384560003;0.317466;0.0904447;0.969923 -0.0235791 -0.242268 0.936877 0.108177 0.933361 0.342249 -1.70368 0.218054 -0.358163 0.907839 -1.46867 0 0 0 1 
5494384560004;0.657978;0.0844842;0.995787 0.0906378 0.0139279 -0.100473 -0.091685 0.986948 0.132393 0.883932 -0.00174632 -0.133112 0.991099 0.492381 0 0 0 1 
5494384560005;0.751618;0.124911;0.99697 -0.0546137 -0.0553983 -0.368185 0.0629577 0.984745 0.162212 -1.33546 0.0456942 -0.165208 0.9852 -0.446687 0 0 0 1 
5494384560006;0.696898;0.0979534;0.912446 0.355597 -0.202469 1.47234 -0.36945 0.928628 -0.0340078 2.49199 0.175926 0.105833 0.978698 -0.734994 0 0 0 1 
5494384560007;0.399045;0.0936837;0.945844 -0.318134 -0.0645684 0.763762 0.32308 0.941901 0.0918781 -2.87083 0.0315875 -0.107763 0.993675 -0.242008 0 0 0 1 
5494384560008;0.231215;0.0931931;0.979044 -0.162402 -0.122879 0.42393 0.155768 0.985855 -0.0618609 -1.00776 0.131187 0.0414239 0.990492 -0.85609 0 0 0 1 
5494384560009;0.454804;0.0976486;0.988022 0.0241278 -0.152417 0.734301 -0.0045654 0.991839 0.127415 -0.511038 0.154247 -0.125193 0.980069 -0.763971 0 0 0 1 
5494384560010;0.83506;0.0898905;0.99908 0.0396664 -0.0163033 0.0562338 -0.0385422 0.997187 0.064282 0.303317 0.0188073 -0.0635945 0.997799 0.727625 0 0 0 1 
5494384560011;0.300381;0.122219;0.994904 0.096632 0.0287736 -0.0632172 -0.0869253 0.966671 -0.240813 1.20275 -0.0510849 0.237085 0.970145 0.393812 0 0 0 1 
5494384560012;0.513405;0.0949724;0.935883 0.103695 -0.336704 1.24757 -0.156786 0.978436 -0.134464 1.45473 0.3155 0.178633 0.93196 -1.73124 0 0 0 1 
5494384560013;0.592232;0.0845839;0.99032 0.0552313 -0.127338 0.569414 -0.0525315 0.99832 0.0244659 0.981259 0.128476 -0.0175398 0.991558 -0.956063 0 0 0 1 
5494384560014;0.784839;0.100474;0.941326 0.242506 0.234725 0.587258 -0.288418 0.939202 0.186318 1.5476 -0.175271 -0.243084 0.954039 1.81989 0 0 0 1 
5494384560015;1.02961;0.113131;0.924601 0.360983 -0.121673 0.557963 -0.380292 0.893257 -0.239728 4.174 0.0221475 0.267924 0.963186 0.562297 0 0 0 1 
5494384560016;0.692498;0.10803;0.983576 0.160236 -0.0830779 0.369016 -0.17972 0.911992 -0.368742 2.73272 0.0166805 0.377617 0.925812 -0.377164 0 0 0 1 
5494384560017;0.125802;0.084942;0.998486 0.0514506 -0.0194505 0.116649 -0.0502668 0.997102 0.0571089 0.195787 0.0223324 -0.0560448 0.998178 -0.0553113 0 0 0 1 
5494384560018;0.697368;0.102325;0.992649 0.0842123 -0.0869313 0.878791 -0.0972522 0.982524 -0.158707 1.2391 0.0720471 0.165995 0.983491 -0.0100636 0 0 0 1 
5494384560019;0.372102;0.110162;0.939889 0.330155 0.0872103 0.341748 -0.339289 0.93177 0.129183 2.26757 -0.0386094 -0.151008 0.987778 0.026705 0 0 0 1 
5494384560020;0.725979;0.098243;0.930373 0.356815 0.0841932 0.312387 -0.364621 0.876676 0.313834 2.42672 0.0381703 -0.322681 0.945738 0.368515 0 0 0 1 
5494384560021;0.810082;0.093416;0.990476 0.129633 -0.0463968 -0.08058 -0.127741 0.990932 0.0416691 0.958879 0.0513777 -0.0353455 0.998054 0.408003 0 0 0 1 
5494384560022;1.01164;0.0846998;0.891765 -0.277156 -0.357686 1.5354 0.321379 0.944399 0.0694704 -3.49722 0.318545 -0.176904 0.931254 -1.9097 0 0 0 1 
5494384560023;0.527542;0.0928929;0.971741 0.143149 -0.187693 0.982807 -0.134714 0.989243 0.0570217 0.787709 0.193836 -0.0301256 0.980571 -1.90997 0 0 0 1 
5494384560024;0.419936;0.113361;0.922241 0.373975 -0.0980538 1.19782 -0.372558 0.927419 0.0330739 2.7667 0.103306 0.00602864 0.994631 -0.991681 0 0 0 1 
5494384560025;0.495752;0.104463;0.920467 0.352102 -0.169602 1.16616 -0.341976 0.93571 0.0866011 2.48803 0.189191 -0.0217134 0.9817 -0.964138 0 0 0 1 
5494384560026;0.350666;0.103166;0.975659 0.145114 0.16441 -0.13997 -0.102138 0.964158 -0.244882 1.34331 -0.194053 0.222129 0.955511 1.82051 0 0 0 1 
5494384560027;0.90423;0.0922122;0.986642 0.110935 -0.119292 1.40821 -0.0836068 0.973328 0.213642 0.265692 0.139811 -0.200814 0.969601 -0.846002 0 0 0 1 
5494384560028;0.914969;0.118126;0.998593 -0.0488899 -0.0205615 -0.802084 0.0504925 0.994978 0.0864271 -0.437035 0.0162328 -0.0873437 0.996046 -0.367229 0 0 0 1 
5494384560029;0.844853;0.122259;0.996687 0.0813173 0.00163774 0.104408 -0.0813105 0.995718 0.0439756 -0.152576 0.00194525 -0.0439631 0.999031 -0.620656 0 0 0 1 
5494384560031;0.314572;0.271297;0.918158 -0.363626 -0.15736 0.418907 0.36502 0.930763 -0.020994 -1.41787 0.154099 -0.0381636 0.987318 -0.376898 0 0 0 1 
5494384560032;0.143255;0.265348;0.992696 0.0603323 0.104474 -0.0784015 -0.0525427 0.99574 -0.0757738 0.219828 -0.1086 0.069731 0.991637 0.671358 0 0 0 1 
5494384560033;0.256973;0.244446;0.99758 0.0094352 0.0688847 0.102398 -0.00160333 0.993608 -0.112876 0.190688 -0.0695094 0.112493 0.991218 0.582473 0 0 0 1 
5494384560034;0.872658;0.252006;0.963457 -0.226055 0.143702 -0.0376429 0.202195 0.965622 0.163377 -1.75706 -0.175694 -0.12835 0.976042 0.308762 0 0 0 1 
5494384560035;0.383527;0.251655;0.993944 -0.0772944 0.0781118 -0.0278704 0.0733454 0.995938 0.0522233 0.0184141 -0.0818311 -0.0461779 0.995576 0.616996 0 0 0 1 
5494384560036;0.699819;0.269047;0.956662 0.270934 -0.106732 0.466402 -0.289546 0.924039 -0.249629 0.836692 0.0309919 0.269714 0.962442 0.795678 0 0 0 1 
5494384560037;0.785083;0.245787;0.964783 -0.0927168 0.246164 -0.409659 0.161477 0.947496 -0.276002 -0.265913 -0.20765 0.306032 0.9291 0.416113 0 0 0 1 
5494384560038;1.00964;0.26506;0.895765 -0.438395 0.0735849 -0.939121 0.440368 0.897733 -0.0123083 -1.38441 -0.0606637 0.0434298 0.997213 0.191397 0 0 0 1 
5494384560039;0.16472;0.298152;0.989232 -0.0849052 -0.119213 0.0416031 0.085227 0.996359 -0.00240523 -0.309762 0.118983 -0.00778086 0.992866 -0.224085 0 0 0 1 
5494384560040;0.656318;0.285414;0.904897 0.324999 0.274841 0.483541 -0.316246 0.945555 -0.0768984 0.747246 -0.284869 -0.0173322 0.95841 1.55904 0 0 0 1 
5494384560041;0.496934;0.260878;0.863912 -0.296663 0.406997 -0.196443 0.298279 0.952518 0.0611551 -1.14116 -0.405814 0.0685658 0.91138 2.32218 0 0 0 1 
5494384560042;0.516103;0.274706;0.974386 -0.031454 -0.22267 0.223609 0.0622821 0.989183 0.132811 -0.582563 0.216084 -0.143278 0.965805 -1.05501 0 0 0 1 
5494384560043;0.0787389;0.238372;0.999252 -0.00395005 0.038467 -0.124124 0.00242217 0.999209 0.039685 -0.195395 -0.0385933 -0.0395621 0.998472 0.41891 0 0 0 1 
5494384560044;0.670233;0.256778;0.9969 0.0401872 0.0676485 0.114623 -0.0423985 0.998602 0.0315761 0.216429 -0.0662849 -0.0343464 0.997209 1.22667 0 0 0 1 
5494384560045;0.454928;0.240914;0.900332 -0.276006 0.336485 -0.486211 0.177594 0.938869 0.294932 -1.19497 -0.397319 -0.205779 0.894311 1.83815 0 0 0 1 
5494384560046;0.663952;0.257494;0.983837 0.138759 -0.113186 0.29838 -0.138853 0.990288 0.00709394 1.20991 0.113071 0.0087369 0.993548 -0.265908 0 0 0 1 
5494384560047;0.60701;0.245437;0.990088 0.0164055 -0.13949 -0.283601 -0.0398382 0.985168 -0.166902 0.674673 0.134683 0.170805 0.976056 -0.491397 0 0 0 1 
5494384560048;0.280379;0.243531;0.998603 -0.012975 0.0512262 -0.134164 0.0127119 0.999904 0.00545759 -0.230982 -0.0512921 -0.00479878 0.998672 0.766686 0 0 0 1 
5494384560049;0.480826;0.276756;0.915069 0.338773 0.218817 0.501928 -0.337535 0.940275 -0.0441991 1.37639 -0.220722 -0.0334132 0.974764 1.09538 0 0 0 1 
5494384560050;0.519994;0.264804;0.971155 0.205823 0.120393 -0.299832 -0.199342 0.977855 -0.0637368 0.260297 -0.130845 0.0378991 0.990678 0.843301 0 0 0 1 
5494384560051;0.245903;0.244339;0.999401 -0.0163476 0.0305145 -0.0222534 0.0155705 0.999553 0.0255339 -0.311378 -0.0309182 -0.0250434 0.999208 0.164052 0 0 0 1 
5494384560052;0.581213;0.233416;0.941144 0.155502 0.300114 -0.452114 -0.199745 0.972136 0.122688 0.00600673 -0.272673 -0.175414 0.945981 1.06415 0 0 0 1 
5494384560053;0.543864;0.253878;0.955754 -0.221018 0.194129 -0.54806 0.203691 0.973352 0.105341 -1.28177 -0.212238 -0.0611374 0.975304 0.721384 0 0 0 1 
5494384560054;0.812423;0.251662;0.982826 -0.0291623 -0.182215 0.140023 0.0396675 0.997738 0.0542758 -0.518622 0.18022 -0.0605717 0.981759 -1.31639 0 0 0 1 
5494384560055;0.804846;0.250593;0.911764 0.000842276 0.410714 0.461709 -0.0390619 0.995643 0.0846736 0.487165 -0.408853 -0.0932456 0.907824 1.91421 0 0 0 1 
5494384560056;0.404608;0.269833;0.976487 0.151501 0.153362 -0.287191 -0.148054 0.988404 -0.0337233 0.170115 -0.156693 0.0102245 0.987594 0.81285 0 0 0 1 
5494384560057;0.241612;0.233558;0.974715 0.206687 -0.0849229 0.298231 -0.19515 0.972509 0.127052 0.407415 0.108848 -0.107267 0.988254 -0.14428 0 0 0 1 
5494384560058;0.361634;0.268117;0.98836 -0.106757 0.108388 0.0223281 0.119681 0.985445 -0.120726 -0.1093 -0.0939216 0.132292 0.986751 0.697027 0 0 0 1 
5494384560059;0.672349;0.27127;0.997501 -0.0135096 0.0693504 -0.171696 0.0109542 0.999252 0.0370966 -0.196094 -0.0697996 -0.0362443 0.996902 -0.241178 0 0 0 1 
5494384560060;0.435775;0.277313;0.955556 -0.284645 -0.0767425 -0.163242 0.294763 0.917924 0.265574 -1.58373 -0.00515031 -0.276392 0.961031 0.0981787 0 0 0 1 
5494384560062;0.821662;0.162989;0.968792 -0.184232 -0.165835 0.33896 0.185959 0.982544 -0.00519138 -1.57745 0.163897 -0.0258092 0.98614 -1.18621 0 0 0 1 
5494384560063;1.2461;0.161275;0.945148 0.0955411 -0.312357 1.76555 -0.0956589 0.995301 0.0149842 0.726998 0.312321 0.0157175 0.949847 -2.39652 0 0 0 1 
5494384560064;0.351118;0.133525;0.925964 -0.377582 0.00483797 0.189164 0.376808 0.92475 0.0534101 -2.54289 -0.0246406 -0.0476328 0.998561 0.212248 0 0 0 1 
5494384560065;1.02628;0.153719;0.996399 0.0842848 0.0092301 -0.0299256 -0.0840827 0.996249 -0.0204467 0.430398 -0.0109188 0.019597 0.999748 0.902231 0 0 0 1 
5494384560066;0.385602;0.560702;0.943325 0.323129 -0.075661 1.03114 -0.320823 0.946242 0.0412148 2.16203 0.0849113 -0.0146052 0.996281 -0.362712 0 0 0 1 
5494384560067;1.09812;0.144047;0.980882 -0.121734 0.151829 -0.381656 0.139242 0.984067 -0.110558 -0.891656 -0.135951 0.129585 0.982204 0.269314 0 0 0 1 
5494384560068;0.284277;0.143952;0.988196 0.142921 -0.0551525 0.295643 -0.120273 0.946796 0.298517 0.0462314 0.0948825 -0.28836 0.952809 -0.535935 0 0 0 1 
5494384560069;0.305684;0.166371;0.988539 0.149433 -0.0214575 0.39728 -0.148804 0.988458 0.0284241 0.949367 0.0254573 -0.0249054 0.999366 -0.00816857 0 0 0 1 
5494384560070;1.06788;0.125344;0.998445 0.0556398 -0.00347724 0.801976 -0.0543168 0.984956 0.164046 -0.0139123 0.0125524 -0.163602 0.986447 -0.351754 0 0 0 1 
5494384560071;0.199717;0.127693;0.999989 -0.00139538 0.00445244 -0.0107 0.00138638 0.999997 0.00202296 -0.0183057 -0.00445525 -0.00201677 0.999988 0.246059 0 0 0 1 
5494384560072;1.02349;0.133908;0.964073 -0.0081767 -0.265513 1.10729 -0.065061 0.961815 -0.265855 1.74403 0.257548 0.273578 0.926727 -1.27731 0 0 0 1 
5494384560073;0.123206;0.124517;0.994588 -0.103343 0.0106984 -0.0671452 0.102572 0.993085 0.0571105 -0.751954 -0.0165263 -0.0557041 0.998311 0.191208 0 0 0 1 
5494384560074;0.700296;0.508733;0.966757 0.253619 0.0325343 0.156438 -0.254019 0.96716 0.00875474 1.98461 -0.0292455 -0.016728 0.999432 -0.00424173 0 0 0 1 
5494384560075;0.186882;0.15998;0.999883 0.0145955 0.00454888 0.0596062 -0.014537 0.999814 -0.0126381 0.201074 -0.00473249 0.0125705 0.99991 0.0108293 0 0 0 1 
5494384560076;1.00141;0.144674;0.993089 -0.0859877 0.0798801 -0.28497 0.0783166 0.992425 0.0946543 -0.469164 -0.0874141 -0.0877442 0.9923 1.34729 0 0 0 1 
5494384560077;0.605922;0.156399;0.898407 -0.31937 -0.301442 1.34922 0.354022 0.93285 0.0667816 -2.33638 0.259872 -0.166714 0.951143 -1.76729 0 0 0 1 
5494384560078;0.686652;0.144499;0.923227 -0.381789 0.0434722 0.0446257 0.380341 0.891846 -0.244852 -1.75207 0.0547111 0.242588 0.968586 0.316028 0 0 0 1 
5494384560079;0.330281;0.184338;0.92895 0.369591 -0.021302 0.67443 -0.361621 0.918227 0.161525 1.8932 0.0792582 -0.142345 0.986639 -0.405464 0 0 0 1 
5494384560080;0.779401;0.404839;0.948018 0.308596 -0.0776566 1.20304 -0.298882 0.947263 0.115594 2.10917 0.109233 -0.0863747 0.990256 -0.498543 0 0 0 1 
5494384560081;0.603531;0.186786;0.980831 0.190836 -0.039408 0.532646 -0.194266 0.97343 -0.12122 1.78952 0.0152277 0.126552 0.991843 0.380106 0 0 0 1 
5494384560082;0.617118;0.145756;0.892727 -0.278216 -0.354448 1.42367 0.331776 0.938121 0.0992675 -2.04693 0.304897 -0.206216 0.929792 -2.00332 0 0 0 1 
5494384560083;0.290683;0.125942;0.944608 0.308268 0.112632 0.202684 -0.297812 0.949312 -0.100571 2.14034 -0.137925 0.061457 0.988534 0.925139 0 0 0 1 
5494384560084;0.175327;0.184152;0.988202 -0.103932 -0.112496 0.301087 0.0892564 0.987693 -0.12844 -0.12773 0.124461 0.116883 0.985316 -0.626846 0 0 0 1 
5494384560085;0.943472;0.163897;0.994324 -0.102355 -0.0290325 0.0539099 0.0900485 0.954968 -0.282715 -0.157163 0.0566623 0.278496 0.958765 0.585433 0 0 0 1 
5494384560086;0.821732;0.150501;0.992298 -0.019302 0.12236 -0.456765 0.00605822 0.994165 0.107698 -0.48142 -0.123724 -0.106127 0.986625 1.36676 0 0 0 1 
5494384560087;0.12902;0.1528;0.999021 0.0269981 -0.0350391 0.0118193 -0.0261184 0.999338 0.0253283 0.177916 0.0356997 -0.0243883 0.999065 -0.0679146 0 0 0 1 
5494384560088;1.25698;0.448015;0.892515 0.0365306 -0.449537 1.84986 -0.0227506 0.999092 0.0360196 -0.606542 0.450444 -0.0219208 0.892535 -2.36065 0 0 0 1 
5494384560089;1.3654;0.567513;0.937701 0.339796 0.0724945 0.153267 -0.340253 0.940313 -0.00632817 2.65999 -0.0703177 -0.0187325 0.997349 -0.279081 0 0 0 1 
5494384560090;0.736364;0.132323;0.960074 -0.279382 -0.0142953 0.559421 0.257456 0.902405 -0.345516 -0.516146 0.109431 0.32804 0.938304 -0.21228 0 0 0 1 
5494384560091;0.484121;0.151382;0.943304 -0.145203 -0.298485 1.11356 0.209482 0.957966 0.196008 -1.74999 0.257477 -0.247423 0.93407 -1.15564 0 0 0 1 
5494384560093;0.0553842;0.324664;0.987929 0.114587 -0.104239 0.354455 -0.120342 0.991438 -0.0506893 0.972652 0.0975385 0.0626218 0.99326 -0.366684 0 0 0 1 
5494384560094;0.672056;0.503605;0.88105 0.0784549 -0.466471 1.91697 -0.0318414 0.993749 0.106996 -0.187775 0.47195 -0.0794159 0.878041 -2.41599 0 0 0 1 
5494384560095;0.854827;0.319009;0.856561 0.504121 -0.110291 1.44186 -0.51243 0.856162 -0.0663533 3.00919 0.0609768 0.113352 0.991682 0.217271 0 0 0 1 
5494384560096;0.268636;0.354506;0.967965 -0.169231 -0.185487 0.396125 0.140204 0.977135 -0.159843 -0.692509 0.208296 0.128716 0.969559 -1.22497 0 0 0 1 
5494384560097;0.745786;0.330909;0.98962 0.115293 -0.0857941 -0.153477 -0.11291 0.993085 0.0321484 0.126202 0.0889074 -0.0221277 0.995794 -0.163277 0 0 0 1 
5494384560098;0.365154;0.357915;0.940285 -0.235923 -0.245365 0.79361 0.248071 0.968548 0.0193761 -1.89442 0.233077 -0.0790871 0.969237 -1.38288 0 0 0 1 
5494384560099;0.345567;0.402341;0.995898 0.0904577 -0.00214882 -0.352082 -0.0900842 0.988999 -0.117327 1.02963 -0.00848792 0.117039 0.993091 0.267071 0 0 0 1 
5494384560100;0.37298;0.360923;0.944183 -0.133821 -0.301016 0.668088 0.115772 0.990279 -0.077104 -0.557202 0.308407 0.0379511 0.950497 -1.62473 0 0 0 1 
5494384560101;0.595346;0.451682;0.900814 0.420438 0.108474 0.359295 -0.414098 0.907001 -0.0766333 3.12915 -0.130605 0.0241137 0.991141 1.57411 0 0 0 1 
5494384560102;0.240088;0.290018;0.99589 -0.0903875 0.00573088 -0.20396 0.0900361 0.981192 -0.170749 -0.28992 0.0098105 0.170564 0.985298 0.156963 0 0 0 1 
5494384560103;0.65911;0.354883;0.991635 0.0935715 -0.0889026 0.269553 -0.102243 0.989861 -0.0985932 0.796899 0.0787757 0.106858 0.991149 -0.743384 0 0 0 1 
5494384560104;0.317417;0.490543;0.995052 -0.013053 -0.0984943 0.0620943 0.0260273 0.990959 0.131618 -0.479721 0.0958858 -0.13353 0.986395 -0.367663 0 0 0 1 
5494384560105;0.561217;0.302533;0.923553 0.17365 -0.341901 1.08318 -0.222627 0.968753 -0.109342 1.82875 0.31223 0.177099 0.933353 -1.31698 0 0 0 1 
5494384560106;0.669368;0.47424;0.988247 0.0999657 0.115645 -0.311203 -0.087998 0.990641 -0.10434 0.419545 -0.124993 0.0929373 0.987795 1.35183 0 0 0 1 
5494384560107;0.196586;0.351747;0.960117 0.251702 -0.121746 0.627152 -0.254097 0.967169 -0.00430684 1.74406 0.116665 0.0350704 0.992552 -0.59036 0 0 0 1 
5494384560108;0.588165;0.50347;0.957173 0.251446 -0.143512 0.695317 -0.229403 0.96109 0.153882 1.23272 0.176621 -0.11437 0.977612 -1.2017 0 0 0 1 
5494384560109;0.964218;0.377105;0.969343 0.242511 0.0395284 0.0279245 -0.241996 0.970121 -0.0174174 1.75565 -0.0425712 0.00731769 0.999067 1.22608 0 0 0 1 
5494384560110;0.522946;0.307577;0.934428 -0.335858 -0.118507 0.253189 0.334426 0.941866 -0.0323718 -2.48914 0.12249 -0.0093828 0.992425 -0.665851 0 0 0 1 
5494384560111;0.382633;0.364781;0.995673 0.0924714 0.00914997 -0.158599 -0.0902068 0.985505 -0.143673 0.930355 -0.022303 0.142226 0.989583 0.252274 0 0 0 1 
5494384560112;1.20633;0.339953;0.980479 -0.156156 -0.119483 -0.321948 0.144329 0.984259 -0.101996 -0.322957 0.133529 0.0827603 0.987583 0.0334599 0 0 0 1 
5494384560113;0.493118;0.38957;0.965658 0.229255 -0.122257 0.622206 -0.246277 0.957586 -0.149589 2.07632 0.082778 0.174561 0.981161 -0.549369 0 0 0 1 
5494384560114;0.011633;0.28913;0.989006 0.106911 -0.102158 0.340081 -0.114234 0.991074 -0.0687306 0.929942 0.0938981 0.0796449 0.992391 -0.369185 0 0 0 1 
5494384560115;0.837027;0.380388;0.944552 0.0121425 -0.328137 0.491553 0.0295121 0.992132 0.121665 -0.920781 0.327032 -0.124603 0.936763 -1.73816 0 0 0 1 
5494384560116;0.753813;0.334361;0.990189 0.035963 -0.135026 -0.210667 -0.0420023 0.998228 -0.0421475 0.485737 0.133271 0.0474054 0.989945 -0.896319 0 0 0 1 
5494384560117;0.39392;0.39719;0.931597 0.359007 -0.0569381 0.70078 -0.363406 0.92332 -0.124164 2.85315 0.00799625 0.136363 0.990627 0.52916 0 0 0 1 
5494384560118;0.486867;0.440829;0.971163 0.193429 -0.139385 0.59093 -0.226549 0.930844 -0.286715 1.92788 0.0742861 0.310025 0.947822 -0.358301 0 0 0 1 
5494384560119;0.307339;0.457711;0.9232 0.378145 -0.0686107 0.742508 -0.378533 0.925555 0.00775825 2.56588 0.0664368 0.018809 0.997613 -0.125226 0 0 0 1 
5494384560120;1.07013;0.300697;0.966723 -0.142213 -0.212656 0.653609 0.109408 0.981226 -0.158826 -0.265149 0.231251 0.130274 0.964133 -2.10549 0 0 0 1 
5494384560121;0.937742;0.322233;0.822465 0.501336 -0.268725 1.55227 -0.524585 0.851176 -0.0175936 2.92361 0.219912 0.155439 0.963056 -1.3002 0 0 0 1 
5494384560122;0.448809;0.412227;0.870973 0.480883 0.100788 0.549128 -0.456747 0.868048 -0.194614 3.70172 -0.181076 0.123469 0.975688 1.71034 0 0 0 1 
5494384560124;0.180601;0.445982;0.992299 -0.0911692 0.0838506 -0.251882 0.0939241 0.995142 -0.0295114 0.169045 -0.0807527 0.0371597 0.996041 0.410042 0 0 0 1 
5494384560125;0.336264;0.449803;0.952177 -0.12462 0.27898 -0.507817 0.172826 0.972616 -0.155402 -0.0242579 -0.251974 0.196185 0.947639 1.16613 0 0 0 1 
5494384560126;0.158937;0.36341;0.990793 0.121767 0.0591742 -0.216077 -0.1134 0.985194 -0.128583 1.04508 -0.0739552 0.120689 0.989932 0.413735 0 0 0 1 
5494384560127;0.459182;0.538945;0.990017 -0.110392 -0.0876301 0.483921 0.08897 0.971678 -0.218919 0.916334 0.109315 0.208937 0.9718 -0.154549 0 0 0 1 
5494384560128;0.768681;0.316396;0.965028 -0.118657 0.233757 -0.704357 0.197735 0.914914 -0.3519 0.423828 -0.172112 0.385815 0.90638 0.45964 0 0 0 1 
5494384560129;0.8631;0.543786;0.919804 -0.00198904 0.392373 -0.931781 -0.0288872 0.99693 0.0727714 -0.164234 -0.391313 -0.07827 0.916923 1.99084 0 0 0 1 
5494384560130;0.294138;0.440976;0.989348 -0.143298 -0.0255993 0.206538 0.142419 0.989244 -0.0333655 -0.0716202 0.0301051 0.0293643 0.999115 -0.207981 0 0 0 1 
5494384560131;0.331415;0.33027;0.99687 -0.0264733 -0.0744996 0.0661642 0.0202713 0.996359 -0.0828075 0.425664 0.0764206 0.081038 0.993777 0.134524 0 0 0 1 
5494384560132;0.299743;0.444546;0.934314 0.00946496 -0.356326 0.86839 0.0225706 0.99607 0.0856399 0.207148 0.355737 -0.088057 0.930429 -1.34892 0 0 0 1 
5494384560133;0.275606;0.464252;0.91536 0.137485 -0.378437 1.11961 -0.158156 0.987124 -0.0239255 1.17969 0.370275 0.0817523 0.925318 -1.24887 0 0 0 1 
5494384560134;0.715759;0.423986;0.971297 0.237754 0.00740653 0.149519 -0.234345 0.961782 -0.141623 1.62798 -0.0407949 0.135822 0.989893 1.1028 0 0 0 1 
5494384560135;0.221863;0.368969;0.955103 0.276798 0.105647 0.0562947 -0.270675 0.960213 -0.0687407 1.72923 -0.120471 0.0370586 0.992025 0.612494 0 0 0 1 
5494384560136;0.513605;0.49434;0.964648 0.263506 0.00433844 -0.167912 -0.257681 0.946518 -0.194175 2.3157 -0.0552729 0.186193 0.980957 0.283613 0 0 0 1 
5494384560137;0.0725673;0.338624;0.999252 0.038322 -0.00516724 0.0165235 -0.0385252 0.998118 -0.0477106 0.620455 0.00332915 0.047874 0.998848 0.168904 0 0 0 1 
5494384560138;0.458946;0.313312;0.995454 0.00438798 -0.0951443 0.10331 -0.022921 0.980617 -0.194587 0.766324 0.0924463 0.195883 0.97626 0.250818 0 0 0 1 
5494384560139;0.373858;0.392593;0.975533 0.19432 0.102835 0.097042 -0.178631 0.973246 -0.144512 1.08847 -0.128165 0.122607 0.984145 0.519994 0 0 0 1 
5494384560140;0.407687;0.428264;0.929258 0.343343 -0.136367 0.402303 -0.344409 0.938676 0.0164515 1.77793 0.133653 0.0316781 0.990522 -0.180944 0 0 0 1 
5494384560141;0.827786;0.40878;0.998201 0.0255803 0.0542341 -0.228773 -0.0150917 0.982501 -0.185644 0.844765 -0.0580339 0.184491 0.981119 1.37617 0 0 0 1 
5494384560142;0.791925;0.439373;0.998053 -0.0267672 0.0563369 -0.7789 0.0351452 0.987536 -0.15342 0.442945 -0.0515281 0.155101 0.986554 -0.217401 0 0 0 1 
5494384560143;0.413054;0.416588;0.878021 0.408569 0.2493 0.166721 -0.398207 0.912559 -0.0930959 2.08367 -0.265537 -0.0175329 0.963941 1.16261 0 0 0 1 
5494384560144;0.460909;0.355988;0.989623 0.106554 -0.096401 0.217599 -0.112913 0.9916 -0.0630949 0.992089 0.0888682 0.0733251 0.993341 0.255987 0 0 0 1 
5494384560145;0.514439;0.43084;0.99422 -0.0449657 0.097487 -0.384092 0.0311312 0.989796 0.13905 0.576932 -0.102745 -0.135212 0.985475 0.560029 0 0 0 1 
5494384560146;0.876277;0.33236;0.953344 0.301869 0.00321797 1.04516 -0.300506 0.949951 -0.0853746 1.53503 -0.0288288 0.0804244 0.996344 -0.360876 0 0 0 1 
5494384560147;0.0882485;0.328502;0.988501 0.0431918 -0.144914 0.290191 -0.0553963 0.995152 -0.0812685 0.737166 0.140701 0.0883617 0.986101 -0.470808 0 0 0 1 
5494384560148;0.565514;0.314017;0.893025 0.315993 0.320399 0.223458 -0.235532 0.934885 -0.265548 2.20206 -0.383447 0.161677 0.909301 1.85154 0 0 0 1 
5494384560149;0.651367;0.513148;0.994227 -0.100752 0.0369089 -0.463315 0.104806 0.985591 -0.132762 0.27972 -0.0230011 0.135863 0.990461 0.901065 0 0 0 1 
5494384560150;0.389377;0.526403;0.942177 -0.284155 0.177648 -0.362445 0.327391 0.893653 -0.30692 -0.442129 -0.0715426 0.347333 0.935009 0.736797 0 0 0 1 
5494384560151;0.428451;0.404229;0.952083 -0.302863 -0.0425551 -0.00991778 0.300577 0.9523 -0.0527055 -0.728658 0.0564878 0.037389 0.997703 -0.459688 0 0 0 1 
5494384560152;0.492131;0.459579;0.939862 -0.341349 -0.0118248 0.0162343 0.341485 0.938415 0.0525868 -1.38162 -0.00685389 -0.0534623 0.998546 -0.0494813 0 0 0 1 
5494384560153;0.585822;0.408882;0.997905 0.0546975 -0.0345555 0.102033 -0.0623535 0.955564 -0.288113 1.43483 0.017261 0.289664 0.956973 -0.449206 0 0 0 1 
5494384560155;0.510199;0.375639;0.996613 0.0715411 0.0405404 0.330726 -0.077111 0.984326 0.158608 0.438495 -0.028558 -0.161197 0.986509 0.431699 0 0 0 1 
5494384560156;0.606536;0.401659;0.998378 0.0489082 -0.0291317 0.549495 -0.0465091 0.995868 0.0780043 -0.0439149 0.0328264 -0.0765229 0.996527 -0.674659 0 0 0 1 
5494384560157;0.698949;0.992243;0.866767 0.487135 0.106837 1.06739 -0.475344 0.742162 0.472487 0.400515 0.150875 -0.46032 0.874838 -0.327118 0 0 0 1 
5494384560158;0.932434;0.727825;0.947789 0.247638 0.200927 0.534491 -0.294251 0.922 0.251658 0.555815 -0.122934 -0.297642 0.946729 0.662041 0 0 0 1 
5494384560159;0.588127;0.478675;0.944556 0.24605 0.217426 0.792643 -0.275478 0.954165 0.116968 0.102836 -0.17868 -0.170379 0.969043 0.588971 0 0 0 1 
5494384560160;0.813406;0.339312;0.957059 0.161093 -0.241014 1.32831 -0.128821 0.981123 0.144235 0.352088 0.2597 -0.106994 0.959744 -0.761434 0 0 0 1 
5494384560161;0.869163;0.399612;0.98394 0.178029 -0.0129911 0.535973 -0.174745 0.975528 0.133453 -0.488393 0.0364316 -0.129039 0.99097 -0.0403047 0 0 0 1 
5494384560162;0.520155;0.858566;0.997119 0.030228 -0.0695711 0.399335 -0.0335119 0.998355 -0.0465299 0.918879 0.0680502 0.0487273 0.996491 0.730056 0 0 0 1 
5494384560163;0.884248;0.368095;0.897731 0.440395 -0.0115061 1.48226 -0.439421 0.896999 0.0479818 0.771493 0.0314519 -0.0380188 0.998782 0.100857 0 0 0 1 
5494384560164;0.069281;0.27539;0.999217 0.0293786 -0.0265104 0.31844 -0.0271057 0.996234 0.082364 0.0185779 0.0288303 -0.0815809 0.99625 -0.0325945 0 0 0 1 
5494384560165;0.359877;0.582146;0.978515 0.173014 0.112132 0.442615 -0.166854 0.984015 -0.0622448 0.448512 -0.121109 0.0421978 0.991742 0.296097 0 0 0 1 
5494384560166;0.617506;0.370161;0.966937 0.12124 -0.224351 0.857043 -0.0525427 0.955597 0.289953 -0.131571 0.249544 -0.268579 0.930373 -0.0818368 0 0 0 1 
5494384560167;0.359577;1.38522;0.800956 0.581769 0.141474 1.07947 -0.575381 0.682595 0.450556 -0.205418 0.16555 -0.442277 0.881467 -1.10922 0 0 0 1 
5494384560168;0.367236;0.634713;0.972346 0.162195 0.168036 0.550363 -0.13907 0.980144 -0.141344 0.499709 -0.187625 0.114067 0.975595 0.507208 0 0 0 1 
5494384560169;0.299703;0.359896;0.992931 0.095911 -0.0699181 0.466708 -0.0880327 0.990227 0.108171 0.0423022 0.0796096 -0.101252 0.991671 0.0311597 0 0 0 1 
5494384560170;0.388752;0.29305;0.997576 0.0687256 -0.0109442 0.647748 -0.0679965 0.996059 0.0569383 0.419184 0.0148142 -0.0560561 0.998318 -0.0827875 0 0 0 1 
5494384560171;0.436725;0.673349;0.999905 0.000746943 0.0137447 0.58042 0.000128753 0.997975 -0.0636007 0.620191 -0.0137644 0.0635964 0.997881 0.0167953 0 0 0 1 
5494384560172;0.743415;0.379215;0.971919 0.235301 -0.00248096 1.17067 -0.23011 0.952577 0.199113 0.25375 0.049215 -0.192951 0.979973 -0.0352849 0 0 0 1 
5494384560173;0.766137;1.1072;0.99818 0.0519074 -0.0307118 0.633288 -0.0560277 0.986546 -0.15358 1.59277 0.0223267 0.155022 0.987659 0.334453 0 0 0 1 
5494384560174;0.152675;0.418311;0.998411 0.0384498 -0.0411856 0.199427 -0.0338615 0.993701 0.106829 0.342979 0.0450337 -0.105264 0.993424 -0.0607786 0 0 0 1 
5494384560175;0.731473;0.624112;0.992912 0.0873018 -0.0806428 0.703802 -0.0791686 0.991926 0.0990725 -0.286734 0.0886409 -0.091986 0.991807 -0.909333 0 0 0 1 
5494384560176;0.458408;0.723582;0.946007 0.00534585 0.324101 0.241828 0.0306367 0.993913 -0.105818 0.78541 -0.322694 0.110034 0.940086 0.800816 0 0 0 1 
5494384560177;0.329052;0.416538;0.9776 0.0860172 -0.192091 0.482906 -0.0475046 0.9793 0.196761 -0.0672064 0.20504 -0.183229 0.96145 -0.285848 0 0 0 1 
5494384560178;0.128329;0.379828;0.990119 0.098986 -0.0993308 0.401882 -0.0919021 0.993049 0.0735322 0.345474 0.105919 -0.0636769 0.992334 -0.104071 0 0 0 1 
5494384560179;0.884119;1.07948;0.777506 0.549558 0.305731 0.492468 -0.628365 0.698475 0.342475 0.221731 -0.0253354 -0.458387 0.888391 -1.2713 0 0 0 1 
5494384560180;0.395688;0.291326;0.999189 0.0243516 -0.0320741 0.126383 -0.0212895 0.995478 0.0925774 0.355729 0.0341834 -0.0918195 0.995189 -0.317744 0 0 0 1 
5494384560181;0.929561;1.13079;0.997894 0.0644929 0.00696164 0.410218 -0.0648563 0.989963 0.125569 0.291994 0.00120652 -0.125756 0.99206 -0.543296 0 0 0 1 
5494384560182;0.699324;1.2744;0.844579 0.529005 0.0827002 0.763944 -0.521036 0.776437 0.354495 -0.0776463 0.123318 -0.342489 0.931394 -1.30569 0 0 0 1 
5494384560183;0.638253;0.475136;0.934021 -0.0154314 0.356883 -0.0630201 -0.031909 0.991468 0.126381 0.0225065 -0.355789 -0.129431 0.92556 0.94646 0 0 0 1 
5494384560184;0.208766;0.402226;0.962438 0.271324 -0.00982278 0.55778 -0.267174 0.952911 0.143453 0.1363 0.0482825 -0.13544 0.989608 -0.143754 0 0 0 1 
5494384560186;0.36111;0.480098;0.989805 0.000974004 0.142427 -0.111525 0.00771633 0.998141 -0.0604508 0.335295 -0.142222 0.0609335 0.987958 1.53306 0 0 0 1 
5494384560187;0.496451;0.469046;0.980955 0.193061 0.021308 0.4922 -0.191655 0.944284 0.267574 0.366852 0.0315372 -0.266562 0.963302 0.273173 0 0 0 1 
5494384560188;0.447898;0.42255;0.918785 -0.340334 0.200016 -0.421255 0.299518 0.931058 0.208373 -1.58137 -0.257143 -0.131541 0.957379 1.39552 0 0 0 1 
5494384560189;0.616026;0.49419;0.978285 -0.191528 -0.0792184 0.319282 0.189688 0.98138 -0.0302013 -0.197583 0.0835277 0.0145187 0.9964 0.539197 0 0 0 1 
5494384560190;0.219844;0.465795;0.986713 -0.157469 0.0400219 -0.196306 0.156546 0.987348 0.0252636 -0.594325 -0.0434938 -0.0186627 0.998879 0.71106 0 0 0 1 
5494384560191;0.269957;0.454817;0.963967 0.208738 0.164915 0.181943 -0.208307 0.977857 -0.0200954 0.933179 -0.165458 -0.0149818 0.986103 1.18545 0 0 0 1 
5494384560192;0.563983;0.463996;0.992699 0.0697478 0.0984117 -0.225148 -0.101627 0.923095 0.370901 0.11554 -0.0649739 -0.378194 0.923444 1.20202 0 0 0 1 
5494384560193;0.714742;0.475458;0.991177 -0.108924 0.0755206 0.144206 0.124442 0.960903 -0.247343 -0.537638 -0.0456266 0.254559 0.96598 0.309017 0 0 0 1 
5494384560194;0.621903;0.480273;0.982799 -0.129086 0.132072 -0.29928 0.135285 0.990036 -0.0390605 -0.57358 -0.125714 0.056256 0.99047 1.80302 0 0 0 1 
5494384560195;0.355585;0.485813;0.943717 -0.250567 0.215903 -0.443132 0.257174 0.966362 -0.00259847 -0.988466 -0.20799 0.0579769 0.976411 1.69417 0 0 0 1 
5494384560196;0.150749;0.493248;0.985574 0.0709708 0.153646 -0.193525 -0.069867 0.997477 -0.012578 0.283834 -0.154151 0.0016618 0.988046 1.36142 0 0 0 1 
5494384560197;0.514288;0.46961;0.907019 -0.421052 0.00569714 0.413835 0.419114 0.903988 0.0845493 -1.74113 -0.0407498 -0.0743 0.996403 0.968622 0 0 0 1 
5494384560198;0.530599;0.367205;0.974206 0.0487411 0.220334 -0.527734 0.0290886 0.941125 -0.336805 0.221993 -0.223778 0.334527 0.915432 1.35797 0 0 0 1 
5494384560199;0.148187;0.478051;0.974461 0.15901 0.158564 -0.0879678 -0.15 0.98639 -0.0673348 0.771782 -0.167113 0.0418306 0.98505 1.29409 0 0 0 1 
5494384560200;0.674054;0.459264;0.988027 -0.0491706 0.146233 -0.888843 0.0480871 0.998783 0.0109373 -0.506455 -0.146592 -0.00377448 0.98919 0.836739 0 0 0 1 
5494384560201;0.851959;0.504077;0.913161 -0.209669 0.349538 -0.43629 0.148604 0.969782 0.193494 -0.790781 -0.379545 -0.124748 0.916724 1.33268 0 0 0 1 
5494384560202;0.0584502;0.495091;0.993518 0.00194884 0.113656 -0.143698 -0.000638432 0.999933 -0.0115648 0.0518787 -0.113671 0.0114173 0.993453 1.02123 0 0 0 1 
5494384560203;0.443983;0.460222;0.975186 0.0217002 0.220322 -0.369207 0.0719886 0.910021 -0.408265 0.618963 -0.209357 0.413995 0.885877 1.51293 0 0 0 1 
5494384560204;0.212563;0.441629;0.990307 0.0268928 0.136266 -0.258935 -0.0269404 0.999636 -0.00149545 0.0986969 -0.136257 -0.00219011 0.990671 0.850109 0 0 0 1 
5494384560205;0.664348;0.462744;0.817252 -0.282434 0.502325 -0.0761721 0.245059 0.959252 0.140647 -1.04661 -0.52158 0.00815471 0.853164 3.54632 0 0 0 1 
5494384560206;0.578856;0.453631;0.984966 -0.0589546 0.162375 -0.0932915 0.0621907 0.997953 -0.0149145 -0.109601 -0.161163 0.0247885 0.986616 1.86818 0 0 0 1 
5494384560207;0.371227;0.437792;0.94556 -0.0535145 0.321018 -0.549591 -0.0449586 0.955452 0.291702 -0.419466 -0.322328 -0.290254 0.901031 2.01213 0 0 0 1 
5494384560208;0.803964;0.483028;0.973173 0.0454622 0.225539 -0.0610939 -0.0389712 0.99869 -0.0331515 0.337948 -0.226751 0.0234725 0.97367 2.4635 0 0 0 1 
5494384560209;0.402561;0.410251;0.924794 -0.377629 -0.0464005 0.157149 0.364651 0.914529 -0.175119 -1.21838 0.108564 0.145029 0.983453 0.188931 0 0 0 1 
5494384560210;0.831689;0.395975;0.961663 0.178749 0.207975 -0.289068 -0.127066 0.962497 -0.239694 1.64885 -0.243021 0.204078 0.948311 1.07623 0 0 0 1 
5494384560211;0.793568;0.436227;0.999391 -0.0170414 0.0304636 0.684253 0.0178031 0.999531 -0.0249086 0.270094 -0.0300248 0.0254358 0.999225 0.228609 0 0 0 1 
5494384560212;0.459124;0.491917;0.98943 -0.00328135 0.144971 0.108552 0.00911879 0.999173 -0.0396202 0.187666 -0.144721 0.0405234 0.988642 1.61071 0 0 0 1 
5494384560213;0.436091;0.384321;0.974177 -0.044747 -0.221309 0.602493 0.00650657 0.985322 -0.170584 0.346906 0.225693 0.164739 0.960169 -0.0804439 0 0 0 1 
5494384560214;0.701608;0.477127;0.990946 0.00251118 0.134237 -0.188583 0.00330063 0.999067 -0.0430551 0.828412 -0.13422 0.0431084 0.990013 0.848495 0 0 0 1 
5494384560215;0.568246;0.506265;0.990909 0.0300153 -0.131143 0.788017 0.000115247 0.974605 0.223933 -0.365512 0.134534 -0.221912 0.965741 0.00336531 0 0 0 1 
5494384560217;0.781012;0.201898;0.971782 0.235623 -0.011028 0.909411 -0.235878 0.970949 -0.0402514 1.07685 0.00122347 0.0417168 0.999129 0.459628 0 0 0 1 
5494384560218;0.673342;0.179412;0.870245 -0.0496225 -0.490113 1.94651 0.0969898 0.992699 0.0717073 -0.795973 0.482976 -0.109939 0.868704 -1.88597 0 0 0 1 
5494384560219;0.333437;0.219302;0.951414 -0.286751 -0.112183 0.510384 0.292077 0.955791 0.0339791 -1.79495 0.0974796 -0.0650942 0.993106 -0.423268 0 0 0 1 
5494384560220;0.675306;0.176893;0.956834 -0.103251 -0.271675 0.817207 0.0729831 0.990175 -0.119273 -0.114618 0.281321 0.094297 0.95497 -0.761047 0 0 0 1 
5494384560221;0.374554;0.156834;0.870523 0.492119 0.00292148 1.063 -0.484997 0.8589 -0.164526 3.1404 -0.0834759 0.141807 0.986368 0.75477 0 0 0 1 
5494384560222;1.07278;0.208185;0.939639 0.194597 -0.281443 0.561467 -0.239822 0.961236 -0.136055 2.48151 0.244057 0.195339 0.949884 -0.788391 0 0 0 1 
5494384560223;0.406435;0.172546;0.898893 0.438114 -0.00683804 0.680477 -0.438013 0.898053 -0.0405654 2.52243 -0.0116313 0.0394591 0.999153 0.40674 0 0 0 1 
5494384560224;0.20751;0.171917;0.989049 -0.0281575 0.144878 -0.335536 0.0240298 0.999256 0.0301633 -0.187138 -0.145619 -0.0263516 0.98899 0.957631 0 0 0 1 
5494384560225;0.828158;0.176688;0.986291 0.104553 -0.127668 0.365445 -0.0957643 0.992712 0.0731541 0.533435 0.134386 -0.0599252 0.989115 0.107793 0 0 0 1 
5494384560226;0.429538;0.224402;0.863896 0.186174 -0.467999 2.01725 -0.108071 0.976053 0.188791 0.499999 0.49194 -0.112519 0.863328 -2.57169 0 0 0 1 
5494384560227;0.623994;0.15823;0.958543 -0.261685 0.112768 -0.327453 0.231745 0.946197 0.225844 -1.52426 -0.165801 -0.190348 0.967614 0.77893 0 0 0 1 
5494384560228;0.349478;0.170766;0.981804 -0.0896378 -0.167408 0.434944 0.124508 0.969504 0.211093 -0.927154 0.143381 -0.228096 0.963024 -0.760451 0 0 0 1 
5494384560229;0.390705;0.170801;0.9852 0.159389 -0.0630515 0.261487 -0.158318 0.987151 0.0216591 1.14551 0.0656935 -0.0113563 0.997775 -0.0336301 0 0 0 1 
5494384560230;0.944473;0.194239;0.980177 0.163886 0.111333 -0.709075 -0.160498 0.986273 -0.0388022 1.23265 -0.116164 0.0201643 0.993025 0.295034 0 0 0 1 
5494384560231;0.749473;0.185233;0.943826 -0.168572 0.284211 -0.767552 0.138188 0.982624 0.123911 -0.983823 -0.300161 -0.0776755 0.950721 1.43315 0 0 0 1 
5494384560232;0.1939;0.201523;0.9984 0.0172485 0.053844 -0.118348 -0.027405 0.980614 0.194023 -0.288822 -0.0494536 -0.195189 0.979518 0.32292 0 0 0 1 
5494384560233;0.634182;0.223395;0.918245 0.284129 0.275856 -0.117641 -0.331938 0.932112 0.144861 1.69343 -0.215969 -0.224585 0.95022 0.968226 0 0 0 1 
5494384560234;0.39885;0.17763;0.931135 -0.285089 -0.227405 0.870692 0.298354 0.954114 0.02551 -1.78834 0.209697 -0.0916004 0.973466 -1.22416 0 0 0 1 
5494384560235;0.0516956;0.179505;0.98652 0.160769 -0.0305118 0.310761 -0.159029 0.985863 0.0527691 0.811127 0.038564 -0.0472055 0.998141 -0.158358 0 0 0 1 
5494384560236;0.391323;0.232992;0.99753 -0.0487997 -0.0505136 0.306061 0.0507242 0.998007 0.0375449 -0.0184272 0.0485808 -0.0400144 0.998017 -0.228146 0 0 0 1 
5494384560237;1.02921;0.174322;0.994584 0.103121 0.0130155 0.63843 -0.10095 0.988193 -0.115259 1.19489 -0.0247475 0.11332 0.99325 1.00374 0 0 0 1 
5494384560238;0.757061;0.212039;0.930977 0.352582 -0.0947009 1.04428 -0.346666 0.935103 0.0735216 2.24539 0.114477 -0.0356173 0.992787 -1.05306 0 0 0 1 
5494384560239;0.288361;0.187866;0.89333 0.372668 0.251157 0.249657 -0.365577 0.92766 -0.0761608 2.29707 -0.261371 -0.0237803 0.964945 1.74808 0 0 0 1 
5494384560240;0.0978136;0.187548;0.973959 0.174034 -0.145314 0.64416 -0.166408 0.984031 0.0631771 0.858944 0.153989 -0.0373504 0.987366 -0.771948 0 0 0 1 
5494384560241;0.673589;0.196065;0.892327 0.422662 -0.158457 1.17963 -0.44453 0.883805 -0.145881 3.4267 0.0783872 0.200612 0.97653 -0.118987 0 0 0 1 
5494384560242;1.04802;0.203611;0.968578 0.206561 0.138528 -0.2971 -0.186614 0.971785 -0.144254 2.06806 -0.164417 0.11387 0.979796 1.93274 0 0 0 1 
5494384560243;0.111566;0.186837;0.997019 0.0614029 -0.0467141 0.203194 -0.0623397 0.997877 -0.0188681 0.546397 0.0454563 0.021724 0.99873 -0.220538 0 0 0 1 
5494384560244;1.00468;0.197273;0.98815 -0.153395 0.0053744 0.424446 0.152984 0.987134 0.0464981 -0.793495 -0.0124378 -0.0451249 0.998904 -0.673337 0 0 0 1 
5494384560245;0.648612;0.194047;0.999856 -0.0128211 0.0110807 0.0168392 0.0126027 0.999729 0.019563 0.191247 -0.0113285 -0.0194206 0.999747 0.624275 0 0 0 1 
5494384560246;0.310363;0.199053;0.994301 0.0951339 0.0481202 0.130395 -0.100896 0.985492 0.136475 0.378974 -0.0344387 -0.140552 0.989474 0.537689 0 0 0 1 
5494384560248;0.548689;0.48018;0.983677 -0.169921 0.0592097 0.0786537 0.163538 0.981482 0.0997388 -2.67104 -0.075061 -0.0884277 0.99325 1.46988 0 0 0 1 
5494384560249;0.350307;0.360285;0.955221 0.275532 0.10787 0.114703 -0.259435 0.955193 -0.142476 2.7779 -0.142293 0.108111 0.983903 1.12255 0 0 0 1 
5494384560250;0.482059;0.372524;0.989129 0.090818 0.115653 0.531771 -0.0849667 0.994889 -0.0545661 -0.114436 -0.120018 0.0441462 0.99179 1.20222 0 0 0 1 
5494384560251;0.346948;0.399067;0.937998 0.268819 0.21885 -0.0619795 -0.290347 0.95418 0.0723901 2.04631 -0.189362 -0.131444 0.97307 2.3696 0 0 0 1 
5494384560252;0.590914;0.3733;0.938523 -0.16563 -0.302887 1.8772 0.1245 0.980735 -0.150528 -2.0653 0.321984 0.103565 0.941064 -3.22671 0 0 0 1 
5494384560253;0.449485;0.532562;0.929302 0.0767657 -0.361255 1.95202 -0.106229 0.992383 -0.0623868 0.826449 0.353714 0.0963519 0.930378 -3.55799 0 0 0 1 
5494384560254;0.682288;0.537643;0.964692 -0.255097 0.0655412 1.17899 0.241988 0.956691 0.161813 -3.97382 -0.103981 -0.14024 0.984642 1.93081 0 0 0 1 
5494384560255;0.468787;0.379781;0.997954 0.0352742 0.0533223 -0.294881 -0.0293331 0.993679 -0.108362 0.120742 -0.0568076 0.106576 0.99268 -0.283363 0 0 0 1 
5494384560256;0.445109;0.405587;0.894056 0.404947 0.191524 -0.00511901 -0.430268 0.895261 0.115655 3.349 -0.12463 -0.185809 0.97465 1.00322 0 0 0 1 
5494384560257;0.358958;0.454832;0.975376 -0.0270153 0.218889 -0.326399 -0.0064081 0.988579 0.150565 -1.02017 -0.220457 -0.14826 0.964063 2.70155 0 0 0 1 
5494384560258;0.299214;0.465891;0.97788 -0.172407 0.118433 0.31174 0.191046 0.966723 -0.170142 -2.00375 -0.0851579 0.189005 0.978277 0.453764 0 0 0 1 
5494384560259;0.232186;0.42385;0.996475 -0.0823866 0.0158 0.368693 0.0798712 0.989365 0.121565 -1.88414 -0.0256472 -0.119874 0.992458 0.114155 0 0 0 1 
5494384560260;0.561418;0.416087;0.941944 0.316227 0.112882 -0.0673205 -0.325383 0.942649 0.0744282 2.37502 -0.0828718 -0.106837 0.990817 1.70988 0 0 0 1 
5494384560261;0.428236;0.46335;0.857465 0.310912 0.409985 0.0358547 -0.285777 0.950367 -0.12302 2.47263 -0.427884 -0.0116792 0.903758 4.4516 0 0 0 1 
5494384560262;0.264025;0.445361;0.996042 0.0287481 0.0841041 0.336166 -0.0169569 0.99033 -0.13769 -0.116788 -0.0872491 0.135719 0.986898 0.328967 0 0 0 1 
5494384560263;0.26212;0.320806;0.995007 0.0976937 -0.0203966 0.283942 -0.096 0.992778 0.0719452 -0.000597903 0.0272779 -0.0696279 0.9972 0.165923 0 0 0 1 
5494384560264;0.617641;0.454508;0.992851 -0.0575999 -0.104538 0.954573 0.0121623 0.920113 -0.391464 0.972907 0.118736 0.387394 0.914236 -2.08193 0 0 0 1 
