#;prob_registration_l1 -r /home/probabilistic_point_clouds_registration/build/tester /home/point_clouds_registration_benchmark//devel/registration_pairs/urban05_local.txt /home/point_clouds_registration_benchmark//kaist/urban05 -s 0.2 -t 0.2 -p 0.3 -r 1000 -m 1 -i 40 
id;initial_error;final_error;transformation
34562489690000;0.13992;0.507195;1 -9.83036e-08 5.64924e-07 -0.732862 9.83036e-08 1 3.31915e-08 3.28344 -5.64924e-07 -3.31914e-08 1 -0.152277 0 0 0 1 
34562489690001;0.182436;0.262549;1 -6.11526e-08 4.26002e-07 -0.530623 6.11526e-08 1 4.37975e-08 0.79503 -4.26002e-07 -4.37975e-08 1 -0.327344 0 0 0 1 
34562489690002;0.400034;0.850748;0.99995 2.9441e-06 -0.0100472 11.7601 5.85987e-06 1 0.000876228 -6.20997 0.0100472 -0.000876243 0.999949 -6.57889 0 0 0 1 
34562489690003;0.381518;1.09295;0.999244 6.42415e-05 -0.0388855 18.2764 6.77193e-05 0.999994 0.00339225 -9.69944 0.0388855 -0.00339232 0.999238 -19.1778 0 0 0 1 
34562489690004;0.467995;0.784133;1 -1.23474e-07 5.37239e-07 -0.890462 1.23474e-07 1 4.80218e-08 2.70699 -5.37239e-07 -4.80218e-08 1 -0.330283 0 0 0 1 
34562489690005;0.423309;0.697974;1 -1.38611e-07 7.96094e-07 -1.04622 1.38611e-07 1 7.22217e-08 2.49545 -7.96094e-07 -7.22216e-08 1 -0.528195 0 0 0 1 
34562489690006;0.190415;1.13824;1 -2.93743e-08 1.64339e-06 -0.712003 2.93743e-08 1 -2.15836e-08 -9.67292 -1.64339e-06 2.15836e-08 1 -0.132999 0 0 0 1 
34562489690007;0.167146;1.19355;1 -1.06619e-07 1.31927e-06 -0.152591 1.06619e-07 1 -6.97514e-09 9.52712 -1.31927e-06 6.97528e-09 1 0.380209 0 0 0 1 
34562489690008;0.102809;0.10396;1 -1.78082e-08 4.85036e-08 -0.104409 1.78082e-08 1 7.14907e-09 -0.176812 -4.85036e-08 -7.14907e-09 1 -0.0405649 0 0 0 1 
34562489690009;0.0509686;0.730973;1 -5.67429e-08 -2.15936e-07 -0.621698 5.67429e-08 1 3.17814e-09 -6.57865 2.15936e-07 -3.17816e-09 1 -0.137371 0 0 0 1 
34562489690010;0.0869115;0.685711;1 -1.5171e-07 -9.82905e-08 -1.14877 1.5171e-07 1 3.32147e-08 5.31077 9.82905e-08 -3.32147e-08 1 -0.192202 0 0 0 1 
34562489690011;0.0782188;0.513369;0.999742 2.01956e-05 -0.0227159 19.6502 2.48379e-05 0.999998 0.00198218 1.80722 0.0227159 -0.00198223 0.99974 -7.81109 0 0 0 1 
34562489690012;0.0495854;0.9295;1 -8.48998e-09 1.03684e-07 -0.811307 8.48998e-09 1 1.78383e-08 -7.85274 -1.03684e-07 -1.78383e-08 1 -0.371354 0 0 0 1 
34562489690013;0.0622498;0.0897739;1 -2.67095e-09 -1.40669e-09 -0.150317 2.67095e-09 1 -1.98776e-09 0.381958 1.40669e-09 1.98776e-09 1 0.0184991 0 0 0 1 
34562489690014;0.30978;1.1547;1 -2.19482e-07 -5.77533e-07 -0.986828 2.19482e-07 1 4.98968e-08 8.18805 5.77533e-07 -4.9897e-08 1 -0.1407 0 0 0 1 
34562489690015;0.264634;0.336696;1 -3.29016e-08 1.60678e-07 -0.311011 3.29016e-08 1 1.0798e-08 -1.12939 -1.60678e-07 -1.0798e-08 1 -0.0835725 0 0 0 1 
34562489690016;0.0384264;0.644863;1 -1.05514e-07 -2.47399e-08 -0.664356 1.05514e-07 1 3.0479e-08 5.58248 2.47399e-08 -3.0479e-08 1 -0.113878 0 0 0 1 
34562489690017;0.317284;0.463575;1 -1.34937e-07 1.83758e-07 -1.25049 1.34937e-07 1 3.30191e-08 -2.72783 -1.83758e-07 -3.3019e-08 1 -0.235424 0 0 0 1 
34562489690018;0.287954;1.11716;1 -1.49122e-07 5.74688e-07 -0.717233 1.49122e-07 1 6.06496e-09 8.66954 -5.74688e-07 -6.06488e-09 1 0.0719921 0 0 0 1 
34562489690019;0.362659;0.672793;0.997718 0.000194875 0.0675166 23.8887 0.000203382 0.999983 -0.00589174 -6.59812 -0.0675165 0.00589203 0.997701 18.9123 0 0 0 1 
34562489690020;0.112961;0.0626788;1 -3.79316e-08 3.61994e-07 -0.333028 3.79316e-08 1 4.09123e-08 -0.511939 -3.61994e-07 -4.09123e-08 1 -0.291133 0 0 0 1 
34562489690021;0.197833;0.276136;1 1.07404e-08 -3.87148e-07 0.0353099 -1.07404e-08 1 -2.31707e-08 -1.65824 3.87148e-07 2.31707e-08 1 0.162974 0 0 0 1 
34562489690022;0.278308;0.453964;1 -1.86308e-08 3.61328e-07 -0.30164 1.86308e-08 1 -8.83117e-09 -2.24686 -3.61328e-07 8.83118e-09 1 0.0097649 0 0 0 1 
34562489690023;0.193536;0.245333;1 -4.0571e-08 -2.81176e-07 -0.344293 4.0571e-08 1 8.92296e-09 0.385884 2.81176e-07 -8.92297e-09 1 -0.0576969 0 0 0 1 
34562489690024;0.347959;0.419903;1 -2.66331e-08 1.27426e-06 -0.32328 2.6633e-08 1 3.37756e-08 -2.50557 -1.27426e-06 -3.37756e-08 1 -0.275211 0 0 0 1 
34562489690025;0.302077;1.029;1 -2.81706e-07 -1.19924e-06 -2.06936 2.81706e-07 1 8.44105e-08 5.97893 1.19924e-06 -8.44109e-08 1 -0.475105 0 0 0 1 
34562489690026;0.218188;0.251515;1 -5.35501e-08 4.88769e-07 -0.459664 5.35501e-08 1 3.27414e-08 0.869367 -4.88769e-07 -3.27413e-08 1 -0.24488 0 0 0 1 
34562489690027;0.18191;0.414913;1 -9.23361e-08 -5.7625e-07 -0.498345 9.23361e-08 1 3.23144e-08 2.34452 5.7625e-07 -3.23144e-08 1 -0.205439 0 0 0 1 
34562489690028;0.340963;0.414428;1 -5.41294e-08 2.60949e-07 -0.499411 5.41294e-08 1 1.47058e-08 -1.12276 -2.60949e-07 -1.47058e-08 1 -0.120124 0 0 0 1 
34562489690029;0.238574;0.762135;1 2.08678e-09 1.13381e-06 -0.818552 -2.08674e-09 1 -4.00997e-08 -6.5842 -1.13381e-06 4.00997e-08 1 0.130075 0 0 0 1 
34562489690031;0.530935;0.767127;1 7.54261e-08 -3.509e-07 0.613112 -7.54261e-08 1 -2.24591e-08 0.330155 3.509e-07 2.24591e-08 1 0.180143 0 0 0 1 
34562489690032;0.306555;0.40894;0.99944 4.82821e-05 0.0334659 0.520024 4.9451e-05 0.999996 -0.00291955 -0.714789 -0.0334659 0.00291957 0.999436 15.0501 0 0 0 1 
34562489690033;0.46032;0.568952;0.999635 3.18454e-05 -0.0270339 4.63118 3.19583e-05 0.999997 0.0023597 -0.0225219 0.0270339 -0.0023597 0.999632 -2.92318 0 0 0 1 
34562489690034;0.385219;0.939514;0.999928 8.92478e-06 -0.0120287 -17.0169 3.70358e-06 0.999999 0.00104983 2.85793 0.0120287 -0.0010498 0.999927 -2.76943 0 0 0 1 
34562489690035;0.341621;0.604925;0.980772 0.00168129 0.19515 -48.5868 0.00167541 0.999854 -0.0170343 2.74911 -0.19515 0.0170337 0.980626 24.4974 0 0 0 1 
34562489690036;0.158469;0.209196;1 1.87036e-08 -4.71549e-07 0.138 -1.87036e-08 1 -5.59811e-09 -0.274544 4.71549e-07 5.59812e-09 1 0.0267842 0 0 0 1 
34562489690037;0.364175;0.353267;1 2.28081e-08 5.39129e-07 0.142584 -2.28082e-08 1 5.12338e-08 -0.645507 -5.39129e-07 -5.12338e-08 1 -0.38756 0 0 0 1 
34562489690038;0.437441;0.885585;1 1.41644e-07 1.82269e-07 1.23403 -1.41644e-07 1 -2.87974e-08 1.21717 -1.82269e-07 2.87974e-08 1 0.181555 0 0 0 1 
34562489690039;0.392147;0.303417;1 1.66746e-08 -2.61397e-07 0.130064 -1.66746e-08 1 -2.59976e-08 -0.221455 2.61397e-07 2.59976e-08 1 0.18454 0 0 0 1 
34562489690040;0.283513;0.310056;0.999463 4.79294e-05 -0.032779 -2.9687 4.58224e-05 0.999996 0.00285936 0.181919 0.032779 -0.00285932 0.999459 -18.4658 0 0 0 1 
34562489690041;0.287266;0.413841;1 2.49272e-08 -8.1519e-08 0.208704 -2.49272e-08 1 1.20988e-08 0.144128 8.1519e-08 -1.20988e-08 1 -0.0932226 0 0 0 1 
34562489690042;0.329992;0.953816;0.998001 0.000180291 0.0632052 -52.8944 0.000168797 0.999985 -0.00551771 5.68769 -0.0632053 0.00551734 0.997985 3.85805 0 0 0 1 
34562489690043;0.516204;0.796805;1 6.66231e-08 -2.70827e-07 0.541746 -6.66231e-08 1 -5.31527e-09 0.258226 2.70827e-07 5.31528e-09 1 0.030657 0 0 0 1 
34562489690044;0.236329;0.178874;1 6.47071e-09 1.63608e-08 0.0565284 -6.47071e-09 1 1.80657e-08 -0.0820378 -1.63608e-08 -1.80657e-08 1 -0.163626 0 0 0 1 
34562489690045;0.316589;0.396869;1 8.2644e-09 1.63415e-07 0.030088 -8.2644e-09 1 1.72635e-08 -0.544942 -1.63415e-07 -1.72635e-08 1 -0.11608 0 0 0 1 
34562489690046;0.376135;0.278772;0.999454 4.77314e-05 -0.0330308 4.13937 4.7529e-05 0.999996 0.0028832 -1.16663 0.0330308 -0.0028832 0.99945 -3.49274 0 0 0 1 
34562489690047;0.485231;0.441084;0.999799 1.99085e-05 -0.0200342 -15.9093 1.51192e-05 0.999998 0.00174824 1.5276 0.0200342 -0.0017482 0.999798 -6.8302 0 0 0 1 
34562489690048;0.199981;0.204613;1 2.92454e-08 -7.55475e-08 0.269213 -2.92454e-08 1 -4.16035e-09 0.236786 7.55475e-08 4.16036e-09 1 0.0267872 0 0 0 1 
34562489690049;0.208318;0.215254;1 -4.11295e-09 -1.96219e-07 -0.0194064 4.11295e-09 1 6.66976e-09 0.044775 1.96219e-07 -6.66976e-09 1 -0.0645653 0 0 0 1 
34562489690050;0.378047;0.527351;0.992713 0.000642784 -0.120504 -35.4483 0.000629535 0.999944 0.01052 2.95786 0.120504 -0.0105192 0.992657 -4.8912 0 0 0 1 
34562489690051;0.381473;0.740994;1 9.51462e-08 3.00794e-07 0.806856 -9.51462e-08 1 4.58522e-09 0.805629 -3.00794e-07 -4.58525e-09 1 -0.0278614 0 0 0 1 
34562489690052;0.123011;0.566219;0.999886 1.29952e-05 -0.0151033 -20.6018 6.9084e-06 0.999999 0.00131778 1.94585 0.0151033 -0.00131773 0.999885 -6.3163 0 0 0 1 
34562489690053;0.447449;0.993667;1 1.23364e-07 1.51468e-07 1.02234 -1.23364e-07 1 2.95517e-09 0.591143 -1.51468e-07 -2.95519e-09 1 -0.0220625 0 0 0 1 
34562489690054;0.341689;0.432701;1 3.57339e-08 1.38027e-08 0.282963 -3.57339e-08 1 1.64338e-08 -0.0241811 -1.38027e-08 -1.64338e-08 1 -0.11668 0 0 0 1 
34562489690055;0.435439;0.706731;1 7.81362e-08 -3.58726e-07 0.63008 -7.81362e-08 1 -1.52113e-08 0.134542 3.58726e-07 1.52114e-08 1 0.107962 0 0 0 1 
34562489690056;0.453077;0.218124;0.956279 0.00382273 -0.292432 -6.15109 0.00381006 0.999667 0.0255271 1.0796 0.292432 -0.0255252 0.955946 -25.1365 0 0 0 1 
34562489690057;0.243925;1.06033;0.999736 2.42019e-05 0.0229882 -11.0935 2.19386e-05 0.999998 -0.00200688 -2.35822 -0.0229882 0.00200686 0.999734 0.12181 0 0 0 1 
34562489690058;0.299623;0.577287;0.991228 0.000768664 0.13216 -40.4149 0.00076227 0.999933 -0.011533 3.68099 -0.13216 0.0115325 0.991161 40.1327 0 0 0 1 
34562489690059;0.121954;0.114255;1 1.75659e-08 1.95293e-07 0.152451 -1.75659e-08 1 2.53137e-08 -0.03409 -1.95293e-07 -2.53137e-08 1 -0.205821 0 0 0 1 
34562489690060;0.336224;1.03568;1 1.92095e-07 3.03346e-07 1.58301 -1.92095e-07 1 -2.74308e-08 0.758271 -3.03346e-07 2.74308e-08 1 0.213358 0 0 0 1 
34562489690062;0.450678;0.334936;0.998306 0.000147216 0.058188 -2.25661 0.000148592 0.999987 -0.00507929 -0.375483 -0.058188 0.00507933 0.998293 12.7485 0 0 0 1 
34562489690063;0.504888;0.577887;1 6.88704e-09 1.40489e-07 0.0372276 -6.88704e-09 1 -7.47282e-09 -0.335057 -1.40489e-07 7.47282e-09 1 0.0732249 0 0 0 1 
34562489690064;0.452148;0.451117;1 -1.74035e-08 -5.72271e-08 -0.162248 1.74035e-08 1 -1.01925e-08 -0.22996 5.72271e-08 1.01925e-08 1 0.0587982 0 0 0 1 
34562489690065;0.324911;0.404278;1 -8.10337e-09 -5.2512e-08 -0.106016 8.10337e-09 1 1.17835e-09 -0.47003 5.2512e-08 -1.17835e-09 1 0.0175219 0 0 0 1 
34562489690066;0.34336;0.386335;0.998869 9.69276e-05 0.0475509 8.32513 0.000100452 0.999991 -0.0041485 -1.14282 -0.0475509 0.00414858 0.99886 28.0115 0 0 0 1 
34562489690067;0.18061;0.250729;1 -1.48747e-08 -9.42574e-08 -0.150105 1.48747e-08 1 -9.64628e-09 -0.463639 9.42574e-08 9.64628e-09 1 0.0774982 0 0 0 1 
34562489690068;0.143206;0.156667;1 1.09859e-08 2.09599e-08 0.0698884 -1.09859e-08 1 -4.99759e-09 -0.120761 -2.09599e-08 4.99759e-09 1 0.0361963 0 0 0 1 
34562489690069;0.265071;0.175404;1 5.56185e-09 4.42009e-07 -0.0163379 -5.56186e-09 1 2.73503e-08 -0.518806 -4.42009e-07 -2.73503e-08 1 -0.213365 0 0 0 1 
34562489690070;0.337998;0.345602;1 6.41971e-09 -3.06476e-07 0.0418413 -6.4197e-09 1 1.1971e-08 -0.157211 3.06476e-07 -1.1971e-08 1 -0.0965176 0 0 0 1 
34562489690071;0.291767;0.180614;1 1.7992e-08 -3.34543e-07 0.10541 -1.7992e-08 1 -2.95001e-08 -0.486129 3.34543e-07 2.95001e-08 1 0.244678 0 0 0 1 
34562489690072;0.432542;0.425931;1 1.26264e-08 2.75475e-07 0.0964935 -1.26264e-08 1 -4.63184e-09 -0.0968593 -2.75475e-07 4.63183e-09 1 0.033569 0 0 0 1 
34562489690073;0.333627;0.296205;0.997805 0.000193681 -0.0662251 -6.72504 0.000189597 0.999983 0.00578116 0.116838 0.0662251 -0.00578103 0.997788 -13.7705 0 0 0 1 
34562489690074;0.333091;0.429406;0.999978 3.26826e-06 0.00665681 -10.9336 5.98965e-07 1 -0.000580941 0.797075 -0.00665681 0.000580932 0.999978 2.67724 0 0 0 1 
34562489690075;0.300984;0.341894;1 -7.95229e-09 -2.65783e-07 -0.0984874 7.9523e-09 1 2.054e-08 -0.503811 2.65783e-07 -2.054e-08 1 -0.164373 0 0 0 1 
34562489690076;0.255405;0.39615;0.999754 2.04451e-05 0.0221582 4.64043 2.24205e-05 0.999998 -0.00193427 -0.994115 -0.0221582 0.0019343 0.999753 4.92685 0 0 0 1 
34562489690077;0.37018;0.38611;0.940008 0.00524525 -0.341112 -7.23224 0.00523056 0.999543 0.0297839 -0.218264 0.341112 -0.0297813 0.939551 -26.034 0 0 0 1 
34562489690078;0.123389;0.244621;1 -4.96652e-09 -2.34238e-07 -0.0727412 4.96652e-09 1 1.02344e-08 -0.475861 2.34238e-07 -1.02344e-08 1 -0.0827581 0 0 0 1 
34562489690079;0.437756;0.533372;1 3.7695e-08 -1.66181e-08 0.27805 -3.7695e-08 1 9.60521e-09 -0.219854 1.66181e-08 -9.60521e-09 1 -0.0649054 0 0 0 1 
34562489690080;0.248888;0.239194;1 -7.6284e-09 -6.48663e-07 -0.0383206 7.62843e-09 1 4.15883e-08 -0.106487 6.48663e-07 -4.15883e-08 1 -0.0435948 0 0 0 1 
34562489690081;0.238106;0.276185;1 -5.0812e-09 2.27555e-07 -0.0891697 5.0812e-09 1 1.22729e-08 -0.649266 -2.27555e-07 -1.22729e-08 1 -0.0900719 0 0 0 1 
34562489690082;0.176775;0.27264;0.99822 0.000157263 0.0596379 -22.8197 0.000153543 0.999986 -0.00520692 1.70704 -0.0596379 0.00520681 0.998206 6.03523 0 0 0 1 
34562489690083;0.334152;1.45882;1 -4.13484e-08 -2.05905e-07 -0.74032 4.13484e-08 1 -3.65213e-08 -4.34056 2.05905e-07 3.65213e-08 1 0.287987 0 0 0 1 
34562489690084;0.376441;0.376293;1 9.74651e-09 -1.99756e-07 0.071616 -9.74651e-09 1 4.04126e-09 -0.130422 1.99756e-07 -4.04126e-09 1 -0.0361571 0 0 0 1 
34562489690085;0.162081;0.305306;0.996653 0.00029079 -0.0817475 23.0371 0.000293628 0.999974 0.00713696 -2.41386 0.0817474 -0.00713708 0.996628 -8.17814 0 0 0 1 
34562489690086;0.435379;0.322547;0.99999 5.08523e-07 0.0045563 2.35843 1.30505e-06 1 -0.000398033 -0.416902 -0.0045563 0.000398035 0.99999 -0.627907 0 0 0 1 
34562489690087;0.326485;0.324972;1 3.9729e-09 -1.17169e-07 0.00447894 -3.9729e-09 1 -1.85856e-08 -0.204772 1.17169e-07 1.85856e-08 1 0.126822 0 0 0 1 
34562489690088;0.343468;0.349129;1 -5.44298e-09 -1.38984e-07 -0.025957 5.44298e-09 1 -5.96812e-09 0.0882512 1.38984e-07 5.96812e-09 1 0.040899 0 0 0 1 
34562489690089;0.181879;0.174557;1 -3.45687e-09 -1.1734e-07 -0.0481721 3.45687e-09 1 4.09622e-09 -0.223583 1.1734e-07 -4.09622e-09 1 -0.00990063 0 0 0 1 
34562489690090;0.274172;0.400902;1 4.63724e-09 -3.84172e-07 0.0131307 -4.63724e-09 1 4.09348e-10 -0.37937 3.84172e-07 -4.09347e-10 1 0.000423321 0 0 0 1 
34562489690091;0.516972;0.54838;1 6.38411e-08 3.62146e-07 0.354807 -6.38411e-08 1 2.93174e-08 -0.20349 -3.62146e-07 -2.93174e-08 1 -0.227647 0 0 0 1 
34562489690093;0.4248;0.455906;1 4.95261e-07 8.69805e-05 -4.41273 -4.95504e-07 1 2.7966e-06 1.16604 -8.69805e-05 -2.79664e-06 1 84.8189 0 0 0 1 
34562489690094;0.0934313;0.127865;0.999336 6.24518e-05 0.036432 -41.1336 5.33335e-05 0.999995 -0.00317714 4.59872 -0.036432 0.00317698 0.999331 30.3729 0 0 0 1 
34562489690095;0.144672;0.175535;1 -7.13427e-10 -5.13065e-08 0.00386462 7.13426e-10 1 -2.51362e-08 0.75202 5.13065e-08 2.51362e-08 1 0.21713 0 0 0 1 
34562489690096;0.228702;0.264044;0.999823 1.21928e-05 -0.0187926 27.9922 1.86486e-05 0.999999 0.00164097 -2.28112 0.0187926 -0.00164103 0.999822 1.07219 0 0 0 1 
34562489690097;0.121961;0.135686;0.999969 1.26141e-06 0.00793039 10.3565 4.22703e-06 1 -0.00069206 -1.40901 -0.00793039 0.000692072 0.999968 2.54344 0 0 0 1 
34562489690098;0.286027;0.289313;0.999657 -0.00032816 0.026194 2877.67 0.000391784 0.999997 -0.00242385 -249.802 -0.0261931 0.00243328 0.999654 -1177.25 0 0 0 1 
34562489690099;0.0245713;0.0343415;0.99995 3.31054e-06 0.0100356 7.06741 5.47202e-06 1 -0.000875116 -0.703549 -0.0100356 0.000875127 0.999949 8.36505 0 0 0 1 
34562489690100;0.214406;0.215889;1 -1.65971e-08 -7.31967e-10 -0.127425 1.65971e-08 1 2.29813e-08 0.574899 7.31967e-10 -2.29813e-08 1 -0.204863 0 0 0 1 
34562489690101;0.290539;0.324205;1 -3.53736e-08 1.91349e-07 -0.255653 3.53736e-08 1 -1.19254e-08 -0.0833379 -1.91349e-07 1.19254e-08 1 0.0825432 0 0 0 1 
34562489690102;0.160438;0.198183;0.999904 6.458e-06 -0.0138502 16.7263 1.02899e-05 0.999999 0.00120914 -1.79073 0.0138502 -0.00120917 0.999903 -1.3906 0 0 0 1 
34562489690103;0.385248;0.43043;1 -7.9383e-09 3.03735e-08 -0.11586 7.9383e-09 1 -3.16767e-08 -0.73324 -3.03735e-08 3.16767e-08 1 0.193577 0 0 0 1 
34562489690104;0.150227;0.221824;1 -2.69969e-08 1.85517e-07 -0.282929 2.69969e-08 1 -3.00108e-09 -0.782873 -1.85517e-07 3.00109e-09 1 -0.0407634 0 0 0 1 
34562489690105;0.212702;0.263903;0.999898 7.61924e-06 0.014305 7.89022 1.02319e-05 0.999999 -0.00124782 -2.04535 -0.014305 0.00124784 0.999897 7.80202 0 0 0 1 
34562489690106;0.369761;0.382113;1 -1.80403e-08 5.39572e-07 -0.111221 1.80403e-08 1 -1.53179e-08 0.213588 -5.39572e-07 1.53179e-08 1 0.417295 0 0 0 1 
34562489690107;0.232667;0.209318;1 -3.14593e-08 2.92339e-07 -0.246142 3.14593e-08 1 2.0035e-08 0.269339 -2.92339e-07 -2.0035e-08 1 -0.158488 0 0 0 1 
34562489690108;0.240619;0.276722;1 -2.05532e-08 4.54476e-09 -0.114078 2.05532e-08 1 1.31359e-08 0.277972 -4.54476e-09 -1.31359e-08 1 -0.077802 0 0 0 1 
34562489690109;0.185949;0.193282;1 -1.30504e-08 -2.733e-07 -0.0314989 1.30504e-08 1 1.15763e-08 0.146858 2.733e-07 -1.15763e-08 1 -0.0622276 0 0 0 1 
34562489690110;0.265953;0.314119;0.999997 -7.53987e-07 -0.00253929 8.0264 1.31656e-06 1 0.000221547 -0.732212 0.00253929 -0.000221549 0.999997 -1.57053 0 0 0 1 
34562489690111;0.165425;0.218061;1 1.66318e-08 5.32215e-07 0.170304 -1.66318e-08 1 4.25442e-09 1.09938 -5.32215e-07 -4.25442e-09 1 -0.0143705 0 0 0 1 
34562489690112;0.350609;0.368776;0.999887 1.09053e-05 0.0150113 -10.0784 8.74178e-06 0.999999 -0.00130875 1.83799 -0.0150113 0.00130874 0.999886 13.8735 0 0 0 1 
34562489690113;0.399049;0.421213;1 -1.26888e-08 1.07646e-07 -0.0726022 1.26888e-08 1 2.39889e-09 0.306044 -1.07646e-07 -2.39889e-09 1 -0.0118679 0 0 0 1 
34562489690114;0.0997142;0.169223;1 2.14425e-08 2.86084e-07 0.220577 -2.14425e-08 1 9.50849e-09 1.17582 -2.86084e-07 -9.5085e-09 1 -0.0497418 0 0 0 1 
34562489690115;0.280795;0.297331;1 -4.16439e-08 3.25507e-07 0.0265432 4.16439e-08 1 -1.45942e-08 -0.138116 -3.25507e-07 1.45942e-08 1 -0.162029 0 0 0 1 
34562489690116;0.37279;0.404481;1 -3.6866e-08 2.46716e-07 -0.275115 3.6866e-08 1 4.06357e-08 -0.0962984 -2.46716e-07 -4.06357e-08 1 -0.339569 0 0 0 1 
34562489690117;0.26675;0.412951;1 -2.2978e-08 -2.19526e-07 -0.0335517 2.2978e-08 1 5.29137e-11 2.01733 2.19526e-07 -5.29188e-11 1 0.12187 0 0 0 1 
34562489690118;0.0989808;0.148215;1 -3.18449e-08 -2.07987e-07 -0.232808 3.18449e-08 1 2.14889e-08 -0.281431 2.07987e-07 -2.14889e-08 1 -0.180525 0 0 0 1 
34562489690119;0.386067;0.466949;1 -7.10399e-08 -4.72165e-07 -0.591238 7.10399e-08 1 3.26416e-08 0.123636 4.72165e-07 -3.26417e-08 1 -0.278585 0 0 0 1 
34562489690120;0.309421;0.409155;1 1.82419e-08 9.4667e-08 0.244869 -1.82419e-08 1 -2.1899e-08 1.48785 -9.4667e-08 2.1899e-08 1 0.253801 0 0 0 1 
34562489690121;0.382301;0.413787;1 -3.48268e-08 -5.6452e-08 -0.229509 3.48268e-08 1 -1.25023e-08 0.301321 5.6452e-08 1.25023e-08 1 0.160337 0 0 0 1 
34562489690122;0.179762;0.214896;1 -3.298e-09 1.15975e-07 -0.0709943 3.298e-09 1 -2.27867e-08 -0.652184 -1.15975e-07 2.27867e-08 1 0.13539 0 0 0 1 
34562489690124;0.346704;0.418497;1 -5.34784e-08 -3.02747e-07 -0.422115 5.34784e-08 1 1.75487e-08 0.046577 3.02747e-07 -1.75487e-08 1 -0.125543 0 0 0 1 
34562489690125;0.12865;0.241193;1 -4.25402e-09 -4.13179e-07 -0.0272995 4.25402e-09 1 8.67396e-10 0.802964 4.13179e-07 -8.67398e-10 1 0.0059423 0 0 0 1 
34562489690126;0.441684;0.597627;1 3.69374e-08 1.66515e-07 0.390566 -3.69374e-08 1 -2.49576e-08 1.55763 -1.66515e-07 2.49576e-08 1 0.237484 0 0 0 1 
34562489690127;0.210546;0.232622;1 1.26713e-09 4.8729e-07 -0.00293884 -1.26714e-09 1 2.58897e-08 0.438005 -4.8729e-07 -2.58897e-08 1 -0.23172 0 0 0 1 
34562489690128;0.0334274;0.112331;0.999976 -7.41126e-07 -0.00699763 23.598 5.00599e-06 1 0.000609455 -2.74116 0.00699763 -0.000609475 0.999975 -11.8766 0 0 0 1 
34562489690129;0.0803559;0.10298;1 -2.27581e-08 2.5282e-07 -0.103987 2.27581e-08 1 2.29759e-08 0.288473 -2.5282e-07 -2.29759e-08 1 -0.171657 0 0 0 1 
34562489690130;0.355847;0.390368;1 -3.49867e-08 -3.89396e-08 -0.254682 3.49867e-08 1 2.12929e-08 0.118728 3.89396e-08 -2.12929e-08 1 -0.182212 0 0 0 1 
34562489690131;0.103607;0.131751;1 4.68881e-08 2.99352e-07 0.381704 -4.68881e-08 1 1.95836e-08 1.20968 -2.99352e-07 -1.95837e-08 1 -0.166857 0 0 0 1 
34562489690132;0.232394;0.273761;0.999973 5.99499e-07 -0.00740652 14.5733 4.18916e-06 1 0.000646532 -0.16881 0.00740652 -0.000646545 0.999972 -1.5708 0 0 0 1 
34562489690133;0.372111;0.379909;1 -3.19818e-08 -2.17595e-07 -0.232081 3.19818e-08 1 3.03887e-08 0.228511 2.17595e-07 -3.03888e-08 1 -0.248746 0 0 0 1 
34562489690134;0.23228;0.237373;1 -3.73094e-08 4.48069e-09 -0.261214 3.73094e-08 1 1.83908e-08 0.299536 -4.48069e-09 -1.83908e-08 1 -0.167518 0 0 0 1 
34562489690135;0.171644;1.01083;1 -8.14084e-08 -1.39727e-06 -0.365769 8.14084e-08 1 1.22881e-08 6.90165 1.39727e-06 -1.22883e-08 1 0.0921382 0 0 0 1 
34562489690136;0.200279;0.197166;1 -2.67688e-08 -6.11591e-08 -0.167035 2.67688e-08 1 7.03044e-09 0.195238 6.11591e-08 -7.03045e-09 1 -0.0608077 0 0 0 1 
34562489690137;0.062551;0.073214;0.999125 7.23027e-05 -0.0418187 38.4429 8.03107e-05 0.999993 0.00364771 -3.97876 0.0418187 -0.00364788 0.999119 -25.8762 0 0 0 1 
34562489690138;0.126833;0.128452;1 2.45373e-08 -3.98661e-08 0.217401 -2.45373e-08 1 -9.85053e-09 0.607944 3.98661e-08 9.85053e-09 1 0.0889893 0 0 0 1 
34562489690139;0.334771;0.422261;1 4.40166e-09 5.14235e-08 0.0799223 -4.40167e-09 1 1.09781e-08 0.886654 -5.14235e-08 -1.09781e-08 1 -0.053472 0 0 0 1 
34562489690140;0.169798;0.185445;1 -1.60763e-08 1.18661e-07 -0.0539385 1.60763e-08 1 1.27398e-08 0.671717 -1.18661e-07 -1.27398e-08 1 -0.0975465 0 0 0 1 
34562489690141;0.269667;0.46389;1 2.45118e-08 -4.56307e-07 0.321652 -2.45118e-08 1 1.87128e-08 2.11994 4.56307e-07 -1.87128e-08 1 -0.0949247 0 0 0 1 
34562489690142;0.0756236;0.240199;1 -7.88638e-08 -5.73269e-07 -0.627955 7.88638e-08 1 2.28247e-08 -1.00298 5.73269e-07 -2.28247e-08 1 -0.230884 0 0 0 1 
34562489690143;0.273373;0.386502;0.999965 4.47332e-06 0.00840535 -11.3783 1.68214e-06 1 -0.00073232 2.17068 -0.00840535 0.000732308 0.999964 11.891 0 0 0 1 
34562489690144;0.115892;1.3352;1 8.16544e-08 1.74832e-06 1.13912 -8.16543e-08 1 -2.57385e-08 9.84324 -1.74832e-06 2.57384e-08 1 0.447795 0 0 0 1 
34562489690145;0.160443;0.508364;1 7.48246e-08 1.18178e-06 0.268677 -7.48246e-08 1 4.60714e-09 -3.528 -1.18178e-06 -4.60723e-09 1 -0.244958 0 0 0 1 
34562489690146;0.0878609;0.939779;1 3.48168e-08 3.43547e-07 0.651024 -3.48168e-08 1 -1.63662e-08 7.10082 -3.43547e-07 1.63662e-08 1 0.368167 0 0 0 1 
34562489690147;0.0902058;0.166961;0.99997 3.19951e-07 -0.00775575 18.9141 4.92752e-06 1 0.000676572 -1.25869 0.00775575 -0.00067659 0.99997 -4.47202 0 0 0 1 
34562489690148;0.253989;1.24032;1 5.88927e-08 -9.33917e-07 1.02323 -5.88926e-08 1 3.82326e-08 8.54733 9.33917e-07 -3.82325e-08 1 0.0345547 0 0 0 1 
34562489690149;0.415878;0.412061;1 -1.80764e-08 1.10098e-07 -0.121481 1.80764e-08 1 2.02127e-08 0.167089 -1.10098e-07 -2.02127e-08 1 -0.185408 0 0 0 1 
34562489690150;0.323952;0.363474;1 -4.23145e-08 -1.87987e-07 -0.329381 4.23145e-08 1 1.51723e-08 0.0227272 1.87987e-07 -1.51723e-08 1 -0.113571 0 0 0 1 
34562489690151;0.0908205;0.201599;1 2.95084e-08 1.67664e-08 0.246226 -2.95084e-08 1 -9.1723e-10 0.811804 -1.67664e-08 9.17229e-10 1 0.0103044 0 0 0 1 
34562489690152;0.416208;0.426402;0.998672 0.000114739 -0.0515257 16.896 0.000117035 0.99999 0.00449519 -1.15246 0.0515257 -0.00449525 0.998662 -26.4019 0 0 0 1 
34562489690153;0.0988573;0.0674808;0.999959 5.00524e-06 -0.00904191 -9.89178 2.10514e-06 1 0.00078637 0.084708 0.00904191 -0.000786357 0.999959 -24.3617 0 0 0 1 
34562489690155;0.259195;1.40581;1 -1.07906e-07 -1.04772e-06 -0.0977424 1.07906e-07 1 1.13451e-07 8.78414 1.04772e-06 -1.13451e-07 1 -0.631211 0 0 0 1 
34562489690156;0.172496;0.156;1 -3.5168e-09 2.15961e-08 0.0305767 3.5168e-09 1 2.81758e-08 0.431923 -2.15961e-08 -2.81758e-08 1 -0.25737 0 0 0 1 
34562489690157;0.159263;0.26216;1 6.03561e-08 6.57074e-07 0.533698 -6.0356e-08 1 -1.09918e-08 0.0328809 -6.57074e-07 1.09917e-08 1 0.0510226 0 0 0 1 
34562489690158;0.105511;0.239693;1 1.06777e-07 7.46314e-07 0.777697 -1.06777e-07 1 -2.57266e-08 -0.639493 -7.46314e-07 2.57265e-08 1 0.126947 0 0 0 1 
34562489690159;0.266866;0.297839;1 6.55573e-09 3.82084e-07 0.0948843 -6.55574e-09 1 3.2352e-08 0.638666 -3.82084e-07 -3.2352e-08 1 -0.240479 0 0 0 1 
34562489690160;0.0473697;0.119091;1 3.96968e-08 5.88736e-07 0.338257 -3.96968e-08 1 9.75359e-09 0.203566 -5.88736e-07 -9.75361e-09 1 -0.09656 0 0 0 1 
34562489690161;0.216211;0.227352;1 6.75835e-09 -2.24934e-08 0.10549 -6.75835e-09 1 -5.12995e-09 0.211798 2.24934e-08 5.12995e-09 1 0.01532 0 0 0 1 
34562489690162;0.156911;0.292328;1 1.08945e-07 6.84282e-07 0.878936 -1.08945e-07 1 6.90832e-09 0.390766 -6.84282e-07 -6.90839e-09 1 -0.0749405 0 0 0 1 
34562489690163;0.149607;0.115801;1 3.09036e-08 6.00314e-07 0.355148 -3.09036e-08 1 8.62148e-09 0.313031 -6.00314e-07 -8.6215e-09 1 -0.123317 0 0 0 1 
34562489690164;0.334807;0.407891;1 2.81298e-08 2.52234e-07 0.191422 -2.81298e-08 1 -3.55695e-08 -0.328629 -2.52234e-07 3.55695e-08 1 0.241285 0 0 0 1 
34562489690165;0.385816;0.449991;0.999978 2.085e-06 0.00661925 -1.75328 1.73431e-06 1 -0.000576995 0.947997 -0.00661925 0.000576994 0.999978 7.53313 0 0 0 1 
34562489690166;0.333068;0.395877;1 8.33167e-08 8.00221e-07 0.663013 -8.33167e-08 1 -6.76084e-09 0.0610422 -8.00221e-07 6.76077e-09 1 0.0388474 0 0 0 1 
34562489690167;0.363242;0.417658;1 2.12089e-08 3.53946e-07 0.241225 -2.12089e-08 1 2.40114e-08 0.382321 -3.53946e-07 -2.40114e-08 1 -0.189059 0 0 0 1 
34562489690168;0.405801;0.335985;0.99997 3.00646e-06 -0.00768808 -2.32892 2.14697e-06 1 0.000670306 0.679652 0.00768808 -0.000670303 0.99997 -8.46275 0 0 0 1 
34562489690169;0.233383;0.401617;1 -1.26021e-08 1.17285e-07 0.0633334 1.26021e-08 1 5.36875e-08 1.47507 -1.17285e-07 -5.36875e-08 1 -0.405172 0 0 0 1 
34562489690170;0.111556;0.103368;1 1.25902e-08 3.5952e-07 0.157475 -1.25902e-08 1 1.23692e-08 0.104765 -3.5952e-07 -1.23692e-08 1 -0.135192 0 0 0 1 
34562489690171;0.0960451;1.11081;1 2.76537e-08 -1.05993e-06 0.867666 -2.76535e-08 1 1.2557e-07 7.85566 1.05993e-06 -1.2557e-07 1 -0.804669 0 0 0 1 
34562489690172;0.321124;0.395163;1 1.13849e-07 1.17591e-06 0.926884 -1.13849e-07 1 2.03288e-08 0.340788 -1.17591e-06 -2.03289e-08 1 -0.216788 0 0 0 1 
34562489690173;0.268086;0.291005;0.999704 2.49616e-05 0.0243491 4.40786 2.67885e-05 0.999998 -0.00212501 0.280235 -0.0243491 0.00212504 0.999701 7.29479 0 0 0 1 
34562489690174;0.189053;0.211812;1 1.49296e-08 3.50684e-07 0.168101 -1.49296e-08 1 -1.6316e-09 0.127075 -3.50684e-07 1.6316e-09 1 -0.0172008 0 0 0 1 
34562489690175;0.133957;0.27003;1 9.46636e-08 4.89241e-07 0.751737 -9.46636e-08 1 -9.86711e-09 0.253597 -4.89241e-07 9.86706e-09 1 0.0459515 0 0 0 1 
34562489690176;0.144022;0.351555;1 1.00348e-07 6.80179e-07 0.759469 -1.00348e-07 1 -3.34529e-08 -0.970667 -6.80179e-07 3.34528e-08 1 0.173899 0 0 0 1 
34562489690177;0.320514;0.371736;1 1.69581e-08 1.75862e-07 0.194991 -1.69581e-08 1 -1.48237e-09 0.291964 -1.75862e-07 1.48236e-09 1 0.00758868 0 0 0 1 
34562489690178;0.353901;0.480684;0.999086 7.50511e-05 -0.0427476 43.6631 8.45547e-05 0.999993 0.00373186 -2.58229 0.0427476 -0.00373206 0.999079 -1.93202 0 0 0 1 
34562489690179;0.0142393;0.0716588;1 2.46961e-08 1.76105e-07 0.247221 -2.46961e-08 1 1.9848e-09 0.0599667 -1.76105e-07 -1.9848e-09 1 -0.0321417 0 0 0 1 
34562489690180;0.106434;0.125621;1 -3.66637e-09 -3.80227e-08 -0.00291739 3.66637e-09 1 1.75512e-08 0.22562 3.80227e-08 -1.75512e-08 1 -0.143611 0 0 0 1 
34562489690181;0.139987;0.138947;1 6.66318e-09 -2.2538e-08 0.0744906 -6.66318e-09 1 -1.46732e-08 -0.0336213 2.2538e-08 1.46732e-08 1 0.0765166 0 0 0 1 
34562489690182;0.247912;0.420423;0.999368 5.29559e-05 -0.0355462 22.6558 5.74106e-05 0.999995 0.00310384 -0.467298 0.0355462 -0.00310392 0.999363 2.72832 0 0 0 1 
34562489690183;0.115667;0.248897;1 2.89256e-08 5.90489e-07 0.296088 -2.89256e-08 1 3.21524e-08 0.933762 -5.90489e-07 -3.21524e-08 1 -0.218861 0 0 0 1 
34562489690184;0.228068;0.264439;1 2.66953e-08 3.05978e-07 0.261225 -2.66953e-08 1 -1.03304e-08 0.219737 -3.05978e-07 1.03304e-08 1 0.0420295 0 0 0 1 
34562489690186;0.0711037;0.123815;1 2.83897e-08 1.99365e-07 0.0792879 -2.83897e-08 1 1.30251e-08 -1.12665 -1.99365e-07 -1.30251e-08 1 -0.162776 0 0 0 1 
34562489690187;0.0441165;0.0543311;0.999975 1.90082e-06 0.00708921 1.34077 2.48322e-06 1 -0.000618402 -0.342525 -0.00708921 0.000618404 0.999975 3.6041 0 0 0 1 
34562489690188;0.231973;0.252028;0.999931 5.95812e-06 -0.011749 2.15672 6.09079e-06 0.999999 0.00102549 1.0735 0.011749 -0.00102549 0.99993 -2.18564 0 0 0 1 
34562489690189;0.393005;0.584963;0.999906 6.00884e-06 -0.0137424 18.6999 1.04764e-05 0.999999 0.00119952 2.73725 0.0137424 -0.00119955 0.999905 -1.96079 0 0 0 1 
34562489690190;0.219538;0.619019;1 -1.27455e-07 3.27545e-07 -0.231731 1.27455e-07 1 1.27855e-07 6.80669 -3.27545e-07 -1.27855e-07 1 -0.769086 0 0 0 1 
34562489690191;0.389147;0.895227;1 1.73518e-07 3.2813e-07 0.823184 -1.73518e-07 1 -7.68406e-08 -8.62276 -3.2813e-07 7.68406e-08 1 0.319019 0 0 0 1 
34562489690192;0.192134;0.295542;1 4.56771e-08 2.55065e-07 0.140313 -4.56771e-08 1 -8.11636e-09 -1.75969 -2.55065e-07 8.11635e-09 1 -0.0199187 0 0 0 1 
34562489690193;0.281462;0.279363;1 -2.69065e-08 4.11323e-07 -0.129226 2.69065e-08 1 6.18405e-08 0.337685 -4.11323e-07 -6.18405e-08 1 -0.494237 0 0 0 1 
34562489690194;0.204314;0.212287;1 9.13528e-09 2.91946e-08 0.05754 -9.13528e-09 1 -2.02527e-08 -0.692178 -2.91946e-08 2.02527e-08 1 0.131761 0 0 0 1 
34562489690195;0.157469;0.626863;1 -8.64386e-08 -1.934e-07 -0.140667 8.64387e-08 1 9.30958e-08 7.59603 1.934e-07 -9.30958e-08 1 -0.487748 0 0 0 1 
34562489690196;0.0529904;0.0456058;1 -1.50722e-08 3.30307e-07 -0.052796 1.50722e-08 1 4.49879e-08 0.466083 -3.30307e-07 -4.49879e-08 1 -0.363755 0 0 0 1 
34562489690197;0.438295;1.08142;1 1.61619e-07 1.31898e-07 0.257223 -1.61619e-07 1 -2.79742e-08 -10.9373 -1.31898e-07 2.79741e-08 1 -0.146722 0 0 0 1 
34562489690198;0.0525853;0.0258969;1 1.03426e-08 6.02356e-08 0.134456 -1.03426e-08 1 1.63042e-08 0.521716 -6.02356e-08 -1.63042e-08 1 -0.127463 0 0 0 1 
34562489690199;0.186435;0.777111;1 -1.09618e-07 1.95371e-07 -0.274746 1.09617e-07 1 4.8978e-08 8.75505 -1.95371e-07 -4.8978e-08 1 -0.182871 0 0 0 1 
34562489690200;0.246291;0.2366;0.999986 2.1184e-06 -0.00531135 -6.24544 3.41899e-07 1 0.000463214 0.575443 0.00531135 -0.000463209 0.999986 -3.54439 0 0 0 1 
34562489690201;0.100046;0.516501;1 4.28651e-08 3.3839e-07 0.0306786 -4.28651e-08 1 -2.3046e-08 -6.46858 -3.3839e-07 2.3046e-08 1 0.0164924 0 0 0 1 
34562489690202;0.155088;0.147912;1 1.25119e-08 1.24172e-07 0.0714531 -1.25119e-08 1 1.1792e-08 0.237332 -1.24172e-07 -1.1792e-08 1 -0.0846063 0 0 0 1 
34562489690203;0.0877176;0.106162;1 2.14323e-08 -2.20323e-07 0.240905 -2.14323e-08 1 -2.87689e-08 1.38119 2.20323e-07 2.87689e-08 1 0.221201 0 0 0 1 
34562489690204;0.244178;0.753097;1 9.07635e-08 -2.71396e-08 -0.130795 -9.07635e-08 1 -1.46452e-07 -8.46352 2.71396e-08 1.46452e-07 1 0.786112 0 0 0 1 
34562489690205;0.481854;0.413974;0.999292 6.58473e-05 -0.0376184 -26.3816 5.77331e-05 0.999995 0.00328401 2.28697 0.0376184 -0.00328386 0.999287 -3.605 0 0 0 1 
34562489690206;0.097924;0.110886;1 2.5596e-09 1.12225e-07 -0.017444 -2.5596e-09 1 -2.10861e-09 -0.600329 -1.12225e-07 2.10861e-09 1 -0.0134902 0 0 0 1 
34562489690207;0.417969;0.422153;1 -1.80622e-08 3.3807e-08 -0.0704071 1.80622e-08 1 6.74394e-08 1.35832 -3.3807e-08 -6.74394e-08 1 -0.488659 0 0 0 1 
34562489690208;0.41666;0.425732;1 1.94424e-08 4.0591e-08 0.0486135 -1.94424e-08 1 1.51696e-08 -0.781519 -4.0591e-08 -1.51696e-08 1 -0.132853 0 0 0 1 
34562489690209;0.102897;0.0742612;1 1.65358e-08 3.4603e-07 0.108644 -1.65359e-08 1 3.91537e-08 0.339766 -3.4603e-07 -3.91537e-08 1 -0.324419 0 0 0 1 
34562489690210;0.0465566;0.116689;1 2.43084e-08 3.53453e-07 0.106073 -2.43084e-08 1 2.49033e-08 -0.893392 -3.53453e-07 -2.49034e-08 1 -0.255963 0 0 0 1 
34562489690211;0.156365;0.582735;1 1.39838e-07 -2.37823e-07 0.198905 -1.39838e-07 1 -1.21625e-08 -7.59108 2.37823e-07 1.21626e-08 1 -0.126291 0 0 0 1 
34562489690212;0.249667;0.280569;1 2.8173e-08 1.50714e-07 0.118303 -2.8173e-08 1 -8.23041e-09 -0.855624 -1.50714e-07 8.23041e-09 1 0.0351861 0 0 0 1 
34562489690213;0.302086;0.324582;1 1.35095e-08 3.27188e-08 -0.00115495 -1.35095e-08 1 -1.82331e-08 -0.844995 -3.27188e-08 1.82331e-08 1 0.116068 0 0 0 1 
34562489690214;0.0408606;0.0629725;1 -4.30158e-09 1.51704e-07 0.0407159 4.30158e-09 1 1.79672e-08 0.383848 -1.51704e-07 -1.79672e-08 1 -0.138245 0 0 0 1 
34562489690215;0.322976;0.709331;1 -1.01667e-07 6.54627e-07 -0.0946137 1.01667e-07 1 -1.68368e-08 7.36924 -6.54627e-07 1.68368e-08 1 0.257748 0 0 0 1 
34562489690217;0.345856;0.227248;0.999977 1.76861e-06 0.00683883 0.575562 2.31117e-06 1 -0.000596552 -0.100098 -0.00683883 0.000596554 0.999976 5.10783 0 0 0 1 
34562489690218;0.369096;0.254332;1 -1.52003e-08 -1.79342e-07 -0.168642 1.52003e-08 1 -5.61626e-09 -0.447896 1.79342e-07 5.61625e-09 1 0.0277188 0 0 0 1 
34562489690219;0.344434;0.488485;1 -5.02967e-08 -1.62294e-07 -0.361621 5.02967e-08 1 -8.00984e-09 0.366544 1.62294e-07 8.00983e-09 1 0.0901731 0 0 0 1 
34562489690220;0.281678;0.343317;1 1.16066e-08 -5.17334e-07 0.0851565 -1.16066e-08 1 -7.74393e-09 -0.103414 5.17334e-07 7.74394e-09 1 0.0517443 0 0 0 1 
34562489690221;0.2479;0.356126;1 -2.43749e-08 1.07446e-07 -0.213262 2.43749e-08 1 2.10584e-08 -0.11296 -1.07446e-07 -2.10583e-08 1 -0.151969 0 0 0 1 
34562489690222;0.309448;0.390061;0.999051 7.938e-05 -0.0435623 33.598 8.63946e-05 0.999993 0.00380357 -2.42905 0.0435622 -0.00380372 0.999043 0.0750667 0 0 0 1 
34562489690223;0.503992;0.532977;1 -2.16314e-08 -4.29488e-07 -0.208177 2.16314e-08 1 -1.07007e-08 -0.3235 4.29488e-07 1.07007e-08 1 0.0668782 0 0 0 1 
34562489690224;0.505738;0.404314;0.998251 0.000148064 -0.0591195 44.6161 0.000157282 0.999987 0.00516021 -4.20897 0.0591195 -0.00516049 0.998238 -12.4792 0 0 0 1 
34562489690225;0.255572;0.266881;1 -4.14218e-09 2.38741e-07 -0.0484066 4.14218e-09 1 -3.44822e-09 -0.0982685 -2.38741e-07 3.44822e-09 1 0.0235844 0 0 0 1 
34562489690226;0.59187;0.61815;1 -2.03439e-08 -4.53651e-07 -0.194065 2.03439e-08 1 -1.07593e-08 -0.295587 4.53651e-07 1.07593e-08 1 0.0994706 0 0 0 1 
34562489690227;0.535961;0.462824;0.997313 0.000233726 -0.0732609 17.0234 0.000235474 0.99998 0.0063958 -1.67658 0.0732609 -0.00639587 0.997292 -7.53602 0 0 0 1 
34562489690228;0.492348;0.66623;0.997134 0.000248533 -0.0756514 23.3694 0.000251867 0.999978 0.00660495 -2.06731 0.0756514 -0.00660508 0.997112 -3.10599 0 0 0 1 
34562489690229;0.377629;0.318164;0.999514 4.32001e-05 -0.0311779 -1.93335 4.1619e-05 0.999996 0.00271983 -0.335449 0.0311779 -0.00271981 0.99951 -19.4852 0 0 0 1 
34562489690230;0.309344;0.411971;1 -2.70764e-08 -2.15689e-07 -0.180558 2.70764e-08 1 5.64161e-09 0.343808 2.15689e-07 -5.64161e-09 1 -0.0444534 0 0 0 1 
34562489690231;0.422227;0.500966;0.99882 9.86691e-05 0.0485688 27.9728 0.000107404 0.999991 -0.00424029 -2.13675 -0.0485688 0.0042405 0.998811 3.04021 0 0 0 1 
34562489690232;0.215127;0.414859;1 -3.23466e-08 4.05334e-07 -0.220645 3.23466e-08 1 1.57006e-08 0.320625 -4.05334e-07 -1.57006e-08 1 -0.0999857 0 0 0 1 
34562489690233;0.420689;0.490691;1 -3.30849e-08 1.22029e-07 -0.238042 3.30849e-08 1 1.51923e-08 0.307793 -1.22029e-07 -1.51923e-08 1 -0.119732 0 0 0 1 
34562489690234;0.244511;0.4172;0.999975 7.61623e-07 -0.0071196 11.8466 3.66414e-06 1 0.000621619 -0.604228 0.0071196 -0.000621629 0.999974 -0.52363 0 0 0 1 
34562489690235;0.305129;0.229256;1 -2.68908e-08 -2.14757e-07 -0.21214 2.68908e-08 1 -2.8868e-08 0.12713 2.14757e-07 2.8868e-08 1 0.216957 0 0 0 1 
34562489690236;0.196522;0.483312;0.995949 0.000345581 0.0899193 51.7675 0.000361605 0.999969 -0.00784826 -4.08646 -0.0899193 0.00784898 0.995918 18.8826 0 0 0 1 
34562489690237;0.236663;0.615987;0.997763 0.000192458 -0.0668556 31.5032 0.000198214 0.999983 0.00583684 -3.14149 0.0668556 -0.00583703 0.997746 -3.59978 0 0 0 1 
34562489690238;0.36003;0.417345;1 -3.44961e-08 1.54266e-07 -0.285048 3.44961e-08 1 1.40384e-09 -0.0508791 -1.54266e-07 -1.40384e-09 1 -0.0393024 0 0 0 1 
34562489690239;0.243492;0.24812;1 -4.48964e-08 -3.04825e-07 -0.377686 4.48964e-08 1 -1.99969e-08 -0.314448 3.04825e-07 1.99968e-08 1 0.15119 0 0 0 1 
34562489690240;0.35283;0.27282;0.999992 -2.02387e-07 -0.00396389 7.19359 1.57333e-06 1 0.000345854 -1.16123 0.00396389 -0.000345858 0.999992 -2.23366 0 0 0 1 
34562489690241;0.379757;0.652192;0.990379 0.000830253 0.138378 58.1808 0.000849619 0.999927 -0.0120802 -5.16536 -0.138378 0.0120816 0.990306 8.06943 0 0 0 1 
34562489690242;0.378853;0.445596;0.999784 1.74342e-05 0.0207942 8.18026 2.03317e-05 0.999998 -0.00181596 -0.825021 -0.0207942 0.00181599 0.999782 -2.06035 0 0 0 1 
34562489690243;0.301434;0.497593;1 -5.40381e-08 -2.01171e-07 -0.415325 5.40381e-08 1 -1.26149e-08 0.153618 2.01171e-07 1.26149e-08 1 0.073801 0 0 0 1 
34562489690244;0.500189;0.662635;1 -1.88357e-08 -4.17437e-07 -0.122444 1.88357e-08 1 -8.93709e-09 0.292724 4.17437e-07 8.93708e-09 1 0.0696487 0 0 0 1 
34562489690245;0.271456;0.229495;1 -2.20517e-08 -7.52156e-08 -0.197647 2.20517e-08 1 -2.02594e-08 -0.0833022 7.52156e-08 2.02594e-08 1 0.167304 0 0 0 1 
34562489690246;0.262584;0.360576;0.999997 -4.94478e-07 -0.00228082 5.62232 9.48342e-07 1 0.00019899 -0.273964 0.00228082 -0.000198992 0.999997 -1.38372 0 0 0 1 
34562489690248;0.122472;0.122572;0.999896 8.3045e-06 0.0144208 4.49273 9.84676e-06 0.999999 -0.00125861 -0.284683 -0.0144208 0.00125862 0.999895 5.01872 0 0 0 1 
34562489690249;0.236877;1.32405;1 -7.5269e-08 -1.34652e-06 0.0780047 7.52692e-08 1 1.25997e-07 9.42689 1.34652e-06 -1.25997e-07 1 -0.639485 0 0 0 1 
34562489690250;0.361013;0.375958;1 1.87416e-08 5.58444e-07 0.135819 -1.87416e-08 1 -3.4493e-09 -0.355575 -5.58444e-07 3.44929e-09 1 0.0178759 0 0 0 1 
34562489690251;0.0844088;0.123947;0.999561 3.84263e-05 -0.029622 3.71335 3.81775e-05 0.999997 0.00258547 0.153597 0.029622 -0.00258547 0.999558 -8.15921 0 0 0 1 
34562489690252;0.195046;0.246526;1 9.92376e-09 1.78253e-08 0.161134 -9.92376e-09 1 8.02796e-09 0.58707 -1.78253e-08 -8.02796e-09 1 -0.0352811 0 0 0 1 
34562489690253;0.120903;0.155664;0.999712 2.6806e-05 0.0240086 -15.8446 2.35106e-05 0.999998 -0.00209549 0.880178 -0.0240086 0.00209545 0.99971 7.31259 0 0 0 1 
34562489690254;0.246774;0.325942;1 6.34074e-08 -2.60851e-07 0.486059 -6.34074e-08 1 -1.89867e-08 -0.759676 2.60851e-07 1.89867e-08 1 0.128804 0 0 0 1 
34562489690255;0.134202;0.194924;0.999941 4.97653e-06 0.0108672 0.0922462 5.32875e-06 1 -0.000948261 -1.06978 -0.0108672 0.000948263 0.999941 4.51379 0 0 0 1 
34562489690256;0.130561;0.094443;0.999958 -2.90996e-05 0.00911453 262.798 3.63129e-05 1 -0.000791247 -22.7127 -0.0091145 0.000791545 0.999958 35.0445 0 0 0 1 
34562489690257;0.163799;0.143635;0.999945 6.52908e-06 -0.0104991 -12.2001 3.09329e-06 1 0.000916482 1.27352 0.0104991 -0.000916464 0.999944 -2.88948 0 0 0 1 
34562489690258;0.294851;0.32489;0.999953 4.40326e-06 -0.00973895 -0.534837 3.8645e-06 1 0.000848919 -0.801732 0.00973895 -0.000848916 0.999952 -11.0995 0 0 0 1 
34562489690259;0.334686;0.744758;1 1.45139e-07 -8.11139e-08 0.937245 -1.45139e-07 1 -4.06104e-08 -3.93025 8.11139e-08 4.06104e-08 1 0.219798 0 0 0 1 
34562489690260;0.32082;1.14642;1 2.18527e-08 -7.10991e-07 0.919258 -2.18527e-08 1 2.91667e-08 7.66258 7.10991e-07 -2.91666e-08 1 0.0532263 0 0 0 1 
34562489690261;0.124973;0.191812;0.999809 1.84796e-05 0.0195635 -16.4899 1.49285e-05 0.999999 -0.00170753 0.905318 -0.0195635 0.00170749 0.999807 5.85955 0 0 0 1 
34562489690262;0.295299;0.332353;1 2.76283e-08 2.85693e-07 0.279315 -2.76283e-08 1 -1.32185e-08 0.171948 -2.85693e-07 1.32185e-08 1 0.131788 0 0 0 1 
34562489690263;0.134227;0.125791;1 -1.62941e-06 3.57407e-05 12.8981 1.6296e-06 1 -5.45568e-06 -1.39476 -3.57407e-05 5.45573e-06 1 -17.9884 0 0 0 1 
34562489690264;0.264936;0.286406;1 5.36808e-08 3.88731e-07 0.427155 -5.36808e-08 1 -1.13234e-08 -0.409495 -3.88731e-07 1.13234e-08 1 0.0904582 0 0 0 1 
34562489690265;0.196471;0.163974;1 -1.15291e-08 2.38708e-07 -0.138938 1.15291e-08 1 2.34188e-08 0.128338 -2.38708e-07 -2.34187e-08 1 -0.17816 0 0 0 1 
