#;prob_registration_l1 -r /home/probabilistic_point_clouds_registration/build/tester /home/point_clouds_registration_benchmark//devel/registration_pairs/wood_summer_local.txt /home/point_clouds_registration_benchmark//eth/wood_summer -s 0.2 -t 0.2 -p 0.3 -r 1000 -m 1 -i 40 
id;initial_error;final_error;transformation
2318808360000;0.0774618;0.0243543;0.998208 0.041882 0.0427399 -0.470828 -0.0419625 0.999119 0.000988328 0.477763 -0.0426609 -0.00278003 0.999086 0.33715 0 0 0 1 
2318808360001;0.306883;0.0387366;0.997999 0.0612551 -0.0156779 -0.0898327 -0.0614236 0.998057 -0.0105026 0.538278 0.0150041 0.0114446 0.999822 -0.37809 0 0 0 1 
2318808360002;0.495258;0.0370757;0.915702 -0.388292 -0.103532 4.79421 0.387296 0.921455 -0.0303824 -1.76779 0.107197 -0.0122761 0.994162 -0.124929 0 0 0 1 
2318808360003;0.524546;0.0406531;0.911132 -0.408411 -0.0551295 4.43071 0.411959 0.898915 0.149133 -2.63659 -0.0113509 -0.158591 0.987279 1.2929 0 0 0 1 
2318808360004;0.20511;0.0302943;0.99745 -0.0676493 0.0227343 0.644362 0.0674736 0.997686 0.0084097 -0.515913 -0.0232505 -0.0068543 0.999706 -0.146172 0 0 0 1 
2318808360005;0.440296;0.0419365;0.984937 0.0605265 -0.161976 -0.0567006 -0.0135781 0.960916 0.276507 0.145895 0.172381 -0.270142 0.947263 0.852394 0 0 0 1 
2318808360006;0.169359;0.0305075;0.995689 -0.0895282 0.0242346 1.06056 0.0899964 0.995761 -0.0189669 -0.422516 -0.0224338 0.0210662 0.999526 0.0862281 0 0 0 1 
2318808360007;0.299345;0.0372932;0.929288 -0.364623 0.0589308 4.22658 0.36324 0.931108 0.033079 -2.22438 -0.0669324 -0.00933391 0.997714 0.532273 0 0 0 1 
2318808360008;0.34518;0.0219622;0.930864 0.264486 0.25207 -2.37602 -0.297663 0.949051 0.103439 2.86292 -0.211869 -0.171319 0.962165 3.84056 0 0 0 1 
2318808360009;0.553788;0.0429362;0.888572 0.438509 0.134719 -3.67455 -0.432043 0.898682 -0.0755586 3.78694 -0.154203 0.00893494 0.987999 1.39439 0 0 0 1 
2318808360010;0.296129;0.0371975;0.992275 -0.124057 -0.000407266 1.20688 0.123961 0.991368 0.0426959 -1.1817 -0.00489296 -0.0424165 0.999088 0.0244243 0 0 0 1 
2318808360011;0.267088;0.0312744;0.973402 -0.190813 0.126803 2.13118 0.176993 0.977747 0.112624 -1.21824 -0.145471 -0.0871853 0.985513 2.39209 0 0 0 1 
2318808360012;0.117207;0.0362192;0.99673 -0.00533961 -0.0806278 0.0766672 0.00934195 0.998738 0.0493443 -0.161178 0.0802626 -0.0499362 0.995522 -0.260314 0 0 0 1 
2318808360013;0.297157;0.0277128;0.997011 -0.0528997 0.0563119 0.0113355 0.0545848 0.998093 -0.0288172 -0.604776 -0.0546801 0.0318049 0.997997 -0.0244243 0 0 0 1 
2318808360014;0.320442;0.0246598;0.999996 0.00121584 0.00255965 0.0227549 -0.00123163 0.99998 0.0061767 0.0572668 -0.00255209 -0.00617983 0.999978 -0.568528 0 0 0 1 
2318808360015;0.329054;0.0167081;0.963708 0.234703 -0.127204 -2.03884 -0.24742 0.964196 -0.0954432 2.42016 0.100249 0.123452 0.987274 -2.51029 0 0 0 1 
2318808360016;0.335073;0.0445858;0.999427 0.0336095 0.00412282 -0.275622 -0.0336411 0.999403 0.00785366 0.00944342 -0.00385641 -0.00798786 0.999961 -0.46882 0 0 0 1 
2318808360017;0.483715;0.0236809;0.973106 0.224997 -0.0494017 -2.50335 -0.225131 0.974324 0.00290391 1.7878 0.0487866 0.00829603 0.998775 0.235148 0 0 0 1 
2318808360018;0.313611;0.0333699;0.907628 -0.406228 -0.10579 4.98233 0.397706 0.912793 -0.0929494 -2.05103 0.134323 0.0422902 0.990035 -1.46121 0 0 0 1 
2318808360019;0.502137;0.0243828;0.947423 0.315984 -0.0504404 -2.44918 -0.319759 0.928994 -0.186345 2.9259 -0.0120232 0.192676 0.981189 -2.32297 0 0 0 1 
2318808360020;0.421809;0.0239336;0.967024 0.0222443 0.253712 -0.527922 -0.00133398 0.996607 -0.0822934 0.285322 -0.254682 0.0792413 0.963773 0.52321 0 0 0 1 
2318808360021;0.393879;0.037797;0.908123 -0.299625 -0.292468 4.34343 0.205784 0.927713 -0.311449 -0.797267 0.364644 0.222649 0.904136 -5.03918 0 0 0 1 
2318808360022;0.404256;0.0357112;0.995414 0.0335631 -0.0895845 -0.310367 -0.0396243 0.996982 -0.0667609 1.13498 0.0870734 0.0700045 0.993739 -1.74316 0 0 0 1 
2318808360023;0.175152;0.0312309;0.978323 -0.195389 0.0686044 2.02153 0.198377 0.979318 -0.0397812 -1.26177 -0.0594127 0.0525284 0.99685 -0.0655036 0 0 0 1 
2318808360024;0.438639;0.0371563;0.993245 0.00677576 -0.115841 -0.740114 -0.0190518 0.994269 -0.105197 0.410931 0.114465 0.106694 0.987681 -2.06392 0 0 0 1 
2318808360025;0.493149;0.0309544;0.985174 -0.17129 -0.00960477 1.71006 0.171008 0.984953 -0.024967 -0.64405 0.0137369 0.0229544 0.999642 0.380926 0 0 0 1 
2318808360026;0.26214;0.0255264;0.980436 0.00878343 -0.196642 -0.0748204 0.00445615 0.997757 0.0667846 -0.108296 0.196788 -0.0663543 0.978198 -0.526253 0 0 0 1 
2318808360027;0.301824;0.0256873;0.972008 0.234844 -0.00694331 -2.20943 -0.228286 0.937052 -0.264233 2.93745 -0.0555474 0.258422 0.964434 -2.18112 0 0 0 1 
2318808360028;0.111442;0.030033;0.99914 -0.0289844 -0.0296487 0.312002 0.0326688 0.99065 0.132462 -0.346264 0.0255321 -0.133317 0.990745 1.15035 0 0 0 1 
2318808360029;0.556383;0.0267237;0.994271 -0.0624834 -0.0867224 0.1739 0.090176 0.925951 0.366721 -0.418912 0.0573867 -0.37244 0.92628 4.18582 0 0 0 1 
2318808360031;0.47988;0.0390447;0.904406 0.373861 -0.205615 -2.56863 -0.360094 0.927303 0.102187 3.74509 0.228871 -0.018378 0.973283 -2.01952 0 0 0 1 
2318808360032;0.536016;0.0374397;0.927793 0.0372629 -0.371229 0.871335 -0.144114 0.953568 -0.264459 2.6604 0.344138 0.298862 0.890084 -6.13243 0 0 0 1 
2318808360033;0.38485;0.0349349;0.990496 0.135692 0.0224694 -1.18355 -0.135514 0.990732 -0.00928156 1.08131 -0.0235206 0.00614843 0.999704 -0.570053 0 0 0 1 
2318808360034;0.495664;0.042408;0.878474 0.47337 0.064844 -4.26434 -0.474638 0.880168 0.00481131 5.48736 -0.054796 -0.035004 0.997884 0.350197 0 0 0 1 
2318808360035;0.329409;0.0432116;0.993799 0.0928856 -0.0611158 -0.617543 -0.0932906 0.995632 -0.00380104 0.9539 0.0604958 0.00947901 0.998123 -1.16523 0 0 0 1 
2318808360036;0.430313;0.0342998;0.902814 0.233426 -0.361163 -0.980231 -0.222355 0.972262 0.0725603 1.86724 0.368082 0.0147978 0.929675 -3.20532 0 0 0 1 
2318808360037;0.120765;0.039116;0.992445 0.000276219 -0.122689 0.23847 -0.0147151 0.993047 -0.116797 0.362337 0.121803 0.11772 0.985549 -2.25909 0 0 0 1 
2318808360038;0.516165;0.0462819;0.976274 -0.195197 0.0937435 2.0016 0.192585 0.980611 0.0362348 -2.08776 -0.0989988 -0.0173215 0.994937 1.65112 0 0 0 1 
2318808360039;0.413132;0.0489969;0.975638 -0.132589 0.174787 1.18784 0.12621 0.990881 0.0471712 -0.634514 -0.179447 -0.0239621 0.983476 2.16347 0 0 0 1 
2318808360040;0.306491;0.0520116;0.988942 0.107955 -0.101678 -0.629401 -0.0909533 0.983061 0.15912 0.68257 0.117134 -0.148112 0.982009 0.223379 0 0 0 1 
2318808360041;0.475776;0.0562039;0.872484 -0.488178 -0.0213089 6.5594 0.487073 0.872347 -0.0420686 -2.6868 0.0391257 0.0263252 0.998887 -0.166499 0 0 0 1 
2318808360042;0.392346;0.0398933;0.996131 0.0379727 0.0792496 -0.460807 -0.0377902 0.999278 -0.00380197 0.316368 -0.0793368 0.000792409 0.996848 1.38449 0 0 0 1 
2318808360043;0.212163;0.0403857;0.990279 0.0587217 -0.126091 -0.331751 -0.0266094 0.969751 0.242641 0.166577 0.136525 -0.236927 0.961887 1.50379 0 0 0 1 
2318808360044;0.216595;0.0481825;0.987895 0.110363 -0.10901 -1.18461 -0.103114 0.992199 0.0700558 0.601443 0.115892 -0.0579673 0.991569 -0.233224 0 0 0 1 
2318808360045;0.469606;0.0381388;0.924021 0.228521 -0.306536 -1.67356 -0.314833 0.909675 -0.270873 3.92347 0.216947 0.346799 0.912504 -5.03698 0 0 0 1 
2318808360046;0.276896;0.0283068;0.999797 0.0106347 0.017114 0.11856 -0.0105194 0.999921 -0.00681628 -0.383337 -0.0171851 0.00663487 0.99983 -0.119456 0 0 0 1 
2318808360047;0.219223;0.0453412;0.95982 -0.141885 -0.242105 2.18356 0.136874 0.989879 -0.0374803 -0.87959 0.244972 0.00283648 0.969526 -2.10781 0 0 0 1 
2318808360048;0.2746;0.0386012;0.952348 -0.0305009 0.303486 0.279411 0.00990123 0.997555 0.0691857 -0.0915847 -0.304854 -0.062884 0.950321 3.18423 0 0 0 1 
2318808360049;0.475244;0.0642153;0.912432 -0.304733 -0.273142 4.74948 0.32641 0.944519 0.0366126 -2.28949 0.24683 -0.122563 0.961277 -1.21513 0 0 0 1 
2318808360050;0.266943;0.0531839;0.951884 -0.305408 -0.0253406 3.85 0.305675 0.952108 0.00735713 -2.14396 0.02188 -0.0147491 0.999652 -0.238135 0 0 0 1 
2318808360051;0.316495;0.0467374;0.979357 -0.0608997 0.192745 0.667517 0.0327194 0.988722 0.146146 -0.475441 -0.199471 -0.136822 0.970305 3.63544 0 0 0 1 
2318808360052;0.442125;0.0384648;0.912446 0.380751 0.149903 -3.57356 -0.37549 0.924677 -0.0630939 3.52491 -0.162634 0.00128287 0.986686 1.62179 0 0 0 1 
2318808360053;0.502153;0.0369549;0.999197 -0.0400551 4.65587e-05 1.18588 0.0397186 0.990952 0.128204 -0.534638 -0.00518134 -0.128099 0.991748 2.09912 0 0 0 1 
2318808360054;0.189299;0.0550964;0.96449 -0.261123 -0.0396727 3.26157 0.25738 0.962931 -0.0807481 -1.71499 0.0592873 0.0676698 0.995945 -1.28617 0 0 0 1 
2318808360055;0.56348;0.0450272;0.948999 0.128338 -0.287976 0.0514411 -0.161988 0.982098 -0.0961396 2.24924 0.270482 0.137885 0.9528 -3.7088 0 0 0 1 
2318808360056;0.0419399;0.0321299;0.998747 0.0406539 -0.029172 -0.352817 -0.0405711 0.999171 0.00342752 0.301903 0.0292872 -0.00223969 0.999569 -0.230436 0 0 0 1 
2318808360057;0.467263;0.0389789;0.996752 -0.07834 -0.0186769 1.10418 0.0777995 0.996573 -0.0280951 -1.35331 0.0208139 0.0265508 0.999431 -0.981132 0 0 0 1 
2318808360058;0.291617;0.0424489;0.99999 0.000223924 -0.00444682 0.0633223 0.000401097 0.990143 0.140057 0.397667 0.00443436 -0.140058 0.990133 1.70934 0 0 0 1 
2318808360059;0.25976;0.0452284;0.972949 0.014543 -0.230563 0.605349 -0.0312354 0.997133 -0.0689144 0.35142 0.2289 0.0742519 0.970614 -2.42956 0 0 0 1 
2318808360060;0.11731;0.026545;0.993373 0.0892767 0.0723831 -1.01032 -0.0856263 0.994966 -0.0520626 0.837421 -0.0766667 0.0455197 0.996017 0.127309 0 0 0 1 
2318808360062;0.468711;0.0471478;0.915873 0.395109 -0.0711656 -0.957279 -0.356936 0.882532 0.306161 2.04779 0.183773 -0.255003 0.949316 0.229654 0 0 0 1 
2318808360063;0.468392;0.0413125;0.993901 -0.10973 0.0109511 -0.386171 0.107886 0.988122 0.109433 -1.10448 -0.0228291 -0.107584 0.993934 -0.0847972 0 0 0 1 
2318808360064;0.317402;0.0412605;0.943822 0.330453 0.00020628 -0.4664 -0.330444 0.943802 -0.00667728 2.01473 -0.00240122 0.00623401 0.999978 -0.404285 0 0 0 1 
2318808360065;0.263432;0.0455112;0.977623 -0.198499 0.06965 0.744422 0.190601 0.975925 0.106024 -1.45308 -0.0890189 -0.090376 0.991921 1.00055 0 0 0 1 
2318808360066;0.238324;0.0475906;0.999733 -0.0223145 -0.00602463 -0.31245 0.0224122 0.99961 0.0166659 -0.349069 0.00565038 -0.0167965 0.999843 0.100615 0 0 0 1 
2318808360067;0.429905;0.034332;0.99243 0.101747 -0.0687816 0.79413 -0.0975153 0.993281 0.062314 0.579984 0.0746597 -0.055135 0.995684 -0.550932 0 0 0 1 
2318808360068;0.55967;0.0349311;0.887136 -0.135923 -0.441039 2.04228 0.217185 0.966169 0.1391 -1.48604 0.407211 -0.219187 0.886643 -2.22884 0 0 0 1 
2318808360069;0.324897;0.0405225;0.996956 0.0748093 0.021943 0.250566 -0.0751059 0.997091 0.0130184 0.159765 -0.0209053 -0.0146268 0.999674 -0.426441 0 0 0 1 
2318808360070;0.327797;0.0356578;0.995776 0.0661682 0.0636582 0.53439 -0.0626153 0.99645 -0.0562775 0.326065 -0.067156 0.0520537 0.996384 0.0316369 0 0 0 1 
2318808360071;0.127608;0.0463073;0.989019 0.128677 0.0726897 -0.357197 -0.129131 0.991626 0.00156955 0.769714 -0.071879 -0.0109388 0.997353 0.380974 0 0 0 1 
2318808360072;0.27755;0.0374418;0.964928 -0.253985 -0.0663814 0.763147 0.253783 0.967192 -0.0115958 -1.12796 0.0671487 -0.00565733 0.997727 -0.577367 0 0 0 1 
2318808360073;0.377754;0.0503358;0.994256 -0.0526025 0.0932043 0.0690746 0.0672931 0.984453 -0.162245 0.0975264 -0.0832208 0.167585 0.982339 -0.734862 0 0 0 1 
2318808360074;0.367604;0.0403415;0.890812 -0.453785 -0.0230876 1.97708 0.447754 0.885343 -0.12524 -2.17355 0.0772724 0.101228 0.991858 -0.539662 0 0 0 1 
2318808360075;0.223733;0.0445997;0.966104 -0.00446054 0.258113 0.110324 0.00233988 0.999961 0.00852263 -0.220111 -0.258141 -0.00762979 0.966077 1.58298 0 0 0 1 
2318808360076;0.344651;0.0350807;0.994152 -0.106882 -0.0154142 0.864345 0.107483 0.965597 0.23679 -0.823917 -0.0104246 -0.237062 0.971439 1.20838 0 0 0 1 
2318808360077;0.167206;0.0475628;0.995491 0.0382662 0.0867984 0.044342 -0.0407311 0.99881 0.0268067 0.448993 -0.0856694 -0.0302212 0.995865 0.466538 0 0 0 1 
2318808360078;0.455663;0.0360214;0.923009 0.377401 0.0749872 -0.480679 -0.382931 0.92004 0.0830133 2.03357 -0.0376619 -0.105337 0.993723 -0.175985 0 0 0 1 
2318808360079;0.349782;0.0318862;0.990449 0.0864805 0.107384 -0.173433 -0.101059 0.985162 0.138721 0.522423 -0.0937941 -0.148248 0.984492 1.68709 0 0 0 1 
2318808360080;0.31557;0.0308309;0.99229 0.0489624 -0.113852 0.0705297 -0.00164716 0.923781 0.382919 -0.446807 0.123923 -0.379779 0.916739 0.441687 0 0 0 1 
2318808360081;0.265138;0.0378189;0.992419 0.0897577 -0.0839516 -0.0314595 -0.107538 0.964894 -0.239616 1.22705 0.0594969 0.246828 0.967231 -0.799961 0 0 0 1 
2318808360082;0.291619;0.0348283;0.978402 0.13821 -0.153714 0.0544241 -0.179455 0.936982 -0.299767 1.68999 0.102597 0.320877 0.941548 -1.48917 0 0 0 1 
2318808360083;0.406111;0.0403825;0.990791 -0.135081 0.00929436 0.0312022 0.134021 0.988158 0.0747188 -0.888793 -0.0192774 -0.0727851 0.997161 -0.433845 0 0 0 1 
2318808360084;0.25521;0.0431206;0.99891 0.0429653 -0.0182456 0.149275 -0.0465803 0.942882 -0.329855 0.891488 0.00303109 0.330346 0.943855 -0.950341 0 0 0 1 
2318808360085;0.097134;0.0387993;0.999479 -0.00132721 0.032243 -0.00322802 0.000501576 0.999672 0.0256012 0.0111543 -0.0322664 -0.0255717 0.999152 0.417485 0 0 0 1 
2318808360086;0.630308;0.330854;0.986621 0.0271426 -0.160752 0.329957 0.00653491 0.978666 0.205353 -0.628186 0.162897 -0.203656 0.965396 -0.741926 0 0 0 1 
2318808360087;0.164964;0.0413173;0.988542 0.148841 0.0251426 -0.270668 -0.14552 0.983943 -0.103342 1.09617 -0.0401204 0.0984991 0.994328 -0.0696631 0 0 0 1 
2318808360088;0.426784;0.0522109;0.925409 0.211857 0.314223 -0.232943 -0.144583 0.963802 -0.224011 1.09095 -0.350307 0.161871 0.922542 2.13483 0 0 0 1 
2318808360089;0.0156956;0.0293239;0.999933 -0.00540594 -0.0102355 0.090336 0.00557033 0.999855 0.0161002 -0.0632569 0.010147 -0.0161562 0.999818 -0.0297765 0 0 0 1 
2318808360090;0.105965;0.0349281;0.999724 0.0154823 -0.017696 -0.109386 -0.015698 0.999803 -0.0121155 0.241914 0.0175049 0.0123899 0.99977 -0.0661228 0 0 0 1 
2318808360091;0.471367;0.0378677;0.939417 -0.0836698 -0.332409 1.00859 0.00497147 0.972975 -0.230855 0.944865 0.342742 0.215217 0.914445 -2.85396 0 0 0 1 
2318808360093;0.358587;0.0487218;0.993116 0.0860547 0.0794623 -0.166799 -0.086708 0.996222 0.00480143 0.840667 -0.0787489 -0.0116584 0.996826 -0.26291 0 0 0 1 
2318808360094;0.104341;0.0406248;0.995621 0.0861908 0.0361958 0.0570203 -0.0847339 0.9956 -0.0400211 0.356266 -0.0394859 0.0367789 0.998543 0.356459 0 0 0 1 
2318808360095;0.369651;0.0734526;0.968129 -0.247501 0.038328 0.34862 0.249185 0.967258 -0.048158 -0.96518 -0.0251539 0.0561739 0.998104 -0.465673 0 0 0 1 
2318808360096;0.316121;0.034251;0.999182 0.0346077 0.0209299 0.663549 -0.0346851 0.999393 0.00334524 0.318048 -0.0208014 -0.00406846 0.999775 0.517515 0 0 0 1 
2318808360097;0.369151;0.0408862;0.904933 0.280183 0.320302 0.167131 -0.266835 0.959915 -0.0858054 1.06082 -0.331504 -0.00781962 0.943422 1.31467 0 0 0 1 
2318808360098;0.287285;0.0569423;0.95627 -0.286961 0.0565704 0.0607579 0.285466 0.957816 0.0331176 -1.43935 -0.0636876 -0.0155205 0.997849 0.131392 0 0 0 1 
2318808360099;0.367143;0.10387;0.950812 -0.30301 0.0643513 0.394159 0.30525 0.951855 -0.0281922 -1.8479 -0.0527106 0.0464488 0.997529 0.0481044 0 0 0 1 
2318808360100;0.403666;0.0575364;0.991884 -0.127138 -0.00149014 0.861207 0.126889 0.989061 0.0752111 -0.607587 -0.00808835 -0.0747897 0.997167 -0.326044 0 0 0 1 
2318808360101;0.302239;0.0468509;0.936489 -0.149346 0.317308 -0.21322 0.167647 0.985359 -0.0310114 -0.81913 -0.308031 0.0822376 0.947815 1.66338 0 0 0 1 
2318808360102;0.281834;0.0506309;0.989184 0.144715 0.0239097 0.115376 -0.146233 0.96032 0.23749 0.19221 0.0114075 -0.238418 0.971096 -0.077034 0 0 0 1 
2318808360103;0.378578;0.0672827;0.950861 0.180263 -0.251731 0.729211 -0.118098 0.962731 0.243316 0.230825 0.28621 -0.20163 0.936712 -1.21624 0 0 0 1 
2318808360104;0.557659;0.0898709;0.916779 -0.399328 0.00730383 0.0684553 0.39889 0.914549 -0.0669903 -1.87331 0.0200714 0.0643287 0.997727 -0.861301 0 0 0 1 
2318808360105;0.460355;0.149686;0.952846 -0.3031 0.0146589 0.314046 0.300604 0.949399 0.0909855 -1.97927 -0.0414949 -0.0822886 0.995744 -0.411458 0 0 0 1 
2318808360106;0.53681;0.0562358;0.939479 -0.0642813 -0.336523 1.3516 0.0527401 0.997668 -0.0433349 0.514214 0.338524 0.0229639 0.940677 -1.30411 0 0 0 1 
2318808360107;0.116161;0.0384697;0.99029 -0.00535304 0.138915 -0.0735088 0.0195784 0.994669 -0.101241 0.0104153 -0.137632 0.102977 0.985116 0.864043 0 0 0 1 
2318808360108;0.426496;0.0352171;0.973376 0.227283 0.0297009 0.701201 -0.226141 0.973376 -0.0374206 1.12405 -0.0374152 0.0297078 0.998858 -0.431484 0 0 0 1 
2318808360109;0.361092;0.0553829;0.988844 0.137376 0.0575768 -0.796965 -0.134184 0.989369 -0.0560627 1.09774 -0.0646664 0.0477114 0.996766 0.229635 0 0 0 1 
2318808360110;0.188673;0.0671382;0.996456 -0.0160985 -0.0825634 0.375509 0.00846462 0.995724 -0.0919902 0.274723 0.0836912 0.0909653 0.992331 -0.446064 0 0 0 1 
2318808360111;0.302097;0.0635464;0.985036 0.157911 -0.0690463 -0.34282 -0.139944 0.966681 0.214343 0.574834 0.100593 -0.201473 0.974315 -0.288553 0 0 0 1 
2318808360112;0.226828;0.0646657;0.973321 -0.224114 -0.0491762 0.41962 0.224841 0.974347 0.0097062 -1.09797 0.0457394 -0.0205041 0.998743 -0.112437 0 0 0 1 
2318808360113;0.311079;0.0912763;0.939758 -0.28409 -0.190125 0.518914 0.230735 0.937527 -0.260394 -0.745473 0.252223 0.200839 0.946598 -1.12032 0 0 0 1 
2318808360114;0.267587;0.0360764;0.986538 -0.0411718 0.158266 -0.0386186 0.0424293 0.999089 -0.00457382 0.0987387 -0.157933 0.0112274 0.987386 1.40967 0 0 0 1 
2318808360115;0.283003;0.0566272;0.994201 -0.0960652 0.048338 -0.113628 0.0814606 0.966175 0.244685 -0.843027 -0.0702087 -0.239328 0.968397 0.914217 0 0 0 1 
2318808360116;0.15967;0.0375646;0.99943 0.00823211 0.0327309 0.175004 -0.00800492 0.999943 -0.00706627 0.0749357 -0.0327872 0.00680023 0.999439 -0.119266 0 0 0 1 
2318808360117;0.274094;0.0587075;0.972133 0.173414 -0.157752 0.562255 -0.200334 0.964004 -0.174824 1.306 0.121757 0.201555 0.97188 -0.696497 0 0 0 1 
2318808360118;0.309171;0.0294415;0.994394 -0.052482 0.0917927 0.209292 0.0628777 0.991455 -0.114298 -0.0212991 -0.0850097 0.119429 0.989197 1.12693 0 0 0 1 
2318808360119;0.136528;0.0582984;0.999738 0.00490027 0.0223765 -0.0464188 -0.00765737 0.992147 0.124844 -0.170642 -0.021589 -0.124983 0.991924 0.360911 0 0 0 1 
2318808360120;0.394337;0.0648562;0.968852 -0.24401 0.0422389 0.267641 0.245366 0.968948 -0.0305643 -1.09588 -0.0334693 0.0399763 0.99864 -0.560373 0 0 0 1 
2318808360121;0.407083;0.084772;0.916147 -0.395731 0.0638047 0.51081 0.39767 0.917294 -0.0207402 -1.99556 -0.0503201 0.0443743 0.997747 -0.133361 0 0 0 1 
2318808360122;0.325576;0.0658086;0.97723 0.0299985 -0.210054 0.785561 -0.0215545 0.998869 0.0423743 0.0226794 0.211087 -0.0368819 0.976771 -0.650605 0 0 0 1 
2318808360124;0.330187;0.0161441;0.952651 -0.166543 0.2544 1.67858 0.118642 0.973938 0.193313 -1.11115 -0.279964 -0.153977 0.947582 3.43049 0 0 0 1 
2318808360125;0.152771;0.0277752;0.988994 -0.147953 -0.00120292 1.49113 0.147938 0.988688 0.0247056 -1.19193 -0.00246596 -0.0246116 0.999694 0.376355 0 0 0 1 
2318808360126;0.0910746;0.0212865;0.998237 -0.00149062 -0.0593364 -0.0484464 0.000192018 0.99976 -0.0218851 0.122259 0.0593548 0.0218352 0.997998 -0.676545 0 0 0 1 
2318808360127;0.146509;0.0240381;0.991989 -0.115806 0.0504603 1.10744 0.113221 0.99224 0.0513914 -0.830331 -0.0560201 -0.0452666 0.997403 1.08454 0 0 0 1 
2318808360128;0.288596;0.0348463;0.943404 0.11532 -0.310951 -0.293775 -0.140787 0.98818 -0.0606573 1.32751 0.300281 0.101002 0.948488 -3.21999 0 0 0 1 
2318808360129;0.489639;0.0373132;0.979962 -0.136655 -0.144914 2.11201 0.0709608 0.919319 -0.387063 1.14595 0.186116 0.369024 0.910594 -5.09587 0 0 0 1 
2318808360130;0.532869;0.125935;0.946627 -0.0714804 0.314304 0.226997 -0.0522537 0.928171 0.368467 0.802854 -0.318066 -0.365224 0.874897 6.71491 0 0 0 1 
2318808360131;0.255773;0.0202223;0.998444 -0.0176642 0.0528995 -0.00864569 0.0123514 0.994998 0.0991249 -0.185871 -0.0543858 -0.0983173 0.993668 0.933454 0 0 0 1 
2318808360132;0.368015;0.36493;0.998908 0.0446556 0.0137146 -0.447603 -0.0440534 0.998169 -0.0414552 0.282938 -0.0155407 0.0408057 0.999046 -0.177762 0 0 0 1 
2318808360133;0.203483;0.0239994;0.988589 0.123562 -0.086168 -1.00954 -0.107549 0.979451 0.170614 0.754265 0.105479 -0.1594 0.981563 0.666102 0 0 0 1 
2318808360134;0.215895;0.0254566;0.997501 -0.0207265 -0.0675412 0.579038 0.0187858 0.999396 -0.0292427 -0.227001 0.0681065 0.0279008 0.997288 -0.586859 0 0 0 1 
2318808360135;0.357096;0.0272579;0.959561 0.075894 -0.271076 0.0232712 -0.0803357 0.996754 -0.00530967 0.960741 0.269793 0.026872 0.962543 -2.01784 0 0 0 1 
2318808360136;0.39267;0.0312893;0.989181 -0.091801 0.114427 0.869829 0.106396 0.985952 -0.128757 -0.0758264 -0.100999 0.139538 0.985052 -0.0558274 0 0 0 1 
2318808360137;0.205186;0.0301535;0.983134 -0.0208274 -0.181695 0.693003 0.0264393 0.999244 0.0285191 -0.209646 0.180964 -0.032842 0.982941 -1.07335 0 0 0 1 
2318808360138;0.524941;0.0277255;0.98512 -0.164412 0.0500656 1.35824 0.163577 0.98632 0.0203705 -1.38226 -0.0527299 -0.0118779 0.998538 -0.396005 0 0 0 1 
2318808360139;0.224459;0.0281769;0.992775 0.10957 -0.0489198 -1.00227 -0.117614 0.969348 -0.215713 1.64007 0.0237846 0.219908 0.975231 -2.27466 0 0 0 1 
2318808360140;0.242736;0.024161;0.993218 0.0544449 0.102736 -0.652798 -0.0463336 0.995737 -0.0797526 0.634045 -0.10664 0.0744516 0.991506 -0.256317 0 0 0 1 
2318808360141;0.27546;0.0211147;0.969455 0.232553 0.0779538 -1.95549 -0.229254 0.972132 -0.0490139 2.18464 -0.0871797 0.0296455 0.995751 0.136041 0 0 0 1 
2318808360142;0.19755;0.0254013;0.993512 -0.105044 0.0435967 0.924439 0.10434 0.994377 0.0181183 -0.598318 -0.0452547 -0.0134519 0.998885 0.192958 0 0 0 1 
2318808360143;0.359468;0.0299177;0.971961 -0.0773161 -0.222067 1.10617 0.0835389 0.996328 0.0187528 -0.670703 0.219801 -0.0367782 0.974851 -0.677497 0 0 0 1 
2318808360144;0.260225;0.0273446;0.981883 -0.181824 0.0533542 1.63187 0.186786 0.976111 -0.11099 -0.957876 -0.0318988 0.118945 0.992388 -1.17802 0 0 0 1 
2318808360145;0.465801;0.0260964;0.909814 -0.230478 0.345136 2.59665 0.244652 0.969608 0.00256558 -1.54545 -0.335238 0.0821039 0.938549 2.4632 0 0 0 1 
2318808360146;0.208847;0.0407725;0.984552 -0.175071 0.00284167 1.79247 0.171218 0.95923 -0.22486 -0.546694 0.0366407 0.221872 0.974387 -2.5119 0 0 0 1 
2318808360147;0.522631;0.0184867;0.950005 0.249765 0.187372 -2.66438 -0.221788 0.962193 -0.158095 2.43101 -0.219774 0.108634 0.969483 -0.0971505 0 0 0 1 
2318808360148;0.348601;0.0192068;0.961157 0.191235 0.199015 -1.90335 -0.221439 0.964713 0.142455 1.98093 -0.16475 -0.180991 0.969587 3.58978 0 0 0 1 
2318808360149;0.220362;0.023423;0.987204 0.157226 -0.0266273 -1.50424 -0.157841 0.9872 -0.0228567 1.44667 0.0226928 0.0267671 0.999384 -0.738147 0 0 0 1 
2318808360150;0.310305;0.0209286;0.997502 0.0582403 0.0399845 -0.920353 -0.0606765 0.996187 0.0626909 0.466636 -0.0361809 -0.0649604 0.997232 0.411004 0 0 0 1 
2318808360151;0.0639999;0.0226068;0.999226 0.0173587 -0.0352905 -0.122752 -0.015794 0.9989 0.0441435 0.0942851 0.036018 -0.043552 0.998402 0.247722 0 0 0 1 
2318808360152;0.508923;0.02714;0.975997 0.217745 -0.00419818 -1.24787 -0.217752 0.976003 -0.00144176 1.96196 0.0037835 0.00232131 0.99999 0.523635 0 0 0 1 
2318808360153;0.520442;0.0225833;0.931524 0.363674 0.00200165 -3.27848 -0.362 0.926681 0.101088 3.29137 0.0349081 -0.0948903 0.994875 1.44429 0 0 0 1 
2318808360155;0.242296;0.0274913;0.969026 -0.0032028 0.246937 0.199348 0.0485745 0.982855 -0.177867 -0.0247064 -0.242134 0.184353 0.952568 0.0166236 0 0 0 1 
2318808360156;0.545461;0.034835;0.959164 -0.243469 0.143967 2.46018 0.227334 0.966423 0.119773 -1.94147 -0.168294 -0.0821537 0.982307 1.18702 0 0 0 1 
2318808360157;0.417219;0.0429373;0.956263 -0.22087 -0.191774 2.52664 0.168469 0.951832 -0.256191 -0.000448565 0.239121 0.212679 0.947412 -3.46042 0 0 0 1 
2318808360158;0.428586;0.0729555;0.908875 0.203119 -0.364265 -0.647138 -0.231003 0.972353 -0.0341767 2.0654 0.347252 0.115208 0.930668 -3.40267 0 0 0 1 
2318808360159;0.360686;0.0284817;0.949179 -0.169919 0.264927 1.79774 0.256115 0.906237 -0.336363 -0.517406 -0.182932 0.387121 0.9037 -2.21949 0 0 0 1 
2318808360160;0.334724;0.0232161;0.925926 0.0594614 0.372996 -0.598467 -0.0332239 0.996525 -0.0763864 0.379309 -0.376242 0.0583357 0.924683 2.35983 0 0 0 1 
2318808360161;0.319806;0.253516;0.946089 0.227767 0.2303 -2.2956 -0.241711 0.969757 0.0338781 1.56471 -0.215618 -0.0877177 0.97253 2.47453 0 0 0 1 
2318808360162;0.00881013;0.0210124;0.999995 -0.00250611 -0.001885 0.00223495 0.00251915 0.999973 0.00694449 -0.0525539 0.00186755 -0.00694921 0.999974 0.0769368 0 0 0 1 
2318808360163;0.15049;0.0195972;0.996631 0.0820072 -0.00096974 -0.840048 -0.0820119 0.996609 -0.0066922 0.463697 0.000417643 0.00674918 0.999977 0.104415 0 0 0 1 
2318808360164;0.34564;0.358771;0.999979 0.00578566 0.00298838 -0.101114 -0.00573725 0.999856 -0.0159614 -0.0287696 -0.0030803 0.0159439 0.999868 -0.0384872 0 0 0 1 
2318808360165;0.629483;0.0254719;0.931234 -0.163754 0.325558 0.964485 0.202856 0.975083 -0.0897914 -1.78111 -0.302742 0.149658 0.941249 0.526417 0 0 0 1 
2318808360166;0.356263;0.0220283;0.997825 0.0549151 -0.0364747 -0.0720162 -0.0571276 0.996397 -0.0626775 0.248377 0.0329013 0.0646248 0.997367 -0.348436 0 0 0 1 
2318808360167;0.348773;0.0211083;0.977589 -0.0449198 0.205674 0.238177 0.120311 0.92092 -0.370719 0.399035 -0.172756 0.387155 0.905685 -2.18379 0 0 0 1 
2318808360168;0.491205;0.0397211;0.96974 -0.114555 -0.215598 1.05057 0.142409 0.982701 0.118401 -0.672704 0.198305 -0.145521 0.969277 0.667868 0 0 0 1 
2318808360169;0.364685;0.0293953;0.999788 -0.0166864 -0.0120773 0.280231 0.0165029 0.999749 -0.0151424 0.293553 0.012327 0.0149399 0.999812 -0.784344 0 0 0 1 
2318808360170;0.293853;0.0237092;0.999096 0.021803 0.0364872 -0.484368 -0.0216742 0.999757 -0.0039215 0.0887901 -0.0365638 0.00312712 0.999326 -0.290255 0 0 0 1 
2318808360171;0.404455;0.0339085;0.995642 0.0472286 0.0804166 -0.954776 -0.0655118 0.967897 0.242659 0.0113878 -0.0663745 -0.24687 0.966773 2.59563 0 0 0 1 
2318808360172;0.214721;0.0366625;0.989459 -0.0339009 0.140789 0.224829 0.0199012 0.99482 0.0996803 -0.197892 -0.143439 -0.0958277 0.985009 2.34817 0 0 0 1 
2318808360173;0.439959;0.0280969;0.995616 -0.0717213 -0.060044 1.08526 0.0515877 0.956503 -0.287125 0.860696 0.0780252 0.282768 0.956009 -3.48056 0 0 0 1 
2318808360174;0.284722;0.0216975;0.982395 -0.127643 0.136407 1.27354 0.156371 0.961357 -0.226584 -0.896384 -0.102214 0.243925 0.964393 -1.73249 0 0 0 1 
2318808360175;0.207536;0.0230068;0.997154 -0.0544713 -0.0521278 0.518008 0.0529248 0.998129 -0.0306019 -0.705706 0.0536972 0.0277559 0.998171 -0.764084 0 0 0 1 
2318808360176;0.417626;0.0762172;0.971077 -0.172479 -0.165106 1.58002 0.211284 0.942832 0.257735 -1.33714 0.111213 -0.285165 0.952005 1.29172 0 0 0 1 
2318808360177;0.414555;0.0367226;0.955543 -0.0632338 -0.287991 1.50932 0.0306735 0.992752 -0.116204 0.121206 0.293251 0.102204 0.950557 -2.59953 0 0 0 1 
2318808360178;0.192544;0.0233134;0.994503 -0.103755 0.0141076 0.889582 0.103672 0.99459 0.0065316 -0.671795 -0.0147089 -0.00503314 0.999879 -0.160836 0 0 0 1 
2318808360179;0.369856;0.0687381;0.95454 0.289066 0.0727627 -2.39243 -0.283697 0.955908 -0.0758736 2.55745 -0.091487 0.0517819 0.994459 0.703312 0 0 0 1 
2318808360180;0.269585;0.0238465;0.999814 0.0013 0.0192684 -0.0704085 -0.00152403 0.999931 0.0116169 0.0640906 -0.019252 -0.0116441 0.999747 0.800469 0 0 0 1 
2318808360181;0.159003;0.0297361;0.998842 -0.0479456 -0.00401379 0.262827 0.0479751 0.99882 0.00759249 -0.353824 0.00364502 -0.00777626 0.999963 0.32463 0 0 0 1 
2318808360182;0.250033;0.0200709;0.99079 0.132496 -0.0279161 -1.51054 -0.126154 0.978166 0.165154 0.848137 0.0491887 -0.160111 0.985873 1.20614 0 0 0 1 
2318808360183;0.583654;0.0486628;0.941872 -0.321699 -0.0968837 3.71034 0.326267 0.944619 0.035287 -1.8476 0.0801664 -0.0648458 0.99467 -0.909227 0 0 0 1 
2318808360184;0.254669;0.0314759;0.98965 0.141969 -0.0209309 -1.11798 -0.141472 0.989662 0.0235684 1.20138 0.0240605 -0.0203633 0.999503 0.394563 0 0 0 1 
2318808360186;0.32371;0.022762;0.929388 -0.00977697 -0.368973 0.436264 -0.0211068 0.996606 -0.0795726 0.128464 0.368499 0.0817417 0.926027 -2.50937 0 0 0 1 
2318808360187;0.391738;0.0330527;0.923608 -0.349463 -0.157558 1.45656 0.381141 0.881108 0.279966 -1.80337 0.040988 -0.31863 0.946992 0.452033 0 0 0 1 
2318808360188;0.250929;0.0343806;0.963174 -0.26876 0.00798075 1.02018 0.260887 0.941318 0.214145 -1.57328 -0.0650661 -0.204177 0.976769 0.886965 0 0 0 1 
2318808360189;0.35413;0.0228718;0.947647 0.238327 -0.212523 0.058008 -0.1899 0.955685 0.224953 1.16259 0.256718 -0.172818 0.95091 -0.624124 0 0 0 1 
2318808360190;0.38404;0.0297816;0.971918 0.0832993 0.220083 -0.556011 -0.0727815 0.995803 -0.0554883 0.532534 -0.223781 0.0379121 0.973902 0.523981 0 0 0 1 
2318808360191;0.142007;0.0288151;0.993031 -0.068284 0.0960534 0.32883 0.0654876 0.997341 0.0319741 -0.408989 -0.0979813 -0.0254609 0.994863 0.482833 0 0 0 1 
2318808360192;0.308225;0.0236659;0.997549 -0.0500896 0.0488646 -0.553114 0.0516756 0.998159 -0.0317511 -0.216444 -0.0471843 0.0341984 0.998301 0.224795 0 0 0 1 
2318808360193;0.19468;0.0246507;0.988774 0.0827099 -0.124438 -0.12334 -0.073732 0.994446 0.0751076 0.654278 0.129959 -0.0650894 0.989381 -0.602282 0 0 0 1 
2318808360194;0.35362;0.0248769;0.994332 -0.0395101 0.0987071 -0.140602 0.0378073 0.999103 0.0190636 -0.858855 -0.0993718 -0.0152237 0.994934 0.247069 0 0 0 1 
2318808360195;0.220312;0.0325179;0.993859 -0.109685 0.0146438 0.370696 0.107082 0.986651 0.122689 -0.6435 -0.0279054 -0.120367 0.992337 0.162165 0 0 0 1 
2318808360196;0.321597;0.0199135;0.995108 0.0411644 0.0898127 -0.44103 -0.0358727 0.997568 -0.0597582 0.610104 -0.0920542 0.056244 0.994164 0.958362 0 0 0 1 
2318808360197;0.117422;0.0266567;0.999683 -0.0105888 0.0228463 0.190905 0.00991227 0.999515 0.0295269 -0.0987199 -0.0231479 -0.0292911 0.999303 0.459293 0 0 0 1 
2318808360198;0.145591;0.0277457;0.996097 -0.0746865 -0.0470401 0.15292 0.074314 0.997188 -0.00962129 -0.470615 0.0476264 0.006088 0.998847 -0.490929 0 0 0 1 
2318808360199;0.334769;0.0227438;0.999983 -0.00389023 0.00423486 -0.212751 0.00390919 0.999982 -0.0044781 -0.0268752 -0.00421736 0.00449458 0.999981 0.776506 0 0 0 1 
2318808360200;0.307694;0.0291891;0.969666 0.243816 -0.0173833 -0.338541 -0.242382 0.968285 0.0606225 1.87222 0.0316128 -0.0545701 0.998009 0.155673 0 0 0 1 
2318808360201;0.28708;0.0215608;0.994639 -0.103152 0.0073064 0.859142 0.103201 0.994638 -0.00662437 -0.501291 -0.00658391 0.00734288 0.999951 0.368005 0 0 0 1 
2318808360202;0.140274;0.0214829;0.991744 0.128168 0.00401102 -0.257589 -0.128058 0.991546 -0.0209096 0.854885 -0.00665705 0.0202233 0.999773 0.165682 0 0 0 1 
2318808360203;0.354364;0.0209302;0.994683 0.0889447 -0.0519164 -0.201044 -0.0791288 0.982688 0.167517 -0.21367 0.0659174 -0.162518 0.984501 0.630331 0 0 0 1 
2318808360204;0.41534;0.025166;0.90383 -0.0771505 0.42088 0.0157405 0.0213243 0.99051 0.135775 -0.383074 -0.427361 -0.113742 0.896898 2.71087 0 0 0 1 
2318808360205;0.260883;0.0198005;0.989138 -0.133725 -0.0610229 0.328632 0.130618 0.990049 -0.0523602 -1.09373 0.0674175 0.0438207 0.996762 -0.170467 0 0 0 1 
2318808360206;0.381649;0.0226696;0.902703 -0.305529 0.302952 0.935199 0.336666 0.940007 -0.0551562 -1.70447 -0.267925 0.151783 0.951408 1.2454 0 0 0 1 
2318808360207;0.376035;0.0251507;0.90631 0.292793 0.304754 -0.760545 -0.275699 0.95616 -0.0987299 1.90805 -0.320301 0.00545944 0.9473 1.99734 0 0 0 1 
2318808360208;0.370049;0.0222291;0.993789 0.00593538 0.111121 -0.349835 -0.0163697 0.99551 0.0932252 -0.0489236 -0.110069 -0.0944652 0.989425 1.7148 0 0 0 1 
2318808360209;0.193142;0.0196926;0.975727 0.193829 -0.101918 -0.192597 -0.193274 0.981024 0.0153851 1.15644 0.102966 0.00468637 0.994674 -0.528525 0 0 0 1 
2318808360210;0.416709;0.032729;0.947413 -0.28643 0.142711 1.01774 0.206282 0.887556 0.411937 -1.63346 -0.244655 -0.360836 0.899967 2.6787 0 0 0 1 
2318808360211;0.229662;0.0330917;0.979264 -0.196009 -0.0512178 0.774608 0.202398 0.957556 0.205234 -1.40316 0.00881619 -0.211345 0.977372 0.578053 0 0 0 1 
2318808360212;0.235303;0.0275682;0.961691 0.273592 0.0172441 -0.659842 -0.272807 0.961321 -0.03793 1.44194 -0.0269544 0.0317726 0.999132 0.089151 0 0 0 1 
2318808360213;0.418371;0.0217647;0.971615 0.235929 0.0173738 -0.815347 -0.23624 0.971512 0.018834 1.32129 -0.0124354 -0.0224038 0.999672 0.94028 0 0 0 1 
2318808360214;0.104638;0.0224816;0.994273 0.106861 0.00168702 -0.229033 -0.10685 0.993592 0.0368443 0.544078 0.00226101 -0.0368135 0.99932 0.0464589 0 0 0 1 
2318808360215;0.379457;0.331268;0.996121 0.0119178 -0.0871792 0.0169425 -0.0223554 0.992552 -0.119749 0.580469 0.0851028 0.121234 0.988969 -0.498381 0 0 0 1 
2318808360217;0.475077;0.0548227;0.872356 0.214709 -0.439198 0.190899 -0.260334 0.964441 -0.0456074 1.77951 0.413788 0.154124 0.897232 -3.05696 0 0 0 1 
2318808360218;0.538469;0.0383315;0.944622 -0.325888 -0.0385613 2.57959 0.327835 0.931907 0.155155 -1.76646 -0.0146276 -0.159204 0.987137 1.78291 0 0 0 1 
2318808360219;0.26223;0.0368195;0.979704 -0.0603178 -0.191157 0.480914 0.0711624 0.996192 0.0503777 -0.265889 0.18739 -0.0629584 0.980266 -1.09553 0 0 0 1 
2318808360220;0.178884;0.0820117;0.997008 0.0608446 0.0476816 -0.389963 -0.0556549 0.993072 -0.103492 0.520554 -0.0536482 0.100529 0.993487 -0.114839 0 0 0 1 
2318808360221;0.32248;0.0665095;0.930035 -0.303834 0.206688 1.94989 0.29544 0.952712 0.071104 -1.74638 -0.218518 -0.00506516 0.97582 1.28283 0 0 0 1 
2318808360222;0.547442;0.354846;0.988741 0.127479 -0.0783591 -0.550562 -0.136329 0.983306 -0.120517 0.859021 0.0616876 0.129842 0.989614 -0.756428 0 0 0 1 
2318808360223;0.279763;0.117488;0.949284 0.313359 0.0258155 -1.40233 -0.313956 0.949141 0.0237019 2.09571 -0.0170754 -0.0306048 0.999386 0.0549806 0 0 0 1 
2318808360224;0.19078;0.0652236;0.987765 -0.15584 0.00580406 1.00538 0.155872 0.98544 -0.0679058 -0.68727 0.00486286 0.0679797 0.997675 -0.627122 0 0 0 1 
2318808360225;0.382191;0.0870158;0.945274 0.32584 -0.0168981 -1.45163 -0.323186 0.92795 -0.185635 2.59387 -0.0448066 0.180937 0.982474 -1.21197 0 0 0 1 
2318808360226;0.232462;0.0607881;0.9803 -0.193804 -0.0381101 1.25701 0.197449 0.966574 0.163551 -1.12748 0.00513926 -0.167854 0.985798 1.11796 0 0 0 1 
2318808360227;0.121258;0.0322404;0.999983 0.000996565 -0.00580811 0.0433742 -0.000929834 0.999934 0.0114808 -0.0248415 0.00581917 -0.0114752 0.999917 -0.239878 0 0 0 1 
2318808360228;0.342472;0.299116;0.999124 0.0333826 -0.0252237 -0.125262 -0.0350613 0.996977 -0.0693348 0.34474 0.0228329 0.0701584 0.997275 -0.506782 0 0 0 1 
2318808360229;0.411101;0.0873949;0.989014 -0.0100686 0.147478 -0.31794 0.026089 0.993906 -0.107101 -0.125359 -0.145501 0.109772 0.983249 0.787331 0 0 0 1 
2318808360230;0.270984;0.0532435;0.940724 -0.336834 -0.0397756 2.45042 0.334289 0.940609 -0.0592135 -1.69725 0.0573583 0.042407 0.997453 -0.750852 0 0 0 1 
2318808360231;0.448163;0.0841361;0.993389 -0.0520835 -0.102298 -0.079222 0.00668269 0.915874 -0.401411 0.773069 0.114599 0.398073 0.910167 -3.05376 0 0 0 1 
2318808360232;0.480703;0.0529829;0.99236 -0.10727 -0.0609463 1.01223 0.104869 0.993627 -0.0413253 -0.48583 0.0649909 0.0346182 0.997285 -1.49809 0 0 0 1 
2318808360233;0.538633;0.100411;0.984524 0.155386 0.0810381 -1.06584 -0.116431 0.925573 -0.360219 2.06311 -0.13098 0.345209 0.929341 -1.21557 0 0 0 1 
2318808360234;0.46577;0.227496;0.997814 -0.0651977 -0.0108164 0.377956 0.065285 0.997835 0.00792287 0.0622136 0.0102765 -0.0086117 0.99991 0.00755454 0 0 0 1 
2318808360235;0.501727;0.0467919;0.997837 0.0350363 -0.0556299 -0.0440366 -0.0336514 0.999105 0.0256397 0.118036 0.0564784 -0.0237122 0.998122 -1.21844 0 0 0 1 
2318808360236;0.219286;0.0558651;0.974742 0.176952 -0.13626 -0.621158 -0.177613 0.984073 0.0073879 1.23603 0.135397 0.0170002 0.990646 -1.22967 0 0 0 1 
2318808360237;0.1427;0.0592605;0.99744 -0.0650582 -0.0296757 0.378295 0.0637793 0.997072 -0.0421795 -0.334975 0.0323329 0.0401788 0.998669 -0.688809 0 0 0 1 
2318808360238;0.478527;0.053956;0.904225 -0.15065 -0.399603 2.2237 0.0635948 0.97278 -0.222835 0.236489 0.422295 0.17608 0.889192 -3.96898 0 0 0 1 
2318808360239;0.07712;0.0490875;0.998301 0.0178307 -0.0554772 -0.0115388 -0.0190439 0.999589 -0.0214157 0.113521 0.0550725 0.0224358 0.99823 -0.646694 0 0 0 1 
2318808360240;0.277432;0.142184;0.9822 0.023003 0.186424 -0.20915 -0.0444762 0.992731 0.111835 -0.0926646 -0.182496 -0.118136 0.976084 1.92063 0 0 0 1 
2318808360241;0.414755;0.0507059;0.898691 0.192759 -0.393952 0.178649 -0.150326 0.97921 0.136196 0.808636 0.412015 -0.0631769 0.908984 -2.09458 0 0 0 1 
2318808360242;0.207147;0.049867;0.986955 -0.155948 -0.0400127 1.16874 0.157132 0.98717 0.0283778 -1.2778 0.0350739 -0.0342949 0.998796 -0.00537056 0 0 0 1 
2318808360243;0.526989;0.413534;0.99787 -0.0648959 0.00669032 0.163204 0.063533 0.989943 0.126394 -0.813066 -0.0148255 -0.1257 0.991958 0.498066 0 0 0 1 
2318808360244;0.293823;0.0895597;0.998181 0.0590351 0.0122619 -0.210354 -0.0599879 0.992846 0.103243 0.221718 -0.00607918 -0.103791 0.994581 1.08965 0 0 0 1 
2318808360245;0.161157;0.0439492;0.999057 -0.0433526 -0.00248562 0.325027 0.0432937 0.998858 -0.0201915 -0.380537 0.00335814 0.0200649 0.999793 -0.45643 0 0 0 1 
2318808360246;0.48133;0.105794;0.961906 -0.0169578 0.272853 0.183689 -0.0373341 0.980575 0.192559 -0.493575 -0.270818 -0.195411 0.942588 2.29043 0 0 0 1 
2318808360248;0.277285;0.11301;0.999931 -0.00551023 0.0103541 0.0878809 0.00555974 0.999973 -0.00475849 0.0862314 -0.0103276 0.00481573 0.999935 0.518333 0 0 0 1 
2318808360249;0.346523;0.167895;0.97076 0.210299 0.115753 -0.15487 -0.219336 0.973012 0.071696 0.861524 -0.0975515 -0.0949885 0.990687 0.638047 0 0 0 1 
2318808360250;0.347649;0.155349;0.980361 -0.0930421 0.173883 0.166573 0.109062 0.990399 -0.084948 -1.14857 -0.16431 0.102244 0.981096 1.00635 0 0 0 1 
2318808360251;0.136295;0.0802538;0.999579 0.0178526 -0.0228534 0.0421531 -0.0164444 0.998039 0.0603901 -0.0880159 0.0238867 -0.0599889 0.997913 -0.370585 0 0 0 1 
2318808360252;0.263745;0.225455;0.998958 -0.041679 -0.0186028 0.0998379 0.0417248 0.999127 0.00208439 -0.355194 0.0184997 -0.00285842 0.999825 -0.141787 0 0 0 1 
2318808360253;0.38952;0.271084;0.995968 -0.0802848 0.0400339 -0.262241 0.0821643 0.995474 -0.0477461 -0.421052 -0.0360194 0.0508429 0.998057 0.0698788 0 0 0 1 
2318808360254;0.304973;0.0823796;0.997772 -0.0649329 0.0153265 0.68337 0.0650067 0.997875 -0.00436509 -0.387184 -0.0150105 0.00535169 0.999873 -0.437514 0 0 0 1 
2318808360255;0.467336;0.286272;0.994477 -0.0942362 -0.0462044 0.145565 0.0911601 0.993733 -0.0646911 -0.539949 0.0520111 0.0601219 0.996835 0.228891 0 0 0 1 
2318808360256;0.501332;0.192488;0.998205 0.0598109 -0.00299075 -0.109519 -0.0568361 0.961926 0.267334 -0.586162 0.0188664 -0.266684 0.963599 0.129795 0 0 0 1 
2318808360257;0.448145;0.382336;0.997001 0.0594412 0.0495509 0.0579478 -0.0592492 0.998229 -0.00533558 0.208695 -0.0497803 0.00238373 0.998757 0.169506 0 0 0 1 
2318808360258;0.160463;0.0997709;0.998919 -0.0325851 -0.0331435 0.258967 0.0324273 0.99946 -0.00528743 -0.249027 0.0332979 0.00420696 0.999437 -0.354337 0 0 0 1 
2318808360259;0.461634;0.357389;0.991202 0.0658191 -0.114831 0.00197128 -0.06352 0.997702 0.0235715 0.457887 0.116119 -0.0160701 0.993105 -0.527301 0 0 0 1 
2318808360260;0.337574;0.077586;0.956741 0.271359 -0.10493 0.247959 -0.287364 0.937753 -0.195041 1.89759 0.0454725 0.216757 0.975166 -0.463837 0 0 0 1 
