#;prob_registration_l1 -r /home/probabilistic_point_clouds_registration/build/tester /home/point_clouds_registration_benchmark//devel/registration_pairs/wood_autumn_local.txt /home/point_clouds_registration_benchmark//eth/wood_autumn -s 0.2 -t 0.2 -p 0.3 -r 1000 -m 1 -i 40 
id;initial_error;final_error;transformation
26875431820000;0.498992;0.364423;0.935359 0.348849 0.058373 0.213831 -0.353629 0.919079 0.173895 1.09372 0.00701359 -0.183297 0.983033 -0.300097 0 0 0 1 
26875431820001;0.336145;0.069582;0.908078 0.333727 -0.253023 0.685739 -0.299266 0.939722 0.165417 0.967569 0.292976 -0.0744901 0.953214 -0.745151 0 0 0 1 
26875431820002;0.60541;0.291713;0.951836 0.237637 -0.193746 0.497058 -0.227159 0.97097 0.0749451 0.908523 0.205932 -0.0273241 0.978185 -1.28276 0 0 0 1 
26875431820003;0.366204;0.0783008;0.992572 0.112812 -0.0455379 -0.184056 -0.110274 0.992386 0.0548563 -0.003378 0.0513796 -0.0494272 0.997455 -0.470572 0 0 0 1 
26875431820004;0.698046;0.0948084;0.961492 -0.274828 0.00184917 0.802744 0.274469 0.96054 0.0450426 -1.10874 -0.0141552 -0.0428006 0.998983 0.451021 0 0 0 1 
26875431820005;0.325213;0.0851738;0.922093 -0.22853 0.31228 -0.409449 0.257264 0.964856 -0.0535501 -0.582845 -0.289068 0.129717 0.94848 1.0714 0 0 0 1 
26875431820006;0.554876;0.0659252;0.999924 0.00913183 0.00825909 -0.287284 -0.00919988 0.999924 0.00823916 0.796211 -0.00818322 -0.00831452 0.999932 0.606914 0 0 0 1 
26875431820007;0.383756;0.116552;0.99169 -0.0345568 -0.123923 0.138258 0.0845422 0.901111 0.425266 -0.628463 0.0969724 -0.432209 0.896544 -0.287691 0 0 0 1 
26875431820008;0.203498;0.0562313;0.967029 0.059295 -0.247666 0.106451 -0.0344862 0.994048 0.103336 0.161397 0.252319 -0.0913882 0.963319 -0.941934 0 0 0 1 
26875431820009;0.180609;0.067705;0.981023 -0.144493 -0.129289 0.0844937 0.142648 0.989495 -0.0234642 -0.269178 0.131321 0.00457608 0.991329 -0.333462 0 0 0 1 
26875431820010;0.462102;0.0571567;0.962421 -0.133455 -0.236505 0.696413 0.141607 0.989764 0.0177466 -0.681968 0.231716 -0.0505706 0.971468 -0.893186 0 0 0 1 
26875431820011;0.575398;0.0699804;0.905869 0.0576676 0.419614 0.0859855 -0.151726 0.969125 0.194362 0.420699 -0.39545 -0.239733 0.88665 1.94157 0 0 0 1 
26875431820012;0.688058;0.0676508;0.943797 0.321637 -0.076138 0.269284 -0.273984 0.890153 0.364089 -0.314136 0.184879 -0.322766 0.928247 -0.623349 0 0 0 1 
26875431820013;0.421251;0.0791488;0.944956 -0.327094 0.0082803 -0.347871 0.326987 0.944951 0.0121037 -0.692264 -0.0117835 -0.00872994 0.999892 -0.267117 0 0 0 1 
26875431820014;0.330264;0.0810228;0.955392 -0.286332 0.0723857 -0.478804 0.286182 0.958092 0.0126646 -1.02097 -0.0729784 0.00861582 0.997296 0.246731 0 0 0 1 
26875431820015;0.226693;0.0624467;0.979051 0.200769 0.0339266 0.0496536 -0.191003 0.9633 -0.188603 0.882951 -0.070547 0.178172 0.981467 0.366966 0 0 0 1 
26875431820016;0.538469;0.0657857;0.901645 -0.00488353 0.432448 0.295701 -0.0549552 0.990537 0.125766 0.508069 -0.42897 -0.137162 0.892844 0.854026 0 0 0 1 
26875431820017;0.524419;0.0711973;0.984979 -0.148987 -0.0872915 -0.0544491 0.133985 0.978321 -0.15791 -0.336977 0.108926 0.143842 0.983588 0.607036 0 0 0 1 
26875431820018;0.579586;0.0744681;0.980061 0.0508537 -0.192079 0.361197 -0.0707617 0.992643 -0.0982471 0.0435756 0.18567 0.10988 0.976449 0.404839 0 0 0 1 
26875431820019;0.351798;0.0640047;0.979213 0.100587 -0.176136 0.233046 -0.101705 0.994811 0.00269338 0.634478 0.175493 0.0152764 0.984362 -0.89199 0 0 0 1 
26875431820020;0.0809749;0.0749856;0.995661 -0.0915201 0.016838 -0.127619 0.0916938 0.995739 -0.0098504 -0.223756 -0.0158647 0.0113516 0.99981 0.0838058 0 0 0 1 
26875431820021;0.644904;0.0607038;0.948534 0.093276 -0.302626 1.14999 -0.01132 0.965013 0.261958 0.134879 0.316472 -0.24505 0.916404 -0.605305 0 0 0 1 
26875431820022;0.0317767;0.0543721;0.999239 0.0363844 0.0140318 -0.0375272 -0.0364452 0.999327 0.00410384 0.178167 -0.013873 -0.00461211 0.999893 0.0995576 0 0 0 1 
26875431820023;0.284901;0.085699;0.9983 -0.0578119 0.00738895 0.320991 0.0575689 0.9979 0.0296954 -0.186147 -0.00909018 -0.0292196 0.999532 0.0296871 0 0 0 1 
26875431820024;0.398113;0.062475;0.997529 0.0134173 -0.0689665 0.322041 -0.0139798 0.999873 -0.00767968 0.508713 0.0688547 0.00862485 0.997589 -0.514705 0 0 0 1 
26875431820025;0.5828;0.114403;0.912734 -0.397336 -0.0950787 0.0517226 0.391066 0.917037 -0.0781681 -1.08974 0.11825 0.0341647 0.992396 0.426008 0 0 0 1 
26875431820026;0.630426;0.0548102;0.979004 0.203226 0.0158076 -0.282428 -0.203405 0.979037 0.0106605 0.60069 -0.0133097 -0.013652 0.999818 0.968138 0 0 0 1 
26875431820027;0.464713;0.0614483;0.99348 0.113674 0.00864124 0.202743 -0.113973 0.992088 0.0526459 0.541718 -0.00258838 -0.0532876 0.998576 0.714917 0 0 0 1 
26875431820028;0.337162;0.0525433;0.999985 -0.00400016 0.00369512 -0.449089 0.00380398 0.998658 0.0516529 -0.262787 -0.00389678 -0.0516381 0.998658 0.276975 0 0 0 1 
26875431820029;0.206492;0.0587452;0.999348 0.0173197 0.0316904 -0.330917 -0.0156456 0.998507 -0.0523323 -0.0238196 -0.0325495 0.0518023 0.998127 0.2979 0 0 0 1 
26875431820031;0.22611;0.0390064;0.966636 0.113325 0.229724 -0.155262 -0.133401 0.988311 0.0737865 0.460094 -0.218677 -0.10197 0.970455 0.917783 0 0 0 1 
26875431820032;0.537519;0.340853;0.98391 -0.131329 -0.121134 0.368518 0.129789 0.991329 -0.0205462 -0.341074 0.122781 0.00449378 0.992424 -0.605479 0 0 0 1 
26875431820033;0.515263;0.0514962;0.998756 0.0423875 -0.0262642 -0.212516 -0.0347766 0.969572 0.242323 -0.546774 0.0357365 -0.241108 0.96984 -0.883165 0 0 0 1 
26875431820034;0.18246;0.0630475;0.997482 0.0350146 -0.0616731 -0.185116 -0.0349925 0.999387 0.00143918 0.177271 0.0616857 0.000722542 0.998095 -0.188366 0 0 0 1 
26875431820035;0.31218;0.229266;0.98262 0.01129 0.185283 0.166369 -0.034634 0.991772 0.123244 -0.308436 -0.182367 -0.127519 0.974926 0.918084 0 0 0 1 
26875431820036;0.352511;0.134074;0.989844 -0.113305 0.0858497 -0.147918 0.131438 0.959516 -0.249104 -0.112751 -0.0541494 0.257859 0.964664 0.0638202 0 0 0 1 
26875431820037;0.447509;0.0966927;0.999118 -0.0182472 0.0378097 0.172187 0.0182639 0.999833 -9.54381e-05 -0.361226 -0.0378017 0.000785907 0.999285 -0.581924 0 0 0 1 
26875431820038;0.350569;0.113284;0.998509 -0.0481982 -0.0256305 0.0841851 0.0400132 0.965591 -0.25697 0.288972 0.0371341 0.255561 0.96608 -0.54994 0 0 0 1 
26875431820039;0.337073;0.210586;0.993133 -0.0376606 0.110767 -0.117511 0.026569 0.994637 0.0999574 -0.433482 -0.113938 -0.096328 0.988807 0.719928 0 0 0 1 
26875431820040;0.229197;0.112389;0.998378 -0.0568734 -0.00243218 0.122827 0.0553812 0.980293 -0.189627 0.136518 0.013169 0.189185 0.981853 -0.111888 0 0 0 1 
26875431820041;0.10838;0.0473889;0.997148 0.0724288 0.0212005 -0.0262805 -0.0720763 0.997255 -0.0169458 0.267826 -0.0223697 0.0153694 0.999632 0.171474 0 0 0 1 
26875431820042;0.455772;0.288921;0.957949 -0.257896 0.125789 0.221164 0.276652 0.946451 -0.166417 -1.15079 -0.0761345 0.194218 0.977999 0.5851 0 0 0 1 
26875431820043;0.274946;0.0718843;0.981607 0.0806052 0.173065 -0.0814427 -0.0980032 0.990694 0.0944475 0.14804 -0.163841 -0.109671 0.980372 1.00951 0 0 0 1 
26875431820044;0.287192;0.0669397;0.998451 0.0267648 0.0487844 0.0963355 -0.0261726 0.999576 -0.0127388 0.593523 -0.0491046 0.0114423 0.998728 0.284999 0 0 0 1 
26875431820045;0.572084;0.11151;0.993363 0.0747564 -0.0874197 0.49955 -0.0431072 0.946566 0.319616 -0.53152 0.106642 -0.313727 0.943506 -1.05945 0 0 0 1 
26875431820046;0.148614;0.0847737;0.99975 -0.0131174 0.0180858 -0.00077287 0.0100186 0.986761 0.161873 -0.27197 -0.0199697 -0.161651 0.986646 0.0382968 0 0 0 1 
26875431820047;0.191966;0.105937;0.99803 0.0549435 0.0302822 -0.00604872 -0.0506786 0.990597 -0.127076 0.412246 -0.0369795 0.125291 0.991431 0.239196 0 0 0 1 
26875431820048;0.552949;0.186321;0.973707 0.2029 0.103567 -0.228255 -0.192711 0.976097 -0.100481 0.993999 -0.121479 0.0778803 0.989534 -0.320977 0 0 0 1 
26875431820049;0.452544;0.314181;0.984741 0.125998 0.120043 -0.0715911 -0.121117 0.991518 -0.0471519 0.498824 -0.124966 0.0318932 0.991648 0.663694 0 0 0 1 
26875431820050;0.381287;0.235394;0.993987 0.0443467 0.100111 0.0488139 -0.0485592 0.998017 0.0400401 -0.0209921 -0.0981371 -0.0446607 0.99417 0.737488 0 0 0 1 
26875431820051;0.357531;0.131247;0.99211 0.00146483 -0.125364 0.457869 -0.00598882 0.999344 -0.0357177 0.135463 0.125229 0.0361867 0.991468 -0.309831 0 0 0 1 
26875431820052;0.469273;0.0336204;0.969701 0.157009 -0.187157 0.471152 -0.20498 0.939719 -0.2737 1.87923 0.132901 0.303771 0.94343 -0.940348 0 0 0 1 
26875431820053;0.393672;0.0392393;0.990479 0.0480053 0.129022 0.683346 -0.0670971 0.986714 0.147965 0.0760032 -0.120205 -0.155214 0.98054 0.527953 0 0 0 1 
26875431820054;0.384531;0.130531;0.9757 0.143946 -0.165196 0.415666 -0.110742 0.974515 0.195084 0.282585 0.189067 -0.172049 0.966774 -0.891579 0 0 0 1 
26875431820055;0.28566;0.188838;0.999168 -0.0399507 0.00814185 0.163047 0.0398638 0.999149 0.0105679 -0.284265 -0.00855712 -0.0102345 0.999911 0.179222 0 0 0 1 
26875431820056;0.596591;0.0990262;0.948999 -0.167723 0.266963 -0.166647 0.212194 0.966051 -0.147374 -0.698443 -0.233182 0.196506 0.952372 0.180351 0 0 0 1 
26875431820057;0.446113;0.293535;0.986773 -0.138056 0.0849682 0.302332 0.142249 0.988788 -0.0454236 -0.499031 -0.0777445 0.0569094 0.995348 0.349175 0 0 0 1 
26875431820058;0.224686;0.0703853;0.999972 0.00706934 -0.00249996 -0.0954311 -0.00689325 0.997891 0.0645488 -0.067391 0.002951 -0.0645298 0.997911 0.315791 0 0 0 1 
26875431820059;0.444316;0.111149;0.970237 -0.0749423 0.230268 -0.42507 0.0823486 0.996345 -0.0227097 -0.157336 -0.227724 0.0409961 0.972862 0.657187 0 0 0 1 
26875431820060;0.410765;0.0410217;0.983252 0.0938045 0.156259 0.332668 -0.142717 0.929519 0.340039 0.366576 -0.113348 -0.356644 0.927339 1.17615 0 0 0 1 
26875431820062;0.368904;0.0688509;0.952285 0.169192 0.254021 0.53737 -0.221781 0.955382 0.195086 0.407855 -0.20968 -0.242115 0.94732 0.46707 0 0 0 1 
26875431820063;0.231158;0.0706327;0.963338 -0.0678738 -0.259562 0.512872 0.104376 0.986067 0.129531 -0.574771 0.247154 -0.151874 0.957 -0.977197 0 0 0 1 
26875431820064;0.204838;0.0642463;0.996599 -0.0178285 0.0804524 0.155192 0.00699301 0.991091 0.133003 0.170376 -0.0821069 -0.131988 0.987845 0.186182 0 0 0 1 
26875431820065;0.171053;0.0663412;0.998084 0.0517502 0.0339094 0.0263459 -0.0503683 0.997913 -0.0404128 -0.0401109 -0.03593 0.0386274 0.998608 0.0743819 0 0 0 1 
26875431820066;0.341828;0.0582044;0.890083 0.453152 -0.0490577 0.963839 -0.451134 0.891214 0.0470685 1.81588 0.0650501 -0.0197633 0.997686 -0.253482 0 0 0 1 
26875431820067;0.359104;0.0756227;0.99993 0.0100056 -0.00634665 -0.0807642 -0.00997323 0.999937 0.00511902 0.291418 0.00639747 -0.00505536 0.999967 0.642448 0 0 0 1 
26875431820068;0.231956;0.0583474;0.999689 -0.0195508 0.0154848 0.153026 0.01946 0.999793 0.00599437 -0.107599 -0.0155988 -0.00569118 0.999862 0.572558 0 0 0 1 
26875431820069;0.168442;0.0832772;0.984887 -0.145999 0.093172 0.226831 0.149044 0.988474 -0.0265672 -0.704385 -0.0882193 0.0400524 0.995296 0.535477 0 0 0 1 
26875431820070;0.120851;0.0523886;0.990481 0.123782 -0.060206 0.291212 -0.120056 0.990828 0.0620216 0.411308 0.0673309 -0.0542032 0.996257 -0.294924 0 0 0 1 
26875431820071;0.559761;0.0956265;0.945768 -0.323345 0.03116 1.16049 0.323248 0.946278 0.00823869 -1.16973 -0.0321499 0.00228052 0.99948 0.475366 0 0 0 1 
26875431820072;0.11141;0.0920887;0.999038 -0.0409112 0.0158203 0.0161984 0.0416908 0.997747 -0.0525673 -0.22873 -0.0136341 0.0531762 0.998492 0.0657637 0 0 0 1 
26875431820073;0.298534;0.145009;0.963397 -0.267926 0.00907517 0.483931 0.267871 0.963431 0.00681499 -1.24857 -0.0105692 -0.00413456 0.999936 0.226078 0 0 0 1 
26875431820074;0.511902;0.135895;0.964647 -0.196558 -0.175561 0.859087 0.156331 0.963061 -0.219258 -0.39832 0.212173 0.184061 0.959742 -1.35031 0 0 0 1 
26875431820075;0.368729;0.09734;0.937365 -0.226729 0.264462 -0.00931652 0.146817 0.945604 0.290306 -1.08102 -0.315897 -0.233295 0.919664 1.52814 0 0 0 1 
26875431820076;0.104083;0.0707264;0.999727 -0.0228127 -0.00495687 0.115674 0.0223498 0.99662 -0.0790551 0.100735 0.00674357 0.0789228 0.996858 0.102102 0 0 0 1 
26875431820077;0.334061;0.0728886;0.964232 0.263118 -0.0320382 0.511441 -0.260324 0.962805 0.0723755 1.13802 0.0498898 -0.0614464 0.996863 -0.674462 0 0 0 1 
26875431820078;0.46154;0.0627468;0.966462 0.253711 0.0397658 -0.150716 -0.244404 0.956229 -0.160916 1.46982 -0.0788513 0.1458 0.986167 -0.0166778 0 0 0 1 
26875431820079;0.388175;0.10838;0.882982 -0.205726 0.421924 -0.0151932 0.125687 0.969642 0.209755 -0.87859 -0.452267 -0.132179 0.882033 1.7767 0 0 0 1 
26875431820080;0.446652;0.0457907;0.96911 0.244356 0.0334169 0.271952 -0.243636 0.969564 -0.0242111 1.1696 -0.038316 0.0153216 0.999148 -0.607711 0 0 0 1 
26875431820081;0.390076;0.0578706;0.918627 0.394916 0.0128697 0.784896 -0.381649 0.895258 -0.229907 1.9442 -0.102315 0.206287 0.973128 0.784602 0 0 0 1 
26875431820082;0.269988;0.0588909;0.992556 0.121751 -0.00310312 -0.0289274 -0.119868 0.981076 0.152061 0.0529297 0.021558 -0.150557 0.988366 -0.237249 0 0 0 1 
26875431820083;0.397996;0.121126;0.924589 -0.303037 0.230877 0.660301 0.300931 0.952576 0.0451658 -1.39664 -0.233615 0.0277183 0.971934 1.41578 0 0 0 1 
26875431820084;0.431462;0.0683131;0.986137 0.0921019 -0.138029 0.526303 -0.132657 0.937284 -0.322337 0.940509 0.0996847 0.336179 0.936508 0.498998 0 0 0 1 
26875431820085;0.0561572;0.0660328;0.999485 -0.0294565 0.0127469 0.0359278 0.0294726 0.999565 -0.00107968 -0.118023 -0.0127095 0.00145481 0.999918 0.128945 0 0 0 1 
26875431820086;0.263745;0.074718;0.974114 0.218715 0.0571416 0.464946 -0.221063 0.974496 0.0385723 0.549468 -0.047248 -0.0502057 0.997621 -0.00195573 0 0 0 1 
26875431820087;0.254275;0.0738115;0.976207 -0.0932396 -0.195772 0.426851 0.128137 0.976386 0.173928 -0.781381 0.174932 -0.194876 0.965102 -1.05011 0 0 0 1 
26875431820088;0.2679;0.0589031;0.969071 0.246627 0.00873107 0.518294 -0.246263 0.968721 -0.0305705 1.19922 -0.0159975 0.0274749 0.999494 -0.139253 0 0 0 1 
26875431820089;0.093436;0.0645802;0.999588 0.0279817 -0.00645842 0.164883 -0.0282513 0.998527 -0.0463235 0.25668 0.0051527 0.0464869 0.998906 0.0763798 0 0 0 1 
26875431820090;0.279476;0.0606445;0.999105 0.037782 0.0189961 0.303123 -0.0372715 0.998952 -0.0265482 -0.255249 -0.0199792 0.0258165 0.999467 0.502909 0 0 0 1 
26875431820091;0.394578;0.0560219;0.99352 0.110868 0.0250113 0.315114 -0.110942 0.993826 0.00161766 0.441545 -0.0246775 -0.00438199 0.999686 -0.691519 0 0 0 1 
26875431820093;0.345934;0.0267067;0.934969 -0.31236 -0.168118 2.61894 0.305179 0.949889 -0.0676582 -1.12976 0.180827 0.0119523 0.983442 -0.576044 0 0 0 1 
26875431820094;0.529735;0.0311168;0.938105 0.28258 0.20027 -2.5549 -0.269507 0.958749 -0.0903682 1.87966 -0.217545 0.0308007 0.975564 0.727018 0 0 0 1 
26875431820095;0.39088;0.0332551;0.96501 -0.0119275 -0.26194 0.303472 0.00699976 0.999781 -0.0197376 -0.157516 0.262118 0.0172135 0.964882 -0.695524 0 0 0 1 
26875431820096;0.29099;0.0208739;0.970661 0.158028 -0.181233 -0.493947 -0.194607 0.958986 -0.206093 1.24337 0.141231 0.235315 0.961603 -2.22962 0 0 0 1 
26875431820097;0.411668;0.0388837;0.959972 0.277075 0.0410252 -1.76545 -0.276755 0.960847 -0.013416 2.34362 -0.0431362 0.00152507 0.999068 0.217048 0 0 0 1 
26875431820098;0.305728;0.0259926;0.962799 -0.199878 0.181844 1.0018 0.209073 0.977354 -0.032687 -0.899153 -0.171192 0.0694897 0.982784 0.271835 0 0 0 1 
26875431820099;0.324227;0.022403;0.90815 -0.418564 0.00824768 3.26509 0.41753 0.906992 0.0550783 -1.64111 -0.0305344 -0.0465757 0.998448 0.445169 0 0 0 1 
26875431820100;0.476247;0.0299868;0.972611 -0.232179 -0.0110078 1.94578 0.232328 0.972522 0.0150157 -0.506472 0.00721894 -0.0171618 0.999827 -0.515568 0 0 0 1 
26875431820101;0.325622;0.0276766;0.952661 0.256125 0.163818 -1.7738 -0.191958 0.924545 -0.329192 1.78194 -0.235771 0.282163 0.929944 -0.609431 0 0 0 1 
26875431820102;0.315339;0.0269934;0.975095 0.221366 0.0136862 -1.20675 -0.216045 0.961986 -0.167057 1.22998 -0.0501468 0.15994 0.985852 -1.14162 0 0 0 1 
26875431820103;0.395286;0.0327956;0.996755 -0.078984 0.0154956 0.322192 0.0791352 0.99682 -0.00940016 -0.329276 -0.0147039 0.0105959 0.999836 -0.701703 0 0 0 1 
26875431820104;0.491587;0.0411952;0.998696 0.0412406 0.0300834 0.383003 -0.0394383 0.997524 -0.0582237 0.592705 -0.0324101 0.0569614 0.99785 -0.741326 0 0 0 1 
26875431820105;0.296198;0.0239766;0.989799 -0.0377842 0.137371 0.1755 0.0785209 0.949212 -0.304683 0.233749 -0.118882 0.312361 0.942495 -0.95418 0 0 0 1 
26875431820106;0.351999;0.0181974;0.954052 -0.289945 -0.0756166 1.95452 0.295318 0.952569 0.0734815 -1.67802 0.0507245 -0.0924361 0.994426 0.497186 0 0 0 1 
26875431820107;0.398745;0.0304262;0.896309 0.44278 -0.0240115 -2.43348 -0.43827 0.876341 -0.199864 3.42622 -0.0674533 0.189663 0.979529 -0.806956 0 0 0 1 
26875431820108;0.476963;0.038461;0.963574 0.253022 0.0866306 -1.71901 -0.258634 0.964044 0.0610546 2.2921 -0.0680676 -0.0812362 0.994368 1.17811 0 0 0 1 
26875431820109;0.419848;0.31695;0.995396 -0.0911843 -0.0295167 0.825557 0.0928498 0.993805 0.0610856 -0.558229 0.0237638 -0.063545 0.997696 0.529507 0 0 0 1 
26875431820110;0.205033;0.0320025;0.99569 0.0167143 0.0912289 -0.0112306 -0.00952107 0.996851 -0.0787214 0.397465 -0.0922574 0.0775135 0.992714 -0.112687 0 0 0 1 
26875431820111;0.333895;0.0300232;0.98656 -0.162572 0.0164213 1.30329 0.162957 0.986296 -0.0257754 -0.585002 -0.012006 0.0281049 0.999533 0.467725 0 0 0 1 
26875431820112;0.392948;0.02409;0.875406 -0.448059 -0.181403 3.53558 0.455425 0.890274 -0.00117549 -1.72114 0.162025 -0.0815865 0.983408 -0.18351 0 0 0 1 
26875431820113;0.35267;0.0253189;0.941525 -0.160849 0.296071 0.874638 0.238777 0.938483 -0.249469 -0.413105 -0.23773 0.305576 0.922013 -0.687291 0 0 0 1 
26875431820114;0.433722;0.34416;0.990726 -0.0930517 0.0990145 0.638734 0.0939132 0.995572 -0.0040653 -0.248825 -0.0981978 0.0133264 0.995078 0.441482 0 0 0 1 
26875431820115;0.334392;0.0346189;0.973101 -0.224597 0.0512927 1.93061 0.196581 0.92559 0.323479 -0.865742 -0.120129 -0.304695 0.944844 2.5714 0 0 0 1 
26875431820116;0.39563;0.0245896;0.951003 -0.253405 0.177142 2.38708 0.260789 0.965202 -0.0193313 -1.33614 -0.166079 0.0645809 0.983995 0.554784 0 0 0 1 
26875431820117;0.505945;0.0264177;0.967382 0.253251 0.00606206 -2.17661 -0.252598 0.966145 -0.0525228 0.905618 -0.0191583 0.0492783 0.998601 -0.411669 0 0 0 1 
26875431820118;0.542637;0.0376489;0.908972 0.187273 0.372423 -0.989743 -0.276164 0.939755 0.201477 0.791983 -0.312255 -0.285987 0.90593 3.39525 0 0 0 1 
26875431820119;0.33961;0.0282077;0.960078 -0.0566071 -0.273944 0.969322 -0.00661935 0.974439 -0.224554 0.0487543 0.279653 0.217403 0.935163 -2.53126 0 0 0 1 
26875431820120;0.431883;0.0308846;0.989427 0.127379 -0.0693445 -0.118409 -0.0925794 0.922763 0.374081 0.401775 0.111639 -0.363706 0.9248 1.96905 0 0 0 1 
26875431820121;0.296141;0.028246;0.935172 -0.352196 -0.0375591 2.73021 0.351054 0.935745 -0.0338002 -1.40577 0.04705 0.0184238 0.998723 -0.508258 0 0 0 1 
26875431820122;0.699318;0.0235991;0.896435 0.050329 0.440308 -1.15563 -0.083551 0.994907 0.0563818 -0.117816 -0.435228 -0.0873308 0.896075 3.35341 0 0 0 1 
26875431820124;0.463953;0.0500521;0.982587 0.0593431 -0.176071 -0.019428 -0.0916541 0.979113 -0.181487 1.07075 0.161623 0.194464 0.967503 -3.20529 0 0 0 1 
26875431820125;0.172503;0.0565063;0.977516 0.208042 -0.0343755 -1.75352 -0.207443 0.978039 0.0201926 1.2143 0.0378214 -0.0126076 0.999205 -0.0460968 0 0 0 1 
26875431820126;0.469661;0.04728;0.999752 -0.0186699 -0.0121359 -0.319354 0.0179157 0.998065 -0.0595382 0.363907 0.013224 0.059306 0.998152 0.0160592 0 0 0 1 
26875431820127;0.198437;0.0746197;0.996129 -0.0877485 -0.00528189 0.69912 0.0877158 0.996127 -0.00613469 -0.194268 0.00579974 0.00564763 0.999967 -0.0687721 0 0 0 1 
26875431820128;0.38452;0.346872;0.997912 -0.0630171 -0.0141744 0.522322 0.0629564 0.998005 -0.00468897 -0.392853 0.0144416 0.00378681 0.999889 -0.243492 0 0 0 1 
26875431820129;0.474436;0.0597426;0.934916 -0.343972 0.0872641 3.46953 0.352623 0.928093 -0.119583 -1.22878 -0.0398561 0.142571 0.988982 -1.67151 0 0 0 1 
26875431820130;0.313572;0.0519621;0.993912 -0.108268 -0.0204116 0.938058 0.107628 0.993731 -0.0302333 -0.636198 0.0235569 0.0278524 0.999334 -0.910625 0 0 0 1 
26875431820131;0.549583;0.0344249;0.993656 0.107253 -0.0338252 -1.4904 -0.103183 0.989094 0.105099 0.306203 0.0447285 -0.100942 0.993886 1.446 0 0 0 1 
26875431820132;0.557397;0.0874984;0.89983 0.434753 -0.0359969 -2.80597 -0.433652 0.882466 -0.182205 3.74255 -0.0474481 0.179564 0.982601 -0.88376 0 0 0 1 
26875431820133;0.523064;0.15591;0.987102 -0.0661307 0.145799 0.498987 0.0118113 0.938299 0.345623 0.139215 -0.159659 -0.339443 0.926978 4.75637 0 0 0 1 
26875431820134;0.28355;0.0635916;0.984489 0.173295 0.027403 -1.7235 -0.173143 0.984865 -0.00783277 1.19617 -0.0283457 0.00296662 0.999594 -0.122055 0 0 0 1 
26875431820135;0.398345;0.0439269;0.979938 -0.0588333 -0.190421 0.593705 0.0870047 0.98587 0.143142 -0.667171 0.179309 -0.156838 0.971211 1.09636 0 0 0 1 
26875431820136;0.188337;0.0752755;0.997604 0.0534312 0.0439386 -0.690031 -0.0526515 0.998438 -0.0187165 0.477821 -0.04487 0.0163583 0.998859 0.133881 0 0 0 1 
26875431820137;0.314888;0.0300382;0.93931 -0.0299819 0.341758 0.016593 0.0572691 0.995899 -0.0700334 -0.25838 -0.338257 0.0853552 0.937175 1.19124 0 0 0 1 
26875431820138;0.521003;0.0250751;0.999952 0.00767754 0.00608133 -0.397583 -0.00762765 0.999937 -0.00818387 -0.4294 -0.00614378 0.00813709 0.999948 0.774525 0 0 0 1 
26875431820139;0.534563;0.0327392;0.961169 -0.226427 -0.157752 3.04095 0.204352 0.968167 -0.144546 -1.20456 0.185459 0.106696 0.976842 -1.77825 0 0 0 1 
26875431820140;0.635129;0.17404;0.945537 0.0886849 -0.3132 0.454895 -0.0879147 0.995989 0.0166111 0.851774 0.313417 0.0118285 0.949542 -1.49408 0 0 0 1 
26875431820141;0.451247;0.0799027;0.936276 -0.348786 -0.0416668 3.38564 0.347561 0.902678 0.25372 -1.68856 -0.0508824 -0.252034 0.96638 3.00875 0 0 0 1 
26875431820142;0.45211;0.0552748;0.96792 0.0397264 -0.248098 -0.565113 -0.0660294 0.992933 -0.0986127 0.656906 0.242427 0.111831 0.963703 -1.78513 0 0 0 1 
26875431820143;0.371493;0.0777098;0.93132 0.0363516 0.362384 -0.591112 -0.125668 0.965972 0.226066 0.485041 -0.341834 -0.25608 0.904197 4.2734 0 0 0 1 
26875431820144;0.382734;0.0503291;0.975287 0.00163682 0.220936 -0.137627 0.0756385 0.937075 -0.340836 0.813464 -0.207592 0.349125 0.913793 -1.97211 0 0 0 1 
26875431820145;0.502979;0.147387;0.97663 0.210479 0.0435016 -2.04991 -0.20911 0.977302 -0.0339785 1.61984 -0.0496659 0.0240878 0.998475 -0.504036 0 0 0 1 
26875431820146;0.275674;0.0914379;0.961345 0.274413 0.0226367 -2.06869 -0.275341 0.958531 0.0735279 1.72654 -0.00152091 -0.0769185 0.997036 0.553954 0 0 0 1 
26875431820147;0.238197;0.0578804;0.99136 0.0283424 -0.128068 0.111354 -0.0438188 0.991843 -0.119694 0.545512 0.123631 0.124272 0.984516 -1.54981 0 0 0 1 
26875431820148;0.24302;0.0351047;0.984474 -0.142395 0.10264 1.09188 0.158975 0.971209 -0.177426 -0.709581 -0.0744201 0.190988 0.978767 -1.43286 0 0 0 1 
26875431820149;0.23664;0.0562;0.940439 -0.332461 0.0710175 3.09483 0.337632 0.937803 -0.0808105 -1.28492 -0.0397341 0.0999751 0.994196 -0.657576 0 0 0 1 
26875431820150;0.324251;0.0323857;0.982969 -0.178934 -0.0418891 1.69574 0.173688 0.979043 -0.106338 -0.84353 0.0600388 0.0972518 0.993447 -0.646159 0 0 0 1 
26875431820151;0.348638;0.0738329;0.955605 -0.195196 -0.220719 2.2317 0.244976 0.942568 0.227052 -1.35506 0.163723 -0.271043 0.948541 1.7692 0 0 0 1 
26875431820152;0.39459;0.0459154;0.993219 -0.0907528 0.0726568 0.485503 0.095362 0.993466 -0.0626989 -0.272482 -0.0664919 0.0692024 0.995384 -0.892799 0 0 0 1 
26875431820153;0.461448;0.0461011;0.964104 0.260826 -0.0497371 -1.9275 -0.258769 0.964928 0.044196 1.50558 0.0595202 -0.0297391 0.997784 -0.753971 0 0 0 1 
26875431820155;0.281618;0.0242775;0.996592 0.0557298 -0.0608092 0.461561 -0.0565977 0.998317 -0.0126436 0.137703 0.0600022 0.0160422 0.998069 -0.0798221 0 0 0 1 
26875431820156;0.544215;0.049507;0.979171 0.198801 -0.0412607 -0.0493671 -0.19801 0.979942 0.0224917 0.238182 0.0449045 -0.0138532 0.998895 0.6753 0 0 0 1 
26875431820157;0.2633;0.0752345;0.988531 -0.149154 -0.0236394 0.10483 0.140139 0.964356 -0.22445 0.0309114 0.0562745 0.218563 0.974199 -0.0953467 0 0 0 1 
26875431820158;0.308459;0.37859;0.980007 0.198153 0.0179214 -0.201327 -0.198213 0.980157 0.00166372 1.00893 -0.0172361 -0.00518272 0.999838 0.231465 0 0 0 1 
26875431820159;0.600497;0.0342211;0.997648 0.066026 0.0183876 0.751994 -0.0632994 0.990484 -0.122207 0.0986727 -0.0262815 0.120756 0.992334 0.558915 0 0 0 1 
26875431820160;0.450407;0.0483923;0.908917 -0.202825 0.364325 -0.174584 0.270304 0.951881 -0.144428 -0.214252 -0.317501 0.229751 0.920004 0.75989 0 0 0 1 
26875431820161;0.500041;0.0369913;0.977914 -0.20639 -0.0329835 -0.27592 0.204895 0.977808 -0.0436932 -0.505909 0.0412694 0.03597 0.9985 0.515627 0 0 0 1 
26875431820162;0.266888;0.0350869;0.978125 0.157222 0.13621 -0.133519 -0.130459 0.973654 -0.187023 0.20653 -0.162026 0.165162 0.972867 0.505586 0 0 0 1 
26875431820163;0.112835;0.0227669;0.993837 0.00923389 0.110469 -0.0259616 -0.0149996 0.998562 0.0514762 0.0581647 -0.109835 -0.0528159 0.992546 0.391381 0 0 0 1 
26875431820164;0.259006;0.0511985;0.987266 -0.157632 -0.0213889 0.0249966 0.158158 0.987081 0.0256369 -0.528291 0.0170714 -0.0286933 0.999442 -0.241189 0 0 0 1 
26875431820165;0.440579;0.173331;0.930339 0.366645 -0.00643767 0.106973 -0.355379 0.905803 0.230708 0.737123 0.0904191 -0.212348 0.973002 -0.429549 0 0 0 1 
26875431820166;0.350624;0.103096;0.954038 -0.260824 -0.147591 -0.00957391 0.241433 0.960685 -0.13709 -0.407992 0.177545 0.0951552 0.979502 -0.550387 0 0 0 1 
26875431820167;0.350308;0.0273283;0.982527 -0.177331 0.0565158 0.406267 0.184386 0.968758 -0.165859 -0.0997904 -0.0253383 0.173382 0.984529 0.0165721 0 0 0 1 
26875431820168;0.226339;0.103483;0.985367 -0.0389147 -0.165946 0.333083 0.0310168 0.998271 -0.0499229 -0.0785293 0.167601 0.0440453 0.98487 -0.385199 0 0 0 1 
26875431820169;0.436398;0.0284094;0.999216 -0.0380327 -0.0109625 0.234147 0.0381014 0.999255 0.00613274 0.289111 0.0107211 -0.00654562 0.999921 0.546355 0 0 0 1 
26875431820170;0.561995;0.0474859;0.9781 0.0454827 0.203103 -0.472011 -0.0318122 0.997034 -0.0700739 -0.388147 -0.205688 0.0620781 0.976647 -0.00217155 0 0 0 1 
26875431820171;0.275385;0.0254689;0.996943 0.0769439 0.0135764 -0.0673592 -0.0771803 0.996857 0.0178488 0.198352 -0.0121604 -0.0188421 0.999749 0.465355 0 0 0 1 
26875431820172;0.126727;0.0295787;0.999988 0.00124803 0.00477583 -0.00674408 -0.000865767 0.996857 -0.0792212 0.0710969 -0.00485969 0.0792161 0.996846 0.16669 0 0 0 1 
26875431820173;0.248339;0.0263934;0.990912 -0.0924932 0.0976648 -0.0963283 0.0879527 0.994878 0.0498242 0.0622558 -0.101773 -0.0407815 0.993971 0.329387 0 0 0 1 
26875431820174;0.442063;0.0288968;0.923821 -0.183522 0.335967 -0.328804 0.159889 0.982361 0.0969645 -0.613346 -0.347836 -0.0358606 0.936869 0.650311 0 0 0 1 
26875431820175;0.573407;0.523389;0.959197 0.129453 -0.251361 0.467199 -0.197559 0.942857 -0.26831 1.30876 0.202264 0.307021 0.929961 -0.911412 0 0 0 1 
26875431820176;0.270556;0.0536404;0.990826 0.130942 -0.0334249 -0.29612 -0.134422 0.980415 -0.143932 0.390282 0.0139234 0.147105 0.989023 -0.0190048 0 0 0 1 
26875431820177;0.516211;0.0900568;0.994149 0.0641414 -0.0869173 -0.444842 -0.0792821 0.979762 -0.183795 -0.118163 0.0733694 0.18961 0.979114 -0.0373846 0 0 0 1 
26875431820178;0.516876;0.0409245;0.914728 -0.346393 -0.208049 0.574473 0.379254 0.91366 0.146257 -0.924053 0.139424 -0.212688 0.967122 0.342231 0 0 0 1 
26875431820179;0.506678;0.521383;0.999123 0.036716 0.0201062 -0.0600698 -0.0370645 0.999164 0.0172454 0.185262 -0.0194562 -0.0179755 0.999649 0.0440071 0 0 0 1 
26875431820180;0.166082;0.0291285;0.99771 -0.00223073 0.0676072 -0.191243 -0.00407608 0.995657 0.0930047 0.119484 -0.0675211 -0.0930672 0.993368 0.135155 0 0 0 1 
26875431820181;0.220973;0.0313503;0.98325 -0.18032 0.0265229 0.21012 0.173695 0.971156 0.163361 -0.382635 -0.0552151 -0.156017 0.98621 0.305142 0 0 0 1 
26875431820182;0.311591;0.0320032;0.999862 0.0140994 -0.00874719 0.466497 -0.0141821 0.999855 -0.00945641 0.117224 0.00861259 0.00957916 0.999917 -0.107751 0 0 0 1 
26875431820183;0.378261;0.345382;0.956027 0.289053 -0.0496146 -0.287298 -0.278963 0.948461 0.150337 1.28082 0.0905129 -0.129886 0.987389 -0.273834 0 0 0 1 
26875431820184;0.707951;0.031111;0.957508 -0.280619 0.0665656 -0.0723997 0.286026 0.953557 -0.0944325 -0.36201 -0.0369746 0.109459 0.993303 -0.883544 0 0 0 1 
26875431820186;0.0232744;0.0718373;0.999983 -0.00440492 0.00378054 0.0123335 0.00450761 0.999609 -0.0275975 0.043412 -0.0036575 0.0276141 0.999612 0.12065 0 0 0 1 
26875431820187;0.469951;0.134884;0.998733 -0.0432471 0.0257142 0.157883 0.0442745 0.998185 -0.0408283 0.184228 -0.0239018 0.041915 0.998835 -0.564422 0 0 0 1 
26875431820188;0.333415;0.206906;0.987762 0.0668766 0.140902 0.0203484 -0.0513744 0.9925 -0.110924 0.702726 -0.147263 0.102327 0.98379 0.2153 0 0 0 1 
26875431820189;0.215891;0.0722401;0.999423 -0.0232612 0.0247693 0.0107777 0.0275088 0.981795 -0.187939 0.38117 -0.0199467 0.188512 0.981868 0.181343 0 0 0 1 
26875431820190;0.353199;0.0870459;0.999404 -0.00799624 -0.0335871 0.123401 0.00618929 0.998545 -0.0535626 0.0435492 0.0339665 0.0533228 0.997999 0.641769 0 0 0 1 
26875431820191;0.375035;0.104228;0.89872 0.101912 -0.426516 0.5885 -0.075481 0.994055 0.0784736 0.0366612 0.431978 -0.0383319 0.901069 -0.332737 0 0 0 1 
26875431820192;0.269163;0.0637045;0.99915 -0.0277817 0.0304574 -0.101995 0.0294243 0.998059 -0.0548819 0.41911 -0.0288736 0.0557315 0.998028 0.325863 0 0 0 1 
26875431820193;0.42369;0.201104;0.935121 -0.178594 0.306027 -0.134762 0.264666 0.926307 -0.268154 0.0809804 -0.235585 0.331751 0.913477 0.620775 0 0 0 1 
26875431820194;0.276623;0.231384;0.975648 0.159523 0.150545 -0.136545 -0.141975 0.982455 -0.120937 0.572152 -0.167196 0.0966184 0.981178 0.566987 0 0 0 1 
26875431820195;0.12753;0.100147;0.999353 0.0343043 0.0107746 -0.0926667 -0.0341866 0.999356 -0.0109213 0.087135 -0.0111423 0.0105459 0.999882 0.00662961 0 0 0 1 
26875431820196;0.182656;0.0853322;0.998273 -0.0586435 0.00343353 -0.0924027 0.058733 0.995253 -0.0776058 -0.211469 0.00113385 0.0776735 0.996978 -0.0532257 0 0 0 1 
26875431820197;0.141522;0.0781085;0.99977 0.0192023 -0.00953359 -0.193254 -0.0192082 0.999815 -0.000527447 0.0985641 0.00952171 0.000710449 0.999954 0.0364963 0 0 0 1 
26875431820198;0.296595;0.127225;0.981303 -0.181045 -0.0653218 0.350044 0.177233 0.982331 -0.0601211 0.027582 0.0750523 0.0474198 0.996051 -0.232206 0 0 0 1 
26875431820199;0.374604;0.196756;0.953712 -0.272728 -0.126698 0.552741 0.280868 0.958378 0.0512327 -0.36749 0.107452 -0.0844468 0.990617 0.0215422 0 0 0 1 
26875431820200;0.14975;0.0798426;0.999669 0.010473 -0.0234793 -0.165868 -0.00999195 0.99974 0.0205143 0.13161 0.023688 -0.0202729 0.999514 0.102837 0 0 0 1 
26875431820201;0.180431;0.108813;0.997445 -0.0335932 -0.0630483 0.275434 0.0312316 0.998787 -0.0380765 0.00284634 0.064251 0.0360101 0.997284 -0.0263027 0 0 0 1 
26875431820202;0.0568232;0.0836184;0.999549 -0.0286554 -0.00892676 0.0233875 0.0276931 0.995206 -0.0938019 0.132312 0.0115719 0.0935124 0.995551 0.0433705 0 0 0 1 
26875431820203;0.370175;0.201496;0.994338 -0.0799948 -0.0699517 -0.00158006 0.0932504 0.972507 0.213388 -0.136693 0.0509586 -0.218702 0.97446 0.147574 0 0 0 1 
26875431820204;0.336699;0.385223;0.986323 0.164787 0.00343114 -0.132641 -0.162002 0.973065 -0.164012 0.880233 -0.0303659 0.161213 0.986452 0.0761519 0 0 0 1 
26875431820205;0.579018;0.269561;0.979038 0.0210246 0.202591 0.400726 -0.0308123 0.998499 0.0452802 -0.313925 -0.201334 -0.0505733 0.978216 0.0465478 0 0 0 1 
26875431820206;0.454909;0.124508;0.952944 0.0153509 0.302758 -0.195821 0.0715796 0.959083 -0.273929 0.028357 -0.294575 0.28271 0.912853 1.13299 0 0 0 1 
26875431820207;0.201469;0.176663;0.997951 0.0622551 0.0147538 -0.0639462 -0.0630716 0.995985 0.0635235 0.15959 -0.0107399 -0.0643239 0.997871 0.207112 0 0 0 1 
26875431820208;0.418791;0.232934;0.998073 -0.0614156 -0.0088035 -0.0948255 0.0617819 0.970798 0.231806 -0.0951995 -0.00569011 -0.231903 0.972722 0.110106 0 0 0 1 
26875431820209;0.261543;0.173229;0.973206 -0.229857 0.00594549 0.280032 0.2299 0.972287 -0.0424763 -0.109639 0.00398275 0.042705 0.99908 0.11199 0 0 0 1 
26875431820210;0.579052;0.386327;0.996114 -0.0854329 -0.0214234 -0.114996 0.0876648 0.9852 0.147294 -0.552329 0.00852258 -0.1486 0.988861 0.00853438 0 0 0 1 
26875431820211;0.254845;0.147659;0.991266 -0.128417 -0.0300037 0.248153 0.125808 0.989074 -0.0768394 -0.0984675 0.0395434 0.0723936 0.996592 0.269023 0 0 0 1 
26875431820212;0.320883;0.0980557;0.970985 -0.119008 0.207424 0.0517939 0.152392 0.976377 -0.153181 -0.127555 -0.184294 0.180346 0.966184 0.771736 0 0 0 1 
26875431820213;0.233658;0.079466;0.998343 -0.0555563 0.0149713 -0.105223 0.0571209 0.988246 -0.141797 0.0592324 -0.00691764 0.142417 0.989783 -0.287373 0 0 0 1 
26875431820214;0.442932;0.0860509;0.985467 0.0329147 -0.166646 0.320663 -0.0773945 0.960304 -0.268003 0.585454 0.15121 0.277006 0.948896 0.405926 0 0 0 1 
26875431820215;0.292551;0.138697;0.975216 0.0529847 0.214819 0.0498527 0.00541496 0.964897 -0.262572 0.0150001 -0.22119 0.257228 0.940696 0.443339 0 0 0 1 
26875431820217;0.53888;0.163269;0.981345 -0.0730269 0.177846 0.775141 0.131286 0.930331 -0.342416 -0.0695104 -0.14045 0.359377 0.922563 -0.0826311 0 0 0 1 
26875431820218;0.132212;0.0984858;0.999865 0.0163563 0.00184707 -0.0161894 -0.0163484 0.999857 -0.00422454 0.102884 -0.0019159 0.00419377 0.999989 0.119607 0 0 0 1 
26875431820219;0.276971;0.0797449;0.991334 -0.00661332 0.131197 0.319443 0.00666017 0.999978 8.16898e-05 -0.546925 -0.131195 0.000792815 0.991356 0.396871 0 0 0 1 
26875431820220;0.346183;0.392253;0.996967 0.0557481 0.0543127 -0.182195 -0.0580406 0.997448 0.0415881 0.0410798 -0.0518556 -0.0446143 0.997658 0.276497 0 0 0 1 
26875431820221;0.22686;0.0896264;0.999511 0.0223507 0.0218783 0.337448 -0.0229534 0.999353 0.0276923 -0.104263 -0.0212452 -0.0281809 0.999377 -0.179836 0 0 0 1 
26875431820222;0.271182;0.289546;0.985369 0.106663 0.132933 -0.205263 -0.102542 0.994022 -0.037489 0.0630284 -0.136137 0.0233093 0.990416 0.379636 0 0 0 1 
26875431820223;0.173034;0.0771913;0.999429 0.0272697 0.0199702 -0.20584 -0.0277122 0.999369 0.0222301 -0.1732 -0.0193514 -0.0227708 0.999553 -0.20672 0 0 0 1 
26875431820224;0.421446;0.066049;0.993384 0.0759014 0.0861829 -0.726296 -0.0825151 0.993691 0.0759616 -0.325657 -0.0798736 -0.0825704 0.993379 0.629017 0 0 0 1 
26875431820225;0.149136;0.152105;0.995774 0.0880896 0.0259743 -0.200103 -0.0895168 0.994167 0.0601632 0.155207 -0.020523 -0.0622341 0.997851 -0.0210027 0 0 0 1 
26875431820226;0.0692592;0.0722417;0.999834 -0.000834346 0.018202 0.0782936 0.000722829 0.999981 0.00613237 -0.106959 -0.0182067 -0.0061182 0.999816 0.00174309 0 0 0 1 
26875431820227;0.394953;0.308838;0.991931 0.0812358 0.097332 -0.441988 -0.0883148 0.993575 0.0707713 -0.0109898 -0.0909575 -0.0787961 0.992733 -0.119043 0 0 0 1 
26875431820228;0.385763;0.219738;0.999613 0.0249191 0.0123448 -0.264855 -0.0241186 0.997833 -0.0612238 0.454067 -0.0138437 0.0609024 0.998048 0.151358 0 0 0 1 
26875431820229;0.236316;0.184329;0.982764 -0.0469315 0.178806 0.102973 0.038573 0.998007 0.0499411 -0.232583 -0.180794 -0.0421832 0.982616 0.79343 0 0 0 1 
26875431820230;0.353557;0.324631;0.974951 0.193872 0.109019 -0.4782 -0.187137 0.979905 -0.0690397 0.709656 -0.120213 0.0469088 0.991639 0.24955 0 0 0 1 
26875431820231;0.448584;0.156203;0.997333 0.053731 0.0494043 -0.289912 -0.0537433 0.998554 -0.0010793 0.168991 -0.0493909 -0.00157873 0.998778 -0.646704 0 0 0 1 
26875431820232;0.290281;0.256314;0.967539 -0.114111 0.225493 0.44071 0.0407199 0.95099 0.30653 -0.721455 -0.24942 -0.287398 0.924766 1.27916 0 0 0 1 
26875431820233;0.217224;0.113282;0.999789 -0.0127324 -0.0160928 0.37898 0.0130977 0.999654 0.0228045 -0.229603 0.0157969 -0.0230105 0.99961 -0.146745 0 0 0 1 
26875431820234;0.288361;0.114265;0.999109 -0.038756 0.0167309 0.0130332 0.0365579 0.992564 0.116104 -0.794951 -0.0211062 -0.115388 0.993096 0.0524633 0 0 0 1 
26875431820235;0.189456;0.165254;0.999482 -0.00503104 -0.0317742 0.100988 0.00601919 0.999499 0.0310803 -0.204532 0.0316019 -0.0312555 0.999012 -0.13443 0 0 0 1 
26875431820236;0.315102;0.360068;0.9686 0.0810746 0.235035 -0.252312 -0.0772276 0.996686 -0.0255423 -0.114159 -0.236327 0.00658908 0.971651 1.07249 0 0 0 1 
26875431820237;0.012092;0.0618031;0.999815 0.0120774 0.0149501 -0.0118887 -0.0122429 0.999864 0.0110287 -0.0798826 -0.0148148 -0.0112097 0.999827 0.0440503 0 0 0 1 
26875431820238;0.26454;0.214714;0.97975 -0.11903 0.161002 0.26553 0.102173 0.988751 0.109235 -0.989552 -0.172193 -0.0905728 0.98089 1.05994 0 0 0 1 
26875431820239;0.246987;0.0715666;0.99781 0.0557645 0.0355773 -0.326429 -0.0594211 0.991962 0.11172 -0.321883 -0.0290613 -0.113589 0.993103 0.187169 0 0 0 1 
26875431820240;0.363487;0.316629;0.976484 0.20181 -0.0758337 -0.522136 -0.192216 0.974273 0.117665 0.587844 0.0976287 -0.100322 0.990154 -0.795473 0 0 0 1 
26875431820241;0.468508;0.190289;0.963928 -0.248504 0.0953306 0.0228314 0.249001 0.968479 0.00684271 -1.35335 -0.0940261 0.0171415 0.995422 0.80797 0 0 0 1 
26875431820242;0.496458;0.392888;0.999855 0.000877993 0.0170236 0.00573996 -0.00182113 0.998459 0.0554659 -0.237324 -0.0169486 -0.0554888 0.998315 -0.0830218 0 0 0 1 
26875431820243;0.419239;0.326991;0.941125 0.11495 0.317916 -0.476759 -0.0951571 0.992468 -0.0771581 -0.0203836 -0.32439 0.0423635 0.944974 1.11091 0 0 0 1 
26875431820244;0.327061;0.146282;0.998938 0.0442713 0.0127434 -0.476201 -0.0431053 0.995817 -0.0805625 0.451893 -0.0162567 0.0799277 0.996668 0.0205984 0 0 0 1 
26875431820245;0.440644;0.128025;0.907551 0.0730322 0.413543 -0.398202 -0.131229 0.984766 0.114081 0.14765 -0.398911 -0.157803 0.903309 1.91337 0 0 0 1 
26875431820246;0.33651;0.109216;0.987857 -0.0136341 0.154765 -0.126211 -0.00351514 0.993926 0.109997 -0.631298 -0.155325 -0.109205 0.981809 0.315854 0 0 0 1 
26875431820248;0.482971;0.05788;0.94947 -0.0866019 -0.301675 0.80686 0.116739 0.989662 0.0833118 -0.392474 0.291341 -0.114319 0.949764 -2.16653 0 0 0 1 
26875431820249;0.481186;0.0761456;0.978026 -0.181546 -0.102503 0.464122 0.173725 0.981479 -0.0807404 -0.67945 0.115262 0.0611589 0.991451 0.487689 0 0 0 1 
26875431820250;0.362957;0.0645454;0.964083 0.215102 0.155803 0.198641 -0.196502 0.972315 -0.126456 1.41878 -0.17869 0.0912988 0.97966 0.635568 0 0 0 1 
26875431820251;0.294996;0.0425009;0.996708 0.0804985 0.00969683 0.651204 -0.0809446 0.994817 0.0615424 0.0263247 -0.0046925 -0.0621246 0.998057 -0.203136 0 0 0 1 
26875431820252;0.28587;0.0581007;0.999296 -0.0286879 0.0241692 0.391374 0.0287111 0.999588 -0.000612721 -0.629851 -0.0241417 0.00130621 0.999708 0.368015 0 0 0 1 
26875431820253;0.612372;0.0542653;0.968594 0.0755196 -0.236901 1.15259 -0.0207538 0.973991 0.225636 -0.933154 0.247779 -0.213633 0.944969 -0.97314 0 0 0 1 
26875431820254;0.431445;0.356573;0.998984 0.0373044 0.0252854 -0.128224 -0.0352495 0.996381 -0.0773438 0.231721 -0.0280792 0.0763739 0.996684 -0.00269236 0 0 0 1 
26875431820255;0.351175;0.0820275;0.99917 -0.0300636 0.0274764 -0.134161 0.0297769 0.999498 0.010785 -0.0466659 -0.0277869 -0.00995789 0.999564 0.885778 0 0 0 1 
26875431820256;0.151421;0.0560607;0.985598 0.16794 0.0198326 0.166109 -0.167732 0.985763 -0.0117529 0.727015 -0.021524 0.00825707 0.999734 0.135155 0 0 0 1 
26875431820257;0.412483;0.0859139;0.988785 -0.148662 -0.0142763 -0.02212 0.149331 0.982821 0.108461 -1.55599 -0.002093 -0.109377 0.993998 -0.111471 0 0 0 1 
26875431820258;0.238327;0.0745508;0.985304 0.170728 0.00519859 0.269046 -0.169124 0.97088 0.169674 0.496502 0.0239208 -0.16806 0.985487 0.0447621 0 0 0 1 
