#;prob_registration_l1 -r /home/probabilistic_point_clouds_registration/build/tester /home/point_clouds_registration_benchmark//devel/registration_pairs/apartment_local.txt /home/point_clouds_registration_benchmark//eth/apartment -s 0.2 -t 0.2 -p 0.3 -r 1000 -m 10 -i 100 -n 100 
id;initial_error;final_error;transformation
13001298760000;0.820981;1.54013;100;0.91721 -0.381292 0.115506 -0.248686 0.369399 0.922506 0.111924 -3.50293 -0.149231 -0.0599905 0.986981 0.263372 0 0 0 1 
13001298760001;0.68771;1.94937;100;0.881476 -0.430239 -0.194664 0.794385 0.471992 0.815722 0.334397 -3.80799 0.0149215 -0.386643 0.922109 0.573992 0 0 0 1 
13001298760002;0.636186;0.393813;100;0.968656 0.178455 -0.172796 0.110839 -0.121464 0.947064 0.297181 -0.346338 0.216682 -0.266877 0.939056 -1.17687 0 0 0 1 
13001298760003;0.411513;1.79022;100;0.894389 -0.445081 0.0443903 0.473504 0.445063 0.895434 0.0108353 -3.2521 -0.0445712 0.0100655 0.998956 -0.162437 0 0 0 1 
13001298760004;0.857932;1.94;100;0.836818 -0.532172 -0.128563 0.595558 0.513219 0.844281 -0.154257 -3.44068 0.190635 0.0631042 0.979631 0.408517 0 0 0 1 
13001298760005;0.460674;1.89457;100;0.895329 0.442694 0.049063 0.475265 -0.440788 0.896476 -0.0451414 -1.18908 -0.0639677 0.0187901 0.997775 0.581388 0 0 0 1 
13001298760006;0.655521;1.12075;100;0.817484 0.574399 0.0422518 0.420344 -0.575717 0.817041 0.0315103 1.04369 -0.0164219 -0.0500843 0.99861 0.31892 0 0 0 1 
13001298760007;0.308888;0.484305;100;0.870355 0.291182 0.397109 -0.103626 -0.374161 0.915334 0.148886 0.493276 -0.320134 -0.278166 0.905615 1.07578 0 0 0 1 
13001298760008;0.466988;1.278;100;0.778821 0.621564 0.0842343 0.836272 -0.620125 0.783183 -0.0454929 0.439606 -0.0942477 -0.0168049 0.995407 0.0515018 0 0 0 1 
13001298760009;0.423945;1.20601;100;0.807689 0.589361 -0.0171012 0.961091 -0.57128 0.775075 -0.269994 0.873237 -0.145869 0.227841 0.96271 0.086372 0 0 0 1 
13001298760010;0.258498;1.18462;100;0.840449 0.539956 -0.0457554 1.0401 -0.541885 0.837062 -0.07542 0.714445 -0.00242337 0.0881808 0.996102 0.1674 0 0 0 1 
13001298760011;0.784351;2.05619;100;0.954625 0.286649 0.0807637 0.0791375 -0.294912 0.872178 0.390297 -1.6748 0.041438 -0.396406 0.91714 -0.868208 0 0 0 1 
13001298760012;0.622128;0.362539;100;0.968899 0.245513 -0.0309464 0.245405 -0.244852 0.969272 0.0236583 -0.16496 0.0358039 -0.0153452 0.999241 0.175624 0 0 0 1 
13001298760013;0.398004;0.519316;100;0.871441 0.454225 0.185124 0.215919 -0.418243 0.885282 -0.203342 0.80322 -0.25625 0.0997738 0.961447 1.15778 0 0 0 1 
13001298760014;0.755219;1.2874;100;0.980663 0.143759 -0.132793 0.729753 -0.136093 0.988551 0.0651567 -0.674628 0.140639 -0.0458246 0.989 -1.02336 0 0 0 1 
13001298760015;0.388158;1.96208;100;0.929193 0.331705 -0.163011 0.460919 -0.330247 0.943178 0.0367734 -0.941996 0.165946 0.0196643 0.985939 -0.297103 0 0 0 1 
13001298760016;0.851768;1.22601;100;0.80446 0.593839 0.0141059 1.78341 -0.593951 0.804483 0.00540434 0.940257 -0.00813866 -0.0127258 0.999886 0.546379 0 0 0 1 
13001298760017;0.399547;1.26719;100;0.745113 0.664941 -0.0515785 1.39804 -0.666677 0.744756 -0.029683 0.584995 0.0186759 0.0565034 0.998228 0.302784 0 0 0 1 
13001298760018;0.820633;1.27206;100;0.735062 0.646088 -0.205556 1.26661 -0.641815 0.760803 0.0961897 0.658826 0.218534 0.0612231 0.973907 0.278846 0 0 0 1 
13001298760019;0.329854;1.32269;100;0.89112 0.445582 -0.0857978 0.934186 -0.438256 0.894148 0.0918194 -0.319973 0.117629 -0.0442208 0.992073 -0.425643 0 0 0 1 
13001298760020;0.847185;0.418088;100;0.956558 0.291531 0.00248771 -0.445169 -0.291367 0.955658 0.0426849 0.839363 0.0100666 -0.0415554 0.999085 0.716211 0 0 0 1 
13001298760021;0.886722;1.58635;100;0.899649 -0.256493 -0.353332 1.14362 0.35033 0.907038 0.233561 -3.26445 0.260579 -0.333905 0.905873 -1.19602 0 0 0 1 
13001298760022;0.59893;1.50203;100;0.760883 0.640938 -0.101274 1.78007 -0.567958 0.733302 0.373753 0.0796039 0.313817 -0.226863 0.921983 -1.37429 0 0 0 1 
13001298760023;0.367247;1.43819;100;0.867536 0.493741 0.0600164 1.09184 -0.495339 0.868578 0.0145314 -0.0913562 -0.0449541 -0.042335 0.998092 -0.0898307 0 0 0 1 
13001298760024;0.0968236;1.31664;100;0.839555 0.539577 0.0632776 1.08223 -0.54087 0.841097 0.00400125 0.411513 -0.0510636 -0.0375842 0.997988 0.238312 0 0 0 1 
13001298760025;0.689632;1.25584;100;0.89222 0.447358 -0.0617572 0.754112 -0.435028 0.814697 -0.38343 0.675891 -0.121217 0.36897 0.921503 0.892718 0 0 0 1 
13001298760026;0.452516;1.46306;100;0.981002 -0.184306 0.0605573 -0.0213626 0.177012 0.978113 0.10937 -1.74801 -0.0793895 -0.0965729 0.992155 0.248755 0 0 0 1 
13001298760027;0.353163;1.53043;100;0.902908 -0.32548 0.280749 0.0744726 0.226588 0.915449 0.332582 -2.48751 -0.36526 -0.236676 0.900316 0.847205 0 0 0 1 
13001298760028;0.770166;1.37804;100;0.951109 0.305722 0.043873 0.330112 -0.294542 0.940578 -0.168994 0.294972 -0.0929313 0.14781 0.98464 0.203164 0 0 0 1 
13001298760029;0.444231;1.22568;100;0.726701 0.649156 0.224727 1.2064 -0.667469 0.7446 0.00751685 0.377558 -0.162452 -0.155461 0.974393 0.669346 0 0 0 1 
13001298760031;1.0814;0.931978;100;0.928439 0.366728 0.0592555 0.640107 -0.328942 0.885709 -0.327592 2.0295 -0.17262 0.284657 0.942959 1.67063 0 0 0 1 
13001298760032;0.762366;0.184735;100;0.978247 -0.185617 -0.0926259 -0.633142 0.189171 0.981451 0.0311086 -0.564214 0.0851335 -0.047954 0.995215 -0.817888 0 0 0 1 
13001298760033;0.562268;0.182241;100;0.972877 -0.205303 -0.106584 -0.62885 0.195929 0.976282 -0.0921216 -0.561064 0.122969 0.0687402 0.990027 0.0815644 0 0 0 1 
13001298760034;0.913227;0.143813;100;0.98584 -0.156803 -0.0594301 -0.540614 0.124192 0.920875 -0.369548 -0.212433 0.112674 0.356935 0.927309 1.02458 0 0 0 1 
13001298760035;0.190074;0.204265;100;0.985614 0.122909 -0.116009 0.255926 -0.114517 0.990475 0.076448 0.376286 0.1243 -0.0620632 0.990302 -0.568066 0 0 0 1 
13001298760036;1.3176;0.150989;100;0.929135 -0.365569 -0.0553882 -1.38396 0.369489 0.912491 0.175605 -0.832985 -0.0136546 -0.183626 0.982901 -0.344582 0 0 0 1 
13001298760037;0.408209;0.150458;100;0.990765 0.120056 -0.063015 0.0609673 -0.127268 0.983731 -0.12679 0.684377 0.0467678 0.133639 0.989926 0.0378773 0 0 0 1 
13001298760038;0.799177;0.186775;100;0.999986 -0.00521634 -0.000202586 0.361024 0.00517858 0.986359 0.164529 -0.355596 -0.000658415 -0.164528 0.986372 -0.243302 0 0 0 1 
13001298760039;0.512139;0.178534;100;0.999867 0.014201 -0.00804205 -0.0535071 -0.0142789 0.999851 -0.00970974 0.0816359 0.00790296 0.00982328 0.999921 0.397031 0 0 0 1 
13001298760040;0.790161;0.14729;100;0.99986 0.00685321 -0.0152567 0.139645 -0.00688999 0.999973 -0.00235953 0.271951 0.0152401 0.00246431 0.999881 -0.5471 0 0 0 1 
13001298760041;0.304867;0.185272;100;0.985185 -0.118791 0.123692 -0.353463 0.126639 0.990274 -0.0576209 -0.114964 -0.115644 0.0724315 0.990646 0.449185 0 0 0 1 
13001298760042;0.323258;0.181201;100;0.997789 0.0663066 -0.00449552 0.121889 -0.0660395 0.996809 0.0448354 0.0609988 0.00745407 -0.0444394 0.998984 -0.0164108 0 0 0 1 
13001298760043;1.1294;0.156723;100;0.943398 -0.323067 -0.0750196 -0.562191 0.330716 0.899247 0.286326 -1.99313 -0.0250413 -0.294929 0.955191 -0.857464 0 0 0 1 
13001298760044;0.672602;0.187873;100;0.985677 -0.0946535 0.139579 -0.688447 0.0988927 0.994815 -0.0237391 -0.141936 -0.136609 0.0372025 0.989926 0.21846 0 0 0 1 
13001298760045;0.603165;0.207928;100;0.867692 0.496505 0.0243451 1.34917 -0.493026 0.865804 -0.0854958 1.43215 -0.0635272 0.0621813 0.996041 0.0714785 0 0 0 1 
13001298760046;0.435224;0.151135;100;0.898991 0.0988184 -0.426674 0.731729 -0.125561 0.991471 -0.0349284 0.532901 0.419583 0.0849741 0.903731 -1.05352 0 0 0 1 
13001298760047;1.03472;0.16386;100;0.998398 -0.0401057 0.0398996 -0.327519 0.0290573 0.968683 0.246594 -0.527824 -0.0485399 -0.24504 0.968297 -0.959517 0 0 0 1 
13001298760048;1.38851;0.201137;100;0.994062 0.0714187 0.0820931 0.12405 -0.10038 0.893088 0.438541 -0.770079 -0.0419963 -0.444177 0.894954 -1.34027 0 0 0 1 
13001298760049;0.308211;0.138715;100;0.989885 0.121162 -0.0738086 0.0805073 -0.111672 0.986303 0.121394 0.17891 0.0875059 -0.111923 0.989856 -0.478909 0 0 0 1 
13001298760050;0.383404;0.198741;100;0.999395 -0.0335857 0.00899398 -0.406675 0.0337834 0.999169 -0.0228187 -0.0996636 -0.00822012 0.0231088 0.999699 0.189604 0 0 0 1 
13001298760051;1.39486;0.198722;100;0.909918 -0.391499 0.137028 -1.67775 0.401639 0.914126 -0.0553083 -1.50433 -0.103608 0.105362 0.989022 0.638789 0 0 0 1 
13001298760052;0.390791;0.181313;100;0.999995 0.00301882 0.00114209 -0.314168 -0.00303094 0.999937 0.0107626 -0.0797162 -0.00110953 -0.010766 0.999941 -0.044222 0 0 0 1 
13001298760053;0.738841;0.1952;100;0.947737 0.318338 0.0213592 1.02315 -0.318183 0.938083 0.136965 0.562911 0.0235645 -0.136603 0.990346 -0.112984 0 0 0 1 
13001298760054;0.290741;0.157568;100;0.985024 -0.172386 -0.00327277 -0.477906 0.172307 0.984896 -0.0170471 -0.4127 0.00616202 0.0162279 0.999849 -0.0854485 0 0 0 1 
13001298760055;0.983527;0.177414;100;0.971332 0.211115 0.10929 -0.2892 -0.1932 0.968911 -0.154551 0.806225 -0.138521 0.129005 0.981921 0.946211 0 0 0 1 
13001298760056;0.893456;0.14818;100;0.98279 -0.18472 0.00136923 0.149752 0.184725 0.982746 -0.00934258 -0.788235 0.000380156 0.00943472 0.999955 -0.18137 0 0 0 1 
13001298760057;1.32906;0.148189;100;0.996047 0.0648662 0.0606835 0.50203 -0.0665636 0.997433 0.0263798 0.844543 -0.0588166 -0.0303148 0.997808 -0.480151 0 0 0 1 
13001298760058;1.04418;0.176899;100;0.933716 -0.323968 0.15238 -0.745606 0.31853 0.946042 0.0595323 -0.975265 -0.163444 -0.00704866 0.986527 -0.17407 0 0 0 1 
13001298760059;1.02726;0.155114;100;0.996777 0.0617095 -0.0512618 0.480524 -0.047135 0.967556 0.248222 -0.138499 0.0649163 -0.245006 0.967346 -1.27243 0 0 0 1 
13001298760060;1.18019;1.80148;100;0.919481 -0.381993 -0.0929342 0.314859 0.392631 0.904238 0.167912 -2.89123 0.0198935 -0.190881 0.981412 -0.232391 0 0 0 1 
13001298760062;0.42647;1.9886;100;0.945206 -0.325587 0.0240618 -0.697198 0.322342 0.942392 0.0893977 -0.101323 -0.0517824 -0.0767431 0.995705 0.23595 0 0 0 1 
13001298760063;0.820769;1.97136;100;0.917282 -0.39375 0.0596165 -0.512218 0.394466 0.91891 -0.000273613 -0.120247 -0.0546744 0.0237677 0.998221 0.878208 0 0 0 1 
13001298760064;0.637796;0.967637;100;0.999953 -0.00405805 -0.00885399 0.00539082 0.00369004 0.999144 -0.0411924 0.705812 0.00901358 0.0411577 0.999112 0.520648 0 0 0 1 
13001298760065;1.32441;2.00483;100;0.888499 -0.371426 -0.269466 -0.162147 0.446663 0.834616 0.322348 -0.917697 0.105172 -0.406766 0.907458 -2.23203 0 0 0 1 
13001298760066;0.832986;0.848224;100;0.936476 -0.350694 0.00511126 -0.527861 0.350675 0.935966 -0.0315439 -0.338842 0.00627826 0.0313325 0.999489 0.294756 0 0 0 1 
13001298760067;0.500971;1.93756;100;0.797929 -0.602094 0.0281476 -0.877451 0.601532 0.792478 -0.100685 -1.21869 0.0383157 0.0972714 0.99452 -0.122466 0 0 0 1 
13001298760068;1.1413;1.97906;100;0.843307 -0.514361 0.155776 -1.30221 0.493082 0.8558 0.15645 -0.311656 -0.213785 -0.0551246 0.975324 1.01029 0 0 0 1 
13001298760069;0.277143;1.95699;100;0.945262 -0.297468 -0.134136 -0.415762 0.315523 0.938046 0.143232 -0.0294021 0.0832191 -0.177715 0.980557 -0.714949 0 0 0 1 
13001298760070;1.31041;2.02681;100;0.911321 -0.385723 0.143918 -0.739782 0.396851 0.916064 -0.0577516 -0.215802 -0.109562 0.109744 0.987903 -0.0934445 0 0 0 1 
13001298760071;0.311671;2.03849;100;0.720438 -0.657112 -0.221749 -0.496445 0.682888 0.727926 0.0615543 -1.86705 0.120969 -0.195776 0.973159 -0.971085 0 0 0 1 
13001298760072;0.364438;2.00646;100;0.844589 -0.533808 0.0414594 -0.739078 0.535196 0.843924 -0.0368433 -0.71674 -0.0153213 0.0533063 0.998461 0.377816 0 0 0 1 
13001298760073;1.33186;2.11241;100;0.742663 -0.572459 0.34748 -1.14397 0.649423 0.742284 -0.165119 -0.832901 -0.163405 0.348289 0.923035 1.17187 0 0 0 1 
13001298760074;0.375476;2.05424;100;0.776815 -0.536478 -0.329773 -0.217238 0.451367 0.839509 -0.302479 -0.460896 0.439121 0.0861213 0.894291 -1.20946 0 0 0 1 
13001298760075;0.892832;1.85963;100;0.903177 -0.359388 0.234757 -0.490828 0.390663 0.914807 -0.102517 -0.383377 -0.177914 0.184302 0.966633 1.8043 0 0 0 1 
13001298760076;0.49285;1.92979;100;0.844691 -0.533212 0.0467083 -1.08067 0.535253 0.841649 -0.0716355 -0.974612 -0.00111512 0.0855106 0.996337 0.146616 0 0 0 1 
13001298760077;1.25077;1.96486;100;0.921204 -0.388906 0.0116768 -1.10694 0.388891 0.921277 0.00362564 0.00384042 -0.0121676 0.00120106 0.999925 0.8532 0 0 0 1 
13001298760078;0.873453;2.08696;100;0.928733 -0.323264 -0.181534 -0.581018 0.336549 0.940491 0.0470273 0.321123 0.155529 -0.104771 0.98226 -1.30314 0 0 0 1 
13001298760079;0.135451;2.10057;100;0.908929 -0.416945 -0.00201266 -0.5606 0.415893 0.906959 -0.0667719 -0.264892 0.0296656 0.0598539 0.997766 0.142192 0 0 0 1 
13001298760080;0.477523;2.03351;100;0.640465 -0.706669 0.300705 -0.635424 0.643306 0.707518 0.292534 -2.00345 -0.419479 0.00608717 0.907745 1.5698 0 0 0 1 
13001298760081;0.486196;1.82561;100;0.904424 -0.249785 -0.345866 -0.290497 0.254356 0.96655 -0.0329167 0.0876802 0.342519 -0.0582025 0.937706 -1.30327 0 0 0 1 
13001298760082;0.60999;2.85098;100;0.605051 0.79379 -0.061737 3.25926 -0.79451 0.596928 -0.111494 3.4382 -0.0516504 0.11651 0.991846 0.365465 0 0 0 1 
13001298760083;0.578912;2.05803;100;0.726916 -0.68427 -0.0580275 -0.48968 0.666982 0.683374 0.296876 -2.1351 -0.163489 -0.254507 0.953151 -0.0551267 0 0 0 1 
13001298760084;0.295038;2.03058;100;0.987882 -0.142636 0.0611855 -0.209447 0.145993 0.987788 -0.0544106 0.846777 -0.0526774 0.0626839 0.996642 0.425858 0 0 0 1 
13001298760085;0.331689;1.93459;100;0.93782 -0.341826 -0.0603978 -0.742865 0.347114 0.924642 0.156685 -0.330331 0.00228744 -0.167907 0.9858 -0.360627 0 0 0 1 
13001298760086;0.698459;1.98554;100;0.899218 -0.435268 0.044154 -0.704054 0.436983 0.898479 -0.0422128 -0.746585 -0.0212975 0.0572531 0.998133 0.710972 0 0 0 1 
13001298760087;0.67213;2.01923;100;0.786361 -0.535048 -0.308806 -0.291961 0.505596 0.844635 -0.175968 -0.648533 0.354979 -0.0177567 0.934706 -1.56739 0 0 0 1 
13001298760088;0.268562;2.09563;100;0.804973 -0.526745 -0.273055 -0.343838 0.512169 0.849238 -0.128364 -0.747989 0.299504 -0.0365207 0.953396 -1.02585 0 0 0 1 
13001298760089;1.15866;1.20731;100;0.754247 -0.565467 0.333703 -1.26693 0.615969 0.785374 -0.0613999 -1.9302 -0.227362 0.251861 0.940677 2.07354 0 0 0 1 
13001298760090;0.714198;2.04584;100;0.901179 -0.431791 -0.037859 -0.917815 0.433347 0.899408 0.0572299 -0.564306 0.00933929 -0.0679805 0.997643 0.299776 0 0 0 1 
13001298760091;1.1529;2.0031;100;0.911628 -0.409867 -0.0307077 -0.861566 0.407447 0.911011 -0.0636159 -0.604409 0.0540491 0.0454823 0.997502 -0.724692 0 0 0 1 
13001298760093;1.04775;0.745613;100;0.794208 -0.487862 0.362248 -0.720939 0.538705 0.841109 -0.048305 -2.0256 -0.281124 0.233509 0.930829 0.651569 0 0 0 1 
13001298760094;1.11373;0.771365;100;0.956504 -0.29167 -0.00538691 -0.132975 0.291641 0.956511 -0.00558343 -1.582 0.00678116 0.00376953 0.99997 -1.03664 0 0 0 1 
13001298760095;0.293853;0.658367;100;0.965234 -0.086863 0.246532 0.162953 0.154836 0.949892 -0.271535 -0.815727 -0.210593 0.300267 0.930317 1.58734 0 0 0 1 
13001298760096;0.895384;0.585862;100;0.966201 -0.24582 0.0776369 0.463288 0.254333 0.958137 -0.131485 -1.32364 -0.0420651 0.146787 0.988273 0.424294 0 0 0 1 
13001298760097;0.339617;0.650252;100;0.964938 -0.262166 -0.0127571 -0.0926388 0.251244 0.936619 -0.244173 -0.932117 0.0759626 0.232407 0.969648 0.0150844 0 0 0 1 
13001298760098;0.188558;0.733275;100;0.977402 -0.154346 -0.144442 0.259019 0.147852 0.987494 -0.05473 -0.786376 0.151083 0.0321371 0.987998 -0.514393 0 0 0 1 
13001298760099;0.958706;0.661153;100;0.970597 0.0385428 0.237606 0.391072 0.0394419 0.948291 -0.314941 -0.948899 -0.237459 0.315052 0.918888 0.929974 0 0 0 1 
13001298760100;0.754489;0.77364;100;0.984874 -0.0276879 -0.171044 0.259362 -0.0283374 0.948121 -0.316646 -0.385313 0.170937 0.316703 0.932995 0.879625 0 0 0 1 
13001298760101;0.427244;0.695987;100;0.992781 0.0661009 0.100087 0.834732 -0.0504115 0.987112 -0.151882 -0.0607091 -0.108837 0.14574 0.983318 0.406088 0 0 0 1 
13001298760102;0.55757;0.836091;100;0.99889 -0.0323415 -0.0342324 0.500156 0.0389175 0.976208 0.213316 -0.592985 0.026519 -0.214412 0.976383 -0.355391 0 0 0 1 
13001298760103;0.502682;0.642394;100;0.975137 -0.221598 0.00118879 -0.139191 0.221594 0.975047 -0.0134201 -0.573581 0.00181474 0.0133498 0.999909 0.100393 0 0 0 1 
13001298760104;0.301846;0.606282;100;0.83423 -0.551053 0.0200263 -0.706382 0.546718 0.821843 -0.160228 -2.27137 0.0718359 0.144616 0.986877 0.0883978 0 0 0 1 
13001298760105;0.905526;0.687826;100;0.999235 -0.00402086 -0.038898 0.491782 -0.00327495 0.982601 -0.1857 -0.195357 0.0389679 0.185685 0.981836 -0.376399 0 0 0 1 
13001298760106;0.994487;0.590758;100;0.863347 -0.503543 0.032819 -0.674147 0.475072 0.789161 -0.389271 -2.76201 0.170115 0.351667 0.920539 0.626976 0 0 0 1 
13001298760107;0.0362635;0.384807;100;0.985692 -0.163829 -0.0396318 -0.180864 0.160759 0.984427 -0.0711273 -0.649185 0.0506673 0.0637384 0.99668 -0.0363036 0 0 0 1 
13001298760108;1.01768;0.634421;100;0.91672 -0.380712 -0.121175 -0.267137 0.364143 0.920961 -0.138674 -1.36787 0.164392 0.0829996 0.982897 -1.21336 0 0 0 1 
13001298760109;0.830454;0.75384;100;0.921819 -0.385466 -0.0407996 -0.139027 0.361128 0.892292 -0.270925 -1.2735 0.140838 0.23501 0.961735 -0.416624 0 0 0 1 
13001298760110;0.923517;0.516834;100;0.977065 -0.211753 -0.0224819 -0.596367 0.208587 0.972972 -0.0990813 -0.760188 0.0428551 0.0921194 0.994825 0.662125 0 0 0 1 
13001298760111;0.26829;0.698342;100;0.849921 -0.524312 0.0522644 -0.635374 0.524811 0.833511 -0.172723 -2.23024 0.0469978 0.17423 0.983583 0.32534 0 0 0 1 
13001298760112;0.495558;0.597342;100;0.98181 0.0150172 -0.189269 0.513334 0.021098 0.982064 0.187363 -0.0923733 0.188688 -0.187948 0.963884 -1.22743 0 0 0 1 
13001298760113;0.269314;0.68022;100;0.995463 -0.0691177 0.0653925 0.19788 0.0734518 0.995088 -0.0663735 -0.489226 -0.0604837 0.0708756 0.99565 0.132876 0 0 0 1 
13001298760114;0.734561;0.730943;100;0.824732 -0.562512 0.0582803 -0.982628 0.565164 0.823491 -0.0495173 -2.01714 -0.0201392 0.0737765 0.997071 0.336036 0 0 0 1 
13001298760115;0.321726;0.638286;100;0.964941 -0.262427 0.00458453 -0.264606 0.254896 0.932798 -0.254786 -0.961605 0.0625862 0.247022 0.966987 0.117716 0 0 0 1 
13001298760116;1.15818;0.63672;100;0.999907 0.0106859 -0.00850553 1.23211 -0.0133712 0.892825 -0.450205 -0.0667957 0.00278308 0.450277 0.892885 1.63079 0 0 0 1 
13001298760117;0.977589;0.687728;100;0.928604 -0.356039 -0.104555 -0.406376 0.331719 0.922767 -0.196123 -1.65804 0.166308 0.147437 0.974989 0.597347 0 0 0 1 
13001298760118;0.349631;0.637265;100;0.977244 0.170091 0.126744 0.844633 -0.126792 0.947415 -0.293817 0.196492 -0.170055 0.27106 0.947422 1.01523 0 0 0 1 
13001298760119;0.966956;0.568664;100;0.8411 -0.479968 -0.24936 -0.217371 0.470532 0.876666 -0.100283 -1.67297 0.266738 -0.0329838 0.963204 -1.70226 0 0 0 1 
13001298760120;0.820899;0.719312;100;0.999199 -0.0295341 0.0270112 0.761097 0.0301558 0.999283 -0.0229027 -0.589371 -0.0263154 0.0236989 0.999373 0.644042 0 0 0 1 
13001298760121;0.247186;0.602454;100;0.959088 -0.279679 0.0439357 -0.321377 0.280752 0.959564 -0.0204004 -1.0617 -0.0364535 0.0319008 0.998826 0.276063 0 0 0 1 
13001298760122;0.958553;0.787561;100;0.985645 -0.144388 -0.087493 0.569935 0.122948 0.969038 -0.214126 -1.33448 0.115701 0.200295 0.97288 0.109839 0 0 0 1 
13001298760124;1.10954;0.0962533;100;0.878791 -0.475739 0.0374002 -0.645836 0.468723 0.875225 0.119498 -3.35319 -0.0895833 -0.087483 0.99213 -0.214998 0 0 0 1 
13001298760125;0.573277;0.115339;100;0.934626 0.0267104 -0.354627 0.706698 0.0969647 0.940255 0.326372 -0.7236 0.342158 -0.339422 0.876197 -2.91053 0 0 0 1 
13001298760126;0.254431;0.135355;100;0.950316 0.23776 -0.200923 1.13187 -0.236532 0.971146 0.0304589 1.07158 0.202368 0.0185792 0.979133 -0.727245 0 0 0 1 
13001298760127;0.992788;0.102676;100;0.913485 -0.358155 -0.193054 -0.663081 0.361442 0.932198 -0.0191585 -2.67567 0.186826 -0.0522769 0.981001 -1.11856 0 0 0 1 
13001298760128;0.0799235;0.125165;100;0.998766 0.0455553 -0.0197994 0.149113 -0.047081 0.995267 -0.0850104 0.24875 0.015833 0.0858376 0.996183 0.305471 0 0 0 1 
13001298760129;0.127861;0.113755;100;0.997732 -0.037657 -0.0557911 0.0263945 0.0360029 0.99889 -0.0303612 -0.0122774 0.0568725 0.0282837 0.997981 -0.10641 0 0 0 1 
13001298760130;0.557579;0.120492;100;0.968968 -0.228182 -0.0950452 -0.638904 0.222115 0.972483 -0.070295 -1.24076 0.10847 0.0470026 0.992988 0.144908 0 0 0 1 
13001298760131;0.697726;0.108622;100;0.986061 -0.164626 -0.0241348 0.0462608 0.159278 0.975899 -0.149168 -1.09458 0.0481101 0.143245 0.988517 0.369206 0 0 0 1 
13001298760132;0.915785;0.0890583;100;0.975635 0.0275851 0.217657 0.117428 -0.0232095 0.999474 -0.0226347 0.249993 -0.218167 0.0170315 0.975763 0.303268 0 0 0 1 
13001298760133;0.526097;0.0977648;100;0.985618 0.149589 0.0786099 0.456899 -0.151718 0.988183 0.0218144 0.781752 -0.0744177 -0.0334272 0.996667 0.773077 0 0 0 1 
13001298760134;0.640051;0.132187;100;0.992722 -0.0405988 -0.113378 0.211976 0.0343834 0.997825 -0.0562488 0.082467 0.115415 0.0519411 0.991958 0.237524 0 0 0 1 
13001298760135;0.744448;0.0973032;100;0.890357 0.428537 -0.15369 2.05259 -0.435299 0.90021 -0.0117006 1.91156 0.133339 0.0773189 0.98805 0.210244 0 0 0 1 
13001298760136;0.470128;0.0649637;100;0.992338 0.116469 -0.0412353 0.0914674 -0.116213 0.993187 0.00856313 0.52731 0.0419517 -0.00370543 0.999113 -0.450819 0 0 0 1 
13001298760137;0.306436;0.113678;100;0.96416 0.0601717 0.258407 0.129761 -0.00207757 0.975626 -0.219429 0.0671717 -0.265313 0.211028 0.940785 2.08802 0 0 0 1 
13001298760138;0.926249;0.106713;100;0.99923 -0.00349301 -0.0390764 -0.354453 0.000525235 0.99713 -0.075702 -0.328402 0.0392286 0.0756232 0.996365 -0.540757 0 0 0 1 
13001298760139;0.738974;0.149738;100;0.96685 0.254981 -0.0136569 0.924387 -0.255216 0.963261 -0.0836232 1.34725 -0.00816721 0.0843366 0.996404 1.01826 0 0 0 1 
13001298760140;1.02616;0.0893241;100;0.986368 0.142554 -0.0821999 0.232466 -0.142366 0.98978 0.00816707 0.513997 0.0825241 0.00364676 0.996582 -1.18751 0 0 0 1 
13001298760141;0.897713;0.0845593;100;0.949692 -0.2319 0.210492 -0.828363 0.263077 0.955366 -0.13441 -1.69186 -0.169927 0.183024 0.968311 2.05282 0 0 0 1 
13001298760142;0.158181;0.111004;100;0.998899 0.000806938 0.0469041 -0.00560056 0.00546041 0.991056 -0.133338 0.191322 -0.0465922 0.133448 0.98996 0.727631 0 0 0 1 
13001298760143;0.631582;0.0935279;100;0.920204 0.377919 -0.101988 1.55714 -0.390893 0.873439 -0.290358 1.73889 -0.0206512 0.307055 0.951468 1.51675 0 0 0 1 
13001298760144;0.855274;0.09256;100;0.985804 -0.109087 -0.127633 0.495149 0.113587 0.993119 0.0285095 -0.484656 0.123645 -0.0426022 0.991412 -0.299199 0 0 0 1 
13001298760145;0.0426315;0.0949747;100;0.999241 -0.032798 -0.0210248 -0.094956 0.0317112 0.998241 -0.0500943 -0.0624176 0.0226308 0.0493896 0.998523 0.143194 0 0 0 1 
13001298760146;0.950154;0.110134;100;0.994181 0.0170432 -0.106369 0.13581 -0.0199062 0.999466 -0.0259122 0.0235892 0.105871 0.0278788 0.993989 0.543453 0 0 0 1 
13001298760147;0.397392;0.134709;100;0.938865 0.108728 -0.326668 0.847909 -0.204044 0.939957 -0.273582 1.0756 0.277307 0.323511 0.904677 -0.153445 0 0 0 1 
13001298760148;0.554781;0.0915559;100;0.996323 -0.0777252 0.0360451 -0.250715 0.0829306 0.980548 -0.177899 -0.469761 -0.0215167 0.180234 0.983388 0.230923 0 0 0 1 
13001298760149;0.73823;0.0997411;100;0.998795 -0.0417333 -0.0258251 -0.0642429 0.0409071 0.998659 -0.0317336 0.221793 0.0271148 0.0306389 0.999163 0.632724 0 0 0 1 
13001298760150;0.886242;0.111118;100;0.969674 -0.244108 0.011974 -0.278187 0.244398 0.968229 -0.0529274 -1.54419 0.00132639 0.0542487 0.998527 -0.375312 0 0 0 1 
13001298760151;1.10427;0.116706;100;0.927268 0.326819 0.182656 2.15814 -0.354938 0.922597 0.151108 1.83593 -0.119133 -0.204949 0.971495 0.0372013 0 0 0 1 
13001298760152;0.722566;0.0942162;100;0.955148 0.218947 0.199386 0.293536 -0.147939 0.936067 -0.319206 0.504518 -0.256528 0.275392 0.926473 2.38532 0 0 0 1 
13001298760153;0.343462;0.104484;100;0.942225 0.308543 -0.130434 1.35032 -0.32902 0.925547 -0.187374 1.49375 0.0629094 0.219464 0.97359 0.421775 0 0 0 1 
13001298760155;0.0682714;1.15108;100;0.916523 -0.39226 0.0782164 -0.810756 0.399602 0.906497 -0.136314 -2.26177 -0.0174325 0.15619 0.987573 0.115281 0 0 0 1 
13001298760156;0.228778;2.02201;100;0.990161 -0.130391 0.0507861 -2.25713 0.137386 0.974784 -0.175845 -0.865137 -0.0265768 0.181092 0.983107 0.157991 0 0 0 1 
13001298760157;0.606065;1.92527;100;0.999496 0.0086736 -0.0305455 -2.55542 -0.0114367 0.995741 -0.0914801 -1.1071 0.029622 0.0917834 0.995338 0.143152 0 0 0 1 
13001298760158;0.344682;0.53894;100;0.937075 0.0609683 -0.343764 0.0131336 -0.071752 0.997247 -0.0187238 0.364574 0.341676 0.0422113 0.93887 -1.35597 0 0 0 1 
13001298760159;0.780294;2.55324;100;0.97681 -0.212036 -0.0297262 -1.74646 0.212009 0.977259 -0.00410555 -2.09079 0.0299207 -0.00229186 0.99955 -0.558547 0 0 0 1 
13001298760160;0.374691;2.42465;100;0.977085 -0.0887675 -0.193457 -2.228 0.145205 0.942536 0.300901 -2.25282 0.15563 -0.322096 0.933827 -0.333197 0 0 0 1 
13001298760161;0.829311;2.26608;100;0.879136 -0.145792 0.453724 -2.77356 0.12361 0.989232 0.0783561 -2.08563 -0.460262 -0.0128008 0.887691 2.23965 0 0 0 1 
13001298760162;0.477774;2.58517;100;0.999283 -0.0354233 -0.0134011 -2.78654 0.0285689 0.937314 -0.347314 -1.60641 0.024864 0.346681 0.937653 0.392565 0 0 0 1 
13001298760163;0.737936;2.07598;100;0.94751 -0.254504 0.193526 -1.68202 0.280222 0.952485 -0.11937 -2.16884 -0.15395 0.167334 0.973806 0.882445 0 0 0 1 
13001298760164;0.306679;2.10426;100;0.966427 -0.256858 -0.00661433 -2.06315 0.240286 0.912594 -0.330808 -1.96362 0.0910069 0.318113 0.943675 -0.225504 0 0 0 1 
13001298760165;0.655134;0.620346;100;0.978158 -0.205929 -0.0282869 -1.09086 0.207375 0.976101 0.0649848 -1.01281 0.0142287 -0.0694314 0.997485 -0.480149 0 0 0 1 
13001298760166;0.142166;2.4036;100;0.961509 -0.274682 0.00701221 -2.28214 0.27477 0.961272 -0.0213886 -2.61204 -0.000865561 0.0224921 0.999747 -0.114807 0 0 0 1 
13001298760167;0.73402;2.08539;100;0.961517 0.262155 0.0822158 -1.63105 -0.266112 0.963053 0.0413849 -0.369018 -0.0683289 -0.0616709 0.995755 0.813479 0 0 0 1 
13001298760168;0.457979;1.2747;100;0.996943 0.0585023 -0.0517939 -0.788019 -0.0623669 0.995121 -0.0764444 -0.733635 0.047069 0.0794409 0.995728 -0.280795 0 0 0 1 
13001298760169;0.0971797;1.99636;100;0.996045 -0.0418461 0.0783771 -2.26484 0.0336524 0.994102 0.103091 -0.952562 -0.0822289 -0.100046 0.991579 0.234721 0 0 0 1 
13001298760170;0.865636;2.38053;100;0.971023 0.15132 -0.184976 -2.50331 -0.162029 0.985799 -0.0441253 -0.278652 0.175672 0.072818 0.981752 -0.189477 0 0 0 1 
13001298760171;0.53187;2.21244;100;0.891081 -0.42412 -0.161543 -1.72867 0.453795 0.83783 0.303499 -3.59327 0.00662529 -0.343749 0.939038 0.324525 0 0 0 1 
13001298760172;0.399772;1.77826;100;0.960932 -0.058309 0.270573 -1.63272 0.0248586 0.991789 0.125448 -1.11067 -0.275666 -0.113821 0.954491 1.29162 0 0 0 1 
13001298760173;0.409814;2.39638;100;0.930967 0.361809 0.0489297 -1.97846 -0.365096 0.923356 0.118825 -0.190542 -0.00218768 -0.128486 0.991709 -0.000895956 0 0 0 1 
13001298760174;0.230776;2.31259;100;0.993246 -0.0758838 -0.0877691 -2.24018 0.0761721 0.997095 -6.4344e-05 -1.88539 0.087519 -0.00662165 0.996141 -0.162939 0 0 0 1 
13001298760175;0.184973;2.39888;100;0.976565 -0.178554 -0.120162 -2.27713 0.171454 0.982903 -0.0671231 -2.26693 0.130092 0.0449479 0.990483 -0.684934 0 0 0 1 
13001298760176;0.684651;2.04476;100;0.997139 0.0728645 -0.0200939 -2.24942 -0.0596743 0.92208 0.38237 -1.45971 0.0463894 -0.380077 0.923791 -0.66001 0 0 0 1 
13001298760177;0.712892;1.1402;100;0.954691 -0.201148 -0.219326 -0.344312 0.134793 0.949328 -0.283913 -1.23216 0.265321 0.241486 0.933429 -1.41684 0 0 0 1 
13001298760178;0.372998;2.43115;100;0.963741 0.264974 -0.0314912 -2.11705 -0.26336 0.963524 0.0475631 -0.566998 0.0429455 -0.037545 0.998372 -0.303864 0 0 0 1 
13001298760179;0.364497;2.00488;100;0.991018 -0.0226134 0.131806 -2.28002 -0.0302279 0.922214 0.385497 -0.923792 -0.13027 -0.386019 0.913246 0.579821 0 0 0 1 
13001298760180;0.444705;2.29015;100;0.962809 -0.0991667 -0.251326 -2.04235 0.206461 0.870058 0.447631 -2.33677 0.174278 -0.482872 0.858173 -0.983365 0 0 0 1 
13001298760181;0.327893;0.725956;100;0.971145 0.0481681 0.233574 -0.961308 -0.0240807 0.994191 -0.104902 -0.0783936 -0.23727 0.0962509 0.966664 0.861834 0 0 0 1 
13001298760182;0.549357;1.01411;100;0.970976 0.238767 -0.0139861 -0.948953 -0.237135 0.968667 0.0738327 0.173395 0.0311766 -0.0683733 0.997173 0.308656 0 0 0 1 
13001298760183;0.363905;2.02243;100;0.945993 -0.0962189 -0.30958 -1.94 0.17297 0.957463 0.230966 -1.47441 0.274188 -0.27204 0.922396 -0.813304 0 0 0 1 
13001298760184;0.185151;2.06106;100;0.996731 0.0800478 -0.0109027 -2.24349 -0.0802239 0.996635 -0.0168048 -0.573168 0.00952081 0.0176245 0.999799 0.0126962 0 0 0 1 
13001298760186;0.752269;1.3959;100;0.962861 -0.262834 0.0617823 -0.530883 0.264578 0.964117 -0.0218313 -1.47 -0.0538274 0.0373667 0.997851 0.661896 0 0 0 1 
13001298760187;1.11885;1.3422;100;0.783376 -0.612662 0.104725 -0.355244 0.61842 0.785173 -0.0325624 -3.34036 -0.0622775 0.0902726 0.993968 0.597104 0 0 0 1 
13001298760188;1.47853;1.30938;100;0.962348 -0.269823 0.0328861 -0.581577 0.259433 0.875646 -0.407356 -1.19265 0.0811173 0.400551 0.912677 -0.0326155 0 0 0 1 
13001298760189;0.694353;1.31927;100;0.996263 -0.00642789 0.0861325 0.169158 0.0124259 0.99752 -0.0692824 -1.11663 -0.0854736 0.0700938 0.993872 0.0772664 0 0 0 1 
13001298760190;1.04867;1.34803;100;0.876725 -0.448205 -0.174545 -0.424129 0.448681 0.892841 -0.0389943 -2.88737 0.173318 -0.0441277 0.983877 -0.749683 0 0 0 1 
13001298760191;0.608395;1.32331;100;0.994516 -0.0980143 0.0364899 -0.217384 0.0993126 0.994418 -0.0356482 -1.09225 -0.0327922 0.0390766 0.998698 -0.182542 0 0 0 1 
13001298760192;0.728377;1.31307;100;0.937756 -0.326647 0.11796 -0.574511 0.329553 0.944121 -0.00547804 -1.53493 -0.109579 0.0440111 0.993003 0.811725 0 0 0 1 
13001298760193;0.223967;1.35446;100;0.944045 -0.329609 0.0117415 -0.615862 0.329068 0.9437 0.0338271 -1.76235 -0.0222301 -0.0280705 0.999359 -0.0432372 0 0 0 1 
13001298760194;0.894476;1.25205;100;0.978642 -0.143753 0.14695 -0.530609 0.127669 0.985288 0.113611 -1.45993 -0.16112 -0.0924239 0.982598 -0.353619 0 0 0 1 
13001298760195;0.58478;1.29714;100;0.985974 0.153541 0.0654181 0.275116 -0.15214 0.988019 -0.0259129 -0.432349 -0.068613 0.0155967 0.997521 0.44495 0 0 0 1 
13001298760196;0.904607;1.32974;100;0.950872 -0.299911 0.0767814 -0.950943 0.303791 0.951681 -0.0448906 -1.41065 -0.0596082 0.0660107 0.996037 -0.0570563 0 0 0 1 
13001298760197;0.286883;1.39486;100;0.899991 -0.425943 0.0926726 -0.875337 0.429978 0.902402 -0.0281021 -2.37921 -0.071658 0.0651389 0.9953 0.308996 0 0 0 1 
13001298760198;1.24998;1.21093;100;0.977085 0.205453 0.0556224 0.369376 -0.204496 0.97861 -0.0224562 0.242336 -0.0590463 0.0105671 0.998199 -0.2987 0 0 0 1 
13001298760199;1.55468;1.36159;100;0.904987 -0.235428 -0.354362 0.33702 0.220392 0.971887 -0.0828457 -1.28052 0.363904 -0.00312414 0.931431 -1.78225 0 0 0 1 
13001298760200;0.663257;1.33747;100;0.955164 -0.287876 0.0692108 -0.662189 0.289958 0.956787 -0.02199 -2.09837 -0.0598895 0.0410723 0.99736 0.119716 0 0 0 1 
13001298760201;0.427557;1.35585;100;0.999238 -0.0303187 0.0245692 -0.1427 0.023109 0.967057 0.253507 -1.18616 -0.0314458 -0.252746 0.967022 -0.760101 0 0 0 1 
13001298760202;1.14516;1.36819;100;0.949159 -0.293856 -0.112897 -0.381157 0.314023 0.908974 0.274146 -2.30576 0.0220612 -0.295661 0.955038 -1.47787 0 0 0 1 
13001298760203;0.345194;1.27148;100;0.999262 -0.0165582 -0.0346621 0.055119 0.0191067 0.997035 0.0745343 -0.81193 0.0333252 -0.0751416 0.996616 -0.159466 0 0 0 1 
13001298760204;0.987501;1.36074;100;0.910531 -0.410611 0.0482785 -1.00324 0.410433 0.911783 0.014014 -1.879 -0.0497738 0.00705488 0.998736 -0.392655 0 0 0 1 
13001298760205;1.27725;1.38062;100;0.912149 -0.393675 0.114032 -0.12576 0.398157 0.917127 -0.0186672 -2.09328 -0.0972327 0.0624299 0.993302 0.870361 0 0 0 1 
13001298760206;0.732057;1.38143;100;0.993859 0.0150096 0.10963 -0.111281 0.0168997 0.958545 -0.284441 -0.837123 -0.109355 0.284547 0.952405 1.38813 0 0 0 1 
13001298760207;0.280311;1.38653;100;0.89064 -0.423895 -0.164542 -0.505435 0.427313 0.903965 -0.0158295 -2.16475 0.155451 -0.0562127 0.986243 -0.450819 0 0 0 1 
13001298760208;0.976835;1.47631;100;0.973407 -0.224347 0.046344 -0.260359 0.224936 0.974342 -0.00784659 -2.01519 -0.0433945 0.0180623 0.998895 0.568868 0 0 0 1 
13001298760209;0.510095;1.34779;100;0.954052 -0.291023 -0.0713443 -0.0770551 0.289618 0.956687 -0.0295315 -1.73131 0.0768485 0.00751203 0.997014 -0.305176 0 0 0 1 
13001298760210;0.786915;1.39718;100;0.90474 -0.355345 0.234894 -0.875105 0.366262 0.930507 -0.00307013 -1.57151 -0.21748 0.0888105 0.972016 0.585058 0 0 0 1 
13001298760211;0.331308;1.33379;100;0.959773 -0.24506 0.137048 -0.591524 0.221988 0.961151 0.164041 -1.59185 -0.171924 -0.127019 0.976887 0.278212 0 0 0 1 
13001298760212;0.525518;1.33344;100;0.982104 -0.15195 0.111282 -0.528456 0.149582 0.988313 0.029379 -1.32804 -0.114446 -0.0122075 0.993354 0.146849 0 0 0 1 
13001298760213;1.26584;1.41026;100;0.959354 -0.274217 0.0666756 -0.127475 0.281098 0.949453 -0.139728 -1.54548 -0.0249895 0.152791 0.987942 1.16314 0 0 0 1 
13001298760214;1.19532;1.39993;100;0.944941 -0.161866 0.284403 0.164163 0.124791 0.981665 0.144084 -0.761074 -0.302511 -0.10066 0.947816 0.831274 0 0 0 1 
13001298760215;0.473246;1.28348;100;0.998004 0.0609318 0.0165911 0.155932 -0.0615813 0.99722 0.0419491 -0.907105 -0.0139889 -0.0428871 0.998982 -0.113619 0 0 0 1 
13001298760217;0.222897;0.187159;100;0.995768 -0.0772664 -0.0497679 -0.0990426 0.0793857 0.995954 0.0421149 -0.335406 0.0463125 -0.0458875 0.997872 -0.148876 0 0 0 1 
13001298760218;0.56062;0.173559;100;0.975973 0.126412 0.177474 0.679894 -0.164785 0.961113 0.221603 0.274149 -0.14256 -0.245524 0.958851 -0.0851849 0 0 0 1 
13001298760219;1.35156;0.148585;100;0.995368 -0.0961334 -0.00119312 -0.301924 0.0960772 0.995084 -0.0240274 -0.0685996 0.0034971 0.0238015 0.999711 1.03746 0 0 0 1 
13001298760220;0.477483;0.195971;100;0.9143 -0.213249 0.344356 -0.156384 0.172403 0.974213 0.145553 -0.614294 -0.366515 -0.0737114 0.927488 1.45777 0 0 0 1 
13001298760221;0.489369;0.159383;100;0.952883 -0.120233 0.278491 -0.175554 0.0815391 0.985827 0.146617 -0.523638 -0.292173 -0.117001 0.949182 1.04004 0 0 0 1 
13001298760222;1.04527;0.175092;100;0.996831 0.0661107 0.0442435 -0.165205 -0.074553 0.970402 0.229699 -0.31196 -0.0277484 -0.23227 0.972256 -0.822115 0 0 0 1 
13001298760223;0.25956;0.189163;100;0.972303 0.0965214 0.212863 0.266607 -0.109591 0.992695 0.0504539 0.421329 -0.206438 -0.0723844 0.975779 0.565761 0 0 0 1 
13001298760224;0.137794;0.164794;100;0.999043 0.0112839 -0.0422594 0.0916755 -0.0123431 0.999614 -0.0248865 0.115517 0.0419622 0.0253843 0.998797 0.0674142 0 0 0 1 
13001298760225;1.05742;0.167918;100;0.903426 -0.0120753 0.428574 -0.431019 0.0287462 0.99906 -0.0324475 -0.256191 -0.427779 0.0416338 0.902924 1.93757 0 0 0 1 
13001298760226;1.15936;0.149814;100;0.983966 0.177282 -0.0195397 -0.00867304 -0.178166 0.982049 -0.0619417 0.586875 0.00820784 0.0644298 0.997888 0.771895 0 0 0 1 
13001298760227;0.324156;0.124639;100;0.93646 0.334772 -0.104741 1.3366 -0.346892 0.92815 -0.134918 1.21369 0.0520489 0.162679 0.985305 0.371587 0 0 0 1 
13001298760228;1.39459;0.194712;100;0.938831 -0.116312 0.324141 -0.587541 0.226271 0.917893 -0.325996 0.00184395 -0.259609 0.379399 0.888065 1.88885 0 0 0 1 
13001298760229;0.664996;0.172031;100;0.964483 -0.0248738 0.262972 -0.138535 -0.0430956 0.967399 0.249562 0.13192 -0.260606 -0.252032 0.931968 0.744799 0 0 0 1 
13001298760230;0.977712;0.170098;100;0.954732 -0.297056 0.0156415 -0.439054 0.293881 0.950057 0.105001 -1.56266 -0.0460516 -0.0956514 0.994349 -0.602346 0 0 0 1 
13001298760231;0.367575;0.14594;100;0.894053 0.370778 0.251381 1.32555 -0.374178 0.926658 -0.0359968 1.24183 -0.246291 -0.0618783 0.967219 0.679899 0 0 0 1 
13001298760232;0.090517;0.147039;100;0.996819 0.0400795 -0.0688825 0.266922 -0.0422998 0.998621 -0.0310823 0.206592 0.0675418 0.0338972 0.99714 -0.110584 0 0 0 1 
13001298760233;0.668099;0.157358;100;0.970868 -0.239503 -0.00731243 -0.143226 0.239613 0.970537 0.0253792 -0.602983 0.00101858 -0.026392 0.999651 0.0493932 0 0 0 1 
13001298760234;0.755306;0.164975;100;0.992063 0.114534 -0.0518994 0.300138 -0.107008 0.985735 0.129905 0.0775342 0.0660375 -0.12332 0.990167 -0.0712697 0 0 0 1 
13001298760235;0.973297;0.209843;100;0.998116 0.0475184 -0.0388181 0.279241 -0.0473158 0.998861 0.00612288 -0.418293 0.0390648 -0.00427464 0.999228 -0.333955 0 0 0 1 
13001298760236;0.97211;0.170746;100;0.958436 -0.135478 -0.251088 0.223869 0.181193 0.968837 0.168889 -0.924788 0.220383 -0.207365 0.953116 -1.87492 0 0 0 1 
13001298760237;0.48343;0.23627;100;0.99728 0.0668969 0.0309456 0.260631 -0.065919 0.997324 -0.031611 0.0627646 -0.0329774 0.0294851 0.999021 0.0830772 0 0 0 1 
13001298760238;0.245894;0.170476;100;0.997243 0.0739651 -0.00593835 0.338573 -0.0741879 0.992223 -0.0999488 0.198669 -0.00150056 0.100114 0.994975 0.458248 0 0 0 1 
13001298760239;0.597612;0.162062;100;0.935573 0.349898 -0.0476868 1.39987 -0.348118 0.936517 0.0418453 1.07044 0.059301 -0.0225487 0.997985 -0.556905 0 0 0 1 
13001298760240;0.379328;0.172993;100;0.998497 -0.0537156 0.0108983 -0.0542285 0.0533853 0.998164 0.0286155 -0.0620048 -0.0124154 -0.0279907 0.999531 0.298031 0 0 0 1 
13001298760241;0.905295;0.174788;100;0.998592 -0.0465529 -0.0254242 0.524295 0.0504955 0.981074 0.186933 0.0373717 0.0162407 -0.187954 0.982044 -0.662653 0 0 0 1 
13001298760242;0.886526;0.151104;100;0.912017 -0.352785 0.209208 -1.00377 0.325938 0.933018 0.152452 -1.42628 -0.248978 -0.0708495 0.965914 0.363339 0 0 0 1 
13001298760243;0.836676;0.114081;100;0.951538 0.242753 0.188802 1.0129 -0.224977 0.968043 -0.110809 0.468423 -0.209667 0.0629633 0.975743 0.543546 0 0 0 1 
13001298760244;1.22657;0.147822;100;0.993613 0.112817 0.00244793 1.01055 -0.11278 0.993548 -0.0119375 0.580808 -0.00377888 0.0115851 0.999926 0.730685 0 0 0 1 
13001298760245;1.14759;0.158555;100;0.998559 -0.0499255 -0.0197029 -0.814075 0.0474099 0.992547 -0.112263 0.151493 0.0251608 0.111167 0.993483 0.0172859 0 0 0 1 
13001298760246;0.304771;0.137395;100;0.943359 0.265638 -0.198773 1.13678 -0.276654 0.960521 -0.029347 0.92645 0.18313 0.0826763 0.979606 -0.475543 0 0 0 1 
13001298760248;0.0489943;1.30867;100;0.890579 -0.439915 0.115518 -1.7558 0.446419 0.894064 -0.0368792 -2.40511 -0.0870568 0.0844134 0.992621 0.526883 0 0 0 1 
13001298760249;0.420407;0.909788;100;0.932292 -0.353265 0.0776827 -1.4527 0.354047 0.935219 0.00393607 -2.01052 -0.0740409 0.0238337 0.99697 -0.0641493 0 0 0 1 
13001298760250;0.517589;0.934195;100;0.929786 -0.344227 0.130406 -1.28555 0.345495 0.938324 0.0135008 -1.82048 -0.12701 0.0325016 0.991369 0.924661 0 0 0 1 
13001298760251;0.918817;1.16096;100;0.874796 -0.447059 0.186733 -1.08382 0.453563 0.891181 0.00875669 -1.95405 -0.170327 0.0770347 0.982372 0.452992 0 0 0 1 
13001298760252;0.624083;1.294;100;0.919414 -0.38749 0.067293 -1.92935 0.392728 0.913708 -0.104415 -1.75385 -0.0210262 0.122429 0.992255 0.5618 0 0 0 1 
13001298760253;0.848575;1.48017;100;0.946543 -0.318434 0.0515353 -1.12284 0.307155 0.938521 0.15759 -2.02357 -0.0985489 -0.133336 0.986159 0.463572 0 0 0 1 
13001298760254;0.316984;1.01662;100;0.882862 -0.454156 0.11957 -1.61852 0.469541 0.858634 -0.205619 -2.27689 -0.00928354 0.237676 0.9713 0.945009 0 0 0 1 
13001298760255;0.292142;0.943788;100;0.989187 -0.0713986 -0.128104 -0.529356 0.0713495 0.997439 -0.00497797 -0.880564 0.128132 -0.00421604 0.991748 -0.50198 0 0 0 1 
