#;prob_registration_l1 -r /home/probabilistic_point_clouds_registration/build/tester /home/point_clouds_registration_benchmark//devel/registration_pairs/box_met_local.txt /home/point_clouds_registration_benchmark//planetary/box_met -s 0.2 -t 0.2 -p 0.3 -r 1000 -m 10 -i 100 -n 100 
id;initial_error;final_error;transformation
7680147070000;1.79635;5.45847;100;0.864349 0.268824 0.42501 -12.3467 -0.202649 0.959666 -0.19487 -5.27719 -0.460254 0.0823077 0.883964 -32.8052 0 0 0 1 
7680147070001;0.811107;5.37317;100;0.961645 0.267255 0.0617495 -9.89952 -0.246501 0.940761 -0.232821 -6.9242 -0.120314 0.20867 0.970557 -12.8625 0 0 0 1 
7680147070002;1.49386;5.35409;100;0.951689 0.0797508 -0.296525 -7.96297 -0.152858 0.960571 -0.232247 -2.23457 0.266312 0.266353 0.926355 7.82506 0 0 0 1 
7680147070003;0.946768;5.44045;100;0.971479 0.23538 -0.028707 -9.55828 -0.236525 0.953297 -0.187832 -7.38392 -0.0168455 0.189265 0.981782 -4.71632 0 0 0 1 
7680147070004;1.43077;5.77511;100;0.999426 -0.0245284 -0.0233741 -2.97012 0.0211736 0.990714 -0.1343 6.04316 0.0264512 0.133728 0.990665 -2.24356 0 0 0 1 
7680147070005;0.312811;5.59672;100;0.963975 0.261229 0.05012 -9.96099 -0.262054 0.964996 0.0105363 -7.3156 -0.0456132 -0.0232909 0.998688 -4.03811 0 0 0 1 
7680147070006;1.56238;5.52307;100;0.994019 0.10776 -0.0177309 -4.88198 -0.107403 0.994015 0.0199937 0.32228 0.0197793 -0.0179698 0.999643 -1.9741 0 0 0 1 
7680147070007;1.77223;5.86999;100;0.931364 0.276619 0.236735 -10.8128 -0.324113 0.926128 0.19297 -9.03231 -0.165867 -0.256454 0.952218 -9.44118 0 0 0 1 
7680147070008;0.368314;5.69853;100;0.949602 0.303754 0.0773954 -11.4058 -0.304312 0.95256 -0.00477137 -9.50832 -0.0751731 -0.0190215 0.996989 -5.68541 0 0 0 1 
7680147070009;2.02654;5.49252;100;0.996739 0.0793057 0.0149004 -5.41557 -0.0778791 0.993775 -0.0796606 1.97947 -0.0211252 0.0782404 0.996711 -7.10236 0 0 0 1 
7680147070010;1.67484;5.60514;100;0.987115 0.0899634 -0.132328 -5.84441 -0.0908656 0.995863 -0.000783431 1.8333 0.13171 0.0127974 0.991206 8.08481 0 0 0 1 
7680147070011;1.58383;5.54502;100;0.970029 0.0642356 0.234345 -5.28193 0.0219755 0.937282 -0.347878 6.22315 -0.241994 0.342602 0.907779 -20.368 0 0 0 1 
7680147070012;1.55669;5.25688;100;0.993309 0.0915053 0.0704581 -5.83689 -0.0750157 0.975079 -0.208793 2.17935 -0.0878078 0.20211 0.975418 -8.52012 0 0 0 1 
7680147070013;1.90796;6.05774;100;0.988263 0.150647 0.0253205 -6.53706 -0.152702 0.969633 0.191034 0.0728054 0.00422711 -0.192658 0.981257 -0.80019 0 0 0 1 
7680147070014;1.7784;5.43503;100;0.967888 0.247289 -0.0451872 -9.44803 -0.250283 0.964754 -0.0812881 -6.60288 0.0234929 0.0899874 0.995666 -4.12999 0 0 0 1 
7680147070015;0.363704;5.52006;100;0.998742 0.0121562 -0.0486432 -4.2632 0.00671674 0.928981 0.370066 11.1384 0.0496872 -0.369927 0.927731 7.54097 0 0 0 1 
7680147070016;0.265959;5.30247;100;0.979115 0.202439 0.0187796 -8.26036 -0.203095 0.978139 0.0446938 -4.20755 -0.0093213 -0.0475744 0.998824 -1.54911 0 0 0 1 
7680147070017;0.994504;5.6226;100;0.998232 -0.0591486 0.00588964 -2.85787 0.0590756 0.998183 0.0118871 10.7013 -0.00658204 -0.0115181 0.999912 -2.98183 0 0 0 1 
7680147070018;1.14391;5.65913;100;0.892302 0.25134 -0.375001 -17.9555 -0.240352 0.967655 0.0766478 -5.1101 0.382136 0.0217394 0.92385 20.2964 0 0 0 1 
7680147070019;1.59901;5.1307;100;0.987397 0.158163 0.00563217 -5.25617 -0.158166 0.987412 0.000171075 -0.731444 -0.00553422 -0.00105974 0.999984 -1.48614 0 0 0 1 
7680147070020;1.99055;5.56221;100;0.960452 0.156129 0.230553 -9.33393 -0.177928 0.981037 0.0768681 -1.73497 -0.21418 -0.11485 0.970019 -10.9344 0 0 0 1 
7680147070021;1.30849;5.62422;100;0.970559 -0.0178739 -0.240198 -6.16033 0.0664167 0.97844 0.195559 13.6982 0.231524 -0.205755 0.950822 14.0674 0 0 0 1 
7680147070022;0.490232;5.59225;100;0.998112 0.0131389 0.0599905 -3.36902 -0.0157797 0.998917 0.0437614 6.59254 -0.0593505 -0.0446255 0.997239 -3.79193 0 0 0 1 
7680147070023;1.93092;5.07009;100;0.971239 0.236012 0.0315066 -8.54215 -0.228893 0.961902 -0.149505 -4.52175 -0.0655913 0.137993 0.988259 -7.01929 0 0 0 1 
7680147070024;2.01577;5.99933;100;0.951926 0.277987 -0.128684 -10.8111 -0.24635 0.944398 0.217772 -6.01524 0.182067 -0.175601 0.967479 10.7515 0 0 0 1 
7680147070025;1.53658;5.62736;100;0.957255 0.00729371 -0.289152 -6.99933 -0.0430331 0.992147 -0.117437 3.10492 0.286025 0.124861 0.950052 10.7708 0 0 0 1 
7680147070026;1.23157;5.58401;100;0.94953 0.310541 0.0442309 -11.1624 -0.312989 0.947308 0.0681565 -8.94236 -0.0207349 -0.0785604 0.996694 0.0378532 0 0 0 1 
7680147070027;1.05263;5.69526;100;0.925194 0.140777 0.352418 -9.27608 -0.191169 0.975105 0.112357 -2.54638 -0.327828 -0.171323 0.929073 -18.2767 0 0 0 1 
7680147070028;0.137424;5.56957;100;0.99121 0.131531 0.0141926 -5.97033 -0.131684 0.991237 0.0104559 -0.251015 -0.012693 -0.012233 0.999845 -2.0069 0 0 0 1 
7680147070029;1.81513;4.96619;100;0.992233 0.103256 -0.0693671 -6.44133 -0.104791 0.994315 -0.0188714 2.86779 0.0670242 0.0259939 0.997413 2.52049 0 0 0 1 
7680147070031;0.429088;2.65596;100;0.973804 -0.0790059 -0.213223 -4.8117 0.0780437 0.996866 -0.0129396 3.13182 0.213577 -0.00404006 0.976918 0.824568 0 0 0 1 
7680147070032;0.91489;2.6283;100;0.99343 -0.0481552 0.103813 -2.7741 0.0386714 0.995053 0.091507 4.37228 -0.107706 -0.0868913 0.990378 -0.363625 0 0 0 1 
7680147070033;0.415478;2.3716;100;0.969681 -0.0457101 0.240061 -2.8474 0.115625 0.951252 -0.28592 2.76321 -0.215289 0.305008 0.927697 -10.2455 0 0 0 1 
7680147070034;0.600344;2.80025;100;0.985015 -0.0859705 -0.149511 -4.44691 0.0578011 0.981325 -0.183465 2.49551 0.162492 0.172074 0.97159 -2.4691 0 0 0 1 
7680147070035;0.44843;2.48798;100;0.996247 -0.0457871 0.0734576 -3.62197 0.0300749 0.97887 0.202261 3.46553 -0.0811664 -0.199292 0.976573 2.13281 0 0 0 1 
7680147070036;0.879785;2.43258;100;0.999295 -0.0375352 -8.76168e-05 -5.68046 0.0374997 0.998447 -0.0412053 3.0053 0.00163413 0.041173 0.999151 -1.97817 0 0 0 1 
7680147070037;0.82527;2.5423;100;0.999479 -0.0110943 0.0302939 -4.47298 0.0105409 0.999776 0.0183658 2.70718 -0.0304909 -0.0180369 0.999372 1.05875 0 0 0 1 
7680147070038;0.802274;2.35351;100;0.976351 -0.0779285 0.201657 -2.75778 0.0159575 0.956207 0.292257 5.63655 -0.215601 -0.282128 0.934837 3.57787 0 0 0 1 
7680147070039;1.33952;2.55707;100;0.99943 0.029026 0.0172461 -7.72067 -0.02929 0.999455 0.0152576 2.27466 -0.0167938 -0.0157541 0.999735 0.39494 0 0 0 1 
7680147070040;0.158831;2.58323;100;0.998847 -0.0477281 -0.0051238 -3.97102 0.0466688 0.990536 -0.129078 2.25879 0.0112359 0.12869 0.991621 -3.44974 0 0 0 1 
7680147070041;1.36617;2.43746;100;0.997204 -0.0548863 0.0507134 -3.56917 0.0534189 0.998126 0.0298522 3.11344 -0.0522569 -0.0270597 0.998267 -3.58312 0 0 0 1 
7680147070042;0.46675;2.61011;100;0.995913 0.0104539 0.0897067 -4.74384 0.00900486 0.976835 -0.213805 1.79135 -0.0898637 0.213739 0.972749 -7.04261 0 0 0 1 
7680147070043;1.14629;2.52212;100;0.961692 0.0190452 0.273469 -2.30941 0.043665 0.974205 -0.221401 1.22227 -0.270631 0.22486 0.936054 -8.05686 0 0 0 1 
7680147070044;0.702038;2.536;100;0.998289 -0.0525564 -0.025634 -3.96234 0.0540897 0.996526 0.0633286 3.51073 0.0222166 -0.0646068 0.997663 2.27284 0 0 0 1 
7680147070045;0.887978;2.51819;100;0.998696 -0.0259894 0.0439451 -4.185 0.0266067 0.999555 -0.0135203 3.44498 -0.0435741 0.0146719 0.998942 -2.81996 0 0 0 1 
7680147070046;0.520495;2.45743;100;0.990244 -0.0646837 0.123423 -2.96899 0.0856332 0.981226 -0.172808 2.39667 -0.109928 0.181691 0.977192 -6.78466 0 0 0 1 
7680147070047;1.3778;2.62792;100;0.997175 0.0288124 -0.0693733 -8.1032 -0.00860633 0.961255 0.275525 4.9635 0.074624 -0.274149 0.958787 7.16735 0 0 0 1 
7680147070048;1.12108;2.83542;100;0.999367 -0.0342766 0.0095429 -2.75666 0.0347418 0.997946 -0.0538206 1.58215 -0.00767851 0.054118 0.998505 -1.46619 0 0 0 1 
7680147070049;0.932757;2.4917;100;0.996371 -0.0726059 -0.0444251 -4.05846 0.0648649 0.985618 -0.156043 3.40619 0.0551158 0.152595 0.986751 -2.15214 0 0 0 1 
7680147070050;1.2993;2.419;100;0.958464 -0.0910216 -0.270299 -6.82264 0.0530411 0.988061 -0.144643 2.27234 0.280237 0.124298 0.951849 -0.992858 0 0 0 1 
7680147070051;0.92457;2.5851;100;0.995695 -0.0721731 0.0581639 -2.70978 0.0548289 0.964525 0.258235 4.59623 -0.0747382 -0.253934 0.96433 2.21653 0 0 0 1 
7680147070052;0.840224;2.55533;100;0.961128 -0.0836089 -0.263139 -4.04147 0.122103 0.983499 0.133492 4.93822 0.247636 -0.160433 0.955478 6.22948 0 0 0 1 
7680147070053;0.82655;2.59351;100;0.998278 -0.0557962 0.0181021 -3.11595 0.0561653 0.99821 -0.0205626 2.79487 -0.0169224 0.0215439 0.999625 0.155912 0 0 0 1 
7680147070054;0.270576;2.52182;100;0.998004 0.0108077 0.0622151 -5.02126 -0.0132188 0.999172 0.0384741 2.18843 -0.0617478 -0.0392197 0.997321 -0.539134 0 0 0 1 
7680147070055;0.73698;2.41231;100;0.982398 -0.159396 -0.0973992 -1.65009 0.0996324 0.88817 -0.448583 3.15429 0.158009 0.430983 0.888418 -7.86005 0 0 0 1 
7680147070056;0.896614;2.4439;100;0.997519 -0.0687984 -0.0149034 -3.44027 0.0682396 0.997047 -0.0352219 2.69817 0.0172826 0.0341176 0.999268 -3.28919 0 0 0 1 
7680147070057;0.403726;2.62523;100;0.997546 -0.000843409 0.0700069 -5.473 0.00453169 0.998608 -0.0525426 2.42821 -0.0698651 0.0527309 0.996162 -2.59155 0 0 0 1 
7680147070058;0.771956;2.466;100;0.991896 0.0130418 0.126383 -4.78298 0.00970226 0.984038 -0.177692 1.80788 -0.126684 0.177478 0.975937 -7.48723 0 0 0 1 
7680147070059;0.054331;2.43906;100;0.998321 -0.0464256 0.0346462 -3.50704 0.0470916 0.998716 -0.0186613 2.50798 -0.0337353 0.0202615 0.999225 -1.63417 0 0 0 1 
7680147070060;0.252286;2.4071;100;0.999632 -0.0212835 0.0168463 -4.06202 0.0160806 0.964347 0.264153 4.52706 -0.0218677 -0.263785 0.964334 4.25878 0 0 0 1 
7680147070062;0.694613;4.92985;100;0.998396 0.0199304 0.0529902 4.93874 -0.0219545 0.999041 0.037894 -2.05614 -0.0521841 -0.0389966 0.997876 -0.37425 0 0 0 1 
7680147070063;0.642429;4.5873;100;0.987412 -0.156796 -0.0208031 7.77798 0.157093 0.987492 0.0134825 3.07027 0.0184289 -0.0165808 0.999693 0.660077 0 0 0 1 
7680147070064;1.73702;4.80353;100;0.990895 -0.125859 -0.0478287 6.01444 0.113792 0.972718 -0.202166 1.38233 0.0719683 0.194883 0.978183 -2.4362 0 0 0 1 
7680147070065;2.03958;4.61206;100;0.97462 -0.104078 -0.198201 3.23812 0.133517 0.980898 0.141466 3.99676 0.179691 -0.164339 0.969899 6.65294 0 0 0 1 
7680147070066;1.4044;4.72648;100;0.97755 -0.178598 0.111799 6.89015 0.189931 0.976635 -0.100549 3.25125 -0.0912291 0.119526 0.988631 -3.7111 0 0 0 1 
7680147070067;2.44929;4.45835;100;0.991659 -0.102717 -0.0778566 6.93654 0.104604 0.994302 0.0205499 1.4432 0.0753021 -0.0285226 0.996753 0.0773602 0 0 0 1 
7680147070068;0.72785;4.53287;100;0.995974 -0.0482107 -0.0755728 5.42668 0.045735 0.99837 -0.0341547 -0.0374659 0.0770962 0.0305609 0.996555 2.62627 0 0 0 1 
7680147070069;0.403431;4.63983;100;0.988659 -0.113417 0.0984382 7.43893 0.143583 0.905977 -0.398233 1.61748 -0.0440163 0.407851 0.911987 -8.13887 0 0 0 1 
7680147070070;2.46104;4.64287;100;0.920585 -0.219977 -0.322696 5.34174 0.143993 0.959249 -0.243121 -0.211334 0.363027 0.177348 0.914745 4.41339 0 0 0 1 
7680147070071;1.40642;4.45717;100;0.952434 -0.0306217 0.303203 6.25743 -0.0193229 0.986869 0.160366 -0.245713 -0.304132 -0.158597 0.939335 -5.85738 0 0 0 1 
7680147070072;0.468235;4.41596;100;0.993052 0.0589989 -0.101822 3.12402 -0.0586833 0.998258 0.00609493 -2.8054 0.102004 -7.73251e-05 0.994784 2.68018 0 0 0 1 
7680147070073;0.953779;4.45293;100;0.99254 -0.056532 0.108017 6.22451 0.0747123 0.982176 -0.172478 -0.339249 -0.0963416 0.179261 0.979073 -4.14488 0 0 0 1 
7680147070074;0.189263;4.65154;100;0.992094 -0.125364 -0.00569434 7.19988 0.122872 0.979596 -0.159042 1.17109 0.0255162 0.157085 0.987255 -1.69888 0 0 0 1 
7680147070075;2.44638;4.41471;100;0.956473 -0.187749 -0.223404 8.17856 0.111419 0.942509 -0.315059 0.57096 0.269713 0.276454 0.922404 2.36934 0 0 0 1 
7680147070076;2.31741;4.388;100;0.984487 -0.1628 -0.0654254 7.28921 0.161742 0.986605 -0.0211947 2.03801 0.0679995 0.0102839 0.997632 4.16065 0 0 0 1 
7680147070077;2.21484;4.14686;100;0.996142 -0.0862946 -0.0159239 7.50282 0.0843842 0.9918 -0.095975 0.348646 0.0240754 0.0942611 0.995256 1.39634 0 0 0 1 
7680147070078;0.226189;4.53257;100;0.989691 -0.0044237 -0.14315 4.22863 0.0532032 0.939353 0.3388 3.61269 0.13297 -0.342923 0.929905 9.04651 0 0 0 1 
7680147070079;1.94297;5.1567;100;0.978013 -0.147519 0.147407 7.53773 0.176322 0.962375 -0.206747 3.03042 -0.111361 0.228193 0.967226 -6.77436 0 0 0 1 
7680147070080;2.14298;4.61968;100;0.98363 -0.17853 0.0244912 7.38662 0.180008 0.96714 -0.179548 3.09363 0.00836819 0.181017 0.983444 -0.0695338 0 0 0 1 
7680147070081;1.69906;4.65611;100;0.992387 -0.106385 0.0620425 8.36652 0.112598 0.987845 -0.107165 1.33718 -0.0498876 0.113335 0.992304 -1.32755 0 0 0 1 
7680147070082;2.0972;4.42475;100;0.950075 -0.195272 -0.243367 5.32728 0.124088 0.95209 -0.279512 -0.0498899 0.286288 0.235359 0.928787 4.97661 0 0 0 1 
7680147070083;0.59076;4.38686;100;0.999428 -0.0335071 0.00464571 5.24085 0.0332965 0.950173 -0.309941 -1.95917 0.005971 0.309918 0.950745 -5.13007 0 0 0 1 
7680147070084;0.946739;4.57483;100;0.99707 -0.0637242 -0.0423195 6.84361 0.0646821 0.997671 0.021663 0.892686 0.0408405 -0.0243368 0.998869 2.57437 0 0 0 1 
7680147070085;1.67199;4.43434;100;0.948598 -0.0870941 -0.304264 3.93886 0.188805 0.927306 0.323197 6.35026 0.253997 -0.364031 0.896084 13.7774 0 0 0 1 
7680147070086;1.58068;4.91095;100;0.999139 -0.018845 -0.0369678 5.5104 0.0198632 0.999428 0.0273711 -0.624727 0.0364309 -0.0280818 0.998942 0.0702553 0 0 0 1 
7680147070087;0.945675;5.21366;100;0.990943 -0.0215517 -0.132539 4.61385 -0.00618476 0.978663 -0.205378 -3.2209 0.134137 0.204338 0.969667 -0.0871231 0 0 0 1 
7680147070088;1.00125;5.44674;100;0.983843 0.0122262 0.178616 5.95094 -0.0088358 0.999766 -0.0197646 -3.61888 -0.178816 0.017867 0.98372 -4.2455 0 0 0 1 
7680147070089;1.42162;5.44778;100;0.999386 -0.00490111 0.0347043 6.12488 0.00402173 0.99967 0.0253637 -2.44861 -0.0348171 -0.0252086 0.999076 1.78128 0 0 0 1 
7680147070090;0.678915;4.63743;100;0.989118 -0.13573 -0.0567719 7.42057 0.138491 0.989205 0.0478844 3.08867 0.0496597 -0.0552257 0.997238 2.31945 0 0 0 1 
7680147070091;1.30647;4.65716;100;0.975913 -0.176862 -0.127723 5.6269 0.163439 0.98052 -0.108938 3.06692 0.144502 0.0854395 0.985809 2.31706 0 0 0 1 
7680147070093;0.528987;1.4538;100;0.995693 -0.032268 -0.0869177 -1.75488 0.0374956 0.997542 0.0591987 1.86393 0.0847938 -0.0622027 0.994455 7.3608 0 0 0 1 
7680147070094;0.750267;1.38685;100;0.976687 -0.00506603 -0.21461 -4.07678 0.0331274 0.991303 0.127362 2.70963 0.212098 -0.131502 0.96836 17.872 0 0 0 1 
7680147070095;1.32662;1.65444;100;0.988834 0.141324 0.0472718 -6.64719 -0.123349 0.954215 -0.272503 -12.3955 -0.0836186 0.263629 0.960993 -12.2324 0 0 0 1 
7680147070096;1.72861;1.29963;100;0.994704 0.101552 0.0158619 -4.75292 -0.100736 0.99386 -0.0457724 -8.32548 -0.0204128 0.0439321 0.998826 0.872987 0 0 0 1 
7680147070097;1.58172;2.45958;100;0.99552 0.0566 -0.0757444 -3.01002 -0.0514085 0.996304 0.0688185 -4.32688 0.0793595 -0.0646163 0.99475 7.65123 0 0 0 1 
7680147070098;0.811119;1.27874;100;0.980695 -0.0589332 -0.186452 -3.64387 0.0388764 0.993231 -0.109457 0.143658 0.191641 0.100095 0.976348 12.4385 0 0 0 1 
7680147070099;0.734807;1.09491;100;0.996298 0.0858043 0.00536309 -4.39453 -0.0858023 0.996312 -0.00060454 -7.97481 -0.00539518 0.000142137 0.999985 -0.576559 0 0 0 1 
7680147070100;0.613699;1.11477;100;0.928454 0.183459 0.322979 -8.72809 -0.159006 0.982121 -0.100777 -12.8338 -0.335693 0.0422115 0.941025 -25.7259 0 0 0 1 
7680147070101;0.463274;1.14406;100;0.997428 0.0437702 -0.0567579 -2.54321 -0.0501102 0.992034 -0.115575 -5.6842 0.0512471 0.118122 0.991676 0.843666 0 0 0 1 
7680147070102;1.71997;1.58176;100;0.9867 0.128694 0.0992989 -4.81087 -0.108025 0.975623 -0.191027 -10.5101 -0.121462 0.17776 0.976549 -14.8578 0 0 0 1 
7680147070103;0.768405;1.88797;100;0.982102 0.0640519 0.177122 -3.63237 -0.0713451 0.996833 0.0351123 -6.33516 -0.174312 -0.0471206 0.983562 -9.72602 0 0 0 1 
7680147070104;1.11988;1.26328;100;0.997853 0.0649163 0.00864847 -4.06727 -0.0644353 0.99679 -0.047519 -7.42442 -0.0117055 0.0468597 0.998833 -1.88082 0 0 0 1 
7680147070105;0.792054;2.32958;100;0.967303 0.0824672 0.239841 -5.32537 -0.0800815 0.996594 -0.0196934 -8.14488 -0.240649 -0.000157407 0.970612 -17.5912 0 0 0 1 
7680147070106;0.562855;1.21564;100;0.993399 0.0929174 -0.0672606 -5.12533 -0.0964417 0.994021 -0.0511925 -7.93468 0.0621018 0.0573414 0.996421 4.18556 0 0 0 1 
7680147070107;0.610731;1.39053;100;0.999172 -0.0382634 0.0138596 -0.646021 0.0359823 0.989727 0.138369 2.47335 -0.0190117 -0.137756 0.990284 2.92467 0 0 0 1 
7680147070108;1.42716;1.33114;100;0.997238 0.0581275 -0.0462392 -3.37588 -0.0602206 0.997159 -0.045239 -4.68631 0.0434783 0.0478986 0.997905 0.839702 0 0 0 1 
7680147070109;0.474796;1.13894;100;0.888 0.148732 0.435127 -9.73658 -0.200946 0.976629 0.0762629 -14.1693 -0.413615 -0.155158 0.897134 -26.6987 0 0 0 1 
7680147070110;0.941477;1.25739;100;0.999757 0.01806 0.0126742 -2.64329 -0.0172147 0.997808 -0.0639026 -4.3191 -0.0138005 0.0636689 0.997876 -2.2704 0 0 0 1 
7680147070111;1.47967;1.61475;100;0.99866 0.0517262 0.00136555 -1.67022 -0.0516919 0.998489 -0.0186325 -4.57983 -0.00232728 0.018537 0.999825 1.01262 0 0 0 1 
7680147070112;1.75011;0.895196;100;0.996393 0.034089 -0.0777125 -5.06077 -0.00444944 0.935495 0.353311 1.84901 0.0847437 -0.351691 0.932272 12.519 0 0 0 1 
7680147070113;1.0332;1.1825;100;0.995859 0.0601105 0.0682006 -3.59872 -0.0559162 0.996519 -0.0618273 -4.84255 -0.0716797 0.0577578 0.995754 -5.83422 0 0 0 1 
7680147070114;0.426388;1.1737;100;0.981712 -0.0248298 0.188747 -0.761973 -0.0507801 0.921382 0.385326 -0.153593 -0.183476 -0.387863 0.903271 -3.81688 0 0 0 1 
7680147070115;1.70185;1.46171;100;0.993351 0.0125336 -0.114442 -3.21841 -0.0529297 0.932487 -0.357303 -7.99358 0.102237 0.360985 0.926951 -1.66306 0 0 0 1 
7680147070116;1.08478;1.00282;100;0.99509 0.0953598 0.0265115 -4.56928 -0.0802889 0.934349 -0.347196 -7.94118 -0.0578795 0.343362 0.937418 -13.7029 0 0 0 1 
7680147070117;0.562653;1.34712;100;0.99391 0.0791982 0.0766165 -2.92877 -0.086431 0.991601 0.0962157 -6.4817 -0.0683529 -0.102252 0.992407 -2.06315 0 0 0 1 
7680147070118;0.421204;1.44422;100;0.992645 -0.0536048 -0.108548 -1.5932 0.0426292 0.99397 -0.101024 1.0835 0.113309 0.0956541 0.988945 6.22296 0 0 0 1 
7680147070119;1.56631;1.48979;100;0.99692 0.0528589 0.0579428 -3.05135 -0.0493226 0.996928 -0.0608502 -5.50214 -0.0609813 0.0578049 0.996464 -7.8814 0 0 0 1 
7680147070120;0.829004;2.19874;100;0.997482 0.0645173 -0.0294607 -5.44635 -0.0685201 0.983845 -0.165389 -8.40591 0.0183143 0.166991 0.985788 -1.18797 0 0 0 1 
7680147070121;0.0967963;1.24564;100;0.994103 0.0870112 0.064716 -3.54552 -0.0894691 0.995335 0.0360983 -7.44446 -0.0612732 -0.0416755 0.997251 -2.93313 0 0 0 1 
7680147070122;0.194803;1.43201;100;0.999662 -0.0180082 -0.0187591 -1.49496 0.0173644 0.999273 -0.0339329 -0.735037 0.0193565 0.0335957 0.999248 1.14695 0 0 0 1 
7680147070124;1.64617;2.64567;100;0.98892 -0.083603 0.122665 -2.20063 0.0999792 0.985915 -0.134072 9.06242 -0.109729 0.144851 0.98335 -9.31042 0 0 0 1 
7680147070125;1.40625;2.6905;100;0.992883 -0.109822 0.0460702 -1.87916 0.109884 0.993944 0.00119159 11.1183 -0.045922 0.00387925 0.998937 -5.49122 0 0 0 1 
7680147070126;1.2267;2.77638;100;0.990121 -0.13953 -0.0138657 -3.69925 0.139655 0.990164 0.00846367 13.5777 0.0125484 -0.0103165 0.999868 0.48867 0 0 0 1 
7680147070127;1.9725;3.06218;100;0.983365 -0.135053 -0.121466 -2.98791 0.117744 0.983143 -0.139881 11.7207 0.13831 0.123252 0.98269 6.80275 0 0 0 1 
7680147070128;1.62499;3.54358;100;0.965262 -0.0916185 -0.244694 -5.67621 0.0913225 0.995742 -0.0125798 9.64531 0.244804 -0.0102033 0.969519 12.7822 0 0 0 1 
7680147070129;0.486275;2.85786;100;0.99785 -0.0564504 -0.0333053 -1.65774 0.0547525 0.997254 -0.049862 7.0773 0.0360286 0.0479312 0.998201 2.19753 0 0 0 1 
7680147070130;1.63305;3.46008;100;0.996113 -0.03466 0.0809746 -2.53356 0.0259489 0.994 0.106255 6.02519 -0.0841715 -0.103741 0.991036 -4.63351 0 0 0 1 
7680147070131;2.14793;2.5999;100;0.914557 -0.0440769 0.402048 -6.0314 0.132542 0.971814 -0.19496 12.4218 -0.382122 0.23159 0.894622 -26.8134 0 0 0 1 
7680147070132;1.4581;3.4415;100;0.994176 -0.0749221 -0.0774684 -3.4157 0.0739448 0.997143 -0.0154118 8.00519 0.0784018 0.00959368 0.996876 2.55606 0 0 0 1 
7680147070133;1.07349;3.51258;100;0.999113 -0.0303481 -0.0291841 -2.3956 0.0299957 0.999473 -0.0124391 4.75962 0.0295462 0.0115526 0.999497 1.59237 0 0 0 1 
7680147070134;1.69636;3.18271;100;0.993298 -0.0162999 -0.114429 -2.41981 0.00178301 0.99205 -0.125835 3.49897 0.11557 0.124788 0.98543 9.28921 0 0 0 1 
7680147070135;0.51747;3.11155;100;0.938327 -0.13462 -0.318465 -6.51985 0.130659 0.990849 -0.0338705 12.1207 0.32011 -0.0098288 0.947329 18.974 0 0 0 1 
7680147070136;0.646267;3.20488;100;0.916434 -0.0882673 -0.39033 -8.86681 0.0380139 0.990162 -0.13466 5.70929 0.398376 0.108569 0.910774 25.8084 0 0 0 1 
7680147070137;2.04694;3.76586;100;0.993134 -0.0220843 -0.114878 -3.1953 0.0381735 0.989443 0.139802 6.57106 0.110578 -0.143227 0.983493 8.02425 0 0 0 1 
7680147070138;0.720049;2.97935;100;0.999412 -0.0151933 -0.0307446 -1.97765 0.0120226 0.994833 -0.100808 4.12239 0.0321173 0.100379 0.994431 1.12487 0 0 0 1 
7680147070139;1.74647;2.75728;100;0.995887 -0.0749512 0.0508982 -1.90374 0.0763749 0.996724 -0.026624 8.41032 -0.048736 0.0304018 0.998349 -6.07731 0 0 0 1 
7680147070140;0.663015;3.48596;100;0.998516 -0.0525722 0.0141984 -2.66188 0.0536131 0.994753 -0.0871341 6.65836 -0.00954302 0.0877661 0.996095 -1.38017 0 0 0 1 
7680147070141;0.53013;2.84361;100;0.98946 -0.141062 0.032734 -1.37987 0.141418 0.989911 -0.00881971 12.3856 -0.0311596 0.0133559 0.999425 -2.50342 0 0 0 1 
7680147070142;1.96977;2.9401;100;0.981876 -0.0501904 -0.182755 -5.93264 0.00902759 0.975588 -0.219425 4.54698 0.189307 0.213798 0.95836 13.6239 0 0 0 1 
7680147070143;0.856847;3.19493;100;0.980088 -0.0735753 0.184429 -3.14937 0.0410321 0.983815 0.174427 7.16749 -0.194278 -0.163386 0.967244 -14.0219 0 0 0 1 
7680147070144;1.63732;3.51958;100;0.996576 -0.00194305 0.0826625 -1.64045 0.000732958 0.999892 0.0146668 2.82873 -0.0826821 -0.014556 0.99647 -7.08111 0 0 0 1 
7680147070145;0.140484;3.02171;100;0.995499 -0.0923602 0.0212392 -1.88506 0.0926137 0.995638 -0.011277 9.75307 -0.020105 0.0131933 0.999711 -1.83482 0 0 0 1 
7680147070146;1.19743;3.04483;100;0.992482 -0.109539 -0.0546002 -3.28448 0.110263 0.993848 0.0104167 11.781 0.0531233 -0.0163587 0.998454 1.39581 0 0 0 1 
7680147070147;0.293378;2.90853;100;0.997349 -0.0132504 0.0715515 -1.25481 0.0200271 0.995291 -0.0948409 4.6405 -0.0699579 0.0960224 0.992918 -4.81731 0 0 0 1 
7680147070148;2.08491;3.00307;100;0.985615 -0.132945 -0.104351 -2.16467 0.148403 0.97623 0.157959 13.5983 0.0808703 -0.171172 0.981917 6.18648 0 0 0 1 
7680147070149;2.16398;2.87605;100;0.986176 -0.0954562 -0.135445 -3.42468 0.0716418 0.982676 -0.170925 9.03189 0.149415 0.158859 0.97593 9.25925 0 0 0 1 
7680147070150;0.570326;3.12261;100;0.999428 -0.000673538 0.0338042 -1.92876 0.0151396 0.902885 -0.429616 2.62558 -0.0302319 0.429882 0.902379 -0.896735 0 0 0 1 
7680147070151;0.700204;3.23555;100;0.993431 -0.0659753 -0.0935045 -3.59813 0.0670286 0.997718 0.00816643 8.62615 0.0927523 -0.0143803 0.995585 4.99938 0 0 0 1 
7680147070152;0.196422;3.14395;100;0.995934 -0.0899802 -0.00442188 -2.21395 0.0898698 0.995736 -0.0208327 9.56475 0.00627756 0.0203506 0.999773 -0.0694031 0 0 0 1 
7680147070153;0.328459;3.40831;100;0.999339 -0.00863977 -0.0353071 -2.66118 -0.00250823 0.952635 -0.304107 2.6349 0.0362621 0.303994 0.951983 2.88169 0 0 0 1 
7680147070155;0.140686;4.51918;100;0.999279 0.00232475 -0.0379028 6.692 -0.00410404 0.99889 -0.0469333 1.20258 0.0377516 0.047055 0.998179 4.1636 0 0 0 1 
7680147070156;0.73666;4.3586;100;0.99826 0.0346197 -0.0477355 7.12159 -0.0370905 0.997964 -0.0518848 -2.61554 0.0458421 0.053565 0.997512 5.26921 0 0 0 1 
7680147070157;1.89722;4.57657;100;0.996253 -0.0423453 -0.0754144 4.39174 0.0446071 0.998596 0.0285631 7.5142 0.074099 -0.0318201 0.996743 9.93932 0 0 0 1 
7680147070158;1.79956;4.39322;100;0.997049 -0.0102472 -0.076084 6.07803 -0.0058835 0.977938 -0.208812 1.78123 0.0765452 0.208644 0.974992 9.70583 0 0 0 1 
7680147070159;1.65931;4.58925;100;0.998224 0.0267515 -0.0532258 4.75968 -0.0292768 0.998454 -0.0472455 -1.90941 0.0518796 0.0487199 0.997464 4.30116 0 0 0 1 
7680147070160;0.0621527;4.43865;100;0.998102 0.03229 -0.0524339 6.40802 -0.0349065 0.99815 -0.0497762 -2.02189 0.0507296 0.051512 0.997383 5.79764 0 0 0 1 
7680147070161;0.430207;4.63239;100;0.995993 -0.0432445 -0.0782841 6.30628 0.0367269 0.995884 -0.082863 6.06011 0.0815452 0.0796558 0.993481 9.19226 0 0 0 1 
7680147070162;0.473536;4.26887;100;0.967294 0.100575 0.232865 3.89752 -0.0971799 0.994926 -0.0260367 -9.05104 -0.234302 0.00255533 0.97216 -26.0574 0 0 0 1 
7680147070163;0.736349;4.49686;100;0.990202 0.06603 0.123041 5.54235 -0.0791925 0.991277 0.105352 -6.78191 -0.115012 -0.114064 0.986794 -12.5278 0 0 0 1 
7680147070164;0.540732;4.54389;100;0.994571 -0.0834075 -0.0622193 5.56308 0.0716085 0.982433 -0.172333 9.24693 0.0755001 0.166942 0.983072 9.36691 0 0 0 1 
7680147070165;1.76832;4.37196;100;0.996469 0.0736158 -0.0403764 6.02858 -0.0757888 0.995593 -0.0552238 -6.53764 0.0361332 0.0580889 0.997657 6.89261 0 0 0 1 
7680147070166;0.877488;4.2844;100;0.993359 0.0531556 -0.102042 5.90131 -0.0412512 0.99246 0.115419 -2.81196 0.107407 -0.110443 0.988062 9.90847 0 0 0 1 
7680147070167;0.355143;4.48039;100;0.994291 -0.0780112 -0.0727977 5.43994 0.0747302 0.996107 -0.0467591 10.0803 0.076162 0.041052 0.99625 8.73243 0 0 0 1 
7680147070168;0.458362;4.47932;100;0.999852 -0.0060731 0.0160982 7.09832 0.00477759 0.996837 0.0793261 2.91834 -0.016529 -0.0792375 0.996719 -2.48943 0 0 0 1 
7680147070169;1.52541;4.35891;100;0.957899 -0.0429345 -0.283877 2.63811 0.0594986 0.996976 0.0499826 8.45764 0.280873 -0.0647686 0.957557 29.1945 0 0 0 1 
7680147070170;1.71122;4.5545;100;0.991595 0.120965 0.045899 5.51341 -0.116144 0.988565 -0.0961798 -10.6122 -0.0570086 0.0900406 0.994305 -5.14914 0 0 0 1 
7680147070171;1.73488;4.14559;100;0.992288 -0.0132892 -0.123239 7.37533 -0.0225607 0.958266 -0.284985 -0.977722 0.121883 0.285568 0.950576 13.3088 0 0 0 1 
7680147070172;1.09968;4.39614;100;0.997988 0.0545765 -0.032273 7.37127 -0.0560899 0.997271 -0.0480147 -5.03574 0.0295645 0.0497283 0.998325 3.61216 0 0 0 1 
7680147070173;0.591876;4.16345;100;0.957309 0.0556249 -0.283666 0.595167 -0.043292 0.997832 0.0495671 -2.62824 0.285808 -0.0351706 0.957641 31.3896 0 0 0 1 
7680147070174;1.36958;4.80805;100;0.99784 -0.0556738 0.0348801 5.80113 0.0607596 0.983978 -0.167618 7.65044 -0.0249893 0.169375 0.985235 -3.66828 0 0 0 1 
7680147070175;0.533565;4.45438;100;0.99854 0.0131862 -0.0523794 6.57504 -0.0158189 0.998615 -0.05017 0.261714 0.0516453 0.0509253 0.997366 6.37969 0 0 0 1 
7680147070176;0.79171;4.3492;100;0.991566 0.0736161 0.10667 6.51484 -0.0591179 0.989322 -0.133222 -5.60339 -0.115338 0.125792 0.985329 -11.3059 0 0 0 1 
7680147070177;1.74498;4.35922;100;0.959434 0.107254 0.260734 2.93175 -0.0748856 0.988539 -0.131081 -8.10447 -0.271804 0.106238 0.956471 -29.4614 0 0 0 1 
7680147070178;1.38005;4.55993;100;0.993574 -0.0702013 0.0887845 5.00305 0.0811886 0.988587 -0.126899 9.88334 -0.0788627 0.133292 0.987934 -9.60134 0 0 0 1 
7680147070179;1.66284;4.33743;100;0.996499 0.0737203 0.0394447 7.61132 -0.0741202 0.997211 0.0087727 -7.56053 -0.0386879 -0.0116656 0.999183 -2.98347 0 0 0 1 
7680147070180;1.25183;4.22096;100;0.961828 0.131926 -0.239754 1.36749 -0.0996819 0.984833 0.142012 -9.01997 0.254853 -0.112692 0.960391 25.5579 0 0 0 1 
7680147070181;1.00094;4.35604;100;0.992701 0.108023 0.0536236 6.27492 -0.115501 0.979508 0.164996 -10.8367 -0.0347012 -0.169986 0.984835 -5.64151 0 0 0 1 
7680147070182;1.8528;4.40496;100;0.977981 0.0866476 0.189855 5.14067 -0.104082 0.991028 0.0838523 -9.7644 -0.180886 -0.101766 0.978225 -22.93 0 0 0 1 
7680147070183;0.963883;4.17665;100;0.983264 0.117139 0.139537 6.42804 -0.136235 0.981264 0.136242 -13.0635 -0.120963 -0.152972 0.980799 -14.7388 0 0 0 1 
7680147070184;0.147928;4.40669;100;0.996944 0.0479883 -0.0616453 6.40996 -0.0494805 0.998512 -0.0229106 -3.72244 0.0604541 0.0258908 0.997835 6.87551 0 0 0 1 
7680147070186;1.27351;6.12438;100;0.990451 0.136449 0.0197304 4.33466 -0.134499 0.987747 -0.0791546 -7.96824 -0.0302892 0.075745 0.996667 -2.95238 0 0 0 1 
7680147070187;0.700101;5.87763;100;0.939962 0.13651 0.312789 -0.0673654 -0.189973 0.970684 0.147252 -13.1254 -0.283518 -0.197832 0.938339 -30.8893 0 0 0 1 
7680147070188;1.39118;6.02892;100;0.997029 0.0509354 0.0577819 6.10495 -0.0528303 0.998098 0.0317545 0.36829 -0.0560546 -0.0347128 0.997824 -8.33944 0 0 0 1 
7680147070189;1.30828;6.2343;100;0.965624 0.0207088 -0.259116 2.21091 0.0746128 0.932794 0.352603 18.4594 0.249004 -0.359815 0.899183 28.5683 0 0 0 1 
7680147070190;1.12112;6.10576;100;0.987443 0.0911602 0.129017 4.48886 -0.129236 0.935839 0.327876 -5.20925 -0.0908497 -0.340433 0.93587 -9.34864 0 0 0 1 
7680147070191;1.94775;6.12929;100;0.998084 0.0298063 -0.0542281 7.74402 -0.0180953 0.978626 0.20485 6.78802 0.0591748 -0.203476 0.97729 6.90879 0 0 0 1 
7680147070192;1.68036;6.27584;100;0.98623 0.031562 0.162338 5.25377 -0.0271209 0.999197 -0.0295017 5.09301 -0.163138 0.0246928 0.986294 -18.4374 0 0 0 1 
7680147070193;1.11849;6.00411;100;0.998355 0.0281716 0.0499444 6.85742 -0.0137337 0.963118 -0.268729 4.60698 -0.0556728 0.267601 0.96192 -7.83798 0 0 0 1 
7680147070194;0.766853;6.29509;100;0.998374 0.0533128 0.0201945 5.05583 -0.0536779 0.998396 0.017992 0.965861 -0.0192029 -0.0190467 0.999634 -3.03411 0 0 0 1 
7680147070195;0.416426;5.97363;100;0.995697 0.0584415 0.0719155 5.97598 -0.0528141 0.995568 -0.0778081 0.639021 -0.076144 0.0736751 0.994371 -9.82953 0 0 0 1 
7680147070196;0.748225;6.1431;100;0.997219 0.0668878 0.0328639 4.76976 -0.0692485 0.994631 0.0769005 -0.654163 -0.0275438 -0.0789624 0.996497 -2.76284 0 0 0 1 
7680147070197;0.500793;5.89895;100;0.997583 0.0638414 0.0274134 5.75392 -0.0564938 0.975017 -0.214828 -0.302026 -0.0404434 0.21276 0.976267 -6.64952 0 0 0 1 
7680147070198;0.104802;6.13905;100;0.998808 0.0447392 0.0195205 6.03809 -0.0464473 0.994078 0.0982387 2.34399 -0.0150098 -0.0990283 0.994971 -1.40906 0 0 0 1 
7680147070199;1.797;6.11403;100;0.976794 0.123512 0.174981 3.60152 -0.115026 0.991675 -0.0578741 -6.80432 -0.180673 0.0364036 0.982869 -23.2248 0 0 0 1 
7680147070200;0.574851;5.93345;100;0.995244 0.0955434 -0.0189801 4.69056 -0.0940767 0.9933 0.0671207 -3.08811 0.0252659 -0.0650159 0.997564 2.12993 0 0 0 1 
7680147070201;1.66238;6.34368;100;0.973376 -0.0104637 -0.228974 2.1839 0.0107505 0.999942 5.18398e-06 6.44902 0.228961 -0.00246664 0.973433 24.1438 0 0 0 1 
7680147070202;0.856075;6.46927;100;0.999022 0.0234886 0.0374689 6.36063 -0.0296582 0.984353 0.173694 3.86376 -0.0328028 -0.174635 0.984087 -2.38819 0 0 0 1 
7680147070203;0.151635;6.01853;100;0.998852 0.0418627 0.0232708 5.77498 -0.0422086 0.999002 0.0145767 2.6692 -0.0226374 -0.0155422 0.999623 -2.91033 0 0 0 1 
7680147070204;1.87474;6.42349;100;0.998366 0.0530558 0.0212419 4.31507 -0.0528773 0.998562 -0.0088789 0.667348 -0.0216824 0.00774118 0.999735 -1.39126 0 0 0 1 
7680147070205;1.34644;6.01314;100;0.999349 0.0219998 0.0286023 7.65898 -0.0248379 0.994372 0.10299 5.98405 -0.0261756 -0.103633 0.994271 -2.92672 0 0 0 1 
7680147070206;0.882492;5.87399;100;0.91085 -0.0806505 -0.404781 -4.65428 0.0376314 0.992866 -0.113144 11.1719 0.411019 0.0878248 0.907387 43.7628 0 0 0 1 
7680147070207;1.16879;6.1535;100;0.989676 0.121549 0.0759452 3.85613 -0.126783 0.989571 0.0683722 -7.40883 -0.0668426 -0.0772949 0.994765 -6.1429 0 0 0 1 
7680147070208;1.24601;6.29682;100;0.991447 0.119454 0.0525693 4.79768 -0.124976 0.985029 0.118735 -7.05619 -0.037599 -0.12429 0.991533 -3.70128 0 0 0 1 
7680147070209;1.20929;6.05802;100;0.998346 0.00794161 -0.0569351 6.60711 0.0155775 0.915983 0.400915 11.5925 0.0553355 -0.401139 0.914345 7.27179 0 0 0 1 
7680147070210;1.69015;5.78787;100;0.998005 0.0578016 0.0253884 6.3967 -0.0583087 0.998104 0.0197103 2.19068 -0.024201 -0.0211514 0.999483 -1.54172 0 0 0 1 
7680147070211;0.940014;6.24456;100;0.989673 0.0202985 -0.141898 4.13864 0.00824766 0.980219 0.197743 8.8815 0.143105 -0.196872 0.969929 17.8549 0 0 0 1 
7680147070212;1.74535;5.9078;100;0.999457 0.0269231 0.0189702 6.08159 -0.0269949 0.999629 0.0035396 5.33983 -0.0188679 -0.00404978 0.999814 -3.72675 0 0 0 1 
7680147070213;0.400202;6.04864;100;0.997022 0.0646016 0.0421116 5.61098 -0.0662158 0.997076 0.0381347 0.233113 -0.0395249 -0.0408096 0.998385 -4.81846 0 0 0 1 
7680147070214;0.315659;6.20221;100;0.998604 -0.0110332 -0.0516638 6.37574 0.0153862 0.996293 0.0846318 8.77776 0.0505386 -0.0853085 0.995072 5.7532 0 0 0 1 
7680147070215;0.611277;6.17281;100;0.996597 0.0290934 0.0771175 6.0305 -0.031828 0.998899 0.0344707 3.25361 -0.0760297 -0.0368079 0.996426 -9.40025 0 0 0 1 
7680147070217;0.89674;4.29255;100;0.998289 0.0205377 0.0547545 -5.01603 -0.0216908 0.999554 0.0205486 -1.64456 -0.0543081 -0.0217011 0.998288 -1.96219 0 0 0 1 
7680147070218;1.73564;4.51475;100;0.999944 -0.00355505 0.00996078 -6.12272 0.00348536 0.999969 0.00700533 -0.768978 -0.00998538 -0.00697022 0.999926 1.67631 0 0 0 1 
7680147070219;1.39452;4.37983;100;0.961161 -0.0466729 -0.272015 -6.43959 0.0220249 0.995425 -0.0929725 -1.3493 0.27511 0.0833704 0.957791 6.29531 0 0 0 1 
7680147070220;0.267296;4.35629;100;0.999797 -0.0045181 -0.0196543 -5.42086 -0.00373962 0.916144 -0.400833 -2.19161 0.0198172 0.400825 0.91594 4.0817 0 0 0 1 
7680147070221;1.27015;4.78894;100;0.999534 -0.0248549 0.0177083 -4.66142 0.0200901 0.972685 0.231259 -0.329673 -0.0229726 -0.230796 0.972731 -2.86396 0 0 0 1 
7680147070222;1.97297;4.21094;100;0.996104 0.0180586 0.0863125 -6.97868 -0.0212261 0.999129 0.0359227 -2.33021 -0.0855886 -0.0376148 0.99562 -0.932879 0 0 0 1 
7680147070223;1.53331;4.60183;100;0.997986 -0.0102396 -0.0625961 -6.373 0.0107673 0.999909 0.00809962 -1.84933 0.0625075 -0.0087573 0.998006 -0.0533502 0 0 0 1 
7680147070224;2.30376;4.37496;100;0.912345 -0.0922314 -0.3989 -7.44967 0.0500195 0.992107 -0.114988 -0.842001 0.406356 0.0849555 0.909757 4.07622 0 0 0 1 
7680147070225;1.4585;4.56271;100;0.998597 -0.0284 -0.0446995 -5.48101 0.0262721 0.998526 -0.0474922 -0.0409466 0.0459824 0.0462512 0.997871 2.20722 0 0 0 1 
7680147070226;1.86707;4.73442;100;0.99845 -0.0204995 -0.0517414 -6.31069 0.0200747 0.99976 -0.00871683 -0.25009 0.0519077 0.00766463 0.998622 2.89466 0 0 0 1 
7680147070227;0.781577;4.27562;100;0.999754 -0.014126 -0.0171158 -4.95884 0.0142576 0.99987 0.00758847 -1.32532 0.0170064 -0.00783063 0.999825 -0.603889 0 0 0 1 
7680147070228;0.400914;4.38452;100;0.998292 -0.00998241 0.0575708 -5.18018 0.00790792 0.999315 0.0361496 -1.22717 -0.0578922 -0.0356326 0.997687 -1.08478 0 0 0 1 
7680147070229;0.955663;4.62211;100;0.999712 -0.000992491 -0.0239594 -6.24777 0.000173887 0.999417 -0.0341442 -1.04562 0.0239793 0.0341302 0.99913 0.981151 0 0 0 1 
7680147070230;0.317185;4.55515;100;0.980535 -0.0460855 -0.190859 -6.49122 0.0389016 0.998393 -0.0412189 -0.73908 0.192452 0.0329919 0.980752 3.42944 0 0 0 1 
7680147070231;1.12926;4.60899;100;0.999799 -0.018071 0.00872276 -5.37861 0.0179309 0.999713 0.0158885 -0.585468 -0.00900738 -0.0157289 0.999836 -1.06638 0 0 0 1 
7680147070232;1.51388;4.45469;100;0.999963 0.00118221 0.00857877 -6.07437 -0.00140744 0.999653 0.026295 -2.3016 -0.00854471 -0.0263061 0.999617 -1.34054 0 0 0 1 
7680147070233;1.97376;4.64309;100;0.990924 -0.0232651 -0.132397 -7.24283 0.0655638 0.943465 0.324923 -0.144674 0.117353 -0.330654 0.936427 -2.51462 0 0 0 1 
7680147070234;1.9935;4.44694;100;0.999706 -0.0120165 -0.0210556 -5.26941 0.0101071 0.99602 -0.0885556 -1.35567 0.0220359 0.0883168 0.995849 -1.22135 0 0 0 1 
7680147070235;1.53051;4.73114;100;0.986855 -0.0594628 -0.150269 -6.15328 0.0585668 0.998229 -0.0103855 -0.684198 0.15062 0.00144824 0.988591 0.941551 0 0 0 1 
7680147070236;0.104269;4.53588;100;0.999729 -0.0170127 0.0159013 -5.6708 0.0168514 0.999806 0.0102194 -1.04166 -0.0160721 -0.00994871 0.999821 -0.177343 0 0 0 1 
7680147070237;2.06657;4.40849;100;0.997731 -0.0231621 -0.0632201 -7.73738 0.0122562 0.985757 -0.167728 -1.28622 0.0662046 0.166573 0.983804 4.04597 0 0 0 1 
7680147070238;1.4657;4.42324;100;0.915896 0.0235983 0.400721 -4.63772 -0.127704 0.963535 0.235141 -3.32921 -0.38056 -0.266538 0.885512 -8.706 0 0 0 1 
7680147070239;0.672786;4.27726;100;0.992425 0.0299187 0.119157 -4.77984 -0.0387034 0.996646 0.0721057 -1.80077 -0.1166 -0.0761712 0.990254 -1.75883 0 0 0 1 
7680147070240;1.69401;4.54676;100;0.99885 0.00559575 0.0476175 -5.26501 -0.00958561 0.996421 0.0839787 -0.760829 -0.0469772 -0.0843386 0.995329 0.506033 0 0 0 1 
7680147070241;1.89764;4.61922;100;0.99598 -0.0177138 -0.0878061 -5.4083 0.0365526 0.975295 0.21786 -1.30863 0.0817777 -0.220194 0.972022 -2.98053 0 0 0 1 
7680147070242;1.04234;4.50949;100;0.998001 0.00171844 -0.0631791 -6.32386 -0.000854562 0.999906 0.013698 -1.30795 0.0631966 -0.0136166 0.997908 1.64407 0 0 0 1 
7680147070243;1.63774;4.08177;100;0.969955 0.0361971 0.240576 -6.07581 -0.0462414 0.998273 0.0362359 -2.80591 -0.238849 -0.0462718 0.969954 -3.87318 0 0 0 1 
7680147070244;2.23994;4.83912;100;0.996154 0.0323535 -0.0814227 -4.90922 -0.0135772 0.9751 0.221349 -1.67568 0.0865567 -0.219393 0.971789 1.43992 0 0 0 1 
7680147070245;0.410551;4.56225;100;0.999769 -0.00857342 -0.0197094 -5.61983 0.00878741 0.999903 0.0107963 -1.10578 0.019615 -0.010967 0.999747 -0.227513 0 0 0 1 
7680147070246;0.921508;4.69282;100;0.994516 -0.0430331 -0.0953175 -6.11583 0.0388672 0.998224 -0.04514 -0.740962 0.0970908 0.0411877 0.994423 0.802553 0 0 0 1 
7680147070248;1.50847;2.62865;100;0.97826 0.0618808 -0.197936 2.9434 0.00103449 0.952976 0.303043 3.73501 0.207381 -0.296659 0.932195 21.5159 0 0 0 1 
7680147070249;1.33018;2.82712;100;0.967131 0.250678 0.0426469 1.21162 -0.250532 0.968068 -0.00884083 -18.5532 -0.0435013 -0.00213416 0.999051 -3.08129 0 0 0 1 
7680147070250;0.124558;2.71337;100;0.984532 0.174766 0.0123741 1.48666 -0.174623 0.984564 -0.0118365 -12.3205 -0.0142517 0.00949267 0.999853 -2.25122 0 0 0 1 
7680147070251;0.53556;3.24756;100;0.951511 0.257568 0.168181 -1.11969 -0.271696 0.96006 0.0668354 -20.4547 -0.14425 -0.109289 0.983488 -12.4338 0 0 0 1 
7680147070252;1.1295;2.80424;100;0.962492 0.25012 0.105111 -0.394158 -0.240552 0.965904 -0.0957322 -18.4009 -0.125471 0.066857 0.989842 -10.3343 0 0 0 1 
7680147070253;0.578449;2.42087;100;0.993334 0.100653 -0.056185 2.45043 -0.101269 0.994825 -0.0082162 -5.92059 0.0550673 0.0138512 0.998387 4.71314 0 0 0 1 
7680147070254;1.15198;2.52309;100;0.98998 0.141082 0.00596449 3.25146 -0.141032 0.989971 -0.00822194 -8.91295 -0.00706464 0.00729837 0.999948 -2.90729 0 0 0 1 
7680147070255;0.370863;2.80036;100;0.974967 0.186189 0.121544 0.989516 -0.22165 0.857162 0.464914 -13.9129 -0.0176212 -0.480216 0.876973 1.66541 0 0 0 1 
7680147070256;1.32328;2.63268;100;0.955736 0.200501 0.215335 -1.27006 -0.147749 0.959949 -0.238052 -10.6002 -0.25444 0.195699 0.947081 -27.5502 0 0 0 1 
7680147070257;0.807316;2.49088;100;0.961725 0.0875156 -0.259666 -0.0577519 -0.136549 0.974647 -0.177249 -10.2088 0.237571 0.205921 0.949293 19.5828 0 0 0 1 
7680147070258;0.260139;2.70322;100;0.935284 0.258462 0.241748 -2.79641 -0.216956 0.958428 -0.185326 -16.7078 -0.279597 0.120883 0.952477 -27.1239 0 0 0 1 
7680147070259;0.965988;2.72252;100;0.984232 0.0685852 0.163044 3.21548 -0.0758216 0.996375 0.0385753 -3.69315 -0.159808 -0.0503293 0.985864 -14.7168 0 0 0 1 
7680147070260;0.831214;2.59729;100;0.974631 0.223795 -0.00315116 0.729525 -0.220704 0.963319 0.152666 -14.7497 0.0372014 -0.148097 0.988273 3.57855 0 0 0 1 
