#;prob_registration_l1 -r /home/probabilistic_point_clouds_registration/build/tester /home/point_clouds_registration_benchmark//devel/registration_pairs/gazebo_winter_local.txt /home/point_clouds_registration_benchmark//eth/gazebo_winter -s 0.2 -t 0.2 -p 0.3 -r 1000 -m 10 -i 100 -n 100 
id;initial_error;final_error;transformation
38591597440000;0.538033;0.0329698;100;0.993578 -0.0996707 -0.0535564 -0.398442 0.101406 0.994371 0.030709 -0.425683 0.0501942 -0.0359427 0.998093 0.549269 0 0 0 1 
38591597440001;0.518725;0.0241582;100;0.950714 0.251432 0.181454 0.0361869 -0.267673 0.960891 0.0709903 1.08238 -0.156508 -0.116062 0.980834 -0.05459 0 0 0 1 
38591597440002;0.466312;0.0241698;100;0.983877 -0.132806 0.119789 0.0783161 0.137224 0.990104 -0.0293852 -0.314233 -0.114701 0.0453493 0.992364 -0.211601 0 0 0 1 
38591597440003;0.369171;0.0270755;100;0.979669 0.200623 -0.000206895 -0.197567 -0.200621 0.979665 0.0027938 0.763049 0.000763187 -0.00269549 0.999996 0.38221 0 0 0 1 
38591597440004;0.566929;0.0200896;100;0.87669 0.414599 -0.243971 1.05572 -0.398509 0.909999 0.114423 1.63264 0.269453 -0.00308881 0.963009 -1.66176 0 0 0 1 
38591597440005;0.214626;0.0302565;100;0.994674 -0.0839833 -0.0597462 0.0038467 0.0836616 0.996463 -0.00787043 -0.292188 0.0601959 0.00283006 0.998183 -0.593781 0 0 0 1 
38591597440006;0.296525;0.0341082;100;0.960102 -0.219011 -0.173892 0.177717 0.240618 0.963831 0.114598 -0.993355 0.142504 -0.151868 0.978074 -0.359403 0 0 0 1 
38591597440007;0.55939;0.0323334;100;0.989987 0.14113 -0.00280254 0.0816742 -0.140608 0.98769 0.0685399 0.182113 0.012441 -0.0674596 0.997644 -0.875606 0 0 0 1 
38591597440008;0.573696;0.0284101;100;0.909111 0.00795734 0.416478 0.31862 -0.112422 0.967404 0.226918 0.481872 -0.401096 -0.253115 0.880372 2.44853 0 0 0 1 
38591597440009;0.226381;0.0355289;100;0.999392 -0.0289895 0.019379 0.057355 0.028209 0.998825 0.0394031 0.107875 -0.0204985 -0.0388325 0.999035 -0.253533 0 0 0 1 
38591597440010;0.405479;0.0292742;100;0.934328 -0.110287 0.338921 0.092948 0.224564 0.920591 -0.319505 -0.76862 -0.27677 0.374632 0.8849 1.66921 0 0 0 1 
38591597440011;0.432428;0.0253791;100;0.931737 -0.346438 -0.108842 0.404006 0.363091 0.884174 0.293942 -1.7693 -0.00559748 -0.313397 0.949606 -0.274097 0 0 0 1 
38591597440012;0.493861;0.0355288;100;0.996245 -0.00587907 -0.086382 0.343973 0.00110776 0.998476 -0.0551793 -0.258883 0.0865748 0.0548764 0.994733 0.324561 0 0 0 1 
38591597440013;0.489902;0.0342761;100;0.895244 0.404793 0.186226 0.252392 -0.409704 0.912125 -0.0130854 1.48165 -0.175158 -0.0645829 0.98242 0.368833 0 0 0 1 
38591597440014;0.265078;0.0295631;100;0.950481 -0.0558124 0.305729 -0.0532 0.0883307 0.991686 -0.093574 -0.262358 -0.297965 0.115946 0.947509 1.43818 0 0 0 1 
38591597440015;0.50504;0.0249578;100;0.941178 -0.330292 0.0713499 0.413234 0.304136 0.920025 0.247095 -1.69655 -0.147257 -0.210861 0.966361 0.169799 0 0 0 1 
38591597440016;0.306367;0.0259029;100;0.961289 0.115834 -0.25001 0.26956 -0.0684709 0.979304 0.19046 -0.00403415 0.266897 -0.165969 0.949326 -1.35988 0 0 0 1 
38591597440017;0.306001;0.0289675;100;0.991883 -0.126793 0.00962194 -0.203024 0.127157 0.98925 -0.072214 -0.893372 -0.000362307 0.0728513 0.997343 0.090417 0 0 0 1 
38591597440018;0.310987;0.0273214;100;0.975756 0.218318 -0.0154122 0.449278 -0.218536 0.975724 -0.0143149 1.02752 0.0119128 0.017336 0.999779 -0.299872 0 0 0 1 
38591597440019;0.565481;0.0249413;100;0.985097 -0.165023 0.048498 -0.589598 0.148758 0.958953 0.241415 -0.254627 -0.0863463 -0.230602 0.969209 -0.145157 0 0 0 1 
38591597440020;0.471158;0.0288408;100;0.94796 -0.318026 -0.0152337 -0.0183834 0.309283 0.93115 -0.193141 -1.30414 0.0756086 0.178378 0.981053 0.277288 0 0 0 1 
38591597440021;0.264772;0.0361706;100;0.959768 0.216744 0.178513 0.0760583 -0.226485 0.973354 0.0358785 1.06121 -0.16598 -0.0748656 0.983283 0.543371 0 0 0 1 
38591597440022;0.382739;0.0305596;100;0.994439 -0.0252499 -0.102245 -0.295103 0.031733 0.997554 0.0622856 -0.453521 0.100422 -0.0651838 0.992807 -0.0841775 0 0 0 1 
38591597440023;0.504596;0.0307519;100;0.938665 0.342301 -0.0416839 0.242308 -0.344033 0.937842 -0.0457552 1.92088 0.0234309 0.0572894 0.998083 -0.624832 0 0 0 1 
38591597440024;0.223621;0.0329749;100;0.997196 -0.0540438 0.0517674 -0.0262576 0.0656125 0.964065 -0.257435 0.070333 -0.0359944 0.26011 0.964908 0.317718 0 0 0 1 
38591597440025;0.497841;0.03338;100;0.937498 -0.231313 0.259983 -0.367996 0.265863 0.958141 -0.106221 -1.33589 -0.22453 0.168702 0.959753 0.622529 0 0 0 1 
38591597440026;0.507307;0.034318;100;0.914427 -0.337866 -0.222867 0.447613 0.347103 0.937824 0.00242802 -0.879216 0.20819 -0.0795781 0.974846 -0.603406 0 0 0 1 
38591597440027;0.37107;0.0260283;100;0.995985 0.00263703 0.0894823 -0.241967 -0.0442 0.883719 0.465926 0.107998 -0.0778486 -0.46801 0.880288 0.347244 0 0 0 1 
38591597440028;0.144155;0.0284245;100;0.985827 -0.158712 -0.0543632 0.0375845 0.157305 0.987116 -0.0292643 -0.583725 0.0583073 0.0202979 0.998092 -0.15845 0 0 0 1 
38591597440029;0.386592;0.0303893;100;0.932229 -0.327364 0.154214 0.0443554 0.278649 0.921289 0.271259 -1.44408 -0.230876 -0.209904 0.950072 0.853702 0 0 0 1 
38591597440031;0.613756;0.0340545;100;0.940531 -0.210169 -0.266892 -0.00663568 0.184864 0.975783 -0.116932 -1.74828 0.285004 0.0606395 0.956606 -1.33208 0 0 0 1 
38591597440032;0.317715;0.0390601;100;0.936566 0.295755 -0.188079 1.03134 -0.314789 0.945757 -0.0803257 1.43446 0.15412 0.134435 0.978864 -0.414914 0 0 0 1 
38591597440033;0.586776;0.0551201;100;0.924821 -0.102939 0.366209 0.480961 0.0850155 0.994271 0.0647872 0.0831928 -0.37078 -0.0287831 0.928275 1.46872 0 0 0 1 
38591597440034;0.22655;0.0455102;100;0.986028 -0.144437 0.0829867 -0.337089 0.158503 0.966747 -0.200689 -0.985131 -0.0512402 0.211038 0.976134 0.617846 0 0 0 1 
38591597440035;0.489052;0.0360061;100;0.986562 -0.089345 0.136793 -0.028534 0.102665 0.9903 -0.0936216 -1.23563 -0.127102 0.106407 0.986166 0.739867 0 0 0 1 
38591597440036;0.235684;0.0343642;100;0.98591 -0.167217 0.00450631 -0.138975 0.167275 0.985706 -0.020078 -0.547455 -0.0010845 0.0205489 0.999788 -0.0172704 0 0 0 1 
38591597440037;0.200232;0.0535342;100;0.994457 0.102677 0.022662 0.16152 -0.102691 0.994713 -0.000545308 0.374084 -0.0225981 -0.0017849 0.999743 -0.229203 0 0 0 1 
38591597440038;0.419626;0.0361622;100;0.947056 0.3127 -0.0728204 0.823181 -0.321024 0.925999 -0.19867 1.06814 0.00530749 0.211529 0.977357 0.829177 0 0 0 1 
38591597440039;0.360484;0.0395724;100;0.99877 -0.0159659 0.0469418 -0.0646662 0.0229324 0.988139 -0.151841 -0.265118 -0.0439607 0.15273 0.98729 -0.072481 0 0 0 1 
38591597440040;0.46013;0.0419497;100;0.880156 0.238322 -0.410521 1.38936 -0.246799 0.968501 0.0331134 0.923295 0.405482 0.0721711 0.91125 -1.93492 0 0 0 1 
38591597440041;0.266595;0.0404299;100;0.998341 0.0568848 0.0088795 -0.331987 -0.056977 0.99832 0.0105028 0.161098 -0.00826714 -0.0109913 0.999905 0.0482329 0 0 0 1 
38591597440042;0.263344;0.0404413;100;0.965378 0.217109 -0.144596 0.609595 -0.201361 0.972622 0.116016 0.472977 0.165825 -0.0828834 0.982666 -0.744967 0 0 0 1 
38591597440043;0.518284;0.0447916;100;0.961493 0.270003 -0.0512876 1.04683 -0.262983 0.958083 0.113656 1.07696 0.0798253 -0.095792 0.992195 -1.28267 0 0 0 1 
38591597440044;0.328581;0.0390715;100;0.963015 0.252674 0.0935849 0.555554 -0.244663 0.965501 -0.0891471 1.24132 -0.112881 0.0629533 0.991612 0.922583 0 0 0 1 
38591597440045;0.358212;0.042976;100;0.977799 0.167006 0.126559 0.146392 -0.170811 0.985106 0.0197547 0.921951 -0.121375 -0.0409338 0.991762 0.85997 0 0 0 1 
38591597440046;0.061941;0.0363304;100;0.999376 -0.00904009 0.0341398 -0.00758381 0.00810378 0.99959 0.0274651 -0.0274473 -0.0343741 -0.0271713 0.99904 0.0691918 0 0 0 1 
38591597440047;0.281023;0.0415457;100;0.982977 0.169079 -0.0718872 0.545618 -0.160537 0.980714 0.111478 0.407999 0.0893494 -0.0980397 0.991163 -0.952267 0 0 0 1 
38591597440048;0.595102;0.039547;100;0.986754 0.0497378 -0.154409 -0.0027468 -0.000265275 0.952331 0.305068 -0.863982 0.162221 -0.300986 0.93973 -2.04464 0 0 0 1 
38591597440049;0.461067;0.0371209;100;0.897548 0.123952 -0.423135 0.977256 -0.206802 0.965912 -0.155714 0.814565 0.38941 0.227266 0.892586 -1.63072 0 0 0 1 
38591597440050;0.266343;0.0414229;100;0.998754 0.0143288 -0.0477938 0.0595028 -0.0282576 0.951894 -0.305121 0.164607 0.0411227 0.306091 0.951114 0.140955 0 0 0 1 
38591597440051;0.432966;0.0323891;100;0.926615 0.190046 -0.324448 1.12624 -0.189373 0.981318 0.0339631 1.09041 0.324841 0.029971 0.945293 -1.18862 0 0 0 1 
38591597440052;0.0767887;0.0492796;100;0.994818 -0.0141408 0.100679 -0.0566096 0.016899 0.999503 -0.0265959 -0.125964 -0.100253 0.0281595 0.994563 0.434862 0 0 0 1 
38591597440053;0.465189;0.0466246;100;0.971743 0.2269 -0.0650521 0.96898 -0.220199 0.970681 0.0963936 1.41622 0.0850165 -0.0793455 0.993215 -0.434051 0 0 0 1 
38591597440054;0.503874;0.0465286;100;0.997045 0.0495804 0.0586834 -0.750515 -0.054178 0.995358 0.0795386 0.151413 -0.0544675 -0.0824829 0.995103 0.224854 0 0 0 1 
38591597440055;0.362809;0.031084;100;0.993042 -0.117438 0.00870227 -0.187693 0.117441 0.99308 0.000176682 -0.657046 -0.0086628 0.00084655 0.999962 -0.547879 0 0 0 1 
38591597440056;0.349297;0.0490649;100;0.950725 0.287005 0.117264 0.632512 -0.309639 0.89811 0.312285 0.876314 -0.0156883 -0.333207 0.942723 -0.371098 0 0 0 1 
38591597440057;0.335627;0.0341943;100;0.92727 -0.0185713 -0.373933 0.540273 0.0362075 0.998536 0.0401945 -0.125555 0.372639 -0.0508103 0.926584 -1.68068 0 0 0 1 
38591597440058;0.689618;0.052791;100;0.900933 0.430519 -0.0545203 0.487043 -0.429414 0.902569 0.0311833 2.02705 0.0626333 -0.00468227 0.998026 -0.657014 0 0 0 1 
38591597440059;0.45308;0.0431735;100;0.999939 0.0101764 0.0043203 -0.388557 -0.0101322 0.999897 -0.0101185 -0.369061 -0.00442283 0.0100741 0.999939 -0.550396 0 0 0 1 
38591597440060;0.265486;0.0369762;100;0.995716 -0.0900305 0.0210864 -0.00669689 0.0885104 0.993991 0.0644104 -0.661454 -0.0267586 -0.0622681 0.997701 0.289071 0 0 0 1 
38591597440062;0.128316;0.0468252;100;0.997108 -0.0758311 0.00502908 -0.242161 0.0742686 0.986322 0.147152 -0.49423 -0.016119 -0.146353 0.989101 -0.42587 0 0 0 1 
38591597440063;0.451456;0.0567254;100;0.995938 -0.0356666 0.0826741 -0.278206 0.00732822 0.947261 0.32038 -0.528147 -0.0897408 -0.318472 0.943675 0.191348 0 0 0 1 
38591597440064;0.130373;0.0453815;100;0.997754 0.0669839 0.000809975 0.00895057 -0.0666895 0.994364 -0.0824189 0.207565 -0.00632615 0.0821798 0.996597 0.168996 0 0 0 1 
38591597440065;0.480669;0.0533691;100;0.950322 0.0796989 0.300891 -0.0721036 -0.0571981 0.994917 -0.0828775 0.375174 -0.305967 0.0615499 0.95005 0.848101 0 0 0 1 
38591597440066;0.373674;0.044889;100;0.918191 0.0322645 0.394821 0.112128 -0.0727904 0.993449 0.0880967 0.375411 -0.389392 -0.109629 0.914525 1.65823 0 0 0 1 
38591597440067;0.212733;0.0523082;100;0.98432 0.142325 0.1042 0.271082 -0.165456 0.949743 0.26573 0.412729 -0.061143 -0.278804 0.9584 -0.400453 0 0 0 1 
38591597440068;0.0642751;0.0578662;100;0.998256 -0.0400302 -0.0433821 -0.174606 0.037464 0.997588 -0.0584331 -0.128312 0.0456165 0.0567059 0.997348 -0.0502811 0 0 0 1 
38591597440069;0.225205;0.0441714;100;0.994038 -0.0521658 -0.0957452 -0.134796 0.0449347 0.996081 -0.076187 -0.178812 0.0993443 0.0714305 0.992486 -0.643107 0 0 0 1 
38591597440070;0.596655;0.0434598;100;0.982794 -0.135975 0.125011 -1.05296 0.148707 0.983927 -0.0988634 0.00219919 -0.109558 0.115752 0.987217 0.481962 0 0 0 1 
38591597440071;0.538974;0.0469906;100;0.968161 0.203178 0.146231 0.239572 -0.231292 0.949486 0.212087 1.22184 -0.095753 -0.239157 0.966248 0.422418 0 0 0 1 
38591597440072;0.398938;0.0441648;100;0.986548 0.084533 -0.139918 0.363657 -0.130149 0.924073 -0.359376 0.901372 0.0989154 0.372752 0.922644 0.198136 0 0 0 1 
38591597440073;0.454646;0.0422542;100;0.970999 0.238556 0.0158499 0.174307 -0.238543 0.971128 -0.0027131 0.738176 -0.0160396 -0.00114648 0.999871 -0.334724 0 0 0 1 
38591597440074;0.403252;0.0468588;100;0.995092 -0.0988766 0.00389982 0.336377 0.0989533 0.994391 -0.0373398 -0.38067 -0.000185913 0.0375424 0.999295 0.262399 0 0 0 1 
38591597440075;0.606683;0.0601366;100;0.998841 -0.0415698 -0.0242704 0.290506 0.026898 0.900143 -0.434763 0.00113012 0.0399198 0.433606 0.900218 1.67891 0 0 0 1 
38591597440076;0.528752;0.0515844;100;0.999283 0.0246786 -0.0287286 -0.626885 -0.0239041 0.99935 0.0269962 0.212351 0.0293761 -0.0262901 0.999223 0.310647 0 0 0 1 
38591597440077;0.46683;0.0512796;100;0.92 0.290724 0.262829 0.730353 -0.326875 0.93918 0.105327 1.70367 -0.216223 -0.182813 0.959076 0.436493 0 0 0 1 
38591597440078;0.164495;0.0437002;100;0.999935 -0.00766246 0.00845744 -0.335285 0.0077219 0.999946 -0.00701818 -0.0798989 -0.0084032 0.00708303 0.99994 0.095754 0 0 0 1 
38591597440079;0.383028;0.054895;100;0.93447 0.0697811 0.349137 0.474367 -0.126015 0.981954 0.14102 0.364396 -0.332996 -0.175775 0.9264 0.600204 0 0 0 1 
38591597440080;0.593423;0.0408563;100;0.944509 -0.324866 -0.0486384 -0.283552 0.325375 0.945581 0.00272246 -1.29339 0.0451071 -0.0183971 0.998813 0.438147 0 0 0 1 
38591597440081;0.611108;0.0486588;100;0.940143 -0.0101967 -0.340627 0.922228 -0.104553 0.942716 -0.31679 0.444098 0.324344 0.333442 0.885222 -1.15863 0 0 0 1 
38591597440082;0.502695;0.052159;100;0.910223 0.413609 0.0205172 1.18361 -0.41395 0.907327 0.0735026 1.62193 0.0117855 -0.0753969 0.997084 -0.806053 0 0 0 1 
38591597440083;0.715049;0.0548794;100;0.909361 -0.371421 0.187376 -0.551796 0.401771 0.900936 -0.163993 -2.19284 -0.107903 0.224411 0.968502 2.00089 0 0 0 1 
38591597440084;0.378082;0.0652179;100;0.988726 -0.00454002 0.149664 -0.24494 -0.0247167 0.980879 0.19304 -0.0857994 -0.147679 -0.194563 0.969709 -0.445568 0 0 0 1 
38591597440085;0.428084;0.0555318;100;0.942586 0.333044 0.0247516 1.22463 -0.332583 0.942841 -0.0209804 0.776682 -0.0303243 0.0115439 0.999473 0.213975 0 0 0 1 
38591597440086;0.348552;0.0496052;100;0.951813 0.213574 -0.220087 0.784916 -0.277697 0.904744 -0.322991 1.07026 0.13014 0.368545 0.920456 0.554687 0 0 0 1 
38591597440087;0.456571;0.0435502;100;0.971746 -0.234278 -0.0287015 -0.996488 0.23503 0.97163 0.0263908 -1.27679 0.0217044 -0.0323909 0.99924 -0.675688 0 0 0 1 
38591597440088;0.581918;0.0533453;100;0.991507 0.0409804 0.123432 -0.459829 -0.0439589 0.998802 0.0215038 0.518885 -0.122403 -0.0267471 0.99212 -0.324355 0 0 0 1 
38591597440089;0.343578;0.0427942;100;0.975804 -0.18055 -0.123323 -0.268326 0.136522 0.943688 -0.301354 -0.458213 0.170788 0.277226 0.945504 -0.409335 0 0 0 1 
38591597440090;0.290589;0.05603;100;0.994398 -0.102069 0.0274608 -0.260208 0.101792 0.994742 0.0112948 -0.129901 -0.0284692 -0.00843619 0.999559 0.336723 0 0 0 1 
38591597440091;0.344699;0.0568293;100;0.913352 -0.402079 0.0641985 -0.715834 0.406261 0.91045 -0.0776721 -2.14598 -0.0272193 0.0970233 0.99491 0.392875 0 0 0 1 
38591597440093;0.395285;0.0305905;100;0.920139 -0.329011 0.212356 -0.00630361 0.34074 0.939942 -0.0201377 -0.0815467 -0.192977 0.0908877 0.976985 -0.222901 0 0 0 1 
38591597440094;0.48271;0.0204127;100;0.900376 0.0975401 0.424039 0.0736176 -0.131551 0.989965 0.0516079 0.463818 -0.41475 -0.102249 0.904172 -0.11614 0 0 0 1 
38591597440095;0.208258;0.025467;100;0.966162 0.257874 -0.00568562 -0.115554 -0.257577 0.965744 0.0315199 0.249695 0.013619 -0.0289888 0.999487 0.000633442 0 0 0 1 
38591597440096;0.348707;0.0275125;100;0.905552 0.365456 -0.215449 0.0435797 -0.325107 0.924069 0.200999 0.32975 0.272546 -0.111971 0.955605 -0.0553023 0 0 0 1 
38591597440097;0.0996698;0.0199656;100;0.995751 -0.0863262 -0.032051 0.0596294 0.0861085 0.996253 -0.00811415 -0.135238 0.0326314 0.00531981 0.999453 0.0806706 0 0 0 1 
38591597440098;0.341585;0.0247714;100;0.918147 -0.299416 0.25953 0.206993 0.268567 0.951825 0.147988 -0.433307 -0.291337 -0.0661733 0.954329 0.418008 0 0 0 1 
38591597440099;0.517514;0.0256966;100;0.867599 0.254529 0.427185 -0.635144 -0.282057 0.959397 0.00121219 0.572902 -0.409531 -0.121542 0.904163 0.509281 0 0 0 1 
38591597440100;0.554576;0.0210409;100;0.899684 0.240147 0.364552 -0.811933 -0.225309 0.970711 -0.0834062 -0.316592 -0.373905 -0.00709779 0.92744 0.376361 0 0 0 1 
38591597440101;0.308911;0.0128813;100;0.997479 0.0110173 -0.0700981 0.412431 -0.0122805 0.999769 -0.0176144 -0.183007 0.0698879 0.0184309 0.997385 -0.676365 0 0 0 1 
38591597440102;0.281264;0.0242253;100;0.965111 0.229017 0.126935 -0.123251 -0.251459 0.945808 0.205466 0.488223 -0.0730005 -0.230216 0.970398 0.0610842 0 0 0 1 
38591597440103;0.458862;0.0226754;100;0.940631 -0.325143 0.0974462 0.727274 0.305916 0.936455 0.17166 -0.770764 -0.147068 -0.131659 0.980325 -0.0708514 0 0 0 1 
38591597440104;0.179607;0.0256334;100;0.98026 0.0441461 -0.19272 0.143923 -0.0339024 0.997848 0.0561324 -0.145106 0.194783 -0.0484907 0.979647 -0.243177 0 0 0 1 
38591597440105;0.407802;0.0277242;100;0.892412 -0.449327 -0.0413044 0.587824 0.447954 0.893226 -0.0385262 -0.488156 0.054205 0.0158788 0.998404 -0.131388 0 0 0 1 
38591597440106;0.119513;0.0227314;100;0.998083 -0.00752921 0.0614273 -0.112609 0.0111739 0.998183 -0.0592072 0.0797819 -0.0608699 0.0597801 0.996354 -0.124804 0 0 0 1 
38591597440107;0.268114;0.0272039;100;0.956716 -0.290637 -0.0149533 0.0320623 0.288692 0.954292 -0.0773521 -0.121158 0.0367512 0.0696871 0.996892 0.0643448 0 0 0 1 
38591597440108;0.407271;0.0210182;100;0.925198 0.35685 -0.129101 -0.319848 -0.336949 0.928991 0.153103 0.39064 0.174569 -0.0981497 0.979741 0.325205 0 0 0 1 
38591597440109;0.443389;0.0205679;100;0.975109 0.159908 0.153594 -0.709621 -0.183918 0.970242 0.157496 -0.52839 -0.123839 -0.181825 0.975502 0.0870987 0 0 0 1 
38591597440110;0.432632;0.026451;100;0.972554 -0.0749171 0.220286 -0.586631 0.131692 0.957746 -0.255693 0.435238 -0.191823 0.277685 0.941326 0.0373422 0 0 0 1 
38591597440111;0.338245;0.0244175;100;0.911884 0.347121 -0.21903 0.0701085 -0.341424 0.937686 0.0646107 0.148818 0.227809 0.0158646 0.973577 -0.0192508 0 0 0 1 
38591597440112;0.277197;0.0172771;100;0.970588 0.13655 0.198276 -0.341914 -0.100036 0.977868 -0.183755 -0.0595423 -0.218979 0.158516 0.962767 0.245597 0 0 0 1 
38591597440113;0.357829;0.0172997;100;0.959384 0.281841 0.0121482 -0.118925 -0.281933 0.956426 0.0759217 0.195808 0.00977902 -0.0762631 0.99704 -0.534826 0 0 0 1 
38591597440114;0.246214;0.017056;100;0.973866 0.222765 0.0442875 -0.168242 -0.215223 0.967413 -0.133384 0.476452 -0.0725577 0.120367 0.990074 -0.0510837 0 0 0 1 
38591597440115;0.388473;0.0237517;100;0.881415 -0.357322 0.308915 0.177225 0.380518 0.924632 -0.0161932 -0.388359 -0.279846 0.13182 0.950952 0.33922 0 0 0 1 
38591597440116;0.336493;0.0291696;100;0.942582 -0.298733 0.149323 0.276889 0.332331 0.883273 -0.330735 -0.0040448 -0.0330909 0.361369 0.931835 -0.20403 0 0 0 1 
38591597440117;0.374866;0.0257777;100;0.999734 0.0211403 -0.00923576 0.856884 -0.0208962 0.999449 0.0257771 -0.216929 0.00977561 -0.0255773 0.999625 0.23177 0 0 0 1 
38591597440118;0.178075;0.0232282;100;0.985878 -0.135325 0.0986489 0.0660356 0.155032 0.960261 -0.232087 0.0098233 -0.0633215 0.244103 0.96768 -0.0240793 0 0 0 1 
38591597440119;0.473817;0.0254289;100;0.984209 -0.17458 0.0292318 1.05417 0.17489 0.984552 -0.00839218 -0.384241 -0.0273152 0.013372 0.999537 0.381843 0 0 0 1 
38591597440120;0.215098;0.0238424;100;0.968644 -0.248196 0.0113328 0.260138 0.248069 0.968674 0.0114868 -0.321061 -0.0138287 -0.00831532 0.99987 0.0202612 0 0 0 1 
38591597440121;0.418127;0.0264431;100;0.991891 0.0931124 0.0864973 0.0396984 -0.0988779 0.992978 0.0649448 -0.021985 -0.0798427 -0.0729709 0.994133 1.06681 0 0 0 1 
38591597440122;0.192825;0.0229636;100;0.972007 0.233146 0.0290633 -0.143849 -0.234949 0.965004 0.116474 0.162359 -0.000890601 -0.120042 0.992768 0.103328 0 0 0 1 
38591597440124;0.0779043;0.0542882;100;0.999142 0.023153 -0.0343356 0.0786465 -0.02377 0.999561 -0.0176728 0.118424 0.0339113 0.0184738 0.999254 0.144254 0 0 0 1 
38591597440125;0.14453;0.0551708;100;0.998764 0.0144353 -0.047564 0.154002 -0.0028684 0.972045 0.234777 -0.15264 0.0496234 -0.23435 0.970885 -0.577218 0 0 0 1 
38591597440126;0.34028;0.043101;100;0.952691 -0.155368 0.261228 -0.698366 0.189918 0.975329 -0.112538 -0.211771 -0.237298 0.156826 0.958695 0.298655 0 0 0 1 
38591597440127;0.280733;0.0481867;100;0.975589 -0.109039 0.190622 -0.466215 0.104316 0.99394 0.0346708 0.262791 -0.193247 -0.0139396 0.981051 0.258672 0 0 0 1 
38591597440128;0.300881;0.0520137;100;0.931637 0.361047 -0.0412062 0.986492 -0.345254 0.914806 0.209592 0.058472 0.113368 -0.181037 0.97692 -0.542263 0 0 0 1 
38591597440129;0.231531;0.0541292;100;0.958085 0.0906457 -0.271767 0.561672 -0.0303165 0.975377 0.218452 0.0097355 0.284877 -0.201056 0.937241 -0.718998 0 0 0 1 
38591597440130;0.346361;0.0547498;100;0.992206 -0.122733 0.021544 -0.336632 0.122506 0.9924 0.0115777 -0.710991 -0.0228013 -0.00884815 0.999701 -0.22203 0 0 0 1 
38591597440131;0.336968;0.0473119;100;0.929394 -0.364162 0.0601149 -0.792306 0.361625 0.931029 0.0491249 -0.506476 -0.0738581 -0.0239174 0.996982 0.0713498 0 0 0 1 
38591597440132;0.344656;0.061805;100;0.901206 0.356944 -0.245803 1.17539 -0.37322 0.927494 -0.0214976 0.189369 0.220307 0.111112 0.969081 0.234152 0 0 0 1 
38591597440133;0.350181;0.0523513;100;0.98784 0.154688 0.0155794 0.266439 -0.152189 0.982601 -0.106462 -0.390708 -0.0317767 0.102796 0.994195 0.48396 0 0 0 1 
38591597440134;0.561974;0.0504711;100;0.902813 -0.35936 0.236198 -0.384768 0.356949 0.932536 0.05444 -0.272198 -0.239827 0.0351615 0.970179 0.904064 0 0 0 1 
38591597440135;0.216019;0.0473147;100;0.97876 -0.0302657 -0.202762 0.223424 0.0569331 0.990266 0.12701 -0.239276 0.196944 -0.135856 0.970956 -0.567112 0 0 0 1 
38591597440136;0.499684;0.0514295;100;0.969915 -0.243439 0.0015813 -0.178827 0.242513 0.966752 0.0811078 -0.682796 -0.0212736 -0.0782841 0.996704 -0.856593 0 0 0 1 
38591597440137;0.297035;0.0513534;100;0.994374 0.104985 0.014068 0.15018 -0.104007 0.992883 -0.0580135 0.731618 -0.0200584 0.056224 0.998217 0.127326 0 0 0 1 
38591597440138;0.314957;0.0486949;100;0.937612 0.275723 0.211802 0.761158 -0.283826 0.95884 0.0082371 0.349797 -0.200813 -0.0678381 0.977278 -0.101286 0 0 0 1 
38591597440139;0.155913;0.0568859;100;0.994974 -0.00449509 0.100034 0.20252 0.0205549 0.986887 -0.1601 0.172505 -0.0980026 0.161351 0.982019 0.61152 0 0 0 1 
38591597440140;0.442404;0.0647121;100;0.984021 -0.0638771 0.166198 -0.0922395 0.0126472 0.956149 0.292608 -0.195254 -0.177601 -0.285831 0.941679 0.161073 0 0 0 1 
38591597440141;0.257242;0.0540353;100;0.976251 0.172454 -0.131124 0.785164 -0.111537 0.918976 0.378211 -0.327226 0.185724 -0.354604 0.916386 -1.08775 0 0 0 1 
38591597440142;0.222719;0.0521079;100;0.977522 0.122799 0.171382 0.282817 -0.125475 0.992085 0.00483148 0.196838 -0.169432 -0.0262271 0.985193 0.287613 0 0 0 1 
38591597440143;0.482302;0.056192;100;0.940904 0.178412 -0.287869 0.864937 -0.0928578 0.95332 0.28733 -0.779948 0.325694 -0.243619 0.91355 -0.764002 0 0 0 1 
38591597440144;0.255934;0.0553189;100;0.996707 0.0795297 -0.0157915 0.355153 -0.0793334 0.996767 0.0126899 0.370345 0.0167497 -0.0113953 0.999795 -0.525851 0 0 0 1 
38591597440145;0.370694;0.0540625;100;0.919473 -0.332182 -0.210295 -0.458002 0.31329 0.94223 -0.118544 -0.31523 0.237524 0.0431143 0.970424 -0.149378 0 0 0 1 
38591597440146;0.299941;0.0595602;100;0.996012 0.0658664 -0.0601785 0.264281 -0.0713724 0.992967 -0.0944624 -0.0860397 0.0535334 0.0983807 0.993708 0.771315 0 0 0 1 
38591597440147;0.410512;0.0448253;100;0.983947 -0.176235 0.0281148 -0.747393 0.176234 0.984345 0.00253414 0.162085 -0.0281213 0.00246131 0.999601 -0.611675 0 0 0 1 
38591597440148;0.471802;0.0604053;100;0.896286 -0.414355 -0.158056 -0.535968 0.424547 0.9047 0.0357357 -0.617695 0.128186 -0.0991316 0.986783 -0.204915 0 0 0 1 
38591597440149;0.337741;0.0482952;100;0.999972 0.00238588 -0.00708231 0.140241 -0.00242847 0.999979 -0.00601095 0.301456 0.00706782 0.00602798 0.999957 -0.691996 0 0 0 1 
38591597440150;0.131256;0.0533296;100;0.998779 -0.0488022 -0.00763038 -0.142871 0.0487702 0.998801 -0.00432468 0.0862476 0.00783228 0.00394727 0.999962 -0.208031 0 0 0 1 
38591597440151;0.387023;0.0493025;100;0.963194 -0.249135 -0.10094 -0.455675 0.250938 0.967988 0.00538075 -0.664042 0.0963686 -0.0305125 0.994878 0.21929 0 0 0 1 
38591597440152;0.263342;0.0472266;100;0.960521 -0.27792 -0.0126714 -0.526004 0.278192 0.959969 0.0326959 -0.329575 0.00307726 -0.0349302 0.999385 -0.0503827 0 0 0 1 
38591597440153;0.441403;0.0548294;100;0.988903 0.137627 -0.0559492 0.444332 -0.127754 0.979996 0.152602 0.610476 0.0758322 -0.143761 0.986703 0.231441 0 0 0 1 
38591597440155;0.258376;0.0077032;100;0.998725 0.043066 0.0263403 -0.603101 -0.0442017 0.998046 0.0441698 0.235578 -0.0243866 -0.0452777 0.998677 0.520134 0 0 0 1 
38591597440156;0.221561;0.00674433;100;0.999767 0.0113267 -0.0183725 0.0326837 -0.012719 0.996909 -0.0775229 0.00229524 0.0174376 0.0777385 0.996821 -0.707225 0 0 0 1 
38591597440157;0.430412;0.00656608;100;0.909036 -0.416171 -0.0213393 0.816752 0.405635 0.89543 -0.183482 0.164098 0.0954678 0.158136 0.982791 -0.396164 0 0 0 1 
38591597440158;0.209175;0.00816823;100;0.987647 0.0353244 0.152663 -0.0999214 -0.0417688 0.998357 0.0392137 0.176022 -0.151027 -0.0451059 0.9875 0.63967 0 0 0 1 
38591597440159;0.222826;0.00742681;100;0.963685 -0.222745 -0.147293 -0.0152085 0.212869 0.973807 -0.0799209 -0.235769 0.161237 0.0456645 0.985859 -0.230021 0 0 0 1 
38591597440160;0.348174;0.0054805;100;0.99794 0.0468801 -0.0438015 -0.268004 -0.0499685 0.99613 -0.0723014 0.920258 0.0402425 0.0743411 0.996421 -0.550955 0 0 0 1 
38591597440161;0.528254;0.00682334;100;0.88489 -0.465779 0.00443625 1.20306 0.465488 0.883908 -0.0450395 -0.489551 0.0170572 0.04192 0.998975 0.161179 0 0 0 1 
38591597440162;0.274646;0.00590673;100;0.997619 -0.0681348 -0.0106313 -0.739156 0.0682089 0.997648 0.00677137 -0.025254 0.010145 -0.00748041 0.999921 -0.13485 0 0 0 1 
38591597440163;0.298037;0.00805951;100;0.962143 -0.270191 -0.0357436 0.589591 0.271744 0.961078 0.0498451 -0.155282 0.0208847 -0.0576712 0.998117 -0.270684 0 0 0 1 
38591597440164;0.263298;0.00682576;100;0.976663 0.182834 -0.112699 -0.265019 -0.178278 0.982742 0.0493453 0.0942763 0.119776 -0.028102 0.992403 0.539616 0 0 0 1 
38591597440165;0.352749;0.00729788;100;0.977388 0.209216 -0.0306789 -0.603282 -0.210994 0.955392 -0.20666 0.59284 -0.0139262 0.20846 0.977932 -0.416456 0 0 0 1 
38591597440166;0.206209;0.00896981;100;0.98275 -0.182585 0.0294009 0.340853 0.183914 0.981581 -0.0517138 0.197097 -0.0194172 0.056229 0.998229 -0.199149 0 0 0 1 
38591597440167;0.319448;0.00637772;100;0.99993 -0.00513461 0.0106778 0.358172 0.00516303 0.999983 -0.00263534 -0.461619 -0.0106641 0.00269029 0.99994 -0.756968 0 0 0 1 
38591597440168;0.116047;0.00670246;100;0.999761 0.0183767 -0.0118252 -0.0298024 -0.0197853 0.990947 -0.132787 0.132773 0.00927795 0.132989 0.991074 -0.212656 0 0 0 1 
38591597440169;0.218803;0.0074929;100;0.997499 -0.027653 0.0650457 0.0032249 0.0110776 0.97008 0.242533 -0.209049 -0.0698062 -0.241206 0.96796 0.474061 0 0 0 1 
38591597440170;0.167043;0.00744463;100;0.999687 0.00826294 -0.02362 0.0578168 -0.00813907 0.999953 0.00533545 -0.0873941 0.023663 -0.00514153 0.999707 -0.487844 0 0 0 1 
38591597440171;0.339075;0.00679187;100;0.9618 -0.255038 0.0994845 0.475474 0.256759 0.966464 -0.0046809 0.0823591 -0.0949544 0.0300456 0.995028 0.670941 0 0 0 1 
38591597440172;0.374586;0.00816361;100;0.976559 -0.0866226 -0.197051 1.05857 0.0502465 0.981898 -0.182623 0.088495 0.209303 0.168441 0.963234 -0.03752 0 0 0 1 
38591597440173;0.118391;0.0053317;100;0.997754 0.027504 0.0610729 -0.30899 -0.0251879 0.998946 -0.0383747 0.0286937 -0.062064 0.0367502 0.997395 0.16716 0 0 0 1 
38591597440174;0.158802;0.00721237;100;0.993138 -0.0376842 0.110712 -0.120896 0.015051 0.979975 0.19855 -0.0788239 -0.115977 -0.195522 0.973818 0.198811 0 0 0 1 
38591597440175;0.263758;0.00639734;100;0.963466 0.182704 0.195836 -0.563903 -0.19783 0.978366 0.0605172 0.0879001 -0.180542 -0.0970485 0.978768 0.357905 0 0 0 1 
38591597440176;0.174741;0.00510585;100;0.998586 -0.0521213 0.0104627 0.0652257 0.0494903 0.983316 0.175044 -0.345021 -0.0194117 -0.174279 0.984505 0.143962 0 0 0 1 
38591597440177;0.253101;0.00726057;100;0.99254 0.119639 0.0234827 -0.608346 -0.118975 0.992505 -0.0279008 -0.325371 -0.0266447 0.0248988 0.999335 -0.199928 0 0 0 1 
38591597440178;0.247175;0.00610907;100;0.996564 0.0779789 0.0279204 -0.359814 -0.0764935 0.995774 -0.0508133 -0.566035 -0.0317648 0.0485029 0.998318 -0.16622 0 0 0 1 
38591597440179;0.388374;0.00720269;100;0.891955 -0.448716 0.055411 0.38629 0.450861 0.891912 -0.0348969 0.284756 -0.033763 0.0561092 0.997854 0.132799 0 0 0 1 
38591597440180;0.287474;0.00664878;100;0.906248 0.290038 -0.307558 -0.0451205 -0.275076 0.957014 0.0919615 0.236718 0.32101 0.00126193 0.947075 -0.340285 0 0 0 1 
38591597440181;0.269146;0.00699264;100;0.998909 -0.0333795 0.0326609 0.220191 0.0300713 0.994829 0.0970102 -0.747566 -0.0357302 -0.0959222 0.994747 -0.132321 0 0 0 1 
38591597440182;0.36237;0.0065622;100;0.950893 0.284464 0.121995 -0.737523 -0.300009 0.94402 0.137188 0.0880535 -0.0761413 -0.16705 0.983004 -0.15588 0 0 0 1 
38591597440183;0.418551;0.00893224;100;0.93553 -0.352312 0.0256844 0.872919 0.351501 0.921225 -0.166706 -0.450434 0.0350713 0.164986 0.985672 -0.123361 0 0 0 1 
38591597440184;0.369769;0.00682571;100;0.999588 -0.0223286 0.0180237 -0.813703 0.0247668 0.98854 -0.148913 -0.0647146 -0.0144921 0.149298 0.988686 -0.695056 0 0 0 1 
38591597440186;0.226268;0.0455159;100;0.999985 -0.00161911 0.00522762 -0.123979 0.00155611 0.999926 0.0120345 -0.286901 -0.00524672 -0.0120261 0.999914 0.0575348 0 0 0 1 
38591597440187;0.539163;0.0682902;100;0.956558 -0.279425 0.0831716 0.343723 0.278075 0.960162 0.0276376 -1.12483 -0.0875809 -0.0033091 0.996152 0.726502 0 0 0 1 
38591597440188;0.243538;0.0580028;100;0.9714 0.183973 0.150119 -0.184501 -0.20534 0.968331 0.142021 0.542813 -0.119237 -0.168784 0.978414 0.439202 0 0 0 1 
38591597440189;0.327282;0.0486055;100;0.998088 -0.0173117 -0.0593304 0.156466 0.0206196 0.99824 0.0556033 -0.152684 0.0582634 -0.0567203 0.996689 -0.618922 0 0 0 1 
38591597440190;0.477387;0.0402391;100;0.945482 0.115852 0.304373 -0.0937499 -0.19056 0.954697 0.228561 0.446354 -0.264105 -0.274102 0.924725 1.36814 0 0 0 1 
38591597440191;0.452785;0.0546645;100;0.99278 0.00397981 0.119886 -0.044423 -0.0574443 0.893164 0.446047 -0.0944261 -0.105303 -0.449713 0.886944 0.923904 0 0 0 1 
38591597440192;0.627235;0.0647386;100;0.923219 -0.384164 0.0091676 0.577029 0.381339 0.918851 0.101457 -1.05501 -0.0473999 -0.0901715 0.994798 0.791642 0 0 0 1 
38591597440193;0.3706;0.0436345;100;0.999915 0.00766583 0.0105148 -0.113222 -0.00607427 0.989585 -0.14382 0.238974 -0.0115078 0.143744 0.989548 -0.497539 0 0 0 1 
38591597440194;0.358294;0.0609782;100;0.982541 0.158419 0.0975488 0.298607 -0.159244 0.987239 0.000688869 0.119541 -0.0961949 -0.016211 0.995231 0.146106 0 0 0 1 
38591597440195;0.380792;0.0560515;100;0.93006 0.300396 -0.211541 0.0766209 -0.302578 0.952853 0.0227742 0.798293 0.208409 0.0428263 0.977104 -0.311172 0 0 0 1 
38591597440196;0.614704;0.0522431;100;0.939201 -0.308082 -0.151613 0.0149017 0.339233 0.90085 0.270906 -0.613632 0.0531191 -0.305868 0.950591 -0.094664 0 0 0 1 
38591597440197;0.540834;0.0491781;100;0.946789 0.308241 -0.092615 0.61253 -0.311933 0.949689 -0.0280891 0.938214 0.0792972 0.0554841 0.995306 0.0164099 0 0 0 1 
38591597440198;0.653732;0.0484433;100;0.972418 0.231099 -0.0315814 0.0672831 -0.230968 0.935174 -0.268522 0.28976 -0.032521 0.26841 0.962756 0.512619 0 0 0 1 
38591597440199;0.0659977;0.0479639;100;0.999763 -0.0192332 0.0101675 -0.0407791 0.0193058 0.999788 -0.00708887 -0.0789918 -0.010029 0.00728349 0.999923 -0.0079105 0 0 0 1 
38591597440200;0.599375;0.0304636;100;0.998316 0.0565917 -0.0127802 0.519209 -0.0565715 0.998397 0.00193276 0.754303 0.0128691 -0.00120651 0.999916 0.116451 0 0 0 1 
38591597440201;0.617035;0.0411186;100;0.995467 0.0590258 0.0745715 0.396025 -0.0397567 0.970569 -0.237519 0.198759 -0.0863965 0.233477 0.968516 -0.538086 0 0 0 1 
38591597440202;0.728849;0.0511444;100;0.908482 -0.0466287 -0.415314 0.587735 0.156746 0.95923 0.23518 -0.732401 0.387415 -0.278755 0.878752 -0.0911741 0 0 0 1 
38591597440203;0.628996;0.0448902;100;0.957953 0.285457 -0.0289847 0.728 -0.284388 0.95803 0.0360889 0.88784 0.03807 -0.0263286 0.998928 0.10584 0 0 0 1 
38591597440204;0.361491;0.0731263;100;0.972264 -0.232532 -0.02512 0.0705658 0.233397 0.971557 0.0400318 -0.642865 0.0150968 -0.0447844 0.998883 0.236152 0 0 0 1 
38591597440205;0.426394;0.0548191;100;0.978706 0.154444 0.135211 -0.379049 -0.180329 0.961598 0.206905 0.294674 -0.0980639 -0.226882 0.968973 0.70947 0 0 0 1 
38591597440206;0.39785;0.0555486;100;0.98175 0.106668 0.157442 0.0139905 -0.157199 0.921095 0.356191 0.264957 -0.107025 -0.37444 0.921054 0.814181 0 0 0 1 
38591597440207;0.654746;0.0530037;100;0.986483 0.159996 0.0353804 -0.557436 -0.161732 0.985391 0.0533608 -0.190806 -0.0263261 -0.0583617 0.997948 0.437746 0 0 0 1 
38591597440208;0.405729;0.0435531;100;0.963689 -0.0355633 0.264649 -0.148442 -0.0200019 0.978693 0.204351 -0.421657 -0.266277 -0.202224 0.942445 0.594836 0 0 0 1 
38591597440209;0.302589;0.0586533;100;0.940759 0.33906 -0.00339339 -0.138832 -0.338852 0.940452 0.0270145 0.930422 0.0123509 -0.0242643 0.999629 0.0211083 0 0 0 1 
38591597440210;0.290612;0.0512379;100;0.995679 0.0896764 -0.0241014 -0.083423 -0.0927528 0.972848 -0.212046 0.405043 0.0044315 0.213365 0.976963 0.0517002 0 0 0 1 
38591597440211;0.669792;0.0578103;100;0.981897 0.155135 0.108676 -0.277014 -0.1686 0.977311 0.128209 -0.454799 -0.0863206 -0.144211 0.985775 0.53469 0 0 0 1 
38591597440212;0.674895;0.0630699;100;0.922608 0.118271 0.36716 0.76082 -0.234573 0.927639 0.290624 0.632577 -0.306219 -0.354258 0.88359 1.1466 0 0 0 1 
38591597440213;0.74739;0.064624;100;0.989027 0.0672871 -0.131525 0.116833 -0.0352413 0.972013 0.23227 -0.997141 0.143473 -0.225086 0.963718 -0.0351199 0 0 0 1 
38591597440214;0.177349;0.0498439;100;0.999712 -0.000448284 -0.0239776 0.100975 -0.0039247 0.983287 -0.182018 0.0238453 0.0236585 0.18206 0.983003 -0.274113 0 0 0 1 
38591597440215;0.720627;0.0588746;100;0.991471 0.0663105 -0.112198 -0.0177066 -0.0740164 0.995073 -0.0659673 0.521289 0.107271 0.0737092 0.991494 -1.31106 0 0 0 1 
38591597440217;0.284412;0.0278977;100;0.999909 -0.0129971 -0.00355009 0.240366 0.0130347 0.999857 0.0107821 0.0412924 0.00340945 -0.0108274 0.999936 0.601523 0 0 0 1 
38591597440218;0.175507;0.0274874;100;0.980939 0.191034 -0.0355688 -0.136257 -0.192359 0.980568 -0.0385336 0.239945 0.0275164 0.0446411 0.998624 -0.0435072 0 0 0 1 
38591597440219;0.263573;0.0272604;100;0.983464 0.181067 0.00355111 -0.17248 -0.181061 0.98347 -0.00203607 0.342986 -0.00386108 0.00135943 0.999992 0.400376 0 0 0 1 
38591597440220;0.260161;0.0293782;100;0.998715 0.0333391 -0.0381687 0.051966 -0.0320656 0.998924 0.0335039 0.511814 0.0392446 -0.0322369 0.998709 0.216932 0 0 0 1 
38591597440221;0.443483;0.0248334;100;0.993932 -0.0918001 -0.0605972 0.933088 0.101945 0.975679 0.194057 0.0976498 0.0413089 -0.199057 0.979117 0.374031 0 0 0 1 
38591597440222;0.400675;0.0328811;100;0.995267 0.0929153 0.0284791 -0.255572 -0.0936381 0.995288 0.0251916 0.302482 -0.0260042 -0.0277391 0.999277 -0.825358 0 0 0 1 
38591597440223;0.500048;0.0314158;100;0.89897 0.431713 0.0740008 -0.45925 -0.435818 0.898493 0.0526582 0.969127 -0.043756 -0.0795891 0.995867 0.410841 0 0 0 1 
38591597440224;0.319063;0.0261404;100;0.99964 0.0244607 -0.0109874 0.16668 -0.0244731 0.9997 -0.000998707 0.157357 0.0109597 0.00126724 0.999939 -0.75167 0 0 0 1 
38591597440225;0.246702;0.0262826;100;0.986287 -0.102994 0.128961 0.147361 0.080077 0.981881 0.17175 0.148737 -0.144313 -0.159068 0.976663 -0.0653582 0 0 0 1 
38591597440226;0.422905;0.0261394;100;0.884172 0.406199 0.230744 -0.282888 -0.356734 0.905975 -0.227923 0.541828 -0.301631 0.119209 0.945943 0.304727 0 0 0 1 
38591597440227;0.114525;0.0287148;100;0.998698 0.00155889 0.0509881 -0.0789951 -0.00623255 0.995773 0.0916317 -0.287101 -0.0506298 -0.0918302 0.994487 0.0301624 0 0 0 1 
38591597440228;0.227089;0.0322048;100;0.963435 -0.264714 0.0414775 0.127854 0.266405 0.962921 -0.042558 -0.1598 -0.0286739 0.0520517 0.998233 0.0639774 0 0 0 1 
38591597440229;0.366377;0.026257;100;0.962628 0.268947 0.0318514 -0.527336 -0.267049 0.962189 -0.0536417 0.606379 -0.0450738 0.0431311 0.998052 -0.220653 0 0 0 1 
38591597440230;0.40791;0.0314381;100;0.999889 0.00961825 0.0113654 -0.0419253 -0.0104246 0.997266 0.0731586 -0.0735404 -0.0106307 -0.073269 0.997256 0.996189 0 0 0 1 
38591597440231;0.122929;0.0305578;100;0.997298 0.062608 -0.0384238 0.0988048 -0.0588502 0.994003 0.0921651 -0.235266 0.0439636 -0.0896549 0.995002 0.0551542 0 0 0 1 
38591597440232;0.235296;0.029635;100;0.965235 -0.259402 0.0321307 0.29048 0.258972 0.965736 0.0169849 -0.30161 -0.0354357 -0.00807345 0.999339 -0.0288225 0 0 0 1 
38591597440233;0.450082;0.0284196;100;0.909447 -0.00593276 -0.415777 0.656448 0.120748 0.96058 0.250411 -0.431418 0.397902 -0.27794 0.874313 -0.401562 0 0 0 1 
38591597440234;0.442338;0.0351562;100;0.89099 -0.451211 -0.0504495 0.512745 0.442028 0.887452 -0.130541 0.00406952 0.103673 0.0940109 0.990158 -0.245124 0 0 0 1 
38591597440235;0.600621;0.0304755;100;0.907102 0.420249 -0.0236054 -0.556363 -0.418687 0.906646 0.0519013 1.13131 0.0432132 -0.0371965 0.998373 0.56169 0 0 0 1 
38591597440236;0.098733;0.0307545;100;0.99596 0.0602099 -0.0666146 0.145198 -0.0597747 0.998176 0.00850902 -0.0129492 0.0670054 -0.00449278 0.997742 -0.157994 0 0 0 1 
38591597440237;0.391996;0.0289666;100;0.992735 -0.118357 -0.0216665 0.496351 0.119743 0.989461 0.081414 0.287654 0.0118023 -0.0834169 0.996445 0.59942 0 0 0 1 
38591597440238;0.352561;0.0303872;100;0.918202 0.218713 0.330256 -0.330791 -0.262879 0.960138 0.0950209 0.10167 -0.296309 -0.174066 0.939096 0.556028 0 0 0 1 
38591597440239;0.273596;0.0337507;100;0.949479 -0.299257 0.0945201 0.273471 0.302023 0.953164 -0.0161158 -0.33635 -0.0852704 0.0438489 0.995393 -0.0875277 0 0 0 1 
38591597440240;0.59112;0.0304051;100;0.910706 -0.394541 -0.122277 1.00889 0.406013 0.909485 0.0893855 -0.861864 0.0759431 -0.13105 0.988463 0.573514 0 0 0 1 
38591597440241;0.457943;0.031113;100;0.923901 0.382604 0.00451992 -0.105902 -0.381882 0.922766 -0.0516681 0.477793 -0.0239393 0.0460102 0.998654 -0.660525 0 0 0 1 
38591597440242;0.307705;0.0272982;100;0.981745 0.188461 0.0256867 0.215036 -0.188779 0.981963 0.0105657 -0.393432 -0.0232321 -0.015222 0.999614 -0.0177253 0 0 0 1 
38591597440243;0.105317;0.0276728;100;0.998038 -0.0623901 0.00528102 0.087959 0.0623574 0.998035 0.0061404 -0.11311 -0.00565374 -0.00579904 0.999967 -0.18104 0 0 0 1 
38591597440244;0.562292;0.0257988;100;0.915706 -0.382679 -0.122637 0.910243 0.351837 0.910938 -0.215415 -0.039795 0.194149 0.154109 0.968791 -0.967925 0 0 0 1 
38591597440245;0.374359;0.0330847;100;0.992839 -0.110082 -0.0463933 -0.510167 0.11252 0.992197 0.0536986 0.255246 0.04012 -0.0585342 0.997479 0.305708 0 0 0 1 
38591597440246;0.451519;0.0285518;100;0.880186 0.474581 -0.00680447 -0.0339473 -0.474613 0.879946 -0.0209217 0.767723 -0.00394149 0.0216445 0.999758 -0.288546 0 0 0 1 
38591597440248;0.275634;0.00822496;100;0.951359 0.307952 0.00902629 -0.4095 -0.307707 0.951236 -0.0216012 0.402431 -0.0152382 0.017773 0.999726 0.0376237 0 0 0 1 
38591597440249;0.256114;0.00941439;100;0.958514 -0.18204 -0.219345 0.586216 0.168972 0.982601 -0.0770965 -0.0568145 0.229563 0.0368349 0.972597 -0.376791 0 0 0 1 
38591597440250;0.238063;0.0073091;100;0.922194 -0.0156388 -0.386411 0.239352 -0.0408597 0.989649 -0.137567 0.303054 0.384563 0.142652 0.91201 -0.508545 0 0 0 1 
38591597440251;0.292932;0.00756982;100;0.999979 0.00119966 0.00643175 -0.0416216 -0.00123406 0.999985 0.00534646 -0.01687 -0.00642524 -0.00535428 0.999965 0.864839 0 0 0 1 
