#;prob_registration_l1 -r /home/probabilistic_point_clouds_registration/build/tester /home/point_clouds_registration_benchmark//devel/registration_pairs/gazebo_summer_local.txt /home/point_clouds_registration_benchmark//eth/gazebo_summer -s 0.2 -t 0.2 -p 0.3 -r 1000 -m 10 -i 100 -n 100 
id;initial_error;final_error;transformation
36535719080000;0.0805842;0.0986454;100;0.998961 -0.0157548 0.0427654 -0.151366 0.0116179 0.995379 0.0953146 -0.061653 -0.0440695 -0.0947187 0.994528 0.0236209 0 0 0 1 
36535719080001;0.11249;0.10767;100;0.986494 0.00470961 0.163733 -0.375317 0.0059799 0.997885 -0.0647323 0.0232438 -0.163691 0.0648371 0.984379 0.211387 0 0 0 1 
36535719080002;0.259114;0.104665;100;0.988816 0.025142 0.147009 0.0654132 -0.0521986 0.981688 0.183207 -0.50542 -0.139711 -0.188832 0.97202 0.102555 0 0 0 1 
36535719080003;0.441289;0.102813;100;0.89011 -0.449204 0.0769404 0.93626 0.448172 0.893404 0.0311679 -1.09223 -0.0827396 0.00673974 0.996548 -0.026804 0 0 0 1 
36535719080004;0.424931;0.969011;100;0.943682 -0.0997001 0.315475 -2.49274 0.123144 0.990851 -0.0552209 -0.920083 -0.307083 0.0909598 0.947326 -0.0195145 0 0 0 1 
36535719080005;0.508351;0.100328;100;0.983485 -0.121301 0.134323 0.418501 0.163196 0.91524 -0.368377 0.866906 -0.078253 0.384215 0.919921 -0.38696 0 0 0 1 
36535719080006;0.482532;0.0971443;100;0.939051 0.312902 -0.142393 -0.240753 -0.328085 0.939411 -0.0993352 1.00472 0.102683 0.139998 0.984813 -1.39154 0 0 0 1 
36535719080007;0.407429;0.111572;100;0.945248 -0.326187 0.0104237 0.0652637 0.318988 0.916697 -0.240653 -0.707167 0.0689425 0.230802 0.970555 -1.15704 0 0 0 1 
36535719080008;0.494873;0.558315;100;0.956827 -0.117661 0.265779 -1.30046 0.192246 0.942007 -0.275072 0.159312 -0.218 0.314291 0.923957 -0.507376 0 0 0 1 
36535719080009;0.260051;0.100325;100;0.985991 -0.0924344 0.138845 -0.284818 0.0860616 0.994972 0.0512346 -0.799688 -0.142883 -0.0385677 0.988988 -0.284076 0 0 0 1 
36535719080010;0.367096;0.106622;100;0.976712 -0.172285 0.12787 0.474056 0.177174 0.983787 -0.0278088 -0.103933 -0.121006 0.0498164 0.991401 0.759124 0 0 0 1 
36535719080011;0.379627;0.105578;100;0.96551 -0.216433 0.144731 0.0279851 0.207027 0.975273 0.0773481 0.445328 -0.157893 -0.0447172 0.986443 -0.226636 0 0 0 1 
36535719080012;0.1676;0.107717;100;0.998657 0.0321321 0.040643 -0.422549 -0.0327063 0.999373 0.0135423 0.21705 -0.0401824 -0.0148534 0.999082 -0.519566 0 0 0 1 
36535719080013;0.445602;0.110795;100;0.943239 -0.274135 0.187484 1.06632 0.263054 0.961279 0.0821269 -0.817189 -0.202738 -0.0281469 0.978828 0.422975 0 0 0 1 
36535719080014;0.45281;0.596083;100;0.996938 -0.00153178 0.0781832 -1.59711 -6.10846e-06 0.999807 0.0196663 -0.0137914 -0.0781982 -0.0196065 0.996745 0.118613 0 0 0 1 
36535719080015;0.366192;0.520561;100;0.994194 -0.0422061 0.098979 -1.42331 0.037717 0.998192 0.0467949 -0.00815254 -0.100775 -0.04279 0.993989 0.27971 0 0 0 1 
36535719080016;0.0775968;0.104743;100;0.990506 -0.000545866 0.137467 -0.345743 -0.00632453 0.998752 0.0495368 0.00274241 -0.137323 -0.0499359 0.989267 0.16994 0 0 0 1 
36535719080017;0.294515;0.0958494;100;0.955352 0.073121 0.286281 -0.375077 0.0102068 0.96015 -0.2793 0.217252 -0.295295 0.269752 0.916534 0.20817 0 0 0 1 
36535719080018;0.425335;0.501742;100;0.999165 -0.00327314 0.0407261 -1.06341 0.00640896 0.997002 -0.0771072 -0.269451 -0.0403516 0.0773038 0.996191 -0.525853 0 0 0 1 
36535719080019;0.389784;0.540025;100;0.997784 -0.0626844 -0.0222941 -0.928698 0.0614007 0.996639 -0.0542346 -0.2699 0.0256189 0.0527456 0.998279 -0.461421 0 0 0 1 
36535719080020;0.317608;0.0978638;100;0.982119 0.18308 -0.0438688 -0.310729 -0.179997 0.981438 0.0661783 0.95643 0.0551705 -0.0570987 0.996843 -0.0129012 0 0 0 1 
36535719080021;0.423824;0.111798;100;0.905105 -0.308394 0.292709 0.436238 0.386739 0.88319 -0.265346 -0.377942 -0.176687 0.353368 0.918647 0.0992988 0 0 0 1 
36535719080022;0.154215;0.100593;100;0.999172 0.0146728 0.0379467 -0.560073 -0.015367 0.999719 0.018069 -0.117533 -0.0376709 -0.0186371 0.999116 -0.32933 0 0 0 1 
36535719080023;0.35143;0.0982549;100;0.976603 0.00442474 -0.215004 -0.177429 0.0186422 0.994283 0.10514 0.267062 0.21424 -0.106688 0.970937 0.289922 0 0 0 1 
36535719080024;0.34005;0.100225;100;0.962561 -0.238912 -0.128053 0.22043 0.179882 0.916393 -0.357584 -0.247154 0.202778 0.321162 0.92506 -1.09111 0 0 0 1 
36535719080025;0.273677;0.109686;100;0.994278 0.0696717 -0.0809706 -0.321817 -0.0537876 0.981451 0.184011 0.482023 0.092289 -0.178603 0.979583 -0.00726496 0 0 0 1 
36535719080026;0.254446;0.11186;100;0.997611 -0.0273652 0.063433 0.284687 0.0268454 0.999599 0.0090315 0.538358 -0.0636547 -0.00730703 0.997945 -0.0532941 0 0 0 1 
36535719080027;0.274443;0.100881;100;0.963703 0.240187 0.116563 -0.727717 -0.24117 0.970465 -0.0058069 0.48034 -0.114515 -0.0225154 0.993166 0.0493637 0 0 0 1 
36535719080028;0.110223;0.103336;100;0.989311 -0.0270502 0.143292 -0.3785 0.035595 0.997716 -0.0574079 -0.189774 -0.141412 0.0618947 0.988014 0.0527287 0 0 0 1 
36535719080029;0.464721;0.113956;100;0.865692 -0.492966 0.0869599 0.656052 0.483595 0.868472 0.109051 -0.999323 -0.12928 -0.0523508 0.990225 -0.26197 0 0 0 1 
36535719080031;0.562593;1.76073;100;0.974849 0.153169 0.16189 -2.89695 -0.142716 0.986963 -0.0744043 1.08423 -0.171176 0.0494287 0.984 -0.0612152 0 0 0 1 
36535719080032;0.49885;1.7924;100;0.9981 -0.0602068 -0.0131086 -3.12219 0.0610474 0.9951 0.0777813 0.137164 0.00836143 -0.0784338 0.996884 -0.432085 0 0 0 1 
36535719080033;0.471869;1.74456;100;0.951401 0.273316 0.141895 -3.01168 -0.305751 0.893369 0.329253 0.57578 -0.0367747 -0.356637 0.933519 0.473284 0 0 0 1 
36535719080034;0.28376;1.73363;100;0.911789 0.390793 -0.126186 -2.85786 -0.362628 0.910396 0.199196 0.703433 0.192724 -0.135866 0.971801 -1.13851 0 0 0 1 
36535719080035;0.587922;1.77286;100;0.984575 -0.119108 0.128164 -3.18119 0.128019 0.989726 -0.0636671 -0.449253 -0.119264 0.0790925 0.989707 -0.795527 0 0 0 1 
36535719080036;0.406933;1.86834;100;0.951849 0.277244 0.130843 -3.43241 -0.272456 0.960677 -0.0535423 0.804615 -0.140542 0.0153154 0.989956 0.562016 0 0 0 1 
36535719080037;0.0919718;1.69976;100;0.934675 0.303982 0.18433 -3.04297 -0.299853 0.952644 -0.0505668 0.444852 -0.190972 -0.00800836 0.981563 0.169876 0 0 0 1 
36535719080038;0.581548;1.8384;100;0.982803 0.0747727 0.168841 -4.04805 -0.0831794 0.995595 0.0432691 -0.0800092 -0.164861 -0.0565691 0.984693 0.66695 0 0 0 1 
36535719080039;0.434512;1.69751;100;0.913693 0.374551 0.157726 -3.38759 -0.361629 0.92639 -0.105006 1.58822 -0.185446 0.0389056 0.981884 -0.390235 0 0 0 1 
36535719080040;0.566995;1.79006;100;0.924125 0.136036 0.357053 -2.51167 -0.172085 0.982516 0.0710552 0.746391 -0.341144 -0.127107 0.931378 0.524508 0 0 0 1 
36535719080041;0.142283;1.70751;100;0.91491 0.36749 0.167003 -2.85129 -0.365552 0.929781 -0.0433428 0.961011 -0.171205 -0.0213937 0.985003 -0.0184498 0 0 0 1 
36535719080042;0.307724;1.70194;100;0.980584 0.192011 -0.0398228 -3.07488 -0.195981 0.952607 -0.23266 0.0350507 -0.00673781 0.235947 0.971743 -0.184115 0 0 0 1 
36535719080043;0.210302;1.83537;100;0.956459 0.170373 0.23698 -3.27249 -0.209343 0.966229 0.150259 -0.0178835 -0.203377 -0.193327 0.959824 0.374257 0 0 0 1 
36535719080044;0.594242;1.74634;100;0.998962 0.0300442 0.0342369 -3.00172 -0.035484 0.98457 0.171353 -0.971294 -0.0285605 -0.17239 0.984615 0.236343 0 0 0 1 
36535719080045;0.55307;1.73677;100;0.874099 0.474353 0.104592 -3.35423 -0.451989 0.873142 -0.182564 1.74564 -0.177923 0.112305 0.977615 0.51795 0 0 0 1 
36535719080046;0.383937;1.64684;100;0.864642 0.48691 0.123745 -2.9219 -0.478545 0.873212 -0.092173 1.62066 -0.152936 0.0204791 0.988024 -0.46483 0 0 0 1 
36535719080047;0.507113;1.76965;100;0.953454 0.271196 0.131824 -2.8452 -0.266819 0.962441 -0.0501461 0.202957 -0.140473 0.0126387 0.990004 0.751551 0 0 0 1 
36535719080048;0.299943;1.77162;100;0.961415 0.146735 0.232702 -3.17908 -0.0620613 0.939754 -0.336171 -0.028161 -0.268011 0.308758 0.9126 0.398295 0 0 0 1 
36535719080049;0.398366;1.79887;100;0.980254 -0.0162529 0.197074 -3.15606 -0.0430226 0.955213 0.292774 -0.347407 -0.193006 -0.295472 0.935652 0.428595 0 0 0 1 
36535719080050;0.499825;1.80023;100;0.899514 0.339138 -0.275427 -3.00154 -0.313037 0.940071 0.135179 0.73523 0.304765 -0.035377 0.95177 -2.03601 0 0 0 1 
36535719080051;0.440086;1.76974;100;0.972281 -0.167977 0.162643 -3.03386 0.180933 0.981119 -0.0683254 -0.964725 -0.148095 0.0958591 0.984316 -0.244616 0 0 0 1 
36535719080052;0.307637;1.77241;100;0.972892 0.130995 0.19058 -3.30881 -0.176852 0.952441 0.248152 0.026252 -0.149009 -0.275129 0.949789 0.214824 0 0 0 1 
36535719080053;0.461332;1.75886;100;0.942582 -0.0290466 0.332711 -2.8214 0.0275297 0.999578 0.00927352 0.0891041 -0.332839 0.000418369 0.942983 1.20295 0 0 0 1 
36535719080054;0.521749;1.09807;100;0.808728 0.449683 0.379136 -1.32197 -0.467268 0.882689 -0.0502127 2.09716 -0.357239 -0.13655 0.923978 0.699285 0 0 0 1 
36535719080055;0.319357;1.83296;100;0.964133 -0.0259039 0.264152 -3.08507 0.0460398 0.996461 -0.0703237 -0.740003 -0.261396 0.0799629 0.961914 0.263863 0 0 0 1 
36535719080056;0.611624;1.77558;100;0.968431 -0.128554 0.213577 -3.18733 0.146073 0.986912 -0.0683145 -0.906742 -0.201999 0.0973556 0.974535 -0.582453 0 0 0 1 
36535719080057;0.403587;1.64621;100;0.921341 0.3887 -0.0065046 -3.03075 -0.386454 0.913941 -0.123956 0.729545 -0.0422368 0.116719 0.992266 -0.430669 0 0 0 1 
36535719080058;0.354702;1.71362;100;0.959002 0.0892024 0.268995 -2.84271 -0.0486509 0.9869 -0.153823 -0.158062 -0.279192 0.13443 0.950779 -0.00807722 0 0 0 1 
36535719080059;0.377989;1.64393;100;0.874147 0.464646 0.141319 -2.85987 -0.427964 0.874526 -0.228148 1.41897 -0.229595 0.138955 0.963316 -0.224882 0 0 0 1 
36535719080060;0.383603;1.56953;100;0.8331 0.523318 0.179116 -2.76714 -0.538292 0.84156 0.0449262 1.56017 -0.127226 -0.133845 0.982802 -0.297683 0 0 0 1 
36535719080062;0.362158;0.382148;100;0.984842 0.173143 0.0104163 -0.624745 -0.173392 0.984333 0.0319877 -0.632308 -0.0047147 -0.033309 0.999434 -1.24948 0 0 0 1 
36535719080063;0.299523;0.867117;100;0.996709 0.00280847 0.081013 -1.20551 -0.0141948 0.990005 0.140319 -2.46157 -0.0798092 -0.141007 0.986786 -0.694965 0 0 0 1 
36535719080064;0.461382;0.740089;100;0.991453 0.0303512 -0.126883 -0.389902 -0.0675442 0.951487 -0.300183 -1.31876 0.111617 0.306187 0.945405 -1.61242 0 0 0 1 
36535719080065;0.4807;1.08344;100;0.956593 0.17176 0.235433 -0.790271 -0.183789 0.982509 0.0299711 -3.17729 -0.226167 -0.0719402 0.971428 1.00104 0 0 0 1 
36535719080066;0.231893;0.704675;100;0.993832 0.0131077 0.110122 -0.471322 -0.028263 0.990138 0.137215 -2.56437 -0.107237 -0.139481 0.984401 0.35895 0 0 0 1 
36535719080067;0.276753;1.05139;100;0.998074 -0.0417824 -0.0458557 -0.225001 0.0583525 0.883227 0.465302 -3.87134 0.0210596 -0.467081 0.883964 0.422974 0 0 0 1 
36535719080068;0.41506;0.923785;100;0.993193 -0.0577838 0.101138 -0.716203 0.0457513 0.99202 0.117491 -2.72823 -0.10712 -0.112064 0.98791 -0.785989 0 0 0 1 
36535719080069;0.168667;0.664513;100;0.992483 0.0772114 0.0949562 -0.951225 -0.0997757 0.959777 0.262436 -2.04299 -0.0708737 -0.269937 0.960266 0.456079 0 0 0 1 
36535719080070;0.366766;1.09574;100;0.975851 0.0406592 -0.214618 -0.38947 0.0406494 0.931559 0.361312 -3.95129 0.21462 -0.361311 0.90741 -0.857743 0 0 0 1 
36535719080071;0.314881;0.773221;100;0.999685 -0.0115662 -0.0222712 -1.43756 0.0111354 0.99975 -0.0193744 -1.7603 0.0224898 0.0191203 0.999564 -0.131658 0 0 0 1 
36535719080072;0.205179;0.734954;100;0.996874 0.0149911 0.0775693 -0.748804 -0.0296505 0.981054 0.191451 -1.76227 -0.0732297 -0.193153 0.978432 0.399088 0 0 0 1 
36535719080073;0.364246;0.857401;100;0.936951 -0.110094 0.331665 -1.13207 -0.0262914 0.924181 0.381049 -2.86916 -0.34847 -0.365745 0.863018 1.08292 0 0 0 1 
36535719080074;0.343501;1.07932;100;0.988707 0.113328 0.0980594 -0.79611 -0.136225 0.952353 0.272884 -3.35956 -0.0624619 -0.283161 0.957036 0.200903 0 0 0 1 
36535719080075;0.45993;1.1002;100;0.978183 0.14301 -0.150685 -0.0893069 -0.158091 0.983005 -0.0933172 -2.35068 0.134779 0.115103 0.984168 -0.991895 0 0 0 1 
36535719080076;0.347563;1.12269;100;0.998974 0.0272677 -0.0361566 -0.0196344 -0.0172017 0.967042 0.254035 -4.13563 0.0418919 -0.253152 0.966519 0.173847 0 0 0 1 
36535719080077;0.245685;0.573707;100;0.985428 0.125827 -0.114456 -0.410342 -0.0565772 0.877044 0.477066 -1.56575 0.160411 -0.463639 0.871383 -0.181269 0 0 0 1 
36535719080078;0.322722;0.452217;100;0.993217 0.104606 0.0507697 -1.04504 -0.114362 0.957715 0.264012 -0.935979 -0.0210058 -0.268027 0.963182 -0.775634 0 0 0 1 
36535719080079;0.340882;1.1157;100;0.995243 0.0685079 0.0692679 -0.421182 -0.0831815 0.967672 0.238099 -3.65588 -0.050717 -0.242728 0.968768 -0.281109 0 0 0 1 
36535719080080;0.326117;1.13647;100;0.991511 -0.0795333 0.102865 -0.3391 0.0455895 0.953533 0.29782 -3.16057 -0.121771 -0.290602 0.949064 1.07727 0 0 0 1 
36535719080081;0.410409;0.727949;100;0.981 -0.177244 0.0788868 -0.729273 0.162314 0.972557 0.166694 -2.46314 -0.106267 -0.150723 0.982848 -0.655546 0 0 0 1 
36535719080082;0.216435;0.422306;100;0.99463 0.102493 0.0143779 0.0659592 -0.103231 0.972516 0.208698 -0.681819 0.0074074 -0.209062 0.977874 0.217645 0 0 0 1 
36535719080083;0.161862;0.680604;100;0.949767 0.307548 0.057936 -0.765158 -0.312888 0.937028 0.155176 -1.32287 -0.00656379 -0.165508 0.986187 -0.340409 0 0 0 1 
36535719080084;0.439577;0.970492;100;0.978457 -0.20325 0.0362217 -0.400662 0.193068 0.962974 0.188166 -3.57175 -0.0731253 -0.177119 0.981469 0.185417 0 0 0 1 
36535719080085;0.124875;0.786925;100;0.952532 0.278051 0.123974 -1.17896 -0.297088 0.937908 0.17907 -1.60864 -0.0664855 -0.207402 0.975994 0.0704903 0 0 0 1 
36535719080086;0.392366;0.63341;100;0.93752 0.270439 -0.218906 0.274472 -0.225361 0.951344 0.210136 -1.41533 0.265084 -0.147674 0.95285 -1.24373 0 0 0 1 
36535719080087;0.41425;0.79031;100;0.994692 -0.102639 0.00727673 -0.56077 0.0847622 0.85743 0.507571 -2.57657 -0.0583358 -0.50426 0.861579 -0.327712 0 0 0 1 
36535719080088;0.317089;0.734926;100;0.936358 0.314023 0.15692 -1.04723 -0.333554 0.93521 0.118843 -1.60193 -0.109434 -0.163621 0.980435 -0.637542 0 0 0 1 
36535719080089;0.0976208;0.454176;100;0.999605 0.00915594 0.0265842 -0.215548 -0.014416 0.978655 0.205002 -1.2291 -0.0241398 -0.205304 0.9784 0.0471399 0 0 0 1 
36535719080090;0.312576;0.371333;100;0.996624 0.064111 -0.0512962 0.175567 -0.0576384 0.99122 0.119001 -1.64711 0.058475 -0.115642 0.991568 -0.0123643 0 0 0 1 
36535719080091;0.378116;0.436512;100;0.956081 -0.123997 0.265581 0.511804 0.139737 0.989334 -0.041138 -1.72423 -0.257647 0.0764428 0.96321 0.236503 0 0 0 1 
36535719080093;0.290482;0.115441;100;0.988859 0.016351 -0.147953 0.398083 -0.031248 0.994604 -0.0989306 0.303684 0.145537 0.102452 0.984034 -0.534045 0 0 0 1 
36535719080094;0.395592;0.809367;100;0.997688 0.0669183 -0.0118976 1.10485 -0.0670588 0.997679 -0.0118351 -0.761259 0.011078 0.0126056 0.999859 -0.151398 0 0 0 1 
36535719080095;0.347587;0.102354;100;0.902752 0.242461 -0.355319 0.28712 -0.205143 0.968695 0.139812 0.481449 0.378095 -0.0533239 0.92423 -1.32728 0 0 0 1 
36535719080096;0.508705;0.0901131;100;0.952642 -0.222652 0.207123 0.219533 0.170569 0.955114 0.242205 -0.599176 -0.251753 -0.195406 0.947859 1.71224 0 0 0 1 
36535719080097;0.390373;0.0906331;100;0.895505 -0.347022 0.278649 0.2265 0.387243 0.916144 -0.103555 -1.44644 -0.219347 0.200639 0.954794 0.748322 0 0 0 1 
36535719080098;0.177167;0.115975;100;0.963226 -0.00365198 0.268669 -0.080787 0.00234805 0.999984 0.00517445 -0.0857113 -0.268684 -0.00435332 0.963219 0.743892 0 0 0 1 
36535719080099;0.46993;0.0762303;100;0.969436 -0.232018 -0.0797643 0.511268 0.245054 0.899828 0.360912 -1.22534 -0.0119638 -0.369428 0.929182 -0.283218 0 0 0 1 
36535719080100;0.314307;0.131624;100;0.999014 -0.0358628 -0.0261857 -0.413183 0.0394616 0.987408 0.153192 -0.647943 0.0203621 -0.154075 0.987849 -0.603814 0 0 0 1 
36535719080101;0.365934;0.113364;100;0.920999 0.38472 -0.0612523 0.0259107 -0.381323 0.922472 0.0603191 1.42353 0.0797095 -0.0321969 0.996298 -0.270784 0 0 0 1 
36535719080102;0.240105;0.0887035;100;0.987909 -0.145046 0.0547589 -0.152718 0.146282 0.989055 -0.0192701 -0.600628 -0.0513645 0.0270474 0.998314 -0.302198 0 0 0 1 
36535719080103;0.352767;0.0943505;100;0.995272 0.0624776 0.0743593 -0.0608184 -0.0656259 0.997015 0.0406747 -0.210246 -0.0715961 -0.0453623 0.996402 0.678791 0 0 0 1 
36535719080104;0.495293;0.084919;100;0.873691 0.212367 -0.437681 0.00123414 -0.176049 0.97673 0.122493 1.03752 0.45351 -0.0299682 0.890747 -1.56906 0 0 0 1 
36535719080105;0.433787;0.125659;100;0.999381 -0.000227365 0.0351771 -0.0540355 -6.38515e-05 0.999966 0.00827725 -0.058468 -0.0351777 -0.00827438 0.999347 0.824889 0 0 0 1 
36535719080106;0.129754;0.134244;100;0.996841 -0.0239648 0.0757196 -0.0237648 0.0157012 0.994038 0.107901 -0.140493 -0.077854 -0.106372 0.991274 0.0443813 0 0 0 1 
36535719080107;0.262145;0.116364;100;0.964752 0.252972 -0.0725177 -0.0315043 -0.25637 0.965665 -0.0420134 1.07241 0.0593996 0.0591238 0.996482 -0.495059 0 0 0 1 
36535719080108;0.397924;0.116522;100;0.944331 0.327346 0.032916 -0.48217 -0.32698 0.922771 0.203908 1.40606 0.0363746 -0.203319 0.978437 -0.251392 0 0 0 1 
36535719080109;0.398301;0.0920691;100;0.88265 0.388449 0.264642 0.160814 -0.386865 0.92016 -0.0603406 1.63932 -0.266952 -0.0491211 0.962457 1.02064 0 0 0 1 
36535719080110;0.208018;0.131152;100;0.99187 0.127041 -0.00735222 -0.123458 -0.126593 0.990955 0.0445216 0.198894 0.0129418 -0.0432289 0.998981 -0.394149 0 0 0 1 
36535719080111;0.465339;0.0907497;100;0.944754 -0.229262 0.234263 -0.17978 0.246187 0.968161 -0.0453493 -0.36688 -0.216408 0.100516 0.971115 1.06549 0 0 0 1 
36535719080112;0.541337;0.10616;100;0.90055 0.332598 -0.279977 1.16495 -0.314144 0.943005 0.109793 1.21324 0.300537 -0.010921 0.953708 -1.27861 0 0 0 1 
36535719080113;0.28814;0.104311;100;0.99997 0.00663245 -0.00395779 -0.0868622 -0.00653139 0.999665 0.0250246 0.50891 0.00412244 -0.024998 0.999679 -0.0302158 0 0 0 1 
36535719080114;0.343577;0.0999038;100;0.957984 -0.286627 -0.0105634 0.299286 0.286813 0.957583 0.0277943 -1.2334 0.00214872 -0.0296562 0.999558 0.268958 0 0 0 1 
36535719080115;0.500998;1.25061;100;0.999737 -0.018937 -0.0129509 1.02054 0.0193691 0.999231 0.0341005 -1.79832 0.0122952 -0.0343424 0.999334 -0.0750724 0 0 0 1 
36535719080116;0.41433;0.131411;100;0.95417 -0.243646 0.173769 0.36443 0.180079 0.931217 0.316869 -0.972089 -0.239021 -0.271055 0.932415 1.31175 0 0 0 1 
36535719080117;0.508343;0.126801;100;0.996637 -0.0598625 0.0559512 -0.0941662 0.0482569 0.980667 0.189641 -0.188281 -0.0662219 -0.186303 0.980258 1.12817 0 0 0 1 
36535719080118;0.0642213;0.0944953;100;0.997777 0.0644545 -0.0169278 -0.116611 -0.0644067 0.997918 0.00335976 0.258856 0.0171091 -0.00226202 0.999851 -0.230907 0 0 0 1 
36535719080119;0.384568;0.0678837;100;0.897224 0.421487 0.131673 0.191889 -0.433392 0.897678 0.0796643 1.7295 -0.0846226 -0.128543 0.988087 0.201453 0 0 0 1 
36535719080120;0.113108;0.0972552;100;0.998823 -0.0467174 0.0130674 -0.0175522 0.0459771 0.997581 0.0521428 -0.346833 -0.0154718 -0.0514806 0.998554 0.0937841 0 0 0 1 
36535719080121;0.423482;0.0833196;100;0.974635 0.212763 -0.069417 0.270319 -0.168953 0.902903 0.395249 0.106615 0.146771 -0.373495 0.915948 -0.456595 0 0 0 1 
36535719080122;0.427092;0.106511;100;0.966604 -0.248449 0.0628421 0.081964 0.23967 0.963209 0.121604 -1.66925 -0.0907423 -0.102481 0.990587 0.614156 0 0 0 1 
36535719080124;0.190705;0.143736;100;0.984924 0.167379 0.0436862 0.20437 -0.169629 0.984016 0.0542114 0.406261 -0.0339141 -0.0608046 0.997573 0.207546 0 0 0 1 
36535719080125;0.422416;0.125236;100;0.885948 0.409334 -0.218042 0.425266 -0.377945 0.90969 0.172108 1.16887 0.2688 -0.0700712 0.960644 -0.981742 0 0 0 1 
36535719080126;0.446714;0.135256;100;0.993395 0.10618 -0.0435034 0.472515 -0.109365 0.990864 -0.0789183 -0.321141 0.0347264 0.0831548 0.995931 -0.377455 0 0 0 1 
36535719080127;0.355012;0.935496;100;0.997605 0.065444 0.0223952 1.50313 -0.0630091 0.993375 -0.0961027 0.362787 -0.0285362 0.0944615 0.995119 -0.0560043 0 0 0 1 
36535719080128;0.249905;0.178507;100;0.999789 -0.016506 -0.012223 0.324604 0.0165635 0.999852 0.00461678 0.323499 0.012145 -0.00481826 0.999915 -0.0924906 0 0 0 1 
36535719080129;0.526113;0.914695;100;0.998815 -0.0192133 -0.0447105 1.75111 0.0174198 0.999041 -0.0401629 -0.393931 0.0454393 0.0393365 0.998192 0.153689 0 0 0 1 
36535719080130;0.433817;0.135875;100;0.940077 0.07506 0.332597 0.0455539 -0.026641 0.988656 -0.147818 -0.391036 -0.339919 0.1301 0.931412 1.04624 0 0 0 1 
36535719080131;0.251532;0.942055;100;0.990305 0.138548 -0.0100165 1.59442 -0.138512 0.990352 0.00420225 0.456994 0.0105021 -0.00277409 0.999941 0.0577822 0 0 0 1 
36535719080132;0.431426;0.14525;100;0.981551 0.0404724 -0.186868 0.109045 -0.0296384 0.997733 0.0604121 -0.479477 0.188889 -0.0537591 0.980526 -1.01766 0 0 0 1 
36535719080133;0.541591;0.129787;100;0.943739 0.217553 0.249053 0.270643 -0.262022 0.951399 0.161815 0.53891 -0.201745 -0.217969 0.954876 1.51116 0 0 0 1 
36535719080134;0.252306;0.13457;100;0.995796 -0.0896378 0.0188551 0.0567384 0.090403 0.994904 -0.0446534 -0.509018 -0.0147563 0.0461703 0.998825 -0.259013 0 0 0 1 
36535719080135;0.472023;0.957163;100;0.964599 0.107007 0.241038 1.35057 -0.149984 0.974371 0.167649 0.100862 -0.21692 -0.197866 0.955926 0.659594 0 0 0 1 
36535719080136;0.302061;0.14446;100;0.976154 0.188671 -0.107366 0.231534 -0.200916 0.972508 -0.117736 0.98519 0.0822004 0.1365 0.987224 -0.552234 0 0 0 1 
36535719080137;0.328535;0.148005;100;0.969125 0.228137 0.0935392 -0.123675 -0.212823 0.965526 -0.149888 0.731554 -0.12451 0.125353 0.984268 0.0590383 0 0 0 1 
36535719080138;0.576365;0.13171;100;0.997508 0.0518209 0.0478702 0.809992 -0.0296981 0.923949 -0.381361 0.309072 -0.0639921 0.378989 0.923186 -0.48753 0 0 0 1 
36535719080139;0.521512;0.105798;100;0.960852 -0.276587 0.0162176 0.52581 0.272608 0.954237 0.12295 -1.7191 -0.0494819 -0.113716 0.99228 0.211195 0 0 0 1 
36535719080140;0.470285;0.10904;100;0.894125 0.425415 0.139869 -0.0320571 -0.421219 0.904982 -0.0598448 1.46037 -0.152038 -0.00540664 0.98836 0.143607 0 0 0 1 
36535719080141;0.30287;0.132334;100;0.973824 0.12403 0.190484 -0.222531 -0.139848 0.987557 0.071926 0.145253 -0.179192 -0.0966821 0.979052 0.594691 0 0 0 1 
36535719080142;0.480003;0.117142;100;0.973536 0.198969 0.112422 -0.0262484 -0.227991 0.879453 0.41783 0.355048 -0.015735 -0.432404 0.901543 0.0479828 0 0 0 1 
36535719080143;0.628053;0.12058;100;0.893821 0.43602 -0.104745 -0.467859 -0.445834 0.889146 -0.103203 1.64206 0.0481353 0.138944 0.98913 -0.281442 0 0 0 1 
36535719080144;0.602003;0.118225;100;0.943438 0.233336 -0.235539 0.53756 -0.280517 0.940466 -0.191924 1.27836 0.176733 0.247141 0.952726 -1.55214 0 0 0 1 
36535719080145;0.170435;0.158132;100;0.995176 0.0980767 -0.00256498 0.182276 -0.0980502 0.995141 0.00894383 0.333242 0.0034297 -0.00864919 0.999957 0.159786 0 0 0 1 
36535719080146;0.207536;0.120404;100;0.982123 0.184936 0.0351188 0.130096 -0.180753 0.978593 -0.0984121 0.682219 -0.052567 0.090305 0.994526 0.0403155 0 0 0 1 
36535719080147;0.436345;0.135949;100;0.985235 0.165225 -0.0448711 0.589848 -0.161742 0.984164 0.0725305 0.999903 0.0561444 -0.064202 0.996356 -0.448122 0 0 0 1 
36535719080148;0.640142;0.125959;100;0.96008 -0.276 -0.0455041 1.35989 0.262808 0.945714 -0.191196 -0.0925863 0.0958039 0.171604 0.980497 -0.694295 0 0 0 1 
36535719080149;0.408897;0.132875;100;0.996392 -0.0686722 -0.049874 0.406552 0.0663985 0.996737 -0.0458988 -0.579568 0.0528632 0.0424216 0.9977 0.402331 0 0 0 1 
36535719080150;0.385378;0.139428;100;0.996064 -0.0230995 0.0855758 0.167291 0.00704539 0.983024 0.183343 0.313885 -0.0883582 -0.182018 0.979317 -0.0169407 0 0 0 1 
36535719080151;0.147734;0.136123;100;0.991546 0.0148469 0.128902 0.0904732 -0.00359773 0.996196 -0.0870669 0.048762 -0.129704 0.0858671 0.987828 0.22886 0 0 0 1 
36535719080152;0.417728;0.131908;100;0.898404 0.403145 -0.174195 0.317112 -0.379525 0.912284 0.153943 1.06187 0.220976 -0.0721915 0.972604 -0.47216 0 0 0 1 
36535719080153;0.136308;0.138636;100;0.988501 -0.136053 0.065997 0.308146 0.133092 0.989971 0.0473793 -0.412492 -0.0717812 -0.0380509 0.996694 0.202205 0 0 0 1 
36535719080155;0.377066;0.150215;100;0.911756 -0.290053 -0.290808 1.09435 0.351888 0.916795 0.188844 -0.785838 0.211836 -0.274512 0.93796 -0.36853 0 0 0 1 
36535719080156;0.280014;0.15068;100;0.95638 -0.214648 -0.198151 0.723723 0.248738 0.954057 0.167049 -0.508365 0.15319 -0.20905 0.965832 -0.712826 0 0 0 1 
36535719080157;0.357849;0.145629;100;0.955133 -0.249294 -0.159914 1.11454 0.286638 0.913974 0.28721 -0.505111 0.0745574 -0.320162 0.944425 0.162887 0 0 0 1 
36535719080158;0.214487;0.182182;100;0.995825 -0.0872488 -0.0268202 0.501535 0.0903569 0.983899 0.154202 0.0317317 0.0129344 -0.155982 0.987675 0.095034 0 0 0 1 
36535719080159;0.313033;0.191375;100;0.988184 -0.103139 -0.11338 0.4732 0.0909838 0.990021 -0.107611 -1.11709 0.123347 0.0960242 0.987707 -0.959707 0 0 0 1 
36535719080160;0.477856;0.136799;100;0.920142 0.229041 -0.317614 -0.443641 -0.231019 0.972424 0.0319689 0.851223 0.316178 0.0439591 0.947681 -0.925575 0 0 0 1 
36535719080161;0.262671;0.146941;100;0.99426 0.105957 0.0148133 -0.120536 -0.106924 0.979311 0.171803 -0.12252 0.00369698 -0.172401 0.98502 0.368945 0 0 0 1 
36535719080162;0.249715;0.1163;100;0.986583 0.162694 -0.0135644 -0.282677 -0.149265 0.932554 0.328729 0.062042 0.0661318 -0.322294 0.944327 -0.10857 0 0 0 1 
36535719080163;0.453936;0.174384;100;0.913557 0.205607 -0.350912 1.02986 -0.229525 0.972914 -0.0274904 0.445305 0.335755 0.105657 0.936005 -1.25758 0 0 0 1 
36535719080164;0.466141;0.25063;100;0.955575 -0.282282 -0.0848147 1.4854 0.292838 0.941936 0.164327 -0.0660277 0.0335034 -0.181864 0.982753 0.400856 0 0 0 1 
36535719080165;0.321246;0.128205;100;0.953451 -0.0670082 0.29401 0.0693108 -0.058438 0.915456 0.398152 -0.16697 -0.295833 -0.3968 0.868926 0.878375 0 0 0 1 
36535719080166;0.389384;0.157758;100;0.886501 -0.309548 0.34394 0.804371 0.347345 0.936259 -0.0526384 -0.65359 -0.305723 0.16613 0.937515 0.427491 0 0 0 1 
36535719080167;0.40197;0.291171;100;0.964086 -0.134783 -0.228851 1.28026 0.216503 0.897918 0.383236 -0.0668463 0.153835 -0.419019 0.894851 -0.174496 0 0 0 1 
36535719080168;0.210711;0.187292;100;0.997747 0.0387602 0.0547508 0.150416 -0.035032 0.997105 -0.0674842 0.0496995 -0.057208 0.0654142 0.996217 0.121561 0 0 0 1 
36535719080169;0.371812;0.139406;100;0.959183 0.0714974 -0.2736 0.969477 0.0173265 0.950834 0.309216 -0.637584 0.282256 -0.301335 0.910785 -1.12527 0 0 0 1 
36535719080170;0.32738;0.139056;100;0.992199 0.109856 0.0589226 0.016185 -0.10772 0.993444 -0.0382892 0.314765 -0.0627426 0.0316433 0.997528 -0.868815 0 0 0 1 
36535719080171;0.334438;0.262323;100;0.9508 -0.304514 -0.0570164 1.06704 0.301022 0.951575 -0.0623748 -0.667332 0.0732493 0.0421428 0.996423 -0.272244 0 0 0 1 
36535719080172;0.359248;0.16083;100;0.978141 0.202501 -0.0472515 0.213955 -0.185672 0.952853 0.239995 0.889004 0.0936228 -0.225976 0.969624 0.0593896 0 0 0 1 
36535719080173;0.299017;0.161063;100;0.99297 -0.11132 -0.0402377 0.267232 0.111299 0.993783 -0.00276848 -0.854499 0.0402957 -0.0017294 0.999186 -1.07333 0 0 0 1 
36535719080174;0.332371;0.15955;100;0.996418 -0.0786699 -0.0310338 1.11142 0.081602 0.990737 0.108541 0.262755 0.0222075 -0.110684 0.993607 -0.518249 0 0 0 1 
36535719080175;0.258801;0.1691;100;0.98149 -0.102764 -0.161609 0.468213 0.110879 0.992946 0.041997 -0.235351 0.156153 -0.0591386 0.985961 -1.18658 0 0 0 1 
36535719080176;0.244373;0.13206;100;0.974531 0.0796315 0.209638 -0.0787814 -0.106042 0.987347 0.117906 0.153107 -0.197596 -0.137134 0.970644 0.431616 0 0 0 1 
36535719080177;0.307368;0.174481;100;0.966385 -0.238718 -0.0954651 0.52354 0.255571 0.932388 0.255608 -0.485352 0.0279921 -0.271414 0.962056 0.267942 0 0 0 1 
36535719080178;0.333626;0.136817;100;0.919641 0.0498371 -0.389586 0.904816 0.0133447 0.987379 0.15781 -0.122944 0.392533 -0.150327 0.907369 -0.696512 0 0 0 1 
36535719080179;0.112272;0.138576;100;0.998797 0.0195191 -0.0449896 0.244796 -0.0115462 0.985186 0.171097 0.227419 0.0476628 -0.170372 0.984226 -0.355268 0 0 0 1 
36535719080180;0.447488;0.801674;100;0.995752 0.0183919 -0.0902188 2.40885 -0.00819221 0.993658 0.112148 -0.40281 0.0917092 -0.110932 0.989588 -0.293899 0 0 0 1 
36535719080181;0.181751;0.173524;100;0.989295 -0.0704611 0.127795 0.204997 0.0825411 0.992348 -0.0918313 -0.221615 -0.120346 0.101397 0.98754 -0.0180958 0 0 0 1 
36535719080182;0.227052;0.1709;100;0.981432 -0.012833 0.191378 0.377442 0.02719 0.996992 -0.0725827 0.0927331 -0.189871 0.0764386 0.978829 -0.0334717 0 0 0 1 
36535719080183;0.271702;0.124889;100;0.983451 -0.0755239 -0.164681 1.10781 0.101939 0.982104 0.158364 -0.240907 0.149774 -0.172531 0.973551 -0.522184 0 0 0 1 
36535719080184;0.317465;0.17975;100;0.952419 0.166159 -0.255519 0.626313 -0.0271463 0.881248 0.471873 -0.506138 0.303581 -0.442485 0.843828 -0.621683 0 0 0 1 
36535719080186;0.390645;0.329626;100;0.90129 -0.0564098 0.429527 -0.310112 0.182327 0.948791 -0.257977 -0.603066 -0.39298 0.310826 0.865421 1.56834 0 0 0 1 
36535719080187;0.111223;0.329308;100;0.998688 0.016414 0.0485154 -0.406571 -0.0167213 0.999843 0.00593437 -0.194701 -0.0484104 -0.00673782 0.998805 -0.00348727 0 0 0 1 
36535719080188;0.65823;0.290312;100;0.870947 0.482265 0.0941924 -0.0752303 -0.486038 0.873689 0.0208453 1.8197 -0.0722419 -0.0639363 0.995336 1.08586 0 0 0 1 
36535719080189;0.357007;0.321568;100;0.999316 0.00457025 0.0366958 -1.08769 -0.0053008 0.999789 0.0198358 0.212341 -0.0365974 -0.0200167 0.99913 -0.477255 0 0 0 1 
36535719080190;0.473164;1.19872;100;0.923542 -0.377804 0.0658405 -1.66808 0.379907 0.92475 -0.0225561 -3.14088 -0.0523642 0.0458448 0.997575 0.126127 0 0 0 1 
36535719080191;0.28216;0.305303;100;0.980743 0.195286 -0.00264342 -0.613244 -0.193552 0.973664 0.120482 0.63575 0.0261023 -0.117651 0.992712 -0.717928 0 0 0 1 
36535719080192;0.431029;0.287797;100;0.983881 -0.159294 0.0812604 -1.16057 0.165472 0.983284 -0.0759685 -0.54317 -0.0678007 0.0881903 0.993794 0.496993 0 0 0 1 
36535719080193;0.312078;0.28966;100;0.99052 -0.135065 0.0250577 -0.371228 0.126893 0.969493 0.209716 -1.18284 -0.0526187 -0.204549 0.977441 -0.382394 0 0 0 1 
36535719080194;0.164987;0.306362;100;0.983448 0.179547 0.0243429 -0.46269 -0.179921 0.983579 0.0141442 0.56252 -0.0214037 -0.0182899 0.999604 -0.0704994 0 0 0 1 
36535719080195;0.354366;0.284023;100;0.975612 -0.0351062 0.216675 -0.239809 0.0351879 0.999375 0.00348187 -0.642421 -0.216662 0.00422739 0.976238 0.203857 0 0 0 1 
36535719080196;0.523582;0.337066;100;0.986516 0.143511 0.0786786 -0.949017 -0.163509 0.885132 0.435667 0.609371 -0.00711788 -0.442658 0.896663 -0.695882 0 0 0 1 
36535719080197;0.379637;0.303897;100;0.98048 -0.180431 -0.0781238 -0.23772 0.184833 0.981324 0.0532867 -1.16402 0.0670502 -0.0666864 0.995519 -1.1977 0 0 0 1 
36535719080198;0.253973;0.301011;100;0.981661 -0.145638 0.123009 -0.492599 0.15623 0.984367 -0.0813287 -0.954684 -0.109241 0.0990549 0.989068 0.738993 0 0 0 1 
36535719080199;0.451651;0.321915;100;0.987686 0.150813 0.0416139 -1.04689 -0.151056 0.988521 0.00275637 0.799429 -0.0407206 -0.00900848 0.99913 0.641253 0 0 0 1 
36535719080200;0.601292;1.03274;100;0.92428 -0.313417 0.217893 -1.13442 0.328641 0.943746 -0.0365781 -2.24536 -0.194171 0.105417 0.975287 1.25702 0 0 0 1 
36535719080201;0.316883;0.272605;100;0.870425 0.084622 0.484973 -0.219737 0.00518678 0.983485 -0.180916 -0.10338 -0.492273 0.159989 0.855611 2.29914 0 0 0 1 
36535719080202;0.389074;0.323439;100;0.96999 0.227948 0.0846099 -0.672567 -0.230373 0.972897 0.0199738 1.24666 -0.0777638 -0.0388663 0.996214 -0.358744 0 0 0 1 
36535719080203;0.247825;0.345181;100;0.969897 -0.238411 0.0496002 -0.575482 0.23563 0.97023 0.0559703 -1.39583 -0.0614675 -0.0425981 0.9972 0.278577 0 0 0 1 
36535719080204;0.323434;0.338885;100;0.996935 -0.0544272 0.0562044 -0.683231 0.0532943 0.998348 0.0214636 -1.25117 -0.0572798 -0.0184024 0.998189 -0.137631 0 0 0 1 
36535719080205;0.326801;0.340858;100;0.952137 -0.0626983 0.299174 -0.258198 0.15847 0.938187 -0.307723 -0.802821 -0.261387 0.340404 0.903218 1.0013 0 0 0 1 
36535719080206;0.360649;0.282179;100;0.993436 0.10193 0.0519096 -0.628379 -0.101691 0.99479 -0.00721944 1.05586 -0.052375 0.00189331 0.998626 -0.0124504 0 0 0 1 
36535719080207;0.378318;0.271834;100;0.998472 -0.0303033 0.0462095 0.289754 0.0302087 0.99954 0.00274251 -0.35787 -0.0462713 -0.00134239 0.998928 0.116143 0 0 0 1 
36535719080208;0.281021;0.316553;100;0.975682 -0.0708262 0.207434 -0.752126 0.0615866 0.996815 0.0506747 -0.701586 -0.210362 -0.0366673 0.976936 1.30121 0 0 0 1 
36535719080209;0.41046;0.991072;100;0.967358 -0.189415 0.168347 -2.10525 0.167551 0.976455 0.135873 -2.32917 -0.19012 -0.103231 0.976318 0.768981 0 0 0 1 
36535719080210;0.243944;0.348409;100;0.972548 0.146892 0.180479 -0.267649 -0.155674 0.987173 0.0354199 0.273888 -0.172961 -0.0625434 0.982941 0.620019 0 0 0 1 
36535719080211;0.419439;0.256391;100;0.926948 0.374761 0.0179428 -0.449536 -0.374846 0.927086 0.00149745 1.1444 -0.0160734 -0.00811385 0.999838 -0.0480264 0 0 0 1 
36535719080212;0.411637;0.298584;100;0.950619 0.274917 0.144026 -0.000426066 -0.272851 0.961445 -0.0343007 0.505348 -0.147902 -0.00669061 0.988979 0.763721 0 0 0 1 
36535719080213;0.271077;0.299482;100;0.975303 -0.182766 -0.124023 -0.564217 0.158073 0.969751 -0.186 -1.04882 0.154265 0.161802 0.974691 -1.053 0 0 0 1 
36535719080214;0.356981;0.298209;100;0.956601 0.146386 -0.251965 -0.51408 -0.153348 0.988139 -0.0081122 0.23434 0.247789 0.0463985 0.967702 -0.964977 0 0 0 1 
36535719080215;0.558879;0.273912;100;0.958831 0.217822 0.182202 -0.471902 -0.160526 0.944997 -0.284979 0.756161 -0.234254 0.243999 0.941058 1.95587 0 0 0 1 
36535719080217;0.267916;0.0346604;100;0.968567 -0.176194 -0.175597 0.533917 0.153438 0.978787 -0.135771 -0.24223 0.195794 0.10456 0.975055 -0.957773 0 0 0 1 
36535719080218;0.403611;0.0350263;100;0.997134 0.0756543 4.39166e-05 -0.316254 -0.0756347 0.996861 0.0233795 0.715517 0.00172498 -0.0233158 0.999727 0.427059 0 0 0 1 
36535719080219;0.612805;0.608513;100;0.996921 -0.0518807 0.058803 -0.450451 0.053317 0.99831 -0.023124 0.18679 -0.0575039 0.026188 0.998002 0.601358 0 0 0 1 
36535719080220;0.465305;0.0316925;100;0.971641 -0.116059 -0.206018 0.392124 0.095391 0.989608 -0.107599 0.172751 0.216365 0.0848952 0.972614 -1.46237 0 0 0 1 
36535719080221;0.397154;0.0305435;100;0.977915 -0.203142 0.0491503 -0.194522 0.192809 0.967607 0.162978 -0.805112 -0.0806658 -0.149902 0.985405 -0.124177 0 0 0 1 
36535719080222;0.388852;0.0358567;100;0.983917 -0.103629 0.145491 -0.454629 0.13893 0.95592 -0.258678 -0.246114 -0.112271 0.274731 0.954944 0.187693 0 0 0 1 
36535719080223;0.332061;0.0374217;100;0.930362 -0.189937 -0.313608 0.86711 0.166649 0.98096 -0.099732 -0.630082 0.326579 0.0405244 0.944301 -0.904635 0 0 0 1 
36535719080224;0.591626;0.0330297;100;0.994067 0.0986362 0.045841 -0.369413 -0.0800412 0.948749 -0.305725 1.22957 -0.0736473 0.300242 0.951016 0.420661 0 0 0 1 
36535719080225;0.418431;0.039871;100;0.934575 -0.334065 0.122351 0.207091 0.328895 0.942403 0.0608599 -1.16205 -0.135635 -0.0166375 0.990619 0.735789 0 0 0 1 
36535719080226;0.434396;0.0291108;100;0.923451 0.33915 -0.179484 -0.0563831 -0.345401 0.938447 -0.00382802 1.40532 0.167138 0.0655291 0.983753 -0.359205 0 0 0 1 
36535719080227;0.258425;0.0361449;100;0.980515 0.173254 0.0925972 -0.0835665 -0.177414 0.983375 0.0386943 0.412774 -0.0843538 -0.0543683 0.994952 0.546205 0 0 0 1 
36535719080228;0.348273;0.0358959;100;0.957128 -0.200298 0.209254 0.129903 0.209532 0.977538 -0.0226996 -0.297051 -0.200007 0.0655718 0.977598 0.838001 0 0 0 1 
36535719080229;0.349476;0.0363616;100;0.994604 0.0595408 0.084959 -0.216255 -0.0449527 0.985382 -0.164319 0.137463 -0.0935008 0.159613 0.982742 -0.465877 0 0 0 1 
36535719080230;0.507963;0.0334328;100;0.908506 0.271965 0.317257 -0.247933 -0.246576 0.961859 -0.118441 0.174563 -0.337368 0.0293763 0.940914 0.745812 0 0 0 1 
36535719080231;0.499847;0.0417371;100;0.999969 0.00482369 -0.00624043 -0.338415 -0.00466445 0.999669 0.0252844 -0.396778 0.00636033 -0.0252545 0.999661 -0.885795 0 0 0 1 
36535719080232;0.400636;0.0292722;100;0.974272 -0.20576 0.0919639 0.191085 0.173473 0.945128 0.276841 -0.473819 -0.14388 -0.253765 0.956505 1.0367 0 0 0 1 
36535719080233;0.232565;0.0337439;100;0.98553 0.0582857 -0.159164 0.0472084 -0.0405407 0.992819 0.112545 0.0441919 0.16458 -0.104464 0.980816 -0.118457 0 0 0 1 
36535719080234;0.243089;0.038109;100;0.999974 0.00614888 0.0038251 0.196614 -0.00609759 0.999893 -0.0132781 0.119219 -0.00390634 0.0132544 0.999905 -0.473204 0 0 0 1 
36535719080235;0.336455;0.0282488;100;0.989063 -0.13268 -0.0644306 -0.189056 0.143906 0.963844 0.224265 -0.537863 0.0323456 -0.231084 0.972396 0.0624876 0 0 0 1 
36535719080236;0.526732;0.0349313;100;0.958009 -0.131118 0.255005 0.57295 0.073035 0.971575 0.225182 -0.558065 -0.277282 -0.197102 0.940354 1.65517 0 0 0 1 
36535719080237;0.707625;0.613497;100;0.99988 0.0125423 -0.00911525 0.0249196 -0.0128613 0.999275 -0.0358254 1.15734 0.00865931 0.0359383 0.999316 0.647601 0 0 0 1 
36535719080238;0.378354;0.029393;100;0.980469 0.183881 -0.0697732 0.336364 -0.166528 0.964933 0.202911 0.731884 0.104638 -0.187329 0.976708 -0.191909 0 0 0 1 
36535719080239;0.260619;0.0354676;100;0.999382 -0.0286211 0.020406 0.414974 0.0284171 0.999544 0.0102165 -0.170901 -0.0206891 -0.00963034 0.99974 0.355221 0 0 0 1 
36535719080240;0.347346;0.03571;100;0.99739 0.00776338 0.0717887 -0.025706 0.0195067 0.928268 -0.371399 0.337021 -0.0695225 0.37183 0.925694 -0.331818 0 0 0 1 
36535719080241;0.461675;0.0380109;100;0.944709 0.146849 0.293191 -0.209273 -0.0700588 0.963863 -0.257023 -0.215396 -0.320339 0.222271 0.920857 0.648985 0 0 0 1 
36535719080242;0.184835;0.0266292;100;0.991681 0.106717 0.0719746 -0.182497 -0.108106 0.994016 0.015679 0.0456144 -0.0698707 -0.0233294 0.997283 0.128622 0 0 0 1 
36535719080243;0.50255;0.583011;100;0.997164 -0.0697269 0.0283276 0.00649371 0.0707653 0.996789 -0.037476 -0.0807353 -0.0256236 0.0393743 0.998896 -0.239403 0 0 0 1 
36535719080244;0.3548;0.0313938;100;0.919328 0.258845 0.296371 -0.256047 -0.276953 0.960674 0.0200593 0.655274 -0.279524 -0.100522 0.954862 1.109 0 0 0 1 
36535719080245;0.421326;0.0448197;100;0.969919 0.124716 -0.209055 0.460484 -0.145273 0.985647 -0.0859929 0.556237 0.19533 0.113776 0.974116 -1.31033 0 0 0 1 
36535719080246;0.428678;0.0356377;100;0.967328 0.253519 -0.00232876 0.126522 -0.252644 0.963141 -0.092364 1.12283 -0.0211731 0.0899346 0.995723 -0.528125 0 0 0 1 
36535719080248;0.279109;0.0833276;100;0.999728 -0.0221092 -0.00738916 0.976998 0.0221344 0.999749 0.00334377 0.172966 0.00731338 -0.00350642 0.999967 -0.385444 0 0 0 1 
36535719080249;0.148582;0.0772494;100;0.997381 -0.0720008 -0.00689294 -0.091407 0.0720421 0.997384 0.00594004 -0.209431 0.00644722 -0.00642106 0.999959 -0.196357 0 0 0 1 
36535719080250;0.310686;0.0903022;100;0.996372 -0.0167444 0.0834462 -0.0673055 0.0162929 0.999849 0.00608923 0.206442 -0.0835355 -0.00470755 0.996494 -0.698543 0 0 0 1 
36535719080251;0.298484;0.112637;100;0.99969 0.0125957 -0.021478 -0.251313 -0.0112936 0.998152 0.0597018 0.615782 0.0221903 -0.0594407 0.997985 0.144189 0 0 0 1 
36535719080252;0.364884;0.11746;100;0.918671 -0.370812 -0.136171 1.33339 0.369623 0.928528 -0.0348611 -0.945133 0.139365 -0.018306 0.990072 -0.316453 0 0 0 1 
36535719080253;0.298099;0.187631;100;0.968523 -0.248864 -0.00553166 0.8818 0.24822 0.967213 -0.0537172 -0.545601 0.0187185 0.0506533 0.998541 -0.553138 0 0 0 1 
36535719080254;0.413793;0.106763;100;0.951691 -0.306164 0.0233837 -0.118055 0.303975 0.928645 -0.212643 -0.139565 0.0433885 0.209478 0.97685 -0.414729 0 0 0 1 
