#;prob_registration_l1 -r /home/probabilistic_point_clouds_registration/build/tester /home/point_clouds_registration_benchmark//devel/registration_pairs/hauptgebaude_local.txt /home/point_clouds_registration_benchmark//eth/hauptgebaude -s 0.2 -t 0.2 -p 0.3 -r 1000 -m 10 -i 100 -n 100 
id;initial_error;final_error;transformation
3394309160000;0.248226;0.0089;100;0.999279 -0.00269072 0.0378664 0.575893 0.00116549 0.999189 0.0402438 -0.0470818 -0.0379439 -0.0401706 0.998472 -0.019541 0 0 0 1 
3394309160001;0.28369;0.00751598;100;0.992998 0.115169 -0.026289 -0.409687 -0.113448 0.991757 0.0595582 0.84852 0.0329316 -0.0561587 0.997879 -0.644733 0 0 0 1 
3394309160002;0.278932;0.00758524;100;0.976863 -0.00682495 0.213755 -0.0946098 0.00483992 0.99994 0.00980841 -0.0857026 -0.21381 -0.00854692 0.976838 0.741248 0 0 0 1 
3394309160003;0.0682056;0.00870724;100;0.995468 -0.0912678 0.0267324 0.0149315 0.0916955 0.995671 -0.0152341 -0.594446 -0.0252263 0.0176163 0.999527 0.180644 0 0 0 1 
3394309160004;0.286924;0.00812912;100;0.999016 0.0405671 -0.0179359 0.57858 -0.0403944 0.999135 0.00989285 0.738814 0.0183217 -0.0091586 0.99979 -0.283533 0 0 0 1 
3394309160005;0.492031;0.00945852;100;0.906212 0.384463 0.17598 -0.230496 -0.409534 0.901624 0.139127 2.58303 -0.105179 -0.198148 0.974513 0.325268 0 0 0 1 
3394309160006;0.393899;0.00685072;100;0.987912 0.0243876 0.153086 -0.223451 -0.0254307 0.999665 0.00485925 0.544764 -0.152917 -0.00869361 0.988201 1.90821 0 0 0 1 
3394309160007;0.411602;0.00924425;100;0.885191 -0.337153 0.32057 0.371244 0.343539 0.938358 0.0382817 -2.08441 -0.313716 0.0762417 0.946451 1.4126 0 0 0 1 
3394309160008;0.42721;0.0125464;100;0.954604 -0.295181 -0.0399894 0.478813 0.295919 0.955113 0.0138492 -1.88656 0.0341063 -0.0250541 0.999104 0.681565 0 0 0 1 
3394309160009;0.395375;0.00780271;100;0.978025 -0.200748 -0.0562872 0.416769 0.195257 0.976588 -0.0902786 -1.46785 0.0730927 0.0773042 0.994325 0.401137 0 0 0 1 
3394309160010;0.216746;0.00843689;100;0.991613 -0.00577686 -0.129112 -0.102853 -0.0167515 0.984829 -0.172719 0.492456 0.128151 0.173434 0.976472 -0.588127 0 0 0 1 
3394309160011;0.228138;0.777472;100;0.94865 -0.220563 -0.226749 2.50306 0.243858 0.966497 0.0800982 -1.74147 0.201486 -0.13128 0.970654 -1.12509 0 0 0 1 
3394309160012;0.324315;0.779499;100;0.94364 -0.328751 -0.0383005 1.78201 0.33063 0.931046 0.154391 -2.33752 -0.0150967 -0.158353 0.987267 -0.183503 0 0 0 1 
3394309160013;0.268523;0.0061472;100;0.997664 0.0615173 -0.0296966 0.647408 -0.0616678 0.998088 -0.00418013 0.104605 0.0293826 0.00600169 0.99955 -0.42838 0 0 0 1 
3394309160014;0.217364;0.00805929;100;0.999774 0.0182663 0.0109106 -0.00499402 -0.0201283 0.978181 0.206776 -0.320124 -0.00689548 -0.206948 0.978328 0.290896 0 0 0 1 
3394309160015;0.198549;0.00713643;100;0.971855 0.108721 0.208992 -0.232064 -0.103522 0.993987 -0.0356902 0.727702 -0.211616 0.0130503 0.977266 1.47488 0 0 0 1 
3394309160016;0.362241;0.00773121;100;0.888449 -0.221146 0.402185 0.547487 0.218362 0.974405 0.0534149 -1.67862 -0.403704 0.0403655 0.913999 3.18414 0 0 0 1 
3394309160017;0.403444;0.0087918;100;0.925033 -0.273072 0.264094 -0.51081 0.266062 0.961915 0.0626898 -1.26791 -0.271155 0.0122753 0.962457 1.79337 0 0 0 1 
3394309160018;0.415951;0.00683482;100;0.958535 0.269163 0.0936044 -0.614134 -0.273512 0.961157 0.0370009 1.96021 -0.0800092 -0.0610686 0.994922 0.401287 0 0 0 1 
3394309160019;0.389264;0.00546997;100;0.967163 0.253916 -0.011015 0.0911095 -0.253902 0.967226 0.00274491 1.31349 0.011351 0.00014195 0.999936 -0.841979 0 0 0 1 
3394309160020;0.355901;0.00912953;100;0.943441 -0.158803 -0.291034 0.857214 0.0633154 0.947967 -0.312011 0.020993 0.325439 0.275937 0.904405 -1.68467 0 0 0 1 
3394309160021;0.307009;0.00839005;100;0.991457 -0.118515 -0.0544681 0.635681 0.127841 0.965797 0.225596 -1.12242 0.0258685 -0.230632 0.972697 -0.305342 0 0 0 1 
3394309160022;0.159878;0.00712007;100;0.979262 -0.0348289 0.199582 -0.239772 0.0505339 0.995966 -0.0741427 -0.251426 -0.196195 0.0826908 0.977072 1.27865 0 0 0 1 
3394309160023;0.179015;0.00688051;100;0.9954 -0.0427824 0.0857248 -0.158018 0.044754 0.998773 -0.0212101 -0.32654 -0.0847122 0.0249491 0.996093 0.134556 0 0 0 1 
3394309160024;0.448507;0.790843;100;0.901134 -0.431722 0.0396764 2.4687 0.430198 0.901776 0.0415884 -2.73807 -0.0537338 -0.020408 0.998347 1.11868 0 0 0 1 
3394309160025;0.259237;0.00799926;100;0.986782 0.162008 -0.00394638 -0.0725511 -0.16168 0.985859 0.0440542 1.04851 0.0110277 -0.0428338 0.999021 -0.594457 0 0 0 1 
3394309160026;0.300277;0.00672265;100;0.994419 0.0828369 0.0653436 0.371149 -0.0790139 0.995122 -0.0590701 -0.0568567 -0.069918 0.0535773 0.996113 0.770043 0 0 0 1 
3394309160027;0.421694;0.763147;100;0.955704 -0.225426 -0.189242 2.41971 0.263598 0.941589 0.209587 -2.62898 0.130942 -0.250187 0.959302 -0.321268 0 0 0 1 
3394309160028;0.443835;0.0065111;100;0.924729 0.108606 0.364801 -0.0613012 0.0044518 0.955276 -0.295683 0.801611 -0.380599 0.275051 0.882888 2.32586 0 0 0 1 
3394309160029;0.512116;0.00865031;100;0.998971 -0.0224361 0.0394142 0.289464 0.0348975 0.935323 -0.352071 0.488781 -0.0289659 0.353084 0.935143 -0.64914 0 0 0 1 
3394309160031;0.426851;0.00646617;100;0.961639 -0.205625 -0.181573 0.214665 0.227772 0.967392 0.110784 -0.703924 0.152872 -0.147892 0.977117 -0.961566 0 0 0 1 
3394309160032;0.353703;0.00709477;100;0.914672 -0.383027 -0.129091 -0.0338989 0.386528 0.922275 0.00224386 -0.0592208 0.118198 -0.0519497 0.99163 -0.20979 0 0 0 1 
3394309160033;0.139215;0.00803771;100;0.99349 -0.0281987 -0.110377 0.0259229 0.0230995 0.998618 -0.0472074 -0.188039 0.111555 0.0443505 0.992768 0.105973 0 0 0 1 
3394309160034;0.389775;0.00851573;100;0.927668 0.372225 -0.0296678 -0.252394 -0.370049 0.927053 0.060313 0.372811 0.0499536 -0.0449719 0.997739 -0.543714 0 0 0 1 
3394309160035;0.19696;0.00805469;100;0.976808 0.174609 -0.12393 0.0856845 -0.188676 0.975558 -0.112637 0.454821 0.101234 0.133408 0.985877 -0.0727872 0 0 0 1 
3394309160036;0.370886;0.00655581;100;0.937643 -0.344827 -0.0438129 -0.30139 0.345858 0.912905 0.216764 -0.450922 -0.0347493 -0.218401 0.97524 0.342053 0 0 0 1 
3394309160037;0.384635;0.00632845;100;0.912351 -0.249345 0.32472 -0.234979 0.185778 0.958924 0.214364 -0.779789 -0.364832 -0.13525 0.921198 0.0726806 0 0 0 1 
3394309160038;0.368064;0.00986413;100;0.948202 0.317351 -0.0141683 -0.60392 -0.317256 0.943765 -0.0930422 0.654387 -0.0161555 0.0927178 0.995561 -0.0137518 0 0 0 1 
3394309160039;0.0746977;0.00739634;100;0.999527 0.00629907 0.0300874 -0.106813 -0.00649639 0.999958 0.00646472 -0.0224117 -0.0300454 -0.00665712 0.999526 -0.111259 0 0 0 1 
3394309160040;0.279481;0.0110972;100;0.929294 -0.329659 0.166543 0.0849812 0.311476 0.941827 0.126271 -0.562066 -0.198481 -0.0654682 0.977916 0.378652 0 0 0 1 
3394309160041;0.389623;0.00684493;100;0.893651 -0.448156 -0.0233335 0.576915 0.448546 0.890398 0.0774447 -0.655619 -0.0139312 -0.0796746 0.996724 -0.0657658 0 0 0 1 
3394309160042;0.283783;0.00714064;100;0.98604 -0.166492 0.00234446 -0.479468 0.166494 0.986042 -0.000623382 -0.0930904 -0.00220795 0.00100502 0.999997 -0.37772 0 0 0 1 
3394309160043;0.314339;0.0146616;100;0.998188 0.0599797 0.00476995 0.18567 -0.0597974 0.980102 0.189272 -0.0558837 0.00667744 -0.189214 0.981913 0.65986 0 0 0 1 
3394309160044;0.531805;0.00984762;100;0.891016 0.432524 -0.137889 -0.481154 -0.417161 0.899897 0.127131 0.71101 0.179073 -0.0557545 0.982255 0.483572 0 0 0 1 
3394309160045;0.395186;0.397074;100;0.988568 0.0849198 0.124588 -0.256424 -0.0748799 0.993718 -0.0831741 -0.143379 -0.130868 0.0728942 0.988716 0.156367 0 0 0 1 
3394309160046;0.217132;0.00939941;100;0.990207 -0.13958 -0.00276833 0.164504 0.139602 0.990146 0.0110135 -0.601688 0.0012038 -0.0112921 0.999936 0.131243 0 0 0 1 
3394309160047;0.371665;0.00735116;100;0.975931 -0.152071 0.156311 -0.0816308 0.167643 0.98157 -0.0917352 0.100912 -0.13948 0.115732 0.983439 -0.604164 0 0 0 1 
3394309160048;0.441321;0.00702364;100;0.893285 0.356031 0.274378 -0.352614 -0.296001 0.925318 -0.237003 0.762576 -0.338267 0.130495 0.931958 0.851642 0 0 0 1 
3394309160049;0.529697;0.00655673;100;0.966802 -0.252037 -0.04209 -0.00750363 0.24783 0.884744 0.394726 -1.46126 -0.0622465 -0.392053 0.917834 0.211426 0 0 0 1 
3394309160050;0.242722;0.0110413;100;0.984252 -0.122796 0.127161 -0.00140803 0.123523 0.992339 0.00218955 -0.205977 -0.126455 0.0135521 0.99188 0.671799 0 0 0 1 
3394309160051;0.288745;0.00743726;100;0.97659 -0.0156628 0.214536 -0.193047 -0.00662085 0.994684 0.102758 -0.0692312 -0.215005 -0.101773 0.971295 0.875009 0 0 0 1 
3394309160052;0.346607;0.00952951;100;0.99571 0.0906412 0.0186019 0.091375 -0.090834 0.995818 0.00979151 0.00766685 -0.0176366 -0.0114392 0.999779 -0.789901 0 0 0 1 
3394309160053;0.177457;0.0077819;100;0.992852 -0.00391234 0.119285 -0.306845 0.00395839 0.999992 -0.000149087 -0.203894 -0.119283 0.000620196 0.99286 0.403079 0 0 0 1 
3394309160054;0.393365;0.00897622;100;0.997487 -0.0365515 -0.060695 0.634089 0.0467465 0.983259 0.176117 -0.691549 0.0532415 -0.178512 0.982496 0.411622 0 0 0 1 
3394309160055;0.395101;0.00555337;100;0.998402 -0.0547836 0.0138936 0.758027 0.0557178 0.995281 -0.079439 0.188869 -0.00947604 0.0800861 0.996743 -0.552348 0 0 0 1 
3394309160056;0.394726;0.00629799;100;0.984547 0.17439 0.0159865 -0.583841 -0.174779 0.972819 0.151905 0.444707 0.0109388 -0.152352 0.988266 -0.48624 0 0 0 1 
3394309160057;0.649395;0.00817859;100;0.928463 0.365182 0.0678083 -0.956743 -0.330613 0.895755 -0.297183 1.37031 -0.169266 0.253505 0.95241 0.51351 0 0 0 1 
3394309160058;0.444142;0.0086253;100;0.973686 0.227595 0.011681 -0.326647 -0.2267 0.97255 -0.0524809 0.655211 -0.0233048 0.0484518 0.998554 0.8654 0 0 0 1 
3394309160059;0.406193;0.388708;100;0.983215 -0.00045648 0.182452 0.487766 0.00607745 0.999524 -0.03025 -0.577038 -0.182351 0.0308511 0.982749 0.690543 0 0 0 1 
3394309160060;0.43448;0.0119219;100;0.904285 0.426447 -0.0202645 0.0879196 -0.423797 0.890903 -0.163365 0.829628 -0.0516127 0.156316 0.986358 -0.435793 0 0 0 1 
3394309160062;0.235158;0.0114979;100;0.951429 -0.264706 0.157202 0.458863 0.279336 0.956912 -0.079313 -6.13025 -0.129434 0.119373 0.984376 2.89545 0 0 0 1 
3394309160063;0.42419;0.0162297;100;0.976497 0.215372 -0.00828859 0.785334 -0.215156 0.976344 0.0214677 4.43521 0.012716 -0.0191798 0.999735 0.687009 0 0 0 1 
3394309160064;0.439802;1.61536;100;0.888836 0.4199 0.183452 -2.05918 -0.423119 0.905778 -0.0231803 9.37635 -0.1759 -0.0570183 0.982755 3.57155 0 0 0 1 
3394309160065;0.350677;0.0175941;100;0.987008 0.0846064 0.13659 0.281009 -0.0871098 0.996121 0.012445 1.33219 -0.135008 -0.0241817 0.990549 2.25644 0 0 0 1 
3394309160066;0.242534;0.0150107;100;0.99927 0.0149802 -0.0351435 -0.163823 -0.0221078 0.976984 -0.212165 0.267815 0.0311563 0.212787 0.976602 -0.151512 0 0 0 1 
3394309160067;0.392633;0.0150637;100;0.879302 0.192088 0.43581 1.92595 -0.125048 0.976069 -0.177912 3.07404 -0.459555 0.101941 0.882279 10.2575 0 0 0 1 
3394309160068;0.328762;0.0159019;100;0.988494 0.149862 0.0205336 0.246155 -0.151229 0.981944 0.11365 3.77161 -0.003131 -0.115448 0.993309 -0.418127 0 0 0 1 
3394309160069;0.0998438;0.012616;100;0.9998 0.0189289 -0.00645929 0.260309 -0.0189326 0.999821 -0.000512517 0.436248 0.00644843 0.000634705 0.999979 -0.221387 0 0 0 1 
3394309160070;0.429464;0.0146338;100;0.915343 0.291068 0.278257 1.48558 -0.351771 0.914301 0.200776 7.57161 -0.195971 -0.281661 0.939288 4.32383 0 0 0 1 
3394309160071;0.0989399;0.0176105;100;0.99851 0.0537217 -0.00960747 0.0634453 -0.0536703 0.998543 0.00552958 1.16366 0.00989053 -0.00500571 0.999939 -0.414391 0 0 0 1 
3394309160072;0.334886;0.0186421;100;0.936896 -0.34871 -0.0250364 1.06895 0.346086 0.914937 0.207642 -7.97434 -0.0495 -0.203203 0.977885 0.663404 0 0 0 1 
3394309160073;0.372916;0.0119605;100;0.989125 -0.147059 0.00211305 0.858494 0.14705 0.989122 0.00374386 -3.29045 -0.00264063 -0.00339243 0.999991 0.427301 0 0 0 1 
3394309160074;0.236373;0.00971176;100;0.982961 -0.179216 -0.040853 0.306102 0.181733 0.980872 0.0697289 -4.09522 0.027575 -0.0759652 0.996729 -1.09228 0 0 0 1 
3394309160075;0.259352;0.018865;100;0.979501 0.0770038 -0.186142 0.713668 -0.123644 0.95933 -0.253769 2.96691 0.15903 0.271582 0.949185 -3.2074 0 0 0 1 
3394309160076;0.21267;0.0174838;100;0.974032 0.174066 0.144787 0.468397 -0.160431 0.981853 -0.10113 3.79011 -0.159763 0.0752757 0.984281 3.69781 0 0 0 1 
3394309160077;0.259302;0.0168456;100;0.989451 0.138682 -0.0418803 0.24481 -0.143557 0.977436 -0.154951 3.23252 0.0194464 0.159329 0.987034 0.320056 0 0 0 1 
3394309160078;0.466153;0.00972761;100;0.88387 -0.421735 0.20227 1.68385 0.442674 0.8939 -0.0705878 -9.35525 -0.15104 0.15193 0.976783 4.18698 0 0 0 1 
3394309160079;0.423773;0.0170841;100;0.966772 -0.162694 0.197186 -0.341415 0.186655 0.97629 -0.109622 -3.90162 -0.174676 0.142785 0.974218 3.29974 0 0 0 1 
3394309160080;0.255153;0.00792567;100;0.992362 0.0108755 0.122877 0.126734 0.00756293 0.988868 -0.148601 0.033997 -0.123125 0.148395 0.981233 2.36407 0 0 0 1 
3394309160081;0.296072;0.0105984;100;0.997368 -0.0652666 0.0315749 0.327046 0.0653598 0.99786 -0.00192809 -0.798283 -0.0313815 0.00398675 0.9995 0.591457 0 0 0 1 
3394309160082;0.355531;0.0127055;100;0.906338 -0.414282 -0.0831912 1.84142 0.40924 0.909633 -0.0713409 -8.87201 0.105229 0.0306138 0.993977 -2.27568 0 0 0 1 
3394309160083;0.180325;0.0123878;100;0.997298 -0.0724359 -0.0122252 -0.0503213 0.073432 0.978399 0.193242 -1.98429 -0.00203656 -0.193618 0.981075 -0.0381205 0 0 0 1 
3394309160084;0.188147;0.0100864;100;0.997779 -0.0276231 -0.0606123 -0.0977167 0.0265618 0.999481 -0.0182463 -0.369609 0.0610848 0.0165958 0.997995 -1.65768 0 0 0 1 
3394309160085;0.149775;0.0181588;100;0.997193 0.011788 0.0739469 -0.116024 -0.0238961 0.985993 0.165065 0.205615 -0.0709653 -0.166369 0.983507 1.37575 0 0 0 1 
3394309160086;0.360181;0.0115368;100;0.976694 0.0306546 -0.212438 1.29966 -0.0476506 0.996018 -0.0753515 1.21249 0.209282 0.0837182 0.974265 -3.6746 0 0 0 1 
3394309160087;0.069233;0.0119854;100;0.996633 -0.0797041 -0.0192428 0.0528639 0.0799992 0.996681 0.0150837 -1.77647 0.0179767 -0.0165724 0.999701 -0.38914 0 0 0 1 
3394309160088;0.334175;0.00964203;100;0.957802 -0.24546 0.149551 -0.268402 0.222476 0.962541 0.154981 -5.04456 -0.18199 -0.115169 0.976532 3.56374 0 0 0 1 
3394309160089;0.384231;0.0141799;100;0.967846 -0.217223 0.126842 0.0763728 0.205236 0.973476 0.101106 -4.92455 -0.14544 -0.0718228 0.986757 2.32504 0 0 0 1 
3394309160090;0.357505;0.0138234;100;0.947212 -0.29941 0.114644 0.727041 0.315014 0.935654 -0.159113 -6.29906 -0.0596268 0.186828 0.980581 1.87571 0 0 0 1 
3394309160091;0.460987;0.0195244;100;0.971659 0.229013 0.0585872 0.371549 -0.231484 0.972036 0.039502 4.06722 -0.0479024 -0.0519445 0.9975 0.571958 0 0 0 1 
3394309160093;0.186714;0.0388366;100;0.981235 -0.0767677 -0.176876 0.476319 0.0819441 0.996391 0.0221381 -1.43793 0.174538 -0.0362166 0.983984 -3.43699 0 0 0 1 
3394309160094;0.310812;0.0449213;100;0.985631 -0.13118 0.106416 0.348131 0.131493 0.991309 0.0041003 -1.74354 -0.106029 0.00995151 0.994313 1.9964 0 0 0 1 
3394309160095;0.222858;0.0449883;100;0.99859 -0.0351769 -0.0397534 0.207798 0.0345461 0.999268 -0.0164446 -0.707479 0.0403027 0.0150481 0.999074 -0.188302 0 0 0 1 
3394309160096;0.38163;0.0453534;100;0.995688 -0.0759996 -0.0531949 0.234416 0.0814293 0.990733 0.108711 -1.75734 0.04444 -0.112573 0.992649 -0.0149508 0 0 0 1 
3394309160097;0.257713;0.0447113;100;0.999821 0.00699057 -0.0175639 -0.123629 -0.00680393 0.99992 0.0106637 0.139229 0.017637 -0.0105423 0.999789 0.375122 0 0 0 1 
3394309160098;0.436886;0.83189;100;0.88915 0.444265 0.10973 -0.133654 -0.41094 0.880669 -0.235692 7.94482 -0.201345 0.164473 0.965613 3.78588 0 0 0 1 
3394309160099;0.352112;0.0461545;100;0.990769 0.0990196 0.0925821 0.599498 -0.0806581 0.979523 -0.184468 2.00549 -0.108952 0.175297 0.978468 1.78036 0 0 0 1 
3394309160100;0.383134;0.0406616;100;0.996327 -0.0180733 -0.0836994 0.294622 0.0235961 0.997575 0.0654721 -0.372571 0.0823132 -0.0672067 0.994338 -0.572527 0 0 0 1 
3394309160101;0.349174;0.0465339;100;0.999778 0.0066398 0.0199793 -0.0122113 -0.00210483 0.975735 -0.218943 0.738623 -0.0209482 0.218852 0.975533 1.38836 0 0 0 1 
3394309160102;0.328612;0.0434597;100;0.989341 0.0986307 -0.107129 0.282097 -0.0853508 0.988832 0.122172 1.487 0.117983 -0.111726 0.98671 -1.43192 0 0 0 1 
3394309160103;0.353684;0.0353112;100;0.997641 -0.00648652 0.0683397 -0.86474 0.00283764 0.998572 0.0533556 -0.212574 -0.0685882 -0.0530359 0.996234 1.7182 0 0 0 1 
3394309160104;0.220681;0.0430181;100;0.979654 -0.142635 0.141186 -0.367187 0.137245 0.989409 0.0472591 -2.13345 -0.146432 -0.0269205 0.988854 2.56972 0 0 0 1 
3394309160105;0.408456;0.0418906;100;0.930537 0.355759 0.0868143 1.34489 -0.362485 0.928517 0.0803729 6.66046 -0.0520152 -0.106259 0.992977 1.4475 0 0 0 1 
3394309160106;0.441483;0.0414808;100;0.895439 -0.420242 0.146919 1.44176 0.37145 0.887179 0.27375 -7.23386 -0.245385 -0.190554 0.950513 4.68605 0 0 0 1 
3394309160107;0.532391;0.0444616;100;0.915387 -0.372339 -0.15307 2.04333 0.357028 0.926527 -0.118656 -6.31615 0.186004 0.0539655 0.981066 -3.79524 0 0 0 1 
3394309160108;0.223867;0.0491473;100;0.99997 0.00772317 0.00043332 -0.197573 -0.00772707 0.999921 0.00986682 0.0833659 -0.000357083 -0.00986987 0.999951 0.605857 0 0 0 1 
3394309160109;0.0784344;0.0456557;100;0.994518 -0.104469 -0.00458306 -0.112776 0.104544 0.994286 0.0215939 -1.9063 0.00230099 -0.0219546 0.999756 -0.0500847 0 0 0 1 
3394309160110;0.305364;0.0440468;100;0.985422 -0.160892 0.0553001 -0.351701 0.168445 0.96832 -0.184346 -2.88685 -0.0238884 0.190974 0.981304 1.35925 0 0 0 1 
3394309160111;0.289575;0.813126;100;0.947362 0.247299 0.203342 -0.67995 -0.230421 0.967598 -0.103246 4.34134 -0.222286 0.0509568 0.973649 4.36279 0 0 0 1 
3394309160112;0.386373;0.0423498;100;0.967552 -0.248792 0.0441005 0.118829 0.248352 0.968549 0.0152794 -4.61442 -0.046515 -0.00383116 0.99891 1.70766 0 0 0 1 
3394309160113;0.347639;0.0453063;100;0.999226 0.0393252 0.000391722 -0.19391 -0.0393253 0.999226 0.00013187 1.00552 -0.000386234 -0.000147173 1 0.897184 0 0 0 1 
3394309160114;0.578959;0.822213;100;0.887501 0.378674 0.262577 -1.07953 -0.374966 0.924676 -0.0661464 6.527 -0.267847 -0.0397524 0.962641 4.71941 0 0 0 1 
3394309160115;0.373208;0.0457064;100;0.996105 -0.00905049 0.0877041 -0.385843 0.0169286 0.995843 -0.0895028 -0.141628 -0.0865295 0.0906389 0.992118 0.786556 0 0 0 1 
3394309160116;0.177223;0.0412206;100;0.999661 -0.0258968 -0.00271746 0.222168 0.0258751 0.999635 -0.0077313 -0.108186 0.00291668 0.00765837 0.999966 -0.114859 0 0 0 1 
3394309160117;0.448363;0.0402952;100;0.978304 -0.202355 -0.0444297 0.241351 0.182141 0.94227 -0.280982 -2.57588 0.098723 0.266793 0.958684 -2.17839 0 0 0 1 
3394309160118;0.307421;0.0504393;100;0.953934 0.193831 0.228996 0.533995 -0.138963 0.961929 -0.235334 2.99068 -0.265893 0.192671 0.944552 4.95363 0 0 0 1 
3394309160119;0.336676;0.0425868;100;0.932083 -0.355836 -0.0678411 0.947663 0.356891 0.934139 0.00371026 -6.35526 0.0620527 -0.0276701 0.997689 -0.706899 0 0 0 1 
3394309160120;0.390228;0.0389545;100;0.880651 -0.442441 0.169407 1.37245 0.457258 0.887338 -0.0595582 -8.07333 -0.12397 0.129913 0.983745 2.77588 0 0 0 1 
3394309160121;0.364275;0.0482678;100;0.933158 -0.105034 0.34378 0.263958 0.17715 0.966534 -0.185555 -2.5095 -0.312785 0.234053 0.920535 6.04037 0 0 0 1 
3394309160122;0.150012;0.0524699;100;0.982037 0.18497 -0.0372835 0.635578 -0.185888 0.982305 -0.0228627 3.30842 0.0323948 0.0293826 0.999043 -0.518975 0 0 0 1 
3394309160124;0.265891;0.0217368;100;0.970229 -0.230436 0.0745357 -0.0717996 0.232394 0.972443 -0.018639 -5.75932 -0.0681866 0.0354058 0.997044 1.47239 0 0 0 1 
3394309160125;0.0924407;0.0274086;100;0.990863 0.0270779 0.132124 0.0574591 -0.035514 0.997449 0.0619168 0.756887 -0.13011 -0.0660433 0.989298 2.90383 0 0 0 1 
3394309160126;0.454214;0.0376495;100;0.917929 0.301174 -0.258264 3.18887 -0.303031 0.952389 0.0335846 7.56407 0.256083 0.047434 0.96549 -5.76284 0 0 0 1 
3394309160127;0.391085;0.0273593;100;0.915516 0.398773 -0.0530182 2.23313 -0.385294 0.907102 0.169455 8.98647 0.115667 -0.134711 0.984111 -3.06779 0 0 0 1 
3394309160128;0.398984;0.0349788;100;0.939207 0.341463 0.0359786 1.30487 -0.332087 0.93001 -0.157477 8.2231 -0.087233 0.135955 0.986867 2.11464 0 0 0 1 
3394309160129;0.0588853;0.0341068;100;0.999996 -0.00278786 -4.66959e-05 -0.139874 0.00278807 0.999982 0.00532256 -0.149843 3.18565e-05 -0.00532267 0.999986 0.142393 0 0 0 1 
3394309160130;0.354684;0.425483;100;0.984008 -0.129695 0.1221 0.308395 0.128628 0.991554 0.0166111 -3.87245 -0.123223 -0.000640007 0.992379 2.94489 0 0 0 1 
3394309160131;0.385569;0.0230925;100;0.882434 0.465766 0.0661192 3.12227 -0.4657 0.884772 -0.0173651 10.8681 -0.0665885 -0.0154682 0.997661 1.5582 0 0 0 1 
3394309160132;0.356548;0.0300233;100;0.905427 -0.420957 0.0547456 1.7261 0.424484 0.896651 -0.125822 -9.91814 0.0038778 0.137161 0.990541 0.0927097 0 0 0 1 
3394309160133;0.361702;0.03001;100;0.948926 -0.183957 -0.256317 1.51893 0.252487 0.929935 0.267339 -6.15922 0.18918 -0.318402 0.928887 -4.73873 0 0 0 1 
3394309160134;0.414145;0.0288311;100;0.976885 -0.211993 0.0274709 1.01366 0.213419 0.974529 -0.0688838 -4.67136 -0.0121683 0.0731543 0.997246 0.385292 0 0 0 1 
3394309160135;0.292331;0.032757;100;0.999229 0.00851056 -0.0383339 0.0461315 -0.00485736 0.995522 0.0944032 -0.341844 0.0389656 -0.0941442 0.994796 -1.62043 0 0 0 1 
3394309160136;0.443471;0.0313152;100;0.969776 0.243811 -0.00955985 0.934907 -0.243657 0.969747 0.014865 5.95345 0.0128949 -0.0120864 0.999844 -1.16379 0 0 0 1 
3394309160137;0.250953;0.0289049;100;0.981667 -0.181987 -0.056663 0.328093 0.187147 0.976649 0.105515 -4.51864 0.0361375 -0.114185 0.992802 -1.37412 0 0 0 1 
3394309160138;0.370395;0.0314966;100;0.926819 -0.268266 -0.262755 1.78822 0.246352 0.962486 -0.113714 -5.32304 0.283404 0.0406619 0.958138 -6.07578 0 0 0 1 
3394309160139;0.0858104;0.0278749;100;0.997367 0.0721918 -0.0068819 0.111019 -0.071454 0.994488 0.07673 1.49533 0.0123832 -0.0760362 0.997028 -0.439261 0 0 0 1 
3394309160140;0.322515;0.0321396;100;0.903769 -0.0504647 -0.425036 2.9173 0.054021 0.998533 -0.00368947 -1.30849 0.424599 -0.0196264 0.905169 -10.0034 0 0 0 1 
3394309160141;0.361297;0.030091;100;0.94059 0.339396 0.0100182 1.28032 -0.339525 0.940437 0.0173377 8.09576 -0.00353713 -0.0197091 0.999799 -0.036622 0 0 0 1 
3394309160142;0.193657;0.0323232;100;0.966315 0.021026 0.256502 0.250831 -0.0313614 0.99885 0.0362695 0.683827 -0.255444 -0.043092 0.965863 6.05823 0 0 0 1 
3394309160143;0.448915;0.0359217;100;0.971841 0.235381 -0.0109829 0.0642757 -0.234964 0.971533 0.0302432 5.13195 0.0177889 -0.026811 0.999482 -0.788995 0 0 0 1 
3394309160144;0.382267;0.0217536;100;0.927254 -0.338462 -0.160133 0.980496 0.324496 0.939777 -0.10734 -8.02446 0.186819 0.0475693 0.981242 -4.52062 0 0 0 1 
3394309160145;0.390824;0.0374233;100;0.908738 0.12608 -0.397869 2.84576 -0.215089 0.958415 -0.187555 5.3067 0.357677 0.256015 0.898066 -8.27623 0 0 0 1 
3394309160146;0.519843;0.0341578;100;0.986826 0.0513416 0.153423 0.147803 -0.0864415 0.968926 0.231755 1.76837 -0.136757 -0.241964 0.960599 4.07799 0 0 0 1 
3394309160147;0.314525;0.0277004;100;0.953797 -0.190393 -0.232426 0.679569 0.232047 0.958206 0.167321 -5.48725 0.190855 -0.213524 0.958114 -4.35453 0 0 0 1 
3394309160148;0.159477;0.03139;100;0.996018 0.00645529 0.088915 0.166991 -0.0156895 0.9945 0.103551 0.0280062 -0.0877576 -0.104534 0.990642 1.89903 0 0 0 1 
3394309160149;0.32406;0.416934;100;0.997616 -0.0688622 0.00454247 0.31517 0.0689329 0.997461 -0.0178661 -0.742281 -0.00330064 0.0181366 0.99983 0.172973 0 0 0 1 
3394309160150;0.0510986;0.0308136;100;0.99831 0.0550543 0.0186047 -0.0173328 -0.055133 0.998472 0.0037443 1.27761 -0.0183701 -0.0047637 0.99982 0.458511 0 0 0 1 
3394309160151;0.610087;0.0270418;100;0.926954 -0.342872 -0.1523 2.5539 0.32954 0.938136 -0.106321 -7.34456 0.179332 0.0483654 0.982599 -3.88616 0 0 0 1 
3394309160152;0.362678;0.0288585;100;0.922918 0.28959 -0.253692 2.66823 -0.315408 0.946595 -0.0668987 7.52244 0.220771 0.141759 0.964969 -5.29178 0 0 0 1 
3394309160153;0.287468;0.0341741;100;0.956114 0.285781 -0.0646221 1.27544 -0.265122 0.93774 0.224398 5.78949 0.124727 -0.197417 0.972353 -2.94402 0 0 0 1 
3394309160155;0.447786;0.0531172;100;0.967905 -0.240445 -0.0731146 0.450306 0.248605 0.873439 0.418688 -3.14263 -0.0368102 -0.423427 0.905182 0.201152 0 0 0 1 
3394309160156;0.233355;0.045778;100;0.928308 0.0698143 -0.365199 1.12266 -0.0600468 0.99747 0.03805 0.524108 0.366932 -0.013393 0.930151 -3.19304 0 0 0 1 
3394309160157;0.264959;0.0440963;100;0.974617 0.0359107 0.220979 -0.0883426 -0.0854133 0.972036 0.218749 0.338791 -0.206944 -0.232071 0.95043 1.52577 0 0 0 1 
3394309160158;0.276214;0.0431274;100;0.986013 -0.163293 0.0333724 0.0380128 0.163519 0.986531 -0.00415988 -1.6646 -0.0322436 0.00955872 0.999434 -0.217401 0 0 0 1 
3394309160159;0.327677;0.0456869;100;0.999478 0.0264584 0.018562 -0.2696 -0.0276583 0.997324 0.0676759 0.1676 -0.0167218 -0.068154 0.997535 1.01198 0 0 0 1 
3394309160160;0.133668;0.0506722;100;0.984659 -0.000235331 0.174487 -0.27443 0.0114497 0.997931 -0.0632668 0.00277003 -0.174111 0.0642941 0.982625 1.66166 0 0 0 1 
3394309160161;0.30505;0.91732;100;0.947868 0.318192 -0.0173368 -2.06049 -0.317701 0.94783 0.0261727 3.08017 0.0247603 -0.0193004 0.999507 0.106466 0 0 0 1 
3394309160162;0.0502853;0.0446224;100;0.999928 -0.0108778 -0.00515986 0.009298 0.0108607 0.999935 -0.00333079 -0.157395 0.00519576 0.00327451 0.999981 0.0690524 0 0 0 1 
3394309160163;0.250016;0.050025;100;0.994324 -0.0767457 -0.0736936 0.0140595 0.0930839 0.962945 0.253124 -1.29485 0.0515367 -0.258547 0.964623 -0.271975 0 0 0 1 
3394309160164;0.523579;0.905011;100;0.902215 0.430094 -0.0320492 -2.14997 -0.430206 0.902723 0.00366988 3.75623 0.0305099 0.0104767 0.99948 0.162866 0 0 0 1 
3394309160165;0.368871;0.0484733;100;0.962038 0.271064 0.0317415 0.243307 -0.253833 0.931422 -0.260809 2.46973 -0.100261 0.242851 0.964869 1.77784 0 0 0 1 
3394309160166;0.306131;0.0450411;100;0.999454 -0.0153401 -0.0292788 0.0455548 0.0153194 0.999882 -0.000928685 -0.148546 0.0292896 0.000479643 0.999571 -0.988976 0 0 0 1 
3394309160167;0.598213;0.0486824;100;0.893952 -0.141945 -0.42509 1.9781 0.218422 0.966233 0.136693 -2.82898 0.391333 -0.215046 0.89477 -2.91128 0 0 0 1 
3394309160168;0.1742;0.0417432;100;0.999383 0.0343751 -0.00719186 -0.0855237 -0.0343709 0.999409 0.000708623 0.299277 0.00721197 -0.000460995 0.999974 0.451872 0 0 0 1 
3394309160169;0.457369;0.043064;100;0.942473 -0.331375 0.043987 0.126759 0.330066 0.943328 0.0344886 -3.91946 -0.0529229 -0.017986 0.998437 1.03387 0 0 0 1 
3394309160170;0.210774;0.0448134;100;0.985605 -0.102889 0.134149 -0.285302 0.12432 0.978818 -0.162663 -0.948675 -0.114571 0.176999 0.97752 0.972737 0 0 0 1 
3394309160171;0.312176;0.0560624;100;0.97903 -0.200552 0.0357642 0.360519 0.182672 0.941972 0.281638 -2.02217 -0.090172 -0.269199 0.958854 0.760692 0 0 0 1 
3394309160172;0.347442;0.0491217;100;0.991294 -0.0556735 -0.119317 0.0715115 0.0397575 0.990472 -0.131848 -0.351458 0.12552 0.125956 0.984063 -0.137513 0 0 0 1 
3394309160173;0.513361;0.0484346;100;0.966792 -0.243027 0.0790648 0.722147 0.254522 0.887693 -0.383693 -1.49766 0.0230622 0.391075 0.92007 0.11193 0 0 0 1 
3394309160174;0.158617;0.0449638;100;0.997668 0.047404 -0.0491013 -0.267503 -0.0530539 0.991232 -0.121011 0.620822 0.0429344 0.123334 0.991436 -0.0870375 0 0 0 1 
3394309160175;0.423765;0.0467352;100;0.985247 -0.0382231 -0.166816 1.0406 0.00184354 0.977053 -0.212987 0.48935 0.171129 0.209537 0.962709 -1.56125 0 0 0 1 
3394309160176;0.19621;0.0451019;100;0.995627 -0.042217 0.0833357 0.00933684 0.0387793 0.998346 0.0424483 -0.105223 -0.0849899 -0.039031 0.995617 0.456831 0 0 0 1 
3394309160177;0.557777;0.040853;100;0.955633 0.178579 -0.234256 0.525785 -0.0774316 0.919598 0.385154 0.302926 0.284202 -0.349927 0.892626 -1.48522 0 0 0 1 
3394309160178;0.217629;0.0517129;100;0.999966 -0.0080751 -0.00157845 0.28939 0.00807168 0.999965 -0.0021626 -0.344781 0.00159586 0.00214979 0.999996 0.369813 0 0 0 1 
3394309160179;0.268847;0.040794;100;0.959088 -0.283008 -0.00753779 -0.286475 0.283108 0.958787 0.0240356 -2.90145 0.000424877 -0.0251863 0.999683 -0.088439 0 0 0 1 
3394309160180;0.363436;0.0434117;100;0.997285 -0.00468951 0.0734831 -0.117113 0.00919931 0.998086 -0.0611543 0.346807 -0.0730557 0.0616643 0.99542 1.6338 0 0 0 1 
3394309160181;0.481709;0.0526989;100;0.902686 -0.429835 -0.0199912 1.00178 0.429759 0.902907 -0.00814788 -3.9825 0.0215524 -0.00123642 0.999767 0.607348 0 0 0 1 
3394309160182;0.293983;0.0442838;100;0.998073 -0.0490365 -0.0380278 -0.0471572 0.0487798 0.99878 -0.00764911 -0.954447 0.0383565 0.00577938 0.999247 0.271115 0 0 0 1 
3394309160183;0.436918;0.0464055;100;0.972048 -0.234538 0.0106985 0.408557 0.222625 0.935231 0.275285 -2.99368 -0.0745702 -0.265208 0.961303 0.310536 0 0 0 1 
3394309160184;0.141133;0.0492305;100;0.999793 -0.0116982 -0.016653 -0.411831 0.0112927 0.999642 -0.0242406 -0.174043 0.0169307 0.0240476 0.999567 0.0898261 0 0 0 1 
3394309160186;0.458534;0.00689346;100;0.914685 0.402893 -0.0320842 2.11237 -0.403948 0.913921 -0.0396802 7.99571 0.0133356 0.0492552 0.998697 -0.922473 0 0 0 1 
3394309160187;0.388653;0.00991731;100;0.885009 -0.465566 0.002891 1.80232 0.464436 0.882394 -0.0753702 -9.07036 0.0325388 0.0680459 0.997151 -0.331187 0 0 0 1 
3394309160188;0.269366;0.00760464;100;0.986238 -0.165323 -0.0013853 0.176135 0.163383 0.973315 0.161133 -3.43129 -0.0252907 -0.159142 0.986932 0.799305 0 0 0 1 
3394309160189;0.483079;0.00542785;100;0.968205 -0.20146 -0.148302 0.9853 0.148962 0.940566 -0.305197 -2.01466 0.200973 0.273402 0.940671 -4.02944 0 0 0 1 
3394309160190;0.0786131;0.00560395;100;0.997909 0.0624032 -0.0168613 0.129725 -0.0624751 0.998039 -0.00376966 1.17558 0.016593 0.00481518 0.999851 -0.449913 0 0 0 1 
3394309160191;0.461554;0.00610418;100;0.949615 -0.312888 -0.0182045 0.798669 0.313234 0.949445 0.0209518 -6.88799 0.0107286 -0.0255984 0.999615 0.424919 0 0 0 1 
3394309160192;0.432023;0.0121035;100;0.987648 -0.0275557 -0.154245 1.12749 -0.0137715 0.965339 -0.260637 1.0733 0.15608 0.259542 0.953036 -2.4278 0 0 0 1 
3394309160193;0.353577;0.00784949;100;0.952158 0.305595 0.00249464 1.48983 -0.305434 0.951865 -0.0257672 5.98648 -0.0102489 0.0237725 0.999665 -0.372813 0 0 0 1 
3394309160194;0.352735;0.00640734;100;0.951805 -0.223889 0.20962 0.363712 0.145247 0.931004 0.334867 -3.55592 -0.27013 -0.288281 0.918653 5.0456 0 0 0 1 
3394309160195;0.362433;0.00806246;100;0.900673 0.433852 0.0236889 2.3432 -0.433106 0.900813 -0.0309208 8.37989 -0.0347543 0.0175897 0.999241 0.49508 0 0 0 1 
3394309160196;0.182053;0.00955946;100;0.992917 -0.108115 0.0492632 -0.0277788 0.0993481 0.982938 0.154798 -2.32764 -0.0651587 -0.148808 0.986717 0.889858 0 0 0 1 
3394309160197;0.398636;0.00810953;100;0.919746 0.380981 -0.0944498 2.44002 -0.392296 0.90025 -0.18882 7.86049 0.0130916 0.210719 0.977459 0.552193 0 0 0 1 
3394309160198;0.114611;0.00738556;100;0.991216 -0.132011 -0.00802813 0.0486492 0.132003 0.991248 -0.00151132 -2.68704 0.00815738 0.000438313 0.999967 -0.0911598 0 0 0 1 
3394309160199;0.260161;0.00717838;100;0.948753 0.315665 0.0149471 1.30059 -0.314875 0.948283 -0.0401592 6.24941 -0.0268509 0.0333947 0.999081 0.592384 0 0 0 1 
3394309160200;0.239388;0.00825633;100;0.999022 -0.0333214 -0.0290478 0.00370575 0.0337082 0.999348 0.0129312 -0.742553 0.028598 -0.0138977 0.999494 0.0582456 0 0 0 1 
3394309160201;0.340496;0.00778797;100;0.968283 -0.0742964 0.238554 0.627478 0.11994 0.975782 -0.18293 -1.70659 -0.219186 0.20574 0.953745 4.27309 0 0 0 1 
3394309160202;0.373558;0.00764879;100;0.985981 -0.0826425 0.144952 -0.668348 0.0832668 0.996526 0.00176514 -1.40307 -0.144594 0.0103293 0.989437 2.19289 0 0 0 1 
3394309160203;0.451354;0.00699276;100;0.919824 0.389469 0.0473109 1.85665 -0.35335 0.874787 -0.331498 7.46225 -0.170495 0.288203 0.942269 3.53573 0 0 0 1 
3394309160204;0.469117;0.00612552;100;0.873548 0.486733 -0.00222109 2.91486 -0.48673 0.873551 0.00153702 9.45454 0.00268835 -0.000261584 0.999996 -0.602487 0 0 0 1 
3394309160205;0.327235;0.00713079;100;0.978125 -0.20035 -0.0559608 0.713894 0.202941 0.978147 0.0452107 -4.43001 0.04568 -0.0555785 0.997409 -1.27907 0 0 0 1 
3394309160206;0.165571;0.00625655;100;0.998296 -0.0114103 -0.0572307 -0.110507 0.00444952 0.992726 -0.12031 0.17277 0.0581872 0.11985 0.991085 -0.679016 0 0 0 1 
3394309160207;0.420271;0.00691572;100;0.970859 0.106978 0.21445 0.497875 -0.117372 0.992425 0.0362953 2.15121 -0.208943 -0.060408 0.97606 5.02013 0 0 0 1 
3394309160208;0.487381;0.00971189;100;0.924434 0.30842 -0.224277 1.35347 -0.251179 0.93498 0.250441 4.17745 0.286935 -0.175182 0.941796 -5.32282 0 0 0 1 
3394309160209;0.287731;0.00856526;100;0.995877 0.0702974 0.0573266 -0.117873 -0.0777196 0.987147 0.139644 1.48209 -0.0467733 -0.143523 0.988541 0.112443 0 0 0 1 
3394309160210;0.372686;0.0106697;100;0.950247 -0.309183 0.0379012 0.664278 0.311487 0.94415 -0.107507 -5.78213 -0.00254515 0.113964 0.993482 0.822085 0 0 0 1 
3394309160211;0.423056;0.00847659;100;0.911614 -0.335712 -0.237186 1.86643 0.365463 0.926081 0.0938688 -7.2583 0.188141 -0.172255 0.966918 -3.27092 0 0 0 1 
3394309160212;0.468609;0.00768241;100;0.960058 -0.279098 0.0198216 1.13599 0.279428 0.960026 -0.0164092 -5.94118 -0.0144495 0.0212925 0.999669 0.912705 0 0 0 1 
3394309160213;0.266849;0.00772974;100;0.978514 -0.147779 0.143779 -0.308017 0.173471 0.96698 -0.186703 -3.03424 -0.11144 0.207633 0.971838 2.524 0 0 0 1 
3394309160214;0.475344;0.00699228;100;0.994215 -0.102189 0.0330758 0.327113 0.106652 0.902748 -0.41674 -1.40736 0.0127271 0.417856 0.908424 1.14968 0 0 0 1 
3394309160215;0.281079;0.0091222;100;0.872455 0.0798827 -0.482121 3.03544 -0.0528553 0.996187 0.0694103 1.08961 0.485827 -0.0350747 0.873351 -9.46819 0 0 0 1 
3394309160217;0.276984;0.0309195;100;0.999998 -0.0017207 0.000541181 -0.634292 0.00171946 0.999996 0.00227778 0.341135 -0.000545098 -0.00227685 0.999997 0.373626 0 0 0 1 
3394309160218;0.423487;0.857371;100;0.928677 0.198593 0.31324 -2.14794 -0.248109 0.960413 0.126683 2.73113 -0.275681 -0.195365 0.941187 3.29479 0 0 0 1 
3394309160219;0.217232;0.0244481;100;0.985672 0.162018 -0.0469194 0.460793 -0.168007 0.967751 -0.187702 2.50971 0.0149952 0.192895 0.981105 0.104066 0 0 0 1 
3394309160220;0.375115;0.032377;100;0.920838 0.182676 -0.344508 1.55099 -0.103444 0.966264 0.235868 0.565611 0.375973 -0.181559 0.90867 -5.23751 0 0 0 1 
3394309160221;0.326953;0.0309365;100;0.981204 0.182524 -0.0626412 -0.105441 -0.179293 0.98232 0.0538674 1.95584 0.0713658 -0.0416238 0.996581 -0.372552 0 0 0 1 
3394309160222;0.142051;0.0281074;100;0.99921 -0.0360534 0.016693 -0.311011 0.0365039 0.998954 -0.0275212 -0.743218 -0.0156833 0.0281088 0.999482 0.346712 0 0 0 1 
3394309160223;0.261461;0.0342447;100;0.959156 0.27424 -0.0693643 0.304799 -0.270664 0.961001 0.0567333 3.42141 0.0822176 -0.0356416 0.995977 -1.13773 0 0 0 1 
3394309160224;0.0854273;0.0330537;100;0.993508 0.113043 -0.0128032 0.105135 -0.112921 0.993555 0.00987158 1.36353 0.0138366 -0.00836174 0.999869 -0.150062 0 0 0 1 
3394309160225;0.231107;0.0243054;100;0.999935 0.00317677 -0.0109259 -0.267325 -0.00297503 0.999826 0.0184315 0.55226 0.0109825 -0.0183978 0.99977 0.0732564 0 0 0 1 
3394309160226;0.061528;0.0323248;100;0.999994 0.00273124 -0.00207104 -0.0759864 -0.00273258 0.999996 -0.000642978 0.0719459 0.00206928 0.000648633 0.999998 -0.147901 0 0 0 1 
3394309160227;0.376137;1.6122;100;0.884113 0.465552 -0.0400608 -2.44962 -0.466016 0.884772 -0.00257961 5.86948 0.0342438 0.0209497 0.999194 -0.265504 0 0 0 1 
3394309160228;0.303595;0.0327858;100;0.965504 -0.249225 0.0754218 0.248837 0.260248 0.93312 -0.248108 -2.96889 -0.00854277 0.259178 0.965792 0.184483 0 0 0 1 
3394309160229;0.401686;0.0361308;100;0.930656 -0.316641 0.18335 1.00939 0.320841 0.947106 0.00708923 -3.66247 -0.175897 0.0522287 0.983022 2.46069 0 0 0 1 
3394309160230;0.10387;0.0374231;100;0.991275 0.127903 -0.031841 0.0661869 -0.128903 0.991152 -0.0316427 1.67133 0.0275121 0.0354711 0.998992 -0.302093 0 0 0 1 
3394309160231;0.26477;0.0300823;100;0.925019 -0.228003 0.303899 0.299209 0.190943 0.970538 0.146956 -2.79355 -0.328452 -0.07791 0.941302 4.30095 0 0 0 1 
3394309160232;0.456423;0.0314624;100;0.870821 0.285569 -0.400152 2.79433 -0.283863 0.956661 0.064973 3.90177 0.401364 0.0570085 0.914143 -5.51548 0 0 0 1 
3394309160233;0.155497;0.0300303;100;0.999093 0.0335308 0.0262508 -0.202149 -0.0342689 0.999015 0.0281946 0.375674 -0.0252796 -0.0290686 0.999258 0.712946 0 0 0 1 
3394309160234;0.449685;0.0280643;100;0.946371 -0.323052 0.00432625 0.609763 0.323018 0.945835 -0.0324824 -3.99931 0.00640159 0.0321379 0.999463 -0.915651 0 0 0 1 
3394309160235;0.164832;0.0393158;100;0.972403 0.125485 -0.196689 0.272432 -0.115173 0.991342 0.0630597 1.49332 0.202899 -0.038666 0.978436 -2.58069 0 0 0 1 
3394309160236;0.330502;0.0356096;100;0.972052 0.226096 0.063214 0.136252 -0.210618 0.958802 -0.190629 3.28237 -0.10371 0.171987 0.979625 1.87609 0 0 0 1 
3394309160237;0.197559;0.0381231;100;0.999959 -0.00894953 0.000977812 0.233743 0.00894109 0.999925 0.00832457 0.122051 -0.00105224 -0.00831549 0.999965 -0.271256 0 0 0 1 
3394309160238;0.37956;0.032901;100;0.982384 -0.138137 0.125855 0.815819 0.123442 0.98532 0.117926 -1.49199 -0.140298 -0.100313 0.985015 1.90329 0 0 0 1 
3394309160239;0.353533;0.036885;100;0.995684 -0.0424996 0.0825031 -0.845652 0.0416353 0.999059 0.0121693 -0.382102 -0.0829426 -0.0086817 0.996517 0.482257 0 0 0 1 
3394309160240;0.540644;0.877062;100;0.935478 0.302741 0.182288 -1.98355 -0.220961 0.90366 -0.366844 4.10029 -0.275785 0.302896 0.912248 3.7358 0 0 0 1 
3394309160241;0.23847;0.844266;100;0.978708 0.0797674 0.189124 -1.80618 -0.0909633 0.994534 0.0512633 1.04545 -0.184002 -0.0673752 0.980614 1.90802 0 0 0 1 
3394309160242;0.249114;0.0285883;100;0.999405 -0.0230724 0.0256425 -0.341713 0.0225596 0.999543 0.0201108 -0.290026 -0.0260948 -0.0195203 0.999469 -0.258536 0 0 0 1 
3394309160243;0.309141;0.0332626;100;0.9574 0.164111 0.237596 -0.00984955 -0.117991 0.973312 -0.19683 1.90515 -0.263557 0.160411 0.951213 3.36308 0 0 0 1 
3394309160244;0.346424;0.0384237;100;0.999996 -0.00272936 -0.00111191 0.490778 0.00273264 0.999992 0.00296122 -0.426053 0.00110382 -0.00296424 0.999995 0.631124 0 0 0 1 
3394309160245;0.222213;0.0416782;100;0.981518 0.142281 0.127979 0.0973558 -0.148487 0.988094 0.0402834 1.9924 -0.120724 -0.0585422 0.990958 1.13252 0 0 0 1 
3394309160246;0.394505;0.881881;100;0.899954 0.430638 0.0680749 -1.31671 -0.435252 0.896473 0.0830146 5.56961 -0.0252781 -0.104339 0.99422 0.2162 0 0 0 1 
3394309160248;0.387346;0.0251446;100;0.994746 0.0883251 -0.0517553 0.171505 -0.0592525 0.90903 0.412497 0.375277 0.083481 -0.407263 0.909488 -1.23793 0 0 0 1 
3394309160249;0.0790091;0.0321392;100;0.996101 -0.0880281 0.00586438 -0.00439163 0.0880223 0.996118 0.00125332 -1.49441 -0.00595194 -0.000732239 0.999982 0.0972988 0 0 0 1 
3394309160250;0.489213;0.0316181;100;0.931313 0.267832 -0.246823 1.72185 -0.225926 0.956359 0.185295 3.27816 0.285679 -0.116804 0.95118 -3.95894 0 0 0 1 
3394309160251;0.37181;0.0354359;100;0.88456 0.440717 -0.152717 2.32736 -0.401203 0.885916 0.232783 6.5078 0.237886 -0.14464 0.960463 -4.05798 0 0 0 1 
3394309160252;0.374908;0.029568;100;0.932252 -0.361655 -0.010572 1.25656 0.361712 0.932281 0.00406471 -6.41253 0.00838608 -0.00761337 0.999936 -0.411855 0 0 0 1 
3394309160253;0.217625;0.0363905;100;0.970624 -0.152536 0.186071 0.211123 0.161433 0.986313 -0.0335512 -2.61145 -0.178406 0.0626036 0.981963 3.50248 0 0 0 1 
3394309160254;0.306431;0.0322854;100;0.999767 -0.0215768 -0.000870988 -0.771599 0.0215777 0.999767 0.000972412 -0.0447541 0.000849803 -0.000990979 0.999999 0.340085 0 0 0 1 
