#;prob_registration_l1 -r /home/probabilistic_point_clouds_registration/build/tester /home/point_clouds_registration_benchmark//devel/registration_pairs/pioneer_slam_local.txt /home/point_clouds_registration_benchmark//tum/pioneer_slam -s 0.1 -t 0.1 -p 0.3 -r 1000 -m 10 -i 100 -n 100 
id;initial_error;final_error;transformation
1807261650000;0.252801;0.164227;100;0.994952 0.0371475 0.0932219 -0.309138 -0.0338805 0.998763 -0.0363872 0.183909 -0.0944583 0.0330451 0.99498 0.224801 0 0 0 1 
1807261650001;0.370505;0.147877;100;0.972389 0.115004 0.203061 -0.0908524 -0.154683 0.96916 0.191837 0.420904 -0.174737 -0.217951 0.96019 0.867778 0 0 0 1 
1807261650002;0.611698;0.196608;100;0.999957 0.00716243 -0.00583158 0.141705 -0.00728023 0.999765 -0.0204359 -0.691628 0.00568383 0.0204775 0.999774 0.555443 0 0 0 1 
1807261650003;0.65444;0.159412;100;0.953832 0.295703 -0.0525786 0.415235 -0.2915 0.953621 0.0750595 1.11301 0.0723354 -0.0562675 0.995792 -0.982868 0 0 0 1 
1807261650004;0.70178;0.160521;100;0.908107 0.379038 0.177968 0.104597 -0.350841 0.920733 -0.17077 1.48786 -0.228589 0.092639 0.969105 1.40054 0 0 0 1 
1807261650005;0.564667;0.136155;100;0.990947 -0.134219 0.00300904 0.0432553 0.134243 0.990895 -0.0102419 -0.124424 -0.00160699 0.0105531 0.999943 0.737982 0 0 0 1 
1807261650006;0.456118;0.0452273;100;0.995954 -0.0631271 -0.0639597 -0.365607 0.0527709 0.986918 -0.152343 0.118892 0.0727399 0.148352 0.986256 -0.688817 0 0 0 1 
1807261650007;0.0911852;0.0473106;100;0.997207 0.0149579 0.0731772 -0.127875 -0.0164103 0.999679 0.019287 0.0313017 -0.0728653 -0.020434 0.997132 0.296602 0 0 0 1 
1807261650008;0.628711;0.283949;100;0.957064 -0.0629689 0.282954 0.587271 0.0246722 0.990274 0.136926 -0.398021 -0.288824 -0.124066 0.94931 0.739444 0 0 0 1 
1807261650009;0.268333;0.142028;100;0.97617 -0.216815 -0.00916672 -0.132721 0.216888 0.976164 0.00801053 -0.748459 0.00721142 -0.00980779 0.999926 -0.114046 0 0 0 1 
1807261650010;0.71038;0.260885;100;0.949666 0.313149 0.00854328 0.0764902 -0.313175 0.949694 0.00184282 0.908962 -0.00753642 -0.0044256 0.999962 -0.869892 0 0 0 1 
1807261650011;0.818748;0.168506;100;0.905245 0.424866 -0.00455013 0.124736 -0.424874 0.905252 -0.000904336 1.62556 0.0037348 0.00275188 0.999989 -0.880454 0 0 0 1 
1807261650012;0.646177;0.0458168;100;0.999958 -0.0061079 0.00690454 0.177186 0.00636987 0.999235 -0.0385794 -0.684443 -0.00666363 0.0386217 0.999232 -0.689514 0 0 0 1 
1807261650013;0.5425;0.0522573;100;0.98884 0.0247868 -0.146902 -0.091819 -0.0299631 0.999002 -0.0331289 -0.232024 0.145934 0.0371608 0.988596 -1.2102 0 0 0 1 
1807261650014;0.402811;0.140366;100;0.945944 0.187637 -0.26454 0.337029 -0.156235 0.978407 0.135313 0.420919 0.284218 -0.0866682 0.954834 -1.4072 0 0 0 1 
1807261650015;0.62098;0.142386;100;0.896058 -0.40055 0.191414 0.183345 0.396701 0.916001 0.0597518 -1.13157 -0.199269 0.0223932 0.979689 1.28336 0 0 0 1 
1807261650016;0.314215;0.163807;100;0.991225 0.121757 -0.0514551 -0.103335 -0.119425 0.991767 0.0462088 0.539765 0.0566578 -0.0396583 0.997606 -0.0115261 0 0 0 1 
1807261650017;0.544853;0.163405;100;0.951734 0.099835 -0.290234 0.199933 -0.198396 0.921615 -0.333562 0.808965 0.234183 0.375044 0.896939 -1.0784 0 0 0 1 
1807261650018;0.870541;0.159695;100;0.884087 0.451007 0.122404 0.162358 -0.442593 0.892148 -0.0904651 1.99455 -0.150003 0.0258037 0.988349 1.23243 0 0 0 1 
1807261650019;0.408282;0.164689;100;0.969408 0.245353 -0.00707732 -0.277868 -0.245346 0.969434 0.0018043 0.639482 0.00730368 -1.27085e-05 0.999973 0.299933 0 0 0 1 
1807261650020;0.378251;0.145095;100;0.965764 0.00254053 -0.259411 0.0535014 -0.0972812 0.930531 -0.353056 0.315624 0.240493 0.366205 0.89892 -0.906878 0 0 0 1 
1807261650021;0.0584465;0.152498;100;0.999296 0.0256512 -0.027372 -0.0546025 -0.0254815 0.999654 0.00653031 -0.14323 0.02753 -0.00582823 0.999604 -0.0686232 0 0 0 1 
1807261650022;0.492617;0.126325;100;0.977041 -0.132122 -0.167138 0.108082 0.118637 0.989005 -0.0882854 -0.322896 0.176964 0.0664297 0.981973 -1.17083 0 0 0 1 
1807261650023;0.436303;0.25723;100;0.949378 0.312834 0.0285587 -0.0199566 -0.313546 0.94924 0.0251682 1.04689 -0.0192356 -0.0328486 0.999275 0.157624 0 0 0 1 
1807261650024;0.611538;0.197626;100;0.995973 -0.0142991 0.0885027 0.0678808 0.0209827 0.996959 -0.0750558 0.336438 -0.0871603 0.0766106 0.993244 -0.389863 0 0 0 1 
1807261650025;0.222007;0.146099;100;0.986343 -0.145077 -0.0779822 -0.295443 0.133239 0.98114 -0.140042 -0.559367 0.0968283 0.12774 0.98707 -0.147051 0 0 0 1 
1807261650026;0.125003;0.0515059;100;0.997288 -0.0263553 -0.0687178 -0.194475 0.0184782 0.993441 -0.112843 -0.0668823 0.071241 0.111267 0.991234 -0.127451 0 0 0 1 
1807261650027;0.446617;0.165318;100;0.913944 -0.402389 0.0528109 0.0736908 0.396188 0.912834 0.0988414 -1.35391 -0.0879802 -0.0694125 0.993701 0.371825 0 0 0 1 
1807261650028;0.18577;0.272467;100;0.985769 0.155111 -0.0648048 0.0387826 -0.157087 0.987227 -0.0265682 0.0565727 0.059856 0.03637 0.997544 -0.201065 0 0 0 1 
1807261650029;0.503137;0.153202;100;0.987761 0.0822787 -0.132508 0.159642 -0.11184 0.96578 -0.23401 0.829448 0.10872 0.245966 0.963162 -0.248234 0 0 0 1 
1807261650031;0.869936;0.942423;100;0.999924 -0.00460656 -0.0114737 -0.00204454 0.00723821 0.970454 0.241177 0.0223437 0.0100237 -0.241241 0.970413 -0.95335 0 0 0 1 
1807261650032;0.361529;0.451402;100;0.968681 0.0790522 -0.235391 0.196234 -0.118879 0.979912 -0.160123 0.564208 0.218004 0.183091 0.95862 0.29483 0 0 0 1 
1807261650033;0.495733;0.484958;100;0.998928 0.00442744 0.0460791 0.00772291 -0.00436939 0.99999 -0.00136046 0.0259452 -0.0460846 0.00115767 0.998937 0.036144 0 0 0 1 
1807261650034;1.09057;1.09668;100;0.985921 0.162281 -0.0402974 0.808966 -0.164518 0.984526 -0.060344 0.910325 0.0298812 0.0661241 0.997364 0.730244 0 0 0 1 
1807261650035;0.885672;1.01722;100;0.986781 0.112917 -0.116247 0.542432 -0.0950069 0.984185 0.149511 0.47523 0.131291 -0.13649 0.981903 -0.075752 0 0 0 1 
1807261650036;0.893017;0.452422;100;0.982358 0.102553 0.156381 0.17133 -0.114409 0.99105 0.0687755 0.460883 -0.147928 -0.0854536 0.985299 0.718665 0 0 0 1 
1807261650037;0.513994;0.421253;100;0.999809 0.016108 0.0110476 0.242532 -0.0169116 0.996889 0.0769784 0.285738 -0.00977328 -0.0771505 0.996972 -0.49634 0 0 0 1 
1807261650038;0.984234;0.652792;100;0.917516 0.0978646 0.385469 -0.00687968 -0.0738027 0.994314 -0.0767709 0.668564 -0.39079 0.0419899 0.919521 -0.237666 0 0 0 1 
1807261650039;0.787771;0.457037;100;0.985139 0.0904241 0.146029 0.134816 -0.0687607 0.986725 -0.147127 0.482263 -0.157394 0.1349 0.978279 -0.136047 0 0 0 1 
1807261650040;0.449489;0.380139;100;0.970146 0.0537201 0.236498 -0.0218481 -0.0592648 0.998108 0.0163937 0.364138 -0.23517 -0.0299202 0.971494 0.555978 0 0 0 1 
1807261650041;0.636202;0.163581;100;0.999982 -0.000292172 -0.00605484 0.21056 0.000305051 0.999998 0.00212635 0.318846 0.00605421 -0.00212816 0.999979 -0.326419 0 0 0 1 
1807261650042;0.394001;0.405137;100;0.996661 0.0811125 -0.00937395 -0.146166 -0.0812663 0.996541 -0.0173921 0.519363 0.00793081 0.0180958 0.999805 0.0881782 0 0 0 1 
1807261650043;0.493104;0.602438;100;0.955814 0.164042 0.243948 0.420162 -0.161746 0.98639 -0.0295569 0.971912 -0.245476 -0.0112067 0.969338 0.276402 0 0 0 1 
1807261650044;0.603128;0.731363;100;0.993817 0.109443 -0.0187116 0.0529739 -0.109287 0.993968 0.0091269 0.611555 0.0195976 -0.00702553 0.999783 -0.42968 0 0 0 1 
1807261650045;0.822026;0.593225;100;0.995353 -0.00320482 -0.0962435 -0.00633936 0.0399339 0.923193 0.382256 -0.102414 0.0876263 -0.384323 0.919031 -1.8446 0 0 0 1 
1807261650046;0.726796;1.55464;100;0.996003 0.0791204 -0.0414495 0.220843 -0.0837367 0.988612 -0.125034 1.24344 0.0310847 0.128005 0.991286 0.803309 0 0 0 1 
1807261650047;0.841796;0.753935;100;0.997941 -0.0251628 -0.0590045 -0.0877734 0.0241143 0.99954 -0.0184151 0.425753 0.0594408 0.0169544 0.998088 0.641761 0 0 0 1 
1807261650048;0.923373;0.52864;100;0.975057 0.107842 0.193995 0.323204 -0.14248 0.97429 0.174524 0.694244 -0.170186 -0.197812 0.965353 0.430815 0 0 0 1 
1807261650049;0.894299;0.692741;100;0.967745 -0.00872603 0.251779 -0.263758 -0.0161187 0.995208 0.0964454 0.147541 -0.251414 -0.097393 0.962967 0.513489 0 0 0 1 
1807261650050;0.776112;1.29562;100;0.987982 0.065245 0.140125 -0.0316449 -0.0253888 0.962733 -0.26926 1.32629 -0.15247 0.262466 0.952819 1.26932 0 0 0 1 
1807261650051;0.472646;1.30503;100;0.969671 0.183228 0.161755 0.564411 -0.181604 0.983057 -0.0248956 1.25505 -0.163576 -0.00523488 0.986517 0.509751 0 0 0 1 
1807261650052;0.367213;0.336054;100;0.999285 -0.000619287 0.0378141 -0.00712032 -0.00705352 0.97927 0.202436 0.0618859 -0.0371556 -0.202558 0.978565 -0.425125 0 0 0 1 
1807261650053;0.543637;0.366066;100;0.900834 0.0516384 -0.431082 0.431947 -0.144962 0.971696 -0.186531 0.661124 0.409248 0.230524 0.882822 0.296864 0 0 0 1 
1807261650054;0.296591;0.97539;100;0.992913 0.0120253 -0.118232 0.128076 -0.0327616 0.984015 -0.175048 0.932872 0.114237 0.177681 0.977435 0.228992 0 0 0 1 
1807261650055;0.546573;1.17625;100;0.969389 0.087926 -0.229246 0.164057 -0.00511438 0.940709 0.339177 0.923046 0.245476 -0.327622 0.912363 -0.878551 0 0 0 1 
1807261650056;0.638977;0.571238;100;0.985465 0.164262 -0.0433277 0.229275 -0.165883 0.985455 -0.0368944 1.10303 0.0366372 0.0435454 0.998379 0.378157 0 0 0 1 
1807261650057;0.733154;1.04844;100;0.992764 -0.119948 0.00573817 -0.724569 0.118706 0.973019 -0.197847 0.922704 0.018148 0.197096 0.980216 0.49391 0 0 0 1 
1807261650058;1.00454;1.11541;100;0.963075 0.168805 -0.209741 0.881829 -0.15639 0.984878 0.0745541 1.0208 0.219154 -0.0389999 0.97491 -0.0313547 0 0 0 1 
1807261650059;0.328863;0.564829;100;0.9572 -0.0376857 0.286965 -0.189763 -0.0786889 0.920255 0.383327 0.253049 -0.278527 -0.389501 0.877902 -0.702263 0 0 0 1 
1807261650060;0.479524;0.630227;100;0.980779 0.194942 -0.00833262 0.413571 -0.195117 0.980096 -0.0366278 0.62647 0.00102648 0.0375496 0.999294 -0.0812688 0 0 0 1 
1807261650062;0.610394;0.162309;100;0.994855 0.0962329 -0.0316681 0.331551 -0.0975161 0.994354 -0.0418303 0.286715 0.0274639 0.0447033 0.998623 -0.610804 0 0 0 1 
1807261650063;0.0702684;0.171596;100;0.999519 0.0139194 0.0276978 -0.0604402 -0.0127244 0.999 -0.0428613 0.202149 -0.0282667 0.0424883 0.998697 0.112231 0 0 0 1 
1807261650064;0.431381;0.169482;100;0.971935 -0.134179 -0.193232 -0.495557 0.118695 0.988876 -0.0896461 -0.10883 0.203112 0.0641943 0.977049 -0.304483 0 0 0 1 
1807261650065;0.67345;0.161059;100;0.982531 0.024203 -0.184518 -0.219808 0.0600137 0.897328 0.437265 0.249668 0.176156 -0.4407 0.8802 -1.89854 0 0 0 1 
1807261650066;0.179936;0.166346;100;0.988013 -0.154131 -0.00859768 -0.777574 0.153861 0.987745 -0.0262126 0.0826978 0.0125325 0.0245756 0.999619 0.110971 0 0 0 1 
1807261650067;0.697139;0.157444;100;0.901329 -0.429659 -0.054764 -1.75675 0.432664 0.899018 0.0675907 -0.534083 0.020193 -0.0846159 0.996209 -1.01424 0 0 0 1 
1807261650068;0.609754;0.143057;100;0.886073 -0.463181 -0.0183922 -2.36925 0.463357 0.886147 0.00663691 -0.451915 0.0132241 -0.014403 0.999809 0.0696914 0 0 0 1 
1807261650069;0.14606;0.156797;100;0.994839 -0.0939708 -0.0382721 -0.607751 0.0936816 0.995559 -0.00928558 0.113279 0.0389747 0.00565227 0.999224 -0.0199218 0 0 0 1 
1807261650070;0.531087;0.156137;100;0.98187 0.0776298 -0.172928 0.401223 -0.0134433 0.938513 0.344981 0.100093 0.189076 -0.336402 0.922542 -1.85987 0 0 0 1 
1807261650071;0.140553;0.167053;100;0.992408 -0.00273539 -0.122962 -0.0942121 -0.00632815 0.997293 -0.0732589 0.305101 0.12283 0.0734808 0.989704 0.149148 0 0 0 1 
1807261650072;0.380476;0.369508;100;0.963933 0.247469 -0.0979376 1.27671 -0.252751 0.966455 -0.0456206 0.197977 0.0833626 0.0687291 0.994146 0.0281228 0 0 0 1 
1807261650073;0.531138;0.16259;100;0.977964 -0.170618 0.120314 -0.48865 0.119636 0.930283 0.346786 -0.343749 -0.171094 -0.324751 0.930195 -0.772233 0 0 0 1 
1807261650074;0.56209;0.152662;100;0.94675 0.199896 0.252401 0.575463 -0.187504 0.979586 -0.0724871 0.796845 -0.261738 0.0213011 0.964904 0.417798 0 0 0 1 
1807261650075;0.57785;0.153732;100;0.999538 -0.0303368 -0.00164362 -0.136631 0.030321 0.999501 -0.00888694 0.733567 0.0019124 0.008833 0.999959 -0.430194 0 0 0 1 
1807261650076;0.523862;0.166193;100;0.977981 -0.191751 -0.0823648 -1.15266 0.174861 0.968348 -0.178118 0.366658 0.113912 0.159793 0.980556 1.01662 0 0 0 1 
1807261650077;0.611234;0.400653;100;0.980542 0.194184 -0.0288063 0.861367 -0.196095 0.96203 -0.189856 -0.288944 -0.00915442 0.19181 0.981389 0.392768 0 0 0 1 
1807261650078;0.330727;0.170923;100;0.94803 0.0726359 -0.30978 0.411612 -0.0573271 0.996655 0.0582515 0.245609 0.312975 -0.0374654 0.949022 0.0474565 0 0 0 1 
1807261650079;0.421945;0.354769;100;0.919132 -0.108163 -0.37881 -0.220923 0.069536 0.991016 -0.114249 0.0142093 0.387765 0.0786689 0.918395 0.511954 0 0 0 1 
1807261650080;0.560936;0.216194;100;0.929166 0.288184 -0.231516 1.41893 -0.351697 0.88203 -0.313579 0.386937 0.113836 0.372791 0.920906 1.22792 0 0 0 1 
1807261650081;0.503671;0.152544;100;0.98378 0.1026 0.147141 0.25974 -0.124331 0.981286 0.147034 0.110139 -0.129302 -0.162943 0.978126 -1.24792 0 0 0 1 
1807261650082;0.722741;0.400485;100;0.99999 0.000745693 0.00439769 0.200634 -0.000408478 0.997093 -0.076188 0.0376674 -0.00444172 0.0761855 0.997084 -0.519075 0 0 0 1 
1807261650083;0.552134;0.173515;100;0.996527 -0.0793597 -0.0252053 -0.142229 0.0776569 0.995015 -0.0625601 -0.431355 0.0300445 0.0603855 0.997723 -0.0358771 0 0 0 1 
1807261650084;0.867721;0.164112;100;0.922726 0.373643 -0.0946948 2.34589 -0.350573 0.915627 0.196791 0.381616 0.160235 -0.148386 0.975862 -0.950634 0 0 0 1 
1807261650085;0.404997;0.163164;100;0.977035 -0.163119 -0.137096 -0.806984 0.0980128 0.915337 -0.39058 -0.0777309 0.1892 0.368173 0.910303 1.01743 0 0 0 1 
1807261650086;0.258185;0.180838;100;0.998926 -0.0454434 0.00909446 -0.0793961 0.0461548 0.993231 -0.106588 0.245036 -0.00418919 0.106893 0.994262 0.63482 0 0 0 1 
1807261650087;0.211815;0.159659;100;0.975339 0.220096 0.0164459 0.677536 -0.218743 0.973886 -0.0608141 0.248216 -0.0294013 0.055717 0.998014 0.228602 0 0 0 1 
1807261650088;0.669831;0.147511;100;0.932868 -0.359812 0.0170975 -1.75664 0.346831 0.884368 -0.312411 -0.123901 0.0972888 0.297369 0.949793 0.57052 0 0 0 1 
1807261650089;0.143654;0.162938;100;0.992591 0.053208 0.109233 0.0992966 -0.0581022 0.997422 0.0421193 0.0616101 -0.10671 -0.048154 0.993123 -0.0718022 0 0 0 1 
1807261650090;0.732491;0.467826;100;0.995825 0.0609558 -0.0679418 0.232948 -0.0691508 0.989662 -0.125644 0.843074 0.0595807 0.129818 0.989746 0.573006 0 0 0 1 
1807261650091;0.403612;0.154532;100;0.974677 0.216137 -0.0573621 0.872712 -0.187201 0.928951 0.319383 0.015674 0.122317 -0.300557 0.945888 -0.892105 0 0 0 1 
1807261650093;1.16071;0.257452;100;0.885814 0.322424 0.333731 -0.40119 -0.308647 0.946409 -0.0951116 0.228499 -0.346512 -0.0187538 0.937858 -0.259852 0 0 0 1 
1807261650094;0.696816;0.288463;100;0.975308 0.220706 0.00787872 -0.187933 -0.219132 0.971557 -0.0897648 0.00799586 -0.0274663 0.0858219 0.995932 -0.0996621 0 0 0 1 
1807261650095;0.832378;0.287706;100;0.933023 0.121159 0.338805 0.402055 -0.133546 0.990952 0.0133962 0.259423 -0.334117 -0.057745 0.940761 -0.048977 0 0 0 1 
1807261650096;1.24922;0.25231;100;0.969243 0.237337 0.0651077 0.00655303 -0.1835 0.873226 -0.451447 -0.423146 -0.163999 0.425614 0.88992 0.693804 0 0 0 1 
1807261650097;1.57732;0.276197;100;0.958946 0.166138 0.229827 0.329585 -0.208333 0.962555 0.173448 0.122751 -0.192404 -0.214208 0.957651 0.944346 0 0 0 1 
1807261650098;0.431654;0.243722;100;0.948602 -0.28285 0.141949 -0.0335445 0.297556 0.949896 -0.0956935 -0.171692 -0.10777 0.133013 0.985238 0.279753 0 0 0 1 
1807261650099;1.43162;0.208682;100;0.986168 -0.165639 0.00604659 0.577108 0.158151 0.929416 -0.333428 0.373699 0.0496089 0.329772 0.942756 0.612057 0 0 0 1 
1807261650100;0.198846;0.305229;100;0.995654 -0.0902312 0.0230497 0.167726 0.0842605 0.978224 0.189679 -0.240911 -0.0396627 -0.186912 0.981576 -0.0611325 0 0 0 1 
1807261650101;0.403364;0.239533;100;0.993808 -0.0892059 0.0662372 0.15282 0.0922238 0.994766 -0.0439891 -0.135339 -0.0619665 0.0498254 0.996834 -0.176127 0 0 0 1 
1807261650102;0.400187;0.277309;100;0.990291 -0.0640969 0.123352 -0.167285 0.066399 0.997686 -0.0146396 -0.178479 -0.122128 0.0226879 0.992255 0.0130185 0 0 0 1 
1807261650103;1.02195;0.278169;100;0.954377 0.259814 0.147179 -0.0138619 -0.276618 0.954884 0.10807 -0.228015 -0.112461 -0.143852 0.983188 0.537954 0 0 0 1 
1807261650104;1.18672;0.170979;100;0.999228 -0.0239125 -0.0311552 -0.0761496 0.0287915 0.985538 0.166988 -0.603705 0.0267116 -0.167756 0.985467 -0.627743 0 0 0 1 
1807261650105;1.18857;0.2613;100;0.989725 0.0696501 0.124871 -0.516662 -0.0733193 0.996994 0.0250275 -0.476974 -0.122753 -0.0339258 0.991857 0.148457 0 0 0 1 
1807261650106;0.708535;0.307173;100;0.998996 -0.0281123 0.0348692 -0.203404 0.0290613 0.999212 -0.0270164 -0.312045 -0.0340823 0.0280027 0.999027 0.180538 0 0 0 1 
1807261650107;0.503291;0.376918;100;0.998006 -0.020706 -0.0596254 0.198006 0.0248028 0.997321 0.0688095 -0.144995 0.0580409 -0.0701512 0.995846 0.24772 0 0 0 1 
1807261650108;1.52224;0.254969;100;0.958333 -0.204831 0.199103 0.0957495 0.229953 0.966699 -0.112312 0.64326 -0.169468 0.153417 0.973521 -0.320175 0 0 0 1 
1807261650109;0.339127;0.268592;100;0.900236 -0.144596 0.410692 -0.0169055 0.100141 0.986719 0.127893 -0.0889346 -0.42373 -0.0740067 0.90276 0.224209 0 0 0 1 
1807261650110;0.998065;0.234739;100;0.941349 -0.269714 0.202774 0.086506 0.231284 0.953289 0.194288 -0.286475 -0.245704 -0.135994 0.959758 -0.499752 0 0 0 1 
1807261650111;0.873902;0.29348;100;0.970382 0.137105 0.1989 0.201198 -0.14413 0.989331 0.0212107 -0.436688 -0.19387 -0.04925 0.97979 0.416322 0 0 0 1 
1807261650112;0.213542;0.272437;100;0.996509 -0.0793664 0.0259061 0.145692 0.0739371 0.983068 0.167664 -0.187068 -0.0387744 -0.165163 0.985504 -0.144366 0 0 0 1 
1807261650113;1.08553;0.348961;100;0.973116 -0.220012 0.0681173 -0.171329 0.229741 0.948148 -0.219623 -0.654363 -0.0162655 0.229368 0.973204 -0.177586 0 0 0 1 
1807261650114;0.757919;0.366177;100;0.945971 0.322433 0.0342825 0.283467 -0.302775 0.916205 -0.26248 -0.00554738 -0.116042 0.237918 0.964328 0.540227 0 0 0 1 
1807261650115;1.40826;0.228671;100;0.963653 0.260515 -0.059196 -0.469986 -0.259866 0.965467 0.018539 0.434547 0.0619814 -0.00248213 0.998074 0.218887 0 0 0 1 
1807261650116;0.547781;0.231954;100;0.98096 0.117377 0.154724 0.0914359 -0.146463 0.970308 0.192487 -0.159631 -0.127536 -0.211484 0.969025 0.308984 0 0 0 1 
1807261650117;1.14474;0.205911;100;0.965515 0.260063 0.012187 -0.274538 -0.253532 0.928567 0.27108 0.335325 0.0591814 -0.264822 0.96248 -0.388558 0 0 0 1 
1807261650118;1.22447;0.256775;100;0.936608 0.256645 -0.238536 -0.0897241 -0.313422 0.918012 -0.24294 0.162788 0.156629 0.302302 0.940256 -0.542499 0 0 0 1 
1807261650119;1.49971;0.252271;100;0.992699 0.111503 -0.0459909 0.088855 -0.113531 0.992555 -0.0441071 0.525991 0.0407304 0.0490064 0.997968 -0.761394 0 0 0 1 
1807261650120;0.30517;0.370661;100;0.943622 0.209258 0.256494 0.228864 -0.22174 0.974892 0.0204087 0.0970009 -0.245783 -0.076133 0.96633 0.171626 0 0 0 1 
1807261650121;1.42718;0.233341;100;0.945979 0.262609 0.190159 0.519248 -0.303569 0.923382 0.23497 -0.774676 -0.113884 -0.280003 0.95322 0.295782 0 0 0 1 
1807261650122;1.45607;0.258601;100;0.950566 -0.187677 0.247388 -0.204569 0.234415 0.956198 -0.175313 -0.357701 -0.203649 0.224638 0.952924 -0.665392 0 0 0 1 
1807261650124;1.36594;7.85473;100;0.497001 0.709703 0.499311 -2.18985 -0.551027 -0.186391 0.813405 0.464986 0.670343 -0.679397 0.298429 2.90872 0 0 0 1 
1807261650125;0.804333;5.30231;100;0.0764458 -0.774807 0.627559 2.44654 0.963869 0.218504 0.152359 -0.455479 -0.255173 0.593238 0.763515 0.262996 0 0 0 1 
1807261650126;0.880272;5.58186;100;0.109488 -0.913486 0.391862 2.65079 0.919289 0.242999 0.309612 -0.00412833 -0.378049 0.326336 0.866363 0.291773 0 0 0 1 
1807261650127;1.55898;11.0429;100;-0.34257 -0.9003 -0.268526 5.59197 0.893046 -0.400806 0.204505 1.47392 -0.291743 -0.169749 0.941314 -0.399875 0 0 0 1 
1807261650128;0.837192;5.55398;100;0.192129 -0.93753 0.290042 2.22164 0.97914 0.20304 0.00770419 -0.245315 -0.0661131 0.282512 0.956983 -0.317449 0 0 0 1 
1807261650129;0.284015;5.54341;100;0.0789542 -0.97416 0.21161 2.7254 0.98607 0.0451455 -0.160084 0.0563922 0.146394 0.221302 0.964155 -0.364329 0 0 0 1 
1807261650130;0.193395;8.22273;100;0.50779 0.695014 0.509024 -2.50865 -0.486113 -0.256648 0.83536 0.356775 0.711226 -0.671631 0.207532 2.97214 0 0 0 1 
1807261650131;0.6404;10.7566;100;-0.14995 -0.963924 -0.219922 5.20737 0.949513 -0.202398 0.239709 1.72081 -0.275573 -0.172874 0.945608 0.107938 0 0 0 1 
1807261650132;1.48669;10.8933;100;-0.204662 -0.926025 -0.317161 5.84672 0.919357 -0.293081 0.262463 2.13658 -0.336001 -0.237868 0.91133 0.119258 0 0 0 1 
1807261650133;0.878362;10.7137;100;0.055245 -0.966294 -0.251445 5.09508 0.958883 -0.0188646 0.283173 1.21718 -0.278372 -0.25675 0.925521 0.420381 0 0 0 1 
1807261650134;0.764145;8.33387;100;0.558802 0.601381 0.571035 -2.39715 -0.671613 -0.0757667 0.737018 0.393151 0.486494 -0.795362 0.361556 3.51616 0 0 0 1 
1807261650135;0.938287;6.21166;100;-0.0666667 -0.974971 0.2121 3.09517 0.9977 -0.0677482 0.00217291 -0.0151239 0.0122509 0.211757 0.977246 0.0345257 0 0 0 1 
1807261650136;0.165136;10.7943;100;-0.027138 -0.957849 -0.285989 5.26626 0.963871 -0.100911 0.246514 1.49733 -0.264983 -0.268967 0.925981 0.0879319 0 0 0 1 
1807261650137;0.685906;10.9565;100;-0.0267426 -0.96699 -0.253409 5.04833 0.969598 -0.0867745 0.228802 1.82279 -0.243239 -0.239586 0.939911 0.396251 0 0 0 1 
1807261650138;1.14592;5.44187;100;0.401281 -0.835192 0.376068 2.41841 0.872567 0.473434 0.12036 -0.490675 -0.278567 0.279846 0.918742 -0.372834 0 0 0 1 
1807261650139;0.608764;5.59608;100;0.115475 -0.963459 0.241686 2.79415 0.984786 0.0792358 -0.154656 -0.18357 0.129854 0.255868 0.957951 -0.772457 0 0 0 1 
1807261650140;1.51409;5.36367;100;0.258631 -0.941028 0.21812 2.10847 0.965971 0.252704 -0.0551491 0.414369 -0.00322289 0.224961 0.974362 0.129921 0 0 0 1 
1807261650141;0.713806;5.63499;100;-0.0849046 -0.995543 -0.0410533 2.74406 0.920366 -0.0625749 -0.386019 -0.273507 0.381729 -0.0705588 0.921577 -0.476802 0 0 0 1 
1807261650142;1.81337;6.37451;100;0.0810381 -0.983783 0.160012 2.74506 0.987375 0.0573156 -0.14767 0.110582 0.136104 0.169959 0.976007 0.359855 0 0 0 1 
1807261650143;1.33398;5.08412;100;0.124716 -0.93901 0.320479 2.43434 0.990104 0.0968383 -0.101567 0.2632 0.0643381 0.329975 0.941795 0.11064 0 0 0 1 
1807261650144;0.523192;10.827;100;0.106478 -0.935299 -0.337459 5.13407 0.866261 -0.0793475 0.49325 1.60381 -0.488112 -0.344847 0.801765 0.0229703 0 0 0 1 
1807261650145;1.32014;7.21281;100;-0.0390952 -0.993584 0.106121 4.27185 0.996593 -0.0310521 0.0764139 0.0706568 -0.0726283 0.108747 0.991413 -0.394724 0 0 0 1 
1807261650146;0.396214;5.31255;100;0.440734 -0.775647 0.451802 2.33947 0.884091 0.462204 -0.0689276 -0.0198912 -0.155361 0.429813 0.889451 -0.21549 0 0 0 1 
1807261650147;1.75836;5.49435;100;-0.000927731 -0.964371 0.26455 2.20552 0.987561 -0.0424802 -0.151391 -0.0726857 0.157235 0.261119 0.952415 -1.19641 0 0 0 1 
1807261650148;1.81564;5.409;100;0.346389 -0.897241 0.273813 2.7158 0.935415 0.308329 -0.173011 -0.929847 0.0708083 0.316058 0.946094 0.0486977 0 0 0 1 
1807261650149;1.27562;5.54293;100;0.032174 -0.985035 0.169323 2.79831 0.998651 0.0247734 -0.04564 -0.274403 0.0407623 0.170563 0.984503 -1.08029 0 0 0 1 
1807261650150;1.69552;6.26792;100;0.097537 -0.938812 0.33033 3.38622 0.988041 0.0515153 -0.145331 -0.0104815 0.119422 0.340555 0.93261 0.419628 0 0 0 1 
1807261650151;1.06641;5.58999;100;0.0808507 -0.979124 0.18649 2.69979 0.994518 0.0916947 0.0502605 -0.213175 -0.0663114 0.181404 0.98117 -0.927788 0 0 0 1 
1807261650152;1.1455;10.9029;100;-0.182187 -0.917644 -0.353182 5.50894 0.929654 -0.277743 0.242078 1.59558 -0.320235 -0.284234 0.903693 0.683325 0 0 0 1 
1807261650153;0.956413;5.51995;100;0.260691 -0.931113 0.255087 3.00327 0.963589 0.234675 -0.128152 -0.389545 0.059461 0.279207 0.958388 -0.376522 0 0 0 1 
1807261650155;0.606131;0.29581;100;0.947919 -0.310303 -0.0718412 -0.938534 0.312338 0.949786 0.0187815 -0.245853 0.0624057 -0.040242 0.997239 -0.551249 0 0 0 1 
1807261650156;0.187806;0.078641;100;0.996551 -0.0828686 0.00435086 -0.264799 0.082806 0.996481 0.0130105 -0.172673 -0.00541371 -0.0126053 0.999906 0.173729 0 0 0 1 
1807261650157;0.551788;0.258179;100;0.984024 -0.171652 0.0472584 -0.686989 0.177066 0.971249 -0.159133 -0.29293 -0.0185843 0.164958 0.986125 0.94238 0 0 0 1 
1807261650158;0.699792;0.266883;100;0.984294 -0.167777 -0.0549113 -1.2106 0.170027 0.984659 0.0392041 -0.171606 0.0474914 -0.0479248 0.997721 -0.556932 0 0 0 1 
1807261650159;0.309546;0.0684892;100;0.98815 0.119352 -0.0965132 0.518251 -0.137762 0.966901 -0.214764 -0.0357394 0.0676863 0.225515 0.971886 1.06094 0 0 0 1 
1807261650160;0.485518;0.221772;100;0.923299 -0.372311 -0.0943528 -1.83947 0.383717 0.90485 0.184411 -0.650713 0.0167167 -0.206472 0.97831 -0.809592 0 0 0 1 
1807261650161;0.330335;0.0765443;100;0.997921 -0.0634876 0.0110776 -0.371613 0.0624528 0.910226 -0.409376 -0.351878 0.0159072 0.409217 0.912299 1.362 0 0 0 1 
1807261650162;0.550603;0.0907058;100;0.941466 0.337073 0.00483782 0.857374 -0.337106 0.941415 0.00986216 0.150858 -0.00123013 -0.0109157 0.99994 -0.0638798 0 0 0 1 
1807261650163;0.739956;0.0841386;100;0.964903 0.246289 0.0911319 1.17127 -0.240211 0.967994 -0.0727089 -0.793215 -0.106123 0.0482662 0.993181 0.607227 0 0 0 1 
1807261650164;0.228506;0.0741062;100;0.956492 0.122636 0.264731 0.519544 -0.127782 0.9918 0.00223478 -0.0853532 -0.262286 -0.0359654 0.96432 -0.188735 0 0 0 1 
1807261650165;0.0638727;0.0744021;100;0.999904 0.00144133 0.0138004 0.00954122 -0.00125088 0.999904 -0.0137989 -0.0798026 -0.0138189 0.0137803 0.99981 0.133647 0 0 0 1 
1807261650166;0.691573;0.0842147;100;0.928167 -0.370078 -0.0393574 -1.42177 0.372026 0.925508 0.0709342 -1.17312 0.0101744 -0.0804807 0.996704 0.0318453 0 0 0 1 
1807261650167;0.645574;0.230024;100;0.953997 -0.0291848 0.298391 0.0955263 -0.0295779 0.981234 0.190537 0.275227 -0.298352 -0.190597 0.935232 -0.90769 0 0 0 1 
1807261650168;0.448255;0.0871374;100;0.952462 0.301095 -0.0464597 1.18199 -0.296817 0.882719 -0.364291 -0.276466 -0.0686751 0.360763 0.930126 1.42345 0 0 0 1 
1807261650169;0.539907;0.0927634;100;0.940992 0.336348 -0.0374717 1.11138 -0.327841 0.933428 0.145712 -0.475865 0.0839869 -0.124829 0.988617 -0.87399 0 0 0 1 
1807261650170;0.652735;0.124429;100;0.95536 0.084282 0.283167 0.728478 -0.0909536 0.9958 0.0104723 0.111025 -0.281095 -0.0357598 0.959014 0.486996 0 0 0 1 
1807261650171;0.437786;0.0891049;100;0.945412 0.205934 0.25256 0.503306 -0.25638 0.948439 0.186366 0.053784 -0.201159 -0.240944 0.949464 -0.553441 0 0 0 1 
1807261650172;0.513271;0.0853528;100;0.941308 0.307498 -0.139226 0.69078 -0.301957 0.951441 0.0598483 -0.431508 0.150869 -0.0142953 0.98845 0.0163864 0 0 0 1 
1807261650173;0.421662;0.0742673;100;0.924683 -0.125009 -0.35963 -0.449016 0.121106 0.992075 -0.0334621 0.171605 0.360963 -0.0126113 0.932495 -0.385015 0 0 0 1 
1807261650174;0.342158;0.0707704;100;0.993614 0.0973402 -0.0570678 0.391782 -0.111961 0.913368 -0.391437 -0.128621 0.0140213 0.395327 0.918434 1.32811 0 0 0 1 
1807261650175;0.695425;0.240181;100;0.948133 -0.317871 -0.0016122 -1.14562 0.3176 0.947088 0.0464192 0.356275 -0.0132284 -0.0445236 0.998921 -0.362703 0 0 0 1 
1807261650176;0.628882;0.0783889;100;0.926632 0.375969 0.000963323 1.59759 -0.373906 0.92181 -0.10228 -0.131144 -0.0393423 0.094416 0.994755 -0.174917 0 0 0 1 
1807261650177;0.385778;0.0909439;100;0.998844 -0.0470586 -0.00976297 -0.239502 0.0471006 0.998882 0.00411848 -0.0083868 0.00955824 -0.00457356 0.999944 0.43747 0 0 0 1 
1807261650178;0.865032;0.211266;100;0.924299 -0.356274 0.136894 -1.30402 0.361675 0.932167 -0.0159924 -0.798579 -0.12191 0.0642928 0.990457 1.15589 0 0 0 1 
1807261650179;0.799283;0.0793815;100;0.901714 -0.246997 -0.35483 -1.31701 0.238673 0.96873 -0.0678041 -0.298316 0.360482 -0.0235485 0.932469 0.552474 0 0 0 1 
1807261650180;0.951142;0.0741219;100;0.909609 0.394716 0.129654 1.75439 -0.346866 0.893264 -0.285941 0.121289 -0.228681 0.215122 0.949435 1.81916 0 0 0 1 
1807261650181;0.58947;0.0774841;100;0.982482 -0.184561 0.0258215 -0.986937 0.183637 0.982389 0.0344811 -0.8088 -0.0317307 -0.0291353 0.999072 0.0746004 0 0 0 1 
1807261650182;0.51362;0.0713486;100;0.993024 0.00549048 -0.117788 -0.349148 -0.0128243 0.998019 -0.0615955 0.242983 0.117216 0.0626764 0.991127 -0.133202 0 0 0 1 
1807261650183;0.518467;0.0904438;100;0.958021 0.167236 -0.23287 0.975829 -0.189109 0.979099 -0.0748491 0.339059 0.215486 0.115745 0.969623 0.436137 0 0 0 1 
1807261650184;0.540083;0.0731853;100;0.963183 -0.268278 0.0174945 -1.07687 0.267404 0.962714 0.0409432 -0.821213 -0.0278263 -0.0347577 0.999008 -0.420863 0 0 0 1 
1807261650186;0.453969;0.237901;100;0.995805 -0.082486 -0.039616 0.0684979 0.0854694 0.993068 0.0806919 0.0606563 0.0326855 -0.0837394 0.995951 0.0203391 0 0 0 1 
1807261650187;0.217396;0.227605;100;0.997747 0.0236155 -0.0627913 -0.281764 -0.0208385 0.998791 0.0445181 -0.0687615 0.0637667 -0.0431094 0.997033 -0.467715 0 0 0 1 
1807261650188;0.833964;0.206149;100;0.983419 -0.00736792 0.181197 -0.141802 -0.0376838 0.969061 0.243928 0.232676 -0.177388 -0.246711 0.952716 1.30385 0 0 0 1 
1807261650189;0.543168;0.202416;100;0.858544 0.39249 -0.329929 0.0970039 -0.376361 0.919389 0.114353 0.526241 0.348215 0.025995 0.937054 -1.13782 0 0 0 1 
1807261650190;0.468639;0.220416;100;0.910396 -0.292143 0.292969 -0.147082 0.313287 0.949277 -0.0269315 -1.03873 -0.270241 0.116302 0.955743 1.0727 0 0 0 1 
1807261650191;0.203867;0.180291;100;0.988724 0.0884127 0.120863 -0.295577 -0.0819928 0.994996 -0.0571055 0.103809 -0.125307 0.0465517 0.991025 0.497626 0 0 0 1 
1807261650192;0.50492;0.232453;100;0.986719 0.159137 0.032569 0.448498 -0.153273 0.978542 -0.137703 0.149684 -0.0537838 0.130882 0.989938 0.0218528 0 0 0 1 
1807261650193;0.791638;0.219128;100;0.96804 -0.249282 -0.027533 -0.120366 0.249405 0.968399 0.00107731 -0.692213 0.0263943 -0.00790973 0.99962 -1.01534 0 0 0 1 
1807261650194;0.736741;0.209974;100;0.970117 0.238073 -0.0468359 0.341742 -0.24257 0.956116 -0.164326 0.244028 0.00565907 0.170776 0.985294 -0.678682 0 0 0 1 
1807261650195;0.187863;0.237692;100;0.970711 -0.0231887 -0.239127 -0.101312 0.040039 0.997026 0.0658507 -0.280746 0.236889 -0.0734965 0.968753 -0.68658 0 0 0 1 
1807261650196;0.587609;0.200767;100;0.991328 0.127498 -0.0318173 -0.234329 -0.130856 0.97995 -0.150248 -0.102874 0.0120231 0.153108 0.988136 0.709801 0 0 0 1 
1807261650197;0.541762;0.0995511;100;0.955379 0.295336 -0.00531003 -0.331251 -0.294953 0.954802 0.0368127 0.982075 0.0159422 -0.0336039 0.999308 -0.225714 0 0 0 1 
1807261650198;0.789459;0.22362;100;0.994445 0.0408257 -0.0970159 0.450252 -0.052346 0.991473 -0.119339 0.0697381 0.0913165 0.123754 0.988102 -0.921841 0 0 0 1 
1807261650199;0.344499;0.230053;100;0.985477 -0.127099 -0.112611 -0.093287 0.114609 0.987166 -0.111209 -0.269761 0.1253 0.0966876 0.987396 -0.539927 0 0 0 1 
1807261650200;0.665434;0.18577;100;0.996802 0.0799107 0.000222304 0.18062 -0.0798507 0.995939 0.041589 -0.616977 0.003102 -0.0414738 0.999135 -0.0257079 0 0 0 1 
1807261650201;0.637949;0.173976;100;0.998516 0.0535181 -0.0100749 -0.834155 -0.0533716 0.998473 0.0142838 -0.362153 0.010824 -0.0137249 0.999847 -0.284204 0 0 0 1 
1807261650202;0.360138;0.220751;100;0.994171 0.107733 -0.00411664 -0.469952 -0.107771 0.994121 -0.0104401 0.14536 0.00296769 0.0108229 0.999937 -0.374395 0 0 0 1 
1807261650203;0.394841;0.185881;100;0.889525 -0.171609 -0.423433 0.139699 0.206408 0.977753 0.0373481 -0.680596 0.407604 -0.120622 0.905157 -1.17312 0 0 0 1 
1807261650204;0.612524;0.180974;100;0.996438 -0.0824271 -0.0177843 -0.211399 0.0827882 0.996354 0.0206266 -0.409244 0.0160193 -0.0220254 0.999629 0.70857 0 0 0 1 
1807261650205;0.404722;0.236548;100;0.870959 0.249626 -0.423222 0.20584 -0.307879 0.948534 -0.0741251 0.836559 0.382937 0.194861 0.902989 -0.932261 0 0 0 1 
1807261650206;0.626556;0.208028;100;0.948909 -0.313384 -0.0369111 -0.63826 0.306833 0.943666 -0.123888 -1.20284 0.0736562 0.106233 0.991609 0.422347 0 0 0 1 
1807261650207;0.542445;0.16562;100;0.999823 0.00506749 0.018145 -0.212994 -0.00484036 0.99991 -0.0125397 -0.200666 -0.0182069 0.0124497 0.999757 0.720648 0 0 0 1 
1807261650208;0.417306;0.218326;100;0.946932 -0.0701883 -0.313679 -0.215939 0.0244745 0.988779 -0.147365 -0.0974999 0.320502 0.131867 0.938024 -1.10894 0 0 0 1 
1807261650209;0.115948;0.19032;100;0.99664 -0.0404764 -0.0712122 -0.26494 0.0352898 0.996734 -0.0726408 -0.0758461 0.0739199 0.0698837 0.994813 -0.17609 0 0 0 1 
1807261650210;0.290494;0.184451;100;0.961911 0.272004 0.0272144 0.0431824 -0.25973 0.940449 -0.219308 0.877455 -0.0852463 0.203886 0.975276 0.351196 0 0 0 1 
1807261650211;0.634223;0.220179;100;0.9743 0.169596 -0.148246 0.674146 -0.192606 0.968493 -0.157871 0.585631 0.116801 0.182367 0.976268 -0.314554 0 0 0 1 
1807261650212;0.518398;0.157469;100;0.917761 0.290738 -0.270528 0.0328136 -0.260853 0.954971 0.141375 0.855598 0.29945 -0.0591801 0.952275 -1.2504 0 0 0 1 
1807261650213;0.562773;0.233131;100;0.991543 -0.129572 0.00725895 0.172181 0.123278 0.957906 0.259266 -0.05803 -0.0405471 -0.256179 0.965779 -0.13859 0 0 0 1 
1807261650214;0.522212;0.173858;100;0.905777 -0.419836 -0.0574871 -0.110271 0.423572 0.893041 0.151874 -1.52062 -0.0124238 -0.161914 0.986727 0.0216108 0 0 0 1 
1807261650215;0.876402;0.20584;100;0.896003 -0.39005 -0.212226 0.524337 0.382211 0.920731 -0.0785426 -1.64232 0.226039 -0.0107407 0.974059 -0.82968 0 0 0 1 
1807261650217;0.532131;0.97037;100;0.982143 0.0024691 0.188122 -0.905921 -0.0446445 0.974412 0.220289 -0.207782 -0.182765 -0.224754 0.957122 -0.775916 0 0 0 1 
1807261650218;0.499155;0.894546;100;0.995014 -0.0534104 -0.0842328 -0.962937 0.0615593 0.993348 0.0973163 -0.222523 0.0784748 -0.102016 0.991683 -0.153694 0 0 0 1 
1807261650219;0.721512;1.58998;100;0.986469 -0.155059 -0.0532469 -0.987501 0.158079 0.985713 0.0581478 -1.96941 0.0434698 -0.0657782 0.996887 -0.614508 0 0 0 1 
1807261650220;0.121853;1.56242;100;0.906313 -0.414638 0.0816877 -1.688 0.409675 0.909461 0.0710414 -2.00727 -0.103748 -0.0309203 0.994123 -0.0326887 0 0 0 1 
1807261650221;0.995809;0.748575;100;0.983324 -0.181518 0.0111607 -1.11006 0.18148 0.983385 0.00436105 -0.820211 -0.0117669 -0.00226289 0.999928 -0.828125 0 0 0 1 
1807261650222;1.09618;1.71684;100;0.936268 -0.351246 -0.00534192 -1.57716 0.35068 0.933653 0.0729123 -1.88582 -0.0206226 -0.0701388 0.997324 -1.02345 0 0 0 1 
1807261650223;0.826304;1.34514;100;0.903638 -0.428264 0.00527888 -1.55177 0.427406 0.902485 0.05334 -2.10514 -0.0276077 -0.0459438 0.998562 -0.35839 0 0 0 1 
1807261650224;0.375842;1.18934;100;0.912877 -0.37391 -0.16385 -1.35165 0.403963 0.885284 0.230406 -1.99768 0.0589025 -0.276522 0.959201 -1.04509 0 0 0 1 
1807261650225;0.55112;1.4727;100;0.999145 -0.0202624 -0.0360409 -0.77222 0.016255 0.993996 -0.108201 -1.35073 0.0380169 0.107523 0.993475 0.50228 0 0 0 1 
1807261650226;0.761509;1.57971;100;0.932327 -0.361588 -0.00458563 -1.64829 0.361481 0.932249 -0.0156119 -1.46612 0.00992001 0.0128977 0.999868 0.468612 0 0 0 1 
1807261650227;0.75985;0.894546;100;0.99973 -0.00845093 -0.0216487 -0.762534 0.00895368 0.99969 0.023232 0.200095 0.0214457 -0.0234196 0.999496 -0.241644 0 0 0 1 
1807261650228;0.464961;1.43911;100;0.926131 -0.371993 -0.0624746 -1.64769 0.375932 0.923845 0.0720054 -1.43696 0.0309314 -0.0901726 0.995446 -0.477572 0 0 0 1 
1807261650229;0.961907;0.739012;100;0.974811 0.0425231 0.218943 -0.510422 -0.0917786 0.971171 0.220009 0.096849 -0.203276 -0.234561 0.95061 0.234721 0 0 0 1 
1807261650230;1.24871;0.971813;100;0.954125 -0.130106 -0.269664 -0.85121 0.152243 0.986347 0.062777 -0.783613 0.257815 -0.100951 0.960906 -1.62819 0 0 0 1 
1807261650231;0.35278;0.820663;100;0.979375 -0.0280359 -0.200094 -0.706351 -0.00445949 0.987086 -0.160131 -0.308931 0.202 0.157721 0.966602 0.122133 0 0 0 1 
1807261650232;0.725754;1.12624;100;0.953092 -0.18017 -0.243219 -0.905968 0.215272 0.96836 0.126244 -0.929795 0.212778 -0.172681 0.961721 -0.763263 0 0 0 1 
1807261650233;0.807473;1.06509;100;0.989852 0.102707 0.0982068 -0.377279 -0.109579 0.991695 0.0673351 0.402879 -0.0904754 -0.0774132 0.992885 -0.20547 0 0 0 1 
1807261650234;0.330571;1.4768;100;0.879549 -0.475736 -0.00829541 -1.69226 0.475038 0.878983 -0.0415625 -2.19773 0.0270643 0.0326156 0.999101 0.350927 0 0 0 1 
1807261650235;0.476097;1.58144;100;0.967493 -0.222167 -0.120827 -1.25839 0.241673 0.952965 0.182899 -1.76033 0.0745098 -0.206154 0.975679 -0.263809 0 0 0 1 
1807261650236;0.451212;1.29189;100;0.896899 -0.236085 -0.373947 -0.745582 0.188328 0.968977 -0.16005 -1.24892 0.400132 0.0731244 0.913536 -0.0544398 0 0 0 1 
1807261650237;0.797582;0.865499;100;0.949247 -0.0305505 0.313044 -1.06189 -0.026482 0.983975 0.176329 -0.567049 -0.313415 -0.17567 0.933226 -0.69005 0 0 0 1 
1807261650238;1.08583;1.58593;100;0.9943 0.075797 -0.0749806 -0.487662 -0.0748629 0.997078 0.0151952 -1.04834 0.0759132 -0.00949533 0.997069 0.773918 0 0 0 1 
1807261650239;1.02135;1.16485;100;0.963812 0.169882 0.205441 -0.186463 -0.134571 0.9753 -0.175157 -0.48186 -0.230122 0.141172 0.962868 0.0478511 0 0 0 1 
1807261650240;0.859825;1.24015;100;0.973417 -0.228584 0.0144428 -1.42675 0.228392 0.973471 0.0138187 -1.14889 -0.0172184 -0.0101528 0.9998 0.713735 0 0 0 1 
1807261650241;0.991567;1.34128;100;0.979202 -0.200623 0.0302323 -0.871383 0.180902 0.930808 0.317602 -1.22464 -0.0918586 -0.305527 0.947742 -0.611984 0 0 0 1 
1807261650242;0.558163;1.45522;100;0.957696 -0.202923 -0.20406 -0.834376 0.220326 0.973171 0.0662852 -1.22377 0.185134 -0.108441 0.976712 -0.80597 0 0 0 1 
1807261650243;0.371812;1.45589;100;0.99661 -0.0809469 0.0146822 -0.859796 0.0655323 0.889021 0.453153 -1.49226 -0.0497341 -0.450655 0.891312 -1.15249 0 0 0 1 
1807261650244;0.711238;0.882359;100;0.948661 -0.31602 0.0132065 -1.36722 0.314014 0.935993 -0.159098 -1.43133 0.037917 0.155077 0.987174 -0.153205 0 0 0 1 
1807261650245;0.732714;1.07402;100;0.975101 -0.205902 -0.0823515 -1.56258 0.180524 0.952701 -0.244484 -0.374447 0.128796 0.22353 0.96615 0.157893 0 0 0 1 
1807261650246;1.2033;1.59935;100;0.990363 -0.0128634 0.137894 -0.711027 3.98758e-05 0.995704 0.0925975 -1.01452 -0.138493 -0.0916997 0.986109 0.894942 0 0 0 1 
1807261650248;0.419559;1.20332;100;0.999752 -0.0152029 0.016248 -1.37434 0.0156182 0.999546 -0.0257492 -0.530419 -0.0158491 0.0259966 0.999536 0.116816 0 0 0 1 
1807261650249;0.496114;1.21198;100;0.992217 0.121488 -0.0273096 -1.16503 -0.123933 0.984759 -0.122024 -0.578352 0.0120689 0.124459 0.992151 0.737811 0 0 0 1 
1807261650250;0.34812;1.15936;100;0.994468 0.0774808 -0.0709199 -0.866637 -0.0872384 0.985307 -0.146833 -0.219395 0.058501 0.152208 0.986616 0.839366 0 0 0 1 
1807261650251;0.451728;1.08501;100;0.926353 0.36766 -0.0818286 0.060695 -0.374372 0.922634 -0.0926924 -0.250663 0.0414186 0.1165 0.992327 0.676209 0 0 0 1 
1807261650252;0.33029;1.06937;100;0.905187 -0.248602 -0.344723 -2.23574 0.168278 0.954438 -0.246437 -0.294936 0.390281 0.165062 0.905779 0.856935 0 0 0 1 
1807261650253;0.249687;1.19105;100;0.997533 -0.0508858 0.0483485 -1.74236 0.0517971 0.998499 -0.0177863 -0.0907661 -0.0473709 0.0202467 0.998672 -0.214348 0 0 0 1 
1807261650254;0.24129;1.19154;100;0.985869 0.158159 0.0552173 -0.986331 -0.145242 0.971233 -0.188712 -0.0718509 -0.0834754 0.178025 0.980479 0.811239 0 0 0 1 
1807261650255;0.565737;1.26408;100;0.953294 0.126872 0.274107 -1.17447 -0.00741555 0.917061 -0.398678 -0.619218 -0.301954 0.378025 0.875169 2.1084 0 0 0 1 
1807261650256;0.73595;1.19313;100;0.881105 0.216286 0.420563 -0.81317 -0.266166 0.961869 0.0629663 0.0904485 -0.390908 -0.167419 0.905076 -1.31722 0 0 0 1 
