#;prob_registration_l1 -r /home/probabilistic_point_clouds_registration/build/tester /home/point_clouds_registration_benchmark//devel/registration_pairs/pioneer_slam3_local.txt /home/point_clouds_registration_benchmark//tum/pioneer_slam3 -s 0.1 -t 0.1 -p 0.3 -r 1000 -m 10 -i 100 -n 100 
id;initial_error;final_error;transformation
39885980090000;0.518509;0.0218305;100;0.986863 0.134688 -0.0892236 -0.0294596 -0.121553 0.982787 0.139123 0.293538 0.106426 -0.12645 0.986247 -0.4327 0 0 0 1 
39885980090001;1.1366;0.0673859;100;0.997525 0.0400996 -0.0577595 0.587888 -0.0378018 0.998471 0.04034 -0.34632 0.0592887 -0.0380567 0.997515 0.270048 0 0 0 1 
39885980090002;0.639436;0.488164;100;0.999836 0.00601137 0.0170738 0.198346 -0.00240843 0.979038 -0.203665 -0.0693284 -0.0179402 0.20359 0.978892 -0.118984 0 0 0 1 
39885980090003;0.346141;0.163107;100;0.954644 -0.0407465 -0.294948 0.0931598 -0.0491207 0.955467 -0.290982 0.107904 0.29367 0.292272 0.910129 -0.839805 0 0 0 1 
39885980090004;1.0895;0.216682;100;0.970635 -0.0591851 -0.233161 -0.181949 0.00606285 0.974972 -0.222246 0.618243 0.240479 0.214306 0.946701 -1.09995 0 0 0 1 
39885980090005;0.90722;0.561036;100;0.991665 0.125601 -0.0287251 -0.0504152 -0.127402 0.989145 -0.0732234 0.68661 0.0192164 0.0762728 0.996902 -0.461664 0 0 0 1 
39885980090006;0.367469;0.0263221;100;0.978185 -0.014473 -0.207231 0.000274993 -0.0328587 0.974232 -0.223142 0.0860429 0.20512 0.225084 0.952504 -0.990996 0 0 0 1 
39885980090007;0.500039;0.256731;100;0.996515 -0.0798444 0.0241271 0.0322031 0.0833418 0.941429 -0.326749 -0.240924 0.00337518 0.327621 0.944803 -0.335278 0 0 0 1 
39885980090008;1.30544;0.0382421;100;0.977789 0.106496 -0.180522 0.147994 -0.118533 0.991299 -0.0572299 1.10322 0.172856 0.0773565 0.981905 -1.09419 0 0 0 1 
39885980090009;1.07285;0.637826;100;0.999594 -0.00195189 -0.0284355 -0.415277 0.00191372 0.999997 -0.00136965 -0.00917216 0.0284381 0.00131468 0.999595 -0.0222862 0 0 0 1 
39885980090010;0.993349;0.693541;100;0.993587 0.111952 -0.0158936 0.0476998 -0.112718 0.99177 -0.0607245 0.278778 0.0089646 0.0621266 0.998028 0.296222 0 0 0 1 
39885980090011;1.19076;0.128206;100;0.997969 0.0143242 0.0620711 -0.434445 0.00206522 0.966603 -0.256269 0.714293 -0.063669 0.255877 0.964611 -0.603554 0 0 0 1 
39885980090012;1.08018;0.0605423;100;0.94964 0.290053 -0.118545 0.153092 -0.302171 0.947836 -0.101491 0.608077 0.0829236 0.132201 0.987748 -0.985135 0 0 0 1 
39885980090013;0.734434;0.0805521;100;0.995858 0.0765485 -0.0490579 -0.297668 -0.0858587 0.969288 -0.230453 0.265864 0.0299103 0.233711 0.971846 0.130332 0 0 0 1 
39885980090014;1.32795;0.0937187;100;0.926166 0.0493043 -0.37388 0.877834 0.026061 0.980679 0.193882 0.1435 0.376215 -0.18931 0.906986 -1.1439 0 0 0 1 
39885980090015;0.724355;0.0435693;100;0.999702 0.00179141 0.024362 -0.00931337 -0.0017923 0.999998 1.46129e-05 0.100753 -0.0243619 -5.82724e-05 0.999703 -0.486862 0 0 0 1 
39885980090016;0.348273;0.0343056;100;0.98073 0.0103724 -0.195094 0.0707602 0.0318255 0.976769 0.211917 -0.0653374 0.19276 -0.214042 0.957617 -0.378401 0 0 0 1 
39885980090017;0.847163;0.407305;100;0.995491 -0.0766945 -0.0558238 0.280411 0.0632943 0.975367 -0.211314 0.11779 0.0706553 0.206828 0.975823 -0.855369 0 0 0 1 
39885980090018;0.98085;0.198865;100;0.98479 0.0653049 -0.161008 -0.289695 -0.0910762 0.983185 -0.158279 0.616311 0.147964 0.170535 0.974179 -0.00386672 0 0 0 1 
39885980090019;1.01873;0.0931773;100;0.971383 0.231333 0.0538481 -0.687386 -0.233749 0.971304 0.0439222 0.392499 -0.0421423 -0.0552523 0.997583 0.800241 0 0 0 1 
39885980090020;0.349842;0.0411094;100;0.952649 0.265533 0.148161 -0.251597 -0.233728 0.951133 -0.201785 0.69493 -0.194502 0.157601 0.968159 0.331681 0 0 0 1 
39885980090021;0.142777;0.0307223;100;0.977155 -0.00702559 -0.212413 0.102317 -0.0128915 0.995654 -0.092236 0.0294625 0.212137 0.0928672 0.972817 -0.557713 0 0 0 1 
39885980090022;0.343863;0.0487546;100;0.977019 0.171997 0.125899 -0.168863 -0.165902 0.984466 -0.0574713 0.445795 -0.133828 0.0352636 0.990377 0.469075 0 0 0 1 
39885980090023;0.973502;0.689497;100;0.950255 0.0309418 -0.309932 0.268163 0.0317283 0.980261 0.195143 -0.119079 0.309852 -0.195269 0.930517 -0.55396 0 0 0 1 
39885980090024;1.13358;0.0968357;100;0.993569 0.10965 0.0282301 -0.230041 -0.108286 0.993054 -0.0460106 0.111955 -0.0330791 0.0426578 0.998542 -0.82573 0 0 0 1 
39885980090025;0.64818;0.113659;100;0.982763 -0.184458 -0.0123014 0.297089 0.183246 0.980776 -0.0670821 -0.77895 0.0244388 0.0636717 0.997672 0.109467 0 0 0 1 
39885980090026;1.25567;0.23555;100;0.988419 -0.106276 0.108319 0.151208 0.0887951 0.983903 0.155084 -0.32492 -0.123057 -0.14367 0.981945 1.41181 0 0 0 1 
39885980090027;0.709211;0.0811627;100;0.996101 0.0794201 0.0384007 -0.130641 -0.0790789 0.996815 -0.0103272 0.50138 -0.0390986 0.00725025 0.999209 0.514184 0 0 0 1 
39885980090028;1.02062;0.205463;100;0.993056 0.117451 0.00669885 0.13915 -0.117438 0.993077 -0.00233527 0.672346 -0.00692676 0.00153236 0.999975 0.563616 0 0 0 1 
39885980090029;0.737875;0.102077;100;0.958209 0.277174 -0.0707823 -0.134 -0.25876 0.945287 0.198686 0.602723 0.12198 -0.172067 0.977504 0.401163 0 0 0 1 
39885980090031;0.500388;0.613666;100;0.959782 0.0741428 -0.270781 0.939726 -0.0575093 0.995967 0.0688653 0.76447 0.274794 -0.0505232 0.960175 -1.43074 0 0 0 1 
39885980090032;0.490152;0.794883;100;0.930719 -0.349068 -0.109151 0.454032 0.347377 0.937081 -0.034768 -0.607188 0.11442 -0.00555731 0.993417 -0.35165 0 0 0 1 
39885980090033;0.259006;0.75756;100;0.959818 -0.166072 -0.226205 0.870654 0.166309 0.985907 -0.0181475 0.0730802 0.226031 -0.0202015 0.973911 -0.694052 0 0 0 1 
39885980090034;0.13399;0.725208;100;0.9975 0.0355956 -0.0610487 0.925611 -0.0421515 0.99307 -0.109702 0.525819 0.0567207 0.112001 0.992088 -0.0746468 0 0 0 1 
39885980090035;0.310003;0.5489;100;0.964989 -0.262236 0.00539924 0.0877783 0.253346 0.926549 -0.27807 -0.177309 0.0679173 0.269702 0.960546 0.285371 0 0 0 1 
39885980090036;0.791909;0.528378;100;0.780997 -0.415296 -0.466448 1.27489 0.46429 0.885613 -0.0111101 -0.831476 0.417706 -0.20789 0.884479 -1.95777 0 0 0 1 
39885980090037;0.326129;0.534724;100;0.893704 -0.447435 0.0330872 -0.491904 0.448463 0.893053 -0.0365822 -1.11969 -0.0131805 0.0475321 0.998783 0.315673 0 0 0 1 
39885980090038;0.582863;0.797672;100;0.987429 0.156394 -0.0229102 0.567417 -0.157878 0.982867 -0.095111 0.594115 0.00764296 0.0975324 0.995203 -0.0132137 0 0 0 1 
39885980090039;0.172583;0.529745;100;0.866182 -0.498951 0.0278675 -0.35464 0.499687 0.865483 -0.0353762 -1.15572 -0.00646792 0.0445672 0.998985 0.223424 0 0 0 1 
39885980090040;0.259945;0.689917;100;0.99156 0.0918685 0.0914783 1.09503 -0.103435 0.985974 0.130982 0.936252 -0.0781622 -0.139338 0.987155 -0.0306778 0 0 0 1 
39885980090041;0.477445;0.543439;100;0.836805 -0.543492 0.0661332 -0.00520654 0.542238 0.839401 0.0372007 -1.72488 -0.0757306 0.00473024 0.997117 -0.0666375 0 0 0 1 
39885980090042;0.418217;0.53208;100;0.986713 -0.161319 0.0193504 -0.0148149 0.161636 0.986719 -0.0161203 0.317053 -0.0164929 0.0190338 0.999683 0.333434 0 0 0 1 
39885980090043;0.341309;0.534456;100;0.767619 -0.606311 -0.207719 -0.0165142 0.638324 0.752325 0.162943 -1.84384 0.057478 -0.257671 0.964522 -0.656788 0 0 0 1 
39885980090044;0.352045;0.561036;100;0.785365 -0.582863 0.2085 -0.14351 0.501948 0.79673 0.336554 -1.31801 -0.362284 -0.159662 0.918291 0.515465 0 0 0 1 
39885980090045;0.207777;0.547024;100;0.949011 -0.256907 0.182691 0.192247 0.264532 0.964204 -0.01824 -0.369354 -0.171466 0.0656375 0.983001 0.604251 0 0 0 1 
39885980090046;0.379302;0.543678;100;0.931647 -0.129772 0.339401 0.222689 0.20263 0.960879 -0.188817 -0.0696756 -0.30162 0.244683 0.921496 1.01671 0 0 0 1 
39885980090047;0.227046;0.679655;100;0.961124 0.142779 0.236337 1.17875 -0.143624 0.989537 -0.0137284 0.754552 -0.235825 -0.0207489 0.971574 0.349589 0 0 0 1 
39885980090048;0.266999;0.689086;100;0.987215 0.126302 0.0972327 1.25136 -0.0970712 0.960243 -0.261747 0.666608 -0.126426 0.248962 0.960226 1.05406 0 0 0 1 
39885980090049;0.523967;0.554259;100;0.888468 -0.411868 0.20246 0.239201 0.330092 0.879976 0.341587 -0.505613 -0.318849 -0.236659 0.917784 1.05486 0 0 0 1 
39885980090050;0.207409;0.514882;100;0.846668 -0.532117 0.00223701 -0.106154 0.532117 0.846671 0.000635901 -1.48559 -0.00223239 0.000651956 0.999997 0.0326739 0 0 0 1 
39885980090051;0.499446;0.540281;100;0.922765 -0.344052 0.173591 0.131942 0.363747 0.926378 -0.0975307 -0.251085 -0.127255 0.153141 0.979977 0.0268621 0 0 0 1 
39885980090052;0.316512;0.525327;100;0.91714 -0.350848 0.189103 -0.387654 0.373792 0.921821 -0.102591 -0.546063 -0.138326 0.164775 0.976583 0.373567 0 0 0 1 
39885980090053;0.450592;0.50805;100;0.845275 -0.52893 0.0757789 -0.335139 0.532852 0.84496 -0.045951 -1.10792 -0.0397253 0.0792202 0.996065 -0.374044 0 0 0 1 
39885980090054;0.48513;0.654921;100;0.951594 -0.296175 -0.0821516 0.321084 0.306881 0.90068 0.307569 -0.638729 -0.0171019 -0.317892 0.947973 -0.63199 0 0 0 1 
39885980090055;0.127893;0.481657;100;0.879125 -0.476589 0.00117445 0.0188724 0.474577 0.875182 -0.0939831 -1.0205 0.0437635 0.0831803 0.995573 0.101431 0 0 0 1 
39885980090056;0.526201;0.535141;100;0.646958 -0.759173 -0.0714235 -0.039468 0.760852 0.636498 0.12639 -1.95486 -0.0504907 -0.136112 0.989406 0.452388 0 0 0 1 
39885980090057;0.593626;0.656821;100;0.973695 0.0727802 -0.21592 1.65501 -0.00250191 0.950973 0.309263 0.220456 0.227842 -0.300587 0.92614 -0.711782 0 0 0 1 
39885980090058;0.12749;0.539447;100;0.912481 -0.385377 -0.137345 -0.076213 0.372367 0.921376 -0.111392 -0.614013 0.169475 0.0505005 0.98424 -0.353355 0 0 0 1 
39885980090059;0.597495;0.553854;100;0.807823 -0.558784 -0.187569 -0.216655 0.472726 0.804281 -0.360085 -1.26799 0.352069 0.202216 0.913869 0.214226 0 0 0 1 
39885980090060;0.466612;0.753202;100;0.991141 -0.132346 -0.0111438 0.777302 0.123922 0.951706 -0.280889 0.245995 0.0477801 0.27702 0.959675 0.867261 0 0 0 1 
39885980090062;0.722072;0.299859;100;0.985302 -0.0724943 -0.154675 -0.321125 0.077025 0.996752 0.0234946 -0.153101 0.152469 -0.0350631 0.987686 -0.301008 0 0 0 1 
39885980090063;0.21414;0.0789758;100;0.998046 0.0413282 0.04686 -0.046617 -0.0194738 0.918385 -0.395207 0.151902 -0.0593687 0.393523 0.917396 -0.330709 0 0 0 1 
39885980090064;0.937509;0.0500163;100;0.99061 0.136706 0.00149165 -0.701651 -0.133854 0.972047 -0.192891 0.352243 -0.0278195 0.190881 0.981219 -0.690372 0 0 0 1 
39885980090065;0.614008;0.0666596;100;0.935628 0.213501 0.281101 -0.192813 -0.118493 0.940105 -0.319628 0.738459 -0.332506 0.265744 0.904887 0.457634 0 0 0 1 
39885980090066;0.857809;0.0553517;100;0.997259 0.0637144 0.037614 0.055514 -0.0599618 0.993799 -0.0936332 -0.239358 -0.0433466 0.0911211 0.994896 0.607054 0 0 0 1 
39885980090067;0.711929;0.326826;100;0.993684 -0.00141007 -0.112205 0.353397 -0.0134738 0.991187 -0.13178 0.0584351 0.111402 0.132459 0.984908 -0.572958 0 0 0 1 
39885980090068;0.589386;0.158749;100;0.99997 -0.00743175 0.0023566 0.0223163 0.00741649 0.999952 0.00642084 -0.0201807 -0.0024042 -0.00640317 0.999977 0.495321 0 0 0 1 
39885980090069;0.410197;0.0369945;100;0.998507 -0.027321 -0.0472961 0.253229 0.0280313 0.999503 0.0144208 -0.0849495 0.0468786 -0.015725 0.998777 -0.363279 0 0 0 1 
39885980090070;0.483885;0.0586457;100;0.932344 0.108138 0.345024 -0.216589 -0.118113 0.992968 0.00795297 0.220497 -0.341738 -0.0481667 0.93856 1.12312 0 0 0 1 
39885980090071;0.64931;0.562656;100;0.975956 -0.0705982 -0.20622 0.072246 -0.00337835 0.941082 -0.338162 0.101459 0.217943 0.330728 0.918216 -0.848098 0 0 0 1 
39885980090072;0.398606;0.354178;100;0.999161 -0.0205724 0.0354016 0.000244228 0.0124278 0.976198 0.216526 -0.037496 -0.0390134 -0.215904 0.975635 0.378683 0 0 0 1 
39885980090073;0.928997;0.29257;100;0.947644 0.152936 -0.280325 0.24149 -0.144534 0.988209 0.0505333 0.804895 0.284748 -0.00737111 0.958574 -0.434558 0 0 0 1 
39885980090074;0.42064;0.25178;100;0.912929 -0.00317016 0.408106 0.151566 0.0369223 0.996511 -0.074854 -0.100877 -0.406444 0.0834046 0.909861 1.04506 0 0 0 1 
39885980090075;0.428471;0.0658633;100;0.919074 0.203654 0.337384 -0.0935189 -0.253704 0.96088 0.111104 0.808249 -0.301559 -0.187709 0.934787 1.17493 0 0 0 1 
39885980090076;0.878954;0.188484;100;0.992107 -0.054603 0.112883 0.613275 0.0536756 0.998495 0.0112409 -0.245188 -0.113327 -0.00509311 0.993545 0.715216 0 0 0 1 
39885980090077;0.395145;0.0571511;100;0.917877 0.389054 -0.0783483 -0.31251 -0.396842 0.897613 -0.191851 1.17396 -0.0043141 0.207188 0.978292 -0.230859 0 0 0 1 
39885980090078;1.1758;0.0465055;100;0.997401 -0.0671471 0.0261067 -0.0626509 0.0684482 0.996266 -0.052628 -0.131885 -0.0224754 0.0542782 0.998273 -0.97962 0 0 0 1 
39885980090079;1.02505;0.0460656;100;0.947593 0.110028 -0.299935 -0.282813 -0.180118 0.959385 -0.217114 1.08801 0.263865 0.25976 0.928924 -0.522481 0 0 0 1 
39885980090080;0.475546;0.0528729;100;0.997578 -0.0695093 -0.00274488 0.188027 0.0694519 0.997436 -0.0172632 -0.218879 0.00393779 0.0170308 0.999847 -0.409593 0 0 0 1 
39885980090081;0.321616;0.0638906;100;0.944248 -0.0398627 0.326813 0.287318 0.0443715 0.998995 -0.00634952 -0.130303 -0.326231 0.0204967 0.945068 0.958495 0 0 0 1 
39885980090082;1.0641;0.0427307;100;0.971077 0.060019 0.2311 -0.540063 -0.0664238 0.99759 0.0200272 0.352535 -0.229341 -0.0347985 0.972724 -0.0246669 0 0 0 1 
39885980090083;0.893927;0.0414702;100;0.951644 -0.0368952 0.304979 -0.180657 -0.0707204 0.939786 0.334365 -0.213758 -0.298951 -0.339765 0.891733 0.783669 0 0 0 1 
39885980090084;0.543877;0.344667;100;0.975042 0.187152 -0.119447 -0.035122 -0.20277 0.969771 -0.135749 0.0192219 0.0904307 0.156581 0.983516 -0.335593 0 0 0 1 
39885980090085;0.738131;0.699;100;0.877783 0.0917815 0.470184 0.0279366 -0.109968 0.993871 0.0112924 0.0620828 -0.466266 -0.0616177 0.882496 0.986633 0 0 0 1 
39885980090086;0.60161;0.0599633;100;0.998866 0.0467468 0.00898715 -0.0476305 -0.0470868 0.997994 0.0423267 0.106854 -0.00699048 -0.0427019 0.999063 0.587867 0 0 0 1 
39885980090087;0.217577;0.0851561;100;0.999128 0.0319103 -0.0269422 -0.146019 -0.031211 0.999175 0.0259886 -0.0651226 0.0277492 -0.025125 0.999299 -0.109752 0 0 0 1 
39885980090088;0.201974;0.0734649;100;0.996373 -0.0653935 0.0544385 0.0797253 0.0758519 0.972534 -0.220053 -0.11733 -0.0385533 0.223384 0.973968 -0.236219 0 0 0 1 
39885980090089;0.645809;0.0762902;100;0.901107 0.198236 -0.385628 0.175023 -0.147709 0.976517 0.156834 0.330308 0.407663 -0.0843633 0.909227 -1.32963 0 0 0 1 
39885980090090;0.450371;0.308005;100;0.935742 0.227319 0.269652 -0.332647 -0.236614 0.971602 0.00202335 0.535443 -0.261534 -0.0656966 0.962956 0.941365 0 0 0 1 
39885980090091;0.498519;0.0529802;100;0.989162 0.128827 -0.0704451 0.00203471 -0.120936 0.986911 0.106681 0.216132 0.0832663 -0.0970051 0.991795 0.28797 0 0 0 1 
39885980090093;0.227552;0.312776;100;0.979205 0.0204321 0.201843 -0.359073 -0.0315854 0.998137 0.0521916 0.255276 -0.200401 -0.0574815 0.978026 0.495583 0 0 0 1 
39885980090094;0.336698;0.24765;100;0.97354 -0.180873 0.139658 0.375211 0.185593 0.982393 -0.021435 -0.0499977 -0.133322 0.0467873 0.989968 -0.13376 0 0 0 1 
39885980090095;0.148785;0.21282;100;0.986914 0.00235571 -0.161232 -0.144242 -0.0131636 0.997733 -0.0659981 0.204955 0.160711 0.0672568 0.984707 -0.213585 0 0 0 1 
39885980090096;0.662123;0.449731;100;0.97518 0.0926364 -0.201101 -0.226327 -0.0326266 0.958475 0.283305 0.0388886 0.218995 -0.269712 0.937708 0.199808 0 0 0 1 
39885980090097;0.657715;0.379656;100;0.96702 0.0446935 0.250747 -0.246176 -0.0645142 0.99536 0.0713881 -0.41437 -0.246393 -0.0852105 0.965417 0.336616 0 0 0 1 
39885980090098;0.630821;0.309433;100;0.999436 0.0323838 -0.0088833 -0.379802 -0.0335268 0.947408 -0.318268 0.0385334 -0.00189063 0.318387 0.947959 -0.310527 0 0 0 1 
39885980090099;0.628543;0.300414;100;0.933851 -0.213706 0.286795 0.606301 0.22066 0.975316 0.00825423 0.55731 -0.28148 0.0555759 0.957956 0.51442 0 0 0 1 
39885980090100;0.425699;0.299803;100;0.94589 0.284582 0.155902 -1.26004 -0.256963 0.950323 -0.175658 0.889765 -0.198147 0.126092 0.972028 -0.530469 0 0 0 1 
39885980090101;0.696606;0.317346;100;0.99653 -0.0742342 -0.0376415 0.0178454 0.0803503 0.975999 0.202411 -0.407709 0.0217123 -0.204733 0.978577 1.13378 0 0 0 1 
39885980090102;0.122477;0.263539;100;0.998858 0.0459492 0.0130652 -0.58806 -0.0460786 0.99889 0.00978533 0.242407 -0.012601 -0.0103762 0.999867 0.11439 0 0 0 1 
39885980090103;0.717527;0.161239;100;0.897953 0.394185 0.195702 -2.17816 -0.378499 0.918607 -0.113575 0.52955 -0.224543 0.0279122 0.974064 0.258283 0 0 0 1 
39885980090104;0.685443;0.464865;100;0.979475 0.200996 0.0151473 -0.934364 -0.201474 0.97853 0.0434374 -0.441793 -0.00609139 -0.0455977 0.998941 -0.0390575 0 0 0 1 
39885980090105;0.47354;0.313604;100;0.984181 0.174698 0.0294571 -0.850736 -0.175463 0.98415 0.025719 -0.229051 -0.0244972 -0.0304808 0.999235 0.170627 0 0 0 1 
39885980090106;0.459683;0.252374;100;0.952948 0.176126 -0.246718 -0.682113 -0.150014 0.981245 0.121058 0.381308 0.263412 -0.0783505 0.961496 -0.443853 0 0 0 1 
39885980090107;0.891834;0.319358;100;0.940696 -0.32683 0.0909555 0.564136 0.326977 0.944933 0.0137065 -0.46041 -0.0904265 0.0168468 0.995761 0.0715238 0 0 0 1 
39885980090108;0.424446;0.256801;100;0.890195 -0.184036 0.416753 0.253482 0.137193 0.980603 0.139983 0.150847 -0.434431 -0.0674367 0.898177 0.522586 0 0 0 1 
39885980090109;0.495711;0.286499;100;0.942029 0.33553 -0.000549117 -1.49807 -0.335305 0.941456 0.0350925 1.09927 0.0122916 -0.032874 0.999384 0.334216 0 0 0 1 
39885980090110;0.968235;0.617093;100;0.870488 0.423436 0.250903 -1.88662 -0.468665 0.868811 0.159749 1.30033 -0.150344 -0.256649 0.95474 1.99084 0 0 0 1 
39885980090111;0.425117;0.288567;100;0.996987 0.0734756 0.0248578 -0.589152 -0.0739747 0.997064 0.019792 0.388226 -0.0233305 -0.0215712 0.999495 0.63611 0 0 0 1 
39885980090112;0.465914;0.389189;100;0.895075 0.441475 -0.0627764 -1.89793 -0.441699 0.858466 -0.260648 1.17905 -0.0611781 0.261028 0.963391 -0.922176 0 0 0 1 
39885980090113;0.34947;0.255702;100;0.992978 0.111859 0.0384896 -0.796708 -0.11819 0.92433 0.362829 0.583873 0.00500861 -0.36483 0.931061 1.53949 0 0 0 1 
39885980090114;0.0961654;0.30743;100;0.994251 0.0967787 -0.0458035 -0.703764 -0.09627 0.995268 0.013191 0.309993 0.0468634 -0.00870564 0.998863 -0.106577 0 0 0 1 
39885980090115;0.726185;0.306572;100;0.976565 -0.162261 -0.141396 0.131876 0.155773 0.986211 -0.0558786 0.0755402 0.148513 0.0325433 0.988375 0.716832 0 0 0 1 
39885980090116;0.788969;0.349463;100;0.929682 -0.367985 -0.0167009 1.24619 0.365259 0.926772 -0.0876349 0.259319 0.0477262 0.0753725 0.996013 0.506251 0 0 0 1 
39885980090117;0.478045;0.273049;100;0.994083 0.0699494 0.0831046 -0.43907 -0.0712445 0.997378 0.0127184 0.328223 -0.081997 -0.0185639 0.99646 0.725479 0 0 0 1 
39885980090118;0.326438;0.246524;100;0.988454 -0.149119 0.0268655 0.0993657 0.148804 0.988776 0.0133568 0.101695 -0.0285557 -0.00920488 0.99955 0.257767 0 0 0 1 
39885980090119;0.735474;0.225856;100;0.971782 -0.164408 0.169142 0.206711 0.171785 0.984682 -0.0298425 -0.117835 -0.161645 0.0580564 0.98514 0.755786 0 0 0 1 
39885980090120;0.723848;0.139457;100;0.992005 -0.0100808 0.125798 -0.402798 0.0214141 0.995795 -0.0890671 0.641036 -0.124371 0.0910488 0.98805 0.535333 0 0 0 1 
39885980090121;0.394688;0.290125;100;0.998789 0.0462247 -0.016836 -0.262632 -0.048099 0.989411 -0.136941 -0.128337 0.0103277 0.137585 0.990436 -0.202289 0 0 0 1 
39885980090122;0.722168;0.341402;100;0.974521 0.219983 0.0437782 -1.01789 -0.218344 0.975081 -0.0392897 0.567715 -0.0513303 0.0287299 0.998268 0.863264 0 0 0 1 
39885980090124;0.340489;0.0237706;100;0.996495 0.0835008 0.00496976 0.200082 -0.0834981 0.996508 -0.000744549 -0.647389 -0.00501457 0.000326974 0.999987 -0.370466 0 0 0 1 
39885980090125;0.370091;0.0254191;100;0.912218 -0.00158125 0.409703 -0.523869 -0.035202 0.995992 0.0822226 -0.233432 -0.408191 -0.0894272 0.908506 -0.987348 0 0 0 1 
39885980090126;0.34208;0.0249994;100;0.885705 0.247771 0.392602 0.545162 -0.261985 0.964906 -0.0179164 -0.539772 -0.383263 -0.086987 0.919534 -0.63037 0 0 0 1 
39885980090127;0.0863411;0.0265006;100;0.995584 -0.0149453 -0.0926763 -0.0220716 0.0205082 0.998026 0.0593664 -0.00633871 0.091606 -0.0610049 0.993925 -0.0217651 0 0 0 1 
39885980090128;0.358883;0.0221473;100;0.972652 0.164855 0.163617 0.652666 -0.171771 0.984711 0.0289653 -0.00176114 -0.15634 -0.0562777 0.986099 0.201584 0 0 0 1 
39885980090129;0.382249;0.0221799;100;0.928449 0.371444 -0.00349121 1.46465 -0.371437 0.928455 0.00247339 -0.867773 0.00416016 -0.00099965 0.999991 -0.0155302 0 0 0 1 
39885980090130;0.323168;0.024995;100;0.971693 0.186295 -0.145286 0.92928 -0.203114 0.972841 -0.111022 -0.124581 0.120657 0.137389 0.983141 0.343684 0 0 0 1 
39885980090131;0.505537;0.0202117;100;0.992063 -0.125514 -0.00755911 -0.95698 0.124819 0.990272 -0.0614989 -0.620329 0.0152046 0.0600673 0.998079 -0.198351 0 0 0 1 
39885980090132;0.44134;0.0283093;100;0.999308 0.0218014 -0.0301373 -0.706601 -0.0248101 0.994334 -0.103364 0.0805323 0.0277131 0.10404 0.994187 0.801435 0 0 0 1 
39885980090133;0.275576;0.025368;100;0.998238 -0.0593141 -0.00184209 -0.765598 0.0593093 0.998236 -0.00257213 -0.0855055 0.00199141 0.00245834 0.999995 -0.132966 0 0 0 1 
39885980090134;0.264805;0.0255274;100;0.979315 -0.15564 0.129296 -0.592658 0.183247 0.953177 -0.240569 0.0984287 -0.0858 0.259286 0.961982 0.984224 0 0 0 1 
39885980090135;0.321182;0.0242596;100;0.980406 0.194598 0.0306012 0.228414 -0.189047 0.973119 -0.131529 -0.23441 -0.0553739 0.123166 0.99084 0.690496 0 0 0 1 
39885980090136;0.536598;0.0251438;100;0.99068 0.074109 -0.114284 -0.185301 -0.0883813 0.988168 -0.12535 0.0806884 0.103642 0.134282 0.985508 1.49314 0 0 0 1 
39885980090137;0.239766;0.0263722;100;0.998858 0.0367671 0.0305079 -0.0580803 -0.038359 0.997839 0.053348 0.040395 -0.0284805 -0.0544574 0.99811 -0.642754 0 0 0 1 
39885980090138;0.366462;0.0253834;100;0.927602 -0.358958 -0.10346 -1.401 0.34981 0.931821 -0.0966631 0.240875 0.131104 0.0534736 0.989925 0.133812 0 0 0 1 
39885980090139;0.522118;0.0249564;100;0.98746 0.151711 0.0436602 -0.230886 -0.154471 0.985591 0.0689102 -0.70059 -0.0325766 -0.0747904 0.996667 0.160713 0 0 0 1 
39885980090140;0.328612;0.0253273;100;0.976623 -0.0445671 -0.21029 -0.204393 0.0278589 0.996263 -0.0817582 0.0360513 0.213147 0.0739885 0.974214 1.08161 0 0 0 1 
39885980090141;0.0802768;0.0160911;100;0.999016 -0.00643869 0.0438733 -0.129711 0.00438398 0.998896 0.0467691 -0.0618641 -0.044126 -0.0465308 0.997942 -0.147466 0 0 0 1 
39885980090142;0.374391;0.021547;100;0.935909 0.261858 -0.235595 1.17024 -0.187847 0.936837 0.295043 -0.670156 0.297973 -0.231877 0.925983 -0.616584 0 0 0 1 
39885980090143;0.228673;0.0254868;100;0.98226 0.179985 -0.0526351 0.737381 -0.180271 0.983617 -0.00070172 -0.1846 0.0516464 0.0101779 0.998614 -0.137239 0 0 0 1 
39885980090144;0.446317;0.0230454;100;0.916493 0.399983 0.00736136 1.46346 -0.400043 0.916202 0.0232178 -0.935492 0.00254223 -0.0242238 0.999703 0.250374 0 0 0 1 
39885980090145;0.0431272;0.0207503;100;0.999594 0.0082967 0.0272747 -0.0416204 -0.00921036 0.999395 0.0335454 -0.0195633 -0.0269799 -0.033783 0.999065 -0.160713 0 0 0 1 
39885980090146;0.329175;0.0283693;100;0.993917 -0.101413 -0.0429409 -0.225972 0.100147 0.9945 -0.0306688 0.412638 0.0458149 0.0261819 0.998607 0.632345 0 0 0 1 
39885980090147;0.155218;0.0197699;100;0.998277 0.0531006 0.0249762 0.0196174 -0.0544762 0.996825 0.0580677 -0.119349 -0.0218135 -0.0593283 0.998 0.00579014 0 0 0 1 
39885980090148;0.427209;0.0238975;100;0.986719 0.143724 0.0756837 0.287939 -0.121533 0.962364 -0.243073 -0.448518 -0.107771 0.230647 0.967051 1.47577 0 0 0 1 
39885980090149;0.211483;0.0240609;100;0.982755 -0.129694 0.131806 -0.73231 0.128934 0.99155 0.0143192 0.169887 -0.13255 0.00292206 0.991172 0.0851518 0 0 0 1 
39885980090150;0.560906;0.0253462;100;0.92172 0.206789 -0.328131 1.20722 -0.236977 0.969992 -0.0543784 0.302242 0.30704 0.127881 0.943066 0.35008 0 0 0 1 
39885980090151;0.283425;0.0257181;100;0.946702 0.293948 0.131719 0.939757 -0.247291 0.925289 -0.287553 -0.484458 -0.206403 0.239654 0.948664 0.641214 0 0 0 1 
39885980090152;0.461176;0.0248884;100;0.893578 -0.432155 0.121498 -1.91374 0.426276 0.90171 0.0721616 0.176534 -0.140741 -0.0126904 0.989965 -0.369623 0 0 0 1 
39885980090153;0.364593;0.0260521;100;0.992307 0.110702 0.0554247 -0.0270281 -0.114307 0.991201 0.0667492 -0.592875 -0.0475477 -0.0725712 0.996229 -0.717795 0 0 0 1 
39885980090155;0.220386;1.10921;100;0.99578 -0.0913937 0.0082939 -0.525381 0.0913748 0.995813 0.00262612 0.603275 -0.00849919 -0.00185719 0.999962 0.0382915 0 0 0 1 
39885980090156;0.547565;1.70355;100;0.959295 -0.0644069 0.274964 -0.0616961 0.0261112 0.989704 0.140729 1.36104 -0.281197 -0.127821 0.951099 1.32773 0 0 0 1 
39885980090157;0.178395;1.09792;100;0.993947 0.109305 0.0109893 -0.286053 -0.109233 0.993991 -0.00702269 1.31067 -0.0116909 0.0057798 0.999915 -0.0971896 0 0 0 1 
39885980090158;0.913519;1.31524;100;0.907243 0.0491827 0.417721 0.419076 -0.101621 0.989349 0.104223 1.49171 -0.408146 -0.137005 0.902578 2.03819 0 0 0 1 
39885980090159;0.31181;1.41459;100;0.970411 0.198354 -0.13769 -0.179146 -0.239451 0.863943 -0.443018 2.42711 0.0310823 0.46288 0.885876 -0.289571 0 0 0 1 
39885980090160;0.529179;1.73579;100;0.986162 0.165061 -0.0154738 -0.408622 -0.164704 0.986096 0.0220628 2.28961 0.0189004 -0.0192089 0.999637 0.452916 0 0 0 1 
39885980090161;0.588623;1.87466;100;0.982547 -0.0739544 0.170683 -0.25014 0.051722 0.990004 0.131213 1.68872 -0.178681 -0.120095 0.97655 1.13442 0 0 0 1 
39885980090162;0.825722;1.61038;100;0.976816 -0.208675 -0.0477978 -0.129718 0.208317 0.977983 -0.0124078 0.933806 0.0493346 0.00216309 0.99878 -0.90303 0 0 0 1 
39885980090163;0.504725;1.22518;100;0.992646 0.121048 0.0010817 -0.158266 -0.121031 0.992257 0.0278877 1.9789 0.00230243 -0.0278135 0.99961 0.0200448 0 0 0 1 
39885980090164;0.244441;1.32044;100;0.988099 0.138289 -0.0673548 -0.312507 -0.129621 0.984343 0.119448 1.69055 0.0828186 -0.109296 0.990553 -0.462402 0 0 0 1 
39885980090165;0.707584;1.48172;100;0.982644 0.184815 0.0159633 -0.514084 -0.184651 0.98274 -0.0112285 2.32989 -0.017763 0.00808597 0.99981 -0.630787 0 0 0 1 
39885980090166;0.507941;1.19329;100;0.961343 0.240966 0.133246 -0.343612 -0.224055 0.965847 -0.130151 2.22451 -0.160057 0.0952653 0.9825 0.769292 0 0 0 1 
39885980090167;0.79424;1.22015;100;0.976999 -0.204142 -0.0616376 -0.299889 0.198061 0.975817 -0.0924805 0.667041 0.0790262 0.0781453 0.993805 0.427704 0 0 0 1 
39885980090168;0.994365;0.898855;100;0.99418 0.101494 -0.0361379 0.290075 -0.104089 0.991412 -0.0791664 1.5757 0.0277927 0.0824672 0.996206 0.620395 0 0 0 1 
39885980090169;0.602224;1.44597;100;0.917333 0.354362 -0.181461 -0.0148627 -0.369328 0.927639 -0.0555284 3.23273 0.148653 0.117957 0.981829 -0.733693 0 0 0 1 
39885980090170;0.878287;1.78184;100;0.979382 -0.0918751 -0.179918 -0.449177 0.127392 0.972079 0.197064 1.17479 0.156789 -0.215921 0.96374 0.397324 0 0 0 1 
39885980090171;0.174618;1.33918;100;0.965543 0.233158 -0.115606 -0.221437 -0.229717 0.972332 0.0424303 2.15648 0.122301 -0.0144115 0.992388 -0.496464 0 0 0 1 
39885980090172;0.809772;1.57777;100;0.980468 0.196677 0.000937153 -0.62918 -0.196679 0.980457 0.00469647 2.45758 4.8479e-06 -0.00478906 0.999989 0.739978 0 0 0 1 
39885980090173;0.12527;1.48587;100;0.99724 0.0540022 -0.0509571 -0.436136 -0.0596339 0.991412 -0.116391 1.72175 0.0442341 0.119108 0.991895 -0.219012 0 0 0 1 
39885980090174;1.08358;1.16487;100;0.951749 0.1076 0.287395 -0.283324 -0.120841 0.992257 0.0286821 1.71927 -0.282083 -0.0620272 0.957383 1.86273 0 0 0 1 
39885980090175;0.382051;1.87807;100;0.97349 0.228282 0.0143364 -0.551648 -0.228287 0.973593 -0.00124263 2.62366 -0.0142415 -0.00206313 0.999896 0.440205 0 0 0 1 
39885980090176;1.01834;1.61523;100;0.947406 -0.0966038 0.305104 -0.59324 0.107147 0.994081 -0.0179608 0.715769 -0.301563 0.0497073 0.95215 1.45511 0 0 0 1 
39885980090177;0.304463;1.19475;100;0.996398 0.058953 0.0609585 -0.495836 -0.059265 0.998237 0.00332097 1.24746 -0.0606553 -0.00692171 0.998135 -0.0204722 0 0 0 1 
39885980090178;0.543046;1.36996;100;0.990726 0.0919111 0.100073 -0.701784 -0.0862387 0.994489 -0.0596137 1.51405 -0.105001 0.0504306 0.993193 0.721844 0 0 0 1 
39885980090179;0.361753;1.77782;100;0.968942 0.199765 -0.145759 -0.344123 -0.204094 0.978833 -0.015221 2.46964 0.139633 0.0444968 0.989203 -0.126316 0 0 0 1 
39885980090180;0.25283;1.519;100;0.998885 -0.0250799 -0.0400072 -0.504712 0.0259217 0.99945 0.0206634 1.4083 0.039467 -0.0216774 0.998986 0.0634482 0 0 0 1 
39885980090181;0.881259;1.9082;100;0.978778 0.0417263 -0.200632 0.125732 -0.0195762 0.993612 0.111144 1.44424 0.203988 -0.104857 0.973342 -0.122359 0 0 0 1 
39885980090182;0.669254;1.45174;100;0.98659 0.163216 -0.000902559 0.0456236 -0.163216 0.98659 0.000109189 1.76689 0.000908278 3.95872e-05 1 -0.611589 0 0 0 1 
39885980090183;0.198594;1.39453;100;0.958383 0.134811 0.251652 -0.249056 -0.139211 0.990263 -0.000321981 1.84806 -0.249245 -0.034724 0.967818 0.904762 0 0 0 1 
39885980090184;0.838159;1.3084;100;0.968951 0.226894 -0.0982483 0.0169616 -0.247219 0.895567 -0.369921 2.68685 0.00405487 0.382725 0.923854 -0.846281 0 0 0 1 
39885980090186;1.03403;0.847219;100;0.992155 0.119051 0.0381537 0.0692752 -0.117933 0.992559 -0.0303173 -0.732281 -0.0414791 0.0255799 0.998812 -0.576176 0 0 0 1 
39885980090187;0.391456;0.705018;100;0.995958 -0.076075 0.0477464 -0.204384 0.0713898 0.993089 0.0931576 -0.914899 -0.0545034 -0.0893724 0.994506 -0.0834932 0 0 0 1 
39885980090188;0.19321;0.395148;100;0.995527 -0.0256143 -0.0909392 -0.145 0.0171257 0.995526 -0.0929262 -0.334075 0.0929126 0.0909532 0.991511 -0.524848 0 0 0 1 
39885980090189;0.694654;0.300756;100;0.965004 -0.161735 0.206421 0.0994036 0.14679 0.985433 0.0858731 -0.655303 -0.217303 -0.0525673 0.974688 1.2124 0 0 0 1 
39885980090190;0.710931;0.40221;100;0.996119 0.0832989 -0.0284387 -0.327594 -0.0742232 0.968599 0.237289 0.127814 0.0473116 -0.234257 0.971023 0.676479 0 0 0 1 
39885980090191;0.303973;0.631393;100;0.980009 0.197854 0.0209059 -0.718434 -0.197799 0.980231 -0.00468316 0.468584 -0.0214192 0.000454364 0.99977 -0.124921 0 0 0 1 
39885980090192;0.937341;0.654705;100;0.99842 -0.0521591 0.0209205 0.0377033 0.0519777 0.998607 0.00912439 -1.18206 -0.0213673 -0.00802256 0.99974 0.806859 0 0 0 1 
39885980090193;0.0973903;0.249345;100;0.999854 -0.00528232 0.0162681 -0.107636 0.00510138 0.999925 0.0111436 -0.149683 -0.0163258 -0.011059 0.999806 0.0837404 0 0 0 1 
39885980090194;0.330993;0.415143;100;0.999242 -0.0319106 0.0222979 -0.26117 0.0328202 0.998591 -0.041697 -0.53845 -0.0209359 0.0423972 0.998881 0.124407 0 0 0 1 
39885980090195;0.913121;0.459346;100;0.998643 0.0520673 0.00134369 -0.452322 -0.0519089 0.99706 -0.0563658 0.259031 -0.00427455 0.0562195 0.998409 -0.846207 0 0 0 1 
39885980090196;0.843835;0.588502;100;0.985275 0.153271 0.075766 -0.400064 -0.155402 0.987582 0.0230486 0.156043 -0.0712925 -0.0344834 0.996859 -0.504065 0 0 0 1 
39885980090197;0.709255;0.413369;100;0.999187 0.0204377 0.0347495 -0.223783 -0.0252115 0.989399 0.143021 -0.40081 -0.0314581 -0.143781 0.989109 -0.407327 0 0 0 1 
39885980090198;1.04503;0.571153;100;0.998706 -0.0323836 -0.0392144 -0.0290348 0.0279558 0.99369 -0.108626 -0.176359 0.0424846 0.107389 0.993309 0.661393 0 0 0 1 
39885980090199;0.0833687;0.245095;100;0.998956 0.00697581 0.04515 -0.115685 -0.00739728 0.999931 0.00917456 -0.208548 -0.0450829 -0.00949896 0.998938 0.126708 0 0 0 1 
39885980090200;1.06244;0.717405;100;0.992468 0.119423 -0.0273099 -0.350259 -0.120006 0.992555 -0.0208016 0.514943 0.0246224 0.0239223 0.999411 0.717021 0 0 0 1 
39885980090201;0.454509;0.526047;100;0.97197 -0.106727 -0.209484 -0.253375 0.0981223 0.993863 -0.0510796 -0.261965 0.21365 0.0290929 0.976477 -0.436539 0 0 0 1 
39885980090202;0.602175;0.623663;100;0.9242 0.0336409 -0.380425 -0.214229 -0.0075921 0.997534 0.0697676 -0.314063 0.381834 -0.061591 0.922176 -0.908981 0 0 0 1 
39885980090203;0.367742;0.674684;100;0.912436 -0.00181332 0.409216 -0.205263 -0.0666456 0.985981 0.15297 -0.00214823 -0.403756 -0.166848 0.899524 1.55025 0 0 0 1 
39885980090204;1.06319;0.545742;100;0.97332 0.0747362 0.216941 -0.10987 -0.0548036 0.993824 -0.0964925 -0.268146 -0.222813 0.0820289 0.971404 1.62109 0 0 0 1 
39885980090205;0.675409;0.753338;100;0.999831 0.0143612 0.0114414 -0.705936 -0.0135633 0.997661 -0.0670004 -0.92917 -0.0123768 0.066834 0.997687 -0.243455 0 0 0 1 
39885980090206;0.947378;0.624237;100;0.987799 0.12941 0.0866409 -0.599792 -0.135769 0.98812 0.0720146 -0.233362 -0.0762922 -0.082899 0.993633 1.14767 0 0 0 1 
39885980090207;0.975527;0.356702;100;0.998696 -0.0348584 -0.0373086 -0.230803 0.0356106 0.999172 0.0196883 0.00675664 0.0365914 -0.0209912 0.99911 -0.936937 0 0 0 1 
39885980090208;0.357335;0.694581;100;0.968425 0.086336 0.23388 -0.251313 -0.0693445 0.994385 -0.0799394 -0.261915 -0.239468 0.0611971 0.968974 0.496507 0 0 0 1 
39885980090209;0.567849;0.367806;100;0.991293 0.130882 0.0144618 -0.713494 -0.131128 0.991209 0.0176262 -0.0193213 -0.0120277 -0.0193691 0.99974 0.181074 0 0 0 1 
39885980090210;0.29383;0.65791;100;0.976051 -0.0323493 0.215125 -0.0392982 0.0115029 0.995173 0.0974582 -0.59341 -0.21724 -0.0926496 0.971711 1.01369 0 0 0 1 
39885980090211;0.573799;0.723572;100;0.996901 0.0271902 0.0738182 -0.687187 0.00442313 0.91751 -0.397689 -0.503845 -0.0785422 0.396783 0.914546 0.0716753 0 0 0 1 
39885980090212;0.324919;0.753928;100;0.989981 0.136369 -0.0366261 -0.35554 -0.132643 0.987079 0.089892 -0.192605 0.0484113 -0.0841332 0.995278 0.18457 0 0 0 1 
39885980090213;0.920265;0.635811;100;0.986773 -0.113144 -0.116092 0.0922185 0.12168 0.99015 0.0692626 -1.2261 0.107112 -0.0824726 0.99082 0.510869 0 0 0 1 
39885980090214;0.527822;0.667144;100;0.98143 0.18248 0.0591251 -0.324134 -0.183836 0.982786 0.018318 0.306497 -0.0547647 -0.0288472 0.998082 0.522246 0 0 0 1 
39885980090215;0.58213;0.507988;100;0.969956 -0.227963 0.0849606 0.0571241 0.230938 0.972597 -0.0268829 -1.01611 -0.0765042 0.0456959 0.996022 0.233883 0 0 0 1 
39885980090217;1.03417;1.79764;100;0.96981 0.241621 -0.0329772 0.557869 -0.243076 0.968649 -0.0513044 1.40961 0.0195471 0.0577715 0.998138 -0.589096 0 0 0 1 
39885980090218;0.202378;1.77709;100;0.93015 0.365951 -0.0300197 0.0592995 -0.365682 0.930631 0.0141959 2.37304 0.0331322 -0.00222663 0.999448 -0.197507 0 0 0 1 
39885980090219;0.470141;1.72912;100;0.982703 0.147259 0.112291 0.144839 -0.152513 0.987505 0.0396808 1.59552 -0.105045 -0.0561203 0.992883 0.397454 0 0 0 1 
39885980090220;1.3181;0.537691;100;0.979682 -0.0692043 -0.188239 -0.303203 0.052363 0.994286 -0.0930187 1.08856 0.193601 0.081272 0.977708 -0.421237 0 0 0 1 
39885980090221;1.15923;1.09776;100;0.926505 -0.106072 0.361022 -0.412428 0.159745 0.979571 -0.122153 -0.203096 -0.34069 0.170847 0.924522 0.726461 0 0 0 1 
39885980090222;0.407338;1.7518;100;0.900068 0.370676 0.22908 0.493037 -0.38435 0.923039 0.0165547 2.3377 -0.205313 -0.102947 0.973267 0.855173 0 0 0 1 
39885980090223;0.517255;1.70465;100;0.87558 0.438122 0.203489 0.192345 -0.445743 0.895113 -0.00926647 2.63336 -0.186205 -0.08259 0.979033 0.770755 0 0 0 1 
39885980090224;1.08029;0.971235;100;0.971657 -0.210317 0.107932 -0.551162 0.197551 0.973178 0.117894 -0.429878 -0.129832 -0.0932302 0.987143 0.540606 0 0 0 1 
39885980090225;0.715361;0.972005;100;0.994264 0.0326862 -0.101837 -0.0022174 -0.0578221 0.965287 -0.25471 0.901634 0.0899766 0.259137 0.96164 0.126781 0 0 0 1 
39885980090226;0.549209;0.579114;100;0.9552 -0.0599994 0.289816 0.0458083 0.0274354 0.99297 0.115146 0.0334511 -0.294687 -0.102037 0.950131 1.00088 0 0 0 1 
39885980090227;1.15995;1.79189;100;0.812757 0.582596 0.002734 1.54418 -0.582176 0.811975 0.0420359 2.79997 0.02227 -0.0357567 0.999112 -0.5133 0 0 0 1 
39885980090228;0.215505;1.24598;100;0.992451 -0.106592 0.0606612 -0.161463 0.107112 0.994232 -0.00537046 0.630832 -0.0597389 0.0118274 0.998144 -0.000515253 0 0 0 1 
39885980090229;0.121617;1.81167;100;0.909763 0.415084 0.0060282 0.554279 -0.414947 0.908844 0.0426722 2.46027 0.0122339 -0.041323 0.999071 -0.0722185 0 0 0 1 
39885980090230;1.03093;1.70288;100;0.964854 0.262669 -0.00789158 0.48306 -0.262699 0.964873 -0.00305151 1.46364 0.00681283 0.00501737 0.999964 0.481946 0 0 0 1 
39885980090231;0.888653;0.530611;100;0.990108 0.0718758 0.120501 -0.392013 -0.08557 0.989947 0.112616 0.900764 -0.111195 -0.121814 0.986305 0.500667 0 0 0 1 
39885980090232;0.59802;1.82031;100;0.927275 0.252265 -0.27663 0.688241 -0.324375 0.910289 -0.257207 2.01802 0.186929 0.328233 0.925916 -0.440063 0 0 0 1 
39885980090233;0.0427632;1.75314;100;0.871731 0.489913 -0.00842881 0.643233 -0.489967 0.871718 -0.00636521 2.72462 0.00422914 0.00967858 0.999944 -0.0377244 0 0 0 1 
39885980090234;0.404716;0.855492;100;0.984023 -0.0249802 -0.176279 -0.00812288 0.0910292 0.921501 0.377557 0.352808 0.15301 -0.387572 0.909052 -0.449159 0 0 0 1 
39885980090235;0.881271;1.7151;100;0.965735 0.212868 -0.14847 0.819227 -0.236341 0.957693 -0.164217 2.02782 0.107233 0.19368 0.975187 -0.635301 0 0 0 1 
39885980090236;1.0378;2.01068;100;0.832412 0.553982 -0.0139247 0.951501 -0.554071 0.832463 -0.00331334 3.02459 0.00975625 0.0104733 0.999898 -0.864329 0 0 0 1 
39885980090237;0.452033;1.18794;100;0.973319 -0.0213345 -0.228461 0.0110726 0.0854744 0.957719 0.274714 0.616797 0.212941 -0.286912 0.93399 -0.795581 0 0 0 1 
39885980090238;0.922552;1.25501;100;0.943159 0.0873026 -0.320671 0.079188 -0.153822 0.969982 -0.188346 1.8993 0.294602 0.226966 0.928276 -0.382948 0 0 0 1 
39885980090239;0.393854;0.621376;100;0.995159 -0.00150873 -0.0982652 -0.0332603 -0.0252428 0.962412 -0.270417 0.546782 0.0949797 0.271588 0.957715 -0.284408 0 0 0 1 
39885980090240;0.68439;1.7088;100;0.869617 0.492552 -0.0340326 0.680368 -0.49352 0.865189 -0.0888032 3.1531 -0.0142955 0.0940205 0.995468 -0.270937 0 0 0 1 
39885980090241;0.655728;0.883304;100;0.926453 -0.184273 0.32822 -0.0868749 0.255744 0.947957 -0.189665 0.158577 -0.276189 0.259656 0.925364 0.325681 0 0 0 1 
39885980090242;0.353633;1.12773;100;0.901209 -0.0226052 0.432795 0.217528 0.121045 0.972025 -0.201283 0.61236 -0.416138 0.233786 0.878734 1.17228 0 0 0 1 
39885980090243;1.27115;1.15222;100;0.986656 -0.1591 0.0345886 0.382643 0.158258 0.987059 0.0258587 0.601267 -0.0382551 -0.0200397 0.999067 0.852087 0 0 0 1 
39885980090244;0.554019;1.80559;100;0.986192 0.0716324 0.149313 0.371078 -0.0988696 0.977971 0.183843 1.36946 -0.132854 -0.196067 0.971549 0.283784 0 0 0 1 
39885980090245;0.651828;1.20122;100;0.998258 -0.0212134 -0.0550521 -0.126931 0.0188695 0.998907 -0.0427528 1.02097 0.0558989 0.0416395 0.997568 0.258753 0 0 0 1 
39885980090246;0.546588;1.73476;100;0.974856 0.208472 -0.0787059 0.468297 -0.19851 0.972934 0.118293 1.66518 0.101236 -0.0996944 0.989855 -0.560547 0 0 0 1 
39885980090248;0.37448;0.0791909;100;0.919137 -0.332668 0.210997 -0.189466 0.320111 0.942888 0.0921495 0.129263 -0.229602 -0.0171555 0.973133 0.0265315 0 0 0 1 
39885980090249;0.482365;0.0834667;100;0.948038 -0.317339 -0.0227854 -0.062739 0.317524 0.948237 0.00492901 -0.0384188 0.0200418 -0.0119078 0.999728 -0.324936 0 0 0 1 
39885980090250;0.869457;0.0900843;100;0.939463 0.0246777 0.341761 -0.0683647 -0.0923572 0.978726 0.183208 -0.681832 -0.329969 -0.203682 0.921756 0.332673 0 0 0 1 
39885980090251;0.521745;0.0893959;100;0.993515 -0.107831 -0.0360739 0.0283283 0.10744 0.994132 -0.0126073 -0.2759 0.0372217 0.00864978 0.99927 0.315291 0 0 0 1 
39885980090252;1.01023;0.0904074;100;0.994971 0.0973179 0.0237184 0.318694 -0.100155 0.962931 0.250464 -0.139901 0.0015355 -0.25158 0.967835 -0.945155 0 0 0 1 
39885980090253;0.430197;0.0887218;100;0.968901 0.20117 -0.144089 0.0430203 -0.157897 0.950969 0.265946 0.271806 0.190525 -0.234924 0.953158 -0.0951311 0 0 0 1 
