#;prob_registration_l1 -r /home/probabilistic_point_clouds_registration/build/tester /home/point_clouds_registration_benchmark//devel/registration_pairs/plain_local.txt /home/point_clouds_registration_benchmark//eth/plain -s 0.2 -t 0.2 -p 0.3 -r 1000 -m 10 -i 100 -n 100 
id;initial_error;final_error;transformation
4215528470000;0.567788;0.0393293;100;0.96669 -0.0353576 0.253497 0.708315 0.0210647 0.998043 0.0588778 0.159992 -0.255083 -0.0515768 0.965543 1.93108 0 0 0 1 
4215528470001;0.547226;0.0248842;100;0.992069 0.09999 -0.0761683 -0.644619 -0.0614298 0.914358 0.40022 0.872942 0.109663 -0.392367 0.913248 1.06115 0 0 0 1 
4215528470002;0.032832;0.0327449;100;0.999923 0.0106812 0.00630594 -0.0720567 -0.0107059 0.999935 0.00389778 0.01285 -0.0062639 -0.00396499 0.999973 0.0430003 0 0 0 1 
4215528470003;0.731607;0.0347038;100;0.995264 -0.0434291 0.0869645 -0.0799498 0.0413143 0.998809 0.0259726 -0.917438 -0.0879888 -0.0222567 0.995873 0.429976 0 0 0 1 
4215528470004;0.518474;0.0555664;100;0.953877 -0.0411146 -0.297368 0.526583 0.105147 0.973585 0.202674 -0.572938 0.28118 -0.224594 0.933003 -0.291254 0 0 0 1 
4215528470005;0.0948906;0.0471756;100;0.999025 0.0363168 0.0251123 -0.185298 -0.0338776 0.995225 -0.0915425 0.291994 -0.0283169 0.0906025 0.995484 -0.282469 0 0 0 1 
4215528470006;0.93827;0.0430225;100;0.997864 0.0577325 -0.030573 -1.06431 -0.0646747 0.939047 -0.337652 0.565632 0.00921601 0.338908 0.940774 -1.29842 0 0 0 1 
4215528470007;0.649378;0.0265055;100;0.988699 0.0909603 -0.119168 -0.531827 -0.128371 0.924237 -0.359591 1.74201 0.077431 0.370825 0.925469 -1.87669 0 0 0 1 
4215528470008;0.524363;0.808732;100;0.955316 0.142079 -0.2592 -0.843998 -0.172977 0.979788 -0.100466 0.640948 0.239688 0.140813 0.960584 -2.30661 0 0 0 1 
4215528470009;0.400063;0.0327137;100;0.951957 -0.212357 0.22064 1.18252 0.217029 0.97616 0.00313582 -1.03701 -0.216046 0.0449003 0.97535 1.28603 0 0 0 1 
4215528470010;0.581956;0.0290119;100;0.971309 -0.226584 -0.0722379 1.20974 0.200196 0.942975 -0.265933 -1.33216 0.128375 0.243841 0.961281 -2.13462 0 0 0 1 
4215528470011;0.358216;0.0279465;100;0.973983 -0.178112 0.140118 0.962287 0.204205 0.957897 -0.201825 -1.04952 -0.0982711 0.225187 0.969347 -0.200214 0 0 0 1 
4215528470012;0.581653;0.0570554;100;0.955948 0.290171 -0.0443266 -1.11721 -0.266055 0.920308 0.286788 2.16624 0.124012 -0.262361 0.956968 0.0962785 0 0 0 1 
4215528470013;0.612837;0.0161946;100;0.98221 -0.0639244 0.176569 0.162041 0.0620147 0.997942 0.0163184 -0.362753 -0.177249 -0.00507817 0.984153 0.542134 0 0 0 1 
4215528470014;0.871128;0.109042;100;0.97858 -0.205705 0.00821351 1.49531 0.205607 0.978569 0.0113413 -1.28136 -0.0103704 -0.00940957 0.999902 0.756621 0 0 0 1 
4215528470015;0.0605696;0.0160636;100;0.999924 0.000134427 0.012308 0.0359097 5.28723e-05 0.999884 -0.015216 -0.0317991 -0.0123086 0.0152155 0.999808 -0.0073886 0 0 0 1 
4215528470016;0.462589;0.031127;100;0.96904 0.105946 0.223016 -0.451714 -0.0531358 0.971579 -0.230674 0.469237 -0.241117 0.211682 0.947129 0.897618 0 0 0 1 
4215528470017;0.763704;0.0859624;100;0.973912 0.153073 0.167523 -0.586124 -0.208875 0.893235 0.398124 1.75312 -0.0886952 -0.422729 0.901905 3.17667 0 0 0 1 
4215528470018;0.320962;0.594772;100;0.990436 -0.13127 0.0424889 0.124964 0.124921 0.983902 0.127795 -1.03094 -0.0585806 -0.121265 0.99089 0.755487 0 0 0 1 
4215528470019;0.470754;0.0183044;100;0.885185 0.310905 -0.3461 -0.722727 -0.245288 0.944004 0.22066 1.58927 0.395324 -0.11043 0.911879 -1.88931 0 0 0 1 
4215528470020;0.901423;0.276478;100;0.952815 -0.256006 0.163106 0.546177 0.265687 0.96322 -0.0402205 -1.72795 -0.14681 0.0816578 0.985788 0.0333297 0 0 0 1 
4215528470021;0.310289;0.0365653;100;0.996285 -0.0745369 -0.0431262 0.22197 0.0786646 0.991501 0.103627 -0.585319 0.0350356 -0.106635 0.993681 0.48364 0 0 0 1 
4215528470022;0.501427;0.0507342;100;0.974877 0.129301 -0.181372 -0.298168 -0.142073 0.988083 -0.0592309 0.744672 0.171552 0.0835108 0.981629 -1.87893 0 0 0 1 
4215528470023;0.509895;0.51775;100;0.993586 -0.0525646 0.100114 0.374234 0.0665394 0.987655 -0.141808 -0.404176 -0.0914242 0.14756 0.984819 -0.425114 0 0 0 1 
4215528470024;0.756959;0.024653;100;0.984093 -0.176874 0.0166046 1.24886 0.175952 0.98331 0.0462927 -1.15032 -0.0245155 -0.0426347 0.99879 0.962029 0 0 0 1 
4215528470025;0.187466;0.0338012;100;0.988793 0.142845 -0.043412 -0.629229 -0.138468 0.986172 0.0910613 0.965531 0.0558193 -0.0840296 0.994899 0.00721943 0 0 0 1 
4215528470026;0.0729172;0.0211053;100;0.999225 -0.0392133 -0.00349846 0.168551 0.0391893 0.999209 -0.00668228 -0.232568 0.00375772 0.00654 0.999972 -0.11897 0 0 0 1 
4215528470027;0.80863;0.16574;100;0.971318 0.227104 -0.0704633 -1.14376 -0.234359 0.964443 -0.122168 1.32908 0.040213 0.135178 0.990005 -0.236546 0 0 0 1 
4215528470028;0.511375;0.777704;100;0.990581 -0.0923498 -0.101094 0.0393802 0.111009 0.973877 0.198093 -1.15046 0.0801589 -0.207449 0.974956 0.507027 0 0 0 1 
4215528470029;0.874225;0.0269259;100;0.874413 -0.0118999 -0.485037 1.31015 0.0269824 0.999345 0.0241252 0.463186 0.484432 -0.0341828 0.874161 -3.16956 0 0 0 1 
4215528470031;0.986719;0.0423711;100;0.999721 -0.0192293 0.013728 0.218042 0.0191622 0.999804 0.00500281 -0.51258 -0.0138215 -0.00473835 0.999893 0.900064 0 0 0 1 
4215528470032;1.06872;0.0701734;100;0.998919 -0.034936 0.0306734 -0.114909 0.0454256 0.87387 -0.484033 0.0627846 -0.00989443 0.484903 0.874512 -2.49678 0 0 0 1 
4215528470033;0.525088;0.0225216;100;0.995133 -0.0984428 0.00449523 0.459735 0.0985045 0.994998 -0.0166029 -1.02397 -0.00283832 0.0169649 0.999852 -0.459021 0 0 0 1 
4215528470034;0.461314;0.0847924;100;0.997664 0.0652452 0.0202298 -0.501708 -0.0656258 0.997668 0.0187562 0.452043 -0.0189589 -0.02004 0.999619 -0.0923854 0 0 0 1 
4215528470035;0.980295;0.0555437;100;0.999864 -0.0125696 0.010713 -0.798769 0.0125601 0.999921 0.000950476 -0.191608 -0.0107241 -0.00081579 0.999942 0.188358 0 0 0 1 
4215528470036;1.14169;0.745679;100;0.990532 0.129277 0.0462026 -1.01893 -0.136822 0.957212 0.254999 0.907414 -0.0112602 -0.258907 0.965837 2.24705 0 0 0 1 
4215528470037;0.241412;0.111188;100;0.999649 0.0216275 0.0152878 -0.0567683 -0.0211359 0.999277 -0.0316186 0.273071 -0.0159606 0.0312844 0.999383 0.0450951 0 0 0 1 
4215528470038;0.130156;0.0184553;100;0.991181 0.122617 0.0502554 -0.687172 -0.122358 0.992452 -0.00820211 1.19538 -0.0508817 0.00198061 0.998703 0.453407 0 0 0 1 
4215528470039;0.797747;0.804491;100;0.993331 -0.0959909 -0.0638713 0.0992094 0.0768758 0.964254 -0.253582 -0.804851 0.0859297 0.24698 0.965203 -1.72611 0 0 0 1 
4215528470040;0.689028;0.0880144;100;0.938998 -0.312608 -0.143384 2.61444 0.329182 0.937668 0.111437 -2.5004 0.0996108 -0.151838 0.983373 -0.291606 0 0 0 1 
4215528470041;0.231676;0.0230052;100;0.946182 -0.125781 -0.298194 1.55879 0.0855875 0.985831 -0.144261 -0.559426 0.312114 0.110976 0.943541 -3.378 0 0 0 1 
4215528470042;0.841266;0.0611251;100;0.981813 -0.171167 0.0821286 1.43182 0.159265 0.978041 0.134426 -1.08169 -0.103335 -0.118901 0.987514 1.3553 0 0 0 1 
4215528470043;0.639843;0.0306242;100;0.972205 0.229948 -0.0440531 -0.984817 -0.230204 0.973142 -0.00076085 2.76136 0.0426949 0.0108809 0.999029 -0.465762 0 0 0 1 
4215528470044;0.994474;0.0504785;100;0.9999 -0.00313798 0.0137555 0.0635457 0.00327953 0.999942 -0.0102801 -0.0492654 -0.0137225 0.0103242 0.999853 -0.783637 0 0 0 1 
4215528470045;0.386524;0.0605406;100;0.996294 -0.00668399 0.0857493 -0.0789658 -0.035067 0.878783 0.475931 0.342304 -0.0785362 -0.477175 0.875292 3.40326 0 0 0 1 
4215528470046;1.07289;0.0423686;100;0.968746 0.159654 -0.189844 -0.219994 -0.148785 0.986369 0.0702807 1.37399 0.198477 -0.0398381 0.979296 -0.725297 0 0 0 1 
4215528470047;0.459821;0.0985584;100;0.968541 0.208685 0.135568 -1.12695 -0.200175 0.976978 -0.0737827 2.25132 -0.147844 0.0443243 0.988017 1.01979 0 0 0 1 
4215528470048;0.649857;0.0380484;100;0.995683 0.0927775 0.00259816 -1.03814 -0.0927839 0.995683 0.00243719 0.875945 -0.00236083 -0.00266773 0.999994 0.0841562 0 0 0 1 
4215528470049;0.633618;0.0472645;100;0.99191 -0.11075 -0.0620339 0.91562 0.119519 0.979452 0.162448 -1.14361 0.0427681 -0.168548 0.984765 1.02381 0 0 0 1 
4215528470050;0.671958;0.687068;100;0.994514 0.0967138 -0.0398447 -0.771327 -0.0957957 0.995103 0.0243459 0.475627 0.0420042 -0.0203954 0.998909 -0.80132 0 0 0 1 
4215528470051;0.865997;1.006;100;0.997726 -0.00426158 -0.0672713 -0.0333904 -0.00814291 0.98307 -0.183047 0.152927 0.0669125 0.183179 0.9808 -2.17416 0 0 0 1 
4215528470052;0.470145;0.100799;100;0.988962 0.145687 -0.0270113 -0.946482 -0.146689 0.98838 -0.0398391 1.4472 0.0208934 0.0433616 0.998841 -0.501288 0 0 0 1 
4215528470053;1.01323;0.0908516;100;0.990364 0.0583864 0.125575 -0.375338 -0.0447897 0.993087 -0.108497 0.333858 -0.131042 0.101827 0.986133 -0.193039 0 0 0 1 
4215528470054;0.877545;0.0602218;100;0.971195 0.238212 0.00588132 -1.41272 -0.238245 0.971188 0.00568421 2.18124 -0.00435782 -0.00692167 0.999967 -0.530546 0 0 0 1 
4215528470055;0.503431;0.049029;100;0.99717 -0.0217232 0.0719782 -0.0232304 0.0305567 0.991812 -0.123994 0.233196 -0.0686953 0.125842 0.989669 0.104518 0 0 0 1 
4215528470056;0.338949;0.0422254;100;0.950771 -0.300452 0.075913 2.09042 0.309011 0.937657 -0.159094 -2.37018 -0.0233803 0.17472 0.984341 -0.817238 0 0 0 1 
4215528470057;0.60477;0.0450756;100;0.999512 -0.0255462 0.0179518 0.107828 0.0249916 0.999223 0.0304671 -0.253483 -0.0187162 -0.0300036 0.999375 -0.192236 0 0 0 1 
4215528470058;0.117082;0.0513624;100;0.992874 -0.118596 0.0116943 0.711127 0.11875 0.992833 -0.0134368 -1.06992 -0.0100169 0.0147297 0.999841 -0.0270212 0 0 0 1 
4215528470059;0.289428;0.701722;100;0.997773 -0.0426806 -0.0512595 0.035578 0.0375302 0.994523 -0.0975464 -0.587087 0.0551421 0.0954054 0.99391 -1.1928 0 0 0 1 
4215528470060;0.876862;0.745213;100;0.959153 0.130945 -0.250758 -0.0332615 -0.108476 0.988906 0.101483 0.559483 0.261265 -0.0701366 0.962716 -2.49469 0 0 0 1 
4215528470062;1.03489;0.415695;100;0.946606 -0.197594 0.254742 1.01964 0.251658 0.946761 -0.200779 -2.89858 -0.201507 0.254166 0.945936 2.56888 0 0 0 1 
4215528470063;0.150783;0.0285995;100;0.990423 0.109406 0.0842188 -0.437081 -0.115554 0.990692 0.0719486 1.52187 -0.0755633 -0.0809914 0.993846 1.33429 0 0 0 1 
4215528470064;1.26892;0.37352;100;0.964977 0.221887 -0.139949 0.0288237 -0.207951 0.972207 0.107562 2.95211 0.159926 -0.0746924 0.984299 -2.71639 0 0 0 1 
4215528470065;0.672821;0.0663853;100;0.997756 -0.0655354 0.0137041 -0.040429 0.0659672 0.997247 -0.0338709 -0.95428 -0.0114467 0.0346989 0.999332 -0.282501 0 0 0 1 
4215528470066;0.971407;0.0782505;100;0.976229 -0.0481666 0.211321 0.118813 0.128998 0.912626 -0.387909 -0.885225 -0.174173 0.405948 0.897145 1.76937 0 0 0 1 
4215528470067;0.479383;1.26683;100;0.993869 0.0988907 0.0494551 -0.938909 -0.0879417 0.978119 -0.188543 1.85245 -0.0670182 0.183038 0.980819 0.27951 0 0 0 1 
4215528470068;1.75898;1.46459;100;0.976841 0.213316 0.0166868 -0.540284 -0.213753 0.969398 0.120737 3.59075 0.00957898 -0.121508 0.992544 0.0473766 0 0 0 1 
4215528470069;1.1695;0.105396;100;0.971497 -0.235338 0.0284554 1.126 0.230879 0.966572 0.111505 -3.39392 -0.0537454 -0.101757 0.993356 1.80952 0 0 0 1 
4215528470070;0.627154;0.128828;100;0.999683 -0.0217817 0.0126003 0.00326312 0.0213606 0.999239 0.0326438 -0.206219 -0.0133018 -0.0323643 0.999388 0.0157751 0 0 0 1 
4215528470071;1.13782;0.118545;100;0.979769 -0.0852499 -0.181065 1.13898 0.102052 0.99109 0.0855875 -1.26315 0.172156 -0.102334 0.97974 -2.59439 0 0 0 1 
4215528470072;1.12233;0.142675;100;0.993163 0.114972 -0.0202396 -0.740194 -0.114905 0.993367 0.00443745 1.19182 0.0206155 -0.00208148 0.999785 0.0279524 0 0 0 1 
4215528470073;0.253366;0.014623;100;0.956422 -0.102672 0.273342 0.364942 0.177628 0.947581 -0.265591 -1.76359 -0.231745 0.30257 0.924524 2.42176 0 0 0 1 
4215528470074;0.891847;0.0218806;100;0.925001 0.205763 -0.31943 0.99578 -0.129842 0.961247 0.243199 1.38095 0.357092 -0.183484 0.915871 -4.74079 0 0 0 1 
4215528470075;0.661748;0.213207;100;0.993126 0.0966228 0.0660728 -0.419705 -0.0951421 0.995144 -0.025208 1.47317 -0.0681877 0.0187484 0.997496 1.25904 0 0 0 1 
4215528470076;1.55682;0.054044;100;0.999927 -0.00581743 -0.0105903 -0.114012 0.0057752 0.999975 -0.00401324 0.148274 0.0106134 0.00395178 0.999936 -1.05893 0 0 0 1 
4215528470077;0.434483;1.17257;100;0.967264 -0.253765 -0.00197222 0.665039 0.253669 0.967063 -0.021019 -3.10102 0.00724114 0.0198306 0.999777 -0.371909 0 0 0 1 
4215528470078;1.12372;0.887323;100;0.953382 -0.151896 0.26075 0.478464 0.140884 0.988174 0.060531 -2.36571 -0.26686 -0.0209738 0.963507 3.92472 0 0 0 1 
4215528470079;1.36039;1.33246;100;0.992215 0.0161414 0.123487 -0.839244 0.00124646 0.990228 -0.139451 -0.173412 -0.124532 0.138519 0.982499 1.46035 0 0 0 1 
4215528470080;1.57691;0.0307455;100;0.972028 0.20123 -0.12111 -0.150885 -0.178869 0.968449 0.173527 3.21379 0.152208 -0.14701 0.977354 -1.4365 0 0 0 1 
4215528470081;1.29705;1.45114;100;0.964161 0.265283 0.00427652 -0.869413 -0.265048 0.962332 0.0605474 4.41164 0.0119468 -0.0595109 0.998156 0.0421639 0 0 0 1 
4215528470082;0.754436;0.0392666;100;0.994318 -0.0789309 -0.0714236 0.630062 0.0686795 0.988315 -0.136079 -0.990234 0.0813298 0.1304 0.98812 -1.31504 0 0 0 1 
4215528470083;1.36137;0.284646;100;0.991383 0.0878438 0.0971796 -0.537525 -0.0774233 0.991321 -0.10625 1.5431 -0.10567 0.0978101 0.989579 1.95788 0 0 0 1 
4215528470084;1.66015;0.0640122;100;0.951312 -0.261187 -0.163665 1.08979 0.256963 0.965285 -0.0468512 -3.60599 0.170221 0.00251413 0.985403 -2.87635 0 0 0 1 
4215528470085;1.13067;0.0502541;100;0.998667 -0.0442344 -0.0266053 -0.098007 0.0466024 0.994271 0.0961918 -1.11832 0.0221979 -0.0973034 0.995007 0.586165 0 0 0 1 
4215528470086;1.1632;1.21692;100;0.926198 0.00283326 0.377028 0.0940324 -0.0111589 0.99974 0.0199 -0.160405 -0.376873 -0.0226385 0.925988 5.58701 0 0 0 1 
4215528470087;0.757202;1.00339;100;0.997277 0.00685293 0.0734267 -0.492942 0.00104868 0.994254 -0.107037 0.21685 -0.0737384 0.106823 0.99154 0.862668 0 0 0 1 
4215528470088;1.28516;0.0429476;100;0.988274 -0.151664 -0.0176592 0.902753 0.151728 0.98842 0.00232186 -2.36102 0.0171026 -0.00497404 0.999841 0.479681 0 0 0 1 
4215528470089;0.703952;0.727896;100;0.995664 0.0818613 -0.0441774 -0.504439 -0.080878 0.996444 0.0236078 1.34467 0.0459529 -0.0199325 0.998745 -0.289601 0 0 0 1 
4215528470090;1.03548;0.0372238;100;0.937644 -0.189357 0.291493 0.616854 0.280881 0.906762 -0.314466 -3.1664 -0.204769 0.376732 0.903406 1.35208 0 0 0 1 
4215528470091;1.49069;1.30529;100;0.993495 0.108276 0.0352666 -0.288473 -0.110723 0.990863 0.0770134 1.53922 -0.0266057 -0.0804173 0.996406 0.720422 0 0 0 1 
4215528470093;0.435815;0.544238;100;0.969464 -0.240546 -0.047718 0.837319 0.244721 0.936362 0.251672 -0.601221 -0.0158575 -0.255664 0.966636 0.281167 0 0 0 1 
4215528470094;0.626818;0.0424132;100;0.999158 0.0392163 0.0120707 -0.0930837 -0.0387381 0.998542 -0.0375812 0.172424 -0.0135269 0.0370819 0.999221 -0.642921 0 0 0 1 
4215528470095;0.64508;0.615452;100;0.959398 -0.28125 -0.0212962 1.07012 0.280144 0.958951 -0.0439583 -0.651766 0.0327853 0.0362076 0.998806 -0.355456 0 0 0 1 
4215528470096;0.715932;0.0387593;100;0.993699 -0.111897 0.0064942 -0.0571996 0.112049 0.993188 -0.0319672 -0.989697 -0.00287292 0.0324935 0.999468 -0.353731 0 0 0 1 
4215528470097;0.899584;0.66504;100;0.966053 -0.254688 0.0433115 0.603574 0.258282 0.948478 -0.183521 -0.429446 0.00566042 0.188477 0.982061 0.346525 0 0 0 1 
4215528470098;0.598276;0.0264882;100;0.984972 -0.12864 0.115244 0.261088 0.104841 0.975594 0.192937 -0.735441 -0.13725 -0.177956 0.97442 0.101478 0 0 0 1 
4215528470099;0.333474;0.0107291;100;0.970563 0.0417753 -0.237197 0.0942547 0.0588113 0.913923 0.401604 -0.174357 0.233557 -0.403732 0.884563 -0.446837 0 0 0 1 
4215528470100;0.645112;0.0349774;100;0.999701 -0.0244307 -0.000245765 -0.0183653 0.0244294 0.999692 -0.00429416 -0.0708306 0.000350598 0.00428688 0.999991 -0.6973 0 0 0 1 
4215528470101;0.802084;0.0308375;100;0.999376 -0.00980742 0.0339314 0.737219 0.0118382 0.998118 -0.0601754 0.166731 -0.0332773 0.0605395 0.997611 0.378014 0 0 0 1 
4215528470102;0.571321;0.0320788;100;0.999839 -0.0168671 0.00606988 -0.180335 0.0171272 0.998808 -0.045706 0.205232 -0.00529171 0.0458026 0.998936 -0.528491 0 0 0 1 
4215528470103;0.118159;0.018099;100;0.98931 -0.145699 -0.0062051 0.0843758 0.145732 0.98931 0.00521799 -0.399283 0.00537852 -0.00606649 0.999967 -0.012539 0 0 0 1 
4215528470104;0.483078;0.0176746;100;0.959522 -0.0140806 0.281283 0.175996 -0.0118023 0.995862 0.0901119 -0.291243 -0.281388 -0.0897841 0.955385 1.15519 0 0 0 1 
4215528470105;0.856272;0.428405;100;0.960422 0.124915 0.248968 -0.365478 -0.068202 0.972058 -0.224614 0.290079 -0.270069 0.198744 0.942106 0.615662 0 0 0 1 
4215528470106;0.960069;0.0203475;100;0.992966 -0.0898923 0.0770522 0.682182 0.0863993 0.995126 0.0475333 -0.783993 -0.0809495 -0.0405417 0.995893 0.816381 0 0 0 1 
4215528470107;0.403602;0.435986;100;0.93801 0.174368 -0.299555 0.432384 -0.174793 0.984272 0.0255993 0.910456 0.299308 0.0283477 0.953735 -0.99135 0 0 0 1 
4215528470108;0.717513;0.0247943;100;0.991919 0.126743 -0.00582924 0.491294 -0.126871 0.99039 -0.0550668 -0.155754 -0.00120609 0.0553613 0.998466 0.0711317 0 0 0 1 
4215528470109;0.671253;0.112876;100;0.977944 -0.208865 0.00032887 0.288808 0.208864 0.977934 -0.00461342 -0.524272 0.000641969 0.00458036 0.999989 0.638302 0 0 0 1 
4215528470110;0.085073;0.0314967;100;0.999648 0.0264087 0.00270995 -0.038292 -0.0263871 0.999622 -0.00770155 0.06902 -0.00291231 0.00762733 0.999967 -0.0859717 0 0 0 1 
4215528470111;0.687198;0.0261575;100;0.998486 0.00360922 0.05489 -0.157079 -0.00691816 0.998162 0.060213 0.00383175 -0.0545718 -0.0605016 0.996675 0.894383 0 0 0 1 
4215528470112;0.990082;0.141126;100;0.976702 0.214522 0.00583662 0.155243 -0.212925 0.965323 0.151044 0.775848 0.026768 -0.148768 0.98851 0.970556 0 0 0 1 
4215528470113;0.115928;0.0254907;100;0.998509 0.0545583 -0.00188466 -0.0879893 -0.0545624 0.998508 -0.00216841 0.200047 0.00176354 0.00226801 0.999996 -0.0276836 0 0 0 1 
4215528470114;0.310906;0.0325267;100;0.999989 -0.00284759 0.00378372 -0.21229 0.00286269 0.999988 -0.003992 -0.0295064 -0.0037723 0.00400279 0.999985 -0.269241 0 0 0 1 
4215528470115;0.363564;0.0172176;100;0.99148 0.130032 0.00768344 0.272698 -0.128892 0.987891 -0.0863607 0.42783 -0.01882 0.0846346 0.996234 -0.0153662 0 0 0 1 
4215528470116;0.348278;0.406187;100;0.90312 -0.264133 0.338539 0.693837 0.200409 0.956567 0.211697 -0.308996 -0.379752 -0.123341 0.916829 1.01119 0 0 0 1 
4215528470117;0.290367;0.130433;100;0.985199 0.154919 -0.0733653 -0.104103 -0.160732 0.98364 -0.0813464 0.41472 0.0595629 0.0919345 0.993982 -0.14805 0 0 0 1 
4215528470118;0.65787;0.0150171;100;0.996205 0.0751154 0.043961 0.161923 -0.0716105 0.994495 -0.0765011 -0.272314 -0.0494654 0.0730628 0.9961 -0.354906 0 0 0 1 
4215528470119;0.205525;0.0120463;100;0.992447 -0.0806122 0.0924724 0.0573388 0.0902875 0.990288 -0.105721 -0.0974098 -0.0830519 0.113272 0.990087 0.213267 0 0 0 1 
4215528470120;0.310799;0.0231636;100;0.991809 -0.043434 -0.120115 0.0704295 0.0812147 0.940271 0.330599 -0.344089 0.0985811 -0.337646 0.936097 -0.0423353 0 0 0 1 
4215528470121;0.660347;0.01942;100;0.93885 -0.0351667 0.342525 0.23118 0.15275 0.934066 -0.322783 -0.501713 -0.308589 0.355365 0.88232 1.19007 0 0 0 1 
4215528470122;0.789381;0.519114;100;0.973676 0.122206 0.192407 0.0172185 -0.141836 0.985629 0.0917457 0.432376 -0.17843 -0.116621 0.977017 0.00159706 0 0 0 1 
4215528470124;0.80876;0.0224499;100;0.948595 0.0640775 0.309938 0.305209 -0.00285035 0.98098 -0.194087 0.645964 -0.31648 0.183226 0.930736 0.754213 0 0 0 1 
4215528470125;0.139303;0.0193247;100;0.990529 -0.0560716 -0.125334 0.214756 0.0390927 0.990204 -0.134041 -0.216034 0.131622 0.127872 0.983018 -0.878513 0 0 0 1 
4215528470126;0.0966618;0.0373615;100;0.995271 -0.0712076 -0.0660685 0.17711 0.0721807 0.997314 0.0124573 -0.307375 0.065004 -0.0171673 0.997737 -0.27546 0 0 0 1 
4215528470127;0.789796;0.0196865;100;0.997496 -0.0706833 0.00240564 -0.195443 0.0706827 0.997499 0.000365668 -0.210934 -0.00242547 -0.000194716 0.999997 0.662084 0 0 0 1 
4215528470128;0.207096;0.0532237;100;0.998674 0.0433671 0.0277432 -0.114675 -0.043256 0.999053 -0.00459168 0.247724 -0.027916 0.00338553 0.999605 -0.0747466 0 0 0 1 
4215528470129;0.938911;0.0488109;100;0.999902 0.0106125 0.00909475 -0.129721 -0.0105638 0.99993 -0.00538792 0.351972 -0.00915128 0.00529132 0.999944 0.875659 0 0 0 1 
4215528470130;0.991785;0.0299144;100;0.982091 -0.0667514 -0.176184 -0.292051 0.0905358 0.987291 0.13061 -1.06966 0.165227 -0.144222 0.975654 -0.135848 0 0 0 1 
4215528470131;0.387282;0.0447722;100;0.988132 -0.153577 0.00301105 0.133498 0.153582 0.988135 -0.00154426 -0.397065 -0.00273816 0.00198838 0.999994 -0.0845397 0 0 0 1 
4215528470132;0.92999;0.728558;100;0.992227 -0.121176 0.0283296 -0.0779541 0.122057 0.992014 -0.0317762 -0.371844 -0.0242529 0.034987 0.999093 -0.77968 0 0 0 1 
4215528470133;0.555582;0.447599;100;0.9569 0.288247 -0.0354274 -0.44274 -0.288426 0.928986 -0.231937 1.22279 -0.0339436 0.232159 0.972085 -0.566484 0 0 0 1 
4215528470134;0.99593;0.0242228;100;0.963348 0.0815965 0.255542 0.332863 -0.0961717 0.994345 0.0450484 0.878357 -0.250421 -0.0679733 0.965748 0.505822 0 0 0 1 
4215528470135;1.17319;0.0209319;100;0.979256 0.18608 0.0802003 -0.971938 -0.13371 0.890815 -0.434246 1.30421 -0.152248 0.414514 0.897217 0.415922 0 0 0 1 
4215528470136;0.830588;0.79821;100;0.998611 -0.00586792 0.0523583 -0.00425913 -0.00980669 0.95571 0.294148 0.121875 -0.0517654 -0.294253 0.954325 0.936332 0 0 0 1 
4215528470137;0.395265;0.0538246;100;0.984489 -0.159533 0.0730153 0.476872 0.110692 0.887667 0.446985 -0.301295 -0.136122 -0.431969 0.891557 1.73571 0 0 0 1 
4215528470138;1.02893;0.0284543;100;0.981914 0.174185 -0.0741914 0.600173 -0.164187 0.978551 0.124423 1.06643 0.0942726 -0.109991 0.989452 -0.380877 0 0 0 1 
4215528470139;0.649753;0.417168;100;0.972403 -0.209891 -0.10187 0.0320327 0.182539 0.956381 -0.228069 -0.707716 0.145296 0.20318 0.968301 -0.677914 0 0 0 1 
4215528470140;0.360307;0.050125;100;0.898591 -0.0825093 0.43096 0.546039 0.114541 0.992216 -0.0488632 -0.513989 -0.423573 0.0932704 0.901047 1.76498 0 0 0 1 
4215528470141;0.657293;0.0195823;100;0.99824 0.0167981 -0.0568687 -0.638658 -0.0179188 0.999654 -0.0192551 0.00103961 0.0565256 0.0202403 0.998196 -0.408535 0 0 0 1 
4215528470142;0.724166;0.0340859;100;0.993568 0.113217 0.00225821 -0.203074 -0.113084 0.993054 -0.032485 -0.0700422 -0.00592036 0.0320206 0.99947 0.2518 0 0 0 1 
4215528470143;0.681426;0.0783466;100;0.945225 0.113193 -0.306166 -0.392131 -0.0367147 0.968865 0.244851 0.343374 0.324349 -0.220199 0.919951 -1.20789 0 0 0 1 
4215528470144;0.404104;0.0292621;100;0.996696 -0.0805089 -0.0107096 -0.0525103 0.0808955 0.99581 0.0426464 -0.0392995 0.00723132 -0.0433719 0.999033 -0.00766306 0 0 0 1 
4215528470145;0.189223;0.012863;100;0.997523 -0.0590985 -0.0381426 0.149934 0.0458729 0.957682 -0.284151 -0.0666107 0.0533213 0.281697 0.958021 -0.891128 0 0 0 1 
4215528470146;0.235131;0.0134852;100;0.991365 0.0455507 0.122968 -0.206919 -0.0443714 0.998939 -0.0123128 0.131502 -0.123398 0.00675017 0.992334 0.624522 0 0 0 1 
4215528470147;0.605051;0.0176688;100;0.999504 -0.00614535 -0.030896 -0.448342 0.00621145 0.999979 0.00204378 -0.244066 0.0308828 -0.00223468 0.999521 -0.428649 0 0 0 1 
4215528470148;0.594371;0.0222923;100;0.90712 -0.177662 0.381537 0.886228 0.115595 0.976845 0.180035 -0.675188 -0.404687 -0.119209 0.906652 2.44576 0 0 0 1 
4215528470149;0.787506;0.0841135;100;0.999886 -0.0104298 0.0109356 0.3045 0.0102627 0.999831 0.0152261 -0.673158 -0.0110925 -0.0151121 0.999824 0.0345812 0 0 0 1 
4215528470150;0.616542;0.0545909;100;0.961719 0.206448 0.18021 -0.26465 -0.203989 0.978441 -0.0322806 0.989327 -0.182989 -0.00571591 0.983098 1.32658 0 0 0 1 
4215528470151;0.660847;1.15275;100;0.999771 0.000967835 0.0213961 -0.0724554 0.00111521 0.995271 -0.0971306 0.799568 -0.0213889 0.0971321 0.995042 -0.376355 0 0 0 1 
4215528470152;0.936036;0.0143553;100;0.966377 0.227646 0.119551 -0.352728 -0.229982 0.973177 0.0059351 1.13613 -0.114993 -0.0332301 0.99281 -0.274816 0 0 0 1 
4215528470153;0.43556;0.438825;100;0.974829 -0.204873 -0.0879572 0.304909 0.189004 0.96862 -0.161409 -0.785003 0.118265 0.140722 0.98296 -0.921878 0 0 0 1 
4215528470155;0.767559;0.0341908;100;0.977449 0.211091 0.00591721 -0.263084 -0.210902 0.974386 0.0780554 1.56108 0.0107111 -0.0775431 0.996931 -0.19655 0 0 0 1 
4215528470156;0.534127;0.0127617;100;0.955213 0.0972762 -0.279473 0.158139 -0.0684147 0.991434 0.111253 0.159671 0.287902 -0.0871506 0.953686 -1.40545 0 0 0 1 
4215528470157;0.770434;0.274111;100;0.935885 0.334201 0.111487 -0.288224 -0.321302 0.939468 -0.119017 1.42997 -0.144514 0.0755654 0.986613 1.14081 0 0 0 1 
4215528470158;0.945303;0.0278587;100;0.92978 0.356274 -0.0926142 -0.427744 -0.336234 0.924355 0.180319 1.81366 0.149851 -0.136517 0.979238 -1.06394 0 0 0 1 
4215528470159;0.28795;0.0686858;100;0.988045 -0.150731 -0.0323606 0.119816 0.150069 0.988431 -0.0219984 -0.498035 0.035302 0.016879 0.999234 0.118963 0 0 0 1 
4215528470160;0.771203;0.0263611;100;0.995195 -0.0888365 -0.0411724 -0.445761 0.0878537 0.995817 -0.0250995 -0.632656 0.0432299 0.0213618 0.998837 -0.832778 0 0 0 1 
4215528470161;0.233784;0.0197386;100;0.981357 0.146433 0.124478 -0.238791 -0.145156 0.98922 -0.0193149 0.606102 -0.125965 0.000886002 0.992034 0.346175 0 0 0 1 
4215528470162;0.571431;0.0389829;100;0.996628 0.0192158 0.0797757 -0.681951 -0.0324529 0.985233 0.168115 0.0674208 -0.0753672 -0.170137 0.982534 0.671072 0 0 0 1 
4215528470163;0.611739;0.0260791;100;0.995163 -0.0875883 0.0444865 -0.0829123 0.0887551 0.995741 -0.0249628 -0.0520086 -0.0421106 0.0287905 0.998698 0.787271 0 0 0 1 
4215528470164;0.552648;0.0351013;100;0.994692 -0.0955363 0.0382283 0.241429 0.0962708 0.995195 -0.0178531 -0.934535 -0.036339 0.0214386 0.99911 0.15834 0 0 0 1 
4215528470165;0.294545;0.0204085;100;0.998846 0.0303983 -0.0371818 -0.10169 -0.0296767 0.999363 0.0198067 0.443402 0.0377602 -0.0186804 0.999112 -0.21486 0 0 0 1 
4215528470166;0.624564;0.181814;100;0.939548 0.341462 0.0255547 0.26508 -0.338466 0.937421 -0.0817417 1.21809 -0.0518673 0.0681509 0.996326 -0.183397 0 0 0 1 
4215528470167;0.723593;0.0128324;100;0.996207 0.0870099 -0.000553349 -0.29304 -0.0868333 0.993738 -0.0703155 0.515451 -0.00556827 0.0700969 0.997525 0.789246 0 0 0 1 
4215528470168;0.682452;0.0331524;100;0.895421 0.277893 -0.347846 0.120409 -0.241565 0.959531 0.144731 0.96772 0.373989 -0.0455679 0.926313 -0.488702 0 0 0 1 
4215528470169;0.452691;0.0220088;100;0.984493 0.166406 -0.0555214 -0.197105 -0.159124 0.98034 0.116671 0.585583 0.0738447 -0.106027 0.991617 -0.604595 0 0 0 1 
4215528470170;0.927037;0.00624837;100;0.972926 0.192998 -0.127151 -0.564612 -0.124012 0.900191 0.417464 1.13243 0.19503 -0.390393 0.899753 -0.804253 0 0 0 1 
4215528470171;0.544194;0.0150816;100;0.889034 0.124889 -0.440478 0.698915 -0.21578 0.962821 -0.162528 1.04698 0.403803 0.239539 0.882929 -1.74639 0 0 0 1 
4215528470172;0.700934;0.022106;100;0.890833 0.153287 0.427692 -0.367777 -0.124008 0.987657 -0.0956864 0.0544498 -0.43708 0.0322031 0.898846 1.73323 0 0 0 1 
4215528470173;0.534414;0.0173187;100;0.972139 0.150378 -0.17981 0.112928 -0.154673 0.987915 -0.010028 0.82201 0.176129 0.0375602 0.98365 -1.12116 0 0 0 1 
4215528470174;0.297039;0.0168698;100;0.996722 0.0763514 0.0267425 -0.121458 -0.0798361 0.981744 0.17264 0.250404 -0.013073 -0.174209 0.984622 -0.0819453 0 0 0 1 
4215528470175;0.347703;0.0196573;100;0.95622 0.218283 0.194927 -0.188568 -0.276415 0.892429 0.356602 0.865673 -0.096119 -0.394871 0.913695 0.546095 0 0 0 1 
4215528470176;0.75672;0.504689;100;0.945643 -0.0269758 0.324085 -0.292876 0.0963258 0.975069 -0.199906 0.683514 -0.310612 0.220258 0.924666 0.49467 0 0 0 1 
4215528470177;0.756848;0.0153598;100;0.987885 0.155148 -0.00339341 0.0541234 -0.147302 0.944359 0.294087 0.663601 0.0488317 -0.290025 0.955773 -0.681588 0 0 0 1 
4215528470178;0.523311;0.534269;100;0.984903 -0.0524618 -0.164969 -0.430539 0.0381509 0.995323 -0.0887537 -0.0518105 0.168853 0.08112 0.982297 -0.868344 0 0 0 1 
4215528470179;0.41696;0.0242666;100;0.925635 0.318966 -0.203618 0.0287437 -0.253009 0.921777 0.293793 1.00543 0.2814 -0.220428 0.93393 -0.738604 0 0 0 1 
4215528470180;0.591922;0.0323847;100;0.931961 0.350517 -0.0926608 -0.112256 -0.347526 0.936482 0.0471807 1.41164 0.103313 -0.0117686 0.994579 -0.849878 0 0 0 1 
4215528470181;0.100371;0.0381352;100;0.996766 0.0767301 -0.023877 -0.0396887 -0.0732368 0.98969 0.123089 0.284756 0.0330755 -0.120942 0.992108 0.00740812 0 0 0 1 
4215528470182;0.852078;0.641806;100;0.991914 -0.0442101 -0.118959 -0.16447 0.0475013 0.998559 0.0249743 0.442863 0.117683 -0.030423 0.992585 -1.26431 0 0 0 1 
4215528470183;0.165427;0.0118302;100;0.999047 -0.00710702 0.0430564 0.126605 0.0118313 0.993808 -0.110483 -0.012831 -0.0420046 0.110888 0.992945 0.130755 0 0 0 1 
4215528470184;0.841318;0.0199687;100;0.883454 -0.0816921 -0.461341 0.230821 0.0273244 0.991989 -0.123331 0.373626 0.46772 0.0963517 0.878609 -2.39424 0 0 0 1 
4215528470186;0.933251;0.628647;100;0.999803 0.00343121 0.0195734 -0.106497 -0.00529568 0.995366 0.0960143 0.0726246 -0.0191532 -0.096099 0.995187 -0.54483 0 0 0 1 
4215528470187;0.872934;0.0348913;100;0.960751 -0.128441 -0.245886 0.0265381 0.0635496 0.96469 -0.255608 -0.248593 0.270034 0.229949 0.934989 -2.30192 0 0 0 1 
4215528470188;0.636802;0.0225334;100;0.990812 0.13317 -0.0236092 -0.64117 -0.135246 0.975237 -0.174989 0.432283 -0.000278686 0.176574 0.984287 0.0461767 0 0 0 1 
4215528470189;0.616608;0.0183058;100;0.908784 0.19713 0.367766 0.247421 -0.133105 0.972278 -0.192246 0.78504 -0.395468 0.125759 0.90983 1.76696 0 0 0 1 
4215528470190;0.721491;0.0181504;100;0.997364 0.069607 0.0204969 -0.513024 -0.0692771 0.997463 -0.0163904 0.0878234 -0.0215858 0.0149272 0.999656 -0.520455 0 0 0 1 
4215528470191;0.988569;0.0244913;100;0.963637 0.265539 0.0298721 -0.537961 -0.267037 0.96103 0.0715037 1.49615 -0.00972098 -0.0768806 0.996993 1.05109 0 0 0 1 
4215528470192;0.483071;0.0800109;100;0.961475 0.267421 0.0636475 -0.448478 -0.258973 0.958832 -0.116509 0.778862 -0.0921842 0.0955375 0.991148 0.246801 0 0 0 1 
4215528470193;1.00219;0.62287;100;0.993844 -0.00955844 0.110378 0.217905 -6.58176e-07 0.996271 0.08628 -0.536221 -0.110792 -0.0857489 0.990138 1.15098 0 0 0 1 
4215528470194;0.574823;0.0741491;100;0.919173 0.261587 -0.294437 -0.357901 -0.332241 0.916458 -0.22298 1.86594 0.21151 0.302781 0.929294 -1.72615 0 0 0 1 
4215528470195;0.262201;0.0207183;100;0.979223 0.202775 -0.00207358 -0.31816 -0.202588 0.978669 0.0341377 1.01601 0.00895162 -0.0330084 0.999415 0.124871 0 0 0 1 
4215528470196;0.705585;0.0364926;100;0.995866 0.0838334 0.0349838 -0.12032 -0.0867098 0.992071 0.0909749 0.654892 -0.0270797 -0.0936322 0.995239 0.939342 0 0 0 1 
4215528470197;0.958351;0.715235;100;0.964165 -0.148117 -0.220106 -0.174776 0.131388 0.987339 -0.088872 -0.423982 0.230483 0.0567679 0.971419 -0.472559 0 0 0 1 
4215528470198;0.657229;0.0314494;100;0.990526 0.0393311 -0.131572 0.455719 -0.033023 0.998214 0.0497878 0.485303 0.133295 -0.0449712 0.990056 -0.63558 0 0 0 1 
4215528470199;0.280312;0.0344749;100;0.955717 0.0129405 0.294004 0.206626 -0.0823925 0.970845 0.225102 0.593193 -0.282519 -0.239357 0.928919 1.58801 0 0 0 1 
4215528470200;0.717676;0.0701642;100;0.948526 0.27212 -0.162018 -0.840945 -0.250941 0.957871 0.139687 0.73787 0.193204 -0.0918401 0.976851 -0.465663 0 0 0 1 
4215528470201;0.269494;0.0148578;100;0.998618 -0.0198685 0.048647 -0.0295869 0.0209284 0.999552 -0.0213759 0.13522 -0.0482005 0.0223644 0.998587 0.292073 0 0 0 1 
4215528470202;0.839096;0.7278;100;0.949549 -0.12218 0.288842 -0.250215 0.0956994 0.989947 0.104142 -0.722904 -0.298662 -0.0712462 0.951696 0.682433 0 0 0 1 
4215528470203;0.446878;0.34308;100;0.935622 0.352928 0.00737246 -0.739781 -0.352752 0.935538 -0.0183219 1.75846 -0.0133635 0.0145417 0.999805 0.0656165 0 0 0 1 
4215528470204;0.245546;0.311348;100;0.98881 -0.148842 -0.010012 0.122411 0.148675 0.988761 -0.0157409 -0.451915 0.0122424 0.0140763 0.999826 -0.0774841 0 0 0 1 
4215528470205;0.862633;0.0232704;100;0.999414 0.0339494 -0.00446008 -0.131784 -0.0339404 0.999422 0.00209569 -0.0175481 0.00452865 -0.00194308 0.999988 0.826765 0 0 0 1 
4215528470206;0.412937;0.0515401;100;0.97546 0.217707 0.032878 -0.406743 -0.217809 0.932319 0.288688 0.765042 0.0321965 -0.288765 0.956859 0.292697 0 0 0 1 
4215528470207;0.79837;0.0129967;100;0.997914 0.0606888 -0.022009 0.358721 -0.0442978 0.891731 0.450394 0.0181312 0.04696 -0.448479 0.892559 0.289654 0 0 0 1 
4215528470208;0.797346;0.46783;100;0.995274 -0.0903004 0.0357278 -0.193209 0.0790597 0.96708 0.241879 -0.262989 -0.0563934 -0.237911 0.969648 1.41698 0 0 0 1 
4215528470209;0.744174;0.0396644;100;0.999623 0.0196895 -0.0191575 -0.113176 -0.0201372 0.999522 -0.0234654 0.314885 0.0186863 0.0238423 0.999541 0.564064 0 0 0 1 
4215528470210;0.00963021;0.0366504;100;0.99998 -0.00485487 0.00406433 0.0323863 0.00486498 0.999985 -0.00248013 0.00408819 -0.00405223 0.00249985 0.999989 -0.00680756 0 0 0 1 
4215528470211;0.575999;0.0244858;100;0.983298 0.156696 -0.0925787 0.00738327 -0.153025 0.987172 0.0455402 0.623537 0.0985271 -0.0306128 0.994663 -0.835612 0 0 0 1 
4215528470212;0.0961837;0.0287801;100;0.999356 -0.0345675 -0.00967075 0.0708381 0.0329758 0.990561 -0.133048 -0.0726615 0.0141786 0.132643 0.991062 -0.290787 0 0 0 1 
4215528470213;0.289621;0.0322142;100;0.942297 0.150694 -0.298944 -0.101861 -0.234569 0.93431 -0.268406 1.17677 0.238859 0.323041 0.915746 -1.63478 0 0 0 1 
4215528470214;0.573067;0.0520919;100;0.99685 -0.0641401 -0.0466433 0.3792 0.0665096 0.996473 0.0511591 -0.274913 0.0431975 -0.0541002 0.997601 -0.594686 0 0 0 1 
4215528470215;0.890995;0.513946;100;0.989306 -0.145793 0.00413288 -0.0485693 0.145771 0.989305 0.0051563 -0.840111 -0.00484044 -0.00449871 0.999978 -0.838495 0 0 0 1 
4215528470217;1.22438;0.046385;100;0.999547 0.0245121 -0.0174758 0.302799 -0.024917 0.999417 -0.0233406 0.357516 0.0168935 0.0237655 0.999575 -0.983242 0 0 0 1 
4215528470218;0.463441;1.04955;100;0.998744 0.042428 -0.0266383 -0.564853 -0.0469328 0.978406 -0.201291 0.670354 0.0175227 0.202289 0.979169 -1.37101 0 0 0 1 
4215528470219;1.25639;0.0726409;100;0.990939 -0.0893142 -0.100313 0.424762 0.116338 0.944002 0.308748 -1.88189 0.0671198 -0.31762 0.945839 0.445658 0 0 0 1 
4215528470220;0.864498;0.100481;100;0.987102 0.0494679 0.152257 -0.426946 -0.108498 0.906047 0.409032 0.747808 -0.117718 -0.420275 0.899728 3.2285 0 0 0 1 
4215528470221;0.77456;1.17319;100;0.968337 0.119344 0.219275 -0.870381 -0.115684 0.992848 -0.0295014 0.774453 -0.221227 0.00320064 0.975217 2.10089 0 0 0 1 
4215528470222;0.34545;0.163575;100;0.955226 -0.295873 -0.00164618 1.86937 0.29566 0.954296 0.0436443 -3.01778 -0.0113422 -0.0421768 0.999046 0.231163 0 0 0 1 
4215528470223;0.822643;0.0512353;100;0.910773 -0.398745 -0.107218 3.26775 0.391404 0.916432 -0.0834045 -3.71306 0.131515 0.033997 0.990731 -1.95133 0 0 0 1 
4215528470224;0.61224;0.137053;100;0.998619 0.00899373 0.0517695 0.116813 -0.000571496 0.987044 -0.160452 0.237092 -0.0525418 0.1602 0.985685 -0.0356364 0 0 0 1 
4215528470225;0.96443;0.067501;100;0.998397 0.0440252 0.035558 -0.47272 -0.043341 0.998864 -0.0197901 0.987997 -0.0363889 0.0182173 0.999172 0.0288709 0 0 0 1 
4215528470226;1.60186;0.0673419;100;0.991071 -0.0942358 -0.0943273 0.470844 0.124893 0.903829 0.409262 -1.24741 0.0466886 -0.417388 0.907528 2.68378 0 0 0 1 
4215528470227;0.62327;0.159838;100;0.985546 0.113173 0.126058 -0.776528 -0.101326 0.990138 -0.0967451 1.31268 -0.135764 0.0825738 0.987294 0.628082 0 0 0 1 
4215528470228;0.76285;0.0944351;100;0.944442 -0.150927 -0.291975 1.92254 0.177627 0.981811 0.067048 -1.56008 0.276545 -0.115186 0.954073 -2.13942 0 0 0 1 
4215528470229;0.828483;0.131031;100;0.936117 0.0181409 -0.351222 0.580454 -0.0412648 0.997436 -0.0584655 0.72631 0.349261 0.0692236 0.934465 -4.09129 0 0 0 1 
4215528470230;1.52282;0.0391288;100;0.999825 0.0176746 0.00615924 -0.757842 -0.0176582 0.99984 -0.00270961 0.886472 -0.00620615 0.00260037 0.999977 -0.0573598 0 0 0 1 
4215528470231;1.36079;0.0906835;100;0.943362 0.145993 -0.297915 0.979531 -0.14438 0.989139 0.0275418 1.92846 0.2987 0.0170311 0.954195 -3.15009 0 0 0 1 
4215528470232;1.01124;0.0871526;100;0.988622 0.0965623 0.115332 -0.770011 -0.101198 0.994249 0.0350285 0.736533 -0.111287 -0.0463014 0.992709 0.877473 0 0 0 1 
4215528470233;0.360528;0.0736802;100;0.99943 -0.031322 -0.012599 0.197529 0.0315118 0.999388 0.0151581 -0.521772 0.0121165 -0.0155465 0.999806 0.0812385 0 0 0 1 
4215528470234;0.247697;0.0820625;100;0.999955 0.00598044 0.00738165 -0.217673 -0.00598258 0.999982 0.000266744 0.0216048 -0.00737993 -0.000310894 0.999973 -0.0061763 0 0 0 1 
4215528470235;1.12906;0.383648;100;0.928478 -0.335616 -0.15903 2.73674 0.295494 0.926976 -0.231081 -1.88854 0.224972 0.167561 0.959849 -3.24547 0 0 0 1 
4215528470236;0.421865;0.0835757;100;0.950902 0.3088 0.020673 -1.04571 -0.302824 0.914549 0.268138 3.30605 0.0638948 -0.261234 0.963159 0.677733 0 0 0 1 
4215528470237;1.6174;1.69492;100;0.976179 0.216923 0.00436247 -1.38747 -0.216718 0.975825 -0.0282789 1.95234 -0.0103914 0.0266599 0.999591 0.557098 0 0 0 1 
4215528470238;1.42655;0.0932754;100;0.971661 -0.104595 0.211979 0.191307 0.132242 0.983839 -0.120719 -1.62399 -0.195927 0.14533 0.96979 2.02773 0 0 0 1 
4215528470239;1.23487;1.45339;100;0.981715 0.170614 -0.0844167 -1.44708 -0.168605 0.985214 0.0304354 1.53739 0.0883612 -0.0156459 0.995966 -0.390788 0 0 0 1 
4215528470240;1.31981;0.101993;100;0.956251 -0.291032 0.029753 1.70446 0.290516 0.95665 0.0205152 -3.18125 -0.0344338 -0.0109739 0.999347 1.09797 0 0 0 1 
4215528470241;0.144224;0.115106;100;0.993621 -0.0666458 0.0909652 0.209402 0.0724232 0.99546 -0.0617606 -0.6799 -0.0864362 0.0679547 0.993937 0.474066 0 0 0 1 
4215528470242;0.341886;0.0826451;100;0.988302 -0.141952 0.0557586 0.742811 0.147078 0.983825 -0.102257 -1.4552 -0.0403411 0.109262 0.993194 -0.280685 0 0 0 1 
4215528470243;0.806737;0.0583449;100;0.995257 -0.0916259 0.0326892 0.295521 0.0935151 0.993691 -0.0619062 -0.389834 -0.0268107 0.0646694 0.997547 -0.168939 0 0 0 1 
4215528470244;0.044198;0.103296;100;0.998355 0.0562703 0.0109556 -0.335143 -0.0562332 0.998411 -0.00365848 0.597964 -0.011144 0.0030364 0.999933 0.0505869 0 0 0 1 
4215528470245;1.65415;0.0437164;100;0.963197 0.268479 0.0130201 -1.15601 -0.264441 0.955166 -0.133149 3.72554 -0.0481841 0.124806 0.991011 -1.01445 0 0 0 1 
4215528470246;0.359411;0.154878;100;0.925861 -0.372845 0.0613809 2.57274 0.372777 0.92783 0.0129904 -3.67419 -0.0617945 0.0108541 0.99803 0.553078 0 0 0 1 
4215528470248;1.05013;0.056157;100;0.987651 0.102427 -0.118548 -0.20787 -0.108822 0.992864 -0.0487731 1.55191 0.112706 0.0610714 0.99175 -0.543311 0 0 0 1 
4215528470249;0.429566;0.0391918;100;0.976023 -0.0527078 0.211188 0.249845 -0.00971062 0.958729 0.284156 0.00591153 -0.217449 -0.279394 0.93523 2.73165 0 0 0 1 
4215528470250;0.0803374;0.0356896;100;0.997976 0.0617598 -0.0151628 -0.235123 -0.0604889 0.995465 0.0734224 0.332031 0.0196286 -0.0723566 0.997186 0.149434 0 0 0 1 
4215528470251;0.907231;0.0665178;100;0.990836 -0.0905007 0.100272 -0.290638 0.082247 0.993099 0.0836022 -0.0758147 -0.107146 -0.074589 0.991442 0.718852 0 0 0 1 
4215528470252;0.54782;0.0425268;100;0.999741 0.0196123 -0.0115766 -0.0153333 -0.019309 0.999482 0.0257562 -0.000415534 0.0120758 -0.025526 0.999601 -0.506845 0 0 0 1 
4215528470253;0.780027;0.0717726;100;0.968214 0.0948782 -0.231428 0.366772 -0.092582 0.995488 0.0207876 1.02308 0.232356 0.00129915 0.97263 -1.37019 0 0 0 1 
4215528470254;0.503441;0.0299083;100;0.969516 0.0729334 0.233922 -0.215131 -0.111431 0.981479 0.155826 0.493331 -0.218225 -0.177142 0.959687 1.55142 0 0 0 1 
