#;prob_registration_l1 -r /home/probabilistic_point_clouds_registration/build/tester /home/point_clouds_registration_benchmark//devel/registration_pairs/planetary_map_local.txt /home/point_clouds_registration_benchmark//planetary/p2at_met -s 0.2 -t 0.2 -p 0.3 -r 1000 -m 10 -i 100 -n 100 
id;initial_error;final_error;transformation
25528382210000;2.8561;0.227334;100;0.998168 -0.0601259 -0.00678324 -4.11895 0.0602955 0.997776 0.0284215 -2.19085 0.00505929 -0.0287784 0.999573 0.609213 0 0 0 1 
25528382210001;2.11331;0.106999;100;0.999762 -0.0176307 -0.01287 -2.03645 0.0196034 0.984532 0.174105 -2.28336 0.00960133 -0.174316 0.984643 -9.60589 0 0 0 1 
25528382210002;1.70145;0.506972;100;0.971529 0.146961 0.185835 8.92074 -0.0881974 0.952334 -0.292031 -2.46307 -0.219894 0.267326 0.938181 14.9106 0 0 0 1 
25528382210003;1.37022;0.62448;100;0.999908 0.0125144 0.00526506 -0.388632 -0.0125386 0.999911 0.00458592 -0.0438618 -0.0052072 -0.00465152 0.999976 0.859192 0 0 0 1 
25528382210004;1.75339;0.769113;100;0.964249 -0.110136 0.241028 -4.93159 0.0756211 0.986084 0.148056 -0.484963 -0.25398 -0.124536 0.959159 -5.75373 0 0 0 1 
25528382210005;0.735848;0.739758;100;0.991157 0.113017 0.0695412 6.08459 -0.0840546 0.940225 -0.330017 -2.48078 -0.102682 0.321253 0.94141 17.1205 0 0 0 1 
25528382210006;1.57164;0.584203;100;0.993116 -0.092863 -0.0713898 -5.35349 0.0922041 0.995662 -0.0124768 -0.91828 0.0722387 0.0058085 0.99737 -1.78471 0 0 0 1 
25528382210007;1.73822;0.71122;100;0.999344 -0.0322308 -0.0165357 -0.421936 0.0316064 0.998825 -0.0367257 -1.03146 0.0176999 0.036179 0.999189 1.2769 0 0 0 1 
25528382210008;0.906109;1.13337;100;0.987859 0.123886 0.0937377 7.20133 -0.123256 0.992296 -0.012506 0.594052 -0.0945649 0.000800469 0.995518 0.608337 0 0 0 1 
25528382210009;0.490985;0.147904;100;0.963188 0.159937 -0.216078 7.9027 -0.136695 0.983485 0.118628 0.522644 0.231483 -0.0847244 0.969143 -5.76832 0 0 0 1 
25528382210010;2.17163;0.748488;100;0.985274 -0.136917 -0.102415 -6.28423 0.0825115 0.905356 -0.41656 -6.64128 0.149757 0.401975 0.903321 16.8696 0 0 0 1 
25528382210011;2.42393;0.597096;100;0.998253 -0.0580154 -0.0111839 -4.43835 0.0590018 0.988802 0.137071 0.172695 0.00310643 -0.137491 0.990498 -8.49805 0 0 0 1 
25528382210012;1.04957;0.585451;100;0.996651 -0.0379808 -0.0724108 -1.87621 0.0343101 0.998095 -0.0512793 -1.36978 0.0742205 0.0486232 0.996056 2.53407 0 0 0 1 
25528382210013;1.47687;0.662126;100;0.999283 -0.0378401 0.000791689 -1.41439 0.0378316 0.999245 0.00884634 0.0774356 -0.00112584 -0.00881005 0.999961 0.241946 0 0 0 1 
25528382210014;2.77484;0.92361;100;0.965299 0.120532 0.231667 8.05885 -0.190812 0.931198 0.310582 -2.61046 -0.178293 -0.344009 0.921884 -15.0066 0 0 0 1 
25528382210015;1.8346;2.0618;100;0.993759 0.0859948 0.0710455 4.48789 -0.080132 0.993437 -0.0816175 0.666926 -0.0775979 0.0754152 0.994128 4.95447 0 0 0 1 
25528382210016;0.567147;0.710872;100;0.985209 -0.104227 -0.136012 -5.33739 0.127091 0.976863 0.172006 -2.51552 0.114937 -0.186748 0.975661 -10.6249 0 0 0 1 
25528382210017;2.04883;1.46471;100;0.941804 -0.0684505 -0.32912 -4.21728 0.140543 0.969555 0.200528 -3.89246 0.305373 -0.235114 0.922751 -12.654 0 0 0 1 
25528382210018;2.95759;0.094874;100;0.998814 0.0480745 0.00764694 0.330515 -0.0474146 0.925225 0.376445 -2.22741 0.0110222 -0.376361 0.926408 -17.0526 0 0 0 1 
25528382210019;2.21355;0.743823;100;0.991146 0.0961305 0.0915922 6.33807 -0.0943592 0.995261 -0.0234869 0.790962 -0.093416 0.0146364 0.99552 0.609307 0 0 0 1 
25528382210020;0.308749;0.696086;100;0.964678 -0.167051 0.203691 -8.33026 0.206504 0.959624 -0.190994 -4.23575 -0.163561 0.226311 0.960225 12.2068 0 0 0 1 
25528382210021;1.80312;0.580048;100;0.986009 0.166694 -1.92895e-05 9.39628 -0.166506 0.984904 0.0473189 -0.286673 0.00790676 -0.0466536 0.99888 -1.47573 0 0 0 1 
25528382210022;2.94324;0.769401;100;0.880892 -0.00975396 -0.473217 -1.00325 -0.030377 0.996561 -0.0770878 2.0308 0.472342 0.0822809 0.877566 1.4598 0 0 0 1 
25528382210023;1.21687;0.311453;100;0.890541 0.00529935 -0.454871 -0.778596 -0.042392 0.996548 -0.0713846 -0.134332 0.452923 0.0828539 0.887692 0.308503 0 0 0 1 
25528382210024;1.44022;1.40165;100;0.986647 -0.157114 0.0429208 -8.74324 0.157385 0.987533 -0.00297658 -2.72084 -0.041918 0.00969191 0.999074 0.136956 0 0 0 1 
25528382210025;2.35204;0.787633;100;0.999913 0.000916903 -0.0131606 1.79856 -0.000698404 0.999862 0.0165975 -0.0305309 0.013174 -0.0165869 0.999776 -0.947495 0 0 0 1 
25528382210026;1.69358;0.297259;100;0.990553 0.112272 0.0787373 5.13772 -0.112085 0.993675 -0.00680887 0.979627 -0.0790038 -0.0020807 0.996872 -1.09216 0 0 0 1 
25528382210027;2.42888;0.520816;100;0.992298 -0.101989 0.0702998 -7.03098 0.102603 0.994709 -0.00516261 -1.44613 -0.0694013 0.0123358 0.997513 2.58544 0 0 0 1 
25528382210028;0.814222;0.108917;100;0.958435 0.138655 -0.249353 7.35464 -0.158414 0.985493 -0.0609044 0.465649 0.23729 0.0978739 0.966496 2.50928 0 0 0 1 
25528382210029;0.390701;1.20921;100;0.957575 -0.226517 -0.178157 -11.9211 0.168637 0.94175 -0.290979 -5.39934 0.233691 0.248591 0.939995 10.4513 0 0 0 1 
25528382210031;1.54457;0.945285;100;0.998446 0.0540202 -0.0136974 1.12401 -0.0532531 0.997265 0.051259 -0.0538203 0.016429 -0.0504499 0.998591 -3.19527 0 0 0 1 
25528382210032;0.49374;0.594471;100;0.992573 0.120578 0.0160875 2.70313 -0.121633 0.985706 0.11657 0.544082 -0.00180177 -0.117661 0.993052 -3.60803 0 0 0 1 
25528382210033;0.496545;0.957626;100;0.994942 0.0777073 0.0636486 1.66719 -0.0783647 0.996894 0.00789365 0.405419 -0.0628375 -0.0128415 0.997941 -0.388859 0 0 0 1 
25528382210034;1.67751;1.87646;100;0.997432 0.0635269 -0.033062 1.40193 -0.0667039 0.992121 -0.106052 0.119323 0.0260643 0.107985 0.993811 1.96852 0 0 0 1 
25528382210035;1.14274;0.862443;100;0.994199 0.0801304 -0.0717442 2.09813 -0.0768973 0.995942 0.0467499 0.694031 0.0751992 -0.0409617 0.996327 -3.13045 0 0 0 1 
25528382210036;0.657758;0.575107;100;0.993761 0.0912011 0.0642024 2.27631 -0.0979157 0.989023 0.110664 0.94256 -0.0534049 -0.11626 0.991782 -2.58097 0 0 0 1 
25528382210037;0.42747;0.977084;100;0.940353 0.120806 -0.318029 3.06087 -0.0967394 0.991189 0.0904715 0.501422 0.326156 -0.0543092 0.943755 -4.95934 0 0 0 1 
25528382210038;2.16463;1.04597;100;0.994811 -0.031349 -0.0967864 -0.876709 0.028616 0.999155 -0.0294979 -1.03577 0.0976294 0.0265752 0.994868 1.58102 0 0 0 1 
25528382210039;1.45509;1.23986;100;0.99981 0.00508101 0.0187939 0.10138 -0.00625242 0.998006 0.0628055 0.0706564 -0.0184373 -0.0629111 0.997849 -1.01058 0 0 0 1 
25528382210040;1.05221;0.988626;100;0.993892 -0.0634486 -0.0902959 -1.9056 0.059113 0.997003 -0.0499084 -0.565861 0.0931919 0.0442659 0.994664 0.284075 0 0 0 1 
25528382210041;1.71424;1.14681;100;0.909105 -0.0754855 0.40967 -0.643186 0.0413322 0.994937 0.0916056 -0.445422 -0.414511 -0.0663465 0.907622 3.15656 0 0 0 1 
25528382210042;0.574012;0.87161;100;0.989516 0.0682221 0.127293 1.2682 -0.0206721 0.939225 -0.342679 -2.44512 -0.142935 0.336455 0.930789 11.7491 0 0 0 1 
25528382210043;0.513876;0.441208;100;0.99712 -0.0748343 -0.0122977 -1.63585 0.0757369 0.974237 0.212427 -1.38876 -0.00391593 -0.212747 0.977099 -6.92102 0 0 0 1 
25528382210044;0.355334;1.02357;100;0.905839 0.0676917 0.418179 2.25679 -0.116272 0.988968 0.0917753 0.552676 -0.407353 -0.131756 0.903717 -0.765795 0 0 0 1 
25528382210045;1.15928;0.413255;100;0.995708 0.0842599 -0.0382991 1.93169 -0.0861512 0.994989 -0.050751 1.06178 0.0338309 0.0538327 0.997977 1.03196 0 0 0 1 
25528382210046;2.5411;0.133772;100;0.995273 0.00835958 0.0967529 -0.397862 -0.0470518 0.913051 0.405122 -3.66209 -0.0849537 -0.407759 0.909129 -14.0703 0 0 0 1 
25528382210047;2.63214;2.2519;100;0.962099 -0.0531976 -0.267463 -1.86489 -0.0425633 0.939475 -0.339965 -2.01229 0.26936 0.338464 0.901603 8.8593 0 0 0 1 
25528382210048;0.0550198;0.319155;100;0.999278 0.031863 -0.0207013 0.625427 -0.0322067 0.999345 -0.0164889 0.261344 0.0201624 0.0171437 0.99965 0.260833 0 0 0 1 
25528382210049;0.624254;0.83822;100;0.992308 0.106381 0.0633132 2.36226 -0.117206 0.971959 0.203858 -0.178026 -0.0398513 -0.209711 0.976951 -5.75724 0 0 0 1 
25528382210050;1.7141;0.186274;100;0.99959 0.0165888 0.0233221 0.00421855 -0.0153905 0.998598 -0.0506528 0.32819 -0.0241297 0.0502731 0.998444 3.55394 0 0 0 1 
25528382210051;0.731618;0.945012;100;0.998792 0.0125345 -0.0475149 0.0333912 -0.00816313 0.995808 0.0911027 -0.0983011 0.0484577 -0.0906047 0.994707 -3.22524 0 0 0 1 
25528382210052;0.501673;0.990472;100;0.939033 -0.0660123 -0.337429 -0.815118 0.103275 0.990231 0.0936821 -0.891005 0.327949 -0.122819 0.936678 -6.51251 0 0 0 1 
25528382210053;0.245766;0.351399;100;0.996454 0.0112912 0.0833783 0.267651 0.00102027 0.98926 -0.14616 -0.531136 -0.0841332 0.145727 0.985741 5.0563 0 0 0 1 
25528382210054;2.27774;0.623205;100;0.992039 -0.110977 0.0595154 -2.25875 0.11297 0.993108 -0.0312291 -0.458062 -0.0556395 0.0377039 0.997739 3.15858 0 0 0 1 
25528382210055;0.613367;1.36631;100;0.993974 0.0813963 -0.0734169 1.67348 -0.0793364 0.99638 0.0305551 0.0484841 0.0756381 -0.0245464 0.996833 -1.35381 0 0 0 1 
25528382210056;2.21606;2.08274;100;0.992834 0.0380279 -0.113286 1.24276 -0.0125425 0.97594 0.21768 -0.485578 0.118839 -0.2147 0.969423 -8.4225 0 0 0 1 
25528382210057;2.17431;1.41513;100;0.999778 -0.01867 -0.00977682 -1.3759 0.0183561 0.999342 -0.0312696 -1.31566 0.0103542 0.0310832 0.999463 1.53616 0 0 0 1 
25528382210058;0.777574;0.204817;100;0.945086 0.0862614 -0.315232 2.1574 0.0394202 0.92741 0.371964 -2.81045 0.324435 -0.363965 0.873081 -13.9359 0 0 0 1 
25528382210059;0.655634;0.86202;100;0.993203 0.110185 -0.0375207 2.71049 -0.106288 0.989927 0.0935317 0.72931 0.0474486 -0.0889079 0.994909 -3.90953 0 0 0 1 
25528382210060;1.3379;0.934736;100;0.941112 -0.134324 -0.310265 -3.50898 0.0663157 0.973202 -0.22018 -1.83483 0.331526 0.186638 0.924801 4.16841 0 0 0 1 
25528382210062;1.314;0.427452;100;0.996171 0.0216589 -0.0847005 1.26707 -0.0173996 0.998562 0.0507051 0.367433 0.0856769 -0.0490372 0.995115 -2.13196 0 0 0 1 
25528382210063;2.15505;1.16752;100;0.999885 -0.0151124 -0.00116709 -0.900454 0.0150308 0.998522 -0.0522277 0.101712 0.00195465 0.0522042 0.998635 3.18522 0 0 0 1 
25528382210064;0.553066;0.667446;100;0.984681 0.0474677 0.167779 4.79532 -0.0201483 0.986761 -0.160923 -1.66254 -0.173197 0.155078 0.972602 10.4525 0 0 0 1 
25528382210065;1.61508;0.624302;100;0.993819 0.0589621 -0.0940576 5.67809 -0.0422488 0.984417 0.1707 -1.62355 0.102657 -0.165671 0.980823 -12.1089 0 0 0 1 
25528382210066;1.78743;0.540004;100;0.999762 -0.0204961 0.00740664 -1.87326 0.0203135 0.999507 0.023947 0.012618 -0.0078938 -0.0237908 0.999686 -0.808495 0 0 0 1 
25528382210067;0.672032;0.215692;100;0.993108 -0.0480182 -0.106912 -5.86497 0.0379226 0.994799 -0.094538 -0.156296 0.110895 0.0898322 0.989764 11.7013 0 0 0 1 
25528382210068;1.84994;0.233909;100;0.997798 -0.0125836 -0.0651178 -2.2485 0.0159249 0.998569 0.05105 1.40043 0.0643823 -0.0519746 0.996571 -1.8006 0 0 0 1 
25528382210069;2.23987;0.29074;100;0.980934 -0.0222523 -0.193064 -2.49593 -0.0233023 0.972789 -0.230519 -3.26631 0.19294 0.230623 0.953723 25.0024 0 0 0 1 
25528382210070;2.2156;0.376056;100;0.998761 -0.0484857 -0.0112491 -5.79155 0.0485646 0.998797 0.0068538 0.929677 0.0109033 -0.00739161 0.999913 1.85221 0 0 0 1 
25528382210071;1.44584;1.11729;100;0.998479 -0.0543192 0.00944929 -5.55545 0.0526862 0.889506 -0.453875 -10.7011 0.0162489 0.453683 0.891015 44.4813 0 0 0 1 
25528382210072;1.6175;0.916503;100;0.997463 -0.0613674 -0.0360694 -6.84036 0.0446076 0.933764 -0.3551 -5.73785 0.0554719 0.35259 0.934132 36.5483 0 0 0 1 
25528382210073;2.148;0.557852;100;0.997472 0.0610169 -0.0364263 5.89253 -0.0593578 0.997221 0.0450137 -0.688597 0.0390717 -0.0427377 0.998322 -0.798487 0 0 0 1 
25528382210074;1.21241;0.418624;100;0.991187 -0.0259388 0.129908 -2.4712 0.0235022 0.999519 0.0202544 0.789645 -0.130371 -0.0170228 0.991319 -6.55101 0 0 0 1 
25528382210075;0.469924;0.173676;100;0.966767 0.000321466 -0.255658 -1.44633 -0.0417479 0.986775 -0.156628 -2.61183 0.252227 0.162096 0.953995 21.729 0 0 0 1 
25528382210076;1.94829;0.891702;100;0.999709 -0.0183408 -0.0156527 -2.38635 0.0195402 0.996582 0.0802712 0.318418 0.014127 -0.0805538 0.99665 -5.7473 0 0 0 1 
25528382210077;1.55351;0.691736;100;0.99928 0.0362638 -0.0111262 3.56399 -0.0354824 0.99733 0.0638293 -0.589611 0.0134111 -0.0633885 0.997899 -7.85123 0 0 0 1 
25528382210078;1.78754;1.25243;100;0.999595 -0.0227527 0.0170648 -2.98489 0.0221418 0.999136 0.0351713 1.01119 -0.0178503 -0.0347792 0.999236 -3.01804 0 0 0 1 
25528382210079;0.52952;0.242792;100;0.966585 -0.0200953 -0.255559 -3.82146 -0.00733398 0.994347 -0.105927 -1.04904 0.256243 0.104262 0.960973 16.2587 0 0 0 1 
25528382210080;0.579865;0.1672;100;0.99994 -0.000291157 -0.0109468 -0.117965 0.000291725 1 5.02345e-05 -0.000414191 0.0109468 -5.34249e-05 0.99994 0.840854 0 0 0 1 
25528382210081;1.6725;1.7382;100;0.998383 -0.0494253 0.0280976 -4.94139 0.0512004 0.996477 -0.0664282 0.683392 -0.0247153 0.0677593 0.997396 5.88194 0 0 0 1 
25528382210082;1.80785;0.169587;100;0.960053 -0.0125418 0.279536 -1.0425 -0.027824 0.989765 0.139967 -1.10622 -0.278431 -0.142154 0.949878 -19.3061 0 0 0 1 
25528382210083;0.928935;0.402406;100;0.981292 -0.0675046 -0.180302 -8.31293 0.0284528 0.97708 -0.210962 -2.71321 0.19041 0.201885 0.960722 25.5812 0 0 0 1 
25528382210084;1.83208;1.00642;100;0.998283 -0.041386 -0.04144 -4.71983 0.0357504 0.991059 -0.128547 -0.47629 0.0463895 0.126845 0.990837 12.1254 0 0 0 1 
25528382210085;0.401662;0.535267;100;0.993477 0.0665574 -0.0925974 6.56081 -0.0356368 0.95254 0.302321 -4.36552 0.108324 -0.297049 0.948698 -27.3811 0 0 0 1 
25528382210086;1.45129;0.369585;100;0.996453 0.0223916 -0.0811228 2.08031 -0.0245379 0.999372 -0.0255571 0.4075 0.0804997 0.027457 0.996376 5.55678 0 0 0 1 
25528382210087;0.345605;0.172987;100;0.93825 -0.0254984 0.345017 -3.31086 0.0534808 0.995982 -0.0718297 0.720781 -0.341799 0.085846 0.935844 -0.129367 0 0 0 1 
25528382210088;0.167837;0.223036;100;0.999643 -0.0246989 -0.0102375 -2.8035 0.0247291 0.99969 0.00283477 0.636382 0.0101643 -0.00308692 0.999944 -0.375661 0 0 0 1 
25528382210089;1.83562;1.57133;100;0.99988 -0.00388542 0.0149826 -0.633545 0.00437812 0.999446 -0.0329935 0.103754 -0.0148461 0.0330552 0.999343 2.518 0 0 0 1 
25528382210090;2.15758;0.212829;100;0.999955 0.00814624 -0.00493959 0.495132 -0.00828453 0.999555 -0.0286538 -0.432938 0.00470397 0.0286934 0.999577 5.5169 0 0 0 1 
25528382210091;0.893388;0.51677;100;0.999435 -0.0316079 0.011454 -3.16891 0.0327704 0.991993 -0.121968 -0.278104 -0.0075071 0.122274 0.992468 12.6189 0 0 0 1 
25528382210093;1.89713;0.252346;100;0.97983 -0.0113252 -0.19951 -1.55018 0.0341408 0.993201 0.111293 0.350089 0.196893 -0.11586 0.973555 4.10335 0 0 0 1 
25528382210094;0.825331;0.159029;100;0.997562 -0.0173909 -0.067586 -0.677275 0.0390596 0.941691 0.334205 1.04732 0.057833 -0.33603 0.940074 -2.1472 0 0 0 1 
25528382210095;0.858473;0.236736;100;0.89955 0.318588 0.298851 0.428266 -0.344273 0.938174 0.0361369 -5.81719 -0.268861 -0.135393 0.953615 -4.67865 0 0 0 1 
25528382210096;0.8797;0.222674;100;0.918722 0.216935 0.329984 1.06367 -0.309879 0.914002 0.261869 -4.98379 -0.244798 -0.34284 0.906937 -6.81152 0 0 0 1 
25528382210097;2.1961;0.180741;100;0.99115 0.0721357 0.111436 0.120204 -0.0839785 0.990865 0.105518 -2.92851 -0.102806 -0.113943 0.988154 -3.60282 0 0 0 1 
25528382210098;1.08082;0.243522;100;0.998766 0.0492057 0.00673014 0.345915 -0.048763 0.997297 -0.0549614 -1.66667 -0.00941637 0.0545654 0.998466 -0.449843 0 0 0 1 
25528382210099;0.565162;0.449081;100;0.939596 -0.162841 -0.301067 -3.15629 0.119867 0.980425 -0.156199 1.8071 0.320609 0.110676 0.940723 5.7904 0 0 0 1 
25528382210100;1.81678;0.724146;100;0.979802 0.195671 0.0412528 2.52686 -0.199815 0.966148 0.163191 -2.21146 -0.00792463 -0.168138 0.985732 -0.811291 0 0 0 1 
25528382210101;0.708323;0.685114;100;0.970145 -0.240867 -0.0283161 -2.71084 0.239976 0.970266 -0.0315333 3.84481 0.0350695 0.0237967 0.999102 1.16333 0 0 0 1 
25528382210102;2.25601;0.191808;100;0.999434 0.0303159 -0.0145566 -0.810359 -0.0304093 0.999518 -0.00623291 -2.2584 0.0143606 0.00667204 0.999875 -0.927354 0 0 0 1 
25528382210103;0.72475;0.35151;100;0.933766 0.357812 0.00717618 1.61983 -0.357825 0.933063 0.0368164 -6.23751 0.00647751 -0.0369457 0.999296 0.501498 0 0 0 1 
25528382210104;2.73972;0.53753;100;0.97601 0.180477 -0.121792 1.1679 -0.157819 0.971781 0.175311 -1.00824 0.149995 -0.151884 0.976951 3.65808 0 0 0 1 
25528382210105;1.37462;0.246537;100;0.98448 0.0821481 0.155084 0.415837 0.00115969 0.880618 -0.473826 -2.6801 -0.175493 0.466652 0.866855 -0.933969 0 0 0 1 
25528382210106;1.98093;0.267654;100;0.993155 0.0159688 -0.115708 -0.0865599 -0.0583726 0.925894 -0.373247 -1.49603 0.101173 0.377446 0.920488 2.01017 0 0 0 1 
25528382210107;2.7132;0.48464;100;0.999603 -0.00542022 0.027665 -1.476 0.00413405 0.998917 0.0463382 0.288915 -0.0278862 -0.0462054 0.998543 -2.57254 0 0 0 1 
25528382210108;2.24596;0.473378;100;0.987239 -0.0532638 -0.150075 -0.337565 0.0665825 0.99414 0.0851655 -0.595207 0.144659 -0.0940711 0.985 0.640846 0 0 0 1 
25528382210109;1.35089;0.275581;100;0.994926 0.077301 0.0643907 0.849773 -0.0692343 0.990446 -0.119263 -1.26123 -0.0729946 0.1142 0.990773 -1.59908 0 0 0 1 
25528382210110;1.54595;0.164981;100;0.982464 0.186294 0.00771169 0.480367 -0.171757 0.888157 0.426235 -1.07451 0.0725557 -0.420085 0.90458 -1.46489 0 0 0 1 
25528382210111;0.364366;0.308833;100;0.986087 -0.0219526 -0.164774 -0.940389 0.0157344 0.999117 -0.0389493 0.049641 0.165483 0.0358148 0.985562 3.09604 0 0 0 1 
25528382210112;2.44837;3.41627;100;0.99461 -0.0536646 0.0887166 -1.07846 0.0388781 0.986236 0.160707 2.28639 -0.0961198 -0.156392 0.983007 -0.891343 0 0 0 1 
25528382210113;0.357128;0.166128;100;0.970976 0.238434 0.0188471 1.005 -0.238785 0.970881 0.0192864 -3.89046 -0.0136998 -0.0232271 0.999636 -0.028422 0 0 0 1 
25528382210114;2.52967;0.19345;100;0.941423 0.00103521 0.337226 -1.50543 0.0955155 0.958227 -0.269589 0.44235 -0.323418 0.286008 0.901998 -5.55998 0 0 0 1 
25528382210115;1.99023;0.286999;100;0.997586 -0.00193008 -0.0694102 -0.614088 0.00208655 0.999995 0.00218188 0.278774 0.0694057 -0.00232144 0.997586 3.11953 0 0 0 1 
25528382210116;0.274109;0.335184;100;0.997019 -0.052483 -0.0565643 -0.842461 0.0658799 0.960632 0.269899 1.3053 0.0401724 -0.27282 0.961226 -1.0502 0 0 0 1 
25528382210117;0.456139;0.184009;100;0.940521 0.222484 0.25675 0.771448 -0.260305 0.957559 0.123782 -4.23309 -0.218314 -0.183253 0.958518 -4.77772 0 0 0 1 
25528382210118;1.00279;0.199802;100;0.998248 -0.00812636 0.0586038 -0.221622 0.00695793 0.999773 0.0201143 0.0580051 -0.0587539 -0.0196713 0.998079 -1.97215 0 0 0 1 
25528382210119;1.53716;0.196042;100;0.981975 0.157513 0.104471 -0.334207 -0.135371 0.971845 -0.192851 -3.69351 -0.131906 0.175232 0.975651 -0.386665 0 0 0 1 
25528382210120;1.16367;0.236096;100;0.99873 0.0502015 0.00429323 0.483167 -0.0500764 0.99842 -0.0254973 -0.119417 -0.00556645 0.0252499 0.999666 1.00215 0 0 0 1 
25528382210121;1.92017;0.194427;100;0.999949 0.0100148 -0.00143853 0.168721 -0.00985707 0.996361 0.0846662 1.69933 0.00228121 -0.0846477 0.996408 -1.34659 0 0 0 1 
25528382210122;1.42171;0.17283;100;0.981047 0.168787 -0.0951766 0.273185 -0.173263 0.984028 -0.0408497 -2.68882 0.0867615 0.0565661 0.994622 0.318289 0 0 0 1 
25528382210124;1.41534;0.417453;100;0.995697 0.0919962 -0.0111109 6.76783 -0.0914283 0.994846 0.0438433 -1.2048 0.015087 -0.0426388 0.998977 -4.99656 0 0 0 1 
25528382210125;0.633729;0.262347;100;0.990865 -0.0646365 -0.118359 -5.10646 0.0478379 0.989046 -0.139639 -0.947706 0.126089 0.132701 0.983103 11.744 0 0 0 1 
25528382210126;0.445145;0.264362;100;0.951749 0.03744 -0.304586 1.80947 -0.0305492 0.999159 0.0273595 -0.178636 0.305354 -0.0167345 0.952092 0.294024 0 0 0 1 
25528382210127;0.670288;0.73811;100;0.997613 -0.0443586 -0.052912 -3.40314 0.0410561 0.997235 -0.0619474 -0.193054 0.0555136 0.0596272 0.996676 5.21584 0 0 0 1 
25528382210128;2.24311;1.27119;100;0.997791 -0.0661406 0.00622689 -4.38413 0.0662232 0.997704 -0.0141553 0.412424 -0.00527636 0.0145364 0.99988 -0.772198 0 0 0 1 
25528382210129;1.80511;0.830333;100;0.984824 0.0212542 0.172249 1.52729 -0.0214846 0.999769 -0.000527054 0.857291 -0.172221 -0.00318165 0.985053 0.00564604 0 0 0 1 
25528382210130;0.986557;0.170719;100;0.998796 0.0206252 0.0445164 1.58221 -0.0240244 0.996724 0.0772265 -0.103385 -0.0427777 -0.078203 0.996019 -5.30222 0 0 0 1 
25528382210131;2.11864;0.902004;100;0.984179 -0.0952363 -0.149406 -7.56738 0.0193954 0.896095 -0.443439 -7.24178 0.176113 0.433525 0.883765 34.5106 0 0 0 1 
25528382210132;0.163045;0.180803;100;0.998184 0.0588703 -0.0127946 4.41424 -0.0593194 0.99751 -0.0381347 -0.626121 0.0105178 0.0388245 0.999191 2.90128 0 0 0 1 
25528382210133;1.8377;0.577206;100;0.999207 -0.0370104 -0.0146732 -3.36729 0.0368912 0.999285 -0.00831313 0.658112 0.0149704 0.00776522 0.999858 2.58544 0 0 0 1 
25528382210134;1.18998;0.782352;100;0.999636 -0.0269549 0.00140974 -2.32959 0.0269838 0.999247 -0.027884 0.00497728 -0.000657064 0.0279119 0.99961 3.087 0 0 0 1 
25528382210135;0.879278;0.299807;100;0.994802 0.0928102 0.0418929 6.62815 -0.0939523 0.995233 0.0261656 -0.780806 -0.0392648 -0.0299655 0.998779 -2.09721 0 0 0 1 
25528382210136;1.20454;0.105345;100;0.937037 0.0315471 0.347802 1.85195 0.0283764 0.985741 -0.165862 -0.0709707 -0.348075 0.165288 0.92278 11.6618 0 0 0 1 
25528382210137;0.490225;0.489108;100;0.99904 -0.0415166 0.0139886 -2.72261 0.0422976 0.997233 -0.0611406 -0.0553129 -0.0114115 0.0616736 0.998031 4.56263 0 0 0 1 
25528382210138;0.898047;0.870846;100;0.999466 -0.0302603 0.0123232 -2.1657 0.0311575 0.996255 -0.0806607 0.0585756 -0.00983624 0.0810016 0.996665 5.97301 0 0 0 1 
25528382210139;0.258844;0.113741;100;0.995723 -0.0705963 0.0595956 -5.38937 0.0729372 0.99661 -0.0380607 -0.0361581 -0.0567067 0.0422447 0.997497 3.08173 0 0 0 1 
25528382210140;1.51354;0.527743;100;0.999554 0.00792915 0.0287922 -0.300051 -0.00437621 0.992591 -0.121427 -0.112007 -0.0295417 0.121246 0.992183 8.36975 0 0 0 1 
25528382210141;0.177514;0.206571;100;0.965615 0.0662212 0.2514 5.12712 -0.0787371 0.996091 0.0400454 -0.606212 -0.247765 -0.0584629 0.967055 -6.20368 0 0 0 1 
25528382210142;1.7221;1.01149;100;0.989693 -0.0320045 -0.139586 -2.87693 0.0514306 0.989115 0.137867 0.426283 0.133654 -0.143625 0.980565 -10.0947 0 0 0 1 
25528382210143;1.74732;0.737055;100;0.99359 -0.00641906 -0.112864 -0.874543 0.00119414 0.998927 -0.0463008 1.19068 0.11304 0.0458692 0.992531 4.23468 0 0 0 1 
25528382210144;0.62636;0.405468;100;0.983618 -0.0598429 -0.170041 -4.5343 0.060422 0.998171 -0.00177218 0.322841 0.169837 -0.00853109 0.985435 0.258269 0 0 0 1 
25528382210145;2.23099;1.29245;100;0.978312 0.0823873 0.190045 6.48956 -0.0898581 0.995471 0.0310192 -1.49166 -0.186629 -0.0474236 0.981285 -3.21118 0 0 0 1 
25528382210146;0.123351;0.163387;100;0.986763 -0.0386077 0.157504 -3.03676 0.0370496 0.999231 0.0128181 0.157828 -0.157878 -0.00681294 0.987435 -1.5337 0 0 0 1 
25528382210147;2.1323;0.316777;100;0.999135 -0.040096 0.0110392 -3.42567 0.0401912 0.999155 -0.00854756 0.1983 -0.0106871 0.00898385 0.999903 3.26215 0 0 0 1 
25528382210148;1.17842;0.425229;100;0.998937 -0.0457624 -0.00546598 -3.44833 0.0455236 0.998246 -0.0378516 0.144461 0.00718857 0.0375625 0.999268 4.18205 0 0 0 1 
25528382210149;1.8032;1.18624;100;0.974422 0.0310412 -0.22257 1.32757 0.024302 0.97005 0.241686 -1.84545 0.223406 -0.240913 0.944484 -18.4102 0 0 0 1 
25528382210150;1.89528;0.877236;100;0.991756 0.00863895 0.127846 0.388947 0.00513422 0.994244 -0.107012 0.718079 -0.128035 0.106787 0.986004 7.47976 0 0 0 1 
25528382210151;1.38396;0.234063;100;0.999064 0.0432355 0.00127375 3.46155 -0.0432298 0.999056 -0.00422978 -0.976708 -0.00145543 0.00417076 0.99999 -1.46793 0 0 0 1 
25528382210152;1.90731;1.74734;100;0.999156 -0.0213847 -0.0350662 -1.71612 0.0243591 0.995935 0.0867162 -0.317985 0.0330692 -0.0874973 0.995616 -7.73851 0 0 0 1 
25528382210153;0.627318;0.127915;100;0.96479 -0.129794 -0.228766 -10.8876 0.0901238 0.980243 -0.176072 -1.33104 0.247099 0.149255 0.957426 13.7882 0 0 0 1 
25528382210155;0.972428;0.228171;100;0.992399 -0.118603 -0.032824 -7.17353 0.0929376 0.897158 -0.431823 -6.54029 0.0806637 0.42549 0.901361 26.7621 0 0 0 1 
25528382210156;1.01473;0.421871;100;0.985122 0.117052 -0.125833 7.04824 -0.111312 0.992437 0.0517436 -2.73214 0.130938 -0.0369669 0.990701 -0.809822 0 0 0 1 
25528382210157;0.233342;0.128955;100;0.992301 0.106285 -0.0635753 6.0721 -0.110341 0.991824 -0.0641028 -3.06229 0.0562424 0.0706242 0.995916 5.35123 0 0 0 1 
25528382210158;0.218897;0.0844076;100;0.995716 -0.0919389 -0.00988204 -5.74531 0.0920508 0.995687 0.0115411 2.03514 0.00877834 -0.0124013 0.999885 -0.853252 0 0 0 1 
25528382210159;0.424214;0.185451;100;0.959152 -0.0793064 0.271547 -5.18822 0.163885 0.938188 -0.30487 -0.716567 -0.230584 0.336919 0.912862 14.2568 0 0 0 1 
25528382210160;0.944861;0.230397;100;0.998657 0.0224296 -0.0467028 1.64477 -0.0308706 0.981547 -0.188713 -4.018 0.0416082 0.189901 0.980921 11.8484 0 0 0 1 
25528382210161;0.607772;0.32389;100;0.976461 -0.107729 0.186864 -6.52522 0.126597 0.987666 -0.0921384 1.74149 -0.174633 0.113626 0.978055 1.31025 0 0 0 1 
25528382210162;0.465464;0.219989;100;0.98769 0.0749006 0.137327 4.45738 -0.0920202 0.988146 0.122879 -2.32521 -0.126495 -0.134004 0.982874 -11.6626 0 0 0 1 
25528382210163;0.301031;0.0794576;100;0.999228 0.0374041 -0.0120249 2.23983 -0.0370633 0.998937 0.0274089 -0.284838 0.0130374 -0.026942 0.999552 -0.870786 0 0 0 1 
25528382210164;0.262538;0.134668;100;0.996396 -0.0848205 0.000311723 -5.4055 0.0848118 0.996335 0.0111212 1.75048 -0.00125388 -0.0110547 0.999938 -0.901375 0 0 0 1 
25528382210165;0.165591;0.0587329;100;0.99934 -0.0330841 -0.015009 -2.28321 0.0344349 0.994281 0.101089 0.546854 0.0115788 -0.101539 0.994764 -5.65012 0 0 0 1 
25528382210166;1.12952;0.613797;100;0.971858 -0.036563 -0.232714 -2.77132 0.0457024 0.998376 0.0340011 0.882807 0.231093 -0.0436798 0.971951 0.625165 0 0 0 1 
25528382210167;0.708722;0.0542372;100;0.99116 -0.093269 -0.0943569 -6.58845 0.0876495 0.994217 -0.0620508 1.12113 0.0995986 0.0532319 0.993603 6.8656 0 0 0 1 
25528382210168;1.1418;0.0613893;100;0.999147 0.0377655 0.0167167 1.71188 -0.037142 0.998656 -0.036156 -0.43579 -0.0180597 0.0355043 0.999206 4.41942 0 0 0 1 
25528382210169;0.757933;0.599015;100;0.991376 0.0885515 0.0966086 5.63698 -0.0845326 0.995407 -0.0449364 -2.98996 -0.100144 0.0363822 0.994308 -0.470719 0 0 0 1 
25528382210170;0.338329;0.0504073;100;0.990045 0.0731177 0.120267 4.49184 -0.0173036 0.911225 -0.411544 -6.66091 -0.139682 0.405366 0.90342 20.184 0 0 0 1 
25528382210171;0.814741;0.392348;100;0.987906 0.121829 -0.0959112 7.0303 -0.118233 0.992083 0.0423463 -2.98638 0.100311 -0.0304943 0.994489 1.75787 0 0 0 1 
25528382210172;0.85032;0.320868;100;0.99039 0.00326239 -0.138266 -1.28408 0.0448271 0.938181 0.34323 -0.494348 0.130838 -0.346129 0.929019 -15.3164 0 0 0 1 
25528382210173;0.630488;0.576103;100;0.996854 -0.0732872 -0.0301845 -4.51993 0.0753529 0.994393 0.074197 1.74467 0.0245775 -0.076238 0.996787 -4.82222 0 0 0 1 
25528382210174;0.36066;0.112015;100;0.961083 0.121673 -0.248023 5.20659 -0.0235487 0.930601 0.365276 -3.3323 0.275254 -0.34522 0.89725 -14.3984 0 0 0 1 
25528382210175;0.400793;0.104717;100;0.996022 0.088577 0.00966625 5.23852 -0.0868243 0.989201 -0.118084 -2.22723 -0.0200214 0.116775 0.992957 6.51914 0 0 0 1 
25528382210176;0.342834;0.124194;100;0.98027 0.0699107 0.184886 4.13013 -0.098775 0.983458 0.151833 -2.36908 -0.171213 -0.1671 0.97096 -14.3584 0 0 0 1 
25528382210177;0.260067;0.0523556;100;0.994832 -0.0890234 -0.0488329 -5.69289 0.0727647 0.960493 -0.268623 -1.52047 0.0708174 0.263682 0.962007 16.7771 0 0 0 1 
25528382210178;0.926206;0.0423809;100;0.998383 -0.0538226 0.0182995 -3.84472 0.0535939 0.998481 0.0127657 1.58419 -0.0189588 -0.0117643 0.999751 1.05975 0 0 0 1 
25528382210179;0.695785;0.224148;100;0.99631 0.0826627 -0.0231111 5.29359 -0.0854176 0.981322 -0.172368 -3.12788 0.00843108 0.173706 0.984762 8.6007 0 0 0 1 
25528382210180;0.109455;0.0514638;100;0.998347 0.0517902 0.0249334 2.79188 -0.0532691 0.996601 0.0628429 -1.06898 -0.021594 -0.0640672 0.997712 -4.38152 0 0 0 1 
25528382210181;0.971587;0.377047;100;0.943565 0.0745046 0.322697 4.25486 -0.0494224 0.995133 -0.0852463 -0.982646 -0.327478 0.064487 0.942656 -5.89332 0 0 0 1 
25528382210182;0.540657;0.141591;100;0.995304 0.0804473 0.053838 4.93899 -0.0793882 0.996611 -0.0215326 -2.61483 -0.0553878 0.0171574 0.998317 -1.3719 0 0 0 1 
25528382210183;0.488607;0.117543;100;0.966347 0.0988346 0.237497 5.84801 -0.0917261 0.994947 -0.0408256 -1.56912 -0.240332 0.0176671 0.97053 -4.03028 0 0 0 1 
25528382210184;0.107925;0.0666679;100;0.999753 0.0194972 -0.0106558 0.995755 -0.0193599 0.99973 0.0128451 -0.438104 0.0109034 -0.0126356 0.999861 -0.30136 0 0 0 1 
25528382210186;2.61464;0.126392;100;0.907128 0.050315 -0.417836 0.152816 0.0382634 0.978855 0.200942 -0.303831 0.419111 -0.198268 0.886022 -5.46069 0 0 0 1 
25528382210187;2.55948;0.125807;100;0.999908 0.0131597 0.00342055 0.528571 -0.0131239 0.999861 -0.0103047 -0.460447 -0.00355568 0.0102589 0.999941 -2.04514 0 0 0 1 
25528382210188;2.1137;0.696502;100;0.990564 0.0599429 -0.123245 2.09945 -0.0755149 0.989173 -0.125835 -1.09168 0.114367 0.133954 0.984366 4.74326 0 0 0 1 
25528382210189;3.03095;1.21619;100;0.922681 -0.116671 0.367487 -3.97361 0.125632 0.992077 -0.000467206 2.18145 -0.364521 0.0465991 0.930028 -0.872902 0 0 0 1 
25528382210190;2.58604;1.60272;100;0.940595 0.140846 0.308938 5.17766 -0.0655001 0.968081 -0.241928 -2.32538 -0.333152 0.207321 0.919798 4.89718 0 0 0 1 
25528382210191;2.29839;0.387654;100;0.994084 -0.0527321 0.0949529 -2.77477 0.0141013 0.929495 0.368566 -1.0577 -0.107693 -0.365046 0.92474 -14.2637 0 0 0 1 
25528382210192;1.26077;0.961738;100;0.986199 0.152424 -0.0646378 5.80651 -0.150789 0.988126 0.0294919 -2.36774 0.0683656 -0.0193382 0.997473 -0.81859 0 0 0 1 
25528382210193;1.94741;0.781108;100;0.966808 -0.115072 0.228126 -4.23036 0.139864 0.985543 -0.0956202 0.770535 -0.213825 0.124353 0.968925 0.522001 0 0 0 1 
25528382210194;0.500481;0.114107;100;0.991081 0.063936 -0.116919 2.15561 -0.0120636 0.916828 0.3991 -2.41056 0.132711 -0.39413 0.909422 -14.3535 0 0 0 1 
25528382210195;0.447325;0.0711952;100;0.993773 0.015706 0.110308 0.731517 0.0140003 0.964567 -0.263466 -1.71864 -0.110538 0.26337 0.958341 8.95492 0 0 0 1 
25528382210196;0.672791;0.130561;100;0.998778 -0.0494234 -0.000801335 -2.49016 0.0494125 0.997866 0.0426853 0.874506 -0.00131003 -0.0426728 0.999088 -1.58052 0 0 0 1 
25528382210197;1.68816;0.966345;100;0.994181 0.106459 0.0164511 3.78137 -0.106736 0.994142 0.0170015 -0.909246 -0.0145448 -0.0186585 0.99972 -0.947199 0 0 0 1 
25528382210198;0.0806703;0.112618;100;0.998112 -0.0613801 0.00206566 -2.52118 0.0613991 0.998054 -0.0109039 0.677964 -0.00139235 0.0110102 0.999938 0.343448 0 0 0 1 
25528382210199;2.04506;0.116515;100;0.976242 -0.133996 0.170284 -5.23918 0.131876 0.990982 0.0237514 0.928019 -0.171931 -0.000730673 0.985109 -4.00439 0 0 0 1 
25528382210200;1.86353;0.240004;100;0.987257 -0.0715974 -0.14212 -4.38097 0.0207968 0.943461 -0.330829 -1.64071 0.157772 0.323658 0.932928 15.0447 0 0 0 1 
25528382210201;1.69978;1.03642;100;0.973099 -0.120664 0.196259 -4.04394 0.0930492 0.985146 0.144326 1.16698 -0.210759 -0.122182 0.969872 -8.32428 0 0 0 1 
25528382210202;3.09717;0.104034;100;0.999406 -0.0249496 0.0237756 -1.37199 0.025955 0.99874 -0.0429582 -0.191712 -0.0226738 0.0435498 0.998794 4.18914 0 0 0 1 
25528382210203;2.66545;0.463256;100;0.99749 0.0707941 0.0016691 2.4232 -0.0707571 0.995471 0.0634853 -0.563676 0.00283284 -0.063444 0.997981 -0.155936 0 0 0 1 
25528382210204;2.12678;0.829085;100;0.999874 0.014506 0.00649624 0.894606 -0.0144383 0.999842 -0.0103371 1.2573 -0.00664517 0.010242 0.999925 0.387567 0 0 0 1 
25528382210205;2.17534;0.334542;100;0.960104 0.153691 -0.233623 5.44598 -0.14413 0.987883 0.0575677 -2.68115 0.23964 -0.0215989 0.970622 0.00819302 0 0 0 1 
25528382210206;0.615844;0.520356;100;0.986936 0.160718 0.0112853 6.37017 -0.158925 0.982642 -0.0956976 -3.42158 -0.0264697 0.0926539 0.995346 3.77909 0 0 0 1 
25528382210207;2.70191;1.7668;100;0.991989 -0.110766 0.0607293 -3.67605 0.115004 0.990795 -0.0714069 0.550144 -0.0522608 0.077819 0.995597 1.14315 0 0 0 1 
25528382210208;0.254784;0.108845;100;0.989106 0.138735 -0.0492089 4.99296 -0.137887 0.990241 0.020242 -1.98114 0.051537 -0.0132362 0.998583 0.0413028 0 0 0 1 
25528382210209;0.401221;0.412929;100;0.995885 0.0905967 -0.00242962 3.33304 -0.0904772 0.995408 0.0312388 -1.08717 0.0052486 -0.0308904 0.999509 -1.14781 0 0 0 1 
25528382210210;3.26762;3.00122;100;0.994405 0.0986086 0.0378731 3.74336 -0.105632 0.927947 0.357431 -3.46664 0.000101637 -0.359432 0.933171 -15.6759 0 0 0 1 
25528382210211;2.11433;0.879494;100;0.983553 0.170688 0.059066 6.70214 -0.177968 0.971655 0.155607 -2.63892 -0.0308316 -0.16356 0.986052 -5.23266 0 0 0 1 
25528382210212;0.939666;0.282732;100;0.980746 0.067506 0.18325 2.74439 -0.0304296 0.979719 -0.198053 -1.49584 -0.192903 0.188663 0.962909 4.28136 0 0 0 1 
25528382210213;1.20317;0.564322;100;0.995705 -0.0497372 0.0780865 -2.0694 0.0416709 0.993939 0.101731 1.09575 -0.082673 -0.0980405 0.991743 -4.7605 0 0 0 1 
25528382210214;2.77469;0.52091;100;0.985307 0.0777716 0.15206 3.74795 -0.0433198 0.974995 -0.217965 -2.74166 -0.165209 0.208175 0.964038 8.39032 0 0 0 1 
25528382210215;2.52413;1.80223;100;0.997638 -0.0538199 -0.0426858 -2.21741 0.0628958 0.965521 0.252612 -0.570633 0.0276185 -0.2547 0.966626 -10.3345 0 0 0 1 
25528382210217;1.06109;1.04269;100;0.971525 -0.0301355 -0.235014 -3.02948 0.021149 0.998949 -0.0406659 -0.0414942 0.235992 0.0345376 0.971141 3.8947 0 0 0 1 
25528382210218;0.551084;0.679481;100;0.995593 0.0926139 0.0147056 8.74751 -0.0932515 0.994329 0.0511281 -1.58518 -0.00988701 -0.0522741 0.998584 -4.5116 0 0 0 1 
25528382210219;0.422673;0.412437;100;0.972034 -0.0754694 0.222384 -7.17095 0.0631059 0.996067 0.0621966 0.278661 -0.226203 -0.0464234 0.972973 -5.12497 0 0 0 1 
25528382210220;1.03905;0.603069;100;0.958091 0.12113 -0.259592 11.1016 -0.0836054 0.984985 0.151043 -2.32173 0.273991 -0.12301 0.953833 -10.2735 0 0 0 1 
25528382210221;1.31298;0.283487;100;0.995818 0.0516752 -0.0753417 4.70608 -0.0620302 0.987876 -0.142314 -2.1035 0.0670742 0.146392 0.98695 14.9271 0 0 0 1 
25528382210222;1.56771;0.787685;100;0.987461 0.0241794 -0.156001 1.94411 -0.00606856 0.993284 0.115541 -0.582281 0.157747 -0.113146 0.980976 -11.4451 0 0 0 1 
25528382210223;0.395381;0.284562;100;0.997535 -0.036511 -0.0599247 -3.55239 0.0397527 0.997759 0.0538252 0.122349 0.0578251 -0.0560747 0.996751 -4.57886 0 0 0 1 
25528382210224;1.45898;0.807372;100;0.993996 -0.0473772 -0.0986256 -5.29366 0.0495224 0.998584 0.0194164 0.268464 0.0975661 -0.024184 0.994935 -0.808151 0 0 0 1 
25528382210225;0.647882;0.188299;100;0.955777 0.00875993 -0.293963 -0.3478 0.0361863 0.988458 0.14711 -0.823318 0.291859 -0.151241 0.944428 -11.9118 0 0 0 1 
25528382210226;0.247807;0.261813;100;0.992865 0.0545967 -0.106009 5.08934 -0.0528231 0.998414 0.0194691 -0.666713 0.106904 -0.0137304 0.994175 -0.847949 0 0 0 1 
25528382210227;1.67052;0.191707;100;0.999802 0.0132345 0.0148705 1.35528 -0.0131922 0.999909 -0.002942 -0.216891 -0.0149081 0.00274525 0.999885 2.50802 0 0 0 1 
25528382210228;0.941077;0.404646;100;0.999216 0.0340767 -0.0201662 3.55733 -0.0353583 0.997124 -0.0670394 -0.638515 0.0178237 0.0676998 0.997547 4.67592 0 0 0 1 
25528382210229;1.84373;1.38504;100;0.996976 -0.0752867 -0.0192701 -7.74423 0.074002 0.995426 -0.0604143 0.18159 0.0237304 0.0588056 0.997987 5.33111 0 0 0 1 
25528382210230;0.815476;0.188192;100;0.998546 -0.0537212 -0.00442708 -5.74507 0.0537229 0.998556 0.000279426 0.312958 0.00440568 -0.000516855 0.99999 0.185363 0 0 0 1 
25528382210231;0.945073;0.499215;100;0.999889 0.0117103 -0.00926141 0.94084 -0.0118155 0.999865 -0.0113857 -0.147379 0.00912683 0.0114939 0.999892 2.11473 0 0 0 1 
25528382210232;0.385786;0.125544;100;0.994389 0.0148805 0.10473 1.01854 -0.0242288 0.995776 0.0885629 -0.392389 -0.10297 -0.0906035 0.990549 -9.04208 0 0 0 1 
25528382210233;0.215723;0.309012;100;0.999935 -0.010062 0.00541644 -1.2775 0.00766564 0.942163 0.335067 -4.8759 -0.00847461 -0.335004 0.942179 -30.2371 0 0 0 1 
25528382210234;1.80049;1.20701;100;0.999323 -0.0358154 0.00843974 -2.74573 0.0363139 0.996948 -0.0691073 0.107077 -0.00593888 0.069367 0.997574 4.16026 0 0 0 1 
25528382210235;1.841;1.44307;100;0.981432 -0.0265606 0.189961 -2.99629 -0.0137983 0.978024 0.208037 -1.82427 -0.191312 -0.206795 0.959497 -18.9391 0 0 0 1 
25528382210236;0.783834;0.6867;100;0.991442 0.0416902 0.12371 4.08644 -0.0467699 0.998166 0.0384444 -0.530529 -0.12188 -0.0439013 0.991573 -3.72175 0 0 0 1 
25528382210237;0.646121;0.307451;100;0.994205 -0.0594221 -0.0895848 -5.75897 0.0594643 0.998228 -0.00219993 0.353886 0.0895568 -0.00313992 0.995977 -0.722575 0 0 0 1 
25528382210238;0.978297;0.814956;100;0.994067 -0.0222759 0.106466 -2.17205 0.0347029 0.992603 -0.116337 -0.657473 -0.103087 0.119341 0.987487 10.8255 0 0 0 1 
25528382210239;1.51578;0.105905;100;0.995132 0.0362502 0.0916399 2.76902 -0.030166 0.997302 -0.0669269 -0.543089 -0.0938187 0.0638367 0.993541 7.39451 0 0 0 1 
25528382210240;0.466545;0.452042;100;0.999009 -0.0418415 -0.0151732 -4.13053 0.0440525 0.978192 0.202979 -1.00404 0.0063493 -0.203446 0.979065 -18.2174 0 0 0 1 
25528382210241;1.93577;1.78759;100;0.989132 0.0109443 0.14662 1.17028 -0.0316663 0.98968 0.139755 -0.875444 -0.143578 -0.142879 0.979271 -13.3759 0 0 0 1 
25528382210242;0.86252;0.617191;100;0.994161 -0.0620006 0.0883189 -5.94414 0.0782355 0.977835 -0.194209 -1.79535 -0.0743203 0.199984 0.976976 18.3461 0 0 0 1 
25528382210243;0.905546;0.219855;100;0.96986 -0.000133216 0.243663 -0.00427487 -0.0124245 0.998672 0.0499998 0.000266781 -0.243346 -0.0515202 0.96857 -4.61011 0 0 0 1 
25528382210244;0.219604;0.196507;100;0.999772 0.0117364 -0.0178258 1.00891 -0.0120851 0.999735 -0.0195782 -0.155837 0.0175913 0.0197892 0.999649 1.67451 0 0 0 1 
25528382210245;0.165948;0.199342;100;0.979512 -0.0352666 0.198272 -3.40324 0.0307714 0.999196 0.0257086 0.130379 -0.199019 -0.0190808 0.97981 -2.96311 0 0 0 1 
25528382210246;1.5805;0.848109;100;0.998161 -0.0224485 0.0563135 -3.00628 0.0211381 0.999494 0.0237588 0.0566801 -0.0568184 -0.0225247 0.99813 -1.41588 0 0 0 1 
25528382210248;1.80404;1.07053;100;0.995914 0.0567621 0.0702439 3.0692 -0.0441392 0.984499 -0.169744 0.0230853 -0.0787901 0.165949 0.982982 8.70413 0 0 0 1 
25528382210249;2.65063;0.64134;100;0.992851 -0.114316 0.03432 -6.15672 0.113535 0.993247 0.0238892 -0.107961 -0.0368192 -0.0198219 0.999125 -4.0074 0 0 0 1 
25528382210250;0.988386;0.191337;100;0.978884 -0.150166 -0.138696 -8.94179 0.142051 0.987608 -0.0667185 -0.977069 0.146997 0.0456076 0.988085 3.05596 0 0 0 1 
25528382210251;1.96971;0.321376;100;0.999397 0.0138161 -0.031867 0.78069 -0.0129662 0.999559 0.0267254 1.12368 0.0322222 -0.0262961 0.999135 -3.59866 0 0 0 1 
25528382210252;1.48555;0.37565;100;0.996204 0.0869502 -0.00408705 5.81581 -0.0869545 0.996212 -0.00090327 -0.77588 0.00399303 0.00125523 0.999991 0.5019 0 0 0 1 
25528382210253;1.51489;0.284076;100;0.991757 0.123451 0.0343087 7.00001 -0.121511 0.991131 -0.0538053 -0.087147 -0.0406467 0.0491929 0.997962 1.09068 0 0 0 1 
25528382210254;2.5409;0.684021;100;0.999236 -0.0202616 0.0334149 -0.175758 0.0154511 0.990255 0.138405 1.26875 -0.0358936 -0.137783 0.989812 -9.39597 0 0 0 1 
25528382210255;0.438009;0.298476;100;0.99289 0.0700458 -0.0962482 3.52698 -0.078616 0.992983 -0.0883414 -0.428081 0.0893848 0.0952799 0.991429 5.38921 0 0 0 1 
25528382210256;0.895108;0.317117;100;0.951746 -0.0753783 0.297486 -3.33013 0.149601 0.960345 -0.235282 -3.46141 -0.267954 0.268433 0.925281 16.0043 0 0 0 1 
