#;prob_registration_l1 -r /home/probabilistic_point_clouds_registration/build/tester /home/point_clouds_registration_benchmark//devel/registration_pairs/urban05_local.txt /home/point_clouds_registration_benchmark//kaist/urban05 -s 0.2 -t 0.2 -p 0.3 -r 1000 -m 10 -i 100 -n 100 
id;initial_error;final_error;transformation
34562489690000;0.13992;1.66234;100;1 -2.78942e-07 2.09411e-06 -1.81429 2.78942e-07 1 -1.9423e-08 13.5081 -2.09411e-06 1.94236e-08 1 0.481231 0 0 0 1 
34562489690001;0.182436;0.987604;100;1 -3.33011e-07 6.55519e-07 -2.90802 3.33011e-07 1 4.26265e-08 5.81276 -6.55519e-07 -4.26263e-08 1 -0.13494 0 0 0 1 
34562489690002;0.400034;1.64852;100;0.997887 0.000169254 -0.0649741 127.744 0.000198799 0.999984 0.0056581 -23.2984 0.064974 -0.00565907 0.997871 -107.89 0 0 0 1 
34562489690003;0.381518;1.49838;100;0.990892 0.000797697 -0.134655 -4.49908 0.000783489 0.999931 0.0116891 -11.2127 0.134655 -0.0116881 0.990824 -543.443 0 0 0 1 
34562489690004;0.467995;2.11174;100;1 -4.50671e-07 9.33357e-07 -3.23188 4.50671e-07 1 4.63606e-08 13.9992 -9.33357e-07 -4.63602e-08 1 -0.0580289 0 0 0 1 
34562489690005;0.423309;2.01367;100;1 -3.93629e-07 1.67481e-06 -2.70694 3.93629e-07 1 4.69534e-08 14.344 -1.67481e-06 -4.69527e-08 1 -0.125627 0 0 0 1 
34562489690006;0.190415;1.73186;100;0.999703 1.83515e-05 0.0243548 53.4674 3.33837e-05 0.999998 -0.00212383 -19.7086 -0.0243547 0.00212401 0.999701 17.4536 0 0 0 1 
34562489690007;0.167146;1.75468;100;1 -5.58523e-08 2.27262e-06 0.528927 5.58524e-08 1 -2.79863e-08 14.6157 -2.27262e-06 2.79865e-08 1 0.779658 0 0 0 1 
34562489690008;0.102809;0.544902;100;1 -2.17593e-07 3.29764e-07 -1.26373 2.17593e-07 1 1.22738e-08 -4.01095 -3.29764e-07 -1.22738e-08 1 0.187577 0 0 0 1 
34562489690009;0.0509686;0.669142;100;1 -8.04741e-06 3.54861e-05 62.095 8.04758e-06 1 -4.68457e-06 -11.3523 -3.54861e-05 4.68485e-06 1 -12.7533 0 0 0 1 
34562489690010;0.0869115;1.86304;100;1 -2.77501e-07 1.17194e-07 -1.73593 2.77501e-07 1 3.02172e-08 15.6376 -1.17194e-07 -3.02172e-08 1 0.0292857 0 0 0 1 
34562489690011;0.0782188;0.572752;100;0.99951 0.000100448 -0.0313164 -463.407 -1.44505e-05 0.999996 0.00274629 41.8555 0.0313166 -0.00274449 0.999506 83.8872 0 0 0 1 
34562489690012;0.0495854;1.13463;100;1 6.50728e-05 0.000522753 -526.182 -6.49291e-05 1 -0.000274998 36.7031 -0.000522771 0.000274964 1 -1845.46 0 0 0 1 
34562489690013;0.0622498;2.0532;100;1 3.52873e-05 0.000849568 -282.912 -3.52408e-05 1 -5.47081e-05 42.6079 -0.00084957 5.46781e-05 1 157.027 0 0 0 1 
34562489690014;0.30978;2.70057;100;1 -4.99656e-07 -6.45563e-07 -1.9872 4.99656e-07 1 6.75116e-08 21.7039 6.45563e-07 -6.7512e-08 1 -0.00780803 0 0 0 1 
34562489690015;0.264634;1.88661;100;1 -2.89432e-07 1.98591e-07 -3.03827 2.89432e-07 1 1.01524e-08 -15.2063 -1.98591e-07 -1.01523e-08 1 -0.00730062 0 0 0 1 
34562489690016;0.0384264;1.95188;100;1 -2.07172e-07 3.27693e-08 -0.970142 2.07172e-07 1 3.35066e-08 17.0983 -3.27693e-08 -3.35066e-08 1 0.149478 0 0 0 1 
34562489690017;0.317284;1.18168;100;1 -4.82943e-07 6.61043e-07 -4.19706 4.82943e-07 1 3.36478e-08 -7.47829 -6.61043e-07 -3.36475e-08 1 -0.0488515 0 0 0 1 
34562489690018;0.287954;2.61811;100;1 -3.04237e-07 1.28216e-06 -1.15203 3.04237e-07 1 -1.84553e-08 22.0606 -1.28216e-06 1.84557e-08 1 0.431926 0 0 0 1 
34562489690019;0.362659;1.11722;100;0.987845 0.00104829 0.155438 77.7097 0.00107313 0.999907 -0.0135635 -15.7389 -0.155437 0.0135655 0.987753 39.537 0 0 0 1 
34562489690020;0.112961;0.97645;100;0.999706 1.47281e-05 -0.0242557 90.7012 3.67815e-05 0.999998 0.00212317 -16.8572 0.0242556 -0.00212343 0.999704 45.7888 0 0 0 1 
34562489690021;0.197833;1.94185;100;1 -1.36007e-07 -1.44646e-06 -2.00958 1.36007e-07 1 7.27283e-09 -16.7226 1.44646e-06 -7.27303e-09 1 -0.405399 0 0 0 1 
34562489690022;0.278308;2.81446;100;1 -2.44509e-07 1.99509e-06 -3.61509 2.4451e-07 1 -1.32228e-07 -23.0382 -1.99509e-06 1.32229e-07 1 0.540672 0 0 0 1 
34562489690023;0.193536;0.835453;100;0.999758 1.79295e-05 -0.0219929 24.0571 2.42795e-05 0.999998 0.00191894 2.15488 0.0219929 -0.00191901 0.999756 -8.12966 0 0 0 1 
34562489690024;0.347959;1.79671;100;1 -1.65853e-07 3.85746e-06 -1.97688 1.65853e-07 1 -3.84015e-08 -15.0343 -3.85746e-06 3.84022e-08 1 0.263592 0 0 0 1 
34562489690025;0.302077;1.35754;100;0.998545 0.000118304 -0.0539198 71.792 0.000135595 0.999989 0.00470515 1.73765 0.0539197 -0.00470562 0.998534 -14.4635 0 0 0 1 
34562489690026;0.218188;1.05211;100;0.999948 3.40673e-06 0.0102411 2.75776 5.74424e-06 1 -0.000893523 7.03182 -0.0102411 0.000893535 0.999947 3.70399 0 0 0 1 
34562489690027;0.18191;1.43915;100;0.987424 0.00102476 -0.15809 611.228 0.00118514 0.999903 0.0138838 -40.7785 0.158089 -0.0138966 0.987327 764.773 0 0 0 1 
34562489690028;0.340963;2.12752;100;1 -3.44945e-07 1.22031e-06 -3.82936 3.44945e-07 1 -3.48097e-08 -16.5035 -1.22031e-06 3.48101e-08 1 0.21474 0 0 0 1 
34562489690029;0.238574;1.44326;100;0.994476 0.000507995 0.104963 -225.728 0.000455555 0.999958 -0.00915573 7.12304 -0.104963 0.00915297 0.994434 86.6012 0 0 0 1 
34562489690031;0.530935;1.94891;100;0.999732 3.03899e-05 -0.0231705 -49.078 1.64001e-05 0.999998 0.00201919 7.99577 0.0231705 -0.00201903 0.999729 -29.391 0 0 0 1 
34562489690032;0.306555;1.77884;100;0.99073 0.000810302 0.135846 -23.8854 0.000807014 0.999929 -0.01185 -0.890806 -0.135846 0.0118498 0.990659 76.8773 0 0 0 1 
34562489690033;0.46032;2.22027;100;0.998828 0.00010507 -0.0484031 -13.0534 9.94943e-05 0.999991 0.00422384 7.05684 0.0484031 -0.00422371 0.998819 -15.0235 0 0 0 1 
34562489690034;0.385219;2.14598;100;0.998105 0.000185845 -0.0615354 -150.762 0.000144246 0.999986 0.00535976 17.6341 0.0615355 -0.00535848 0.998091 -109.042 0 0 0 1 
34562489690035;0.341621;4.00085;100;0.981801 0.0015831 0.189907 21.2615 0.00158983 0.999862 -0.0165543 -13.0723 -0.189906 0.016555 0.981663 193.548 0 0 0 1 
34562489690036;0.158469;0.611922;100;0.996228 0.000331258 -0.0867701 -2.2203 0.000326915 0.999971 0.00757092 -0.511417 0.0867701 -0.00757073 0.9962 -33.0466 0 0 0 1 
34562489690037;0.364175;2.4282;100;0.995441 0.000391465 -0.0953735 69.2454 0.000404726 0.999965 0.00832864 -12.0386 0.0953735 -0.00832928 0.995407 25.8687 0 0 0 1 
34562489690038;0.437441;2.44724;100;0.993152 0.000612771 0.116827 -131.418 0.000583003 0.999948 -0.010201 16.8172 -0.116827 0.0101993 0.9931 -2.07469 0 0 0 1 
34562489690039;0.392147;1.94163;100;0.999423 4.86325e-05 0.0339718 12.2623 5.21392e-05 0.999996 -0.00296544 -5.68979 -0.0339718 0.0029655 0.999418 2.05428 0 0 0 1 
34562489690040;0.283513;3.30477;100;0.995502 0.000388864 -0.0947426 49.0889 0.000394392 0.999966 0.00824834 -12.3731 0.0947426 -0.0082486 0.995468 -179.839 0 0 0 1 
34562489690041;0.287266;1.60199;100;0.993914 0.000545851 -0.110158 -98.6456 0.000516614 0.999954 0.00961618 12.1923 0.110158 -0.00961456 0.993868 -16.68 0 0 0 1 
34562489690042;0.329992;2.26709;100;0.993914 0.000545412 0.110155 -124.52 0.000516826 0.999954 -0.00961436 15.8426 -0.110155 0.00961279 0.993868 29.982 0 0 0 1 
34562489690043;0.516204;2.04366;100;0.997914 0.00019462 -0.0645647 -86.7829 0.000169293 0.999984 0.0056309 10.0027 0.0645647 -0.00563008 0.997898 -50.7481 0 0 0 1 
34562489690044;0.236329;1.48817;100;0.999708 2.74252e-05 -0.0241473 -9.62702 2.34545e-05 0.999998 0.00210678 -1.729 0.0241473 -0.00210673 0.999706 -10.8435 0 0 0 1 
34562489690045;0.316589;1.44484;100;0.998818 7.5127e-05 -0.0486057 236.079 0.000135692 0.999991 0.00433402 -19.555 0.0486056 -0.0043355 0.998809 742.313 0 0 0 1 
34562489690046;0.376135;1.40802;100;0.998173 0.000166941 -0.0604138 -47.7685 0.000151953 0.999986 0.00527386 5.49394 0.0604139 -0.00527341 0.998159 -5.92465 0 0 0 1 
34562489690047;0.485231;1.72724;100;0.997659 0.000208119 -0.0683841 -18.3992 0.000200468 0.999982 0.00596797 6.53274 0.0683842 -0.00596771 0.997641 -18.0367 0 0 0 1 
34562489690048;0.199981;2.16911;100;0.999997 -7.76605e-07 -0.0025357 10.9983 1.33402e-06 1 0.000219825 5.49362 0.0025357 -0.000219828 0.999997 -12.1841 0 0 0 1 
34562489690049;0.208318;0.960192;100;1 -1.35789e-07 -6.04813e-06 -0.970329 1.35792e-07 1 3.77133e-07 -1.50478 6.04813e-06 -3.77134e-07 1 -1.13477 0 0 0 1 
34562489690050;0.378047;1.44609;100;0.973694 0.00231259 -0.227848 -94.0949 0.00227912 0.9998 0.0198874 6.86583 0.227848 -0.0198835 0.973494 -56.5891 0 0 0 1 
34562489690051;0.381473;1.71489;100;0.999896 1.55481e-05 0.0144104 -50.5697 2.54281e-06 0.999999 -0.00125539 7.5645 -0.0144104 0.00125529 0.999895 21.6795 0 0 0 1 
34562489690052;0.123011;1.43825;100;0.999203 7.76511e-05 -0.0399235 -54.9342 6.14353e-05 0.999994 0.00348258 3.92665 0.0399235 -0.00348226 0.999197 -24.3616 0 0 0 1 
34562489690053;0.447449;1.93889;100;0.999985 6.5993e-06 0.00556508 -38.6764 -3.90633e-06 1 -0.000483915 6.7914 -0.00556509 0.000483885 0.999984 15.5403 0 0 0 1 
34562489690054;0.341689;1.7708;100;0.934022 0.00596922 -0.357165 -1631.19 0.00567949 0.999486 0.0315566 147.345 0.35717 -0.0315031 0.933508 2604.04 0 0 0 1 
34562489690055;0.435439;1.39953;100;0.998991 9.87721e-05 -0.0449078 -76.2445 7.70448e-05 0.999992 0.00391332 6.55551 0.0449078 -0.00391283 0.998983 -60.4231 0 0 0 1 
34562489690056;0.453077;1.19363;100;0.93194 0.00480264 -0.362582 9214.96 0.00645189 0.999534 0.0298227 -785.452 0.362556 -0.0301323 0.931475 -12208.4 0 0 0 1 
34562489690057;0.243925;4.432;100;0.999678 1.73247e-05 0.0253686 84.2492 3.88582e-05 0.999998 -0.00221417 -20.6748 -0.0253686 0.00221444 0.999676 1.97188 0 0 0 1 
34562489690058;0.299623;1.36331;100;0.988224 0.00103533 0.153013 -76.2975 0.00101923 0.99991 -0.0133483 8.0765 -0.153013 0.0133471 0.988134 88.1721 0 0 0 1 
34562489690059;0.121954;0.901127;100;1 1.50557e-07 -8.03257e-07 1.41088 -1.50557e-07 1 2.5844e-08 -0.410555 8.03257e-07 -2.58439e-08 1 -0.854803 0 0 0 1 
34562489690060;0.336224;1.7996;100;0.999336 7.19015e-05 0.0364247 -112.584 4.3945e-05 0.999995 -0.00317962 12.2279 -0.0364248 0.00317911 0.999331 6.27282 0 0 0 1 
34562489690062;0.450678;1.7781;100;0.990846 0.000786043 0.134993 86.2871 0.00081876 0.99993 -0.0118321 -13.3339 -0.134993 0.0118343 0.990776 -375.927 0 0 0 1 
34562489690063;0.504888;3.17858;100;0.980618 0.00168658 0.195921 19.8481 0.0016954 0.999852 -0.0170929 -10.1822 -0.195921 0.0170938 0.980471 114.167 0 0 0 1 
34562489690064;0.452148;1.37763;100;1 -1.55036e-07 2.27307e-07 -1.56479 1.55036e-07 1 -2.55527e-08 -3.29833 -2.27307e-07 2.55527e-08 1 -0.0585425 0 0 0 1 
34562489690065;0.324911;2.38352;100;0.999671 2.81028e-05 -0.0256469 6.3836 2.93291e-05 0.999997 0.00223895 -6.57172 0.0256469 -0.00223897 0.999669 -3.69991 0 0 0 1 
34562489690066;0.34336;1.16575;100;0.998722 0.000110249 0.0505329 3.86391 0.000112675 0.99999 -0.0044086 -3.42062 -0.0505329 0.00440866 0.998713 30.474 0 0 0 1 
34562489690067;0.18061;3.57939;100;0.999964 -1.03495e-05 0.00842964 106.464 1.65253e-05 1 -0.000732558 -19.4437 -0.00842963 0.000732672 0.999964 27.5403 0 0 0 1 
34562489690068;0.143206;1.60594;100;0.999857 1.38747e-05 0.0169183 -12.4799 1.11154e-05 0.999999 -0.00147701 -3.15736 -0.0169183 0.00147699 0.999856 2.47912 0 0 0 1 
34562489690069;0.265071;4.64449;100;0.999934 1.75276e-05 0.0114482 -95.5698 -6.18727e-06 1 -0.000990616 -4.42141 -0.0114482 0.00099048 0.999934 72.9817 0 0 0 1 
34562489690070;0.337998;2.62716;100;0.914274 0.00747372 -0.405027 149.315 0.00749774 0.999346 0.0353652 -20.3085 0.405026 -0.0353702 0.913621 42.0537 0 0 0 1 
34562489690071;0.291767;1.32861;100;1 6.61437e-07 -0.000767565 -3.45998 -6.10691e-07 1 6.61134e-05 -2.87128 0.000767565 -6.61129e-05 1 -6.62278 0 0 0 1 
34562489690072;0.432542;1.86211;100;0.960447 0.0034795 0.278441 -245.221 0.00352218 0.99969 -0.0246418 17.1309 -0.27844 0.0246479 0.960137 -2687.63 0 0 0 1 
34562489690073;0.333627;1.49375;100;0.997243 0.000243066 -0.0742087 -8.04333 0.000238299 0.999979 0.00647771 -3.22491 0.0742087 -0.00647753 0.997222 -18.67 0 0 0 1 
34562489690074;0.333091;4.36804;100;0.956132 0.00385086 0.292909 -202.064 0.0038122 0.999665 -0.0255866 6.10372 -0.29291 0.0255808 0.955798 -27.4466 0 0 0 1 
34562489690075;0.300984;4.4746;100;0.968202 0.00255287 -0.250156 1833.42 0.002938 0.999763 0.0215739 -172.16 0.250152 -0.0216229 0.967965 -1767.06 0 0 0 1 
34562489690076;0.255405;3.56432;100;0.999526 4.03822e-05 0.0307859 3.39985 4.23918e-05 0.999996 -0.00268804 -9.76536 -0.0307859 0.00268807 0.999522 1.48574 0 0 0 1 
34562489690077;0.37018;1.79902;100;0.873709 0.0110356 -0.486324 3.29297 0.0110171 0.999037 0.0424628 -5.42584 0.486324 -0.042458 0.872746 -41.4022 0 0 0 1 
34562489690078;0.123389;1.20286;100;0.99837 0.000145078 -0.0570791 -12.4333 0.0001396 0.999988 0.00498342 -1.84917 0.0570791 -0.00498327 0.998357 -6.45589 0 0 0 1 
34562489690079;0.437756;5.48895;100;0.99665 0.000316654 -0.0817873 -179.357 0.00026924 0.999974 0.0071525 0.937278 0.0817874 -0.00715056 0.996624 72.4062 0 0 0 1 
34562489690080;0.248888;2.03169;100;1 2.04868e-07 -7.66747e-07 1.28379 -2.04868e-07 1 6.09118e-08 -4.3706 7.66747e-07 -6.09117e-08 1 -0.146604 0 0 0 1 
34562489690081;0.238106;2.65911;100;0.999902 6.92551e-06 0.0139785 8.16869 1.0131e-05 0.999999 -0.00122013 -7.93902 -0.0139785 0.00122015 0.999902 3.24826 0 0 0 1 
34562489690082;0.176775;1.15988;100;0.989057 0.00132109 0.147529 -2960.73 0.000671787 0.999909 -0.0134577 257.514 -0.147533 0.0134096 0.988966 -4239.23 0 0 0 1 
34562489690083;0.334152;6.96148;100;0.999987 7.6386e-05 0.00515493 -605.676 -7.41704e-05 1 -0.000430007 33.0301 -0.00515496 0.000429619 0.999987 165.722 0 0 0 1 
34562489690084;0.376441;0.508793;100;0.998905 0.000100163 -0.0467773 -29.1199 9.09438e-05 0.999992 0.0040833 2.56203 0.0467773 -0.00408309 0.998897 -11.6005 0 0 0 1 
34562489690085;0.162081;1.54736;100;0.998652 0.00011837 -0.0519044 2.78534 0.000117009 0.99999 0.0045318 -4.18627 0.0519044 -0.00453177 0.998642 -3.97188 0 0 0 1 
34562489690086;0.435379;1.61037;100;1 2.61457e-08 3.83132e-07 -0.125558 -2.61456e-08 1 -7.41753e-08 -3.96914 -3.83132e-07 7.41753e-08 1 0.372353 0 0 0 1 
34562489690087;0.326485;3.34051;100;0.999447 5.09576e-05 0.0332545 -25.2994 4.56067e-05 0.999996 -0.00290303 -7.46788 -0.0332545 0.00290294 0.999443 6.66085 0 0 0 1 
34562489690088;0.343468;1.14818;100;0.999693 2.86297e-05 -0.0247882 -9.05565 2.50077e-05 0.999998 0.00216352 -1.48847 0.0247882 -0.00216348 0.99969 -7.88518 0 0 0 1 
34562489690089;0.181879;3.87465;100;0.999657 3.20462e-05 -0.0261784 -10.8398 2.78084e-05 0.999997 0.00228604 -9.44126 0.0261784 -0.00228599 0.999655 1.01955 0 0 0 1 
34562489690090;0.274172;3.02035;100;0.977819 0.00150965 -0.209447 3464.76 0.0024776 0.999821 0.0187734 -308.771 0.209437 -0.0188759 0.97764 4734.58 0 0 0 1 
34562489690091;0.516972;4.86656;100;0.999889 9.89861e-05 -0.0148924 -711.662 -7.96412e-05 0.999999 0.00129957 49.4789 0.0148925 -0.00129824 0.999888 -18.2904 0 0 0 1 
34562489690093;0.4248;1.37908;100;1 1.51373e-06 -9.85002e-07 -15.5955 -1.51372e-06 1 1.30032e-05 12.3215 9.85022e-07 -1.30032e-05 1 105.07 0 0 0 1 
34562489690094;0.0934313;0.602571;100;0.998997 9.28863e-05 0.0447692 -49.6338 8.19773e-05 0.999992 -0.00390403 10.2754 -0.0447693 0.00390379 0.99899 39.34 0 0 0 1 
34562489690095;0.144672;1.1997;100;1 -4.0131e-08 1.70538e-06 0.00508673 4.01312e-08 1 -9.5123e-08 11.8338 -1.70538e-06 9.51231e-08 1 0.90964 0 0 0 1 
34562489690096;0.228702;0.78092;100;0.998222 -0.000215651 -0.0596013 2988.97 0.000541929 0.999985 0.00545823 -254.725 0.0595992 -0.00548083 0.998207 2230 0 0 0 1 
34562489690097;0.121961;0.890558;100;0.996442 0.000172775 0.084287 1093.67 0.000455752 0.999972 -0.00743768 -103.716 -0.084286 0.00744963 0.996414 -729.165 0 0 0 1 
34562489690098;0.286027;0.731352;100;0.9986 -0.0001007 0.0528874 1783.49 0.000350845 0.999989 -0.00472049 -149.616 -0.0528864 0.00473244 0.998589 -924.39 0 0 0 1 
34562489690099;0.0245713;0.0627679;100;1 -2.58437e-07 0.000591063 1.78165 2.88582e-07 1 -5.10015e-05 -0.622513 -0.000591063 5.10016e-05 1 4.63033 0 0 0 1 
34562489690100;0.214406;1.13534;100;0.994312 0.00135653 -0.106498 -6905.5 -0.000396481 0.999959 0.00903537 617.16 0.106506 -0.00894175 0.994272 -2874.33 0 0 0 1 
34562489690101;0.290539;0.767127;100;1 -3.2569e-07 4.47758e-06 -1.66765 3.25691e-07 1 -1.9608e-07 3.62687 -4.47758e-06 1.96082e-07 1 1.27886 0 0 0 1 
34562489690102;0.160438;0.731264;100;0.999515 3.92122e-05 -0.0311484 26.5692 4.54944e-05 0.999996 0.00271874 -8.68726 0.0311484 -0.00271884 0.999511 -6.53937 0 0 0 1 
34562489690103;0.385248;0.906019;100;1 -1.60755e-07 2.92864e-06 -1.56992 1.60756e-07 1 -2.9117e-07 -6.03473 -2.92864e-06 2.91171e-07 1 1.16346 0 0 0 1 
34562489690104;0.150227;0.927909;100;0.999899 4.8841e-06 0.0142321 26.1777 1.27974e-05 0.999999 -0.00124227 -10.4336 -0.0142321 0.00124233 0.999898 1.77732 0 0 0 1 
34562489690105;0.212702;0.811884;100;0.999503 4.00447e-05 0.031536 19.6101 4.67353e-05 0.999996 -0.00275104 -9.20915 -0.031536 0.00275114 0.999499 16.735 0 0 0 1 
34562489690106;0.369761;0.79056;100;0.995757 -0.000267901 0.0920236 5119 0.00102457 0.999966 -0.00817538 -441.144 -0.0920183 0.00823498 0.995723 -1616.18 0 0 0 1 
34562489690107;0.232667;0.692956;100;0.999883 6.30667e-06 0.0153105 24.9805 1.41381e-05 0.999999 -0.00133524 3.2499 -0.0153104 0.0013353 0.999882 11.1143 0 0 0 1 
34562489690108;0.240619;0.830989;100;0.999645 2.68836e-05 -0.026655 31.303 3.51374e-05 0.999997 0.00232634 0.772673 0.026655 -0.00232645 0.999642 -6.38429 0 0 0 1 
34562489690109;0.185949;0.328179;100;1 -1.69939e-07 -4.42741e-06 -0.309208 1.6994e-07 1 2.23433e-07 0.32889 4.42741e-06 -2.23434e-07 1 -1.30028 0 0 0 1 
34562489690110;0.265953;0.545127;100;0.998049 -0.000210505 -0.0624323 3069.63 0.000551213 0.999985 0.00544006 -268.627 0.0624302 -0.00546386 0.998034 105.349 0 0 0 1 
34562489690111;0.165425;1.40417;100;0.999784 2.0889e-05 0.0207673 -18.0343 1.67207e-05 0.999998 -0.00181083 15.8945 -0.0207674 0.00181078 0.999783 18.9525 0 0 0 1 
34562489690112;0.350609;0.894625;100;0.993839 0.000539988 0.110833 -33.1663 0.000535199 0.999953 -0.00967098 12.0591 -0.110833 0.00967071 0.993792 48.2709 0 0 0 1 
34562489690113;0.399049;0.877508;100;1 -2.60253e-07 -1.73169e-07 -1.39794 2.60253e-07 1 8.4254e-09 5.47281 1.73169e-07 -8.42545e-09 1 -0.169489 0 0 0 1 
34562489690114;0.0997142;1.56489;100;1 1.43949e-07 7.40859e-07 1.8635 -1.43949e-07 1 1.5051e-08 15.5673 -7.40859e-07 -1.50511e-08 1 0.299309 0 0 0 1 
34562489690115;0.280795;0.54321;100;1 -5.39553e-07 -2.08777e-05 0.989814 5.39585e-07 1 1.49138e-06 0.805734 2.08777e-05 -1.49139e-06 1 -2.70241 0 0 0 1 
34562489690116;0.37279;0.777671;100;1 -2.61927e-07 -6.3161e-07 -1.40796 2.61927e-07 1 6.96405e-08 4.39629 6.3161e-07 -6.96406e-08 1 -0.755195 0 0 0 1 
34562489690117;0.26675;2.49947;100;1 -2.86936e-07 -1.76742e-07 -0.410496 2.86936e-07 1 4.69177e-08 23.7938 1.76742e-07 -4.69177e-08 1 1.06287 0 0 0 1 
34562489690118;0.0989808;1.13216;100;0.995742 -0.00142929 -0.0921758 14503.3 0.00210171 0.999972 0.00719829 -1262.73 0.0921629 -0.00736136 0.995717 -5513.27 0 0 0 1 
34562489690119;0.386067;0.988676;100;0.995541 0.000378616 -0.0943242 92.2648 0.000399435 0.999966 0.00822967 -6.69378 0.0943242 -0.00823065 0.995508 -36.2581 0 0 0 1 
34562489690120;0.309421;1.7791;100;1 1.16188e-07 2.49226e-06 2.00526 -1.16188e-07 1 -6.76077e-08 16.5078 -2.49226e-06 6.76074e-08 1 1.48218 0 0 0 1 
34562489690121;0.382301;1.22149;100;1 -7.66989e-07 9.46985e-07 -1.9099 7.66989e-07 1 4.20711e-07 5.76369 -9.46986e-07 -4.2071e-07 1 4.14805 0 0 0 1 
34562489690122;0.179762;1.0169;100;0.999984 6.4306e-07 0.00570573 2.10922 2.19979e-06 1 -0.000498238 -9.37936 -0.00570573 0.000498243 0.999984 0.315985 0 0 0 1 
34562489690124;0.346704;1.25057;100;0.999371 4.83116e-05 -0.0354672 54.1719 6.13432e-05 0.999995 0.00309063 2.00487 0.0354672 -0.00309086 0.999366 -47.1068 0 0 0 1 
34562489690125;0.12865;1.28787;100;0.999726 2.92906e-05 -0.0233887 -39.3061 1.84289e-05 0.999998 0.00204006 13.0949 0.0233887 -0.00203994 0.999724 -16.963 0 0 0 1 
34562489690126;0.441684;2.60698;100;0.999132 8.07578e-05 0.0416633 -44.5355 7.07005e-05 0.999993 -0.00363381 22.7987 -0.0416633 0.0036336 0.999125 33.0861 0 0 0 1 
34562489690127;0.210546;1.10823;100;0.999993 2.10549e-06 0.00366848 -10.1207 -9.35585e-07 1 -0.000318909 8.60755 -0.00366848 0.000318904 0.999993 10.4278 0 0 0 1 
34562489690128;0.0334274;0.948275;100;0.99986 4.62869e-06 -0.0167541 63.0637 1.98173e-05 0.999999 0.00145894 -12.9374 0.0167541 -0.00145907 0.999859 -29.91 0 0 0 1 
34562489690129;0.0803559;0.232171;100;1 -5.00265e-06 -8.71499e-05 38.607 5.00341e-06 1 8.72287e-06 -3.16775 8.71498e-05 -8.72331e-06 1 8.34403 0 0 0 1 
34562489690130;0.355847;0.912373;100;1 -2.76247e-07 -3.10857e-06 -1.44194 2.76248e-07 1 1.55679e-07 5.79356 3.10857e-06 -1.5568e-07 1 -1.35168 0 0 0 1 
34562489690131;0.103607;2.75699;100;0.999987 3.11778e-05 -0.00501916 -240.296 -2.90373e-05 1 0.000426553 43.0374 0.00501917 -0.000426402 0.999987 -95.6777 0 0 0 1 
34562489690132;0.232394;1.83033;100;0.999922 2.50635e-06 -0.0125175 33.0871 1.1166e-05 0.999999 0.00109218 11.4984 0.0125175 -0.00109224 0.999921 -5.97995 0 0 0 1 
34562489690133;0.372111;0.903279;100;0.998553 0.000120549 -0.0537836 50.6705 0.000132107 0.999989 0.00469405 0.0687661 0.0537836 -0.00469436 0.998542 -11.9709 0 0 0 1 
34562489690134;0.23228;0.934864;100;0.999998 -1.37139e-06 -0.00220418 9.86743 1.79386e-06 1 0.000191666 5.88958 0.00220418 -0.000191669 0.999998 -6.6132 0 0 0 1 
34562489690135;0.171644;2.25414;100;1 -2.79061e-08 -2.4062e-06 0.461015 2.79063e-08 1 9.57191e-08 17.1316 2.4062e-06 -9.57191e-08 1 -0.183204 0 0 0 1 
34562489690136;0.200279;0.611306;100;0.999999 -2.94752e-06 0.00102496 21.6163 3.03918e-06 1 -8.94294e-05 1.98225 -0.00102496 8.94325e-05 0.999999 0.0014797 0 0 0 1 
34562489690137;0.062551;0.889365;100;0.998495 0.0011932 -0.054835 -8533.47 -0.000971033 0.999991 0.00407799 745.253 0.0548393 -0.00401861 0.998487 -6189.67 0 0 0 1 
34562489690138;0.126833;1.35929;100;1 1.83472e-07 2.73762e-07 1.7774 -1.83472e-07 1 -2.31145e-08 10.7418 -2.73762e-07 2.31144e-08 1 0.240638 0 0 0 1 
34562489690139;0.334771;2.22182;100;1 1.33085e-07 4.04036e-07 1.94926 -1.33085e-07 1 3.50304e-08 16.2225 -4.04036e-07 -3.50305e-08 1 0.343533 0 0 0 1 
34562489690140;0.169798;1.95579;100;1 -3.02008e-07 8.27598e-08 -0.827621 3.02008e-07 1 2.2246e-08 14.8342 -8.27598e-08 -2.22459e-08 1 -0.0389003 0 0 0 1 
34562489690141;0.269667;1.86772;100;0.999966 4.94813e-06 -0.00821558 -11.8155 9.42507e-07 1 0.000717004 15.0514 0.00821558 -0.000716988 0.999966 -2.61349 0 0 0 1 
34562489690142;0.0756236;0.805814;100;0.999433 -0.000148574 -0.0336838 1595.13 0.000243869 0.999996 0.00282503 -144.487 0.0336832 -0.00283164 0.999429 -878.938 0 0 0 1 
34562489690143;0.273373;1.18288;100;0.999372 5.85271e-05 0.0354341 -31.4705 5.10173e-05 0.999995 -0.00309058 11.1903 -0.0354342 0.00309045 0.999367 26.1627 0 0 0 1 
34562489690144;0.115892;2.90994;100;1 1.29234e-07 3.81302e-06 2.03659 -1.29233e-07 1 -8.4304e-08 22.5678 -3.81302e-06 8.43035e-08 1 1.35567 0 0 0 1 
34562489690145;0.160443;1.37315;100;0.999631 5.55247e-05 0.0271589 -191.122 2.30091e-05 0.999996 -0.00289132 7.27903 -0.027159 0.00289088 0.999627 -4181.7 0 0 0 1 
34562489690146;0.0878609;2.33393;100;1 8.75036e-08 1.45525e-06 1.72643 -8.75035e-08 1 -3.24878e-08 17.9886 -1.45525e-06 3.24877e-08 1 0.904447 0 0 0 1 
34562489690147;0.0902058;1.14118;100;0.998295 0.000135611 -0.0583674 113.733 0.000161947 0.999987 0.00509328 -1.13273 0.0583673 -0.00509404 0.998282 -16.003 0 0 0 1 
34562489690148;0.253989;2.43331;100;1 1.10219e-07 -1.87412e-06 2.09287 -1.10219e-07 1 1.11982e-07 17.843 1.87412e-06 -1.11982e-07 1 -0.134451 0 0 0 1 
34562489690149;0.415878;0.557715;100;1 -1.45844e-07 -1.51557e-06 -1.03219 1.45844e-07 1 9.08022e-08 0.0888807 1.51557e-06 -9.08024e-08 1 -1.04256 0 0 0 1 
34562489690150;0.323952;0.684832;100;1 -2.57249e-07 -3.15066e-06 -1.70607 2.5725e-07 1 1.51182e-07 2.94483 3.15066e-06 -1.51183e-07 1 -1.10802 0 0 0 1 
34562489690151;0.0908205;1.7859;100;1 2.1139e-07 6.55425e-07 1.74592 -2.1139e-07 1 -2.09937e-08 13.7458 -6.55425e-07 2.09936e-08 1 0.257097 0 0 0 1 
34562489690152;0.416208;1.06987;100;0.998583 0.000123868 -0.0532174 3.66656 0.000123424 0.999989 0.00464353 7.06524 0.0532174 -0.00464351 0.998572 -22.0188 0 0 0 1 
34562489690153;0.0988573;1.95348;100;0.999956 5.73112e-06 -0.00932949 -12.8314 1.83068e-06 1 0.000810518 -14.5699 0.00932949 -0.0008105 0.999956 -32.1187 0 0 0 1 
34562489690155;0.259195;2.14469;100;0.999608 3.31577e-05 -0.0279805 12.874 3.51743e-05 0.999997 0.00244163 13.2489 0.0279805 -0.00244166 0.999605 -10.8361 0 0 0 1 
34562489690156;0.172496;1.52613;100;1 -2.06586e-07 -2.16202e-06 -0.37534 2.06586e-07 1 1.10653e-07 10.9738 2.16202e-06 -1.10654e-07 1 -1.40783 0 0 0 1 
34562489690157;0.159263;0.872886;100;0.998778 -0.000596472 0.0494099 5654.33 0.000829409 0.999989 -0.004694 -486.403 -0.0494065 0.00472925 0.998768 -3344.56 0 0 0 1 
34562489690158;0.105511;0.442668;100;0.999104 0.000132242 0.0423212 -437.665 2.69008e-05 0.999993 -0.00375976 37.7063 -0.0423214 0.00375753 0.999097 -503.381 0 0 0 1 
34562489690159;0.266866;1.14266;100;1 -5.60395e-09 3.70718e-07 0.567241 5.60394e-09 1 4.08235e-08 7.88592 -3.70718e-07 -4.08235e-08 1 -0.152459 0 0 0 1 
34562489690160;0.0473697;0.616501;100;0.999896 0.00024266 0.0144448 -1877.97 -0.000219406 0.999999 -0.00161142 167.932 -0.0144452 0.00160808 0.999894 -2791.49 0 0 0 1 
34562489690161;0.216211;0.943694;100;1 -1.42421e-06 -5.95242e-07 13.53 1.42421e-06 1 -1.44915e-06 5.23515 5.95244e-07 1.44915e-06 1 -11.9182 0 0 0 1 
34562489690162;0.156911;1.18239;100;0.999907 1.17908e-05 0.0136028 -27.3332 4.34775e-06 0.999999 -0.00118638 10.3726 -0.0136028 0.00118633 0.999907 9.91439 0 0 0 1 
34562489690163;0.149607;2.16409;100;0.998583 7.27906e-05 0.0532185 401.708 0.000175891 0.999989 -0.00466814 -18.5269 -0.0532183 0.00467089 0.998572 -197.684 0 0 0 1 
34562489690164;0.334807;1.48411;100;0.999627 4.35348e-05 0.0272993 -84.0518 2.14417e-05 0.999997 -0.00237985 4.02687 -0.0272994 0.00237955 0.999624 30.3841 0 0 0 1 
34562489690165;0.385816;1.58856;100;0.980392 0.00153221 0.197052 1425.64 0.00233573 0.999809 -0.0193952 -96.2429 -0.197044 0.0194751 0.980201 -18274.4 0 0 0 1 
34562489690166;0.333068;1.49219;100;0.998906 0.000101494 0.0467725 -49.5976 8.95119e-05 0.999992 -0.00408161 14.2211 -0.0467725 0.00408133 0.998897 18.2419 0 0 0 1 
34562489690167;0.363242;1.1888;100;1 1.33989e-07 4.61473e-07 1.99798 -1.33989e-07 1 1.80578e-08 6.65601 -4.61473e-07 -1.80579e-08 1 -0.0774249 0 0 0 1 
34562489690168;0.405801;1.62761;100;0.998681 0.000124881 -0.0513476 -69.5159 0.000104946 0.99999 0.00447318 19.2649 0.0513476 -0.00447266 0.998671 -84.8393 0 0 0 1 
34562489690169;0.233383;1.75687;100;0.99947 4.48749e-05 -0.0325527 16.0679 4.76314e-05 0.999996 0.00284096 10.6153 0.0325527 -0.002841 0.999466 -9.68643 0 0 0 1 
34562489690170;0.111556;1.1828;100;1 1.07151e-07 1.46202e-06 2.10909 -1.07151e-07 1 -5.95816e-08 7.87866 -1.46202e-06 5.95814e-08 1 0.0582747 0 0 0 1 
34562489690171;0.0960451;1.23982;100;0.999366 5.71027e-05 -0.0355988 -8.2283 5.34902e-05 0.999995 0.00310569 9.86461 0.0355988 -0.00310562 0.999361 -20.4294 0 0 0 1 
34562489690172;0.321124;1.10934;100;0.999165 8.08215e-05 0.0408467 -66.7613 6.52855e-05 0.999994 -0.00357562 13.4059 -0.0408467 0.0035753 0.999159 -73.8989 0 0 0 1 
34562489690173;0.268086;1.12395;100;0.999474 4.24493e-05 0.0324267 24.6242 4.92234e-05 0.999996 -0.00282627 5.31073 -0.0324267 0.00282638 0.99947 38.739 0 0 0 1 
34562489690174;0.189053;1.2668;100;0.999941 6.28969e-06 0.010845 -6.65363 3.97534e-06 1 -0.000946497 8.6568 -0.010845 0.000946484 0.999941 2.64589 0 0 0 1 
34562489690175;0.133957;1.03905;100;0.999908 1.31539e-05 0.0135387 -39.5336 2.82809e-06 0.999999 -0.00118045 9.98801 -0.0135387 0.00118038 0.999908 13.1496 0 0 0 1 
34562489690176;0.144022;0.698296;100;0.999962 7.37721e-06 0.00875364 -29.082 -6.97927e-07 1 -0.000763033 3.35294 -0.00875364 0.000762997 0.999961 9.69655 0 0 0 1 
34562489690177;0.320514;1.60429;100;0.99999 1.43265e-06 0.00458152 -1.11665 3.98802e-07 1 -0.000399747 10.1924 -0.00458152 0.000399745 0.999989 1.91864 0 0 0 1 
34562489690178;0.353901;1.42594;100;0.993243 0.000591131 -0.116051 8.53148 0.000588076 0.999949 0.0101266 8.85222 0.116051 -0.0101264 0.993192 -46.1522 0 0 0 1 
34562489690179;0.0142393;0.533917;100;1 9.67863e-08 1.64292e-06 1.63105 -9.67862e-08 1 -8.34235e-08 2.89459 -1.64292e-06 8.34233e-08 1 0.374761 0 0 0 1 
34562489690180;0.106434;0.296596;100;0.999789 1.86228e-05 -0.0205249 1.49398 1.81285e-05 0.999998 0.00179038 1.15742 0.0205249 -0.00179038 0.999788 -13.0078 0 0 0 1 
34562489690181;0.139987;0.394151;100;1 -1.1844e-07 1.42486e-05 1.11717 1.18458e-07 1 -1.29039e-06 2.89431 -1.42486e-05 1.29039e-06 1 0.00303453 0 0 0 1 
34562489690182;0.247912;1.39983;100;0.993289 0.000577995 -0.115659 83.5553 0.000593543 0.999949 0.0100945 2.06506 0.115659 -0.0100954 0.993238 -20.0944 0 0 0 1 
34562489690183;0.115667;1.77358;100;1 1.51741e-07 2.33746e-06 2.02794 -1.51741e-07 1 -1.20516e-08 12.2725 -2.33746e-06 1.20513e-08 1 0.487613 0 0 0 1 
34562489690184;0.228068;1.34245;100;0.99999 2.4992e-06 0.0044121 -6.73319 -8.01374e-07 1 -0.000384812 6.46954 -0.0044121 0.000384805 0.99999 2.98768 0 0 0 1 
34562489690186;0.0711037;0.756449;100;1 2.23744e-07 3.60056e-07 0.478787 -2.23744e-07 1 -1.57433e-08 -9.19451 -3.60056e-07 1.57432e-08 1 -0.340197 0 0 0 1 
34562489690187;0.0441165;0.335135;100;0.999511 4.08202e-05 0.0312775 12.2538 4.4548e-05 0.999996 -0.00272868 -4.82345 -0.0312775 0.00272874 0.999507 14.0929 0 0 0 1 
34562489690188;0.231973;0.53434;100;0.997637 0.000335007 -0.0687052 -1025.15 8.88865e-05 0.999981 0.00616659 96.0155 0.068706 -0.00615812 0.997618 1287.37 0 0 0 1 
34562489690189;0.393005;0.480864;100;0.975961 0.00208611 -0.217937 129.603 0.00211013 0.999817 0.0190198 -14.1144 0.217937 -0.0190225 0.975777 -25.6306 0 0 0 1 
34562489690190;0.219538;0.898646;100;0.998674 0.000104471 -0.0514736 95.435 0.000127074 0.99999 0.00449504 2.17989 0.0514736 -0.00449562 0.998664 13.8486 0 0 0 1 
34562489690191;0.389147;1.64818;100;1 3.13673e-07 8.06118e-07 1.40547 -3.13673e-07 1 -1.29423e-07 -18.546 -8.06118e-07 1.29423e-07 1 0.457179 0 0 0 1 
34562489690192;0.192134;1.02485;100;1 3.05916e-07 1.76494e-06 0.830122 -3.05916e-07 1 -1.05934e-07 -11.6685 -1.76494e-06 1.05933e-07 1 0.220241 0 0 0 1 
34562489690193;0.281462;0.438546;100;0.983647 0.0014042 -0.180101 213.181 0.0014498 0.999875 0.015714 -14.7002 0.180101 -0.0157182 0.983523 -36.8574 0 0 0 1 
34562489690194;0.204314;0.390153;100;0.999778 1.59306e-05 0.0210772 25.2534 2.28353e-05 0.999998 -0.00183899 -6.34072 -0.0210772 0.00183906 0.999776 8.49311 0 0 0 1 
34562489690195;0.157469;1.0368;100;0.999486 5.90574e-05 -0.0320697 -110.065 3.12432e-05 0.999996 0.00281525 22.3445 0.0320697 -0.0028148 0.999482 119.972 0 0 0 1 
34562489690196;0.0529904;0.421144;100;0.999957 -4.74443e-05 -0.0093149 412.919 5.55218e-05 1 0.00086691 -30.7903 0.00931485 -0.000867389 0.999956 435.128 0 0 0 1 
34562489690197;0.438295;2.08466;100;1 3.60095e-07 -1.35965e-07 0.478969 -3.60095e-07 1 -4.09965e-08 -24.5165 1.35965e-07 4.09965e-08 1 -0.518594 0 0 0 1 
34562489690198;0.0525853;0.413378;100;0.999977 2.57032e-06 -0.00675141 -1.0823 1.40486e-06 1 0.000588788 6.0184 0.00675141 -0.000588784 0.999977 -5.23611 0 0 0 1 
34562489690199;0.186435;0.973313;100;0.999809 2.47889e-05 -0.0195203 -64.9298 8.65772e-06 0.999999 0.00171334 17.2186 0.0195203 -0.00171319 0.999808 72.4531 0 0 0 1 
34562489690200;0.246291;0.249871;100;0.999913 1.00906e-05 -0.0132277 -16.1578 5.17296e-06 0.999999 0.00115387 4.32737 0.0132277 -0.00115384 0.999912 -7.17978 0 0 0 1 
34562489690201;0.100046;1.15508;100;1 -8.67229e-09 7.32908e-07 -0.735442 8.67234e-09 1 -5.87933e-08 -14.9583 -7.32908e-07 5.87933e-08 1 0.145495 0 0 0 1 
34562489690202;0.155088;0.486811;100;1 1.6306e-07 5.05236e-07 1.09039 -1.6306e-07 1 2.60615e-08 5.78673 -5.05236e-07 -2.60616e-08 1 -0.0243987 0 0 0 1 
34562489690203;0.0877176;0.787752;100;1 3.7878e-06 0.000143354 -28.5339 -3.78614e-06 1 -1.16113e-05 13.0445 -0.000143354 1.16108e-05 1 7.96949 0 0 0 1 
34562489690204;0.244178;1.7674;100;1 3.15532e-07 9.57982e-07 0.253218 -3.15531e-07 1 -2.16756e-07 -21.7859 -9.57982e-07 2.16756e-07 1 0.93725 0 0 0 1 
34562489690205;0.481854;0.303506;100;0.998528 0.000134682 -0.0542334 -38.0473 0.000122285 0.999989 0.00473482 5.51913 0.0542335 -0.00473448 0.998517 -2.66733 0 0 0 1 
34562489690206;0.097924;1.04396;100;0.998811 5.54453e-05 0.0487486 382.406 0.00015533 0.999991 -0.00431993 -46.9382 -0.0487484 0.00432237 0.998802 -536.127 0 0 0 1 
34562489690207;0.417969;0.799521;100;0.992781 0.000635634 -0.119937 -28.9452 0.000624351 0.999945 0.0104675 10.514 0.119937 -0.0104669 0.992726 -29.7863 0 0 0 1 
34562489690208;0.41666;0.649188;100;0.99994 3.38303e-05 -0.0109303 -225.174 -2.3508e-05 1 0.000944498 13.5565 0.0109304 -0.000944184 0.99994 -81.168 0 0 0 1 
34562489690209;0.102897;0.639018;100;0.999943 6.03134e-05 -0.0106892 -442.211 -5.02253e-05 1 0.000944021 47.4108 0.0106893 -0.00094343 0.999942 81.5651 0 0 0 1 
34562489690210;0.0465566;1.12498;100;0.999804 5.73679e-05 0.0197824 -326.261 -2.15924e-05 0.999998 -0.00180866 14.284 -0.0197825 0.00180788 0.999803 -651.319 0 0 0 1 
34562489690211;0.156365;1.45023;100;1 3.37927e-07 -3.06787e-07 0.426598 -3.37927e-07 1 -2.45546e-08 -18.7612 3.06787e-07 2.45547e-08 1 -0.168374 0 0 0 1 
34562489690212;0.249667;0.996483;100;0.999995 2.33536e-06 0.00319918 -12.2928 -1.4429e-06 1 -0.000278967 -10.0776 -0.00319918 0.000278961 0.999995 2.59932 0 0 0 1 
34562489690213;0.302086;1.06706;100;0.999816 1.89561e-05 0.0192081 -22.8541 1.32526e-05 0.999999 -0.0016767 -10.3318 -0.0192081 0.00167665 0.999814 2.04434 0 0 0 1 
34562489690214;0.0408606;0.538392;100;0.999998 -1.61931e-06 -0.00213491 16.3531 2.01748e-06 1 0.000186501 5.66606 0.00213491 -0.000186505 0.999998 0.654106 0 0 0 1 
34562489690215;0.322976;1.65305;100;1 -3.05648e-07 8.34037e-07 -0.544508 3.05648e-07 1 -1.77689e-09 20.071 -8.34037e-07 1.77715e-09 1 0.31722 0 0 0 1 
34562489690217;0.345856;3.6148;100;0.999981 9.25075e-05 0.00623627 -736.918 -8.93227e-05 1 -0.000510975 55.9396 -0.00623632 0.000510408 0.99998 275.046 0 0 0 1 
34562489690218;0.369096;2.44583;100;1 -1.62592e-07 -2.48618e-07 -1.87725 1.62592e-07 1 2.28996e-09 -6.65675 2.48618e-07 -2.29e-09 1 -0.165581 0 0 0 1 
34562489690219;0.344434;2.28344;100;0.999998 -1.10769e-06 -0.00203076 7.14789 1.46691e-06 1 0.000176883 4.10918 0.00203076 -0.000176886 0.999998 -2.95917 0 0 0 1 
34562489690220;0.281678;2.02616;100;0.948381 0.00451205 -0.317101 4.44897 0.00449797 0.999607 0.0276759 -5.98005 0.317101 -0.0276736 0.947988 -105.316 0 0 0 1 
34562489690221;0.2479;3.77709;100;0.996297 0.000347146 -0.0859728 -186.219 0.000308676 0.999971 0.00761483 7.94816 0.085973 -0.00761318 0.996268 856.926 0 0 0 1 
34562489690222;0.309448;1.31876;100;0.998995 8.29141e-05 -0.0448185 41.602 9.24728e-05 0.999992 0.00391119 -3.07988 0.0448185 -0.0039114 0.998987 -16.0405 0 0 0 1 
34562489690223;0.503992;1.17561;100;0.973248 0.00233038 -0.229746 73.2102 0.00233982 0.999796 0.0200532 -8.03312 0.229746 -0.0200543 0.973044 -43.9309 0 0 0 1 
34562489690224;0.505738;4.76468;100;0.99136 0.000748047 -0.131165 63.6895 0.000754162 0.999935 0.0114028 -18.217 0.131165 -0.0114032 0.991295 -397.758 0 0 0 1 
34562489690225;0.255572;0.493677;100;1 -4.68889e-08 2.23923e-06 -0.460569 4.68891e-08 1 -1.01208e-07 -0.731571 -2.23923e-06 1.01208e-07 1 0.746294 0 0 0 1 
34562489690226;0.59187;1.38586;100;0.989935 0.000875503 -0.141517 43.6774 0.000918194 0.99992 0.012609 -5.68786 0.141517 -0.012612 0.989855 2057.1 0 0 0 1 
34562489690227;0.535961;0.934496;100;0.993941 0.000526184 -0.109912 35.4744 0.000531985 0.999954 0.00959787 -3.20087 0.109912 -0.00959819 0.993895 10.2261 0 0 0 1 
34562489690228;0.492348;2.35976;100;0.958678 0.00358685 -0.284472 205.014 0.00362801 0.999685 0.0248313 -19.5686 0.284472 -0.0248373 0.958363 -5.08129 0 0 0 1 
34562489690229;0.377629;1.31758;100;0.998818 0.000103116 -0.0486164 6.20568 0.000103176 0.999991 0.00424073 -3.986 0.0486164 -0.00424073 0.998809 -33.1923 0 0 0 1 
34562489690230;0.309344;3.11305;100;0.989388 0.000745544 -0.145297 1472.48 0.00112269 0.999918 0.0127757 -121.582 0.145294 -0.0128032 0.989306 941.857 0 0 0 1 
34562489690231;0.422227;2.1028;100;0.998945 8.63426e-05 0.045924 36.2696 9.78798e-05 0.999992 -0.0040092 -0.113903 -0.0459239 0.00400947 0.998937 4.36682 0 0 0 1 
34562489690232;0.215127;1.78237;100;0.998089 0.000157126 0.0617945 65.3255 0.000176298 0.999985 -0.0053902 -7.65462 -0.0617944 0.00539079 0.998074 38.5859 0 0 0 1 
34562489690233;0.420689;1.41062;100;1 -6.06398e-07 -0.000838433 1.58618 6.6764e-07 1 7.30429e-05 -0.0464878 0.000838433 -7.30434e-05 1 -1.54222 0 0 0 1 
34562489690234;0.244511;1.13636;100;0.999823 1.38326e-05 -0.0188055 12.7716 1.70458e-05 0.999999 0.00164183 -0.367302 0.0188055 -0.00164186 0.999822 -1.36976 0 0 0 1 
34562489690235;0.305129;2.78547;100;0.99985 2.15553e-05 0.0173117 -71.8192 4.74657e-06 0.999999 -0.00151927 13.9985 -0.0173117 0.00151912 0.999849 -60.101 0 0 0 1 
34562489690236;0.196522;1.90622;100;0.994649 0.000357096 0.10331 866.303 0.000570739 0.99996 -0.0089514 -75.4006 -0.103309 0.00896247 0.994609 466.571 0 0 0 1 
34562489690237;0.236663;2.98264;100;0.994176 0.000498923 -0.107764 86.0832 0.00051985 0.999955 0.00942542 -13.1815 0.107764 -0.00942655 0.994132 138.654 0 0 0 1 
34562489690238;0.36003;3.1619;100;0.999353 5.24196e-05 0.0359573 22.3767 6.04931e-05 0.999995 -0.0031391 -9.43083 -0.0359572 0.00313924 0.999348 2.34424 0 0 0 1 
34562489690239;0.243492;1.7821;100;0.999967 -2.27106e-07 -0.00807569 22.7599 5.88953e-06 1 0.000701146 -6.19309 0.00807569 -0.00070117 0.999967 -31.303 0 0 0 1 
34562489690240;0.35283;7.20993;100;0.99973 5.36603e-05 -0.0232255 -244.733 -8.41029e-06 0.999998 0.00194838 1.20582 0.0232255 -0.00194766 0.999728 -646.151 0 0 0 1 
34562489690241;0.379757;3.35142;100;0.960525 0.00343237 0.278171 71.1654 0.00346876 0.999698 -0.0243129 -13.3198 -0.278171 0.0243181 0.960224 -233.002 0 0 0 1 
34562489690242;0.378853;1.37778;100;0.948261 0.004713 0.317456 -1620.31 0.00444797 0.999594 -0.0281265 140.777 -0.31746 0.0280833 0.947856 -2923.25 0 0 0 1 
34562489690243;0.301434;1.8185;100;1 -6.12494e-07 -5.28382e-05 0.350781 6.12697e-07 1 3.83287e-06 0.365506 5.28382e-05 -3.8329e-06 1 -6.19257 0 0 0 1 
34562489690244;0.500189;1.2898;100;0.993981 0.000213758 -0.109556 2521.47 0.000892957 0.999949 0.0100526 -218.665 0.109553 -0.01009 0.99393 4220 0 0 0 1 
34562489690245;0.271456;1.19593;100;0.999872 1.13946e-05 0.016024 -6.95132 1.10147e-05 0.999999 -0.0013984 1.0177 -0.016024 0.00139839 0.999871 6.39438 0 0 0 1 
34562489690246;0.262584;1.51921;100;0.996926 0.000262115 -0.0783532 58.0458 0.000274726 0.999977 0.00684069 -4.08289 0.0783531 -0.00684118 0.996902 -1.13077 0 0 0 1 
34562489690248;0.122472;0.47397;100;0.997981 -0.00112576 0.0635002 10469.9 0.00145103 0.999986 -0.00507647 -906.072 -0.0634936 0.00515836 0.997969 3104.26 0 0 0 1 
34562489690249;0.236877;1.20286;100;0.985663 0.00142115 -0.168721 -1335.4 0.00117707 0.999882 0.0152986 126.516 0.168722 -0.0152778 0.985545 4390.41 0 0 0 1 
34562489690250;0.361013;1.38543;100;0.996834 0.000282324 0.0795147 -52.8207 0.000270358 0.999976 -0.00693984 -3.14617 -0.0795148 0.00693936 0.99681 29.9263 0 0 0 1 
34562489690251;0.0844088;0.369775;100;0.999557 3.9339e-05 -0.0297531 0.688464 3.79296e-05 0.999997 0.00259643 2.19802 0.0297531 -0.0025964 0.999554 -12.206 0 0 0 1 
34562489690252;0.195046;1.62661;100;1 1.3671e-07 -5.74241e-07 2.50318 -1.3671e-07 1 6.11021e-08 11.8031 5.74241e-07 -6.1102e-08 1 0.033756 0 0 0 1 
34562489690253;0.120903;0.763977;100;0.995277 -0.000200709 0.0970716 4922.51 0.00107748 0.999959 -0.00897989 -431.222 -0.0970659 0.00904207 0.995237 -4557.66 0 0 0 1 
34562489690254;0.246774;0.995051;100;1 3.03449e-07 -1.48383e-06 2.35085 -3.03449e-07 1 1.87018e-08 -5.37086 1.48383e-06 -1.87014e-08 1 -0.329106 0 0 0 1 
34562489690255;0.134202;1.18399;100;0.999851 1.21208e-05 0.0172426 7.22911 1.37983e-05 0.999999 -0.00150308 -8.84359 -0.0172426 0.0015031 0.99985 19.375 0 0 0 1 
