#;prob_registration_l1 -r /home/probabilistic_point_clouds_registration/build/tester /home/point_clouds_registration_benchmark//devel/registration_pairs/wood_summer_local.txt /home/point_clouds_registration_benchmark//eth/wood_summer -s 0.2 -t 0.2 -p 0.3 -r 1000 -m 10 -i 100 -n 100 
id;initial_error;final_error;transformation
2318808360000;0.0774618;0.0199599;100;0.99792 0.0431799 0.0478707 -0.479879 -0.0430126 0.999064 -0.00452032 0.459288 -0.0480211 0.00245187 0.998843 0.331546 0 0 0 1 
2318808360001;0.306883;0.0272473;100;0.997375 0.0701161 -0.018098 -0.134444 -0.0703645 0.99743 -0.0134775 0.602399 0.0171065 0.0147155 0.999745 -0.445468 0 0 0 1 
2318808360002;0.495258;0.0188218;100;0.917886 -0.382195 -0.106829 4.76067 0.38079 0.924034 -0.0340643 -1.76366 0.111733 -0.00941251 0.993694 -0.178427 0 0 0 1 
2318808360003;0.524546;0.0290262;100;0.912369 -0.406242 -0.050497 4.41437 0.409139 0.900758 0.145739 -2.67988 -0.0137197 -0.153628 0.988034 1.26841 0 0 0 1 
2318808360004;0.20511;0.020356;100;0.997548 -0.0653321 0.0251078 0.630954 0.0653271 0.997863 0.00101939 -0.529892 -0.0251207 0.000623331 0.999684 -0.214668 0 0 0 1 
2318808360005;0.440296;0.0161843;100;0.983663 0.0682555 -0.166576 -0.0704546 -0.0198087 0.960752 0.276699 0.201997 0.178925 -0.268879 0.946409 0.806199 0 0 0 1 
2318808360006;0.169359;0.0156359;100;0.996127 -0.085661 0.0198502 1.05687 0.0859949 0.996157 -0.0166241 -0.442279 -0.0183499 0.0182667 0.999665 0.0897858 0 0 0 1 
2318808360007;0.299345;0.0208603;100;0.927184 -0.370075 0.0580908 4.33231 0.369026 0.92899 0.0282403 -2.28358 -0.0644168 -0.00474688 0.997912 0.464516 0 0 0 1 
2318808360008;0.34518;0.0129107;100;0.926696 0.275516 0.255588 -2.43215 -0.307532 0.946847 0.0943612 2.96366 -0.216005 -0.166046 0.96217 3.81648 0 0 0 1 
2318808360009;0.553788;0.018707;100;0.877308 0.462348 0.128705 -3.81222 -0.455202 0.886597 -0.0820806 4.13448 -0.152059 0.0134234 0.98828 1.32606 0 0 0 1 
2318808360010;0.296129;0.0188746;100;0.992037 -0.12591 0.00289492 1.21803 0.125717 0.991371 0.0371252 -1.25739 -0.00754437 -0.0364657 0.999306 -0.00502616 0 0 0 1 
2318808360011;0.267088;0.0220892;100;0.972956 -0.193514 0.126128 2.16845 0.180556 0.977701 0.107238 -1.28122 -0.144067 -0.0815647 0.986201 2.32061 0 0 0 1 
2318808360012;0.117207;0.0223531;100;0.996711 -0.00373226 -0.0809494 0.0676638 0.00756354 0.998863 0.0470745 -0.186057 0.0806816 -0.0475319 0.995606 -0.28524 0 0 0 1 
2318808360013;0.297157;0.0225228;100;0.996732 -0.0471308 0.0655999 -0.0689099 0.0494314 0.998202 -0.0339001 -0.606917 -0.0638842 0.037032 0.99727 -0.0104343 0 0 0 1 
2318808360014;0.320442;0.0206696;100;0.999982 0.00511937 0.00311176 -0.01311 -0.00512373 0.999986 0.00139261 0.0468107 -0.00310459 -0.00140853 0.999994 -0.615325 0 0 0 1 
2318808360015;0.329054;0.0172785;100;0.962398 0.239211 -0.12872 -2.07405 -0.252238 0.962833 -0.0965894 2.46094 0.10083 0.125425 0.986966 -2.53884 0 0 0 1 
2318808360016;0.335073;0.0125345;100;0.999458 0.0329165 -0.000822871 -0.237754 -0.032913 0.99945 0.00401813 -0.075381 0.000954682 -0.00398886 0.999992 -0.547403 0 0 0 1 
2318808360017;0.483715;0.0236406;100;0.972481 0.228288 -0.0465445 -2.5447 -0.228532 0.973536 7.42988e-05 1.78284 0.0453298 0.0105647 0.998916 0.225543 0 0 0 1 
2318808360018;0.313611;0.021213;100;0.908075 -0.406749 -0.0997777 4.98607 0.397629 0.912131 -0.0995415 -2.09632 0.131499 0.0507166 0.990018 -1.51884 0 0 0 1 
2318808360019;0.502137;0.0198977;100;0.945064 0.32287 -0.0510699 -2.5102 -0.326564 0.925638 -0.191183 2.97547 -0.0144549 0.197358 0.980225 -2.35757 0 0 0 1 
2318808360020;0.421809;0.020009;100;0.964462 0.02426 0.263107 -0.573033 -0.00102536 0.996112 -0.0880886 0.246851 -0.264221 0.0846883 0.960737 0.563841 0 0 0 1 
2318808360021;0.393879;0.0115311;100;0.909466 -0.298775 -0.289145 4.33817 0.203834 0.926521 -0.316245 -0.817687 0.362385 0.228676 0.90354 -5.07127 0 0 0 1 
2318808360022;0.404256;0.0199845;100;0.995155 0.0373572 -0.0909495 -0.312166 -0.0438667 0.996536 -0.0706579 1.16395 0.0879948 0.0743051 0.993346 -1.78232 0 0 0 1 
2318808360023;0.175152;0.0198176;100;0.977927 -0.195449 0.0738847 2.02755 0.199064 0.978946 -0.0451536 -1.30877 -0.063504 0.0588647 0.996244 -0.0913126 0 0 0 1 
2318808360024;0.438639;0.0167058;100;0.99326 0.0125263 -0.115227 -0.825186 -0.024991 0.993904 -0.107376 0.392386 0.113179 0.109532 0.987519 -2.08897 0 0 0 1 
2318808360025;0.493149;0.0237441;100;0.984525 -0.175155 -0.00556269 1.76813 0.17487 0.984002 -0.0340588 -0.681679 0.0114393 0.032559 0.999404 0.304615 0 0 0 1 
2318808360026;0.26214;0.0197823;100;0.980383 0.015218 -0.196513 -0.132157 -0.00189728 0.997697 0.0677964 -0.092013 0.197093 -0.0660936 0.978154 -0.530941 0 0 0 1 
2318808360027;0.301824;0.0133596;100;0.971411 0.237266 -0.00808925 -2.21116 -0.230739 0.935575 -0.267319 2.94202 -0.0558576 0.261543 0.963574 -2.20336 0 0 0 1 
2318808360028;0.111442;0.0264072;100;0.999093 -0.0305247 -0.0296906 0.327421 0.0341697 0.990764 0.131218 -0.373825 0.025411 -0.132114 0.990909 1.14897 0 0 0 1 
2318808360029;0.556383;0.026418;100;0.994942 -0.0582212 -0.081855 0.108176 0.0841829 0.927874 0.363266 -0.441708 0.0548013 -0.36832 0.928083 4.1702 0 0 0 1 
2318808360031;0.47988;0.00904034;100;0.904604 0.381353 -0.190427 -2.7159 -0.368379 0.924189 0.10085 3.87146 0.21445 -0.0210797 0.976508 -1.85144 0 0 0 1 
2318808360032;0.536016;0.00787099;100;0.930013 0.0465983 -0.36456 0.701956 -0.150599 0.953147 -0.262355 2.74809 0.335254 0.298896 0.893457 -6.03931 0 0 0 1 
2318808360033;0.38485;0.00920845;100;0.988232 0.146955 0.0424391 -1.37811 -0.146594 0.98913 -0.0115116 1.20234 -0.0436694 0.00515475 0.999033 -0.378202 0 0 0 1 
2318808360034;0.495664;0.0140905;100;0.869913 0.485989 0.0840563 -4.4356 -0.487906 0.872892 0.0026062 5.66509 -0.0721055 -0.0432787 0.996458 0.625163 0 0 0 1 
2318808360035;0.329409;0.0145705;100;0.993579 0.105429 -0.0410485 -0.845848 -0.105776 0.99437 -0.00636834 1.11293 0.040146 0.0106694 0.999137 -0.986388 0 0 0 1 
2318808360036;0.430313;0.0149072;100;0.906733 0.243613 -0.344221 -1.1916 -0.23186 0.969807 0.0756004 1.95561 0.352245 0.0112616 0.93584 -3.0171 0 0 0 1 
2318808360037;0.120765;0.0112504;100;0.994498 0.0111603 -0.10416 0.0220513 -0.0237634 0.992422 -0.120555 0.471831 0.102025 0.122367 0.987227 -2.11778 0 0 0 1 
2318808360038;0.516165;0.0145499;100;0.975629 -0.187429 0.114095 1.84866 0.185074 0.982236 0.0309851 -2.02266 -0.117876 -0.0091139 0.992987 1.74762 0 0 0 1 
2318808360039;0.413132;0.00734588;100;0.972393 -0.127949 0.195143 1.08822 0.121765 0.991609 0.0434149 -0.560884 -0.19906 -0.0184549 0.979814 2.3066 0 0 0 1 
2318808360040;0.306491;0.0115827;100;0.990115 0.115263 -0.0799137 -0.806721 -0.102029 0.982866 0.153509 0.835678 0.0962383 -0.143838 0.984911 0.367456 0 0 0 1 
2318808360041;0.475776;0.0111279;100;0.874826 -0.48441 -0.00510851 6.4338 0.483699 0.874027 -0.045958 -2.61394 0.0267275 0.0377343 0.99893 -0.154073 0 0 0 1 
2318808360042;0.392346;0.00819455;100;0.994143 0.0447568 0.098373 -0.575832 -0.044394 0.998997 -0.00587476 0.400198 -0.0985373 0.00147318 0.995132 1.56417 0 0 0 1 
2318808360043;0.212163;0.00391045;100;0.991942 0.0615076 -0.110757 -0.433965 -0.0327653 0.969045 0.2447 0.270993 0.12238 -0.2391 0.963252 1.66986 0 0 0 1 
2318808360044;0.216595;0.00849551;100;0.989312 0.11567 -0.0887861 -1.34265 -0.109767 0.991578 0.0687277 0.671875 0.0959881 -0.0582473 0.993677 -0.0178436 0 0 0 1 
2318808360045;0.469606;0.0133765;100;0.924883 0.24377 -0.291836 -1.90293 -0.324227 0.906539 -0.270304 4.0472 0.198668 0.344621 0.917479 -4.83722 0 0 0 1 
2318808360046;0.276896;0.00529987;100;0.999108 0.018772 0.0378245 -0.0315694 -0.0184164 0.999783 -0.00972766 -0.320304 -0.0379989 0.0090224 0.999237 0.0467089 0 0 0 1 
2318808360047;0.219223;0.01387;100;0.963519 -0.136742 -0.230073 2.03583 0.132034 0.990598 -0.0358076 -0.807546 0.232806 0.00412366 0.972514 -2.00826 0 0 0 1 
2318808360048;0.2746;0.0149681;100;0.947157 -0.024823 0.31981 0.190751 0.00381263 0.997802 0.066156 -0.0230811 -0.320749 -0.0614408 0.945169 3.33643 0 0 0 1 
2318808360049;0.475244;0.0104892;100;0.918732 -0.301446 -0.255073 4.57252 0.319966 0.946837 0.0334896 -2.1747 0.231417 -0.112383 0.966342 -1.18084 0 0 0 1 
2318808360050;0.266943;0.0106992;100;0.953425 -0.301613 -0.00333982 3.70225 0.301629 0.953404 0.00644587 -2.07117 0.00124004 -0.00715304 0.999974 -0.115003 0 0 0 1 
2318808360051;0.316495;0.0160149;100;0.974463 -0.0594542 0.216536 0.620289 0.0291246 0.98963 0.140655 -0.429049 -0.222653 -0.130756 0.966089 3.80177 0 0 0 1 
2318808360052;0.442125;0.00889539;100;0.903848 0.392474 0.170361 -3.70651 -0.386864 0.919744 -0.0663876 3.67099 -0.182744 -0.00590239 0.983143 1.89719 0 0 0 1 
2318808360053;0.502153;0.0154139;100;0.999298 -0.0331162 0.0175297 1.0516 0.0306056 0.991301 0.12801 -0.451742 -0.0216165 -0.127384 0.991618 2.25248 0 0 0 1 
2318808360054;0.189299;0.0186611;100;0.966962 -0.254289 -0.0179211 3.07892 0.252002 0.964136 -0.0832905 -1.64392 0.0384582 0.0760227 0.996364 -1.17521 0 0 0 1 
2318808360055;0.56348;0.0228576;100;0.952139 0.137187 -0.273151 -0.128141 -0.169244 0.980752 -0.0973741 2.3436 0.254535 0.138943 0.95703 -3.57724 0 0 0 1 
2318808360056;0.0419399;0.0125343;100;0.998584 0.0508353 -0.0156829 -0.528376 -0.0507769 0.998702 0.00410016 0.387133 0.015871 -0.00329803 0.999869 -0.0815287 0 0 0 1 
2318808360057;0.467263;0.00896511;100;0.997528 -0.0702333 -0.00210565 0.913355 0.0701514 0.997173 -0.0269364 -1.31189 0.00399152 0.0267221 0.999635 -0.807253 0 0 0 1 
2318808360058;0.291617;0.0133611;100;0.999967 0.00449625 0.00683425 -0.00149815 -0.00540787 0.99016 0.139839 0.495589 -0.00613824 -0.139871 0.990151 1.8275 0 0 0 1 
2318808360059;0.25976;0.0126816;100;0.976123 0.0255098 -0.215717 0.385513 -0.0416122 0.996648 -0.0704366 0.467154 0.213197 0.0777312 0.973912 -2.31567 0 0 0 1 
2318808360060;0.11731;0.0159106;100;0.99135 0.0985013 0.0867282 -1.1494 -0.0941043 0.994128 -0.0534151 0.919197 -0.0914804 0.0447916 0.994799 0.286183 0 0 0 1 
2318808360062;0.468711;0.0105071;100;0.912505 0.403915 -0.0647114 -1.02566 -0.364761 0.875033 0.318224 2.17842 0.18516 -0.266777 0.945804 0.283025 0 0 0 1 
2318808360063;0.468392;0.0139104;100;0.992461 -0.121644 0.0149749 -0.416292 0.119311 0.986851 0.109044 -1.14984 -0.0280425 -0.106435 0.993924 -0.0523899 0 0 0 1 
2318808360064;0.317402;0.00921065;100;0.945747 0.324852 0.00576664 -0.535527 -0.324806 0.94575 -0.0076167 2.01806 -0.0079281 0.00533044 0.999954 -0.351308 0 0 0 1 
2318808360065;0.263432;0.0108896;100;0.97299 -0.218081 0.0756978 0.754556 0.209494 0.971909 0.107266 -1.52492 -0.096964 -0.0885103 0.991345 1.06117 0 0 0 1 
2318808360066;0.238324;0.015245;100;0.999433 -0.0336643 0.00027171 -0.362451 0.0336545 0.999282 0.0174028 -0.412247 -0.000857367 -0.0173838 0.999849 0.158563 0 0 0 1 
2318808360067;0.429905;0.00991052;100;0.993243 0.0974594 -0.0630043 0.73727 -0.0935958 0.993702 0.0616175 0.588317 0.0686127 -0.0553043 0.996109 -0.518518 0 0 0 1 
2318808360068;0.55967;0.01034;100;0.886905 -0.147698 -0.437703 2.005 0.226623 0.964769 0.133649 -1.50591 0.402543 -0.217728 0.889131 -2.20767 0 0 0 1 
2318808360069;0.324897;0.0140117;100;0.99754 0.0640767 0.0284212 0.198105 -0.0645481 0.997787 0.0159883 0.0895307 -0.0273338 -0.0177835 0.999468 -0.374336 0 0 0 1 
2318808360070;0.327797;0.00629967;100;0.995675 0.0580929 0.0724951 0.485887 -0.0540136 0.996911 -0.0570177 0.323544 -0.0755835 0.0528554 0.995738 0.0877363 0 0 0 1 
2318808360071;0.127608;0.0157823;100;0.989598 0.120317 0.0788707 -0.415122 -0.120868 0.992666 0.00223938 0.74519 -0.0780228 -0.011749 0.996882 0.429291 0 0 0 1 
2318808360072;0.27755;0.0148651;100;0.963106 -0.26256 -0.059064 0.720176 0.262496 0.964891 -0.00897564 -1.16738 0.059347 -0.00685957 0.998214 -0.52651 0 0 0 1 
2318808360073;0.377754;0.0136226;100;0.992525 -0.0628345 0.104627 0.00083908 0.0794128 0.983474 -0.162702 0.0367377 -0.0926745 0.169794 0.981112 -0.668089 0 0 0 1 
2318808360074;0.367604;0.00887917;100;0.8849 -0.465545 -0.0148516 1.97187 0.460051 0.878554 -0.128433 -2.1974 0.0728392 0.106818 0.991607 -0.511039 0 0 0 1 
2318808360075;0.223733;0.0109036;100;0.963126 -0.0148974 0.268639 0.0719866 0.0123942 0.999863 0.011012 -0.247708 -0.268766 -0.0072764 0.963178 1.64969 0 0 0 1 
2318808360076;0.344651;0.00966359;100;0.99351 -0.113326 -0.00975749 0.843012 0.112382 0.964735 0.238027 -0.801904 -0.0175614 -0.237579 0.971209 1.26369 0 0 0 1 
2318808360077;0.167206;0.0131805;100;0.994986 0.0290077 0.0957134 -0.00659973 -0.0317397 0.999127 0.0271447 0.452972 -0.0948425 -0.0300465 0.995039 0.520569 0 0 0 1 
2318808360078;0.455663;0.0107308;100;0.925328 0.37106 0.0779927 -0.537969 -0.377035 0.922236 0.0855915 2.02304 -0.040168 -0.108606 0.993273 -0.152463 0 0 0 1 
2318808360079;0.349782;0.00931906;100;0.990554 0.0795238 0.111709 -0.207874 -0.0953177 0.984973 0.144022 0.512845 -0.0985773 -0.153309 0.983249 1.73974 0 0 0 1 
2318808360080;0.31557;0.0102509;100;0.992442 0.0433916 -0.114789 0.0476551 0.00411576 0.923104 0.384529 -0.448146 0.122647 -0.382095 0.915948 0.471093 0 0 0 1 
2318808360081;0.265138;0.0073655;100;0.993955 0.0766045 -0.0786449 -0.0899719 -0.09368 0.965314 -0.243707 1.14633 0.057248 0.249601 0.966655 -0.77785 0 0 0 1 
2318808360082;0.291619;0.0131657;100;0.980093 0.1303 -0.1498 0.00591491 -0.170679 0.938402 -0.30045 1.62895 0.101425 0.320037 0.941961 -1.47935 0 0 0 1 
2318808360083;0.406111;0.0103577;100;0.989123 -0.146254 0.0156784 -0.0233492 0.144702 0.986644 0.0747974 -0.939298 -0.0264085 -0.0717151 0.997075 -0.381642 0 0 0 1 
2318808360084;0.25521;0.00747204;100;0.999472 0.0319074 -0.00613039 0.0709662 -0.0321287 0.942474 -0.33273 0.81689 -0.00483884 0.332752 0.943002 -0.888138 0 0 0 1 
2318808360085;0.097134;0.00987336;100;0.999171 -0.0112135 0.0391402 -0.034029 0.0102626 0.999649 0.0244113 -0.0060743 -0.0394002 -0.0239894 0.998936 0.471595 0 0 0 1 
2318808360086;0.630308;0.012922;100;0.960071 0.131005 -0.247186 0.655254 -0.0144563 0.90563 0.423823 -0.633497 0.279382 -0.403327 0.871363 -1.13355 0 0 0 1 
2318808360087;0.164964;0.0102857;100;0.988684 0.145442 0.0367623 -0.35419 -0.140895 0.984402 -0.105363 1.07714 -0.0515132 0.0989915 0.993754 0.0145273 0 0 0 1 
2318808360088;0.426784;0.0120816;100;0.920483 0.21023 0.329414 -0.292298 -0.141256 0.964962 -0.221122 1.10668 -0.364358 0.157007 0.917928 2.23647 0 0 0 1 
2318808360089;0.0156956;0.0106365;100;0.999809 -0.0157131 -0.0116303 0.0750834 0.0159349 0.999688 0.0192321 -0.114171 0.0113245 -0.0194138 0.999747 -0.0153197 0 0 0 1 
2318808360090;0.105965;0.0124402;100;0.99985 0.00932698 -0.0145985 -0.164887 -0.00948409 0.999897 -0.0107299 0.195479 0.0144969 0.0108667 0.999836 -0.0367234 0 0 0 1 
2318808360091;0.471367;0.0110311;100;0.9409 -0.0904044 -0.326397 0.937852 0.0131386 0.972734 -0.23155 0.906793 0.338431 0.213577 0.916433 -2.8227 0 0 0 1 
2318808360093;0.358587;0.0121575;100;0.994394 0.0950409 0.0463341 -0.118103 -0.0958681 0.995266 0.0159655 0.964135 -0.0445974 -0.020318 0.998798 -0.509287 0 0 0 1 
2318808360094;0.104341;0.0116184;100;0.996939 0.0779385 0.00614534 0.112511 -0.0777035 0.996461 -0.0320624 0.320125 -0.00862249 0.0314868 0.999467 0.147071 0 0 0 1 
2318808360095;0.369651;0.0103442;100;0.954035 -0.299514 -0.0103906 0.498768 0.299156 0.953827 -0.0268171 -1.28955 0.0179429 0.0224761 0.999586 -0.74421 0 0 0 1 
2318808360096;0.316121;0.00716956;100;0.999556 0.029624 -0.00334016 0.697073 -0.0295765 0.999472 0.0134652 0.293752 0.00373729 -0.0133604 0.999904 0.364755 0 0 0 1 
2318808360097;0.369151;0.01309;100;0.912165 0.286998 0.292553 0.135881 -0.276371 0.957882 -0.0779818 1.15755 -0.302612 -0.00972103 0.953064 1.11138 0 0 0 1 
2318808360098;0.287285;0.00663775;100;0.951827 -0.306298 0.0143988 0.143077 0.305355 0.951092 0.0467052 -1.60006 -0.0280003 -0.0400585 0.998805 -0.136629 0 0 0 1 
2318808360099;0.367143;0.012467;100;0.930102 -0.367077 0.012813 0.557118 0.367167 0.930138 -0.00556399 -2.3252 -0.00987542 0.00987958 0.999902 -0.217567 0 0 0 1 
2318808360100;0.403666;0.00906575;100;0.988962 -0.141176 -0.044981 1.00373 0.144738 0.985421 0.089423 -0.690069 0.0317008 -0.0949464 0.994978 -0.556276 0 0 0 1 
2318808360101;0.302239;0.0127858;100;0.944233 -0.164337 0.285336 -0.190818 0.175965 0.984276 -0.0154193 -0.894879 -0.278315 0.0647687 0.958303 1.43699 0 0 0 1 
2318808360102;0.281834;0.0115916;100;0.987563 0.156273 -0.0172581 0.155392 -0.145956 0.952058 0.268854 0.173398 0.0584453 -0.262992 0.963026 -0.347558 0 0 0 1 
2318808360103;0.378578;0.0144683;100;0.931909 0.19629 -0.304986 0.801968 -0.111786 0.955403 0.273331 0.161265 0.345036 -0.220626 0.91229 -1.51357 0 0 0 1 
2318808360104;0.557659;0.00901451;100;0.872557 -0.485548 -0.0537288 0.387331 0.483536 0.874088 -0.0465125 -2.33298 0.0695478 0.014605 0.997472 -1.15793 0 0 0 1 
2318808360105;0.460355;0.015277;100;0.902678 -0.425501 -0.0642017 0.812146 0.430305 0.893705 0.126998 -2.39805 0.00333973 -0.142264 0.989823 -0.597171 0 0 0 1 
2318808360106;0.53681;0.00895149;100;0.921246 -0.0782643 -0.381026 1.45683 0.073076 0.996931 -0.0280903 0.405703 0.382055 -0.00196572 0.924138 -1.56076 0 0 0 1 
2318808360107;0.116161;0.00997291;100;0.99376 -0.0176983 0.110125 -0.0445426 0.0280374 0.995266 -0.0930575 -0.0499746 -0.107957 0.0955644 0.989552 0.653639 0 0 0 1 
2318808360108;0.426496;0.00899583;100;0.971297 0.237846 0.00346058 0.752637 -0.237614 0.970819 -0.0324183 1.22086 -0.0110702 0.0306655 0.999468 -0.599316 0 0 0 1 
2318808360109;0.361092;0.00898143;100;0.989786 0.141364 0.0184498 -0.812187 -0.140497 0.989191 -0.0419679 1.08432 -0.0241831 0.0389471 0.998949 -0.0786802 0 0 0 1 
2318808360110;0.188673;0.0123014;100;0.98971 -0.031244 -0.139635 0.467086 0.0195799 0.996262 -0.0841389 0.182701 0.141742 0.0805391 0.986622 -0.814329 0 0 0 1 
2318808360111;0.302097;0.0123382;100;0.97705 0.181488 -0.111513 -0.374742 -0.148582 0.955795 0.25373 0.634048 0.152632 -0.231339 0.960826 -0.585299 0 0 0 1 
2318808360112;0.226828;0.0132798;100;0.960266 -0.260444 -0.100294 0.541196 0.264043 0.964207 0.0242265 -1.29444 0.0903946 -0.0497459 0.994663 -0.385051 0 0 0 1 
2318808360113;0.311079;0.0129065;100;0.915252 -0.330153 -0.230895 0.645506 0.271202 0.928702 -0.252907 -1.08068 0.297931 0.168855 0.939535 -1.43134 0 0 0 1 
2318808360114;0.267587;0.0100297;100;0.990528 -0.0479817 0.128651 -0.0356956 0.0471933 0.998844 0.00917117 0.0917349 -0.128942 -0.00301284 0.991648 1.20858 0 0 0 1 
2318808360115;0.283003;0.0109025;100;0.99487 -0.101147 -0.00156643 -0.0478882 0.0972196 0.95173 0.291134 -0.888439 -0.0279565 -0.289792 0.956681 0.71617 0 0 0 1 
2318808360116;0.15967;0.0104717;100;0.999971 0.00147893 0.00741912 0.210062 -0.00147774 0.999999 -0.000165765 0.0230393 -0.00741936 0.000154797 0.999972 -0.291713 0 0 0 1 
2318808360117;0.274094;0.011204;100;0.965429 0.166484 -0.200574 0.599257 -0.201093 0.965283 -0.166704 1.25664 0.165857 0.201275 0.965391 -0.976759 0 0 0 1 
2318808360118;0.309171;0.0127717;100;0.995944 -0.0579925 0.0687957 0.217734 0.0650689 0.992285 -0.105528 -0.0198927 -0.0621451 0.109577 0.992034 0.970243 0 0 0 1 
2318808360119;0.136528;0.0100977;100;0.999561 0.00709168 -0.0287524 0.0261285 -0.00175517 0.983384 0.181531 -0.19189 0.029562 -0.181401 0.982965 0.10786 0 0 0 1 
2318808360120;0.394337;0.0180318;100;0.964035 -0.265773 0.000555694 0.40966 0.265748 0.963911 -0.015929 -1.25739 0.00369786 0.0155038 0.999873 -0.810969 0 0 0 1 
2318808360121;0.407083;0.0126137;100;0.885036 -0.46552 0.00180928 0.759227 0.465513 0.885035 0.00313567 -2.27417 -0.00306099 -0.00193293 0.999993 -0.397653 0 0 0 1 
2318808360122;0.325576;0.0083024;100;0.960618 0.0237999 -0.276851 0.88313 -0.00855425 0.998386 0.0561462 -0.0640075 0.277741 -0.0515668 0.959271 -1.01698 0 0 0 1 
2318808360124;0.330187;0.0192188;100;0.952682 -0.163659 0.256151 1.64036 0.115874 0.974586 0.191718 -1.09074 -0.281018 -0.152965 0.947434 3.41758 0 0 0 1 
2318808360125;0.152771;0.0218787;100;0.989146 -0.146883 0.00388304 1.49813 0.146811 0.989054 0.0148177 -1.2115 -0.006017 -0.0140868 0.999883 0.268958 0 0 0 1 
2318808360126;0.0910746;0.0150692;100;0.998127 0.00725445 -0.0607464 -0.131601 -0.00910999 0.999499 -0.0303247 0.197262 0.0604959 0.0308213 0.997692 -0.792955 0 0 0 1 
2318808360127;0.146509;0.018016;100;0.992899 -0.108192 0.0494632 1.03755 0.105999 0.993347 0.0450046 -0.802501 -0.0540033 -0.0394419 0.997761 0.98748 0 0 0 1 
2318808360128;0.288596;0.0193989;100;0.939287 0.133514 -0.316092 -0.44545 -0.160069 0.985313 -0.0594696 1.42802 0.303509 0.106456 0.946863 -3.32387 0 0 0 1 
2318808360129;0.489639;0.0210975;100;0.979218 -0.138032 -0.148591 2.15191 0.0689885 0.915671 -0.395964 1.16215 0.190716 0.377484 0.906164 -5.25351 0 0 0 1 
2318808360130;0.532869;0.0142679;100;0.946223 -0.0478715 0.319954 0.0304535 -0.0736624 0.931133 0.357164 1.19402 -0.315017 -0.361525 0.877533 6.65338 0 0 0 1 
2318808360131;0.255773;0.0242903;100;0.998168 -0.0140045 0.0588554 -0.067342 0.00838001 0.995466 0.094747 -0.170202 -0.0599155 -0.0940803 0.99376 0.891338 0 0 0 1 
2318808360132;0.368015;0.0232529;100;0.913906 0.405262 0.0232131 -3.37391 -0.396228 0.903036 -0.16592 4.33617 -0.0882035 0.142438 0.985866 -0.803247 0 0 0 1 
2318808360133;0.203483;0.0257925;100;0.987523 0.131584 -0.0865045 -1.0973 -0.116121 0.979538 0.164379 0.827688 0.106364 -0.152284 0.982597 0.559246 0 0 0 1 
2318808360134;0.215895;0.0283662;100;0.997323 -0.0211657 -0.0699928 0.58232 0.0187319 0.999203 -0.0352465 -0.238515 0.070683 0.0338411 0.996925 -0.70366 0 0 0 1 
2318808360135;0.357096;0.0249182;100;0.956984 0.0902748 -0.275738 -0.100134 -0.0966942 0.995266 -0.00974595 1.10554 0.273553 0.035989 0.961183 -2.14602 0 0 0 1 
2318808360136;0.39267;0.0292343;100;0.989301 -0.0928905 0.11249 0.884813 0.108196 0.984415 -0.138641 -0.0750216 -0.0978582 0.149329 0.983933 -0.213557 0 0 0 1 
2318808360137;0.205186;0.0228409;100;0.981956 -0.0172627 -0.188322 0.676449 0.023108 0.999316 0.0288874 -0.222914 0.187695 -0.0327179 0.981682 -1.14724 0 0 0 1 
2318808360138;0.524941;0.021212;100;0.985163 -0.164092 0.0502717 1.36718 0.163875 0.986445 0.00842953 -1.36235 -0.0509735 -6.61803e-05 0.9987 -0.566279 0 0 0 1 
2318808360139;0.224459;0.0153292;100;0.99162 0.123169 -0.0389884 -1.15729 -0.128875 0.964191 -0.231792 1.76114 0.00904261 0.234875 0.971984 -2.3509 0 0 0 1 
2318808360140;0.242736;0.018849;100;0.991719 0.067612 0.109185 -0.801309 -0.0576622 0.994102 -0.0918479 0.734755 -0.114752 0.0847915 0.989769 -0.350271 0 0 0 1 
2318808360141;0.27546;0.0206594;100;0.966734 0.244061 0.076549 -2.05768 -0.240115 0.969056 -0.0572331 2.2842 -0.0881486 0.0369486 0.995422 0.0470645 0 0 0 1 
2318808360142;0.19755;0.0177954;100;0.9934 -0.104566 0.0471443 0.940692 0.10413 0.994496 0.0116159 -0.58526 -0.0480995 -0.00663009 0.998821 0.114952 0 0 0 1 
2318808360143;0.359468;0.0217997;100;0.972024 -0.0743782 -0.222793 1.09368 0.0797297 0.996702 0.0151098 -0.676999 0.220934 -0.0324503 0.974749 -0.764864 0 0 0 1 
2318808360144;0.260225;0.0138013;100;0.982793 -0.177456 0.0512551 1.61008 0.182538 0.975524 -0.12261 -0.925472 -0.0282428 0.129856 0.991131 -1.34849 0 0 0 1 
2318808360145;0.465801;0.0156917;100;0.908751 -0.229655 0.348469 2.61587 0.247556 0.968848 -0.00707661 -1.55207 -0.335988 0.0926965 0.937294 2.34889 0 0 0 1 
2318808360146;0.208847;0.0219548;100;0.98478 -0.173784 -0.00273452 1.7996 0.168324 0.957526 -0.234119 -0.546863 0.0433044 0.230095 0.972204 -2.69926 0 0 0 1 
2318808360147;0.522631;0.0163343;100;0.946949 0.260268 0.18854 -2.75505 -0.22939 0.958252 -0.170686 2.51452 -0.225093 0.118382 0.967119 -0.174255 0 0 0 1 
2318808360148;0.348601;0.0258729;100;0.960323 0.19795 0.196456 -1.98461 -0.227054 0.96397 0.138592 2.04126 -0.161944 -0.177699 0.970668 3.48851 0 0 0 1 
2318808360149;0.220362;0.0266283;100;0.985195 0.169756 -0.0239335 -1.64138 -0.170419 0.984943 -0.0290643 1.54332 0.0186393 0.0327128 0.999291 -0.801014 0 0 0 1 
2318808360150;0.310305;0.0203262;100;0.997091 0.0671904 0.0359873 -1.00711 -0.0690902 0.996124 0.0544408 0.541633 -0.0321899 -0.0567688 0.997868 0.273071 0 0 0 1 
2318808360151;0.0639999;0.0140404;100;0.999018 0.0259507 -0.0359023 -0.189531 -0.0245338 0.998924 0.0393592 0.146448 0.0368851 -0.0384397 0.99858 0.150447 0 0 0 1 
2318808360152;0.508923;0.019924;100;0.974415 0.224523 -0.0102503 -1.2817 -0.224581 0.974443 -0.00495382 2.01881 0.00887611 0.00712911 0.999935 0.406392 0 0 0 1 
2318808360153;0.520442;0.0184951;100;0.925876 0.377824 -0.00127948 -3.38898 -0.376045 0.921834 0.0938743 3.42973 0.0366474 -0.0864348 0.995583 1.32634 0 0 0 1 
2318808360155;0.242296;0.0256293;100;0.969256 0.00200465 0.246046 0.181316 0.0438539 0.982549 -0.18076 -0.0343808 -0.242115 0.185993 0.952254 -0.0124569 0 0 0 1 
2318808360156;0.545461;0.0392916;100;0.958564 -0.24536 0.144752 2.52041 0.230079 0.966413 0.114496 -2.00537 -0.167983 -0.0764471 0.982821 1.10148 0 0 0 1 
2318808360157;0.417219;0.0307596;100;0.955424 -0.220827 -0.19596 2.60951 0.167695 0.952182 -0.255399 -0.0629703 0.242989 0.211153 0.946769 -3.50781 0 0 0 1 
2318808360158;0.428586;0.033174;100;0.897774 0.222984 -0.379842 -0.671414 -0.250628 0.96778 -0.0242401 2.2802 0.362199 0.116961 0.924734 -3.55766 0 0 0 1 
2318808360159;0.360686;0.0275883;100;0.949069 -0.169719 0.265451 1.83174 0.256212 0.906073 -0.33673 -0.579331 -0.183369 0.387592 0.903409 -2.24684 0 0 0 1 
2318808360160;0.334724;0.0294686;100;0.924643 0.0635025 0.375504 -0.609964 -0.0383243 0.99651 -0.0741527 0.385925 -0.378903 0.0541738 0.92385 2.38707 0 0 0 1 
2318808360161;0.319806;0.031239;100;0.918804 0.324963 0.224049 -2.82576 -0.343675 0.9378 0.0491811 3.02427 -0.194131 -0.122188 0.973336 2.61798 0 0 0 1 
2318808360162;0.00881013;0.0259324;100;0.999956 0.00365144 0.00868882 -0.0559145 -0.00367701 0.999989 0.00292872 -0.0184012 -0.00867803 -0.00296054 0.999958 0.0926824 0 0 0 1 
2318808360163;0.15049;0.0242428;100;0.995327 0.0965458 -0.00150569 -0.96193 -0.0965518 0.995317 -0.00459891 0.530562 0.00105463 0.0047228 0.999988 0.0872056 0 0 0 1 
2318808360164;0.34564;0.0385412;100;0.903874 0.423727 -0.0588848 -3.23843 -0.427528 0.899601 -0.0890989 4.19478 0.0152192 0.105709 0.994281 -1.16429 0 0 0 1 
2318808360165;0.629483;0.0272761;100;0.9299 -0.157271 0.332493 0.905603 0.199109 0.97531 -0.0955327 -1.82388 -0.309259 0.155038 0.938255 0.493304 0 0 0 1 
2318808360166;0.356263;0.0291807;100;0.997298 0.0657558 -0.0327682 -0.145831 -0.0676687 0.995832 -0.06116 0.263098 0.02861 0.0632121 0.99759 -0.332503 0 0 0 1 
2318808360167;0.348773;0.0270404;100;0.977405 -0.0378172 0.207966 0.185884 0.11538 0.919816 -0.375001 0.412224 -0.177109 0.390523 0.903396 -2.19018 0 0 0 1 
2318808360168;0.491205;0.0349295;100;0.9684 -0.112549 -0.222562 1.08909 0.143006 0.981694 0.1258 -0.720894 0.204329 -0.153652 0.966768 0.672716 0 0 0 1 
2318808360169;0.364685;0.0371137;100;0.999788 -0.0158245 -0.0131998 0.300095 0.0155585 0.999679 -0.0200183 0.275681 0.0135123 0.0198087 0.999712 -0.866598 0 0 0 1 
2318808360170;0.293853;0.0230403;100;0.999154 0.026187 0.0317005 -0.487836 -0.0261139 0.999655 -0.00272029 0.0853968 -0.0317608 0.00189017 0.999494 -0.351975 0 0 0 1 
2318808360171;0.404455;0.0266679;100;0.994989 0.0560411 0.0828074 -0.986781 -0.0747435 0.96697 0.243684 0.0584239 -0.0664159 -0.248653 0.966313 2.58146 0 0 0 1 
2318808360172;0.214721;0.0347028;100;0.989184 -0.0303931 0.143495 0.237813 0.0161534 0.994919 0.099376 -0.201878 -0.145787 -0.0959833 0.984649 2.34475 0 0 0 1 
2318808360173;0.439959;0.0259546;100;0.995851 -0.0648083 -0.0638762 1.05943 0.0440687 0.957642 -0.28457 0.863562 0.079613 0.280575 0.956525 -3.50452 0 0 0 1 
2318808360174;0.284722;0.0268374;100;0.982835 -0.125698 0.135038 1.29576 0.153854 0.962375 -0.223973 -0.94827 -0.101804 0.240905 0.965195 -1.72457 0 0 0 1 
2318808360175;0.207536;0.0371762;100;0.997431 -0.0495126 -0.0517709 0.480853 0.0480011 0.998395 -0.0300444 -0.769552 0.0531754 0.0274822 0.998207 -0.784354 0 0 0 1 
2318808360176;0.417626;0.0294184;100;0.968174 -0.170031 -0.183654 1.70821 0.214923 0.940842 0.261964 -1.32247 0.128247 -0.293098 0.947442 1.20732 0 0 0 1 
2318808360177;0.414555;0.0318582;100;0.955109 -0.0637857 -0.289307 1.56114 0.030549 0.992546 -0.117981 0.105 0.294676 0.103846 0.949938 -2.64575 0 0 0 1 
2318808360178;0.192544;0.0336166;100;0.995057 -0.0975298 0.0186948 0.843965 0.097414 0.995219 0.00700867 -0.670715 -0.019289 -0.00515289 0.999801 -0.144789 0 0 0 1 
2318808360179;0.369856;0.0332814;100;0.950903 0.301272 0.0708452 -2.44372 -0.295369 0.951776 -0.0829417 2.75128 -0.0924167 0.0579441 0.994033 0.640017 0 0 0 1 
2318808360180;0.269585;0.0335313;100;0.999836 0.00274178 0.0179117 -0.0485852 -0.00287792 0.999967 0.00757934 0.0233536 -0.0178904 -0.00762964 0.999811 0.730427 0 0 0 1 
2318808360181;0.159003;0.0185865;100;0.99909 -0.0424357 -0.00425475 0.254706 0.0424707 0.999062 0.00849923 -0.340098 0.00389008 -0.00867219 0.999955 0.318672 0 0 0 1 
2318808360182;0.250033;0.0342075;100;0.988533 0.148713 -0.0262263 -1.6336 -0.142521 0.9762 0.163464 0.945919 0.0499114 -0.157852 0.986201 1.15209 0 0 0 1 
2318808360183;0.583654;0.0286545;100;0.941282 -0.322473 -0.0999957 3.78547 0.326977 0.944488 0.0320644 -1.84225 0.0841049 -0.0628779 0.994471 -0.994482 0 0 0 1 
2318808360184;0.254669;0.0327053;100;0.988266 0.151753 -0.0173529 -1.16513 -0.151342 0.988214 0.0229812 1.25353 0.0206359 -0.0200853 0.999585 0.389363 0 0 0 1 
2318808360186;0.32371;0.013227;100;0.925896 -0.0049847 -0.377745 0.441005 -0.0258898 0.996725 -0.0766116 0.141485 0.376889 0.0807141 0.922735 -2.59483 0 0 0 1 
2318808360187;0.391738;0.0153141;100;0.924269 -0.349015 -0.154646 1.39828 0.379765 0.881836 0.279543 -1.77796 0.0388076 -0.317102 0.947597 0.440479 0 0 0 1 
2318808360188;0.250929;0.0147729;100;0.964597 -0.263459 0.0119217 0.953472 0.254861 0.942834 0.214732 -1.5126 -0.0678133 -0.204092 0.9766 0.870512 0 0 0 1 
2318808360189;0.35413;0.0151219;100;0.945438 0.245335 -0.214378 0.036399 -0.195795 0.953768 0.228015 1.18796 0.260407 -0.1736 0.949764 -0.669146 0 0 0 1 
2318808360190;0.38404;0.0117174;100;0.971122 0.092454 0.219942 -0.600672 -0.0821915 0.995077 -0.0553821 0.595643 -0.223979 0.0357054 0.97394 0.480252 0 0 0 1 
2318808360191;0.142007;0.0111179;100;0.993591 -0.0643373 0.0929354 0.309559 0.0614598 0.997547 0.0335022 -0.37889 -0.0948629 -0.0275757 0.995108 0.424541 0 0 0 1 
2318808360192;0.308225;0.0149591;100;0.997681 -0.0472976 0.0489487 -0.587694 0.0489872 0.998223 -0.0339135 -0.205308 -0.0472577 0.0362327 0.998225 0.19232 0 0 0 1 
2318808360193;0.19468;0.0133447;100;0.987366 0.0890675 -0.131058 -0.136558 -0.0791875 0.993743 0.0787683 0.673906 0.137254 -0.067395 0.988241 -0.682547 0 0 0 1 
2318808360194;0.35362;0.01556;100;0.994685 -0.0334795 0.0973745 -0.190595 0.0316391 0.999291 0.0203832 -0.845722 -0.0979879 -0.017194 0.995039 0.21616 0 0 0 1 
2318808360195;0.220312;0.013012;100;0.994359 -0.105308 0.0126964 0.33622 0.102849 0.986501 0.127429 -0.612973 -0.0259443 -0.125404 0.991766 0.118442 0 0 0 1 
2318808360196;0.321597;0.0190627;100;0.994983 0.0486515 0.0874136 -0.487405 -0.0434389 0.997218 -0.0605759 0.638363 -0.0901175 0.0564749 0.994329 0.924652 0 0 0 1 
2318808360197;0.117422;0.0162185;100;0.999779 -0.00635995 0.0200618 0.154687 0.00578647 0.999577 0.0285154 -0.0664382 -0.0202347 -0.028393 0.999392 0.412228 0 0 0 1 
2318808360198;0.145591;0.0152429;100;0.995985 -0.0711605 -0.0543053 0.136054 0.07079 0.997453 -0.00871899 -0.457863 0.0547874 0.00483972 0.998486 -0.571837 0 0 0 1 
2318808360199;0.334769;0.0126483;100;0.999999 -0.000550167 -0.00112549 -0.257011 0.000546055 0.999993 -0.00365081 -0.0117272 0.00112749 0.00365019 0.999993 0.715845 0 0 0 1 
2318808360200;0.307694;0.0152454;100;0.968046 0.249453 -0.0256854 -0.330632 -0.247484 0.966862 0.0626938 1.91434 0.0404733 -0.0543338 0.997702 0.0759639 0 0 0 1 
2318808360201;0.28708;0.0135026;100;0.994883 -0.100794 0.00688499 0.836295 0.100844 0.994875 -0.00738396 -0.485455 -0.00610544 0.00804049 0.999949 0.339325 0 0 0 1 
2318808360202;0.140274;0.014734;100;0.990788 0.135403 -0.00225218 -0.282687 -0.135421 0.990611 -0.0187253 0.887316 -0.000304419 0.0188578 0.999822 0.104338 0 0 0 1 
2318808360203;0.354364;0.0144116;100;0.994031 0.0937102 -0.0558569 -0.240389 -0.0828309 0.981504 0.172592 -0.20698 0.0709974 -0.166935 0.983408 0.594644 0 0 0 1 
2318808360204;0.41534;0.0164866;100;0.903306 -0.0703941 0.423181 -0.0393548 0.0136325 0.990657 0.135692 -0.346731 -0.42878 -0.116802 0.895827 2.69346 0 0 0 1 
2318808360205;0.260883;0.0132364;100;0.989164 -0.131885 -0.064501 0.310974 0.128524 0.990248 -0.0537569 -1.08986 0.0709617 0.0448845 0.996469 -0.2234 0 0 0 1 
2318808360206;0.381649;0.0121818;100;0.903386 -0.307169 0.299232 0.909417 0.338155 0.939388 -0.0565888 -1.71628 -0.263713 0.152308 0.952501 1.18491 0 0 0 1 
2318808360207;0.376035;0.0124023;100;0.904452 0.300315 0.302948 -0.789784 -0.283165 0.953828 -0.100148 1.96533 -0.319037 0.00479491 0.94773 1.957 0 0 0 1 
2318808360208;0.370049;0.0168097;100;0.994095 0.0111274 0.107939 -0.385785 -0.021274 0.995409 0.0933132 -0.0282865 -0.106405 -0.0950585 0.989769 1.66848 0 0 0 1 
2318808360209;0.193142;0.0106862;100;0.973067 0.202874 -0.109463 -0.210687 -0.202078 0.979196 0.0184355 1.19017 0.110925 0.00418106 0.99382 -0.598556 0 0 0 1 
2318808360210;0.416709;0.0165395;100;0.949106 -0.281728 0.14081 0.978753 0.201466 0.886703 0.416136 -1.6105 -0.242093 -0.366588 0.898334 2.6316 0 0 0 1 
2318808360211;0.229662;0.0172283;100;0.980266 -0.19065 -0.0522618 0.727526 0.197385 0.958497 0.205725 -1.36455 0.0108712 -0.211981 0.977213 0.526504 0 0 0 1 
2318808360212;0.235303;0.013655;100;0.958211 0.285476 0.018297 -0.719623 -0.284754 0.957987 -0.034287 1.50859 -0.0273164 0.027644 0.999245 0.0711108 0 0 0 1 
2318808360213;0.418371;0.0176147;100;0.969467 0.24484 0.0136613 -0.848245 -0.245071 0.969317 0.0190879 1.35293 -0.00856869 -0.021853 0.999724 0.882278 0 0 0 1 
2318808360214;0.104638;0.01097;100;0.993446 0.114189 -0.00509655 -0.234515 -0.113903 0.992711 0.0393829 0.569442 0.00955651 -0.0385443 0.999211 -0.0265858 0 0 0 1 
2318808360215;0.379457;0.0126629;100;0.923166 -0.00527567 -0.384365 1.02878 -0.0903659 0.968905 -0.230339 0.927739 0.373628 0.247375 0.893984 -2.56076 0 0 0 1 
2318808360217;0.475077;0.0088627;100;0.876343 0.232063 -0.422102 -0.0276949 -0.275733 0.960201 -0.0445622 1.90983 0.394962 0.15544 0.905452 -2.92738 0 0 0 1 
2318808360218;0.538469;0.00533384;100;0.944466 -0.327169 -0.0307169 2.55637 0.327975 0.932722 0.149872 -1.73587 -0.0203832 -0.151623 0.988228 1.82148 0 0 0 1 
2318808360219;0.26223;0.00924781;100;0.97881 -0.0566826 -0.196768 0.451192 0.0671739 0.996631 0.0470549 -0.196544 0.193438 -0.0592754 0.97932 -1.12629 0 0 0 1 
2318808360220;0.178884;0.00903242;100;0.993597 0.0778071 0.0819245 -0.611463 -0.0682698 0.991202 -0.113396 0.671113 -0.0900267 0.107077 0.990167 0.115985 0 0 0 1 
2318808360221;0.32248;0.00619693;100;0.924005 -0.304213 0.231667 1.90226 0.297275 0.952565 0.0651747 -1.66829 -0.240504 0.008647 0.97061 1.41815 0 0 0 1 
2318808360222;0.547442;0.0712638;100;0.900554 0.420165 -0.111641 -2.08213 -0.431504 0.895162 -0.111754 2.87123 0.052982 0.148814 0.987445 -0.72689 0 0 0 1 
2318808360223;0.279763;0.00525998;100;0.939558 0.33415 0.0746655 -1.66438 -0.336214 0.941639 0.0166541 2.41181 -0.0647429 -0.0407511 0.99707 0.483775 0 0 0 1 
2318808360224;0.19078;0.0119171;100;0.987413 -0.154834 0.0322709 0.887319 0.156913 0.984597 -0.0771133 -0.646219 -0.0198341 0.0812064 0.9965 -0.484386 0 0 0 1 
2318808360225;0.382191;0.00865279;100;0.939791 0.341526 0.012382 -1.69068 -0.33257 0.922287 -0.196938 2.75825 -0.0786791 0.180962 0.980338 -0.958766 0 0 0 1 
2318808360226;0.232462;0.0120399;100;0.980496 -0.195804 -0.0169661 1.22217 0.195939 0.967122 0.16212 -1.05345 -0.0153354 -0.162282 0.986625 1.27112 0 0 0 1 
2318808360227;0.121258;0.00459426;100;0.999981 0.000171231 0.0061789 -0.00552459 -0.000219386 0.99997 0.00779372 0.00181683 -0.00617737 -0.00779493 0.999951 -0.148202 0 0 0 1 
2318808360228;0.342472;0.00649282;100;0.926802 0.364958 -0.0885646 -1.47378 -0.373258 0.921181 -0.110015 3.16167 0.0414333 0.135019 0.989976 -1.05563 0 0 0 1 
2318808360229;0.411101;0.00496073;100;0.982923 0.000218416 0.18402 -0.474101 0.0215281 0.992996 -0.116169 -0.0375736 -0.182756 0.118147 0.976034 1.07582 0 0 0 1 
2318808360230;0.270984;0.0102079;100;0.940594 -0.339027 -0.0185548 2.38326 0.337021 0.938873 -0.0702498 -1.65239 0.0412372 0.0598232 0.997357 -0.714664 0 0 0 1 
2318808360231;0.448163;0.00985598;100;0.995661 -0.0298993 -0.088121 -0.395855 -0.0106561 0.904111 -0.427164 0.982812 0.0924431 0.42625 0.89987 -3.05455 0 0 0 1 
2318808360232;0.480703;0.0139047;100;0.99329 -0.10765 -0.0422785 0.911057 0.105678 0.993318 -0.0463928 -0.424644 0.0469901 0.0416135 0.998028 -1.41601 0 0 0 1 
2318808360233;0.538633;0.0100071;100;0.977922 0.17988 0.106357 -1.31632 -0.125672 0.912875 -0.388415 2.31724 -0.166958 0.366474 0.915326 -1.10183 0 0 0 1 
2318808360234;0.46577;0.0150114;100;0.998217 -0.0557329 0.0213477 0.330604 0.0557423 0.998445 0.000157453 0.523667 -0.0213233 0.0010328 0.999772 0.266645 0 0 0 1 
2318808360235;0.501727;0.0158643;100;0.998202 0.037049 -0.0471256 -0.136789 -0.0360248 0.9991 0.0224011 0.153521 0.0479131 -0.0206631 0.998638 -1.16535 0 0 0 1 
2318808360236;0.219286;0.00980986;100;0.974786 0.192178 -0.113405 -0.816713 -0.192957 0.981198 0.00416591 1.37454 0.112073 0.0178215 0.99354 -1.05013 0 0 0 1 
2318808360237;0.1427;0.0069123;100;0.997979 -0.0628969 -0.00905241 0.25124 0.0623272 0.996626 -0.0534053 -0.285555 0.0123809 0.0527331 0.998532 -0.588946 0 0 0 1 
2318808360238;0.478527;0.015181;100;0.900241 -0.145934 -0.410206 2.15213 0.0491392 0.97019 -0.237311 0.322231 0.432609 0.19348 0.880576 -4.13148 0 0 0 1 
2318808360239;0.07712;0.00484553;100;0.998866 0.023676 -0.041304 -0.133266 -0.0249436 0.999225 -0.0304474 0.176027 0.0405511 0.0314431 0.998683 -0.555834 0 0 0 1 
2318808360240;0.277432;0.00649912;100;0.964419 0.0366105 0.261831 -0.377896 -0.0671389 0.991814 0.108617 0.218815 -0.255711 -0.122331 0.958982 2.5442 0 0 0 1 
2318808360241;0.414755;0.0143159;100;0.906259 0.19754 -0.373729 0.0109445 -0.155607 0.977911 0.139557 0.877025 0.393041 -0.06832 0.916979 -1.91319 0 0 0 1 
2318808360242;0.207147;0.0134809;100;0.987913 -0.154024 -0.017473 1.07845 0.154384 0.987776 0.0215612 -1.23577 0.0139384 -0.0239982 0.999615 0.104865 0 0 0 1 
2318808360243;0.526989;0.00796119;100;0.895257 -0.441945 0.0565707 2.69423 0.415176 0.873549 0.254051 -2.54392 -0.161694 -0.203954 0.965535 2.20301 0 0 0 1 
2318808360244;0.293823;0.0122469;100;0.996343 0.0708202 0.0478037 -0.386755 -0.0753801 0.991975 0.10151 0.386457 -0.040231 -0.104743 0.993685 1.38805 0 0 0 1 
2318808360245;0.161157;0.00645063;100;0.999069 -0.04274 0.00580078 0.252648 0.042892 0.998651 -0.0292573 -0.347958 -0.00454249 0.0294789 0.999555 -0.426045 0 0 0 1 
2318808360246;0.48133;0.0133445;100;0.944647 -0.00996101 0.327938 0.0541808 -0.0537724 0.981322 0.184702 -0.261306 -0.323653 -0.192112 0.926467 2.70012 0 0 0 1 
2318808360248;0.277285;0.0126009;100;0.999899 -0.013369 -0.00492454 0.046343 0.0135463 0.999188 0.0379372 0.264522 0.00441336 -0.0380001 0.999268 0.578259 0 0 0 1 
2318808360249;0.346523;0.0124613;100;0.920317 0.357517 0.158739 0.0750425 -0.381703 0.909523 0.164534 1.75342 -0.0855527 -0.212015 0.973514 0.836473 0 0 0 1 
2318808360250;0.347649;0.0132276;100;0.961362 -0.195413 0.193899 0.0570576 0.204044 0.978633 -0.0253842 -1.65613 -0.184795 0.0639673 0.980693 1.23077 0 0 0 1 
2318808360251;0.136295;0.011713;100;0.997237 0.0329089 -0.0666 0.0267385 -0.0231168 0.989483 0.14279 -0.0474761 0.0705986 -0.140856 0.98751 -0.50546 0 0 0 1 
2318808360252;0.263745;0.0135234;100;0.942157 -0.31989 -0.100047 0.591532 0.327589 0.941994 0.073026 -1.74291 0.0708834 -0.101576 0.992299 -0.256971 0 0 0 1 
2318808360253;0.38952;0.013524;100;0.94235 -0.329526 0.0582087 -0.303132 0.329166 0.944137 0.0159524 -1.85828 -0.0602137 0.00412758 0.998177 0.331047 0 0 0 1 
2318808360254;0.304973;0.0148091;100;0.993895 -0.110073 0.00755982 0.659852 0.109886 0.993704 0.0218408 -0.449961 -0.00991632 -0.0208767 0.999733 -0.416289 0 0 0 1 
