#;prob_registration_l1 -r /home/probabilistic_point_clouds_registration/build/tester /home/point_clouds_registration_benchmark//devel/registration_pairs/wood_autumn_local.txt /home/point_clouds_registration_benchmark//eth/wood_autumn -s 0.2 -t 0.2 -p 0.3 -r 1000 -m 10 -i 100 -n 100 
id;initial_error;final_error;transformation
26875431820000;0.498992;0.0235779;100;0.889909 0.452919 0.0540885 0.421527 -0.455967 0.880062 0.132608 0.856995 0.0124595 -0.142672 0.989692 -0.351983 0 0 0 1 
26875431820001;0.336145;0.0223917;100;0.910445 0.323056 -0.258312 0.719402 -0.290149 0.943881 0.157802 0.861032 0.294795 -0.068721 0.953086 -0.770031 0 0 0 1 
26875431820002;0.60541;0.0237865;100;0.889194 0.387685 -0.24297 0.941308 -0.385582 0.920837 0.0581863 1.00548 0.246294 0.0419458 0.968287 -1.40669 0 0 0 1 
26875431820003;0.366204;0.0248833;100;0.99361 0.100184 -0.0519822 -0.152578 -0.0977103 0.99405 0.0481366 -0.128351 0.0564954 -0.0427499 0.997487 -0.524969 0 0 0 1 
26875431820004;0.698046;0.0277326;100;0.955421 -0.295219 -0.00398192 0.860846 0.295168 0.954774 0.0358107 -1.26924 -0.00677016 -0.0353897 0.999351 0.412488 0 0 0 1 
26875431820005;0.325213;0.0267205;100;0.920479 -0.23962 0.308709 -0.368893 0.27174 0.960176 -0.0649581 -0.696174 -0.280849 0.143681 0.948936 0.988755 0 0 0 1 
26875431820006;0.554876;0.0285306;100;0.999999 -0.00127475 0.000911095 -0.272836 0.00127462 0.999999 0.000140852 0.704666 -0.000911274 -0.00013969 1 0.552016 0 0 0 1 
26875431820007;0.383756;0.0256429;100;0.98776 -0.0467891 -0.148799 0.208244 0.10644 0.899515 0.423726 -0.837895 0.114021 -0.434378 0.893485 -0.395562 0 0 0 1 
26875431820008;0.203498;0.033197;100;0.96607 0.0523346 -0.252924 0.11296 -0.02867 0.994933 0.0963617 0.0939339 0.256686 -0.0858408 0.962675 -0.972046 0 0 0 1 
26875431820009;0.180609;0.0311854;100;0.978792 -0.154746 -0.134236 0.108036 0.151627 0.987879 -0.0332176 -0.357754 0.137749 0.0121593 0.990393 -0.382499 0 0 0 1 
26875431820010;0.462102;0.0215215;100;0.959156 -0.140997 -0.245235 0.741179 0.147916 0.98895 0.00992988 -0.745706 0.241125 -0.0457986 0.969413 -0.944737 0 0 0 1 
26875431820011;0.575398;0.0274766;100;0.910094 0.047567 0.411663 0.103865 -0.137415 0.971826 0.1915 0.310306 -0.390956 -0.230851 0.890989 1.88652 0 0 0 1 
26875431820012;0.688058;0.0259993;100;0.944759 0.316142 -0.0865088 0.299465 -0.267135 0.895627 0.355655 -0.401617 0.189917 -0.312899 0.930605 -0.686074 0 0 0 1 
26875431820013;0.421251;0.0231859;100;0.940142 -0.340769 0.00292695 -0.281937 0.340758 0.940144 0.00373453 -0.802856 -0.00402437 -0.00251361 0.999989 -0.325753 0 0 0 1 
26875431820014;0.330264;0.02001;100;0.951537 -0.300427 0.0657335 -0.414707 0.300955 0.953636 0.00196142 -1.14459 -0.0632752 0.0179165 0.997835 0.15856 0 0 0 1 
26875431820015;0.226693;0.0272582;100;0.980838 0.192398 0.0306606 0.0566916 -0.182643 0.962826 -0.199016 0.802263 -0.0678109 0.189602 0.979517 0.3221 0 0 0 1 
26875431820016;0.538469;0.0256647;100;0.901628 -0.0155436 0.432232 0.3228 -0.0399486 0.992089 0.119009 0.436919 -0.430663 -0.124569 0.893875 0.829344 0 0 0 1 
26875431820017;0.524419;0.0273901;100;0.983194 -0.158911 -0.0898722 -0.016316 0.141961 0.975 -0.170945 -0.416869 0.11479 0.155314 0.981173 0.550795 0 0 0 1 
26875431820018;0.579586;0.0305875;100;0.979501 0.0397959 -0.197468 0.396167 -0.0620541 0.992229 -0.107843 -0.0452795 0.191641 0.117886 0.97436 0.355594 0 0 0 1 
26875431820019;0.351798;0.0249818;100;0.978496 0.0926568 -0.184284 0.265014 -0.0953943 0.995421 -0.00602527 0.578689 0.182882 0.0234753 0.982855 -0.962624 0 0 0 1 
26875431820020;0.0809749;0.02825;100;0.994826 -0.101315 0.00752095 -0.0919093 0.101448 0.994638 -0.0201151 -0.308653 -0.00544266 0.0207741 0.999769 0.00502531 0 0 0 1 
26875431820021;0.644904;0.0268791;100;0.946321 0.0883397 -0.310923 1.18142 -0.00654424 0.966967 0.254817 0.0796335 0.323163 -0.239104 0.915639 -0.655778 0 0 0 1 
26875431820022;0.0317767;0.0280295;100;0.999524 0.0281866 0.0125189 -0.0216287 -0.0281573 0.9996 -0.00250738 0.102145 -0.0125846 0.00215369 0.999918 0.0830423 0 0 0 1 
26875431820023;0.284901;0.0293168;100;0.997434 -0.0715965 -9.458e-06 0.371944 0.0715772 0.997162 0.023353 -0.305674 -0.00166256 -0.0232937 0.999727 -0.0299147 0 0 0 1 
26875431820024;0.398113;0.0304375;100;0.997156 0.005082 -0.0751896 0.347995 -0.00622662 0.999868 -0.0149967 0.440906 0.0751035 0.0154222 0.997056 -0.571954 0 0 0 1 
26875431820025;0.5828;0.0242898;100;0.895732 -0.429964 -0.113117 0.1873 0.422067 0.902323 -0.087589 -1.24573 0.139728 0.0307134 0.989713 0.289545 0 0 0 1 
26875431820026;0.630426;0.0232748;100;0.980789 0.194785 0.0106033 -0.270991 -0.194818 0.980837 0.00210377 0.52213 -0.00999032 -0.00412906 0.999942 0.933023 0 0 0 1 
26875431820027;0.464713;0.034417;100;0.994358 0.105947 0.00519472 0.209751 -0.106073 0.993312 0.0456095 0.461854 -0.000327802 -0.0459032 0.998946 0.681071 0 0 0 1 
26875431820028;0.337162;0.0227893;100;0.999924 -0.0120498 -0.00254022 -0.44274 0.01215 0.998956 0.0440442 -0.351572 0.00200684 -0.0440717 0.999026 0.227518 0 0 0 1 
26875431820029;0.206492;0.0234203;100;0.999578 0.00975083 0.0273772 -0.308822 -0.00805177 0.998075 -0.0614997 -0.0895562 -0.0279241 0.0612533 0.997732 0.248258 0 0 0 1 
26875431820031;0.22611;0.00810873;100;0.971843 0.0992751 0.213694 -0.192083 -0.119811 0.989119 0.0853695 0.384981 -0.202894 -0.108569 0.973163 0.914691 0 0 0 1 
26875431820032;0.537519;0.00809354;100;0.885363 -0.394867 -0.245382 1.24166 0.398743 0.91636 -0.0358931 -1.21705 0.239031 -0.066066 0.968762 -0.976399 0 0 0 1 
26875431820033;0.515263;0.00997591;100;0.997012 0.0298153 -0.0712613 -0.122903 -0.0101551 0.965093 0.261709 -0.720364 0.0765767 -0.260204 0.962512 -1.02573 0 0 0 1 
26875431820034;0.18246;0.0127349;100;0.994557 0.0199082 -0.102275 -0.218871 -0.0188331 0.999757 0.0114674 0.0590854 0.102478 -0.0094788 0.99469 -0.298434 0 0 0 1 
26875431820035;0.31218;0.0114927;100;0.939278 0.198049 0.280238 0.0591002 -0.236668 0.965216 0.111111 0.857782 -0.248485 -0.170687 0.953478 1.46828 0 0 0 1 
26875431820036;0.352511;0.00887563;100;0.958383 -0.272862 0.0839502 -0.00526791 0.285483 0.915119 -0.284704 -0.908243 0.000860551 0.296822 0.954932 -0.236747 0 0 0 1 
26875431820037;0.447509;0.013748;100;0.996841 -0.0794182 -0.00121491 0.309323 0.0794206 0.996839 0.00204732 -0.802233 0.00104848 -0.00213734 0.999997 -0.771575 0 0 0 1 
26875431820038;0.350569;0.00803397;100;0.984965 -0.167255 -0.0432359 0.225744 0.143678 0.932084 -0.332529 -0.100843 0.0959165 0.321318 0.942101 -0.870354 0 0 0 1 
26875431820039;0.337073;0.010837;100;0.970999 -0.215901 0.102703 0.0501146 0.180024 0.942919 0.280171 -1.19998 -0.15733 -0.253557 0.95444 1.27421 0 0 0 1 
26875431820040;0.229197;0.00896238;100;0.981973 -0.187772 -0.0217005 0.227946 0.17799 0.957197 -0.22824 -0.493899 0.0636287 0.220263 0.973363 -0.355566 0 0 0 1 
26875431820041;0.10838;0.0093058;100;0.997836 0.0650976 0.0092329 -0.0666116 -0.0650716 0.997876 -0.00308506 0.192576 -0.00941412 0.00247759 0.999953 0.198433 0 0 0 1 
26875431820042;0.455772;0.0116385;100;0.884841 -0.457273 0.0892062 0.713199 0.465669 0.873995 -0.138872 -2.53027 -0.0144633 0.16442 0.986284 0.27473 0 0 0 1 
26875431820043;0.274946;0.00703621;100;0.977637 0.110559 0.178894 -0.179054 -0.132188 0.984663 0.113861 0.308322 -0.163562 -0.134962 0.977258 1.12979 0 0 0 1 
26875431820044;0.287192;0.00916915;100;0.99914 0.00633372 0.0409729 0.0561976 -0.00589869 0.999925 -0.0107298 0.605421 -0.0410378 0.0104789 0.999103 0.285698 0 0 0 1 
26875431820045;0.572084;0.00988986;100;0.985472 0.0718696 -0.153879 0.692568 -0.00972283 0.928437 0.371362 -0.848049 0.169557 -0.364471 0.915648 -1.15604 0 0 0 1 
26875431820046;0.148614;0.00615724;100;0.997786 -0.0625401 -0.0226092 0.0346484 0.0658067 0.977561 0.200108 -0.564666 0.00958708 -0.201153 0.979513 0.0428571 0 0 0 1 
26875431820047;0.191966;0.012299;100;0.987738 0.155569 0.0130977 -0.0970505 -0.151086 0.973655 -0.170788 0.932754 -0.039322 0.166715 0.985221 0.32762 0 0 0 1 
26875431820048;0.552949;0.0074496;100;0.901828 0.420689 0.0986255 -0.034461 -0.403585 0.901626 -0.155533 2.09744 -0.154354 0.10046 0.982895 -0.0584928 0 0 0 1 
26875431820049;0.452544;0.0131023;100;0.892797 0.409438 0.187814 0.0565462 -0.409407 0.91144 -0.0407892 1.61504 -0.187881 -0.0404757 0.981357 1.25145 0 0 0 1 
26875431820050;0.381287;0.00820069;100;0.956081 0.240123 0.168081 -0.112642 -0.248831 0.968002 0.032501 0.925394 -0.154898 -0.0728971 0.985237 1.28781 0 0 0 1 
26875431820051;0.357531;0.0119427;100;0.973775 -0.0726049 -0.215619 0.707636 0.0644563 0.996924 -0.0445954 -0.113547 0.218193 0.0295279 0.975459 -0.620862 0 0 0 1 
26875431820052;0.469273;0.0165069;100;0.963866 0.150532 -0.219777 0.511142 -0.208632 0.939569 -0.271445 1.8783 0.165635 0.307489 0.937025 -1.04421 0 0 0 1 
26875431820053;0.393672;0.00799811;100;0.992702 0.029568 0.116913 0.681576 -0.048452 0.985577 0.162145 -0.0377116 -0.110433 -0.166626 0.979816 0.553949 0 0 0 1 
26875431820054;0.384531;0.0120715;100;0.931665 0.227216 -0.283503 0.684217 -0.148967 0.950604 0.272325 0.363282 0.331376 -0.211483 0.919492 -1.41892 0 0 0 1 
26875431820055;0.28566;0.0126469;100;0.979833 -0.193016 -0.0516894 0.460124 0.194962 0.980163 0.035648 -1.13991 0.0437834 -0.0450065 0.998027 0.117529 0 0 0 1 
26875431820056;0.596591;0.00619165;100;0.918439 -0.288845 0.270255 -0.0248124 0.334046 0.932278 -0.138821 -1.31389 -0.211855 0.217776 0.952728 0.062496 0 0 0 1 
26875431820057;0.446113;0.00886739;100;0.916484 -0.398379 0.0367689 0.937646 0.396776 0.916859 0.0440147 -1.5046 -0.0512464 -0.0257497 0.998354 0.50973 0 0 0 1 
26875431820058;0.224686;0.0109444;100;0.999687 -0.00957432 -0.0231116 -0.128084 0.0114755 0.996435 0.0835826 -0.193257 0.0222289 -0.0838217 0.996233 0.352591 0 0 0 1 
26875431820059;0.444316;0.0139815;100;0.953939 -0.172022 0.245784 -0.496169 0.174511 0.984585 0.0117867 -0.650493 -0.244023 0.0316483 0.969253 0.778188 0 0 0 1 
26875431820060;0.410765;0.0111782;100;0.98521 0.0975919 0.140847 0.287547 -0.142963 0.921282 0.361665 0.384429 -0.094464 -0.376451 0.921608 1.17726 0 0 0 1 
26875431820062;0.368904;0.0158774;100;0.953269 0.181373 0.241623 0.452325 -0.230377 0.95378 0.192953 0.519515 -0.195459 -0.2396 0.950993 0.390704 0 0 0 1 
26875431820063;0.231158;0.00963796;100;0.956834 -0.0744628 -0.280933 0.422605 0.114144 0.985233 0.127624 -0.619264 0.267281 -0.154182 0.951204 -1.10267 0 0 0 1 
26875431820064;0.204838;0.0192701;100;0.997672 -0.00669978 0.0678628 0.0875659 -0.00246489 0.990969 0.134071 0.273871 -0.0681482 -0.133926 0.988645 0.124713 0 0 0 1 
26875431820065;0.171053;0.0163472;100;0.998257 0.0545248 0.0225704 -0.0771386 -0.0536906 0.997907 -0.0360515 -0.0442012 -0.0244889 0.0347769 0.999095 0.0309752 0 0 0 1 
26875431820066;0.341828;0.0142049;100;0.88562 0.460212 -0.0623146 0.899176 -0.457588 0.887633 0.0521599 1.87797 0.0793171 -0.0176794 0.996693 -0.306455 0 0 0 1 
26875431820067;0.359104;0.0169134;100;0.999734 0.0106551 -0.0204502 -0.196237 -0.0105932 0.999939 0.00313171 0.352215 0.0204824 -0.00291424 0.999786 0.597549 0 0 0 1 
26875431820068;0.231956;0.0120667;100;0.999763 -0.0216071 0.00252903 0.0497282 0.0215908 0.999747 0.00629258 -0.120275 -0.00266436 -0.00623648 0.999977 0.525265 0 0 0 1 
26875431820069;0.168442;0.0179018;100;0.984349 -0.155624 0.0826981 0.0871641 0.158349 0.987002 -0.0274412 -0.7815 -0.0773527 0.0401069 0.996197 0.499732 0 0 0 1 
26875431820070;0.120851;0.0171993;100;0.987553 0.133668 -0.0828948 0.263924 -0.128564 0.989625 0.0641366 0.492087 0.0906077 -0.052681 0.994492 -0.412543 0 0 0 1 
26875431820071;0.559761;0.0182607;100;0.939929 -0.341077 0.0141462 1.01731 0.340964 0.940025 0.00984212 -1.31015 -0.0166547 -0.00442756 0.999851 0.422772 0 0 0 1 
26875431820072;0.11141;0.014753;100;0.998448 -0.0555167 0.00444605 -0.149429 0.0556702 0.997186 -0.0502049 -0.342523 -0.00164632 0.0503745 0.998729 0.0134871 0 0 0 1 
26875431820073;0.298534;0.0125924;100;0.953157 -0.302469 -0.00229298 0.260539 0.302477 0.953123 0.00804783 -1.52729 -0.000248723 -0.00836442 0.999965 0.171204 0 0 0 1 
26875431820074;0.511902;0.0145944;100;0.944293 -0.23787 -0.227441 0.849475 0.186675 0.956287 -0.225096 -0.699657 0.271043 0.170099 0.947419 -1.67625 0 0 0 1 
26875431820075;0.368729;0.0184155;100;0.93801 -0.235233 0.254562 -0.184052 0.156377 0.942657 0.294863 -1.13503 -0.309326 -0.236777 0.921007 1.49503 0 0 0 1 
26875431820076;0.104083;0.0130851;100;0.999337 -0.0308535 -0.0193069 -0.00514464 0.0292125 0.996353 -0.080167 0.0661152 0.02171 0.0795499 0.996594 0.0256067 0 0 0 1 
26875431820077;0.334061;0.0174959;100;0.958494 0.280447 -0.0513655 0.483381 -0.276169 0.958006 0.0771671 1.29834 0.0708498 -0.0597787 0.995694 -0.776485 0 0 0 1 
26875431820078;0.46154;0.015851;100;0.965884 0.257623 0.0264182 -0.225103 -0.250432 0.955138 -0.158096 1.54299 -0.0659621 0.146086 0.98707 -0.0811227 0 0 0 1 
26875431820079;0.388175;0.0126679;100;0.884602 -0.214294 0.414195 -0.235194 0.132653 0.967106 0.217048 -0.927652 -0.447082 -0.137056 0.883931 1.75393 0 0 0 1 
26875431820080;0.446652;0.0158674;100;0.969494 0.244311 0.01982 0.229075 -0.243799 0.9695 -0.0251294 1.20085 -0.0253548 0.0195307 0.999488 -0.66136 0 0 0 1 
26875431820081;0.390076;0.0162121;100;0.917637 0.397407 -0.00316807 0.71061 -0.387604 0.893184 -0.228002 2.02012 -0.0877797 0.210451 0.973656 0.722025 0 0 0 1 
26875431820082;0.269988;0.0146621;100;0.992066 0.124019 -0.020587 -0.109919 -0.119394 0.980736 0.154603 0.0724405 0.0393641 -0.150919 0.987762 -0.325684 0 0 0 1 
26875431820083;0.397996;0.0182304;100;0.917816 -0.329841 0.220947 0.453526 0.327783 0.943582 0.0470131 -1.54891 -0.223989 0.0292735 0.974152 1.39523 0 0 0 1 
26875431820084;0.431462;0.0156904;100;0.98471 0.0906586 -0.148751 0.411734 -0.13488 0.937183 -0.321707 0.953362 0.110241 0.336852 0.935082 0.463093 0 0 0 1 
26875431820085;0.0561572;0.0162133;100;0.999288 -0.0373124 0.00565174 -0.077595 0.0373234 0.999302 -0.00185833 -0.156854 -0.00557846 0.00206795 0.999982 0.101732 0 0 0 1 
26875431820086;0.263745;0.0179067;100;0.974012 0.221797 0.0458962 0.344857 -0.223717 0.973747 0.0420305 0.593529 -0.0353691 -0.051206 0.998062 -0.0387734 0 0 0 1 
26875431820087;0.254275;0.0103873;100;0.972096 -0.0879158 -0.217486 0.336235 0.127945 0.975781 0.177429 -0.809895 0.19662 -0.200304 0.959801 -1.17246 0 0 0 1 
26875431820088;0.2679;0.0165327;100;0.967441 0.252749 -0.0132641 0.474702 -0.253025 0.967086 -0.0268986 1.27633 0.00602892 0.0293789 0.99955 -0.24584 0 0 0 1 
26875431820089;0.093436;0.0175017;100;0.999273 0.0341482 -0.0169683 0.0815639 -0.0348859 0.998365 -0.0452752 0.343004 0.0153945 0.0458342 0.99883 0.041252 0 0 0 1 
26875431820090;0.279476;0.0163238;100;0.999328 0.0363995 0.00428098 0.202171 -0.0362968 0.999098 -0.0220203 -0.259088 -0.00507865 0.0218502 0.999748 0.453109 0 0 0 1 
26875431820091;0.394578;0.0131002;100;0.993047 0.117062 0.0124277 0.245407 -0.11713 0.993104 0.00489961 0.482198 -0.0117684 -0.0063212 0.999911 -0.750984 0 0 0 1 
26875431820093;0.345934;0.0225677;100;0.933231 -0.312269 -0.177674 2.62232 0.305316 0.949966 -0.0659316 -1.15555 0.189373 0.00728268 0.981878 -0.625769 0 0 0 1 
26875431820094;0.529735;0.0175978;100;0.939808 0.283473 0.190801 -2.55824 -0.270695 0.958397 -0.0905543 1.89983 -0.208533 0.0334547 0.977443 0.614607 0 0 0 1 
26875431820095;0.39088;0.0194535;100;0.962068 -0.0114444 -0.272568 0.313359 0.00585436 0.999756 -0.0213134 -0.145891 0.272745 0.0189092 0.9619 -0.798807 0 0 0 1 
26875431820096;0.29099;0.0154928;100;0.969258 0.156847 -0.189572 -0.471057 -0.195287 0.959092 -0.204952 1.2275 0.149671 0.235672 0.960238 -2.3093 0 0 0 1 
26875431820097;0.411668;0.0235317;100;0.959451 0.279964 0.0327883 -1.79568 -0.279626 0.959999 -0.0145599 2.38218 -0.035553 0.004801 0.999356 0.116685 0 0 0 1 
26875431820098;0.305728;0.021302;100;0.963515 -0.201682 0.175962 0.987803 0.210738 0.976944 -0.0341941 -0.914723 -0.165009 0.0700285 0.983803 0.206827 0 0 0 1 
26875431820099;0.324227;0.0188342;100;0.908282 -0.418357 0.00106961 3.25099 0.417641 0.906871 0.0562207 -1.65845 -0.0244904 -0.0506176 0.998418 0.405681 0 0 0 1 
26875431820100;0.476247;0.0180159;100;0.972834 -0.230543 -0.0210504 1.93685 0.230888 0.972854 0.0157077 -0.491068 0.0168577 -0.0201413 0.999655 -0.570259 0 0 0 1 
26875431820101;0.325622;0.0192785;100;0.954032 0.254847 0.157721 -1.78002 -0.19223 0.924074 -0.330357 1.78688 -0.229937 0.284852 0.930585 -0.688764 0 0 0 1 
26875431820102;0.315339;0.0202659;100;0.974948 0.222404 0.00362304 -1.2109 -0.218704 0.961442 -0.166727 1.23474 -0.0405642 0.161758 0.985996 -1.24574 0 0 0 1 
26875431820103;0.395286;0.0237165;100;0.996824 -0.0792904 0.0074141 0.326881 0.0793524 0.996811 -0.00848181 -0.332791 -0.00671793 0.0090432 0.999937 -0.771343 0 0 0 1 
26875431820104;0.491587;0.0253242;100;0.998975 0.0410113 0.0191567 0.409533 -0.0398107 0.997444 -0.0593324 0.602611 -0.021541 0.0585089 0.998054 -0.853104 0 0 0 1 
26875431820105;0.296198;0.0139537;100;0.991009 -0.0398752 0.127711 0.178334 0.0775642 0.949004 -0.305572 0.236986 -0.109014 0.312731 0.943565 -1.05038 0 0 0 1 
26875431820106;0.351999;0.0240252;100;0.953039 -0.290715 -0.0848582 1.95337 0.297061 0.951892 0.0752067 -1.71703 0.0589122 -0.096883 0.993551 0.456946 0 0 0 1 
26875431820107;0.398745;0.0174037;100;0.892992 0.448263 -0.0403092 -2.41621 -0.44697 0.872779 -0.196147 3.47607 -0.0527442 0.193175 0.979746 -0.93998 0 0 0 1 
26875431820108;0.476963;0.0196955;100;0.96357 0.256549 0.0756002 -1.7438 -0.261162 0.963486 0.0590713 2.33358 -0.057685 -0.0766632 0.995387 1.05819 0 0 0 1 
26875431820109;0.419848;0.0140834;100;0.893509 -0.448598 -0.0200247 3.67973 0.448975 0.891701 0.0573587 -1.94504 -0.00787492 -0.0602411 0.998153 0.684331 0 0 0 1 
26875431820110;0.205033;0.0219022;100;0.996484 0.015421 0.0823471 0.00904993 -0.0089468 0.99688 -0.0784184 0.398019 -0.0832995 0.0774059 0.993514 -0.196844 0 0 0 1 
26875431820111;0.333895;0.0139123;100;0.986664 -0.162598 0.0075017 1.29685 0.162746 0.986273 -0.0279111 -0.568272 -0.00286045 0.0287597 0.999582 0.376568 0 0 0 1 
26875431820112;0.392948;0.0189749;100;0.873247 -0.447576 -0.192652 3.53581 0.45624 0.889857 0.000684452 -1.74733 0.171126 -0.0884931 0.981267 -0.218133 0 0 0 1 
26875431820113;0.35267;0.0218312;100;0.943622 -0.162812 0.288219 0.876037 0.238255 0.938505 -0.249886 -0.428651 -0.229811 0.304468 0.924384 -0.763291 0 0 0 1 
26875431820114;0.433722;0.0129213;100;0.910819 -0.37679 0.168633 3.15881 0.388604 0.920432 -0.0423316 -1.00864 -0.139265 0.104088 0.984769 -0.179499 0 0 0 1 
26875431820115;0.334392;0.0191999;100;0.974657 -0.219953 0.0408042 1.89272 0.195396 0.925846 0.323464 -0.842559 -0.108925 -0.307293 0.94536 2.50517 0 0 0 1 
26875431820116;0.39563;0.01217;100;0.952872 -0.252835 0.16766 2.36513 0.259804 0.965441 -0.0206484 -1.32692 -0.156645 0.0632339 0.985629 0.486379 0 0 0 1 
26875431820117;0.505945;0.0159077;100;0.967819 0.251597 -0.00495241 -2.16613 -0.251503 0.966417 -0.0527597 0.892096 -0.00848812 0.0523074 0.998595 -0.537749 0 0 0 1 
26875431820118;0.542637;0.0207536;100;0.910697 0.194488 0.364425 -1.0534 -0.280211 0.939067 0.199083 0.841305 -0.3035 -0.28342 0.909704 3.29948 0 0 0 1 
26875431820119;0.33961;0.0189194;100;0.957449 -0.0577604 -0.282765 0.988084 -0.00800386 0.974077 -0.226076 0.0604626 0.288493 0.21872 0.932166 -2.61466 0 0 0 1 
26875431820120;0.431883;0.016382;100;0.988092 0.132593 -0.0780576 -0.139987 -0.0943868 0.922996 0.373053 0.42361 0.121511 -0.361243 0.924521 1.8783 0 0 0 1 
26875431820121;0.296141;0.0181601;100;0.934446 -0.352802 -0.0483796 2.7445 0.351424 0.935569 -0.0348024 -1.40623 0.0575409 0.0155192 0.998223 -0.576996 0 0 0 1 
26875431820122;0.699318;0.0175567;100;0.900727 0.0518538 0.43128 -1.18279 -0.0840427 0.994893 0.0559045 -0.135009 -0.426179 -0.0866006 0.900484 3.25348 0 0 0 1 
26875431820124;0.463953;0.0303335;100;0.980471 0.0762605 -0.181276 -0.139495 -0.107751 0.9794 -0.170776 1.16301 0.164518 0.186973 0.968491 -3.20776 0 0 0 1 
26875431820125;0.172503;0.040316;100;0.973638 0.224138 -0.0423322 -1.84248 -0.223056 0.974379 0.0288252 1.32843 0.0477085 -0.0186229 0.998688 -0.097237 0 0 0 1 
26875431820126;0.469661;0.0384511;100;0.999937 -0.00622377 -0.00935245 -0.431345 0.00574623 0.99872 -0.0502469 0.447021 0.0096532 0.0501899 0.998693 0.0842267 0 0 0 1 
26875431820127;0.198437;0.0390933;100;0.996674 -0.0807078 -0.0112511 0.667287 0.0806611 0.996731 -0.00454664 -0.100094 0.0115812 0.00362399 0.999926 -0.121782 0 0 0 1 
26875431820128;0.38452;0.0374049;100;0.948575 -0.316548 0.00176422 3.19799 0.316553 0.948553 -0.00636452 -0.943939 0.000341224 0.00659569 0.999978 -0.484064 0 0 0 1 
26875431820129;0.474436;0.0415166;100;0.937024 -0.337693 0.08916 3.4204 0.346552 0.930695 -0.117082 -1.19943 -0.0434429 0.140608 0.989112 -1.67441 0 0 0 1 
26875431820130;0.313572;0.0402181;100;0.994667 -0.102494 -0.0115146 0.842556 0.102157 0.994407 -0.0267992 -0.586347 0.014197 0.02548 0.999575 -0.8748 0 0 0 1 
26875431820131;0.549583;0.0271922;100;0.991869 0.124541 -0.026165 -1.6527 -0.120793 0.98606 0.114433 0.450752 0.040052 -0.110342 0.993086 1.55691 0 0 0 1 
26875431820132;0.557397;0.0497042;100;0.891257 0.451866 -0.038449 -2.90972 -0.451164 0.874883 -0.176157 3.97465 -0.0459611 0.174348 0.983611 -0.890709 0 0 0 1 
26875431820133;0.523064;0.051156;100;0.983857 -0.0542927 0.170523 0.362366 -0.00752265 0.939479 0.342523 0.458812 -0.178799 -0.338276 0.923905 4.83047 0 0 0 1 
26875431820134;0.28355;0.0425441;100;0.980121 0.194784 0.0377036 -1.92701 -0.194811 0.980836 -0.00299295 1.39692 -0.037564 -0.00441161 0.999284 -0.0220458 0 0 0 1 
26875431820135;0.398345;0.0419345;100;0.982242 -0.0433616 -0.18254 0.439347 0.0724724 0.9851 0.155965 -0.588849 0.173057 -0.166424 0.970749 1.20525 0 0 0 1 
26875431820136;0.188337;0.0357553;100;0.996582 0.069063 0.0453322 -0.817302 -0.0682886 0.997496 -0.0184175 0.651571 -0.0464906 0.0152589 0.998802 0.119377 0 0 0 1 
26875431820137;0.314888;0.0351958;100;0.935982 -0.0177911 0.351598 -0.085217 0.0440151 0.9968 -0.066733 -0.219233 -0.349285 0.0779366 0.93377 1.30161 0 0 0 1 
26875431820138;0.521003;0.0328663;100;0.99979 0.0188786 0.00803144 -0.511161 -0.0188462 0.999814 -0.00408968 -0.393039 -0.00810716 0.00393746 0.999959 0.822306 0 0 0 1 
26875431820139;0.534563;0.0342183;100;0.963233 -0.219775 -0.154537 2.97892 0.199396 0.970287 -0.137053 -1.2351 0.180066 0.101199 0.978435 -1.71229 0 0 0 1 
26875431820140;0.635129;0.0438099;100;0.930977 0.120163 -0.344737 0.383467 -0.113316 0.992753 0.0400244 1.19582 0.347048 0.00180227 0.937846 -1.62244 0 0 0 1 
26875431820141;0.451247;0.0404699;100;0.937438 -0.346641 -0.0324085 3.37919 0.342912 0.903228 0.25805 -1.60091 -0.0601784 -0.253019 0.965588 3.0321 0 0 0 1 
26875431820142;0.45211;0.047685;100;0.966807 0.0548899 -0.249542 -0.677002 -0.0793916 0.992845 -0.0892002 0.736685 0.242861 0.106051 0.964247 -1.75021 0 0 0 1 
26875431820143;0.371493;0.035429;100;0.926255 0.0469241 0.373964 -0.662203 -0.138331 0.965299 0.221502 0.651104 -0.350593 -0.256898 0.900604 4.32316 0 0 0 1 
26875431820144;0.382734;0.0314546;100;0.974914 0.0149744 0.222078 -0.242754 0.0630398 0.938306 -0.340012 0.896767 -0.213468 0.345482 0.913824 -1.95012 0 0 0 1 
26875431820145;0.502979;0.0454664;100;0.968737 0.243418 0.0479183 -2.29003 -0.242056 0.969717 -0.0325144 2.06007 -0.0543818 0.019899 0.998322 -0.511026 0 0 0 1 
26875431820146;0.275674;0.0393992;100;0.956555 0.290237 0.0276571 -2.17847 -0.291521 0.953521 0.0762493 1.9546 -0.00424127 -0.0809993 0.996705 0.570612 0 0 0 1 
26875431820147;0.238197;0.0499238;100;0.991472 0.0437728 -0.12275 -0.0462875 -0.0574204 0.992278 -0.109946 0.628327 0.11699 0.116057 0.986329 -1.48422 0 0 0 1 
26875431820148;0.24302;0.0401914;100;0.985077 -0.133954 0.108073 1.01049 0.151557 0.972689 -0.175801 -0.716396 -0.0815722 0.189557 0.978475 -1.41599 0 0 0 1 
26875431820149;0.23664;0.0424131;100;0.942768 -0.324611 0.0762583 3.02422 0.330045 0.941006 -0.074686 -1.25707 -0.0475156 0.0955803 0.994287 -0.618191 0 0 0 1 
26875431820150;0.324251;0.0203822;100;0.984806 -0.170215 -0.0343969 1.61898 0.165916 0.980746 -0.102999 -0.803648 0.0512666 0.0957268 0.994087 -0.609945 0 0 0 1 
26875431820151;0.348638;0.0459812;100;0.96023 -0.179415 -0.213937 2.08702 0.229377 0.943779 0.238048 -1.25141 0.1592 -0.277653 0.947399 1.82226 0 0 0 1 
26875431820152;0.39459;0.0512311;100;0.99376 -0.0806972 0.0770063 0.391283 0.0852633 0.994671 -0.0579707 -0.257212 -0.0719179 0.0641747 0.995344 -0.849802 0 0 0 1 
26875431820153;0.461448;0.0499794;100;0.961863 0.269852 -0.0447092 -2.0283 -0.267756 0.962302 0.0477631 1.57078 0.0559128 -0.0339704 0.997858 -0.727884 0 0 0 1 
26875431820155;0.281618;0.0131655;100;0.997114 0.0468357 -0.0597584 0.470967 -0.0476087 0.998799 -0.0115778 0.0784639 0.0591444 0.0143894 0.998146 -0.0705645 0 0 0 1 
26875431820156;0.544215;0.0186175;100;0.979301 0.198274 -0.0407063 -0.0749708 -0.197481 0.980044 0.0226858 0.187258 0.044392 -0.0141775 0.998914 0.674159 0 0 0 1 
26875431820157;0.2633;0.0074857;100;0.98235 -0.187054 0.000356742 0.0848364 0.181075 0.950467 -0.252634 -0.122039 0.0469171 0.248239 0.967562 -0.110967 0 0 0 1 
26875431820158;0.308459;0.0105579;100;0.940701 0.339238 -0.000316669 0.0568046 -0.339213 0.94062 -0.0129843 0.816713 -0.00410689 0.0123217 0.999916 0.243321 0 0 0 1 
26875431820159;0.600497;0.011536;100;0.998073 0.0529897 0.0322839 0.757213 -0.0482528 0.98993 -0.133078 0.0206569 -0.0390106 0.131264 0.99058 0.581928 0 0 0 1 
26875431820160;0.450407;0.023357;100;0.89655 -0.214638 0.387465 -0.191096 0.294162 0.942513 -0.158549 -0.204717 -0.33116 0.256124 0.908148 0.782357 0 0 0 1 
26875431820161;0.500041;0.0126142;100;0.973464 -0.225825 -0.03702 -0.269563 0.224065 0.973472 -0.0463269 -0.588992 0.0464998 0.0368027 0.99824 0.488852 0 0 0 1 
26875431820162;0.266888;0.0187608;100;0.977136 0.148003 0.152641 -0.135167 -0.116098 0.972871 -0.200108 0.155055 -0.178117 0.177812 0.967811 0.548396 0 0 0 1 
26875431820163;0.112835;0.00766682;100;0.993029 -0.00517954 0.11776 -0.0184391 0.000362087 0.999163 0.0408938 0.0118372 -0.117873 -0.0405661 0.9922 0.40273 0 0 0 1 
26875431820164;0.259006;0.0123922;100;0.982267 -0.186449 -0.0197269 0.0416874 0.186882 0.982113 0.0230164 -0.643777 0.0150826 -0.0262948 0.99954 -0.251609 0 0 0 1 
26875431820165;0.440579;0.0112729;100;0.925731 0.378121 0.00688009 0.0586623 -0.369445 0.900303 0.230143 0.500983 0.0808277 -0.215592 0.973133 -0.422032 0 0 0 1 
26875431820166;0.350624;0.0172886;100;0.944377 -0.293623 -0.148115 0.0110172 0.273178 0.951156 -0.143794 -0.621247 0.183102 0.0953337 0.978461 -0.596114 0 0 0 1 
26875431820167;0.350308;0.0118925;100;0.976944 -0.196836 0.082681 0.391378 0.208972 0.960924 -0.181536 -0.138078 -0.0437173 0.194628 0.979902 0.0572426 0 0 0 1 
26875431820168;0.226339;0.0174605;100;0.983198 -0.0636162 -0.171096 0.343463 0.0551032 0.997016 -0.0540572 -0.259591 0.174025 0.043721 0.98377 -0.435962 0 0 0 1 
26875431820169;0.436398;0.0116597;100;0.998914 -0.0462552 -0.00566584 0.25278 0.0462688 0.998926 0.00228707 0.250881 0.00555397 -0.00254674 0.999981 0.559495 0 0 0 1 
26875431820170;0.561995;0.0125983;100;0.975407 0.0300963 0.218346 -0.47108 -0.0114627 0.99622 -0.0861095 -0.468237 -0.220113 0.081489 0.972065 0.00852294 0 0 0 1 
26875431820171;0.275385;0.007744;100;0.997503 0.068166 0.0184886 -0.0576157 -0.0683947 0.997586 0.0120314 0.149242 -0.0176239 -0.0132659 0.999757 0.481346 0 0 0 1 
26875431820172;0.126727;0.0112781;100;0.999883 -0.00660819 0.0138194 -0.0172323 0.00781215 0.996004 -0.0889654 0.0258535 -0.0131763 0.0890629 0.995939 0.197334 0 0 0 1 
26875431820173;0.248339;0.0111814;100;0.987536 -0.111414 0.111174 -0.117752 0.108166 0.993522 0.0348522 0.0337043 -0.114337 -0.0223926 0.99319 0.359788 0 0 0 1 
26875431820174;0.442063;0.0114061;100;0.915459 -0.197301 0.350724 -0.309289 0.175962 0.980084 0.092053 -0.659798 -0.361901 -0.0225568 0.931944 0.67602 0 0 0 1 
26875431820175;0.573407;0.00637206;100;0.914016 0.257916 -0.313135 0.786921 -0.338822 0.909828 -0.239608 0.774194 0.223101 0.325103 0.918985 -0.889628 0 0 0 1 
26875431820176;0.270556;0.0126898;100;0.990958 0.131105 -0.0285347 -0.327254 -0.133901 0.979889 -0.147948 0.321614 0.00856411 0.150431 0.988583 -0.00604412 0 0 0 1 
26875431820177;0.516211;0.0157235;100;0.995123 0.0553125 -0.0816766 -0.478179 -0.0692474 0.981395 -0.179075 -0.277846 0.070252 0.183858 0.980439 -0.0325311 0 0 0 1 
26875431820178;0.516876;0.0141297;100;0.904884 -0.37197 -0.206938 0.598314 0.402223 0.906303 0.129734 -0.982415 0.139292 -0.20063 0.969714 0.315482 0 0 0 1 
26875431820179;0.506678;0.0194745;100;0.877633 0.464701 0.11753 -0.348535 -0.453719 0.884456 -0.108983 0.92406 -0.154594 0.0423212 0.987071 0.360664 0 0 0 1 
26875431820180;0.166082;0.0127445;100;0.997556 -0.00901321 0.0692934 -0.197899 0.00262735 0.995783 0.091701 0.0750505 -0.0698277 -0.0912948 0.993373 0.1398 0 0 0 1 
26875431820181;0.220973;0.0152039;100;0.979295 -0.200549 0.0275956 0.204443 0.193737 0.96799 0.159567 -0.445176 -0.0587132 -0.150917 0.986801 0.304665 0 0 0 1 
26875431820182;0.311591;0.0116166;100;0.999976 0.0022927 -0.00649916 0.489955 -0.00234426 0.999966 -0.00793757 0.0655603 0.00648073 0.00795261 0.999947 -0.105251 0 0 0 1 
26875431820183;0.378261;0.0162984;100;0.902606 0.42815 -0.0446081 -0.063109 -0.418042 0.896551 0.146414 1.16867 0.102681 -0.113506 0.988217 -0.271249 0 0 0 1 
26875431820184;0.707951;0.0127546;100;0.950221 -0.302033 0.0765237 -0.086778 0.308933 0.945226 -0.105396 -0.410279 -0.0404992 0.12379 0.991482 -0.885692 0 0 0 1 
26875431820186;0.0232744;0.0228618;100;0.999994 -0.00343344 -4.9654e-05 -0.00706444 0.00343334 0.999992 -0.00193686 -0.0415349 5.63038e-05 0.00193668 0.999998 0.0354833 0 0 0 1 
26875431820187;0.469951;0.0304124;100;0.997568 -0.047685 0.0508378 0.118098 0.0474894 0.998859 0.00504894 0.0337375 -0.0510206 -0.0026224 0.998694 -0.716198 0 0 0 1 
26875431820188;0.333415;0.0323804;100;0.962573 0.0872324 0.256599 -0.172337 -0.0860585 0.996164 -0.0158233 0.507611 -0.256995 -0.00685146 0.966388 0.175484 0 0 0 1 
26875431820189;0.215891;0.0244725;100;0.999575 -0.0209828 0.0202477 0.00752161 0.0240654 0.985746 -0.16651 0.315873 -0.0164652 0.166927 0.985832 0.0740332 0 0 0 1 
26875431820190;0.353199;0.0310297;100;0.999247 -0.00507504 -0.0384612 0.12781 0.00494157 0.999981 -0.00356441 -0.0604157 0.0384785 0.00337167 0.999254 0.596253 0 0 0 1 
26875431820191;0.375035;0.0288633;100;0.880321 0.110363 -0.461362 0.627562 -0.0605588 0.990749 0.121447 -0.100566 0.470497 -0.0789727 0.878861 -0.479163 0 0 0 1 
26875431820192;0.269163;0.0312898;100;0.998826 -0.0344815 0.0340293 -0.164009 0.035176 0.999181 -0.0200244 0.34905 -0.0333109 0.0211979 0.99922 0.25474 0 0 0 1 
26875431820193;0.42369;0.0313225;100;0.908868 -0.174155 0.378985 -0.320092 0.265907 0.94199 -0.204814 -0.0759528 -0.321331 0.286923 0.902453 0.516979 0 0 0 1 
26875431820194;0.276623;0.0291412;100;0.945573 0.259658 0.196134 -0.246128 -0.256715 0.965628 -0.0407398 0.397612 -0.199971 -0.0118281 0.97973 0.560385 0 0 0 1 
26875431820195;0.12753;0.0318776;100;0.997364 0.0723213 0.00589358 -0.190501 -0.0723967 0.997281 0.0137935 0.0573793 -0.00487999 -0.0141838 0.999887 -0.102214 0 0 0 1 
26875431820196;0.182656;0.0375039;100;0.99804 -0.0625622 0.00134023 -0.122432 0.0625653 0.997228 -0.0402835 -0.367834 0.00118371 0.0402884 0.999187 -0.115033 0 0 0 1 
26875431820197;0.141522;0.0310821;100;0.999178 0.033748 -0.0224748 -0.265279 -0.033025 0.998949 0.0317978 0.0590917 0.0235242 -0.0310294 0.999242 -0.0724784 0 0 0 1 
26875431820198;0.296595;0.0355424;100;0.960349 -0.267121 -0.0798531 0.386354 0.268191 0.963362 0.00279004 -0.270414 0.0761821 -0.0240953 0.996803 -0.315829 0 0 0 1 
26875431820199;0.374604;0.0253099;100;0.891953 -0.428636 -0.143844 0.536248 0.447372 0.882737 0.143646 -0.723776 0.0654047 -0.192477 0.979119 0.047906 0 0 0 1 
26875431820200;0.14975;0.031955;100;0.998683 0.0161482 -0.0487052 -0.20954 -0.0123999 0.997008 0.0763017 0.0485842 0.0497916 -0.0755972 0.995895 -0.00672315 0 0 0 1 
26875431820201;0.180431;0.0343329;100;0.995422 -0.0447802 -0.0844322 0.332965 0.0453725 0.998957 0.00510786 -0.169907 0.0841154 -0.00891538 0.996416 -0.127786 0 0 0 1 
26875431820202;0.0568232;0.0330169;100;0.999362 -0.0350286 -0.00701558 -0.0279224 0.0345492 0.997624 -0.0596093 0.00683843 0.00908693 0.0593289 0.998197 -0.0270655 0 0 0 1 
26875431820203;0.370175;0.0339753;100;0.980207 -0.191006 -0.0520609 -0.0933329 0.195844 0.897077 0.396104 -0.249956 -0.0289554 -0.39846 0.916729 0.233348 0 0 0 1 
26875431820204;0.336699;0.0281344;100;0.898331 0.435304 -0.0592665 -0.0872859 -0.439317 0.890665 -0.11712 0.781954 0.00180366 0.131249 0.991348 -0.0587032 0 0 0 1 
26875431820205;0.579018;0.0324047;100;0.939981 -0.00436354 0.341199 0.158548 -0.0567684 0.983984 0.168977 -0.650409 -0.336471 -0.178205 0.924678 0.0470713 0 0 0 1 
26875431820206;0.454909;0.0272268;100;0.944396 0.0291391 0.327516 -0.249859 0.0479477 0.973214 -0.224845 -0.0755621 -0.325295 0.228046 0.917703 1.07911 0 0 0 1 
26875431820207;0.201469;0.028029;100;0.993053 0.101544 0.0594438 -0.157643 -0.110977 0.97619 0.186379 -0.0572897 -0.0391028 -0.191681 0.980678 0.300105 0 0 0 1 
26875431820208;0.418791;0.0335286;100;0.983824 -0.171816 0.0506989 -0.261131 0.130388 0.880875 0.455037 -0.249319 -0.122842 -0.441066 0.889028 0.269751 0 0 0 1 
26875431820209;0.261543;0.0364119;100;0.94073 -0.338975 0.0110915 0.285346 0.337915 0.93958 0.0547895 -0.497565 -0.0289936 -0.0477941 0.998436 0.0735313 0 0 0 1 
26875431820210;0.579052;0.033996;100;0.957302 -0.2844 -0.0518549 -0.400476 0.284336 0.893897 0.346557 -1.15874 -0.0522079 -0.346504 0.936595 0.0702279 0 0 0 1 
26875431820211;0.254845;0.0249188;100;0.972004 -0.232748 -0.0322091 0.263899 0.232623 0.972537 -0.00764578 -0.430223 0.0331041 -6.08449e-05 0.999452 0.228898 0 0 0 1 
26875431820212;0.320883;0.0285804;100;0.965188 -0.125473 0.229498 0.0159358 0.153049 0.98246 -0.106532 -0.249936 -0.212106 0.137948 0.967461 0.720478 0 0 0 1 
26875431820213;0.233658;0.0321872;100;0.998645 -0.0518944 0.00382308 -0.11347 0.0519914 0.992101 -0.114161 -0.0201187 0.00213142 0.114205 0.993455 -0.401128 0 0 0 1 
26875431820214;0.442932;0.0282008;100;0.980951 0.0373767 -0.190625 0.352255 -0.0851261 0.964784 -0.248887 0.54945 0.17461 0.260373 0.949588 0.271309 0 0 0 1 
26875431820215;0.292551;0.0306351;100;0.969515 0.0654564 0.236129 0.0208281 -0.0123827 0.975516 -0.219578 -0.166761 -0.244721 0.20996 0.946588 0.35604 0 0 0 1 
26875431820217;0.53888;0.0120188;100;0.944963 -0.264569 0.19248 1.03504 0.318083 0.880642 -0.351132 -0.688153 -0.0766073 0.393031 0.916328 -0.420991 0 0 0 1 
26875431820218;0.132212;0.010842;100;0.999992 -0.00275544 -0.00306095 -0.0159338 0.00265228 0.999445 -0.0332089 0.204378 0.00315076 0.0332005 0.999444 0.128441 0 0 0 1 
26875431820219;0.276971;0.0111166;100;0.991355 -0.0544485 0.119378 0.394049 0.0572252 0.998162 -0.0199536 -0.647477 -0.118072 0.0266125 0.992648 0.363207 0 0 0 1 
26875431820220;0.346183;0.0154446;100;0.956884 0.281794 0.0704585 -0.0444154 -0.284486 0.958165 0.0314343 1.82932 -0.0586529 -0.0501235 0.997019 0.652467 0 0 0 1 
26875431820221;0.22686;0.01531;100;0.999956 -0.0011604 0.00935937 0.416142 0.00114203 0.999997 0.001967 -0.0276222 -0.00936163 -0.00195623 0.999954 -0.249374 0 0 0 1 
26875431820222;0.271182;0.0225197;100;0.939406 0.323375 0.113778 -0.0572326 -0.317051 0.945794 -0.0703684 1.43416 -0.130366 0.0300311 0.991011 0.610701 0 0 0 1 
26875431820223;0.173034;0.0122774;100;0.999974 -0.00142681 0.00711356 -0.18239 0.00143642 0.999998 -0.00134663 -0.166446 -0.00711163 0.00135682 0.999974 -0.271463 0 0 0 1 
26875431820224;0.421446;0.012196;100;0.995179 0.0597954 0.0777383 -0.721138 -0.0647077 0.995959 0.0622859 -0.319185 -0.0736998 -0.0670159 0.995026 0.633654 0 0 0 1 
26875431820225;0.149136;0.0140579;100;0.982523 0.186126 -0.00223726 -0.144027 -0.185644 0.980714 0.0611245 0.814943 0.0135709 -0.0596409 0.998128 -0.0444725 0 0 0 1 
26875431820226;0.0692592;0.0151607;100;0.999481 -0.0302445 0.0111087 0.148145 0.0304118 0.999422 -0.015218 -0.112571 -0.010642 0.0155479 0.999822 -0.0436347 0 0 0 1 
26875431820227;0.394953;0.015753;100;0.921899 0.361284 0.139915 -0.247038 -0.380338 0.91273 0.149222 1.61665 -0.0737933 -0.190782 0.978855 0.194166 0 0 0 1 
26875431820228;0.385763;0.020028;100;0.999713 -0.0237617 0.00312683 -0.245476 0.0239596 0.994027 -0.106471 0.657938 -0.000578226 0.106515 0.994311 0.134286 0 0 0 1 
26875431820229;0.236316;0.0172794;100;0.979129 -0.0989152 0.177546 0.157106 0.0976985 0.995094 0.0156046 -0.130591 -0.178218 0.00206706 0.983989 0.797681 0 0 0 1 
26875431820230;0.353557;0.0176259;100;0.892552 0.445782 0.0680345 -0.0760038 -0.439138 0.893532 -0.0935837 2.29162 -0.102509 0.0536518 0.993284 0.476642 0 0 0 1 
26875431820231;0.448584;0.0123117;100;0.999188 0.011444 0.0386377 -0.264415 -0.00971543 0.998956 -0.0446326 0.320949 -0.0391082 0.044221 0.998256 -0.782764 0 0 0 1 
26875431820232;0.290281;0.0148361;100;0.963991 -0.19319 0.182753 0.555989 0.132889 0.945202 0.298217 -0.620674 -0.230351 -0.263193 0.936839 1.27676 0 0 0 1 
26875431820233;0.217224;0.0155807;100;0.996047 -0.0766371 -0.0449215 0.567598 0.0758754 0.996947 -0.0184256 -0.30952 0.0461964 0.0149443 0.998821 -0.315497 0 0 0 1 
26875431820234;0.288361;0.0177309;100;0.986312 -0.155962 -0.0535119 0.311234 0.159656 0.984427 0.0735797 -1.32459 0.0412029 -0.081116 0.995853 -0.343972 0 0 0 1 
26875431820235;0.189456;0.0164453;100;0.977852 -0.150307 -0.145647 0.520811 0.152478 0.9883 0.00378988 -0.75617 0.143373 -0.0259138 0.989329 -0.694619 0 0 0 1 
26875431820236;0.315102;0.0112413;100;0.933563 0.24278 0.263661 -0.161524 -0.220416 0.968978 -0.111796 1.34317 -0.282624 0.0462535 0.958115 1.51787 0 0 0 1 
26875431820237;0.012092;0.0130691;100;0.999957 -0.000911231 0.00925395 -0.00195527 0.000971548 0.999978 -0.00651561 -0.0311438 -0.00924781 0.00652432 0.999936 0.0339704 0 0 0 1 
26875431820238;0.26454;0.00850478;100;0.953498 -0.277665 0.117238 0.514566 0.26763 0.958888 0.094382 -1.41242 -0.138624 -0.0586167 0.988609 0.928071 0 0 0 1 
26875431820239;0.246987;0.0179847;100;0.998856 0.0390497 0.0275861 -0.319118 -0.0415526 0.994427 0.0968976 -0.304166 -0.0236486 -0.097933 0.994912 0.189206 0 0 0 1 
26875431820240;0.363487;0.0145641;100;0.90428 0.408799 -0.123127 -0.101022 -0.383347 0.904405 0.187339 1.895 0.18794 -0.122207 0.974548 -0.900838 0 0 0 1 
26875431820241;0.468508;0.0116778;100;0.889948 -0.455946 0.0102989 0.672042 0.456006 0.889966 -0.00432394 -2.23039 -0.0071942 0.00854444 0.999938 0.407852 0 0 0 1 
26875431820242;0.496458;0.0128326;100;0.96402 -0.204891 -0.169367 0.890497 0.256512 0.884191 0.390395 -1.98728 0.069764 -0.419793 0.904935 -0.00717542 0 0 0 1 
26875431820243;0.419239;0.0129718;100;0.903452 0.267957 0.334624 -0.394258 -0.220386 0.959842 -0.17359 1.37934 -0.367701 0.0830837 0.926225 1.47338 0 0 0 1 
26875431820244;0.327061;0.0201907;100;0.99996 -0.00234133 0.00867021 -0.497344 0.00338191 0.992522 -0.122022 0.491345 -0.00831968 0.122046 0.99249 -0.0117536 0 0 0 1 
26875431820245;0.440644;0.0147649;100;0.90924 0.0578791 0.41223 -0.394383 -0.103967 0.990478 0.0902487 0.264645 -0.403081 -0.124916 0.906599 1.9499 0 0 0 1 
26875431820246;0.33651;0.0125619;100;0.987936 -0.0567722 0.144078 -0.0855513 0.0444246 0.995172 0.0875185 -0.645088 -0.148351 -0.0800622 0.985689 0.260062 0 0 0 1 
26875431820248;0.482971;0.0243658;100;0.939916 -0.0841276 -0.330878 0.82073 0.117149 0.989796 0.0811199 -0.40151 0.320678 -0.115008 0.94018 -2.29944 0 0 0 1 
26875431820249;0.481186;0.0237291;100;0.970391 -0.19708 -0.139647 0.355321 0.185548 0.978375 -0.091401 -0.723554 0.154641 0.0627833 0.985974 0.311283 0 0 0 1 
26875431820250;0.362957;0.0251594;100;0.965404 0.225569 0.130822 0.147746 -0.209439 0.969628 -0.126318 1.53238 -0.155343 0.0945483 0.983326 0.517722 0 0 0 1 
26875431820251;0.294996;0.0263785;100;0.995799 0.0913882 -0.00574295 0.630576 -0.0908725 0.994002 0.0608377 0.0958287 0.0112684 -0.0600602 0.998131 -0.266834 0 0 0 1 
