#;prob_registration_l1 -r /home/probabilistic_point_clouds_registration/build/tester /home/point_clouds_registration_benchmark//devel/registration_pairs/apartment_local.txt /home/point_clouds_registration_benchmark//eth/apartment -s 0.2 -t 0.2 -p 0.3 -r 1000 -m 25 -i 40 
id;initial_error;final_error;transformation
13001298760000;0.820981;2.08065;0.960337 0.247727 0.127998 -0.934988 -0.238542 0.967584 -0.0829386 -1.88316 -0.144395 0.0491163 0.9883 0.299711 0 0 0 1 
13001298760001;0.68771;1.4403;0.950556 -0.269267 -0.154724 0.355385 0.309126 0.868119 0.388343 -2.85149 0.0297507 -0.416971 0.908433 0.489479 0 0 0 1 
13001298760002;0.636186;0.521572;0.98214 0.148663 -0.115323 0.0684681 -0.110047 0.951048 0.288787 -0.548224 0.15261 -0.270939 0.950422 -0.904901 0 0 0 1 
13001298760003;0.411513;1.46424;0.957202 -0.280763 0.0702592 0.172252 0.274321 0.95751 0.0890056 -2.5188 -0.0922634 -0.0659228 0.99355 -0.0954897 0 0 0 1 
13001298760004;0.857932;1.53462;0.925967 -0.363554 -0.102052 0.19461 0.363067 0.931455 -0.0239657 -2.53834 0.103769 -0.0148601 0.99449 0.565548 0 0 0 1 
13001298760005;0.460674;0.583394;0.913306 0.403861 0.0526191 0.112304 -0.404688 0.914437 0.00567967 0.249319 -0.0458231 -0.0264816 0.998599 0.515028 0 0 0 1 
13001298760006;0.655521;1.70402;0.963341 0.266916 0.0270232 -0.825376 -0.266935 0.96371 -0.00299447 -0.913151 -0.0268418 -0.00432874 0.99963 0.384652 0 0 0 1 
13001298760007;0.308888;0.774662;0.911417 0.202549 0.358181 -0.35178 -0.249713 0.964108 0.0902168 -0.173312 -0.327052 -0.171668 0.929283 1.18757 0 0 0 1 
13001298760008;0.466988;0.624287;0.915127 0.394309 0.0840444 0.101364 -0.397544 0.917233 0.0253406 0.233958 -0.0670962 -0.0566012 0.99614 -0.104795 0 0 0 1 
13001298760009;0.423945;1.13042;0.813221 0.581424 -0.024844 0.891814 -0.566438 0.781024 -0.262963 0.924674 -0.133489 0.227919 0.964486 0.0210381 0 0 0 1 
13001298760010;0.258498;0.60854;0.972939 0.227154 -0.0423279 -0.00343784 -0.229718 0.970647 -0.0712373 0.303281 0.0249036 0.079033 0.996561 0.025605 0 0 0 1 
13001298760011;0.784351;0.9641;0.980914 0.186044 0.0565187 -0.408092 -0.194341 0.94736 0.254443 -0.465776 -0.00620587 -0.260571 0.965435 -0.532721 0 0 0 1 
13001298760012;0.622128;0.46793;0.970671 0.239388 0.0221566 0.137055 -0.240233 0.969373 0.0510249 -0.287672 -0.00926329 -0.0548511 0.998452 0.292404 0 0 0 1 
13001298760013;0.398004;1.16121;0.737282 0.667727 0.102745 1.03408 -0.632964 0.735896 -0.240446 0.791184 -0.236162 0.112243 0.965209 1.06312 0 0 0 1 
13001298760014;0.755219;1.11499;0.988212 0.104437 -0.111935 0.510688 -0.100827 0.994199 0.0374591 -0.597069 0.115198 -0.0257314 0.993009 -0.908047 0 0 0 1 
13001298760015;0.388158;0.969814;0.961789 0.247366 -0.117357 -0.0429095 -0.250092 0.968181 -0.00886616 0.0739436 0.11143 0.0378774 0.99305 0.0143825 0 0 0 1 
13001298760016;0.851768;1.86213;0.960071 0.279427 0.0136076 0.389973 -0.279051 0.959967 -0.0243805 -0.656032 -0.0198754 0.0196098 0.99961 0.624422 0 0 0 1 
13001298760017;0.399547;1.08997;0.775155 0.631196 -0.0269657 1.08556 -0.631769 0.774572 -0.0301017 0.628521 0.00188685 0.0403696 0.999183 0.359808 0 0 0 1 
13001298760018;0.820633;0.683612;0.889633 0.411002 -0.199075 0.408487 -0.404262 0.911535 0.0753386 0.504498 0.212428 0.0134546 0.977084 0.246534 0 0 0 1 
13001298760019;0.329854;1.13097;0.914772 0.402206 -0.0377096 0.603501 -0.396725 0.912044 0.103853 -0.307941 0.076163 -0.0800411 0.993878 -0.220958 0 0 0 1 
13001298760020;0.847185;0.510219;0.972904 0.226407 0.0468797 -0.547274 -0.227583 0.973524 0.0213993 0.482308 -0.0407935 -0.0314885 0.998671 0.896919 0 0 0 1 
13001298760021;0.886722;1.42186;0.900422 -0.268839 -0.342002 0.852881 0.356255 0.906875 0.225078 -3.06553 0.249643 -0.324505 0.912346 -1.19004 0 0 0 1 
13001298760022;0.59893;0.862449;0.958318 0.173023 -0.227354 0.0364115 -0.129188 0.972193 0.195324 -0.550713 0.254828 -0.157811 0.954022 -1.06659 0 0 0 1 
13001298760023;0.367247;0.538407;0.984235 0.173043 0.0365668 -0.0539328 -0.175029 0.982685 0.0607942 -0.313414 -0.0254136 -0.066236 0.99748 -0.161438 0 0 0 1 
13001298760024;0.0968236;0.5108;0.975987 0.21657 0.0233878 -0.136888 -0.217544 0.974564 0.0538425 0.126138 -0.0111323 -0.0576375 0.998276 0.0618123 0 0 0 1 
13001298760025;0.689632;1.05393;0.923537 0.382978 -0.0201803 0.26856 -0.363299 0.8568 -0.365935 0.587392 -0.122854 0.345286 0.930422 0.897664 0 0 0 1 
13001298760026;0.452516;1.40621;0.98417 -0.173386 0.0366981 -0.156445 0.170438 0.982719 0.0722027 -1.64643 -0.0485829 -0.0648049 0.996715 0.180158 0 0 0 1 
13001298760027;0.353163;1.3632;0.909038 -0.300742 0.288452 -0.00960819 0.209263 0.92805 0.308112 -2.2303 -0.36036 -0.219723 0.906566 0.875586 0 0 0 1 
13001298760028;0.770166;1.1425;0.96618 0.255066 0.0379013 -0.0384321 -0.24946 0.961754 -0.113131 0.267049 -0.0653076 0.0998499 0.992857 -0.0423621 0 0 0 1 
13001298760029;0.444231;1.1171;0.710489 0.657628 0.250463 1.35284 -0.677391 0.735558 -0.00975975 0.598792 -0.190648 -0.162727 0.968077 0.837147 0 0 0 1 
13001298760031;1.0814;0.64684;0.927936 0.368783 0.0541661 0.575774 -0.328534 0.877847 -0.348498 1.77633 -0.17607 0.305588 0.935743 1.79525 0 0 0 1 
13001298760032;0.762366;0.321004;0.979276 -0.188706 -0.0735424 -0.734677 0.189817 0.981784 0.008368 -0.520518 0.0706236 -0.0221542 0.997257 -0.628871 0 0 0 1 
13001298760033;0.562268;0.233102;0.971673 -0.2133 -0.101763 -0.691643 0.20356 0.97413 -0.0981484 -0.601878 0.120065 0.0746533 0.989955 0.128933 0 0 0 1 
13001298760034;0.913227;0.249508;0.983935 -0.169777 -0.0552048 -0.649117 0.139042 0.922718 -0.359525 -0.233299 0.111977 0.346074 0.931501 0.985646 0 0 0 1 
13001298760035;0.190074;0.281756;0.985825 0.1254 -0.111461 0.221281 -0.118434 0.990693 0.0670845 0.423306 0.118836 -0.0529328 0.991502 -0.489552 0 0 0 1 
13001298760036;1.3176;0.254141;0.93481 -0.35179 -0.048731 -1.42856 0.35485 0.919548 0.168857 -0.729233 -0.0145919 -0.175142 0.984435 -0.269692 0 0 0 1 
13001298760037;0.408209;0.333533;0.991434 0.11808 -0.0558171 -0.0380967 -0.124289 0.98429 -0.125399 0.783922 0.0401332 0.131262 0.990535 0.062612 0 0 0 1 
13001298760038;0.799177;0.303927;0.999989 0.00149179 -0.00454854 0.310083 -0.000767422 0.987871 0.155277 -0.274722 0.00472501 -0.155271 0.987861 -0.229962 0 0 0 1 
13001298760039;0.512139;0.286897;0.999883 0.0109473 -0.0106654 -0.112379 -0.0111908 0.999672 -0.0230433 0.127151 0.0104096 0.02316 0.999678 0.444432 0 0 0 1 
13001298760040;0.790161;0.283398;0.999964 0.00719931 -0.00448486 0.0603257 -0.00733704 0.999477 -0.0314921 0.338824 0.00425579 0.0315239 0.999494 -0.366604 0 0 0 1 
13001298760041;0.304867;0.246948;0.987017 -0.104798 0.121715 -0.346139 0.11219 0.992134 -0.0555337 -0.0210447 -0.114938 0.0684679 0.99101 0.437563 0 0 0 1 
13001298760042;0.323258;0.350654;0.999381 0.0350511 -0.00302847 -0.0499671 -0.0349271 0.998803 0.0342333 0.03775 0.00422477 -0.0341064 0.999409 0.0377084 0 0 0 1 
13001298760043;1.1294;0.223421;0.949916 -0.306625 -0.0603426 -0.589475 0.310917 0.907857 0.281294 -1.85323 -0.0314693 -0.285968 0.957722 -0.799158 0 0 0 1 
13001298760044;0.672602;0.207635;0.990859 -0.0591463 0.121244 -0.613807 0.0641884 0.99721 -0.0381081 0.0253312 -0.118652 0.0455422 0.991891 0.169599 0 0 0 1 
13001298760045;0.603165;0.490408;0.895309 0.443516 0.0414194 1.05865 -0.439853 0.894926 -0.0750764 1.54041 -0.070365 0.0489981 0.996317 0.0544587 0 0 0 1 
13001298760046;0.435224;0.327649;0.906381 0.106922 -0.408707 0.646095 -0.130746 0.99094 -0.0307126 0.664112 0.40172 0.0812741 0.912149 -0.990238 0 0 0 1 
13001298760047;1.03472;0.301945;0.998521 -0.0224409 0.0495237 -0.383048 0.010184 0.971923 0.235077 -0.39214 -0.0534086 -0.234225 0.970714 -0.890867 0 0 0 1 
13001298760048;1.38851;0.35948;0.991116 0.0876026 0.100073 0.0927806 -0.122444 0.894773 0.429406 -0.567761 -0.0519257 -0.437845 0.89755 -1.27793 0 0 0 1 
13001298760049;0.308211;0.29591;0.990129 0.121102 -0.0705635 0.0282401 -0.11257 0.987036 0.114406 0.303415 0.0835034 -0.105333 0.990925 -0.441088 0 0 0 1 
13001298760050;0.383404;0.314173;0.998743 -0.0499945 -0.00356533 -0.528016 0.0498783 0.998378 -0.0274492 -0.125073 0.00493185 0.0272368 0.999617 0.149907 0 0 0 1 
13001298760051;1.39486;0.299359;0.930239 -0.344651 0.125979 -1.68191 0.355225 0.931879 -0.0735936 -1.19728 -0.0920328 0.11321 0.989299 0.637842 0 0 0 1 
13001298760052;0.390791;0.28916;0.99993 -0.00337132 0.0113827 -0.359314 0.00343156 0.99998 -0.0052772 -0.0242074 -0.0113647 0.00531589 0.999921 0.0627523 0 0 0 1 
13001298760053;0.738841;0.695132;0.962081 0.272069 0.0194513 0.852487 -0.272403 0.9547 0.119772 0.865489 0.014016 -0.120529 0.992611 -0.0398786 0 0 0 1 
13001298760054;0.290741;0.260655;0.987319 -0.158174 -0.0134668 -0.536693 0.157987 0.987343 -0.0139586 -0.352964 0.0155043 0.011654 0.999812 -0.130369 0 0 0 1 
13001298760055;0.983527;0.630759;0.978501 0.149697 0.141868 -0.52158 -0.128223 0.98033 -0.150041 0.941467 -0.161538 0.128625 0.978448 1.04742 0 0 0 1 
13001298760056;0.893456;0.628513;0.994004 -0.10802 0.0169827 -0.0728961 0.108383 0.993862 -0.0221509 -0.43525 -0.0144857 0.0238587 0.99961 -0.0222697 0 0 0 1 
13001298760057;1.32906;0.274958;0.996243 0.0712271 0.0492535 0.451016 -0.0710462 0.997458 -0.00541678 0.904156 -0.0495141 0.00189716 0.998772 -0.361127 0 0 0 1 
13001298760058;1.04418;0.383483;0.951962 -0.26568 0.15226 -0.805913 0.263773 0.964021 0.0329671 -0.668285 -0.155541 0.00877859 0.98779 -0.13852 0 0 0 1 
13001298760059;1.02726;0.211604;0.996479 0.0696771 -0.04664 0.47437 -0.0567044 0.969783 0.237286 -0.0690142 0.0617641 -0.233806 0.97032 -1.19631 0 0 0 1 
13001298760060;1.18019;1.04131;0.974707 -0.211076 -0.0734377 -0.100404 0.220835 0.960124 0.171444 -1.8138 0.0343216 -0.183325 0.982453 -0.320474 0 0 0 1 
13001298760062;0.42647;1.71913;0.951785 -0.306687 0.00696595 -0.797494 0.305336 0.949293 0.0749163 -0.204909 -0.0295886 -0.0691773 0.997165 0.183291 0 0 0 1 
13001298760063;0.820769;1.18747;0.966078 -0.255565 0.0371433 -0.177649 0.2563 0.966456 -0.0165002 -0.107611 -0.0316805 0.0254602 0.999174 0.83232 0 0 0 1 
13001298760064;0.637796;1.81242;0.991455 -0.127035 0.0296468 -0.395635 0.128862 0.989108 -0.0711282 0.836785 -0.0202881 0.0743408 0.997026 0.768864 0 0 0 1 
13001298760065;1.32441;1.74415;0.889463 -0.367649 -0.271458 -0.264465 0.442206 0.842316 0.308151 -1.06151 0.115362 -0.39413 0.911786 -2.1835 0 0 0 1 
13001298760066;0.832986;1.33355;0.91435 -0.404044 0.0266898 -0.613384 0.404902 0.911628 -0.0706274 -0.231367 0.00420539 0.0753849 0.997146 0.493361 0 0 0 1 
13001298760067;0.500971;1.47329;0.845738 -0.531343 0.0490086 -0.715923 0.532848 0.836108 -0.130372 -1.18235 0.0282958 0.136375 0.990253 0.0647529 0 0 0 1 
13001298760068;1.1413;1.49343;0.874536 -0.448208 0.185193 -1.05555 0.426336 0.892557 0.146903 -0.301619 -0.231139 -0.049517 0.97166 1.10197 0 0 0 1 
13001298760069;0.277143;1.42133;0.967042 -0.214078 -0.137838 -0.211613 0.232517 0.963111 0.13547 -0.0641336 0.103753 -0.163055 0.981147 -0.695976 0 0 0 1 
13001298760070;1.31041;1.71525;0.929042 -0.358183 0.0926597 -0.789833 0.364372 0.929233 -0.0613155 -0.266561 -0.0641402 0.0907273 0.993808 -0.368297 0 0 0 1 
13001298760071;0.311671;1.35733;0.784843 -0.575623 -0.22952 -0.436797 0.604081 0.793275 0.0761664 -1.92404 0.138229 -0.198427 0.970319 -1.03212 0 0 0 1 
13001298760072;0.364438;1.36135;0.889353 -0.456007 0.0332913 -0.631664 0.457211 0.887431 -0.0585074 -0.791708 -0.00286392 0.0672549 0.997732 0.379363 0 0 0 1 
13001298760073;1.33186;1.14007;0.833374 -0.447271 0.324709 -0.895437 0.53031 0.812615 -0.241718 -0.831405 -0.15575 0.373638 0.914405 1.26014 0 0 0 1 
13001298760074;0.375476;1.6313;0.78846 -0.503496 -0.353302 -0.243009 0.412359 0.858889 -0.303759 -0.576361 0.456389 0.0938142 0.884821 -1.25731 0 0 0 1 
13001298760075;0.892832;1.36877;0.93631 -0.269707 0.224903 -0.24045 0.304836 0.942175 -0.139213 -0.378842 -0.174352 0.198906 0.964385 1.86518 0 0 0 1 
13001298760076;0.49285;1.41188;0.885253 -0.46411 0.0304809 -0.950016 0.464878 0.880842 -0.089476 -0.969921 0.0146779 0.0933789 0.995522 0.119723 0 0 0 1 
13001298760077;1.25077;1.17736;0.969681 -0.243723 -0.0178416 -0.743886 0.243311 0.969687 -0.0225111 0.122335 0.0227873 0.0174875 0.999587 0.807693 0 0 0 1 
13001298760078;0.873453;1.26162;0.956778 -0.222294 -0.187515 -0.275505 0.234912 0.970846 0.0477003 0.174238 0.171445 -0.0896881 0.981103 -1.30419 0 0 0 1 
13001298760079;0.135451;1.81927;0.924714 -0.380069 -0.0212648 -0.723242 0.377639 0.922963 -0.0743554 -0.274647 0.0478868 0.060727 0.997005 0.0593823 0 0 0 1 
13001298760080;0.477523;1.8531;0.649822 -0.68817 0.322729 -0.6382 0.63056 0.725161 0.27665 -2.03423 -0.424413 0.0237267 0.905158 1.65658 0 0 0 1 
13001298760081;0.486196;1.36283;0.938951 -0.110483 -0.325829 0.292842 0.111235 0.993659 -0.0163814 0.349212 0.325572 -0.0208623 0.945287 -1.09919 0 0 0 1 
13001298760082;0.60999;2.09389;0.831295 0.553867 -0.0466827 1.36943 -0.553063 0.815863 -0.168787 2.39291 -0.055399 0.166131 0.984546 0.516412 0 0 0 1 
13001298760083;0.578912;1.35967;0.791553 -0.609306 -0.046798 -0.467511 0.592678 0.746776 0.301757 -2.23897 -0.148915 -0.266593 0.952236 -0.132732 0 0 0 1 
13001298760084;0.295038;1.37872;0.996499 -0.076953 0.0326849 -0.012829 0.0794293 0.993396 -0.0828018 0.621602 -0.0260972 0.085108 0.99603 0.419071 0 0 0 1 
13001298760085;0.331689;1.49381;0.965468 -0.257881 -0.0369981 -0.355448 0.260513 0.956815 0.128987 -0.251955 0.00213708 -0.134171 0.990956 -0.205531 0 0 0 1 
13001298760086;0.698459;1.27975;0.941811 -0.335547 0.0200192 -0.760733 0.336074 0.938739 -0.0763127 -0.745409 0.00681371 0.0786 0.996883 0.66738 0 0 0 1 
13001298760087;0.67213;1.64374;0.80704 -0.493093 -0.324877 -0.160803 0.460506 0.869947 -0.176428 -0.700102 0.369621 -0.00722391 0.929154 -1.58075 0 0 0 1 
13001298760088;0.268562;1.78426;0.821542 -0.492557 -0.287152 -0.383881 0.471919 0.870081 -0.142308 -0.767233 0.31994 -0.0186003 0.947255 -1.03738 0 0 0 1 
13001298760089;1.15866;1.47372;0.716015 -0.593979 0.366759 -1.13501 0.656715 0.751304 -0.065325 -2.02742 -0.236746 0.28763 0.92802 2.24588 0 0 0 1 
13001298760090;0.714198;1.19128;0.944724 -0.321625 -0.0636699 -0.691334 0.324724 0.94468 0.046196 -0.669839 0.0452899 -0.0643176 0.996901 0.183078 0 0 0 1 
13001298760091;1.1529;1.72672;0.914838 -0.400929 -0.0482455 -0.696293 0.3967 0.914605 -0.0782694 -0.748183 0.0755061 0.0524648 0.995764 -0.797611 0 0 0 1 
13001298760093;1.04775;0.579936;0.819068 -0.478748 0.316115 -0.845088 0.509041 0.860601 -0.0155882 -1.90111 -0.264586 0.173683 0.948593 0.47506 0 0 0 1 
13001298760094;1.11373;0.577061;0.958414 -0.284679 0.0200292 -0.291114 0.283489 0.957779 0.0478877 -1.51495 -0.0328161 -0.0402182 0.998652 -1.00884 0 0 0 1 
13001298760095;0.293853;0.375364;0.982772 -0.0164373 0.184092 0.117879 0.0354586 0.994303 -0.100515 -0.252144 -0.181391 0.105311 0.977756 1.05048 0 0 0 1 
13001298760096;0.895384;0.35242;0.977315 -0.185429 0.102325 0.424351 0.187996 0.98204 -0.0159508 -1.01002 -0.0975299 0.0348257 0.994623 0.308909 0 0 0 1 
13001298760097;0.339617;0.495817;0.972616 -0.227302 -0.0485036 -0.0859698 0.223439 0.971897 -0.0741037 -0.889467 0.0639844 0.0612368 0.99607 -0.355127 0 0 0 1 
13001298760098;0.188558;0.649336;0.975467 -0.192 -0.1077 0.085984 0.179433 0.976869 -0.116322 -0.725638 0.127542 0.0941434 0.987355 -0.339954 0 0 0 1 
13001298760099;0.958706;0.733992;0.968761 0.0297717 0.246201 0.447332 0.0129126 0.985366 -0.169964 -1.01832 -0.247658 0.167834 0.9542 0.76194 0 0 0 1 
13001298760100;0.754489;0.768867;0.988657 -0.033813 -0.146335 0.203792 -0.0159575 0.945164 -0.326206 -0.451774 0.14934 0.324841 0.933903 0.918733 0 0 0 1 
13001298760101;0.427244;0.679525;0.992177 0.116095 0.0459024 0.968356 -0.107445 0.981328 -0.159536 -0.00622543 -0.0635665 0.153356 0.986124 0.303956 0 0 0 1 
13001298760102;0.55757;0.752119;0.99801 -0.0209802 -0.0594681 0.422793 0.0199956 0.999654 -0.0171048 -0.318149 0.0598064 0.0158817 0.998084 -0.0212733 0 0 0 1 
13001298760103;0.502682;0.630667;0.981866 -0.189535 -0.00394813 -0.0759335 0.188842 0.979679 -0.06758 -0.452324 0.0166767 0.065609 0.997706 0.167608 0 0 0 1 
13001298760104;0.301846;0.668681;0.825364 -0.564571 -0.00581777 -0.650357 0.551724 0.808686 -0.204027 -2.27461 0.119892 0.165187 0.978948 -0.0364132 0 0 0 1 
13001298760105;0.905526;0.807193;0.994095 0.00339894 -0.108461 0.741205 -0.0231232 0.983189 -0.181123 -0.157186 0.106022 0.182562 0.977461 -0.5587 0 0 0 1 
13001298760106;0.994487;0.490288;0.873309 -0.48711 0.00747927 -0.740115 0.486766 0.871865 -0.0539471 -2.67397 0.0197572 0.0507532 0.998516 0.607604 0 0 0 1 
13001298760107;0.0362635;0.385926;0.977169 -0.212463 -0.000982076 -0.321102 0.212417 0.977035 -0.0167903 -0.823472 0.00452683 0.0161983 0.999859 -0.0574586 0 0 0 1 
13001298760108;1.01768;0.555074;0.938013 -0.32511 -0.120144 -0.193824 0.320245 0.945537 -0.0583414 -1.24069 0.132568 0.0162495 0.991041 -1.24683 0 0 0 1 
13001298760109;0.830454;0.712836;0.917095 -0.397258 -0.0335173 -0.219105 0.382615 0.900667 -0.205925 -1.39764 0.111993 0.176029 0.977994 -0.526499 0 0 0 1 
13001298760110;0.923517;0.696673;0.966411 -0.255213 -0.0302566 -0.546145 0.247739 0.956425 -0.154519 -0.977838 0.0683736 0.141834 0.987526 0.693927 0 0 0 1 
13001298760111;0.26829;0.454889;0.875073 -0.483371 0.0245007 -0.837874 0.473879 0.865984 0.159722 -2.00984 -0.0984224 -0.128158 0.986858 -0.0041875 0 0 0 1 
13001298760112;0.495558;0.719456;0.98414 -0.0121201 -0.176978 0.531776 0.0494176 0.976901 0.2079 -0.227307 0.17037 -0.213348 0.962006 -1.25581 0 0 0 1 
13001298760113;0.269314;0.57386;0.998962 -0.0445199 0.00963387 0.234922 0.0444191 0.998958 0.0104381 -0.371048 -0.0100885 -0.00999931 0.999899 -0.178281 0 0 0 1 
13001298760114;0.734561;0.718127;0.810831 -0.582066 0.0612572 -1.01527 0.585037 0.80906 -0.0561538 -2.08941 -0.0168756 0.0813689 0.996541 0.314824 0 0 0 1 
13001298760115;0.321726;0.428334;0.976926 -0.213155 0.0134709 -0.346225 0.206783 0.95974 0.190107 -1.05168 -0.0534506 -0.182934 0.981671 -0.509502 0 0 0 1 
13001298760116;1.15818;0.747743;0.999719 -0.023023 -0.00566673 1.24047 0.0186971 0.912473 -0.40871 -0.142761 0.0145805 0.40849 0.912647 1.53435 0 0 0 1 
13001298760117;0.977589;0.679914;0.939411 -0.32112 -0.119954 -0.377191 0.279796 0.920459 -0.272892 -1.44695 0.198043 0.222795 0.954537 0.57868 0 0 0 1 
13001298760118;0.349631;0.671572;0.985963 0.138546 0.0931807 0.788666 -0.126418 0.984015 -0.125432 0.00870923 -0.109069 0.111891 0.987717 0.529144 0 0 0 1 
13001298760119;0.966956;0.70101;0.834822 -0.487446 -0.25587 -0.101395 0.492312 0.869023 -0.0492768 -1.90851 0.246377 -0.0848308 0.965454 -1.72054 0 0 0 1 
13001298760120;0.820899;0.651285;0.999413 -0.0317164 0.0129187 0.705562 0.0332772 0.988494 -0.147554 -0.525261 -0.0080902 0.147897 0.98897 0.825119 0 0 0 1 
13001298760121;0.247186;0.420552;0.98265 -0.185046 -0.0125105 -0.196135 0.184839 0.982638 -0.0160524 -0.605805 0.0152637 0.0134615 0.999793 0.0943829 0 0 0 1 
13001298760122;0.958553;0.483419;0.990722 -0.118463 -0.0666102 0.37993 0.111501 0.988721 -0.0999869 -1.15572 0.0777036 0.0916321 0.992757 0.0407541 0 0 0 1 
13001298760124;1.10954;0.206528;0.865228 -0.501266 0.0106558 -0.639249 0.498291 0.862059 0.0925231 -3.42974 -0.0555646 -0.0747439 0.995654 -0.280777 0 0 0 1 
13001298760125;0.573277;0.188156;0.931375 -0.00134173 -0.364058 0.595771 0.124718 0.94066 0.3156 -0.810677 0.342032 -0.339347 0.876275 -2.84808 0 0 0 1 
13001298760126;0.254431;0.199424;0.968893 0.151595 -0.195616 0.731335 -0.148051 0.988439 0.0326974 0.71954 0.198311 -0.0027191 0.980135 -0.705031 0 0 0 1 
13001298760127;0.992788;0.201762;0.902486 -0.368801 -0.222496 -0.626874 0.369238 0.92842 -0.0412135 -2.67963 0.221769 -0.0449595 0.974062 -1.182 0 0 0 1 
13001298760128;0.0799235;0.201488;0.999341 0.0200601 -0.0302516 0.0602851 -0.0227421 0.995583 -0.0910905 0.190917 0.0282907 0.0917185 0.995383 0.318921 0 0 0 1 
13001298760129;0.127861;0.239442;0.995195 -0.0600426 -0.0773382 -0.0465446 0.0560071 0.997005 -0.0533348 -0.0518157 0.0803089 0.048747 0.995577 -0.0293783 0 0 0 1 
13001298760130;0.557579;0.190817;0.961084 -0.25526 -0.105643 -0.70578 0.24857 0.965897 -0.0724913 -1.33923 0.120545 0.0434104 0.991758 0.129314 0 0 0 1 
13001298760131;0.697726;0.216321;0.982161 -0.181642 -0.0486355 -0.00594047 0.168525 0.965017 -0.200853 -1.09873 0.0834175 0.189074 0.978413 0.428073 0 0 0 1 
13001298760132;0.915785;0.20019;0.980755 0.00837362 0.195061 0.0466821 0.00220498 0.998541 -0.0539522 0.220798 -0.195228 0.053344 0.979306 0.401745 0 0 0 1 
13001298760133;0.526097;0.200654;0.992793 0.103636 0.0601711 0.299348 -0.102764 0.994553 -0.017422 0.614435 -0.0616489 0.011113 0.998036 0.92509 0 0 0 1 
13001298760134;0.640051;0.210302;0.990848 -0.0485846 -0.125937 0.143607 0.0401023 0.996808 -0.0690362 0.0896503 0.128889 0.063354 0.989633 0.282233 0 0 0 1 
13001298760135;0.744448;0.16535;0.911144 0.373899 -0.173252 1.72411 -0.386751 0.921023 -0.0462692 1.73605 0.142269 0.109163 0.98379 0.346467 0 0 0 1 
13001298760136;0.470128;0.213661;0.991711 0.104199 -0.0751795 0.0641197 -0.108298 0.992722 -0.0526719 0.592072 0.069144 0.060377 0.995778 -0.271661 0 0 0 1 
13001298760137;0.306436;0.1597;0.969707 0.0491968 0.239265 0.0754074 0.0136819 0.967032 -0.254288 -0.0222206 -0.243887 0.249859 0.937064 2.1529 0 0 0 1 
13001298760138;0.926249;0.210795;0.99875 -0.0350825 -0.0356121 -0.451627 0.0321071 0.996202 -0.0809355 -0.395983 0.0383163 0.0796909 0.996083 -0.474403 0 0 0 1 
13001298760139;0.738974;0.207102;0.983078 0.180319 -0.0322961 0.554364 -0.182901 0.976027 -0.11798 1.02655 0.0102478 0.121891 0.992491 1.1086 0 0 0 1 
13001298760140;1.02616;0.211788;0.987367 0.111804 -0.11228 0.170539 -0.118887 0.991184 -0.0584888 0.527854 0.10475 0.0710985 0.991954 -0.999506 0 0 0 1 
13001298760141;0.897713;0.188919;0.944777 -0.262354 0.196385 -0.883265 0.291511 0.946581 -0.137859 -1.79502 -0.149727 0.187494 0.970787 2.03109 0 0 0 1 
13001298760142;0.158181;0.162075;0.999395 -0.0136781 0.0319646 -0.0519364 0.0181002 0.989638 -0.142437 0.142502 -0.0296852 0.142929 0.989288 0.730852 0 0 0 1 
13001298760143;0.631582;0.130844;0.939081 0.330314 -0.0949717 1.30162 -0.343307 0.888352 -0.304912 1.54231 -0.0163484 0.318941 0.947634 1.58735 0 0 0 1 
13001298760144;0.855274;0.183453;0.980404 -0.119147 -0.156885 0.479757 0.1222 0.992456 0.00992729 -0.490919 0.154519 -0.0289041 0.987567 -0.28918 0 0 0 1 
13001298760145;0.0426315;0.178374;0.99778 -0.056006 -0.0360377 -0.141769 0.0539087 0.996932 -0.0567509 -0.123653 0.0391055 0.0546821 0.997738 0.14714 0 0 0 1 
13001298760146;0.950154;0.179517;0.992138 0.00128433 -0.12514 0.100893 -0.00649205 0.999129 -0.0412162 -0.028495 0.124978 0.0417046 0.991283 0.56254 0 0 0 1 
13001298760147;0.397392;0.134697;0.949233 0.0697536 -0.306742 0.621918 -0.156961 0.950073 -0.269677 0.854279 0.272616 0.304133 0.912789 -0.175777 0 0 0 1 
13001298760148;0.554781;0.209285;0.99474 -0.102168 0.00738956 -0.306354 0.10086 0.964286 -0.244908 -0.485167 0.0178963 0.244365 0.969518 0.328107 0 0 0 1 
13001298760149;0.73823;0.242595;0.996694 -0.0568742 -0.0580201 -0.119267 0.0504791 0.993053 -0.106289 0.198545 0.0636622 0.103009 0.992641 0.828701 0 0 0 1 
13001298760150;0.886242;0.190456;0.966535 -0.256531 -0.000936311 -0.313009 0.255982 0.964691 -0.0619985 -1.55293 0.0168078 0.0596841 0.998076 -0.368748 0 0 0 1 
13001298760151;1.10427;0.189316;0.953563 0.258147 0.155172 1.71785 -0.280354 0.949034 0.143999 1.60967 -0.11009 -0.180815 0.977336 0.15625 0 0 0 1 
13001298760152;0.722566;0.171088;0.959275 0.195282 0.2041 0.166778 -0.124212 0.940553 -0.31612 0.429637 -0.253699 0.277894 0.926505 2.43714 0 0 0 1 
13001298760153;0.343462;0.182939;0.948719 0.278326 -0.149892 1.19636 -0.307739 0.92161 -0.236501 1.41948 0.0723177 0.270501 0.96 0.614412 0 0 0 1 
13001298760155;0.0682714;0.637078;0.997076 -0.0621175 -0.0445131 -0.633324 0.0633482 0.997632 0.0267908 -0.565883 0.0427435 -0.0295323 0.99865 -0.0217218 0 0 0 1 
13001298760156;0.228778;0.76613;0.995654 -0.0924621 0.0111528 -0.811139 0.0931164 0.986107 -0.137562 -0.327013 0.00172146 0.138003 0.99043 0.0689001 0 0 0 1 
13001298760157;0.606065;0.882573;0.993123 -0.0389096 -0.110418 -1.33807 0.0343615 0.998493 -0.042799 -0.870346 0.111916 0.0387106 0.992963 -0.234965 0 0 0 1 
13001298760158;0.344682;0.877529;0.97301 -0.0307339 -0.228709 -0.632936 0.000426958 0.99133 -0.131399 0.180625 0.230764 0.127754 0.964586 -0.832523 0 0 0 1 
13001298760159;0.780294;1.78863;0.979014 -0.201152 -0.0327062 -1.16201 0.200887 0.97955 -0.0112536 -1.2087 0.034301 0.00444717 0.999402 -0.596103 0 0 0 1 
13001298760160;0.374691;1.23178;0.926235 -0.347659 -0.145678 -0.873232 0.365284 0.923228 0.119239 -2.28014 0.0930392 -0.163657 0.98212 -0.0161122 0 0 0 1 
13001298760161;0.829311;0.656911;0.961279 -0.0331137 0.27358 -1.43808 -0.00171386 0.992017 0.126094 -0.429993 -0.275572 -0.12168 0.953548 1.19606 0 0 0 1 
13001298760162;0.477774;1.16559;0.972789 -0.215302 0.0855915 -1.17575 0.231098 0.875258 -0.424872 -1.67363 0.016561 0.433091 0.901198 0.406491 0 0 0 1 
13001298760163;0.737936;0.718783;0.992632 -0.117032 0.0313724 -0.332082 0.11704 0.993126 0.00158636 -1.07612 -0.0313424 0.00209716 0.999507 0.404719 0 0 0 1 
13001298760164;0.306679;0.551842;0.987415 0.0613182 -0.145777 -0.449186 -0.0930668 0.970564 -0.222136 0.401138 0.127865 0.232907 0.964056 -0.311553 0 0 0 1 
13001298760165;0.655134;0.596409;0.993875 -0.0959174 -0.0548915 -1.03223 0.101301 0.989238 0.105574 -0.633933 0.0441744 -0.110488 0.992895 -0.630136 0 0 0 1 
13001298760166;0.142166;0.430699;0.998244 0.0505719 -0.030832 -0.425575 -0.0508771 0.998663 -0.00919562 0.0836461 0.0303258 0.0107481 0.999482 -0.115436 0 0 0 1 
13001298760167;0.73402;1.15477;0.978296 0.110905 0.175033 -0.702969 -0.096371 0.991315 -0.0894812 -0.377792 -0.183437 0.070671 0.980488 1.24841 0 0 0 1 
13001298760168;0.457979;1.06821;0.992726 0.114887 0.0359906 -0.870393 -0.105955 0.975674 -0.19192 -0.0697589 -0.0571642 0.18671 0.98075 0.0952526 0 0 0 1 
13001298760169;0.0971797;0.645943;0.99811 0.0614546 0.000145483 -0.717811 -0.0606912 0.985333 0.159488 -0.0223092 0.0096579 -0.159195 0.9872 -0.111593 0 0 0 1 
13001298760170;0.865636;1.05467;0.989357 -0.0643043 -0.130529 -1.31204 0.0492971 0.992128 -0.115114 -0.433338 0.136903 0.107454 0.984739 0.107054 0 0 0 1 
13001298760171;0.53187;0.705641;0.984213 -0.100572 -0.145639 -0.762808 0.154896 0.887571 0.433849 -1.16957 0.0856313 -0.449559 0.889137 0.0245286 0 0 0 1 
13001298760172;0.399772;1.18773;0.956108 -0.153329 0.249697 -0.884465 0.118531 0.981713 0.148966 -1.28573 -0.267971 -0.112831 0.956797 1.32755 0 0 0 1 
13001298760173;0.409814;1.34831;0.977252 0.0894344 0.192303 -1.23018 -0.0727146 0.99307 -0.0923242 -0.459128 -0.199227 0.0762408 0.976983 0.844201 0 0 0 1 
13001298760174;0.230776;0.740873;0.999341 0.00916724 -0.0351301 -0.822776 -0.00955223 0.999896 -0.0108069 -0.296879 0.0350274 0.0111353 0.999324 0.18157 0 0 0 1 
13001298760175;0.184973;0.769228;0.986878 0.0505296 -0.153358 -0.772732 -0.0594454 0.996764 -0.0541171 -0.0567533 0.150127 0.0625234 0.986688 -0.678947 0 0 0 1 
13001298760176;0.684651;1.03241;0.994725 -0.099494 -0.0249613 -1.01511 0.102283 0.943629 0.314806 -1.67047 -0.00776717 -0.315699 0.948828 -0.431796 0 0 0 1 
13001298760177;0.712892;1.05214;0.979225 0.128279 0.157046 -0.753151 -0.0563809 0.916172 -0.396799 0.230859 -0.194782 0.379701 0.904371 0.687967 0 0 0 1 
13001298760178;0.372998;1.22389;0.99299 0.0451092 0.109254 -1.16586 -0.0296371 0.989806 -0.139308 -0.495483 -0.114425 0.135093 0.984204 0.383122 0 0 0 1 
13001298760179;0.364497;1.296;0.903884 -0.418539 0.0884278 -0.915374 0.380987 0.881632 0.278522 -2.58324 -0.194533 -0.218061 0.95635 0.867686 0 0 0 1 
13001298760180;0.444705;1.17005;0.907238 -0.341102 -0.246106 -0.79241 0.407168 0.85898 0.310431 -2.31057 0.105511 -0.381841 0.918185 -0.614992 0 0 0 1 
13001298760181;0.327893;0.616949;0.990349 -0.116372 0.0752718 -0.810033 0.114318 0.992959 0.0310538 -0.658757 -0.0783556 -0.0221492 0.996679 0.0232807 0 0 0 1 
13001298760182;0.549357;0.879799;0.996306 -0.0784856 0.0348394 -0.851977 0.0784709 0.996915 0.00179114 -0.776417 -0.0348725 0.000949359 0.999391 0.583589 0 0 0 1 
13001298760183;0.363905;0.862878;0.981606 -0.0460691 -0.185275 -0.7957 0.0853447 0.973973 0.209984 -0.587245 0.170779 -0.221934 0.959989 -0.256977 0 0 0 1 
13001298760184;0.185151;0.833454;0.989841 0.14217 -0.00179781 -0.871263 -0.14218 0.989807 -0.00818885 0.263872 0.000615273 0.00836127 0.999965 0.123692 0 0 0 1 
13001298760186;0.752269;1.27655;0.956297 -0.28309 0.073179 -0.642211 0.28644 0.957261 -0.0400516 -1.46745 -0.0587131 0.0592627 0.996514 0.727823 0 0 0 1 
13001298760187;1.11885;1.21141;0.783537 -0.614306 0.0932676 -0.379606 0.619969 0.782929 -0.0515752 -3.2576 -0.041339 0.098234 0.994304 0.551391 0 0 0 1 
13001298760188;1.47853;1.23687;0.964145 -0.260313 0.0515931 -0.609961 0.256706 0.865558 -0.430014 -1.13291 0.0672815 0.42784 0.901347 0.0849467 0 0 0 1 
13001298760189;0.694353;1.21916;0.995085 -0.0199303 0.096993 0.136636 0.0276523 0.996496 -0.0789326 -1.0763 -0.09508 0.0812268 0.99215 0.117804 0 0 0 1 
13001298760190;1.04867;1.16164;0.888419 -0.436861 -0.140941 -0.60983 0.432425 0.899512 -0.0623441 -2.71185 0.154014 -0.00555889 0.988053 -0.648508 0 0 0 1 
13001298760191;0.608395;1.21382;0.987713 -0.0898539 0.127863 -0.373452 0.10369 0.988944 -0.106014 -0.988436 -0.116924 0.11797 0.98611 0.189229 0 0 0 1 
13001298760192;0.728377;1.20854;0.940505 -0.327976 0.0887862 -0.644843 0.330851 0.943482 -0.0194665 -1.47556 -0.0773837 0.0476834 0.99586 0.729761 0 0 0 1 
13001298760193;0.223967;1.19764;0.93305 -0.354159 0.0631628 -0.65691 0.354615 0.935003 0.00422624 -1.72193 -0.0605542 0.0184552 0.997994 0.142273 0 0 0 1 
13001298760194;0.894476;1.14337;0.990819 -0.127646 0.0445511 -0.354186 0.120957 0.984153 0.129666 -1.3818 -0.0603964 -0.123087 0.990556 -0.662654 0 0 0 1 
13001298760195;0.58478;1.16794;0.985921 0.16029 0.0476169 0.339742 -0.159104 0.986872 -0.0277567 -0.331535 -0.0514409 0.0197899 0.99848 0.436561 0 0 0 1 
13001298760196;0.904607;1.22445;0.953212 -0.292507 0.0763275 -0.969246 0.296276 0.954105 -0.043648 -1.31505 -0.0600571 0.0642198 0.996127 -0.055328 0 0 0 1 
13001298760197;0.286883;1.01485;0.909713 -0.41231 0.049228 -0.768902 0.413835 0.909982 -0.0259333 -2.06942 -0.0341041 0.0439642 0.998451 0.220092 0 0 0 1 
13001298760198;1.24998;1.1741;0.975733 0.205327 0.0760646 0.362939 -0.202709 0.978391 -0.0407544 0.279595 -0.0827889 0.0243465 0.99627 -0.162049 0 0 0 1 
13001298760199;1.55468;1.27856;0.918162 -0.224047 -0.326775 0.209592 0.208691 0.974554 -0.0818119 -1.19237 0.33679 0.00692154 0.941555 -1.67788 0 0 0 1 
13001298760200;0.663257;0.968058;0.969882 -0.240807 0.0366076 -0.632038 0.242262 0.969279 -0.0425103 -1.68472 -0.0252462 0.0500986 0.998425 0.0724456 0 0 0 1 
13001298760201;0.427557;1.26055;0.992331 -0.0690115 0.102548 -0.386028 0.0455938 0.975489 0.215273 -1.11098 -0.11489 -0.208947 0.971155 -0.485252 0 0 0 1 
13001298760202;1.14516;1.04121;0.951995 -0.305137 -0.0244318 -0.545822 0.30596 0.945964 0.107429 -1.7725 -0.00966899 -0.109747 0.993913 -1.0227 0 0 0 1 
13001298760203;0.345194;1.03665;0.997836 0.0105622 -0.0648937 0.113462 -0.00615249 0.997681 0.0677803 -0.5876 0.0654591 -0.0672344 0.995588 -0.228362 0 0 0 1 
13001298760204;0.987501;1.24361;0.914168 -0.404881 0.019208 -0.968026 0.405047 0.914279 -0.00556058 -1.75879 -0.0153101 0.0128635 0.9998 -0.446659 0 0 0 1 
13001298760205;1.27725;1.23395;0.908769 -0.409766 0.0789411 -0.126699 0.41319 0.910056 -0.0327406 -2.0378 -0.0584249 0.0623713 0.996341 0.781133 0 0 0 1 
13001298760206;0.732057;1.2864;0.99326 -0.00213127 0.115887 -0.112994 0.0392322 0.946996 -0.318839 -0.854323 -0.109065 0.321237 0.940697 1.46019 0 0 0 1 
13001298760207;0.280311;1.2424;0.894261 -0.425175 -0.13973 -0.546782 0.422782 0.904965 -0.0478864 -2.04267 0.146811 -0.0162526 0.989031 -0.342106 0 0 0 1 
13001298760208;0.976835;1.177;0.96095 -0.227018 0.158235 -0.256002 0.239218 0.968944 -0.0626209 -1.85019 -0.139104 0.0980281 0.985414 0.920878 0 0 0 1 
13001298760209;0.510095;1.16406;0.960509 -0.278078 0.00969981 -0.296307 0.277887 0.956911 -0.0842618 -1.57282 0.0141495 0.0836297 0.996396 -0.0228828 0 0 0 1 
13001298760210;0.786915;1.31331;0.906784 -0.357025 0.224223 -0.862758 0.369178 0.929263 -0.0133558 -1.5175 -0.203594 0.0948892 0.974446 0.546733 0 0 0 1 
13001298760211;0.331308;1.28397;0.967201 -0.240179 0.0826769 -0.553337 0.223833 0.959758 0.169599 -1.56653 -0.120084 -0.14553 0.982039 0.105307 0 0 0 1 
13001298760212;0.525518;1.25101;0.977096 -0.142491 0.158052 -0.60301 0.146998 0.988988 -0.0171417 -1.2467 -0.153869 0.0399824 0.987282 0.335972 0 0 0 1 
13001298760213;1.26584;1.26608;0.95682 -0.279255 0.0806945 -0.152864 0.288624 0.945672 -0.149667 -1.47457 -0.0345151 0.166495 0.985438 1.22572 0 0 0 1 
13001298760214;1.19532;1.40774;0.961171 -0.150337 0.231405 0.108701 0.124244 0.984529 0.123558 -0.762504 -0.2464 -0.0900095 0.964979 0.751963 0 0 0 1 
13001298760215;0.473246;1.12323;0.996029 0.088537 -0.00939098 0.217898 -0.0882234 0.995656 0.0297477 -0.730323 0.011984 -0.0288011 0.999513 -0.139716 0 0 0 1 
13001298760217;0.222897;0.258669;0.993339 -0.10233 -0.0529777 -0.073299 0.103859 0.994227 0.0269557 -0.561618 0.0499134 -0.0322784 0.998232 -0.100292 0 0 0 1 
13001298760218;0.56062;0.291546;0.978356 0.0627411 0.197188 0.598536 -0.108109 0.967512 0.228544 -0.060917 -0.176443 -0.244915 0.953354 0.107031 0 0 0 1 
13001298760219;1.35156;0.260891;0.997028 -0.076971 0.0032753 -0.160563 0.077032 0.996652 -0.0273946 -0.0332179 -0.00115574 0.0275655 0.999619 1.09359 0 0 0 1 
13001298760220;0.477483;0.257279;0.925738 -0.203359 0.318834 -0.115989 0.174769 0.977732 0.116173 -0.607678 -0.335359 -0.0518233 0.940664 1.40382 0 0 0 1 
13001298760221;0.489369;0.302232;0.941771 -0.170848 0.289619 -0.143566 0.1247 0.97734 0.171045 -0.873208 -0.312279 -0.12497 0.941735 1.13597 0 0 0 1 
13001298760222;1.04527;0.289331;0.998308 0.0444748 0.0374668 -0.0874646 -0.0517277 0.973519 0.222679 -0.411759 -0.0265711 -0.22424 0.974172 -0.803031 0 0 0 1 
13001298760223;0.25956;0.250825;0.967884 0.0926231 0.233712 0.293577 -0.106309 0.993239 0.0466307 0.323175 -0.227812 -0.0699788 0.971187 0.725487 0 0 0 1 
13001298760224;0.137794;0.182655;0.998311 0.00835128 -0.0575013 0.140547 -0.0105566 0.999216 -0.0381557 0.0682164 0.0571376 0.0386982 0.997616 0.0497767 0 0 0 1 
13001298760225;1.05742;0.321929;0.899211 -0.0387075 0.435801 -0.351164 0.0423767 0.999101 0.00130141 -0.405843 -0.435459 0.0172975 0.900042 1.90789 0 0 0 1 
13001298760226;1.15936;0.253989;0.993834 0.110878 0.000360636 -0.0992937 -0.1108 0.993246 -0.0344319 0.268409 -0.00417593 0.0341796 0.999407 0.747127 0 0 0 1 
13001298760227;0.324156;0.216844;0.945264 0.315979 -0.0814409 1.33433 -0.323396 0.940444 -0.104787 1.14191 0.0434801 0.125389 0.991154 0.290026 0 0 0 1 
13001298760228;1.39459;0.24439;0.930057 -0.108929 0.350896 -0.503731 0.225978 0.922633 -0.312543 -0.0961364 -0.289703 0.369978 0.882716 2.03415 0 0 0 1 
13001298760229;0.664996;0.353066;0.959545 -0.0739191 0.27168 -0.124725 0.00262798 0.967231 0.253884 -0.227072 -0.281544 -0.242899 0.928296 0.907101 0 0 0 1 
13001298760230;0.977712;0.253683;0.954243 -0.297611 0.0291117 -0.417356 0.294956 0.952786 0.0721162 -1.58875 -0.0491997 -0.0602298 0.996971 -0.414418 0 0 0 1 
13001298760231;0.367575;0.635378;0.962138 0.0133365 0.272236 0.348378 -0.0304172 0.997817 0.0586188 -0.195044 -0.27086 -0.06468 0.960443 0.844232 0 0 0 1 
13001298760232;0.090517;0.205546;0.996914 0.0284857 -0.0731573 0.284774 -0.0317019 0.998564 -0.043185 0.144153 0.0718221 0.0453709 0.996385 -0.0884057 0 0 0 1 
13001298760233;0.668099;0.226034;0.968813 -0.247593 -0.00991491 -0.0609931 0.247792 0.968086 0.0375312 -0.688618 0.000305998 -0.0388176 0.999246 0.00771687 0 0 0 1 
13001298760234;0.755306;0.31731;0.99343 0.0893511 -0.0715129 0.378606 -0.0799181 0.988887 0.125364 -0.094446 0.0819196 -0.118826 0.98953 -0.123953 0 0 0 1 
13001298760235;0.973297;0.355976;0.998977 -0.00582973 -0.0448515 0.3039 0.00764784 0.999151 0.040472 -0.643257 0.0445775 -0.0407736 0.998174 -0.476587 0 0 0 1 
13001298760236;0.97211;0.21957;0.956188 -0.134474 -0.26004 0.309905 0.181006 0.969691 0.164122 -0.978571 0.230088 -0.204 0.951548 -1.92807 0 0 0 1 
13001298760237;0.48343;0.288007;0.997956 0.0456549 0.0447222 0.264109 -0.0430985 0.997469 -0.0565499 -0.054506 -0.0471908 0.0545068 0.997398 0.254645 0 0 0 1 
13001298760238;0.245894;0.18505;0.999007 0.0441833 -0.00569 0.268743 -0.0444936 0.99593 -0.0783808 0.0427726 0.00220372 0.0785561 0.996907 0.393907 0 0 0 1 
13001298760239;0.597612;0.400336;0.992395 0.121889 0.0171936 0.62518 -0.122874 0.98928 0.0789134 0.201956 -0.00739056 -0.0804259 0.996733 -0.397218 0 0 0 1 
13001298760240;0.379328;0.290206;0.998612 -0.0526568 0.00135769 0.0565782 0.0526293 0.998492 0.0156005 -0.106524 -0.00217712 -0.0155074 0.999877 0.331351 0 0 0 1 
13001298760241;0.905295;0.298421;0.998214 -0.0273246 -0.0531241 0.70104 0.035015 0.988111 0.1497 0.0870808 0.048402 -0.151293 0.987303 -0.638337 0 0 0 1 
13001298760242;0.886526;0.369642;0.918661 -0.35875 0.165411 -0.836223 0.345192 0.932584 0.105493 -1.57121 -0.192105 -0.0398136 0.980566 0.230923 0 0 0 1 
13001298760243;0.836676;0.229208;0.954782 0.223847 0.195661 1.02847 -0.204887 0.972292 -0.112556 0.389509 -0.215435 0.0673781 0.974191 0.604779 0 0 0 1 
13001298760244;1.22657;0.328016;0.997288 0.0723379 0.0135291 0.992 -0.07217 0.997314 -0.0125127 0.355885 -0.0143979 0.0115024 0.99983 0.801431 0 0 0 1 
13001298760245;1.14759;0.329401;0.99749 -0.0703638 -0.00789367 -0.713715 0.0691605 0.992136 -0.104319 -0.0526396 0.0151719 0.103512 0.994513 0.0424136 0 0 0 1 
13001298760246;0.304771;0.194115;0.947396 0.261155 -0.185039 1.15654 -0.268752 0.963063 -0.0167871 0.90426 0.17382 0.0656336 0.982588 -0.49581 0 0 0 1 
13001298760248;0.0489943;1.09542;0.919936 -0.3775 0.105885 -1.44239 0.379463 0.925205 0.00172815 -2.07964 -0.0986179 0.0385898 0.994377 0.384277 0 0 0 1 
13001298760249;0.420407;0.884317;0.956092 -0.28403 0.0722129 -1.22319 0.284534 0.95866 0.00343205 -1.78766 -0.0702024 0.0172657 0.997383 -0.0911708 0 0 0 1 
13001298760250;0.517589;1.00993;0.944989 -0.299157 0.132294 -1.10043 0.30008 0.95382 0.0133723 -1.76933 -0.130185 0.0270621 0.99112 0.884076 0 0 0 1 
13001298760251;0.918817;0.995775;0.89922 -0.389895 0.198458 -0.730817 0.391344 0.919633 0.0335405 -1.73917 -0.195586 0.047505 0.979535 0.354545 0 0 0 1 
13001298760252;0.624083;1.0025;0.957705 -0.281623 0.0590711 -1.43039 0.286536 0.952198 -0.105908 -1.17543 -0.0264211 0.118355 0.99262 0.539878 0 0 0 1 
13001298760253;0.848575;0.893708;0.979782 -0.164931 0.113244 -0.394147 0.156854 0.984621 0.07693 -1.14388 -0.124191 -0.0576118 0.990584 0.707476 0 0 0 1 
13001298760254;0.316984;0.944764;0.900368 -0.419106 0.116993 -1.3875 0.434669 0.878656 -0.197553 -2.16486 -0.0200012 0.228723 0.973286 0.898134 0 0 0 1 
13001298760255;0.292142;0.831155;0.988587 -0.0584868 -0.138837 -0.403183 0.0557833 0.998171 -0.0232878 -0.758423 0.139945 0.0152773 0.990041 -0.46331 0 0 0 1 
13001298760256;0.288912;0.921625;0.932339 -0.354937 0.0690235 -1.1608 0.356933 0.933942 -0.0187159 -2.09076 -0.057821 0.0420863 0.997439 0.450704 0 0 0 1 
13001298760257;0.0896223;0.909303;0.917861 -0.352429 0.182554 -1.14429 0.35613 0.934343 0.013212 -1.97616 -0.175224 0.0528859 0.983107 0.665026 0 0 0 1 
13001298760258;0.918056;0.977566;0.987569 -0.136053 0.0787275 -0.50945 0.131642 0.989554 0.0587641 -0.498826 -0.0859001 -0.0476697 0.995163 0.131878 0 0 0 1 
13001298760259;0.628443;0.980859;0.926683 -0.349827 0.137404 -1.61507 0.350133 0.936424 0.0227317 -1.71319 -0.13662 0.0270445 0.990254 0.0391931 0 0 0 1 
13001298760260;0.777086;0.953109;0.884177 -0.447709 0.133369 -1.85923 0.450468 0.892732 0.0104307 -1.82017 -0.123733 0.0508558 0.991012 0.482297 0 0 0 1 
13001298760261;0.754638;1.14185;0.936104 -0.304407 -0.1762 -0.673708 0.265588 0.940194 -0.213303 -1.55663 0.230593 0.152877 0.960966 0.267813 0 0 0 1 
13001298760262;0.728008;1.00018;0.942087 -0.311251 0.12488 -1.68468 0.318154 0.947226 -0.0392636 -2.05168 -0.106069 0.0767208 0.991395 0.154289 0 0 0 1 
