#;prob_registration_l1 -r /home/probabilistic_point_clouds_registration/build/tester /home/point_clouds_registration_benchmark//devel/registration_pairs/box_met_local.txt /home/point_clouds_registration_benchmark//planetary/box_met -s 0.2 -t 0.2 -p 0.3 -r 1000 -m 25 -i 40 
id;initial_error;final_error;transformation
7680147070000;1.79635;5.32215;0.866779 0.224418 0.445343 -11.3617 -0.163754 0.971587 -0.170888 -3.28762 -0.47104 0.0751952 0.878901 -33.3277 0 0 0 1 
7680147070001;0.811107;5.32928;0.977978 0.184517 0.0975342 -7.06941 -0.159267 0.961812 -0.2226 -2.11005 -0.134883 0.202164 0.970019 -13.6007 0 0 0 1 
7680147070002;1.49386;5.30413;0.963268 0.0204426 -0.267762 -5.97647 -0.0890438 0.965003 -0.246659 1.39006 0.253349 0.261441 0.931377 7.16599 0 0 0 1 
7680147070003;0.946768;5.17572;0.982759 0.184838 -0.00443501 -7.6514 -0.182446 0.965595 -0.185312 -4.79834 -0.0299702 0.182926 0.98267 -5.30698 0 0 0 1 
7680147070004;1.43077;5.61212;0.99964 -0.00689812 -0.0259148 -3.25996 0.00342206 0.991263 -0.131856 4.78294 0.026598 0.13172 0.99093 -2.15633 0 0 0 1 
7680147070005;0.312811;5.44517;0.981495 0.177471 0.0719158 -7.25163 -0.17948 0.983505 0.0224551 -3.00295 -0.0667444 -0.034947 0.997158 -5.0542 0 0 0 1 
7680147070006;1.56238;5.38055;0.998874 0.0473337 -0.00308034 -3.27244 -0.0472564 0.998649 0.0216068 3.62475 0.00409891 -0.0214369 0.999762 -2.81302 0 0 0 1 
7680147070007;1.77223;5.50138;0.952856 0.185243 0.240313 -7.81274 -0.239581 0.945329 0.221254 -4.86011 -0.186189 -0.268397 0.945144 -10.3869 0 0 0 1 
7680147070008;0.368314;5.6592;0.968079 0.233972 0.0898913 -8.7103 -0.235402 0.971882 0.00550326 -5.72337 -0.0860762 -0.0264882 0.995936 -6.20837 0 0 0 1 
7680147070009;2.02654;5.33284;0.999302 0.0259526 0.0268522 -3.98833 -0.0238074 0.996721 -0.0773391 4.92511 -0.0287713 0.0766459 0.996643 -7.46963 0 0 0 1 
7680147070010;1.67484;5.3122;0.992356 0.0331976 -0.118855 -4.29274 -0.0340991 0.999403 -0.00555842 4.66149 0.1186 0.00956879 0.992896 7.45457 0 0 0 1 
7680147070011;1.58383;5.22072;0.968871 0.0543382 0.241528 -4.9933 0.0334947 0.937872 -0.345361 6.42315 -0.245289 0.3427 0.906857 -20.4917 0 0 0 1 
7680147070012;1.55669;4.99986;0.994312 0.0644467 0.0847905 -5.2344 -0.04591 0.977732 -0.204773 3.3904 -0.0960994 0.199716 0.97513 -8.88931 0 0 0 1 
7680147070013;1.90796;5.31622;0.989163 0.145371 0.0205739 -5.90429 -0.146604 0.97039 0.191966 -0.527468 0.00794155 -0.192902 0.981186 -0.39049 0 0 0 1 
7680147070014;1.7784;5.22813;0.979077 0.201669 -0.0271806 -7.98786 -0.203206 0.976019 -0.0780674 -4.39835 0.010785 0.0819572 0.996577 -4.68866 0 0 0 1 
7680147070015;0.363704;5.18851;0.998537 0.0305845 -0.0446012 -4.43897 -0.0119194 0.928904 0.370128 9.59154 0.0527505 -0.369054 0.92791 7.79541 0 0 0 1 
7680147070016;0.265959;5.32058;0.990859 0.131804 0.0287494 -5.96548 -0.133093 0.9899 0.0488229 -0.165734 -0.022024 -0.0522029 0.998394 -2.22389 0 0 0 1 
7680147070017;0.994504;5.2782;0.99996 -0.00871109 -0.00179882 -3.68872 0.00873341 0.99988 0.0127952 7.19365 0.00168714 -0.0128105 0.999917 -2.37429 0 0 0 1 
7680147070018;1.14391;5.47448;0.92347 0.134282 -0.359403 -13.6644 -0.129781 0.990862 0.0367435 0.30649 0.361053 0.0127122 0.932459 19.3441 0 0 0 1 
7680147070019;1.59901;5.05153;0.997255 0.0693611 0.025927 -2.96759 -0.0694987 0.997572 0.00444063 4.34391 -0.0255561 -0.00623034 0.999654 -2.59272 0 0 0 1 
7680147070020;1.99055;5.35332;0.964373 0.123417 0.233995 -8.36932 -0.147049 0.985355 0.0863286 -0.311803 -0.219913 -0.117662 0.968398 -11.1591 0 0 0 1 
7680147070021;1.30849;4.9854;0.970647 -0.0086896 -0.24035 -6.2393 0.057894 0.978404 0.19843 12.1888 0.233435 -0.206521 0.950188 14.3725 0 0 0 1 
7680147070022;0.490232;5.24767;0.998053 0.0056201 0.0621188 -3.09073 -0.00833234 0.999019 0.0434897 6.5303 -0.0618134 -0.0439227 0.997121 -3.85879 0 0 0 1 
7680147070023;1.93092;4.97764;0.983241 0.175349 0.0498909 -6.42303 -0.166569 0.975295 -0.145101 -1.04214 -0.0741017 0.134359 0.988158 -7.44631 0 0 0 1 
7680147070024;2.01577;5.7175;0.976911 0.165981 -0.134522 -6.72478 -0.136472 0.969237 0.204827 -0.0982778 0.164381 -0.181739 0.96951 9.84722 0 0 0 1 
7680147070025;1.53658;5.38652;0.958339 0.00688411 -0.285551 -6.80546 -0.0417638 0.992343 -0.11624 2.84302 0.282564 0.123323 0.951288 10.653 0 0 0 1 
7680147070026;1.23157;5.50593;0.974571 0.215789 0.060384 -7.94898 -0.220227 0.972134 0.0803485 -3.99141 -0.041363 -0.0916036 0.994936 -0.954488 0 0 0 1 
7680147070027;1.05263;5.13653;0.927543 0.118575 0.354406 -8.63019 -0.171912 0.977415 0.122906 -2.27677 -0.331829 -0.174928 0.926979 -18.3101 0 0 0 1 
7680147070028;0.137424;5.33424;0.994181 0.104351 0.0267455 -5.31903 -0.104762 0.994393 0.0144311 0.861224 -0.0250896 -0.017149 0.999538 -2.59232 0 0 0 1 
7680147070029;1.81513;4.87279;0.993925 0.090653 -0.0624103 -6.18326 -0.0919741 0.995587 -0.0186253 3.39262 0.0604464 0.0242523 0.997877 2.2001 0 0 0 1 
7680147070031;0.429088;2.46575;0.974479 -0.0533283 -0.218052 -5.09915 0.0528211 0.998571 -0.00815882 2.57489 0.218176 -0.00356715 0.975903 0.905169 0 0 0 1 
7680147070032;0.91489;2.5377;0.994984 -0.000487853 0.100029 -3.73927 -0.00808868 0.996321 0.0853171 3.29355 -0.0997025 -0.0856983 0.99132 -0.208431 0 0 0 1 
7680147070033;0.415478;2.28062;0.976438 -0.00469638 0.215748 -3.73014 0.0699439 0.952681 -0.295816 1.94015 -0.20415 0.303936 0.930562 -10.0041 0 0 0 1 
7680147070034;0.600344;2.46084;0.985513 -0.0724478 -0.153349 -4.16968 0.0439485 0.982377 -0.181672 1.87552 0.163808 0.172301 0.971329 -2.3891 0 0 0 1 
7680147070035;0.44843;2.27122;0.997384 -0.0129583 0.0711083 -4.02568 -0.00157027 0.979681 0.200556 2.77349 -0.0722623 -0.200143 0.977098 2.34961 0 0 0 1 
7680147070036;0.879785;2.22286;0.99948 -0.0322156 -0.00134002 -5.39709 0.0321347 0.998659 -0.0405938 2.75497 0.00264597 0.0405296 0.999175 -1.90058 0 0 0 1 
7680147070037;0.82527;2.27035;0.999457 -0.0165369 0.028483 -3.84421 0.0159284 0.999643 0.0214589 2.52296 -0.0288277 -0.0209936 0.999364 1.23632 0 0 0 1 
7680147070038;0.802274;2.27054;0.978421 -0.0245934 0.205151 -3.83359 -0.034816 0.95907 0.28102 4.51129 -0.203665 -0.282099 0.937518 3.81784 0 0 0 1 
7680147070039;1.33952;2.45303;0.999778 -0.000850692 0.0210347 -6.70111 0.00046448 0.999831 0.0183588 2.5442 -0.0210467 -0.0183449 0.99961 0.434687 0 0 0 1 
7680147070040;0.158831;2.25606;0.999526 -0.0282434 -0.0122574 -3.82597 0.0264627 0.991567 -0.126865 1.69969 0.0157371 0.12648 0.991844 -3.24846 0 0 0 1 
7680147070041;1.36617;2.26741;0.997547 -0.049806 0.0491788 -3.41895 0.0483361 0.998361 0.0306408 2.7385 -0.0506243 -0.0281886 0.99832 -3.46031 0 0 0 1 
7680147070042;0.46675;2.40902;0.995577 0.00366154 0.0938817 -4.22102 0.0163904 0.977149 -0.211924 1.58497 -0.0925123 0.212525 0.972766 -6.99006 0 0 0 1 
7680147070043;1.14629;2.19889;0.963361 0.0328894 0.266185 -2.10261 0.0285925 0.974204 -0.223851 0.597415 -0.266681 0.22326 0.937569 -7.84983 0 0 0 1 
7680147070044;0.702038;2.35225;0.999027 -0.031088 -0.0312734 -4.19015 0.0331015 0.997266 0.0660729 2.99502 0.0291338 -0.0670438 0.997325 2.49401 0 0 0 1 
7680147070045;0.887978;2.38733;0.998284 -0.0389606 0.043724 -3.78555 0.0395071 0.999151 -0.0117047 3.13797 -0.0432309 0.013412 0.998975 -2.67518 0 0 0 1 
7680147070046;0.520495;2.27182;0.992306 -0.046323 0.114815 -3.04988 0.0660432 0.982456 -0.174409 1.93929 -0.104721 0.18065 0.977957 -6.6317 0 0 0 1 
7680147070047;1.3778;2.43503;0.997338 0.0162196 -0.0710874 -7.34622 0.00404194 0.961147 0.276007 5.01003 0.0728022 -0.27556 0.958523 7.20862 0 0 0 1 
7680147070048;1.12108;2.20621;0.99998 -0.00566763 0.00278361 -2.23249 0.00580259 0.998675 -0.0511399 0.681687 -0.00249008 0.051155 0.998688 -1.17692 0 0 0 1 
7680147070049;0.932757;2.29556;0.996635 -0.0652561 -0.0495998 -3.95449 0.0568877 0.986337 -0.154603 2.90201 0.059011 0.151261 0.986731 -1.98052 0 0 0 1 
7680147070050;1.2993;2.16793;0.957869 -0.0685968 -0.278895 -6.9519 0.0307215 0.989959 -0.137976 1.76915 0.285559 0.123595 0.950358 -0.8681 0 0 0 1 
7680147070051;0.92457;2.24974;0.997369 -0.043293 0.058146 -2.80967 0.0269585 0.966068 0.256877 3.54412 -0.067294 -0.254634 0.964693 2.47006 0 0 0 1 
7680147070052;0.840224;2.31161;0.963308 -0.0461697 -0.264399 -4.45051 0.08638 0.986013 0.142537 4.09587 0.25412 -0.160146 0.953822 6.38247 0 0 0 1 
7680147070053;0.82655;2.25711;0.99972 -0.0210913 0.0107013 -3.37325 0.0213078 0.999562 -0.0205346 1.94164 -0.0102636 0.0207569 0.999732 0.355607 0 0 0 1 
7680147070054;0.270576;2.40011;0.997988 -0.00440868 0.063245 -4.46835 0.00183406 0.999169 0.0407091 2.16735 -0.0633719 -0.0405112 0.997167 -0.47094 0 0 0 1 
7680147070055;0.73698;2.21554;0.98388 -0.134347 -0.118031 -2.07744 0.0685045 0.892812 -0.445189 2.23463 0.165189 0.429927 0.887623 -7.64801 0 0 0 1 
7680147070056;0.896614;2.1995;0.998397 -0.0524794 -0.0211808 -3.39237 0.0517702 0.998122 -0.0327451 2.17933 0.0228594 0.0315961 0.999239 -3.0708 0 0 0 1 
7680147070057;0.403726;2.36078;0.997559 0.000128714 0.0698345 -4.98476 0.00345303 0.998684 -0.0511658 2.16634 -0.0697492 0.051282 0.996246 -2.49478 0 0 0 1 
7680147070058;0.771956;2.35914;0.99114 -0.00557457 0.132704 -4.19642 0.0288683 0.984276 -0.174264 1.7797 -0.129646 0.176551 0.975716 -7.43757 0 0 0 1 
7680147070059;0.054331;2.19198;0.999163 -0.0274657 0.03033 -3.42005 0.0280154 0.999448 -0.0178507 2.16599 -0.029823 0.0186854 0.999381 -1.50123 0 0 0 1 
7680147070060;0.252286;2.3707;0.999444 -0.031325 0.0113834 -3.89008 0.027164 0.963486 0.266379 4.46531 -0.0193121 -0.265921 0.963801 4.41684 0 0 0 1 
7680147070062;0.694613;4.10601;0.997099 0.0562167 0.051312 3.46451 -0.0578628 0.997838 0.0311767 -2.15367 -0.0494484 -0.0340554 0.998196 -0.62064 0 0 0 1 
7680147070063;0.642429;3.48063;0.999018 -0.0205189 -0.0392583 4.39148 0.0205367 0.999789 4.85485e-05 -0.471203 0.0392491 -0.000854736 0.999229 0.775508 0 0 0 1 
7680147070064;1.73702;3.51926;0.994509 -0.0901066 -0.0532156 3.87839 0.0771561 0.974904 -0.208826 0.433978 0.0706968 0.203573 0.976504 -2.7605 0 0 0 1 
7680147070065;2.03958;3.60587;0.980379 -0.0134287 -0.196665 0.62596 0.0424018 0.988689 0.143864 1.5907 0.192508 -0.14938 0.969859 6.63643 0 0 0 1 
7680147070066;1.4044;3.64365;0.997317 -0.0271949 0.0679602 3.58457 0.0360124 0.990583 -0.132092 -0.248024 -0.063728 0.134185 0.988905 -3.50131 0 0 0 1 
7680147070067;2.44929;3.49449;0.995854 -0.0333737 -0.0846275 4.75442 0.0347575 0.999284 0.0149305 -0.163283 0.0840686 -0.0178101 0.996301 -0.0224957 0 0 0 1 
7680147070068;0.72785;3.87708;0.99625 -0.0416893 -0.0758192 4.57397 0.0389764 0.998558 -0.0369157 -0.0708892 0.0772488 0.0338221 0.996438 2.48406 0 0 0 1 
7680147070069;0.403431;3.6341;0.995499 -0.0656026 0.0683908 5.43034 0.0881239 0.906269 -0.413414 0.223016 -0.0348594 0.41758 0.907971 -8.21196 0 0 0 1 
7680147070070;2.46104;3.76404;0.924878 -0.193394 -0.327412 3.89001 0.116304 0.963619 -0.24065 -0.184503 0.362041 0.184492 0.913723 4.02694 0 0 0 1 
7680147070071;1.40642;3.26326;0.950609 0.0641194 0.303695 3.27234 -0.102802 0.988247 0.113134 -2.37086 -0.292871 -0.138767 0.946029 -6.03668 0 0 0 1 
7680147070072;0.468235;3.57319;0.99645 -0.00857924 -0.0837537 3.53361 0.00860397 0.999963 -6.57251e-05 -0.888296 0.0837512 -0.000655123 0.996486 2.1172 0 0 0 1 
7680147070073;0.953779;3.47473;0.996317 0.00678627 0.0854763 3.95984 0.00993602 0.98101 -0.193701 -1.76297 -0.0851677 0.193837 0.97733 -4.28983 0 0 0 1 
7680147070074;0.189263;3.45444;0.997398 -0.0684646 -0.0225858 4.85588 0.0636583 0.983412 -0.169849 -0.295729 0.0338398 0.167969 0.985211 -1.83839 0 0 0 1 
7680147070075;2.44638;3.78439;0.956746 -0.0969233 -0.274304 5.8647 0.00976446 0.953038 -0.302692 -1.73081 0.29076 0.286921 0.912762 2.55674 0 0 0 1 
7680147070076;2.31741;3.69863;0.990681 -0.116956 -0.0698044 5.79975 0.115431 0.992988 -0.0255057 1.1179 0.072298 0.0172104 0.997235 4.0154 0 0 0 1 
7680147070077;2.21484;3.50149;0.999127 0.0101813 -0.0405255 5.10466 -0.0144797 0.994129 -0.10723 -1.90699 0.0391958 0.107723 0.993408 1.39592 0 0 0 1 
7680147070078;0.226189;3.93429;0.990111 -0.00344413 -0.140246 3.4839 0.0505612 0.941274 0.333837 3.22674 0.13086 -0.337626 0.93214 8.91781 0 0 0 1 
7680147070079;1.94297;4.16101;0.995485 -0.0137665 0.0939189 4.45767 0.0359482 0.970406 -0.238789 -0.502054 -0.0878522 0.241087 0.966519 -6.54679 0 0 0 1 
7680147070080;2.14298;3.59625;0.997441 -0.0702406 -0.0133189 4.54322 0.0663618 0.978954 -0.192988 0.245096 0.0265943 0.191611 0.981111 0.0395985 0 0 0 1 
7680147070081;1.69906;3.79248;0.999331 -0.00928866 0.0353859 5.87862 0.0135996 0.992238 -0.123608 -1.00729 -0.033963 0.124006 0.9917 -1.25906 0 0 0 1 
7680147070082;2.0972;3.5002;0.953974 -0.152048 -0.258488 3.5491 0.0773956 0.957567 -0.277625 -0.603144 0.289732 0.244841 0.925261 4.64233 0 0 0 1 
7680147070083;0.59076;3.44859;0.999214 -0.0373856 0.0131475 4.36917 0.0396223 0.948989 -0.312809 -1.31112 -0.000782216 0.313085 0.949725 -5.53868 0 0 0 1 
7680147070084;0.946739;3.64701;0.998726 -0.018639 -0.0468912 4.95858 0.0192604 0.999732 0.0128352 -0.483472 0.0466394 -0.013722 0.998818 2.47508 0 0 0 1 
7680147070085;1.67199;4.05425;0.956572 -0.0256756 -0.290362 2.69669 0.126066 0.934578 0.332672 4.9683 0.262824 -0.354829 0.897229 13.7539 0 0 0 1 
7680147070086;1.58068;3.53743;0.99942 -0.0142351 -0.0309367 3.80026 0.01492 0.999646 0.0220237 -0.793469 0.0306122 -0.0224725 0.999279 -0.29564 0 0 0 1 
7680147070087;0.945675;4.24139;0.992087 -0.0367044 -0.12007 3.94164 0.0112459 0.978449 -0.206184 -2.29224 0.12505 0.203202 0.971119 -0.46179 0 0 0 1 
7680147070088;1.00125;4.30514;0.980389 0.108145 0.16475 3.11822 -0.102235 0.993788 -0.0439633 -4.70738 -0.168481 0.0262579 0.985355 -4.46694 0 0 0 1 
7680147070089;1.42162;4.40653;0.9992 0.00852115 0.0390771 4.90166 -0.00946652 0.999665 0.0240716 -2.0231 -0.0388589 -0.0244222 0.998946 1.43685 0 0 0 1 
7680147070090;0.678915;3.51203;0.997235 -0.0337885 -0.0661881 4.48712 0.0363004 0.998651 0.0371235 0.209012 0.0648445 -0.0394235 0.997116 2.32992 0 0 0 1 
7680147070091;1.30647;3.77377;0.982893 -0.113567 -0.145 3.57062 0.0980864 0.989102 -0.109798 1.30345 0.155889 0.0936966 0.983321 2.36743 0 0 0 1 
7680147070093;0.528987;0.718019;0.996073 -0.0112555 -0.0878192 -1.16179 0.0169088 0.997813 0.0638984 1.27796 0.0869079 -0.0651324 0.994085 7.40793 0 0 0 1 
7680147070094;0.750267;0.908893;0.976247 -0.0297412 -0.214608 -2.82109 0.0567245 0.991068 0.120692 4.77964 0.209102 -0.129999 0.969214 17.5478 0 0 0 1 
7680147070095;1.32662;1.28304;0.992494 0.108154 0.057076 -4.84812 -0.088275 0.956611 -0.277676 -9.52708 -0.0846312 0.270553 0.958978 -12.5662 0 0 0 1 
7680147070096;1.72861;0.785764;0.999182 0.0300289 0.0270769 -1.84253 -0.0286375 0.998319 -0.0503891 -3.01555 -0.0285445 0.0495725 0.998363 0.105565 0 0 0 1 
7680147070097;1.58172;1.75364;0.997228 -0.00641089 -0.0741265 -0.827069 0.0104919 0.998442 0.0547967 1.05357 0.0736597 -0.0554226 0.995742 6.88981 0 0 0 1 
7680147070098;0.811119;0.596399;0.980759 -0.0427364 -0.190487 -3.1857 0.0229806 0.994234 -0.10474 -0.0665408 0.193865 0.0983469 0.976086 12.4802 0 0 0 1 
7680147070099;0.734807;0.796394;0.999707 0.019052 0.0149036 -2.20498 -0.0189843 0.999809 -0.00467313 -2.79486 -0.0149898 0.00438883 0.999878 -1.42915 0 0 0 1 
7680147070100;0.613699;0.649447;0.935122 0.0942306 0.341566 -5.42455 -0.0714376 0.994333 -0.0787365 -6.24061 -0.34705 0.0492275 0.936554 -26.7913 0 0 0 1 
7680147070101;0.463274;0.750165;0.998999 -0.00207067 -0.0446799 -0.938425 -0.00345042 0.992383 -0.12314 -1.59986 0.0445945 0.123171 0.991383 0.136646 0 0 0 1 
7680147070102;1.71997;1.49106;0.990687 0.0639707 0.120194 -2.62131 -0.0401962 0.980823 -0.19071 -4.94337 -0.130089 0.184103 0.97426 -15.7378 0 0 0 1 
7680147070103;0.768405;1.38436;0.983221 0.0486259 0.175816 -2.60204 -0.0552137 0.997937 0.0327711 -4.61922 -0.173859 -0.0419286 0.983877 -9.9081 0 0 0 1 
7680147070104;1.11988;1.00867;0.999116 0.0402467 0.0121107 -2.98384 -0.0395714 0.997883 -0.0516174 -5.33401 -0.0141624 0.0510925 0.998594 -2.20615 0 0 0 1 
7680147070105;0.792054;1.51849;0.969918 0.0380283 0.240442 -3.04692 -0.0340421 0.999206 -0.0207119 -3.8939 -0.241039 0.0119037 0.970442 -18.0842 0 0 0 1 
7680147070106;0.562855;0.804481;0.998504 0.0120427 -0.0533344 -2.08573 -0.0153857 0.997913 -0.062719 -2.11024 0.0524677 0.0634458 0.996605 3.3196 0 0 0 1 
7680147070107;0.610731;0.679466;0.999789 -0.0127576 0.0160705 -0.226331 0.0103586 0.989899 0.141398 1.63561 -0.017712 -0.141202 0.989822 2.91898 0 0 0 1 
7680147070108;1.42716;1.19212;0.999315 0.00641734 -0.0364393 -1.09967 -0.00812077 0.998872 -0.0467931 -1.1188 0.0360979 0.0470569 0.99824 0.312825 0 0 0 1 
7680147070109;0.474796;0.860503;0.898099 0.0402396 0.437948 -6.03415 -0.100258 0.988317 0.114791 -6.76181 -0.428212 -0.147002 0.891642 -27.9688 0 0 0 1 
7680147070110;0.941477;0.900323;0.999818 0.0123289 0.0145696 -2.16513 -0.011333 0.997718 -0.0665634 -3.12923 -0.015357 0.0663862 0.997676 -2.55715 0 0 0 1 
7680147070111;1.47967;1.39014;0.999936 0.00766085 0.00835236 -0.246578 -0.00747014 0.999716 -0.0226292 -0.780768 -0.00852335 0.0225654 0.999709 0.388769 0 0 0 1 
7680147070112;1.75011;0.834639;0.996414 0.00390663 -0.084523 -3.98171 0.0259851 0.936533 0.349616 3.7359 0.0805244 -0.350559 0.933073 12.2374 0 0 0 1 
7680147070113;1.0332;0.964152;0.996932 0.0291131 0.0726552 -1.7369 -0.0248658 0.997966 -0.0586931 -2.65381 -0.0742162 0.0567064 0.995629 -6.03026 0 0 0 1 
7680147070114;0.426388;0.82589;0.981589 -0.0272184 0.189056 -0.456079 -0.0482807 0.922295 0.38346 0.741609 -0.184802 -0.385528 0.904 -4.05903 0 0 0 1 
7680147070115;1.70185;1.33274;0.993873 0.00899387 -0.110164 -2.64871 -0.0481582 0.932343 -0.358354 -6.29954 0.0994878 0.361463 0.927063 -2.06988 0 0 0 1 
7680147070116;1.08478;0.693928;0.996714 0.0709706 0.0390493 -3.53409 -0.0528682 0.935177 -0.350214 -5.55352 -0.0613729 0.346999 0.935855 -14.114 0 0 0 1 
7680147070117;0.562653;0.876979;0.99675 0.0226926 0.0772925 -0.776384 -0.0299233 0.995149 0.0937163 -1.7182 -0.0747909 -0.0957246 0.992594 -2.79361 0 0 0 1 
7680147070118;0.421204;0.676914;0.992903 -0.0213117 -0.117 -1.38031 0.0101828 0.995434 -0.0949048 -0.219536 0.118489 0.0930399 0.988587 6.46631 0 0 0 1 
7680147070119;1.56631;0.812586;0.997815 0.0219933 0.0622959 -1.26933 -0.0182411 0.998021 -0.060173 -2.6371 -0.0634961 0.0589052 0.996242 -8.22058 0 0 0 1 
7680147070120;0.829004;1.67445;0.999888 -0.0025243 -0.0147312 -2.85463 -0.0002049 0.983226 -0.182392 -3.0788 0.0149445 0.182374 0.983116 -1.90606 0 0 0 1 
7680147070121;0.0967963;0.697981;0.99727 0.00914051 0.0732719 -0.830863 -0.0117877 0.99929 0.035778 -1.28332 -0.0728929 -0.0365441 0.99667 -3.98742 0 0 0 1 
7680147070122;0.194803;0.764841;0.999718 -0.00880017 -0.022046 -0.987195 0.00801859 0.999345 -0.0352933 -0.491369 0.0223422 0.0351065 0.999134 1.16304 0 0 0 1 
7680147070124;1.64617;2.03432;0.993152 -0.0386213 0.110257 -1.90569 0.0540502 0.988593 -0.140575 5.18148 -0.10357 0.145572 0.983912 -8.74374 0 0 0 1 
7680147070125;1.40625;2.59901;0.996497 -0.0718827 0.0427478 -2.45444 0.0719942 0.997404 -0.00107082 8.11203 -0.0425599 0.00414466 0.999085 -5.16113 0 0 0 1 
7680147070126;1.2267;2.17986;0.995907 -0.0877149 -0.0217891 -3.16511 0.087923 0.996089 0.00878278 9.42503 0.0209335 -0.0106626 0.999724 1.17487 0 0 0 1 
7680147070127;1.9725;2.37548;0.984911 -0.123591 -0.121143 -2.36506 0.106201 0.984328 -0.140782 10.1514 0.136644 0.125792 0.982601 6.85686 0 0 0 1 
7680147070128;1.62499;2.75941;0.965612 -0.0873779 -0.244863 -5.10461 0.087645 0.996103 -0.00982736 8.46613 0.244767 -0.0119716 0.969508 12.9452 0 0 0 1 
7680147070129;0.486275;2.26258;0.998893 -0.0318582 -0.034615 -1.7317 0.0300746 0.998252 -0.0508821 4.45625 0.0361755 0.0497847 0.998105 2.39192 0 0 0 1 
7680147070130;1.63305;2.67355;0.99661 -0.0176913 0.0803431 -1.87425 0.00905153 0.994255 0.106653 4.00633 -0.0817683 -0.105564 0.991045 -4.32021 0 0 0 1 
7680147070131;2.14793;2.21849;0.925427 0.0254225 0.378072 -5.30892 0.0651538 0.972212 -0.224854 7.11076 -0.373282 0.232719 0.898055 -26.0734 0 0 0 1 
7680147070132;1.4581;2.65009;0.99562 -0.0428579 -0.0830892 -2.89584 0.0421093 0.999055 -0.0107429 4.9121 0.0834711 0.00719702 0.996484 3.07337 0 0 0 1 
7680147070133;1.07349;2.76328;0.99924 -0.0268131 -0.0283098 -1.87377 0.0264971 0.999583 -0.0114812 3.64853 0.0286058 0.0107223 0.999533 1.69401 0 0 0 1 
7680147070134;1.69636;2.18017;0.99364 -0.0425858 -0.10424 -2.23859 0.0289501 0.991223 -0.128992 3.82894 0.108818 0.125154 0.986152 9.08803 0 0 0 1 
7680147070135;0.51747;2.04403;0.939064 -0.109654 -0.325784 -6.23028 0.107147 0.993911 -0.0256865 9.16259 0.326617 -0.0107856 0.945095 19.6394 0 0 0 1 
7680147070136;0.646267;2.69725;0.91694 -0.101437 -0.385917 -8.72694 0.0505553 0.988887 -0.139807 5.79439 0.39581 0.108684 0.911878 25.7787 0 0 0 1 
7680147070137;2.04694;2.89169;0.993298 -0.0142955 -0.11469 -2.69953 0.0306116 0.989423 0.141792 5.00504 0.11145 -0.144353 0.98323 8.28068 0 0 0 1 
7680147070138;0.720049;2.17057;0.999488 -0.0191818 -0.0256066 -1.45878 0.0164914 0.994706 -0.10143 3.40847 0.0274166 0.100956 0.994513 0.985999 0 0 0 1 
7680147070139;1.74647;2.19159;0.99741 -0.0508222 0.0508875 -1.90683 0.0523683 0.998191 -0.0295248 5.95487 -0.049295 0.0321133 0.998268 -5.94937 0 0 0 1 
7680147070140;0.663015;2.89353;0.999264 -0.0370428 0.0099744 -2.20303 0.0377624 0.995608 -0.0856703 4.89713 -0.00675712 0.0859839 0.996274 -1.07227 0 0 0 1 
7680147070141;0.53013;2.27936;0.998856 -0.0445231 0.0174273 -1.13435 0.0447486 0.998917 -0.012766 5.11731 -0.01684 0.0135313 0.999767 -1.39122 0 0 0 1 
7680147070142;1.96977;2.92596;0.982474 -0.0748018 -0.170735 -5.72417 0.0351951 0.973916 -0.224163 6.2915 0.183049 0.214225 0.959479 13.2261 0 0 0 1 
7680147070143;0.856847;2.78604;0.982189 -0.028535 0.185718 -3.35293 -0.00256228 0.986275 0.165089 3.66713 -0.18788 -0.162625 0.968635 -13.4742 0 0 0 1 
7680147070144;1.63732;2.74009;0.996592 0.00294874 0.0824301 -1.36339 -0.00411543 0.999894 0.0139874 1.47815 -0.0823801 -0.014279 0.996499 -6.88419 0 0 0 1 
7680147070145;0.140484;2.20955;0.997473 -0.0689031 0.0173369 -1.77074 0.0690968 0.997551 -0.0108302 7.03612 -0.0165482 0.0120008 0.999791 -1.38984 0 0 0 1 
7680147070146;1.19743;2.79429;0.995953 -0.0681012 -0.0586465 -3.20154 0.068868 0.997563 0.011151 8.50717 0.0577442 -0.0151448 0.998217 1.81899 0 0 0 1 
7680147070147;0.293378;2.25142;0.996987 -0.02015 0.0749085 -1.47282 0.0272334 0.995126 -0.0947775 4.06553 -0.0726336 0.0965319 0.992676 -4.81352 0 0 0 1 
7680147070148;2.08491;1.96294;0.992878 -0.0599169 -0.102969 -1.50778 0.076419 0.983388 0.164644 7.32349 0.0913935 -0.17134 0.980964 7.14796 0 0 0 1 
7680147070149;2.16398;2.43919;0.987479 -0.0901529 -0.129451 -3.04027 0.0668071 0.982382 -0.174537 8.02979 0.142905 0.163703 0.976104 8.98067 0 0 0 1 
7680147070150;0.570326;2.50669;0.999603 0.0104498 0.0261633 -1.70965 0.00179901 0.903095 -0.429436 0.917999 -0.0281155 0.429313 0.902718 -0.602988 0 0 0 1 
7680147070151;0.700204;2.59904;0.993797 -0.06269 -0.091856 -3.15013 0.0638274 0.997916 0.00949401 7.64172 0.0910694 -0.015298 0.995727 5.03373 0 0 0 1 
7680147070152;0.196422;2.05512;0.997706 -0.0669183 -0.0102542 -1.57523 0.0667111 0.997584 -0.0193699 6.67069 0.0115256 0.0186414 0.99976 0.518072 0 0 0 1 
7680147070153;0.328459;2.489;0.999421 -0.0184424 -0.0286051 -1.91448 0.00888718 0.952716 -0.303733 2.36984 0.0328541 0.303302 0.952328 2.83907 0 0 0 1 
7680147070155;0.140686;4.12737;0.999351 0.00331173 -0.0358554 6.05352 -0.00483837 0.999082 -0.0425749 1.21591 0.0356815 0.0427207 0.99845 3.86712 0 0 0 1 
7680147070156;0.73666;3.97034;0.999157 -0.00527756 -0.0407104 6.52682 0.00336486 0.998893 -0.0469094 1.67057 0.0409129 0.0467329 0.998069 4.68378 0 0 0 1 
7680147070157;1.89722;4.51633;0.996641 -0.0102499 -0.0812567 4.4801 0.0127541 0.999458 0.03036 4.08277 0.0809014 -0.0312943 0.996231 10.6668 0 0 0 1 
7680147070158;1.79956;4.10379;0.997111 -0.0148265 -0.0744948 5.60892 -0.000824744 0.978592 -0.205806 2.28395 0.0759515 0.205273 0.975753 9.59577 0 0 0 1 
7680147070159;1.65931;4.1093;0.998734 0.00257337 -0.0502437 3.97896 -0.00468351 0.99911 -0.0419257 0.632078 0.0500911 0.0421079 0.997857 4.03701 0 0 0 1 
7680147070160;0.0621527;4.08546;0.998071 0.0334591 -0.0523015 5.87779 -0.0359055 0.99827 -0.0465587 -2.27038 0.0506532 0.0483468 0.997545 5.75794 0 0 0 1 
7680147070161;0.430207;4.23494;0.996339 -0.0380188 -0.0765741 5.81845 0.0319326 0.996348 -0.079195 5.23774 0.0793054 0.0764598 0.993914 8.9292 0 0 0 1 
7680147070162;0.473536;4.02378;0.9695 0.0471289 0.240519 3.55011 -0.0474355 0.998864 -0.00451798 -3.59615 -0.240459 -0.00702897 0.970634 -26.8041 0 0 0 1 
7680147070163;0.736349;4.13726;0.99141 0.0403896 0.1244 5.03889 -0.0548431 0.991845 0.115046 -4.22638 -0.118739 -0.120881 0.98554 -12.9821 0 0 0 1 
7680147070164;0.540732;4.33792;0.996544 -0.0334186 -0.0760484 5.58576 0.0201258 0.985363 -0.169276 3.63154 0.0805923 0.167161 0.98263 9.899 0 0 0 1 
7680147070165;1.76832;4.13519;0.999588 0.00409911 -0.0284066 5.78464 -0.00548686 0.998786 -0.0489487 1.05602 0.0281715 0.0490844 0.998397 5.97444 0 0 0 1 
7680147070166;0.877488;4.28419;0.994493 0.0234627 -0.102145 5.92059 -0.0114805 0.993142 0.11635 0.341751 0.104175 -0.114536 0.987942 9.55501 0 0 0 1 
7680147070167;0.355143;4.30302;0.995552 -0.0543442 -0.0769565 5.40349 0.0511673 0.997778 -0.0426696 7.406 0.0791043 0.0385422 0.996121 9.04042 0 0 0 1 
7680147070168;0.458362;4.11124;0.99985 0.0058147 0.0163323 6.56272 -0.0071023 0.996776 0.0799207 1.59602 -0.0158149 -0.0800247 0.996667 -2.45119 0 0 0 1 
7680147070169;1.52541;4.13667;0.957684 -0.0550884 -0.282499 2.34291 0.0720377 0.99615 0.0499577 9.49876 0.27866 -0.0681943 0.957966 28.9587 0 0 0 1 
7680147070170;1.71122;4.24727;0.997218 0.0422929 0.0613845 5.20149 -0.0371482 0.995885 -0.0826603 -2.48048 -0.0646279 0.08015 0.994685 -6.01621 0 0 0 1 
7680147070171;1.73488;3.81638;0.992259 -0.00688368 -0.123995 6.86521 -0.0286534 0.958831 -0.282527 -1.6577 0.120835 0.283893 0.951212 13.1539 0 0 0 1 
7680147070172;1.09968;4.16549;0.999469 0.0210342 -0.0248983 7.07295 -0.0221062 0.998805 -0.0435948 -1.27085 0.0239515 0.0441221 0.998739 2.95114 0 0 0 1 
7680147070173;0.591876;4.06123;0.959785 0.0124315 -0.280459 0.538621 -0.000211156 0.999051 0.0435607 1.96958 0.280734 -0.0417497 0.958877 30.8032 0 0 0 1 
7680147070174;1.36958;4.35222;0.99854 -0.0416681 0.0343625 5.20287 0.0467664 0.985321 -0.164183 6.06563 -0.0270169 0.16555 0.985831 -3.94132 0 0 0 1 
7680147070175;0.533565;4.15698;0.998852 -0.000648912 -0.0479046 6.09375 -0.00158228 0.998916 -0.0465231 1.783 0.0478829 0.0465455 0.997768 5.92524 0 0 0 1 
7680147070176;0.79171;3.61082;0.992714 0.0285112 0.117074 5.37897 -0.0146993 0.993001 -0.117186 -0.924543 -0.119596 0.114611 0.986185 -11.8606 0 0 0 1 
7680147070177;1.74498;4.09549;0.96102 0.0360693 0.274116 2.39769 -0.00806185 0.994688 -0.102621 -0.420401 -0.276362 0.0964109 0.956206 -30.0619 0 0 0 1 
7680147070178;1.38005;4.34886;0.994143 -0.0638914 0.0871658 4.76089 0.0745623 0.989321 -0.125238 9.11898 -0.0782333 0.131004 0.98829 -9.55611 0 0 0 1 
7680147070179;1.66284;3.99691;0.999494 0.00733471 0.0309546 7.02503 -0.00795172 0.999771 0.019857 0.106506 -0.0308018 -0.020093 0.999324 -2.23417 0 0 0 1 
7680147070180;1.25183;4.18997;0.969254 0.0405068 -0.242704 1.70059 -0.00920849 0.991637 0.128727 0.763744 0.245889 -0.122535 0.961522 24.5381 0 0 0 1 
7680147070181;1.00094;3.84655;0.997674 0.0474025 0.0489871 5.74758 -0.0555055 0.982078 0.180119 -4.25714 -0.0395711 -0.182419 0.982424 -6.28688 0 0 0 1 
7680147070182;1.8528;3.9237;0.979992 0.0588174 0.190148 4.46178 -0.078244 0.99227 0.0963239 -6.90602 -0.183012 -0.109275 0.977019 -23.2496 0 0 0 1 
7680147070183;0.963883;3.83002;0.990688 0.0246311 0.133908 6.16673 -0.0461999 0.985964 0.160441 -2.71282 -0.128076 -0.165133 0.97792 -15.6839 0 0 0 1 
7680147070184;0.147928;4.05742;0.998467 0.00651201 -0.0549602 5.84392 -0.00754681 0.999798 -0.0186418 0.934282 0.0548277 0.019028 0.998315 6.18234 0 0 0 1 
7680147070186;1.27351;5.86896;0.992451 0.120239 0.0241608 4.28302 -0.118171 0.990237 -0.0739338 -6.31164 -0.0328147 0.0705205 0.99697 -3.16256 0 0 0 1 
7680147070187;0.700101;5.63531;0.945764 0.0919747 0.311563 0.870281 -0.149279 0.974871 0.165357 -9.06092 -0.288525 -0.202899 0.935727 -31.3273 0 0 0 1 
7680147070188;1.39118;5.84264;0.997115 0.0504465 0.0567234 5.76164 -0.0524923 0.998002 0.0351726 0.341634 -0.0548358 -0.0380486 0.99777 -8.17199 0 0 0 1 
7680147070189;1.30828;5.86232;0.964046 0.000712282 -0.265736 1.88499 0.0955472 0.932191 0.349128 20.1876 0.247965 -0.361965 0.898607 28.5467 0 0 0 1 
7680147070190;1.12112;5.8578;0.991508 0.0471233 0.121206 5.14974 -0.0859343 0.936964 0.338693 -0.859723 -0.0976056 -0.346233 0.933057 -9.96826 0 0 0 1 
7680147070191;1.94775;5.75331;0.998374 0.00470906 -0.0568115 8.08799 0.00712795 0.978449 0.206366 8.82852 0.056559 -0.206435 0.976824 6.77922 0 0 0 1 
7680147070192;1.68036;5.93316;0.986454 0.0136151 0.163472 5.14053 -0.00980448 0.999662 -0.0240948 6.45922 -0.163745 0.0221657 0.986254 -18.4059 0 0 0 1 
7680147070193;1.11849;5.69191;0.998383 0.0162555 0.0544672 6.73086 -0.00120659 0.96408 -0.265609 5.5766 -0.0568283 0.265114 0.962541 -7.86824 0 0 0 1 
7680147070194;0.766853;5.92038;0.999305 0.0274326 0.0252491 5.20141 -0.0279949 0.999362 0.0221944 3.16686 -0.0246241 -0.0228858 0.999435 -3.48535 0 0 0 1 
7680147070195;0.416426;5.82761;0.996016 0.0479007 0.0752224 6.06633 -0.0423152 0.996348 -0.0741685 1.55046 -0.0785004 0.0706899 0.994405 -10.0144 0 0 0 1 
7680147070196;0.748225;5.9453;0.999011 0.0270292 0.0352993 5.22875 -0.0299179 0.996012 0.0840505 3.31303 -0.0328868 -0.0850234 0.995836 -3.22606 0 0 0 1 
7680147070197;0.500793;5.67454;0.993623 0.112388 0.00907343 4.48814 -0.107799 0.970471 -0.215791 -6.08558 -0.0330578 0.213437 0.976397 -5.82367 0 0 0 1 
7680147070198;0.104802;5.82955;0.999625 0.0191706 0.0195687 6.10835 -0.0210583 0.99463 0.101325 4.7084 -0.0175211 -0.101699 0.994661 -1.60234 0 0 0 1 
7680147070199;1.797;5.75246;0.979123 0.0862922 0.184045 3.76593 -0.0790029 0.995785 -0.0465918 -3.22018 -0.18729 0.031079 0.981813 -23.8409 0 0 0 1 
7680147070200;0.574851;5.84261;0.99665 0.0803119 -0.0154844 5.05106 -0.0790037 0.994278 0.0718992 -1.69024 0.0211701 -0.070435 0.997292 1.79515 0 0 0 1 
7680147070201;1.66238;6.15135;0.973491 -0.0362919 -0.225827 2.36906 0.0367219 0.999323 -0.00229771 9.02286 0.225757 -0.006056 0.974165 23.8772 0 0 0 1 
7680147070202;0.856075;6.14653;0.998876 0.0314981 0.0354125 5.94926 -0.0372346 0.98383 0.175193 2.65194 -0.0293217 -0.176314 0.983897 -1.93303 0 0 0 1 
7680147070203;0.151635;5.8544;0.999484 0.0188683 0.0259927 6.13849 -0.0193491 0.999644 0.0183729 4.77219 -0.0256368 -0.0188663 0.999493 -3.13258 0 0 0 1 
7680147070204;1.87474;6.22053;0.998523 0.0501418 0.020931 4.30046 -0.0500375 0.998732 -0.00547762 0.58949 -0.0211791 0.00442219 0.999766 -1.23627 0 0 0 1 
7680147070205;1.34644;5.76023;0.999513 0.017164 0.0260643 7.36556 -0.0197998 0.994329 0.104491 6.32656 -0.024123 -0.104957 0.994184 -2.67288 0 0 0 1 
7680147070206;0.882492;5.78046;0.911546 -0.0934499 -0.400438 -4.27823 0.0511422 0.992037 -0.115092 12.2692 0.408005 0.0844327 0.909067 43.5535 0 0 0 1 
7680147070207;1.16879;5.99993;0.993478 0.0816493 0.0795891 4.46235 -0.0877296 0.993229 0.0761529 -3.2722 -0.0728324 -0.0826386 0.993915 -6.72418 0 0 0 1 
7680147070208;1.24601;6.03223;0.995167 0.0821715 0.0537713 5.23584 -0.0883515 0.988215 0.124999 -3.25975 -0.0428663 -0.129145 0.990699 -4.19671 0 0 0 1 
7680147070209;1.20929;5.88896;0.99819 0.0154822 -0.058113 6.41007 0.00930953 0.91487 0.403642 10.6697 0.0594151 -0.403452 0.91307 7.7678 0 0 0 1 
7680147070210;1.69015;5.58969;0.999009 0.0342057 0.0284778 6.58425 -0.0349169 0.999081 0.0248631 4.47071 -0.0276011 -0.0258329 0.999285 -1.82185 0 0 0 1 
7680147070211;0.940014;6.10828;0.989762 -0.00133862 -0.142721 4.19198 0.0297984 0.979858 0.197459 11.0843 0.139582 -0.199691 0.969866 17.5253 0 0 0 1 
7680147070212;1.74535;5.70979;0.999698 -0.00238002 0.0244748 6.27203 0.00220055 0.999971 0.00735713 8.10889 -0.0244916 -0.00730105 0.999673 -4.24461 0 0 0 1 
7680147070213;0.400202;5.73978;0.997433 0.0577288 0.0423707 5.33943 -0.059491 0.997363 0.0415789 0.679308 -0.0398586 -0.0439929 0.998236 -4.7823 0 0 0 1 
7680147070214;0.315659;6.15227;0.9985 0.00300807 -0.0546662 6.16795 0.00185333 0.99606 0.0886613 7.26582 0.0547175 -0.0886296 0.994561 6.24908 0 0 0 1 
7680147070215;0.611277;6.04448;0.996823 0.0147484 0.0782765 6.1133 -0.017758 0.999124 0.0378934 4.59761 -0.0776491 -0.039163 0.996211 -9.52652 0 0 0 1 
7680147070217;0.89674;4.19638;0.998357 0.00125762 0.0572926 -5.07989 -0.00253998 0.999748 0.0223153 -1.32927 -0.0572501 -0.0224242 0.998108 -2.0149 0 0 0 1 
7680147070218;1.73564;4.42142;0.999937 -0.00519267 0.00996876 -6.03592 0.00512288 0.999962 0.00701441 -0.691124 -0.0100048 -0.00696289 0.999926 1.66921 0 0 0 1 
7680147070219;1.39452;4.21609;0.96086 -0.0389451 -0.274285 -6.18628 0.0142865 0.995718 -0.0913322 -1.37547 0.276667 0.0838389 0.957302 6.31351 0 0 0 1 
7680147070220;0.267296;4.3464;0.999803 -0.00633522 -0.018813 -5.43833 -0.00174091 0.916074 -0.401005 -2.0887 0.0197745 0.400959 0.915883 4.07115 0 0 0 1 
7680147070221;1.27015;4.50293;0.999755 -0.0118705 0.0187067 -4.16864 0.007239 0.97303 0.230567 -0.535511 -0.0209391 -0.230375 0.972877 -2.82278 0 0 0 1 
7680147070222;1.97297;4.29291;0.996032 0.00105972 0.0889947 -7.20246 -0.00457226 0.999218 0.0392745 -2.21484 -0.0888835 -0.0395256 0.995257 -0.97952 0 0 0 1 
7680147070223;1.53331;4.51398;0.997852 0.00470694 -0.0653362 -6.14306 -0.00413018 0.999951 0.0089598 -2.05598 0.0653752 -0.0086707 0.997823 -0.0108848 0 0 0 1 
7680147070224;2.30376;4.22239;0.911775 -0.0712696 -0.404459 -7.04783 0.0301505 0.993786 -0.107146 -1.2486 0.409582 0.0854985 0.908258 4.15312 0 0 0 1 
7680147070225;1.4585;4.47633;0.998729 -0.0187095 -0.0467949 -5.27916 0.016493 0.998744 -0.0473113 -0.133091 0.0476213 0.0464794 0.997783 2.22811 0 0 0 1 
7680147070226;1.86707;4.51579;0.998513 -0.0105411 -0.0534915 -5.9468 0.0100865 0.999911 -0.00876185 -0.309818 0.0535791 0.00820927 0.99853 2.91471 0 0 0 1 
7680147070227;0.781577;4.51049;0.999763 0.00548519 -0.0210531 -5.09873 -0.00532026 0.999955 0.00788217 -1.53036 0.0210954 -0.00776829 0.999747 -0.555037 0 0 0 1 
7680147070228;0.400914;4.49133;0.998219 -0.014994 0.057743 -5.37552 0.0128834 0.999241 0.0367532 -1.09951 -0.0582503 -0.0359438 0.997655 -1.10302 0 0 0 1 
7680147070229;0.955663;4.31495;0.999708 -0.000972399 -0.0241526 -5.89499 0.000136853 0.999402 -0.034572 -0.896279 0.0241718 0.0345586 0.99911 0.968616 0 0 0 1 
7680147070230;0.317185;4.21761;0.98045 -0.0263244 -0.194998 -5.89769 0.019275 0.999093 -0.0379611 -0.929786 0.195821 0.0334604 0.980069 3.47164 0 0 0 1 
7680147070231;1.12926;4.55238;0.999877 -0.0134694 0.00806692 -5.25221 0.0133411 0.999787 0.015752 -0.657733 -0.00827737 -0.0156425 0.999843 -1.05271 0 0 0 1 
7680147070232;1.51388;4.43452;0.999965 -0.000910226 0.00832301 -6.07947 0.000690411 0.999652 0.0263753 -2.16165 -0.00834412 -0.0263686 0.999617 -1.3558 0 0 0 1 
7680147070233;1.97376;4.51243;0.990915 -0.0235797 -0.132408 -7.11712 0.0658982 0.943356 0.325173 -0.0285114 0.11724 -0.330944 0.936339 -2.53938 0 0 0 1 
7680147070234;1.9935;4.28978;0.99972 -0.00940052 -0.0217005 -5.05867 0.00743766 0.99602 -0.0888233 -1.32735 0.0224491 0.0886371 0.995811 -1.21939 0 0 0 1 
7680147070235;1.53051;4.42145;0.987268 -0.025859 -0.156947 -5.46833 0.0251506 0.999663 -0.00649864 -1.24786 0.157062 0.00246858 0.987586 1.06779 0 0 0 1 
7680147070236;0.104269;4.46204;0.999832 -0.0113175 0.0144378 -5.5296 0.0111695 0.999885 0.0102923 -1.09044 -0.0145526 -0.0101293 0.999843 -0.158958 0 0 0 1 
7680147070237;2.06657;4.21568;0.997734 -0.0255766 -0.0622261 -7.55074 0.0147889 0.985674 -0.168013 -1.09205 0.0656319 0.166712 0.983819 4.01572 0 0 0 1 
7680147070238;1.4657;4.43475;0.916056 0.0225998 0.400414 -4.67692 -0.126851 0.96348 0.235827 -3.09904 -0.380461 -0.266824 0.885469 -8.74604 0 0 0 1 
7680147070239;0.672786;4.26375;0.992645 0.0117238 0.120497 -4.96573 -0.020824 0.997 0.0745432 -1.38132 -0.119261 -0.0765041 0.989911 -1.82854 0 0 0 1 
7680147070240;1.69401;4.54706;0.998844 0.00450261 0.0478601 -5.2824 -0.00854282 0.996383 0.084551 -0.718921 -0.0473063 -0.0848621 0.995269 0.487937 0 0 0 1 
7680147070241;1.89764;4.25481;0.995981 -0.0185804 -0.0876183 -4.95048 0.0373997 0.975156 0.21834 -1.29899 0.0813847 -0.220739 0.971931 -2.99131 0 0 0 1 
7680147070242;1.04234;4.38569;0.998013 -0.00149666 -0.0629916 -6.24371 0.00235465 0.999905 0.0135488 -1.0172 0.0629654 -0.0136702 0.997922 1.59767 0 0 0 1 
7680147070243;1.63774;4.33051;0.969918 0.00653928 0.243343 -6.62495 -0.017996 0.99883 0.0448872 -2.34815 -0.242765 -0.0479161 0.968901 -3.95436 0 0 0 1 
7680147070244;2.23994;4.72083;0.996388 0.0238317 -0.0815029 -4.83317 -0.00522515 0.975198 0.221272 -1.4104 0.0847547 -0.220047 0.9718 1.38159 0 0 0 1 
7680147070245;0.410551;4.42905;0.999772 -0.00793523 -0.0198397 -5.46207 0.00815691 0.999905 0.0111179 -1.02941 0.0197496 -0.0112772 0.999741 -0.241791 0 0 0 1 
7680147070246;0.921508;4.20576;0.994676 -0.0314691 -0.0981333 -5.40941 0.0271202 0.998603 -0.0453402 -0.775564 0.099423 0.0424374 0.99414 0.836599 0 0 0 1 
7680147070248;1.50847;2.8069;0.97774 0.0787661 -0.194475 2.6666 -0.0158116 0.951888 0.306039 2.7636 0.209223 -0.296152 0.931944 21.5725 0 0 0 1 
7680147070249;1.33018;3.08196;0.989967 0.120766 0.0733608 5.29802 -0.121039 0.992647 -0.000728293 -7.10771 -0.0729094 -0.00815856 0.997305 -5.64002 0 0 0 1 
7680147070250;0.124558;2.55968;0.994575 0.101258 0.023821 3.03352 -0.101079 0.994841 -0.0086342 -6.25603 -0.0245724 0.00617956 0.999679 -3.02094 0 0 0 1 
7680147070251;0.53556;3.21672;0.971545 0.152763 0.181006 1.84687 -0.170269 0.98169 0.085402 -11.8016 -0.164645 -0.113792 0.979767 -14.1322 0 0 0 1 
7680147070252;1.1295;2.81844;0.973141 0.194229 0.123576 1.17567 -0.184239 0.978952 -0.0878011 -13.5581 -0.138028 0.0626754 0.988443 -11.3757 0 0 0 1 
7680147070253;0.578449;2.31647;0.998266 0.038384 -0.0446314 3.74547 -0.0385882 0.999248 -0.00372193 -0.866252 0.044455 0.00543772 0.998997 4.02326 0 0 0 1 
7680147070254;1.15198;2.57653;0.994509 0.10356 0.0151068 4.27429 -0.103528 0.994622 -0.00287764 -5.84169 -0.0153235 0.00129786 0.999882 -3.4988 0 0 0 1 
7680147070255;0.370863;2.71167;0.980845 0.159313 0.112079 1.65308 -0.193578 0.861267 0.469837 -11.6328 -0.0216785 -0.482533 0.875609 1.38432 0 0 0 1 
7680147070256;1.32328;2.38233;0.959431 0.18197 0.215359 -1.3204 -0.131135 0.964196 -0.230499 -9.18179 -0.249592 0.192907 0.948942 -27.0303 0 0 0 1 
7680147070257;0.807316;2.56327;0.971613 0.0236999 -0.235385 1.5721 -0.0706096 0.97867 -0.192922 -4.16482 0.225792 0.204066 0.952562 18.5421 0 0 0 1 
7680147070258;0.260139;2.56942;0.944063 0.198777 0.26312 -1.62713 -0.157864 0.972957 -0.168623 -11.662 -0.289523 0.117653 0.949913 -27.9215 0 0 0 1 
7680147070259;0.965988;2.44379;0.984668 0.0947264 0.14648 2.37503 -0.102537 0.993632 0.0467063 -6.30796 -0.141123 -0.0610098 0.98811 -12.7787 0 0 0 1 
7680147070260;0.831214;2.87841;0.993099 0.117032 0.00758036 4.03518 -0.116796 0.981097 0.154294 -5.85291 0.0106203 -0.154114 0.987996 1.31757 0 0 0 1 
7680147070261;1.06706;2.29922;0.98142 0.122819 0.147411 1.64761 -0.0815261 0.96241 -0.259075 -5.00044 -0.173689 0.242244 0.954542 -20.0839 0 0 0 1 
7680147070262;1.52451;2.93335;0.980329 0.135607 0.143405 2.93597 -0.136462 0.990638 -0.00390051 -10.6422 -0.142591 -0.0157456 0.989656 -14.9481 0 0 0 1 
7680147070263;1.15131;2.8424;0.988432 0.142699 0.0513692 1.70782 -0.141047 0.989402 -0.0344776 -10.5214 -0.0557447 0.0268333 0.998084 -7.76161 0 0 0 1 
7680147070264;1.15529;2.71478;0.990911 0.13281 0.0213583 1.99689 -0.132578 0.9911 -0.0119804 -8.77579 -0.0227594 0.00903988 0.9997 -0.593041 0 0 0 1 
7680147070265;0.426203;2.31193;0.964548 0.0505792 0.259017 1.15068 -0.0920042 0.984335 0.150398 -5.21374 -0.247352 -0.168897 0.954092 -21.2973 0 0 0 1 
7680147070266;1.20758;2.85482;0.992834 0.114806 0.0331824 2.43673 -0.118712 0.979398 0.163364 -5.76912 -0.0137436 -0.166132 0.986008 -0.229095 0 0 0 1 
