#;prob_registration_l1 -r /home/probabilistic_point_clouds_registration/build/tester /home/point_clouds_registration_benchmark//devel/registration_pairs/gazebo_summer_local.txt /home/point_clouds_registration_benchmark//eth/gazebo_summer -s 0.2 -t 0.2 -p 0.3 -r 1000 -m 25 -i 40 
id;initial_error;final_error;transformation
36535719080000;0.0805842;0.136589;0.997792 -0.0226648 0.0624231 -0.226379 0.0161585 0.994568 0.102828 -0.119214 -0.0644146 -0.101592 0.992739 -0.00863039 0 0 0 1 
36535719080001;0.11249;0.141805;0.983658 0.00315903 0.180017 -0.435864 0.00875911 0.997823 -0.0653723 0.0155722 -0.179832 0.0658808 0.981489 0.168404 0 0 0 1 
36535719080002;0.259114;0.150782;0.987425 0.00969844 0.157787 -0.0252111 -0.0400274 0.98093 0.190197 -0.465468 -0.152934 -0.194121 0.968983 0.0399009 0 0 0 1 
36535719080003;0.441289;0.776229;0.961917 -0.158162 0.222934 -1.58584 0.175006 0.982868 -0.0578172 -0.963453 -0.20997 0.0946303 0.973117 -0.108366 0 0 0 1 
36535719080004;0.424931;0.863423;0.936106 -0.120859 0.330301 -2.16305 0.146698 0.987687 -0.0543574 -0.751169 -0.319664 0.0993388 0.942309 -0.117589 0 0 0 1 
36535719080005;0.508351;0.1578;0.98144 -0.115425 0.153143 0.25654 0.164744 0.916228 -0.36522 0.78317 -0.0981582 0.383671 0.918238 -0.446066 0 0 0 1 
36535719080006;0.482532;0.426289;0.98696 0.0424569 -0.155264 -0.992151 -0.0661978 0.9863 -0.151093 0.475742 0.146722 0.159401 0.97625 -1.5279 0 0 0 1 
36535719080007;0.407429;0.139631;0.944761 -0.326762 0.0255706 0.00716593 0.323085 0.91531 -0.240466 -0.71213 0.0551703 0.235445 0.970321 -1.20107 0 0 0 1 
36535719080008;0.494873;0.409291;0.983819 0.0430323 0.173921 -1.15361 0.0146385 0.948176 -0.317407 0.307671 -0.178567 0.314817 0.932204 -0.70964 0 0 0 1 
36535719080009;0.260051;0.126545;0.985323 -0.0958453 0.141253 -0.337869 0.0898153 0.994778 0.0484787 -0.760108 -0.145162 -0.0350805 0.988786 -0.339567 0 0 0 1 
36535719080010;0.367096;0.157721;0.973635 -0.172495 0.149265 0.372014 0.178198 0.983661 -0.0256169 -0.181352 -0.142408 0.0515402 0.988465 0.702906 0 0 0 1 
36535719080011;0.379627;0.176221;0.961562 -0.220652 0.163434 -0.185399 0.209277 0.974238 0.0840416 0.348975 -0.177768 -0.0466083 0.982968 -0.272014 0 0 0 1 
36535719080012;0.1676;0.140555;0.998528 0.023403 0.0489287 -0.487743 -0.0240763 0.999623 0.0132158 0.182468 -0.048601 -0.0143744 0.998715 -0.570243 0 0 0 1 
36535719080013;0.445602;0.162225;0.937113 -0.281271 0.206654 0.971663 0.268728 0.959275 0.0870456 -0.872199 -0.222722 -0.0260379 0.974534 0.343636 0 0 0 1 
36535719080014;0.45281;0.510236;0.998717 0.0487186 0.0137996 -1.336 -0.048653 0.998803 -0.00504853 0.29147 -0.014029 0.00437066 0.999892 -0.0817255 0 0 0 1 
36535719080015;0.366192;0.493232;0.996877 -0.0228201 0.0756033 -1.32724 0.019527 0.99884 0.0440135 0.109362 -0.07652 -0.0423997 0.996166 0.136855 0 0 0 1 
36535719080016;0.0775968;0.133357;0.989908 -0.0113229 0.14126 -0.381291 0.00401803 0.998645 0.0518909 -0.0297403 -0.141656 -0.0507996 0.988612 0.110898 0 0 0 1 
36535719080017;0.294515;0.114135;0.951657 0.0671729 0.299729 -0.358193 0.0197394 0.960404 -0.277912 0.219199 -0.306529 0.270393 0.912649 0.170801 0 0 0 1 
36535719080018;0.425335;0.496304;0.999293 -0.0301631 0.0224378 -0.864101 0.0318022 0.996548 -0.0766901 -0.190591 -0.0200472 0.0773495 0.996802 -0.641796 0 0 0 1 
36535719080019;0.389784;0.510921;0.997216 -0.0187698 -0.0721711 -0.895252 0.01326 0.997014 -0.0760789 -0.00969985 0.0733835 0.0749101 0.994486 -0.624547 0 0 0 1 
36535719080020;0.317608;0.149445;0.983232 0.179271 -0.0334306 -0.469062 -0.17658 0.98172 0.0710287 0.951498 0.0455528 -0.0639345 0.996914 -0.0782516 0 0 0 1 
36535719080021;0.423824;0.147742;0.903352 -0.298873 0.307619 0.370578 0.382803 0.885305 -0.264003 -0.467758 -0.193433 0.356245 0.914152 0.0487747 0 0 0 1 
36535719080022;0.154215;0.131798;0.999168 0.00553038 0.0404108 -0.634886 -0.00616737 0.999858 0.0156551 -0.101675 -0.0403185 -0.0158913 0.999061 -0.394894 0 0 0 1 
36535719080023;0.35143;0.147258;0.979456 -0.00147298 -0.201651 -0.309105 0.0233044 0.9941 0.105932 0.186874 0.200305 -0.108455 0.973712 0.250139 0 0 0 1 
36535719080024;0.34005;0.136586;0.965711 -0.234289 -0.111853 0.127921 0.181245 0.91687 -0.355667 -0.266954 0.185884 0.323199 0.927895 -1.1417 0 0 0 1 
36535719080025;0.273677;0.154875;0.995838 0.0615653 -0.0672056 -0.431935 -0.0481135 0.981359 0.186062 0.491635 0.0774078 -0.182054 0.980237 -0.0608788 0 0 0 1 
36535719080026;0.254446;0.158786;0.996578 -0.0299862 0.0770295 0.155466 0.0294883 0.999536 0.00759374 0.458352 -0.0772215 -0.00529629 0.997 -0.102238 0 0 0 1 
36535719080027;0.274443;0.150976;0.964565 0.227957 0.132855 -0.840577 -0.229835 0.973229 -0.00123546 0.366016 -0.12958 -0.0293429 0.991135 0.00449732 0 0 0 1 
36535719080028;0.110223;0.139346;0.98862 -0.0314947 0.147098 -0.448139 0.0403937 0.997504 -0.0579062 -0.231419 -0.144907 0.063189 0.987425 -0.0198995 0 0 0 1 
36535719080029;0.464721;0.838971;0.949606 -0.177816 0.258128 -2.01207 0.183059 0.983095 0.003782 -0.830489 -0.254437 0.0436612 0.966103 -0.321294 0 0 0 1 
36535719080031;0.562593;1.32389;0.984041 0.0650317 0.165631 -2.14985 -0.0556768 0.996613 -0.0605153 0.850667 -0.169006 0.0503277 0.984329 -0.123209 0 0 0 1 
36535719080032;0.49885;0.956865;0.999989 -0.00446395 -0.00152338 -1.51059 0.00459931 0.994454 0.105075 0.374846 0.00104588 -0.105081 0.994463 -0.462934 0 0 0 1 
36535719080033;0.471869;1.47184;0.958598 0.238632 0.155382 -2.56171 -0.276955 0.908182 0.31385 1.01226 -0.0662201 -0.34389 0.936672 0.639129 0 0 0 1 
36535719080034;0.28376;1.43175;0.928375 0.338846 -0.152654 -2.36162 -0.308779 0.931848 0.190563 0.862017 0.206822 -0.129778 0.969733 -1.15713 0 0 0 1 
36535719080035;0.587922;1.49097;0.983489 -0.123699 0.132089 -2.62105 0.133 0.989044 -0.0640513 -0.181684 -0.122719 0.0805616 0.989166 -0.676762 0 0 0 1 
36535719080036;0.406933;1.37692;0.978476 0.1715 0.114772 -2.64585 -0.168715 0.985091 -0.033623 0.710844 -0.118827 0.0135355 0.992823 0.532827 0 0 0 1 
36535719080037;0.0919718;0.641481;0.991032 0.0721253 0.112484 -1.16291 -0.0722765 0.997381 -0.00273853 0.30319 -0.112387 -0.005416 0.99365 0.0994715 0 0 0 1 
36535719080038;0.581548;1.50097;0.989444 0.0378972 0.139869 -3.4476 -0.0446914 0.997952 0.0457574 0.377501 -0.137849 -0.0515254 0.989112 0.656406 0 0 0 1 
36535719080039;0.434512;0.765295;0.981609 0.159196 0.105356 -1.83103 -0.153253 0.986219 -0.0623328 1.03825 -0.113828 0.0450403 0.992479 -0.582503 0 0 0 1 
36535719080040;0.566995;1.38959;0.935017 0.035352 0.352837 -1.81386 -0.0768686 0.991565 0.104353 0.468247 -0.346172 -0.124694 0.929848 0.488696 0 0 0 1 
36535719080041;0.142283;0.810619;0.983007 0.153731 0.10032 -1.33988 -0.153816 0.988075 -0.00693075 0.905457 -0.10019 -0.00861795 0.994931 -0.119129 0 0 0 1 
36535719080042;0.307724;1.45333;0.987833 0.155075 -0.0117325 -2.67593 -0.15317 0.957084 -0.246027 0.364576 -0.0269238 0.244831 0.969192 -0.132563 0 0 0 1 
36535719080043;0.210302;1.4414;0.964037 0.127846 0.232996 -2.63999 -0.164522 0.975597 0.145406 0.535272 -0.208721 -0.17851 0.961545 0.444079 0 0 0 1 
36535719080044;0.594242;1.55911;0.997596 0.0367012 0.058786 -2.66966 -0.0445535 0.989376 0.138384 -0.344802 -0.0530826 -0.140671 0.988632 0.412549 0 0 0 1 
36535719080045;0.55307;0.763655;0.967638 0.237609 0.0849613 -1.97736 -0.222147 0.961823 -0.159838 1.6876 -0.119697 0.135791 0.98348 0.435859 0 0 0 1 
36535719080046;0.383937;0.730135;0.982724 0.15705 0.0979232 -1.28621 -0.153289 0.987163 -0.044857 1.24139 -0.103711 0.0290714 0.994183 -0.41792 0 0 0 1 
36535719080047;0.507113;0.899304;0.992887 0.091087 0.0766716 -1.29103 -0.0895631 0.995713 -0.0230925 0.0802406 -0.0784463 0.0160613 0.996789 0.635363 0 0 0 1 
36535719080048;0.299943;1.43517;0.961476 0.103514 0.254654 -2.57618 -0.0098457 0.938763 -0.344423 0.340612 -0.274713 0.328647 0.903617 0.427199 0 0 0 1 
36535719080049;0.398366;1.5138;0.975229 -0.0442379 0.216728 -2.62142 -0.0150185 0.964294 0.264409 -0.088034 -0.220686 -0.261114 0.939743 0.607851 0 0 0 1 
36535719080050;0.499825;1.4939;0.914314 0.292406 -0.280231 -2.55213 -0.271618 0.955951 0.111272 1.01723 0.300423 -0.0256222 0.953462 -2.02483 0 0 0 1 
36535719080051;0.440086;1.60654;0.977242 -0.106263 0.183594 -2.76345 0.12837 0.985265 -0.113025 -0.0453422 -0.168879 0.13402 0.976483 -0.0887077 0 0 0 1 
36535719080052;0.307637;1.36009;0.979356 0.0768231 0.186977 -2.56706 -0.121063 0.963646 0.238179 0.374928 -0.161882 -0.255898 0.953053 0.322002 0 0 0 1 
36535719080053;0.461332;1.47468;0.940639 -0.0639032 0.333338 -2.26954 0.0621139 0.99794 0.0160342 -0.0488388 -0.333676 0.00562254 0.942671 1.25409 0 0 0 1 
36535719080054;0.521749;0.888817;0.946519 0.0431393 0.31975 -1.38894 -0.0821188 0.990595 0.10944 1.239 -0.312021 -0.129845 0.94116 0.739793 0 0 0 1 
36535719080055;0.319357;1.51444;0.953779 -0.0388148 0.297992 -2.53266 0.0759847 0.99055 -0.11418 0.241566 -0.290744 0.131545 0.947715 0.427867 0 0 0 1 
36535719080056;0.611624;1.60685;0.966722 -0.0963226 0.237005 -2.92372 0.127873 0.984315 -0.121542 0.168458 -0.22158 0.147804 0.963876 -0.414377 0 0 0 1 
36535719080057;0.403587;0.69613;0.988124 0.147943 -0.0415215 -1.17313 -0.151995 0.980728 -0.12276 0.342065 0.0225598 0.127613 0.991567 -0.54879 0 0 0 1 
36535719080058;0.354702;1.39737;0.950919 0.0706968 0.301256 -2.26483 -0.0180732 0.984579 -0.174006 0.226088 -0.308912 0.160021 0.937532 0.0719841 0 0 0 1 
36535719080059;0.377989;0.795069;0.959558 0.24668 0.135636 -1.51642 -0.218838 0.956722 -0.191813 1.32331 -0.177083 0.154374 0.972014 -0.305776 0 0 0 1 
36535719080060;0.383603;0.787823;0.987262 0.132769 0.0876685 -1.20141 -0.141236 0.985042 0.098712 1.23948 -0.0732513 -0.109837 0.991247 -0.246916 0 0 0 1 
36535719080062;0.362158;0.818751;0.996803 -0.0748769 0.027877 -0.929484 0.0694631 0.984558 0.160689 -2.75189 -0.0394784 -0.158239 0.986611 -1.00339 0 0 0 1 
36535719080063;0.299523;1.12001;0.964984 -0.254304 0.0643041 -1.49701 0.221362 0.921024 0.320491 -3.81132 -0.140728 -0.295034 0.945067 -0.297916 0 0 0 1 
36535719080064;0.461382;0.978352;0.97162 -0.23652 0.00351608 -1.0165 0.234869 0.962858 -0.133195 -2.76231 0.0281178 0.130241 0.991084 -1.46091 0 0 0 1 
36535719080065;0.4807;1.04364;0.969282 0.0796595 0.232695 -0.637206 -0.116618 0.981838 0.149651 -3.19488 -0.216548 -0.17219 0.960967 1.04669 0 0 0 1 
36535719080066;0.231893;1.29371;0.948061 -0.308443 0.0777352 -0.593252 0.287977 0.936079 0.202054 -4.92984 -0.135088 -0.169174 0.976285 0.611167 0 0 0 1 
36535719080067;0.276753;1.11942;0.994112 -0.0866361 -0.0650879 -0.283393 0.108114 0.83357 0.541731 -4.13866 0.00732182 -0.545578 0.838028 0.506611 0 0 0 1 
36535719080068;0.41506;1.03312;0.970201 -0.211908 0.117497 -0.952087 0.173612 0.946225 0.272978 -3.328 -0.169025 -0.244445 0.954818 -0.549178 0 0 0 1 
36535719080069;0.168667;0.953145;0.980295 -0.188612 0.0587148 -1.05535 0.147104 0.89539 0.420282 -3.37075 -0.131843 -0.403363 0.905492 0.795105 0 0 0 1 
36535719080070;0.366766;1.06536;0.969147 -0.0581272 -0.239531 0.0198268 0.161474 0.883948 0.438818 -4.17412 0.186226 -0.463957 0.866062 -0.709113 0 0 0 1 
36535719080071;0.314881;1.2889;0.933898 -0.357288 -0.013378 -1.32081 0.357534 0.933028 0.0403546 -4.39593 -0.00193618 -0.0424702 0.999096 0.137445 0 0 0 1 
36535719080072;0.205179;1.06346;0.979976 -0.196069 0.0346895 -1.30902 0.178412 0.942011 0.284226 -3.05547 -0.0884057 -0.272346 0.958129 0.588595 0 0 0 1 
36535719080073;0.364246;0.954848;0.914942 -0.212653 0.343016 -1.44073 -0.00031663 0.849543 0.527519 -3.05804 -0.403585 -0.482758 0.777215 1.36469 0 0 0 1 
36535719080074;0.343501;1.00649;0.995479 0.0263945 0.0912366 -0.522386 -0.0601062 0.918853 0.389995 -3.31807 -0.0735394 -0.393716 0.916286 0.332353 0 0 0 1 
36535719080075;0.45993;1.02114;0.989636 0.0515815 -0.134012 0.080484 -0.0577319 0.997431 -0.0424189 -2.33939 0.13148 0.0497161 0.990071 -1.0557 0 0 0 1 
36535719080076;0.347563;1.14321;0.999277 -0.0220396 -0.0309751 -0.116232 0.0314425 0.937129 0.347564 -4.2353 0.0213675 -0.348287 0.937144 0.327955 0 0 0 1 
36535719080077;0.245685;1.09436;0.977388 -0.0558635 -0.203939 -0.0496161 0.110729 0.956876 0.268565 -3.74304 0.180141 -0.285075 0.941425 -0.200984 0 0 0 1 
36535719080078;0.322722;0.949091;0.994513 -0.104219 0.00909399 -1.65238 0.0944422 0.931798 0.350476 -3.08098 -0.0450001 -0.347694 0.936528 -0.570355 0 0 0 1 
36535719080079;0.340882;1.02819;0.998129 -0.0137844 0.0595634 -0.371837 -0.00797118 0.936594 0.350326 -3.5953 -0.0606158 -0.350146 0.934732 -0.217079 0 0 0 1 
36535719080080;0.326117;1.13314;0.984565 -0.143098 0.100768 -0.355999 0.0911573 0.910778 0.402709 -3.16194 -0.149405 -0.387307 0.909764 1.14496 0 0 0 1 
36535719080081;0.410409;1.04295;0.979662 -0.171477 0.104198 -1.32657 0.14326 0.961344 0.235148 -3.3533 -0.140493 -0.215438 0.966358 -0.508225 0 0 0 1 
36535719080082;0.216435;1.23304;0.984266 -0.170877 -0.0449706 -0.633716 0.176371 0.965517 0.191494 -3.73701 0.0106979 -0.196413 0.980463 0.423255 0 0 0 1 
36535719080083;0.161862;1.17741;0.995193 -0.0965762 0.0162336 -0.748993 0.0903954 0.969672 0.22708 -3.89711 -0.0376718 -0.224521 0.973741 -0.0569022 0 0 0 1 
36535719080084;0.439577;1.31078;0.987154 -0.113705 0.112245 -0.441787 0.0795693 0.95907 0.271759 -4.43596 -0.138551 -0.259337 0.955797 0.486096 0 0 0 1 
36535719080085;0.124875;1.17865;0.990715 -0.125954 0.0511738 -0.748162 0.106685 0.953573 0.281631 -3.94114 -0.0842705 -0.273557 0.958157 0.341392 0 0 0 1 
36535719080086;0.392366;1.10073;0.955435 -0.121006 -0.269262 0.432795 0.161008 0.978121 0.131745 -3.46372 0.247429 -0.169227 0.954013 -1.14162 0 0 0 1 
36535719080087;0.41425;1.02575;0.990668 -0.13628 0.0019586 -0.965642 0.112082 0.822772 0.557211 -3.30031 -0.0775482 -0.551792 0.830368 -0.28314 0 0 0 1 
36535719080088;0.317089;1.14632;0.987865 -0.116068 0.103203 -0.657286 0.0880213 0.965847 0.243703 -4.09813 -0.127964 -0.231661 0.964343 -0.412068 0 0 0 1 
36535719080089;0.0976208;1.24406;0.96881 -0.244546 -0.040061 -0.691123 0.247794 0.954482 0.166017 -4.27844 -0.00236116 -0.170765 0.985309 0.221332 0 0 0 1 
36535719080090;0.312576;1.20973;0.97664 -0.199318 -0.0802963 -0.100223 0.206523 0.973865 0.0945271 -4.74257 0.0593568 -0.108902 0.992279 0.194476 0 0 0 1 
36535719080091;0.378116;1.11331;0.926254 -0.255091 0.277458 -0.801168 0.241298 0.966862 0.0833811 -3.64144 -0.289533 -0.010282 0.957113 0.550224 0 0 0 1 
36535719080093;0.290482;0.158375;0.987398 0.0224643 -0.156652 0.371964 -0.0344683 0.996637 -0.0743377 0.339623 0.154456 0.0788004 0.984852 -0.659767 0 0 0 1 
36535719080094;0.395592;0.686967;0.998671 0.0482806 -0.0180413 1.02688 -0.0487731 0.998419 -0.0279336 -0.461356 0.0166642 0.0287764 0.999447 -0.173028 0 0 0 1 
36535719080095;0.347587;0.132176;0.898355 0.248829 -0.361998 0.295055 -0.208432 0.966873 0.147351 0.599169 0.386671 -0.0569221 0.920459 -1.42343 0 0 0 1 
36535719080096;0.508705;0.153068;0.952258 -0.232484 0.197877 0.108408 0.179267 0.950452 0.253976 -0.694126 -0.247118 -0.206378 0.946753 1.64174 0 0 0 1 
36535719080097;0.390373;0.155511;0.894732 -0.357718 0.267381 0.211525 0.391818 0.916054 -0.0855805 -1.5714 -0.214322 0.181336 0.959783 0.623332 0 0 0 1 
36535719080098;0.177167;0.145068;0.964577 0.00309573 0.263785 -0.0707691 -0.00859213 0.999769 0.0196856 -0.0599636 -0.263663 -0.0212547 0.964381 0.64701 0 0 0 1 
36535719080099;0.46993;0.146008;0.968472 -0.233495 -0.0868414 0.461796 0.248826 0.889671 0.382847 -1.32647 -0.0121325 -0.392385 0.919721 -0.372834 0 0 0 1 
36535719080100;0.314307;0.134146;0.999726 -0.015847 -0.0172162 -0.385465 0.0184813 0.986022 0.16559 -0.466943 0.0143515 -0.165862 0.986044 -0.62534 0 0 0 1 
36535719080101;0.365934;0.443943;0.975523 0.195405 -0.100853 0.268283 -0.180857 0.973852 0.137485 0.0269171 0.125082 -0.11588 0.985356 -0.627742 0 0 0 1 
36535719080102;0.240105;0.153095;0.987187 -0.15227 0.0477019 -0.193765 0.152592 0.988284 -0.00317021 -0.738547 -0.0466604 0.0104085 0.998857 -0.40306 0 0 0 1 
36535719080103;0.352767;0.163219;0.996165 0.0624355 0.0612896 -0.12094 -0.0659016 0.996239 0.0562607 -0.0786661 -0.0575464 -0.060084 0.996533 0.528575 0 0 0 1 
36535719080104;0.495293;0.367145;0.880527 0.0534253 -0.470975 0.0963905 0.00808606 0.99179 0.127622 -0.334586 0.473927 -0.116183 0.872866 -1.86637 0 0 0 1 
36535719080105;0.433787;0.168266;0.999621 -0.00523192 0.027022 -0.0518407 0.00469815 0.999793 0.0197791 -0.121419 -0.0271199 -0.0196447 0.999439 0.702824 0 0 0 1 
36535719080106;0.129754;0.152141;0.997229 -0.0196877 0.0717447 -0.0170974 0.0114877 0.993533 0.112963 -0.161756 -0.0735047 -0.111825 0.991006 -0.00960661 0 0 0 1 
36535719080107;0.262145;0.321709;0.989642 0.111422 -0.0905241 0.130668 -0.109612 0.993667 0.0247373 0.115859 0.092707 -0.0145585 0.995587 -0.799124 0 0 0 1 
36535719080108;0.397924;0.328462;0.981796 0.189036 -0.0184726 -0.346653 -0.176298 0.943166 0.281703 0.357091 0.0706746 -0.273318 0.959324 -0.560417 0 0 0 1 
36535719080109;0.398301;0.39183;0.945559 0.204718 0.253001 0.190385 -0.226764 0.97204 0.0609676 0.396234 -0.233446 -0.11502 0.965543 0.750901 0 0 0 1 
36535719080110;0.208018;0.149271;0.991596 0.127595 -0.0213596 -0.0322535 -0.126131 0.990215 0.0597077 0.203 0.028769 -0.0565118 0.997987 -0.547891 0 0 0 1 
36535719080111;0.465339;0.183815;0.945233 -0.240702 0.220448 -0.285682 0.252314 0.967304 -0.025689 -0.521072 -0.207057 0.0799041 0.97506 0.903753 0 0 0 1 
36535719080112;0.541337;0.153969;0.899692 0.329795 -0.285988 1.14006 -0.304991 0.943621 0.128687 1.1636 0.312305 -0.0285548 0.949553 -1.41203 0 0 0 1 
36535719080113;0.28814;0.170521;0.999891 0.00111936 -0.0147213 -0.132451 -0.000563169 0.999288 0.0377312 0.399364 0.0147531 -0.0377188 0.999179 -0.175936 0 0 0 1 
36535719080114;0.343577;0.166039;0.95715 -0.288747 -0.0221108 0.282519 0.289533 0.955706 0.0528807 -1.29549 0.00586226 -0.0570166 0.998356 0.138604 0 0 0 1 
36535719080115;0.500998;0.870361;0.995371 0.0882774 -0.0380033 0.856576 -0.0853812 0.993739 0.0720639 -0.64608 0.044127 -0.0684856 0.996676 -0.33021 0 0 0 1 
36535719080116;0.41433;0.138032;0.957074 -0.230775 0.175363 0.36613 0.166711 0.933229 0.318262 -0.898285 -0.237101 -0.275366 0.931642 1.26734 0 0 0 1 
36535719080117;0.508343;0.155087;0.997416 -0.0483411 0.0531468 -0.0943376 0.0365954 0.978456 0.203188 -0.132889 -0.0618242 -0.200718 0.977696 1.0302 0 0 0 1 
36535719080118;0.0642213;0.151253;0.997951 0.0570744 -0.0289222 -0.122191 -0.0564043 0.998132 0.0234795 0.239618 0.0302082 -0.0218 0.999306 -0.395492 0 0 0 1 
36535719080119;0.384568;0.642079;0.990642 0.113717 0.0754776 0.452314 -0.128068 0.965682 0.225959 -0.553756 -0.0471919 -0.233511 0.971208 -0.0962785 0 0 0 1 
36535719080120;0.113108;0.155211;0.998716 -0.0502895 0.00611236 -0.052359 0.0497621 0.996466 0.0676656 -0.40495 -0.00949363 -0.0672746 0.997689 -0.0283953 0 0 0 1 
36535719080121;0.423482;0.13758;0.972223 0.222768 -0.0718104 0.271869 -0.174366 0.894021 0.412703 0.233243 0.156137 -0.388718 0.90803 -0.59096 0 0 0 1 
36535719080122;0.427092;0.139717;0.967341 -0.246914 0.0573121 0.0515791 0.237805 0.962298 0.132031 -1.63158 -0.0877517 -0.11409 0.989587 0.545814 0 0 0 1 
36535719080124;0.190705;0.172605;0.985871 0.163552 0.0361883 0.255818 -0.165426 0.984579 0.0569097 0.411844 -0.0263225 -0.0620921 0.997723 0.157246 0 0 0 1 
36535719080125;0.422416;0.173351;0.883301 0.409712 -0.227849 0.525107 -0.376754 0.909616 0.175085 1.17594 0.27899 -0.06881 0.957826 -1.04525 0 0 0 1 
36535719080126;0.446714;0.204942;0.992565 0.110102 -0.051887 0.599548 -0.113932 0.990439 -0.0777821 -0.226154 0.042827 0.0831154 0.995619 -0.438779 0 0 0 1 
36535719080127;0.355012;0.799884;0.998177 0.0509134 0.0324223 1.23616 -0.0479641 0.995137 -0.0860282 0.272607 -0.0366446 0.0843162 0.995765 -0.0517226 0 0 0 1 
36535719080128;0.249905;0.186841;0.999813 -0.00868861 -0.017302 0.340511 0.00876887 0.999951 0.00456785 0.352149 0.0172614 -0.00471871 0.99984 -0.12842 0 0 0 1 
36535719080129;0.526113;0.808188;0.999285 -0.0148031 -0.0348009 1.51561 0.0133724 0.99907 -0.0409918 -0.394644 0.0353754 0.0404971 0.998553 0.173683 0 0 0 1 
36535719080130;0.433817;0.242307;0.94307 0.0980028 0.317829 0.198432 -0.050445 0.986694 -0.154566 -0.168219 -0.328748 0.129734 0.935465 0.981562 0 0 0 1 
36535719080131;0.251532;0.379855;0.989008 -0.146698 -0.018535 0.770466 0.146063 0.988759 -0.0319589 -0.159657 0.023015 0.0289004 0.999317 0.0516937 0 0 0 1 
36535719080132;0.431426;0.198772;0.981283 0.0323916 -0.18983 0.220368 -0.0216762 0.998066 0.0582548 -0.484918 0.19135 -0.0530496 0.980087 -1.03058 0 0 0 1 
36535719080133;0.541591;0.208165;0.94088 0.231063 0.247698 0.412677 -0.274278 0.948785 0.156774 0.646565 -0.198787 -0.215444 0.956069 1.49394 0 0 0 1 
36535719080134;0.252306;0.225924;0.997696 -0.066661 0.0125969 0.197439 0.0672221 0.996425 -0.0511699 -0.351946 -0.00914088 0.0518988 0.998611 -0.283225 0 0 0 1 
36535719080135;0.472023;0.841771;0.967349 0.0818968 0.239851 1.14621 -0.126281 0.976264 0.175962 0.0650645 -0.219747 -0.200505 0.95473 0.658969 0 0 0 1 
36535719080136;0.302061;0.20517;0.976025 0.186521 -0.112183 0.350022 -0.199507 0.972705 -0.118503 0.996325 0.0870174 0.138043 0.986596 -0.575994 0 0 0 1 
36535719080137;0.328535;0.244234;0.967961 0.238613 0.0781937 0.0607404 -0.225268 0.962777 -0.149381 0.84354 -0.110927 0.12698 0.985683 -0.0061327 0 0 0 1 
36535719080138;0.576365;0.199225;0.997888 0.0508604 0.0404135 0.938233 -0.0317117 0.924338 -0.380255 0.342993 -0.0566957 0.37817 0.923998 -0.541781 0 0 0 1 
36535719080139;0.521512;0.541293;0.997875 -0.0555792 0.0340064 0.6173 0.0535461 0.996878 0.0580287 -0.439276 -0.0371254 -0.0560845 0.997736 0.242196 0 0 0 1 
36535719080140;0.470285;0.188499;0.900143 0.415982 0.129235 0.107477 -0.41219 0.909369 -0.0561072 1.4483 -0.140862 -0.00276505 0.990025 0.0785086 0 0 0 1 
36535719080141;0.30287;0.174994;0.975062 0.123677 0.184275 -0.142451 -0.139015 0.987616 0.0727317 0.17449 -0.172998 -0.0965348 0.98018 0.56705 0 0 0 1 
36535719080142;0.480003;0.181896;0.973007 0.202691 0.110338 0.0954431 -0.230455 0.87866 0.418147 0.408433 -0.012195 -0.432287 0.901653 0.0219245 0 0 0 1 
36535719080143;0.628053;0.197972;0.894005 0.433775 -0.112224 -0.319666 -0.444596 0.889894 -0.10209 1.69618 0.0555832 0.141164 0.988425 -0.324178 0 0 0 1 
36535719080144;0.602003;0.175255;0.944399 0.231683 -0.233311 0.63673 -0.278216 0.941236 -0.191497 1.25893 0.175234 0.245761 0.95336 -1.5559 0 0 0 1 
36535719080145;0.170435;0.166785;0.994996 0.0996059 -0.00784157 0.195398 -0.0995233 0.994982 0.0103026 0.328822 0.00882841 -0.00947063 0.999916 0.124567 0 0 0 1 
36535719080146;0.207536;0.166422;0.983171 0.180895 0.0255367 0.216403 -0.177715 0.979409 -0.0957899 0.679456 -0.0423389 0.0896396 0.995074 -0.0185903 0 0 0 1 
36535719080147;0.436345;0.151583;0.985314 0.163727 -0.0484811 0.61896 -0.159907 0.984331 0.0743127 0.985317 0.0598885 -0.0654688 0.996056 -0.465779 0 0 0 1 
36535719080148;0.640142;0.317103;0.98224 -0.173062 -0.0724869 1.55396 0.155479 0.966995 -0.20186 0.461295 0.105029 0.187004 0.976728 -0.674644 0 0 0 1 
36535719080149;0.408897;0.218596;0.997658 -0.0372805 -0.0573459 0.5135 0.0348573 0.99848 -0.042691 -0.352676 0.0588503 0.0405921 0.997441 0.359768 0 0 0 1 
36535719080150;0.385378;0.173078;0.996113 -0.0148477 0.0868281 0.231542 -0.00123915 0.983233 0.18235 0.356323 -0.0880797 -0.181749 0.979392 -0.025005 0 0 0 1 
36535719080151;0.147734;0.161312;0.992865 0.0167011 0.118072 0.136916 -0.00674723 0.996426 -0.0842056 0.0833161 -0.119056 0.0828081 0.989428 0.171045 0 0 0 1 
36535719080152;0.417728;0.192559;0.899183 0.39777 -0.182342 0.433681 -0.373536 0.914811 0.153596 1.07079 0.227905 -0.0699996 0.971164 -0.511491 0 0 0 1 
36535719080153;0.136308;0.246615;0.993207 -0.0971659 0.064017 0.457163 0.0948994 0.994778 0.0375492 -0.160333 -0.0673312 -0.0312189 0.997242 0.196543 0 0 0 1 
36535719080155;0.377066;0.340505;0.997625 0.00601788 -0.0686142 0.356723 0.0172478 0.94261 0.33345 0.194596 0.0666831 -0.333841 0.940268 0.189363 0 0 0 1 
36535719080156;0.280014;0.337889;0.999607 -0.027025 -0.00751087 0.254953 0.0280453 0.967498 0.251317 0.579976 0.000474897 -0.251429 0.967876 -0.0124392 0 0 0 1 
36535719080157;0.357849;0.252091;0.992625 -0.116888 0.0321264 0.81239 0.0936531 0.907722 0.408987 0.335428 -0.0769674 -0.402962 0.911975 0.791036 0 0 0 1 
36535719080158;0.214487;0.244485;0.997909 -0.0345686 -0.0546187 0.851576 0.0428242 0.986502 0.158053 0.368676 0.0484178 -0.160061 0.985919 -0.0835458 0 0 0 1 
36535719080159;0.313033;0.211483;0.996062 -0.00280876 -0.0886193 0.428504 -0.00225626 0.998371 -0.057003 -0.332687 0.0886351 0.0569784 0.994433 -0.876458 0 0 0 1 
36535719080160;0.477856;0.318309;0.929637 0.142445 -0.339829 0.0539915 -0.122596 0.989283 0.079302 0.424121 0.347484 -0.0320605 0.937138 -1.05169 0 0 0 1 
36535719080161;0.262671;0.293508;0.994658 0.0967183 -0.0360655 0.383904 -0.0875967 0.975715 0.200766 0.0544594 0.0546074 -0.196534 0.978975 0.11092 0 0 0 1 
36535719080162;0.249715;0.475267;0.98938 0.0761595 -0.123801 0.988938 -0.0261414 0.931084 0.363868 -0.192515 0.142981 -0.356767 0.923187 -0.342875 0 0 0 1 
36535719080163;0.453936;0.290794;0.918819 0.13719 -0.370069 1.48217 -0.157189 0.98727 -0.0242782 0.340306 0.362028 0.0804778 0.928687 -1.33254 0 0 0 1 
36535719080164;0.466141;0.345193;0.986046 -0.0464197 0.159869 0.586053 0.00435234 0.967196 0.253992 0.582227 -0.166415 -0.249752 0.953903 0.992427 0 0 0 1 
36535719080165;0.321246;0.299034;0.973681 -0.0462121 0.223182 0.547674 -0.0532056 0.906086 0.419736 -0.0891248 -0.221619 -0.420563 0.879779 0.528043 0 0 0 1 
36535719080166;0.389384;0.364554;0.964115 -0.113332 0.240079 1.05149 0.139173 0.985843 -0.0935158 0.16087 -0.226082 0.123573 0.966238 0.048219 0 0 0 1 
36535719080167;0.40197;0.444264;0.982894 0.163955 -0.0838945 0.793786 -0.114045 0.899505 0.421764 0.193775 0.144614 -0.404982 0.902816 -0.217459 0 0 0 1 
36535719080168;0.210711;0.24138;0.999604 0.0157487 0.0233357 0.267574 -0.0147707 0.999029 -0.0415064 0.10858 -0.0239667 0.0411452 0.998866 -0.0950232 0 0 0 1 
36535719080169;0.371812;0.177286;0.960268 0.0628113 -0.27192 0.986777 0.0399451 0.933378 0.356666 -0.630936 0.276207 -0.353357 0.893783 -1.15863 0 0 0 1 
36535719080170;0.32738;0.272222;0.997881 0.0642467 -0.0102822 0.425494 -0.0643621 0.997862 -0.0113129 0.345374 0.0095334 0.0119507 0.999883 -1.21883 0 0 0 1 
36535719080171;0.334438;0.342088;0.999973 0.00441948 -0.00594396 0.18682 -0.00444801 0.999979 -0.00479426 0.139956 0.00592264 0.00482057 0.999971 -0.0203667 0 0 0 1 
36535719080172;0.359248;0.415405;0.984199 0.0974724 -0.147823 1.04293 -0.0596269 0.968532 0.241643 0.625717 0.166725 -0.22901 0.95904 -0.214103 0 0 0 1 
36535719080173;0.299017;0.20282;0.999414 -0.0142741 -0.0311173 0.326806 0.0149407 0.999662 0.0212955 -0.250004 0.0308028 -0.021748 0.999289 -1.02019 0 0 0 1 
36535719080174;0.332371;0.183776;0.992732 -0.104291 -0.0600512 1.1788 0.109767 0.989254 0.0965766 0.206525 0.0493339 -0.102466 0.993512 -0.635687 0 0 0 1 
36535719080175;0.258801;0.214721;0.987764 -0.0366203 -0.151597 0.60513 0.049547 0.995368 0.0823898 0.124823 0.147878 -0.0888928 0.985003 -1.15587 0 0 0 1 
36535719080176;0.244373;0.267704;0.989854 0.0422999 0.135643 0.243014 -0.0651831 0.983461 0.168984 0.0474018 -0.126252 -0.176111 0.97624 0.101926 0 0 0 1 
36535719080177;0.307368;0.320189;0.998893 -0.00887863 0.046194 0.401422 -0.0061317 0.94907 0.315006 0.288374 -0.0466381 -0.31494 0.947965 0.642063 0 0 0 1 
36535719080178;0.333626;0.183373;0.919821 0.060326 -0.387672 0.930783 0.0278701 0.975565 0.217936 -0.0899021 0.391346 -0.211266 0.895664 -0.801834 0 0 0 1 
36535719080179;0.112272;0.193198;0.995779 -0.0175236 -0.090091 0.461818 0.0312258 0.98773 0.153017 0.0881269 0.0863042 -0.155184 0.984108 -0.55464 0 0 0 1 
36535719080180;0.447488;0.784068;0.991347 0.0033778 -0.131224 2.27329 0.0115781 0.993523 0.113043 -0.23575 0.130755 -0.113584 0.984887 -0.472675 0 0 0 1 
36535719080181;0.181751;0.234841;0.994498 -0.0179283 0.103207 0.451615 0.0245643 0.997686 -0.0633902 0.0757782 -0.101832 0.0655767 0.992638 -0.15273 0 0 0 1 
36535719080182;0.227052;0.251522;0.988508 -0.0428074 0.144984 0.67569 0.0554692 0.994883 -0.0844461 0.0601029 -0.140627 0.0915178 0.985824 -0.235117 0 0 0 1 
36535719080183;0.271702;0.197684;0.987939 -0.0515985 -0.145996 1.2269 0.087421 0.964073 0.250841 -0.146004 0.127808 -0.260579 0.956955 -0.523988 0 0 0 1 
36535719080184;0.317465;0.289395;0.947359 0.147701 -0.284068 1.01132 0.0131152 0.868588 0.495361 -0.442177 0.319904 -0.473011 0.820928 -0.7162 0 0 0 1 
36535719080186;0.390645;0.392073;0.8935 -0.055593 0.445609 -0.437486 0.187672 0.947723 -0.258069 -0.583826 -0.407967 0.314213 0.857224 1.57675 0 0 0 1 
36535719080187;0.111223;0.33021;0.998381 0.0126119 0.0554714 -0.407767 -0.0125547 0.99992 -0.00138002 -0.169005 -0.0554844 0.000681357 0.998459 -0.0136684 0 0 0 1 
36535719080188;0.65823;0.753505;0.894326 0.431257 0.11916 -1.22028 -0.438356 0.897895 0.0403651 1.57747 -0.0895851 -0.0883339 0.992054 1.02874 0 0 0 1 
36535719080189;0.357007;0.372639;0.998636 0.00311565 0.0521105 -1.18027 -0.00395699 0.999863 0.0160499 0.149411 -0.0520534 -0.0162342 0.998512 -0.445382 0 0 0 1 
36535719080190;0.473164;1.11292;0.920532 -0.384114 0.0712535 -1.57464 0.386538 0.921973 -0.0235345 -2.94435 -0.0566539 0.0492064 0.997181 0.11488 0 0 0 1 
36535719080191;0.28216;0.374453;0.981108 0.193314 0.00757283 -0.755245 -0.192778 0.973606 0.122181 0.575425 0.0162464 -0.121333 0.992479 -0.71367 0 0 0 1 
36535719080192;0.431029;0.367919;0.982927 -0.158325 0.0937464 -1.33085 0.165957 0.982873 -0.0801177 -0.561911 -0.0794562 0.0943078 0.992367 0.514587 0 0 0 1 
36535719080193;0.312078;0.409766;0.989668 -0.131961 0.0560595 -0.679171 0.117789 0.971257 0.206847 -1.10428 -0.0817439 -0.198107 0.976766 -0.309975 0 0 0 1 
36535719080194;0.164987;0.319962;0.984796 0.171604 0.0270158 -0.524133 -0.171988 0.985019 0.0125737 0.585451 -0.0244534 -0.0170289 0.999556 -0.054864 0 0 0 1 
36535719080195;0.354366;0.346821;0.972698 -0.0382036 0.228909 -0.378943 0.0377512 0.999267 0.0063566 -0.672486 -0.228984 0.00245855 0.973427 0.236567 0 0 0 1 
36535719080196;0.523582;0.366417;0.985427 0.143929 0.0906573 -1.03444 -0.169202 0.884121 0.435547 0.682489 -0.0174643 -0.444539 0.895589 -0.678573 0 0 0 1 
36535719080197;0.379637;0.422293;0.984272 -0.168462 -0.0531872 -0.571532 0.171232 0.98382 0.0527102 -1.03337 0.0434469 -0.0609885 0.997192 -1.15192 0 0 0 1 
36535719080198;0.253973;0.38522;0.978832 -0.143195 0.146229 -0.669819 0.156818 0.983853 -0.0862689 -0.939323 -0.131514 0.107374 0.985482 0.778687 0 0 0 1 
36535719080199;0.451651;0.36012;0.98847 0.140893 0.0554617 -1.11886 -0.140993 0.990008 -0.00213626 0.719458 -0.0552085 -0.00570806 0.998459 0.675988 0 0 0 1 
36535719080200;0.601292;1.23238;0.94253 -0.24837 0.223495 -1.32617 0.266352 0.962374 -0.0537794 -2.46375 -0.201729 0.110217 0.97322 1.23426 0 0 0 1 
36535719080201;0.316883;0.384117;0.863846 0.0846336 0.496596 -0.422906 0.006672 0.983777 -0.179269 -0.164535 -0.503712 0.158174 0.849267 2.29729 0 0 0 1 
36535719080202;0.389074;0.393017;0.970728 0.219354 0.097834 -0.826784 -0.222397 0.974725 0.0212383 1.16638 -0.0907025 -0.0423747 0.994976 -0.351892 0 0 0 1 
36535719080203;0.247825;0.54876;0.974639 -0.206743 0.0856463 -1.04056 0.203935 0.978149 0.0404312 -1.31491 -0.0921337 -0.0219396 0.995505 0.34741 0 0 0 1 
36535719080204;0.323434;0.405497;0.996283 -0.0547434 0.0665093 -0.860743 0.0534697 0.998353 0.0207827 -1.19572 -0.0675375 -0.0171493 0.997569 -0.129371 0 0 0 1 
36535719080205;0.326801;0.442093;0.945462 -0.0548378 0.321085 -0.476906 0.160394 0.936319 -0.31238 -0.802355 -0.283507 0.346843 0.894049 1.06088 0 0 0 1 
36535719080206;0.360649;0.353485;0.993439 0.0970038 0.0605741 -0.770734 -0.096773 0.995284 -0.00673987 0.943133 -0.0609422 0.000833714 0.998141 0.00783733 0 0 0 1 
36535719080207;0.378318;0.366244;0.997846 -0.0302406 0.0582197 0.0978959 0.0299617 0.999535 0.00565702 -0.4179 -0.0583637 -0.00390047 0.998288 0.113968 0 0 0 1 
36535719080208;0.281021;0.360283;0.974621 -0.065528 0.214057 -0.846772 0.0571379 0.997345 0.0451572 -0.674045 -0.216447 -0.0317804 0.975777 1.30717 0 0 0 1 
36535719080209;0.41046;0.547837;0.952806 -0.263842 0.150161 -1.26179 0.236733 0.955397 0.176563 -1.97685 -0.190048 -0.132683 0.972768 0.794629 0 0 0 1 
36535719080210;0.243944;0.343886;0.971698 0.14382 0.1874 -0.246914 -0.153387 0.987454 0.0375164 0.261997 -0.179653 -0.0651994 0.981567 0.630066 0 0 0 1 
36535719080211;0.419439;0.412549;0.929489 0.367059 0.0363132 -0.817108 -0.367405 0.930056 0.00311916 1.08432 -0.0326284 -0.0162409 0.999336 -0.0320017 0 0 0 1 
36535719080212;0.411637;0.40527;0.95125 0.261442 0.163623 -0.269648 -0.259559 0.965157 -0.033165 0.535485 -0.166593 -0.0109218 0.985965 0.789621 0 0 0 1 
36535719080213;0.271077;0.369932;0.977586 -0.177847 -0.112674 -0.751125 0.155072 0.970235 -0.186003 -0.988842 0.1424 0.164361 0.976067 -1.05488 0 0 0 1 
36535719080214;0.356981;0.359433;0.957105 0.152643 -0.246273 -0.651456 -0.159937 0.987079 -0.00976963 0.242216 0.2416 0.0487388 0.969151 -0.956408 0 0 0 1 
36535719080215;0.558879;0.398863;0.956679 0.210343 0.201299 -0.702987 -0.14877 0.947501 -0.283037 0.608164 -0.250266 0.240828 0.937747 1.974 0 0 0 1 
36535719080217;0.267916;0.0482082;0.968409 -0.176008 -0.176652 0.552417 0.152678 0.978588 -0.138038 -0.252043 0.197165 0.106706 0.974546 -0.983454 0 0 0 1 
36535719080218;0.403611;0.0539503;0.996974 0.077653 0.0035705 -0.317193 -0.0777097 0.99677 0.0202703 0.704196 -0.00198492 -0.0204864 0.999788 0.40275 0 0 0 1 
36535719080219;0.612805;0.46708;0.998459 0.00565988 0.0551989 -0.300116 -0.00547999 0.999979 -0.00340974 0.0516323 -0.055217 0.003102 0.99847 0.602319 0 0 0 1 
36535719080220;0.465305;0.045882;0.971588 -0.113927 -0.207455 0.407497 0.0925341 0.989605 -0.110087 0.168466 0.217841 0.0877627 0.97203 -1.49021 0 0 0 1 
36535719080221;0.397154;0.0566994;0.978448 -0.200685 0.0486327 -0.163292 0.19084 0.968789 0.158205 -0.807558 -0.0788641 -0.145514 0.986208 -0.178015 0 0 0 1 
36535719080222;0.388852;0.0491773;0.984207 -0.101469 0.145054 -0.439904 0.137196 0.955042 -0.262816 -0.215284 -0.111865 0.278566 0.95388 0.153452 0 0 0 1 
36535719080223;0.332061;0.0451476;0.930227 -0.186637 -0.315983 0.86855 0.161971 0.981421 -0.102852 -0.592229 0.329308 0.0444953 0.943174 -0.935211 0 0 0 1 
36535719080224;0.591626;0.0575273;0.993907 0.100308 0.04568 -0.374627 -0.0813386 0.947198 -0.310162 1.20188 -0.0743797 0.304557 0.949586 0.38095 0 0 0 1 
36535719080225;0.418431;0.0550954;0.934566 -0.333129 0.124944 0.20431 0.328517 0.942808 0.056471 -1.16061 -0.13661 -0.0117297 0.990555 0.702156 0 0 0 1 
36535719080226;0.434396;0.0631971;0.923549 0.339083 -0.179109 -0.0295656 -0.346171 0.938129 -0.00894614 1.37294 0.164994 0.0702644 0.983789 -0.406895 0 0 0 1 
36535719080227;0.258425;0.0582113;0.979887 0.171963 0.101245 -0.0587983 -0.17642 0.983628 0.0367803 0.387604 -0.0932621 -0.053902 0.994181 0.537365 0 0 0 1 
36535719080228;0.348273;0.0481564;0.958749 -0.19531 0.206531 0.127364 0.205484 0.978237 -0.0287985 -0.262172 -0.196411 0.0700491 0.978016 0.794608 0 0 0 1 
36535719080229;0.349476;0.0451544;0.993988 0.0620025 0.0902411 -0.215961 -0.0465197 0.985271 -0.164551 0.154304 -0.0991145 0.159363 0.982232 -0.47095 0 0 0 1 
36535719080230;0.507963;0.495409;0.952342 0.0036803 0.30501 -0.0256201 0.0195747 0.997129 -0.0731502 0.0932453 -0.304403 0.0756345 0.949536 0.425827 0 0 0 1 
36535719080231;0.499847;0.0648807;0.999936 0.0103936 -0.00439206 -0.34695 -0.0102989 0.999725 0.0210594 -0.381942 0.00460974 -0.0210128 0.999769 -0.933907 0 0 0 1 
36535719080232;0.400636;0.0569474;0.975153 -0.199809 0.0956742 0.168068 0.167659 0.947918 0.270817 -0.439776 -0.144803 -0.248047 0.957865 0.958593 0 0 0 1 
36535719080233;0.232565;0.0518396;0.985715 0.0625003 -0.156397 0.0549199 -0.04519 0.992693 0.111889 0.0306459 0.162247 -0.103223 0.981336 -0.139158 0 0 0 1 
36535719080234;0.243089;0.0549441;0.999937 0.00898013 0.00669911 0.181113 -0.00885363 0.999786 -0.0186801 0.121149 -0.00686543 0.0186196 0.999803 -0.501336 0 0 0 1 
36535719080235;0.336455;0.0480511;0.989448 -0.130583 -0.0627702 -0.196752 0.141272 0.965691 0.217906 -0.497954 0.0321616 -0.224475 0.973949 0.00655352 0 0 0 1 
36535719080236;0.526732;0.0506955;0.958529 -0.123815 0.256693 0.543676 0.0675524 0.973736 0.217426 -0.480275 -0.276872 -0.191069 0.941719 1.61073 0 0 0 1 
36535719080237;0.707625;0.502627;0.999569 -0.0290373 -0.00423205 0.0727505 0.028965 0.999448 -0.0162459 0.138104 0.00470145 0.0161163 0.999859 0.665282 0 0 0 1 
36535719080238;0.378354;0.0545569;0.980574 0.185331 -0.064245 0.342187 -0.169297 0.965062 0.199985 0.722738 0.0990639 -0.185224 0.97769 -0.226194 0 0 0 1 
36535719080239;0.260619;0.0462597;0.999319 -0.0269945 0.0251573 0.404921 0.0268163 0.999613 0.00739263 -0.144638 -0.0253471 -0.00671297 0.999656 0.330857 0 0 0 1 
36535719080240;0.347346;0.0515674;0.997257 0.0131207 0.0728415 -0.0749839 0.0152497 0.92662 -0.37569 0.355899 -0.0724257 0.37577 0.923878 -0.368773 0 0 0 1 
36535719080241;0.461675;0.0420238;0.942692 0.149831 0.29813 -0.208014 -0.0716049 0.963534 -0.257828 -0.189391 -0.325889 0.221705 0.919045 0.653679 0 0 0 1 
36535719080242;0.184835;0.0514594;0.991059 0.111299 0.0735813 -0.187694 -0.112255 0.993639 0.00897315 0.0552014 -0.0721145 -0.0171528 0.997249 0.0775656 0 0 0 1 
36535719080243;0.50255;0.53882;0.999438 -0.0247355 0.0226445 -0.0597598 0.0258066 0.9985 -0.0482982 0.00827564 -0.0214158 0.0488554 0.998576 -0.296502 0 0 0 1 
36535719080244;0.3548;0.048983;0.918277 0.258654 0.299776 -0.255127 -0.276902 0.960704 0.0192915 0.625743 -0.283007 -0.100724 0.953814 1.09816 0 0 0 1 
36535719080245;0.421326;0.0481777;0.969595 0.122489 -0.211855 0.484978 -0.143769 0.985683 -0.0880893 0.55583 0.198032 0.115869 0.973323 -1.31862 0 0 0 1 
36535719080246;0.428678;0.0541969;0.966928 0.255041 -0.00200078 0.133335 -0.254049 0.962412 -0.0960323 1.10908 -0.0225666 0.0933646 0.995376 -0.556556 0 0 0 1 
36535719080248;0.279109;0.108574;0.999741 -0.0224953 -0.00352976 1.05083 0.0225058 0.999742 0.00294801 0.193941 0.00346253 -0.00302668 0.999989 -0.408064 0 0 0 1 
36535719080249;0.148582;0.191357;0.998595 -0.0526446 -0.00611843 0.233355 0.0526704 0.998603 0.00412607 -0.168319 0.00589267 -0.00444253 0.999973 -0.185485 0 0 0 1 
36535719080250;0.310686;0.153747;0.996515 -0.019406 0.0811204 0.126061 0.018717 0.999782 0.00924535 0.171841 -0.0812821 -0.00769481 0.996661 -0.715664 0 0 0 1 
36535719080251;0.298484;0.153573;0.999542 0.0200152 -0.0226761 -0.130416 -0.0185995 0.997964 0.0610085 0.573928 0.023851 -0.0605588 0.99788 0.142243 0 0 0 1 
36535719080252;0.364884;0.307678;0.97316 -0.181802 -0.141091 1.48119 0.18089 0.983313 -0.0193704 -0.766717 0.142258 -0.00667153 0.989807 -0.343044 0 0 0 1 
36535719080253;0.298099;0.356168;0.994749 -0.101616 -0.0121548 1.12069 0.100785 0.993327 -0.0560714 -0.345809 0.0177714 0.0545519 0.998353 -0.565405 0 0 0 1 
36535719080254;0.413793;0.373025;0.986595 -0.162823 -0.0108858 0.505713 0.156455 0.962755 -0.22051 0.0857679 0.0463845 0.215851 0.975324 -0.401326 0 0 0 1 
36535719080255;0.265645;0.160843;0.992844 -0.0926347 0.0753617 0.32942 0.109425 0.958435 -0.263495 -0.342806 -0.0478205 0.269856 0.961713 0.231251 0 0 0 1 
36535719080256;0.228269;0.137505;0.972443 0.233119 -0.00332916 0.155086 -0.233087 0.972424 0.00785134 0.481525 0.00506765 -0.006859 0.999964 -0.104716 0 0 0 1 
36535719080257;0.266234;0.220439;0.999699 -0.0245246 0.000761168 -0.0833046 0.0244877 0.999188 0.0319987 -0.24985 -0.00154531 -0.0319704 0.999488 -0.0637933 0 0 0 1 
36535719080258;0.327944;0.112711;0.997961 -0.0604711 -0.0204305 0.926637 0.0609056 0.997915 0.0213622 -0.696729 0.0190961 -0.022563 0.999563 0.504417 0 0 0 1 
36535719080259;0.241821;0.12387;0.987385 0.138136 -0.0773922 0.512034 -0.136773 0.990343 0.0226645 0.129115 0.0797756 -0.0117934 0.996743 -0.652581 0 0 0 1 
36535719080260;0.113181;0.121661;0.999915 0.000968722 -0.0129935 0.257037 0.000425946 0.994269 0.106906 0.0498827 0.0130226 -0.106902 0.994184 0.16913 0 0 0 1 
