#;prob_registration_l1 -r /home/probabilistic_point_clouds_registration/build/tester /home/point_clouds_registration_benchmark//devel/registration_pairs/hauptgebaude_local.txt /home/point_clouds_registration_benchmark//eth/hauptgebaude -s 0.2 -t 0.2 -p 0.3 -r 1000 -m 25 -i 40 
id;initial_error;final_error;transformation
3394309160000;0.248226;0.0236632;0.999259 -0.00407887 0.0382727 0.518245 0.00246869 0.999114 0.0420245 -0.057173 -0.0384102 -0.0418988 0.998383 0.00677748 0 0 0 1 
3394309160001;0.28369;0.0181978;0.993172 0.113794 -0.0256933 -0.40889 -0.112039 0.991787 0.0616995 0.829852 0.0325033 -0.0583996 0.997764 -0.612947 0 0 0 1 
3394309160002;0.278932;0.0248059;0.976968 -0.00739724 0.213256 -0.145634 0.00491939 0.999914 0.0121474 -0.0910024 -0.213327 -0.0108186 0.976921 0.76198 0 0 0 1 
3394309160003;0.0682056;0.0187917;0.995293 -0.0925352 0.0287841 0.0307675 0.092946 0.995583 -0.0132716 -0.609017 -0.0274289 0.0158845 0.999498 0.220112 0 0 0 1 
3394309160004;0.286924;0.0228742;0.999078 0.0386396 -0.0187116 0.539283 -0.0384148 0.999187 0.0122266 0.724334 0.0191689 -0.0114966 0.99975 -0.265306 0 0 0 1 
3394309160005;0.492031;0.0245512;0.907057 0.382364 0.1762 -0.26708 -0.407727 0.902101 0.141321 2.5622 -0.104914 -0.200027 0.974157 0.351478 0 0 0 1 
3394309160006;0.393899;0.022072;0.987936 0.0223803 0.15324 -0.25501 -0.0238589 0.999685 0.00781658 0.528398 -0.153017 -0.0113784 0.988158 1.93754 0 0 0 1 
3394309160007;0.411602;0.0182044;0.883901 -0.338696 0.322496 0.373936 0.344651 0.937863 0.0403522 -2.10047 -0.316125 0.0754812 0.94571 1.45349 0 0 0 1 
3394309160008;0.42721;0.0217673;0.954139 -0.296985 -0.0376554 0.477205 0.297703 0.95454 0.0150194 -1.90669 0.0314831 -0.0255407 0.999178 0.725397 0 0 0 1 
3394309160009;0.395375;0.0200796;0.97798 -0.201736 -0.0534611 0.421556 0.196659 0.976558 -0.0875218 -1.48165 0.0698642 0.075081 0.994727 0.455616 0 0 0 1 
3394309160010;0.216746;0.0175017;0.991912 -0.00705773 -0.126731 -0.113264 -0.0148178 0.985187 -0.170843 0.470905 0.12606 0.171339 0.977114 -0.550298 0 0 0 1 
3394309160011;0.228138;0.797885;0.949459 -0.221188 -0.22272 2.54788 0.244295 0.966241 0.0818395 -1.74786 0.197099 -0.132113 0.971441 -1.06852 0 0 0 1 
3394309160012;0.324315;0.828007;0.943807 -0.32844 -0.0368301 1.90751 0.330064 0.930983 0.155979 -2.34122 -0.0169414 -0.15937 0.987074 -0.139252 0 0 0 1 
3394309160013;0.268523;0.0222984;0.997818 0.0591702 -0.0292897 0.610128 -0.0592434 0.998242 -0.00163719 0.0840556 0.0291413 0.00336884 0.99957 -0.396082 0 0 0 1 
3394309160014;0.217364;0.0200232;0.999801 0.0165112 0.0112113 -0.0151839 -0.0184907 0.977736 0.209023 -0.3367 -0.00751049 -0.209189 0.977846 0.328732 0 0 0 1 
3394309160015;0.198549;0.0254123;0.972176 0.106477 0.208655 -0.28154 -0.101921 0.994262 -0.032496 0.704727 -0.210918 0.0103255 0.977449 1.495 0 0 0 1 
3394309160016;0.362241;0.022094;0.887955 -0.222158 0.402717 0.519509 0.218487 0.974249 0.0556988 -1.68344 -0.404721 0.0385303 0.913628 3.21878 0 0 0 1 
3394309160017;0.403444;0.0220664;0.924484 -0.273771 0.265291 -0.491205 0.266097 0.961739 0.0651876 -1.27761 -0.272987 0.0103283 0.961962 1.83787 0 0 0 1 
3394309160018;0.415951;0.027464;0.959121 0.266903 0.0940682 -0.664998 -0.271524 0.961596 0.0401004 1.93413 -0.0797527 -0.0640029 0.994758 0.431039 0 0 0 1 
3394309160019;0.389264;0.0261682;0.96738 0.253108 -0.0106346 0.0415706 -0.253054 0.967432 0.00618066 1.29688 0.0118527 -0.0032879 0.999924 -0.804375 0 0 0 1 
3394309160020;0.355901;0.0176876;0.944025 -0.159983 -0.288484 0.840972 0.0658141 0.948287 -0.310517 0.00315854 0.323243 0.274149 0.905735 -1.64316 0 0 0 1 
3394309160021;0.307009;0.0153152;0.991397 -0.119814 -0.0526862 0.632665 0.128721 0.965432 0.226655 -1.12505 0.0237086 -0.231487 0.972549 -0.270496 0 0 0 1 
3394309160022;0.159878;0.0249592;0.979298 -0.0370808 0.198999 -0.285724 0.0521609 0.996106 -0.0710787 -0.270553 -0.195589 0.0799872 0.977419 1.30456 0 0 0 1 
3394309160023;0.179015;0.0194216;0.99532 -0.044243 0.0859079 -0.177397 0.0460283 0.998761 -0.0189119 -0.338019 -0.0849647 0.0227776 0.996124 0.165406 0 0 0 1 
3394309160024;0.448507;0.826638;0.900689 -0.432596 0.0402621 2.56567 0.43101 0.901345 0.0425121 -2.74892 -0.0546806 -0.0209368 0.998284 1.14645 0 0 0 1 
3394309160025;0.259237;0.0250681;0.987177 0.15959 -0.00342146 -0.122069 -0.159268 0.986169 0.0458743 1.02296 0.0106952 -0.0447411 0.998941 -0.566776 0 0 0 1 
3394309160026;0.300277;0.0210605;0.994557 0.0812531 0.0652218 0.325474 -0.0775404 0.995326 -0.0575719 -0.0686191 -0.0695948 0.0522013 0.996209 0.79213 0 0 0 1 
3394309160027;0.421694;0.745453;0.956053 -0.226657 -0.185984 2.36847 0.264055 0.941325 0.210195 -2.62469 0.127429 -0.250068 0.959806 -0.276683 0 0 0 1 
3394309160028;0.443835;0.0218517;0.924986 0.106484 0.364776 -0.106347 0.00559514 0.956015 -0.293263 0.790096 -0.37996 0.273305 0.883705 2.34494 0 0 0 1 
3394309160029;0.512116;0.0211154;0.998863 -0.0235636 0.0414425 0.260862 0.0365807 0.936289 -0.349322 0.470371 -0.0305709 0.35044 0.936086 -0.612252 0 0 0 1 
3394309160031;0.426851;0.0244739;0.962273 -0.206868 -0.17674 0.223123 0.228401 0.967159 0.111519 -0.711179 0.147866 -0.14768 0.977919 -0.911926 0 0 0 1 
3394309160032;0.353703;0.0296066;0.916029 -0.381825 -0.122886 0.00916108 0.38507 0.922883 0.0028916 -0.0567189 0.112305 -0.0499685 0.992417 -0.165619 0 0 0 1 
3394309160033;0.139215;0.0191399;0.993911 -0.0276487 -0.106663 0.0367586 0.0227701 0.99865 -0.0466885 -0.186645 0.107809 0.0439754 0.993199 0.140728 0 0 0 1 
3394309160034;0.389775;0.0293535;0.928977 0.368883 -0.0304433 -0.305072 -0.366586 0.928313 0.0620439 0.352824 0.0511479 -0.0464773 0.997609 -0.525906 0 0 0 1 
3394309160035;0.19696;0.022629;0.977382 0.170447 -0.125186 0.0477478 -0.184524 0.976532 -0.111068 0.440876 0.103317 0.131656 0.985897 -0.0630789 0 0 0 1 
3394309160036;0.370886;0.0274019;0.937057 -0.346742 -0.0411576 -0.259307 0.347073 0.912002 0.218614 -0.466242 -0.0382668 -0.219138 0.974943 0.383979 0 0 0 1 
3394309160037;0.384635;0.0220199;0.911622 -0.253458 0.32358 -0.261054 0.188946 0.957547 0.217721 -0.799679 -0.365026 -0.13734 0.920811 0.0978733 0 0 0 1 
3394309160038;0.368064;0.0245909;0.950025 0.311785 -0.0155772 -0.622941 -0.311886 0.945825 -0.0902349 0.615628 -0.0134006 0.0905837 0.995799 -0.00378428 0 0 0 1 
3394309160039;0.0746977;0.0165068;0.999558 0.00310415 0.0295701 -0.120884 -0.00332144 0.999968 0.00730189 -0.0429546 -0.0295464 -0.00739687 0.999536 -0.101076 0 0 0 1 
3394309160040;0.279481;0.0221419;0.928203 -0.330911 0.170109 0.0985521 0.312338 0.941433 0.127078 -0.567087 -0.202197 -0.0648226 0.977197 0.409984 0 0 0 1 
3394309160041;0.389623;0.0204369;0.893095 -0.449433 -0.0197747 0.600784 0.449532 0.889871 0.0777885 -0.660223 -0.0173638 -0.0783619 0.996774 -0.0355316 0 0 0 1 
3394309160042;0.283783;0.020044;0.985675 -0.168574 0.00518203 -0.460912 0.168574 0.985689 0.000373869 -0.111098 -0.00517089 0.000505043 0.999987 -0.341801 0 0 0 1 
3394309160043;0.314339;0.0162119;0.998415 0.0562014 0.00297046 0.196706 -0.0557338 0.980015 0.190954 -0.0755942 0.00782081 -0.190817 0.981594 0.671611 0 0 0 1 
3394309160044;0.531805;0.026346;0.892186 0.429806 -0.138824 -0.534679 -0.414274 0.901162 0.127611 0.700565 0.179951 -0.0563414 0.982061 0.492241 0 0 0 1 
3394309160045;0.395186;0.437729;0.988283 0.0831118 0.128018 -0.310374 -0.0756202 0.995188 -0.0623164 -0.244181 -0.132581 0.0519054 0.989812 0.218701 0 0 0 1 
3394309160046;0.217132;0.0223947;0.989965 -0.141307 0.00131964 0.192111 0.141283 0.989902 0.0115226 -0.613933 -0.00293454 -0.0112205 0.999933 0.156258 0 0 0 1 
3394309160047;0.371665;0.0199125;0.975435 -0.153651 0.157856 -0.0833971 0.169081 0.981538 -0.0894102 0.0871069 -0.141204 0.113904 0.983406 -0.569226 0 0 0 1 
3394309160048;0.441321;0.0392191;0.896803 0.348349 0.272761 -0.445382 -0.29 0.928424 -0.232227 0.723419 -0.334134 0.129161 0.933634 0.851944 0 0 0 1 
3394309160049;0.529697;0.0166645;0.966116 -0.254821 -0.041064 -0.00582189 0.249915 0.883766 0.395602 -1.47277 -0.0645167 -0.39246 0.917504 0.241453 0 0 0 1 
3394309160050;0.242722;0.0197848;0.983629 -0.125004 0.129797 -0.0279407 0.125733 0.992061 0.00259765 -0.212968 -0.129091 0.0137646 0.991537 0.695841 0 0 0 1 
3394309160051;0.288745;0.0276333;0.976817 -0.0209402 0.213051 -0.239336 -0.00191969 0.994308 0.106529 -0.096191 -0.214069 -0.104469 0.971216 0.894338 0 0 0 1 
3394309160052;0.346607;0.027023;0.995935 0.0885813 0.0163452 0.0415709 -0.0887765 0.995984 0.0116277 -0.00270035 -0.0152496 -0.0130315 0.999799 -0.78108 0 0 0 1 
3394309160053;0.177457;0.0230034;0.992754 -0.00718813 0.119948 -0.350055 0.00714375 0.999974 0.000799985 -0.211688 -0.119951 6.269e-05 0.99278 0.41183 0 0 0 1 
3394309160054;0.393365;0.0162176;0.997569 -0.0381857 -0.0582985 0.652289 0.047997 0.982958 0.177456 -0.698983 0.0505287 -0.179823 0.9824 0.439819 0 0 0 1 
3394309160055;0.395101;0.0219007;0.998273 -0.0570148 0.0141386 0.70926 0.0579479 0.995268 -0.0780027 0.175845 -0.00962437 0.0786874 0.996853 -0.53055 0 0 0 1 
3394309160056;0.394726;0.0203171;0.98533 0.170001 0.0149613 -0.613282 -0.170264 0.973312 0.153866 0.421328 0.0115953 -0.154156 0.987978 -0.466184 0 0 0 1 
3394309160057;0.649395;0.0246872;0.929721 0.361872 0.0683203 -1.00389 -0.327709 0.897608 -0.2948 1.35379 -0.168005 0.251693 0.953113 0.53037 0 0 0 1 
3394309160058;0.444142;0.0310244;0.974554 0.223818 0.0122531 -0.385439 -0.222926 0.973481 -0.0513609 0.637793 -0.0234236 0.0473224 0.998605 0.885139 0 0 0 1 
3394309160059;0.406193;0.440323;0.982729 -0.00404254 0.185007 0.429046 0.00627364 0.999914 -0.0114757 -0.71884 -0.184945 0.0124382 0.98267 0.740647 0 0 0 1 
3394309160060;0.43448;0.0313174;0.907096 0.420262 -0.0235894 0.0433373 -0.418349 0.893942 -0.160785 0.794973 -0.0464845 0.155716 0.986707 -0.444094 0 0 0 1 
3394309160062;0.235158;0.0237068;0.950267 -0.266258 0.161552 0.493643 0.281036 0.956651 -0.0764051 -6.14948 -0.134205 0.118007 0.983902 3.02421 0 0 0 1 
3394309160063;0.42419;0.0448863;0.977803 0.209301 -0.0096991 0.697405 -0.20899 0.977566 0.0262273 4.32855 0.0149709 -0.0236181 0.999609 0.676226 0 0 0 1 
3394309160064;0.439802;1.55629;0.888459 0.418303 0.188848 -1.90631 -0.422261 0.906237 -0.0207582 9.35512 -0.179824 -0.0613002 0.981787 3.6692 0 0 0 1 
3394309160065;0.350677;0.0587107;0.98807 0.0769425 0.133406 0.168688 -0.0800156 0.996634 0.0178217 1.21982 -0.131585 -0.0282836 0.990901 2.21517 0 0 0 1 
3394309160066;0.242534;0.0363782;0.999462 0.00967151 -0.0313332 -0.210959 -0.0160255 0.977699 -0.209397 0.163278 0.0286092 0.209787 0.977328 -0.0626994 0 0 0 1 
3394309160067;0.392633;0.253547;0.982402 0.114867 0.147281 -0.318521 -0.107042 0.992441 -0.0600221 2.45791 -0.153062 0.0432005 0.987272 2.83508 0 0 0 1 
3394309160068;0.328762;0.046782;0.989731 0.141664 0.0190915 0.152518 -0.142933 0.982511 0.119342 3.61921 -0.00185113 -0.120845 0.99267 -0.401709 0 0 0 1 
3394309160069;0.0998438;0.0384397;0.999848 0.0155715 -0.00783704 0.198014 -0.0155551 0.999877 0.0021498 0.38556 0.00786955 -0.00202756 0.999967 -0.219909 0 0 0 1 
3394309160070;0.429464;0.0534774;0.918842 0.284026 0.273969 1.31846 -0.345213 0.914887 0.209306 7.44533 -0.191203 -0.286897 0.938686 4.2595 0 0 0 1 
3394309160071;0.0989399;0.0420372;0.998658 0.0506053 -0.0110171 0.00465521 -0.0504978 0.998676 0.00982553 1.09563 0.0114997 -0.00925601 0.999891 -0.420019 0 0 0 1 
3394309160072;0.334886;0.0221203;0.938522 -0.344669 -0.0194985 1.08409 0.340878 0.916308 0.210196 -7.8836 -0.0545815 -0.20392 0.977465 0.801565 0 0 0 1 
3394309160073;0.372916;0.0212292;0.989173 -0.146712 0.00362166 0.873774 0.146688 0.989164 0.00613544 -3.27512 -0.00448256 -0.00553776 0.999975 0.483398 0 0 0 1 
3394309160074;0.236373;0.0243158;0.983103 -0.178583 -0.0402086 0.330668 0.181163 0.980673 0.0738933 -4.08605 0.0262355 -0.0799291 0.996455 -1.03041 0 0 0 1 
3394309160075;0.259352;0.03263;0.979832 0.0734609 -0.185827 0.686166 -0.119654 0.96051 -0.251204 2.89011 0.160035 0.268372 0.949929 -3.20409 0 0 0 1 
3394309160076;0.21267;0.0321768;0.97471 0.170307 0.144696 0.420557 -0.157246 0.982741 -0.0974326 3.73109 -0.158792 0.0722156 0.984667 3.69343 0 0 0 1 
3394309160077;0.259302;0.0458611;0.990423 0.131254 -0.0428355 0.156649 -0.136295 0.979012 -0.151521 3.10168 0.0220487 0.155908 0.987525 0.296682 0 0 0 1 
3394309160078;0.466153;0.0248276;0.883484 -0.42158 0.204268 1.73683 0.442247 0.894398 -0.0668615 -9.33311 -0.154509 0.149408 0.976629 4.28428 0 0 0 1 
3394309160079;0.423773;0.0197964;0.966196 -0.160579 0.201693 -0.285425 0.184835 0.976849 -0.107714 -3.85213 -0.179727 0.141353 0.973508 3.42782 0 0 0 1 
3394309160080;0.255153;0.0451998;0.992512 0.00369165 0.122094 0.0269744 0.0139867 0.989534 -0.143619 -0.0816151 -0.121346 0.144251 0.982073 2.35843 0 0 0 1 
3394309160081;0.296072;0.0286599;0.997068 -0.0690682 0.032936 0.302283 0.0690813 0.997611 0.000743184 -0.856182 -0.0329086 0.00153425 0.999457 0.656833 0 0 0 1 
3394309160082;0.355531;0.0254543;0.90618 -0.415387 -0.079314 1.85833 0.410718 0.909154 -0.0689196 -8.89013 0.100737 0.0298778 0.994464 -2.15238 0 0 0 1 
3394309160083;0.180325;0.0171608;0.997366 -0.0721884 -0.00712599 -0.0290945 0.0721891 0.97811 0.195163 -1.94702 -0.00711853 -0.195164 0.980745 0.0861374 0 0 0 1 
3394309160084;0.188147;0.0235922;0.997799 -0.0313662 -0.0584268 -0.0975488 0.0305789 0.99943 -0.0143198 -0.44161 0.0588426 0.0125016 0.998189 -1.58633 0 0 0 1 
3394309160085;0.149775;0.0390492;0.997197 0.00606642 0.0745739 -0.161264 -0.0186181 0.985476 0.168794 0.118724 -0.0724668 -0.169709 0.982826 1.43377 0 0 0 1 
3394309160086;0.360181;0.0251882;0.976533 0.0318396 -0.213003 1.28657 -0.0481965 0.996236 -0.0720442 1.22694 0.209908 0.0806195 0.974392 -3.66078 0 0 0 1 
3394309160087;0.069233;0.0240745;0.996722 -0.0791557 -0.0166925 0.073251 0.0794426 0.996689 0.0172914 -1.75013 0.0152686 -0.0185609 0.999711 -0.311087 0 0 0 1 
3394309160088;0.334175;0.0191427;0.956837 -0.245538 0.155479 -0.23945 0.221607 0.962534 0.156266 -5.01145 -0.188023 -0.115066 0.975401 3.72153 0 0 0 1 
3394309160089;0.384231;0.0232196;0.967144 -0.217716 0.131273 0.120561 0.20508 0.973281 0.103276 -4.91555 -0.150251 -0.0729617 0.985952 2.45184 0 0 0 1 
3394309160090;0.357505;0.0205835;0.947748 -0.296667 0.117314 0.733131 0.312793 0.936441 -0.158869 -6.25508 -0.0627263 0.187263 0.980305 1.96613 0 0 0 1 
3394309160091;0.460987;0.058578;0.973867 0.220304 0.0552226 0.254178 -0.222909 0.97373 0.0464885 3.91581 -0.0435303 -0.0575833 0.997391 0.528434 0 0 0 1 
3394309160093;0.186714;0.0531304;0.980919 -0.0797095 -0.177323 0.457173 0.0847826 0.996174 0.0212066 -1.45658 0.174954 -0.0358359 0.983924 -3.42791 0 0 0 1 
3394309160094;0.310812;0.0646756;0.985288 -0.134408 0.105557 0.311865 0.134658 0.990881 0.00478194 -1.77134 -0.105237 0.00950258 0.994402 2.00602 0 0 0 1 
3394309160095;0.222858;0.0568315;0.998461 -0.0404538 -0.0379314 0.186561 0.0398467 0.999067 -0.0166264 -0.772396 0.0385687 0.0150893 0.999142 -0.146477 0 0 0 1 
3394309160096;0.38163;0.0594985;0.995354 -0.0802996 -0.0531331 0.213662 0.0857341 0.990287 0.109462 -1.80793 0.0438273 -0.113509 0.99257 0.0142436 0 0 0 1 
3394309160097;0.257713;0.066011;0.99984 0.00332492 -0.0175753 -0.171245 -0.00311379 0.999923 0.0120271 0.0989227 0.017614 -0.0119704 0.999773 0.399879 0 0 0 1 
3394309160098;0.436886;0.88813;0.887496 0.446972 0.112106 -0.24963 -0.412959 0.879388 -0.236942 8.00356 -0.204491 0.16399 0.965034 3.83629 0 0 0 1 
3394309160099;0.352112;0.0741097;0.991189 0.0939762 0.093346 0.522978 -0.0756974 0.980191 -0.18302 1.95394 -0.108696 0.174342 0.978668 1.79602 0 0 0 1 
3394309160100;0.383134;0.0563384;0.996226 -0.0213401 -0.084134 0.261547 0.0269174 0.997475 0.065724 -0.406739 0.082519 -0.0677406 0.994285 -0.563612 0 0 0 1 
3394309160101;0.349174;0.0682212;0.999818 0.00193836 0.0189995 -0.0594379 0.00224075 0.976059 -0.217495 0.69357 -0.0189663 0.217498 0.975877 1.38371 0 0 0 1 
3394309160102;0.328612;0.0587719;0.990032 0.0925632 -0.106156 0.238503 -0.0793046 0.989238 0.122961 1.41697 0.116395 -0.113317 0.986718 -1.39582 0 0 0 1 
3394309160103;0.353684;0.0568571;0.997771 -0.0102534 0.0659343 -0.912168 0.00674837 0.998563 0.0531643 -0.252528 -0.0663847 -0.0526009 0.996407 1.69667 0 0 0 1 
3394309160104;0.220681;0.0586864;0.979142 -0.147135 0.140111 -0.383873 0.141448 0.988694 0.0497722 -2.18395 -0.14585 -0.0289155 0.988884 2.58438 0 0 0 1 
3394309160105;0.408456;0.748104;0.927336 0.362326 0.0936377 -0.467565 -0.369437 0.926256 0.0746055 6.91814 -0.0597011 -0.103778 0.992807 1.54914 0 0 0 1 
3394309160106;0.441483;0.0564361;0.893707 -0.424696 0.144642 1.45517 0.37586 0.884773 0.275509 -7.27992 -0.244983 -0.191859 0.950354 4.70677 0 0 0 1 
3394309160107;0.532391;0.0600017;0.913971 -0.375053 -0.154895 2.04336 0.359732 0.925518 -0.118362 -6.33963 0.18775 0.0524591 0.980815 -3.80064 0 0 0 1 
3394309160108;0.223867;0.0644297;0.999992 0.00394058 0.00030691 -0.231284 -0.00394317 0.999952 0.00894677 0.0457991 -0.00027164 -0.00894791 0.99996 0.611624 0 0 0 1 
3394309160109;0.0784344;0.0531573;0.994227 -0.10717 -0.0051577 -0.117833 0.107257 0.993995 0.0216944 -1.93368 0.00280174 -0.0221224 0.999751 -0.0505864 0 0 0 1 
3394309160110;0.305364;0.0637916;0.984435 -0.166423 0.0564838 -0.373326 0.174051 0.967752 -0.182103 -2.9581 -0.0243562 0.1891 0.981656 1.39639 0 0 0 1 
3394309160111;0.289575;0.947533;0.94601 0.250683 0.205484 -1.00778 -0.233469 0.96673 -0.104528 4.40472 -0.224851 0.0509105 0.973062 4.39458 0 0 0 1 
3394309160112;0.386373;0.0542101;0.966412 -0.253003 0.0451443 0.121578 0.252599 0.967462 0.0145243 -4.65533 -0.04735 -0.002633 0.998875 1.73049 0 0 0 1 
3394309160113;0.347639;0.0605765;0.999399 0.0346572 0.000846815 -0.226386 -0.0346587 0.999398 0.00177183 0.947202 -0.000784898 -0.00180011 0.999998 0.930218 0 0 0 1 
3394309160114;0.578959;0.815074;0.886729 0.378451 0.265495 -1.04972 -0.374945 0.924706 -0.065845 6.53756 -0.270424 -0.0411592 0.961861 4.78737 0 0 0 1 
3394309160115;0.373208;0.0709233;0.996206 -0.0142688 0.085849 -0.437913 0.0216734 0.996064 -0.0859479 -0.210494 -0.0842847 0.0874824 0.992594 0.785371 0 0 0 1 
3394309160116;0.177223;0.0623363;0.999547 -0.0298205 -0.00398451 0.173753 0.0297869 0.999522 -0.00823708 -0.148202 0.00422824 0.00811467 0.999958 -0.12329 0 0 0 1 
3394309160117;0.448363;0.0617008;0.97755 -0.205806 -0.0451713 0.212968 0.185313 0.941783 -0.280542 -2.60172 0.100279 0.265873 0.958778 -2.18025 0 0 0 1 
3394309160118;0.307421;0.0774333;0.955038 0.187202 0.229908 0.452195 -0.132469 0.963173 -0.233985 2.92328 -0.265244 0.193009 0.944666 4.96145 0 0 0 1 
3394309160119;0.336676;0.05816;0.930581 -0.359395 -0.069666 0.949023 0.360519 0.932744 0.00385657 -6.38655 0.0635945 -0.0287048 0.997563 -0.71457 0 0 0 1 
3394309160120;0.390228;0.0590879;0.878823 -0.446385 0.168554 1.36628 0.460799 0.885671 -0.0570192 -8.10798 -0.123831 0.127779 0.984042 2.79998 0 0 0 1 
3394309160121;0.364275;0.0670722;0.933239 -0.109063 0.342302 0.222595 0.18015 0.966422 -0.183236 -2.54395 -0.310824 0.232668 0.92155 6.03131 0 0 0 1 
3394309160122;0.150012;0.0757137;0.98263 0.181142 -0.0403294 0.582421 -0.182111 0.983036 -0.0217946 3.26666 0.0356974 0.0287604 0.998949 -0.531202 0 0 0 1 
3394309160124;0.265891;0.0336461;0.970354 -0.229776 0.0749394 -0.107779 0.231698 0.972623 -0.0179299 -5.75801 -0.0687678 0.0347617 0.997027 1.4928 0 0 0 1 
3394309160125;0.0924407;0.0517423;0.991076 0.022213 0.131436 -0.00874317 -0.0310395 0.99737 0.0654915 0.677243 -0.129635 -0.0689867 0.989159 2.91129 0 0 0 1 
3394309160126;0.454214;0.0536755;0.919058 0.297718 -0.258257 3.12541 -0.299045 0.953594 0.0350891 7.49726 0.256719 0.0449816 0.965439 -5.7577 0 0 0 1 
3394309160127;0.391085;0.0645289;0.9177 0.393641 -0.053607 2.09531 -0.379467 0.908495 0.175049 8.85413 0.117608 -0.1403 0.983099 -3.07809 0 0 0 1 
3394309160128;0.398984;0.0625532;0.939953 0.339365 0.0363166 1.22394 -0.33032 0.931317 -0.153417 8.18002 -0.0858866 0.132208 0.987494 2.10752 0 0 0 1 
3394309160129;0.0588853;0.0406485;0.999986 -0.00504805 0.00183974 -0.15578 0.00503479 0.999962 0.00714568 -0.195607 -0.00187574 -0.00713631 0.999973 0.195391 0 0 0 1 
3394309160130;0.354684;0.450976;0.984124 -0.129052 0.121843 0.266114 0.126772 0.991583 0.0263215 -3.88626 -0.124214 -0.0104574 0.9922 3.02708 0 0 0 1 
3394309160131;0.385569;0.0613912;0.885401 0.459983 0.0669316 2.96307 -0.4602 0.887719 -0.0130545 10.7643 -0.0654213 -0.0192434 0.997672 1.56929 0 0 0 1 
3394309160132;0.356548;0.0397758;0.904653 -0.42235 0.05677 1.72055 0.426146 0.896134 -0.12387 -9.94953 0.00144314 0.136252 0.990673 0.160233 0 0 0 1 
3394309160133;0.361702;0.0395683;0.94905 -0.1858 -0.254524 1.49314 0.25401 0.929062 0.26893 -6.19546 0.186502 -0.319879 0.928921 -4.66547 0 0 0 1 
3394309160134;0.414145;0.0486719;0.976219 -0.21505 0.0273991 0.982151 0.216432 0.974038 -0.0663916 -4.72218 -0.0124103 0.0707428 0.997417 0.409765 0 0 0 1 
3394309160135;0.292331;0.0373943;0.999363 0.0052686 -0.0352984 0.0298088 -0.00187194 0.99542 0.0955773 -0.405676 0.0356403 -0.0954503 0.994796 -1.53187 0 0 0 1 
3394309160136;0.443471;0.0538489;0.970341 0.241472 -0.0113891 0.874005 -0.241257 0.970303 0.0174934 5.90045 0.0152751 -0.0142268 0.999782 -1.19567 0 0 0 1 
3394309160137;0.250953;0.0379644;0.981529 -0.183155 -0.0552679 0.313799 0.188243 0.976143 0.108208 -4.54331 0.0341305 -0.116613 0.992591 -1.31378 0 0 0 1 
3394309160138;0.370395;0.0399948;0.92686 -0.269689 -0.261147 1.78112 0.248815 0.962216 -0.110596 -5.38294 0.281106 0.0375302 0.958943 -6 0 0 0 1 
3394309160139;0.0858104;0.0502843;0.997828 0.0656332 -0.00569575 0.0480646 -0.0649434 0.994487 0.082333 1.35522 0.0110681 -0.0817842 0.996589 -0.380974 0 0 0 1 
3394309160140;0.322515;0.0417691;0.904042 -0.0535753 -0.424073 2.89177 0.0581215 0.998307 -0.00221738 -1.39485 0.423473 -0.0226431 0.905626 -9.9622 0 0 0 1 
3394309160141;0.361297;0.0524047;0.941242 0.337539 0.0114396 1.21817 -0.337715 0.941 0.0216199 8.04558 -0.00346716 -0.0242129 0.999701 -0.0101006 0 0 0 1 
3394309160142;0.193657;0.0606922;0.966438 0.0162827 0.256383 0.186411 -0.0278456 0.998749 0.0415341 0.614892 -0.255386 -0.0472793 0.965682 6.08984 0 0 0 1 
3394309160143;0.448915;0.052831;0.973403 0.228909 -0.00939964 -0.00362353 -0.228478 0.972962 0.0338067 5.00334 0.0168841 -0.0307599 0.999384 -0.738757 0 0 0 1 
3394309160144;0.382267;0.0468511;0.92665 -0.340645 -0.158999 0.938655 0.327387 0.939146 -0.104033 -8.09886 0.184762 0.0443482 0.981782 -4.44396 0 0 0 1 
3394309160145;0.390824;0.0530165;0.910334 0.120913 -0.395817 2.77065 -0.208496 0.960131 -0.186219 5.18414 0.35752 0.252048 0.89925 -8.25321 0 0 0 1 
3394309160146;0.519843;0.0661671;0.987446 0.0456791 0.15121 0.0560783 -0.0810509 0.968169 0.236811 1.6687 -0.13558 -0.246094 0.959717 4.07576 0 0 0 1 
3394309160147;0.314525;0.0443627;0.95348 -0.193534 -0.23113 0.655423 0.235404 0.956945 0.169827 -5.56417 0.188311 -0.216336 0.957986 -4.26648 0 0 0 1 
3394309160148;0.159477;0.0547838;0.996152 0.00242213 0.0876116 0.112528 -0.0118082 0.994213 0.106774 -0.0456642 -0.086846 -0.107398 0.990416 1.90424 0 0 0 1 
3394309160149;0.32406;0.431086;0.997431 -0.070898 0.010202 0.223408 0.0705892 0.997113 0.0279759 -0.771601 -0.012156 -0.0271838 0.999557 0.434652 0 0 0 1 
3394309160150;0.0510986;0.0631855;0.9986 0.048896 0.0201901 -0.102163 -0.0491008 0.998746 0.00977463 1.15234 -0.0196869 -0.0107523 0.999748 0.518219 0 0 0 1 
3394309160151;0.610087;0.0456005;0.925815 -0.346784 -0.150359 2.53897 0.334185 0.936857 -0.103046 -7.43455 0.1766 0.0451539 0.983246 -3.8032 0 0 0 1 
3394309160152;0.362678;0.0745091;0.92499 0.282474 -0.254168 2.50802 -0.307526 0.949381 -0.0640651 7.37518 0.223206 0.137423 0.965036 -5.31199 0 0 0 1 
3394309160153;0.287468;0.0452142;0.956839 0.283265 -0.0649619 1.24106 -0.262174 0.937794 0.22761 5.72534 0.125395 -0.200755 0.971583 -2.9389 0 0 0 1 
3394309160155;0.447786;0.0932652;0.966922 -0.242716 -0.0784214 0.360646 0.252907 0.872332 0.418419 -3.17141 -0.0331475 -0.424412 0.904862 0.194432 0 0 0 1 
3394309160156;0.233355;0.0539554;0.927724 0.0683888 -0.366948 1.12315 -0.0590465 0.997583 0.0366392 0.524372 0.368567 -0.0123241 0.92952 -3.1796 0 0 0 1 
3394309160157;0.264959;0.218889;0.978543 0.0334773 0.203306 -0.574205 -0.0790464 0.972207 0.220374 0.318367 -0.190278 -0.231716 0.953993 1.36154 0 0 0 1 
3394309160158;0.276214;0.0638901;0.985617 -0.165671 0.033348 -0.00486292 0.16583 0.986152 -0.00204056 -1.68966 -0.0325481 0.00754132 0.999442 -0.185706 0 0 0 1 
3394309160159;0.327677;0.0878815;0.999483 0.0282707 0.0153237 -0.382277 -0.0292385 0.997316 0.0671234 0.187463 -0.013385 -0.0675367 0.997627 1.00181 0 0 0 1 
3394309160160;0.133668;0.125854;0.986372 -0.00360724 0.164492 -0.482538 0.013768 0.998063 -0.060672 1.29946e-05 -0.163955 0.0621098 0.984511 1.58855 0 0 0 1 
3394309160161;0.30505;0.968505;0.948672 0.315552 -0.0211519 -2.20112 -0.315003 0.948743 0.0256877 3.06119 0.0281735 -0.0177064 0.999446 0.0907573 0 0 0 1 
3394309160162;0.0502853;0.070785;0.999915 -0.012783 -0.00262027 -0.0584486 0.0127752 0.999914 -0.00296574 -0.17108 0.00265796 0.00293201 0.999992 0.118499 0 0 0 1 
3394309160163;0.250016;0.0756762;0.994313 -0.0771216 -0.0734483 -0.0360718 0.0934525 0.962571 0.25441 -1.29579 0.0510787 -0.259827 0.964303 -0.220605 0 0 0 1 
3394309160164;0.523579;1.03659;0.90362 0.426177 -0.0429493 -2.50293 -0.426504 0.904484 0.00170222 3.73418 0.0395724 0.0167799 0.999076 0.0710935 0 0 0 1 
3394309160165;0.368871;1.0012;0.964368 0.262688 0.0314415 -2.30524 -0.245924 0.933892 -0.25955 2.53195 -0.0975436 0.242569 0.965218 1.70947 0 0 0 1 
3394309160166;0.306131;0.0537938;0.999424 -0.0142708 -0.0308043 0.0367653 0.01422 0.999897 -0.00186679 -0.127184 0.0308278 0.00142768 0.999524 -0.981185 0 0 0 1 
3394309160167;0.598213;0.0519381;0.8951 -0.143142 -0.422263 1.96334 0.218127 0.966577 0.134721 -2.82128 0.388865 -0.212696 0.896406 -2.88274 0 0 0 1 
3394309160168;0.1742;0.0780547;0.999401 0.0334734 -0.00874215 -0.18772 -0.0334774 0.999439 -0.000310891 0.290633 0.00872685 0.00060337 0.999962 0.454798 0 0 0 1 
3394309160169;0.457369;0.0476688;0.942783 -0.330466 0.0441818 0.130471 0.329152 0.943647 0.0344851 -3.91137 -0.0530882 -0.0179694 0.998428 1.06175 0 0 0 1 
3394309160170;0.210774;0.0776807;0.985444 -0.103675 0.134728 -0.369909 0.125335 0.978504 -0.163768 -0.947291 -0.114853 0.178271 0.977256 1.00284 0 0 0 1 
3394309160171;0.312176;0.0763492;0.978968 -0.2017 0.0306544 0.314012 0.185185 0.94157 0.28134 -2.03328 -0.0856094 -0.269746 0.959118 0.736901 0 0 0 1 
3394309160172;0.347442;0.0584037;0.991162 -0.0589109 -0.118855 0.0626324 0.0430637 0.990347 -0.13175 -0.382648 0.125469 0.125467 0.984132 -0.107798 0 0 0 1 
3394309160173;0.513361;0.08366;0.967286 -0.241066 0.0790223 0.620266 0.252676 0.887713 -0.384863 -1.4752 0.0226284 0.39224 0.919585 0.128292 0 0 0 1 
3394309160174;0.158617;0.0714475;0.997611 0.0470685 -0.0505579 -0.334792 -0.0528979 0.991248 -0.120951 0.617512 0.0444225 0.123336 0.99137 -0.0787711 0 0 0 1 
3394309160175;0.423765;0.0885167;0.985065 -0.0400215 -0.167468 0.928511 0.00359243 0.977178 -0.212394 0.475776 0.172147 0.20862 0.962727 -1.54797 0 0 0 1 
3394309160176;0.19621;0.0912818;0.995828 -0.0414335 0.0813014 -0.113349 0.0379925 0.998334 0.0434245 -0.107896 -0.0829651 -0.0401544 0.995743 0.46483 0 0 0 1 
3394309160177;0.557777;0.0724981;0.956313 0.176559 -0.233007 0.44594 -0.0756333 0.919315 0.386186 0.278708 0.282392 -0.351691 0.892507 -1.42866 0 0 0 1 
3394309160178;0.217629;0.0946399;0.999961 -0.00720703 -0.00501012 0.165121 0.00719207 0.99997 -0.00299779 -0.326265 0.00503157 0.00296164 0.999983 0.338861 0 0 0 1 
3394309160179;0.268847;0.0518325;0.958642 -0.284475 -0.00888024 -0.289846 0.284611 0.958307 0.025388 -2.91096 0.00128773 -0.0268655 0.999638 -0.0649777 0 0 0 1 
3394309160180;0.363436;0.0820717;0.997491 -0.00738539 0.070402 -0.222757 0.0116099 0.998144 -0.0597867 0.324671 -0.0698297 0.0604541 0.995725 1.62863 0 0 0 1 
3394309160181;0.481709;0.0562111;0.902158 -0.431173 -0.0141497 1.00379 0.431097 0.902269 -0.00815153 -3.99633 0.0162816 0.00125407 0.999867 0.670226 0 0 0 1 
3394309160182;0.293983;0.0549883;0.997996 -0.0490981 -0.0399136 -0.052827 0.0487901 0.998772 -0.00865642 -0.948867 0.0402896 0.00669169 0.999166 0.287935 0 0 0 1 
3394309160183;0.436918;0.0735005;0.972092 -0.234522 0.00611404 0.35383 0.223699 0.934453 0.277048 -3.01069 -0.0706871 -0.267949 0.960837 0.313251 0 0 0 1 
3394309160184;0.141133;0.069713;0.999775 -0.0103351 -0.0185101 -0.449926 0.00989827 0.999674 -0.0235359 -0.166378 0.0187473 0.0233474 0.999552 0.107776 0 0 0 1 
3394309160186;0.458534;0.0159493;0.914326 0.403676 -0.0324599 2.14561 -0.40475 0.913562 -0.039778 8.01386 0.0135967 0.0495082 0.998681 -0.913893 0 0 0 1 
3394309160187;0.388653;0.0330289;0.885488 -0.46465 0.00333019 1.85582 0.463575 0.882905 -0.0746793 -9.06341 0.0317595 0.0676715 0.997202 -0.308139 0 0 0 1 
3394309160188;0.269366;0.0367747;0.986415 -0.164272 5.12399e-05 0.254332 0.162104 0.973448 0.161623 -3.42317 -0.0265999 -0.159419 0.986853 0.828311 0 0 0 1 
3394309160189;0.483079;0.0290807;0.968537 -0.199998 -0.14811 1.04776 0.147959 0.941276 -0.303493 -2.0092 0.20011 0.27203 0.941252 -4.00775 0 0 0 1 
3394309160190;0.0786131;0.0106877;0.99799 0.061209 -0.0164382 0.139919 -0.061275 0.998115 -0.00353936 1.15483 0.0161906 0.0045395 0.999859 -0.43259 0 0 0 1 
3394309160191;0.461554;0.0297838;0.950107 -0.311416 -0.017789 0.857677 0.311755 0.949923 0.0213291 -6.86678 0.0102559 -0.0258108 0.999614 0.440653 0 0 0 1 
3394309160192;0.432023;0.0258507;0.987736 -0.0263236 -0.1539 1.16544 -0.0147367 0.965568 -0.259734 1.0874 0.155438 0.258817 0.953338 -2.41206 0 0 0 1 
3394309160193;0.353577;0.0149662;0.952238 0.305349 0.00232579 1.4997 -0.30519 0.951939 -0.0259046 5.97735 -0.010124 0.0239576 0.999662 -0.360158 0 0 0 1 
3394309160194;0.352735;0.0264022;0.951933 -0.222808 0.21019 0.410483 0.143924 0.931099 0.335174 -3.54312 -0.270387 -0.288811 0.918411 5.07041 0 0 0 1 
3394309160195;0.362433;0.0119957;0.900395 0.434484 0.0226413 2.34888 -0.433753 0.900497 -0.0310442 8.38921 -0.0338766 0.0181313 0.999262 0.490729 0 0 0 1 
3394309160196;0.182053;0.0295648;0.993165 -0.106112 0.0486096 0.0236021 0.0975156 0.983249 0.153987 -2.29775 -0.0641352 -0.148194 0.986876 0.881884 0 0 0 1 
3394309160197;0.398636;0.018548;0.919626 0.381055 -0.0953163 2.46801 -0.392538 0.900336 -0.187908 7.86502 0.0142133 0.210221 0.977551 0.544439 0 0 0 1 
3394309160198;0.114611;0.0267203;0.991481 -0.130142 -0.0052719 0.0955598 0.130136 0.991495 -0.00146759 -2.6546 0.00541806 0.000769022 0.999985 -0.027235 0 0 0 1 
3394309160199;0.260161;0.00944355;0.949086 0.314729 0.0134358 1.28278 -0.314022 0.948616 -0.0389572 6.23546 -0.0250064 0.0327546 0.999151 0.562884 0 0 0 1 
3394309160200;0.239388;0.0286014;0.999085 -0.0322179 -0.0281281 0.0564988 0.0326245 0.999368 0.0141163 -0.73079 0.0276555 -0.0150211 0.999505 0.0858553 0 0 0 1 
3394309160201;0.340496;0.016755;0.969054 -0.0738236 0.235553 0.638929 0.118695 0.976032 -0.182409 -1.68629 -0.216441 0.204723 0.95459 4.23078 0 0 0 1 
3394309160202;0.373558;0.0264301;0.985985 -0.0811321 0.145776 -0.617587 0.0817308 0.996653 0.0018876 -1.37819 -0.145441 0.0100532 0.989316 2.22047 0 0 0 1 
3394309160203;0.451354;0.0133099;0.91958 0.39007 0.047085 1.88113 -0.354078 0.874683 -0.330997 7.47788 -0.170296 0.287706 0.942457 3.53833 0 0 0 1 
3394309160204;0.469117;0.0124364;0.872902 0.487862 -0.00574676 2.94037 -0.487855 0.872921 0.00261865 9.46648 0.00629401 0.000517762 0.99998 -0.655867 0 0 0 1 
3394309160205;0.327235;0.0288864;0.978714 -0.197492 -0.0558217 0.766301 0.200124 0.978677 0.0462724 -4.38983 0.045493 -0.0564587 0.997368 -1.27126 0 0 0 1 
3394309160206;0.165571;0.0232121;0.998312 -0.0109228 -0.0570362 -0.0621336 0.00399885 0.992751 -0.120125 0.181911 0.0579348 0.119694 0.991119 -0.664969 0 0 0 1 
3394309160207;0.420271;0.0137045;0.971057 0.106376 0.213853 0.502489 -0.11687 0.992458 0.0370049 2.13915 -0.208304 -0.060927 0.976165 5.02304 0 0 0 1 
3394309160208;0.487381;0.0300305;0.924283 0.309005 -0.224092 1.40946 -0.251484 0.934615 0.251497 4.17619 0.287153 -0.176098 0.941558 -5.31479 0 0 0 1 
3394309160209;0.287731;0.0169268;0.995834 0.070744 0.0575353 -0.0947981 -0.0782019 0.98708 0.139847 1.49261 -0.0468985 -0.143764 0.9885 0.124592 0 0 0 1 
3394309160210;0.372686;0.0299042;0.950445 -0.308453 0.0388639 0.715274 0.310872 0.944336 -0.107652 -5.76846 -0.00349506 0.114399 0.993429 0.849515 0 0 0 1 
3394309160211;0.423056;0.0313206;0.912375 -0.334792 -0.235554 1.91615 0.364463 0.926353 0.0950602 -7.24874 0.186381 -0.172582 0.967201 -3.23209 0 0 0 1 
3394309160212;0.468609;0.0326834;0.960522 -0.277455 0.0204253 1.19876 0.277803 0.960491 -0.0168069 -5.90648 -0.0149552 0.0218177 0.99965 0.933046 0 0 0 1 
3394309160213;0.266849;0.0284305;0.9788 -0.146806 0.142824 -0.25229 0.172274 0.96725 -0.186413 -3.01815 -0.11078 0.207066 0.972035 2.51422 0 0 0 1 
3394309160214;0.475344;0.378882;0.993575 -0.0990572 0.0547381 0.364308 0.104558 0.988529 -0.108982 -2.10497 -0.0433148 0.114005 0.992535 1.56647 0 0 0 1 
3394309160215;0.281079;0.0294403;0.872831 0.0814062 -0.481185 3.08721 -0.0542685 0.996065 0.0700741 1.11601 0.484996 -0.0350496 0.873814 -9.45379 0 0 0 1 
3394309160217;0.276984;0.0346953;0.999998 0.00177871 0.000379466 -0.630586 -0.00177954 0.999996 0.00219322 0.390499 -0.000375563 -0.0021939 0.999998 0.39006 0 0 0 1 
3394309160218;0.423487;1.17551;0.935437 0.191732 0.29698 -3.06954 -0.23913 0.961949 0.132178 2.65921 -0.260337 -0.194661 0.945691 3.09731 0 0 0 1 
3394309160219;0.217232;0.0796042;0.985696 0.161391 -0.0485358 0.309334 -0.167688 0.967975 -0.186827 2.52293 0.0168293 0.192294 0.981193 0.100488 0 0 0 1 
3394309160220;0.375115;0.0520785;0.921259 0.180819 -0.344364 1.49711 -0.100989 0.966206 0.237165 0.541977 0.37561 -0.183713 0.908387 -5.21053 0 0 0 1 
3394309160221;0.326953;0.0725532;0.981065 0.183319 -0.0624895 -0.216243 -0.179961 0.982093 0.0557397 1.96867 0.0715887 -0.0434386 0.996488 -0.356602 0 0 0 1 
3394309160222;0.142051;0.0483743;0.999244 -0.0347252 0.0175011 -0.367684 0.0352068 0.998988 -0.0280034 -0.719723 -0.0165109 0.0285984 0.999455 0.368875 0 0 0 1 
3394309160223;0.261461;0.0843086;0.958497 0.276109 -0.0710495 0.180566 -0.272275 0.960401 0.0591237 3.45001 0.0845606 -0.0373249 0.995719 -1.15108 0 0 0 1 
3394309160224;0.0854273;0.0752554;0.99372 0.111402 -0.0105142 -0.0194822 -0.111278 0.99372 0.0117007 1.35846 0.0117517 -0.0104572 0.999876 -0.113689 0 0 0 1 
3394309160225;0.231107;0.0622877;0.999934 0.0055279 -0.0100883 -0.369692 -0.0053379 0.99981 0.0187646 0.594709 0.0101901 -0.0187095 0.999773 0.10393 0 0 0 1 
3394309160226;0.061528;0.0472829;0.999992 0.00370226 -0.00148196 -0.107777 -0.00370341 0.999993 -0.000769124 0.0916558 0.0014791 0.000774606 0.999999 -0.113562 0 0 0 1 
3394309160227;0.376137;1.58538;0.885033 0.463633 -0.0419692 -2.38896 -0.464103 0.88578 -0.00165146 5.8429 0.0364098 0.0209396 0.999118 -0.264131 0 0 0 1 
3394309160228;0.303595;0.0467157;0.965255 -0.249372 0.078084 0.21296 0.261066 0.933218 -0.246878 -2.97698 -0.011305 0.258685 0.965896 0.231757 0 0 0 1 
3394309160229;0.401686;0.0566974;0.931248 -0.314993 0.183184 0.955307 0.319014 0.947717 0.00787858 -3.63204 -0.176088 0.0511012 0.983047 2.48731 0 0 0 1 
3394309160230;0.10387;0.0781045;0.991561 0.125808 -0.0313027 -0.0483942 -0.126721 0.99151 -0.0291371 1.65225 0.0273713 0.0328579 0.999085 -0.281295 0 0 0 1 
3394309160231;0.26477;0.0812427;0.92558 -0.22798 0.302203 0.159598 0.190574 0.970395 0.148374 -2.77764 -0.327083 -0.0797403 0.941625 4.31427 0 0 0 1 
3394309160232;0.456423;0.0616119;0.869811 0.285967 -0.40206 2.73395 -0.283567 0.956614 0.0669315 3.90639 0.403757 0.0557931 0.913164 -5.52146 0 0 0 1 
3394309160233;0.155497;0.0583733;0.999094 0.0339269 0.0257013 -0.276662 -0.0346474 0.999004 0.0281281 0.392955 -0.0247213 -0.0289931 0.999274 0.7243 0 0 0 1 
3394309160234;0.449685;0.178058;0.996073 -0.0850699 0.0245315 0.375847 0.0862511 0.994917 -0.0519677 -1.05585 -0.0199859 0.0538795 0.998347 -0.620063 0 0 0 1 
3394309160235;0.164832;0.0414903;0.972334 0.126858 -0.196147 0.27043 -0.116444 0.991147 0.0637883 1.50502 0.202503 -0.0391833 0.978497 -2.56965 0 0 0 1 
3394309160236;0.330502;0.0900117;0.972675 0.223341 0.0634233 -0.0183124 -0.208184 0.959934 -0.187583 3.26001 -0.102777 0.169253 0.980199 1.89267 0 0 0 1 
3394309160237;0.197559;0.0803223;0.999954 -0.00956411 0.00089572 0.122017 0.00955428 0.9999 0.0104029 0.127038 -0.000995125 -0.0103938 0.999945 -0.244576 0 0 0 1 
3394309160238;0.37956;0.0827522;0.982688 -0.137716 0.123927 0.681978 0.123083 0.98525 0.118886 -1.47209 -0.138471 -0.101574 0.985144 1.91114 0 0 0 1 
3394309160239;0.353533;0.0550513;0.99552 -0.0439886 0.0836932 -0.887071 0.0429401 0.998975 0.0142877 -0.384844 -0.0842359 -0.0106299 0.996389 0.527827 0 0 0 1 
3394309160240;0.540644;1.02797;0.942441 0.287865 0.170115 -2.48236 -0.211716 0.907512 -0.362765 4.00488 -0.258808 0.305868 0.916222 3.53363 0 0 0 1 
3394309160241;0.23847;0.86546;0.978836 0.0763491 0.189871 -1.86775 -0.0882128 0.994592 0.0548248 1.00691 -0.184658 -0.0704136 0.980277 1.9466 0 0 0 1 
3394309160242;0.249114;0.0387912;0.99935 -0.0225463 0.0281419 -0.365561 0.0219257 0.999514 0.022172 -0.28726 -0.0286281 -0.0215406 0.999358 -0.209202 0 0 0 1 
3394309160243;0.309141;0.833692;0.956661 0.160086 0.243255 -2.16857 -0.11424 0.974691 -0.192164 2.00113 -0.267861 0.156046 0.950736 3.40364 0 0 0 1 
3394309160244;0.346424;0.0892161;0.999994 -0.00346497 -0.000962302 0.358796 0.00347034 0.999978 0.00563476 -0.422473 0.000942756 -0.00563806 0.999984 0.667983 0 0 0 1 
3394309160245;0.222213;0.0974981;0.981778 0.140565 0.127881 -0.0579456 -0.147042 0.98821 0.0426594 1.99025 -0.120377 -0.060686 0.990872 1.14512 0 0 0 1 
3394309160246;0.394505;1.54765;0.899757 0.431781 0.0632685 -3.09438 -0.435911 0.896074 0.0838611 5.68755 -0.0204836 -0.103034 0.994467 0.120892 0 0 0 1 
3394309160248;0.387346;0.0428468;0.994652 0.089628 -0.0513229 0.133068 -0.0606424 0.909048 0.412255 0.411541 0.0836045 -0.406938 0.909622 -1.22024 0 0 0 1 
3394309160249;0.0790091;0.038815;0.996078 -0.088186 0.00722604 -0.014115 0.0881719 0.996103 0.00225666 -1.48734 -0.00739689 -0.00161067 0.999971 0.139385 0 0 0 1 
3394309160250;0.489213;0.044573;0.931731 0.268108 -0.244941 1.68212 -0.226829 0.956392 0.184017 3.30624 0.283596 -0.115894 0.951915 -3.91801 0 0 0 1 
3394309160251;0.37181;0.0526728;0.884506 0.440521 -0.15359 2.28425 -0.400965 0.886118 0.232427 6.51471 0.238488 -0.143999 0.96041 -4.06026 0 0 0 1 
3394309160252;0.374908;0.035164;0.933653 -0.358059 -0.00926181 1.22037 0.35808 0.933691 0.000600842 -6.33835 0.00843253 -0.00387745 0.999957 -0.410421 0 0 0 1 
3394309160253;0.217625;0.0468889;0.970607 -0.153073 0.185718 0.190022 0.161829 0.986272 -0.0328466 -2.61313 -0.17814 0.0619356 0.982054 3.51919 0 0 0 1 
3394309160254;0.306431;0.0465048;0.999802 -0.0198537 0.00138545 -0.807479 0.0198545 0.999803 -0.0005593 -0.00400195 -0.00137407 0.000586696 0.999999 0.389886 0 0 0 1 
3394309160255;0.470321;0.0301073;0.972951 -0.226885 -0.0434749 -0.342088 0.200234 0.922107 -0.331095 -2.47711 0.115209 0.313434 0.942595 -1.72119 0 0 0 1 
3394309160256;0.293686;0.0344622;0.999335 0.0319631 -0.0175229 -0.539336 -0.0316826 0.999369 0.0160551 0.0544291 0.018025 -0.0154893 0.999718 -0.0363749 0 0 0 1 
3394309160257;0.406176;0.0449539;0.988442 0.0711702 0.133858 -0.0501568 -0.0429359 0.978225 -0.203057 1.85477 -0.145395 0.194962 0.969974 3.09157 0 0 0 1 
3394309160258;0.344851;0.0568788;0.970122 0.0658849 0.2335 -0.158877 -0.0150173 0.976883 -0.213247 1.02491 -0.242152 0.203369 0.948685 4.41944 0 0 0 1 
3394309160259;0.414136;0.0297166;0.877597 -0.460223 -0.134232 2.08494 0.46833 0.882862 0.0349516 -8.19528 0.102423 -0.0935384 0.990333 -1.76567 0 0 0 1 
3394309160260;0.148826;0.0406112;0.971488 0.0981293 -0.215826 0.815687 -0.0836583 0.993652 0.0752146 1.33212 0.221837 -0.0550145 0.973531 -3.88048 0 0 0 1 
3394309160261;0.341319;0.0382739;0.9856 -0.167119 -0.0257741 0.268076 0.166004 0.985289 -0.0406026 -2.35476 0.0321804 0.0357394 0.998843 0.155141 0 0 0 1 
