#;prob_registration_l1 -r /home/probabilistic_point_clouds_registration/build/tester /home/point_clouds_registration_benchmark//devel/registration_pairs/long_office_household_local.txt /home/point_clouds_registration_benchmark//tum/long_office_household -s 0.1 -t 0.1 -p 0.3 -r 1000 -m 25 -i 40 
id;initial_error;final_error;transformation
26456013410000;0.652746;0.457581;0.815887 0.489298 -0.308083 0.508219 -0.496783 0.865833 0.0595016 -0.155915 0.295862 0.104504 0.949497 -0.273108 0 0 0 1 
26456013410001;1.0574;0.613173;0.937583 0.309257 -0.159053 0.226338 -0.255606 0.922947 0.287808 0.229863 0.235804 -0.229189 0.944388 1.20956 0 0 0 1 
26456013410002;0.577722;0.653854;0.91089 0.375987 -0.17004 0.484219 -0.301258 0.88752 0.348644 0.0801885 0.281999 -0.266351 0.921702 0.834127 0 0 0 1 
26456013410003;1.10585;0.575581;0.964264 -0.243356 -0.104753 0.488486 0.254694 0.960339 0.113487 0.355784 0.0729805 -0.136111 0.988002 -0.754611 0 0 0 1 
26456013410004;0.510854;0.607607;0.941905 0.30575 0.139037 0.317339 -0.335841 0.863548 0.37616 -0.289559 -0.00505427 -0.401002 0.916063 -0.153102 0 0 0 1 
26456013410005;0.315858;0.602215;0.982604 0.123525 -0.138674 0.503279 -0.106615 0.986614 0.123392 0.271187 0.152059 -0.106461 0.982621 -0.0201326 0 0 0 1 
26456013410006;0.127418;0.609058;0.94781 0.295838 -0.118898 0.546467 -0.275942 0.947944 0.15893 -0.127622 0.159726 -0.117827 0.980104 0.235593 0 0 0 1 
26456013410007;0.936325;0.592859;0.965304 -0.153154 -0.211498 0.105888 0.171403 0.982659 0.0707243 0.452382 0.196999 -0.104522 0.974816 0.745573 0 0 0 1 
26456013410008;0.859142;0.613398;0.973216 0.155437 -0.169382 0.479462 -0.124771 0.975958 0.178713 0.166783 0.193089 -0.152792 0.969212 1.0077 0 0 0 1 
26456013410009;0.404949;0.525451;0.92807 0.265175 -0.261472 0.185749 -0.240165 0.962783 0.123974 -0.0611403 0.284616 -0.0522606 0.957216 0.490489 0 0 0 1 
26456013410010;0.333714;0.538938;0.961006 0.199489 -0.191497 0.351968 -0.217797 0.972739 -0.0796509 0.047947 0.170387 0.118252 0.978256 -0.166437 0 0 0 1 
26456013410011;0.463956;0.53131;0.993256 0.0916919 -0.0709524 0.467459 -0.0878489 0.994586 0.0555147 0.198002 0.0756585 -0.0489072 0.995934 -0.306897 0 0 0 1 
26456013410012;1.06761;0.485366;0.923321 0.124255 -0.363371 0.972581 -0.221659 0.945116 -0.24005 0.656318 0.313601 0.302187 0.900187 0.955703 0 0 0 1 
26456013410013;0.408963;0.535669;0.829381 0.546132 -0.117755 0.477129 -0.527423 0.8349 0.157373 -0.190656 0.18426 -0.0684149 0.980494 0.236846 0 0 0 1 
26456013410014;0.281798;0.570039;0.94871 0.291802 -0.121662 0.362902 -0.268051 0.946471 0.179838 -0.178858 0.167627 -0.138002 0.976144 -0.0157273 0 0 0 1 
26456013410015;0.444148;0.495866;0.977442 0.0891304 -0.191476 0.241197 -0.0999139 0.993866 -0.0474024 0.1448 0.186076 0.0654642 0.980352 0.400525 0 0 0 1 
26456013410016;0.631913;0.50871;0.866417 0.475358 0.152831 0.0656755 -0.493723 0.861292 0.120059 -0.00933288 -0.0745611 -0.179477 0.980933 0.572568 0 0 0 1 
26456013410017;0.712942;0.584384;0.949906 0.286429 -0.125048 0.666968 -0.266149 0.951096 0.156782 0.483789 0.163839 -0.115647 0.979685 0.461521 0 0 0 1 
26456013410018;0.599666;0.574417;0.855039 0.497172 0.147401 0.334804 -0.518427 0.826074 0.220987 -0.512946 -0.011896 -0.265369 0.964074 -0.0992866 0 0 0 1 
26456013410019;0.16999;0.532984;0.972336 0.217953 -0.0840231 0.409539 -0.201109 0.964079 0.173512 0.0297314 0.118822 -0.151814 0.981241 0.0513864 0 0 0 1 
26456013410020;0.966938;0.536241;0.96353 0.262386 -0.0525675 0.0642562 -0.258678 0.963559 0.0681154 -0.110626 0.0685244 -0.0520332 0.996292 -0.766414 0 0 0 1 
26456013410021;1.2145;0.596119;0.963375 -0.196582 -0.182386 -0.269828 0.223453 0.964504 0.140715 0.380391 0.14825 -0.176316 0.973106 -0.238468 0 0 0 1 
26456013410022;0.808376;0.55143;0.962645 -0.133154 -0.235762 -0.00227773 0.0862283 0.976151 -0.199232 0.634614 0.256668 0.171461 0.951169 -0.0877983 0 0 0 1 
26456013410023;0.310262;0.52333;0.878333 0.460914 -0.126842 0.12785 -0.453672 0.887315 0.0827893 -0.031131 0.150708 -0.015172 0.988462 0.281079 0 0 0 1 
26456013410024;0.290654;0.562425;0.920715 0.382171 -0.0789248 0.487478 -0.347941 0.895537 0.2774 -0.36825 0.176694 -0.227945 0.957507 0.204606 0 0 0 1 
26456013410025;0.115869;0.606299;0.93601 0.30655 -0.172951 0.398553 -0.275452 0.94388 0.182253 0.00483241 0.219114 -0.122951 0.967921 0.380051 0 0 0 1 
26456013410026;0.438952;0.606459;0.99284 0.113315 -0.0377898 0.293587 -0.100779 0.96446 0.244253 -0.297202 0.0641244 -0.238696 0.968975 0.0234753 0 0 0 1 
26456013410027;1.02893;0.531183;0.823313 0.556491 -0.111681 0.570152 -0.536048 0.82704 0.169284 0.714826 0.186569 -0.0795074 0.979219 0.236862 0 0 0 1 
26456013410028;0.910665;0.651055;0.944579 0.291536 -0.150924 0.475095 -0.254579 0.940766 0.223939 0.14527 0.20727 -0.173106 0.962846 1.06003 0 0 0 1 
26456013410029;0.807992;0.455812;0.932024 0.216094 -0.29092 0.581595 -0.254381 0.961869 -0.100493 0.881352 0.258111 0.167666 0.951455 0.0391512 0 0 0 1 
26456013410031;0.378079;5.83641;0.825452 -0.510883 0.240057 -7.16808 0.484413 0.422803 -0.765887 -1.44391 0.289782 0.748489 0.596482 0.705087 0 0 0 1 
26456013410032;0.347742;1.53287;-0.16785 0.32575 -0.930437 0.596283 -0.52964 0.76624 0.36381 1.35297 0.831449 0.553862 0.043917 -0.703889 0 0 0 1 
26456013410033;0.319289;1.50386;-0.146106 0.293899 -0.944604 0.634548 -0.574711 0.751977 0.322859 1.25527 0.805208 0.590046 0.0590386 -0.598554 0 0 0 1 
26456013410034;0.665788;1.28118;-0.041759 0.561005 -0.826759 1.52273 -0.556829 0.67399 0.485467 0.903615 0.829577 0.480636 0.284238 -0.419223 0 0 0 1 
26456013410035;0.543286;1.4761;0.0161957 0.294924 -0.955383 0.911392 -0.511662 0.823367 0.245497 0.961963 0.859034 0.484857 0.164236 0.072476 0 0 0 1 
26456013410036;0.569296;1.00275;0.759796 0.493439 -0.423353 0.164443 -0.554289 0.831946 -0.025114 1.22284 0.339815 0.253741 0.905617 0.179457 0 0 0 1 
26456013410037;0.587068;2.01329;0.352509 0.831095 0.430138 -1.21115 -0.846843 0.478906 -0.231312 2.29565 -0.398238 -0.282719 0.872626 1.58183 0 0 0 1 
26456013410038;0.163491;1.43507;0.111806 0.277218 -0.954279 0.757253 -0.609661 0.777474 0.154426 1.32826 0.784738 0.564521 0.255936 -0.471497 0 0 0 1 
26456013410039;0.298903;1.48775;-0.121817 0.285811 -0.950512 0.67823 -0.536808 0.78653 0.3053 1.59835 0.834864 0.547433 0.0576127 -0.536519 0 0 0 1 
26456013410040;0.421915;5.82591;0.793486 -0.467768 0.389325 -7.24079 0.571527 0.35291 -0.740818 -1.54709 0.209134 0.810338 0.547372 0.786997 0 0 0 1 
26456013410041;0.740902;1.34356;0.330284 0.504083 -0.798006 1.33354 -0.497067 0.811609 0.306946 0.730246 0.802395 0.295283 0.518624 -0.791906 0 0 0 1 
26456013410042;0.386627;1.5487;-0.173914 0.283393 -0.943103 1.06509 -0.506519 0.795555 0.332462 1.1543 0.844507 0.535519 0.00518531 -0.0489213 0 0 0 1 
26456013410043;0.418115;1.3394;0.248109 0.147306 -0.957467 0.486991 -0.438032 0.898619 0.0247442 1.45119 0.864043 0.413262 0.28748 -0.452697 0 0 0 1 
26456013410044;0.401489;1.06486;0.536041 0.493632 -0.684827 0.302719 -0.31457 0.869596 0.38059 0.840495 0.783394 0.0114139 0.621421 -0.340111 0 0 0 1 
26456013410045;0.640918;1.56788;-0.150585 0.314539 -0.937224 0.602848 -0.499956 0.793636 0.346679 0.658694 0.852859 0.520776 0.0377458 -0.941073 0 0 0 1 
26456013410046;0.387348;1.26536;0.312338 0.670148 -0.673311 0.339048 -0.726642 0.625082 0.285068 1.76021 0.611912 0.400218 0.682194 -0.156234 0 0 0 1 
26456013410047;0.681694;1.31903;0.234226 0.784285 -0.574487 0.84604 -0.458979 0.610132 0.645816 0.578105 0.857016 0.112411 0.502879 -0.672072 0 0 0 1 
26456013410048;0.200666;1.50224;-0.160712 0.334844 -0.928467 0.908173 -0.591181 0.720627 0.362218 1.14871 0.790365 0.607105 0.08214 -0.318584 0 0 0 1 
26456013410049;0.634474;1.45083;0.161042 0.35222 -0.921958 0.877859 -0.646095 0.743787 0.171296 1.40439 0.746074 0.568086 0.347349 0.168004 0 0 0 1 
26456013410050;0.211001;1.44432;0.132322 0.348781 -0.927816 0.573535 -0.625343 0.755627 0.194868 1.42036 0.769049 0.554418 0.318095 -0.484911 0 0 0 1 
26456013410051;0.550163;1.07941;0.559945 0.607408 -0.563486 0.830374 -0.401648 0.793848 0.456601 0.582369 0.724665 -0.0293487 0.688476 -0.614614 0 0 0 1 
26456013410052;0.551544;1.44048;-0.048217 0.337927 -0.939937 1.47717 -0.486353 0.813998 0.317598 0.977726 0.872431 0.472454 0.125103 -0.355148 0 0 0 1 
26456013410053;0.345543;1.51761;-0.183658 0.280706 -0.942058 1.05288 -0.663772 0.671454 0.329479 1.72224 0.725036 0.685823 0.0630072 -0.270429 0 0 0 1 
26456013410054;0.546651;2.96455;0.559948 0.791432 -0.245141 -2.35849 -0.782923 0.408628 -0.469099 3.80817 -0.271089 0.454598 0.848441 1.93974 0 0 0 1 
26456013410055;0.267657;1.51747;-0.13471 0.329175 -0.934611 1.11294 -0.629258 0.700185 0.337307 1.47311 0.765433 0.63355 0.112814 -0.371629 0 0 0 1 
26456013410056;0.595541;1.48745;0.24798 0.296626 -0.922236 1.10356 -0.640753 0.76422 0.0735096 1.27067 0.726596 0.572697 0.379575 -0.164881 0 0 0 1 
26456013410057;0.461018;1.58971;-0.20939 0.294582 -0.932404 1.20104 -0.726601 0.591247 0.34997 1.0966 0.654375 0.750766 0.0902419 -0.319421 0 0 0 1 
26456013410058;0.576941;1.60906;-0.281797 0.380537 -0.880785 1.2007 -0.490332 0.731945 0.473108 0.47817 0.824721 0.565197 -0.0196706 -0.785307 0 0 0 1 
26456013410059;0.729412;5.7603;0.80924 -0.587095 0.0212297 -6.95329 0.512866 0.688376 -0.512939 -1.15415 0.28653 0.425979 0.858163 0.860617 0 0 0 1 
26456013410060;0.670241;1.03848;0.574067 0.632545 -0.519937 0.286126 -0.412927 0.771979 0.483259 1.12617 0.707064 -0.0627275 0.704362 -0.804548 0 0 0 1 
26456013410062;0.727774;1.3276;0.99536 0.0770424 -0.0576457 -0.902525 -0.0674482 0.985916 0.153039 -0.47272 0.0686243 -0.148441 0.986537 0.345088 0 0 0 1 
26456013410063;1.34575;0.238525;0.952881 0.0215597 0.302579 -0.325083 0.0676943 0.957204 -0.281387 -0.483824 -0.295696 0.288611 0.910641 -0.175689 0 0 0 1 
26456013410064;0.325852;0.261802;0.995678 0.000196954 0.092873 -0.0749107 -0.0120098 0.991875 0.126652 -0.175052 -0.0920935 -0.12722 0.98759 0.141471 0 0 0 1 
26456013410065;0.371368;0.981929;0.937561 -0.268252 -0.221403 -0.110706 0.273024 0.961962 -0.00935588 0.0350478 0.215491 -0.0516767 0.975137 0.0653331 0 0 0 1 
26456013410066;1.03207;0.217112;0.988503 -0.079668 -0.128512 -0.189955 0.0398623 0.957173 -0.286759 0.393876 0.145854 0.278339 0.949344 0.41038 0 0 0 1 
26456013410067;0.857765;1.50311;0.976863 -0.117161 0.178918 -0.659815 0.167648 0.938935 -0.300491 0.019692 -0.132787 0.323534 0.936853 0.235813 0 0 0 1 
26456013410068;1.01715;0.457781;0.995578 -0.0932645 0.0112472 -0.249422 0.0905864 0.984834 0.147973 -0.173927 -0.0248772 -0.1463 0.988927 0.610361 0 0 0 1 
26456013410069;0.211374;0.879423;0.94995 -0.265181 -0.165149 -0.245925 0.262952 0.964151 -0.0356214 -0.0327459 0.168675 -0.0095877 0.985625 0.171586 0 0 0 1 
26456013410070;0.584191;0.574537;0.896475 -0.274945 -0.347474 0.320961 0.251415 0.961371 -0.112057 0.017611 0.36486 0.013096 0.93097 0.0753667 0 0 0 1 
26456013410071;0.0848378;0.23403;0.999502 -0.0209334 0.0236258 -0.0594315 0.0224138 0.997683 -0.0642398 -0.0242608 -0.0222263 0.0647373 0.997655 -0.00576803 0 0 0 1 
26456013410072;0.345771;0.240158;0.978608 -0.0304259 -0.203473 0.0385136 0.0722725 0.976812 0.20153 -0.331499 0.192623 -0.211925 0.958115 0.255734 0 0 0 1 
26456013410073;0.619828;0.248829;0.968127 0.0738736 0.239318 -0.212133 -0.0444028 0.991 -0.126281 -0.0954511 -0.246493 0.11163 0.962694 0.166589 0 0 0 1 
26456013410074;0.46439;0.220722;0.982271 -0.155658 -0.104473 -0.127006 0.134969 0.973965 -0.182142 0.151101 0.130105 0.164813 0.977706 0.100644 0 0 0 1 
26456013410075;1.52576;1.54055;0.956867 -0.290513 -0.00261783 -0.790722 0.289512 0.95274 0.0920255 -0.232259 -0.0242405 -0.0888141 0.995753 -0.730761 0 0 0 1 
26456013410076;0.479244;0.22917;0.995099 0.0386812 -0.0909996 -0.0425439 -0.0483522 0.993126 -0.106593 0.0400778 0.086251 0.110471 0.99013 -0.186231 0 0 0 1 
26456013410077;0.704929;0.364712;0.982086 -0.177189 0.0641137 -0.428485 0.173785 0.98323 0.0553025 -0.2952 -0.0728375 -0.0431698 0.996409 0.135534 0 0 0 1 
26456013410078;0.365691;0.62671;0.993354 -0.0851898 -0.0773966 -0.0353717 0.0803978 0.994766 -0.063058 0.0484474 0.0823635 0.0564164 0.995004 0.0529963 0 0 0 1 
26456013410079;1.72117;1.31094;0.992833 -0.113138 -0.0385118 0.122144 0.0979887 0.955088 -0.279651 0.298823 0.0684212 0.273873 0.959329 0.540705 0 0 0 1 
26456013410080;1.76411;0.197086;0.992211 -0.121992 -0.025188 -0.501032 0.122135 0.992504 0.00421517 0.75201 0.024485 -0.00725868 0.999674 -0.0297359 0 0 0 1 
26456013410081;1.63412;0.270436;0.972536 0.0774294 0.219494 -0.194563 -0.0411956 0.985418 -0.165089 0.824692 -0.229076 0.151513 0.961545 -0.46548 0 0 0 1 
26456013410082;0.404515;0.679155;0.940458 0.0338094 -0.338226 0.0935807 0.00933968 0.992095 0.125141 0.130875 0.339783 -0.120848 0.932708 0.0842705 0 0 0 1 
26456013410083;1.34753;0.249579;0.996001 -0.0892714 -0.00345428 -0.236469 0.089338 0.995333 0.0364812 -0.587021 0.000181431 -0.0366439 0.999328 0.525884 0 0 0 1 
26456013410084;1.15281;0.338788;0.999901 -0.0123319 0.00674925 0.0816484 0.0114901 0.993522 0.113058 -0.683862 -0.00809974 -0.112969 0.993566 0.399998 0 0 0 1 
26456013410085;0.50976;0.263062;0.996187 0.0270826 0.0829282 -0.112348 -0.0139026 0.987728 -0.155564 0.119274 -0.0861236 0.153818 0.984339 -0.296703 0 0 0 1 
26456013410086;0.789041;0.437529;0.975857 -0.157868 -0.150934 0.0793277 0.141642 0.983463 -0.112866 0.0769317 0.166256 0.0887621 0.98208 -0.335194 0 0 0 1 
26456013410087;0.962758;0.295743;0.991539 0.129808 0.000227783 -0.090556 -0.128026 0.978213 -0.163428 0.561737 -0.0214372 0.162016 0.986555 -0.0335987 0 0 0 1 
26456013410088;1.51292;0.865384;0.884939 -0.453931 -0.10407 -0.86475 0.450437 0.891032 -0.0562872 -0.354401 0.11828 0.00293391 0.992976 0.135378 0 0 0 1 
26456013410089;0.558558;0.338917;0.990457 -0.128713 -0.0492676 -0.0535329 0.125881 0.990416 -0.0568289 -0.0367627 0.05611 0.0500847 0.997168 0.333514 0 0 0 1 
26456013410090;1.4132;0.256817;0.992574 -0.0266098 -0.118697 0.159993 0.0309296 0.998919 0.0347011 -0.0534261 0.117645 -0.0381147 0.992324 -0.647991 0 0 0 1 
26456013410091;1.21795;1.02527;0.959577 -0.209307 0.188155 -0.49541 0.261152 0.911424 -0.317972 -0.0852687 -0.104935 0.354255 0.929243 0.389595 0 0 0 1 
26456013410093;0.469907;0.417051;0.967291 -0.232222 0.102083 -0.116658 0.238089 0.969983 -0.049462 0.495137 -0.0875326 0.0721489 0.993545 -0.393206 0 0 0 1 
26456013410094;0.663694;0.281838;0.88089 0.197954 -0.429938 0.424744 -0.0964888 0.964372 0.246327 0.358596 0.463382 -0.175503 0.868606 0.0877959 0 0 0 1 
26456013410095;0.871627;0.324766;0.971667 0.207359 0.113422 0.45899 -0.210353 0.977511 0.0149673 0.374321 -0.107768 -0.038402 0.993434 -0.0584314 0 0 0 1 
26456013410096;0.802998;0.245688;0.997918 0.0468434 0.0443298 -0.451344 -0.048462 0.99817 0.0361722 0.284495 -0.0425542 -0.0382452 0.998362 -0.473641 0 0 0 1 
26456013410097;0.47238;0.297028;0.906589 0.422013 -0.000980345 0.0187901 -0.421461 0.905517 0.0490869 0.228715 0.0216031 -0.0440885 0.998794 0.181739 0 0 0 1 
26456013410098;0.153152;0.185147;0.986773 0.101389 -0.126488 0.0678247 -0.0952956 0.994019 0.053344 0.141921 0.13114 -0.0405847 0.990533 0.067098 0 0 0 1 
26456013410099;1.16156;0.310422;0.992847 -0.0516478 -0.107646 -0.275937 0.0352321 0.988184 -0.14917 0.865725 0.114078 0.14431 0.982935 0.462655 0 0 0 1 
26456013410100;0.366643;0.249065;0.961375 0.265519 0.072508 -0.121978 -0.260508 0.962807 -0.0716816 0.194369 -0.0888441 0.050024 0.994789 0.178313 0 0 0 1 
26456013410101;1.16745;0.235131;0.986999 0.158234 0.0281837 -0.00041488 -0.160697 0.968297 0.191253 0.541069 0.00297266 -0.193296 0.981136 0.780564 0 0 0 1 
26456013410102;1.13408;0.328045;0.991634 -0.0922283 -0.090306 0.219788 0.0976915 0.993522 0.0580623 0.0333073 0.084366 -0.0663987 0.99422 -0.883972 0 0 0 1 
26456013410103;0.393965;0.293407;0.992836 0.0817534 -0.0871418 0.00336002 -0.0646304 0.980832 0.183827 -0.175619 0.1005 -0.176878 0.979088 -0.0828656 0 0 0 1 
26456013410104;1.01585;0.280726;0.950857 0.308591 0.0253308 -0.549092 -0.304129 0.915486 0.263421 0.299157 0.0580993 -0.25818 0.964348 -0.408333 0 0 0 1 
26456013410105;1.13047;0.344343;0.993619 -0.0705077 0.0880383 -0.0345505 0.0816248 0.98817 -0.129834 -0.186445 -0.0778425 0.136191 0.98762 0.51372 0 0 0 1 
26456013410106;0.197882;0.19024;0.954203 0.287727 0.0819095 -0.13686 -0.293518 0.953354 0.0704554 0.109369 -0.0578168 -0.0912707 0.994146 0.0672062 0 0 0 1 
26456013410107;0.85745;0.361202;0.957019 -0.288725 0.0274167 -0.24045 0.289552 0.956573 -0.0335828 -0.045456 -0.0165299 0.0400779 0.99906 -0.434053 0 0 0 1 
26456013410108;1.09003;0.270224;0.964972 0.0904527 0.246265 -0.366468 -0.106044 0.993064 0.0507754 -0.552779 -0.239964 -0.0751118 0.967872 0.432169 0 0 0 1 
26456013410109;0.997601;0.278662;0.982341 0.182064 -0.0431131 0.108513 -0.18538 0.978288 -0.0926645 -0.385436 0.0253062 0.0990204 0.994764 0.288333 0 0 0 1 
26456013410110;1.0844;0.345684;0.899656 -0.0783903 0.429504 -1.00463 0.0673917 0.996893 0.0407849 0.166644 -0.431367 -0.00774735 0.902143 -0.484647 0 0 0 1 
26456013410111;0.414986;0.395451;0.991106 -0.133013 0.00415686 0.0652624 0.126116 0.928829 -0.348384 0.519859 0.0424784 0.345809 0.937343 -0.0345382 0 0 0 1 
26456013410112;0.40276;0.259883;0.990946 0.0226981 0.132329 -0.130391 -0.0477685 0.980719 0.189493 0.00859737 -0.125477 -0.194099 0.972924 -0.221976 0 0 0 1 
26456013410113;0.220143;0.278254;0.975279 0.209207 -0.0711515 0.0168441 -0.211276 0.97716 -0.0228248 0.230307 0.0647513 0.0372931 0.997204 0.0810667 0 0 0 1 
26456013410114;0.883586;0.333438;0.961445 -0.140783 0.236227 -0.539147 0.114881 0.986091 0.120111 -0.0879375 -0.249851 -0.0883426 0.964246 0.389103 0 0 0 1 
26456013410115;0.901703;0.338166;0.997483 0.0252501 -0.066263 -0.0263392 -0.0131562 0.984129 0.176966 0.235964 0.0696797 -0.175649 0.981984 0.709999 0 0 0 1 
26456013410116;0.0971774;0.278934;0.99911 0.0417225 -0.00627559 -0.0208905 -0.0414054 0.998164 0.0441956 0.237721 0.00810801 -0.0438964 0.999003 -0.00342075 0 0 0 1 
26456013410117;0.308242;0.292148;0.997755 0.064357 -0.0185165 0.0105294 -0.0627505 0.995043 0.0771419 0.265509 0.0233894 -0.0758068 0.996848 -0.193171 0 0 0 1 
26456013410118;0.617996;0.373956;0.943765 -0.248164 0.218455 -0.407567 0.237932 0.96858 0.072394 0.317601 -0.229557 -0.0163453 0.973158 -0.350523 0 0 0 1 
26456013410119;0.836682;0.340746;0.986235 -0.163853 0.0222019 -0.080139 0.16175 0.983891 0.0761332 0.168141 -0.0343189 -0.0714941 0.99685 -0.675724 0 0 0 1 
26456013410120;1.27194;0.337944;0.995933 0.0622592 -0.0651287 0.487368 -0.0555457 0.993411 0.10025 0.3488 0.070941 -0.0962245 0.992828 -0.767859 0 0 0 1 
26456013410121;0.539915;0.372652;0.965622 -0.257069 -0.0386027 0.287059 0.258085 0.965822 0.0240817 0.273644 0.0310927 -0.0332166 0.998964 -0.417259 0 0 0 1 
26456013410122;0.715537;0.32383;0.995968 0.0608779 -0.0658878 0.179094 -0.0594843 0.997966 0.0229119 0.343746 0.0671486 -0.0189002 0.997564 -0.565344 0 0 0 1 
26456013410124;1.54152;0.271877;0.814613 0.564388 -0.133685 -0.508135 -0.579238 0.803482 -0.137477 -0.378106 0.0298229 0.189425 0.981442 0.200008 0 0 0 1 
26456013410125;0.0901978;0.131028;0.995614 0.0931792 -0.00844801 0.0490991 -0.0935044 0.994094 -0.0550837 -0.0780078 0.00326546 0.055632 0.998446 0.0283787 0 0 0 1 
26456013410126;2.04591;0.129469;0.951524 0.269127 -0.148906 0.166164 -0.257578 0.961827 0.0924235 -0.188994 0.168096 -0.0495883 0.984523 -0.7075 0 0 0 1 
26456013410127;0.892171;0.34998;0.993944 0.09841 0.048895 0.0652706 -0.0966983 0.994654 -0.0362257 0.398942 -0.0521986 0.0312782 0.998147 -0.127416 0 0 0 1 
26456013410128;1.22747;0.222802;0.997564 0.0689609 -0.0105481 -0.126636 -0.06973 0.990275 -0.120385 0.145858 0.00214371 0.120827 0.992671 -0.510857 0 0 0 1 
26456013410129;0.476134;0.131679;0.969716 0.144279 0.197067 -0.0988394 -0.128851 0.987657 -0.0890505 -0.215335 -0.207482 0.0609614 0.976337 -0.102613 0 0 0 1 
26456013410130;2.09219;0.180395;0.972568 0.212213 0.0952722 0.256097 -0.209188 0.977024 -0.0407986 0.125509 -0.101741 0.0197496 0.994615 0.740757 0 0 0 1 
26456013410131;1.46172;0.157937;0.996886 0.0784808 0.00764823 -0.307089 -0.0783931 0.99686 -0.011165 -0.212352 -0.00850046 0.0105307 0.999908 0.597929 0 0 0 1 
26456013410132;0.769284;0.176166;0.984611 -0.138705 0.106314 -0.261988 0.121626 0.980701 0.153075 0.257307 -0.125495 -0.137788 0.982479 0.0562005 0 0 0 1 
26456013410133;1.34603;0.166759;0.999804 -0.00547759 0.0190162 -0.0266595 0.00535191 0.999964 0.00665401 0.38462 -0.0190519 -0.00655093 0.999797 0.514058 0 0 0 1 
26456013410134;1.62064;0.337499;0.994118 -0.0284338 0.1045 0.230198 0.0307712 0.99931 -0.0208238 0.303223 -0.103835 0.0239169 0.994307 -0.796646 0 0 0 1 
26456013410135;0.477389;0.205685;0.986285 0.161351 0.034764 0.0860572 -0.159735 0.986129 -0.0451112 -0.0459548 -0.0415605 0.0389394 0.998377 -0.245125 0 0 0 1 
26456013410136;1.0412;0.291557;0.969108 -0.227246 -0.0958565 -0.578644 0.221559 0.972881 -0.0664341 0.62618 0.108354 0.0431439 0.993176 0.39879 0 0 0 1 
26456013410137;1.90811;0.219611;0.995922 -0.0877249 0.0210656 -0.0142559 0.0887784 0.994489 -0.0557721 0.0725827 -0.0160569 0.0574149 0.998221 0.890757 0 0 0 1 
26456013410138;0.964836;0.252021;0.974153 0.215181 -0.0687263 0.0352459 -0.222404 0.966895 -0.125099 -0.21713 0.0395322 0.137151 0.989761 0.600505 0 0 0 1 
26456013410139;1.47225;0.203225;0.923124 0.38229 -0.0411878 0.616553 -0.384278 0.920938 -0.0648331 -0.860969 0.0131463 0.0756765 0.997046 -0.228832 0 0 0 1 
26456013410140;1.16137;0.318656;0.996382 0.0848702 -0.00445372 0.24913 -0.0849348 0.992565 -0.0871841 -0.409026 -0.00297873 0.087247 0.996182 0.20538 0 0 0 1 
26456013410141;0.944233;0.201977;0.987305 0.158837 0.00061331 -0.0926729 -0.158803 0.98716 -0.0172028 -0.529124 -0.00333788 0.016887 0.999852 -0.220115 0 0 0 1 
26456013410142;1.84842;0.191688;0.942594 0.183862 -0.27877 -0.651014 -0.244083 0.949038 -0.199376 -0.296501 0.227905 0.255974 0.939434 0.553343 0 0 0 1 
26456013410143;0.46443;0.167307;0.938581 0.342682 0.040435 0.0256806 -0.345015 0.933877 0.0940142 -0.524782 -0.00554436 -0.102191 0.994749 0.118408 0 0 0 1 
26456013410144;0.759937;0.177855;0.972376 -0.0253338 -0.232042 -0.0296644 -0.045911 0.953917 -0.296538 0.425005 0.228861 0.299 0.926403 0.372513 0 0 0 1 
26456013410145;0.437138;0.324067;0.988085 -0.0213309 0.152425 -0.151804 -0.0121453 0.976455 0.21538 0.0657173 -0.153431 -0.214665 0.964561 -0.286629 0 0 0 1 
26456013410146;1.81332;0.21826;0.996568 0.0817859 -0.012802 -0.420661 -0.0822818 0.995603 -0.0447659 0.0941238 0.00908446 0.0456656 0.998915 0.739953 0 0 0 1 
26456013410147;0.897776;0.22412;0.997978 0.0426584 0.0471203 0.290162 -0.0327494 0.980454 -0.194003 -0.052693 -0.0544752 0.192067 0.979869 0.146481 0 0 0 1 
26456013410148;0.647101;0.179055;0.983968 -0.176769 -0.0236546 -0.164295 0.177795 0.982675 0.0523317 0.157284 0.0139941 -0.0556984 0.99835 0.215472 0 0 0 1 
26456013410149;0.510162;0.254951;0.868028 0.490734 -0.0755458 -0.0662647 -0.495732 0.865112 -0.0763626 -0.557497 0.0278818 0.103735 0.994214 0.133412 0 0 0 1 
26456013410150;1.62937;0.29949;0.954425 0.0496154 0.294298 0.0875609 0.0745488 0.915194 -0.396058 0.959902 -0.28899 0.399947 0.869786 -0.633385 0 0 0 1 
26456013410151;0.991097;0.203435;0.977782 -0.130082 0.164383 -0.380481 0.160106 0.969596 -0.185067 0.410057 -0.135311 0.207274 0.96888 -0.527433 0 0 0 1 
26456013410152;0.386143;0.161496;0.995714 0.0882931 -0.0275417 0.0152105 -0.0896309 0.994624 -0.0518587 0.0654506 0.0228149 0.054105 0.998275 -0.0922682 0 0 0 1 
26456013410153;1.24713;0.162584;0.90794 0.417157 0.0403166 -0.24633 -0.417889 0.908426 0.0114527 -0.32551 -0.0318471 -0.0272462 0.999121 0.329717 0 0 0 1 
26456013410155;0.44177;0.146918;0.982703 0.170663 -0.0718935 -0.0869192 -0.18241 0.959032 -0.216759 -0.237306 0.0319554 0.226124 0.973574 0.0486504 0 0 0 1 
26456013410156;0.559197;0.343441;0.99694 -0.0746914 -0.0230684 -0.268194 0.0722688 0.993106 -0.0922862 0.0495061 0.0298023 0.0903367 0.995465 0.498884 0 0 0 1 
26456013410157;0.798739;0.608584;0.997638 0.023493 -0.0645561 0.191801 -0.0236994 0.999716 -0.00243289 -0.278572 0.0644806 0.00395708 0.997911 -0.17251 0 0 0 1 
26456013410158;0.506235;0.136473;0.981249 0.177628 0.0748281 0.133802 -0.16185 0.970153 -0.180574 0.219236 -0.10467 0.165077 0.980711 -0.229167 0 0 0 1 
26456013410159;0.771683;0.286965;0.998684 0.0466245 -0.0213849 0.205324 -0.0503384 0.970961 -0.233883 0.622774 0.0098592 0.234652 0.972029 0.115925 0 0 0 1 
26456013410160;0.731372;0.520338;0.998135 -0.0434643 -0.042858 -0.100055 0.0411234 0.99769 -0.0540683 0.160593 0.045109 0.052205 0.997617 -0.504273 0 0 0 1 
26456013410161;0.152345;0.256826;0.996897 -0.00929156 0.078166 -0.254334 0.0147392 0.997479 -0.0694081 0.00177399 -0.077324 0.0703449 0.994521 -0.181464 0 0 0 1 
26456013410162;0.843744;0.555229;0.907519 -0.0716895 -0.413849 0.145034 0.0644081 0.997425 -0.0315414 0.48762 0.415044 0.00196919 0.909799 0.846005 0 0 0 1 
26456013410163;0.17304;0.299412;0.990906 -0.0675329 -0.116377 -0.1324 0.0474923 0.984797 -0.167093 0.103669 0.125892 0.160047 0.979049 0.179074 0 0 0 1 
26456013410164;1.05704;0.259742;0.994252 -0.0545656 -0.0921194 -0.0717782 0.0563597 0.998266 0.0169856 -0.0724448 0.0910328 -0.0220798 0.995603 -0.890297 0 0 0 1 
26456013410165;1.01882;0.860033;0.994735 -0.0727418 -0.0721916 -0.497035 0.078144 0.994112 0.0750643 0.477053 0.0663062 -0.0803104 0.994562 0.21816 0 0 0 1 
26456013410166;0.386158;0.274476;0.966467 -0.0531065 -0.251238 0.204255 -0.0351283 0.941841 -0.334218 0.386788 0.254375 0.331837 0.908393 0.160358 0 0 0 1 
26456013410167;0.362618;0.276469;0.995462 0.0161267 -0.0937797 -0.190112 0.0250501 0.906359 0.421765 -0.565951 0.0917997 -0.422201 0.901842 0.0996438 0 0 0 1 
26456013410168;0.272737;0.44599;0.958728 -0.0438664 -0.280922 -0.148252 0.0440602 0.999013 -0.00562924 -0.228984 0.280892 -0.00698059 0.959714 0.115343 0 0 0 1 
26456013410169;0.677811;0.346452;0.997345 -0.0503014 -0.0526624 -0.283495 0.0503706 0.998731 -1.27178e-05 -0.318682 0.0525962 -0.00263995 0.998612 0.49884 0 0 0 1 
26456013410170;0.704368;0.602832;0.999738 -0.0205116 -0.0101652 -0.170984 0.0207391 0.999525 0.0228079 -0.656866 0.00969254 -0.0230128 0.999688 0.133882 0 0 0 1 
26456013410171;1.02478;0.228561;0.960477 -0.164432 -0.224604 -0.553885 0.174708 0.984263 0.0265295 0.0214248 0.216707 -0.064721 0.974089 0.00523624 0 0 0 1 
26456013410172;0.366617;0.437987;0.965687 -0.0514632 -0.254558 -0.139079 0.065119 0.996839 0.0455067 -0.118008 0.251411 -0.0605218 0.965986 -0.0747833 0 0 0 1 
26456013410173;0.895873;0.128094;0.984358 0.170292 -0.0451677 -0.443273 -0.168711 0.984978 0.0367951 -0.627166 0.0507552 -0.0285993 0.998302 0.532379 0 0 0 1 
26456013410174;0.457447;0.288841;0.998996 -0.0445332 0.0049309 -0.311131 0.0446764 0.998413 -0.0342766 0.157975 -0.00339663 0.0344624 0.9994 0.0278688 0 0 0 1 
26456013410175;0.623034;0.326587;0.996656 -0.0543829 -0.0609917 -0.20198 0.0560398 0.998095 0.0257926 -0.0268971 0.0594729 -0.0291243 0.997805 -0.51427 0 0 0 1 
26456013410176;0.235307;0.277905;0.98798 -0.0569254 -0.143721 -0.177878 0.0560472 0.998376 -0.0101549 0.0699322 0.144066 0.00197768 0.989566 0.0922116 0 0 0 1 
26456013410177;0.877512;0.351127;0.999411 0.0342192 -0.00251478 0.0989276 -0.0342296 0.999405 -0.00425037 0.577957 0.00236784 0.00433395 0.999988 0.0623401 0 0 0 1 
26456013410178;0.197683;0.319994;0.997167 -0.0582741 -0.0475565 -0.321726 0.0583355 0.998297 -9.70123e-05 0.0825958 0.0474812 -0.00267749 0.998869 -0.044638 0 0 0 1 
26456013410179;0.15124;0.311068;0.997532 -0.0318748 0.0625662 -0.268468 0.0235425 0.991279 0.129662 -0.122455 -0.0661535 -0.127869 0.989582 0.0254573 0 0 0 1 
26456013410180;0.554153;0.454677;0.999869 0.0158889 -0.0032079 0.0288003 -0.0162091 0.978717 -0.204572 0.299184 -0.000110797 0.204597 0.978846 0.00183729 0 0 0 1 
26456013410181;0.475904;0.347801;0.999369 -0.00140071 0.035486 -0.329696 -0.0101824 0.945969 0.324098 -0.770064 -0.0340226 -0.324255 0.945358 -0.0677287 0 0 0 1 
26456013410182;0.72307;0.333036;0.995765 -0.0884061 0.0252464 -0.758578 0.0905307 0.990707 -0.101508 0.113068 -0.0160379 0.103364 0.994514 0.253957 0 0 0 1 
26456013410183;0.714484;0.193512;0.998863 0.0416861 0.0231474 -0.312827 -0.0296754 0.923472 -0.382517 0.0965512 -0.0373217 0.381395 0.923658 0.433593 0 0 0 1 
26456013410184;0.435457;0.436706;0.999673 -0.00510478 0.0250602 -0.140112 0.00682804 0.997582 -0.0691685 0.19739 -0.0246465 0.069317 0.99729 -0.185784 0 0 0 1 
26456013410186;2.57906;2.00956;0.859617 -0.509735 -0.0350598 0.762942 0.504594 0.85772 -0.0984908 0.129616 0.0802758 0.0669733 0.99452 -0.387018 0 0 0 1 
26456013410187;0.634766;0.960181;0.704918 -0.690748 0.161112 0.129294 0.709079 0.680766 -0.183754 1.44614 0.0172483 0.243772 0.969679 -0.211881 0 0 0 1 
26456013410188;1.09866;1.7329;0.923416 0.304069 -0.234192 0.560449 -0.155684 0.85449 0.495589 -0.721659 0.350808 -0.421175 0.836388 0.526273 0 0 0 1 
26456013410189;0.60767;0.924289;0.873427 -0.485625 0.0359766 -0.0688606 0.48695 0.870664 -0.0694599 0.99237 0.00240797 0.0781869 0.996936 -0.137758 0 0 0 1 
26456013410190;1.29465;1.82409;0.757604 -0.651962 -0.0313389 0.529905 0.65057 0.758133 -0.0446398 1.35055 0.0528625 0.0134312 0.998511 0.433334 0 0 0 1 
26456013410191;1.28532;1.49721;0.759582 -0.624119 0.18306 0.143466 0.643601 0.761867 -0.0730517 0.797102 -0.0938748 0.173307 0.980384 -0.475816 0 0 0 1 
26456013410192;1.88351;1.44864;0.994004 -0.108089 -0.016485 0.947193 0.109168 0.972666 0.204946 0.554604 -0.0061181 -0.205517 0.978634 0.382702 0 0 0 1 
26456013410193;1.11745;1.4971;0.889219 -0.443463 -0.112381 0.424056 0.445486 0.895255 -0.00781107 0.9439 0.104073 -0.0431183 0.993635 -0.163961 0 0 0 1 
26456013410194;2.37375;1.87099;0.745037 -0.651831 0.141548 1.0612 0.664713 0.743192 -0.0762984 0.82381 -0.055464 0.150934 0.986987 -0.539782 0 0 0 1 
26456013410195;1.70586;1.33634;0.734831 -0.66764 0.119498 0.311636 0.678212 0.721431 -0.139876 1.41607 0.00717779 0.18383 0.982932 -0.702681 0 0 0 1 
26456013410196;0.514644;1.4787;0.777087 -0.627656 0.0467343 0.465268 0.62361 0.777863 0.0777115 0.981788 -0.085129 -0.0312446 0.99588 0.0263587 0 0 0 1 
26456013410197;2.7645;2.5843;0.724703 -0.65549 0.212458 -0.503074 0.651108 0.75234 0.100213 1.07271 -0.225529 0.0657087 0.972018 -0.160324 0 0 0 1 
26456013410198;2.3433;0.753419;0.862908 -0.49614 -0.0960955 0.73421 0.498509 0.866884 0.000744211 0.207055 0.0829345 -0.0485466 0.995372 0.307659 0 0 0 1 
26456013410199;2.04036;1.08381;0.824727 -0.547764 -0.14064 0.695583 0.529824 0.835347 -0.146565 1.02523 0.197766 0.0463613 0.979152 -0.44366 0 0 0 1 
26456013410200;2.25828;2.15817;0.682152 -0.447133 0.578568 -0.3548 0.527395 0.848929 0.0342587 1.08669 -0.506481 0.281764 0.814914 -0.806412 0 0 0 1 
26456013410201;2.32984;1.15104;0.604211 -0.756813 0.249325 -0.719936 0.776666 0.629289 0.028013 1.54542 -0.178098 0.176717 0.968015 -0.602722 0 0 0 1 
26456013410202;0.574695;1.47259;0.7374 -0.672347 0.0647449 0.200474 0.673011 0.739496 0.0142058 1.19236 -0.0574298 0.0330987 0.997801 0.00706107 0 0 0 1 
26456013410203;2.04835;1.46012;0.68427 -0.729187 -0.00773989 1.0055 0.669904 0.624374 0.401729 0.577854 -0.288103 -0.280076 0.915726 -0.00800551 0 0 0 1 
26456013410204;0.669991;1.64141;0.976063 0.21691 -0.0158286 0.496355 -0.186342 0.871599 0.453422 -0.562778 0.112148 -0.439619 0.891155 0.272629 0 0 0 1 
26456013410205;0.908947;1.2949;0.730692 -0.681371 0.0427047 0.0107072 0.681491 0.731694 0.013926 1.26492 -0.0407356 0.0189272 0.998991 -0.155583 0 0 0 1 
26456013410206;1.79634;1.98141;0.940429 -0.0350766 -0.338177 0.430118 0.0369129 0.999318 -0.00100149 -0.147286 0.337982 -0.0115413 0.941082 0.185286 0 0 0 1 
26456013410207;0.232642;0.844989;0.943857 -0.329583 -0.0225477 0.311146 0.329357 0.944113 -0.0132058 0.639042 0.02564 0.00503816 0.999659 -0.0237307 0 0 0 1 
26456013410208;2.37807;1.34631;0.838615 -0.4951 0.227157 0.0640132 0.543028 0.792722 -0.276968 1.32249 -0.0429455 0.355623 0.933642 -0.971554 0 0 0 1 
26456013410209;2.64335;1.61079;0.766807 -0.641773 0.0115665 1.28385 0.63386 0.759946 0.143888 0.445865 -0.101133 -0.103003 0.989526 -0.262495 0 0 0 1 
26456013410210;2.26073;0.941653;0.626033 -0.763291 0.159593 -0.610666 0.778285 0.624331 -0.0669599 1.5192 -0.0485287 0.166128 0.984909 -0.69738 0 0 0 1 
26456013410211;1.42407;1.15384;0.712824 -0.691459 0.117336 -0.443465 0.692383 0.720456 0.0393576 1.50783 -0.11175 0.0531866 0.992312 -0.399186 0 0 0 1 
26456013410212;1.48789;1.49735;0.948384 -0.0615927 -0.311087 0.259379 0.0818409 0.995264 0.0524468 0.0801965 0.306383 -0.0751993 0.948933 0.257903 0 0 0 1 
26456013410213;1.60061;1.29466;0.579553 -0.77564 0.25 -0.836536 0.814314 0.539221 -0.214786 2.04668 0.0317913 0.328059 0.944122 -0.0568976 0 0 0 1 
26456013410214;1.7042;1.35285;0.744295 -0.654072 0.134963 -0.21728 0.666478 0.740394 -0.0873171 1.61858 -0.0428138 0.154939 0.986996 0.125279 0 0 0 1 
26456013410215;0.754244;1.24721;0.969523 -0.223042 0.101375 0.589621 0.234681 0.964278 -0.122854 0.597518 -0.0703517 0.1429 0.987234 -0.313009 0 0 0 1 
26456013410217;1.32332;1.83459;0.749148 0.662374 -0.00617803 -0.470506 -0.651111 0.738061 0.176978 -0.510821 0.121785 -0.12856 0.984195 0.0427797 0 0 0 1 
26456013410218;1.34012;1.7665;0.99754 0.0359857 -0.0601552 -0.0594694 -0.0200468 0.968781 0.247107 -0.220772 0.0671695 -0.245293 0.967119 0.0241257 0 0 0 1 
26456013410219;0.65608;0.526862;0.954235 0.276799 0.113219 -0.257866 -0.274753 0.960927 -0.0336015 -0.0955239 -0.118096 0.000956384 0.993002 -0.132925 0 0 0 1 
26456013410220;1.46371;1.05796;0.991458 -0.12186 0.046492 0.0199319 0.116015 0.986848 0.112568 0.284791 -0.059598 -0.106212 0.992556 -0.012437 0 0 0 1 
26456013410221;1.60635;1.88222;0.965234 0.000758287 -0.261387 0.0225559 0.0118904 0.998833 0.0468059 0.00700632 0.261117 -0.0482866 0.964099 0.230504 0 0 0 1 
26456013410222;2.32392;0.555761;0.986611 -0.0797717 0.142254 -0.12308 0.125842 0.927178 -0.352852 0.0895225 -0.103747 0.366029 0.924802 -1.02593 0 0 0 1 
26456013410223;1.20647;0.916544;0.996325 0.0822568 0.0238817 -0.0771493 -0.08444 0.990026 0.11278 0.136898 -0.0143665 -0.114382 0.993333 0.105967 0 0 0 1 
26456013410224;0.781646;0.133816;0.943849 0.157589 0.29037 -0.388597 -0.222398 0.953012 0.205689 -0.280532 -0.244311 -0.258717 0.934547 -0.316551 0 0 0 1 
26456013410225;1.91639;0.328529;0.984803 -0.160279 0.0668849 0.0536634 0.143533 0.967937 0.206145 -0.111928 -0.097781 -0.193412 0.976233 -0.739355 0 0 0 1 
26456013410226;0.740714;0.505077;0.984113 0.148588 0.0971762 -0.185693 -0.143954 0.988158 -0.053115 0.109522 -0.103918 0.0382823 0.993849 -0.10355 0 0 0 1 
26456013410227;0.854149;0.77453;0.999674 -0.0253357 0.00304526 -0.00680185 0.0254809 0.997524 -0.0655539 -0.000527921 -0.00137687 0.0656102 0.997844 -0.0164138 0 0 0 1 
26456013410228;0.477964;0.114479;0.97164 -0.0869285 -0.219909 0.225728 0.0362336 0.973728 -0.224814 0.292031 0.233674 0.21047 0.949262 0.039038 0 0 0 1 
26456013410229;0.488387;0.128846;0.900896 -0.224698 -0.371344 0.336724 0.287593 0.949824 0.122979 0.0124078 0.325079 -0.217587 0.920315 0.342221 0 0 0 1 
26456013410230;0.907029;0.0935287;0.995213 0.0976976 0.00232499 -0.00623392 -0.0976983 0.994099 0.0471309 0.101906 0.0022933 -0.0471324 0.998886 -0.253419 0 0 0 1 
26456013410231;2.37848;0.122041;0.973871 -0.157411 -0.163698 0.281417 0.207033 0.91163 0.355061 -0.466896 0.0933417 -0.379675 0.920399 -0.630161 0 0 0 1 
26456013410232;0.758672;0.210436;0.997191 0.0416324 0.0622636 0.0722734 -0.0450572 0.997488 0.0546521 -0.0944763 -0.0598319 -0.057304 0.996562 -0.237205 0 0 0 1 
26456013410233;0.876115;0.125182;0.996304 -0.0825278 0.0238295 -0.0338213 0.081232 0.995389 0.0510071 0.385242 -0.0279291 -0.0488828 0.998414 0.0539534 0 0 0 1 
26456013410234;0.436918;0.046223;0.991093 0.128041 0.036621 -0.0912324 -0.133128 0.945266 0.297907 -0.396554 0.00352761 -0.300128 0.953892 0.307669 0 0 0 1 
26456013410235;0.42537;0.136486;0.936613 0.0241702 0.349532 -0.404493 0.0202095 0.99223 -0.122767 0.0570149 -0.349783 0.122049 0.928846 -0.343857 0 0 0 1 
26456013410236;1.61117;0.0829173;0.983352 0.152261 0.0991705 -0.0141561 -0.163229 0.979989 0.113919 -0.128506 -0.0798405 -0.12821 0.988528 -0.649757 0 0 0 1 
26456013410237;1.76467;1.13187;0.976396 0.0771072 0.201758 -0.0632437 -0.128007 0.958964 0.252987 -0.0619553 -0.173971 -0.272841 0.946198 -0.107682 0 0 0 1 
26456013410238;1.19544;0.1883;0.95314 0.302506 -0.0038478 0.052455 -0.273549 0.867194 0.416108 -0.468194 0.129212 -0.395556 0.909307 -0.0594379 0 0 0 1 
26456013410239;0.73293;0.123673;0.892259 -0.379902 -0.244027 0.26769 0.390461 0.920603 -0.0055167 0.349401 0.226748 -0.0903608 0.969753 0.00288946 0 0 0 1 
26456013410240;1.79116;1.77223;0.972504 0.147646 -0.180101 0.0138491 -0.1086 0.971625 0.21012 -0.184659 0.206014 -0.184784 0.960944 0.320262 0 0 0 1 
26456013410241;1.92987;0.95175;0.986395 0.0192291 0.163266 0.249404 0.00224461 0.991468 -0.130334 0.0793 -0.164379 0.128927 0.977935 -0.129268 0 0 0 1 
26456013410242;1.40722;0.116274;0.943167 0.240877 0.228942 -0.313615 -0.319174 0.848445 0.422219 -0.481083 -0.0925421 -0.471295 0.877107 -0.334553 0 0 0 1 
26456013410243;0.583238;0.0837138;0.930045 -0.330828 0.159902 -0.144044 0.354456 0.922444 -0.153157 0.379073 -0.0968324 0.199121 0.975179 -0.250279 0 0 0 1 
26456013410244;0.533279;0.076872;0.997087 0.0515844 0.0561817 -0.0645541 -0.0524953 0.998511 0.0148597 0.0083481 -0.0553315 -0.0177657 0.99831 0.180504 0 0 0 1 
26456013410245;0.736282;0.0895796;0.961906 -0.198416 0.188063 -0.254219 0.23461 0.952271 -0.19529 0.299601 -0.140339 0.231972 0.962546 0.0869659 0 0 0 1 
26456013410246;1.05866;0.0957613;0.99787 0.0579189 -0.0299995 0.0036889 -0.0594823 0.99676 -0.0541482 -0.432056 0.0267661 0.0558173 0.998082 -0.0119135 0 0 0 1 
26456013410248;1.23759;0.4835;0.946914 -0.127253 -0.295229 -0.16415 0.167739 0.978979 0.116034 -0.0603905 0.274257 -0.159396 0.948354 1.07615 0 0 0 1 
26456013410249;1.46586;0.397318;0.808333 0.525611 0.2652 -0.488224 -0.573454 0.804891 0.15265 -0.916404 -0.133222 -0.275472 0.952033 0.619967 0 0 0 1 
26456013410250;0.412958;0.538782;0.989571 -0.00684264 -0.143887 -0.320203 -0.00952559 0.993576 -0.112762 0.0434283 0.143734 0.112956 0.983149 0.278116 0 0 0 1 
26456013410251;1.34871;0.379678;0.983313 0.178005 0.0375461 -0.185598 -0.17578 0.982835 -0.0560078 -0.344391 -0.0468713 0.0484734 0.997724 0.788622 0 0 0 1 
26456013410252;1.49487;0.945205;0.970304 -0.0705138 -0.231381 0.155363 0.214413 0.69351 0.687801 -0.664609 0.111966 -0.716987 0.688035 -0.15634 0 0 0 1 
26456013410253;0.288077;0.63884;0.889257 0.448227 -0.0911889 -0.444876 -0.454958 0.887347 -0.0750276 -0.680124 0.0472868 0.108206 0.993003 -0.158423 0 0 0 1 
26456013410254;0.399182;0.380988;0.943472 0.328257 0.0459102 -0.344652 -0.322754 0.941381 -0.0981382 -0.475544 -0.0754335 0.077773 0.994113 -0.306451 0 0 0 1 
26456013410255;1.26559;0.588205;0.99112 0.132971 0.000738188 -0.470362 -0.131053 0.977732 -0.163904 -0.28104 -0.0225163 0.162352 0.986476 0.649098 0 0 0 1 
26456013410256;0.836061;0.757198;0.940364 0.32202 -0.109628 -0.071431 -0.328523 0.943321 -0.0470968 -0.3072 0.0882479 0.0803033 0.992856 -0.126139 0 0 0 1 
26456013410257;1.31918;0.626575;0.962703 0.24041 -0.124118 -0.503684 -0.223714 0.965321 0.134567 -0.970863 0.152165 -0.101781 0.9831 -0.0491466 0 0 0 1 
26456013410258;1.48742;0.897641;0.985709 -0.140621 0.0927564 0.132339 0.127122 0.982218 0.138161 0.229845 -0.110535 -0.124396 0.986057 0.205098 0 0 0 1 
26456013410259;1.01942;0.364909;0.863423 0.495621 -0.0941322 -0.794881 -0.486386 0.867359 0.105435 -0.516727 0.133902 -0.0452504 0.989961 0.244562 0 0 0 1 
26456013410260;0.460663;0.570505;0.943616 0.0990811 -0.315865 -0.220478 0.0607928 0.886066 0.459555 -0.22134 0.325411 -0.452846 0.830083 0.699911 0 0 0 1 
26456013410261;1.44656;0.747456;0.990522 0.0608406 -0.123145 0.436056 -0.0612335 0.998123 0.000594797 0.169189 0.12295 0.00695145 0.992388 0.325105 0 0 0 1 
