#;prob_registration_l1 -r /home/probabilistic_point_clouds_registration/build/tester /home/point_clouds_registration_benchmark//devel/registration_pairs/p2at_met_local.txt /home/point_clouds_registration_benchmark//planetary/p2at_met -s 0.2 -t 0.2 -p 0.3 -r 1000 -m 25 -i 40 
id;initial_error;final_error;transformation
27844314100000;0.368279;0.341108;0.999523 0.000737822 0.030875 0.102064 -0.00504273 0.990197 0.139587 -0.0883641 -0.0304694 -0.139676 0.989728 -8.3357 0 0 0 1 
27844314100001;0.325629;0.116578;0.987414 0.0211479 -0.156739 0.4127 0.00830258 0.982723 0.184896 -0.201799 0.157942 -0.183871 0.970178 -7.81727 0 0 0 1 
27844314100002;0.342132;0.121573;0.930336 -0.0303443 0.36545 -2.10011 -0.0747477 0.959956 0.269995 -3.06488 -0.359009 -0.278503 0.890814 -24.6825 0 0 0 1 
27844314100003;0.135271;0.105477;0.995112 -0.012689 0.0979338 -0.555868 -0.00459972 0.984678 0.17432 -0.310593 -0.0986452 -0.173918 0.979807 -12.6008 0 0 0 1 
27844314100004;0.89077;0.678716;0.985469 0.0406894 -0.164911 1.5682 0.00284158 0.966799 0.255524 -1.09594 0.169833 -0.25228 0.952634 -12.1969 0 0 0 1 
27844314100005;0.300669;0.267251;0.935512 0.0489348 -0.349889 0.075066 -0.00406058 0.991785 0.127852 -0.0516857 0.353271 -0.118187 0.928026 1.06817 0 0 0 1 
27844314100006;0.461976;0.413724;0.999884 0.013145 0.00774738 0.842021 -0.0134157 0.999262 0.0359824 -0.129863 -0.00726868 -0.0360822 0.999322 -2.12198 0 0 0 1 
27844314100007;1.17629;0.972764;0.999171 0.0210112 0.0348593 1.40145 -0.0240714 0.995667 0.0898248 -0.35453 -0.0328209 -0.0905895 0.995347 -4.75684 0 0 0 1 
27844314100008;0.519074;0.412776;0.999823 0.0178079 0.0061144 1.08515 -0.0180112 0.999225 0.0349872 -0.366287 -0.00548661 -0.0350911 0.999369 -1.56753 0 0 0 1 
27844314100009;0.482706;0.473554;0.993299 -0.0174152 0.114251 -0.849565 0.0226979 0.998725 -0.0451008 0.307163 -0.11332 0.0473919 0.992428 0.0431268 0 0 0 1 
27844314100010;0.848926;0.0714723;0.998987 0.0284047 -0.0348918 1.73396 -0.0219325 0.984576 0.173576 -0.896571 0.039284 -0.172635 0.984202 -11.3433 0 0 0 1 
27844314100011;0.370547;0.305377;0.981717 0.000204715 -0.190345 -1.19968 -0.0115413 0.998224 -0.0584513 -0.630222 0.189995 0.0595795 0.979976 8.36224 0 0 0 1 
27844314100012;1.02719;0.402232;0.992227 0.00701415 -0.12424 -0.411685 -0.012008 0.999148 -0.0394925 -0.420126 0.123857 0.0406774 0.991466 7.51541 0 0 0 1 
27844314100013;0.818365;0.68696;0.998783 0.0252755 -0.0423588 1.45415 -0.0209835 0.994879 0.0988728 -0.63581 0.0446409 -0.0978636 0.994198 -5.54492 0 0 0 1 
27844314100014;0.722224;0.261044;0.998394 -9.15388e-05 -0.0566527 -0.126442 0.000467545 0.999978 0.00662383 0.0142818 0.0566508 -0.00663968 0.998372 -0.887255 0 0 0 1 
27844314100015;1.11358;0.579268;0.999535 -0.00074597 -0.0304766 0.145069 4.03112e-06 0.999704 -0.0243374 -0.285743 0.0304857 0.0243259 0.999239 -0.3487 0 0 0 1 
27844314100016;0.370882;0.069627;0.992421 -0.0199986 0.121243 -0.975561 0.0684695 0.909303 -0.410462 -5.10896 -0.102038 0.415653 0.903781 21.7144 0 0 0 1 
27844314100017;0.341055;0.219719;0.995337 -0.00495967 -0.0963284 -0.88188 0.00870128 0.999222 0.0384611 0.512228 0.0960627 -0.0391199 0.994606 0.0392465 0 0 0 1 
27844314100018;0.853373;0.263785;0.999519 0.0106115 0.0291291 0.794768 -0.010688 0.99994 0.00247311 -0.16231 -0.0291011 -0.00278325 0.999573 -2.9915 0 0 0 1 
27844314100019;0.871961;0.0946893;0.99996 0.00732301 0.00510074 0.650279 -0.00719217 0.999656 -0.0252137 -0.240985 -0.00528363 0.025176 0.999669 -1.00184 0 0 0 1 
27844314100020;0.613803;0.618235;0.996318 0.0260932 -0.0816668 1.14448 -0.0063276 0.972342 0.233476 -0.834581 0.0855002 -0.232099 0.968927 -12.042 0 0 0 1 
27844314100021;0.300355;0.118482;0.948323 -0.0337587 -0.315506 -4.51967 0.0142197 0.997847 -0.0640277 -0.151664 0.316989 0.0562325 0.946761 10.7433 0 0 0 1 
27844314100022;0.628187;0.0759219;0.999948 0.00771709 0.00670791 0.61641 -0.00757175 0.999742 -0.0214292 -0.232927 -0.00687155 0.0213773 0.999748 -0.625359 0 0 0 1 
27844314100023;0.278091;0.0924215;0.996411 0.00718858 0.0843393 0.648688 -0.0035843 0.999077 -0.0428093 -0.282093 -0.0845692 0.0423534 0.995517 -0.251891 0 0 0 1 
27844314100024;0.416131;0.284005;0.969212 0.00101781 -0.246226 -1.42152 -0.0104379 0.999262 -0.0369558 -0.294169 0.246006 0.0383881 0.968508 7.2101 0 0 0 1 
27844314100025;0.365706;0.324932;0.991624 -0.00803476 -0.128906 -1.04591 0.00794771 0.999968 -0.00118966 0.182488 0.128912 0.000155189 0.991656 2.59438 0 0 0 1 
27844314100026;0.38807;0.173656;0.983277 -0.00956525 0.181863 -0.438095 0.00058967 0.998782 0.0493437 -0.0183905 -0.182113 -0.0484113 0.982085 -7.9559 0 0 0 1 
27844314100027;0.827287;0.713861;0.980277 -0.0304754 -0.195264 -2.88709 0.0044996 0.991224 -0.132114 -1.00248 0.197577 0.12863 0.971812 11.7294 0 0 0 1 
27844314100028;0.216847;0.152931;0.993469 -0.0221643 0.111925 -1.18711 0.0361255 0.991587 -0.124295 0.0378336 -0.108229 0.127527 0.985913 4.9057 0 0 0 1 
27844314100029;0.528223;0.395649;0.996797 0.00971864 0.0793865 0.854907 -0.00813072 0.999761 -0.0203012 -0.242751 -0.0795648 0.0195907 0.996637 -1.4385 0 0 0 1 
27844314100031;1.32944;0.614882;0.999513 -0.0279555 -0.0138432 -0.0349658 0.0278665 0.99959 -0.00657716 0.0242129 0.0140214 0.00618819 0.999883 2.58989 0 0 0 1 
27844314100032;1.35252;0.975497;0.949302 0.044496 -0.311201 -1.48413 0.0501679 0.955803 0.289697 1.88916 0.310337 -0.290622 0.905113 6.14561 0 0 0 1 
27844314100033;0.908498;0.497308;0.974625 0.0225877 -0.222701 -0.924353 0.029441 0.973318 0.227565 1.01077 0.221899 -0.228347 0.947955 4.93133 0 0 0 1 
27844314100034;0.315932;0.2803;0.999852 0.0164929 0.00496983 -0.0793201 -0.016571 0.999733 0.0161103 -0.231 -0.0047028 -0.0161902 0.999858 -0.163073 0 0 0 1 
27844314100035;0.38412;0.172462;0.99956 -0.00471519 -0.0292817 0.0354786 0.00334643 0.998907 -0.0466189 -0.129787 0.0294695 0.0465004 0.998483 -0.484016 0 0 0 1 
27844314100036;0.255516;0.146082;0.996885 0.0262763 0.0743636 -0.101144 -0.038453 0.985141 0.167385 -0.0850994 -0.0688604 -0.169723 0.983083 -0.127257 0 0 0 1 
27844314100037;0.704806;0.428994;0.999533 -0.0246846 0.0179991 0.173898 0.0270747 0.988674 -0.147618 -0.172565 -0.0141514 0.148036 0.988881 0.155522 0 0 0 1 
27844314100038;1.02577;0.626524;0.996334 0.020764 0.0829948 0.0210035 -0.0179606 0.999247 -0.0343831 0.0572469 -0.0836463 0.0327664 0.995957 0.648441 0 0 0 1 
27844314100039;0.646323;0.225839;0.998199 -0.0156528 0.0579093 -0.00822918 0.0274437 0.977569 -0.208819 -0.162236 -0.0533417 0.210032 0.976238 0.116951 0 0 0 1 
27844314100040;0.526776;0.367506;0.957548 -0.000203175 0.288273 -0.247756 0.00944445 0.999485 -0.0306669 -0.317175 -0.288118 0.0320877 0.957057 -4.03224 0 0 0 1 
27844314100041;0.240913;0.186366;0.98688 -0.0283097 -0.158951 -0.214087 0.0188131 0.997964 -0.0609356 0.000698039 0.160353 0.0571458 0.985404 1.85607 0 0 0 1 
27844314100042;1.10623;0.679695;0.999607 -0.016984 -0.0222937 0.166863 0.0180089 0.998751 0.0466076 -0.349627 0.0214743 -0.0469907 0.998664 -0.919835 0 0 0 1 
27844314100043;0.537176;0.440083;0.951244 0.0272973 0.307229 -0.327693 -0.112951 0.957714 0.264625 -1.07244 -0.287014 -0.286425 0.914103 -3.40793 0 0 0 1 
27844314100044;0.682374;0.368026;0.990723 -0.0158007 0.134972 0.26589 0.0347222 0.989682 -0.139009 0.012668 -0.131383 0.142406 0.98105 -1.1275 0 0 0 1 
27844314100045;0.577329;0.362415;0.996511 -0.0226692 -0.0803268 -0.0899611 0.0188355 0.998662 -0.0481673 0.277638 0.0813113 0.0464862 0.995604 -0.0481713 0 0 0 1 
27844314100046;0.842689;0.457697;0.97835 0.0320364 -0.204462 -0.829853 -0.0030546 0.990074 0.140515 -0.463025 0.206934 -0.136848 0.968737 3.4723 0 0 0 1 
27844314100047;0.331521;0.31947;0.999754 0.00511409 0.0215827 -0.038813 -0.00449715 0.999583 -0.0285372 -0.0218633 -0.0217196 0.0284331 0.99936 -0.266397 0 0 0 1 
27844314100048;0.326512;0.241628;0.99971 -0.00520513 0.0235328 0.101462 0.00662289 0.998142 -0.0605753 -0.0203863 -0.0231738 0.0607136 0.997886 -0.0736012 0 0 0 1 
27844314100049;0.286094;0.163619;0.986918 0.0114899 -0.160812 -0.412913 -0.00578528 0.999339 0.0358975 -0.0729363 0.161118 -0.0344976 0.986332 1.61997 0 0 0 1 
27844314100050;1.23172;0.832762;0.999758 0.00864805 -0.0202505 -0.217054 -0.00825898 0.999781 0.0192183 0.321304 0.0204123 -0.0190464 0.99961 1.82996 0 0 0 1 
27844314100051;0.428034;0.184754;0.999727 -0.00268108 -0.0231964 -0.0757986 0.00228172 0.999849 -0.017226 -0.0375723 0.0232391 0.0171684 0.999583 1.10382 0 0 0 1 
27844314100052;1.33827;0.804963;0.999368 -0.0192831 -0.0298528 0.369384 0.0225577 0.993275 0.11356 -0.279981 0.0274623 -0.114162 0.993082 -1.07082 0 0 0 1 
27844314100053;1.32669;0.612542;0.970667 -0.00639555 0.240344 0.243268 -0.0306242 0.988215 0.149977 -0.674105 -0.238471 -0.152938 0.959032 -0.309547 0 0 0 1 
27844314100054;0.560805;0.174345;0.99061 -0.0023387 0.136698 0.0191078 -0.00464536 0.998701 0.0507498 -0.314075 -0.136639 -0.0509083 0.989312 -0.434877 0 0 0 1 
27844314100055;0.956315;0.806997;0.999191 -0.00223915 0.0401637 0.022859 0.00469523 0.998117 -0.0611622 0.241567 -0.0399511 0.0613013 0.997319 0.290084 0 0 0 1 
27844314100056;1.36899;0.930784;0.997923 -0.0229646 0.0601847 0.211832 0.0308642 0.990527 -0.133805 -0.383548 -0.0565418 0.135385 0.989178 -0.0280403 0 0 0 1 
27844314100057;0.0905846;0.0545921;0.990787 -0.00378909 0.135379 -0.00986801 0.00478437 0.999964 -0.00702718 -0.0537434 -0.135347 0.00761014 0.990769 -1.65823 0 0 0 1 
27844314100058;0.707405;0.172713;0.999663 0.0229973 0.0120759 0.0493988 -0.0229604 0.999731 -0.00319136 0.00152729 -0.0121461 0.00291301 0.999922 -1.49995 0 0 0 1 
27844314100059;0.65531;0.19798;0.893155 -0.0153762 0.449487 -1.13281 -0.0430823 0.991894 0.119538 -0.690617 -0.447681 -0.126131 0.885253 -6.21928 0 0 0 1 
27844314100060;1.27536;0.338737;0.981436 0.0215005 0.190579 -0.284302 -0.0101707 0.998133 -0.0602296 -0.765354 -0.191518 0.0571732 0.979823 -4.88503 0 0 0 1 
27844314100062;0.6633;0.469815;0.999946 -0.0103256 -0.00130788 -0.332639 0.0102698 0.999254 -0.037216 0.0283668 0.00169118 0.0372005 0.999306 0.586655 0 0 0 1 
27844314100063;1.6099;0.11986;0.994433 0.00977958 -0.104917 0.335844 -0.0110855 0.999868 -0.0118707 -0.0956546 0.104787 0.0129677 0.99441 -0.379172 0 0 0 1 
27844314100064;1.94982;1.7665;0.998626 0.00294125 0.0523293 0.173125 -0.000502562 0.998916 -0.046555 0.0480213 -0.0524095 0.0464647 0.997544 1.37458 0 0 0 1 
27844314100065;1.77485;0.712185;0.98854 0.0304149 0.147864 1.12866 -0.0863547 0.917339 0.388629 -3.20498 -0.123822 -0.396944 0.909452 -15.9543 0 0 0 1 
27844314100066;1.08018;0.49442;0.997016 0.0270443 0.072308 1.19478 -0.0309797 0.998067 0.0538697 -0.432714 -0.0707114 -0.055949 0.995927 -3.90369 0 0 0 1 
27844314100067;1.0783;0.497129;0.99947 -0.0113686 0.0305182 -0.423423 0.0109755 0.999855 0.0130154 0.281054 -0.0306617 -0.0126736 0.999449 0.425333 0 0 0 1 
27844314100068;0.329721;0.296145;0.999862 0.014525 0.00807696 0.474482 -0.0147233 0.999578 0.0250574 -0.0920753 -0.00770959 -0.0251728 0.999653 -1.01649 0 0 0 1 
27844314100069;0.992581;0.766159;0.917828 -0.0170106 0.396614 -0.497713 0.0456525 0.996976 -0.0628872 0.3821 -0.394345 0.0758261 0.915829 -3.99932 0 0 0 1 
27844314100070;1.68809;1.10365;0.99975 0.0099069 -0.0200376 0.14677 -0.00937214 0.999602 0.0266077 -0.115731 0.0202932 -0.0264132 0.999445 1.17992 0 0 0 1 
27844314100071;2.20263;0.925534;0.986827 0.0343346 -0.158092 0.893296 0.00658569 0.967883 0.251315 -0.543842 0.161643 -0.249045 0.954907 -8.04606 0 0 0 1 
27844314100072;0.844195;0.228802;0.919726 -0.0254518 -0.391734 -3.30775 -0.0262488 0.991675 -0.126059 -1.13548 0.391681 0.126222 0.911402 9.94379 0 0 0 1 
27844314100073;1.02691;0.50525;0.999389 0.00921422 0.033723 0.140638 -0.014616 0.986414 0.163628 0.170432 -0.0317571 -0.164021 0.985946 -4.31697 0 0 0 1 
27844314100074;0.384882;0.324759;0.998398 0.00322576 0.056482 0.153158 -0.012532 0.986181 0.165198 0.0283464 -0.0551686 -0.165641 0.984642 -6.03318 0 0 0 1 
27844314100075;1.31596;0.614762;0.997853 0.00759909 -0.0650563 0.303148 -0.00945848 0.999554 -0.0283212 -0.187006 0.0648121 0.0288758 0.99748 0.181996 0 0 0 1 
27844314100076;1.20785;1.17593;0.999937 -0.00301705 0.0108371 -0.101903 0.0028275 0.999843 0.0174641 0.151646 -0.0108881 -0.0174324 0.999789 -0.683154 0 0 0 1 
27844314100077;1.66098;0.427715;0.998047 0.026085 -0.0567568 0.909433 -0.0213533 0.996368 0.0824328 -0.372698 0.0587009 -0.0810599 0.994979 -3.82745 0 0 0 1 
27844314100078;1.89852;1.59061;0.999989 -0.00227965 -0.00421068 -0.0406084 0.00226399 0.999991 -0.00372011 0.236169 0.00421912 0.00371053 0.999984 -0.842443 0 0 0 1 
27844314100079;1.7021;1.46137;0.996448 0.0022297 0.0841782 0.388249 -0.011511 0.993872 0.109934 -0.107652 -0.0834172 -0.110513 0.990368 -3.79081 0 0 0 1 
27844314100080;1.10438;0.462773;0.972467 -0.012498 0.232707 -0.261706 -0.00514823 0.997165 0.0750689 0.0325113 -0.232985 -0.0742 0.969645 -6.81498 0 0 0 1 
27844314100081;0.430079;0.378326;0.999929 -0.0117955 -0.00182022 -0.436823 0.011774 0.999866 -0.011413 0.212993 0.0019546 0.0113907 0.999933 0.398079 0 0 0 1 
27844314100082;1.95213;1.43308;0.999448 0.0154096 0.0294443 0.342591 -0.0247337 0.936665 0.349352 -0.798906 -0.0221961 -0.349887 0.936529 -9.67202 0 0 0 1 
27844314100083;0.583263;0.255817;0.965843 0.00552751 0.259068 0.329248 -0.0261068 0.996761 0.0760629 -0.125882 -0.257809 -0.0802283 0.962859 -6.6558 0 0 0 1 
27844314100084;0.503644;0.455824;0.991105 -0.00398486 0.133025 0.0585382 -0.0297358 0.967651 0.250535 -0.588587 -0.12972 -0.252262 0.958925 -9.89934 0 0 0 1 
27844314100085;0.720603;0.415525;0.997081 0.0371839 0.0666852 1.39917 -0.0521798 0.969464 0.239618 -1.15256 -0.0557389 -0.242399 0.968574 -8.88803 0 0 0 1 
27844314100086;1.70425;1.40065;0.995881 0.0505054 -0.0753043 1.27545 -0.0237259 0.946721 0.321181 -1.04335 0.0875135 -0.318071 0.944019 -9.57771 0 0 0 1 
27844314100087;1.08193;0.861285;0.977926 -0.0353779 -0.205935 -1.83924 0.00804763 0.991208 -0.132065 -0.451959 0.208797 0.127493 0.969613 5.88989 0 0 0 1 
27844314100088;1.41218;0.80589;0.998086 -0.0171184 0.0594189 -0.530021 0.0224508 0.995664 -0.0902681 -0.0120566 -0.057616 0.0914294 0.994143 3.5269 0 0 0 1 
27844314100089;0.394008;0.331454;0.998565 0.00837636 -0.0529006 0.0180364 -0.00905925 0.999879 -0.0126823 -0.106224 0.0527879 0.0131434 0.998519 1.08626 0 0 0 1 
27844314100090;1.35838;0.703494;0.990662 -0.0357093 -0.131578 -1.197 5.66584e-05 0.965198 -0.261521 -1.48689 0.136338 0.259072 0.956187 8.35122 0 0 0 1 
27844314100091;1.04859;1.04584;0.999397 -0.000251007 -0.0347138 -0.156949 0.00272431 0.997457 0.0712194 0.217301 0.0346076 -0.0712711 0.996856 -1.79943 0 0 0 1 
27844314100093;0.967031;0.44694;0.989751 -0.116562 -0.0825028 -11.1799 0.104477 0.98489 -0.138113 1.55841 0.097355 0.128078 0.986974 16.7861 0 0 0 1 
27844314100094;1.92323;0.266829;0.972127 0.0508594 -0.228871 2.91199 -0.00479823 0.980299 0.19746 -0.682145 0.234405 -0.190858 0.95322 -8.18763 0 0 0 1 
27844314100095;0.873202;0.889523;0.993167 -0.0281989 0.113242 -1.52886 -0.011422 0.94222 0.3348 -4.61556 -0.11614 -0.333806 0.93546 -35.8527 0 0 0 1 
27844314100096;0.430323;0.732302;0.988879 0.042316 -0.142573 3.6146 -0.0416342 0.999103 0.00776324 -1.32212 0.142774 -0.00174097 0.989754 4.79389 0 0 0 1 
27844314100097;1.73872;0.304247;0.999523 0.0308451 -0.00123415 4.18916 -0.0308368 0.999505 0.00624722 0.388461 0.00142624 -0.00620619 0.99998 0.934027 0 0 0 1 
27844314100098;0.721991;0.609735;0.999947 0.00860949 0.00573177 1.22624 -0.00936202 0.988979 0.147757 -1.0657 -0.00439649 -0.147803 0.989007 -13.6914 0 0 0 1 
27844314100099;0.836004;0.616795;0.992247 -0.115313 -0.0463566 -11.8543 0.117977 0.991228 0.0595621 3.89409 0.0390817 -0.0645693 0.997148 -5.06897 0 0 0 1 
27844314100100;2.4061;0.253734;0.999522 -0.0277438 -0.0136512 -2.44434 0.0304157 0.96164 0.272625 -0.590618 0.00556391 -0.27291 0.962024 -23.5699 0 0 0 1 
27844314100101;0.366989;0.393795;0.988864 -0.12399 -0.0823094 -12.2658 0.146832 0.902999 0.403774 -2.93829 0.0242615 -0.411363 0.911149 -39.3086 0 0 0 1 
27844314100102;1.52564;0.536016;0.962618 -0.132949 0.23599 -13.7153 0.181872 0.962891 -0.199408 0.760057 -0.200721 0.234874 0.951076 15.74 0 0 0 1 
27844314100103;2.09748;0.360922;0.999937 -0.00243407 -0.0109236 0.55257 0.00250953 0.999973 0.00689991 -0.250442 0.0109065 -0.00692689 0.999917 -2.64992 0 0 0 1 
27844314100104;0.507469;0.424539;0.999238 0.0384222 -0.00689349 4.05073 -0.0383401 0.999197 0.0116747 -1.36849 0.00733652 -0.0114015 0.999908 -1.35196 0 0 0 1 
27844314100105;1.7041;2.21271;0.997758 -0.0591176 0.0313801 -5.06049 0.0633595 0.98537 -0.158214 -0.0226098 -0.0215678 0.159847 0.986906 14.5614 0 0 0 1 
27844314100106;0.621555;0.27149;0.97506 0.0177579 -0.221232 0.520342 0.00299215 0.995652 0.0931071 -0.13134 0.221923 -0.0914469 0.970766 -1.49783 0 0 0 1 
27844314100107;0.153647;0.307068;0.996236 -0.0861873 -0.00920789 -8.27923 0.0861881 0.996279 -0.000316839 2.73675 0.00920093 -0.000477963 0.999958 0.301982 0 0 0 1 
27844314100108;1.53872;0.295456;0.999015 0.0206486 -0.0392784 3.13786 -0.0258318 0.990317 -0.136403 -1.26656 0.0360815 0.137283 0.989874 15.9405 0 0 0 1 
27844314100109;1.60611;0.838745;0.999247 -0.0196818 -0.0334362 -2.1448 0.0218862 0.99752 0.0668937 0.477432 0.0320367 -0.0675751 0.9972 -6.86971 0 0 0 1 
27844314100110;2.36031;0.752983;0.998944 0.0453615 -0.0072947 5.6153 -0.0458454 0.994559 -0.0935395 -3.37142 0.00301193 0.0937752 0.995589 11.2507 0 0 0 1 
27844314100111;0.227132;0.47874;0.967438 0.0324309 -0.25102 1.62567 0.0162517 0.981751 0.189473 -0.538342 0.252584 -0.187383 0.949257 -9.40993 0 0 0 1 
27844314100112;2.20462;2.08513;0.999105 -0.0388711 -0.0166844 -3.61392 0.0320545 0.95309 -0.300986 -4.31726 0.0276014 0.300182 0.953483 28.891 0 0 0 1 
27844314100113;2.4063;0.313177;0.993184 -0.0812049 0.0836125 -7.32892 0.0935049 0.983381 -0.155626 0.596774 -0.0695852 0.162384 0.984271 16.233 0 0 0 1 
27844314100114;0.335195;0.372637;0.963147 -0.185569 0.194709 -18.2199 0.197668 0.979259 -0.0444964 4.9166 -0.182413 0.0813442 0.979851 1.27232 0 0 0 1 
27844314100115;1.83608;0.238382;0.998772 0.0493779 -0.00398395 7.07368 -0.0493147 0.998676 0.0146544 -1.02754 0.00470228 -0.0144399 0.999885 -0.730831 0 0 0 1 
27844314100116;1.89876;1.39933;0.97798 -0.0490443 0.202854 -4.46327 0.0302273 0.995033 0.0948421 1.43055 -0.206498 -0.086622 0.974605 -14.3055 0 0 0 1 
27844314100117;2.29451;1.02998;0.991293 0.0186008 -0.130355 1.60394 0.015545 0.966518 0.256129 -1.51419 0.130754 -0.255925 0.957813 -17.7706 0 0 0 1 
27844314100118;2.1601;2.00363;0.999777 0.0178115 0.0113458 2.21758 -0.017545 0.999578 -0.0231714 -0.0215287 -0.0117537 0.0229672 0.999667 2.2108 0 0 0 1 
27844314100119;1.47956;0.906737;0.999994 0.00293366 -0.00206311 2.0428 -0.00282771 0.998765 0.0496034 -0.570028 0.00220609 -0.0495972 0.998767 -5.88932 0 0 0 1 
27844314100120;0.852594;0.851862;0.977717 -0.0424919 -0.205584 -4.85188 -0.00247175 0.976903 -0.21367 -3.23684 0.209914 0.209417 0.955029 28.5257 0 0 0 1 
27844314100121;1.87824;0.763;0.998052 -0.0129562 0.0610196 -0.437314 0.0115117 0.999647 0.0239644 0.181129 -0.0613085 -0.0232153 0.997849 -6.46236 0 0 0 1 
27844314100122;1.73464;0.168527;0.968512 -0.0284618 -0.247336 -2.90592 0.0257485 0.999568 -0.0141981 1.85758 0.247633 0.00738244 0.968826 8.52387 0 0 0 1 
27844314100124;0.405551;0.248666;0.997229 -0.0566671 -0.0481992 -5.02526 0.0615547 0.992369 0.106835 1.78905 0.0417774 -0.109506 0.993108 -7.87578 0 0 0 1 
27844314100125;0.438401;0.268158;0.907255 -0.0978749 0.409035 -11.0556 0.144924 0.985735 -0.0855777 3.1275 -0.394824 0.13692 0.908497 -1.98541 0 0 0 1 
27844314100126;1.24567;0.208959;0.977226 -0.206828 -0.0474415 -20.4473 0.203094 0.976409 -0.0733386 2.8421 0.0614908 0.0620333 0.996178 6.90865 0 0 0 1 
27844314100127;1.48846;1.24531;0.999341 -0.0175837 -0.0317514 -3.4248 0.0196608 0.997604 0.0663367 -0.714818 0.0305089 -0.0669173 0.997292 -2.52312 0 0 0 1 
27844314100128;1.19785;0.221401;0.996685 -0.019098 -0.0790783 -2.37211 0.0146046 0.998266 -0.0570161 0.307359 0.0800301 0.0556723 0.995237 5.80129 0 0 0 1 
27844314100129;1.23822;0.223727;0.989856 0.141724 0.00992778 10.2738 -0.140731 0.987698 -0.0681774 -7.0862 -0.019468 0.0660887 0.997624 6.38042 0 0 0 1 
27844314100130;0.532996;0.259556;0.982214 0.00167818 -0.187756 -1.12611 -0.0415104 0.977158 -0.208421 -3.87249 0.183117 0.212508 0.959848 24.626 0 0 0 1 
27844314100131;0.768744;0.198447;0.985091 0.170514 -0.0228379 14.3282 -0.162082 0.964377 0.209059 -8.69199 0.0576718 -0.202241 0.977636 -14.7882 0 0 0 1 
27844314100132;0.304449;0.177225;0.990031 0.05224 -0.130805 3.46161 -0.0271009 0.981976 0.187055 -2.16757 0.138219 -0.181645 0.973602 -11.5536 0 0 0 1 
27844314100133;0.242712;0.244923;0.97106 -0.106191 -0.21393 -11.497 0.030826 0.943952 -0.328639 -5.40528 0.236838 0.312534 0.919908 35.82 0 0 0 1 
27844314100134;1.30166;0.236376;0.971793 0.0336465 0.233421 2.4136 -0.0307762 0.999399 -0.0159291 -1.10252 -0.233817 0.00829596 0.972245 -9.44595 0 0 0 1 
27844314100135;0.261851;0.241934;0.992846 -0.105696 0.0555516 -9.42403 0.103545 0.993809 0.040276 3.20552 -0.0594647 -0.0342358 0.997643 -4.88378 0 0 0 1 
27844314100136;1.42144;0.23631;0.991737 0.12807 0.00741764 10.7042 -0.126743 0.987113 -0.0976925 -7.67565 -0.0198336 0.0959452 0.995189 9.58688 0 0 0 1 
27844314100137;1.20547;0.330169;0.947815 -0.290245 0.131923 -28.3177 0.317079 0.901333 -0.29506 -0.420526 -0.0332665 0.321492 0.946328 28.6455 0 0 0 1 
27844314100138;0.244336;0.240032;0.993994 0.0230706 -0.106976 1.19588 -0.0425599 0.982068 -0.183662 -3.91737 0.10082 0.187112 0.977151 19.7798 0 0 0 1 
27844314100139;1.59431;0.192424;0.998762 -0.0497035 -0.00193662 -3.59057 0.0497195 0.99872 0.00931794 -0.656602 0.00147101 -0.0094027 0.999955 -1.79082 0 0 0 1 
27844314100140;0.22734;0.259616;0.995087 -0.0982512 0.0122186 -9.03725 0.0984365 0.995021 -0.0156167 2.95016 -0.0106234 0.0167427 0.999803 1.24494 0 0 0 1 
27844314100141;0.358346;0.285206;0.952511 -0.216812 -0.213813 -21.8741 0.173581 0.963513 -0.203745 2.03988 0.250186 0.156955 0.955391 22.2887 0 0 0 1 
27844314100142;0.117962;0.21157;0.995097 0.0972466 0.0180534 8.27076 -0.0961654 0.993935 -0.0533417 -4.19647 -0.0231312 0.051344 0.998413 3.88656 0 0 0 1 
27844314100143;1.8568;1.71886;0.999923 0.00582042 0.0109911 0.571196 -0.0045543 0.993709 -0.111896 -2.142 -0.0115732 0.111838 0.993659 9.58836 0 0 0 1 
27844314100144;0.573265;0.255974;0.987212 -0.000443986 -0.159409 -1.79935 0.00380438 0.999777 0.0207757 0.587134 0.159365 -0.0211165 0.986994 3.65707 0 0 0 1 
27844314100145;0.564902;1.10937;0.968058 -0.23849 -0.0773743 -23.4654 0.22713 0.964845 -0.132233 3.06048 0.106191 0.110436 0.988194 13.5934 0 0 0 1 
27844314100146;0.457208;0.19487;0.999756 0.0124134 0.0182926 0.820102 -0.0130163 0.999363 0.0332157 -0.580468 -0.0178687 -0.0334457 0.999281 -2.62686 0 0 0 1 
27844314100147;0.839697;0.238702;0.994277 -0.0459713 -0.0964328 -5.72019 0.0564421 0.992457 0.108828 1.62287 0.0907025 -0.113648 0.989372 -7.93484 0 0 0 1 
27844314100148;1.27087;0.188467;0.999387 -3.69253e-05 0.0350082 -1.61201 0.00579685 0.986369 -0.164443 -3.28586 -0.034525 0.164546 0.985765 13.4581 0 0 0 1 
27844314100149;0.814525;0.397204;0.993899 0.00377886 0.110232 -0.347334 0.0520942 0.864832 -0.499351 -11.7025 -0.097219 0.502047 0.859359 41.2745 0 0 0 1 
27844314100150;1.30625;0.841337;0.997248 0.0440565 0.0596312 2.29888 -0.0235136 0.950715 -0.309172 -8.91442 -0.0703133 0.306919 0.949135 23.6113 0 0 0 1 
27844314100151;1.21483;0.91186;0.986631 -0.0767968 0.143739 -7.03758 0.0789219 0.996839 -0.00913245 2.58114 -0.142584 0.0203545 0.989573 -1.83283 0 0 0 1 
27844314100152;0.850848;1.1908;0.979825 -0.0150459 0.19929 -2.11573 0.0671217 0.964017 -0.257228 -2.40395 -0.188249 0.265415 0.945578 16.5772 0 0 0 1 
27844314100153;1.33869;0.198506;0.986439 0.141098 0.0838366 10.2154 -0.142931 0.989599 0.0162445 -7.06929 -0.0806726 -0.028007 0.996347 -5.75842 0 0 0 1 
27844314100155;1.31103;1.24043;0.996453 -0.0698436 -0.0469395 -3.47836 0.0591047 0.977929 -0.200405 -0.533674 0.0599005 0.19692 0.978588 10.4534 0 0 0 1 
27844314100156;0.173499;0.207407;0.999595 -0.0168443 -0.0229548 -1.1362 0.0172629 0.999686 0.0181604 0.625903 0.0226417 -0.0185493 0.999572 -0.470379 0 0 0 1 
27844314100157;1.77732;0.364809;0.988984 0.119482 -0.087375 4.35128 -0.110798 0.988973 0.0982708 -1.15994 0.098153 -0.0875073 0.991317 -3.30922 0 0 0 1 
27844314100158;2.31932;0.257229;0.975331 0.0790708 -0.206101 1.22483 0.0236929 0.890757 0.453862 -0.717856 0.219473 -0.447549 0.866909 -14.8351 0 0 0 1 
27844314100159;1.17995;0.226407;0.995847 0.066082 -0.0626301 2.60601 -0.0611981 0.995157 0.0769283 -1.28812 0.0674104 -0.0727759 0.995068 -3.16727 0 0 0 1 
27844314100160;1.94121;0.340082;0.979853 -0.0589022 -0.190838 -3.79618 0.0640177 0.997733 0.0207462 2.05499 0.189183 -0.0325452 0.981402 4.65675 0 0 0 1 
27844314100161;0.541664;0.450717;0.991479 0.0304684 -0.126655 0.508109 -0.044884 0.992629 -0.112571 -1.63832 0.122292 0.117296 0.985539 8.60835 0 0 0 1 
27844314100162;1.51732;1.35253;0.991019 -0.129097 -0.0348511 -7.65587 0.129056 0.991631 -0.00342147 3.75227 0.0350012 -0.00110701 0.999387 1.19546 0 0 0 1 
27844314100163;1.36524;0.541317;0.946911 -0.321269 -0.0120593 -17.3056 0.320842 0.946713 -0.0281971 3.84572 0.0204756 0.022831 0.99953 0.84831 0 0 0 1 
27844314100164;0.587208;0.281388;0.97554 -0.219536 -0.0112137 -11.0559 0.219776 0.973007 0.0704065 4.43648 -0.00454576 -0.0711488 0.997455 -2.93461 0 0 0 1 
27844314100165;1.53313;0.296051;0.999449 0.0329477 -0.00396355 1.85613 -0.0328431 0.999171 0.0240625 -1.67079 0.00475307 -0.0239191 0.999703 0.0756804 0 0 0 1 
27844314100166;0.330265;0.283832;0.967447 -0.251578 -0.0274709 -12.6086 0.248249 0.96449 -0.0901761 3.77077 0.0491818 0.080421 0.995547 4.97254 0 0 0 1 
27844314100167;0.903395;0.267663;0.988589 -0.130682 0.0749271 -5.83708 0.14155 0.976035 -0.165287 1.06716 -0.0515313 0.174007 0.983395 6.14786 0 0 0 1 
27844314100168;2.432;0.287408;0.994851 -0.0450988 0.0907563 -1.95494 0.0427966 0.998715 0.027155 0.42399 -0.0918643 -0.0231312 0.995503 -0.572273 0 0 0 1 
27844314100169;1.16953;0.680057;0.940804 0.0433569 0.336167 2.45662 0.065129 0.95018 -0.30482 -2.36933 -0.332636 0.30867 0.89111 6.6884 0 0 0 1 
27844314100170;0.524881;0.295867;0.981376 -0.0528663 -0.184681 -3.59032 0.0746449 0.990783 0.113036 1.4621 0.177003 -0.124716 0.976276 -1.87029 0 0 0 1 
27844314100171;2.35705;0.233436;0.957603 0.143572 0.249768 5.98117 -0.101128 0.979323 -0.175215 -3.09773 -0.269759 0.142528 0.952321 -2.04312 0 0 0 1 
27844314100172;0.422262;0.225571;0.997274 0.018304 -0.0714827 0.0682844 -0.01376 0.997884 0.0635503 0.413676 0.0724946 -0.0623935 0.995415 -1.32688 0 0 0 1 
27844314100173;0.404553;0.248358;0.992779 -0.0966461 -0.0710541 -5.07047 0.104682 0.987266 0.119777 2.07752 0.0585734 -0.126351 0.990255 -4.43698 0 0 0 1 
27844314100174;0.99992;0.970849;0.989494 0.144008 -0.0127464 4.80469 -0.143389 0.988834 0.0405816 -3.3222 0.0184482 -0.0383276 0.999095 -1.96755 0 0 0 1 
27844314100175;0.837078;0.290486;0.998942 0.0443391 -0.0122376 1.64003 -0.0440271 0.998725 0.024688 0.0275492 0.0133166 -0.0241231 0.99962 -1.09594 0 0 0 1 
27844314100176;0.793248;0.658807;0.997456 0.012218 -0.0702326 -0.127928 -0.0343454 0.945685 -0.323264 -4.52921 0.0624683 0.324854 0.943699 16.9702 0 0 0 1 
27844314100177;2.13358;0.243391;0.999898 -0.00977343 -0.010371 -0.504219 0.0099275 0.99984 0.014909 0.605168 0.0102236 -0.0150104 0.999835 -2.82368 0 0 0 1 
27844314100178;1.06641;1.18137;0.983929 -0.172912 -0.0445656 -8.74375 0.172863 0.984933 -0.00497162 3.3081 0.0447538 -0.00281203 0.998994 0.64417 0 0 0 1 
27844314100179;2.46162;0.578875;0.959926 0.0681599 -0.271838 1.11471 -0.106889 0.985696 -0.130298 -2.12412 0.259069 0.154133 0.953481 10.4671 0 0 0 1 
27844314100180;2.13141;0.283607;0.921619 0.251651 0.29545 8.87329 -0.301362 0.943727 0.136238 -9.35677 -0.244539 -0.214597 0.945594 -16.3941 0 0 0 1 
27844314100181;0.683715;0.32937;0.998858 0.0453421 0.0150667 2.1326 -0.0459771 0.997934 0.0448796 -0.693905 -0.0130007 -0.0455211 0.998879 -1.75413 0 0 0 1 
27844314100182;1.078;0.251621;0.982222 -0.0749256 0.172124 -3.1856 0.0630153 0.995291 0.0736549 1.31239 -0.176832 -0.061499 0.982318 -5.76844 0 0 0 1 
27844314100183;1.04239;0.255539;0.90373 -0.199731 0.378654 -9.67044 0.0891196 0.95289 0.289927 1.47068 -0.418723 -0.22827 0.878956 -19.5647 0 0 0 1 
27844314100184;1.3844;0.272471;0.983803 -0.036504 0.175495 -1.20187 0.0195615 0.995061 0.0973187 -0.626542 -0.178181 -0.0923095 0.979658 -8.61633 0 0 0 1 
27844314100186;0.793481;0.407637;0.97194 0.109776 -0.208042 5.93118 -0.0602577 0.971109 0.230901 -2.61581 0.227379 -0.211886 0.950475 -6.39541 0 0 0 1 
27844314100187;1.90684;0.261292;0.99673 0.0801176 0.010553 6.16252 -0.0796428 0.996037 -0.0395833 -2.31513 -0.0136825 0.0386134 0.999161 3.66694 0 0 0 1 
27844314100188;0.899725;1.30493;0.896537 0.147943 0.417534 9.42543 -0.142284 0.988809 -0.0448452 -5.0987 -0.419496 -0.0192032 0.907554 -16.4855 0 0 0 1 
27844314100189;2.92803;2.49198;0.995992 -0.0317287 -0.083624 -2.71309 0.0216698 0.99271 -0.11856 -1.0095 0.0867761 0.116273 0.989419 11.0299 0 0 0 1 
27844314100190;2.25734;1.08477;0.996874 0.0682133 -0.0398641 5.43595 -0.0741454 0.981981 -0.173826 -5.08212 0.0272886 0.176238 0.983969 13.806 0 0 0 1 
27844314100191;2.96618;1.1737;0.985131 -0.0586175 0.161498 -3.31439 0.116694 0.918189 -0.378564 -4.4998 -0.126095 0.391781 0.911377 24.2815 0 0 0 1 
27844314100192;2.51273;1.21157;0.92777 -0.112254 -0.355869 -9.65903 0.0839425 0.99202 -0.0940766 0.775347 0.36359 0.0574089 0.929789 15.9253 0 0 0 1 
27844314100193;1.47826;0.662451;0.994731 0.0416326 -0.0936887 2.74726 -0.0373155 0.99818 0.047369 -1.1439 0.0954903 -0.0436234 0.994474 1.13607 0 0 0 1 
27844314100194;2.31253;1.32903;0.970869 0.0158864 -0.239082 -1.56962 -0.00859803 0.999467 0.031497 -0.00806712 0.239455 -0.0285238 0.970488 7.29401 0 0 0 1 
27844314100195;2.39108;0.392882;0.980152 -0.180657 -0.0816453 -12.0251 0.146951 0.938495 -0.312461 -0.337024 0.133072 0.294261 0.946416 22.3439 0 0 0 1 
27844314100196;0.463067;0.924503;0.995046 0.0370539 0.0922549 3.70465 -0.0417155 0.997921 0.0491243 -1.37739 -0.0902429 -0.0527294 0.994523 -6.70918 0 0 0 1 
27844314100197;2.03095;1.99625;0.993879 -0.0660407 -0.0885632 -4.9702 0.0561095 0.992315 -0.110285 0.303551 0.0951658 0.104641 0.989946 9.30197 0 0 0 1 
27844314100198;1.85236;0.283459;0.978 -0.12431 -0.167517 -8.59785 0.127276 0.991842 0.0070442 4.05145 0.165275 -0.0282102 0.985844 4.74613 0 0 0 1 
27844314100199;0.504668;0.403936;0.988065 -0.141866 -0.0600155 -9.98231 0.147662 0.983256 0.106789 4.38468 0.0438608 -0.114377 0.992469 -6.7999 0 0 0 1 
27844314100200;2.93423;0.714818;0.993605 -0.112087 0.0135962 -7.37741 0.112843 0.989913 -0.0856663 2.03227 -0.00385695 0.0866527 0.996231 3.11533 0 0 0 1 
27844314100201;1.21539;0.585483;0.988805 0.0163458 0.148318 1.66265 -0.0419873 0.984299 0.171444 -2.03911 -0.143186 -0.175752 0.973966 -17.7839 0 0 0 1 
27844314100202;1.66781;0.795643;0.931202 0.22804 -0.28436 12.1623 -0.194908 0.970748 0.140212 -6.99381 0.308016 -0.0751418 0.948409 6.38008 0 0 0 1 
27844314100203;0.429271;0.862453;0.932181 -0.117938 0.342242 -8.10203 0.0240386 0.963519 0.266558 -0.770072 -0.361194 -0.240253 0.901009 -29.1422 0 0 0 1 
27844314100204;0.64969;0.943753;0.921523 0.0113298 -0.388159 -3.24123 0.0654969 0.980719 0.184121 1.60245 0.382761 -0.195095 0.903013 -1.29756 0 0 0 1 
27844314100205;2.89316;2.47812;0.995907 -0.00458803 -0.0902675 -0.361068 -0.000187289 0.998604 -0.0528224 -0.572692 0.0903839 0.0526231 0.994516 5.30437 0 0 0 1 
27844314100206;1.28236;0.437181;0.996226 -0.0564547 0.0659364 -2.82748 0.067632 0.980984 -0.181925 -0.887475 -0.054412 0.185698 0.981099 10.6433 0 0 0 1 
27844314100207;1.92404;0.914109;0.967582 0.168873 -0.187792 10.2419 -0.151538 0.983047 0.103223 -5.80853 0.202041 -0.0714194 0.97677 3.47367 0 0 0 1 
27844314100208;1.88311;0.722033;0.917744 0.0727413 0.390455 4.6334 0.00203249 0.982212 -0.187762 -1.61735 -0.397167 0.173111 0.901272 -3.757 0 0 0 1 
27844314100209;2.33052;0.875262;0.988517 0.14908 0.024669 10.8849 -0.149188 0.988805 0.00258671 -5.33791 -0.0240072 -0.00623732 0.999692 -3.38315 0 0 0 1 
27844314100210;0.530209;0.718484;0.994603 -0.0333146 0.0982643 -1.55212 0.0408314 0.996309 -0.0755044 0.411869 -0.0953862 0.0791091 0.992292 1.71974 0 0 0 1 
27844314100211;2.44996;1.17568;0.997863 0.03292 -0.0564373 2.34601 -0.0343953 0.999086 -0.0253722 -1.18919 0.0555505 0.0272591 0.998084 5.82712 0 0 0 1 
27844314100212;2.84301;0.907047;0.991674 0.111778 -0.0639467 7.95345 -0.116399 0.990457 -0.0737966 -4.02105 0.0550876 0.0806255 0.995221 4.75896 0 0 0 1 
27844314100213;1.50297;0.42611;0.997673 0.0627772 0.0265832 5.76079 -0.0573142 0.983504 -0.171564 -4.70631 -0.036915 0.169641 0.984814 10.5663 0 0 0 1 
27844314100214;0.564234;0.477455;0.986653 -0.103138 0.126013 -6.54943 0.105359 0.994373 -0.0110714 3.02369 -0.124162 0.0242002 0.991967 -2.10652 0 0 0 1 
27844314100215;0.386204;1.2354;0.9789 0.17279 -0.109082 11.5282 -0.18097 0.980988 -0.0700952 -6.94667 0.0948964 0.0883567 0.991558 9.07693 0 0 0 1 
27844314100217;0.459527;0.829067;0.995205 0.0382791 -0.09001 0.718894 -0.0398607 0.99908 -0.0158389 -1.48845 0.0893208 0.0193508 0.995815 2.90331 0 0 0 1 
27844314100218;2.20727;0.270414;0.973814 0.226496 -0.0196394 3.53644 -0.226684 0.973936 -0.00790227 -7.92053 0.0173377 0.0121473 0.999776 3.44219 0 0 0 1 
27844314100219;2.19715;0.313003;0.993194 -0.114638 -0.0205771 -2.55215 0.113925 0.992941 -0.0330012 3.08313 0.0242151 0.0304323 0.999243 3.96933 0 0 0 1 
27844314100220;1.31114;0.314242;0.997526 -0.00918129 -0.0696983 0.945091 0.00738389 0.999635 -0.0260023 -0.677241 0.0699115 0.0254234 0.997229 2.48446 0 0 0 1 
27844314100221;1.65894;1.75769;0.999836 0.0145701 0.0107195 0.60372 -0.0148957 0.99941 0.0309467 -0.437022 -0.0102623 -0.0311013 0.999464 -0.388862 0 0 0 1 
27844314100222;1.73745;0.135183;0.948607 0.268052 -0.168204 4.0552 -0.246984 0.959421 0.13605 -9.23533 0.197847 -0.0875139 0.976319 5.12699 0 0 0 1 
27844314100223;2.40198;1.43508;0.998361 -0.00090939 -0.0572269 0.697605 0.000599767 0.999985 -0.00542738 0.314705 0.057231 0.00538416 0.998346 3.38279 0 0 0 1 
27844314100224;0.843273;0.894941;0.999357 0.0174903 -0.0313098 0.508456 -0.0147719 0.996268 0.08504 -0.540406 0.0326803 -0.0845228 0.995885 -0.301897 0 0 0 1 
27844314100225;1.09219;1.57447;0.999979 0.00545589 0.00341224 0.82285 -0.00523033 0.998003 -0.0629421 -0.0365542 -0.00374883 0.0629229 0.998011 1.1298 0 0 0 1 
27844314100226;2.28577;0.296595;0.927373 0.258046 -0.270907 1.95322 -0.186074 0.946292 0.2644 -6.57988 0.324584 -0.194789 0.925582 8.55069 0 0 0 1 
27844314100227;0.739768;1.00412;0.989488 0.0530663 -0.134524 0.891743 -0.0488414 0.99821 0.0345172 -1.35152 0.136115 -0.027584 0.990309 3.85854 0 0 0 1 
27844314100228;0.965544;0.193881;0.989276 0.0915253 -0.113827 1.56388 -0.0873908 0.995338 0.0408079 -3.05105 0.117031 -0.0304228 0.992662 3.95306 0 0 0 1 
27844314100229;0.882458;0.89326;0.965635 0.0357449 0.25743 1.33125 0.010883 0.984067 -0.177463 -0.825107 -0.259672 0.174166 0.949861 -5.70728 0 0 0 1 
27844314100230;0.333053;0.249141;0.951263 0.158644 -0.264445 0.458583 -0.066849 0.943218 0.325378 -1.81678 0.301048 -0.291842 0.907854 3.17531 0 0 0 1 
27844314100231;2.08116;0.190222;0.995482 -0.0421814 0.0850626 -0.134607 0.0440032 0.998838 -0.0196559 0.957619 -0.0841346 0.0233101 0.996182 0.370648 0 0 0 1 
27844314100232;2.3687;1.10508;0.99955 -0.00941655 -0.0284823 -1.34914 0.00863537 0.999587 -0.0274265 1.16946 0.0287288 0.0271682 0.999218 0.10721 0 0 0 1 
27844314100233;0.91161;0.701142;0.998342 0.0533834 -0.0215286 1.51874 -0.0530492 0.998467 0.0158046 -1.88357 0.0223393 -0.0146363 0.999643 -0.544422 0 0 0 1 
27844314100234;2.15311;0.945119;0.997871 0.0147821 0.0635175 1.50125 -0.0156213 0.999797 0.0127359 0.190449 -0.0633163 -0.0137011 0.997899 -4.85217 0 0 0 1 
27844314100235;1.5865;0.44728;0.942884 0.0106067 -0.332952 -4.398 -0.0238651 0.999076 -0.0357563 -0.923534 0.332265 0.0416599 0.942266 10.3548 0 0 0 1 
27844314100236;0.801975;0.924666;0.99864 0.0478666 -0.0206639 1.40509 -0.0491875 0.996402 -0.0690219 -1.54628 0.0172857 0.0699445 0.997401 1.72842 0 0 0 1 
27844314100237;0.36254;0.204311;0.987756 0.140852 -0.0670718 1.88913 -0.137608 0.989184 0.0507786 -4.09936 0.0734986 -0.0409273 0.996455 1.65612 0 0 0 1 
27844314100238;0.509991;0.357591;0.993553 0.0299941 -0.109331 0.447981 -0.0678396 0.92995 -0.361372 -5.06124 0.0908332 0.366459 0.92599 8.89709 0 0 0 1 
27844314100239;2.45541;1.71655;0.998698 0.0392308 -0.0326039 0.643683 -0.0385669 0.999041 0.0207467 -1.63131 0.0333865 -0.0194623 0.999253 3.10857 0 0 0 1 
27844314100240;0.531694;0.238541;0.997683 -0.0635372 0.0243065 -1.15606 0.0630235 0.997784 0.0213477 1.8729 -0.025609 -0.0197663 0.999477 -0.633464 0 0 0 1 
27844314100241;1.90316;0.385674;0.980795 -0.194133 0.0188159 -1.81939 0.192093 0.978171 0.0792612 6.71617 -0.0337924 -0.0741246 0.996676 -3.53233 0 0 0 1 
27844314100242;0.857743;0.237995;0.987795 0.0332431 0.152168 1.42992 -0.0372961 0.999019 0.023858 -0.639065 -0.151226 -0.0292421 0.988067 -4.41493 0 0 0 1 
27844314100243;1.52979;1.92701;0.988008 0.00517369 -0.154319 -0.358589 -0.012009 0.998986 -0.0433942 -0.152306 0.153938 0.044727 0.987068 5.07467 0 0 0 1 
27844314100244;1.45043;0.864743;0.985409 0.106358 -0.132883 0.903909 -0.0593948 0.946518 0.317136 -1.26237 0.159506 -0.304616 0.939024 0.240652 0 0 0 1 
27844314100245;0.353496;0.540048;0.994713 0.0869918 0.0545723 2.15095 -0.0963823 0.974265 0.203761 -2.50466 -0.0354423 -0.207944 0.977498 -4.92084 0 0 0 1 
27844314100246;0.304746;0.216731;0.994369 0.101672 0.0298759 1.92603 -0.0939702 0.976314 -0.194887 -4.3623 -0.0489827 0.190982 0.980371 1.95091 0 0 0 1 
27844314100248;1.91005;1.52945;0.999872 -0.0137487 0.0082235 -0.837916 0.0134678 0.999355 0.0332954 0.677385 -0.00867597 -0.0331803 0.999412 -2.29438 0 0 0 1 
27844314100249;1.74539;0.849587;0.919847 0.0161993 0.391944 1.32747 0.015754 0.996815 -0.0781718 0.226454 -0.391962 0.0780807 0.916662 4.32632 0 0 0 1 
27844314100250;2.4193;1.76377;0.887553 0.0361743 -0.459283 1.38709 -0.0329834 0.999344 0.0149713 -0.643695 0.459523 0.00186086 0.888164 0.661104 0 0 0 1 
27844314100251;0.382775;0.229096;0.997932 0.0303616 0.0566518 1.84544 -0.0385519 0.987995 0.1496 -0.464877 -0.0514296 -0.151474 0.987122 -8.36777 0 0 0 1 
27844314100252;0.517763;0.665717;0.995137 0.0112547 -0.0978559 0.648421 -0.0362342 0.965619 -0.257422 -2.52029 0.0915944 0.259716 0.961331 13.5585 0 0 0 1 
27844314100253;0.421961;0.372865;0.995272 0.0248792 0.0938914 1.70205 -0.0179613 0.99711 -0.0738183 -0.716476 -0.0954566 0.0717828 0.992842 3.5372 0 0 0 1 
27844314100254;1.06506;0.319217;0.998084 0.0564479 -0.0253459 3.16916 -0.0492755 0.972833 0.226203 -1.19883 0.037426 -0.22452 0.97375 -12.7829 0 0 0 1 
27844314100255;0.41574;0.332727;0.944893 0.0136616 -0.327094 0.0322483 -0.0269327 0.998986 -0.0360776 -0.436753 0.32627 0.0428991 0.944303 3.03262 0 0 0 1 
27844314100256;0.221269;0.0985934;0.999736 0.0042867 -0.0225578 0.180583 -0.00308454 0.998587 0.05306 0.120913 0.0227533 -0.0529764 0.998337 -3.03118 0 0 0 1 
27844314100257;0.472366;0.289969;0.996103 0.0556055 0.0684649 3.19599 -0.0785073 0.912755 0.400894 -4.05028 -0.0401998 -0.404706 0.913563 -21.5331 0 0 0 1 
27844314100258;0.965959;0.506423;0.961582 0.0121185 -0.274249 -0.477688 -0.000810269 0.999146 0.0413093 0.111687 0.274516 -0.0395001 0.960771 -1.13931 0 0 0 1 
27844314100259;0.701583;0.672357;0.999489 0.0284688 -0.0145529 1.75655 -0.0286675 0.999496 -0.0136349 -0.250603 0.0141574 0.0140451 0.999801 0.287868 0 0 0 1 
27844314100260;1.49458;1.04179;0.991259 0.0217603 -0.13012 0.513452 0.0159519 0.959297 0.281949 -0.619596 0.130959 -0.28156 0.950565 -13.986 0 0 0 1 
27844314100261;0.461097;0.137456;0.980942 -0.0240756 -0.192802 -1.92444 0.0129016 0.998174 -0.0590031 -0.10366 0.193871 0.0553912 0.979462 3.551 0 0 0 1 
