#;prob_registration_l1 -r /home/probabilistic_point_clouds_registration/build/tester /home/point_clouds_registration_benchmark//devel/registration_pairs/pioneer_slam_local.txt /home/point_clouds_registration_benchmark//tum/pioneer_slam -s 0.1 -t 0.1 -p 0.3 -r 1000 -m 25 -i 40 
id;initial_error;final_error;transformation
1807261650000;0.252801;0.0871504;0.995382 0.0487218 0.0827136 -0.223898 -0.0455034 0.998149 -0.0403596 0.317317 -0.0845269 0.0364095 0.995756 0.180097 0 0 0 1 
1807261650001;0.370505;0.0905399;0.970984 0.123568 0.204747 -0.0329623 -0.162483 0.96908 0.185698 0.517883 -0.17547 -0.213577 0.961039 0.873314 0 0 0 1 
1807261650002;0.611698;0.125587;0.999987 0.00504419 -0.000124531 0.243144 -0.00504571 0.999613 -0.027339 -0.654741 -1.34204e-05 0.0273393 0.999626 0.576732 0 0 0 1 
1807261650003;0.65444;0.196301;0.954138 0.29515 -0.0500644 0.346155 -0.290837 0.953535 0.0786426 1.08633 0.0709495 -0.0604754 0.995645 -0.979235 0 0 0 1 
1807261650004;0.70178;0.18261;0.913118 0.365338 0.180953 0.0907788 -0.33717 0.926224 -0.1686 1.39939 -0.229199 0.0929399 0.968932 1.40152 0 0 0 1 
1807261650005;0.564667;0.100318;0.990435 -0.137853 0.00587965 0.0988907 0.137885 0.990434 -0.00539498 -0.139832 -0.00507969 0.00615409 0.999968 0.752665 0 0 0 1 
1807261650006;0.456118;0.110214;0.997125 -0.0326431 -0.0683851 -0.365577 0.0221302 0.988559 -0.149201 0.317519 0.0724731 0.147259 0.986439 -0.688359 0 0 0 1 
1807261650007;0.0911852;0.0618689;0.997744 0.000920954 0.0671222 -0.110597 -0.00170658 0.999931 0.0116481 -0.0655259 -0.0671068 -0.0117363 0.997677 0.268496 0 0 0 1 
1807261650008;0.628711;0.207952;0.95766 -0.0401519 0.285088 0.646757 0.00474932 0.992296 0.123801 -0.214436 -0.287863 -0.117206 0.950472 0.7415 0 0 0 1 
1807261650009;0.268333;0.204859;0.981777 -0.190002 -0.00357273 0.0265024 0.189961 0.981746 -0.00946699 -0.500958 0.00530625 0.00861579 0.999949 -0.101218 0 0 0 1 
1807261650010;0.71038;0.173779;0.942979 0.332701 0.0100149 0.162048 -0.332754 0.943005 0.00407839 1.08677 -0.0080872 -0.00717833 0.999942 -0.863727 0 0 0 1 
1807261650011;0.818748;0.166428;0.908829 0.417097 -0.00778116 0.122134 -0.417122 0.908849 -0.00184359 1.6012 0.00630294 0.00492121 0.999968 -0.892307 0 0 0 1 
1807261650012;0.646177;0.0834464;0.999875 0.0153446 0.00385191 0.118192 -0.0151416 0.998728 -0.0481026 -0.512184 -0.00458513 0.0480383 0.998835 -0.702973 0 0 0 1 
1807261650013;0.5425;0.0246189;0.988791 0.032403 -0.145747 -0.0381607 -0.0393103 0.998224 -0.0447641 -0.11069 0.144038 0.0499918 0.988309 -1.20726 0 0 0 1 
1807261650014;0.402811;0.131687;0.948319 0.181035 -0.260611 0.340121 -0.151493 0.979943 0.129467 0.417282 0.278822 -0.0832954 0.956724 -1.38 0 0 0 1 
1807261650015;0.62098;0.0900265;0.901155 -0.386445 0.196417 0.321463 0.385339 0.921657 0.0454113 -1.0292 -0.198578 0.0347645 0.979468 1.28902 0 0 0 1 
1807261650016;0.314215;0.15496;0.991931 0.115472 -0.0523378 -0.0727359 -0.113319 0.992653 0.0424008 0.518716 0.0568494 -0.0361278 0.997729 -0.00965915 0 0 0 1 
1807261650017;0.544853;0.204732;0.949778 0.107081 -0.294032 0.116483 -0.203644 0.924939 -0.320962 0.815066 0.237593 0.364721 0.900294 -1.09804 0 0 0 1 
1807261650018;0.870541;0.196207;0.890681 0.437396 0.123985 0.150633 -0.42983 0.899017 -0.0837553 1.8819 -0.148099 0.021307 0.988743 1.2247 0 0 0 1 
1807261650019;0.408282;0.13842;0.969179 0.246285 -0.00604889 -0.238773 -0.246289 0.969196 5.49625e-05 0.669011 0.0058761 0.00143651 0.999982 0.309183 0 0 0 1 
1807261650020;0.378251;0.138993;0.963125 0.0232414 -0.268048 0.0329526 -0.115832 0.935026 -0.335125 0.421956 0.242843 0.353816 0.903239 -0.915615 0 0 0 1 
1807261650021;0.0584465;0.0942582;0.999006 0.0346764 -0.0280263 -0.00962759 -0.0345398 0.999389 0.00534452 -0.0349029 0.0281945 -0.00437118 0.999593 -0.0692779 0 0 0 1 
1807261650022;0.492617;0.127583;0.977917 -0.126875 -0.166073 0.219011 0.112103 0.989095 -0.095523 -0.232136 0.176381 0.0747963 0.981476 -1.16579 0 0 0 1 
1807261650023;0.436303;0.191078;0.944459 0.327165 0.0309979 0.0758663 -0.32794 0.944383 0.0244248 1.16872 -0.021283 -0.0332337 0.999221 0.169489 0 0 0 1 
1807261650024;0.611538;0.136258;0.995857 -0.0180285 0.0891296 0.166603 0.0247159 0.996914 -0.0745051 0.33019 -0.0875114 0.0763993 0.99323 -0.385476 0 0 0 1 
1807261650025;0.222007;0.095292;0.989385 -0.122711 -0.0778447 -0.101033 0.111053 0.983959 -0.139615 -0.390674 0.0937282 0.129488 0.987141 -0.128914 0 0 0 1 
1807261650026;0.125003;0.0729166;0.997781 -0.00602644 -0.0663058 -0.231042 -0.000980598 0.994457 -0.105141 0.0335693 0.0665719 0.104973 0.992244 -0.106837 0 0 0 1 
1807261650027;0.446617;0.154174;0.915799 -0.396752 0.0624542 0.198305 0.390995 0.916246 0.0872666 -1.31883 -0.0918467 -0.0554994 0.994225 0.39564 0 0 0 1 
1807261650028;0.18577;0.181361;0.98305 0.171519 -0.0647588 0.102429 -0.173638 0.984394 -0.0286138 0.236462 0.0588403 0.0393734 0.997491 -0.196625 0 0 0 1 
1807261650029;0.503137;0.199645;0.986794 0.0877122 -0.136179 0.0871333 -0.116931 0.967515 -0.224148 0.817643 0.112095 0.237111 0.964994 -0.266996 0 0 0 1 
1807261650031;0.869936;0.826272;0.999951 0.000596907 -0.00987988 0.0376527 0.00171613 0.972606 0.232453 -0.0668064 0.00974798 -0.232458 0.972557 -0.936144 0 0 0 1 
1807261650032;0.361529;0.254136;0.975163 0.00818632 -0.221336 0.0369911 -0.0491917 0.982363 -0.180396 0.221723 0.215955 0.186803 0.958367 0.3085 0 0 0 1 
1807261650033;0.495733;0.460188;0.998434 0.0249271 0.050074 0.0362625 -0.0242902 0.999617 -0.013287 0.0793503 -0.050386 0.0120499 0.998657 0.0635825 0 0 0 1 
1807261650034;1.09057;0.934598;0.992985 0.112494 -0.0364237 0.740069 -0.114753 0.991106 -0.0673769 0.792175 0.0285203 0.071084 0.997063 0.748012 0 0 0 1 
1807261650035;0.885672;0.913562;0.988031 0.0974092 -0.119609 0.412686 -0.0805444 0.987077 0.138535 0.338516 0.131558 -0.127243 0.983108 -0.0543884 0 0 0 1 
1807261650036;0.893017;0.344943;0.985131 0.079015 0.152558 0.220859 -0.0898747 0.993788 0.0656421 0.347421 -0.146424 -0.0783772 0.986112 0.734033 0 0 0 1 
1807261650037;0.513994;0.419427;0.999937 0.00364214 0.0105703 0.155942 -0.00436884 0.997568 0.0695608 0.24992 -0.0102913 -0.0696026 0.997522 -0.475884 0 0 0 1 
1807261650038;0.984234;0.45032;0.920912 0.0481585 0.386784 -0.115044 -0.024194 0.997487 -0.0665926 0.428474 -0.389019 0.0519681 0.919763 -0.214889 0 0 0 1 
1807261650039;0.787771;0.338031;0.986372 0.0626349 0.152141 0.122412 -0.0407457 0.988891 -0.142951 0.360885 -0.159404 0.134804 0.977966 -0.132212 0 0 0 1 
1807261650040;0.449489;0.174059;0.972639 0.00448949 0.232278 -0.0238961 -0.00931974 0.999762 0.0197019 0.144251 -0.232134 -0.0213276 0.97245 0.57208 0 0 0 1 
1807261650041;0.636202;0.270876;0.999122 0.0414833 -0.00590712 0.304442 -0.0414771 0.999139 0.00116693 0.511066 0.00595044 -0.000920892 0.999982 -0.322473 0 0 0 1 
1807261650042;0.394001;0.254564;0.999938 0.00216596 -0.0109443 -0.146732 -0.00246821 0.999614 -0.0276797 0.166253 0.0108801 0.0277049 0.999557 0.107064 0 0 0 1 
1807261650043;0.493104;0.329375;0.938008 0.253421 0.236472 0.825084 -0.246582 0.96735 -0.0585728 0.779071 -0.243595 -0.003368 0.969871 0.298616 0 0 0 1 
1807261650044;0.603128;0.429751;0.999694 -0.0113265 -0.0220084 -0.19681 0.0111567 0.999907 -0.0078221 0.157708 0.022095 0.00757417 0.999727 -0.39957 0 0 0 1 
1807261650045;0.822026;0.44705;0.993209 -0.0342474 -0.111192 -0.0469901 0.0734895 0.925578 0.371354 -0.252738 0.0901993 -0.377004 0.921809 -1.8323 0 0 0 1 
1807261650046;0.726796;1.23064;0.999454 -0.0138147 -0.0300177 -0.194853 0.00991456 0.99193 -0.126396 0.85716 0.0315216 0.12603 0.991526 0.794177 0 0 0 1 
1807261650047;0.841796;0.496273;0.998299 -0.00840755 -0.0576918 -0.0134369 0.00688615 0.999625 -0.0265195 0.154292 0.0578931 0.0260771 0.997982 0.667497 0 0 0 1 
1807261650048;0.923373;0.174339;0.983236 0.028452 0.180102 0.133669 -0.0630298 0.979894 0.189299 0.312245 -0.171095 -0.197478 0.965261 0.432779 0 0 0 1 
1807261650049;0.894299;0.784679;0.967659 -0.00296579 0.252243 -0.0140137 -0.0197841 0.995959 0.0876065 0.149083 -0.251483 -0.0897636 0.96369 0.534293 0 0 0 1 
1807261650050;0.776112;1.11817;0.987774 0.0812293 0.133057 0.0631397 -0.0424075 0.961344 -0.272065 1.15882 -0.150013 0.263097 0.953035 1.26427 0 0 0 1 
1807261650051;0.472646;0.88449;0.982937 -0.0878196 0.161623 -0.279287 0.087766 0.996113 0.00748547 0.659458 -0.161652 0.00682722 0.986824 0.540177 0 0 0 1 
1807261650052;0.367213;0.33058;0.998855 0.0166313 0.0448501 0.0400107 -0.0251499 0.98015 0.196654 0.0927873 -0.0406892 -0.197557 0.979447 -0.407521 0 0 0 1 
1807261650053;0.543637;0.27246;0.905176 0.0225545 -0.424438 0.332883 -0.11948 0.971827 -0.203166 0.548696 0.407898 0.234613 0.882369 0.310592 0 0 0 1 
1807261650054;0.296591;0.531881;0.988894 -0.113921 -0.0954446 -0.378185 0.0941463 0.977101 -0.190812 0.379806 0.114997 0.179708 0.976975 0.228206 0 0 0 1 
1807261650055;0.546573;1.03617;0.969048 0.0812677 -0.233113 0.0989399 0.00168701 0.942062 0.335433 0.783203 0.246867 -0.325444 0.912766 -0.876209 0 0 0 1 
1807261650056;0.638977;0.276481;0.994537 0.0955588 -0.0420119 0.0804312 -0.0974612 0.994183 -0.0458414 0.772856 0.037387 0.0496855 0.998065 0.395044 0 0 0 1 
1807261650057;0.733154;1.17259;0.998204 -0.0592322 -0.00893368 -0.490464 0.0561687 0.97735 -0.204039 1.13962 0.020817 0.203171 0.978922 0.504591 0 0 0 1 
1807261650058;1.00454;0.856977;0.97299 0.0840787 -0.214991 0.561153 -0.0742733 0.995812 0.0533022 0.698468 0.218572 -0.0358944 0.97516 -0.0236358 0 0 0 1 
1807261650059;0.328863;0.338356;0.960473 -0.0793217 0.266834 -0.218352 -0.0320399 0.920674 0.389016 0.0071213 -0.276525 -0.382189 0.88174 -0.687125 0 0 0 1 
1807261650060;0.479524;0.407578;0.999883 0.0146377 0.00445299 0.0175323 -0.0144397 0.999028 -0.0416455 0.0786546 -0.00505825 0.0415763 0.999123 -0.06035 0 0 0 1 
1807261650062;0.610394;0.178625;0.994334 0.0977217 -0.0418455 0.430709 -0.100461 0.992523 -0.0693241 0.34309 0.0347582 0.0731351 0.996716 -0.515693 0 0 0 1 
1807261650063;0.0702684;0.154567;0.999544 -0.00595324 0.029618 -0.082432 0.00775268 0.998107 -0.0610161 0.179228 -0.0291987 0.0612179 0.997697 0.179878 0 0 0 1 
1807261650064;0.431381;0.180983;0.971791 -0.134319 -0.193856 -0.417496 0.112348 0.986367 -0.120239 -0.059054 0.207363 0.0950678 0.973634 -0.201241 0 0 0 1 
1807261650065;0.67345;0.214945;0.984035 0.0296394 -0.175492 0.0690629 0.0468339 0.908161 0.415994 0.349528 0.171705 -0.417571 0.892273 -1.79348 0 0 0 1 
1807261650066;0.179936;0.219126;0.990403 -0.136717 -0.0202639 -0.611685 0.135381 0.989159 -0.0568921 0.186937 0.0278223 0.0536028 0.998175 0.200125 0 0 0 1 
1807261650067;0.697139;0.252528;0.916952 -0.394276 -0.0611955 -1.50108 0.396556 0.917499 0.0306535 -0.289822 0.0440608 -0.0523752 0.997655 -0.920208 0 0 0 1 
1807261650068;0.609754;0.492059;0.952654 -0.30143 -0.0398756 -1.3081 0.30021 0.953273 -0.0338268 0.263246 0.0482087 0.0202542 0.998632 0.16631 0 0 0 1 
1807261650069;0.14606;0.20868;0.996544 -0.0681438 -0.0474998 -0.340961 0.0661351 0.996899 -0.0426514 0.21873 0.0502589 0.0393626 0.99796 0.087707 0 0 0 1 
1807261650070;0.531087;0.149096;0.982043 0.0769996 -0.172228 0.46468 -0.0166971 0.944809 0.327197 0.160767 0.187917 -0.318446 0.929128 -1.79011 0 0 0 1 
1807261650071;0.140553;0.157632;0.991993 -0.00207564 -0.126272 -0.0119863 -0.00970665 0.995654 -0.0926216 0.322296 0.125916 0.0931057 0.987662 0.215528 0 0 0 1 
1807261650072;0.380476;0.335823;0.997013 0.0278378 -0.0720413 0.229228 -0.0337393 0.996058 -0.0820429 0.109342 0.0694734 0.0842285 0.994022 0.0965503 0 0 0 1 
1807261650073;0.531138;0.299367;0.985034 -0.118407 0.125248 -0.307909 0.0765221 0.951566 0.297769 -0.100744 -0.154439 -0.283728 0.946386 -0.646897 0 0 0 1 
1807261650074;0.56209;0.181478;0.946145 0.207334 0.24864 0.760728 -0.187137 0.976966 -0.102556 0.831217 -0.264176 0.0505029 0.963151 0.538201 0 0 0 1 
1807261650075;0.57785;0.181125;0.999701 -0.0228789 -0.00864574 -0.0818848 0.022598 0.999255 -0.031299 0.788444 0.00935538 0.0310943 0.999473 -0.345334 0 0 0 1 
1807261650076;0.523862;0.251237;0.981797 -0.170214 -0.0842726 -0.807861 0.149727 0.966603 -0.20799 0.447529 0.116861 0.191586 0.974494 1.14824 0 0 0 1 
1807261650077;0.611234;0.481347;0.998518 0.0129784 0.0528524 0.0542771 -3.32501e-05 0.971294 -0.237882 -0.251591 -0.0544226 0.237528 0.969855 0.576951 0 0 0 1 
1807261650078;0.330727;0.189995;0.947909 0.0655559 -0.311724 0.414835 -0.0616979 0.997847 0.0222337 0.276913 0.31251 -0.0018428 0.949913 0.173736 0 0 0 1 
1807261650079;0.421945;0.299047;0.921466 -0.103443 -0.374433 -0.321922 0.0465498 0.986351 -0.157939 -0.0346655 0.38566 0.128105 0.913704 0.681772 0 0 0 1 
1807261650080;0.560936;0.273166;0.972013 0.164165 -0.168052 0.942665 -0.216658 0.902984 -0.371052 0.330649 0.0908342 0.397077 0.913279 1.3493 0 0 0 1 
1807261650081;0.503671;0.154691;0.98394 0.0974428 0.149559 0.366776 -0.116217 0.985653 0.122399 0.165922 -0.135487 -0.137814 0.981148 -1.15322 0 0 0 1 
1807261650082;0.722741;0.34689;0.998057 0.0622803 -0.00174693 0.409381 -0.0621976 0.994303 -0.0865603 0.0725836 -0.00365403 0.0865007 0.996245 -0.478714 0 0 0 1 
1807261650083;0.552134;0.254881;0.998176 -0.0492096 -0.034985 -0.0049059 0.0453966 0.993698 -0.102491 -0.295667 0.0398081 0.100716 0.994119 0.0814169 0 0 0 1 
1807261650084;0.867721;0.182516;0.924125 0.369261 -0.0981809 2.32532 -0.349941 0.921118 0.170538 0.444705 0.153409 -0.123241 0.980447 -0.847214 0 0 0 1 
1807261650085;0.404997;0.167589;0.97633 -0.159654 -0.145913 -0.707342 0.0873399 0.9082 -0.409321 -0.0608214 0.197869 0.386889 0.900647 1.07507 0 0 0 1 
1807261650086;0.258185;0.200671;0.998864 -0.0472659 0.00610727 -0.111098 0.0476588 0.990846 -0.126303 0.248575 -8.15606e-05 0.12645 0.991973 0.702864 0 0 0 1 
1807261650087;0.211815;0.201205;0.988577 0.146116 0.03695 0.661955 -0.141123 0.983475 -0.113407 0.235969 -0.05291 0.106897 0.992861 0.442494 0 0 0 1 
1807261650088;0.669831;0.256046;0.946359 -0.323115 -0.00116276 -1.36381 0.302951 0.888542 -0.344548 0.0638947 0.112362 0.325714 0.938768 0.676332 0 0 0 1 
1807261650089;0.143654;0.196339;0.993178 0.0560105 0.102276 0.155777 -0.057059 0.998344 0.00735316 0.118837 -0.101695 -0.0131388 0.994729 0.0415318 0 0 0 1 
1807261650090;0.732491;0.385196;0.991898 0.105585 -0.0706477 0.327385 -0.114621 0.983599 -0.139267 0.893336 0.0547845 0.146236 0.987732 0.646791 0 0 0 1 
1807261650091;0.403612;0.186167;0.978619 0.19573 -0.0632069 0.897633 -0.171815 0.946859 0.271914 0.0936082 0.11307 -0.25524 0.960243 -0.726789 0 0 0 1 
1807261650093;1.16071;0.356442;0.892293 0.305336 0.332541 -0.363323 -0.297077 0.951763 -0.0767657 0.159317 -0.339939 -0.0302929 0.939959 -0.268459 0 0 0 1 
1807261650094;0.696816;0.352251;0.978407 0.206631 -0.00482645 -0.159015 -0.2065 0.976261 -0.0653696 -0.0473731 -0.0087955 0.0649547 0.997849 -0.10839 0 0 0 1 
1807261650095;0.832378;0.315606;0.936418 0.132828 0.324772 0.411323 -0.137184 0.990499 -0.00955966 0.236662 -0.322957 -0.0356018 0.945744 -0.0441362 0 0 0 1 
1807261650096;1.24922;0.37601;0.969944 0.228524 0.0835815 0.0709984 -0.174442 0.892518 -0.415911 -0.469355 -0.169644 0.38883 0.905556 0.726588 0 0 0 1 
1807261650097;1.57732;0.354756;0.959422 0.153344 0.236631 0.367891 -0.197638 0.964263 0.176453 0.090395 -0.201117 -0.216061 0.955442 0.938537 0 0 0 1 
1807261650098;0.431654;0.313694;0.951267 -0.290726 0.102812 -0.0168542 0.298265 0.9521 -0.067406 -0.245036 -0.0782911 0.0947865 0.992414 0.263454 0 0 0 1 
1807261650099;1.43162;0.358262;0.980629 -0.194442 0.0236565 0.633865 0.192589 0.935086 -0.297531 0.326801 0.0357316 0.296323 0.954419 0.598483 0 0 0 1 
1807261650100;0.198846;0.220341;0.997066 -0.0456326 -0.0614657 0.144823 0.0527226 0.991474 0.11916 -0.19484 0.0555041 -0.122051 0.990971 -0.0939728 0 0 0 1 
1807261650101;0.403364;0.25443;0.99589 -0.0900439 0.00972387 0.169704 0.0904125 0.994717 -0.0486102 -0.168726 -0.00529545 0.0492896 0.99877 -0.195486 0 0 0 1 
1807261650102;0.400187;0.305704;0.997204 -0.0579322 0.0471955 -0.127165 0.0591322 0.997951 -0.0244369 -0.204494 -0.0456831 0.0271594 0.998587 -0.0147574 0 0 0 1 
1807261650103;1.02195;0.294872;0.954959 0.258683 0.145384 -0.010172 -0.274695 0.955955 0.103401 -0.243738 -0.112233 -0.13868 0.983957 0.549887 0 0 0 1 
1807261650104;1.18672;0.233487;0.999185 -0.0132923 -0.0381085 -0.0410686 0.0181815 0.99122 0.130969 -0.585869 0.036033 -0.131555 0.990654 -0.645615 0 0 0 1 
1807261650105;1.18857;0.393414;0.993952 0.0531855 0.0960786 -0.422301 -0.055395 0.998255 0.0204761 -0.528065 -0.0948219 -0.0256746 0.995163 0.13847 0 0 0 1 
1807261650106;0.708535;0.389232;0.9967 -0.0488769 0.064805 -0.174518 0.0489132 0.998803 0.00102745 -0.369101 -0.0647777 0.00214576 0.997897 0.218151 0 0 0 1 
1807261650107;0.503291;0.319167;0.996693 -0.000442637 -0.0812614 0.15209 0.00412501 0.998972 0.0451529 -0.148555 0.0811579 -0.0453387 0.99567 0.232084 0 0 0 1 
1807261650108;1.52224;0.326971;0.95183 -0.214131 0.219472 0.103761 0.241717 0.964386 -0.107387 0.608729 -0.18866 0.155265 0.969691 -0.31329 0 0 0 1 
1807261650109;0.339127;0.306309;0.928769 -0.13003 0.347103 -0.000245091 0.102199 0.989984 0.0973998 -0.125208 -0.356291 -0.0549882 0.932756 0.211637 0 0 0 1 
1807261650110;0.998065;0.210542;0.946696 -0.256364 0.195049 0.0671911 0.229007 0.961456 0.15218 -0.241207 -0.226544 -0.0994012 0.968915 -0.527783 0 0 0 1 
1807261650111;0.873902;0.322798;0.97449 0.141939 0.173849 0.197357 -0.148351 0.988634 0.0243957 -0.472037 -0.16841 -0.0495641 0.98447 0.411469 0 0 0 1 
1807261650112;0.213542;0.268799;0.997851 -0.0516554 -0.0403248 0.159688 0.0557548 0.992563 0.108216 -0.183558 0.034435 -0.110231 0.993309 -0.164127 0 0 0 1 
1807261650113;1.08553;0.368307;0.972683 -0.216813 0.0829412 -0.198904 0.229299 0.953065 -0.197712 -0.709698 -0.0361818 0.211329 0.976745 -0.152012 0 0 0 1 
1807261650114;0.757919;0.347541;0.947023 0.321159 0.0022719 0.255513 -0.310353 0.916931 -0.250837 -0.0222926 -0.0826418 0.236843 0.968027 0.550838 0 0 0 1 
1807261650115;1.40826;0.360062;0.969222 0.246045 -0.00839718 -0.424746 -0.245597 0.968695 0.0362316 0.372908 0.0170489 -0.0330541 0.999308 0.243667 0 0 0 1 
1807261650116;0.547781;0.267842;0.982327 0.124123 0.140099 0.097937 -0.143666 0.979774 0.139292 -0.18065 -0.119976 -0.156958 0.980291 0.293436 0 0 0 1 
1807261650117;1.14474;0.233717;0.959952 0.277487 -0.0386344 -0.233973 -0.261083 0.936048 0.235903 0.334112 0.101624 -0.216369 0.971008 -0.402301 0 0 0 1 
1807261650118;1.22447;0.374866;0.942093 0.240904 -0.233295 -0.0512048 -0.291416 0.932341 -0.214048 0.0576279 0.165946 0.269639 0.948555 -0.552276 0 0 0 1 
1807261650119;1.49971;0.296478;0.9927 0.103097 -0.0625883 0.12298 -0.107471 0.991663 -0.0710894 0.529839 0.0547374 0.0772969 0.995504 -0.737495 0 0 0 1 
1807261650120;0.30517;0.333174;0.945713 0.2325 0.227091 0.203213 -0.241994 0.970169 0.0145029 0.0763947 -0.216945 -0.0686704 0.973765 0.174136 0 0 0 1 
1807261650121;1.42718;0.262663;0.946219 0.276795 0.167494 0.502428 -0.306716 0.932192 0.192209 -0.810193 -0.102934 -0.233245 0.966955 0.247806 0 0 0 1 
1807261650122;1.45607;0.254616;0.964665 -0.19688 0.1751 -0.140089 0.228907 0.955329 -0.186943 -0.366511 -0.130473 0.220419 0.96664 -0.707066 0 0 0 1 
1807261650124;1.36594;7.59676;0.46376 0.745545 0.478633 -2.31626 -0.591323 -0.141826 0.793865 0.22887 0.659745 -0.65119 0.375085 2.6233 0 0 0 1 
1807261650125;0.804333;10.4181;-0.0428657 -0.965179 0.258055 4.97983 0.916992 0.0645232 0.393652 0.769537 -0.396595 0.253509 0.882296 0.413267 0 0 0 1 
1807261650126;0.880272;10.3723;0.0984216 -0.994737 0.0284841 4.97947 0.934966 0.102235 0.339686 0.957295 -0.34081 -0.00680081 0.940107 0.462913 0 0 0 1 
1807261650127;1.55898;10.5674;-0.218876 -0.973568 -0.0652616 5.36459 0.972095 -0.211781 -0.100898 1.02802 0.0844098 -0.0855246 0.992754 -0.860098 0 0 0 1 
1807261650128;0.837192;10.3913;0.0228499 -0.995315 -0.0939502 4.81438 0.997877 0.0169736 0.0628771 0.781761 -0.0609878 -0.0951875 0.993589 -0.161192 0 0 0 1 
1807261650129;0.284015;10.41;-0.126391 -0.986636 -0.102835 5.2636 0.991283 -0.121735 -0.0503886 1.09372 0.0371966 -0.108307 0.993421 -0.163652 0 0 0 1 
1807261650130;0.193395;7.86877;0.478047 0.746286 0.463172 -2.65816 -0.530118 -0.175305 0.829604 -0.062628 0.700319 -0.642125 0.311815 2.6055 0 0 0 1 
1807261650131;0.6404;10.3872;-0.0572483 -0.991529 -0.116589 5.18066 0.996052 -0.0646613 0.0608228 1.23737 -0.0678463 -0.112647 0.991316 0.0460288 0 0 0 1 
1807261650132;1.48669;10.5538;-0.124369 -0.980272 -0.153617 5.85381 0.989466 -0.134087 0.054567 1.58834 -0.0740887 -0.145213 0.986623 -0.164195 0 0 0 1 
1807261650133;0.878362;10.4113;0.138044 -0.981678 -0.131348 5.0567 0.989157 0.129938 0.0684469 0.748435 -0.0501257 -0.139372 0.988971 0.236002 0 0 0 1 
1807261650134;0.764145;7.87933;0.535764 0.680448 0.499947 -2.67665 -0.689565 0.0108924 0.724142 -0.0571962 0.487296 -0.732715 0.475049 2.98414 0 0 0 1 
1807261650135;0.938287;10.4714;-0.202773 -0.976037 -0.0789661 5.21174 0.977671 -0.197249 -0.0724747 0.927247 0.055162 -0.0918988 0.994239 0.294061 0 0 0 1 
1807261650136;0.165136;10.3804;0.0753547 -0.986656 -0.144334 5.18136 0.996036 0.0676169 0.057792 0.97239 -0.0472613 -0.148117 0.98784 -0.192754 0 0 0 1 
1807261650137;0.685906;10.379;0.154665 -0.987711 -0.0224816 5.02721 0.979733 0.156268 -0.125316 0.965754 0.127289 -0.00264404 0.991862 0.0629374 0 0 0 1 
1807261650138;1.14592;5.8768;0.399031 -0.855353 0.330371 2.68976 0.799184 0.501067 0.332021 -0.68349 -0.449533 0.131541 0.883525 -0.330524 0 0 0 1 
1807261650139;0.608764;10.6088;-0.142321 -0.973286 -0.180167 5.57466 0.981298 -0.162572 0.103073 1.01958 -0.12961 -0.162128 0.978221 -0.1967 0 0 0 1 
1807261650140;1.51409;10.575;0.08319 -0.989159 -0.12101 4.63981 0.996443 0.0842052 -0.00329053 1.43105 0.0134445 -0.120306 0.992646 0.231388 0 0 0 1 
1807261650141;0.713806;7.78817;0.141 0.817556 0.55832 -3.19235 0.98731 -0.157741 -0.0183551 -0.326209 0.0730637 0.553823 -0.829423 -0.190277 0 0 0 1 
1807261650142;1.81337;10.546;-0.11873 -0.977146 -0.176317 4.68165 0.992753 -0.120143 -0.00268238 1.10548 -0.0185622 -0.175358 0.98433 0.548473 0 0 0 1 
1807261650143;1.33398;10.4511;-0.110904 -0.99198 -0.060637 4.97353 0.99138 -0.114707 0.0633031 1.51511 -0.0697508 -0.0530937 0.996151 0.296797 0 0 0 1 
1807261650144;0.523192;10.4488;0.169884 -0.978571 -0.116353 5.06508 0.950099 0.131296 0.282972 1.05992 -0.261631 -0.158619 0.952045 -0.335344 0 0 0 1 
1807261650145;1.32014;10.6225;-0.153785 -0.972315 -0.175938 6.01393 0.982814 -0.168919 0.0744562 1.08292 -0.102114 -0.161464 0.981581 0.191459 0 0 0 1 
1807261650146;0.396214;10.3858;0.317147 -0.94271 0.103518 5.00092 0.944644 0.323685 0.0536211 0.961828 -0.0840565 0.0807823 0.993181 -0.126033 0 0 0 1 
1807261650147;1.75836;10.5705;-0.257209 -0.95995 -0.111081 5.2179 0.95481 -0.270167 0.123885 0.812278 -0.148934 -0.0741969 0.98606 -1.00599 0 0 0 1 
1807261650148;1.81564;10.5425;0.083214 -0.983219 -0.162347 5.34638 0.993886 0.0700213 0.0853662 0.497894 -0.0725659 -0.168458 0.983034 0.713844 0 0 0 1 
1807261650149;1.27562;10.4213;-0.165051 -0.968151 -0.188262 5.62003 0.974725 -0.189257 0.118717 0.788263 -0.150566 -0.16391 0.974917 -0.689651 0 0 0 1 
1807261650150;1.69552;10.5526;-0.108576 -0.993861 -0.0212327 5.32941 0.992966 -0.109444 0.0451827 1.16033 -0.0472291 -0.0161775 0.998753 0.902247 0 0 0 1 
1807261650151;1.06641;10.545;-0.0837977 -0.979203 -0.184767 5.50723 0.979494 -0.115033 0.165406 0.891055 -0.18322 -0.167117 0.968763 -0.585341 0 0 0 1 
1807261650152;1.1455;10.5053;-0.091872 -0.976236 -0.196272 5.508 0.992784 -0.105054 0.0578216 0.90798 -0.0770667 -0.189543 0.978843 0.320312 0 0 0 1 
1807261650153;0.956413;10.4053;0.0603889 -0.994022 -0.0909538 5.58183 0.997699 0.0572971 0.036232 0.777461 -0.030804 -0.0929326 0.995196 0.0472617 0 0 0 1 
1807261650155;0.606131;0.30639;0.957317 -0.279551 -0.0734595 -0.83817 0.282492 0.9587 0.0330648 -0.212984 0.0611823 -0.0524052 0.99675 -0.599328 0 0 0 1 
1807261650156;0.187806;0.0885883;0.99674 -0.0805504 0.00452705 -0.298837 0.0804546 0.996589 0.0183957 -0.175458 -0.00599339 -0.0179715 0.999821 0.154215 0 0 0 1 
1807261650157;0.551788;0.293914;0.988294 -0.146523 0.0424913 -0.62744 0.151345 0.976711 -0.152088 -0.193611 -0.0192172 0.156739 0.987453 0.906874 0 0 0 1 
1807261650158;0.699792;0.0787153;0.890878 -0.449196 -0.0675221 -2.12545 0.452001 0.891383 0.0336443 -0.879652 0.0450752 -0.060493 0.99715 -0.600417 0 0 0 1 
1807261650159;0.309546;0.129249;0.992231 0.0904566 -0.085411 0.353047 -0.106733 0.971672 -0.210858 -0.0953572 0.063918 0.218336 0.973778 1.03641 0 0 0 1 
1807261650160;0.485518;0.28171;0.990862 -0.125282 -0.0499693 -0.637709 0.133445 0.964449 0.228103 -0.180305 0.0196156 -0.232687 0.972354 -0.912307 0 0 0 1 
1807261650161;0.330335;0.09665;0.998212 -0.0591754 0.00848431 -0.350318 0.05768 0.916098 -0.396783 -0.356544 0.0157073 0.396563 0.917873 1.31608 0 0 0 1 
1807261650162;0.550603;0.120579;0.937777 0.347236 -0.000571024 0.956689 -0.34712 0.937505 0.0243443 0.134068 0.00898855 -0.0226313 0.999703 -0.118495 0 0 0 1 
1807261650163;0.739956;0.124816;0.966441 0.238394 0.0957054 1.10359 -0.233432 0.970506 -0.0602266 -0.816228 -0.10724 0.0358648 0.993586 0.572047 0 0 0 1 
1807261650164;0.228506;0.101442;0.957996 0.109631 0.265001 0.390539 -0.118326 0.992829 0.0170198 -0.124074 -0.261234 -0.0476613 0.964098 -0.231095 0 0 0 1 
1807261650165;0.0638727;0.0605409;0.999837 0.010847 0.0144151 0.0360416 -0.0106539 0.999853 -0.0134106 -0.0604593 -0.0145584 0.0132549 0.999806 0.134354 0 0 0 1 
1807261650166;0.691573;0.0896303;0.942717 -0.331108 -0.0406408 -1.35797 0.333451 0.938845 0.0859112 -1.07332 0.0097095 -0.0945417 0.995474 -0.0149637 0 0 0 1 
1807261650167;0.645574;0.344414;0.953127 0.000276436 0.30257 0.0744726 -0.062641 0.978514 0.196432 0.251503 -0.296015 -0.206178 0.932666 -0.979855 0 0 0 1 
1807261650168;0.448255;0.125578;0.954457 0.295071 -0.0440926 1.12946 -0.291414 0.890363 -0.349759 -0.298158 -0.0639454 0.34668 0.935801 1.36921 0 0 0 1 
1807261650169;0.539907;0.0942517;0.937914 0.345022 -0.0357427 1.15234 -0.335997 0.929277 0.153458 -0.493535 0.0861614 -0.131921 0.987508 -0.898109 0 0 0 1 
1807261650170;0.652735;0.322083;0.953596 0.111029 0.279872 0.551139 -0.118364 0.992926 0.00938689 0.108052 -0.27685 -0.0420779 0.959992 0.452214 0 0 0 1 
1807261650171;0.437786;0.116749;0.940396 0.224237 0.255683 0.647692 -0.277088 0.941105 0.193761 0.0488052 -0.197176 -0.253058 0.947145 -0.601542 0 0 0 1 
1807261650172;0.513271;0.111132;0.9442 0.298002 -0.140291 0.634039 -0.292008 0.954403 0.0620158 -0.462134 0.152375 -0.0175893 0.988166 0.00480459 0 0 0 1 
1807261650173;0.421662;0.0979811;0.924329 -0.130124 -0.358726 -0.465833 0.128018 0.991326 -0.029729 0.135914 0.359483 -0.018444 0.932969 -0.405618 0 0 0 1 
1807261650174;0.342158;0.125131;0.995478 0.0820043 -0.0479559 0.316451 -0.0940612 0.921549 -0.376696 -0.176957 0.013303 0.379503 0.925095 1.27014 0 0 0 1 
1807261650175;0.695425;0.312948;0.996808 -0.079477 0.0075613 -0.0922133 0.0787198 0.994236 0.0727811 0.643666 -0.0133021 -0.0719536 0.997319 -0.487845 0 0 0 1 
1807261650176;0.628882;0.11961;0.931832 0.362871 0.00371185 1.4839 -0.361112 0.928231 -0.0893647 -0.172832 -0.0358733 0.0819325 0.995992 -0.221774 0 0 0 1 
1807261650177;0.385778;0.0938118;0.999101 -0.0413634 -0.00924948 -0.194982 0.0414377 0.999109 0.0079888 -0.00817064 0.00891079 -0.00836489 0.999925 0.423593 0 0 0 1 
1807261650178;0.865032;0.25286;0.945359 -0.299758 0.128224 -1.19393 0.302704 0.953078 -0.00367149 -0.655479 -0.121107 0.0422849 0.991738 1.07312 0 0 0 1 
1807261650179;0.799283;0.074577;0.902192 -0.240087 -0.35834 -1.3145 0.233735 0.970344 -0.0616542 -0.283768 0.362515 -0.0281324 0.931553 0.530681 0 0 0 1 
1807261650180;0.951142;0.118939;0.914988 0.379096 0.138141 1.64299 -0.333443 0.903239 -0.27014 0.114589 -0.227183 0.201113 0.95286 1.76288 0 0 0 1 
1807261650181;0.58947;0.0936127;0.985283 -0.16936 0.0231015 -0.890147 0.168414 0.984978 0.0381389 -0.766333 -0.0292137 -0.033687 0.999005 0.0566985 0 0 0 1 
1807261650182;0.51362;0.119081;0.992594 0.0174168 -0.120226 -0.216989 -0.0233167 0.998583 -0.0478425 0.244189 0.119222 0.0502915 0.991593 -0.181566 0 0 0 1 
1807261650183;0.518467;0.133963;0.960549 0.154112 -0.231506 0.87252 -0.174118 0.982339 -0.0685026 0.30809 0.216861 0.10611 0.970419 0.396495 0 0 0 1 
1807261650184;0.540083;0.0779469;0.965363 -0.260485 0.0148629 -1.05351 0.259502 0.964507 0.0488347 -0.821099 -0.0270561 -0.0432862 0.998696 -0.449156 0 0 0 1 
1807261650186;0.453969;0.221085;0.997353 -0.062765 -0.0367188 0.106261 0.0656251 0.99441 0.0827165 0.128554 0.0313218 -0.0849072 0.995896 0.0224249 0 0 0 1 
1807261650187;0.217396;0.156875;0.996801 0.035665 -0.0715307 -0.188714 -0.0333162 0.998874 0.0337654 0.0716084 0.0726544 -0.0312742 0.996867 -0.492986 0 0 0 1 
1807261650188;0.833964;0.163138;0.98277 0.00615544 0.184731 -0.0747175 -0.0489506 0.972426 0.228015 0.32858 -0.178234 -0.233129 0.955973 1.31598 0 0 0 1 
1807261650189;0.543168;0.169262;0.855165 0.397789 -0.332349 0.150379 -0.383949 0.916846 0.109439 0.612765 0.348246 0.0340169 0.936786 -1.13758 0 0 0 1 
1807261650190;0.468639;0.150132;0.91514 -0.281442 0.288634 -0.0603872 0.306358 0.950893 -0.0441375 -0.971082 -0.262037 0.128817 0.956422 1.05507 0 0 0 1 
1807261650191;0.203867;0.146525;0.990285 0.0817072 0.112518 -0.257839 -0.0751294 0.995275 -0.0615154 0.0802954 -0.117013 0.0524643 0.991744 0.467568 0 0 0 1 
1807261650192;0.50492;0.197206;0.984998 0.16888 0.0354761 0.486192 -0.161905 0.975544 -0.148664 0.23178 -0.059715 0.14069 0.988251 0.0476482 0 0 0 1 
1807261650193;0.791638;0.137778;0.976632 -0.213813 -0.0217457 0.00648248 0.213699 0.976871 -0.0074994 -0.474337 0.0228463 0.00267712 0.999735 -0.989142 0 0 0 1 
1807261650194;0.736741;0.158853;0.970272 0.236926 -0.0493784 0.414938 -0.241938 0.954753 -0.17295 0.240897 0.00616785 0.179756 0.983692 -0.675431 0 0 0 1 
1807261650195;0.187863;0.15553;0.971846 -0.00604054 -0.235538 0.00333572 0.0234376 0.997192 0.0711312 -0.168989 0.234447 -0.074649 0.969258 -0.676092 0 0 0 1 
1807261650196;0.587609;0.179739;0.992097 0.12046 -0.0351214 -0.198578 -0.124338 0.98141 -0.146197 -0.170257 0.0168575 0.149409 0.988632 0.693268 0 0 0 1 
1807261650197;0.541762;0.120887;0.946503 0.322681 -0.00296369 -0.304964 -0.32228 0.945711 0.0420372 1.11754 0.0163674 -0.0388332 0.999112 -0.227906 0 0 0 1 
1807261650198;0.789459;0.233859;0.993466 0.0534403 -0.10084 0.44799 -0.0647492 0.991548 -0.112431 0.111739 0.0939794 0.118225 0.98853 -0.929668 0 0 0 1 
1807261650199;0.344499;0.217978;0.988118 -0.103074 -0.114011 -0.0700141 0.0911175 0.990232 -0.105541 -0.145535 0.123775 0.0938989 0.987858 -0.539482 0 0 0 1 
1807261650200;0.665434;0.162263;0.996508 0.0834551 -0.0026255 0.215766 -0.083334 0.996038 0.0310336 -0.586503 0.00520501 -0.0307064 0.999515 -0.036804 0 0 0 1 
1807261650201;0.637949;0.135843;0.997759 0.0654728 -0.0137928 -0.765253 -0.0654699 0.997854 0.000659349 -0.24129 0.0138064 0.000245144 0.999905 -0.300781 0 0 0 1 
1807261650202;0.360138;0.172778;0.993105 0.117161 -0.00409303 -0.403089 -0.117219 0.992907 -0.019876 0.240182 0.00173531 0.0202187 0.999794 -0.364171 0 0 0 1 
1807261650203;0.394841;0.14176;0.891209 -0.166549 -0.421909 0.202603 0.204637 0.977743 0.0462939 -0.685292 0.404808 -0.127596 0.905455 -1.16526 0 0 0 1 
1807261650204;0.612524;0.142654;0.997001 -0.0755817 -0.0166495 -0.150221 0.0760931 0.996568 0.0325901 -0.402396 0.0141291 -0.0337593 0.99933 0.709957 0 0 0 1 
1807261650205;0.404722;0.183568;0.868396 0.252273 -0.426903 0.297537 -0.309751 0.948258 -0.0697272 0.829185 0.387224 0.192784 0.901605 -0.945353 0 0 0 1 
1807261650206;0.626556;0.131477;0.951154 -0.305952 -0.0412228 -0.544404 0.297828 0.944541 -0.138352 -1.12716 0.0812656 0.119316 0.989525 0.402531 0 0 0 1 
1807261650207;0.542445;0.177658;0.99976 0.00514623 0.02129 -0.226242 -0.00481635 0.999868 -0.0155171 -0.188607 -0.021367 0.0154108 0.999653 0.737042 0 0 0 1 
1807261650208;0.417306;0.200993;0.948265 -0.0442182 -0.314386 -0.180305 0.00414004 0.991891 -0.127022 -0.0104178 0.317453 0.119149 0.940759 -1.10659 0 0 0 1 
1807261650209;0.115948;0.157732;0.996074 -0.0413979 -0.078249 -0.216801 0.0356796 0.996685 -0.0731149 -0.0778696 0.0810164 0.0700359 0.994249 -0.204567 0 0 0 1 
1807261650210;0.290494;0.19455;0.968687 0.246663 0.0283457 -0.0103293 -0.234436 0.946267 -0.222754 0.747489 -0.0817676 0.209133 0.974463 0.341894 0 0 0 1 
1807261650211;0.634223;0.298979;0.974487 0.174615 -0.14101 0.59102 -0.194414 0.970649 -0.141579 0.507666 0.112149 0.165381 0.979832 -0.309814 0 0 0 1 
1807261650212;0.518398;0.173166;0.920636 0.277285 -0.274851 -0.00652196 -0.246404 0.958727 0.141869 0.779851 0.302845 -0.0628851 0.950963 -1.26679 0 0 0 1 
1807261650213;0.562773;0.204375;0.991505 -0.130052 0.00225708 0.209672 0.125101 0.958223 0.257215 -0.0510576 -0.035614 -0.254747 0.966352 -0.149033 0 0 0 1 
1807261650214;0.522212;0.181767;0.901432 -0.42915 -0.0570127 -0.0968922 0.432515 0.887045 0.161498 -1.61238 -0.018734 -0.170238 0.985225 0.0380773 0 0 0 1 
1807261650215;0.876402;0.180217;0.892143 -0.398793 -0.21224 0.574433 0.390058 0.917003 -0.0834284 -1.68211 0.227895 -0.00835563 0.97365 -0.828808 0 0 0 1 
1807261650217;0.532131;0.585806;0.982307 0.0216707 0.186018 -0.343069 -0.0684839 0.966053 0.2491 -0.233896 -0.174305 -0.257432 0.950445 -0.884195 0 0 0 1 
1807261650218;0.499155;0.537039;0.995849 -0.0271377 -0.0868865 -0.493888 0.0386879 0.990206 0.134144 -0.1475 0.0823952 -0.136948 0.987145 -0.264576 0 0 0 1 
1807261650219;0.721512;0.747706;0.998387 0.040686 -0.0396109 -0.274371 -0.0380773 0.99719 0.0645223 -0.998145 0.0421247 -0.0629099 0.99713 -0.610762 0 0 0 1 
1807261650220;0.121853;0.526501;0.980851 -0.171121 0.0929951 -0.717505 0.167567 0.984841 0.0448259 -0.65806 -0.099256 -0.0283846 0.994657 -0.043752 0 0 0 1 
1807261650221;0.995809;0.614381;0.991333 -0.131281 0.00499817 -0.799862 0.131225 0.9913 0.0102537 -0.669207 -0.0063008 -0.00950894 0.999935 -0.859853 0 0 0 1 
1807261650222;1.09618;0.872909;0.99696 -0.0779112 0.00106281 -0.46179 0.0775974 0.993997 0.0771319 -0.8761 -0.00706586 -0.076815 0.99702 -1.0676 0 0 0 1 
1807261650223;0.826304;0.952818;0.969312 -0.245778 0.00529539 -1.12223 0.24498 0.967512 0.0624886 -1.2808 -0.0204817 -0.0592737 0.998032 -0.411734 0 0 0 1 
1807261650224;0.375842;0.594045;0.9672 -0.219926 -0.127111 -0.877447 0.246034 0.935543 0.253429 -1.1488 0.0631817 -0.27639 0.958966 -1.06133 0 0 0 1 
1807261650225;0.55112;1.09827;0.995571 0.0839284 -0.0423608 -0.412343 -0.0881791 0.989881 -0.111172 -0.883067 0.0326016 0.114415 0.992898 0.53233 0 0 0 1 
1807261650226;0.761509;0.929174;0.984852 -0.173113 -0.0099262 -0.913151 0.172972 0.984833 -0.0135984 -0.503284 0.0121297 0.0116754 0.999858 0.459806 0 0 0 1 
1807261650227;0.75985;0.617217;0.999436 -0.0222552 -0.0251485 -0.346395 0.0240662 0.996956 0.0741649 0.0914525 0.0234214 -0.0747283 0.996929 -0.413332 0 0 0 1 
1807261650228;0.464961;0.73908;0.994091 -0.0942569 -0.0538458 -0.48415 0.0995442 0.989387 0.105847 -0.540034 0.0432975 -0.110582 0.992923 -0.553906 0 0 0 1 
1807261650229;0.961907;0.539481;0.976642 0.0251306 0.213396 -0.187643 -0.0804027 0.963729 0.254483 0.000208127 -0.199261 -0.265696 0.943239 0.136267 0 0 0 1 
1807261650230;1.24871;0.501542;0.961622 -0.0455343 -0.270574 -0.15488 0.0766357 0.991461 0.105513 -0.562993 0.263459 -0.122199 0.9569 -1.6926 0 0 0 1 
1807261650231;0.35278;0.560463;0.977649 -0.0949732 -0.187571 -0.532303 0.0685672 0.987406 -0.142573 -0.516096 0.198749 0.126525 0.971849 0.0485158 0 0 0 1 
1807261650232;0.725754;0.845865;0.969635 -0.0668931 -0.23523 -0.384171 0.109084 0.979179 0.171198 -0.66479 0.218881 -0.191659 0.956743 -0.82602 0 0 0 1 
1807261650233;0.807473;0.766423;0.994957 0.03443 0.094203 -0.0653706 -0.0457235 0.991662 0.120484 0.104612 -0.0892692 -0.124184 0.988235 -0.352905 0 0 0 1 
1807261650234;0.330571;0.633375;0.962393 -0.270599 -0.0239857 -0.997563 0.269387 0.962012 -0.0443061 -1.00241 0.0350636 0.0361784 0.99873 0.337323 0 0 0 1 
1807261650235;0.476097;0.704641;0.996126 -0.0341859 -0.081015 -0.390286 0.0488267 0.981283 0.18628 -0.787374 0.0731305 -0.189514 0.979151 -0.222448 0 0 0 1 
1807261650236;0.451212;0.650583;0.917339 -0.0623441 -0.393195 -0.258331 0.0249755 0.994729 -0.0994532 -0.361532 0.397322 0.081412 0.914061 -0.0318308 0 0 0 1 
1807261650237;0.797582;0.441146;0.950078 -0.0352651 0.310012 -0.569455 -0.0333208 0.976442 0.213191 -0.545972 -0.310227 -0.212878 0.926522 -0.785823 0 0 0 1 
1807261650238;1.08583;1.47807;0.99445 0.0780912 -0.0705068 -0.505429 -0.0774041 0.996922 0.0124286 -0.919187 0.0712604 -0.00690211 0.997434 0.789512 0 0 0 1 
1807261650239;1.02135;1.08085;0.962725 0.176652 0.20483 0.0126592 -0.142529 0.974924 -0.170904 -0.451716 -0.229884 0.13534 0.963762 0.036242 0 0 0 1 
1807261650240;0.859825;0.629458;0.993104 -0.116607 0.0121238 -0.771697 0.116528 0.993163 0.00703997 -0.483025 -0.0128618 -0.00557867 0.999902 0.714567 0 0 0 1 
1807261650241;0.991567;1.20776;0.984307 -0.173134 0.0341337 -0.734119 0.15385 0.93669 0.314549 -1.05596 -0.0864318 -0.304361 0.948627 -0.618255 0 0 0 1 
1807261650242;0.558163;0.743323;0.981738 -0.0144248 -0.189689 -0.0966951 0.0340029 0.994369 0.100366 -0.371194 0.187173 -0.104984 0.976701 -0.804403 0 0 0 1 
1807261650243;0.371812;0.757961;0.995345 0.0518476 0.0812456 -0.156415 -0.0824392 0.894691 0.439013 -0.755139 -0.0499279 -0.443667 0.8948 -1.13669 0 0 0 1 
1807261650244;0.711238;0.662601;0.970728 -0.240174 -0.00215386 -1.06552 0.237232 0.96016 -0.147696 -1.12107 0.0375407 0.142861 0.98903 -0.185645 0 0 0 1 
1807261650245;0.732714;0.483027;0.989907 -0.0617065 -0.127578 -0.319475 0.0361352 0.980375 -0.193804 -0.0494891 0.137033 0.187238 0.97271 0.0300644 0 0 0 1 
1807261650246;1.2033;0.91321;0.976292 0.147475 0.158447 0.0239288 -0.156937 0.986397 0.0488971 -0.288481 -0.149081 -0.0726041 0.986156 0.966046 0 0 0 1 
1807261650248;0.419559;1.0155;0.998878 -0.0452236 0.0140904 -1.23837 0.0453863 0.998904 -0.0114499 -0.601552 -0.0135572 0.0120765 0.999835 0.0540745 0 0 0 1 
1807261650249;0.496114;0.984019;0.991967 0.123365 -0.0279842 -0.866593 -0.125624 0.98667 -0.103441 -0.599313 0.0148502 0.106126 0.994242 0.655513 0 0 0 1 
1807261650250;0.34812;0.979103;0.996441 0.0477051 -0.0694981 -0.751824 -0.0571172 0.98844 -0.140439 -0.254886 0.061995 0.143909 0.987647 0.788034 0 0 0 1 
1807261650251;0.451728;0.969797;0.935825 0.345194 -0.0712199 0.11842 -0.350147 0.933628 -0.0757314 -0.282627 0.0403509 0.0958088 0.994582 0.588841 0 0 0 1 
1807261650252;0.33029;0.937354;0.90748 -0.233885 -0.348967 -2.00778 0.159534 0.960321 -0.228763 -0.276842 0.388625 0.151926 0.908785 0.796018 0 0 0 1 
1807261650253;0.249687;1.00992;0.997357 -0.0550798 0.0473863 -1.52671 0.0553536 0.998457 -0.00448505 -0.128487 -0.0470662 0.0070962 0.998867 -0.281674 0 0 0 1 
1807261650254;0.24129;0.953517;0.98934 0.132531 0.0603459 -0.784661 -0.120665 0.978066 -0.169784 -0.124907 -0.0815241 0.160693 0.983632 0.722773 0 0 0 1 
1807261650255;0.565737;0.954942;0.95392 0.13227 0.269333 -0.758733 -0.0206717 0.924436 -0.380777 -0.608711 -0.299347 0.357663 0.884572 2.01446 0 0 0 1 
1807261650256;0.73595;0.928438;0.89268 0.187557 0.40981 -0.587453 -0.244892 0.965204 0.0916991 0.00364224 -0.378352 -0.182217 0.90755 -1.4092 0 0 0 1 
1807261650257;0.0754684;0.908706;0.999629 0.0272142 0.000945126 -1.02146 -0.0272263 0.999486 0.01692 -0.0844664 -0.000484174 -0.0169395 0.999856 -0.114538 0 0 0 1 
1807261650258;0.796962;0.99322;0.999903 0.0138985 0.000372543 -0.805167 -0.0138917 0.997592 0.0679568 0.61332 0.00057285 -0.0679554 0.997688 -0.101806 0 0 0 1 
1807261650259;0.200045;0.941563;0.99953 -0.0286009 0.0110609 -1.22437 0.0283533 0.999358 0.0219237 0.075376 -0.0116809 -0.0215998 0.999698 -0.0339364 0 0 0 1 
1807261650260;0.602384;0.989079;0.977813 -0.129188 -0.1649 -1.8152 0.171443 0.945863 0.275592 -0.240673 0.12037 -0.297748 0.947025 -0.557854 0 0 0 1 
1807261650261;0.61809;0.925214;0.937631 -0.114236 -0.328327 -1.47566 0.125632 0.991983 0.0136321 -0.164466 0.324137 -0.0540301 0.944466 0.404578 0 0 0 1 
