#;prob_registration_l1 -r /home/probabilistic_point_clouds_registration/build/tester /home/point_clouds_registration_benchmark//devel/registration_pairs/planetary_map_local.txt /home/point_clouds_registration_benchmark//planetary/p2at_met -s 0.2 -t 0.2 -p 0.3 -r 1000 -m 25 -i 40 
id;initial_error;final_error;transformation
25528382210000;2.8561;1.18255;0.998907 -0.0467318 0.000439 -2.53768 0.0467132 0.998702 0.0203052 -1.03191 -0.00138733 -0.0202625 0.999794 1.18219 0 0 0 1 
25528382210001;2.11331;1.37345;0.999725 -0.021502 -0.00940821 -1.28854 0.0227891 0.985178 0.170014 -1.27129 0.00561313 -0.170181 0.985397 -9.26772 0 0 0 1 
25528382210002;1.70145;1.28866;0.97669 0.0339911 0.211946 2.47047 0.0227491 0.965431 -0.259665 -2.38961 -0.213445 0.258434 0.942153 14.3588 0 0 0 1 
25528382210003;1.37022;0.340057;0.999998 -0.00169276 0.00070831 -0.529975 0.00168686 0.999965 0.0082469 0.0576806 -0.000722245 -0.00824569 0.999966 0.675699 0 0 0 1 
25528382210004;1.75339;1.33669;0.966483 -0.0432983 0.253054 -1.89475 0.0116164 0.992041 0.125375 -0.212318 -0.256469 -0.118233 0.959294 -5.45769 0 0 0 1 
25528382210005;0.735848;0.513543;0.995484 0.0137961 0.0939235 0.945747 0.0160575 0.950656 -0.30983 -2.87656 -0.0935634 0.309939 0.946141 16.4666 0 0 0 1 
25528382210006;1.57164;0.498263;0.996981 -0.0324411 -0.070542 -1.93822 0.0315764 0.999412 -0.0133401 -0.289293 0.0709333 0.0110724 0.99742 -1.47749 0 0 0 1 
25528382210007;1.73822;1.30355;0.999952 -0.00882109 -0.00433722 -0.0454434 0.0085867 0.998642 -0.0513762 -0.563578 0.00478453 0.0513365 0.99867 2.09006 0 0 0 1 
25528382210008;0.906109;0.892695;0.995321 0.0259355 0.0930742 1.64058 -0.0260255 0.999661 -0.000246903 0.213616 -0.0930491 -0.00217656 0.995659 0.404936 0 0 0 1 
25528382210009;0.490985;0.21072;0.97016 0.0477593 -0.237714 2.28055 -0.0231125 0.99416 0.10541 0.256398 0.241361 -0.0967706 0.965599 -6.46637 0 0 0 1 
25528382210010;2.17163;1.18403;0.991345 -0.0487313 -0.121902 -2.29542 -0.0096205 0.899091 -0.437657 -4.88792 0.130928 0.435042 0.89084 18.6992 0 0 0 1 
25528382210011;2.42393;1.39634;0.999682 0.0205074 -0.0146988 0.742917 -0.0180696 0.988493 0.150185 0.121728 0.0176096 -0.149871 0.988549 -9.23934 0 0 0 1 
25528382210012;1.04957;0.42469;0.997614 -0.0242001 -0.0646584 -1.22513 0.0202972 0.997971 -0.0603504 -0.870198 0.0659877 0.058894 0.996081 3.1362 0 0 0 1 
25528382210013;1.47687;1.1636;0.999956 -0.00903229 0.00257024 -0.375154 0.00901335 0.999933 0.00728707 -0.000553531 -0.00263589 -0.00726359 0.99997 0.291523 0 0 0 1 
25528382210014;2.77484;1.99155;0.981654 0.00404253 0.19063 1.06082 -0.0700423 0.937522 0.340803 -2.41723 -0.177342 -0.347902 0.920605 -15.2681 0 0 0 1 
25528382210015;1.8346;1.75008;0.997439 0.00937119 0.0709061 0.58227 -0.00421981 0.997363 -0.0724546 -0.135081 -0.0713981 0.0719698 0.994848 4.70063 0 0 0 1 
25528382210016;0.567147;0.540001;0.993761 -0.0133558 -0.110724 -0.864408 0.0317618 0.985583 0.166183 -1.16893 0.106908 -0.168663 0.979859 -9.62835 0 0 0 1 
25528382210017;2.04883;1.33777;0.951792 0.0165503 -0.306299 0.244369 0.0508824 0.976191 0.210858 -1.6447 0.302496 -0.216278 0.928289 -11.6105 0 0 0 1 
25528382210018;2.95759;1.42252;0.999264 0.0341983 -0.0173546 0.982458 -0.0247572 0.92086 0.389107 -2.59673 0.029288 -0.388391 0.921029 -17.7745 0 0 0 1 
25528382210019;2.21355;1.8193;0.995492 0.0277012 0.0907072 1.74051 -0.0268427 0.999583 -0.0106711 0.39051 -0.0909649 0.00818815 0.99582 0.151998 0 0 0 1 
25528382210020;0.308749;0.524671;0.980189 -0.062426 0.187967 -2.96838 0.10505 0.968403 -0.226187 -3.04905 -0.167908 0.241452 0.955776 13.026 0 0 0 1 
25528382210021;1.80312;1.26854;0.999437 0.033382 -0.00337662 1.86915 -0.0331696 0.998178 0.0504107 0.0945364 0.00505328 -0.0502703 0.998723 -1.68 0 0 0 1 
25528382210022;2.94324;2.154;0.867534 -0.0369286 -0.496005 -1.90084 0.0075756 0.998105 -0.0610611 0.350659 0.49732 0.049215 0.86617 -0.566863 0 0 0 1 
25528382210023;1.21687;0.784224;0.888653 -0.0221797 -0.458044 -1.20469 -0.0166674 0.996608 -0.0805948 0.0854959 0.458278 0.0792551 0.885268 0.145484 0 0 0 1 
25528382210024;1.44022;1.25002;0.998579 -0.0280457 0.0453253 -1.63847 0.0294887 0.999069 -0.0314873 -0.602513 -0.0444 0.0327791 0.998476 1.4269 0 0 0 1 
25528382210025;2.35204;2.04203;0.999992 0.00212993 -0.00350938 0.489886 -0.00210539 0.999973 0.00698012 -0.161642 0.00352415 -0.00697267 0.999969 -0.508646 0 0 0 1 
25528382210026;1.69358;0.442353;0.997871 0.0165636 0.0630793 0.742187 -0.0176832 0.999695 0.0172337 0.476627 -0.0627746 -0.0183125 0.99786 -2.04292 0 0 0 1 
25528382210027;2.42888;1.36721;0.997437 -0.0302344 0.0648443 -1.91547 0.0310287 0.999455 -0.0112766 -0.489478 -0.064468 0.0132597 0.997832 2.69161 0 0 0 1 
25528382210028;0.814222;0.33399;0.968713 0.0137387 -0.247801 0.860531 -0.0343785 0.996269 -0.0791581 0.253974 0.245789 0.0852005 0.965572 1.79422 0 0 0 1 
25528382210029;0.390701;0.474138;0.973256 -0.0808331 -0.21503 -4.33442 0.016352 0.95805 -0.286134 -2.84182 0.229139 0.274966 0.93375 11.8774 0 0 0 1 
25528382210031;1.54457;0.788941;0.999428 0.0289241 -0.0175188 0.742515 -0.0280271 0.998383 0.0494483 -4.4093e-05 0.0189207 -0.0489291 0.998623 -3.14384 0 0 0 1 
25528382210032;0.49374;0.296474;0.999488 0.0319988 0.000103734 0.770238 -0.0317891 0.992556 0.117565 0.0548519 0.00365896 -0.117508 0.993065 -3.60777 0 0 0 1 
25528382210033;0.496545;0.457426;0.997995 0.0169112 0.0609863 0.382867 -0.0178139 0.999739 0.0142881 0.0599081 -0.0607288 -0.0153459 0.998036 -0.442498 0 0 0 1 
25528382210034;1.67751;1.40769;0.999602 -0.000907238 -0.0281873 -0.0247942 -0.00211447 0.994258 -0.106986 -0.218317 0.0281225 0.107003 0.993861 1.95744 0 0 0 1 
25528382210035;1.14274;0.540269;0.996848 0.0268399 -0.0746573 0.773716 -0.0232053 0.998523 0.0491322 0.055288 0.0758657 -0.0472448 0.995998 -3.3039 0 0 0 1 
25528382210036;0.657758;0.305769;0.99838 0.0189253 0.0536579 0.463705 -0.0253092 0.992341 0.120912 0.142562 -0.0509587 -0.122074 0.991212 -2.75723 0 0 0 1 
25528382210037;0.42747;0.330178;0.943574 0.0336451 -0.329449 1.15781 -0.0130821 0.997836 0.064436 -0.0951383 0.330904 -0.0564903 0.941972 -5.02123 0 0 0 1 
25528382210038;2.16463;1.46181;0.99484 -0.0208218 -0.0992917 -0.775186 0.0173991 0.999228 -0.0352129 -0.401144 0.0999482 0.0333036 0.994435 1.73448 0 0 0 1 
25528382210039;1.45509;1.21251;0.999783 0.0019594 0.0207383 0.0293492 -0.00324531 0.998061 0.0621558 0.0149242 -0.0205763 -0.0622096 0.997851 -0.983507 0 0 0 1 
25528382210040;1.05221;1.09945;0.995486 -0.0223562 -0.0922426 -0.623443 0.0179222 0.998656 -0.0486209 -0.296288 0.0932057 0.0467482 0.994549 0.359269 0 0 0 1 
25528382210041;1.71424;0.814454;0.909506 -0.0243708 0.414976 0.572266 -0.00376348 0.997756 0.0668448 0.131938 -0.415674 -0.0623575 0.907373 3.26246 0 0 0 1 
25528382210042;0.574012;0.322907;0.989406 0.010907 0.144767 0.331008 0.0382527 0.94235 -0.332434 -2.5701 -0.140048 0.33445 0.93195 11.7282 0 0 0 1 
25528382210043;0.513876;0.179131;0.999984 -0.00192949 0.00537537 0.167843 0.000779174 0.978493 0.20628 -0.442096 -0.00565777 -0.206273 0.978478 -6.74215 0 0 0 1 
25528382210044;0.355334;0.339883;0.913661 -0.000407176 0.406476 0.910291 -0.0529706 0.991353 0.120058 0.182722 -0.40301 -0.131224 0.905739 -0.738796 0 0 0 1 
25528382210045;1.15928;1.02092;0.999292 0.0118328 -0.0357067 0.181965 -0.013476 0.998844 -0.0461344 0.0426698 0.0351195 0.046583 0.998297 0.82833 0 0 0 1 
25528382210046;2.5411;0.847949;0.995111 0.0222206 0.0962355 0.674447 -0.0586593 0.916869 0.394856 -2.65255 -0.0794613 -0.39857 0.913689 -13.8099 0 0 0 1 
25528382210047;2.63214;2.16018;0.96219 -0.0738026 -0.26219 -2.56374 -0.0231156 0.936994 -0.34858 -2.36298 0.271396 0.341461 0.89986 8.88013 0 0 0 1 
25528382210048;0.0550198;0.143961;0.999652 0.0151236 -0.0216037 0.301229 -0.0154543 0.999765 -0.0152219 0.105344 0.0213684 0.0155505 0.999651 0.215058 0 0 0 1 
25528382210049;0.624254;0.256415;0.998645 0.0288395 0.0433072 0.707186 -0.0373199 0.976995 0.209972 -0.225784 -0.0362555 -0.211303 0.976748 -5.78572 0 0 0 1 
25528382210050;1.7141;0.29009;0.999631 0.0139995 0.0232792 0.200001 -0.0128316 0.998688 -0.0495839 0.111983 -0.0239428 0.0492669 0.998499 3.54693 0 0 0 1 
25528382210051;0.731618;0.770369;0.998842 0.00933793 -0.047196 0.168647 -0.00512322 0.99605 0.0886464 -0.0873049 0.0478374 -0.088302 0.994944 -3.13979 0 0 0 1 
25528382210052;0.501673;0.491062;0.945098 0.00195614 -0.326781 0.52924 0.0372492 0.99282 0.113673 -0.418134 0.324657 -0.119605 0.938239 -6.4403 0 0 0 1 
25528382210053;0.245766;0.325466;0.996444 0.00527972 0.0840903 0.11133 0.0070052 0.989388 -0.145129 -0.568477 -0.0839642 0.145202 0.985833 5.04279 0 0 0 1 
25528382210054;2.27774;1.68539;0.998112 -0.024549 0.0562969 -0.62 0.0272074 0.998527 -0.0469514 -0.254686 -0.0550613 0.0483945 0.997309 3.38225 0 0 0 1 
25528382210055;0.613367;0.780748;0.996877 0.0199509 -0.0764036 0.321911 -0.0178202 0.999436 0.0284688 0.0323106 0.0769284 -0.0270184 0.99667 -1.40099 0 0 0 1 
25528382210056;2.21606;2.05447;0.992893 0.0413596 -0.111597 1.33482 -0.01638 0.976239 0.216075 -0.476195 0.117882 -0.212712 0.969978 -8.37029 0 0 0 1 
25528382210057;2.17431;1.8427;0.999864 -0.00377533 -0.0160598 -0.401284 0.00317435 0.9993 -0.0372836 -0.303373 0.0161893 0.0372275 0.999176 1.68392 0 0 0 1 
25528382210058;0.777574;0.40571;0.943973 0.0942435 -0.31628 2.87647 0.0307203 0.929105 0.368538 -2.24434 0.32859 -0.357606 0.874155 -13.7531 0 0 0 1 
25528382210059;0.655634;0.381602;0.998307 0.0319396 -0.0486009 0.823843 -0.0272566 0.995186 0.0941418 0.0044247 0.0513737 -0.0926577 0.994372 -4.02772 0 0 0 1 
25528382210060;1.3379;0.452731;0.944462 -0.0692181 -0.321249 -2.169 0.00286157 0.979261 -0.202584 -1.05242 0.328609 0.190413 0.925072 4.26122 0 0 0 1 
25528382210062;1.314;0.887988;0.996153 0.0120992 -0.0867893 0.609287 -0.00773998 0.9987 0.0503889 0.060311 0.0872861 -0.0495233 0.994952 -2.13231 0 0 0 1 
25528382210063;2.15505;1.45601;0.999969 -0.0073893 -0.00272439 -0.425923 0.00723478 0.998572 -0.0529278 0.120297 0.0031116 0.0529064 0.998595 3.25352 0 0 0 1 
25528382210064;0.553066;0.493727;0.984944 0.00232533 0.172859 0.390937 0.0238367 0.988532 -0.149118 -0.826402 -0.171224 0.150994 0.973593 10.083 0 0 0 1 
25528382210065;1.61508;0.635428;0.994566 0.0306982 -0.09948 2.39557 -0.0133394 0.985238 0.170669 -1.03543 0.103251 -0.168414 0.980294 -12.4277 0 0 0 1 
25528382210066;1.78743;0.95472;0.999976 -0.000959996 0.00686793 -0.165897 0.000800551 0.999731 0.0231812 0.0318121 -0.00688833 -0.0231751 0.999708 -0.735761 0 0 0 1 
25528382210067;0.672032;0.494915;0.993516 -0.0209307 -0.111751 -2.69934 0.0105414 0.995632 -0.0927622 -0.517461 0.113205 0.0909827 0.989397 11.9077 0 0 0 1 
25528382210068;1.84994;0.73527;0.997897 0.00691678 -0.0644535 0.0442921 -0.00362725 0.998691 0.0510152 0.198035 0.0647221 -0.0506741 0.996616 -1.66147 0 0 0 1 
25528382210069;2.23987;0.369824;0.981025 -0.0289519 -0.191708 -3.26216 -0.0165197 0.97271 -0.231435 -3.11999 0.193177 0.230211 0.953774 24.9571 0 0 0 1 
25528382210070;2.2156;0.873479;0.99992 -0.00261342 -0.0123907 -0.574414 0.00265895 0.99999 0.00365951 0.0347096 0.012381 -0.00369216 0.999917 2.30122 0 0 0 1 
25528382210071;1.44584;1.2596;0.998963 -0.0453708 0.0037193 -4.4852 0.0421002 0.889683 -0.454634 -10.9702 0.0173181 0.454319 0.890671 44.5735 0 0 0 1 
25528382210072;1.6175;1.58985;0.998113 -0.0442562 -0.042569 -4.70641 0.0261609 0.933641 -0.357253 -6.97416 0.0555549 0.355465 0.933037 36.8459 0 0 0 1 
25528382210073;2.148;0.368252;0.999125 0.00983081 -0.0406405 0.492874 -0.00786793 0.998808 0.0481795 0.0737177 0.0410657 -0.0478176 0.998012 -1.32631 0 0 0 1 
25528382210074;1.21241;0.580469;0.991597 -0.00813022 0.129111 -0.35004 0.00604573 0.999845 0.0165287 0.285824 -0.129225 -0.0156092 0.991492 -6.3646 0 0 0 1 
25528382210075;0.469924;0.149812;0.967282 -0.0218203 -0.252763 -3.5955 -0.0197286 0.986808 -0.160686 -2.14773 0.252935 0.160416 0.954092 21.5778 0 0 0 1 
25528382210076;1.94829;1.26457;0.999876 0.00453409 -0.0150988 0.11954 -0.00332316 0.996847 0.079281 0.193645 0.0154106 -0.079221 0.996738 -5.56144 0 0 0 1 
25528382210077;1.55351;0.727541;0.999823 0.012127 -0.0143697 1.3583 -0.0111567 0.997772 0.0657819 -0.269281 0.0151354 -0.0656099 0.997731 -8.02641 0 0 0 1 
25528382210078;1.78754;1.44015;0.999823 0.000609754 0.0188122 -0.0134016 -0.00120818 0.999493 0.0318154 0.119411 -0.0187832 -0.0318325 0.999317 -2.70211 0 0 0 1 
25528382210079;0.52952;0.393585;0.9661 -0.0181199 -0.257533 -3.31763 -0.00934439 0.994426 -0.105022 -1.036 0.258 0.103868 0.960545 16.289 0 0 0 1 
25528382210080;0.579865;0.164298;0.99994 0.00138867 -0.010881 0.053305 -0.00138764 0.999999 0.000101987 -0.0077474 0.0108811 -8.68821e-05 0.999941 0.838841 0 0 0 1 
25528382210081;1.6725;1.67277;0.999627 -0.00966567 0.0255606 -0.881411 0.0113761 0.997645 -0.0676429 -0.113659 -0.0248465 0.0679084 0.997382 5.88348 0 0 0 1 
25528382210082;1.80785;0.182237;0.9601 -0.0108879 0.279446 -0.90483 -0.0291696 0.989893 0.138787 -1.1058 -0.278132 -0.141401 0.950078 -19.2233 0 0 0 1 
25528382210083;0.928935;0.928935;1 0 0 0 0 1 0 0 0 0 1 0 0 0 0 1 
25528382210084;1.83208;1.40195;0.998722 -0.0194485 -0.0466396 -2.04183 0.01324 0.991438 -0.129908 -0.760545 0.0487668 0.129125 0.990428 12.4475 0 0 0 1 
25528382210085;0.401662;0.273704;0.993945 0.0488053 -0.0984485 4.52751 -0.0167897 0.952882 0.302876 -4.22542 0.108592 -0.299389 0.947932 -27.6465 0 0 0 1 
25528382210086;1.45129;1.11534;0.996669 0.00438912 -0.0814357 0.0691894 -0.00651941 0.999643 -0.0259118 -0.0783327 0.0812929 0.0263564 0.996342 5.40449 0 0 0 1 
25528382210087;0.345605;0.139819;0.939269 -0.00986177 0.343041 -1.47077 0.0392664 0.996111 -0.0788778 0.384642 -0.340929 0.0875575 0.936003 0.086256 0 0 0 1 
25528382210088;0.167837;0.135947;0.999899 -0.00833738 -0.0114943 -0.920648 0.00835719 0.999964 0.00167651 0.211876 0.0114799 -0.0017724 0.999933 -0.197021 0 0 0 1 
25528382210089;1.83562;1.76865;0.999901 -0.00531603 0.0130325 -0.534443 0.00573683 0.999456 -0.0324664 0.0776406 -0.0128528 0.0325379 0.999388 2.52284 0 0 0 1 
25528382210090;2.15758;0.156341;0.999985 0.0024847 -0.00480154 0.0309134 -0.00261799 0.999606 -0.0279573 -0.219903 0.00473018 0.0279694 0.999598 5.45503 0 0 0 1 
25528382210091;0.893388;0.502837;0.999856 -0.0132206 0.010644 -1.33978 0.014444 0.992108 -0.12455 -0.840234 -0.00891336 0.124686 0.992156 12.8063 0 0 0 1 
25528382210093;1.89713;0.214278;0.978477 0.0402478 -0.202394 -1.05221 -0.0195935 0.994485 0.103037 -0.35536 0.205424 -0.0968537 0.973869 4.38028 0 0 0 1 
25528382210094;0.825331;0.19238;0.998117 0.0235615 -0.056625 -0.0889279 -0.00345781 0.943413 0.331601 0.344054 0.0612338 -0.330781 0.941719 -2.01152 0 0 0 1 
25528382210095;0.858473;0.820907;0.958073 0.0927931 0.271082 0.644171 -0.131185 0.983177 0.127094 -2.06667 -0.254728 -0.157327 0.954129 -4.42597 0 0 0 1 
25528382210096;0.8797;0.396801;0.948795 0.086885 0.303709 0.770438 -0.198662 0.911623 0.359828 -3.39099 -0.245604 -0.401738 0.882204 -7.20636 0 0 0 1 
25528382210097;2.1961;0.346964;0.994148 0.0565023 0.0920734 0.348264 -0.0640316 0.994656 0.0809848 -2.28615 -0.0870055 -0.0864064 0.992454 -3.17146 0 0 0 1 
25528382210098;1.08082;0.247504;0.999636 0.0266787 0.00397422 0.307081 -0.0263794 0.997707 -0.0623365 -1.17057 -0.00562816 0.062209 0.998047 -0.331863 0 0 0 1 
25528382210099;0.565162;0.309932;0.948138 -0.0668878 -0.310741 -2.01729 0.0292629 0.991825 -0.124205 0.274657 0.316509 0.108671 0.942344 5.77375 0 0 0 1 
25528382210100;1.81678;1.82259;0.996719 0.0729914 0.0349678 0.790212 -0.0797583 0.959231 0.271137 -1.05641 -0.0137516 -0.273036 0.961905 -1.84275 0 0 0 1 
25528382210101;0.708323;0.411258;0.998351 -0.042248 -0.0388659 -0.516747 0.0404607 0.998137 -0.0456765 0.762605 0.0407233 0.0440286 0.9982 1.43751 0 0 0 1 
25528382210102;2.25601;1.51221;0.997706 0.00484532 -0.0675165 0.00525219 -0.0106188 0.996289 -0.0854171 -0.803525 0.0668521 0.0859381 0.994055 0.441081 0 0 0 1 
25528382210103;0.72475;0.4538;0.997621 0.0686571 -0.00620683 0.598733 -0.0678789 0.994032 0.0853928 -1.09101 0.0120326 -0.0847684 0.996328 0.305944 0 0 0 1 
25528382210104;2.73972;1.47558;0.990869 0.0562666 -0.12253 -0.0649545 -0.0216221 0.963313 0.267506 0.457633 0.133087 -0.262414 0.955734 2.42681 0 0 0 1 
25528382210105;1.37462;0.22908;0.985212 0.0454148 0.165209 0.539993 0.0392156 0.878866 -0.475454 -1.91904 -0.166789 0.474902 0.864089 -0.700115 0 0 0 1 
25528382210106;1.98093;0.145934;0.995011 -0.0531394 -0.084434 -0.213431 0.0190538 0.931979 -0.362011 -0.315709 0.0979278 0.358596 0.928342 1.89455 0 0 0 1 
25528382210107;2.7132;1.99895;0.999367 0.0119652 0.0334976 0.213624 -0.0138887 0.998232 0.0577892 -0.197857 -0.032747 -0.0582179 0.997767 -2.53557 0 0 0 1 
25528382210108;2.24596;1.11037;0.98184 0.0544809 -0.18172 0.124751 -0.0486579 0.998154 0.0363525 -1.50301 0.183365 -0.0268502 0.982678 1.59798 0 0 0 1 
25528382210109;1.35089;0.286186;0.996779 0.0184423 0.0780511 0.519 -0.0111091 0.99557 -0.0933658 -0.330002 -0.0794272 0.092198 0.992568 -1.82953 0 0 0 1 
25528382210110;1.54595;0.986395;0.997661 0.0609926 -0.030859 0.183724 -0.0375961 0.866661 0.497479 0.233702 0.0570868 -0.495155 0.866927 -2.29243 0 0 0 1 
25528382210111;0.364366;0.202857;0.985431 -0.0103927 -0.169759 -0.761528 0.00271511 0.998965 -0.0453959 -0.111781 0.170055 0.0442736 0.98444 3.24544 0 0 0 1 
25528382210112;2.44837;2.24432;0.994382 0.00219072 0.105827 -0.0900982 -0.0240507 0.978312 0.205735 0.402283 -0.103081 -0.207125 0.972869 -1.22831 0 0 0 1 
25528382210113;0.357128;0.345929;0.997135 0.072355 0.022057 0.60594 -0.0737857 0.994599 0.0729965 -1.27099 -0.0166562 -0.0744148 0.997088 -0.338675 0 0 0 1 
25528382210114;2.52967;0.651539;0.948005 -0.0273836 0.317076 -0.912925 0.12834 0.944585 -0.302138 1.33089 -0.291231 0.327122 0.898986 -4.73249 0 0 0 1 
25528382210115;1.99023;0.248472;0.997954 -0.00492424 -0.063751 -0.509269 0.00596938 0.999851 0.016214 0.275011 0.0636617 -0.0165613 0.997834 2.95657 0 0 0 1 
25528382210116;0.274109;0.235655;0.998559 0.019774 -0.0498851 -0.139911 -0.00664109 0.968022 0.250778 0.339524 0.0532488 -0.250086 0.966758 -0.661456 0 0 0 1 
25528382210117;0.456139;0.295759;0.970155 0.0721782 0.231495 0.589543 -0.117635 0.974901 0.189022 -1.7923 -0.212042 -0.210613 0.954296 -4.76901 0 0 0 1 
25528382210118;1.00279;0.175902;0.998465 -0.00400366 0.0552346 0.0153047 0.00309203 0.999858 0.0165803 0.0393007 -0.0552932 -0.016384 0.998336 -1.86248 0 0 0 1 
25528382210119;1.53716;0.895191;0.993975 0.051246 0.096892 0.158999 -0.0292173 0.975866 -0.216406 -1.68124 -0.105644 0.212271 0.971484 0.351008 0 0 0 1 
25528382210120;1.16367;0.561407;0.999619 -0.000675428 0.0275986 0.054894 -0.000108991 0.999596 0.028411 0.412911 -0.0276067 -0.0284032 0.999215 0.27744 0 0 0 1 
25528382210121;1.92017;1.33101;0.999074 0.00458989 0.042787 0.184014 -0.0124074 0.982795 0.184284 0.398292 -0.041205 -0.184645 0.981941 -2.7952 0 0 0 1 
25528382210122;1.42171;0.471861;0.995646 0.0302339 -0.0881771 0.165814 -0.0320102 0.999311 -0.0187998 -0.539402 0.0875479 0.0215405 0.995927 0.215997 0 0 0 1 
25528382210124;1.41534;0.509797;0.999799 0.0172198 -0.0102865 1.45006 -0.0166633 0.998512 0.0519294 -0.383431 0.0111654 -0.0517476 0.998598 -5.62313 0 0 0 1 
25528382210125;0.633729;0.331306;0.991692 -0.0376504 -0.122998 -3.29429 0.0203738 0.990109 -0.138811 -1.01469 0.127008 0.135152 0.982651 11.8958 0 0 0 1 
25528382210126;0.445145;0.296391;0.952017 -0.00224444 -0.306037 -0.970178 0.00897978 0.999747 0.0206021 0.0507842 0.305914 -0.0223617 0.951797 -0.0919229 0 0 0 1 
25528382210127;0.670288;0.650706;0.998074 -0.0141343 -0.0604005 -1.17918 0.0106151 0.998249 -0.0581928 -0.190851 0.0611172 0.0574395 0.996476 5.03621 0 0 0 1 
25528382210128;2.24311;1.73899;0.999938 -0.011072 -0.000825473 -0.576338 0.0110561 0.99979 -0.0172654 -0.0543528 0.00101646 0.0172552 0.999851 -0.586828 0 0 0 1 
25528382210129;1.80511;1.48524;0.985518 0.0115918 0.169173 1.20293 -0.0132153 0.999877 0.00847383 0.1772 -0.169054 -0.0105868 0.98555 -0.456412 0 0 0 1 
25528382210130;0.986557;0.169409;0.998946 0.0134933 0.0438695 1.00878 -0.0169379 0.996721 0.0791196 -0.0588742 -0.042658 -0.0797793 0.995899 -5.41939 0 0 0 1 
25528382210131;2.11864;1.8019;0.983323 -0.114197 -0.141547 -9.04329 0.0409743 0.897383 -0.439345 -8.19916 0.177194 0.426218 0.887097 34.0332 0 0 0 1 
25528382210132;0.163045;0.164261;0.999886 0.00963666 -0.0116445 0.690974 -0.0100032 0.999443 -0.031836 -0.134169 0.0113312 0.0319488 0.999425 2.39485 0 0 0 1 
25528382210133;1.8377;0.897137;0.999853 -0.00426388 -0.0165795 -0.601646 0.00413813 0.999962 -0.00761158 0.110143 0.0166113 0.00754186 0.999834 2.6098 0 0 0 1 
25528382210134;1.18998;0.879722;0.999983 -0.00584293 -0.000788156 -0.532809 0.00581706 0.999545 -0.0295858 -0.0764497 0.000960665 0.0295807 0.999562 3.22678 0 0 0 1 
25528382210135;0.879278;0.675246;0.99904 0.0204941 0.0387234 1.53073 -0.0219379 0.999066 0.0372365 -0.0737817 -0.0379241 -0.0380502 0.998556 -2.61994 0 0 0 1 
25528382210136;1.20454;0.98879;0.9393 0.0340707 0.3414 2.85284 0.0214516 0.987278 -0.157547 -0.972458 -0.342425 0.155308 0.92662 11.0643 0 0 0 1 
25528382210137;0.490225;0.527499;0.999922 -0.0106936 0.00644197 -0.765198 0.0110664 0.998081 -0.0609298 -0.207616 -0.00577805 0.0609964 0.998121 4.46186 0 0 0 1 
25528382210138;0.898047;0.927939;0.999896 -0.0118931 0.0082177 -0.838572 0.0125162 0.996678 -0.0804735 -0.34069 -0.00723332 0.080568 0.996723 5.94509 0 0 0 1 
25528382210139;0.258844;0.167773;0.998189 -0.0158941 0.0580132 -1.09995 0.0186346 0.998721 -0.047008 -0.154434 -0.0571918 0.0480039 0.997208 3.51282 0 0 0 1 
25528382210140;1.51354;1.28846;0.999621 -0.00788545 0.0263749 -0.586204 0.0107782 0.993717 -0.111402 -0.503067 -0.0253307 0.111644 0.993425 7.78553 0 0 0 1 
25528382210141;0.177514;0.173218;0.968907 0.0171697 0.246827 1.57599 -0.0330372 0.997634 0.0602889 -0.283843 -0.245208 -0.0665688 0.967182 -6.76507 0 0 0 1 
25528382210142;1.7221;1.41871;0.990792 0.0096064 -0.135051 0.354695 0.00976772 0.989809 0.142066 -0.303984 0.13504 -0.142077 0.980601 -9.94523 0 0 0 1 
25528382210143;1.74732;1.61786;0.99336 -0.0112128 -0.114496 -1.17063 0.00673493 0.9992 -0.0394217 0.0700184 0.114846 0.0383888 0.992641 3.73495 0 0 0 1 
25528382210144;0.62636;0.608998;0.984748 -0.0128342 -0.173514 -1.25763 0.0134631 0.999906 0.0024483 0.0693306 0.173466 -0.00474699 0.984828 0.505052 0 0 0 1 
25528382210145;2.23099;1.65474;0.981777 0.0217875 0.188783 2.24553 -0.0310179 0.998456 0.0460786 -0.148301 -0.187487 -0.0510946 0.980937 -3.49236 0 0 0 1 
25528382210146;0.123351;0.149874;0.98768 -0.0033956 0.156447 0.0442991 0.00275182 0.999987 0.00433138 0.0211604 -0.15646 -0.0038475 0.987677 -1.2627 0 0 0 1 
25528382210147;2.1323;0.347683;0.999937 -0.00400948 0.0104872 -0.532518 0.00414139 0.999912 -0.0125872 0.0634251 -0.0104358 0.0126298 0.999866 3.54836 0 0 0 1 
25528382210148;1.17842;0.503579;0.999922 -0.00621849 -0.0108592 -0.572308 0.00579121 0.999225 -0.0389442 -0.0403674 0.011093 0.0388783 0.999182 4.25702 0 0 0 1 
25528382210149;1.8032;1.67557;0.97417 0.0371499 -0.222739 2.45373 0.019261 0.96911 0.245874 -2.02105 0.224993 -0.243814 0.943363 -18.5475 0 0 0 1 
25528382210150;1.89528;1.8042;0.992162 0.00296928 0.124919 0.384236 0.00947416 0.995052 -0.0989 -0.335294 -0.124595 0.0993084 0.987225 7.0377 0 0 0 1 
25528382210151;1.38396;0.42681;0.999938 0.0108668 0.00256035 1.0289 -0.0108606 0.999938 -0.00242991 -0.321717 -0.0025866 0.00240195 0.999994 -1.62031 0 0 0 1 
25528382210152;1.90731;1.82717;0.999377 0.00403927 -0.0350722 0.407882 -0.00100269 0.99628 0.0861702 -0.311882 0.0352898 -0.0860813 0.995663 -7.61566 0 0 0 1 
25528382210153;0.627318;0.183438;0.968651 -0.0668136 -0.239271 -5.91402 0.0268154 0.985648 -0.166673 -1.34946 0.246972 0.155032 0.956541 14.2395 0 0 0 1 
25528382210155;0.972428;0.58696;0.996468 -0.0459371 -0.070293 -3.0208 0.0108024 0.900269 -0.4352 -7.33853 0.0832745 0.432904 0.897585 27.2034 0 0 0 1 
25528382210156;1.01473;0.720966;0.992148 0.0190952 -0.123604 0.808304 -0.0129378 0.998644 0.0504282 -0.299993 0.124399 -0.0484331 0.991049 -1.65415 0 0 0 1 
25528382210157;0.233342;0.245844;0.998636 0.00370837 -0.0520831 0.0356816 -0.00682809 0.998184 -0.0598493 -0.486531 0.0517666 0.0601233 0.996848 4.64469 0 0 0 1 
25528382210158;0.218897;0.185511;0.999899 -0.00866435 -0.0113063 -0.550983 0.00874767 0.999935 0.00734124 0.247053 0.011242 -0.0074394 0.999909 -0.520504 0 0 0 1 
25528382210159;0.424214;0.196428;0.968728 -0.0159083 0.247614 -0.899086 0.0985898 0.940462 -0.325286 -2.29229 -0.227697 0.339526 0.91262 14.4732 0 0 0 1 
25528382210160;0.944861;0.735091;0.999087 -0.0148227 -0.0400761 -0.870047 0.00687337 0.98144 -0.191649 -1.90717 0.042173 0.191198 0.980645 11.8869 0 0 0 1 
25528382210161;0.607772;0.416927;0.984174 -0.0186105 0.176227 -0.947147 0.0389511 0.992868 -0.112678 0.15916 -0.172873 0.117759 0.977879 1.58658 0 0 0 1 
25528382210162;0.465464;0.255993;0.991225 0.0104251 0.131773 0.847427 -0.028731 0.990044 0.137794 -0.779175 -0.129025 -0.140371 0.981656 -12.072 0 0 0 1 
25528382210163;0.301031;0.174809;0.999859 0.0119263 -0.0118108 0.631077 -0.0115457 0.999428 0.0317835 0.0207397 0.0121831 -0.0316426 0.999425 -1.17557 0 0 0 1 
25528382210164;0.262538;0.247454;0.999951 -0.00981214 -0.00122152 -0.632268 0.00982007 0.99993 0.00666387 0.305362 0.00115604 -0.00667554 0.999977 -0.595348 0 0 0 1 
25528382210165;0.165591;0.136598;0.999896 -0.00476697 -0.0136011 -0.414044 0.00607953 0.995152 0.0981572 0.14504 0.0130672 -0.0982297 0.995078 -5.41744 0 0 0 1 
25528382210166;1.12952;0.716225;0.972439 0.00509058 -0.233104 -0.591898 0.00450246 0.999165 0.0406029 0.122181 0.233116 -0.0405334 0.971604 0.820813 0 0 0 1 
25528382210167;0.708722;0.191209;0.994682 -0.0182768 -0.101362 -1.83101 0.0121017 0.998052 -0.0612044 -0.152028 0.102283 0.0596522 0.992965 7.29101 0 0 0 1 
25528382210168;1.1418;0.242244;0.999797 0.00795951 0.0184889 0.293545 -0.00740952 0.999534 -0.0296275 -0.187987 -0.0187161 0.0294845 0.99939 4.08468 0 0 0 1 
25528382210169;0.757933;0.698189;0.994616 0.0110145 0.103046 0.982429 -0.00792095 0.999507 -0.0303823 -0.475875 -0.10333 0.0294024 0.994212 -0.952682 0 0 0 1 
25528382210170;0.338329;0.0848468;0.988373 0.00642844 0.151914 0.621547 0.0545984 0.917467 -0.394048 -4.8076 -0.141909 0.39776 0.906448 19.7013 0 0 0 1 
25528382210171;0.814741;0.699748;0.995212 0.0185565 -0.0959669 0.42415 -0.014408 0.998939 0.0437425 -0.149482 0.0966768 -0.0421504 0.994423 0.948477 0 0 0 1 
25528382210172;0.85032;0.283988;0.990964 0.0623998 -0.118728 2.50442 -0.0173414 0.937367 0.347911 -1.97264 0.133001 -0.342709 0.929979 -15.0714 0 0 0 1 
25528382210173;0.630488;0.58238;0.999636 -0.00276021 -0.026841 -0.27236 0.00473055 0.997275 0.0736239 0.33674 0.0265646 -0.0737241 0.996925 -4.66336 0 0 0 1 
25528382210174;0.36066;0.137381;0.961335 0.108179 -0.253243 4.43824 -0.0093271 0.931873 0.362664 -2.78338 0.275223 -0.34628 0.896851 -14.4646 0 0 0 1 
25528382210175;0.400793;0.353109;0.99969 0.00778675 0.0236334 0.553484 -0.00525697 0.994429 -0.105276 -0.691517 -0.0243215 0.105119 0.994162 5.75001 0 0 0 1 
25528382210176;0.342834;0.173016;0.984233 0.00679428 0.176746 0.675956 -0.0373941 0.984668 0.170383 -1.08993 -0.172878 -0.174306 0.969397 -14.7967 0 0 0 1 
25528382210177;0.260067;0.105714;0.997152 -0.0386477 -0.0647684 -2.53605 0.019871 0.963016 -0.26871 -2.65607 0.072758 0.266658 0.961041 16.9838 0 0 0 1 
25528382210178;0.926206;0.222249;0.999779 -0.0115589 0.0175635 -0.871411 0.0113664 0.999875 0.0110235 0.407039 -0.0176887 -0.0108214 0.999785 1.16254 0 0 0 1 
25528382210179;0.695785;0.23823;0.999988 -0.00365858 -0.00326103 -0.0296996 0.00307183 0.986351 -0.164628 -0.909379 0.00381883 0.164616 0.98635 7.95385 0 0 0 1 
25528382210180;0.109455;0.103237;0.999533 0.0200357 0.0230658 1.25936 -0.0215452 0.997509 0.0671679 -0.283316 -0.0216626 -0.0676335 0.997475 -4.56343 0 0 0 1 
25528382210181;0.971587;0.610092;0.944356 0.00949815 0.328788 0.064248 0.00940956 0.998394 -0.0558684 0.195959 -0.32879 0.0558535 0.94275 -6.46366 0 0 0 1 
25528382210182;0.540657;0.297812;0.998311 0.0113716 0.0569773 0.897643 -0.0106742 0.999865 -0.0125295 -0.446892 -0.0571121 0.0119002 0.998297 -1.71962 0 0 0 1 
25528382210183;0.488607;0.338599;0.969969 0.0109993 0.242979 0.816973 -0.00921971 0.999922 -0.00846002 -0.0688955 -0.243053 0.00596576 0.969995 -4.76541 0 0 0 1 
25528382210184;0.107925;0.0643096;0.999908 0.00779923 -0.0111322 0.387757 -0.00764037 0.999869 0.0142421 -0.112708 0.0112418 -0.0141557 0.999837 -0.38124 0 0 0 1 
25528382210186;2.61464;0.559124;0.90655 0.0431022 -0.419891 0.289211 0.0455916 0.978954 0.198923 -0.0967822 0.419628 -0.199477 0.885506 -5.44618 0 0 0 1 
25528382210187;2.55948;0.293288;0.999959 0.00870525 0.00266594 0.641838 -0.0086745 0.999898 -0.0113378 -0.266938 -0.00276437 0.0113142 0.999932 -1.95627 0 0 0 1 
25528382210188;2.1137;0.727332;0.994009 -0.00824578 -0.108985 -0.206622 -0.00529021 0.992351 -0.123331 -0.2462 0.109168 0.123169 0.986363 4.26714 0 0 0 1 
25528382210189;3.03095;1.50839;0.933552 -0.0244207 0.357609 -0.314219 0.0409455 0.998411 -0.0387095 0.598654 -0.356095 0.0507798 0.933069 -0.565676 0 0 0 1 
25528382210190;2.58604;2.48788;0.942504 0.0439582 0.33129 2.09472 0.0225242 0.980702 -0.194207 -1.19534 -0.333434 0.190503 0.923326 4.33993 0 0 0 1 
25528382210191;2.29839;1.11963;0.994486 -0.0172699 0.103438 -0.68702 -0.0214173 0.932111 0.361539 -1.17608 -0.102659 -0.361761 0.926602 -13.99 0 0 0 1 
25528382210192;1.26077;1.07723;0.997242 0.0434809 -0.0601554 1.76083 -0.0413903 0.99851 0.0355733 -0.633989 0.0616125 -0.0329854 0.997555 -1.43727 0 0 0 1 
25528382210193;1.94741;1.28588;0.975996 -0.0313577 0.215518 -1.09517 0.0597203 0.990183 -0.126379 0.304639 -0.20944 0.136216 0.968287 0.999691 0 0 0 1 
25528382210194;0.500481;0.295979;0.991222 0.0637555 -0.115818 2.05478 -0.0128638 0.918393 0.395461 -2.22455 0.13158 -0.3905 0.911151 -14.2416 0 0 0 1 
25528382210195;0.447325;0.183739;0.993727 0.0077783 0.111563 0.493289 0.0214274 0.965853 -0.258202 -1.73746 -0.109762 0.258973 0.959628 8.82571 0 0 0 1 
25528382210196;0.672791;0.454579;0.999622 -0.0271149 -0.00449122 -1.24249 0.0272802 0.998741 0.0421084 0.591335 0.0033438 -0.042215 0.999103 -1.44483 0 0 0 1 
25528382210197;1.68816;1.56738;0.999345 0.0294632 0.0210083 1.15896 -0.0301791 0.998945 0.0346168 -0.208487 -0.0199662 -0.0352282 0.99918 -1.63843 0 0 0 1 
25528382210198;0.0806703;0.0840658;0.999357 -0.035823 -0.00132072 -1.45262 0.0358007 0.999258 -0.0141988 0.408165 0.00182838 0.0141424 0.999898 0.523124 0 0 0 1 
25528382210199;2.04506;0.654747;0.985418 -0.0361985 0.166256 -1.16895 0.0378381 0.999261 -0.00670389 0.575774 -0.165891 0.0128969 0.98606 -3.39649 0 0 0 1 
25528382210200;1.86353;1.06747;0.984902 -0.107367 -0.135795 -5.249 0.0594999 0.946596 -0.316883 -1.92 0.162566 0.304019 0.938693 14.4654 0 0 0 1 
25528382210201;1.69978;1.61934;0.978675 -0.02425 0.203979 -0.662288 0.00137772 0.99376 0.111532 0.298817 -0.205411 -0.108873 0.972601 -7.78442 0 0 0 1 
25528382210202;3.09717;0.409112;0.999553 -0.0183485 0.0236159 -0.997472 0.0194666 0.998657 -0.0480216 -0.017041 -0.022703 0.0484599 0.998567 4.38238 0 0 0 1 
25528382210203;2.66545;0.391657;0.999945 0.00954889 0.00432755 0.185239 -0.00984083 0.997254 0.0733954 0.234292 -0.00361482 -0.073434 0.997294 -0.622994 0 0 0 1 
25528382210204;2.12678;1.81326;0.999992 -0.00276136 0.00296981 -0.235902 0.00274201 0.999975 0.00650029 0.507338 -0.00298769 -0.00649209 0.999974 -0.224219 0 0 0 1 
25528382210205;2.17534;0.503198;0.973049 0.0353797 -0.22787 1.21394 -0.0271891 0.99887 0.0389845 -0.558535 0.228991 -0.0317383 0.972911 -0.526352 0 0 0 1 
25528382210206;0.615844;0.289441;0.999417 0.00590943 0.0336219 0.275869 -0.00322844 0.99685 -0.0792416 -0.417449 -0.0339843 0.0790869 0.996288 3.11244 0 0 0 1 
25528382210207;2.70191;2.4361;0.99847 -0.0199412 0.051581 -0.498334 0.0245863 0.995543 -0.0910484 -0.0213179 -0.0495355 0.0921772 0.99451 1.65686 0 0 0 1 
25528382210208;0.254784;0.286213;0.998008 0.0436579 -0.0455326 1.63017 -0.0422878 0.998636 0.0306318 -0.644187 0.0468078 -0.0286453 0.998493 -0.581591 0 0 0 1 
25528382210209;0.401221;0.41284;0.999873 0.0159371 -0.000540852 0.572755 -0.0158977 0.998901 0.0440985 -0.0461886 0.00124306 -0.0440843 0.999027 -1.70901 0 0 0 1 
25528382210210;3.26762;2.84237;0.997581 0.0618815 0.0316536 2.59451 -0.069159 0.929222 0.362993 -2.80804 -0.00695064 -0.364304 0.931254 -15.9656 0 0 0 1 
25528382210211;2.11433;0.950134;0.997726 0.0487815 0.0465108 2.0287 -0.0562774 0.982675 0.176584 -0.697968 -0.037091 -0.1788 0.983186 -5.94639 0 0 0 1 
25528382210212;0.939666;0.359703;0.980055 0.0184138 0.197872 0.993854 0.017774 0.983585 -0.179565 -0.874633 -0.197931 0.179501 0.96364 3.86844 0 0 0 1 
25528382210213;1.20317;1.00433;0.997078 0.00252079 0.0763516 0.23783 -0.0097382 0.995496 0.0943046 0.151356 -0.07577 -0.0947726 0.992611 -4.50142 0 0 0 1 
25528382210214;2.77469;0.861431;0.985186 0.0535362 0.162921 2.53566 -0.0174725 0.976415 -0.215195 -2.15192 -0.170599 0.209161 0.962885 8.30138 0 0 0 1 
25528382210215;2.52413;2.28933;0.999545 0.00829232 -0.0289847 0.267917 -0.000930571 0.969456 0.245263 -0.649745 0.0301332 -0.245125 0.969023 -9.94135 0 0 0 1 
25528382210217;1.06109;1.03513;0.971326 -0.0156694 -0.237236 -1.64054 0.00731978 0.999324 -0.0360353 -0.0676207 0.23764 0.0332655 0.970783 3.81175 0 0 0 1 
25528382210218;0.551084;0.497697;0.999813 0.0167565 0.00967791 1.53036 -0.0173173 0.997981 0.0611051 -0.291298 -0.00863447 -0.0612612 0.998084 -5.34523 0 0 0 1 
25528382210219;0.422673;0.394603;0.97532 -0.00992887 0.220573 -0.844411 -0.000228375 0.998943 0.0459762 -0.00367631 -0.220796 -0.0448918 0.974286 -4.87792 0 0 0 1 
25528382210220;1.03905;0.806876;0.961307 0.0673591 -0.267117 6.05221 -0.029561 0.98927 0.14308 -1.22586 0.273889 -0.129648 0.952983 -10.8903 0 0 0 1 
25528382210221;1.31298;0.645802;0.997717 -0.0126746 -0.0663364 -1.4292 0.00340904 0.990431 -0.137964 -1.17213 0.0674503 0.137423 0.988213 14.0769 0 0 0 1 
25528382210222;1.56771;1.18688;0.986824 0.0333346 -0.158328 3.36363 -0.0153291 0.993407 0.113611 -0.784738 0.161071 -0.109687 0.980829 -11.0005 0 0 0 1 
25528382210223;0.395381;0.301278;0.998175 0.00326561 -0.0602917 0.155717 -8.03772e-05 0.998607 0.0527573 -0.065333 0.06038 -0.0526562 0.996786 -4.22643 0 0 0 1 
25528382210224;1.45898;1.12323;0.994845 -0.0050906 -0.101278 -0.909481 0.00684309 0.999833 0.0169639 0.035195 0.101175 -0.0175695 0.994714 -0.0796499 0 0 0 1 
25528382210225;0.647882;0.257268;0.955099 0.0398579 -0.293592 2.61111 0.00665985 0.987772 0.155765 -0.822651 0.29621 -0.150726 0.943155 -11.7951 0 0 0 1 
25528382210226;0.247807;0.230629;0.99415 0.0171327 -0.106637 1.49145 -0.0150747 0.999685 0.0200757 -0.173575 0.106947 -0.0183507 0.994095 -1.27131 0 0 0 1 
25528382210227;1.67052;0.390468;0.999881 0.00231725 0.015262 -0.0195687 -0.00232164 0.999997 0.000269417 -0.0718199 -0.0152613 -0.000304818 0.999883 2.20168 0 0 0 1 
25528382210228;0.941077;0.321879;0.999814 0.000173336 -0.0192871 0.312167 -0.00142331 0.997896 -0.0648141 -0.140553 0.0192353 0.0648295 0.997711 4.43481 0 0 0 1 
25528382210229;1.84373;1.78568;0.999444 -0.0165556 -0.0289269 -1.63184 0.0145259 0.99751 -0.0690184 -0.164709 0.0299975 0.0685599 0.997196 6.40127 0 0 0 1 
25528382210230;0.815476;0.689135;0.999884 -0.00998515 -0.0114585 -1.05141 0.00993839 0.999942 -0.00413116 0.0580321 0.0114991 0.00401681 0.999926 0.768732 0 0 0 1 
25528382210231;0.945073;0.471847;0.999939 0.00249081 -0.0107655 0.062267 -0.00260856 0.999937 -0.0109381 -0.090241 0.0107375 0.0109656 0.999882 2.10355 0 0 0 1 
25528382210232;0.385786;0.2937;0.994955 0.00669638 0.100101 0.601482 -0.0156371 0.995927 0.0888004 -0.407075 -0.0990991 -0.0899177 0.991007 -8.87997 0 0 0 1 
25528382210233;0.215723;0.148199;0.999459 0.0298726 0.0137345 2.57581 -0.0327391 0.942678 0.332093 -5.06816 -0.00302677 -0.332363 0.943147 -29.8998 0 0 0 1 
25528382210234;1.80049;1.32306;0.999882 -0.0148536 0.00401097 -1.03923 0.0150909 0.997599 -0.0675952 0.0290766 -0.0029973 0.0676477 0.997705 4.01698 0 0 0 1 
25528382210235;1.841;1.81434;0.981302 0.00531957 0.192399 0.453999 -0.0441346 0.979202 0.198028 -1.93243 -0.187345 -0.202816 0.961128 -18.4521 0 0 0 1 
25528382210236;0.783834;0.543876;0.992607 0.00846444 0.121077 0.871123 -0.0142559 0.998791 0.0470468 -0.157348 -0.120532 -0.048425 0.991528 -4.13355 0 0 0 1 
25528382210237;0.646121;0.48265;0.99551 -0.00585295 -0.0944761 -0.450709 0.00574204 0.999982 -0.00144576 0.0461793 0.0944829 0.000896781 0.995526 -0.238026 0 0 0 1 
25528382210238;0.978297;0.72569;0.994913 -0.0115188 0.100078 -1.02757 0.023077 0.993084 -0.115114 -0.694031 -0.0980603 0.116838 0.988298 10.6814 0 0 0 1 
25528382210239;1.51578;0.108556;0.995726 -0.00656896 0.0921194 -0.971873 0.0120823 0.99816 -0.0594202 -0.176714 -0.0915595 0.0602792 0.993973 7.13045 0 0 0 1 
25528382210240;0.466545;0.40238;0.99983 0.0168337 -0.00753148 1.44245 -0.0150103 0.980095 0.19796 -1.67478 0.010714 -0.197813 0.980181 -17.6267 0 0 0 1 
25528382210241;1.93577;1.69321;0.989543 0.00449697 0.144169 0.692204 -0.0254516 0.989274 0.143837 -0.773064 -0.141976 -0.146002 0.979044 -13.6398 0 0 0 1 
25528382210242;0.86252;0.611154;0.996684 -0.0274749 0.0765873 -2.68534 0.0419098 0.980149 -0.193784 -1.5422 -0.0697428 0.196351 0.97805 18.092 0 0 0 1 
25528382210243;0.905546;0.238037;0.97051 -0.00672224 0.240969 -0.495937 -0.00584254 0.998662 0.0513904 -0.0266883 -0.240992 -0.0512827 0.969171 -4.52715 0 0 0 1 
25528382210244;0.219604;0.200917;0.999813 0.00244157 -0.0191812 0.185832 -0.0028188 0.999803 -0.0196647 -0.0730493 0.0191294 0.0197151 0.999623 1.71176 0 0 0 1 
25528382210245;0.165948;0.0900064;0.980932 -0.0107568 0.194055 -0.947198 0.00725471 0.999798 0.0187484 0.0556952 -0.194217 -0.0169831 0.980812 -2.67471 0 0 0 1 
25528382210246;1.5805;1.42571;0.99868 0.00205146 0.0513219 0.103904 -0.00294599 0.999845 0.0173603 -0.0138965 -0.0512783 -0.0174886 0.998531 -0.77096 0 0 0 1 
25528382210248;1.80404;1.48599;0.997456 0.00878096 0.0707358 0.619718 0.00265208 0.987124 -0.159936 -0.588414 -0.0712294 0.159717 0.98459 8.29597 0 0 0 1 
25528382210249;2.65063;0.683135;0.999237 -0.0215795 0.0325476 -1.03028 0.0212749 0.999727 0.00967781 0.211429 -0.0327476 -0.00897798 0.999423 -3.45384 0 0 0 1 
25528382210250;0.988386;0.241448;0.988215 -0.0392359 -0.147959 -2.75302 0.0303206 0.997613 -0.0620376 -0.176897 0.15004 0.0568203 0.987046 3.66619 0 0 0 1 
25528382210251;1.96971;0.413084;0.999354 0.0112402 -0.034123 0.641708 -0.0101421 0.99943 0.0321852 0.857245 0.0344654 -0.0318184 0.998899 -3.93583 0 0 0 1 
25528382210252;1.48555;0.909697;0.998511 0.054526 -0.00166532 3.41805 -0.0545251 0.998512 0.000591563 -0.63192 0.0016951 -0.000499881 0.999998 0.353059 0 0 0 1 
25528382210253;1.51489;0.424253;0.998975 0.0243521 0.0381571 1.53164 -0.0228422 0.998958 -0.0395204 0.0333043 -0.0390798 0.0386083 0.99849 0.481007 0 0 0 1 
25528382210254;2.5409;1.80195;0.999406 0.00285144 0.0343585 0.216399 -0.00793113 0.988861 0.148631 0.238742 -0.0335519 -0.148815 0.988296 -10.1728 0 0 0 1 
25528382210255;0.438009;0.193524;0.995247 0.0122064 -0.0966161 0.464663 -0.0207959 0.995868 -0.0884019 -0.466829 0.0951377 0.0899909 0.991388 5.07139 0 0 0 1 
25528382210256;0.895108;0.417492;0.960936 0.00979897 0.276595 1.25805 0.0688105 0.959535 -0.273052 -3.2755 -0.268079 0.281418 0.921378 16.7221 0 0 0 1 
25528382210257;0.887196;0.759301;0.999395 -0.00510139 0.0344085 -0.0800834 0.00473281 0.999931 0.0107849 -0.0552233 -0.0344611 -0.0106155 0.99935 -0.804013 0 0 0 1 
25528382210258;2.46932;0.625736;0.998571 0.045414 -0.0281574 2.86461 -0.0468823 0.997446 -0.0538874 0.00554573 0.0256382 0.0551305 0.99815 0.239688 0 0 0 1 
25528382210259;0.355498;0.236542;0.995274 -0.0051394 0.0969681 -0.0743542 0.048778 0.889927 -0.453487 -7.23259 -0.0839639 0.456074 0.885972 25.3103 0 0 0 1 
25528382210260;0.270887;0.258561;0.99987 -0.0160903 0.00125198 -1.00542 0.0160932 0.999868 -0.00226259 0.0555967 -0.00121541 0.00228244 0.999997 0.209812 0 0 0 1 
