#;prob_registration_l1 -r /home/probabilistic_point_clouds_registration/build/tester /home/point_clouds_registration_benchmark//devel/registration_pairs/stairs_local.txt /home/point_clouds_registration_benchmark//eth/stairs -s 0.2 -t 0.2 -p 0.3 -r 1000 -m 25 -i 40 
id;initial_error;final_error;transformation
5494384560000;0.832403;0.0856716;0.993476 0.112603 -0.0180674 0.851215 -0.111346 0.991982 0.0597864 0.449596 0.0246546 -0.0573846 0.998048 0.31387 0 0 0 1 
5494384560001;0.315086;0.111054;0.908066 0.243133 -0.341031 1.6365 -0.195379 0.966135 0.168555 1.17067 0.370463 -0.086429 0.924817 -2.49061 0 0 0 1 
5494384560002;0.630491;0.0498155;0.999332 -0.022833 -0.0285335 0.729963 0.0234073 0.999527 0.0199587 -0.305894 0.0280643 -0.0206133 0.999394 0.0678163 0 0 0 1 
5494384560003;0.317466;0.071652;0.968197 -0.0384285 -0.247219 0.949526 0.126166 0.928284 0.349816 -1.9523 0.216046 -0.369881 0.90361 -1.43328 0 0 0 1 
5494384560004;0.657978;0.0566684;0.998133 0.0592483 0.014856 -0.167657 -0.0606588 0.990041 0.127041 0.664354 -0.00718103 -0.127705 0.991786 0.529936 0 0 0 1 
5494384560005;0.751618;0.101489;0.994168 -0.0871798 -0.0634751 -0.333838 0.096015 0.983558 0.152952 -1.60798 0.0490971 -0.158155 0.986193 -0.491589 0 0 0 1 
5494384560006;0.696898;0.11308;0.931996 0.302272 -0.200036 1.34717 -0.318398 0.946459 -0.053279 2.20206 0.173221 0.113347 0.978339 -0.706182 0 0 0 1 
5494384560007;0.399045;0.0581529;0.933477 -0.355107 -0.0501993 0.78256 0.358134 0.930403 0.0780421 -3.11539 0.0189922 -0.0908286 0.995685 -0.121418 0 0 0 1 
5494384560008;0.231215;0.0672269;0.972848 -0.20262 -0.111859 0.434573 0.194063 0.977487 -0.0828176 -1.21646 0.126121 0.0588611 0.990267 -0.816311 0 0 0 1 
5494384560009;0.454804;0.0676087;0.988853 -0.00881827 -0.148631 0.713002 0.0234871 0.994985 0.0972295 -0.661419 0.147028 -0.0996366 0.984101 -0.712126 0 0 0 1 
5494384560010;0.83506;0.0606419;0.999858 0.0116517 -0.0121614 0.013782 -0.0110343 0.998706 0.049654 0.102999 0.0127242 -0.0495128 0.998692 0.794386 0 0 0 1 
5494384560011;0.300381;0.0957709;0.99725 0.0542468 0.0505005 -0.15239 -0.038753 0.962471 -0.268602 0.930593 -0.0631762 0.265906 0.961926 0.51978 0 0 0 1 
5494384560012;0.513405;0.103145;0.939549 0.0538104 -0.33816 1.21534 -0.106916 0.984301 -0.140428 1.15225 0.325294 0.168094 0.930553 -1.80585 0 0 0 1 
5494384560013;0.592232;0.0680067;0.992468 0.0146133 -0.12163 0.507806 -0.014463 0.999893 0.0021179 0.699501 0.121648 -0.000342809 0.992573 -0.877038 0 0 0 1 
5494384560014;0.784839;0.0983478;0.945006 0.227456 0.235005 0.566877 -0.27752 0.937887 0.208209 1.38197 -0.17305 -0.261978 0.949432 1.82013 0 0 0 1 
5494384560015;1.02961;0.0947232;0.938047 0.330152 -0.105205 0.393041 -0.346391 0.901379 -0.259862 3.92017 0.00903522 0.280205 0.959898 0.696261 0 0 0 1 
5494384560016;0.692498;0.0897415;0.989107 0.13092 -0.0672925 0.256161 -0.146875 0.908191 -0.39194 2.59007 0.00980175 0.397554 0.917526 -0.2808 0 0 0 1 
5494384560017;0.125802;0.0508666;0.99975 0.0158155 -0.0158091 0.0718894 -0.0151095 0.998925 0.0438251 -0.0613326 0.0164852 -0.0435753 0.998914 -0.0108135 0 0 0 1 
5494384560018;0.697368;0.0884265;0.996179 0.0480909 -0.0729045 0.821818 -0.0613481 0.979438 -0.192192 1.07836 0.0621628 0.19593 0.978646 0.0974067 0 0 0 1 
5494384560019;0.372102;0.11688;0.957353 0.274918 0.0888592 0.208448 -0.284056 0.951816 0.115577 1.91378 -0.0528035 -0.135889 0.989316 0.135652 0 0 0 1 
5494384560020;0.725979;0.118003;0.94739 0.313083 0.0665607 0.233131 -0.317763 0.894993 0.313071 2.07085 0.038446 -0.317751 0.947394 0.350158 0 0 0 1 
5494384560021;0.810082;0.0849777;0.99528 0.0881619 -0.0405496 -0.136463 -0.0875537 0.996022 0.0165401 0.708146 0.0418465 -0.0129118 0.999041 0.482722 0 0 0 1 
5494384560022;1.01164;0.0703122;0.88439 -0.298821 -0.358554 1.59359 0.338365 0.939604 0.0515197 -3.57193 0.321504 -0.166885 0.932086 -1.94969 0 0 0 1 
5494384560023;0.527542;0.0868585;0.978798 0.0935295 -0.182227 0.902823 -0.0902448 0.995574 0.0262529 0.586658 0.183875 -0.00925133 0.982906 -1.84535 0 0 0 1 
5494384560024;0.419936;0.0937367;0.934457 0.341689 -0.10019 1.09363 -0.341312 0.939706 0.0214185 2.56101 0.101467 0.0141813 0.994738 -0.97808 0 0 0 1 
5494384560025;0.495752;0.113508;0.940805 0.292931 -0.170524 1.00899 -0.284951 0.955976 0.070085 2.13783 0.183547 -0.0173453 0.982858 -0.934962 0 0 0 1 
5494384560026;0.350666;0.105781;0.977635 0.0917635 0.189235 -0.195217 -0.0434923 0.968553 -0.244978 0.954156 -0.205764 0.231268 0.950882 1.92346 0 0 0 1 
5494384560027;0.90423;0.0525342;0.990621 0.0763226 -0.113335 1.33543 -0.0551759 0.982263 0.179208 0.130677 0.125002 -0.171274 0.977261 -0.720534 0 0 0 1 
5494384560028;0.914969;0.0739176;0.997351 -0.0690145 -0.0229934 -0.830288 0.0702856 0.995719 0.060031 -0.55941 0.0187519 -0.061488 0.997932 -0.383167 0 0 0 1 
5494384560029;0.844853;0.099158;0.999616 0.027235 0.00507115 0.0762125 -0.0274383 0.998581 0.045647 -0.558538 -0.00382076 -0.0457686 0.998945 -0.587944 0 0 0 1 
5494384560031;0.314572;0.107027;0.919366 -0.351784 -0.176108 0.489614 0.363488 0.930814 0.0382292 -1.53387 0.150475 -0.0991596 0.983628 -0.593399 0 0 0 1 
5494384560032;0.143255;0.105245;0.995722 0.0537025 0.0751883 0.0303538 -0.0481581 0.996117 -0.0737066 0.201625 -0.0788546 0.0697703 0.994442 0.37318 0 0 0 1 
5494384560033;0.256973;0.111754;0.999344 0.0101351 0.0347687 0.165751 -0.00721605 0.996517 -0.083078 0.146667 -0.0354896 0.0827726 0.995936 0.251412 0 0 0 1 
5494384560034;0.872658;0.126658;0.965463 -0.22789 0.126283 0.0302477 0.20048 0.959367 0.198551 -1.85713 -0.166399 -0.166377 0.971921 0.128151 0 0 0 1 
5494384560035;0.383527;0.122787;0.994908 -0.0763723 0.0657747 0.0170319 0.0720729 0.995251 0.0654307 0.00526442 -0.0704594 -0.0603569 0.995687 0.413261 0 0 0 1 
5494384560036;0.699819;0.128671;0.954752 0.266055 -0.132901 0.536481 -0.292529 0.920686 -0.258386 0.848345 0.0536152 0.285572 0.956856 0.546793 0 0 0 1 
5494384560037;0.785083;0.121481;0.967662 -0.0878835 0.236446 -0.334425 0.148758 0.95582 -0.253533 -0.292602 -0.203718 0.280508 0.937984 0.210681 0 0 0 1 
5494384560038;1.00964;0.137168;0.902592 -0.42649 0.0586025 -0.89091 0.424941 0.904449 0.0373782 -1.43275 -0.0689444 -0.00883469 0.997581 -0.00778857 0 0 0 1 
5494384560039;0.16472;0.15417;0.98536 -0.078913 -0.151122 0.177394 0.0897584 0.993752 0.0663325 -0.492958 0.144944 -0.0789259 0.986287 -0.56852 0 0 0 1 
5494384560040;0.656318;0.0969787;0.911787 0.331292 0.242672 0.568818 -0.330341 0.942748 -0.0458413 0.735266 -0.243966 -0.0383671 0.969025 1.16778 0 0 0 1 
5494384560041;0.496934;0.0936478;0.874563 -0.302809 0.378743 -0.13765 0.301149 0.951344 0.0652185 -1.15422 -0.380064 0.0570206 0.923201 2.00457 0 0 0 1 
5494384560042;0.516103;0.140271;0.969813 -0.0246414 -0.2426 0.339133 0.066963 0.983546 0.16779 -0.691452 0.234473 -0.17897 0.955506 -1.27664 0 0 0 1 
5494384560043;0.0787389;0.126576;0.999336 -0.0182701 0.0315324 -0.0994579 0.0176073 0.999621 0.0211699 -0.214053 -0.0319072 -0.0206006 0.999279 0.268358 0 0 0 1 
5494384560044;0.670233;0.100726;0.998851 0.0436364 0.0198075 0.227081 -0.0448494 0.996837 0.0656069 0.200751 -0.016882 -0.0664199 0.997649 0.853541 0 0 0 1 
5494384560045;0.454928;0.123406;0.903645 -0.272159 0.330689 -0.46796 0.160556 0.931091 0.327554 -1.18695 -0.397048 -0.242898 0.885072 1.67747 0 0 0 1 
5494384560046;0.663952;0.189201;0.984868 0.137964 -0.104881 0.260596 -0.133483 0.989857 0.0486408 1.08033 0.110528 -0.033905 0.993295 -0.414697 0 0 0 1 
5494384560047;0.60701;0.12679;0.986537 0.0151489 -0.162832 -0.189941 -0.04133 0.986473 -0.158627 0.660266 0.158227 0.163221 0.973819 -0.736761 0 0 0 1 
5494384560048;0.280379;0.116174;0.999104 -0.0109525 0.0408908 -0.101689 0.0097934 0.999548 0.0284399 -0.231661 -0.0411838 -0.0280139 0.998759 0.570586 0 0 0 1 
5494384560049;0.480826;0.115263;0.924777 0.32884 0.191447 0.555084 -0.327126 0.944072 -0.0414235 1.329 -0.194361 -0.0243196 0.980629 0.807142 0 0 0 1 
5494384560050;0.519994;0.0954604;0.975598 0.203025 0.0836009 -0.200411 -0.197919 0.978028 -0.0654932 0.276533 -0.0950608 0.0473488 0.994345 0.508601 0 0 0 1 
5494384560051;0.245903;0.110824;0.999241 -0.026344 0.0286956 0.0329182 0.0245794 0.997884 0.0602017 -0.405087 -0.0302208 -0.0594507 0.997774 -0.00934554 0 0 0 1 
5494384560052;0.581213;0.106251;0.944757 0.155096 0.288754 -0.395286 -0.195672 0.973635 0.117246 0.0120257 -0.262957 -0.16727 0.950197 0.868208 0 0 0 1 
5494384560053;0.543864;0.112493;0.958134 -0.219995 0.183251 -0.469147 0.196603 0.970793 0.137505 -1.34141 -0.208149 -0.0957205 0.973402 0.526514 0 0 0 1 
5494384560054;0.812423;0.128647;0.980114 -0.0286242 -0.196359 0.228326 0.0402359 0.997653 0.0554023 -0.512269 0.194312 -0.0622013 0.978966 -1.51012 0 0 0 1 
5494384560055;0.804846;0.119973;0.920173 0.00330396 0.391498 0.486908 -0.0494012 0.992952 0.107732 0.513348 -0.388383 -0.118473 0.913851 1.6677 0 0 0 1 
5494384560056;0.404608;0.129582;0.979087 0.158822 0.127139 -0.211394 -0.161595 0.986787 0.0117332 0.106396 -0.123595 -0.0320327 0.991816 0.487399 0 0 0 1 
5494384560057;0.241612;0.126604;0.975826 0.19798 -0.0925577 0.310394 -0.186473 0.975126 0.11982 0.403691 0.113977 -0.0996637 0.988472 -0.292695 0 0 0 1 
5494384560058;0.361634;0.124704;0.990338 -0.110054 0.0843707 0.109246 0.118967 0.986884 -0.109121 -0.116785 -0.0712549 0.118104 0.990441 0.434156 0 0 0 1 
5494384560059;0.672349;0.170163;0.997345 -0.0175579 0.0706749 -0.142981 0.0164114 0.999725 0.01677 -0.147562 -0.0709499 -0.0155656 0.997358 -0.340147 0 0 0 1 
5494384560060;0.435775;0.150057;0.953183 -0.289209 -0.0883201 -0.115172 0.302378 0.908534 0.288328 -1.66625 -0.00314518 -0.301535 0.95345 -0.0606209 0 0 0 1 
5494384560062;0.821662;0.0819705;0.965771 -0.193096 -0.173204 0.358923 0.18925 0.981169 -0.038615 -1.55663 0.177399 0.00451435 0.984129 -1.32317 0 0 0 1 
5494384560063;1.2461;0.0779518;0.944052 0.101697 -0.313726 1.72712 -0.111976 0.9936 -0.0148693 0.869564 0.310206 0.0491671 0.949397 -2.40759 0 0 0 1 
5494384560064;0.351118;0.0900194;0.91739 -0.397889 0.00898605 0.232717 0.397934 0.917406 -0.00386852 -2.55783 -0.00670461 0.00712479 0.999952 0.0826776 0 0 0 1 
5494384560065;1.02628;0.0518706;0.99715 0.0743626 0.0127505 -0.0641485 -0.0735535 0.995763 -0.0551922 0.323837 -0.0168007 0.054097 0.998394 0.906068 0 0 0 1 
5494384560066;0.385602;0.0762033;0.894305 0.440507 -0.0785628 1.06714 -0.441872 0.897078 1.74801e-05 2.68543 0.0704846 0.034699 0.996909 -0.321452 0 0 0 1 
5494384560067;1.09812;0.0696976;0.979498 -0.132119 0.152078 -0.378006 0.151919 0.980212 -0.126904 -1.01009 -0.132302 0.147406 0.980188 0.210158 0 0 0 1 
5494384560068;0.284277;0.059217;0.987888 0.141432 -0.0638342 0.311218 -0.117858 0.951497 0.284189 0.00576358 0.100931 -0.273223 0.956641 -0.61779 0 0 0 1 
5494384560069;0.305684;0.0768003;0.988468 0.149557 -0.02376 0.375547 -0.149534 0.988753 0.00278809 0.954659 0.0239098 0.000796979 0.999714 -0.03833 0 0 0 1 
5494384560070;1.06788;0.0675432;0.998857 0.0477495 -0.0021411 0.762422 -0.0469873 0.989153 0.139171 -0.0451066 0.00876322 -0.138911 0.990266 -0.364862 0 0 0 1 
5494384560071;0.199717;0.0583565;0.999899 -0.0110466 0.00890449 -0.0451894 0.011121 0.999903 -0.00835039 -0.101424 -0.00881138 0.00844858 0.999925 0.234301 0 0 0 1 
5494384560072;1.02349;0.0618995;0.964246 -0.0263676 -0.263695 1.07615 -0.0558108 0.952517 -0.299326 1.70031 0.259067 0.303341 0.916989 -1.27712 0 0 0 1 
5494384560073;0.123206;0.0795417;0.993376 -0.114409 0.0106746 -0.0808646 0.114145 0.993203 0.0227607 -0.787628 -0.013206 -0.0213915 0.999684 0.15075 0 0 0 1 
5494384560074;0.700296;0.0779836;0.935676 0.351114 0.0350721 0.117287 -0.350655 0.936319 -0.0186661 2.42392 -0.0393925 0.00516723 0.99921 0.0269341 0 0 0 1 
5494384560075;0.186882;0.0734188;0.999947 0.00522328 0.00890319 0.0435633 -0.00489173 0.999308 -0.0368626 0.137597 -0.00908958 0.0368171 0.999281 0.000791056 0 0 0 1 
5494384560076;1.00141;0.0589295;0.99218 -0.097864 0.0774756 -0.294874 0.0925489 0.993282 0.0694598 -0.585836 -0.0837527 -0.0617463 0.994572 1.28976 0 0 0 1 
5494384560077;0.605922;0.0789039;0.893287 -0.330111 -0.305064 1.37604 0.356587 0.933649 0.0338501 -2.34136 0.273649 -0.13902 0.95173 -1.89109 0 0 0 1 
5494384560078;0.686652;0.0839132;0.918909 -0.392156 0.0426688 0.0713767 0.389288 0.88404 -0.258705 -1.84465 0.0637317 0.254337 0.965014 0.233771 0 0 0 1 
5494384560079;0.330281;0.0736744;0.929122 0.369024 -0.0235414 0.648 -0.362641 0.921795 0.137057 1.8859 0.0722775 -0.118805 0.990283 -0.417294 0 0 0 1 
5494384560080;0.779401;0.0800485;0.917552 0.388965 -0.0824938 1.27135 -0.378914 0.918249 0.115077 2.3331 0.120511 -0.074331 0.989925 -0.584911 0 0 0 1 
5494384560081;0.603531;0.0792899;0.980133 0.195352 -0.0343175 0.46579 -0.198292 0.969023 -0.147222 1.8149 0.00449439 0.151102 0.988508 0.41365 0 0 0 1 
5494384560082;0.617118;0.0903628;0.890626 -0.282536 -0.356312 1.41451 0.329416 0.941022 0.0772197 -2.02356 0.31348 -0.186149 0.931171 -2.08177 0 0 0 1 
5494384560083;0.290683;0.0792267;0.946387 0.300198 0.119298 0.15897 -0.284352 0.949407 -0.133304 2.07942 -0.15328 0.0922348 0.983869 1.02494 0 0 0 1 
5494384560084;0.175327;0.0713631;0.986431 -0.116919 -0.115259 0.312159 0.100199 0.984855 -0.141494 -0.263111 0.130057 0.128025 0.983206 -0.697276 0 0 0 1 
5494384560085;0.943472;0.0663301;0.992544 -0.117631 -0.031932 0.066301 0.102264 0.946212 -0.30696 -0.260369 0.0663223 0.301406 0.951187 0.485143 0 0 0 1 
5494384560086;0.821732;0.0806504;0.990847 -0.0403553 0.128817 -0.473694 0.030961 0.996769 0.0741149 -0.6417 -0.131392 -0.0694482 0.988895 1.38293 0 0 0 1 
5494384560087;0.12902;0.059737;0.999268 0.0123036 -0.0362202 0.0105299 -0.0123431 0.999923 -0.000869204 0.0907984 0.0362067 0.00131564 0.999343 -0.114804 0 0 0 1 
5494384560088;1.25698;0.0491599;0.879792 0.14818 -0.451674 1.65449 -0.136732 0.988903 0.058095 -0.191496 0.45527 0.0106468 0.89029 -2.44037 0 0 0 1 
5494384560089;1.3654;0.740355;0.950819 0.301389 0.0714741 0.253493 -0.300349 0.953498 -0.0251317 2.32938 -0.0757248 0.00242852 0.997126 -0.194872 0 0 0 1 
5494384560090;0.736364;0.0692451;0.957352 -0.288883 -0.00487612 0.525264 0.265517 0.886322 -0.379385 -0.526013 0.11392 0.361911 0.925226 -0.231641 0 0 0 1 
5494384560091;0.484121;0.0872238;0.941023 -0.155013 -0.300744 1.12269 0.212651 0.962339 0.169362 -1.78687 0.263164 -0.223327 0.938547 -1.22921 0 0 0 1 
5494384560093;0.0553842;0.262662;0.993615 0.0606732 -0.0951182 0.134228 -0.0610387 0.998135 -0.000934958 0.412051 0.0948841 0.00673488 0.995466 -0.489616 0 0 0 1 
5494384560094;0.672056;0.541504;0.886425 0.0142767 -0.462652 1.7927 0.0618304 0.986914 0.148919 -0.864004 0.458724 -0.160612 0.873943 -2.411 0 0 0 1 
5494384560095;0.854827;0.63176;0.916055 0.39114 -0.0886123 0.665869 -0.389734 0.920323 0.0333667 1.99717 0.094603 0.00396957 0.995507 -0.203069 0 0 0 1 
5494384560096;0.268636;0.505416;0.966572 -0.190927 -0.171132 0.182313 0.17197 0.977814 -0.119611 -0.995942 0.190172 0.0861826 0.977961 -1.23816 0 0 0 1 
5494384560097;0.745786;0.292934;0.997777 0.0188184 -0.0639368 -0.316528 -0.0184304 0.999808 0.00665236 -0.37109 0.0640497 -0.00545919 0.997932 -0.0549578 0 0 0 1 
5494384560098;0.365154;0.702082;0.95581 -0.15183 -0.251744 0.401249 0.16762 0.98494 0.0423792 -1.4932 0.241518 -0.0827036 0.966866 -1.5856 0 0 0 1 
5494384560099;0.345567;0.267633;0.998102 -0.0587308 0.0184993 -0.423626 0.0590616 0.998094 -0.0178742 -0.242046 -0.0174143 0.0189329 0.999669 0.188598 0 0 0 1 
5494384560100;0.37298;0.558789;0.938305 -0.183484 -0.293116 0.424435 0.188085 0.982071 -0.0126688 -1.23134 0.290185 -0.0432435 0.955993 -1.68703 0 0 0 1 
5494384560101;0.595346;0.259401;0.90287 0.414662 0.113499 0.289668 -0.428359 0.890122 0.155533 2.61457 -0.0365348 -0.189044 0.981289 0.717837 0 0 0 1 
5494384560102;0.240088;0.468198;0.975391 -0.209908 0.0674675 -0.42091 0.217414 0.966559 -0.135995 -1.26959 -0.036665 0.147317 0.98841 0.433324 0 0 0 1 
5494384560103;0.65911;0.34243;0.997867 0.0228235 -0.061162 -0.0425998 -0.0230993 0.999726 -0.003807 -0.032436 0.0610584 0.00521168 0.998121 -0.785896 0 0 0 1 
5494384560104;0.317417;0.672831;0.996207 0.01208 -0.0861773 -0.294699 0.00742832 0.974898 0.222528 -0.685432 0.0867022 -0.222324 0.97111 -0.487621 0 0 0 1 
5494384560105;0.561217;0.467478;0.943523 0.0965975 -0.316912 0.577197 -0.130766 0.98747 -0.0883336 1.0966 0.304408 0.124786 0.944333 -1.44574 0 0 0 1 
5494384560106;0.669368;0.484864;0.991193 0.0228108 0.130443 -0.375612 -0.0186176 0.999273 -0.0332758 -0.210808 -0.131107 0.0305542 0.990897 1.32296 0 0 0 1 
5494384560107;0.196586;0.322116;0.982282 0.148028 -0.114936 0.299374 -0.146355 0.988967 0.0229147 0.931293 0.11706 -0.00568723 0.993109 -0.694693 0 0 0 1 
5494384560108;0.588165;0.261401;0.95344 0.250524 -0.1679 0.713019 -0.14831 0.874247 0.462272 -0.339968 0.262596 -0.415848 0.870697 -1.7966 0 0 0 1 
5494384560109;0.964218;0.392656;0.980081 0.190755 0.0552568 -0.164917 -0.195197 0.976527 0.0910656 1.23185 -0.0365886 -0.100038 0.994311 1.04592 0 0 0 1 
5494384560110;0.522946;0.411573;0.934839 -0.334048 -0.120364 0.0376465 0.326994 0.942059 -0.0748245 -2.26163 0.138385 0.0305906 0.989906 -0.891943 0 0 0 1 
5494384560111;0.382633;0.283248;0.997791 0.0642411 0.0168983 -0.378801 -0.0617238 0.990665 -0.121546 0.777074 -0.0245488 0.120235 0.992442 0.0876889 0 0 0 1 
5494384560112;1.20633;0.493864;0.983961 -0.120784 -0.131273 -0.509969 0.114741 0.991997 -0.0526879 -0.194814 0.136586 0.0367803 0.989945 -0.173339 0 0 0 1 
5494384560113;0.493118;0.262045;0.983797 0.150202 -0.0978948 0.316479 -0.155377 0.986711 -0.0475337 1.13109 0.0894542 0.0619741 0.994061 -0.773317 0 0 0 1 
5494384560114;0.011633;0.298206;0.997236 0.013002 -0.0731571 0.0276474 -0.0175059 0.997968 -0.0612634 0.304816 0.0722119 0.0623747 0.995437 -0.292639 0 0 0 1 
5494384560115;0.837027;0.476262;0.946322 -0.0352537 -0.321297 0.337611 0.0978445 0.97864 0.180803 -1.61437 0.308061 -0.202535 0.929558 -1.66466 0 0 0 1 
5494384560116;0.753813;0.285882;0.991436 -0.0300213 -0.127095 -0.393096 0.033957 0.999005 0.0289135 -0.269389 0.126101 -0.0329817 0.991469 -1.01611 0 0 0 1 
5494384560117;0.39392;0.381882;0.941925 0.33126 -0.0551783 0.368383 -0.330255 0.943514 0.0267063 2.19551 0.0609082 -0.00693247 0.998119 -0.0991556 0 0 0 1 
5494384560118;0.486867;0.402371;0.991742 0.110966 -0.0642904 0.197056 -0.125669 0.940855 -0.314641 1.45693 0.0255733 0.320122 0.947031 -0.0503251 0 0 0 1 
5494384560119;0.307339;0.40377;0.924519 0.377794 -0.0503638 0.456934 -0.358808 0.907289 0.219279 1.8515 0.128537 -0.184657 0.974361 -0.74616 0 0 0 1 
5494384560120;1.07013;0.368962;0.964549 -0.195662 -0.177092 0.422075 0.161538 0.968385 -0.190096 -0.488074 0.208688 0.15475 0.965661 -2.00057 0 0 0 1 
5494384560121;0.937742;0.391343;0.872665 0.429762 -0.231861 0.919235 -0.430528 0.901192 0.0499916 2.04496 0.230436 0.056197 0.971463 -1.49017 0 0 0 1 
5494384560122;0.448809;0.369662;0.904796 0.412539 0.105619 0.143407 -0.414729 0.909944 -0.00133976 2.89518 -0.0966598 -0.0425909 0.994406 0.857067 0 0 0 1 
5494384560124;0.180601;0.222014;0.993645 -0.0701043 0.0880617 -0.291653 0.0586589 0.990239 0.126433 -0.215158 -0.0960656 -0.120464 0.988059 0.302694 0 0 0 1 
5494384560125;0.336264;0.244841;0.952634 -0.129705 0.275071 -0.513588 0.160198 0.982848 -0.0913578 -0.326985 -0.258504 0.131096 0.957073 1.05154 0 0 0 1 
5494384560126;0.158937;0.177006;0.98655 0.154779 0.0525525 -0.17985 -0.157502 0.98613 0.0523471 0.664053 -0.0437213 -0.0599202 0.997245 0.0878458 0 0 0 1 
5494384560127;0.459182;0.166618;0.989603 -0.116224 -0.0847237 0.465236 0.113482 0.992869 -0.0365108 0.0799457 0.088363 0.0265166 0.995735 -0.373003 0 0 0 1 
5494384560128;0.768681;0.16991;0.970279 -0.108848 0.216126 -0.664534 0.157079 0.962689 -0.220355 0.0225255 -0.184077 0.247755 0.951175 0.212973 0 0 0 1 
5494384560129;0.8631;0.523722;0.917125 0.0235834 0.397902 -0.934474 -0.056914 0.995768 0.0721624 -0.0507103 -0.394517 -0.0888282 0.914585 1.9789 0 0 0 1 
5494384560130;0.294138;0.35703;0.990745 -0.132904 -0.0275784 0.194096 0.133463 0.990861 0.0195342 -0.226585 0.0247302 -0.0230341 0.999429 -0.260017 0 0 0 1 
5494384560131;0.331415;0.144461;0.996414 -0.0230052 -0.0814245 0.0470477 0.024812 0.999466 0.0212475 7.76046e-06 0.0808922 -0.0231916 0.996453 -0.0393423 0 0 0 1 
5494384560132;0.299743;0.522549;0.931254 -0.0120355 -0.364173 0.869518 0.0010968 0.999542 -0.0302291 0.551153 0.36437 0.0277516 0.930841 -1.304 0 0 0 1 
5494384560133;0.275606;0.470421;0.918961 0.097465 -0.382113 1.05535 -0.151378 0.981927 -0.113596 1.28473 0.364136 0.162234 0.917107 -1.17985 0 0 0 1 
5494384560134;0.715759;0.149362;0.96847 0.248234 0.0211185 0.12648 -0.248944 0.967542 0.0434634 1.16881 -0.009644 -0.0473503 0.998832 0.74417 0 0 0 1 
5494384560135;0.221863;0.146565;0.945966 0.307627 0.102541 0.0950055 -0.317485 0.942989 0.0998752 1.34496 -0.0659703 -0.127034 0.989702 0.186101 0 0 0 1 
5494384560136;0.513605;0.140905;0.957064 0.289838 0.00470618 -0.119285 -0.289862 0.956729 0.0254832 1.63855 0.00288346 -0.0257532 0.999664 -0.294095 0 0 0 1 
5494384560137;0.0725673;0.203319;0.999233 0.0368556 -0.0132033 -0.00536513 -0.0361164 0.997972 0.0524181 0.287006 0.0151084 -0.0519011 0.998538 -0.0198678 0 0 0 1 
5494384560138;0.458946;0.191092;0.99549 0.00303705 -0.0948155 0.10151 -0.0150013 0.991951 -0.125729 0.477404 0.0936705 0.126584 0.987523 0.120997 0 0 0 1 
5494384560139;0.373858;0.182611;0.975796 0.19518 0.0986217 0.140934 -0.193312 0.980731 -0.0282522 0.691836 -0.102236 0.0085037 0.994724 0.295172 0 0 0 1 
5494384560140;0.407687;0.435813;0.941696 0.310556 -0.129477 0.296824 -0.319081 0.946364 -0.050806 1.74055 0.106754 0.0891574 0.99028 -0.0272209 0 0 0 1 
5494384560141;0.827786;0.138362;0.998615 0.021314 0.0480924 -0.227358 -0.0186678 0.998322 -0.0548161 0.441569 -0.0491801 0.0538425 0.997338 1.13457 0 0 0 1 
5494384560142;0.791925;0.198535;0.998575 -0.0181168 0.0501972 -0.788217 0.0183253 0.999825 -0.00369675 -0.0990919 -0.0501214 0.00461136 0.998732 -0.422576 0 0 0 1 
5494384560143;0.413054;0.159958;0.880764 0.397557 0.2573 0.114433 -0.408714 0.912596 -0.0109929 1.68482 -0.239182 -0.0954801 0.966269 0.934497 0 0 0 1 
5494384560144;0.460909;0.158384;0.985891 0.13775 -0.0951039 0.216774 -0.126494 0.985199 0.115685 0.5337 0.109632 -0.102022 0.988723 -0.0529481 0 0 0 1 
5494384560145;0.514439;0.378386;0.99289 -0.0880009 0.0801566 -0.388942 0.0816666 0.993512 0.0791448 0.36646 -0.0866014 -0.072036 0.993635 0.512684 0 0 0 1 
5494384560146;0.876277;0.166075;0.952521 0.30447 -0.00125404 1.03782 -0.304469 0.952522 0.000550649 1.14767 0.00136216 -0.000142689 0.999999 -0.602564 0 0 0 1 
5494384560147;0.0882485;0.186568;0.98632 0.0581985 -0.154229 0.314426 -0.0547248 0.998145 0.0266771 0.376114 0.155496 -0.017872 0.987675 -0.68257 0 0 0 1 
5494384560148;0.565514;0.1112;0.891699 0.327962 0.311953 0.277721 -0.286601 0.942542 -0.171679 1.99936 -0.350333 0.0636802 0.934458 1.47573 0 0 0 1 
5494384560149;0.651367;0.161691;0.993952 -0.10001 0.0453644 -0.513372 0.0966515 0.992782 0.0710119 -0.329428 -0.0521388 -0.0661979 0.996443 0.75976 0 0 0 1 
5494384560150;0.389377;0.220967;0.950369 -0.25275 0.18143 -0.374899 0.269421 0.960204 -0.0736205 -0.939771 -0.155602 0.118848 0.980644 0.7867 0 0 0 1 
5494384560151;0.428451;0.474435;0.942047 -0.331755 -0.0498636 0.00591705 0.319687 0.932793 -0.166424 -0.521405 0.101724 0.140838 0.984793 -0.595025 0 0 0 1 
5494384560152;0.492131;0.510692;0.935779 -0.352449 -0.00984129 -0.0407541 0.352512 0.935791 0.00559402 -1.2927 0.00723778 -0.00870394 0.999936 -0.155545 0 0 0 1 
5494384560153;0.585822;0.152946;0.998787 0.0417136 -0.0261539 0.0751018 -0.0447925 0.990369 -0.131007 0.6618 0.0204372 0.13202 0.991036 -0.707575 0 0 0 1 
5494384560155;0.510199;0.467193;0.992233 -0.123099 -0.0179014 0.385221 0.124394 0.981738 0.143936 -0.374986 -0.000143885 -0.145044 0.989425 0.459071 0 0 0 1 
5494384560156;0.606536;0.55667;0.998973 -0.0274797 -0.0360241 0.592459 0.0320281 0.99067 0.132463 -0.593984 0.0320479 -0.133481 0.990533 -0.673365 0 0 0 1 
5494384560157;0.698949;0.779112;0.960115 -0.276061 -0.0443796 0.841987 0.275144 0.904574 0.325642 -1.22101 -0.0497524 -0.324864 0.944451 0.515582 0 0 0 1 
5494384560158;0.932434;0.770173;0.977324 0.0296216 0.209667 0.37787 -0.0547463 0.991849 0.115062 -0.173178 -0.20455 -0.123932 0.970979 1.12503 0 0 0 1 
5494384560159;0.588127;0.661905;0.962375 0.153185 0.224431 0.72475 -0.181359 0.977165 0.110714 -0.401949 -0.202347 -0.147251 0.96818 0.690634 0 0 0 1 
5494384560160;0.813406;0.463747;0.952269 0.107353 -0.285761 1.4496 -0.0518023 0.979375 0.1953 -0.154366 0.300833 -0.171175 0.938189 -0.846903 0 0 0 1 
5494384560161;0.869163;0.628493;0.998491 0.0093233 -0.0541214 0.742588 0.00374013 0.971652 0.236385 -1.49017 0.0547911 -0.236231 0.970151 -0.00210229 0 0 0 1 
5494384560162;0.520155;0.421046;0.990409 -0.059558 -0.124674 0.384089 0.0959304 0.945803 0.310249 -0.373755 0.0994395 -0.319233 0.942445 0.216823 0 0 0 1 
5494384560163;0.884248;0.697389;0.926004 0.377295 -0.0128644 1.55355 -0.372493 0.918694 0.13134 0.262929 0.0613724 -0.11683 0.991254 0.0222771 0 0 0 1 
5494384560164;0.069281;0.398716;0.998562 -0.0314111 -0.0434362 0.408857 0.0362479 0.992649 0.11547 -0.352165 0.0394899 -0.116879 0.992361 -0.0438326 0 0 0 1 
5494384560165;0.359877;0.667802;0.942504 0.295584 0.155936 0.46314 -0.309679 0.947878 0.0750071 -0.119501 -0.125638 -0.118985 0.984915 0.260364 0 0 0 1 
5494384560166;0.617506;0.545956;0.947983 0.000756285 -0.31832 1.07284 0.039142 0.992131 0.118925 -0.388817 0.315905 -0.125199 0.940494 -0.0397078 0 0 0 1 
5494384560167;0.359577;0.866627;0.971245 -0.111 0.210622 0.298823 0.0708797 0.979361 0.189284 -0.949522 -0.227285 -0.168912 0.959067 0.127694 0 0 0 1 
5494384560168;0.367236;0.63183;0.967093 0.188514 0.170859 0.592526 -0.220822 0.955483 0.195679 -0.418596 -0.126365 -0.226969 0.965669 0.186823 0 0 0 1 
5494384560169;0.299703;0.457652;0.996253 0.0220466 -0.0836278 0.523947 -0.00466744 0.979259 0.202557 -0.608628 0.086359 -0.201408 0.975693 0.0103982 0 0 0 1 
5494384560170;0.388752;0.518215;0.998526 -0.0373524 -0.0393655 0.779438 0.041403 0.993323 0.107683 -0.185087 0.0350804 -0.109154 0.993406 -0.114851 0 0 0 1 
5494384560171;0.436725;0.4306;0.999024 -0.042939 -0.0103518 0.704745 0.0441692 0.9709 0.235377 -0.426806 -5.6283e-05 -0.235605 0.971849 -0.344995 0 0 0 1 
5494384560172;0.743415;0.614528;0.987272 0.155225 -0.0346276 1.22158 -0.145653 0.969911 0.195086 -0.182626 0.0638678 -0.187559 0.980175 0.0159779 0 0 0 1 
5494384560173;0.766137;0.487487;0.997645 0.0637971 -0.0252007 0.786446 -0.0492265 0.921742 0.384668 -0.0195168 0.0477692 -0.382521 0.922711 -0.62524 0 0 0 1 
5494384560174;0.152675;0.494238;0.981093 -0.159628 -0.109432 0.349617 0.170239 0.980751 0.0956305 -0.632942 0.09206 -0.112452 0.989383 -0.148037 0 0 0 1 
5494384560175;0.731473;0.663795;0.995194 0.027835 -0.0938849 0.833525 -0.0290829 0.999506 -0.0119503 -0.208554 0.0935058 0.0146233 0.995511 -0.824186 0 0 0 1 
5494384560176;0.458408;0.615733;0.92167 0.0401318 0.385893 0.296404 -0.169369 0.936474 0.307132 -0.108125 -0.349053 -0.348433 0.869917 0.390101 0 0 0 1 
5494384560177;0.329052;0.6766;0.97127 -0.0512521 -0.232397 0.68663 0.0745283 0.992919 0.092505 -0.529968 0.22601 -0.107167 0.968212 -0.168481 0 0 0 1 
5494384560178;0.128329;0.527616;0.99125 0.0133019 -0.131328 0.520317 0.0195157 0.969207 0.245472 -0.582579 0.130549 -0.245887 0.960467 -0.220374 0 0 0 1 
5494384560179;0.884119;0.616753;0.951452 -0.216261 0.219019 0.114694 0.158342 0.954097 0.25422 -1.3735 -0.263943 -0.207198 0.942021 -0.358494 0 0 0 1 
5494384560180;0.395688;0.467695;0.995764 -0.0697639 -0.0598877 0.266874 0.0748078 0.993432 0.086582 -0.136622 0.0534541 -0.0906953 0.994443 -0.32281 0 0 0 1 
5494384560181;0.929561;0.683944;0.953365 -0.297965 -0.0480796 -0.125441 0.3018 0.942943 0.140624 -1.46996 0.00343514 -0.148577 0.988895 -0.669672 0 0 0 1 
5494384560182;0.699324;2.10071;0.903582 0.345301 0.253586 0.459714 -0.369701 0.329391 0.868805 -2.24068 0.216471 -0.878788 0.42529 -0.450401 0 0 0 1 
5494384560183;0.638253;0.666075;0.9212 -0.150995 0.358595 -0.0657199 0.0539527 0.962296 0.266599 -0.821601 -0.38533 -0.226244 0.894614 1.06906 0 0 0 1 
5494384560184;0.208766;0.637036;0.980456 0.195168 -0.0248028 0.672958 -0.191499 0.975635 0.107072 -0.201269 0.0450954 -0.100229 0.993942 -0.111847 0 0 0 1 
5494384560186;0.36111;0.126616;0.999495 -0.025083 0.0195102 0.0333161 0.0249871 0.999675 0.00514049 0.107782 -0.0196328 -0.00465039 0.999796 0.558094 0 0 0 1 
5494384560187;0.496451;0.130825;0.95808 0.261854 -0.116255 0.918059 -0.210625 0.918825 0.333764 0.240818 0.194215 -0.295286 0.935461 -0.692877 0 0 0 1 
5494384560188;0.447898;0.142642;0.935163 -0.342507 0.0903309 -0.227346 0.310916 0.915884 0.253946 -1.78274 -0.169711 -0.209396 0.962991 0.628616 0 0 0 1 
5494384560189;0.616026;0.152024;0.95136 -0.216695 -0.218992 0.663098 0.223543 0.974671 0.00668361 -0.431764 0.211997 -0.0553128 0.975704 -0.386076 0 0 0 1 
5494384560190;0.219844;0.138382;0.982102 -0.171979 -0.0768069 0.0254537 0.177511 0.981471 0.0721447 -0.816002 0.0629764 -0.0844875 0.994432 -0.152273 0 0 0 1 
5494384560191;0.269957;0.155589;0.976791 0.204529 0.0636116 0.272903 -0.207226 0.977511 0.0391003 0.726124 -0.054184 -0.0513748 0.997208 0.348243 0 0 0 1 
5494384560192;0.563983;0.132759;0.994733 0.100573 -0.0197584 -0.0807365 -0.0829319 0.903048 0.421458 -0.0898008 0.0602301 -0.4176 0.906633 0.265492 0 0 0 1 
5494384560193;0.714742;0.161194;0.982586 -0.177922 -0.0535634 0.522574 0.157143 0.949543 -0.271431 -0.656107 0.0991545 0.258287 0.960966 -0.631832 0 0 0 1 
5494384560194;0.621903;0.129165;0.987395 -0.157032 -0.0198232 -0.0768186 0.157262 0.9875 0.0106267 -0.767934 0.0179066 -0.0136101 0.999747 0.744657 0 0 0 1 
5494384560195;0.355585;0.152973;0.952406 -0.288473 0.0985148 -0.266616 0.281559 0.956339 0.078364 -1.31032 -0.116819 -0.0468967 0.992045 0.820898 0 0 0 1 
5494384560196;0.150749;0.186515;0.997243 0.0602448 0.0433306 -0.0391586 -0.063848 0.994139 0.0872437 -0.0266731 -0.0378207 -0.0897698 0.995244 0.464517 0 0 0 1 
5494384560197;0.514288;0.167969;0.891483 -0.434895 -0.126985 0.727475 0.448955 0.885627 0.118761 -1.95819 0.0608125 -0.162884 0.984769 0.206732 0 0 0 1 
5494384560198;0.530599;0.122892;0.993701 0.0208344 0.110114 -0.400338 0.0225139 0.925423 -0.378267 0.262667 -0.109783 0.378363 0.919124 0.557285 0 0 0 1 
5494384560199;0.148187;0.128399;0.990724 0.134738 0.0176493 0.130713 -0.134832 0.990859 0.00423895 0.475114 -0.0169168 -0.00657931 0.999835 0.196737 0 0 0 1 
5494384560200;0.674054;0.138706;0.997797 -0.0605904 0.0270125 -0.618042 0.0588534 0.9964 0.0610256 -0.714255 -0.0306128 -0.0593014 0.997771 -0.119252 0 0 0 1 
5494384560201;0.851959;0.132846;0.954376 -0.19022 0.230178 -0.190556 0.113766 0.944332 0.308699 -1.03966 -0.276085 -0.268428 0.922889 0.385233 0 0 0 1 
5494384560202;0.0584502;0.160627;0.999471 -0.0290367 -0.0146159 0.0464349 0.0294721 0.9991 0.03051 -0.200491 0.0137168 -0.0309246 0.999428 0.0803926 0 0 0 1 
5494384560203;0.443983;0.137897;0.993466 -0.0413511 0.106377 -0.223711 0.0790736 0.921487 -0.380276 0.481256 -0.0822997 0.386203 0.918735 0.51694 0 0 0 1 
5494384560204;0.212563;0.148873;0.999061 0.027743 0.0332889 -0.0113437 -0.02911 0.998722 0.041308 -0.0162046 -0.0321003 -0.0422383 0.998592 0.0335573 0 0 0 1 
5494384560205;0.664348;0.135127;0.870889 -0.282275 0.402336 -0.157969 0.210683 0.954004 0.21328 -1.0306 -0.444033 -0.100978 0.890302 2.7188 0 0 0 1 
5494384560206;0.578856;0.130133;0.995131 -0.0881638 0.0440508 -0.042877 0.0867175 0.995662 0.0337351 -0.31288 -0.046834 -0.0297509 0.99846 0.980396 0 0 0 1 
5494384560207;0.371227;0.137337;0.978974 -0.0422351 0.199562 -0.444532 -0.0248311 0.946379 0.322102 -0.590781 -0.202466 -0.320285 0.925432 1.07296 0 0 0 1 
5494384560208;0.803964;0.144355;0.995008 0.0353692 0.0933215 -0.0215859 -0.0400257 0.998021 0.0485062 0.20527 -0.0914211 -0.0519993 0.994454 1.43813 0 0 0 1 
5494384560209;0.402561;0.165518;0.902941 -0.40539 -0.142674 0.42624 0.384802 0.910456 -0.151646 -1.37885 0.191375 0.0820261 0.978084 -0.470017 0 0 0 1 
5494384560210;0.831689;0.144109;0.982181 0.152548 0.109769 -0.19812 -0.124688 0.965946 -0.226717 1.55263 -0.140616 0.20899 0.967755 0.294517 0 0 0 1 
5494384560211;0.793568;0.140114;0.99582 -0.046022 -0.0788911 0.927495 0.0458376 0.99894 -0.00414825 0.114159 0.0789984 0.00051473 0.996875 -0.492264 0 0 0 1 
5494384560212;0.459124;0.168808;0.999404 -0.0120636 0.0323538 0.237496 0.0108046 0.999188 0.0388083 0.0162616 -0.0327957 -0.0384355 0.998723 0.735804 0 0 0 1 
5494384560213;0.436091;0.354223;0.998903 -0.0117775 0.0453116 0.0981586 0.00991475 0.999105 0.0411166 -0.0841878 -0.0457553 -0.0406223 0.998126 0.425278 0 0 0 1 
5494384560214;0.701608;0.16222;0.999646 -0.0209952 0.0163283 0.0515005 0.0201311 0.998476 0.0513941 0.502613 -0.0173825 -0.0510472 0.998545 -0.149898 0 0 0 1 
5494384560215;0.568246;0.110992;0.955946 0.0602678 -0.28729 1.29621 0.031117 0.952377 0.303331 -0.694936 0.291889 -0.298908 0.908546 -0.967643 0 0 0 1 
5494384560217;0.781012;0.222447;0.980751 0.195236 0.00316524 0.726661 -0.19457 0.978509 -0.0682811 1.06846 -0.0164282 0.0663509 0.997661 0.463873 0 0 0 1 
5494384560218;0.673342;0.168598;0.868293 -0.0528922 -0.493224 1.98816 0.109228 0.990281 0.0860935 -0.864741 0.483876 -0.128628 0.865632 -1.94 0 0 0 1 
5494384560219;0.333437;0.233165;0.963289 -0.247946 -0.102941 0.289632 0.252652 0.966913 0.0353044 -1.38424 0.0907814 -0.0600166 0.994061 -0.459153 0 0 0 1 
5494384560220;0.675306;0.198347;0.958383 -0.0825041 -0.273304 0.853648 0.0708702 0.996119 -0.0521878 -0.181566 0.276549 0.0306469 0.960511 -0.818326 0 0 0 1 
5494384560221;0.374554;0.143832;0.887454 0.460596 0.0166037 0.905149 -0.450324 0.874208 -0.181573 3.09152 -0.098147 0.153661 0.983237 0.816253 0 0 0 1 
5494384560222;1.07278;0.179148;0.94898 0.172832 -0.263753 0.426433 -0.206462 0.972759 -0.105416 2.25321 0.238349 0.154493 0.958813 -0.851568 0 0 0 1 
5494384560223;0.406435;0.201467;0.911371 0.411579 -0.00223746 0.563363 -0.410236 0.90793 -0.0858468 2.56577 -0.0333013 0.0791562 0.996306 0.538763 0 0 0 1 
5494384560224;0.20751;0.209586;0.990004 0.00372123 0.140989 -0.376635 -0.0017792 0.999902 -0.0138979 0.151222 -0.141027 0.0135081 0.989914 0.924702 0 0 0 1 
5494384560225;0.828158;0.183594;0.987929 0.101464 -0.117055 0.330828 -0.0817281 0.983307 0.162564 0.336329 0.131595 -0.151035 0.97973 0.0761357 0 0 0 1 
5494384560226;0.429538;0.182186;0.870028 0.137019 -0.47358 1.89018 -0.0518109 0.980695 0.188557 0.236583 0.490273 -0.139513 0.86033 -2.6399 0 0 0 1 
5494384560227;0.623994;0.424762;0.965904 -0.232874 0.113131 -0.524523 0.234011 0.972228 0.00331253 -0.632219 -0.110761 0.0232744 0.993575 0.530102 0 0 0 1 
5494384560228;0.349478;0.190155;0.983195 -0.0810361 -0.163585 0.414698 0.121964 0.958335 0.258302 -0.961197 0.135838 -0.273913 0.952113 -0.76772 0 0 0 1 
5494384560229;0.390705;0.147212;0.991195 0.122576 -0.0500793 0.163395 -0.121259 0.99221 0.028545 0.961992 0.0531881 -0.0222211 0.998337 0.00191254 0 0 0 1 
5494384560230;0.944473;0.207381;0.978942 0.170627 0.11207 -0.720798 -0.167709 0.985214 -0.0350377 1.32179 -0.116391 0.0155048 0.993082 0.278367 0 0 0 1 
5494384560231;0.749473;0.229053;0.94359 -0.174867 0.281177 -0.818003 0.164782 0.984545 0.0593151 -0.784779 -0.287203 -0.00963634 0.957821 1.34755 0 0 0 1 
5494384560232;0.1939;0.209465;0.998166 -0.0293878 0.0529255 -0.209774 0.0210075 0.988087 0.152456 -0.335565 -0.0567753 -0.151064 0.986892 0.286761 0 0 0 1 
5494384560233;0.634182;0.212481;0.916127 0.283179 0.283761 -0.12671 -0.352718 0.905783 0.234832 1.63643 -0.190527 -0.315224 0.929695 0.75758 0 0 0 1 
5494384560234;0.39885;0.1781;0.937893 -0.262189 -0.227186 0.770383 0.287612 0.953827 0.0865663 -1.85543 0.193999 -0.146531 0.969996 -1.20279 0 0 0 1 
5494384560235;0.0516956;0.260599;0.988363 0.149541 -0.0278661 0.294318 -0.150625 0.987697 -0.0420267 1.16043 0.0212385 0.045735 0.998728 -0.0288876 0 0 0 1 
5494384560236;0.391323;0.182513;0.997705 -0.0527646 -0.0424236 0.211527 0.0557679 0.995769 0.0730408 -0.081147 0.0383901 -0.0752391 0.996426 -0.245434 0 0 0 1 
5494384560237;1.02921;0.2028;0.995135 0.0921562 0.0348423 0.590613 -0.083731 0.97745 -0.193857 1.37547 -0.0519217 0.189997 0.980411 1.2315 0 0 0 1 
5494384560238;0.757061;0.176817;0.944687 0.314998 -0.0913362 0.8739 -0.312088 0.94899 0.0449387 2.21149 0.100833 -0.0139481 0.994806 -1.01807 0 0 0 1 
5494384560239;0.288361;0.17935;0.90314 0.343026 0.258208 0.10058 -0.339349 0.938735 -0.0601519 2.22306 -0.263023 -0.0332969 0.964215 1.69231 0 0 0 1 
5494384560240;0.0978136;0.260434;0.983004 0.114792 -0.14327 0.529814 -0.119033 0.99266 -0.0213622 0.942373 0.139766 0.038053 0.989453 -0.695729 0 0 0 1 
5494384560241;0.673589;0.134751;0.908938 0.388657 -0.150923 0.996535 -0.405735 0.907869 -0.10561 3.146 0.0959721 0.157227 0.982888 -0.34256 0 0 0 1 
5494384560242;1.04802;0.145359;0.975648 0.164946 0.144581 -0.390826 -0.153016 0.984103 -0.0901476 1.79358 -0.157152 0.065829 0.985378 1.75356 0 0 0 1 
5494384560243;0.111566;0.173915;0.998982 0.00140236 -0.045093 0.106212 -0.00286462 0.999472 -0.0323794 0.296102 0.0450238 0.0324756 0.998458 -0.263159 0 0 0 1 
5494384560244;1.00468;0.260746;0.990971 -0.133965 0.0054306 0.326664 0.134049 0.990764 -0.020445 -0.309406 -0.00264153 0.0209884 0.999776 -0.739488 0 0 0 1 
5494384560245;0.648612;0.213778;0.998251 -0.051496 0.0290479 -0.0822655 0.0527353 0.997654 -0.0436472 0.25485 -0.0267321 0.0451027 0.998625 0.793445 0 0 0 1 
5494384560246;0.310363;0.200355;0.994524 0.094959 0.043633 0.125929 -0.100912 0.981152 0.164798 0.377793 -0.0271616 -0.168298 0.985362 0.447231 0 0 0 1 
5494384560248;0.548689;0.238064;0.970507 -0.23719 0.0431025 0.153234 0.233522 0.969357 0.0762454 -2.92808 -0.0598663 -0.0639313 0.996157 1.34613 0 0 0 1 
5494384560249;0.350307;0.151377;0.95966 0.251058 0.126583 -0.144158 -0.23175 0.961222 -0.149477 2.84016 -0.159202 0.114112 0.980629 1.36323 0 0 0 1 
5494384560250;0.482059;0.152029;0.989372 0.0622609 0.131406 0.375323 -0.0536727 0.996246 -0.0679187 -0.0173761 -0.135141 0.0601439 0.988999 1.39077 0 0 0 1 
5494384560251;0.346948;0.181145;0.943962 0.240818 0.225706 -0.304475 -0.262953 0.96202 0.0733065 2.09204 -0.19948 -0.128549 0.971433 2.52799 0 0 0 1 
5494384560252;0.590914;0.163414;0.922717 -0.219094 -0.31716 1.961 0.170166 0.969777 -0.174858 -2.13452 0.345885 0.107374 0.932113 -3.40133 0 0 0 1 
5494384560253;0.449485;0.263052;0.932607 0.0255166 -0.359989 1.77215 -0.0655326 0.992888 -0.0993947 0.967025 0.354893 0.116287 0.927647 -3.47774 0 0 0 1 
5494384560254;0.682288;0.217505;0.953336 -0.297586 0.0509291 1.30776 0.287079 0.945732 0.15224 -3.80236 -0.0934699 -0.130516 0.98703 1.88428 0 0 0 1 
5494384560255;0.468787;0.192226;0.998774 0.00723564 0.0489732 -0.378932 -0.00133684 0.992842 -0.119426 0.181263 -0.0494868 0.119214 0.991635 -0.341736 0 0 0 1 
5494384560256;0.445109;0.184262;0.912652 0.366478 0.180998 -0.307537 -0.389291 0.914323 0.111652 3.26084 -0.124572 -0.172361 0.977125 1.03995 0 0 0 1 
5494384560257;0.358958;0.204915;0.974217 -0.0705424 0.214302 -0.455764 0.0412304 0.989533 0.138294 -1.08301 -0.221814 -0.125893 0.966928 2.74303 0 0 0 1 
5494384560258;0.299214;0.226687;0.952428 -0.276385 0.128421 0.477073 0.296208 0.938638 -0.17669 -2.59323 -0.0717061 0.206324 0.975853 0.391227 0 0 0 1 
5494384560259;0.232186;0.229514;0.991872 -0.127125 0.00531611 0.333813 0.1258 0.986081 0.108715 -1.9902 -0.0190626 -0.107163 0.994059 0.0722452 0 0 0 1 
5494384560260;0.561418;0.139847;0.9557 0.272598 0.111032 -0.320299 -0.281561 0.956616 0.0748968 2.36448 -0.0857982 -0.102841 0.990991 1.80436 0 0 0 1 
5494384560261;0.428236;0.152927;0.863223 0.263067 0.430863 -0.228039 -0.234814 0.964777 -0.118607 2.44186 -0.446888 0.0012115 0.894589 4.73161 0 0 0 1 
5494384560262;0.264025;0.194433;0.996308 -0.0168608 0.0841829 0.198787 0.0296869 0.987699 -0.153522 -0.110789 -0.0805589 0.155455 0.984553 0.297289 0 0 0 1 
5494384560263;0.26212;0.169852;0.996899 0.0740003 -0.0267768 0.185408 -0.0723851 0.995749 0.0569571 0.0305402 0.0308778 -0.0548422 0.998017 0.143974 0 0 0 1 
