#;prob_registration_l1 -r /home/probabilistic_point_clouds_registration/build/tester /home/point_clouds_registration_benchmark//devel/registration_pairs/urban05_local.txt /home/point_clouds_registration_benchmark//kaist/urban05 -s 0.2 -t 0.2 -p 0.3 -r 1000 -m 25 -i 40 
id;initial_error;final_error;transformation
34562489690000;0.13992;0.444774;0.999647 0.000257193 0.0265739 -1827.25 -0.000200269 0.999998 -0.00214475 162.044 -0.0265744 0.00213867 0.999645 1458.29 0 0 0 1 
34562489690001;0.182436;0.533229;1 -1.63788e-07 5.29735e-07 -1.36317 1.63788e-07 1 5.29475e-08 2.77355 -5.29735e-07 -5.29474e-08 1 -0.347895 0 0 0 1 
34562489690002;0.400034;0.79829;0.989732 0.000702472 -0.142933 1577.85 0.0010264 0.999927 0.0120216 -140.142 0.142931 -0.0120448 0.989659 -3487.1 0 0 0 1 
34562489690003;0.381518;0.675882;0.978628 0.0023624 -0.205623 -3967.87 0.00126089 0.999846 0.0174882 345.015 0.205632 -0.0173737 0.978475 -4652.5 0 0 0 1 
34562489690004;0.467995;0.872985;1 -1.77331e-07 5.42717e-07 -1.40215 1.77331e-07 1 5.23044e-08 3.60148 -5.42717e-07 -5.23043e-08 1 -0.31638 0 0 0 1 
34562489690005;0.423309;0.808941;1 -1.66938e-07 9.49321e-07 -1.34965 1.66938e-07 1 7.17783e-08 3.50671 -9.49321e-07 -7.17781e-08 1 -0.481335 0 0 0 1 
34562489690006;0.190415;0.424704;0.998826 -0.000149095 0.0484389 2015.45 0.000365366 0.99999 -0.00445601 -178.626 -0.0484378 0.00446848 0.998816 -1929.07 0 0 0 1 
34562489690007;0.167146;0.41391;0.999891 4.81108e-05 0.0147767 -312.878 -3.19954e-05 0.999999 -0.00109082 29.8419 -0.0147768 0.00109023 0.99989 1607.32 0 0 0 1 
34562489690008;0.102809;0.11072;1 -6.07845e-07 3.58948e-06 4.30684 6.07845e-07 1 -7.41238e-09 -0.994103 -3.58948e-06 7.41456e-09 1 2.31663 0 0 0 1 
34562489690009;0.0509686;0.165042;1 -4.73612e-06 4.22282e-05 37.6141 4.73633e-06 1 -4.97534e-06 -4.75758 -4.22282e-05 4.97554e-06 1 -10.4501 0 0 0 1 
34562489690010;0.0869115;0.354578;1 1.66891e-06 -8.74417e-05 -15.3739 -1.66827e-06 1 7.2436e-06 3.11085 8.74417e-05 -7.24346e-06 1 -3.58368 0 0 0 1 
34562489690011;0.0782188;0.340939;0.999672 4.66905e-05 -0.0256275 -143.644 1.0626e-05 0.999997 0.00223638 13.1602 0.0256276 -0.00223592 0.999669 -12.0751 0 0 0 1 
34562489690012;0.0495854;0.150929;1 4.04435e-07 5.41512e-06 -3.66568 -4.0443e-07 1 -9.73694e-07 -0.50675 -5.41512e-06 9.73692e-07 1 -4.46319 0 0 0 1 
34562489690013;0.0622498;0.144494;1 1.80615e-06 5.28148e-05 -14.9848 -1.80595e-06 1 -3.81741e-06 2.37639 -5.28148e-05 3.81732e-06 1 6.41453 0 0 0 1 
34562489690014;0.30978;0.648384;1 -2.1985e-07 5.63378e-07 -1.39727 2.1985e-07 1 7.47613e-08 2.99866 -5.63378e-07 -7.47611e-08 1 -0.451957 0 0 0 1 
34562489690015;0.264634;0.562734;1 -1.47356e-07 3.19652e-07 -1.24985 1.47356e-07 1 1.1093e-08 -3.15014 -3.19652e-07 -1.1093e-08 1 -0.079148 0 0 0 1 
34562489690016;0.0384264;0.13439;1 4.64458e-06 0.000176124 -37.8221 -4.64264e-06 1 -1.10344e-05 4.4568 -0.000176124 1.10336e-05 1 34.6508 0 0 0 1 
34562489690017;0.317284;0.524931;1 -2.17671e-07 4.64312e-07 -1.88921 2.17671e-07 1 3.06923e-08 -2.61466 -4.64312e-07 -3.06922e-08 1 -0.182203 0 0 0 1 
34562489690018;0.287954;0.546381;1 -5.53088e-08 1.35618e-07 -0.342019 5.53088e-08 1 2.79381e-08 3.46097 -1.35618e-07 -2.79381e-08 1 -0.141169 0 0 0 1 
34562489690019;0.362659;1.34334;1 -6.98484e-08 4.0849e-06 -1.03276 6.98491e-08 1 -1.77969e-07 -10.6349 -4.0849e-06 1.7797e-07 1 1.16985 0 0 0 1 
34562489690020;0.112961;0.0731803;1 -1.28506e-06 6.17911e-05 9.63417 1.28517e-06 1 -1.87203e-06 -1.52104 -6.17911e-05 1.87211e-06 1 27.3216 0 0 0 1 
34562489690021;0.197833;0.956882;1 -1.72885e-07 -4.16023e-07 -1.59975 1.72885e-07 1 -1.59633e-08 -7.81218 4.16023e-07 1.59632e-08 1 -0.0317626 0 0 0 1 
34562489690022;0.278308;1.40297;0.999739 1.75289e-05 0.0228459 33.9966 2.80036e-05 0.999998 -0.0019927 -13.1569 -0.0228459 0.00199282 0.999737 13.9237 0 0 0 1 
34562489690023;0.193536;0.32386;0.999344 5.37207e-05 -0.0362196 32.2431 6.08229e-05 0.999995 0.00316136 -2.249 0.0362196 -0.00316149 0.999339 -4.96671 0 0 0 1 
34562489690024;0.347959;0.327007;0.998408 0.00012895 0.0563988 70.2363 0.000148718 0.999988 -0.00491909 -7.73966 -0.0563987 0.00491965 0.998396 31.4454 0 0 0 1 
34562489690025;0.302077;0.751235;0.998279 0.00014685 -0.0586377 31.863 0.000153631 0.999987 0.00511981 -0.27334 0.0586377 -0.00512001 0.998266 5.40069 0 0 0 1 
34562489690026;0.218188;0.361979;1 -1.13081e-07 6.25503e-07 -0.968969 1.13081e-07 1 3.41416e-08 1.75353 -6.25503e-07 -3.41416e-08 1 -0.219803 0 0 0 1 
34562489690027;0.18191;0.332962;0.988956 0.000138243 -0.148211 6666.43 0.00190256 0.999905 0.0136277 -579.2 0.148199 -0.0137591 0.988862 6605.14 0 0 0 1 
34562489690028;0.340963;1.28775;1 -3.89412e-07 7.84742e-08 -3.65148 3.89412e-07 1 2.23889e-08 -8.13498 -7.84742e-08 -2.23888e-08 1 -0.194647 0 0 0 1 
34562489690029;0.238574;0.560743;0.996644 0.000980167 0.081848 -5543.86 -0.000361485 0.999971 -0.00757339 481.908 -0.0818531 0.00751839 0.996616 -2995.26 0 0 0 1 
34562489690031;0.530935;1.04462;0.999934 1.67444e-05 -0.0114977 -84.4368 -5.27256e-06 1 0.000997786 8.07878 0.0114977 -0.00099766 0.999933 -48.2936 0 0 0 1 
34562489690032;0.306555;0.596684;0.991734 0.000717484 0.128309 15.9989 0.000724272 0.999937 -0.0111895 -2.31549 -0.128309 0.01119 0.991671 91.5136 0 0 0 1 
34562489690033;0.46032;0.666288;0.998325 0.000147158 -0.0578566 1.12627 0.000145199 0.999987 0.00504889 0.802594 0.0578567 -0.00504883 0.998312 -16.2095 0 0 0 1 
34562489690034;0.385219;1.53135;0.998634 0.000136355 -0.0522458 -126.871 0.000101525 0.99999 0.00455042 13.9341 0.0522458 -0.00454951 0.998624 -92.8576 0 0 0 1 
34562489690035;0.341621;0.917193;0.981095 0.00165569 0.193517 -69.2898 0.00164395 0.999856 -0.016889 3.62671 -0.193518 0.0168879 0.980951 51.5044 0 0 0 1 
34562489690036;0.158469;0.420983;0.992306 0.000678082 -0.123811 -32.9335 0.000664829 0.999941 0.0108048 1.94318 0.123811 -0.010804 0.992247 -36.0972 0 0 0 1 
34562489690037;0.364175;0.559145;0.999534 3.77544e-05 -0.0305325 29.4385 4.3849e-05 0.999996 0.002672 -3.51057 0.0305325 -0.0026721 0.99953 52.3708 0 0 0 1 
34562489690038;0.437441;1.81068;0.996529 0.000314441 0.0832515 -98.7696 0.000291519 0.999974 -0.00726642 12.1956 -0.0832516 0.00726546 0.996502 19.5005 0 0 0 1 
34562489690039;0.392147;0.619077;0.999835 1.22445e-05 0.0181439 15.3145 1.65813e-05 0.999999 -0.00158858 -2.7245 -0.0181439 0.00158862 0.999834 -37.4463 0 0 0 1 
34562489690040;0.283513;0.657625;0.997321 0.000241196 -0.0731429 -47.2472 0.000226172 0.99998 0.00638145 3.42299 0.0731429 -0.0063809 0.997301 -35.7607 0 0 0 1 
34562489690041;0.287266;0.743669;0.994478 0.000497239 -0.104943 -105.901 0.000466711 0.999958 0.00916068 10.3347 0.104944 -0.00915908 0.994436 -18.9691 0 0 0 1 
34562489690042;0.329992;1.38711;0.995334 0.000423397 0.0964867 -139.962 0.000391452 0.999964 -0.00842611 14.8472 -0.0964868 0.00842456 0.995299 -10.1246 0 0 0 1 
34562489690043;0.516204;1.21281;0.998684 0.000127141 -0.0512899 -88.9044 0.000102469 0.99999 0.00447407 8.5633 0.0512899 -0.00447344 0.998674 -32.8503 0 0 0 1 
34562489690044;0.236329;0.525431;0.999572 4.01844e-05 -0.0292558 -17.9087 3.44946e-05 0.999997 0.00255211 0.822211 0.0292558 -0.00255203 0.999569 -16.2581 0 0 0 1 
34562489690045;0.316589;0.483232;0.999755 1.46273e-05 -0.0221355 57.9035 2.85361e-05 0.999998 0.00194965 -5.86455 0.0221355 -0.0019498 0.999753 139.649 0 0 0 1 
34562489690046;0.376135;0.388224;0.999254 5.7751e-05 -0.0386203 65.4551 7.28528e-05 0.999994 0.00338032 -5.75378 0.0386203 -0.00338062 0.999248 72.6561 0 0 0 1 
34562489690047;0.485231;0.475511;0.993884 0.00053576 -0.110424 1.11453 0.000531563 0.999953 0.00963598 0.914334 0.110424 -0.00963575 0.993838 -34.1037 0 0 0 1 
34562489690048;0.199981;0.167016;0.999988 1.33479e-06 -0.0048722 -1.09659 7.31921e-07 1 0.000424183 0.548302 0.0048722 -0.000424181 0.999988 -9.22465 0 0 0 1 
34562489690049;0.208318;0.242299;1 -6.00998e-08 -3.45619e-05 0.31573 6.02017e-08 1 2.95041e-06 -0.0933709 3.45619e-05 -2.95041e-06 1 -0.419937 0 0 0 1 
34562489690050;0.378047;0.855871;0.973643 0.00232063 -0.228065 -124.428 0.00228037 0.999799 0.0199084 10.6632 0.228066 -0.0199038 0.973442 -46.6981 0 0 0 1 
34562489690051;0.381473;1.04472;0.999734 3.26033e-05 0.0230555 -76.4436 1.37054e-05 0.999998 -0.00200841 7.9713 -0.0230555 0.00200819 0.999732 36.2906 0 0 0 1 
34562489690052;0.123011;0.650945;0.999568 4.57408e-05 -0.0293924 -58.4345 2.96155e-05 0.999997 0.00256337 5.16348 0.0293924 -0.00256313 0.999565 -22.606 0 0 0 1 
34562489690053;0.447449;1.14538;0.999903 1.74448e-05 0.0139117 -72.0123 -5.7436e-07 0.999999 -0.00121268 8.00021 -0.0139118 0.00121255 0.999902 15.4516 0 0 0 1 
34562489690054;0.341689;1.04754;0.931909 0.00598639 -0.362643 -284.738 0.00590355 0.999481 0.0316699 26.2853 0.362644 -0.0316543 0.93139 -24.263 0 0 0 1 
34562489690055;0.435439;1.12522;0.999342 6.60018e-05 -0.0362784 -60.9536 4.88015e-05 0.999995 0.00316361 5.68809 0.0362785 -0.0031633 0.999337 -29.9233 0 0 0 1 
34562489690056;0.453077;0.31823;0.925027 0.00621276 -0.379851 2727.71 0.00654076 0.999458 0.0322752 -233.313 0.379845 -0.03234 0.924485 -6588.63 0 0 0 1 
34562489690057;0.243925;1.21825;0.999805 9.57519e-06 0.0197569 59.5277 2.47801e-05 0.999998 -0.00173865 -8.5355 -0.0197569 0.0017388 0.999803 -112.802 0 0 0 1 
34562489690058;0.299623;0.606793;0.986793 0.00116192 0.161983 -93.3697 0.00114269 0.999899 -0.0141337 8.66 -0.161983 0.0141321 0.986692 72.6066 0 0 0 1 
34562489690059;0.121954;0.276072;0.999954 5.19193e-06 -0.00958711 -7.33592 2.82899e-06 1 0.000836621 0.518948 0.00958711 -0.00083661 0.999954 -3.30606 0 0 0 1 
34562489690060;0.336224;1.34248;0.999435 6.15273e-05 0.0335961 -99.5893 3.69824e-05 0.999996 -0.00293155 10.3617 -0.0335961 0.00293114 0.999431 14.6053 0 0 0 1 
34562489690062;0.450678;0.296863;0.991846 0.000709866 0.127437 -1.05857 0.000713571 0.999938 -0.0111237 -0.995463 -0.127437 0.0111239 0.991784 31.2492 0 0 0 1 
34562489690063;0.504888;1.43821;0.983713 0.00130107 0.179744 949.915 0.00148297 0.999881 -0.0153537 -86.116 -0.179743 0.0153701 0.983594 2615.72 0 0 0 1 
34562489690064;0.452148;0.424786;1 -9.78801e-08 9.99433e-06 0.211045 9.78888e-08 1 -8.70325e-07 -0.716042 -9.99433e-06 8.70326e-07 1 0.0474369 0 0 0 1 
34562489690065;0.324911;0.545544;0.999856 1.31851e-05 -0.0169781 -2.59136 1.19971e-05 0.999999 0.00148311 -0.997017 0.0169781 -0.0014831 0.999855 4.74986 0 0 0 1 
34562489690066;0.34336;0.524893;0.998916 9.57957e-05 0.0465402 -15.6213 9.33196e-05 0.999992 -0.0040613 0.486343 -0.0465402 0.00406124 0.998908 20.5723 0 0 0 1 
34562489690067;0.18061;1.10777;0.999998 -3.93071e-06 0.00192984 31.9499 4.25337e-06 1 -0.000167192 -5.67217 -0.00192983 0.0001672 0.999998 10.7404 0 0 0 1 
34562489690068;0.143206;1.13543;0.99984 2.06635e-05 0.0178767 -55.1402 7.21297e-06 0.999999 -0.00155931 1.8988 -0.0178767 0.00155919 0.999839 14.3805 0 0 0 1 
34562489690069;0.265071;0.350665;0.999956 6.46628e-06 0.00932894 -22.7191 1.09877e-06 1 -0.000810918 0.916975 -0.00932894 0.000810893 0.999956 29.0185 0 0 0 1 
34562489690070;0.337998;0.612968;0.91075 0.00569879 -0.412918 16908.7 0.00995065 0.999312 0.0357393 -1458.75 0.412838 -0.0366584 0.910067 4918.68 0 0 0 1 
34562489690071;0.291767;0.536357;1 -1.23503e-07 0.000187561 1.21511 1.26443e-07 1 -1.56775e-05 -1.79742 -0.000187561 1.56775e-05 1 6.33078 0 0 0 1 
34562489690072;0.432542;0.50019;0.969005 0.00270964 0.247025 -60.561 0.0027046 0.999764 -0.0215758 4.24415 -0.247025 0.0215752 0.968769 -37.5131 0 0 0 1 
34562489690073;0.333627;0.460867;0.998873 9.97114e-05 -0.0474633 -3.73185 9.70683e-05 0.999991 0.00414362 -0.761242 0.0474633 -0.00414355 0.998864 -7.52268 0 0 0 1 
34562489690074;0.333091;1.04432;0.959343 0.00357792 0.282218 -261.506 0.00352111 0.99969 -0.0246432 21.0873 -0.282219 0.024635 0.959034 70.5765 0 0 0 1 
34562489690075;0.300984;0.908848;0.965668 0.0027146 -0.259766 2315.02 0.00317176 0.999748 0.0222384 -203.894 0.259761 -0.0222988 0.965416 -3078.73 0 0 0 1 
34562489690076;0.255405;0.900742;0.999661 2.86466e-05 0.026031 3.64866 3.05331e-05 0.999997 -0.00227303 -2.53214 -0.026031 0.00227305 0.999659 0.178305 0 0 0 1 
34562489690077;0.37018;0.355984;0.895075 0.00917072 -0.445821 -8.4027 0.00915193 0.9992 0.0389283 -0.168756 0.445821 -0.0389239 0.894275 -23.7235 0 0 0 1 
34562489690078;0.123389;0.395514;0.995903 0.000358795 -0.0904287 4.16397 0.00035656 0.999969 0.00789443 -1.22404 0.0904287 -0.00789433 0.995872 -14.1649 0 0 0 1 
34562489690079;0.437756;1.28039;0.998937 0.000106258 -0.046086 -99.9263 7.92596e-05 0.999992 0.00402361 6.5621 0.0460861 -0.00402299 0.998929 -9.69381 0 0 0 1 
34562489690080;0.248888;0.51509;0.998586 0.0001238 -0.0531518 4.7025 0.000123039 0.999989 0.00464074 -1.44358 0.0531518 -0.00464072 0.998576 -3.3734 0 0 0 1 
34562489690081;0.238106;0.554491;0.999954 2.55279e-06 0.00957099 9.94408 5.43614e-06 1 -0.000834677 -2.42468 -0.00957099 0.000834691 0.999954 8.00883 0 0 0 1 
34562489690082;0.176775;0.893063;0.980224 0.00216179 0.19788 -3526.68 0.00144829 0.999835 -0.0180973 308.875 -0.197887 0.018026 0.980059 -6004.89 0 0 0 1 
34562489690083;0.334152;0.359296;0.999999 1.59691e-06 0.00163025 -12.4421 -1.36621e-06 1 -0.00014151 -0.412213 -0.00163025 0.000141508 0.999999 7.49048 0 0 0 1 
34562489690084;0.376441;0.376498;1 2.66576e-08 -1.80798e-06 0.0261398 -2.66573e-08 1 1.22554e-07 -0.152761 1.80798e-06 -1.22554e-07 1 -0.234788 0 0 0 1 
34562489690085;0.162081;0.306746;1 -3.98144e-09 -6.59329e-08 -0.0653174 3.98144e-09 1 2.94246e-08 -0.533986 6.59329e-08 -2.94246e-08 1 -0.212522 0 0 0 1 
34562489690086;0.435379;0.59313;0.999368 5.28065e-05 0.0355474 13.6711 5.76071e-05 0.999995 -0.00310506 -2.15627 -0.0355474 0.00310514 0.999363 -8.41946 0 0 0 1 
34562489690087;0.326485;0.374737;1 2.47631e-08 2.06021e-06 -0.18049 -2.47629e-08 1 -9.79892e-08 -0.785031 -2.06021e-06 9.79891e-08 1 0.8151 0 0 0 1 
34562489690088;0.343468;0.37877;0.999736 2.48073e-05 -0.0229765 -10.4901 2.12821e-05 0.999998 0.00200569 0.364638 0.0229765 -0.00200565 0.999734 -5.05139 0 0 0 1 
34562489690089;0.181879;0.274151;1 5.96994e-09 -6.89511e-08 0.0108672 -5.96994e-09 1 7.51814e-09 -0.380643 6.89511e-08 -7.51814e-09 1 -0.0322424 0 0 0 1 
34562489690090;0.274172;0.693495;0.976858 0.00202068 -0.213878 29.5624 0.00201996 0.999824 0.0186721 -4.20072 0.213878 -0.018672 0.976682 -25.6519 0 0 0 1 
34562489690091;0.516972;1.95474;0.999987 1.6854e-05 -0.0050336 -122.768 -1.46536e-05 1 0.000437171 6.7445 0.00503361 -0.000437091 0.999987 -20.4892 0 0 0 1 
34562489690093;0.4248;0.801726;1 4.804e-07 2.99294e-05 -3.25913 -4.80376e-07 1 -7.96956e-07 5.41625 -2.99294e-05 7.96942e-07 1 15.8441 0 0 0 1 
34562489690094;0.0934313;0.118259;0.998285 0.00089599 0.0585393 -6012.53 -0.000596995 0.999987 -0.00512488 527.96 -0.0585431 0.00508114 0.998272 242.512 0 0 0 1 
34562489690095;0.144672;0.430801;0.999123 9.4763e-05 0.041875 -152.501 5.80738e-05 0.999993 -0.00364861 17.128 -0.041875 0.00364784 0.999116 66.8513 0 0 0 1 
34562489690096;0.228702;0.574453;0.994271 0.000468702 -0.106888 265.113 0.000531417 0.999956 0.00932804 -21.5529 0.106887 -0.0093314 0.994227 -7.27874 0 0 0 1 
34562489690097;0.121961;0.284752;0.996274 -0.000100407 0.0862401 3409.84 0.000769283 0.99997 -0.00772278 -298.325 -0.0862367 0.00776035 0.996244 -1858.6 0 0 0 1 
34562489690098;0.286027;0.406733;0.999312 4.87037e-05 0.0371008 85.0178 7.15552e-05 0.999995 -0.00324008 -6.06044 -0.0371007 0.0032405 0.999306 -9.75006 0 0 0 1 
34562489690099;0.0245713;0.060868;0.999747 -8.16737e-06 0.022493 239.644 5.23539e-05 0.999998 -0.00196387 -21.1629 -0.0224929 0.00196455 0.999745 -5.90624 0 0 0 1 
34562489690100;0.214406;0.588052;0.995089 0.00205803 -0.0989678 -13097.4 -0.0012706 0.999967 0.00801876 1160.76 0.098981 -0.00785363 0.995058 -6343.01 0 0 0 1 
34562489690101;0.290539;0.615466;0.999997 -3.54886e-06 0.00264493 27.3312 4.15531e-06 1 -0.000229284 -0.0537934 -0.00264493 0.000229294 0.999996 12.4856 0 0 0 1 
34562489690102;0.160438;0.304732;0.999796 1.09779e-05 -0.0201902 55.9425 2.45969e-05 0.999998 0.00176173 -6.02097 0.0201902 -0.00176187 0.999795 -8.05458 0 0 0 1 
34562489690103;0.385248;0.545209;1 -1.28805e-08 4.41161e-07 -0.250069 1.28805e-08 1 -8.02717e-08 -1.80003 -4.41161e-07 8.02717e-08 1 0.448305 0 0 0 1 
34562489690104;0.150227;0.265811;1 3.83927e-08 5.95795e-05 -0.860988 -3.80904e-08 1 -5.07431e-06 -1.62292 -5.95795e-05 5.07431e-06 1 0.959506 0 0 0 1 
34562489690105;0.212702;0.393227;0.997725 0.000185435 0.0674113 94.475 0.000213159 0.999983 -0.00590564 -10.9335 -0.0674112 0.00590658 0.997708 -169.216 0 0 0 1 
34562489690106;0.369761;1.15965;0.996286 3.37429e-05 0.0861084 2317.98 0.000611059 0.999972 -0.00746189 -195.779 -0.0861062 0.00748679 0.996258 250.068 0 0 0 1 
34562489690107;0.232667;0.234412;0.999938 2.79925e-06 0.0111369 18.36 8.02008e-06 1 -0.000971439 0.0258872 -0.0111369 0.000971468 0.999938 6.50443 0 0 0 1 
34562489690108;0.240619;0.343348;1 -1.29512e-06 -0.000713022 9.71226 1.33937e-06 1 6.20597e-05 -0.093672 0.000713022 -6.20606e-05 1 -1.84775 0 0 0 1 
34562489690109;0.185949;0.264447;1 -4.48099e-08 -3.78035e-07 -0.175098 4.48099e-08 1 1.77824e-08 0.766446 3.78035e-07 -1.77824e-08 1 -0.089623 0 0 0 1 
34562489690110;0.265953;0.34079;0.997042 -0.0016322 -0.0768363 15219.6 0.0021254 0.999978 0.00633751 -1314.37 0.0768243 -0.00648207 0.997024 -1813.12 0 0 0 1 
34562489690111;0.165425;0.368174;0.998766 0.000115059 0.0496566 -65.7659 0.000100144 0.999991 -0.00433132 8.85053 -0.0496566 0.00433095 0.998757 36.1597 0 0 0 1 
34562489690112;0.350609;0.495612;0.951997 0.0591964 0.30033 -442600 -0.054467 0.998225 -0.024103 52553.9 -0.301224 0.00658787 0.953531 158600 0 0 0 1 
34562489690113;0.399049;0.473436;1 -5.26332e-08 3.47282e-07 -0.326922 5.26332e-08 1 8.55474e-09 0.88291 -3.47282e-07 -8.55472e-09 1 -0.0561084 0 0 0 1 
34562489690114;0.0997142;0.438964;0.999919 1.52064e-05 0.0127109 -66.5288 -1.17204e-06 0.999999 -0.00110413 9.92855 -0.0127109 0.00110403 0.999919 45.9116 0 0 0 1 
34562489690115;0.280795;0.330997;1 -4.06675e-08 -2.33599e-07 -0.293853 4.06675e-08 1 3.24643e-10 -0.441068 2.33599e-07 -3.24652e-10 1 -0.0434402 0 0 0 1 
34562489690116;0.37279;1.16595;0.999987 -1.04121e-05 -0.00507395 86.9703 1.26341e-05 1 0.000437904 -0.478115 0.00507394 -0.000437963 0.999987 -41.6321 0 0 0 1 
34562489690117;0.26675;0.686523;0.999718 2.22325e-05 -0.0237476 21.7339 2.70101e-05 0.999998 0.00207326 2.94489 0.0237476 -0.00207332 0.999716 -0.691294 0 0 0 1 
34562489690118;0.0989808;0.265621;0.995885 -0.00173941 -0.0906099 16898 0.00239147 0.999972 0.00708824 -1458.23 0.090595 -0.00727576 0.995861 -5100.58 0 0 0 1 
34562489690119;0.386067;0.299365;0.932647 0.00678057 -0.360725 -7188.69 0.00429614 0.999544 0.0298961 646.589 0.360763 -0.0294322 0.932193 -16611.2 0 0 0 1 
34562489690120;0.309421;0.667195;0.998049 0.000178247 0.0624408 -71.0046 0.000162006 0.999985 -0.00544411 10.9289 -0.0624408 0.0054436 0.998034 64.8576 0 0 0 1 
34562489690121;0.382301;0.485667;1 -7.25803e-08 4.21388e-07 -0.42314 7.25803e-08 1 2.16664e-08 1.15694 -4.21388e-07 -2.16663e-08 1 -0.0570821 0 0 0 1 
34562489690122;0.179762;0.47175;0.998393 0.000133132 0.0566635 48.2371 0.0001483 0.999988 -0.00496249 -7.59703 -0.0566635 0.00496292 0.998381 -124.956 0 0 0 1 
34562489690124;0.346704;0.532304;0.972119 0.00126467 -0.234483 9441.47 0.00359603 0.999787 0.0203007 -819.232 0.234459 -0.020578 0.971908 867.83 0 0 0 1 
34562489690125;0.12865;0.309433;0.99918 0.00078115 -0.0404723 -5702.48 -0.000627815 0.999993 0.00380122 501.845 0.0404749 -0.0037727 0.999173 1921.82 0 0 0 1 
34562489690126;0.441684;1.28575;0.994725 0.000684834 0.102572 -1816.75 0.000200548 0.999963 -0.00862122 167.209 -0.102574 0.00859631 0.994688 2893.57 0 0 0 1 
34562489690127;0.210546;0.352266;0.999704 2.99231e-05 0.0243399 -35.6137 2.17428e-05 0.999998 -0.00212242 4.80292 -0.0243399 0.00212232 0.999701 21.7481 0 0 0 1 
34562489690128;0.0334274;0.196675;0.999558 -0.000274788 -0.0297405 2525.61 0.000348431 0.999997 0.00247103 -221.466 0.0297398 -0.00248029 0.999555 -935.432 0 0 0 1 
34562489690129;0.0803559;0.0674641;1 -1.58164e-06 2.54982e-05 12.3832 1.58167e-06 1 -1.19962e-06 -0.889223 -2.54982e-05 1.19966e-06 1 7.58254 0 0 0 1 
34562489690130;0.355847;0.461254;0.998093 0.000161679 -0.0617202 45.6974 0.000171155 0.999985 0.00538729 -3.12587 0.0617202 -0.00538758 0.998079 -9.96609 0 0 0 1 
34562489690131;0.103607;0.0779152;1 2.53607e-06 2.33429e-05 -19.5572 -2.53603e-06 1 -1.88421e-06 1.97499 -2.33429e-05 1.88415e-06 1 0.659412 0 0 0 1 
34562489690132;0.232394;0.427993;0.995229 0.000397988 -0.0975634 162.025 0.000434882 0.999964 0.0085153 -11.2706 0.0975633 -0.0085171 0.995193 -9.44586 0 0 0 1 
34562489690133;0.372111;0.389485;0.987247 0.000923676 -0.159194 1549.23 0.00120865 0.999911 0.0132971 -132.691 0.159192 -0.01332 0.987158 -4658.11 0 0 0 1 
34562489690134;0.23228;0.308855;0.999846 6.08797e-06 -0.0175568 60.3743 2.07882e-05 0.999999 0.00153063 -4.3174 0.0175568 -0.00153076 0.999845 -17.4741 0 0 0 1 
34562489690135;0.171644;0.443043;0.999388 0.000106002 -0.034982 -417.337 1.98881e-06 0.999995 0.00308698 39.0905 0.0349822 -0.00308516 0.999383 249.038 0 0 0 1 
34562489690136;0.200279;0.285305;1 -2.50658e-06 -0.000530207 18.5723 2.53052e-06 1 4.51491e-05 -1.66646 0.000530207 -4.51504e-05 1 -9.59914 0 0 0 1 
34562489690137;0.062551;0.119789;0.99837 0.00134363 -0.0570539 -9657.22 -0.00109857 0.99999 0.00432642 850.355 0.0570592 -0.00425669 0.998362 -5833.5 0 0 0 1 
34562489690138;0.126833;1.20603;1 1.25588e-07 3.35914e-07 1.13852 -1.25588e-07 1 -2.36176e-08 9.41914 -3.35914e-07 2.36176e-08 1 0.207864 0 0 0 1 
34562489690139;0.334771;0.585537;1 2.14287e-08 1.70368e-07 0.245142 -2.14287e-08 1 1.52255e-08 2.6705 -1.70368e-07 -1.52255e-08 1 -0.00434326 0 0 0 1 
34562489690140;0.169798;0.409387;0.999995 -2.88619e-06 -0.00302779 25.7309 3.68438e-06 1 0.000263616 0.213391 0.00302779 -0.000263626 0.999995 -6.37035 0 0 0 1 
34562489690141;0.269667;0.687695;0.999117 0.000360533 -0.0420048 -2273.93 -0.000197991 0.999992 0.0038737 202.937 0.0420059 -0.00386197 0.99911 1564.37 0 0 0 1 
34562489690142;0.0756236;0.223439;0.999496 -0.00132512 -0.0317165 11018.8 0.00139094 0.999997 0.00205333 -953.393 0.0317137 -0.00209641 0.999495 -5410.95 0 0 0 1 
34562489690143;0.273373;0.627202;0.992628 0.00121022 0.121191 -4575.23 4.30597e-05 0.999947 -0.0103382 405.04 -0.121197 0.0102672 0.992575 2530.72 0 0 0 1 
34562489690144;0.115892;0.418422;0.999702 4.14497e-05 0.0244178 -126.353 1.02643e-05 0.999998 -0.00211775 13.8749 -0.0244178 0.00211737 0.9997 116.447 0 0 0 1 
34562489690145;0.160443;0.314473;0.999577 4.40827e-05 0.0290941 -61.1983 2.99231e-05 0.999997 -0.00254323 3.40368 -0.0290941 0.00254302 0.999573 -23.519 0 0 0 1 
34562489690146;0.0878609;0.319414;1 4.23772e-07 1.87729e-05 -2.98323 -4.23758e-07 1 -7.19056e-07 2.0968 -1.87729e-05 7.19048e-07 1 7.43302 0 0 0 1 
34562489690147;0.0902058;0.230902;0.999642 -0.000363987 -0.0267527 3182.7 0.0004304 0.999997 0.00247677 -276.235 0.0267517 -0.0024874 0.999639 1220.53 0 0 0 1 
34562489690148;0.253989;0.94341;0.999975 8.48069e-06 -0.00701801 -48.3849 -4.174e-06 1 0.000613677 10.3612 0.00701801 -0.000613632 0.999975 7.50959 0 0 0 1 
34562489690149;0.415878;0.396029;1 -3.86684e-08 -1.05131e-07 -0.258617 3.86684e-08 1 4.41818e-08 0.384326 1.05131e-07 -4.41818e-08 1 -0.40258 0 0 0 1 
34562489690150;0.323952;0.431959;0.999997 -1.35398e-06 -0.00233628 11.4578 1.82965e-06 1 0.000203599 -0.32851 0.00233628 -0.000203603 0.999997 -3.53318 0 0 0 1 
34562489690151;0.0908205;0.406785;1 1.13923e-05 -3.49187e-05 -90.2256 -1.13922e-05 1 3.04979e-06 10.2638 3.49187e-05 -3.04939e-06 1 -0.220931 0 0 0 1 
34562489690152;0.416208;0.457337;0.97349 0.00226411 -0.228719 438.112 0.00234369 0.9998 0.0198725 -36.9892 0.228718 -0.0198817 0.97329 -700.661 0 0 0 1 
34562489690153;0.0988573;0.190043;0.999889 1.49543e-05 -0.0149161 -39.5116 4.33736e-06 0.999999 0.00129331 1.3735 0.0149161 -0.00129323 0.999888 -72.7124 0 0 0 1 
34562489690155;0.259195;0.680583;0.999577 4.47126e-05 -0.0290985 -57.5841 3.28047e-05 0.999996 0.00266348 8.71389 0.0290985 -0.00266331 0.999573 986.994 0 0 0 1 
34562489690156;0.172496;0.129563;0.999635 2.67503e-05 -0.0270276 45.7142 3.68979e-05 0.999997 0.00235443 -3.28585 0.0270276 -0.00235456 0.999632 -42.3177 0 0 0 1 
34562489690157;0.159263;0.500414;0.985032 0.000301751 0.172373 8063.69 0.00241322 0.999876 -0.0155408 -695.222 -0.172356 0.0157242 0.984909 -5438.6 0 0 0 1 
34562489690158;0.105511;0.177619;0.999208 0.000319767 0.0397907 -2020.87 -0.000162428 0.999992 -0.00395734 177.752 -0.0397917 0.00394774 0.9992 -3810.83 0 0 0 1 
34562489690159;0.266866;0.443952;0.999818 2.34153e-05 0.0191034 -62.3569 8.1402e-06 0.999999 -0.00165175 8.15981 -0.0191034 0.0016516 0.999816 130.391 0 0 0 1 
34562489690160;0.0473697;0.197126;1 4.49716e-08 8.19879e-07 0.43826 -4.49716e-08 1 5.46194e-09 0.819817 -8.19879e-07 -5.46198e-09 1 -0.0813483 0 0 0 1 
34562489690161;0.216211;0.308673;1 1.58925e-08 2.28628e-07 0.296477 -1.58925e-08 1 -1.14572e-09 1.04054 -2.28628e-07 1.14572e-09 1 -0.0482762 0 0 0 1 
34562489690162;0.156911;0.426326;0.999512 5.32996e-05 0.0312394 -87.9923 3.18156e-05 0.999996 -0.00272411 9.52674 -0.0312394 0.00272378 0.999508 28.6662 0 0 0 1 
34562489690163;0.149607;0.11097;0.999202 -0.000132133 0.0399491 1618.66 0.000278849 0.999993 -0.00366702 -139.979 -0.0399483 0.00367523 0.999195 -1508.83 0 0 0 1 
34562489690164;0.334807;0.872204;0.982468 0.00165198 0.186422 -998.507 0.00154417 0.999854 -0.0169982 89.0335 -0.186423 0.0169881 0.982323 -5726.21 0 0 0 1 
34562489690165;0.385816;0.886199;0.964188 0.00219811 0.265209 7436.22 0.0045702 0.999679 -0.0249009 -625.043 -0.265179 0.0252212 0.963869 -16642.3 0 0 0 1 
34562489690166;0.333068;0.435802;0.998697 0.00012 0.0510241 -56.0432 0.000107314 0.99999 -0.00445226 5.26213 -0.0510242 0.00445194 0.998687 22.7092 0 0 0 1 
34562489690167;0.363242;0.65336;1 5.53228e-08 5.90629e-07 0.761516 -5.53228e-08 1 3.27283e-08 2.45074 -5.90629e-07 -3.27283e-08 1 -0.282568 0 0 0 1 
34562489690168;0.405801;0.366316;0.999367 0.000303349 -0.0355833 -1988.58 -0.000203368 0.999996 0.00281335 177.583 0.035584 -0.00280433 0.999363 -2435.08 0 0 0 1 
34562489690169;0.233383;1.1124;0.997718 -0.000285934 -0.0675202 3916.79 0.000685924 0.999982 0.0059009 -334.333 0.0675173 -0.00593375 0.9977 312.565 0 0 0 1 
34562489690170;0.111556;0.207466;1 3.10253e-08 4.90565e-07 0.430441 -3.10253e-08 1 1.71074e-08 0.985653 -4.90565e-07 -1.71074e-08 1 -0.200968 0 0 0 1 
34562489690171;0.0960451;0.385748;0.999526 4.23433e-05 -0.0307882 -2.32251 4.04077e-05 0.999996 0.00268712 2.92557 0.0307882 -0.00268709 0.999522 -8.9334 0 0 0 1 
34562489690172;0.321124;0.44819;0.997911 0.000192529 0.0646013 -88.6929 0.000171803 0.999984 -0.0056341 8.60769 -0.0646014 0.00563343 0.997895 53.6337 0 0 0 1 
34562489690173;0.268086;0.533214;0.99902 -0.000123893 0.0442645 1680.86 0.000303044 0.999992 -0.00404061 -144.483 -0.0442636 0.00405006 0.999012 -1492.23 0 0 0 1 
34562489690174;0.189053;0.333444;0.999087 -0.000129506 0.0427135 1677.78 0.000294816 0.999992 -0.00386393 -144.938 -0.0427126 0.00387299 0.99908 -1157.84 0 0 0 1 
34562489690175;0.133957;1.10955;0.998835 0.000141528 0.0482577 -323.281 6.18777e-05 0.999991 -0.00421348 35.2954 -0.0482578 0.00421155 0.998826 13.5192 0 0 0 1 
34562489690176;0.144022;0.400564;0.99938 6.03772e-05 0.035198 -53.3619 4.77623e-05 0.999995 -0.00307147 4.28498 -0.0351981 0.00307124 0.999376 14.3506 0 0 0 1 
34562489690177;0.320514;0.734034;0.999408 4.74363e-05 0.0344105 31.5661 5.59865e-05 0.999995 -0.00300459 0.207271 -0.0344105 0.00300473 0.999403 -3.88764 0 0 0 1 
34562489690178;0.353901;0.576022;0.993397 0.00057734 -0.114729 10.7347 0.00057534 0.99995 0.0100136 1.95348 0.114729 -0.0100135 0.993346 -26.4682 0 0 0 1 
34562489690179;0.0142393;0.123973;1 3.27431e-08 3.56801e-07 0.380314 -3.27431e-08 1 6.81652e-10 0.523342 -3.56801e-07 -6.81664e-10 1 -0.0521065 0 0 0 1 
34562489690180;0.106434;0.182479;1 -2.17416e-09 -9.11398e-08 0.0219183 2.17417e-09 1 2.4553e-08 0.415104 9.11398e-08 -2.4553e-08 1 -0.206375 0 0 0 1 
34562489690181;0.139987;0.159968;1 1.55657e-08 5.9264e-08 0.183156 -1.55657e-08 1 -1.71421e-08 0.14905 -5.92641e-08 1.71421e-08 1 0.0564063 0 0 0 1 
34562489690182;0.247912;0.689844;0.993253 -0.00129603 -0.115958 15185.8 0.00243063 0.999951 0.00964371 -1307.39 0.11594 -0.0098605 0.993207 -2107.64 0 0 0 1 
34562489690183;0.115667;1.10503;0.999892 1.58032e-05 0.0147168 -50.5319 3.01001e-06 0.999999 -0.00127833 11.5853 -0.0147168 0.00127824 0.999891 52.0974 0 0 0 1 
34562489690184;0.228068;0.639889;0.995277 8.35524e-05 0.0970795 2634.35 0.00077767 0.999961 -0.00883344 -225.976 -0.0970764 0.00886721 0.995237 -3151.49 0 0 0 1 
34562489690186;0.0711037;0.224566;1 4.61416e-06 7.35716e-05 -36.355 -4.61351e-06 1 -8.89864e-06 0.960783 -7.35716e-05 8.8983e-06 1 -20.2896 0 0 0 1 
34562489690187;0.0441165;0.0489233;0.999584 3.56615e-05 0.0288567 1.33677 3.70104e-05 0.999997 -0.00251783 -0.236913 -0.0288567 0.00251785 0.99958 10.5306 0 0 0 1 
34562489690188;0.231973;0.254611;0.995174 0.00144298 -0.0981196 -8204.35 -0.000568427 0.99996 0.00894047 723.34 0.0981285 -0.00884155 0.995134 2211.62 0 0 0 1 
34562489690189;0.393005;0.439522;0.984336 0.00135164 -0.1763 152.709 0.00138354 0.999881 0.0153905 -10.3924 0.1763 -0.0153933 0.984216 18.842 0 0 0 1 
34562489690190;0.219538;0.278022;0.998088 5.73676e-05 -0.061801 889.731 0.000285518 0.999985 0.00553938 -75.361 0.0618003 -0.00554644 0.998073 1215.5 0 0 0 1 
34562489690191;0.389147;0.612826;0.9998 1.98031e-05 0.0199818 -20.3359 1.50886e-05 0.999998 -0.00174602 -2.21511 -0.0199818 0.00174597 0.999799 -11.9322 0 0 0 1 
34562489690192;0.192134;0.235673;0.999996 2.03961e-06 0.00274604 -13.5821 -1.38209e-06 1 -0.000239445 0.0174786 -0.00274604 0.00023944 0.999996 1.97129 0 0 0 1 
34562489690193;0.281462;0.303171;1 -3.50591e-08 6.95371e-07 -0.163016 3.5059e-08 1 1.05471e-07 -0.159335 -6.95371e-07 -1.05471e-07 1 -0.842184 0 0 0 1 
34562489690194;0.204314;0.225693;0.999228 -0.000250794 0.039297 2554.45 0.000395403 0.999993 -0.00367218 -223.873 -0.0392958 0.00368489 0.999221 -2045.98 0 0 0 1 
34562489690195;0.157469;0.304501;1 3.78504e-07 -0.000284292 -3.1272 -3.71475e-07 1 2.47221e-05 3.48611 0.000284292 -2.4722e-05 1 -1.9247 0 0 0 1 
34562489690196;0.0529904;0.0812539;0.999986 -3.43446e-07 -0.00533515 13.5508 2.82538e-06 1 0.000465197 -0.407457 0.00533515 -0.000465206 0.999986 -5.45747 0 0 0 1 
34562489690197;0.438295;0.824607;1 1.29666e-07 1.87249e-08 0.356775 -1.29666e-07 1 -3.18279e-08 -7.03646 -1.87249e-08 3.18279e-08 1 -0.0250708 0 0 0 1 
34562489690198;0.0525853;0.0782592;0.999988 1.39116e-06 -0.0049339 -1.45149 7.31366e-07 1 0.000430191 1.5721 0.0049339 -0.000430189 0.999988 -4.69349 0 0 0 1 
34562489690199;0.186435;0.286112;0.999999 1.49581e-06 -0.00130183 -11.3332 -1.34645e-06 1 0.000114734 3.07205 0.00130183 -0.000114732 0.999999 8.17334 0 0 0 1 
34562489690200;0.246291;0.229325;0.999998 9.01019e-07 -0.00200614 -5.45112 -5.50608e-07 1 0.00017467 0.91898 0.00200614 -0.000174669 0.999998 -3.51961 0 0 0 1 
34562489690201;0.100046;0.116162;0.999995 -1.71358e-06 0.00324362 17.0486 2.63107e-06 1 -0.000282855 -2.10065 -0.00324362 0.000282862 0.999995 2.37885 0 0 0 1 
34562489690202;0.155088;0.175538;1 1.16907e-08 1.11771e-07 0.0889362 -1.16907e-08 1 7.5533e-09 0.763343 -1.11771e-07 -7.5533e-09 1 -0.0460157 0 0 0 1 
34562489690203;0.0877176;0.0437519;1 1.87072e-06 0.000356324 -14.3824 -1.85978e-06 1 -3.07013e-05 1.66596 -0.000356324 3.07007e-05 1 3.95197 0 0 0 1 
34562489690204;0.244178;0.362423;0.998685 0.000116721 0.0512662 -22.8072 0.000112878 0.99999 -0.00447565 -1.12371 -0.0512662 0.00447555 0.998675 1.59956 0 0 0 1 
34562489690205;0.481854;0.401098;0.995508 0.00131495 -0.0946689 -7409.31 -0.000508306 0.999963 0.00854428 649.709 0.0946767 -0.00845778 0.995472 1547.63 0 0 0 1 
34562489690206;0.097924;0.285046;0.998311 5.21073e-05 0.0581043 758.507 0.000251252 0.999986 -0.00521363 -69.6012 -0.0581038 0.00521942 0.998297 -1182.3 0 0 0 1 
34562489690207;0.417969;0.475364;0.996583 0.000712561 -0.0825893 -3322.05 -5.95708e-05 0.999969 0.00790867 295.404 0.0825924 -0.00787673 0.996552 5360.55 0 0 0 1 
34562489690208;0.41666;0.390154;0.999995 3.40946e-06 -0.0031671 -22.0014 -2.53626e-06 1 0.000275713 0.417769 0.0031671 -0.000275704 0.999995 -6.7184 0 0 0 1 
34562489690209;0.102897;0.0732913;1 9.66505e-07 -5.88259e-05 -7.42659 -9.66209e-07 1 5.02543e-06 1.23632 5.88259e-05 -5.02537e-06 1 -1.82049 0 0 0 1 
34562489690210;0.0465566;0.555756;0.999873 1.58935e-05 0.0159347 -41.1032 6.34535e-06 0.999999 -0.00139557 -3.30491 -0.0159347 0.0013955 0.999872 -36.0761 0 0 0 1 
34562489690211;0.156365;0.156865;1 3.20033e-06 -7.6712e-05 -25.2025 -3.20005e-06 1 3.66192e-06 1.0444 7.6712e-05 -3.66168e-06 1 -24.2858 0 0 0 1 
34562489690212;0.249667;0.392472;0.999437 5.74142e-05 0.0335535 -70.6357 4.0853e-05 0.999996 -0.00292798 3.25926 -0.0335535 0.0029277 0.999433 12.0103 0 0 0 1 
34562489690213;0.302086;0.364432;0.999844 1.9344e-05 0.0176383 -48.1823 7.80519e-06 0.999999 -0.00153915 2.22542 -0.0176383 0.00153905 0.999843 6.3198 0 0 0 1 
34562489690214;0.0408606;0.159729;1 -1.2767e-06 -2.47672e-05 10.3917 1.27676e-06 1 2.27233e-06 0.960889 2.47672e-05 -2.27236e-06 1 0.406018 0 0 0 1 
34562489690215;0.322976;0.334573;1 -4.79067e-07 0.000234601 3.44626 4.83772e-07 1 -2.00585e-05 0.49269 -0.000234601 2.00586e-05 1 3.28361 0 0 0 1 
34562489690217;0.345856;0.435767;0.999883 7.85563e-06 0.0152937 15.3573 1.25501e-05 0.999999 -0.00133416 -1.58094 -0.0152937 0.0013342 0.999882 9.86979 0 0 0 1 
34562489690218;0.369096;0.655441;0.999925 4.82942e-06 -0.0122466 14.497 8.20671e-06 0.999999 0.00106442 -3.3048 0.0122466 -0.00106444 0.999924 -39.0468 0 0 0 1 
34562489690219;0.344434;1.06264;0.998859 8.78205e-05 -0.0477462 99.5456 0.000111295 0.999991 0.00416762 -6.96171 0.0477461 -0.00416818 0.998851 -5.54941 0 0 0 1 
34562489690220;0.281678;0.382651;1 1.97011e-08 -6.48369e-07 0.148228 -1.97011e-08 1 -1.30699e-08 -0.131765 6.48369e-07 1.30699e-08 1 0.0901951 0 0 0 1 
34562489690221;0.2479;2.21379;0.996098 0.000322469 -0.0882571 153.876 0.000359134 0.99997 0.00770693 -16.612 0.0882569 -0.00770855 0.996068 19.7328 0 0 0 1 
34562489690222;0.309448;0.773748;0.999489 3.71316e-05 -0.0319602 62.5399 5.20646e-05 0.999996 0.00279001 -4.93424 0.0319602 -0.00279025 0.999485 -3.47223 0 0 0 1 
34562489690223;0.503992;0.743459;0.970381 0.0025779 -0.241566 98.6739 0.00259294 0.999774 0.0210851 -9.86974 0.241566 -0.021087 0.970155 -38.1265 0 0 0 1 
34562489690224;0.505738;2.14483;0.993866 0.000518139 -0.110586 150.852 0.000551051 0.999953 0.00963761 -17.4845 0.110586 -0.00963944 0.99382 -131.502 0 0 0 1 
34562489690225;0.255572;0.790382;0.993473 0.000564144 0.114069 29.4246 0.000575532 0.99995 -0.0099579 -4.08926 -0.114069 0.00995856 0.993423 11.9723 0 0 0 1 
34562489690226;0.59187;0.790707;0.98465 0.00133534 -0.174535 63.1662 0.00134451 0.999883 0.0152351 -6.45035 0.174535 -0.0152359 0.984533 -26.2265 0 0 0 1 
34562489690227;0.535961;0.575502;0.995963 0.000346706 -0.0897591 57.2338 0.000358142 0.999969 0.00783644 -5.31484 0.089759 -0.00783695 0.995933 -2.75925 0 0 0 1 
34562489690228;0.492348;2.01775;0.954929 0.00390883 -0.296808 250.475 0.00396101 0.999656 0.0259089 -23.4862 0.296807 -0.0259168 0.954586 15.5589 0 0 0 1 
34562489690229;0.377629;0.338288;0.999568 3.9265e-05 -0.0293849 -8.5363 3.6058e-05 0.999997 0.00256279 -0.317634 0.0293849 -0.00256274 0.999565 -23.66 0 0 0 1 
34562489690230;0.309344;1.72599;0.990784 0.000787758 -0.135451 152.521 0.000820981 0.99993 0.0118207 -10.1703 0.135451 -0.0118229 0.990714 -30.4561 0 0 0 1 
34562489690231;0.422227;0.841656;0.99874 0.000103441 0.0501806 44.4279 0.000116503 0.99999 -0.00438011 -3.1427 -0.0501806 0.00438043 0.998731 9.66306 0 0 0 1 
34562489690232;0.215127;1.16222;0.997875 0.00017056 0.0651564 108.463 0.000200015 0.999984 -0.00568091 -9.89907 -0.0651563 0.00568187 0.997859 58.4651 0 0 0 1 
34562489690233;0.420689;1.27042;0.999965 -1.38028e-06 -0.00839615 34.4271 7.52733e-06 1 0.000732095 -1.34447 0.00839615 -0.000732132 0.999964 -8.03877 0 0 0 1 
34562489690234;0.244511;0.780757;0.999819 9.06999e-06 -0.0190025 54.7533 2.24586e-05 0.999999 0.00165897 -3.99469 0.0190025 -0.00165909 0.999818 -1.13712 0 0 0 1 
34562489690235;0.305129;3.05083;0.999895 1.15614e-05 0.0144834 -26.6337 7.21223e-06 0.999999 -0.00129617 -4.22956 -0.0144834 0.00129614 0.999894 -252.856 0 0 0 1 
34562489690236;0.196522;0.995952;0.995672 0.000363031 0.0929371 104.231 0.000392131 0.999967 -0.00810713 -8.35769 -0.092937 0.00810849 0.995639 51.004 0 0 0 1 
34562489690237;0.236663;1.52619;0.996233 0.000315708 -0.0867116 114.547 0.000341906 0.999971 0.00756896 -11.5871 0.0867115 -0.0075701 0.996205 -8.45449 0 0 0 1 
34562489690238;0.36003;2.11669;0.944095 0.00493223 0.329638 -459.338 0.0048823 0.999569 -0.0289392 35.6145 -0.329639 0.0289307 0.943664 -1185.88 0 0 0 1 
34562489690239;0.243492;0.6665;0.999982 -3.03518e-06 -0.00597592 35.9641 6.12395e-06 1 0.00051685 -4.45437 0.00597592 -0.000516877 0.999982 -38.9569 0 0 0 1 
34562489690240;0.35283;3.06433;0.999273 5.47662e-05 -0.0381224 70.4456 7.13081e-05 0.999995 0.00330573 -13.8901 0.0381223 -0.00330604 0.999268 -181.995 0 0 0 1 
34562489690241;0.379757;3.48678;0.952975 0.0042523 0.303021 -1224.66 0.00408153 0.999631 -0.0268639 100.321 -0.303023 0.0268374 0.952605 -3042.58 0 0 0 1 
34562489690242;0.378853;0.771329;0.952567 0.00412814 0.304302 64.3986 0.00415724 0.999638 -0.0265746 -6.51334 -0.304302 0.0265791 0.952205 -65.556 0 0 0 1 
34562489690243;0.301434;1.01696;1 -6.87926e-07 -3.59386e-05 3.17687 6.87938e-07 1 3.4016e-07 0.15309 3.59386e-05 -3.40184e-07 1 -22.3219 0 0 0 1 
34562489690244;0.500189;1.34559;0.977187 0.00197566 -0.212371 158.693 0.00200668 0.999826 0.0185346 -11.9533 0.212371 -0.018538 0.977013 -38.1653 0 0 0 1 
34562489690245;0.271456;3.29745;0.999879 3.52829e-05 0.0155491 -206.233 -1.49131e-05 0.999999 -0.00131014 10.6584 -0.0155491 0.00130975 0.999878 386.017 0 0 0 1 
34562489690246;0.262584;0.792263;0.969041 0.00268002 -0.246884 218.751 0.00289323 0.999749 0.0222088 -17.9556 0.246882 -0.0222356 0.96879 5468.21 0 0 0 1 
34562489690248;0.122472;0.235104;1 -4.33598e-07 0.000640291 4.87931 4.68784e-07 1 -5.49529e-05 -0.211324 -0.000640291 5.49532e-05 1 8.10262 0 0 0 1 
34562489690249;0.236877;0.474002;0.99212 0.00103146 -0.12529 -2743.05 0.000440794 0.999931 0.0117225 244.537 0.125293 -0.0116854 0.992051 5995.47 0 0 0 1 
34562489690250;0.361013;0.792816;0.994858 0.00045748 0.101275 -79.7906 0.000440238 0.999961 -0.00884159 3.25137 -0.101276 0.00884072 0.994819 19.9197 0 0 0 1 
34562489690251;0.0844088;0.129873;1 1.35295e-08 -4.1104e-07 0.155091 -1.35295e-08 1 5.64815e-09 0.334759 4.1104e-07 -5.64814e-09 1 -0.0141738 0 0 0 1 
34562489690252;0.195046;0.507594;0.99998 -6.3687e-06 -0.00628566 67.539 9.85973e-06 1 0.000555366 -3.43051 0.00628565 -0.000555417 0.99998 52.6849 0 0 0 1 
34562489690253;0.120903;0.279826;0.995603 0.000389533 0.0936769 -56.0777 0.000378171 0.999966 -0.00817734 4.39239 -0.0936769 0.00817681 0.995569 23.1273 0 0 0 1 
34562489690254;0.246774;0.531288;0.999994 1.25813e-06 0.00337049 -4.31481 -2.66242e-07 1 -0.000294288 -1.70956 -0.00337049 0.000294285 0.999994 0.588065 0 0 0 1 
34562489690255;0.134202;0.167821;0.999939 1.72298e-06 0.0110291 27.8742 8.88234e-06 1 -0.000961525 -2.75697 -0.0110291 0.000961565 0.999939 11.3569 0 0 0 1 
34562489690256;0.130561;0.227905;0.999514 3.67356e-05 0.0311863 43.8179 4.80995e-05 0.999996 -0.00271951 -3.61658 -0.0311863 0.00271969 0.99951 27.8321 0 0 0 1 
34562489690257;0.163799;0.278474;0.999934 8.80852e-06 -0.01149 -22.8985 2.70393e-06 0.999999 0.00100194 3.37704 0.01149 -0.0010019 0.999933 -11.693 0 0 0 1 
34562489690258;0.294851;0.441297;0.960926 0.00177492 -0.276798 13211.4 0.00480529 0.999722 0.0230925 -1143.99 0.276762 -0.0235203 0.960651 -5189.68 0 0 0 1 
34562489690259;0.334686;0.798083;0.99991 -5.17069e-06 0.0134429 106.11 2.11485e-05 0.999999 -0.00118842 -13.1209 -0.0134429 0.0011886 0.999909 -118.014 0 0 0 1 
