#;prob_registration_l1 -r /home/probabilistic_point_clouds_registration/build/tester /home/point_clouds_registration_benchmark//devel/registration_pairs/wood_summer_local.txt /home/point_clouds_registration_benchmark//eth/wood_summer -s 0.2 -t 0.2 -p 0.3 -r 1000 -m 25 -i 40 
id;initial_error;final_error;transformation
2318808360000;0.0774618;0.0494484;0.997949 0.0392665 0.0505482 -0.503144 -0.0393603 0.999225 0.000862511 0.405372 -0.0504751 -0.00285034 0.998721 0.397624 0 0 0 1 
2318808360001;0.306883;0.0559383;0.997777 0.065809 -0.0104753 -0.173951 -0.0659313 0.997754 -0.0117961 0.549815 0.0096755 0.0124605 0.999876 -0.359158 0 0 0 1 
2318808360002;0.495258;0.0510244;0.916618 -0.385942 -0.10421 4.7404 0.385003 0.922434 -0.0298024 -1.80559 0.107629 -0.0128036 0.994109 -0.117592 0 0 0 1 
2318808360003;0.524546;0.0518551;0.91337 -0.404922 -0.0423455 4.32781 0.406637 0.902193 0.143859 -2.6663 -0.0200479 -0.148616 0.988692 1.26715 0 0 0 1 
2318808360004;0.20511;0.0462428;0.997158 -0.0699656 0.027957 0.6214 0.0698856 0.997548 0.00382916 -0.560481 -0.0281563 -0.00186449 0.999602 -0.169803 0 0 0 1 
2318808360005;0.440296;0.258591;0.993774 -0.0260083 -0.108336 0.446143 0.045728 0.981911 0.183738 -0.701861 0.101598 -0.187548 0.976987 0.587745 0 0 0 1 
2318808360006;0.169359;0.0511894;0.995981 -0.0863675 0.0237227 0.992138 0.0867363 0.996119 -0.0149842 -0.486009 -0.0223364 0.0169816 0.999606 0.118217 0 0 0 1 
2318808360007;0.299345;0.0376267;0.927807 -0.367991 0.0612931 4.26059 0.366693 0.929804 0.0316308 -2.28392 -0.0686304 -0.00687156 0.997618 0.524599 0 0 0 1 
2318808360008;0.34518;0.259675;0.97723 0.134387 0.164202 -1.37808 -0.14773 0.986411 0.0718934 0.865156 -0.15231 -0.0945139 0.983803 2.45592 0 0 0 1 
2318808360009;0.553788;0.348288;0.984554 0.137284 0.108656 -1.42506 -0.134935 0.990438 -0.0287148 0.687462 -0.111559 0.0136097 0.993665 1.00071 0 0 0 1 
2318808360010;0.296129;0.0333683;0.992302 -0.123832 -0.00119767 1.17298 0.123763 0.991324 0.0442672 -1.23557 -0.00429441 -0.0440747 0.999019 0.0384065 0 0 0 1 
2318808360011;0.267088;0.0405155;0.972508 -0.194602 0.127899 2.15426 0.180548 0.976977 0.113664 -1.29888 -0.147073 -0.0874469 0.985252 2.38843 0 0 0 1 
2318808360012;0.117207;0.0522745;0.997128 -0.00415012 -0.0756275 0.00459207 0.00790647 0.998746 0.0494376 -0.211769 0.0753275 -0.0498936 0.99591 -0.232868 0 0 0 1 
2318808360013;0.297157;0.0302945;0.99652 -0.0540562 0.0634438 -0.01018 0.0562022 0.997889 -0.0325418 -0.638653 -0.0615508 0.0359942 0.997455 -0.0161937 0 0 0 1 
2318808360014;0.320442;0.0388664;0.99998 0.00215916 0.00602356 -0.0301927 -0.00218248 0.99999 0.00386699 0.0385685 -0.00601515 -0.00388006 0.999974 -0.57656 0 0 0 1 
2318808360015;0.329054;0.0316138;0.964242 0.233669 -0.125048 -2.06657 -0.246343 0.964243 -0.0977234 2.39853 0.097742 0.125034 0.987326 -2.51096 0 0 0 1 
2318808360016;0.335073;0.0461538;0.999483 0.0317835 0.0049129 -0.30597 -0.0318183 0.999468 0.00717963 -0.0730978 -0.00468209 -0.00733224 0.999962 -0.477488 0 0 0 1 
2318808360017;0.483715;0.0395234;0.973744 0.223169 -0.0449277 -2.53675 -0.223307 0.974746 0.00199386 1.75144 0.0442381 0.00809117 0.998988 0.258905 0 0 0 1 
2318808360018;0.313611;0.0495232;0.907421 -0.41015 -0.0914541 4.96197 0.401534 0.910463 -0.0991358 -2.09838 0.123926 0.053236 0.990862 -1.50214 0 0 0 1 
2318808360019;0.502137;0.433223;0.999623 0.017961 0.0207616 -0.23068 -0.0170341 0.998887 -0.0439885 -0.0375623 -0.0215285 0.0436183 0.998816 -0.470605 0 0 0 1 
2318808360020;0.421809;0.0362306;0.965727 0.0247805 0.258374 -0.6115 -0.00359994 0.996615 -0.0821291 0.24821 -0.259535 0.0783842 0.962547 0.575458 0 0 0 1 
2318808360021;0.393879;0.0267834;0.909665 -0.300701 -0.286509 4.32331 0.20732 0.92647 -0.314121 -0.852145 0.359899 0.226346 0.905119 -5.04148 0 0 0 1 
2318808360022;0.404256;0.0466365;0.995558 0.0339883 -0.0877957 -0.336118 -0.0401411 0.996788 -0.0692931 1.11628 0.0851586 0.0725096 0.993726 -1.76082 0 0 0 1 
2318808360023;0.175152;0.0509759;0.977942 -0.195791 0.0727668 1.97451 0.198955 0.97923 -0.0390523 -1.3331 -0.0636094 0.0526682 0.996584 -0.0468155 0 0 0 1 
2318808360024;0.438639;0.0326809;0.993072 0.0110138 -0.11699 -0.841912 -0.0231451 0.994428 -0.102849 0.352376 0.115205 0.104844 0.987793 -2.0537 0 0 0 1 
2318808360025;0.493149;0.0416503;0.984717 -0.174041 -0.00641715 1.71605 0.173804 0.984394 -0.0275882 -0.694089 0.0111185 0.0260512 0.999599 0.375683 0 0 0 1 
2318808360026;0.26214;0.0423227;0.982004 0.0132411 -0.188396 -0.180232 -0.000930388 0.997866 0.0652838 -0.0885091 0.188858 -0.0639337 0.979921 -0.490217 0 0 0 1 
2318808360027;0.301824;0.0429761;0.97084 0.239721 -0.001606 -2.30434 -0.231284 0.934867 -0.269317 2.96029 -0.0630597 0.261836 0.96305 -2.15245 0 0 0 1 
2318808360028;0.111442;0.0495206;0.999237 -0.028842 -0.0263343 0.269496 0.0320635 0.990801 0.131474 -0.39404 0.0223 -0.132218 0.99097 1.1562 0 0 0 1 
2318808360029;0.556383;0.0376453;0.994483 -0.0629903 -0.083878 0.139441 0.0895071 0.926528 0.365425 -0.449832 0.0546971 -0.370916 0.927054 4.18541 0 0 0 1 
2318808360031;0.47988;0.0050761;0.905127 0.380872 -0.188894 -2.71639 -0.368293 0.924408 0.099152 3.88483 0.212379 -0.0201771 0.976979 -1.84434 0 0 0 1 
2318808360032;0.536016;0.00734262;0.929835 0.0487934 -0.364729 0.684776 -0.153354 0.952378 -0.263549 2.78355 0.3345 0.30099 0.893037 -6.05563 0 0 0 1 
2318808360033;0.38485;0.00936778;0.988746 0.144966 0.0369709 -1.33215 -0.144699 0.989427 -0.00980917 1.19118 -0.038002 0.00434911 0.999268 -0.405529 0 0 0 1 
2318808360034;0.495664;0.388265;0.951257 0.306514 0.0340595 -2.64539 -0.303829 0.950368 -0.0669996 3.94753 -0.0529054 0.0533855 0.997172 -0.733703 0 0 0 1 
2318808360035;0.329409;0.0194564;0.993535 0.104535 -0.044276 -0.827084 -0.105022 0.994431 -0.00879248 1.09561 0.0431103 0.0133856 0.998981 -1.03966 0 0 0 1 
2318808360036;0.430313;0.015134;0.90351 0.244229 -0.352167 -1.13912 -0.23226 0.969635 0.0765651 1.98551 0.360173 0.0126172 0.9328 -3.0986 0 0 0 1 
2318808360037;0.120765;0.011576;0.994124 0.0115287 -0.107633 0.0399768 -0.0244988 0.992475 -0.119971 0.473907 0.10544 0.121903 0.986926 -2.12852 0 0 0 1 
2318808360038;0.516165;0.0121032;0.976186 -0.185811 0.111961 1.84145 0.183965 0.98257 0.0266904 -1.99455 -0.114969 -0.00545776 0.993354 1.68403 0 0 0 1 
2318808360039;0.413132;0.0157264;0.972671 -0.128617 0.193308 1.10016 0.122315 0.991505 0.0442401 -0.582161 -0.197356 -0.0193866 0.98014 2.30862 0 0 0 1 
2318808360040;0.306491;0.0142362;0.989685 0.115531 -0.0847118 -0.789535 -0.101695 0.983044 0.152588 0.828634 0.100904 -0.142399 0.984653 0.312114 0 0 0 1 
2318808360041;0.475776;0.0144964;0.876018 -0.482236 -0.0063992 6.41563 0.481423 0.875177 -0.0479229 -2.60558 0.0287106 0.0389006 0.998831 -0.186113 0 0 0 1 
2318808360042;0.392346;0.0191633;0.994827 0.0424328 0.092292 -0.529063 -0.042335 0.999099 -0.00301813 0.373583 -0.0923369 -0.000904672 0.995727 1.53098 0 0 0 1 
2318808360043;0.212163;0.0117633;0.991742 0.0618202 -0.112366 -0.423442 -0.0332742 0.970182 0.240084 0.257486 0.123858 -0.234363 0.964227 1.60246 0 0 0 1 
2318808360044;0.216595;0.00519849;0.98901 0.117012 -0.0903712 -1.35699 -0.11105 0.991457 0.0684133 0.692435 0.0976044 -0.0576258 0.993556 -0.0406883 0 0 0 1 
2318808360045;0.469606;0.0136593;0.923896 0.242814 -0.295734 -1.86458 -0.324798 0.906239 -0.270623 4.09818 0.202295 0.346081 0.916136 -4.87399 0 0 0 1 
2318808360046;0.276896;0.0135851;0.999351 0.0169251 0.031783 0.0172559 -0.0167046 0.999835 -0.00719164 -0.325345 -0.0318995 0.00665605 0.999469 0.0141845 0 0 0 1 
2318808360047;0.219223;0.00859208;0.963833 -0.13652 -0.228883 2.03276 0.130969 0.990605 -0.0393428 -0.785927 0.232104 0.00794327 0.972659 -2.03147 0 0 0 1 
2318808360048;0.2746;0.0169212;0.948967 -0.0257831 0.31432 0.224548 0.00525559 0.997807 0.0659812 -0.0184504 -0.315332 -0.0609621 0.947021 3.27656 0 0 0 1 
2318808360049;0.475244;0.0112908;0.917674 -0.301888 -0.258337 4.59812 0.320955 0.946482 0.0340649 -2.18024 0.234227 -0.114175 0.965454 -1.18013 0 0 0 1 
2318808360050;0.266943;0.0156336;0.953323 -0.301821 -0.00888334 3.73018 0.301867 0.95334 0.00429791 -2.07134 0.00717165 -0.00677889 0.999951 -0.188277 0 0 0 1 
2318808360051;0.316495;0.0145549;0.976458 -0.0576235 0.207869 0.614364 0.028175 0.989474 0.141942 -0.393242 -0.21386 -0.132744 0.967803 3.74144 0 0 0 1 
2318808360052;0.442125;0.0234414;0.905031 0.391668 0.165875 -3.66858 -0.385602 0.920105 -0.0686845 3.70059 -0.179524 -0.0018003 0.983752 1.81768 0 0 0 1 
2318808360053;0.502153;0.0158436;0.999363 -0.0339496 0.0109788 1.07439 0.0322707 0.991274 0.127809 -0.467944 -0.0152221 -0.127373 0.991738 2.21132 0 0 0 1 
2318808360054;0.189299;0.0149882;0.96668 -0.255146 -0.0207279 3.11718 0.252602 0.96389 -0.0843053 -1.62763 0.0414896 0.0762603 0.996224 -1.19897 0 0 0 1 
2318808360055;0.56348;0.0107505;0.950828 0.13767 -0.27744 -0.103644 -0.170592 0.980443 -0.0981311 2.38498 0.258504 0.140635 0.955718 -3.61617 0 0 0 1 
2318808360056;0.0419399;0.00701901;0.99855 0.0509796 -0.0172915 -0.52211 -0.050944 0.998698 0.00248848 0.407696 0.0173958 -0.00160398 0.999847 -0.121025 0 0 0 1 
2318808360057;0.467263;0.0157453;0.997396 -0.0720305 -0.00361151 0.967518 0.0718865 0.99694 -0.0306987 -1.3001 0.0058117 0.0303591 0.999522 -0.874923 0 0 0 1 
2318808360058;0.291617;0.0171205;0.999926 0.00431769 0.0113903 -0.0175094 -0.00580857 0.990925 0.134292 0.489325 -0.0107071 -0.134349 0.990876 1.79792 0 0 0 1 
2318808360059;0.25976;0.00877181;0.975974 0.0235938 -0.216605 0.419206 -0.040669 0.996375 -0.0747152 0.484129 0.214057 0.0817292 0.973396 -2.36826 0 0 0 1 
2318808360060;0.11731;0.00412987;0.991588 0.0986488 0.0837991 -1.13937 -0.0940999 0.993952 -0.0566103 0.951718 -0.0888768 0.0482486 0.994873 0.22057 0 0 0 1 
2318808360062;0.468711;0.0246489;0.913636 0.400719 -0.0685114 -1.00935 -0.359767 0.875444 0.322746 2.11131 0.189309 -0.270225 0.944003 0.255034 0 0 0 1 
2318808360063;0.468392;0.0218189;0.992678 -0.120066 0.0132413 -0.394692 0.117846 0.986685 0.11209 -1.16565 -0.0265232 -0.109709 0.99361 -0.0371405 0 0 0 1 
2318808360064;0.317402;0.0276737;0.946886 0.321519 0.00573594 -0.521728 -0.32151 0.946903 -0.00241275 1.93958 -0.00620712 0.000440443 0.999981 -0.366089 0 0 0 1 
2318808360065;0.263432;0.0225614;0.973552 -0.217018 0.0714191 0.774346 0.208486 0.971732 0.110771 -1.53556 -0.0934396 -0.0929515 0.991276 1.05153 0 0 0 1 
2318808360066;0.238324;0.0224573;0.999508 -0.0313193 -0.00139627 -0.344914 0.0313405 0.999321 0.01939 -0.419568 0.000788041 -0.0194243 0.999811 0.155749 0 0 0 1 
2318808360067;0.429905;0.0240605;0.993229 0.0968795 -0.0641086 0.73838 -0.092845 0.993674 0.0631792 0.543762 0.0698239 -0.0567993 0.995941 -0.519205 0 0 0 1 
2318808360068;0.55967;0.0188958;0.887728 -0.142832 -0.437651 2.00604 0.223521 0.964807 0.138515 -1.51704 0.402465 -0.220788 0.888411 -2.20092 0 0 0 1 
2318808360069;0.324897;0.025151;0.997477 0.0656862 0.0269185 0.203609 -0.0662034 0.997629 0.0187933 0.0671977 -0.0256202 -0.020528 0.999461 -0.378389 0 0 0 1 
2318808360070;0.327797;0.0204904;0.995777 0.0608272 0.0687598 0.500266 -0.0573067 0.996998 -0.0520644 0.306098 -0.0717203 0.0479042 0.996274 0.0663944 0 0 0 1 
2318808360071;0.127608;0.0248685;0.989409 0.121964 0.0787021 -0.406245 -0.122773 0.99242 0.00550301 0.72953 -0.0774343 -0.0151072 0.996883 0.433188 0 0 0 1 
2318808360072;0.27755;0.0266333;0.963933 -0.258249 -0.0643468 0.73059 0.258367 0.966024 -0.00662806 -1.17527 0.0638723 -0.0102361 0.997906 -0.541476 0 0 0 1 
2318808360073;0.377754;0.0278993;0.993204 -0.0638002 0.0973421 0.0351796 0.078877 0.98398 -0.159878 0.0111549 -0.0855825 0.166469 0.982326 -0.705803 0 0 0 1 
2318808360074;0.367604;0.0205796;0.886032 -0.463453 -0.0125881 1.9642 0.45869 0.88023 -0.121647 -2.23213 0.0674582 0.102009 0.992494 -0.468264 0 0 0 1 
2318808360075;0.223733;0.0305797;0.966181 -0.0157822 0.25738 0.09138 0.012629 0.999824 0.0138994 -0.29885 -0.257554 -0.0101789 0.96621 1.59263 0 0 0 1 
2318808360076;0.344651;0.0240495;0.993685 -0.11163 -0.0113943 0.842473 0.111086 0.964315 0.240325 -0.837227 -0.0158397 -0.240073 0.970626 1.25103 0 0 0 1 
2318808360077;0.167206;0.0273318;0.995318 0.0281103 0.0924729 -0.000295133 -0.0310325 0.999059 0.0303166 0.39692 -0.0915336 -0.0330443 0.995254 0.516377 0 0 0 1 
2318808360078;0.455663;0.0215056;0.925838 0.370478 0.0746373 -0.527735 -0.376172 0.922381 0.0877895 1.97926 -0.0363199 -0.109355 0.993339 -0.164374 0 0 0 1 
2318808360079;0.349782;0.0266908;0.990674 0.0807637 0.109735 -0.1862 -0.096515 0.984449 0.146782 0.481398 -0.0961742 -0.156005 0.983063 1.72417 0 0 0 1 
2318808360080;0.31557;0.147688;0.992654 0.0432226 -0.113005 -0.00355291 -0.0215774 0.982281 0.186168 -0.146334 0.119049 -0.182362 0.975998 -0.173406 0 0 0 1 
2318808360081;0.265138;0.0142463;0.994045 0.0765437 -0.0775573 -0.0732628 -0.0930185 0.966787 -0.238058 1.13506 0.0567595 0.243854 0.96815 -0.766668 0 0 0 1 
2318808360082;0.291619;0.0180134;0.980417 0.130349 -0.147622 0.00237733 -0.169738 0.939415 -0.297806 1.5943 0.0998598 0.317031 0.943143 -1.46378 0 0 0 1 
2318808360083;0.406111;0.0212842;0.9896 -0.142924 0.016292 -0.0245379 0.141267 0.986946 0.0773386 -0.951692 -0.0271328 -0.0742327 0.996872 -0.371374 0 0 0 1 
2318808360084;0.25521;0.0269063;0.999482 0.029999 -0.0116501 0.122801 -0.0321584 0.944827 -0.325989 0.77777 0.00122801 0.326194 0.945302 -0.924529 0 0 0 1 
2318808360085;0.097134;0.0275266;0.999356 -0.0113199 0.0340611 -0.00794598 0.0103282 0.999522 0.0291501 -0.0450109 -0.0343748 -0.0287795 0.998995 0.447627 0 0 0 1 
2318808360086;0.630308;0.281472;0.984286 0.0631757 -0.164894 0.295965 -0.0246307 0.9738 0.226066 -0.441219 0.174855 -0.218453 0.960054 -0.839396 0 0 0 1 
2318808360087;0.164964;0.0272818;0.988691 0.146275 0.0330798 -0.314599 -0.142262 0.984581 -0.101793 1.06212 -0.0474595 0.0959355 0.994255 -0.0181315 0 0 0 1 
2318808360088;0.426784;0.0236825;0.92269 0.208058 0.324584 -0.27841 -0.141011 0.965675 -0.218146 1.08255 -0.358829 0.155511 0.920357 2.2054 0 0 0 1 
2318808360089;0.0156956;0.0178927;0.999885 -0.0132795 -0.0073841 0.0660332 0.013418 0.999729 0.0190256 -0.132315 0.00712945 -0.0191224 0.999792 0.0114355 0 0 0 1 
2318808360090;0.105965;0.0216489;0.999863 0.00540576 -0.0156362 -0.137915 -0.00552135 0.999958 -0.00735904 0.156015 0.0155958 0.00744437 0.999851 -0.0386349 0 0 0 1 
2318808360091;0.471367;0.0227411;0.940877 -0.0861755 -0.327604 0.9385 0.0105852 0.974108 -0.225836 0.871976 0.338584 0.209016 0.917428 -2.8128 0 0 0 1 
2318808360093;0.358587;0.0112508;0.994173 0.0934256 0.0537817 -0.14492 -0.0942292 0.995471 0.0125991 0.94508 -0.052361 -0.0175934 0.998473 -0.459684 0 0 0 1 
2318808360094;0.104341;0.0185784;0.996948 0.0765757 0.0151826 0.101817 -0.0760324 0.996539 -0.0336115 0.319222 -0.0177038 0.0323546 0.99932 0.202547 0 0 0 1 
2318808360095;0.369651;0.0192178;0.956037 -0.293246 -3.54261e-05 0.459079 0.293107 0.955589 -0.0306154 -1.24514 0.00901168 0.0292591 0.999531 -0.694819 0 0 0 1 
2318808360096;0.316121;0.011926;0.999512 0.0311221 0.00258799 0.683679 -0.0311535 0.999428 0.0131626 0.29441 -0.00217686 -0.0132368 0.99991 0.394974 0 0 0 1 
2318808360097;0.369151;0.00992245;0.911371 0.286195 0.295796 0.138306 -0.275119 0.958129 -0.0793651 1.1281 -0.306124 -0.00904804 0.951949 1.13259 0 0 0 1 
2318808360098;0.287285;0.0173009;0.953059 -0.301894 0.0232147 0.100521 0.300708 0.9527 0.044023 -1.57026 -0.0354069 -0.0349757 0.998761 -0.0874131 0 0 0 1 
2318808360099;0.367143;0.0213837;0.930579 -0.365286 0.0242683 0.512838 0.365545 0.930767 -0.00710142 -2.31462 -0.0199941 0.0154796 0.99968 -0.152675 0 0 0 1 
2318808360100;0.403666;0.0182705;0.989918 -0.137084 -0.0356397 0.950419 0.13972 0.986376 0.0868435 -0.672413 0.0232493 -0.0909476 0.995584 -0.514884 0 0 0 1 
2318808360101;0.302239;0.0161566;0.9424 -0.160796 0.293305 -0.21188 0.174768 0.984366 -0.0218841 -0.892708 -0.2852 0.0718838 0.955769 1.48419 0 0 0 1 
2318808360102;0.281834;0.0146999;0.988426 0.151393 -0.00973818 0.143233 -0.143251 0.952542 0.268593 0.152992 0.0499391 -0.264089 0.963205 -0.292087 0 0 0 1 
2318808360103;0.378578;0.00976777;0.934574 0.192986 -0.298878 0.7743 -0.110421 0.955947 0.271979 0.134515 0.338199 -0.221182 0.914713 -1.48975 0 0 0 1 
2318808360104;0.557659;0.0270418;0.878093 -0.476959 -0.0382446 0.301394 0.474988 0.87853 -0.0507159 -2.25992 0.0577884 0.0263676 0.997981 -1.08456 0 0 0 1 
2318808360105;0.460355;0.212636;0.976732 -0.212516 0.0288383 -0.0243704 0.211048 0.976349 0.0469139 -1.27305 -0.0381262 -0.0397361 0.998483 -0.481577 0 0 0 1 
2318808360106;0.53681;0.0200027;0.925679 -0.0770414 -0.370381 1.40449 0.0713107 0.997028 -0.0291635 0.417774 0.371527 0.000583919 0.928422 -1.51103 0 0 0 1 
2318808360107;0.116161;0.0134592;0.992699 -0.0143215 0.119769 -0.0606898 0.0259082 0.995068 -0.0957527 -0.0426315 -0.117806 0.0981565 0.988174 0.713471 0 0 0 1 
2318808360108;0.426496;0.0106114;0.972269 0.233639 0.0102603 0.726296 -0.233176 0.971838 -0.0340448 1.189 -0.0179255 0.0307083 0.999368 -0.563666 0 0 0 1 
2318808360109;0.361092;0.0153678;0.990036 0.137433 0.0306837 -0.84427 -0.136011 0.98971 -0.0444351 1.05745 -0.0364749 0.039819 0.998541 0.00437126 0 0 0 1 
2318808360110;0.188673;0.0203399;0.991557 -0.0291745 -0.126347 0.419814 0.0184414 0.996185 -0.0853005 0.190827 0.128354 0.0822503 0.988312 -0.747678 0 0 0 1 
2318808360111;0.302097;0.0155537;0.978623 0.177042 -0.104661 -0.392738 -0.146167 0.95672 0.251641 0.620158 0.144682 -0.230963 0.962145 -0.535175 0 0 0 1 
2318808360112;0.226828;0.0201955;0.96236 -0.256408 -0.0901049 0.501973 0.259318 0.96554 0.0220347 -1.27656 0.08135 -0.0445711 0.995688 -0.336301 0 0 0 1 
2318808360113;0.311079;0.0170578;0.918679 -0.327092 -0.221449 0.584789 0.269619 0.928968 -0.253624 -1.08402 0.288678 0.173292 0.941613 -1.39058 0 0 0 1 
2318808360114;0.267587;0.00879723;0.9899 -0.0458681 0.134143 -0.0365747 0.0451703 0.998945 0.00824208 0.0852452 -0.13438 -0.00209955 0.990928 1.24184 0 0 0 1 
2318808360115;0.283003;0.018383;0.994421 -0.105123 0.00867742 -0.0786558 0.0983114 0.953503 0.284896 -0.90646 -0.0382231 -0.282454 0.958519 0.773211 0 0 0 1 
2318808360116;0.15967;0.0155763;0.999908 0.00529078 0.012525 0.197764 -0.00526545 0.999984 -0.00205428 0.0420854 -0.0125357 0.00198814 0.999919 -0.258529 0 0 0 1 
2318808360117;0.274094;0.0204346;0.967681 0.169591 -0.186633 0.544836 -0.201272 0.965292 -0.166436 1.27311 0.151929 0.198621 0.968229 -0.896851 0 0 0 1 
2318808360118;0.309171;0.00886968;0.9956 -0.0576108 0.0739059 0.202194 0.0654108 0.992011 -0.107873 -0.0352932 -0.0671008 0.112232 0.991414 0.992391 0 0 0 1 
2318808360119;0.136528;0.0158856;0.99979 0.00520452 -0.019804 -0.0135467 -0.00160322 0.984087 0.177683 -0.193679 0.0204136 -0.177614 0.983889 0.16249 0 0 0 1 
2318808360120;0.394337;0.0166436;0.964592 -0.263592 0.00903236 0.362423 0.263706 0.964481 -0.0153459 -1.2826 -0.00466647 0.0171845 0.999841 -0.771343 0 0 0 1 
2318808360121;0.407083;0.264681;0.986618 -0.140126 0.0833634 -0.094351 0.143365 0.989079 -0.0341929 -0.64131 -0.0776617 0.0456867 0.995932 -0.0106637 0 0 0 1 
2318808360122;0.325576;0.0199028;0.96492 0.0215112 -0.26166 0.842512 -0.0076023 0.998509 0.0540531 -0.0547613 0.262432 -0.0501678 0.963645 -0.936867 0 0 0 1 
2318808360124;0.330187;0.0305297;0.952063 -0.165329 0.257375 1.63882 0.117163 0.974288 0.192448 -1.11085 -0.282575 -0.153068 0.946954 3.43177 0 0 0 1 
2318808360125;0.152771;0.0340503;0.988599 -0.150558 -0.00186151 1.50635 0.150567 0.988427 0.0184835 -1.21882 -0.000942869 -0.018553 0.999827 0.276175 0 0 0 1 
2318808360126;0.0910746;0.0306075;0.998233 0.00728315 -0.0589811 -0.153417 -0.00884575 0.999616 -0.0262755 0.176829 0.0587671 0.0267508 0.997913 -0.767261 0 0 0 1 
2318808360127;0.146509;0.0306269;0.992659 -0.111013 0.0480052 1.03801 0.108748 0.992936 0.047462 -0.836806 -0.0529349 -0.0418931 0.997719 1.00314 0 0 0 1 
2318808360128;0.288596;0.0430548;0.943671 0.127342 -0.305399 -0.474718 -0.153487 0.986135 -0.0630815 1.38011 0.293132 0.106403 0.950133 -3.25767 0 0 0 1 
2318808360129;0.489639;0.0500087;0.980311 -0.136603 -0.142585 2.06008 0.0700816 0.915777 -0.395527 1.15677 0.184606 0.377747 0.907319 -5.22032 0 0 0 1 
2318808360130;0.532869;0.353682;0.952181 -0.14597 0.268411 0.75978 0.0852905 0.970559 0.225255 -1.03707 -0.293389 -0.191591 0.936598 4.58271 0 0 0 1 
2318808360131;0.255773;0.0357385;0.998081 -0.0161892 0.0597692 -0.0726976 0.0103937 0.995324 0.0960319 -0.20669 -0.0610444 -0.0952263 0.993582 0.913752 0 0 0 1 
2318808360132;0.368015;0.326691;0.987856 0.119405 0.0994165 -1.563 -0.106425 0.986181 -0.126965 1.03027 -0.113203 0.114843 0.986912 -0.215079 0 0 0 1 
2318808360133;0.203483;0.0385839;0.987902 0.130918 -0.0831216 -1.12119 -0.116121 0.979763 0.163035 0.801972 0.102784 -0.15141 0.983113 0.571297 0 0 0 1 
2318808360134;0.215895;0.0356586;0.99761 -0.0237908 -0.064865 0.582962 0.0214512 0.999102 -0.0365287 -0.253432 0.0656758 0.03505 0.997225 -0.666627 0 0 0 1 
2318808360135;0.357096;0.0465792;0.958482 0.0834387 -0.272673 -0.0910015 -0.0888996 0.996011 -0.00771198 1.02298 0.270942 0.0316323 0.962076 -2.07905 0 0 0 1 
2318808360136;0.39267;0.0331821;0.989741 -0.0912349 0.109946 0.863001 0.105802 0.985193 -0.134911 -0.0845974 -0.0960092 0.14516 0.984739 -0.187667 0 0 0 1 
2318808360137;0.205186;0.0348172;0.983384 -0.0160309 -0.180827 0.62021 0.0215183 0.999364 0.0284254 -0.210125 0.180257 -0.0318442 0.983104 -1.09498 0 0 0 1 
2318808360138;0.524941;0.0418662;0.984646 -0.166379 0.0528226 1.34739 0.165966 0.986057 0.0121521 -1.38075 -0.0541079 -0.00319876 0.99853 -0.518406 0 0 0 1 
2318808360139;0.224459;0.0310861;0.991955 0.119949 -0.0404686 -1.16248 -0.12602 0.966011 -0.225704 1.70846 0.01202 0.228988 0.973355 -2.31751 0 0 0 1 
2318808360140;0.242736;0.043583;0.991955 0.0616799 0.110546 -0.795953 -0.052068 0.994774 -0.0878224 0.647348 -0.115386 0.0813599 0.989983 -0.297979 0 0 0 1 
2318808360141;0.27546;0.0398309;0.96828 0.237085 0.0788959 -2.03801 -0.233081 0.970802 -0.0567193 2.23559 -0.0900396 0.036531 0.995268 0.0450952 0 0 0 1 
2318808360142;0.19755;0.0448205;0.993388 -0.102703 0.0512985 0.869528 0.102356 0.994704 0.00934146 -0.620865 -0.0519862 -0.00402898 0.99864 0.124873 0 0 0 1 
2318808360143;0.359468;0.0337545;0.972506 -0.0743771 -0.22068 1.05872 0.0794144 0.996743 0.0140299 -0.670357 0.218918 -0.0311694 0.975245 -0.764016 0 0 0 1 
2318808360144;0.260225;0.0395887;0.982107 -0.180536 0.0535933 1.59378 0.185824 0.975208 -0.120158 -0.978715 -0.030572 0.127967 0.991307 -1.31779 0 0 0 1 
2318808360145;0.465801;0.0331302;0.907206 -0.231335 0.351371 2.60635 0.248791 0.968546 -0.00468478 -1.56319 -0.339235 0.0916683 0.936224 2.38652 0 0 0 1 
2318808360146;0.208847;0.0422111;0.984003 -0.178058 0.00576579 1.79767 0.17433 0.955724 -0.237067 -0.560349 0.0367011 0.23428 0.971476 -2.69814 0 0 0 1 
2318808360147;0.522631;0.024764;0.948955 0.252002 0.189685 -2.71288 -0.221345 0.960493 -0.1687 2.44001 -0.224704 0.118102 0.967244 -0.176168 0 0 0 1 
2318808360148;0.348601;0.0439777;0.960133 0.188107 0.206783 -1.92102 -0.218195 0.966699 0.133729 1.93531 -0.174742 -0.173517 0.969204 3.54314 0 0 0 1 
2318808360149;0.220362;0.0365184;0.986741 0.16064 -0.023166 -1.58288 -0.161231 0.986565 -0.0263611 1.4212 0.0186201 0.0297466 0.999384 -0.762982 0 0 0 1 
2318808360150;0.310305;0.0418833;0.997287 0.0598966 0.042783 -0.987561 -0.0623094 0.9964 0.0574852 0.471947 -0.0391859 -0.059995 0.997429 0.356704 0 0 0 1 
2318808360151;0.0639999;0.0384436;0.999452 0.0174059 -0.0281491 -0.165714 -0.01637 0.999195 0.0366224 0.0836013 0.0287639 -0.0361415 0.998933 0.176547 0 0 0 1 
2318808360152;0.508923;0.0513524;0.974963 0.222366 -1.91444e-05 -1.3379 -0.222356 0.974919 -0.00955102 1.97434 -0.00210516 0.00931615 0.999954 0.480339 0 0 0 1 
2318808360153;0.520442;0.161546;0.969156 0.243576 0.03752 -2.4042 -0.244629 0.969252 0.0265784 1.7405 -0.0298925 -0.0349371 0.998942 1.32925 0 0 0 1 
2318808360155;0.242296;0.0429915;0.967325 -0.00191762 0.25353 0.196837 0.0481269 0.983179 -0.176188 -0.0978664 -0.248928 0.182633 0.951147 0.0866228 0 0 0 1 
2318808360156;0.545461;0.0629743;0.956742 -0.246151 0.155097 2.4624 0.229094 0.965992 0.119897 -2.01986 -0.179335 -0.0791787 0.980597 1.22929 0 0 0 1 
2318808360157;0.417219;0.070517;0.959092 -0.216129 -0.182843 2.45861 0.165996 0.952529 -0.255213 -0.106334 0.229322 0.214422 0.949439 -3.41831 0 0 0 1 
2318808360158;0.428586;0.073061;0.905935 0.217256 -0.363431 -0.75491 -0.244151 0.969299 -0.0291641 2.17658 0.345937 0.115153 0.931165 -3.4102 0 0 0 1 
2318808360159;0.360686;0.0515371;0.947222 -0.170509 0.271473 1.80028 0.257632 0.908833 -0.328098 -0.652895 -0.19078 0.380722 0.904795 -2.1231 0 0 0 1 
2318808360160;0.334724;0.0536718;0.923385 0.0518807 0.380353 -0.525719 -0.0264785 0.997073 -0.0717201 0.241408 -0.382961 0.056154 0.922056 2.43086 0 0 0 1 
2318808360161;0.319806;0.292759;0.994283 0.0569306 0.0903384 -0.816897 -0.0596418 0.997838 0.0275984 -0.00755337 -0.0885719 -0.0328285 0.995529 0.900475 0 0 0 1 
2318808360162;0.00881013;0.0316936;0.999944 -0.00740272 0.0075663 0.0426811 0.00735519 0.999953 0.00629013 -0.11559 -0.00761251 -0.00623413 0.999952 0.122391 0 0 0 1 
2318808360163;0.15049;0.0492202;0.996293 0.0856199 0.00828668 -0.894565 -0.0855965 0.996325 -0.00313482 0.393268 -0.00852463 0.00241389 0.999961 0.193594 0 0 0 1 
2318808360164;0.34564;0.338844;0.998337 0.0443856 0.0367985 -0.616449 -0.0424555 0.997761 -0.0516703 0.272398 -0.0390096 0.0500221 0.997986 -0.115338 0 0 0 1 
2318808360165;0.629483;0.0416147;0.929482 -0.157736 0.333442 0.874059 0.199012 0.975549 -0.0932675 -1.8432 -0.310577 0.153049 0.938146 0.551591 0 0 0 1 
2318808360166;0.356263;0.043827;0.998079 0.055442 -0.0276468 -0.0995083 -0.0570597 0.996467 -0.0616333 0.174266 0.024132 0.0630924 0.997716 -0.297927 0 0 0 1 
2318808360167;0.348773;0.0568544;0.975482 -0.0379852 0.216778 0.143821 0.118898 0.919837 -0.373849 0.347108 -0.185199 0.390458 0.9018 -2.11165 0 0 0 1 
2318808360168;0.491205;0.0627774;0.969354 -0.115331 -0.216912 1.08112 0.143962 0.982139 0.121154 -0.785652 0.199065 -0.148668 0.968644 0.680375 0 0 0 1 
2318808360169;0.364685;0.0987561;0.999789 -0.0201085 0.0042059 0.220022 0.020174 0.999666 -0.0161628 0.144978 -0.00387949 0.0162442 0.999861 -0.676097 0 0 0 1 
2318808360170;0.293853;0.0550691;0.998836 0.0204908 0.04367 -0.50468 -0.0203672 0.999787 -0.00327334 -0.00684839 -0.0437278 0.00238009 0.999041 -0.242452 0 0 0 1 
2318808360171;0.404455;0.0598631;0.995792 0.0407409 0.0820871 -0.890264 -0.0598854 0.967324 0.24637 -0.121079 -0.0693674 -0.250249 0.965693 2.64279 0 0 0 1 
2318808360172;0.214721;0.0614284;0.987712 -0.038738 0.151411 0.255381 0.0232249 0.994419 0.102914 -0.270209 -0.154553 -0.0981326 0.983099 2.4368 0 0 0 1 
2318808360173;0.439959;0.0676687;0.996753 -0.0647447 -0.0478772 0.989876 0.0482708 0.956324 -0.288296 0.779492 0.0644517 0.285049 0.956344 -3.42807 0 0 0 1 
2318808360174;0.284722;0.0418514;0.980103 -0.13268 0.147627 1.31522 0.163487 0.961394 -0.221344 -1.01751 -0.11256 0.241075 0.963957 -1.64424 0 0 0 1 
2318808360175;0.207536;0.0330739;0.997407 -0.0579711 -0.0426559 0.533865 0.056698 0.997926 -0.030473 -0.807625 0.044334 0.0279755 0.998625 -0.696579 0 0 0 1 
2318808360176;0.417626;0.0831695;0.969253 -0.177932 -0.169965 1.67628 0.218214 0.940752 0.259555 -1.42378 0.113711 -0.288663 0.950654 1.28664 0 0 0 1 
2318808360177;0.414555;0.0642855;0.959196 -0.0623775 -0.275775 1.46517 0.0316152 0.992906 -0.114622 0.0462363 0.280968 0.101226 0.954364 -2.52809 0 0 0 1 
2318808360178;0.192544;0.0543791;0.993746 -0.109145 0.0235847 0.904625 0.109066 0.994024 0.00459097 -0.763479 -0.0239448 -0.00198997 0.999711 -0.118907 0 0 0 1 
2318808360179;0.369856;0.0941109;0.949656 0.29873 0.094412 -2.53242 -0.291438 0.952922 -0.0836843 2.63835 -0.114966 0.0519561 0.99201 0.901442 0 0 0 1 
2318808360180;0.269585;0.0496949;0.99976 0.00108736 0.0218923 -0.0734089 -0.00132667 0.999939 0.0109197 -0.0113341 -0.0218791 -0.0109461 0.999701 0.797605 0 0 0 1 
2318808360181;0.159003;0.0409593;0.998738 -0.0502287 -0.000525741 0.293504 0.0502314 0.998702 0.00849032 -0.426927 9.85997e-05 -0.00850601 0.999964 0.341292 0 0 0 1 
2318808360182;0.250033;0.0524912;0.990319 0.137944 -0.0154601 -1.6075 -0.133769 0.97817 0.159028 0.850822 0.0370597 -0.155421 0.987153 1.23417 0 0 0 1 
2318808360183;0.583654;0.0779044;0.941283 -0.326581 -0.0856189 3.7301 0.330317 0.943277 0.0334639 -1.93448 0.0698336 -0.0597804 0.995766 -0.885394 0 0 0 1 
2318808360184;0.254669;0.0765154;0.990666 0.136099 -0.00766939 -1.11265 -0.135918 0.990506 0.0205756 1.05694 0.0103969 -0.0193412 0.999759 0.490516 0 0 0 1 
2318808360186;0.32371;0.0184853;0.926174 -0.00557442 -0.377055 0.437545 -0.0262301 0.996517 -0.0791626 0.146875 0.376183 0.0832086 0.922802 -2.57235 0 0 0 1 
2318808360187;0.391738;0.0229559;0.92398 -0.349572 -0.155115 1.4094 0.380428 0.881685 0.279118 -1.79484 0.0391907 -0.316909 0.947646 0.451999 0 0 0 1 
2318808360188;0.250929;0.0227449;0.96448 -0.264141 0.00296929 0.9953 0.257582 0.942906 0.211137 -1.53903 -0.0585697 -0.202873 0.977452 0.823042 0 0 0 1 
2318808360189;0.35413;0.0202322;0.94509 0.243625 -0.217834 0.0503591 -0.194398 0.954881 0.224527 1.16655 0.262706 -0.169852 0.949808 -0.687549 0 0 0 1 
2318808360190;0.38404;0.0280902;0.972159 0.0883016 0.217049 -0.578217 -0.0777212 0.995354 -0.0568261 0.539328 -0.221059 0.0383747 0.974505 0.479372 0 0 0 1 
2318808360191;0.142007;0.0232816;0.994102 -0.0636003 0.0878472 0.307334 0.0611654 0.997673 0.0301388 -0.400845 -0.0895596 -0.0245879 0.995678 0.391788 0 0 0 1 
2318808360192;0.308225;0.0208423;0.997934 -0.0460394 0.0448181 -0.587928 0.0475088 0.998349 -0.0322915 -0.211283 -0.0432574 0.0343541 0.998473 0.175822 0 0 0 1 
2318808360193;0.19468;0.0286661;0.98752 0.0841429 -0.13313 -0.111863 -0.0746597 0.994408 0.0746966 0.616488 0.138671 -0.063825 0.98828 -0.689774 0 0 0 1 
2318808360194;0.35362;0.0163527;0.995023 -0.0306473 0.0948201 -0.185198 0.028949 0.999396 0.0192351 -0.834493 -0.0953523 -0.0163944 0.995309 0.188931 0 0 0 1 
2318808360195;0.220312;0.0293322;0.994311 -0.106165 0.00867397 0.347122 0.104288 0.986835 0.123615 -0.653055 -0.0216833 -0.122007 0.992292 0.0966197 0 0 0 1 
2318808360196;0.321597;0.0267964;0.995349 0.047548 0.0837863 -0.472473 -0.0423205 0.99711 -0.0630998 0.611261 -0.0865444 0.0592604 0.994484 0.898391 0 0 0 1 
2318808360197;0.117422;0.022721;0.999782 -0.00916505 0.0187438 0.173303 0.00871061 0.99967 0.0241843 -0.095691 -0.0189592 -0.0240158 0.999532 0.39389 0 0 0 1 
2318808360198;0.145591;0.0159017;0.996148 -0.0711537 -0.0512507 0.131716 0.0707368 0.997446 -0.00990566 -0.456842 0.0518246 0.00624219 0.998637 -0.556939 0 0 0 1 
2318808360199;0.334769;0.0208988;0.999983 -0.00412625 -0.00413472 -0.224819 0.00409139 0.999956 -0.00840439 -0.0499317 0.00416921 0.00838733 0.999956 0.689231 0 0 0 1 
2318808360200;0.307694;0.0252124;0.968927 0.245735 -0.0281888 -0.310492 -0.243757 0.96799 0.0598213 1.87182 0.0419866 -0.0510913 0.997811 0.0734431 0 0 0 1 
2318808360201;0.28708;0.021127;0.994654 -0.103132 0.00516183 0.856929 0.103171 0.994631 -0.00800616 -0.518925 -0.00430843 0.00849591 0.999955 0.325487 0 0 0 1 
2318808360202;0.140274;0.0153395;0.99088 0.134656 -0.00502424 -0.276229 -0.134731 0.99067 -0.0205261 0.884572 0.0022134 0.0210158 0.999777 0.0911356 0 0 0 1 
2318808360203;0.354364;0.0167382;0.994379 0.0905437 -0.0548767 -0.218087 -0.0801802 0.982491 0.168175 -0.226894 0.069143 -0.162829 0.984229 0.595851 0 0 0 1 
2318808360204;0.41534;0.0256622;0.905862 -0.0721146 0.417388 -0.0313839 0.0161469 0.990563 0.136102 -0.383841 -0.423264 -0.11655 0.898478 2.67154 0 0 0 1 
2318808360205;0.260883;0.0145074;0.989063 -0.133298 -0.0631412 0.320015 0.129927 0.990008 -0.0547983 -1.09095 0.0698148 0.0459952 0.996499 -0.206858 0 0 0 1 
2318808360206;0.381649;0.0193942;0.902009 -0.309161 0.301328 0.914484 0.340622 0.938486 -0.0567513 -1.74018 -0.265247 0.153829 0.95183 1.20433 0 0 0 1 
2318808360207;0.376035;0.0193344;0.904005 0.298986 0.305587 -0.793298 -0.281329 0.954241 -0.101385 1.9495 -0.321916 0.00568223 0.946751 1.99045 0 0 0 1 
2318808360208;0.370049;0.0221176;0.994538 0.00905366 0.103978 -0.364852 -0.0187263 0.995543 0.0924304 -0.0524217 -0.102677 -0.0938727 0.990275 1.6487 0 0 0 1 
2318808360209;0.193142;0.017827;0.974249 0.198108 -0.107664 -0.20758 -0.197847 0.980144 0.013213 1.16031 0.108143 0.00842817 0.9941 -0.580557 0 0 0 1 
2318808360210;0.416709;0.0250353;0.948907 -0.283091 0.13941 0.976143 0.204168 0.887646 0.412796 -1.63987 -0.240605 -0.363242 0.900091 2.62138 0 0 0 1 
2318808360211;0.229662;0.0214305;0.980065 -0.191236 -0.0538708 0.744792 0.198259 0.958976 0.202631 -1.37807 0.0129104 -0.209271 0.977772 0.511362 0 0 0 1 
2318808360212;0.235303;0.0150747;0.959451 0.281343 0.0173316 -0.693344 -0.28056 0.959099 -0.037625 1.48242 -0.0272083 0.0312368 0.999142 0.0643246 0 0 0 1 
2318808360213;0.418371;0.0256789;0.970979 0.238941 0.0103914 -0.83422 -0.239074 0.970896 0.014328 1.29639 -0.00666539 -0.0163964 0.999843 0.86258 0 0 0 1 
2318808360214;0.104638;0.0212555;0.993801 0.111138 -0.00289903 -0.246641 -0.110964 0.993177 0.0358724 0.536839 0.00686604 -0.0353284 0.999352 -0.00629105 0 0 0 1 
2318808360215;0.379457;0.0211724;0.922904 -0.0084812 -0.384937 1.04281 -0.0879561 0.968678 -0.232221 0.910048 0.374849 0.248176 0.893251 -2.54083 0 0 0 1 
2318808360217;0.475077;0.0254292;0.87769 0.231939 -0.419361 -0.0159637 -0.2736 0.960964 -0.0411347 1.89889 0.39345 0.150841 0.906887 -2.92786 0 0 0 1 
2318808360218;0.538469;0.0425932;0.943647 -0.328282 -0.0419574 2.60102 0.330715 0.930566 0.157077 -1.79697 -0.0125216 -0.162102 0.986695 1.80226 0 0 0 1 
2318808360219;0.26223;0.0452662;0.97673 -0.0578207 -0.206533 0.540856 0.0700166 0.996177 0.0522319 -0.253522 0.202723 -0.0654772 0.977044 -1.17513 0 0 0 1 
2318808360220;0.178884;0.0444279;0.995096 0.074949 0.0645441 -0.526855 -0.0676872 0.991826 -0.10816 0.641424 -0.0721231 0.103261 0.992036 0.000330863 0 0 0 1 
2318808360221;0.32248;0.0342842;0.92676 -0.303228 0.22174 1.91575 0.294937 0.952918 0.0704214 -1.71678 -0.232653 0.0001355 0.97256 1.39784 0 0 0 1 
2318808360222;0.547442;0.340885;0.995782 0.083623 -0.0377483 -0.643416 -0.0878587 0.987645 -0.129761 0.448475 0.026431 0.13253 0.990827 -0.605299 0 0 0 1 
2318808360223;0.279763;0.0516676;0.942806 0.327786 0.0606118 -1.59558 -0.329546 0.943895 0.0214811 2.27192 -0.05017 -0.0402269 0.99793 0.364649 0 0 0 1 
2318808360224;0.19078;0.0504448;0.987223 -0.157571 0.0237117 0.962224 0.158852 0.984909 -0.0687043 -0.719613 -0.0125281 0.0715931 0.997355 -0.519386 0 0 0 1 
2318808360225;0.382191;0.0406448;0.940614 0.339465 0.00280926 -1.6063 -0.333002 0.924251 -0.186735 2.713 -0.0659865 0.17471 0.982406 -1.02973 0 0 0 1 
2318808360226;0.232462;0.0452743;0.980594 -0.19459 -0.0238921 1.24891 0.195818 0.966175 0.167813 -1.0958 -0.00957067 -0.169234 0.985529 1.23817 0 0 0 1 
2318808360227;0.121258;0.0385509;0.999967 -0.00346034 -0.00728704 0.0618224 0.00355367 0.999911 0.0128345 -0.0848469 0.00724198 -0.01286 0.999891 -0.230371 0 0 0 1 
2318808360228;0.342472;0.295132;0.99772 0.0601797 -0.0305597 -0.328096 -0.0625908 0.994389 -0.0852764 0.449625 0.0252563 0.0869947 0.995889 -0.670195 0 0 0 1 
2318808360229;0.411101;0.0432367;0.985331 0.00149519 0.17065 -0.428444 0.0175953 0.993742 -0.110302 -0.021735 -0.169747 0.111686 0.979138 0.97955 0 0 0 1 
2318808360230;0.270984;0.0386596;0.942295 -0.333939 -0.0237538 2.39694 0.332051 0.941296 -0.0608556 -1.6423 0.0426814 0.0494565 0.997864 -0.708131 0 0 0 1 
2318808360231;0.448163;0.0250927;0.995523 -0.0269606 -0.090589 -0.357571 -0.0137353 0.907011 -0.420883 0.98529 0.0935125 0.420243 0.90258 -3.04522 0 0 0 1 
2318808360232;0.480703;0.0344678;0.993152 -0.106423 -0.0482075 0.943168 0.104417 0.993629 -0.0423997 -0.467769 0.0524127 0.0370757 0.997937 -1.42766 0 0 0 1 
2318808360233;0.538633;0.0509505;0.980709 0.171108 0.0945046 -1.22201 -0.122559 0.914893 -0.384642 2.22679 -0.152277 0.365639 0.918215 -1.22672 0 0 0 1 
2318808360234;0.46577;0.0630516;0.998316 -0.057913 0.0032545 0.403521 0.0578959 0.998309 0.00513352 0.423751 -0.0035463 -0.00493645 0.999982 0.144158 0 0 0 1 
2318808360235;0.501727;0.0258523;0.998317 0.0397545 -0.0422283 -0.16228 -0.0387709 0.998963 0.023863 0.142443 0.0431332 -0.0221856 0.998823 -1.1194 0 0 0 1 
2318808360236;0.219286;0.0260175;0.974444 0.192043 -0.116529 -0.785456 -0.192887 0.981212 0.00409512 1.3351 0.115126 0.0184866 0.993179 -1.06326 0 0 0 1 
2318808360237;0.1427;0.041288;0.997791 -0.0631424 -0.0206466 0.330449 0.0621115 0.99695 -0.0472509 -0.321334 0.0235671 0.0458641 0.99867 -0.639265 0 0 0 1 
2318808360238;0.478527;0.0258792;0.900324 -0.150046 -0.408537 2.17708 0.0553368 0.970539 -0.234505 0.263982 0.431687 0.188524 0.882103 -4.11369 0 0 0 1 
2318808360239;0.07712;0.017269;0.998908 0.0247052 -0.0396514 -0.122038 -0.0257464 0.999331 -0.0259647 0.17338 0.0389834 0.0269572 0.998876 -0.542024 0 0 0 1 
2318808360240;0.277432;0.0502664;0.969625 0.0350695 0.24207 -0.325091 -0.0645074 0.991295 0.114775 0.148288 -0.235938 -0.126904 0.963446 2.41175 0 0 0 1 
2318808360241;0.414755;0.0293326;0.904117 0.200731 -0.3772 0.0710997 -0.157922 0.977256 0.141531 0.901006 0.39703 -0.0683922 0.915254 -1.95138 0 0 0 1 
2318808360242;0.207147;0.034546;0.988205 -0.151803 -0.0201595 1.10776 0.152279 0.988029 0.0246861 -1.22338 0.0161708 -0.0274648 0.999492 0.0844846 0 0 0 1 
2318808360243;0.526989;0.512461;0.99993 -0.0118108 9.37234e-05 0.0989938 0.0117767 0.997584 0.0684597 -0.311917 -0.000902064 -0.0684538 0.997654 0.255808 0 0 0 1 
2318808360244;0.293823;0.0419237;0.996589 0.0694345 0.0445983 -0.34069 -0.0737461 0.991872 0.103692 0.332012 -0.037036 -0.106627 0.993609 1.36119 0 0 0 1 
2318808360245;0.161157;0.0427161;0.999127 -0.0415535 -0.0042312 0.315851 0.0414702 0.998975 -0.0181631 -0.367093 0.0049816 0.0179718 0.999826 -0.447282 0 0 0 1 
2318808360246;0.48133;0.0494326;0.950851 -0.0111794 0.309447 0.101279 -0.0504768 0.980385 0.19052 -0.35418 -0.305507 -0.196776 0.931635 2.59448 0 0 0 1 
2318808360248;0.277285;0.0305887;0.999812 -0.01935 -0.00095429 0.0259179 0.019365 0.99962 0.0196039 0.222442 0.000574593 -0.0196187 0.999807 0.558687 0 0 0 1 
2318808360249;0.346523;0.04042;0.930278 0.332103 0.155855 0.0226158 -0.354387 0.923349 0.147771 1.59452 -0.0948334 -0.192701 0.976664 0.829168 0 0 0 1 
2318808360250;0.347649;0.0207426;0.95933 -0.198905 0.200305 0.0731561 0.208087 0.977774 -0.0256613 -1.68018 -0.190749 0.0662985 0.979397 1.24621 0 0 0 1 
2318808360251;0.136295;0.0315895;0.997966 0.0214941 -0.060012 0.0080975 -0.0136368 0.991629 0.128394 -0.0987005 0.0622694 -0.127315 0.989906 -0.505562 0 0 0 1 
2318808360252;0.263745;0.0220857;0.944063 -0.316188 -0.0936482 0.5626 0.32241 0.944649 0.0607424 -1.73453 0.0692587 -0.0875377 0.993751 -0.266976 0 0 0 1 
2318808360253;0.38952;0.0210346;0.94308 -0.326235 0.0645825 -0.322221 0.326602 0.945148 0.00508341 -1.85066 -0.0626984 0.0162987 0.997899 0.325803 0 0 0 1 
2318808360254;0.304973;0.0191754;0.993763 -0.110677 0.0136136 0.648785 0.110436 0.993732 0.0173513 -0.462704 -0.0154486 -0.0157397 0.999757 -0.397414 0 0 0 1 
2318808360255;0.467336;0.0277646;0.920975 -0.385136 -0.0589546 0.514739 0.386339 0.922301 0.0101172 -1.78742 0.0504774 -0.0320941 0.998209 0.534176 0 0 0 1 
2318808360256;0.501332;0.094657;0.99457 0.104024 -0.00312641 -0.18851 -0.0956059 0.925126 0.367424 -0.559063 0.0411133 -0.36513 0.930048 0.261751 0 0 0 1 
2318808360257;0.448145;0.0383989;0.888216 0.414901 0.197306 0.769726 -0.43235 0.900116 0.0535286 1.83111 -0.155389 -0.13285 0.978879 0.712342 0 0 0 1 
2318808360258;0.160463;0.0225647;0.987324 -0.124496 -0.0984449 0.322358 0.126886 0.991747 0.0183765 -0.656101 0.0953446 -0.0306348 0.994973 -0.684087 0 0 0 1 
2318808360259;0.461634;0.0367286;0.900729 0.39882 -0.172133 0.113572 -0.363484 0.908984 0.204028 2.31514 0.237837 -0.121207 0.963713 -1.09863 0 0 0 1 
2318808360260;0.337574;0.0337028;0.937586 0.325922 -0.121276 0.296556 -0.343264 0.923237 -0.172635 2.23476 0.0557013 0.20349 0.977491 -0.494031 0 0 0 1 
