#;prob_registration_l1 -r /home/probabilistic_point_clouds_registration/build/tester /home/point_clouds_registration_benchmark//devel/registration_pairs/apartment_local.txt /home/point_clouds_registration_benchmark//eth/apartment -s 0.2 -t 0.2 -p 0.3 -r 1000 -m 10 -i 40 
id;initial_error;final_error;transformation
13001298760000;0.820981;1.00861;0.872307 -0.464395 0.15303 -0.462018 0.457208 0.885628 0.081387 -3.01914 -0.173323 -0.00102783 0.984864 0.341081 0 0 0 1 
13001298760001;0.68771;0.820865;0.951173 -0.308112 -0.0183312 0.132952 0.308594 0.948106 0.0765762 -1.94503 -0.00621408 -0.0784942 0.996895 0.517747 0 0 0 1 
13001298760002;0.636186;0.325572;0.99779 0.0592914 0.0299863 -0.110916 -0.0642854 0.975557 0.210135 -0.249256 -0.0167942 -0.211598 0.977212 -0.377858 0 0 0 1 
13001298760003;0.411513;0.89366;0.948596 -0.312069 0.0527067 0.161095 0.311735 0.950056 0.014658 -1.83222 -0.0546486 0.00252599 0.998502 -0.207144 0 0 0 1 
13001298760004;0.857932;1.1202;0.911566 -0.378728 -0.160038 0.271485 0.363835 0.924332 -0.11504 -2.0821 0.191497 0.0466393 0.980384 0.353644 0 0 0 1 
13001298760005;0.460674;1.12245;0.884647 -0.462278 0.0608087 0.123841 0.459676 0.886546 0.0522868 -2.36101 -0.0780808 -0.0183031 0.996779 0.471843 0 0 0 1 
13001298760006;0.655521;0.507691;0.955322 0.295566 -0.000122791 -0.143073 -0.2954 0.954797 0.0331972 0.752123 0.00992922 -0.0316778 0.999449 0.170411 0 0 0 1 
13001298760007;0.308888;0.343332;0.89526 0.286166 0.341496 0.188699 -0.348001 0.927739 0.13489 0.597315 -0.278218 -0.239603 0.930153 0.85399 0 0 0 1 
13001298760008;0.466988;0.299883;0.95835 0.279631 0.0580682 -0.0628814 -0.279275 0.960104 -0.0143199 0.232916 -0.0597558 -0.00249353 0.99821 -0.12634 0 0 0 1 
13001298760009;0.423945;0.468885;0.954855 0.270732 0.122292 -0.0772336 -0.254253 0.95768 -0.134925 0.472095 -0.153645 0.0977406 0.98328 -0.0425651 0 0 0 1 
13001298760010;0.258498;0.341871;0.978118 0.206005 -0.0291115 0.212687 -0.207408 0.976496 -0.0586313 0.588969 0.0163489 0.0633863 0.997855 0.0458089 0 0 0 1 
13001298760011;0.784351;1.04302;0.999128 0.0382902 -0.0166641 -0.188234 -0.0321087 0.959553 0.27969 -1.15086 0.0266995 -0.278911 0.959946 -0.721336 0 0 0 1 
13001298760012;0.622128;0.256536;0.979998 0.198856 -0.0077508 0.207376 -0.198843 0.980028 0.00239711 -0.134915 0.00807268 -0.000807967 0.999967 0.248428 0 0 0 1 
13001298760013;0.398004;0.430501;0.912577 0.390469 0.121396 0.365339 -0.372418 0.916261 -0.147545 0.815228 -0.168842 0.0894366 0.981577 0.714923 0 0 0 1 
13001298760014;0.755219;0.996607;0.990368 0.0910817 -0.104288 0.393989 -0.0761412 0.987329 0.139228 -0.656954 0.115647 -0.129947 0.984754 -1.07316 0 0 0 1 
13001298760015;0.388158;0.77685;0.994177 0.0787782 -0.0735288 0.0220009 -0.0794394 0.996821 -0.00610767 -0.257831 0.0728139 0.0119132 0.997274 -0.00734497 0 0 0 1 
13001298760016;0.851768;0.968783;0.998232 -0.0592149 0.00516445 0.172318 0.0594359 0.995382 -0.0753736 -0.499809 -0.000677365 0.0755473 0.997142 0.668159 0 0 0 1 
13001298760017;0.399547;0.309956;0.942875 0.332176 -0.0254201 0.522672 -0.33298 0.942072 -0.0403029 0.673897 0.0105599 0.046465 0.998864 0.28756 0 0 0 1 
13001298760018;0.820633;0.31699;0.95208 0.303266 -0.0396748 0.11886 -0.304537 0.951989 -0.0312031 0.634383 0.0283071 0.0417903 0.998725 0.873178 0 0 0 1 
13001298760019;0.329854;0.224254;0.996031 0.0823001 -0.0339021 0.103745 -0.0810557 0.996038 0.0365794 -0.165205 0.0367782 -0.0336862 0.998756 -0.150239 0 0 0 1 
13001298760020;0.847185;0.480883;0.966935 0.254366 0.01827 0.000308764 -0.254677 0.966869 0.0174077 0.761433 -0.0132368 -0.021485 0.999682 0.758912 0 0 0 1 
13001298760021;0.886722;0.813105;0.927492 -0.270419 -0.258133 0.613657 0.275084 0.961241 -0.0185933 -1.76307 0.253156 -0.0537632 0.96593 -1.26819 0 0 0 1 
13001298760022;0.59893;0.312018;0.97475 0.202841 -0.0933714 0.130011 -0.174095 0.952184 0.25107 0.180034 0.139834 -0.228475 0.963455 -0.832313 0 0 0 1 
13001298760023;0.367247;0.235538;0.995309 0.0756564 0.0602983 -0.0725656 -0.0760981 0.997088 0.00505887 -0.171298 -0.05974 -0.00962373 0.998168 -0.0503043 0 0 0 1 
13001298760024;0.0968236;0.287858;0.983596 0.173659 0.0488063 0.075075 -0.174885 0.984342 0.0220555 0.277892 -0.044212 -0.0302292 0.998565 0.165409 0 0 0 1 
13001298760025;0.689632;0.528325;0.978209 0.13953 0.153747 -0.0195574 -0.109851 0.976197 -0.187007 0.418767 -0.176181 0.166043 0.970253 0.797437 0 0 0 1 
13001298760026;0.452516;0.88139;0.981253 -0.184448 0.0558639 -0.104555 0.183327 0.982744 0.0246212 -1.00374 -0.0594413 -0.0139183 0.998135 0.22598 0 0 0 1 
13001298760027;0.353163;1.15885;0.912008 -0.32518 0.249998 -0.046645 0.253077 0.92576 0.280927 -2.07133 -0.322791 -0.192939 0.926596 0.728556 0 0 0 1 
13001298760028;0.770166;0.439147;0.997542 -0.0464036 0.052503 -0.426072 0.0509436 0.994753 -0.088725 -0.027887 -0.0481103 0.0911816 0.994671 -0.116958 0 0 0 1 
13001298760029;0.444231;0.327789;0.918639 0.344366 0.193684 0.53614 -0.366654 0.925678 0.0931941 0.51454 -0.147197 -0.156627 0.976627 0.554488 0 0 0 1 
13001298760031;1.0814;0.538317;0.980627 0.0561782 0.187656 -0.287277 -0.0413793 0.995784 -0.0818715 0.411072 -0.191464 0.0725204 0.978817 1.0012 0 0 0 1 
13001298760032;0.762366;0.0907475;0.973309 -0.213738 -0.0835817 -0.614517 0.215993 0.976213 0.0188277 -0.698527 0.0775694 -0.0363782 0.996323 -0.748882 0 0 0 1 
13001298760033;0.562268;0.103647;0.971265 -0.213275 -0.105634 -0.605064 0.204135 0.974705 -0.0909895 -0.636218 0.122368 0.0668113 0.990233 0.0522163 0 0 0 1 
13001298760034;0.913227;0.0982747;0.983893 -0.166521 -0.0649976 -0.518544 0.132206 0.922597 -0.362404 -0.239543 0.120315 0.347974 0.929752 0.940492 0 0 0 1 
13001298760035;0.190074;0.0811547;0.989183 0.109393 -0.0977283 0.279287 -0.100858 0.990967 0.0883841 0.270675 0.106514 -0.0775713 0.991281 -0.552486 0 0 0 1 
13001298760036;1.3176;0.821455;0.999654 -0.0262949 0.00100699 -0.16816 0.025839 0.988121 0.151488 0.304866 -0.00497839 -0.151409 0.988459 -0.164866 0 0 0 1 
13001298760037;0.408209;0.0664626;0.991374 0.117754 -0.0575444 0.0995912 -0.123917 0.985139 -0.118936 0.64138 0.042684 0.12504 0.991233 0.00206257 0 0 0 1 
13001298760038;0.799177;0.0906256;0.999994 -0.00212511 -0.00268291 0.427855 0.00254672 0.985704 0.168464 -0.384017 0.00228655 -0.16847 0.985704 -0.277391 0 0 0 1 
13001298760039;0.512139;0.083953;0.999972 0.00457612 -0.00584019 -0.0199692 -0.00459679 0.999983 -0.00353091 0.00999493 0.00582394 0.00355766 0.999977 0.369899 0 0 0 1 
13001298760040;0.790161;0.125878;0.999952 0.0011535 0.00968707 0.147232 -0.0010507 0.999943 -0.010611 0.252754 -0.00969875 0.0106003 0.999897 -0.397035 0 0 0 1 
13001298760041;0.304867;0.0782194;0.984792 -0.123374 0.122324 -0.297019 0.131347 0.989556 -0.0593824 -0.194682 -0.11372 0.0745461 0.990712 0.46049 0 0 0 1 
13001298760042;0.323258;0.0860965;0.998625 0.0523783 -0.00207597 0.148184 -0.0521844 0.997113 0.0551513 -0.0258212 0.00495871 -0.0549671 0.998476 -0.0635989 0 0 0 1 
13001298760043;1.1294;0.0892577;0.942916 -0.327411 -0.0609185 -0.521582 0.330779 0.899509 0.285427 -2.01876 -0.0386552 -0.289284 0.956462 -0.773095 0 0 0 1 
13001298760044;0.672602;0.0736135;0.987383 -0.0851208 0.133527 -0.586141 0.0894315 0.995637 -0.0266144 -0.128618 -0.130679 0.0382201 0.990688 0.188773 0 0 0 1 
13001298760045;0.603165;0.348918;0.987216 0.108922 0.116367 0.2504 -0.10677 0.99398 -0.0245837 0.419951 -0.118345 0.0118449 0.992902 0.18407 0 0 0 1 
13001298760046;0.435224;0.0857604;0.903113 0.106883 -0.415888 0.768404 -0.126096 0.991838 -0.0189207 0.501954 0.410471 0.0695294 0.909219 -1.08485 0 0 0 1 
13001298760047;1.03472;0.0777654;0.998696 -0.030939 0.0406129 -0.245076 0.0200194 0.969074 0.245955 -0.517118 -0.0469666 -0.244821 0.96843 -0.975315 0 0 0 1 
13001298760048;1.38851;0.0801817;0.994716 0.0633805 0.0807677 0.193907 -0.0926402 0.893196 0.44002 -0.831834 -0.0442527 -0.445178 0.894348 -1.33827 0 0 0 1 
13001298760049;0.308211;0.0918134;0.989345 0.126289 -0.0724459 0.134986 -0.116736 0.985435 0.123652 0.196213 0.0870066 -0.113877 0.989678 -0.5033 0 0 0 1 
13001298760050;0.383404;0.0739923;0.998161 -0.0601651 0.00737433 -0.414432 0.0601691 0.998188 -0.000319798 -0.291259 -0.00734172 0.000762916 0.999973 0.0747236 0 0 0 1 
13001298760051;1.39486;0.886817;0.993767 -0.0726089 0.0845871 -0.548657 0.0802487 0.992637 -0.0907252 -0.212768 -0.0773769 0.0969478 0.992277 0.559499 0 0 0 1 
13001298760052;0.390791;0.0934718;0.999838 -0.0161794 0.00792273 -0.296606 0.0161209 0.999843 0.00739075 -0.196202 -0.00804106 -0.00726183 0.999941 0.00341152 0 0 0 1 
13001298760053;0.738841;0.785206;0.992656 0.120663 -0.00864059 0.228737 -0.118366 0.983538 0.136536 0.392056 0.0249732 -0.134511 0.990597 -0.150126 0 0 0 1 
13001298760054;0.290741;0.0770268;0.984624 -0.174438 -0.00928862 -0.438827 0.174403 0.984664 -0.00442205 -0.464757 0.00991754 0.00273409 0.999947 -0.176496 0 0 0 1 
13001298760055;0.983527;0.259495;0.966323 -0.100977 0.236693 -0.762082 0.111885 0.99317 -0.0330832 -0.431374 -0.231736 0.0584515 0.971021 1.17835 0 0 0 1 
13001298760056;0.893456;0.439868;0.998552 -0.0507302 -0.0179029 0.175891 0.0505212 0.998652 -0.0119398 -0.295652 0.0184844 0.011018 0.999768 -0.218881 0 0 0 1 
13001298760057;1.32906;0.0629318;0.996813 0.0604989 0.051999 0.53459 -0.0618198 0.997794 0.0241796 0.767725 -0.0504215 -0.0273171 0.998354 -0.513816 0 0 0 1 
13001298760058;1.04418;0.372239;0.972283 -0.176721 0.153086 -0.693366 0.174015 0.984255 0.0310026 -0.510842 -0.156154 -0.00350405 0.987726 -0.190675 0 0 0 1 
13001298760059;1.02726;0.0758709;0.997981 0.0494913 -0.0397993 0.487959 -0.0383198 0.968996 0.244087 -0.20229 0.0506456 -0.242069 0.968936 -1.20679 0 0 0 1 
13001298760060;1.18019;1.19333;0.996859 -0.0639205 -0.046758 0.214566 0.0696635 0.988559 0.133784 -0.909748 0.0376715 -0.136621 0.989907 -0.232822 0 0 0 1 
13001298760062;0.42647;0.740499;0.992677 -0.120566 0.0075293 -0.304234 0.119142 0.987439 0.103776 -0.135882 -0.0199466 -0.102119 0.994572 -0.0172225 0 0 0 1 
13001298760063;0.820769;0.654706;0.988404 -0.151833 -0.00207774 -0.0281849 0.151832 0.988017 0.0277343 -0.059405 -0.00215813 -0.0277282 0.999613 0.507672 0 0 0 1 
13001298760064;0.637796;0.713119;0.99881 0.048715 0.00241913 0.0642271 -0.0486594 0.998629 -0.0193128 0.737679 -0.00335664 0.0191721 0.999811 0.459921 0 0 0 1 
13001298760065;1.32441;0.749136;0.968503 -0.146876 -0.201069 0.168033 0.216307 0.896261 0.387205 -0.924396 0.123339 -0.418502 0.899802 -2.33327 0 0 0 1 
13001298760066;0.832986;0.700547;0.959474 -0.281629 -0.00974369 -0.351022 0.281039 0.958854 -0.0402068 -0.138144 0.0206662 0.035839 0.999144 0.240224 0 0 0 1 
13001298760067;0.500971;0.755462;0.938477 -0.343315 -0.0373616 -0.299186 0.339771 0.937272 -0.0779496 -0.829783 0.0617793 0.0604596 0.996257 -0.342276 0 0 0 1 
13001298760068;1.1413;0.712815;0.937189 -0.305598 0.168183 -0.832007 0.278146 0.945666 0.168377 -0.131064 -0.210501 -0.111022 0.971269 0.778319 0 0 0 1 
13001298760069;0.277143;0.736113;0.989585 -0.0540533 -0.133418 0.197316 0.0799127 0.977175 0.196832 -0.0198477 0.119733 -0.205444 0.971317 -0.939513 0 0 0 1 
13001298760070;1.31041;0.76874;0.987143 -0.154328 -0.0416207 -0.0633633 0.15128 0.986115 -0.0684937 -0.118062 0.0516133 0.0613167 0.996783 -0.784697 0 0 0 1 
13001298760071;0.311671;0.748212;0.859163 -0.46415 -0.215415 -0.372086 0.497197 0.856753 0.137001 -1.86419 0.120968 -0.22481 0.966865 -1.09956 0 0 0 1 
13001298760072;0.364438;0.759136;0.951001 -0.309177 -0.00273183 -0.378443 0.309089 0.950879 -0.0171187 -0.547016 0.00789037 0.0154356 0.99985 0.146593 0 0 0 1 
13001298760073;1.33186;0.679739;0.888659 -0.375763 0.262843 -0.735431 0.435615 0.870814 -0.227867 -0.684967 -0.143263 0.316995 0.937545 0.935652 0 0 0 1 
13001298760074;0.375476;0.691287;0.927194 -0.257148 -0.27237 0.0244858 0.221437 0.962755 -0.155143 -0.416831 0.30212 0.0835345 0.949603 -0.997406 0 0 0 1 
13001298760075;0.892832;0.699173;0.976465 -0.142392 0.16199 -0.0973333 0.16069 0.98129 -0.106057 -0.225722 -0.143857 0.129591 0.981077 1.47728 0 0 0 1 
13001298760076;0.49285;0.742382;0.945237 -0.32628 0.00824363 -0.74767 0.32618 0.943452 -0.0592099 -0.769234 0.0115415 0.0586563 0.998212 -0.0554989 0 0 0 1 
13001298760077;1.25077;0.751534;0.988524 -0.150762 -0.0095866 -0.564434 0.150942 0.988294 0.022171 0.266365 0.00613184 -0.0233636 0.999708 0.623602 0 0 0 1 
13001298760078;0.873453;0.790607;0.983015 -0.0975711 -0.155442 0.0542426 0.109803 0.991333 0.0721313 0.314955 0.147057 -0.0879741 0.985208 -1.24554 0 0 0 1 
13001298760079;0.135451;0.692108;0.989012 -0.132474 -0.0656239 -0.0138008 0.13169 0.991159 -0.0161491 -0.0849119 0.0671831 0.00732967 0.997714 -0.213555 0 0 0 1 
13001298760080;0.477523;0.973048;0.896981 -0.429504 0.104654 -0.473976 0.403129 0.891869 0.205079 -1.58174 -0.18142 -0.141763 0.973134 0.478681 0 0 0 1 
13001298760081;0.486196;0.669063;0.972816 0.0294963 -0.229691 0.472002 -0.021355 0.999055 0.0378505 0.2997 0.230591 -0.0319166 0.972527 -0.890741 0 0 0 1 
13001298760082;0.60999;2.04398;0.918266 -0.387114 0.0832444 -0.34145 0.395327 0.908213 -0.137351 -0.181397 -0.022433 0.159034 0.987018 0.381299 0 0 0 1 
13001298760083;0.578912;0.846656;0.862627 -0.505542 -0.0173798 -0.538013 0.481102 0.809341 0.336909 -2.06849 -0.156255 -0.298988 0.941377 -0.242038 0 0 0 1 
13001298760084;0.295038;0.755343;0.997138 0.0730378 0.0195091 0.441128 -0.0725549 0.997066 -0.0244109 0.687173 -0.0212348 0.0229256 0.999512 0.129698 0 0 0 1 
13001298760085;0.331689;0.707321;0.993475 -0.112705 -0.017451 -0.110923 0.114028 0.978753 0.170414 -0.257169 -0.00212631 -0.171292 0.985218 -0.325926 0 0 0 1 
13001298760086;0.698459;0.733523;0.975173 -0.221357 -0.00621763 -0.516909 0.22134 0.975191 -0.00338334 -0.628451 0.0068123 0.00192313 0.999975 0.388658 0 0 0 1 
13001298760087;0.67213;0.736563;0.878972 -0.327879 -0.34627 0.125989 0.326315 0.943048 -0.0646436 -0.794888 0.347745 -0.0561731 0.935905 -1.75234 0 0 0 1 
13001298760088;0.268562;0.696266;0.896179 -0.304703 -0.32252 -0.00178548 0.313921 0.949135 -0.0244166 -0.869064 0.313555 -0.0793644 0.946248 -1.27757 0 0 0 1 
13001298760089;1.15866;1.13066;0.891443 -0.44923 0.0593372 -0.901194 0.453075 0.885738 -0.100955 -1.34657 -0.00720518 0.11688 0.99312 0.918701 0 0 0 1 
13001298760090;0.714198;0.715293;0.975746 -0.210055 -0.0616204 -0.554634 0.215412 0.971441 0.0994988 -0.504662 0.0389604 -0.110359 0.993128 -0.000785469 0 0 0 1 
13001298760091;1.1529;0.721124;0.98475 -0.16363 -0.0590919 -0.256731 0.161828 0.986229 -0.0341264 -0.483773 0.0638622 0.0240433 0.997669 -0.875402 0 0 0 1 
13001298760093;1.04775;0.371445;0.910251 -0.328969 0.251442 -0.798419 0.292829 0.940789 0.170785 -1.17656 -0.292737 -0.0818281 0.952685 -0.00112707 0 0 0 1 
13001298760094;1.11373;0.243155;0.994112 -0.10289 -0.0339704 -0.0671898 0.105925 0.988836 0.1048 -0.84189 0.0228083 -0.107781 0.993913 -1.22995 0 0 0 1 
13001298760095;0.293853;0.222722;0.991971 0.0835794 0.0949088 0.320181 -0.0639121 0.978907 -0.194055 0.103178 -0.109126 0.186431 0.976389 1.09796 0 0 0 1 
13001298760096;0.895384;0.105749;0.997662 -0.0561377 0.0389817 0.548267 0.0568016 0.998255 -0.0161383 -0.607492 -0.0380077 0.0183148 0.99911 0.21353 0 0 0 1 
13001298760097;0.339617;0.197433;0.992046 -0.107935 -0.0647735 -0.0133299 0.110912 0.992844 0.0442619 -0.507653 0.0595326 -0.051094 0.996918 -0.554605 0 0 0 1 
13001298760098;0.188558;0.202252;0.989365 0.0187788 -0.144237 0.38353 -0.0151015 0.999533 0.026547 -0.0344813 0.144668 -0.0240864 0.989187 -0.612239 0 0 0 1 
13001298760099;0.958706;0.258865;0.964114 0.223397 0.143452 0.579077 -0.22058 0.974724 -0.0354545 -0.226517 -0.147746 0.0025397 0.989022 0.254363 0 0 0 1 
13001298760100;0.754489;0.283583;0.969218 0.0892074 -0.229473 0.293955 -0.148511 0.955223 -0.255918 0.252244 0.196368 0.28212 0.939068 0.703906 0 0 0 1 
13001298760101;0.427244;0.193073;0.956469 0.288344 0.0449898 1.2625 -0.289378 0.957039 0.0183296 0.528133 -0.0377718 -0.0305508 0.998819 -0.1355 0 0 0 1 
13001298760102;0.55757;0.450526;0.993969 0.100194 -0.04457 0.520084 -0.100116 0.994968 0.0039874 0.23833 0.0447453 0.000498841 0.998998 0.0168913 0 0 0 1 
13001298760103;0.502682;0.310907;0.996277 -0.0683409 -0.0525455 0.109309 0.0673663 0.997526 -0.0201013 0.129241 0.0537892 0.0164867 0.998416 -0.0225691 0 0 0 1 
13001298760104;0.301846;0.145084;0.917907 -0.396104 -0.0234077 -0.784072 0.396037 0.918203 -0.00762123 -1.43342 0.0245118 -0.00227473 0.999697 -0.0644957 0 0 0 1 
13001298760105;0.905526;0.180212;0.977418 0.157685 -0.140678 0.812712 -0.173453 0.978916 -0.107875 0.463719 0.120701 0.12984 0.984161 -0.684868 0 0 0 1 
13001298760106;0.994487;0.200886;0.936302 -0.349467 -0.0348094 -0.826285 0.343745 0.932233 -0.113057 -1.96172 0.07196 0.0938895 0.992979 0.579863 0 0 0 1 
13001298760107;0.0362635;0.135572;0.996524 -0.0745609 -0.0371681 -0.13917 0.0750438 0.997111 0.0117689 -0.295604 0.0361832 -0.0145172 0.99924 -0.132432 0 0 0 1 
13001298760108;1.01768;0.273403;0.963667 -0.224092 -0.145354 -0.132694 0.231034 0.972401 0.0325582 -0.898309 0.134047 -0.064957 0.988844 -1.4378 0 0 0 1 
13001298760109;0.830454;0.230849;0.966319 -0.215296 -0.140977 -0.0468025 0.202522 0.9742 -0.0995917 -0.598982 0.158781 0.0676865 0.984991 -0.846649 0 0 0 1 
13001298760110;0.923517;0.408777;0.991206 -0.131841 -0.0113533 -0.542082 0.128895 0.981344 -0.142656 -0.377431 0.0299494 0.139938 0.989707 0.807625 0 0 0 1 
13001298760111;0.26829;0.215989;0.927901 -0.372637 -0.0118765 -0.73466 0.369176 0.922795 -0.110266 -1.32848 0.0520486 0.097931 0.993831 0.14083 0 0 0 1 
13001298760112;0.495558;0.294792;0.973663 0.147059 -0.174227 0.733278 -0.108423 0.970891 0.213577 0.420259 0.200564 -0.189062 0.961265 -1.22852 0 0 0 1 
13001298760113;0.269314;0.21394;0.994607 0.103682 -0.00282848 0.410799 -0.103714 0.994479 -0.0159579 0.187213 0.00115833 0.0161652 0.999869 -0.112029 0 0 0 1 
13001298760114;0.734561;0.215921;0.915754 -0.401735 -0.00201881 -1.02201 0.401737 0.915755 0.00079466 -0.9873 0.00152949 -0.00153874 0.999998 0.0462938 0 0 0 1 
13001298760115;0.321726;0.166952;0.996895 -0.0786426 -0.00402142 -0.196672 0.0786885 0.996816 0.0129098 -0.428021 0.00299336 -0.0131861 0.999909 -0.26908 0 0 0 1 
13001298760116;1.15818;0.176948;0.976126 0.178592 -0.12362 1.57067 -0.203977 0.949306 -0.23919 0.620178 0.0746361 0.258695 0.963071 1.05809 0 0 0 1 
13001298760117;0.977589;0.163005;0.976923 -0.128976 -0.170256 -0.275405 0.124673 0.991553 -0.035775 -0.565642 0.173432 0.0137231 0.98475 0.332039 0 0 0 1 
13001298760118;0.349631;0.214415;0.956944 0.279409 0.0786723 0.975249 -0.279735 0.960051 -0.00706561 0.56135 -0.0775036 -0.015246 0.996875 0.209601 0 0 0 1 
13001298760119;0.966956;0.407893;0.886536 -0.45925 -0.0560614 -0.693839 0.446461 0.880976 -0.156693 -1.41971 0.12135 0.113885 0.986055 -0.576242 0 0 0 1 
13001298760120;0.820899;0.206521;0.993764 0.110107 0.0175892 0.80141 -0.109761 0.993765 -0.019588 0.0574278 -0.0196363 0.0175352 0.999653 0.58537 0 0 0 1 
13001298760121;0.247186;0.192314;0.993768 -0.110649 0.0135178 -0.179128 0.109211 0.990726 0.0808341 -0.325969 -0.0223367 -0.078854 0.996636 -0.00284444 0 0 0 1 
13001298760122;0.958553;0.159833;0.995613 0.0539346 -0.0764601 0.512979 -0.0471739 0.995036 0.0876263 -0.743423 0.0808066 -0.083635 0.993215 -0.170439 0 0 0 1 
13001298760124;1.10954;0.0863134;0.88647 -0.462085 0.0254707 -0.619597 0.458214 0.884098 0.0917137 -3.29824 -0.0648981 -0.0696303 0.99546 -0.290797 0 0 0 1 
13001298760125;0.573277;0.0577062;0.940787 0.0316587 -0.337516 0.689918 0.0934992 0.932778 0.348112 -0.795343 0.325848 -0.359057 0.874586 -2.92821 0 0 0 1 
13001298760126;0.254431;0.0479775;0.951149 0.24962 -0.181674 1.11713 -0.242373 0.968237 0.0614238 1.02042 0.191236 -0.0143903 0.981439 -0.82335 0 0 0 1 
13001298760127;0.992788;0.0425035;0.919236 -0.342119 -0.194834 -0.667632 0.347078 0.937791 -0.00918587 -2.64136 0.185856 -0.0591786 0.980793 -1.16748 0 0 0 1 
13001298760128;0.0799235;0.0489815;0.999118 0.0408791 0.00959669 0.119948 -0.040619 0.998839 -0.0258898 0.187366 -0.0106439 0.0254772 0.999619 0.168973 0 0 0 1 
13001298760129;0.127861;0.0590274;0.998815 -0.0202616 -0.0442431 0.0362731 0.019764 0.999737 -0.0116554 0.00572415 0.0444676 0.0107672 0.998953 -0.128201 0 0 0 1 
13001298760130;0.557579;0.0631326;0.97179 -0.217882 -0.0902855 -0.622812 0.215852 0.975909 -0.0317831 -1.24565 0.0950353 0.0113981 0.995409 0.0701509 0 0 0 1 
13001298760131;0.697726;0.036678;0.987946 -0.153534 -0.0197304 0.0472949 0.149391 0.97906 -0.138286 -1.10874 0.0405488 0.133672 0.990196 0.34315 0 0 0 1 
13001298760132;0.915785;0.0848158;0.97608 0.0246068 0.216014 0.124861 -0.0202483 0.999545 -0.0223671 0.238982 -0.216466 0.0174581 0.976134 0.286413 0 0 0 1 
13001298760133;0.526097;0.0758778;0.986081 0.150101 0.0715153 0.46012 -0.151155 0.988464 0.00953185 0.752454 -0.0692595 -0.0202091 0.997394 0.771951 0 0 0 1 
13001298760134;0.640051;0.0606252;0.99403 -0.0293877 -0.105075 0.232288 0.026505 0.999236 -0.0287265 0.0668809 0.105839 0.02577 0.994049 0.158816 0 0 0 1 
13001298760135;0.744448;0.211554;0.963695 0.234883 -0.126972 1.08579 -0.2378 0.97128 -0.00810645 1.28526 0.121421 0.038006 0.991873 0.108723 0 0 0 1 
13001298760136;0.470128;0.0576459;0.991694 0.122279 -0.039896 0.139799 -0.122455 0.992472 -0.00197886 0.562506 0.0393537 0.00684789 0.999202 -0.421306 0 0 0 1 
13001298760137;0.306436;0.0497316;0.963996 0.0824975 0.252797 0.176803 -0.0274526 0.976454 -0.21397 0.132266 -0.264497 0.199326 0.943563 2.01641 0 0 0 1 
13001298760138;0.926249;0.0823102;0.999115 0.00772958 -0.0413399 -0.311515 -0.0112938 0.996171 -0.086691 -0.285556 0.0405115 0.0870811 0.995377 -0.53446 0 0 0 1 
13001298760139;0.738974;0.0364254;0.967331 0.25349 0.00376091 0.902118 -0.253218 0.966801 -0.0342827 1.28719 -0.0123264 0.0322103 0.999405 0.787133 0 0 0 1 
13001298760140;1.02616;0.0591757;0.985182 0.14737 -0.087746 0.259812 -0.148112 0.988969 -0.0019728 0.518382 0.0864873 0.0149398 0.996141 -1.19137 0 0 0 1 
13001298760141;0.897713;0.0430776;0.95267 -0.220309 0.209484 -0.802335 0.252129 0.95758 -0.139541 -1.66136 -0.169856 0.185754 0.967804 2.03111 0 0 0 1 
13001298760142;0.158181;0.0562393;0.998604 0.0111351 0.0516383 0.0196739 -0.00559312 0.994324 -0.106251 0.216089 -0.0525283 0.105814 0.992998 0.617019 0 0 0 1 
13001298760143;0.631582;0.271484;0.988258 0.152247 -0.0128891 0.360061 -0.150531 0.955704 -0.252924 0.946364 -0.0261889 0.251895 0.9674 1.32574 0 0 0 1 
13001298760144;0.855274;0.0327282;0.987903 -0.0977656 -0.120377 0.504352 0.105519 0.992618 0.0597983 -0.514559 0.113642 -0.0717769 0.990926 -0.377061 0 0 0 1 
13001298760145;0.0426315;0.0457252;0.999696 -0.0163184 -0.018509 -0.0264262 0.0156487 0.999238 -0.0357661 -0.0387005 0.0190785 0.0354656 0.999189 0.0853316 0 0 0 1 
13001298760146;0.950154;0.0304743;0.993824 0.0413073 -0.102989 0.198047 -0.0420627 0.999102 -0.00517341 0.0652926 0.102682 0.00947345 0.994669 0.455878 0 0 0 1 
13001298760147;0.397392;0.0555935;0.941787 0.116886 -0.315238 0.843402 -0.202465 0.945718 -0.254214 1.01893 0.268412 0.30324 0.91433 -0.225727 0 0 0 1 
13001298760148;0.554781;0.0479089;0.997524 -0.0638518 0.0294899 -0.219096 0.0681322 0.981333 -0.179844 -0.433586 -0.0174561 0.181408 0.983253 0.191686 0 0 0 1 
13001298760149;0.73823;0.0535231;0.999453 -0.0249334 -0.0217052 -0.00202579 0.0240593 0.998924 -0.0396399 0.247719 0.0226702 0.039096 0.998978 0.651211 0 0 0 1 
13001298760150;0.886242;0.079968;0.971472 -0.236549 0.0169489 -0.277989 0.23707 0.970559 -0.0425807 -1.54435 -0.00637746 0.0453841 0.998949 -0.382143 0 0 0 1 
13001298760151;1.10427;0.25305;0.966953 0.209855 0.144782 1.34588 -0.232309 0.959188 0.161215 1.38156 -0.105041 -0.189522 0.976242 0.00890945 0 0 0 1 
13001298760152;0.722566;0.0493157;0.95293 0.225339 0.202846 0.311019 -0.159031 0.941108 -0.298369 0.543351 -0.258134 0.252066 0.932647 2.29247 0 0 0 1 
13001298760153;0.343462;0.145717;0.979899 0.170988 -0.102763 0.669265 -0.187638 0.964906 -0.183709 0.922994 0.0677449 0.199299 0.977594 0.294982 0 0 0 1 
13001298760155;0.0682714;0.235896;0.998676 0.0466055 -0.0217913 -0.216847 -0.0464842 0.998901 0.00603929 0.110601 0.0220488 -0.00501834 0.999744 0.0110271 0 0 0 1 
13001298760156;0.228778;0.232947;0.999555 -0.0294478 -0.00469785 -0.172542 0.0284379 0.988728 -0.146995 0.095218 0.00897359 0.146796 0.989126 0.0540947 0 0 0 1 
13001298760157;0.606065;0.271368;0.987123 0.153469 -0.0451208 -0.638428 -0.156505 0.984903 -0.0739763 0.0759349 0.0330865 0.0800853 0.996239 0.192373 0 0 0 1 
13001298760158;0.344682;0.2075;0.956125 -0.0448889 -0.289498 0.258753 0.0131675 0.993777 -0.110604 0.107855 0.292662 0.10194 0.950767 -1.16791 0 0 0 1 
13001298760159;0.780294;0.596115;0.984923 0.0456988 -0.166846 0.379601 -0.0282703 0.99403 0.105378 -0.084728 0.170665 -0.0990729 0.980336 -1.05557 0 0 0 1 
13001298760160;0.374691;0.241439;0.985992 0.113296 -0.122407 -0.1254 -0.0716026 0.950345 0.30285 0.0743111 0.150641 -0.289843 0.945145 -0.218062 0 0 0 1 
13001298760161;0.829311;0.173224;0.877955 0.085675 0.471015 -0.662863 -0.07505 0.996323 -0.0413352 0.276981 -0.472825 0.000940718 0.881156 2.39224 0 0 0 1 
13001298760162;0.477774;0.232835;0.965887 0.167322 -0.197653 -0.194392 -0.216929 0.939629 -0.264648 0.842883 0.141439 0.298497 0.943872 -0.120763 0 0 0 1 
13001298760163;0.737936;0.469357;0.995703 -0.00356484 0.0925383 -0.0863855 0.00872612 0.998424 -0.05543 -0.583369 -0.0921949 0.0559993 0.994165 0.6747 0 0 0 1 
13001298760164;0.306679;0.276726;0.987014 -0.0377831 -0.156129 -0.138296 -0.00241568 0.968344 -0.249609 0.0748206 0.160618 0.246745 0.955677 -0.488273 0 0 0 1 
13001298760165;0.655134;0.30646;0.985895 -0.166301 -0.0188447 -0.615332 0.166986 0.984984 0.0438538 -0.891865 0.0112687 -0.046382 0.99886 -0.438071 0 0 0 1 
13001298760166;0.142166;0.203015;0.999212 -0.0395849 -0.00302513 -0.192709 0.0394172 0.998285 -0.0432725 -0.220453 0.00473288 0.0431191 0.999059 0.00409144 0 0 0 1 
13001298760167;0.73402;0.936357;0.993137 -0.0360593 0.111262 -0.578694 0.0401558 0.998587 -0.0347985 -0.407493 -0.10985 0.0390275 0.993182 0.919419 0 0 0 1 
13001298760168;0.457979;0.88798;0.991658 0.126742 0.0234704 -0.599854 -0.121353 0.979388 -0.161469 0.0013888 -0.0434516 0.157274 0.986599 0.0230655 0 0 0 1 
13001298760169;0.0971797;0.24788;0.997835 0.0467043 0.0463081 -0.259164 -0.0514267 0.992964 0.106669 -0.00455517 -0.0410003 -0.10882 0.993216 0.125949 0 0 0 1 
13001298760170;0.865636;1.0134;0.987735 -0.0479024 -0.148613 -1.08739 0.0332276 0.994462 -0.0997031 -0.473815 0.152566 0.0935422 0.983856 0.00352372 0 0 0 1 
13001298760171;0.53187;0.216329;0.978247 -0.204955 -0.0320299 -0.200742 0.205021 0.931707 0.299815 -1.19799 -0.0316062 -0.29986 0.953459 0.528631 0 0 0 1 
13001298760172;0.399772;0.240231;0.929179 0.273183 0.248994 0.117585 -0.299504 0.951218 0.0740398 1.11279 -0.216621 -0.143371 0.965671 1.08636 0 0 0 1 
13001298760173;0.409814;0.992042;0.985786 0.16291 0.0410687 -0.50695 -0.165522 0.983631 0.0712295 -0.297614 -0.0287924 -0.0770148 0.996614 0.174106 0 0 0 1 
13001298760174;0.230776;0.287553;0.995674 0.0146587 -0.0917541 -0.216888 -0.0153453 0.999859 -0.00678149 -0.238402 0.0916418 0.00816014 0.995759 -0.0937861 0 0 0 1 
13001298760175;0.184973;0.2002;0.989332 0.0612693 -0.132168 -0.134171 -0.0724027 0.994069 -0.0811421 0.196698 0.126413 0.0898458 0.987901 -0.573381 0 0 0 1 
13001298760176;0.684651;0.510097;0.987967 0.0819436 0.131176 -0.756431 -0.121528 0.935891 0.330664 -0.251899 -0.095671 -0.342627 0.934588 -0.0313689 0 0 0 1 
13001298760177;0.712892;0.717147;0.985554 -0.0136406 -0.168812 -0.211801 -0.0280902 0.96978 -0.242358 -0.0434391 0.167016 0.243599 0.955388 -0.964773 0 0 0 1 
13001298760178;0.372998;0.523983;0.996202 -0.072508 0.0482198 -0.363237 0.0736559 0.997031 -0.0224687 -0.204574 -0.0464474 0.0259351 0.998584 0.149753 0 0 0 1 
13001298760179;0.364497;0.269211;0.982856 0.082556 0.164862 -0.302655 -0.136279 0.927547 0.347973 0.14474 -0.12419 -0.364475 0.922895 0.609159 0 0 0 1 
13001298760180;0.444705;0.251759;0.989907 0.00222957 -0.141704 -0.105062 0.0626848 0.889863 0.451901 -0.502071 0.127105 -0.456222 0.880742 -0.669849 0 0 0 1 
13001298760181;0.327893;0.226565;0.982745 -0.0601216 0.174919 -0.365932 0.0669658 0.997193 -0.0334866 -0.352613 -0.172415 0.0446224 0.984013 0.607721 0 0 0 1 
13001298760182;0.549357;0.239862;0.996125 -0.0437294 -0.0763073 -0.0777977 0.04772 0.997544 0.0512803 -0.733292 0.0738774 -0.054723 0.995765 0.0855468 0 0 0 1 
13001298760183;0.363905;0.232089;0.97282 0.00921684 -0.23138 0.00497045 0.0482426 0.969216 0.241441 -0.443963 0.226482 -0.246041 0.942428 -0.588651 0 0 0 1 
13001298760184;0.185151;0.261723;0.973995 0.210959 -0.0826413 -0.0810754 -0.2067 0.976732 0.0571877 0.543273 0.0927827 -0.0386186 0.994937 -0.290265 0 0 0 1 
13001298760186;0.752269;0.447578;0.991046 -0.129502 -0.032515 -0.245746 0.128883 0.991448 -0.0204774 -0.369983 0.0348888 0.0161034 0.999261 0.312196 0 0 0 1 
13001298760187;1.11885;0.354905;0.874266 -0.483066 0.0480307 -0.318609 0.484655 0.874207 -0.0295214 -2.18108 -0.027728 0.0490879 0.99841 0.41186 0 0 0 1 
13001298760188;1.47853;0.423998;0.991071 -0.126163 0.0431412 -0.436193 0.133166 0.920266 -0.367937 -0.175001 0.00671877 0.370397 0.928849 0.207542 0 0 0 1 
13001298760189;0.694353;0.372353;0.999146 0.026366 0.0318003 0.304512 -0.0258917 0.999549 -0.0152373 -0.377632 -0.0321877 0.0144009 0.999378 -0.117985 0 0 0 1 
13001298760190;1.04867;0.356214;0.943236 -0.298393 -0.145834 -0.446792 0.303145 0.952881 0.0110009 -1.73549 0.13568 -0.0545853 0.989248 -0.6273 0 0 0 1 
13001298760191;0.608395;0.363326;0.99917 0.0224287 0.0339904 -0.0546451 -0.0224816 0.999747 0.00117451 -0.13337 -0.0339555 -0.00193769 0.999421 -0.234083 0 0 0 1 
13001298760192;0.728377;0.432066;0.979481 -0.197016 0.0424366 -0.401106 0.195857 0.980174 0.0299663 -0.512906 -0.0474991 -0.0210399 0.99865 0.483453 0 0 0 1 
13001298760193;0.223967;0.3156;0.978944 -0.193746 0.0642789 -0.459921 0.192208 0.980915 0.0293666 -0.614119 -0.0687418 -0.0163934 0.9975 0.0846162 0 0 0 1 
13001298760194;0.894476;0.369905;0.999651 0.00189526 0.0263393 -0.0388116 0.000381451 0.996281 -0.0861651 -0.110098 -0.0264047 0.0861451 0.995933 -0.12114 0 0 0 1 
13001298760195;0.58478;0.674289;0.996953 0.0779769 0.00197805 0.320709 -0.0780017 0.996696 0.0226255 -0.0921344 -0.000207251 -0.0227109 0.999742 0.215203 0 0 0 1 
13001298760196;0.904607;0.450175;0.993205 -0.11629 0.00445042 -0.485837 0.116229 0.993149 0.0120392 -0.225158 -0.00581996 -0.0114401 0.999918 -0.353261 0 0 0 1 
13001298760197;0.286883;0.321706;0.963853 -0.266434 0.000692417 -0.456476 0.266277 0.963369 0.0318898 -1.11213 -0.00916358 -0.0305527 0.999491 0.0163486 0 0 0 1 
13001298760198;1.24998;1.28933;0.985991 0.150822 0.0712383 0.301786 -0.150845 0.988544 -0.00507826 0.0811155 -0.0711882 -0.00573885 0.997446 -0.305078 0 0 0 1 
13001298760199;1.55468;0.452518;0.955442 -0.142368 -0.258576 0.161735 0.140578 0.989741 -0.0254982 -0.462192 0.259553 -0.0119881 0.965654 -1.50826 0 0 0 1 
13001298760200;0.663257;0.353142;0.996013 -0.0878513 -0.0155016 -0.29303 0.0881652 0.995887 0.0208783 -0.777942 0.0136037 -0.0221618 0.999662 -0.130958 0 0 0 1 
13001298760201;0.427557;0.481309;0.999517 0.0265624 0.0161226 0.0947214 -0.0269299 0.999372 0.0230217 -0.170786 -0.0155009 -0.0234448 0.999605 -0.0640178 0 0 0 1 
13001298760202;1.14516;0.394963;0.976468 -0.199372 -0.0822219 -0.259247 0.194164 0.978666 -0.0671842 -0.610511 0.0938624 0.0496387 0.994347 -0.704791 0 0 0 1 
13001298760203;0.345194;0.494245;0.996619 0.0448991 -0.0688106 0.205917 -0.0375989 0.993873 0.10394 -0.142357 0.0730558 -0.101001 0.9922 -0.320813 0 0 0 1 
13001298760204;0.987501;0.39783;0.96295 -0.267487 0.0343288 -0.774675 0.26696 0.963517 0.0191855 -0.715946 -0.0382082 -0.00931026 0.999226 -0.471781 0 0 0 1 
13001298760205;1.27725;0.960879;0.97587 -0.217973 -0.0128418 -0.404174 0.21777 0.975876 -0.0155555 -0.996914 0.0159227 0.0123836 0.999797 0.444016 0 0 0 1 
13001298760206;0.732057;0.689711;0.999845 0.0171893 -0.00387226 -0.0516945 -0.0173642 0.998552 -0.0509069 -0.127678 0.0029916 0.0509663 0.998696 0.474724 0 0 0 1 
13001298760207;0.280311;0.332631;0.943519 -0.257891 -0.208 -0.213615 0.271994 0.96139 0.0418135 -0.945206 0.189186 -0.0960266 0.977235 -0.620074 0 0 0 1 
13001298760208;0.976835;0.401506;0.996526 -0.0350574 -0.0755425 0.199791 0.036455 0.999187 0.0172012 -0.760744 0.074878 -0.0198954 0.996994 0.20491 0 0 0 1 
13001298760209;0.510095;0.335468;0.993445 -0.0933752 -0.0659466 0.123874 0.0936282 0.995607 0.00074862 -0.556632 0.065587 -0.00691817 0.997823 -0.276176 0 0 0 1 
13001298760210;0.786915;0.368792;0.969602 -0.189384 0.154938 -0.46174 0.191157 0.981553 0.00351648 -0.298149 -0.152746 0.0262079 0.987918 0.248028 0 0 0 1 
13001298760211;0.331308;0.407504;0.992534 -0.0786816 0.0932004 -0.147959 0.061207 0.982234 0.177399 -0.495658 -0.105503 -0.17037 0.979716 0.0272887 0 0 0 1 
13001298760212;0.525518;0.325779;0.992712 0.0397981 0.113751 -0.187338 -0.0414326 0.999069 0.0120405 -0.0995979 -0.113166 -0.0166658 0.993436 0.104944 0 0 0 1 
13001298760213;1.26584;0.568279;0.984627 -0.122932 -0.124088 0.32695 0.115286 0.991067 -0.0670452 -0.439933 0.131222 0.0517088 0.990004 0.605169 0 0 0 1 
13001298760214;1.19532;1.71668;0.961678 0.0171879 0.27364 -0.13435 -0.0436042 0.994919 0.0907493 -0.365545 -0.27069 -0.0992035 0.957541 0.698826 0 0 0 1 
13001298760215;0.473246;0.427585;0.994405 0.10563 -0.000515002 0.290556 -0.105312 0.991763 0.0729045 -0.18097 0.00821169 -0.0724424 0.997339 -0.209959 0 0 0 1 
13001298760217;0.222897;0.0481901;0.994572 -0.0884061 -0.0548782 -0.185059 0.0916415 0.99401 0.059541 -0.453551 0.0492858 -0.0642469 0.996716 -0.263659 0 0 0 1 
13001298760218;0.56062;0.0470498;0.979794 0.105602 0.169857 0.565097 -0.144897 0.960183 0.23886 0.134397 -0.13787 -0.258645 0.956083 -0.178355 0 0 0 1 
13001298760219;1.35156;0.0345024;0.994541 -0.103697 0.0115884 -0.402954 0.103664 0.994607 0.00341441 -0.12027 -0.01188 -0.00219448 0.999927 0.957069 0 0 0 1 
13001298760220;0.477483;0.04666;0.9148 -0.225556 0.33506 -0.281866 0.172641 0.968307 0.180492 -0.665313 -0.365152 -0.107269 0.924747 1.28253 0 0 0 1 
13001298760221;0.489369;0.0457914;0.952323 -0.134728 0.273733 -0.249096 0.0909147 0.98177 0.16692 -0.629257 -0.291232 -0.134076 0.94721 0.944362 0 0 0 1 
13001298760222;1.04527;0.0652691;0.997958 0.0477019 0.0424796 -0.24142 -0.0570423 0.964822 0.256642 -0.462506 -0.0287429 -0.258541 0.965573 -0.938639 0 0 0 1 
13001298760223;0.25956;0.0539531;0.973868 0.0944789 0.206529 0.156094 -0.108636 0.992371 0.0582898 0.376544 -0.199447 -0.079203 0.976703 0.48099 0 0 0 1 
13001298760224;0.137794;0.0456884;0.998553 -0.00185325 -0.0537498 0.0146309 0.00137694 0.999959 -0.0088973 0.00738508 0.0537641 0.00881041 0.998515 -0.0914081 0 0 0 1 
13001298760225;1.05742;0.060408;0.909705 -0.014964 0.414986 -0.538392 0.0316478 0.998942 -0.0333553 -0.278191 -0.414048 0.0434769 0.909216 1.82997 0 0 0 1 
13001298760226;1.15936;0.0539241;0.986831 0.161365 -0.0112334 -0.1036 -0.161555 0.986686 -0.0187366 0.510163 0.0080604 0.0203046 0.999761 0.599565 0 0 0 1 
13001298760227;0.324156;0.0698055;0.939105 0.328218 -0.101764 1.25776 -0.339365 0.932366 -0.124602 1.19504 0.0539847 0.151549 0.986974 0.296631 0 0 0 1 
13001298760228;1.39459;0.0380533;0.934059 -0.131977 0.331837 -0.730716 0.235957 0.925566 -0.296062 -0.115557 -0.268063 0.354838 0.895674 1.77239 0 0 0 1 
13001298760229;0.664996;0.0790974;0.969341 -0.0343007 0.243313 -0.231911 -0.0298681 0.966418 0.255232 0.0444962 -0.243896 -0.254674 0.935765 0.610095 0 0 0 1 
13001298760230;0.977712;0.0552516;0.952424 -0.302662 0.0358415 -0.5626 0.295945 0.946512 0.128572 -1.62809 -0.0728382 -0.111847 0.991052 -0.551523 0 0 0 1 
13001298760231;0.367575;0.0649718;0.898237 0.363658 0.246826 1.24356 -0.369731 0.928854 -0.0230079 1.19631 -0.237632 -0.0705928 0.968787 0.594214 0 0 0 1 
13001298760232;0.090517;0.0510997;0.996478 0.0399434 -0.0737292 0.176834 -0.0408291 0.999111 -0.010544 0.199127 0.0732425 0.0135171 0.997223 -0.25595 0 0 0 1 
13001298760233;0.668099;0.0310551;0.96922 -0.246177 -0.00314393 -0.20148 0.24598 0.967754 0.0542801 -0.69445 -0.0103199 -0.0533827 0.998521 -0.06002 0 0 0 1 
13001298760234;0.755306;0.050505;0.99348 0.10437 -0.0458787 0.182766 -0.0958805 0.982598 0.159084 -0.00290388 0.0616839 -0.153648 0.986198 -0.173356 0 0 0 1 
13001298760235;0.973297;0.0579718;0.999276 0.0289842 -0.0246522 0.106479 -0.027798 0.9985 0.0471702 -0.558205 0.0259824 -0.0464508 0.998583 -0.427146 0 0 0 1 
13001298760236;0.97211;0.0680141;0.958421 -0.136854 -0.250401 0.170232 0.184803 0.966296 0.179221 -0.986695 0.217434 -0.218044 0.951409 -1.94751 0 0 0 1 
13001298760237;0.48343;0.059649;0.99798 0.0417296 0.047896 0.0938176 -0.0407421 0.99894 -0.0214115 -0.127444 -0.0487387 0.0194169 0.998623 0.104096 0 0 0 1 
13001298760238;0.245894;0.0588688;0.997915 0.064511 -0.00205123 0.217018 -0.0644975 0.995497 -0.0694697 0.157038 -0.00243956 0.0694571 0.997582 0.348496 0 0 0 1 
13001298760239;0.597612;0.042927;0.935624 0.350738 -0.0398961 1.31534 -0.347323 0.934867 0.0734202 1.01887 0.0630487 -0.0548369 0.996503 -0.723935 0 0 0 1 
13001298760240;0.379328;0.0514254;0.998398 -0.0565669 -0.0015541 -0.112557 0.0565714 0.997053 0.0518229 -0.125611 -0.00138194 -0.0518277 0.998655 0.107006 0 0 0 1 
13001298760241;0.905295;0.029915;0.997617 -0.0533476 -0.0437574 0.432171 0.060745 0.97984 0.190324 -0.0482538 0.032722 -0.192528 0.980746 -0.778193 0 0 0 1 
13001298760242;0.886526;0.029369;0.91793 -0.351162 0.184633 -1.0541 0.324737 0.932371 0.158839 -1.46069 -0.227925 -0.0858462 0.969887 0.166892 0 0 0 1 
13001298760243;0.836676;0.0587162;0.952968 0.244157 0.179555 0.952483 -0.226912 0.967531 -0.111327 0.518569 -0.200907 0.0653474 0.977428 0.474981 0 0 0 1 
13001298760244;1.22657;0.056189;0.993203 0.116359 -0.00287531 0.942403 -0.116378 0.993175 -0.00776365 0.60415 0.00195232 0.0080455 0.999966 0.673356 0 0 0 1 
13001298760245;1.14759;0.0548165;0.998363 -0.0569648 -0.00515902 -0.892521 0.056256 0.994221 -0.0914319 0.0552513 0.0103376 0.090992 0.995798 -0.00891617 0 0 0 1 
13001298760246;0.304771;0.0426849;0.943755 0.25984 -0.204474 1.0384 -0.269608 0.962742 -0.0209585 0.925338 0.19141 0.0749077 0.978647 -0.574938 0 0 0 1 
13001298760248;0.0489943;0.509182;0.985837 -0.160186 -0.0496491 -0.605981 0.160392 0.987053 0.000170548 -0.883177 0.048979 -0.00813144 0.998767 -0.203013 0 0 0 1 
13001298760249;0.420407;0.284518;0.996598 -0.0706042 -0.042525 -0.45266 0.0716434 0.997155 0.0234275 -0.56176 0.04075 -0.0263944 0.998821 -0.566906 0 0 0 1 
13001298760250;0.517589;0.329755;0.996783 0.0173596 0.0782506 -0.0125149 -0.0170991 0.999846 -0.00399895 -0.165056 -0.078308 0.00264807 0.996926 0.652288 0 0 0 1 
13001298760251;0.918817;0.982526;0.986203 -0.15201 0.0655503 -0.517601 0.149064 0.987674 0.0477401 -0.539418 -0.0719993 -0.0373103 0.996707 -0.206599 0 0 0 1 
13001298760252;0.624083;0.309814;0.998259 0.0235468 -0.0540778 -0.0649734 -0.0257347 0.998863 -0.0401264 0.385002 0.0530715 0.0414482 0.99773 -0.0555229 0 0 0 1 
13001298760253;0.848575;0.343939;0.985046 0.106429 0.135488 0.542641 -0.0867357 0.985802 -0.143773 0.0329741 -0.148866 0.129872 0.980292 1.32894 0 0 0 1 
13001298760254;0.316984;0.516973;0.978259 -0.191851 -0.0787564 -0.634639 0.18138 0.975612 -0.123623 -0.838374 0.100553 0.10665 0.989199 0.069909 0 0 0 1 
13001298760255;0.292142;1.03989;0.986217 -0.104698 -0.128117 -0.563897 0.0995843 0.993979 -0.0457047 -1.08015 0.132131 0.0323163 0.990705 -0.37933 0 0 0 1 
13001298760256;0.288912;0.379566;0.998305 -0.0514648 -0.0271609 -0.219261 0.0513599 0.99867 -0.00454746 -0.614924 0.0273588 0.00314477 0.999621 0.0223242 0 0 0 1 
13001298760257;0.0896223;0.3508;0.99244 -0.0968628 0.0753682 -0.520755 0.0932437 0.99438 0.0501475 -0.521053 -0.079802 -0.0427408 0.995894 0.0610329 0 0 0 1 
13001298760258;0.918056;0.47543;0.998704 -0.0101705 0.0498739 -0.0303245 0.0070466 0.998025 0.0624154 0.330568 -0.0504102 -0.0619831 0.996803 0.0233628 0 0 0 1 
