#;prob_registration_l1 -r /home/probabilistic_point_clouds_registration/build/tester /home/point_clouds_registration_benchmark//devel/registration_pairs/box_met_local.txt /home/point_clouds_registration_benchmark//planetary/box_met -s 0.2 -t 0.2 -p 0.3 -r 1000 -m 10 -i 40 
id;initial_error;final_error;transformation
7680147070000;1.79635;1.74333;0.879553 0.168529 0.444954 -7.50386 -0.112822 0.982371 -0.14906 -5.08233 -0.462231 0.0809052 0.883061 -31.9679 0 0 0 1 
7680147070001;0.811107;1.62443;0.98359 0.158966 0.085323 -4.10378 -0.136144 0.964297 -0.227149 -5.68789 -0.118386 0.211806 0.970115 -11.8627 0 0 0 1 
7680147070002;1.49386;1.62886;0.960759 -0.00860931 -0.277251 -3.68792 -0.0663011 0.963419 -0.25967 -2.31459 0.269345 0.267862 0.925042 8.92991 0 0 0 1 
7680147070003;0.946768;1.81239;0.992451 0.122148 -0.0110111 -3.72051 -0.121981 0.973785 -0.191998 -5.77059 -0.0127298 0.191892 0.981333 -3.5987 0 0 0 1 
7680147070004;1.43077;1.86939;0.998245 -0.00859893 -0.0585894 -0.63629 0.00117999 0.992093 -0.125501 -0.0338 0.0592053 0.125211 0.990362 0.848314 0 0 0 1 
7680147070005;0.312811;1.78379;0.984662 0.168997 0.0433744 -4.59471 -0.169701 0.985409 0.0130613 -7.19661 -0.0405342 -0.0202216 0.998974 -2.84265 0 0 0 1 
7680147070006;1.56238;1.81237;0.999499 -0.0281475 -0.0144392 -0.129295 0.0284156 0.999421 0.0187146 3.14565 0.0139041 -0.0191155 0.999721 -1.33929 0 0 0 1 
7680147070007;1.77223;2.17907;0.970917 0.116259 0.209293 -3.31994 -0.164337 0.959342 0.229469 -4.91898 -0.174106 -0.25719 0.950548 -8.97732 0 0 0 1 
7680147070008;0.368314;1.7475;0.989459 0.108487 0.0959196 -2.95822 -0.110612 0.993716 0.0171072 -4.04176 -0.0934609 -0.0275367 0.995242 -5.62495 0 0 0 1 
7680147070009;2.02654;1.9645;0.997308 -0.0676981 0.0281684 -0.527597 0.0696734 0.994645 -0.076335 5.85087 -0.0228498 0.0780921 0.996684 -6.28361 0 0 0 1 
7680147070010;1.67484;1.41993;0.990934 -0.0142437 -0.133591 -1.63247 0.0122164 0.999798 -0.0159829 1.9797 0.133792 0.014206 0.990908 9.26867 0 0 0 1 
7680147070011;1.58383;1.93578;0.977382 0.0826503 0.194665 -2.5264 -0.0096906 0.937007 -0.349177 -0.0720143 -0.211262 0.339393 0.916614 -17.559 0 0 0 1 
7680147070012;1.55669;1.72397;0.995143 -0.0258882 0.0949769 -1.62174 0.0443846 0.979165 -0.198155 4.21592 -0.0878682 0.201408 0.975558 -7.59269 0 0 0 1 
7680147070013;1.90796;1.25549;0.995924 0.0901513 -0.00300893 -2.55403 -0.0880139 0.978531 0.18636 -2.85618 0.0197449 -0.185335 0.982477 1.22182 0 0 0 1 
7680147070014;1.7784;1.6165;0.99438 0.103501 -0.0222722 -2.97693 -0.105023 0.990907 -0.0841 -3.58467 0.0133653 0.0859664 0.996208 -3.70348 0 0 0 1 
7680147070015;0.363704;2.1328;0.997528 0.0115995 -0.0693111 -2.85658 0.0147646 0.929678 0.368077 6.7853 0.0687065 -0.368191 0.927208 9.51209 0 0 0 1 
7680147070016;0.265959;1.36201;0.99838 0.0550747 0.0142995 -2.11046 -0.0556769 0.997396 0.045834 -1.15518 -0.011738 -0.0465559 0.998847 -0.699843 0 0 0 1 
7680147070017;0.994504;1.53949;0.999543 -0.00436336 -0.0299009 -1.08145 0.00503066 0.999739 0.0222783 2.36622 0.0297958 -0.0224185 0.999305 0.372438 0 0 0 1 
7680147070018;1.14391;1.8585;0.921103 0.083383 -0.380285 -10.2836 -0.0859431 0.996247 0.0102754 -2.09999 0.379714 0.0232181 0.924812 21.1217 0 0 0 1 
7680147070019;1.59901;1.45801;0.999576 0.0262491 0.0125761 -0.507569 -0.0262642 0.999654 0.00103776 1.78521 -0.0125445 -0.00136763 0.99992 -0.939996 0 0 0 1 
7680147070020;1.99055;2.22352;0.97714 -0.0249166 0.211134 -2.37012 -3.56597e-05 0.993089 0.117363 3.98156 -0.212599 -0.114687 0.970386 -9.93701 0 0 0 1 
7680147070021;1.30849;1.68899;0.965099 0.0168595 -0.261341 -5.12264 0.0396931 0.976979 0.209608 6.63778 0.258858 -0.212666 0.942213 16.8047 0 0 0 1 
7680147070022;0.490232;2.16585;0.99901 0.0192464 0.0401008 -1.96621 -0.021074 0.998735 0.0456645 1.40321 -0.0391712 -0.0464644 0.998152 -1.66133 0 0 0 1 
7680147070023;1.93092;1.13108;0.988889 0.14269 0.041681 -3.69651 -0.135071 0.979582 -0.14891 -4.62254 -0.0620779 0.141626 0.987972 -5.87076 0 0 0 1 
7680147070024;2.01577;2.57573;0.987954 0.0660934 -0.139922 -2.88529 -0.0388881 0.981224 0.18891 0.893821 0.149781 -0.181194 0.971975 9.78008 0 0 0 1 
7680147070025;1.53658;1.66228;0.953617 -0.128071 -0.27242 -2.16188 0.0879222 0.98402 -0.154834 5.54144 0.287897 0.123701 0.949639 11.9313 0 0 0 1 
7680147070026;1.23157;1.79342;0.991719 0.117239 0.0524345 -3.01775 -0.121294 0.989196 0.0823336 -3.37298 -0.0422154 -0.0880118 0.995224 -0.129785 0 0 0 1 
7680147070027;1.05263;2.01158;0.941807 0.0335829 0.334472 -4.35868 -0.0883923 0.984723 0.150023 -1.53424 -0.324324 -0.170858 0.930388 -17.1281 0 0 0 1 
7680147070028;0.137424;1.75276;0.99976 0.0167413 0.0141299 -1.33415 -0.0169067 0.999789 0.0116701 1.15654 -0.0139316 -0.0119062 0.999832 -1.10059 0 0 0 1 
7680147070029;1.81513;1.22606;0.997714 -0.00819971 -0.0670795 -2.36041 0.00641056 0.999619 -0.0268439 4.03674 0.0672741 0.0263525 0.997386 3.50198 0 0 0 1 
7680147070031;0.429088;0.327247;0.971167 -0.0446978 -0.234171 -0.876519 0.0478255 0.998826 0.00769209 0.609696 0.233552 -0.0186696 0.972165 2.07035 0 0 0 1 
7680147070032;0.91489;0.847784;0.996365 0.00963831 0.0846366 -0.0220563 -0.0178064 0.995194 0.0962906 0.650447 -0.0833018 -0.0974476 0.991748 1.00252 0 0 0 1 
7680147070033;0.415478;0.272752;0.980679 0.0382758 0.191845 -0.33206 0.0207423 0.954799 -0.296526 -0.408299 -0.194524 0.294776 0.935557 -9.1031 0 0 0 1 
7680147070034;0.600344;0.495994;0.983094 -0.0605362 -0.172807 -0.313669 0.0309463 0.985122 -0.169046 -0.211789 0.18047 0.16084 0.970341 -1.30021 0 0 0 1 
7680147070035;0.44843;0.348578;0.997275 0.0224926 0.0702583 -0.489903 -0.0368102 0.977073 0.209699 1.10967 -0.0639308 -0.211714 0.975239 3.18813 0 0 0 1 
7680147070036;0.879785;0.100384;0.999779 -0.011451 -0.0176292 -1.75756 0.0110278 0.999653 -0.0239195 0.777154 0.0178969 0.0237198 0.999558 -0.749863 0 0 0 1 
7680147070037;0.82527;0.250376;0.999806 0.0106033 0.0165895 -0.536236 -0.0111532 0.999379 0.0334126 0.529124 -0.016225 -0.0335912 0.999304 2.22885 0 0 0 1 
7680147070038;0.802274;0.269638;0.978527 0.0138363 0.205655 -0.109622 -0.0734316 0.955681 0.285098 2.66901 -0.192596 -0.294077 0.936176 4.74005 0 0 0 1 
7680147070039;1.33952;0.479674;0.998853 0.0478645 0.00129002 -3.77015 -0.0478816 0.998387 0.030496 0.220558 0.000171736 -0.0305228 0.999534 1.54079 0 0 0 1 
7680147070040;0.158831;0.193733;0.999502 -0.0138359 -0.0283507 -0.1687 0.0105844 0.993676 -0.111786 -0.356567 0.0297181 0.11143 0.993328 -2.11548 0 0 0 1 
7680147070041;1.36617;0.29153;0.9995 -0.000442602 0.0316194 -0.346324 -0.000924139 0.999066 0.043197 0.10308 -0.031609 -0.0432046 0.998566 -2.24336 0 0 0 1 
7680147070042;0.46675;0.346378;0.997285 0.0103683 0.0729082 -0.0837529 0.00440528 0.979867 -0.199605 -0.650216 -0.0735099 0.199384 0.97716 -5.75233 0 0 0 1 
7680147070043;1.14629;0.897367;0.964656 0.0606032 0.256449 -0.151931 -0.00148122 0.974427 -0.224701 -0.79263 -0.263509 0.21638 0.940076 -7.33688 0 0 0 1 
7680147070044;0.702038;0.151317;0.999112 -0.00155153 -0.0420983 -0.585718 0.00498722 0.99665 0.0816293 0.899763 0.0418307 -0.0817668 0.995773 3.57838 0 0 0 1 
7680147070045;0.887978;0.571748;0.999615 -0.0119279 0.0250337 -0.188156 0.0118865 0.999928 0.00180069 0.441395 -0.0250533 -0.00150244 0.999685 -1.3998 0 0 0 1 
7680147070046;0.520495;0.307992;0.995789 0.0096119 0.0911749 0.0410853 0.00613493 0.985274 -0.170874 -0.600499 -0.0914746 0.170714 0.981065 -5.66524 0 0 0 1 
7680147070047;1.3778;0.537463;0.994714 0.0642874 -0.0800709 -4.48103 -0.038558 0.956554 0.288996 2.82807 0.0951709 -0.284381 0.953976 8.22714 0 0 0 1 
7680147070048;1.12108;1.08482;0.999998 0.00115762 0.00133315 -0.080045 -0.00109817 0.999041 -0.0437626 -0.274853 -0.00138253 0.0437611 0.999041 -0.712693 0 0 0 1 
7680147070049;0.932757;0.463098;0.996578 -0.0409513 -0.071802 -0.538868 0.0307192 0.989925 -0.138222 0.387901 0.076739 0.135543 0.987795 -0.729275 0 0 0 1 
7680147070050;1.2993;0.342117;0.954081 -0.0531244 -0.2948 -3.25838 0.0186804 0.992785 -0.118448 0.173011 0.298965 0.107502 0.948189 0.176759 0 0 0 1 
7680147070051;0.92457;0.555892;0.99791 0.0122586 0.0634397 -0.258431 -0.0283756 0.965236 0.259835 1.20999 -0.058049 -0.261092 0.963567 3.21527 0 0 0 1 
7680147070052;0.840224;0.666908;0.963861 -0.0274381 -0.264989 -1.5693 0.0707972 0.985297 0.155493 2.36508 0.256826 -0.168634 0.951632 7.04575 0 0 0 1 
7680147070053;0.82655;0.451368;0.999991 0.00357647 0.00245071 -0.323365 -0.003554 0.999952 -0.00911542 0.210915 -0.0024832 0.00910663 0.999955 1.1908 0 0 0 1 
7680147070054;0.270576;0.294715;0.998754 0.0173357 0.0468049 -0.635321 -0.0198694 0.998331 0.0542216 0.213223 -0.0457868 -0.055084 0.997431 0.680449 0 0 0 1 
7680147070055;0.73698;0.362371;0.983606 -0.110411 -0.142581 0.953163 0.0389106 0.901974 -0.430034 0.21483 0.176085 0.417436 0.891483 -6.71338 0 0 0 1 
7680147070056;0.896614;0.171224;0.999171 -0.0246974 -0.0323668 0.148066 0.024097 0.999533 -0.0188102 0.0317469 0.0328163 0.0180146 0.999299 -2.05096 0 0 0 1 
7680147070057;0.403726;0.203964;0.998464 0.0232569 0.050287 -1.2471 -0.021366 0.999056 -0.0378174 -0.101123 -0.0511191 0.0366848 0.998019 -1.27668 0 0 0 1 
7680147070058;0.771956;0.26651;0.99375 0.0144248 0.110692 -0.330572 0.00370551 0.986806 -0.161863 -0.473983 -0.111566 0.161262 0.980585 -6.20047 0 0 0 1 
7680147070059;0.054331;0.137791;0.99988 -0.000447898 0.0155044 -0.119574 0.00051423 0.999991 -0.00427456 0.0243782 -0.0155023 0.00428202 0.999871 -0.394487 0 0 0 1 
7680147070060;0.252286;0.210632;0.999642 0.0242765 0.0112409 -0.92476 -0.0264437 0.960316 0.277659 2.06415 -0.00405423 -0.277856 0.960614 5.43643 0 0 0 1 
7680147070062;0.694613;0.986638;0.996338 0.0150912 0.0841605 0.6877 -0.0179455 0.999286 0.0332618 -0.648601 -0.0835984 -0.0346503 0.995897 -1.77426 0 0 0 1 
7680147070063;0.642429;0.59311;0.999872 -0.0157299 -0.00286647 0.843737 0.0157233 0.999874 -0.00230329 -0.0670168 0.00290234 0.00225793 0.999993 -0.484766 0 0 0 1 
7680147070064;1.73702;1.81578;0.997645 -0.054574 -0.0415443 1.02545 0.0445188 0.976024 -0.213063 -0.236535 0.0521759 0.210712 0.976155 -3.48071 0 0 0 1 
7680147070065;2.03958;2.29173;0.983196 -0.0120627 -0.182154 -0.871574 0.0387787 0.988843 0.143829 1.73486 0.178387 -0.148475 0.972694 6.16314 0 0 0 1 
7680147070066;1.4044;1.63624;0.995937 -0.00790884 0.0897013 0.811377 0.0200355 0.990628 -0.135108 -0.274829 -0.0877921 0.136357 0.986762 -4.34235 0 0 0 1 
7680147070067;2.44929;0.750282;0.998684 -0.0164911 -0.0485644 0.969413 0.0170547 0.999792 0.0112132 -0.314598 0.0483693 -0.0120267 0.998757 -1.27196 0 0 0 1 
7680147070068;0.72785;1.13153;0.998186 0.00725555 -0.0597593 0.74657 -0.00983494 0.999027 -0.0429827 -0.765099 0.0593894 0.0434924 0.997287 1.57837 0 0 0 1 
7680147070069;0.403431;0.771394;0.996426 -0.0227104 0.0813559 1.42272 0.0549125 0.906029 -0.419637 0.0436006 -0.0641807 0.422605 0.904039 -9.36052 0 0 0 1 
7680147070070;2.46104;2.12457;0.933642 -0.117018 -0.338556 -0.0924412 0.0389114 0.972675 -0.228888 -0.676672 0.356089 0.200525 0.912683 3.1165 0 0 0 1 
7680147070071;1.40642;1.19554;0.939452 0.037288 0.340645 0.262956 -0.0814013 0.989892 0.116137 -1.72145 -0.332871 -0.136834 0.932992 -7.33816 0 0 0 1 
7680147070072;0.468235;0.745956;0.998657 -0.016891 -0.0489698 0.594948 0.0163876 0.999809 -0.010662 0.0589266 0.0491405 0.00984521 0.998743 0.754714 0 0 0 1 
7680147070073;0.953779;1.08019;0.993337 0.0109465 0.114727 1.24679 0.0125194 0.979339 -0.201838 -0.730194 -0.114566 0.201929 0.972676 -5.51925 0 0 0 1 
7680147070074;0.189263;0.603687;0.999772 -0.0210093 -0.00383116 0.885282 0.0200031 0.984085 -0.176566 -0.729041 0.00747973 0.176449 0.984281 -2.95148 0 0 0 1 
7680147070075;2.44638;1.21372;0.970746 -0.0988762 -0.218804 1.9596 0.0286933 0.952515 -0.303136 -1.00717 0.238387 0.28799 0.927488 0.917094 0 0 0 1 
7680147070076;2.31741;1.38806;0.997711 -0.014175 -0.0661209 0.873531 0.0116868 0.999214 -0.0378674 -0.15959 0.0666057 0.037008 0.997093 3.01561 0 0 0 1 
7680147070077;2.21484;0.626334;0.997682 -0.0631962 0.025243 3.131 0.065539 0.992159 -0.106423 0.54533 -0.0183195 0.107831 0.994 -0.351 0 0 0 1 
7680147070078;0.226189;0.859441;0.993751 0.0436066 -0.102754 -0.499256 -0.00723709 0.943769 0.330525 2.55698 0.111389 -0.327716 0.938187 7.93145 0 0 0 1 
7680147070079;1.94297;1.95932;0.99309 0.0173609 0.116065 0.768492 0.0109922 0.970889 -0.239278 -0.655246 -0.11684 0.238901 0.963989 -7.50295 0 0 0 1 
7680147070080;2.14298;1.12956;0.999641 -0.0264641 0.00426522 0.732686 0.0267849 0.979881 -0.197779 -0.39438 0.00105464 0.197822 0.980237 -0.939656 0 0 0 1 
7680147070081;1.69906;1.23586;0.997394 0.00300695 0.0720809 2.06455 0.00598591 0.992237 -0.12422 -1.1319 -0.0718949 0.124328 0.989633 -2.49131 0 0 0 1 
7680147070082;2.0972;1.33993;0.963614 -0.0962178 -0.249379 -0.267896 0.0245228 0.960854 -0.275968 -0.418777 0.26617 0.259811 0.928252 3.3584 0 0 0 1 
7680147070083;0.59076;0.710078;0.998839 -0.0208544 0.0434216 1.14612 0.0338107 0.945584 -0.323615 -0.283268 -0.03431 0.324708 0.945192 -6.96966 0 0 0 1 
7680147070084;0.946739;0.742018;0.999369 -0.0345328 -0.00835176 1.90641 0.0346266 0.999336 0.0113652 0.209917 0.00795374 -0.0116472 0.999901 1.20153 0 0 0 1 
7680147070085;1.67199;1.30617;0.967007 0.0238067 -0.253634 -1.21989 0.0643891 0.940455 0.333764 4.61008 0.246477 -0.339084 0.907894 12.6597 0 0 0 1 
7680147070086;1.58068;1.25587;0.99973 0.0182134 -0.0143966 0.727044 -0.0179577 0.999682 0.0176937 -0.97169 0.0147142 -0.0174304 0.99974 -1.05369 0 0 0 1 
7680147070087;0.945675;1.01513;0.994932 -0.048536 -0.0880611 0.66978 0.029221 0.977554 -0.208647 -0.665354 0.0962114 0.205016 0.974018 -1.64121 0 0 0 1 
7680147070088;1.00125;1.28287;0.978659 0.0323235 0.202932 1.06708 -0.0277783 0.999296 -0.0252066 -1.18485 -0.203604 0.0190316 0.978868 -5.78678 0 0 0 1 
7680147070089;1.42162;0.93422;0.997953 0.00454378 0.0637941 1.13662 -0.00606559 0.999701 0.0236816 -0.281987 -0.0636675 -0.0240201 0.997682 0.228032 0 0 0 1 
7680147070090;0.678915;0.649158;0.999546 -0.0153454 -0.0259317 0.622807 0.0162143 0.999303 0.0336344 0.327796 0.0253975 -0.0340396 0.999098 0.945712 0 0 0 1 
7680147070091;1.30647;1.56399;0.989117 -0.0493015 -0.138626 0.150841 0.0342381 0.99345 -0.109021 0.301576 0.143093 0.103088 0.984326 1.65214 0 0 0 1 
7680147070093;0.528987;0.474671;0.995265 -0.0191048 -0.0953054 -0.671412 0.0246536 0.998048 0.0573877 2.08323 0.094023 -0.0594655 0.993792 7.69912 0 0 0 1 
7680147070094;0.750267;0.69104;0.975412 -0.0290327 -0.218467 -2.68089 0.0566034 0.991035 0.121022 5.05327 0.212994 -0.130412 0.968311 17.7342 0 0 0 1 
7680147070095;1.32662;1.20333;0.996001 0.0517299 0.0728484 -1.22502 -0.0298543 0.961166 -0.274353 -3.50098 -0.0842116 0.27108 0.958866 -13.0018 0 0 0 1 
7680147070096;1.72861;0.207134;0.999721 0.00999762 0.0214186 -0.0647181 -0.00892442 0.998728 -0.0496283 -0.751064 -0.0218875 0.0494233 0.998538 0.33916 0 0 0 1 
7680147070097;1.58172;1.59377;0.997 -0.00946699 -0.0768156 -0.532957 0.0142466 0.99798 0.0619149 1.49246 0.0760743 -0.0628236 0.995121 7.1004 0 0 0 1 
7680147070098;0.811119;0.581952;0.978911 -0.037665 -0.200783 -2.16798 0.015629 0.993784 -0.110226 0.422813 0.203686 0.104763 0.973415 12.7837 0 0 0 1 
7680147070099;0.734807;0.50412;0.999956 -0.000765632 0.00935781 -0.0585311 0.000833463 0.999973 -0.00724692 -0.220597 -0.00935202 0.0072544 0.99993 -1.38419 0 0 0 1 
7680147070100;0.613699;0.130034;0.937997 0.0763459 0.33813 -3.93293 -0.0560188 0.996009 -0.0694871 -4.54742 -0.342086 0.0462371 0.93853 -26.5518 0 0 0 1 
7680147070101;0.463274;0.386747;0.99887 -0.00641431 -0.0470875 -0.293632 0.000640137 0.992575 -0.12163 -0.848053 0.0475181 0.121463 0.991458 0.235999 0 0 0 1 
7680147070102;1.71997;1.19;0.991383 0.0477475 0.121986 -1.25173 -0.0246199 0.982526 -0.184491 -2.98485 -0.128663 0.179898 0.975235 -15.803 0 0 0 1 
7680147070103;0.768405;0.409032;0.985127 0.031508 0.168916 -0.367446 -0.0386961 0.998473 0.0394316 -2.24106 -0.167416 -0.0453815 0.984841 -9.68944 0 0 0 1 
7680147070104;1.11988;0.906071;0.999949 0.00329407 0.00957892 -0.144416 -0.00274996 0.998412 -0.0562709 -0.919135 -0.00974907 0.0562417 0.99837 -2.42011 0 0 0 1 
7680147070105;0.792054;0.532182;0.970314 0.0526462 0.236051 -1.80715 -0.0531527 0.998577 -0.00422199 -3.9989 -0.235937 -0.00845008 0.971732 -17.5871 0 0 0 1 
7680147070106;0.562855;0.309284;0.998172 0.00193591 -0.0603982 -0.69925 -0.0056161 0.998133 -0.060822 -0.723472 0.0601677 0.06105 0.99632 3.70654 0 0 0 1 
7680147070107;0.610731;0.413634;0.999958 -0.00849252 0.00338529 0.122883 0.00797337 0.991275 0.131566 1.8371 -0.00447308 -0.131533 0.991302 3.53936 0 0 0 1 
7680147070108;1.42716;1.14931;0.999097 0.00241027 -0.0424166 -0.509527 -0.00446193 0.998821 -0.0483415 -0.759692 0.04225 0.0484871 0.99793 0.670004 0 0 0 1 
7680147070109;0.474796;0.235918;0.901542 0.0345596 0.43131 -4.78143 -0.0969835 0.987583 0.123587 -5.80467 -0.421684 -0.153249 0.893699 -27.5769 0 0 0 1 
7680147070110;0.941477;0.812032;0.999974 0.00151477 0.00709319 -0.178443 -0.00100852 0.997487 -0.0708381 -0.716588 -0.00718267 0.0708291 0.997463 -2.45298 0 0 0 1 
7680147070111;1.47967;1.27163;0.999973 0.000805296 0.00723809 0.0839651 -0.000684588 0.999861 -0.0166637 -0.0324427 -0.00725051 0.0166583 0.999835 0.467013 0 0 0 1 
7680147070112;1.75011;1.23556;0.994384 -0.0160383 -0.104609 -1.03821 0.0510686 0.938471 0.341561 6.81106 0.0926944 -0.344985 0.93402 12.6312 0 0 0 1 
7680147070113;1.0332;1.00057;0.99772 0.0135416 0.0661185 -0.010581 -0.00954268 0.998127 -0.0604259 -1.04078 -0.066813 0.0596572 0.99598 -5.71046 0 0 0 1 
7680147070114;0.426388;0.175662;0.982881 -0.0357083 0.180746 0.918081 -0.0371612 0.922451 0.384321 2.16738 -0.180452 -0.384458 0.905333 -3.94262 0 0 0 1 
7680147070115;1.70185;1.61105;0.994418 -0.0163359 -0.10424 -0.899191 -0.0233419 0.929403 -0.368327 -2.95409 0.102897 0.368705 0.923834 -2.34409 0 0 0 1 
7680147070116;1.08478;0.363825;0.998241 0.0417375 0.0421074 -1.1933 -0.0243393 0.936107 -0.350872 -2.70724 -0.0540615 0.34923 0.935476 -13.8863 0 0 0 1 
7680147070117;0.562653;0.557067;0.997267 0.0110859 0.0730438 0.0719665 -0.0183944 0.994802 0.100157 -0.451289 -0.0715538 -0.101227 0.992287 -2.61651 0 0 0 1 
7680147070118;0.421204;0.443461;0.991925 -0.0249896 -0.124336 -0.969686 0.0123442 0.994764 -0.101453 0.190703 0.12622 0.0990991 0.98704 6.78084 0 0 0 1 
7680147070119;1.56631;0.358719;0.998212 0.00907151 0.0590877 -0.199367 -0.0055338 0.998197 -0.059763 -1.24512 -0.0595234 0.0593291 0.996462 -8.09394 0 0 0 1 
7680147070120;0.829004;0.53049;0.999526 0.0156511 -0.0264988 -0.779922 -0.0197815 0.986329 -0.163595 -2.45126 0.0235761 0.164041 0.986172 -1.33583 0 0 0 1 
7680147070121;0.0967963;0.0897807;0.997685 0.00100827 0.0680044 0.263022 -0.00351223 0.99932 0.036711 -0.0650807 -0.0679211 -0.0368649 0.997009 -3.8018 0 0 0 1 
7680147070122;0.194803;0.210516;0.999551 -0.0107143 -0.0279987 -0.053983 0.00962417 0.999201 -0.0387829 0.315663 0.0283918 0.038496 0.998855 1.34684 0 0 0 1 
7680147070124;1.64617;0.209151;0.997065 0.0269378 0.071665 -0.111513 -0.016585 0.989826 -0.141315 -1.56182 -0.0747426 0.139712 0.987367 -6.50164 0 0 0 1 
7680147070125;1.40625;0.485489;0.999909 0.00714794 0.0114521 -0.218251 -0.00719319 0.999966 0.00391454 -0.406877 -0.0114237 -0.00399656 0.999927 -2.57621 0 0 0 1 
7680147070126;1.2267;0.691097;0.998337 -0.00591725 -0.0573368 -0.734084 0.0070551 0.999782 0.0196629 1.02325 0.0572079 -0.0200347 0.998161 4.05695 0 0 0 1 
7680147070127;1.9725;1.22607;0.986266 -0.0429195 -0.159492 -1.30895 0.0231885 0.992064 -0.123573 1.32706 0.16353 0.118178 0.979435 9.18089 0 0 0 1 
7680147070128;1.62499;0.446093;0.963839 -0.048199 -0.262088 -2.93384 0.0519751 0.99862 0.00749046 3.32396 0.261366 -0.0208417 0.965015 14.5246 0 0 0 1 
7680147070129;0.486275;0.374952;0.998571 -0.0105833 -0.0523783 -0.326137 0.00818248 0.998915 -0.0458402 0.663555 0.0528066 0.0453461 0.997575 3.89488 0 0 0 1 
7680147070130;1.63305;0.66711;0.997749 0.00425095 0.0669292 -0.093333 -0.0118347 0.993487 0.113325 0.366946 -0.0660116 -0.113862 0.991301 -2.89253 0 0 0 1 
7680147070131;2.14793;1.15195;0.937761 0.0940472 0.334303 -3.13441 -0.00868785 0.968685 -0.248143 -1.08071 -0.347171 0.229794 0.909212 -23.7792 0 0 0 1 
7680147070132;1.4581;0.768424;0.994928 -0.0245305 -0.0975565 -0.739341 0.024568 0.999698 -0.000817369 1.62552 0.0975471 -0.00158355 0.99523 4.36652 0 0 0 1 
7680147070133;1.07349;1.12748;0.999067 -0.00741323 -0.0425505 -0.309377 0.00725566 0.999966 -0.00385625 0.582501 0.0425777 0.00354392 0.999087 2.91058 0 0 0 1 
7680147070134;1.69636;0.721394;0.992528 -0.0301995 -0.11822 -1.1265 0.0150399 0.991778 -0.127082 1.04646 0.121086 0.124355 0.984822 10.2463 0 0 0 1 
7680147070135;0.51747;0.167939;0.935498 -0.054479 -0.349106 -5.23553 0.0571656 0.998361 -0.00261079 3.6712 0.348676 -0.0175144 0.93708 21.4432 0 0 0 1 
7680147070136;0.646267;0.461302;0.911952 -0.0999304 -0.397941 -7.51114 0.0504712 0.989843 -0.132904 3.17301 0.40718 0.101118 0.907733 26.9427 0 0 0 1 
7680147070137;2.04694;1.20487;0.991948 -0.0107771 -0.126189 -1.2208 0.0296533 0.98844 0.148682 2.95133 0.123128 -0.151226 0.980801 9.36872 0 0 0 1 
7680147070138;0.720049;0.454347;0.99913 -0.0130084 -0.0396325 -0.241823 0.008898 0.994726 -0.102178 0.453366 0.0407526 0.101736 0.993976 2.32944 0 0 0 1 
7680147070139;1.74647;0.29859;0.999739 0.0112302 0.0198884 -0.0915802 -0.0107181 0.999613 -0.025669 -0.956309 -0.020169 0.0254491 0.999473 -3.5653 0 0 0 1 
7680147070140;0.663015;0.724453;0.99994 -0.00673797 -0.00861416 -0.205969 0.006043 0.996911 -0.0783042 0.363339 0.00911516 0.0782474 0.996892 0.404756 0 0 0 1 
7680147070141;0.53013;0.501715;0.999979 -0.00632921 -0.00136794 0.0772588 0.00631628 0.999937 -0.00925934 0.443463 0.00142646 0.00925051 0.999956 0.158614 0 0 0 1 
7680147070142;1.96977;0.576937;0.979157 -0.0745592 -0.188927 -3.47426 0.0330959 0.976322 -0.213775 2.55182 0.200392 0.203067 0.95844 14.9366 0 0 0 1 
7680147070143;0.856847;0.657691;0.986488 0.0109319 0.16347 -0.665423 -0.0387711 0.985007 0.1681 -1.79047 -0.159181 -0.172166 0.972121 -11.1 0 0 0 1 
7680147070144;1.63732;1.48094;0.997285 0.017428 0.0715467 0.0758624 -0.0183734 0.999752 0.0125768 -1.25832 -0.0713098 -0.0138572 0.997358 -5.813 0 0 0 1 
7680147070145;0.140484;0.152551;0.999927 -0.00643006 -0.010269 -0.217514 0.00637047 0.999963 -0.00582517 0.468702 0.010306 0.00575933 0.99993 0.771297 0 0 0 1 
7680147070146;1.19743;0.622518;0.995869 -0.0361384 -0.0832947 -0.988537 0.0382204 0.998992 0.023537 2.81406 0.0823602 -0.0266233 0.996247 4.01661 0 0 0 1 
7680147070147;0.293378;0.379743;0.9984 0.00870751 0.0558694 0.00469782 -0.00339357 0.995518 -0.0945123 -0.286819 -0.0564419 0.0941715 0.993955 -3.326 0 0 0 1 
7680147070148;2.08491;1.01185;0.99335 -0.0228471 -0.112846 -0.86251 0.0420928 0.98433 0.171241 3.85548 0.107165 -0.174852 0.978745 8.38284 0 0 0 1 
7680147070149;2.16398;1.98467;0.985821 -0.0428641 -0.162232 -1.65705 0.0158901 0.986325 -0.164044 0.871617 0.167045 0.15914 0.973021 11.225 0 0 0 1 
7680147070150;0.570326;0.703467;0.999716 -0.00456096 0.0233857 -0.127933 0.0140286 0.906017 -0.423009 -0.280923 -0.0192585 0.423217 0.905824 0.322133 0 0 0 1 
7680147070151;0.700204;0.509746;0.993543 -0.0211451 -0.111467 -1.0248 0.0238631 0.999448 0.0231062 1.90285 0.110916 -0.0256169 0.9935 6.86388 0 0 0 1 
7680147070152;0.196422;0.19005;0.999294 -0.00934735 -0.0363754 -0.28159 0.00888045 0.999876 -0.0129759 0.605403 0.0364921 0.0126438 0.999254 2.52648 0 0 0 1 
7680147070153;0.328459;0.367871;0.998999 -0.0223634 -0.0387408 -0.453544 0.00985299 0.954799 -0.297089 -0.143668 0.0436336 0.29641 0.954064 3.99209 0 0 0 1 
7680147070155;0.140686;0.964447;0.999792 -0.0195725 -0.00566214 1.35202 0.019479 0.99968 -0.0161224 2.52681 0.00597588 0.0160088 0.999854 0.472992 0 0 0 1 
7680147070156;0.73666;0.931777;0.999864 -0.00599624 -0.0153511 1.95293 0.00566472 0.999752 -0.0215491 0.817483 0.0154765 0.0214592 0.99965 1.72377 0 0 0 1 
7680147070157;1.89722;1.66445;0.998756 -0.013288 -0.0480517 0.41171 0.0160024 0.998271 0.0565525 2.6216 0.0472172 -0.0572512 0.997243 6.95921 0 0 0 1 
7680147070158;1.79956;1.87086;0.998387 -0.0423185 -0.037839 1.58575 0.0349767 0.983564 -0.177138 4.18138 0.0447133 0.175529 0.983458 6.11635 0 0 0 1 
7680147070159;1.65931;1.53488;0.999571 -0.00306425 -0.0291375 0.188765 0.00248454 0.999799 -0.0199113 0.162573 0.0291926 0.0198304 0.999377 1.67002 0 0 0 1 
7680147070160;0.0621527;0.712083;0.999756 0.00733868 -0.0208234 0.940094 -0.00767476 0.999841 -0.0161058 -0.445485 0.0207019 0.0162617 0.999653 2.29107 0 0 0 1 
7680147070161;0.430207;1.31959;0.997496 -0.0616382 -0.0346799 1.66268 0.0595637 0.99654 -0.0579682 6.76571 0.038133 0.0557573 0.997716 4.36042 0 0 0 1 
7680147070162;0.473536;0.861578;0.965203 0.0594931 0.254643 -1.66629 -0.0655108 0.997736 0.0152091 -6.69425 -0.253161 -0.0313617 0.966916 -28.4041 0 0 0 1 
7680147070163;0.736349;0.9241;0.988903 0.016978 0.147589 -0.204636 -0.038667 0.988623 0.145357 -3.61498 -0.143442 -0.149451 0.978309 -15.8834 0 0 0 1 
7680147070164;0.540732;1.31029;0.997568 -0.063567 -0.028572 1.27148 0.0586253 0.987071 -0.14918 6.26476 0.0376855 0.147142 0.988397 5.17308 0 0 0 1 
7680147070165;1.76832;0.898204;0.999878 0.0116871 -0.010384 1.03152 -0.011925 0.999661 -0.0231539 -0.758709 0.0101099 0.0232749 0.999678 3.8013 0 0 0 1 
7680147070166;0.877488;0.874074;0.996795 0.00547855 -0.0798119 0.89203 0.00619539 0.98937 0.14529 1.3031 0.0797594 -0.145318 0.986165 6.60873 0 0 0 1 
7680147070167;0.355143;1.19274;0.997962 -0.0470918 -0.0430631 1.18386 0.0462579 0.998726 -0.020159 5.35982 0.0439575 0.0181259 0.998869 5.1327 0 0 0 1 
7680147070168;0.458362;0.948858;0.998869 -0.00412366 0.0473762 1.75914 -0.00103978 0.994101 0.10845 0.81978 -0.047544 -0.108376 0.992972 -6.07583 0 0 0 1 
7680147070169;1.52541;1.26875;0.965648 -0.0567878 -0.253574 -1.376 0.077224 0.994456 0.0713725 9.14466 0.248115 -0.0885027 0.964679 25.4373 0 0 0 1 
7680147070170;1.71122;1.74351;0.99598 0.0207377 0.0871411 0.378008 -0.016263 0.998528 -0.0517495 -1.64746 -0.0880859 0.0501243 0.994851 -8.73026 0 0 0 1 
7680147070171;1.73488;0.782565;0.995419 -0.0467227 -0.0834144 2.58822 0.0236821 0.965763 -0.258341 2.75435 0.0926289 0.255182 0.962446 9.86729 0 0 0 1 
7680147070172;1.09968;1.02319;0.999874 -0.0153895 0.00382991 2.04433 0.015444 0.999774 -0.0146284 1.69638 -0.00360392 0.0146857 0.999886 -0.271381 0 0 0 1 
7680147070173;0.591876;0.910987;0.965101 0.00276634 -0.261863 -3.65243 0.0152418 0.997656 0.0667132 2.49326 0.261433 -0.0683762 0.962797 28.5076 0 0 0 1 
7680147070174;1.36958;1.52664;0.997267 -0.0245287 0.0696848 0.976023 0.0346574 0.988367 -0.148085 3.10116 -0.0652419 0.150095 0.986517 -8.08699 0 0 0 1 
7680147070175;0.533565;0.98205;0.999672 -0.0149355 -0.0208164 1.40686 0.0145806 0.999748 -0.0170971 2.21861 0.0210665 0.016788 0.999637 2.80723 0 0 0 1 
7680147070176;0.79171;0.937534;0.990315 0.0234381 0.136848 0.920869 -0.0103582 0.995374 -0.0955206 -1.26741 -0.138454 0.0931779 0.985976 -14.0845 0 0 0 1 
7680147070177;1.74498;1.84413;0.954587 0.0534234 0.293103 -3.02724 -0.0286415 0.995691 -0.0882025 -3.28932 -0.296552 0.0758021 0.952004 -32.4723 0 0 0 1 
7680147070178;1.38005;1.49106;0.994463 -0.00236753 0.105057 0.685459 0.0144798 0.993297 -0.11468 1.55977 -0.104082 0.115566 0.987832 -12.4668 0 0 0 1 
7680147070179;1.66284;1.53296;0.998318 0.0284655 0.0505093 2.39176 -0.030199 0.998969 0.0338947 -2.78017 -0.0494924 -0.035363 0.998148 -4.54277 0 0 0 1 
7680147070180;1.25183;1.01112;0.974955 0.0106206 -0.222151 -2.75831 0.0233136 0.988476 0.149574 2.78177 0.221179 -0.151007 0.963471 21.7004 0 0 0 1 
7680147070181;1.00094;0.733545;0.997473 0.0202498 0.0681006 0.805199 -0.0337744 0.978439 0.203755 -3.36212 -0.0625063 -0.20554 0.976651 -8.93113 0 0 0 1 
7680147070182;1.8528;1.14176;0.97674 0.0336396 0.211771 -0.254258 -0.0609624 0.990427 0.123846 -6.06313 -0.205578 -0.133875 0.969441 -25.9053 0 0 0 1 
7680147070183;0.963883;0.800448;0.98706 0.037732 0.155852 1.35411 -0.0658172 0.98161 0.179192 -6.45073 -0.146224 -0.187131 0.971391 -17.8036 0 0 0 1 
7680147070184;0.147928;0.786791;0.999294 0.0162339 -0.033885 1.09858 -0.015956 0.999837 0.00845412 -1.23187 0.0340167 -0.00790748 0.99939 3.72595 0 0 0 1 
7680147070186;1.27351;2.14928;0.998195 0.0464872 0.0380161 1.945 -0.0431509 0.995505 -0.0843111 -2.70091 -0.0417646 0.0825185 0.995714 -3.75944 0 0 0 1 
7680147070187;0.700101;2.16015;0.95373 0.0291059 0.299252 -1.28141 -0.083183 0.981997 0.169597 -5.95767 -0.288928 -0.186643 0.938981 -31.1318 0 0 0 1 
7680147070188;1.39118;2.51699;0.998681 0.0166726 0.0485522 2.46513 -0.0177507 0.999603 0.0218587 0.522109 -0.0481685 -0.0226917 0.998581 -7.30385 0 0 0 1 
7680147070189;1.30828;2.33806;0.954674 -0.0536285 -0.292783 -2.4443 0.151924 0.933654 0.32436 21.9137 0.255963 -0.354139 0.899482 29.821 0 0 0 1 
7680147070190;1.12112;2.55825;0.994772 0.0177192 0.100576 2.19542 -0.0499807 0.9433 0.328157 -0.73488 -0.0890588 -0.331468 0.939254 -8.83199 0 0 0 1 
7680147070191;1.94775;2.05001;0.996633 -0.0367961 -0.0732672 3.68875 0.0500333 0.980901 0.187963 9.61684 0.0649515 -0.190996 0.97944 7.88315 0 0 0 1 
7680147070192;1.68036;2.80556;0.987579 -0.0309387 0.15405 2.35272 0.0359348 0.998911 -0.0297527 6.99039 -0.152962 0.0349189 0.987615 -16.8733 0 0 0 1 
7680147070193;1.11849;2.23133;0.998164 -0.0261126 0.0546487 3.40925 0.0402362 0.960297 -0.276063 6.19668 -0.0452703 0.277755 0.959585 -6.38924 0 0 0 1 
7680147070194;0.766853;2.58837;0.999925 0.00428174 0.011457 1.89511 -0.00437029 0.999961 0.00771549 1.91435 -0.0114235 -0.00776498 0.999905 -1.87465 0 0 0 1 
7680147070195;0.416426;2.21481;0.997432 0.00374437 0.0715206 2.67663 0.0024811 0.996226 -0.0867579 2.43354 -0.0715755 0.0867126 0.993659 -9.07001 0 0 0 1 
7680147070196;0.748225;2.7413;0.999742 0.00216506 0.0226246 2.13262 -0.00375584 0.997504 0.0705079 2.40635 -0.0224155 -0.0705746 0.997255 -1.89392 0 0 0 1 
7680147070197;0.500793;2.18752;0.999061 0.0338479 0.0270485 2.19252 -0.0267626 0.973029 -0.229125 -1.24088 -0.0340744 0.228186 0.973021 -5.75316 0 0 0 1 
7680147070198;0.104802;2.45308;0.99999 0.00150292 0.00430248 2.51446 -0.0018756 0.996121 0.0879688 3.06732 -0.00415359 -0.087976 0.996114 0.0450836 0 0 0 1 
7680147070199;1.797;2.10064;0.982846 0.0464033 0.178496 0.374775 -0.0367913 0.997708 -0.05679 -2.5168 -0.180723 0.0492487 0.9823 -23.0008 0 0 0 1 
7680147070200;0.574851;2.24359;0.998942 0.0383438 -0.0254017 1.80541 -0.0369629 0.997922 0.0527679 -1.2964 0.0273722 -0.0517731 0.998284 2.65963 0 0 0 1 
7680147070201;1.66238;2.72275;0.969565 -0.0479519 -0.240094 -2.40751 0.0448485 0.998825 -0.0183763 6.26026 0.240693 0.00704915 0.970576 25.5955 0 0 0 1 
7680147070202;0.856075;2.79935;0.999806 0.005936 0.0188005 2.22348 -0.00898176 0.986031 0.166322 2.2617 -0.0175506 -0.166459 0.985892 -0.470336 0 0 0 1 
7680147070203;0.151635;2.22973;0.999491 -0.0276846 0.0158387 2.78598 0.02764 0.999613 0.00302803 5.64411 -0.0159164 -0.00258871 0.99987 -1.85491 0 0 0 1 
7680147070204;1.87474;2.9053;0.999874 -0.00668873 0.0144149 1.54099 0.00692739 0.999839 -0.0165706 2.62837 -0.0143017 0.0166683 0.999759 -0.228683 0 0 0 1 
7680147070205;1.34644;2.04226;0.99992 -0.00703204 0.0105403 3.48444 0.00605485 0.99592 0.0900344 5.00118 -0.0111304 -0.0899633 0.995883 -0.997425 0 0 0 1 
7680147070206;0.882492;2.07181;0.90402 -0.110966 -0.412836 -9.39557 0.0581678 0.988671 -0.138369 9.20346 0.423513 0.101075 0.900233 45.3255 0 0 0 1 
7680147070207;1.16879;2.25685;0.995423 0.0592473 0.0749864 0.57069 -0.0639346 0.996043 0.0617322 -4.82823 -0.0710322 -0.0662439 0.995272 -6.30873 0 0 0 1 
7680147070208;1.24601;2.62204;0.997191 0.0602899 0.0444443 1.45369 -0.0649379 0.991598 0.111874 -4.44922 -0.037326 -0.114445 0.992728 -3.42358 0 0 0 1 
7680147070209;1.20929;2.16205;0.995542 -0.0299385 -0.0894417 2.53929 0.0623839 0.920243 0.386342 11.9905 0.0707416 -0.3902 0.918009 9.31683 0 0 0 1 
7680147070210;1.69015;2.15541;0.999352 -0.029935 0.0199945 3.65673 0.0297138 0.999495 0.0112691 7.31141 -0.0203217 -0.0106677 0.999737 -0.754568 0 0 0 1 
7680147070211;0.940014;2.60448;0.986934 -0.011015 -0.16075 -0.0736661 0.040534 0.982549 0.181533 8.4021 0.155945 -0.185677 0.970157 19.4655 0 0 0 1 
7680147070212;1.74535;2.45245;0.999174 -0.0388825 0.0118217 3.16945 0.0389757 0.99921 -0.00775871 7.65963 -0.0115107 0.00821306 0.9999 -2.50901 0 0 0 1 
7680147070213;0.400202;2.28559;0.999294 -0.011508 0.0357549 2.72419 0.0104402 0.999498 0.0299096 4.05988 -0.0360811 -0.0295152 0.998913 -4.10542 0 0 0 1 
7680147070214;0.315659;2.64059;0.997327 -0.0229736 -0.0693595 2.18344 0.0282655 0.996684 0.0763061 6.40937 0.0673765 -0.0780626 0.994669 7.85498 0 0 0 1 
7680147070215;0.611277;2.44332;0.997993 -0.00634077 0.0630025 2.61098 0.00485464 0.999707 0.0237137 2.89281 -0.0631344 -0.0233603 0.997732 -7.72177 0 0 0 1 
7680147070217;0.89674;0.424027;0.998153 0.0104924 0.0598455 -0.0721041 -0.0112907 0.999852 0.0130155 -0.374152 -0.0597 -0.0136672 0.998123 -2.09833 0 0 0 1 
7680147070218;1.73564;0.566742;0.999954 0.00264456 0.00923712 -0.591827 -0.00261653 0.999992 -0.00304514 0.238962 -0.00924509 0.00302083 0.999953 1.68166 0 0 0 1 
7680147070219;1.39452;0.921734;0.961392 -0.0600866 -0.268541 -1.80291 0.0328918 0.993965 -0.104647 0.399855 0.273208 0.0917743 0.957567 6.13794 0 0 0 1 
7680147070220;0.267296;0.282537;0.999813 -0.0123899 -0.0148416 -0.48333 0.00523323 0.91244 -0.409176 -1.13538 0.0186118 0.409022 0.912335 4.0523 0 0 0 1 
7680147070221;1.27015;1.37292;0.999824 0.00248771 0.018621 -0.135796 -0.00659472 0.974592 0.22389 -0.214614 -0.0175909 -0.223973 0.974437 -2.72974 0 0 0 1 
7680147070222;1.97297;0.676535;0.996039 0.00495243 0.0887839 -2.17843 -0.00748291 0.999575 0.0281913 -0.608326 -0.0886065 -0.028744 0.995652 -1.08856 0 0 0 1 
7680147070223;1.53331;1.01212;0.997724 0.00209429 -0.067402 -0.993503 -0.00194368 0.999995 0.00230004 -0.544998 0.0674065 -0.0021638 0.997723 -0.0947933 0 0 0 1 
7680147070224;2.30376;0.409037;0.911841 -0.089797 -0.400603 -2.35167 0.0445984 0.991677 -0.120776 0.0687142 0.408114 0.0922619 0.908257 4.08199 0 0 0 1 
7680147070225;1.4585;1.14228;0.998772 -0.0120386 -0.0480572 -0.418149 0.00933727 0.998385 -0.0560446 0.27079 0.0486543 0.0555271 0.997271 2.32268 0 0 0 1 
7680147070226;1.86707;0.675569;0.998392 -0.0119794 -0.0554073 -0.567023 0.0111194 0.999813 -0.0158027 0.461287 0.0555863 0.0151612 0.998339 2.9742 0 0 0 1 
7680147070227;0.781577;0.503321;0.999826 -0.00090184 -0.0186542 -0.216278 0.00087536 0.999999 -0.00142765 -0.202917 0.0186554 0.00141107 0.999825 -0.64825 0 0 0 1 
7680147070228;0.400914;0.49301;0.998333 0.00841368 0.0570918 -0.0951131 -0.00987081 0.999631 0.0252888 -0.177077 -0.0568579 -0.0258102 0.998049 -1.1373 0 0 0 1 
7680147070229;0.955663;0.752966;0.999731 -0.000305906 -0.0231977 -0.815104 -0.000723079 0.999016 -0.0443359 -0.110501 0.0231884 0.0443408 0.998747 0.98889 0 0 0 1 
7680147070230;0.317185;0.32106;0.980887 -0.0388404 -0.190664 -1.15966 0.0299035 0.998325 -0.0495289 0.34131 0.192268 0.0428807 0.980405 3.38369 0 0 0 1 
7680147070231;1.12926;1.00495;0.999979 -0.000136677 0.00643266 -0.174474 9.73051e-05 0.999981 0.00612055 -0.124915 -0.00643338 -0.0061198 0.999961 -0.976221 0 0 0 1 
7680147070232;1.51388;0.918217;0.999969 0.00310245 0.00727617 -0.795048 -0.00322167 0.99986 0.0164308 -0.495682 -0.00722417 -0.0164537 0.999839 -1.46727 0 0 0 1 
7680147070233;1.97376;1.31629;0.991352 -0.00644672 -0.131074 -1.58988 0.0484473 0.946217 0.319883 0.341251 0.121962 -0.323467 0.938347 -2.40484 0 0 0 1 
7680147070234;1.9935;0.568075;0.999781 -0.00687397 -0.0197507 -0.378779 0.00491997 0.99524 -0.097331 -0.357316 0.0203257 0.0972126 0.995056 -1.28425 0 0 0 1 
7680147070235;1.53051;1.02639;0.987025 -0.0264085 -0.158381 -0.677552 0.0247357 0.999616 -0.0125242 0.0313687 0.158651 0.00844406 0.987299 1.00318 0 0 0 1 
7680147070236;0.104269;0.225667;0.999921 -0.000717489 0.0125448 -0.275098 0.000713526 1 0.00032037 -0.0224384 -0.012545 -0.000311393 0.999921 -0.164892 0 0 0 1 
7680147070237;2.06657;0.498646;0.997536 -0.0109154 -0.0693075 -2.08108 -0.00142481 0.984469 -0.175553 -0.60399 0.0701473 0.175219 0.982027 4.11936 0 0 0 1 
7680147070238;1.4657;1.39001;0.916429 0.0232934 0.399519 -0.735393 -0.124591 0.965299 0.229511 -2.04401 -0.380309 -0.260107 0.88753 -8.78526 0 0 0 1 
7680147070239;0.672786;0.387843;0.992297 0.0188798 0.122436 -0.00232218 -0.0269266 0.997561 0.064405 -0.24285 -0.120921 -0.0672057 0.990385 -1.91407 0 0 0 1 
7680147070240;1.69401;0.461709;0.998837 0.00306161 0.0481208 -0.273053 -0.0066961 0.99712 0.07555 0.355798 -0.0477509 -0.0757844 0.99598 0.471481 0 0 0 1 
7680147070241;1.89764;0.89342;0.996422 -0.0112213 -0.0837668 -0.584938 0.028713 0.97714 0.210649 -0.135384 0.0794881 -0.212301 0.973966 -3.11416 0 0 0 1 
7680147070242;1.04234;0.425849;0.99794 -0.00971909 -0.0634123 -0.909339 0.0101475 0.999928 0.00643737 0.141872 0.0633452 -0.00706758 0.997967 1.57373 0 0 0 1 
7680147070243;1.63774;1.08892;0.96964 0.0320681 0.242424 -1.11069 -0.0400723 0.9988 0.0281577 -0.941469 -0.241231 -0.0370173 0.969762 -4.06631 0 0 0 1 
7680147070244;2.23994;1.644;0.996481 0.000576792 -0.0838116 -0.512723 0.0172384 0.977187 0.211682 0.672966 0.0820217 -0.212382 0.973738 1.18824 0 0 0 1 
7680147070245;0.410551;0.322859;0.999754 -0.00512544 -0.0215784 -0.34187 0.0051724 0.999984 0.002121 -0.0841483 0.0215672 -0.0022321 0.999765 -0.213877 0 0 0 1 
7680147070246;0.921508;0.419378;0.994548 -0.0208152 -0.102179 -0.599913 0.015565 0.99853 -0.0519135 0.00500657 0.103109 0.05004 0.993411 0.879163 0 0 0 1 
7680147070248;1.50847;0.979367;0.971644 -0.0113495 -0.236176 -0.743167 0.0811955 0.954124 0.288194 9.52332 0.22207 -0.299198 0.92799 23.2494 0 0 0 1 
7680147070249;1.33018;0.683018;0.996723 0.0635364 0.0500561 2.10883 -0.0639026 0.99794 0.00574637 -4.25995 -0.0495879 -0.00892625 0.99873 -2.94463 0 0 0 1 
7680147070250;0.124558;0.401178;0.999905 0.00290645 0.0135079 0.820861 -0.00292172 0.999995 0.00111059 0.223095 -0.0135046 -0.00114995 0.999908 -1.37499 0 0 0 1 
7680147070251;0.53556;0.811519;0.986591 0.0501253 0.155323 -0.145756 -0.06573 0.99311 0.0970157 -4.97797 -0.14939 -0.105924 0.983088 -12.2983 0 0 0 1 
7680147070252;1.1295;0.537826;0.990782 0.0553821 0.123626 -0.139332 -0.0473824 0.996645 -0.0667392 -3.75143 -0.126907 0.0602663 0.990082 -9.74519 0 0 0 1 
7680147070253;0.578449;0.393826;0.998315 -0.0035784 -0.0579144 0.0960997 0.00419583 0.999936 0.010543 0.850836 0.0578729 -0.0107683 0.998266 6.01741 0 0 0 1 
7680147070254;1.15198;0.529401;0.999958 -0.00563416 0.00718738 2.15662 0.00559898 0.999972 0.00490526 1.82253 -0.00721482 -0.00486481 0.999962 -2.15352 0 0 0 1 
7680147070255;0.370863;0.44461;0.998873 0.029967 0.0368053 0.493938 -0.0440818 0.873175 0.48541 -0.987963 -0.0175911 -0.486486 0.873512 2.44703 0 0 0 1 
7680147070256;1.32328;0.718261;0.96737 0.0780067 0.241062 -2.42022 -0.0325715 0.981819 -0.187004 -3.40635 -0.251267 0.173051 0.952323 -26.1767 0 0 0 1 
7680147070257;0.807316;0.412566;0.971249 -0.0972763 -0.217285 -0.66396 0.0494655 0.97525 -0.215502 4.1733 0.23287 0.198558 0.952022 19.8446 0 0 0 1 
7680147070258;0.260139;0.304759;0.95901 0.0923586 0.267897 -3.04525 -0.0579516 0.989336 -0.133624 -5.25279 -0.277382 0.112622 0.954136 -26.148 0 0 0 1 
7680147070259;0.965988;0.858134;0.989509 0.0236238 0.142527 -0.21851 -0.0352963 0.996175 0.0799329 -2.66855 -0.140094 -0.0841251 0.986558 -11.6809 0 0 0 1 
7680147070260;0.831214;0.513921;0.999099 0.0334158 -0.0261592 1.03912 -0.028821 0.986744 0.159705 -0.46275 0.0311491 -0.158807 0.986818 3.84269 0 0 0 1 
7680147070261;1.06706;0.489486;0.985813 0.0697885 0.15265 -0.926064 -0.0332226 0.9726 -0.230101 -3.38414 -0.164526 0.221765 0.96112 -18.2603 0 0 0 1 
7680147070262;1.52451;1.20175;0.990799 0.0440846 0.127957 1.00206 -0.0451664 0.998964 0.00556369 -3.95894 -0.127579 -0.0112919 0.991764 -13.3002 0 0 0 1 
7680147070263;1.15131;0.589776;0.998655 0.0265819 0.0445107 0.0327527 -0.0252695 0.999237 -0.0297938 -2.68572 -0.0452687 0.0286289 0.998565 -6.29424 0 0 0 1 
