#;prob_registration_l1 -r /home/probabilistic_point_clouds_registration/build/tester /home/point_clouds_registration_benchmark//devel/registration_pairs/gazebo_winter_local.txt /home/point_clouds_registration_benchmark//eth/gazebo_winter -s 0.2 -t 0.2 -p 0.3 -r 1000 -m 10 -i 40 
id;initial_error;final_error;transformation
38591597440000;0.538033;0.0238968;0.993513 -0.101126 -0.0520209 -0.405978 0.102744 0.994272 0.029436 -0.451069 0.0487462 -0.0345899 0.998212 0.55478 0 0 0 1 
38591597440001;0.518725;0.184819;0.982351 0.0800821 0.169037 -0.129239 -0.0952826 0.991916 0.0838051 0.133992 -0.16096 -0.0984323 0.98204 0.0105877 0 0 0 1 
38591597440002;0.466312;0.0235892;0.983945 -0.132093 0.120017 0.0527163 0.136298 0.990286 -0.0274925 -0.316849 -0.115219 0.0434091 0.992391 -0.215709 0 0 0 1 
38591597440003;0.369171;0.190802;0.998953 0.0438289 0.0131034 -0.0731117 -0.0439701 0.998976 0.0106904 0.0498375 -0.0126214 -0.0112554 0.999857 0.425827 0 0 0 1 
38591597440004;0.566929;0.268794;0.950445 0.168586 -0.261214 0.846959 -0.163223 0.985684 0.0422563 0.515649 0.264598 0.00247375 0.964356 -1.61994 0 0 0 1 
38591597440005;0.214626;0.0137281;0.994892 -0.0812883 -0.0598531 0.00648663 0.080919 0.996684 -0.0085722 -0.309976 0.0603514 0.00368516 0.99817 -0.596552 0 0 0 1 
38591597440006;0.296525;0.0177687;0.961035 -0.216043 -0.172444 0.157842 0.237376 0.964665 0.114343 -1.00987 0.141648 -0.150822 0.97836 -0.352776 0 0 0 1 
38591597440007;0.55939;0.0343551;0.990185 0.139758 -0.0012777 0.0538184 -0.139331 0.987794 0.0696401 0.175459 0.0109949 -0.0687785 0.997571 -0.869171 0 0 0 1 
38591597440008;0.573696;0.0249006;0.909384 0.00553898 0.41592 0.303775 -0.110147 0.967423 0.227947 0.461328 -0.401108 -0.253104 0.88037 2.45873 0 0 0 1 
38591597440009;0.226381;0.0131141;0.999357 -0.0292896 0.020705 0.0370854 0.0284559 0.998815 0.0394715 0.0540201 -0.0218366 -0.0388569 0.999006 -0.236683 0 0 0 1 
38591597440010;0.405479;0.0265421;0.934248 -0.110172 0.339181 0.0841066 0.224429 0.920768 -0.31909 -0.775101 -0.277152 0.374231 0.884951 1.6687 0 0 0 1 
38591597440011;0.432428;0.327068;0.99873 -0.0340028 -0.037183 0.140196 0.038959 0.989111 0.141918 -0.38438 0.0319525 -0.143186 0.98918 -0.221083 0 0 0 1 
38591597440012;0.493861;0.0293473;0.996294 -0.00379203 -0.0859318 0.324674 -0.000792455 0.998581 -0.0532534 -0.263289 0.0860118 0.0531241 0.994877 0.329357 0 0 0 1 
38591597440013;0.489902;0.26299;0.977552 0.0986653 0.186167 -0.155768 -0.107783 0.99339 0.0394822 0.134507 -0.181041 -0.0586616 0.981724 0.407751 0 0 0 1 
38591597440014;0.265078;0.0259112;0.949957 -0.0576408 0.307015 -0.0645596 0.0903454 0.991522 -0.09339 -0.27925 -0.29903 0.116454 0.947111 1.44912 0 0 0 1 
38591597440015;0.50504;0.225604;0.988737 -0.117475 0.0927266 0.0149414 0.101069 0.981064 0.165225 -0.827108 -0.110381 -0.153992 0.981887 0.126655 0 0 0 1 
38591597440016;0.306367;0.0200943;0.961546 0.116608 -0.248661 0.251367 -0.0690998 0.978982 0.191886 -0.0168997 0.26581 -0.167325 0.949393 -1.35309 0 0 0 1 
38591597440017;0.306001;0.189384;0.998685 -0.0504653 0.00898818 -0.117701 0.050812 0.997748 -0.0437783 -0.333613 -0.00675865 0.0441774 0.999001 0.0893614 0 0 0 1 
38591597440018;0.310987;0.20525;0.998658 0.0488755 -0.0171114 0.203354 -0.0490995 0.99871 -0.0129267 0.120469 0.0164575 0.0137495 0.99977 -0.322576 0 0 0 1 
38591597440019;0.565481;0.245773;0.991968 -0.115121 0.0524025 -0.542763 0.100908 0.97006 0.22091 -0.439539 -0.0762649 -0.213848 0.973885 -0.128964 0 0 0 1 
38591597440020;0.471158;0.0471647;0.958783 -0.283295 -0.0218643 -0.0450355 0.274001 0.942207 -0.192795 -1.12426 0.0752187 0.178858 0.980995 0.283611 0 0 0 1 
38591597440021;0.264772;0.189566;0.982233 0.0730112 0.17288 -0.112739 -0.0825523 0.995399 0.0486482 0.17648 -0.168533 -0.0620555 0.983741 0.595717 0 0 0 1 
38591597440022;0.382739;0.0239159;0.99469 -0.0258168 -0.0996237 -0.314068 0.0321032 0.997558 0.0620232 -0.467164 0.0977792 -0.0648921 0.99309 -0.0752568 0 0 0 1 
38591597440023;0.504596;0.288433;0.995154 0.0944358 -0.0273958 0.0637772 -0.0958392 0.99385 -0.0554726 0.520109 0.0219887 0.0578294 0.998084 -0.60054 0 0 0 1 
38591597440024;0.223621;0.0337417;0.997223 -0.052756 0.0525635 -0.0369189 0.0645656 0.964201 -0.257192 0.073999 -0.0371134 0.259872 0.96493 0.32251 0 0 0 1 
38591597440025;0.497841;0.0273814;0.93701 -0.23135 0.261704 -0.368251 0.265828 0.958329 -0.104601 -1.35176 -0.226599 0.16758 0.959463 0.625131 0 0 0 1 
38591597440026;0.507307;0.329601;0.974733 -0.0597005 -0.215247 0.354626 0.0721966 0.996103 0.0506606 -0.224241 0.211383 -0.0649207 0.975245 -0.614117 0 0 0 1 
38591597440027;0.37107;0.0208669;0.995755 0.00413888 0.0919539 -0.241631 -0.0464146 0.885262 0.46277 0.114318 -0.079488 -0.465074 0.881696 0.365538 0 0 0 1 
38591597440028;0.144155;0.0257329;0.985884 -0.158542 -0.0538282 0.0286816 0.157196 0.987159 -0.0284133 -0.590045 0.0576417 0.0195506 0.998146 -0.156136 0 0 0 1 
38591597440029;0.386592;0.0724584;0.955104 -0.24182 0.171174 -0.0897938 0.195771 0.948773 0.247999 -1.10686 -0.222376 -0.203354 0.953518 0.845758 0 0 0 1 
38591597440031;0.613756;0.312467;0.959252 -0.0664933 -0.274617 0.406572 0.0449981 0.995462 -0.0838513 -0.67333 0.278946 0.0680773 0.957891 -1.28864 0 0 0 1 
38591597440032;0.317715;0.143871;0.976581 0.122381 -0.176953 0.420667 -0.142055 0.984472 -0.103122 0.805794 0.161585 0.125845 0.978802 -0.486523 0 0 0 1 
38591597440033;0.586776;0.350607;0.932307 -0.0482218 0.358439 0.0511584 0.0349503 0.998446 0.043417 0.288423 -0.359976 -0.0279504 0.932543 1.43322 0 0 0 1 
38591597440034;0.22655;0.0278756;0.986883 -0.140581 0.079364 -0.323502 0.153848 0.96795 -0.198505 -0.928857 -0.0489143 0.208112 0.976881 0.616742 0 0 0 1 
38591597440035;0.489052;0.21734;0.992781 0.00578112 0.119802 -0.00835126 0.00398961 0.996693 -0.0811572 -0.451384 -0.119875 0.0810493 0.989475 0.650178 0 0 0 1 
38591597440036;0.235684;0.184836;0.999338 -0.0363511 0.00136988 -0.0717554 0.036363 0.999288 -0.0100218 -0.0356316 -0.00100461 0.0100649 0.999949 -0.0550194 0 0 0 1 
38591597440037;0.200232;0.0224804;0.994924 0.0989134 0.0185005 0.171171 -0.098936 0.995094 0.000304212 0.407103 -0.0183796 -0.00213303 0.999829 -0.234985 0 0 0 1 
38591597440038;0.419626;0.237954;0.990886 0.126419 -0.0465172 0.229107 -0.132969 0.973212 -0.187556 0.690744 0.0215605 0.192032 0.981152 0.693804 0 0 0 1 
38591597440039;0.360484;0.0208167;0.998767 -0.0228747 0.0440625 -0.0672924 0.0293404 0.987915 -0.152192 -0.260288 -0.0400487 0.153297 0.987368 -0.0797707 0 0 0 1 
38591597440040;0.46013;0.0236821;0.878988 0.234248 -0.41534 1.40067 -0.244085 0.969286 0.0301081 0.944709 0.409636 0.0749138 0.909168 -1.94128 0 0 0 1 
38591597440041;0.266595;0.018062;0.998648 0.0513931 0.00785621 -0.344057 -0.0514817 0.998607 0.0115276 0.171812 -0.00725283 -0.0119165 0.999903 0.0546213 0 0 0 1 
38591597440042;0.263344;0.0145618;0.96687 0.210274 -0.144731 0.606067 -0.194707 0.974147 0.11457 0.485103 0.165081 -0.0825944 0.982816 -0.725077 0 0 0 1 
38591597440043;0.518284;0.178432;0.983588 0.166788 -0.0688227 0.560959 -0.159597 0.982172 0.099333 0.575168 0.0841632 -0.0867188 0.992671 -1.27568 0 0 0 1 
38591597440044;0.328581;0.18114;0.994123 0.0659085 0.0858851 -0.0511168 -0.0625309 0.997182 -0.0414433 0.375558 -0.0883745 0.0358293 0.995443 0.723458 0 0 0 1 
38591597440045;0.358212;0.0279081;0.978672 0.162788 0.125304 0.113192 -0.166457 0.985859 0.0193204 0.939257 -0.120387 -0.039766 0.99193 0.864025 0 0 0 1 
38591597440046;0.061941;0.0313944;0.999488 -0.0129108 0.0292671 0.00413554 0.0121574 0.999594 0.025776 -0.0530658 -0.029588 -0.025407 0.999239 0.0627811 0 0 0 1 
38591597440047;0.281023;0.0237652;0.983419 0.166205 -0.0725474 0.544164 -0.157706 0.981301 0.110353 0.426022 0.0895319 -0.0970817 0.991241 -0.936238 0 0 0 1 
38591597440048;0.595102;0.0212617;0.985949 0.0485511 -0.159838 0.0267925 0.00218701 0.952999 0.302966 -0.849549 0.167035 -0.299058 0.939502 -2.05143 0 0 0 1 
38591597440049;0.461067;0.0176693;0.89771 0.121494 -0.423505 0.989513 -0.204663 0.966217 -0.156642 0.836567 0.390167 0.227295 0.892248 -1.6233 0 0 0 1 
38591597440050;0.266343;0.0227365;0.99864 0.0114426 -0.0508705 0.0787493 -0.0265222 0.951456 -0.306641 0.180198 0.0448923 0.307573 0.950465 0.136411 0 0 0 1 
38591597440051;0.432966;0.0262235;0.926838 0.187335 -0.325389 1.11041 -0.186372 0.981876 0.0344282 1.0932 0.325941 0.0287341 0.944953 -1.19491 0 0 0 1 
38591597440052;0.0767887;0.0258801;0.995113 -0.0194484 0.0968092 -0.0603692 0.0220074 0.999434 -0.0254363 -0.111913 -0.0962597 0.0274425 0.994978 0.437271 0 0 0 1 
38591597440053;0.465189;0.386351;0.993169 0.085869 -0.0790051 0.310368 -0.0793864 0.99348 0.0818299 0.345382 0.0855166 -0.074999 0.99351 -0.414941 0 0 0 1 
38591597440054;0.503874;0.0264832;0.997442 0.0457373 0.0549386 -0.746241 -0.049996 0.995634 0.0788238 0.161438 -0.0510936 -0.0813689 0.995374 0.221797 0 0 0 1 
38591597440055;0.362809;0.0209115;0.992685 -0.120559 0.00645037 -0.190605 0.120567 0.992705 -0.00083775 -0.656335 -0.00630231 0.00160932 0.999979 -0.546467 0 0 0 1 
38591597440056;0.349297;0.164298;0.977876 0.191877 0.0833183 0.194157 -0.208553 0.925214 0.316992 0.357334 -0.0162639 -0.327355 0.944761 -0.343038 0 0 0 1 
38591597440057;0.335627;0.0244256;0.925688 -0.0181492 -0.377852 0.568987 0.035464 0.998613 0.0389161 -0.110231 0.376622 -0.0494244 0.925048 -1.68803 0 0 0 1 
38591597440058;0.689618;0.599215;0.998171 0.0400557 -0.0452734 0.0265551 -0.040404 0.99916 -0.00680502 0.210804 0.0449628 0.00862181 0.998951 -0.536615 0 0 0 1 
38591597440059;0.45308;0.021981;0.999981 0.00488837 0.0037238 -0.389779 -0.00485891 0.999957 -0.00787862 -0.359671 -0.00376215 0.00786038 0.999962 -0.547802 0 0 0 1 
38591597440060;0.265486;0.0273125;0.995405 -0.0940609 0.0179028 0.00846479 0.0927666 0.993694 0.0629767 -0.676868 -0.0237136 -0.0610266 0.997854 0.296829 0 0 0 1 
38591597440062;0.128316;0.0280874;0.997122 -0.075797 0.00187135 -0.199609 0.0747661 0.987061 0.141846 -0.503994 -0.0125987 -0.141298 0.989887 -0.41575 0 0 0 1 
38591597440063;0.451456;0.0306352;0.996385 -0.0312802 0.078985 -0.220157 0.00488897 0.949317 0.314282 -0.522591 -0.0848126 -0.31276 0.946038 0.200757 0 0 0 1 
38591597440064;0.130373;0.0297797;0.997818 0.065982 -0.00221057 0.0457954 -0.0659141 0.993785 -0.0896991 0.208844 -0.0037217 0.0896491 0.995966 0.180066 0 0 0 1 
38591597440065;0.480669;0.0344047;0.951534 0.0814838 0.296552 -0.034188 -0.0581343 0.994534 -0.0867356 0.393002 -0.301999 0.065292 0.95107 0.858143 0 0 0 1 
38591597440066;0.373674;0.0331231;0.919527 0.0320815 0.391714 0.131044 -0.069952 0.994109 0.0827904 0.352545 -0.386751 -0.103529 0.916354 1.66693 0 0 0 1 
38591597440067;0.212733;0.0333874;0.984411 0.142985 0.102418 0.314265 -0.165164 0.951687 0.258867 0.412399 -0.060456 -0.271748 0.960468 -0.382269 0 0 0 1 
38591597440068;0.0642751;0.0276396;0.998266 -0.0388307 -0.0442383 -0.105548 0.0360021 0.997362 -0.0630363 -0.114139 0.0465693 0.0613343 0.99703 -0.0330414 0 0 0 1 
38591597440069;0.225205;0.0293814;0.993977 -0.0494209 -0.0978177 -0.074771 0.0410766 0.995486 -0.0855533 -0.128303 0.101604 0.08102 0.99152 -0.629027 0 0 0 1 
38591597440070;0.596655;0.0315861;0.983179 -0.134497 0.123572 -1.02198 0.14779 0.98337 -0.105552 -0.00623435 -0.10732 0.122039 0.986706 0.499982 0 0 0 1 
38591597440071;0.538974;0.0311376;0.968339 0.204455 0.143242 0.275923 -0.231137 0.951075 0.205015 1.22598 -0.0943175 -0.231632 0.96822 0.442988 0 0 0 1 
38591597440072;0.398938;0.0364498;0.986621 0.0805276 -0.141755 0.369977 -0.125642 0.929649 -0.346362 0.903575 0.10389 0.359538 0.927329 0.13709 0 0 0 1 
38591597440073;0.454646;0.210118;0.989852 0.14128 0.0152387 -0.266827 -0.141381 0.989938 0.00576226 0.563226 -0.0142713 -0.00785825 0.999867 -0.351023 0 0 0 1 
38591597440074;0.403252;0.0297524;0.99506 -0.0992744 0.000342045 0.37919 0.0991908 0.994069 -0.0445947 -0.367173 0.00408709 0.0444083 0.999005 0.270846 0 0 0 1 
38591597440075;0.606683;0.101191;0.998418 -0.0486168 -0.0282523 0.281372 0.0352658 0.932745 -0.358807 0.0112388 0.0437963 0.357243 0.932984 1.38538 0 0 0 1 
38591597440076;0.528752;0.0279473;0.999213 0.0216106 -0.0332521 -0.598088 -0.0208063 0.999487 0.0243472 0.23093 0.0337612 -0.0236362 0.99915 0.311574 0 0 0 1 
38591597440077;0.46683;0.403042;0.971845 0.0501779 0.230217 -0.532177 -0.0871858 0.984293 0.153513 0.252743 -0.218898 -0.169262 0.960955 0.497265 0 0 0 1 
38591597440078;0.164495;0.0288431;0.999952 -0.00915212 0.00348034 -0.276974 0.00919982 0.99986 -0.0139468 -0.0740979 -0.00335221 0.0139782 0.999897 0.0915421 0 0 0 1 
38591597440079;0.383028;0.0352436;0.935641 0.0702299 0.345895 0.500606 -0.12342 0.983236 0.134215 0.37485 -0.330671 -0.168267 0.928624 0.625883 0 0 0 1 
38591597440080;0.593423;0.367736;0.997467 -0.0443134 -0.0556437 -0.105785 0.0460384 0.998486 0.0301097 -0.246073 0.0542252 -0.0325951 0.997997 0.347633 0 0 0 1 
38591597440081;0.611108;0.036494;0.938183 -0.0141261 -0.345851 0.945934 -0.0997591 0.945736 -0.309243 0.43688 0.331452 0.324628 0.885865 -1.20069 0 0 0 1 
38591597440082;0.502695;0.347953;0.997622 0.0626801 0.0286739 -0.358466 -0.0648111 0.994631 0.0806812 0.298994 -0.0234628 -0.0823477 0.996327 -0.648653 0 0 0 1 
38591597440083;0.715049;0.301203;0.990982 -0.0612234 0.119191 -0.253467 0.0682596 0.996102 -0.0558705 -0.367484 -0.115305 0.0635026 0.991298 1.55304 0 0 0 1 
38591597440084;0.378082;0.0273745;0.989107 -0.00582721 0.147083 -0.182771 -0.0222666 0.981794 0.188637 -0.0356692 -0.145504 -0.189857 0.97097 -0.428125 0 0 0 1 
38591597440085;0.428084;0.417606;0.998437 0.0288067 0.047887 -0.0678424 -0.029364 0.999509 0.0109751 -0.0310206 -0.0475473 -0.0123641 0.998792 0.236872 0 0 0 1 
38591597440086;0.348552;0.23826;0.992492 0.0899856 -0.0828376 0.164495 -0.100293 0.986416 -0.130096 0.412878 0.0700056 0.137427 0.988035 0.209346 0 0 0 1 
38591597440087;0.456571;0.0296071;0.971877 -0.233556 -0.0301159 -0.952576 0.234227 0.971955 0.0210264 -1.24573 0.0243604 -0.027489 0.999325 -0.675581 0 0 0 1 
38591597440088;0.581918;0.0277695;0.991828 0.041459 0.120655 -0.420846 -0.0435396 0.998944 0.0146584 0.543988 -0.11992 -0.0197919 0.992586 -0.291607 0 0 0 1 
38591597440089;0.343578;0.0322063;0.974961 -0.182467 -0.127112 -0.257736 0.139478 0.946954 -0.289525 -0.468831 0.173198 0.264546 0.948693 -0.440174 0 0 0 1 
38591597440090;0.290589;0.0277115;0.994346 -0.103587 0.023354 -0.201454 0.103428 0.994605 0.00792908 -0.139162 -0.0240493 -0.0054688 0.999696 0.347826 0 0 0 1 
38591597440091;0.344699;0.343451;0.999516 -0.0075416 0.0301831 -0.109476 0.00835008 0.999607 -0.02675 -0.0495556 -0.0299695 0.0269891 0.999186 0.15997 0 0 0 1 
38591597440093;0.395285;0.225658;0.973471 -0.124395 0.192042 -0.390391 0.137146 0.989048 -0.054546 0.096341 -0.183153 0.0794369 0.97987 -0.198178 0 0 0 1 
38591597440094;0.48271;0.0107066;0.899669 0.0973416 0.425583 0.0633949 -0.130528 0.990211 0.0494445 0.493144 -0.416604 -0.100034 0.903568 -0.125991 0 0 0 1 
38591597440095;0.208258;0.195123;0.999132 0.0408475 -0.00816291 -0.177177 -0.0407437 0.999091 0.0125047 -0.0620114 0.00866628 -0.0121613 0.999888 -0.0156864 0 0 0 1 
38591597440096;0.348707;0.249794;0.955324 0.164441 -0.245593 -0.0938025 -0.135667 0.982199 0.129921 -0.20421 0.262586 -0.0907979 0.960627 -0.0594956 0 0 0 1 
38591597440097;0.0996698;0.0140881;0.996012 -0.0835017 -0.0314323 0.0319524 0.0832484 0.996486 -0.00928577 -0.124545 0.0320972 0.00663205 0.999463 0.0820021 0 0 0 1 
38591597440098;0.341585;0.0593821;0.922473 -0.284144 0.261355 0.0505461 0.253716 0.956449 0.144337 -0.443761 -0.290985 -0.0668371 0.95439 0.42257 0 0 0 1 
38591597440099;0.517514;0.0360608;0.871191 0.236483 0.430234 -0.661253 -0.265512 0.964077 0.00772567 0.512911 -0.412952 -0.120963 0.902684 0.516123 0 0 0 1 
38591597440100;0.554576;0.0145497;0.900398 0.240551 0.362516 -0.813222 -0.225788 0.970612 -0.083258 -0.294037 -0.371891 -0.00688658 0.928251 0.376348 0 0 0 1 
38591597440101;0.308911;0.0156162;0.997483 0.0107214 -0.0700881 0.419497 -0.0120916 0.999743 -0.0191552 -0.186252 0.0698647 0.0199544 0.997357 -0.675979 0 0 0 1 
38591597440102;0.281264;0.109687;0.977086 0.174794 0.121452 -0.18089 -0.197918 0.956056 0.216298 0.235565 -0.0783072 -0.235379 0.968744 0.0820273 0 0 0 1 
38591597440103;0.458862;0.0964609;0.951893 -0.29026 0.0982269 0.480486 0.271942 0.947926 0.165784 -0.819816 -0.141232 -0.131097 0.981258 -0.0682122 0 0 0 1 
38591597440104;0.179607;0.0126361;0.980538 0.0449321 -0.191117 0.119676 -0.0352009 0.99792 0.0540131 -0.118531 0.193147 -0.0462344 0.98008 -0.249973 0 0 0 1 
38591597440105;0.407802;0.329822;0.994072 -0.0679732 -0.0848505 0.207168 0.0676255 0.997686 -0.00696829 -0.147021 0.0851278 0.00118893 0.996369 -0.146418 0 0 0 1 
38591597440106;0.119513;0.0103483;0.998 -0.00774043 0.0627323 -0.130272 0.0115667 0.998079 -0.0608612 0.107829 -0.0621407 0.0614651 0.996173 -0.12742 0 0 0 1 
38591597440107;0.268114;0.237612;0.998357 -0.0444503 -0.0361716 0.0760822 0.0436888 0.998812 -0.0215783 -0.0163207 0.0370878 0.0199625 0.999113 0.0864934 0 0 0 1 
38591597440108;0.407271;0.222713;0.97714 0.143965 -0.156436 -0.311021 -0.128024 0.985912 0.107646 -0.158786 0.16973 -0.0851573 0.981804 0.315563 0 0 0 1 
38591597440109;0.443389;0.00998738;0.975172 0.160283 0.152805 -0.718356 -0.184013 0.970393 0.156448 -0.501589 -0.123205 -0.180681 0.975794 0.0909346 0 0 0 1 
38591597440110;0.432632;0.0139649;0.972837 -0.0730422 0.219667 -0.620146 0.130221 0.957215 -0.258422 0.455406 -0.191393 0.280008 0.940725 0.0407725 0 0 0 1 
38591597440111;0.338245;0.162938;0.950351 0.219109 -0.220963 -0.0412652 -0.215475 0.97566 0.0407288 -0.160811 0.224509 0.00890525 0.974431 -0.0182803 0 0 0 1 
38591597440112;0.277197;0.0105339;0.970359 0.137194 0.19895 -0.345808 -0.100202 0.977545 -0.185377 -0.0388032 -0.219915 0.159948 0.962317 0.242343 0 0 0 1 
38591597440113;0.357829;0.213274;0.9982 0.0599641 0.000281988 -0.249131 -0.0599332 0.997511 0.0371401 -0.0993528 0.00194578 -0.0370901 0.99931 -0.527499 0 0 0 1 
38591597440114;0.246214;0.160852;0.995314 0.0726404 0.0638284 -0.287755 -0.0672496 0.994287 -0.0828939 0.163953 -0.0694852 0.078213 0.994512 -0.0929592 0 0 0 1 
38591597440115;0.388473;0.12807;0.90575 -0.302953 0.296372 -0.139162 0.327355 0.944245 -0.035226 -0.39222 -0.269176 0.128925 0.954423 0.339982 0 0 0 1 
38591597440116;0.336493;0.0715821;0.961226 -0.247788 0.121024 0.243412 0.274465 0.902175 -0.33279 0.00368526 -0.0267234 0.353103 0.935203 -0.194413 0 0 0 1 
38591597440117;0.374866;0.0105936;0.999735 0.021305 -0.00866382 0.842812 -0.0210767 0.999449 0.0256362 -0.178673 0.00920522 -0.0254468 0.999634 0.228917 0 0 0 1 
38591597440118;0.178075;0.0170208;0.985787 -0.135034 0.099948 0.0526385 0.155093 0.960157 -0.232477 0.0229802 -0.0645735 0.244674 0.967453 -0.0242326 0 0 0 1 
38591597440119;0.473817;0.354186;0.997214 -0.071407 0.0215546 0.163793 0.0715675 0.997413 -0.0067672 -0.319824 -0.0210156 0.00829095 0.999745 0.411616 0 0 0 1 
38591597440120;0.215098;0.0162995;0.968939 -0.246953 0.01306 0.23367 0.246851 0.969012 0.00894596 -0.311949 -0.0148645 -0.00544423 0.999875 0.012522 0 0 0 1 
38591597440121;0.418127;0.0142895;0.992054 0.0922346 0.0855709 0.0457361 -0.0977267 0.993257 0.062375 0.0105302 -0.0792407 -0.0702419 0.994378 1.06055 0 0 0 1 
38591597440122;0.192825;0.0154478;0.97196 0.233188 0.0302875 -0.163813 -0.235136 0.965036 0.115832 0.173811 -0.00221789 -0.119706 0.992807 0.100834 0 0 0 1 
38591597440124;0.0779043;0.0189422;0.999472 0.0134867 -0.0295569 0.00298215 -0.0138257 0.999841 -0.0112956 0.0488841 0.0293999 0.0116983 0.999499 0.135831 0 0 0 1 
38591597440125;0.14453;0.0233161;0.998939 0.0107346 -0.0447773 0.0760406 7.61526e-05 0.97206 0.234734 -0.189824 0.046046 -0.234489 0.971028 -0.573057 0 0 0 1 
38591597440126;0.34028;0.166442;0.963265 -0.0894048 0.253233 -0.503751 0.12282 0.985226 -0.119351 0.13573 -0.238821 0.146069 0.960015 0.276216 0 0 0 1 
38591597440127;0.280733;0.0158558;0.975243 -0.110874 0.191334 -0.53478 0.106241 0.993747 0.0343383 0.217655 -0.193945 -0.0131607 0.980924 0.259321 0 0 0 1 
38591597440128;0.300881;0.303884;0.991934 0.0920411 -0.0871536 0.51385 -0.0800801 0.988011 0.131991 0.0129961 0.0982572 -0.123947 0.987412 -0.402331 0 0 0 1 
38591597440129;0.231531;0.0263666;0.958775 0.0900529 -0.269519 0.483616 -0.0298863 0.975153 0.219507 -0.00693691 0.282589 -0.202403 0.937644 -0.723892 0 0 0 1 
38591597440130;0.346361;0.260249;0.999327 -0.032095 0.0177458 -0.075942 0.0320583 0.999483 0.00234791 -0.171358 -0.017812 -0.00177743 0.99984 -0.203773 0 0 0 1 
38591597440131;0.336968;0.432489;0.990422 -0.121315 0.0659272 0.0716522 0.122218 0.992455 -0.00982515 0.483704 -0.0642378 0.0177885 0.997776 0.181379 0 0 0 1 
38591597440132;0.344656;0.143733;0.918272 0.316109 -0.238437 1.07302 -0.332119 0.942786 -0.0291602 0.373406 0.215577 0.105966 0.97072 0.223609 0 0 0 1 
38591597440133;0.350181;0.217722;0.995496 0.0911283 0.0261348 0.165065 -0.0879397 0.99063 -0.104489 -0.0861747 -0.0354119 0.101721 0.994183 0.483843 0 0 0 1 
38591597440134;0.561974;0.364333;0.959334 -0.140756 0.244677 0.0887482 0.145141 0.989411 0.000109144 0.540921 -0.242101 0.0354081 0.969605 0.925372 0 0 0 1 
38591597440135;0.216019;0.0266205;0.978947 -0.0313253 -0.201699 0.167385 0.0579532 0.990144 0.1275 -0.250895 0.195717 -0.136504 0.971114 -0.569618 0 0 0 1 
38591597440136;0.499684;0.292709;0.994652 -0.103223 0.00351005 0.1655 0.102979 0.993757 0.0429346 -0.0484607 -0.00791998 -0.0423435 0.999072 -0.784325 0 0 0 1 
38591597440137;0.297035;0.0235374;0.994658 0.101698 0.0177038 0.0891398 -0.100532 0.993267 -0.0575629 0.689749 -0.0234386 0.0554756 0.998185 0.127584 0 0 0 1 
38591597440138;0.314957;0.0487404;0.940627 0.262272 0.215488 0.696032 -0.27117 0.962453 0.0122786 0.363182 -0.204177 -0.0699835 0.976429 -0.112673 0 0 0 1 
38591597440139;0.155913;0.0198608;0.994549 -0.00895977 0.103885 0.117084 0.0253174 0.987237 -0.15723 0.119992 -0.101151 0.159003 0.982083 0.616983 0 0 0 1 
38591597440140;0.442404;0.0255343;0.983698 -0.0688332 0.166133 -0.174984 0.0168753 0.9551 0.295802 -0.253813 -0.179035 -0.288176 0.940692 0.16517 0 0 0 1 
38591597440141;0.257242;0.0315058;0.977045 0.168845 -0.129897 0.729196 -0.108585 0.919322 0.378228 -0.359318 0.18328 -0.355441 0.916553 -1.09197 0 0 0 1 
38591597440142;0.222719;0.0282429;0.977777 0.117663 0.173517 0.221608 -0.120409 0.99271 0.0053475 0.162063 -0.171623 -0.0261217 0.984816 0.289461 0 0 0 1 
38591597440143;0.482302;0.0192492;0.942222 0.178239 -0.283634 0.791867 -0.0932876 0.952815 0.288863 -0.82886 0.321738 -0.245714 0.91439 -0.766908 0 0 0 1 
38591597440144;0.255934;0.0211556;0.99711 0.0747505 -0.0135339 0.285848 -0.0744947 0.99705 0.0185118 0.307087 0.0148777 -0.0174501 0.999737 -0.533023 0 0 0 1 
38591597440145;0.370694;0.335099;0.971055 -0.0883578 -0.221914 0.220245 0.0804528 0.995768 -0.0444309 0.395831 0.224901 0.0252912 0.974053 -0.170917 0 0 0 1 
38591597440146;0.299941;0.0261962;0.996325 0.0632131 -0.0578042 0.206642 -0.0684834 0.993188 -0.0942702 -0.144322 0.0514514 0.0978823 0.993867 0.764775 0 0 0 1 
38591597440147;0.410512;0.0283583;0.983185 -0.179511 0.0334999 -0.788942 0.179521 0.98375 0.00273777 0.13653 -0.033447 0.00332221 0.999435 -0.600275 0 0 0 1 
38591597440148;0.471802;0.418588;0.972982 -0.176451 -0.148902 0.314085 0.187015 0.980517 0.0600956 0.244539 0.135397 -0.0863187 0.987024 -0.15499 0 0 0 1 
38591597440149;0.337741;0.0134952;0.99998 0.00318322 -0.00539897 0.0854975 -0.00318906 0.999994 -0.0010738 0.23201 0.00539552 0.001091 0.999985 -0.699421 0 0 0 1 
38591597440150;0.131256;0.0197582;0.998625 -0.0523392 -0.00296777 -0.225262 0.0523272 0.998622 -0.00401064 0.0509816 0.0031736 0.00384983 0.999988 -0.216153 0 0 0 1 
38591597440151;0.387023;0.367595;0.994781 -0.0384532 -0.0945046 0.132821 0.0410276 0.998834 0.0254498 0.15235 0.0934158 -0.0291942 0.995199 0.236218 0 0 0 1 
38591597440152;0.263342;0.334354;0.997143 -0.0752981 -0.00604143 0.115726 0.0753666 0.997083 0.0120503 0.410467 0.00511644 -0.0124712 0.999909 0.023434 0 0 0 1 
38591597440153;0.441403;0.0222907;0.989411 0.134669 -0.0541251 0.386508 -0.12512 0.980407 0.152145 0.555454 0.0735538 -0.143762 0.986875 0.239973 0 0 0 1 
38591597440155;0.258376;0.00786749;0.998777 0.0418036 0.0264175 -0.601469 -0.0429185 0.998146 0.0431477 0.261759 -0.0245648 -0.0442287 0.998719 0.518037 0 0 0 1 
38591597440156;0.221561;0.00636246;0.999768 0.0126305 -0.0174577 0.0294675 -0.0139504 0.996881 -0.0776757 0.0130047 0.0164222 0.0779012 0.996826 -0.709875 0 0 0 1 
38591597440157;0.430412;0.27263;0.991221 -0.0983343 -0.0883838 0.540375 0.0847761 0.985664 -0.145873 0.181943 0.101461 0.137099 0.985347 -0.454932 0 0 0 1 
38591597440158;0.209175;0.00662281;0.987317 0.0353108 0.154784 -0.10427 -0.0418266 0.998362 0.0390426 0.186218 -0.153152 -0.0450215 0.987177 0.640176 0 0 0 1 
38591597440159;0.222826;0.18293;0.987541 -0.0263133 -0.155145 0.0945149 0.0188165 0.998592 -0.0495937 0.0178066 0.156232 0.0460566 0.986646 -0.227168 0 0 0 1 
38591597440160;0.348174;0.0060714;0.997962 0.0468903 -0.0432779 -0.264286 -0.0499289 0.996152 -0.0720291 0.918861 0.0397339 0.0740431 0.996463 -0.54951 0 0 0 1 
38591597440161;0.528254;0.425617;0.997401 -0.0556412 -0.0457768 0.279786 0.0542388 0.998036 -0.0313288 -0.179915 0.0474301 0.0287645 0.99846 0.115831 0 0 0 1 
38591597440162;0.274646;0.0072237;0.997606 -0.0685482 -0.00910304 -0.739148 0.0686161 0.997616 0.00736269 -0.00898678 0.00857664 -0.00796968 0.999931 -0.130181 0 0 0 1 
38591597440163;0.298037;0.212433;0.998647 -0.0503041 -0.0131515 0.150499 0.0503999 0.998704 0.00705282 -0.0882999 0.0127797 -0.00770612 0.999889 -0.246821 0 0 0 1 
38591597440164;0.263298;0.00793593;0.976509 0.183796 -0.112472 -0.264303 -0.17931 0.982578 0.0488671 0.0943396 0.119494 -0.0275519 0.992453 0.545143 0 0 0 1 
38591597440165;0.352749;0.00780746;0.977303 0.209579 -0.0309175 -0.611325 -0.211385 0.955099 -0.207613 0.612121 -0.013982 0.209436 0.977722 -0.418066 0 0 0 1 
38591597440166;0.206209;0.00872148;0.983111 -0.180372 0.0309546 0.327677 0.181814 0.981918 -0.0527401 0.203967 -0.020882 0.0574774 0.998128 -0.200189 0 0 0 1 
38591597440167;0.319448;0.00858405;0.999936 -0.00440996 0.0104176 0.352343 0.00444625 0.999984 -0.00346257 -0.452481 -0.0104021 0.00350866 0.99994 -0.750057 0 0 0 1 
38591597440168;0.116047;0.00823195;0.99976 0.01722 -0.0135606 -0.021916 -0.0188677 0.990988 -0.132619 0.142836 0.0111547 0.132843 0.991074 -0.206959 0 0 0 1 
38591597440169;0.218803;0.00842904;0.997507 -0.0275459 0.0649632 0.00820359 0.0109926 0.970078 0.242544 -0.202249 -0.0697004 -0.241226 0.967963 0.484289 0 0 0 1 
38591597440170;0.167043;0.00676194;0.999674 0.00937706 -0.0237425 0.0551983 -0.00925299 0.999943 0.00533026 -0.0826463 0.0237912 -0.00510883 0.999704 -0.485146 0 0 0 1 
38591597440171;0.339075;0.00618404;0.962223 -0.253487 0.0993537 0.4679 0.255253 0.96686 -0.00526973 0.0783773 -0.0947253 0.030431 0.995038 0.669502 0 0 0 1 
38591597440172;0.374586;0.00691251;0.976562 -0.0866163 -0.197039 1.06216 0.0500852 0.981772 -0.183345 0.111066 0.209328 0.169179 0.963099 -0.0328715 0 0 0 1 
38591597440173;0.118391;0.00783972;0.997668 0.0267645 0.0627859 -0.312896 -0.0244133 0.998982 -0.0379208 0.0365015 -0.0637369 0.0362996 0.997306 0.172365 0 0 0 1 
38591597440174;0.158802;0.0080061;0.992986 -0.0368626 0.112341 -0.119569 0.0139892 0.980112 0.197954 -0.0715286 -0.117404 -0.194994 0.973752 0.200732 0 0 0 1 
38591597440175;0.263758;0.00642707;0.963077 0.184541 0.196031 -0.559434 -0.199492 0.978103 0.0593045 0.0853655 -0.180795 -0.0962213 0.978803 0.358338 0 0 0 1 
38591597440176;0.174741;0.0068115;0.99855 -0.0526054 0.0114212 0.0692711 0.0498049 0.983343 0.174806 -0.353373 -0.0204267 -0.173983 0.984537 0.152302 0 0 0 1 
38591597440177;0.253101;0.00940619;0.992402 0.120601 0.0243839 -0.607839 -0.1199 0.992379 -0.0284229 -0.308695 -0.0276259 0.0252833 0.999299 -0.194569 0 0 0 1 
38591597440178;0.247175;0.00810618;0.996552 0.0777531 0.0289519 -0.355985 -0.0762034 0.995774 -0.0512533 -0.546655 -0.0328146 0.0488703 0.998266 -0.168883 0 0 0 1 
38591597440179;0.388374;0.37242;0.999735 -0.0212765 0.00873567 -0.0526462 0.0215273 0.999327 -0.0297005 0.0916061 -0.00809787 0.0298807 0.999521 0.0312034 0 0 0 1 
38591597440180;0.287474;0.00708603;0.9061 0.29054 -0.307522 -0.0449205 -0.275565 0.956862 0.0920828 0.242295 0.32101 0.00130608 0.947075 -0.342144 0 0 0 1 
38591597440181;0.269146;0.00664177;0.998841 -0.0340683 0.03401 0.231012 0.0306846 0.994958 0.0954859 -0.735332 -0.0370916 -0.0943316 0.99485 -0.134852 0 0 0 1 
38591597440182;0.36237;0.152136;0.98681 0.135278 0.0889116 -0.852978 -0.146413 0.980142 0.133733 -0.229858 -0.0690549 -0.144987 0.987021 -0.172058 0 0 0 1 
38591597440183;0.418551;0.27961;0.995529 -0.0894181 -0.0304287 0.40979 0.0840856 0.985747 -0.145714 -0.122531 0.0430245 0.142504 0.988859 -0.173346 0 0 0 1 
38591597440184;0.369769;0.0077286;0.999557 -0.022669 0.0193026 -0.814573 0.02529 0.988569 -0.148631 -0.0607157 -0.0157126 0.149053 0.988704 -0.689371 0 0 0 1 
38591597440186;0.226268;0.0409309;0.999889 -0.00868431 0.0120727 -0.126683 0.00853197 0.999884 0.0126127 -0.309265 -0.0121809 -0.0125083 0.999848 0.0859686 0 0 0 1 
38591597440187;0.539163;0.228976;0.993527 -0.0826984 0.0778746 0.170713 0.0805526 0.996289 0.0303101 -0.532123 -0.0800922 -0.0238409 0.996502 0.675541 0 0 0 1 
38591597440188;0.243538;0.201348;0.98961 0.0608775 0.130257 -0.383099 -0.0823368 0.982632 0.166296 0.0674815 -0.117871 -0.175293 0.977435 0.414034 0 0 0 1 
38591597440189;0.327282;0.0483356;0.998827 -0.0190316 -0.0445233 0.124612 0.021514 0.998201 0.0559575 -0.168476 0.0433783 -0.0568497 0.99744 -0.568392 0 0 0 1 
38591597440190;0.477387;0.0385084;0.943653 0.108148 0.312766 -0.0908271 -0.186114 0.954904 0.231344 0.432746 -0.273642 -0.276518 0.921226 1.39995 0 0 0 1 
38591597440191;0.452785;0.0473409;0.991956 -0.00131564 0.126575 -0.0408896 -0.0556825 0.893466 0.445666 -0.0892706 -0.113677 -0.449129 0.886206 0.952805 0 0 0 1 
38591597440192;0.627235;0.381021;0.998755 -0.0419514 0.0269944 0.17564 0.0396385 0.995913 0.0811588 -0.452989 -0.0302888 -0.0799877 0.996336 0.739897 0 0 0 1 
38591597440193;0.3706;0.0422269;0.999787 0.00050543 0.0206373 -0.134991 0.00242795 0.989883 -0.141867 0.214045 -0.0205002 0.141886 0.989671 -0.476954 0 0 0 1 
38591597440194;0.358294;0.198408;0.992718 0.0625491 0.102952 0.0495529 -0.064819 0.997719 0.0188492 -0.128465 -0.101538 -0.0253852 0.994508 0.147988 0 0 0 1 
38591597440195;0.380792;0.17688;0.960865 0.176018 -0.213905 -0.0671588 -0.179023 0.98383 0.00539875 0.343215 0.211396 0.0331065 0.97684 -0.329453 0 0 0 1 
38591597440196;0.614704;0.60077;0.995983 -0.0672306 -0.0591408 0.0223113 0.0764067 0.982502 0.169858 -0.264403 0.0466863 -0.173695 0.983692 0.392263 0 0 0 1 
38591597440197;0.540834;0.261402;0.987636 0.128189 -0.0902382 0.314868 -0.131679 0.990715 -0.0338294 0.406657 0.0850638 0.0452936 0.995345 -0.0237419 0 0 0 1 
38591597440198;0.653732;0.0354209;0.974729 0.222526 -0.0196504 0.0288538 -0.219588 0.938256 -0.267313 0.291431 -0.0410468 0.264872 0.963409 0.539968 0 0 0 1 
38591597440199;0.0659977;0.0418848;0.99961 -0.0219319 0.017265 -0.0597814 0.0220604 0.99973 -0.00728832 -0.0966563 -0.0171005 0.00766635 0.999824 0.0234319 0 0 0 1 
38591597440200;0.599375;0.0403834;0.998377 0.055982 -0.0104172 0.53088 -0.0559592 0.99843 0.00246576 0.732507 0.0105389 -0.00187882 0.999943 0.121535 0 0 0 1 
38591597440201;0.617035;0.0343947;0.995073 0.0547616 0.082644 0.388486 -0.0337789 0.970998 -0.236689 0.194115 -0.0932087 0.232731 0.968064 -0.512897 0 0 0 1 
38591597440202;0.728849;0.22735;0.92854 0.0230189 -0.370519 0.700837 0.0657894 0.972074 0.225263 -0.538088 0.365357 -0.233542 0.901095 0.108158 0 0 0 1 
38591597440203;0.628996;0.231442;0.986143 0.15875 -0.0481652 0.470975 -0.157127 0.986929 0.0358183 0.519109 0.0532218 -0.0277539 0.998197 0.0473257 0 0 0 1 
38591597440204;0.361491;0.31718;0.998663 -0.0513751 -0.00566739 0.117422 0.0515671 0.997799 0.0416832 -0.306847 0.00351344 -0.0419197 0.999115 0.297157 0 0 0 1 
38591597440205;0.426394;0.0364135;0.979815 0.143162 0.139528 -0.409622 -0.170442 0.962982 0.208842 0.271305 -0.104465 -0.228408 0.967945 0.740645 0 0 0 1 
38591597440206;0.39785;0.0305853;0.981705 0.0961152 0.16437 -0.0111805 -0.150013 0.922065 0.35678 0.274001 -0.117268 -0.374911 0.919614 0.854706 0 0 0 1 
38591597440207;0.654746;0.0390896;0.987774 0.14927 0.0449494 -0.582533 -0.151657 0.986877 0.0554357 -0.218542 -0.0360846 -0.0615749 0.99745 0.471652 0 0 0 1 
38591597440208;0.405729;0.0417225;0.961674 -0.0350563 0.271947 -0.155995 -0.0218549 0.978838 0.203465 -0.43583 -0.273325 -0.20161 0.940557 0.625117 0 0 0 1 
38591597440209;0.302589;0.15423;0.972277 0.233303 -0.0157246 -0.294938 -0.232752 0.972051 0.0307265 0.542324 0.0224537 -0.0262147 0.999404 -0.0266541 0 0 0 1 
38591597440210;0.290612;0.0345744;0.996117 0.0864516 -0.016672 -0.133992 -0.0880197 0.973326 -0.211869 0.391938 -0.00208908 0.212514 0.977156 0.0777334 0 0 0 1 
38591597440211;0.669792;0.0371465;0.982045 0.146975 0.118266 -0.296205 -0.162035 0.978209 0.129819 -0.442369 -0.0966086 -0.146651 0.984459 0.575466 0 0 0 1 
38591597440212;0.674895;0.0322756;0.922823 0.102334 0.371382 0.699062 -0.222784 0.928269 0.297797 0.627327 -0.314268 -0.357552 0.879427 1.17278 0 0 0 1 
38591597440213;0.74739;0.0415551;0.990519 0.0592156 -0.123958 0.0697886 -0.0289911 0.972111 0.232722 -1.0038 0.134282 -0.226922 0.964611 -0.000122506 0 0 0 1 
38591597440214;0.177349;0.0351612;0.999911 -0.00201898 -0.0132122 0.0406323 -0.000395655 0.98362 -0.180253 0.0140269 0.0133597 0.180242 0.983532 -0.238048 0 0 0 1 
38591597440215;0.720627;0.0433695;0.992932 0.0587869 -0.103106 -0.050002 -0.0657997 0.995649 -0.0659853 0.517124 0.0987784 0.0723032 0.992479 -1.2812 0 0 0 1 
38591597440217;0.284412;0.0175242;0.999874 -0.0158275 -0.000901219 0.237218 0.0158357 0.999824 0.0100275 0.0660265 0.00074235 -0.0100406 0.999949 0.607407 0 0 0 1 
38591597440218;0.175507;0.0145947;0.981104 0.190534 -0.0336536 -0.156258 -0.191806 0.980625 -0.0398099 0.268425 0.0254165 0.0455126 0.99864 -0.0370213 0 0 0 1 
38591597440219;0.263573;0.0173151;0.983592 0.180343 0.00474071 -0.175551 -0.180333 0.983602 -0.00257052 0.370226 -0.00512655 0.00167344 0.999985 0.40307 0 0 0 1 
38591597440220;0.260161;0.0183279;0.998778 0.0324708 -0.0372589 0.0380884 -0.03135 0.99905 0.0302814 0.535651 0.0382067 -0.0290763 0.998847 0.220926 0 0 0 1 
38591597440221;0.443483;0.0201497;0.99404 -0.0915763 -0.0591432 0.92279 0.101436 0.975731 0.194059 0.108757 0.0399367 -0.198902 0.979205 0.38022 0 0 0 1 
38591597440222;0.400675;0.0158694;0.995551 0.0896425 0.0290339 -0.251308 -0.0903384 0.995631 0.0236135 0.346791 -0.0267903 -0.0261313 0.999299 -0.82351 0 0 0 1 
38591597440223;0.500048;0.380506;0.995822 0.0636332 0.0654981 -0.454964 -0.0677993 0.995677 0.0634809 -0.0364703 -0.0611755 -0.0676564 0.995831 0.433402 0 0 0 1 
38591597440224;0.319063;0.0164757;0.999665 0.023894 -0.00998774 0.151653 -0.0238996 0.999714 -0.000439814 0.178392 0.00997438 0.00067837 0.99995 -0.745414 0 0 0 1 
38591597440225;0.246702;0.0224319;0.986213 -0.101611 0.130609 0.117588 0.0783907 0.981968 0.172029 0.156193 -0.145734 -0.159419 0.976395 -0.063994 0 0 0 1 
38591597440226;0.422905;0.27993;0.942289 0.178956 0.28296 -0.679392 -0.150127 0.981276 -0.12066 0.211838 -0.299255 0.0712167 0.951512 0.269848 0 0 0 1 
38591597440227;0.114525;0.0196475;0.998722 0.00159701 0.0505201 -0.0769592 -0.00622821 0.995772 0.0916464 -0.260342 -0.0501602 -0.0918439 0.994509 0.0337292 0 0 0 1 
38591597440228;0.227089;0.0237788;0.963562 -0.264423 0.0403592 0.121969 0.266075 0.962982 -0.0432422 -0.138226 -0.0274309 0.0524051 0.998249 0.0667531 0 0 0 1 
38591597440229;0.366377;0.0195458;0.962029 0.270948 0.0329829 -0.550863 -0.268981 0.961627 -0.0540608 0.618157 -0.0463649 0.0431363 0.997993 -0.214829 0 0 0 1 
38591597440230;0.40791;0.0153844;0.999882 0.00931867 0.0122347 -0.0596153 -0.0101823 0.997314 0.0725369 -0.0358923 -0.0115259 -0.0726529 0.997291 1.00381 0 0 0 1 
38591597440231;0.122929;0.0138466;0.997543 0.0607579 -0.0348743 0.0791633 -0.0574568 0.994381 0.0889141 -0.191679 0.0400806 -0.0866919 0.995429 0.0457108 0 0 0 1 
38591597440232;0.235296;0.197647;0.999023 -0.04052 0.0176231 0.0409546 0.0406153 0.999162 -0.0050791 -0.048441 -0.0174025 0.00578991 0.999832 -0.0189576 0 0 0 1 
38591597440233;0.450082;0.0223828;0.909576 -0.00440611 -0.415513 0.656805 0.118745 0.961003 0.249747 -0.411492 0.398209 -0.276504 0.874629 -0.39826 0 0 0 1 
38591597440234;0.442338;0.32799;0.988665 -0.121323 -0.0884414 0.157702 0.115541 0.990985 -0.0678194 -0.011158 0.0958721 0.0568321 0.99377 -0.237104 0 0 0 1 
38591597440235;0.600621;0.419645;0.994233 0.103867 -0.0266976 -0.319532 -0.10263 0.993739 0.0441553 0.0165555 0.0311167 -0.0411607 0.998668 0.583789 0 0 0 1 
38591597440236;0.098733;0.0154644;0.996213 0.0590776 -0.0637878 0.127707 -0.05876 0.998249 0.00684493 0.0275553 0.0640805 -0.00307084 0.99794 -0.156706 0 0 0 1 
38591597440237;0.391996;0.0217371;0.992895 -0.117084 -0.0212394 0.482968 0.118407 0.989843 0.0786759 0.30734 0.011812 -0.0806318 0.996674 0.597306 0 0 0 1 
38591597440238;0.352561;0.019104;0.918488 0.217196 0.330462 -0.326172 -0.260776 0.960884 0.0932611 0.129666 -0.29728 -0.171836 0.9392 0.555601 0 0 0 1 
38591597440239;0.273596;0.199774;0.994253 -0.0784513 0.0728488 0.00411621 0.0816527 0.995773 -0.0420553 -0.0705653 -0.0692416 0.0477619 0.996456 -0.0782926 0 0 0 1 
38591597440240;0.59112;0.302614;0.98826 -0.100024 -0.115487 0.429269 0.112065 0.988353 0.102957 -0.484719 0.103844 -0.114691 0.987959 0.528729 0 0 0 1 
38591597440241;0.457943;0.269981;0.996771 0.0764214 0.024655 -0.291927 -0.0748016 0.99533 -0.0610195 0.158497 -0.0292031 0.0589782 0.997832 -0.666148 0 0 0 1 
38591597440242;0.307705;0.016567;0.982011 0.186945 0.0265564 0.216746 -0.187259 0.982261 0.00983916 -0.365208 -0.0242459 -0.0146351 0.999599 -0.0158165 0 0 0 1 
38591597440243;0.105317;0.020905;0.998143 -0.0606147 0.0059726 0.0811352 0.0605853 0.998151 0.00499403 -0.091108 -0.00626427 -0.0046229 0.99997 -0.179852 0 0 0 1 
38591597440244;0.562292;0.179416;0.969875 -0.177948 -0.166364 0.775515 0.153743 0.976873 -0.148599 -0.0109987 0.18896 0.118545 0.974803 -0.953177 0 0 0 1 
38591597440245;0.374359;0.0166321;0.992614 -0.112427 -0.0455888 -0.507694 0.114765 0.99201 0.0523945 0.296234 0.039334 -0.0572395 0.997585 0.310889 0 0 0 1 
38591597440246;0.451519;0.389529;0.998678 0.0504813 0.00968623 -0.291118 -0.050194 0.998349 -0.0279133 0.0920689 -0.0110793 0.0273902 0.999563 -0.294042 0 0 0 1 
38591597440248;0.275634;0.225622;0.999233 0.0378885 0.00989486 -0.164529 -0.0378549 0.999277 -0.00356507 -0.0124802 -0.0100228 0.00318777 0.999945 0.0025368 0 0 0 1 
38591597440249;0.256114;0.00746738;0.958368 -0.181045 -0.220802 0.583037 0.167665 0.982748 -0.0780638 -0.0470227 0.231126 0.037793 0.972189 -0.382358 0 0 0 1 
38591597440250;0.238063;0.00871239;0.922369 -0.0162461 -0.385968 0.247472 -0.0403322 0.989605 -0.138038 0.302305 0.384199 0.142889 0.912126 -0.506156 0 0 0 1 
38591597440251;0.292932;0.00713648;0.999983 -0.000960413 0.00575649 -0.0259059 0.000930694 0.999986 0.00516316 -0.0231516 -0.00576137 -0.00515771 0.99997 0.859039 0 0 0 1 
38591597440252;0.40515;0.0127312;0.994718 -0.00104875 0.102636 -0.234376 0.050364 0.876282 -0.479158 0.499487 -0.0894359 0.481797 0.871707 -0.306902 0 0 0 1 
38591597440253;0.264249;0.00730675;0.999673 -0.0171599 0.0189385 -0.658068 0.016928 0.999781 0.0123387 0.023712 -0.0191461 -0.012014 0.999745 -0.310897 0 0 0 1 
38591597440254;0.377732;0.0922407;0.933648 -0.321618 0.157683 0.527207 0.285789 0.93424 0.213355 -0.652216 -0.215932 -0.154135 0.964166 0.248567 0 0 0 1 
38591597440255;0.159826;0.0073094;0.976631 0.0826853 0.19838 0.106895 -0.0700284 0.995086 -0.0700022 0.130843 -0.203193 0.0544741 0.977622 0.371278 0 0 0 1 
38591597440256;0.0516293;0.00600503;0.999037 0.0292377 0.0327265 -0.0670107 -0.0283731 0.999244 -0.0265798 0.126179 -0.0334789 0.0256256 0.999111 0.0440054 0 0 0 1 
