#;prob_registration_l1 -r /home/probabilistic_point_clouds_registration/build/tester /home/point_clouds_registration_benchmark//devel/registration_pairs/gazebo_summer_local.txt /home/point_clouds_registration_benchmark//eth/gazebo_summer -s 0.2 -t 0.2 -p 0.3 -r 1000 -m 10 -i 40 
id;initial_error;final_error;transformation
36535719080000;0.0805842;0.0445034;0.999842 -0.000918637 0.0177323 -0.070647 -0.000728925 0.995695 0.0926835 -0.0597135 -0.0177411 -0.0926818 0.995538 0.0961785 0 0 0 1 
36535719080001;0.11249;0.0467365;0.991197 0.0152959 0.131509 -0.272829 -0.00563591 0.997278 -0.0735158 0.0337759 -0.132276 0.0721275 0.988585 0.279035 0 0 0 1 
36535719080002;0.259114;0.0496278;0.992124 0.0424105 0.117862 0.128912 -0.0630623 0.982108 0.177444 -0.440976 -0.108228 -0.183479 0.977048 0.174425 0 0 0 1 
36535719080003;0.441289;0.531379;0.986065 -0.118034 0.117231 -0.47376 0.124038 0.991243 -0.045288 0.15767 -0.110859 0.059198 0.992072 -0.0387795 0 0 0 1 
36535719080004;0.424931;0.560612;0.955116 -0.179146 0.235923 -1.07521 0.188299 0.98197 -0.0166637 0.254888 -0.228684 0.0603397 0.971629 -0.0275778 0 0 0 1 
36535719080005;0.508351;0.0670133;0.987817 -0.116422 0.103263 0.45266 0.147023 0.915673 -0.374068 0.842358 -0.0510052 0.384693 0.921634 -0.306363 0 0 0 1 
36535719080006;0.482532;0.36249;0.991695 -0.0115502 -0.128091 -0.606182 -0.00869245 0.987662 -0.156357 0.202969 0.128317 0.156172 0.97936 -1.30518 0 0 0 1 
36535719080007;0.407429;0.0785238;0.949409 -0.313142 -0.023773 0.101117 0.29816 0.922574 -0.244861 -0.72394 0.0986089 0.225385 0.969267 -1.08586 0 0 0 1 
36535719080008;0.494873;0.458646;0.973189 -0.0575457 0.22269 -1.1007 0.122953 0.948407 -0.292243 0.211689 -0.194384 0.311789 0.930055 -0.502668 0 0 0 1 
36535719080009;0.260051;0.0369013;0.991275 -0.0794805 0.105154 -0.157732 0.075218 0.9962 0.0439052 -0.759279 -0.108244 -0.0356126 0.993486 -0.231011 0 0 0 1 
36535719080010;0.367096;0.0611619;0.981475 -0.158953 0.106965 0.542972 0.16343 0.985954 -0.0344223 -0.13088 -0.0999909 0.0512659 0.993667 0.830105 0 0 0 1 
36535719080011;0.379627;0.0542805;0.972157 -0.20477 0.11393 0.103112 0.197535 0.977674 0.0716457 0.423449 -0.126057 -0.0471457 0.990902 -0.133777 0 0 0 1 
36535719080012;0.1676;0.0431106;0.999084 0.0423482 0.00609827 -0.280889 -0.0423954 0.99907 0.00782432 0.258876 -0.00576126 -0.00807569 0.999951 -0.458174 0 0 0 1 
36535719080013;0.445602;0.435889;0.965746 -0.111377 0.234369 -0.161549 0.110754 0.993721 0.0158633 -0.297041 -0.234664 0.0106373 0.972018 0.472238 0 0 0 1 
36535719080014;0.45281;0.442606;0.998494 0.0435544 0.0333448 -1.00307 -0.0434099 0.999045 -0.0050435 0.0352773 -0.0335326 0.00358841 0.999431 0.100621 0 0 0 1 
36535719080015;0.366192;0.432306;0.996837 -0.00329426 0.0794034 -1.18057 -0.000379728 0.998932 0.0462104 -0.00155251 -0.0794708 -0.0460944 0.995771 0.315428 0 0 0 1 
36535719080016;0.0775968;0.0467803;0.994508 0.0108702 0.104097 -0.26084 -0.0153552 0.998984 0.042381 0.0491992 -0.10353 -0.0437467 0.993664 0.226989 0 0 0 1 
36535719080017;0.294515;0.0449637;0.962847 0.0762157 0.259067 -0.277597 0.000943588 0.958391 -0.285458 0.211577 -0.270044 0.275097 0.922712 0.260159 0 0 0 1 
36535719080018;0.425335;0.445527;0.999274 -0.0137976 0.0355082 -0.775801 0.0160196 0.99788 -0.0630731 -0.315855 -0.0345627 0.0635961 0.997377 -0.450924 0 0 0 1 
36535719080019;0.389784;0.458031;0.998814 -0.0227756 -0.0430332 -0.704805 0.0199345 0.997664 -0.0653344 -0.157691 0.0444207 0.064399 0.996935 -0.406081 0 0 0 1 
36535719080020;0.317608;0.0445263;0.977187 0.198971 -0.074271 -0.235312 -0.194559 0.97889 0.0626203 0.979276 0.0851628 -0.0467416 0.99527 0.0511943 0 0 0 1 
36535719080021;0.423824;0.0766917;0.920465 -0.296988 0.254053 0.429773 0.363436 0.889502 -0.276948 -0.410207 -0.14373 0.347253 0.926691 0.188069 0 0 0 1 
36535719080022;0.154215;0.0399895;0.999687 0.0247275 0.00382643 -0.447382 -0.0247628 0.999648 0.00947879 -0.0212849 -0.0035907 -0.00957058 0.999948 -0.290693 0 0 0 1 
36535719080023;0.35143;0.0441424;0.970369 0.0211282 -0.240704 -0.0923518 0.00306932 0.995012 0.0997125 0.261199 0.24161 -0.0974967 0.965463 0.355993 0 0 0 1 
36535719080024;0.34005;0.0433299;0.958601 -0.236211 -0.159021 0.367926 0.166495 0.917998 -0.359943 -0.231488 0.231004 0.318565 0.919322 -1.01986 0 0 0 1 
36535719080025;0.273677;0.0474252;0.990236 0.0885893 -0.10763 -0.210174 -0.0682058 0.981271 0.180155 0.528394 0.121574 -0.171055 0.977732 0.0698897 0 0 0 1 
36535719080026;0.254446;0.0634639;0.999452 -0.0120084 0.0308331 0.341282 0.0119244 0.999925 0.00290668 0.497563 -0.0308657 -0.00253743 0.99952 0.0434403 0 0 0 1 
36535719080027;0.274443;0.0464923;0.964658 0.247552 0.0902933 -0.633787 -0.247578 0.968805 -0.0110854 0.453883 -0.0902208 -0.011661 0.995854 0.113313 0 0 0 1 
36535719080028;0.110223;0.0419436;0.994299 -0.0181988 0.10506 -0.287508 0.0250977 0.997588 -0.0647227 -0.160943 -0.103628 0.0669905 0.992358 0.110363 0 0 0 1 
36535719080029;0.464721;0.532971;0.980688 -0.0576912 0.186876 -0.742178 0.0593728 0.99823 -0.00340965 0.0777874 -0.186348 0.0144391 0.982378 -0.230128 0 0 0 1 
36535719080031;0.562593;0.392724;0.992966 -0.10593 0.0528852 -0.553614 0.106672 0.994229 -0.0114039 0.465218 -0.051372 0.016965 0.998535 -0.149331 0 0 0 1 
36535719080032;0.49885;0.57675;0.997156 0.0590826 0.0467818 -0.737113 -0.0636977 0.99251 0.104238 0.498244 -0.0402728 -0.106922 0.993451 -0.231132 0 0 0 1 
36535719080033;0.471869;0.559997;0.987964 -0.0327952 0.151168 -0.672387 0.00122858 0.9789 0.204339 0.40348 -0.154679 -0.201693 0.967158 1.41124 0 0 0 1 
36535719080034;0.28376;0.407588;0.990069 0.053542 -0.129991 -0.364451 -0.0488318 0.998039 0.0391578 0.583234 0.131833 -0.0324212 0.990742 -0.43267 0 0 0 1 
36535719080035;0.587922;0.802131;0.992531 -0.0971248 0.0738196 -1.12667 0.0990844 0.994805 -0.0233557 0.0142613 -0.0711677 0.0304956 0.996998 -0.816424 0 0 0 1 
36535719080036;0.406933;0.173102;0.998868 -0.0475127 -0.00232881 -0.503178 0.047536 0.998806 0.0113048 0.166675 0.00178891 -0.0114027 0.999933 0.455417 0 0 0 1 
36535719080037;0.0919718;0.174734;0.997198 0.0256872 0.0702613 -0.267634 -0.0265227 0.999588 0.0109855 0.0496511 -0.0699501 -0.0128183 0.997468 0.102506 0 0 0 1 
36535719080038;0.581548;0.261025;0.97794 -0.208883 0.00136412 -1.0362 0.207433 0.971879 0.111455 -0.952309 -0.0246069 -0.108713 0.993769 0.505379 0 0 0 1 
36535719080039;0.434512;0.155243;0.995847 0.0710289 0.0569557 -0.658953 -0.0690803 0.99698 -0.0354834 0.660289 -0.059304 0.0314016 0.997746 -0.55744 0 0 0 1 
36535719080040;0.566995;0.641665;0.968571 -0.079282 0.235765 -0.542627 0.038354 0.98411 0.173366 0.169275 -0.245764 -0.158875 0.956221 0.496276 0 0 0 1 
36535719080041;0.142283;0.153619;0.993861 0.100708 0.0458099 -0.134031 -0.101437 0.994745 0.0138703 0.485198 -0.0441723 -0.0184319 0.998854 -0.0938492 0 0 0 1 
36535719080042;0.307724;0.19056;0.992789 -0.103482 -0.0605027 -0.228448 0.0872443 0.969908 -0.227303 -0.29303 0.0822038 0.220386 0.971943 -0.183701 0 0 0 1 
36535719080043;0.210302;0.462045;0.978284 -0.0553748 0.199735 -0.711715 0.0201195 0.984471 0.174393 0.171135 -0.20629 -0.166587 0.964206 0.592783 0 0 0 1 
36535719080044;0.594242;0.705268;0.995383 -0.0898951 0.0336396 -0.846914 0.0847704 0.987728 0.13118 -0.607116 -0.0450192 -0.127723 0.990788 0.471745 0 0 0 1 
36535719080045;0.55307;0.153374;0.981185 0.190822 0.0293897 -0.922748 -0.185057 0.972897 -0.138659 1.31781 -0.0550523 0.130611 0.989904 0.384542 0 0 0 1 
36535719080046;0.383937;0.37258;0.991305 0.0983881 0.0873779 -0.479647 -0.0953855 0.994718 -0.0379084 0.835878 -0.0906461 0.0292442 0.995454 -0.395152 0 0 0 1 
36535719080047;0.507113;0.212699;0.999501 -0.0216803 0.0229618 0.0122486 0.0216163 0.999762 0.00303136 -0.198475 -0.023022 -0.0025335 0.999732 0.729091 0 0 0 1 
36535719080048;0.299943;0.67187;0.975859 -0.0862424 0.200651 -1.15489 0.139299 0.95338 -0.267699 -0.434103 -0.16821 0.289187 0.942378 0.300443 0 0 0 1 
36535719080049;0.398366;0.85187;0.977424 -0.100889 0.185645 -1.33334 0.0610204 0.975983 0.209126 -0.185885 -0.202285 -0.193077 0.960105 0.768062 0 0 0 1 
36535719080050;0.499825;0.237102;0.911115 0.0518572 -0.408877 -0.14007 -0.0335082 0.998089 0.0519186 0.526358 0.410788 -0.0336031 0.911112 -2.07266 0 0 0 1 
36535719080051;0.440086;0.911433;0.9882 -0.10563 0.11092 -1.30862 0.112086 0.992248 -0.0536651 0.115921 -0.104392 0.0654644 0.992379 -0.262377 0 0 0 1 
36535719080052;0.307637;0.515867;0.983136 -0.0796266 0.164631 -0.887625 0.0382331 0.969832 0.240757 -0.106509 -0.178835 -0.230403 0.956521 0.572544 0 0 0 1 
36535719080053;0.461332;0.814248;0.962816 -0.0517902 0.265146 -1.02545 0.0345653 0.997002 0.0692255 0.204901 -0.267936 -0.0574866 0.96172 1.13311 0 0 0 1 
36535719080054;0.521749;0.462917;0.940701 -0.00474063 0.339204 -0.420228 -0.0370814 0.992474 0.116707 1.03278 -0.337204 -0.122365 0.933445 0.905063 0 0 0 1 
36535719080055;0.319357;0.814596;0.974184 -0.0171015 0.225108 -1.18356 0.0326899 0.997304 -0.0657045 0.349683 -0.223377 0.0713671 0.972116 0.293046 0 0 0 1 
36535719080056;0.611624;0.898169;0.98139 -0.0912828 0.168941 -1.4321 0.103491 0.99251 -0.0649109 0.32218 -0.16175 0.0811868 0.983486 -0.589884 0 0 0 1 
36535719080057;0.403587;0.119634;0.992249 0.0935772 -0.0817578 -0.0277262 -0.102151 0.988901 -0.107886 -0.103182 0.0707547 0.115401 0.990796 -0.517256 0 0 0 1 
36535719080058;0.354702;0.607371;0.972402 -0.114873 0.203073 -0.751893 0.133747 0.987637 -0.0817583 -0.490667 -0.191171 0.106662 0.975744 -0.0274059 0 0 0 1 
36535719080059;0.377989;0.267491;0.98673 0.111795 0.117755 -0.359465 -0.0912541 0.98167 -0.167321 0.901919 -0.134303 0.154355 0.978845 -0.275548 0 0 0 1 
36535719080060;0.383603;0.478248;0.99644 -0.00779754 0.0839455 -0.589968 -0.000728841 0.99488 0.101064 0.233422 -0.0843038 -0.100765 0.991332 -0.157469 0 0 0 1 
36535719080062;0.362158;0.150472;0.987349 0.156055 -0.0280983 -0.213177 -0.157823 0.984296 -0.0790768 0.2167 0.0153167 0.0825109 0.996472 -1.23045 0 0 0 1 
36535719080063;0.299523;0.206853;0.991012 -0.127423 0.0407175 0.172857 0.123915 0.98911 0.0794133 -0.77411 -0.0503931 -0.073654 0.99601 -0.748941 0 0 0 1 
36535719080064;0.461382;0.199734;0.991296 -0.0832384 -0.101995 0.559562 0.0428618 0.936595 -0.347782 0.219246 0.124477 0.340384 0.932011 -1.6128 0 0 0 1 
36535719080065;0.4807;0.635977;0.963669 0.152448 0.219323 -0.287232 -0.191499 0.966757 0.169437 -1.63773 -0.186202 -0.205282 0.960827 0.903056 0 0 0 1 
36535719080066;0.231893;0.161883;0.993544 -0.0892769 0.0700031 0.46727 0.0851946 0.994599 0.0592844 -1.08698 -0.0749178 -0.0529377 0.995784 0.253656 0 0 0 1 
36535719080067;0.276753;0.138661;0.978821 0.197156 0.0551218 -0.0197276 -0.201963 0.885979 0.417435 -0.246148 0.0334631 -0.419727 0.907033 0.30132 0 0 0 1 
36535719080068;0.41506;0.404898;0.987654 -0.143721 0.0623184 0.370585 0.139959 0.988273 0.0610515 -1.4138 -0.070362 -0.0515757 0.996187 -0.88384 0 0 0 1 
36535719080069;0.168667;0.157061;0.998533 0.0176562 0.0511962 -0.0142235 -0.0253102 0.98791 0.152947 -0.638502 -0.0478768 -0.154018 0.986907 0.37674 0 0 0 1 
36535719080070;0.366766;0.197016;0.956521 0.265717 -0.120261 0.113124 -0.198669 0.895456 0.398357 -0.459117 0.213538 -0.357145 0.909312 -0.950683 0 0 0 1 
36535719080071;0.314881;0.218463;0.992552 -0.117813 -0.0310047 -0.220736 0.116071 0.991825 -0.0530101 -0.375375 0.0369966 0.0490165 0.998113 -0.0955643 0 0 0 1 
36535719080072;0.205179;0.229789;0.997874 -0.0580562 0.0296293 0.170168 0.0554812 0.995139 0.0813646 -0.472803 -0.034209 -0.0795477 0.996244 0.322015 0 0 0 1 
36535719080073;0.364246;0.246942;0.935081 -0.225957 0.27307 0.0569884 0.109381 0.916802 0.38407 -1.39753 -0.337135 -0.329268 0.881999 1.00451 0 0 0 1 
36535719080074;0.343501;0.650493;0.989384 0.106293 0.0990998 0.0718644 -0.12952 0.95422 0.26961 -1.98838 -0.0659053 -0.279583 0.957857 0.196014 0 0 0 1 
36535719080075;0.45993;0.798429;0.981573 0.104293 -0.160116 0.359171 -0.129133 0.979671 -0.15352 -1.39406 0.14085 0.171367 0.975087 -1.02098 0 0 0 1 
36535719080076;0.347563;0.16276;0.961135 0.275178 0.0222658 0.281118 -0.273028 0.935472 0.224382 -0.511636 0.0409159 -0.221741 0.974247 0.050531 0 0 0 1 
36535719080077;0.245685;0.154788;0.955024 0.255071 -0.151224 0.130285 -0.220885 0.952181 0.211097 0.0530724 0.197837 -0.1682 0.965696 -0.360008 0 0 0 1 
36535719080078;0.322722;0.162154;0.995283 0.096982 -0.00244269 -0.484107 -0.0959519 0.987801 0.122648 0.100732 0.0143076 -0.121835 0.992447 -0.817645 0 0 0 1 
36535719080079;0.340882;0.197287;0.942747 0.307741 0.128544 -0.162862 -0.329046 0.921109 0.208053 0.00801969 -0.0543762 -0.238439 0.969634 -0.370759 0 0 0 1 
36535719080080;0.326117;0.152534;0.975873 0.143557 0.16451 0.249334 -0.181255 0.952731 0.243822 0.510525 -0.121731 -0.267758 0.955765 0.984956 0 0 0 1 
36535719080081;0.410409;0.407859;0.978355 -0.202256 0.0437515 -0.105589 0.198317 0.976796 0.0808729 -1.52429 -0.0590933 -0.0704457 0.995764 -0.758123 0 0 0 1 
36535719080082;0.216435;0.144222;0.994831 0.0962029 -0.0325139 0.391179 -0.0939029 0.993385 0.0660971 0.182371 0.0386575 -0.0627023 0.997283 0.235528 0 0 0 1 
36535719080083;0.161862;0.173827;0.981532 0.189581 0.0255589 -0.0396534 -0.191247 0.975515 0.108609 0.012131 -0.00434289 -0.111491 0.993756 -0.328573 0 0 0 1 
36535719080084;0.439577;0.868412;0.990294 -0.138967 0.00238741 0.0423419 0.138567 0.988487 0.0607703 -3.13752 -0.010805 -0.0598497 0.998149 -0.0485634 0 0 0 1 
36535719080085;0.124875;0.152622;0.98552 0.152898 0.073295 0.0336262 -0.160846 0.979804 0.118795 -0.0356846 -0.0536512 -0.128864 0.99021 0.103987 0 0 0 1 
36535719080086;0.392366;0.188194;0.948784 0.191698 -0.25112 1.06206 -0.163291 0.978022 0.129648 -0.0157759 0.270454 -0.0820018 0.959234 -1.25954 0 0 0 1 
36535719080087;0.41425;0.49645;0.995567 -0.0879569 -0.033318 0.131063 0.0938346 0.90454 0.415936 -1.72752 -0.00644694 -0.417218 0.908783 -0.488751 0 0 0 1 
36535719080088;0.317089;0.150963;0.975979 0.181224 0.120922 -0.112095 -0.190782 0.978936 0.0727141 -0.0628479 -0.105197 -0.0940372 0.989995 -0.619515 0 0 0 1 
36535719080089;0.0976208;0.15052;0.999343 -0.00116203 -0.036214 0.173529 0.00259206 0.999218 0.0394664 -0.288056 0.0361398 -0.0395343 0.998564 -0.0404362 0 0 0 1 
36535719080090;0.312576;0.126706;0.994347 0.0475736 -0.0949218 0.519343 -0.0490609 0.998706 -0.0133957 -0.85934 0.0941617 0.017977 0.995395 -0.119022 0 0 0 1 
36535719080091;0.378116;0.234004;0.965838 -0.129217 0.224635 0.882807 0.164473 0.975514 -0.146018 -1.1207 -0.200266 0.177976 0.963441 0.140204 0 0 0 1 
36535719080093;0.290482;0.0287834;0.990084 0.0283023 -0.137594 0.45616 -0.04478 0.991982 -0.118178 0.462023 0.133146 0.123168 0.983413 -0.341354 0 0 0 1 
36535719080094;0.395592;0.474787;0.998835 0.0434 -0.0211179 0.391618 -0.0436244 0.998995 -0.0102849 0.126453 0.0206503 0.0111942 0.999724 -0.17189 0 0 0 1 
36535719080095;0.347587;0.0265967;0.903699 0.25105 -0.346845 0.359114 -0.222136 0.967421 0.121457 0.639928 0.366037 -0.0327142 0.930025 -1.14727 0 0 0 1 
36535719080096;0.508705;0.200774;0.963594 -0.014981 0.266951 0.320724 -0.0227972 0.99019 0.137858 0.143295 -0.266397 -0.138925 0.953799 1.95052 0 0 0 1 
36535719080097;0.390373;0.247273;0.964934 -0.0985182 0.243302 0.161343 0.150951 0.966564 -0.207289 -0.321252 -0.214745 0.236747 0.947542 0.864708 0 0 0 1 
36535719080098;0.177167;0.0234198;0.958819 0.0125622 0.28374 0.0360054 -0.0077509 0.999807 -0.0180731 0.0474284 -0.283913 0.0151296 0.958731 0.940366 0 0 0 1 
36535719080099;0.46993;0.0473311;0.977506 -0.203927 -0.0538137 0.543125 0.209883 0.915422 0.34344 -0.987662 -0.0207745 -0.347009 0.937632 -0.13758 0 0 0 1 
36535719080100;0.314307;0.0150377;0.999916 -0.0127201 -0.00229828 -0.262552 0.0129122 0.991159 0.13205 -0.43798 0.000598269 -0.132069 0.99124 -0.38071 0 0 0 1 
36535719080101;0.365934;0.0322529;0.9195 0.390469 -0.0453097 0.124838 -0.388713 0.920355 0.0430003 1.58153 0.0584912 -0.0219263 0.998047 -0.0457544 0 0 0 1 
36535719080102;0.240105;0.01871;0.988261 -0.137547 0.0664984 -0.0943889 0.140518 0.989176 -0.0422613 -0.496622 -0.0599657 0.0511094 0.996891 -0.135397 0 0 0 1 
36535719080103;0.352767;0.0188293;0.993829 0.073848 0.0827618 0.0501513 -0.0757732 0.996917 0.0203634 -0.114796 -0.0810028 -0.0265089 0.996361 0.822112 0 0 0 1 
36535719080104;0.495293;0.264073;0.890004 0.0480927 -0.45341 0.165882 -0.0230478 0.997896 0.060605 -0.0564982 0.45537 -0.0434886 0.889239 -1.53439 0 0 0 1 
36535719080105;0.433787;0.020316;0.998446 0.0151856 0.05361 0.0756231 -0.014249 0.99974 -0.0178105 0.0712285 -0.0538666 0.017019 0.998403 1.05775 0 0 0 1 
36535719080106;0.129754;0.023973;0.995394 -0.00714013 0.0956024 0.0919303 -0.000577602 0.996758 0.0804575 0.0156318 -0.0958669 -0.0801421 0.992163 0.286622 0 0 0 1 
36535719080107;0.262145;0.0182686;0.961335 0.269337 -0.0573822 0.0827858 -0.272603 0.960272 -0.0597117 1.24844 0.0390199 0.0730455 0.996565 -0.265471 0 0 0 1 
36535719080108;0.397924;0.359256;0.99151 0.129617 -0.0103926 -0.12422 -0.124121 0.96723 0.221494 0.0903515 0.0387614 -0.218323 0.975106 -0.194476 0 0 0 1 
36535719080109;0.398301;0.0152944;0.877398 0.392838 0.27541 0.254595 -0.38616 0.918913 -0.0804908 1.71892 -0.284697 -0.0357296 0.957951 1.22695 0 0 0 1 
36535719080110;0.208018;0.0242337;0.989385 0.145235 0.00489752 0.0242309 -0.145312 0.989081 0.0245663 0.332436 -0.00127616 -0.0250172 0.999686 -0.201294 0 0 0 1 
36535719080111;0.465339;0.013519;0.947366 -0.208968 0.242548 -0.0592791 0.232748 0.969748 -0.0736016 -0.268861 -0.219831 0.12618 0.967343 1.22393 0 0 0 1 
36535719080112;0.541337;0.0219621;0.900199 0.345812 -0.264682 1.2629 -0.331546 0.938304 0.0983046 1.38499 0.282347 -0.00073945 0.959312 -1.0912 0 0 0 1 
36535719080113;0.28814;0.01219;0.99977 0.018598 0.0107153 0.0203169 -0.0186254 0.999823 0.00246538 0.635033 -0.0106676 -0.00266439 0.99994 0.177427 0 0 0 1 
36535719080114;0.343577;0.227206;0.999325 -0.0366019 0.00325024 0.150091 0.0366405 0.999247 -0.0127339 -0.0847805 -0.00278171 0.0128444 0.999914 0.409081 0 0 0 1 
36535719080115;0.500998;0.737693;0.997985 0.0490756 -0.04021 0.666953 -0.0481932 0.998582 0.0226277 -0.489099 0.0412634 -0.0206442 0.998935 -0.267559 0 0 0 1 
36535719080116;0.41433;0.0212487;0.953705 -0.227971 0.196152 0.488133 0.167867 0.944689 0.281749 -0.832447 -0.249533 -0.235778 0.939224 1.51816 0 0 0 1 
36535719080117;0.508343;0.0147492;0.996434 -0.0362202 0.0762069 0.0607799 0.0234932 0.986558 0.161716 0.0152486 -0.0810399 -0.159349 0.98389 1.33275 0 0 0 1 
36535719080118;0.0642213;0.0242514;0.997781 0.0663108 -0.00600024 -0.0687194 -0.0664203 0.997584 -0.0203822 0.315945 0.00463418 0.0207355 0.999774 -0.0437692 0 0 0 1 
36535719080119;0.384568;0.214134;0.953415 0.279129 0.114393 0.276726 -0.291272 0.950483 0.108361 0.881172 -0.0784821 -0.136633 0.987508 0.208571 0 0 0 1 
36535719080120;0.113108;0.0142245;0.998985 -0.0350635 0.0282667 0.0639701 0.034227 0.998977 0.0295524 -0.24007 -0.029274 -0.0285549 0.999163 0.27831 0 0 0 1 
36535719080121;0.423482;0.0223646;0.974731 0.216751 -0.0540242 0.342985 -0.180548 0.906845 0.380834 0.226647 0.131538 -0.361457 0.923064 -0.298874 0 0 0 1 
36535719080122;0.427092;0.0202646;0.968519 -0.236417 0.0779547 0.154727 0.22869 0.9687 0.0965465 -1.55728 -0.09834 -0.0756797 0.992271 0.767383 0 0 0 1 
36535719080124;0.190705;0.0138428;0.984114 0.170164 0.0506248 -0.0399153 -0.172757 0.983581 0.0521842 0.421785 -0.0409137 -0.060101 0.997353 0.271263 0 0 0 1 
36535719080125;0.422416;0.240256;0.897148 0.380933 -0.223642 0.617876 -0.35109 0.922164 0.162324 1.04589 0.268069 -0.06711 0.96106 -0.955617 0 0 0 1 
36535719080126;0.446714;0.0163765;0.99213 0.119662 -0.0368641 0.237175 -0.122308 0.989207 -0.0806813 -0.228076 0.0268118 0.0845551 0.996058 -0.319145 0 0 0 1 
36535719080127;0.355012;0.498977;0.999553 -0.00843074 0.0286762 0.621618 0.0111882 0.995182 -0.0974015 0.187185 -0.0277168 0.0976788 0.994832 -0.0794116 0 0 0 1 
36535719080128;0.249905;0.0215466;0.999996 -0.00082435 -0.00275382 0.010061 0.000832678 0.999995 0.00302462 0.4188 0.00275131 -0.0030269 0.999992 -0.0175801 0 0 0 1 
36535719080129;0.526113;0.584663;0.998858 0.028555 -0.038307 0.659398 -0.029739 0.999086 -0.030703 0.11923 0.0373952 0.0318072 0.998794 0.0911824 0 0 0 1 
36535719080130;0.433817;0.0180967;0.938291 0.0852601 0.335174 -0.179239 -0.0355989 0.987798 -0.151616 -0.315257 -0.344011 0.130328 0.929877 1.092 0 0 0 1 
36535719080131;0.251532;0.318491;0.999842 -0.0154333 -0.00880754 0.427259 0.0153371 0.999823 -0.0108956 0.0182867 0.00897414 0.0107588 0.999902 0.0711459 0 0 0 1 
36535719080132;0.431426;0.0170918;0.983383 0.0423447 -0.176537 -0.148526 -0.0326791 0.997822 0.057305 -0.446222 0.178579 -0.0505836 0.982625 -0.934905 0 0 0 1 
36535719080133;0.541591;0.0138347;0.938441 0.227361 0.260069 0.0710202 -0.273089 0.949341 0.155477 0.613378 -0.211545 -0.216928 0.95299 1.58146 0 0 0 1 
36535719080134;0.252306;0.0232612;0.996636 -0.0785505 0.0233724 -0.170465 0.079597 0.995678 -0.0478423 -0.442173 -0.0195134 0.0495418 0.998581 -0.206317 0 0 0 1 
36535719080135;0.472023;0.504356;0.973183 -0.0305929 0.227989 0.421165 0.0133675 0.996963 0.0767187 -0.187399 -0.229643 -0.0716137 0.970637 0.928048 0 0 0 1 
36535719080136;0.302061;0.0220279;0.974405 0.200236 -0.102176 0.00133848 -0.211727 0.970201 -0.117821 1.03316 0.0755388 0.136439 0.987764 -0.487959 0 0 0 1 
36535719080137;0.328535;0.0231489;0.967408 0.233552 0.0978529 -0.352687 -0.217475 0.964251 -0.151408 0.769838 -0.129716 0.125193 0.983616 0.116283 0 0 0 1 
36535719080138;0.576365;0.00903287;0.996595 0.065265 0.0503928 0.567284 -0.0409582 0.92225 -0.384418 0.380143 -0.0715639 0.381045 0.921783 -0.436045 0 0 0 1 
36535719080139;0.521512;0.0557946;0.966693 -0.255015 0.0217185 0.338782 0.250776 0.960735 0.11874 -1.56844 -0.0511463 -0.109339 0.992688 0.258665 0 0 0 1 
36535719080140;0.470285;0.148842;0.90305 0.404431 0.144691 0.0152533 -0.400537 0.914542 -0.0564221 1.35037 -0.155145 -0.00700225 0.987867 0.177308 0 0 0 1 
36535719080141;0.30287;0.0130772;0.971239 0.13291 0.19756 -0.443138 -0.148891 0.986492 0.068302 0.210092 -0.185813 -0.0957524 0.977908 0.656097 0 0 0 1 
36535719080142;0.480003;0.0137907;0.971746 0.203569 0.119453 -0.221479 -0.235159 0.878415 0.416038 0.426707 -0.0202365 -0.432374 0.901467 0.0953406 0 0 0 1 
36535719080143;0.628053;0.67098;0.994187 0.052241 -0.0941462 0.237347 -0.0633217 0.990892 -0.118841 0.263289 0.0870804 0.124111 0.98844 -0.470672 0 0 0 1 
36535719080144;0.602003;0.024959;0.943286 0.241142 -0.228172 0.353176 -0.286608 0.938376 -0.193149 1.30288 0.167534 0.247591 0.95427 -1.48578 0 0 0 1 
36535719080145;0.170435;0.0240384;0.993876 0.110406 0.00462355 -0.0792348 -0.11044 0.993853 0.00770491 0.39245 -0.00374445 -0.00816835 0.99996 0.2153 0 0 0 1 
36535719080146;0.207536;0.0215379;0.981004 0.189746 0.0403355 -0.0603842 -0.184948 0.977585 -0.100609 0.698504 -0.0585215 0.0912377 0.994108 0.0877537 0 0 0 1 
36535719080147;0.436345;0.0142355;0.983848 0.175015 -0.0375934 0.366613 -0.172029 0.982475 0.0717506 1.07184 0.049492 -0.0641245 0.996714 -0.394465 0 0 0 1 
36535719080148;0.640142;0.00966384;0.963614 -0.264531 -0.0383485 1.11729 0.252675 0.948281 -0.192142 -0.0441815 0.0871928 0.175461 0.980618 -0.63738 0 0 0 1 
36535719080149;0.408897;0.0165322;0.997504 -0.0556067 -0.0435065 0.161459 0.0535447 0.997449 -0.047206 -0.486293 0.0460205 0.0447587 0.997937 0.450879 0 0 0 1 
36535719080150;0.385378;0.0275223;0.99543 -0.00993545 0.094976 -0.0362316 -0.00732288 0.983702 0.179655 0.412527 -0.095213 -0.17953 0.979134 0.0376745 0 0 0 1 
36535719080151;0.147734;0.0172562;0.991513 0.0237082 0.127825 -0.131085 -0.0126118 0.996135 -0.0869292 0.11048 -0.129392 0.0845793 0.98798 0.252917 0 0 0 1 
36535719080152;0.417728;0.0863062;0.901937 0.397112 -0.169741 0.226007 -0.374421 0.914899 0.150896 1.05227 0.215218 -0.0725442 0.973868 -0.419861 0 0 0 1 
36535719080153;0.136308;0.0151118;0.98893 -0.128036 0.0749997 0.0691411 0.12508 0.991219 0.0428872 -0.353899 -0.0798323 -0.0330315 0.996261 0.26762 0 0 0 1 
36535719080155;0.377066;0.273342;0.993555 -0.0209501 -0.1114 0.455964 0.0458027 0.973168 0.225489 -0.106303 0.103687 -0.229138 0.967856 0.171249 0 0 0 1 
36535719080156;0.280014;0.220467;0.996762 -0.0259222 -0.0761093 0.373857 0.0375152 0.987188 0.155088 0.121374 0.071114 -0.157442 0.984964 -0.188383 0 0 0 1 
36535719080157;0.357849;0.210471;0.997693 -0.0676967 -0.00509431 0.808686 0.065895 0.947621 0.312525 0.225081 -0.0163295 -0.31214 0.949896 0.647974 0 0 0 1 
36535719080158;0.214487;0.0673523;0.999341 -0.0336114 -0.013674 0.444686 0.0341065 0.998705 0.0377486 0.285329 0.0123875 -0.0381902 0.999194 0.287106 0 0 0 1 
36535719080159;0.313033;0.0741194;0.992441 -0.052159 -0.111088 0.346118 0.0257637 0.973566 -0.226948 -0.653715 0.119989 0.22237 0.967551 -0.915342 0 0 0 1 
36535719080160;0.477856;0.0623088;0.922139 0.246311 -0.298314 -0.608707 -0.264411 0.964176 -0.0212402 0.978012 0.282396 0.0984639 0.954231 -0.715822 0 0 0 1 
36535719080161;0.262671;0.0760223;0.991848 0.122565 0.0348555 -0.197865 -0.12536 0.987608 0.0944205 -0.0617411 -0.0228509 -0.0980202 0.994922 0.516838 0 0 0 1 
36535719080162;0.249715;0.0694195;0.987387 0.158187 0.00658924 -0.313986 -0.153919 0.949337 0.273986 0.0206172 0.0370857 -0.271545 0.961711 0.073037 0 0 0 1 
36535719080163;0.453936;0.177982;0.933543 0.151713 -0.324777 0.816513 -0.183878 0.980413 -0.0705607 0.459356 0.307711 0.125591 0.943155 -1.16499 0 0 0 1 
36535719080164;0.466141;0.318045;0.989665 -0.0622148 0.129198 0.682645 0.0415352 0.986726 0.156992 0.116246 -0.13725 -0.150003 0.979113 1.08781 0 0 0 1 
36535719080165;0.321246;0.0684347;0.950609 -0.0520023 0.306004 -0.0266911 -0.0547797 0.942283 0.330306 -0.179255 -0.305519 -0.330755 0.892894 0.96338 0 0 0 1 
36535719080166;0.389384;0.15904;0.908992 -0.181774 0.37509 0.733782 0.230505 0.968991 -0.0890189 -0.260564 -0.347277 0.167377 0.922704 0.685049 0 0 0 1 
36535719080167;0.40197;0.310063;0.998789 -0.0167572 -0.0462667 0.672487 0.0330736 0.924791 0.379034 -0.0640517 0.0364355 -0.380105 0.924225 0.350578 0 0 0 1 
36535719080168;0.210711;0.179153;0.995696 0.00876713 0.0922603 -0.10314 -0.00330625 0.998242 -0.0591771 -0.12512 -0.0926169 0.0586174 0.993975 0.287204 0 0 0 1 
36535719080169;0.371812;0.0616409;0.960446 0.0732632 -0.268655 0.767363 -0.00741796 0.971159 0.238319 -0.509574 0.278367 -0.2269 0.933289 -1.12085 0 0 0 1 
36535719080170;0.32738;0.0603983;0.990349 0.115018 0.0773296 -0.199078 -0.107541 0.989675 -0.0947521 0.42411 -0.0874293 0.0855216 0.992493 -0.709457 0 0 0 1 
36535719080171;0.334438;0.278136;0.993333 -0.114919 0.00913746 0.488665 0.115281 0.990424 -0.0759626 -0.314537 -0.000320439 0.0765095 0.997069 0.136131 0 0 0 1 
36535719080172;0.359248;0.170324;0.986804 0.156929 -0.0398781 0.0925189 -0.146986 0.971515 0.185887 0.573706 0.0679133 -0.177573 0.981762 0.266267 0 0 0 1 
36535719080173;0.299017;0.0603036;0.995599 -0.0746434 -0.0566676 0.196171 0.0668758 0.989466 -0.128392 -0.543624 0.0656543 0.124037 0.990103 -1.06454 0 0 0 1 
36535719080174;0.332371;0.0707965;0.994908 -0.0870293 -0.0508268 1.01002 0.0847395 0.995359 -0.045595 0.328417 0.0545591 0.0410558 0.997666 -0.428838 0 0 0 1 
36535719080175;0.258801;0.0806903;0.982225 -0.101467 -0.15792 0.351264 0.0901534 0.992928 -0.0772451 -0.00318606 0.164641 0.061635 0.984426 -1.0738 0 0 0 1 
36535719080176;0.244373;0.0700563;0.967717 0.0872837 0.236444 -0.193136 -0.105783 0.99215 0.0666946 0.135954 -0.228766 -0.0895532 0.969354 0.634694 0 0 0 1 
36535719080177;0.307368;0.259432;0.998062 -0.0456048 0.0423458 0.27403 0.034325 0.970979 0.23669 0.0438488 -0.0519111 -0.234777 0.970662 0.779364 0 0 0 1 
36535719080178;0.333626;0.0674044;0.927899 0.0610039 -0.367807 0.713312 -0.0229578 0.994 0.106946 -0.101465 0.372124 -0.0907908 0.923732 -0.582095 0 0 0 1 
36535719080179;0.112272;0.0594498;0.997683 -0.0137406 -0.0666307 0.171063 0.0154033 0.999581 0.0245041 0.140562 0.066266 -0.0254736 0.997477 -0.313506 0 0 0 1 
36535719080180;0.447488;0.374733;0.996585 0.0817066 -0.0119562 0.69023 -0.0804116 0.993167 0.0845805 -0.305373 0.0187853 -0.0833302 0.996345 -0.210435 0 0 0 1 
36535719080181;0.181751;0.172252;0.98845 -0.061452 0.138532 0.106265 0.0728346 0.994238 -0.0786488 -0.332043 -0.132901 0.0878303 0.98723 0.0597977 0 0 0 1 
36535719080182;0.227052;0.0685611;0.976928 -0.0602378 0.204897 0.18365 0.100299 0.976421 -0.191158 -0.0524636 -0.188551 0.207299 0.959935 0.0916076 0 0 0 1 
36535719080183;0.271702;0.0613915;0.986102 -0.0736943 -0.148901 0.976181 0.0896298 0.990603 0.103306 -0.239384 0.139889 -0.115216 0.983441 -0.404657 0 0 0 1 
36535719080184;0.317465;0.0714995;0.962785 0.181202 -0.200525 0.364617 -0.0852676 0.90771 0.410844 -0.292086 0.256464 -0.378456 0.88938 -0.436844 0 0 0 1 
36535719080186;0.390645;0.14185;0.911882 -0.0670229 0.404944 0.0179807 0.183317 0.949217 -0.255699 -0.465327 -0.367242 0.3074 0.87786 1.57231 0 0 0 1 
36535719080187;0.111223;0.123954;0.999581 0.0184173 0.0223503 -0.000329465 -0.0184927 0.999824 0.0031697 -0.0433656 -0.022288 -0.00358169 0.999745 0.0127504 0 0 0 1 
36535719080188;0.65823;0.133877;0.873925 0.48095 0.0703055 0.165811 -0.483256 0.875261 0.019525 1.97523 -0.0521452 -0.051039 0.997334 1.10187 0 0 0 1 
36535719080189;0.357007;0.13936;0.999854 0.0125278 0.0116052 -0.677886 -0.0126877 0.999824 0.0138056 0.316054 -0.0114302 -0.0139508 0.999837 -0.465593 0 0 0 1 
36535719080190;0.473164;0.804472;0.917667 -0.395286 0.0404506 -1.18859 0.395101 0.918548 0.0127999 -2.17487 -0.0422154 0.004236 0.9991 0.152333 0 0 0 1 
36535719080191;0.28216;0.127585;0.979591 0.1995 -0.024504 -0.22592 -0.195236 0.973392 0.119963 0.74249 0.0477846 -0.112731 0.992476 -0.708968 0 0 0 1 
36535719080192;0.431029;0.132273;0.984953 -0.164032 0.0544107 -0.877062 0.167923 0.982791 -0.0769598 -0.427924 -0.0408505 0.0849387 0.995548 0.466113 0 0 0 1 
36535719080193;0.312078;0.13633;0.991319 -0.131418 0.00385957 -0.0762829 0.127608 0.968817 0.21239 -1.06001 -0.0316512 -0.210054 0.977177 -0.355876 0 0 0 1 
36535719080194;0.164987;0.11065;0.984099 0.177623 -0.000393945 -0.0747202 -0.177608 0.984044 0.0106299 0.691917 0.00227577 -0.0103909 0.999943 -0.055121 0 0 0 1 
36535719080195;0.354366;0.126874;0.981368 -0.0338185 0.189137 0.0521185 0.0330899 0.999428 0.00700983 -0.522785 -0.189266 -0.000620704 0.981926 0.219359 0 0 0 1 
36535719080196;0.523582;0.134628;0.985369 0.16046 0.0574444 -0.53537 -0.169348 0.883856 0.436028 0.803754 0.0191924 -0.439377 0.898098 -0.684232 0 0 0 1 
36535719080197;0.379637;0.126286;0.978489 -0.17784 -0.104553 0.129848 0.184154 0.981405 0.0541366 -1.01132 0.0929814 -0.072226 0.993045 -1.18417 0 0 0 1 
36535719080198;0.253973;0.118348;0.983675 -0.144856 0.10677 -0.166728 0.154311 0.984243 -0.0863355 -0.775867 -0.0925816 0.101402 0.990528 0.781541 0 0 0 1 
36535719080199;0.451651;0.134096;0.9895 0.143377 0.0182571 -0.717901 -0.143428 0.98966 0.001507 0.92831 -0.0178522 -0.00410975 0.999832 0.647768 0 0 0 1 
36535719080200;0.601292;0.910604;0.963442 -0.190166 0.188723 -0.951115 0.204051 0.977305 -0.0569143 -1.61052 -0.173617 0.0933427 0.98038 1.26585 0 0 0 1 
36535719080201;0.316883;0.115563;0.881383 0.0849799 0.464697 0.0393571 0.00246558 0.982846 -0.184411 0.00894352 -0.472397 0.163682 0.866054 2.32484 0 0 0 1 
36535719080202;0.389074;0.120816;0.971775 0.226542 0.0658186 -0.246613 -0.228183 0.973443 0.0184791 1.3675 -0.0598844 -0.0329762 0.99766 -0.342543 0 0 0 1 
36535719080203;0.247825;0.144778;0.970885 -0.239122 0.014218 -0.195289 0.237961 0.969581 0.0573293 -1.2514 -0.0274942 -0.0522768 0.998254 0.268916 0 0 0 1 
36535719080204;0.323434;0.121119;0.998235 -0.050546 0.0311697 -0.27882 0.049928 0.998547 0.0202976 -1.02744 -0.0321503 -0.0187055 0.999308 -0.116039 0 0 0 1 
36535719080205;0.326801;0.130124;0.95871 -0.0663221 0.276545 0.109795 0.155219 0.93684 -0.313428 -0.588801 -0.238292 0.343411 0.908452 1.03386 0 0 0 1 
36535719080206;0.360649;0.114313;0.99461 0.100214 0.0265937 -0.292802 -0.100029 0.994951 -0.00822219 1.11566 -0.0272834 0.00551775 0.999613 0.0145414 0 0 0 1 
36535719080207;0.378318;0.0980762;0.999452 -0.0291425 0.0156727 0.625155 0.0290776 0.999568 0.00435751 -0.241822 -0.0157929 -0.0038994 0.999868 0.139036 0 0 0 1 
36535719080208;0.281021;0.11819;0.980282 -0.0602768 0.188186 -0.391848 0.052654 0.997587 0.0452511 -0.516276 -0.190459 -0.0344501 0.98109 1.32903 0 0 0 1 
36535719080209;0.41046;0.133799;0.954551 -0.287323 0.0792299 -0.370223 0.26831 0.944143 0.191324 -1.98695 -0.129776 -0.16137 0.978324 0.709656 0 0 0 1 
36535719080210;0.243944;0.132935;0.976311 0.148573 0.157296 0.15757 -0.155827 0.987173 0.0347638 0.407215 -0.150113 -0.0584512 0.986939 0.652947 0 0 0 1 
36535719080211;0.419439;0.107073;0.925619 0.378447 -0.00264477 -0.160972 -0.37845 0.925622 -0.000294705 1.28395 0.00233652 0.00127369 0.999996 -0.0235072 0 0 0 1 
36535719080212;0.411637;0.141589;0.953843 0.274927 0.120825 0.294236 -0.272633 0.961465 -0.0354512 0.599175 -0.125916 0.000874021 0.992041 0.806133 0 0 0 1 
36535719080213;0.271077;0.114421;0.970934 -0.187672 -0.148548 -0.192164 0.15917 0.969791 -0.184852 -0.880361 0.178752 0.155835 0.971475 -1.04655 0 0 0 1 
36535719080214;0.356981;0.106203;0.948384 0.150298 -0.279247 -0.117601 -0.159658 0.987112 -0.0109409 0.417053 0.274004 0.0549601 0.960157 -0.952237 0 0 0 1 
36535719080215;0.558879;0.118578;0.963266 0.215375 0.160413 -0.192695 -0.163122 0.943761 -0.287588 0.833381 -0.213331 0.250856 0.944225 1.98214 0 0 0 1 
36535719080217;0.267916;0.0157323;0.967557 -0.177511 -0.179788 0.536949 0.154823 0.978908 -0.133303 -0.240081 0.199658 0.101143 0.974632 -0.925149 0 0 0 1 
36535719080218;0.403611;0.0177195;0.997204 0.0747164 -0.00130011 -0.3368 -0.0746537 0.996839 0.0271744 0.71336 0.00332637 -0.0270013 0.99963 0.464068 0 0 0 1 
36535719080219;0.612805;0.538125;0.998564 -0.0153313 0.0513296 -0.0622884 0.0151104 0.999875 0.00468936 0.132316 -0.0513951 -0.00390702 0.998671 0.720587 0 0 0 1 
36535719080220;0.465305;0.0159173;0.970317 -0.118351 -0.2109 0.390561 0.0977415 0.989589 -0.105639 0.157347 0.221207 0.0818891 0.971783 -1.43422 0 0 0 1 
36535719080221;0.397154;0.281632;0.996405 -0.0744962 0.040348 -0.0285148 0.0744635 0.997221 0.00231465 -0.117606 -0.0404083 0.000698124 0.999183 -0.208604 0 0 0 1 
36535719080222;0.388852;0.0124812;0.984078 -0.105807 0.14281 -0.45479 0.139852 0.956832 -0.254782 -0.232284 -0.109688 0.270698 0.956395 0.228574 0 0 0 1 
36535719080223;0.332061;0.0155549;0.928435 -0.191613 -0.318266 0.859443 0.168636 0.980742 -0.0985215 -0.612092 0.331015 0.0377996 0.942868 -0.869336 0 0 0 1 
36535719080224;0.591626;0.0231278;0.994288 0.0976023 0.0431862 -0.407908 -0.080022 0.949473 -0.303474 1.22211 -0.0706239 0.298285 0.95186 0.441783 0 0 0 1 
36535719080225;0.418431;0.321529;0.991419 -0.0327477 0.126556 -0.0498621 0.0313259 0.999422 0.0132092 -0.0228494 -0.126916 -0.00913139 0.991871 0.722446 0 0 0 1 
36535719080226;0.434396;0.398284;0.987777 0.0526173 -0.146723 0.118107 -0.0557754 0.99829 -0.017491 0.0579709 0.145551 0.0254607 0.989023 -0.238835 0 0 0 1 
36535719080227;0.258425;0.0147587;0.981047 0.171104 0.0909428 -0.0737019 -0.175413 0.983613 0.0416538 0.429236 -0.0823254 -0.0568169 0.994985 0.583836 0 0 0 1 
36535719080228;0.348273;0.0121594;0.958108 -0.200388 0.20463 0.110286 0.208887 0.977723 -0.0205855 -0.275631 -0.195946 0.0624678 0.978623 0.872773 0 0 0 1 
36535719080229;0.349476;0.0189741;0.995071 0.0554133 0.0822408 -0.199353 -0.0416978 0.986236 -0.159998 0.139386 -0.0899748 0.15578 0.983685 -0.428726 0 0 0 1 
36535719080230;0.507963;0.58175;0.936011 -0.0804966 0.342642 0.10705 0.0783163 0.996724 0.0202192 -0.0172497 -0.343146 0.00790906 0.939249 0.793685 0 0 0 1 
36535719080231;0.499847;0.017278;0.999923 0.00136198 -0.0123416 -0.320274 -0.00101602 0.999608 0.0279951 -0.422739 0.0123749 -0.0279804 0.999532 -0.847993 0 0 0 1 
36535719080232;0.400636;0.289802;0.998111 -0.0613211 -0.00385601 0.324028 0.0613533 0.991329 0.116202 -0.19542 -0.00330307 -0.116219 0.993218 0.384242 0 0 0 1 
36535719080233;0.232565;0.0163223;0.984602 0.0579624 -0.164921 0.0533507 -0.0392454 0.99264 0.114568 0.0601967 0.170348 -0.106331 0.97963 -0.100757 0 0 0 1 
36535719080234;0.243089;0.0183816;0.999979 0.00642326 0.000782221 0.17667 -0.0064139 0.999914 -0.0114375 0.130587 -0.00085562 0.0114322 0.999934 -0.438101 0 0 0 1 
36535719080235;0.336455;0.277461;0.998346 -0.0197009 -0.0540055 -0.0353825 0.0229289 0.997946 0.0598191 0.0735821 0.0527161 -0.0609584 0.996747 0.0960881 0 0 0 1 
36535719080236;0.526732;0.0159204;0.959517 -0.130953 0.249354 0.570799 0.0739955 0.971444 0.225436 -0.534066 -0.271755 -0.197859 0.941807 1.6784 0 0 0 1 
36535719080237;0.707625;0.4746;0.999603 0.0267641 -0.00881102 0.0204751 -0.0267369 0.999637 0.00318863 0.185967 0.00889317 -0.00295178 0.999956 0.766506 0 0 0 1 
36535719080238;0.378354;0.0159754;0.980606 0.182512 -0.0714164 0.337181 -0.164535 0.964622 0.205994 0.732431 0.106486 -0.190248 0.975944 -0.16054 0 0 0 1 
36535719080239;0.260619;0.0120274;0.999443 -0.0280736 0.0180265 0.381357 0.027824 0.999515 0.0139501 -0.150906 -0.0184094 -0.0134408 0.99974 0.397052 0 0 0 1 
36535719080240;0.347346;0.0157968;0.997501 0.00472832 0.07049 -0.0502094 0.0216251 0.929432 -0.36836 0.33372 -0.0672573 0.368964 0.927007 -0.298078 0 0 0 1 
36535719080241;0.461675;0.015845;0.945582 0.146021 0.290779 -0.234209 -0.070389 0.964286 -0.255339 -0.185677 -0.317679 0.220976 0.92209 0.682439 0 0 0 1 
36535719080242;0.184835;0.0120836;0.992233 0.103891 0.0684114 -0.172953 -0.105295 0.994292 0.0172365 0.0449183 -0.0662302 -0.024306 0.997508 0.154909 0 0 0 1 
36535719080243;0.50255;0.525166;0.999731 -0.0104406 0.0207343 0.106093 0.0107991 0.999793 -0.0172519 0.0454866 -0.0205499 0.0174712 0.999636 -0.14018 0 0 0 1 
36535719080244;0.3548;0.0574843;0.922298 0.243447 0.300167 -0.288152 -0.264845 0.963756 0.0321211 0.543008 -0.281468 -0.109123 0.953346 1.1758 0 0 0 1 
36535719080245;0.421326;0.0186581;0.969974 0.121473 -0.210703 0.45626 -0.141208 0.986641 -0.0812419 0.563725 0.198019 0.108555 0.974168 -1.2529 0 0 0 1 
36535719080246;0.428678;0.0202991;0.967749 0.251894 -0.0034908 0.0988827 -0.251233 0.964007 -0.0870207 1.10569 -0.0185548 0.0850912 0.9962 -0.486985 0 0 0 1 
36535719080248;0.279109;0.0078536;0.999921 -0.0102254 -0.00729483 0.74112 0.0102129 0.999946 -0.00175227 0.234191 0.00731236 0.00167763 0.999972 -0.353382 0 0 0 1 
36535719080249;0.148582;0.0155287;0.997955 -0.0630583 -0.0104649 -0.280913 0.0630692 0.998009 0.00071354 -0.171955 0.0103991 -0.00137209 0.999945 -0.174313 0 0 0 1 
36535719080250;0.310686;0.00970305;0.996762 -0.00509119 0.0802435 -0.310352 0.00498356 0.999986 0.00154148 0.247898 -0.0802503 -0.00113659 0.996774 -0.672478 0 0 0 1 
36535719080251;0.298484;0.0188354;0.999282 0.0305995 -0.0223374 -0.530241 -0.0293988 0.998202 0.0522332 0.660704 0.0238955 -0.051539 0.998385 0.179764 0 0 0 1 
36535719080252;0.364884;0.243476;0.976635 -0.149786 -0.154106 1.14118 0.149023 0.988695 -0.0165602 -0.462372 0.154844 -0.00679202 0.987916 -0.311026 0 0 0 1 
36535719080253;0.298099;0.244643;0.997614 -0.0625478 -0.0292161 0.644874 0.0608994 0.996668 -0.054261 -0.12907 0.0325126 0.0523523 0.998099 -0.572515 0 0 0 1 
36535719080254;0.413793;0.337335;0.997336 -0.0696744 -0.0216098 0.231059 0.0635706 0.975412 -0.21102 0.27811 0.0357811 0.209084 0.977243 -0.383399 0 0 0 1 
36535719080255;0.265645;0.0113446;0.994956 -0.0726593 0.0691582 -0.138862 0.0887023 0.959232 -0.268339 -0.240328 -0.0468415 0.27312 0.960839 0.255729 0 0 0 1 
36535719080256;0.228269;0.0302429;0.96845 0.249095 -0.00743162 -0.164131 -0.249096 0.968478 0.000839966 0.508924 0.0074066 0.00103772 0.999972 -0.055938 0 0 0 1 
36535719080257;0.266234;0.013257;0.999245 -0.0386289 -0.00422775 -0.686728 0.0387451 0.998732 0.0321509 -0.282879 0.00298044 -0.0322904 0.999474 -0.0688299 0 0 0 1 
36535719080258;0.327944;0.00951986;0.998932 -0.0399714 -0.0231701 0.581268 0.0403042 0.999088 0.0140783 -0.660245 0.0225862 -0.0149971 0.999632 0.54127 0 0 0 1 
36535719080259;0.241821;0.0166106;0.98334 0.161912 -0.0826215 0.186114 -0.161114 0.986802 0.0162807 0.156957 0.0841671 -0.00269798 0.996448 -0.619742 0 0 0 1 
