#;prob_registration_l1 -r /home/probabilistic_point_clouds_registration/build/tester /home/point_clouds_registration_benchmark//devel/registration_pairs/long_office_household_local.txt /home/point_clouds_registration_benchmark//tum/long_office_household -s 0.1 -t 0.1 -p 0.3 -r 1000 -m 10 -i 40 
id;initial_error;final_error;transformation
26456013410000;0.652746;0.111789;0.910741 0.388301 -0.140618 0.0771017 -0.406793 0.902206 -0.143329 -0.0046616 0.0712117 0.187738 0.979634 -0.541395 0 0 0 1 
26456013410001;1.0574;0.14233;0.993419 0.112181 0.0231336 -0.00373228 -0.110161 0.991059 -0.0752786 0.0368882 -0.0313715 0.0722348 0.996894 0.904046 0 0 0 1 
26456013410002;0.577722;0.141045;0.991618 0.128624 0.0122556 0.0776183 -0.128464 0.991629 -0.0130255 0.172328 -0.0138284 0.0113419 0.99984 0.44685 0 0 0 1 
26456013410003;1.10585;0.406026;0.945327 -0.326122 -0.00118223 0.212147 0.325928 0.944879 -0.0312181 0.504922 0.011298 0.0291259 0.999512 -0.923185 0 0 0 1 
26456013410004;0.510854;0.129927;0.967088 0.0828304 0.240583 -0.120251 -0.1295 0.974136 0.185172 -0.113097 -0.219023 -0.210233 0.952802 -0.454302 0 0 0 1 
26456013410005;0.315858;0.122994;0.998177 -0.0514585 0.0315542 -0.0491083 0.0538107 0.99543 -0.0788896 0.372029 -0.0273505 0.0804437 0.996384 -0.252234 0 0 0 1 
26456013410006;0.127418;0.104771;0.995002 0.0992593 0.010862 0.0586741 -0.0986468 0.99401 -0.047038 0.0416634 -0.0154659 0.0457314 0.998834 -0.0491369 0 0 0 1 
26456013410007;0.936325;0.382499;0.968901 -0.245661 -0.0296907 -0.0197944 0.232912 0.945914 -0.225829 0.349774 0.0835622 0.211891 0.973714 0.611255 0 0 0 1 
26456013410008;0.859142;0.114129;0.999151 -0.0280544 0.0301722 0.172291 0.0324753 0.986946 -0.157744 0.0686742 -0.0253529 0.15859 0.987019 0.657183 0 0 0 1 
26456013410009;0.404949;0.119067;0.987772 0.116669 -0.103419 -0.156317 -0.124897 0.989177 -0.0770024 -0.0927596 0.093316 0.0889776 0.991653 0.251548 0 0 0 1 
26456013410010;0.333714;0.116363;0.996508 0.0507668 -0.0662904 -0.114531 -0.0621397 0.981207 -0.18268 0.126266 0.0557705 0.186162 0.980935 -0.290036 0 0 0 1 
26456013410011;0.463956;0.117468;0.998229 -0.0575597 0.0150395 0.0235839 0.0580881 0.997609 -0.0374423 0.268466 -0.0128484 0.0382496 0.999186 -0.430055 0 0 0 1 
26456013410012;1.06761;0.123218;0.980219 0.0342479 -0.194931 0.630572 -0.111061 0.910409 -0.398524 0.674051 0.163818 0.41229 0.896204 0.758988 0 0 0 1 
26456013410013;0.408963;0.115885;0.915658 0.401739 0.0132885 0.0919388 -0.400904 0.915149 -0.0421612 -0.0901905 -0.0290987 0.0332779 0.999022 -0.0592112 0 0 0 1 
26456013410014;0.281798;0.116152;0.99331 0.113753 0.019883 -0.0578437 -0.112923 0.992845 -0.038816 -0.0737192 -0.0241562 0.0363111 0.999049 -0.286453 0 0 0 1 
26456013410015;0.444148;0.169753;0.994459 -0.0357703 -0.0988508 -0.0139742 0.0202546 0.987907 -0.15372 0.115426 0.103154 0.150866 0.983158 0.285731 0 0 0 1 
26456013410016;0.631913;0.129133;0.901507 0.333159 0.276206 -0.179599 -0.328124 0.942347 -0.0656964 -0.0777017 -0.282169 -0.0314039 0.958851 0.360275 0 0 0 1 
26456013410017;0.712942;0.115449;0.993562 0.107635 0.0353357 0.153764 -0.10313 0.988445 -0.111089 0.616134 -0.0468845 0.10673 0.993182 0.280171 0 0 0 1 
26456013410018;0.599666;0.104279;0.917351 0.303275 0.25786 -0.0581552 -0.32577 0.944207 0.0484398 -0.340968 -0.228782 -0.128439 0.964967 -0.421549 0 0 0 1 
26456013410019;0.16999;0.0976;0.999382 0.0262376 0.023396 -0.0466313 -0.0260041 0.99961 -0.010229 0.178312 -0.0236553 0.00961431 0.999674 -0.128417 0 0 0 1 
26456013410020;0.966938;0.13347;0.992965 0.113561 0.0335399 -0.332021 -0.112594 0.993205 -0.0294436 -0.089247 -0.0366557 0.02546 0.999004 -0.902711 0 0 0 1 
26456013410021;1.2145;0.469035;0.953173 -0.299543 -0.0416682 -0.499942 0.295045 0.951293 -0.0893854 0.486183 0.0664134 0.0729058 0.995125 -0.313449 0 0 0 1 
26456013410022;0.808376;0.163662;0.969213 -0.24114 -0.0497738 -0.45651 0.196969 0.880625 -0.430933 0.692839 0.147747 0.407862 0.90101 -0.146529 0 0 0 1 
26456013410023;0.310262;0.118283;0.951963 0.305177 -0.0251892 -0.24155 -0.306211 0.9491 -0.0737786 -0.000909098 0.00139159 0.0779477 0.996956 0.131673 0 0 0 1 
26456013410024;0.290654;0.137311;0.983939 0.17811 0.0119009 0.102932 -0.17849 0.980726 0.0794866 -0.188295 0.00248579 -0.0803342 0.996765 -0.10266 0 0 0 1 
26456013410025;0.115869;0.118743;0.990603 0.136472 -0.00906123 -0.0442065 -0.136744 0.986884 -0.0857956 0.0461878 -0.00276629 0.0862284 0.996272 0.0250961 0 0 0 1 
26456013410026;0.438952;0.325317;0.99535 -0.036538 0.0891295 0.0608858 0.0302719 0.99704 0.0706696 -0.197219 -0.0914478 -0.0676428 0.99351 -0.296867 0 0 0 1 
26456013410027;1.02893;0.118325;0.910754 0.412175 0.0252864 0.0847107 -0.410337 0.91017 -0.0566901 0.780986 -0.0463812 0.0412548 0.998072 0.140022 0 0 0 1 
26456013410028;0.910665;0.122528;0.995702 0.0916727 0.0131598 0.0828543 -0.0903628 0.992787 -0.0787986 0.0867903 -0.0202885 0.0772708 0.996804 0.760236 0 0 0 1 
26456013410029;0.807992;0.143988;0.986818 0.111738 -0.117065 0.0905647 -0.141601 0.946394 -0.290322 0.986627 0.0783494 0.303072 0.949741 -0.0833628 0 0 0 1 
26456013410031;0.378079;1.57407;-0.286591 0.104862 -0.952297 0.94777 -0.769246 0.56731 0.293972 1.40545 0.571074 0.8168 -0.0819218 -0.182322 0 0 0 1 
26456013410032;0.347742;1.22712;0.337481 0.596445 -0.728258 -0.137101 -0.641351 0.711986 0.285911 1.18066 0.689039 0.37058 0.622813 -0.676554 0 0 0 1 
26456013410033;0.319289;1.13225;0.483836 0.685101 -0.544554 -0.296512 -0.729157 0.659678 0.182082 1.15811 0.483975 0.308967 0.818723 -0.409738 0 0 0 1 
26456013410034;0.665788;1.00914;0.457229 0.712336 -0.532466 0.594448 -0.677283 0.666928 0.310636 0.927712 0.576394 0.218598 0.787392 -0.76295 0 0 0 1 
26456013410035;0.543286;1.0043;0.507447 0.54599 -0.666628 0.721357 -0.640689 0.756401 0.131815 0.585506 0.576208 0.360212 0.733643 0.00659592 0 0 0 1 
26456013410036;0.569296;0.789859;0.829351 0.489558 -0.269276 0.0817491 -0.520746 0.851939 -0.0549916 0.890366 0.202485 0.185832 0.961492 0.242973 0 0 0 1 
26456013410037;0.587068;1.3835;-0.132987 0.344719 -0.929238 0.891158 -0.800333 0.515683 0.305841 1.73718 0.584621 0.784372 0.207311 0.0582761 0 0 0 1 
26456013410038;0.163491;0.957209;0.523318 0.587791 -0.61696 0.304232 -0.719852 0.692392 0.0490638 0.96546 0.456018 0.418444 0.785463 -0.374959 0 0 0 1 
26456013410039;0.298903;1.04394;0.519869 0.705134 -0.482205 0.0743478 -0.749915 0.647046 0.137694 1.5262 0.409102 0.29003 0.865169 -0.038139 0 0 0 1 
26456013410040;0.421915;1.44336;-0.0532709 0.238569 -0.969663 0.859904 -0.842891 0.509933 0.171766 1.4107 0.535442 0.82647 0.173923 -0.252143 0 0 0 1 
26456013410041;0.740902;1.04345;0.631662 0.513413 -0.580871 0.721847 -0.506858 0.840451 0.19167 0.554363 0.586599 0.173348 0.791108 -0.995324 0 0 0 1 
26456013410042;0.386627;1.04516;0.564174 0.689269 -0.45455 0.336966 -0.718187 0.681275 0.141676 0.937288 0.407326 0.246522 0.879382 -0.247432 0 0 0 1 
26456013410043;0.418115;0.804762;0.690958 0.429791 -0.581255 0.13729 -0.573427 0.81547 -0.078679 0.926555 0.44018 0.387671 0.809909 -0.131078 0 0 0 1 
26456013410044;0.401489;0.851664;0.792634 0.426505 -0.435688 -0.0941774 -0.345274 0.902971 0.255793 0.686892 0.502511 -0.0523183 0.862987 -0.182118 0 0 0 1 
26456013410045;0.640918;1.44886;-0.0373023 0.386728 -0.921439 0.449891 -0.498584 0.791911 0.352549 0.458073 0.866039 0.472565 0.163276 -0.995948 0 0 0 1 
26456013410046;0.387348;0.871201;0.523796 0.746401 -0.410516 0.113712 -0.735616 0.639344 0.223849 1.19671 0.429542 0.184731 0.88395 -0.0858431 0 0 0 1 
26456013410047;0.681694;1.05306;0.648772 0.716157 -0.257323 0.0801492 -0.540337 0.67163 0.506901 0.518957 0.535847 -0.189822 0.8227 -0.741521 0 0 0 1 
26456013410048;0.200666;1.41813;-0.0971705 0.383623 -0.918363 0.89551 -0.558945 0.742439 0.369276 0.905428 0.823492 0.549197 0.142281 -0.527123 0 0 0 1 
26456013410049;0.634474;0.997403;0.567961 0.702497 -0.428857 0.732613 -0.7724 0.634907 0.0170862 1.03918 0.284287 0.321545 0.903211 0.0649787 0 0 0 1 
26456013410050;0.211001;1.08451;0.627505 0.66851 -0.399164 -0.299104 -0.732162 0.681051 -0.0103871 1.27389 0.264907 0.298771 0.916821 -0.142678 0 0 0 1 
26456013410051;0.550163;0.939241;0.808437 0.505392 -0.301676 0.264435 -0.417592 0.853707 0.31113 0.654248 0.414785 -0.125551 0.901216 -0.575107 0 0 0 1 
26456013410052;0.551544;1.07895;0.655228 0.67157 -0.345935 0.209752 -0.695695 0.714903 0.070155 1.15971 0.294424 0.194698 0.935632 -0.66884 0 0 0 1 
26456013410053;0.345543;1.06766;0.494912 0.816536 -0.297204 0.01065 -0.837782 0.539159 0.0861843 1.65488 0.230613 0.206339 0.950916 -0.161988 0 0 0 1 
26456013410054;0.546651;1.3745;0.0387185 0.324697 -0.945025 0.735645 -0.829421 0.537878 0.150825 1.87651 0.557281 0.777984 0.290136 -0.984129 0 0 0 1 
26456013410055;0.267657;1.02891;0.405697 0.743304 -0.531893 0.472639 -0.803137 0.567709 0.18077 1.29233 0.436327 0.353845 0.827292 -0.34386 0 0 0 1 
26456013410056;0.595541;1.15424;0.65778 0.656232 -0.36971 0.498276 -0.735801 0.664766 -0.129167 1.26239 0.161007 0.356997 0.920125 -0.293306 0 0 0 1 
26456013410057;0.461018;1.19432;0.188132 0.786255 -0.588566 0.733364 -0.86722 0.41428 0.276227 0.919492 0.461016 0.458449 0.759795 -0.611193 0 0 0 1 
26456013410058;0.576941;1.35246;0.389617 0.729981 -0.56154 0.0410794 -0.71755 0.622825 0.311787 0.8947 0.577339 0.281455 0.766461 -0.915363 0 0 0 1 
26456013410059;0.729412;1.47729;-0.237316 0.520283 -0.820358 1.07072 -0.767256 0.417567 0.486781 1.21354 0.595818 0.744945 0.300095 0.224498 0 0 0 1 
26456013410060;0.670241;0.891311;0.758499 0.53932 -0.365805 -0.256062 -0.414182 0.832336 0.368336 1.0629 0.503123 -0.127873 0.854702 -0.564851 0 0 0 1 
26456013410062;0.727774;0.0821924;0.954221 -0.292247 -0.0636645 -0.0247095 0.297928 0.947532 0.115854 -0.207646 0.026466 -0.129518 0.991224 0.29497 0 0 0 1 
26456013410063;1.34575;0.0560823;0.95625 0.186326 0.225542 -0.374536 -0.11556 0.948826 -0.293898 -0.486499 -0.268761 0.254976 0.928846 -0.157735 0 0 0 1 
26456013410064;0.325852;0.136318;0.987955 0.124898 0.0913529 -0.119199 -0.134444 0.985114 0.107121 -0.162105 -0.0766138 -0.118113 0.99004 0.115976 0 0 0 1 
26456013410065;0.371368;0.13946;0.972757 -0.147742 -0.178653 0.267093 0.162369 0.984233 0.0701557 0.0182358 0.165471 -0.0972522 0.981408 0.00784042 0 0 0 1 
26456013410066;1.03207;0.0557738;0.968215 0.141011 -0.20658 -0.152331 -0.18343 0.961804 -0.203189 0.377331 0.170037 0.234624 0.957099 0.385885 0 0 0 1 
26456013410067;0.857765;0.882182;0.880071 -0.185383 -0.437159 0.142557 0.106955 0.974374 -0.197878 0.14221 0.46264 0.12739 0.877346 0.425324 0 0 0 1 
26456013410068;1.01715;0.0645942;0.999882 -0.000167777 0.0153393 -0.113139 -0.00194666 0.990468 0.137726 -0.0396926 -0.0152162 -0.137739 0.990352 0.578917 0 0 0 1 
26456013410069;0.211374;0.137752;0.98101 -0.0979179 -0.167426 0.098575 0.0984786 0.995127 -0.00497073 -0.00628421 0.167097 -0.0116115 0.985872 0.143135 0 0 0 1 
26456013410070;0.584191;0.12683;0.935427 -0.201422 -0.290526 0.453131 0.198875 0.979265 -0.0385912 0.0333409 0.292275 -0.0216793 0.956088 -0.0208784 0 0 0 1 
26456013410071;0.0848378;0.115573;0.999937 -0.00501212 -0.0100582 0.0113468 0.00465522 0.99937 -0.0351983 -0.0103473 0.0102282 0.0351493 0.99933 -0.00166313 0 0 0 1 
26456013410072;0.345771;0.0980425;0.981909 0.0411598 -0.184825 0.0314662 -0.00515366 0.981537 0.191205 -0.278405 0.189282 -0.186794 0.963992 0.211756 0 0 0 1 
26456013410073;0.619828;0.258531;0.967245 0.0592534 0.246832 -0.173548 -0.0298287 0.992169 -0.121288 -0.107546 -0.252086 0.109953 0.961438 0.149607 0 0 0 1 
26456013410074;0.46439;0.0592327;0.98791 -0.115985 -0.102866 -0.112547 0.100059 0.983855 -0.148383 0.201832 0.118415 0.136297 0.983565 0.0879167 0 0 0 1 
26456013410075;1.52576;0.103082;0.967571 -0.249785 -0.0376007 0.0673451 0.25242 0.961717 0.106695 -0.0438674 0.00951039 -0.112726 0.993581 -0.761715 0 0 0 1 
26456013410076;0.479244;0.164279;0.991054 0.0887347 -0.0996939 -0.0320884 -0.0984679 0.990365 -0.0973697 0.053643 0.0900933 0.106315 0.990243 -0.18846 0 0 0 1 
26456013410077;0.704929;0.112445;0.996894 -0.0388306 0.0685114 -0.389214 0.0356781 0.998274 0.0466528 -0.177505 -0.0702047 -0.0440636 0.996559 0.0888551 0 0 0 1 
26456013410078;0.365691;0.157628;0.997528 -0.0157765 -0.0684826 0.19097 0.0113174 0.99782 -0.06502 0.0855296 0.069359 0.0640842 0.995531 0.0135428 0 0 0 1 
26456013410079;1.72117;0.945488;0.997967 -0.0546362 -0.0328176 0.297116 0.0429719 0.957077 -0.28663 0.370609 0.0470693 0.284637 0.957479 0.467796 0 0 0 1 
26456013410080;1.76411;0.816861;0.99875 -0.0402677 0.0296084 -0.305741 0.0412486 0.998594 -0.0333 0.5364 -0.0282259 0.0344797 0.999007 0.156257 0 0 0 1 
26456013410081;1.63412;0.251784;0.977987 0.0712661 0.196117 -0.139257 -0.03963 0.9862 -0.160746 0.82108 -0.204866 0.149435 0.967315 -0.473418 0 0 0 1 
26456013410082;0.404515;0.0928983;0.907153 -0.406407 -0.109116 0.121007 0.390403 0.909601 -0.14217 0.285519 0.157031 0.0863707 0.98381 0.0327028 0 0 0 1 
26456013410083;1.34753;0.153701;0.998692 -0.0510951 -0.00210344 -0.187313 0.0511375 0.998076 0.0350481 -0.534595 0.000308608 -0.0351098 0.999383 0.478904 0 0 0 1 
26456013410084;1.15281;0.667708;0.966771 0.0227942 0.254627 -0.17262 0.0417879 0.96853 -0.245364 -0.0631786 -0.252206 0.247851 0.935394 -0.181662 0 0 0 1 
26456013410085;0.50976;0.0826362;0.986761 0.157697 0.0378706 -0.0780429 -0.149563 0.975135 -0.163529 0.148272 -0.0627171 0.1557 0.985811 -0.312679 0 0 0 1 
26456013410086;0.789041;0.110761;0.985067 -0.135746 -0.105907 0.144392 0.123711 0.985867 -0.112966 0.194447 0.119745 0.098177 0.987939 -0.398374 0 0 0 1 
26456013410087;0.962758;0.317583;0.996053 0.0753238 -0.0469454 0.0146714 -0.0820982 0.982897 -0.164845 0.539425 0.0337258 0.168048 0.985202 -0.00112604 0 0 0 1 
26456013410088;1.51292;0.1294;0.936111 -0.313836 -0.158753 -0.453775 0.31249 0.949311 -0.0340354 -0.231196 0.161388 -0.0177478 0.986731 0.104986 0 0 0 1 
26456013410089;0.558558;0.0948849;0.999372 -0.0157522 -0.0317345 -0.0128589 0.0140097 0.998421 -0.0544026 0.00615115 0.0325414 0.0539238 0.998015 0.289161 0 0 0 1 
26456013410090;1.4132;1.18163;0.997679 -0.0123988 -0.0669484 0.142169 0.00767284 0.99749 -0.0703921 0.0685429 0.0676532 0.0697151 0.99527 -0.123572 0 0 0 1 
26456013410091;1.21795;0.705331;0.875432 -0.154175 -0.458092 0.059016 0.0683667 0.977731 -0.198414 -0.0398464 0.478481 0.14238 0.866478 0.550286 0 0 0 1 
26456013410093;0.469907;0.565258;0.967483 -0.214903 0.133394 -0.0392465 0.217128 0.976141 -0.00218737 0.492721 -0.129741 0.0310797 0.991061 -0.447616 0 0 0 1 
26456013410094;0.663694;0.0798492;0.881584 0.172921 -0.439213 0.415338 -0.0842481 0.973184 0.214047 0.238691 0.464448 -0.151697 0.872511 0.111465 0 0 0 1 
26456013410095;0.871627;0.12938;0.982734 0.145926 0.113751 0.413251 -0.146843 0.98916 -0.000324656 0.270461 -0.112566 -0.0163845 0.993509 -0.0164236 0 0 0 1 
26456013410096;0.802998;0.0680098;0.999315 -5.90977e-05 0.0370032 -0.389625 -0.00049832 0.999887 0.0150546 0.139453 -0.0369999 -0.0150628 0.999202 -0.452039 0 0 0 1 
26456013410097;0.47238;0.074692;0.930854 0.365182 0.0123856 -0.0171511 -0.365371 0.929899 0.0423346 0.0538803 0.00394251 -0.0439327 0.999027 0.229184 0 0 0 1 
26456013410098;0.153152;0.0643591;0.989036 0.0886363 -0.118113 0.0869599 -0.0836026 0.995394 0.0469215 0.0473759 0.121728 -0.0365325 0.991891 0.0822356 0 0 0 1 
26456013410099;1.16156;0.385267;0.998274 -0.0490896 0.0322245 -0.141671 0.0501362 0.998213 -0.0325151 0.696531 -0.0305708 0.0340746 0.998952 0.475463 0 0 0 1 
26456013410100;0.366643;0.0592807;0.970453 0.206072 0.125516 -0.101818 -0.201469 0.978295 -0.048467 0.00320973 -0.13278 0.0217473 0.990907 0.230161 0 0 0 1 
26456013410101;1.16745;0.0477376;0.994355 0.09765 0.0414941 -0.0295538 -0.104039 0.974098 0.20077 0.380383 -0.0208141 -0.203954 0.978759 0.801989 0 0 0 1 
26456013410102;1.13408;0.479474;0.993835 -0.092188 -0.0615886 0.139823 0.097057 0.991945 0.0814001 0.105216 0.0535883 -0.0868758 0.994777 -0.912512 0 0 0 1 
26456013410103;0.393965;0.0784299;0.995495 0.0433532 -0.0843189 -0.0182561 -0.0283714 0.984797 0.171379 -0.329135 0.0904668 -0.168215 0.98159 -0.0690389 0 0 0 1 
26456013410104;1.01585;0.0461796;0.966087 0.253227 0.0505247 -0.583019 -0.257101 0.925141 0.279309 0.0702389 0.0239861 -0.282827 0.958871 -0.354533 0 0 0 1 
26456013410105;1.13047;0.70116;0.999427 -0.0301263 -0.0154522 -0.0289625 0.0280932 0.992595 -0.118177 -0.0362796 0.018898 0.117675 0.992872 0.274053 0 0 0 1 
26456013410106;0.197882;0.0819959;0.964676 0.258648 0.050022 -0.156005 -0.260907 0.964289 0.0455547 0.0432715 -0.036453 -0.0569966 0.997709 0.0469672 0 0 0 1 
26456013410107;0.85745;0.563396;0.965516 -0.259796 -0.0168645 -0.184323 0.259636 0.965642 -0.0111321 0.00643816 0.0191771 0.00636955 0.999796 -0.594151 0 0 0 1 
26456013410108;1.09003;0.209021;0.977523 0.0682672 0.199472 -0.388647 -0.0735259 0.997111 0.0190662 -0.613345 -0.197595 -0.033304 0.979718 0.373013 0 0 0 1 
26456013410109;0.997601;0.261872;0.989438 0.132286 -0.0592641 0.00170044 -0.138567 0.983203 -0.118793 -0.459913 0.042554 0.125751 0.991149 0.269323 0 0 0 1 
26456013410110;1.0844;0.436653;0.879893 -0.069695 0.470033 -0.885395 0.0422056 0.996738 0.0687851 0.103257 -0.473294 -0.0406855 0.879965 -0.41602 0 0 0 1 
26456013410111;0.414986;0.117355;0.98336 -0.177928 -0.0366831 0.0817511 0.146084 0.894485 -0.42256 0.379838 0.107998 0.410169 0.905593 0.0378237 0 0 0 1 
26456013410112;0.40276;0.0723718;0.99553 0.000443643 0.094447 -0.113587 -0.0152191 0.987675 0.155779 -0.0923482 -0.0932138 -0.15652 0.983266 -0.238935 0 0 0 1 
26456013410113;0.220143;0.052913;0.987813 0.152007 -0.0334661 0.0312872 -0.15231 0.98831 -0.00668897 0.0534137 0.0320581 0.0117047 0.999417 0.0982441 0 0 0 1 
26456013410114;0.883586;0.409189;0.974306 -0.11238 0.19519 -0.490058 0.0934891 0.99023 0.103461 -0.0426515 -0.20491 -0.082555 0.975293 0.308441 0 0 0 1 
26456013410115;0.901703;0.0930889;0.998525 -0.013509 -0.0525956 -0.00455156 0.0221031 0.985806 0.166426 0.0603329 0.0496008 -0.167343 0.98465 0.750666 0 0 0 1 
26456013410116;0.0971774;0.0747042;0.99995 0.00899191 -0.004396 -0.014324 -0.00890197 0.999759 0.0200671 0.107581 0.00457538 -0.020027 0.999789 0.0253251 0 0 0 1 
26456013410117;0.308242;0.0719537;0.999643 0.026577 -0.00288102 0.0118591 -0.0263302 0.997489 0.0657505 0.113075 0.00462123 -0.0656511 0.997832 -0.166287 0 0 0 1 
26456013410118;0.617996;0.218043;0.950922 -0.248263 0.184696 -0.36076 0.245326 0.968657 0.0389603 0.212014 -0.188579 0.00826254 0.982023 -0.350073 0 0 0 1 
26456013410119;0.836682;0.433361;0.989495 -0.144355 -0.00789099 -0.0665726 0.144496 0.985761 0.0860017 0.189345 -0.0046361 -0.0862384 0.996264 -0.750748 0 0 0 1 
26456013410120;1.27194;0.284779;0.998813 0.0338862 -0.034992 0.449356 -0.0294135 0.992186 0.121253 0.291446 0.0388273 -0.12008 0.992005 -0.781847 0 0 0 1 
26456013410121;0.539915;0.397411;0.956592 -0.288387 -0.0420112 0.163592 0.288276 0.957507 -0.00883046 0.336603 0.0427726 -0.00366365 0.999078 -0.379277 0 0 0 1 
26456013410122;0.715537;0.107126;0.998265 0.00862652 -0.058251 0.133429 -0.00912871 0.999923 -0.00836069 0.234751 0.0581745 0.00887794 0.998267 -0.514927 0 0 0 1 
26456013410124;1.54152;0.524455;0.838233 0.53244 -0.117786 -0.257403 -0.539958 0.840604 -0.0427834 -0.479446 0.0762315 0.0994617 0.992117 0.176697 0 0 0 1 
26456013410125;0.0901978;0.0486853;0.998218 0.0591663 -0.00778224 0.0515449 -0.0593321 0.99797 -0.0231473 -0.084405 0.0063969 0.0235678 0.999702 0.00782998 0 0 0 1 
26456013410126;2.04591;0.253966;0.952377 0.269007 -0.143576 0.0930801 -0.254962 0.960795 0.108937 -0.162667 0.167252 -0.0671426 0.983625 -0.714817 0 0 0 1 
26456013410127;0.892171;0.194187;0.99714 0.0439598 0.0614837 0.0149577 -0.0446487 0.998954 0.00987554 0.346606 -0.0609853 -0.0125925 0.998059 -0.170689 0 0 0 1 
26456013410128;1.22747;0.248122;0.99939 0.0348978 0.000933962 -0.020173 -0.0348105 0.998198 -0.0488766 0.0474028 -0.00263796 0.0488143 0.998804 -0.564633 0 0 0 1 
26456013410129;0.476134;0.0763233;0.974673 0.10204 0.198999 -0.125503 -0.0933384 0.994241 -0.0526546 -0.216804 -0.203226 0.0327467 0.978584 -0.115131 0 0 0 1 
26456013410130;2.09219;0.132204;0.972476 0.212072 0.0965245 0.215969 -0.209978 0.977199 -0.0314674 0.0595323 -0.100997 0.0103332 0.994833 0.746797 0 0 0 1 
26456013410131;1.46172;0.0899066;0.998633 0.0511479 0.0107837 -0.307893 -0.0512336 0.998656 0.00782591 -0.214147 -0.0103689 -0.00836769 0.999911 0.584631 0 0 0 1 
26456013410132;0.769284;0.180293;0.991221 -0.0866068 0.0998964 -0.234028 0.0695009 0.984085 0.163546 0.124055 -0.112471 -0.155167 0.981465 0.0596231 0 0 0 1 
26456013410133;1.34603;0.811328;0.998408 0.00401301 -0.056268 0.0710852 -0.0294941 0.887404 -0.460047 0.123656 0.0480863 0.460974 0.88611 0.714697 0 0 0 1 
26456013410134;1.62064;0.422169;0.994712 -0.0335618 0.0970623 0.178975 0.0381859 0.998203 -0.0461811 0.35774 -0.0953379 0.0496434 0.994206 -0.763245 0 0 0 1 
26456013410135;0.477389;0.0888032;0.996673 0.0698286 0.0420347 0.00990152 -0.0679142 0.996659 -0.0453687 0.0290053 -0.0450623 0.042363 0.998086 -0.245484 0 0 0 1 
26456013410136;1.0412;0.165599;0.975724 -0.19899 -0.0914646 -0.528689 0.201035 0.979489 0.0136285 0.438835 0.0868766 -0.0316853 0.995715 0.326233 0 0 0 1 
26456013410137;1.90811;0.473456;0.999928 -0.00510831 0.0108606 0.00711776 0.00533892 0.999759 -0.0213116 0.0698995 -0.0107491 0.0213681 0.999714 0.886361 0 0 0 1 
26456013410138;0.964836;0.0532565;0.979963 0.189307 -0.0619245 0.0553963 -0.19386 0.977893 -0.0783833 -0.282126 0.045717 0.0888174 0.994998 0.576499 0 0 0 1 
26456013410139;1.47225;0.826177;0.938802 0.288131 -0.188766 0.443023 -0.321289 0.930051 -0.178267 -0.500769 0.124197 0.228005 0.965706 0.0772228 0 0 0 1 
26456013410140;1.16137;0.736946;0.992031 0.0821094 -0.0955672 0.126539 -0.0904858 0.9921 -0.0868908 -0.288451 0.0876777 0.0948458 0.991623 0.332632 0 0 0 1 
26456013410141;0.944233;0.528004;0.997584 0.0687677 -0.00985774 -0.0742359 -0.0686068 0.997518 0.0158305 -0.253894 0.0109219 -0.0151159 0.999826 -0.212638 0 0 0 1 
26456013410142;1.84842;0.497965;0.950921 0.1579 -0.266114 -0.452034 -0.204637 0.965991 -0.158067 -0.33067 0.232105 0.204766 0.950893 0.525968 0 0 0 1 
26456013410143;0.46443;0.0184245;0.9687 0.246042 0.0329234 0.0455997 -0.248234 0.960632 0.124762 -0.441865 -0.000930516 -0.12903 0.99164 0.11784 0 0 0 1 
26456013410144;0.759937;0.0928562;0.974664 -0.0362572 -0.220716 -0.0672674 -0.0195666 0.969171 -0.245611 0.357368 0.222817 0.243707 0.943907 0.324405 0 0 0 1 
26456013410145;0.437138;0.180089;0.986626 -0.0561824 0.153012 -0.138673 0.0155438 0.966873 0.254786 0.00434212 -0.162257 -0.249 0.954815 -0.315915 0 0 0 1 
26456013410146;1.81332;0.348802;0.998774 0.0493267 -0.00406005 -0.315154 -0.0488695 0.995844 0.0768552 0.0644028 0.00783418 -0.0765626 0.997034 0.664494 0 0 0 1 
26456013410147;0.897776;0.331086;0.997224 0.053003 0.0522945 0.275902 -0.0449185 0.988382 -0.145204 -0.0429041 -0.0593831 0.142452 0.988019 0.116742 0 0 0 1 
26456013410148;0.647101;0.378215;0.997896 -0.0609058 -0.022229 -0.163921 0.0626288 0.994195 0.0874836 0.0407099 0.0167717 -0.0886917 0.995918 0.208425 0 0 0 1 
26456013410149;0.510162;0.0540751;0.923235 0.379281 -0.0615048 -0.0536373 -0.383064 0.921043 -0.0703048 -0.491305 0.0299833 0.0884682 0.995628 0.135625 0 0 0 1 
26456013410150;1.62937;0.0509937;0.938268 -0.052549 0.341894 -0.0533284 0.155978 0.946477 -0.282581 0.897539 -0.308745 0.318465 0.896246 -0.754774 0 0 0 1 
26456013410151;0.991097;0.0798683;0.969569 -0.167581 0.178471 -0.395543 0.19043 0.974387 -0.119606 0.307679 -0.153856 0.149953 0.976649 -0.574805 0 0 0 1 
26456013410152;0.386143;0.0242415;0.999398 0.0253939 -0.023626 0.0108357 -0.0262573 0.998971 -0.036981 0.0827632 0.0226626 0.0375791 0.999037 -0.0949638 0 0 0 1 
26456013410153;1.24713;0.0298967;0.952309 0.302197 0.042235 -0.285036 -0.303698 0.952117 0.0352229 -0.241084 -0.0295684 -0.0463697 0.998487 0.315967 0 0 0 1 
26456013410155;0.44177;0.265379;0.99098 0.0964864 0.0929998 -0.0719255 -0.0757898 0.975856 -0.204845 -0.0958451 -0.110519 0.195949 0.974366 -0.0807825 0 0 0 1 
26456013410156;0.559197;0.92556;0.993635 -0.109461 -0.0266073 -0.481595 0.109967 0.993765 0.0183819 -0.0203853 0.0244293 -0.0211909 0.999477 -0.125419 0 0 0 1 
26456013410157;0.798739;0.610799;0.999037 0.019283 -0.0394141 0.149776 -0.0180779 0.999365 0.0307069 -0.230979 0.0399812 -0.0299648 0.998751 -0.223967 0 0 0 1 
26456013410158;0.506235;0.187423;0.983257 0.113579 0.142498 0.113812 -0.0913886 0.983894 -0.153626 0.327534 -0.157651 0.138031 0.9778 -0.291873 0 0 0 1 
26456013410159;0.771683;0.365043;0.999347 0.0261014 -0.0249688 0.126145 -0.0306206 0.978843 -0.202309 0.65349 0.01916 0.202942 0.979003 0.107263 0 0 0 1 
26456013410160;0.731372;0.291561;0.999393 0.0112138 -0.0329863 0.0764354 -0.0129686 0.998485 -0.0534732 0.203257 0.0323367 0.0538685 0.998024 -0.556394 0 0 0 1 
26456013410161;0.152345;0.0595918;0.996326 0.0244986 0.0820569 -0.0894335 -0.0204956 0.998575 -0.0492759 0.0279868 -0.0831472 0.0474131 0.995409 -0.188304 0 0 0 1 
26456013410162;0.843744;0.459014;0.930832 -0.0471394 -0.362395 0.230834 0.0415312 0.998867 -0.0232548 0.547738 0.363081 0.00659557 0.931734 0.762047 0 0 0 1 
26456013410163;0.17304;0.0315468;0.997703 -0.00742596 -0.0673323 0.0500496 -0.00225718 0.989777 -0.142607 0.141395 0.067703 0.142431 0.987487 0.140297 0 0 0 1 
26456013410164;1.05704;0.0771351;0.997049 -0.0282501 -0.0713764 0.0400086 0.0304612 0.999083 0.0300827 -0.0264526 0.0704611 -0.0321682 0.996996 -0.900898 0 0 0 1 
26456013410165;1.01882;0.99484;0.993118 -0.0983743 -0.0635464 -0.547712 0.10397 0.99034 0.0917479 0.490005 0.0539069 -0.0977234 0.993753 0.065225 0 0 0 1 
26456013410166;0.386158;0.0724196;0.970589 -0.0173897 -0.240115 0.364733 -0.0570385 0.952379 -0.299534 0.419409 0.233889 0.30442 0.923377 0.105092 0 0 0 1 
26456013410167;0.362618;0.191374;0.995117 0.0362826 -0.0917878 -0.0850752 0.00491215 0.910622 0.413212 -0.494545 0.0985764 -0.411646 0.905997 0.0888486 0 0 0 1 
26456013410168;0.272737;0.116819;0.978057 -0.0208077 -0.207294 0.0855843 0.0243927 0.999594 0.0147529 -0.144926 0.206903 -0.0194856 0.978167 0.0433045 0 0 0 1 
26456013410169;0.677811;0.213241;0.99915 -0.0398202 -0.0106208 -0.163995 0.0395282 0.998869 -0.0264192 -0.218158 0.0116608 0.0259769 0.999595 0.460739 0 0 0 1 
26456013410170;0.704368;0.239938;0.999804 0.0174408 0.0093984 0.100139 -0.0176083 0.999682 0.0180474 -0.59289 -0.00908065 -0.0182094 0.999793 0.0857759 0 0 0 1 
26456013410171;1.02478;0.570284;0.969562 -0.11474 -0.216295 -0.180205 0.125901 0.991295 0.0385001 0.0314604 0.209995 -0.0645599 0.975569 0.0209979 0 0 0 1 
26456013410172;0.366617;0.107281;0.970727 -0.03305 -0.237899 0.14794 0.0490802 0.996883 0.0617766 -0.0359506 0.235116 -0.0716444 0.969323 -0.0986545 0 0 0 1 
26456013410173;0.895873;0.328746;0.999568 0.0291026 0.0040471 -0.147099 -0.0291934 0.999272 0.0245671 -0.411793 -0.00332918 -0.0246747 0.99969 0.452202 0 0 0 1 
26456013410174;0.457447;0.283591;0.99935 -0.0293716 -0.0209115 -0.14196 0.0292174 0.999544 -0.00764009 0.23534 0.0211264 0.00702415 0.999752 0.0141296 0 0 0 1 
26456013410175;0.623034;0.0635607;0.998721 -0.00624594 -0.0501787 0.0176902 0.00828977 0.99914 0.0406268 -0.0122456 0.0498818 -0.0409908 0.997914 -0.530431 0 0 0 1 
26456013410176;0.235307;0.162289;0.996175 -0.0362854 -0.079489 -0.0775186 0.0360431 0.99934 -0.00448164 0.105909 0.0795992 0.00159946 0.996826 0.0505184 0 0 0 1 
26456013410177;0.877512;0.474643;0.999996 -0.00266616 0.000719541 -0.0347976 0.0026661 0.999996 9.00452e-05 0.642128 -0.000719779 -8.81265e-05 1 0.0519703 0 0 0 1 
26456013410178;0.197683;0.0284026;0.999396 -0.0246052 -0.0245418 -0.0762235 0.0247752 0.999671 0.00664621 0.131494 0.0243702 -0.00725022 0.999677 -0.0653764 0 0 0 1 
26456013410179;0.15124;0.0942295;0.997694 -0.00486819 0.0676944 -0.0850757 -0.00355555 0.992305 0.123763 -0.0641265 -0.067776 -0.123719 0.99 0.00399679 0 0 0 1 
26456013410180;0.554153;0.400157;0.999819 0.0017542 0.0189197 0.0408866 0.00184697 0.982041 -0.188657 0.37608 -0.0189108 0.188658 0.981861 -0.0261182 0 0 0 1 
26456013410181;0.475904;0.0506983;0.999481 0.0147956 0.0286186 -0.0548635 -0.0231655 0.947391 0.31924 -0.664846 -0.0223896 -0.319737 0.947242 -0.0615197 0 0 0 1 
26456013410182;0.72307;0.460837;0.999241 -0.0130355 0.0367207 -0.197866 0.0165129 0.99524 -0.0960494 0.125216 -0.0352938 0.0965828 0.994699 0.23435 0 0 0 1 
26456013410183;0.714484;0.146577;0.999825 0.016989 0.00787187 -0.220598 -0.0130437 0.933579 -0.358134 0.160941 -0.0134334 0.357969 0.933637 0.451996 0 0 0 1 
26456013410184;0.435457;0.283691;0.999728 0.000602123 0.0233146 -0.00245601 0.000299237 0.999253 -0.0386381 0.225119 -0.0233204 0.0386345 0.998981 -0.195493 0 0 0 1 
26456013410186;2.57906;2.13429;0.9928 0.11773 -0.0220771 0.17572 -0.119683 0.982492 -0.142781 -0.339633 0.00488094 0.144395 0.989508 -0.594804 0 0 0 1 
26456013410187;0.634766;0.168848;0.996239 -0.0365305 -0.0785678 0.218726 0.0207775 0.981041 -0.192682 0.218463 0.084117 0.190325 0.978111 -0.0596492 0 0 0 1 
26456013410188;1.09866;0.579924;0.938649 -0.344859 0.00321969 0.126308 0.294763 0.807072 0.511614 -0.289832 -0.179033 -0.479277 0.859209 -0.0532998 0 0 0 1 
26456013410189;0.60767;0.106743;0.936351 0.323549 -0.136249 -0.0984833 -0.327776 0.944711 -0.0091991 -0.202272 0.125739 0.0532726 0.990632 0.110281 0 0 0 1 
26456013410190;1.29465;1.86294;0.730177 -0.595749 0.334553 -0.598791 0.40531 0.771855 0.489861 0.553344 -0.55006 -0.222088 0.805053 -0.814861 0 0 0 1 
26456013410191;1.28532;0.720554;0.991343 0.12985 -0.0194536 -0.131935 -0.131055 0.987614 -0.086273 -0.208892 0.00801012 0.0880756 0.996082 -0.315037 0 0 0 1 
26456013410192;1.88351;2.62247;0.223203 -0.166965 -0.960366 -1.19719 -0.343941 0.908365 -0.237861 -0.601412 0.912077 0.383401 0.145323 1.99608 0 0 0 1 
26456013410193;1.11745;0.72975;0.999146 -0.0370598 -0.0182973 -0.03872 0.0412912 0.87573 0.481032 -0.320686 -0.00180341 -0.481377 0.876512 0.0939633 0 0 0 1 
26456013410194;2.37375;0.250409;0.945206 -0.326451 0.00387039 0.448816 0.326255 0.944074 -0.0477798 -0.13532 0.0119438 0.0464245 0.99885 -0.274434 0 0 0 1 
26456013410195;1.70586;0.774058;0.99681 -0.067295 -0.0429152 0.128575 0.0782532 0.929841 0.359544 -0.59417 0.0157088 -0.361755 0.932141 -0.157503 0 0 0 1 
26456013410196;0.514644;0.129302;0.999048 -0.0421753 0.0111207 0.0368367 0.0410563 0.995392 0.0866563 0.0244548 -0.0147242 -0.0861172 0.996176 0.190834 0 0 0 1 
26456013410197;2.7645;2.45279;0.760883 -0.606934 0.229538 -0.391808 0.609812 0.789731 0.0667404 1.05505 -0.22178 0.0891932 0.971009 -0.0855709 0 0 0 1 
26456013410198;2.3433;0.284136;0.981492 -0.146817 -0.122959 0.304239 0.153307 0.987151 0.0450492 -0.516766 0.114766 -0.0630659 0.991389 0.391689 0 0 0 1 
26456013410199;2.04036;0.680532;0.990647 0.0849844 -0.10675 0.260959 -0.031241 0.90284 0.42884 -0.921833 0.132822 -0.421495 0.897051 0.0458107 0 0 0 1 
26456013410200;2.25828;2.18691;0.950039 -0.297247 0.0952375 0.0232164 0.310342 0.932174 -0.186386 0.717209 -0.0333752 0.20663 0.97785 -0.0861916 0 0 0 1 
26456013410201;2.32984;0.848892;0.97362 -0.0663708 0.218311 -0.429241 -0.0336825 0.904475 0.425194 -0.0871561 -0.225677 -0.421331 0.878379 -0.548138 0 0 0 1 
26456013410202;0.574695;0.286119;0.998457 -0.0519195 0.0196885 0.0123946 0.0502811 0.995828 0.0761521 0.163155 -0.0235601 -0.0750447 0.996902 0.125462 0 0 0 1 
26456013410203;2.04835;0.130761;0.942725 -0.273543 0.190903 0.289318 0.192306 0.913306 0.359015 -0.504757 -0.272559 -0.30174 0.9136 0.0498528 0 0 0 1 
26456013410204;0.669991;0.136715;0.986434 -0.164149 0.0017913 0.132366 0.155333 0.936874 0.313271 -0.050536 -0.0531014 -0.308743 0.949662 -0.109334 0 0 0 1 
26456013410205;0.908947;0.489826;0.999239 0.0168486 0.0351906 -0.0353199 -0.0245182 0.972776 0.230448 -0.0101387 -0.0303498 -0.231136 0.972448 0.0295244 0 0 0 1 
26456013410206;1.79634;1.51128;0.967197 -0.245016 -0.0670584 0.115589 0.234109 0.96221 -0.139082 0.327781 0.0986015 0.118821 0.988008 -0.220489 0 0 0 1 
26456013410207;0.232642;0.157888;0.996995 -0.0409045 -0.0657911 0.0804671 0.0429729 0.998616 0.0303354 0.147917 0.0644592 -0.0330715 0.997372 0.0562865 0 0 0 1 
26456013410208;2.37807;0.978582;0.986768 0.0565919 0.151941 -0.228822 -0.102515 0.943789 0.31425 -0.841695 -0.125617 -0.325668 0.937102 -0.581623 0 0 0 1 
26456013410209;2.64335;0.403442;0.996646 0.0618444 0.053591 0.192736 -0.0760398 0.9419 0.327172 -1.10319 -0.0302436 -0.33015 0.943444 0.167428 0 0 0 1 
26456013410210;2.26073;1.02165;0.941282 -0.299742 0.155381 -0.365106 0.155969 0.794221 0.58727 -0.393275 -0.299436 -0.528552 0.794337 -0.549954 0 0 0 1 
26456013410211;1.42407;1.10485;0.99397 0.0898509 -0.0628477 0.137305 -0.0492485 0.87793 0.47625 -0.378962 0.0979674 -0.470283 0.877061 0.317911 0 0 0 1 
26456013410212;1.48789;1.50203;0.943243 -0.157755 -0.292244 0.284272 0.165879 0.986141 0.0030636 0.125133 0.28771 -0.0513668 0.956339 0.238814 0 0 0 1 
26456013410213;1.60061;1.36978;0.881934 -0.470668 -0.0257752 -0.0874626 0.413755 0.799171 -0.436042 1.13957 0.22583 0.373896 0.899557 0.342526 0 0 0 1 
26456013410214;1.7042;0.885339;0.952496 -0.290917 -0.0901045 0.248907 0.278234 0.951541 -0.130981 0.699878 0.123843 0.0996891 0.987282 0.504577 0 0 0 1 
26456013410215;0.754244;0.12248;0.964272 -0.236921 0.118523 0.10234 0.248075 0.964529 -0.0902394 0.479574 -0.0929395 0.116418 0.988842 -0.335864 0 0 0 1 
26456013410217;1.32332;1.97978;0.983773 -0.0803993 0.160395 -0.117828 0.159369 0.802225 -0.575358 0.418931 -0.0824145 0.591583 0.802021 -0.496068 0 0 0 1 
26456013410218;1.34012;1.67155;0.890196 -0.188308 -0.414839 0.0529957 0.268575 0.952436 0.143992 0.413838 0.367992 -0.239597 0.898429 0.558748 0 0 0 1 
26456013410219;0.65608;0.522134;0.965972 0.2541 0.0482822 -0.176446 -0.247427 0.962211 -0.113708 -0.0451322 -0.0753508 0.0978923 0.99234 -0.120647 0 0 0 1 
26456013410220;1.46371;0.864067;0.943625 -0.329329 0.033375 0.0259851 0.327237 0.94329 0.0558514 0.677434 -0.0498758 -0.0417813 0.997881 0.035846 0 0 0 1 
26456013410221;1.60635;1.72352;0.991791 -0.092306 -0.0884887 0.02166 0.114206 0.950696 0.288328 0.0633617 0.0575115 -0.296067 0.953434 0.257515 0 0 0 1 
26456013410222;2.32392;0.485251;0.99873 -0.0485839 0.0133172 -0.00570494 0.0502363 0.940855 -0.335064 -0.047783 0.00374913 0.335308 0.942101 -0.89394 0 0 0 1 
26456013410223;1.20647;1.08471;0.994381 0.105573 -0.00783097 0.0190943 -0.103503 0.985082 0.137482 0.0681149 0.0222286 -0.135899 0.990473 0.0962832 0 0 0 1 
26456013410224;0.781646;0.121424;0.950558 0.170842 0.259332 -0.361564 -0.224178 0.955383 0.192323 -0.262512 -0.214904 -0.240951 0.946445 -0.320099 0 0 0 1 
26456013410225;1.91639;1.24345;0.974674 -0.110312 -0.194531 0.367186 0.22142 0.353997 0.908658 -1.11447 -0.0313729 -0.928718 0.369457 0.86847 0 0 0 1 
26456013410226;0.740714;0.592502;0.979532 0.191051 0.0633703 -0.129825 -0.189799 0.981498 -0.0252767 0.0235397 -0.0670269 0.0127317 0.99767 -0.0663392 0 0 0 1 
26456013410227;0.854149;0.689477;0.999049 -0.0421329 0.0112422 -0.0459814 0.0422163 0.999082 -0.00728323 -0.0287048 -0.010925 0.00775091 0.99991 -0.00347836 0 0 0 1 
26456013410228;0.477964;0.0844301;0.962429 -0.103183 -0.251166 0.214437 0.0331724 0.962738 -0.268395 0.346891 0.269501 0.249979 0.929989 0.0619316 0 0 0 1 
26456013410229;0.488387;0.0696368;0.893647 -0.225994 -0.387713 0.387138 0.291495 0.949191 0.1186 0.00999143 0.341211 -0.219003 0.914118 0.352248 0 0 0 1 
26456013410230;0.907029;0.0633792;0.993362 0.113535 -0.0184928 -0.00602429 -0.112926 0.993115 0.031155 0.113207 0.0219026 -0.0288598 0.999343 -0.256288 0 0 0 1 
26456013410231;2.37848;1.07095;0.998819 0.00744054 -0.0480223 0.172522 0.00628499 0.96013 0.279484 -0.698305 0.0481872 -0.279455 0.958949 -0.420408 0 0 0 1 
26456013410232;0.758672;0.477443;0.998763 0.0470947 -0.0159377 0.064 -0.0431413 0.980245 0.193025 -0.269096 0.0247133 -0.192099 0.981064 -0.0325186 0 0 0 1 
26456013410233;0.876115;0.0538429;0.998163 -0.0591934 0.0129103 0.0195284 0.0593717 0.998139 -0.0138939 0.427511 -0.0120639 0.0146349 0.99982 0.0464208 0 0 0 1 
26456013410234;0.436918;0.0605689;0.987094 0.155856 0.036806 -0.119376 -0.15956 0.93758 0.309006 -0.435392 0.013652 -0.310891 0.950348 0.323532 0 0 0 1 
26456013410235;0.42537;0.0799606;0.935576 -0.0350523 0.351382 -0.364998 0.0669332 0.994626 -0.078994 0.0521436 -0.346725 0.097424 0.932894 -0.330992 0 0 0 1 
26456013410236;1.61117;1.51816;0.957839 0.287286 -0.00335847 -0.227647 -0.134704 0.459379 0.877967 -1.31315 0.253771 -0.840498 0.47871 0.988671 0 0 0 1 
26456013410237;1.76467;1.26494;0.96483 0.143692 0.220128 -0.123084 -0.218522 0.903876 0.367773 -0.341829 -0.146123 -0.402941 0.903486 -0.0416414 0 0 0 1 
26456013410238;1.19544;0.230018;0.953328 0.299449 0.0386679 -0.0144589 -0.285899 0.85408 0.434522 -0.490626 0.0970917 -0.425297 0.899831 -0.0540044 0 0 0 1 
26456013410239;0.73293;0.261548;0.913112 -0.393489 -0.106737 0.130956 0.401592 0.913223 0.0689053 0.2512 0.0703608 -0.105783 0.991897 -0.0877989 0 0 0 1 
26456013410240;1.79116;2.24988;0.989979 0.0312846 0.137702 -0.0923545 0.0258052 0.91865 -0.394229 0.226011 -0.138833 0.393832 0.908637 -0.536181 0 0 0 1 
26456013410241;1.92987;1.56324;0.993432 0.0733864 0.0877872 0.0233222 -0.0728628 0.9973 -0.00915906 -0.128022 -0.0882223 0.00270248 0.996097 0.0813901 0 0 0 1 
26456013410242;1.40722;0.0770085;0.938012 0.284347 0.198192 -0.271941 -0.339799 0.867161 0.364099 -0.409755 -0.068334 -0.408875 0.910029 -0.374044 0 0 0 1 
26456013410243;0.583238;0.0662313;0.923624 -0.338289 0.18022 -0.178636 0.365989 0.918052 -0.15242 0.383047 -0.11389 0.206738 0.971745 -0.264389 0 0 0 1 
26456013410244;0.533279;0.0937141;0.997783 0.034317 0.0570171 -0.0737518 -0.0346004 0.999393 0.00398961 0.0227154 -0.0568456 -0.00595358 0.998365 0.173865 0 0 0 1 
26456013410245;0.736282;0.396839;0.98495 -0.172701 0.00689589 -0.0236927 0.16347 0.91786 -0.361678 0.412065 0.0561328 0.357362 0.932277 0.124345 0 0 0 1 
26456013410246;1.05866;0.810461;0.981788 -0.093901 0.165149 -0.0599766 0.116353 0.984399 -0.131988 0.0784858 -0.150179 0.1488 0.977397 -0.331114 0 0 0 1 
26456013410248;1.23759;0.878231;0.962389 0.235068 -0.136199 -0.27281 -0.0809399 0.726654 0.682219 -0.1032 0.259337 -0.645536 0.71835 1.18922 0 0 0 1 
26456013410249;1.46586;0.588155;0.674499 0.454099 0.582105 -0.555751 -0.472728 0.871278 -0.131922 -0.929354 -0.56708 -0.186196 0.802341 -0.149806 0 0 0 1 
26456013410250;0.412958;0.270316;0.987147 -0.147117 -0.0624296 -0.182673 0.138323 0.982169 -0.127325 0.241459 0.0800481 0.117053 0.989894 0.224174 0 0 0 1 
26456013410251;1.34871;0.870044;0.955681 0.0880593 -0.280924 -0.434788 -0.164385 0.951226 -0.261049 -0.521115 0.244235 0.295659 0.923545 0.923541 0 0 0 1 
26456013410252;1.49487;0.773754;0.986191 0.110852 -0.123045 0.162565 -0.0380485 0.874738 0.483101 -0.680066 0.161185 -0.471748 0.866876 -0.221052 0 0 0 1 
26456013410253;0.288077;0.337874;0.967043 0.254295 -0.0127297 -0.126333 -0.25461 0.965555 -0.053651 -0.551458 -0.00135197 0.0551239 0.998479 -0.187924 0 0 0 1 
26456013410254;0.399182;0.319697;0.944756 0.314293 0.0930351 -0.334545 -0.307064 0.947956 -0.0842119 -0.450689 -0.11466 0.0509919 0.992095 -0.333796 0 0 0 1 
26456013410255;1.26559;0.439696;0.994541 0.103774 0.0109298 -0.303785 -0.101985 0.988839 -0.10861 -0.268511 -0.0220787 0.106902 0.994024 0.692459 0 0 0 1 
26456013410256;0.836061;0.692557;0.981256 0.109345 -0.158686 0.109451 -0.117652 0.992084 -0.0439113 -0.179185 0.152629 0.0617581 0.986352 0.0888601 0 0 0 1 
26456013410257;1.31918;0.844124;0.91453 0.39463 -0.0888979 -0.554045 -0.381098 0.91421 0.137785 -1.00312 0.135645 -0.0921297 0.986465 -0.0563887 0 0 0 1 
26456013410258;1.48742;0.926417;0.978503 -0.162371 0.127151 0.166909 0.142304 0.977837 0.153572 0.148865 -0.149268 -0.132177 0.979923 0.116208 0 0 0 1 
26456013410259;1.01942;0.28438;0.860552 0.505248 -0.0646062 -0.724348 -0.497275 0.860814 0.108246 -0.478262 0.110305 -0.0610244 0.992023 0.259233 0 0 0 1 
