#;prob_registration_l1 -r /home/probabilistic_point_clouds_registration/build/tester /home/point_clouds_registration_benchmark//devel/registration_pairs/p2at_met_local.txt /home/point_clouds_registration_benchmark//planetary/p2at_met -s 0.2 -t 0.2 -p 0.3 -r 1000 -m 10 -i 40 
id;initial_error;final_error;transformation
27844314100000;0.368279;0.333511;0.999458 -0.000304945 0.0329287 0.0199862 -0.00425962 0.990359 0.13846 -0.075364 -0.0326534 -0.138526 0.98982 -8.28903 0 0 0 1 
27844314100001;0.325629;0.150425;0.987574 0.0305921 -0.154147 0.947237 -0.0016085 0.982786 0.184739 -0.329518 0.157145 -0.182196 0.970624 -7.73017 0 0 0 1 
27844314100002;0.342132;0.131702;0.932388 -0.0454931 0.358585 -2.97727 -0.0601664 0.958675 0.278069 -2.81253 -0.356417 -0.280843 0.89112 -24.7573 0 0 0 1 
27844314100003;0.135271;0.117433;0.995086 -0.0096508 0.0985399 -0.306626 -0.0076193 0.984823 0.173394 -0.365945 -0.0987178 -0.173292 0.97991 -12.5534 0 0 0 1 
27844314100004;0.89077;0.706073;0.985745 0.0445543 -0.16224 1.71596 -0.00150026 0.966588 0.256329 -1.01017 0.168239 -0.252432 0.952876 -12.2269 0 0 0 1 
27844314100005;0.300669;0.259132;0.934333 0.0467504 -0.353322 -0.0525191 -0.00144042 0.991847 0.127429 0.00674978 0.356399 -0.118552 0.926782 1.12164 0 0 0 1 
27844314100006;0.461976;0.435233;0.999966 0.00795516 0.00235559 0.494062 -0.0080237 0.999497 0.0306782 -0.078743 -0.00211035 -0.0306961 0.999527 -1.70761 0 0 0 1 
27844314100007;1.17629;0.995541;0.999347 0.0137327 0.0334336 0.923792 -0.0166381 0.995961 0.0882325 -0.218179 -0.0320869 -0.0887311 0.995539 -4.63213 0 0 0 1 
27844314100008;0.519074;0.438244;0.999944 0.00972987 0.00411293 0.553653 -0.00987003 0.999319 0.0355539 -0.153851 -0.00376419 -0.0355925 0.999359 -1.55058 0 0 0 1 
27844314100009;0.482706;0.470629;0.993042 -0.0124229 0.117103 -0.561917 0.0182152 0.998656 -0.048523 0.145403 -0.116342 0.0503185 0.991934 0.172997 0 0 0 1 
27844314100010;0.848926;0.0681354;0.99903 0.0266358 -0.0350605 1.64243 -0.020203 0.984804 0.172493 -0.746698 0.0391222 -0.171617 0.984387 -11.2832 0 0 0 1 
27844314100011;0.370547;0.282491;0.980967 -0.000956553 -0.194174 -1.21427 -0.0106799 0.998208 -0.0588722 -0.591792 0.193883 0.0598254 0.979199 8.47786 0 0 0 1 
27844314100012;1.02719;0.435744;0.991202 -0.00117709 -0.132353 -0.994974 -0.00494209 0.998934 -0.0458957 -0.396322 0.132266 0.046146 0.990139 8.02251 0 0 0 1 
27844314100013;0.818365;0.729984;0.998814 0.01849 -0.0450342 1.01956 -0.0139657 0.995011 0.0987837 -0.342302 0.046636 -0.0980376 0.994089 -5.50878 0 0 0 1 
27844314100014;0.722224;0.277298;0.998379 0.000874931 -0.0569067 -0.0286302 -0.000517836 0.99998 0.00628954 -0.00512849 0.0569111 -0.00624988 0.99836 -0.852468 0 0 0 1 
27844314100015;1.11358;0.663368;0.99954 0.000112365 -0.030326 0.188687 -0.000855841 0.999699 -0.0245042 -0.0633427 0.0303142 0.0245189 0.99924 -0.326707 0 0 0 1 
27844314100016;0.370882;0.0788976;0.992692 -0.0153682 0.119692 -0.697555 0.0636858 0.909203 -0.411454 -5.25285 -0.102501 0.41607 0.903537 21.7295 0 0 0 1 
27844314100017;0.341055;0.26253;0.995548 0.00216878 -0.0942347 -0.370571 0.00139087 0.999288 0.0376922 0.230694 0.0942494 -0.0376555 0.994836 0.10706 0 0 0 1 
27844314100018;0.853373;0.287826;0.999568 0.00370814 0.0291415 0.433218 -0.0037802 0.99999 0.00241804 -0.060008 -0.0291323 -0.00252715 0.999572 -2.96899 0 0 0 1 
27844314100019;0.871961;0.0887713;0.999984 0.000891305 0.00558481 0.263349 -0.000749894 0.99968 -0.0252718 -0.0960665 -0.00560555 0.0252672 0.999665 -1.0009 0 0 0 1 
27844314100020;0.613803;0.631078;0.996585 0.02721 -0.0779652 1.19647 -0.00861725 0.973265 0.229522 -0.78944 0.0821261 -0.228066 0.970176 -11.848 0 0 0 1 
27844314100021;0.300355;0.0895853;0.948564 -0.01463 -0.316246 -3.27042 -0.00472587 0.998166 -0.0603516 -0.466483 0.316549 0.0587419 0.946755 10.8939 0 0 0 1 
27844314100022;0.628187;0.0707341;0.999962 0.00461231 0.00743831 0.426134 -0.0044486 0.999751 -0.0218766 -0.175491 -0.00753735 0.0218427 0.999733 -0.608814 0 0 0 1 
27844314100023;0.278091;0.0882533;0.996401 0.00401571 0.0846706 0.466588 -0.000409859 0.999094 -0.0425612 -0.218575 -0.0847648 0.0423733 0.9955 -0.250808 0 0 0 1 
27844314100024;0.416131;0.288814;0.968951 -0.000402115 -0.247254 -1.46605 -0.00924756 0.99924 -0.0378648 -0.278047 0.247082 0.0389756 0.968211 7.27096 0 0 0 1 
27844314100025;0.365706;0.320379;0.992104 -0.00293319 -0.125387 -0.764195 0.00261983 0.999993 -0.00266398 0.0650258 0.125394 0.00231445 0.992104 2.67431 0 0 0 1 
27844314100026;0.38807;0.179861;0.983181 -0.00913643 0.182404 -0.414531 0.000257047 0.998816 0.0486442 0.0210024 -0.182632 -0.0477792 0.98202 -7.92891 0 0 0 1 
27844314100027;0.827287;0.752843;0.981068 -0.0189271 -0.192737 -2.13992 -0.006521 0.99142 -0.130552 -1.12576 0.193554 0.129337 0.972527 11.726 0 0 0 1 
27844314100028;0.216847;0.178314;0.993674 -0.0166806 0.111054 -0.806663 0.0307093 0.991575 -0.125839 -0.135681 -0.108019 0.128454 0.985815 4.97273 0 0 0 1 
27844314100029;0.528223;0.405047;0.996994 0.00770937 0.0770959 0.711218 -0.00603798 0.999742 -0.0218891 -0.187115 -0.0772448 0.0213578 0.996783 -1.27529 0 0 0 1 
27844314100031;1.32944;0.684843;0.999804 -0.0122859 -0.0155146 -0.159797 0.012237 0.99992 -0.0032412 0.0651124 0.0155531 0.00305071 0.999874 2.6356 0 0 0 1 
27844314100032;1.35252;1.03077;0.949645 0.0510081 -0.309147 -1.6084 0.0446732 0.954538 0.294724 1.80905 0.310125 -0.293694 0.904194 6.21452 0 0 0 1 
27844314100033;0.908498;0.548434;0.974449 0.0256872 -0.223134 -1.0256 0.0279261 0.971874 0.233838 1.16374 0.222865 -0.234095 0.946325 4.99926 0 0 0 1 
27844314100034;0.315932;0.27294;0.999955 0.00757638 0.00567449 -0.0894019 -0.00766716 0.99984 0.01615 -0.111427 -0.00555123 -0.0161928 0.999853 -0.168902 0 0 0 1 
27844314100035;0.38412;0.171933;0.999553 -0.00603221 -0.0292917 0.0387635 0.00469712 0.998956 -0.0454359 -0.102973 0.0295352 0.045278 0.998538 -0.469918 0 0 0 1 
27844314100036;0.255516;0.152296;0.996895 0.0206433 0.0759838 -0.0211796 -0.0332842 0.985042 0.169067 -0.0772555 -0.0713572 -0.171071 0.982671 -0.135762 0 0 0 1 
27844314100037;0.704806;0.471394;0.99971 -0.0177994 0.0161938 0.169473 0.0199388 0.989475 -0.143322 -0.0376807 -0.0134723 0.143603 0.989544 0.213272 0 0 0 1 
27844314100038;1.02577;0.672625;0.996362 0.00899295 0.0847514 0.051657 -0.006257 0.999452 -0.0324926 0.0304037 -0.0849972 0.0318441 0.995872 0.658067 0 0 0 1 
27844314100039;0.646323;0.215962;0.998375 -0.00898322 0.0562661 0.0280856 0.0206494 0.977408 -0.21035 -0.122324 -0.0531054 0.211171 0.976006 0.123667 0 0 0 1 
27844314100040;0.526776;0.406598;0.957836 0.0114423 0.287087 -0.2703 -0.00126939 0.999365 -0.0355962 -0.265115 -0.287312 0.0337309 0.957243 -4.02474 0 0 0 1 
27844314100041;0.240913;0.173753;0.986662 -0.0267156 -0.160575 -0.274588 0.0172747 0.998055 -0.0599053 0.0271548 0.161863 0.0563324 0.985204 1.88955 0 0 0 1 
27844314100042;1.10623;0.81513;0.999696 -0.00416778 -0.0243194 0.0835396 0.00545913 0.998565 0.0532772 -0.177365 0.0240624 -0.0533938 0.998284 -0.864062 0 0 0 1 
27844314100043;0.537176;0.414059;0.951783 0.0232842 0.305886 -0.367648 -0.109 0.957719 0.266258 -1.04447 -0.286753 -0.286762 0.914079 -3.40285 0 0 0 1 
27844314100044;0.682374;0.408554;0.991257 -0.00436381 0.131871 0.20703 0.0224338 0.990475 -0.135855 0.071044 -0.130022 0.137626 0.981913 -1.06545 0 0 0 1 
27844314100045;0.577329;0.349631;0.996675 -0.0119549 -0.0806035 -0.046559 0.00806066 0.998792 -0.0484667 0.148138 0.0810856 0.0476558 0.995567 -0.0341602 0 0 0 1 
27844314100046;0.842689;0.620313;0.978284 0.0226961 -0.206022 -0.789515 0.00613083 0.990383 0.138216 0.0123807 0.207177 -0.136478 0.968737 3.45974 0 0 0 1 
27844314100047;0.331521;0.325851;0.999702 0.00437642 0.0240099 -0.0255087 -0.00371653 0.999616 -0.0274601 -0.0390987 -0.0241209 0.0273627 0.999335 -0.256161 0 0 0 1 
27844314100048;0.326512;0.230545;0.999717 -0.00428809 0.0233807 0.11635 0.00568224 0.998189 -0.0598918 -0.00410026 -0.0230816 0.0600077 0.997931 -0.0594976 0 0 0 1 
27844314100049;0.286094;0.153741;0.987359 0.00115399 -0.158496 -0.323842 0.00436431 0.999396 0.0344642 0.0120683 0.15844 -0.0347203 0.986758 1.61433 0 0 0 1 
27844314100050;1.23172;0.901903;0.99981 0.00634975 -0.0184265 -0.233989 -0.00606365 0.999861 0.015541 0.19205 0.0185227 -0.0154263 0.999709 1.83282 0 0 0 1 
27844314100051;0.428034;0.177107;0.999722 -0.00385344 -0.0232619 -0.0606308 0.00346791 0.999856 -0.0165909 -2.19078e-05 0.0233225 0.0165056 0.999592 1.11711 0 0 0 1 
27844314100052;1.33827;0.933799;0.999548 -0.00498722 -0.029661 0.162509 0.00850074 0.992793 0.119538 -0.209606 0.0288511 -0.119736 0.992386 -1.00707 0 0 0 1 
27844314100053;1.32669;0.826524;0.970592 -0.00837312 0.240585 0.292478 -0.0279165 0.988737 0.147035 -0.190198 -0.239106 -0.149427 0.959427 -0.351804 0 0 0 1 
27844314100054;0.560805;0.245635;0.990602 -0.00246986 0.136752 0.0766811 -0.00445427 0.998724 0.0503037 -0.153321 -0.136701 -0.0504401 0.989327 -0.435292 0 0 0 1 
27844314100055;0.956315;0.854057;0.999184 -0.00242853 0.0403104 0.063547 0.00490315 0.998101 -0.0614044 0.147175 -0.0400847 0.0615519 0.997299 0.296751 0 0 0 1 
27844314100056;1.36899;1.10188;0.998263 -0.0113717 0.0578107 0.151553 0.0186209 0.991798 -0.126449 -0.126628 -0.0558986 0.127306 0.990287 0.038898 0 0 0 1 
27844314100057;0.0905846;0.052213;0.990786 -0.00235999 0.135416 0.0376496 0.00328474 0.999973 -0.00660592 -0.0503908 -0.135397 0.00698986 0.990767 -1.64438 0 0 0 1 
27844314100058;0.707405;0.220094;0.999791 0.0165593 0.0119702 0.0634448 -0.0165518 0.999863 -0.000725502 -0.0364898 -0.0119806 0.000527222 0.999928 -1.48161 0 0 0 1 
27844314100059;0.65531;0.229188;0.892387 0.0123569 0.451101 -1.14054 -0.0668817 0.992207 0.105129 -0.925168 -0.446287 -0.123986 0.886259 -6.1971 0 0 0 1 
27844314100060;1.27536;0.428177;0.981668 0.0130799 0.19015 -0.109789 -0.0018669 0.998255 -0.0590288 -0.527459 -0.190591 0.0575917 0.979979 -4.86868 0 0 0 1 
27844314100062;0.6633;0.488694;0.999981 -0.0061793 -0.000319719 -0.177577 0.00616444 0.999376 -0.0347908 -0.0368573 0.000534502 0.0347881 0.999395 0.511998 0 0 0 1 
27844314100063;1.6099;0.0820538;0.994436 0.00677157 -0.105127 0.215032 -0.00795646 0.999909 -0.0108558 -0.099943 0.105044 0.0116318 0.9944 -0.439064 0 0 0 1 
27844314100064;1.94982;1.79632;0.998598 0.00301473 0.0528394 0.206155 -0.000526376 0.998893 -0.0470436 -0.0534514 -0.0529227 0.0469498 0.997494 1.36724 0 0 0 1 
27844314100065;1.77485;0.790157;0.989095 0.0293931 0.144314 1.19675 -0.0840294 0.917366 0.389073 -3.11083 -0.120953 -0.396957 0.909833 -15.9247 0 0 0 1 
27844314100066;1.08018;0.553064;0.997552 0.0106039 0.0691143 0.643586 -0.0144874 0.998329 0.0559331 -0.128028 -0.0684057 -0.0567975 0.99604 -3.91176 0 0 0 1 
27844314100067;1.0783;0.523217;0.99949 -0.0022806 0.0318661 -0.092628 0.00184544 0.999905 0.0136785 0.116543 -0.0318943 -0.0136128 0.999399 0.368551 0 0 0 1 
27844314100068;0.329721;0.291109;0.999912 0.0105584 0.00802223 0.363665 -0.0107695 0.999585 0.0267361 -0.0375536 -0.00773661 -0.0268201 0.99961 -1.08267 0 0 0 1 
27844314100069;0.992581;0.741854;0.917874 -0.00960013 0.396755 -0.340947 0.0385416 0.997138 -0.0650368 0.265459 -0.394995 0.0749871 0.915618 -4.03959 0 0 0 1 
27844314100070;1.68809;1.13984;0.99974 0.00604481 -0.0220086 -0.0496111 -0.0055305 0.999712 0.023355 -0.0306958 0.0221434 -0.0232272 0.999485 1.30351 0 0 0 1 
27844314100071;2.20263;1.0091;0.986917 0.0366858 -0.156999 0.881204 0.00451661 0.967096 0.254372 -0.495521 0.161165 -0.251754 0.954278 -8.13653 0 0 0 1 
27844314100072;0.844195;0.224261;0.91891 -0.0297772 -0.393342 -3.48351 -0.0222372 0.991651 -0.127021 -1.06649 0.39384 0.125467 0.910576 9.93651 0 0 0 1 
27844314100073;1.02691;0.542896;0.999369 0.0103902 0.0339716 0.240346 -0.015855 0.986201 0.164789 0.0994125 -0.0317907 -0.165224 0.985744 -4.36738 0 0 0 1 
27844314100074;0.384882;0.350552;0.998262 0.00629855 0.0585984 0.343915 -0.0160944 0.985615 0.168237 -0.1599 -0.0566959 -0.168888 0.984003 -6.14594 0 0 0 1 
27844314100075;1.31596;0.595001;0.997841 0.000561414 -0.0656723 0.0530979 -0.00259324 0.99952 -0.0308576 -0.0973055 0.0656235 0.0309613 0.997364 0.240638 0 0 0 1 
27844314100076;1.20785;1.19118;0.999924 -0.000463162 0.0123192 -0.00211166 0.000261024 0.999865 0.0164049 0.0765748 -0.0123252 -0.0164004 0.99979 -0.665234 0 0 0 1 
27844314100077;1.66098;0.43414;0.998002 0.0190272 -0.0602565 0.71156 -0.0139489 0.996401 0.0836048 -0.271692 0.0616304 -0.0825973 0.994676 -3.8467 0 0 0 1 
27844314100078;1.89852;1.66078;0.999998 -0.000534435 -0.00208752 0.0594654 0.00051977 0.999975 -0.00701898 0.116286 0.00209122 0.00701788 0.999973 -0.800055 0 0 0 1 
27844314100079;1.7021;1.55248;0.996552 0.00714164 0.0826621 0.419354 -0.0165888 0.993323 0.114171 -0.119886 -0.0812948 -0.115149 0.990016 -3.89251 0 0 0 1 
27844314100080;1.10438;0.484155;0.972115 -0.00882926 0.234337 -0.0933992 -0.0097111 0.996918 0.0778467 -0.0621311 -0.234302 -0.0779517 0.969034 -6.93663 0 0 0 1 
27844314100081;0.430079;0.407176;0.999988 -0.00484607 4.86129e-05 -0.178494 0.0048463 0.999919 -0.0117652 0.0546977 8.40582e-06 0.0117653 0.999931 0.367739 0 0 0 1 
27844314100082;1.95213;1.47992;0.999168 0.0223385 0.0341084 0.630971 -0.0327934 0.937393 0.346725 -0.916345 -0.0242276 -0.347556 0.937346 -9.63473 0 0 0 1 
27844314100083;0.583263;0.235218;0.96601 0.000555522 0.258502 0.248082 -0.0218332 0.9966 0.0794478 -0.0893026 -0.257579 -0.0823913 0.962738 -6.73062 0 0 0 1 
27844314100084;0.503644;0.45749;0.990883 0.000457794 0.134722 0.264459 -0.0350262 0.966482 0.254335 -0.711226 -0.130089 -0.256735 0.957687 -10.0283 0 0 0 1 
27844314100085;0.720603;0.462398;0.997896 0.0245442 0.0600042 0.965389 -0.0382803 0.970062 0.239823 -0.810901 -0.0523215 -0.241616 0.96896 -8.82126 0 0 0 1 
27844314100086;1.70425;1.42184;0.996015 0.0447572 -0.0771369 1.12115 -0.0178987 0.947669 0.318753 -0.961475 0.0873668 -0.316102 0.944694 -9.52681 0 0 0 1 
27844314100087;1.08193;0.860862;0.978173 -0.0317867 -0.205347 -1.72519 0.0045853 0.991292 -0.131605 -0.542836 0.207742 0.127791 0.9698 5.88537 0 0 0 1 
27844314100088;1.41218;0.800903;0.9981 -0.0138718 0.0600258 -0.415351 0.0191443 0.995921 -0.0881731 -0.0469293 -0.0585579 0.0891547 0.994295 3.43382 0 0 0 1 
27844314100089;0.394008;0.331827;0.99854 0.00403004 -0.0538691 -0.104763 -0.00466803 0.99992 -0.0117228 -0.0747345 0.0538176 0.0119572 0.998479 1.04675 0 0 0 1 
27844314100090;1.35838;0.748534;0.990531 -0.042128 -0.130664 -1.41965 0.00643673 0.964959 -0.262322 -1.46821 0.137137 0.258997 0.956093 8.3347 0 0 0 1 
27844314100091;1.04859;1.03259;0.999437 0.00339582 -0.0333867 -0.0540736 -0.000944952 0.99732 0.0731518 0.15274 0.0335457 -0.0730791 0.996762 -1.8841 0 0 0 1 
27844314100093;0.967031;0.476463;0.995354 -0.0295054 -0.0916525 -3.25647 0.0169534 0.990724 -0.134825 -0.852454 0.0947805 0.132644 0.986622 17.0215 0 0 0 1 
27844314100094;1.92323;0.242847;0.972422 0.0595123 -0.225509 3.57159 -0.0134921 0.979632 0.200348 -0.899781 0.232839 -0.19178 0.953418 -8.37633 0 0 0 1 
27844314100095;0.873202;0.375895;0.99186 -0.00263218 0.127309 0.178103 -0.040269 0.941992 0.333211 -5.55327 -0.120801 -0.335625 0.934218 -36.3314 0 0 0 1 
27844314100096;0.430323;0.417524;0.990165 0.0183718 -0.138694 0.977554 -0.0173331 0.999812 0.0086939 -0.568281 0.138827 -0.00620441 0.990297 4.16161 0 0 0 1 
27844314100097;1.73872;1.22427;0.999958 -0.00875231 0.00266044 -0.602734 0.00871975 0.99989 0.0120117 0.336829 -0.00276527 -0.011988 0.999924 0.0920703 0 0 0 1 
27844314100098;0.721991;0.333613;0.999839 0.0156262 0.00884334 1.62877 -0.0167609 0.988903 0.147611 -1.0725 -0.00643861 -0.147736 0.989006 -13.7863 0 0 0 1 
27844314100099;0.836004;0.768886;0.99937 -0.0120052 -0.0334065 -1.34544 0.0139858 0.998118 0.0597016 0.55591 0.032627 -0.0601312 0.997657 -4.89546 0 0 0 1 
27844314100100;2.4061;0.274948;0.999684 -0.0231437 -0.0098188 -2.04195 0.0249506 0.96124 0.274581 -0.740668 0.00308341 -0.274739 0.961514 -23.8738 0 0 0 1 
27844314100101;0.366989;0.350417;0.999722 0.0216048 -0.00943399 2.07487 -0.016022 0.916214 0.40037 -7.15434 0.0172935 -0.400107 0.916305 -38.5143 0 0 0 1 
27844314100102;1.52564;1.29687;0.976162 -0.0198256 0.216137 -1.98632 0.0720814 0.968912 -0.236673 -1.65798 -0.204726 0.24661 0.947244 16.7736 0 0 0 1 
27844314100103;2.09748;0.405066;0.999928 0.00779715 -0.00915085 1.17281 -0.00776261 0.999963 0.0038045 -0.270888 0.00918018 -0.00373319 0.999951 -2.40675 0 0 0 1 
27844314100104;0.507469;0.259667;0.999786 0.0203099 -0.00380459 2.09506 -0.0202499 0.999679 0.0151936 -0.678994 0.00411195 -0.0151133 0.999877 -1.87016 0 0 0 1 
27844314100105;1.7041;1.80699;0.999419 -0.0177226 0.0291008 -1.43827 0.0222032 0.986592 -0.161689 -1.07336 -0.0258451 0.162241 0.986413 14.5866 0 0 0 1 
27844314100106;0.621555;0.320927;0.975573 0.0294303 -0.217696 1.70738 -0.00840826 0.995262 0.0968689 -0.504255 0.219515 -0.0926722 0.971198 -1.71903 0 0 0 1 
27844314100107;0.153647;0.155324;0.9996 -0.0276649 -0.0059525 -2.6912 0.0276552 0.999616 -0.00170735 0.970114 0.00599745 0.00154204 0.999981 0.331851 0 0 0 1 
27844314100108;1.53872;0.862769;0.999462 -0.0193054 -0.0264994 -1.67071 0.0156465 0.991135 -0.131934 -0.652963 0.0288115 0.131448 0.990904 14.9975 0 0 0 1 
27844314100109;1.60611;0.95896;0.999531 0.00512657 -0.0301835 0.382585 -0.00308481 0.997728 0.0673069 -0.236731 0.0304599 -0.0671822 0.997276 -6.90432 0 0 0 1 
27844314100110;2.36031;0.888472;0.999515 0.0310464 -0.00252653 4.02205 -0.0311466 0.995131 -0.0935059 -2.60909 -0.000388799 0.0935392 0.995616 11.0892 0 0 0 1 
27844314100111;0.227132;0.145825;0.968228 0.0499501 -0.245029 2.86649 -0.00191728 0.981302 0.192466 -1.04976 0.250061 -0.185881 0.95022 -9.40211 0 0 0 1 
27844314100112;2.20462;1.95262;0.999134 -0.0379076 -0.017147 -3.68999 0.0311848 0.955147 -0.294484 -4.1599 0.0275411 0.293695 0.955502 28.2143 0 0 0 1 
27844314100113;2.4063;0.282966;0.994155 -0.0674 0.0843425 -6.22871 0.0800056 0.984459 -0.156332 0.504129 -0.072495 0.162166 0.984097 16.0638 0 0 0 1 
27844314100114;0.335195;0.221989;0.981259 -0.0264748 0.190865 -2.4885 0.0434468 0.995408 -0.0852922 0.891856 -0.18773 0.0919862 0.977904 2.03599 0 0 0 1 
27844314100115;1.83608;1.66964;0.999956 -0.00931598 0.000898128 -0.789257 0.00929783 0.999786 0.0184554 0.57338 -0.00106987 -0.0184463 0.999829 -1.5234 0 0 0 1 
27844314100116;1.89876;1.48175;0.977268 -0.0153268 0.211451 -1.32856 -0.00316144 0.996219 0.086821 0.035469 -0.211982 -0.0855159 0.973525 -14.4501 0 0 0 1 
27844314100117;2.29451;0.555682;0.991526 0.0368878 -0.124561 2.63752 -0.00360253 0.966277 0.257479 -1.94037 0.129858 -0.254848 0.958222 -17.7543 0 0 0 1 
27844314100118;2.1601;2.23403;0.999834 -0.00806965 0.0163568 -0.60544 0.00841299 0.999743 -0.0210316 0.172543 -0.0161828 0.0211657 0.999645 1.82588 0 0 0 1 
27844314100119;1.47956;0.825448;0.999963 0.00683928 -0.00513944 0.979338 -0.00657388 0.998728 0.049994 -0.390323 0.00547483 -0.0499583 0.998736 -5.93093 0 0 0 1 
27844314100120;0.852594;0.359904;0.978274 -0.0411813 -0.203184 -5.49273 -0.00184179 0.978307 -0.207151 -2.94685 0.207307 0.203025 0.956977 27.6774 0 0 0 1 
27844314100121;1.87824;0.632845;0.998037 -0.00604521 0.0623424 -0.0826705 0.00463747 0.999732 0.0227007 0.133458 -0.0624628 -0.022367 0.997797 -6.44003 0 0 0 1 
27844314100122;1.73464;0.356542;0.969197 0.0450599 -0.242128 3.8873 -0.0461373 0.998934 0.00122146 -1.17964 0.241926 0.00998732 0.970243 8.5006 0 0 0 1 
27844314100124;0.405551;0.155577;0.997667 -0.0507206 -0.0457051 -4.36242 0.0553506 0.992771 0.106498 1.82119 0.039973 -0.108779 0.993262 -7.86516 0 0 0 1 
27844314100125;0.438401;0.155431;0.906922 -0.0960001 0.410215 -10.7927 0.143399 0.985894 -0.0863101 3.3903 -0.396143 0.137101 0.907895 -2.01121 0 0 0 1 
27844314100126;1.24567;0.700491;0.997898 -0.0236613 -0.0603219 -2.89213 0.018518 0.996256 -0.0844404 -0.606784 0.0620941 0.0831459 0.994601 8.87305 0 0 0 1 
27844314100127;1.48846;0.5155;0.999655 0.00184621 -0.0262046 -0.581955 -2.44953e-05 0.997592 0.0693496 -0.17608 0.0262695 -0.069325 0.997248 -2.7436 0 0 0 1 
27844314100128;1.19785;0.146629;0.996877 -0.0123125 -0.0780099 -1.6577 0.00788122 0.998351 -0.056859 0.234688 0.0785813 0.0560666 0.99533 5.7926 0 0 0 1 
27844314100129;1.23822;0.178018;0.996945 0.0769728 0.013298 4.93593 -0.0759755 0.995062 -0.0638715 -4.17625 -0.0181487 0.062666 0.99787 6.13905 0 0 0 1 
27844314100130;0.532996;0.288883;0.982979 -0.013864 -0.183192 -2.42742 -0.0251016 0.977661 -0.208682 -3.3654 0.181993 0.209728 0.960673 24.3384 0 0 0 1 
27844314100131;0.768744;0.440726;0.996137 0.075274 -0.045226 5.93857 -0.0641579 0.975491 0.210477 -3.87992 0.059961 -0.206762 0.976552 -15.1206 0 0 0 1 
27844314100132;0.304449;0.160458;0.990072 0.0560222 -0.128917 3.83858 -0.0311994 0.981852 0.187066 -2.1952 0.137057 -0.181186 0.973852 -11.5485 0 0 0 1 
27844314100133;0.242712;0.165517;0.971712 -0.101215 -0.213382 -10.984 0.0261 0.943998 -0.328917 -5.3338 0.234724 0.314043 0.919936 35.8794 0 0 0 1 
27844314100134;1.30166;0.154317;0.970956 0.0425797 0.235441 3.28338 -0.0393568 0.999056 -0.0183732 -1.2588 -0.236001 0.00857339 0.971715 -9.49485 0 0 0 1 
27844314100135;0.261851;0.159247;0.99362 -0.0974758 0.0567218 -8.57546 0.0953185 0.99466 0.0395767 3.19927 -0.0602767 -0.0339176 0.997605 -4.88118 0 0 0 1 
27844314100136;1.42144;0.16226;0.990237 0.139186 0.00763095 11.7797 -0.137778 0.9856 -0.0980331 -8.13474 -0.0211659 0.0960246 0.995154 9.5589 0 0 0 1 
27844314100137;1.20547;0.586523;0.998123 -0.0376477 0.0482925 -3.66233 0.0521103 0.936405 -0.34703 -5.71641 -0.0321564 0.348896 0.93661 31.1549 0 0 0 1 
27844314100138;0.244336;0.151613;0.993731 0.0320439 -0.107103 2.11408 -0.0514071 0.981721 -0.183251 -4.06144 0.099273 0.187608 0.977215 19.7783 0 0 0 1 
27844314100139;1.59431;0.180624;0.999132 -0.0416613 0.000314904 -2.81809 0.0416575 0.9991 0.0080241 -0.69593 -0.000648915 -0.00800402 0.999968 -1.74187 0 0 0 1 
27844314100140;0.22734;0.151588;0.995589 -0.092583 0.0152042 -8.37592 0.0928476 0.995522 -0.0177341 3.02557 -0.0134943 0.0190676 0.999727 1.36393 0 0 0 1 
27844314100141;0.358346;0.267236;0.968401 -0.0644427 -0.240928 -7.67595 0.0202981 0.983201 -0.181396 -1.38471 0.24857 0.170774 0.953441 23.4592 0 0 0 1 
27844314100142;0.117962;0.203847;0.999559 0.0212215 0.0207578 1.75887 -0.0202332 0.998703 -0.0467133 -1.09363 -0.0217222 0.0462727 0.998693 3.49425 0 0 0 1 
27844314100143;1.8568;1.77562;0.999923 0.00463463 0.0115306 0.432363 -0.00332467 0.9938 -0.111137 -1.56176 -0.0119742 0.11109 0.993738 9.54757 0 0 0 1 
27844314100144;0.573265;0.162053;0.987683 0.000374345 -0.156466 -1.69944 0.00287405 0.999785 0.0205342 0.801748 0.156441 -0.020731 0.98747 3.59079 0 0 0 1 
27844314100145;0.564902;0.428619;0.993691 -0.0503271 -0.100228 -5.1769 0.0367185 0.9904 -0.133267 0.157761 0.105973 0.128746 0.985999 15.2776 0 0 0 1 
27844314100146;0.457208;0.154302;0.999558 0.0213007 0.0207478 1.67188 -0.0219718 0.999225 0.0326703 -0.763425 -0.0200358 -0.0331117 0.999251 -2.6695 0 0 0 1 
27844314100147;0.839697;0.152221;0.994696 -0.0418461 -0.0939619 -5.2701 0.0520792 0.99265 0.10924 1.73214 0.0887 -0.113554 0.989564 -7.98955 0 0 0 1 
27844314100148;1.27087;0.158502;0.99933 0.00692174 0.0359488 -0.931694 -0.00088196 0.98623 -0.165376 -3.39466 -0.0365985 0.165233 0.985575 13.453 0 0 0 1 
27844314100149;0.814525;0.411676;0.991958 -0.0182956 0.125237 -2.23712 0.0782848 0.866201 -0.493525 -10.7284 -0.0994511 0.49936 0.860668 40.9672 0 0 0 1 
27844314100150;1.30625;1.06948;0.996855 -0.0137092 0.0780509 -1.38955 0.0365744 0.95334 -0.299675 -3.9944 -0.0703008 0.301587 0.950843 23.3435 0 0 0 1 
27844314100151;1.21483;0.695714;0.986851 -0.072002 0.144709 -6.38583 0.0737895 0.997249 -0.00701624 2.80216 -0.143806 0.017602 0.989449 -2.11177 0 0 0 1 
27844314100152;0.850848;0.982869;0.979393 -0.00904371 0.201759 -1.4519 0.0616925 0.964644 -0.256233 -2.16473 -0.192308 0.2634 0.945324 16.2704 0 0 0 1 
27844314100153;1.33869;0.146008;0.990389 0.110018 0.0838151 7.74801 -0.112097 0.993486 0.0204979 -5.5858 -0.0810139 -0.0296963 0.99627 -5.90722 0 0 0 1 
27844314100155;1.31103;1.29298;0.997862 -0.0347682 -0.0553473 -1.89395 0.0233026 0.98038 -0.195733 -1.14542 0.0610667 0.194025 0.979094 10.4322 0 0 0 1 
27844314100156;0.173499;0.228634;0.999644 -0.0127519 -0.0234405 -0.88367 0.013156 0.999766 0.0171646 0.584055 0.0232161 -0.0174669 0.999578 -0.408067 0 0 0 1 
27844314100157;1.77732;1.1834;0.99422 0.0373946 -0.100642 1.18877 -0.0272368 0.994567 0.100475 -0.400435 0.103853 -0.0971534 0.989836 -3.55907 0 0 0 1 
27844314100158;2.31932;0.875473;0.974017 0.0761564 -0.213284 1.39416 0.0318813 0.886279 0.462053 -1.7966 0.224218 -0.456847 0.860823 -15.1134 0 0 0 1 
27844314100159;1.17995;0.239423;0.996945 0.0435717 -0.0648278 1.59872 -0.0384433 0.996184 0.0783541 -0.687485 0.0679944 -0.0756225 0.994816 -3.28998 0 0 0 1 
27844314100160;1.94121;0.813877;0.982003 -0.0263944 -0.187011 -2.70582 0.0316766 0.999178 0.0253133 1.16162 0.186189 -0.0307816 0.982032 4.6108 0 0 0 1 
27844314100161;0.541664;0.449538;0.992585 0.000227183 -0.121553 -0.846964 -0.0144636 0.993114 -0.116252 -0.958854 0.12069 0.117148 0.985754 8.54815 0 0 0 1 
27844314100162;1.51732;1.32909;0.999443 -0.0100806 -0.0317974 -0.655629 0.0101062 0.999949 0.000643921 0.342194 0.0317893 -0.000964915 0.999494 1.3247 0 0 0 1 
27844314100163;1.36524;1.13152;0.999053 -0.018682 -0.0392881 -1.1699 0.0166128 0.998491 -0.0523508 0.0505164 0.0402068 0.0516486 0.997856 2.7712 0 0 0 1 
27844314100164;0.587208;0.309001;0.999867 -0.0146039 -0.00727682 -0.874245 0.0149772 0.998417 0.0542078 0.706448 0.00647366 -0.0543096 0.998503 -1.8408 0 0 0 1 
27844314100165;1.53313;0.370909;0.999926 0.0116304 -0.00343271 0.939576 -0.011544 0.999641 0.0241975 -0.993728 0.0037129 -0.0241561 0.999701 0.0262033 0 0 0 1 
27844314100166;0.330265;0.347009;0.997685 -0.0322525 -0.0598629 -1.86835 0.02601 0.994416 -0.102277 0.0393314 0.0628273 0.100483 0.992953 6.24139 0 0 0 1 
27844314100167;0.903395;0.515587;0.998312 -0.0234573 0.0531372 -0.894327 0.0329801 0.981973 -0.186121 -0.958425 -0.0478134 0.187559 0.981089 6.82493 0 0 0 1 
27844314100168;2.432;0.31226;0.995017 -0.0406717 0.0910291 -1.70996 0.0385371 0.998942 0.0250861 0.378616 -0.0919531 -0.0214531 0.995532 -0.504242 0 0 0 1 
27844314100169;1.16953;0.911279;0.939625 0.0438541 0.339385 2.21244 0.0665085 0.949441 -0.306819 -2.38319 -0.335681 0.310867 0.889202 6.65465 0 0 0 1 
27844314100170;0.524881;0.269589;0.981515 -0.0492009 -0.18495 -3.29498 0.0709052 0.991104 0.112632 1.45158 0.177763 -0.123664 0.976272 -1.79676 0 0 0 1 
27844314100171;2.35705;0.535585;0.964156 0.0181753 0.264714 0.96048 0.0169906 0.991375 -0.129952 -0.270602 -0.264793 0.129792 0.955531 -2.45247 0 0 0 1 
27844314100172;0.422262;0.214012;0.997254 0.0187653 -0.0716417 0.159844 -0.0142177 0.997883 0.0634667 0.431277 0.072681 -0.0622738 0.995409 -1.31496 0 0 0 1 
27844314100173;0.404553;0.373952;0.997792 -0.0128382 -0.0651669 -0.909913 0.0202101 0.993303 0.113758 0.623558 0.06327 -0.114824 0.991369 -3.78792 0 0 0 1 
27844314100174;0.99992;0.800713;0.999716 0.0154842 -0.0181359 0.526512 -0.0146486 0.998864 0.0453346 -0.188033 0.0188172 -0.0450561 0.998807 -2.13593 0 0 0 1 
27844314100175;0.837078;0.56945;0.999865 -0.00132961 -0.0163866 -0.193805 0.00189274 0.999406 0.0343982 0.408579 0.0163312 -0.0344246 0.999274 -1.46066 0 0 0 1 
27844314100176;0.793248;0.492958;0.998037 -0.016091 -0.0605225 -1.19636 -0.00457642 0.945104 -0.326739 -3.97234 0.0624576 0.326375 0.943175 17.0413 0 0 0 1 
27844314100177;2.13358;0.204936;0.999939 -0.00300392 -0.0106381 -0.112697 0.00315316 0.999896 0.0140396 0.461505 0.0105948 -0.0140723 0.999845 -2.76778 0 0 0 1 
27844314100178;1.06641;1.11647;0.998431 -0.0189569 -0.0526977 -1.2003 0.0185389 0.999793 -0.00840942 0.363492 0.0528462 0.00741927 0.998575 1.3979 0 0 0 1 
27844314100179;2.46162;0.857068;0.964631 -0.0234834 -0.262555 -2.50281 -0.0159758 0.988985 -0.147152 -0.982841 0.263119 0.146141 0.95363 10.2473 0 0 0 1 
27844314100180;2.13141;1.70359;0.967224 0.02761 0.252417 1.30573 -0.0834701 0.973399 0.213372 -2.44138 -0.239812 -0.227448 0.9438 -16.7454 0 0 0 1 
27844314100181;0.683715;0.462127;0.999779 0.0143997 0.0153047 0.564969 -0.015143 0.998654 0.0496133 0.0630025 -0.0145697 -0.0498341 0.998651 -2.01362 0 0 0 1 
27844314100182;1.078;0.321068;0.984489 -0.0238586 0.173819 -0.740626 0.0141618 0.998284 0.0568149 0.370708 -0.174876 -0.053472 0.983137 -5.36176 0 0 0 1 
27844314100183;1.04239;0.4973;0.910086 -0.0362624 0.412829 -2.02619 -0.0545747 0.977002 0.206129 -1.14991 -0.410809 -0.210125 0.887177 -18.517 0 0 0 1 
27844314100184;1.3844;0.97142;0.983581 0.0079821 0.180291 0.664136 -0.021413 0.997126 0.0726729 -0.766436 -0.179193 -0.0753403 0.980925 -7.94371 0 0 0 1 
27844314100186;0.793481;0.206198;0.973549 0.0853769 -0.211928 3.80095 -0.0315788 0.968938 0.245279 -1.70795 0.226286 -0.232099 0.946005 -7.9548 0 0 0 1 
27844314100187;1.90684;1.0281;0.999932 0.0077494 0.00871801 0.588282 -0.00774585 0.99997 -0.000440774 -0.196407 -0.00872117 0.000373215 0.999962 1.06526 0 0 0 1 
27844314100188;0.899725;0.364397;0.912303 0.00246453 0.409509 -0.82807 -0.0270686 0.998158 0.0542961 -0.898615 -0.408621 -0.0606193 0.910689 -19.0913 0 0 0 1 
27844314100189;2.92803;2.80378;0.996657 -0.0215873 -0.0788018 -1.98175 0.0130639 0.994161 -0.107117 -0.676244 0.080654 0.105729 0.991119 10.1054 0 0 0 1 
27844314100190;2.25734;1.82145;0.99944 0.00772028 -0.0325473 0.47035 -0.0126097 0.988174 -0.152815 -2.14157 0.0309826 0.153139 0.987719 12.2253 0 0 0 1 
27844314100191;2.96618;1.18972;0.988525 -0.0195163 0.149789 -0.787035 0.0739968 0.927055 -0.367551 -5.05981 -0.131689 0.374417 0.917861 22.9042 0 0 0 1 
27844314100192;2.51273;2.14247;0.930723 -0.0269785 -0.364729 -5.73406 -0.00632304 0.995939 -0.0898037 -1.13546 0.36567 0.0858886 0.926773 17.7435 0 0 0 1 
27844314100193;1.47826;1.09311;0.994835 0.0253102 -0.0983037 1.00358 -0.0185754 0.997455 0.068831 -0.469277 0.0997957 -0.0666494 0.992773 -0.456327 0 0 0 1 
27844314100194;2.31253;1.39099;0.969884 0.0175938 -0.24293 -1.39572 -0.0106928 0.999502 0.0296968 -0.0613258 0.243331 -0.0262049 0.969589 7.58469 0 0 0 1 
27844314100195;2.39108;0.54472;0.992028 -0.0497456 -0.115786 -3.63995 0.0140355 0.956689 -0.290772 -3.56173 0.125236 0.286829 0.94976 21.4294 0 0 0 1 
27844314100196;0.463067;0.427279;0.996146 0.00933561 0.0872087 1.05041 -0.0159873 0.996988 0.0758895 -0.437423 -0.0862375 -0.0769913 0.993295 -8.41889 0 0 0 1 
27844314100197;2.03095;1.92748;0.995909 -0.0083908 -0.0899714 -0.996975 -0.00247622 0.992771 -0.119996 -1.20637 0.0903279 0.119728 0.988689 10.1901 0 0 0 1 
27844314100198;1.85236;1.27214;0.987058 -0.00514944 -0.160279 -1.50275 0.0122856 0.998975 0.0435644 0.460815 0.15989 -0.0449698 0.98611 3.19616 0 0 0 1 
27844314100199;0.504668;0.288637;0.999085 -0.00498717 -0.0424817 -0.390007 0.0104709 0.991477 0.12986 0.340902 0.041472 -0.130186 0.990622 -8.07318 0 0 0 1 
27844314100200;2.93423;1.25299;0.999648 -0.0239743 0.011405 -1.30781 0.024861 0.996046 -0.085293 0.377533 -0.00931508 0.0855464 0.996291 2.77394 0 0 0 1 
27844314100201;1.21539;0.553806;0.989408 0.00649234 0.145019 0.882981 -0.0346999 0.980616 0.192843 -1.83598 -0.140956 -0.195832 0.970454 -19.176 0 0 0 1 
27844314100202;1.66781;0.441568;0.948516 0.0540837 -0.312079 -0.0214448 -0.0151265 0.991924 0.125927 -0.22515 0.316369 -0.114723 0.941674 3.76508 0 0 0 1 
27844314100203;0.429271;0.451204;0.929349 -0.0226299 0.368508 -1.87524 -0.064156 0.973036 0.22155 -2.94861 -0.363585 -0.229539 0.902839 -28.5114 0 0 0 1 
27844314100204;0.64969;0.664483;0.922254 0.0404464 -0.384464 -1.5243 0.0365096 0.980954 0.190778 0.76545 0.384857 -0.189982 0.903212 -0.911243 0 0 0 1 
27844314100205;2.89316;2.41874;0.996048 -0.00975834 -0.0882775 -0.906378 0.00757182 0.999657 -0.0250698 -0.111011 0.0884919 0.0243023 0.99578 3.28125 0 0 0 1 
27844314100206;1.28236;0.998202;0.997935 -0.00939516 0.0635377 -0.155995 0.0208684 0.983001 -0.18241 -1.61055 -0.0607439 0.183359 0.981167 10.151 0 0 0 1 
27844314100207;1.92404;0.825994;0.977842 0.0627418 -0.199722 2.38398 -0.0407276 0.992818 0.112487 -1.21467 0.205345 -0.10186 0.973375 1.34756 0 0 0 1 
27844314100208;1.88311;0.422386;0.91807 0.00677841 0.396361 -0.537352 0.0524737 0.988978 -0.138455 0.510337 -0.39293 0.14791 0.907595 -5.46059 0 0 0 1 
27844314100209;2.33052;0.256294;0.999699 0.0173761 0.0173016 1.61548 -0.0180557 0.999039 0.0399327 -0.555503 -0.0165911 -0.0402331 0.999053 -5.59044 0 0 0 1 
27844314100210;0.530209;0.452981;0.995617 -0.0100956 0.0929789 -0.242872 0.0186388 0.995633 -0.0914789 -0.120243 -0.0916492 0.092811 0.991457 2.83058 0 0 0 1 
27844314100211;2.44996;1.08886;0.998151 0.00774728 -0.0602954 0.0758755 -0.00768061 0.99997 0.00133737 -0.180475 0.0603039 -0.000871789 0.99818 3.89255 0 0 0 1 
27844314100212;2.84301;0.596041;0.998138 0.0097808 -0.0602036 0.888581 -0.0128071 0.998663 -0.050089 -0.20128 0.0596332 0.0507668 0.996929 2.76475 0 0 0 1 
27844314100213;1.50297;1.1971;0.998562 -0.0224229 0.0486949 -1.1417 0.0297966 0.987241 -0.156421 -0.873587 -0.0445661 0.157647 0.986489 9.33016 0 0 0 1 
27844314100214;0.564234;0.352491;0.991485 -0.0289065 0.126968 -1.55354 0.0299016 0.999535 -0.00593844 1.02725 -0.126738 0.00968444 0.991889 -3.28009 0 0 0 1 
27844314100215;0.386204;0.401693;0.994435 -0.00185379 -0.105333 -0.716055 -0.00341595 0.998752 -0.0498269 -0.485774 0.105294 0.0499094 0.993188 6.66159 0 0 0 1 
27844314100217;0.459527;0.621972;0.995894 0.0173932 -0.0888448 0.0598343 -0.0189562 0.99968 -0.0167791 -0.791797 0.0885245 0.0183944 0.995904 2.8393 0 0 0 1 
27844314100218;2.20727;0.195856;0.9992 0.0346109 -0.0200167 0.464879 -0.0347282 0.999381 -0.00554142 -1.25043 0.0198125 0.00623213 0.999784 3.40888 0 0 0 1 
27844314100219;2.19715;0.410633;0.999646 -0.0192032 -0.0184277 -0.492062 0.018539 0.999195 -0.0355621 0.414637 0.0190958 0.0352079 0.999198 3.90192 0 0 0 1 
27844314100220;1.31114;0.0566047;0.997785 -0.0149244 -0.0648256 0.646188 0.0133176 0.999595 -0.0251494 -0.791775 0.0651747 0.0242304 0.99758 2.28919 0 0 0 1 
27844314100221;1.65894;1.67101;0.999689 0.00657235 0.0240419 0.327784 -0.00720968 0.999622 0.0265191 -0.131863 -0.0238585 -0.0266842 0.999359 -0.678232 0 0 0 1 
27844314100222;1.73745;1.32872;0.979485 0.0664615 -0.190243 0.0797901 -0.0454813 0.992599 0.1126 -1.18104 0.196319 -0.101638 0.975258 4.71913 0 0 0 1 
27844314100223;2.40198;1.72682;0.998882 -0.000984756 -0.0472608 0.0825739 0.000718519 0.999984 -0.00565 0.138618 0.0472656 0.00560973 0.998867 3.06894 0 0 0 1 
27844314100224;0.843273;0.85255;0.999427 0.0211451 -0.0264474 0.427125 -0.0188978 0.996411 0.0825128 -0.417953 0.0280972 -0.0819657 0.996239 -0.40336 0 0 0 1 
27844314100225;1.09219;1.16251;0.999881 -0.0080428 0.0131559 0.0518885 0.00883884 0.998061 -0.0616138 0.140127 -0.0126348 0.0617227 0.998013 0.818943 0 0 0 1 
27844314100226;2.28577;1.26378;0.946401 0.0993248 -0.307344 -1.62206 -0.0296133 0.974219 0.223652 -0.256641 0.321635 -0.202563 0.924943 8.24152 0 0 0 1 
27844314100227;0.739768;0.793601;0.990622 0.0323546 -0.132747 0.135564 -0.0281866 0.999053 0.033159 -0.699439 0.133694 -0.0291064 0.990595 3.73852 0 0 0 1 
27844314100228;0.965544;0.171673;0.991415 0.0715857 -0.109416 0.904641 -0.0679768 0.997024 0.0363697 -2.34231 0.111694 -0.0286197 0.99333 3.80572 0 0 0 1 
27844314100229;0.882458;0.772801;0.96289 0.0112762 0.26966 0.542208 0.0343732 0.985867 -0.163964 0.209374 -0.267698 0.167148 0.948894 -6.10945 0 0 0 1 
27844314100230;0.333053;0.0788446;0.952608 0.150923 -0.264121 0.126781 -0.0599359 0.944348 0.323443 -1.57954 0.298237 -0.292284 0.908639 3.06596 0 0 0 1 
27844314100231;2.08116;0.0625534;0.995122 -0.0437729 0.0884081 -0.364831 0.0457339 0.998748 -0.0202777 1.01981 -0.0874097 0.0242221 0.995878 0.269371 0 0 0 1 
27844314100232;2.3687;2.15771;0.999733 -0.0102267 -0.0207114 -0.158449 0.00969525 0.999625 -0.0256007 0.419984 0.0209654 0.0253931 0.999458 -0.0476938 0 0 0 1 
27844314100233;0.91161;0.609858;0.999739 0.0161612 -0.016129 0.694681 -0.0158489 0.999688 0.0193083 -0.386169 0.016436 -0.0190476 0.999683 -0.809242 0 0 0 1 
27844314100234;2.15311;0.660091;0.997137 -0.00295225 0.0755556 0.816016 0.00215428 0.999941 0.0106407 0.388309 -0.0755825 -0.0104475 0.997085 -5.14567 0 0 0 1 
27844314100235;1.5865;1.46872;0.941167 -0.00231141 -0.337935 -3.42463 -0.0137484 0.998887 -0.045122 -0.63551 0.337663 0.0471134 0.940087 10.7179 0 0 0 1 
27844314100236;0.801975;0.815773;0.999924 0.0103748 -0.00665394 0.464536 -0.0108388 0.997202 -0.0739697 -0.516468 0.0058679 0.0740362 0.997238 1.47379 0 0 0 1 
27844314100237;0.36254;0.364894;0.996743 0.0329992 -0.0735764 0.226033 -0.0298482 0.998607 0.0435215 -0.865992 0.0749101 -0.0411837 0.996339 1.70645 0 0 0 1 
27844314100238;0.509991;0.313347;0.995989 -0.020828 -0.0870219 -0.479314 -0.0124233 0.930925 -0.364998 -3.13896 0.088613 0.364615 0.926932 8.81482 0 0 0 1 
27844314100239;2.45541;1.36612;0.999392 0.0256256 -0.0236514 0.115584 -0.0250084 0.999348 0.0260322 -0.675355 0.0243031 -0.0254248 0.999381 2.70774 0 0 0 1 
27844314100240;0.531694;0.263269;0.999235 -0.0273884 0.0279317 -0.397767 0.0268858 0.999473 0.0182148 0.874793 -0.0284159 -0.0174499 0.999444 -0.674199 0 0 0 1 
27844314100241;1.90316;1.07817;0.998494 -0.0111381 0.0537231 0.747025 0.0077745 0.99802 0.0624178 0.666374 -0.0543119 -0.0619061 0.996603 -4.15256 0 0 0 1 
27844314100242;0.857743;0.204394;0.987267 0.0321035 0.155798 1.15355 -0.0363604 0.999037 0.0245504 -0.740349 -0.15486 -0.0299027 0.987484 -4.56389 0 0 0 1 
27844314100243;1.52979;1.69392;0.990183 -0.00872649 -0.139503 -0.780806 0.00215317 0.998883 -0.0472012 -0.00796692 0.139759 0.0464374 0.989096 4.71214 0 0 0 1 
27844314100244;1.45043;0.856354;0.98762 0.0771396 -0.136584 0.324474 -0.0312937 0.950116 0.310323 -0.438066 0.153709 -0.302207 0.940768 0.131495 0 0 0 1 
27844314100245;0.353496;0.485307;0.997818 0.0453871 0.047959 1.34112 -0.0543569 0.976966 0.206357 -1.17843 -0.0374884 -0.208514 0.977301 -4.9936 0 0 0 1 
27844314100246;0.304746;0.202343;0.998694 0.0243465 0.0449233 0.59076 -0.0152311 0.981063 -0.193091 -1.75853 -0.0487737 0.192154 0.980152 1.97103 0 0 0 1 
27844314100248;1.91005;1.76824;0.999954 0.00311368 0.00903174 0.227989 -0.00338739 0.999531 0.0304506 0.216671 -0.00893269 -0.0304798 0.999495 -2.11094 0 0 0 1 
27844314100249;1.74539;1.05144;0.919696 0.00789597 0.392553 1.03956 0.0237699 0.996844 -0.0757405 -0.00338286 -0.391912 0.0789891 0.916606 4.41257 0 0 0 1 
27844314100250;2.4193;2.07549;0.888519 0.0241668 -0.458202 0.626683 -0.0178502 0.999677 0.0181114 -0.210573 0.458492 -0.00791338 0.888664 0.0698723 0 0 0 1 
27844314100251;0.382775;0.208302;0.998108 0.0248093 0.0562534 1.5236 -0.0331291 0.9878 0.152165 -0.452046 -0.051792 -0.153741 0.986753 -8.49693 0 0 0 1 
27844314100252;0.517763;0.570181;0.995346 -0.018602 -0.0945555 -1.03074 -0.00570587 0.968095 -0.250518 -2.23059 0.0961988 0.249891 0.963483 12.9887 0 0 0 1 
27844314100253;0.421961;0.357631;0.995481 0.00517454 0.0948215 0.509783 0.0010293 0.997868 -0.065261 -0.420143 -0.0949571 0.0650637 0.993353 3.13452 0 0 0 1 
27844314100254;1.06506;0.327076;0.99833 0.0501446 -0.0286823 2.82985 -0.042092 0.971483 0.233344 -1.19711 0.0395653 -0.231747 0.971971 -13.1883 0 0 0 1 
27844314100255;0.41574;0.282356;0.944839 -0.00301373 -0.32752 -0.958925 -0.00880382 0.999363 -0.0345933 -0.214947 0.327416 0.0355685 0.944211 2.61484 0 0 0 1 
27844314100256;0.221269;0.102831;0.999745 0.003094 -0.0223773 0.071333 -0.00190871 0.998603 0.0527972 0.102443 0.0225094 -0.052741 0.998355 -3.02205 0 0 0 1 
27844314100257;0.472366;0.304197;0.996848 0.0466533 0.0641653 2.61404 -0.0688145 0.910946 0.406745 -4.04082 -0.0394751 -0.409879 0.911285 -21.8466 0 0 0 1 
27844314100258;0.965959;0.676233;0.961451 0.00942034 -0.274815 -0.413884 0.0026941 0.999042 0.0436714 0.132692 0.274963 -0.0427283 0.960505 -1.29975 0 0 0 1 
27844314100259;0.701583;0.60722;0.999829 0.0125323 -0.0136146 0.819228 -0.0126078 0.999906 -0.00547088 -0.122011 0.0135447 0.0056416 0.999892 -0.201923 0 0 0 1 
