#;prob_registration_l1 -r /home/probabilistic_point_clouds_registration/build/tester /home/point_clouds_registration_benchmark//devel/registration_pairs/pioneer_slam_local.txt /home/point_clouds_registration_benchmark//tum/pioneer_slam -s 0.1 -t 0.1 -p 0.3 -r 1000 -m 10 -i 40 
id;initial_error;final_error;transformation
1807261650000;0.252801;0.196958;0.996483 0.00740446 0.0834669 -0.140503 -0.00409251 0.9992 -0.0397812 0.00942647 -0.0836947 0.0392997 0.995716 0.179627 0 0 0 1 
1807261650001;0.370505;0.122997;0.976445 0.0918223 0.195251 -0.0100418 -0.126742 0.976443 0.174632 0.340978 -0.174617 -0.195265 0.965081 0.869195 0 0 0 1 
1807261650002;0.611698;0.204858;0.999339 0.0358478 0.00601539 0.142035 -0.035636 0.998845 -0.0322435 -0.369067 -0.0071643 0.0320079 0.999462 0.602482 0 0 0 1 
1807261650003;0.65444;0.354574;0.97844 0.19817 -0.0581723 0.179467 -0.194412 0.978801 0.0644356 0.577474 0.0697083 -0.0517369 0.996225 -0.975635 0 0 0 1 
1807261650004;0.70178;0.388027;0.944182 0.266072 0.194231 0.0161142 -0.239535 0.95928 -0.149684 0.76295 -0.226149 0.094804 0.969468 1.38825 0 0 0 1 
1807261650005;0.564667;0.173704;0.996582 -0.0812259 0.0150765 0.0361759 0.0811878 0.996694 0.00312581 0.066733 -0.0152805 -0.00189109 0.999881 0.787147 0 0 0 1 
1807261650006;0.456118;0.165574;0.9975 -0.0158416 -0.0688632 -0.0881756 0.00672588 0.991407 -0.130641 0.233636 0.070341 0.129851 0.989035 -0.683293 0 0 0 1 
1807261650007;0.0911852;0.0478275;0.997437 0.0127867 0.0703952 -0.131481 -0.0138446 0.999798 0.0145606 0.0304482 -0.0701948 -0.0154979 0.997413 0.285477 0 0 0 1 
1807261650008;0.628711;0.351965;0.957648 -0.0320618 0.286151 0.422482 -0.00478121 0.991874 0.127136 -0.206812 -0.287902 -0.123119 0.949713 0.736141 0 0 0 1 
1807261650009;0.268333;0.290726;0.994383 -0.105665 -0.00607427 0.0509741 0.10578 0.99411 0.0235834 -0.147182 0.00354654 -0.0240935 0.999703 -0.0978242 0 0 0 1 
1807261650010;0.71038;0.270065;0.966684 0.255649 0.0128398 -0.0150713 -0.255536 0.96675 -0.00982006 0.751549 -0.0149234 0.00621186 0.999869 -0.836955 0 0 0 1 
1807261650011;0.818748;0.30138;0.937621 0.347617 -0.00541649 -0.05019 -0.347648 0.937604 -0.00636267 1.18365 0.00286675 0.0078488 0.999965 -0.879301 0 0 0 1 
1807261650012;0.646177;0.0408915;0.999991 -0.00386074 0.00185584 0.179229 0.00395202 0.998639 -0.0519982 -0.617502 -0.00165256 0.052005 0.998645 -0.721095 0 0 0 1 
1807261650013;0.5425;0.105169;0.990227 0.028054 -0.136618 0.0674341 -0.035039 0.998184 -0.048994 -0.0380093 0.134995 0.0533021 0.989412 -1.16624 0 0 0 1 
1807261650014;0.402811;0.149375;0.953974 0.1526 -0.258161 0.38846 -0.125671 0.985044 0.117875 0.30038 0.272288 -0.0800058 0.958884 -1.35652 0 0 0 1 
1807261650015;0.62098;0.231603;0.935505 -0.290952 0.200445 0.32675 0.288373 0.95657 0.0426082 -0.526414 -0.204136 0.0179427 0.978778 1.30387 0 0 0 1 
1807261650016;0.314215;0.265795;0.996708 0.0624062 -0.0517562 -0.0929657 -0.0604773 0.997445 0.0380348 0.178029 0.0539976 -0.0347795 0.997935 0.000365218 0 0 0 1 
1807261650017;0.544853;0.176808;0.952729 0.0978733 -0.287624 0.183996 -0.193317 0.925613 -0.325375 0.771325 0.234383 0.365597 0.900779 -1.08156 0 0 0 1 
1807261650018;0.870541;0.460524;0.938285 0.318229 0.135471 -0.0249998 -0.311552 0.947757 -0.0685009 1.09081 -0.150192 0.0220672 0.98841 1.23255 0 0 0 1 
1807261650019;0.408282;0.251677;0.982293 0.187335 -0.00258348 -0.296793 -0.187344 0.982286 -0.00416285 0.296595 0.00175787 0.00457314 0.999988 0.321424 0 0 0 1 
1807261650020;0.378251;0.0690035;0.963383 0.0219821 -0.267227 0.128527 -0.114689 0.934643 -0.336583 0.469259 0.242364 0.354906 0.90294 -0.911561 0 0 0 1 
1807261650021;0.0584465;0.0636517;0.999556 0.022593 -0.019418 0.108515 -0.0225426 0.999742 0.00281205 -0.0349816 0.0194765 -0.00237307 0.999807 -0.0283164 0 0 0 1 
1807261650022;0.492617;0.217191;0.983634 -0.0526741 -0.172309 0.206905 0.0430865 0.997332 -0.0589189 0.0580664 0.174952 0.0505304 0.983279 -1.16236 0 0 0 1 
1807261650023;0.436303;0.340802;0.972242 0.232469 0.02653 -0.10012 -0.2329 0.972392 0.0145123 0.658439 -0.0224239 -0.0202883 0.999543 0.171004 0 0 0 1 
1807261650024;0.611538;0.19157;0.996395 -0.015668 0.083371 0.0884306 0.0219152 0.996976 -0.0745528 0.315361 -0.0819508 0.0761112 0.993726 -0.40958 0 0 0 1 
1807261650025;0.222007;0.148946;0.993683 -0.0829832 -0.0755506 -0.107525 0.0732681 0.989654 -0.123354 -0.201028 0.0850052 0.117039 0.989483 -0.0928575 0 0 0 1 
1807261650026;0.125003;0.0248785;0.998164 -0.00471345 -0.0603781 -0.1162 -0.0010446 0.995478 -0.0949818 0.0538175 0.0605528 0.0948706 0.993646 -0.0795517 0 0 0 1 
1807261650027;0.446617;0.325312;0.951326 -0.30007 0.0702605 0.169722 0.292712 0.951097 0.0986614 -0.778963 -0.0964299 -0.0732931 0.992638 0.410744 0 0 0 1 
1807261650028;0.18577;0.207729;0.990487 0.125769 -0.0558296 0.0649976 -0.128219 0.990827 -0.0426913 0.0751156 0.0499482 0.0494436 0.997527 -0.162962 0 0 0 1 
1807261650029;0.503137;0.321218;0.991762 0.0460152 -0.119545 0.0684822 -0.0718273 0.972499 -0.221555 0.447247 0.106063 0.228316 0.967793 -0.246869 0 0 0 1 
1807261650031;0.869936;0.822964;0.99991 0.0115651 -0.00686615 0.0485017 -0.00958519 0.97087 0.239416 -0.0744766 0.009435 -0.239328 0.970893 -0.947536 0 0 0 1 
1807261650032;0.361529;0.266959;0.975422 -0.0134217 -0.219936 0.00254226 -0.0264853 0.983765 -0.177498 0.0766098 0.218747 0.178961 0.95923 0.285254 0 0 0 1 
1807261650033;0.495733;0.474857;0.998942 0.0125917 0.0442281 0.0186335 -0.0126033 0.999921 -1.64336e-05 0.0457241 -0.0442247 -0.000541004 0.999021 0.0281308 0 0 0 1 
1807261650034;1.09057;0.903274;0.999241 0.0223869 -0.0318714 0.0531258 -0.0241479 0.99814 -0.0559829 0.105836 0.0305588 0.0567101 0.997923 0.697947 0 0 0 1 
1807261650035;0.885672;0.82203;0.988999 0.0874653 -0.119289 0.271864 -0.0688446 0.985957 0.152149 0.166382 0.130921 -0.142263 0.981132 -0.0907294 0 0 0 1 
1807261650036;0.893017;0.17211;0.988403 0.0141559 0.151193 0.0611416 -0.0279301 0.995607 0.0893727 0.120113 -0.149263 -0.0925591 0.984456 0.705695 0 0 0 1 
1807261650037;0.513994;0.403606;0.999878 0.00990321 0.0120589 0.0559168 -0.0108948 0.996308 0.0851539 0.084805 -0.0111711 -0.085275 0.996295 -0.516364 0 0 0 1 
1807261650038;0.984234;0.443423;0.920357 0.0231386 0.390393 -0.115113 -0.00540703 0.998906 -0.0464579 0.373267 -0.391041 0.040647 0.919475 -0.238994 0 0 0 1 
1807261650039;0.787771;0.231563;0.986694 0.0624386 0.150118 0.124913 -0.0418908 0.989776 -0.136338 0.262602 -0.157096 0.128235 0.979222 -0.152932 0 0 0 1 
1807261650040;0.449489;0.0805344;0.972526 -0.00435656 0.232752 -0.0129149 -0.0044405 0.999296 0.0372586 0.0349759 -0.23275 -0.0372685 0.971822 0.53363 0 0 0 1 
1807261650041;0.636202;0.477631;0.99984 0.0169473 -0.00574186 0.0598635 -0.0168969 0.999819 0.00872312 0.0807644 0.00588866 -0.00862471 0.999945 -0.346931 0 0 0 1 
1807261650042;0.394001;0.377748;0.999952 0.00222919 -0.00952296 -0.00202542 -0.00231013 0.999961 -0.00849617 0.0392152 0.00950365 0.00851776 0.999919 0.0672777 0 0 0 1 
1807261650043;0.493104;0.266608;0.968082 0.0599121 0.243366 0.205839 -0.0623952 0.998048 0.0025004 0.234218 -0.242742 -0.0176055 0.969931 0.257339 0 0 0 1 
1807261650044;0.603128;0.419177;0.999776 0.00255301 -0.021027 -0.00534449 -0.00224722 0.999892 0.0145535 0.0211607 0.0210619 -0.014503 0.999673 -0.447754 0 0 0 1 
1807261650045;0.822026;0.34132;0.995708 0.00770583 -0.0922265 0.0938368 0.0290739 0.920032 0.390764 -0.333056 0.0878625 -0.391768 0.915859 -1.86071 0 0 0 1 
1807261650046;0.726796;0.526939;0.99951 -0.00674574 -0.0305721 -0.0285768 0.00312117 0.993116 -0.117089 0.0669128 0.0311515 0.116936 0.992651 0.777987 0 0 0 1 
1807261650047;0.841796;0.493982;0.99817 -0.00703604 -0.0600538 -0.042552 0.00632062 0.999907 -0.0120947 0.120719 0.0601333 0.011693 0.998122 0.631011 0 0 0 1 
1807261650048;0.923373;0.0617576;0.984879 0.00251853 0.173225 0.0524059 -0.0377268 0.979015 0.200263 0.121358 -0.169086 -0.20377 0.964307 0.413088 0 0 0 1 
1807261650049;0.894299;0.743575;0.967335 -0.0014059 0.253499 0.0382341 -0.0242892 0.99487 0.0982035 0.0783842 -0.252336 -0.101153 0.962338 0.511892 0 0 0 1 
1807261650050;0.776112;0.607563;0.988762 0.030717 0.146311 0.100972 0.00714969 0.967829 -0.251506 0.110067 -0.14933 0.249726 0.956733 1.23286 0 0 0 1 
1807261650051;0.472646;0.234284;0.986624 -0.00179826 0.163005 0.0211435 -0.00044484 0.999906 0.0137233 0.0592585 -0.163015 -0.0136123 0.98653 0.489046 0 0 0 1 
1807261650052;0.367213;0.308946;0.999117 0.0113869 0.0404531 0.0201974 -0.0194581 0.97854 0.205136 0.00777659 -0.0372491 -0.205742 0.977897 -0.431492 0 0 0 1 
1807261650053;0.543637;0.226682;0.911076 -0.0485185 -0.409374 0.0188081 -0.0501546 0.972627 -0.226895 0.236909 0.409177 0.227251 0.883703 0.285766 0 0 0 1 
1807261650054;0.296591;0.220698;0.992961 0.00285464 -0.11841 0.0382856 -0.0228852 0.985495 -0.168152 0.148029 0.116212 0.169678 0.978624 0.203134 0 0 0 1 
1807261650055;0.546573;0.399212;0.968798 0.0479261 -0.243172 0.111421 0.0373187 0.941734 0.334281 0.0887 0.245024 -0.332926 0.910562 -0.888547 0 0 0 1 
1807261650056;0.638977;0.411639;0.999276 -0.0109394 -0.036428 -0.120511 0.00973555 0.999406 -0.0330614 0.0839041 0.036768 0.0326829 0.998789 0.349824 0 0 0 1 
1807261650057;0.733154;0.690973;0.998542 0.0449875 -0.0298434 0.131835 -0.049746 0.981494 -0.184916 0.471658 0.0209722 0.186131 0.982301 0.461642 0 0 0 1 
1807261650058;1.00454;0.898394;0.974711 0.0423198 -0.219423 0.167888 -0.031193 0.998057 0.0539297 0.148707 0.22128 -0.0457214 0.974138 -0.0577039 0 0 0 1 
1807261650059;0.328863;0.181925;0.960386 -0.0880851 0.264385 -0.213645 -0.0270141 0.914834 0.402925 -0.15717 -0.27736 -0.394105 0.876215 -0.713982 0 0 0 1 
1807261650060;0.479524;0.394654;0.999876 0.015613 -0.00185941 0.0179089 -0.0156645 0.999366 -0.0319627 0.024095 0.0013592 0.0319879 0.999487 -0.0923548 0 0 0 1 
1807261650062;0.610394;0.118999;0.996003 0.0833669 -0.0320634 0.285381 -0.0843167 0.996002 -0.0295057 0.219328 0.0294754 0.0320912 0.99905 -0.657381 0 0 0 1 
1807261650063;0.0702684;0.103786;0.999371 0.000789949 0.0354428 -0.0619841 -0.00019728 0.99986 -0.0167222 0.117387 -0.035451 0.0167047 0.999232 0.0268634 0 0 0 1 
1807261650064;0.431381;0.160852;0.974202 -0.115503 -0.19388 -0.37579 0.103045 0.99198 -0.0731937 -0.0960793 0.20078 0.0513271 0.978291 -0.343843 0 0 0 1 
1807261650065;0.67345;0.211861;0.984108 0.025411 -0.175741 0.115087 0.0583558 0.888452 0.455244 0.182166 0.167705 -0.458265 0.872851 -1.95553 0 0 0 1 
1807261650066;0.179936;0.213147;0.995738 -0.0913159 -0.0129234 -0.420061 0.0912426 0.99581 -0.00615472 0.208224 0.0134313 0.00494933 0.999898 0.0377561 0 0 0 1 
1807261650067;0.697139;0.496709;0.994132 -0.105032 -0.0258959 -0.200568 0.107218 0.988476 0.106864 0.165053 0.0143734 -0.109014 0.993936 -1.09394 0 0 0 1 
1807261650068;0.609754;0.599061;0.995776 -0.089496 -0.0205101 -0.284747 0.0901162 0.995429 0.0316262 0.51483 0.017586 -0.0333409 0.999289 -0.00549238 0 0 0 1 
1807261650069;0.14606;0.200039;0.998635 -0.0320252 -0.0412623 -0.150797 0.0323833 0.999443 0.00803993 0.205486 0.0409819 -0.00936517 0.999116 -0.0769806 0 0 0 1 
1807261650070;0.531087;0.123543;0.982093 0.0633751 -0.177416 0.336031 0.00407992 0.934346 0.356345 0.00994635 0.188351 -0.350688 0.917356 -1.91013 0 0 0 1 
1807261650071;0.140553;0.0988859;0.993017 -0.0170211 -0.116734 -0.0707863 0.0103843 0.998307 -0.0572277 0.24472 0.117511 0.0556159 0.991513 0.0895802 0 0 0 1 
1807261650072;0.380476;0.325152;0.996271 -0.00639062 -0.0860393 0.003191 0.00304715 0.999237 -0.0389351 0.00497531 0.0862225 0.0385277 0.995531 -0.0850454 0 0 0 1 
1807261650073;0.531138;0.269232;0.983143 -0.123706 0.134633 -0.366098 0.0710328 0.936943 0.342188 -0.195689 -0.168474 -0.326857 0.929936 -0.781171 0 0 0 1 
1807261650074;0.56209;0.14733;0.952654 0.160725 0.258104 0.628178 -0.151832 0.986921 -0.0541598 0.74229 -0.263433 0.012407 0.964598 0.387664 0 0 0 1 
1807261650075;0.57785;0.129834;0.999199 -0.0399996 -0.000895977 -0.186451 0.0400056 0.999165 0.00827699 0.682725 0.000564153 -0.0083062 0.999965 -0.498897 0 0 0 1 
1807261650076;0.523862;0.326614;0.99348 -0.0348574 -0.108549 -0.0906938 0.0197156 0.990297 -0.137561 0.634855 0.112291 0.134524 0.984527 0.919412 0 0 0 1 
1807261650077;0.611234;0.530129;0.999465 -0.0289971 0.0150997 -0.0775328 0.0311865 0.984214 -0.174214 -0.0861554 -0.00980964 0.174591 0.984592 0.329477 0 0 0 1 
1807261650078;0.330727;0.135985;0.949996 0.0510447 -0.308061 0.320161 -0.035972 0.99787 0.0544137 0.201555 0.310182 -0.0406112 0.949809 0.0398387 0 0 0 1 
1807261650079;0.421945;0.325339;0.910331 -0.148377 -0.38637 -0.415916 0.108806 0.986489 -0.122481 -0.174574 0.399323 0.0694588 0.914175 0.470496 0 0 0 1 
1807261650080;0.560936;0.329011;0.990943 0.0258571 -0.13177 0.242564 -0.0698914 0.937209 -0.341693 0.107331 0.114661 0.347808 0.930528 1.13327 0 0 0 1 
1807261650081;0.503671;0.135161;0.982149 0.109903 0.152662 0.446988 -0.133506 0.978989 0.15413 0.0853009 -0.132515 -0.17176 0.976186 -1.2725 0 0 0 1 
1807261650082;0.722741;0.368557;0.999986 0.000522367 -0.00525374 0.11423 -0.000739805 0.999139 -0.041471 -0.156937 0.00522755 0.0414743 0.999126 -0.647528 0 0 0 1 
1807261650083;0.552134;0.501324;0.999388 0.0104585 -0.0333708 0.0626249 -0.012825 0.997357 -0.0715092 -0.00494754 0.0325348 0.0718934 0.996882 -0.00569986 0 0 0 1 
1807261650084;0.867721;0.339174;0.972117 0.202485 -0.118268 1.26413 -0.180572 0.968164 0.173353 0.383903 0.149604 -0.147164 0.977733 -0.94134 0 0 0 1 
1807261650085;0.404997;0.17561;0.980119 -0.124853 -0.154202 -0.486335 0.0590722 0.925569 -0.373942 0.00336542 0.189412 0.357398 0.914543 0.977654 0 0 0 1 
1807261650086;0.258185;0.169971;0.998039 -0.0616784 0.0106456 -0.205731 0.0624003 0.993754 -0.0925109 0.190274 -0.00487319 0.0929938 0.995655 0.580524 0 0 0 1 
1807261650087;0.211815;0.169889;0.998557 0.0406925 0.0350375 0.160836 -0.0388519 0.997907 -0.0517018 0.0534924 -0.037068 0.0502659 0.998048 0.223822 0 0 0 1 
1807261650088;0.669831;0.449844;0.993941 -0.07547 -0.0799086 -0.0703615 0.0503857 0.958973 -0.278985 0.455115 0.0976851 0.273268 0.956965 0.47549 0 0 0 1 
1807261650089;0.143654;0.142741;0.992427 0.0527968 0.110908 0.158267 -0.0587922 0.996941 0.0514992 0.0478003 -0.10785 -0.0576298 0.992495 -0.101871 0 0 0 1 
1807261650090;0.732491;0.418705;0.994726 0.0721009 -0.072952 0.238118 -0.0779486 0.99368 -0.0807688 0.799645 0.0666675 0.0860293 0.99406 0.377168 0 0 0 1 
1807261650091;0.403612;0.110751;0.988852 0.122947 -0.0839952 0.576731 -0.0925716 0.949458 0.299933 -0.0193864 0.116626 -0.288814 0.950255 -0.842127 0 0 0 1 
1807261650093;1.16071;0.259564;0.892731 0.296615 0.339192 -0.40202 -0.299069 0.953106 -0.0463386 0.204346 -0.337031 -0.0600739 0.939575 -0.261802 0 0 0 1 
1807261650094;0.696816;0.449556;0.985776 0.167152 0.0174829 -0.0903781 -0.166132 0.984887 -0.0489723 -0.0407163 -0.0254045 0.0453712 0.998647 -0.0826951 0 0 0 1 
1807261650095;0.832378;0.158083;0.948871 0.134604 0.285528 0.375131 -0.139027 0.990277 -0.004818 0.321846 -0.2834 -0.0351245 0.958358 -0.0290178 0 0 0 1 
1807261650096;1.24922;0.491994;0.953927 0.226012 0.197337 0.177595 -0.146755 0.925128 -0.350144 -0.469695 -0.261698 0.305051 0.915673 0.781573 0 0 0 1 
1807261650097;1.57732;0.232537;0.962863 0.167296 0.211913 0.304677 -0.204797 0.96402 0.169478 0.147842 -0.175935 -0.206583 0.962481 0.935187 0 0 0 1 
1807261650098;0.431654;0.22478;0.942567 -0.288509 0.168313 -0.0740699 0.299587 0.953051 -0.044067 -0.200779 -0.147697 0.0919604 0.984748 0.296644 0 0 0 1 
1807261650099;1.43162;0.380164;0.976766 -0.204925 0.0627143 0.659838 0.214278 0.938683 -0.270109 0.372083 -0.00351653 0.277272 0.960785 0.593222 0 0 0 1 
1807261650100;0.198846;0.133841;0.98303 -0.00137145 -0.18344 0.134318 0.00881022 0.999171 0.0397426 -0.057451 0.183234 -0.0406843 0.982227 -0.0959537 0 0 0 1 
1807261650101;0.403364;0.156007;0.995012 -0.0686307 0.072394 0.0909265 0.0718619 0.996487 -0.0430121 -0.106112 -0.0691877 0.0479999 0.996448 -0.169414 0 0 0 1 
1807261650102;0.400187;0.222781;0.997113 -0.0372215 0.0661759 -0.146954 0.039128 0.998849 -0.0277511 -0.110278 -0.0650668 0.0302603 0.997422 -0.00756835 0 0 0 1 
1807261650103;1.02195;0.219103;0.95268 0.261066 0.155707 -0.0282299 -0.278916 0.954413 0.106309 -0.18265 -0.120856 -0.144707 0.982066 0.553948 0 0 0 1 
1807261650104;1.18672;0.147021;0.983145 0.0232374 -0.181343 0.0514379 -0.0213376 0.999695 0.0124204 -0.32933 0.181577 -0.00834166 0.983341 -0.709413 0 0 0 1 
1807261650105;1.18857;0.698272;0.992451 0.022406 0.120575 -0.199025 -0.0258425 0.999301 0.0270128 -0.479945 -0.119886 -0.0299248 0.992337 0.166157 0 0 0 1 
1807261650106;0.708535;0.354776;0.998406 -0.0335092 0.0454227 -0.156724 0.033467 0.999438 0.00168993 -0.288793 -0.0454538 -0.00016707 0.998966 0.227151 0 0 0 1 
1807261650107;0.503291;0.215273;0.998991 0.0135029 -0.042833 0.112767 -0.0113455 0.998674 0.0502191 -0.0734181 0.0434543 -0.0496825 0.997819 0.253932 0 0 0 1 
1807261650108;1.52224;0.454422;0.942381 -0.216698 0.254873 0.0789516 0.243965 0.966449 -0.0803535 0.495022 -0.228909 0.137904 0.96363 -0.337145 0 0 0 1 
1807261650109;0.339127;0.095363;0.956796 -0.104096 0.271486 -0.077062 0.0911803 0.994037 0.0597996 0.00148943 -0.276092 -0.0324619 0.960583 0.189927 0 0 0 1 
1807261650110;0.998065;0.15045;0.973802 -0.218543 0.0628379 0.117071 0.217045 0.975705 0.0298471 -0.00368514 -0.0678342 -0.0154265 0.997577 -0.500008 0 0 0 1 
1807261650111;0.873902;0.155983;0.98173 0.151496 0.115134 0.133735 -0.154639 0.987792 0.0188183 -0.383104 -0.110878 -0.0362786 0.993172 0.409638 0 0 0 1 
1807261650112;0.213542;0.141764;0.984462 0.000165435 -0.175598 0.137124 0.00162269 0.999948 0.0100395 -0.0123017 0.17559 -0.0101684 0.984411 -0.148227 0 0 0 1 
1807261650113;1.08553;0.331643;0.969195 -0.214521 0.121006 -0.213988 0.233558 0.956455 -0.175057 -0.669276 -0.0781834 0.197927 0.977094 -0.110264 0 0 0 1 
1807261650114;0.757919;0.338504;0.946542 0.320242 0.0387786 0.277374 -0.302003 0.921982 -0.24237 0.0251733 -0.11337 0.217702 0.969409 0.548952 0 0 0 1 
1807261650115;1.40826;0.688343;0.963188 0.127493 0.236673 -0.354895 -0.145942 0.987344 0.0620705 0.2862 -0.225764 -0.094326 0.969605 0.31086 0 0 0 1 
1807261650116;0.547781;0.0910575;0.985767 0.167954 0.00743752 0.0334198 -0.167946 0.981791 0.0887747 -0.0604598 0.00760796 -0.0887602 0.996024 0.276349 0 0 0 1 
1807261650117;1.14474;0.43347;0.960874 0.261981 -0.0899322 -0.0399552 -0.250104 0.960145 0.124782 0.489055 0.119038 -0.0974072 0.9881 -0.285028 0 0 0 1 
1807261650118;1.22447;0.56936;0.97065 0.224762 -0.0855658 -0.0864688 -0.235561 0.960234 -0.149869 -0.0518763 0.0484784 0.165626 0.984996 -0.477224 0 0 0 1 
1807261650119;1.49971;0.350604;0.988978 0.105429 -0.103958 0.238072 -0.117374 0.986241 -0.116414 0.671379 0.0902545 0.127333 0.987745 -0.667226 0 0 0 1 
1807261650120;0.30517;0.218699;0.95367 0.218001 0.207337 0.161886 -0.227549 0.973493 0.0230729 0.139512 -0.196811 -0.0691832 0.977997 0.175531 0 0 0 1 
1807261650121;1.42718;0.117157;0.938047 0.344981 0.0325047 0.421825 -0.346374 0.930933 0.11571 -0.69119 0.00965811 -0.119801 0.992751 0.254838 0 0 0 1 
1807261650122;1.45607;0.198237;0.960435 -0.184796 0.208362 -0.186622 0.219682 0.962537 -0.158943 -0.342315 -0.171184 0.198427 0.96505 -0.667788 0 0 0 1 
1807261650124;1.36594;4.34188;-0.03762 -0.978618 0.202217 2.21822 0.984578 -0.070898 -0.159939 -0.294596 0.170855 0.193081 0.966193 0.370615 0 0 0 1 
1807261650125;0.804333;4.29943;0.136868 -0.716786 0.683728 1.90268 0.934621 0.322163 0.150648 -0.543577 -0.328254 0.618408 0.714018 0.361065 0 0 0 1 
1807261650126;0.880272;4.44542;0.23649 -0.875962 0.420431 2.07006 0.88784 0.370606 0.272748 -0.23508 -0.394731 0.308773 0.865359 0.417412 0 0 0 1 
1807261650127;1.55898;4.41158;0.0965916 -0.955063 0.280224 1.8018 0.992712 0.0720583 -0.0965923 -0.243075 0.0720592 0.287512 0.955062 -1.00278 0 0 0 1 
1807261650128;0.837192;4.39162;0.306946 -0.902983 0.300675 1.60967 0.944596 0.327644 0.0196797 -0.395476 -0.116285 0.277975 0.953524 -0.139499 0 0 0 1 
1807261650129;0.284015;4.24896;0.155337 -0.958528 0.238947 2.04751 0.98782 0.152933 -0.0286868 -0.134889 -0.00904568 0.240492 0.970609 -0.208148 0 0 0 1 
1807261650130;0.193395;4.27759;0.0165681 -0.94014 0.340385 2.01746 0.977151 -0.0569229 -0.204783 -0.22538 0.2119 0.336001 0.917716 -0.338984 0 0 0 1 
1807261650131;0.6404;4.23805;0.202574 -0.938339 0.28015 2.06082 0.973334 0.224374 0.0477143 -0.00171875 -0.107631 0.263014 0.95877 -0.0800931 0 0 0 1 
1807261650132;1.48669;4.47815;0.160897 -0.955583 0.246929 2.68997 0.984434 0.173306 0.0292237 0.0758286 -0.0707201 0.238384 0.968593 -0.613106 0 0 0 1 
1807261650133;0.878362;4.28801;0.436732 -0.845672 0.306763 1.85753 0.895411 0.441484 -0.0577137 -0.520649 -0.0866238 0.299884 0.950035 0.0783761 0 0 0 1 
1807261650134;0.764145;1.29063;0.265361 0.922801 -0.279324 0.189734 -0.127692 0.320796 0.938501 -0.59879 0.955656 -0.213375 0.202961 0.239999 0 0 0 1 
1807261650135;0.938287;4.39338;0.106376 -0.956388 0.272042 2.15256 0.988101 0.0711099 -0.136381 -0.290707 0.111088 0.283313 0.952572 0.209718 0 0 0 1 
1807261650136;0.165136;4.49938;0.350106 -0.913661 0.206518 2.08912 0.934668 0.355297 -0.0126492 -0.266957 -0.0618183 0.197455 0.978361 -0.241223 0 0 0 1 
1807261650137;0.685906;4.01909;0.531732 -0.790618 0.30362 1.77484 0.844704 0.469221 -0.2575 -0.278946 0.0611196 0.39339 0.917338 0.0444785 0 0 0 1 
1807261650138;1.14592;4.28285;0.478858 -0.784426 0.394172 1.77664 0.787625 0.582189 0.201749 -0.701536 -0.387739 0.213851 0.896619 -0.183106 0 0 0 1 
1807261650139;0.608764;4.83922;0.0810242 -0.971144 0.22431 2.42911 0.991601 0.101302 0.0804039 -0.331489 -0.100807 0.215911 0.971195 -0.525963 0 0 0 1 
1807261650140;1.51409;4.31858;0.332373 -0.900416 0.280678 1.61671 0.931243 0.360443 0.053545 0.29906 -0.149381 0.243583 0.958307 0.204202 0 0 0 1 
1807261650141;0.713806;4.12709;0.146833 -0.988659 0.0315321 1.84476 0.821772 0.10418 -0.560212 -0.312627 0.550573 0.10817 0.827749 -0.358788 0 0 0 1 
1807261650142;1.81337;4.34195;0.265398 -0.918568 0.29291 1.79822 0.945021 0.187638 -0.267821 -0.225586 0.191051 0.347885 0.917865 0.630585 0 0 0 1 
1807261650143;1.33398;4.17748;0.229936 -0.885639 0.403451 2.011 0.970175 0.175904 -0.166788 0.183584 0.0767451 0.429769 0.899672 0.217436 0 0 0 1 
1807261650144;0.523192;3.87609;0.409331 -0.838186 0.360405 1.57954 0.86433 0.482743 0.141039 -0.201661 -0.2922 0.253777 0.922072 -0.313273 0 0 0 1 
1807261650145;1.32014;4.80967;0.0845002 -0.968275 0.235167 2.97625 0.994554 0.0964088 0.0395895 -0.415677 -0.0610057 0.230541 0.971148 -0.301449 0 0 0 1 
1807261650146;0.396214;4.66814;0.45492 -0.791728 0.407694 2.01746 0.844057 0.529303 0.0860606 -0.0952888 -0.28393 0.304966 0.909054 -0.105243 0 0 0 1 
1807261650147;1.75836;4.31408;0.0445037 -0.972282 0.229538 1.63948 0.997721 0.0549218 0.0391971 -0.416864 -0.0507172 0.22727 0.97251 -0.981361 0 0 0 1 
1807261650148;1.81564;4.18908;0.421886 -0.826359 0.373019 2.03078 0.906601 0.388735 -0.164194 -1.02142 -0.00932236 0.40745 0.91318 0.22404 0 0 0 1 
1807261650149;1.27562;4.57578;0.0794228 -0.979758 0.183755 2.2753 0.987938 0.101946 0.116555 -0.555463 -0.132929 0.172282 0.976037 -0.871833 0 0 0 1 
1807261650150;1.69552;4.07944;0.275341 -0.859958 0.42972 2.29119 0.95888 0.21367 -0.186801 -0.462025 0.0688224 0.463484 0.883429 0.493777 0 0 0 1 
1807261650151;1.06641;4.47798;0.112355 -0.974891 0.192262 2.11297 0.965867 0.152596 0.209322 -0.417296 -0.233405 0.162181 0.958759 -0.695225 0 0 0 1 
1807261650152;1.1455;4.44247;0.22274 -0.938481 0.263895 2.39552 0.969568 0.185042 -0.160305 -0.484435 0.101612 0.291571 0.951137 0.0417335 0 0 0 1 
1807261650153;0.956413;4.18327;0.336516 -0.894366 0.29473 2.26305 0.934415 0.35594 0.0132152 -0.565709 -0.116725 0.270953 0.955489 -0.172909 0 0 0 1 
1807261650155;0.606131;0.432454;0.997403 -0.0279504 -0.0663727 -0.0108935 0.0305582 0.998787 0.0386051 0.00203523 0.0652132 -0.0405331 0.997048 -0.552505 0 0 0 1 
1807261650156;0.187806;0.0663165;0.998286 -0.0585212 -0.000798019 -0.244267 0.05852 0.998285 -0.00149896 -0.110285 0.000884372 0.00144969 0.999999 0.215557 0 0 0 1 
1807261650157;0.551788;0.385327;0.998252 -0.0555215 0.0202571 -0.235047 0.0582139 0.982878 -0.17482 -0.113842 -0.0102039 0.175694 0.984392 0.978755 0 0 0 1 
1807261650158;0.699792;0.562012;0.997101 -0.0441923 -0.061943 -0.212018 0.0476352 0.997335 0.0552529 -0.0565061 0.0593362 -0.0580434 0.996549 -0.603337 0 0 0 1 
1807261650159;0.309546;0.120827;0.992981 0.0830366 -0.0842213 0.353742 -0.0997264 0.970666 -0.218776 -0.0907454 0.0635843 0.225639 0.972134 1.06384 0 0 0 1 
1807261650160;0.485518;0.434736;0.999559 -0.00886203 -0.0283494 -0.0429827 0.0144916 0.978649 0.205027 -0.10858 0.0259271 -0.205347 0.978346 -0.80498 0 0 0 1 
1807261650161;0.330335;0.101567;0.998663 -0.0515509 0.00391114 -0.257073 0.0486241 0.910872 -0.409814 -0.326541 0.0175637 0.409456 0.912161 1.36165 0 0 0 1 
1807261650162;0.550603;0.524072;0.997643 0.0682887 0.00678692 0.187946 -0.0683227 0.997651 0.0049173 -0.0940959 -0.00643518 -0.0053694 0.999965 -0.0303809 0 0 0 1 
1807261650163;0.739956;0.322277;0.98911 0.0918316 0.115017 0.435632 -0.0789037 0.990535 -0.112313 -0.472269 -0.124242 0.102015 0.986994 0.761267 0 0 0 1 
1807261650164;0.228506;0.0878667;0.958431 0.106101 0.264862 0.394244 -0.111913 0.993694 0.00690185 -0.106191 -0.262459 -0.0362563 0.964262 -0.190663 0 0 0 1 
1807261650165;0.0638727;0.0684546;0.999896 0.00548405 0.0133144 0.0684069 -0.005249 0.999831 -0.0176248 -0.0555515 -0.0134088 0.0175531 0.999756 0.150666 0 0 0 1 
1807261650166;0.691573;0.336535;0.991487 -0.126907 -0.029114 -0.55091 0.128723 0.989016 0.0726408 -0.435657 0.0195756 -0.0757701 0.996933 0.0291744 0 0 0 1 
1807261650167;0.645574;0.45328;0.944875 0.0737112 0.319027 0.400847 -0.126221 0.981025 0.147169 -0.0504904 -0.302126 -0.179324 0.936249 -0.85713 0 0 0 1 
1807261650168;0.448255;0.380669;0.996919 0.0441881 0.0648116 0.164103 -0.0176541 0.93143 -0.363491 -0.376355 -0.0764295 0.361227 0.92934 1.42926 0 0 0 1 
1807261650169;0.539907;0.42429;0.99741 -0.0144319 -0.0704658 -0.0492864 0.0218032 0.994235 0.104987 -0.544896 0.0685443 -0.106251 0.991974 -0.804603 0 0 0 1 
1807261650170;0.652735;0.352911;0.952162 0.118954 0.281492 0.536394 -0.122145 0.992493 -0.00624966 0.13368 -0.280122 -0.028432 0.959543 0.50779 0 0 0 1 
1807261650171;0.437786;0.290857;0.957597 0.152115 0.244682 0.560066 -0.202792 0.959122 0.197385 -0.00586493 -0.204655 -0.238635 0.9493 -0.538488 0 0 0 1 
1807261650172;0.513271;0.40691;0.992612 -0.0352993 -0.116086 -0.166833 0.0305478 0.998631 -0.0424588 -0.393861 0.117426 0.0385989 0.992331 0.2066 0 0 0 1 
1807261650173;0.421662;0.0830132;0.925527 -0.131008 -0.355299 -0.444177 0.125559 0.99134 -0.0384604 0.16539 0.357261 -0.00901492 0.933961 -0.365977 0 0 0 1 
1807261650174;0.342158;0.106241;0.995201 0.083905 -0.0503409 0.346716 -0.096883 0.917054 -0.386815 -0.162364 0.0137096 0.389836 0.920782 1.30795 0 0 0 1 
1807261650175;0.695425;0.339296;0.999026 -0.0431909 0.00897809 0.0302029 0.0428786 0.998553 0.0324677 0.625293 -0.0103674 -0.0320512 0.999432 -0.305668 0 0 0 1 
1807261650176;0.628882;0.443893;0.997568 0.0524976 0.0458381 0.244309 -0.048109 0.994587 -0.0920939 -0.201445 -0.0504247 0.0896648 0.994695 -0.187878 0 0 0 1 
1807261650177;0.385778;0.0730383;0.999211 -0.0383901 -0.0101785 -0.167477 0.0383679 0.999261 -0.00237114 0.0204478 0.010262 0.00197874 0.999945 0.461337 0 0 0 1 
1807261650178;0.865032;0.464437;0.99299 -0.0115732 0.117634 -0.0566576 0.0210229 0.99662 -0.0794106 0.0107849 -0.116318 0.0813269 0.989877 1.20346 0 0 0 1 
1807261650179;0.799283;0.0714137;0.900935 -0.250234 -0.354542 -1.36091 0.239115 0.968042 -0.07562 -0.300553 0.362134 -0.0166475 0.931977 0.576318 0 0 0 1 
1807261650180;0.951142;0.357591;0.957052 0.215271 0.194193 0.941031 -0.160975 0.951656 -0.261606 0.0164445 -0.241121 0.219111 0.945437 1.84571 0 0 0 1 
1807261650181;0.58947;0.127647;0.990218 -0.137629 0.0229478 -0.739965 0.136967 0.990171 0.0282945 -0.674404 -0.0266164 -0.0248746 0.999336 0.0806149 0 0 0 1 
1807261650182;0.51362;0.326294;0.992807 0.0138482 -0.118921 0.0374514 -0.0198649 0.998574 -0.0495586 0.233978 0.118065 0.0515645 0.991666 -0.17031 0 0 0 1 
1807261650183;0.518467;0.198881;0.969345 0.103446 -0.222868 0.625952 -0.125215 0.98841 -0.0858355 0.271467 0.211405 0.111111 0.971062 0.420065 0 0 0 1 
1807261650184;0.540083;0.240582;0.995609 -0.09214 0.0164992 -0.386798 0.0915779 0.995281 0.032082 -0.339653 -0.0193774 -0.0304302 0.999349 -0.419659 0 0 0 1 
1807261650186;0.453969;0.340226;0.998258 -0.0466588 -0.0361109 0.0466889 0.0497828 0.994597 0.0910925 -0.0400358 0.0316655 -0.0927315 0.995188 0.0127293 0 0 0 1 
1807261650187;0.217396;0.0452742;0.997651 0.0251007 -0.0637394 -0.0401528 -0.0238465 0.999508 0.0203631 0.0718048 0.0642191 -0.0187953 0.997759 -0.45665 0 0 0 1 
1807261650188;0.833964;0.119636;0.982444 -0.00133959 0.186553 -0.0199424 -0.0414892 0.973363 0.225484 0.307028 -0.181886 -0.229265 0.956219 1.33332 0 0 0 1 
1807261650189;0.543168;0.0600373;0.864725 0.377093 -0.33174 0.261213 -0.368234 0.925188 0.0918203 0.569514 0.341547 0.0427587 0.938892 -1.11365 0 0 0 1 
1807261650190;0.468639;0.155152;0.937825 -0.190582 0.290109 -0.00933097 0.218587 0.973509 -0.0670867 -0.804611 -0.269638 0.126329 0.954639 1.08125 0 0 0 1 
1807261650191;0.203867;0.0399555;0.99128 0.044895 0.12389 -0.141868 -0.0365066 0.996937 -0.0691683 -0.0298033 -0.126616 0.0640423 0.989882 0.512963 0 0 0 1 
1807261650192;0.50492;0.239705;0.989794 0.134986 0.0456687 0.432337 -0.126896 0.980729 -0.148551 0.0609639 -0.064841 0.14124 0.98785 0.0590936 0 0 0 1 
1807261650193;0.791638;0.174618;0.989527 -0.141767 -0.0271645 0.0156747 0.141837 0.98989 0.000657488 -0.429655 0.0267966 -0.00450353 0.999631 -1.01273 0 0 0 1 
1807261650194;0.736741;0.207315;0.978865 0.201715 -0.0336882 0.321942 -0.204446 0.961124 -0.185584 0.103352 -0.0050565 0.188549 0.982051 -0.64344 0 0 0 1 
1807261650195;0.187863;0.138049;0.975441 0.0430583 -0.216009 0.0794237 -0.0238805 0.995599 0.0906205 0.0202848 0.21896 -0.0832366 0.972177 -0.629709 0 0 0 1 
1807261650196;0.587609;0.0725504;0.99426 0.103311 -0.0278325 -0.0830827 -0.106416 0.981862 -0.156914 -0.14225 0.0111167 0.158975 0.98722 0.714356 0 0 0 1 
1807261650197;0.541762;0.0637108;0.964416 0.264391 -0.000377922 -0.22189 -0.264309 0.96415 0.0235859 0.8739 0.00660026 -0.0226467 0.999722 -0.180479 0 0 0 1 
1807261650198;0.789459;0.295248;0.994735 0.0333524 -0.0969021 0.350398 -0.0445935 0.992217 -0.116261 0.0356248 0.0922704 0.11997 0.98848 -0.925812 0 0 0 1 
1807261650199;0.344499;0.136089;0.991744 -0.0668322 -0.109439 0.0850655 0.0584654 0.995241 -0.0779561 -0.114087 0.114128 0.0709141 0.990932 -0.518195 0 0 0 1 
1807261650200;0.665434;0.33947;0.995391 0.0954825 -0.00892581 0.067151 -0.0953152 0.995292 0.0175859 -0.310313 0.0105629 -0.016654 0.999806 -0.0574829 0 0 0 1 
1807261650201;0.637949;0.29901;0.997627 0.0664172 -0.0181487 -0.288073 -0.0667183 0.997635 -0.0165167 -0.0620775 0.0170088 0.0176883 0.999699 -0.307613 0 0 0 1 
1807261650202;0.360138;0.0451418;0.996128 0.087743 -0.00542861 -0.256223 -0.0878733 0.995607 -0.0323389 0.154065 0.00256724 0.0326907 0.999462 -0.36211 0 0 0 1 
1807261650203;0.394841;0.132624;0.904407 -0.118198 -0.409972 0.253402 0.169436 0.981345 0.090852 -0.55247 0.391585 -0.151631 0.907562 -1.13926 0 0 0 1 
1807261650204;0.612524;0.114964;0.998507 -0.0540498 -0.0078491 -0.0555799 0.0542156 0.99827 0.0227338 -0.246928 0.00660677 -0.0231254 0.999711 0.74011 0 0 0 1 
1807261650205;0.404722;0.162234;0.883274 0.201815 -0.423199 0.281051 -0.269427 0.957184 -0.10587 0.691538 0.383713 0.207533 0.89983 -0.929038 0 0 0 1 
1807261650206;0.626556;0.127584;0.966097 -0.254281 -0.0446982 -0.511743 0.246735 0.960305 -0.130142 -1.01886 0.0760165 0.114701 0.990487 0.422725 0 0 0 1 
1807261650207;0.542445;0.112497;0.999538 -0.00694925 0.0295921 -0.143517 0.00719211 0.999941 -0.00810833 -0.25723 -0.029534 0.00831742 0.999529 0.759726 0 0 0 1 
1807261650208;0.417306;0.0698989;0.952467 -0.0298311 -0.303178 0.0405913 -0.0078418 0.992464 -0.122289 0.0629906 0.304541 0.118854 0.945055 -1.06035 0 0 0 1 
1807261650209;0.115948;0.0689917;0.998034 -0.022306 -0.0585641 -0.0466636 0.0189284 0.99816 -0.0576082 -0.0291019 0.0597413 0.0563864 0.99662 -0.13422 0 0 0 1 
1807261650210;0.290494;0.14073;0.978188 0.204181 0.0381915 0.0531947 -0.189727 0.95307 -0.235925 0.562557 -0.0845706 0.223533 0.971021 0.360543 0 0 0 1 
1807261650211;0.634223;0.439668;0.981541 0.136298 -0.134167 0.437032 -0.156431 0.975738 -0.153181 0.249646 0.110033 0.171341 0.979048 -0.306731 0 0 0 1 
1807261650212;0.518398;0.0965821;0.933778 0.225606 -0.277778 0.110747 -0.200741 0.972834 0.115309 0.59767 0.296247 -0.0519116 0.9537 -1.23584 0 0 0 1 
1807261650213;0.562773;0.446702;0.995176 -0.0979088 0.00628638 0.0584487 0.0929648 0.961522 0.258521 -0.278806 -0.0313559 -0.256689 0.965985 -0.170243 0 0 0 1 
1807261650214;0.522212;0.610814;0.992633 0.103543 0.0629152 0.102548 -0.11344 0.976647 0.18246 0.302487 -0.0425536 -0.188253 0.981198 0.0717244 0 0 0 1 
1807261650215;0.876402;0.235157;0.922875 -0.320743 -0.21313 0.553181 0.318065 0.946868 -0.0477033 -1.25774 0.217107 -0.0237651 0.975859 -0.798649 0 0 0 1 
1807261650217;0.532131;0.406007;0.981666 0.0146917 0.190041 -0.0725457 -0.0546419 0.97687 0.206736 -0.0926899 -0.182608 -0.21333 0.959763 -0.734537 0 0 0 1 
1807261650218;0.499155;0.388256;0.996641 0.0139436 -0.0806928 0.0213516 -0.00613976 0.995347 0.0961615 0.0137973 0.0816581 -0.0953431 0.99209 -0.132486 0 0 0 1 
1807261650219;0.721512;0.659132;0.999019 0.00251308 -0.0442119 -0.346774 3.48623e-06 0.998384 0.0568286 -0.937239 0.0442833 -0.0567731 0.997405 -0.608457 0 0 0 1 
1807261650220;0.121853;0.133205;0.991958 -0.0843319 0.0943778 -0.301785 0.0811894 0.996024 0.036662 -0.223859 -0.0970943 -0.0287047 0.994861 -0.0521548 0 0 0 1 
1807261650221;0.995809;0.363939;0.997031 -0.0769637 0.00228423 -0.366454 0.0769407 0.996996 0.00887101 -0.334244 -0.00296011 -0.00866892 0.999958 -0.868153 0 0 0 1 
1807261650222;1.09618;0.446864;0.999967 0.00389205 0.00719835 -0.0154758 -0.00411782 0.999491 0.0316208 -0.339162 -0.00707162 -0.0316494 0.999474 -0.959649 0 0 0 1 
1807261650223;0.826304;0.677942;0.999455 -0.0310508 0.0111968 -0.160121 0.0306327 0.998891 0.0357598 -0.150585 -0.0122947 -0.0353974 0.999298 -0.379733 0 0 0 1 
1807261650224;0.375842;0.195789;0.997547 0.00979067 -0.0693175 0.0217848 0.0102212 0.959191 0.282573 -0.216581 0.0692553 -0.282588 0.956738 -1.10036 0 0 0 1 
1807261650225;0.55112;0.742797;0.996448 -0.0776724 -0.0325467 -0.611185 0.0729955 0.989319 -0.126173 -0.751416 0.0419993 0.123349 0.991474 0.520166 0 0 0 1 
1807261650226;0.761509;0.695749;0.998342 -0.0529146 -0.0226368 -0.256409 0.0526204 0.998525 -0.0134004 -0.150376 0.0233125 0.0121871 0.999654 0.432907 0 0 0 1 
1807261650227;0.75985;0.735303;0.999669 0.00573914 -0.0250807 0.0153256 -0.004928 0.999467 0.0322842 0.00369333 0.0252526 -0.03215 0.999164 -0.267926 0 0 0 1 
1807261650228;0.464961;0.393982;0.999109 -0.000245426 -0.0422088 0.0037646 0.00318181 0.997576 0.0695149 -0.0621161 0.0420894 -0.0695872 0.996688 -0.437879 0 0 0 1 
1807261650229;0.961907;0.386453;0.975232 0.0367697 0.218109 0.0965796 -0.0859593 0.971579 0.220558 0.155185 -0.2038 -0.233843 0.950675 0.244733 0 0 0 1 
1807261650230;1.24871;0.446426;0.95788 -0.0996355 -0.269331 -0.186843 0.12045 0.990791 0.0618533 -0.594506 0.260688 -0.0916891 0.961059 -1.60268 0 0 0 1 
1807261650231;0.35278;0.25662;0.978885 -0.0584978 -0.195864 -0.163829 0.0215688 0.982387 -0.185609 -0.193302 0.203272 0.177465 0.962905 0.184604 0 0 0 1 
1807261650232;0.725754;0.656815;0.975119 -0.00490822 -0.221626 -0.0087455 0.0407768 0.986667 0.15756 -0.208685 0.217898 -0.162677 0.962318 -0.745287 0 0 0 1 
1807261650233;0.807473;0.798987;0.995626 0.00291197 0.0933861 -0.0183447 -0.00988892 0.997184 0.0743355 0.00265238 -0.0929067 -0.0749338 0.992851 -0.181364 0 0 0 1 
1807261650234;0.330571;0.0764725;0.997673 -0.0572614 -0.0370063 -0.218059 0.0562398 0.998022 -0.0280834 -0.121318 0.0385412 0.0259368 0.99892 0.292256 0 0 0 1 
1807261650235;0.476097;0.238726;0.996101 0.0542832 -0.0695383 0.0181243 -0.0397844 0.979976 0.195099 -0.290574 0.0787365 -0.191572 0.978315 -0.243323 0 0 0 1 
1807261650236;0.451212;0.46013;0.913274 -0.062248 -0.402561 -0.160604 0.0245874 0.994877 -0.0980574 -0.199951 0.406602 0.0796554 0.910126 -0.0593285 0 0 0 1 
1807261650237;0.797582;0.363233;0.949077 -0.0288505 0.313719 -0.333842 -0.025107 0.985704 0.166603 -0.428675 -0.314041 -0.165996 0.934785 -0.656546 0 0 0 1 
1807261650238;1.08583;0.969732;0.995228 -0.0648641 -0.0728998 -0.557175 0.0645131 0.997891 -0.00716158 -0.671491 0.0732106 0.00242441 0.997314 0.797154 0 0 0 1 
1807261650239;1.02135;0.833724;0.967609 0.139996 0.210081 0.0174409 -0.10388 0.979235 -0.17409 -0.260191 -0.230091 0.146628 0.962059 0.0577516 0 0 0 1 
1807261650240;0.859825;0.269843;0.99917 -0.039993 0.007704 -0.249805 0.0399649 0.999194 0.00376921 -0.0311997 -0.00784853 -0.00345819 0.999963 0.702477 0 0 0 1 
1807261650241;0.991567;0.89704;0.996149 -0.0427552 0.0765458 -0.124784 0.0183486 0.955369 0.294844 -0.271212 -0.0857356 -0.292304 0.952474 -0.592595 0 0 0 1 
1807261650242;0.558163;0.418393;0.981329 0.0320739 -0.189643 0.165701 -0.0119279 0.994248 0.106433 -0.05326 0.191966 -0.102183 0.976067 -0.810807 0 0 0 1 
1807261650243;0.371812;0.375143;0.989805 0.101032 0.100392 0.134162 -0.134776 0.892336 0.430781 -0.378156 -0.0460611 -0.43992 0.896855 -1.13958 0 0 0 1 
1807261650244;0.711238;0.0832443;0.991651 -0.125875 -0.0279944 -0.465971 0.120209 0.98095 -0.152602 -0.452086 0.0466699 0.147963 0.987891 -0.199449 0 0 0 1 
1807261650245;0.732714;0.50372;0.990797 -0.0312567 -0.131699 -0.0408041 0.000983811 0.97461 -0.223907 0.000220103 0.135354 0.221716 0.965671 0.150288 0 0 0 1 
1807261650246;1.2033;0.746721;0.985275 -0.10972 0.131125 -0.434807 0.0986278 0.991199 0.0883061 -0.398673 -0.13966 -0.0740733 0.987425 0.929561 0 0 0 1 
1807261650248;0.419559;0.529415;0.998396 -0.0564741 -0.00411212 -0.657678 0.0563464 0.998062 -0.0264208 -0.550362 0.00559624 0.0261467 0.999642 0.106094 0 0 0 1 
1807261650249;0.496114;0.413869;0.996527 0.0604595 -0.0572556 -0.360932 -0.0668861 0.990766 -0.117938 -0.602091 0.0495964 0.121358 0.991369 0.699248 0 0 0 1 
1807261650250;0.34812;0.458476;0.995773 0.0117865 -0.0910887 -0.225711 -0.0247482 0.989484 -0.14251 -0.245047 0.0884511 0.144162 0.985593 0.792105 0 0 0 1 
1807261650251;0.451728;0.53136;0.960366 0.264594 -0.0876769 0.353914 -0.272494 0.957412 -0.0954448 -0.211247 0.0586887 0.115553 0.991566 0.668388 0 0 0 1 
1807261650252;0.33029;0.407297;0.887363 -0.260536 -0.380406 -1.4387 0.173909 0.953234 -0.247186 -0.272078 0.427017 0.153187 0.891174 0.798339 0 0 0 1 
1807261650253;0.249687;0.503444;0.996034 -0.0879309 0.0135885 -0.994587 0.0881543 0.995965 -0.0168281 -0.118911 -0.0120539 0.0179592 0.999766 -0.249317 0 0 0 1 
1807261650254;0.24129;0.455019;0.994589 0.0994009 0.0302102 -0.280516 -0.0921525 0.978362 -0.185243 -0.0834568 -0.0479699 0.181457 0.982228 0.795782 0 0 0 1 
1807261650255;0.565737;0.322615;0.963053 0.10451 0.248206 -0.0756304 0.000377907 0.921108 -0.389308 -0.566256 -0.269311 0.375018 0.887036 2.07561 0 0 0 1 
1807261650256;0.73595;0.415529;0.907721 0.154462 0.390108 -0.055985 -0.210581 0.971903 0.105168 0.0436836 -0.362903 -0.177613 0.914743 -1.39112 0 0 0 1 
1807261650257;0.0754684;0.467634;0.999695 -0.0133276 -0.0207877 -0.614416 0.0134687 0.999887 0.00666213 -0.0881101 0.0206966 -0.00694008 0.999762 -0.0714768 0 0 0 1 
1807261650258;0.796962;0.928486;0.970496 -0.238558 -0.0350459 -1.80139 0.23985 0.970029 0.0389393 0.162645 0.0247063 -0.0461962 0.998627 0.0110916 0 0 0 1 
1807261650259;0.200045;0.415714;0.997944 -0.0640745 0.00118249 -0.698898 0.0640498 0.997835 0.0149339 0.0989287 -0.00213681 -0.0148275 0.999888 0.00362412 0 0 0 1 
1807261650260;0.602384;0.500066;0.969039 -0.138442 -0.204446 -1.24708 0.190582 0.945827 0.262848 -0.225261 0.156981 -0.293674 0.942928 -0.552568 0 0 0 1 
