#;prob_registration_l1 -r /home/probabilistic_point_clouds_registration/build/tester /home/point_clouds_registration_benchmark//devel/registration_pairs/pioneer_slam3_local.txt /home/point_clouds_registration_benchmark//tum/pioneer_slam3 -s 0.1 -t 0.1 -p 0.3 -r 1000 -m 10 -i 40 
id;initial_error;final_error;transformation
39885980090000;0.518509;0.150121;0.994696 0.0267626 -0.0993181 0.030675 -0.01346 0.991123 0.132267 0.00471971 0.101976 -0.130228 0.986226 -0.413699 0 0 0 1 
39885980090001;1.1366;0.996308;0.998347 0.00254706 -0.0574231 -0.010059 -0.000503514 0.999367 0.0355739 -0.111224 0.0574774 -0.0354862 0.997716 0.255903 0 0 0 1 
39885980090002;0.639436;0.622984;0.999798 0.0072086 0.0187407 -0.00228987 -0.00329502 0.979584 -0.201011 0.0190621 -0.0198071 0.200908 0.97941 -0.114508 0 0 0 1 
39885980090003;0.346141;0.088735;0.955923 -0.0669757 -0.285876 0.175747 -0.0218697 0.954691 -0.296796 0.0985516 0.292801 0.289966 0.911146 -0.832228 0 0 0 1 
39885980090004;1.0895;0.805245;0.969556 -0.0260985 -0.243476 0.206195 -0.0278051 0.976139 -0.215358 0.340931 0.243287 0.215571 0.945696 -1.10094 0 0 0 1 
39885980090005;0.90722;0.766692;0.999891 -0.00342213 -0.0143652 0.0303002 0.00241472 0.997574 -0.069569 0.0267083 0.0145684 0.0695268 0.997474 -0.432986 0 0 0 1 
39885980090006;0.367469;0.0793499;0.979037 -0.0259476 -0.202022 0.0504087 -0.0206504 0.974096 -0.225188 0.0725567 0.202632 0.224639 0.953141 -0.979863 0 0 0 1 
39885980090007;0.500039;0.383317;0.999868 -0.0159864 -0.0029187 0.0110056 0.0141215 0.943611 -0.330754 0.0218293 0.0080417 0.330669 0.943712 -0.357258 0 0 0 1 
39885980090008;1.30544;0.971441;0.985897 -0.00353186 -0.167318 0.123206 -0.00788466 0.997687 -0.0675189 0.0811763 0.16717 0.0678859 0.983588 -1.05816 0 0 0 1 
39885980090009;1.07285;1.03714;0.999603 -0.00316762 -0.0279948 -0.0138534 0.00303722 0.999984 -0.00469919 -0.0210658 0.0280092 0.0046123 0.999597 -0.016609 0 0 0 1 
39885980090010;0.993349;0.836281;0.999786 0.0193326 -0.00737061 -0.0139591 -0.0197353 0.998053 -0.0591712 0.0541693 0.00621232 0.059304 0.998221 0.306703 0 0 0 1 
39885980090011;1.19076;0.805149;0.997786 0.000440543 0.0664998 -0.142084 0.0164177 0.967394 -0.252745 0.156543 -0.0644429 0.253278 0.965245 -0.588433 0 0 0 1 
39885980090012;1.08018;0.587711;0.997174 -0.0219985 -0.0718402 0.164188 0.0130478 0.99235 -0.122763 -0.195516 0.0739913 0.121478 0.989832 -0.946481 0 0 0 1 
39885980090013;0.734434;0.293178;0.999596 0.00160791 -0.0283767 -0.0226492 -0.00811442 0.97299 -0.230706 -0.00829762 0.0272393 0.230843 0.97261 0.146719 0 0 0 1 
39885980090014;1.32795;0.890966;0.926922 0.0514939 -0.371703 0.2783 0.0240062 0.980374 0.195681 -0.0162032 0.374484 -0.190304 0.907494 -1.14507 0 0 0 1 
39885980090015;0.724355;0.0810687;0.999748 -0.00245499 0.0223195 0.0461659 0.00236518 0.999989 0.00404944 0.0122094 -0.0223292 -0.00399563 0.999743 -0.492587 0 0 0 1 
39885980090016;0.348273;0.0151993;0.980736 0.0132887 -0.194885 0.0726826 0.0289999 0.976722 0.212539 -0.0258672 0.193173 -0.214096 0.957521 -0.380003 0 0 0 1 
39885980090017;0.847163;0.562917;0.997688 -0.0218645 -0.0643483 0.076902 0.00818775 0.978608 -0.205569 0.129371 0.0674665 0.204567 0.976525 -0.839908 0 0 0 1 
39885980090018;0.98085;0.629823;0.987604 0.0167016 -0.156074 -0.0604714 -0.0427896 0.98531 -0.165325 0.127042 0.15102 0.169954 0.973811 -0.0117198 0 0 0 1 
39885980090019;1.01873;0.398522;0.998279 0.0382643 0.0444458 -0.145728 -0.0406439 0.997717 0.0539294 -0.109387 -0.0422808 -0.055643 0.997555 0.799136 0 0 0 1 
39885980090020;0.349842;0.190044;0.978089 0.0959677 0.18475 -0.111158 -0.0657672 0.984404 -0.163166 0.245447 -0.197527 0.14744 0.969146 0.354802 0 0 0 1 
39885980090021;0.142777;0.0468242;0.977857 -0.0153515 -0.208712 0.0574997 -0.00393935 0.995779 -0.0916998 0.0260691 0.209239 0.0904914 0.973669 -0.543796 0 0 0 1 
39885980090022;0.343863;0.182858;0.990638 0.01933 0.13514 -0.00647755 -0.0149702 0.999336 -0.0332035 0.0284252 -0.135692 0.0308695 0.99027 0.476764 0 0 0 1 
39885980090023;0.973502;0.916808;0.94987 0.0194704 -0.312038 0.118152 0.0428108 0.980558 0.191504 -0.0765881 0.3097 -0.195262 0.930569 -0.557149 0 0 0 1 
39885980090024;1.13358;0.101172;0.998767 0.039598 0.0299266 -0.0931167 -0.0381217 0.998101 -0.0483853 -0.0177264 -0.0317858 0.0471848 0.99838 -0.841094 0 0 0 1 
39885980090025;0.64818;0.470052;0.999482 -0.0207011 -0.0246483 0.00565875 0.0190066 0.997565 -0.0671003 -0.100306 0.0259773 0.0665971 0.997442 0.0984692 0 0 0 1 
39885980090026;1.25567;0.28175;0.991742 -0.0542559 0.116206 0.119241 0.0365459 0.988095 0.14944 -0.0693864 -0.122931 -0.143959 0.981918 1.41228 0 0 0 1 
39885980090027;0.709211;0.276747;0.998658 0.0368974 0.0363515 -0.037875 -0.0366491 0.9993 -0.00747263 0.237962 -0.0366017 0.00613035 0.999311 0.50436 0 0 0 1 
39885980090028;1.02062;0.690857;0.999956 0.002367 0.00907713 0.0125049 -0.00238798 0.999995 0.00230146 0.0379522 -0.00907163 -0.00232303 0.999956 0.57346 0 0 0 1 
39885980090029;0.737875;0.444664;0.993178 0.00414345 -0.116533 -0.0254701 0.0167508 0.983934 0.177747 -0.137925 0.115397 -0.178487 0.977152 0.427896 0 0 0 1 
39885980090031;0.500388;0.193217;0.964752 0.0513295 -0.258106 0.375579 -0.0170905 0.990943 0.133187 0.228729 0.262605 -0.124082 0.956892 -1.53614 0 0 0 1 
39885980090032;0.490152;0.590641;0.94737 -0.307394 -0.0894396 0.0955842 0.310903 0.950028 0.0280346 -0.462179 0.0763525 -0.0543661 0.995598 -0.330716 0 0 0 1 
39885980090033;0.259006;0.424583;0.963097 -0.15779 -0.21805 0.310897 0.170884 0.984377 0.0424334 -0.00443504 0.207948 -0.0781287 0.975015 -0.774155 0 0 0 1 
39885980090034;0.13399;0.330169;0.998026 -0.022654 -0.0585706 0.233859 0.0192952 0.998171 -0.0572897 0.218397 0.0597613 0.0560465 0.996638 -0.19641 0 0 0 1 
39885980090035;0.310003;0.222274;0.993566 0.0498256 -0.101709 0.445053 -0.0747414 0.963174 -0.258283 0.372336 0.0850945 0.264223 0.9607 0.233027 0 0 0 1 
39885980090036;0.791909;0.238497;0.904632 0.0556797 -0.42254 1.4908 0.040608 0.975658 0.215505 -0.21507 0.424254 -0.212112 0.880351 -1.97307 0 0 0 1 
39885980090037;0.326129;0.396167;0.999425 0.0286857 0.0180658 0.148932 -0.0280452 0.999002 -0.034758 0.258802 -0.0190449 0.0342314 0.999232 0.325619 0 0 0 1 
39885980090038;0.582863;0.567441;0.999719 0.0236881 -0.000386229 0.044606 -0.0236849 0.998937 -0.0395565 0.0346284 -0.000551202 0.0395545 0.999217 -0.0664876 0 0 0 1 
39885980090039;0.172583;0.270159;0.999379 -0.027049 -0.0225892 0.0392673 0.0259647 0.998558 -0.0469853 0.222501 0.0238276 0.0463696 0.99864 0.134572 0 0 0 1 
39885980090040;0.259945;0.219543;0.995825 -0.0239473 0.0880897 0.199563 0.00630934 0.980726 0.195287 0.381398 -0.0910684 -0.193916 0.976782 -0.114496 0 0 0 1 
39885980090041;0.477445;0.506416;0.991774 -0.111244 0.0633128 0.0334975 0.109997 0.993669 0.0228536 -0.20297 -0.0654543 -0.0157014 0.997732 -0.133056 0 0 0 1 
39885980090042;0.418217;0.269312;0.99189 0.127084 0.00184249 0.544447 -0.127014 0.991662 -0.0217804 0.747208 -0.00459506 0.0213697 0.999761 0.305598 0 0 0 1 
39885980090043;0.341309;0.404665;0.990362 -0.0945111 -0.10125 0.20828 0.117881 0.95895 0.257914 -0.196195 0.0727181 -0.267364 0.960848 -0.716383 0 0 0 1 
39885980090044;0.352045;0.31045;0.935025 -0.130151 0.329831 0.0176495 0.0649704 0.977337 0.201473 0.0203307 -0.348578 -0.166953 0.92229 0.461799 0 0 0 1 
39885980090045;0.207777;0.360376;0.980809 -0.0731784 0.180716 0.127646 0.0746606 0.997208 -0.00140403 0.143852 -0.180109 0.0148695 0.983534 0.533751 0 0 0 1 
39885980090046;0.379302;0.358585;0.952345 0.00588119 0.304967 0.337233 0.0662828 0.971932 -0.22573 0.0591803 -0.297735 0.235187 0.925225 0.996179 0 0 0 1 
39885980090047;0.227046;0.223275;0.968538 0.0606536 0.241361 0.358201 -0.0769139 0.995319 0.0585199 0.346526 -0.236682 -0.0752428 0.968669 0.255042 0 0 0 1 
39885980090048;0.266999;0.182487;0.98987 0.0297719 0.138819 0.36204 -0.00275568 0.981611 -0.190872 0.201934 -0.141949 0.188556 0.97175 0.976597 0 0 0 1 
39885980090049;0.523967;0.223629;0.94738 0.0144429 0.319785 0.594525 -0.0924085 0.968791 0.23001 0.372851 -0.306483 -0.247458 0.919148 1.00837 0 0 0 1 
39885980090050;0.207409;0.369648;0.999745 -0.0110863 -0.019673 0.249465 0.0111881 0.999925 0.005074 0.0996504 0.0196152 -0.00529281 0.999794 -0.0396652 0 0 0 1 
39885980090051;0.499446;0.214246;0.990703 0.0958209 0.0965672 0.703876 -0.0800367 0.984538 -0.155817 0.636147 -0.110005 0.146639 0.983054 -0.0228185 0 0 0 1 
39885980090052;0.316512;0.33019;0.988952 0.0665046 0.132482 0.317772 -0.0431212 0.98413 -0.172131 0.483945 -0.141827 0.164517 0.976125 0.394655 0 0 0 1 
39885980090053;0.450592;0.288264;0.998044 -0.0584074 0.0222968 0.0881522 0.0596296 0.996488 -0.0587828 0.311599 -0.0187852 0.0599974 0.998022 -0.476592 0 0 0 1 
39885980090054;0.48513;0.468013;0.982513 -0.1851 -0.0201495 0.0538642 0.178644 0.906636 0.382226 -0.289175 -0.0524818 -0.379141 0.923849 -0.639897 0 0 0 1 
39885980090055;0.127893;0.346106;0.996238 -0.0653488 -0.0569209 0.278845 0.0616799 0.996043 -0.0639898 0.20691 0.0608773 0.0602381 0.996326 0.00839167 0 0 0 1 
39885980090056;0.526201;0.473729;0.971742 -0.236009 -0.00416264 0.239865 0.233737 0.959626 0.156474 -0.0667811 -0.0329347 -0.153025 0.987673 0.374927 0 0 0 1 
39885980090057;0.593626;0.308115;0.975882 0.0505215 -0.212372 1.00033 0.0283566 0.935271 0.352796 0.0647183 0.216449 -0.350309 0.911281 -0.778178 0 0 0 1 
39885980090058;0.12749;0.194904;0.983907 0.0375749 -0.174688 0.275374 -0.0452057 0.99818 -0.0399094 0.333288 0.17287 0.047164 0.983815 -0.363457 0 0 0 1 
39885980090059;0.597495;0.318551;0.936106 -0.111825 -0.333469 0.141844 0.0332908 0.972025 -0.232504 0.0153363 0.35014 0.206547 0.913641 0.236239 0 0 0 1 
39885980090060;0.466612;0.343928;0.983237 -0.182247 -0.00565997 0.0285778 0.176907 0.961029 -0.212434 0.0515476 0.0441547 0.207871 0.977159 0.723768 0 0 0 1 
39885980090062;0.722072;0.660318;0.988336 0.0139068 -0.151654 -0.0157061 -0.00884377 0.999382 0.0340091 0.0522426 0.152033 -0.0322712 0.987848 -0.289685 0 0 0 1 
39885980090063;0.21414;0.0551969;0.998196 0.0309162 0.051476 -0.0274159 -0.0079965 0.918075 -0.396326 0.150567 -0.0595117 0.395199 0.916666 -0.334166 0 0 0 1 
39885980090064;0.937509;0.67843;0.999604 0.00319745 0.0279459 -0.0268397 0.0022227 0.981432 -0.191796 0.0160783 -0.0280403 0.191782 0.981037 -0.690744 0 0 0 1 
39885980090065;0.614008;0.326446;0.942354 0.12555 0.310171 -0.139214 -0.0315522 0.956152 -0.291168 0.268534 -0.333127 0.264597 0.904995 0.460732 0 0 0 1 
39885980090066;0.857809;0.363481;0.998934 0.0128599 0.044326 0.0131331 -0.00861912 0.995481 -0.0945683 -0.0433831 -0.0453418 0.0940855 0.994531 0.601516 0 0 0 1 
39885980090067;0.711929;0.67961;0.99354 -0.00636353 -0.113307 0.0459056 -0.00871969 0.991195 -0.132126 0.0261268 0.113151 0.13226 0.984736 -0.586623 0 0 0 1 
39885980090068;0.589386;0.145612;0.999993 0.00357694 0.00110957 0.00720321 -0.00358156 0.999985 0.00418629 0.0363566 -0.00109458 -0.00419024 0.999991 0.486081 0 0 0 1 
39885980090069;0.410197;0.191749;0.998828 0.00381053 -0.0482583 0.0541567 -0.00303598 0.999866 0.0161132 0.00837581 0.0483132 -0.0159478 0.998705 -0.372432 0 0 0 1 
39885980090070;0.483885;0.216433;0.934989 0.0827682 0.344885 -0.0320703 -0.0938049 0.995471 0.0154054 0.223769 -0.342048 -0.0467558 0.938518 1.12318 0 0 0 1 
39885980090071;0.64931;0.602413;0.97679 -0.0613006 -0.205239 0.071335 -0.0122476 0.940622 -0.339234 0.0946396 0.213848 0.333874 0.91804 -0.825883 0 0 0 1 
39885980090072;0.398606;0.351264;0.999226 -0.018364 0.0347975 0.00986261 0.0103847 0.97613 0.216939 -0.0427867 -0.0379507 -0.21641 0.975565 0.374058 0 0 0 1 
39885980090073;0.928997;0.709475;0.954861 0.0922818 -0.282355 0.0474953 -0.0855326 0.995679 0.0361647 0.340917 0.284472 -0.0103818 0.958628 -0.432902 0 0 0 1 
39885980090074;0.42064;0.257945;0.912477 0.0163725 0.4088 0.135114 0.0184339 0.996539 -0.0810577 -0.0440312 -0.408712 0.0814991 0.909017 1.05593 0 0 0 1 
39885980090075;0.428471;0.142518;0.941386 0.0943721 0.323861 -0.0365388 -0.150301 0.976848 0.15224 0.511484 -0.301995 -0.191993 0.933776 1.18013 0 0 0 1 
39885980090076;0.878954;0.694884;0.993768 0.00316289 0.111421 0.0336619 -0.00317701 0.999995 -5.07615e-05 0.00575822 -0.11142 -0.00030354 0.993773 0.693723 0 0 0 1 
39885980090077;0.395145;0.413955;0.999685 0.0247825 0.00407119 -0.0469244 -0.0234375 0.97883 -0.203329 -0.0210255 -0.00902402 0.20317 0.979102 -0.211031 0 0 0 1 
39885980090078;1.1758;0.188549;0.998522 -0.0482063 0.0250885 -0.0124207 0.0493632 0.997639 -0.0477416 -0.209337 -0.0227278 0.0489095 0.998545 -0.97166 0 0 0 1 
39885980090079;1.02505;0.817593;0.964403 -0.0303135 -0.262693 -0.0182742 -0.0401099 0.965145 -0.258625 0.0570011 0.261377 0.259955 0.929573 -0.504297 0 0 0 1 
39885980090080;0.475546;0.0942505;0.999939 -0.0107901 -0.00223646 0.0530352 0.010747 0.999772 -0.0184646 -0.0312802 0.00243518 0.0184395 0.999827 -0.404973 0 0 0 1 
39885980090081;0.321616;0.0684618;0.945719 -0.00070205 0.324985 0.170517 0.0083175 0.999722 -0.0220446 -0.0206024 -0.32488 0.023551 0.945462 0.949062 0 0 0 1 
39885980090082;1.0641;0.388637;0.972404 0.0447222 0.228978 -0.317803 -0.0518851 0.998331 0.0253551 0.0962371 -0.227462 -0.0365359 0.973101 -0.0282868 0 0 0 1 
39885980090083;0.893927;0.26843;0.947661 0.0141798 0.318963 -0.12594 -0.120641 0.940853 0.316608 0.0851998 -0.295608 -0.338517 0.893321 0.76491 0 0 0 1 
39885980090084;0.543877;0.470392;0.995959 -0.0192599 -0.0877192 0.0470087 0.00505724 0.987212 -0.159335 -0.135086 0.0896662 0.158248 0.98332 -0.349832 0 0 0 1 
39885980090085;0.738131;0.643253;0.8797 0.0752089 0.469544 0.0672618 -0.0956375 0.99522 0.01977 0.127724 -0.465813 -0.0622977 0.882688 0.983587 0 0 0 1 
39885980090086;0.60161;0.0543751;0.99973 0.0221397 0.00710662 -0.0100193 -0.0224149 0.998895 0.0413172 0.0703429 -0.00618402 -0.0414653 0.999121 0.581674 0 0 0 1 
39885980090087;0.217577;0.15081;0.999578 0.00131348 -0.029022 -0.0115475 -0.000645644 0.999735 0.0230087 -0.081184 0.0290445 -0.0229803 0.999314 -0.117825 0 0 0 1 
39885980090088;0.201974;0.118836;0.999093 -0.0105479 0.0412457 0.00691288 0.019555 0.974272 -0.224527 0.0324776 -0.0378162 0.22513 0.973595 -0.238893 0 0 0 1 
39885980090089;0.645809;0.256091;0.913978 0.0210685 -0.405217 0.300191 0.0164952 0.995896 0.0889851 -0.1449 0.405429 -0.0880145 0.90988 -1.32114 0 0 0 1 
39885980090090;0.450371;0.293035;0.962545 0.0501279 0.266446 -0.0029327 -0.0654284 0.996661 0.0488554 0.164899 -0.263107 -0.0644587 0.962611 0.943027 0 0 0 1 
39885980090091;0.498519;0.232393;0.996985 0.0087007 -0.0771046 -0.0191463 -0.000801878 0.994796 0.101887 -0.0684377 0.0775899 -0.101518 0.991803 0.313106 0 0 0 1 
39885980090093;0.227552;0.138437;0.980909 -0.00821913 0.194294 -0.0603331 -0.00222433 0.998567 0.0534716 0.12612 -0.194455 -0.0528829 0.979485 0.472222 0 0 0 1 
39885980090094;0.336698;0.343927;0.983671 -0.119112 0.134923 0.464507 0.122796 0.992244 -0.0192914 0.0978419 -0.131579 0.0355444 0.990668 -0.0924537 0 0 0 1 
39885980090095;0.148785;0.181482;0.986924 0.0107594 -0.160827 -0.0843621 -0.0184285 0.998759 -0.04627 0.198412 0.160129 0.0486287 0.985897 -0.144674 0 0 0 1 
39885980090096;0.662123;0.422003;0.973077 0.109033 -0.203057 -0.209204 -0.0478443 0.957392 0.284802 0.107534 0.225458 -0.267419 0.936833 0.183283 0 0 0 1 
39885980090097;0.657715;0.447672;0.970555 0.0524046 0.235111 -0.319631 -0.0615853 0.997593 0.031872 -0.330176 -0.232875 -0.0454129 0.971446 0.147187 0 0 0 1 
39885980090098;0.630821;0.270855;0.999052 0.0412995 -0.0137877 -0.331428 -0.0435392 0.949795 -0.309828 0.0603498 0.000299695 0.310135 0.950693 -0.281746 0 0 0 1 
39885980090099;0.628543;0.458848;0.957118 0.0379226 0.287207 -0.101347 -0.0386289 0.999248 -0.00320917 0.735714 -0.287113 -0.00802294 0.957863 0.70333 0 0 0 1 
39885980090100;0.425699;0.291335;0.960236 0.226777 0.162846 -1.13188 -0.199796 0.96558 -0.166542 0.562426 -0.195009 0.127383 0.972494 -0.543496 0 0 0 1 
39885980090101;0.696606;0.505916;0.999711 0.00878797 -0.0223884 -0.0546395 -0.00403403 0.978937 0.204123 -0.0521259 0.0237107 -0.203974 0.978689 1.13114 0 0 0 1 
39885980090102;0.122477;0.0590976;0.999842 0.0173391 0.00383317 -0.134797 -0.0173956 0.999733 0.0152325 0.0701759 -0.00356802 -0.0152968 0.999877 0.120369 0 0 0 1 
39885980090103;0.717527;0.458195;0.964445 0.16747 0.204448 -0.924616 -0.155916 0.98518 -0.0714884 0.308625 -0.21339 0.03707 0.976264 0.194873 0 0 0 1 
39885980090104;0.685443;0.52537;0.999641 -0.0233869 -0.0130883 0.195414 0.0235161 0.999675 0.0098039 -0.177158 0.0128547 -0.0101082 0.999866 -0.239173 0 0 0 1 
39885980090105;0.47354;0.436874;0.999823 -0.0115898 0.0148535 0.052692 0.0112996 0.999746 0.0194755 -0.0527258 -0.0150754 -0.0193042 0.9997 0.0990691 0 0 0 1 
39885980090106;0.459683;0.177861;0.954477 0.162029 -0.250441 -0.558669 -0.133371 0.982823 0.127558 0.284794 0.266807 -0.0883493 0.959692 -0.412341 0 0 0 1 
39885980090107;0.891834;0.84572;0.978445 -0.186504 0.0886665 0.658558 0.184694 0.982389 0.0282681 -0.0522115 -0.0923772 -0.0112826 0.99566 0.191757 0 0 0 1 
39885980090108;0.424446;0.242143;0.897041 -0.179299 0.403943 0.425071 0.145085 0.982823 0.114055 0.193408 -0.417454 -0.0437056 0.907646 0.414429 0 0 0 1 
39885980090109;0.495711;0.195954;0.961274 0.275494 -0.00740313 -1.27716 -0.27492 0.960457 0.044067 0.718251 0.0192506 -0.0403252 0.999001 0.346369 0 0 0 1 
39885980090110;0.968235;0.655544;0.989608 -0.0398762 0.138153 0.202125 0.00697817 0.972965 0.230849 -0.217549 -0.143623 -0.227486 0.963132 1.87055 0 0 0 1 
39885980090111;0.425117;0.139706;0.998574 0.0491416 0.0208391 -0.356753 -0.0497731 0.998281 0.0309525 0.241722 -0.0192823 -0.0319456 0.999304 0.665831 0 0 0 1 
39885980090112;0.465914;0.266659;0.994124 0.105235 0.0253587 -0.454492 -0.094223 0.95657 -0.275856 0.444813 -0.0532871 0.271846 0.960864 -0.971122 0 0 0 1 
39885980090113;0.34947;0.107423;0.994062 0.104131 0.0315949 -0.563349 -0.108523 0.927273 0.358311 0.511063 0.008014 -0.359612 0.933068 1.5199 0 0 0 1 
39885980090114;0.0961654;0.0496552;0.997412 0.0511885 -0.050486 -0.255865 -0.0507318 0.998659 0.0102881 0.0801171 0.050945 -0.00770024 0.998672 -0.114476 0 0 0 1 
39885980090115;0.726185;0.339128;0.984449 -0.091214 -0.150134 0.193809 0.086669 0.995566 -0.0365568 0.313613 0.152803 0.0229764 0.98799 0.744524 0 0 0 1 
39885980090116;0.788969;0.853334;0.998603 -0.0371033 -0.0376305 0.0964839 0.0357527 0.998714 -0.0359508 0.831372 0.038916 0.0345552 0.998645 0.634472 0 0 0 1 
39885980090117;0.478045;0.228014;0.995304 0.0538612 0.0804321 -0.354313 -0.0556845 0.998236 0.0205992 0.238682 -0.0791807 -0.0249813 0.996547 0.74349 0 0 0 1 
39885980090118;0.326438;0.363615;0.995325 -0.0936575 0.023571 0.335707 0.0930484 0.995329 0.0257331 0.252584 -0.025871 -0.0234196 0.999391 0.309994 0 0 0 1 
39885980090119;0.735474;0.369175;0.981845 -0.0970496 0.16298 0.364815 0.102516 0.994406 -0.0254494 0.0669665 -0.159598 0.0416953 0.986301 0.817653 0 0 0 1 
39885980090120;0.723848;0.15104;0.992927 -0.0107958 0.118233 -0.0773819 0.0204511 0.996524 -0.0807581 0.592404 -0.11695 0.0826049 0.989697 0.5495 0 0 0 1 
39885980090121;0.394688;0.313065;0.998116 0.0576598 -0.0209796 -0.309773 -0.0600038 0.988695 -0.137411 -0.0741853 0.0128193 0.138411 0.990292 -0.209363 0 0 0 1 
39885980090122;0.722168;0.309403;0.986335 0.15906 0.0429243 -0.842541 -0.158362 0.987194 -0.019212 0.235929 -0.0454305 0.0121519 0.998894 0.915726 0 0 0 1 
39885980090124;0.340489;0.00915708;0.995973 0.0895682 0.00397413 0.24892 -0.0895421 0.995963 -0.00632284 -0.640621 -0.00452442 0.00594153 0.999972 -0.347015 0 0 0 1 
39885980090125;0.370091;0.107422;0.962436 0.0279846 0.270064 -0.145258 -0.0589007 0.992506 0.107061 -0.311258 -0.265044 -0.118946 0.956872 -1.07818 0 0 0 1 
39885980090126;0.34208;0.108398;0.938917 0.244508 0.242181 0.762405 -0.253344 0.96736 0.00553916 -0.519224 -0.232922 -0.0665558 0.970215 -0.540025 0 0 0 1 
39885980090127;0.0863411;0.0379667;0.995801 -0.0252492 -0.0879971 -0.0809608 0.0300789 0.998088 0.0539985 0.0172705 0.0864654 -0.0564186 0.994656 -0.0128351 0 0 0 1 
39885980090128;0.358883;0.0618011;0.98396 0.165004 0.0677906 0.711236 -0.1684 0.984558 0.0478292 0.0115192 -0.0588517 -0.0584779 0.996552 0.229874 0 0 0 1 
39885980090129;0.382249;0.162462;0.97099 0.23894 0.00923108 0.873439 -0.238924 0.971034 -0.00286893 -0.486053 -0.0096492 0.000580179 0.999953 -0.0294082 0 0 0 1 
39885980090130;0.323168;0.0704618;0.982027 0.163291 -0.094651 0.754105 -0.174252 0.977082 -0.122257 -0.0491105 0.0725183 0.136553 0.987975 0.289008 0 0 0 1 
39885980090131;0.505537;0.139967;0.999856 -0.00296736 -0.0166948 -0.34362 0.00202911 0.998432 -0.0559386 -0.661301 0.0168346 0.0558967 0.998295 -0.214246 0 0 0 1 
39885980090132;0.44134;0.364157;0.999368 -0.0115064 -0.0336283 -0.0747046 0.00795717 0.994563 -0.103832 0.113321 0.0346402 0.103499 0.994026 0.795898 0 0 0 1 
39885980090133;0.275576;0.156083;0.999505 -0.0285146 -0.0132805 -0.296447 0.0285224 0.999593 0.0003982 -0.103665 0.0132637 -0.000776794 0.999912 -0.136549 0 0 0 1 
39885980090134;0.264805;0.0637405;0.988742 -0.0908666 0.118881 -0.342007 0.118209 0.961452 -0.248268 0.0561036 -0.0917389 0.259526 0.961369 0.976121 0 0 0 1 
39885980090135;0.321182;0.258795;0.991451 0.124505 0.0390245 0.505203 -0.118326 0.984001 -0.133195 -0.0956007 -0.0549836 0.127439 0.990321 0.697606 0 0 0 1 
39885980090136;0.536598;0.0263526;0.992053 0.0510287 -0.115012 -0.214232 -0.0661428 0.989082 -0.131687 0.114197 0.107037 0.138248 0.984597 1.5122 0 0 0 1 
39885980090137;0.239766;0.0261214;0.998938 0.0326731 0.0324822 -0.0724191 -0.0343469 0.998036 0.0523831 0.0472075 -0.0307069 -0.0534432 0.998099 -0.638582 0 0 0 1 
39885980090138;0.366462;0.0670061;0.949938 -0.293612 -0.106817 -1.12149 0.285486 0.954599 -0.0850731 0.256388 0.126945 0.0503195 0.990633 0.114809 0 0 0 1 
39885980090139;0.522118;0.352757;0.992461 0.115978 0.0396363 0.39048 -0.118335 0.990943 0.0634719 -0.643735 -0.031916 -0.0676837 0.997196 0.17468 0 0 0 1 
39885980090140;0.328612;0.0203896;0.978012 -0.033839 -0.205786 -0.155337 0.0165318 0.996223 -0.0852483 0.0315091 0.207894 0.0799718 0.974877 1.0971 0 0 0 1 
39885980090141;0.0802768;0.0211355;0.999308 -0.00569609 0.0367553 -0.0986054 0.0040269 0.998964 0.0453287 -0.0592452 -0.0369755 -0.0451494 0.998296 -0.130855 0 0 0 1 
39885980090142;0.374391;0.0651987;0.944988 0.219743 -0.242301 0.969015 -0.146453 0.946584 0.287281 -0.55398 0.292486 -0.235991 0.926693 -0.643178 0 0 0 1 
39885980090143;0.228673;0.0870564;0.992722 0.109722 -0.0496501 0.413476 -0.110012 0.993925 -0.00314997 -0.0586291 0.0490029 0.00858916 0.998762 -0.14798 0 0 0 1 
39885980090144;0.446317;0.128792;0.959069 0.28306 0.00793027 1.03743 -0.283164 0.958868 0.0197718 -0.627344 -0.00200746 -0.0212081 0.999773 0.257554 0 0 0 1 
39885980090145;0.0431272;0.0200208;0.999822 0.00134878 0.0188159 -0.0469079 -0.0020071 0.999385 0.0350126 -0.0151769 -0.0187571 -0.0350441 0.99921 -0.156552 0 0 0 1 
39885980090146;0.329175;0.0207761;0.995086 -0.0888963 -0.043595 -0.155379 0.0875178 0.99563 -0.0325747 0.404963 0.0463002 0.0285993 0.998518 0.642905 0 0 0 1 
39885980090147;0.155218;0.0181198;0.999011 0.0409217 0.0173758 0.0063101 -0.0418797 0.997385 0.0589049 -0.109449 -0.0149198 -0.0595744 0.998112 0.0120256 0 0 0 1 
39885980090148;0.427209;0.0191719;0.990003 0.131882 0.0500175 0.285388 -0.1163 0.963891 -0.239559 -0.434038 -0.0798049 0.231347 0.969592 1.50273 0 0 0 1 
39885980090149;0.211483;0.0272027;0.987812 -0.124582 0.0933057 -0.657515 0.123393 0.992187 0.0184224 0.167226 -0.0948718 -0.00668455 0.995467 0.0692712 0 0 0 1 
39885980090150;0.560906;0.146277;0.963239 0.178775 -0.200523 0.86221 -0.199211 0.976115 -0.0866858 0.432709 0.180237 0.123446 0.975846 0.236785 0 0 0 1 
39885980090151;0.283425;0.0383547;0.953866 0.265872 0.139473 0.847238 -0.219713 0.934747 -0.279239 -0.418156 -0.204614 0.235713 0.950038 0.627832 0 0 0 1 
39885980090152;0.461176;0.125945;0.943916 -0.302995 0.131212 -1.36244 0.298636 0.952939 0.0521988 0.270941 -0.140853 -0.0100867 0.989979 -0.361128 0 0 0 1 
39885980090153;0.364593;0.0194244;0.99438 0.0938917 0.0489116 -0.0282957 -0.0969405 0.993216 0.0642161 -0.571768 -0.0425505 -0.0685968 0.996737 -0.699523 0 0 0 1 
39885980090155;0.220386;0.496191;0.998244 -0.0589896 -0.00545021 0.00697007 0.0588888 0.998118 -0.0170991 0.214596 0.00644863 0.0167481 0.999839 -0.0101798 0 0 0 1 
39885980090156;0.547565;0.566457;0.960425 -0.0858144 0.26499 0.310911 0.0475364 0.987899 0.147631 0.140191 -0.274452 -0.129192 0.952883 1.32716 0 0 0 1 
39885980090157;0.178395;0.109053;0.999802 -0.0112683 0.0164054 0.0128387 0.0113286 0.999929 -0.00358893 -0.0798532 -0.0163638 0.00377407 0.999859 -0.0455835 0 0 0 1 
39885980090158;0.913519;0.631732;0.909869 0.041813 0.412784 0.683527 -0.097454 0.988612 0.114669 0.820668 -0.403289 -0.144561 0.903582 2.04498 0 0 0 1 
39885980090159;0.31181;0.232998;0.999126 0.0260577 -0.0326957 -0.13707 -0.0379769 0.892699 -0.449051 0.294077 0.0174862 0.4499 0.892908 -0.1859 0 0 0 1 
39885980090160;0.529179;0.123986;0.999688 -0.0116531 -0.0221083 -0.142824 0.0123636 0.999402 0.0322805 0.037736 0.0217189 -0.0325437 0.999234 0.472761 0 0 0 1 
39885980090161;0.588623;0.612171;0.984207 -0.0804809 0.157672 0.0903089 0.0588857 0.988799 0.137145 0.349982 -0.166943 -0.125694 0.977922 1.10436 0 0 0 1 
39885980090162;0.825722;0.661362;0.978496 -0.198027 -0.0577199 0.33089 0.197774 0.980195 -0.0101196 0.0224687 0.0585807 -0.00151349 0.998282 -0.920592 0 0 0 1 
39885980090163;0.504725;0.296082;0.99945 0.0331465 0.00134638 -0.00894474 -0.0331722 0.998168 0.0506043 0.64421 0.000333445 -0.0506212 0.998718 0.0586012 0 0 0 1 
39885980090164;0.244441;0.10059;0.996919 0.00049095 -0.0784365 -0.0170864 0.00991809 0.991165 0.132262 -0.0423553 0.0778084 -0.132632 0.988107 -0.388389 0 0 0 1 
39885980090165;0.707584;0.110381;0.999298 0.0355422 0.0118566 -0.224039 -0.0357102 0.99926 0.0142706 0.412512 -0.0113406 -0.014684 0.999828 -0.628361 0 0 0 1 
39885980090166;0.507941;0.644427;0.98222 0.106293 0.154746 -0.126782 -0.0909619 0.990513 -0.103005 1.16345 -0.164227 0.087097 0.98257 0.810408 0 0 0 1 
39885980090167;0.79424;0.584665;0.982157 -0.171046 -0.0781757 0.161446 0.163211 0.981756 -0.0975548 0.210436 0.0934358 0.083055 0.992155 0.38419 0 0 0 1 
39885980090168;0.994365;0.476151;0.997321 0.0712826 -0.0164265 0.274015 -0.0719907 0.996272 -0.0475437 1.04482 0.0129762 0.0485988 0.998734 0.711349 0 0 0 1 
39885980090169;0.602224;0.28467;0.981851 0.108768 -0.155366 -0.203707 -0.121774 0.989584 -0.0767803 1.13921 0.145396 0.0943064 0.984869 -0.69408 0 0 0 1 
39885980090170;0.878287;0.687118;0.981925 -0.040845 -0.184812 0.0400905 0.0789938 0.975768 0.204049 0.21191 0.171999 -0.21496 0.961358 0.349038 0 0 0 1 
39885980090171;0.174618;0.0970726;0.991363 0.0665486 -0.113005 -0.0238099 -0.0634135 0.997502 0.0311183 0.320788 0.114794 -0.0236835 0.993107 -0.425215 0 0 0 1 
39885980090172;0.809772;0.0881532;0.999618 0.0250873 -0.0116071 -0.288374 -0.024842 0.999475 0.0208159 0.285318 0.0121232 -0.0205196 0.999716 0.708776 0 0 0 1 
39885980090173;0.12527;0.301484;0.998679 0.0113722 -0.0501142 -0.0133899 -0.0176437 0.991805 -0.126539 0.401796 0.0482645 0.127256 0.990695 -0.212248 0 0 0 1 
39885980090174;1.08358;0.585014;0.955055 0.0594558 0.290404 -0.0370327 -0.0792415 0.995233 0.0568435 0.837076 -0.28564 -0.0773008 0.955214 1.9074 0 0 0 1 
39885980090175;0.382051;0.159155;0.999956 0.00779821 0.00512846 -0.169316 -0.00787061 0.999867 0.014252 0.0811171 -0.00501664 -0.0142917 0.999885 0.435167 0 0 0 1 
39885980090176;1.01834;1.08244;0.954214 -0.0439388 0.29588 -0.110237 0.0547913 0.998091 -0.0284834 0.300651 -0.294064 0.0433909 0.9548 1.43824 0 0 0 1 
39885980090177;0.304463;0.178065;0.999059 -0.000251719 0.04337 0.0689528 -0.000611629 0.999802 0.0198921 0.1449 -0.0433664 -0.0199 0.998861 -0.0662663 0 0 0 1 
39885980090178;0.543046;0.502803;0.995741 0.00958626 0.0916927 -0.284795 -0.00568521 0.999071 -0.0427117 0.374231 -0.092017 0.0420085 0.994871 0.681795 0 0 0 1 
39885980090179;0.361753;0.115702;0.990152 -0.00898858 -0.139707 -0.116382 0.0049129 0.999553 -0.0294905 0.0337777 0.13991 0.0285137 0.989754 -0.0913527 0 0 0 1 
39885980090180;0.25283;0.598221;0.998273 -0.0249987 -0.0531659 0.0157451 0.025987 0.999501 0.01798 0.535137 0.0526899 -0.0193306 0.998424 0.0239378 0 0 0 1 
39885980090181;0.881259;1.01373;0.981219 0.0102237 -0.192626 0.0397818 0.0138389 0.99229 0.12316 0.325114 0.1924 -0.123513 0.973513 -0.039729 0 0 0 1 
39885980090182;0.669254;0.448327;0.998916 0.0457484 0.00855768 0.0144096 -0.0459605 0.998592 0.0264941 0.291969 -0.00733357 -0.0268587 0.999612 -0.528671 0 0 0 1 
39885980090183;0.198594;0.262633;0.96965 0.0199633 0.24368 0.104631 -0.0303527 0.99878 0.038955 0.35792 -0.242605 -0.045169 0.969073 0.901652 0 0 0 1 
39885980090184;0.838159;0.41675;0.999961 0.00589464 0.00654986 -0.105993 -0.00331311 0.940274 -0.340403 0.301755 -0.00816521 0.340368 0.940257 -0.743951 0 0 0 1 
39885980090186;1.03403;0.776186;0.999331 0.0113577 0.0347681 -0.0527789 -0.0101855 0.99938 -0.033709 -0.749138 -0.0351294 0.0333323 0.998827 -0.623154 0 0 0 1 
39885980090187;0.391456;0.065137;0.998628 0.0145801 0.0502994 -0.0689728 -0.0186983 0.996424 0.0823999 -0.066604 -0.0489181 -0.0832273 0.995329 -0.121237 0 0 0 1 
39885980090188;0.19321;0.118763;0.995214 -0.016959 -0.0962332 0.0220636 0.00739454 0.995071 -0.0988873 -0.101814 0.0974359 0.0977024 0.990434 -0.551926 0 0 0 1 
39885980090189;0.694654;0.380035;0.974317 -0.0182514 0.22444 0.120509 0.00391406 0.997932 0.0641601 -0.0465055 -0.225147 -0.0616338 0.972373 1.25088 0 0 0 1 
39885980090190;0.710931;0.0973783;0.999151 0.0197663 -0.0361346 -0.0615878 -0.0105499 0.970871 0.239371 0.0931425 0.0398135 -0.238786 0.970256 0.715941 0 0 0 1 
39885980090191;0.303973;0.159048;0.997526 0.0653562 0.0259108 -0.287547 -0.0654984 0.997842 0.00467673 0.203993 -0.0255492 -0.00636227 0.999653 -0.101998 0 0 0 1 
39885980090192;0.937341;0.182522;0.999782 0.00644311 0.0198679 0.0107292 -0.00651577 0.999972 0.00359448 -0.513771 -0.0198442 -0.00372315 0.999796 0.788637 0 0 0 1 
39885980090193;0.0973903;0.104677;0.999941 0.000210811 0.0108492 -0.0284797 -0.000290284 0.999973 0.00732418 -0.0119715 -0.0108473 -0.0073269 0.999914 0.0553895 0 0 0 1 
39885980090194;0.330993;0.222806;0.999728 -0.013204 0.0192006 -0.019428 0.0140651 0.998869 -0.0454275 -0.141129 -0.0185791 0.0456852 0.998783 0.109807 0 0 0 1 
39885980090195;0.913121;0.230441;0.998642 0.0520088 -0.00307886 -0.0778924 -0.0520999 0.996953 -0.0580589 0.253705 4.98985e-05 0.0581405 0.998308 -0.86389 0 0 0 1 
39885980090196;0.843835;0.207425;0.993865 0.081291 0.0749972 -0.146269 -0.0836519 0.996076 0.0288894 0.186271 -0.0723545 -0.0349858 0.996765 -0.503082 0 0 0 1 
39885980090197;0.709255;0.103982;0.999108 0.0276071 0.0319627 -0.0746229 -0.0318066 0.989729 0.13937 -0.116352 -0.0277868 -0.140262 0.989724 -0.431756 0 0 0 1 
39885980090198;1.04503;0.552013;0.998809 -0.0200617 -0.0444723 -0.0342403 0.0150461 0.993776 -0.110376 -0.120034 0.0464098 0.109576 0.992894 0.643912 0 0 0 1 
39885980090199;0.0833687;0.097667;0.999019 -0.00228676 0.0442227 -0.033463 0.00192056 0.999964 0.00832146 -0.121519 -0.0442401 -0.00822837 0.998987 0.120045 0 0 0 1 
39885980090200;1.06244;0.612369;0.999787 -0.0101715 -0.0179617 -0.0184936 0.00981915 0.99976 -0.0195994 -0.0474821 0.0181568 0.0194189 0.999647 0.750327 0 0 0 1 
39885980090201;0.454509;0.316574;0.977494 -0.0387332 -0.207378 0.000969284 0.0331539 0.99899 -0.0303138 -0.127248 0.208342 0.0227562 0.977791 -0.404912 0 0 0 1 
39885980090202;0.602175;0.277252;0.92337 0.0341928 -0.382386 -0.0405644 -0.00919369 0.99771 0.0670141 0.00497739 0.383802 -0.0583632 0.921569 -0.922363 0 0 0 1 
39885980090203;0.367742;0.181847;0.912954 -0.011835 0.407891 0.228814 -0.0572217 0.98599 0.156684 0.176113 -0.404031 -0.166385 0.899486 1.55369 0 0 0 1 
39885980090204;1.06319;0.179408;0.974355 0.0578413 0.217454 0.0974349 -0.0372508 0.994526 -0.0976258 -0.0444002 -0.221911 0.0870218 0.971176 1.6125 0 0 0 1 
39885980090205;0.675409;0.250939;0.999137 0.0415435 -0.000158838 -0.29492 -0.0414339 0.996208 -0.0765072 -0.239864 -0.00302014 0.0764477 0.997069 -0.310725 0 0 0 1 
39885980090206;0.947378;0.20918;0.995599 0.0476356 0.0807027 -0.280261 -0.0541635 0.995263 0.0807309 -0.229299 -0.0764747 -0.0847467 0.993463 1.14611 0 0 0 1 
39885980090207;0.975527;0.427889;0.997528 -0.0574816 -0.040425 -0.1486 0.0583909 0.998058 0.0216855 -0.264419 0.0391 -0.0239924 0.998947 -0.947034 0 0 0 1 
39885980090208;0.357335;0.337825;0.971858 0.0356941 0.232847 -0.109307 -0.0180012 0.996816 -0.0776726 -0.106744 -0.234878 0.0712952 0.969407 0.462845 0 0 0 1 
39885980090209;0.567849;0.170179;0.990121 0.139919 0.00911395 -0.657477 -0.139972 0.99014 0.00547594 0.193053 -0.00825791 -0.00669754 0.999943 0.147721 0 0 0 1 
39885980090210;0.29383;0.151518;0.976098 0.019361 0.216469 0.0180875 -0.0367482 0.996385 0.076588 0.0314331 -0.214203 -0.0827122 0.973281 0.989439 0 0 0 1 
39885980090211;0.573799;0.450753;0.997466 0.0392055 0.0593609 -0.341105 -0.0117415 0.913719 -0.406177 -0.191623 -0.0701635 0.404451 0.911864 0.0225274 0 0 0 1 
39885980090212;0.324919;0.404276;0.993862 0.102351 -0.0419819 -0.249964 -0.0985441 0.991542 0.084464 0.0172076 0.0502718 -0.0798085 0.995542 0.165812 0 0 0 1 
39885980090213;0.920265;0.24809;0.992169 -0.0500796 -0.114427 0.00405494 0.0583702 0.995817 0.0702889 -0.566752 0.110428 -0.0764175 0.990942 0.483645 0 0 0 1 
39885980090214;0.527822;0.735134;0.998481 -0.0289532 0.046871 -0.259256 0.0280677 0.999417 0.0194422 -0.443464 -0.0474066 -0.0180971 0.998712 0.474871 0 0 0 1 
39885980090215;0.58213;0.547831;0.996487 -0.0113319 0.0829724 0.00656552 0.014571 0.999151 -0.0385373 -0.0766482 -0.0824653 0.0396109 0.995806 0.261974 0 0 0 1 
39885980090217;1.03417;0.899622;0.999802 0.014517 -0.0136176 0.028404 -0.0152334 0.998421 -0.0540697 0.129564 0.0128112 0.0542664 0.998444 -0.556356 0 0 0 1 
39885980090218;0.202378;0.186051;0.999585 0.00929302 -0.0272845 -0.0162697 -0.00905101 0.999919 0.00898002 0.0518742 0.0273657 -0.00872934 0.999587 -0.155851 0 0 0 1 
39885980090219;0.470141;0.922839;0.992827 0.0457929 0.110438 0.12598 -0.0522497 0.997046 0.0562972 0.604582 -0.107534 -0.0616638 0.992287 0.416191 0 0 0 1 
39885980090220;1.3181;0.803299;0.977458 0.0576277 -0.203115 0.086664 -0.072247 0.995246 -0.0653058 0.660155 0.198386 0.0785082 0.976975 -0.428635 0 0 0 1 
39885980090221;1.15923;1.0503;0.935405 -0.0387081 0.351452 0.0172927 0.096128 0.98439 -0.147431 -0.181473 -0.340259 0.171692 0.924525 0.734936 0 0 0 1 
39885980090222;0.407338;0.225932;0.976964 0.00320777 0.213379 0.0110037 -0.0279386 0.993204 0.112987 0.136352 -0.211567 -0.116345 0.970414 0.888927 0 0 0 1 
39885980090223;0.517255;0.503333;0.980643 0.00993064 0.19555 0.0801091 -0.0287708 0.995181 0.0937412 0.195165 -0.193677 -0.0975528 0.976203 0.815818 0 0 0 1 
39885980090224;1.08029;1.08174;0.991617 -0.0351777 0.124328 0.0332764 0.0231739 0.995043 0.096709 -0.0712737 -0.127114 -0.0930171 0.987517 0.544181 0 0 0 1 
39885980090225;0.715361;0.401911;0.996111 -0.0193634 -0.0859512 0.0761491 -0.00343819 0.966264 -0.257529 0.120837 0.0880382 0.256823 0.96244 0.145505 0 0 0 1 
39885980090226;0.549209;0.469526;0.955275 -0.00973266 0.29556 0.0909134 -0.020814 0.994767 0.10003 0.0691929 -0.294987 -0.101708 0.950073 1.00644 0 0 0 1 
39885980090227;1.15995;0.766927;0.985435 0.169939 -0.00624431 0.268182 -0.169382 0.98414 0.0527067 0.895113 0.0151022 -0.0508813 0.998591 -0.490111 0 0 0 1 
39885980090228;0.215505;0.159518;0.997233 0.0475038 0.0571816 0.0212211 -0.046658 0.998782 -0.0160369 0.218443 -0.0578738 0.0133245 0.998235 0.0117812 0 0 0 1 
39885980090229;0.121617;0.200517;0.999961 0.00869495 -0.00154636 -0.0107819 -0.00859482 0.998396 0.055952 0.0940162 0.00203038 -0.0559365 0.998432 -0.0224826 0 0 0 1 
39885980090230;1.03093;0.878906;0.99994 0.0107698 0.00194138 0.128448 -0.0107785 0.999932 0.00450562 0.171453 -0.00189273 -0.00452628 0.999988 0.517243 0 0 0 1 
39885980090231;0.888653;0.854869;0.993473 -0.00662774 0.113876 0.0185467 -0.00769664 0.992141 0.124891 0.0389521 -0.113809 -0.124952 0.985614 0.525493 0 0 0 1 
39885980090232;0.59802;0.664877;0.982703 -0.0156768 -0.184525 0.222122 -0.0444938 0.947237 -0.317431 0.414142 0.179765 0.320151 0.930155 -0.40643 0 0 0 1 
39885980090233;0.0427632;0.160367;0.998765 0.0495024 0.00427449 0.00045822 -0.0495075 0.998773 0.00108027 0.274138 -0.00421577 -0.00129055 0.99999 0.00665009 0 0 0 1 
39885980090234;0.404716;0.241209;0.987841 0.0834266 -0.131191 0.0554674 -0.0248835 0.917795 0.396273 0.177266 0.153466 -0.38819 0.908711 -0.43951 0 0 0 1 
39885980090235;0.881271;0.535954;0.994666 -0.0483196 -0.0911338 0.458591 0.0301565 0.981116 -0.191054 0.483517 0.0986445 0.187287 0.97734 -0.596565 0 0 0 1 
39885980090236;1.0378;0.353251;0.994793 0.101872 -0.00309479 -0.039354 -0.101863 0.994794 0.00285974 0.535044 0.00337 -0.0025296 0.999991 -0.833262 0 0 0 1 
39885980090237;0.452033;0.216284;0.977335 0.0562444 -0.204089 0.12539 0.0064004 0.955769 0.294048 0.0508939 0.211601 -0.288689 0.933747 -0.770727 0 0 0 1 
39885980090238;0.922552;0.243736;0.948009 0.0541556 -0.313603 0.292667 -0.12037 0.973227 -0.195809 0.922844 0.294603 0.223377 0.929146 -0.367535 0 0 0 1 
39885980090239;0.393854;0.364216;0.995429 -0.0279098 -0.0913325 0.0152113 0.00205951 0.962395 -0.271647 0.075224 0.0954795 0.270217 0.958053 -0.280243 0 0 0 1 
39885980090240;0.68439;0.283291;0.994329 0.105798 0.0107776 -0.0374389 -0.104574 0.991151 -0.0817564 0.914862 -0.0193319 0.0801657 0.996594 -0.24801 0 0 0 1 
39885980090241;0.655728;0.196682;0.961857 0.0995351 0.254802 0.0525939 -0.0248337 0.959379 -0.281024 0.460339 -0.272424 0.263977 0.925258 0.32857 0 0 0 1 
39885980090242;0.353633;0.132668;0.908573 0.0836683 0.409262 0.25942 0.0240476 0.967635 -0.251207 0.106718 -0.417034 0.238081 0.877154 1.19508 0 0 0 1 
39885980090243;1.27115;0.678571;0.997179 -0.0657779 0.0361482 0.131356 0.064914 0.997588 0.0245754 0.0214423 -0.0376775 -0.0221596 0.999044 0.863546 0 0 0 1 
39885980090244;0.554019;0.878975;0.988667 -0.083132 0.125009 0.198848 0.0547949 0.975062 0.215063 0.217632 -0.13977 -0.205776 0.968566 0.317559 0 0 0 1 
39885980090245;0.651828;0.197486;0.997743 0.0377754 -0.0555102 0.0808664 -0.0398715 0.998514 -0.0371505 0.371703 0.0540243 0.03928 0.997767 0.285225 0 0 0 1 
39885980090246;0.546588;0.557041;0.994067 -0.0465895 -0.0982874 0.120917 0.0569614 0.992786 0.105507 0.0682489 0.0926628 -0.11048 0.989549 -0.520265 0 0 0 1 
39885980090248;0.37448;0.315939;0.967964 -0.147072 0.203509 -0.0492696 0.136265 0.988457 0.0662152 0.292157 -0.210898 -0.0363628 0.976831 0.0201964 0 0 0 1 
39885980090249;0.482365;0.379305;0.995684 -0.0860811 -0.0346882 0.0936114 0.0867786 0.996044 0.019126 0.120561 0.0329046 -0.0220536 0.999215 -0.327981 0 0 0 1 
39885980090250;0.869457;0.243704;0.925115 0.0693966 0.373292 0.077196 -0.132847 0.980173 0.14701 -0.618132 -0.355688 -0.185592 0.915992 0.313716 0 0 0 1 
39885980090251;0.521745;0.365346;0.997747 -0.0319141 -0.0590077 0.0650619 0.0308028 0.999332 -0.0196477 -0.0287112 0.0595954 0.0177858 0.998064 0.315639 0 0 0 1 
39885980090252;1.01023;0.0708843;0.994513 0.102683 0.0199968 0.343341 -0.10443 0.963204 0.247656 -0.153999 0.00616902 -0.248385 0.968642 -0.941889 0 0 0 1 
39885980090253;0.430197;0.142196;0.983797 0.112878 -0.139293 0.0929154 -0.0840698 0.976655 0.197678 0.32035 0.158355 -0.182765 0.97032 -0.0880515 0 0 0 1 
39885980090254;0.437029;0.136624;0.997122 -0.0680018 0.033529 -0.0347463 0.069298 0.996828 -0.0391437 0.144812 -0.0307608 0.0413545 0.998671 0.397925 0 0 0 1 
39885980090255;0.581357;0.0842618;0.997667 0.0358737 0.0580821 0.122746 -0.0387205 0.998065 0.0486529 -0.276594 -0.0562244 -0.0507884 0.997126 0.406589 0 0 0 1 
39885980090256;0.383432;0.371262;0.981765 -0.185304 0.0424206 -0.0278623 0.187001 0.981534 -0.0402717 0.374288 -0.0341748 0.04747 0.998288 0.0118622 0 0 0 1 
39885980090257;0.931685;0.110405;0.986267 0.147391 -0.0745159 -0.0979735 -0.152593 0.985827 -0.0697214 0.114372 0.0631834 0.0801345 0.99478 -0.839297 0 0 0 1 
