#;prob_registration_l1 -r /home/probabilistic_point_clouds_registration/build/tester /home/point_clouds_registration_benchmark//devel/registration_pairs/plain_local.txt /home/point_clouds_registration_benchmark//eth/plain -s 0.2 -t 0.2 -p 0.3 -r 1000 -m 10 -i 40 
id;initial_error;final_error;transformation
4215528470000;0.567788;0.453086;0.962285 -0.0308272 0.270291 0.323596 0.0147406 0.998008 0.0613455 -0.0991135 -0.271644 -0.0550476 0.960822 1.95808 0 0 0 1 
4215528470001;0.547226;0.0665579;0.992275 0.0996651 -0.0738697 -0.657364 -0.0618969 0.913791 0.401441 0.821329 0.107511 -0.393768 0.912901 1.0734 0 0 0 1 
4215528470002;0.032832;0.0139425;0.999963 0.00656509 0.00561793 -0.0264769 -0.00657907 0.999975 0.00247243 0.0120321 -0.00560156 -0.0025093 0.999981 0.0423849 0 0 0 1 
4215528470003;0.731607;0.560116;0.99657 -0.0122473 0.0818452 0.0389265 0.0122201 0.999925 0.000833299 -0.233199 -0.0818493 0.000169713 0.996645 0.352531 0 0 0 1 
4215528470004;0.518474;0.245567;0.966037 0.0697189 -0.248819 -0.211777 -0.0121904 0.974138 0.225623 0.0708281 0.258115 -0.214927 0.941904 -0.232817 0 0 0 1 
4215528470005;0.0948906;0.0483109;0.999553 0.0180311 0.0238549 -0.104706 -0.0157763 0.995676 -0.091548 0.172571 -0.0254025 0.0911307 0.995515 -0.29847 0 0 0 1 
4215528470006;0.93827;0.606462;0.998891 -0.0368045 -0.029351 -0.000220839 0.0247554 0.941007 -0.33748 0.105341 0.0400403 0.336379 0.940875 -1.41129 0 0 0 1 
4215528470007;0.649378;0.552475;0.994158 -0.0381262 -0.100974 0.186492 0.000302287 0.936511 -0.350638 0.384682 0.107931 0.348559 0.931052 -2.01008 0 0 0 1 
4215528470008;0.524363;0.400389;0.963239 0.0205095 -0.267862 0.162103 -0.0575348 0.989696 -0.131118 0.449149 0.262412 0.14171 0.954494 -2.33373 0 0 0 1 
4215528470009;0.400063;0.369474;0.970002 -0.0415147 0.239524 0.205443 0.054521 0.997362 -0.0479297 -0.390847 -0.236902 0.059551 0.969707 1.28339 0 0 0 1 
4215528470010;0.581956;0.496496;0.993214 -0.0651141 -0.0963598 0.477963 0.0357871 0.959482 -0.27949 0.0744242 0.110654 0.274145 0.955301 -2.10926 0 0 0 1 
4215528470011;0.358216;0.164326;0.986894 -0.0834967 0.13809 0.382229 0.112699 0.969089 -0.219466 -0.62262 -0.115497 0.232152 0.965798 -0.148207 0 0 0 1 
4215528470012;0.581653;0.375953;0.984915 0.111426 -0.132385 -0.334623 -0.0684887 0.953624 0.293104 0.485305 0.158905 -0.279616 0.946871 -0.0661255 0 0 0 1 
4215528470013;0.612837;0.0643932;0.982697 -0.0569574 0.176247 0.180925 0.0553844 0.998369 0.0138353 -0.297719 -0.176747 -0.00383458 0.984249 0.541927 0 0 0 1 
4215528470014;0.871128;0.619333;0.998757 -0.0217285 0.0448698 0.00930538 0.0227943 0.999467 -0.0233796 -0.276993 -0.0443379 0.0243733 0.998719 0.709368 0 0 0 1 
4215528470015;0.0605696;0.0221707;0.999917 0.00106067 0.012867 0.0342222 -0.000863694 0.999883 -0.0153046 -0.00487718 -0.0128818 0.0152922 0.9998 0.000237525 0 0 0 1 
4215528470016;0.462589;0.13517;0.973486 -0.0220242 0.227683 0.0844752 0.0682344 0.977998 -0.197141 -0.377269 -0.218332 0.20745 0.95357 0.755488 0 0 0 1 
4215528470017;0.763704;0.35654;0.99385 0.048897 0.0993503 -0.368525 -0.0868466 0.900822 0.425413 0.75036 -0.0686956 -0.431426 0.899529 3.03977 0 0 0 1 
4215528470018;0.320962;0.331498;0.998191 -0.01089 0.0591216 -0.0667131 0.00484438 0.994829 0.101453 -0.0918751 -0.0599207 -0.100983 0.993082 0.736235 0 0 0 1 
4215528470019;0.470754;0.229982;0.905196 0.150683 -0.397384 -0.150455 -0.0929906 0.982602 0.160769 0.60287 0.414695 -0.108575 0.90346 -2.02089 0 0 0 1 
4215528470020;0.901423;0.723092;0.989149 -0.0415292 0.140922 0.179413 0.0566217 0.992876 -0.104838 -0.232519 -0.135564 0.11168 0.984454 -0.0629455 0 0 0 1 
4215528470021;0.310289;0.093899;0.999672 -0.0103411 -0.0234507 -0.0268001 0.0126512 0.994846 0.100603 -0.125558 0.0222895 -0.100866 0.99465 0.551327 0 0 0 1 
4215528470022;0.501427;0.218035;0.98143 0.039652 -0.187678 0.112765 -0.0559979 0.995007 -0.0826097 0.436435 0.183465 0.0915852 0.978751 -1.96799 0 0 0 1 
4215528470023;0.509895;0.385921;0.994541 -0.0300952 0.099917 0.154946 0.0445701 0.988286 -0.145962 -0.128882 -0.0943538 0.149619 0.984231 -0.403489 0 0 0 1 
4215528470024;0.756959;0.488771;0.998032 -0.0130354 0.0613435 -0.0567683 0.0119526 0.999767 0.0179851 -0.21027 -0.0615636 -0.0172165 0.997955 0.997829 0 0 0 1 
4215528470025;0.187466;0.167085;0.996129 0.0580913 -0.0659711 -0.311592 -0.0519322 0.994448 0.0915194 0.269855 0.0709213 -0.0877391 0.993616 -0.0967601 0 0 0 1 
4215528470026;0.0729172;0.036444;0.999511 -0.0311824 -0.00246079 0.152734 0.0311677 0.999497 -0.00580125 -0.203814 0.00264045 0.00572171 0.99998 -0.099808 0 0 0 1 
4215528470027;0.80863;0.238408;0.997494 -0.0015614 -0.0707314 -0.132658 -0.0075932 0.991619 -0.128974 -0.0434501 0.07034 0.129187 0.989122 -0.387909 0 0 0 1 
4215528470028;0.511375;0.469406;0.996354 0.0343442 -0.0781032 -0.229757 -0.0198676 0.983633 0.179083 0.0689953 0.0829753 -0.176878 0.980729 0.44278 0 0 0 1 
4215528470029;0.874225;0.50861;0.882582 0.0598337 -0.466336 0.755288 -0.0333575 0.997338 0.0648325 0.348484 0.468974 -0.0416642 0.882229 -3.13662 0 0 0 1 
4215528470031;0.986719;0.210153;0.999709 -0.00988289 0.0220221 -0.0220646 0.00987541 0.999951 0.00044796 -0.368883 -0.0220255 -0.000230352 0.999757 0.923278 0 0 0 1 
4215528470032;1.06872;0.560255;0.993954 -0.101691 0.0414073 0.513587 0.108885 0.864368 -0.49093 0.0118498 0.014132 0.492471 0.870214 -2.67625 0 0 0 1 
4215528470033;0.525088;0.090754;0.997265 -0.0736944 0.00563878 0.363579 0.0737918 0.99708 -0.0196289 -0.778068 -0.00417578 0.0199913 0.999791 -0.455889 0 0 0 1 
4215528470034;0.461314;0.204018;0.999672 0.0253747 0.00343068 -0.110592 -0.0254322 0.999517 0.0178768 0.209984 -0.0029754 -0.0179581 0.999834 -0.200088 0 0 0 1 
4215528470035;0.980295;0.435017;0.999691 -0.0230859 -0.00926752 -0.318153 0.0231 0.999732 0.00141991 -0.25551 0.00923226 -0.00163355 0.999956 0.0626807 0 0 0 1 
4215528470036;1.14169;0.518017;0.998235 0.0554433 0.0213008 -0.546174 -0.0591391 0.961039 0.270014 0.438477 -0.00550039 -0.270797 0.962621 2.32788 0 0 0 1 
4215528470037;0.241412;0.148748;0.99985 0.00649457 0.0160312 -0.000596314 -0.00599996 0.99951 -0.0307105 0.112915 -0.0162228 0.0306097 0.9994 0.0401549 0 0 0 1 
4215528470038;0.130156;0.133435;0.999485 0.0144548 0.0286608 -0.128987 -0.0147573 0.999837 0.0103729 0.0850021 -0.0285062 -0.0107905 0.999535 0.311854 0 0 0 1 
4215528470039;0.797747;0.337625;0.995364 -0.0585495 -0.0763054 0.231885 0.0364802 0.963903 -0.263743 -0.118196 0.088993 0.259736 0.96157 -1.72551 0 0 0 1 
4215528470040;0.689028;0.65604;0.996874 0.0144461 -0.0776704 0.059011 -0.00700219 0.995427 0.0952706 -0.0496715 0.0786915 -0.094429 0.992417 -0.539476 0 0 0 1 
4215528470041;0.231676;0.102625;0.95221 -0.074227 -0.296288 1.17985 0.0341477 0.989812 -0.138227 -0.0741314 0.30353 0.121503 0.945043 -3.37093 0 0 0 1 
4215528470042;0.841266;0.76211;0.990774 -0.0265794 0.132894 0.0618819 0.0129879 0.994688 0.102112 -0.135443 -0.134902 -0.0994442 0.985856 1.38379 0 0 0 1 
4215528470043;0.639843;0.611916;0.996976 0.0185507 -0.0754608 0.0129801 -0.0161233 0.999337 0.0326504 0.140527 0.0760164 -0.031335 0.996614 -0.604603 0 0 0 1 
4215528470044;0.994474;0.101391;0.999924 0.000766169 0.0123044 0.0806433 -0.000606289 0.999915 -0.0129922 0.0473043 -0.0123134 0.0129838 0.99984 -0.797612 0 0 0 1 
4215528470045;0.386524;0.0695367;0.994772 0.0145656 0.101072 -0.192722 -0.0605244 0.881287 0.468691 0.631415 -0.0822469 -0.472358 0.877561 3.41789 0 0 0 1 
4215528470046;1.07289;0.516264;0.976696 0.0640413 -0.204852 -0.125574 -0.0519497 0.996605 0.0638743 0.321483 0.208247 -0.0517438 0.976707 -0.821521 0 0 0 1 
4215528470047;0.459821;0.431093;0.993234 -0.00862891 0.115809 -0.0821869 0.00979979 0.999906 -0.00954489 -0.138228 -0.115715 0.0106152 0.993226 0.872731 0 0 0 1 
4215528470048;0.649857;0.546684;0.999362 0.0203167 -0.0293877 -0.161472 -0.0199406 0.999716 0.0130343 0.134807 0.0296442 -0.01244 0.999483 -0.0833849 0 0 0 1 
4215528470049;0.633618;0.345667;0.999894 -0.0101376 -0.010476 -0.0458199 0.0116244 0.98811 0.153306 -0.219954 0.00879731 -0.153411 0.988123 1.18915 0 0 0 1 
4215528470050;0.671958;0.365932;0.997852 0.0324999 -0.0568837 -0.0582667 -0.0308357 0.999077 0.0298938 0.277898 0.0578028 -0.0280755 0.997933 -0.768739 0 0 0 1 
4215528470051;0.865997;0.661929;0.99756 -0.0213068 -0.066485 0.280922 0.00873657 0.982904 -0.183911 0.209395 0.0692669 0.182882 0.980692 -2.11011 0 0 0 1 
4215528470052;0.470145;0.423969;0.998354 0.0208273 -0.0534397 -0.063069 -0.0222507 0.99941 -0.0261797 0.176656 0.0528629 0.0273257 0.998228 -0.657733 0 0 0 1 
4215528470053;1.01323;0.0444888;0.992457 0.0319134 0.118366 -0.13449 -0.0196861 0.99448 -0.103066 0.133614 -0.121002 0.0999583 0.987607 -0.248641 0 0 0 1 
4215528470054;0.877545;0.570649;0.999171 0.0183817 -0.0363244 0.00973982 -0.0173411 0.999436 0.0287573 0.169255 0.0368326 -0.0281036 0.998926 -0.70568 0 0 0 1 
4215528470055;0.503431;0.182;0.996901 -0.0221692 0.0754822 -0.0178541 0.0310207 0.992506 -0.118194 0.0911073 -0.0722963 0.120169 0.990118 0.156581 0 0 0 1 
4215528470056;0.338949;0.241574;0.993998 -0.0813756 0.0731102 0.360816 0.0950057 0.973469 -0.208163 -0.510355 -0.0542311 0.21386 0.975358 -0.77604 0 0 0 1 
4215528470057;0.60477;0.031546;0.999756 -0.00671503 0.0210404 0.0166918 0.00616166 0.999636 0.0262553 -0.0537803 -0.0212091 -0.0261192 0.999434 -0.190499 0 0 0 1 
4215528470058;0.117082;0.0758028;0.998645 -0.0464674 0.0234208 0.250071 0.0470822 0.998542 -0.0264206 -0.398768 -0.0221589 0.0274875 0.999377 0.0165057 0 0 0 1 
4215528470059;0.289428;0.284488;0.998309 -0.0144306 -0.0563029 0.123733 0.00815189 0.993877 -0.110191 0.0638623 0.0575482 0.109546 0.992314 -1.18318 0 0 0 1 
4215528470060;0.876862;0.591056;0.964203 0.0742034 -0.25457 0.322921 -0.0508605 0.993975 0.0970912 0.407611 0.260241 -0.0806681 0.962168 -2.34252 0 0 0 1 
4215528470062;1.03489;0.625081;0.960221 -0.102759 0.259647 0.284142 0.169378 0.953578 -0.248997 -1.76332 -0.222007 0.28307 0.933051 2.70077 0 0 0 1 
4215528470063;0.150783;0.129208;0.996914 0.0386016 0.0683542 -0.281258 -0.0450039 0.994484 0.094747 0.493117 -0.0643197 -0.0975308 0.993152 1.23279 0 0 0 1 
4215528470064;1.26892;0.228434;0.979419 0.0830679 -0.183951 0.620831 -0.0602366 0.990148 0.126407 0.600445 0.192639 -0.112725 0.974774 -3.01264 0 0 0 1 
4215528470065;0.672821;0.221583;0.999282 -0.0357866 0.0124509 -0.000640755 0.0362797 0.998462 -0.041933 -0.544631 -0.0109311 0.0423546 0.999043 -0.275809 0 0 0 1 
4215528470066;0.971407;0.208069;0.974145 -0.0585606 0.218202 0.0994589 0.140639 0.913051 -0.382829 -1.04322 -0.176811 0.403618 0.89768 1.79033 0 0 0 1 
4215528470067;0.479383;0.69327;0.998414 -0.0310993 0.0469285 -0.163037 0.037803 0.988039 -0.149497 -0.206029 -0.0417179 0.151034 0.987648 0.0872224 0 0 0 1 
4215528470068;1.75898;1.58456;0.997611 0.0654418 -0.0221242 -0.122561 -0.0606845 0.983231 0.171974 0.726838 0.0330074 -0.17022 0.984853 -0.157499 0 0 0 1 
4215528470069;1.1695;0.410184;0.995979 -0.0376173 0.0813018 -0.217139 0.0341811 0.998479 0.0432518 -0.510811 -0.0828052 -0.0402989 0.995751 1.93833 0 0 0 1 
4215528470070;0.627154;0.186475;0.999822 -0.0160835 0.00983144 0.00276848 0.0157402 0.999296 0.0340532 -0.172339 -0.0103722 -0.0338924 0.999372 -0.0247764 0 0 0 1 
4215528470071;1.13782;0.382947;0.988151 0.021605 -0.151954 0.693342 -0.00975002 0.99688 0.0783337 0.0666615 0.153172 -0.075924 0.985279 -2.43605 0 0 0 1 
4215528470072;1.12233;0.75318;0.998676 0.00820839 -0.0507911 -0.157616 -0.00735014 0.999827 0.0170614 0.0192589 0.0509223 -0.0166655 0.998564 -0.260083 0 0 0 1 
4215528470073;0.253366;0.0536455;0.957709 -0.0936585 0.272068 0.331598 0.169206 0.948091 -0.269245 -1.66523 -0.232728 0.303894 0.923843 2.44053 0 0 0 1 
4215528470074;0.891847;0.340963;0.924865 0.154759 -0.347382 1.44676 -0.0731513 0.968791 0.23684 0.572073 0.373193 -0.193634 0.907322 -4.85661 0 0 0 1 
4215528470075;0.661748;0.474612;0.998364 0.00413865 0.0570364 -0.295506 -0.00460581 0.999957 0.00806153 0.0963878 -0.0570006 -0.00831103 0.99834 1.12426 0 0 0 1 
4215528470076;1.55682;0.146155;0.99989 0.00896906 -0.011783 -0.101475 -0.00904784 0.999937 -0.00664995 0.358671 0.0117226 0.00675583 0.999908 -1.06676 0 0 0 1 
4215528470077;0.434483;0.457766;0.999612 -0.0277157 0.00269424 0.0291919 0.0278355 0.997242 -0.0688083 -0.102804 -0.00077974 0.0688566 0.997626 -0.321138 0 0 0 1 
4215528470078;1.12372;1.13804;0.960827 -0.0515309 0.272317 0.0272881 0.0538315 0.99855 -0.000978867 -0.78454 -0.271872 0.0155998 0.962207 3.91761 0 0 0 1 
4215528470079;1.36039;1.17693;0.993273 -0.0276921 0.112435 -0.267126 0.0433369 0.989318 -0.139184 -0.398509 -0.10738 0.14312 0.983863 1.3482 0 0 0 1 
4215528470080;1.57691;1.1515;0.981054 0.123046 -0.149641 0.155819 -0.0913135 0.974914 0.202989 1.20338 0.170864 -0.185479 0.967679 -1.66479 0 0 0 1 
4215528470081;1.29705;1.25983;0.996416 0.0706789 -0.0464778 -0.273527 -0.064587 0.990479 0.121574 0.818892 0.054628 -0.118136 0.991494 -0.364137 0 0 0 1 
4215528470082;0.754436;0.105927;0.995534 -0.0614602 -0.0716553 0.518796 0.0508383 0.988612 -0.141637 -0.658577 0.0795443 0.137362 0.987322 -1.31794 0 0 0 1 
4215528470083;1.36137;0.487846;0.995401 -0.012472 0.0949812 -0.374892 0.0185769 0.997798 -0.0636647 -0.030824 -0.0939781 0.0651363 0.993441 1.82316 0 0 0 1 
4215528470084;1.66015;1.10471;0.98642 -0.0247839 -0.162364 0.389547 0.0127702 0.99713 -0.0746223 -0.027791 0.163747 0.0715355 0.983905 -2.85002 0 0 0 1 
4215528470085;1.13067;0.205645;0.999728 0.0104052 -0.0208746 -0.238383 -0.00869635 0.996729 0.080345 -0.208842 0.0216424 -0.0801417 0.996549 0.559045 0 0 0 1 
4215528470086;1.1632;1.27747;0.928027 -0.0343479 0.370925 0.231572 0.0231828 0.999135 0.0345191 -0.380092 -0.37179 -0.0234356 0.928021 5.55743 0 0 0 1 
4215528470087;0.757202;0.74102;0.997758 -0.0078249 0.0664642 -0.271092 0.0146141 0.994648 -0.102285 -0.0089432 -0.0653081 0.103027 0.992532 0.802722 0 0 0 1 
4215528470088;1.28516;0.732035;0.999887 -0.0149843 0.000863949 -0.164616 0.0150048 0.999328 -0.0334325 -0.240892 -0.000362405 0.0334417 0.999441 0.495444 0 0 0 1 
4215528470089;0.703952;0.389289;0.99773 0.0414498 -0.0530794 -0.194478 -0.0395396 0.998549 0.036546 0.546938 0.0545173 -0.0343643 0.997921 -0.326057 0 0 0 1 
4215528470090;1.03548;0.44688;0.956627 -0.11826 0.266233 0.277931 0.212769 0.907871 -0.361247 -1.86157 -0.198984 0.402225 0.893656 1.26357 0 0 0 1 
4215528470091;1.49069;1.48781;0.998333 0.0499985 0.0288224 -0.247259 -0.0525945 0.993821 0.0977445 0.642896 -0.0237573 -0.0990975 0.994794 0.726753 0 0 0 1 
4215528470093;0.435815;0.392735;0.999511 -0.00727867 0.0304096 0.0271192 9.0987e-05 0.973203 0.22995 0.00182118 -0.0312684 -0.229834 0.972727 0.2536 0 0 0 1 
4215528470094;0.626818;0.0162543;0.999279 0.036063 0.0118571 -0.0818357 -0.0355836 0.998628 -0.0384227 0.195712 -0.0132265 0.0379731 0.999191 -0.635821 0 0 0 1 
4215528470095;0.64508;0.485892;0.999135 -0.0375721 -0.0178398 0.1346 0.0363648 0.997303 -0.0637538 -0.158383 0.0201871 0.0630498 0.997806 -0.414497 0 0 0 1 
4215528470096;0.715932;0.530221;0.999297 -0.0371886 0.00468417 0.0603247 0.0373643 0.998253 -0.0457724 -0.220269 -0.00297377 0.0459152 0.998941 -0.338736 0 0 0 1 
4215528470097;0.899584;0.860269;0.998842 -0.0460299 0.0139887 0.126025 0.0479141 0.97794 -0.203318 -0.277043 -0.00432138 0.203752 0.979013 0.311426 0 0 0 1 
4215528470098;0.598276;0.411663;0.989996 -0.0336384 0.137025 0.0821475 0.0103837 0.985901 0.167009 -0.0622552 -0.140711 -0.163915 0.976387 0.107015 0 0 0 1 
4215528470099;0.333474;0.199108;0.973175 0.0982495 -0.208032 0.0381725 -0.00420453 0.911672 0.410896 0.1918 0.230027 -0.398999 0.88763 -0.434056 0 0 0 1 
4215528470100;0.645112;0.00884271;0.999822 -0.0188669 -0.000510279 -0.00840466 0.0188641 0.999809 -0.00501569 -0.0264998 0.000604812 0.00500517 0.999987 -0.694561 0 0 0 1 
4215528470101;0.802084;0.608063;0.998962 -0.00604301 0.0451491 0.162007 0.00864153 0.998303 -0.0575827 -0.0429099 -0.0447245 0.0579131 0.997319 0.367049 0 0 0 1 
4215528470102;0.571321;0.0462495;0.999872 -0.0150694 0.00537208 -0.175993 0.0152985 0.998847 -0.0455131 0.192291 -0.00468003 0.0455895 0.998949 -0.531934 0 0 0 1 
4215528470103;0.118159;0.123731;0.999972 -0.0063664 -0.00385696 -0.0328815 0.00636538 0.99998 -0.000275953 -0.0360951 0.00385863 0.000251395 0.999993 -0.0337325 0 0 0 1 
4215528470104;0.483078;0.0570033;0.95944 -0.0111063 0.281693 0.165977 -0.0141895 0.996055 0.0876004 -0.234979 -0.281555 -0.0880444 0.955497 1.15943 0 0 0 1 
4215528470105;0.856272;0.758373;0.962529 -0.00975863 0.271005 0.0630165 0.059711 0.982452 -0.176699 -0.188066 -0.264525 0.186259 0.946221 0.629934 0 0 0 1 
4215528470106;0.960069;0.629842;0.995521 -0.014786 0.0933746 0.171888 0.0124165 0.999587 0.0259067 -0.138242 -0.0937192 -0.0246313 0.995294 0.832298 0 0 0 1 
4215528470107;0.403602;0.229925;0.953142 0.0402073 -0.29984 0.147384 -0.040762 0.999159 0.0044077 0.206064 0.299765 0.00802092 0.953979 -0.999926 0 0 0 1 
4215528470108;0.717513;0.627572;0.999961 -0.00260245 0.00846984 0.0771703 0.00309416 0.998279 -0.0585677 -0.0528729 -0.00830284 0.0585916 0.998248 0.0860801 0 0 0 1 
4215528470109;0.671253;0.182729;0.999912 -0.0126269 0.00400044 0.032377 0.0126908 0.999786 -0.0163632 -0.0795783 -0.00379296 0.0164125 0.999858 0.605181 0 0 0 1 
4215528470110;0.085073;0.0212344;0.999695 0.0243985 0.00375129 -0.026818 -0.0243712 0.999677 -0.00715464 0.069399 -0.00392464 0.00706104 0.999967 -0.077086 0 0 0 1 
4215528470111;0.687198;0.019579;0.998485 0.00472007 0.0548288 -0.152303 -0.00804834 0.998127 0.0606417 0.00219369 -0.0544399 -0.0609911 0.996653 0.893572 0 0 0 1 
4215528470112;0.990082;0.232426;0.999069 0.0367346 -0.0226192 -0.0916013 -0.0325767 0.986144 0.16266 0.193022 0.0282811 -0.161771 0.986423 0.958375 0 0 0 1 
4215528470113;0.115928;0.113505;0.999852 0.0163501 -0.00540076 0.0215347 -0.0163585 0.999865 -0.00150057 0.0718302 0.0053755 0.0015887 0.999984 -0.0333075 0 0 0 1 
4215528470114;0.310906;0.0164578;0.999995 -0.000389739 0.00324516 -0.167823 0.000399774 0.999995 -0.00309202 -0.0342949 -0.00324394 0.0030933 0.99999 -0.269104 0 0 0 1 
4215528470115;0.363564;0.282655;0.999786 0.00937516 0.0184645 0.0728733 -0.0079043 0.996908 -0.0781804 0.038242 -0.0191403 0.0780177 0.996768 -0.026385 0 0 0 1 
4215528470116;0.348278;0.245694;0.920772 -0.0550696 0.386194 0.24949 0.00831841 0.992532 0.121698 -0.0436758 -0.390012 -0.108843 0.914354 0.995495 0 0 0 1 
4215528470117;0.290367;0.274549;0.997925 0.00445597 -0.0642391 0.00569978 -0.00987461 0.996393 -0.0842825 0.0503189 0.0636318 0.0847419 0.994369 -0.145789 0 0 0 1 
4215528470118;0.65787;0.357926;0.998559 -0.0136054 0.0519083 0.137205 0.0174931 0.997016 -0.0751911 -0.153473 -0.0507304 0.0759908 0.995817 -0.340925 0 0 0 1 
4215528470119;0.205525;0.0448343;0.992524 -0.0796696 0.0924621 0.039722 0.0892929 0.990446 -0.105091 -0.132094 -0.0832062 0.112562 0.990155 0.212053 0 0 0 1 
4215528470120;0.310799;0.253998;0.995233 0.025477 -0.0941433 0.0516748 0.00724594 0.943296 0.331874 0.0886416 0.0972602 -0.330974 0.938614 -0.0347101 0 0 0 1 
4215528470121;0.660347;0.0493115;0.939213 -0.0346456 0.341583 0.261411 0.151597 0.934508 -0.322046 -0.529401 -0.308055 0.354252 0.882954 1.1875 0 0 0 1 
4215528470122;0.789381;0.505002;0.984111 0.00629493 0.177444 -0.0424909 -0.0283352 0.992132 0.121951 0.0984569 -0.17528 -0.125042 0.976546 -0.0108782 0 0 0 1 
4215528470124;0.80876;0.592154;0.947255 0.0047615 0.320446 0.145202 0.0493405 0.985802 -0.160501 -0.0718996 -0.31666 0.167847 0.933571 0.72749 0 0 0 1 
4215528470125;0.139303;0.0703288;0.991098 -0.0376482 -0.1277 0.178578 0.0201854 0.990588 -0.135381 -0.0686678 0.131595 0.131598 0.98253 -0.881847 0 0 0 1 
4215528470126;0.0966618;0.0814149;0.998088 -0.0101066 -0.0609815 0.0293577 0.0109607 0.999846 0.0136882 -0.0374437 0.0608338 -0.0143305 0.998045 -0.262538 0 0 0 1 
4215528470127;0.789796;0.197737;0.999962 -0.00842533 0.00206613 -0.182891 0.00842357 0.999964 0.000856126 -0.000750436 -0.00207327 -0.00083869 0.999997 0.662071 0 0 0 1 
4215528470128;0.207096;0.0194908;0.998774 0.0409679 0.027782 -0.124531 -0.0408929 0.999158 -0.00326249 0.172227 -0.0278923 0.0021224 0.999609 -0.0772552 0 0 0 1 
4215528470129;0.938911;0.0647424;0.999977 0.000449471 0.00669959 -0.0536501 -0.000428008 0.999995 -0.00320472 0.228083 -0.00670099 0.00320179 0.999972 0.869593 0 0 0 1 
4215528470130;0.991785;0.771983;0.985548 0.0435501 -0.1637 -0.212247 -0.0226942 0.99162 0.127178 0.0803179 0.167867 -0.121625 0.978278 -0.142621 0 0 0 1 
4215528470131;0.387282;0.312872;0.999971 -0.00679224 0.0034816 -0.0486577 0.00681731 0.999951 -0.00723964 0.00456511 -0.00343226 0.00726317 0.999968 -0.114388 0 0 0 1 
4215528470132;0.92999;0.420203;0.999591 -0.0184783 0.0218319 0.0987626 0.0193841 0.998928 -0.0420298 -0.010864 -0.0210319 0.0424358 0.998878 -0.788324 0 0 0 1 
4215528470133;0.555582;0.455268;0.999718 0.0131674 0.019785 0.00291248 -0.0085627 0.976138 -0.216981 0.123432 -0.02217 0.21675 0.975975 -0.586193 0 0 0 1 
4215528470134;0.99593;0.708254;0.966097 0.00762212 0.258068 -0.0405265 -0.0291953 0.996378 0.0798663 0.101479 -0.256525 -0.0846929 0.96282 0.488456 0 0 0 1 
4215528470135;1.17319;0.908454;0.988577 -0.0366224 0.146197 0.0202915 0.09061 0.919564 -0.38235 -0.367809 -0.120435 0.39123 0.912379 0.299892 0 0 0 1 
4215528470136;0.830588;0.776485;0.998313 -0.00367782 0.0579475 -0.0357661 -0.0136029 0.955404 0.294987 0.101596 -0.0564482 -0.295278 0.953742 0.975414 0 0 0 1 
4215528470137;0.395265;0.231772;0.987981 -0.034293 0.150725 -0.0111243 -0.0329469 0.905957 0.422085 0.305573 -0.151025 -0.421978 0.893939 1.77388 0 0 0 1 
4215528470138;1.02893;0.916025;0.995455 0.050481 -0.0807554 0.0184895 -0.0397455 0.990793 0.12942 0.151626 0.0865451 -0.125622 0.988296 -0.409917 0 0 0 1 
4215528470139;0.649753;0.295147;0.989653 -0.0458865 -0.135946 -0.038741 0.015086 0.975508 -0.219445 -0.0402173 0.142686 0.215123 0.966107 -0.673729 0 0 0 1 
4215528470140;0.360307;0.0632793;0.901423 -0.0487229 0.43019 0.489731 0.0847301 0.994286 -0.064932 -0.374848 -0.424568 0.0949812 0.9004 1.76575 0 0 0 1 
4215528470141;0.657293;0.393334;0.997484 0.0117452 -0.0699192 -0.26651 -0.0132877 0.999678 -0.0216376 0.0933433 0.0696425 0.0225122 0.997318 -0.444013 0 0 0 1 
4215528470142;0.724166;0.548419;0.99999 0.000751172 0.00444639 -0.0219222 -0.000581324 0.999275 -0.0380777 -0.0981792 -0.00447177 0.0380748 0.999265 0.239786 0 0 0 1 
4215528470143;0.681426;0.0981919;0.944769 0.109519 -0.308896 -0.328799 -0.0322957 0.969037 0.244793 0.277102 0.326141 -0.221297 0.919053 -1.21449 0 0 0 1 
4215528470144;0.404104;0.202573;0.999993 0.000798192 -0.00375962 -0.140207 -0.000629577 0.999003 0.0446387 0.14733 0.0037915 -0.044636 0.998996 0.000386744 0 0 0 1 
4215528470145;0.189223;0.0253503;0.997933 -0.0498124 -0.0406094 0.150741 0.0361743 0.957633 -0.28571 -0.004585 0.0531208 0.28365 0.957455 -0.888362 0 0 0 1 
4215528470146;0.235131;0.075163;0.992082 0.0375909 0.119831 -0.130913 -0.0364744 0.999268 -0.0114978 0.100488 -0.120175 0.00703602 0.992728 0.615929 0 0 0 1 
4215528470147;0.605051;0.209805;0.999377 0.00407941 -0.0350638 -0.307685 -0.00416876 0.999988 -0.00247562 -0.0677774 0.0350533 0.00262025 0.999382 -0.439134 0 0 0 1 
4215528470148;0.594371;0.280068;0.908519 -0.055595 0.414128 0.432201 0.004852 0.992446 0.122587 -0.0939857 -0.417815 -0.109364 0.901926 2.47865 0 0 0 1 
4215528470149;0.787506;0.626722;0.999827 0.000821936 0.0186073 0.0952811 -0.000768093 0.999995 -0.00290061 -0.121229 -0.0186096 0.00288581 0.999823 0.0409815 0 0 0 1 
4215528470150;0.616542;0.21577;0.98593 0.000477418 0.16716 0.0681307 -0.00351509 0.999834 0.0178768 -0.0140553 -0.167124 -0.0182129 0.985768 1.26992 0 0 0 1 
4215528470151;0.660847;0.586164;0.999814 -0.0128592 0.0143444 -0.0131352 0.0139709 0.996673 -0.080304 0.00720342 -0.013264 0.0804895 0.996667 -0.414369 0 0 0 1 
4215528470152;0.936036;0.235836;0.995054 0.00924183 0.0989034 -0.0163432 -0.0137529 0.998891 0.0450263 0.012329 -0.0983776 -0.0461639 0.994078 -0.346325 0 0 0 1 
4215528470153;0.43556;0.432276;0.993879 -0.0323996 -0.105613 0.0179606 0.0162324 0.988479 -0.150486 -0.0267995 0.109272 0.14785 0.982955 -0.860859 0 0 0 1 
4215528470155;0.767559;0.628904;0.999111 0.0387289 -0.0166368 -0.11099 -0.0368773 0.994303 0.100008 0.216331 0.0204152 -0.0993054 0.994848 -0.242513 0 0 0 1 
4215528470156;0.534127;0.0638204;0.955464 0.0950538 -0.27938 0.153499 -0.0669309 0.991835 0.108553 0.22281 0.287417 -0.0850195 0.954025 -1.40303 0 0 0 1 
4215528470157;0.770434;0.400714;0.991198 -0.00314868 0.132349 0.0240816 0.00863843 0.999125 -0.0409257 -0.102182 -0.132104 0.0417088 0.990358 1.14385 0 0 0 1 
4215528470158;0.945303;0.650076;0.985095 0.0626866 -0.160183 0.0581967 -0.0362803 0.986 0.162748 0.208236 0.168142 -0.154511 0.973578 -1.11474 0 0 0 1 
4215528470159;0.28795;0.147173;0.999322 -0.0119896 -0.0348004 -0.0671694 0.0111797 0.999664 -0.0233764 -0.0553681 0.035069 0.0229715 0.999121 0.0944756 0 0 0 1 
4215528470160;0.771203;0.540382;0.998466 -0.0102949 -0.0544043 -0.0168356 0.0086219 0.999485 -0.0308963 0.0290763 0.0546943 0.0303798 0.998041 -0.852444 0 0 0 1 
4215528470161;0.233784;0.193597;0.992892 0.0189156 0.117509 -0.013159 -0.0191659 0.999816 0.00100064 0.0700214 -0.117468 -0.00324569 0.993071 0.316568 0 0 0 1 
4215528470162;0.571431;0.320011;0.997578 0.0137745 0.0681814 -0.320688 -0.0249235 0.985898 0.165483 0.174202 -0.0649404 -0.166782 0.983853 0.641662 0 0 0 1 
4215528470163;0.611739;0.193261;0.998953 -0.0199506 0.0411726 -0.133012 0.0209948 0.999465 -0.0250869 -0.0198031 -0.04065 0.025925 0.998837 0.76568 0 0 0 1 
4215528470164;0.552648;0.464083;0.999074 -0.00950072 0.0419524 0.0348247 0.0110553 0.999255 -0.0369807 -0.135031 -0.0415698 0.0374103 0.998435 0.174222 0 0 0 1 
4215528470165;0.294545;0.104966;0.999027 0.0197905 -0.0394101 -0.0714952 -0.0188593 0.999537 0.0238617 0.269105 0.0398641 -0.0230952 0.998938 -0.223701 0 0 0 1 
4215528470166;0.624564;0.562918;0.998992 -0.00361093 0.0447444 0.0437628 0.00560833 0.998989 -0.0445953 -0.0538582 -0.0445382 0.0448013 0.998003 -0.207187 0 0 0 1 
4215528470167;0.723593;0.213353;0.99968 0.0252976 -0.000439065 -0.235594 -0.0252762 0.99776 -0.0619411 0.0348999 -0.00112888 0.0619324 0.99808 0.768415 0 0 0 1 
4215528470168;0.682452;0.416977;0.926936 0.0978265 -0.362243 -0.202569 -0.0690943 0.993408 0.0914733 0.210768 0.368804 -0.0597609 0.927584 -0.476465 0 0 0 1 
4215528470169;0.452691;0.175861;0.996185 0.0450669 -0.0747228 0.0415599 -0.036497 0.993 0.112331 0.192044 0.0792621 -0.109175 0.990857 -0.60692 0 0 0 1 
4215528470170;0.927037;0.50963;0.976387 0.131649 -0.171279 -0.0944055 -0.0488881 0.906943 0.418407 0.38598 0.210423 -0.400154 0.891964 -0.857681 0 0 0 1 
4215528470171;0.544194;0.370533;0.913708 -0.0251614 -0.405592 0.419959 -0.0692044 0.973867 -0.216317 0.321223 0.400436 0.225719 0.888089 -1.74788 0 0 0 1 
4215528470172;0.700934;0.472458;0.903647 0.00834095 0.428197 0.243355 0.00680016 0.999405 -0.0338184 -0.110845 -0.428224 0.0334717 0.903053 1.73541 0 0 0 1 
4215528470173;0.534414;0.26172;0.983712 0.0346748 -0.176375 0.0303132 -0.0388276 0.999043 -0.0201477 0.19985 0.175508 0.0266678 0.984117 -1.12403 0 0 0 1 
4215528470174;0.297039;0.038383;0.997104 0.072459 0.0230828 -0.0924976 -0.0753491 0.982369 0.171095 0.261164 -0.0102784 -0.172339 0.984984 -0.0978587 0 0 0 1 
4215528470175;0.347703;0.214804;0.99377 0.0242303 0.108786 -0.0173104 -0.0655601 0.916436 0.394775 0.268684 -0.0901303 -0.399447 0.912315 0.532238 0 0 0 1 
4215528470176;0.75672;0.575036;0.950902 -0.00259341 0.309483 -0.00909526 0.0675658 0.977585 -0.199408 -0.0328764 -0.302028 0.210527 0.929762 0.444382 0 0 0 1 
4215528470177;0.756848;0.253002;0.997598 0.0624866 -0.029897 -0.0402407 -0.0506358 0.952333 0.30083 0.116106 0.0472697 -0.298593 0.953209 -0.681912 0 0 0 1 
4215528470178;0.523311;0.474952;0.983449 -0.0245701 -0.179509 0.128518 0.00930096 0.996302 -0.0854117 -0.0156156 0.180944 0.0823285 0.980041 -0.876733 0 0 0 1 
4215528470179;0.41696;0.281921;0.959492 0.109355 -0.259647 -0.088313 -0.0419548 0.966781 0.25214 0.360956 0.278595 -0.231033 0.932206 -0.717874 0 0 0 1 
4215528470180;0.591922;0.291514;0.992474 0.0384629 -0.116262 0.021157 -0.0348255 0.998843 0.0331581 0.169474 0.117403 -0.0288596 0.992665 -0.890354 0 0 0 1 
4215528470181;0.100371;0.0522425;0.997279 0.0702168 -0.0224463 -0.113438 -0.0669953 0.990338 0.121415 0.275655 0.0307548 -0.119581 0.992348 0.00751839 0 0 0 1 
4215528470182;0.852078;0.353003;0.992533 -0.0024672 -0.121955 0.0957183 0.00740278 0.999171 0.040034 0.0110454 0.121755 -0.0406379 0.991728 -1.29042 0 0 0 1 
4215528470183;0.165427;0.0185668;0.998994 -0.00879621 0.0439693 0.110607 0.0135839 0.99386 -0.109805 -0.0436624 -0.0427334 0.110291 0.99298 0.136742 0 0 0 1 
4215528470184;0.841318;0.285645;0.879886 -0.0180846 -0.47484 0.501973 -0.0289066 0.995388 -0.0914742 0.417456 0.474305 0.0942129 0.875305 -2.42242 0 0 0 1 
4215528470186;0.933251;0.569991;0.999778 0.0130164 0.0165396 -0.0485159 -0.0145281 0.995387 0.0948371 0.0263706 -0.0152288 -0.0950564 0.995355 -0.561689 0 0 0 1 
4215528470187;0.872934;0.528106;0.960738 -0.0502038 -0.272877 0.299474 -0.0183026 0.969884 -0.242879 0.373557 0.276852 0.238337 0.930886 -2.31668 0 0 0 1 
4215528470188;0.636802;0.170619;0.999647 0.0230114 -0.0132609 -0.292248 -0.0249675 0.984464 -0.173801 -0.0710564 0.0090555 0.174071 0.984692 0.0178467 0 0 0 1 
4215528470189;0.616608;0.417782;0.921094 0.0176644 0.388939 0.282891 0.0273915 0.993555 -0.109993 -0.158413 -0.388375 0.111968 0.914674 1.71245 0 0 0 1 
4215528470190;0.721491;0.35666;0.999834 0.0155762 0.00945485 -0.108976 -0.0153724 0.999656 -0.0212525 0.0452761 -0.00978263 0.0211036 0.999729 -0.565268 0 0 0 1 
4215528470191;0.988569;0.393645;0.99923 0.0392341 0.000726304 -0.223386 -0.0391241 0.994661 0.0954904 0.141739 0.00302405 -0.0954453 0.99543 1.0036 0 0 0 1 
4215528470192;0.483071;0.389065;0.996417 0.0142811 0.0833593 -0.114244 -0.00657441 0.995737 -0.0920033 -0.0964648 -0.0843178 0.0911256 0.992263 0.211776 0 0 0 1 
4215528470193;1.00219;0.799731;0.99336 -0.0019229 0.115028 0.0249288 -0.00636004 0.997413 0.0715979 -0.0444123 -0.114868 -0.0718541 0.990779 1.15855 0 0 0 1 
4215528470194;0.574823;0.419111;0.971439 -0.0309579 -0.235263 0.195754 -0.038955 0.957196 -0.286807 0.353266 0.234072 0.28778 0.928651 -1.8226 0 0 0 1 
4215528470195;0.262201;0.197667;0.999305 0.0344581 -0.0142528 -0.150432 -0.0338085 0.998479 0.0435531 0.150884 0.0157319 -0.043041 0.998949 0.096086 0 0 0 1 
4215528470196;0.705585;0.202799;0.999102 0.0334102 0.0260469 -0.10003 -0.0358393 0.994424 0.0991775 0.236932 -0.0225881 -0.100022 0.994729 0.911347 0 0 0 1 
4215528470197;0.958351;0.59107;0.972548 -0.0200881 -0.231832 -0.00670833 0.00462096 0.997738 -0.0670682 -0.0550082 0.232654 0.0641558 0.970441 -0.481458 0 0 0 1 
4215528470198;0.657229;0.50059;0.991936 0.0205 -0.125073 0.107093 -0.0137358 0.998408 0.054707 0.115636 0.125995 -0.0525478 0.990638 -0.634567 0 0 0 1 
4215528470199;0.280312;0.0439784;0.956106 0.00964725 0.292861 0.182402 -0.0792847 0.970694 0.226865 0.533588 -0.28209 -0.240127 0.928851 1.58423 0 0 0 1 
4215528470200;0.717676;0.641796;0.978002 0.0548992 -0.201244 -0.0790606 -0.0360706 0.994721 0.0960644 0.189593 0.205455 -0.0866921 0.974819 -0.494224 0 0 0 1 
4215528470201;0.269494;0.0721594;0.998689 -0.024355 0.0450201 0.0503265 0.0253017 0.999468 -0.0205784 0.0803006 -0.0444949 0.0216905 0.998774 0.27718 0 0 0 1 
4215528470202;0.839096;0.45859;0.956145 -0.0348079 0.290818 0.0350917 0.0159101 0.99762 0.0670958 -0.136175 -0.292461 -0.0595264 0.954423 0.675764 0 0 0 1 
4215528470203;0.446878;0.435029;0.999384 0.0312898 -0.0159175 -0.102544 -0.0312914 0.99951 0.000145645 0.0863461 0.0159143 0.000352526 0.999873 -0.0521331 0 0 0 1 
4215528470204;0.245546;0.2665;0.999944 -0.00763262 -0.00730011 -0.0913264 0.00746478 0.999713 -0.0227487 0.0264562 0.00747165 0.022693 0.999715 -0.0743185 0 0 0 1 
4215528470205;0.862633;0.0490495;0.999632 0.026622 -0.0052834 -0.110967 -0.0266177 0.999645 0.000898891 -0.0248114 0.00530545 -0.000757928 0.999986 0.822816 0 0 0 1 
4215528470206;0.412937;0.246983;0.998482 0.0495609 -0.0240281 -0.126769 -0.0403626 0.955245 0.29305 0.147709 0.0374765 -0.291635 0.955795 0.278497 0 0 0 1 
4215528470207;0.79837;0.0551421;0.997826 0.0631025 -0.0190283 0.31313 -0.0479018 0.892627 0.448244 0.0610657 0.0452704 -0.446357 0.893709 0.29146 0 0 0 1 
4215528470208;0.797346;0.339873;0.998504 0.00430284 0.0545008 -0.173271 -0.0166012 0.973689 0.227276 0.218854 -0.0520889 -0.227841 0.972304 1.38679 0 0 0 1 
4215528470209;0.744174;0.0522938;0.99948 0.0255054 -0.0197323 -0.0850906 -0.0259855 0.999363 -0.0244665 0.348895 0.0190957 0.0249666 0.999506 0.55888 0 0 0 1 
4215528470210;0.00963021;0.0116292;0.999978 -0.00339153 0.00571681 -0.000290038 0.00340407 0.999992 -0.00218483 -0.00841778 -0.00570935 0.00220424 0.999981 0.00787864 0 0 0 1 
4215528470211;0.575999;0.278573;0.994583 0.0338383 -0.0982808 -0.0220859 -0.0303939 0.998877 0.0363355 0.156916 0.0994 -0.0331515 0.994495 -0.843584 0 0 0 1 
4215528470212;0.0961837;0.0210396;0.999209 -0.0384033 -0.010298 0.114715 0.0366982 0.990461 -0.132817 -0.110815 0.0153003 0.132334 0.991087 -0.289788 0 0 0 1 
4215528470213;0.289621;0.227806;0.968712 -0.0440636 -0.244244 0.269795 -0.0358671 0.948928 -0.313449 0.244599 0.245582 0.312402 0.917657 -1.64758 0 0 0 1 
4215528470214;0.573067;0.172662;0.999222 -0.0122271 -0.0375014 0.126542 0.0140878 0.998662 0.0497629 -0.0207828 0.0368428 -0.0502525 0.998057 -0.575924 0 0 0 1 
4215528470215;0.890995;0.399464;0.999866 -0.0160323 0.00316512 -0.0194991 0.0160756 0.999771 -0.0141554 0.0325057 -0.00293745 0.0142044 0.999895 -0.834667 0 0 0 1 
4215528470217;1.22438;0.0949557;0.999686 0.0187603 -0.0166191 0.287004 -0.0191363 0.999558 -0.0227619 0.326565 0.0161847 0.0230728 0.999603 -0.970893 0 0 0 1 
4215528470218;0.463441;0.650279;0.99951 -0.0269707 -0.0159026 0.0411362 0.0235539 0.982338 -0.185629 8.98313e-05 0.0206283 0.185163 0.982491 -1.23826 0 0 0 1 
4215528470219;1.25639;0.929538;0.997167 0.0577931 -0.0481413 -0.177529 -0.0417083 0.957467 0.285511 0.283106 0.0625942 -0.282694 0.957166 0.3957 0 0 0 1 
4215528470220;0.864498;0.0789337;0.987245 0.048207 0.151736 -0.35678 -0.107042 0.906477 0.408462 0.75205 -0.117854 -0.419494 0.900075 3.25126 0 0 0 1 
4215528470221;0.77456;0.917256;0.97428 -0.00474409 0.22529 -0.154614 0.000441355 0.999817 0.0191452 -0.0740956 -0.225339 -0.0185534 0.974104 2.35526 0 0 0 1 
4215528470222;0.34545;0.310222;0.998402 -0.0389362 0.0409443 0.148302 0.0393659 0.999177 -0.00974108 -0.375673 -0.0405313 0.0113373 0.999114 0.26324 0 0 0 1 
4215528470223;0.822643;0.522044;0.993889 -0.0657493 -0.0886639 0.623933 0.0551345 0.991569 -0.117267 -0.295653 0.0956265 0.111662 0.989135 -1.98791 0 0 0 1 
4215528470224;0.61224;0.250216;0.998234 -0.030117 0.0511996 0.226186 0.0376177 0.987587 -0.152503 -0.149041 -0.0459711 0.154159 0.986976 -0.0947587 0 0 0 1 
4215528470225;0.96443;0.502595;0.999844 -0.00266326 0.0174578 -0.028887 0.00269312 0.999995 -0.00168703 0.237516 -0.0174532 0.00173378 0.999846 -0.087055 0 0 0 1 
4215528470226;1.60186;0.388014;0.998473 0.0531674 0.0149799 -0.602744 -0.0547995 0.919356 0.38959 0.588309 0.00694168 -0.389816 0.920866 2.89372 0 0 0 1 
4215528470227;0.62327;0.165123;0.99374 0.0247943 0.108934 -0.201501 -0.0171787 0.997378 -0.070301 0.335634 -0.110391 0.0679896 0.99156 0.466593 0 0 0 1 
4215528470228;0.76285;0.758603;0.971825 0.00999502 -0.235493 0.488541 0.0126044 0.995467 0.0942659 -0.195214 0.235368 -0.0945782 0.967294 -1.94568 0 0 0 1 
4215528470229;0.828483;0.0823574;0.93514 0.0151097 -0.353956 0.72544 -0.0382837 0.997549 -0.0585609 0.692781 0.352203 0.0683134 0.933427 -4.08837 0 0 0 1 
4215528470230;1.52282;0.768613;0.999901 0.0129699 -0.00539707 -0.334938 -0.0129151 0.999866 0.0100649 0.518394 0.00552689 -0.00999421 0.999935 -0.0938392 0 0 0 1 
4215528470231;1.36079;1.29406;0.953944 0.0464721 -0.296362 0.720376 -0.0402456 0.998823 0.0270795 0.426364 0.297271 -0.0139051 0.954692 -3.17376 0 0 0 1 
4215528470232;1.01124;0.401558;0.995455 0.0291968 0.0906468 -0.277628 -0.033417 0.99841 0.045393 0.204331 -0.0891774 -0.0482158 0.994848 0.713936 0 0 0 1 
4215528470233;0.360528;0.0611684;0.999771 -0.0191902 -0.00946448 0.13543 0.019296 0.999751 0.011217 -0.36351 0.00924686 -0.0113971 0.999892 0.0930257 0 0 0 1 
4215528470234;0.247697;0.124885;0.999991 0.003757 0.00195355 -0.0941987 -0.00375383 0.999992 -0.00162083 0.0586086 -0.00195962 0.00161348 0.999997 -0.0408059 0 0 0 1 
4215528470235;1.12906;1.23927;0.982327 -0.0749327 -0.17152 0.725059 0.0370936 0.976128 -0.214004 0.00956965 0.183461 0.203859 0.961657 -3.12589 0 0 0 1 
4215528470236;0.421865;0.237897;0.986133 0.158189 -0.0501831 -0.603856 -0.136411 0.944837 0.297782 1.41552 0.0945208 -0.286807 0.953314 0.494774 0 0 0 1 
4215528470237;1.6174;1.06912;0.999768 0.0132169 -0.0170253 -0.213387 -0.0130666 0.999875 0.00890601 -0.0183749 0.0171408 -0.00868148 0.999815 0.568273 0 0 0 1 
4215528470238;1.42655;0.203514;0.973936 -0.0907784 0.207863 0.228921 0.119266 0.984462 -0.12888 -1.40211 -0.192934 0.150312 0.96963 2.00999 0 0 0 1 
4215528470239;1.23487;0.509178;0.994106 0.0339435 -0.102961 -0.288975 -0.0295359 0.998593 0.0440355 0.281839 0.104311 -0.0407349 0.99371 -0.273992 0 0 0 1 
4215528470240;1.31981;0.46296;0.996483 -0.0457842 0.0701781 0.0259057 0.0485164 0.998109 -0.0377344 -0.49559 -0.0683178 0.0410064 0.996821 1.20018 0 0 0 1 
4215528470241;0.144224;0.0650671;0.994233 -0.0556744 0.0916551 0.211105 0.0617286 0.996 -0.0646003 -0.552666 -0.0876919 0.0698855 0.993693 0.497938 0 0 0 1 
4215528470242;0.341886;0.165258;0.995092 -0.0778182 0.0611329 0.310158 0.0846047 0.989444 -0.117657 -0.743562 -0.0513317 0.122251 0.991171 -0.243095 0 0 0 1 
4215528470243;0.806737;0.622145;0.998261 -0.0393606 0.0438846 0.135621 0.041871 0.997448 -0.0578347 -0.246368 -0.0414962 0.0595716 0.997361 -0.011013 0 0 0 1 
4215528470244;0.044198;0.0498031;0.99959 0.0286156 0.000454814 -0.157906 -0.0286163 0.999589 0.0015201 0.30437 -0.000411129 -0.00153249 0.999999 -0.0267597 0 0 0 1 
4215528470245;1.65415;0.657216;0.999964 0.00199044 0.0082858 0.0432016 -0.00145425 0.997935 -0.0642221 0.307948 -0.00839652 0.0642077 0.997901 -1.14088 0 0 0 1 
4215528470246;0.359411;0.362807;0.992246 -0.0708776 0.102103 0.281726 0.0786411 0.994143 -0.0741292 -0.666828 -0.0962511 0.0815839 0.992008 0.534316 0 0 0 1 
4215528470248;1.05013;0.979834;0.992075 0.00645281 -0.12548 -0.107323 -0.0102472 0.999509 -0.0296168 0.0841542 0.125227 0.0306679 0.991654 -0.629799 0 0 0 1 
4215528470249;0.429566;0.0377898;0.976157 -0.0492776 0.211398 0.253658 -0.0124032 0.959637 0.280968 0.0559658 -0.216711 -0.276891 0.936145 2.71775 0 0 0 1 
4215528470250;0.0803374;0.0469852;0.998779 0.0465605 -0.0165352 -0.196479 -0.0452369 0.996306 0.0729869 0.224444 0.0198724 -0.0721497 0.997196 0.149342 0 0 0 1 
4215528470251;0.907231;0.744943;0.994894 0.00787765 0.100617 -0.183028 -0.0159568 0.996688 0.0797457 0.114876 -0.099656 -0.080944 0.991724 0.691626 0 0 0 1 
4215528470252;0.54782;0.0238314;0.999766 0.0182277 -0.0116088 -0.00165322 -0.0179757 0.999608 0.0214538 0.0431952 0.0119953 -0.0212401 0.999702 -0.510827 0 0 0 1 
4215528470253;0.780027;0.627706;0.971988 0.0397165 -0.231649 0.16472 -0.0367085 0.999177 0.0172825 0.318051 0.232145 -0.00829494 0.972646 -1.42707 0 0 0 1 
4215528470254;0.503441;0.115483;0.976846 -0.00112092 0.213943 0.00349474 -0.0365399 0.98442 0.171996 0.0883765 -0.210802 -0.175831 0.961585 1.49998 0 0 0 1 
4215528470255;0.683372;0.387991;0.996914 -0.0182451 0.076356 -0.0160816 0.0250864 0.99566 -0.0896204 -0.280593 -0.0743895 0.0912593 0.993045 0.389256 0 0 0 1 
4215528470256;0.928983;0.407032;0.996987 0.0456182 -0.0627316 -0.359929 -0.0434543 0.998427 0.0354377 0.287828 0.0642495 -0.032605 0.997401 0.41155 0 0 0 1 
4215528470257;0.749547;0.265252;0.995301 -0.0306726 -0.0918408 0.34975 0.0137326 0.983628 -0.179685 0.187944 0.0958486 0.17758 0.979428 -1.85137 0 0 0 1 
