#;prob_registration_l1 -r /home/probabilistic_point_clouds_registration/build/tester /home/point_clouds_registration_benchmark//devel/registration_pairs/planetary_map_local.txt /home/point_clouds_registration_benchmark//planetary/p2at_met -s 0.2 -t 0.2 -p 0.3 -r 1000 -m 10 -i 40 
id;initial_error;final_error;transformation
25528382210000;2.8561;1.71118;0.999935 -0.0112182 0.00195844 -0.677769 0.0111856 0.999811 0.0159084 -0.162419 -0.00213653 -0.0158855 0.999872 1.41084 0 0 0 1 
25528382210001;2.11331;1.6345;0.999976 -0.00468242 -0.0050205 -0.264173 0.00545343 0.98601 0.166595 -0.930286 0.00417019 -0.166619 0.986013 -9.05485 0 0 0 1 
25528382210002;1.70145;1.58434;0.975434 0.00100004 0.220289 0.577824 0.0533961 0.969096 -0.240836 -2.32069 -0.213722 0.246682 0.945236 13.6963 0 0 0 1 
25528382210003;1.37022;0.487465;0.999991 0.00383864 -0.00169997 -0.103412 -0.00382466 0.999959 0.00815493 0.0364315 0.00173121 -0.00814836 0.999965 0.668474 0 0 0 1 
25528382210004;1.75339;1.29192;0.966829 -0.0491345 0.250656 -2.12294 0.0173378 0.991685 0.127519 -0.267556 -0.254837 -0.118943 0.959641 -5.50289 0 0 0 1 
25528382210005;0.735848;0.415006;0.994345 0.00473232 0.106093 0.476811 0.0281412 0.951553 -0.306195 -3.06227 -0.102402 0.307449 0.946039 16.4193 0 0 0 1 
25528382210006;1.57164;0.578041;0.997524 -0.0104401 -0.0695434 -0.523477 0.00922096 0.999799 -0.0178286 -0.0358848 0.0697155 0.0171432 0.99742 -1.1203 0 0 0 1 
25528382210007;1.73822;1.47835;0.999988 0.00182645 -0.00443727 0.312056 -0.00207047 0.99845 -0.0556262 -0.242142 0.00432879 0.0556348 0.998442 2.27063 0 0 0 1 
25528382210008;0.906109;0.87936;0.995017 0.0120664 0.0989676 0.875374 -0.0128842 0.999888 0.00762893 0.108932 -0.0988645 -0.00886604 0.995061 0.107808 0 0 0 1 
25528382210009;0.490985;0.291877;0.971226 0.0361203 -0.235403 1.64959 -0.0113869 0.994344 0.105592 0.0534036 0.237886 -0.0998731 0.966145 -6.59219 0 0 0 1 
25528382210010;2.17163;1.32494;0.990185 -0.0298641 -0.136538 -1.33701 -0.0324267 0.901162 -0.432268 -4.45476 0.135952 0.432452 0.891348 18.4848 0 0 0 1 
25528382210011;2.42393;1.87327;0.999633 0.0243375 -0.0119284 1.33372 -0.0224005 0.989626 0.141911 -0.0838205 0.0152584 -0.141592 0.989807 -8.70992 0 0 0 1 
25528382210012;1.04957;0.451364;0.997821 -0.0138541 -0.0645112 -0.716648 0.00976039 0.997944 -0.0633458 -0.665174 0.0652562 0.0625781 0.995904 3.31652 0 0 0 1 
25528382210013;1.47687;1.22319;0.999989 -0.00410619 0.00244586 -0.156551 0.00408953 0.999969 0.00677894 -0.021416 -0.00247362 -0.00676886 0.999974 0.307659 0 0 0 1 
25528382210014;2.77484;2.25804;0.98365 -0.0218643 0.178759 -0.50191 -0.0439707 0.933405 0.356122 -2.67887 -0.174641 -0.358159 0.917182 -15.9026 0 0 0 1 
25528382210015;1.8346;1.70136;0.996734 0.00307933 0.0806953 0.247256 0.0024267 0.997679 -0.0680455 -0.189193 -0.0807176 0.0680191 0.994413 4.61136 0 0 0 1 
25528382210016;0.567147;0.362388;0.994173 0.00777095 -0.107516 0.310571 0.0097465 0.986833 0.161449 -0.786308 0.107355 -0.161556 0.981007 -9.2695 0 0 0 1 
25528382210017;2.04883;1.43583;0.952623 0.0481541 -0.300319 2.02451 0.0191034 0.975965 0.217086 -1.11559 0.303554 -0.212539 0.928807 -11.4578 0 0 0 1 
25528382210018;2.95759;1.73206;0.999353 0.0331147 -0.0140074 1.23311 -0.0250872 0.921268 0.388118 -2.79387 0.0257569 -0.387515 0.921503 -17.6344 0 0 0 1 
25528382210019;2.21355;1.95714;0.995988 0.00861097 0.0890714 0.667393 -0.00830832 0.999958 -0.00376796 0.217861 -0.0891002 0.00301281 0.996018 -0.15948 0 0 0 1 
25528382210020;0.308749;0.280939;0.98363 -0.0252454 0.178421 -1.04016 0.0687262 0.967854 -0.241941 -2.56528 -0.166577 0.250243 0.953745 13.4714 0 0 0 1 
25528382210021;1.80312;1.39395;0.999892 0.0128334 -0.00712511 0.721117 -0.0124081 0.998306 0.0568382 -0.0424204 0.00784247 -0.0567437 0.998358 -2.07841 0 0 0 1 
25528382210022;2.94324;2.57333;0.874114 -0.0235843 -0.485148 -1.19571 -0.00995164 0.997741 -0.0664331 0.0202551 0.485619 0.0628981 0.871905 0.32439 0 0 0 1 
25528382210023;1.21687;1.05607;0.889158 -0.0102836 -0.457484 -0.331699 -0.0283244 0.996594 -0.0774529 0.162062 0.456722 0.0818258 0.885838 0.318406 0 0 0 1 
25528382210024;1.44022;1.38227;0.999017 -0.0154617 0.0415564 -0.702743 0.0170667 0.999111 -0.0385499 -0.335169 -0.0409234 0.0392212 0.998392 1.78166 0 0 0 1 
25528382210025;2.35204;2.18462;0.999976 -0.0024818 -0.00642052 0.0947338 0.00255106 0.999938 0.0108017 -0.146799 0.00639332 -0.0108178 0.999921 -0.753377 0 0 0 1 
25528382210026;1.69358;0.499432;0.997707 -0.000168249 0.0676753 -0.0779763 -0.0010543 0.999837 0.0180288 0.299092 -0.0676673 -0.0180588 0.997544 -1.97089 0 0 0 1 
25528382210027;2.42888;1.65851;0.997619 -0.0140874 0.0675185 -0.800625 0.0156838 0.999608 -0.0231732 -0.333629 -0.0671656 0.024177 0.997449 3.34869 0 0 0 1 
25528382210028;0.814222;0.280133;0.970489 0.00550663 -0.241081 0.478254 -0.0256186 0.996436 -0.0803696 0.0723825 0.239779 0.084174 0.967172 1.79475 0 0 0 1 
25528382210029;0.390701;0.305683;0.972589 -0.0555923 -0.22579 -2.89212 -0.0112025 0.958672 -0.284292 -2.40667 0.232263 0.279029 0.931771 12.0713 0 0 0 1 
25528382210031;1.54457;0.763714;0.999655 0.0187962 -0.0183691 0.510028 -0.0178521 0.998576 0.0502732 -0.0568086 0.0192879 -0.0499279 0.998567 -3.1754 0 0 0 1 
25528382210032;0.49374;0.408596;0.999824 0.0183355 -0.00387574 0.488505 -0.0177319 0.992493 0.121012 -0.00275226 0.00606546 -0.120922 0.992643 -3.70981 0 0 0 1 
25528382210033;0.496545;0.387289;0.998317 0.00938457 0.057237 0.245541 -0.0101975 0.999851 0.0139272 0.0225109 -0.0570978 -0.0144875 0.998263 -0.444463 0 0 0 1 
25528382210034;1.67751;1.30977;0.999551 -0.00722337 -0.0290762 -0.122432 0.00417373 0.994609 -0.103609 -0.197377 0.0296679 0.103441 0.994193 1.86222 0 0 0 1 
25528382210035;1.14274;0.450343;0.996819 0.015176 -0.0782377 0.522684 -0.0114988 0.998817 0.0472394 -0.0344012 0.078862 -0.0461895 0.995815 -3.29702 0 0 0 1 
25528382210036;0.657758;0.333477;0.998726 0.0112596 0.0491874 0.288232 -0.0170978 0.992634 0.119937 0.0236792 -0.0474747 -0.120625 0.991562 -2.74375 0 0 0 1 
25528382210037;0.42747;0.278014;0.942667 0.0196926 -0.333152 0.796145 0.000247561 0.998216 0.059705 -0.153766 0.333734 -0.0563644 0.940981 -5.03997 0 0 0 1 
25528382210038;2.16463;1.55236;0.995081 -0.0137435 -0.0981044 -0.572042 0.0103631 0.999338 -0.0348843 -0.197129 0.0985189 0.0336961 0.994565 1.76015 0 0 0 1 
25528382210039;1.45509;1.22741;0.999816 0.00535561 0.0184261 0.127201 -0.00650398 0.998003 0.0628384 0.0671076 -0.0180528 -0.0629466 0.997854 -1.01262 0 0 0 1 
25528382210040;1.05221;1.01804;0.995749 -0.0112713 -0.0914176 -0.330248 0.0068354 0.99879 -0.0486921 -0.11331 0.0918558 0.0478602 0.994621 0.398771 0 0 0 1 
25528382210041;1.71424;0.927871;0.909306 -0.0180213 0.415738 0.884399 -0.00985006 0.99785 0.0647988 0.122777 -0.416011 -0.0630169 0.907173 3.25158 0 0 0 1 
25528382210042;0.574012;0.369448;0.988571 -0.00719479 0.150582 -0.0600283 0.0560516 0.944793 -0.322838 -2.48387 -0.139946 0.327589 0.934399 11.5598 0 0 0 1 
25528382210043;0.513876;0.249766;0.999908 0.0100338 0.00913538 0.432547 -0.0117002 0.978503 0.205902 -0.403235 -0.00687301 -0.20599 0.97853 -6.73726 0 0 0 1 
25528382210044;0.355334;0.243949;0.914922 -0.0126333 0.403433 0.654294 -0.0424629 0.990951 0.12733 0.144658 -0.401391 -0.133628 0.906106 -0.802489 0 0 0 1 
25528382210045;1.15928;1.08127;0.999239 0.00264838 -0.0389054 -0.00156782 -0.00448321 0.998878 -0.0471502 -0.0371672 0.0387369 0.0472887 0.99813 0.819611 0 0 0 1 
25528382210046;2.5411;1.15234;0.995134 0.0186963 0.0967456 0.710653 -0.0557802 0.916256 0.396692 -2.37068 -0.081227 -0.400158 0.91284 -13.8172 0 0 0 1 
25528382210047;2.63214;2.24605;0.962908 -0.0753638 -0.25909 -2.50833 -0.0186589 0.939307 -0.34257 -2.24736 0.269183 0.334698 0.90306 8.76353 0 0 0 1 
25528382210048;0.0550198;0.110524;0.999715 0.0104858 -0.0214501 0.196495 -0.0108139 0.999825 -0.0152393 0.066816 0.0212865 0.0154669 0.999654 0.21507 0 0 0 1 
25528382210049;0.624254;0.321656;0.999038 0.0183859 0.0398064 0.495667 -0.0265159 0.976361 0.214514 -0.277993 -0.0349214 -0.215363 0.975909 -5.89162 0 0 0 1 
25528382210050;1.7141;0.280239;0.999645 0.0146196 0.0222828 0.328592 -0.0134853 0.998647 -0.0502316 0.19802 -0.022987 0.0499133 0.998489 3.56775 0 0 0 1 
25528382210051;0.731618;0.727065;0.998764 0.0117743 -0.0482817 0.307606 -0.00730414 0.995756 0.0917374 -0.0194837 0.049157 -0.0912714 0.994612 -3.21053 0 0 0 1 
25528382210052;0.501673;0.388663;0.9455 0.015869 -0.325235 0.695823 0.0227586 0.993149 0.11462 -0.24997 0.324825 -0.115775 0.938661 -6.3601 0 0 0 1 
25528382210053;0.245766;0.29098;0.996418 0.00220975 0.0845341 0.061348 0.0101354 0.989331 -0.145329 -0.543601 -0.0839534 0.145666 0.985765 5.05786 0 0 0 1 
25528382210054;2.27774;1.77183;0.99847 -0.00550165 0.0550293 -0.126512 0.00835822 0.998622 -0.0518153 -0.120535 -0.0546684 0.052196 0.997139 3.4712 0 0 0 1 
25528382210055;0.613367;0.630018;0.996885 0.00941008 -0.0783035 0.165694 -0.00701526 0.999501 0.0308029 0.0389419 0.0785543 -0.0301576 0.996454 -1.4764 0 0 0 1 
25528382210056;2.21606;2.0408;0.992839 0.0332329 -0.114746 1.08747 -0.00733089 0.975665 0.219143 -0.603918 0.119237 -0.216732 0.968922 -8.48109 0 0 0 1 
25528382210057;2.17431;1.94177;0.999904 -0.00139675 -0.0137644 -0.233987 0.000879724 0.999296 -0.0374975 -0.180825 0.0138071 0.0374818 0.999202 1.74565 0 0 0 1 
25528382210058;0.777574;0.488048;0.943682 0.0893853 -0.318551 2.83075 0.0357714 0.929605 0.366817 -2.23982 0.328914 -0.357554 0.874054 -13.7409 0 0 0 1 
25528382210059;0.655634;0.301399;0.998439 0.0210139 -0.0517475 0.581479 -0.0161715 0.995602 0.0922783 -0.0452635 0.0534591 -0.0912974 0.994388 -3.99876 0 0 0 1 
25528382210060;1.3379;0.405389;0.944821 -0.0518135 -0.323463 -1.72303 -0.014511 0.979823 -0.199338 -0.869207 0.327265 0.193032 0.925006 4.34482 0 0 0 1 
25528382210062;1.314;0.938391;0.996222 0.00940028 -0.0863275 0.334381 -0.00508673 0.998734 0.0500519 0.0367913 0.0866887 -0.0494237 0.995009 -2.15104 0 0 0 1 
25528382210063;2.15505;1.46706;0.999969 -0.00774175 -0.00142355 -0.512581 0.00765685 0.998606 -0.0522208 0.0638686 0.00182585 0.0522083 0.998635 3.14251 0 0 0 1 
25528382210064;0.553066;0.449225;0.984908 -0.0014827 0.173073 -0.0637014 0.0276828 0.988439 -0.149067 -0.744915 -0.170851 0.151609 0.973563 10.1526 0 0 0 1 
25528382210065;1.61508;0.692746;0.994419 0.0274845 -0.101861 1.98168 -0.00975519 0.985289 0.170619 -0.917533 0.105052 -0.168673 0.980058 -12.4162 0 0 0 1 
25528382210066;1.78743;1.00173;0.999961 0.00256354 0.00845613 0.143685 -0.00275898 0.999727 0.0231827 -0.0190729 -0.00839439 -0.0232051 0.999695 -0.782454 0 0 0 1 
25528382210067;0.672032;0.538557;0.9937 -0.0176774 -0.110669 -2.3169 0.00740677 0.995682 -0.0925373 -0.562474 0.111827 0.0911346 0.98954 11.8948 0 0 0 1 
25528382210068;1.84994;0.822307;0.997869 0.0070307 -0.0648632 0.0765348 -0.00373201 0.9987 0.0508379 0.0889025 0.0651363 -0.0504875 0.996598 -1.64297 0 0 0 1 
25528382210069;2.23987;0.432485;0.981168 -0.030071 -0.190802 -3.42659 -0.015059 0.972892 -0.230769 -3.1597 0.19257 0.229296 0.954118 24.8437 0 0 0 1 
25528382210070;2.2156;0.895972;0.999948 -0.00118938 -0.0101196 -0.391616 0.0012259 0.999993 0.00360388 -0.0169895 0.0101152 -0.00361609 0.999942 2.26799 0 0 0 1 
25528382210071;1.44584;1.2687;0.998963 -0.0451836 0.00559435 -4.44892 0.0427836 0.889601 -0.45473 -11.0048 0.0155696 0.454497 0.890612 44.5577 0 0 0 1 
25528382210072;1.6175;1.60679;0.998325 -0.038395 -0.0432851 -4.0517 0.0202731 0.932795 -0.359836 -7.2116 0.0541921 0.358356 0.932011 37.1098 0 0 0 1 
25528382210073;2.148;0.384822;0.999048 0.00704097 -0.0430558 0.169149 -0.00507886 0.998951 0.045512 0.10817 0.0433311 -0.04525 0.998035 -1.00369 0 0 0 1 
25528382210074;1.21241;0.404216;0.991311 -0.00575515 0.131413 -0.382155 0.0037474 0.999873 0.0155204 0.193797 -0.131486 -0.0148931 0.991206 -6.36303 0 0 0 1 
25528382210075;0.469924;0.152964;0.967741 -0.0267687 -0.250523 -4.10821 -0.0143482 0.986871 -0.160874 -2.0128 0.25154 0.159279 0.954651 21.4258 0 0 0 1 
25528382210076;1.94829;1.25012;0.999902 0.00563842 -0.0128391 0.239047 -0.00460179 0.996833 0.0793848 0.142679 0.013246 -0.0793179 0.996761 -5.61162 0 0 0 1 
25528382210077;1.55351;0.720453;0.999845 0.0104651 -0.0141317 1.1854 -0.00951325 0.997786 0.0658188 -0.237323 0.0147892 -0.0656741 0.997732 -8.04352 0 0 0 1 
25528382210078;1.78754;1.48698;0.999821 9.07304e-05 0.0189211 -0.0308975 -0.000666769 0.999536 0.0304402 0.0737916 -0.0189096 -0.0304473 0.999357 -2.5635 0 0 0 1 
25528382210079;0.52952;0.333534;0.966313 -0.0194112 -0.256638 -3.53218 -0.00794316 0.994427 -0.105123 -1.02457 0.257248 0.10362 0.960774 16.2304 0 0 0 1 
25528382210080;0.579865;0.173759;0.999946 -0.00178096 -0.0102175 -0.274714 0.00179036 0.999998 0.000910894 0.0325332 0.0102158 -0.000929138 0.999947 0.735304 0 0 0 1 
25528382210081;1.6725;1.64861;0.999614 -0.00988622 0.0259824 -0.875882 0.011616 0.997666 -0.0672888 -0.0897437 -0.0252565 0.0675646 0.997395 5.85409 0 0 0 1 
25528382210082;1.80785;0.253149;0.959933 -0.012975 0.279929 -1.20969 -0.0274859 0.989751 0.14013 -1.1276 -0.278879 -0.14221 0.949738 -19.336 0 0 0 1 
25528382210083;0.928935;0.236231;0.981695 -0.0353907 -0.187144 -4.7632 -0.00424921 0.97827 -0.20729 -3.06444 0.190413 0.204291 0.960212 25.8631 0 0 0 1 
25528382210084;1.83208;1.47707;0.998773 -0.0144962 -0.047347 -1.45731 0.0082921 0.99165 -0.128693 -0.82108 0.0488172 0.128143 0.990554 12.3598 0 0 0 1 
25528382210085;0.401662;0.277313;0.993768 0.0526068 -0.098272 4.89731 -0.0205071 0.952863 0.302708 -4.30129 0.109564 -0.298807 0.948003 -27.563 0 0 0 1 
25528382210086;1.45129;1.24831;0.996633 0.00306266 -0.0819331 -0.115005 -0.00521396 0.999647 -0.0260557 -0.203655 0.0818244 0.0263952 0.996297 5.39941 0 0 0 1 
25528382210087;0.345605;0.155465;0.939284 -0.00258807 0.343132 -0.71563 0.0324116 0.99617 -0.0812093 0.167554 -0.341608 0.0874 0.93577 0.0486651 0 0 0 1 
25528382210088;0.167837;0.146945;0.999935 -0.00335777 -0.0108867 -0.374359 0.00337304 0.999993 0.00138449 0.0858866 0.010882 -0.00142112 0.99994 -0.174337 0 0 0 1 
25528382210089;1.83562;1.81312;0.999869 -0.00331396 0.0158394 -0.276738 0.00383625 0.999446 -0.0330579 -0.000730316 -0.0157211 0.0331144 0.999328 2.52976 0 0 0 1 
25528382210090;2.15758;0.148756;0.999988 0.000433222 -0.0049551 -0.150996 -0.000566479 0.999637 -0.0269232 -0.199308 0.00494164 0.0269257 0.999625 5.35527 0 0 0 1 
25528382210091;0.893388;0.486938;0.999844 -0.0139057 0.0108627 -1.40821 0.0151443 0.992191 -0.123808 -0.846426 -0.00905625 0.123953 0.992247 12.7498 0 0 0 1 
25528382210093;1.89713;0.239474;0.977939 0.0468487 -0.203571 -1.02978 -0.0271169 0.994752 0.0986593 -0.447351 0.207124 -0.0909626 0.974077 4.41479 0 0 0 1 
25528382210094;0.825331;0.284471;0.997859 0.0249346 -0.0604695 0.0200021 -0.00400236 0.946032 0.324049 0.302158 0.0652861 -0.323113 0.944106 -1.9018 0 0 0 1 
25528382210095;0.858473;0.701718;0.961115 0.0651618 0.268352 0.363403 -0.10154 0.987075 0.123986 -1.52052 -0.256804 -0.146414 0.955309 -4.39457 0 0 0 1 
25528382210096;0.8797;0.330164;0.95994 0.0423511 0.276988 0.446066 -0.142062 0.925608 0.350812 -2.15105 -0.241525 -0.376108 0.894544 -6.95192 0 0 0 1 
25528382210097;2.1961;1.45027;0.998758 -0.00186254 0.0497981 0.259542 0.00133228 0.999942 0.0106792 -0.17217 -0.0498151 -0.0105996 0.998702 -2.18645 0 0 0 1 
25528382210098;1.08082;0.313037;0.999862 0.016321 -0.00316829 0.317371 -0.0165202 0.996744 -0.078923 -0.927633 0.00186987 0.0789644 0.996876 -0.127952 0 0 0 1 
25528382210099;0.565162;0.382473;0.949115 -0.0462742 -0.311511 -1.83356 0.00863373 0.992598 -0.121143 -0.126264 0.31481 0.112289 0.942489 5.7486 0 0 0 1 
25528382210100;1.81678;1.72045;0.99905 0.0351009 0.0258253 0.382809 -0.0402401 0.970539 0.237562 -0.235994 -0.0167258 -0.238375 0.971029 -1.65793 0 0 0 1 
25528382210101;0.708323;0.490726;0.998994 -0.0277548 -0.0352276 -0.433333 0.0262566 0.99876 -0.0423035 0.33392 0.036358 0.0413359 0.998484 1.33384 0 0 0 1 
25528382210102;2.25601;1.7825;0.996751 -0.0063057 -0.0803009 -0.00655136 -0.00369088 0.992308 -0.123736 -0.466071 0.0804635 0.12363 0.989061 0.78595 0 0 0 1 
25528382210103;0.72475;0.478442;0.999567 0.0284184 -0.00760246 0.240835 -0.0278989 0.997723 0.0614055 -0.395391 0.00933019 -0.0611668 0.998084 0.421994 0 0 0 1 
25528382210104;2.73972;1.65044;0.990135 0.0520984 -0.13007 -0.248785 -0.0141196 0.960677 0.277308 0.438618 0.139402 -0.272736 0.951936 2.47039 0 0 0 1 
25528382210105;1.37462;0.311779;0.986316 0.0449657 0.158614 0.478752 0.0387189 0.872001 -0.487971 -1.88171 -0.160254 0.487435 0.858327 -0.5652 0 0 0 1 
25528382210106;1.98093;0.153319;0.994169 -0.0676926 -0.0839335 -0.250594 0.0317907 0.9278 -0.371721 -0.0817807 0.103036 0.366885 0.924542 2.03363 0 0 0 1 
25528382210107;2.7132;2.07503;0.99955 0.00981746 0.0283292 0.270489 -0.0111113 0.998885 0.045881 -0.247079 -0.0278472 -0.0461751 0.998545 -2.36738 0 0 0 1 
25528382210108;2.24596;0.861787;0.9813 0.0623802 -0.182098 0.133906 -0.0569133 0.997762 0.0350997 -1.93672 0.18388 -0.0240796 0.982654 1.59291 0 0 0 1 
25528382210109;1.35089;0.296739;0.99681 0.0217572 0.076792 0.514467 -0.0140558 0.994944 -0.0994408 -0.366661 -0.0785673 0.0980442 0.992076 -1.80071 0 0 0 1 
25528382210110;1.54595;0.963616;0.997655 0.0559466 -0.0394235 0.0884833 -0.0288299 0.865946 0.499306 0.378161 0.0620731 -0.496999 0.865528 -2.21782 0 0 0 1 
25528382210111;0.364366;0.241437;0.984948 -0.0141688 -0.172269 -0.85019 0.0058944 0.998808 -0.0484487 -0.079811 0.17275 0.046704 0.983858 3.28327 0 0 0 1 
25528382210112;2.44837;1.89098;0.994146 -0.0101382 0.107565 -0.0354565 -0.0134366 0.976257 0.216199 0.239213 -0.107203 -0.216379 0.970406 -1.36431 0 0 0 1 
25528382210113;0.357128;0.282665;0.99914 0.0383293 0.015802 0.351846 -0.0392335 0.997332 0.0615529 -0.613052 -0.0134006 -0.0621199 0.997979 -0.20199 0 0 0 1 
25528382210114;2.52967;1.00756;0.948589 -0.0529548 0.312048 -0.70502 0.154 0.938555 -0.308868 1.8408 -0.276518 0.341044 0.898458 -4.38729 0 0 0 1 
25528382210115;1.99023;0.310642;0.998128 -0.00180268 -0.0611338 -0.485119 0.0028896 0.999839 0.0176956 0.144633 0.0610921 -0.0178392 0.997973 2.8885 0 0 0 1 
25528382210116;0.274109;0.238942;0.998501 0.00940737 -0.0539111 -0.225773 0.00409144 0.969525 0.244959 0.512199 0.0545725 -0.244812 0.968033 -0.621957 0 0 0 1 
25528382210117;0.456139;0.288916;0.972899 0.0453108 0.226746 0.432922 -0.0901766 0.977317 0.191623 -1.25415 -0.21292 -0.206877 0.954917 -4.77465 0 0 0 1 
25528382210118;1.00279;0.194757;0.998648 -0.00655453 0.0515583 0.0140231 0.00610817 0.999943 0.00881009 0.104329 -0.0516131 -0.00848326 0.998631 -1.77183 0 0 0 1 
25528382210119;1.53716;0.990765;0.994438 0.0418782 0.0966445 0.207052 -0.0191778 0.974213 -0.224815 -1.52009 -0.103567 0.221711 0.969597 0.408184 0 0 0 1 
25528382210120;1.16367;0.638076;0.999575 -0.00793549 0.0280476 -0.0200884 0.00701106 0.999434 0.0329051 0.452354 -0.0282928 -0.0326945 0.999065 0.226631 0 0 0 1 
25528382210121;1.92017;1.68418;0.99799 0.0231789 0.058981 0.339372 -0.0351687 0.976811 0.211196 -0.331759 -0.052718 -0.212846 0.975663 -3.2183 0 0 0 1 
25528382210122;1.42171;0.477523;0.995449 0.0232953 -0.0924033 0.132542 -0.0263109 0.999156 -0.0315521 -0.390024 0.0915902 0.0338397 0.995222 0.357133 0 0 0 1 
25528382210124;1.41534;0.528424;0.999772 0.0129434 -0.0169539 1.1439 -0.0119868 0.998394 0.0553605 -0.363934 0.0176432 -0.0551446 0.998322 -5.85295 0 0 0 1 
25528382210125;0.633729;0.326085;0.991731 -0.0419428 -0.121289 -3.51367 0.0246813 0.989778 -0.140466 -0.799821 0.12594 0.13631 0.982628 11.9855 0 0 0 1 
25528382210126;0.445145;0.297314;0.952157 -0.00970884 -0.305455 -1.60032 0.0157621 0.999725 0.017357 0.103843 0.305202 -0.0213412 0.952048 -0.0332445 0 0 0 1 
25528382210127;0.670288;0.632504;0.998383 -0.0133964 -0.0552497 -1.14052 0.00980181 0.997848 -0.0648259 -0.232077 0.0559992 0.0641795 0.996366 5.55616 0 0 0 1 
25528382210128;2.24311;1.75869;0.999963 -0.00713107 0.00475454 -0.296258 0.00723399 0.999732 -0.0219932 -0.0844059 -0.00459643 0.0220267 0.999747 -0.227519 0 0 0 1 
25528382210129;1.80511;1.46887;0.984803 0.0133555 0.17316 1.30228 -0.0144371 0.999883 0.00498774 0.148539 -0.173073 -0.00741186 0.984881 -0.243992 0 0 0 1 
25528382210130;0.986557;0.163941;0.998972 0.0116451 0.0438127 0.913778 -0.0150719 0.996783 0.0787162 -0.0287415 -0.0427551 -0.0792956 0.995934 -5.38397 0 0 0 1 
25528382210131;2.11864;1.91983;0.98393 -0.110449 -0.140297 -8.85467 0.037648 0.896395 -0.441654 -8.45757 0.174542 0.429275 0.886148 34.2148 0 0 0 1 
25528382210132;0.163045;0.152917;0.999933 0.00141922 -0.011518 0.0820067 -0.00178352 0.999496 -0.0316804 -0.127993 0.0114673 0.0316988 0.999432 2.37067 0 0 0 1 
25528382210133;1.8377;0.908721;0.999873 -0.00211824 -0.0158251 -0.42236 0.00195847 0.999947 -0.0101043 0.0747237 0.0158457 0.010072 0.999824 2.80858 0 0 0 1 
25528382210134;1.18998;0.860252;0.999988 -0.0046587 0.0012831 -0.464793 0.00469619 0.99951 -0.0309476 -0.0609331 -0.00113829 0.0309533 0.99952 3.33422 0 0 0 1 
25528382210135;0.879278;0.716537;0.999215 0.0116118 0.0378674 0.877725 -0.013199 0.999033 0.0419363 -0.00751307 -0.0373438 -0.0424032 0.998402 -2.95249 0 0 0 1 
25528382210136;1.20454;0.980678;0.938028 0.0332111 0.344964 2.74059 0.0241724 0.986703 -0.160724 -1.0294 -0.345715 0.159102 0.924753 11.3177 0 0 0 1 
25528382210137;0.490225;0.508675;0.999867 -0.0106349 0.0123922 -0.725043 0.0114337 0.997736 -0.0662759 -0.24713 -0.0116593 0.0664088 0.997724 4.882 0 0 0 1 
25528382210138;0.898047;0.900734;0.999875 -0.0106308 0.0117415 -0.752778 0.0116003 0.996241 -0.0858486 -0.344883 -0.0107847 0.085974 0.996239 6.36135 0 0 0 1 
25528382210139;0.258844;0.206313;0.998374 -0.00644785 0.0566412 -0.381607 0.00922711 0.998759 -0.0489443 -0.151436 -0.0562553 0.0493873 0.997194 3.61438 0 0 0 1 
25528382210140;1.51354;1.34956;0.999569 -0.00967634 0.0277209 -0.671992 0.0127454 0.99354 -0.112769 -0.608443 -0.0264507 0.113073 0.993234 7.90332 0 0 0 1 
25528382210141;0.177514;0.204148;0.968482 0.0167466 0.248521 1.58798 -0.0322788 0.997762 0.0585558 -0.26162 -0.246984 -0.0647322 0.966855 -6.64194 0 0 0 1 
25528382210142;1.7221;1.4287;0.991228 0.011381 -0.131671 0.490722 0.00693269 0.990436 0.137798 -0.290782 0.13198 -0.137502 0.981669 -9.6072 0 0 0 1 
25528382210143;1.74732;1.63666;0.993784 -0.0137785 -0.110466 -1.33009 0.00930738 0.99912 -0.0408895 0.0591018 0.110932 0.0396072 0.993038 3.80907 0 0 0 1 
25528382210144;0.62636;0.606633;0.985332 -0.0146007 -0.17002 -1.42176 0.014635 0.999892 -0.00105151 0.102043 0.170017 -0.00145216 0.98544 0.768808 0 0 0 1 
25528382210145;2.23099;1.73087;0.982423 0.0172248 0.185874 1.7109 -0.0269915 0.998377 0.0501425 -0.0627659 -0.184708 -0.0542782 0.981293 -3.72473 0 0 0 1 
25528382210146;0.123351;0.127391;0.987636 -0.000554084 0.156764 0.178536 -7.56471e-07 0.999994 0.00353924 -0.00811018 -0.156765 -0.0034956 0.98763 -1.25201 0 0 0 1 
25528382210147;2.1323;0.3276;0.99994 -0.00160375 0.0108158 -0.385112 0.00175278 0.999903 -0.0137837 0.118657 -0.0107926 0.0138018 0.999847 3.62598 0 0 0 1 
25528382210148;1.17842;0.502749;0.999933 -0.00829877 -0.00811028 -0.767504 0.00794024 0.999031 -0.043282 -0.0387835 0.00846161 0.0432147 0.99903 4.59857 0 0 0 1 
25528382210149;1.8032;1.70304;0.974386 0.0348234 -0.222169 2.30667 0.0209008 0.969638 0.243651 -1.97583 0.223908 -0.242053 0.944074 -18.4083 0 0 0 1 
25528382210150;1.89528;1.8216;0.991736 0.00441286 0.128217 0.470386 0.00879641 0.994717 -0.102274 -0.412492 -0.127991 0.102557 0.986459 7.25659 0 0 0 1 
25528382210151;1.38396;0.500137;0.99998 0.00569727 0.00262637 0.639947 -0.00569067 0.999981 -0.00251387 -0.18476 -0.00264064 0.00249887 0.999993 -1.62149 0 0 0 1 
25528382210152;1.90731;1.8075;0.999468 0.00452129 -0.0323138 0.420584 -0.0018094 0.996509 0.083465 -0.306423 0.0325784 -0.0833621 0.995987 -7.41553 0 0 0 1 
25528382210153;0.627318;0.184803;0.968516 -0.0613606 -0.241271 -5.49614 0.0209088 0.985774 -0.166772 -1.28675 0.248072 0.156476 0.956021 14.3421 0 0 0 1 
25528382210155;0.972428;0.580545;0.996614 -0.0418843 -0.0707532 -2.79572 0.00703236 0.900792 -0.434193 -7.41061 0.0819198 0.432225 0.898037 27.1552 0 0 0 1 
25528382210156;1.01473;0.730656;0.991693 0.0132036 -0.12795 0.42262 -0.00726275 0.998878 0.046787 -0.126975 0.128424 -0.0454691 0.990676 -1.40573 0 0 0 1 
25528382210157;0.233342;0.243262;0.998373 0.00121225 -0.0570001 -0.130487 -0.00470022 0.998121 -0.0610981 -0.419949 0.056819 0.0612666 0.996503 4.81621 0 0 0 1 
25528382210158;0.218897;0.190471;0.999944 -0.00367583 -0.00991782 -0.245791 0.00372676 0.99998 0.00512191 0.123959 0.00989879 -0.00515858 0.999938 -0.397396 0 0 0 1 
25528382210159;0.424214;0.210803;0.968544 -0.0134756 0.248477 -0.690895 0.0971749 0.93973 -0.327817 -2.37715 -0.229084 0.341651 0.91148 14.5951 0 0 0 1 
25528382210160;0.944861;0.818384;0.999077 -0.0113358 -0.0414439 -0.732928 0.00319081 0.98148 -0.191537 -1.77718 0.0428476 0.191227 0.98061 11.9188 0 0 0 1 
25528382210161;0.607772;0.416171;0.983944 -0.0129066 0.178012 -0.591863 0.0341065 0.992599 -0.116553 0.0115633 -0.175191 0.120753 0.977101 1.73083 0 0 0 1 
25528382210162;0.465464;0.262386;0.991724 0.00408016 0.128324 0.497287 -0.0222246 0.989862 0.140285 -0.64482 -0.126451 -0.141975 0.98176 -12.1085 0 0 0 1 
25528382210163;0.301031;0.200067;0.999898 0.00816836 -0.0116962 0.379533 -0.00779393 0.999467 0.0317082 0.0488635 0.011949 -0.0316138 0.999429 -1.1772 0 0 0 1 
25528382210164;0.262538;0.253601;0.999984 -0.00559121 0.000447678 -0.341098 0.00558864 0.999969 0.00553942 0.16386 -0.000478636 -0.00553683 0.999985 -0.544024 0 0 0 1 
25528382210165;0.165591;0.164586;0.999922 0.00288736 -0.012152 0.0832118 -0.00169042 0.995246 0.0973783 0.0253544 0.0123754 -0.0973501 0.995173 -5.37367 0 0 0 1 
25528382210166;1.12952;0.761816;0.972898 0.00471219 -0.231185 -0.723816 0.00461778 0.999197 0.0397994 0.139622 0.231187 -0.0397883 0.972095 0.819335 0 0 0 1 
25528382210167;0.708722;0.196082;0.994844 -0.0137332 -0.100481 -1.54182 0.0075012 0.998039 -0.0621384 -0.270865 0.101137 0.0610643 0.992997 7.36549 0 0 0 1 
25528382210168;1.1418;0.277504;0.999818 0.00545796 0.0182714 0.194165 -0.00490122 0.999526 -0.0303781 -0.218072 -0.0184285 0.030283 0.999371 4.14436 0 0 0 1 
25528382210169;0.757933;0.727344;0.995005 0.00296005 0.0997858 0.4456 -3.9038e-05 0.999572 -0.0292621 -0.183827 -0.0998297 0.029112 0.994579 -0.901101 0 0 0 1 
25528382210170;0.338329;0.100752;0.988434 0.00675691 0.151501 0.648415 0.054153 0.917417 -0.394226 -4.88045 -0.141653 0.39787 0.90644 19.7155 0 0 0 1 
25528382210171;0.814741;0.690322;0.994981 0.0170969 -0.0985888 0.351611 -0.0129789 0.999022 0.0422602 -0.100536 0.0992149 -0.0407685 0.994231 1.09068 0 0 0 1 
25528382210172;0.85032;0.252888;0.991146 0.0620902 -0.117366 2.50433 -0.0176345 0.937653 0.347125 -2.09002 0.131602 -0.341981 0.930446 -15.0383 0 0 0 1 
25528382210173;0.630488;0.535647;0.999756 0.00292036 -0.0218802 0.165239 -0.00136273 0.997485 0.0708684 0.0987266 0.0220321 -0.0708213 0.997246 -4.55187 0 0 0 1 
25528382210174;0.36066;0.199145;0.961434 0.105579 -0.253963 4.19008 -0.00698482 0.932461 0.361204 -2.56422 0.274946 -0.3455 0.897237 -14.4268 0 0 0 1 
25528382210175;0.400793;0.384829;0.999776 0.00122278 0.0211112 0.161559 0.00103294 0.994311 -0.106509 -0.642572 -0.0211213 0.106507 0.994088 5.90726 0 0 0 1 
25528382210176;0.342834;0.165477;0.984593 -0.00117837 0.17486 0.177201 -0.0295087 0.984516 0.17279 -0.953671 -0.172356 -0.175288 0.969313 -14.848 0 0 0 1 
25528382210177;0.260067;0.12192;0.997342 -0.0290954 -0.0668037 -1.9549 0.0100191 0.962869 -0.269784 -2.78681 0.0721727 0.268398 0.960601 17.0789 0 0 0 1 
25528382210178;0.926206;0.25959;0.999829 -0.00562813 0.0176205 -0.463082 0.00544194 0.999929 0.010597 0.192628 -0.0176789 -0.0104992 0.999789 1.19002 0 0 0 1 
25528382210179;0.695785;0.259827;0.999962 -0.00342947 -0.0079908 -0.066268 0.00206294 0.98627 -0.165129 -1.03241 0.00844739 0.165107 0.98624 8.08907 0 0 0 1 
25528382210180;0.109455;0.0861492;0.999693 0.00953801 0.0228699 0.617812 -0.0110759 0.997618 0.0680904 -0.121902 -0.022166 -0.0683228 0.997417 -4.61223 0 0 0 1 
25528382210181;0.971587;0.618243;0.944372 0.00217406 0.328872 -0.350392 0.0165086 0.998404 -0.0540054 0.317224 -0.328464 0.0564304 0.942829 -6.40629 0 0 0 1 
25528382210182;0.540657;0.336241;0.998503 0.0019697 0.0546692 0.325026 -0.00137 0.999939 -0.011005 -0.12393 -0.0546875 0.0109136 0.998444 -1.72221 0 0 0 1 
25528382210183;0.488607;0.37024;0.970079 0.00328628 0.242767 0.425492 -0.00170993 0.999976 -0.00670367 0.0489054 -0.242784 0.00608798 0.970061 -4.74626 0 0 0 1 
25528382210184;0.107925;0.069166;0.99991 0.00807539 -0.0107555 0.392997 -0.00792584 0.999872 0.013875 -0.106192 0.0108662 -0.0137885 0.999846 -0.364816 0 0 0 1 
25528382210186;2.61464;0.486715;0.906387 0.0391852 -0.420626 0.0737591 0.0495406 0.978959 0.197952 -0.0838703 0.419533 -0.200259 0.885375 -5.49793 0 0 0 1 
25528382210187;2.55948;0.26352;0.999955 0.00923342 0.00196909 0.671754 -0.00921442 0.999913 -0.00945041 -0.333461 -0.00205618 0.00943185 0.999953 -2.0268 0 0 0 1 
25528382210188;2.1137;0.615471;0.992955 -0.0134712 -0.117725 -0.495911 -0.00131875 0.992199 -0.124659 -0.339655 0.118486 0.123936 0.985191 4.44908 0 0 0 1 
25528382210189;3.03095;1.72062;0.932025 -0.000743415 0.362393 0.51347 0.0185443 0.998786 -0.0456444 0.124889 -0.361919 0.0492621 0.930907 -0.735123 0 0 0 1 
25528382210190;2.58604;2.34469;0.94342 0.0375635 0.329466 1.7428 0.0284142 0.980751 -0.193182 -1.01295 -0.330381 0.191613 0.924193 4.38453 0 0 0 1 
25528382210191;2.29839;1.25394;0.993972 -0.00753631 0.109374 -0.183235 -0.0326179 0.932129 0.360654 -1.2167 -0.104669 -0.362047 0.926265 -14.0266 0 0 0 1 
25528382210192;1.26077;0.958244;0.997398 0.0200764 -0.0692433 0.738986 -0.0177601 0.999267 0.0339068 -0.227914 0.0698733 -0.0325888 0.997023 -1.33683 0 0 0 1 
25528382210193;1.94741;1.21132;0.975757 -0.0197966 0.217959 -0.613656 0.0482894 0.99083 -0.126188 0.120098 -0.213462 0.133654 0.967766 0.85599 0 0 0 1 
25528382210194;0.500481;0.398301;0.991443 0.0630744 -0.114288 1.99091 -0.0129846 0.918826 0.39445 -2.12703 0.12989 -0.389591 0.911782 -14.2361 0 0 0 1 
25528382210195;0.447325;0.215516;0.993664 0.00453409 0.112301 0.39357 0.0246011 0.966182 -0.256685 -1.69743 -0.109667 0.257821 0.959949 8.77324 0 0 0 1 
25528382210196;0.672791;0.486354;0.999774 -0.0207757 -0.00439793 -0.959674 0.0209474 0.998835 0.043482 0.463578 0.00348944 -0.0435643 0.999045 -1.50454 0 0 0 1 
25528382210197;1.68816;1.598;0.999855 0.0143349 0.00922748 0.516575 -0.0146511 0.999274 0.0351641 -0.043445 -0.00871671 -0.0352942 0.999339 -1.47072 0 0 0 1 
25528382210198;0.0806703;0.144614;0.99985 -0.0171848 -0.00206266 -0.735032 0.0171522 0.999742 -0.0148994 0.257288 0.00231817 0.0148618 0.999887 0.549331 0 0 0 1 
25528382210199;2.04506;0.63888;0.985314 -0.0259612 0.168766 -0.738049 0.0274853 0.9996 -0.00670063 0.440706 -0.168525 0.0112408 0.985633 -3.47937 0 0 0 1 
25528382210200;1.86353;1.52956;0.986235 -0.0754196 -0.147147 -3.76856 0.0256035 0.94884 -0.314719 -2.58984 0.163355 0.306619 0.93771 14.5649 0 0 0 1 
25528382210201;1.69978;1.54149;0.977442 -0.012579 0.210829 -0.144511 -0.011298 0.993681 0.111667 0.0197112 -0.210902 -0.11153 0.971124 -7.95115 0 0 0 1 
25528382210202;3.09717;0.60967;0.999643 -0.0104639 0.024585 -0.749887 0.0117007 0.998645 -0.0507117 0.0766938 -0.0240211 0.0509813 0.998411 4.44781 0 0 0 1 
25528382210203;2.66545;0.393954;0.99994 0.00780965 -0.00764368 0.0482464 -0.00724718 0.997447 0.0710354 0.191176 0.00817893 -0.0709758 0.997445 -0.356387 0 0 0 1 
25528382210204;2.12678;2.01667;0.999999 -0.0015405 0.0006508 -0.0938356 0.00153564 0.999971 0.00739302 0.17682 -0.00066217 -0.00739201 0.999972 -0.237998 0 0 0 1 
25528382210205;2.17534;0.403381;0.970608 0.00762173 -0.240547 -0.0705487 0.00111292 0.999346 0.036155 -0.106045 0.240665 -0.03536 0.969964 -0.52423 0 0 0 1 
25528382210206;0.615844;0.269362;0.999706 -0.000806269 0.024235 0.00968602 0.00274546 0.996784 -0.0800898 -0.360018 -0.0240925 0.0801328 0.996493 3.29061 0 0 0 1 
25528382210207;2.70191;2.47538;0.998461 -0.0154279 0.0532761 -0.376759 0.020097 0.995896 -0.088247 -0.0635624 -0.051696 0.0891819 0.994673 1.54431 0 0 0 1 
25528382210208;0.254784;0.25623;0.998589 0.0184352 -0.0497989 0.59684 -0.016914 0.999383 0.0307978 -0.194511 0.0503359 -0.029912 0.998284 -0.61237 0 0 0 1 
25528382210209;0.401221;0.388461;0.999886 0.00999376 -0.0113353 0.340149 -0.00952937 0.999142 0.0403079 -0.0106721 0.0117284 -0.0401953 0.999123 -1.40953 0 0 0 1 
25528382210210;3.26762;2.72152;0.998201 0.0571333 0.0181951 2.42545 -0.0598327 0.929294 0.364462 -2.84195 0.00391434 -0.364895 0.93104 -15.8038 0 0 0 1 
25528382210211;2.11433;0.896264;0.999082 0.0266811 0.0335174 0.998183 -0.0322029 0.983715 0.176827 -0.305095 -0.0282536 -0.177744 0.983671 -5.78817 0 0 0 1 
25528382210212;0.939666;0.385603;0.982068 0.0122033 0.188129 0.772766 0.0221333 0.983538 -0.179338 -0.859518 -0.187221 0.180287 0.965632 4.05975 0 0 0 1 
25528382210213;1.20317;1.05283;0.996282 0.00550575 0.0859779 0.35826 -0.0136322 0.995458 0.0942187 0.0415128 -0.0850687 -0.0950405 0.991832 -4.64798 0 0 0 1 
25528382210214;2.77469;1.04007;0.985347 0.0342997 0.167079 1.70987 0.00166712 0.977588 -0.210521 -1.56381 -0.170555 0.207715 0.963206 8.22527 0 0 0 1 
25528382210215;2.52413;2.34746;0.999654 0.01129 -0.0237595 0.394885 -0.0050673 0.968946 0.247219 -0.647862 0.0258128 -0.247013 0.968668 -10.0558 0 0 0 1 
25528382210217;1.06109;1.04175;0.972181 -0.0160772 -0.233677 -1.65831 0.00653907 0.999116 -0.0415352 -0.0829893 0.234138 0.0388518 0.971427 4.26163 0 0 0 1 
25528382210218;0.551084;0.519334;0.99991 0.010052 0.00884534 0.927257 -0.010594 0.997924 0.0635224 -0.207879 -0.00818845 -0.0636104 0.997941 -5.55961 0 0 0 1 
25528382210219;0.422673;0.393839;0.974601 -0.00344216 0.22392 -0.279015 -0.00553478 0.999206 0.03945 -0.0355035 -0.223878 -0.0396874 0.973809 -4.44066 0 0 0 1 
25528382210220;1.03905;0.976607;0.962166 0.0563258 -0.266578 4.84598 -0.0186011 0.989695 0.141977 -0.977407 0.271828 -0.131647 0.953299 -11.1389 0 0 0 1 
25528382210221;1.31298;0.643568;0.997873 -0.011536 -0.0641561 -1.29953 0.00256866 0.99041 -0.138135 -1.17471 0.0651344 0.137676 0.988333 14.0545 0 0 0 1 
25528382210222;1.56771;1.21534;0.98683 0.0415788 -0.156325 4.18561 -0.0239482 0.993304 0.113018 -0.755554 0.159977 -0.107786 0.981218 -10.8445 0 0 0 1 
25528382210223;0.395381;0.300705;0.998247 0.00468185 -0.0590072 0.295968 -0.00157096 0.998611 0.0526569 -0.0584084 0.0591718 -0.0524719 0.996868 -4.22535 0 0 0 1 
25528382210224;1.45898;1.13727;0.994954 -0.00189003 -0.100317 -0.559925 0.00362283 0.999847 0.0170938 0.0487288 0.10027 -0.017371 0.994809 -0.0852852 0 0 0 1 
25528382210225;0.647882;0.343163;0.955829 0.043784 -0.290645 3.30628 0.00130064 0.988203 0.153145 -0.922849 0.293921 -0.146758 0.944496 -11.442 0 0 0 1 
25528382210226;0.247807;0.255757;0.994312 0.0111942 -0.105913 0.970081 -0.00916752 0.999766 0.0196028 -0.0777121 0.106108 -0.0185204 0.994182 -1.31613 0 0 0 1 
25528382210227;1.67052;0.434885;0.99983 -0.00493167 0.0177439 -0.702785 0.00491013 0.999987 0.0012576 -0.00794427 -0.0177499 -0.00117026 0.999842 2.05168 0 0 0 1 
25528382210228;0.941077;0.330146;0.999832 -0.0025926 -0.0181268 0.0731897 0.00143179 0.997964 -0.0637604 -0.149 0.0182552 0.0637238 0.997801 4.28674 0 0 0 1 
25528382210229;1.84373;1.81088;0.999447 -0.0159189 -0.0291811 -1.53489 0.0139065 0.997594 -0.0679133 -0.181321 0.030192 0.06747 0.997264 6.2944 0 0 0 1 
25528382210230;0.815476;0.716822;0.999946 -0.00647264 -0.00818639 -0.692939 0.00641417 0.999954 -0.00714886 0.0296847 0.00823228 0.00709597 0.999941 1.00218 0 0 0 1 
25528382210231;0.945073;0.490851;0.999946 0.0016082 -0.0102753 0.0114234 -0.00171254 0.999947 -0.0101534 -0.0632685 0.0102585 0.0101705 0.999896 1.99389 0 0 0 1 
25528382210232;0.385786;0.337378;0.994753 0.00432707 0.10221 0.450475 -0.0135131 0.995908 0.0893531 -0.328455 -0.101405 -0.0902655 0.990742 -8.96273 0 0 0 1 
25528382210233;0.215723;0.149336;0.999048 0.0390846 0.0193773 3.48418 -0.0432906 0.943072 0.329759 -5.12822 -0.00538576 -0.330284 0.943866 -29.7542 0 0 0 1 
25528382210234;1.80049;1.30387;0.999853 -0.0150964 0.00816988 -1.03557 0.0156345 0.997396 -0.0704047 -0.0334993 -0.00708575 0.0705221 0.997485 4.23067 0 0 0 1 
25528382210235;1.841;1.838;0.98079 0.00961543 0.194827 0.869553 -0.0481894 0.97977 0.194238 -1.86148 -0.189018 -0.199895 0.961413 -18.2077 0 0 0 1 
25528382210236;0.783834;0.538057;0.992422 0.0033305 0.122828 0.419349 -0.00925151 0.99882 0.047667 -0.101014 -0.122524 -0.0484421 0.991283 -4.17587 0 0 0 1 
25528382210237;0.646121;0.492549;0.995781 -0.00388259 -0.0916805 -0.256456 0.00343441 0.999981 -0.00504582 0.0326723 0.0916984 0.00470967 0.995776 0.0680274 0 0 0 1 
25528382210238;0.978297;0.809369;0.994228 -0.0180257 0.105759 -1.68928 0.0303519 0.992771 -0.116126 -0.590094 -0.102901 0.118665 0.987588 10.7743 0 0 0 1 
25528382210239;1.51578;0.140102;0.995368 -0.0124854 0.0953207 -1.49718 0.018157 0.998101 -0.0588675 -0.146889 -0.0944047 0.0603256 0.993704 7.06784 0 0 0 1 
25528382210240;0.466545;0.410549;0.999751 0.0216873 -0.00522483 1.85307 -0.0202364 0.980255 0.196697 -1.69301 0.00938749 -0.196542 0.98045 -17.5263 0 0 0 1 
25528382210241;1.93577;1.86509;0.988937 0.00841297 0.148095 0.837454 -0.029419 0.989682 0.14023 -0.933772 -0.145387 -0.143036 0.978981 -13.4224 0 0 0 1 
25528382210242;0.86252;0.471076;0.996548 -0.0277453 0.0782459 -2.56164 0.0429509 0.978868 -0.199929 -1.89772 -0.0710454 0.2026 0.976681 18.6689 0 0 0 1 
25528382210243;0.905546;0.268805;0.969914 -0.0061744 0.243369 -0.400569 -0.00654471 0.998656 0.0514194 -0.0547314 -0.243359 -0.0514652 0.96857 -4.60199 0 0 0 1 
25528382210244;0.219604;0.230621;0.999845 0.00144239 -0.0175281 0.127401 -0.00178868 0.999803 -0.019757 -0.05533 0.0174962 0.0197853 0.999651 1.66556 0 0 0 1 
25528382210245;0.165948;0.125978;0.980594 -0.00732863 0.195914 -0.579651 0.00383197 0.999827 0.0182211 0.0469683 -0.196013 -0.0171167 0.980452 -2.73351 0 0 0 1 
25528382210246;1.5805;1.40159;0.998623 -0.00186478 0.0524294 -0.28131 0.00096499 0.999852 0.017182 0.00234577 -0.0524537 -0.0171078 0.998477 -0.775514 0 0 0 1 
25528382210248;1.80404;1.5824;0.997115 0.000670389 0.0759066 0.177244 0.0110635 0.988 -0.154056 -0.755502 -0.075099 0.154452 0.985142 8.07128 0 0 0 1 
25528382210249;2.65063;0.649739;0.999327 -0.0127996 0.0343873 -0.505947 0.012402 0.999854 0.0117503 0.123696 -0.0345327 -0.0113159 0.99934 -3.54297 0 0 0 1 
25528382210250;0.988386;0.240412;0.988741 -0.0247953 -0.147565 -1.81286 0.0158004 0.997962 -0.0618184 -0.242284 0.148797 0.0587908 0.987119 3.7864 0 0 0 1 
25528382210251;1.96971;0.718744;0.999288 0.000611137 -0.0377218 0.172804 0.000858338 0.999242 0.0389271 0.34334 0.037717 -0.0389318 0.99853 -4.3525 0 0 0 1 
25528382210252;1.48555;1.28228;0.99988 0.0153876 0.00196687 0.934633 -0.0153846 0.999881 -0.00150441 -0.165365 -0.00198978 0.00147397 0.999997 0.419462 0 0 0 1 
25528382210253;1.51489;0.41738;0.999245 0.00710946 0.0381996 0.562729 -0.00564578 0.999251 -0.0382888 0.0559428 -0.0384432 0.0380442 0.998536 0.463762 0 0 0 1 
25528382210254;2.5409;2.02046;0.999224 0.018685 0.0346648 1.19493 -0.0235774 0.988918 0.14658 -0.221004 -0.0315418 -0.147284 0.988591 -10.0842 0 0 0 1 
25528382210255;0.438009;0.186224;0.995664 -0.00034051 -0.0930234 -0.22074 -0.00794563 0.996028 -0.0886909 -0.437802 0.0926841 0.0890455 0.991706 5.0299 0 0 0 1 
25528382210256;0.895108;0.520863;0.960926 0.0116291 0.276561 1.29509 0.0680696 0.958509 -0.276815 -3.19087 -0.268306 0.284824 0.920265 16.9054 0 0 0 1 
25528382210257;0.887196;0.827898;0.999358 -0.0029293 0.0357199 -0.0332495 0.00258581 0.99995 0.00965861 -0.041367 -0.0357464 -0.00956004 0.999315 -0.758619 0 0 0 1 
25528382210258;2.46932;0.566882;0.999441 0.0207907 -0.0261988 1.55422 -0.0221686 0.998324 -0.0534513 0.0663602 0.0250436 0.0540022 0.998227 0.178952 0 0 0 1 
25528382210259;0.355498;0.242721;0.994637 -0.0124059 0.10268 -0.434028 0.057852 0.889679 -0.452907 -7.11964 -0.0857335 0.456418 0.885625 25.3493 0 0 0 1 
