#;prob_registration_l1 -r /home/probabilistic_point_clouds_registration/build/tester /home/point_clouds_registration_benchmark//devel/registration_pairs/stairs_local.txt /home/point_clouds_registration_benchmark//eth/stairs -s 0.2 -t 0.2 -p 0.3 -r 1000 -m 10 -i 40 
id;initial_error;final_error;transformation
5494384560000;0.832403;0.0440343;0.994298 0.10639 -0.00723531 0.806674 -0.106099 0.993814 0.0328133 0.410248 0.0106816 -0.0318585 0.999435 0.402197 0 0 0 1 
5494384560001;0.315086;0.0715631;0.913291 0.244215 -0.325973 1.57433 -0.215306 0.96882 0.122599 1.35107 0.345749 -0.0417844 0.937396 -2.31077 0 0 0 1 
5494384560002;0.630491;0.0365794;0.999317 -0.0291866 -0.02268 0.706164 0.0291488 0.999573 -0.00199829 -0.314787 0.0227286 0.00133583 0.999741 0.100588 0 0 0 1 
5494384560003;0.317466;0.0307732;0.969515 -0.0606168 -0.237417 0.8892 0.135445 0.940012 0.313102 -1.91581 0.204195 -0.335714 0.919565 -1.37529 0 0 0 1 
5494384560004;0.657978;0.0318512;0.998373 0.0529097 0.0212616 -0.196323 -0.0548627 0.992932 0.105247 0.641689 -0.0155427 -0.106242 0.994219 0.599682 0 0 0 1 
5494384560005;0.751618;0.0443734;0.993916 -0.0992235 -0.0478148 -0.42417 0.104289 0.987433 0.118745 -1.5717 0.0354317 -0.123009 0.991773 -0.411859 0 0 0 1 
5494384560006;0.696898;0.313889;0.97933 0.110863 -0.169183 0.620587 -0.124867 0.989374 -0.0744787 0.913871 0.159128 0.0940645 0.982767 -0.671739 0 0 0 1 
5494384560007;0.399045;0.0452862;0.928567 -0.368095 -0.0476344 0.814361 0.370211 0.927715 0.0478386 -3.14016 0.026582 -0.0620561 0.997719 -0.194668 0 0 0 1 
5494384560008;0.231215;0.0453592;0.972814 -0.207653 -0.102539 0.408948 0.194437 0.972857 -0.125473 -1.10866 0.12581 0.102125 0.986784 -0.795707 0 0 0 1 
5494384560009;0.454804;0.0437722;0.99002 -0.0279697 -0.138125 0.676587 0.0353316 0.998066 0.0511372 -0.623246 0.136428 -0.0555071 0.989094 -0.657076 0 0 0 1 
5494384560010;0.83506;0.0341358;0.99998 -0.0062088 -0.00105257 -0.0229064 0.00622565 0.999839 0.0168368 0.0403217 0.000947866 -0.0168431 0.999858 0.882083 0 0 0 1 
5494384560011;0.300381;0.0415608;0.996127 0.0554505 0.0682297 -0.230562 -0.0320047 0.951487 -0.30602 0.947768 -0.0818886 0.302652 0.949577 0.692275 0 0 0 1 
5494384560012;0.513405;0.0516821;0.943414 0.0612433 -0.325912 1.13224 -0.128419 0.973586 -0.188782 1.38081 0.305741 0.219953 0.92636 -1.63271 0 0 0 1 
5494384560013;0.592232;0.0213282;0.994064 0.00264816 -0.108768 0.430728 -0.00718539 0.999119 -0.0413441 0.791061 0.108562 0.0418802 0.993207 -0.757082 0 0 0 1 
5494384560014;0.784839;0.705601;0.997338 -0.00508865 0.0727396 -0.110602 -0.00383314 0.992524 0.12199 -0.352703 -0.0728165 -0.121945 0.989862 0.589985 0 0 0 1 
5494384560015;1.02961;0.0604902;0.943768 0.318653 -0.088107 0.272512 -0.330198 0.895209 -0.299283 3.86448 -0.0164935 0.311547 0.950088 0.957545 0 0 0 1 
5494384560016;0.692498;0.0436582;0.990318 0.129677 -0.0495344 0.149262 -0.138433 0.896076 -0.421763 2.60743 -0.0103064 0.424537 0.905352 -0.0828489 0 0 0 1 
5494384560017;0.125802;0.0291997;0.999985 -0.00335865 -0.00433605 0.0323767 0.00339006 0.999968 0.00725804 -0.092831 0.00431153 -0.00727263 0.999964 0.0778049 0 0 0 1 
5494384560018;0.697368;0.0412111;0.99752 0.0406623 -0.0574512 0.714507 -0.0528839 0.971627 -0.23053 1.12043 0.0464473 0.232996 0.971368 0.228941 0 0 0 1 
5494384560019;0.372102;0.0477049;0.954112 0.282513 0.0992814 0.141032 -0.291251 0.952553 0.0884092 2.01186 -0.069594 -0.113268 0.991124 0.25987 0 0 0 1 
5494384560020;0.725979;0.0468017;0.945304 0.316592 0.0785522 0.160047 -0.325532 0.900319 0.288885 2.14425 0.0207366 -0.298655 0.954136 0.470578 0 0 0 1 
5494384560021;0.810082;0.034792;0.996113 0.0799715 -0.0369341 -0.188221 -0.0800461 0.996791 -0.000543238 0.633001 0.0367722 0.00349756 0.999318 0.522921 0 0 0 1 
5494384560022;1.01164;0.0303868;0.881916 -0.314716 -0.350966 1.59248 0.339967 0.940373 0.0110327 -3.53709 0.326567 -0.129047 0.936323 -2.02347 0 0 0 1 
5494384560023;0.527542;0.0658821;0.980049 0.0930904 -0.175611 0.863417 -0.0910555 0.995652 0.0196278 0.583763 0.176674 -0.0032459 0.984264 -1.80053 0 0 0 1 
5494384560024;0.419936;0.0485769;0.938186 0.33579 -0.0839726 0.980835 -0.338162 0.940962 -0.0153975 2.63196 0.0738447 0.0428421 0.996349 -0.779026 0 0 0 1 
5494384560025;0.495752;0.045194;0.939595 0.303913 -0.157477 0.943382 -0.301682 0.952632 0.0384716 2.27366 0.161709 0.0113601 0.986773 -0.771851 0 0 0 1 
5494384560026;0.350666;0.0403804;0.973996 0.0916515 0.207198 -0.254167 -0.026982 0.95494 -0.295569 0.921032 -0.224951 0.282293 0.932581 2.13427 0 0 0 1 
5494384560027;0.90423;0.450172;0.991653 0.0556027 -0.116333 0.812058 -0.0366665 0.986597 0.159001 0.0892956 0.123615 -0.153408 0.980401 -0.793503 0 0 0 1 
5494384560028;0.914969;0.632034;0.99613 -0.087748 -0.0050557 -0.246933 0.0877714 0.99613 0.00460682 -0.545739 0.00463189 -0.00503273 0.999977 -0.152587 0 0 0 1 
5494384560029;0.844853;0.0376828;0.999318 0.0302145 0.0212412 -0.0256306 -0.0304689 0.999467 0.0117597 -0.456547 -0.0208745 -0.0123989 0.999705 -0.478829 0 0 0 1 
5494384560031;0.314572;0.0234103;0.91641 -0.347894 -0.197895 0.547316 0.355726 0.93458 0.00432542 -1.39823 0.183444 -0.0743603 0.980214 -0.773066 0 0 0 1 
5494384560032;0.143255;0.0307307;0.996507 0.0587344 0.0593597 0.0452624 -0.053169 0.994399 -0.0913432 0.279929 -0.0643922 0.0878681 0.994049 0.244817 0 0 0 1 
5494384560033;0.256973;0.0353981;0.999687 0.00423304 0.0246746 0.199409 -0.00115042 0.992328 -0.123629 0.230486 -0.0250086 0.123562 0.992022 0.184215 0 0 0 1 
5494384560034;0.872658;0.0256385;0.970441 -0.220288 0.0985768 0.0831077 0.202986 0.965966 0.160335 -1.73046 -0.130542 -0.135586 0.982128 -0.124938 0 0 0 1 
5494384560035;0.383527;0.031212;0.996924 -0.0662238 0.0419217 0.0711498 0.0644078 0.996985 0.0432819 0.114714 -0.0446616 -0.0404486 0.998183 0.23566 0 0 0 1 
5494384560036;0.699819;0.0324981;0.953999 0.254657 -0.15823 0.574931 -0.29221 0.907859 -0.300674 0.931537 0.0670814 0.333079 0.94051 0.428623 0 0 0 1 
5494384560037;0.785083;0.0347692;0.971781 -0.0968835 0.215072 -0.304684 0.157924 0.944489 -0.288099 -0.20175 -0.175221 0.313934 0.933136 0.0388185 0 0 0 1 
5494384560038;1.00964;0.0359101;0.904405 -0.425249 0.0348521 -0.836942 0.425643 0.90488 -0.00442416 -1.28312 -0.0296556 0.0188358 0.999383 -0.238113 0 0 0 1 
5494384560039;0.16472;0.0949307;0.990135 -0.0761555 -0.117615 0.0669177 0.078753 0.996739 0.0175906 -0.289561 0.115892 -0.0266796 0.992903 -0.51651 0 0 0 1 
5494384560040;0.656318;0.0133789;0.91381 0.340448 0.221463 0.613669 -0.33095 0.940263 -0.0798584 0.840033 -0.235421 -0.00031783 0.971893 1.07538 0 0 0 1 
5494384560041;0.496934;0.0289153;0.883998 -0.302764 0.356204 -0.141691 0.307105 0.950572 0.0458124 -1.11454 -0.352468 0.068894 0.933285 1.83997 0 0 0 1 
5494384560042;0.516103;0.320258;0.995235 -0.0579492 -0.0784122 -0.192098 0.0680404 0.9888 0.132837 -0.593698 0.0698362 -0.137539 0.988031 -0.507636 0 0 0 1 
5494384560043;0.0787389;0.0227037;0.99996 -0.00890988 0.000686909 -0.0186636 0.00890172 0.999899 0.0110846 -0.142119 -0.000785602 -0.011078 0.999938 0.0441672 0 0 0 1 
5494384560044;0.670233;0.0254836;0.999159 0.0405169 0.00628347 0.23384 -0.0407394 0.998342 0.0406589 0.235053 -0.00462568 -0.0408807 0.999153 0.729269 0 0 0 1 
5494384560045;0.454928;0.0177421;0.913164 -0.270518 0.304878 -0.450956 0.182891 0.940419 0.286641 -1.14344 -0.364255 -0.205991 0.908232 1.43563 0 0 0 1 
5494384560046;0.663952;0.0377238;0.978602 0.13362 -0.156472 0.412409 -0.135575 0.990765 -0.00183664 1.22066 0.154782 0.023011 0.987681 -0.660412 0 0 0 1 
5494384560047;0.60701;0.199118;0.998189 0.0142869 -0.0584264 -0.50781 -0.0261752 0.977757 -0.208102 0.727775 0.0541537 0.209255 0.97636 -0.238958 0 0 0 1 
5494384560048;0.280379;0.0272557;0.999929 -0.00755723 0.00926003 -0.0445632 0.00736939 0.99977 0.0201539 -0.195853 -0.00941021 -0.0200842 0.999754 0.340431 0 0 0 1 
5494384560049;0.480826;0.0249991;0.929511 0.327501 0.169566 0.594759 -0.320534 0.944812 -0.0677415 1.39759 -0.182393 0.00861492 0.983188 0.702909 0 0 0 1 
5494384560050;0.519994;0.0417231;0.977493 0.20175 0.0616777 -0.166031 -0.196722 0.977274 -0.0789671 0.298894 -0.0762077 0.0650564 0.994967 0.362164 0 0 0 1 
5494384560051;0.245903;0.0349501;0.9998 -0.0199016 0.00172499 0.0660073 0.0198476 0.999436 0.0270956 -0.300769 -0.00226326 -0.027056 0.999631 -0.18723 0 0 0 1 
5494384560052;0.581213;0.020737;0.951939 0.162235 0.25979 -0.349645 -0.191416 0.977272 0.0911051 0.087494 -0.239105 -0.136454 0.961358 0.674381 0 0 0 1 
5494384560053;0.543864;0.0311886;0.964651 -0.211818 0.156783 -0.424546 0.194264 0.973574 0.120062 -1.25904 -0.178071 -0.0853607 0.980308 0.301685 0 0 0 1 
5494384560054;0.812423;0.434214;0.999105 -0.0329778 -0.0264947 -0.389131 0.0335287 0.999225 0.0206249 -0.363341 0.025794 -0.0214948 0.999436 -0.554655 0 0 0 1 
5494384560055;0.804846;0.0384317;0.92942 0.0132315 0.368786 0.521211 -0.0555423 0.992988 0.104352 0.558476 -0.364819 -0.11747 0.923638 1.47461 0 0 0 1 
5494384560056;0.404608;0.0240205;0.983366 0.155777 0.0934076 -0.138392 -0.153869 0.987713 -0.0273348 0.202992 -0.096518 0.0125075 0.995253 0.281459 0 0 0 1 
5494384560057;0.241612;0.0680386;0.974944 0.200703 -0.0959291 0.322389 -0.188711 0.974544 0.121042 0.439676 0.117781 -0.0999063 0.988001 -0.390035 0 0 0 1 
5494384560058;0.361634;0.031833;0.991692 -0.114144 0.059311 0.153573 0.121522 0.982521 -0.141014 -0.0379611 -0.0421784 0.14705 0.988229 0.26191 0 0 0 1 
5494384560059;0.672349;0.0420419;0.9995 -0.0145171 0.028081 -0.0292285 0.0145649 0.999893 -0.00149989 -0.065881 -0.0280562 0.00190813 0.999605 -0.637667 0 0 0 1 
5494384560060;0.435775;0.0218926;0.956128 -0.267235 -0.120018 -0.032868 0.29132 0.910494 0.293484 -1.60531 0.0308468 -0.315572 0.9484 -0.339669 0 0 0 1 
5494384560062;0.821662;0.0363829;0.963815 -0.194804 -0.181969 0.415932 0.193406 0.980786 -0.0255699 -1.64201 0.183453 -0.0105492 0.982972 -1.39219 0 0 0 1 
5494384560063;1.2461;0.0127006;0.941341 0.101586 -0.321804 1.78259 -0.110062 0.993891 -0.00820739 0.801909 0.319004 0.0431445 0.946771 -2.48949 0 0 0 1 
5494384560064;0.351118;0.296798;0.997098 -0.0757269 0.00776414 -0.0343304 0.0760681 0.995075 -0.0635539 -0.33626 -0.00291316 0.0639601 0.997948 0.0636746 0 0 0 1 
5494384560065;1.02628;0.0295278;0.997104 0.0757006 0.0073426 -0.0676329 -0.075091 0.995185 -0.0629985 0.362518 -0.0120763 0.0622647 0.997987 0.861791 0 0 0 1 
5494384560066;0.385602;0.457418;0.939004 0.33542 -0.0759279 0.956101 -0.337276 0.94132 -0.0127248 2.38591 0.0672043 0.0375573 0.997032 -0.29747 0 0 0 1 
5494384560067;1.09812;0.0204853;0.979169 -0.137189 0.149693 -0.37828 0.159014 0.976546 -0.145163 -0.979033 -0.126267 0.165943 0.978018 0.14173 0 0 0 1 
5494384560068;0.284277;0.0237161;0.987739 0.14163 -0.0656751 0.310142 -0.118065 0.952914 0.279313 0.00661668 0.102142 -0.268134 0.957952 -0.654342 0 0 0 1 
5494384560069;0.305684;0.0321725;0.988358 0.148109 -0.0348284 0.420587 -0.148188 0.988959 0.000308978 0.93471 0.0344896 0.00485577 0.999393 -0.133721 0 0 0 1 
5494384560070;1.06788;0.582867;0.998776 0.0475045 -0.0137839 0.357343 -0.0452844 0.990273 0.131561 -0.0229109 0.0198995 -0.130776 0.991212 -0.498319 0 0 0 1 
5494384560071;0.199717;0.0206004;0.99993 -0.0117764 0.00126194 -0.0130287 0.0117862 0.999898 -0.0080936 -0.113899 -0.00116649 0.0081079 0.999966 0.163571 0 0 0 1 
5494384560072;1.02349;0.0230566;0.961943 -0.0241829 -0.27218 1.10829 -0.0591278 0.954056 -0.293738 1.72894 0.266778 0.298652 0.916317 -1.36025 0 0 0 1 
5494384560073;0.123206;0.0335987;0.992879 -0.119103 0.00256375 -0.0443987 0.118973 0.992444 0.0300158 -0.843165 -0.00611934 -0.029497 0.999546 0.0742297 0 0 0 1 
5494384560074;0.700296;0.493717;0.967675 0.249517 0.0366833 0.101522 -0.249144 0.968358 -0.0144777 2.0464 -0.039135 0.00487029 0.999222 0.0247271 0 0 0 1 
5494384560075;0.186882;0.0198556;0.999931 0.0117071 0.000346383 0.074834 -0.0116939 0.999584 -0.026347 0.142923 -0.000654687 0.0263412 0.999653 -0.0979087 0 0 0 1 
5494384560076;1.00141;0.0254107;0.992108 -0.102729 0.0718875 -0.291905 0.0986768 0.993438 0.057821 -0.602937 -0.0773557 -0.0502711 0.995735 1.22174 0 0 0 1 
5494384560077;0.605922;0.226915;0.95296 -0.0924177 -0.288663 1.13894 0.1116 0.99246 0.0506786 -0.879183 0.281803 -0.0805093 0.956089 -1.94096 0 0 0 1 
5494384560078;0.686652;0.368763;0.991867 -0.126042 -0.017721 0.125177 0.119255 0.968925 -0.21671 -0.11441 0.0444849 0.212835 0.976075 0.289149 0 0 0 1 
5494384560079;0.330281;0.112642;0.940709 0.33793 -0.029491 0.616852 -0.331385 0.934088 0.132908 1.75892 0.0724607 -0.115255 0.99069 -0.443056 0 0 0 1 
5494384560080;0.779401;0.745297;0.986891 0.130407 -0.0950798 0.681224 -0.121938 0.988445 0.0900428 0.388699 0.105723 -0.0772686 0.991389 -0.536415 0 0 0 1 
5494384560081;0.603531;0.0287436;0.979866 0.19372 -0.0483313 0.494642 -0.198872 0.968438 -0.150258 1.80041 0.0176979 0.156844 0.987465 0.307893 0 0 0 1 
5494384560082;0.617118;0.265523;0.940574 -0.0824371 -0.32943 1.27632 0.115419 0.989942 0.0818155 -0.817386 0.319372 -0.114976 0.940629 -2.11317 0 0 0 1 
5494384560083;0.290683;0.262445;0.971766 0.200016 0.125156 -0.0159897 -0.18941 0.977608 -0.0916922 1.58516 -0.140693 0.0653976 0.987891 0.908211 0 0 0 1 
5494384560084;0.175327;0.0383994;0.985422 -0.123046 -0.117491 0.323693 0.105764 0.983991 -0.143444 -0.311374 0.133261 0.128927 0.982659 -0.745599 0 0 0 1 
5494384560085;0.943472;0.0196059;0.992216 -0.118957 -0.0368254 0.067088 0.101679 0.944657 -0.311905 -0.248762 0.0718907 0.305733 0.949399 0.413021 0 0 0 1 
5494384560086;0.821732;0.0216377;0.992515 -0.0296413 0.118471 -0.470283 0.0191992 0.995906 0.0883299 -0.602105 -0.120604 -0.0853942 0.989021 1.26873 0 0 0 1 
5494384560087;0.12902;0.0287973;0.99904 0.0121963 -0.0420715 0.0354672 -0.0123955 0.999913 -0.00447778 0.0867462 0.0420132 0.00499498 0.999105 -0.173656 0 0 0 1 
5494384560088;1.25698;0.395801;0.887929 0.0533965 -0.45687 1.83546 -0.04094 0.998472 0.0371288 -0.501692 0.458155 -0.0142634 0.888758 -2.42474 0 0 0 1 
5494384560089;1.3654;0.805628;0.98111 0.176883 0.0783298 0.0241903 -0.177043 0.984191 -0.00495509 1.38755 -0.0779679 -0.00900622 0.996915 -0.201822 0 0 0 1 
5494384560090;0.736364;0.0488158;0.958202 -0.285685 -0.0152434 0.528378 0.258304 0.88681 -0.383206 -0.48544 0.122994 0.363252 0.923537 -0.319146 0 0 0 1 
5494384560091;0.484121;0.0309671;0.938448 -0.152644 -0.309864 1.16055 0.214079 0.961023 0.174941 -1.79208 0.271083 -0.230508 0.934548 -1.31582 0 0 0 1 
5494384560093;0.0553842;0.133135;0.999633 0.00310851 -0.0268977 0.0776268 -0.00419972 0.999166 -0.0406081 0.253983 0.026749 0.0407061 0.998813 -0.0973275 0 0 0 1 
5494384560094;0.672056;0.146913;0.906988 -0.06031 -0.416816 1.90657 0.12277 0.984571 0.124687 -1.07598 0.402865 -0.164263 0.900399 -2.11839 0 0 0 1 
5494384560095;0.854827;0.102435;0.91923 0.392571 -0.0300668 1.01418 -0.393286 0.919122 -0.0232523 2.30724 0.0185068 0.0331991 0.999277 0.361541 0 0 0 1 
5494384560096;0.268636;0.103396;0.956269 -0.276247 -0.0961142 0.480017 0.265237 0.957522 -0.11314 -1.54941 0.123286 0.0826987 0.988919 -0.788829 0 0 0 1 
5494384560097;0.745786;0.126518;0.999804 -0.00125498 -0.0197709 -0.247733 0.00142345 0.999963 0.00850924 -0.459295 0.0197595 -0.00853571 0.999768 0.201362 0 0 0 1 
5494384560098;0.365154;0.101742;0.913714 -0.367983 -0.172383 0.995961 0.379807 0.924187 0.0403171 -2.73615 0.144478 -0.10231 0.984205 -0.909492 0 0 0 1 
5494384560099;0.345567;0.117173;0.996958 -0.0366124 0.0688036 -0.366493 0.0397231 0.998224 -0.0444001 0.00279732 -0.0670558 0.0469981 0.996642 0.518211 0 0 0 1 
5494384560100;0.37298;0.127191;0.943573 -0.230496 -0.237783 0.674045 0.229769 0.972746 -0.0311641 -1.36424 0.238486 -0.0252295 0.970818 -1.30764 0 0 0 1 
5494384560101;0.595346;0.165027;0.916488 0.367512 0.158066 0.181962 -0.391299 0.905721 0.162953 2.44726 -0.0832768 -0.211196 0.97389 1.00598 0 0 0 1 
5494384560102;0.240088;0.125387;0.967765 -0.228887 0.105076 -0.155006 0.244369 0.954334 -0.171842 -1.24283 -0.0609453 0.19198 0.979505 0.637279 0 0 0 1 
5494384560103;0.65911;0.123031;0.999942 -0.0037254 -0.010152 0.00680681 0.0035148 0.99978 -0.0206842 -0.0568168 0.0102269 0.0206473 0.999735 -0.495609 0 0 0 1 
5494384560104;0.317417;0.120248;0.990609 -0.120858 -0.0639287 0.147885 0.134934 0.939609 0.314528 -1.74614 0.0220546 -0.320201 0.947093 -0.0079199 0 0 0 1 
5494384560105;0.561217;0.124258;0.964126 0.0421543 -0.262076 0.694431 -0.0803414 0.987342 -0.136748 0.95587 0.252994 0.152898 0.955309 -1.09665 0 0 0 1 
5494384560106;0.669368;0.109326;0.977394 -0.0122497 0.211071 -0.0633965 0.0293215 0.996527 -0.0779428 -0.260593 -0.209383 0.0823697 0.974358 1.88997 0 0 0 1 
5494384560107;0.196586;0.113562;0.987405 0.147046 -0.0583867 0.273135 -0.144275 0.988316 0.0491638 0.920558 0.0649338 -0.0401208 0.997083 -0.467248 0 0 0 1 
5494384560108;0.588165;0.163762;0.974783 0.193975 -0.110326 0.530409 -0.13119 0.898064 0.419847 -0.221497 0.18052 -0.394786 0.900865 -1.33092 0 0 0 1 
5494384560109;0.964218;0.153345;0.987835 0.107819 0.112059 -0.0550614 -0.113397 0.992546 0.0446407 0.922845 -0.106411 -0.0568048 0.992698 1.5428 0 0 0 1 
5494384560110;0.522946;0.113955;0.893131 -0.449526 -0.0155717 0.361156 0.449088 0.893133 -0.0251728 -3.16732 0.0252234 0.0154895 0.999562 -0.0850404 0 0 0 1 
5494384560111;0.382633;0.109267;0.996478 0.00401863 0.0837541 -0.331471 0.00316127 0.99634 -0.0854175 0.236665 -0.0837908 0.0853814 0.992819 0.459316 0 0 0 1 
5494384560112;1.20633;0.129253;0.97375 -0.222869 -0.0462626 -0.294745 0.220597 0.974107 -0.0495303 -0.906356 0.0561035 0.0380248 0.997701 0.432278 0 0 0 1 
5494384560113;0.493118;0.176317;0.991959 0.121842 -0.0342249 0.200902 -0.123571 0.990865 -0.0540017 1.06471 0.0273326 0.0577967 0.997954 -0.462155 0 0 0 1 
5494384560114;0.011633;0.128237;0.999222 0.0137948 -0.0369491 0.116435 -0.0138399 0.999904 -0.000965872 0.111171 0.0369322 0.00147649 0.999317 -0.138486 0 0 0 1 
5494384560115;0.837027;0.117758;0.953423 -0.10263 -0.283641 0.612065 0.158855 0.97021 0.182917 -1.93473 0.256418 -0.219454 0.941323 -1.32377 0 0 0 1 
5494384560116;0.753813;0.129047;0.995326 -0.0599484 -0.0757145 -0.370204 0.0644681 0.99619 0.0587309 -0.54545 0.0719052 -0.0633376 0.995398 -0.640697 0 0 0 1 
5494384560117;0.39392;0.15055;0.957282 0.289099 0.00568133 0.430283 -0.289067 0.957291 -0.00574489 2.09425 -0.00709953 0.00385719 0.999967 0.373256 0 0 0 1 
5494384560118;0.486867;0.148666;0.99722 0.0745074 -0.00130591 0.229674 -0.0695436 0.924202 -0.375519 1.39845 -0.0267721 0.374566 0.926814 0.334636 0 0 0 1 
5494384560119;0.307339;0.17971;0.951041 0.307866 -0.027208 0.501627 -0.296819 0.934345 0.197224 1.54626 0.0861404 -0.179492 0.979981 -0.462109 0 0 0 1 
5494384560120;1.07013;0.121574;0.962499 -0.250679 -0.103714 0.427121 0.232204 0.958937 -0.162852 -0.980312 0.140278 0.132662 0.981184 -1.6058 0 0 0 1 
5494384560121;0.937742;0.113906;0.893276 0.402367 -0.200394 1.00842 -0.410397 0.911906 0.00161321 2.14566 0.18339 0.0808001 0.979714 -1.21748 0 0 0 1 
5494384560122;0.448809;0.156631;0.92126 0.355531 0.157728 0.177821 -0.358433 0.933495 -0.0106277 2.66714 -0.151017 -0.0467441 0.987425 1.23493 0 0 0 1 
5494384560124;0.180601;0.0977756;0.993413 -0.0867663 0.0748524 -0.259325 0.079752 0.992551 0.0920932 -0.393291 -0.0822855 -0.0855169 0.992933 0.294958 0 0 0 1 
5494384560125;0.336264;0.0808489;0.944569 -0.173532 0.278704 -0.543901 0.192882 0.980264 -0.043356 -0.804692 -0.26568 0.0947097 0.959398 1.06425 0 0 0 1 
5494384560126;0.158937;0.0638797;0.993655 0.0977664 0.0555943 -0.217775 -0.0987964 0.994978 0.0160841 0.342951 -0.0537426 -0.0214746 0.998324 0.173811 0 0 0 1 
5494384560127;0.459182;0.115175;0.990563 -0.119039 -0.0679306 0.409308 0.116539 0.992394 -0.039656 -0.00950333 0.0721345 0.0313652 0.996902 -0.294065 0 0 0 1 
5494384560128;0.768681;0.0933049;0.955162 -0.167049 0.244458 -0.7427 0.243119 0.91374 -0.325534 -0.129167 -0.168991 0.37037 0.913383 0.352309 0 0 0 1 
5494384560129;0.8631;0.111413;0.918962 0.0172799 0.393967 -0.928652 -0.115317 0.967145 0.226566 -0.533776 -0.377108 -0.253637 0.890762 1.92808 0 0 0 1 
5494384560130;0.294138;0.119362;0.99035 -0.137321 -0.0186879 0.153323 0.138557 0.983892 0.112953 -0.71992 0.00287612 -0.114452 0.993425 -0.211485 0 0 0 1 
5494384560131;0.331415;0.102855;0.997263 -0.0462769 -0.0576595 -0.00837059 0.0447913 0.998637 -0.0267966 -0.0606227 0.0588209 0.0241406 0.997977 0.0913006 0 0 0 1 
5494384560132;0.299743;0.0910724;0.934815 0.00321448 -0.35512 0.867538 0.0933501 0.962571 0.254447 -0.828123 0.342646 -0.271012 0.899526 -1.41219 0 0 0 1 
5494384560133;0.275606;0.10138;0.92122 0.112779 -0.372336 1.01403 -0.0583395 0.986285 0.1544 -0.0229804 0.384642 -0.120515 0.915165 -1.49129 0 0 0 1 
5494384560134;0.715759;0.0604465;0.979908 0.197908 0.0247654 0.0388751 -0.197894 0.980219 -0.00303351 0.900403 -0.0248759 -0.00192838 0.999689 0.885694 0 0 0 1 
5494384560135;0.221863;0.0657243;0.959857 0.260108 0.104973 0.00699251 -0.267268 0.961694 0.0609214 1.11376 -0.0851059 -0.0865318 0.992607 0.326217 0 0 0 1 
5494384560136;0.513605;0.0715575;0.969873 0.24353 0.00635205 -0.238613 -0.243573 0.969856 0.00715476 1.37383 -0.00441818 -0.00848639 0.999954 -0.225562 0 0 0 1 
5494384560137;0.0725673;0.0872461;0.99994 0.00620773 -0.00907454 -0.0540519 -0.0060057 0.999737 0.022123 0.0472088 0.00920948 -0.0220671 0.999714 0.010905 0 0 0 1 
5494384560138;0.458946;0.101835;0.99606 -0.0469991 -0.0751995 0.027847 0.036204 0.989634 -0.138972 0.137604 0.0809516 0.135701 0.987437 0.204922 0 0 0 1 
5494384560139;0.373858;0.079197;0.985962 0.134114 0.0994627 0.0656713 -0.135342 0.990783 0.00567078 0.217657 -0.0977854 -0.0190526 0.995025 0.304426 0 0 0 1 
5494384560140;0.407687;0.0784064;0.932812 0.33429 -0.134581 0.382334 -0.29984 0.927147 0.22471 0.842523 0.199895 -0.169259 0.965087 -0.58195 0 0 0 1 
5494384560141;0.827786;0.0800593;0.998203 -0.0266703 0.053668 -0.30714 0.0304371 0.997037 -0.07064 0.146097 -0.051625 0.0721465 0.996057 1.19041 0 0 0 1 
5494384560142;0.791925;0.0820751;0.998171 -0.0355995 0.0488503 -0.796192 0.03415 0.998961 0.030193 -0.411554 -0.0498744 -0.0284696 0.99835 -0.406247 0 0 0 1 
5494384560143;0.413054;0.0571118;0.890885 0.373385 0.258664 0.0541274 -0.399063 0.915386 0.0530726 1.34725 -0.216961 -0.150505 0.964508 0.82543 0 0 0 1 
5494384560144;0.460909;0.0808761;0.993522 0.0642388 -0.0937411 0.128628 -0.0626784 0.997843 0.0194997 0.317813 0.0947916 -0.0134978 0.995406 0.105608 0 0 0 1 
5494384560145;0.514439;0.0739331;0.99397 -0.0597681 0.0919304 -0.401395 0.0296152 0.953559 0.299746 -0.149229 -0.105576 -0.295216 0.949579 0.404974 0 0 0 1 
5494384560146;0.876277;0.0789347;0.969536 0.244928 -0.00322477 0.961255 -0.244674 0.968986 0.0346489 0.707804 0.0116112 -0.0328044 0.999394 -0.638828 0 0 0 1 
5494384560147;0.0882485;0.071186;0.98942 0.0136747 -0.144433 0.256577 -0.0124787 0.99988 0.00918314 0.0741373 0.144541 -0.00728365 0.989472 -0.613045 0 0 0 1 
5494384560148;0.565514;0.0720759;0.899639 0.294046 0.322779 0.16976 -0.247568 0.952445 -0.17765 1.79678 -0.359666 0.0799113 0.929653 1.55897 0 0 0 1 
5494384560149;0.651367;0.104469;0.993913 -0.0975114 0.0512704 -0.535335 0.0934987 0.992747 0.0755732 -0.40695 -0.0582678 -0.0703195 0.995821 0.826514 0 0 0 1 
5494384560150;0.389377;0.120997;0.941256 -0.2757 0.195005 -0.363037 0.293834 0.953247 -0.0705776 -1.20507 -0.166429 0.123731 0.97826 0.876031 0 0 0 1 
5494384560151;0.428451;0.120434;0.954784 -0.29488 -0.0378552 -0.0415843 0.297042 0.951493 0.0801695 -1.37997 0.0123786 -0.0877892 0.996062 -0.418529 0 0 0 1 
5494384560152;0.492131;0.111247;0.931682 -0.363253 -0.00397333 -0.00919153 0.358554 0.917763 0.170732 -2.09961 -0.0583722 -0.160492 0.98531 0.0925446 0 0 0 1 
5494384560153;0.585822;0.0715127;0.999922 0.00153038 -0.0124153 -0.0246773 -0.00427136 0.974608 -0.223877 0.637059 0.0117575 0.223913 0.974538 -0.546874 0 0 0 1 
5494384560155;0.510199;0.231565;0.995253 -0.0972506 0.00381552 0.0944907 0.0967879 0.99311 0.0660701 -0.258117 -0.0102146 -0.0653871 0.997808 0.443522 0 0 0 1 
5494384560156;0.606536;0.20382;0.999806 0.0190442 -0.00505588 0.21788 -0.0187767 0.998646 0.0485139 -0.24165 0.00597294 -0.0484095 0.99881 -0.691566 0 0 0 1 
5494384560157;0.698949;0.122728;0.969983 -0.242261 -0.0210592 0.478822 0.24299 0.968977 0.0451647 -0.586634 0.00946424 -0.0489262 0.998758 0.463119 0 0 0 1 
5494384560158;0.932434;0.287834;0.973981 0.00955793 0.22643 0.0182809 0.0239739 0.989159 -0.144877 -0.0673515 -0.22536 0.146536 0.963193 1.34188 0 0 0 1 
5494384560159;0.588127;0.530559;0.962038 0.135926 0.236659 0.435386 -0.141416 0.98993 0.00629637 -0.414069 -0.23342 -0.0395247 0.971572 0.676379 0 0 0 1 
5494384560160;0.813406;0.289907;0.95672 0.124842 -0.262872 1.09055 -0.0822999 0.982503 0.167076 -0.138999 0.27913 -0.13821 0.950255 -0.915949 0 0 0 1 
5494384560161;0.869163;0.153192;0.997068 0.0698439 -0.0312604 0.318661 -0.067105 0.994417 0.0814356 -0.951977 0.0367737 -0.0790991 0.996188 -0.147753 0 0 0 1 
5494384560162;0.520155;0.145934;0.994969 -0.0365924 -0.0932622 0.0860134 0.0592844 0.965474 0.253663 -0.169611 0.0807601 -0.257915 0.962786 0.207319 0 0 0 1 
5494384560163;0.884248;0.206822;0.903169 0.429268 0.00376851 1.2159 -0.428813 0.902553 -0.0389398 0.709259 -0.0201169 0.0335532 0.999234 0.168376 0 0 0 1 
5494384560164;0.069281;0.104119;0.999449 -0.0216743 -0.0251261 0.0765848 0.0223122 0.999429 0.0253899 -0.187138 0.0245614 -0.0259365 0.999362 -0.0219417 0 0 0 1 
5494384560165;0.359877;0.389865;0.922689 0.342275 0.177462 0.0739833 -0.350454 0.936443 0.0160006 0.079204 -0.160707 -0.076956 0.983997 0.250187 0 0 0 1 
5494384560166;0.617506;0.363264;0.950321 0.0187917 -0.310705 0.747968 0.00826804 0.9963 0.0855456 -0.357323 0.311163 -0.0838647 0.946649 -0.0567025 0 0 0 1 
5494384560167;0.359577;0.204857;0.949201 -0.190497 0.250458 -0.0264779 0.245714 0.945932 -0.211749 -0.414804 -0.196579 0.262534 0.944687 0.260574 0 0 0 1 
5494384560168;0.367236;0.486048;0.969604 0.164059 0.181528 0.276063 -0.182522 0.979068 0.0900643 -0.440328 -0.162953 -0.12046 0.979253 0.168927 0 0 0 1 
5494384560169;0.299703;0.218593;0.996513 0.0539286 -0.0636752 0.203677 -0.0435798 0.98711 0.153995 -0.45717 0.0711592 -0.150683 0.986018 -0.0398866 0 0 0 1 
5494384560170;0.388752;0.205442;0.999766 0.0190403 -0.0103143 0.432265 -0.0183176 0.997643 0.0661333 0.0401116 0.0115492 -0.0659289 0.997757 -0.149991 0 0 0 1 
5494384560171;0.436725;0.102507;0.999342 0.00225554 0.0361952 0.306457 -0.00970087 0.978319 0.206874 -0.257605 -0.0349438 -0.207089 0.977698 -0.323815 0 0 0 1 
5494384560172;0.743415;0.224769;0.983429 0.1812 -0.00586021 0.892434 -0.180692 0.98228 0.0497692 0.18287 0.0147746 -0.0478856 0.998744 0.0812378 0 0 0 1 
5494384560173;0.766137;0.173006;0.993352 0.110623 0.031855 0.365274 -0.113885 0.903949 0.412197 0.0442572 0.0168031 -0.413084 0.910538 -0.687619 0 0 0 1 
5494384560174;0.152675;0.176063;0.992288 -0.10116 -0.0716284 -0.019694 0.105562 0.992565 0.0605889 -0.364286 0.0649667 -0.0676829 0.995589 -0.116058 0 0 0 1 
5494384560175;0.731473;0.297769;0.994345 0.0624395 -0.0858983 0.423755 -0.074762 0.986057 -0.148669 0.192423 0.0754178 0.15425 0.985149 -0.771914 0 0 0 1 
5494384560176;0.458408;0.24617;0.913213 0.0730917 0.400875 -0.0394918 -0.158654 0.969929 0.184574 0.177524 -0.375329 -0.232155 0.897347 0.411982 0 0 0 1 
5494384560177;0.329052;0.218401;0.972485 -0.0210435 -0.232012 0.299566 0.00110242 0.996317 -0.0857451 -0.0638675 0.232961 0.08313 0.968926 -0.156369 0 0 0 1 
5494384560178;0.128329;0.114037;0.99293 0.0649993 -0.0993275 0.135072 -0.0504699 0.988527 0.142363 -0.142772 0.107441 -0.136343 0.984818 -0.247123 0 0 0 1 
5494384560179;0.884119;0.243401;0.949257 -0.206998 0.236776 -0.178664 0.195616 0.978117 0.0708652 -0.906936 -0.246263 -0.0209523 0.968976 -0.43967 0 0 0 1 
5494384560180;0.395688;0.179404;0.998666 -0.036706 -0.0363156 -0.104238 0.0380651 0.998573 0.0374698 0.0155798 0.0348884 -0.0388022 0.998638 -0.355218 0 0 0 1 
5494384560181;0.929561;0.196814;0.969838 -0.242814 -0.0213412 -0.582538 0.242349 0.969934 -0.0222301 -0.780157 0.0260974 0.0163876 0.999525 -0.749894 0 0 0 1 
5494384560182;0.699324;0.163299;0.947608 -0.252562 0.195579 -0.295286 0.289088 0.938517 -0.188714 -0.711289 -0.135892 0.235367 0.96236 -0.258241 0 0 0 1 
5494384560183;0.638253;0.213546;0.911561 -0.124381 0.3919 -0.407073 0.0968662 0.991283 0.0893006 -0.536573 -0.399591 -0.043441 0.915663 1.1041 0 0 0 1 
5494384560184;0.208766;0.507449;0.983411 0.180349 -0.0194047 0.30298 -0.179336 0.982749 0.0451973 -0.253114 0.0272212 -0.0409675 0.99879 -0.16034 0 0 0 1 
5494384560186;0.36111;0.03178;0.99974 -0.0227286 -0.00173106 0.0134739 0.022732 0.99974 0.00198479 0.127968 0.0016855 -0.00202363 0.999997 0.350776 0 0 0 1 
5494384560187;0.496451;0.0333606;0.952687 0.271982 -0.135696 0.947883 -0.218475 0.923125 0.316401 0.324563 0.211319 -0.271785 0.93887 -0.859423 0 0 0 1 
5494384560188;0.447898;0.0231984;0.941295 -0.329993 0.0711979 -0.261329 0.304523 0.921034 0.242822 -1.70692 -0.145705 -0.206885 0.967455 0.383927 0 0 0 1 
5494384560189;0.616026;0.0451483;0.952322 -0.216379 -0.215089 0.580883 0.219818 0.975507 -0.00809693 -0.37717 0.211573 -0.0395696 0.976561 -0.52058 0 0 0 1 
5494384560190;0.219844;0.0232056;0.980938 -0.162592 -0.106421 0.0664762 0.169595 0.983662 0.0603929 -0.745479 0.0948628 -0.0772902 0.992485 -0.418072 0 0 0 1 
5494384560191;0.269957;0.0133515;0.966303 0.256989 0.0146687 0.403525 -0.257023 0.966405 0.000460396 1.04007 -0.0140576 -0.00421508 0.999892 0.0645342 0 0 0 1 
5494384560192;0.563983;0.025123;0.992823 0.1124 -0.0408484 -0.0751539 -0.0872089 0.914167 0.395845 0.00216445 0.0818354 -0.389442 0.917408 0.0538674 0 0 0 1 
5494384560193;0.714742;0.0452277;0.977544 -0.197088 -0.0745889 0.520385 0.162549 0.930481 -0.328302 -0.515497 0.134108 0.308805 0.941623 -0.841495 0 0 0 1 
5494384560194;0.621903;0.0190213;0.98695 -0.156661 -0.0372442 -0.084747 0.156654 0.987649 -0.00312179 -0.73351 0.0372733 -0.0027534 0.999301 0.534679 0 0 0 1 
5494384560195;0.355585;0.0266415;0.956549 -0.282466 0.072295 -0.28714 0.279913 0.959039 0.043508 -1.20684 -0.0816233 -0.0213813 0.996434 0.53842 0 0 0 1 
5494384560196;0.150749;0.0279354;0.997498 0.0706927 -0.00037738 0.0221144 -0.0706354 0.996878 0.035281 0.15428 0.00287031 -0.035166 0.999377 0.141967 0 0 0 1 
5494384560197;0.514288;0.014077;0.890752 -0.42401 -0.163634 0.75861 0.443141 0.89022 0.105523 -1.89172 0.100928 -0.166508 0.980861 -0.120493 0 0 0 1 
5494384560198;0.530599;0.0214342;0.996027 0.00907157 0.0885853 -0.41759 0.0294369 0.905329 -0.42369 0.355894 -0.0840424 0.424614 0.901465 0.386589 0 0 0 1 
5494384560199;0.148187;0.0137136;0.989286 0.144691 -0.0194248 0.196367 -0.145692 0.986975 -0.0682171 0.706712 0.00930147 0.0703163 0.997481 0.023593 0 0 0 1 
5494384560200;0.674054;0.452762;0.997956 -0.0609661 0.0191439 -0.132801 0.0595963 0.996077 0.0654196 -0.721723 -0.0230572 -0.064145 0.997674 -0.205499 0 0 0 1 
5494384560201;0.851959;0.0210422;0.961534 -0.183805 0.204127 -0.177207 0.122482 0.952058 0.280329 -0.973663 -0.245867 -0.244544 0.937949 0.125312 0 0 0 1 
5494384560202;0.0584502;0.0393988;0.999311 -0.0147596 -0.0340485 0.0627565 0.0156724 0.999521 0.0267007 -0.121812 0.0336381 -0.0272159 0.999063 -0.156427 0 0 0 1 
5494384560203;0.443983;0.0315637;0.995333 -0.0536159 0.0802321 -0.201069 0.0827957 0.901559 -0.42466 0.566309 -0.0495654 0.429321 0.901791 0.317845 0 0 0 1 
5494384560204;0.212563;0.027311;0.999611 0.0257088 0.0108152 -0.00479954 -0.0258249 0.999609 0.0107348 0.0451149 -0.0105349 -0.0110099 0.999884 -0.187338 0 0 0 1 
5494384560205;0.664348;0.0185682;0.882681 -0.284067 0.374407 -0.195882 0.227479 0.955355 0.188548 -1.04696 -0.411252 -0.0812582 0.907893 2.43683 0 0 0 1 
5494384560206;0.578856;0.0279914;0.996058 -0.0844768 0.0270421 -0.0424285 0.0843417 0.996418 0.00610113 -0.253735 -0.0274607 -0.00379631 0.999616 0.793668 0 0 0 1 
5494384560207;0.371227;0.0301887;0.982729 -0.0266339 0.183122 -0.471013 -0.0325157 0.949337 0.312572 -0.530766 -0.182169 -0.313128 0.932076 0.854608 0 0 0 1 
5494384560208;0.803964;0.0228063;0.996491 0.0417996 0.0725162 -0.0530258 -0.0442496 0.998491 0.0325131 0.264809 -0.0710477 -0.0356078 0.996837 1.22947 0 0 0 1 
5494384560209;0.402561;0.02528;0.894139 -0.410436 -0.179048 0.487729 0.377273 0.905873 -0.192506 -1.24624 0.241206 0.104577 0.964823 -0.80182 0 0 0 1 
5494384560210;0.831689;0.0265244;0.985577 0.149143 0.079971 -0.175407 -0.126182 0.962537 -0.240002 1.61916 -0.11277 0.226449 0.967473 0.0594711 0 0 0 1 
5494384560211;0.793568;0.0213098;0.993472 -0.0376955 -0.10767 1.00373 0.0371058 0.999283 -0.00747607 0.157054 0.107875 0.00343207 0.994159 -0.724528 0 0 0 1 
5494384560212;0.459124;0.0205336;0.999998 -0.00153608 -0.00156016 0.239711 0.0015692 0.999769 0.0214552 0.10736 0.00152685 -0.0214576 0.999769 0.432045 0 0 0 1 
5494384560213;0.436091;0.0722923;0.943632 -0.0601727 -0.325482 0.811043 0.00436534 0.985514 -0.169539 0.344553 0.330968 0.158561 0.930225 -0.906535 0 0 0 1 
5494384560214;0.701608;0.0439186;0.999904 -0.0124374 0.0061445 -0.0201779 0.0124687 0.999909 -0.00508163 0.702543 -0.00608074 0.00515775 0.999968 -0.256614 0 0 0 1 
5494384560215;0.568246;0.0654487;0.963202 0.0547958 -0.263132 1.11684 0.028922 0.952183 0.304157 -0.674537 0.267216 -0.300575 0.91556 -1.01482 0 0 0 1 
5494384560217;0.781012;0.08408;0.993877 0.10984 0.012016 0.6851 -0.109054 0.992604 -0.0533429 0.479678 -0.0177863 0.0517059 0.998504 0.445512 0 0 0 1 
5494384560218;0.673342;0.0776191;0.86417 -0.155364 -0.478615 1.9659 0.188847 0.981754 0.0222876 -1.24227 0.46642 -0.109645 0.877742 -1.89508 0 0 0 1 
5494384560219;0.333437;0.0595801;0.92549 -0.371283 -0.0749491 0.414854 0.367265 0.928033 -0.0622108 -1.9636 0.0926531 0.0300492 0.995245 -0.486547 0 0 0 1 
5494384560220;0.675306;0.044751;0.958123 -0.182522 -0.220651 0.645196 0.148228 0.975394 -0.163204 -0.468457 0.24501 0.123663 0.961602 -0.665887 0 0 0 1 
5494384560221;0.374554;0.069538;0.917542 0.394175 0.0523793 0.591254 -0.376309 0.903319 -0.205929 2.69848 -0.128487 0.169238 0.977164 0.960534 0 0 0 1 
5494384560222;1.07278;0.0432365;0.968362 0.100146 -0.228573 0.0995102 -0.146715 0.969397 -0.196837 2.00639 0.201865 0.224145 0.95342 -0.649337 0 0 0 1 
5494384560223;0.406435;0.0717501;0.934242 0.355683 0.0260885 0.344302 -0.352957 0.932605 -0.075296 2.1362 -0.0511118 0.0611366 0.99682 0.549784 0 0 0 1 
5494384560224;0.20751;0.104181;0.991247 -0.0333625 0.127738 -0.349743 0.0339602 0.99942 -0.00250374 -0.216216 -0.127581 0.00681984 0.991805 0.797359 0 0 0 1 
5494384560225;0.828158;0.0526296;0.995534 0.0053433 -0.094254 0.194014 0.000607295 0.998014 0.0629922 -0.0177983 0.0944033 -0.0627682 0.993553 0.229239 0 0 0 1 
5494384560226;0.429538;0.0481893;0.876053 0.0693767 -0.477198 1.821 0.00293764 0.98881 0.14915 -0.0898658 0.482206 -0.132065 0.866046 -2.65623 0 0 0 1 
5494384560227;0.623994;0.0859494;0.926078 -0.361116 0.109426 -0.185531 0.341476 0.925448 0.164133 -1.98544 -0.160539 -0.114634 0.98035 0.718517 0 0 0 1 
5494384560228;0.349478;0.125473;0.983834 -0.0791971 -0.160622 0.401035 0.110045 0.974943 0.19333 -0.87993 0.141286 -0.20788 0.967897 -0.796495 0 0 0 1 
5494384560229;0.390705;0.0909601;0.997689 0.0536901 -0.0416307 0.0300258 -0.0560719 0.996721 -0.0583309 0.740388 0.0383624 0.0605304 0.997429 0.116931 0 0 0 1 
5494384560230;0.944473;0.0898664;0.988662 0.0564942 0.139124 -0.963432 -0.0509144 0.997762 -0.0433471 0.549132 -0.141262 0.0357722 0.989326 0.387851 0 0 0 1 
5494384560231;0.749473;0.0465951;0.915316 -0.270535 0.298342 -0.776151 0.257678 0.962709 0.0824212 -1.56848 -0.309515 0.0014349 0.950894 1.44358 0 0 0 1 
5494384560232;0.1939;0.147189;0.998911 -0.0257661 0.0388987 -0.0470936 0.0190168 0.986134 0.164857 -0.491689 -0.0426071 -0.163938 0.98555 0.207714 0 0 0 1 
5494384560233;0.634182;0.0598646;0.934843 0.222908 0.276371 -0.23139 -0.29878 0.914402 0.273128 1.09699 -0.191832 -0.337906 0.921423 0.711656 0 0 0 1 
5494384560234;0.39885;0.0554369;0.903993 -0.371033 -0.21244 0.943007 0.375553 0.92658 -0.0202122 -2.15012 0.204342 -0.0615109 0.976965 -1.29342 0 0 0 1 
5494384560235;0.0516956;0.0570214;0.998151 0.0603706 0.00711352 0.03539 -0.0605028 0.997965 0.0201247 0.361127 -0.0058841 -0.0205179 0.999772 0.019291 0 0 0 1 
5494384560236;0.391323;0.0815292;0.991902 -0.124271 -0.0262276 0.0799983 0.123266 0.991684 -0.0369871 -0.230356 0.0306059 0.0334546 0.998972 -0.14533 0 0 0 1 
5494384560237;1.02921;0.0667183;0.997526 0.0135051 0.0689931 0.394859 -0.000412247 0.982482 -0.186356 0.833312 -0.0703013 0.185867 0.980057 1.25529 0 0 0 1 
5494384560238;0.757061;0.105923;0.961212 0.261971 -0.0862662 0.706091 -0.262684 0.964877 0.00318303 2.00964 0.0840701 0.0196012 0.996267 -0.937089 0 0 0 1 
5494384560239;0.288361;0.0504908;0.917582 0.279017 0.283182 -0.067519 -0.271555 0.960149 -0.0661205 1.74685 -0.290346 -0.0162285 0.956784 1.84038 0 0 0 1 
5494384560240;0.0978136;0.0641075;0.989571 0.0690968 -0.12639 0.43626 -0.0648593 0.997195 0.0373457 0.328157 0.128616 -0.0287586 0.991277 -0.756881 0 0 0 1 
5494384560241;0.673589;0.0924806;0.939017 0.327046 -0.106243 0.642582 -0.34226 0.918757 -0.196836 3.00898 0.0332365 0.221195 0.974663 0.0797189 0 0 0 1 
5494384560242;1.04802;0.0660563;0.977609 0.116706 0.175103 -0.525466 -0.0913484 0.984985 -0.14649 1.48129 -0.18957 0.127214 0.973591 1.95639 0 0 0 1 
5494384560243;0.111566;0.051696;0.999432 -0.0241051 -0.0235393 0.0265725 0.0240335 0.999706 -0.00332057 -0.0304352 0.0236125 0.00275295 0.999717 -0.207907 0 0 0 1 
5494384560244;1.00468;0.191888;0.99749 -0.068655 -0.0173245 0.39461 0.0691479 0.997165 0.0296694 -0.322737 0.0152384 -0.0307929 0.99941 -0.862832 0 0 0 1 
5494384560245;0.648612;0.0898878;0.995481 -0.08439 0.0435422 -0.114394 0.0871754 0.993963 -0.0666253 0.000304123 -0.0376568 0.0701201 0.996828 0.790638 0 0 0 1 
5494384560246;0.310363;0.0913749;0.998406 -0.00433752 0.0562731 0.0453287 -0.00312498 0.991265 0.13185 -0.171598 -0.0563534 -0.131816 0.989671 0.550233 0 0 0 1 
5494384560248;0.548689;0.0510446;0.962835 -0.269826 0.0119252 0.252525 0.268104 0.960171 0.078692 -2.94924 -0.0326834 -0.0725702 0.996828 1.06495 0 0 0 1 
5494384560249;0.350307;0.0198744;0.968945 0.219207 0.114428 -0.269366 -0.199583 0.966488 -0.161457 2.77518 -0.145986 0.133605 0.980223 1.18466 0 0 0 1 
5494384560250;0.482059;0.0171949;0.992263 0.0271498 0.121148 0.331852 -0.0181322 0.997024 -0.0749255 -0.108586 -0.122822 0.0721491 0.989803 1.24017 0 0 0 1 
5494384560251;0.346948;0.0139274;0.952666 0.217274 0.21265 -0.418483 -0.234222 0.970467 0.057739 2.12483 -0.193824 -0.104813 0.975421 2.41165 0 0 0 1 
5494384560252;0.590914;0.0198222;0.914223 -0.247651 -0.320726 2.00335 0.193969 0.96239 -0.190214 -2.07195 0.35577 0.111687 0.927876 -3.50941 0 0 0 1 
5494384560253;0.449485;0.0294009;0.928013 -0.0127402 -0.372329 1.75594 -0.0317297 0.993081 -0.113066 1.077 0.371193 0.11674 0.921188 -3.6352 0 0 0 1 
5494384560254;0.682288;0.0488497;0.944917 -0.325804 0.0313705 1.35462 0.317591 0.935819 0.152899 -3.79464 -0.0791724 -0.134514 0.987744 1.73209 0 0 0 1 
5494384560255;0.468787;0.0289919;0.998525 -0.0239783 0.0487089 -0.46485 0.0298865 0.991777 -0.124439 0.148556 -0.0453245 0.125711 0.991031 -0.384979 0 0 0 1 
5494384560256;0.445109;0.025536;0.925591 0.341705 0.162849 -0.44981 -0.360324 0.92718 0.10249 3.25639 -0.115969 -0.153542 0.981313 0.890565 0 0 0 1 
5494384560257;0.358958;0.0519628;0.976936 -0.102476 0.187335 -0.459723 0.0738515 0.985328 0.153864 -1.18509 -0.200354 -0.13648 0.970171 2.51508 0 0 0 1 
5494384560258;0.299214;0.0264037;0.940992 -0.320171 0.10966 0.60283 0.335701 0.924111 -0.182548 -2.59692 -0.0428916 0.208589 0.977062 0.0704332 0 0 0 1 
5494384560259;0.232186;0.0279448;0.98744 -0.157601 -0.0111441 0.354664 0.157938 0.982758 0.0961349 -1.91714 -0.00419894 -0.0966876 0.995306 -0.0914753 0 0 0 1 
5494384560260;0.561418;0.0224586;0.963213 0.254995 0.0848384 -0.399454 -0.261111 0.962694 0.0710046 2.36619 -0.0635676 -0.0905448 0.993862 1.54607 0 0 0 1 
5494384560261;0.428236;0.0277514;0.877608 0.240516 0.414676 -0.406806 -0.211129 0.970539 -0.116095 2.39211 -0.430382 0.0143354 0.902533 4.48658 0 0 0 1 
