#;prob_registration_l1 -r /home/probabilistic_point_clouds_registration/build/tester /home/point_clouds_registration_benchmark//devel/registration_pairs/urban05_local.txt /home/point_clouds_registration_benchmark//kaist/urban05 -s 0.2 -t 0.2 -p 0.3 -r 1000 -m 10 -i 40 
id;initial_error;final_error;transformation
34562489690000;0.13992;0.338509;0.999998 2.4883e-05 -0.00192434 -199.672 -2.45296e-05 1 0.000183672 19.1223 0.00192435 -0.000183624 0.999998 125.077 0 0 0 1 
34562489690001;0.182436;0.226175;1 -6.70845e-08 4.64101e-07 -0.56064 6.70845e-08 1 3.66085e-08 0.35934 -4.64101e-07 -3.66084e-08 1 -0.275731 0 0 0 1 
34562489690002;0.400034;1.22767;1 -3.05192e-08 -7.28475e-07 -0.896339 3.05193e-08 1 9.85553e-09 -8.92122 7.28475e-07 -9.85555e-09 1 -0.211133 0 0 0 1 
34562489690003;0.381518;0.413254;0.999003 8.5067e-05 -0.0446511 22.3514 8.89679e-05 0.999992 0.00389566 -2.84387 0.044651 -0.00389575 0.998995 -19.0397 0 0 0 1 
34562489690004;0.467995;0.995092;1 -2.28073e-07 3.78157e-07 -1.67182 2.28073e-07 1 5.32394e-08 4.15245 -3.78157e-07 -5.32393e-08 1 -0.330099 0 0 0 1 
34562489690005;0.423309;0.718999;1 -1.64072e-07 7.64056e-07 -1.24007 1.64072e-07 1 7.53605e-08 2.53589 -7.64056e-07 -7.53603e-08 1 -0.550427 0 0 0 1 
34562489690006;0.190415;0.361153;0.99897 8.45438e-05 0.0453864 36.2787 9.52897e-05 0.999992 -0.0039601 -5.51221 -0.0453864 0.00396034 0.998962 16.0532 0 0 0 1 
34562489690007;0.167146;0.360415;0.999813 1.78562e-05 0.0193552 -14.8769 1.46773e-05 0.999999 -0.00168072 3.34443 -0.0193552 0.00168069 0.999811 72.6181 0 0 0 1 
34562489690008;0.102809;0.104043;1 -1.55173e-08 4.50193e-08 -0.0998045 1.55173e-08 1 6.89537e-09 -0.136424 -4.50193e-08 -6.89537e-09 1 -0.0468512 0 0 0 1 
34562489690009;0.0509686;1.06753;1 -2.15728e-05 0.000248879 172.785 2.15779e-05 1 -2.06251e-05 -24.8262 -0.000248879 2.06305e-05 1 8.91756 0 0 0 1 
34562489690010;0.0869115;0.240462;0.999967 7.45352e-06 -0.00810922 -36.2199 -1.71357e-06 1 0.000707837 4.96581 0.00810922 -0.0007078 0.999967 -1.44074 0 0 0 1 
34562489690011;0.0782188;0.277989;0.999719 9.26063e-05 -0.023687 -545.459 -4.29596e-05 0.999998 0.00209645 49.4876 0.0236871 -0.00209484 0.999717 216.264 0 0 0 1 
34562489690012;0.0495854;0.808106;0.999706 2.94901e-05 0.0242529 -34.2751 2.42732e-05 0.999998 -0.00221648 -4.04146 -0.0242529 0.00221642 0.999703 -797.071 0 0 0 1 
34562489690013;0.0622498;0.517299;1 5.73903e-06 0.00054919 -45.703 -5.71415e-06 1 -4.53154e-05 8.6725 -0.000549191 4.53123e-05 1 21.6271 0 0 0 1 
34562489690014;0.30978;0.382787;1 -2.848e-08 -5.9934e-08 -0.150518 2.848e-08 1 3.59904e-09 0.884092 5.9934e-08 -3.59904e-09 1 9.81763e-05 0 0 0 1 
34562489690015;0.264634;0.299654;1 -3.33567e-08 9.31817e-08 -0.296455 3.33567e-08 1 8.57045e-09 -0.607341 -9.31817e-08 -8.57045e-09 1 -0.0628167 0 0 0 1 
34562489690016;0.0384264;0.967083;1 1.88615e-05 0.000168004 -152.619 -1.88617e-05 1 9.48785e-07 21.7132 -0.000168004 -9.51954e-07 1 125.599 0 0 0 1 
34562489690017;0.317284;0.368183;1 -8.57006e-08 1.65717e-07 -0.798511 8.57006e-08 1 2.98354e-08 -1.74964 -1.65717e-07 -2.98354e-08 1 -0.23249 0 0 0 1 
34562489690018;0.287954;0.509419;0.999906 7.48626e-06 0.013702 2.62092 8.88584e-06 0.999999 -0.00119481 2.66167 -0.013702 0.00119482 0.999905 11.1512 0 0 0 1 
34562489690019;0.362659;0.658112;0.988904 0.000306995 0.148557 5300.75 0.00170064 0.999909 -0.013387 -464.372 -0.148548 0.0134911 0.988813 -4201.88 0 0 0 1 
34562489690020;0.112961;0.0561524;1 -2.00953e-06 0.000441892 15.6224 2.02523e-06 1 -3.55221e-05 -2.06989 -0.000441892 3.5523e-05 1 23.7646 0 0 0 1 
34562489690021;0.197833;0.274554;0.99965 -8.90733e-05 -0.0264455 965.882 0.000148519 0.999997 0.0022459 -85.5428 0.0264452 -0.00224904 0.999648 -479.875 0 0 0 1 
34562489690022;0.278308;0.621955;0.999648 2.61619e-05 0.0265374 31.6024 3.5302e-05 0.999997 -0.00231566 -6.16512 -0.0265374 0.00231578 0.999645 8.48293 0 0 0 1 
34562489690023;0.193536;0.221597;0.999755 0.000189007 -0.0221243 -1346.25 -0.000144873 0.999998 0.00199641 117.513 0.0221246 -0.00199272 0.999753 492.16 0 0 0 1 
34562489690024;0.347959;0.37215;1 -2.90275e-08 1.11944e-06 -0.315018 2.90274e-08 1 4.33185e-08 -1.79602 -1.11944e-06 -4.33185e-08 1 -0.367169 0 0 0 1 
34562489690025;0.302077;0.600838;0.998164 0.000154596 -0.060566 51.7509 0.000165976 0.999986 0.00528788 -2.68794 0.060566 -0.00528822 0.99815 4.40574 0 0 0 1 
34562489690026;0.218188;0.21096;1 -3.45296e-08 3.22218e-07 -0.280973 3.45296e-08 1 1.95472e-08 0.434636 -3.22218e-07 -1.95471e-08 1 -0.137586 0 0 0 1 
34562489690027;0.18191;0.282107;0.999666 2.39865e-05 -0.0258433 44.8702 3.43047e-05 0.999997 0.00225511 -2.36459 0.0258433 -0.00225525 0.999663 -7.78852 0 0 0 1 
34562489690028;0.340963;0.41099;1 -4.23875e-08 2.88793e-07 -0.387532 4.23875e-08 1 8.6403e-09 -0.82713 -2.88793e-07 -8.64028e-09 1 -0.0689021 0 0 0 1 
34562489690029;0.238574;0.28089;0.999926 1.08856e-05 0.0121948 -37.2114 2.07894e-06 0.999999 -0.00106311 1.68898 -0.0121948 0.00106305 0.999925 12.9231 0 0 0 1 
34562489690031;0.530935;0.596959;0.999926 1.11591e-05 -0.0121499 -35.7867 1.70968e-06 0.999999 0.00105916 3.54664 0.0121499 -0.0010591 0.999926 -12.1364 0 0 0 1 
34562489690032;0.306555;0.681108;0.990543 0.000824149 0.137199 -7.31447 0.000825819 0.999928 -0.0119687 -0.679567 -0.137199 0.0119689 0.990471 69.0508 0 0 0 1 
34562489690033;0.46032;0.572252;0.999829 1.6101e-05 -0.0184771 -6.6879 1.36902e-05 0.999999 0.0016122 1.20616 0.0184771 -0.00161218 0.999828 -7.08799 0 0 0 1 
34562489690034;0.385219;0.681512;0.999939 7.67918e-06 -0.0110013 -16.343 2.80428e-06 1 0.000952916 2.46542 0.0110013 -0.000952889 0.999939 -61.0256 0 0 0 1 
34562489690035;0.341621;0.392246;0.984112 0.00138724 0.177543 -26.4357 0.00138616 0.999879 -0.0154959 1.5876 -0.177543 0.0154958 0.983991 31.1649 0 0 0 1 
34562489690036;0.158469;0.0657435;0.996472 0.00031036 -0.0839298 -6.73483 0.000305329 0.999973 0.00732281 0.622999 0.0839299 -0.0073226 0.996445 -34.5101 0 0 0 1 
34562489690037;0.364175;0.302864;0.993748 0.000547923 -0.111643 -1.01311 0.000543332 0.999952 0.00974387 -0.334576 0.111643 -0.00974361 0.993701 -21.6501 0 0 0 1 
34562489690038;0.437441;1.07157;0.993798 0.000553743 0.111203 -111.952 0.000528746 0.999953 -0.0097046 11.9495 -0.111203 0.00970321 0.99375 39.0593 0 0 0 1 
34562489690039;0.392147;0.378849;0.999056 8.21095e-05 0.0434413 -3.27201 8.2692e-05 0.999993 -0.00379185 -0.320963 -0.0434413 0.00379186 0.999049 4.55589 0 0 0 1 
34562489690040;0.283513;0.367592;0.999548 4.31073e-05 -0.0300466 -24.7468 3.56964e-05 0.999997 0.00262217 2.2294 0.0300466 -0.00262206 0.999545 -8.66649 0 0 0 1 
34562489690041;0.287266;0.617952;0.99375 0.000557437 -0.11163 -78.0869 0.000533688 0.999952 0.00974439 7.69821 0.11163 -0.00974306 0.993702 -16.5985 0 0 0 1 
34562489690042;0.329992;1.00642;0.991809 0.000727748 0.127727 -117.948 0.000701934 0.999938 -0.0111479 11.9835 -0.127727 0.0111462 0.991747 34.8781 0 0 0 1 
34562489690043;0.516204;0.687176;0.999994 2.77292e-06 -0.00340618 -17.0731 -1.76682e-06 1 0.000295377 1.79325 0.00340618 -0.000295369 0.999994 -15.7965 0 0 0 1 
34562489690044;0.236329;0.193223;1 -1.36435e-08 -8.8902e-06 0.0495584 1.36495e-08 1 6.69202e-07 0.00670613 8.8902e-06 -6.69202e-07 1 -1.1672 0 0 0 1 
34562489690045;0.316589;0.42827;0.999954 1.97154e-06 -0.00959749 18.1079 6.08917e-06 1 0.000839848 -2.08143 0.00959748 -0.000839868 0.999954 15.8279 0 0 0 1 
34562489690046;0.376135;0.251059;1 4.55161e-08 -0.000746971 0.0964177 3.04555e-09 1 6.50114e-05 -0.307832 0.000746971 -6.50113e-05 1 -2.05851 0 0 0 1 
34562489690047;0.485231;0.418047;1 2.9629e-08 -1.64393e-06 0.0181784 -2.96287e-08 1 1.61048e-07 -0.206153 1.64393e-06 -1.61048e-07 1 -0.376239 0 0 0 1 
34562489690048;0.199981;0.0816003;0.999971 3.43277e-06 -0.00766558 -5.50778 1.69199e-06 1 0.000668534 0.821257 0.00766558 -0.000668528 0.99997 -5.23622 0 0 0 1 
34562489690049;0.208318;0.226131;0.995595 0.000384182 -0.0937568 16.0404 0.000384742 0.999966 0.00818304 -1.2616 0.0937568 -0.00818307 0.995561 -14.0921 0 0 0 1 
34562489690050;0.378047;0.619848;0.97574 0.00213536 -0.218923 -108.507 0.00209923 0.999815 0.0191084 9.35524 0.218923 -0.0191044 0.975555 -57.0915 0 0 0 1 
34562489690051;0.381473;0.737154;0.999849 1.76056e-05 0.0173497 -37.0398 8.62745e-06 0.999999 -0.00151194 4.27598 -0.0173497 0.00151186 0.999848 21.9984 0 0 0 1 
34562489690052;0.123011;0.533084;0.999492 5.04332e-05 -0.0318748 -42.7364 3.82135e-05 0.999996 0.00278047 3.81182 0.0318748 -0.00278028 0.999488 -19.0072 0 0 0 1 
34562489690053;0.447449;0.702924;0.999855 1.8801e-05 0.0170104 -50.9824 6.42703e-06 0.999999 -0.00148304 5.5985 -0.0170104 0.00148293 0.999854 16.5056 0 0 0 1 
34562489690054;0.341689;0.590324;0.999885 1.33033e-05 -0.0151524 -23.036 6.73568e-06 0.999999 0.00132245 2.05991 0.0151524 -0.0013224 0.999884 -3.50536 0 0 0 1 
34562489690055;0.435439;0.63582;0.999646 3.72757e-05 -0.0266098 -46.3049 2.44574e-05 0.999997 0.00231961 3.866 0.0266098 -0.00231944 0.999643 -28.227 0 0 0 1 
34562489690056;0.453077;0.295306;0.955058 0.00393219 -0.296392 -28.7932 0.00391338 0.999658 0.0258724 3.23623 0.296392 -0.0258695 0.954716 -36.1361 0 0 0 1 
34562489690057;0.243925;0.160328;0.999625 3.24299e-05 0.0274013 -0.756117 3.31219e-05 0.999997 -0.00239183 -0.739449 -0.0274013 0.00239184 0.999622 2.38597 0 0 0 1 
34562489690058;0.299623;0.414362;0.988787 0.000984444 0.149331 -64.7086 0.000972313 0.999915 -0.0130299 6.18041 -0.149331 0.013029 0.988701 60.7838 0 0 0 1 
34562489690059;0.121954;0.0558633;0.999993 7.87999e-07 -0.00368541 -0.892945 3.97148e-07 1 0.000321577 0.264948 0.00368541 -0.000321576 0.999993 -1.73549 0 0 0 1 
34562489690060;0.336224;0.309532;0.998584 0.000127564 0.053194 -38.792 0.000119623 0.999989 -0.00464369 3.4165 -0.053194 0.00464347 0.998573 3.06544 0 0 0 1 
34562489690062;0.450678;0.425752;0.993297 0.000587904 0.115586 -37.0013 0.000582369 0.999949 -0.0100907 1.86225 -0.115586 0.0100904 0.993246 20.4667 0 0 0 1 
34562489690063;0.504888;1.09493;0.994401 0.000484148 0.10567 23.3141 0.000493044 0.999957 -0.00922125 -4.66786 -0.10567 0.00922172 0.994358 44.4352 0 0 0 1 
34562489690064;0.452148;0.443407;1 -9.20682e-09 -4.12817e-08 -0.0921928 9.20682e-09 1 -1.94693e-09 -0.20173 4.12817e-08 1.94693e-09 1 0.00399068 0 0 0 1 
34562489690065;0.324911;0.38803;0.999961 2.99523e-06 -0.00885351 4.53451 3.84865e-06 1 0.000772996 -0.832134 0.00885351 -0.000773 0.999961 -0.261951 0 0 0 1 
34562489690066;0.34336;0.362533;0.996896 0.000271421 0.0787314 -13.7038 0.000270343 0.999976 -0.00687043 0.976203 -0.0787314 0.00687039 0.996872 35.1773 0 0 0 1 
34562489690067;0.18061;0.238765;0.999954 2.55553e-06 0.00958077 10.197 5.4527e-06 1 -0.000835839 -1.32349 -0.00958076 0.000835853 0.999954 6.12202 0 0 0 1 
34562489690068;0.143206;0.146914;0.999999 1.95207e-07 0.00114086 -1.21309 -8.17271e-08 1 -9.94687e-05 -0.104187 -0.00114086 9.94686e-05 0.999999 1.25627 0 0 0 1 
34562489690069;0.265071;0.18799;0.999954 6.02488e-06 0.00960532 -17.5646 1.99031e-06 1 -0.000834444 0.949073 -0.00960532 0.000834425 0.999954 33.8741 0 0 0 1 
34562489690070;0.337998;0.408263;0.915722 0.00529417 -0.401778 16669.9 0.00914949 0.999379 0.034022 -1438.74 0.401709 -0.0348307 0.915105 -1968.51 0 0 0 1 
34562489690071;0.291767;0.179887;0.999999 -1.08514e-06 -0.00132254 9.84022 1.23684e-06 1 0.000114703 -1.09318 0.00132254 -0.000114704 0.999999 -5.54263 0 0 0 1 
34562489690072;0.432542;0.489324;0.967808 0.00281892 0.251673 -98.572 0.00280208 0.999755 -0.0219734 7.75319 -0.251673 0.0219712 0.967563 42.0456 0 0 0 1 
34562489690073;0.333627;0.386666;0.997296 0.00024101 -0.0734834 -28.8625 0.00023107 0.999979 0.00641573 2.18998 0.0734834 -0.00641536 0.997276 -9.36287 0 0 0 1 
34562489690074;0.333091;2.43055;0.977945 0.00193833 0.208856 -127.247 0.00193663 0.99983 -0.0183472 4.7815 -0.208856 0.018347 0.977774 -881.331 0 0 0 1 
34562489690075;0.300984;0.522074;0.967773 0.00282598 -0.25181 -60.155 0.00280121 0.999754 0.0219857 3.7748 0.25181 -0.0219825 0.967527 -38.3992 0 0 0 1 
34562489690076;0.255405;0.549142;0.999363 5.4008e-05 0.0356928 8.00235 5.7308e-05 0.999995 -0.00311769 -1.47651 -0.0356928 0.00311775 0.999358 -8.1054 0 0 0 1 
34562489690077;0.37018;0.403918;0.878303 0.00960472 -0.478008 8287.84 0.0112868 0.999103 0.0408139 -719.604 0.477971 -0.0412422 0.877407 -3955.89 0 0 0 1 
34562489690078;0.123389;0.223596;0.996622 0.000298749 -0.0821291 -18.5054 0.000291142 0.999974 0.00717041 1.3414 0.0821292 -0.00717009 0.996596 -10.3783 0 0 0 1 
34562489690079;0.437756;0.681207;0.99972 3.0407e-05 -0.0236647 -43.6768 1.84876e-05 0.999998 0.00206592 3.07795 0.0236647 -0.00206578 0.999718 -4.78683 0 0 0 1 
34562489690080;0.248888;0.357899;0.999145 7.70398e-05 -0.0413362 -13.3952 7.21831e-05 0.999993 0.00360848 0.63595 0.0413362 -0.00360838 0.999139 -7.99989 0 0 0 1 
34562489690081;0.238106;0.25593;0.999802 1.65399e-05 0.0199194 3.52431 1.8061e-05 0.999998 -0.00173687 -0.918422 -0.0199194 0.00173688 0.9998 19.5576 0 0 0 1 
34562489690082;0.176775;0.284865;0.998777 0.000110309 0.0494359 -34.9276 0.000103189 0.999991 -0.00431612 2.54647 -0.0494359 0.00431594 0.998768 6.1311 0 0 0 1 
34562489690083;0.334152;1.79689;0.999998 2.05873e-05 0.00203348 -165.277 -2.02282e-05 1 -0.000176623 9.05185 -0.00203348 0.000176582 0.999998 8.61692 0 0 0 1 
34562489690084;0.376441;0.206515;0.998812 0.000107774 -0.0487366 -25.0958 9.96925e-05 0.999991 0.00425444 2.54777 0.0487366 -0.00425425 0.998803 -10.9438 0 0 0 1 
34562489690085;0.162081;0.454579;0.994681 0.000437879 -0.103007 228.536 0.000497805 0.999959 0.00905785 -20.9145 0.103006 -0.00906094 0.994639 535.762 0 0 0 1 
34562489690086;0.435379;0.435171;0.99975 2.16304e-05 0.0223752 -1.24593 2.21031e-05 0.999998 -0.0019543 -0.161594 -0.0223752 0.00195431 0.999748 -3.55071 0 0 0 1 
34562489690087;0.326485;0.299;0.999952 5.20617e-06 0.0097562 -9.88672 3.10006e-06 1 -0.000851365 0.304804 -0.0097562 0.000851354 0.999952 4.36831 0 0 0 1 
34562489690088;0.343468;0.327839;0.999998 9.35005e-07 -0.0020238 -5.45531 -5.79651e-07 1 0.000175588 0.292948 0.0020238 -0.000175586 0.999998 -8.91634 0 0 0 1 
34562489690089;0.181879;0.239327;1 1.89772e-08 1.44158e-07 -0.0077881 -1.89772e-08 1 1.16125e-08 -0.242172 -1.44158e-07 -1.16125e-08 1 0.471428 0 0 0 1 
34562489690090;0.274172;0.512531;0.977709 0.00195232 -0.209954 -18.2931 0.00193958 0.99983 0.0183294 0.797628 0.209954 -0.018328 0.977539 -36.7323 0 0 0 1 
34562489690091;0.516972;0.787388;0.999993 4.73954e-06 -0.00371015 -31.4216 -3.53906e-06 1 0.000323572 1.26674 0.00371016 -0.000323556 0.999993 -4.11344 0 0 0 1 
34562489690093;0.4248;0.455927;1 5.99291e-07 -1.02531e-07 -5.28229 -5.99291e-07 1 4.08441e-06 1.32548 1.02533e-07 -4.08441e-06 1 34.0132 0 0 0 1 
34562489690094;0.0934313;0.217997;0.999191 7.67091e-05 0.0402043 -54.8611 6.42268e-05 0.999994 -0.00350419 6.90148 -0.0402043 0.00350394 0.999185 49.6311 0 0 0 1 
34562489690095;0.144672;0.1752;1 1.03947e-06 0.000267766 -8.39938 -1.03331e-06 1 -2.29929e-05 1.54409 -0.000267766 2.29927e-05 1 3.58545 0 0 0 1 
34562489690096;0.228702;0.298633;0.998779 -0.000417655 -0.0494064 4224.43 0.000649552 0.999989 0.00467769 -366.904 0.0494039 -0.00470407 0.998768 3142.15 0 0 0 1 
34562489690097;0.121961;0.280748;0.998668 -5.36187e-05 0.0515991 1357.17 0.000291329 0.999989 -0.00459937 -120.24 -0.0515983 0.00460827 0.998657 -830.766 0 0 0 1 
34562489690098;0.286027;0.303529;0.998426 -2.62296e-05 0.0560817 1308.24 0.000309043 0.999987 -0.00503422 -113.408 -0.0560809 0.00504363 0.998413 -1183.99 0 0 0 1 
34562489690099;0.0245713;0.0620826;0.999871 -4.83763e-05 0.0160793 477.407 7.09486e-05 0.999999 -0.00140324 -42.0554 -0.0160792 0.0014042 0.99987 -2.95818 0 0 0 1 
34562489690100;0.214406;0.388014;0.989486 0.00195851 -0.144617 -8350.42 -0.000259524 0.999931 0.0117661 741.078 0.14463 -0.0116049 0.989418 -8226.94 0 0 0 1 
34562489690101;0.290539;0.31585;1 -3.0075e-08 2.68971e-07 -0.221351 3.0075e-08 1 -1.12255e-08 -0.0915086 -2.68971e-07 1.12255e-08 1 0.0722336 0 0 0 1 
34562489690102;0.160438;0.195034;0.99869 0.000527997 -0.0511602 -3321.44 -0.000325786 0.999992 0.00396076 291.147 0.0511619 -0.00393891 0.998683 -4249.02 0 0 0 1 
34562489690103;0.385248;0.42056;1 -2.46634e-08 -2.34349e-09 -0.218725 2.46634e-08 1 -2.42643e-08 -0.360912 2.34349e-09 2.42643e-08 1 0.14069 0 0 0 1 
34562489690104;0.150227;0.279497;0.999508 3.49895e-05 0.0313797 58.6014 5.10295e-05 0.999996 -0.00274043 -6.94257 -0.0313796 0.00274068 0.999504 -8.03955 0 0 0 1 
34562489690105;0.212702;0.239735;0.999342 5.39238e-05 0.036258 21.9119 6.08083e-05 0.999995 -0.00316321 -3.0274 -0.036258 0.00316334 0.999337 17.3282 0 0 0 1 
34562489690106;0.369761;0.387474;1 -1.08461e-08 3.51709e-07 -0.0996459 1.08461e-08 1 -1.58781e-08 0.523739 -3.51709e-07 1.58781e-08 1 0.364027 0 0 0 1 
34562489690107;0.232667;0.225096;1 -7.21879e-09 2.59229e-07 -0.0551758 7.21878e-09 1 1.87698e-08 0.168287 -2.59229e-07 -1.87698e-08 1 -0.151225 0 0 0 1 
34562489690108;0.240619;0.253256;1 -1.30799e-08 -6.50411e-08 -0.06685 1.30799e-08 1 1.29745e-08 0.202103 6.50411e-08 -1.29745e-08 1 -0.0760583 0 0 0 1 
34562489690109;0.185949;0.183648;1 -2.5773e-08 -4.60208e-05 0.203371 2.59556e-08 1 3.96828e-06 -0.0429138 4.60208e-05 -3.96828e-06 1 -0.325038 0 0 0 1 
34562489690110;0.265953;0.228638;0.991813 0.000657338 -0.127694 480.562 0.000770658 0.999938 0.0111332 -41.5238 0.127693 -0.0111405 0.991751 -66.2353 0 0 0 1 
34562489690111;0.165425;0.276665;0.999564 4.30045e-05 0.0295103 -44.1121 3.29191e-05 0.999997 -0.0025723 5.65403 -0.0295103 0.00257215 0.999561 34.8384 0 0 0 1 
34562489690112;0.350609;0.317591;0.989507 0.00122778 0.144478 -2528.36 0.000625126 0.999918 -0.0127787 222.792 -0.144482 0.0127349 0.989425 -967.588 0 0 0 1 
34562489690113;0.399049;0.42067;1 -1.1486e-08 2.75976e-08 -0.0720637 1.1486e-08 1 2.07725e-09 0.277127 -2.75976e-08 -2.07725e-09 1 -0.0118333 0 0 0 1 
34562489690114;0.0997142;0.24811;1 4.65825e-06 -0.000602718 -37.324 -4.62631e-06 1 5.30067e-05 5.07365 0.000602718 -5.30039e-05 1 2.70856 0 0 0 1 
34562489690115;0.280795;0.310371;1 -6.78511e-07 -1.9509e-05 4.97897 6.78533e-07 1 1.11631e-06 -0.698857 1.9509e-05 -1.11632e-06 1 -4.96116 0 0 0 1 
34562489690116;0.37279;0.386455;0.999909 5.41624e-06 -0.0134958 22.0291 1.04577e-05 0.999999 0.00117615 -1.92865 0.0134958 -0.00117618 0.999908 -17.8609 0 0 0 1 
34562489690117;0.26675;0.340942;1 -1.78766e-08 -2.8971e-08 -0.0464543 1.78766e-08 1 8.56872e-09 1.21468 2.8971e-08 -8.56872e-09 1 -0.00486258 0 0 0 1 
34562489690118;0.0989808;0.311649;0.995198 -0.000370506 -0.0978808 6367.74 0.00116855 0.999967 0.008096 -555.663 0.0978745 -0.00817151 0.995165 -3007.19 0 0 0 1 
34562489690119;0.386067;0.678027;0.977966 0.00190354 -0.208754 188.673 0.00194217 0.999832 0.0182157 -15.7787 0.208753 -0.0182198 0.977799 -46.6571 0 0 0 1 
34562489690120;0.309421;0.367597;0.999971 3.2668e-06 0.00766435 -6.54733 1.8616e-06 1 -0.000669117 1.74145 -0.00766435 0.000669111 0.99997 0.791207 0 0 0 1 
34562489690121;0.382301;0.394355;1 -2.59716e-08 -1.18756e-08 -0.176984 2.59716e-08 1 -4.74141e-10 0.146145 1.18756e-08 4.74141e-10 1 0.0565467 0 0 0 1 
34562489690122;0.179762;0.24408;0.999122 7.5928e-05 0.0418897 -0.644749 7.73241e-05 0.999993 -0.00365683 -0.830318 -0.0418897 0.00365686 0.999116 4.38712 0 0 0 1 
34562489690124;0.346704;0.464531;0.999864 7.10543e-06 -0.0164986 39.6912 1.66515e-05 0.999999 0.0014398 -3.14136 0.0164986 -0.00143988 0.999863 -5.30404 0 0 0 1 
34562489690125;0.12865;0.297326;0.999789 5.55749e-05 -0.0205224 -296.055 -1.85483e-05 0.999998 0.00180439 27.127 0.0205225 -0.00180363 0.999788 95.3007 0 0 0 1 
34562489690126;0.441684;0.728618;0.999487 4.73378e-05 0.0320275 -24.4862 4.21996e-05 0.999996 -0.00279496 5.02239 -0.0320275 0.00279487 0.999483 12.0706 0 0 0 1 
34562489690127;0.210546;0.237285;1 6.78454e-09 4.73683e-07 0.0450516 -6.78455e-09 1 2.53552e-08 0.378236 -4.73683e-07 -2.53552e-08 1 -0.221566 0 0 0 1 
34562489690128;0.0334274;0.159501;0.9998 -1.61897e-05 -0.0200168 273.248 5.09008e-05 0.999998 0.00173359 -24.9947 0.0200167 -0.00173426 0.999798 -107.673 0 0 0 1 
34562489690129;0.0803559;0.0757599;1 -1.61571e-06 3.15505e-06 12.5335 1.61571e-06 1 2.52442e-08 -1.14799 -3.15505e-06 -2.52391e-08 1 1.82595 0 0 0 1 
34562489690130;0.355847;0.390213;1 -3.50357e-08 2.1459e-08 -0.264574 3.50357e-08 1 1.60834e-08 0.0742401 -2.1459e-08 -1.60834e-08 1 -0.140243 0 0 0 1 
34562489690131;0.103607;1.05796;1 2.22911e-05 -0.000615675 -178.68 -2.22628e-05 1 4.59275e-05 23.9858 0.000615676 -4.59138e-05 1 -63.5947 0 0 0 1 
34562489690132;0.232394;0.239258;0.999271 5.79958e-05 -0.0381693 50.3614 6.92139e-05 0.999994 0.00333144 -2.82213 0.0381693 -0.00333166 0.999266 -7.78572 0 0 0 1 
34562489690133;0.372111;0.346993;0.988943 0.000873193 -0.148297 763.054 0.00102582 0.999918 0.0127285 -65.4364 0.148296 -0.0127399 0.988861 -1670.22 0 0 0 1 
34562489690134;0.23228;0.26522;1 -6.13307e-08 5.96044e-08 -0.446418 6.13307e-08 1 1.19874e-08 0.402026 -5.96044e-08 -1.19874e-08 1 -0.117517 0 0 0 1 
34562489690135;0.171644;0.442793;0.999862 6.87261e-05 -0.0166303 -453.293 -4.36492e-05 0.999999 0.00150826 42.3124 0.0166304 -0.00150733 0.999861 445.99 0 0 0 1 
34562489690136;0.200279;0.214125;0.999853 8.90757e-06 -0.0171328 33.1423 1.67089e-05 0.999999 0.00149503 -2.66632 0.0171328 -0.00149509 0.999852 -6.31377 0 0 0 1 
34562489690137;0.062551;0.163639;0.998681 0.000251916 -0.0513535 -1092.64 -2.54253e-05 0.99999 0.00441103 94.2513 0.0513541 -0.0044039 0.998671 -641.487 0 0 0 1 
34562489690138;0.126833;0.1279;1 2.35463e-08 -6.32948e-08 0.217506 -2.35463e-08 1 -1.18117e-08 0.569302 6.32948e-08 1.18117e-08 1 0.103098 0 0 0 1 
34562489690139;0.334771;0.425248;1 9.98516e-09 8.67234e-08 0.12453 -9.98517e-09 1 1.08787e-08 0.811977 -8.67234e-08 -1.08787e-08 1 -0.0562474 0 0 0 1 
34562489690140;0.169798;0.225399;1 -3.6412e-08 1.69834e-07 -0.174208 3.6412e-08 1 9.45179e-09 1.14843 -1.69834e-07 -9.45178e-09 1 -0.0638641 0 0 0 1 
34562489690141;0.269667;0.357862;0.999927 7.81417e-06 -0.0121184 -8.95718 4.99765e-06 0.999999 0.00105719 1.76465 0.0121184 -0.00105717 0.999926 -7.19368 0 0 0 1 
34562489690142;0.0756236;0.195949;0.998915 3.11002e-06 -0.0465672 742.516 0.000184485 0.999992 0.00402419 -65.0424 0.0465669 -0.00402841 0.998907 -300.392 0 0 0 1 
34562489690143;0.273373;0.357028;0.995996 0.000357196 0.0894003 -73.0752 0.000341596 0.99997 -0.00780101 7.33104 -0.0894004 0.00780031 0.995965 42.16 0 0 0 1 
34562489690144;0.115892;0.588169;0.999813 2.53456e-05 0.0193583 -73.913 7.19713e-06 0.999999 -0.00168101 10.3777 -0.0193583 0.00168083 0.999811 74.6794 0 0 0 1 
34562489690145;0.160443;0.25282;0.999556 4.18719e-05 0.0297958 -29.1637 3.55777e-05 0.999997 -0.00259882 1.12948 -0.0297958 0.00259872 0.999553 21.2016 0 0 0 1 
34562489690146;0.0878609;0.995361;1 6.45513e-09 2.97703e-07 0.430529 -6.45512e-09 1 -1.06794e-08 7.72288 -2.97703e-07 1.06794e-08 1 0.31994 0 0 0 1 
34562489690147;0.0902058;0.227895;0.997161 8.99889e-05 -0.0752975 1280.5 0.00040777 0.999978 0.00659516 -110.487 0.0752965 -0.00660714 0.997139 265.832 0 0 0 1 
34562489690148;0.253989;0.351342;1 2.49076e-08 -1.76839e-07 0.259657 -2.49076e-08 1 5.01853e-10 0.775961 1.76839e-07 -5.01849e-10 1 0.0360857 0 0 0 1 
34562489690149;0.415878;0.417656;1 -2.50821e-08 1.67645e-07 -0.18252 2.50821e-08 1 2.16255e-08 0.111457 -1.67645e-07 -2.16255e-08 1 -0.193567 0 0 0 1 
34562489690150;0.323952;0.353698;1 -3.38819e-08 -1.41829e-07 -0.270462 3.38819e-08 1 7.33959e-09 -0.00339746 1.41829e-07 -7.33959e-09 1 -0.0550921 0 0 0 1 
34562489690151;0.0908205;0.144022;1 2.06162e-08 2.23011e-08 0.170062 -2.06162e-08 1 -9.39237e-10 0.597508 -2.23011e-08 9.39236e-10 1 0.0145031 0 0 0 1 
34562489690152;0.416208;0.388693;0.997357 0.00111188 -0.0726477 -7078.9 -0.000705787 0.999984 0.00561538 624.262 0.0726527 -0.00554926 0.997342 -6387.04 0 0 0 1 
34562489690153;0.0988573;0.128012;0.999952 6.16288e-06 -0.0097729 -14.2127 2.14869e-06 1 0.00085046 -0.0801518 0.0097729 -0.00085044 0.999952 -22.2573 0 0 0 1 
34562489690155;0.259195;0.358649;0.999152 7.26388e-05 -0.0411704 17.1359 7.53328e-05 0.999994 0.00359256 -0.35604 0.0411704 -0.00359262 0.999146 -15.7084 0 0 0 1 
34562489690156;0.172496;0.224331;0.999634 3.16167e-05 -0.0270433 6.42257 3.21627e-05 0.999997 0.00235798 0.820432 0.0270433 -0.00235799 0.999631 -25.557 0 0 0 1 
34562489690157;0.159263;0.20662;0.997026 0.000261949 0.077065 -28.9387 0.000257246 0.999977 -0.0067271 2.57461 -0.0770651 0.00672691 0.997003 12.1425 0 0 0 1 
34562489690158;0.105511;0.227668;0.999249 0.00012877 0.0387377 -513.425 6.45332e-06 0.999994 -0.00349059 43.821 -0.0387379 0.00348822 0.999243 -853.57 0 0 0 1 
34562489690159;0.266866;0.322412;0.999988 1.23877e-06 -0.00482924 -1.12689 7.98174e-07 1 0.000421792 1.20242 0.00482924 -0.000421791 0.999988 0.525358 0 0 0 1 
34562489690160;0.0473697;0.0544531;0.999887 1.75272e-05 0.0150188 -63.7168 2.1525e-06 0.999999 -0.00131032 5.65055 -0.0150188 0.00131021 0.999886 8.16492 0 0 0 1 
34562489690161;0.216211;0.220022;0.999999 -0.000150197 0.00117731 1208.56 0.000150589 1 -0.000333095 -104.852 -0.00117726 0.000333272 0.999999 -1854.22 0 0 0 1 
34562489690162;0.156911;0.240229;0.999619 8.782e-05 0.0275863 -441.87 -2.12396e-05 0.999997 -0.00241382 39.0822 -0.0275864 0.00241231 0.999617 -30.9578 0 0 0 1 
34562489690163;0.149607;0.992812;0.998461 -3.48159e-05 0.0554615 1353.3 0.000311843 0.999988 -0.0049863 -109.683 -0.0554606 0.00499592 0.998448 -1237.58 0 0 0 1 
34562489690164;0.334807;0.349744;1 1.1783e-08 1.85574e-07 0.0846785 -1.1783e-08 1 -2.05392e-08 -0.0708741 -1.85574e-07 2.05392e-08 1 0.134228 0 0 0 1 
34562489690165;0.385816;0.405651;0.987709 0.00113148 0.156297 -492.052 0.00107632 0.999901 -0.0140403 44.4024 -0.156298 0.014036 0.98761 -3135.36 0 0 0 1 
34562489690166;0.333068;0.343752;0.999531 4.3677e-05 0.0306166 -25.992 3.81262e-05 0.999996 -0.00267127 2.74233 -0.0306166 0.00267118 0.999528 15.0669 0 0 0 1 
34562489690167;0.363242;0.412118;1 8.8647e-09 2.13706e-07 0.11446 -8.86471e-09 1 2.07731e-08 0.285492 -2.13706e-07 -2.07731e-08 1 -0.154115 0 0 0 1 
34562489690168;0.405801;0.289357;0.999513 4.30989e-05 -0.031199 -0.0563635 4.18623e-05 0.999996 0.00272255 1.08139 0.031199 -0.00272253 0.999509 -12.4371 0 0 0 1 
34562489690169;0.233383;0.297126;0.999228 6.51769e-05 -0.0392804 23.0186 6.96111e-05 0.999994 0.00343006 -1.40486 0.0392804 -0.00343014 0.999222 4.67364 0 0 0 1 
34562489690170;0.111556;0.0961762;1 9.12705e-09 1.92944e-07 0.115474 -9.12705e-09 1 1.05102e-08 0.218153 -1.92944e-07 -1.05102e-08 1 -0.103112 0 0 0 1 
34562489690171;0.0960451;0.22823;0.998999 7.63268e-05 -0.0447359 95.8013 0.00010319 0.999992 0.0040105 -7.04451 0.0447358 -0.0040111 0.998991 846.678 0 0 0 1 
34562489690172;0.321124;0.327406;0.998502 0.00018641 0.0547219 -454.088 8.47151e-05 0.999988 -0.00495223 40.5944 -0.0547221 0.00494945 0.998489 -1382.74 0 0 0 1 
34562489690173;0.268086;0.268586;1 -4.02675e-09 7.8812e-07 0.194934 4.02677e-09 1 -2.23851e-08 0.25574 -7.8812e-07 2.23851e-08 1 1.08139 0 0 0 1 
34562489690174;0.189053;0.205757;1 1.53397e-08 2.96462e-07 0.151102 -1.53397e-08 1 -3.70638e-09 0.0660493 -2.96462e-07 3.70638e-09 1 0.00724872 0 0 0 1 
34562489690175;0.133957;0.194822;0.999832 2.0524e-05 0.0183452 -48.6662 8.86209e-06 0.999999 -0.00160176 4.17295 -0.0183452 0.00160165 0.99983 0.214803 0 0 0 1 
34562489690176;0.144022;0.236424;0.998403 0.000115509 0.0564843 184.748 0.000198068 0.999985 -0.00554596 -15.1725 -0.056484 0.00554829 0.998388 -4962.19 0 0 0 1 
34562489690177;0.320514;0.340177;1 1.24691e-08 7.75896e-08 0.136017 -1.24691e-08 1 -2.73903e-09 0.212025 -7.75896e-08 2.73903e-09 1 0.0233204 0 0 0 1 
34562489690178;0.353901;0.542888;0.99421 0.000504106 -0.107453 26.5585 0.000506373 0.999956 0.00937645 0.174476 0.107453 -0.00937657 0.994166 -39.6494 0 0 0 1 
34562489690179;0.0142393;0.0295357;1 -2.04788e-08 7.19214e-07 0.354073 2.04789e-08 1 -5.25912e-08 -0.0924548 -7.19214e-07 5.25912e-08 1 0.102996 0 0 0 1 
34562489690180;0.106434;0.338342;0.997939 0.000790913 -0.0641606 -4906.2 -0.000455426 0.999986 0.00524333 427.834 0.0641639 -0.0052033 0.997926 -3207.36 0 0 0 1 
34562489690181;0.139987;0.085017;0.999987 -4.10609e-07 0.0050716 11.3299 2.65855e-06 1 -0.000443235 -0.747732 -0.00507159 0.000443243 0.999987 -3.2471 0 0 0 1 
34562489690182;0.247912;0.381398;0.990728 -0.000851998 -0.135857 13387.5 0.00254913 0.999921 0.0123186 -1154.55 0.135836 -0.0125507 0.990652 5561.77 0 0 0 1 
34562489690183;0.115667;0.240489;1 1.49441e-08 5.06735e-07 0.180079 -1.49441e-08 1 3.38179e-08 0.79757 -5.06735e-07 -3.38179e-08 1 -0.238547 0 0 0 1 
34562489690184;0.228068;0.249637;1 1.82429e-08 2.72983e-07 0.17711 -1.82429e-08 1 -1.56223e-08 0.133097 -2.72983e-07 1.56223e-08 1 0.0883402 0 0 0 1 
34562489690186;0.0711037;0.12451;1 3.63661e-06 -2.23023e-05 -28.7064 -3.63664e-06 1 -1.14182e-06 1.50995 2.23023e-05 1.14191e-06 1 -25.2149 0 0 0 1 
34562489690187;0.0441165;0.0459691;0.999893 8.79332e-06 0.0146613 2.51927 9.96054e-06 0.999999 -0.00127906 -0.41781 -0.0146613 0.00127907 0.999892 6.73828 0 0 0 1 
34562489690188;0.231973;0.207221;0.998946 9.49005e-05 -0.0458963 -16.2485 8.90713e-05 0.999992 0.00400636 2.28394 0.0458963 -0.00400623 0.998938 -5.05058 0 0 0 1 
34562489690189;0.393005;0.522733;0.99058 0.000812456 -0.136935 99.5148 0.000832318 0.999928 0.0119537 -4.14101 0.136935 -0.0119551 0.990508 4.8034 0 0 0 1 
34562489690190;0.219538;0.26582;0.999825 1.17574e-05 -0.0187023 30.9495 1.87928e-05 0.999999 0.00163333 -1.22476 0.0187023 -0.00163339 0.999824 5.11968 0 0 0 1 
34562489690191;0.389147;0.981787;1 1.53618e-07 1.15922e-07 0.513517 -1.53618e-07 1 -5.7765e-08 -10.0091 -1.15922e-07 5.7765e-08 1 0.236463 0 0 0 1 
34562489690192;0.192134;0.209275;1 2.36191e-08 9.86816e-08 0.12567 -2.36191e-08 1 1.52379e-09 -0.413933 -9.86816e-08 -1.5238e-09 1 -0.0381652 0 0 0 1 
34562489690193;0.281462;0.282139;1 -4.41617e-08 3.93177e-07 -0.209456 4.41617e-08 1 5.81954e-08 0.959329 -3.93177e-07 -5.81954e-08 1 -0.45236 0 0 0 1 
34562489690194;0.204314;0.297975;0.997682 2.52313e-06 0.0680521 1597.33 0.00040887 0.999982 -0.00603133 -142.387 -0.0680509 0.00604517 0.997664 -838.268 0 0 0 1 
34562489690195;0.157469;0.662816;0.999803 2.69853e-05 -0.0198573 -76.0921 7.51608e-06 0.999998 0.00173739 14.7902 0.0198573 -0.0017372 0.999801 29.4227 0 0 0 1 
34562489690196;0.0529904;0.0458476;0.999955 -4.448e-06 -0.00952905 69.045 1.24437e-05 1 0.000839031 -5.4792 0.00952904 -0.000839111 0.999954 57.1785 0 0 0 1 
34562489690197;0.438295;1.0445;1 1.34884e-07 -4.28413e-07 0.0886323 -1.34884e-07 1 -2.29936e-08 -10.5223 4.28413e-07 2.29937e-08 1 -0.140692 0 0 0 1 
34562489690198;0.0525853;0.0126378;0.99999 1.73645e-06 -0.00442323 -6.05036 -2.88449e-08 1 0.000386054 1.22658 0.00442323 -0.00038605 0.99999 -1.04634 0 0 0 1 
34562489690199;0.186435;0.288362;0.999752 6.78013e-05 -0.022255 -368.484 -2.25349e-05 0.999998 0.00203423 34.2427 0.0222551 -0.00203323 0.99975 726.55 0 0 0 1 
34562489690200;0.246291;0.221378;1 5.68602e-07 -0.00012797 -4.06516 -5.67231e-07 1 1.07151e-05 0.366386 0.00012797 -1.0715e-05 1 -3.31136 0 0 0 1 
34562489690201;0.100046;0.516865;1 -1.5683e-05 0.000882716 125.463 1.57543e-05 1 -8.07657e-05 -17.429 -0.000882715 8.07796e-05 1 -29.5441 0 0 0 1 
34562489690202;0.155088;0.153493;1 1.49094e-06 -7.99064e-05 -11.5331 -1.49038e-06 1 7.04645e-06 1.4607 7.99064e-05 -7.04633e-06 1 0.193363 0 0 0 1 
34562489690203;0.0877176;0.367647;0.999999 1.66399e-05 0.00121153 -132.329 -1.65183e-05 1 -0.000100381 16.5071 -0.00121153 0.000100361 0.999999 44.1451 0 0 0 1 
34562489690204;0.244178;0.335787;0.999182 7.58315e-05 0.0404427 -41.32 6.69983e-05 0.999994 -0.00353029 0.858074 -0.0404427 0.00353011 0.999176 5.68226 0 0 0 1 
34562489690205;0.481854;0.393391;0.998222 0.000197759 -0.0596136 -331.763 0.000115437 0.999986 0.00525027 28.5993 0.0596138 -0.00524781 0.998208 348.418 0 0 0 1 
34562489690206;0.097924;0.359399;0.99864 0.000106303 0.0521396 92.0466 0.000131058 0.99999 -0.00454899 -12.6111 -0.0521395 0.00454964 0.998629 17.3085 0 0 0 1 
34562489690207;0.417969;0.360832;0.998425 0.000147397 -0.0560972 -71.3376 0.000128312 0.999988 0.00491121 6.91737 0.0560973 -0.00491068 0.998413 106.183 0 0 0 1 
34562489690208;0.41666;0.408859;1 2.38467e-08 1.58843e-08 0.141338 -2.38467e-08 1 1.12225e-08 -0.28441 -1.58843e-08 -1.12225e-08 1 -0.0925837 0 0 0 1 
34562489690209;0.102897;0.074097;0.999845 1.89437e-05 -0.0175945 -40.8862 8.08046e-06 0.999999 0.00153587 3.86373 0.0175945 -0.00153577 0.999844 -2.77914 0 0 0 1 
34562489690210;0.0465566;0.117423;0.99998 4.75465e-06 0.00625833 -25.1586 -1.33408e-06 1 -0.000546566 0.999171 -0.00625833 0.000546547 0.99998 -2.31577 0 0 0 1 
34562489690211;0.156365;0.205373;1 5.76418e-06 -0.000219069 -45.2775 -5.76099e-06 1 1.4584e-05 1.97164 0.000219069 -1.45827e-05 1 -36.2395 0 0 0 1 
34562489690212;0.249667;0.304428;0.999855 2.03982e-05 0.0170186 -64.1849 4.86765e-06 0.999999 -0.00148455 4.25046 -0.0170186 0.00148442 0.999854 10.4894 0 0 0 1 
34562489690213;0.302086;0.373284;0.999581 4.01115e-05 0.028929 -32.86 3.2905e-05 0.999997 -0.00252351 1.02507 -0.028929 0.00252341 0.999578 17.357 0 0 0 1 
34562489690214;0.0408606;0.0603956;0.999999 -5.21606e-07 -0.0012037 4.87155 6.48094e-07 1 0.000105082 0.154081 0.0012037 -0.000105083 0.999999 -0.304605 0 0 0 1 
34562489690215;0.322976;0.330864;1 -4.78094e-06 -3.81192e-05 38.0986 4.78139e-06 1 1.17793e-05 -2.3899 3.81192e-05 -1.17795e-05 1 67.6678 0 0 0 1 
34562489690217;0.345856;0.192105;0.999976 1.86754e-06 0.00691503 0.31147 2.30313e-06 1 -0.000603124 0.128824 -0.00691503 0.000603125 0.999976 5.86257 0 0 0 1 
34562489690218;0.369096;0.20506;0.999809 1.45978e-05 -0.0195473 18.8525 1.87421e-05 0.999999 0.00170542 -2.22781 0.0195473 -0.00170546 0.999807 -10.5015 0 0 0 1 
34562489690219;0.344434;0.407291;0.999542 3.76713e-05 -0.0302539 22.3657 4.2218e-05 0.999997 0.00263998 -1.93908 0.0302539 -0.00264005 0.999539 -11.8112 0 0 0 1 
34562489690220;0.281678;0.367696;0.995145 0.00042917 -0.0984147 -28.2126 0.000418501 0.999963 0.00859245 2.16275 0.0984147 -0.00859193 0.995108 -8.67919 0 0 0 1 
34562489690221;0.2479;0.42672;0.999562 3.42469e-05 -0.0296059 35.6401 4.22892e-05 0.999997 0.00258454 -3.16977 0.0296059 -0.00258466 0.999558 -3.16738 0 0 0 1 
34562489690222;0.309448;0.427659;0.998067 0.000160815 -0.0621417 71.3795 0.000176638 0.999985 0.00542485 -6.25193 0.0621417 -0.00542534 0.998053 -4.8923 0 0 0 1 
34562489690223;0.503992;0.472279;0.97614 0.00206925 -0.217132 142.138 0.00209634 0.999818 0.0189525 -12.1689 0.217132 -0.0189555 0.975958 -23.5281 0 0 0 1 
34562489690224;0.505738;0.360506;0.999341 5.23626e-05 -0.0363047 45.8921 6.27198e-05 0.999995 0.00316876 -4.05297 0.0363047 -0.00316894 0.999336 -8.56441 0 0 0 1 
34562489690225;0.255572;0.330524;0.995226 0.000409711 0.0976 43.5193 0.00042397 0.999964 -0.00852092 -3.9444 -0.0975999 0.00852162 0.995189 3.12855 0 0 0 1 
34562489690226;0.59187;0.814728;0.998279 0.000145903 -0.0586421 42.2317 0.00015449 0.999987 0.00511792 -4.66552 0.0586421 -0.00511818 0.998266 -16.5037 0 0 0 1 
34562489690227;0.535961;0.569492;0.993309 0.000578238 -0.115486 62.8483 0.000591277 0.999949 0.0100924 -5.54888 0.115486 -0.0100931 0.993258 76.7949 0 0 0 1 
34562489690228;0.492348;0.986096;0.994408 0.000479028 -0.105609 87.5871 0.00049737 0.999957 0.00921886 -7.61958 0.105609 -0.00921983 0.994365 -10.783 0 0 0 1 
34562489690229;0.377629;0.381325;0.999207 6.83487e-05 -0.0398272 12.5883 7.01044e-05 0.999994 0.00347494 -1.5034 0.0398272 -0.00347498 0.999201 -19.7393 0 0 0 1 
34562489690230;0.309344;0.816697;0.988227 0.00101729 -0.152989 105.768 0.00103818 0.99991 0.0133549 -8.0579 0.152989 -0.0133565 0.988138 -12.0573 0 0 0 1 
34562489690231;0.422227;0.692782;0.999244 5.82484e-05 0.0388882 56.269 7.3751e-05 0.999994 -0.00339289 -4.48164 -0.0388882 0.00339319 0.999238 20.0906 0 0 0 1 
34562489690232;0.215127;0.455823;0.998693 0.000105988 0.0511038 57.1405 0.000122022 0.99999 -0.00445856 -4.98006 -0.0511038 0.00445897 0.998683 25.591 0 0 0 1 
34562489690233;0.420689;0.430825;0.999956 3.41906e-06 -0.00940432 4.73294 4.29925e-06 1 0.0008207 -0.71977 0.00940432 -0.000820704 0.999955 -3.70101 0 0 0 1 
34562489690234;0.244511;0.335958;0.999999 -5.46485e-07 -0.00131604 4.73306 6.97521e-07 1 0.000114765 -0.585547 0.00131604 -0.000114766 0.999999 -1.16827 0 0 0 1 
34562489690235;0.305129;1.3252;0.999817 1.9148e-05 0.01911 -29.4227 1.2766e-05 0.999999 -0.00166989 6.3617 -0.01911 0.00166983 0.999816 -9.29764 0 0 0 1 
34562489690236;0.196522;0.275021;0.996014 0.000341946 0.0892008 36.259 0.000353895 0.99997 -0.00778491 -3.02382 -0.0892007 0.00778544 0.995983 25.3529 0 0 0 1 
34562489690237;0.236663;0.383629;0.99842 0.000133553 -0.0561965 42.8183 0.00014237 0.999988 0.00490593 -3.78787 0.0561965 -0.00490618 0.998408 -4.7619 0 0 0 1 
34562489690238;0.36003;0.468521;1 -3.47871e-08 7.23739e-08 -0.256122 3.47871e-08 1 4.75588e-09 0.277936 -7.23739e-08 -4.75587e-09 1 -0.0541521 0 0 0 1 
34562489690239;0.243492;0.258094;0.999992 -2.78214e-06 -0.00411839 28.1365 4.23748e-06 1 0.000353367 -2.87289 0.00411839 -0.000353382 0.999991 -49.4318 0 0 0 1 
34562489690240;0.35283;1.99568;0.999983 -1.59435e-06 0.00589141 23.141 4.69358e-06 1 -0.000526045 -7.95657 -0.0058914 0.000526064 0.999983 -94.2199 0 0 0 1 
34562489690241;0.379757;0.952952;0.992867 0.000604464 0.119222 128.575 0.000640667 0.999946 -0.0104052 -10.762 -0.119222 0.0104073 0.992813 20.8532 0 0 0 1 
34562489690242;0.378853;0.618392;0.947093 0.00465097 0.320926 -298.705 0.00465689 0.999591 -0.0282294 27.0741 -0.320926 0.0282304 0.946683 -1672.2 0 0 0 1 
34562489690243;0.301434;0.636328;0.99997 -1.24394e-06 0.00776551 28.8856 6.50744e-06 1 -0.000677779 -1.89308 -0.00776551 0.000677809 0.99997 1.99559 0 0 0 1 
34562489690244;0.500189;0.522646;1 -2.29551e-08 -1.169e-06 0.0183781 2.29552e-08 1 8.12792e-08 0.0286996 1.169e-06 -8.12792e-08 1 -0.144775 0 0 0 1 
34562489690245;0.271456;0.198036;0.999906 7.47234e-06 0.0137185 3.78089 8.95358e-06 0.999999 -0.00119729 -0.19694 -0.0137185 0.0011973 0.999905 4.6913 0 0 0 1 
34562489690246;0.262584;0.32135;0.999486 4.17671e-05 -0.0320447 28.6564 4.79092e-05 0.999996 0.0027977 -2.50912 0.0320447 -0.0027978 0.999483 -1.53692 0 0 0 1 
34562489690248;0.122472;0.155269;0.997749 0.000135272 0.0670633 484.1 0.000259879 0.999983 -0.00588346 -41.7853 -0.0670629 0.00588764 0.997731 -255.676 0 0 0 1 
34562489690249;0.236877;0.636882;0.977939 0.00198551 -0.208881 -444.943 0.0018841 0.99983 0.0183249 42.9846 0.208882 -0.0183141 0.977769 607.89 0 0 0 1 
34562489690250;0.361013;0.411121;0.998562 0.000127737 0.0536104 -24.2673 0.000123274 0.999989 -0.0046788 1.38063 -0.0536104 0.00467868 0.998551 19.7351 0 0 0 1 
34562489690251;0.0844088;0.0655301;0.999563 3.81855e-05 -0.0295519 4.20701 3.80406e-05 0.999997 0.00257883 -0.135202 0.0295519 -0.00257883 0.99956 -12.3452 0 0 0 1 
34562489690252;0.195046;0.245435;1 1.17578e-08 -1.63436e-08 0.171411 -1.17578e-08 1 3.90911e-09 0.684861 1.63436e-08 -3.90911e-09 1 -0.0045813 0 0 0 1 
34562489690253;0.120903;0.254451;0.994813 0.000283611 0.101719 1348.98 0.000642342 0.999959 -0.00907019 -118.404 -0.101717 0.00908848 0.994772 -1663.17 0 0 0 1 
34562489690254;0.246774;0.313559;1 6.93467e-08 -3.40382e-07 0.550738 -6.93467e-08 1 -2.42498e-08 -0.421236 3.40382e-07 2.42498e-08 1 0.164219 0 0 0 1 
34562489690255;0.134202;0.257731;0.999865 1.08782e-05 0.0164599 5.64844 1.27429e-05 0.999999 -0.00143496 -2.02044 -0.0164599 0.00143498 0.999863 17.609 0 0 0 1 
34562489690256;0.130561;0.202268;0.999281 6.84158e-05 0.0379069 -49.1658 5.70205e-05 0.999995 -0.00330797 4.96481 -0.0379069 0.00330775 0.999276 18.0288 0 0 0 1 
34562489690257;0.163799;0.236073;0.999906 1.02334e-05 -0.0136954 -14.9913 6.12951e-06 0.999999 0.00119473 2.12482 0.0136954 -0.0011947 0.999905 -9.67189 0 0 0 1 
34562489690258;0.294851;0.330839;0.995595 0.000384968 -0.093761 11.7132 0.000383696 0.999966 0.00817996 -2.64599 0.093761 -0.0081799 0.995561 -54.8623 0 0 0 1 
34562489690259;0.334686;1.03484;1 1.92021e-07 -1.57303e-07 1.14997 -1.92021e-07 1 -3.99827e-08 -6.15199 1.57303e-07 3.99827e-08 1 0.1694 0 0 0 1 
