#;prob_registration_l1 -r /home/probabilistic_point_clouds_registration/build/tester /home/point_clouds_registration_benchmark//devel/registration_pairs/wood_autumn_local.txt /home/point_clouds_registration_benchmark//eth/wood_autumn -s 0.2 -t 0.2 -p 0.3 -r 1000 -m 10 -i 40 
id;initial_error;final_error;transformation
26875431820000;0.498992;0.479146;0.993318 0.0959767 -0.064098 0.375775 -0.0953286 0.99536 0.0131017 0.403477 0.065058 -0.00690375 0.997858 -0.588211 0 0 0 1 
26875431820001;0.336145;0.0451202;0.924651 0.286171 -0.251251 0.637698 -0.256976 0.955793 0.14291 0.792222 0.28104 -0.0675762 0.957314 -0.72118 0 0 0 1 
26875431820002;0.60541;0.292352;0.975696 0.166546 -0.142406 0.314315 -0.160481 0.985607 0.0531438 0.602178 0.149207 -0.0289987 0.988381 -1.01549 0 0 0 1 
26875431820003;0.366204;0.0291849;0.993437 0.101827 -0.0520886 -0.160948 -0.0994813 0.993985 0.045806 -0.115327 0.0564396 -0.0403235 0.997591 -0.529024 0 0 0 1 
26875431820004;0.698046;0.0272913;0.956071 -0.293123 -0.00255944 0.858582 0.293038 0.955499 0.0339276 -1.25815 -0.00749941 -0.0331872 0.999421 0.40562 0 0 0 1 
26875431820005;0.325213;0.0316631;0.93031 -0.229625 0.286001 -0.355424 0.2542 0.965782 -0.0514571 -0.675927 -0.264399 0.120572 0.956847 0.917516 0 0 0 1 
26875431820006;0.554876;0.0286578;0.999998 -0.000542032 0.00201066 -0.271948 0.00054561 0.999998 -0.0017794 0.711237 -0.00200969 0.0017805 0.999996 0.557448 0 0 0 1 
26875431820007;0.383756;0.385835;0.999941 0.00238968 -0.0105802 -0.000479518 -0.00194678 0.999129 0.041675 0.0627613 0.0106706 -0.041652 0.999075 -0.00683114 0 0 0 1 
26875431820008;0.203498;0.0306901;0.966656 0.0518968 -0.250766 0.107228 -0.0295489 0.995313 0.0920776 0.0962375 0.25437 -0.0815975 0.963659 -0.979427 0 0 0 1 
26875431820009;0.180609;0.0350636;0.978936 -0.154465 -0.133507 0.0987273 0.151026 0.98789 -0.0355694 -0.34859 0.137385 0.014657 0.990409 -0.3883 0 0 0 1 
26875431820010;0.462102;0.0315031;0.960116 -0.139904 -0.242085 0.719742 0.146005 0.989257 0.00735608 -0.725723 0.238455 -0.0424083 0.970227 -0.936639 0 0 0 1 
26875431820011;0.575398;0.430322;0.993468 0.0340688 0.108903 0.244576 -0.0378228 0.998753 0.0325931 0.107632 -0.107657 -0.0364992 0.993518 0.688306 0 0 0 1 
26875431820012;0.688058;0.60321;0.999142 0.0170565 -0.0377533 0.198156 -0.0157812 0.999303 0.0338238 -0.102431 0.0383039 -0.033199 0.998714 -0.150743 0 0 0 1 
26875431820013;0.421251;0.371797;0.999387 -0.0349203 0.00266488 0.0159485 0.0349556 0.999282 -0.0146403 -0.121355 -0.00215172 0.0147245 0.999889 -0.119719 0 0 0 1 
26875431820014;0.330264;0.0351177;0.953956 -0.292362 0.067025 -0.443057 0.292853 0.956154 0.0026049 -1.11649 -0.0648478 0.0171435 0.997748 0.176685 0 0 0 1 
26875431820015;0.226693;0.192884;0.99929 0.0352391 0.0133243 0.0145438 -0.0346917 0.998625 -0.0392997 0.160803 -0.0146909 0.0388096 0.999139 0.116157 0 0 0 1 
26875431820016;0.538469;0.308617;0.988672 -0.0125861 0.149563 0.697863 0.0073692 0.999347 0.0353839 0.32557 -0.14991 -0.0338809 0.988119 0.248679 0 0 0 1 
26875431820017;0.524419;0.0357804;0.983243 -0.158889 -0.0893757 -0.0277494 0.141757 0.974637 -0.173171 -0.404694 0.114624 0.157599 0.980828 0.556139 0 0 0 1 
26875431820018;0.579586;0.0258813;0.979365 0.0385785 -0.198384 0.402451 -0.0613521 0.99204 -0.109962 -0.0533751 0.192563 0.119864 0.973936 0.34805 0 0 0 1 
26875431820019;0.351798;0.0292993;0.97917 0.0928734 -0.180558 0.253661 -0.0956446 0.995393 -0.00668344 0.574778 0.179106 0.0238136 0.983542 -0.94429 0 0 0 1 
26875431820020;0.0809749;0.0297277;0.99474 -0.102068 0.0086184 -0.0971246 0.102239 0.994503 -0.0226023 -0.310579 -0.00626406 0.0233646 0.999707 0.00289084 0 0 0 1 
26875431820021;0.644904;0.0282534;0.945959 0.0887633 -0.311902 1.17995 -0.00775179 0.967724 0.251892 0.0910937 0.324194 -0.235862 0.916116 -0.663545 0 0 0 1 
26875431820022;0.0317767;0.0285588;0.99948 0.0301389 0.0114288 -0.0241831 -0.030075 0.999531 -0.00572352 0.11617 -0.011596 0.00537683 0.999918 0.0740667 0 0 0 1 
26875431820023;0.284901;0.032718;0.997537 -0.0701363 0.000400215 0.367089 0.0701095 0.997285 0.0225249 -0.304458 -0.00197894 -0.0224413 0.999746 -0.0262868 0 0 0 1 
26875431820024;0.398113;0.0300488;0.997285 0.00557485 -0.073431 0.344744 -0.00694812 0.999805 -0.0184594 0.466292 0.0733138 0.0189194 0.997129 -0.561882 0 0 0 1 
26875431820025;0.5828;0.360294;0.984067 -0.176154 -0.0241316 0.201881 0.176448 0.984253 0.010622 -0.918292 0.0218805 -0.0147107 0.999652 0.481351 0 0 0 1 
26875431820026;0.630426;0.0217207;0.980775 0.194711 0.0129246 -0.268508 -0.19473 0.980857 0.000167723 0.521304 -0.0126445 -0.0026813 0.999916 0.934421 0 0 0 1 
26875431820027;0.464713;0.0224072;0.994185 0.107594 0.00453296 0.230069 -0.107689 0.993179 0.0447103 0.469589 0.000308521 -0.0449384 0.99899 0.670198 0 0 0 1 
26875431820028;0.337162;0.0241408;0.999933 -0.011567 9.83753e-05 -0.444763 0.011551 0.998932 0.0447318 -0.344205 -0.000615681 -0.0447276 0.998999 0.240374 0 0 0 1 
26875431820029;0.206492;0.0269698;0.9996 0.00995344 0.0264855 -0.315409 -0.00826032 0.997961 -0.063285 -0.0811384 -0.0270614 0.0630409 0.997644 0.23869 0 0 0 1 
26875431820031;0.22611;0.0141446;0.972641 0.096997 0.211093 -0.168769 -0.118832 0.98852 0.0933129 0.366399 -0.199619 -0.115845 0.973002 0.904808 0 0 0 1 
26875431820032;0.537519;0.37065;0.981977 -0.127665 -0.139369 0.53976 0.1266 0.991816 -0.0165165 -0.622841 0.140337 -0.00142533 0.990103 -0.591026 0 0 0 1 
26875431820033;0.515263;0.0160187;0.996652 0.0281015 -0.0767857 -0.0852777 -0.00640623 0.963036 0.269295 -0.780418 0.081515 -0.267902 0.959992 -1.02701 0 0 0 1 
26875431820034;0.18246;0.0178339;0.994039 0.016146 -0.107826 -0.176484 -0.0144065 0.999754 0.0168917 0.024867 0.108072 -0.0152376 0.994026 -0.307522 0 0 0 1 
26875431820035;0.31218;0.184058;0.995177 0.0462923 0.0864821 -0.0373238 -0.0518162 0.996683 0.062759 -0.0537221 -0.08329 -0.0669375 0.994275 0.564377 0 0 0 1 
26875431820036;0.352511;0.0593401;0.968443 -0.235695 0.0810372 -0.0918359 0.248844 0.932625 -0.261319 -0.726166 -0.0139856 0.273239 0.961845 -0.0967534 0 0 0 1 
26875431820037;0.447509;0.0118379;0.996969 -0.0775626 -0.00602633 0.326287 0.0776082 0.996954 0.00773535 -0.786495 0.00540799 -0.0081796 0.999952 -0.784993 0 0 0 1 
26875431820038;0.350569;0.334331;0.999534 -0.028607 -0.0106935 0.021663 0.0283831 0.999386 -0.0205363 -0.132049 0.0112744 0.0202232 0.999732 -0.0640171 0 0 0 1 
26875431820039;0.337073;0.0081909;0.971664 -0.214927 0.0983625 0.0636545 0.179404 0.941555 0.285111 -1.19343 -0.153892 -0.259386 0.953434 1.26904 0 0 0 1 
26875431820040;0.229197;0.0159806;0.981298 -0.190251 -0.0292961 0.258272 0.179282 0.958712 -0.220746 -0.520364 0.0700838 0.211365 0.974891 -0.375517 0 0 0 1 
26875431820041;0.10838;0.0105765;0.997929 0.0641908 0.00414205 -0.0552906 -0.0642059 0.99793 0.00363119 0.173034 -0.00390039 -0.00388961 0.999985 0.179675 0 0 0 1 
26875431820042;0.455772;0.27173;0.944546 -0.306254 0.118498 0.2728 0.321445 0.93607 -0.142994 -1.37976 -0.0671301 0.173155 0.982604 0.698999 0 0 0 1 
26875431820043;0.274946;0.0140638;0.979434 0.105136 0.172207 -0.164419 -0.127123 0.98435 0.122048 0.264158 -0.15668 -0.141429 0.977471 1.10892 0 0 0 1 
26875431820044;0.287192;0.0131048;0.999249 0.000879764 0.0387505 0.0764313 -0.000680667 0.999987 -0.00515083 0.575527 -0.0387545 0.00512058 0.999236 0.285368 0 0 0 1 
26875431820045;0.572084;0.021113;0.986133 0.0635766 -0.153299 0.706432 -0.00433135 0.933258 0.359182 -0.838247 0.165903 -0.353537 0.920591 -1.16412 0 0 0 1 
26875431820046;0.148614;0.015072;0.997726 -0.0620795 -0.0262479 0.0588139 0.0661627 0.976374 0.205709 -0.580055 0.0128575 -0.206978 0.978261 0.0434742 0 0 0 1 
26875431820047;0.191966;0.0139004;0.989183 0.146494 0.0075683 -0.0676001 -0.143317 0.976153 -0.16305 0.875404 -0.0312737 0.160201 0.986589 0.292674 0 0 0 1 
26875431820048;0.552949;0.234545;0.970579 0.231016 0.0678765 -0.284398 -0.220469 0.965982 -0.135174 1.46613 -0.096795 0.116233 0.988494 -0.230123 0 0 0 1 
26875431820049;0.452544;0.282489;0.986131 0.144807 0.0810923 -0.210021 -0.14166 0.988966 -0.0433332 0.613477 -0.0864726 0.0312447 0.995764 0.68008 0 0 0 1 
26875431820050;0.381287;0.0427456;0.964593 0.213172 0.1553 -0.0914502 -0.220634 0.974822 0.0323067 0.711322 -0.144502 -0.0654271 0.987339 1.20777 0 0 0 1 
26875431820051;0.357531;0.0145103;0.972332 -0.0736914 -0.221673 0.733905 0.0659982 0.996939 -0.0419247 -0.12463 0.224084 0.0261347 0.974219 -0.62241 0 0 0 1 
26875431820052;0.469273;0.0155966;0.964203 0.143943 -0.222696 0.531585 -0.202519 0.94188 -0.268044 1.8533 0.17117 0.303549 0.937315 -1.06188 0 0 0 1 
26875431820053;0.393672;0.0152783;0.993609 0.0277815 0.109405 0.702352 -0.0459687 0.984815 0.167409 -0.058127 -0.103092 -0.171368 0.979798 0.545811 0 0 0 1 
26875431820054;0.384531;0.0165968;0.935023 0.217332 -0.280177 0.687358 -0.141191 0.953003 0.268049 0.340066 0.325265 -0.211073 0.921765 -1.38203 0 0 0 1 
26875431820055;0.28566;0.0131301;0.979547 -0.191785 -0.0608873 0.494328 0.194702 0.979772 0.0462311 -1.15346 0.0507892 -0.0571404 0.997073 0.109621 0 0 0 1 
26875431820056;0.596591;0.0224552;0.922226 -0.283246 0.263195 -0.0453579 0.324345 0.937262 -0.127829 -1.30489 -0.210476 0.203253 0.956236 0.0871106 0 0 0 1 
26875431820057;0.446113;0.30659;0.987002 -0.137805 0.0826817 0.279388 0.140926 0.989465 -0.0331577 -0.713255 -0.0772413 0.0443787 0.996024 0.462014 0 0 0 1 
26875431820058;0.224686;0.00894854;0.999512 -0.0124711 -0.028652 -0.0990936 0.0150056 0.995827 0.09002 -0.218921 0.0274098 -0.090406 0.995528 0.333846 0 0 0 1 
26875431820059;0.444316;0.0184352;0.954626 -0.174602 0.241254 -0.477254 0.175188 0.984348 0.01919 -0.670273 -0.240829 0.0239457 0.970272 0.771229 0 0 0 1 
26875431820060;0.410765;0.329448;0.999852 0.00609475 0.0160718 0.0973191 -0.0067494 0.999136 0.0409986 -0.116979 -0.0158081 -0.041101 0.99903 0.177056 0 0 0 1 
26875431820062;0.368904;0.0173177;0.956328 0.172937 0.235647 0.434327 -0.21981 0.9569 0.189805 0.484879 -0.192667 -0.233314 0.953123 0.36756 0 0 0 1 
26875431820063;0.231158;0.00905158;0.956116 -0.0739781 -0.283495 0.431584 0.114092 0.98523 0.127691 -0.615609 0.269861 -0.154431 0.950435 -1.12548 0 0 0 1 
26875431820064;0.204838;0.00846399;0.997672 -0.00605541 0.067933 0.0630881 -0.00304422 0.991104 0.133053 0.287739 -0.0681344 -0.13295 0.988778 0.100295 0 0 0 1 
26875431820065;0.171053;0.0101678;0.998264 0.0540915 0.023295 -0.088765 -0.0532506 0.997956 -0.0353188 -0.0404207 -0.0251578 0.034017 0.999105 0.0159115 0 0 0 1 
26875431820066;0.341828;0.200457;0.943872 0.309312 -0.115895 0.50112 -0.311867 0.950117 -0.0041424 1.60294 0.108832 0.0400538 0.993253 -0.328684 0 0 0 1 
26875431820067;0.359104;0.00835884;0.999772 0.00968703 -0.0190083 -0.216132 -0.0096635 0.999952 0.00132931 0.356091 0.0190202 -0.00114532 0.999818 0.592836 0 0 0 1 
26875431820068;0.231956;0.0106479;0.999773 -0.0210433 0.00342496 0.0460141 0.0210297 0.999771 0.00394072 -0.106495 -0.00350711 -0.00386779 0.999986 0.511353 0 0 0 1 
26875431820069;0.168442;0.007509;0.98441 -0.154074 0.0848422 0.0622643 0.156905 0.987224 -0.0277385 -0.766114 -0.0794845 0.0406182 0.996008 0.48666 0 0 0 1 
26875431820070;0.120851;0.0106141;0.987722 0.133364 -0.0813632 0.248074 -0.128325 0.989644 0.0643279 0.496871 0.0890996 -0.0530971 0.994606 -0.424951 0 0 0 1 
26875431820071;0.559761;0.0162172;0.944381 -0.328444 0.0164002 0.956897 0.328275 0.944503 0.0122179 -1.27189 -0.0195029 -0.00615458 0.999791 0.421875 0 0 0 1 
26875431820072;0.11141;0.00969927;0.998568 -0.0530774 0.00667712 -0.163668 0.0533688 0.997002 -0.0560323 -0.311292 -0.00368305 0.0563085 0.998407 0.00682802 0 0 0 1 
26875431820073;0.298534;0.00935622;0.953101 -0.302648 -0.00156354 0.249977 0.302652 0.953077 0.00677483 -1.51773 -0.000560217 -0.00693031 0.999976 0.161823 0 0 0 1 
26875431820074;0.511902;0.41341;0.999361 -0.0216359 -0.0284429 0.126239 0.020737 0.999288 -0.0315275 -0.027354 0.0291048 0.0309176 0.999098 -0.307671 0 0 0 1 
26875431820075;0.368729;0.0112928;0.937588 -0.2367 0.254759 -0.199823 0.158239 0.942753 0.293561 -1.13879 -0.30966 -0.234927 0.921368 1.48378 0 0 0 1 
26875431820076;0.104083;0.00945985;0.999369 -0.0294514 -0.0198796 -0.0141247 0.0277326 0.996263 -0.081804 0.0810004 0.0222145 0.0812011 0.99645 0.0216536 0 0 0 1 
26875431820077;0.334061;0.0109757;0.958706 0.280163 -0.0488948 0.465879 -0.276076 0.958082 0.0765504 1.29896 0.0682918 -0.0598906 0.995866 -0.778699 0 0 0 1 
26875431820078;0.46154;0.0116315;0.96532 0.259701 0.0266937 -0.231587 -0.252281 0.954242 -0.160548 1.56157 -0.0671667 0.148246 0.986667 -0.0935073 0 0 0 1 
26875431820079;0.388175;0.0121858;0.885541 -0.214528 0.412063 -0.23726 0.134269 0.967327 0.215061 -0.921117 -0.444736 -0.135118 0.885411 1.72836 0 0 0 1 
26875431820080;0.446652;0.0118792;0.968826 0.246874 0.0207047 0.226701 -0.24631 0.96883 -0.0264581 1.23458 -0.0265911 0.0205335 0.999435 -0.672538 0 0 0 1 
26875431820081;0.390076;0.0586276;0.94343 0.331341 -0.0123996 0.493553 -0.325096 0.916996 -0.231152 1.79414 -0.0652197 0.222106 0.972839 0.602622 0 0 0 1 
26875431820082;0.269988;0.00718756;0.991823 0.125844 -0.0212213 -0.120593 -0.121176 0.980799 0.152805 0.0803267 0.0400434 -0.148984 0.988029 -0.345673 0 0 0 1 
26875431820083;0.397996;0.0116232;0.919361 -0.325524 0.220927 0.432527 0.323702 0.945067 0.0454555 -1.51923 -0.223588 0.0297245 0.97423 1.37658 0 0 0 1 
26875431820084;0.431462;0.0101462;0.984685 0.0924896 -0.14779 0.399214 -0.136396 0.93666 -0.32259 0.978946 0.108593 0.337807 0.93493 0.446863 0 0 0 1 
26875431820085;0.0561572;0.00806019;0.999289 -0.0373626 0.00508988 -0.0955995 0.0373846 0.999292 -0.0042943 -0.138641 -0.00492583 0.00448153 0.999978 0.0752252 0 0 0 1 
26875431820086;0.263745;0.00970904;0.973771 0.222575 0.0472277 0.3352 -0.224399 0.973772 0.0376023 0.610523 -0.0376197 -0.0472139 0.998176 -0.0551519 0 0 0 1 
26875431820087;0.254275;0.0117114;0.9727 -0.0885934 -0.214488 0.33129 0.127601 0.976182 0.175462 -0.794688 0.193835 -0.198041 0.960837 -1.16909 0 0 0 1 
26875431820088;0.2679;0.0115089;0.966885 0.25488 -0.0130254 0.467627 -0.255159 0.966471 -0.0287648 1.30105 0.00525714 0.0311358 0.999501 -0.258526 0 0 0 1 
26875431820089;0.093436;0.0062146;0.999249 0.0354221 -0.0157321 0.0579468 -0.0361046 0.998314 -0.0454513 0.346609 0.0140956 0.0459851 0.998843 0.0368464 0 0 0 1 
26875431820090;0.279476;0.0102738;0.999274 0.0373735 0.00734581 0.187998 -0.0371628 0.998945 -0.0269826 -0.24172 -0.0083465 0.02669 0.999609 0.446009 0 0 0 1 
26875431820091;0.394578;0.0111416;0.993033 0.117214 0.0120637 0.245049 -0.117274 0.99309 0.00441075 0.500539 -0.0114633 -0.00579478 0.999918 -0.769182 0 0 0 1 
26875431820093;0.345934;0.0163705;0.933611 -0.310764 -0.178317 2.61192 0.303445 0.950444 -0.0676555 -1.13618 0.190505 0.00905438 0.981644 -0.653823 0 0 0 1 
26875431820094;0.529735;0.0165604;0.940324 0.282379 0.189876 -2.55166 -0.269269 0.958644 -0.0921686 1.89367 -0.20805 0.0355407 0.977472 0.598094 0 0 0 1 
26875431820095;0.39088;0.0184052;0.961236 -0.0126991 -0.275435 0.333212 0.00693434 0.999736 -0.0218936 -0.154007 0.27564 0.0191349 0.96107 -0.827413 0 0 0 1 
26875431820096;0.29099;0.269693;0.999737 0.0126673 -0.0190984 -0.0385117 -0.0130674 0.999695 -0.0209699 0.0461544 0.0188269 0.0212139 0.999598 -0.153555 0 0 0 1 
26875431820097;0.411668;0.0221728;0.959274 0.280938 0.0294377 -1.79337 -0.280591 0.959704 -0.0154217 2.39098 -0.032584 0.00653374 0.999448 0.0848171 0 0 0 1 
26875431820098;0.305728;0.0215735;0.963871 -0.200499 0.175365 0.978685 0.209428 0.97724 -0.0337944 -0.911787 -0.164597 0.0692998 0.983923 0.200387 0 0 0 1 
26875431820099;0.324227;0.317917;0.999628 -0.0219158 -0.0162287 0.23249 0.0218948 0.999759 -0.00147275 -0.0406373 0.0162571 0.00111688 0.999867 -0.127399 0 0 0 1 
26875431820100;0.476247;0.0264451;0.972521 -0.231974 -0.0197949 1.93361 0.232295 0.972516 0.0158393 -0.511512 0.0155766 -0.0200023 0.999679 -0.56218 0 0 0 1 
26875431820101;0.325622;0.0505662;0.964699 0.19836 0.173234 -1.46268 -0.138677 0.941823 -0.306167 1.44977 -0.223887 0.271335 0.936083 -0.658709 0 0 0 1 
26875431820102;0.315339;0.00745361;0.977256 0.212035 0.00353665 -1.14176 -0.208479 0.963651 -0.16707 1.2079 -0.0388329 0.162533 0.985939 -1.2638 0 0 0 1 
26875431820103;0.395286;0.0203332;0.99686 -0.0790531 0.00463004 0.334868 0.0790935 0.996824 -0.00931457 -0.324279 -0.00387898 0.00965152 0.999946 -0.793053 0 0 0 1 
26875431820104;0.491587;0.0271081;0.99903 0.0400334 0.01836 0.414653 -0.0388558 0.997409 -0.0605413 0.597099 -0.0207361 0.0597692 0.997997 -0.863567 0 0 0 1 
26875431820105;0.296198;0.0204231;0.991269 -0.0398616 0.125689 0.171503 0.0763222 0.950754 -0.300403 0.216587 -0.107524 0.307373 0.945495 -1.02044 0 0 0 1 
26875431820106;0.351999;0.0137281;0.953171 -0.290231 -0.0850396 1.95383 0.296526 0.952151 0.0740292 -1.69426 0.059485 -0.0957789 0.993624 0.44779 0 0 0 1 
26875431820107;0.398745;0.363464;0.9989 0.0371912 0.0285472 -0.363235 -0.0365543 0.999078 -0.0225175 0.219767 -0.0293583 0.0214492 0.999339 0.0800933 0 0 0 1 
26875431820108;0.476963;0.0236776;0.964098 0.254795 0.0747921 -1.7269 -0.259393 0.963913 0.0598977 2.31073 -0.0568314 -0.0771478 0.995399 1.05024 0 0 0 1 
26875431820109;0.419848;0.391266;0.999606 -0.0198991 -0.0198112 0.264583 0.0200786 0.999759 0.00890188 -0.0972037 0.0196293 -0.00929615 0.999764 0.0933233 0 0 0 1 
26875431820110;0.205033;0.0223127;0.996516 0.0161537 0.0818254 -0.0078073 -0.00963744 0.996795 -0.0794133 0.404109 -0.082846 0.078348 0.993478 -0.201491 0 0 0 1 
26875431820111;0.333895;0.0180993;0.98654 -0.163469 0.00402508 1.3054 0.163518 0.98617 -0.0270137 -0.581418 0.00044648 0.0273083 0.999627 0.372613 0 0 0 1 
26875431820112;0.392948;0.392518;0.99738 -0.043331 -0.0579279 0.482519 0.0454411 0.998332 0.0356186 -0.22155 0.0562879 -0.0381576 0.997685 0.168726 0 0 0 1 
26875431820113;0.35267;0.0161842;0.944572 -0.162837 0.285074 0.870665 0.23738 0.938585 -0.250416 -0.410695 -0.226789 0.304207 0.925216 -0.790256 0 0 0 1 
26875431820114;0.433722;0.363118;0.99802 -0.0420143 0.046814 0.316756 0.0427547 0.998974 -0.0149284 0.0173668 -0.0461388 0.0169004 0.998792 0.0610375 0 0 0 1 
26875431820115;0.334392;0.0137937;0.974936 -0.219153 0.0383548 1.89951 0.196373 0.928667 0.314668 -0.844647 -0.104579 -0.29925 0.948427 2.43144 0 0 0 1 
26875431820116;0.39563;0.0170379;0.952553 -0.254196 0.167411 2.38223 0.26109 0.965104 -0.0201662 -1.34118 -0.156443 0.0629187 0.985681 0.48735 0 0 0 1 
26875431820117;0.505945;0.152476;0.990358 0.138525 0.00140212 -1.43193 -0.138301 0.989241 -0.047705 0.381252 -0.00799537 0.0470511 0.99886 -0.503278 0 0 0 1 
26875431820118;0.542637;0.510226;0.998739 0.00936291 0.0493155 -0.0898097 -0.0101337 0.99983 0.0154024 0.0307908 -0.0491629 -0.0158827 0.998664 0.302895 0 0 0 1 
26875431820119;0.33961;0.301073;0.999601 0.00284156 -0.0281121 0.00642219 -0.0029511 0.999988 -0.00385589 -0.0256109 0.0281008 0.00393732 0.999597 -0.0572266 0 0 0 1 
26875431820120;0.431883;0.0468855;0.988577 0.125604 -0.0832966 -0.121565 -0.0906549 0.937084 0.337129 0.391881 0.120401 -0.325727 0.937766 1.69158 0 0 0 1 
26875431820121;0.296141;0.0115874;0.935418 -0.349574 -0.0528256 2.74987 0.348139 0.936805 -0.0345748 -1.37413 0.0615738 0.0139512 0.998005 -0.599596 0 0 0 1 
26875431820122;0.699318;0.0163745;0.902477 0.051489 0.427649 -1.18198 -0.0831876 0.994973 0.0557578 -0.139612 -0.422628 -0.0858952 0.902224 3.21322 0 0 0 1 
26875431820124;0.463953;0.0193972;0.980255 0.0773308 -0.181992 -0.137558 -0.108832 0.979411 -0.170031 1.18422 0.165096 0.18648 0.968488 -3.19262 0 0 0 1 
26875431820125;0.172503;0.0161167;0.972664 0.228554 -0.0410757 -1.85515 -0.227469 0.97334 0.0294373 1.40699 0.0467087 -0.0192892 0.998722 -0.0792239 0 0 0 1 
26875431820126;0.469661;0.0202024;0.999976 -0.00452217 -0.00524172 -0.436044 0.00424766 0.998677 -0.0512488 0.499568 0.00546654 0.0512253 0.998672 0.101862 0 0 0 1 
26875431820127;0.198437;0.0246173;0.99662 -0.0816108 -0.0093895 0.676909 0.0816037 0.996664 -0.00113449 -0.0766761 0.00945077 0.00036444 0.999955 -0.0761929 0 0 0 1 
26875431820128;0.38452;0.310676;0.999301 -0.0372579 -0.0030876 0.382775 0.0372622 0.999305 0.00135296 -0.242491 0.00303504 -0.00146707 0.999994 -0.188337 0 0 0 1 
26875431820129;0.474436;0.0190528;0.938462 -0.335757 0.0809773 3.44272 0.343527 0.931676 -0.118191 -1.16029 -0.0357613 0.138735 0.989684 -1.67514 0 0 0 1 
26875431820130;0.313572;0.0153957;0.994834 -0.100693 -0.0129097 0.855065 0.100371 0.994671 -0.0235502 -0.540254 0.0152123 0.0221328 0.999639 -0.851794 0 0 0 1 
26875431820131;0.549583;0.0137493;0.992014 0.122516 -0.0299601 -1.61883 -0.118281 0.986151 0.116253 0.464363 0.0437882 -0.111781 0.992768 1.55297 0 0 0 1 
26875431820132;0.557397;0.51613;0.99903 0.0434148 0.0073857 -0.426285 -0.0431031 0.998343 -0.0381262 0.288635 -0.0090287 0.0377708 0.999246 -0.161114 0 0 0 1 
26875431820133;0.523064;0.337701;0.999005 -0.0269215 0.0355655 0.274519 0.0247016 0.997805 0.0614444 -0.257193 -0.0371416 -0.0605047 0.997477 1.1223 0 0 0 1 
26875431820134;0.28355;0.0133807;0.980386 0.194759 0.0302027 -1.88024 -0.19473 0.980849 -0.00392812 1.44034 -0.0303894 -0.00203029 0.999536 -0.0726847 0 0 0 1 
26875431820135;0.398345;0.0207764;0.981498 -0.0400636 -0.187237 0.4294 0.0697446 0.985491 0.154734 -0.530542 0.178321 -0.164929 0.970052 1.16641 0 0 0 1 
26875431820136;0.188337;0.0217902;0.996488 0.0714193 0.0437164 -0.816961 -0.0706952 0.997337 -0.0178926 0.686034 -0.0448779 0.0147393 0.998884 0.115462 0 0 0 1 
26875431820137;0.314888;0.0115361;0.937729 -0.0155079 0.347022 -0.0808294 0.040702 0.997027 -0.06543 -0.167618 -0.344975 0.0754801 0.935572 1.30519 0 0 0 1 
26875431820138;0.521003;0.0105379;0.999736 0.0228377 0.00252636 -0.518299 -0.0228344 0.999738 -0.00132694 -0.321246 -0.002556 0.00126891 0.999996 0.814818 0 0 0 1 
26875431820139;0.534563;0.0135791;0.963525 -0.215139 -0.159167 2.96372 0.194725 0.971594 -0.134489 -1.19273 0.183579 0.0985897 0.978048 -1.71069 0 0 0 1 
26875431820140;0.635129;0.0289891;0.932348 0.120409 -0.340924 0.37628 -0.114262 0.992719 0.0381334 1.23655 0.343033 0.00340097 0.939317 -1.59849 0 0 0 1 
26875431820141;0.451247;0.184163;0.991154 -0.132386 -0.00939546 1.17972 0.132656 0.986029 0.100742 -1.07724 -0.00407263 -0.101097 0.994868 1.28529 0 0 0 1 
26875431820142;0.45211;0.0210712;0.966818 0.0579486 -0.248808 -0.69675 -0.082371 0.99263 -0.0888887 0.826903 0.241823 0.106434 0.964465 -1.74277 0 0 0 1 
26875431820143;0.371493;0.335557;0.999181 0.0153237 0.0374425 -0.135044 -0.0167048 0.999181 0.0368544 -0.0640019 -0.036847 -0.0374497 0.998619 0.502921 0 0 0 1 
26875431820144;0.382734;0.0232192;0.975027 0.0169876 0.221437 -0.259615 0.0609405 0.938334 -0.340316 0.931642 -0.213563 0.345312 0.913866 -1.95358 0 0 0 1 
26875431820145;0.502979;0.0183187;0.96939 0.241169 0.0460519 -2.25687 -0.239645 0.970184 -0.0362263 2.10786 -0.0534155 0.0240812 0.998282 -0.543885 0 0 0 1 
26875431820146;0.275674;0.0178019;0.956173 0.2918 0.0242141 -2.16824 -0.2928 0.95323 0.0749665 2.00051 -0.00120646 -0.0787708 0.996892 0.551163 0 0 0 1 
26875431820147;0.238197;0.0173739;0.990888 0.0471559 -0.126164 -0.0343237 -0.0612115 0.99205 -0.109958 0.710834 0.119976 0.116679 0.985896 -1.49821 0 0 0 1 
26875431820148;0.24302;0.0165655;0.985655 -0.132995 0.103905 1.02618 0.149788 0.973022 -0.175476 -0.669914 -0.0777644 0.188523 0.978985 -1.41453 0 0 0 1 
26875431820149;0.23664;0.0177908;0.943854 -0.322987 0.0694199 3.03555 0.327816 0.941708 -0.0756451 -1.20654 -0.0409409 0.0941549 0.994715 -0.632814 0 0 0 1 
26875431820150;0.324251;0.0159761;0.984823 -0.169504 -0.0373221 1.62652 0.165192 0.981369 -0.098112 -0.808026 0.0532572 0.0904576 0.994475 -0.569781 0 0 0 1 
26875431820151;0.348638;0.224029;0.996675 -0.0533337 -0.0616067 0.566965 0.056908 0.996705 0.0577996 -0.539317 0.058321 -0.0611133 0.996426 0.272291 0 0 0 1 
26875431820152;0.39459;0.0176932;0.994231 -0.0787346 0.0728339 0.405524 0.083064 0.994828 -0.0584533 -0.184779 -0.0678549 0.064166 0.99563 -0.872907 0 0 0 1 
26875431820153;0.461448;0.0218778;0.960519 0.274902 -0.0428082 -2.04949 -0.272866 0.96086 0.0478654 1.66467 0.054291 -0.0342947 0.997936 -0.699464 0 0 0 1 
26875431820155;0.281618;0.0137267;0.997503 0.0457705 -0.0537807 0.466746 -0.0467317 0.998767 -0.0167531 0.0926835 0.0529476 0.0192246 0.998412 -0.053499 0 0 0 1 
26875431820156;0.544215;0.012317;0.980674 0.192272 -0.0361984 -0.0729965 -0.191593 0.981241 0.0214108 0.15341 0.039636 -0.0140617 0.999115 0.690724 0 0 0 1 
26875431820157;0.2633;0.227592;0.999673 -0.024406 -0.00758113 0.0549347 0.024128 0.999102 -0.0348148 -0.00889609 0.00842402 0.0346205 0.999365 0.0114904 0 0 0 1 
26875431820158;0.308459;0.250385;0.998795 0.0478358 -0.0110026 0.093646 -0.0476783 0.998762 0.0141608 0.13598 0.0116664 -0.0136192 0.999839 0.0773884 0 0 0 1 
26875431820159;0.600497;0.0110847;0.997902 0.0533675 0.0366515 0.753115 -0.0479722 0.989692 -0.134941 0.02994 -0.0434752 0.132899 0.990176 0.593092 0 0 0 1 
26875431820160;0.450407;0.289902;0.964103 -0.130908 0.231015 -0.0852914 0.146851 0.98773 -0.0531465 -0.264365 -0.221223 0.0851635 0.971497 0.527813 0 0 0 1 
26875431820161;0.500041;0.0217907;0.976468 -0.213739 -0.0287495 -0.272532 0.212357 0.976169 -0.0447002 -0.594682 0.0376186 0.0375432 0.998587 0.510619 0 0 0 1 
26875431820162;0.266888;0.20967;0.999736 0.0146127 0.0177103 -0.00576554 -0.0144531 0.999854 -0.00910673 -0.0378011 -0.0178408 0.00884836 0.999802 0.114904 0 0 0 1 
26875431820163;0.112835;0.0842953;0.999574 0.00162544 0.0291556 0.031726 -0.00162932 0.999999 0.000109514 0.0346283 -0.0291554 -0.000156971 0.999575 0.117563 0 0 0 1 
26875431820164;0.259006;0.137459;0.997871 -0.064831 -0.0070859 -0.0124054 0.0649315 0.997777 0.0150189 -0.243061 0.00609645 -0.015447 0.999862 -0.170174 0 0 0 1 
26875431820165;0.440579;0.33776;0.993881 0.104587 -0.0355317 0.0594903 -0.101938 0.992352 0.069618 0.263966 0.0425411 -0.06557 0.996941 -0.232024 0 0 0 1 
26875431820166;0.350624;0.31183;0.999867 -0.0097203 -0.0130928 -0.056766 0.00943261 0.999717 -0.0218585 0.0430051 0.0133016 0.0217321 0.999675 -0.0517455 0 0 0 1 
26875431820167;0.350308;0.141311;0.996691 -0.0761173 0.0285287 0.370848 0.0790478 0.989396 -0.121844 -0.0160722 -0.0189517 0.123696 0.992139 0.0731998 0 0 0 1 
26875431820168;0.226339;0.0129513;0.983878 -0.0643479 -0.166865 0.333633 0.0561938 0.997005 -0.0531409 -0.287101 0.169785 0.0429073 0.984547 -0.424029 0 0 0 1 
26875431820169;0.436398;0.0103564;0.998948 -0.0457723 -0.00272645 0.246377 0.0457782 0.998949 0.0021336 0.240808 0.00262593 -0.00225616 0.999994 0.570406 0 0 0 1 
26875431820170;0.561995;0.018458;0.976882 0.0320866 0.211358 -0.4714 -0.016508 0.997042 -0.0750638 -0.491609 -0.213142 0.0698394 0.974522 0.00574107 0 0 0 1 
26875431820171;0.275385;0.0168191;0.997541 0.0666814 0.0215717 -0.0676882 -0.0669873 0.997659 0.0137853 0.123599 -0.020602 -0.0151964 0.999672 0.500355 0 0 0 1 
26875431820172;0.126727;0.0174695;0.999799 -0.0060798 0.0190814 -0.0276179 0.00780541 0.995756 -0.0917046 0.0344715 -0.0184429 0.0918351 0.995603 0.21482 0 0 0 1 
26875431820173;0.248339;0.146295;0.998768 -0.0312728 0.038533 -0.0512972 0.0312329 0.999511 0.00163656 0.0615106 -0.0385653 -0.000431046 0.999256 0.161318 0 0 0 1 
26875431820174;0.442063;0.311942;0.98182 -0.10852 0.155732 -0.0159773 0.106681 0.994089 0.0201414 -0.390882 -0.156998 -0.00316149 0.987594 0.319237 0 0 0 1 
26875431820175;0.573407;0.311432;0.979618 0.0880779 -0.18053 0.412818 -0.109377 0.987713 -0.111626 0.455615 0.16848 0.129097 0.977215 -0.846485 0 0 0 1 
26875431820176;0.270556;0.0164283;0.991055 0.130927 -0.0258423 -0.336231 -0.133323 0.979897 -0.148414 0.329298 0.00589144 0.150531 0.988588 0.00315727 0 0 0 1 
26875431820177;0.516211;0.0218541;0.995056 0.059532 -0.0794977 -0.483587 -0.0731732 0.98066 -0.181524 -0.251095 0.0671538 0.186443 0.980168 -0.0243496 0 0 0 1 
26875431820178;0.516876;0.253019;0.993391 -0.0736087 -0.0880682 0.198859 0.0851585 0.987106 0.135533 -0.360596 0.0769563 -0.142137 0.986851 0.389902 0 0 0 1 
26875431820179;0.506678;0.500463;0.999556 0.0280931 0.00988721 -0.0101958 -0.0281071 0.999604 0.00128404 0.0903661 -0.00984723 -0.00156137 0.99995 0.0195123 0 0 0 1 
26875431820180;0.166082;0.0157247;0.997216 -0.011668 0.0736422 -0.201491 0.00502156 0.995947 0.0898004 0.0575257 -0.0743915 -0.0891807 0.993233 0.164149 0 0 0 1 
26875431820181;0.220973;0.149232;0.998242 -0.0557305 0.0201655 0.124535 0.0541945 0.996071 0.0700357 -0.220758 -0.0239894 -0.0688198 0.997341 0.152555 0 0 0 1 
26875431820182;0.311591;0.0155522;0.999994 0.00327268 -0.000867783 0.471672 -0.00328166 0.999939 -0.0105466 0.0557737 0.000833214 0.0105494 0.999944 -0.0967221 0 0 0 1 
26875431820183;0.378261;0.277051;0.985874 0.158559 -0.0539528 0.0566451 -0.154413 0.98524 0.0738818 0.499335 0.0648711 -0.0645071 0.995806 -0.226106 0 0 0 1 
26875431820184;0.707951;0.602774;0.99989 -0.0118318 0.0089008 0.0310453 0.0119596 0.999824 -0.0144423 0.00745163 -0.00872836 0.0145472 0.999856 -0.164054 0 0 0 1 
26875431820186;0.0232744;0.0206642;0.999982 -0.00422373 0.00436081 -0.0039443 0.00420163 0.999978 0.00506428 -0.0571894 -0.0043821 -0.00504587 0.999978 0.0314627 0 0 0 1 
26875431820187;0.469951;0.0348116;0.99731 -0.050535 0.053085 0.112252 0.049842 0.998655 0.0142992 0.00689396 -0.0537362 -0.0116149 0.998488 -0.711225 0 0 0 1 
26875431820188;0.333415;0.272032;0.999819 0.010968 0.0155254 0.072392 -0.0107762 0.999865 -0.0123833 0.131103 -0.0156591 0.0122137 0.999803 -0.037584 0 0 0 1 
26875431820189;0.215891;0.0286259;0.999479 -0.0221451 0.0234627 0.00331125 0.0255617 0.987255 -0.157077 0.296439 -0.0196852 0.157595 0.987308 0.0735591 0 0 0 1 
26875431820190;0.353199;0.0265761;0.999306 -0.00536381 -0.0368705 0.14031 0.00564272 0.999956 0.00746477 -0.077592 0.0368288 -0.00766764 0.999292 0.575069 0 0 0 1 
26875431820191;0.375035;0.173875;0.932062 0.0870008 -0.351698 0.448984 -0.0814131 0.996208 0.0306765 0.0818174 0.353033 4.04528e-05 0.935611 -0.222199 0 0 0 1 
26875431820192;0.269163;0.0271142;0.99874 -0.0329363 0.0378669 -0.150746 0.0333122 0.999401 -0.00933933 0.338874 -0.0375366 0.010589 0.999239 0.247272 0 0 0 1 
26875431820193;0.42369;0.228153;0.970392 -0.0958618 0.221696 -0.0203501 0.145388 0.964786 -0.219206 0.0935865 -0.192876 0.244948 0.950158 0.39198 0 0 0 1 
26875431820194;0.276623;0.256009;0.999725 0.0193837 0.0131708 0.0131984 -0.0189246 0.999238 -0.0341282 0.11897 -0.0138223 0.0338696 0.999331 0.0852403 0 0 0 1 
26875431820195;0.12753;0.0248308;0.997158 0.0744917 0.0112744 -0.178826 -0.0747281 0.996956 0.0222478 0.0433654 -0.00958285 -0.0230271 0.999689 -0.113207 0 0 0 1 
26875431820196;0.182656;0.0209559;0.99833 -0.0576884 0.00303981 -0.108709 0.0577562 0.997819 -0.0319507 -0.352759 -0.00118999 0.0320729 0.999485 -0.13244 0 0 0 1 
26875431820197;0.141522;0.0296869;0.999202 0.0356817 -0.0179468 -0.253495 -0.0349554 0.998617 0.0392732 0.0366226 0.0193234 -0.0386146 0.999067 -0.0814402 0 0 0 1 
26875431820198;0.296595;0.218771;0.999077 -0.026981 -0.0334282 0.115419 0.0264767 0.99953 -0.0154379 0.064958 0.033829 0.0145386 0.999322 -0.180921 0 0 0 1 
26875431820199;0.374604;0.356025;0.999426 -0.015637 -0.0300591 0.0612746 0.0162181 0.999684 0.0191885 -0.0484216 0.0297496 -0.019665 0.999364 0.0591176 0 0 0 1 
26875431820200;0.14975;0.0282668;0.998997 0.0186244 -0.0407261 -0.213137 -0.0150669 0.996183 0.0859779 0.0449412 0.0421719 -0.085278 0.995464 -0.008138 0 0 0 1 
26875431820201;0.180431;0.0238101;0.99585 -0.0395044 -0.0819831 0.337488 0.0407573 0.999076 0.0136652 -0.166266 0.0813675 -0.0169499 0.99654 -0.147418 0 0 0 1 
26875431820202;0.0568232;0.0264669;0.99953 -0.0300521 -0.00605241 -0.0147895 0.0297276 0.998404 -0.0480079 -0.011035 0.0074855 0.0478054 0.998829 -0.0489497 0 0 0 1 
26875431820203;0.370175;0.344931;0.999925 -0.0120993 -0.00198227 -0.0347569 0.0121391 0.999695 0.0214874 0.0119295 0.00172168 -0.0215099 0.999767 -0.0480776 0 0 0 1 
26875431820204;0.336699;0.309823;0.999336 0.0361616 -0.00448585 -0.0199391 -0.0363185 0.998455 -0.042055 0.174018 0.00295814 0.04219 0.999105 -0.0451616 0 0 0 1 
26875431820205;0.579018;0.317317;0.996203 -0.00618229 0.0868436 0.43556 0.00282875 0.999247 0.0386861 -0.330255 -0.0870174 -0.0382935 0.995471 -0.0602051 0 0 0 1 
26875431820206;0.454909;0.235114;0.984302 -0.00633126 0.176381 -0.0949287 0.0234373 0.995195 -0.09507 -0.244003 -0.174931 0.0977114 0.97972 0.717576 0 0 0 1 
26875431820207;0.201469;0.173356;0.999788 0.0191893 0.00749667 -0.0402787 -0.0192999 0.999702 0.0149697 -0.00506631 -0.00720718 -0.0151112 0.99986 0.0712322 0 0 0 1 
26875431820208;0.418791;0.379522;0.999936 -0.0104468 0.00434306 -0.0618387 0.0102822 0.999287 0.0363286 -0.040043 -0.00471948 -0.0362816 0.99933 -0.0479377 0 0 0 1 
26875431820209;0.261543;0.2486;0.999603 -0.0272504 0.00711508 -0.00187542 0.0272722 0.999624 -0.00299051 -0.0311458 -0.00703091 0.00318337 0.99997 0.0405962 0 0 0 1 
26875431820210;0.579052;0.482832;0.999747 -0.0201124 0.0100351 -0.151794 0.0197139 0.99907 0.0383451 -0.130948 -0.0107969 -0.0381376 0.999214 -0.0058743 0 0 0 1 
26875431820211;0.254845;0.153579;0.998533 -0.0508768 -0.0185459 0.111412 0.0501027 0.99794 -0.0400576 -0.0663894 0.0205457 0.0390697 0.999025 0.204481 0 0 0 1 
26875431820212;0.320883;0.0273308;0.967893 -0.118219 0.221826 0.0415548 0.14348 0.984445 -0.101398 -0.24312 -0.206388 0.12997 0.9698 0.717547 0 0 0 1 
26875431820213;0.233658;0.0266595;0.998693 -0.0502525 0.00934821 -0.105712 0.0509503 0.993346 -0.103287 -0.034726 -0.00409559 0.103628 0.994608 -0.394559 0 0 0 1 
26875431820214;0.442932;0.0199829;0.982414 0.0409262 -0.182175 0.349149 -0.0840859 0.968118 -0.235959 0.543597 0.16671 0.247127 0.954534 0.254079 0 0 0 1 
26875431820215;0.292551;0.173903;0.998231 0.0105975 0.0585067 0.188683 -0.00676526 0.997842 -0.0653152 -0.229866 -0.0590726 0.0648038 0.996148 0.166861 0 0 0 1 
26875431820217;0.53888;0.048283;0.952853 -0.241085 0.184253 0.958965 0.290544 0.900008 -0.324915 -0.671284 -0.087497 0.36313 0.927621 -0.303567 0 0 0 1 
26875431820218;0.132212;0.0158746;0.999906 -0.0107977 -0.00844986 0.0197871 0.0105901 0.99965 -0.0242407 0.166815 0.00870865 0.0241489 0.99967 0.114841 0 0 0 1 
26875431820219;0.276971;0.0121478;0.991466 -0.0565934 0.117439 0.421393 0.0591193 0.998086 -0.0181341 -0.630384 -0.116188 0.0249222 0.992914 0.355565 0 0 0 1 
26875431820220;0.346183;0.327962;0.999405 0.0339992 0.00572568 -0.0659493 -0.0340038 0.999421 0.000700555 0.089785 -0.00569855 -0.000894833 0.999983 0.118179 0 0 0 1 
26875431820221;0.22686;0.0136378;0.999978 -0.0063936 0.00164479 0.429859 0.00638372 0.999962 0.00594669 -0.0568623 -0.00168275 -0.00593606 0.999981 -0.252154 0 0 0 1 
26875431820222;0.271182;0.249079;0.999404 0.0289817 0.0187708 -0.0786522 -0.0289348 0.999577 -0.00276461 0.121078 -0.018843 0.00221984 0.99982 0.104027 0 0 0 1 
26875431820223;0.173034;0.0170516;0.999975 -0.00691475 0.00177065 -0.147199 0.00690729 0.999967 0.00418471 -0.193272 -0.00179953 -0.00417237 0.99999 -0.262367 0 0 0 1 
26875431820224;0.421446;0.0190628;0.996065 0.0542865 0.070051 -0.685225 -0.0590303 0.99597 0.067526 -0.338394 -0.0661029 -0.0713955 0.995255 0.626571 0 0 0 1 
26875431820225;0.149136;0.0119314;0.983633 0.179888 -0.0102976 -0.130221 -0.17884 0.981671 0.0658707 0.788669 0.0219582 -0.062951 0.997775 -0.0623037 0 0 0 1 
26875431820226;0.0692592;0.0108079;0.999356 -0.0358233 0.00225464 0.178041 0.035843 0.999313 -0.00939081 -0.136205 -0.00191668 0.00946557 0.999953 -0.0424708 0 0 0 1 
26875431820227;0.394953;0.245528;0.994824 0.0876864 0.0513454 -0.334644 -0.0891411 0.99566 0.0267577 0.245822 -0.0487763 -0.0311962 0.998322 -0.095024 0 0 0 1 
26875431820228;0.385763;0.0189716;0.999579 -0.0289638 -0.00167343 -0.238758 0.0286529 0.994608 -0.0996726 0.633797 0.0045513 0.0995827 0.995019 0.114611 0 0 0 1 
26875431820229;0.236316;0.0142877;0.979594 -0.103312 0.172399 0.177076 0.10033 0.994616 0.0259444 -0.143068 -0.174151 -0.00811818 0.984685 0.803636 0 0 0 1 
26875431820230;0.353557;0.272101;0.991001 0.12495 0.0479991 -0.296993 -0.120506 0.988946 -0.0863992 0.856025 -0.058264 0.0798375 0.995104 0.211983 0 0 0 1 
26875431820231;0.448584;0.0195314;0.999518 0.00475164 0.0306688 -0.22692 -0.00370725 0.999414 -0.0340215 0.259704 -0.0308125 0.0338914 0.99895 -0.806531 0 0 0 1 
26875431820232;0.290281;0.0182025;0.965061 -0.196249 0.173619 0.577064 0.136209 0.941776 0.307416 -0.638632 -0.22384 -0.273026 0.935603 1.26941 0 0 0 1 
26875431820233;0.217224;0.0145843;0.995608 -0.0792228 -0.049885 0.594776 0.0787661 0.996832 -0.0110581 -0.317738 0.050603 0.00708027 0.998694 -0.289017 0 0 0 1 
26875431820234;0.288361;0.0144112;0.984637 -0.162301 -0.0644115 0.364533 0.167418 0.98229 0.0841261 -1.35285 0.049617 -0.0936173 0.994371 -0.342418 0 0 0 1 
26875431820235;0.189456;0.0127468;0.975859 -0.157043 -0.151776 0.552288 0.160809 0.986903 0.0127872 -0.779943 0.14778 -0.0368854 0.988332 -0.685704 0 0 0 1 
26875431820236;0.315102;0.206056;0.982977 0.0798353 0.16548 -0.199196 -0.0698941 0.995431 -0.0650609 0.282207 -0.169918 0.0523873 0.984065 0.834282 0 0 0 1 
26875431820237;0.012092;0.0125963;0.999977 -0.0064779 0.00202841 0.0289227 0.00647854 0.999979 -0.000307212 -0.0408598 -0.00202638 0.000320346 0.999998 0.0264551 0 0 0 1 
26875431820238;0.26454;0.0121903;0.953135 -0.280793 0.112641 0.539586 0.27028 0.957572 0.100021 -1.42032 -0.135947 -0.0648892 0.988589 0.937589 0 0 0 1 
26875431820239;0.246987;0.015359;0.999455 0.0289991 0.0157774 -0.282681 -0.0304678 0.994257 0.102593 -0.339076 -0.0127117 -0.103018 0.994598 0.159497 0 0 0 1 
26875431820240;0.363487;0.191635;0.966096 0.207101 -0.154165 -0.167915 -0.192592 0.975762 0.103905 0.743255 0.171947 -0.070691 0.982566 -0.95217 0 0 0 1 
26875431820241;0.468508;0.162131;0.945007 -0.325626 0.0304863 0.110198 0.325792 0.945441 -0.000526782 -1.81376 -0.0286515 0.01043 0.999535 0.560991 0 0 0 1 
26875431820242;0.496458;0.0613396;0.965822 -0.208587 -0.15388 0.830023 0.250004 0.906393 0.340514 -1.85898 0.0684495 -0.367347 0.927562 -0.167672 0 0 0 1 
26875431820243;0.419239;0.168696;0.967896 0.0926904 0.233637 -0.422487 -0.0731458 0.993162 -0.0909919 0.459715 -0.240473 0.0709811 0.968057 0.892804 0 0 0 1 
26875431820244;0.327061;0.0161341;0.999976 -0.00609028 0.00325704 -0.47907 0.00641532 0.993751 -0.111436 0.484005 -0.00255801 0.111454 0.993766 -0.0140559 0 0 0 1 
26875431820245;0.440644;0.0182345;0.914123 0.0506409 0.402261 -0.375437 -0.0980096 0.990344 0.0980481 0.229035 -0.393412 -0.129053 0.91026 1.91419 0 0 0 1 
26875431820246;0.33651;0.0134589;0.988628 -0.0602617 0.137783 -0.055332 0.0479069 0.994671 0.091292 -0.650761 -0.14255 -0.083653 0.986246 0.25185 0 0 0 1 
26875431820248;0.482971;0.0158923;0.94224 -0.0813253 -0.324916 0.767061 0.113629 0.99016 0.0816855 -0.374936 0.315075 -0.113887 0.942209 -2.29449 0 0 0 1 
26875431820249;0.481186;0.0167791;0.970833 -0.192815 -0.142501 0.352117 0.182007 0.979576 -0.0854647 -0.723314 0.156069 0.0570359 0.986098 0.286965 0 0 0 1 
26875431820250;0.362957;0.0168016;0.965528 0.226556 0.12817 0.141427 -0.210321 0.969129 -0.128663 1.53813 -0.153363 0.0972713 0.983371 0.483523 0 0 0 1 
26875431820251;0.294996;0.0148199;0.995333 0.095379 -0.0146666 0.630812 -0.0942926 0.993588 0.062382 0.109344 0.0205225 -0.0607079 0.997945 -0.334281 0 0 0 1 
26875431820252;0.28587;0.0176851;0.999686 -0.0249163 -0.00280685 0.317068 0.0249232 0.999686 0.00242762 -0.627069 0.00274549 -0.00249681 0.999993 0.221809 0 0 0 1 
26875431820253;0.612372;0.0143419;0.958408 0.0892161 -0.2711 1.1628 -0.02482 0.972341 0.232242 -0.961108 0.284322 -0.215853 0.934114 -1.14135 0 0 0 1 
26875431820254;0.431445;0.373864;0.999331 0.0349126 0.0108478 -0.0388268 -0.0344093 0.998458 -0.0435537 0.263474 -0.0123517 0.0431514 0.998992 -0.0396825 0 0 0 1 
26875431820255;0.351175;0.0182023;0.999646 -0.0249437 0.0093067 -0.276722 0.0248696 0.999659 0.00799387 -0.00597844 -0.00950292 -0.00775959 0.999925 0.769168 0 0 0 1 
26875431820256;0.151421;0.0182452;0.982125 0.188156 -0.00533654 0.154184 -0.188206 0.982066 -0.0111608 0.878924 0.00314087 0.0119656 0.999923 -0.0186772 0 0 0 1 
