#;prob_registration_l1 -r /home/probabilistic_point_clouds_registration/build/tester /home/point_clouds_registration_benchmark//devel/registration_pairs/apartment_local.txt /home/point_clouds_registration_benchmark//eth/apartment -s 0.2 -t 0.2 -p 0.3 -r 1000 -m 10 -n 20 -i 200 
id;initial_error;final_error;transformation
13001298760000;0.820981;1.69467;35;0.901711 -0.400182 0.163622 -0.281885 0.369581 0.909863 0.188573 -3.72399 -0.224337 -0.109567 0.968333 0.562075 0 0 0 1 
13001298760001;0.68771;1.50921;39;0.95753 -0.246295 -0.149916 0.539252 0.286093 0.876255 0.387721 -2.88421 0.0358707 -0.414144 0.909504 0.4811 0 0 0 1 
13001298760002;0.636186;1.23008;55;0.878373 0.475101 -0.0523469 0.842253 -0.428836 0.831695 0.35268 -0.346316 0.211095 -0.287336 0.934279 -1.20083 0 0 0 1 
13001298760003;0.411513;1.37192;34;0.954003 -0.29152 0.0699576 0.180119 0.28967 0.956468 0.0355074 -2.40611 -0.0772633 -0.0136095 0.996918 -0.118468 0 0 0 1 
13001298760004;0.857932;1.54897;34;0.909508 -0.387703 -0.149941 0.314856 0.37482 0.920848 -0.10747 -2.62741 0.179739 0.0415438 0.982837 0.39492 0 0 0 1 
13001298760005;0.460674;1.52018;35;0.927142 -0.373933 0.0241044 0.438244 0.369381 0.922875 0.1089 -2.83272 -0.0629668 -0.0920624 0.99376 0.459598 0 0 0 1 
13001298760006;0.655521;1.35448;58;0.794583 0.606697 0.0235936 0.591868 -0.607077 0.793251 0.0470115 0.893656 0.00980604 -0.0516777 0.998616 0.160506 0 0 0 1 
13001298760007;0.308888;0.464818;31;0.856909 0.324525 0.400487 -0.0102086 -0.406619 0.903078 0.138242 0.618015 -0.316808 -0.281307 0.905814 1.06408 0 0 0 1 
13001298760008;0.466988;0.609155;30;0.906483 0.407591 0.110269 -0.106761 -0.41255 0.910574 0.0256489 0.267157 -0.0899534 -0.0687416 0.993571 0.0210383 0 0 0 1 
13001298760009;0.423945;0.43084;31;0.951383 0.303582 0.0520456 -0.208904 -0.280663 0.924053 -0.259528 0.707254 -0.126881 0.232303 0.964332 0.0416933 0 0 0 1 
13001298760010;0.258498;1.2266;55;0.838915 0.540788 -0.0614033 0.946635 -0.543894 0.837149 -0.0579792 0.622409 0.0200492 0.0820365 0.996428 0.0606034 0 0 0 1 
13001298760011;0.784351;0.695824;30;0.971033 0.233992 0.0484092 -0.297354 -0.236685 0.914083 0.329292 -0.153956 0.0328017 -0.331211 0.942986 -0.741853 0 0 0 1 
13001298760012;0.622128;0.462591;28;0.962595 0.269746 -0.0254548 0.244431 -0.26883 0.962574 0.0343875 -0.227037 0.033778 -0.0262582 0.999084 0.194508 0 0 0 1 
13001298760013;0.398004;0.560189;30;0.849742 0.504936 0.151585 0.422977 -0.47838 0.859335 -0.18082 0.952796 -0.221565 0.081135 0.971764 0.97485 0 0 0 1 
13001298760014;0.755219;1.17962;31;0.984276 0.121155 -0.128537 0.591201 -0.117396 0.992416 0.0364592 -0.609454 0.131979 -0.0207963 0.991034 -0.954642 0 0 0 1 
13001298760015;0.388158;1.22384;61;0.739972 0.662857 -0.114289 1.6749 -0.655861 0.748736 0.0961281 0.945965 0.149291 0.00382565 0.988786 -0.225102 0 0 0 1 
13001298760016;0.851768;1.84852;49;0.957898 0.286701 0.0153199 0.363477 -0.286418 0.957929 -0.0183403 -0.615409 -0.0199335 0.0131802 0.999714 0.664626 0 0 0 1 
13001298760017;0.399547;1.22375;55;0.750852 0.659163 -0.0415475 1.41279 -0.660396 0.750226 -0.0322126 0.635159 0.00993668 0.0516247 0.998617 0.318647 0 0 0 1 
13001298760018;0.820633;1.90192;49;0.923085 0.310647 -0.226745 0.0487176 -0.323846 0.945841 -0.0225561 -1.1836 0.207458 0.0942517 0.973693 0.369861 0 0 0 1 
13001298760019;0.329854;0.463049;29;0.986566 0.138001 -0.0874245 0.0820919 -0.130722 0.987841 0.0841512 -0.375743 0.0979744 -0.0715924 0.99261 -0.285428 0 0 0 1 
13001298760020;0.847185;0.515688;29;0.968541 0.24464 0.0455969 -0.508798 -0.245988 0.968905 0.026687 0.541295 -0.0376504 -0.0370638 0.998603 0.912623 0 0 0 1 
13001298760021;0.886722;1.51144;37;0.898831 -0.262217 -0.351206 1.15221 0.354067 0.906702 0.229192 -3.17703 0.258341 -0.330355 0.907814 -1.22289 0 0 0 1 
13001298760022;0.59893;1.95549;55;0.924681 0.284482 -0.253053 0.45939 -0.210761 0.93596 0.282062 -1.72311 0.317089 -0.207484 0.925422 -1.38924 0 0 0 1 
13001298760023;0.367247;1.32548;47;0.884074 0.464933 0.0474444 0.92888 -0.4659 0.884766 0.0112217 -0.110356 -0.0367599 -0.0320251 0.998811 -0.115611 0 0 0 1 
13001298760024;0.0968236;0.511881;29;0.963731 0.263506 0.0422618 -0.0751129 -0.266018 0.961192 0.0731052 0.274699 -0.0213581 -0.0816961 0.996428 0.161923 0 0 0 1 
13001298760025;0.689632;0.451991;31;0.986231 0.134976 0.0955534 -0.403176 -0.0942483 0.933522 -0.34591 0.409031 -0.135891 0.332141 0.933389 0.942388 0 0 0 1 
13001298760026;0.452516;1.48081;31;0.984754 -0.162661 0.0616465 0.0596453 0.155622 0.982158 0.105581 -1.70826 -0.0777205 -0.0943782 0.992498 0.197607 0 0 0 1 
13001298760027;0.353163;1.56396;33;0.915278 -0.314005 0.252324 0.144638 0.22862 0.920658 0.316419 -2.52342 -0.331661 -0.231925 0.914446 0.740861 0 0 0 1 
13001298760028;0.770166;1.16198;47;0.966553 0.253566 0.0384745 0.0290538 -0.246325 0.959592 -0.136041 0.270153 -0.0714152 0.122014 0.989956 0.0151748 0 0 0 1 
13001298760029;0.444231;1.20144;55;0.71291 0.665263 0.221775 1.34408 -0.680677 0.732525 -0.00929038 0.491939 -0.168636 -0.144334 0.975054 0.726642 0 0 0 1 
13001298760031;1.0814;0.889651;44;0.928904 0.367972 0.0416324 0.673688 -0.331447 0.876268 -0.349711 1.98712 -0.165165 0.311049 0.935932 1.75926 0 0 0 1 
13001298760032;0.762366;0.159054;33;0.971844 -0.21862 -0.087892 -0.683735 0.220955 0.975124 0.0176506 -0.728093 0.0818469 -0.0365738 0.995974 -0.758048 0 0 0 1 
13001298760033;0.562268;0.149957;29;0.972309 -0.207978 -0.106588 -0.606634 0.198039 0.975411 -0.0967164 -0.580228 0.124082 0.0729295 0.989588 0.0900842 0 0 0 1 
13001298760034;0.913227;0.122842;36;0.984682 -0.162294 -0.0637288 -0.553089 0.128259 0.921819 -0.365787 -0.249412 0.118112 0.35201 0.928514 0.980715 0 0 0 1 
13001298760035;0.190074;0.178131;28;0.985872 0.132047 -0.10305 0.282967 -0.123952 0.988946 0.081376 0.376579 0.112656 -0.0674531 0.991342 -0.52216 0 0 0 1 
13001298760036;1.3176;0.212992;57;0.932533 -0.358037 -0.0468083 -1.40543 0.360481 0.915629 0.177982 -0.760703 -0.020865 -0.182847 0.98292 -0.293515 0 0 0 1 
13001298760037;0.408209;0.172236;29;0.990548 0.125727 -0.0548437 0.0742703 -0.131504 0.984146 -0.119009 0.727162 0.0390115 0.125097 0.991377 0.0438404 0 0 0 1 
13001298760038;0.799177;0.201195;29;0.999945 0.00777505 -0.00707526 0.390442 -0.00659052 0.988004 0.154287 -0.292307 0.00818998 -0.154232 0.988001 -0.254769 0 0 0 1 
13001298760039;0.512139;0.187003;26;0.999826 0.0114285 -0.0147206 -0.0694176 -0.0116677 0.9998 -0.0162659 0.0685753 0.0145317 0.0164348 0.999759 0.393321 0 0 0 1 
13001298760040;0.790161;0.245104;27;0.999913 0.0128942 0.00287094 0.0723604 -0.0128755 0.999896 -0.00645321 0.296171 -0.00295385 0.00641569 0.999975 -0.42243 0 0 0 1 
13001298760041;0.304867;0.181716;31;0.984787 -0.123844 0.121893 -0.346555 0.131373 0.989763 -0.0557713 -0.118906 -0.113738 0.0709363 0.990975 0.442993 0 0 0 1 
13001298760042;0.323258;0.154347;26;0.997856 0.0653961 0.00271399 0.115368 -0.0654488 0.996503 0.0519494 0.0246342 0.000692785 -0.0520156 0.998646 -0.00881045 0 0 0 1 
13001298760043;1.1294;0.154426;40;0.944208 -0.321842 -0.0699201 -0.557266 0.327984 0.899547 0.288516 -1.96978 -0.0299601 -0.295352 0.954919 -0.847222 0 0 0 1 
13001298760044;0.672602;0.175498;27;0.989916 -0.0658916 0.125396 -0.590949 0.069983 0.997141 -0.0285024 0.0110085 -0.123159 0.0369906 0.991697 0.147177 0 0 0 1 
13001298760045;0.603165;0.329107;38;0.88622 0.461663 0.0384984 1.17955 -0.457137 0.884944 -0.0888745 1.46284 -0.075099 0.0611633 0.995299 0.128712 0 0 0 1 
13001298760046;0.435224;0.16608;32;0.901801 0.113832 -0.416891 0.761673 -0.13413 0.99077 -0.0196151 0.583771 0.41081 0.0736066 0.908745 -1.04968 0 0 0 1 
13001298760047;1.03472;0.157448;30;0.999032 -0.0265969 0.0350375 -0.279196 0.0173277 0.970048 0.242294 -0.465149 -0.0404324 -0.241452 0.96957 -0.981419 0 0 0 1 
13001298760048;1.38851;0.220042;36;0.993347 0.0827069 0.0801362 0.142783 -0.109294 0.896344 0.429678 -0.711328 -0.0362922 -0.435578 0.899419 -1.34084 0 0 0 1 
13001298760049;0.308211;0.189683;31;0.989157 0.131413 -0.0655719 0.0841472 -0.122768 0.98492 0.121906 0.259091 0.080603 -0.112534 0.990373 -0.467409 0 0 0 1 
13001298760050;0.383404;0.203522;25;0.999306 -0.0370012 0.00432952 -0.410674 0.0370934 0.999033 -0.0236101 -0.10325 -0.00345173 0.0237543 0.999712 0.169723 0 0 0 1 
13001298760051;1.39486;0.16715;40;0.91189 -0.385412 0.14112 -1.62396 0.394902 0.917582 -0.0457778 -1.43816 -0.111846 0.0974731 0.988933 0.632995 0 0 0 1 
13001298760052;0.390791;0.17204;25;0.999986 -0.00526045 -0.00112796 -0.321935 0.00527476 0.9999 0.0130854 -0.107913 0.00105902 -0.0130912 0.999914 -0.0717977 0 0 0 1 
13001298760053;0.738841;0.82755;29;0.953247 0.301469 0.0208914 0.989445 -0.301587 0.944694 0.128832 1.04108 0.019103 -0.12911 0.991446 -0.105418 0 0 0 1 
13001298760054;0.290741;0.170524;30;0.984733 -0.173811 -0.00949213 -0.496688 0.173778 0.984776 -0.00424724 -0.42349 0.0100858 0.00253288 0.999946 -0.165081 0 0 0 1 
13001298760055;0.983527;0.179196;33;0.975195 0.18213 0.12579 -0.363431 -0.161885 0.974427 -0.15584 0.705861 -0.150957 0.131611 0.97974 1.01376 0 0 0 1 
13001298760056;0.893456;0.16298;38;0.985372 -0.170414 0.000106001 0.163611 0.170413 0.985364 -0.00416368 -0.730997 0.000605102 0.00412084 0.999991 -0.199195 0 0 0 1 
13001298760057;1.32906;0.188933;29;0.994957 0.0888356 0.0465679 0.556268 -0.0898216 0.995766 0.0195234 0.927005 -0.0446364 -0.0236077 0.998724 -0.510806 0 0 0 1 
13001298760058;1.04418;0.204717;48;0.936309 -0.31946 0.145844 -0.745315 0.313601 0.947518 0.0621653 -0.925179 -0.158049 -0.0124691 0.987353 -0.223749 0 0 0 1 
13001298760059;1.02726;0.153357;31;0.996717 0.0615396 -0.0526078 0.492179 -0.0472168 0.969688 0.239743 -0.120761 0.0657669 -0.236472 0.96941 -1.23792 0 0 0 1 
13001298760060;1.18019;1.27297;27;0.979836 -0.183703 -0.0785746 0.0880751 0.194724 0.966086 0.169591 -1.79527 0.0447556 -0.181471 0.982377 -0.323646 0 0 0 1 
13001298760062;0.42647;1.67892;30;0.958964 -0.283129 -0.0150444 -0.697066 0.283321 0.95488 0.0890684 -0.133844 -0.0108523 -0.0896757 0.995912 0.0064624 0 0 0 1 
13001298760063;0.820769;1.39798;29;0.951485 -0.305287 0.0384242 -0.347578 0.305241 0.952248 0.00722195 -0.137994 -0.0387941 0.00485704 0.999235 0.757266 0 0 0 1 
13001298760064;0.637796;1.39966;27;0.995035 -0.0979497 0.0176375 -0.403864 0.0985049 0.994556 -0.0339865 0.667589 -0.0142126 0.0355551 0.999267 0.565926 0 0 0 1 
13001298760065;1.32441;1.92569;46;0.887687 -0.369829 -0.274296 -0.240551 0.448741 0.828333 0.335403 -1.01501 0.103167 -0.420821 0.901258 -2.28792 0 0 0 1 
13001298760066;0.832986;2.01233;47;0.867315 -0.495522 0.0471416 -0.732314 0.497722 0.864506 -0.0700123 -0.206172 -0.0060616 0.0841861 0.996432 0.57647 0 0 0 1 
13001298760067;0.500971;1.60479;31;0.847767 -0.529346 0.0329247 -0.669598 0.529298 0.840479 -0.115929 -1.06694 0.033694 0.115708 0.992712 -0.0381697 0 0 0 1 
13001298760068;1.1413;1.43263;31;0.898219 -0.41254 0.151702 -1.16107 0.386082 0.905455 0.17633 -0.121117 -0.210103 -0.0998138 0.972571 0.826977 0 0 0 1 
13001298760069;0.277143;1.23055;28;0.970961 -0.189745 -0.145714 -0.224651 0.213511 0.96204 0.169979 -0.13781 0.10793 -0.196154 0.974615 -0.85553 0 0 0 1 
13001298760070;1.31041;1.80411;31;0.92118 -0.372722 0.11183 -0.769683 0.380674 0.922741 -0.0602997 -0.286454 -0.0807153 0.0981176 0.991896 -0.288477 0 0 0 1 
13001298760071;0.311671;1.75785;32;0.739912 -0.631679 -0.231327 -0.59415 0.658896 0.749843 0.059935 -1.92721 0.135599 -0.196767 0.971028 -0.996148 0 0 0 1 
13001298760072;0.364438;1.41694;29;0.887909 -0.45857 0.036492 -0.636613 0.459994 0.885891 -0.0600205 -0.762587 -0.00480435 0.0700789 0.99753 0.391851 0 0 0 1 
13001298760073;1.33186;1.19176;32;0.828451 -0.452224 0.330398 -0.950031 0.538728 0.804727 -0.249372 -0.834061 -0.153108 0.384587 0.910302 1.30906 0 0 0 1 
13001298760074;0.375476;1.69736;32;0.804547 -0.481336 -0.347879 -0.210041 0.396328 0.871403 -0.289102 -0.440828 0.442298 0.0947217 0.891852 -1.20603 0 0 0 1 
13001298760075;0.892832;1.75637;32;0.920851 -0.307882 0.239255 -0.226333 0.341945 0.932523 -0.116081 -0.25343 -0.187372 0.188705 0.963993 1.86625 0 0 0 1 
13001298760076;0.49285;1.46264;29;0.886932 -0.460257 0.0389219 -0.99501 0.461897 0.884021 -0.0718162 -0.907775 -0.00135389 0.081674 0.996658 0.091433 0 0 0 1 
13001298760077;1.25077;1.50429;30;0.958003 -0.286608 0.00925171 -0.847211 0.286602 0.958048 0.00199601 0.18427 -0.00943565 0.000739377 0.999955 0.820456 0 0 0 1 
13001298760078;0.873453;1.08703;28;0.96087 -0.1842 -0.206878 -0.0688599 0.203461 0.976139 0.0758652 0.136783 0.187968 -0.114988 0.975421 -1.45573 0 0 0 1 
13001298760079;0.135451;1.01035;27;0.971659 -0.233712 -0.0354578 -0.221834 0.232382 0.971885 -0.0379353 -0.256048 0.0433268 0.0286205 0.998651 -0.0611425 0 0 0 1 
13001298760080;0.477523;1.04236;33;0.71996 -0.601542 0.346129 -0.720074 0.542099 0.798841 0.260731 -2.09137 -0.433343 -7.94765e-05 0.901229 1.59632 0 0 0 1 
13001298760081;0.486196;1.94846;45;0.907222 -0.239416 -0.345872 -0.116736 0.246951 0.968759 -0.0228321 0.234322 0.340533 -0.0646999 0.938004 -1.3121 0 0 0 1 
13001298760082;0.60999;2.10635;34;0.773251 0.633453 -0.0286235 1.93818 -0.629335 0.761137 -0.15687 2.6255 -0.0775832 0.139313 0.987204 0.499411 0 0 0 1 
13001298760083;0.578912;1.39859;31;0.806554 -0.589633 -0.042464 -0.505608 0.571444 0.759244 0.311448 -2.09957 -0.1514 -0.275466 0.949314 -0.154032 0 0 0 1 
13001298760084;0.295038;1.5377;27;0.994591 -0.0912091 0.0496951 -0.0178243 0.0948234 0.992588 -0.0760121 0.676987 -0.0423937 0.0803132 0.995868 0.445137 0 0 0 1 
13001298760085;0.331689;1.17881;27;0.973909 -0.223599 -0.0387961 -0.348346 0.226925 0.961459 0.155246 -0.351941 0.00258811 -0.159999 0.987114 -0.304255 0 0 0 1 
13001298760086;0.698459;1.56282;30;0.927431 -0.372719 0.0308609 -0.874721 0.373911 0.925802 -0.0555003 -0.708914 -0.00788511 0.063012 0.997982 0.68152 0 0 0 1 
13001298760087;0.67213;1.75155;32;0.793605 -0.503944 -0.340928 -0.0813992 0.475274 0.863304 -0.169764 -0.696311 0.379876 -0.0273088 0.924634 -1.71211 0 0 0 1 
13001298760088;0.268562;1.30338;30;0.849982 -0.424818 -0.311546 -0.171625 0.413995 0.904356 -0.10367 -0.854689 0.325789 -0.0408607 0.944559 -1.13107 0 0 0 1 
13001298760089;1.15866;1.76795;34;0.690402 -0.622794 0.368066 -1.14615 0.684371 0.727186 -0.053263 -2.00184 -0.234481 0.288667 0.928273 2.25015 0 0 0 1 
13001298760090;0.714198;1.43685;28;0.929987 -0.365236 -0.0415519 -0.802992 0.366964 0.929055 0.046849 -0.683664 0.021493 -0.058817 0.998037 0.295831 0 0 0 1 
13001298760091;1.1529;1.2575;30;0.933439 -0.351835 -0.0700273 -0.697025 0.348378 0.935617 -0.0570321 -0.874632 0.0855847 0.02884 0.995913 -0.930779 0 0 0 1 
13001298760093;1.04775;0.573606;32;0.825997 -0.464544 0.319262 -0.835032 0.501706 0.864078 -0.0407348 -1.84642 -0.256944 0.193822 0.946791 0.504944 0 0 0 1 
13001298760094;1.11373;0.553627;30;0.976184 -0.216332 -0.0163033 -0.16422 0.215817 0.976016 -0.0285641 -1.21699 0.0220916 0.0243653 0.999459 -1.01964 0 0 0 1 
13001298760095;0.293853;0.590229;27;0.971493 -0.0892337 0.219634 0.0995226 0.156814 0.936698 -0.313059 -0.785936 -0.177795 0.338576 0.923989 1.58524 0 0 0 1 
13001298760096;0.895384;0.599818;29;0.966366 -0.249286 0.0631918 0.462736 0.256277 0.953947 -0.155907 -1.34392 -0.0214161 0.166858 0.985748 0.424031 0 0 0 1 
13001298760097;0.339617;0.487153;26;0.967177 -0.244686 -0.0685368 -0.1686 0.231406 0.959569 -0.160246 -0.878935 0.104976 0.139127 0.984695 -0.331855 0 0 0 1 
13001298760098;0.188558;0.624544;25;0.976108 -0.179821 -0.121976 0.069651 0.173331 0.982912 -0.0619704 -0.835522 0.131035 0.0393476 0.990597 -0.437228 0 0 0 1 
13001298760099;0.958706;0.616882;39;0.970546 0.040322 0.237518 0.387051 0.0223618 0.966561 -0.255461 -0.914893 -0.239877 0.253248 0.93719 0.874344 0 0 0 1 
13001298760100;0.754489;0.725699;31;0.990904 -0.0559367 -0.122395 0.12267 0.0145807 0.948791 -0.315569 -0.468714 0.133779 0.310914 0.940976 0.951174 0 0 0 1 
13001298760101;0.427244;0.675773;28;0.993355 0.0966118 0.062554 0.939375 -0.0918486 0.992944 -0.0750053 -0.034125 -0.069359 0.0687614 0.995219 0.15476 0 0 0 1 
13001298760102;0.55757;0.702606;25;0.998525 -0.00963868 -0.0534241 0.445463 0.0179547 0.987365 0.157444 -0.464312 0.0512315 -0.158171 0.986082 -0.288654 0 0 0 1 
13001298760103;0.502682;0.470778;26;0.979263 -0.200546 0.028734 -0.239335 0.201684 0.978438 -0.0445389 -0.390091 -0.0191823 0.0494105 0.998594 0.237128 0 0 0 1 
13001298760104;0.301846;0.36142;27;0.859376 -0.511058 -0.0170963 -0.79259 0.506654 0.855536 -0.106584 -1.92855 0.0690972 0.082934 0.994157 -0.0270792 0 0 0 1 
13001298760105;0.905526;0.681272;32;0.99876 0.0195645 -0.0457813 0.595433 -0.02951 0.973243 -0.227874 -0.0555559 0.0400981 0.228943 0.972614 -0.236691 0 0 0 1 
13001298760106;0.994487;0.434791;29;0.870836 -0.491573 0.000951146 -0.785339 0.477059 0.844655 -0.242842 -2.68253 0.118571 0.21193 0.970065 0.592138 0 0 0 1 
13001298760107;0.0362635;0.33937;25;0.979624 -0.198876 -0.0280329 -0.313296 0.199881 0.979032 0.0392973 -0.802837 0.0196298 -0.0440998 0.998834 -0.204165 0 0 0 1 
13001298760108;1.01768;0.628494;29;0.914616 -0.386791 -0.117776 -0.263784 0.373012 0.919591 -0.123343 -1.39575 0.156014 0.0688791 0.98535 -1.16319 0 0 0 1 
13001298760109;0.830454;0.625561;40;0.924119 -0.377498 -0.0591644 -0.232189 0.351144 0.900052 -0.258079 -1.23423 0.150675 0.217721 0.96431 -0.50201 0 0 0 1 
13001298760110;0.923517;0.748767;31;0.972944 -0.230082 -0.0210308 -0.447684 0.222649 0.958022 -0.180613 -0.954473 0.0617037 0.171044 0.983329 0.795641 0 0 0 1 
13001298760111;0.26829;0.703537;44;0.848069 -0.525742 0.0661447 -0.649906 0.524155 0.814022 -0.25026 -2.24059 0.0777287 0.246907 0.965917 0.367751 0 0 0 1 
13001298760112;0.495558;0.667629;26;0.983976 -0.0253367 -0.176494 0.441725 0.059718 0.979513 0.192321 -0.239324 0.168005 -0.199779 0.96533 -1.17113 0 0 0 1 
13001298760113;0.269314;0.508446;24;0.999466 -0.0286289 0.015722 0.193514 0.0301071 0.99416 -0.103632 -0.28098 -0.0126633 0.10405 0.994491 0.113776 0 0 0 1 
13001298760114;0.734561;0.613602;33;0.822285 -0.561683 0.0914338 -1.11941 0.56595 0.790324 -0.234708 -1.81118 0.0595694 0.244744 0.967756 0.47123 0 0 0 1 
13001298760115;0.321726;0.601573;27;0.966574 -0.255889 0.0159874 -0.333573 0.255882 0.958871 -0.122842 -1.17751 0.0161041 0.122827 0.992297 -0.0416171 0 0 0 1 
13001298760116;1.15818;0.717787;38;0.999151 0.0238208 -0.0336135 1.3835 -0.0345855 0.928318 -0.370175 -0.0273365 0.0223862 0.371023 0.928354 1.4784 0 0 0 1 
13001298760117;0.977589;0.640987;32;0.933446 -0.330165 -0.140249 -0.383904 0.310078 0.93923 -0.147306 -1.52618 0.180361 0.0940139 0.979097 0.460925 0 0 0 1 
13001298760118;0.349631;0.655569;27;0.982084 0.159946 0.0996456 0.846313 -0.140067 0.973304 -0.181825 0.0781585 -0.126068 0.16461 0.978269 0.685039 0 0 0 1 
13001298760119;0.966956;0.587092;31;0.826829 -0.498969 -0.259585 -0.194831 0.49431 0.864831 -0.0878872 -1.79408 0.268351 -0.055648 0.961713 -1.71756 0 0 0 1 
13001298760120;0.820899;0.543055;28;0.999277 -0.0110596 0.0363659 0.699857 0.0113897 0.999896 -0.00888212 -0.412633 -0.0362639 0.0092899 0.999299 0.601357 0 0 0 1 
13001298760121;0.247186;0.478265;26;0.975472 -0.218958 -0.0226344 -0.272349 0.217623 0.974732 -0.0503699 -0.813063 0.0330914 0.0442087 0.998474 0.153294 0 0 0 1 
13001298760122;0.958553;0.586996;32;0.989594 -0.1319 -0.0574905 0.432705 0.130399 0.991033 -0.0291367 -1.36397 0.0608181 0.0213368 0.997921 0.0328958 0 0 0 1 
13001298760124;1.10954;0.118784;41;0.878007 -0.477485 0.0333294 -0.637804 0.471289 0.874575 0.114043 -3.34209 -0.0836028 -0.0844225 0.992917 -0.226463 0 0 0 1 
13001298760125;0.573277;0.116081;37;0.935497 0.0258085 -0.352391 0.675846 0.104939 0.932034 0.346844 -0.798102 0.337391 -0.361451 0.869207 -2.95377 0 0 0 1 
13001298760126;0.254431;0.122523;37;0.956894 0.221313 -0.18808 1.03431 -0.213984 0.975073 0.0586771 0.980202 0.196377 -0.0159018 0.980399 -0.824821 0 0 0 1 
13001298760127;0.992788;0.0961666;32;0.917126 -0.347306 -0.195596 -0.670309 0.35124 0.936159 -0.0153476 -2.63986 0.188439 -0.0546255 0.980565 -1.12023 0 0 0 1 
13001298760128;0.0799235;0.136318;23;0.999554 0.0297768 -0.00230441 0.0901572 -0.0298597 0.99793 -0.0569564 0.202562 0.000603655 0.0569998 0.998374 0.276724 0 0 0 1 
13001298760129;0.127861;0.153307;25;0.997496 -0.0373293 -0.0600755 0.0363751 0.0348604 0.998525 -0.0416341 0.00436826 0.0615411 0.0394355 0.997325 -0.0507005 0 0 0 1 
13001298760130;0.557579;0.0906362;28;0.969101 -0.229801 -0.0896414 -0.668169 0.227247 0.973101 -0.0378667 -1.25527 0.0959319 0.0163259 0.995254 0.0817809 0 0 0 1 
13001298760131;0.697726;0.123143;30;0.985178 -0.170348 -0.0201394 0.0336315 0.164783 0.972472 -0.164755 -1.12765 0.0476507 0.158994 0.986129 0.437011 0 0 0 1 
13001298760132;0.915785;0.0739267;32;0.973218 0.0146763 0.229416 0.0789618 -0.0163989 0.99985 0.00560383 0.19741 -0.229299 -0.00921591 0.973312 0.25571 0 0 0 1 
13001298760133;0.526097;0.136375;27;0.987969 0.135861 0.0738796 0.391435 -0.136277 0.990671 0.000596288 0.742445 -0.0731094 -0.0106572 0.997267 0.858132 0 0 0 1 
13001298760134;0.640051;0.126823;27;0.99289 -0.0414684 -0.111582 0.223843 0.0370697 0.998463 -0.0412116 0.0586728 0.11312 0.0367823 0.9929 0.203943 0 0 0 1 
13001298760135;0.744448;0.119048;41;0.886627 0.43352 -0.1611 2.07612 -0.444111 0.895289 -0.0349801 1.94302 0.129067 0.102561 0.986318 0.32897 0 0 0 1 
13001298760136;0.470128;0.0750283;29;0.99253 0.118032 -0.0308829 0.104257 -0.117606 0.992943 0.0152714 0.511361 0.0324674 -0.0115254 0.999406 -0.406179 0 0 0 1 
13001298760137;0.306436;0.109915;31;0.966713 0.0721069 0.245492 0.135174 -0.0123718 0.971519 -0.236639 0.0907991 -0.255564 0.225725 0.940072 2.09561 0 0 0 1 
13001298760138;0.926249;0.12697;28;0.999238 -0.0186565 -0.034281 -0.397637 0.0160714 0.997114 -0.0741944 -0.364316 0.0355663 0.0735869 0.996654 -0.547003 0 0 0 1 
13001298760139;0.738974;0.119314;33;0.962263 0.270641 -0.028334 0.973704 -0.27211 0.957902 -0.0915435 1.35836 0.0023658 0.0957989 0.995398 1.00385 0 0 0 1 
13001298760140;1.02616;0.0878078;34;0.987257 0.136257 -0.0822039 0.219312 -0.135566 0.99067 0.0139651 0.45473 0.0833397 -0.00264313 0.996518 -1.19997 0 0 0 1 
13001298760141;0.897713;0.0970853;31;0.947209 -0.242823 0.20936 -0.863772 0.275165 0.950835 -0.142118 -1.75183 -0.164557 0.192223 0.967456 2.04639 0 0 0 1 
13001298760142;0.158181;0.0748013;26;0.998623 0.00760295 0.0519003 0.0228278 -0.00162401 0.993447 -0.114284 0.206579 -0.0524291 0.114042 0.992092 0.662304 0 0 0 1 
13001298760143;0.631582;0.113373;42;0.921265 0.373505 -0.108468 1.56286 -0.388592 0.872199 -0.297093 1.705 -0.01636 0.315851 0.948668 1.56498 0 0 0 1 
13001298760144;0.855274;0.0950257;32;0.984826 -0.109278 -0.134815 0.509685 0.113283 0.993311 0.0223788 -0.499956 0.131468 -0.0373115 0.990618 -0.297354 0 0 0 1 
13001298760145;0.0426315;0.0812235;23;0.999456 -0.0226947 -0.0239176 -0.0526627 0.0219245 0.999248 -0.031987 -0.0408547 0.0246255 0.0314452 0.999202 0.0793269 0 0 0 1 
13001298760146;0.950154;0.136281;28;0.992318 0.0241929 -0.121323 0.201261 -0.0313843 0.997839 -0.0577187 0.048244 0.119664 0.061083 0.990934 0.59742 0 0 0 1 
13001298760147;0.397392;0.118507;33;0.941807 0.111381 -0.317166 0.86052 -0.201024 0.942827 -0.265831 1.05187 0.269424 0.31412 0.910351 -0.162832 0 0 0 1 
13001298760148;0.554781;0.131415;28;0.99647 -0.0813322 0.0207814 -0.24968 0.0838542 0.975927 -0.201331 -0.444155 -0.00390646 0.202363 0.979303 0.242981 0 0 0 1 
13001298760149;0.73823;0.0877232;27;0.999106 -0.0358539 -0.0223921 -0.0269114 0.0350492 0.99876 -0.0353477 0.239642 0.0236317 0.0345313 0.999124 0.654399 0 0 0 1 
13001298760150;0.886242;0.0960304;31;0.970208 -0.241327 0.0213805 -0.292174 0.241861 0.969921 -0.0274917 -1.55069 -0.0141029 0.0318438 0.999393 -0.380516 0 0 0 1 
13001298760151;1.10427;0.103396;48;0.927232 0.326712 0.183031 2.14152 -0.354721 0.922931 0.14957 1.82939 -0.120059 -0.203611 0.971663 0.0379646 0 0 0 1 
13001298760152;0.722566;0.109706;35;0.95475 0.215688 0.204771 0.259829 -0.14979 0.943543 -0.295447 0.545734 -0.256934 0.251405 0.933156 2.31785 0 0 0 1 
13001298760153;0.343462;0.0923217;41;0.942275 0.308109 -0.131098 1.33515 -0.328355 0.926942 -0.181553 1.48202 0.0655821 0.214119 0.974604 0.388174 0 0 0 1 
13001298760155;0.0682714;1.03055;50;0.927695 -0.373307 0.00486684 -0.614185 0.372892 0.925871 -0.0609495 -2.22937 0.0182468 0.0583573 0.998129 -0.0114253 0 0 0 1 
13001298760156;0.228778;0.737756;25;0.99867 0.0204305 -0.0473402 -0.71598 -0.0259772 0.992472 -0.119685 0.14285 0.0445386 0.120755 0.991683 -0.138741 0 0 0 1 
13001298760157;0.606065;0.621733;30;0.981384 0.191207 -0.018043 -1.08067 -0.192049 0.976153 -0.101208 0.303432 -0.0017389 0.102789 0.994702 0.33101 0 0 0 1 
13001298760158;0.344682;0.829387;29;0.926511 0.0281078 -0.375218 -0.266712 -0.0405477 0.998857 -0.0252978 0.0873 0.374078 0.0386529 0.926592 -1.53914 0 0 0 1 
13001298760159;0.780294;1.98034;42;0.993061 -0.11686 0.0131464 -1.49545 0.116714 0.993101 0.0113519 -0.851071 -0.0143823 -0.0097388 0.999849 -0.362975 0 0 0 1 
13001298760160;0.374691;0.916533;28;0.947122 -0.279338 -0.157894 -0.609738 0.301733 0.942747 0.142074 -1.85828 0.109168 -0.182203 0.977182 -0.108629 0 0 0 1 
13001298760161;0.829311;0.858538;29;0.987845 0.0138601 0.154823 -1.55519 -0.0556129 0.961603 0.268752 -0.491407 -0.145153 -0.274096 0.950685 0.55407 0 0 0 1 
13001298760162;0.477774;1.31189;45;0.98058 -0.194416 0.0257841 -1.31401 0.190711 0.914614 -0.356526 -1.66411 0.0457317 0.35452 0.93393 0.311527 0 0 0 1 
13001298760163;0.737936;0.90757;26;0.983622 -0.139704 0.113886 -0.515913 0.143143 0.989445 -0.0225545 -1.32437 -0.109533 0.0384871 0.993238 0.759402 0 0 0 1 
13001298760164;0.306679;0.518766;28;0.992572 0.0607832 -0.105385 -0.4511 -0.0875654 0.9583 -0.272016 0.379527 0.0844567 0.279223 0.956505 -0.13539 0 0 0 1 
13001298760165;0.655134;0.503592;28;0.987345 -0.154319 -0.0365464 -0.955324 0.156283 0.985954 0.0589168 -0.773923 0.0269411 -0.0638828 0.997594 -0.552536 0 0 0 1 
13001298760166;0.142166;0.653383;25;0.99858 0.0525305 -0.00886858 -0.734527 -0.0529094 0.997349 -0.0499486 0.178153 0.00622125 0.0503469 0.998712 -0.0796635 0 0 0 1 
13001298760167;0.73402;1.20783;31;0.98962 0.11158 0.0905638 -0.655121 -0.111155 0.993755 -0.0097479 -0.620668 -0.0910859 -0.000419864 0.995843 0.885047 0 0 0 1 
13001298760168;0.457979;1.37874;31;0.997034 0.0710061 -0.0296709 -0.968993 -0.0740267 0.990294 -0.117632 -0.686383 0.0210303 0.119479 0.992614 -0.211464 0 0 0 1 
13001298760169;0.0971797;0.900763;26;0.99398 -0.0960258 0.0527582 -1.01417 0.0890641 0.988603 0.121373 -0.797702 -0.0638119 -0.115944 0.991204 0.252387 0 0 0 1 
13001298760170;0.865636;1.32087;34;0.991048 -0.0775452 -0.108674 -1.58622 0.060799 0.986856 -0.149726 -0.68532 0.118856 0.141778 0.982737 0.174096 0 0 0 1 
13001298760171;0.53187;0.806972;29;0.990628 -0.117584 -0.0695066 -0.946507 0.135042 0.919527 0.369098 -1.01479 0.0205132 -0.375025 0.926788 0.294125 0 0 0 1 
13001298760172;0.399772;1.26558;35;0.952226 -0.142975 0.269858 -0.93838 0.110742 0.985153 0.131183 -1.31932 -0.284608 -0.0950314 0.953922 1.41473 0 0 0 1 
13001298760173;0.409814;1.36175;32;0.9827 0.142705 0.118052 -1.08916 -0.14683 0.988794 0.0269717 -0.452553 -0.11288 -0.0438387 0.992641 0.50084 0 0 0 1 
13001298760174;0.230776;1.14993;46;0.925968 -0.3684 0.0828467 -0.83758 0.37713 0.913235 -0.154193 -2.28878 -0.0188537 0.174022 0.984561 0.326087 0 0 0 1 
13001298760175;0.184973;0.763973;28;0.972517 0.114495 -0.202737 -0.684062 -0.125079 0.991334 -0.0401467 0.285753 0.196383 0.0644015 0.97841 -0.939397 0 0 0 1 
13001298760176;0.684651;1.14061;33;0.994113 -0.0924586 -0.0564809 -1.0713 0.106057 0.937008 0.332818 -1.80595 0.0221512 -0.336849 0.941298 -0.600745 0 0 0 1 
13001298760177;0.712892;1.11913;29;0.993466 0.0526182 -0.101276 -0.770375 -0.0812975 0.94907 -0.304397 -0.0271223 0.0801008 0.310642 0.947146 -0.576219 0 0 0 1 
13001298760178;0.372998;1.48671;34;0.996802 0.0798651 0.00284342 -1.25923 -0.0798576 0.996803 -0.00263635 -0.745789 -0.00304488 0.00240085 0.999992 -0.0724977 0 0 0 1 
13001298760179;0.364497;1.22718;29;0.983271 -0.132306 0.125195 -1.36644 0.0813783 0.933992 0.347903 -1.08917 -0.16296 -0.331895 0.929134 0.750246 0 0 0 1 
13001298760180;0.444705;1.30455;32;0.912193 -0.297574 -0.281698 -0.730265 0.390473 0.839699 0.377407 -2.61251 0.124235 -0.454264 0.882162 -0.701838 0 0 0 1 
13001298760181;0.327893;0.72844;26;0.960989 -0.00179975 0.276581 -0.966533 0.0417845 0.989447 -0.138743 -0.345176 -0.273412 0.144887 0.950922 1.06135 0 0 0 1 
13001298760182;0.549357;0.770317;27;0.999233 -0.037005 -0.0128449 -0.724769 0.0376031 0.998043 0.0499558 -0.800081 0.0109711 -0.0504004 0.998669 0.413015 0 0 0 1 
13001298760183;0.363905;0.80814;30;0.938355 0.0598805 -0.340448 -0.512549 0.0632584 0.938503 0.339426 -0.668956 0.339836 -0.340039 0.876861 -1.08625 0 0 0 1 
13001298760184;0.185151;1.02054;27;0.980799 -0.193234 0.0263273 -0.899003 0.194585 0.978661 -0.0660325 -1.47596 -0.0130058 0.0698876 0.99747 0.136187 0 0 0 1 
13001298760186;0.752269;1.37527;38;0.950659 -0.281503 0.130401 -0.617424 0.287062 0.95757 -0.0256096 -1.53487 -0.117659 0.0617791 0.991131 0.897312 0 0 0 1 
13001298760187;1.11885;1.34365;42;0.77898 -0.614463 0.125003 -0.394682 0.622256 0.782111 -0.0331677 -3.35918 -0.0773858 0.103621 0.991602 0.674793 0 0 0 1 
13001298760188;1.47853;1.36924;41;0.959941 -0.279729 0.0163042 -0.589348 0.262211 0.876262 -0.404242 -1.24425 0.0987914 0.392323 0.914507 -0.0916501 0 0 0 1 
13001298760189;0.694353;1.2885;41;0.99316 -0.0327216 0.11208 0.166975 0.0402997 0.997004 -0.0660292 -1.15489 -0.109583 0.0700944 0.991503 0.14022 0 0 0 1 
13001298760190;1.04867;1.39933;43;0.883767 -0.45426 -0.112268 -0.623295 0.450588 0.890869 -0.0576484 -2.94057 0.126203 0.000361123 0.992004 -0.560192 0 0 0 1 
13001298760191;0.608395;1.33388;39;0.993261 -0.113128 0.0251994 -0.141845 0.114044 0.99273 -0.0384805 -1.11981 -0.020663 0.041095 0.998942 -0.188962 0 0 0 1 
13001298760192;0.728377;1.36071;33;0.936247 -0.340635 0.0860812 -0.585433 0.339714 0.940181 0.0255908 -1.596 -0.089649 0.00528363 0.995959 0.684913 0 0 0 1 
13001298760193;0.223967;1.35667;36;0.929015 -0.358618 0.0912347 -0.673405 0.359492 0.93312 0.00723604 -1.84715 -0.0877279 0.0260757 0.995803 0.192009 0 0 0 1 
13001298760194;0.894476;1.32432;42;0.988285 -0.136339 0.0685845 -0.328802 0.122704 0.977047 0.174136 -1.55898 -0.0907518 -0.16368 0.98233 -0.611774 0 0 0 1 
13001298760195;0.58478;1.35613;37;0.990127 0.132325 0.0462466 0.320629 -0.131792 0.991173 -0.0143953 -0.517827 -0.0477432 0.00815826 0.998826 0.419854 0 0 0 1 
13001298760196;0.904607;1.44401;42;0.967306 -0.251408 0.0333709 -0.857508 0.251877 0.967701 -0.0106329 -1.33572 -0.0296199 0.0186907 0.999386 -0.230189 0 0 0 1 
13001298760197;0.286883;1.3601;36;0.908213 -0.413683 0.0633749 -0.772793 0.415051 0.909747 -0.00959812 -2.31675 -0.0536846 0.035021 0.997944 0.241308 0 0 0 1 
13001298760198;1.24998;1.42297;32;0.974835 0.222 0.0202934 0.446507 -0.2222 0.974967 0.00818397 0.105748 -0.0179685 -0.0124872 0.999761 -0.462625 0 0 0 1 
13001298760199;1.55468;1.31172;37;0.890517 -0.228841 -0.393207 0.465731 0.219451 0.973155 -0.0693591 -1.25883 0.398523 -0.0245243 0.91683 -1.8796 0 0 0 1 
13001298760200;0.663257;1.33405;43;0.964938 -0.26245 0.0039061 -0.590635 0.262369 0.964858 0.0145322 -2.01884 -0.0075828 -0.0129978 0.999887 -0.0436837 0 0 0 1 
13001298760201;0.427557;1.32251;35;0.997573 -0.0631249 0.0293793 -0.12635 0.0534316 0.964593 0.258274 -1.24289 -0.0446426 -0.256077 0.965625 -0.729973 0 0 0 1 
13001298760202;1.14516;1.384;37;0.943992 -0.30409 -0.128096 -0.332381 0.328591 0.901769 0.280786 -2.37512 0.0301283 -0.307151 0.951184 -1.49987 0 0 0 1 
13001298760203;0.345194;1.32052;31;0.999761 -0.0120814 -0.0182151 -0.0206823 0.0133649 0.99731 0.0720754 -0.835945 0.0172954 -0.0723016 0.997233 -0.124068 0 0 0 1 
13001298760204;0.987501;1.3452;35;0.908952 -0.41538 0.0355936 -0.95923 0.415101 0.909648 0.0152283 -1.88163 -0.0387032 0.000933137 0.99925 -0.418468 0 0 0 1 
13001298760205;1.27725;1.34807;38;0.903243 -0.426725 0.0453575 -0.00364111 0.427173 0.90417 -0.000211056 -2.13305 -0.0409209 0.0195662 0.998971 0.697105 0 0 0 1 
13001298760206;0.732057;1.30176;36;0.986763 0.0092189 0.161904 -0.107719 0.0438697 0.945981 -0.321239 -0.883385 -0.15612 0.32409 0.933055 1.59502 0 0 0 1 
13001298760207;0.280311;1.29473;41;0.892472 -0.426852 -0.145912 -0.536274 0.426513 0.903796 -0.0352058 -2.09406 0.146902 -0.030813 0.988671 -0.386756 0 0 0 1 
13001298760208;0.976835;1.36779;41;0.964951 -0.243037 0.0990131 -0.258573 0.246542 0.968818 -0.0246702 -2.00081 -0.0899299 0.0482165 0.99478 0.730524 0 0 0 1 
13001298760209;0.510095;1.36685;46;0.959208 -0.282418 -0.012617 -0.231722 0.281399 0.958119 -0.0531248 -1.73248 0.0270921 0.0474074 0.998508 -0.112171 0 0 0 1 
13001298760210;0.786915;1.40375;32;0.908045 -0.371495 0.193507 -0.806558 0.37378 0.927154 0.0259645 -1.61006 -0.189056 0.048752 0.980755 0.438999 0 0 0 1 
13001298760211;0.331308;1.35845;38;0.959801 -0.254078 0.11927 -0.486595 0.232042 0.957356 0.172125 -1.63741 -0.157917 -0.13753 0.977828 0.220204 0 0 0 1 
13001298760212;0.525518;1.37744;41;0.977313 -0.166049 0.131481 -0.527064 0.162964 0.986047 0.033958 -1.39749 -0.135285 -0.0117609 0.990737 0.1913 0 0 0 1 
13001298760213;1.26584;1.34269;35;0.951649 -0.287521 0.108149 -0.0971825 0.300958 0.943202 -0.140695 -1.55115 -0.0615536 0.166441 0.984128 1.24542 0 0 0 1 
13001298760214;1.19532;1.32646;36;0.933055 -0.151678 0.326194 0.112924 0.118067 0.985655 0.120598 -0.693022 -0.339807 -0.074012 0.937579 0.967432 0 0 0 1 
13001298760215;0.473246;1.34953;36;0.997786 0.0661821 0.00662993 0.181926 -0.0664515 0.996191 0.0564528 -0.948268 -0.00286852 -0.0567683 0.998383 -0.148715 0 0 0 1 
13001298760217;0.222897;0.201593;25;0.994276 -0.0918878 -0.0545198 -0.0810624 0.0948708 0.993974 0.0549082 -0.451933 0.0491459 -0.0597663 0.997002 -0.192217 0 0 0 1 
13001298760218;0.56062;0.15502;28;0.978694 0.106992 0.175245 0.629039 -0.144276 0.96563 0.216201 0.174147 -0.14609 -0.236878 0.960493 -0.0302375 0 0 0 1 
13001298760219;1.35156;0.208535;29;0.997187 -0.074135 -0.0110306 -0.258289 0.0737669 0.996803 -0.0306997 0.0844977 0.0132713 0.0297997 0.999468 1.02855 0 0 0 1 
13001298760220;0.477483;0.225296;33;0.899002 -0.24965 0.35982 -0.177791 0.191957 0.963106 0.188624 -0.845324 -0.393635 -0.100503 0.913756 1.47973 0 0 0 1 
13001298760221;0.489369;0.148073;29;0.947809 -0.146261 0.283311 -0.20423 0.104559 0.98202 0.157175 -0.646294 -0.301205 -0.119349 0.946061 1.06556 0 0 0 1 
13001298760222;1.04527;0.149204;28;0.998036 0.0332895 0.0530585 -0.221254 -0.0456099 0.966826 0.251329 -0.515313 -0.0429317 -0.253256 0.966446 -0.818791 0 0 0 1 
13001298760223;0.25956;0.200447;26;0.968998 0.110206 0.22113 0.283616 -0.123107 0.991355 0.0453896 0.489217 -0.214216 -0.071205 0.974188 0.632273 0 0 0 1 
13001298760224;0.137794;0.168601;24;0.99823 0.0128258 -0.0580685 0.103908 -0.0147729 0.999339 -0.0332282 0.136556 0.0576039 0.0340273 0.997759 0.0224846 0 0 0 1 
13001298760225;1.05742;0.190788;30;0.909072 -0.000261647 0.416639 -0.443009 0.0224456 0.998578 -0.0483474 -0.167697 -0.416034 0.053303 0.907786 1.91287 0 0 0 1 
13001298760226;1.15936;0.145559;31;0.987804 0.155302 -0.0111469 -0.0467813 -0.15563 0.98699 -0.040379 0.44496 0.0047309 0.0416213 0.999122 0.721377 0 0 0 1 
13001298760227;0.324156;0.131173;38;0.937309 0.334507 -0.0977592 1.3405 -0.34523 0.929569 -0.129299 1.19276 0.0476223 0.154943 0.986775 0.374839 0 0 0 1 
13001298760228;1.39459;0.144562;31;0.9321 -0.130316 0.337946 -0.643692 0.246353 0.912073 -0.327769 -0.167204 -0.265518 0.388768 0.882247 1.97417 0 0 0 1 
13001298760229;0.664996;0.17666;27;0.966084 -0.0308091 0.256382 -0.140957 -0.0385896 0.964483 0.261312 0.100675 -0.255327 -0.262343 0.930583 0.678127 0 0 0 1 
13001298760230;0.977712;0.159881;31;0.952781 -0.301111 0.0392597 -0.499247 0.295631 0.949338 0.106579 -1.58366 -0.0693628 -0.0899402 0.993529 -0.447891 0 0 0 1 
13001298760231;0.367575;0.137425;36;0.892405 0.365064 0.26522 1.31751 -0.371486 0.928033 -0.0274297 1.18057 -0.256147 -0.0740472 0.963798 0.703306 0 0 0 1 
13001298760232;0.090517;0.13601;24;0.995691 0.0321511 -0.0869798 0.253913 -0.0371165 0.997736 -0.056086 0.156059 0.0849796 0.0590727 0.99463 -0.114044 0 0 0 1 
13001298760233;0.668099;0.188363;32;0.972018 -0.234402 -0.0153849 -0.0858289 0.234755 0.971658 0.0277594 -0.568419 0.00844203 -0.0305944 0.999496 -0.010025 0 0 0 1 
13001298760234;0.755306;0.198012;28;0.990402 0.118731 -0.0707614 0.362797 -0.108896 0.985575 0.12955 0.0810967 0.0851222 -0.120601 0.989045 -0.169336 0 0 0 1 
13001298760235;0.973297;0.213891;27;0.998356 0.0375009 -0.0433583 0.274022 -0.0373155 0.999291 0.0050785 -0.46379 0.043518 -0.00345221 0.999047 -0.352537 0 0 0 1 
13001298760236;0.97211;0.19851;29;0.949911 -0.12993 -0.284231 0.325728 0.175879 0.974038 0.142534 -0.842669 0.258332 -0.185385 0.948102 -1.97158 0 0 0 1 
13001298760237;0.48343;0.209379;25;0.998127 0.0267465 0.0550275 0.186013 -0.0256239 0.999451 -0.0210067 -0.184709 -0.0555592 0.0195573 0.998264 0.159727 0 0 0 1 
13001298760238;0.245894;0.133365;25;0.997027 0.0736956 -0.0224887 0.307497 -0.0755151 0.992588 -0.0952145 0.225313 0.0153051 0.0966296 0.995203 0.370845 0 0 0 1 
13001298760239;0.597612;0.141971;39;0.933097 0.356056 -0.0505304 1.41408 -0.353957 0.934129 0.0460256 1.08081 0.0635896 -0.0250608 0.997661 -0.588638 0 0 0 1 
13001298760240;0.379328;0.176;26;0.998322 -0.053554 0.022034 -0.0552031 0.052515 0.997592 0.0453055 -0.0702316 -0.0244072 -0.0440724 0.99873 0.308857 0 0 0 1 
13001298760241;0.905295;0.233066;30;0.997947 -0.0604883 -0.0210283 0.519441 0.0632738 0.981964 0.178167 -0.00571913 0.00987202 -0.179131 0.983776 -0.582869 0 0 0 1 
13001298760242;0.886526;0.14947;33;0.918307 -0.346073 0.192211 -0.977679 0.320845 0.935066 0.150702 -1.40158 -0.231884 -0.0767205 0.969713 0.257516 0 0 0 1 
13001298760243;0.836676;0.140575;31;0.950748 0.258084 0.171673 1.04931 -0.235079 0.961348 -0.143344 0.57115 -0.202032 0.0959272 0.97467 0.614814 0 0 0 1 
13001298760244;1.22657;0.252269;27;0.994908 0.100495 0.00770925 1.05038 -0.100456 0.994927 -0.00529495 0.533078 -0.00820226 0.00449354 0.999956 0.735108 0 0 0 1 
13001298760245;1.14759;0.17268;31;0.998592 -0.0530131 -0.00172711 -0.806148 0.0526178 0.994201 -0.0937817 0.0993168 0.00668876 0.0935588 0.995591 0.0561201 0 0 0 1 
13001298760246;0.304771;0.14087;35;0.931983 0.282204 -0.227527 1.21225 -0.297846 0.953901 -0.0368882 1.0664 0.206628 0.102147 0.973073 -0.534737 0 0 0 1 
13001298760248;0.0489943;0.899681;29;0.936338 -0.348031 0.0463196 -1.19898 0.349649 0.9363 -0.032981 -1.86217 -0.0318906 0.0470769 0.998382 0.241519 0 0 0 1 
13001298760249;0.420407;0.869098;32;0.939765 -0.335555 0.0651534 -1.33192 0.336853 0.941507 -0.00974576 -1.95444 -0.0580721 0.0311058 0.997828 -0.0482404 0 0 0 1 
13001298760250;0.517589;1.02645;30;0.947434 -0.30114 0.108089 -1.09869 0.301555 0.953362 0.0128765 -1.79997 -0.106925 0.0203951 0.994058 0.842802 0 0 0 1 
13001298760251;0.918817;1.28007;33;0.863564 -0.467952 0.187826 -1.19925 0.461987 0.883524 0.0771518 -2.10847 -0.202052 0.0201478 0.979167 0.304895 0 0 0 1 
13001298760252;0.624083;1.17188;30;0.930751 -0.361553 0.0546163 -1.75913 0.365222 0.926482 -0.0907994 -1.587 -0.0177722 0.104459 0.99437 0.503995 0 0 0 1 
13001298760253;0.848575;1.08005;28;0.974307 -0.195567 0.111712 -0.539375 0.181225 0.975243 0.126726 -1.37697 -0.13373 -0.103225 0.985627 0.630703 0 0 0 1 
13001298760254;0.316984;0.90977;28;0.904695 -0.416019 0.0919461 -1.31589 0.426056 0.884106 -0.191918 -2.12863 -0.00144838 0.212802 0.977094 0.80554 0 0 0 1 
13001298760255;0.292142;0.872563;27;0.98749 -0.0720082 -0.14028 -0.441766 0.0682444 0.997172 -0.031465 -0.833552 0.142149 0.021498 0.989612 -0.449853 0 0 0 1 
13001298760256;0.288912;0.816635;33;0.937661 -0.334418 0.0946409 -1.04824 0.340868 0.938023 -0.0626218 -1.95404 -0.0678334 0.0909781 0.99354 0.625285 0 0 0 1 
13001298760257;0.0896223;1.09098;33;0.895582 -0.401181 0.192318 -1.49411 0.397433 0.915705 0.0594295 -2.20762 -0.199949 0.0232097 0.979531 0.640983 0 0 0 1 
