#;prob_registration_l1 -r /home/probabilistic_point_clouds_registration/build/tester /home/point_clouds_registration_benchmark//devel/registration_pairs/box_met_local.txt /home/point_clouds_registration_benchmark//planetary/box_met -s 0.2 -t 0.2 -p 0.3 -r 1000 -m 10 -n 20 -i 200 
id;initial_error;final_error;transformation
7680147070000;1.79635;5.10801;79;0.868866 0.230638 0.438038 -11.3027 -0.168049 0.969713 -0.177244 -3.8456 -0.465651 0.0803897 0.88131 -33.0089 0 0 0 1 
7680147070001;0.811107;5.37794;94;0.955158 0.291745 0.0505739 -10.8803 -0.272507 0.932954 -0.235239 -8.36713 -0.115813 0.210909 0.970621 -12.6317 0 0 0 1 
7680147070002;1.49386;4.905;83;0.95146 0.0670362 -0.300383 -7.29228 -0.14215 0.961371 -0.235709 -2.10908 0.272979 0.266967 0.924235 8.31819 0 0 0 1 
7680147070003;0.946768;5.49377;89;0.980036 0.198402 -0.0128942 -8.2454 -0.197253 0.96214 -0.188091 -5.16469 -0.0249115 0.186879 0.982067 -5.15518 0 0 0 1 
7680147070004;1.43077;5.4629;72;0.999402 -0.0250323 -0.0238723 -2.86808 0.0216202 0.990773 -0.133799 5.61779 0.0270013 0.133203 0.990721 -2.12118 0 0 0 1 
7680147070005;0.312811;5.04164;81;0.963324 0.264214 0.0468769 -9.78898 -0.264953 0.964207 0.010202 -8.22665 -0.0425036 -0.022248 0.998849 -3.73645 0 0 0 1 
7680147070006;1.56238;5.57168;88;0.996368 0.0846261 -0.00944796 -4.48754 -0.0844156 0.996213 0.0208136 1.61485 0.0111736 -0.0199405 0.999739 -2.46259 0 0 0 1 
7680147070007;1.77223;4.9169;76;0.934096 0.263672 0.240712 -10.487 -0.313207 0.928812 0.198013 -9.99393 -0.171366 -0.260355 0.950184 -9.45462 0 0 0 1 
7680147070008;0.368314;5.36017;82;0.961739 0.262407 0.078741 -9.59515 -0.262939 0.964805 -0.00372725 -7.69048 -0.0769478 -0.0171194 0.996888 -5.72834 0 0 0 1 
7680147070009;2.02654;5.32187;82;0.999328 0.0261489 0.0257032 -4.07796 -0.0240649 0.99664 -0.0782894 4.85085 -0.027664 0.0776182 0.996599 -7.42268 0 0 0 1 
7680147070010;1.67484;5.38997;90;0.987409 0.0846183 -0.133653 -5.57084 -0.0856712 0.996321 -0.00213631 1.8582 0.132981 0.0135597 0.991026 8.20579 0 0 0 1 
7680147070011;1.58383;4.91985;75;0.969688 0.0708329 0.233854 -5.41293 0.0159097 0.936727 -0.349699 4.85415 -0.243828 0.342819 0.907206 -20.3292 0 0 0 1 
7680147070012;1.55669;5.3156;95;0.99141 0.113672 0.0646905 -6.61591 -0.0977895 0.972688 -0.210511 0.897287 -0.0868529 0.202377 0.975449 -8.48483 0 0 0 1 
7680147070013;1.90796;5.32646;86;0.977257 0.211208 0.0189567 -8.06054 -0.210978 0.959383 0.187276 -4.22301 0.0213673 -0.187016 0.982124 0.308528 0 0 0 1 
7680147070014;1.7784;4.98157;81;0.973597 0.224489 -0.0413838 -8.40131 -0.227236 0.97037 -0.0821315 -5.93615 0.0217199 0.0893669 0.995762 -4.11616 0 0 0 1 
7680147070015;0.363704;4.59412;71;0.998422 -0.00601737 -0.0558334 -3.73079 0.0261859 0.92942 0.368094 10.8729 0.0496777 -0.368976 0.92811 7.77265 0 0 0 1 
7680147070016;0.265959;5.24938;95;0.972592 0.232069 0.0144166 -9.19326 -0.232482 0.971639 0.0432457 -5.89124 -0.00397176 -0.045412 0.99896 -1.26304 0 0 0 1 
7680147070017;0.994504;5.19587;79;0.997306 -0.072998 0.00719777 -2.58847 0.0729029 0.997258 0.0126849 10.86 -0.00810401 -0.012126 0.999894 -2.94179 0 0 0 1 
7680147070018;1.14391;4.75874;74;0.91266 0.163301 -0.37468 -14.3781 -0.159582 0.986326 0.0411669 -2.16552 0.376279 0.0222207 0.92624 20.1982 0 0 0 1 
7680147070019;1.59901;5.10536;92;0.993886 0.109637 0.0130315 -3.75916 -0.109652 0.99397 0.000449505 2.14337 -0.0129036 -0.00187568 0.999915 -1.92026 0 0 0 1 
7680147070020;1.99055;5.41583;88;0.96193 0.143448 0.232623 -9.10254 -0.16579 0.982958 0.0794201 -1.35373 -0.217266 -0.114963 0.969319 -11.0688 0 0 0 1 
7680147070021;1.30849;5.13167;89;0.96996 -0.0252553 -0.24195 -6.01523 0.0740346 0.978063 0.194707 13.3644 0.231725 -0.206771 0.950552 14.2278 0 0 0 1 
7680147070022;0.490232;5.35725;86;0.998047 0.00227526 0.0624292 -3.13164 -0.00507391 0.998987 0.0447074 6.85372 -0.0622642 -0.0449368 0.997048 -3.89861 0 0 0 1 
7680147070023;1.93092;5.38217;101;0.97787 0.205254 0.0405148 -7.49277 -0.197293 0.969128 -0.14787 -2.21505 -0.0696149 0.136604 0.988177 -7.31792 0 0 0 1 
7680147070024;2.01577;5.50573;79;0.972469 0.187983 -0.13772 -7.422 -0.157917 0.966204 0.203746 -1.68604 0.171366 -0.176388 0.969289 10.2393 0 0 0 1 
7680147070025;1.53658;4.99019;70;0.959637 -0.0449479 -0.277627 -5.27807 0.00809266 0.991151 -0.132495 5.2761 0.281126 0.1249 0.951508 10.6483 0 0 0 1 
7680147070026;1.23157;5.26771;80;0.975764 0.212347 0.052844 -7.60364 -0.215901 0.973575 0.0744198 -4.05098 -0.0356447 -0.0840253 0.995826 -0.656202 0 0 0 1 
7680147070027;1.05263;5.02842;84;0.925919 0.132671 0.353655 -8.99402 -0.184096 0.97606 0.115827 -3.16527 -0.329821 -0.172353 0.928177 -18.2079 0 0 0 1 
7680147070028;0.137424;5.08772;84;0.988684 0.149468 0.0127565 -6.40007 -0.149606 0.988688 0.0107153 -1.99554 -0.0110106 -0.0125025 0.999861 -1.78293 0 0 0 1 
7680147070029;1.81513;5.3799;104;0.991308 0.112533 -0.0681589 -6.75205 -0.114006 0.993315 -0.0181013 2.96273 0.0656663 0.0257145 0.99751 2.33849 0 0 0 1 
7680147070031;0.429088;2.04367;59;0.974073 -0.0528654 -0.219971 -4.28661 0.0530305 0.99858 -0.00515861 2.212 0.219931 -0.00664028 0.975493 1.10642 0 0 0 1 
7680147070032;0.91489;2.07071;54;0.994846 -0.0196148 0.0994784 -2.39171 0.0105822 0.995838 0.0905269 3.1653 -0.10084 -0.0890077 0.990913 -0.0364468 0 0 0 1 
7680147070033;0.415478;2.01454;62;0.973622 -0.0219086 0.227114 -2.73095 0.0890412 0.95294 -0.289788 2.058 -0.210077 0.302367 0.929754 -10.0056 0 0 0 1 
7680147070034;0.600344;2.25235;60;0.985189 -0.0566884 -0.16183 -4.17946 0.0272721 0.98356 -0.17851 1.48357 0.169289 0.171453 0.970539 -2.24574 0 0 0 1 
7680147070035;0.44843;1.99334;57;0.996768 -0.0361377 0.0717522 -2.90897 0.0207831 0.978707 0.204207 2.87769 -0.0776039 -0.202056 0.976295 2.3793 0 0 0 1 
7680147070036;0.879785;1.93415;66;0.999544 -0.030077 -0.00268457 -4.85268 0.0299531 0.998826 -0.0380839 2.5533 0.00382686 0.0379861 0.999271 -1.7642 0 0 0 1 
7680147070037;0.82527;2.02339;55;0.999312 -0.0194239 0.0316099 -3.2405 0.0187267 0.999578 0.0222072 2.39678 -0.0320279 -0.0216 0.999254 1.24348 0 0 0 1 
7680147070038;0.802274;1.91478;60;0.977724 -0.0573623 0.201906 -2.41596 -0.0039077 0.956791 0.290751 4.75584 -0.20986 -0.285063 0.935253 3.87735 0 0 0 1 
7680147070039;1.33952;2.08006;69;0.999275 0.0348434 0.0153485 -7.03458 -0.0351124 0.999228 0.0176209 1.64723 -0.0147227 -0.0181471 0.999727 0.6096 0 0 0 1 
7680147070040;0.158831;2.0665;57;0.999298 -0.0363097 -0.00924331 -3.21238 0.0348649 0.991482 -0.125492 1.71643 0.0137212 0.125082 0.992052 -3.20671 0 0 0 1 
7680147070041;1.36617;1.88714;56;0.998278 -0.0339459 0.0478499 -2.97785 0.0324306 0.998959 0.0320951 2.31549 -0.0488896 -0.030488 0.998339 -3.32126 0 0 0 1 
7680147070042;0.46675;2.09257;59;0.995433 -0.00876649 0.0950572 -3.29889 0.0284884 0.977679 -0.208165 1.45487 -0.0911105 0.209922 0.973464 -6.81851 0 0 0 1 
7680147070043;1.14629;1.87138;38;0.963899 0.039365 0.263341 -1.59833 0.0214011 0.974358 -0.223983 0.26501 -0.265406 0.221533 0.93834 -7.71184 0 0 0 1 
7680147070044;0.702038;2.02525;56;0.999275 -0.0221138 -0.0309834 -3.72493 0.0241639 0.997431 0.0674393 2.65656 0.0294125 -0.0681391 0.997242 2.58691 0 0 0 1 
7680147070045;0.887978;2.03792;60;0.998381 -0.0355418 0.044405 -3.11374 0.0360131 0.999303 -0.0098583 2.93286 -0.0440237 0.0114415 0.998965 -2.58705 0 0 0 1 
7680147070046;0.520495;1.99781;60;0.990656 -0.0616089 0.121679 -2.10487 0.0820941 0.981799 -0.171266 2.00975 -0.108912 0.179655 0.977682 -6.62332 0 0 0 1 
7680147070047;1.3778;2.11516;67;0.996575 0.0421327 -0.0711516 -7.54399 -0.0207981 0.960511 0.277465 4.2121 0.0800322 -0.275035 0.958098 7.39659 0 0 0 1 
7680147070048;1.12108;1.99482;37;0.999913 -0.0120592 0.00530383 -1.59561 0.0123073 0.998696 -0.0495369 0.652789 -0.00469954 0.0495979 0.998758 -1.12812 0 0 0 1 
7680147070049;0.932757;2.05562;61;0.99701 -0.0589509 -0.0499628 -3.59459 0.0507302 0.987035 -0.152276 2.67317 0.0582919 0.149286 0.987074 -1.89396 0 0 0 1 
7680147070050;1.2993;1.99133;70;0.95809 -0.0555408 -0.281032 -6.84049 0.018264 0.990872 -0.133562 1.63408 0.285885 0.122832 0.950359 -0.827746 0 0 0 1 
7680147070051;0.92457;1.98303;54;0.996293 -0.0644577 0.0569748 -1.7616 0.0475605 0.964554 0.259566 3.78969 -0.0716863 -0.255894 0.964043 2.47067 0 0 0 1 
7680147070052;0.840224;1.85252;44;0.963196 -0.0552892 -0.263052 -3.31048 0.0953184 0.985277 0.141931 3.87441 0.251332 -0.161781 0.954285 6.47591 0 0 0 1 
7680147070053;0.82655;1.9168;49;0.999878 -0.0113123 0.010761 -2.98856 0.0115189 0.999747 -0.0193333 1.42044 -0.0105396 0.0194549 0.999755 0.473232 0 0 0 1 
7680147070054;0.270576;2.01549;56;0.997943 0.0240922 0.0594095 -4.33373 -0.0265212 0.99883 0.0404426 1.63821 -0.0583656 -0.041935 0.997414 -0.317067 0 0 0 1 
7680147070055;0.73698;1.7592;49;0.985122 -0.108192 -0.133523 -1.78407 0.0387474 0.896782 -0.440774 1.58576 0.167429 0.429042 0.887632 -7.54146 0 0 0 1 
7680147070056;0.896614;1.9308;55;0.997643 -0.0668097 -0.0156658 -2.49911 0.0662926 0.997303 -0.0314853 2.18665 0.0177271 0.0303725 0.999381 -3.05769 0 0 0 1 
7680147070057;0.403726;2.00493;61;0.997638 0.0101903 0.0679338 -4.53784 -0.00676821 0.998705 -0.0504156 1.71112 -0.0683596 0.0498367 0.996415 -2.36284 0 0 0 1 
7680147070058;0.771956;1.98373;58;0.991799 0.00859754 0.127515 -3.71077 0.013822 0.984667 -0.173896 1.46684 -0.127055 0.174233 0.976473 -7.29049 0 0 0 1 
7680147070059;0.054331;1.98341;56;0.999127 -0.0285786 0.0304702 -3.00932 0.0291053 0.999432 -0.0169822 1.94782 -0.0299675 0.0178542 0.999391 -1.42843 0 0 0 1 
7680147070060;0.252286;1.80758;53;0.999851 0.00281175 0.0170481 -3.50679 -0.00725785 0.963749 0.266713 3.62387 -0.0156802 -0.266797 0.963625 4.57849 0 0 0 1 
7680147070062;0.694613;3.34343;38;0.996405 0.0665838 0.0523716 2.35815 -0.0681138 0.997285 0.027991 -2.48527 -0.0503657 -0.0314576 0.998235 -0.740739 0 0 0 1 
7680147070063;0.642429;3.04833;41;0.999084 0.00384247 -0.042609 3.50394 -0.00395412 0.999989 -0.00253624 -0.898965 0.0425988 0.0027024 0.999089 0.725925 0 0 0 1 
7680147070064;1.73702;2.875;24;0.996378 -0.0633089 -0.0567776 2.58972 0.05 0.976195 -0.211051 -0.268776 0.0687874 0.207448 0.975825 -2.93022 0 0 0 1 
7680147070065;2.03958;3.34052;24;0.980537 -0.0216711 -0.195135 0.461316 0.050579 0.988225 0.144406 1.8584 0.189708 -0.151465 0.970087 6.56684 0 0 0 1 
7680147070066;1.4044;2.84603;24;0.996871 -0.0215028 0.0760607 2.50017 0.0315014 0.990642 -0.132804 -0.322899 -0.0724932 0.134785 0.98822 -3.80847 0 0 0 1 
7680147070067;2.44929;3.02265;41;0.996057 -0.0459898 -0.0758681 4.44685 0.0472888 0.998762 0.0154138 0.230826 0.0750654 -0.0189408 0.996999 -0.287924 0 0 0 1 
7680147070068;0.72785;3.25723;40;0.997089 -0.0165899 -0.0744194 3.47943 0.0139104 0.999241 -0.0363808 -0.503997 0.0749665 0.0352397 0.996563 2.31119 0 0 0 1 
7680147070069;0.403431;2.79482;36;0.993632 -0.0732968 0.0855705 4.55746 0.102179 0.906236 -0.410238 0.56223 -0.0474779 0.41637 0.907955 -8.57427 0 0 0 1 
7680147070070;2.46104;3.54568;39;0.926369 -0.148312 -0.346186 2.62692 0.0699261 0.970946 -0.228853 -0.864008 0.370069 0.187795 0.909825 3.99338 0 0 0 1 
7680147070071;1.40642;2.35091;25;0.94966 0.0324079 0.311603 2.6718 -0.0741133 0.989642 0.122946 -1.50802 -0.304391 -0.139851 0.942225 -6.43811 0 0 0 1 
7680147070072;0.468235;2.62989;34;0.996786 0.0022955 -0.0800798 2.28092 -0.00273103 0.999982 -0.00532961 -0.978944 0.0800662 0.00553118 0.996774 1.79276 0 0 0 1 
7680147070073;0.953779;2.44341;27;0.996148 0.0350496 0.0803738 2.2359 -0.0179114 0.978645 -0.204777 -2.2502 -0.0858347 0.202548 0.975503 -4.60913 0 0 0 1 
7680147070074;0.189263;3.0672;39;0.998459 -0.0473909 -0.0288791 4.08231 0.0417567 0.984291 -0.171545 -0.639828 0.0365551 0.170074 0.984753 -1.88159 0 0 0 1 
7680147070075;2.44638;3.12923;55;0.959989 -0.108693 -0.258082 5.36957 0.0258493 0.952061 -0.304814 -1.36194 0.278841 0.285947 0.916778 2.21969 0 0 0 1 
7680147070076;2.31741;3.26174;46;0.994845 -0.0582619 -0.0829988 4.22414 0.0560876 0.998025 -0.0282946 -0.11676 0.0844834 0.0234935 0.996148 4.06887 0 0 0 1 
7680147070077;2.21484;2.68843;47;0.999546 -0.00399924 -0.0298727 4.4833 0.000730263 0.99408 -0.108649 -1.40732 0.0301303 0.108578 0.993631 1.05157 0 0 0 1 
7680147070078;0.226189;3.03847;38;0.991101 0.0379275 -0.127598 1.84864 0.00689162 0.942646 0.333724 2.29336 0.132937 -0.331633 0.933995 8.76472 0 0 0 1 
7680147070079;1.94297;3.30593;34;0.995835 0.00971925 0.0906585 3.13044 0.0126235 0.97003 -0.242656 -0.739474 -0.0902999 0.24279 0.965867 -6.76279 0 0 0 1 
7680147070080;2.14298;2.82218;33;0.99876 -0.0471262 -0.0160702 3.22291 0.0430622 0.979588 -0.19635 -0.310036 0.0249954 0.195415 0.980402 -0.13744 0 0 0 1 
7680147070081;1.69906;3.05441;45;0.998445 -0.0250655 0.0497834 5.28003 0.0309099 0.992252 -0.120331 -0.545372 -0.0463815 0.121683 0.991485 -1.60894 0 0 0 1 
7680147070082;2.0972;3.1229;39;0.95227 -0.0765368 -0.295507 1.44447 -0.00465999 0.9643 -0.264772 -2.20297 0.305222 0.253512 0.917917 4.68344 0 0 0 1 
7680147070083;0.59076;2.68596;35;0.997569 -0.061144 0.0334345 4.07052 0.0685303 0.947814 -0.311372 -0.110885 -0.0126512 0.312906 0.9497 -5.97309 0 0 0 1 
7680147070084;0.946739;3.18051;48;0.998724 0.015675 -0.0480083 3.8721 -0.01515 0.999822 0.0112798 -1.0984 0.0481765 -0.0105381 0.998783 2.36964 0 0 0 1 
7680147070085;1.67199;3.10915;42;0.957337 -0.00471284 -0.288935 1.22926 0.104809 0.937447 0.331976 4.37109 0.269297 -0.348095 0.897947 13.6964 0 0 0 1 
7680147070086;1.58068;3.25138;36;0.999463 -0.01689 -0.0280847 3.56781 0.0175467 0.999574 0.0233026 -0.539601 0.0276792 -0.0237828 0.999334 -0.407095 0 0 0 1 
7680147070087;0.945675;3.57432;41;0.991345 -0.00302724 -0.131251 2.49922 -0.0244118 0.978048 -0.206943 -3.018 0.128996 0.208355 0.969509 -0.554152 0 0 0 1 
7680147070088;1.00125;3.41449;38;0.982143 0.0688884 0.17507 2.93785 -0.0636315 0.997343 -0.0354724 -3.3661 -0.177049 0.023699 0.983917 -4.79059 0 0 0 1 
7680147070089;1.42162;3.9406;51;0.991436 0.129384 0.0177291 2.06109 -0.129568 0.991524 0.00965707 -4.2873 -0.0163293 -0.0118715 0.999796 1.61498 0 0 0 1 
7680147070090;0.678915;3.11737;43;0.997084 -0.0405154 -0.0646638 4.22176 0.0429516 0.998401 0.0367404 0.672799 0.0630719 -0.0394106 0.997231 2.20032 0 0 0 1 
7680147070091;1.30647;3.26652;30;0.985398 -0.071541 -0.154505 2.37626 0.0550233 0.992555 -0.10866 0.521038 0.161129 0.0985719 0.981999 2.30836 0 0 0 1 
7680147070093;0.528987;0.782566;24;0.995739 -0.0207413 -0.0898547 -1.05056 0.0263225 0.997767 0.0613809 1.82015 0.088381 -0.0634845 0.994062 7.48808 0 0 0 1 
7680147070094;0.750267;0.889306;24;0.97598 -0.0274531 -0.216123 -2.78364 0.0548303 0.991049 0.121717 4.58568 0.210847 -0.130644 0.96875 17.6797 0 0 0 1 
7680147070095;1.32662;1.10652;42;0.993548 0.0972163 0.0584084 -4.10814 -0.07732 0.957389 -0.27826 -8.28072 -0.0829709 0.271948 0.958728 -12.5983 0 0 0 1 
7680147070096;1.72861;0.792006;36;0.998769 0.0432673 0.0242395 -2.18836 -0.0420609 0.99795 -0.0482442 -4.00054 -0.0262772 0.0471653 0.998541 0.312681 0 0 0 1 
7680147070097;1.58172;1.82897;23;0.997215 0.00245838 -0.0745376 -1.15981 0.00195076 0.998255 0.0590229 0.416677 0.0745526 -0.0590039 0.99547 7.02196 0 0 0 1 
7680147070098;0.811119;0.450659;31;0.980373 -0.0448717 -0.191976 -2.88721 0.0245552 0.993964 -0.106928 0.188018 0.195615 0.100115 0.975557 12.5143 0 0 0 1 
7680147070099;0.734807;0.591343;36;0.999854 0.00824429 0.0149625 -1.57813 -0.00818888 0.999959 -0.00376097 -1.9682 -0.0149929 0.00363789 0.999881 -1.45266 0 0 0 1 
7680147070100;0.613699;0.483445;24;0.934944 0.103045 0.339502 -5.45659 -0.0809181 0.993606 -0.0787404 -6.6975 -0.345445 0.046146 0.937304 -26.6713 0 0 0 1 
7680147070101;0.463274;0.664828;24;0.998914 0.000409521 -0.0465833 -0.824573 -0.00606343 0.992598 -0.121296 -1.87409 0.0461888 0.121446 0.991523 0.274295 0 0 0 1 
7680147070102;1.71997;1.27404;24;0.990692 0.0707496 0.116292 -2.39599 -0.0476027 0.980444 -0.190954 -5.29519 -0.127528 0.183641 0.974686 -15.6032 0 0 0 1 
7680147070103;0.768405;0.893158;29;0.984191 0.0380858 0.172968 -1.66486 -0.0446575 0.998415 0.0342611 -3.3095 -0.171389 -0.0414438 0.984331 -9.8812 0 0 0 1 
7680147070104;1.11988;0.721771;42;0.999712 0.0199222 0.0133514 -1.96094 -0.0192146 0.998504 -0.0511819 -3.54009 -0.0143511 0.0509106 0.9986 -2.31458 0 0 0 1 
7680147070105;0.792054;1.07104;24;0.9705 0.0547065 0.234812 -2.75899 -0.0511948 0.998467 -0.02103 -4.65136 -0.235603 0.00838845 0.971813 -17.7267 0 0 0 1 
7680147070106;0.562855;0.551767;30;0.997282 0.0412276 -0.0610696 -2.62256 -0.0447812 0.997311 -0.0580123 -3.80643 0.0585136 0.0605894 0.996446 3.72485 0 0 0 1 
7680147070107;0.610731;0.732526;24;0.999841 -0.0121485 0.0130808 -0.255801 0.010213 0.990237 0.13902 1.45688 -0.014642 -0.138864 0.990203 3.10375 0 0 0 1 
7680147070108;1.42716;1.2761;24;0.998961 0.019062 -0.0413968 -1.37927 -0.0210016 0.998677 -0.0469377 -2.167 0.0404474 0.0477583 0.99804 0.620759 0 0 0 1 
7680147070109;0.474796;0.633834;24;0.897938 0.0629104 0.435603 -6.27298 -0.121691 0.986635 0.108359 -8.07643 -0.422965 -0.150309 0.893593 -27.5855 0 0 0 1 
7680147070110;0.941477;0.73289;43;0.999758 -0.0122717 0.0182705 -1.24514 0.0134588 0.997707 -0.0663325 -1.35551 -0.0174146 0.0665623 0.99763 -2.7382 0 0 0 1 
7680147070111;1.47967;1.397;24;0.999857 0.0153154 0.00717619 -0.446515 -0.0151757 0.999702 -0.0191336 -1.386 -0.00746709 0.019022 0.999791 0.516829 0 0 0 1 
7680147070112;1.75011;0.616449;48;0.995986 -0.00772735 -0.0891703 -3.40149 0.0384975 0.936387 0.348852 4.85039 0.0808023 -0.350884 0.932926 12.1914 0 0 0 1 
7680147070113;1.0332;0.893294;32;0.99706 0.0203036 0.0738909 -1.46638 -0.0159611 0.998137 -0.0588917 -1.92072 -0.0749489 0.0575392 0.995526 -6.12287 0 0 0 1 
7680147070114;0.426388;0.674765;36;0.982308 -0.0385182 0.183269 0.167215 -0.0358835 0.921773 0.386066 1.52651 -0.183803 -0.385812 0.904083 -3.99488 0 0 0 1 
7680147070115;1.70185;1.32752;26;0.994924 -0.0103606 -0.100098 -1.72159 -0.0268436 0.931322 -0.363206 -4.35236 0.0969868 0.36405 0.926316 -2.40594 0 0 0 1 
7680147070116;1.08478;0.449724;35;0.997055 0.0663529 0.0384564 -3.04543 -0.0488272 0.935899 -0.348868 -5.05871 -0.0591397 0.345963 0.936382 -14.0026 0 0 0 1 
7680147070117;0.562653;0.767245;24;0.996454 0.0370854 0.0755217 -0.958166 -0.0442166 0.994489 0.0950559 -2.75411 -0.0715804 -0.0980582 0.992603 -2.5359 0 0 0 1 
7680147070118;0.421204;0.726808;24;0.992642 -0.0324547 -0.116659 -1.21687 0.020901 0.994875 -0.0989313 0.447866 0.119272 0.095765 0.988232 6.46308 0 0 0 1 
7680147070119;1.56631;0.659918;24;0.997998 0.00971285 0.062497 -0.770306 -0.00595375 0.998177 -0.060056 -1.59711 -0.0629664 0.0595637 0.996237 -8.25076 0 0 0 1 
7680147070120;0.829004;0.841263;31;0.998775 0.0383372 -0.0312765 -2.87768 -0.0431703 0.984092 -0.172335 -5.0382 0.0241721 0.173474 0.984542 -1.27658 0 0 0 1 
7680147070121;0.0967963;0.639368;28;0.997244 0.0237769 0.0702718 -1.05185 -0.0264223 0.998967 0.0369576 -2.33414 -0.0693205 -0.0387125 0.996843 -3.70407 0 0 0 1 
7680147070122;0.194803;0.581419;24;0.999706 -0.00622511 -0.0234165 -0.713054 0.00539452 0.99936 -0.0353679 -0.559909 0.0236217 0.0352312 0.9991 1.21512 0 0 0 1 
7680147070124;1.64617;1.78989;43;0.994833 -0.0172516 0.100047 -1.28011 0.0314466 0.989353 -0.142095 3.55867 -0.0965308 0.144507 0.984784 -8.26585 0 0 0 1 
7680147070125;1.40625;1.6684;43;0.996407 -0.0755992 0.038176 -1.54284 0.0756446 0.997135 0.000254549 7.43068 -0.0380859 0.00263418 0.999271 -4.73295 0 0 0 1 
7680147070126;1.2267;1.75258;53;0.99811 -0.0531683 -0.0308061 -2.26836 0.0534969 0.998519 0.00994358 6.88143 0.0302317 -0.0115728 0.999476 1.82093 0 0 0 1 
7680147070127;1.9725;1.37215;33;0.985461 -0.101422 -0.136309 -1.61246 0.0829067 0.987336 -0.135253 7.35577 0.1483 0.121985 0.98139 7.82085 0 0 0 1 
7680147070128;1.62499;2.36039;49;0.965373 -0.0750995 -0.249828 -4.6799 0.0762768 0.997074 -0.0049802 7.33522 0.249472 -0.0142484 0.968277 13.3079 0 0 0 1 
7680147070129;0.486275;1.79164;38;0.998736 -0.0257793 -0.043146 -1.00045 0.0236513 0.998513 -0.0491251 3.70467 0.0443482 0.0480425 0.99786 2.97227 0 0 0 1 
7680147070130;1.63305;2.57504;48;0.996126 -0.0340311 0.0810915 -1.82673 0.025237 0.993928 0.107103 4.99338 -0.0842439 -0.104642 0.990935 -4.46576 0 0 0 1 
7680147070131;2.14793;1.48305;41;0.929837 0.0421118 0.365553 -4.52577 0.0467732 0.971845 -0.230931 4.84808 -0.364986 0.231827 0.901688 -25.3463 0 0 0 1 
7680147070132;1.4581;2.41808;47;0.995569 -0.0424759 -0.0838937 -2.46006 0.0417785 0.999076 -0.0100522 4.76568 0.0842432 0.00650272 0.996424 3.13911 0 0 0 1 
7680147070133;1.07349;2.69661;44;0.99939 -0.0128851 -0.0324581 -1.81667 0.0125535 0.999867 -0.0104011 2.65645 0.0325878 0.00998727 0.999419 1.95728 0 0 0 1 
7680147070134;1.69636;1.83494;33;0.993066 -0.0355748 -0.11205 -1.731 0.0209455 0.991407 -0.129127 2.98681 0.115681 0.125885 0.985277 9.60322 0 0 0 1 
7680147070135;0.51747;1.76065;39;0.937836 -0.123042 -0.324537 -6.25691 0.119738 0.992346 -0.0302117 9.58002 0.32577 -0.0105259 0.94539 19.6472 0 0 0 1 
7680147070136;0.646267;2.1169;42;0.916159 -0.098348 -0.388562 -8.41799 0.0478887 0.989344 -0.137498 4.92074 0.397944 0.107362 0.911106 26.0272 0 0 0 1 
7680147070137;2.04694;2.38452;37;0.992781 -0.0234415 -0.117628 -2.30231 0.0401932 0.989031 0.142132 5.05664 0.113006 -0.145834 0.982834 8.46603 0 0 0 1 
7680147070138;0.720049;1.6771;36;0.999223 -0.0282073 -0.0275294 -1.2273 0.0252452 0.994405 -0.102576 3.33334 0.0302688 0.101802 0.994344 1.29278 0 0 0 1 
7680147070139;1.74647;1.80197;43;0.998549 -0.0347316 0.0411464 -1.46556 0.0359324 0.998939 -0.0288122 4.46079 -0.0401021 0.0302489 0.998738 -5.28623 0 0 0 1 
7680147070140;0.663015;2.47443;45;0.999116 -0.0410261 0.00922257 -1.74542 0.04166 0.99555 -0.0845269 4.77779 -0.00571372 0.0848363 0.996379 -0.942815 0 0 0 1 
7680147070141;0.53013;1.91844;35;0.998399 -0.0545851 0.0148368 -0.791618 0.0547559 0.998435 -0.0113586 5.42147 -0.0141935 0.0121528 0.999825 -1.17085 0 0 0 1 
7680147070142;1.96977;2.23615;58;0.981708 -0.0572227 -0.181592 -5.3988 0.0162927 0.975517 -0.219321 4.2342 0.189696 0.212351 0.958604 13.7833 0 0 0 1 
7680147070143;0.856847;1.86565;44;0.982017 -0.0528463 0.181246 -2.85928 0.0214904 0.985074 0.170782 4.09513 -0.187566 -0.163816 0.968495 -13.2742 0 0 0 1 
7680147070144;1.63732;2.34753;34;0.996831 0.0209991 0.0767264 -0.982188 -0.0219864 0.999686 0.0120455 -0.156377 -0.0764494 -0.0136943 0.996979 -6.41049 0 0 0 1 
7680147070145;0.140484;1.63778;37;0.998146 -0.0599534 0.0104687 -1.14655 0.0600581 0.998145 -0.00999158 5.85229 -0.0098503 0.0106018 0.999895 -0.871677 0 0 0 1 
7680147070146;1.19743;1.52868;44;0.992378 -0.10898 -0.057535 -2.54546 0.109799 0.99389 0.0112569 9.80006 0.0559567 -0.0174884 0.99828 1.9132 0 0 0 1 
7680147070147;0.293378;1.89541;39;0.997481 -0.0101723 0.0701969 -1.08 0.0168572 0.995305 -0.0953065 3.0125 -0.0688979 0.0962497 0.99297 -4.505 0 0 0 1 
7680147070148;2.08491;1.65528;24;0.993145 -0.04866 -0.106279 -1.19553 0.0660597 0.98376 0.166891 6.3317 0.0964324 -0.172768 0.980231 7.52667 0 0 0 1 
7680147070149;2.16398;1.81545;43;0.986815 -0.0624703 -0.149307 -2.45794 0.0370766 0.985231 -0.167171 5.0799 0.157546 0.159431 0.974557 10.1004 0 0 0 1 
7680147070150;0.570326;2.50457;47;0.999631 0.021564 0.0165319 -1.82539 -0.012364 0.902768 -0.42995 -0.085963 -0.0241959 0.429587 0.902701 -0.343011 0 0 0 1 
7680147070151;0.700204;2.44848;56;0.993543 -0.0661684 -0.0921583 -3.00448 0.0673454 0.997682 0.00971751 7.74315 0.0913017 -0.0158612 0.995697 5.0673 0 0 0 1 
7680147070152;0.196422;1.86428;39;0.997619 -0.0676231 -0.0135661 -1.36818 0.0673697 0.997559 -0.0183407 6.52995 0.0147733 0.0173831 0.99974 0.748461 0 0 0 1 
7680147070153;0.328459;2.307;44;0.999324 -0.0263419 -0.0256551 -1.70619 0.0173308 0.952768 -0.303203 2.76692 0.0324303 0.302553 0.952581 2.83655 0 0 0 1 
7680147070155;0.140686;4.13214;77;0.999346 0.00445172 -0.0358824 6.11533 -0.0060952 0.998931 -0.0458232 0.885238 0.03564 0.046012 0.998305 3.90826 0 0 0 1 
7680147070156;0.73666;3.84529;77;0.998604 0.0264744 -0.0457005 6.30931 -0.0287232 0.998372 -0.0492736 -1.76534 0.0443216 0.0505175 0.997739 5.04241 0 0 0 1 
7680147070157;1.89722;4.29419;70;0.996375 -0.0397361 -0.0752223 4.00631 0.0421425 0.998641 0.0306769 7.05602 0.0739011 -0.0337357 0.996695 9.90668 0 0 0 1 
7680147070158;1.79956;3.98546;73;0.997365 -0.0270626 -0.0673156 5.39742 0.0126836 0.978577 -0.20549 3.55922 0.0714345 0.204094 0.976341 9.11198 0 0 0 1 
7680147070159;1.65931;3.91829;57;0.998833 -0.00448969 -0.0480887 3.67996 0.00249396 0.999136 -0.0414808 1.30555 0.0482334 0.0413124 0.997981 3.82623 0 0 0 1 
7680147070160;0.0621527;3.80534;72;0.997629 0.0456644 -0.0514809 5.4584 -0.0480209 0.997809 -0.045506 -3.70318 0.0492901 0.0478703 0.997637 5.59213 0 0 0 1 
7680147070161;0.430207;4.30607;80;0.996239 -0.0420944 -0.0757388 5.84738 0.0359687 0.996105 -0.0805008 5.85558 0.0788324 0.0774738 0.993873 8.86227 0 0 0 1 
7680147070162;0.473536;3.50714;64;0.969284 0.0559187 0.239501 2.76608 -0.0563137 0.9984 -0.00519927 -4.72818 -0.239409 -0.00844763 0.970882 -26.728 0 0 0 1 
7680147070163;0.736349;3.65506;63;0.991153 0.0419808 0.125912 4.2894 -0.0569077 0.991453 0.117401 -4.63612 -0.119907 -0.123528 0.98507 -13.152 0 0 0 1 
7680147070164;0.540732;4.19964;77;0.996163 -0.0514925 -0.0707642 5.24818 0.0387518 0.984528 -0.170887 5.69617 0.0784687 0.167489 0.982746 9.64909 0 0 0 1 
7680147070165;1.76832;3.52794;66;0.999522 0.0155141 -0.0267475 4.94761 -0.0167495 0.998773 -0.0466008 -0.511916 0.0259917 0.0470266 0.998555 5.71091 0 0 0 1 
7680147070166;0.877488;3.8659;72;0.993926 0.044897 -0.10048 5.27558 -0.0327815 0.992337 0.119135 -1.94572 0.105058 -0.115117 0.987781 9.595 0 0 0 1 
7680147070167;0.355143;4.28251;78;0.99463 -0.0737337 -0.0726248 5.26196 0.0705744 0.996484 -0.0451502 9.34367 0.0756985 0.0397823 0.996337 8.69566 0 0 0 1 
7680147070168;0.458362;3.95778;74;0.999836 -0.00282571 0.0178693 6.26332 0.00136937 0.996714 0.0809927 2.57386 -0.0180394 -0.080955 0.996554 -2.7175 0 0 0 1 
7680147070169;1.52541;4.18952;83;0.957634 -0.0521758 -0.283223 2.39304 0.06901 0.996373 0.0497831 9.26824 0.279598 -0.0672192 0.957761 29.0561 0 0 0 1 
7680147070170;1.71122;4.05262;63;0.995908 0.0677381 0.0598251 4.90277 -0.0625126 0.994394 -0.0852749 -5.28735 -0.0652661 0.0811862 0.99456 -6.08814 0 0 0 1 
7680147070171;1.73488;3.91579;85;0.992436 -0.0144342 -0.12191 6.99291 -0.0209546 0.958571 -0.284081 -0.725835 0.12096 0.284486 0.951018 13.1636 0 0 0 1 
7680147070172;1.09968;3.70996;73;0.999717 0.0090762 -0.0219773 6.3662 -0.00995803 0.999136 -0.0403533 -0.078501 0.0215921 0.0405607 0.998944 2.65046 0 0 0 1 
7680147070173;0.591876;3.74721;68;0.959904 0.00803326 -0.280213 0.0731281 0.00452246 0.999015 0.0441324 2.29475 0.280292 -0.0436301 0.958923 30.7358 0 0 0 1 
7680147070174;1.36958;4.2947;72;0.999463 -0.0177325 0.0275657 5.27408 0.0221197 0.985534 -0.168029 3.40879 -0.0241874 0.168549 0.985397 -3.63617 0 0 0 1 
7680147070175;0.533565;4.02395;77;0.998654 0.0158186 -0.0493933 5.91949 -0.0181116 0.998762 -0.0463266 0.0274669 0.0485993 0.0471588 0.997704 5.98324 0 0 0 1 
7680147070176;0.79171;3.43393;62;0.992211 0.0518588 0.113264 5.14449 -0.0378969 0.991792 -0.122117 -3.61181 -0.118667 0.116874 0.986032 -11.7482 0 0 0 1 
7680147070177;1.74498;3.8077;64;0.960471 0.0745808 0.268202 1.9287 -0.0445073 0.992191 -0.116518 -4.59093 -0.274798 0.099975 0.95629 -29.8981 0 0 0 1 
7680147070178;1.38005;4.1948;68;0.995211 -0.0497847 0.0841206 4.71133 0.0603718 0.989882 -0.128407 7.42555 -0.0768768 0.132871 0.988147 -9.39732 0 0 0 1 
7680147070179;1.66284;3.66161;69;0.998252 0.0421324 0.0414419 6.60916 -0.0428596 0.99894 0.0168184 -4.11826 -0.0406893 -0.0185651 0.998999 -3.29617 0 0 0 1 
7680147070180;1.25183;3.6663;59;0.968501 0.0681897 -0.239489 0.938771 -0.03618 0.990103 0.135599 -2.27918 0.246366 -0.122663 0.961383 24.5539 0 0 0 1 
7680147070181;1.00094;3.33726;56;0.997042 0.0555794 0.0530897 5.00972 -0.0643402 0.981392 0.180913 -5.61432 -0.0420467 -0.183794 0.982065 -6.55986 0 0 0 1 
7680147070182;1.8528;3.57127;54;0.980334 0.0416323 0.192906 3.90319 -0.0622607 0.99282 0.102137 -5.31846 -0.187269 -0.112139 0.975887 -23.7456 0 0 0 1 
7680147070183;0.963883;3.31873;66;0.989002 0.0531162 0.138038 5.51688 -0.074722 0.984865 0.156391 -6.65654 -0.127642 -0.164985 0.978002 -15.5756 0 0 0 1 
7680147070184;0.147928;4.09408;77;0.996465 0.0571358 -0.0615875 5.84865 -0.0585158 0.998069 -0.0208399 -4.54358 0.0602778 0.02437 0.997884 6.79245 0 0 0 1 
7680147070186;1.27351;5.55751;78;0.992823 0.117257 0.0235408 3.88365 -0.115199 0.990495 -0.0751626 -6.23755 -0.0321303 0.0719113 0.996893 -3.07785 0 0 0 1 
7680147070187;0.700101;5.35804;84;0.942401 0.122777 0.311138 -0.336301 -0.176784 0.972488 0.151708 -12.1736 -0.283952 -0.197974 0.938178 -30.8916 0 0 0 1 
7680147070188;1.39118;5.42899;76;0.997236 0.047908 0.0567976 5.27949 -0.0498247 0.998218 0.0328239 0.228748 -0.0551239 -0.0355631 0.997846 -8.19153 0 0 0 1 
7680147070189;1.30828;5.91685;91;0.96494 0.0105146 -0.26226 2.16608 0.0850447 0.932767 0.350303 18.8901 0.248311 -0.360326 0.89917 28.6107 0 0 0 1 
7680147070190;1.12112;5.40644;75;0.990383 0.0637434 0.122795 4.24508 -0.101589 0.937559 0.332659 -2.94271 -0.0939227 -0.341934 0.935018 -9.58788 0 0 0 1 
7680147070191;1.94775;5.74018;93;0.998378 0.0131565 -0.0554002 7.79887 -0.0016063 0.979061 0.203561 7.97611 0.0569183 -0.203141 0.977494 6.74868 0 0 0 1 
7680147070192;1.68036;5.75408;85;0.986541 0.0233271 0.161843 4.83532 -0.0189401 0.999412 -0.028597 5.31423 -0.162415 0.0251468 0.986402 -18.28 0 0 0 1 
7680147070193;1.11849;5.66751;87;0.998296 0.0369772 0.0451427 6.09278 -0.023423 0.962465 -0.270392 3.42336 -0.0534466 0.268873 0.961691 -7.61107 0 0 0 1 
7680147070194;0.766853;5.344;72;0.999531 0.0201096 0.0231117 4.66669 -0.0205629 0.999598 0.0195429 3.31945 -0.0227094 -0.020009 0.999542 -3.24358 0 0 0 1 
7680147070195;0.416426;5.43971;80;0.995098 0.0731369 0.0665711 4.98074 -0.0677862 0.994538 -0.0793657 -1.43027 -0.0720121 0.074464 0.99462 -9.34844 0 0 0 1 
7680147070196;0.748225;5.61875;76;0.99864 0.0402746 0.0331012 4.54449 -0.0428325 0.995826 0.0805947 1.69334 -0.0297171 -0.0819029 0.996197 -2.90593 0 0 0 1 
7680147070197;0.500793;5.46084;81;0.993507 0.113493 0.00791745 4.02468 -0.109026 0.969659 -0.218802 -6.29423 -0.0325098 0.216518 0.975737 -5.81419 0 0 0 1 
7680147070198;0.104802;5.58265;80;0.99871 0.0475796 0.0177153 5.42799 -0.0490911 0.993984 0.0979057 1.40731 -0.0129504 -0.0986491 0.995038 -1.11285 0 0 0 1 
7680147070199;1.797;5.4948;76;0.978521 0.0998781 0.180333 3.26085 -0.0919291 0.99441 -0.0519329 -4.88431 -0.184512 0.0342395 0.982234 -23.5571 0 0 0 1 
7680147070200;0.574851;5.69699;84;0.994254 0.10513 -0.0201894 4.09779 -0.103504 0.992204 0.0694087 -4.22428 0.0273289 -0.0669202 0.997384 2.39426 0 0 0 1 
7680147070201;1.66238;6.07435;81;0.973238 -0.0175271 -0.229131 1.84593 0.0179083 0.99984 -0.000416015 7.01176 0.229101 -0.00369845 0.973396 24.1914 0 0 0 1 
7680147070202;0.856075;6.03619;87;0.999182 0.0180494 0.0361747 5.94796 -0.0240666 0.984539 0.173506 4.00353 -0.0324837 -0.174235 0.984168 -2.29529 0 0 0 1 
7680147070203;0.151635;5.65108;84;0.999316 0.0287619 0.0232626 5.74893 -0.0291143 0.999464 0.0149563 3.51227 -0.0228199 -0.0156234 0.999618 -2.8491 0 0 0 1 
7680147070204;1.87474;5.7124;70;0.998885 0.0423952 0.0207467 3.72701 -0.042254 0.999081 -0.00719977 0.994025 -0.0210329 0.00631511 0.999759 -1.20211 0 0 0 1 
7680147070205;1.34644;5.72276;92;0.999206 0.0294957 0.0267967 7.2324 -0.0320706 0.994331 0.101379 4.88206 -0.0236545 -0.102158 0.994487 -2.63555 0 0 0 1 
7680147070206;0.882492;5.66365;85;0.909445 -0.0545415 -0.412232 -5.13114 0.013408 0.994691 -0.102025 8.18349 0.415608 0.0872591 0.905348 44.3215 0 0 0 1 
7680147070207;1.16879;5.72907;75;0.990387 0.115406 0.0762608 3.47259 -0.120756 0.990232 0.0697104 -7.1654 -0.0674708 -0.0782492 0.994648 -6.15404 0 0 0 1 
7680147070208;1.24601;5.66554;77;0.989328 0.137138 0.0492218 3.34346 -0.142123 0.982718 0.118599 -9.38696 -0.0321067 -0.124329 0.991721 -3.05534 0 0 0 1 
7680147070209;1.20929;5.84647;93;0.99753 0.0498203 -0.0495127 5.91539 -0.0258262 0.915688 0.401058 6.89425 0.065319 -0.398789 0.914713 8.34646 0 0 0 1 
7680147070210;1.69015;5.61431;86;0.998671 0.043443 0.0277411 6.36818 -0.0440668 0.99878 0.0222838 3.60468 -0.0267392 -0.0234767 0.999367 -1.7871 0 0 0 1 
7680147070211;0.940014;5.86014;80;0.989681 -0.00241992 -0.143266 4.04563 0.0307642 0.980128 0.195964 10.7832 0.139944 -0.19835 0.970089 17.6157 0 0 0 1 
7680147070212;1.74535;5.79635;89;0.999394 0.0296928 0.0181539 5.95961 -0.0297609 0.999551 0.00349129 4.88516 -0.0180421 -0.00402945 0.999829 -3.61423 0 0 0 1 
7680147070213;0.400202;5.49565;79;0.998201 0.0417976 0.0429951 5.21487 -0.043579 0.998193 0.0413657 2.21366 -0.0411884 -0.0431649 0.998219 -4.92569 0 0 0 1 
7680147070214;0.315659;5.99396;88;0.998526 -0.0147603 -0.0522219 5.93782 0.0191601 0.996215 0.0847819 9.18808 0.0507728 -0.0856575 0.99503 5.76111 0 0 0 1 
7680147070215;0.611277;5.6819;80;0.996213 0.0478001 0.0726315 5.11657 -0.0501475 0.998265 0.0308454 0.85187 -0.0710311 -0.0343709 0.996882 -8.84818 0 0 0 1 
7680147070217;0.89674;3.57624;70;0.998277 0.00110099 0.0586744 -4.33959 -0.00229993 0.99979 0.0203703 -1.08915 -0.0586396 -0.0204701 0.998069 -2.05292 0 0 0 1 
7680147070218;1.73564;4.01633;76;0.999954 -0.00121396 0.0095525 -5.5036 0.00115942 0.999983 0.00571313 -0.626364 -0.00955928 -0.00570179 0.999938 1.67414 0 0 0 1 
7680147070219;1.39452;3.79992;70;0.960682 -0.0342898 -0.275526 -5.6433 0.00949 0.99582 -0.090843 -1.31437 0.27749 0.0846565 0.956992 6.31501 0 0 0 1 
7680147070220;0.267296;3.91493;73;0.999808 -0.0137721 -0.0139163 -4.99545 0.00701626 0.915598 -0.402034 -1.7467 0.0182786 0.401859 0.915519 4.02734 0 0 0 1 
7680147070221;1.27015;4.2795;63;0.99982 -3.46802e-05 0.0189623 -3.75579 -0.00431906 0.973297 0.22951 -0.805009 -0.018464 -0.22955 0.973122 -2.75321 0 0 0 1 
7680147070222;1.97297;3.9085;84;0.996146 0.0145505 0.086496 -6.65402 -0.0177014 0.999203 0.0357738 -2.08522 -0.0859065 -0.037167 0.99561 -0.960534 0 0 0 1 
7680147070223;1.53331;4.28667;81;0.99796 -0.013429 -0.0624109 -6.01289 0.0139478 0.999872 0.00788407 -1.66616 0.0622971 -0.00873848 0.998019 -0.0725198 0 0 0 1 
7680147070224;2.30376;3.67731;72;0.912739 -0.109528 -0.393587 -6.73549 0.0657104 0.990207 -0.123173 -0.543407 0.403224 0.0865624 0.910998 4.04327 0 0 0 1 
7680147070225;1.4585;3.9801;69;0.99872 -0.0202458 -0.0463487 -4.62656 0.0179811 0.998648 -0.0487695 -0.130078 0.0472734 0.0478736 0.997734 2.25019 0 0 0 1 
7680147070226;1.86707;3.92516;72;0.998306 -0.028673 -0.0506207 -5.41611 0.028166 0.999546 -0.0106995 0.119312 0.0509045 0.00925563 0.998661 2.87076 0 0 0 1 
7680147070227;0.781577;3.75865;67;0.999801 -0.00103976 -0.0199292 -4.26444 0.00116418 0.99998 0.00623217 -1.10899 0.0199223 -0.00625413 0.999782 -0.601651 0 0 0 1 
7680147070228;0.400914;3.72015;68;0.998444 0.00675504 0.0553505 -4.23848 -0.0085685 0.999432 0.0325918 -1.17602 -0.0550989 -0.0330153 0.997935 -1.05751 0 0 0 1 
7680147070229;0.955663;3.85433;76;0.999715 -0.00973576 -0.0217856 -5.40652 0.00894901 0.999314 -0.0359241 -0.68435 0.0221204 0.0357189 0.999117 0.943414 0 0 0 1 
7680147070230;0.317185;3.65528;67;0.980592 -0.033012 -0.193263 -5.25482 0.0255452 0.998832 -0.0410014 -0.762423 0.194391 0.0352687 0.98029 3.46499 0 0 0 1 
7680147070231;1.12926;3.91413;67;0.999881 -0.0132028 0.00803805 -4.45412 0.0130887 0.999815 0.014077 -0.51633 -0.00822242 -0.0139702 0.999869 -1.04657 0 0 0 1 
7680147070232;1.51388;4.004;77;0.999878 0.0143687 0.00615739 -5.42747 -0.0145164 0.999591 0.0246583 -2.28878 -0.00580056 -0.0247447 0.999677 -1.31107 0 0 0 1 
7680147070233;1.97376;4.36762;83;0.991157 -0.0174831 -0.131536 -6.7596 0.0598153 0.943721 0.32529 -0.296665 0.118446 -0.330281 0.936421 -2.47609 0 0 0 1 
7680147070234;1.9935;3.78133;66;0.999741 -0.00355426 -0.0224939 -4.36539 0.00151388 0.995933 -0.0900831 -1.34406 0.0227226 0.0900256 0.99568 -1.20763 0 0 0 1 
7680147070235;1.53051;4.17647;75;0.986945 -0.00713012 -0.160899 -5.01455 0.00657872 0.999971 -0.00395947 -1.31896 0.160922 0.00284927 0.986963 1.09979 0 0 0 1 
7680147070236;0.104269;4.00886;73;0.999919 0.00165151 0.0126062 -4.81972 -0.00176281 0.99996 0.00882366 -1.28998 -0.0125911 -0.00884517 0.999882 -0.109051 0 0 0 1 
7680147070237;2.06657;3.94364;83;0.997642 -0.0103815 -0.0678445 -7.03496 -0.0011671 0.985785 -0.168006 -1.39971 0.0686243 0.167689 0.983449 4.08972 0 0 0 1 
7680147070238;1.4657;4.07968;63;0.915596 0.0314172 0.40087 -4.15602 -0.134293 0.963591 0.231209 -3.27611 -0.379011 -0.265528 0.886479 -8.68966 0 0 0 1 
7680147070239;0.672786;3.98089;73;0.99264 0.0179406 0.119766 -4.5777 -0.0267432 0.997024 0.0723003 -1.32806 -0.118113 -0.0749711 0.990166 -1.81431 0 0 0 1 
7680147070240;1.69401;4.09815;71;0.998812 -0.000900443 0.0487146 -4.75522 -0.00319058 0.996474 0.0838363 -0.642702 -0.0486183 -0.0838922 0.995288 0.487608 0 0 0 1 
7680147070241;1.89764;3.78838;66;0.996228 -0.0094643 -0.0862578 -4.3114 0.0281207 0.975603 0.217733 -1.20543 0.0820927 -0.219337 0.972189 -3.0026 0 0 0 1 
7680147070242;1.04234;4.1752;80;0.998029 -0.0133216 -0.0613307 -6.09734 0.0141245 0.99982 0.0126772 -0.789224 0.0611508 -0.0135185 0.998037 1.56783 0 0 0 1 
7680147070243;1.63774;3.86731;80;0.970023 0.0243984 0.241786 -5.91399 -0.0347784 0.998643 0.0387557 -2.44358 -0.240512 -0.0460028 0.969555 -3.92549 0 0 0 1 
7680147070244;2.23994;4.12049;66;0.996477 0.0174944 -0.0820253 -4.13975 0.000921613 0.97566 0.219285 -1.1462 0.0838651 -0.218588 0.972207 1.36369 0 0 0 1 
7680147070245;0.410551;3.67928;70;0.999756 -0.00943384 -0.0199755 -4.55386 0.00962009 0.999911 0.00924881 -0.85039 0.0198864 -0.00943872 0.999758 -0.230954 0 0 0 1 
7680147070246;0.921508;3.73644;70;0.994672 -0.0250567 -0.0999984 -4.77117 0.020583 0.998751 -0.0455217 -0.762736 0.101014 0.0432209 0.993946 0.85928 0 0 0 1 
7680147070248;1.50847;2.39203;66;0.976299 0.0756641 -0.202768 1.78468 -0.0106296 0.952529 0.304262 2.81013 0.216164 -0.294895 0.930758 22.2883 0 0 0 1 
7680147070249;1.33018;2.51163;68;0.983312 0.173451 0.0548821 2.90225 -0.173577 0.984817 -0.00250766 -12.0156 -0.0544838 -0.00706045 0.99849 -3.91219 0 0 0 1 
7680147070250;0.124558;2.21377;59;0.993444 0.112711 0.0191072 2.22201 -0.112565 0.993607 -0.00858252 -7.59811 -0.0199524 0.00637547 0.999781 -2.53083 0 0 0 1 
7680147070251;0.53556;2.64181;58;0.975119 0.141745 0.170443 1.2594 -0.158253 0.983518 0.0874577 -11.3079 -0.155237 -0.112255 0.981479 -13.1586 0 0 0 1 
7680147070252;1.1295;2.38326;60;0.970017 0.21803 0.107378 -0.287365 -0.208786 0.973717 -0.0910156 -15.8054 -0.1244 0.0658677 0.990044 -10.1426 0 0 0 1 
7680147070253;0.578449;2.06877;58;0.998928 0.0162587 -0.0433372 3.49989 -0.0165262 0.999846 -0.00582155 0.970373 0.0432359 0.00653151 0.999044 3.93277 0 0 0 1 
7680147070254;1.15198;2.21075;65;0.993443 0.114176 0.00594618 3.25018 -0.114144 0.99345 -0.00535248 -6.80986 -0.00651836 0.00463866 0.999968 -2.72837 0 0 0 1 
7680147070255;0.370863;2.35724;65;0.981464 0.159531 0.106204 1.00009 -0.1909 0.862734 0.468239 -11.6325 -0.0169276 -0.479834 0.877196 1.84362 0 0 0 1 
7680147070256;1.32328;2.03223;53;0.961611 0.166673 0.218002 -1.56667 -0.116254 0.967037 -0.226549 -8.24031 -0.248576 0.192508 0.94929 -26.8411 0 0 0 1 
7680147070257;0.807316;2.34068;70;0.967931 0.0469632 -0.246787 0.551789 -0.0953499 0.977539 -0.18795 -6.54134 0.232418 0.205454 0.950669 19.1528 0 0 0 1 
7680147070258;0.260139;2.03556;60;0.945257 0.211141 0.248814 -2.58005 -0.171396 0.970064 -0.172047 -13.3666 -0.277692 0.119983 0.953148 -26.7581 0 0 0 1 
7680147070259;0.965988;2.11724;60;0.986289 0.0724078 0.148292 2.24428 -0.0805162 0.995527 0.0494183 -4.74445 -0.144051 -0.0606807 0.987708 -12.9523 0 0 0 1 
7680147070260;0.831214;2.29879;72;0.987505 0.157509 -0.00507051 2.00841 -0.154904 0.976083 0.152537 -9.43917 0.0289751 -0.149845 0.988285 2.98289 0 0 0 1 
7680147070261;1.06706;1.98051;57;0.982899 0.113166 0.145265 1.24258 -0.0726235 0.963159 -0.258942 -4.38763 -0.169217 0.243965 0.954907 -19.6561 0 0 0 1 
