#;prob_registration_l1 -r /home/probabilistic_point_clouds_registration/build/tester /home/point_clouds_registration_benchmark//devel/registration_pairs/gazebo_summer_local.txt /home/point_clouds_registration_benchmark//eth/gazebo_summer -s 0.2 -t 0.2 -p 0.3 -r 1000 -m 10 -n 20 -i 200 
id;initial_error;final_error;transformation
36535719080000;0.0805842;0.102294;25;0.998833 -0.0139846 0.0462316 -0.157394 0.00933012 0.995004 0.0994014 -0.103943 -0.0473907 -0.098854 0.993973 0.0230567 0 0 0 1 
36535719080001;0.11249;0.102889;25;0.986104 0.00899327 0.165887 -0.347108 0.00228722 0.997704 -0.0676851 0.0404111 -0.166114 0.067124 0.983819 0.206784 0 0 0 1 
36535719080002;0.259114;0.0973451;29;0.990112 0.0265084 0.137754 0.0779886 -0.0517671 0.981719 0.183163 -0.45277 -0.13038 -0.188483 0.973383 0.0940194 0 0 0 1 
36535719080003;0.441289;0.693994;36;0.953285 -0.250075 0.169443 -1.29781 0.259487 0.965093 -0.0355231 -0.662584 -0.154645 0.0778319 0.9849 -0.0806669 0 0 0 1 
36535719080004;0.424931;0.789271;28;0.937531 -0.129917 0.322735 -1.96593 0.152439 0.987269 -0.0454042 -0.522047 -0.312727 0.0917651 0.9454 -0.0509704 0 0 0 1 
36535719080005;0.508351;0.104602;29;0.984001 -0.120908 0.130853 0.394567 0.161516 0.915381 -0.368769 0.830203 -0.0751933 0.384004 0.920265 -0.38646 0 0 0 1 
36535719080006;0.482532;0.494766;27;0.991424 -0.0493975 -0.12099 -1.08035 0.0291862 0.98612 -0.16345 0.370104 0.127385 0.158517 0.979104 -1.40381 0 0 0 1 
36535719080007;0.407429;0.109301;38;0.946803 -0.321463 0.0150082 0.0840158 0.315617 0.918458 -0.238371 -0.721265 0.0628431 0.230428 0.971058 -1.16315 0 0 0 1 
36535719080008;0.494873;0.518575;31;0.975252 -0.0321862 0.218741 -1.40123 0.101881 0.94347 -0.31541 0.404192 -0.196224 0.32989 0.923401 -0.568435 0 0 0 1 
36535719080009;0.260051;0.0942786;28;0.987067 -0.0913617 0.131727 -0.27378 0.0856386 0.995146 0.0484882 -0.772915 -0.135518 -0.0365802 0.990099 -0.290358 0 0 0 1 
36535719080010;0.367096;0.107999;28;0.976632 -0.173347 0.127048 0.502112 0.178274 0.983571 -0.0284053 -0.129532 -0.120036 0.0503909 0.99149 0.730162 0 0 0 1 
36535719080011;0.379627;0.110439;32;0.964204 -0.223971 0.141939 0.00981474 0.214403 0.973492 0.0796523 0.431337 -0.156017 -0.0463689 0.986665 -0.227037 0 0 0 1 
36535719080012;0.1676;0.102539;25;0.998893 0.0299216 0.0363026 -0.398079 -0.0303988 0.999458 0.012663 0.243854 -0.0359041 -0.0137526 0.999261 -0.525251 0 0 0 1 
36535719080013;0.445602;0.107094;43;0.942057 -0.279054 0.186163 1.09361 0.268242 0.959901 0.081464 -0.851708 -0.20143 -0.0268073 0.979136 0.424155 0 0 0 1 
36535719080014;0.45281;0.527181;28;0.997414 0.0470768 0.0543081 -1.45618 -0.0470873 0.99889 -0.00108627 0.157636 -0.054299 -0.00147376 0.998524 0.0793729 0 0 0 1 
36535719080015;0.366192;0.512454;28;0.993505 -0.0584116 0.0976521 -1.32993 0.0537067 0.997297 0.0501355 -0.0551389 -0.100317 -0.0445653 0.993957 0.280571 0 0 0 1 
36535719080016;0.0775968;0.0976755;24;0.991481 -0.00361606 0.130202 -0.318671 -0.00241518 0.998932 0.0461346 0.0589598 -0.130229 -0.046056 0.990414 0.158505 0 0 0 1 
36535719080017;0.294515;0.0994467;30;0.952529 0.0802936 0.293668 -0.359666 0.00477356 0.960537 -0.27811 0.231869 -0.304409 0.26631 0.914557 0.204258 0 0 0 1 
36535719080018;0.425335;0.500146;26;0.997629 -0.0404176 0.0556955 -0.939371 0.0440098 0.996924 -0.0648562 -0.478082 -0.0529029 0.0671536 0.996339 -0.488539 0 0 0 1 
36535719080019;0.389784;0.519106;26;0.998812 -0.0361528 -0.0326778 -0.928179 0.0339422 0.997253 -0.065842 -0.17021 0.0349684 0.0646546 0.997295 -0.489593 0 0 0 1 
36535719080020;0.317608;0.102799;31;0.981053 0.18728 -0.0496168 -0.350308 -0.183913 0.98076 0.0654617 0.97115 0.0609218 -0.0550962 0.996621 -0.0285172 0 0 0 1 
36535719080021;0.423824;0.101566;38;0.906851 -0.304621 0.29125 0.478349 0.382699 0.884656 -0.266319 -0.37943 -0.17653 0.352973 0.918829 0.0983506 0 0 0 1 
36535719080022;0.154215;0.102431;25;0.999388 0.0102709 0.0334242 -0.570715 -0.0107939 0.999822 0.0155043 -0.0559765 -0.033259 -0.0158556 0.999321 -0.353621 0 0 0 1 
36535719080023;0.35143;0.0919375;28;0.9771 0.00641415 -0.212683 -0.141698 0.0167802 0.99411 0.107072 0.252914 0.212117 -0.108188 0.971237 0.296632 0 0 0 1 
36535719080024;0.34005;0.0975192;31;0.962975 -0.237589 -0.127399 0.231208 0.179447 0.917564 -0.354789 -0.26429 0.20119 0.318791 0.926226 -1.08292 0 0 0 1 
36535719080025;0.273677;0.096745;29;0.994549 0.072395 -0.0750383 -0.261942 -0.0573994 0.980943 0.185623 0.529213 0.0870465 -0.180304 0.979752 0.00664909 0 0 0 1 
36535719080026;0.254446;0.101322;25;0.998132 -0.0323821 0.0518015 0.307462 0.0320853 0.999464 0.00654948 0.517514 -0.0519858 -0.00487518 0.998636 -0.0438007 0 0 0 1 
36535719080027;0.274443;0.100871;36;0.964469 0.234262 0.122152 -0.696757 -0.235476 0.971869 -0.0046088 0.429848 -0.119795 -0.0243187 0.992501 0.0528049 0 0 0 1 
36535719080028;0.110223;0.101441;26;0.990624 -0.0240266 0.134489 -0.370098 0.0323909 0.997651 -0.0603547 -0.208941 -0.132723 0.064145 0.989075 0.0263396 0 0 0 1 
36535719080029;0.464721;0.706014;26;0.958611 -0.175243 0.224397 -1.58544 0.175491 0.984298 0.0190026 -0.46753 -0.224203 0.0211635 0.974313 -0.317393 0 0 0 1 
36535719080031;0.562593;1.3819;31;0.986299 0.074619 0.147127 -2.25692 -0.0678018 0.996403 -0.0508246 0.81569 -0.150391 0.0401528 0.987811 -0.130848 0 0 0 1 
36535719080032;0.49885;0.911652;27;0.999646 -0.0265507 -0.00182705 -1.32893 0.0265914 0.993667 0.109177 0.459569 -0.00108325 -0.109187 0.994021 -0.431832 0 0 0 1 
36535719080033;0.471869;1.36487;42;0.97282 0.219069 0.075031 -2.44031 -0.231439 0.909326 0.345777 0.816496 0.00752114 -0.353744 0.935312 0.449006 0 0 0 1 
36535719080034;0.28376;0.583651;31;0.95491 0.154448 -0.253561 -0.74946 -0.115739 0.980122 0.161136 0.537745 0.273408 -0.124523 0.953804 -1.2103 0 0 0 1 
36535719080035;0.587922;1.563;36;0.98189 -0.142487 0.124861 -2.76154 0.150565 0.986909 -0.0577949 -0.346031 -0.114991 0.0755479 0.99049 -0.667665 0 0 0 1 
36535719080036;0.406933;0.85912;27;0.995892 0.0706524 0.0566417 -1.76824 -0.0698628 0.997431 -0.0158045 0.472188 -0.0576129 0.0117824 0.998269 0.430306 0 0 0 1 
36535719080037;0.0919718;0.592352;25;0.98958 0.0856519 0.11574 -1.08436 -0.0860268 0.996291 -0.00176142 0.138681 -0.115462 -0.0082137 0.993278 0.0901747 0 0 0 1 
36535719080038;0.581548;1.46008;37;0.989676 0.0322563 0.139647 -3.38314 -0.0394246 0.998027 0.0488732 0.15824 -0.137795 -0.0538742 0.988994 0.653436 0 0 0 1 
36535719080039;0.434512;0.512986;28;0.989246 0.121459 0.0814863 -1.3646 -0.117716 0.991824 -0.0492841 0.962377 -0.086806 0.0391618 0.995455 -0.556506 0 0 0 1 
36535719080040;0.566995;1.37448;30;0.94187 0.0381149 0.333808 -1.80773 -0.081889 0.989624 0.11806 0.464196 -0.325845 -0.138532 0.935219 0.486663 0 0 0 1 
36535719080041;0.142283;0.656186;28;0.981187 0.173286 0.0851158 -1.06762 -0.173399 0.984833 -0.00611724 0.722486 -0.0848848 -0.00875683 0.996352 -0.150585 0 0 0 1 
36535719080042;0.307724;0.715081;28;0.999296 -0.0118541 -0.0355858 -1.26811 0.00297458 0.970804 -0.239856 -0.0101745 0.0373902 0.239582 0.970156 -0.236473 0 0 0 1 
36535719080043;0.210302;1.22412;31;0.972646 0.074821 0.219911 -2.23872 -0.110768 0.981532 0.155969 0.350612 -0.20418 -0.176062 0.962971 0.418958 0 0 0 1 
36535719080044;0.594242;1.54102;33;0.998795 0.00736713 0.0485306 -2.60976 -0.0143408 0.989334 0.144958 -0.458219 -0.0469451 -0.14548 0.988247 0.359932 0 0 0 1 
36535719080045;0.55307;0.568954;32;0.968383 0.239669 0.0692332 -1.64189 -0.227068 0.961743 -0.15327 1.60145 -0.103319 0.132703 0.985756 0.433571 0 0 0 1 
36535719080046;0.383937;0.594238;28;0.976006 0.206101 0.0702428 -1.06145 -0.203235 0.978057 -0.0458344 1.28526 -0.078148 0.0304589 0.996476 -0.509587 0 0 0 1 
36535719080047;0.507113;0.574234;25;0.998662 0.0259826 0.04472 -0.697029 -0.0259475 0.999662 -0.0013644 -0.111186 -0.0447403 0.000202199 0.998999 0.675215 0 0 0 1 
36535719080048;0.299943;1.27833;33;0.967669 0.0396284 0.249089 -2.29326 0.0421436 0.948292 -0.314588 0.0286016 -0.248676 0.314915 0.915963 0.373385 0 0 0 1 
36535719080049;0.398366;1.54377;34;0.981438 -0.0446164 0.186515 -2.69211 -0.0100286 0.959291 0.282242 -0.0635263 -0.191515 -0.278874 0.941037 0.49652 0 0 0 1 
36535719080050;0.499825;1.3433;37;0.916022 0.276104 -0.290981 -2.30199 -0.25736 0.960955 0.101644 1.3193 0.307684 -0.0182212 0.951314 -1.96215 0 0 0 1 
36535719080051;0.440086;1.60612;33;0.975419 -0.142844 0.16779 -2.73092 0.161939 0.98107 -0.106194 -0.103125 -0.149445 0.130756 0.980086 -0.14759 0 0 0 1 
36535719080052;0.307637;1.37615;32;0.984758 0.086356 0.150976 -2.62275 -0.123012 0.959466 0.253562 0.383738 -0.12296 -0.268269 0.955465 0.261893 0 0 0 1 
36535719080053;0.461332;1.50964;32;0.948692 -0.0743165 0.307343 -2.36078 0.0658746 0.997113 0.0377663 -0.0122291 -0.309262 -0.0155826 0.950849 1.16643 0 0 0 1 
36535719080054;0.521749;0.802053;30;0.94843 0.0284924 0.315703 -0.997122 -0.0641015 0.992615 0.102989 1.62478 -0.310437 -0.117915 0.943252 0.812375 0 0 0 1 
36535719080055;0.319357;1.59876;36;0.948617 -0.00732419 0.316343 -2.68609 0.0504793 0.990432 -0.128441 0.325982 -0.312376 0.13781 0.93991 0.480615 0 0 0 1 
36535719080056;0.611624;1.63481;37;0.965841 -0.0993005 0.239356 -2.97343 0.129866 0.984784 -0.115477 0.151727 -0.224247 0.142617 0.96404 -0.441748 0 0 0 1 
36535719080057;0.403587;0.491239;25;0.989535 0.133607 -0.0544853 -0.805127 -0.139179 0.983432 -0.11615 0.127232 0.038064 0.122518 0.991736 -0.567868 0 0 0 1 
36535719080058;0.354702;1.34724;31;0.955982 0.0432714 0.290216 -2.16823 0.00238604 0.987887 -0.155154 0.0610556 -0.293414 0.149017 0.9443 0.00943433 0 0 0 1 
36535719080059;0.377989;0.658255;30;0.964812 0.236826 0.114246 -1.26271 -0.212553 0.958232 -0.191345 1.29278 -0.154789 0.160329 0.974851 -0.328878 0 0 0 1 
36535719080060;0.383603;0.574903;28;0.972273 0.214304 0.0935875 -0.852846 -0.222681 0.970661 0.0907235 1.35854 -0.0713993 -0.109048 0.991469 -0.275902 0 0 0 1 
36535719080062;0.362158;0.389302;26;0.988616 0.148986 0.021037 -0.670772 -0.150148 0.985902 0.0738427 -0.732817 -0.00973896 -0.0761607 0.997048 -1.2338 0 0 0 1 
36535719080063;0.299523;0.433732;27;0.983316 -0.160594 0.0854392 -0.370759 0.138646 0.965709 0.219507 -1.61747 -0.117761 -0.203999 0.971863 -0.681512 0 0 0 1 
36535719080064;0.461382;0.40009;27;0.995175 -0.077287 -0.0604412 0.0748783 0.060165 0.967324 -0.246303 -0.636992 0.0775023 0.241478 0.967306 -1.67754 0 0 0 1 
36535719080065;0.4807;0.996741;31;0.963899 0.128246 0.233348 -0.677734 -0.145025 0.987833 0.0561551 -3.00244 -0.223307 -0.0879692 0.97077 0.980033 0 0 0 1 
36535719080066;0.231893;0.391241;28;0.987516 -0.107624 0.115018 0.0781872 0.0851182 0.978997 0.185258 -1.80925 -0.13254 -0.173155 0.975936 0.380241 0 0 0 1 
36535719080067;0.276753;0.458106;29;0.988144 0.123379 0.0913726 -0.540384 -0.153485 0.779539 0.607257 -1.29691 0.00369413 -0.614082 0.789234 0.409935 0 0 0 1 
36535719080068;0.41506;0.793392;30;0.984683 -0.136655 0.108285 -0.339848 0.115328 0.976267 0.18331 -2.62017 -0.130765 -0.168014 0.977073 -0.651717 0 0 0 1 
36535719080069;0.168667;0.382205;25;0.995641 0.000358872 0.093273 -0.395178 -0.0280419 0.954882 0.295658 -1.34182 -0.0889586 -0.296985 0.950729 0.480852 0 0 0 1 
36535719080070;0.366766;0.674942;29;0.982847 0.0590947 -0.174699 -0.139066 0.048918 0.829805 0.555905 -2.71106 0.177817 -0.554916 0.81268 -0.674654 0 0 0 1 
36535719080071;0.314881;0.428211;27;0.991459 -0.130254 0.00659488 -0.711898 0.129877 0.990673 0.0412146 -1.12124 -0.0119017 -0.040006 0.999129 -0.0871913 0 0 0 1 
36535719080072;0.205179;0.383434;25;0.992864 -0.104886 0.0567359 -0.0780896 0.0915926 0.975424 0.200398 -0.980621 -0.0763605 -0.193771 0.97807 0.318821 0 0 0 1 
36535719080073;0.364246;0.69591;30;0.929237 -0.171817 0.327105 -0.805003 0.0111941 0.897986 0.439881 -2.50852 -0.369315 -0.405092 0.836365 1.16815 0 0 0 1 
36535719080074;0.343501;1.06224;31;0.991672 0.0882528 0.0937962 -0.383516 -0.111415 0.953192 0.281091 -3.39834 -0.0645987 -0.2892 0.955087 0.224257 0 0 0 1 
36535719080075;0.45993;1.03519;28;0.981039 0.121128 -0.151296 -0.039473 -0.139893 0.982839 -0.120236 -2.15258 0.134136 0.139121 0.981149 -1.02413 0 0 0 1 
36535719080076;0.347563;0.651191;29;0.995928 0.0892983 0.0124089 0.00567129 -0.0846693 0.879128 0.469004 -2.37402 0.0309722 -0.468144 0.883109 0.281377 0 0 0 1 
36535719080077;0.245685;0.54502;28;0.985283 0.097448 -0.140432 -0.372488 -0.0218637 0.886673 0.46188 -1.53821 0.169526 -0.452012 0.875754 -0.222776 0 0 0 1 
36535719080078;0.322722;0.340894;26;0.996473 0.0814454 0.020185 -0.843264 -0.0839003 0.970653 0.225375 -0.678272 -0.0012369 -0.226273 0.974063 -0.803228 0 0 0 1 
36535719080079;0.340882;0.999111;29;0.996128 0.0481672 0.0735464 -0.36729 -0.0690005 0.946742 0.314514 -3.36407 -0.0544802 -0.318371 0.9464 -0.263569 0 0 0 1 
36535719080080;0.326117;0.595588;27;0.984041 -0.0108031 0.177616 -0.359515 -0.0888269 0.835075 0.542917 -0.800558 -0.154188 -0.55003 0.820788 0.888958 0 0 0 1 
36535719080081;0.410409;0.738812;30;0.980749 -0.176966 0.0825447 -0.809995 0.160489 0.971306 0.175521 -2.47742 -0.111237 -0.158894 0.981009 -0.646158 0 0 0 1 
36535719080082;0.216435;0.390962;25;0.995929 0.0896036 0.00987658 0.0779369 -0.0897516 0.975357 0.20155 -0.604764 0.00842642 -0.201616 0.979428 0.201411 0 0 0 1 
36535719080083;0.161862;0.565204;26;0.996711 0.0461723 0.0665939 -0.488777 -0.0674827 0.927904 0.36666 -1.55315 -0.0448632 -0.369948 0.927969 -0.180633 0 0 0 1 
36535719080084;0.439577;0.921086;34;0.970089 -0.241292 0.0265567 -0.514185 0.230607 0.950201 0.209617 -3.44785 -0.075813 -0.197223 0.977423 0.257678 0 0 0 1 
36535719080085;0.124875;0.363309;26;0.984627 0.13171 0.114724 -0.311396 -0.158346 0.950317 0.268001 -0.751923 -0.0737254 -0.282047 0.956564 0.146725 0 0 0 1 
36535719080086;0.392366;0.559251;28;0.97413 0.033572 -0.223479 0.403649 0.0521336 0.928845 0.366782 -1.64979 0.219891 -0.368944 0.903066 -1.11303 0 0 0 1 
36535719080087;0.41425;0.709672;30;0.991422 -0.13068 0.00203892 -0.316246 0.110364 0.845441 0.522542 -2.44442 -0.0700098 -0.517835 0.852611 -0.29963 0 0 0 1 
36535719080088;0.317089;0.538971;26;0.985756 0.0472636 0.161402 -0.604919 -0.105212 0.922014 0.372586 -1.72019 -0.131205 -0.384261 0.913854 -0.428221 0 0 0 1 
36535719080089;0.0976208;0.350402;24;0.999929 -0.00597264 0.0103295 -0.227818 0.00422358 0.986825 0.161738 -0.928107 -0.0111594 -0.161683 0.98678 -0.00662518 0 0 0 1 
36535719080090;0.312576;0.31425;26;0.997394 0.0432732 -0.0577259 0.22296 -0.0376019 0.994675 0.095952 -1.49315 0.0615707 -0.0935314 0.993711 -0.0655496 0 0 0 1 
36535719080091;0.378116;0.454553;30;0.953977 -0.127558 0.271396 0.509775 0.141624 0.989377 -0.0328039 -1.78817 -0.264329 0.0697303 0.961909 0.261847 0 0 0 1 
36535719080093;0.290482;0.0961535;26;0.988844 0.0225595 -0.147235 0.393522 -0.0377623 0.99414 -0.101292 0.393603 0.144087 0.105722 0.983901 -0.501646 0 0 0 1 
36535719080094;0.395592;0.754488;34;0.998908 0.0465425 -0.0040358 1.17006 -0.0466279 0.99861 -0.0245589 -0.544875 0.00288716 0.0247203 0.99969 -0.112368 0 0 0 1 
36535719080095;0.347587;0.0980641;38;0.902366 0.243193 -0.3558 0.299354 -0.204749 0.968369 0.142614 0.498548 0.379228 -0.0558402 0.923617 -1.33144 0 0 0 1 
36535719080096;0.508705;0.071229;38;0.951741 -0.220777 0.213181 0.250545 0.169039 0.956866 0.23629 -0.588505 -0.256153 -0.188851 0.948009 1.75598 0 0 0 1 
36535719080097;0.390373;0.113552;44;0.891394 -0.358475 0.277331 0.199741 0.397673 0.912153 -0.0991586 -1.52607 -0.217422 0.198676 0.955644 0.72888 0 0 0 1 
36535719080098;0.177167;0.123141;29;0.963187 -0.00414141 0.268802 -0.0938562 0.00174385 0.999957 0.0091576 -0.089523 -0.268828 -0.00835173 0.963152 0.740604 0 0 0 1 
36535719080099;0.46993;0.102832;46;0.969548 -0.232475 -0.0770175 0.471699 0.24435 0.897223 0.367808 -1.18859 -0.0164043 -0.375427 0.926707 -0.304672 0 0 0 1 
36535719080100;0.314307;0.107809;28;0.999764 -0.0182512 -0.0117569 -0.357858 0.0199259 0.986398 0.16316 -0.512753 0.00861911 -0.163356 0.98653 -0.567395 0 0 0 1 
36535719080101;0.365934;0.111248;53;0.920113 0.386743 -0.0618143 0.063843 -0.383008 0.921504 0.0642962 1.43409 0.0818283 -0.0354844 0.996015 -0.298334 0 0 0 1 
36535719080102;0.240105;0.107682;31;0.98741 -0.148741 0.0538219 -0.18295 0.149776 0.988595 -0.0157072 -0.615457 -0.0508718 0.0235707 0.998427 -0.326368 0 0 0 1 
36535719080103;0.352767;0.125406;28;0.996234 0.0542854 0.0676065 -0.098591 -0.0573604 0.997366 0.0444039 -0.271201 -0.0650179 -0.0481146 0.996723 0.613654 0 0 0 1 
36535719080104;0.495293;0.113687;54;0.872506 0.198143 -0.446624 -0.0325687 -0.160172 0.979561 0.121674 0.883674 0.461605 -0.0346249 0.88641 -1.63023 0 0 0 1 
36535719080105;0.433787;0.122496;26;0.999262 -0.000825654 0.0384034 -0.0272846 0.000494824 0.999963 0.00862332 -0.0608183 -0.0384091 -0.00859795 0.999225 0.82449 0 0 0 1 
36535719080106;0.129754;0.0950811;26;0.996227 -0.0125422 0.0858727 0.0257691 0.00375931 0.99481 0.101685 -0.0723719 -0.0867024 -0.100979 0.991103 0.127909 0 0 0 1 
36535719080107;0.262145;0.111039;44;0.964432 0.254851 -0.0701577 -0.0383436 -0.258065 0.965248 -0.04122 1.10982 0.0572146 0.0578591 0.996684 -0.477882 0 0 0 1 
36535719080108;0.397924;0.103854;50;0.941453 0.334581 0.0414872 -0.450418 -0.335905 0.920334 0.200384 1.42185 0.0288626 -0.202588 0.978839 -0.189059 0 0 0 1 
36535719080109;0.398301;0.120953;50;0.887223 0.378944 0.263128 0.0888878 -0.378344 0.924028 -0.055029 1.56879 -0.263991 -0.05073 0.96319 0.989873 0 0 0 1 
36535719080110;0.208018;0.106997;30;0.990688 0.135897 -0.00826832 -0.0326918 -0.135358 0.989654 0.0475741 0.203722 0.014648 -0.0460119 0.998833 -0.404537 0 0 0 1 
36535719080111;0.465339;0.0942447;43;0.946341 -0.221443 0.235375 -0.151753 0.238233 0.970161 -0.0450958 -0.33483 -0.218365 0.0987501 0.970858 1.04217 0 0 0 1 
36535719080112;0.541337;0.12178;38;0.900769 0.33139 -0.280704 1.15516 -0.310424 0.943308 0.117499 1.19548 0.303729 -0.0187017 0.952575 -1.32288 0 0 0 1 
36535719080113;0.28814;0.131869;25;0.999992 -0.00218388 -0.00347513 -0.122945 0.00227802 0.999624 0.0273198 0.424241 0.00341416 -0.0273275 0.999621 -0.052256 0 0 0 1 
36535719080114;0.343577;0.0972088;39;0.958308 -0.285461 -0.0125784 0.304307 0.285711 0.957895 0.0284107 -1.21708 0.00393866 -0.03082 0.999517 0.260145 0 0 0 1 
36535719080115;0.500998;0.757047;32;0.983504 0.172829 -0.0533903 0.775974 -0.169076 0.983236 0.0682594 -0.173138 0.0642925 -0.0581064 0.996238 -0.485956 0 0 0 1 
36535719080116;0.41433;0.114621;39;0.954926 -0.238377 0.176898 0.38123 0.175656 0.934167 0.310606 -0.946517 -0.239293 -0.265533 0.933933 1.33127 0 0 0 1 
36535719080117;0.508343;0.118633;29;0.996721 -0.05511 0.059241 -0.0708196 0.0429899 0.980982 0.189277 -0.164613 -0.0685454 -0.186109 0.980135 1.13689 0 0 0 1 
36535719080118;0.0642213;0.112388;26;0.99835 0.0547196 -0.0174339 -0.148473 -0.0546421 0.998494 0.00488994 0.183071 0.0176752 -0.00392924 0.999836 -0.248528 0 0 0 1 
36535719080119;0.384568;0.0829565;54;0.89734 0.42151 0.130807 0.215379 -0.434101 0.896425 0.0893216 1.68723 -0.0796085 -0.136935 0.987376 0.144003 0 0 0 1 
36535719080120;0.113108;0.119434;25;0.998806 -0.0471854 0.0126222 -0.0277666 0.0462943 0.996912 0.0634315 -0.3193 -0.0155763 -0.0627714 0.997906 0.0481194 0 0 0 1 
36535719080121;0.423482;0.103156;32;0.974897 0.213128 -0.0644446 0.263956 -0.169113 0.89703 0.408337 0.129677 0.144837 -0.387188 0.910554 -0.488193 0 0 0 1 
36535719080122;0.427092;0.0948725;32;0.968004 -0.242095 0.0660218 0.0837477 0.233612 0.965487 0.115153 -1.64988 -0.0916211 -0.0960449 0.991151 0.631589 0 0 0 1 
36535719080124;0.190705;0.125667;30;0.985683 0.162438 0.0452054 0.166107 -0.164818 0.984782 0.0551279 0.35286 -0.0355626 -0.0617893 0.997455 0.222387 0 0 0 1 
36535719080125;0.422416;0.14672;40;0.882161 0.415021 -0.222596 0.473625 -0.382309 0.907094 0.176125 1.18353 0.275011 -0.0702706 0.95887 -1.02353 0 0 0 1 
36535719080126;0.446714;0.141072;32;0.993694 0.104556 -0.0404989 0.477871 -0.107497 0.991066 -0.0789452 -0.34774 0.0318829 0.0828009 0.996056 -0.372215 0 0 0 1 
36535719080127;0.355012;0.898626;33;0.997737 0.0639566 0.020768 1.4273 -0.0615977 0.993157 -0.0992211 0.414603 -0.0269718 0.0977172 0.994849 -0.0558392 0 0 0 1 
36535719080128;0.249905;0.131212;27;0.999928 -0.00577081 -0.0105286 0.237374 0.00580895 0.999977 0.00359526 0.377831 0.0105076 -0.00365616 0.999938 -0.0827214 0 0 0 1 
36535719080129;0.526113;0.920342;40;0.999088 -0.0117532 -0.0410578 1.74805 0.00996135 0.999 -0.0435778 -0.441802 0.041529 0.0431291 0.998206 0.16272 0 0 0 1 
36535719080130;0.433817;0.139998;31;0.939561 0.0823503 0.332331 0.0505086 -0.033089 0.98794 -0.151259 -0.33533 -0.34078 0.131121 0.930955 1.06093 0 0 0 1 
36535719080131;0.251532;0.959399;48;0.986318 0.164765 -0.0054823 1.60401 -0.164796 0.98631 -0.00583784 0.520679 0.00444538 0.00666142 0.999968 0.0895424 0 0 0 1 
36535719080132;0.431426;0.124506;29;0.982173 0.0325715 -0.185134 0.0735498 -0.0223479 0.998122 0.0570436 -0.545452 0.186644 -0.0518894 0.981056 -1.00056 0 0 0 1 
36535719080133;0.541591;0.151892;32;0.941582 0.221833 0.253405 0.318425 -0.266803 0.950496 0.15929 0.581188 -0.205525 -0.217593 0.954156 1.52364 0 0 0 1 
36535719080134;0.252306;0.136003;27;0.995292 -0.0948749 0.0198144 0.0626373 0.0956793 0.994412 -0.0446186 -0.553947 -0.0154705 0.0463044 0.998808 -0.259444 0 0 0 1 
36535719080135;0.472023;0.936671;41;0.967923 0.0840777 0.236763 1.33568 -0.127319 0.97653 0.173719 0.0982225 -0.2166 -0.198291 0.955911 0.655515 0 0 0 1 
36535719080136;0.302061;0.162129;33;0.977289 0.182559 -0.107606 0.258295 -0.19484 0.973771 -0.117507 0.935042 0.0833317 0.135804 0.987225 -0.550764 0 0 0 1 
36535719080137;0.328535;0.137301;35;0.969224 0.22935 0.0894651 -0.141135 -0.214796 0.965401 -0.147864 0.755455 -0.120282 0.124097 0.984953 0.0423418 0 0 0 1 
36535719080138;0.576365;0.14973;32;0.997362 0.0533794 0.0491882 0.841361 -0.0306239 0.923822 -0.381594 0.313843 -0.0658105 0.379081 0.92302 -0.487436 0 0 0 1 
36535719080139;0.521512;0.506511;27;0.995699 -0.0834315 0.0402778 0.679701 0.0810381 0.995034 0.0577898 -0.657511 -0.0448993 -0.0542772 0.997516 0.284581 0 0 0 1 
36535719080140;0.470285;0.100733;44;0.894476 0.42482 0.139429 -0.0479859 -0.420562 0.905265 -0.0601837 1.46076 -0.151787 -0.00480557 0.988402 0.141225 0 0 0 1 
36535719080141;0.30287;0.122328;30;0.972559 0.130518 0.1926 -0.239275 -0.146157 0.986831 0.0692983 0.191251 -0.181019 -0.0955466 0.978827 0.616481 0 0 0 1 
36535719080142;0.480003;0.138629;30;0.97407 0.197142 0.111011 0.0135188 -0.225727 0.880094 0.417711 0.34513 -0.0153516 -0.431938 0.901773 0.039043 0 0 0 1 
36535719080143;0.628053;0.132128;51;0.895152 0.432594 -0.107546 -0.44957 -0.442745 0.890851 -0.101787 1.61763 0.0517749 0.13873 0.988976 -0.297114 0 0 0 1 
36535719080144;0.602003;0.153357;37;0.945464 0.231152 -0.229493 0.586257 -0.277186 0.940996 -0.194151 1.23746 0.171073 0.247175 0.95375 -1.5303 0 0 0 1 
36535719080145;0.170435;0.141847;27;0.995028 0.0995828 0.00173756 0.148274 -0.0995938 0.994995 0.00814025 0.324729 -0.000918234 -0.00827282 0.999965 0.184688 0 0 0 1 
36535719080146;0.207536;0.123766;32;0.982968 0.180851 0.0326719 0.13081 -0.176988 0.979448 -0.0967278 0.642276 -0.0494937 0.0892978 0.994774 0.0215482 0 0 0 1 
36535719080147;0.436345;0.152346;29;0.983985 0.172151 -0.0462352 0.629615 -0.168479 0.982912 0.0741484 1.06319 0.0582098 -0.0651713 0.996175 -0.466059 0 0 0 1 
36535719080148;0.640142;0.123623;46;0.960072 -0.276767 -0.0407559 1.35094 0.264321 0.945153 -0.191885 -0.122181 0.091628 0.173451 0.980571 -0.671199 0 0 0 1 
36535719080149;0.408897;0.124861;28;0.995992 -0.0750635 -0.0486421 0.392721 0.0728621 0.996301 -0.0455536 -0.624705 0.0518816 0.0418268 0.997777 0.400187 0 0 0 1 
36535719080150;0.385378;0.149744;31;0.99592 -0.0141798 0.0891243 0.186015 -0.00230534 0.983259 0.182199 0.361059 -0.0902158 -0.181661 0.979214 -0.0215062 0 0 0 1 
36535719080151;0.147734;0.115668;27;0.992207 0.0122121 0.124 0.050515 -0.00169033 0.996413 -0.084606 0.0251711 -0.124588 0.0837371 0.988669 0.208849 0 0 0 1 
36535719080152;0.417728;0.162705;40;0.897843 0.403719 -0.175751 0.377482 -0.379882 0.912055 0.154423 1.09964 0.222638 -0.0718825 0.972247 -0.484934 0 0 0 1 
36535719080153;0.136308;0.104101;33;0.988164 -0.135522 0.0718789 0.242474 0.132492 0.990144 0.0453943 -0.410382 -0.0773224 -0.0353336 0.99638 0.225638 0 0 0 1 
36535719080155;0.377066;0.28706;28;0.992056 -0.0654927 -0.107406 0.828954 0.0921332 0.959601 0.265854 -0.172624 0.0856557 -0.273637 0.958011 0.220964 0 0 0 1 
36535719080156;0.280014;0.27682;27;0.997322 -0.0420271 -0.0598478 0.370085 0.0546719 0.972009 0.228492 0.374488 0.0485697 -0.231152 0.971705 -0.119936 0 0 0 1 
36535719080157;0.357849;0.205391;30;0.990969 -0.132383 -0.0213523 0.9619 0.130381 0.914019 0.384147 0.144089 -0.0313383 -0.383462 0.923025 0.564255 0 0 0 1 
36535719080158;0.214487;0.160374;25;0.997849 -0.0492721 -0.0432469 0.570326 0.0542898 0.990823 0.12378 0.219166 0.0367511 -0.125861 0.991367 0.0454814 0 0 0 1 
36535719080159;0.313033;0.144263;23;0.99271 -0.0263631 -0.117607 0.367522 0.0155247 0.995625 -0.0921395 -0.703676 0.119522 0.089642 0.988776 -0.957086 0 0 0 1 
36535719080160;0.477856;0.183696;28;0.931401 0.196211 -0.306583 -0.562804 -0.178206 0.980232 0.0859512 0.467187 0.317387 -0.0254202 0.947955 -0.972184 0 0 0 1 
36535719080161;0.262671;0.178131;26;0.994616 0.100415 0.0255956 -0.101969 -0.103553 0.972396 0.209101 -0.254385 -0.00389212 -0.210625 0.977559 0.387757 0 0 0 1 
36535719080162;0.249715;0.18051;30;0.987901 0.149686 -0.0405614 -0.14368 -0.126288 0.92827 0.349809 -0.183303 0.0900135 -0.340454 0.935943 -0.248328 0 0 0 1 
36535719080163;0.453936;0.227152;30;0.91849 0.172235 -0.355966 1.16786 -0.19028 0.981599 -0.0160257 0.359687 0.346655 0.0824525 0.934362 -1.34502 0 0 0 1 
36535719080164;0.466141;0.318537;26;0.976363 -0.141397 0.163468 1.04914 0.093346 0.958008 0.271124 0.12284 -0.19494 -0.249456 0.948562 1.20483 0 0 0 1 
36535719080165;0.321246;0.156179;29;0.958186 -0.0804223 0.274611 0.118337 -0.0384821 0.914756 0.402169 -0.306411 -0.283545 -0.39592 0.873412 0.80492 0 0 0 1 
36535719080166;0.389384;0.234763;30;0.921368 -0.190422 0.338853 0.920365 0.216939 0.97529 -0.0418 -0.265304 -0.32252 0.112024 0.93991 0.464468 0 0 0 1 
36535719080167;0.40197;0.352869;29;0.998671 -0.00105951 -0.0515368 0.904614 0.0227961 0.905788 0.423118 -0.0256091 0.0462332 -0.42373 0.904608 0.291224 0 0 0 1 
36535719080168;0.210711;0.203659;23;0.996859 0.0141402 0.0779212 -0.00579764 -0.0118092 0.999471 -0.0302941 -0.0866134 -0.0783083 0.0292788 0.996499 0.141691 0 0 0 1 
36535719080169;0.371812;0.153895;29;0.952132 0.0553557 -0.300634 0.96928 0.0411674 0.951288 0.305542 -0.699501 0.302903 -0.303292 0.903473 -1.24333 0 0 0 1 
36535719080170;0.32738;0.173036;26;0.99609 0.0715189 0.0518691 -0.083298 -0.0722381 0.997314 0.0121229 0.0889203 -0.0508628 -0.0158224 0.99858 -0.983297 0 0 0 1 
36535719080171;0.334438;0.293625;21;0.993325 -0.105255 0.0471817 0.439946 0.105654 0.994385 -0.0060388 -0.218541 -0.0462812 0.0109834 0.998868 0.266758 0 0 0 1 
36535719080172;0.359248;0.181192;30;0.979726 0.188023 -0.0691653 0.206279 -0.167596 0.958352 0.231245 0.788657 0.109764 -0.214965 0.970434 -0.0248349 0 0 0 1 
36535719080173;0.299017;0.15889;26;0.990301 -0.11126 -0.083214 0.382777 0.10645 0.992495 -0.0601794 -0.793319 0.0892851 0.0507376 0.994713 -1.26973 0 0 0 1 
36535719080174;0.332371;0.173205;27;0.990136 -0.116366 -0.0780331 1.1732 0.120251 0.991627 0.0470759 0.184578 0.0719017 -0.0559951 0.995839 -0.673352 0 0 0 1 
36535719080175;0.258801;0.175195;26;0.979424 -0.0971229 -0.176906 0.554013 0.102896 0.994409 0.0237334 -0.108378 0.173612 -0.0414479 0.983942 -1.25234 0 0 0 1 
36535719080176;0.244373;0.170964;26;0.976219 0.0437301 0.212331 -0.199183 -0.0855622 0.977651 0.192033 -0.0207129 -0.199188 -0.205634 0.958143 0.371845 0 0 0 1 
36535719080177;0.307368;0.286273;27;0.996051 -0.071212 0.05303 0.408908 0.0536113 0.958467 0.280121 0.281767 -0.0707755 -0.276171 0.958499 0.791452 0 0 0 1 
36535719080178;0.333626;0.148126;29;0.913344 0.0513092 -0.403944 0.877123 0.0156299 0.98688 0.160694 -0.202796 0.40689 -0.153083 0.900559 -0.800764 0 0 0 1 
36535719080179;0.112272;0.152695;25;0.992523 -0.0369113 -0.116344 0.324569 0.0476154 0.994748 0.09061 0.0156152 0.112389 -0.0954722 0.989067 -0.616964 0 0 0 1 
36535719080180;0.447488;0.632274;29;0.995346 0.0614969 -0.0741903 1.64831 -0.0533161 0.992762 0.107614 -0.0205981 0.0802713 -0.103157 0.991421 -0.392847 0 0 0 1 
36535719080181;0.181751;0.140862;25;0.989495 -0.00532678 0.144467 0.0832651 0.0146239 0.997883 -0.0633698 0.0268812 -0.143823 0.0648168 0.987478 0.062097 0 0 0 1 
36535719080182;0.227052;0.164568;27;0.980558 -0.0601751 0.186773 0.343446 0.0773773 0.993267 -0.0862167 -0.13885 -0.180327 0.0989925 0.978613 -0.0763147 0 0 0 1 
36535719080183;0.271702;0.129342;28;0.979823 -0.0756397 -0.185 1.0889 0.105348 0.982054 0.156433 -0.256753 0.169847 -0.172766 0.970208 -0.589041 0 0 0 1 
36535719080184;0.317465;0.131046;31;0.957257 0.188644 -0.219255 0.51638 -0.0708981 0.88795 0.454442 -0.266756 0.280415 -0.419473 0.863371 -0.572212 0 0 0 1 
36535719080186;0.390645;0.27996;32;0.900286 -0.0623615 0.430809 -0.212805 0.187706 0.94856 -0.254952 -0.562757 -0.392749 0.310395 0.86568 1.55427 0 0 0 1 
36535719080187;0.111223;0.272997;24;0.998845 0.0126364 0.0463632 -0.295946 -0.0128478 0.999908 0.00426434 -0.136926 -0.046305 -0.00485508 0.998916 -0.0101966 0 0 0 1 
36535719080188;0.65823;0.320237;42;0.873243 0.476451 0.102185 -0.173446 -0.480634 0.876701 0.0196258 1.83134 -0.0802349 -0.0662517 0.994572 1.10519 0 0 0 1 
36535719080189;0.357007;0.270213;27;0.9993 0.00593272 0.0369265 -0.995834 -0.00652255 0.999853 0.0158734 0.293774 -0.0368268 -0.0161031 0.999192 -0.452779 0 0 0 1 
36535719080190;0.473164;1.17294;35;0.925587 -0.374753 0.0533799 -1.62066 0.376041 0.926462 -0.0161722 -3.10837 -0.0433939 0.0350418 0.998443 0.108239 0 0 0 1 
36535719080191;0.28216;0.302179;30;0.980399 0.197023 0.000654898 -0.622819 -0.195596 0.972888 0.123411 0.688369 0.0236777 -0.12112 0.992355 -0.70985 0 0 0 1 
36535719080192;0.431029;0.325954;29;0.98203 -0.169507 0.0829695 -1.25925 0.175514 0.981885 -0.0713881 -0.563756 -0.0693657 0.0846676 0.993992 0.483151 0 0 0 1 
36535719080193;0.312078;0.264241;30;0.989538 -0.141824 0.0264502 -0.323835 0.133055 0.96802 0.212682 -1.15287 -0.0557678 -0.206938 0.976763 -0.382122 0 0 0 1 
36535719080194;0.164987;0.317605;29;0.984269 0.175137 0.0232876 -0.490324 -0.175498 0.984374 0.0144616 0.525093 -0.020391 -0.018321 0.999624 -0.067589 0 0 0 1 
36535719080195;0.354366;0.307218;27;0.974646 -0.0379284 0.220512 -0.284616 0.0375032 0.999278 0.00611605 -0.674494 -0.220585 0.00230893 0.975365 0.212041 0 0 0 1 
36535719080196;0.523582;0.292786;34;0.985782 0.149533 0.0766377 -0.877129 -0.168013 0.883302 0.437663 0.7075 -0.00224907 -0.444316 0.895867 -0.693972 0 0 0 1 
36535719080197;0.379637;0.276791;29;0.980811 -0.178463 -0.0784849 -0.197955 0.182869 0.981706 0.0530308 -1.08764 0.0675851 -0.0663657 0.995504 -1.20791 0 0 0 1 
36535719080198;0.253973;0.299323;28;0.981568 -0.14149 0.128473 -0.501731 0.153041 0.984561 -0.0849564 -0.903557 -0.114469 0.103052 0.988067 0.758404 0 0 0 1 
36535719080199;0.451651;0.327523;29;0.987604 0.148614 0.0505277 -1.08286 -0.148606 0.988889 -0.00393769 0.857602 -0.0505514 -0.00361983 0.998715 0.672923 0 0 0 1 
36535719080200;0.601292;1.05594;35;0.927826 -0.309002 0.208942 -1.20625 0.323151 0.945644 -0.036477 -2.2269 -0.186314 0.101364 0.977247 1.22731 0 0 0 1 
36535719080201;0.316883;0.309659;31;0.866631 0.0891554 0.490919 -0.249618 0.00323981 0.98288 -0.184219 -0.173729 -0.498938 0.161241 0.851506 2.31233 0 0 0 1 
36535719080202;0.389074;0.336884;30;0.969031 0.231965 0.0846842 -0.69385 -0.234635 0.971813 0.0229316 1.2565 -0.0769779 -0.0420913 0.996144 -0.369693 0 0 0 1 
36535719080203;0.247825;0.302802;30;0.97017 -0.238948 0.0409246 -0.518193 0.236558 0.970017 0.0557486 -1.29361 -0.0530185 -0.0444046 0.997606 0.244078 0 0 0 1 
36535719080204;0.323434;0.289999;28;0.996559 -0.0543188 0.0626011 -0.631085 0.0531731 0.998388 0.0198256 -1.08977 -0.0635771 -0.0164287 0.997842 -0.105685 0 0 0 1 
36535719080205;0.326801;0.283315;33;0.951414 -0.0591148 0.302186 -0.166553 0.15702 0.937349 -0.311001 -0.682722 -0.264868 0.34334 0.901089 1.0242 0 0 0 1 
36535719080206;0.360649;0.27245;28;0.993595 0.104292 0.0435022 -0.56106 -0.104068 0.994543 -0.00736662 0.960768 -0.044033 0.00279224 0.999026 -0.0251341 0 0 0 1 
36535719080207;0.378318;0.291691;24;0.998635 -0.0279672 0.0441045 0.260246 0.0278481 0.999607 0.00331282 -0.380076 -0.0441798 -0.00208007 0.999021 0.0912723 0 0 0 1 
36535719080208;0.281021;0.261964;26;0.97687 -0.0607385 0.205027 -0.643637 0.052253 0.997548 0.0465558 -0.623837 -0.207352 -0.0347657 0.977648 1.30467 0 0 0 1 
36535719080209;0.41046;0.349005;32;0.950928 -0.287953 0.113218 -0.819358 0.26343 0.945398 0.191905 -2.0075 -0.162295 -0.152663 0.974861 0.72946 0 0 0 1 
36535719080210;0.243944;0.288684;28;0.973576 0.144223 0.177057 -0.160691 -0.152947 0.987557 0.0365808 0.329159 -0.169578 -0.0626944 0.983521 0.629823 0 0 0 1 
36535719080211;0.419439;0.290923;35;0.926703 0.375212 0.0209013 -0.533616 -0.375332 0.926888 0.00200573 1.15698 -0.0186206 -0.00970365 0.99978 -0.0572611 0 0 0 1 
36535719080212;0.411637;0.307718;34;0.947148 0.284656 0.147925 -0.0470515 -0.281795 0.958624 -0.0404017 0.626224 -0.153305 -0.00341821 0.988173 0.78988 0 0 0 1 
36535719080213;0.271077;0.311977;29;0.976245 -0.1798 -0.120905 -0.58722 0.156077 0.970612 -0.183175 -1.04715 0.150286 0.159954 0.975617 -1.06529 0 0 0 1 
36535719080214;0.356981;0.309469;30;0.953479 0.155871 -0.258034 -0.515735 -0.163096 0.986587 -0.00669962 0.240407 0.253529 0.0484724 0.966112 -0.979658 0 0 0 1 
36535719080215;0.558879;0.359245;31;0.958127 0.215771 0.188245 -0.635787 -0.158624 0.94727 -0.278421 0.661786 -0.238394 0.236902 0.941831 1.96296 0 0 0 1 
36535719080217;0.267916;0.0362477;35;0.967651 -0.180186 -0.176591 0.559216 0.157505 0.978235 -0.135084 -0.260281 0.197088 0.102901 0.974971 -0.951342 0 0 0 1 
36535719080218;0.403611;0.0364114;29;0.996989 0.0775437 0.000884846 -0.326705 -0.0775436 0.996724 0.0229704 0.740002 0.000899264 -0.0229699 0.999736 0.417729 0 0 0 1 
36535719080219;0.612805;0.510489;25;0.998574 -0.0339677 0.0411874 -0.216701 0.0350429 0.999056 -0.0256717 -0.00396271 -0.0402765 0.0270784 0.998822 0.584998 0 0 0 1 
36535719080220;0.465305;0.0377435;32;0.971617 -0.117695 -0.205202 0.40778 0.0973751 0.989534 -0.106489 0.151097 0.215587 0.0834847 0.972909 -1.46218 0 0 0 1 
36535719080221;0.397154;0.0318615;50;0.978166 -0.202077 0.0485387 -0.197963 0.191978 0.968043 0.161362 -0.80133 -0.079595 -0.14852 0.985701 -0.132639 0 0 0 1 
36535719080222;0.388852;0.0375439;36;0.983947 -0.104418 0.144726 -0.436981 0.139405 0.956033 -0.258006 -0.248174 -0.111423 0.27404 0.955242 0.185661 0 0 0 1 
36535719080223;0.332061;0.0370913;39;0.930425 -0.189034 -0.313968 0.844637 0.165788 0.981137 -0.0994205 -0.636162 0.326839 0.0404512 0.944214 -0.908898 0 0 0 1 
36535719080224;0.591626;0.0398961;36;0.994133 0.0980532 0.0456587 -0.376821 -0.0794579 0.948456 -0.306786 1.21977 -0.0733867 0.301358 0.950683 0.403664 0 0 0 1 
36535719080225;0.418431;0.0406877;56;0.934003 -0.334475 0.125555 0.202212 0.329164 0.942267 0.0615236 -1.16331 -0.138885 -0.0161349 0.990177 0.743153 0 0 0 1 
36535719080226;0.434396;0.0380768;53;0.923243 0.338976 -0.18088 -0.0449875 -0.345671 0.938337 -0.00588303 1.4018 0.167732 0.0679563 0.983488 -0.378805 0 0 0 1 
36535719080227;0.258425;0.038732;34;0.980409 0.173954 0.0923977 -0.0688068 -0.177915 0.98337 0.0364615 0.438563 -0.0845185 -0.0521862 0.995054 0.531731 0 0 0 1 
36535719080228;0.348273;0.0328114;41;0.957198 -0.199984 0.209233 0.13422 0.209094 0.977645 -0.0221371 -0.294157 -0.200129 0.0649391 0.977615 0.846273 0 0 0 1 
36535719080229;0.349476;0.0328789;28;0.994752 0.0599436 0.0829215 -0.198905 -0.0457119 0.985405 -0.163972 0.152285 -0.0915403 0.15932 0.982974 -0.465387 0 0 0 1 
36535719080230;0.507963;0.0322259;66;0.907529 0.27275 0.319371 -0.250369 -0.2476 0.961684 -0.117718 0.169756 -0.339242 0.0277558 0.94029 0.757707 0 0 0 1 
36535719080231;0.499847;0.0393835;30;0.99996 0.00506578 -0.00741732 -0.333247 -0.00488325 0.99969 0.0244235 -0.421048 0.00753874 -0.0243863 0.999674 -0.88548 0 0 0 1 
36535719080232;0.400636;0.0312227;49;0.974484 -0.204005 0.0936122 0.186305 0.171455 0.945706 0.276123 -0.452403 -0.14486 -0.253027 0.956552 1.02079 0 0 0 1 
36535719080233;0.232565;0.0375893;29;0.984746 0.0625263 -0.162375 0.0344308 -0.044514 0.992678 0.112292 0.0561339 0.168208 -0.103352 0.980319 -0.142057 0 0 0 1 
36535719080234;0.243089;0.0357543;25;0.999967 0.00683879 0.0044729 0.198588 -0.006777 0.999883 -0.013685 0.13953 -0.00456596 0.0136543 0.999896 -0.472344 0 0 0 1 
36535719080235;0.336455;0.0351729;51;0.989169 -0.131035 -0.0661354 -0.18473 0.142577 0.964834 0.220834 -0.53161 0.0348725 -0.227872 0.973066 0.0352419 0 0 0 1 
36535719080236;0.526732;0.0355972;32;0.958434 -0.129138 0.254417 0.561389 0.0719947 0.972314 0.222313 -0.547562 -0.276082 -0.194755 0.941195 1.64175 0 0 0 1 
36535719080237;0.707625;0.538831;25;0.999953 -0.0085524 0.00454825 0.0613631 0.00862245 0.999841 -0.0156132 0.817055 -0.004414 0.0156517 0.999868 0.704567 0 0 0 1 
36535719080238;0.378354;0.0398083;38;0.980326 0.184845 -0.0692266 0.337009 -0.167839 0.965214 0.200477 0.727082 0.103876 -0.184914 0.977249 -0.210405 0 0 0 1 
36535719080239;0.260619;0.0395631;26;0.999442 -0.0249346 0.0222069 0.389744 0.0247401 0.999653 0.00899328 -0.152638 -0.0224235 -0.00843887 0.999713 0.338091 0 0 0 1 
36535719080240;0.347346;0.0327668;31;0.997441 0.0073142 0.0711195 -0.0532374 0.0196735 0.92827 -0.371385 0.326535 -0.0687345 0.371834 0.925751 -0.332416 0 0 0 1 
36535719080241;0.461675;0.0344381;36;0.944119 0.147632 0.294693 -0.219598 -0.0705672 0.963885 -0.256799 -0.201095 -0.321962 0.221653 0.92044 0.65613 0 0 0 1 
36535719080242;0.184835;0.0334754;29;0.991777 0.107115 0.0700388 -0.174343 -0.108247 0.994045 0.012558 0.0497235 -0.0682765 -0.0200362 0.997465 0.104203 0 0 0 1 
36535719080243;0.50255;0.543811;24;0.99822 -0.0554567 0.0219578 0.1727 0.0562341 0.997749 -0.0365322 -0.118081 -0.0198824 0.0377019 0.999091 -0.229688 0 0 0 1 
36535719080244;0.3548;0.0355442;46;0.920071 0.25815 0.294667 -0.250595 -0.27543 0.961153 0.0179619 0.666908 -0.278583 -0.0976862 0.955431 1.08958 0 0 0 1 
36535719080245;0.421326;0.034305;32;0.97012 0.123855 -0.208633 0.45379 -0.144043 0.98596 -0.0844694 0.56763 0.195241 0.111997 0.974339 -1.29532 0 0 0 1 
36535719080246;0.428678;0.0370866;43;0.967162 0.254139 -0.00323667 0.124552 -0.253357 0.963017 -0.0916941 1.121 -0.0201861 0.0895031 0.995782 -0.534584 0 0 0 1 
36535719080248;0.279109;0.0704073;29;0.99973 -0.022697 -0.00496938 0.938514 0.0227163 0.999735 0.00385526 0.221483 0.00488056 -0.00396711 0.99998 -0.390049 0 0 0 1 
36535719080249;0.148582;0.0946415;24;0.99722 -0.0742545 -0.00625778 -0.0399443 0.0742917 0.997219 0.00593572 -0.242204 0.00579962 -0.00638412 0.999963 -0.192307 0 0 0 1 
36535719080250;0.310686;0.126822;27;0.996705 -0.0232046 0.0777268 0.0528613 0.0225736 0.999705 0.00898621 0.161826 -0.0779124 -0.00720202 0.996934 -0.700738 0 0 0 1 
36535719080251;0.298484;0.103389;27;0.999713 0.015574 -0.018186 -0.280786 -0.014502 0.998231 0.0576574 0.593641 0.0190518 -0.0573771 0.998171 0.156509 0 0 0 1 
36535719080252;0.364884;0.334881;35;0.96376 -0.223946 -0.144964 1.68847 0.222983 0.974549 -0.0230734 -0.769735 0.146442 -0.0100872 0.989168 -0.295204 0 0 0 1 
36535719080253;0.298099;0.37219;29;0.993624 -0.111769 -0.0148338 1.20039 0.110803 0.992326 -0.0548813 -0.296236 0.020854 0.0528877 0.998383 -0.551918 0 0 0 1 
36535719080254;0.413793;0.368748;26;0.986925 -0.160706 -0.0123384 0.494317 0.154157 0.963509 -0.218828 0.114581 0.0470551 0.214065 0.975685 -0.397154 0 0 0 1 
36535719080255;0.265645;0.1023;30;0.993144 -0.0906101 0.0738512 0.151582 0.107035 0.958853 -0.262955 -0.310442 -0.0469861 0.269057 0.961978 0.229063 0 0 0 1 
