#;prob_registration_l1 -r /home/probabilistic_point_clouds_registration/build/tester /home/point_clouds_registration_benchmark//devel/registration_pairs/gazebo_winter_local.txt /home/point_clouds_registration_benchmark//eth/gazebo_winter -s 0.2 -t 0.2 -p 0.3 -r 1000 -m 10 -n 20 -i 200 
id;initial_error;final_error;transformation
38591597440000;0.538033;0.0277966;33;0.993521 -0.0998582 -0.0542704 -0.397912 0.10158 0.994377 0.0299445 -0.435654 0.050975 -0.0352632 0.998077 0.547197 0 0 0 1 
38591597440001;0.518725;0.0389389;53;0.950984 0.250322 0.181573 0.0274249 -0.266339 0.961365 0.0695754 1.10475 -0.157141 -0.114525 0.980913 -0.0437677 0 0 0 1 
38591597440002;0.466312;0.0346965;37;0.983523 -0.135921 0.119196 0.0539277 0.139917 0.989828 -0.0257821 -0.316739 -0.114479 0.0420349 0.992536 -0.227144 0 0 0 1 
38591597440003;0.369171;0.0340586;43;0.979242 0.202681 -0.00224747 -0.183515 -0.202683 0.979244 -0.000625416 0.78604 0.00207406 0.00106796 0.999997 0.387894 0 0 0 1 
38591597440004;0.566929;0.0346581;63;0.876618 0.415192 -0.24322 1.05054 -0.398809 0.909724 0.11556 1.65785 0.269243 -0.0043038 0.963063 -1.665 0 0 0 1 
38591597440005;0.214626;0.0252353;31;0.994569 -0.0841399 -0.0612634 0.00188044 0.0837423 0.996446 -0.00903454 -0.301267 0.0618058 0.00385514 0.998081 -0.599397 0 0 0 1 
38591597440006;0.296525;0.0271966;45;0.96012 -0.219201 -0.173552 0.17086 0.240799 0.963749 0.114905 -1.00631 0.142073 -0.152114 0.978098 -0.356135 0 0 0 1 
38591597440007;0.55939;0.034617;37;0.98987 0.141954 -0.00251447 0.0720173 -0.14145 0.987568 0.0685642 0.190863 0.0122162 -0.067514 0.997644 -0.871832 0 0 0 1 
38591597440008;0.573696;0.0284055;42;0.909348 0.00808942 0.415958 0.320399 -0.111915 0.967714 0.225843 0.481331 -0.400701 -0.251921 0.880894 2.4523 0 0 0 1 
38591597440009;0.226381;0.0299147;29;0.999374 -0.030004 0.0187447 0.0601229 0.0292536 0.998807 0.0391021 0.0953172 -0.0198956 -0.0385293 0.999059 -0.245698 0 0 0 1 
38591597440010;0.405479;0.0281207;39;0.934213 -0.110829 0.339063 0.0858493 0.224847 0.920866 -0.318513 -0.773385 -0.276931 0.373796 0.885204 1.66952 0 0 0 1 
38591597440011;0.432428;0.0233462;56;0.931374 -0.348066 -0.106737 0.403951 0.363973 0.883657 0.294404 -1.77827 -0.00815292 -0.313049 0.949702 -0.268231 0 0 0 1 
38591597440012;0.493861;0.0379106;30;0.996251 -0.00175204 -0.0864965 0.34707 -0.00308693 0.998438 -0.0557787 -0.235201 0.0864591 0.0558365 0.994689 0.334426 0 0 0 1 
38591597440013;0.489902;0.020979;67;0.894818 0.406283 0.185027 0.255565 -0.410991 0.911533 -0.0139327 1.4659 -0.174319 -0.0635773 0.982635 0.37282 0 0 0 1 
38591597440014;0.265078;0.0287244;34;0.950831 -0.0572144 0.304378 -0.0530383 0.090438 0.991246 -0.0961889 -0.269794 -0.29621 0.118987 0.947682 1.44553 0 0 0 1 
38591597440015;0.50504;0.0248545;54;0.940785 -0.331088 0.0728275 0.403242 0.304689 0.919996 0.246521 -1.7005 -0.148621 -0.209734 0.966397 0.175392 0 0 0 1 
38591597440016;0.306367;0.0259798;37;0.96125 0.116023 -0.250076 0.26107 -0.0690188 0.979519 0.189151 0.000230169 0.2669 -0.164562 0.94957 -1.35449 0 0 0 1 
38591597440017;0.306001;0.0312507;36;0.991719 -0.127918 0.0114463 -0.205472 0.128411 0.989161 -0.0712179 -0.894238 -0.00221213 0.0720979 0.997395 0.104764 0 0 0 1 
38591597440018;0.310987;0.023449;47;0.975469 0.219648 -0.0146614 0.448158 -0.219863 0.975414 -0.0150866 1.02705 0.0109871 0.01794 0.999779 -0.294996 0 0 0 1 
38591597440019;0.565481;0.0299178;48;0.985527 -0.16237 0.0487029 -0.582729 0.146232 0.959634 0.240248 -0.226889 -0.085746 -0.229649 0.969489 -0.148014 0 0 0 1 
38591597440020;0.471158;0.0253549;48;0.947619 -0.319072 -0.0145445 -0.018747 0.310411 0.930714 -0.193433 -1.3148 0.0752559 0.178786 0.981006 0.283385 0 0 0 1 
38591597440021;0.264772;0.0259287;51;0.95937 0.21786 0.179294 0.103963 -0.227353 0.97322 0.0339627 1.0519 -0.167094 -0.0733458 0.983209 0.551363 0 0 0 1 
38591597440022;0.382739;0.0286856;31;0.994478 -0.026613 -0.101517 -0.299622 0.0330745 0.997496 0.0625066 -0.462942 0.0995993 -0.0655191 0.992868 -0.0812658 0 0 0 1 
38591597440023;0.504596;0.0362462;65;0.939598 0.33957 -0.0429791 0.233437 -0.341411 0.938735 -0.0470652 1.91966 0.0243641 0.0588959 0.997967 -0.623328 0 0 0 1 
38591597440024;0.223621;0.0245169;36;0.997269 -0.0531811 0.0512403 -0.0205793 0.0645853 0.964536 -0.255928 0.0594682 -0.0358126 0.258538 0.965337 0.315123 0 0 0 1 
38591597440025;0.497841;0.035684;44;0.937909 -0.231523 0.258311 -0.351436 0.266042 0.957965 -0.107358 -1.32978 -0.222597 0.169414 0.960078 0.615008 0 0 0 1 
38591597440026;0.507307;0.0281803;57;0.913873 -0.339583 -0.222528 0.455355 0.348878 0.937164 0.00263305 -0.896671 0.207652 -0.0800417 0.974923 -0.598921 0 0 0 1 
38591597440027;0.37107;0.0269981;45;0.995902 0.00386795 0.0903523 -0.239224 -0.0454262 0.885294 0.462808 0.121232 -0.0781982 -0.465016 0.881842 0.363977 0 0 0 1 
38591597440028;0.144155;0.0175977;36;0.985921 -0.158897 -0.0520773 0.0339603 0.157501 0.987065 -0.0299317 -0.603641 0.0561598 0.0213081 0.998194 -0.14471 0 0 0 1 
38591597440029;0.386592;0.0300601;55;0.931744 -0.329182 0.15327 0.0408647 0.280381 0.920434 0.272375 -1.45183 -0.230736 -0.21081 0.949905 0.86301 0 0 0 1 
38591597440031;0.613756;0.0350565;58;0.940744 -0.209811 -0.26642 -0.016723 0.184763 0.975898 -0.116129 -1.74364 0.284363 0.0600229 0.956836 -1.33578 0 0 0 1 
38591597440032;0.317715;0.0364604;49;0.935362 0.296411 -0.192972 1.02337 -0.316235 0.945221 -0.0809514 1.45692 0.158406 0.136743 0.977859 -0.426892 0 0 0 1 
38591597440033;0.586776;0.0368419;43;0.925393 -0.103208 0.364687 0.486088 0.0853547 0.994242 0.064787 0.1147 -0.369273 -0.0288257 0.928874 1.46698 0 0 0 1 
38591597440034;0.22655;0.0508276;45;0.985793 -0.146114 0.0828426 -0.331128 0.159986 0.967017 -0.198196 -1.01098 -0.0511511 0.208634 0.976655 0.619868 0 0 0 1 
38591597440035;0.489052;0.0271123;47;0.986825 -0.0897812 0.134595 -0.0180356 0.102699 0.99042 -0.0923099 -1.22986 -0.125018 0.104916 0.986592 0.739038 0 0 0 1 
38591597440036;0.235684;0.0479775;41;0.986115 -0.166031 0.00345481 -0.131114 0.166065 0.985816 -0.0242852 -0.567027 0.000626287 0.0245218 0.999699 -0.0228553 0 0 0 1 
38591597440037;0.200232;0.0340783;31;0.994515 0.102244 0.0220252 0.177575 -0.102277 0.994756 0.000393579 0.404551 -0.0218695 -0.0026441 0.999757 -0.235181 0 0 0 1 
38591597440038;0.419626;0.035874;54;0.947628 0.311032 -0.0725211 0.825264 -0.319324 0.926768 -0.197819 1.05861 0.00568211 0.210617 0.977552 0.821321 0 0 0 1 
38591597440039;0.360484;0.0516761;33;0.998685 -0.0156188 0.0488204 -0.0809409 0.0227502 0.988557 -0.149122 -0.28594 -0.0459327 0.150037 0.987613 -0.0602877 0 0 0 1 
38591597440040;0.46013;0.0393156;40;0.880543 0.23603 -0.411016 1.39759 -0.245071 0.968996 0.0314255 0.918142 0.40569 0.0730565 0.911086 -1.93541 0 0 0 1 
38591597440041;0.266595;0.0434241;29;0.998375 0.0559626 0.0107303 -0.352633 -0.0560874 0.998357 0.0117061 0.152201 -0.0100576 -0.0122889 0.999874 0.0622934 0 0 0 1 
38591597440042;0.263344;0.0332919;41;0.965633 0.217536 -0.142233 0.614796 -0.202022 0.972506 0.115838 0.486863 0.163521 -0.0831226 0.983032 -0.731137 0 0 0 1 
38591597440043;0.518284;0.0479022;49;0.961621 0.269514 -0.0514503 1.03963 -0.26246 0.958196 0.113908 1.07057 0.0799992 -0.0960324 0.992158 -1.28588 0 0 0 1 
38591597440044;0.328581;0.0370677;45;0.962622 0.254198 0.0934965 0.55941 -0.246298 0.965168 -0.0882541 1.25223 -0.112674 0.0619274 0.9917 0.921624 0 0 0 1 
38591597440045;0.358212;0.0411474;37;0.977294 0.168222 0.128829 0.134132 -0.17207 0.984896 0.0192652 0.935566 -0.123642 -0.0409953 0.99148 0.876035 0 0 0 1 
38591597440046;0.061941;0.0376572;24;0.999502 -0.0102567 0.0298459 0.000268621 0.00947915 0.999615 0.0260777 -0.0461192 -0.0301018 -0.0257818 0.999214 0.0567674 0 0 0 1 
38591597440047;0.281023;0.0413419;38;0.982639 0.171231 -0.0714163 0.551705 -0.162743 0.980367 0.111335 0.415185 0.0890782 -0.0977798 0.991213 -0.943612 0 0 0 1 
38591597440048;0.595102;0.040584;46;0.986657 0.0513795 -0.154492 0.00716197 -0.00183333 0.952346 0.305015 -0.861438 0.162801 -0.300662 0.939733 -2.0466 0 0 0 1 
38591597440049;0.461067;0.0355222;39;0.896701 0.125918 -0.424349 0.987342 -0.209272 0.965373 -0.155759 0.827301 0.390042 0.228474 0.892002 -1.62754 0 0 0 1 
38591597440050;0.266343;0.0372596;40;0.998716 0.0142311 -0.0486208 0.0640448 -0.0284047 0.951988 -0.304816 0.171842 0.0419485 0.305805 0.95117 0.136213 0 0 0 1 
38591597440051;0.432966;0.0460369;38;0.926136 0.192756 -0.324217 1.1148 -0.191666 0.980814 0.0356226 1.08391 0.324863 0.0291499 0.945312 -1.20198 0 0 0 1 
38591597440052;0.0767887;0.0366877;27;0.995024 -0.0145451 0.0985731 -0.0441614 0.0172018 0.99951 -0.0261556 -0.110586 -0.0981443 0.0277211 0.994786 0.431286 0 0 0 1 
38591597440053;0.465189;0.0463748;47;0.972292 0.224888 -0.0638266 0.967846 -0.218073 0.970905 0.0989279 1.40222 0.0842173 -0.0822679 0.993046 -0.434374 0 0 0 1 
38591597440054;0.503874;0.0404721;33;0.997067 0.0496389 0.0582465 -0.751008 -0.0542957 0.99521 0.0812985 0.16185 -0.0539319 -0.0842226 0.994986 0.219347 0 0 0 1 
38591597440055;0.362809;0.0515791;34;0.992999 -0.117658 0.0104612 -0.219024 0.117667 0.993053 -0.000216426 -0.688691 -0.0103631 0.00144585 0.999945 -0.542149 0 0 0 1 
38591597440056;0.349297;0.0377471;54;0.951953 0.283105 0.116778 0.618443 -0.305834 0.898571 0.314699 0.878849 -0.0158406 -0.335294 0.941981 -0.368207 0 0 0 1 
38591597440057;0.335627;0.034486;41;0.92702 -0.0201508 -0.374469 0.549533 0.0369051 0.99861 0.0376238 -0.131651 0.373191 -0.0486979 0.926476 -1.68057 0 0 0 1 
38591597440058;0.689618;0.0395995;68;0.901788 0.428401 -0.0570142 0.50478 -0.427201 0.903576 0.0323983 2.02486 0.0653961 -0.00485984 0.997848 -0.659443 0 0 0 1 
38591597440059;0.45308;0.0407605;29;0.99995 0.0082244 0.00561525 -0.389819 -0.00817434 0.999927 -0.00887984 -0.378369 -0.00568787 0.0088335 0.999945 -0.543839 0 0 0 1 
38591597440060;0.265486;0.0371325;32;0.995307 -0.0947411 0.0196755 -0.00855721 0.0933074 0.993569 0.0641502 -0.691094 -0.0256266 -0.0620133 0.997746 0.290926 0 0 0 1 
38591597440062;0.128316;0.0559393;30;0.997167 -0.0749734 0.00611961 -0.251107 0.0732382 0.986205 0.148443 -0.521964 -0.0171644 -0.147574 0.988902 -0.428842 0 0 0 1 
38591597440063;0.451456;0.0418065;33;0.996275 -0.0326479 0.0798166 -0.249996 0.0053395 0.947143 0.320768 -0.509365 -0.0860701 -0.319147 0.943789 0.183111 0 0 0 1 
38591597440064;0.130373;0.0458102;31;0.997695 0.0678588 0.000705493 0.0130934 -0.0675563 0.994126 -0.0845594 0.181267 -0.00643945 0.0843168 0.996418 0.167952 0 0 0 1 
38591597440065;0.480669;0.0512452;39;0.950316 0.0859534 0.299185 -0.0645816 -0.0639918 0.994538 -0.0824624 0.376623 -0.304639 0.0592199 0.950625 0.851402 0 0 0 1 
38591597440066;0.373674;0.0528648;38;0.918509 0.0300427 0.394258 0.088657 -0.0709037 0.993461 0.0894831 0.36586 -0.388992 -0.110145 0.914633 1.65427 0 0 0 1 
38591597440067;0.212733;0.0484006;37;0.984052 0.142036 0.107082 0.292519 -0.166065 0.949307 0.266904 0.407048 -0.0637435 -0.28043 0.957755 -0.406025 0 0 0 1 
38591597440068;0.0642751;0.0428042;27;0.998402 -0.0389258 -0.0409583 -0.132735 0.0366015 0.997757 -0.0560457 -0.140017 0.0430481 0.054457 0.997588 -0.0478487 0 0 0 1 
38591597440069;0.225205;0.0491906;30;0.994118 -0.0509436 -0.095568 -0.136806 0.0436302 0.996067 -0.0771139 -0.159342 0.0991206 0.0724907 0.992431 -0.649523 0 0 0 1 
38591597440070;0.596655;0.0509834;36;0.982924 -0.134694 0.12537 -1.05877 0.14764 0.98393 -0.100417 -0.0188316 -0.10983 0.117212 0.987015 0.479735 0 0 0 1 
38591597440071;0.538974;0.0439913;40;0.968143 0.204995 0.143791 0.246237 -0.232628 0.94882 0.213598 1.21947 -0.0926453 -0.240244 0.966281 0.407788 0 0 0 1 
38591597440072;0.398938;0.0485818;46;0.986549 0.0849919 -0.13963 0.351899 -0.130691 0.923187 -0.36145 0.914927 0.0981844 0.374837 0.921877 0.211887 0 0 0 1 
38591597440073;0.454646;0.0458853;43;0.970637 0.23989 0.0177685 0.171709 -0.239846 0.9708 -0.00462427 0.741244 -0.018359 0.000226789 0.999831 -0.322665 0 0 0 1 
38591597440074;0.403252;0.043731;34;0.995084 -0.0989785 0.00336679 0.349506 0.0990335 0.99426 -0.0404794 -0.358876 0.000659122 0.0406138 0.999175 0.26243 0 0 0 1 
38591597440075;0.606683;0.0593846;51;0.998767 -0.0419054 -0.0266067 0.296083 0.0261593 0.899884 -0.435343 -0.014859 0.0421862 0.43411 0.899871 1.66926 0 0 0 1 
38591597440076;0.528752;0.0522057;30;0.999275 0.0243213 -0.0293068 -0.642323 -0.0235158 0.999345 0.0275218 0.234382 0.029957 -0.0268126 0.999192 0.305922 0 0 0 1 
38591597440077;0.46683;0.38354;28;0.967994 0.0624055 0.243093 -0.571437 -0.109003 0.977007 0.183238 0.497621 -0.226068 -0.203871 0.952539 0.439656 0 0 0 1 
38591597440078;0.164495;0.0385927;26;0.99992 -0.0120796 0.0037259 -0.329143 0.0121143 0.999882 -0.00943783 -0.0841531 -0.00361145 0.00948221 0.999949 0.0791488 0 0 0 1 
38591597440079;0.383028;0.0428532;43;0.935832 0.0683583 0.345754 0.486833 -0.122605 0.982881 0.137523 0.375537 -0.330435 -0.17109 0.928193 0.60634 0 0 0 1 
38591597440080;0.593423;0.0472241;51;0.944433 -0.325297 -0.047203 -0.294359 0.326036 0.945318 0.00868979 -1.30551 0.041795 -0.0235968 0.998848 0.435138 0 0 0 1 
38591597440081;0.611108;0.0391768;46;0.939289 -0.00923322 -0.343002 0.94763 -0.106493 0.94243 -0.316994 0.465644 0.326182 0.334277 0.884231 -1.15922 0 0 0 1 
38591597440082;0.502695;0.461906;28;0.996028 0.0879095 0.0141207 -0.472765 -0.0890323 0.984895 0.148507 -0.0798377 -0.000852274 -0.149174 0.988811 -0.888199 0 0 0 1 
38591597440083;0.715049;0.0412596;54;0.910405 -0.36868 0.187719 -0.524378 0.399148 0.902078 -0.164121 -2.18709 -0.108829 0.224345 0.968414 2.01166 0 0 0 1 
38591597440084;0.378082;0.0502872;32;0.988811 -0.00399611 0.149121 -0.229072 -0.0249419 0.98114 0.191681 -0.0451943 -0.147074 -0.193256 0.970063 -0.437546 0 0 0 1 
38591597440085;0.428084;0.479168;23;0.995771 0.0840499 0.0370943 -0.134213 -0.0844427 0.996386 0.0091503 0.119288 -0.0361912 -0.0122439 0.99927 0.19631 0 0 0 1 
38591597440086;0.348552;0.0513609;51;0.951991 0.212655 -0.220205 0.770268 -0.277608 0.902884 -0.328228 1.09447 0.129021 0.373601 0.918573 0.570603 0 0 0 1 
38591597440087;0.456571;0.0456189;43;0.971411 -0.235743 -0.0280411 -0.995657 0.236459 0.9713 0.0257627 -1.27917 0.0211629 -0.0316567 0.999275 -0.680694 0 0 0 1 
38591597440088;0.581918;0.0468393;29;0.991634 0.0405241 0.122553 -0.462995 -0.0435148 0.998814 0.0218246 0.548324 -0.121524 -0.0269749 0.992222 -0.315699 0 0 0 1 
38591597440089;0.343578;0.0530173;43;0.975537 -0.180282 -0.125802 -0.29841 0.136747 0.945709 -0.294847 -0.480161 0.172128 0.270431 0.947227 -0.418208 0 0 0 1 
38591597440090;0.290589;0.0426724;31;0.994026 -0.106115 0.0255415 -0.250058 0.105876 0.994323 0.0105516 -0.14726 -0.0265162 -0.00778434 0.999618 0.343319 0 0 0 1 
38591597440091;0.344699;0.0551025;61;0.913038 -0.402805 0.0641099 -0.713682 0.407068 0.909786 -0.0811415 -2.11764 -0.0256421 0.100182 0.994639 0.385284 0 0 0 1 
38591597440093;0.395285;0.0310753;46;0.92149 -0.326512 0.210349 -0.0160828 0.338124 0.940872 -0.0207812 -0.0828895 -0.191126 0.0902737 0.977405 -0.212374 0 0 0 1 
38591597440094;0.48271;0.0245369;41;0.900621 0.0984275 0.423313 0.076618 -0.131562 0.990061 0.0496997 0.453446 -0.414214 -0.100453 0.904619 -0.122746 0 0 0 1 
38591597440095;0.208258;0.0167357;42;0.966573 0.256324 -0.00583283 -0.112708 -0.256033 0.966177 0.0308137 0.273258 0.0135338 -0.0282904 0.999508 -0.000399608 0 0 0 1 
38591597440096;0.348707;0.0272342;48;0.904997 0.366773 -0.215541 0.0334808 -0.326044 0.923436 0.202387 0.325533 0.273268 -0.112884 0.955291 -0.0652927 0 0 0 1 
38591597440097;0.0996698;0.0240764;29;0.995748 -0.0861599 -0.0325935 0.0480462 0.0860019 0.996276 -0.00622084 -0.152737 0.0330081 0.00339128 0.999449 0.0875432 0 0 0 1 
38591597440098;0.341585;0.0247641;47;0.9176 -0.300335 0.260403 0.207663 0.269708 0.95163 0.147169 -0.434168 -0.292007 -0.064809 0.954218 0.413827 0 0 0 1 
38591597440099;0.517514;0.0312026;48;0.867413 0.25579 0.426809 -0.6298 -0.283195 0.959062 0.00077051 0.562958 -0.409139 -0.121538 0.904342 0.516708 0 0 0 1 
38591597440100;0.554576;0.0193936;42;0.899696 0.241572 0.363579 -0.819281 -0.22642 0.970362 -0.0844467 -0.312456 -0.373203 -0.0063451 0.927728 0.374566 0 0 0 1 
38591597440101;0.308911;0.0268043;28;0.997332 0.0121099 -0.0719936 0.422486 -0.0132624 0.999791 -0.0155514 -0.21892 0.0717903 0.0164647 0.997284 -0.667233 0 0 0 1 
38591597440102;0.281264;0.0195471;46;0.965523 0.226897 0.127607 -0.113491 -0.249473 0.94652 0.204604 0.503401 -0.0743582 -0.229385 0.970491 0.060207 0 0 0 1 
38591597440103;0.458862;0.0252673;49;0.940187 -0.32669 0.096547 0.732735 0.307458 0.935804 0.172452 -0.77868 -0.146687 -0.132453 0.980275 -0.0623315 0 0 0 1 
38591597440104;0.179607;0.019997;29;0.980605 0.0449673 -0.190767 0.132492 -0.0349907 0.997854 0.0553493 -0.132367 0.192846 -0.0476008 0.980074 -0.246058 0 0 0 1 
38591597440105;0.407802;0.0278453;57;0.891598 -0.451037 -0.0402265 0.612828 0.449737 0.892373 -0.0375007 -0.480924 0.0528113 0.0153441 0.998487 -0.133024 0 0 0 1 
38591597440106;0.119513;0.0184587;26;0.997964 -0.00915129 0.0631165 -0.112207 0.0129516 0.99811 -0.0600671 0.0909688 -0.0624476 0.0607623 0.996197 -0.132908 0 0 0 1 
38591597440107;0.268114;0.0270477;45;0.956591 -0.291022 -0.0155031 0.0362544 0.289042 0.954197 -0.0772219 -0.119073 0.0372663 0.0693887 0.996893 0.0695776 0 0 0 1 
38591597440108;0.407271;0.0217479;48;0.925441 0.356653 -0.127894 -0.32487 -0.336568 0.928844 0.154825 0.38479 0.174012 -0.100236 0.979629 0.322332 0 0 0 1 
38591597440109;0.443389;0.023275;36;0.97515 0.160964 0.152227 -0.706338 -0.184791 0.969977 0.158106 -0.534249 -0.122207 -0.182308 0.975617 0.0899796 0 0 0 1 
38591597440110;0.432632;0.0222501;34;0.972687 -0.074817 0.219732 -0.601151 0.131667 0.95744 -0.256852 0.436496 -0.191163 0.278768 0.94114 0.041359 0 0 0 1 
38591597440111;0.338245;0.0193829;45;0.911916 0.346161 -0.220415 0.079751 -0.340786 0.938013 0.0632227 0.168705 0.228637 0.0174606 0.973355 -0.0201223 0 0 0 1 
38591597440112;0.277197;0.0240827;37;0.970846 0.137535 0.196321 -0.331831 -0.101289 0.977687 -0.184036 -0.0713331 -0.217252 0.158786 0.963114 0.238403 0 0 0 1 
38591597440113;0.357829;0.019881;47;0.959071 0.283004 0.00959398 -0.104282 -0.282894 0.956115 0.0762544 0.195845 0.0124073 -0.0758474 0.997042 -0.533731 0 0 0 1 
38591597440114;0.246214;0.017882;40;0.973892 0.222739 0.0438334 -0.169628 -0.215489 0.967798 -0.130119 0.473151 -0.0714045 0.117277 0.990529 -0.0465166 0 0 0 1 
38591597440115;0.388473;0.0259439;51;0.881986 -0.355923 0.3089 0.176373 0.379592 0.924978 -0.0180447 -0.39229 -0.279303 0.133171 0.950923 0.340461 0 0 0 1 
38591597440116;0.336493;0.0255654;50;0.942026 -0.30035 0.149587 0.297324 0.333945 0.882637 -0.330805 0.00683168 -0.0326739 0.361581 0.931768 -0.208331 0 0 0 1 
38591597440117;0.374866;0.0209419;30;0.999702 0.0223199 -0.0098873 0.843114 -0.0220392 0.999375 0.027646 -0.208025 0.0104982 -0.0274198 0.999569 0.233882 0 0 0 1 
38591597440118;0.178075;0.0243888;36;0.98577 -0.135704 0.099207 0.0606102 0.155456 0.96049 -0.230853 0.00384313 -0.0639597 0.24299 0.967918 -0.0226809 0 0 0 1 
38591597440119;0.473817;0.0275909;40;0.98373 -0.177381 0.0284965 1.07419 0.177666 0.98406 -0.0077474 -0.385942 -0.026668 0.0126842 0.999564 0.390114 0 0 0 1 
38591597440120;0.215098;0.0260502;40;0.968561 -0.248439 0.0129676 0.258758 0.248305 0.968618 0.0111157 -0.329185 -0.0153222 -0.00754634 0.999854 0.0162748 0 0 0 1 
38591597440121;0.418127;0.0266997;31;0.992056 0.0927731 0.0849553 0.0509625 -0.0983602 0.993083 0.0641209 -0.0207314 -0.078419 -0.0719678 0.994319 1.06767 0 0 0 1 
38591597440122;0.192825;0.0148566;42;0.972204 0.232049 0.0311983 -0.158502 -0.234115 0.965255 0.116075 0.178125 -0.00317912 -0.120153 0.99275 0.099972 0 0 0 1 
38591597440124;0.0779043;0.0511771;25;0.999251 0.0156385 -0.0353845 0.0490994 -0.0161898 0.999751 -0.0153487 0.110206 0.0351357 0.0159101 0.999256 0.133048 0 0 0 1 
38591597440125;0.14453;0.0391712;36;0.99888 0.0123979 -0.0456555 0.115818 -0.00123141 0.971537 0.236883 -0.171749 0.0472929 -0.236562 0.970465 -0.576065 0 0 0 1 
38591597440126;0.34028;0.050349;40;0.952448 -0.156313 0.26155 -0.667259 0.189896 0.975809 -0.108332 -0.218205 -0.238289 0.152848 0.959091 0.296335 0 0 0 1 
38591597440127;0.280733;0.0462596;32;0.976072 -0.10513 0.190345 -0.462248 0.101325 0.994412 0.0296422 0.268367 -0.192398 -0.0096462 0.98127 0.264761 0 0 0 1 
38591597440128;0.300881;0.0509002;45;0.933078 0.357232 -0.041838 0.981754 -0.341355 0.916193 0.209921 0.0502218 0.113322 -0.181591 0.976823 -0.541454 0 0 0 1 
38591597440129;0.231531;0.0626255;36;0.957528 0.0941067 -0.272551 0.582627 -0.0335348 0.975172 0.218894 0.0270775 0.286384 -0.200457 0.936911 -0.716717 0 0 0 1 
38591597440130;0.346361;0.0573005;37;0.992235 -0.122879 0.0192563 -0.324389 0.122692 0.992388 0.0106161 -0.715279 -0.0204142 -0.00817106 0.999758 -0.219944 0 0 0 1 
38591597440131;0.336968;0.0535241;62;0.929603 -0.36349 0.0609302 -0.764633 0.361011 0.931322 0.0480738 -0.510141 -0.0742199 -0.0226931 0.996984 0.0775787 0 0 0 1 
38591597440132;0.344656;0.0516465;44;0.899903 0.360189 -0.245844 1.16591 -0.376305 0.926272 -0.0203564 0.174782 0.220386 0.110831 0.969096 0.232632 0 0 0 1 
38591597440133;0.350181;0.0593508;36;0.987464 0.157437 0.0113606 0.281651 -0.15526 0.981743 -0.109888 -0.379194 -0.0284537 0.106747 0.993879 0.489538 0 0 0 1 
38591597440134;0.561974;0.0500443;59;0.904521 -0.355228 0.235914 -0.383494 0.352791 0.934145 0.0539515 -0.260141 -0.239543 0.0344281 0.970275 0.899457 0 0 0 1 
38591597440135;0.216019;0.0547063;36;0.979123 -0.0268545 -0.201489 0.218051 0.0531201 0.990593 0.126107 -0.196365 0.196207 -0.134178 0.971339 -0.562868 0 0 0 1 
38591597440136;0.499684;0.0519024;49;0.969529 -0.244973 0.00119765 -0.183659 0.244039 0.966239 0.0826217 -0.683588 -0.0213973 -0.0798119 0.99658 -0.855507 0 0 0 1 
38591597440137;0.297035;0.0453282;29;0.994225 0.10654 0.0128497 0.141242 -0.105612 0.992663 -0.0588837 0.726496 -0.0190289 0.0571866 0.998182 0.128546 0 0 0 1 
38591597440138;0.314957;0.0531793;39;0.938062 0.275788 0.209717 0.763127 -0.283343 0.958998 0.0062614 0.361845 -0.199391 -0.0652953 0.977742 -0.0982762 0 0 0 1 
38591597440139;0.155913;0.0427604;30;0.994979 -0.00850329 0.0997233 0.177781 0.0242649 0.987153 -0.157927 0.139234 -0.0970992 0.159554 0.982402 0.61545 0 0 0 1 
38591597440140;0.442404;0.0587447;39;0.984379 -0.0651672 0.163555 -0.10337 0.0138975 0.954838 0.296803 -0.209472 -0.175511 -0.289894 0.940828 0.161597 0 0 0 1 
38591597440141;0.257242;0.0507219;40;0.976125 0.173737 -0.130365 0.765884 -0.112567 0.917923 0.380455 -0.325377 0.185764 -0.356697 0.915565 -1.08988 0 0 0 1 
38591597440142;0.222719;0.0557622;30;0.97772 0.121972 0.170843 0.294681 -0.124432 0.992221 0.00372673 0.194127 -0.169059 -0.024902 0.985291 0.291743 0 0 0 1 
38591597440143;0.482302;0.0525634;40;0.941072 0.178716 -0.287131 0.835682 -0.0945755 0.954171 0.283924 -0.762505 0.324714 -0.240037 0.914846 -0.765892 0 0 0 1 
38591597440144;0.255934;0.045401;27;0.99643 0.0825315 -0.0177502 0.344937 -0.0823072 0.996522 0.0130131 0.357241 0.0187625 -0.0115057 0.999758 -0.519538 0 0 0 1 
38591597440145;0.370694;0.046036;60;0.920482 -0.329735 -0.209731 -0.476234 0.311102 0.943104 -0.117343 -0.31342 0.23649 0.0427649 0.970692 -0.151881 0 0 0 1 
38591597440146;0.299941;0.0401234;29;0.996044 0.0655174 -0.0600339 0.249769 -0.0709876 0.993034 -0.0940439 -0.129543 0.0534542 0.0979335 0.993756 0.770257 0 0 0 1 
38591597440147;0.410512;0.0539779;41;0.984069 -0.175239 0.0299983 -0.732638 0.175368 0.984502 -0.00169933 0.183846 -0.0292356 0.00693299 0.999549 -0.605845 0 0 0 1 
38591597440148;0.471802;0.0506118;67;0.895961 -0.414937 -0.158372 -0.552686 0.425145 0.904426 0.0355716 -0.634399 0.128475 -0.0992016 0.986739 -0.209814 0 0 0 1 
38591597440149;0.337741;0.0462127;27;0.999959 0.00462148 -0.00779701 0.150078 -0.00463228 0.999988 -0.00136821 0.290646 0.00779059 0.00140428 0.999969 -0.701344 0 0 0 1 
38591597440150;0.131256;0.0492824;26;0.998758 -0.0495289 -0.00543181 -0.170063 0.049501 0.998761 -0.00516602 0.10274 0.00568094 0.00489073 0.999972 -0.212547 0 0 0 1 
38591597440151;0.387023;0.0523324;54;0.963429 -0.247641 -0.102363 -0.464706 0.249612 0.968323 0.00671277 -0.644154 0.0974583 -0.0320184 0.994724 0.219921 0 0 0 1 
38591597440152;0.263342;0.0588416;62;0.960274 -0.27873 -0.0135471 -0.519174 0.279037 0.959677 0.0340321 -0.304144 0.00351505 -0.0364602 0.999329 -0.0433968 0 0 0 1 
38591597440153;0.441403;0.0418848;31;0.988954 0.137472 -0.0554171 0.439521 -0.127322 0.97932 0.157231 0.576762 0.0758859 -0.148438 0.986006 0.231501 0 0 0 1 
38591597440155;0.258376;0.00592118;29;0.99879 0.0428376 0.0241363 -0.601661 -0.0438729 0.998062 0.0441329 0.242616 -0.022199 -0.0451384 0.998734 0.518651 0 0 0 1 
38591597440156;0.221561;0.00587027;27;0.999757 0.0115078 -0.0188095 0.035465 -0.0129425 0.996867 -0.0780259 0.000906589 0.0178527 0.0782504 0.996774 -0.715916 0 0 0 1 
38591597440157;0.430412;0.00693156;59;0.90951 -0.415087 -0.0222498 0.811663 0.40444 0.896007 -0.183301 0.153784 0.0960218 0.157715 0.982805 -0.396111 0 0 0 1 
38591597440158;0.209175;0.00904974;29;0.987534 0.0356428 0.153315 -0.102551 -0.0423103 0.998285 0.0404476 0.17568 -0.151611 -0.0464302 0.987349 0.645858 0 0 0 1 
38591597440159;0.222826;0.00741139;42;0.963459 -0.222907 -0.148522 -0.00497264 0.212977 0.973784 -0.079909 -0.240456 0.16244 0.0453573 0.985675 -0.234945 0 0 0 1 
38591597440160;0.348174;0.00821885;30;0.997999 0.0462658 -0.0430991 -0.261577 -0.0492854 0.996197 -0.0718572 0.908532 0.0396107 0.0738376 0.996483 -0.548202 0 0 0 1 
38591597440161;0.528254;0.00582441;63;0.884982 -0.465605 0.00433159 1.20702 0.465325 0.884038 -0.0441518 -0.493061 0.0167281 0.0410892 0.999015 0.161495 0 0 0 1 
38591597440162;0.274646;0.00658916;32;0.997618 -0.0683705 -0.0091475 -0.737944 0.0684324 0.997634 0.00663683 -0.0201128 0.00867209 -0.00724701 0.999936 -0.12979 0 0 0 1 
38591597440163;0.298037;0.00912998;45;0.96212 -0.270099 -0.0370463 0.599733 0.271728 0.961079 0.0499159 -0.153644 0.0221221 -0.0580916 0.998066 -0.265889 0 0 0 1 
38591597440164;0.263298;0.00870123;34;0.976632 0.182724 -0.113143 -0.258713 -0.178088 0.982749 0.0498976 0.0830996 0.120308 -0.0285823 0.992325 0.547114 0 0 0 1 
38591597440165;0.352749;0.00789021;38;0.977813 0.207168 -0.0310416 -0.59679 -0.209056 0.955615 -0.207595 0.612889 -0.0133432 0.209478 0.977722 -0.421802 0 0 0 1 
38591597440166;0.206209;0.00754142;35;0.982877 -0.1818 0.0300264 0.332361 0.18317 0.98171 -0.0519154 0.20353 -0.020039 0.0565264 0.9982 -0.201677 0 0 0 1 
38591597440167;0.319448;0.00608048;28;0.999948 -0.0038546 0.0094597 0.353597 0.00387753 0.99999 -0.00240664 -0.460582 -0.00945032 0.00244319 0.999952 -0.753094 0 0 0 1 
38591597440168;0.116047;0.00606735;28;0.99979 0.0158384 -0.0130056 -0.0211867 -0.0174278 0.990974 -0.13292 0.126308 0.010783 0.133119 0.991041 -0.219172 0 0 0 1 
38591597440169;0.218803;0.0116951;33;0.997559 -0.0268561 0.0644586 0.0127296 0.0103944 0.96991 0.243241 -0.221138 -0.0690516 -0.241977 0.967822 0.48035 0 0 0 1 
38591597440170;0.167043;0.00873906;25;0.999663 0.0088951 -0.0244023 0.0532946 -0.00874261 0.999942 0.00634833 -0.0971231 0.0244573 -0.00613284 0.999682 -0.485669 0 0 0 1 
38591597440171;0.339075;0.00667786;41;0.961849 -0.254965 0.0991886 0.474496 0.256792 0.966449 -0.00589882 0.0725973 -0.0943567 0.0311447 0.995051 0.666579 0 0 0 1 
38591597440172;0.374586;0.00706753;33;0.976284 -0.0875601 -0.197998 1.06073 0.0506489 0.981558 -0.184333 0.0958985 0.210487 0.169933 0.962714 -0.0352937 0 0 0 1 
38591597440173;0.118391;0.00817665;26;0.997812 0.0267314 0.060464 -0.294516 -0.0244902 0.998996 -0.0375085 0.0175673 -0.061406 0.0359457 0.997465 0.171214 0 0 0 1 
38591597440174;0.158802;0.00714688;33;0.993206 -0.0369848 0.110333 -0.120464 0.0144452 0.98 0.198472 -0.0798669 -0.115467 -0.195529 0.973877 0.198535 0 0 0 1 
38591597440175;0.263758;0.00710381;38;0.963624 0.183838 0.193991 -0.554707 -0.198686 0.97823 0.0599131 0.0923871 -0.178753 -0.0962769 0.979172 0.358485 0 0 0 1 
38591597440176;0.174741;0.00769558;32;0.99851 -0.0535378 0.0105993 0.0527719 0.0508349 0.983013 0.176354 -0.353981 -0.0198608 -0.175552 0.98427 0.150699 0 0 0 1 
38591597440177;0.253101;0.00723707;32;0.992264 0.121882 0.0236199 -0.610042 -0.121198 0.992219 -0.0285165 -0.313121 -0.0269118 0.0254333 0.999314 -0.199216 0 0 0 1 
38591597440178;0.247175;0.00698458;31;0.996497 0.0786213 0.0284986 -0.36296 -0.0771678 0.995816 -0.048945 -0.565157 -0.0322275 0.0465744 0.998395 -0.157982 0 0 0 1 
38591597440179;0.388374;0.286618;24;0.982458 -0.180692 0.0461069 -0.169174 0.18349 0.980795 -0.066129 0.27362 -0.0332725 0.0734292 0.996745 0.118617 0 0 0 1 
38591597440180;0.287474;0.00850338;39;0.906988 0.289611 -0.305776 -0.0470128 -0.274414 0.957144 0.092583 0.241521 0.319485 -6.25232e-05 0.947591 -0.336363 0 0 0 1 
38591597440181;0.269146;0.00856257;29;0.998852 -0.0329848 0.0347363 0.214543 0.0294564 0.99479 0.0976016 -0.744037 -0.0377747 -0.0964664 0.994619 -0.123875 0 0 0 1 
38591597440182;0.36237;0.00667439;45;0.950522 0.285008 0.123604 -0.745179 -0.300795 0.943816 0.13687 0.1003 -0.0776506 -0.167278 0.982847 -0.152283 0 0 0 1 
38591597440183;0.418551;0.0104885;54;0.935702 -0.351931 0.024633 0.873349 0.350968 0.921497 -0.166329 -0.472633 0.0358371 0.164279 0.985763 -0.122656 0 0 0 1 
38591597440184;0.369769;0.00614464;31;0.999576 -0.0229613 0.0179298 -0.817629 0.025376 0.988551 -0.148738 -0.0546172 -0.0143093 0.14913 0.988714 -0.696187 0 0 0 1 
38591597440186;0.226268;0.0660329;24;0.999992 0.00280329 0.00280476 -0.0834972 -0.00283223 0.999942 0.0103669 -0.272759 -0.00277554 -0.0103748 0.999942 0.0558788 0 0 0 1 
38591597440187;0.539163;0.0609031;47;0.95721 -0.277036 0.08367 0.337174 0.2759 0.960859 0.0250811 -1.11625 -0.0873435 -0.000923363 0.996178 0.738063 0 0 0 1 
38591597440188;0.243538;0.0404652;35;0.971594 0.179873 0.153791 -0.213613 -0.202018 0.968873 0.143085 0.552744 -0.123267 -0.170089 0.977689 0.450258 0 0 0 1 
38591597440189;0.327282;0.069462;28;0.998218 -0.00992229 -0.0588361 0.202059 0.0131921 0.998374 0.0554487 -0.14408 0.0581903 -0.0561261 0.996727 -0.609581 0 0 0 1 
38591597440190;0.477387;0.0514619;34;0.945545 0.11047 0.306172 -0.0835439 -0.186156 0.955155 0.230271 0.408017 -0.267003 -0.274727 0.923707 1.37566 0 0 0 1 
38591597440191;0.452785;0.0542243;45;0.993024 0.00815831 0.117633 -0.0275618 -0.0600304 0.893624 0.444784 -0.0639083 -0.101491 -0.448743 0.887879 0.904685 0 0 0 1 
38591597440192;0.627235;0.407838;28;0.978562 -0.204853 0.0212377 0.573668 0.20242 0.975671 0.0842136 -0.967781 -0.0379724 -0.0781093 0.996221 0.837942 0 0 0 1 
38591597440193;0.3706;0.0439714;28;0.999944 0.00595068 0.00878711 -0.114263 -0.00463467 0.989734 -0.142843 0.237939 -0.00954692 0.142795 0.989706 -0.508488 0 0 0 1 
38591597440194;0.358294;0.0602565;36;0.982193 0.160188 0.0981655 0.303016 -0.161083 0.98694 0.00120958 0.142367 -0.0966897 -0.0170008 0.995169 0.146902 0 0 0 1 
38591597440195;0.380792;0.0411559;38;0.931532 0.29888 -0.207169 0.0432882 -0.300463 0.953478 0.0245407 0.807806 0.204866 0.0393862 0.977997 -0.302724 0 0 0 1 
38591597440196;0.614704;0.0492065;63;0.937681 -0.314939 -0.146858 -0.00724113 0.344442 0.89827 0.272894 -0.622271 0.0459731 -0.306472 0.950769 -0.0797766 0 0 0 1 
38591597440197;0.540834;0.04524;39;0.947321 0.305129 -0.0973618 0.609298 -0.309024 0.950659 -0.0274302 0.948679 0.0841881 0.0560723 0.994871 0.00223614 0 0 0 1 
38591597440198;0.653732;0.0415437;42;0.972051 0.232165 -0.0348825 0.0657885 -0.2329 0.934877 -0.267884 0.313882 -0.0295825 0.268521 0.962819 0.507562 0 0 0 1 
38591597440199;0.0659977;0.0556994;23;0.999724 -0.0221968 0.00772789 -0.0237962 0.0222649 0.999713 -0.00883786 -0.0971848 -0.0075295 0.00900748 0.999931 -0.0117105 0 0 0 1 
38591597440200;0.599375;0.0477043;30;0.997686 0.0643371 -0.0219763 0.572948 -0.0643645 0.997926 -0.000544279 0.777576 0.0218957 0.00195752 0.999758 0.0896255 0 0 0 1 
38591597440201;0.617035;0.0435679;33;0.995922 0.0563191 0.0704771 0.43311 -0.0378731 0.970039 -0.239979 0.212066 -0.081881 0.236331 0.968216 -0.548236 0 0 0 1 
38591597440202;0.728849;0.0554047;49;0.907382 -0.0458954 -0.417794 0.60396 0.156201 0.95965 0.233825 -0.734678 0.390205 -0.277428 0.877937 -0.0925493 0 0 0 1 
38591597440203;0.628996;0.0416536;38;0.956806 0.288907 -0.0324901 0.748063 -0.287847 0.957084 0.0336791 0.914304 0.0408259 -0.0228721 0.998904 0.097878 0 0 0 1 
38591597440204;0.361491;0.0504319;43;0.972353 -0.232006 -0.0265059 0.0172934 0.23293 0.971677 0.0398321 -0.641475 0.0165139 -0.0449049 0.998855 0.236877 0 0 0 1 
38591597440205;0.426394;0.0505752;33;0.980599 0.142483 0.134629 -0.426052 -0.168605 0.963382 0.208491 0.243175 -0.0999924 -0.227145 0.968714 0.71082 0 0 0 1 
38591597440206;0.39785;0.048478;36;0.982287 0.102417 0.156918 0.0137867 -0.153039 0.921707 0.356421 0.281073 -0.108129 -0.374122 0.921054 0.8128 0 0 0 1 
38591597440207;0.654746;0.0458328;34;0.987069 0.156224 0.0358893 -0.57109 -0.158026 0.985929 0.0545064 -0.197277 -0.0268691 -0.059473 0.997868 0.435902 0 0 0 1 
38591597440208;0.405729;0.0555935;32;0.964134 -0.0286104 0.263871 -0.142141 -0.0256508 0.979476 0.199923 -0.447998 -0.264175 -0.199521 0.943612 0.595235 0 0 0 1 
38591597440209;0.302589;0.052378;41;0.94189 0.335878 -0.00536435 -0.149619 -0.335648 0.941649 0.0252547 0.919996 0.0135338 -0.0219866 0.999667 0.0228279 0 0 0 1 
38591597440210;0.290612;0.0544449;32;0.995345 0.0929664 -0.0254275 -0.0879866 -0.0962629 0.971966 -0.214514 0.388276 0.00477201 0.215963 0.97639 0.0541842 0 0 0 1 
38591597440211;0.669792;0.0533515;37;0.980964 0.160607 0.109156 -0.275975 -0.17394 0.976639 0.126181 -0.432104 -0.0863402 -0.142765 0.985983 0.542907 0 0 0 1 
38591597440212;0.674895;0.0609396;36;0.922348 0.116253 0.368456 0.762567 -0.233346 0.927695 0.29143 0.639456 -0.307935 -0.354778 0.882785 1.14944 0 0 0 1 
38591597440213;0.74739;0.0619684;37;0.989042 0.0665963 -0.131758 0.119942 -0.0345757 0.972144 0.231822 -0.992408 0.143526 -0.224726 0.963794 -0.0326911 0 0 0 1 
38591597440214;0.177349;0.0471901;30;0.999624 0.00591714 -0.0267789 0.0985598 -0.0106798 0.983355 -0.18138 0.0448908 0.0252599 0.181598 0.983048 -0.274446 0 0 0 1 
38591597440215;0.720627;0.0451037;28;0.991356 0.0617675 -0.115747 -0.0203776 -0.0698417 0.995302 -0.0670488 0.533464 0.111062 0.0745533 0.991013 -1.32081 0 0 0 1 
38591597440217;0.284412;0.025951;26;0.999895 -0.0142787 -0.00265916 0.244665 0.014309 0.999829 0.0117328 0.0451549 0.00249118 -0.0117696 0.999928 0.603898 0 0 0 1 
38591597440218;0.175507;0.030822;34;0.980528 0.193285 -0.0347258 -0.157598 -0.194546 0.980174 -0.0375534 0.221902 0.0267788 0.0435779 0.998691 -0.0357856 0 0 0 1 
38591597440219;0.263573;0.0291712;35;0.983186 0.182532 0.00516037 -0.186466 -0.182526 0.9832 -0.00160811 0.338735 -0.0053672 0.000639168 0.999985 0.400397 0 0 0 1 
38591597440220;0.260161;0.0229568;28;0.998744 0.0335283 -0.0372387 0.0265592 -0.0323632 0.998981 0.0314621 0.52328 0.0382556 -0.0302174 0.998811 0.22097 0 0 0 1 
38591597440221;0.443483;0.0266338;34;0.993879 -0.0921391 -0.0609513 0.93403 0.102364 0.975561 0.194427 0.0921966 0.0415474 -0.199476 0.979021 0.374999 0 0 0 1 
38591597440222;0.400675;0.0235893;30;0.995407 0.0910676 0.0295258 -0.254322 -0.0918245 0.995452 0.0253773 0.32614 -0.0270805 -0.0279719 0.999242 -0.827343 0 0 0 1 
38591597440223;0.500048;0.0235949;55;0.899629 0.430167 0.0749891 -0.471303 -0.434335 0.899233 0.0522755 0.982292 -0.0449455 -0.0795989 0.995813 0.41925 0 0 0 1 
38591597440224;0.319063;0.027885;27;0.99964 0.0241936 -0.0116224 0.165045 -0.0241869 0.999707 0.000712843 0.147103 0.0116363 -0.000431475 0.999932 -0.742858 0 0 0 1 
38591597440225;0.246702;0.0298347;34;0.986466 -0.101204 0.129008 0.139389 0.0781935 0.981921 0.172385 0.137037 -0.144122 -0.159964 0.976545 -0.0592857 0 0 0 1 
38591597440226;0.422905;0.0279219;56;0.883718 0.405834 0.233113 -0.286553 -0.35596 0.906206 -0.228219 0.536161 -0.303867 0.118702 0.945291 0.305075 0 0 0 1 
38591597440227;0.114525;0.0312464;26;0.998753 0.00306433 0.0498345 -0.0903852 -0.00766485 0.995693 0.0923889 -0.294806 -0.0493368 -0.0926557 0.994475 0.033376 0 0 0 1 
38591597440228;0.227089;0.0304641;40;0.963568 -0.264557 0.039333 0.126873 0.266128 0.963013 -0.0422163 -0.15623 -0.0267096 0.0511459 0.998334 0.0672003 0 0 0 1 
38591597440229;0.366377;0.0261247;39;0.962412 0.269804 0.0311318 -0.541491 -0.267941 0.961946 -0.0535521 0.598824 -0.0443957 0.0431977 0.99808 -0.217695 0 0 0 1 
38591597440230;0.40791;0.0242249;26;0.999879 0.00854234 0.0130256 -0.0523426 -0.0094658 0.997319 0.0725657 -0.0588936 -0.0123708 -0.0726802 0.997279 0.996259 0 0 0 1 
38591597440231;0.122929;0.033601;27;0.99736 0.0624771 -0.0370124 0.0946029 -0.058823 0.993954 0.0927155 -0.244502 0.0425812 -0.0902936 0.995004 0.0507736 0 0 0 1 
38591597440232;0.235296;0.0242561;40;0.964663 -0.26145 0.0327023 0.289907 0.261102 0.965201 0.0145665 -0.288004 -0.0353727 -0.00551313 0.999359 -0.0372615 0 0 0 1 
38591597440233;0.450082;0.0370335;39;0.90906 -0.00300216 -0.416655 0.650473 0.119018 0.960182 0.252755 -0.454899 0.399306 -0.279359 0.87322 -0.394531 0 0 0 1 
38591597440234;0.442338;0.0328603;54;0.890439 -0.452398 -0.0495317 0.512732 0.443152 0.886685 -0.131934 0.010067 0.103605 0.0955288 0.99002 -0.251974 0 0 0 1 
38591597440235;0.600621;0.0268868;53;0.907383 0.419716 -0.0222426 -0.570924 -0.41825 0.906908 0.0508358 1.13442 0.0415086 -0.0368246 0.998459 0.556125 0 0 0 1 
38591597440236;0.098733;0.0225058;27;0.996079 0.059081 -0.0658433 0.140951 -0.0586895 0.998245 0.00786595 0.00958065 0.0661925 -0.0039708 0.997799 -0.161024 0 0 0 1 
38591597440237;0.391996;0.0336114;33;0.993035 -0.115565 -0.0229401 0.495556 0.117063 0.989804 0.0811398 0.278214 0.0133293 -0.0832601 0.996439 0.598115 0 0 0 1 
38591597440238;0.352561;0.0254258;42;0.918742 0.217757 0.329386 -0.315214 -0.261762 0.960428 0.0951814 0.117281 -0.295625 -0.173668 0.939386 0.556746 0 0 0 1 
38591597440239;0.273596;0.0302241;44;0.94936 -0.300141 0.0929006 0.276808 0.302762 0.952945 -0.0152037 -0.329815 -0.0839659 0.0425605 0.995559 -0.0771268 0 0 0 1 
38591597440240;0.59112;0.0326318;51;0.91092 -0.394542 -0.12067 0.993418 0.40596 0.909299 0.0914951 -0.868469 0.0736261 -0.132332 0.988467 0.573315 0 0 0 1 
38591597440241;0.457943;0.0305056;48;0.923637 0.383226 0.00567479 -0.121699 -0.382464 0.922557 -0.0510778 0.477875 -0.0248096 0.0450069 0.998679 -0.651896 0 0 0 1 
38591597440242;0.307705;0.0276435;36;0.981943 0.1875 0.0251166 0.231252 -0.187836 0.98213 0.0117279 -0.391365 -0.0224688 -0.0162339 0.999616 -0.0159553 0 0 0 1 
38591597440243;0.105317;0.0317672;26;0.99814 -0.0608967 0.00294917 0.103076 0.0608723 0.998115 0.00775099 -0.119602 -0.00341562 -0.00755705 0.999966 -0.176092 0 0 0 1 
38591597440244;0.562292;0.0293327;49;0.915445 -0.382516 -0.125068 0.909828 0.351555 0.911355 -0.214106 -0.0519656 0.19588 0.152034 0.968771 -0.962612 0 0 0 1 
38591597440245;0.374359;0.0277695;34;0.992696 -0.111222 -0.0467429 -0.498206 0.113679 0.992066 0.0536818 0.270337 0.0404014 -0.0586034 0.997463 0.307246 0 0 0 1 
38591597440246;0.451519;0.0281298;62;0.880249 0.474471 -0.00618889 -0.0473813 -0.474491 0.880016 -0.020729 0.766409 -0.004389 0.0211833 0.999766 -0.290509 0 0 0 1 
38591597440248;0.275634;0.00795682;44;0.951167 0.308462 0.0114717 -0.422144 -0.30818 0.95109 -0.0212824 0.408607 -0.0174754 0.0167078 0.999708 0.0356688 0 0 0 1 
38591597440249;0.256114;0.00997827;36;0.958305 -0.18219 -0.220131 0.586324 0.168984 0.982562 -0.0775661 -0.0600568 0.230424 0.0371334 0.972382 -0.379789 0 0 0 1 
38591597440250;0.238063;0.011508;33;0.922347 -0.0150134 -0.386072 0.234828 -0.0403871 0.990024 -0.134987 0.289366 0.384247 0.140097 0.912539 -0.497371 0 0 0 1 
38591597440251;0.292932;0.00679806;26;0.999988 -0.0011503 0.00470104 -0.0275704 0.00112534 0.999985 0.00530747 -0.0200218 -0.00470708 -0.00530212 0.999975 0.861266 0 0 0 1 
38591597440252;0.40515;0.00797899;43;0.994933 0.00168209 0.100527 -0.211055 0.0473632 0.874123 -0.483389 0.47886 -0.0886859 0.485701 0.869614 -0.308054 0 0 0 1 
