#;prob_registration_l1 -r /home/probabilistic_point_clouds_registration/build/tester /home/point_clouds_registration_benchmark//devel/registration_pairs/hauptgebaude_local.txt /home/point_clouds_registration_benchmark//eth/hauptgebaude -s 0.2 -t 0.2 -p 0.3 -r 1000 -m 10 -n 20 -i 200 
id;initial_error;final_error;transformation
3394309160000;0.248226;0.00882803;37;0.999262 -0.00194737 0.0383584 0.577292 0.000416508 0.999205 0.0398769 -0.0383281 -0.0384056 -0.0398315 0.998468 -0.0148383 0 0 0 1 
3394309160001;0.28369;0.00984582;31;0.992966 0.115407 -0.0264328 -0.400995 -0.11365 0.991682 0.060427 0.84833 0.0331867 -0.0569979 0.997823 -0.63905 0 0 0 1 
3394309160002;0.278932;0.00693451;50;0.976853 -0.00630238 0.213819 -0.0968121 0.00435364 0.999945 0.00958362 -0.078354 -0.213868 -0.00843089 0.976826 0.742022 0 0 0 1 
3394309160003;0.0682056;0.00699194;31;0.995449 -0.0914195 0.0269058 0.0177487 0.0918469 0.995659 -0.0151009 -0.590985 -0.0254085 0.0175034 0.999524 0.177965 0 0 0 1 
3394309160004;0.286924;0.00794017;34;0.999027 0.0401221 -0.0183361 0.579575 -0.039939 0.99915 0.0102488 0.733263 0.0187317 -0.00950649 0.999779 -0.289141 0 0 0 1 
3394309160005;0.492031;0.00876667;73;0.906265 0.38435 0.175951 -0.226347 -0.409422 0.901665 0.139191 2.58387 -0.105151 -0.198183 0.974509 0.325597 0 0 0 1 
3394309160006;0.393899;0.00690952;42;0.98803 0.025338 0.152169 -0.217119 -0.026341 0.999643 0.00457881 0.553919 -0.151999 -0.00853228 0.988344 1.90458 0 0 0 1 
3394309160007;0.411602;0.0121766;42;0.885043 -0.33749 0.320622 0.382142 0.343918 0.938221 0.0382332 -2.0892 -0.313718 0.0764297 0.946435 1.4153 0 0 0 1 
3394309160008;0.42721;0.00907386;77;0.954665 -0.294938 -0.0403176 0.467679 0.295654 0.955207 0.0129817 -1.88215 0.0346828 -0.0243132 0.999103 0.673776 0 0 0 1 
3394309160009;0.395375;0.00759751;46;0.978168 -0.200143 -0.0559565 0.415343 0.194721 0.976748 -0.0897045 -1.46436 0.0726091 0.0768501 0.994395 0.404353 0 0 0 1 
3394309160010;0.216746;0.0088882;40;0.991634 -0.00596397 -0.128943 -0.0990781 -0.0165808 0.984771 -0.173063 0.491583 0.128011 0.173753 0.976434 -0.587676 0 0 0 1 
3394309160011;0.228138;0.778211;47;0.948901 -0.220546 -0.225713 2.50233 0.24378 0.966484 0.0804935 -1.74339 0.200395 -0.131405 0.970863 -1.11355 0 0 0 1 
3394309160012;0.324315;0.791488;51;0.943844 -0.328134 -0.0385532 1.81308 0.330051 0.931131 0.155117 -2.33416 -0.0150012 -0.159131 0.987144 -0.177131 0 0 0 1 
3394309160013;0.268523;0.00845201;42;0.997705 0.0607747 -0.0298532 0.646675 -0.060907 0.998137 -0.00354372 0.0934696 0.0295822 0.00535385 0.999548 -0.426373 0 0 0 1 
3394309160014;0.217364;0.00781926;37;0.999771 0.0188635 0.0100983 -0.00270069 -0.0205428 0.978235 0.206482 -0.317932 -0.00598354 -0.206643 0.978398 0.282385 0 0 0 1 
3394309160015;0.198549;0.00786655;52;0.971903 0.1085 0.208881 -0.235029 -0.103399 0.994016 -0.0352177 0.721231 -0.211453 0.01263 0.977307 1.47247 0 0 0 1 
3394309160016;0.362241;0.00981751;54;0.888434 -0.220793 0.402413 0.557626 0.217878 0.9745 0.0536598 -1.68077 -0.403999 0.0400036 0.913884 3.19021 0 0 0 1 
3394309160017;0.403444;0.00937673;41;0.925128 -0.272776 0.264066 -0.506822 0.265577 0.962008 0.063317 -1.26648 -0.271305 0.0115535 0.962424 1.79355 0 0 0 1 
3394309160018;0.415951;0.00852452;50;0.958671 0.268704 0.0935296 -0.606724 -0.273128 0.961227 0.0380052 1.95165 -0.079691 -0.0619801 0.994891 0.403477 0 0 0 1 
3394309160019;0.389264;0.0067984;48;0.967027 0.254432 -0.0111063 0.0961099 -0.254414 0.967091 0.00306936 1.31432 0.0115218 -0.000142549 0.999934 -0.840217 0 0 0 1 
3394309160020;0.355901;0.00979604;55;0.943562 -0.159069 -0.290497 0.846562 0.063952 0.948111 -0.311441 0.0186128 0.324964 0.275286 0.904774 -1.67415 0 0 0 1 
3394309160021;0.307009;0.00997913;40;0.991366 -0.119369 -0.0542634 0.638605 0.12864 0.965567 0.226126 -1.13124 0.0254024 -0.231154 0.972586 -0.300494 0 0 0 1 
3394309160022;0.159878;0.00854041;43;0.97932 -0.0352458 0.199225 -0.240457 0.0509353 0.995943 -0.0741829 -0.255594 -0.195802 0.0827964 0.977142 1.2796 0 0 0 1 
3394309160023;0.179015;0.00782033;34;0.995386 -0.0426087 0.0859774 -0.159673 0.044593 0.998778 -0.0212918 -0.326321 -0.0849651 0.0250276 0.99607 0.13896 0 0 0 1 
3394309160024;0.448507;0.780064;56;0.900622 -0.432606 0.0416095 2.44209 0.431005 0.901358 0.0422971 -2.74546 -0.055803 -0.0201598 0.998238 1.1387 0 0 0 1 
3394309160025;0.259237;0.00893014;39;0.986695 0.162523 -0.00441353 -0.0621108 -0.162178 0.985788 0.0438307 1.04984 0.0114743 -0.0425318 0.999029 -0.597327 0 0 0 1 
3394309160026;0.300277;0.00887467;45;0.994432 0.0824592 0.0656183 0.359399 -0.0786299 0.99516 -0.0589464 -0.0616689 -0.0701613 0.0534586 0.996102 0.777992 0 0 0 1 
3394309160027;0.421694;0.765811;49;0.956227 -0.224406 -0.187806 2.42206 0.262272 0.94188 0.209942 -2.62073 0.129778 -0.250008 0.959507 -0.310469 0 0 0 1 
3394309160028;0.443835;0.00877406;59;0.924849 0.108814 0.364437 -0.0619085 0.00418184 0.955232 -0.295828 0.80283 -0.380312 0.27512 0.88299 2.33161 0 0 0 1 
3394309160029;0.512116;0.0084816;46;0.998984 -0.0230267 0.038733 0.295332 0.0352125 0.935275 -0.352165 0.487734 -0.0281168 0.353171 0.935136 -0.657366 0 0 0 1 
3394309160031;0.426851;0.00712734;81;0.96166 -0.205477 -0.181631 0.209506 0.227617 0.96744 0.110683 -0.70501 0.152974 -0.147782 0.977118 -0.959043 0 0 0 1 
3394309160032;0.353703;0.00814744;75;0.914842 -0.382892 -0.128287 -0.0387536 0.386378 0.922337 0.00249011 -0.0631081 0.11737 -0.0518452 0.991734 -0.207597 0 0 0 1 
3394309160033;0.139215;0.00865547;41;0.993464 -0.0278639 -0.110696 0.0384789 0.022736 0.998621 -0.0473198 -0.190949 0.111861 0.0444937 0.992727 0.102625 0 0 0 1 
3394309160034;0.389775;0.00925441;62;0.92781 0.371854 -0.0298775 -0.249025 -0.369676 0.927211 0.0601615 0.369308 0.0500741 -0.0447735 0.997741 -0.543663 0 0 0 1 
3394309160035;0.19696;0.00622317;43;0.976635 0.175055 -0.12466 0.0860141 -0.189223 0.97545 -0.112661 0.459027 0.101878 0.133618 0.985783 -0.0771894 0 0 0 1 
3394309160036;0.370886;0.00831216;62;0.937472 -0.3453 -0.0437524 -0.30881 0.346287 0.912622 0.21727 -0.455908 -0.0350937 -0.218835 0.975131 0.341785 0 0 0 1 
3394309160037;0.384635;0.00845951;48;0.912601 -0.248921 0.324341 -0.244942 0.185343 0.958981 0.214485 -0.777925 -0.364427 -0.135625 0.921303 0.0717945 0 0 0 1 
3394309160038;0.368064;0.00963209;58;0.948397 0.316755 -0.0144766 -0.606946 -0.316688 0.943932 -0.0932836 0.653349 -0.0158832 0.0930544 0.995534 -0.0179041 0 0 0 1 
3394309160039;0.0746977;0.00665739;29;0.999519 0.0071135 0.0301713 -0.106253 -0.00732515 0.999949 0.00691021 -0.0197428 -0.0301206 -0.0071279 0.999521 -0.111217 0 0 0 1 
3394309160040;0.279481;0.00671109;49;0.929402 -0.329541 0.166179 0.0826509 0.311616 0.941936 0.125105 -0.558667 -0.197757 -0.0644887 0.978127 0.365162 0 0 0 1 
3394309160041;0.389623;0.00848423;71;0.893571 -0.448331 -0.0230293 0.574461 0.4487 0.89034 0.0772171 -0.655262 -0.0141149 -0.0793322 0.996748 -0.0591002 0 0 0 1 
3394309160042;0.283783;0.00812229;50;0.986093 -0.166188 0.00168646 -0.460871 0.166189 0.986094 -0.000248139 -0.09476 -0.00162177 0.00052496 0.999999 -0.380759 0 0 0 1 
3394309160043;0.314339;0.00803993;35;0.998206 0.0596665 0.00504045 0.205457 -0.0595435 0.98019 0.1889 -0.0592349 0.00633039 -0.188861 0.981983 0.66226 0 0 0 1 
3394309160044;0.531805;0.00733223;61;0.890656 0.4332 -0.138092 -0.482782 -0.417851 0.899591 0.127029 0.715846 0.179255 -0.0554375 0.982239 0.477361 0 0 0 1 
3394309160045;0.395186;0.388992;30;0.987956 0.0894324 0.12627 -0.248487 -0.0789866 0.993207 -0.0854484 -0.100294 -0.133055 0.0744456 0.988309 0.189123 0 0 0 1 
3394309160046;0.217132;0.0110728;42;0.990071 -0.140553 -0.00207702 0.166553 0.140568 0.990009 0.0111101 -0.605564 0.000494702 -0.0112918 0.999936 0.1346 0 0 0 1 
3394309160047;0.371665;0.00760233;34;0.975975 -0.153276 0.154851 -0.0758047 0.168652 0.981417 -0.0915282 0.0956206 -0.137945 0.115445 0.983689 -0.606832 0 0 0 1 
3394309160048;0.441321;0.0103562;74;0.892801 0.356378 0.275503 -0.363095 -0.29638 0.925325 -0.236503 0.759541 -0.339214 0.129496 0.931753 0.863009 0 0 0 1 
3394309160049;0.529697;0.0089658;63;0.96707 -0.251092 -0.041576 -0.0202581 0.24669 0.884576 0.395815 -1.45943 -0.0626087 -0.393037 0.917389 0.220434 0 0 0 1 
3394309160050;0.242722;0.00764688;31;0.98419 -0.122743 0.127691 -0.00943054 0.123598 0.992332 0.00123428 -0.200561 -0.126863 0.0145676 0.991813 0.666849 0 0 0 1 
3394309160051;0.288745;0.00945963;51;0.976638 -0.0156817 0.214316 -0.205692 -0.00665612 0.994648 0.103111 -0.0723826 -0.214786 -0.102129 0.971307 0.873093 0 0 0 1 
3394309160052;0.346607;0.00978002;42;0.995665 0.0914388 0.0170479 0.0874192 -0.091625 0.995738 0.0104853 0.0095846 -0.0160164 -0.0120019 0.9998 -0.791177 0 0 0 1 
3394309160053;0.177457;0.00655475;40;0.992904 -0.00380778 0.118856 -0.30341 0.00383107 0.999993 3.25033e-05 -0.203789 -0.118855 0.000423074 0.992911 0.397322 0 0 0 1 
3394309160054;0.393365;0.00725143;33;0.997501 -0.0362843 -0.0606242 0.651258 0.0464891 0.983209 0.176463 -0.692673 0.0532034 -0.17884 0.982439 0.413591 0 0 0 1 
3394309160055;0.395101;0.0071773;32;0.998444 -0.0539372 0.0141725 0.747496 0.0548861 0.99541 -0.0783969 0.186186 -0.00987893 0.0790528 0.996821 -0.54392 0 0 0 1 
3394309160056;0.394726;0.00666614;39;0.984712 0.173418 0.0163754 -0.592453 -0.173881 0.973012 0.151698 0.442815 0.0103737 -0.152226 0.988291 -0.488197 0 0 0 1 
3394309160057;0.649395;0.00754213;55;0.928341 0.365611 0.0671707 -0.95098 -0.331232 0.895604 -0.29695 1.37808 -0.168726 0.253422 0.952528 0.517912 0 0 0 1 
3394309160058;0.444142;0.00787359;53;0.973566 0.228098 0.0118252 -0.326042 -0.2272 0.972444 -0.0522822 0.65996 -0.0234248 0.0482135 0.998562 0.867223 0 0 0 1 
3394309160059;0.406193;0.367725;32;0.98315 0.00178754 0.182792 0.476961 0.00731441 0.998767 -0.0491077 -0.53655 -0.182654 0.0496173 0.981924 0.681009 0 0 0 1 
3394309160060;0.43448;0.00936418;77;0.904509 0.425965 -0.0204193 0.0939861 -0.423344 0.891111 -0.163407 0.829449 -0.0514098 0.156448 0.986347 -0.441036 0 0 0 1 
3394309160062;0.235158;0.0158497;41;0.950908 -0.265997 0.158178 0.452832 0.280555 0.956679 -0.0778151 -6.14892 -0.130627 0.118373 0.98434 2.92112 0 0 0 1 
3394309160063;0.42419;0.0170032;41;0.976452 0.215558 -0.00872631 0.792844 -0.215331 0.9763 0.0216769 4.44663 0.0131921 -0.0192874 0.999727 0.681351 0 0 0 1 
3394309160064;0.439802;1.17249;53;0.891945 0.409069 0.192603 -0.998826 -0.413634 0.91027 -0.0177801 9.13998 -0.182594 -0.0638084 0.981116 3.7299 0 0 0 1 
3394309160065;0.350677;0.0174751;39;0.987203 0.0856078 0.134545 0.306137 -0.0882217 0.996008 0.0135764 1.34515 -0.132846 -0.0252725 0.990814 2.22629 0 0 0 1 
3394309160066;0.242534;0.0146564;36;0.999309 0.0122932 -0.0350909 -0.155887 -0.019446 0.977197 -0.211441 0.213525 0.0316914 0.211977 0.976761 -0.15759 0 0 0 1 
3394309160067;0.392633;0.237125;30;0.974793 0.116602 0.190217 -0.346111 -0.102799 0.991405 -0.0809186 2.45255 -0.198018 0.0593246 0.978402 3.98048 0 0 0 1 
3394309160068;0.328762;0.0212805;32;0.98881 0.147828 0.0200567 0.237384 -0.14916 0.982017 0.115728 3.72403 -0.00258818 -0.117425 0.993078 -0.411414 0 0 0 1 
3394309160069;0.0998438;0.0148874;25;0.999768 0.0205235 -0.00651127 0.253714 -0.0205239 0.999789 -3.25057e-06 0.462283 0.00650983 0.000136887 0.999979 -0.220868 0 0 0 1 
3394309160070;0.429464;0.0189309;59;0.915195 0.290708 0.279119 1.47458 -0.351652 0.914365 0.200692 7.56586 -0.196874 -0.281825 0.93905 4.348 0 0 0 1 
3394309160071;0.0989399;0.0164716;27;0.998389 0.0559115 -0.00963956 0.0658016 -0.0558609 0.998424 0.00544127 1.19955 0.0099286 -0.00489403 0.999939 -0.417885 0 0 0 1 
3394309160072;0.334886;0.0119058;53;0.937789 -0.346359 -0.024227 1.083 0.34362 0.91584 0.207754 -7.9372 -0.0497696 -0.203155 0.977881 0.674609 0 0 0 1 
3394309160073;0.372916;0.0134898;30;0.989337 -0.145629 0.00212339 0.856395 0.145618 0.989329 0.00476696 -3.26832 -0.00279494 -0.00440692 0.999986 0.43504 0 0 0 1 
3394309160074;0.236373;0.0115518;38;0.983244 -0.177655 -0.0408662 0.308813 0.180193 0.981116 0.0702951 -4.07302 0.0276062 -0.076481 0.996689 -1.08466 0 0 0 1 
3394309160075;0.259352;0.0171946;35;0.979663 0.0767736 -0.185382 0.710489 -0.123137 0.959504 -0.253356 2.94662 0.158424 0.271031 0.949444 -3.19862 0 0 0 1 
3394309160076;0.21267;0.0186527;42;0.973586 0.17501 0.146638 0.466434 -0.161237 0.981719 -0.10115 3.79822 -0.16166 0.0748343 0.984005 3.73577 0 0 0 1 
3394309160077;0.259302;0.0179416;34;0.98922 0.140521 -0.041197 0.24957 -0.145264 0.977189 -0.154919 3.26061 0.0184879 0.159233 0.987068 0.344165 0 0 0 1 
3394309160078;0.466153;0.0148903;58;0.883063 -0.424523 0.199949 1.6908 0.444778 0.893034 -0.0682857 -9.40444 -0.149572 0.149234 0.977424 4.16173 0 0 0 1 
3394309160079;0.423773;0.0145454;32;0.966349 -0.162579 0.199344 -0.314365 0.186567 0.976486 -0.10802 -3.90197 -0.177094 0.141576 0.973958 3.35815 0 0 0 1 
3394309160080;0.255153;0.0126024;34;0.992346 0.0126144 0.122842 0.130618 0.00576491 0.988952 -0.148123 0.0649944 -0.123354 0.147698 0.98131 2.38063 0 0 0 1 
3394309160081;0.296072;0.0156271;27;0.997278 -0.0666601 0.0315017 0.319862 0.0667203 0.997771 -0.000863161 -0.829806 -0.031374 0.00296262 0.999503 0.601056 0 0 0 1 
3394309160082;0.355531;0.0114107;63;0.905428 -0.416324 -0.0829107 1.84995 0.41125 0.908691 -0.071788 -8.91012 0.105227 0.0309018 0.993968 -2.27927 0 0 0 1 
3394309160083;0.180325;0.0129117;32;0.997335 -0.071974 -0.0119463 -0.0181658 0.0729247 0.978422 0.193321 -1.96162 -0.00222552 -0.193677 0.981063 -0.0296829 0 0 0 1 
3394309160084;0.188147;0.0183571;30;0.997645 -0.0276448 -0.0627668 -0.135471 0.0266486 0.999506 -0.0166548 -0.38143 0.0631962 0.0149429 0.997889 -1.70226 0 0 0 1 
3394309160085;0.149775;0.0154594;30;0.997025 0.0122074 0.0761063 -0.107926 -0.0246923 0.985928 0.165338 0.220711 -0.073017 -0.166725 0.983296 1.41558 0 0 0 1 
3394309160086;0.360181;0.014707;31;0.976208 0.0312131 -0.214578 1.30679 -0.0482531 0.996043 -0.0746371 1.22316 0.211399 0.0832153 0.973851 -3.71039 0 0 0 1 
3394309160087;0.069233;0.0140642;30;0.996389 -0.0823757 -0.0205753 0.0355367 0.0827138 0.996442 0.0161564 -1.83136 0.0191713 -0.0177999 0.999658 -0.404204 0 0 0 1 
3394309160088;0.334175;0.0123865;38;0.957665 -0.245911 0.149682 -0.270336 0.222712 0.962312 0.156063 -5.05161 -0.182418 -0.116121 0.97634 3.57761 0 0 0 1 
3394309160089;0.384231;0.016583;34;0.967744 -0.218161 0.126003 0.0658784 0.206275 0.973281 0.100872 -4.93563 -0.144642 -0.0716268 0.986888 2.30482 0 0 0 1 
3394309160090;0.357505;0.0135427;51;0.947001 -0.299959 0.11495 0.72782 0.315628 0.935409 -0.15934 -6.31798 -0.0597295 0.187176 0.980509 1.87743 0 0 0 1 
3394309160091;0.460987;0.0124987;46;0.970917 0.232104 0.0587217 0.412661 -0.234535 0.971345 0.0384992 4.13333 -0.0481032 -0.0511518 0.997532 0.57454 0 0 0 1 
3394309160093;0.186714;0.044459;37;0.981262 -0.0769242 -0.176656 0.46056 0.0820809 0.996381 0.0220604 -1.43264 0.17432 -0.0361471 0.984025 -3.43556 0 0 0 1 
3394309160094;0.310812;0.04697;30;0.985901 -0.129902 0.105479 0.340774 0.130342 0.991465 0.00273384 -1.72342 -0.104934 0.011053 0.994418 1.98357 0 0 0 1 
3394309160095;0.222858;0.0433392;28;0.998623 -0.0370842 -0.0371057 0.207315 0.0364193 0.999166 -0.018439 -0.731684 0.0377586 0.0170623 0.999141 -0.157098 0 0 0 1 
3394309160096;0.38163;0.0445627;31;0.99563 -0.0780643 -0.051255 0.241593 0.0832992 0.990488 0.109518 -1.78219 0.0422181 -0.113309 0.992662 0.0264854 0 0 0 1 
3394309160097;0.257713;0.045542;27;0.99982 0.00582518 -0.0180379 -0.120174 -0.0056464 0.999935 0.00994624 0.131459 0.0180946 -0.00984261 0.999788 0.368495 0 0 0 1 
3394309160098;0.436886;0.829537;58;0.889344 0.444001 0.109228 -0.12991 -0.410575 0.880596 -0.236597 7.94897 -0.201235 0.165569 0.965449 3.78291 0 0 0 1 
3394309160099;0.352112;0.0499159;40;0.990882 0.0983963 0.0920434 0.587974 -0.0801469 0.979582 -0.184381 2.00297 -0.108306 0.175323 0.978535 1.76614 0 0 0 1 
3394309160100;0.383134;0.0449576;30;0.996339 -0.0186614 -0.0834273 0.28232 0.0242349 0.997505 0.0663018 -0.386271 0.0819819 -0.0680809 0.994306 -0.560396 0 0 0 1 
3394309160101;0.349174;0.0442205;38;0.999829 0.00721009 0.0170236 -0.00227424 -0.00331355 0.975793 -0.218672 0.758473 -0.0181881 0.218578 0.97565 1.34495 0 0 0 1 
3394309160102;0.328612;0.0449009;30;0.989459 0.0972398 -0.107311 0.274642 -0.0839721 0.988983 0.121904 1.46597 0.117983 -0.111608 0.986724 -1.43423 0 0 0 1 
3394309160103;0.353684;0.0429477;29;0.997634 -0.00765113 0.0683258 -0.884154 0.00402859 0.998586 0.0529998 -0.222841 -0.0686347 -0.0525992 0.996254 1.71865 0 0 0 1 
3394309160104;0.220681;0.0424345;31;0.979824 -0.14224 0.140402 -0.369489 0.136911 0.989469 0.0469615 -2.12706 -0.145603 -0.0267913 0.98898 2.5477 0 0 0 1 
3394309160105;0.408456;0.809593;50;0.927823 0.361523 0.091895 -0.639976 -0.368555 0.926467 0.0763339 6.89408 -0.0575412 -0.104693 0.992839 1.48787 0 0 0 1 
3394309160106;0.441483;0.0427038;43;0.894929 -0.422145 0.144555 1.45466 0.373282 0.885779 0.275783 -7.26319 -0.244465 -0.192846 0.950288 4.67798 0 0 0 1 
3394309160107;0.532391;0.0387946;51;0.915623 -0.371683 -0.153253 2.0543 0.35624 0.926753 -0.119259 -6.30463 0.186354 0.0546016 0.980964 -3.80454 0 0 0 1 
3394309160108;0.223867;0.0443515;26;0.999959 0.00900778 -0.000491015 -0.184942 -0.00900342 0.999925 0.00825749 0.101943 0.00056536 -0.00825273 0.999966 0.587742 0 0 0 1 
3394309160109;0.0784344;0.0450869;32;0.994586 -0.103822 -0.00447392 -0.114106 0.10389 0.994394 0.0196919 -1.886 0.00240439 -0.0200501 0.999796 -0.0641502 0 0 0 1 
3394309160110;0.305364;0.0469893;35;0.985521 -0.160181 0.055595 -0.36122 0.167798 0.968465 -0.184174 -2.87327 -0.0243406 0.190836 0.98132 1.36582 0 0 0 1 
3394309160111;0.289575;0.837075;46;0.947017 0.248677 0.203271 -0.736083 -0.231829 0.967261 -0.103255 4.35602 -0.222293 0.0506599 0.973663 4.36045 0 0 0 1 
3394309160112;0.386373;0.0415456;39;0.967905 -0.247362 0.0444028 0.114783 0.247002 0.968921 0.0135038 -4.58135 -0.0463631 -0.00210283 0.998922 1.69441 0 0 0 1 
3394309160113;0.347639;0.0437458;28;0.999281 0.0379143 -2.44274e-05 -0.189316 -0.0379143 0.999281 -9.23563e-06 0.988597 2.40596e-05 1.01551e-05 1 0.884987 0 0 0 1 
3394309160114;0.578959;0.830094;54;0.888208 0.377451 0.261947 -1.11321 -0.374043 0.925146 -0.0647816 6.51201 -0.266791 -0.0404399 0.962906 4.71254 0 0 0 1 
3394309160115;0.373208;0.04407;30;0.996075 -0.00843917 0.0881075 -0.381447 0.0162603 0.99595 -0.0884316 -0.143596 -0.0870044 0.0895172 0.992178 0.805317 0 0 0 1 
3394309160116;0.177223;0.0415159;25;0.999666 -0.0257557 -0.00218138 0.214512 0.0257371 0.999635 -0.00816267 -0.112225 0.00239082 0.0081038 0.999964 -0.112802 0 0 0 1 
3394309160117;0.448363;0.0436468;35;0.978647 -0.200358 -0.0459005 0.227428 0.179891 0.942899 -0.280324 -2.54791 0.0994445 0.266081 0.958808 -2.18425 0 0 0 1 
3394309160118;0.307421;0.0556513;55;0.953535 0.193689 0.230772 0.522217 -0.138399 0.961963 -0.235528 2.98272 -0.267613 0.192646 0.944071 4.97979 0 0 0 1 
3394309160119;0.336676;0.0431737;52;0.93228 -0.355321 -0.0678338 0.945642 0.35636 0.934342 0.00347947 -6.34007 0.0621437 -0.0274171 0.997691 -0.706839 0 0 0 1 
3394309160120;0.390228;0.0454137;51;0.88025 -0.443655 0.168317 1.36767 0.458272 0.886848 -0.0590492 -8.08582 -0.123075 0.129113 0.983963 2.77519 0 0 0 1 
3394309160121;0.364275;0.0439101;45;0.932976 -0.105641 0.344086 0.282181 0.177583 0.96661 -0.184741 -2.51595 -0.313081 0.233462 0.920584 6.04883 0 0 0 1 
3394309160122;0.150012;0.0483901;39;0.982003 0.185074 -0.037638 0.650591 -0.186 0.982286 -0.02275 3.30763 0.0327609 0.0293412 0.999032 -0.516217 0 0 0 1 
3394309160124;0.265891;0.0280157;38;0.970582 -0.229674 0.0722538 -0.0968514 0.231633 0.9726 -0.0198899 -5.74648 -0.0657058 0.0360411 0.997188 1.41699 0 0 0 1 
3394309160125;0.0924407;0.0302437;35;0.990814 0.0258869 0.132733 0.046811 -0.0343449 0.997495 0.0618329 0.745615 -0.1308 -0.0658236 0.989221 2.92016 0 0 0 1 
3394309160126;0.454214;0.0303437;41;0.917452 0.301679 -0.259369 3.21911 -0.30388 0.952153 0.0325793 7.59246 0.256787 0.0489269 0.965229 -5.78064 0 0 0 1 
3394309160127;0.391085;0.0382796;51;0.91645 0.396759 -0.0519873 2.17906 -0.383275 0.907693 0.170862 8.9401 0.114979 -0.136661 0.983923 -3.04802 0 0 0 1 
3394309160128;0.398984;0.0327252;57;0.938424 0.343706 0.0350289 1.33247 -0.334342 0.929018 -0.158562 8.27122 -0.087041 0.137086 0.986728 2.11049 0 0 0 1 
3394309160129;0.0588853;0.0360103;24;0.999997 -0.00218002 0.000843095 -0.147465 0.0021759 0.999986 0.00485607 -0.141769 -0.000853669 -0.00485422 0.999988 0.159909 0 0 0 1 
3394309160130;0.354684;0.430055;28;0.98337 -0.129643 0.127187 0.260034 0.127621 0.991534 0.0239619 -3.84612 -0.129217 -0.00733173 0.991589 3.07795 0 0 0 1 
3394309160131;0.385569;0.0305653;70;0.882916 0.464889 0.0658596 3.09113 -0.46489 0.885219 -0.0162466 10.8442 -0.0658531 -0.0162731 0.997697 1.5442 0 0 0 1 
3394309160132;0.356548;0.0223388;48;0.905883 -0.419821 0.0559189 1.7341 0.423516 0.896909 -0.127234 -9.89341 0.00326159 0.138942 0.990295 0.103064 0 0 0 1 
3394309160133;0.361702;0.027437;46;0.94912 -0.18369 -0.255793 1.51742 0.252062 0.930033 0.267402 -6.15252 0.188777 -0.318273 0.929013 -4.73615 0 0 0 1 
3394309160134;0.414145;0.028964;33;0.977017 -0.211495 0.0265879 1.01023 0.212864 0.974608 -0.0694864 -4.65605 -0.0112168 0.0735491 0.997229 0.362835 0 0 0 1 
3394309160135;0.292331;0.0270264;32;0.999251 0.00983381 -0.0374238 0.0580747 -0.00628332 0.995568 0.0938339 -0.313067 0.0381806 -0.0935285 0.994884 -1.60817 0 0 0 1 
3394309160136;0.443471;0.0339397;42;0.969657 0.244249 -0.0104022 0.935748 -0.244092 0.969645 0.0144035 5.96273 0.0136045 -0.0114273 0.999842 -1.17327 0 0 0 1 
3394309160137;0.250953;0.0307743;37;0.981681 -0.181537 -0.057843 0.326454 0.186838 0.976697 0.105611 -4.51069 0.0373228 -0.114483 0.992724 -1.39903 0 0 0 1 
3394309160138;0.370395;0.0299498;46;0.927103 -0.266926 -0.263118 1.79115 0.245041 0.962859 -0.113388 -5.30492 0.283612 0.0406476 0.958077 -6.07884 0 0 0 1 
3394309160139;0.0858104;0.0337616;30;0.997586 0.0691524 -0.00626497 0.0842032 -0.0684583 0.994619 0.077761 1.44015 0.0116086 -0.0771444 0.996952 -0.421668 0 0 0 1 
3394309160140;0.322515;0.0286722;45;0.90344 -0.0503018 -0.425752 2.93641 0.0537257 0.998548 -0.00397136 -1.30148 0.425334 -0.0192859 0.904831 -10.0193 0 0 0 1 
3394309160141;0.361297;0.0349138;53;0.940151 0.340607 0.0101681 1.28658 -0.340745 0.939967 0.0188513 8.11042 -0.00313681 -0.0211878 0.999771 -0.0353608 0 0 0 1 
3394309160142;0.193657;0.0320671;43;0.965869 0.0210657 0.258171 0.263365 -0.0316987 0.998809 0.0370921 0.684561 -0.257082 -0.0440098 0.965387 6.0995 0 0 0 1 
3394309160143;0.448915;0.0306976;39;0.971376 0.237263 -0.0115884 0.0936162 -0.236854 0.971113 0.0289693 5.16954 0.018127 -0.0253954 0.999513 -0.794554 0 0 0 1 
3394309160144;0.382267;0.0323469;49;0.927201 -0.337929 -0.161561 0.954586 0.323987 0.940013 -0.106809 -8.01634 0.187963 0.0466902 0.981066 -4.54653 0 0 0 1 
3394309160145;0.390824;0.0280507;39;0.909335 0.124462 -0.397012 2.84604 -0.213846 0.958337 -0.189367 5.29904 0.356902 0.257098 0.898066 -8.26847 0 0 0 1 
3394309160146;0.519843;0.0335146;37;0.987054 0.0494575 0.152572 0.144229 -0.0845148 0.968871 0.232695 1.73181 -0.136314 -0.242577 0.960508 4.06916 0 0 0 1 
3394309160147;0.314525;0.0274771;46;0.953623 -0.192393 -0.231491 0.689742 0.233917 0.957688 0.167678 -5.52701 0.189436 -0.214052 0.958278 -4.31174 0 0 0 1 
3394309160148;0.159477;0.025391;33;0.99598 0.00559617 0.0894054 0.182148 -0.0148453 0.994558 0.103124 0.0128061 -0.0883418 -0.104037 0.990642 1.90858 0 0 0 1 
3394309160149;0.32406;0.401576;27;0.997617 -0.0668809 0.0169439 0.280572 0.0667179 0.997722 0.0100097 -0.740378 -0.0175748 -0.00885542 0.999806 0.488654 0 0 0 1 
3394309160150;0.0510986;0.0362475;28;0.998262 0.0561525 0.0179113 -0.0256999 -0.056233 0.99841 0.00401879 1.29992 -0.0176572 -0.00501901 0.999832 0.447604 0 0 0 1 
3394309160151;0.610087;0.0307013;45;0.92682 -0.342928 -0.152988 2.55076 0.329567 0.938129 -0.106297 -7.34828 0.179974 0.0480982 0.982495 -3.89404 0 0 0 1 
3394309160152;0.362678;0.034097;43;0.922723 0.28986 -0.254091 2.66061 -0.315566 0.946597 -0.0661156 7.52211 0.221358 0.141189 0.964918 -5.30412 0 0 0 1 
3394309160153;0.287468;0.0331171;36;0.956051 0.286276 -0.0633413 1.27977 -0.265772 0.937385 0.225108 5.80129 0.123818 -0.198381 0.972273 -2.92409 0 0 0 1 
3394309160155;0.447786;0.0476156;61;0.967577 -0.241671 -0.0734118 0.467142 0.249861 0.873368 0.418089 -3.1486 -0.0369243 -0.422876 0.905435 0.196241 0 0 0 1 
3394309160156;0.233355;0.0392498;39;0.927247 0.0688934 -0.368059 1.16735 -0.0589902 0.997531 0.0381049 0.521036 0.369775 -0.0136208 0.929021 -3.20736 0 0 0 1 
3394309160157;0.264959;0.0480522;48;0.974267 0.0361716 0.222478 -0.0989226 -0.0860667 0.97195 0.218875 0.341049 -0.20832 -0.232391 0.950051 1.53973 0 0 0 1 
3394309160158;0.276214;0.0446067;32;0.986232 -0.162363 0.0313728 0.0407124 0.162563 0.98669 -0.00390425 -1.65594 -0.0303214 0.00895056 0.9995 -0.22761 0 0 0 1 
3394309160159;0.327677;0.0542498;27;0.999426 0.0277407 0.0194219 -0.299758 -0.0289931 0.997299 0.0674824 0.182611 -0.0174975 -0.0680068 0.997531 1.00965 0 0 0 1 
3394309160160;0.133668;0.0619305;38;0.98458 0.000544043 0.174936 -0.304192 0.0104876 0.998013 -0.0621305 0.0119086 -0.174623 0.0630071 0.982617 1.6713 0 0 0 1 
3394309160161;0.30505;0.899055;49;0.947649 0.318907 -0.0161037 -2.01087 -0.318448 0.947588 0.0258325 3.08355 0.0234978 -0.0193519 0.999537 0.131222 0 0 0 1 
3394309160162;0.0502853;0.0468973;24;0.999917 -0.0122269 -0.0040218 0.00674383 0.0122184 0.999923 -0.00213844 -0.170275 0.00404764 0.00208913 0.99999 0.0874811 0 0 0 1 
3394309160163;0.250016;0.0490873;34;0.994588 -0.0741717 -0.0727483 0.019095 0.0904586 0.962635 0.255249 -1.27888 0.0510978 -0.260448 0.964135 -0.260109 0 0 0 1 
3394309160164;0.523579;0.91191;57;0.902073 0.430148 -0.0351677 -2.16503 -0.430307 0.902677 0.00330537 3.75942 0.0331669 0.0121512 0.999376 0.131193 0 0 0 1 
3394309160165;0.368871;0.0459921;61;0.961625 0.272125 0.0350027 0.247955 -0.254036 0.931287 -0.261092 2.46874 -0.103647 0.242181 0.964679 1.79987 0 0 0 1 
3394309160166;0.306131;0.038416;27;0.999451 -0.0130429 -0.0304459 0.0653207 0.0130125 0.999915 -0.00119535 -0.125578 0.0304589 0.000798517 0.999536 -1.00635 0 0 0 1 
3394309160167;0.598213;0.0442572;52;0.894275 -0.143862 -0.423763 1.986 0.219368 0.966271 0.1349 -2.83934 0.390063 -0.213598 0.895671 -2.90622 0 0 0 1 
3394309160168;0.1742;0.0408682;26;0.999403 0.0339481 -0.00645433 -0.0853553 -0.0339474 0.999424 0.000218837 0.29885 0.00645804 4.0118e-07 0.999979 0.456568 0 0 0 1 
3394309160169;0.457369;0.0390417;49;0.94234 -0.331962 0.0423801 0.144716 0.330697 0.943117 0.0341949 -3.9256 -0.0513208 -0.0182082 0.998516 1.02113 0 0 0 1 
3394309160170;0.210774;0.0481776;32;0.98545 -0.102006 0.135951 -0.294462 0.123752 0.978912 -0.16253 -0.945673 -0.116505 0.176989 0.977293 0.99413 0 0 0 1 
3394309160171;0.312176;0.0457744;37;0.979113 -0.199951 0.0368423 0.385831 0.181827 0.942213 0.281378 -2.01159 -0.090975 -0.268802 0.958889 0.758985 0 0 0 1 
3394309160172;0.347442;0.0487329;33;0.991118 -0.0579749 -0.119682 0.075844 0.0419549 0.990324 -0.132282 -0.367783 0.126193 0.126085 0.98396 -0.139787 0 0 0 1 
3394309160173;0.513361;0.333436;31;0.9679 -0.237784 0.0814196 0.574076 0.24531 0.964264 -0.100086 -2.22748 -0.0547114 0.116846 0.991642 0.441936 0 0 0 1 
3394309160174;0.158617;0.047505;30;0.997395 0.0480398 -0.0538127 -0.263385 -0.0542468 0.991224 -0.120553 0.625245 0.047549 0.123158 0.991247 -0.123032 0 0 0 1 
3394309160175;0.423765;0.0527817;32;0.985324 -0.0371053 -0.166613 1.0191 0.00110335 0.977452 -0.211157 0.48288 0.170691 0.207874 0.963147 -1.56288 0 0 0 1 
3394309160176;0.19621;0.0441223;28;0.995571 -0.04043 0.0848729 0.0225172 0.0368787 0.998394 0.0430018 -0.100526 -0.0864751 -0.0396813 0.995463 0.48298 0 0 0 1 
3394309160177;0.557777;0.0521669;39;0.95554 0.177494 -0.235455 0.493506 -0.0754197 0.919089 0.386766 0.279056 0.285052 -0.351813 0.891613 -1.48827 0 0 0 1 
3394309160178;0.217629;0.0554617;26;0.999964 -0.00807036 0.0027802 0.269984 0.00807377 0.999967 -0.00121952 -0.350789 -0.00277027 0.00124192 0.999995 0.401756 0 0 0 1 
3394309160179;0.268847;0.0393414;56;0.959148 -0.282671 -0.0114839 -0.273511 0.282872 0.95886 0.0238831 -2.89486 0.00426038 -0.0261559 0.999649 -0.121927 0 0 0 1 
3394309160180;0.363436;0.0470197;33;0.997305 -0.00528152 0.0731834 -0.123637 0.00980579 0.998053 -0.0616002 0.334481 -0.0727156 0.0621518 0.995414 1.63976 0 0 0 1 
3394309160181;0.481709;0.0454532;60;0.901899 -0.431572 -0.0180064 1.03435 0.431534 0.902076 -0.00614694 -4.00412 0.018896 -0.00222644 0.999819 0.635627 0 0 0 1 
3394309160182;0.293983;0.0431505;28;0.998033 -0.0478633 -0.0404901 -0.0328493 0.0476294 0.998842 -0.00672264 -0.952199 0.040765 0.0047809 0.999157 0.259833 0 0 0 1 
3394309160183;0.436918;0.0480923;39;0.972307 -0.233526 0.00926403 0.40688 0.222038 0.935395 0.275202 -2.99155 -0.0729322 -0.265524 0.961342 0.301518 0 0 0 1 
3394309160184;0.141133;0.0461477;27;0.999742 -0.0112114 -0.0197304 -0.401984 0.0107294 0.999645 -0.0243677 -0.164714 0.0199966 0.0241497 0.999508 0.0560244 0 0 0 1 
3394309160186;0.458534;0.00634561;59;0.914445 0.403563 -0.030458 2.11942 -0.404546 0.913631 -0.0402697 8.00607 0.011576 0.049146 0.998725 -0.893037 0 0 0 1 
3394309160187;0.388653;0.00807959;73;0.884302 -0.46691 0.00222354 1.8106 0.465739 0.881726 -0.0751414 -9.09352 0.0331238 0.0674833 0.99717 -0.344897 0 0 0 1 
3394309160188;0.269366;0.00606134;44;0.986192 -0.165601 -0.00142836 0.171655 0.163662 0.973253 0.161223 -3.44014 -0.0253085 -0.159231 0.986917 0.797673 0 0 0 1 
3394309160189;0.483079;0.00509018;45;0.968088 -0.201872 -0.148502 0.985716 0.149438 0.940691 -0.304578 -2.02916 0.20118 0.272667 0.94084 -4.03611 0 0 0 1 
3394309160190;0.0786131;0.0060562;29;0.997895 0.0626911 -0.0165793 0.135404 -0.0627668 0.99802 -0.00408833 1.18394 0.0162902 0.00512035 0.999854 -0.443579 0 0 0 1 
3394309160191;0.461554;0.00985756;55;0.949523 -0.313172 -0.018167 0.813993 0.313518 0.949349 0.0210526 -6.89345 0.0106537 -0.0256856 0.999613 0.426668 0 0 0 1 
3394309160192;0.432023;0.00759501;40;0.987662 -0.0269865 -0.15426 1.11469 -0.0143838 0.965244 -0.260954 1.08888 0.155941 0.259953 0.952946 -2.42525 0 0 0 1 
3394309160193;0.353577;0.00584437;52;0.952201 0.305454 0.00318353 1.47606 -0.305271 0.951903 -0.0262592 5.98859 -0.0110514 0.0240322 0.99965 -0.358334 0 0 0 1 
3394309160194;0.352735;0.00721527;45;0.951496 -0.224824 0.21002 0.367328 0.146124 0.93097 0.334578 -3.57201 -0.270744 -0.28766 0.918667 5.06269 0 0 0 1 
3394309160195;0.362433;0.00746353;65;0.90042 0.43446 0.0221143 2.34608 -0.433742 0.900507 -0.0309123 8.38776 -0.0333442 0.0182421 0.999277 0.467874 0 0 0 1 
3394309160196;0.182053;0.00687645;34;0.992978 -0.107679 0.0489912 -0.0411878 0.0989746 0.983019 0.154526 -2.31761 -0.0647983 -0.148592 0.986773 0.887272 0 0 0 1 
3394309160197;0.398636;0.00782739;59;0.919792 0.380835 -0.0945935 2.43891 -0.392178 0.900388 -0.188411 7.8591 0.0134174 0.210396 0.977524 0.54461 0 0 0 1 
3394309160198;0.114611;0.00821191;39;0.991218 -0.132016 -0.00760367 0.0511781 0.132005 0.991247 -0.00192513 -2.68412 0.00779127 0.000904501 0.999969 -0.0828781 0 0 0 1 
3394309160199;0.260161;0.00686183;52;0.948946 0.315096 0.0147063 1.29791 -0.314323 0.948478 -0.0398675 6.24018 -0.0265107 0.0332096 0.999097 0.584319 0 0 0 1 
3394309160200;0.239388;0.00905482;30;0.999054 -0.0329102 -0.0284343 0.00442415 0.0332819 0.999365 0.0126978 -0.733668 0.0279984 -0.0136322 0.999515 0.0728226 0 0 0 1 
3394309160201;0.340496;0.00704099;39;0.968389 -0.0748087 0.237962 0.622792 0.120397 0.975668 -0.183236 -1.7106 -0.218464 0.206094 0.953834 4.25969 0 0 0 1 
3394309160202;0.373558;0.00819485;33;0.986025 -0.0823002 0.144849 -0.669465 0.0829426 0.996553 0.00160873 -1.39357 -0.144482 0.0104279 0.989452 2.1947 0 0 0 1 
3394309160203;0.451354;0.00798989;68;0.919529 0.390216 0.0468725 1.87324 -0.354149 0.874384 -0.331709 7.48256 -0.170423 0.288416 0.942217 3.53166 0 0 0 1 
3394309160204;0.469117;0.00967523;68;0.873481 0.486852 -0.00261747 2.9263 -0.486849 0.873485 0.00148936 9.45481 0.00301142 -2.66091e-05 0.999995 -0.604973 0 0 0 1 
3394309160205;0.327235;0.00751961;45;0.978149 -0.200107 -0.0564067 0.717596 0.202746 0.978163 0.0457201 -4.432 0.0460261 -0.0561574 0.99736 -1.2894 0 0 0 1 
3394309160206;0.165571;0.00777212;33;0.998321 -0.0112025 -0.0568331 -0.10677 0.00429232 0.992731 -0.120281 0.177011 0.0577674 0.119835 0.991112 -0.668827 0 0 0 1 
3394309160207;0.420271;0.0072106;42;0.970756 0.106852 0.214976 0.4958 -0.117255 0.992442 0.0361976 2.15294 -0.209483 -0.060346 0.975948 5.03504 0 0 0 1 
3394309160208;0.487381;0.00901258;41;0.924808 0.308093 -0.223178 1.34152 -0.251154 0.935074 0.250118 4.17688 0.285747 -0.175259 0.942143 -5.29678 0 0 0 1 
3394309160209;0.287731;0.00761297;33;0.995862 0.0704639 0.0573947 -0.125157 -0.0778844 0.987164 0.139433 1.48933 -0.0468329 -0.143326 0.988567 0.116317 0 0 0 1 
3394309160210;0.372686;0.0100132;54;0.950341 -0.308962 0.0373418 0.665803 0.311205 0.944192 -0.107953 -5.7703 -0.00190456 0.114213 0.993454 0.804963 0 0 0 1 
3394309160211;0.423056;0.010384;68;0.911406 -0.335834 -0.237812 1.87791 0.365625 0.926055 0.0934865 -7.26143 0.188831 -0.172154 0.966802 -3.2842 0 0 0 1 
3394309160212;0.468609;0.00789796;48;0.959826 -0.279834 0.0206838 1.14184 0.280195 0.959787 -0.0172892 -5.95118 -0.015014 0.0223901 0.999637 0.923941 0 0 0 1 
3394309160213;0.266849;0.0120438;35;0.978418 -0.148434 0.143754 -0.294951 0.174109 0.96687 -0.186678 -3.05154 -0.111283 0.207679 0.971847 2.52297 0 0 0 1 
3394309160214;0.475344;0.375989;29;0.992308 -0.107045 0.0621799 0.305133 0.112422 0.989521 -0.0906057 -2.19189 -0.0518294 0.0968991 0.993944 1.7825 0 0 0 1 
3394309160215;0.281079;0.0110042;56;0.872425 0.0799758 -0.482161 3.04132 -0.0528918 0.996177 0.0695327 1.08996 0.485878 -0.0351597 0.873319 -9.4677 0 0 0 1 
3394309160217;0.276984;0.0312681;28;0.999999 -0.000487272 -0.000981855 -0.632491 0.000489748 0.999997 0.00252359 0.353459 0.000980622 -0.00252407 0.999996 0.353717 0 0 0 1 
3394309160218;0.423487;0.891674;59;0.928853 0.19771 0.313279 -2.2423 -0.247082 0.960733 0.126267 2.72766 -0.276013 -0.194689 0.941229 3.28826 0 0 0 1 
3394309160219;0.217232;0.0404816;35;0.985694 0.161237 -0.049102 0.414576 -0.167681 0.967587 -0.188834 2.51273 0.0170635 0.194366 0.980781 0.0830314 0 0 0 1 
3394309160220;0.375115;0.0330689;40;0.920743 0.181795 -0.345229 1.55092 -0.102404 0.966396 0.235782 0.557189 0.376492 -0.181742 0.908418 -5.2437 0 0 0 1 
3394309160221;0.326953;0.0383937;31;0.981374 0.181451 -0.0630866 -0.130229 -0.178176 0.982505 0.054199 1.93955 0.0718174 -0.0419489 0.996535 -0.379023 0 0 0 1 
3394309160222;0.142051;0.0270513;27;0.999215 -0.036004 0.0165319 -0.308447 0.0364495 0.998957 -0.0274874 -0.74095 -0.015525 0.0280684 0.999485 0.343391 0 0 0 1 
3394309160223;0.261461;0.0384736;42;0.959025 0.274272 -0.0710401 0.294983 -0.270606 0.960996 0.0570878 3.42368 0.0839268 -0.0355247 0.995838 -1.16216 0 0 0 1 
3394309160224;0.0854273;0.0337485;31;0.993598 0.112562 -0.00968008 0.0940924 -0.112456 0.993597 0.0108637 1.35902 0.0108409 -0.00970556 0.999894 -0.119643 0 0 0 1 
3394309160225;0.231107;0.0345018;26;0.999939 0.00221533 -0.0108344 -0.298491 -0.00199951 0.9998 0.0198907 0.547141 0.0108763 -0.0198678 0.999743 0.0775112 0 0 0 1 
3394309160226;0.061528;0.0214879;23;0.999996 0.00239083 -0.00128709 -0.0428672 -0.00239133 0.999997 -0.000394496 0.0698232 0.00128614 0.000397573 0.999999 -0.138342 0 0 0 1 
3394309160227;0.376137;1.60975;74;0.884537 0.464871 -0.0385918 -2.45033 -0.465231 0.885189 -0.000390536 5.85392 0.0339795 0.0182995 0.999255 -0.252577 0 0 0 1 
3394309160228;0.303595;0.030572;36;0.965268 -0.249769 0.0766301 0.250074 0.261096 0.932629 -0.249061 -2.98078 -0.00925977 0.260418 0.965452 0.182852 0 0 0 1 
3394309160229;0.401686;0.0253175;39;0.930387 -0.316887 0.184289 1.04263 0.320929 0.947067 0.00827309 -3.67077 -0.177155 0.0514465 0.982837 2.47075 0 0 0 1 
3394309160230;0.10387;0.0302911;31;0.991298 0.127565 -0.0325009 0.0848303 -0.12861 0.991166 -0.0323811 1.67737 0.0280831 0.0362792 0.998947 -0.313714 0 0 0 1 
3394309160231;0.26477;0.0328566;37;0.925311 -0.226344 0.30425 0.290222 0.189474 0.970957 0.146089 -2.77527 -0.32848 -0.0775305 0.941323 4.30662 0 0 0 1 
3394309160232;0.456423;0.027016;36;0.86944 0.286607 -0.402405 2.83045 -0.284793 0.956328 0.0658044 3.90621 0.403692 0.0573891 0.913093 -5.54197 0 0 0 1 
3394309160233;0.155497;0.0390191;26;0.999086 0.0335722 0.0264724 -0.230268 -0.0343027 0.999029 0.027639 0.383108 -0.0255188 -0.0285218 0.999267 0.712311 0 0 0 1 
3394309160234;0.449685;0.631333;54;0.946709 -0.322038 0.00587534 2.35684 0.322063 0.946225 -0.0305602 -4.1053 0.00428215 0.0308239 0.999516 -0.825038 0 0 0 1 
3394309160235;0.164832;0.0409131;32;0.972121 0.125568 -0.198023 0.270601 -0.115392 0.991373 0.0621618 1.4972 0.204121 -0.0375785 0.978224 -2.60176 0 0 0 1 
3394309160236;0.330502;0.0442624;47;0.972105 0.225805 0.0634382 0.111564 -0.21023 0.958771 -0.191211 3.27745 -0.103999 0.172541 0.979497 1.88476 0 0 0 1 
3394309160237;0.197559;0.0347268;26;0.999953 -0.00918505 0.00311792 0.239422 0.00915895 0.999924 0.00828536 0.120132 -0.00319379 -0.00825641 0.999961 -0.247313 0 0 0 1 
3394309160238;0.37956;0.0316929;32;0.982284 -0.138004 0.126782 0.816439 0.123324 0.985427 0.117152 -1.48897 -0.141102 -0.0994416 0.984988 1.90619 0 0 0 1 
3394309160239;0.353533;0.0346117;29;0.99568 -0.0432235 0.0821744 -0.834671 0.0422529 0.999016 0.013515 -0.39373 -0.0826777 -0.00998448 0.996526 0.487291 0 0 0 1 
3394309160240;0.540644;0.87088;61;0.935976 0.301622 0.181584 -1.9737 -0.219603 0.903313 -0.368512 4.08914 -0.275178 0.305042 0.911716 3.73166 0 0 0 1 
3394309160241;0.23847;0.84527;42;0.978944 0.0809206 0.187406 -1.80851 -0.0917676 0.994528 0.049932 1.06061 -0.18234 -0.0660785 0.981013 1.88458 0 0 0 1 
3394309160242;0.249114;0.0381992;27;0.999353 -0.0231627 0.0275255 -0.374584 0.022587 0.999523 0.0210435 -0.285381 -0.0279998 -0.0204082 0.9994 -0.236495 0 0 0 1 
3394309160243;0.309141;0.0316025;54;0.95729 0.164133 0.238024 -0.00432742 -0.117959 0.973329 -0.196765 1.91245 -0.263971 0.160284 0.951119 3.36847 0 0 0 1 
3394309160244;0.346424;0.0399234;28;0.999994 -0.00271527 -0.00190826 0.487952 0.00272074 0.999992 0.00287318 -0.420446 0.00190045 -0.00287836 0.999994 0.624603 0 0 0 1 
3394309160245;0.222213;0.0372269;44;0.981218 0.142499 0.130023 0.111758 -0.148773 0.988069 0.0398372 2.00217 -0.122795 -0.0584329 0.99071 1.16169 0 0 0 1 
3394309160246;0.394505;0.940233;57;0.90087 0.429146 0.0653272 -1.48331 -0.433507 0.897211 0.0841722 5.55454 -0.0224901 -0.104148 0.994307 0.181082 0 0 0 1 
3394309160248;0.387346;0.0264544;59;0.99474 0.0888157 -0.0510369 0.171325 -0.0600609 0.909305 0.411773 0.398243 0.08298 -0.406541 0.909856 -1.22761 0 0 0 1 
3394309160249;0.0790091;0.0307753;29;0.996016 -0.0890146 0.00533907 0.00474376 0.0890037 0.996029 0.00225687 -1.50343 -0.00551877 -0.00177268 0.999983 0.0917553 0 0 0 1 
3394309160250;0.489213;0.035023;35;0.930747 0.269432 -0.247217 1.72119 -0.227811 0.956099 0.18433 3.31122 0.286029 -0.115245 0.951266 -3.96803 0 0 0 1 
3394309160251;0.37181;0.0291885;54;0.884647 0.440072 -0.154067 2.34771 -0.400504 0.886391 0.232178 6.49989 0.238739 -0.143691 0.960394 -4.07072 0 0 0 1 
3394309160252;0.374908;0.0310381;55;0.932182 -0.361853 -0.0099841 1.24844 0.361897 0.932214 0.00295758 -6.40847 0.0082371 -0.00637021 0.999946 -0.424836 0 0 0 1 
3394309160253;0.217625;0.0320716;34;0.970747 -0.151648 0.186154 0.221565 0.16069 0.986405 -0.0343937 -2.60413 -0.178408 0.0633007 0.981918 3.50592 0 0 0 1 
3394309160254;0.306431;0.0284739;31;0.999773 -0.0212918 -0.00037787 -0.758525 0.0212921 0.999773 0.000810576 -0.0340765 0.000360526 -0.000818438 1 0.34905 0 0 0 1 
3394309160255;0.470321;0.0315542;44;0.972897 -0.226906 -0.0445588 -0.355447 0.200023 0.922473 -0.330204 -2.48016 0.11603 0.312341 0.942857 -1.74991 0 0 0 1 
3394309160256;0.293686;0.0272534;27;0.999336 0.0310521 -0.0190631 -0.521247 -0.0307268 0.999381 0.0171257 0.0229116 0.0195831 -0.0165285 0.999672 -0.0643849 0 0 0 1 
