#;prob_registration_l1 -r /home/probabilistic_point_clouds_registration/build/tester /home/point_clouds_registration_benchmark//devel/registration_pairs/long_office_household_local.txt /home/point_clouds_registration_benchmark//tum/long_office_household -s 0.1 -t 0.1 -p 0.3 -r 1000 -m 10 -n 20 -i 200 
id;initial_error;final_error;transformation
26456013410000;0.652746;0.42101;31;0.831468 0.490453 -0.260993 0.474874 -0.510886 0.85956 -0.0123049 -0.136878 0.218305 0.143569 0.965262 -0.36921 0 0 0 1 
26456013410001;1.0574;0.580014;34;0.951528 0.286222 -0.112566 0.294657 -0.263527 0.947436 0.181435 0.091094 0.15858 -0.142977 0.976939 1.18358 0 0 0 1 
26456013410002;0.577722;0.585679;33;0.926315 0.337178 -0.168083 0.437673 -0.261646 0.896739 0.356932 0.104447 0.271076 -0.286653 0.918884 0.790007 0 0 0 1 
26456013410003;1.10585;0.508661;29;0.958228 -0.260217 -0.118683 0.454404 0.278769 0.942525 0.184215 0.217595 0.0639258 -0.209605 0.975694 -0.784213 0 0 0 1 
26456013410004;0.510854;0.566681;32;0.945961 0.284868 0.154947 0.304894 -0.322619 0.875056 0.360823 -0.340268 -0.0328007 -0.391313 0.919673 -0.189454 0 0 0 1 
26456013410005;0.315858;0.504325;29;0.988971 0.0993309 -0.109862 0.427211 -0.0866862 0.989642 0.114433 0.20746 0.120091 -0.103647 0.987338 -0.0984594 0 0 0 1 
26456013410006;0.127418;0.53781;32;0.949692 0.285754 -0.128178 0.487302 -0.256712 0.944702 0.20405 -0.173104 0.179398 -0.16088 0.970533 0.251314 0 0 0 1 
26456013410007;0.936325;0.558901;26;0.967034 -0.190958 -0.168466 0.102601 0.19533 0.980691 0.00961298 0.446396 0.163377 -0.0422025 0.985661 0.728137 0 0 0 1 
26456013410008;0.859142;0.41727;30;0.990696 0.11197 -0.0773524 0.397606 -0.111726 0.993711 0.00749329 0.0599368 0.0777049 0.00121866 0.996976 0.838316 0 0 0 1 
26456013410009;0.404949;0.517783;29;0.93317 0.250937 -0.257342 0.223429 -0.22341 0.965796 0.13163 -0.128552 0.28157 -0.0653404 0.957313 0.478295 0 0 0 1 
26456013410010;0.333714;0.521618;28;0.954944 0.196817 -0.222136 0.363431 -0.201605 0.979466 0.0011448 -0.0652486 0.2178 0.0436906 0.975015 -0.100925 0 0 0 1 
26456013410011;0.463956;0.509349;29;0.992546 0.0789022 -0.0928793 0.477854 -0.0679773 0.990988 0.115424 0.116916 0.101149 -0.10825 0.988964 -0.264643 0 0 0 1 
26456013410012;1.06761;0.442659;32;0.931365 0.102852 -0.349258 0.912133 -0.190999 0.954698 -0.22819 0.71106 0.309967 0.279236 0.908817 0.912412 0 0 0 1 
26456013410013;0.408963;0.437555;28;0.854507 0.512834 -0.0825754 0.411628 -0.503353 0.85677 0.11216 -0.181767 0.128268 -0.0542774 0.990253 0.160983 0 0 0 1 
26456013410014;0.281798;0.557768;31;0.952528 0.273865 -0.132997 0.38775 -0.236922 0.941132 0.24112 -0.257144 0.191202 -0.198163 0.961339 0.0242488 0 0 0 1 
26456013410015;0.444148;0.531245;27;0.968108 0.105103 -0.227421 0.297614 -0.0949686 0.993955 0.055088 0.0331109 0.231836 -0.0317333 0.972237 0.464647 0 0 0 1 
26456013410016;0.631913;0.547101;31;0.859221 0.497419 0.119642 0.10275 -0.511536 0.839132 0.184904 -0.0566611 -0.00842096 -0.220074 0.975447 0.637887 0 0 0 1 
26456013410017;0.712942;0.551966;32;0.960488 0.254151 -0.113443 0.640946 -0.234297 0.95835 0.163311 0.501488 0.150223 -0.130279 0.980031 0.409649 0 0 0 1 
26456013410018;0.599666;0.448891;33;0.872434 0.456265 0.175162 0.242907 -0.484157 0.855779 0.182302 -0.504622 -0.0667217 -0.243852 0.967515 -0.157883 0 0 0 1 
26456013410019;0.16999;0.482615;31;0.978472 0.198741 -0.055637 0.375856 -0.191518 0.97484 0.114053 -0.000750301 0.0769041 -0.100942 0.991916 0.0144685 0 0 0 1 
26456013410020;0.966938;0.59734;31;0.956985 0.280559 -0.0739373 0.182294 -0.268764 0.953215 0.138372 -0.327332 0.1093 -0.112549 0.987617 -0.690214 0 0 0 1 
26456013410021;1.2145;0.595559;28;0.962587 -0.215139 -0.164745 -0.273959 0.236764 0.963466 0.125204 0.369123 0.131789 -0.159526 0.978357 -0.254245 0 0 0 1 
26456013410022;0.808376;0.477648;28;0.972909 -0.14752 -0.178007 -0.0648914 0.094829 0.956849 -0.274678 0.619969 0.210846 0.250356 0.944916 -0.12266 0 0 0 1 
26456013410023;0.310262;0.534916;32;0.880333 0.450645 -0.148095 0.141529 -0.431989 0.890605 0.142154 -0.0351683 0.195955 -0.0611671 0.978703 0.320574 0 0 0 1 
26456013410024;0.290654;0.625678;35;0.904348 0.409399 -0.120614 0.547751 -0.337102 0.858499 0.386449 -0.452124 0.261759 -0.308825 0.91439 0.358038 0 0 0 1 
26456013410025;0.115869;0.484603;30;0.94594 0.293033 -0.139027 0.337723 -0.27283 0.950691 0.147476 -0.0972956 0.175387 -0.101573 0.979246 0.279451 0 0 0 1 
26456013410026;0.438952;0.574752;25;0.99297 0.109516 -0.0449046 0.28207 -0.0929381 0.956313 0.27718 -0.358423 0.0732985 -0.271058 0.959768 0.0424493 0 0 0 1 
26456013410027;1.02893;0.475592;28;0.840313 0.536628 -0.0768371 0.556776 -0.525671 0.841249 0.126371 0.648737 0.132454 -0.0658004 0.989003 0.190184 0 0 0 1 
26456013410028;0.910665;0.552955;33;0.952719 0.272816 -0.133781 0.417392 -0.243236 0.948633 0.202318 0.0774573 0.182104 -0.160212 0.970139 1.02908 0 0 0 1 
26456013410029;0.807992;0.377633;29;0.948286 0.194272 -0.251023 0.50038 -0.235456 0.960882 -0.145832 0.885688 0.212873 0.197395 0.956933 -0.000834557 0 0 0 1 
26456013410031;0.378079;1.59186;37;-0.264832 0.184732 -0.946435 0.991199 -0.762511 0.56069 0.322806 1.34432 0.590289 0.807156 -0.00762838 -0.373282 0 0 0 1 
26456013410032;0.347742;1.5822;33;-0.297241 0.262361 -0.918049 0.789414 -0.432377 0.820283 0.374414 1.03596 0.851292 0.508234 -0.130383 -1.00254 0 0 0 1 
26456013410033;0.319289;1.59469;37;-0.321117 0.187408 -0.928312 0.894276 -0.465466 0.822426 0.327043 0.997833 0.824758 0.537117 -0.176863 -0.864511 0 0 0 1 
26456013410034;0.665788;1.24275;35;0.0170315 0.627613 -0.77834 1.57533 -0.593761 0.632674 0.497163 0.860981 0.804461 0.45368 0.383427 -0.506047 0 0 0 1 
26456013410035;0.543286;1.38429;31;0.156647 0.379988 -0.911631 0.862048 -0.55705 0.796195 0.236153 0.889992 0.815571 0.470831 0.336394 0.0133551 0 0 0 1 
26456013410036;0.569296;1.00156;28;0.772139 0.563378 -0.293949 0.323922 -0.59904 0.799674 -0.0409017 1.23073 0.212021 0.207669 0.954945 0.211217 0 0 0 1 
26456013410037;0.587068;1.54138;35;-0.26257 0.185656 -0.946884 0.977949 -0.764035 0.559343 0.321537 1.84583 0.589328 0.807878 -0.00501937 0.00672735 0 0 0 1 
26456013410038;0.163491;1.63624;34;-0.171665 0.109493 -0.979052 1.07342 -0.449541 0.875599 0.176745 1.10753 0.876609 0.470465 -0.101088 -0.755043 0 0 0 1 
26456013410039;0.298903;1.32637;31;0.1 0.44577 -0.889544 0.4562 -0.593297 0.744413 0.306345 1.45691 0.798748 0.49713 0.338916 -0.585735 0 0 0 1 
26456013410040;0.421915;1.61477;37;-0.234037 0.00100305 -0.972227 1.03066 -0.788973 0.584141 0.190526 1.39632 0.568109 0.811651 -0.135919 -0.328417 0 0 0 1 
26456013410041;0.740902;1.55942;42;-0.157998 0.289496 -0.944049 1.65394 -0.24438 0.914852 0.321442 0.574114 0.956721 0.281494 -0.0737981 -0.309417 0 0 0 1 
26456013410042;0.386627;1.55963;46;-0.257166 0.215063 -0.942133 0.99958 -0.460211 0.830015 0.315089 1.08893 0.849748 0.51461 -0.114477 -0.0201348 0 0 0 1 
26456013410043;0.418115;0.832549;28;0.667475 0.460244 -0.585365 0.166429 -0.603474 0.794878 -0.0631507 0.958742 0.436229 0.395405 0.808306 -0.138394 0 0 0 1 
26456013410044;0.401489;0.940578;29;0.697501 0.494583 -0.518537 0.153987 -0.36971 0.868253 0.330835 0.73288 0.613847 -0.0390489 0.788459 -0.315169 0 0 0 1 
26456013410045;0.640918;1.56854;34;-0.176736 0.306537 -0.935307 0.634239 -0.474764 0.805859 0.353823 0.555756 0.862185 0.506584 0.00310861 -1.00156 0 0 0 1 
26456013410046;0.387348;1.2865;30;0.143541 0.558585 -0.816933 0.445122 -0.62528 0.691031 0.362632 1.53193 0.767086 0.458759 0.448463 -0.464239 0 0 0 1 
26456013410047;0.681694;1.60637;47;-0.326844 0.606949 -0.724421 1.30616 -0.172139 0.715465 0.67711 0.332263 0.929269 0.346011 -0.129366 -0.546185 0 0 0 1 
26456013410048;0.200666;1.58717;34;-0.270727 0.268508 -0.924451 1.01764 -0.515545 0.770551 0.374786 1.0146 0.81297 0.578061 -0.0701812 -0.519249 0 0 0 1 
26456013410049;0.634474;1.31353;31;0.280562 0.504247 -0.816713 0.991299 -0.709517 0.682008 0.177342 1.24456 0.646429 0.529716 0.549118 0.12189 0 0 0 1 
26456013410050;0.211001;1.67996;35;-0.261008 0.109375 -0.95912 0.97729 -0.424082 0.879559 0.215708 1.0962 0.867196 0.463047 -0.183188 -0.873201 0 0 0 1 
26456013410051;0.550163;0.952766;29;0.655878 0.579472 -0.483774 0.682801 -0.404374 0.810873 0.423045 0.449005 0.637421 -0.08184 0.766157 -0.66515 0 0 0 1 
26456013410052;0.551544;1.52678;32;-0.250922 0.231067 -0.940025 1.56348 -0.366796 0.875982 0.313234 0.774469 0.895823 0.423395 -0.135049 -0.345872 0 0 0 1 
26456013410053;0.345543;1.23247;31;0.223711 0.717576 -0.659574 0.731694 -0.813998 0.509754 0.278494 1.62728 0.536061 0.47459 0.698143 -0.466347 0 0 0 1 
26456013410054;0.546651;1.56327;35;-0.138505 0.111047 -0.984116 1.09209 -0.772393 0.609832 0.17752 1.82808 0.619859 0.784712 0.00130725 -1.12691 0 0 0 1 
26456013410055;0.267657;1.5703;38;-0.243626 0.218796 -0.944868 1.10034 -0.573931 0.752809 0.322306 1.41826 0.781824 0.620811 -0.0578295 -0.364651 0 0 0 1 
26456013410056;0.595541;0.979388;31;0.599792 0.736333 -0.313151 0.737959 -0.793603 0.597415 -0.11528 0.953587 0.102197 0.317662 0.942681 -0.356778 0 0 0 1 
26456013410057;0.461018;1.49448;35;-0.158761 0.359715 -0.919457 1.15422 -0.751072 0.560465 0.348954 1.04379 0.640848 0.745978 0.181192 -0.261133 0 0 0 1 
26456013410058;0.576941;1.56664;33;-0.215453 0.434246 -0.874649 1.12205 -0.501013 0.719656 0.48071 0.393211 0.838192 0.54178 0.0625111 -0.91635 0 0 0 1 
26456013410059;0.729412;1.54955;36;-0.307654 0.474253 -0.824884 1.14462 -0.709233 0.463626 0.531074 1.08221 0.634301 0.748422 0.193719 -0.0180306 0 0 0 1 
26456013410060;0.670241;1.14971;30;0.226562 0.60062 -0.766763 0.71541 -0.247751 0.796878 0.551004 0.929 0.94196 0.0651302 0.329346 -0.936869 0 0 0 1 
26456013410062;0.727774;0.620886;40;0.955167 0.27749 -0.103223 -0.515161 -0.258545 0.951654 0.16586 -0.432054 0.144257 -0.131736 0.980732 0.363319 0 0 0 1 
26456013410063;1.34575;0.146106;30;0.960036 0.015648 0.27944 -0.235914 0.0641937 0.959507 -0.274272 -0.464482 -0.272417 0.281249 0.920157 -0.169878 0 0 0 1 
26456013410064;0.325852;0.197153;26;0.996658 0.046242 0.067345 -0.00813612 -0.0546179 0.99022 0.128378 -0.16305 -0.0607499 -0.131627 0.989436 0.150628 0 0 0 1 
26456013410065;0.371368;1.01813;36;0.945654 -0.270268 -0.180813 -0.171926 0.272391 0.962092 -0.0134679 0.0527939 0.177599 -0.0365159 0.983425 0.0043164 0 0 0 1 
26456013410066;1.03207;0.226318;31;0.986155 -0.0935085 -0.136949 -0.210606 0.050636 0.956209 -0.288272 0.407287 0.157908 0.277346 0.947705 0.424341 0 0 0 1 
26456013410067;0.857765;1.12617;51;0.954024 -0.190913 0.231063 -0.477322 0.253792 0.924664 -0.283877 0.161779 -0.15946 0.329467 0.930604 0.189691 0 0 0 1 
26456013410068;1.01715;0.274673;29;0.996599 -0.082043 0.00769176 -0.193373 0.0800334 0.98594 0.146684 -0.089896 -0.019618 -0.14557 0.989153 0.612431 0 0 0 1 
26456013410069;0.211374;0.534273;32;0.959396 -0.236869 -0.153143 -0.0771985 0.234412 0.971537 -0.034169 -0.00770923 0.156878 -0.00311703 0.987613 0.133319 0 0 0 1 
26456013410070;0.584191;0.681485;31;0.903885 -0.271494 -0.330579 0.235483 0.246658 0.962163 -0.115768 0.0249787 0.349502 0.0231013 0.936651 0.0410188 0 0 0 1 
26456013410071;0.0848378;0.20923;27;0.997981 -0.0414389 0.0481411 -0.0743921 0.0444933 0.996944 -0.064211 0.0148977 -0.0453331 0.0662233 0.996774 -0.0279142 0 0 0 1 
26456013410072;0.345771;0.141817;27;0.983535 0.00243983 -0.180704 0.0199953 0.0348681 0.978559 0.202992 -0.290355 0.177325 -0.205951 0.962362 0.226365 0 0 0 1 
26456013410073;0.619828;0.221569;28;0.9648 0.0963084 0.244715 -0.252094 -0.0659903 0.989418 -0.129219 -0.0758479 -0.25457 0.108521 0.960946 0.152555 0 0 0 1 
26456013410074;0.46439;0.280189;30;0.983484 -0.15496 -0.0935276 -0.184533 0.134647 0.971701 -0.194078 0.153769 0.120955 0.17828 0.976517 0.102149 0 0 0 1 
26456013410075;1.52576;1.30618;41;0.938711 -0.344614 -0.00796161 -0.661526 0.343572 0.933499 0.10266 -0.137582 -0.027946 -0.0991035 0.994685 -0.760968 0 0 0 1 
26456013410076;0.479244;0.30815;29;0.99658 0.0265563 -0.0782545 -0.0863595 -0.0351163 0.993297 -0.110127 -0.00365651 0.0748054 0.112499 0.990832 -0.180518 0 0 0 1 
26456013410077;0.704929;0.270069;41;0.968828 -0.233197 0.0836154 -0.386276 0.228193 0.971429 0.0652268 -0.249606 -0.096437 -0.0441131 0.994361 0.107015 0 0 0 1 
26456013410078;0.365691;0.494011;26;0.994111 -0.10585 -0.0232111 -0.00381292 0.103647 0.991276 -0.0814255 0.0967782 0.0316275 0.0785402 0.996409 0.00486013 0 0 0 1 
26456013410079;1.72117;1.29145;33;0.992758 -0.102802 -0.0621533 0.13302 0.0816849 0.957037 -0.278223 0.315772 0.088085 0.271131 0.958504 0.550899 0 0 0 1 
26456013410080;1.76411;0.144184;36;0.993578 -0.10444 -0.0435221 -0.490683 0.104807 0.994473 0.0062378 0.78184 0.0426301 -0.0107592 0.999033 -0.0597411 0 0 0 1 
26456013410081;1.63412;0.180935;33;0.974995 0.0929109 0.201873 -0.127253 -0.0580666 0.98336 -0.172139 0.877931 -0.214507 0.156113 0.964166 -0.472009 0 0 0 1 
26456013410082;0.404515;0.763639;27;0.944643 0.0282197 -0.326885 0.043928 0.0161939 0.99107 0.132356 0.180067 0.327701 -0.130322 0.93575 0.0629878 0 0 0 1 
26456013410083;1.34753;0.167732;30;0.999285 -0.0366823 0.00913657 -0.267119 0.0362982 0.998574 0.0391569 -0.57523 -0.0105599 -0.0387973 0.999191 0.497008 0 0 0 1 
26456013410084;1.15281;0.237586;30;0.999633 0.0176941 0.0205353 0.0724459 -0.0198972 0.993444 0.112574 -0.640444 -0.0184087 -0.112941 0.993431 0.379463 0 0 0 1 
26456013410085;0.50976;0.246164;27;0.995128 0.0311541 0.0935433 -0.148622 -0.0164158 0.987876 -0.154373 0.150395 -0.0972186 0.152085 0.983574 -0.315627 0 0 0 1 
26456013410086;0.789041;0.453146;37;0.973415 -0.204162 -0.103829 -0.0126163 0.191147 0.973842 -0.122861 0.17147 0.126197 0.0997483 0.986977 -0.386369 0 0 0 1 
26456013410087;0.962758;0.265708;31;0.990767 0.134939 -0.0131027 -0.0345642 -0.135229 0.976746 -0.166373 0.575776 -0.00965219 0.166609 0.985976 -0.023443 0 0 0 1 
26456013410088;1.51292;0.504003;33;0.966675 0.210336 -0.145941 -0.759664 -0.213503 0.976923 -0.00620478 0.00635989 0.141268 0.0371567 0.989274 0.0343589 0 0 0 1 
26456013410089;0.558558;0.490332;27;0.99299 -0.101623 -0.0603563 -0.14798 0.0981195 0.993458 -0.0584331 -0.0713179 0.0658996 0.0521014 0.996465 0.333385 0 0 0 1 
26456013410090;1.4132;0.239375;37;0.996326 -0.0307005 -0.0799558 0.110959 0.0336372 0.998798 0.0356447 -0.0534913 0.0787654 -0.0382032 0.996161 -0.693616 0 0 0 1 
26456013410091;1.21795;0.869509;49;0.951306 -0.218094 0.217835 -0.427537 0.281304 0.903187 -0.324223 -0.0092493 -0.126034 0.369713 0.920558 0.368421 0 0 0 1 
26456013410093;0.469907;0.20971;33;0.96182 -0.263921 0.0724406 -0.0998636 0.271228 0.954568 -0.123435 0.460677 -0.0365724 0.13837 0.989705 -0.293945 0 0 0 1 
26456013410094;0.663694;0.179715;30;0.888939 0.169655 -0.425446 0.369374 -0.0735014 0.969671 0.2331 0.293439 0.452089 -0.175941 0.874449 0.101053 0 0 0 1 
26456013410095;0.871627;0.206908;29;0.975049 0.182689 0.126109 0.430407 -0.18506 0.982701 0.00724293 0.313249 -0.122604 -0.0303999 0.99199 -0.0170372 0 0 0 1 
26456013410096;0.802998;0.237624;38;0.998308 0.0568899 0.0120426 -0.400614 -0.0568919 0.99838 -0.000176809 0.330569 -0.0120332 -0.000508618 0.999927 -0.485304 0 0 0 1 
26456013410097;0.47238;0.27281;32;0.902663 0.429777 -0.0221679 0.0251313 -0.429178 0.90281 0.0272043 0.225348 0.0317052 -0.0150423 0.999384 0.19228 0 0 0 1 
26456013410098;0.153152;0.26852;31;0.980601 0.127268 -0.149082 0.120049 -0.122093 0.991569 0.0434053 0.208542 0.153349 -0.0243614 0.987872 0.0392152 0 0 0 1 
26456013410099;1.16156;0.29417;34;0.989941 -0.0590728 -0.128557 -0.274186 0.0342447 0.981688 -0.187393 0.877779 0.137273 0.181106 0.973836 0.50096 0 0 0 1 
26456013410100;0.366643;0.244988;30;0.961181 0.260247 0.0916641 -0.147735 -0.254932 0.964719 -0.0657814 0.185742 -0.10555 0.0398597 0.993615 0.189281 0 0 0 1 
26456013410101;1.16745;0.223323;30;0.987111 0.159613 0.0116435 -0.00847406 -0.159182 0.971728 0.174372 0.534835 0.0165176 -0.173978 0.984611 0.782401 0 0 0 1 
26456013410102;1.13408;0.272949;28;0.989932 -0.117741 -0.0785587 0.174893 0.120857 0.992011 0.0361569 0.041419 0.073674 -0.0452872 0.996254 -0.866092 0 0 0 1 
26456013410103;0.393965;0.227269;30;0.994353 0.0777296 -0.0722562 0.00717203 -0.0628006 0.979812 0.189802 -0.233522 0.0855507 -0.184193 0.97916 -0.0661439 0 0 0 1 
26456013410104;1.01585;0.242505;34;0.949539 0.313628 0.00371382 -0.513087 -0.304916 0.920257 0.245261 0.291761 0.073503 -0.234017 0.96945 -0.430978 0 0 0 1 
26456013410105;1.13047;0.468687;35;0.995799 -0.0864042 0.0303083 -0.144126 0.0901442 0.983176 -0.158868 -0.127909 -0.0160715 0.160933 0.986834 0.405243 0 0 0 1 
26456013410106;0.197882;0.303501;32;0.947015 0.320593 0.019586 -0.0837219 -0.321096 0.946451 0.0335893 0.228463 -0.00776872 -0.0380985 0.999244 0.00193851 0 0 0 1 
26456013410107;0.85745;0.41462;29;0.960096 -0.277249 0.036732 -0.207735 0.277939 0.96048 -0.0151225 -0.0483561 -0.0310877 0.0247283 0.999211 -0.457492 0 0 0 1 
26456013410108;1.09003;0.21595;29;0.969374 0.0942161 0.226799 -0.331203 -0.104483 0.993957 0.0336704 -0.585868 -0.222256 -0.0563359 0.973359 0.406342 0 0 0 1 
26456013410109;0.997601;0.235174;30;0.985395 0.170105 0.00785133 0.162486 -0.169055 0.982764 -0.0748045 -0.433833 -0.0204406 0.0723847 0.997167 0.338061 0 0 0 1 
26456013410110;1.0844;0.203544;38;0.922457 -0.107798 0.370746 -0.969825 0.134003 0.989932 -0.0455824 0.209139 -0.3621 0.0917288 0.927615 -0.493912 0 0 0 1 
26456013410111;0.414986;0.480875;33;0.99094 -0.133244 -0.0168354 0.0617032 0.11889 0.928605 -0.351507 0.578164 0.0624697 0.346321 0.936034 -0.0833019 0 0 0 1 
26456013410112;0.40276;0.215968;27;0.993971 0.0170348 0.108308 -0.142011 -0.0352908 0.984992 0.168953 0.000421156 -0.103804 -0.171757 0.979655 -0.235595 0 0 0 1 
26456013410113;0.220143;0.224094;32;0.978947 0.194299 -0.0625376 -0.00154689 -0.196179 0.980239 -0.0254196 0.188975 0.0563628 0.037153 0.997719 0.0913145 0 0 0 1 
26456013410114;0.883586;0.228888;30;0.968922 -0.150803 0.196082 -0.569422 0.139713 0.987765 0.0692922 -0.130996 -0.204132 -0.0397437 0.978136 0.366808 0 0 0 1 
26456013410115;0.901703;0.212056;29;0.999194 0.00243407 -0.0400596 0.0230998 0.00511679 0.982287 0.187312 0.142023 0.039806 -0.187366 0.981483 0.744084 0 0 0 1 
26456013410116;0.0971774;0.279434;26;0.997917 0.0465121 -0.0447068 0.00493569 -0.0463627 0.998915 0.00437319 0.271814 0.0448617 -0.00229135 0.998991 -0.0102772 0 0 0 1 
26456013410117;0.308242;0.299783;29;0.997831 0.064025 -0.0152768 -0.0176455 -0.0627543 0.995377 0.0727114 0.274884 0.0198615 -0.0715951 0.997236 -0.200414 0 0 0 1 
26456013410118;0.617996;0.333768;31;0.942741 -0.253014 0.217311 -0.365577 0.243929 0.967398 0.0681194 0.277915 -0.227462 -0.0112104 0.973723 -0.339828 0 0 0 1 
26456013410119;0.836682;0.435973;29;0.987124 -0.15902 -0.0172956 -0.0720283 0.159751 0.985561 0.0561121 0.245562 0.00812293 -0.0581526 0.998275 -0.746083 0 0 0 1 
26456013410120;1.27194;0.238636;29;0.99884 0.0386458 -0.0287123 0.486041 -0.0350749 0.992643 0.115883 0.281845 0.0329795 -0.114741 0.992848 -0.760627 0 0 0 1 
26456013410121;0.539915;0.387461;33;0.959322 -0.275974 -0.0594933 0.216529 0.276305 0.961066 -0.00275307 0.310986 0.0579368 -0.0137972 0.998225 -0.432067 0 0 0 1 
26456013410122;0.715537;0.220886;31;0.997481 0.0276692 -0.0653159 0.137197 -0.028993 0.999391 -0.019408 0.33887 0.0647391 0.0212528 0.997676 -0.517257 0 0 0 1 
26456013410124;1.54152;0.106345;46;0.846869 0.516948 -0.124809 -0.532399 -0.529048 0.842804 -0.0989402 -0.431 0.0540428 0.14982 0.987235 0.196139 0 0 0 1 
26456013410125;0.0901978;0.0770716;27;0.99612 0.0878099 -0.00588572 0.0740602 -0.0877895 0.996132 0.00364266 -0.12465 0.00618282 -0.00311182 0.999976 8.48522e-05 0 0 0 1 
26456013410126;2.04591;0.0847683;32;0.954615 0.254189 -0.155237 0.14164 -0.247346 0.966926 0.0622404 -0.159326 0.165923 -0.0210184 0.985915 -0.694663 0 0 0 1 
26456013410127;0.892171;0.151357;32;0.997658 -0.00967299 0.0677108 0.0130552 0.0095855 0.999953 0.00161691 0.482712 -0.0677232 -0.00096408 0.997704 -0.170547 0 0 0 1 
26456013410128;1.22747;0.134277;33;0.999376 0.0349191 -0.0053052 -0.173275 -0.0352134 0.996712 -0.072969 0.0664187 0.00273975 0.0731103 0.99732 -0.541919 0 0 0 1 
26456013410129;0.476134;0.108283;33;0.972066 0.122763 0.200041 -0.125306 -0.118245 0.992388 -0.0344248 -0.244491 -0.202744 0.0098095 0.979183 -0.127358 0 0 0 1 
26456013410130;2.09219;0.121617;31;0.975212 0.20028 0.0940769 0.222853 -0.199037 0.979733 -0.0225059 0.0987935 -0.0966778 0.00322323 0.995311 0.734094 0 0 0 1 
26456013410131;1.46172;0.115713;30;0.996692 0.0804673 0.0114159 -0.296128 -0.0803852 0.996736 -0.00747669 -0.246984 -0.0119803 0.00653429 0.999907 0.585507 0 0 0 1 
26456013410132;0.769284;0.271468;27;0.993362 -0.0594637 0.0984671 -0.205271 0.0475127 0.99169 0.119555 0.198231 -0.104758 -0.114083 0.987933 0.0844195 0 0 0 1 
26456013410133;1.34603;0.14616;33;0.999588 -0.0164977 0.0234791 -0.0599342 0.015571 0.999113 0.0391176 0.382469 -0.0241036 -0.0387359 0.998959 0.491513 0 0 0 1 
26456013410134;1.62064;0.131155;37;0.98508 -0.122266 0.121113 0.244039 0.117933 0.992118 0.042347 0.32146 -0.125336 -0.027432 0.991735 -0.863596 0 0 0 1 
26456013410135;0.477389;0.0868075;28;0.99485 0.0936109 0.0388691 0.0301634 -0.0918126 0.994726 -0.0457284 -0.00784869 -0.0429447 0.0419243 0.998197 -0.25277 0 0 0 1 
26456013410136;1.0412;0.138249;50;0.963943 -0.251013 -0.0883509 -0.579154 0.254152 0.966812 0.026096 0.526904 0.0788683 -0.0476095 0.995748 0.293019 0 0 0 1 
26456013410137;1.90811;0.163273;41;0.995157 -0.0960666 0.0208453 -0.0275638 0.0970804 0.993766 -0.054808 0.0352986 -0.0154502 0.0565663 0.998279 0.886401 0 0 0 1 
26456013410138;0.964836;0.115986;30;0.975748 0.207819 -0.0687484 0.0537794 -0.212563 0.974572 -0.0708978 -0.277266 0.0522664 0.0837918 0.995112 0.579453 0 0 0 1 
26456013410139;1.47225;0.114791;39;0.94449 0.326347 -0.0378954 0.639532 -0.328337 0.94166 -0.0739715 -0.759663 0.0115442 0.0823078 0.99654 -0.231896 0 0 0 1 
26456013410140;1.16137;0.217426;39;0.994406 0.105466 -0.00571799 0.254995 -0.105594 0.993922 -0.0311305 -0.537739 0.00240002 0.0315601 0.999499 0.195742 0 0 0 1 
26456013410141;0.944233;0.0791981;35;0.991791 0.12786 -0.0015486 -0.0689572 -0.12787 0.991733 -0.0107335 -0.547582 0.000163416 0.0108434 0.999941 -0.238719 0 0 0 1 
26456013410142;1.84842;0.112826;50;0.945374 0.172536 -0.276585 -0.696937 -0.229689 0.954622 -0.189579 -0.330636 0.231325 0.242752 0.942104 0.545368 0 0 0 1 
26456013410143;0.46443;0.101688;35;0.957597 0.285754 0.0367926 0.0164489 -0.287999 0.952965 0.0944125 -0.461959 -0.00808336 -0.101005 0.994853 0.113546 0 0 0 1 
26456013410144;0.759937;0.112971;29;0.973451 -0.032866 -0.226526 -0.0620574 -0.0286943 0.96431 -0.263217 0.382234 0.227092 0.262729 0.937765 0.337762 0 0 0 1 
26456013410145;0.437138;0.348457;26;0.988778 -0.00491339 0.14931 -0.147111 -0.0247607 0.980245 0.19623 0.063691 -0.147325 -0.197725 0.969123 -0.275593 0 0 0 1 
26456013410146;1.81332;0.391748;27;0.99929 0.0373531 -0.00497433 -0.300796 -0.0367216 0.994903 0.0939175 0.0550127 0.00845708 -0.0936681 0.995568 0.648304 0 0 0 1 
26456013410147;0.897776;0.122617;35;0.998185 0.0239611 0.0552579 0.304873 -0.0157305 0.98933 -0.144839 -0.0929059 -0.0581388 0.143706 0.987911 0.11488 0 0 0 1 
26456013410148;0.647101;0.224936;29;0.991983 -0.124363 -0.0224544 -0.182806 0.126055 0.986345 0.105992 0.042282 0.00896638 -0.107972 0.994113 0.189168 0 0 0 1 
26456013410149;0.510162;0.0767753;35;0.900667 0.429154 -0.068016 -0.0580421 -0.433037 0.899429 -0.0592199 -0.556569 0.0357611 0.0827908 0.995925 0.129895 0 0 0 1 
26456013410150;1.62937;0.155901;35;0.950276 0.0254717 0.310365 0.047965 0.0820939 0.940903 -0.328575 0.838104 -0.300393 0.337716 0.892027 -0.722326 0 0 0 1 
26456013410151;0.991097;0.125701;29;0.973397 -0.150653 0.172631 -0.377086 0.175621 0.974474 -0.139846 0.347777 -0.147156 0.166444 0.975008 -0.566443 0 0 0 1 
26456013410152;0.386143;0.140081;27;0.995082 0.0951194 -0.0276558 0.0286675 -0.0967162 0.993273 -0.0636732 0.0528155 0.0214132 0.0660348 0.997588 -0.0926135 0 0 0 1 
26456013410153;1.24713;0.0619659;40;0.934315 0.353679 0.0443446 -0.256005 -0.353948 0.935263 -0.00190165 -0.274727 -0.0421464 -0.013919 0.999014 0.326621 0 0 0 1 
26456013410155;0.44177;0.117905;38;0.972477 0.216067 -0.0872022 -0.0957057 -0.230196 0.94884 -0.216131 -0.297861 0.036042 0.230256 0.972462 0.0647324 0 0 0 1 
26456013410156;0.559197;0.433239;29;0.99581 -0.0913491 -0.00428535 -0.361664 0.0904497 0.990751 -0.101154 0.0735979 0.0134861 0.100343 0.994862 0.483022 0 0 0 1 
26456013410157;0.798739;0.705491;28;0.998474 0.0203396 -0.051348 0.0834878 -0.0210452 0.999691 -0.013238 -0.243963 0.0510629 0.0142984 0.998593 -0.199621 0 0 0 1 
26456013410158;0.506235;0.12509;35;0.981139 0.178937 0.0731236 0.15185 -0.162865 0.96898 -0.185884 0.24252 -0.104117 0.170469 0.979847 -0.222903 0 0 0 1 
26456013410159;0.771683;0.19529;30;0.997614 0.0610874 -0.032157 0.300518 -0.0669832 0.969248 -0.236794 0.629321 0.016703 0.238383 0.971028 0.126511 0 0 0 1 
26456013410160;0.731372;0.589377;31;0.998167 -0.0551637 -0.0248943 -0.202071 0.0533839 0.996307 -0.0672429 0.23557 0.0285118 0.0657907 0.997426 -0.565397 0 0 0 1 
26456013410161;0.152345;0.270566;27;0.997492 -0.0172003 0.068653 -0.261033 0.0222548 0.997043 -0.0735529 0.0347102 -0.0671848 0.0748963 0.994925 -0.174758 0 0 0 1 
26456013410162;0.843744;0.511875;31;0.912286 -0.0554133 -0.405788 0.18747 0.0465565 0.998413 -0.0316731 0.490708 0.4069 0.0100029 0.913418 0.847838 0 0 0 1 
26456013410163;0.17304;0.343477;29;0.992394 -0.0671118 -0.103201 -0.188572 0.0482097 0.983242 -0.175813 0.115978 0.113271 0.169501 0.978999 0.175695 0 0 0 1 
26456013410164;1.05704;0.383631;32;0.997472 -0.0421957 -0.0571819 -0.266717 0.0418164 0.999095 -0.0078141 -0.0377285 0.0574598 0.00540321 0.998333 -0.900453 0 0 0 1 
26456013410165;1.01882;1.09587;31;0.993361 -0.102102 -0.0529966 -0.778618 0.105754 0.991825 0.0714102 0.475497 0.0452723 -0.0765407 0.996038 0.196705 0 0 0 1 
26456013410166;0.386158;0.288856;31;0.968898 -0.0400398 -0.244199 0.172076 -0.0457459 0.940834 -0.335767 0.404264 0.243195 0.336495 0.90974 0.125516 0 0 0 1 
26456013410167;0.362618;0.294821;30;0.996332 0.00456754 -0.0854522 -0.217669 0.0312198 0.910347 0.412667 -0.556152 0.079676 -0.413821 0.906865 0.0901845 0 0 0 1 
26456013410168;0.272737;0.420257;31;0.960266 -0.0550063 -0.273613 -0.130729 0.0545879 0.998467 -0.00914844 -0.207704 0.273697 -0.006151 0.961796 0.115787 0 0 0 1 
26456013410169;0.677811;0.359082;33;0.99664 -0.0514145 -0.0637517 -0.289446 0.0515164 0.998672 -4.61727e-05 -0.327024 0.0636694 -0.00323824 0.997966 0.515397 0 0 0 1 
26456013410170;0.704368;0.587949;29;0.99976 -0.0219003 2.02388e-05 -0.163318 0.0218967 0.999614 0.0171258 -0.656796 -0.000395291 -0.0171213 0.999853 0.123016 0 0 0 1 
26456013410171;1.02478;0.293839;48;0.94596 -0.240847 -0.217145 -0.811147 0.244215 0.969652 -0.0116066 0.00733595 0.213351 -0.0420508 0.97607 0.0123042 0 0 0 1 
26456013410172;0.366617;0.346913;30;0.959301 -0.0676431 -0.274166 -0.0384751 0.0852514 0.994959 0.0528132 -0.0769941 0.269211 -0.0740367 0.960231 -0.0650658 0 0 0 1 
26456013410173;0.895873;0.151964;44;0.983097 0.176127 -0.049999 -0.485228 -0.174368 0.983961 0.0376377 -0.641048 0.0558261 -0.0282832 0.99804 0.522242 0 0 0 1 
26456013410174;0.457447;0.291469;26;0.999063 -0.0393461 0.0180195 -0.353989 0.0400431 0.998393 -0.0401099 0.203081 -0.0164124 0.0407938 0.999033 0.000260973 0 0 0 1 
26456013410175;0.623034;0.334519;30;0.997108 -0.0665158 -0.0367463 -0.248069 0.0670358 0.997665 0.0131028 0.0224122 0.0357889 -0.0155283 0.999239 -0.557125 0 0 0 1 
26456013410176;0.235307;0.246537;28;0.990759 -0.0554816 -0.123764 -0.166271 0.0532586 0.998356 -0.0212004 0.0846607 0.124737 0.014413 0.992085 0.0905853 0 0 0 1 
26456013410177;0.877512;0.322965;29;0.998335 0.056383 -0.0121602 0.135342 -0.056437 0.998398 -0.00414629 0.563164 0.0119069 0.00482567 0.999917 0.0789022 0 0 0 1 
26456013410178;0.197683;0.28992;27;0.997343 -0.0635812 -0.035566 -0.307228 0.0633245 0.997958 -0.00829922 0.107011 0.0360211 0.00602497 0.999333 -0.0536912 0 0 0 1 
26456013410179;0.15124;0.412305;29;0.996659 -0.0380719 0.072256 -0.376773 0.0284066 0.991059 0.130368 -0.105994 -0.0765732 -0.12788 0.988829 0.00826691 0 0 0 1 
26456013410180;0.554153;0.572777;30;0.999925 0.0115989 -0.00383765 -0.0889286 -0.0121505 0.976937 -0.213183 0.35258 0.00127644 0.213213 0.977005 -0.0185945 0 0 0 1 
26456013410181;0.475904;0.441266;30;0.999458 -0.0271908 0.0185389 -0.386983 0.0196 0.944339 0.32839 -0.732473 -0.0264362 -0.327849 0.94436 -0.0625283 0 0 0 1 
26456013410182;0.72307;0.382714;39;0.992369 -0.115761 0.0424664 -0.827953 0.119938 0.986149 -0.114567 0.118488 -0.0286158 0.118786 0.992507 0.254556 0 0 0 1 
26456013410183;0.714484;0.187409;31;0.998395 0.0488591 0.0286387 -0.311068 -0.0335724 0.91785 -0.395506 0.106287 -0.0456101 0.39391 0.918017 0.432991 0 0 0 1 
26456013410184;0.435457;0.270544;29;0.998427 0.0293816 0.0477526 -0.0116044 -0.0254955 0.996465 -0.0800449 0.233555 -0.0499356 0.0787015 0.995647 -0.232803 0 0 0 1 
26456013410186;2.57906;1.20646;27;0.972164 -0.227233 -0.0571116 0.301524 0.219357 0.968366 -0.118949 -0.27094 0.0823341 0.10311 0.991256 -0.43828 0 0 0 1 
26456013410187;0.634766;0.686961;33;0.815786 -0.561129 0.140098 0.107679 0.57812 0.784282 -0.225118 1.2547 0.0164437 0.264642 0.964207 -0.194211 0 0 0 1 
26456013410188;1.09866;1.14643;74;0.714301 -0.613093 -0.337476 0.64419 0.679342 0.723286 0.123899 0.843709 0.16813 -0.317763 0.933145 0.060874 0 0 0 1 
26456013410189;0.60767;1.14394;56;0.912599 -0.407582 -0.0322478 0.277893 0.404017 0.911089 -0.0817796 0.845841 0.0627125 0.0616033 0.996129 -0.0141165 0 0 0 1 
26456013410190;1.29465;1.92438;65;0.526661 -0.554121 -0.644653 -0.644877 0.819309 0.128704 0.55872 1.46499 -0.226629 -0.822426 0.52178 0.0238724 0 0 0 1 
26456013410191;1.28532;0.859227;26;0.998556 -0.00254257 -0.053657 0.0481608 -0.00339478 0.993896 -0.110273 -0.0602975 0.0536099 0.110296 0.992452 -0.265416 0 0 0 1 
26456013410192;1.88351;1.42868;28;0.982929 0.182978 -0.0192343 0.357646 -0.181831 0.950133 -0.253347 -0.345054 -0.0280819 0.252519 0.967184 0.295786 0 0 0 1 
26456013410193;1.11745;1.11252;76;0.791968 -0.59539 -0.13527 0.202814 0.598377 0.800915 -0.0218921 1.04323 0.121374 -0.0636045 0.990567 -0.130233 0 0 0 1 
26456013410194;2.37375;1.00755;63;0.609483 -0.785841 0.104811 0.726058 0.792459 0.607749 -0.0514869 0.992344 -0.0232383 0.114439 0.993158 -0.423184 0 0 0 1 
26456013410195;1.70586;1.01616;57;0.704755 -0.706401 0.0657125 0.252112 0.707499 0.692928 -0.138911 1.31837 0.0525932 0.14439 0.988122 -0.603985 0 0 0 1 
26456013410196;0.514644;1.08869;39;0.813232 -0.578984 0.05858 0.335871 0.575571 0.815098 0.0658256 0.910426 -0.0858604 -0.0198145 0.99611 0.0354234 0 0 0 1 
26456013410197;2.7645;2.1417;41;0.508334 -0.135507 -0.850432 -0.538681 0.573587 0.78988 0.216995 0.796709 0.642335 -0.598103 0.479248 0.910198 0 0 0 1 
26456013410198;2.3433;0.567732;35;0.98896 -0.100354 -0.109027 0.424943 0.100395 0.994934 -0.00513039 -0.540529 0.10899 -0.00587205 0.994026 0.310617 0 0 0 1 
26456013410199;2.04036;1.1355;47;0.820475 -0.553039 -0.144806 0.737557 0.534546 0.831963 -0.148654 0.995971 0.202685 0.044561 0.97823 -0.41857 0 0 0 1 
26456013410200;2.25828;2.17495;34;0.616962 -0.556492 0.556484 -0.407557 0.73864 0.65349 -0.165415 1.46751 -0.271604 0.513096 0.814226 -0.484829 0 0 0 1 
26456013410201;2.32984;1.15893;66;0.596686 -0.765438 0.240979 -0.729079 0.782842 0.621241 0.0349046 1.60515 -0.176423 0.167821 0.969903 -0.617904 0 0 0 1 
26456013410202;0.574695;1.19052;41;0.82389 -0.562946 0.0655567 0.180857 0.564429 0.825466 -0.0051138 1.02996 -0.051236 0.0412153 0.997836 0.0208491 0 0 0 1 
26456013410203;2.04835;1.23032;68;0.655077 -0.755513 -0.00863554 0.899156 0.693929 0.597079 0.402441 0.628046 -0.298894 -0.269622 0.915405 -0.0407225 0 0 0 1 
26456013410204;0.669991;0.602811;30;0.999001 -0.0446803 0.000281631 0.263478 0.0429247 0.96146 0.271572 -0.138783 -0.0124047 -0.271289 0.962418 -0.0834378 0 0 0 1 
26456013410205;0.908947;1.33623;64;0.756658 -0.650405 0.0666495 0.0247128 0.651234 0.758791 0.0114104 1.2739 -0.0579944 0.0347706 0.997711 -0.184243 0 0 0 1 
26456013410206;1.79634;1.74424;56;0.885991 -0.463288 -0.0195877 0.224676 0.456034 0.878213 -0.144137 0.491456 0.0839791 0.118771 0.989364 -0.2458 0 0 0 1 
26456013410207;0.232642;0.113226;25;0.999358 -0.0115955 -0.0338861 0.0537111 0.0135696 0.998188 0.0586171 0.0622088 0.033145 -0.0590393 0.997705 0.0310279 0 0 0 1 
26456013410208;2.37807;1.24291;47;0.837687 -0.507116 0.202768 0.0649045 0.545697 0.792305 -0.272888 1.30905 -0.0222685 0.339244 0.940435 -0.951999 0 0 0 1 
26456013410209;2.64335;1.48761;77;0.755505 -0.654822 0.0205322 1.21733 0.645931 0.749753 0.143679 0.508437 -0.109478 -0.0952876 0.989411 -0.300565 0 0 0 1 
26456013410210;2.26073;1.48805;35;0.91969 0.130182 -0.370435 0.779802 -0.0155263 0.954757 0.296982 -0.103095 0.392337 -0.26738 0.880102 0.12903 0 0 0 1 
26456013410211;1.42407;2.05301;41;0.642347 -0.762061 0.0815651 -0.91057 0.762613 0.646118 0.030888 1.57626 -0.0762392 0.0423617 0.996189 -0.307821 0 0 0 1 
26456013410212;1.48789;1.40219;64;0.71213 -0.688419 -0.137657 0.102933 0.673434 0.725254 -0.143156 0.917716 0.198388 0.00924334 0.98008 0.0603523 0 0 0 1 
26456013410213;1.60061;1.00467;42;0.629533 -0.754213 0.186685 -0.543622 0.773934 0.587468 -0.236447 1.98243 0.0686596 0.293333 0.953542 0.0087639 0 0 0 1 
26456013410214;1.7042;1.38255;36;0.745156 -0.666842 -0.00804479 -0.189268 0.661697 0.740802 -0.115627 1.56671 0.0830648 0.0808371 0.99326 0.381687 0 0 0 1 
26456013410215;0.754244;1.26463;76;0.561268 -0.784598 0.263409 0.00901134 0.812136 0.583422 0.00731267 1.52887 -0.159416 0.209819 0.964657 -0.486314 0 0 0 1 
26456013410217;1.32332;1.64376;28;0.924853 -0.279683 -0.257728 -0.0117042 0.287422 0.957771 -0.00795371 0.243414 0.249069 -0.0667205 0.966185 0.118616 0 0 0 1 
26456013410218;1.34012;1.60592;28;0.991693 0.0541648 0.116664 -0.169539 -0.0939404 0.924558 0.369279 -0.356499 -0.0878608 -0.377171 0.921967 0.0319684 0 0 0 1 
26456013410219;0.65608;0.644914;28;0.989646 0.141358 0.0248843 -0.0733624 -0.139914 0.988773 -0.0524609 0.058235 -0.0320207 0.048436 0.998313 -0.0902395 0 0 0 1 
26456013410220;1.46371;0.63837;37;0.939822 -0.312867 0.137294 0.00611903 0.332699 0.929476 -0.159328 0.922374 -0.0777634 0.195418 0.977632 -0.0541676 0 0 0 1 
26456013410221;1.60635;1.59281;25;0.999464 -0.00628784 -0.0321421 -0.00834173 0.0170242 0.938137 0.345845 -0.116548 0.0279791 -0.346206 0.937741 0.281149 0 0 0 1 
26456013410222;2.32392;0.419591;34;0.986499 -0.140441 0.0842392 0.10199 0.158098 0.950873 -0.266168 -0.0874416 -0.0427199 0.275892 0.960239 -0.898594 0 0 0 1 
26456013410223;1.20647;0.965218;26;0.987927 0.150356 -0.0373201 -0.011019 -0.146061 0.9843 0.0990913 0.100184 0.0516332 -0.092444 0.994378 0.100058 0 0 0 1 
26456013410224;0.781646;0.0861487;35;0.939026 0.144559 0.311982 -0.440736 -0.191514 0.973449 0.12538 -0.139115 -0.285574 -0.177484 0.941779 -0.418748 0 0 0 1 
26456013410225;1.91639;0.69369;37;0.973093 -0.223342 0.0566364 -0.0732804 0.194749 0.928609 0.315844 -0.254757 -0.123134 -0.296316 0.947119 -0.666754 0 0 0 1 
26456013410226;0.740714;0.557137;27;0.966497 0.25463 0.0323513 -0.133819 -0.253065 0.966368 -0.0457362 0.0226846 -0.0429091 0.0360169 0.99843 -0.060359 0 0 0 1 
26456013410227;0.854149;0.601774;23;0.992178 -0.106551 0.0650366 -0.103402 0.104449 0.993917 0.034908 -0.0519646 -0.0683605 -0.0278419 0.997272 -0.00948884 0 0 0 1 
26456013410228;0.477964;0.0809718;34;0.963085 -0.0913481 -0.253225 0.2225 0.0263578 0.968144 -0.249001 0.321871 0.267904 0.233135 0.934813 0.0630598 0 0 0 1 
26456013410229;0.488387;0.100844;32;0.898674 -0.201824 -0.389424 0.354982 0.263688 0.958087 0.111972 0.000671267 0.350504 -0.203313 0.914227 0.347967 0 0 0 1 
26456013410230;0.907029;0.0828028;37;0.99317 0.116546 0.00550378 -0.0496927 -0.116671 0.992454 0.0377095 0.0987334 -0.00106737 -0.0380941 0.999274 -0.267542 0 0 0 1 
26456013410231;2.37848;0.0776213;41;0.972679 -0.14374 -0.182305 0.328374 0.198065 0.923441 0.328673 -0.422327 0.121105 -0.355802 0.926681 -0.635882 0 0 0 1 
26456013410232;0.758672;0.0910696;34;0.998066 0.0581736 -0.0219098 0.219278 -0.0576355 0.998039 0.024438 -0.0729357 0.0232885 -0.0231279 0.999461 -0.169459 0 0 0 1 
26456013410233;0.876115;0.118877;27;0.998445 -0.0552108 0.0076557 0.0145927 0.0543723 0.994962 0.0842283 0.311258 -0.0122674 -0.0836811 0.996417 0.0795317 0 0 0 1 
26456013410234;0.436918;0.0474617;30;0.988469 0.143579 0.048094 -0.122712 -0.15138 0.944384 0.291929 -0.412713 -0.0035043 -0.295843 0.95523 0.296085 0 0 0 1 
26456013410235;0.42537;0.0656417;33;0.922606 -0.029704 0.384599 -0.403402 0.0731786 0.992403 -0.0988993 0.0740775 -0.37874 0.119389 0.91777 -0.36971 0 0 0 1 
26456013410236;1.61117;0.0759318;58;0.983905 0.164606 0.069533 0.0514618 -0.171405 0.979383 0.106911 -0.135849 -0.0505013 -0.117108 0.991834 -0.631109 0 0 0 1 
26456013410237;1.76467;0.989276;31;0.982827 0.0299507 0.18208 0.00451417 -0.0675422 0.976654 0.203926 0.101044 -0.171721 -0.212722 0.961905 -0.130701 0 0 0 1 
26456013410238;1.19544;0.0651179;48;0.919356 0.38417 -0.0848407 0.124842 -0.335892 0.878722 0.339151 -0.402877 0.204843 -0.283304 0.936898 -0.0459614 0 0 0 1 
26456013410239;0.73293;0.0876816;36;0.890338 -0.357463 -0.281989 0.319483 0.367449 0.929858 -0.018569 0.343933 0.268847 -0.0870837 0.959238 0.0476791 0 0 0 1 
26456013410240;1.79116;1.74685;24;0.91414 0.405357 0.00586104 -0.350293 -0.366307 0.81971 0.440336 -0.537385 0.173689 -0.404675 0.897814 0.492217 0 0 0 1 
26456013410241;1.92987;1.07793;37;0.993818 0.0614181 0.092488 0.230359 -0.0575964 0.997394 -0.0434411 -0.104463 -0.094915 0.0378456 0.994766 0.0504031 0 0 0 1 
26456013410242;1.40722;0.0775867;41;0.936564 0.285612 0.203161 -0.285308 -0.342431 0.869259 0.356553 -0.398505 -0.0747639 -0.403504 0.911918 -0.382802 0 0 0 1 
26456013410243;0.583238;0.0671082;33;0.923026 -0.341392 0.177409 -0.168859 0.367212 0.919315 -0.141477 0.374118 -0.114795 0.195733 0.973915 -0.25661 0 0 0 1 
26456013410244;0.533279;0.10329;27;0.996727 0.0596615 0.0545515 -0.0807232 -0.0603541 0.998115 0.0111354 0.0010978 -0.0537843 -0.0143913 0.998449 0.17968 0 0 0 1 
26456013410245;0.736282;0.107305;37;0.965291 -0.182267 0.18706 -0.254167 0.216719 0.958698 -0.184204 0.263924 -0.14576 0.21835 0.964924 0.080749 0 0 0 1 
26456013410246;1.05866;0.0500942;63;0.992923 0.083792 -0.0841619 -0.00389311 -0.0875388 0.995281 -0.0418559 -0.47947 0.0802575 0.0489271 0.995573 0.0560628 0 0 0 1 
26456013410248;1.23759;0.873775;34;0.935421 -0.326191 -0.136335 -0.0951354 0.352603 0.83278 0.426788 0.0870584 -0.0256776 -0.447299 0.894016 1.14943 0 0 0 1 
26456013410249;1.46586;0.328677;32;0.805341 0.528622 0.2683 -0.47906 -0.576459 0.803899 0.146431 -0.859639 -0.138279 -0.27259 0.952141 0.620373 0 0 0 1 
26456013410250;0.412958;0.320058;28;0.981458 -0.169236 -0.0899943 -0.234263 0.155993 0.978063 -0.138051 0.225288 0.111383 0.121453 0.986328 0.252679 0 0 0 1 
26456013410251;1.34871;0.385402;28;0.984905 0.168435 0.0399083 -0.195324 -0.165726 0.984121 -0.0635613 -0.328708 -0.0499806 0.055988 0.99718 0.783879 0 0 0 1 
26456013410252;1.49487;0.995271;31;0.965697 -0.192737 -0.17402 0.0561218 0.259039 0.761839 0.593718 -0.442847 0.0181436 -0.618429 0.785631 -0.35168 0 0 0 1 
26456013410253;0.288077;0.425704;28;0.974502 0.221995 -0.0326216 -0.173403 -0.223681 0.972609 -0.063234 -0.528939 0.0176904 0.0689185 0.997465 -0.195104 0 0 0 1 
26456013410254;0.399182;0.428139;30;0.942524 0.32467 0.0789819 -0.387102 -0.318039 0.944176 -0.0859232 -0.512672 -0.10247 0.0558653 0.993166 -0.3564 0 0 0 1 
26456013410255;1.26559;0.597008;29;0.993124 0.116769 0.00838262 -0.525646 -0.114894 0.985908 -0.121596 -0.299559 -0.0224631 0.119797 0.992544 0.666643 0 0 0 1 
26456013410256;0.836061;0.666657;27;0.967251 0.192045 -0.165966 0.0990373 -0.208603 0.973967 -0.0887259 -0.212488 0.144606 0.120441 0.982132 0.0342914 0 0 0 1 
