#;prob_registration_l1 -r /home/probabilistic_point_clouds_registration/build/tester /home/point_clouds_registration_benchmark//devel/registration_pairs/p2at_met_local.txt /home/point_clouds_registration_benchmark//planetary/p2at_met -s 0.2 -t 0.2 -p 0.3 -r 1000 -m 10 -n 20 -i 200 
id;initial_error;final_error;transformation
27844314100000;0.368279;0.327209;24;0.99947 -0.00759212 0.0316482 -0.457064 0.00313957 0.990367 0.138431 0.0966623 -0.0323943 -0.138258 0.989866 -8.27485 0 0 0 1 
27844314100001;0.325629;0.1305;24;0.987514 0.0168413 -0.156629 0.146435 0.0123744 0.982904 0.183704 -0.0500819 0.157045 -0.183348 0.970423 -7.7984 0 0 0 1 
27844314100002;0.342132;0.121193;25;0.930256 -0.0187403 0.366433 -1.38208 -0.0848277 0.960653 0.26448 -3.23819 -0.356972 -0.277118 0.892063 -24.5453 0 0 0 1 
27844314100003;0.135271;0.0975522;24;0.995057 -0.0256718 0.0959248 -1.3002 0.00841262 0.984325 0.176162 -0.0263497 -0.0989436 -0.174485 0.979676 -12.6296 0 0 0 1 
27844314100004;0.89077;0.64194;24;0.985588 0.0285017 -0.166746 0.742454 0.0151157 0.966923 0.25462 -0.81384 0.168488 -0.253471 0.952557 -12.2861 0 0 0 1 
27844314100005;0.300669;0.216388;25;0.934515 0.0652289 -0.349894 1.12908 -0.0197917 0.991066 0.131898 -0.39763 0.355372 -0.116336 0.927457 1.23504 0 0 0 1 
27844314100006;0.461976;0.382067;24;0.999693 0.0242491 0.00501075 1.64887 -0.0244055 0.999125 0.0339504 -0.4501 -0.0041831 -0.0340623 0.999411 -1.92096 0 0 0 1 
27844314100007;1.17629;0.931904;25;0.998949 0.0336409 0.0311329 2.21147 -0.0361547 0.995805 0.0840569 -0.66148 -0.0281745 -0.0850942 0.995974 -4.28772 0 0 0 1 
27844314100008;0.519074;0.384691;24;0.999573 0.028648 0.00574267 1.76713 -0.0288268 0.999008 0.0339301 -0.648247 -0.00476495 -0.0340812 0.999408 -1.47584 0 0 0 1 
27844314100009;0.482706;0.415188;25;0.992482 -0.0356356 0.117091 -2.08648 0.0410733 0.998171 -0.0443597 0.731278 -0.115296 0.0488355 0.99213 0.0959347 0 0 0 1 
27844314100010;0.848926;0.0718647;24;0.998731 0.0371557 -0.0340048 2.20491 -0.0307679 0.984588 0.17216 -1.02997 0.0398775 -0.170895 0.984482 -11.2293 0 0 0 1 
27844314100011;0.370547;0.255356;25;0.980669 0.0167965 -0.194951 -0.154274 -0.0283364 0.997997 -0.0565567 -1.04757 0.19361 0.0609876 0.979181 8.54479 0 0 0 1 
27844314100012;1.02719;0.383569;26;0.990908 0.0249264 -0.132213 0.704722 -0.0307523 0.998635 -0.0422071 -0.977136 0.130981 0.0458892 0.990322 7.99719 0 0 0 1 
27844314100013;0.818365;0.646467;25;0.998415 0.0355632 -0.043629 2.1193 -0.0311296 0.99466 0.0983976 -0.94736 0.0468954 -0.0968835 0.99419 -5.41847 0 0 0 1 
27844314100014;0.722224;0.22694;24;0.998382 0.00176607 -0.0568321 -0.112194 -0.00143213 0.999981 0.00591607 0.0195737 0.0568415 -0.0058251 0.998366 -0.841499 0 0 0 1 
27844314100015;1.11358;0.560332;24;0.99954 -0.0018218 -0.0302805 0.0734319 0.00110074 0.999716 -0.0238123 -0.309351 0.0303153 0.023768 0.999258 -0.375464 0 0 0 1 
27844314100016;0.370882;0.0686787;25;0.991474 -0.0309771 0.126566 -1.74554 0.0806621 0.908755 -0.409461 -4.63275 -0.102333 0.416179 0.903506 21.734 0 0 0 1 
27844314100017;0.341055;0.17875;24;0.995398 -0.0145537 -0.0947113 -1.44543 0.0180706 0.999175 0.0363825 0.829047 0.0941036 -0.0379266 0.99484 0.080872 0 0 0 1 
27844314100018;0.853373;0.241324;25;0.999433 0.0177864 0.0285772 1.18167 -0.0178125 0.999841 0.000658094 -0.258119 -0.0285609 -0.00116675 0.999591 -2.88396 0 0 0 1 
27844314100019;0.871961;0.0841305;24;0.999815 0.0186048 0.00494681 1.25474 -0.0184625 0.999454 -0.0274083 -0.446495 -0.00545403 0.0273118 0.999612 -0.884057 0 0 0 1 
27844314100020;0.613803;0.636242;25;0.996538 0.0134369 -0.0820501 0.374973 0.00583257 0.973125 0.230203 -0.419578 0.0829383 -0.229884 0.969677 -11.9467 0 0 0 1 
27844314100021;0.300355;0.0733679;24;0.948295 -0.0362093 -0.315317 -4.4756 0.0162776 0.997712 -0.0656182 -0.00678567 0.316972 0.0570928 0.946715 10.817 0 0 0 1 
27844314100022;0.628187;0.0662669;24;0.999802 0.0189259 0.00610945 1.22892 -0.0187771 0.999546 -0.0235468 -0.48229 -0.00655232 0.0234274 0.999704 -0.499811 0 0 0 1 
27844314100023;0.278091;0.0826054;25;0.996278 0.0222347 0.0832845 1.53753 -0.0184693 0.998784 -0.045713 -0.673199 -0.0841996 0.0440046 0.995477 -0.145426 0 0 0 1 
27844314100024;0.416131;0.233263;24;0.968743 0.0145785 -0.247637 -0.59523 -0.0242431 0.999057 -0.0360226 -0.485 0.246878 0.0409001 0.968183 7.38159 0 0 0 1 
27844314100025;0.365706;0.306432;25;0.991766 -0.0212074 -0.126294 -1.91513 0.0208739 0.999774 -0.00396376 0.526549 0.126349 0.00129489 0.991985 2.62661 0 0 0 1 
27844314100026;0.38807;0.120369;24;0.983078 -0.0166026 0.182432 -0.97937 0.00738334 0.998666 0.0510988 0.086289 -0.183037 -0.0488872 0.98189 -8.00847 0 0 0 1 
27844314100027;0.827287;0.730811;25;0.980909 -0.0304403 -0.192071 -2.80053 0.00507158 0.991341 -0.131212 -0.916206 0.194402 0.127733 0.97257 11.646 0 0 0 1 
27844314100028;0.216847;0.111436;24;0.993228 -0.028065 0.112738 -1.54048 0.0421295 0.99134 -0.124379 0.284708 -0.108271 0.128287 0.985809 4.95516 0 0 0 1 
27844314100029;0.528223;0.341827;25;0.996753 0.0262951 0.0761051 1.95495 -0.0245694 0.999421 -0.0235237 -0.641586 -0.0766796 0.0215774 0.996822 -1.24302 0 0 0 1 
27844314100031;1.32944;0.537541;26;0.999125 -0.0392651 -0.0144205 0.157714 0.0392252 0.999226 -0.00303987 0.134928 0.0145287 0.00247157 0.999891 2.64301 0 0 0 1 
27844314100032;1.35252;0.782528;26;0.949525 0.0372864 -0.311468 -0.945866 0.0574808 0.955418 0.289608 1.90187 0.30838 -0.292894 0.90505 6.21528 0 0 0 1 
27844314100033;0.908498;0.415747;26;0.974058 0.0109134 -0.226036 -0.700275 0.0424921 0.97225 0.230053 1.20434 0.222274 -0.23369 0.946564 4.99182 0 0 0 1 
27844314100034;0.315932;0.212566;23;0.999767 0.0207791 0.00577003 -0.213508 -0.0208737 0.99964 0.0168548 -0.386003 -0.00541772 -0.0169713 0.999841 -0.156787 0 0 0 1 
27844314100035;0.38412;0.156006;24;0.999547 -0.00699621 -0.0292826 0.0980826 0.00565541 0.998943 -0.0456232 -0.175253 0.0295708 0.0454369 0.998529 -0.467175 0 0 0 1 
27844314100036;0.255516;0.13298;25;0.996459 0.0327272 0.0774456 -0.119722 -0.0452803 0.985027 0.166346 -0.229538 -0.070842 -0.169264 0.983021 -0.137886 0 0 0 1 
27844314100037;0.704806;0.345911;25;0.999168 -0.03558 0.0199539 0.43603 0.0380811 0.988914 -0.143521 -0.0773906 -0.0146263 0.144161 0.989446 0.206137 0 0 0 1 
27844314100038;1.02577;0.534501;25;0.995987 0.0337247 0.082901 -0.133613 -0.0307854 0.99886 -0.036482 0.0872649 -0.0840369 0.0337835 0.99589 0.648936 0 0 0 1 
27844314100039;0.646323;0.192207;25;0.997993 -0.022809 0.0590673 -0.0502667 0.0346039 0.977703 -0.20712 -0.0362034 -0.053026 0.208748 0.976531 0.126487 0 0 0 1 
27844314100040;0.526776;0.353176;24;0.95736 -0.00207926 0.288891 -0.24937 0.010967 0.999515 -0.0291498 -0.434335 -0.28869 0.0310752 0.956918 -4.00882 0 0 0 1 
27844314100041;0.240913;0.207546;24;0.986654 -0.0364298 -0.158703 -0.1283 0.0270891 0.997793 -0.0606276 0.0444531 0.160561 0.0555193 0.985463 1.88682 0 0 0 1 
27844314100042;1.10623;0.537694;24;0.99934 -0.0272676 -0.0240121 0.219643 0.0285009 0.998208 0.052614 -0.586349 0.0225344 -0.0532636 0.998326 -0.84782 0 0 0 1 
27844314100043;0.537176;0.373659;25;0.95011 0.0366178 0.309758 -0.439127 -0.12225 0.957348 0.261801 -1.35038 -0.286959 -0.286608 0.914062 -3.38619 0 0 0 1 
27844314100044;0.682374;0.334477;25;0.990416 -0.0277934 0.13529 0.469602 0.0460148 0.989982 -0.133482 0.116665 -0.130225 0.138428 0.981773 -1.06396 0 0 0 1 
27844314100045;0.577329;0.281233;24;0.996356 -0.0299706 -0.0798502 0.0142964 0.0261608 0.998488 -0.0483383 0.522454 0.0811782 0.0460732 0.995634 -0.0398834 0 0 0 1 
27844314100046;0.842689;0.386619;26;0.978313 0.0316741 -0.204695 -0.862354 -0.00233873 0.989865 0.141992 -0.607733 0.207118 -0.138434 0.968472 3.50055 0 0 0 1 
27844314100047;0.331521;0.279764;24;0.999672 0.0125287 0.022348 -0.0261983 -0.0118724 0.999501 -0.0292624 -0.0221682 -0.0227035 0.0289875 0.999322 -0.26021 0 0 0 1 
27844314100048;0.326512;0.20529;24;0.999689 -0.00784079 0.0236725 0.181715 0.00924011 0.99818 -0.059593 0.0441087 -0.0231622 0.0597932 0.997942 -0.0583085 0 0 0 1 
27844314100049;0.286094;0.151586;25;0.987083 0.0172267 -0.159281 -0.428612 -0.011744 0.999308 0.0352987 -0.17785 0.159779 -0.0329722 0.986602 1.62287 0 0 0 1 
27844314100050;1.23172;0.686905;25;0.999718 0.0141625 -0.0190554 -0.247442 -0.0138235 0.999746 0.0178075 0.581939 0.0193027 -0.0175391 0.99966 1.82703 0 0 0 1 
27844314100051;0.428034;0.166828;24;0.999732 -0.00198647 -0.0230814 -0.0408093 0.00159273 0.999853 -0.0170643 -0.02535 0.0231119 0.017023 0.999588 1.11314 0 0 0 1 
27844314100052;1.33827;0.740252;25;0.999071 -0.0304809 -0.0304793 0.491931 0.0339136 0.992277 0.119313 -0.253265 0.0266072 -0.120236 0.992389 -1.00254 0 0 0 1 
27844314100053;1.32669;0.472369;27;0.970423 0.00141668 0.241405 0.177034 -0.0388346 0.987875 0.150313 -1.06931 -0.238265 -0.155243 0.958712 -0.264266 0 0 0 1 
27844314100054;0.560805;0.0943148;25;0.990613 -0.00113422 0.136689 -0.0824594 -0.00612506 0.998593 0.0526759 -0.499909 -0.136556 -0.0530187 0.989213 -0.413354 0 0 0 1 
27844314100055;0.956315;0.709406;24;0.999164 -0.00494007 0.04058 0.0199097 0.00745543 0.998044 -0.0620695 0.533874 -0.040194 0.0623202 0.997247 0.283432 0 0 0 1 
27844314100056;1.36899;0.839645;25;0.99768 -0.0306013 0.060819 0.34584 0.0380867 0.991299 -0.126001 -0.474431 -0.0564341 0.128025 0.990164 0.0428249 0 0 0 1 
27844314100057;0.0905846;0.0691156;24;0.990738 -0.00836942 0.135531 -0.00991121 0.00911356 0.999947 -0.00487105 -0.0355561 -0.135483 0.0060611 0.990761 -1.64468 0 0 0 1 
27844314100058;0.707405;0.130737;24;0.999464 0.0303815 0.0122104 0.0477409 -0.0303327 0.999531 -0.00415448 0.0148041 -0.0123309 0.00378188 0.999917 -1.49775 0 0 0 1 
27844314100059;0.65531;0.232942;25;0.892766 -0.00308332 0.450509 -1.12545 -0.0537012 0.992119 0.113209 -0.874733 -0.447308 -0.125262 0.885565 -6.19783 0 0 0 1 
27844314100060;1.27536;0.317723;25;0.981406 0.0300116 0.189584 -0.117027 -0.0185952 0.997921 -0.0617125 -1.13757 -0.191042 0.0570396 0.979923 -4.84296 0 0 0 1 
27844314100062;0.6633;0.448028;24;0.999932 -0.0116091 -0.000733365 -0.408437 0.0115762 0.999317 -0.0351023 0.0690914 0.00114037 0.0350915 0.999383 0.517059 0 0 0 1 
27844314100063;1.6099;0.0655405;25;0.99434 0.0155341 -0.105106 0.41995 -0.0168174 0.999794 -0.0113337 -0.195223 0.104909 0.0130371 0.994396 -0.3993 0 0 0 1 
27844314100064;1.94982;1.64216;24;0.998599 0.00435516 0.0527285 0.248632 -0.00176383 0.998793 -0.0490917 0.271755 -0.0528787 0.04893 0.997401 1.4337 0 0 0 1 
27844314100065;1.77485;0.749856;25;0.988121 0.0377345 0.148975 1.39568 -0.093358 0.917404 0.386851 -3.26817 -0.122073 -0.396163 0.910029 -15.9177 0 0 0 1 
27844314100066;1.08018;0.41676;25;0.996967 0.0311902 0.0712982 1.38766 -0.0350501 0.99795 0.0535439 -0.611469 -0.069482 -0.0558806 0.996017 -3.89083 0 0 0 1 
27844314100067;1.0783;0.452843;24;0.999366 -0.0161312 0.0317543 -0.560429 0.0156851 0.999775 0.0142482 0.41125 -0.031977 -0.0137411 0.999394 0.359429 0 0 0 1 
27844314100068;0.329721;0.284039;24;0.999698 0.0230126 0.00856716 0.746893 -0.0232171 0.999428 0.0245909 -0.19418 -0.00799636 -0.0247824 0.999661 -1.01968 0 0 0 1 
27844314100069;0.992581;0.805588;26;0.917267 -0.0235486 0.397577 -0.505662 0.0510578 0.996966 -0.0587469 0.428823 -0.394987 0.0741859 0.915686 -4.04071 0 0 0 1 
27844314100070;1.68809;1.09087;25;0.999717 0.0089115 -0.0220478 0.106173 -0.00838262 0.999678 0.023965 -0.0578363 0.0222542 -0.0237734 0.99947 1.29672 0 0 0 1 
27844314100071;2.20263;0.946174;25;0.986724 0.0290064 -0.159794 0.7074 0.0126732 0.967168 0.25382 -0.453743 0.161911 -0.252476 0.953961 -8.14974 0 0 0 1 
27844314100072;0.844195;0.243784;25;0.918699 -0.0204539 -0.394429 -3.01426 -0.0314077 0.991712 -0.124582 -1.19525 0.393708 0.126841 0.910442 9.99837 0 0 0 1 
27844314100073;1.02691;0.425901;25;0.999405 0.00783054 0.0336023 -0.0223731 -0.0132272 0.98645 0.163526 0.223517 -0.0318665 -0.163873 0.985967 -4.33898 0 0 0 1 
27844314100074;0.384882;0.320798;25;0.998405 -0.0012252 0.0564384 0.045385 -0.00830736 0.985691 0.168357 0.0241357 -0.0558371 -0.168557 0.984109 -6.12585 0 0 0 1 
27844314100075;1.31596;0.577743;26;0.997786 0.00842008 -0.0659682 0.266019 -0.0105216 0.999446 -0.0315744 -0.127599 0.0656658 0.0321985 0.997322 0.282446 0 0 0 1 
27844314100076;1.20785;1.15068;23;0.9999 -0.0059015 0.0128768 -0.144611 0.00567715 0.999833 0.0173904 0.205763 -0.0129772 -0.0173156 0.999766 -0.708849 0 0 0 1 
27844314100077;1.66098;0.393836;25;0.997719 0.0342968 -0.0581368 1.13024 -0.0294296 0.996148 0.082602 -0.527998 0.0607458 -0.0807027 0.994885 -3.80005 0 0 0 1 
27844314100078;1.89852;1.47957;24;0.999995 -0.000438424 -0.00323114 0.0599683 0.000419536 0.999983 -0.00584398 0.376765 0.00323365 0.0058426 0.999978 -0.814854 0 0 0 1 
27844314100079;1.7021;1.40982;24;0.996524 0.00457476 0.0831789 0.482591 -0.0140804 0.993375 0.114056 -0.227725 -0.082106 -0.114831 0.989986 -3.88137 0 0 0 1 
27844314100080;1.10438;0.456908;26;0.972202 -0.0188377 0.233385 -0.427669 -0.000269911 0.996668 0.0815706 0.0369056 -0.234143 -0.0793661 0.968957 -6.98272 0 0 0 1 
27844314100081;0.430079;0.357728;23;0.999893 -0.014601 0.000406259 -0.552846 0.0146047 0.999827 -0.0115182 0.296088 -0.000238012 0.0115229 0.999934 0.349269 0 0 0 1 
27844314100082;1.95213;1.39925;25;0.999472 0.011651 0.0303212 0.193134 -0.0214884 0.93717 0.34821 -0.671857 -0.0243592 -0.348677 0.936926 -9.67741 0 0 0 1 
27844314100083;0.583263;0.193794;25;0.965568 0.011017 0.259918 0.519337 -0.0311735 0.996804 0.0735553 -0.0779844 -0.258277 -0.0791252 0.962825 -6.64211 0 0 0 1 
27844314100084;0.503644;0.462951;25;0.991131 -0.00556169 0.13277 0.0236015 -0.0286236 0.966736 0.254171 -0.575623 -0.129767 -0.255717 0.958003 -9.99409 0 0 0 1 
27844314100085;0.720603;0.409788;25;0.997477 0.0327378 0.0629985 1.28685 -0.0469217 0.969909 0.238905 -0.948612 -0.0532816 -0.241258 0.968997 -8.81903 0 0 0 1 
27844314100086;1.70425;1.32493;26;0.995812 0.0535031 -0.0741311 1.30044 -0.0270982 0.947168 0.319592 -0.888205 0.0873137 -0.316245 0.944651 -9.53687 0 0 0 1 
27844314100087;1.08193;0.833185;24;0.978072 -0.0383532 -0.204707 -1.96151 0.0111662 0.991141 -0.132346 -0.457029 0.207969 0.127158 0.969835 5.86342 0 0 0 1 
27844314100088;1.41218;0.806125;24;0.997864 -0.0233259 0.0610208 -0.756898 0.0286452 0.995726 -0.0878019 0.212965 -0.058712 0.0893623 0.994267 3.43321 0 0 0 1 
27844314100089;0.394008;0.253208;24;0.9984 0.0183754 -0.0534857 0.193997 -0.0191207 0.999727 -0.0134565 -0.228593 0.0532238 0.0144577 0.998478 1.10759 0 0 0 1 
27844314100090;1.35838;0.68017;25;0.99059 -0.037627 -0.131588 -1.24925 0.0018255 0.965012 -0.262199 -1.4222 0.13685 0.259492 0.956 8.35124 0 0 0 1 
27844314100091;1.04859;1.01427;25;0.999372 -0.00705542 -0.0347291 -0.432132 0.00956796 0.997306 0.072721 0.315783 0.0341225 -0.0730076 0.996747 -1.87109 0 0 0 1 
27844314100093;0.967031;0.558229;24;0.993289 -0.074798 -0.0882217 -7.13933 0.0622274 0.988544 -0.13751 0.698368 0.0974965 0.131097 0.986564 17.0493 0 0 0 1 
27844314100094;1.92323;0.301946;26;0.971943 0.0584511 -0.227839 3.58749 -0.0122255 0.979877 0.199229 -0.83095 0.2349 -0.190854 0.953099 -8.19122 0 0 0 1 
27844314100095;0.873202;1.04787;24;0.992834 -0.0209861 0.117648 -0.608783 -0.0194546 0.942944 0.332381 -4.64316 -0.117911 -0.332288 0.935779 -35.7464 0 0 0 1 
27844314100096;0.430323;0.372865;24;0.987361 0.0729542 -0.140695 6.01511 -0.0722242 0.997335 0.0102944 -2.41962 0.141071 -2.65935e-06 0.989999 4.83918 0 0 0 1 
27844314100097;1.73872;0.266576;38;0.999451 0.0331172 -0.00112095 4.3308 -0.0331078 0.999423 0.00753516 0.349371 0.00136985 -0.00749391 0.999971 0.777516 0 0 0 1 
27844314100098;0.721991;0.674563;23;0.999955 0.00733183 0.00609451 1.2392 -0.00815618 0.988864 0.148598 -0.96608 -0.00493715 -0.148641 0.988879 -13.7964 0 0 0 1 
27844314100099;0.836004;0.356654;39;0.992103 -0.117432 -0.0440676 -12.447 0.119978 0.990936 0.0604303 4.01681 0.0365718 -0.0652402 0.997199 -5.26612 0 0 0 1 
27844314100100;2.4061;0.300558;31;0.999366 -0.0325441 -0.0144628 -2.92248 0.0352621 0.961122 0.273864 -0.387177 0.00498787 -0.2742 0.96166 -23.7332 0 0 0 1 
27844314100101;0.366989;0.297686;47;0.989469 -0.121012 -0.079421 -12.1948 0.142932 0.903457 0.404149 -2.83587 0.0228465 -0.411244 0.911239 -39.3818 0 0 0 1 
27844314100102;1.52564;0.397392;45;0.962362 -0.133406 0.236774 -13.912 0.18206 0.963307 -0.197217 0.726471 -0.201776 0.232901 0.951338 15.4816 0 0 0 1 
27844314100103;2.09748;0.553389;24;0.999937 0.00214703 -0.0110381 1.2828 -0.00206935 0.999973 0.00704399 -0.487862 0.011053 -0.0070207 0.999914 -2.63959 0 0 0 1 
27844314100104;0.507469;0.316903;24;0.998414 0.0559311 -0.00634074 5.567 -0.0558496 0.998362 0.0123764 -2.0525 0.00702258 -0.0120027 0.999903 -1.45636 0 0 0 1 
27844314100105;1.7041;2.23065;23;0.99846 -0.0460288 0.030978 -3.68464 0.0504234 0.98574 -0.160545 -0.215194 -0.0231466 0.16186 0.986542 14.7081 0 0 0 1 
27844314100106;0.621555;0.248868;26;0.975211 0.0229401 -0.220085 1.17551 -0.00192859 0.995455 0.0952135 -0.401871 0.221269 -0.0924288 0.970823 -1.61712 0 0 0 1 
27844314100107;0.153647;0.288659;29;0.996517 -0.0829517 -0.00856011 -8.0811 0.0829539 0.996553 -9.87318e-05 2.8306 0.0085388 -0.000611707 0.999963 0.246386 0 0 0 1 
27844314100108;1.53872;0.281672;35;0.998835 0.0285751 -0.0388917 3.81955 -0.0336299 0.990106 -0.136234 -1.4577 0.034614 0.137383 0.989913 15.8747 0 0 0 1 
27844314100109;1.60611;0.348071;26;0.999443 -0.0112173 -0.0314232 -1.98627 0.0133296 0.997607 0.0678365 0.14624 0.0305871 -0.0682176 0.997201 -7.06139 0 0 0 1 
27844314100110;2.36031;0.657797;33;0.998875 0.0469424 -0.00670473 5.83072 -0.0473621 0.99457 -0.092664 -3.55375 0.00231846 0.0928773 0.995675 11.1271 0 0 0 1 
27844314100111;0.227132;0.265759;24;0.967717 0.0261251 -0.250682 0.736517 0.0220646 0.982013 0.187518 -0.252353 0.251072 -0.186996 0.949734 -9.45182 0 0 0 1 
27844314100112;2.20462;1.91981;24;0.9977 -0.0671886 -0.0090216 -6.64166 0.0614905 0.952945 -0.296841 -3.47319 0.0285414 0.295604 0.954884 28.4399 0 0 0 1 
27844314100113;2.4063;0.298175;28;0.993662 -0.0754708 0.0833083 -6.90503 0.0878119 0.983829 -0.156105 0.670964 -0.0701797 0.162432 0.984221 16.1923 0 0 0 1 
27844314100114;0.335195;0.162006;24;0.971824 -0.131928 0.195326 -12.9857 0.145675 0.987648 -0.0577058 3.69371 -0.1853 0.0845339 0.979039 1.43027 0 0 0 1 
27844314100115;1.83608;0.280432;42;0.998704 0.0507542 -0.00380381 7.23019 -0.0506911 0.998599 0.0151675 -1.03141 0.0045683 -0.0149551 0.999878 -0.796262 0 0 0 1 
27844314100116;1.89876;1.34153;24;0.977662 -0.0538569 0.203165 -4.81744 0.034547 0.994643 0.0974234 1.8767 -0.207324 -0.0882285 0.974286 -14.4968 0 0 0 1 
27844314100117;2.29451;1.01734;24;0.991415 0.0489355 -0.121252 4.79422 -0.0159191 0.965601 0.259541 -2.38014 0.129781 -0.255382 0.95809 -17.7399 0 0 0 1 
27844314100118;2.1601;2.29202;23;0.999847 -0.00639106 0.0162615 0.218107 0.00674869 0.999734 -0.0220339 0.744285 -0.0161163 0.0221403 0.999625 2.02546 0 0 0 1 
27844314100119;1.47956;0.659286;24;0.999812 0.0193555 -0.00119569 3.13823 -0.0192745 0.99863 0.0486482 -1.09833 0.00213566 -0.048616 0.998815 -5.82688 0 0 0 1 
27844314100120;0.852594;0.888405;24;0.978301 -0.0298668 -0.205023 -3.55936 -0.0144777 0.977282 -0.211449 -3.63256 0.206681 0.209829 0.955644 28.4409 0 0 0 1 
27844314100121;1.87824;0.88089;24;0.998147 -0.011202 0.0598035 -0.0558053 0.0097333 0.999645 0.0247942 -0.140455 -0.0600601 -0.0241662 0.997902 -6.51652 0 0 0 1 
27844314100122;1.73464;0.296615;38;0.96885 -0.0240905 -0.246473 -2.37177 0.0216277 0.999685 -0.0126948 1.85572 0.246701 0.00696874 0.969066 8.45394 0 0 0 1 
27844314100124;0.405551;0.176307;29;0.997168 -0.058526 -0.0472369 -5.11839 0.0632925 0.992277 0.10668 2.02321 0.0406285 -0.109368 0.993171 -7.89394 0 0 0 1 
27844314100125;0.438401;0.175281;30;0.90686 -0.0986983 0.409712 -11.0763 0.145728 0.985657 -0.0851138 3.41135 -0.395435 0.136893 0.908235 -2.00475 0 0 0 1 
27844314100126;1.24567;0.163934;50;0.978221 -0.202204 -0.0468813 -19.9157 0.198515 0.977357 -0.0732536 2.80581 0.0606319 0.0623516 0.996211 6.91659 0 0 0 1 
27844314100127;1.48846;1.28876;37;0.998985 0.0380461 -0.0241285 1.3787 -0.0363911 0.997178 0.0656683 -2.694 0.0265588 -0.0647236 0.99755 -2.48038 0 0 0 1 
27844314100128;1.19785;0.166694;26;0.99679 -0.0163007 -0.078386 -2.05965 0.0118504 0.998309 -0.0569069 0.353103 0.0791811 0.0557953 0.995298 5.78944 0 0 0 1 
27844314100129;1.23822;0.168482;47;0.988611 0.150067 0.0113343 11.0083 -0.148938 0.98641 -0.0693709 -7.30615 -0.0215905 0.0668927 0.997527 6.38269 0 0 0 1 
27844314100130;0.532996;0.191867;27;0.982208 0.00886282 -0.187585 -0.420526 -0.0483886 0.977101 -0.207201 -3.98289 0.181453 0.212592 0.960146 24.5807 0 0 0 1 
27844314100131;0.768744;0.168781;41;0.983695 0.178744 -0.0198597 15.0734 -0.170778 0.963013 0.208424 -9.03353 0.0563798 -0.201635 0.977837 -14.7749 0 0 0 1 
27844314100132;0.304449;0.164884;26;0.990005 0.0551501 -0.129804 3.74227 -0.0300108 0.981673 0.188196 -2.26975 0.137804 -0.182419 0.973516 -11.6377 0 0 0 1 
27844314100133;0.242712;0.186051;26;0.9714 -0.106163 -0.212394 -11.4661 0.0310117 0.943545 -0.32979 -5.24251 0.235415 0.313771 0.919852 35.879 0 0 0 1 
27844314100134;1.30166;0.168368;30;0.971152 0.0426588 0.234615 3.27219 -0.0393545 0.999049 -0.0187501 -1.28411 -0.235192 0.00897601 0.971908 -9.42815 0 0 0 1 
27844314100135;0.261851;0.188115;31;0.992897 -0.10496 0.0560199 -9.31176 0.102839 0.993913 0.0395053 3.32479 -0.0598254 -0.0334637 0.997648 -4.82289 0 0 0 1 
27844314100136;1.42144;0.178459;40;0.990809 0.135068 0.00730464 11.3948 -0.133746 0.986326 -0.0962935 -7.97212 -0.0202109 0.0944316 0.995326 9.44633 0 0 0 1 
27844314100137;1.20547;0.230593;28;0.986951 -0.139219 0.0809052 -13.8573 0.158311 0.930751 -0.329607 -2.75551 -0.0294151 0.338114 0.940645 30.2059 0 0 0 1 
27844314100138;0.244336;0.183743;27;0.993749 0.0290835 -0.107784 1.78144 -0.0485503 0.981977 -0.182656 -3.99356 0.100529 0.186748 0.977251 19.7391 0 0 0 1 
27844314100139;1.59431;0.161142;39;0.998969 -0.0453906 -0.000243946 -3.14355 0.0453907 0.998913 0.0105709 -0.774024 -0.000236138 -0.0105711 0.999944 -1.95367 0 0 0 1 
27844314100140;0.22734;0.191748;30;0.995014 -0.0985832 0.0150836 -9.00807 0.098819 0.99498 -0.0157798 3.12878 -0.0134523 0.0171916 0.999762 1.19101 0 0 0 1 
27844314100141;0.358346;0.202818;41;0.952158 -0.220684 -0.211409 -22.183 0.177695 0.962599 -0.204516 2.36053 0.248636 0.157165 0.955761 22.2562 0 0 0 1 
27844314100142;0.117962;0.172465;34;0.994108 0.106795 0.0185435 9.1593 -0.10569 0.992995 -0.052817 -4.57291 -0.0240542 0.0505459 0.998432 3.78856 0 0 0 1 
27844314100143;1.8568;1.67177;23;0.999787 0.0164052 0.0125316 1.62642 -0.0148875 0.9935 -0.112854 -3.17148 -0.0143015 0.112643 0.993533 9.57163 0 0 0 1 
27844314100144;0.573265;0.179447;30;0.987538 -0.00453916 -0.157318 -2.20311 0.00781066 0.999766 0.0201835 0.998593 0.157189 -0.0211607 0.987342 3.5767 0 0 0 1 
27844314100145;0.564902;0.663397;24;0.988563 -0.1171 -0.0950294 -12.0827 0.103815 0.985475 -0.134395 1.66111 0.109387 0.122993 0.986361 14.8068 0 0 0 1 
27844314100146;0.457208;0.179967;25;0.999661 0.0165932 0.0200591 1.19754 -0.0172498 0.999306 0.033017 -0.639691 -0.0194973 -0.0333518 0.999253 -2.67699 0 0 0 1 
27844314100147;0.839697;0.164028;29;0.994445 -0.0451465 -0.0950867 -5.58637 0.0555006 0.992466 0.109226 1.77602 0.0894392 -0.113896 0.989459 -7.99599 0 0 0 1 
27844314100148;1.27087;0.158925;36;0.999378 0.00597492 0.0347462 -1.01983 -0.000177327 0.986374 -0.164516 -3.49033 -0.0352557 0.164407 0.985762 13.4257 0 0 0 1 
27844314100149;0.814525;0.175448;32;0.993341 0.000980491 0.115207 -0.59553 0.0571291 0.864177 -0.499934 -11.0516 -0.10005 0.503187 0.858367 41.2796 0 0 0 1 
27844314100150;1.30625;0.95431;42;0.997232 0.00331626 0.0742845 -1.7509 0.0195303 0.95225 -0.304695 -6.55868 -0.0717478 0.305302 0.949549 23.3659 0 0 0 1 
27844314100151;1.21483;0.353785;28;0.983384 -0.110498 0.144035 -10.0658 0.111728 0.993739 -0.000452096 4.45094 -0.143083 0.0165373 0.989572 -2.179 0 0 0 1 
27844314100152;0.850848;1.29049;26;0.978276 -0.0319359 0.204834 -4.12696 0.0836057 0.964926 -0.248853 -1.65063 -0.189703 0.260572 0.946634 16.0403 0 0 0 1 
27844314100153;1.33869;0.169508;46;0.985349 0.147672 0.0853214 10.7833 -0.149532 0.988631 0.0157981 -7.27745 -0.0820184 -0.0283249 0.996228 -5.83532 0 0 0 1 
27844314100155;1.31103;1.12058;23;0.994618 -0.0961069 -0.0387001 -4.55671 0.087035 0.977698 -0.191133 0.182731 0.0562063 0.186736 0.980801 9.98127 0 0 0 1 
27844314100156;0.173499;0.220159;25;0.999639 -0.0137621 -0.0230668 -0.955762 0.0141711 0.999744 0.0176644 0.590382 0.0228178 -0.0179849 0.999578 -0.440566 0 0 0 1 
27844314100157;1.77732;0.448837;48;0.989591 0.115372 -0.086017 4.10871 -0.107047 0.989626 0.0958205 -0.935952 0.0961796 -0.0856152 0.991675 -3.28563 0 0 0 1 
27844314100158;2.31932;0.246514;33;0.975264 0.0814028 -0.205508 1.43243 0.0210027 0.891388 0.452754 -0.666802 0.220043 -0.445871 0.867629 -14.7408 0 0 0 1 
27844314100159;1.17995;0.221238;28;0.994778 0.0812608 -0.0617529 3.36993 -0.0765963 0.994276 0.0744804 -1.60995 0.0674518 -0.0693615 0.995309 -3.01278 0 0 0 1 
27844314100160;1.94121;0.266157;35;0.97961 -0.0622324 -0.191029 -3.79621 0.066952 0.997588 0.0183458 2.26336 0.189426 -0.0307614 0.981413 4.74786 0 0 0 1 
27844314100161;0.541664;0.471777;26;0.990799 0.0464364 -0.127125 1.23076 -0.061192 0.991509 -0.114745 -1.9819 0.120717 0.121468 0.985227 8.74942 0 0 0 1 
27844314100162;1.51732;0.908941;24;0.992861 -0.113505 -0.0366685 -6.35685 0.113443 0.993537 -0.00376946 3.59285 0.0368594 -0.000417239 0.99932 1.34244 0 0 0 1 
27844314100163;1.36524;0.931774;24;0.990873 -0.131443 -0.0298826 -6.98916 0.129874 0.990296 -0.0494686 2.23697 0.0360949 0.0451361 0.998329 2.28552 0 0 0 1 
27844314100164;0.587208;0.438795;25;0.994625 -0.103112 -0.00945037 -5.30307 0.103481 0.993055 0.0559737 2.77631 0.00361317 -0.0566508 0.998388 -2.0953 0 0 0 1 
27844314100165;1.53313;0.251714;41;0.999197 0.0398319 -0.00429917 2.27787 -0.0397235 0.998948 0.0228929 -1.78462 0.00520652 -0.0227037 0.999729 0.15248 0 0 0 1 
27844314100166;0.330265;0.499723;24;0.99348 -0.102786 -0.0493111 -5.36727 0.097309 0.989918 -0.102923 1.6201 0.059393 0.0974533 0.993466 5.96998 0 0 0 1 
27844314100167;0.903395;0.261955;53;0.988029 -0.134623 0.0753341 -5.97084 0.145478 0.975566 -0.164645 1.17276 -0.0513284 0.173633 0.983472 6.14254 0 0 0 1 
27844314100168;2.432;0.238678;35;0.994888 -0.0440461 0.0908749 -1.89874 0.0415883 0.998721 0.0287662 0.344717 -0.0920257 -0.0248398 0.995447 -0.645564 0 0 0 1 
27844314100169;1.16953;0.871472;25;0.938275 0.0249956 0.344987 1.37723 0.0841424 0.95093 -0.297744 -1.82494 -0.335501 0.308393 0.890131 6.55863 0 0 0 1 
27844314100170;0.524881;0.233131;32;0.981136 -0.0555181 -0.185176 -3.61429 0.077485 0.990503 0.113581 1.5182 0.177111 -0.125787 0.976119 -1.90533 0 0 0 1 
27844314100171;2.35705;0.251538;49;0.957435 0.144495 0.249877 6.05134 -0.101652 0.979014 -0.176633 -3.0428 -0.270156 0.143714 0.952031 -2.00658 0 0 0 1 
27844314100172;0.422262;0.21992;29;0.997128 0.0254015 -0.0713422 0.400238 -0.0208948 0.997781 0.0632212 0.244055 0.0727898 -0.061549 0.995446 -1.28413 0 0 0 1 
27844314100173;0.404553;0.227323;46;0.992467 -0.0995292 -0.0714421 -5.18198 0.107641 0.986861 0.120494 2.12014 0.0585108 -0.127277 0.99014 -4.47662 0 0 0 1 
27844314100174;0.99992;0.434775;24;0.997787 0.0645037 -0.0161204 2.10557 -0.0636763 0.996843 0.0474351 -1.0775 0.0191292 -0.0463036 0.998744 -2.24554 0 0 0 1 
27844314100175;0.837078;0.244577;35;0.998444 0.054339 -0.0124925 2.21926 -0.0540586 0.9983 0.0217873 -0.12248 0.0136552 -0.0210781 0.999685 -0.946834 0 0 0 1 
27844314100176;0.793248;0.607115;25;0.996104 0.0380439 -0.0795554 1.06331 -0.0620011 0.943665 -0.325042 -5.21475 0.0627078 0.328708 0.942348 17.1534 0 0 0 1 
27844314100177;2.13358;0.239491;28;0.999932 -0.00468125 -0.0106522 -0.202247 0.0048281 0.999893 0.0138021 0.537642 0.0105865 -0.0138526 0.999848 -2.76089 0 0 0 1 
27844314100178;1.06641;1.2298;24;0.995968 -0.0738053 -0.0509924 -3.94509 0.0735735 0.997269 -0.00641074 1.50441 0.0513263 0.00263321 0.998678 1.0999 0 0 0 1 
27844314100179;2.46162;0.4129;26;0.965104 -0.0154981 -0.261408 -2.4877 -0.0231564 0.989286 -0.144144 -0.34205 0.260841 0.145167 0.954405 10.1162 0 0 0 1 
27844314100180;2.13141;1.09956;24;0.956055 0.113901 0.270157 4.47524 -0.167426 0.968532 0.184158 -4.85048 -0.24068 -0.221296 0.94504 -16.5276 0 0 0 1 
27844314100181;0.683715;0.266872;25;0.998067 0.0601349 0.0157098 2.89382 -0.0607559 0.997243 0.0426039 -1.02781 -0.0131045 -0.043476 0.998969 -1.65945 0 0 0 1 
27844314100182;1.078;0.246006;40;0.98154 -0.0823672 0.17261 -3.54058 0.0700177 0.994611 0.0764622 1.44416 -0.177978 -0.062965 0.982018 -5.86579 0 0 0 1 
27844314100183;1.04239;0.394321;25;0.909756 -0.108972 0.400587 -5.3142 0.0100629 0.970439 0.241136 0.343306 -0.415022 -0.215344 0.883959 -18.8866 0 0 0 1 
27844314100184;1.3844;0.221018;43;0.983796 -0.0363152 0.175574 -1.17406 0.0190121 0.994881 0.0992472 -0.700933 -0.17828 -0.094301 0.979451 -8.69747 0 0 0 1 
27844314100186;0.793481;0.304844;28;0.971416 0.118526 -0.205674 6.42041 -0.0663909 0.967504 0.243984 -3.11532 0.227909 -0.223355 0.947718 -7.22412 0 0 0 1 
27844314100187;1.90684;0.293117;35;0.996282 0.0857847 0.00800945 6.5494 -0.085508 0.995882 -0.0301307 -2.49762 -0.0105612 0.0293338 0.999514 3.10596 0 0 0 1 
27844314100188;0.899725;0.661996;24;0.911473 0.00935477 0.411254 -0.00332017 -0.0274404 0.998897 0.038095 -1.05808 -0.410444 -0.0460075 0.910724 -18.0618 0 0 0 1 
27844314100189;2.92803;2.53933;24;0.995849 -0.0370484 -0.0831436 -3.01768 0.0276955 0.99344 -0.11095 -0.716818 0.0867087 0.108187 0.990342 10.4672 0 0 0 1 
27844314100190;2.25734;1.20427;25;0.996214 0.0757578 -0.0426391 5.64658 -0.0819314 0.982172 -0.169188 -5.24954 0.0290616 0.172041 0.984661 13.5273 0 0 0 1 
27844314100191;2.96618;0.462443;43;0.97702 -0.110452 0.182298 -7.34298 0.168649 0.923599 -0.344272 -2.96744 -0.130345 0.367105 0.921002 22.4981 0 0 0 1 
27844314100192;2.51273;1.06288;46;0.925483 -0.122115 -0.358566 -10.4359 0.0909845 0.990562 -0.102514 1.03101 0.367701 0.0622507 0.927858 16.4049 0 0 0 1 
27844314100193;1.47826;0.673897;24;0.993634 0.0564281 -0.0975071 3.89107 -0.0513762 0.997242 0.0535683 -1.70281 0.100261 -0.0482177 0.993792 0.971724 0 0 0 1 
27844314100194;2.31253;1.32525;24;0.969573 0.0309828 -0.242835 -0.456238 -0.0237486 0.999184 0.0326625 -0.371789 0.243649 -0.0259017 0.969518 7.60911 0 0 0 1 
27844314100195;2.39108;0.332581;40;0.980226 -0.180499 -0.0811005 -12.0787 0.148406 0.941664 -0.302067 -0.0686254 0.130892 0.284058 0.949831 21.544 0 0 0 1 
27844314100196;0.463067;0.802365;24;0.994079 0.0590811 0.0911903 5.05199 -0.0641363 0.996504 0.0535364 -2.29439 -0.0877085 -0.059068 0.994393 -7.11239 0 0 0 1 
27844314100197;2.03095;2.02492;24;0.993158 -0.0810303 -0.084086 -6.02715 0.0717278 0.991527 -0.108301 0.559275 0.0921492 0.101529 0.990556 9.00938 0 0 0 1 
27844314100198;1.85236;0.274128;35;0.978411 -0.119476 -0.168635 -8.36901 0.12534 0.991811 0.0245251 3.88139 0.164323 -0.0451322 0.985373 3.50455 0 0 0 1 
27844314100199;0.504668;0.333891;40;0.988995 -0.134683 -0.0612376 -9.53469 0.140977 0.983443 0.113865 4.16482 0.0448881 -0.121245 0.991607 -7.26903 0 0 0 1 
27844314100200;2.93423;0.416915;41;0.994612 -0.102747 0.0138032 -6.984 0.103513 0.991589 -0.0776943 1.67507 -0.00570423 0.0787045 0.996882 2.46857 0 0 0 1 
27844314100201;1.21539;0.368441;25;0.988509 0.0284322 0.148465 2.31079 -0.0555018 0.98182 0.181516 -2.82988 -0.140605 -0.18767 0.972116 -18.5557 0 0 0 1 
27844314100202;1.66781;0.504561;52;0.926626 0.249135 -0.281597 13.2487 -0.212161 0.964794 0.155435 -8.06184 0.310408 -0.0842866 0.946859 5.77031 0 0 0 1 
27844314100203;0.429271;1.02197;25;0.932634 -0.113597 0.342477 -7.82647 0.0174122 0.962213 0.271741 -1.30358 -0.360404 -0.247472 0.89937 -29.6205 0 0 0 1 
27844314100204;0.64969;0.941936;25;0.921073 0.00844559 -0.389297 -3.60002 0.0706637 0.979539 0.18844 1.59141 0.382923 -0.201076 0.901631 -1.72678 0 0 0 1 
27844314100205;2.89316;1.88287;24;0.993393 -0.0674432 -0.0928561 -4.58277 0.064459 0.997314 -0.0347742 0.92062 0.094952 0.0285591 0.995072 3.81671 0 0 0 1 
27844314100206;1.28236;0.311013;37;0.996704 -0.0496124 0.0641865 -2.43804 0.0598243 0.983888 -0.168478 -1.08606 -0.0547937 0.171763 0.983613 9.66184 0 0 0 1 
27844314100207;1.92404;0.673185;25;0.973098 0.131633 -0.189086 7.46805 -0.113129 0.987956 0.105571 -4.13681 0.200705 -0.0813398 0.976269 2.689 0 0 0 1 
27844314100208;1.88311;0.646267;24;0.915568 0.12605 0.381898 7.65862 -0.0470732 0.976673 -0.209508 -3.54409 -0.399398 0.173842 0.900144 -3.86208 0 0 0 1 
27844314100209;2.33052;0.596483;37;0.983841 0.177524 0.0232719 12.4799 -0.177842 0.983981 0.0123646 -6.81945 -0.0207041 -0.0163036 0.999653 -4.01684 0 0 0 1 
27844314100210;0.530209;0.835708;24;0.994629 -0.0386193 0.0960345 -1.74901 0.0459181 0.996126 -0.0749915 0.525034 -0.0927663 0.0789985 0.992549 1.84444 0 0 0 1 
27844314100211;2.44996;1.15177;24;0.997687 0.0351836 -0.0581629 2.37043 -0.0360443 0.999255 -0.0138157 -1.20742 0.0576335 0.0158802 0.998212 5.05038 0 0 0 1 
27844314100212;2.84301;0.585559;35;0.990145 0.124379 -0.0643652 8.49518 -0.128503 0.989611 -0.0644702 -4.63266 0.0556778 0.072106 0.995842 4.14173 0 0 0 1 
27844314100213;1.50297;0.327316;43;0.997167 0.0706261 0.0258933 6.19432 -0.065492 0.984446 -0.163023 -5.03207 -0.0370043 0.160865 0.986282 9.95122 0 0 0 1 
27844314100214;0.564234;0.348575;32;0.986752 -0.102642 0.12564 -6.63575 0.103482 0.994631 -0.000162807 2.94527 -0.124949 0.0131622 0.992076 -2.93159 0 0 0 1 
27844314100215;0.386204;0.780997;24;0.993886 0.0299306 -0.106277 1.95681 -0.0365795 0.997457 -0.0611732 -1.7594 0.104176 0.0646868 0.992453 7.73206 0 0 0 1 
27844314100217;0.459527;0.972236;24;0.99563 0.019225 -0.0913882 0.519145 -0.0207993 0.999651 -0.0163052 -0.988193 0.0910428 0.0181347 0.995682 2.95443 0 0 0 1 
27844314100218;2.20727;0.141575;49;0.973865 0.22648 -0.0171355 3.30948 -0.226636 0.973949 -0.0077269 -7.8974 0.0149391 0.0114085 0.999823 3.33425 0 0 0 1 
27844314100219;2.19715;0.208791;24;0.992186 -0.123366 -0.0186403 -2.86424 0.122715 0.991901 -0.0327684 3.24811 0.0225318 0.0302249 0.999289 3.90382 0 0 0 1 
27844314100220;1.31114;0.0731283;30;0.997713 -0.0172386 -0.0653602 0.593215 0.0156307 0.999564 -0.0250332 -0.629041 0.0657633 0.0239543 0.997548 2.30603 0 0 0 1 
27844314100221;1.65894;1.68375;23;0.999696 0.0180656 0.0168038 0.625035 -0.0185565 0.999392 0.0295325 -0.63096 -0.01626 -0.0298353 0.999423 -0.53795 0 0 0 1 
27844314100222;1.73745;0.138098;48;0.94782 0.271439 -0.167204 4.10601 -0.250498 0.958508 0.13606 -9.38215 0.197198 -0.0870764 0.976489 5.12032 0 0 0 1 
27844314100223;2.40198;1.14559;24;0.998333 0.0193394 -0.0543861 1.22377 -0.0195923 0.9998 -0.00411987 0.0647577 0.0542955 0.00517855 0.998511 3.3176 0 0 0 1 
27844314100224;0.843273;0.945753;24;0.997023 0.072984 -0.0248729 1.59233 -0.0708659 0.994476 0.0774298 -2.56641 0.0303866 -0.0754367 0.996687 -0.202829 0 0 0 1 
27844314100225;1.09219;1.50637;23;0.999746 0.0208553 0.00849516 1.03675 -0.0202513 0.997623 -0.0658615 -0.336916 -0.00984853 0.0656728 0.997793 0.992314 0 0 0 1 
27844314100226;2.28577;0.0771944;42;0.92811 0.259486 -0.266982 1.78265 -0.187653 0.945389 0.266506 -6.78977 0.321557 -0.197247 0.926118 8.38855 0 0 0 1 
27844314100227;0.739768;0.993748;25;0.98547 0.105511 -0.1331 1.8431 -0.102091 0.994251 0.0322819 -3.01586 0.135741 -0.0182244 0.990577 4.03031 0 0 0 1 
27844314100228;0.965544;0.14812;30;0.989374 0.092827 -0.111906 1.50102 -0.0886633 0.995191 0.0416374 -3.25106 0.115233 -0.031273 0.992846 3.87517 0 0 0 1 
27844314100229;0.882458;0.883993;24;0.964831 0.0544439 0.257171 1.66119 -0.00614107 0.982718 -0.185005 -1.80539 -0.262799 0.17692 0.948492 -5.75175 0 0 0 1 
27844314100230;0.333053;0.140739;28;0.951756 0.15751 -0.263346 0.319329 -0.0662125 0.943406 0.324963 -1.70755 0.299627 -0.291848 0.908322 3.12408 0 0 0 1 
27844314100231;2.08116;0.0917104;27;0.99494 -0.0489515 0.0877428 -0.433412 0.0508118 0.998526 -0.0190943 1.14464 -0.0866787 0.023456 0.99596 0.277469 0 0 0 1 
27844314100232;2.3687;1.44473;24;0.999471 0.0177744 -0.0272507 -0.406222 -0.0186055 0.99936 -0.0305525 0.185106 0.0266902 0.0310433 0.999162 0.168979 0 0 0 1 
27844314100233;0.91161;0.951589;24;0.995935 0.0870935 -0.0229842 2.41411 -0.0869159 0.996178 0.00861554 -3.0006 0.0236467 -0.00658283 0.999699 -0.310841 0 0 0 1 
27844314100234;2.15311;1.08547;24;0.997596 0.00512917 0.0691103 1.48178 -0.00578687 0.99994 0.00931976 0.630137 -0.0690583 -0.00969728 0.997565 -4.91504 0 0 0 1 
27844314100235;1.5865;0.740975;24;0.941571 0.0037298 -0.336794 -4.20569 -0.018078 0.999057 -0.0394765 -0.773962 0.336329 0.0432585 0.940751 10.5172 0 0 0 1 
27844314100236;0.801975;1.02564;24;0.999783 0.0128998 -0.0163697 1.33218 -0.0140183 0.997437 -0.0701605 -0.432085 0.0154227 0.0703747 0.997401 1.75308 0 0 0 1 
27844314100237;0.36254;0.114489;35;0.988514 0.136641 -0.0645753 1.70237 -0.13352 0.989762 0.0504249 -4.01012 0.0708044 -0.0412237 0.996638 1.56187 0 0 0 1 
27844314100238;0.509991;0.128979;55;0.968986 0.18779 -0.160625 2.10471 -0.233478 0.908668 -0.346136 -10.5742 0.0809544 0.372903 0.924332 8.68926 0 0 0 1 
27844314100239;2.45541;1.71217;24;0.998384 0.0473421 -0.0314422 0.863939 -0.0468445 0.998768 0.0163816 -1.62896 0.032179 -0.0148823 0.999371 3.19585 0 0 0 1 
27844314100240;0.531694;0.115231;30;0.996045 -0.0847755 0.0265909 -1.79637 0.0841679 0.996182 0.0231963 2.42807 -0.0284558 -0.0208664 0.999377 -0.753578 0 0 0 1 
27844314100241;1.90316;0.454284;25;0.997057 -0.0658564 0.0392451 0.361294 0.0629312 0.995445 0.0716133 2.66511 -0.0437826 -0.0689328 0.99666 -3.86944 0 0 0 1 
27844314100242;0.857743;0.119361;25;0.987508 0.0320136 0.154283 1.18685 -0.0361797 0.999051 0.0242706 -0.616106 -0.153359 -0.0295494 0.987729 -4.50546 0 0 0 1 
27844314100243;1.52979;1.97838;25;0.989015 -0.0127381 -0.147268 -0.558084 0.00595502 0.998905 -0.046409 0.146967 0.147697 0.0450222 0.988007 4.91902 0 0 0 1 
27844314100244;1.45043;0.589457;24;0.978905 0.175277 -0.104994 1.90489 -0.133533 0.937777 0.320535 -3.45614 0.154643 -0.299753 0.9414 0.177155 0 0 0 1 
27844314100245;0.353496;0.748367;24;0.994662 0.0878853 0.0540639 2.41713 -0.0970976 0.974509 0.202248 -2.70253 -0.0349111 -0.206418 0.977841 -4.85028 0 0 0 1 
27844314100246;0.304746;0.101875;32;0.994119 0.102983 0.0334901 1.70711 -0.0946493 0.976551 -0.193364 -4.5572 -0.052618 0.189057 0.980555 1.77795 0 0 0 1 
27844314100248;1.91005;1.42176;24;0.999746 -0.0199309 0.0105554 -1.31147 0.0196366 0.999435 0.0272846 0.947947 -0.0110933 -0.0270704 0.999572 -1.92879 0 0 0 1 
27844314100249;1.74539;0.626842;26;0.918948 0.0108939 0.394228 0.866306 0.0236228 0.996303 -0.0825962 0.478693 -0.39367 0.0852144 0.915294 4.74602 0 0 0 1 
27844314100250;2.4193;1.56998;26;0.886939 0.045318 -0.459658 2.09429 -0.036784 0.998945 0.0275097 -0.882426 0.46042 -0.00749133 0.88767 0.125332 0 0 0 1 
27844314100251;0.382775;0.256151;27;0.997265 0.0467665 0.0572343 2.7287 -0.0550424 0.986721 0.152817 -0.653249 -0.0493276 -0.155549 0.986596 -8.61458 0 0 0 1 
27844314100252;0.517763;0.73861;25;0.994156 0.0211918 -0.105854 1.24115 -0.0471774 0.967241 -0.249439 -2.49462 0.0971002 0.252975 0.962588 13.1663 0 0 0 1 
27844314100253;0.421961;0.362577;25;0.995658 0.0207313 0.0907451 1.45784 -0.0144403 0.997482 -0.0694407 -0.643105 -0.0919562 0.0678288 0.99345 3.28768 0 0 0 1 
27844314100254;1.06506;0.383491;28;0.996833 0.075695 -0.0243823 4.25596 -0.0679898 0.970233 0.232433 -1.50958 0.0412505 -0.230039 0.972307 -13.1055 0 0 0 1 
27844314100255;0.41574;0.482988;25;0.94324 0.0238762 -0.331252 0.52795 -0.03477 0.999031 -0.026999 -0.660658 0.330286 0.0369842 0.943156 2.68193 0 0 0 1 
27844314100256;0.221269;0.150853;24;0.999763 0.000425415 -0.0217806 -0.144731 0.000742548 0.998563 0.0535877 0.106668 0.0217721 -0.0535912 0.998326 -3.07496 0 0 0 1 
27844314100257;0.472366;0.269209;29;0.995156 0.0643907 0.0742884 3.80796 -0.0889558 0.911489 0.40159 -4.06919 -0.0418544 -0.406253 0.912802 -21.6164 0 0 0 1 
