#;prob_registration_l1 -r /home/probabilistic_point_clouds_registration/build/tester /home/point_clouds_registration_benchmark//devel/registration_pairs/pioneer_slam_local.txt /home/point_clouds_registration_benchmark//tum/pioneer_slam -s 0.1 -t 0.1 -p 0.3 -r 1000 -m 10 -n 20 -i 200 
id;initial_error;final_error;transformation
1807261650000;0.252801;0.163015;34;0.995893 0.0187222 0.0885772 -0.151455 -0.0158321 0.999323 -0.0332193 0.0942204 -0.0891391 0.0316806 0.995515 0.202015 0 0 0 1 
1807261650001;0.370505;0.155592;46;0.972743 0.113505 0.202209 -0.0885605 -0.152911 0.969534 0.191371 0.398517 -0.174327 -0.217075 0.960463 0.867979 0 0 0 1 
1807261650002;0.611698;0.199843;38;0.999963 0.0078251 -0.00370143 0.135099 -0.00790338 0.999735 -0.0216301 -0.685231 0.00353119 0.0216585 0.999759 0.563762 0 0 0 1 
1807261650003;0.65444;0.240401;49;0.961077 0.270895 -0.0542831 0.319752 -0.266779 0.96102 0.0725885 0.937163 0.071831 -0.0552816 0.995884 -0.982142 0 0 0 1 
1807261650004;0.70178;0.266879;42;0.919221 0.349664 0.18102 -0.0162097 -0.323141 0.932627 -0.160582 1.24916 -0.224974 0.0891155 0.970281 1.37931 0 0 0 1 
1807261650005;0.564667;0.123347;44;0.991676 -0.128759 0.000671571 0.0665892 0.128758 0.9916 -0.0122487 -0.0957319 0.000911197 0.0122332 0.999925 0.727277 0 0 0 1 
1807261650006;0.456118;0.0886506;39;0.996633 -0.0463431 -0.0676444 -0.30299 0.0356594 0.987832 -0.151378 0.240098 0.0738367 0.148456 0.986159 -0.695434 0 0 0 1 
1807261650007;0.0911852;0.0440741;33;0.997346 0.0138424 0.0714784 -0.124985 -0.0150795 0.999745 0.0167969 0.0331312 -0.0712277 -0.0178302 0.997301 0.289862 0 0 0 1 
1807261650008;0.628711;0.283444;42;0.957675 -0.0628265 0.280912 0.579909 0.0251464 0.99042 0.135781 -0.388963 -0.286751 -0.12297 0.95008 0.734793 0 0 0 1 
1807261650009;0.268333;0.219019;41;0.984084 -0.177651 -0.00430796 -0.0291798 0.177634 0.984089 -0.00396766 -0.445988 0.00494427 0.00313927 0.999983 -0.100769 0 0 0 1 
1807261650010;0.71038;0.243038;45;0.94947 0.31363 0.0119777 0.0480694 -0.313695 0.949516 0.00395933 0.95688 -0.0101313 -0.00751662 0.99992 -0.857521 0 0 0 1 
1807261650011;0.818748;0.163535;64;0.904584 0.426266 -0.00505564 0.120297 -0.426278 0.904591 -0.00147264 1.64426 0.00394555 0.00348723 0.999986 -0.881722 0 0 0 1 
1807261650012;0.646177;0.0456312;43;0.99997 -0.00602032 0.00497153 0.185314 0.00621709 0.999158 -0.0405614 -0.688222 -0.00472315 0.0405911 0.999165 -0.697622 0 0 0 1 
1807261650013;0.5425;0.0897788;31;0.989625 0.019474 -0.142346 0.0976064 -0.0255544 0.998832 -0.0410132 -0.167363 0.141381 0.0442253 0.988967 -1.19122 0 0 0 1 
1807261650014;0.402811;0.159658;45;0.947557 0.183453 -0.261687 0.325751 -0.152042 0.979003 0.135782 0.373919 0.281102 -0.0888738 0.955554 -1.3934 0 0 0 1 
1807261650015;0.62098;0.123732;46;0.906358 -0.374128 0.196324 0.262196 0.371793 0.926965 0.0500486 -0.958548 -0.200711 0.0276301 0.979261 1.2956 0 0 0 1 
1807261650016;0.314215;0.151971;53;0.99094 0.124105 -0.0513488 -0.100804 -0.122001 0.991629 0.042279 0.569049 0.0561661 -0.0356313 0.997785 -0.00794763 0 0 0 1 
1807261650017;0.544853;0.158315;43;0.950577 0.0995728 -0.29409 0.214947 -0.199385 0.92184 -0.33235 0.815361 0.238011 0.374561 0.896133 -1.09647 0 0 0 1 
1807261650018;0.870541;0.275297;45;0.899872 0.418894 0.121486 0.0333744 -0.411986 0.907802 -0.0785117 1.72287 -0.143173 0.0206001 0.989483 1.19867 0 0 0 1 
1807261650019;0.408282;0.1599;61;0.968723 0.247973 -0.00927474 -0.276783 -0.247949 0.968766 0.0037073 0.658045 0.00990436 -0.00129168 0.99995 0.287469 0 0 0 1 
1807261650020;0.378251;0.159449;45;0.965865 -0.00073229 -0.259045 0.0554115 -0.0933897 0.931766 -0.350843 0.273494 0.241626 0.363059 0.899892 -0.91237 0 0 0 1 
1807261650021;0.0584465;0.132446;38;0.999215 0.0296134 -0.0263023 -0.0500175 -0.0294143 0.999536 0.00792162 -0.0960405 0.0265246 -0.00714174 0.999623 -0.0630679 0 0 0 1 
1807261650022;0.492617;0.182719;45;0.978616 -0.110611 -0.173423 0.174369 0.0962837 0.991368 -0.0889833 -0.11508 0.181768 0.0703827 0.980819 -1.18989 0 0 0 1 
1807261650023;0.436303;0.260229;41;0.949354 0.313016 0.0273372 -0.0165995 -0.313723 0.949126 0.0271542 1.04031 -0.0174467 -0.0343553 0.999257 0.149965 0 0 0 1 
1807261650024;0.611538;0.202202;37;0.995764 -0.0157366 0.0905944 0.0696264 0.0226019 0.996908 -0.0752611 0.305369 -0.0891299 0.0769899 0.99304 -0.380093 0 0 0 1 
1807261650025;0.222007;0.153742;41;0.990863 -0.105127 -0.0844909 -0.175121 0.0925481 0.985666 -0.141056 -0.260938 0.0981087 0.131948 0.98639 -0.151062 0 0 0 1 
1807261650026;0.125003;0.033786;37;0.99726 -0.0171988 -0.0719542 -0.171217 0.00911681 0.993759 -0.111176 0.0223566 0.0734172 0.110216 0.991192 -0.139166 0 0 0 1 
1807261650027;0.446617;0.217116;44;0.924935 -0.37581 0.0571095 0.16148 0.369962 0.924497 0.0918301 -1.15771 -0.0873082 -0.0638086 0.994136 0.371499 0 0 0 1 
1807261650028;0.18577;0.156495;59;0.980863 0.183044 -0.0663542 0.109656 -0.185225 0.982288 -0.028319 0.315033 0.0599953 0.0400675 0.997394 -0.200067 0 0 0 1 
1807261650029;0.503137;0.267297;47;0.990647 0.0553597 -0.124711 0.0835822 -0.0834677 0.968906 -0.232927 0.57057 0.107939 0.241158 0.964465 -0.248117 0 0 0 1 
1807261650031;0.869936;0.888333;26;0.999927 0.00830281 -0.00875158 0.0279683 -0.0059542 0.970621 0.240541 -0.0194764 0.0104916 -0.240472 0.970599 -0.952072 0 0 0 1 
1807261650032;0.361529;0.24382;25;0.973692 0.0243575 -0.226561 0.08531 -0.0642278 0.983294 -0.170319 0.250508 0.218627 0.180389 0.95899 0.288128 0 0 0 1 
1807261650033;0.495733;0.471866;24;0.998823 0.0167442 0.0455131 0.0367749 -0.0166224 0.999857 -0.00305334 0.0473796 -0.0455578 0.00229321 0.998959 0.037015 0 0 0 1 
1807261650034;1.09057;0.973924;37;0.988274 0.147617 -0.0390464 0.694497 -0.14968 0.987112 -0.0566153 0.733688 0.0301858 0.0617959 0.997632 0.716565 0 0 0 1 
1807261650035;0.885672;0.907129;26;0.99008 0.0687418 -0.122542 0.271409 -0.0502145 0.987661 0.148335 0.284879 0.131226 -0.140711 0.981316 -0.0887659 0 0 0 1 
1807261650036;0.893017;0.384926;25;0.986533 0.0559166 0.153705 0.210587 -0.0679799 0.99491 0.0743797 0.355707 -0.148763 -0.0838269 0.985313 0.727567 0 0 0 1 
1807261650037;0.513994;0.460746;30;0.999654 0.0232815 0.0122078 0.218926 -0.0241704 0.996615 0.078583 0.306946 -0.0103369 -0.0788509 0.996833 -0.500412 0 0 0 1 
1807261650038;0.984234;0.503409;28;0.91954 0.0703226 0.386653 -0.0676667 -0.0478529 0.996575 -0.067448 0.502224 -0.390072 0.0435186 0.919755 -0.235305 0 0 0 1 
1807261650039;0.787771;0.360285;27;0.986037 0.0740189 0.149172 0.132871 -0.0522938 0.988103 -0.144629 0.3886 -0.158103 0.134809 0.978177 -0.133659 0 0 0 1 
1807261650040;0.449489;0.164749;25;0.972415 0.000957356 0.233257 -0.0119164 -0.00857744 0.999462 0.0316559 0.133797 -0.233102 -0.0327835 0.9719 0.546427 0 0 0 1 
1807261650041;0.636202;0.215159;38;0.999588 0.0280134 -0.00618612 0.307736 -0.0280023 0.999606 0.00187357 0.478562 0.00623617 -0.00169957 0.999979 -0.325242 0 0 0 1 
1807261650042;0.394001;0.276403;25;0.999908 0.00751118 -0.0112903 -0.105545 -0.0077 0.99983 -0.0167753 0.171427 0.0111624 0.0168607 0.999796 0.0813733 0 0 0 1 
1807261650043;0.493104;0.217773;29;0.966956 0.0691576 0.245384 0.231255 -0.0704062 0.997512 -0.00369127 0.543087 -0.245029 -0.0137073 0.969419 0.2707 0 0 0 1 
1807261650044;0.603128;0.496801;29;0.998564 0.0494868 -0.02054 -0.0448104 -0.049334 0.998751 0.00788218 0.306904 0.0209044 -0.00685754 0.999758 -0.432195 0 0 0 1 
1807261650045;0.822026;0.422964;29;0.993439 -0.0332282 -0.109428 -0.0453764 0.0726993 0.922129 0.379991 -0.29034 0.0882803 -0.385453 0.918495 -1.848 0 0 0 1 
1807261650046;0.726796;1.15075;43;0.999364 -0.0228331 -0.0273936 -0.164208 0.0192994 0.992223 -0.122964 0.770194 0.0299882 0.122357 0.992033 0.789806 0 0 0 1 
1807261650047;0.841796;0.499782;25;0.997789 -0.0318612 -0.058335 -0.0979234 0.0309198 0.999378 -0.0169689 0.117087 0.0588394 0.0151277 0.998153 0.640462 0 0 0 1 
1807261650048;0.923373;0.111879;25;0.983682 0.0221262 0.178552 0.115746 -0.0579837 0.978446 0.198197 0.249614 -0.170318 -0.205315 0.963762 0.411158 0 0 0 1 
1807261650049;0.894299;0.703964;24;0.967885 -0.0267863 0.24996 -0.0824336 0.00188473 0.995052 0.0993342 0.0363304 -0.251384 -0.095673 0.963147 0.520852 0 0 0 1 
1807261650050;0.776112;1.10895;47;0.987573 0.0814205 0.134428 0.114689 -0.0424714 0.961778 -0.270516 1.13528 -0.151315 0.261445 0.953284 1.26545 0 0 0 1 
1807261650051;0.472646;1.1681;40;0.971882 0.171122 0.161748 0.596467 -0.169757 0.985233 -0.0223269 1.12444 -0.16318 -0.00575871 0.986579 0.509276 0 0 0 1 
1807261650052;0.367213;0.319444;24;0.999262 -0.011503 0.0366471 -0.0342236 0.00389495 0.979531 0.201258 -0.0228508 -0.038212 -0.200966 0.978853 -0.419782 0 0 0 1 
1807261650053;0.543637;0.311354;31;0.90248 0.0430559 -0.428574 0.346818 -0.136229 0.972448 -0.189171 0.5712 0.408622 0.229108 0.883481 0.292844 0 0 0 1 
1807261650054;0.296591;0.974475;46;0.989985 0.0624927 -0.126591 0.170761 -0.0833218 0.9825 -0.166585 0.987039 0.113965 0.175464 0.977867 0.219534 0 0 0 1 
1807261650055;0.546573;0.984227;35;0.969067 0.0999571 -0.225652 0.205213 -0.0170092 0.939187 0.342986 0.744958 0.246213 -0.328538 0.911834 -0.882308 0 0 0 1 
1807261650056;0.638977;0.0610108;33;0.997546 0.0587418 -0.0381067 -0.0743738 -0.060245 0.997399 -0.039579 0.53406 0.0356826 0.0417776 0.99849 0.375602 0 0 0 1 
1807261650057;0.733154;1.20395;48;0.998738 0.0412822 -0.0285879 -0.0336148 -0.0461327 0.979176 -0.197704 1.28282 0.0198309 0.198773 0.979845 0.495474 0 0 0 1 
1807261650058;1.00454;0.869022;32;0.97207 0.0944156 -0.214862 0.512114 -0.0825808 0.994564 0.0634269 0.621475 0.219683 -0.0439119 0.974583 -0.0476426 0 0 0 1 
1807261650059;0.328863;0.331692;26;0.960193 -0.0800083 0.267632 -0.256076 -0.0332529 0.918551 0.393902 -0.00704604 -0.277349 -0.387121 0.879326 -0.696978 0 0 0 1 
1807261650060;0.479524;0.399851;23;0.999915 0.0129937 -0.00144311 0.0112513 -0.0130332 0.999404 -0.0319681 0.0381274 0.00102687 0.0319842 0.999488 -0.0919959 0 0 0 1 
1807261650062;0.610394;0.163038;33;0.995138 0.0921983 -0.0346304 0.310355 -0.0936515 0.994677 -0.0429884 0.285276 0.0304826 0.0460226 0.998475 -0.610196 0 0 0 1 
1807261650063;0.0702684;0.168025;27;0.999456 0.0149131 0.0294235 0.0247315 -0.0134777 0.998737 -0.0483921 0.204993 -0.030108 0.0479692 0.998395 0.135599 0 0 0 1 
1807261650064;0.431381;0.17465;29;0.972876 -0.127893 -0.192758 -0.45685 0.112059 0.989529 -0.090966 -0.0884806 0.202373 0.0668983 0.977021 -0.292374 0 0 0 1 
1807261650065;0.67345;0.153836;30;0.983689 0.029832 -0.177389 -0.0608106 0.0517798 0.89745 0.438066 0.273245 0.172266 -0.440106 0.881267 -1.88795 0 0 0 1 
1807261650066;0.179936;0.170125;33;0.988908 -0.148214 -0.00971939 -0.735176 0.147942 0.988695 -0.0244131 0.101862 0.0132279 0.0227044 0.999655 0.105044 0 0 0 1 
1807261650067;0.697139;0.259738;42;0.920401 -0.385979 -0.0623027 -1.52528 0.38877 0.920417 0.0411225 -0.272607 0.041472 -0.0620707 0.99721 -0.953723 0 0 0 1 
1807261650068;0.609754;0.354497;53;0.931558 -0.362442 -0.0288902 -1.70096 0.362242 0.932006 -0.0120804 0.020849 0.0313043 0.000788329 0.99951 0.106996 0 0 0 1 
1807261650069;0.14606;0.164394;29;0.996273 -0.0764124 -0.040012 -0.42048 0.0759931 0.997037 -0.0118991 0.163003 0.0408027 0.00881414 0.999128 -0.00842376 0 0 0 1 
1807261650070;0.531087;0.1693;30;0.982202 0.0817418 -0.169108 0.415902 -0.0195176 0.939879 0.340949 0.129049 0.186811 -0.33158 0.924747 -1.84002 0 0 0 1 
1807261650071;0.140553;0.162221;28;0.992313 0.00441657 -0.123673 -0.0179456 -0.0137123 0.997133 -0.0744144 0.32313 0.122989 0.0755382 0.989529 0.155702 0 0 0 1 
1807261650072;0.380476;0.283035;25;0.994503 0.0603229 -0.085583 0.304606 -0.0660864 0.995616 -0.0661895 0.0791645 0.0812151 0.0714816 0.99413 0.0375583 0 0 0 1 
1807261650073;0.531138;0.198761;35;0.980694 -0.150785 0.124513 -0.432545 0.0995069 0.932929 0.346037 -0.291667 -0.168339 -0.326966 0.929922 -0.782393 0 0 0 1 
1807261650074;0.56209;0.177987;34;0.944809 0.209685 0.25173 0.822085 -0.194279 0.977269 -0.0848605 0.814259 -0.263802 0.031271 0.96407 0.464389 0 0 0 1 
1807261650075;0.57785;0.193063;33;0.999855 -0.0143987 -0.00906231 -0.063004 0.0141739 0.999602 -0.0243995 0.797317 0.00941002 0.0242676 0.999661 -0.369135 0 0 0 1 
1807261650076;0.523862;0.205811;35;0.980683 -0.176695 -0.0839066 -0.883183 0.158586 0.969332 -0.187741 0.421422 0.114506 0.170808 0.978628 1.06472 0 0 0 1 
1807261650077;0.611234;0.530464;26;0.998201 -0.0422261 0.0425551 -0.0878671 0.0503012 0.976121 -0.211324 -0.341984 -0.0326156 0.213084 0.976489 0.476928 0 0 0 1 
1807261650078;0.330727;0.155628;37;0.948957 0.0587134 -0.309891 0.330558 -0.045811 0.99776 0.0487564 0.21836 0.312059 -0.0320714 0.949521 0.0662821 0 0 0 1 
1807261650079;0.421945;0.31098;31;0.918638 -0.127082 -0.374106 -0.340938 0.0742505 0.985518 -0.152449 -0.165742 0.388061 0.112268 0.91477 0.627802 0 0 0 1 
1807261650080;0.560936;0.206371;35;0.960943 0.197197 -0.194171 1.03048 -0.254359 0.905782 -0.338911 0.343201 0.109044 0.375064 0.920563 1.24201 0 0 0 1 
1807261650081;0.503671;0.149298;31;0.982455 0.111042 0.14984 0.346177 -0.13295 0.980438 0.145139 0.125526 -0.130792 -0.162514 0.977999 -1.24373 0 0 0 1 
1807261650082;0.722741;0.35058;31;0.99267 0.120828 -0.00265523 0.672946 -0.120608 0.988977 -0.0858907 0.102052 -0.00775202 0.0855813 0.996301 -0.478248 0 0 0 1 
1807261650083;0.552134;0.203291;32;0.99763 -0.0616479 -0.0305659 -0.0647967 0.059356 0.995713 -0.0709398 -0.37491 0.0348082 0.0689574 0.997012 -0.0113323 0 0 0 1 
1807261650084;0.867721;0.157154;42;0.924311 0.369243 -0.096486 2.33286 -0.346647 0.918039 0.192458 0.390997 0.159642 -0.144444 0.97655 -0.930504 0 0 0 1 
1807261650085;0.404997;0.170344;33;0.978759 -0.146554 -0.14336 -0.618497 0.0799613 0.916785 -0.391294 -0.0271297 0.188776 0.37152 0.909031 1.03106 0 0 0 1 
1807261650086;0.258185;0.161017;28;0.998025 -0.0614878 0.0128608 -0.165685 0.0624798 0.992848 -0.101735 0.203579 -0.00651336 0.102338 0.994728 0.618931 0 0 0 1 
1807261650087;0.211815;0.176811;28;0.988101 0.150924 0.0296405 0.672666 -0.148059 0.985537 -0.082433 0.215311 -0.0416529 0.0770635 0.996156 0.323196 0 0 0 1 
1807261650088;0.669831;0.201067;42;0.944113 -0.329618 0.00135683 -1.49573 0.312815 0.894671 -0.318922 0.025306 0.103909 0.301523 0.94778 0.580994 0 0 0 1 
1807261650089;0.143654;0.15554;25;0.992594 0.0533608 0.109132 0.143975 -0.0588685 0.997117 0.0478824 0.0633201 -0.106262 -0.0539523 0.992873 -0.0896865 0 0 0 1 
1807261650090;0.732491;0.433928;34;0.995986 0.0544445 -0.0710517 0.160537 -0.0633634 0.989487 -0.130003 0.82605 0.0632268 0.133983 0.988965 0.581452 0 0 0 1 
1807261650091;0.403612;0.142386;35;0.9765 0.207295 -0.0589655 0.906639 -0.178592 0.93146 0.316998 0.00579634 0.120636 -0.299018 0.946591 -0.885219 0 0 0 1 
1807261650093;1.16071;0.222876;31;0.897119 0.329584 0.294196 -0.39116 -0.313098 0.944126 -0.102932 0.240644 -0.311683 0.00022981 0.950186 -0.285685 0 0 0 1 
1807261650094;0.696816;0.330458;27;0.978159 0.207857 -0.00114382 -0.15346 -0.207228 0.974741 -0.0832806 -0.00520641 -0.0161955 0.0816987 0.996525 -0.109581 0 0 0 1 
1807261650095;0.832378;0.242286;29;0.927944 0.139611 0.345584 0.354779 -0.142813 0.989615 -0.0163154 0.262783 -0.344273 -0.0342141 0.938246 -0.0558013 0 0 0 1 
1807261650096;1.24922;0.349939;37;0.970997 0.222561 0.0873571 0.0707893 -0.166927 0.892633 -0.418738 -0.447258 -0.171173 0.392011 0.903896 0.710749 0 0 0 1 
1807261650097;1.57732;0.222214;30;0.949553 0.158526 0.270588 0.311952 -0.209824 0.962405 0.172485 0.135464 -0.233072 -0.220559 0.947117 0.943892 0 0 0 1 
1807261650098;0.431654;0.307637;29;0.944175 -0.296601 0.14339 -0.00631132 0.309471 0.947759 -0.0773327 -0.214461 -0.112963 0.117391 0.98664 0.278361 0 0 0 1 
1807261650099;1.43162;0.449451;36;0.976765 -0.195231 0.0883975 0.699851 0.212762 0.932872 -0.290658 0.340522 -0.0257182 0.302712 0.952735 0.581244 0 0 0 1 
1807261650100;0.198846;0.229463;35;0.996638 -0.0637288 -0.0514966 0.170462 0.0709484 0.98562 0.153359 -0.197874 0.0409826 -0.156497 0.986828 -0.0817499 0 0 0 1 
1807261650101;0.403364;0.207186;26;0.995502 -0.0868915 0.0377684 0.147747 0.088575 0.995032 -0.0454544 -0.13211 -0.0336311 0.0485952 0.998252 -0.18253 0 0 0 1 
1807261650102;0.400187;0.262124;26;0.996429 -0.0506448 0.067566 -0.14114 0.0530665 0.997993 -0.0345399 -0.155976 -0.0656811 0.0380021 0.997117 -0.00841915 0 0 0 1 
1807261650103;1.02195;0.208914;28;0.952241 0.268572 0.145281 -0.0423084 -0.284308 0.953397 0.101008 -0.19086 -0.111382 -0.137489 0.984221 0.548599 0 0 0 1 
1807261650104;1.18672;0.141573;38;0.999363 -0.0128992 -0.0332623 -0.0839737 0.0176797 0.988875 0.147698 -0.558468 0.030987 -0.148192 0.988473 -0.630902 0 0 0 1 
1807261650105;1.18857;0.253588;28;0.9944 0.069109 0.0799597 -0.492419 -0.069977 0.997516 0.00810189 -0.461767 -0.0792012 -0.0136519 0.996765 0.112995 0 0 0 1 
1807261650106;0.708535;0.222646;27;0.999648 -0.0143066 0.0223216 -0.246947 0.0150935 0.999256 -0.035492 -0.275336 -0.0217972 0.0358164 0.999121 0.184386 0 0 0 1 
1807261650107;0.503291;0.253838;27;0.997252 -0.00487955 -0.0739189 0.13854 0.00971515 0.997825 0.0652 -0.098405 0.07344 -0.065739 0.995131 0.240689 0 0 0 1 
1807261650108;1.52224;0.179139;34;0.962949 -0.205221 0.174966 0.0772897 0.229067 0.964819 -0.129045 0.682667 -0.142327 0.164343 0.976081 -0.312444 0 0 0 1 
1807261650109;0.339127;0.206881;26;0.918402 -0.126411 0.374911 -0.0534656 0.0933376 0.990063 0.10518 -0.0807906 -0.384482 -0.0616046 0.921075 0.221954 0 0 0 1 
1807261650110;0.998065;0.148935;34;0.954678 -0.250434 0.160848 0.0955333 0.229733 0.963598 0.136755 -0.177169 -0.189241 -0.0936053 0.977459 -0.51365 0 0 0 1 
1807261650111;0.873902;0.306187;27;0.968553 0.133468 0.20998 0.203222 -0.143857 0.988982 0.0349325 -0.44645 -0.203004 -0.064041 0.977082 0.416148 0 0 0 1 
1807261650112;0.213542;0.144206;35;0.99904 -0.0384219 -0.0210605 0.0922288 0.0404828 0.993301 0.108233 -0.124898 0.0167609 -0.108981 0.993902 -0.134432 0 0 0 1 
1807261650113;1.08553;0.301474;31;0.976337 -0.204078 0.0715383 -0.212033 0.215304 0.948293 -0.233205 -0.629174 -0.0202472 0.243089 0.969793 -0.184124 0 0 0 1 
1807261650114;0.757919;0.336823;38;0.945095 0.326472 0.0145633 0.26754 -0.311177 0.912641 -0.265056 0.000728677 -0.0998245 0.245971 0.964123 0.546688 0 0 0 1 
1807261650115;1.40826;0.260221;34;0.966388 0.256832 -0.0114762 -0.469944 -0.256334 0.966008 0.0334779 0.417235 0.0196843 -0.0294109 0.999374 0.256018 0 0 0 1 
1807261650116;0.547781;0.225266;29;0.982756 0.129304 0.132182 0.0966713 -0.148654 0.977616 0.148892 -0.146213 -0.109971 -0.165974 0.979979 0.297575 0 0 0 1 
1807261650117;1.14474;0.159677;39;0.954495 0.28645 -0.0829763 -0.199457 -0.263047 0.939756 0.218321 0.411307 0.140515 -0.186559 0.972343 -0.396457 0 0 0 1 
1807261650118;1.22447;0.366662;33;0.944728 0.240495 -0.222824 -0.059635 -0.286867 0.935413 -0.206662 0.0624979 0.158731 0.25916 0.952702 -0.540198 0 0 0 1 
1807261650119;1.49971;0.226221;34;0.990704 0.113191 -0.0754556 0.119975 -0.11925 0.989529 -0.081313 0.590365 0.0654616 0.0895552 0.993828 -0.734385 0 0 0 1 
1807261650120;0.30517;0.260546;27;0.940627 0.217791 0.26036 0.162791 -0.233256 0.971963 0.029657 0.116261 -0.246601 -0.0886266 0.965056 0.180646 0 0 0 1 
1807261650121;1.42718;0.212862;42;0.945265 0.283669 0.161266 0.500237 -0.313441 0.926757 0.207066 -0.775472 -0.0907168 -0.246279 0.964944 0.279916 0 0 0 1 
1807261650122;1.45607;0.234367;31;0.958667 -0.200282 0.202098 -0.164597 0.237973 0.953749 -0.183664 -0.349571 -0.155967 0.224166 0.96199 -0.686748 0 0 0 1 
1807261650124;1.36594;2.06477;32;-0.0308417 0.962318 -0.27017 -0.0836695 0.631565 0.228265 0.740959 -0.455704 0.774709 -0.147778 -0.614806 0.103031 0 0 0 1 
1807261650125;0.804333;10.8108;59;-0.0703951 -0.992961 0.0952521 5.03078 0.836462 -0.0067337 0.547983 1.28519 -0.543485 0.11825 0.831048 0.7891 0 0 0 1 
1807261650126;0.880272;5.50799;37;0.142673 -0.896367 0.419727 2.62644 0.944213 0.250437 0.213877 -0.0765694 -0.296827 0.365797 0.882092 0.32238 0 0 0 1 
1807261650127;1.55898;5.40375;36;0.0387725 -0.947065 0.318693 2.27911 0.974814 -0.034248 -0.220372 0.00949288 0.219622 0.319211 0.921884 -1.13934 0 0 0 1 
1807261650128;0.837192;4.95123;34;0.220748 -0.908871 0.353869 1.88952 0.974088 0.223757 -0.0329546 -0.280386 -0.0492294 0.351974 0.934714 -0.207393 0 0 0 1 
1807261650129;0.284015;4.84502;36;0.143651 -0.943043 0.300056 2.33474 0.976128 0.085111 -0.199823 -0.115647 0.162904 0.321598 0.932758 -0.356097 0 0 0 1 
1807261650130;0.193395;7.63181;46;0.49141 0.769938 0.407077 -2.5193 -0.515323 -0.119757 0.848588 -0.185125 0.70211 -0.62678 0.337917 2.55549 0 0 0 1 
1807261650131;0.6404;4.96685;33;0.212314 -0.925251 0.314377 2.43524 0.966966 0.15248 -0.204271 0.0411867 0.141066 0.347361 0.92706 -0.176601 0 0 0 1 
1807261650132;1.48669;6.41359;35;0.0389628 -0.963871 0.263505 3.62222 0.998914 0.044317 0.0144032 0.451899 -0.0255606 0.262658 0.96455 -0.820445 0 0 0 1 
1807261650133;0.878362;5.13937;32;0.32509 -0.885616 0.331665 2.3189 0.944168 0.323797 -0.0608445 -0.364607 -0.0535072 0.332927 0.941433 -0.0460963 0 0 0 1 
1807261650134;0.764145;1.97939;26;0.381965 0.909123 -0.166126 -0.356447 -0.194196 0.254697 0.947321 -0.607876 0.903543 -0.329583 0.273834 0.471232 0 0 0 1 
1807261650135;0.938287;4.94959;34;0.0772525 -0.952624 0.294175 2.43722 0.971735 0.00592412 -0.236 -0.25647 0.223077 0.304092 0.926156 0.0605253 0 0 0 1 
1807261650136;0.165136;5.12607;33;0.32605 -0.889594 0.319866 2.35318 0.943648 0.285955 -0.166609 -0.134621 0.056747 0.356164 0.932699 -0.39357 0 0 0 1 
1807261650137;0.685906;5.50393;33;0.358064 -0.878151 0.31724 2.5482 0.929257 0.302067 -0.212688 -0.00817425 0.0909446 0.370954 0.924187 -0.0228293 0 0 0 1 
1807261650138;1.14592;5.01284;34;0.429543 -0.773124 0.46666 2.14113 0.88179 0.470548 -0.0320895 -0.546062 -0.194777 0.42528 0.883854 -0.382242 0 0 0 1 
1807261650139;0.608764;5.12803;36;0.122942 -0.946725 0.297654 2.51126 0.983021 0.0750048 -0.167463 -0.181695 0.136216 0.313188 0.939872 -0.693358 0 0 0 1 
1807261650140;1.51409;5.73806;34;0.236875 -0.937867 0.253566 2.29864 0.970594 0.239959 -0.0191679 0.461436 -0.0428686 0.25065 0.967128 0.137286 0 0 0 1 
1807261650141;0.713806;4.87558;33;-0.000948695 -0.999841 0.0178001 2.29224 0.888194 -0.00902106 -0.45938 -0.278345 0.459468 0.0153741 0.888061 -0.421094 0 0 0 1 
1807261650142;1.81337;5.29574;32;0.17459 -0.947733 0.267058 2.25273 0.96288 0.107625 -0.247547 -0.102258 0.205866 0.300364 0.931343 0.468488 0 0 0 1 
1807261650143;1.33398;4.60446;38;0.164294 -0.898926 0.406127 2.21102 0.981323 0.107185 -0.159737 0.219429 0.100061 0.424786 0.899747 0.196233 0 0 0 1 
1807261650144;0.523192;5.34656;34;0.249721 -0.920713 0.299877 2.35226 0.917635 0.323895 0.230299 -0.0365596 -0.309168 0.217667 0.925763 -0.408557 0 0 0 1 
1807261650145;1.32014;5.12946;34;0.0469379 -0.966806 0.251162 3.13772 0.99853 0.0522401 0.0144814 -0.318643 -0.0271214 0.250113 0.967837 -0.380353 0 0 0 1 
1807261650146;0.396214;4.85723;35;0.498813 -0.706224 0.502428 2.10065 0.864553 0.446303 -0.231 -0.111621 -0.0610978 0.549601 0.83319 -0.163067 0 0 0 1 
1807261650147;1.75836;4.90473;35;-0.00746979 -0.951536 0.307447 1.86212 0.999875 -0.0113957 -0.0109761 -0.327918 0.0139478 0.307327 0.951502 -1.05471 0 0 0 1 
1807261650148;1.81564;5.22629;31;0.331741 -0.882259 0.334018 2.6336 0.939603 0.277399 -0.200489 -0.855209 0.0842274 0.380355 0.920997 0.0719624 0 0 0 1 
1807261650149;1.27562;4.97866;33;0.0515268 -0.967457 0.247733 2.42696 0.998651 0.0483165 -0.019025 -0.409486 0.00643633 0.248379 0.968642 -1.00089 0 0 0 1 
1807261650150;1.69552;6.38192;34;0.0886607 -0.927169 0.364 3.46324 0.993252 0.0548655 -0.102178 -0.0180614 0.0747651 0.370603 0.925777 0.36515 0 0 0 1 
1807261650151;1.06641;5.2573;35;0.0949929 -0.958916 0.267315 2.45206 0.994847 0.101001 0.00878506 -0.224541 -0.0354233 0.265103 0.963569 -0.886996 0 0 0 1 
1807261650152;1.1455;5.36651;33;0.17592 -0.954466 0.240928 2.8952 0.981108 0.149985 -0.122197 -0.447911 0.0804974 0.257873 0.96282 -0.10203 0 0 0 1 
1807261650153;0.956413;5.23144;31;0.275355 -0.915613 0.292973 2.83766 0.960143 0.246707 -0.131384 -0.402115 0.0480179 0.317473 0.947051 -0.325435 0 0 0 1 
1807261650155;0.606131;0.379926;31;0.997026 -0.039284 -0.0663058 0.0618781 0.0420506 0.99828 0.0408572 0.0827263 0.0645867 -0.0435239 0.996963 -0.566414 0 0 0 1 
1807261650156;0.187806;0.0774547;27;0.996527 -0.0832544 0.00178417 -0.277679 0.0832309 0.996474 0.0106362 -0.171195 -0.0026634 -0.0104508 0.999942 0.17791 0 0 0 1 
1807261650157;0.551788;0.260683;28;0.984554 -0.167784 0.0500126 -0.685317 0.173774 0.971313 -0.162339 -0.297734 -0.0213399 0.168522 0.985467 0.960193 0 0 0 1 
1807261650158;0.699792;0.266339;46;0.981319 -0.183425 -0.0580333 -1.20037 0.18612 0.981496 0.0450089 -0.136471 0.0487036 -0.0549692 0.9973 -0.588662 0 0 0 1 
1807261650159;0.309546;0.0898997;34;0.989839 0.109046 -0.0912589 0.47664 -0.126549 0.968235 -0.215653 -0.0595747 0.0648439 0.225011 0.972196 1.06173 0 0 0 1 
1807261650160;0.485518;0.196257;65;0.920591 -0.378422 -0.0964832 -1.82748 0.390069 0.902984 0.180185 -0.664789 0.0189368 -0.203512 0.978889 -0.797997 0 0 0 1 
1807261650161;0.330335;0.0904182;39;0.99832 -0.0573577 0.00822739 -0.312397 0.055735 0.911682 -0.407099 -0.343363 0.0158495 0.406873 0.913347 1.35407 0 0 0 1 
1807261650162;0.550603;0.121892;58;0.94023 0.340539 0.000436925 0.938238 -0.340513 0.94014 0.013684 0.146906 0.00424918 -0.0130149 0.999906 -0.0766113 0 0 0 1 
1807261650163;0.739956;0.120783;63;0.968085 0.233582 0.0908346 1.084 -0.227684 0.971161 -0.070761 -0.809423 -0.104743 0.0478211 0.993349 0.604058 0 0 0 1 
1807261650164;0.228506;0.0805741;31;0.957778 0.110051 0.265613 0.422671 -0.115937 0.993235 0.00653289 -0.100184 -0.263097 -0.0370514 0.964058 -0.192129 0 0 0 1 
1807261650165;0.0638727;0.0775312;25;0.999891 0.00249817 0.014522 0.0157617 -0.00232023 0.999922 -0.0122572 -0.0832773 -0.0145514 0.0122222 0.999819 0.129699 0 0 0 1 
1807261650166;0.691573;0.137084;53;0.936319 -0.348953 -0.0392311 -1.47262 0.350975 0.933533 0.0730246 -1.1094 0.0111414 -0.0821434 0.996558 0.0215893 0 0 0 1 
1807261650167;0.645574;0.31151;35;0.953584 -0.00120872 0.301124 0.105201 -0.0583369 0.980306 0.188673 0.285654 -0.295421 -0.197483 0.934734 -0.941672 0 0 0 1 
1807261650168;0.448255;0.0881426;51;0.95086 0.305496 -0.0503653 1.1802 -0.302449 0.88166 -0.362216 -0.282534 -0.0662506 0.35965 0.930732 1.41683 0 0 0 1 
1807261650169;0.539907;0.0841728;66;0.93961 0.340386 -0.0356382 1.14205 -0.332131 0.93201 0.145075 -0.466896 0.0825968 -0.124478 0.988779 -0.869663 0 0 0 1 
1807261650170;0.652735;0.274272;28;0.953733 0.108748 0.280299 0.59628 -0.112469 0.993651 -0.00282451 0.129841 -0.278826 -0.0288312 0.959909 0.506904 0 0 0 1 
1807261650171;0.437786;0.108116;46;0.940605 0.224283 0.254872 0.653318 -0.274112 0.944636 0.180346 0.0831892 -0.200313 -0.239498 0.950008 -0.54948 0 0 0 1 
1807261650172;0.513271;0.0821104;71;0.940245 0.310065 -0.140708 0.708677 -0.304655 0.950631 0.0590395 -0.42625 0.152068 -0.0126441 0.988289 0.0199119 0 0 0 1 
1807261650173;0.421662;0.0875762;29;0.924467 -0.13173 -0.357781 -0.450655 0.127781 0.991193 -0.0347714 0.154866 0.35921 -0.0135726 0.933158 -0.385936 0 0 0 1 
1807261650174;0.342158;0.0838744;34;0.993113 0.100727 -0.0598357 0.424028 -0.116054 0.915746 -0.384631 -0.131347 0.0160518 0.388926 0.921129 1.30158 0 0 0 1 
1807261650175;0.695425;0.313649;77;0.947022 -0.321169 0.000106242 -1.25079 0.320911 0.946273 0.039784 0.348306 -0.0128779 -0.0376423 0.999208 -0.334433 0 0 0 1 
1807261650176;0.628882;0.0815571;52;0.927536 0.373733 0.000308034 1.57152 -0.371805 0.922835 -0.100678 -0.137976 -0.0379109 0.0932679 0.994919 -0.180252 0 0 0 1 
1807261650177;0.385778;0.0817314;29;0.999303 -0.0357171 -0.0108761 -0.142128 0.0357917 0.999336 0.00674859 0.0192823 0.0106279 -0.00713317 0.999918 0.429 0 0 0 1 
1807261650178;0.865032;0.279807;55;0.940706 -0.311594 0.134092 -1.26563 0.316862 0.948274 -0.0193699 -0.671946 -0.12112 0.0607101 0.99078 1.13828 0 0 0 1 
1807261650179;0.799283;0.0824653;33;0.90092 -0.250628 -0.3543 -1.33379 0.241825 0.967813 -0.0697049 -0.30927 0.360366 -0.0228801 0.93253 0.555328 0 0 0 1 
1807261650180;0.951142;0.0871;53;0.912545 0.385351 0.136993 1.69963 -0.336704 0.898018 -0.283186 0.121762 -0.232148 0.212294 0.949231 1.81064 0 0 0 1 
1807261650181;0.58947;0.0928527;38;0.982711 -0.183042 0.0278337 -0.949916 0.181859 0.982496 0.0403545 -0.806349 -0.0347331 -0.034595 0.998798 0.0619875 0 0 0 1 
1807261650182;0.51362;0.108948;42;0.993187 0.00270106 -0.116504 -0.303007 -0.00926367 0.998398 -0.0558248 0.224364 0.116167 0.0565237 0.99162 -0.153335 0 0 0 1 
1807261650183;0.518467;0.0932112;42;0.958031 0.169362 -0.231285 0.981197 -0.190951 0.978789 -0.0742231 0.334278 0.213809 0.115272 0.970051 0.436067 0 0 0 1 
1807261650184;0.540083;0.0702489;44;0.963953 -0.265639 0.0151874 -1.07448 0.264879 0.963465 0.0396839 -0.81441 -0.0251742 -0.0342306 0.999097 -0.422128 0 0 0 1 
1807261650186;0.453969;0.217076;33;0.99639 -0.0746431 -0.0404357 0.0994183 0.0777916 0.993518 0.0828867 0.10034 0.0339867 -0.085733 0.995738 0.00911224 0 0 0 1 
1807261650187;0.217396;0.210522;26;0.997182 0.0284479 -0.0694204 -0.269888 -0.0256817 0.998853 0.04042 0.0314148 0.0704906 -0.0385232 0.996768 -0.492667 0 0 0 1 
1807261650188;0.833964;0.196567;32;0.982988 0.00201597 0.183659 -0.121508 -0.0451128 0.971958 0.230786 0.263361 -0.178044 -0.235145 0.955514 1.31332 0 0 0 1 
1807261650189;0.543168;0.199443;33;0.855867 0.400908 -0.326749 0.109517 -0.382426 0.915889 0.122055 0.551608 0.348199 0.0204944 0.937197 -1.13571 0 0 0 1 
1807261650190;0.468639;0.16314;31;0.913849 -0.278342 0.295643 -0.0719984 0.303001 0.952143 -0.0401668 -0.960058 -0.270315 0.126287 0.954454 1.08345 0 0 0 1 
1807261650191;0.203867;0.101397;29;0.990405 0.0694726 0.119464 -0.203424 -0.0622234 0.996048 -0.0633808 0.0252727 -0.123395 0.0553392 0.990813 0.49746 0 0 0 1 
1807261650192;0.50492;0.218865;31;0.984965 0.169482 0.033451 0.457747 -0.163024 0.975971 -0.144583 0.232569 -0.0571513 0.136956 0.988927 0.0393194 0 0 0 1 
1807261650193;0.791638;0.205718;34;0.97073 -0.238934 -0.0243743 -0.10991 0.238909 0.971034 -0.00398022 -0.610476 0.0246193 -0.00195953 0.999695 -1.00364 0 0 0 1 
1807261650194;0.736741;0.225847;31;0.971824 0.231185 -0.0459589 0.323976 -0.235622 0.958129 -0.1627 0.173624 0.00642061 0.168945 0.985605 -0.679921 0 0 0 1 
1807261650195;0.187863;0.18036;30;0.971742 0.00222085 -0.236033 -0.0255986 0.0145904 0.997478 0.0694537 -0.129237 0.235592 -0.0709349 0.96926 -0.67638 0 0 0 1 
1807261650196;0.587609;0.200963;30;0.992475 0.117246 -0.0353164 -0.232146 -0.12124 0.981354 -0.149146 -0.179089 0.017171 0.152305 0.988184 0.691703 0 0 0 1 
1807261650197;0.541762;0.0966508;34;0.95618 0.292773 -0.00191473 -0.332355 -0.292619 0.955853 0.0268156 0.97497 0.00968107 -0.0250802 0.999639 -0.194808 0 0 0 1 
1807261650198;0.789459;0.229373;29;0.994166 0.0418068 -0.0994322 0.451823 -0.0531745 0.991991 -0.114574 0.0450924 0.0938459 0.119193 0.988426 -0.928417 0 0 0 1 
1807261650199;0.344499;0.166679;38;0.987393 -0.107789 -0.115914 0.00154814 0.0959992 0.990049 -0.102898 -0.189637 0.125851 0.0904732 0.987915 -0.542906 0 0 0 1 
1807261650200;0.665434;0.201577;34;0.997681 0.0679121 -0.00451613 0.158529 -0.0677076 0.997061 0.0358513 -0.664494 0.00693759 -0.0354624 0.999347 -0.0386355 0 0 0 1 
1807261650201;0.637949;0.0654958;40;0.99863 0.0512894 -0.010387 -0.681764 -0.0512771 0.998683 0.00144638 -0.319987 0.0104475 -0.000911787 0.999945 -0.28126 0 0 0 1 
1807261650202;0.360138;0.186329;30;0.99272 0.120389 -0.00377183 -0.417965 -0.120438 0.992561 -0.0178248 0.253043 0.00159786 0.0181493 0.999834 -0.361877 0 0 0 1 
1807261650203;0.394841;0.161228;31;0.89302 -0.159544 -0.420785 0.175354 0.196129 0.979553 0.0448335 -0.639694 0.405029 -0.122565 0.906052 -1.16377 0 0 0 1 
1807261650204;0.612524;0.153082;34;0.996492 -0.0816429 -0.0184102 -0.169046 0.0821009 0.996293 0.025666 -0.42934 0.0162465 -0.0270874 0.999501 0.7021 0 0 0 1 
1807261650205;0.404722;0.221325;30;0.869304 0.249961 -0.426415 0.238171 -0.305966 0.949678 -0.0670581 0.817518 0.388195 0.188762 0.902038 -0.953155 0 0 0 1 
1807261650206;0.626556;0.170502;39;0.952609 -0.301918 -0.0371583 -0.596699 0.295133 0.946902 -0.127564 -1.12632 0.073699 0.110552 0.991134 0.427139 0 0 0 1 
1807261650207;0.542445;0.194338;28;0.999796 -0.00175944 0.0201071 -0.258029 0.00193941 0.999958 -0.00893431 -0.243606 -0.0200906 0.00897149 0.999758 0.727955 0 0 0 1 
1807261650208;0.417306;0.178885;35;0.946412 -0.0547478 -0.318289 -0.155598 0.010421 0.990191 -0.139333 -0.00701142 0.322795 0.12855 0.937699 -1.11863 0 0 0 1 
1807261650209;0.115948;0.189596;32;0.996202 -0.0449345 -0.0745886 -0.266069 0.0395867 0.996641 -0.0716895 -0.0894339 0.0775594 0.0684645 0.994634 -0.19167 0 0 0 1 
1807261650210;0.290494;0.212894;30;0.96783 0.250014 0.0282648 -0.0215207 -0.238509 0.947414 -0.213353 0.728276 -0.0801198 0.199748 0.976566 0.328989 0 0 0 1 
1807261650211;0.634223;0.231449;30;0.974816 0.170575 -0.14366 0.664263 -0.192187 0.969333 -0.153159 0.556884 0.113129 0.176912 0.977703 -0.30905 0 0 0 1 
1807261650212;0.518398;0.216261;37;0.922046 0.274564 -0.272847 -0.0704135 -0.244693 0.959621 0.138757 0.759476 0.299928 -0.0611762 0.951998 -1.25447 0 0 0 1 
1807261650213;0.562773;0.230844;36;0.991428 -0.130637 -0.00214197 0.157293 0.126873 0.958689 0.254594 -0.010692 -0.0312059 -0.252684 0.967046 -0.166089 0 0 0 1 
1807261650214;0.522212;0.158558;38;0.909084 -0.412789 -0.0563092 -0.0943336 0.416528 0.897837 0.142807 -1.4643 -0.00839293 -0.153278 0.988147 0.0120652 0 0 0 1 
1807261650215;0.876402;0.168056;39;0.897378 -0.385765 -0.214238 0.571011 0.376494 0.922583 -0.0842189 -1.60351 0.230141 -0.00508305 0.973144 -0.834401 0 0 0 1 
1807261650217;0.532131;0.516009;30;0.981305 0.0294632 0.190188 -0.299158 -0.071874 0.972817 0.22014 -0.131215 -0.178532 -0.229694 0.956748 -0.796305 0 0 0 1 
1807261650218;0.499155;0.550636;27;0.994604 -0.0549674 -0.0879909 -0.622545 0.0645377 0.991845 0.109901 -0.163971 0.0812324 -0.114987 0.99004 -0.197261 0 0 0 1 
1807261650219;0.721512;0.672264;34;0.997296 0.0619009 -0.0396051 -0.198543 -0.0597043 0.996731 0.0544315 -0.903837 0.042845 -0.0519198 0.997732 -0.589868 0 0 0 1 
1807261650220;0.121853;0.413452;27;0.983373 -0.156073 0.0928329 -0.636294 0.152893 0.987413 0.040482 -0.53825 -0.0979826 -0.0256155 0.994858 -0.0402421 0 0 0 1 
1807261650221;0.995809;0.532614;35;0.98709 -0.15994 0.0085505 -0.885516 0.15993 0.987127 0.00182269 -0.628933 -0.00873195 -0.000431676 0.999962 -0.830599 0 0 0 1 
1807261650222;1.09618;1.16765;37;0.968694 -0.248259 0.00020562 -1.08229 0.24793 0.967452 0.0506708 -1.24535 -0.0127784 -0.0490336 0.998715 -0.993928 0 0 0 1 
1807261650223;0.826304;0.688678;30;0.968082 -0.250585 0.00497703 -0.947561 0.250169 0.967302 0.0417383 -1.09399 -0.0152733 -0.0391609 0.999116 -0.379501 0 0 0 1 
1807261650224;0.375842;0.589652;35;0.952472 -0.272612 -0.135939 -1.02713 0.297885 0.926874 0.228408 -1.20297 0.0637311 -0.258046 0.964028 -1.01386 0 0 0 1 
1807261650225;0.55112;1.24305;37;0.998318 0.0424666 -0.0394676 -0.564159 -0.0467148 0.992402 -0.113822 -1.06086 0.0343341 0.115474 0.992717 0.529206 0 0 0 1 
1807261650226;0.761509;1.12231;31;0.972771 -0.231666 -0.00685475 -1.14652 0.231464 0.972587 -0.0223495 -0.782617 0.0118445 0.0201544 0.999727 0.484963 0 0 0 1 
1807261650227;0.75985;0.70917;53;0.999066 0.0374531 -0.0215654 -0.436413 -0.0368628 0.998951 0.0271496 0.330392 0.0225596 -0.0263292 0.999399 -0.253957 0 0 0 1 
1807261650228;0.464961;0.742698;23;0.991872 -0.117527 -0.0487538 -0.593783 0.121394 0.988883 0.0858727 -0.496133 0.0381194 -0.0910932 0.995113 -0.493568 0 0 0 1 
1807261650229;0.961907;0.473992;27;0.976934 0.0217227 0.212432 -0.176017 -0.0766073 0.964244 0.253702 0.0523368 -0.199325 -0.264124 0.943667 0.138501 0 0 0 1 
1807261650230;1.24871;0.59179;28;0.960557 -0.0720645 -0.268582 -0.359734 0.0952478 0.992677 0.0742947 -0.550665 0.261261 -0.0969462 0.960387 -1.62174 0 0 0 1 
1807261650231;0.35278;0.602344;35;0.978253 -0.0850685 -0.189168 -0.603866 0.0525686 0.983933 -0.170622 -0.459798 0.200643 0.156967 0.967008 0.125465 0 0 0 1 
1807261650232;0.725754;0.998452;35;0.959345 -0.14848 -0.240021 -0.730357 0.184282 0.973662 0.134244 -0.809 0.213767 -0.173018 0.961441 -0.766086 0 0 0 1 
1807261650233;0.807473;0.87119;50;0.990486 0.0958866 0.0987064 -0.171894 -0.103121 0.992132 0.0709913 0.343864 -0.0911227 -0.0804945 0.992581 -0.212158 0 0 0 1 
1807261650234;0.330571;0.681208;31;0.963389 -0.267185 -0.022233 -1.04404 0.26606 0.962967 -0.0436685 -1.01742 0.0330772 0.0361544 0.998799 0.340147 0 0 0 1 
1807261650235;0.476097;0.606753;33;0.997069 -0.00779345 -0.0761042 -0.300562 0.0224121 0.980907 0.193179 -0.66633 0.0731456 -0.194319 0.978208 -0.237436 0 0 0 1 
1807261650236;0.451212;0.845495;27;0.912679 -0.116382 -0.391756 -0.477208 0.0723507 0.989466 -0.125392 -0.595335 0.402222 0.086099 0.911485 -0.0287977 0 0 0 1 
1807261650237;0.797582;0.479629;34;0.946921 0.0310003 0.319967 -0.425236 -0.0862601 0.983339 0.160009 -0.42183 -0.309676 -0.179117 0.933819 -0.70389 0 0 0 1 
1807261650238;1.08583;1.4719;45;0.993946 0.0833428 -0.0715937 -0.550852 -0.0830121 0.99652 0.00758676 -0.874001 0.0719768 -0.00159768 0.997405 0.798741 0 0 0 1 
1807261650239;1.02135;0.989405;33;0.960677 0.189819 0.202651 0.0772424 -0.152755 0.970764 -0.185155 -0.358797 -0.231872 0.146918 0.961587 0.0675416 0 0 0 1 
1807261650240;0.859825;0.51293;33;0.992092 -0.124578 0.0152826 -0.78808 0.124678 0.99218 -0.00580216 -0.390436 -0.0144403 0.00766168 0.999866 0.753592 0 0 0 1 
1807261650241;0.991567;1.22827;28;0.99565 0.018801 0.0912523 -0.287366 -0.045452 0.952988 0.299578 -0.25614 -0.0813301 -0.302423 0.949698 -0.634951 0 0 0 1 
1807261650242;0.558163;0.73393;26;0.981231 -0.0297833 -0.190523 -0.126268 0.047532 0.994872 0.0892763 -0.375236 0.186887 -0.0966566 0.977615 -0.781193 0 0 0 1 
1807261650243;0.371812;0.714971;32;0.994922 0.0569632 0.0829726 -0.13451 -0.0875819 0.896197 0.434927 -0.704736 -0.0495849 -0.439985 0.896635 -1.13028 0 0 0 1 
1807261650244;0.711238;0.726731;34;0.962601 -0.270876 0.00507351 -1.13833 0.26812 0.949787 -0.161296 -1.24359 0.0388724 0.156624 0.986893 -0.151502 0 0 0 1 
1807261650245;0.732714;0.514903;35;0.990189 -0.0669176 -0.122671 -0.534867 0.0370728 0.972223 -0.231103 -0.000302988 0.134729 0.224288 0.965165 0.152164 0 0 0 1 
1807261650246;1.2033;0.937481;35;0.979014 0.137775 0.150166 0.0544159 -0.146646 0.987942 0.0496441 -0.357713 -0.141516 -0.0706236 0.987414 0.952584 0 0 0 1 
1807261650248;0.419559;1.09346;39;0.99873 -0.0468894 0.0184536 -1.3461 0.0473123 0.998611 -0.0231866 -0.577182 -0.0173408 0.0240302 0.999561 0.112662 0 0 0 1 
1807261650249;0.496114;1.13163;42;0.993306 0.11116 -0.0314231 -1.09886 -0.114051 0.986909 -0.11403 -0.599542 0.0183362 0.11685 0.99298 0.701924 0 0 0 1 
1807261650250;0.34812;1.15046;40;0.995653 0.0565431 -0.0740158 -0.935747 -0.0663466 0.988276 -0.137511 -0.252276 0.0653727 0.141824 0.987731 0.790814 0 0 0 1 
1807261650251;0.451728;1.12369;43;0.931615 0.353932 -0.0826201 -0.0447091 -0.360745 0.928149 -0.0916652 -0.255941 0.0442405 0.115201 0.992356 0.677316 0 0 0 1 
1807261650252;0.33029;1.11807;41;0.906191 -0.251245 -0.340139 -2.30769 0.171703 0.953683 -0.246994 -0.312878 0.386441 0.165421 0.907359 0.867157 0 0 0 1 
1807261650253;0.249687;1.12081;42;0.996271 -0.0721947 0.0472486 -1.73684 0.0732659 0.997084 -0.0213439 -0.120749 -0.04557 0.024726 0.998655 -0.192534 0 0 0 1 
1807261650254;0.24129;1.04899;45;0.989379 0.138334 0.0446442 -0.883838 -0.127896 0.9744 -0.184896 -0.0846458 -0.0690787 0.177223 0.981744 0.793117 0 0 0 1 
1807261650255;0.565737;0.928116;36;0.955233 0.0880575 0.282446 -0.893674 0.0280602 0.92341 -0.382789 -0.651705 -0.294521 0.373578 0.879601 2.07771 0 0 0 1 
1807261650256;0.73595;0.989384;43;0.889617 0.204115 0.408556 -0.595855 -0.256867 0.963289 0.0780584 0.0640449 -0.377625 -0.174387 0.909389 -1.36882 0 0 0 1 
1807261650257;0.0754684;1.02893;40;0.999947 0.0101962 -0.00110003 -1.2428 -0.0101889 0.999927 0.00651276 -0.0892679 0.00116636 -0.00650121 0.999978 -0.060374 0 0 0 1 
