#;prob_registration_l1 -r /home/probabilistic_point_clouds_registration/build/tester /home/point_clouds_registration_benchmark//devel/registration_pairs/pioneer_slam3_local.txt /home/point_clouds_registration_benchmark//tum/pioneer_slam3 -s 0.1 -t 0.1 -p 0.3 -r 1000 -m 10 -n 20 -i 200 
id;initial_error;final_error;transformation
39885980090000;0.518509;0.0943403;24;0.993126 0.0618278 -0.0993919 0.0190948 -0.0489952 0.990726 0.126732 0.126509 0.106306 -0.120991 0.986945 -0.441441 0 0 0 1 
39885980090001;1.1366;0.635196;32;0.998605 0.00820518 -0.0521617 0.201946 -0.00604725 0.999125 0.041394 -0.375877 0.0524557 -0.0410209 0.99778 0.293236 0 0 0 1 
39885980090002;0.639436;0.512343;24;0.999525 0.0260059 0.0165184 0.0835731 -0.022171 0.979453 -0.20045 0.0364773 -0.0213918 0.199989 0.979565 -0.103515 0 0 0 1 
39885980090003;0.346141;0.160685;25;0.955086 -0.0443252 -0.292996 0.0948277 -0.0449269 0.95566 -0.291024 0.111791 0.292904 0.291117 0.910746 -0.834927 0 0 0 1 
39885980090004;1.0895;0.452864;41;0.969819 -0.072589 -0.232771 0.0428434 0.0197397 0.974898 -0.221776 0.414635 0.243026 0.210488 0.946907 -1.11005 0 0 0 1 
39885980090005;0.90722;0.584024;24;0.998774 0.0454356 -0.0196381 0.0393254 -0.0467139 0.99642 -0.0704587 0.29234 0.0163665 0.0712897 0.997321 -0.442566 0 0 0 1 
39885980090006;0.367469;0.0456876;25;0.978826 -0.0210788 -0.203607 0.00712269 -0.0253444 0.97455 -0.222734 0.0918515 0.20312 0.223178 0.95338 -0.978968 0 0 0 1 
39885980090007;0.500039;0.250411;30;0.99676 -0.0770724 0.0230111 0.0349543 0.0803535 0.941328 -0.327787 -0.242476 0.0036023 0.328574 0.944471 -0.336258 0 0 0 1 
39885980090008;1.30544;0.665835;30;0.985373 0.00493588 -0.170338 0.103744 -0.0172674 0.997328 -0.0709888 0.344231 0.169533 0.0728918 0.982825 -1.07431 0 0 0 1 
39885980090009;1.07285;0.769821;35;0.999311 0.0229772 -0.0291474 -0.360954 -0.0229574 0.999736 0.00101663 0.117616 0.0291631 -0.000346778 0.999575 -0.0231753 0 0 0 1 
39885980090010;0.993349;0.812191;24;0.999573 0.0282981 -0.0072763 0.0558567 -0.0286799 0.997834 -0.059206 0.0446633 0.00558511 0.0593894 0.998219 0.31202 0 0 0 1 
39885980090011;1.19076;0.671013;27;0.996777 -0.0352454 0.0720614 -0.200958 0.0521865 0.96714 -0.24883 0.116738 -0.0609234 0.251789 0.965863 -0.609409 0 0 0 1 
39885980090012;1.08018;0.289691;40;0.982622 0.152741 -0.10547 0.213332 -0.165118 0.978851 -0.120773 0.17363 0.0847924 0.136089 0.987061 -1.00307 0 0 0 1 
39885980090013;0.734434;0.199088;24;0.996764 0.0657359 -0.0462664 -0.132291 -0.0747242 0.969879 -0.231842 0.252354 0.0296325 0.234549 0.971653 0.131656 0 0 0 1 
39885980090014;1.32795;0.699442;26;0.926549 0.127498 -0.353908 0.317245 -0.0496332 0.97402 0.220955 0.275591 0.372885 -0.18716 0.908806 -1.13947 0 0 0 1 
39885980090015;0.724355;0.0384188;26;0.999755 0.000587628 0.0221298 -0.0105082 -0.000721929 0.999981 0.00606129 0.0359888 -0.0221258 -0.00607579 0.999737 -0.490212 0 0 0 1 
39885980090016;0.348273;0.0100106;26;0.980629 0.0137446 -0.19539 0.0679845 0.0287429 0.976639 0.212957 -0.0378135 0.193753 -0.214448 0.957325 -0.381771 0 0 0 1 
39885980090017;0.847163;0.419745;29;0.996915 -0.0544246 -0.0565462 0.250109 0.0416415 0.977518 -0.206697 0.163464 0.0665244 0.203705 0.97677 -0.83839 0 0 0 1 
39885980090018;0.98085;0.34674;26;0.987751 0.00935033 -0.15576 -0.193444 -0.0351548 0.985875 -0.163752 0.296353 0.152029 0.167221 0.974127 -0.0234492 0 0 0 1 
39885980090019;1.01873;0.0886218;64;0.980231 0.191045 0.0514724 -0.600705 -0.193365 0.980112 0.0446081 0.271284 -0.0419266 -0.0536792 0.997678 0.795299 0 0 0 1 
39885980090020;0.349842;0.0800298;55;0.961811 0.22246 0.159473 -0.23923 -0.191586 0.963258 -0.188227 0.579691 -0.195486 0.150486 0.969092 0.346086 0 0 0 1 
39885980090021;0.142777;0.0537212;24;0.977056 -0.000361834 -0.212981 0.111466 -0.019515 0.99564 -0.0912175 0.0669037 0.212085 0.093281 0.972789 -0.556098 0 0 0 1 
39885980090022;0.343863;0.123416;25;0.989533 0.0706867 0.125808 -0.0429219 -0.0648321 0.996641 -0.0500427 0.171012 -0.128923 0.0413625 0.990792 0.437037 0 0 0 1 
39885980090023;0.973502;0.886382;25;0.951507 0.0586904 -0.301975 0.119088 0.0035957 0.979443 0.201689 0.0709707 0.307605 -0.192995 0.931736 -0.546609 0 0 0 1 
39885980090024;1.13358;0.0793841;27;0.997341 0.0664354 0.0299381 -0.134354 -0.0650693 0.996888 -0.0445026 0.0518499 -0.0328015 0.0424362 0.998561 -0.827643 0 0 0 1 
39885980090025;0.64818;0.285835;24;0.997088 -0.0737327 -0.0194649 0.00357606 0.0722349 0.995009 -0.068849 -0.377301 0.0244442 0.0672425 0.997437 0.107155 0 0 0 1 
39885980090026;1.25567;0.320311;25;0.99178 -0.0487514 0.118303 0.120899 0.0308321 0.988383 0.148824 -0.00637386 -0.124184 -0.143954 0.981762 1.41726 0 0 0 1 
39885980090027;0.709211;0.0783297;24;0.997461 0.0617262 0.0355111 -0.136172 -0.0612481 0.998019 -0.0143973 0.432696 -0.0363294 0.0121858 0.999266 0.494491 0 0 0 1 
39885980090028;1.02062;0.524875;25;0.99855 0.0532152 0.00810563 0.0215222 -0.053231 0.998581 0.00174161 0.269914 -0.00800145 -0.00217056 0.999966 0.568154 0 0 0 1 
39885980090029;0.737875;0.158109;37;0.970155 0.228057 -0.0823992 -0.122729 -0.208926 0.958628 0.193346 0.462964 0.123084 -0.17036 0.977664 0.39232 0 0 0 1 
39885980090031;0.500388;0.445986;28;0.958684 0.0444917 -0.280971 0.670588 -0.0255605 0.997171 0.0706881 0.559689 0.283321 -0.0605858 0.957109 -1.47979 0 0 0 1 
39885980090032;0.490152;0.740891;31;0.907941 -0.404009 -0.111445 0.345644 0.402332 0.914698 -0.038165 -0.806561 0.117358 -0.0101863 0.993037 -0.364579 0 0 0 1 
39885980090033;0.259006;0.565649;30;0.939557 -0.255223 -0.228239 0.457226 0.25349 0.966615 -0.0373907 -0.205557 0.230162 -0.0227256 0.972887 -0.728125 0 0 0 1 
39885980090034;0.13399;0.5338;31;0.993849 -0.0925619 -0.0607981 0.444218 0.0850163 0.989516 -0.11675 0.108509 0.0709673 0.110863 0.991299 -0.131549 0 0 0 1 
39885980090035;0.310003;0.548763;61;0.969496 -0.244995 0.00739839 0.0960382 0.237342 0.93082 -0.277926 -0.113183 0.0612037 0.271204 0.960574 0.31323 0 0 0 1 
39885980090036;0.791909;0.393072;31;0.882533 -0.0478287 -0.467811 1.70538 0.116102 0.986179 0.118201 -0.213647 0.455692 -0.15863 0.875889 -1.95113 0 0 0 1 
39885980090037;0.326129;0.578379;27;0.999773 0.0208385 -0.00436944 0.332997 -0.0211484 0.995678 -0.0904367 0.411475 0.00246599 0.0905086 0.995893 0.358472 0 0 0 1 
39885980090038;0.582863;0.611;25;0.998259 -0.0553373 -0.0204168 -0.0569865 0.0531373 0.993968 -0.0959346 -0.0825665 0.0256024 0.0946827 0.995178 -0.0782147 0 0 0 1 
39885980090039;0.172583;0.436319;28;0.991712 -0.124075 -0.0333614 0.0801131 0.120224 0.987731 -0.0996701 0.0660165 0.0453187 0.0948332 0.994461 0.148307 0 0 0 1 
39885980090040;0.259945;0.513305;29;0.996633 -0.0254872 0.0779357 0.582162 0.0143477 0.990007 0.140284 0.583033 -0.0807323 -0.138693 0.987039 -0.0257898 0 0 0 1 
39885980090041;0.477445;0.639153;32;0.971398 -0.227777 0.0671125 0.243326 0.229838 0.972916 -0.024671 -0.606627 -0.0596753 0.0393904 0.99744 -0.0575492 0 0 0 1 
39885980090042;0.418217;0.533188;59;0.986796 -0.160833 0.0191644 -0.0328236 0.161135 0.986812 -0.0153877 0.326422 -0.0164369 0.0182725 0.999698 0.328612 0 0 0 1 
39885980090043;0.341309;0.576009;29;0.981418 -0.137659 -0.133676 0.449249 0.161268 0.96925 0.185867 -0.219805 0.103979 -0.203971 0.973439 -0.69934 0 0 0 1 
39885980090044;0.352045;0.572892;29;0.930547 -0.154545 0.331961 0.397954 0.105431 0.98126 0.161285 0.0455047 -0.350665 -0.115084 0.929403 0.563604 0 0 0 1 
39885980090045;0.207777;0.45511;29;0.961466 -0.221756 0.162505 0.0835973 0.229455 0.972857 -0.0300079 -0.29387 -0.151439 0.0661391 0.986251 0.543391 0 0 0 1 
39885980090046;0.379302;0.459812;34;0.942688 -0.0824711 0.323323 0.268477 0.156461 0.965099 -0.210009 -0.0739722 -0.29472 0.24856 0.922691 1.00855 0 0 0 1 
39885980090047;0.227046;0.398858;28;0.975986 0.021579 0.216762 0.52222 -0.0270865 0.999381 0.022469 0.350088 -0.216142 -0.0278007 0.975966 0.272726 0 0 0 1 
39885980090048;0.266999;0.403178;28;0.992891 0.0171919 0.117783 0.596151 0.0124919 0.969 -0.246743 0.317064 -0.118374 0.24646 0.961897 1.01078 0 0 0 1 
39885980090049;0.523967;0.502168;30;0.95176 -0.0285415 0.305513 0.93066 -0.0329777 0.980383 0.194324 0.386467 -0.305066 -0.195025 0.932148 1.09826 0 0 0 1 
39885980090050;0.207409;0.608903;30;0.995407 -0.0902547 -0.0319162 0.548786 0.0882187 0.994275 -0.0602965 -0.060659 0.0371755 0.057204 0.99767 0.0281286 0 0 0 1 
39885980090051;0.499446;0.482043;30;0.994455 0.0664104 0.0815424 1.02069 -0.0481383 0.976839 -0.20849 0.751198 -0.0934997 0.203409 0.974619 0.0467707 0 0 0 1 
39885980090052;0.316512;0.398654;30;0.990741 -0.0645357 0.119443 -0.00404899 0.087957 0.9753 -0.202616 0.350585 -0.103417 0.211246 0.971947 0.350599 0 0 0 1 
39885980090053;0.450592;0.627465;30;0.998112 -0.0549876 0.0273799 0.588154 0.0578299 0.991447 -0.116996 0.507671 -0.0207124 0.118359 0.992755 -0.332232 0 0 0 1 
39885980090054;0.48513;0.620385;31;0.965539 -0.254466 -0.0546117 0.30745 0.258244 0.910659 0.322505 -0.524717 -0.0323341 -0.325495 0.944991 -0.596937 0 0 0 1 
39885980090055;0.127893;0.425328;30;0.97208 -0.227069 -0.0591634 0.218706 0.217609 0.96669 -0.13475 -0.239537 0.0877903 0.118114 0.989112 0.0442831 0 0 0 1 
39885980090056;0.526201;0.44048;30;0.926118 -0.376427 -0.0246677 0.110051 0.377022 0.921424 0.0939824 -0.597798 -0.012648 -0.0963391 0.995268 0.441011 0 0 0 1 
39885980090057;0.593626;0.490698;33;0.967897 -0.039051 -0.248294 1.18327 0.108971 0.955385 0.274528 0.00823614 0.226496 -0.292772 0.92897 -0.695193 0 0 0 1 
39885980090058;0.12749;0.365079;27;0.980409 -0.0389088 -0.19309 0.335439 0.0181226 0.993956 -0.108271 0.315893 0.196135 0.102651 0.975189 -0.334547 0 0 0 1 
39885980090059;0.597495;0.524386;29;0.929651 -0.193708 -0.313412 0.244975 0.0977242 0.949811 -0.29717 -0.0396253 0.355246 0.245636 0.901922 0.289454 0 0 0 1 
39885980090060;0.466612;0.6218;31;0.977862 -0.209248 -0.000428668 0.48551 0.201169 0.940665 -0.273276 -0.0361212 0.0575858 0.26714 0.961936 0.817988 0 0 0 1 
39885980090062;0.722072;0.569164;24;0.987836 0.00520054 -0.15541 -0.0555814 0.000180855 0.999401 0.0345929 0.0996487 0.155497 -0.0342003 0.987244 -0.311042 0 0 0 1 
39885980090063;0.21414;0.0327247;27;0.997849 0.0509134 0.0412882 -0.0440239 -0.0304548 0.91784 -0.39578 0.221316 -0.0580465 0.393671 0.917417 -0.33846 0 0 0 1 
39885980090064;0.937509;0.412608;31;0.998314 0.0562488 0.0143324 -0.309338 -0.0524125 0.979626 -0.193871 0.124622 -0.0249454 0.192793 0.980922 -0.709951 0 0 0 1 
39885980090065;0.614008;0.187949;27;0.939795 0.172497 0.295008 -0.215873 -0.0776272 0.948447 -0.307282 0.519175 -0.332805 0.265882 0.904736 0.457796 0 0 0 1 
39885980090066;0.857809;0.121302;30;0.998894 -0.00719795 0.0464686 0.0828932 0.0114984 0.995604 -0.0929515 -0.402495 -0.0455953 0.093383 0.994586 0.610126 0 0 0 1 
39885980090067;0.711929;0.567716;24;0.992078 0.0416993 -0.118497 0.0652535 -0.0570049 0.990022 -0.128864 0.233926 0.111941 0.134598 0.984557 -0.581494 0 0 0 1 
39885980090068;0.589386;0.154312;24;0.999997 -0.000882805 0.00243117 0.0150667 0.000869375 0.999984 0.00551931 0.00351115 -0.00243601 -0.00551718 0.999982 0.4948 0 0 0 1 
39885980090069;0.410197;0.112377;24;0.998974 -0.00814241 -0.0445592 0.13741 0.00901373 0.999771 0.0193882 -0.0349582 0.0443912 -0.01977 0.998819 -0.349438 0 0 0 1 
39885980090070;0.483885;0.0639202;27;0.934975 0.0927538 0.342373 -0.174594 -0.103162 0.994589 0.0122737 0.215395 -0.339382 -0.0467955 0.939484 1.10884 0 0 0 1 
39885980090071;0.64931;0.494272;24;0.97558 -0.0240383 -0.218326 0.0535324 -0.0502866 0.943148 -0.328546 0.298442 0.213812 0.331502 0.918907 -0.826639 0 0 0 1 
39885980090072;0.398606;0.321196;24;0.99879 -0.0374399 0.031894 0.0268992 0.0296145 0.975549 0.217778 -0.11805 -0.0392677 -0.21657 0.975477 0.379785 0 0 0 1 
39885980090073;0.928997;0.588036;24;0.953079 0.10529 -0.283822 0.0505752 -0.0987408 0.994413 0.0373252 0.521853 0.286166 -0.00754909 0.95815 -0.442758 0 0 0 1 
39885980090074;0.42064;0.256789;26;0.913674 -0.00714372 0.406384 0.150599 0.0403492 0.996501 -0.0732 -0.148715 -0.404439 0.0832782 0.910765 1.03476 0 0 0 1 
39885980090075;0.428471;0.253662;25;0.947499 0.0486032 0.316043 -0.0638559 -0.105009 0.980859 0.163975 0.297626 -0.302024 -0.188553 0.934467 1.17304 0 0 0 1 
39885980090076;0.878954;0.669882;24;0.993018 -0.0267692 0.114886 0.0975369 0.0270471 0.999634 -0.000860081 -0.113621 -0.114821 0.00396141 0.993378 0.707353 0 0 0 1 
39885980090077;0.395145;0.164256;40;0.963029 0.264609 -0.0505663 -0.293193 -0.269347 0.942131 -0.199601 0.753818 -0.0051762 0.205842 0.978572 -0.226396 0 0 0 1 
39885980090078;1.1758;0.0745633;28;0.998905 -0.0377612 0.0276095 -0.0883757 0.0391129 0.997974 -0.050179 -0.0713394 -0.0256588 0.0512039 0.998359 -0.959822 0 0 0 1 
39885980090079;1.02505;0.741486;24;0.962335 -0.010765 -0.271651 -0.12251 -0.0614674 0.964726 -0.255981 0.15786 0.264825 0.263037 0.927728 -0.524659 0 0 0 1 
39885980090080;0.475546;0.0955186;25;0.99988 -0.0153168 -0.00241062 0.0384761 0.0152656 0.999684 -0.0199762 -0.0450251 0.00271583 0.019937 0.999798 -0.405885 0 0 0 1 
39885980090081;0.321616;0.0469769;26;0.944717 -0.0253207 0.326906 0.211773 0.0318547 0.999385 -0.0146481 -0.0944233 -0.326334 0.0242518 0.944943 0.95395 0 0 0 1 
39885980090082;1.0641;0.310398;28;0.972259 0.0477463 0.228983 -0.366902 -0.0546158 0.998225 0.0237536 0.153093 -0.227443 -0.0356007 0.97314 -0.0318907 0 0 0 1 
39885980090083;0.893927;0.117412;26;0.952174 -0.0417668 0.30269 -0.105793 -0.0653579 0.939848 0.335282 -0.20158 -0.298486 -0.33903 0.892169 0.779854 0 0 0 1 
39885980090084;0.543877;0.394061;36;0.991094 0.0839006 -0.103411 0.040412 -0.098581 0.984334 -0.146182 -0.223782 0.0895258 0.155075 0.983838 -0.331991 0 0 0 1 
39885980090085;0.738131;0.564562;26;0.87788 0.0877896 0.470766 0.137133 -0.106228 0.994261 0.0126797 0.100121 -0.466951 -0.0611395 0.882167 0.990576 0 0 0 1 
39885980090086;0.60161;0.0476656;25;0.998813 0.0480827 0.00775788 -0.0602831 -0.048361 0.997991 0.0409229 0.120384 -0.00577461 -0.0412496 0.999132 0.580557 0 0 0 1 
39885980090087;0.217577;0.0501681;30;0.99905 0.0321887 -0.0293694 -0.1574 -0.0314791 0.999209 0.02431 -0.0344599 0.0301287 -0.0233624 0.999273 -0.121998 0 0 0 1 
39885980090088;0.201974;0.12032;25;0.999054 -0.0136381 0.0412838 0.0189748 0.0225946 0.9741 -0.224987 0.0386797 -0.0371461 0.225707 0.973487 -0.241268 0 0 0 1 
39885980090089;0.645809;0.263559;27;0.913781 0.0659759 -0.400812 0.221923 -0.0255243 0.994098 0.105443 -0.0741428 0.405403 -0.0861215 0.910072 -1.3213 0 0 0 1 
39885980090090;0.450371;0.429864;42;0.954479 0.12732 0.269741 -0.306972 -0.139171 0.989948 0.0251925 0.177893 -0.263822 -0.0615859 0.962603 0.943586 0 0 0 1 
39885980090091;0.498519;0.14392;32;0.994513 0.0756346 -0.0722734 -0.00784998 -0.067847 0.992184 0.104723 0.0319493 0.0796292 -0.0992448 0.991872 0.306319 0 0 0 1 
39885980090093;0.227552;0.235375;36;0.979861 0.0172262 0.198934 -0.226607 -0.02699 0.998555 0.0464734 0.244757 -0.197846 -0.0509067 0.97891 0.469979 0 0 0 1 
39885980090094;0.336698;0.287455;32;0.978545 -0.154116 0.136738 0.473702 0.159251 0.986858 -0.0273803 0.0501432 -0.130721 0.0485686 0.990229 -0.1434 0 0 0 1 
39885980090095;0.148785;0.208925;35;0.98719 0.00283029 -0.159521 -0.133476 -0.0127456 0.998046 -0.0611682 0.206997 0.159036 0.0624179 0.985298 -0.193884 0 0 0 1 
39885980090096;0.662123;0.388238;32;0.974058 0.106525 -0.19966 -0.155822 -0.0465545 0.957734 0.283862 0.0999517 0.22146 -0.267203 0.937848 0.189706 0 0 0 1 
39885980090097;0.657715;0.352836;45;0.967926 0.027161 0.249763 -0.172075 -0.0476441 0.995943 0.0763327 -0.47831 -0.246676 -0.0857842 0.965294 0.339015 0 0 0 1 
39885980090098;0.630821;0.262221;38;0.999841 0.0176015 -0.00285098 -0.287442 -0.0175864 0.947065 -0.320561 -0.0299881 -0.00294228 0.32056 0.947224 -0.317621 0 0 0 1 
39885980090099;0.628543;0.281726;42;0.938885 -0.193495 0.284701 0.66373 0.200376 0.979706 0.00505164 0.621647 -0.279901 0.0523043 0.958603 0.522802 0 0 0 1 
39885980090100;0.425699;0.328991;39;0.95131 0.264954 0.157507 -1.27884 -0.237227 0.955616 -0.174705 0.782803 -0.196805 0.128834 0.971941 -0.544591 0 0 0 1 
39885980090101;0.696606;0.389765;27;0.998911 -0.0329741 -0.0330123 0.0423953 0.0389541 0.978811 0.201025 -0.230526 0.0256842 -0.202092 0.97903 1.11729 0 0 0 1 
39885980090102;0.122477;0.110189;23;0.999305 0.0365506 0.00730876 -0.310666 -0.0366236 0.999278 0.0101225 0.178388 -0.0069335 -0.0103831 0.999922 0.107935 0 0 0 1 
39885980090103;0.717527;0.12262;45;0.903097 0.380951 0.198224 -2.11233 -0.365012 0.924118 -0.113014 0.440177 -0.226235 0.0297088 0.97362 0.252788 0 0 0 1 
39885980090104;0.685443;0.484149;42;0.977776 0.209251 0.0129566 -0.982569 -0.209632 0.976666 0.0466682 -0.404956 -0.00288891 -0.0483472 0.998826 -0.0314566 0 0 0 1 
39885980090105;0.47354;0.3626;35;0.981706 0.188402 0.0275468 -0.945553 -0.18914 0.981573 0.0272025 -0.16141 -0.0219142 -0.0319151 0.99925 0.172531 0 0 0 1 
39885980090106;0.459683;0.22343;30;0.95359 0.168794 -0.24935 -0.629216 -0.142872 0.98259 0.118767 0.343365 0.265055 -0.0776298 0.961103 -0.448955 0 0 0 1 
39885980090107;0.891834;0.636215;32;0.962071 -0.261164 0.078821 0.712867 0.260888 0.965268 0.0139703 -0.218799 -0.0797319 0.00712299 0.996791 0.0827355 0 0 0 1 
39885980090108;0.424446;0.215323;42;0.891245 -0.182587 0.415144 0.382124 0.137346 0.981055 0.136625 0.156618 -0.432225 -0.0647486 0.899438 0.508343 0 0 0 1 
39885980090109;0.495711;0.2561;36;0.950067 0.312032 -0.00301682 -1.44887 -0.311636 0.94927 0.0420627 0.937155 0.0159887 -0.0390222 0.99911 0.348543 0 0 0 1 
39885980090110;0.968235;0.58903;50;0.8779 0.412046 0.243948 -1.84081 -0.456125 0.874652 0.164115 1.21332 -0.145746 -0.255348 0.955801 1.97796 0 0 0 1 
39885980090111;0.425117;0.164085;29;0.997818 0.0618396 0.023139 -0.392389 -0.0623541 0.997807 0.0222152 0.31428 -0.0217145 -0.0236096 0.999485 0.641106 0 0 0 1 
39885980090112;0.465914;0.427034;47;0.896119 0.439686 -0.0603889 -1.95196 -0.439473 0.860119 -0.258958 1.1551 -0.0619186 0.258597 0.963999 -0.911917 0 0 0 1 
39885980090113;0.34947;0.150793;33;0.992761 0.114759 0.0354455 -0.634376 -0.119768 0.923662 0.364011 0.579696 0.00903379 -0.365622 0.93072 1.53753 0 0 0 1 
39885980090114;0.0961654;0.143416;27;0.995703 0.0784508 -0.0492096 -0.431923 -0.0779583 0.996886 0.0118522 0.212482 0.0499862 -0.00796501 0.998718 -0.113482 0 0 0 1 
39885980090115;0.726185;0.318111;41;0.980613 -0.125035 -0.15088 0.172989 0.117527 0.99139 -0.0577296 0.24441 0.156799 0.038878 0.986865 0.678938 0 0 0 1 
39885980090116;0.788969;0.393555;57;0.941344 -0.336549 -0.0246214 1.17547 0.333237 0.93861 -0.0892416 0.361609 0.053144 0.0758023 0.995706 0.495504 0 0 0 1 
39885980090117;0.478045;0.243669;27;0.994442 0.0645788 0.0831583 -0.382497 -0.065358 0.99784 0.00667933 0.313324 -0.0825473 -0.0120773 0.996514 0.704973 0 0 0 1 
39885980090118;0.326438;0.263221;35;0.991006 -0.132231 0.0205291 0.34005 0.131942 0.991146 0.014876 0.155574 -0.0223144 -0.0120335 0.999679 0.257708 0 0 0 1 
39885980090119;0.735474;0.303597;33;0.978357 -0.128572 0.162131 0.341976 0.136522 0.989875 -0.038841 0.0150375 -0.155496 0.0601349 0.986005 0.738995 0 0 0 1 
39885980090120;0.723848;0.112806;40;0.992425 -0.000754404 0.122852 -0.310054 0.0118541 0.995903 -0.0896443 0.673045 -0.122281 0.0904215 0.988368 0.534802 0 0 0 1 
39885980090121;0.394688;0.296721;31;0.998904 0.043461 -0.0173752 -0.266433 -0.0454782 0.989001 -0.140742 -0.13416 0.0110673 0.141378 0.989894 -0.217164 0 0 0 1 
39885980090122;0.722168;0.319023;34;0.978536 0.201404 0.043634 -0.967156 -0.200236 0.979297 -0.0297152 0.465344 -0.0487154 0.0203403 0.998606 0.890193 0 0 0 1 
39885980090124;0.340489;0.0214183;34;0.995871 0.0907069 0.00375792 0.227369 -0.0907034 0.995877 -0.00111015 -0.657177 -0.00384313 0.000764712 0.999992 -0.367491 0 0 0 1 
39885980090125;0.370091;0.0211964;49;0.911984 0.0112391 0.410073 -0.467717 -0.0469075 0.995925 0.0770244 -0.249459 -0.407536 -0.0894804 0.908795 -0.98642 0 0 0 1 
39885980090126;0.34208;0.0230844;49;0.88621 0.242735 0.394603 0.535214 -0.257692 0.966102 -0.0155538 -0.537207 -0.385002 -0.0879022 0.91872 -0.63425 0 0 0 1 
39885980090127;0.0863411;0.0239859;30;0.995316 -0.0147805 -0.0955375 -0.0141105 0.0205586 0.998 0.0597813 -0.0116194 0.0944628 -0.0614654 0.993629 -0.0216312 0 0 0 1 
39885980090128;0.358883;0.0208752;47;0.972895 0.162023 0.164999 0.645586 -0.169073 0.985161 0.0295269 0.0039227 -0.157767 -0.0566235 0.985852 0.197798 0 0 0 1 
39885980090129;0.382249;0.0238593;59;0.929113 0.369791 -0.00180829 1.45555 -0.36979 0.929115 0.00107713 -0.862347 0.00207842 -0.00033209 0.999998 -0.0172561 0 0 0 1 
39885980090130;0.323168;0.0266829;44;0.972697 0.181846 -0.144197 0.907305 -0.198884 0.973358 -0.1141 -0.104673 0.119606 0.139663 0.982949 0.350741 0 0 0 1 
39885980090131;0.505537;0.0214844;52;0.994469 -0.104673 -0.00865884 -0.841859 0.103974 0.992778 -0.0598467 -0.619974 0.0148607 0.0586154 0.99817 -0.202774 0 0 0 1 
39885980090132;0.44134;0.0158894;62;0.998928 0.0322014 -0.0332546 -0.59531 -0.0354849 0.994007 -0.103396 0.0841558 0.0297258 0.104465 0.994084 0.804596 0 0 0 1 
39885980090133;0.275576;0.0105452;41;0.998815 -0.0484845 -0.00414723 -0.681793 0.048467 0.998816 -0.00421179 -0.0908466 0.00434653 0.0040058 0.999983 -0.123918 0 0 0 1 
39885980090134;0.264805;0.0190462;41;0.982699 -0.136026 0.125699 -0.481057 0.16347 0.956053 -0.243395 0.0902711 -0.0870669 0.259732 0.961748 0.983217 0 0 0 1 
39885980090135;0.321182;0.0227067;56;0.981386 0.189476 0.031322 0.216882 -0.18386 0.97408 -0.131772 -0.228539 -0.0554777 0.12356 0.990785 0.692038 0 0 0 1 
39885980090136;0.536598;0.0185055;44;0.991185 0.069552 -0.112759 -0.187414 -0.0839622 0.988143 -0.128546 0.0866422 0.102482 0.13688 0.985272 1.50302 0 0 0 1 
39885980090137;0.239766;0.0173622;30;0.999019 0.03405 0.028319 -0.0426259 -0.0354958 0.998004 0.052226 0.0434995 -0.0264842 -0.0531799 0.998234 -0.635388 0 0 0 1 
39885980090138;0.366462;0.0196628;48;0.933393 -0.343346 -0.104361 -1.29399 0.334466 0.937737 -0.0937131 0.240874 0.130039 0.0525659 0.990114 0.129678 0 0 0 1 
39885980090139;0.522118;0.0196841;62;0.988503 0.145098 0.0425227 -0.233816 -0.147803 0.986573 0.0694839 -0.699883 -0.0318698 -0.07497 0.996676 0.162513 0 0 0 1 
39885980090140;0.328612;0.0286395;32;0.976422 -0.0406578 -0.212005 -0.198127 0.0240774 0.996487 -0.0802117 0.0326784 0.214522 0.073216 0.973971 1.07957 0 0 0 1 
39885980090141;0.0802768;0.0148642;32;0.998966 -0.00960196 0.0444385 -0.1466 0.00762296 0.998981 0.0444906 -0.0614636 -0.0448204 -0.0441059 0.998021 -0.138142 0 0 0 1 
39885980090142;0.374391;0.0250213;49;0.936693 0.258396 -0.2363 1.15078 -0.185003 0.938182 0.292555 -0.652049 0.297287 -0.230318 0.926593 -0.613461 0 0 0 1 
39885980090143;0.228673;0.0238669;47;0.98285 0.176552 -0.0532506 0.731073 -0.17688 0.984231 -0.00147984 -0.17931 0.0521497 0.0108734 0.99858 -0.134731 0 0 0 1 
39885980090144;0.446317;0.0220452;55;0.91932 0.39341 0.00887594 1.44816 -0.393509 0.919054 0.0221339 -0.912954 0.000550218 -0.0238409 0.999716 0.249081 0 0 0 1 
39885980090145;0.0431272;0.0247114;27;0.999553 0.0140027 0.0264239 -0.031251 -0.0149031 0.999304 0.0341897 -0.0258074 -0.0259268 -0.0345682 0.999066 -0.163696 0 0 0 1 
39885980090146;0.329175;0.0310439;31;0.993763 -0.102991 -0.0427576 -0.237886 0.101751 0.99435 -0.0302408 0.414353 0.0456306 0.0257016 0.998628 0.628442 0 0 0 1 
39885980090147;0.155218;0.0194382;34;0.998675 0.0467211 0.0215533 0.00166433 -0.0479402 0.997045 0.0600225 -0.112388 -0.0186853 -0.0609763 0.997964 0.00163463 0 0 0 1 
39885980090148;0.427209;0.022799;43;0.9875 0.137177 0.077626 0.269431 -0.114912 0.963669 -0.241118 -0.439312 -0.107882 0.229184 0.967386 1.47091 0 0 0 1 
39885980090149;0.211483;0.0174742;41;0.985147 -0.111571 0.13053 -0.618685 0.110897 0.993754 0.0124422 0.161102 -0.131103 0.002218 0.991366 0.0839852 0 0 0 1 
39885980090150;0.560906;0.0254913;54;0.922458 0.207069 -0.325872 1.20685 -0.237143 0.969918 -0.0549715 0.302166 0.304687 0.127987 0.943814 0.346836 0 0 0 1 
39885980090151;0.283425;0.0218992;41;0.948039 0.290494 0.129752 0.938367 -0.244626 0.92632 -0.286513 -0.477072 -0.203422 0.239884 0.94925 0.643765 0 0 0 1 
39885980090152;0.461176;0.0196452;51;0.902539 -0.412316 0.124177 -1.79758 0.406768 0.910973 0.0683275 0.200029 -0.141294 -0.011157 0.989905 -0.36516 0 0 0 1 
39885980090153;0.364593;0.0150031;36;0.9908 0.123405 0.0555594 0.0826541 -0.126889 0.989833 0.0642705 -0.606269 -0.0470632 -0.0707291 0.996385 -0.708436 0 0 0 1 
39885980090155;0.220386;0.95773;41;0.994022 -0.108728 0.00993438 -0.423247 0.108623 0.994027 0.0105935 0.41764 -0.0110269 -0.00945107 0.999895 0.0599181 0 0 0 1 
39885980090156;0.547565;1.24171;37;0.956608 -0.105758 0.271506 -0.10301 0.063194 0.984929 0.160999 0.731904 -0.284441 -0.136855 0.948875 1.35579 0 0 0 1 
39885980090157;0.178395;1.16889;38;0.993274 0.115558 0.00727705 -0.178961 -0.115448 0.993213 -0.0141428 1.42938 -0.00886198 0.0132076 0.999874 -0.113774 0 0 0 1 
39885980090158;0.913519;1.16721;35;0.909889 0.0397729 0.412942 0.616397 -0.0910772 0.990261 0.105304 1.35282 -0.404732 -0.133425 0.904649 2.02886 0 0 0 1 
39885980090159;0.31181;1.06335;44;0.980597 0.157632 -0.116537 -0.225644 -0.193331 0.876005 -0.441858 1.8971 0.0324358 0.455815 0.889483 -0.28791 0 0 0 1 
39885980090160;0.529179;1.2705;39;0.99266 0.119872 -0.0160354 -0.473775 -0.119559 0.992641 0.0192379 1.63335 0.0182234 -0.0171795 0.999686 0.456993 0 0 0 1 
39885980090161;0.588623;1.13026;41;0.976149 -0.149122 0.157783 -0.196109 0.125638 0.980729 0.149618 0.66755 -0.177054 -0.126226 0.976073 1.13255 0 0 0 1 
39885980090162;0.825722;1.37816;39;0.97917 -0.198615 -0.0421586 0.0204525 0.198555 0.980073 -0.00565472 0.74772 0.0424416 -0.00283386 0.999095 -0.871028 0 0 0 1 
39885980090163;0.504725;0.393867;31;0.999939 0.0109702 0.0011388 -0.0816402 -0.0109921 0.99971 0.0214062 0.670654 -0.000903635 -0.0214174 0.99977 0.058759 0 0 0 1 
39885980090164;0.244441;1.05817;45;0.99167 0.108851 -0.0688619 -0.314064 -0.0994399 0.986798 0.127831 1.30718 0.0818674 -0.119919 0.989402 -0.446249 0 0 0 1 
39885980090165;0.707584;0.837432;32;0.994753 0.100439 0.0194344 -0.67141 -0.100503 0.994934 0.00233721 1.25498 -0.0191012 -0.00427817 0.999808 -0.613707 0 0 0 1 
39885980090166;0.507941;1.07251;43;0.97776 0.155123 0.141146 -0.244075 -0.138724 0.983099 -0.119468 1.79324 -0.157293 0.0972309 0.982754 0.756352 0 0 0 1 
39885980090167;0.79424;1.27011;37;0.981244 -0.179828 -0.0694381 -0.161589 0.173529 0.980883 -0.0880708 0.858748 0.0839483 0.0743694 0.993691 0.404029 0 0 0 1 
39885980090168;0.994365;0.902492;36;0.995743 0.0863792 -0.0321535 0.358085 -0.0886624 0.992996 -0.0780877 1.52492 0.0251831 0.0806061 0.996428 0.637077 0 0 0 1 
39885980090169;0.602224;1.05879;38;0.952125 0.257045 -0.165489 -0.465312 -0.270019 0.960922 -0.0609793 2.41922 0.143347 0.102745 0.984325 -0.711131 0 0 0 1 
39885980090170;0.878287;1.37199;39;0.972788 -0.128822 -0.192584 -0.289564 0.166581 0.966578 0.194881 0.642635 0.161043 -0.221658 0.961734 0.381264 0 0 0 1 
39885980090171;0.174618;1.38179;44;0.969726 0.219102 -0.107825 -0.310719 -0.215955 0.975576 0.040191 2.1386 0.113997 -0.0156889 0.993357 -0.457658 0 0 0 1 
39885980090172;0.809772;1.24421;43;0.987538 0.15738 -0.00109757 -0.59242 -0.157355 0.987467 0.0121712 1.97873 0.00299931 -0.0118468 0.999925 0.728892 0 0 0 1 
39885980090173;0.12527;1.34264;47;0.998156 0.0431299 -0.0427021 -0.494845 -0.0476108 0.992771 -0.11018 1.50564 0.0376414 0.11201 0.992994 -0.184005 0 0 0 1 
39885980090174;1.08358;1.07698;41;0.952339 0.104401 0.286618 -0.239397 -0.117395 0.992677 0.0284817 1.60629 -0.281546 -0.0607718 0.957621 1.86491 0 0 0 1 
39885980090175;0.382051;0.501623;28;0.999103 0.0399057 0.0141393 -0.447578 -0.039979 0.999188 0.00493514 0.432532 -0.0139308 -0.00549599 0.999888 0.4666 0 0 0 1 
39885980090176;1.01834;1.28547;48;0.941785 -0.146752 0.302496 -0.537925 0.154179 0.988043 -0.000683243 0.192646 -0.298779 0.0472821 0.95315 1.44381 0 0 0 1 
39885980090177;0.304463;0.510886;29;0.998252 -0.0305459 0.0505938 -0.232305 0.0308084 0.999516 -0.00441563 0.227013 -0.0504344 0.00596662 0.99871 -0.0553817 0 0 0 1 
39885980090178;0.543046;1.23545;39;0.992375 0.0741544 0.0984553 -0.624457 -0.0683525 0.995791 -0.0610537 1.32375 -0.102568 0.0538585 0.993267 0.706852 0 0 0 1 
39885980090179;0.361753;1.34759;39;0.980039 0.140839 -0.140316 -0.559716 -0.144153 0.989461 -0.0136845 1.75685 0.13691 0.0336383 0.990012 -0.111015 0 0 0 1 
39885980090180;0.25283;1.21813;55;0.997633 -0.0557353 -0.0402773 -0.480219 0.056999 0.997895 0.0309392 0.976431 0.0384681 -0.0331617 0.998709 0.0736904 0 0 0 1 
39885980090181;0.881259;1.23829;30;0.980354 0.00423823 -0.197198 0.0980955 0.0187517 0.993238 0.114569 0.598458 0.19635 -0.116016 0.973646 -0.0696401 0 0 0 1 
39885980090182;0.669254;1.08985;45;0.991122 0.132935 0.00243087 0.0470773 -0.132943 0.991117 0.00361301 1.29498 -0.00192898 -0.0039041 0.999991 -0.588284 0 0 0 1 
39885980090183;0.198594;1.3803;42;0.957871 0.14227 0.249482 -0.138663 -0.147454 0.989067 0.00211112 1.88082 -0.246454 -0.0388093 0.968377 0.895636 0 0 0 1 
39885980090184;0.838159;1.21679;60;0.971045 0.226515 -0.0759145 -0.236907 -0.238527 0.901585 -0.360901 2.47823 -0.0133062 0.368558 0.929509 -0.762418 0 0 0 1 
39885980090186;1.03403;0.707548;41;0.987607 0.153132 0.0343979 -0.0258986 -0.152063 0.987859 -0.031796 -0.443415 -0.0388492 0.0261713 0.998902 -0.590994 0 0 0 1 
39885980090187;0.391456;0.264263;31;0.997658 0.0461651 0.0504796 -0.197435 -0.0502719 0.99525 0.083368 -0.1179 -0.0463911 -0.0857104 0.995239 -0.126495 0 0 0 1 
39885980090188;0.19321;0.38737;26;0.99473 -0.0470377 -0.0910997 -0.082288 0.0387328 0.995109 -0.0908777 -0.420517 0.0949288 0.0868702 0.991686 -0.531396 0 0 0 1 
39885980090189;0.694654;0.358363;34;0.966146 -0.157136 0.204622 0.0232531 0.142712 0.986233 0.0835265 -0.637023 -0.214931 -0.0514967 0.975271 1.2001 0 0 0 1 
39885980090190;0.710931;0.282454;25;0.998975 -0.01975 -0.0407394 -0.133096 0.0290682 0.969666 0.2427 -0.175535 0.0347103 -0.243636 0.969246 0.741456 0 0 0 1 
39885980090191;0.303973;0.650181;33;0.999202 0.0287422 0.0277417 -0.348247 -0.0289549 0.999554 0.00729536 -0.382293 -0.0275196 -0.0080928 0.999589 -0.0837234 0 0 0 1 
39885980090192;0.937341;0.376436;32;0.999674 -0.0150872 0.020607 -0.00687298 0.0149517 0.999866 0.00671591 -0.788136 -0.0207055 -0.00640561 0.999765 0.798783 0 0 0 1 
39885980090193;0.0973903;0.46549;27;0.999803 -0.0144842 0.0135406 -0.180726 0.0143015 0.999807 0.0134876 -0.364189 -0.0137333 -0.0132913 0.999817 0.0749665 0 0 0 1 
39885980090194;0.330993;0.334305;29;0.999149 -0.0370149 0.018197 -0.158488 0.0377811 0.998328 -0.0437388 -0.564289 -0.0165476 0.0443891 0.998877 0.102648 0 0 0 1 
39885980090195;0.913121;0.299457;27;0.998967 0.045177 -0.00486201 -0.26011 -0.0453928 0.997011 -0.0625157 0.214104 0.0020232 0.0626719 0.998032 -0.876264 0 0 0 1 
39885980090196;0.843835;0.527433;30;0.99477 0.0675584 0.0766063 -0.208538 -0.0701503 0.997034 0.0316606 -0.156579 -0.0742401 -0.036869 0.996559 -0.488115 0 0 0 1 
39885980090197;0.709255;0.56256;31;0.999221 -0.0306021 0.0249354 -0.190224 0.0266823 0.989119 0.144678 -0.712872 -0.0290916 -0.1439 0.989165 -0.421526 0 0 0 1 
39885980090198;1.04503;0.581273;26;0.997436 0.0463102 -0.0545537 -0.154181 -0.0520612 0.992655 -0.109208 0.132752 0.0490956 0.111768 0.992521 0.630728 0 0 0 1 
39885980090199;0.0833687;0.359141;27;0.998674 -0.0258021 0.0445403 -0.14124 0.0253133 0.999613 0.0115052 -0.408221 -0.04482 -0.0103625 0.998941 0.126154 0 0 0 1 
39885980090200;1.06244;0.663048;25;0.998622 0.0483856 -0.0203198 -0.195603 -0.0487645 0.998637 -0.0185868 0.187753 0.0193927 0.0195521 0.999621 0.742361 0 0 0 1 
39885980090201;0.454509;0.337182;34;0.970874 -0.111761 -0.21193 -0.03299 0.102671 0.993278 -0.0534538 -0.325217 0.216479 0.0301378 0.975822 -0.445819 0 0 0 1 
39885980090202;0.602175;0.542902;29;0.924784 0.0543426 -0.376592 -0.273743 -0.0266343 0.996566 0.0784005 -0.153564 0.379559 -0.0624732 0.923056 -0.896479 0 0 0 1 
39885980090203;0.367742;0.387006;25;0.911246 0.0347296 0.410395 0.0313027 -0.0989426 0.985717 0.136278 0.210239 -0.3998 -0.164788 0.901668 1.53049 0 0 0 1 
39885980090204;1.06319;0.496404;32;0.973565 0.0752946 0.215642 -0.0553183 -0.0550633 0.993628 -0.0983437 -0.249919 -0.221673 0.0838701 0.971508 1.61797 0 0 0 1 
39885980090205;0.675409;0.282593;38;0.997162 0.0751193 0.00493868 -0.65859 -0.074617 0.994929 -0.0674484 -0.272877 -0.00998031 0.0668885 0.997711 -0.25974 0 0 0 1 
39885980090206;0.947378;0.51027;34;0.996348 0.0286805 0.0804201 -0.353516 -0.0356672 0.995584 0.0868323 -0.561645 -0.0775746 -0.0893836 0.992972 1.1586 0 0 0 1 
39885980090207;0.975527;0.326095;28;0.998642 -0.0373937 -0.036274 -0.19415 0.0381122 0.999087 0.0193223 -0.0040835 0.0355183 -0.0206785 0.999155 -0.929656 0 0 0 1 
39885980090208;0.357335;0.524535;33;0.966341 0.103853 0.235373 -0.289867 -0.0861516 0.992708 -0.0843088 -0.0198298 -0.242412 0.0611933 0.968242 0.508847 0 0 0 1 
39885980090209;0.567849;0.585461;37;0.995068 0.0981562 0.0143514 -0.727213 -0.0983265 0.995086 0.0116833 -0.350189 -0.0131341 -0.0130368 0.999829 0.184505 0 0 0 1 
39885980090210;0.29383;0.574381;28;0.976238 -0.012093 0.216363 -0.0306837 -0.00679364 0.996243 0.0863354 -0.464122 -0.216594 -0.0857538 0.972488 1.00849 0 0 0 1 
39885980090211;0.573799;0.609279;37;0.99741 0.0280304 0.0662352 -0.531805 0.000917898 0.915892 -0.401423 -0.414253 -0.0719163 0.400444 0.913495 0.032653 0 0 0 1 
39885980090212;0.324919;0.585101;35;0.994661 0.0971968 -0.0346822 -0.189106 -0.0937114 0.991438 0.0909279 -0.209738 0.0432232 -0.0871923 0.995253 0.20859 0 0 0 1 
39885980090213;0.920265;0.681237;31;0.988363 -0.0997376 -0.114855 -0.0342063 0.107785 0.991974 0.0661104 -1.18216 0.107339 -0.0777206 0.99118 0.505479 0 0 0 1 
39885980090214;0.527822;0.585946;39;0.978933 0.196146 0.0567151 -0.339314 -0.197229 0.980256 0.0141156 0.435894 -0.0528266 -0.0250041 0.998291 0.510379 0 0 0 1 
39885980090215;0.58213;0.490875;35;0.970906 -0.223131 0.0869152 0.0688559 0.225984 0.973826 -0.0243658 -0.977472 -0.0792036 0.0432983 0.995918 0.243651 0 0 0 1 
39885980090217;1.03417;1.45916;28;0.974324 0.222989 -0.0311288 0.28595 -0.224453 0.972854 -0.056353 1.14398 0.0177177 0.0618931 0.997926 -0.580314 0 0 0 1 
39885980090218;0.202378;1.26391;39;0.944692 0.326452 -0.0313885 0.22764 -0.326249 0.945214 0.0115426 1.81704 0.033437 -0.00066371 0.999441 -0.190153 0 0 0 1 
39885980090219;0.470141;1.7172;45;0.984746 0.135931 0.108623 0.190312 -0.141048 0.989159 0.0408626 1.54162 -0.101891 -0.0555602 0.993243 0.384441 0 0 0 1 
39885980090220;1.3181;0.49243;44;0.979207 -0.0743651 -0.18874 -0.0932007 0.0579243 0.994148 -0.0911833 0.764332 0.194416 0.0783547 0.977785 -0.421845 0 0 0 1 
39885980090221;1.15923;1.1238;26;0.940603 0.0329246 0.337907 -0.343277 0.0278968 0.984426 -0.173574 0.271423 -0.338359 0.17269 0.925036 0.718764 0 0 0 1 
39885980090222;0.407338;1.6152;48;0.91278 0.338377 0.228767 0.357628 -0.35309 0.935242 0.0254797 2.16202 -0.205331 -0.104032 0.973148 0.854553 0 0 0 1 
39885980090223;0.517255;1.14195;36;0.9501 0.235901 0.204111 0.0745361 -0.248732 0.967775 0.0392973 1.53776 -0.188263 -0.0881052 0.978159 0.783416 0 0 0 1 
39885980090224;1.08029;1.2436;40;0.984877 0.111337 0.132745 -0.351152 -0.121863 0.989786 0.0739789 0.862236 -0.123153 -0.0890368 0.988385 0.513991 0 0 0 1 
39885980090225;0.715361;0.505934;35;0.995356 -0.0599541 -0.075314 0.0942788 0.0382653 0.964325 -0.261939 0.210477 0.0883315 0.257841 0.962141 0.140227 0 0 0 1 
39885980090226;0.549209;0.575935;24;0.955821 -0.0235159 0.293008 0.0305416 -0.00743404 0.994542 0.104069 0.144008 -0.293857 -0.10165 0.950429 0.99803 0 0 0 1 
39885980090227;1.15995;1.40962;40;0.893194 0.449671 0.000999057 1.16048 -0.449262 0.892281 0.044694 2.27551 0.0192062 -0.0403693 0.999 -0.502626 0 0 0 1 
39885980090228;0.215505;0.966965;49;0.998044 -0.0303424 0.0546508 0.00740295 0.0309726 0.999463 -0.0107223 0.645732 -0.0542961 0.012394 0.998448 -0.0215007 0 0 0 1 
39885980090229;0.121617;1.74958;57;0.904274 0.426821 0.0106017 0.542538 -0.426861 0.903288 0.0431381 2.44684 0.00883587 -0.0435342 0.999013 -0.0562348 0 0 0 1 
39885980090230;1.03093;1.66179;42;0.959186 0.28273 -0.00517521 0.457448 -0.282737 0.959197 -0.000633924 1.48477 0.00478482 0.00207127 0.999986 0.490239 0 0 0 1 
39885980090231;0.888653;0.628806;24;0.99319 0.0168303 0.115284 -0.121584 -0.030891 0.992136 0.12129 0.29132 -0.112336 -0.124025 0.9859 0.514896 0 0 0 1 
39885980090232;0.59802;1.35018;35;0.966663 0.11081 -0.230832 0.551831 -0.177553 0.939646 -0.292473 1.28459 0.184491 0.323708 0.927996 -0.429472 0 0 0 1 
39885980090233;0.0427632;1.31632;39;0.935944 0.352082 -0.0069146 0.350178 -0.352105 0.935958 -0.00236796 2.01353 0.00563805 0.00465094 0.999973 -0.0487493 0 0 0 1 
39885980090234;0.404716;0.851333;55;0.987951 0.0449103 -0.148107 0.0298084 0.0165733 0.920769 0.389756 0.576938 0.153877 -0.387514 0.908931 -0.451313 0 0 0 1 
39885980090235;0.881271;1.59894;40;0.964882 0.21501 -0.15091 0.967227 -0.238713 0.95746 -0.162132 1.91412 0.109631 0.192462 0.975161 -0.642667 0 0 0 1 
39885980090236;1.0378;1.57314;40;0.930574 0.365924 -0.0114551 0.399013 -0.365994 0.930605 -0.00473633 2.22886 0.00892706 0.00860002 0.999923 -0.860322 0 0 0 1 
39885980090237;0.452033;0.638661;29;0.976571 0.0909645 -0.195026 0.0605355 -0.0290596 0.95371 0.299319 0.510378 0.213226 -0.286639 0.934009 -0.784612 0 0 0 1 
39885980090238;0.922552;0.57419;37;0.947996 0.0531428 -0.313814 0.242687 -0.119708 0.973102 -0.196833 1.25484 0.294913 0.224163 0.928858 -0.374409 0 0 0 1 
39885980090239;0.393854;0.497602;30;0.99452 0.0163227 -0.103267 0.0766418 -0.0436862 0.962253 -0.268626 0.484805 0.0949842 0.271666 0.957693 -0.279469 0 0 0 1 
39885980090240;0.68439;1.77174;57;0.875143 0.482755 -0.0327403 0.70268 -0.483642 0.870692 -0.0893634 3.16865 -0.0146339 0.0940404 0.995461 -0.271583 0 0 0 1 
39885980090241;0.655728;0.910195;44;0.958698 -0.0099487 0.28425 -0.0536034 0.0837992 0.964907 -0.24886 0.732898 -0.271799 0.262402 0.925889 0.311191 0 0 0 1 
39885980090242;0.353633;1.14787;40;0.879824 0.355997 0.314923 0.491137 -0.237284 0.903086 -0.357955 1.62492 -0.411834 0.240211 0.879029 1.16561 0 0 0 1 
39885980090243;1.27115;1.19435;42;0.999296 -0.0144641 0.0346304 0.239591 0.0138807 0.999759 0.0170292 0.926571 -0.0348683 -0.0165365 0.999255 0.841628 0 0 0 1 
39885980090244;0.554019;1.3801;38;0.989693 -0.0697434 0.125077 0.259451 0.0428356 0.97758 0.206159 0.669915 -0.136651 -0.198676 0.970492 0.298923 0 0 0 1 
39885980090245;0.651828;0.925876;54;0.998068 -0.0315307 -0.0535426 0.0540767 0.0292689 0.998667 -0.0425143 0.797465 0.0548118 0.040865 0.99766 0.268888 0 0 0 1 
39885980090246;0.546588;1.73071;50;0.977338 0.196375 -0.0790428 0.419052 -0.186594 0.975516 0.116414 1.64162 0.0999682 -0.099027 0.990051 -0.554578 0 0 0 1 
39885980090248;0.37448;0.0845824;58;0.92027 -0.33487 0.202398 -0.190078 0.323675 0.94215 0.087104 0.136938 -0.219858 -0.0146478 0.975422 0.0318835 0 0 0 1 
39885980090249;0.482365;0.0728366;67;0.949551 -0.313176 -0.0165588 -0.0618405 0.313227 0.949678 0.000485578 -0.0466034 0.0155734 -0.00564772 0.999863 -0.324326 0 0 0 1 
39885980090250;0.869457;0.0913879;48;0.941291 0.024648 0.336695 -0.0799901 -0.0916746 0.978518 0.184659 -0.681976 -0.324911 -0.204685 0.923329 0.333175 0 0 0 1 
39885980090251;0.521745;0.0795929;40;0.994548 -0.0969601 -0.0383709 0.0379551 0.096727 0.99528 -0.00789008 -0.286686 0.0389548 0.00413556 0.999232 0.315281 0 0 0 1 
39885980090252;1.01023;0.0926466;32;0.994979 0.0970778 0.0243478 0.313233 -0.100077 0.962094 0.253694 -0.143502 0.00120313 -0.254857 0.966978 -0.943924 0 0 0 1 
39885980090253;0.430197;0.0712132;43;0.972058 0.165539 -0.166434 0.0441923 -0.119712 0.959467 0.255131 0.267246 0.201922 -0.228078 0.952475 -0.0887564 0 0 0 1 
39885980090254;0.437029;0.0869692;32;0.991533 -0.118099 0.0539849 0.0219516 0.119972 0.992233 -0.0328795 0.148186 -0.0496826 0.0390779 0.998 0.382494 0 0 0 1 
39885980090255;0.581357;0.102786;37;0.996828 0.0410956 0.0681572 0.110694 -0.0448028 0.997547 0.0537856 -0.264738 -0.0657796 -0.0566686 0.996224 0.402239 0 0 0 1 
