#;prob_registration_l1 -r /home/probabilistic_point_clouds_registration/build/tester /home/point_clouds_registration_benchmark//devel/registration_pairs/planetary_map_local.txt /home/point_clouds_registration_benchmark//planetary/p2at_met -s 0.2 -t 0.2 -p 0.3 -r 1000 -m 10 -n 20 -i 200 
id;initial_error;final_error;transformation
25528382210000;2.8561;1.0568;25;0.998458 -0.0554978 -0.00124098 -3.04039 0.0555116 0.99821 0.0222632 -1.21894 3.19632e-06 -0.0222978 0.999751 1.06183 0 0 0 1 
25528382210001;2.11331;1.18157;25;0.999379 -0.0318476 -0.0151106 -1.86968 0.0339901 0.984222 0.173642 -1.59453 0.0093421 -0.174047 0.984693 -9.50525 0 0 0 1 
25528382210002;1.70145;1.34931;25;0.97583 0.0416328 0.214529 2.8035 0.0157407 0.965744 -0.259018 -2.30479 -0.217964 0.256134 0.941747 14.2407 0 0 0 1 
25528382210003;1.37022;0.282206;24;0.999994 -0.000579305 0.00328602 -0.626732 0.00056125 0.999985 0.00549296 0.0613318 -0.00328915 -0.00549109 0.99998 0.83189 0 0 0 1 
25528382210004;1.75339;1.14761;25;0.966569 -0.0623321 0.248715 -2.71113 0.029819 0.990746 0.132413 -0.277488 -0.254667 -0.12057 0.959483 -5.57528 0 0 0 1 
25528382210005;0.735848;0.51395;25;0.994939 0.0335901 0.0947006 1.98421 -0.00237233 0.950059 -0.31206 -2.80048 -0.100453 0.310256 0.945331 16.5495 0 0 0 1 
25528382210006;1.57164;0.504341;26;0.996446 -0.0447139 -0.0713813 -2.58863 0.0438335 0.998943 -0.0138537 -0.418278 0.0719253 0.0106755 0.997353 -1.50294 0 0 0 1 
25528382210007;1.73822;1.05153;24;0.999921 -0.00795345 -0.00968422 0.295853 0.00749931 0.99891 -0.0460611 -0.748899 0.01004 0.0459849 0.998892 1.79062 0 0 0 1 
25528382210008;0.906109;0.915021;24;0.994597 0.0415833 0.0951171 2.62034 -0.0418723 0.999122 0.00104407 0.320057 -0.0949902 -0.0050212 0.995466 0.294689 0 0 0 1 
25528382210009;0.490985;0.169888;25;0.970852 0.0669503 -0.230139 3.24572 -0.0430297 0.993281 0.107435 0.431373 0.235786 -0.0944003 0.967209 -6.29273 0 0 0 1 
25528382210010;2.17163;1.05738;26;0.990508 -0.0591153 -0.124091 -2.87088 -0.000190207 0.902202 -0.431314 -5.06382 0.137453 0.427244 0.893627 18.2055 0 0 0 1 
25528382210011;2.42393;1.1029;25;0.9999 0.00967825 -0.0102826 0.0363577 -0.00813453 0.990005 0.140801 0.369414 0.0115425 -0.140703 0.989985 -8.68452 0 0 0 1 
25528382210012;1.04957;0.433711;24;0.996942 -0.0353174 -0.0697118 -1.71622 0.0315034 0.997985 -0.0550717 -1.16471 0.0715164 0.0527072 0.996046 2.76926 0 0 0 1 
25528382210013;1.47687;1.03186;24;0.999833 -0.0181516 0.00222962 -0.70371 0.0181317 0.999798 0.0086634 -0.00999748 -0.00238643 -0.00862152 0.99996 0.234114 0 0 0 1 
25528382210014;2.77484;2.05154;26;0.982193 0.00129977 0.187868 0.862877 -0.0678929 0.934853 0.348483 -2.69068 -0.175176 -0.355033 0.918295 -15.7179 0 0 0 1 
25528382210015;1.8346;1.84169;25;0.996936 0.0149291 0.0767794 0.946143 -0.00949599 0.997456 -0.0706475 -0.0250244 -0.0776388 0.069702 0.994542 4.67287 0 0 0 1 
25528382210016;0.567147;0.666594;26;0.992891 -0.0258 -0.116198 -1.42424 0.0453717 0.984556 0.169087 -1.54659 0.110041 -0.173157 0.978728 -9.8856 0 0 0 1 
25528382210017;2.04883;1.26866;27;0.950544 0.0120819 -0.310355 0.0570548 0.0569647 0.975511 0.212446 -1.78961 0.305321 -0.219618 0.926578 -11.8373 0 0 0 1 
25528382210018;2.95759;1.15611;24;0.99933 0.0355773 -0.00862202 0.804735 -0.0295474 0.922959 0.383763 -2.32053 0.021611 -0.383251 0.923391 -17.43 0 0 0 1 
25528382210019;2.21355;1.57909;24;0.994713 0.0449672 0.0923272 2.84489 -0.0438347 0.998937 -0.0142589 0.533042 -0.0928702 0.0101364 0.995627 0.286277 0 0 0 1 
25528382210020;0.308749;0.621159;26;0.97851 -0.0786071 0.19063 -3.88402 0.121018 0.967448 -0.222257 -3.26655 -0.166954 0.24055 0.95617 12.9586 0 0 0 1 
25528382210021;1.80312;1.09884;24;0.999006 0.0442927 -0.00491778 2.57909 -0.0439729 0.997642 0.0526868 0.0692508 0.00723983 -0.0524182 0.998599 -1.81608 0 0 0 1 
25528382210022;2.94324;2.16888;25;0.873313 -0.0394194 -0.485563 -2.25304 0.00494249 0.997387 -0.0720813 0.297114 0.487135 0.0605496 0.871225 0.148177 0 0 0 1 
25528382210023;1.21687;0.574119;25;0.889776 -0.0207659 -0.455924 -1.33546 -0.0187772 0.996453 -0.0820307 0.0079445 0.45601 0.0815499 0.88623 0.263792 0 0 0 1 
25528382210024;1.44022;1.48007;24;0.998159 -0.0429565 0.0428219 -2.18853 0.0442941 0.998544 -0.0307921 -0.896025 -0.0414368 0.0326322 0.998608 1.43854 0 0 0 1 
25528382210025;2.35204;1.82236;23;0.999971 -0.000569119 -0.00764611 0.627649 0.000662992 0.999924 0.0122803 -0.260133 0.00763854 -0.012285 0.999895 -0.796712 0 0 0 1 
25528382210026;1.69358;0.321133;24;0.997324 0.0210441 0.0700152 0.88261 -0.0219191 0.999691 0.0117528 0.601251 -0.0697462 -0.013256 0.997477 -1.72168 0 0 0 1 
25528382210027;2.42888;1.21029;26;0.997021 -0.0393629 0.0663297 -2.5278 0.0403812 0.999085 -0.0140811 -0.607756 -0.0657147 0.0167176 0.997698 2.89402 0 0 0 1 
25528382210028;0.814222;0.291568;25;0.968459 0.0447466 -0.245124 2.48053 -0.065125 0.995004 -0.075667 0.439765 0.240514 0.0892441 0.966534 2.04497 0 0 0 1 
25528382210029;0.390701;0.69912;26;0.97276 -0.0833734 -0.216301 -4.61082 0.018486 0.958012 -0.28613 -3.06295 0.231075 0.274338 0.933458 11.8097 0 0 0 1 
25528382210031;1.54457;0.820256;24;0.998889 0.0444154 -0.0157607 1.07433 -0.0435757 0.997792 0.0501271 0.0162747 0.0179523 -0.0493846 0.998618 -3.15873 0 0 0 1 
25528382210032;0.49374;0.294109;25;0.999262 0.0384111 0.000352961 0.847367 -0.0381739 0.991985 0.12045 -0.0442837 0.00427648 -0.120374 0.992719 -3.70443 0 0 0 1 
25528382210033;0.496545;0.519351;24;0.99781 0.0284495 0.0597175 0.674507 -0.0292369 0.999496 0.0123529 0.103671 -0.0593359 -0.0140718 0.998139 -0.418616 0 0 0 1 
25528382210034;1.67751;1.45571;25;0.99956 0.00254999 -0.0295408 -0.0052725 -0.00562654 0.994505 -0.104536 -0.169001 0.0291119 0.104657 0.994082 1.88293 0 0 0 1 
25528382210035;1.14274;0.656243;25;0.996555 0.034995 -0.0751913 0.898258 -0.0313527 0.998302 0.0490866 0.0916125 0.0767815 -0.04656 0.99596 -3.30534 0 0 0 1 
25528382210036;0.657758;0.364687;25;0.998096 0.0293919 0.0542241 0.67979 -0.0356988 0.992219 0.119276 0.217758 -0.0502964 -0.120985 0.991379 -2.74076 0 0 0 1 
25528382210037;0.42747;0.466906;25;0.942813 0.0461736 -0.330109 1.38991 -0.025233 0.997404 0.0674434 -0.0688355 0.332366 -0.0552569 0.94153 -5.01057 0 0 0 1 
25528382210038;2.16463;1.35407;24;0.994682 -0.0329422 -0.0975864 -1.04945 0.029818 0.999 -0.0333025 -0.584391 0.098586 0.0302156 0.99467 1.66565 0 0 0 1 
25528382210039;1.45509;1.19993;24;0.999831 0.000627635 0.0183909 0.0442404 -0.00181218 0.997918 0.0644635 0.0251561 -0.0183122 -0.064486 0.997751 -1.04914 0 0 0 1 
25528382210040;1.05221;1.09674;25;0.995273 -0.0317225 -0.0917916 -0.860355 0.027296 0.998422 -0.0490833 -0.335878 0.0932038 0.0463457 0.994568 0.350828 0 0 0 1 
25528382210041;1.71424;1.03657;25;0.909577 -0.0314655 0.414342 0.631153 0.00273885 0.997561 0.0697431 0.0554423 -0.415526 -0.0623019 0.907445 3.28236 0 0 0 1 
25528382210042;0.574012;0.327762;25;0.989405 0.01041 0.144806 0.299245 0.0384603 0.942995 -0.330576 -2.3184 -0.139993 0.332643 0.932604 11.6867 0 0 0 1 
25528382210043;0.513876;0.207533;25;0.999926 -0.0114001 0.00422144 0.0134502 0.0102731 0.978084 0.207958 -0.525073 -0.00649967 -0.207899 0.978129 -6.77541 0 0 0 1 
25528382210044;0.355334;0.470981;26;0.913256 0.00831785 0.4073 1.04167 -0.061186 0.991251 0.116949 0.149911 -0.402764 -0.131726 0.905776 -0.76581 0 0 0 1 
25528382210045;1.15928;0.99544;24;0.999152 0.0159209 -0.0379624 0.250084 -0.0177335 0.998695 -0.0478963 0.0664273 0.0371503 0.0485289 0.998131 0.860371 0 0 0 1 
25528382210046;2.5411;0.821835;26;0.995151 0.0208177 0.0961346 0.575248 -0.0573573 0.916797 0.395212 -2.65077 -0.0799086 -0.398809 0.913546 -13.8192 0 0 0 1 
25528382210047;2.63214;2.30501;24;0.962742 -0.0723616 -0.26056 -2.44561 -0.0220846 0.939276 -0.342452 -2.1433 0.269518 0.335447 0.902682 8.77466 0 0 0 1 
25528382210048;0.0550198;0.208415;23;0.999406 0.0269087 -0.0215331 0.595439 -0.0272585 0.999498 -0.0161182 0.198764 0.0210885 0.0166956 0.999638 0.246929 0 0 0 1 
25528382210049;0.624254;0.25017;24;0.998569 0.0308846 0.0436527 0.783254 -0.0394725 0.97645 0.2121 -0.229055 -0.0360741 -0.21352 0.976272 -5.83894 0 0 0 1 
25528382210050;1.7141;0.210395;24;0.999479 0.0230557 0.0225744 0.414783 -0.0218825 0.998464 -0.0509055 0.260162 -0.0237134 0.050385 0.998448 3.57541 0 0 0 1 
25528382210051;0.731618;0.78681;25;0.998727 0.014434 -0.0483331 0.302728 -0.0100249 0.995868 0.0902533 -0.0168374 0.0494362 -0.0896539 0.994745 -3.18371 0 0 0 1 
25528382210052;0.501673;0.402368;25;0.945341 0.00484593 -0.326048 0.530443 0.0342745 0.992874 0.114132 -0.301686 0.324278 -0.119069 0.938438 -6.42893 0 0 0 1 
25528382210053;0.245766;0.275669;24;0.99647 0.00923698 0.0834406 0.288548 0.00307718 0.989242 -0.146259 -0.529512 -0.0838939 0.145999 0.985721 5.07095 0 0 0 1 
25528382210054;2.27774;1.60775;25;0.998013 -0.0296695 0.0555826 -0.698685 0.0323427 0.998332 -0.0478289 -0.275769 -0.0540708 0.0495315 0.997308 3.40557 0 0 0 1 
25528382210055;0.613367;0.780635;24;0.996643 0.027457 -0.0771268 0.534688 -0.0252351 0.999242 0.0296365 0.108616 0.0778821 -0.0275907 0.996581 -1.41569 0 0 0 1 
25528382210056;2.21606;2.08138;25;0.992843 0.0368663 -0.113595 1.2201 -0.0112092 0.975729 0.218694 -0.52163 0.1189 -0.215856 0.969159 -8.4529 0 0 0 1 
25528382210057;2.17431;1.69168;24;0.999902 -0.00497078 -0.0131174 -0.579588 0.00450218 0.999359 -0.035515 -0.507086 0.0132855 0.0354525 0.999283 1.66407 0 0 0 1 
25528382210058;0.777574;0.175307;25;0.944514 0.0927335 -0.315109 2.66906 0.0324646 0.928269 0.37049 -2.48871 0.326863 -0.360163 0.873752 -13.8215 0 0 0 1 
25528382210059;0.655634;0.504267;24;0.997947 0.0413338 -0.0489254 0.991447 -0.0366106 0.994919 0.0937824 -0.00174318 0.0525532 -0.0917986 0.99439 -4.0242 0 0 0 1 
25528382210060;1.3379;0.581103;25;0.944348 -0.077214 -0.319757 -2.21372 0.0105365 0.978662 -0.205207 -1.0585 0.328778 0.190418 0.925011 4.27915 0 0 0 1 
25528382210062;1.314;0.874942;24;0.996216 0.0118164 -0.086101 0.581074 -0.00749241 0.998702 0.050371 0.0867052 0.0865845 -0.0495354 0.995012 -2.15509 0 0 0 1 
25528382210063;2.15505;1.41676;24;0.999964 -0.00830127 -0.00148245 -0.492879 0.00821195 0.998586 -0.0525304 0.0871511 0.00191642 0.0525163 0.998618 3.18831 0 0 0 1 
25528382210064;0.553066;0.517443;25;0.984897 0.00769422 0.172971 0.87048 0.0186991 0.988442 -0.150441 -0.810728 -0.172129 0.151404 0.97337 10.1051 0 0 0 1 
25528382210065;1.61508;0.645694;24;0.99447 0.0355119 -0.0988329 2.92889 -0.0182324 0.985183 0.170532 -1.08889 0.103424 -0.167787 0.980383 -12.3516 0 0 0 1 
25528382210066;1.78743;0.911766;24;0.999968 0.00136084 0.00782692 0.0647416 -0.00153678 0.999745 0.0225167 -0.098658 -0.00779429 -0.0225281 0.999716 -0.695858 0 0 0 1 
25528382210067;0.672032;0.459014;24;0.993537 -0.0269311 -0.110268 -3.37908 0.0166717 0.995533 -0.0929272 -0.361853 0.112279 0.0904883 0.989548 11.8307 0 0 0 1 
25528382210068;1.84994;0.649277;24;0.997864 0.00849912 -0.0647654 0.152017 -0.00521438 0.998699 0.0507188 0.26219 0.0651122 -0.0502727 0.996611 -1.61236 0 0 0 1 
25528382210069;2.23987;0.328471;24;0.981015 -0.0288123 -0.19178 -3.18714 -0.0165007 0.972915 -0.230573 -3.11749 0.193229 0.22936 0.953969 24.8789 0 0 0 1 
25528382210070;2.2156;0.79953;24;0.999889 -0.00937019 -0.0115706 -1.335 0.00942745 0.999944 0.00490477 0.184373 0.011524 -0.00501331 0.999921 2.14237 0 0 0 1 
25528382210071;1.44584;1.21281;24;0.998883 -0.0468637 0.00612555 -4.68707 0.0445236 0.889584 -0.454597 -10.9731 0.0158549 0.454362 0.890676 44.5406 0 0 0 1 
25528382210072;1.6175;1.53791;24;0.998128 -0.0443438 -0.0421141 -4.74124 0.0263741 0.933436 -0.357774 -6.93054 0.0551759 0.355993 0.932858 36.8816 0 0 0 1 
25528382210073;2.148;0.333533;24;0.998998 0.0147192 -0.0422606 1.00885 -0.0127426 0.998829 0.0466678 0.0309474 0.0428981 -0.0460825 0.998016 -1.09254 0 0 0 1 
25528382210074;1.21241;0.387544;24;0.991319 -0.0110195 0.131014 -0.921131 0.00891861 0.999822 0.0166119 0.305536 -0.131173 -0.0152992 0.991241 -6.39884 0 0 0 1 
25528382210075;0.469924;0.161701;24;0.967433 -0.0215737 -0.252206 -3.60864 -0.0198414 0.986833 -0.160523 -2.11888 0.252348 0.160299 0.954266 21.5471 0 0 0 1 
25528382210076;1.94829;1.20717;24;0.999904 0.00548881 -0.0127419 0.217302 -0.00446784 0.996879 0.0788158 0.0931135 0.0131348 -0.0787513 0.996808 -5.55859 0 0 0 1 
25528382210077;1.55351;0.751317;25;0.999774 0.0165789 -0.0133185 1.78544 -0.0156728 0.997731 0.0654793 -0.219282 0.0143739 -0.0652557 0.997765 -8.00522 0 0 0 1 
25528382210078;1.78754;1.41278;24;0.999831 -0.00650135 0.0172224 -0.837241 0.00592811 0.999434 0.0331288 0.330036 -0.0174281 -0.0330211 0.999303 -2.79659 0 0 0 1 
25528382210079;0.52952;0.310166;24;0.966335 -0.0192401 -0.256567 -3.57402 -0.00819625 0.994392 -0.105441 -1.02776 0.257156 0.103994 0.960758 16.2656 0 0 0 1 
25528382210080;0.579865;0.167519;24;0.999944 0.000158291 -0.0105384 -0.0753643 -0.000153541 1 0.000451521 -0.0150118 0.0105385 -0.000449878 0.999944 0.793753 0 0 0 1 
25528382210081;1.6725;1.67527;24;0.999589 -0.0130765 0.0255231 -1.22885 0.014789 0.997569 -0.0681027 -0.0314024 -0.0245705 0.0684521 0.997352 5.95602 0 0 0 1 
25528382210082;1.80785;0.183258;25;0.960007 -0.0107736 0.279767 -0.894901 -0.0295843 0.989761 0.139632 -1.11552 -0.278407 -0.142325 0.94986 -19.3246 0 0 0 1 
25528382210083;0.928935;0.338321;25;0.98167 -0.0388519 -0.186589 -4.93013 -0.000803023 0.97815 -0.207897 -2.83603 0.190589 0.204236 0.960189 25.877 0 0 0 1 
25528382210084;1.83208;1.35233;24;0.998717 -0.0210326 -0.04607 -2.27398 0.0149385 0.991553 -0.12884 -0.72015 0.0483907 0.127987 0.990595 12.3208 0 0 0 1 
25528382210085;0.401662;0.341365;25;0.993838 0.0550928 -0.0961768 5.25197 -0.0235286 0.952807 0.302663 -4.28503 0.108313 -0.298535 0.948233 -27.5539 0 0 0 1 
25528382210086;1.45129;1.0715;24;0.996675 0.00845152 -0.0810457 0.463407 -0.0105608 0.999616 -0.0256324 -0.117513 0.080798 0.026403 0.996381 5.39836 0 0 0 1 
25528382210087;0.345605;0.112588;25;0.938917 -0.014227 0.343849 -2.01419 0.0433401 0.996079 -0.0771313 0.439779 -0.341403 0.0873223 0.935852 0.0372842 0 0 0 1 
25528382210088;0.167837;0.128803;23;0.999833 -0.0149929 -0.0104438 -1.61539 0.0150139 0.999885 0.00193833 0.385435 0.0104135 -0.00209481 0.999944 -0.256074 0 0 0 1 
25528382210089;1.83562;1.78803;24;0.999887 0.000718896 0.0150298 0.0908141 -0.00021987 0.999449 -0.0331778 -0.105678 -0.0150453 0.0331708 0.999336 2.54745 0 0 0 1 
25528382210090;2.15758;0.172265;24;0.999974 0.0052297 -0.00490257 0.274806 -0.00536418 0.999598 -0.02783 -0.340709 0.00475506 0.0278556 0.999601 5.43883 0 0 0 1 
25528382210091;0.893388;0.494276;24;0.999816 -0.0165045 0.00978198 -1.67509 0.0175867 0.992191 -0.123479 -0.756403 -0.00766765 0.123628 0.992299 12.7446 0 0 0 1 
25528382210093;1.89713;0.306628;26;0.97944 0.034296 -0.198799 -1.30024 -0.013285 0.994269 0.106074 -0.276014 0.201298 -0.101252 0.974283 4.24897 0 0 0 1 
25528382210094;0.825331;0.132133;25;0.997714 0.00172488 -0.0675606 -0.439755 0.0202084 0.946322 0.322592 0.843215 0.0644906 -0.32322 0.944124 -1.9445 0 0 0 1 
25528382210095;0.858473;0.677463;30;0.951745 0.125175 0.280202 0.625741 -0.163657 0.979392 0.118357 -2.63302 -0.259612 -0.158503 0.952617 -4.54751 0 0 0 1 
25528382210096;0.8797;0.31504;25;0.947295 0.0999109 0.304385 0.911611 -0.207219 0.915694 0.344333 -3.44374 -0.244321 -0.389259 0.888135 -7.08573 0 0 0 1 
25528382210097;2.1961;0.213133;38;0.993858 0.0535921 0.0968215 0.314894 -0.062226 0.994133 0.0884734 -2.40397 -0.091512 -0.0939548 0.991362 -3.28664 0 0 0 1 
25528382210098;1.08082;0.156286;27;0.999315 0.0364527 0.00634683 0.387834 -0.0360213 0.997647 -0.0583401 -1.44445 -0.00845855 0.0580715 0.998277 -0.409772 0 0 0 1 
25528382210099;0.565162;0.316627;27;0.944476 -0.0864035 -0.317017 -2.41452 0.041833 0.988575 -0.144806 0.65878 0.325907 0.123504 0.9373 5.96702 0 0 0 1 
25528382210100;1.81678;1.52739;25;0.996223 0.079679 0.0345141 1.02765 -0.0856513 0.967057 0.239716 -0.923239 -0.0142768 -0.241767 0.970229 -1.57515 0 0 0 1 
25528382210101;0.708323;0.505007;25;0.996665 -0.0718623 -0.0386695 -0.925514 0.0701557 0.996573 -0.0438149 1.2655 0.0416856 0.0409558 0.998291 1.40905 0 0 0 1 
25528382210102;2.25601;1.018;26;0.997664 0.0393195 -0.055865 -0.00333533 -0.0433707 0.996369 -0.0732587 -1.751 0.0527817 0.0755105 0.995747 0.0705304 0 0 0 1 
25528382210103;0.72475;0.557369;25;0.994913 0.100687 -0.00309395 0.960684 -0.100165 0.992082 0.0757624 -1.80148 0.0106977 -0.0750672 0.997121 0.391554 0 0 0 1 
25528382210104;2.73972;1.28015;26;0.989925 0.0686974 -0.123811 0.205472 -0.0367773 0.969155 0.243691 0.34269 0.136733 -0.236682 0.961918 2.73924 0 0 0 1 
25528382210105;1.37462;0.159604;40;0.98507 0.0699732 0.157292 0.485048 0.0137908 0.87866 -0.477249 -2.44284 -0.171601 0.472293 0.864576 -0.834038 0 0 0 1 
25528382210106;1.98093;0.124527;25;0.994852 -0.0387224 -0.0936482 -0.172646 0.00140405 0.929295 -0.369336 -0.58703 0.101328 0.367303 0.924565 1.99338 0 0 0 1 
25528382210107;2.7132;2.03445;26;0.999513 0.00118868 0.0311705 0.176323 -0.00294852 0.9984 0.0564737 -0.112673 -0.0310535 -0.0565381 0.997917 -2.49279 0 0 0 1 
25528382210108;2.24596;0.65008;35;0.985694 0.0407306 -0.163552 0.101662 -0.0317325 0.997855 0.0572579 -1.79173 0.165533 -0.0512489 0.984872 1.16617 0 0 0 1 
25528382210109;1.35089;0.254027;25;0.996229 0.0465654 0.0732144 0.711215 -0.0386992 0.993675 -0.105412 -0.773055 -0.0776599 0.102181 0.99173 -1.75067 0 0 0 1 
25528382210110;1.54595;0.641563;25;0.996297 0.0799156 -0.0317093 0.155263 -0.055551 0.879836 0.472019 0.33291 0.0656207 -0.46851 0.881018 -1.93356 0 0 0 1 
25528382210111;0.364366;0.291251;25;0.985463 -0.0227875 -0.168356 -0.943415 0.0155137 0.998894 -0.0443948 0.0854605 0.169181 0.0411377 0.984726 3.19089 0 0 0 1 
25528382210112;2.44837;2.58625;25;0.994732 -0.0267591 0.0989517 -0.426828 0.00714878 0.981085 0.193446 1.16639 -0.102256 -0.19172 0.976108 -1.16686 0 0 0 1 
25528382210113;0.357128;0.379052;24;0.993874 0.107469 0.025777 0.80602 -0.109073 0.991417 0.0720729 -1.89748 -0.0178102 -0.074443 0.997066 -0.363129 0 0 0 1 
25528382210114;2.52967;0.406695;27;0.945382 -0.0246169 0.325032 -1.08603 0.123858 0.949483 -0.288341 1.07844 -0.301515 0.31285 0.900674 -5.01341 0 0 0 1 
25528382210115;1.99023;0.3005;26;0.997719 -0.0118406 -0.0664617 -0.675345 0.0122861 0.999905 0.00629773 0.411254 0.0663808 -0.00709991 0.997769 3.0386 0 0 0 1 
25528382210116;0.274109;0.331425;25;0.998447 -0.0105389 -0.0547068 -0.505963 0.0240614 0.967216 0.252815 0.804611 0.0502488 -0.253738 0.965967 -0.760428 0 0 0 1 
25528382210117;0.456139;0.267078;26;0.963119 0.11549 0.243031 0.736137 -0.160919 0.971106 0.176235 -2.60076 -0.215655 -0.208844 0.953875 -4.84824 0 0 0 1 
25528382210118;1.00279;0.171961;25;0.998266 -0.00467347 0.0586839 -0.151036 0.00351356 0.999797 0.0198531 0.0156715 -0.0587647 -0.0196125 0.998079 -1.9675 0 0 0 1 
25528382210119;1.53716;0.597688;27;0.992882 0.0611426 0.102205 -0.0230814 -0.0389835 0.977732 -0.206204 -1.97482 -0.112537 0.200752 0.973157 0.132062 0 0 0 1 
25528382210120;1.16367;0.297124;25;0.999892 -0.00143074 0.0146496 0.176479 0.00139715 0.999996 0.00230291 0.587929 -0.0146528 -0.00228219 0.99989 0.681861 0 0 0 1 
25528382210121;1.92017;0.876852;26;0.999568 -0.00659046 0.02864 0.0957918 0.00188223 0.986887 0.161405 1.08951 -0.0293282 -0.161281 0.986473 -2.44716 0 0 0 1 
25528382210122;1.42171;0.364984;25;0.994162 0.0602061 -0.0895393 0.234661 -0.0627012 0.997711 -0.0253173 -1.00564 0.0878101 0.0307837 0.995661 0.24759 0 0 0 1 
25528382210124;1.41534;0.436865;25;0.999447 0.0300495 -0.014263 2.31671 -0.0292538 0.998163 0.0530512 -0.497847 0.015831 -0.0526046 0.99849 -5.68743 0 0 0 1 
25528382210125;0.633729;0.294892;24;0.991833 -0.0435829 -0.119862 -3.66831 0.0264118 0.989617 -0.141282 -0.970936 0.124775 0.136962 0.982686 12.0317 0 0 0 1 
25528382210126;0.445145;0.254599;25;0.952003 0.00534558 -0.306041 -0.492228 0.00138474 0.999762 0.0217702 0.0183591 0.306085 -0.0211491 0.951769 -0.0188342 0 0 0 1 
25528382210127;0.670288;0.687836;24;0.998305 -0.0175196 -0.0554963 -1.37634 0.0140214 0.997927 -0.0628098 -0.25071 0.0564817 0.0619252 0.996481 5.38614 0 0 0 1 
25528382210128;2.24311;1.61168;25;0.999768 -0.0211038 0.00425772 -1.2167 0.0211809 0.999596 -0.0189465 0.0425752 -0.00385616 0.0190323 0.999811 -0.435623 0 0 0 1 
25528382210129;1.80511;1.33449;24;0.98507 0.0124667 0.171701 1.17968 -0.0135093 0.999897 0.00490548 0.344388 -0.171622 -0.00715181 0.985137 -0.233909 0 0 0 1 
25528382210130;0.986557;0.182996;24;0.998872 0.0176053 0.0441027 1.31363 -0.0210108 0.996733 0.0779848 -0.0768317 -0.0425857 -0.0788234 0.995979 -5.34795 0 0 0 1 
25528382210131;2.11864;1.71996;25;0.984063 -0.105822 -0.142904 -8.43658 0.0323785 0.896845 -0.441157 -8.18779 0.174847 0.4295 0.885979 34.2352 0 0 0 1 
25528382210132;0.163045;0.144948;23;0.999867 0.0103399 -0.0125832 0.713637 -0.0107379 0.999431 -0.0319808 -0.18046 0.0122454 0.0321116 0.999409 2.40616 0 0 0 1 
25528382210133;1.8377;0.831072;24;0.999798 -0.0124545 -0.0157447 -1.19955 0.0123164 0.999885 -0.00884057 0.236552 0.015853 0.00864487 0.999837 2.69871 0 0 0 1 
25528382210134;1.18998;0.851661;24;0.999969 -0.00775511 0.00143945 -0.716781 0.00779534 0.999506 -0.0304454 -0.0725727 -0.00120263 0.0304556 0.999535 3.29621 0 0 0 1 
25528382210135;0.879278;0.58841;24;0.998796 0.0300363 0.0387967 2.16804 -0.0315514 0.998739 0.0390502 -0.219509 -0.0375749 -0.0402273 0.998484 -2.79501 0 0 0 1 
25528382210136;1.20454;0.896268;25;0.93806 0.0255625 0.345527 2.09456 0.0307929 0.987177 -0.156631 -0.839967 -0.345101 0.157569 0.925245 11.2009 0 0 0 1 
25528382210137;0.490225;0.503249;24;0.999753 -0.0181489 0.0128525 -1.32018 0.0189403 0.997745 -0.0643933 -0.21334 -0.0116548 0.0646208 0.997842 4.74187 0 0 0 1 
25528382210138;0.898047;0.934813;24;0.999865 -0.0119565 0.0112318 -0.770499 0.0128521 0.996435 -0.0833822 -0.294406 -0.0101948 0.0835153 0.996454 6.17725 0 0 0 1 
25528382210139;0.258844;0.162928;24;0.998127 -0.0201694 0.0577484 -1.47525 0.0228657 0.99866 -0.0464172 -0.215675 -0.0567348 0.0476507 0.997252 3.4865 0 0 0 1 
25528382210140;1.51354;1.21201;25;0.999626 -0.0027282 0.0272279 -0.264218 0.00579726 0.993546 -0.113284 -0.476252 -0.0267431 0.1134 0.993189 7.90716 0 0 0 1 
25528382210141;0.177514;0.16882;25;0.9682 0.0238666 0.249038 2.05044 -0.0389898 0.997671 0.0559712 -0.249347 -0.247122 -0.0639012 0.966875 -6.59027 0 0 0 1 
25528382210142;1.7221;1.31327;24;0.990968 0.00518672 -0.133997 -0.0420005 0.0137286 0.990077 0.139853 -0.125689 0.133393 -0.140429 0.981064 -9.83483 0 0 0 1 
25528382210143;1.74732;1.41493;24;0.993669 -0.00977717 -0.111921 -1.10219 0.00505183 0.999087 -0.0424262 0.309326 0.112234 0.0415922 0.992811 3.94243 0 0 0 1 
25528382210144;0.62636;0.567066;24;0.985094 -0.0202251 -0.170824 -1.76285 0.0205492 0.999789 0.000129119 0.0869449 0.170785 -0.00363748 0.985302 0.605352 0 0 0 1 
25528382210145;2.23099;1.58973;25;0.982024 0.026973 0.186822 2.47505 -0.0364105 0.998218 0.0472701 -0.33488 -0.185214 -0.0532227 0.981256 -3.63133 0 0 0 1 
25528382210146;0.123351;0.131662;25;0.987631 -0.0142196 0.156148 -0.839391 0.0132473 0.999886 0.00726562 0.0618366 -0.156233 -0.00510722 0.987707 -1.35671 0 0 0 1 
25528382210147;2.1323;0.305341;24;0.99988 -0.0109871 0.0109258 -1.14767 0.0111162 0.999868 -0.0118285 0.0863884 -0.0107944 0.0119486 0.99987 3.48676 0 0 0 1 
25528382210148;1.17842;0.490757;24;0.999892 -0.0124246 -0.00782585 -1.05315 0.01208 0.999018 -0.0426309 -0.0222621 0.00834783 0.0425318 0.99906 4.54349 0 0 0 1 
25528382210149;1.8032;1.57789;24;0.974304 0.0352193 -0.222466 2.17353 0.0208349 0.969372 0.244712 -2.00046 0.224271 -0.243059 0.943729 -18.5085 0 0 0 1 
25528382210150;1.89528;1.68732;24;0.991802 0.00517787 0.127681 0.529532 0.00792007 0.994767 -0.101862 -0.212707 -0.127541 0.102038 0.986571 7.21376 0 0 0 1 
25528382210151;1.38396;0.399673;24;0.99986 0.0165671 0.0021806 1.43499 -0.0165598 0.999857 -0.0033317 -0.414744 -0.00223549 0.00329512 0.999992 -1.55569 0 0 0 1 
25528382210152;1.90731;1.77407;24;0.999419 0.001909 -0.0340218 0.166387 0.00101444 0.99632 0.0857045 -0.352686 0.0340602 -0.0856893 0.99574 -7.5959 0 0 0 1 
25528382210153;0.627318;0.162167;24;0.968311 -0.0727644 -0.238913 -6.36613 0.0326462 0.985286 -0.167768 -1.28888 0.247605 0.154652 0.956438 14.2087 0 0 0 1 
25528382210155;0.972428;0.550174;25;0.996425 -0.0548964 -0.064213 -3.53377 0.0216046 0.900404 -0.434517 -7.17086 0.0816711 0.431576 0.898372 27.1072 0 0 0 1 
25528382210156;1.01473;0.697332;25;0.991355 0.0325929 -0.127096 1.61781 -0.0264608 0.998417 0.0496414 -0.614605 0.128513 -0.0458492 0.990647 -1.42665 0 0 0 1 
25528382210157;0.233342;0.219469;24;0.998255 0.0154682 -0.0569838 0.737935 -0.0188843 0.998025 -0.0599074 -0.717633 0.0559446 0.060879 0.996576 4.77925 0 0 0 1 
25528382210158;0.218897;0.1604;23;0.999729 -0.0209769 -0.0101173 -1.32586 0.0210455 0.999756 0.0067166 0.557933 0.00997397 -0.0069277 0.999926 -0.50764 0 0 0 1 
25528382210159;0.424214;0.185406;24;0.967463 -0.0235657 0.251913 -1.37945 0.107223 0.940012 -0.323852 -2.0845 -0.22917 0.340326 0.911954 14.5078 0 0 0 1 
25528382210160;0.944861;0.681248;25;0.999123 -0.00973593 -0.0407322 -0.552266 0.00177985 0.981595 -0.190966 -2.15298 0.0418418 0.190726 0.980751 11.8672 0 0 0 1 
25528382210161;0.607772;0.404924;24;0.983451 -0.028502 0.178918 -1.56158 0.0490356 0.992564 -0.111414 0.364391 -0.174412 0.118344 0.977535 1.59677 0 0 0 1 
25528382210162;0.465464;0.25837;25;0.991037 0.0227703 0.131635 1.57168 -0.0406985 0.989988 0.135156 -0.98659 -0.12724 -0.139302 0.982041 -11.9741 0 0 0 1 
25528382210163;0.301031;0.143951;24;0.999738 0.0195039 -0.0119425 1.08412 -0.0191327 0.999353 0.030442 -0.0528541 0.0125286 -0.0302055 0.999465 -1.082 0 0 0 1 
25528382210164;0.262538;0.229755;23;0.999829 -0.0184987 0.000374888 -1.188 0.0184963 0.999813 0.0057113 0.507399 -0.000480469 -0.00570339 0.999984 -0.560956 0 0 0 1 
25528382210165;0.165591;0.112141;24;0.999856 -0.0102614 -0.0135158 -0.78753 0.0115446 0.995064 0.098566 0.220504 0.0124377 -0.0987079 0.995039 -5.45819 0 0 0 1 
25528382210166;1.12952;0.725366;25;0.972682 -0.00985632 -0.231931 -1.47614 0.0190427 0.999119 0.0374027 0.470113 0.231358 -0.0407975 0.972013 0.769475 0 0 0 1 
25528382210167;0.708722;0.174006;24;0.99457 -0.0280365 -0.100223 -2.41555 0.0218661 0.997828 -0.0621435 0.0296716 0.101748 0.0596146 0.993022 7.28997 0 0 0 1 
25528382210168;1.1418;0.203761;25;0.999721 0.0155228 0.0178156 0.701814 -0.0149502 0.999381 -0.0318356 -0.263074 -0.0182988 0.0315604 0.999334 4.21116 0 0 0 1 
25528382210169;0.757933;0.685655;25;0.994882 0.0189603 0.0992487 1.41669 -0.0160529 0.999421 -0.0300121 -0.693341 -0.0997603 0.0282653 0.99461 -0.939836 0 0 0 1 
25528382210170;0.338329;0.0732684;25;0.988827 0.0151024 0.148302 1.0482 0.0456384 0.916413 -0.397624 -4.89094 -0.141911 0.399949 0.905484 19.8224 0 0 0 1 
25528382210171;0.814741;0.660467;25;0.99449 0.0347305 -0.0989162 1.4304 -0.0306991 0.998646 0.04199 -0.56105 0.100241 -0.0387219 0.994209 1.2411 0 0 0 1 
25528382210172;0.85032;0.306345;25;0.991275 0.0490727 -0.122338 1.65695 -0.00375013 0.93824 0.345963 -1.5429 0.13176 -0.342486 0.930238 -15.0735 0 0 0 1 
25528382210173;0.630488;0.570921;24;0.999674 -0.00839854 -0.0241017 -0.59552 0.0101215 0.997333 0.0722818 0.418233 0.0234303 -0.0725022 0.997093 -4.63294 0 0 0 1 
25528382210174;0.36066;0.181955;25;0.961344 0.111078 -0.25195 4.51018 -0.0127197 0.931958 0.362343 -2.78688 0.275056 -0.345132 0.897345 -14.4033 0 0 0 1 
25528382210175;0.400793;0.297731;25;0.999515 0.024719 0.0189326 1.58793 -0.0225026 0.993736 -0.109463 -1.01636 -0.0215199 0.108984 0.99381 6.04269 0 0 0 1 
25528382210176;0.342834;0.168744;25;0.984102 0.0110123 0.177265 0.920692 -0.0413995 0.984806 0.168654 -1.07871 -0.172714 -0.173311 0.969605 -14.7333 0 0 0 1 
25528382210177;0.260067;0.113452;25;0.997032 -0.0446331 -0.0627354 -2.85682 0.0261464 0.962683 -0.269366 -2.38689 0.072417 0.266926 0.960992 17.0027 0 0 0 1 
25528382210178;0.926206;0.174485;25;0.999627 -0.0202708 0.0183096 -1.48241 0.0200729 0.999739 0.0109265 0.660106 -0.0185264 -0.0105549 0.999773 1.15947 0 0 0 1 
25528382210179;0.695785;0.242175;24;0.999886 0.0120234 -0.00916168 0.926682 -0.0133757 0.986085 -0.165704 -1.3817 0.00704187 0.165807 0.986133 8.09386 0 0 0 1 
25528382210180;0.109455;0.0903664;24;0.99923 0.0313023 0.0236661 1.87387 -0.0327883 0.99733 0.0652536 -0.563776 -0.0215603 -0.0659793 0.997588 -4.46511 0 0 0 1 
25528382210181;0.971587;0.587114;25;0.944664 0.0172741 0.327585 0.541187 0.00277127 0.998157 -0.0606261 0.0974833 -0.328028 0.0581791 0.942875 -6.29797 0 0 0 1 
25528382210182;0.540657;0.256088;25;0.998248 0.0204477 0.0555152 1.47445 -0.019727 0.999714 -0.0134999 -0.76296 -0.0557754 0.0123811 0.998367 -1.65839 0 0 0 1 
25528382210183;0.488607;0.290843;24;0.97001 0.0177848 0.242412 1.25691 -0.0154052 0.999813 -0.0117082 -0.0690229 -0.242575 0.00762265 0.970103 -4.6548 0 0 0 1 
25528382210184;0.107925;0.0612995;23;0.999854 0.0132645 -0.0107452 0.670572 -0.0131183 0.999822 0.0135662 -0.271959 0.0109232 -0.0134233 0.99985 -0.343171 0 0 0 1 
25528382210186;2.61464;0.427787;25;0.906731 0.0485121 -0.41891 0.380668 0.0404367 0.978782 0.200874 -0.185901 0.419766 -0.199078 0.88553 -5.45281 0 0 0 1 
25528382210187;2.55948;0.238547;25;0.999913 0.0129069 0.0026779 0.775855 -0.0128791 0.999866 -0.0101432 -0.364249 -0.00280846 0.0101078 0.999945 -2.01393 0 0 0 1 
25528382210188;2.1137;0.632892;26;0.993127 -0.00474332 -0.116947 -0.230462 -0.0100309 0.992053 -0.12542 -0.355883 0.116613 0.125731 0.985187 4.46799 0 0 0 1 
25528382210189;3.03095;1.56624;27;0.93148 -0.0367191 0.361933 -0.929312 0.0521253 0.998099 -0.032891 0.928552 -0.360038 0.0495032 0.931623 -0.699513 0 0 0 1 
25528382210190;2.58604;2.34574;25;0.943869 0.0630164 0.324254 2.72981 0.00397335 0.979397 -0.201905 -1.41504 -0.330296 0.19186 0.924172 4.40601 0 0 0 1 
25528382210191;2.29839;1.03841;25;0.994465 -0.0348121 0.0991375 -1.47712 -0.00382305 0.930907 0.365237 -1.01019 -0.105002 -0.363594 0.925621 -14.1106 0 0 0 1 
25528382210192;1.26077;1.0459;25;0.996625 0.050227 -0.0649243 2.01591 -0.0480816 0.998258 0.0341961 -0.666464 0.0665288 -0.030959 0.997304 -1.30108 0 0 0 1 
25528382210193;1.94741;1.23103;26;0.973379 -0.0566769 0.222082 -2.07212 0.0844307 0.989473 -0.117537 0.567278 -0.213083 0.133159 0.967918 0.84183 0 0 0 1 
25528382210194;0.500481;0.185771;25;0.991186 0.0643709 -0.115784 2.12935 -0.0131604 0.917531 0.397446 -2.34896 0.131819 -0.39242 0.910291 -14.305 0 0 0 1 
25528382210195;0.447325;0.0663801;25;0.99374 0.0151715 0.11068 0.656552 0.0144497 0.964957 -0.262009 -1.73011 -0.110776 0.261968 0.958698 8.89574 0 0 0 1 
25528382210196;0.672791;0.339765;24;0.998937 -0.0460341 -0.00234631 -2.11235 0.0460927 0.997984 0.0436232 0.845266 0.000333429 -0.0436849 0.999045 -1.5675 0 0 0 1 
25528382210197;1.68816;1.44342;24;0.999344 0.0334126 0.0139598 1.21223 -0.0338219 0.998972 0.0301942 -0.173995 -0.0129365 -0.0306465 0.999447 -1.3682 0 0 0 1 
25528382210198;0.0806703;0.103907;23;0.99855 -0.0538267 0.000510868 -2.18348 0.053829 0.998482 -0.0116919 0.6289 0.000119241 0.0117024 0.999932 0.398653 0 0 0 1 
25528382210199;2.04506;0.70096;26;0.983822 -0.0565816 0.169979 -2.05224 0.0577088 0.998332 -0.00169424 0.842425 -0.169599 0.0114761 0.985446 -3.50471 0 0 0 1 
25528382210200;1.86353;0.721079;25;0.98528 -0.102014 -0.137173 -5.18888 0.0530666 0.945303 -0.321848 -1.78519 0.162503 0.309831 0.936802 14.6357 0 0 0 1 
25528382210201;1.69978;1.54589;27;0.977453 -0.0457964 0.206125 -1.42898 0.0213143 0.99261 0.119463 0.655361 -0.210073 -0.112376 0.971206 -7.97467 0 0 0 1 
25528382210202;3.09717;0.284494;25;0.999477 -0.0215929 0.024086 -1.21654 0.0226992 0.998654 -0.0466457 -0.0759996 -0.0230463 0.0471681 0.998621 4.3177 0 0 0 1 
25528382210203;2.66545;0.373499;25;0.999693 0.0242672 -0.00500555 0.725011 -0.023858 0.997265 0.0699483 -0.0205606 0.00668931 -0.0698074 0.997538 -0.333562 0 0 0 1 
25528382210204;2.12678;1.61439;23;0.999906 -0.0127258 0.00514584 -0.592026 0.0127078 0.999913 0.00350955 0.840685 -0.00519005 -0.00344383 0.999981 -0.156819 0 0 0 1 
25528382210205;2.17534;0.457603;27;0.970514 0.0424839 -0.237272 1.41452 -0.0336859 0.998591 0.0410137 -0.679145 0.23868 -0.0318117 0.970577 -0.402675 0 0 0 1 
25528382210206;0.615844;0.293404;24;0.999649 0.000794376 0.0264622 0.131195 0.00131141 0.996837 -0.0794649 -0.28621 -0.0264416 0.0794717 0.996486 3.23622 0 0 0 1 
25528382210207;2.70191;2.35342;25;0.997852 -0.034705 0.0555633 -1.02646 0.0393189 0.995671 -0.0842225 0.131598 -0.0523999 0.0862263 0.994897 1.422 0 0 0 1 
25528382210208;0.254784;0.273852;24;0.99754 0.0498562 -0.0492824 1.80561 -0.0484214 0.99838 0.0298913 -0.797912 0.0506928 -0.0274314 0.998337 -0.504008 0 0 0 1 
25528382210209;0.401221;0.3693;24;0.999541 0.0287958 -0.00945249 1.08558 -0.0284229 0.998894 0.0374599 -0.258725 0.0105207 -0.037174 0.999253 -1.30302 0 0 0 1 
25528382210210;3.26762;2.84482;25;0.997991 0.0600166 0.0202869 2.47822 -0.0632846 0.929597 0.363103 -2.75275 0.00293354 -0.363657 0.931528 -15.7744 0 0 0 1 
25528382210211;2.11433;1.0724;25;0.9964 0.0717074 0.0452253 2.95607 -0.0785169 0.981739 0.173271 -1.13811 -0.0319746 -0.176199 0.983835 -5.76734 0 0 0 1 
25528382210212;0.939666;0.31297;24;0.981465 0.0210148 0.190488 1.0482 0.0141528 0.983308 -0.1814 -0.865996 -0.19112 0.180733 0.964784 4.01073 0 0 0 1 
25528382210213;1.20317;0.995536;26;0.99655 -0.00877314 0.0825244 -0.230994 0.000587367 0.995117 0.0986976 0.259416 -0.0829874 -0.0983087 0.99169 -4.75566 0 0 0 1 
25528382210214;2.77469;0.778954;24;0.985182 0.064498 0.158925 3.01671 -0.0289637 0.975854 -0.216493 -2.39945 -0.169051 0.208682 0.963262 8.31207 0 0 0 1 
25528382210215;2.52413;2.31549;27;0.999654 0.0013508 -0.0262538 0.00301295 0.0051969 0.968816 0.247728 -0.566422 0.0257697 -0.247778 0.968474 -10.0909 0 0 0 1 
25528382210217;1.06109;1.00659;25;0.971995 -0.017537 -0.234346 -1.85404 0.00839194 0.999166 -0.0399644 -0.132684 0.234851 0.0368786 0.971331 4.09884 0 0 0 1 
25528382210218;0.551084;0.49779;24;0.999602 0.0266272 0.00927518 2.46462 -0.0271444 0.997768 0.0610054 -0.402907 -0.00763008 -0.0612329 0.998094 -5.338 0 0 0 1 
25528382210219;0.422673;0.36273;25;0.974406 -0.0179051 0.224083 -1.69097 0.00818569 0.998988 0.0442283 0.0765002 -0.224648 -0.041262 0.973566 -4.60105 0 0 0 1 
25528382210220;1.03905;0.930754;24;0.96179 0.0660418 -0.265703 5.76042 -0.0284336 0.989318 0.142976 -1.13909 0.272307 -0.129958 0.953394 -10.9771 0 0 0 1 
25528382210221;1.31298;0.567902;24;0.997728 -0.00229056 -0.067334 -0.387981 -0.00709689 0.990289 -0.138846 -1.29362 0.0669981 0.139009 0.988022 14.2192 0 0 0 1 
25528382210222;1.56771;1.14365;25;0.986792 0.0360178 -0.15794 3.55765 -0.018156 0.993417 0.113109 -0.741113 0.160974 -0.108748 0.980949 -10.9316 0 0 0 1 
25528382210223;0.395381;0.285051;24;0.998197 -0.00505475 -0.0598041 -0.635312 0.00820306 0.998586 0.052516 0.0292714 0.0594541 -0.0529119 0.996828 -4.26215 0 0 0 1 
25528382210224;1.45898;1.09272;24;0.994744 -0.0137628 -0.101467 -1.74277 0.0156401 0.99972 0.017729 0.0752424 0.101195 -0.0192228 0.994681 -0.256687 0 0 0 1 
25528382210225;0.647882;0.265285;25;0.955654 0.0302788 -0.292931 1.87598 0.015067 0.98837 0.151317 -0.775879 0.294106 -0.14902 0.944084 -11.648 0 0 0 1 
25528382210226;0.247807;0.229824;24;0.994186 0.0215486 -0.105501 1.91758 -0.0195108 0.999603 0.0203103 -0.239577 0.105897 -0.0181338 0.994212 -1.27671 0 0 0 1 
25528382210227;1.67052;0.369268;24;0.999859 0.00193364 0.0167 0.000392047 -0.00194184 0.999998 0.000474343 -0.0788297 -0.016699 -0.000506705 0.99986 2.15402 0 0 0 1 
25528382210228;0.941077;0.332938;26;0.999781 0.0102264 -0.0182441 1.26964 -0.0113983 0.997798 -0.0653319 -0.280052 0.0175359 0.0655256 0.997697 4.46264 0 0 0 1 
25528382210229;1.84373;1.73062;24;0.999302 -0.0250691 -0.0277023 -2.46947 0.0231896 0.997537 -0.0662015 -0.0701559 0.0292936 0.0655129 0.997422 6.08977 0 0 0 1 
25528382210230;0.815476;0.64158;24;0.999857 -0.0144907 -0.00873893 -1.52028 0.0144406 0.999879 -0.00576867 0.0982378 0.00882147 0.00564165 0.999945 0.870802 0 0 0 1 
25528382210231;0.945073;0.500301;24;0.999891 0.0106419 -0.0101859 0.842629 -0.0107539 0.999882 -0.010999 -0.181049 0.0100677 0.0111073 0.999888 2.08502 0 0 0 1 
25528382210232;0.385786;0.242274;24;0.994693 0.00940136 0.102455 0.75356 -0.01855 0.995885 0.0887112 -0.350316 -0.101199 -0.0901409 0.990774 -8.95769 0 0 0 1 
25528382210233;0.215723;0.179828;24;0.999585 0.0250345 0.0142396 2.09987 -0.0283446 0.942757 0.332273 -5.03225 -0.00510614 -0.332539 0.943076 -29.959 0 0 0 1 
25528382210234;1.80049;1.31696;25;0.999562 -0.0284048 0.00824549 -2.24441 0.0289081 0.997183 -0.0692123 0.11684 -0.00625631 0.0694204 0.997568 4.13596 0 0 0 1 
25528382210235;1.841;1.90969;25;0.981198 0.00247221 0.192987 0.320804 -0.0413072 0.979438 0.197469 -1.76088 -0.188531 -0.201728 0.961125 -18.353 0 0 0 1 
25528382210236;0.783834;0.558333;24;0.992284 0.0127932 0.123326 1.29898 -0.0184833 0.998811 0.0451059 -0.182864 -0.122602 -0.0470373 0.991341 -4.03381 0 0 0 1 
25528382210237;0.646121;0.461921;25;0.995641 -0.00781321 -0.0929414 -0.654388 0.00756195 0.999967 -0.00305523 0.0802943 0.0929622 0.00233909 0.995667 -0.139177 0 0 0 1 
25528382210238;0.978297;0.757688;24;0.994413 -0.0172363 0.104142 -1.57421 0.0294737 0.992678 -0.117138 -0.669677 -0.101361 0.119553 0.98764 10.8827 0 0 0 1 
25528382210239;1.51578;0.116265;24;0.995619 -0.00126905 0.0934917 -0.491529 0.00697179 0.998132 -0.0606959 -0.26183 -0.09324 0.0610818 0.993768 7.16037 0 0 0 1 
25528382210240;0.466545;0.388248;25;0.999955 0.00815191 -0.0048715 0.553392 -0.00703936 0.980587 0.195958 -1.52278 0.00637436 -0.195915 0.9806 -17.5067 0 0 0 1 
25528382210241;1.93577;1.79442;24;0.989388 0.00163025 0.145287 0.292793 -0.0225709 0.989523 0.142602 -0.829354 -0.143532 -0.144368 0.979059 -13.5149 0 0 0 1 
25528382210242;0.86252;0.515611;24;0.996208 -0.0349978 0.0796565 -3.33816 0.0502195 0.978922 -0.197962 -1.88528 -0.0710493 0.201211 0.976968 18.5259 0 0 0 1 
25528382210243;0.905546;0.239072;24;0.970102 -0.00705934 0.242597 -0.536117 -0.00563359 0.998653 0.0515876 -0.0149089 -0.242634 -0.0514119 0.968755 -4.58193 0 0 0 1 
25528382210244;0.219604;0.198404;24;0.999811 0.00811903 -0.0176645 0.690301 -0.00846415 0.999773 -0.0195512 -0.146256 0.0175018 0.0196971 0.999653 1.66785 0 0 0 1 
25528382210245;0.165948;0.135295;24;0.98027 -0.0200342 0.196645 -1.90494 0.0161357 0.999641 0.0214073 0.108762 -0.197003 -0.0178119 0.980241 -2.81503 0 0 0 1 
25528382210246;1.5805;1.31335;24;0.998538 -0.0046004 0.0538506 -0.658318 0.00359908 0.999819 0.0186766 0.032739 -0.0539268 -0.0184555 0.998374 -0.918288 0 0 0 1 
25528382210248;1.80404;1.43977;26;0.99724 0.0152342 0.0726713 0.983365 -0.00361693 0.987531 -0.157384 -0.444887 -0.0741627 0.156686 0.98486 8.1724 0 0 0 1 
25528382210249;2.65063;0.624831;25;0.99927 -0.0199891 0.0325657 -0.87448 0.01965 0.99975 0.0106997 0.0916905 -0.0327714 -0.0100519 0.999412 -3.47954 0 0 0 1 
25528382210250;0.988386;0.236641;26;0.988128 -0.0494571 -0.145458 -3.2973 0.040222 0.997024 -0.0657609 -0.138293 0.148277 0.0591295 0.987177 3.81005 0 0 0 1 
25528382210251;1.96971;0.337812;25;0.999387 0.0109653 -0.0332591 0.664931 -0.00998287 0.999513 0.0295628 0.949651 0.0335671 -0.0292126 0.999009 -3.77064 0 0 0 1 
25528382210252;1.48555;0.946266;24;0.998566 0.053529 -0.000590864 3.32979 -0.0535292 0.998566 -0.000384873 -0.577794 0.000569415 0.000415949 1 0.394097 0 0 0 1 
25528382210253;1.51489;0.376451;25;0.998741 0.0334155 0.0374174 2.00591 -0.0318811 0.998655 -0.0408794 0.139694 -0.0387331 0.039635 0.998463 0.547269 0 0 0 1 
25528382210254;2.5409;1.7324;26;0.999366 -0.000611727 0.035599 -0.0234382 -0.0044954 0.989683 0.143205 0.50607 -0.0353193 -0.143275 0.989053 -9.84021 0 0 0 1 
25528382210255;0.438009;0.206546;25;0.995143 0.0245231 -0.0953314 1.11438 -0.0330787 0.995462 -0.0892279 -0.396916 0.0927106 0.091948 0.991439 5.19164 0 0 0 1 
25528382210256;0.895108;0.379049;25;0.960518 -0.00372742 0.278192 0.542785 0.0807931 0.960558 -0.266085 -3.26893 -0.266228 0.278056 0.922934 16.534 0 0 0 1 
