#;prob_registration_l1 -r /home/probabilistic_point_clouds_registration/build/tester /home/point_clouds_registration_benchmark//devel/registration_pairs/stairs_local.txt /home/point_clouds_registration_benchmark//eth/stairs -s 0.2 -t 0.2 -p 0.3 -r 1000 -m 10 -n 20 -i 200 
id;initial_error;final_error;transformation
5494384560000;0.832403;0.0441453;36;0.993735 0.111118 -0.0120049 0.804741 -0.110637 0.993236 0.0352414 0.471347 0.0158397 -0.0336924 0.999307 0.369949 0 0 0 1 
5494384560001;0.315086;0.0409315;36;0.909677 0.255749 -0.32723 1.56143 -0.219004 0.964849 0.145268 1.31446 0.35288 -0.0604822 0.933712 -2.37321 0 0 0 1 
5494384560002;0.630491;0.0530637;29;0.999097 -0.0321671 -0.0277506 0.739863 0.0324391 0.999429 0.00940681 -0.32964 0.0274321 -0.0102985 0.999571 0.066803 0 0 0 1 
5494384560003;0.317466;0.0562845;34;0.968815 -0.0619653 -0.23991 0.935556 0.134826 0.944175 0.300592 -1.82106 0.207891 -0.323565 0.923086 -1.41172 0 0 0 1 
5494384560004;0.657978;0.0578482;28;0.99856 0.0514577 0.0151776 -0.160491 -0.0528949 0.991575 0.118238 0.602237 -0.00896549 -0.11887 0.992869 0.553298 0 0 0 1 
5494384560005;0.751618;0.0569652;29;0.994902 -0.0834681 -0.0566026 -0.407658 0.0907293 0.985846 0.140984 -1.51878 0.0440337 -0.145401 0.988392 -0.458626 0 0 0 1 
5494384560006;0.696898;0.0702529;46;0.925734 0.319691 -0.202023 1.36417 -0.335934 0.9405 -0.051063 2.24556 0.173678 0.115137 0.978049 -0.70067 0 0 0 1 
5494384560007;0.399045;0.0356521;38;0.929249 -0.366653 -0.0454111 0.808157 0.368557 0.928526 0.04478 -3.05925 0.0257467 -0.0583483 0.997964 -0.187815 0 0 0 1 
5494384560008;0.231215;0.0486248;33;0.972684 -0.204893 -0.109106 0.42269 0.192402 0.974567 -0.114895 -1.15188 0.129872 0.0907643 0.987368 -0.825383 0 0 0 1 
5494384560009;0.454804;0.0542512;28;0.988733 -0.0133347 -0.149095 0.69416 0.0268247 0.995685 0.0888378 -0.6857 0.147267 -0.0918363 0.984824 -0.716858 0 0 0 1 
5494384560010;0.83506;0.0554414;28;0.999974 0.00120341 -0.00717933 0.00508545 -0.00100337 0.999613 0.027802 0.0953388 0.00721 -0.027794 0.999588 0.833732 0 0 0 1 
5494384560011;0.300381;0.0477902;32;0.996137 0.064297 0.0598146 -0.22007 -0.042902 0.95062 -0.307379 1.06832 -0.0766245 0.303625 0.949706 0.655615 0 0 0 1 
5494384560012;0.513405;0.0596408;34;0.940516 0.0661551 -0.333246 1.17541 -0.129708 0.976481 -0.172224 1.35153 0.314015 0.205204 0.926977 -1.6992 0 0 0 1 
5494384560013;0.592232;0.049058;30;0.993367 0.0062489 -0.114818 0.465798 -0.00852316 0.999777 -0.0193272 0.775427 0.114672 0.0201776 0.993198 -0.813869 0 0 0 1 
5494384560014;0.784839;0.0584059;40;0.945349 0.214704 0.245391 0.514257 -0.257952 0.952802 0.160089 1.36548 -0.199437 -0.214639 0.956114 1.98896 0 0 0 1 
5494384560015;1.02961;0.069068;41;0.938758 0.328016 -0.10554 0.363857 -0.344523 0.898925 -0.270623 3.90552 0.00610341 0.290411 0.956883 0.733749 0 0 0 1 
5494384560016;0.692498;0.0572038;35;0.989724 0.132122 -0.0546847 0.183225 -0.142819 0.894621 -0.423386 2.65767 -0.00701631 0.426845 0.904297 -0.0957139 0 0 0 1 
5494384560017;0.125802;0.0618831;23;0.999947 0.000437001 -0.010269 0.0869031 -0.000290511 0.999898 0.0142623 -0.0850043 0.0102742 -0.0142586 0.999846 0.0322797 0 0 0 1 
5494384560018;0.697368;0.0646517;34;0.997388 0.0448703 -0.0565982 0.741209 -0.0570216 0.970144 -0.235732 1.17667 0.044331 0.238344 0.970169 0.256295 0 0 0 1 
5494384560019;0.372102;0.0510065;37;0.950424 0.297621 0.0900861 0.195633 -0.306616 0.945203 0.11215 2.04674 -0.0517713 -0.134212 0.989599 0.114106 0 0 0 1 
5494384560020;0.725979;0.0584463;33;0.941224 0.328783 0.0774548 0.210209 -0.336668 0.894499 0.294154 2.2161 0.0274295 -0.302941 0.952614 0.432659 0 0 0 1 
5494384560021;0.810082;0.0458657;29;0.995263 0.0890647 -0.0389649 -0.168308 -0.0886924 0.995996 0.0111831 0.685164 0.0398049 -0.00767423 0.999178 0.499978 0 0 0 1 
5494384560022;1.01164;0.0423559;33;0.881723 -0.312296 -0.353604 1.60591 0.343042 0.938957 0.0261159 -3.60193 0.323863 -0.144328 0.935031 -1.97981 0 0 0 1 
5494384560023;0.527542;0.0476778;28;0.97769 0.104843 -0.182017 0.876329 -0.0992362 0.994273 0.0396703 0.55597 0.185134 -0.0207225 0.982495 -1.85313 0 0 0 1 
5494384560024;0.419936;0.0617818;40;0.937325 0.336084 -0.0920337 1.02119 -0.336953 0.9415 0.00639286 2.55251 0.0887982 0.0250189 0.995735 -0.883552 0 0 0 1 
5494384560025;0.495752;0.0544066;39;0.93498 0.313116 -0.166644 1.00388 -0.308306 0.949715 0.0546706 2.27696 0.175383 0.00026155 0.9845 -0.865956 0 0 0 1 
5494384560026;0.350666;0.0633379;32;0.975427 0.0907373 0.200771 -0.23147 -0.0319692 0.959903 -0.278503 0.924384 -0.217991 0.265241 0.939216 2.06507 0 0 0 1 
5494384560027;0.90423;0.0308084;33;0.991434 0.0685205 -0.111188 1.30711 -0.0500337 0.985641 0.161271 0.17007 0.120642 -0.154326 0.980627 -0.703263 0 0 0 1 
5494384560028;0.914969;0.0394343;31;0.995247 -0.0969685 -0.00896041 -0.877292 0.0971681 0.994942 0.0254858 -0.690609 0.00644377 -0.0262354 0.999635 -0.267816 0 0 0 1 
5494384560029;0.844853;0.0560891;31;0.9994 0.0307265 0.0159797 0.0145411 -0.0307197 0.999528 -0.000671173 -0.409965 -0.0159928 0.00017988 0.999872 -0.508317 0 0 0 1 
5494384560031;0.314572;0.0595108;39;0.915215 -0.357589 -0.185773 0.522266 0.36432 0.931271 0.00225882 -1.42995 0.172198 -0.0697483 0.98259 -0.690216 0 0 0 1 
5494384560032;0.143255;0.0652787;28;0.995753 0.0665084 0.0636633 0.038916 -0.0619842 0.995578 -0.0705811 0.25566 -0.068076 0.0663352 0.995472 0.267027 0 0 0 1 
5494384560033;0.256973;0.0514721;27;0.999616 0.0118077 0.0250708 0.196227 -0.00879362 0.993081 -0.117098 0.2451 -0.02628 0.116833 0.992804 0.203826 0 0 0 1 
5494384560034;0.872658;0.0635078;33;0.96884 -0.221847 0.110149 0.0576164 0.200724 0.963781 0.175602 -1.78002 -0.145116 -0.148021 0.97828 -0.0295455 0 0 0 1 
5494384560035;0.383527;0.0559897;28;0.996462 -0.0710273 0.0449224 0.0598102 0.068327 0.995915 0.0590316 0.0490903 -0.0489318 -0.0557534 0.997245 0.266895 0 0 0 1 
5494384560036;0.699819;0.0500519;38;0.95585 0.250022 -0.154404 0.564605 -0.286607 0.909197 -0.302022 0.898734 0.0648712 0.332941 0.940714 0.452802 0 0 0 1 
5494384560037;0.785083;0.0699666;38;0.969563 -0.087141 0.228811 -0.344301 0.153982 0.943594 -0.293122 -0.168392 -0.190362 0.319433 0.928291 0.159036 0 0 0 1 
5494384560038;1.00964;0.0577212;37;0.901735 -0.430486 0.0394509 -0.840139 0.430834 0.902431 -0.000346106 -1.33313 -0.0354527 0.0173089 0.999221 -0.190832 0 0 0 1 
5494384560039;0.16472;0.0527794;38;0.981361 -0.0788417 -0.175256 0.238812 0.0808164 0.99672 0.00414816 -0.277502 0.174354 -0.0182344 0.984514 -0.703463 0 0 0 1 
5494384560040;0.656318;0.0559515;35;0.913667 0.334061 0.23155 0.580036 -0.326998 0.942472 -0.0694246 0.792619 -0.241421 -0.0122853 0.970343 1.14414 0 0 0 1 
5494384560041;0.496934;0.0486997;36;0.880856 -0.302816 0.363861 -0.15167 0.307212 0.950465 0.0472877 -1.12568 -0.360157 0.0701289 0.930252 1.89301 0 0 0 1 
5494384560042;0.516103;0.0504322;51;0.962901 -0.00596113 -0.269787 0.431809 0.0497009 0.986571 0.155589 -0.571749 0.265237 -0.163226 0.950267 -1.48071 0 0 0 1 
5494384560043;0.0787389;0.0678611;24;0.99995 -0.00440168 0.00895463 -0.0274662 0.00409121 0.9994 0.0343993 -0.189633 -0.00910067 -0.034361 0.999368 0.107727 0 0 0 1 
5494384560044;0.670233;0.0563719;29;0.999071 0.0411578 0.0128099 0.226036 -0.0416124 0.998429 0.0375142 0.237526 -0.0112458 -0.0380124 0.999214 0.810176 0 0 0 1 
5494384560045;0.454928;0.0425065;35;0.913534 -0.267136 0.306749 -0.449991 0.174765 0.938736 0.297039 -1.14962 -0.367306 -0.217746 0.904253 1.47052 0 0 0 1 
5494384560046;0.663952;0.0597632;36;0.977667 0.143674 -0.153381 0.418117 -0.143096 0.989597 0.0148608 1.2176 0.153921 0.00741932 0.988055 -0.648032 0 0 0 1 
5494384560047;0.60701;0.0752698;45;0.982756 0.00721853 -0.184764 -0.125133 -0.0426805 0.98111 -0.188686 0.752211 0.179912 0.193318 0.9645 -0.832755 0 0 0 1 
5494384560048;0.280379;0.075911;27;0.999734 -0.00878351 0.0213257 -0.0685342 0.00876382 0.999961 0.00101629 -0.169062 -0.0213338 -0.000829127 0.999772 0.466788 0 0 0 1 
5494384560049;0.480826;0.057981;34;0.923695 0.339998 0.176602 0.598177 -0.337227 0.940278 -0.0464184 1.40251 -0.181838 -0.0166786 0.983187 0.710124 0 0 0 1 
5494384560050;0.519994;0.0621687;34;0.9754 0.208951 0.0702502 -0.187778 -0.202577 0.97529 -0.0881633 0.344023 -0.086936 0.0717634 0.993626 0.441706 0 0 0 1 
5494384560051;0.245903;0.0811464;25;0.999862 -0.0112178 0.0122437 0.0221679 0.0105145 0.998371 0.056071 -0.329471 -0.0128527 -0.0559345 0.998352 -0.118087 0 0 0 1 
5494384560052;0.581213;0.0528129;31;0.949664 0.153472 0.273104 -0.392429 -0.181641 0.980032 0.0808884 0.0816923 -0.255236 -0.126424 0.958578 0.780902 0 0 0 1 
5494384560053;0.543864;0.0575569;31;0.961592 -0.218007 0.166772 -0.444717 0.197823 0.971644 0.129515 -1.30718 -0.190278 -0.0915491 0.977452 0.386215 0 0 0 1 
5494384560054;0.812423;0.0568861;45;0.974235 -0.0294588 -0.223605 0.324679 0.0351999 0.999144 0.0217322 -0.372014 0.222773 -0.0290431 0.974438 -1.67206 0 0 0 1 
5494384560055;0.804846;0.085535;36;0.920416 0.0121281 0.390751 0.495349 -0.0565189 0.993146 0.102305 0.570687 -0.386832 -0.116248 0.914793 1.63119 0 0 0 1 
5494384560056;0.404608;0.0336657;31;0.981789 0.160697 0.101321 -0.163491 -0.158596 0.986932 -0.0285187 0.223707 -0.10458 0.0119303 0.994445 0.335722 0 0 0 1 
5494384560057;0.241612;0.0736627;35;0.970802 0.212468 -0.111358 0.380155 -0.201037 0.973883 0.105528 0.511211 0.130871 -0.0800602 0.988162 -0.390846 0 0 0 1 
5494384560058;0.361634;0.0577926;28;0.990576 -0.118435 0.0687999 0.136717 0.127025 0.98225 -0.138018 -0.0761438 -0.0512326 0.145457 0.988037 0.320278 0 0 0 1 
5494384560059;0.672349;0.0518374;36;0.999445 -0.0176063 0.0282737 -0.0164009 0.0172371 0.999764 0.0132491 -0.122013 -0.0285002 -0.0127544 0.999512 -0.63482 0 0 0 1 
5494384560060;0.435775;0.0568826;37;0.956201 -0.271039 -0.110533 -0.0546639 0.292243 0.905346 0.308128 -1.65392 0.0165557 -0.326934 0.944902 -0.24847 0 0 0 1 
5494384560062;0.821662;0.0592003;41;0.963403 -0.202339 -0.175825 0.391351 0.198877 0.979315 -0.0372777 -1.63402 0.179731 0.000945722 0.983715 -1.35112 0 0 0 1 
5494384560063;1.2461;0.0423506;38;0.941101 0.0998758 -0.323039 1.78262 -0.106148 0.994349 -0.00180893 0.744746 0.321032 0.0359922 0.946384 -2.48466 0 0 0 1 
5494384560064;0.351118;0.065949;58;0.915539 -0.402192 0.00556121 0.252331 0.402201 0.915551 -0.000625362 -2.58001 -0.00484006 0.00280927 0.999984 0.0536779 0 0 0 1 
5494384560065;1.02628;0.0442302;36;0.996704 0.0807222 0.00804325 -0.0612821 -0.0802359 0.995574 -0.0489297 0.364775 -0.0119574 0.0481231 0.99877 0.870968 0 0 0 1 
5494384560066;0.385602;0.0619368;58;0.895766 0.437721 -0.0774879 1.06743 -0.439606 0.898152 -0.00830934 2.67986 0.0659588 0.0415074 0.996959 -0.301533 0 0 0 1 
5494384560067;1.09812;0.0374501;38;0.978225 -0.137995 0.155023 -0.380271 0.160971 0.975949 -0.147009 -0.990261 -0.131008 0.168762 0.976912 0.190272 0 0 0 1 
5494384560068;0.284277;0.049073;33;0.987563 0.145356 -0.0599208 0.291112 -0.122704 0.950855 0.284286 0.030237 0.0982987 -0.273398 0.956865 -0.610523 0 0 0 1 
5494384560069;0.305684;0.0380389;36;0.987711 0.152893 -0.0324078 0.412141 -0.152897 0.988239 0.00239144 0.952754 0.0323923 0.002593 0.999472 -0.117032 0 0 0 1 
5494384560070;1.06788;0.0541115;33;0.998771 0.0493185 -0.00496048 0.781061 -0.0481502 0.989104 0.139122 -0.0287779 0.0117677 -0.138712 0.990263 -0.388093 0 0 0 1 
5494384560071;0.199717;0.0439916;25;0.999951 -0.00982042 0.0012331 -0.0115572 0.00982413 0.999947 -0.00303858 -0.118888 -0.00120319 0.00305055 0.999995 0.181717 0 0 0 1 
5494384560072;1.02349;0.0437477;38;0.96305 -0.0216355 -0.268451 1.09855 -0.0616172 0.95263 -0.297824 1.74004 0.262178 0.303361 0.916098 -1.30584 0 0 0 1 
5494384560073;0.123206;0.0555972;36;0.992835 -0.119339 0.00604454 -0.0510446 0.119144 0.992535 0.0260532 -0.844255 -0.00910858 -0.0251464 0.999642 0.11302 0 0 0 1 
5494384560074;0.700296;0.0495509;62;0.933031 0.358597 0.0293501 0.155831 -0.358191 0.933469 -0.0182889 2.46345 -0.0339557 0.00655123 0.999402 -0.030709 0 0 0 1 
5494384560075;0.186882;0.0677963;24;0.999877 0.0145641 0.00585951 0.0283703 -0.01438 0.999437 -0.0303258 0.167216 -0.00629788 0.0302378 0.999523 -0.033176 0 0 0 1 
5494384560076;1.00141;0.0551125;38;0.992059 -0.101252 0.0746167 -0.282901 0.0957619 0.992664 0.0738133 -0.613445 -0.081543 -0.0660817 0.994477 1.27169 0 0 0 1 
5494384560077;0.605922;0.045878;62;0.88781 -0.340511 -0.309588 1.43702 0.365873 0.930302 0.0259947 -2.36586 0.279159 -0.136348 0.950515 -1.93788 0 0 0 1 
5494384560078;0.686652;0.0611769;56;0.915504 -0.399733 0.0454616 0.114345 0.396641 0.877921 -0.268197 -1.86468 0.0672954 0.263567 0.962291 0.216232 0 0 0 1 
5494384560079;0.330281;0.0526372;56;0.925247 0.378553 -0.0248164 0.649519 -0.372715 0.919274 0.126569 1.98226 0.0707263 -0.107859 0.991647 -0.42917 0 0 0 1 
5494384560080;0.779401;0.0440485;47;0.912877 0.398961 -0.0865216 1.31203 -0.387547 0.913541 0.123491 2.34875 0.128309 -0.0792012 0.988567 -0.658687 0 0 0 1 
5494384560081;0.603531;0.0592817;40;0.978523 0.201146 -0.0450821 0.49257 -0.205504 0.96902 -0.136996 1.80028 0.0161294 0.143318 0.989545 0.328205 0 0 0 1 
5494384560082;0.617118;0.0384801;63;0.888903 -0.280067 -0.362511 1.465 0.332697 0.938671 0.0906028 -2.09324 0.314904 -0.201143 0.927565 -2.12354 0 0 0 1 
5494384560083;0.290683;0.051185;52;0.943153 0.313463 0.110465 0.182936 -0.299267 0.945545 -0.127997 2.15984 -0.144572 0.0876624 0.985603 0.949583 0 0 0 1 
5494384560084;0.175327;0.0546412;35;0.985928 -0.118418 -0.117998 0.323263 0.10179 0.985164 -0.138167 -0.280907 0.132609 0.124212 0.983355 -0.727343 0 0 0 1 
5494384560085;0.943472;0.0439868;38;0.991929 -0.122313 -0.0333977 0.0686291 0.105437 0.942039 -0.318505 -0.251801 0.0704193 0.312413 0.947333 0.451402 0 0 0 1 
5494384560086;0.821732;0.0438627;29;0.992559 -0.0273759 0.118647 -0.475825 0.0166998 0.995796 0.0900593 -0.57901 -0.120614 -0.0874078 0.988844 1.28454 0 0 0 1 
5494384560087;0.12902;0.0554147;26;0.999173 0.00852827 -0.0397489 0.0249322 -0.00873702 0.999949 -0.00508096 0.0764486 0.0397035 0.00542404 0.999197 -0.137064 0 0 0 1 
5494384560088;1.25698;0.0437994;57;0.876265 0.158994 -0.454841 1.65666 -0.144857 0.987247 0.0660292 -0.150314 0.459539 0.00802804 0.888121 -2.46534 0 0 0 1 
5494384560089;1.3654;1.0387;31;0.968424 0.239232 0.0701631 0.348006 -0.239588 0.970869 -0.00341989 1.78394 -0.0689373 -0.0134983 0.99753 -0.214496 0 0 0 1 
5494384560090;0.736364;0.0644435;49;0.955554 -0.294715 -0.00773693 0.542776 0.26966 0.884323 -0.381126 -0.561975 0.119165 0.3621 0.924491 -0.26249 0 0 0 1 
5494384560091;0.484121;0.0608307;48;0.938305 -0.15919 -0.306989 1.16533 0.220736 0.959075 0.177345 -1.85892 0.266194 -0.234168 0.935044 -1.26228 0 0 0 1 
5494384560093;0.0553842;0.214033;24;0.996828 0.0323054 -0.0727277 0.121294 -0.031953 0.999471 0.00600383 0.240549 0.0728832 -0.00366092 0.997334 -0.330849 0 0 0 1 
5494384560094;0.672056;0.428776;27;0.902185 0.00255763 -0.431341 1.71072 0.0710159 0.985456 0.154379 -0.930348 0.425463 -0.16991 0.888882 -2.25299 0 0 0 1 
5494384560095;0.854827;0.20964;29;0.905318 0.420236 -0.0616531 1.11744 -0.421858 0.906528 -0.0155648 2.42933 0.0493494 0.0400999 0.997976 0.255882 0 0 0 1 
5494384560096;0.268636;0.253969;28;0.950718 -0.287688 -0.115629 0.352869 0.277431 0.955831 -0.0970538 -1.7541 0.138443 0.0601917 0.98854 -0.877509 0 0 0 1 
5494384560097;0.745786;0.222269;26;0.998044 0.00520282 -0.0622984 -0.182278 -0.00524121 0.999986 -0.000452899 -0.426861 0.0622952 0.000778532 0.998057 -0.014806 0 0 0 1 
5494384560098;0.365154;0.363598;29;0.925791 -0.324165 -0.194495 0.680427 0.342507 0.937006 0.0686163 -2.61682 0.16 -0.13014 0.978501 -1.04679 0 0 0 1 
5494384560099;0.345567;0.30327;24;0.998366 -0.0364511 0.0440054 -0.526464 0.0392863 0.997087 -0.0653826 0.0670498 -0.0414939 0.0670046 0.996889 0.376918 0 0 0 1 
5494384560100;0.37298;0.201263;28;0.933919 -0.233666 -0.270546 0.741653 0.234687 0.971637 -0.0290534 -1.45722 0.269661 -0.0363601 0.962268 -1.46797 0 0 0 1 
5494384560101;0.595346;0.25148;31;0.908932 0.391417 0.143651 0.174856 -0.412369 0.894821 0.171019 2.49824 -0.0616021 -0.214681 0.974739 0.89556 0 0 0 1 
5494384560102;0.240088;0.253106;26;0.970156 -0.233453 0.0655544 -0.127541 0.241843 0.951178 -0.191758 -1.22947 -0.0175874 0.201889 0.97925 0.436128 0 0 0 1 
5494384560103;0.65911;0.26271;24;0.99906 0.0213014 -0.0377628 -0.0499604 -0.02201 0.999588 -0.0184475 0.0659676 0.0373543 0.0192613 0.999116 -0.628215 0 0 0 1 
5494384560104;0.317417;0.350467;27;0.991796 -0.0679664 -0.108261 0.0342374 0.102792 0.927503 0.359406 -1.71818 0.0759849 -0.367586 0.92688 -0.345345 0 0 0 1 
5494384560105;0.561217;0.201608;28;0.944395 0.103471 -0.312107 0.879094 -0.140081 0.985358 -0.0971955 1.22251 0.29748 0.135511 0.945062 -1.31727 0 0 0 1 
5494384560106;0.669368;0.415417;29;0.981273 -0.0395646 0.188515 -0.384521 0.0493408 0.997654 -0.0474501 -0.558045 -0.186195 0.0558629 0.980923 1.72738 0 0 0 1 
5494384560107;0.196586;0.325626;26;0.981147 0.167982 -0.0955673 0.211796 -0.163321 0.985054 0.0547225 1.01255 0.103331 -0.0380826 0.993918 -0.681234 0 0 0 1 
5494384560108;0.588165;0.212524;28;0.963428 0.239195 -0.120793 0.552026 -0.158876 0.872889 0.461328 -0.245958 0.215787 -0.425265 0.878968 -1.5126 0 0 0 1 
5494384560109;0.964218;0.23854;30;0.986101 0.141095 0.0877371 -0.117551 -0.146817 0.987182 0.0625764 1.01582 -0.0777833 -0.074588 0.994176 1.39339 0 0 0 1 
5494384560110;0.522946;0.427372;29;0.945529 -0.308954 -0.102576 -0.078883 0.302159 0.950173 -0.0766178 -2.0541 0.121136 0.0414502 0.99177 -0.731291 0 0 0 1 
5494384560111;0.382633;0.236405;23;0.998446 -0.0175546 0.0528991 -0.38142 0.0226917 0.994915 -0.0981307 0.0927462 -0.0509075 0.0991785 0.993767 0.32739 0 0 0 1 
5494384560112;1.20633;0.352542;28;0.970247 -0.228427 -0.0802604 -0.450322 0.2273 0.973552 -0.0230354 -1.11156 0.0833996 0.00410687 0.996508 0.227927 0 0 0 1 
5494384560113;0.493118;0.236022;26;0.983702 0.158084 -0.085676 0.370626 -0.16375 0.984444 -0.0636858 1.24731 0.0742755 0.0766773 0.994286 -0.661199 0 0 0 1 
5494384560114;0.011633;0.238983;24;0.997299 0.0316445 -0.066287 0.0973478 -0.033934 0.998856 -0.0337026 0.329177 0.0651447 0.035861 0.997231 -0.248808 0 0 0 1 
5494384560115;0.837027;0.265819;28;0.941847 -0.0492104 -0.33242 0.631611 0.118277 0.974466 0.190858 -1.74999 0.314539 -0.219076 0.923618 -1.62502 0 0 0 1 
5494384560116;0.753813;0.308051;27;0.994297 -0.0497633 -0.0943231 -0.478599 0.0533405 0.997935 0.035789 -0.491643 0.0923474 -0.0406162 0.994898 -0.722951 0 0 0 1 
5494384560117;0.39392;0.242231;28;0.950984 0.308185 -0.0255187 0.523796 -0.308371 0.951259 -0.00363291 2.13798 0.0231553 0.0113241 0.999668 0.265988 0 0 0 1 
5494384560118;0.486867;0.263516;26;0.992684 0.111918 -0.0453121 0.245388 -0.120558 0.939486 -0.320673 1.48471 0.00668108 0.32379 0.946105 0.0519411 0 0 0 1 
5494384560119;0.307339;0.215368;28;0.947428 0.317985 -0.0355915 0.422808 -0.298749 0.918936 0.257499 1.34342 0.114587 -0.233328 0.965623 -0.647653 0 0 0 1 
5494384560120;1.07013;0.266428;27;0.956898 -0.246241 -0.153988 0.495932 0.216097 0.957915 -0.188946 -0.857511 0.194034 0.147525 0.969839 -1.87851 0 0 0 1 
5494384560121;0.937742;0.199286;30;0.874305 0.417446 -0.247649 1.19964 -0.424546 0.905013 0.0266958 2.12078 0.235269 0.081798 0.968482 -1.47192 0 0 0 1 
5494384560122;0.448809;0.238293;30;0.911576 0.38763 0.137013 0.164133 -0.390679 0.920513 -0.00500018 2.7711 -0.128061 -0.0489701 0.990557 1.11622 0 0 0 1 
5494384560124;0.180601;0.125942;27;0.991344 -0.0998305 0.0852731 -0.301984 0.0864739 0.985189 0.148072 -0.49544 -0.0987922 -0.139416 0.985293 0.324222 0 0 0 1 
5494384560125;0.336264;0.116239;34;0.942539 -0.174728 0.284764 -0.548879 0.204315 0.975832 -0.0775014 -0.70772 -0.264341 0.13123 0.955459 1.08486 0 0 0 1 
5494384560126;0.158937;0.125305;27;0.989854 0.129142 0.059259 -0.229829 -0.128902 0.991626 -0.00787199 0.604823 -0.0597793 0.000153534 0.998212 0.206454 0 0 0 1 
5494384560127;0.459182;0.158088;27;0.988531 -0.123019 -0.0875988 0.466703 0.117996 0.991176 -0.0603886 0.0991844 0.0942547 0.0493596 0.994324 -0.360474 0 0 0 1 
5494384560128;0.768681;0.121772;32;0.959374 -0.152568 0.237328 -0.728362 0.219898 0.931364 -0.290183 -0.083765 -0.176766 0.330582 0.927076 0.315917 0 0 0 1 
5494384560129;0.8631;0.626376;38;0.922494 -0.00780526 0.385933 -0.960728 0.00155995 0.999863 0.0164929 -0.123926 -0.386009 -0.0146125 0.922379 1.94555 0 0 0 1 
5494384560130;0.294138;0.120527;30;0.989343 -0.142135 -0.0315944 0.202131 0.145492 0.973559 0.176109 -0.867715 0.00572775 -0.178829 0.983864 -0.236685 0 0 0 1 
5494384560131;0.331415;0.12796;27;0.995156 -0.0686837 -0.0703406 0.00234797 0.063753 0.995501 -0.0700952 -0.0387012 0.0748385 0.0652712 0.995057 0.0410561 0 0 0 1 
5494384560132;0.299743;0.0865539;40;0.926553 0.00709244 -0.376096 0.969877 0.0933169 0.964235 0.24808 -0.799728 0.364405 -0.264955 0.892753 -1.51324 0 0 0 1 
5494384560133;0.275606;0.129854;36;0.914289 0.105417 -0.391104 1.09045 -0.0665695 0.991518 0.111631 0.1603 0.399554 -0.0760277 0.913551 -1.57589 0 0 0 1 
5494384560134;0.715759;0.116448;31;0.975936 0.21739 0.0170771 0.0730265 -0.217601 0.975969 0.0116332 1.04856 -0.0141377 -0.0150693 0.999786 0.805321 0 0 0 1 
5494384560135;0.221863;0.114317;32;0.956911 0.272603 0.100047 0.0269483 -0.278473 0.959137 0.0500806 1.25429 -0.0823069 -0.0757831 0.993722 0.325915 0 0 0 1 
5494384560136;0.513605;0.129105;31;0.965732 0.259201 0.0132654 -0.209486 -0.259267 0.965799 0.00353482 1.53837 -0.0118955 -0.00685297 0.999906 -0.201574 0 0 0 1 
5494384560137;0.0725673;0.116755;24;0.999583 0.0232369 -0.0171657 -0.0201465 -0.0224367 0.998716 0.0454237 0.113826 0.0181992 -0.0450196 0.99882 -0.0705774 0 0 0 1 
5494384560138;0.458946;0.113948;29;0.995292 -0.0463386 -0.0851236 0.0667949 0.0325542 0.987107 -0.156715 0.23802 0.0912881 0.153206 0.983969 0.173348 0 0 0 1 
5494384560139;0.373858;0.129542;29;0.981933 0.158098 0.103986 0.0687909 -0.153912 0.986958 -0.047167 0.499205 -0.110087 0.0303102 0.99346 0.350917 0 0 0 1 
5494384560140;0.407687;0.128176;33;0.926115 0.355463 -0.126321 0.395555 -0.319915 0.917493 0.236351 0.983456 0.199913 -0.178476 0.963422 -0.608553 0 0 0 1 
5494384560141;0.827786;0.129366;30;0.998704 0.0111891 0.0496553 -0.252194 -0.00912735 0.999095 -0.0415548 0.375654 -0.0500753 0.0410477 0.997902 1.1414 0 0 0 1 
5494384560142;0.791925;0.111731;30;0.99799 -0.0346955 0.0530354 -0.827371 0.0345204 0.999395 0.00421401 -0.317115 -0.0531496 -0.00237473 0.998584 -0.401652 0 0 0 1 
5494384560143;0.413054;0.104034;36;0.886047 0.386132 0.25656 0.0600163 -0.404569 0.914261 0.0212121 1.52687 -0.226372 -0.122591 0.966296 0.879149 0 0 0 1 
5494384560144;0.460909;0.107829;29;0.991495 0.0899524 -0.0940505 0.148034 -0.0871181 0.995623 0.0338279 0.451059 0.0966818 -0.0253467 0.994993 0.0869612 0 0 0 1 
5494384560145;0.514439;0.113863;30;0.995436 -0.0367239 0.0880865 -0.342826 0.00846942 0.95335 0.301749 0.0213792 -0.0950586 -0.299625 0.949309 0.337612 0 0 0 1 
5494384560146;0.876277;0.097089;33;0.957046 0.289882 -0.00559269 1.04987 -0.289736 0.956925 0.0186408 0.979093 0.0107554 -0.0162197 0.999811 -0.632505 0 0 0 1 
5494384560147;0.0882485;0.137563;28;0.988376 0.0237357 -0.150163 0.279782 -0.0283045 0.999197 -0.028361 0.310256 0.14937 0.0322816 0.988254 -0.60383 0 0 0 1 
5494384560148;0.565514;0.0876629;42;0.89758 0.317975 0.305355 0.236331 -0.281968 0.946523 -0.156807 1.90981 -0.338886 0.0546467 0.939239 1.42723 0 0 0 1 
5494384560149;0.651367;0.123098;28;0.991472 -0.120252 0.0502337 -0.522389 0.116207 0.990243 0.0769028 -0.465264 -0.0589913 -0.0704095 0.995772 0.825917 0 0 0 1 
5494384560150;0.389377;0.115774;30;0.929947 -0.316634 0.186927 -0.330678 0.342998 0.930194 -0.130738 -1.26881 -0.132482 0.185695 0.973635 0.765202 0 0 0 1 
5494384560151;0.428451;0.130148;33;0.943111 -0.327804 -0.0555495 0.0625456 0.329119 0.944149 0.0162021 -1.31242 0.0471359 -0.0335628 0.998324 -0.518776 0 0 0 1 
5494384560152;0.492131;0.570422;34;0.91871 -0.394114 -0.0254048 0.0873354 0.388325 0.913188 -0.123661 -1.182 0.0719359 0.103743 0.991999 -0.317186 0 0 0 1 
5494384560153;0.585822;0.132766;28;0.99972 0.0112088 -0.0208508 -0.0202199 -0.0157185 0.972914 -0.230633 0.772614 0.0177009 0.230896 0.972817 -0.574684 0 0 0 1 
5494384560155;0.510199;0.488971;26;0.995452 -0.0952252 -0.00267757 0.281759 0.0935722 0.972128 0.214969 -0.460856 -0.0178676 -0.214242 0.976617 0.396301 0 0 0 1 
5494384560156;0.606536;0.506016;26;0.999741 0.0178864 -0.0140497 0.39568 -0.0145471 0.977691 0.209544 -0.701778 0.0174843 -0.209285 0.977698 -0.716557 0 0 0 1 
5494384560157;0.698949;0.407854;30;0.969518 -0.242321 -0.0362771 0.720653 0.244948 0.954907 0.167791 -0.769116 -0.00601804 -0.171562 0.985155 0.450724 0 0 0 1 
5494384560158;0.932434;0.514398;28;0.975355 0.0082127 0.220487 0.217101 -0.00228556 0.999629 -0.0271237 -0.125978 -0.220628 0.0259513 0.975013 1.28621 0 0 0 1 
5494384560159;0.588127;0.547116;30;0.949251 0.195023 0.246758 0.600976 -0.227833 0.967237 0.112004 -0.273956 -0.21683 -0.162539 0.962583 0.721716 0 0 0 1 
5494384560160;0.813406;0.461261;29;0.948989 0.147765 -0.278542 1.29562 -0.0608887 0.952645 0.297925 -0.432427 0.309374 -0.265768 0.913047 -0.959713 0 0 0 1 
5494384560161;0.869163;0.500318;27;0.998483 0.0404697 -0.0373348 0.54046 -0.0319292 0.97799 0.206193 -1.38953 0.0448577 -0.204689 0.977799 -0.0208821 0 0 0 1 
5494384560162;0.520155;0.495254;29;0.990336 -0.0735885 -0.117554 0.291651 0.111254 0.927621 0.35657 -0.588492 0.0828064 -0.366203 0.926843 0.198555 0 0 0 1 
5494384560163;0.884248;0.418351;32;0.899394 0.43703 -0.00974294 1.39232 -0.435204 0.897285 0.0740091 0.511926 0.0410864 -0.0623231 0.99721 0.0251171 0 0 0 1 
5494384560164;0.069281;0.443123;23;0.998764 -0.0223943 -0.0443841 0.314148 0.0306101 0.980506 0.19409 -0.548537 0.0391724 -0.195209 0.979979 -0.0969486 0 0 0 1 
5494384560165;0.359877;0.474492;32;0.91906 0.359348 0.161856 0.280011 -0.378998 0.918492 0.112838 0.0685655 -0.108115 -0.165048 0.980342 0.148857 0 0 0 1 
5494384560166;0.617506;0.528409;30;0.94554 0.0153895 -0.325143 0.922081 0.0476705 0.981565 0.185088 -0.52493 0.321997 -0.190508 0.927375 -0.0944861 0 0 0 1 
5494384560167;0.359577;0.596901;30;0.946143 -0.210595 0.245892 0.17785 0.222081 0.974831 -0.0196267 -0.850393 -0.23557 0.0731776 0.969099 0.261303 0 0 0 1 
5494384560168;0.367236;0.628343;29;0.954877 0.22209 0.197194 0.417039 -0.269794 0.926232 0.263259 -0.514314 -0.12418 -0.304582 0.944356 0.133861 0 0 0 1 
5494384560169;0.299703;0.503338;25;0.996054 0.044018 -0.0770623 0.457399 -0.020031 0.957428 0.287976 -0.755521 0.0864578 -0.285296 0.954532 -0.0269586 0 0 0 1 
5494384560170;0.388752;0.525658;26;0.999736 0.00946728 -0.0209565 0.643277 -0.00479173 0.977081 0.212814 -0.336165 0.022491 -0.212657 0.976868 -0.221878 0 0 0 1 
5494384560171;0.436725;0.386007;26;0.999288 -0.0361886 0.0106733 0.504848 0.0315375 0.956446 0.290201 -0.626244 -0.0207104 -0.289658 0.956906 -0.358322 0 0 0 1 
5494384560172;0.743415;0.535838;29;0.984848 0.172591 -0.01693 1.13345 -0.165813 0.965748 0.199592 -0.123809 0.050798 -0.193761 0.979733 -0.00850617 0 0 0 1 
5494384560173;0.766137;0.407191;28;0.992722 0.120421 0.00105699 0.652543 -0.105536 0.86572 0.489276 -0.199807 0.058004 -0.485827 0.872128 -0.781938 0 0 0 1 
5494384560174;0.152675;0.52562;25;0.988887 -0.119675 -0.0882061 0.22329 0.135927 0.968127 0.210366 -0.78321 0.0602191 -0.220018 0.973635 -0.142792 0 0 0 1 
5494384560175;0.731473;0.650065;26;0.996147 0.0329645 -0.0812689 0.593544 -0.0332609 0.999444 -0.00229584 -0.365382 0.081148 0.00499006 0.99669 -0.837538 0 0 0 1 
5494384560176;0.458408;0.440901;31;0.910901 0.0832978 0.40413 0.141516 -0.208591 0.938009 0.27682 0.0593381 -0.356019 -0.336453 0.871808 0.382112 0 0 0 1 
5494384560177;0.329052;0.447057;27;0.969143 -0.0525105 -0.240839 0.470454 0.051348 0.998619 -0.0111047 -0.348123 0.24109 -0.00160459 0.970501 -0.158546 0 0 0 1 
5494384560178;0.128329;0.456419;25;0.991939 0.0406591 -0.120018 0.375573 -0.00770645 0.964729 0.263133 -0.576749 0.126483 -0.260087 0.957265 -0.250705 0 0 0 1 
5494384560179;0.884119;0.469815;30;0.950323 -0.213726 0.226291 0.0267032 0.175953 0.968563 0.175858 -1.17547 -0.256762 -0.127306 0.958053 -0.376799 0 0 0 1 
5494384560180;0.395688;0.49083;24;0.998899 -0.0184685 -0.0431336 0.104246 0.0283053 0.970354 0.240024 -0.396438 0.037422 -0.240981 0.969808 -0.428867 0 0 0 1 
5494384560181;0.929561;0.465387;29;0.967243 -0.250632 -0.0403058 -0.343857 0.253541 0.961659 0.10454 -1.15962 0.0125595 -0.111335 0.993704 -0.7253 0 0 0 1 
5494384560182;0.699324;0.595467;29;0.940342 -0.275953 0.199014 -0.113308 0.279646 0.960052 0.00987793 -1.31994 -0.193789 0.0463648 0.979947 -0.167541 0 0 0 1 
5494384560183;0.638253;0.542635;30;0.914475 -0.132585 0.382304 -0.206175 0.0359701 0.967691 0.249558 -0.720877 -0.40304 -0.214463 0.889699 1.13202 0 0 0 1 
5494384560184;0.208766;0.448174;27;0.968084 0.250435 -0.00977348 0.458737 -0.247155 0.960418 0.128497 -0.0720879 0.0415667 -0.12198 0.991662 -0.160362 0 0 0 1 
5494384560186;0.36111;0.0826635;28;0.999621 -0.0255482 0.010259 0.0088512 0.0255824 0.999668 -0.00322139 0.132036 -0.0101733 0.00348262 0.999942 0.478611 0 0 0 1 
5494384560187;0.496451;0.0990199;37;0.952305 0.276196 -0.129735 0.986714 -0.220056 0.916131 0.33508 0.272988 0.211402 -0.29055 0.933215 -0.793041 0 0 0 1 
5494384560188;0.447898;0.101723;33;0.938566 -0.335142 0.082304 -0.262434 0.306078 0.91858 0.250053 -1.74012 -0.159406 -0.2095 0.964728 0.541502 0 0 0 1 
5494384560189;0.616026;0.05561;36;0.946228 -0.21445 -0.242207 0.704547 0.217612 0.975936 -0.0139503 -0.343056 0.23937 -0.0395071 0.970124 -0.57558 0 0 0 1 
5494384560190;0.219844;0.0918668;33;0.978891 -0.17624 -0.103498 0.0776574 0.182216 0.981916 0.0513678 -0.791065 0.0925733 -0.0691425 0.993302 -0.318653 0 0 0 1 
5494384560191;0.269957;0.100089;39;0.966038 0.256118 0.0342526 0.357381 -0.256802 0.96631 0.0172708 0.989225 -0.0286752 -0.0254804 0.999264 0.211775 0 0 0 1 
5494384560192;0.563983;0.110657;34;0.99341 0.110945 -0.0287842 -0.0512877 -0.0877573 0.89777 0.431633 -0.0754171 0.0737292 -0.426263 0.90159 0.180046 0 0 0 1 
5494384560193;0.714742;0.0985433;37;0.977719 -0.198906 -0.0670976 0.532876 0.164472 0.924479 -0.34393 -0.48991 0.13044 0.325231 0.936595 -0.750529 0 0 0 1 
5494384560194;0.621903;0.10788;31;0.987308 -0.157201 -0.0226152 -0.0922149 0.157254 0.987558 0.000543665 -0.749396 0.0222484 -0.00409309 0.999744 0.71036 0 0 0 1 
5494384560195;0.355585;0.130609;32;0.95452 -0.283675 0.0917641 -0.293538 0.280725 0.958785 0.043872 -1.2115 -0.100427 -0.0161162 0.994814 0.749755 0 0 0 1 
5494384560196;0.150749;0.106107;27;0.997225 0.0710228 0.022303 0.000713303 -0.0720921 0.996067 0.0515008 0.119226 -0.0185576 -0.0529658 0.998424 0.314632 0 0 0 1 
5494384560197;0.514288;0.0854368;39;0.890486 -0.430409 -0.14759 0.731441 0.447309 0.887509 0.110648 -1.92261 0.0833639 -0.164549 0.98284 0.029947 0 0 0 1 
5494384560198;0.530599;0.0723972;40;0.994519 0.0206213 0.102502 -0.428231 0.0249963 0.905037 -0.424598 0.384572 -0.101524 0.424833 0.899561 0.534091 0 0 0 1 
5494384560199;0.148187;0.0946591;33;0.989431 0.145004 2.44316e-05 0.158354 -0.144733 0.987598 -0.0608458 0.67967 -0.00884699 0.0601992 0.998147 0.192282 0 0 0 1 
5494384560200;0.674054;0.0979348;30;0.997945 -0.0606122 0.0207656 -0.640054 0.0593549 0.996632 0.0565894 -0.704613 -0.0241256 -0.0552406 0.998182 -0.191198 0 0 0 1 
5494384560201;0.851959;0.0776164;34;0.959765 -0.183328 0.212703 -0.160574 0.114054 0.946681 0.301307 -1.00851 -0.2566 -0.264925 0.929501 0.228333 0 0 0 1 
5494384560202;0.0584502;0.0880493;24;0.999007 -0.0158985 -0.04162 0.110967 0.017472 0.999136 0.0377182 -0.152326 0.0409844 -0.0384079 0.998421 -0.116506 0 0 0 1 
5494384560203;0.443983;0.0975428;32;0.994503 -0.0483262 0.0928893 -0.208433 0.0823967 0.908599 -0.409462 0.531426 -0.0646113 0.414865 0.907586 0.441511 0 0 0 1 
5494384560204;0.212563;0.105009;25;0.999091 0.0309168 0.0293503 -0.0397979 -0.0312482 0.999452 0.0108991 0.0829143 -0.0289972 -0.0118063 0.99951 -0.00630318 0 0 0 1 
5494384560205;0.664348;0.0937595;34;0.875289 -0.287203 0.389081 -0.151391 0.223339 0.953679 0.201534 -1.05967 -0.428939 -0.0895039 0.898888 2.60056 0 0 0 1 
5494384560206;0.578856;0.132555;28;0.994835 -0.090639 0.0456965 -0.0621626 0.0901389 0.995846 0.0128917 -0.29225 -0.0466752 -0.00870604 0.998872 0.996133 0 0 0 1 
5494384560207;0.371227;0.0764;31;0.979684 -0.0383264 0.196853 -0.48343 -0.0260455 0.948941 0.314376 -0.562702 -0.198851 -0.313116 0.928664 0.994956 0 0 0 1 
5494384560208;0.803964;0.103327;29;0.995371 0.0442821 0.0853013 -0.0370488 -0.0491208 0.99725 0.0554864 0.241039 -0.0826098 -0.0594196 0.994809 1.35421 0 0 0 1 
5494384560209;0.402561;0.0862322;36;0.889694 -0.423131 -0.171478 0.510907 0.391812 0.900427 -0.18898 -1.32562 0.234367 0.100947 0.966893 -0.705703 0 0 0 1 
5494384560210;0.831689;0.0936346;41;0.981815 0.162852 0.0975614 -0.206256 -0.135832 0.961655 -0.238264 1.65401 -0.132622 0.22068 0.966288 0.227503 0 0 0 1 
5494384560211;0.793568;0.0949221;30;0.994479 -0.0366273 -0.0983327 1.01094 0.0389428 0.999005 0.0217311 0.0622167 0.0974389 -0.0254405 0.994916 -0.63354 0 0 0 1 
5494384560212;0.459124;0.118934;28;0.999897 -0.00615891 0.0130016 0.260939 0.005591 0.999048 0.0432735 0.0437194 -0.0132558 -0.0431963 0.998979 0.600068 0 0 0 1 
5494384560213;0.436091;0.0981972;42;0.935402 -0.0708335 -0.346418 0.919963 0.000849349 0.980176 -0.198127 0.412622 0.353585 0.185034 0.916919 -0.834647 0 0 0 1 
5494384560214;0.701608;0.129806;28;0.999865 -0.00911431 0.0136992 0.0168149 0.00870514 0.999523 0.0296363 0.61263 -0.0139627 -0.0295131 0.999467 -0.158067 0 0 0 1 
5494384560215;0.568246;0.0704828;34;0.954569 0.0641001 -0.291013 1.2672 0.0252417 0.955687 0.293302 -0.6349 0.296918 -0.287323 0.910651 -1.01479 0 0 0 1 
5494384560217;0.781012;0.170804;28;0.985107 0.171793 -0.00715608 0.874888 -0.171923 0.984765 -0.0260717 0.75343 0.00256811 0.0269138 0.999634 0.377582 0 0 0 1 
5494384560218;0.673342;0.163444;30;0.859372 -0.0938068 -0.502673 2.10849 0.151568 0.985582 0.0751963 -1.12308 0.488372 -0.140811 0.8612 -1.9467 0 0 0 1 
5494384560219;0.333437;0.148189;31;0.935625 -0.338354 -0.100607 0.534273 0.33672 0.941015 -0.0333214 -1.82746 0.105947 -0.0027001 0.994368 -0.508758 0 0 0 1 
5494384560220;0.675306;0.124598;28;0.952502 -0.154439 -0.262467 0.814403 0.122753 0.983457 -0.133205 -0.351825 0.278697 0.0946598 0.955703 -0.814109 0 0 0 1 
5494384560221;0.374554;0.146226;29;0.896839 0.441368 0.0295598 0.85631 -0.429647 0.885028 -0.179243 2.97352 -0.105273 0.148052 0.983361 0.843864 0 0 0 1 
5494384560222;1.07278;0.134264;28;0.95422 0.146405 -0.260824 0.388981 -0.184953 0.974131 -0.12985 2.14386 0.235066 0.172146 0.956614 -0.868874 0 0 0 1 
5494384560223;0.406435;0.219476;28;0.916959 0.398981 -0.000464308 0.674001 -0.398981 0.916959 7.53675e-06 2.24236 0.000428759 0.000178339 1 0.283487 0 0 0 1 
5494384560224;0.20751;0.122457;27;0.985118 -0.0949457 0.143277 -0.337243 0.0908068 0.995247 0.0351705 -0.571758 -0.145936 -0.0216365 0.989057 0.898558 0 0 0 1 
5494384560225;0.828158;0.149824;27;0.990238 0.073355 -0.118522 0.329876 -0.0571109 0.989189 0.135069 0.203726 0.127148 -0.126981 0.983722 0.0856375 0 0 0 1 
5494384560226;0.429538;0.138106;29;0.866511 0.132646 -0.481211 1.96641 -0.0218525 0.973202 0.228913 -0.108144 0.49868 -0.18784 0.846188 -2.70843 0 0 0 1 
5494384560227;0.623994;0.134981;40;0.935076 -0.338063 0.106516 -0.191079 0.318192 0.933031 0.167953 -1.82223 -0.156161 -0.123156 0.980024 0.716161 0 0 0 1 
5494384560228;0.349478;0.150408;32;0.974737 -0.14325 -0.171367 0.544473 0.182583 0.95296 0.241931 -1.35698 0.128649 -0.267108 0.955041 -0.732835 0 0 0 1 
5494384560229;0.390705;0.151288;25;0.995869 0.0794444 -0.0439754 0.12276 -0.0795764 0.996828 -0.0012561 0.780122 0.0437362 0.00475032 0.999032 0.0867723 0 0 0 1 
5494384560230;0.944473;0.130719;27;0.985735 0.109665 0.127671 -0.846809 -0.108328 0.993963 -0.0173918 0.8483 -0.128808 0.00331332 0.991664 0.320011 0 0 0 1 
5494384560231;0.749473;0.154626;29;0.936123 -0.212611 0.280126 -0.712875 0.196241 0.976813 0.0855908 -1.20163 -0.291829 -0.0251513 0.95614 1.37558 0 0 0 1 
5494384560232;0.1939;0.132633;27;0.996488 -0.0669854 0.0502469 -0.105239 0.0575285 0.983681 0.170475 -0.669641 -0.0608463 -0.166985 0.98408 0.290136 0 0 0 1 
5494384560233;0.634182;0.132541;30;0.928598 0.248563 0.275539 -0.122456 -0.32396 0.905144 0.275253 1.27132 -0.180985 -0.344863 0.92104 0.667097 0 0 0 1 
5494384560234;0.39885;0.119016;31;0.898521 -0.3716 -0.233608 1.10653 0.375618 0.926328 -0.0287775 -2.10056 0.227092 -0.0618903 0.971905 -1.38643 0 0 0 1 
5494384560235;0.0516956;0.142524;24;0.99232 0.12213 -0.0196308 0.233813 -0.12087 0.991086 0.0560294 0.62233 0.0262987 -0.0532263 0.998236 -0.135047 0 0 0 1 
5494384560236;0.391323;0.131354;25;0.990925 -0.1295 -0.0360251 0.168382 0.12873 0.991415 -0.0229293 -0.275285 0.0386852 0.0180837 0.999088 -0.176626 0 0 0 1 
5494384560237;1.02921;0.129933;29;0.997631 0.0355685 0.0588781 0.471925 -0.0254135 0.985963 -0.165019 0.968027 -0.0639211 0.163132 0.984531 1.25602 0 0 0 1 
5494384560238;0.757061;0.134057;27;0.954926 0.283886 -0.0867416 0.802847 -0.27814 0.95779 0.0726356 1.90405 0.103701 -0.0452354 0.993579 -1.08963 0 0 0 1 
5494384560239;0.288361;0.132658;28;0.910224 0.315127 0.268675 0.0904476 -0.305434 0.948988 -0.0783048 1.99031 -0.279645 -0.0107876 0.960043 1.81469 0 0 0 1 
5494384560240;0.0978136;0.120607;25;0.985223 0.110408 -0.130941 0.516125 -0.100908 0.991903 0.0771136 0.475104 0.138395 -0.0627611 0.988386 -0.79031 0 0 0 1 
5494384560241;0.673589;0.14555;29;0.934607 0.332605 -0.126029 0.777639 -0.351729 0.916933 -0.188471 3.04754 0.0528742 0.220474 0.973959 0.00586095 0 0 0 1 
5494384560242;1.04802;0.141837;28;0.977844 0.12687 0.166506 -0.451754 -0.104573 0.985108 -0.136478 1.59739 -0.181342 0.116042 0.97655 1.95967 0 0 0 1 
5494384560243;0.111566;0.144557;23;0.999126 -0.0103157 -0.0405178 0.150706 0.0097683 0.999859 -0.0136863 0.135859 0.0406532 0.0132785 0.999085 -0.257839 0 0 0 1 
5494384560244;1.00468;0.14362;30;0.977631 -0.209962 0.012434 0.427551 0.209893 0.977702 0.00664371 -0.943499 -0.0135516 -0.0038853 0.999901 -0.703013 0 0 0 1 
5494384560245;0.648612;0.123386;27;0.994816 -0.0973719 0.029324 -0.0698289 0.0985485 0.994255 -0.0417778 -0.0942375 -0.0250876 0.044451 0.998697 0.731177 0 0 0 1 
5494384560246;0.310363;0.133867;26;0.998669 0.026411 0.0443103 0.09626 -0.0336047 0.984802 0.170397 -0.0602969 -0.0391365 -0.171659 0.984379 0.48855 0 0 0 1 
5494384560248;0.548689;0.140455;31;0.964129 -0.264101 0.0265807 0.283197 0.260604 0.96084 0.0941884 -3.05205 -0.0504151 -0.0838827 0.995199 1.26307 0 0 0 1 
5494384560249;0.350307;0.149131;28;0.964013 0.239446 0.115522 -0.163613 -0.221385 0.963602 -0.149865 2.7301 -0.147202 0.118897 0.981934 1.20779 0 0 0 1 
5494384560250;0.482059;0.160053;29;0.990559 0.0557021 0.125258 0.358567 -0.0475268 0.996598 -0.0673373 -0.106593 -0.128582 0.0607485 0.989836 1.29976 0 0 0 1 
5494384560251;0.346948;0.140071;29;0.946958 0.236178 0.217925 -0.303554 -0.257722 0.963227 0.0759868 2.11128 -0.191965 -0.12812 0.973003 2.43251 0 0 0 1 
5494384560252;0.590914;0.14339;31;0.920902 -0.227831 -0.316278 1.96891 0.178106 0.967689 -0.178485 -2.17075 0.346723 0.108037 0.931725 -3.42487 0 0 0 1 
5494384560253;0.449485;0.103545;30;0.930091 0.00152695 -0.367325 1.77035 -0.0424085 0.993751 -0.10325 1.02433 0.364872 0.11161 0.924344 -3.55724 0 0 0 1 
5494384560254;0.682288;0.132426;37;0.947596 -0.314967 0.0534646 1.32634 0.303457 0.93972 0.157607 -3.81883 -0.0998826 -0.133123 0.986054 1.94093 0 0 0 1 
5494384560255;0.468787;0.127571;27;0.998378 -0.0129994 0.0554202 -0.44493 0.0196972 0.992325 -0.122078 0.0734683 -0.0534079 0.122972 0.990972 -0.318094 0 0 0 1 
5494384560256;0.445109;0.140981;30;0.917522 0.354634 0.179967 -0.387011 -0.377596 0.918878 0.114392 3.19362 -0.1248 -0.172911 0.976999 1.01654 0 0 0 1 
5494384560257;0.358958;0.15322;30;0.974452 -0.0880437 0.206621 -0.455058 0.0568417 0.986688 0.152367 -1.18795 -0.217285 -0.13673 0.966484 2.69038 0 0 0 1 
