#;prob_registration_l1 -r /home/probabilistic_point_clouds_registration/build/tester /home/point_clouds_registration_benchmark//devel/registration_pairs/urban05_local.txt /home/point_clouds_registration_benchmark//kaist/urban05 -s 0.2 -t 0.2 -p 0.3 -r 1000 -m 10 -n 20 -i 200 
id;initial_error;final_error;transformation
34562489690000;0.13992;0.680049;36;1 -1.34284e-07 7.82354e-07 -0.944319 1.34284e-07 1 2.37235e-08 5.12559 -7.82354e-07 -2.37234e-08 1 -0.0391363 0 0 0 1 
34562489690001;0.182436;0.425509;26;1 -1.44682e-07 3.89755e-07 -1.20027 1.44682e-07 1 4.71457e-08 1.95275 -3.89755e-07 -4.71456e-08 1 -0.302348 0 0 0 1 
34562489690002;0.400034;3.93832;200;1 -2.83819e-07 -3.81638e-06 -4.45707 2.83819e-07 1 1.12024e-07 -32.4819 3.81638e-06 -1.12025e-07 1 -1.43047 0 0 0 1 
34562489690003;0.381518;0.629148;24;0.99687 0.0002731 -0.0790607 11.8546 0.000272986 0.999976 0.00689629 -4.65226 0.0790607 -0.00689629 0.996846 -46.7432 0 0 0 1 
34562489690004;0.467995;1.14171;34;1 -2.44026e-07 6.00143e-07 -1.76488 2.44026e-07 1 4.76359e-08 5.59574 -6.00143e-07 -4.76358e-08 1 -0.255082 0 0 0 1 
34562489690005;0.423309;0.9381;30;1 -2.19279e-07 8.02612e-07 -1.70578 2.19279e-07 1 7.15157e-08 4.12961 -8.02612e-07 -7.15155e-08 1 -0.467996 0 0 0 1 
34562489690006;0.190415;4.92149;200;1 -2.51285e-07 4.64642e-06 -4.1214 2.51286e-07 1 -2.26745e-07 -42.622 -4.64642e-06 2.26746e-07 1 0.706734 0 0 0 1 
34562489690007;0.167146;3.85677;200;1 -1.62317e-07 4.29983e-06 0.866454 1.62317e-07 1 -8.45682e-08 32.7735 -4.29983e-06 8.45689e-08 1 1.81772 0 0 0 1 
34562489690008;0.102809;0.145416;21;1 -4.68154e-08 1.09502e-07 -0.308914 4.68154e-08 1 6.72643e-09 -1.13128 -1.09502e-07 -6.72643e-09 1 -0.00429723 0 0 0 1 
34562489690009;0.0509686;0.222748;24;1 -1.60892e-05 0.000102817 128.666 1.60904e-05 1 -1.16517e-05 -13.2876 -0.000102817 1.16534e-05 1 -21.5095 0 0 0 1 
34562489690010;0.0869115;3.43784;200;1 -4.91558e-07 -5.61269e-07 -3.06109 4.91558e-07 1 7.32352e-08 29.3246 5.61269e-07 -7.32354e-08 1 -0.0708949 0 0 0 1 
34562489690011;0.0782188;0.444605;35;0.999602 0.000161396 -0.0282277 -1016.63 -9.08542e-05 0.999997 0.0025003 91.577 0.0282281 -0.00249674 0.999598 260.036 0 0 0 1 
34562489690012;0.0495854;3.94757;200;1 5.33304e-08 2.25683e-07 -2.70948 -5.33303e-08 1 -4.92629e-08 -34.4701 -2.25683e-07 4.92629e-08 1 -0.571052 0 0 0 1 
34562489690013;0.0622498;3.98782;200;0.999985 9.38277e-05 0.00547202 -744.347 -9.14859e-05 1 -0.000428218 99.9623 -0.00547206 0.000427711 0.999985 402.758 0 0 0 1 
34562489690014;0.30978;2.22716;89;0.999999 -0.00109645 -0.000586615 8816.01 0.00109858 0.999993 0.00365102 -696.167 0.000582608 -0.00365167 0.999993 28970.9 0 0 0 1 
34562489690015;0.264634;0.490452;21;1 -1.02773e-07 1.79443e-07 -0.921646 1.02773e-07 1 4.10645e-09 -2.61328 -1.79443e-07 -4.10643e-09 1 -0.0193244 0 0 0 1 
34562489690016;0.0384264;0.631664;45;1 0.000276942 -0.000341842 -2229.13 -0.000276884 1 0.000172075 200.19 0.00034189 -0.000171981 1 1143.39 0 0 0 1 
34562489690017;0.317284;0.555103;27;1 -2.07766e-07 1.04717e-07 -1.85845 2.07766e-07 1 4.44157e-08 -3.32821 -1.04717e-07 -4.44157e-08 1 -0.31371 0 0 0 1 
34562489690018;0.287954;5.3533;200;1 -5.63353e-07 3.35138e-06 -1.86954 5.63353e-07 1 -9.80663e-08 46.1408 -3.35138e-06 9.80681e-08 1 1.35576 0 0 0 1 
34562489690019;0.362659;0.575938;29;0.99735 0.000224764 0.0727511 40.6988 0.000237623 0.99998 -0.00634702 -7.40381 -0.0727511 0.00634749 0.99733 31.5701 0 0 0 1 
34562489690020;0.112961;0.0868281;24;1 -4.6529e-07 1.86558e-05 2.87812 4.6529e-07 1 -3.4915e-09 -0.753158 -1.86558e-05 3.50018e-09 1 12.1597 0 0 0 1 
34562489690021;0.197833;0.579395;26;1 -2.56953e-08 -6.43364e-07 -0.406631 2.56953e-08 1 -1.33724e-08 -4.60383 6.43364e-07 1.33724e-08 1 0.0614399 0 0 0 1 
34562489690022;0.278308;5.35472;200;1 -2.49522e-07 5.51779e-06 -5.18807 2.49523e-07 1 -3.07115e-07 -45.8202 -5.51779e-06 3.07117e-07 1 1.46965 0 0 0 1 
34562489690023;0.193536;0.398351;21;0.999971 8.90947e-07 -0.00763994 12.161 4.20035e-06 1 0.00066639 -0.253681 0.00763994 -0.000666403 0.999971 -4.67184 0 0 0 1 
34562489690024;0.347959;4.25147;200;1 -2.80451e-07 7.10906e-06 -3.94317 2.80452e-07 1 -1.77373e-07 -36.6831 -7.10906e-06 1.77375e-07 1 1.23122 0 0 0 1 
34562489690025;0.302077;0.85825;32;0.999687 2.33721e-05 -0.02503 31.4118 3.13114e-05 0.999998 0.00218432 0.68635 0.02503 -0.00218442 0.999684 -6.72589 0 0 0 1 
34562489690026;0.218188;0.335183;25;1 -1.40965e-07 5.53008e-07 -1.22412 1.40965e-07 1 2.57513e-08 1.25857 -5.53008e-07 -2.57513e-08 1 -0.147908 0 0 0 1 
34562489690027;0.18191;0.736226;45;0.994306 0.000483775 -0.106564 121.62 0.000510119 0.999957 0.0092993 -4.73213 0.106564 -0.0093007 0.994262 -21.1469 0 0 0 1 
34562489690028;0.340963;1.1946;45;1 -2.01021e-07 7.09438e-07 -2.19593 2.01021e-07 1 -1.11372e-08 -8.55408 -7.09438e-07 1.11373e-08 1 0.0639328 0 0 0 1 
34562489690029;0.238574;0.428152;23;0.998725 0.000120029 0.0504764 -78.627 0.000102369 0.99999 -0.00440339 3.1054 -0.0504764 0.00440294 0.998716 30.8731 0 0 0 1 
34562489690031;0.530935;0.89157;24;0.999971 6.0936e-06 -0.00767211 -25.8224 -9.79321e-07 1 0.000666609 3.26616 0.00767212 -0.000666582 0.99997 -25.03 0 0 0 1 
34562489690032;0.306555;0.728574;29;0.990987 0.000786057 0.133959 -11.4958 0.000786595 0.999931 -0.0116865 -0.581936 -0.133959 0.0116865 0.990918 65.1148 0 0 0 1 
34562489690033;0.46032;0.872438;25;0.999102 7.87915e-05 -0.0423619 3.42531 7.78629e-05 0.999993 0.00369634 1.46114 0.0423619 -0.00369632 0.999095 -14.9276 0 0 0 1 
34562489690034;0.385219;1.46046;34;0.999262 7.77617e-05 -0.0384224 -98.2966 5.08392e-05 0.999994 0.00334604 11.3385 0.0384225 -0.00334552 0.999256 -70.6497 0 0 0 1 
34562489690035;0.341621;0.799145;26;0.984303 0.00137338 0.17648 -48.422 0.00136612 0.99988 -0.0154006 2.27973 -0.17648 0.0154 0.984184 55.5411 0 0 0 1 
34562489690036;0.158469;0.199128;25;0.994902 0.000447285 -0.100849 -3.12849 0.000442273 0.999961 0.00879815 0.0379197 0.100849 -0.0087979 0.994863 -48.2851 0 0 0 1 
34562489690037;0.364175;0.636902;26;0.99968 2.94948e-05 -0.0252865 -7.22339 2.63783e-05 0.999998 0.00220927 0.179234 0.0252865 -0.00220923 0.999678 12.9748 0 0 0 1 
34562489690038;0.437441;1.47324;40;0.993841 0.000547072 0.110814 -87.9695 0.000528097 0.999953 -0.00967291 11.0342 -0.110814 0.00967185 0.993794 18.0814 0 0 0 1 
34562489690039;0.392147;0.36672;21;1 4.58185e-08 -5.57688e-08 0.346605 -4.58185e-08 1 -2.01273e-08 -0.570136 5.57688e-08 2.01273e-08 1 0.112533 0 0 0 1 
34562489690040;0.283513;0.738031;24;0.998266 0.000156767 -0.0588597 -33.676 0.000145701 0.999987 0.00513447 1.40552 0.0588597 -0.00513414 0.998253 -34.7372 0 0 0 1 
34562489690041;0.287266;0.80277;28;0.995319 0.000419195 -0.0966453 -69.4771 0.00039803 0.999964 0.00843648 7.20784 0.0966454 -0.00843545 0.995283 -12.708 0 0 0 1 
34562489690042;0.329992;1.35556;33;0.994777 0.000468476 0.102067 -112.2 0.000443279 0.99996 -0.00891001 11.9011 -0.102067 0.00890872 0.994738 14.2888 0 0 0 1 
34562489690043;0.516204;1.1752;35;0.99873 0.000118506 -0.050388 -52.3947 0.000103121 0.99999 0.00439578 5.98729 0.050388 -0.0043954 0.99872 -27.226 0 0 0 1 
34562489690044;0.236329;0.368381;28;0.999852 1.39121e-05 -0.01719 -5.10385 1.18711e-05 0.999999 0.0014998 -0.122136 0.01719 -0.00149978 0.999851 -7.50402 0 0 0 1 
34562489690045;0.316589;0.751711;24;0.999772 1.94567e-05 -0.0213612 7.3795 2.0384e-05 0.999998 0.00186488 -2.492 0.0213612 -0.00186489 0.99977 0.35921 0 0 0 1 
34562489690046;0.376135;0.569136;24;0.998561 0.000130731 -0.053622 -32.0219 0.000120426 0.999989 0.00468059 2.38371 0.053622 -0.00468032 0.99855 -7.27883 0 0 0 1 
34562489690047;0.485231;0.497616;31;0.995755 0.000333735 -0.0920414 310.339 0.000397234 0.999969 0.0079233 -26.2646 0.0920412 -0.00792623 0.995724 -876.429 0 0 0 1 
34562489690048;0.199981;0.250519;23;0.999987 8.95573e-07 -0.00506107 3.22084 1.33005e-06 1 0.000439751 -0.0971557 0.00506107 -0.000439752 0.999987 -16.58 0 0 0 1 
34562489690049;0.208318;0.333366;21;1 -1.95059e-07 -0.000284728 1.02418 2.02099e-07 1 2.47255e-05 0.100308 0.000284728 -2.47256e-05 1 -0.966274 0 0 0 1 
34562489690050;0.378047;0.795948;30;0.978083 0.00183851 -0.208206 632.87 0.00193039 0.999838 0.0178971 -54.6407 0.208206 -0.0179068 0.977921 -2164.94 0 0 0 1 
34562489690051;0.381473;1.04001;29;0.999806 2.2952e-05 0.0197204 -48.4592 1.09452e-05 0.999999 -0.00171878 5.42264 -0.0197204 0.00171867 0.999804 23.1635 0 0 0 1 
34562489690052;0.123011;0.699912;30;0.999099 8.8745e-05 -0.0424508 -72.7517 6.84723e-05 0.999993 0.00370205 6.68062 0.0424508 -0.00370162 0.999092 -34.555 0 0 0 1 
34562489690053;0.447449;0.993246;29;0.999923 1.36474e-05 0.0124291 -55.4418 -1.81842e-07 0.999999 -0.00108339 6.57522 -0.0124291 0.0010833 0.999922 13.9683 0 0 0 1 
34562489690054;0.341689;0.709777;21;1 9.82536e-08 -3.92371e-08 0.767886 -9.82536e-08 1 2.34935e-08 -0.239473 3.92371e-08 -2.34935e-08 1 -0.155193 0 0 0 1 
34562489690055;0.435439;1.02412;28;0.999426 5.97608e-05 -0.0338695 -70.694 4.00298e-05 0.999996 0.00294564 5.9147 0.0338696 -0.0029453 0.999422 -91.8495 0 0 0 1 
34562489690056;0.453077;0.475712;31;0.927791 0.00630928 -0.373048 9.06174 0.00629383 0.99945 0.0325566 1.0878 0.373048 -0.0325536 0.927241 -95.8845 0 0 0 1 
34562489690057;0.243925;0.498594;25;0.999536 3.59587e-05 0.0304469 32.571 4.497e-05 0.999996 -0.00265734 -5.03514 -0.0304469 0.00265747 0.999533 4.41431 0 0 0 1 
34562489690058;0.299623;0.791025;28;0.988431 0.00101769 0.151667 -81.4656 0.00100103 0.999912 -0.0132332 8.02176 -0.151667 0.013232 0.988343 69.3146 0 0 0 1 
34562489690059;0.121954;0.200992;24;0.999985 -3.63241e-07 -0.00545977 14.7656 2.96043e-06 1 0.000475687 -1.43886 0.00545977 -0.000475696 0.999985 -8.06162 0 0 0 1 
34562489690060;0.336224;1.19633;38;0.999193 8.36491e-05 0.040175 -108.458 5.74422e-05 0.999994 -0.00351075 11.0182 -0.0401751 0.00351022 0.999186 -23.5119 0 0 0 1 
34562489690062;0.450678;1.19288;32;0.990498 0.000799376 0.137521 224.098 0.000872996 0.999926 -0.0121001 -23.333 -0.137521 0.0121052 0.990425 -778.964 0 0 0 1 
34562489690063;0.504888;1.08491;25;0.992127 0.000671839 0.125234 108.31 0.000692564 0.999941 -0.010851 -11.9484 -0.125234 0.0108523 0.992068 669.821 0 0 0 1 
34562489690064;0.452148;0.488741;21;0.999994 -2.67378e-07 0.00346396 5.17943 1.31793e-06 1 -0.000303279 -1.50925 -0.00346396 0.000303282 0.999994 -6.44313 0 0 0 1 
34562489690065;0.324911;0.691959;21;0.998717 0.000113592 -0.0506383 -5.75924 0.000110494 0.99999 0.0044224 -1.11423 0.0506384 -0.00442232 0.998707 5.48989 0 0 0 1 
34562489690066;0.34336;0.686516;34;0.997636 0.000208 0.0687135 -21.9627 0.000204704 0.999982 -0.00599906 0.325539 -0.0687135 0.00599895 0.997618 8.43775 0 0 0 1 
34562489690067;0.18061;1.27486;26;0.999913 3.00275e-06 0.0132041 34.6544 1.22025e-05 0.999999 -0.00115147 -6.58373 -0.0132041 0.00115153 0.999912 11.7813 0 0 0 1 
34562489690068;0.143206;0.43162;21;0.999933 7.89934e-06 0.0115688 -17.367 3.78263e-06 0.999999 -0.00100976 0.687342 -0.0115688 0.00100974 0.999933 3.57673 0 0 0 1 
34562489690069;0.265071;1.06263;25;0.999948 8.44665e-06 0.0101772 -32.9987 5.47604e-07 1 -0.000883763 -0.0973318 -0.0101772 0.000883722 0.999948 38.9812 0 0 0 1 
34562489690070;0.337998;0.937552;28;0.911635 0.00772318 -0.410929 -0.721776 0.00770781 0.999326 0.0358814 -2.38211 0.410929 -0.0358781 0.910961 -18.7401 0 0 0 1 
34562489690071;0.291767;0.402785;24;1 1.86882e-07 0.00016741 -0.694353 -1.84451e-07 1 -1.4519e-05 -0.836391 -0.00016741 1.4519e-05 1 1.48541 0 0 0 1 
34562489690072;0.432542;0.628584;26;0.967588 0.00318147 0.252514 -2861.52 0.00257717 0.999744 -0.0224712 249.414 -0.252521 0.0223937 0.967332 -2761.4 0 0 0 1 
34562489690073;0.333627;0.545027;24;0.997438 0.000226929 -0.0715299 -15.4693 0.000220245 0.99998 0.00624362 0.210655 0.0715299 -0.00624339 0.997419 -20.6148 0 0 0 1 
34562489690074;0.333091;1.41979;31;0.960649 0.00345614 0.277745 -198.044 0.00341535 0.9997 -0.0242527 14.0232 -0.277746 0.0242469 0.960349 50.379 0 0 0 1 
34562489690075;0.300984;0.872944;30;0.968158 0.000901465 -0.250337 15152.6 0.00395324 0.999814 0.0188892 -1284.11 0.250308 -0.0192773 0.967974 -20747.9 0 0 0 1 
34562489690076;0.255405;0.726092;24;0.99888 9.51027e-05 0.0473094 14.6256 0.000100517 0.999991 -0.00413251 -2.7468 -0.0473094 0.00413264 0.998872 -12.4118 0 0 0 1 
34562489690077;0.37018;0.688157;29;0.886823 0.00988725 -0.462004 26.9416 0.00987474 0.999137 0.040337 -4.20205 0.462005 -0.0403339 0.88596 -47.4962 0 0 0 1 
34562489690078;0.123389;0.421408;21;1 2.61763e-08 -6.79887e-07 0.153504 -2.61763e-08 1 2.96773e-08 -1.00712 6.79887e-07 -2.96773e-08 1 -0.240425 0 0 0 1 
34562489690079;0.437756;0.88917;24;0.998705 0.000121902 -0.0508717 -62.6083 0.000104189 0.99999 0.00444166 4.06833 0.0508718 -0.00444121 0.998695 -6.81145 0 0 0 1 
34562489690080;0.248888;0.679842;23;0.998889 9.96483e-05 -0.0471205 -14.4031 9.43112e-05 0.999992 0.004114 -0.291207 0.0471205 -0.00411387 0.998881 -4.8609 0 0 0 1 
34562489690081;0.238106;1.05617;23;0.999744 1.86169e-05 0.0226183 26.3472 2.59342e-05 0.999998 -0.00196939 -5.24236 -0.0226183 0.00196947 0.999742 44.2998 0 0 0 1 
34562489690082;0.176775;0.459976;24;0.98779 0.00138405 0.155785 -2578.81 0.00086238 0.999897 -0.0143515 226.546 -0.155789 0.0143106 0.987687 -5689 0 0 0 1 
34562489690083;0.334152;11.2415;200;0.999983 0.000127676 0.00578832 -1016.6 -0.000125004 1 -0.000462034 56.7136 -0.00578837 0.000461303 0.999983 355.816 0 0 0 1 
34562489690084;0.376441;0.381297;21;1 8.25739e-08 -6.19818e-05 -0.366536 -8.22466e-08 1 5.28091e-06 0.210363 6.19818e-05 -5.28091e-06 1 -0.971349 0 0 0 1 
34562489690085;0.162081;0.455807;27;0.998268 0.000152376 -0.0588309 -0.826309 0.000150094 0.999987 0.00513691 -0.754693 0.0588309 -0.00513684 0.998255 -1.80867 0 0 0 1 
34562489690086;0.435379;0.444543;23;0.99957 3.63563e-05 0.0293136 5.41468 3.86885e-05 0.999997 -0.0025595 -0.750364 -0.0293136 0.00255953 0.999567 1.7704 0 0 0 1 
34562489690087;0.326485;0.693119;21;0.998055 0.00017179 0.0623333 -24.5923 0.000167782 0.999985 -0.0054424 0.29084 -0.0623333 0.00544228 0.998041 5.35697 0 0 0 1 
34562489690088;0.343468;0.55391;23;0.999166 7.40962e-05 -0.0408445 -3.57655 7.15362e-05 0.999994 0.00356406 -0.885882 0.0408445 -0.00356401 0.999159 -19.8976 0 0 0 1 
34562489690089;0.181879;0.385951;23;0.997366 0.000232667 -0.072526 -11.7023 0.000227193 0.99998 0.00633231 -0.0218653 0.072526 -0.00633211 0.997346 -5.69775 0 0 0 1 
34562489690090;0.274172;0.874585;29;0.976286 0.00207275 -0.216473 12.6425 0.00206794 0.999819 0.0188997 -3.37848 0.216473 -0.0188992 0.976106 -20.9572 0 0 0 1 
34562489690091;0.516972;2.42679;44;0.999886 3.89505e-05 -0.0151223 -227.489 -1.90025e-05 0.999999 0.00131925 13.9405 0.0151224 -0.00131881 0.999885 -14.2264 0 0 0 1 
34562489690093;0.4248;0.60272;23;1 6.01064e-07 9.15569e-05 -6.03735 -6.01397e-07 1 3.63414e-06 3.4162 -9.15569e-05 -3.6342e-06 1 94.7947 0 0 0 1 
34562489690094;0.0934313;0.267952;24;0.99867 0.00115601 0.0515507 -8373.55 -0.000926063 0.99999 -0.00448436 738.109 -0.0515554 0.00443065 0.99866 567.348 0 0 0 1 
34562489690095;0.144672;0.344368;23;0.999996 1.49513e-06 0.00289322 -9.36761 -7.64777e-07 1 -0.000252438 3.69674 -0.00289322 0.000252435 0.999996 1.8521 0 0 0 1 
34562489690096;0.228702;0.39504;23;0.999314 5.48084e-05 -0.0370271 44.0771 6.49591e-05 0.999995 0.00323337 -3.0375 0.0370271 -0.00323356 0.999309 5.09238 0 0 0 1 
34562489690097;0.121961;0.36246;23;0.997734 0.000181915 0.0672837 115.842 0.000213648 0.999983 -0.00587178 -12.7191 -0.0672837 0.00587285 0.997717 13.4419 0 0 0 1 
34562489690098;0.286027;0.301779;26;0.999058 -0.000376005 0.0433817 3680.22 0.000551844 0.999992 -0.00404141 -318.985 -0.0433799 0.00406154 0.99905 -2204.48 0 0 0 1 
34562489690099;0.0245713;0.159717;23;0.999865 8.94669e-06 0.0164259 19.8087 1.45857e-05 0.999999 -0.00143252 -3.21312 -0.0164259 0.00143256 0.999864 12.4197 0 0 0 1 
34562489690100;0.214406;0.52037;36;0.995607 0.00104016 -0.0936218 -5270.8 -0.000308021 0.999969 0.00783426 467.068 0.0936271 -0.00777101 0.995577 -3246.97 0 0 0 1 
34562489690101;0.290539;0.459142;29;0.99873 -0.000743743 0.0503725 6866.8 0.000978212 0.999989 -0.0046302 -595.035 -0.0503685 0.00467359 0.99872 -2220.37 0 0 0 1 
34562489690102;0.160438;0.301765;35;0.992528 0.00112741 -0.122009 -3805.09 6.53104e-05 0.999952 0.00977123 334.274 0.122014 -0.00970619 0.992481 -7617.27 0 0 0 1 
34562489690103;0.385248;0.524308;21;1 -3.72379e-08 2.01497e-07 -0.393545 3.72379e-08 1 -9.51897e-08 -1.58472 -2.01497e-07 9.51897e-08 1 0.518557 0 0 0 1 
34562489690104;0.150227;0.368243;23;0.999863 8.19408e-06 0.0165577 26.5349 1.57383e-05 0.999999 -0.00144526 -4.9678 -0.0165577 0.00144533 0.999862 2.16694 0 0 0 1 
34562489690105;0.212702;0.357853;24;0.99871 0.00010658 0.0507776 39.5512 0.000118728 0.99999 -0.00443411 -5.77853 -0.0507775 0.00443442 0.9987 -9.51212 0 0 0 1 
34562489690106;0.369761;0.456848;21;1 -6.4389e-08 1.30733e-06 -0.386265 6.43891e-08 1 -4.21929e-08 1.65297 -1.30733e-06 4.21929e-08 1 0.652398 0 0 0 1 
34562489690107;0.232667;0.209115;23;1 -6.07421e-08 4.60359e-07 -0.425497 6.07421e-08 1 1.20706e-08 1.05129 -4.60359e-07 -1.20706e-08 1 -0.0710458 0 0 0 1 
34562489690108;0.240619;0.307908;21;1 -3.63817e-08 -4.14519e-07 -0.103667 3.63818e-08 1 3.33058e-08 0.961492 4.14519e-07 -3.33058e-08 1 -0.15592 0 0 0 1 
34562489690109;0.185949;0.286072;21;1 -9.69383e-08 -1.00188e-06 -0.539909 9.69383e-08 1 4.82861e-08 0.145946 1.00188e-06 -4.82862e-08 1 -0.295209 0 0 0 1 
34562489690110;0.265953;0.410703;21;0.999995 -1.76402e-06 -0.00302817 15.9728 2.56308e-06 1 0.000263874 -1.36577 0.00302817 -0.00026388 0.999995 -4.47409 0 0 0 1 
34562489690111;0.165425;0.364879;23;0.999846 1.53245e-05 0.0175584 -17.0738 1.15577e-05 0.999999 -0.00153092 4.61406 -0.0175584 0.00153089 0.999845 16.7396 0 0 0 1 
34562489690112;0.350609;0.502177;25;0.998516 0.000132698 0.0544603 -31.9076 0.000126211 0.999989 -0.00475062 6.17141 -0.0544603 0.00475044 0.998505 34.6389 0 0 0 1 
34562489690113;0.399049;0.482176;21;1 -6.21406e-08 2.01545e-07 -0.416573 6.21406e-08 1 -5.21956e-10 0.869034 -2.01545e-07 5.21968e-10 1 0.015288 0 0 0 1 
34562489690114;0.0997142;0.348426;23;1 4.83143e-08 3.16512e-07 0.512188 -4.83143e-08 1 1.05079e-08 3.12148 -3.16512e-07 -1.05079e-08 1 -0.0114678 0 0 0 1 
34562489690115;0.280795;0.34553;21;1 -6.0143e-08 -1.74509e-07 -0.406708 6.0143e-08 1 6.1507e-09 -0.563999 1.74509e-07 -6.15071e-09 1 -0.130371 0 0 0 1 
34562489690116;0.37279;0.487532;24;1 -1.04482e-07 1.36593e-07 -0.757049 1.04482e-07 1 4.45474e-08 0.283617 -1.36593e-07 -4.45474e-08 1 -0.403643 0 0 0 1 
34562489690117;0.26675;2.53843;102;1 -2.43616e-07 -1.22779e-06 -0.00376389 2.43617e-07 1 1.56305e-07 24.5568 1.22779e-06 -1.56305e-07 1 0.192544 0 0 0 1 
34562489690118;0.0989808;0.394663;40;0.995752 -0.00194505 -0.092058 18646.8 0.0026104 0.999971 0.00710768 -1608.13 0.0920416 -0.00731779 0.995728 -5778.57 0 0 0 1 
34562489690119;0.386067;0.748177;25;0.998832 9.14141e-05 -0.0483192 87.5211 0.000112301 0.999991 0.00421328 -7.39702 0.0483192 -0.00421379 0.998823 -38.7022 0 0 0 1 
34562489690120;0.309421;0.604538;21;0.999942 6.091e-06 0.0108069 -8.81585 4.10469e-06 1 -0.000943422 4.93381 -0.0108069 0.000943412 0.999941 1.40791 0 0 0 1 
34562489690121;0.382301;0.528731;21;1 -1.16675e-07 7.69483e-08 -0.729781 1.16675e-07 1 5.87801e-09 1.4688 -7.69483e-08 -5.878e-09 1 0.16992 0 0 0 1 
34562489690122;0.179762;0.350754;21;0.999954 3.39861e-06 0.00954304 2.49717 4.55563e-06 1 -0.000833491 -2.51969 -0.00954304 0.000833496 0.999954 -1.38325 0 0 0 1 
34562489690124;0.346704;0.651693;21;1 -1.76377e-07 -8.34175e-07 -1.34013 1.76377e-07 1 8.37797e-08 0.627167 8.34175e-07 -8.37799e-08 1 -0.619111 0 0 0 1 
34562489690125;0.12865;0.417176;21;0.999793 2.24243e-05 -0.0203402 -31.9221 1.36564e-05 0.999998 0.00177372 5.48003 0.0203402 -0.00177363 0.999792 -17.9155 0 0 0 1 
34562489690126;0.441684;0.961389;24;0.99981 1.89755e-05 0.0194872 -20.9848 1.41795e-05 0.999999 -0.00170123 6.83827 -0.0194872 0.00170119 0.999809 2.42951 0 0 0 1 
34562489690127;0.210546;0.31138;23;0.999978 3.46047e-06 0.006606 -12.8071 3.40168e-07 1 -0.00057533 2.39899 -0.006606 0.000575319 0.999978 10.9055 0 0 0 1 
34562489690128;0.0334274;0.319469;24;0.999777 -3.43951e-05 -0.021103 435.909 7.28298e-05 0.999998 0.00182052 -40.514 0.0211029 -0.00182165 0.999776 -167.587 0 0 0 1 
34562489690129;0.0803559;0.134798;23;1 -2.86565e-06 3.60292e-06 22.3222 2.86565e-06 1 3.37442e-07 -1.29077 -3.60292e-06 -3.37431e-07 1 4.61227 0 0 0 1 
34562489690130;0.355847;0.462984;21;1 -1.05051e-07 -5.738e-07 -0.749628 1.05051e-07 1 4.52635e-08 0.557847 5.738e-07 -4.52636e-08 1 -0.39031 0 0 0 1 
34562489690131;0.103607;0.682687;26;0.999999 1.52001e-05 0.00130009 -121.137 -1.50485e-05 1 -0.000116582 16.3448 -0.0013001 0.000116562 0.999999 -25.0797 0 0 0 1 
34562489690132;0.232394;0.502576;24;0.998234 0.000146887 -0.0593992 66.1281 0.000161258 0.999987 0.00518287 -1.95187 0.0593991 -0.0051833 0.998221 -23.1693 0 0 0 1 
34562489690133;0.372111;0.53872;21;0.99996 4.40311e-07 -0.00890525 23.5153 6.47667e-06 1 0.000776702 -0.740968 0.00890525 -0.000776729 0.99996 -6.41596 0 0 0 1 
34562489690134;0.23228;0.298159;21;0.999999 -9.8072e-07 -0.00115142 7.28641 1.09608e-06 1 0.000100185 0.530782 0.00115141 -0.000100186 0.999999 -3.09624 0 0 0 1 
34562489690135;0.171644;4.72036;200;1 -2.75966e-07 -4.59406e-06 -0.622083 2.75967e-07 1 2.31446e-07 36.5505 4.59406e-06 -2.31448e-07 1 -0.625527 0 0 0 1 
34562489690136;0.200279;0.291905;21;1 -1.20593e-07 -2.67435e-07 -0.823786 1.20593e-07 1 3.22408e-08 0.571405 2.67435e-07 -3.22408e-08 1 -0.272849 0 0 0 1 
34562489690137;0.062551;0.312036;27;0.998571 0.000759209 -0.0534293 -5096.69 -0.000529019 0.999991 0.00432233 444.545 0.0534321 -0.00428789 0.998562 -3034.66 0 0 0 1 
34562489690138;0.126833;0.405643;23;1 6.60796e-08 1.41608e-07 0.633856 -6.60796e-08 1 -1.93412e-08 2.93054 -1.41608e-07 1.93412e-08 1 0.180051 0 0 0 1 
34562489690139;0.334771;0.699412;21;1 2.48887e-08 -3.60423e-08 0.403513 -2.48887e-08 1 2.30116e-08 3.61906 3.60423e-08 -2.30116e-08 1 -0.048521 0 0 0 1 
34562489690140;0.169798;0.445821;21;1 -6.7546e-08 5.24528e-08 -0.252128 6.7546e-08 1 1.52566e-08 2.73962 -5.24528e-08 -1.52566e-08 1 -0.0976517 0 0 0 1 
34562489690141;0.269667;0.634714;21;0.999958 4.64218e-06 -0.00916757 -5.6169 2.69233e-06 1 0.000800036 3.91405 0.00916757 -0.000800027 0.999958 -3.33318 0 0 0 1 
34562489690142;0.0756236;0.303491;25;0.999397 5.65593e-06 -0.034726 381.603 9.88542e-05 0.999995 0.00300785 -34.8257 0.0347258 -0.00300947 0.999392 -180.647 0 0 0 1 
34562489690143;0.273373;0.588567;24;0.999808 1.9821e-05 0.0195934 -25.7089 1.36633e-05 0.999999 -0.00170882 5.43222 -0.0195934 0.00170876 0.999807 15.1472 0 0 0 1 
34562489690144;0.115892;5.68996;200;1 2.00415e-07 7.10992e-06 3.68942 -2.00413e-07 1 -1.90536e-07 44.7815 -7.10992e-06 1.90534e-07 1 2.86451 0 0 0 1 
34562489690145;0.160443;0.439941;25;0.999728 4.40368e-05 0.0233099 -166.239 9.53012e-06 0.999997 -0.00229792 11.688 -0.0233099 0.00229752 0.999726 -2111.52 0 0 0 1 
34562489690146;0.0878609;4.37291;200;1 2.02178e-07 2.7536e-06 3.40993 -2.02178e-07 1 -4.81244e-08 34.0601 -2.7536e-06 4.81238e-08 1 1.7355 0 0 0 1 
34562489690147;0.0902058;0.402293;28;0.998113 -1.01478e-05 -0.0614071 1415.45 0.000342801 0.999985 0.00540664 -120.583 0.0614061 -0.00541749 0.998098 451.644 0 0 0 1 
34562489690148;0.253989;5.83619;200;1 1.49115e-07 -3.08855e-06 4.33287 -1.49114e-07 1 2.27017e-07 44.9564 3.08855e-06 -2.27016e-07 1 -0.0422041 0 0 0 1 
34562489690149;0.415878;0.448289;21;1 -5.64147e-08 -1.41682e-07 -0.41497 5.64147e-08 1 4.05677e-08 0.0689434 1.41682e-07 -4.05677e-08 1 -0.403366 0 0 0 1 
34562489690150;0.323952;0.422121;21;0.999997 -1.05973e-06 -0.00263641 9.73486 1.66554e-06 1 0.000229784 -0.472845 0.00263641 -0.000229788 0.999996 -3.29776 0 0 0 1 
34562489690151;0.0908205;0.555653;26;1 5.53653e-08 5.78122e-08 0.513007 -5.53653e-08 1 2.78208e-09 3.90629 -5.78122e-08 -2.78208e-09 1 0.00788976 0 0 0 1 
34562489690152;0.416208;0.403531;25;0.994089 0.000515283 -0.108568 21.8899 0.00051655 0.999955 0.00947572 -0.0984118 0.108568 -0.00947579 0.994044 -24.1039 0 0 0 1 
34562489690153;0.0988573;0.441907;24;0.999936 8.67729e-06 -0.0113261 -22.4337 2.46344e-06 1 0.000983619 -1.94145 0.0113261 -0.000983583 0.999935 -42.0847 0 0 0 1 
34562489690155;0.259195;0.80305;23;0.999573 3.7055e-05 -0.0292101 5.48831 3.74284e-05 0.999997 0.00254937 3.78908 0.0292101 -0.00254937 0.99957 -7.94451 0 0 0 1 
34562489690156;0.172496;0.467357;32;0.999438 4.60793e-05 -0.0335333 29.1148 5.19625e-05 0.999996 0.00292284 0.789184 0.0335333 -0.00292294 0.999433 -39.0027 0 0 0 1 
34562489690157;0.159263;0.531865;23;0.999973 6.12783e-06 0.00740373 -27.9901 -1.35422e-06 1 -0.000644761 2.99211 -0.00740373 0.000644734 0.999972 13.1326 0 0 0 1 
34562489690158;0.105511;0.209465;24;0.999549 0.00026069 0.0300174 -1783.87 -0.00017211 0.999996 -0.00295349 155.86 -0.0300181 0.00294699 0.999545 -2624.51 0 0 0 1 
34562489690159;0.266866;0.392753;23;1 2.0526e-08 2.83999e-07 0.29178 -2.0526e-08 1 3.232e-08 1.8873 -2.83999e-07 -3.232e-08 1 -0.217143 0 0 0 1 
34562489690160;0.0473697;0.171521;23;0.999937 7.49118e-06 0.0112362 -16.9528 3.51366e-06 1 -0.000979392 2.30473 -0.0112362 0.000979369 0.999936 12.7499 0 0 0 1 
34562489690161;0.216211;0.325153;21;1 -1.18255e-06 -2.2674e-06 9.64599 1.18255e-06 1 -7.47548e-07 0.599799 2.2674e-06 7.47545e-07 1 -7.45169 0 0 0 1 
34562489690162;0.156911;0.384681;26;0.999901 1.16812e-05 0.0140957 -23.9449 5.6555e-06 0.999999 -0.00122988 3.84812 -0.0140958 0.00122984 0.9999 6.1783 0 0 0 1 
34562489690163;0.149607;0.655577;36;0.998854 8.07739e-05 0.0478525 148.536 0.000119615 0.999991 -0.00418475 -7.42565 -0.0478524 0.00418568 0.998846 -63.2196 0 0 0 1 
34562489690164;0.334807;0.638845;21;1 1.70652e-07 1.63929e-06 1.34771 -1.70652e-07 1 -4.62696e-08 -0.180058 -1.63929e-06 4.62694e-08 1 0.217598 0 0 0 1 
34562489690165;0.385816;0.705475;21;0.999977 2.62826e-06 0.00685335 -3.72216 1.4607e-06 1 -0.000596632 3.22865 -0.00685335 0.000596628 0.999976 14.2577 0 0 0 1 
34562489690166;0.333068;0.57261;38;0.998987 9.36558e-05 0.0449966 -45.3197 8.31492e-05 0.999992 -0.00392741 5.8561 -0.0449966 0.00392718 0.998979 11.062 0 0 0 1 
34562489690167;0.363242;0.517032;23;1 1.50716e-08 2.81482e-07 0.34057 -1.50716e-08 1 2.58047e-08 1.64801 -2.81482e-07 -2.58047e-08 1 -0.182499 0 0 0 1 
34562489690168;0.405801;0.249277;24;0.999641 3.23485e-05 -0.0267746 -3.84648 3.02179e-05 0.999997 0.00233638 2.57952 0.0267746 -0.00233635 0.999639 -11.5768 0 0 0 1 
34562489690169;0.233383;0.572439;23;0.999484 4.37052e-05 -0.0321221 15.284 4.64191e-05 0.999996 0.00280493 1.60799 0.0321221 -0.00280497 0.99948 2.9949 0 0 0 1 
34562489690170;0.111556;0.252265;23;1 2.44932e-08 4.9754e-07 0.443796 -2.44932e-08 1 -1.70465e-09 1.49855 -4.9754e-07 1.70463e-09 1 -0.0837111 0 0 0 1 
34562489690171;0.0960451;0.493278;26;0.999606 3.42666e-05 -0.0280716 5.60846 3.4514e-05 0.999997 0.0024497 3.2436 0.0280716 -0.0024497 0.999603 -10.3052 0 0 0 1 
34562489690172;0.321124;0.56801;43;0.999148 8.34155e-05 0.0412827 -74.9864 6.57762e-05 0.999993 -0.00361253 8.59392 -0.0412827 0.00361217 0.999141 -64.1908 0 0 0 1 
34562489690173;0.268086;0.347272;24;0.999933 5.0959e-06 0.0115392 4.88005 6.52141e-06 0.999999 -0.00100673 0.807964 -0.0115392 0.00100674 0.999933 6.44991 0 0 0 1 
34562489690174;0.189053;0.321601;21;1 3.81105e-08 8.5128e-07 0.524612 -3.81104e-08 1 -2.5881e-08 1.27591 -8.5128e-07 2.58809e-08 1 0.114161 0 0 0 1 
34562489690175;0.133957;0.344253;24;0.999874 1.55773e-05 0.0158427 -37.675 6.32555e-06 0.999999 -0.00138247 4.68213 -0.0158427 0.00138239 0.999874 6.32802 0 0 0 1 
34562489690176;0.144022;0.404356;23;0.999862 1.64849e-05 0.0166365 -35.7715 7.66443e-06 0.999999 -0.00145153 2.15806 -0.0166365 0.00145145 0.999861 8.21853 0 0 0 1 
34562489690177;0.320514;0.496745;21;1 4.94986e-08 2.27506e-07 0.623279 -4.94986e-08 1 -5.67984e-09 1.57777 -2.27506e-07 5.67983e-09 1 0.0428044 0 0 0 1 
34562489690178;0.353901;0.835084;25;0.993347 0.000577223 -0.115159 46.143 0.000583983 0.999949 0.0100495 0.853646 0.115159 -0.0100499 0.993296 -35.8106 0 0 0 1 
34562489690179;0.0142393;0.0986053;21;1 3.47842e-08 2.72435e-07 0.434242 -3.47842e-08 1 -1.21327e-08 0.111029 -2.72435e-07 1.21327e-08 1 0.0358156 0 0 0 1 
34562489690180;0.106434;0.230879;28;0.999869 1.04741e-05 -0.0161679 9.7937 1.22117e-05 0.999999 0.00140304 -0.0177397 0.0161679 -0.00140306 0.999868 -68.7168 0 0 0 1 
34562489690181;0.139987;0.0969637;21;0.999997 -5.19581e-07 0.00237322 5.33534 1.01259e-06 1 -0.000207739 -0.517903 -0.00237322 0.00020774 0.999997 -3.90697 0 0 0 1 
34562489690182;0.247912;0.576799;23;0.996294 0.000320607 -0.0860149 36.3719 0.000326493 0.999972 0.00750894 -0.196086 0.0860149 -0.00750919 0.996266 -5.02665 0 0 0 1 
34562489690183;0.115667;0.505302;25;1 3.37033e-08 9.29324e-07 0.46434 -3.37033e-08 1 2.84013e-08 3.04727 -9.29324e-07 -2.84013e-08 1 -0.134819 0 0 0 1 
34562489690184;0.228068;0.395917;21;1 9.18375e-08 1.14568e-06 0.890164 -9.18374e-08 1 -5.5311e-08 0.62284 -1.14568e-06 5.53109e-08 1 0.292277 0 0 0 1 
34562489690186;0.0711037;0.225595;26;1 6.89136e-08 2.56121e-07 0.197578 -6.89136e-08 1 9.95916e-09 -2.47434 -2.56121e-07 -9.95918e-09 1 -0.19459 0 0 0 1 
34562489690187;0.0441165;0.0917579;25;0.999502 2.47087e-05 0.0315463 146.327 6.2886e-05 0.999996 -0.00277571 -13.6402 -0.0315463 0.00277631 0.999498 -179.824 0 0 0 1 
34562489690188;0.231973;0.249329;23;0.998624 0.000307978 -0.052449 -1503.09 -5.41829e-05 0.999988 0.00484025 133.478 0.0524498 -0.00483074 0.998612 2025.67 0 0 0 1 
34562489690189;0.393005;0.608146;32;0.997919 0.000175616 -0.0644792 56.3044 0.000187638 0.999984 0.00562755 -0.260579 0.0644792 -0.00562794 0.997903 -10.0718 0 0 0 1 
34562489690190;0.219538;0.514378;38;0.998542 0.000109273 -0.0539869 152.233 0.000146071 0.999989 0.00472577 -7.67406 0.0539868 -0.00472677 0.99853 108.433 0 0 0 1 
34562489690191;0.389147;3.38222;200;1 5.88979e-07 2.38365e-06 2.16144 -5.88978e-07 1 -2.19467e-07 -41.8105 -2.38365e-06 2.19465e-07 1 0.552916 0 0 0 1 
34562489690192;0.192134;0.427663;27;0.999966 5.54535e-06 0.00823012 -20.9218 3.65933e-07 1 -0.000718248 -2.0287 -0.00823013 0.000718227 0.999966 1.98701 0 0 0 1 
34562489690193;0.281462;0.295579;25;1 -6.46395e-08 3.62744e-07 -0.267963 6.46394e-08 1 9.35889e-08 0.926432 -3.62744e-07 -9.35889e-08 1 -0.757704 0 0 0 1 
34562489690194;0.204314;0.198787;23;0.999439 3.53789e-05 0.0334816 103.943 6.27478e-05 0.999996 -0.0029297 -10.1953 -0.0334816 0.00293016 0.999435 -57.4554 0 0 0 1 
34562489690195;0.157469;0.337791;26;0.999655 4.64509e-05 -0.0262691 -127.412 1.47988e-05 0.999997 0.00233143 14.7575 0.0262691 -0.00233101 0.999652 302.166 0 0 0 1 
34562489690196;0.0529904;0.081994;25;0.99994 -2.38233e-06 -0.0109432 62.9001 1.28972e-05 1 0.000960781 -4.28168 0.0109432 -0.000960865 0.99994 43.3973 0 0 0 1 
34562489690197;0.438295;3.73978;200;1 5.99458e-07 -2.51101e-07 0.323746 -5.99458e-07 1 -7.15714e-08 -46.3535 2.51101e-07 7.15715e-08 1 -1.07747 0 0 0 1 
34562489690198;0.0525853;0.120178;24;0.999972 3.23151e-06 -0.00749961 -4.23301 1.67035e-06 1 0.000653608 2.41757 0.00749961 -0.000653603 0.999972 -9.27639 0 0 0 1 
34562489690199;0.186435;3.49225;200;1 -3.76505e-07 -7.28295e-07 0.0609779 3.76505e-07 1 1.51005e-07 44.6506 7.28295e-07 -1.51006e-07 1 -0.0429782 0 0 0 1 
34562489690200;0.246291;0.220539;21;1 1.0337e-07 -1.33745e-05 -0.487569 -1.03356e-07 1 1.02976e-06 0.715747 1.33745e-05 -1.02976e-06 1 -0.745084 0 0 0 1 
34562489690201;0.100046;0.161899;23;0.999984 -1.04817e-06 0.00572749 18.7952 3.90955e-06 1 -0.000499576 -3.1235 -0.00572748 0.00049959 0.999983 3.43056 0 0 0 1 
34562489690202;0.155088;0.17374;21;1 4.40042e-08 2.46738e-07 0.264689 -4.40042e-08 1 1.66637e-08 0.804666 -2.46738e-07 -1.66637e-08 1 -0.102829 0 0 0 1 
34562489690203;0.0877176;2.84019;200;0.999999 0.000108651 0.00154842 -869.928 -0.000108527 1 -8.02674e-05 113.982 -0.00154843 8.00992e-05 0.999999 443.812 0 0 0 1 
34562489690204;0.244178;0.343702;27;0.999885 1.13064e-05 0.0151874 -11.6815 8.8384e-06 0.999999 -0.00132635 -1.43379 -0.0151874 0.00132633 0.999884 -2.2019 0 0 0 1 
34562489690205;0.481854;0.442412;25;0.99224 0.00092571 -0.124338 -1976.66 0.000448159 0.999939 0.0110211 170.397 0.12434 -0.0109913 0.992179 1096.53 0 0 0 1 
34562489690206;0.097924;2.45561;200;0.997965 0.000155826 0.063768 169.095 0.000201037 0.999984 -0.00558981 -46.4465 -0.0637679 0.00559125 0.997949 -195.526 0 0 0 1 
34562489690207;0.417969;0.532914;26;0.995681 0.000386217 -0.0928409 -59.7281 0.000367466 0.999967 0.00810077 10.1195 0.092841 -0.0080999 0.995648 -42.3178 0 0 0 1 
34562489690208;0.41666;0.440853;21;1 9.23938e-08 -1.33219e-07 0.414234 -9.23938e-08 1 2.57049e-08 -2.2673 1.33219e-07 -2.57049e-08 1 -0.2266 0 0 0 1 
34562489690209;0.102897;0.0687972;24;0.999952 8.37909e-05 -0.00980901 -638.495 -7.51815e-05 1 0.000878074 56.3229 0.00980908 -0.000877294 0.999952 167.735 0 0 0 1 
34562489690210;0.0465566;0.481048;42;0.999794 5.97575e-05 0.0202731 -339.011 -2.22067e-05 0.999998 -0.00185247 23.6918 -0.0202732 0.00185164 0.999793 -658.719 0 0 0 1 
34562489690211;0.156365;2.75717;200;1 6.60057e-07 -5.55947e-07 0.875337 -6.60057e-07 1 -3.16639e-08 -35.3058 5.55947e-07 3.16643e-08 1 -0.541235 0 0 0 1 
34562489690212;0.249667;0.331592;21;1 7.16082e-08 3.84587e-07 0.276438 -7.16082e-08 1 -1.96538e-08 -2.16864 -3.84587e-07 1.96537e-08 1 0.0745417 0 0 0 1 
34562489690213;0.302086;0.389694;21;0.999935 8.89632e-06 0.0113798 -27.06 2.40561e-06 1 -0.000993142 0.0324659 -0.0113798 0.000993105 0.999935 3.14753 0 0 0 1 
34562489690214;0.0408606;0.158409;24;1 -5.03746e-09 1.10098e-07 0.244677 5.03745e-09 1 2.13111e-08 1.80134 -1.10098e-07 -2.13111e-08 1 -0.126499 0 0 0 1 
34562489690215;0.322976;3.20116;200;1 -5.65108e-07 1.77512e-06 -0.699283 5.65108e-07 1 -2.37229e-08 40.5649 -1.77512e-06 2.37239e-08 1 0.837221 0 0 0 1 
34562489690217;0.345856;0.241285;24;0.999889 1.39398e-05 0.0149279 -36.9969 5.47354e-06 0.999999 -0.00130043 3.59303 -0.0149279 0.00130037 0.999888 25.1736 0 0 0 1 
34562489690218;0.369096;0.469026;21;0.999935 5.09936e-06 -0.0114418 5.89336 6.3264e-06 1 0.000998561 -2.00451 0.0114418 -0.000998568 0.999934 -3.68401 0 0 0 1 
34562489690219;0.344434;0.795581;24;0.999868 8.51146e-06 -0.0162465 25.4245 1.45184e-05 0.999999 0.00141741 -0.674057 0.0162465 -0.00141746 0.999867 -8.25638 0 0 0 1 
34562489690220;0.281678;1.12792;38;0.948726 0.0044841 -0.316068 -13.4709 0.00446591 0.999609 0.0275867 -1.88735 0.316068 -0.0275837 0.948335 -102.818 0 0 0 1 
34562489690221;0.2479;0.738188;21;0.999097 8.95713e-05 -0.0424868 -82.2239 7.31567e-05 0.999993 0.00382851 6.90951 0.0424869 -0.00382816 0.99909 952.575 0 0 0 1 
34562489690222;0.309448;1.00133;31;0.998647 0.000107695 -0.0519943 88.5228 0.000128456 0.99999 0.00453849 -6.96209 0.0519942 -0.00453903 0.998637 -7.26465 0 0 0 1 
34562489690223;0.503992;0.647042;29;0.972395 0.00204623 -0.233334 2960.27 0.0023821 0.999822 0.0186951 -247.3 0.23333 -0.0187349 0.972217 -13177.2 0 0 0 1 
34562489690224;0.505738;0.5325;24;0.997529 0.000210114 -0.0702567 53.6521 0.000221375 0.999981 0.00613375 -5.18906 0.0702567 -0.00613415 0.99751 -2.73042 0 0 0 1 
34562489690225;0.255572;0.60722;27;0.995247 0.000408005 0.0973784 41.2139 0.000421832 0.999964 -0.00850104 -4.42167 -0.0973784 0.00850171 0.995211 7.59762 0 0 0 1 
34562489690226;0.59187;1.01638;38;0.980869 0.00166801 -0.194664 45.288 0.00167215 0.999854 0.0169931 -5.78139 0.194663 -0.0169935 0.980723 -25.2585 0 0 0 1 
34562489690227;0.535961;0.596337;27;0.993815 0.000537836 -0.111051 32.1748 0.000544494 0.999953 0.00971568 -3.23723 0.111051 -0.00971605 0.993767 158.424 0 0 0 1 
34562489690228;0.492348;1.88843;43;0.979231 0.00179725 -0.202737 153.912 0.00182878 0.999842 0.0176966 -13.5285 0.202737 -0.0176998 0.979073 -14.5072 0 0 0 1 
34562489690229;0.377629;0.472108;23;0.999062 8.32172e-05 -0.0432988 -4.85326 8.03194e-05 0.999993 0.00377518 -1.04638 0.0432988 -0.00377512 0.999055 -43.7311 0 0 0 1 
34562489690230;0.309344;1.85945;34;0.988804 0.000854765 -0.149215 1005.84 0.00110628 0.999914 0.0130589 -84.1162 0.149213 -0.0130778 0.988719 397.874 0 0 0 1 
34562489690231;0.422227;0.924737;26;0.999309 5.43704e-05 0.037172 41.0231 6.62844e-05 0.999995 -0.00324461 -3.04879 -0.037172 0.00324483 0.999304 7.85963 0 0 0 1 
34562489690232;0.215127;0.990625;30;0.997719 0.000189078 0.067505 69.3461 0.000208936 0.999983 -0.00588896 -6.55162 -0.0675049 0.00588963 0.997702 36.8484 0 0 0 1 
34562489690233;0.420689;0.722163;23;0.999979 8.7087e-07 -0.00653522 7.3355 2.8558e-06 1 0.000570235 -0.345004 0.00653522 -0.000570241 0.999978 -3.31442 0 0 0 1 
34562489690234;0.244511;0.714364;21;0.999992 -5.39677e-07 -0.0039698 8.83382 1.91513e-06 1 0.000346475 -1.04547 0.0039698 -0.00034648 0.999992 -1.21898 0 0 0 1 
34562489690235;0.305129;0.518893;24;0.99982 1.63525e-05 0.0189991 -8.83679 1.52975e-05 0.999999 -0.00166572 1.44712 -0.0189991 0.00166571 0.999818 -54.0308 0 0 0 1 
34562489690236;0.196522;1.06275;27;0.994404 0.0004347 0.105647 416.681 0.000537686 0.999958 -0.00917546 -35.3502 -0.105646 0.00918091 0.994361 351.339 0 0 0 1 
34562489690237;0.236663;1.3527;39;0.994083 0.000506196 -0.108619 95.6245 0.000527369 0.999955 0.00948653 -9.00282 0.108619 -0.00948769 0.994038 29.8306 0 0 0 1 
34562489690238;0.36003;0.894453;21;0.999964 9.2195e-07 0.00848022 14.4566 5.3549e-06 1 -0.000740152 -1.85924 -0.00848022 0.000740171 0.999964 1.94999 0 0 0 1 
34562489690239;0.243492;0.93545;26;0.999927 9.09446e-07 -0.0121132 44.0167 1.1795e-05 0.999999 0.00104873 -6.22628 0.0121132 -0.0010488 0.999926 -70.749 0 0 0 1 
34562489690240;0.35283;0.778528;23;0.999947 2.82086e-06 -0.0103056 14.9684 6.41147e-06 1 0.000895822 -3.77728 0.0103056 -0.000895841 0.999946 -32.5286 0 0 0 1 
34562489690241;0.379757;2.77091;66;0.950102 0.0043993 0.311909 -389.921 0.00435326 0.999616 -0.0273594 28.7744 -0.31191 0.0273521 0.949718 -940.01 0 0 0 1 
34562489690242;0.378853;0.594504;32;0.94222 0.00507908 0.334956 -322.035 0.00504425 0.999557 -0.029346 27.866 -0.334957 0.02934 0.941777 -742.056 0 0 0 1 
34562489690243;0.301434;1.06869;24;1 -2.50768e-07 -3.20274e-05 -0.107434 2.50851e-07 1 2.57979e-06 1.09137 3.20274e-05 -2.57979e-06 1 -1.63145 0 0 0 1 
34562489690244;0.500189;0.904496;26;0.986453 -8.09673e-05 -0.164042 10190 0.00252998 0.999888 0.0147203 -880.659 0.164023 -0.0149359 0.986344 4944.67 0 0 0 1 
34562489690245;0.271456;0.337812;25;0.999874 9.33196e-06 0.0158605 10.2202 1.26306e-05 0.999999 -0.00138463 -0.307123 -0.0158605 0.00138466 0.999873 2.04271 0 0 0 1 
34562489690246;0.262584;0.743812;24;0.993326 0.000574141 -0.115336 83.4573 0.000591156 0.999949 0.010069 -6.39504 0.115336 -0.01007 0.993276 -3.03616 0 0 0 1 
34562489690248;0.122472;0.225484;25;0.998288 -7.12787e-05 0.0584834 1768.71 0.000372866 0.999987 -0.00514589 -153.763 -0.0584823 0.00515889 0.998275 -420.641 0 0 0 1 
34562489690249;0.236877;0.637596;34;0.984755 0.00138976 -0.17394 -445.412 0.0012965 0.999882 0.0153291 43.1871 0.173941 -0.0153209 0.984637 1071.07 0 0 0 1 
34562489690250;0.361013;0.648294;23;0.996702 0.000295246 0.0811441 -67.3397 0.000280342 0.999975 -0.00708193 3.6258 -0.0811441 0.00708133 0.996677 32.292 0 0 0 1 
34562489690251;0.0844088;0.139267;24;0.999514 4.32904e-05 -0.0311813 -1.38039 4.15755e-05 0.999996 0.00272104 0.833787 0.0311813 -0.00272101 0.99951 -13.0289 0 0 0 1 
34562489690252;0.195046;0.47379;21;1 3.75994e-08 -1.39799e-07 0.632547 -3.75994e-08 1 1.24571e-08 2.75047 1.39799e-07 -1.24571e-08 1 0.011848 0 0 0 1 
34562489690253;0.120903;0.430058;36;0.996064 -0.000188198 0.0886402 4268.82 0.000905871 0.999967 -0.00805632 -373.336 -0.0886358 0.0081049 0.996031 -2939.95 0 0 0 1 
34562489690254;0.246774;0.547241;24;1 1.61668e-07 -4.17532e-07 1.22076 -1.61668e-07 1 -2.24841e-08 -2.18852 4.17532e-07 2.24842e-08 1 0.102273 0 0 0 1 
34562489690255;0.134202;0.238112;23;0.999914 7.2691e-06 0.0131006 0.903792 7.68971e-06 0.999999 -0.00114179 -0.748372 -0.0131006 0.0011418 0.999914 16.4678 0 0 0 1 
