#;prob_registration_l1 -r /home/probabilistic_point_clouds_registration/build/tester /home/point_clouds_registration_benchmark//devel/registration_pairs/wood_summer_local.txt /home/point_clouds_registration_benchmark//eth/wood_summer -s 0.2 -t 0.2 -p 0.3 -r 1000 -m 10 -n 20 -i 200 
id;initial_error;final_error;transformation
2318808360000;0.0774618;0.0199662;25;0.998061 0.0432245 0.0447898 -0.4798 -0.0432737 0.999063 0.000128884 0.453721 -0.0447422 -0.00206685 0.998996 0.357529 0 0 0 1 
2318808360001;0.306883;0.0244069;29;0.997408 0.0701247 -0.0161352 -0.14266 -0.0703564 0.99742 -0.0142673 0.593597 0.015093 0.0153655 0.999768 -0.422821 0 0 0 1 
2318808360002;0.495258;0.0247125;52;0.916332 -0.385429 -0.108533 4.79133 0.384161 0.922669 -0.0332125 -1.7818 0.112941 -0.0112604 0.993538 -0.171608 0 0 0 1 
2318808360003;0.524546;0.0258886;54;0.910819 -0.409584 -0.0514674 4.46384 0.412597 0.899299 0.144998 -2.67871 -0.0131043 -0.153302 0.988092 1.26157 0 0 0 1 
2318808360004;0.20511;0.0187703;27;0.997662 -0.0642482 0.0232958 0.627772 0.0642051 0.997933 0.00259319 -0.534718 -0.0234143 -0.00109142 0.999725 -0.207074 0 0 0 1 
2318808360005;0.440296;0.0191084;51;0.984254 0.0701421 -0.162247 -0.100327 -0.0223364 0.959893 0.279476 0.206841 0.175343 -0.271451 0.946345 0.85096 0 0 0 1 
2318808360006;0.169359;0.0241253;28;0.996127 -0.0851385 0.0219485 1.0325 0.0855385 0.996173 -0.0179781 -0.45252 -0.0203339 0.0197859 0.999597 0.0866935 0 0 0 1 
2318808360007;0.299345;0.0181694;50;0.926925 -0.370278 0.0608616 4.32949 0.369099 0.928906 0.0300079 -2.27099 -0.067646 -0.00535111 0.997695 0.510711 0 0 0 1 
2318808360008;0.34518;0.0150851;58;0.928362 0.272233 0.253049 -2.40773 -0.304748 0.94728 0.098937 2.93939 -0.212774 -0.168966 0.962381 3.81222 0 0 0 1 
2318808360009;0.553788;0.328494;26;0.96471 0.211717 0.156556 -2.18669 -0.207848 0.977307 -0.0408754 1.21083 -0.161658 0.00689292 0.986823 1.52206 0 0 0 1 
2318808360010;0.296129;0.0152175;30;0.991831 -0.127541 -0.00231027 1.25658 0.127528 0.99099 0.0409254 -1.2574 -0.00293019 -0.0408857 0.99916 0.00146385 0 0 0 1 
2318808360011;0.267088;0.0266496;38;0.973319 -0.190861 0.127368 2.136 0.177419 0.977998 0.109734 -1.28435 -0.145509 -0.0842088 0.985767 2.35863 0 0 0 1 
2318808360012;0.117207;0.0269557;27;0.996998 -0.00441829 -0.077301 0.0681122 0.00808381 0.998854 0.0471704 -0.193815 0.077004 -0.0476536 0.995891 -0.271899 0 0 0 1 
2318808360013;0.297157;0.0141861;28;0.997112 -0.051059 0.0562192 0.00364727 0.0529261 0.998078 -0.0322377 -0.647513 -0.0544651 0.03512 0.997898 -0.0663488 0 0 0 1 
2318808360014;0.320442;0.02474;28;0.99996 0.00534583 0.00711216 -0.0364746 -0.00533541 0.999985 -0.00148336 0.0767283 -0.00711998 0.00144535 0.999974 -0.616275 0 0 0 1 
2318808360015;0.329054;0.0310379;43;0.962989 0.239167 -0.124307 -2.10772 -0.251539 0.963113 -0.0956107 2.43921 0.0968552 0.12334 0.987627 -2.49616 0 0 0 1 
2318808360016;0.335073;0.0216118;28;0.999374 0.0343798 0.00839706 -0.286283 -0.0344 0.999406 0.00226575 -0.0568877 -0.00831417 -0.00255318 0.999962 -0.49216 0 0 0 1 
2318808360017;0.483715;0.0199338;39;0.972259 0.228777 -0.0487192 -2.53721 -0.228932 0.973439 0.00245447 1.79695 0.0479867 0.00876699 0.998809 0.225606 0 0 0 1 
2318808360018;0.313611;0.0212946;56;0.907506 -0.408089 -0.0994748 5.00227 0.39863 0.911394 -0.102247 -2.09158 0.132387 0.0531361 0.989773 -1.55111 0 0 0 1 
2318808360019;0.502137;0.416932;21;0.996239 0.0704294 0.0504685 -0.898868 -0.0617139 0.985631 -0.157237 0.491736 -0.0608174 0.153531 0.98627 -1.47874 0 0 0 1 
2318808360020;0.421809;0.0245564;36;0.965142 0.0232944 0.260687 -0.569666 -0.00111339 0.996388 -0.0849126 0.236386 -0.261724 0.0816625 0.961682 0.563939 0 0 0 1 
2318808360021;0.393879;0.0188168;55;0.910289 -0.297744 -0.287616 4.30127 0.20353 0.926888 -0.315365 -0.835822 0.360485 0.228534 0.904335 -5.05849 0 0 0 1 
2318808360022;0.404256;0.0227037;34;0.995231 0.0366454 -0.0904024 -0.300419 -0.0430348 0.996634 -0.0697712 1.14882 0.0875414 0.0733289 0.993458 -1.78249 0 0 0 1 
2318808360023;0.175152;0.0269928;36;0.978476 -0.19326 0.072351 1.99189 0.196706 0.979478 -0.0439232 -1.31509 -0.0623776 0.0572096 0.996412 -0.0806231 0 0 0 1 
2318808360024;0.438639;0.0245992;34;0.993626 0.0152097 -0.111698 -0.878769 -0.0270508 0.994075 -0.105274 0.411366 0.109435 0.107624 0.98815 -2.03243 0 0 0 1 
2318808360025;0.493149;0.0234682;37;0.984755 -0.173882 -0.00470605 1.75012 0.173635 0.984253 -0.0331283 -0.657985 0.0103923 0.0318061 0.99944 0.328678 0 0 0 1 
2318808360026;0.26214;0.0219725;33;0.981217 0.0154321 -0.192289 -0.146436 -0.00260202 0.997763 0.0667975 -0.0894027 0.19289 -0.0650425 0.979062 -0.508725 0 0 0 1 
2318808360027;0.301824;0.0208138;40;0.970694 0.240185 -0.00798735 -2.25409 -0.233267 0.933704 -0.271629 3.00472 -0.0577834 0.265532 0.962369 -2.22742 0 0 0 1 
2318808360028;0.111442;0.0203977;28;0.999066 -0.0312518 -0.0298484 0.348183 0.0349305 0.99064 0.131952 -0.387703 0.0254453 -0.132872 0.990807 1.16 0 0 0 1 
2318808360029;0.556383;0.0221381;45;0.995061 -0.0561335 -0.0818648 0.0874981 0.0823098 0.927582 0.364442 -0.413846 0.0554789 -0.36938 0.927621 4.18361 0 0 0 1 
2318808360031;0.47988;0.0103828;63;0.903867 0.382473 -0.191674 -2.71605 -0.369235 0.923718 0.102036 3.88165 0.216078 -0.0214548 0.97614 -1.86139 0 0 0 1 
2318808360032;0.536016;0.01403;47;0.930964 0.0479963 -0.361943 0.665905 -0.151055 0.953135 -0.262139 2.74158 0.332398 0.298715 0.894584 -6.01269 0 0 0 1 
2318808360033;0.38485;0.0113509;36;0.988101 0.14856 0.0398247 -1.39102 -0.148278 0.988896 -0.00995156 1.2096 -0.0408609 0.003928 0.999157 -0.38329 0 0 0 1 
2318808360034;0.495664;0.404477;42;0.951099 0.304959 0.049097 -2.54533 -0.302948 0.951973 -0.0443866 3.84296 -0.0602751 0.0273423 0.997807 -0.391453 0 0 0 1 
2318808360035;0.329409;0.0109138;31;0.993671 0.104245 -0.0418439 -0.822134 -0.104614 0.99449 -0.00672694 1.10469 0.0409121 0.0110618 0.999102 -1.00555 0 0 0 1 
2318808360036;0.430313;0.00506224;53;0.906452 0.246317 -0.343034 -1.22694 -0.235428 0.969089 0.0737522 2.01918 0.350597 0.0139069 0.936423 -3.03877 0 0 0 1 
2318808360037;0.120765;0.00710129;32;0.994371 0.012895 -0.105166 0.00908197 -0.0257157 0.99226 -0.121482 0.501423 0.102785 0.123503 0.987007 -2.14016 0 0 0 1 
2318808360038;0.516165;0.0126979;40;0.976315 -0.183843 0.114061 1.79772 0.181544 0.982915 0.0303172 -1.99693 -0.117686 -0.00889211 0.993011 1.75254 0 0 0 1 
2318808360039;0.413132;0.0160974;37;0.972222 -0.127041 0.196581 1.06743 0.120901 0.991734 0.0429741 -0.570558 -0.200415 -0.0180135 0.979545 2.31942 0 0 0 1 
2318808360040;0.306491;0.0114664;34;0.990242 0.114374 -0.0796171 -0.803257 -0.101124 0.982855 0.154178 0.828605 0.0958859 -0.144622 0.98483 0.380801 0 0 0 1 
2318808360041;0.475776;0.0128537;59;0.87537 -0.483442 -0.0034176 6.41139 0.482732 0.874427 -0.0484601 -2.61095 0.0264161 0.0407707 0.998819 -0.192138 0 0 0 1 
2318808360042;0.392346;0.0105153;32;0.994022 0.0466628 0.0987107 -0.59201 -0.0462067 0.998908 -0.00690285 0.417548 -0.098925 0.00230049 0.995092 1.54969 0 0 0 1 
2318808360043;0.212163;0.0055984;37;0.991959 0.0638194 -0.109289 -0.468136 -0.0355769 0.96934 0.243134 0.289989 0.121455 -0.23729 0.963816 1.65638 0 0 0 1 
2318808360044;0.216595;0.012175;35;0.989292 0.117871 -0.0860682 -1.39364 -0.112177 0.991341 0.0682592 0.692468 0.0933687 -0.0578735 0.993948 -0.00160395 0 0 0 1 
2318808360045;0.469606;0.00620932;62;0.925388 0.242927 -0.290936 -1.89339 -0.323169 0.906778 -0.270768 4.05478 0.198038 0.344587 0.917628 -4.83322 0 0 0 1 
2318808360046;0.276896;0.0122516;30;0.999168 0.0192843 0.0359502 -0.0320399 -0.0189911 0.999784 -0.00848123 -0.330504 -0.036106 0.00779143 0.999318 0.0357255 0 0 0 1 
2318808360047;0.219223;0.0119458;36;0.963918 -0.134879 -0.229501 2.00555 0.130296 0.990854 -0.0350814 -0.795521 0.232134 0.0039126 0.972676 -1.98538 0 0 0 1 
2318808360048;0.2746;0.0128766;42;0.947336 -0.0268757 0.319112 0.216996 0.00575377 0.99774 0.0669489 -0.0355732 -0.32019 -0.061587 0.945349 3.33846 0 0 0 1 
2318808360049;0.475244;0.0140047;46;0.918925 -0.301992 -0.25373 4.56471 0.320214 0.946776 0.0328452 -2.17962 0.230306 -0.11143 0.966717 -1.18014 0 0 0 1 
2318808360050;0.266943;0.00692194;41;0.953296 -0.301997 -0.0049796 3.71382 0.302017 0.953295 0.00381454 -2.06292 0.00359505 -0.0051403 0.99998 -0.16147 0 0 0 1 
2318808360051;0.316495;0.0114354;39;0.975301 -0.0594931 0.212715 0.620762 0.0292328 0.989339 0.14267 -0.419431 -0.218935 -0.132928 0.966642 3.79587 0 0 0 1 
2318808360052;0.442125;0.00812121;68;0.902873 0.394308 0.171293 -3.72432 -0.388305 0.918967 -0.0686917 3.69538 -0.184499 -0.00449407 0.982823 1.90011 0 0 0 1 
2318808360053;0.502153;0.0108025;34;0.999294 -0.0338767 0.0162674 1.06358 0.0315338 0.991352 0.127383 -0.449602 -0.020442 -0.12678 0.99172 2.24446 0 0 0 1 
2318808360054;0.189299;0.0149154;39;0.966727 -0.255445 -0.013628 3.08801 0.253454 0.963682 -0.0841332 -1.64184 0.0346245 0.0778798 0.996361 -1.16252 0 0 0 1 
2318808360055;0.56348;0.00504565;42;0.952432 0.1385 -0.271461 -0.141124 -0.170448 0.980504 -0.0977673 2.39239 0.252628 0.139387 0.957471 -3.56169 0 0 0 1 
2318808360056;0.0419399;0.00845856;26;0.99862 0.0498771 -0.0164152 -0.511192 -0.0497914 0.998744 0.00559033 0.385885 0.0166734 -0.00476528 0.99985 -0.0765691 0 0 0 1 
2318808360057;0.467263;0.00521305;33;0.99763 -0.0688075 -0.000376483 0.894168 0.0687734 0.99728 -0.0265083 -1.29489 0.00219943 0.0264196 0.999649 -0.800064 0 0 0 1 
2318808360058;0.291617;0.0142021;34;0.999934 0.00670146 0.00933727 -0.0329598 -0.00794039 0.990163 0.139691 0.513675 -0.00830929 -0.139756 0.990151 1.84036 0 0 0 1 
2318808360059;0.25976;0.00540916;35;0.976054 0.0246718 -0.216123 0.392337 -0.0408222 0.99667 -0.0705848 0.475759 0.213662 0.0777172 0.973811 -2.31942 0 0 0 1 
2318808360060;0.11731;0.00820096;30;0.991547 0.0966193 0.0866022 -1.11835 -0.0921081 0.994247 -0.0546639 0.919808 -0.0913856 0.046225 0.994742 0.273656 0 0 0 1 
2318808360062;0.468711;0.0122201;63;0.913056 0.402772 -0.064065 -1.02611 -0.363373 0.874739 0.320611 2.16505 0.185173 -0.269456 0.945042 0.287321 0 0 0 1 
2318808360063;0.468392;0.0085507;35;0.992593 -0.120093 0.0183464 -0.429198 0.117453 0.987222 0.10769 -1.14271 -0.0310449 -0.104738 0.994015 -0.0219473 0 0 0 1 
2318808360064;0.317402;0.00944277;45;0.945806 0.324646 0.0075436 -0.538389 -0.324589 0.945823 -0.00786383 2.01008 -0.00968787 0.00498909 0.999941 -0.344918 0 0 0 1 
2318808360065;0.263432;0.0111936;44;0.973156 -0.215613 0.0804928 0.737269 0.206429 0.972377 0.108952 -1.51674 -0.101761 -0.089411 0.990783 1.09821 0 0 0 1 
2318808360066;0.238324;0.0147956;28;0.999454 -0.0330092 -0.00139645 -0.361078 0.0330277 0.999319 0.0164329 -0.431707 0.000853065 -0.0164701 0.999864 0.144554 0 0 0 1 
2318808360067;0.429905;0.0108455;34;0.993483 0.0955471 -0.0621494 0.723018 -0.0916899 0.993842 0.0622105 0.582297 0.0677107 -0.0561066 0.996126 -0.515653 0 0 0 1 
2318808360068;0.55967;0.00756269;55;0.886938 -0.145416 -0.4384 1.99526 0.224266 0.965338 0.133519 -1.49666 0.403788 -0.216741 0.888807 -2.21153 0 0 0 1 
2318808360069;0.324897;0.0142866;31;0.997416 0.0655654 0.0293594 0.194084 -0.0660435 0.997694 0.0156194 0.0978597 -0.0282676 -0.0175181 0.999447 -0.373654 0 0 0 1 
2318808360070;0.327797;0.0119654;33;0.99585 0.0575072 0.0705442 0.506729 -0.053557 0.996956 -0.0566655 0.318799 -0.0735881 0.0526522 0.995898 0.0696355 0 0 0 1 
2318808360071;0.127608;0.0096422;31;0.989257 0.121135 0.0818312 -0.439406 -0.121594 0.99258 0.000625674 0.752699 -0.0811482 -0.0105691 0.996646 0.448807 0 0 0 1 
2318808360072;0.27755;0.00831695;45;0.96328 -0.262335 -0.0571945 0.71646 0.262127 0.964968 -0.0112499 -1.14185 0.0581421 -0.00415544 0.9983 -0.517546 0 0 0 1 
2318808360073;0.377754;0.0155956;43;0.992567 -0.0636263 0.103743 -0.000346451 0.0800354 0.983442 -0.162591 0.0203243 -0.09168 0.169686 0.981225 -0.669238 0 0 0 1 
2318808360074;0.367604;0.013144;68;0.88433 -0.466569 -0.0165384 1.98912 0.460931 0.878176 -0.12786 -2.19982 0.0741793 0.105447 0.991654 -0.517246 0 0 0 1 
2318808360075;0.223733;0.00847531;41;0.96381 -0.0157817 0.266123 0.0614415 0.0136492 0.999858 0.00986066 -0.260752 -0.266241 -0.00587142 0.963889 1.63654 0 0 0 1 
2318808360076;0.344651;0.0107967;52;0.99328 -0.115075 -0.012319 0.849587 0.114681 0.964354 0.238472 -0.817528 -0.0155623 -0.238282 0.971071 1.2551 0 0 0 1 
2318808360077;0.167206;0.00674164;32;0.994881 0.0286857 0.0969008 -0.0173065 -0.0313245 0.999176 0.0258203 0.460887 -0.0960803 -0.0287234 0.994959 0.536155 0 0 0 1 
2318808360078;0.455663;0.0115171;62;0.926024 0.369325 0.0779615 -0.537151 -0.375334 0.922857 0.0863726 2.00349 -0.0400477 -0.109245 0.993208 -0.144018 0 0 0 1 
2318808360079;0.349782;0.00952582;42;0.990116 0.0773225 0.117015 -0.217342 -0.0939516 0.985105 0.144018 0.497546 -0.104136 -0.153588 0.982632 1.77213 0 0 0 1 
2318808360080;0.31557;0.015199;60;0.992259 0.0436142 -0.116278 0.0600565 0.00450636 0.923042 0.384674 -0.455246 0.124107 -0.38222 0.915699 0.456991 0 0 0 1 
2318808360081;0.265138;0.00992102;45;0.993897 0.0737911 -0.0819984 -0.0831313 -0.0916918 0.965889 -0.242178 1.12961 0.0613308 0.248218 0.966761 -0.801943 0 0 0 1 
2318808360082;0.291619;0.00735819;56;0.979601 0.131774 -0.151718 -0.00102856 -0.172894 0.937469 -0.302093 1.64343 0.102423 0.322162 0.941128 -1.47776 0 0 0 1 
2318808360083;0.406111;0.00855171;37;0.989067 -0.146234 0.0190486 -0.027607 0.144384 0.986545 0.076694 -0.931304 -0.0300076 -0.0731052 0.996873 -0.351333 0 0 0 1 
2318808360084;0.25521;0.0131693;55;0.999482 0.03031 -0.0108625 0.0968468 -0.0321968 0.94333 -0.33029 0.806196 0.000235777 0.330469 0.943817 -0.919102 0 0 0 1 
2318808360085;0.097134;0.00922683;27;0.999187 -0.0126329 0.0382927 -0.0295912 0.0116943 0.999628 0.0246364 -0.00948286 -0.0385896 -0.0241685 0.998963 0.471623 0 0 0 1 
2318808360086;0.630308;0.395306;23;0.99025 0.0597838 -0.125817 0.206285 -0.0363814 0.982868 0.180683 -0.194813 0.134463 -0.174344 0.975461 -0.505428 0 0 0 1 
2318808360087;0.164964;0.012436;34;0.988855 0.145255 0.0326588 -0.343317 -0.141121 0.984379 -0.105273 1.08065 -0.04744 0.0994905 0.993907 -0.0215076 0 0 0 1 
2318808360088;0.426784;0.0128087;50;0.919995 0.210322 0.330717 -0.283587 -0.140346 0.964649 -0.22306 1.11718 -0.36594 0.1588 0.91699 2.24282 0 0 0 1 
2318808360089;0.0156956;0.0118308;23;0.999823 -0.0164554 -0.00907774 0.0728481 0.0166262 0.99968 0.0190706 -0.13265 0.00876102 -0.0192181 0.999777 0.00269937 0 0 0 1 
2318808360090;0.105965;0.0149551;25;0.999846 0.00575075 -0.016576 -0.150863 -0.00592367 0.999928 -0.010402 0.169844 0.016515 0.0104985 0.999808 -0.0470135 0 0 0 1 
2318808360091;0.471367;0.0106582;57;0.940572 -0.0892336 -0.327661 0.927204 0.0121028 0.973055 -0.230255 0.907722 0.339378 0.212606 0.916308 -2.83228 0 0 0 1 
2318808360093;0.358587;0.0117993;37;0.99433 0.0956724 0.0464154 -0.119554 -0.0965248 0.995194 0.0164795 0.967251 -0.0446157 -0.0208663 0.998786 -0.512776 0 0 0 1 
2318808360094;0.104341;0.0133212;29;0.996837 0.0794108 0.00306404 0.117354 -0.0792757 0.996356 -0.0314756 0.333192 -0.00555237 0.0311331 0.9995 0.131337 0 0 0 1 
2318808360095;0.369651;0.0162295;48;0.954134 -0.299241 -0.00908227 0.497082 0.29891 0.953898 -0.0270329 -1.27408 0.0167529 0.0230782 0.999593 -0.73222 0 0 0 1 
2318808360096;0.316121;0.00487382;31;0.999626 0.0268242 -0.0052664 0.710337 -0.0267494 0.999547 0.0137902 0.27713 0.00563392 -0.0136442 0.999891 0.350415 0 0 0 1 
2318808360097;0.369151;0.0123224;59;0.912253 0.287732 0.291556 0.138339 -0.277207 0.95766 -0.0777445 1.16129 -0.301581 -0.00989866 0.953389 1.09996 0 0 0 1 
2318808360098;0.287285;0.00758252;48;0.951789 -0.306481 0.0129145 0.147597 0.305555 0.95095 0.0482808 -1.59955 -0.0270782 -0.0420071 0.99875 -0.140308 0 0 0 1 
2318808360099;0.367143;0.0125504;56;0.930496 -0.366096 0.0122571 0.559482 0.366192 0.930516 -0.00667018 -2.32032 -0.00896345 0.010695 0.999903 -0.221498 0 0 0 1 
2318808360100;0.403666;0.009939;38;0.989088 -0.140213 -0.0452197 0.999728 0.143788 0.985598 0.0890082 -0.683973 0.0320883 -0.094539 0.995004 -0.553731 0 0 0 1 
2318808360101;0.302239;0.0121217;41;0.944356 -0.163658 0.28532 -0.194221 0.175599 0.984322 -0.0165989 -0.895941 -0.27813 0.0657771 0.958289 1.44084 0 0 0 1 
2318808360102;0.281834;0.00721707;49;0.987887 0.153972 -0.0192897 0.159531 -0.143101 0.952028 0.27049 0.146023 0.0600123 -0.264453 0.962529 -0.35228 0 0 0 1 
2318808360103;0.378578;0.0135244;55;0.931808 0.19659 -0.305102 0.788172 -0.111611 0.95508 0.274528 0.160549 0.345366 -0.221754 0.911892 -1.5141 0 0 0 1 
2318808360104;0.557659;0.227845;30;0.970278 -0.240142 0.0298802 -0.488626 0.240961 0.97014 -0.0276935 -1.22774 -0.0223376 0.0340703 0.99917 -0.639055 0 0 0 1 
2318808360105;0.460355;0.163262;34;0.963474 -0.267749 0.00526697 0.14446 0.266524 0.960613 0.0786628 -1.66907 -0.0261214 -0.0743858 0.996887 -0.514936 0 0 0 1 
2318808360106;0.53681;0.0103723;47;0.920887 -0.07602 -0.382344 1.45853 0.0698904 0.997106 -0.0299177 0.423897 0.383512 0.000828596 0.923535 -1.56034 0 0 0 1 
2318808360107;0.116161;0.0112856;31;0.993598 -0.0161163 0.111817 -0.0508941 0.0267229 0.995212 -0.0940169 -0.0395088 -0.109766 0.0964031 0.989271 0.665424 0 0 0 1 
2318808360108;0.426496;0.00518013;48;0.971837 0.235634 0.00311496 0.745034 -0.235426 0.97139 -0.0312576 1.19608 -0.0103912 0.029644 0.999507 -0.600291 0 0 0 1 
2318808360109;0.361092;0.00994822;39;0.98989 0.140806 0.0170625 -0.815732 -0.140004 0.989281 -0.0415049 1.08698 -0.0227237 0.0386965 0.998993 -0.087812 0 0 0 1 
2318808360110;0.188673;0.0107697;33;0.989433 -0.0329376 -0.141201 0.477627 0.021172 0.996238 -0.084032 0.170316 0.143438 0.0801545 0.986408 -0.830366 0 0 0 1 
2318808360111;0.302097;0.0126432;52;0.977295 0.181562 -0.109223 -0.389466 -0.149264 0.955809 0.253276 0.636827 0.150381 -0.231222 0.961209 -0.568147 0 0 0 1 
2318808360112;0.226828;0.0108858;45;0.959677 -0.261781 -0.102426 0.551373 0.265444 0.963835 0.0236914 -1.30417 0.09252 -0.0499245 0.994458 -0.400938 0 0 0 1 
2318808360113;0.311079;0.0122985;63;0.915032 -0.329225 -0.233082 0.6486 0.269593 0.928941 -0.253748 -1.06999 0.30006 0.16935 0.938768 -1.44898 0 0 0 1 
2318808360114;0.267587;0.0120175;35;0.990391 -0.0466227 0.130201 -0.0294629 0.0455543 0.998899 0.0111738 0.102423 -0.130579 -0.00513516 0.991425 1.21494 0 0 0 1 
2318808360115;0.283003;0.0106785;48;0.994909 -0.100776 0.0001895 -0.0478829 0.096361 0.951869 0.290963 -0.889859 -0.0295024 -0.289463 0.956734 0.730594 0 0 0 1 
2318808360116;0.15967;0.00897516;26;0.999979 0.00376051 0.00535259 0.215303 -0.00377202 0.999991 0.00214127 0.0242691 -0.00534448 -0.00216142 0.999983 -0.296881 0 0 0 1 
2318808360117;0.274094;0.012321;49;0.965817 0.168366 -0.197107 0.571472 -0.202126 0.965196 -0.165957 1.27216 0.162306 0.200124 0.966233 -0.959446 0 0 0 1 
2318808360118;0.309171;0.00583511;33;0.995898 -0.060916 0.0669023 0.208543 0.0677091 0.992221 -0.104469 -0.0480075 -0.060018 0.108571 0.992275 0.958915 0 0 0 1 
2318808360119;0.136528;0.0131931;38;0.999542 0.00671038 -0.029512 0.0306811 -0.00129782 0.983717 0.17972 -0.186127 0.0302375 -0.179599 0.983275 0.106823 0 0 0 1 
2318808360120;0.394337;0.00839017;45;0.963188 -0.268827 0.000927662 0.405444 0.268817 0.963106 -0.012858 -1.30135 0.00256315 0.012634 0.999917 -0.815641 0 0 0 1 
2318808360121;0.407083;0.0110191;68;0.884503 -0.466533 0.00135019 0.768186 0.466522 0.884496 0.00480612 -2.28151 -0.00343645 -0.00362113 0.999988 -0.408659 0 0 0 1 
2318808360122;0.325576;0.0163266;41;0.961563 0.0231979 -0.273604 0.874896 -0.00887084 0.998529 0.0534857 -0.0408412 0.274442 -0.0490027 0.960354 -0.995945 0 0 0 1 
2318808360124;0.330187;0.0177069;39;0.951779 -0.165688 0.258192 1.67025 0.118204 0.974692 0.189744 -1.10989 -0.283096 -0.150075 0.947277 3.4046 0 0 0 1 
2318808360125;0.152771;0.0258636;30;0.988781 -0.149353 0.00255219 1.51341 0.149293 0.988662 0.0160798 -1.22328 -0.00492482 -0.0155184 0.999867 0.272676 0 0 0 1 
2318808360126;0.0910746;0.019198;26;0.998259 0.0075273 -0.058496 -0.140123 -0.00933776 0.999484 -0.0307387 0.195283 0.0582344 0.0312314 0.997814 -0.792104 0 0 0 1 
2318808360127;0.146509;0.0159386;29;0.992682 -0.111108 0.0473017 1.06316 0.109098 0.993094 0.0431471 -0.822988 -0.051769 -0.0376709 0.997948 0.968031 0 0 0 1 
2318808360128;0.288596;0.0252573;41;0.940815 0.133203 -0.311646 -0.474262 -0.159544 0.985336 -0.0604902 1.4345 0.299019 0.106631 0.948271 -3.29115 0 0 0 1 
2318808360129;0.489639;0.0187863;51;0.979551 -0.134487 -0.149643 2.11966 0.0644709 0.914361 -0.399734 1.22398 0.190587 0.381912 0.904334 -5.29786 0 0 0 1 
2318808360130;0.532869;0.203978;30;0.948265 -0.132517 0.288501 0.745333 0.0751914 0.97661 0.201441 -0.643641 -0.308447 -0.169327 0.936049 4.52991 0 0 0 1 
2318808360131;0.255773;0.018969;28;0.998257 -0.0123772 0.0577079 -0.0746128 0.00691516 0.995557 0.0939051 -0.171176 -0.0586138 -0.0933424 0.993907 0.880196 0 0 0 1 
2318808360132;0.368015;0.280991;25;0.973072 0.205065 0.105262 -2.15476 -0.185024 0.967229 -0.173879 1.71003 -0.137469 0.149721 0.979125 -0.361949 0 0 0 1 
2318808360133;0.203483;0.0260306;39;0.987463 0.131388 -0.0874918 -1.09515 -0.115779 0.979587 0.164332 0.820157 0.107297 -0.152142 0.982517 0.549591 0 0 0 1 
2318808360134;0.215895;0.0294033;26;0.997616 -0.0203731 -0.0659394 0.565672 0.0178295 0.999083 -0.0389364 -0.232401 0.0666722 0.0376679 0.997064 -0.706982 0 0 0 1 
2318808360135;0.357096;0.0203127;39;0.956595 0.088219 -0.277748 -0.0667945 -0.0936164 0.995589 -0.00620358 1.07128 0.275976 0.0319361 0.960634 -2.11727 0 0 0 1 
2318808360136;0.39267;0.0189184;33;0.990285 -0.0890216 0.106821 0.861752 0.103536 0.984853 -0.139086 -0.0515951 -0.0928217 0.148795 0.984502 -0.230814 0 0 0 1 
2318808360137;0.205186;0.0212214;31;0.982099 -0.0146063 -0.187798 0.64945 0.0212162 0.999222 0.0332351 -0.20914 0.187167 -0.0366246 0.981645 -1.09585 0 0 0 1 
2318808360138;0.524941;0.0153485;33;0.985144 -0.16397 0.0510464 1.37644 0.163792 0.986465 0.007683 -1.36522 -0.0516152 0.00079214 0.998667 -0.561988 0 0 0 1 
2318808360139;0.224459;0.025539;35;0.991969 0.121007 -0.0368031 -1.15574 -0.126243 0.965087 -0.229501 1.74417 0.00774688 0.232304 0.972612 -2.32743 0 0 0 1 
2318808360140;0.242736;0.0191602;29;0.991365 0.0691636 0.111404 -0.822586 -0.0586577 0.99375 -0.0949706 0.759182 -0.117276 0.0876159 0.989227 -0.350666 0 0 0 1 
2318808360141;0.27546;0.0275711;39;0.966338 0.244705 0.0794422 -2.07238 -0.240908 0.969019 -0.0544483 2.28143 -0.0903048 0.0334771 0.995351 0.0865212 0 0 0 1 
2318808360142;0.19755;0.0159486;29;0.993271 -0.10517 0.0484985 0.938603 0.104971 0.994453 0.00664369 -0.582724 -0.0489282 -0.00150807 0.998801 0.0847626 0 0 0 1 
2318808360143;0.359468;0.0220373;32;0.97235 -0.0715106 -0.22231 1.05837 0.0774553 0.996831 0.0181261 -0.677621 0.220309 -0.0348439 0.974808 -0.729205 0 0 0 1 
2318808360144;0.260225;0.017427;36;0.982649 -0.178075 0.0518726 1.60554 0.183307 0.975051 -0.125199 -0.920467 -0.0282835 0.132536 0.990775 -1.37692 0 0 0 1 
2318808360145;0.465801;0.0165184;46;0.908125 -0.230115 0.349796 2.62279 0.247859 0.968777 -0.00616636 -1.56398 -0.337455 0.0922997 0.936806 2.36645 0 0 0 1 
2318808360146;0.208847;0.0196442;42;0.984322 -0.176378 -0.000660326 1.82636 0.171207 0.95635 -0.23682 -0.544149 0.0424014 0.232994 0.971553 -2.70914 0 0 0 1 
2318808360147;0.522631;0.0107291;38;0.947825 0.258412 0.186683 -2.73719 -0.228227 0.958901 -0.168586 2.51819 -0.222575 0.117184 0.967847 -0.167679 0 0 0 1 
2318808360148;0.348601;0.0199319;50;0.959955 0.19848 0.197719 -1.98537 -0.22679 0.964889 0.132496 2.03236 -0.164479 -0.172031 0.971263 3.47932 0 0 0 1 
2318808360149;0.220362;0.0161919;33;0.985969 0.164944 -0.0256827 -1.57684 -0.165671 0.985744 -0.0293594 1.51041 0.0204739 0.0332023 0.999239 -0.800499 0 0 0 1 
2318808360150;0.310305;0.0210132;29;0.997145 0.06397 0.0401219 -0.981412 -0.0661576 0.996248 0.0557997 0.522196 -0.0364019 -0.0582948 0.997636 0.322859 0 0 0 1 
2318808360151;0.0639999;0.0180853;25;0.9991 0.0266529 -0.0329973 -0.217563 -0.02551 0.999076 0.0345877 0.162992 0.0338886 -0.0337149 0.998857 0.134268 0 0 0 1 
2318808360152;0.508923;0.0148912;42;0.974459 0.224416 -0.00814056 -1.27578 -0.22448 0.974446 -0.00795373 2.03686 0.00614759 0.00957798 0.999935 0.415549 0 0 0 1 
2318808360153;0.520442;0.186662;27;0.978348 0.204395 0.032512 -2.02958 -0.205466 0.978075 0.0339575 1.31443 -0.0248585 -0.0399024 0.998894 1.37677 0 0 0 1 
2318808360155;0.242296;0.0256594;36;0.968506 0.00200173 0.248981 0.189402 0.0439369 0.982902 -0.178811 -0.0395367 -0.245082 0.184119 0.951859 0.0205129 0 0 0 1 
2318808360156;0.545461;0.0296941;40;0.959989 -0.2413 0.142107 2.47528 0.22621 0.967336 0.114416 -1.96853 -0.165074 -0.0776924 0.983216 1.10478 0 0 0 1 
2318808360157;0.417219;0.0297061;47;0.956122 -0.22097 -0.192364 2.58179 0.167627 0.951116 -0.259384 -0.031871 0.240276 0.215757 0.946423 -3.53932 0 0 0 1 
2318808360158;0.428586;0.0359958;53;0.897535 0.220946 -0.381594 -0.642745 -0.249233 0.968103 -0.0256717 2.25957 0.36375 0.118147 0.923974 -3.57785 0 0 0 1 
2318808360159;0.360686;0.017933;47;0.949506 -0.165431 0.266592 1.79663 0.252614 0.907029 -0.336874 -0.543259 -0.186077 0.387209 0.90302 -2.2159 0 0 0 1 
2318808360160;0.334724;0.0248224;41;0.925602 0.0596849 0.373764 -0.57256 -0.0352007 0.996783 -0.0720005 0.357533 -0.376859 0.053487 0.924725 2.39395 0 0 0 1 
2318808360161;0.319806;0.311036;21;0.991042 0.0961231 0.0927195 -1.10006 -0.0997256 0.994398 0.0350265 0.218801 -0.0888333 -0.0439592 0.995076 0.952732 0 0 0 1 
2318808360162;0.00881013;0.0268245;21;0.999948 -0.00450645 0.00911135 0.0102692 0.00448146 0.999986 0.00276126 -0.0772294 -0.00912366 -0.00272029 0.999955 0.102261 0 0 0 1 
2318808360163;0.15049;0.0226037;27;0.995421 0.095583 0.000798644 -0.954862 -0.0955738 0.995391 -0.00784065 0.527074 -0.0015444 0.00772842 0.999969 0.0882628 0 0 0 1 
2318808360164;0.34564;0.34292;21;0.989265 0.133685 0.0590254 -1.54702 -0.126692 0.985877 -0.109526 0.870617 -0.0728338 0.100873 0.99223 -0.306719 0 0 0 1 
2318808360165;0.629483;0.0209281;39;0.931216 -0.155573 0.329596 0.882679 0.196347 0.976013 -0.0940528 -1.80223 -0.307058 0.152299 0.939426 0.51377 0 0 0 1 
2318808360166;0.356263;0.0245938;28;0.997431 0.0647756 -0.0305889 -0.141357 -0.0666346 0.995705 -0.0642705 0.277935 0.0262944 0.0661436 0.997464 -0.355275 0 0 0 1 
2318808360167;0.348773;0.0276709;42;0.977851 -0.0423967 0.204962 0.238344 0.117613 0.921341 -0.370538 0.366926 -0.17313 0.386438 0.90592 -2.18301 0 0 0 1 
2318808360168;0.491205;0.0308982;36;0.968107 -0.115277 -0.222442 1.12068 0.144851 0.981962 0.121527 -0.734141 0.204421 -0.149872 0.967342 0.651658 0 0 0 1 
2318808360169;0.364685;0.0264941;29;0.999759 -0.0199736 -0.00913674 0.319641 0.019779 0.999585 -0.0209201 0.277451 0.00955081 0.0207343 0.999739 -0.842921 0 0 0 1 
2318808360170;0.293853;0.0340097;27;0.999052 0.0292782 0.0322016 -0.526925 -0.0292523 0.999571 -0.00127713 0.0788944 -0.0322252 0.000333948 0.999481 -0.315707 0 0 0 1 
2318808360171;0.404455;0.0288227;37;0.994559 0.0574557 0.0868931 -1.01599 -0.077036 0.967155 0.242233 0.0739391 -0.0701214 -0.247609 0.966319 2.61284 0 0 0 1 
2318808360172;0.214721;0.0241607;33;0.98942 -0.0290893 0.142131 0.226725 0.0148518 0.994854 0.100224 -0.169983 -0.144315 -0.0970532 0.984761 2.34572 0 0 0 1 
2318808360173;0.439959;0.034554;42;0.996089 -0.0657909 -0.0589733 1.05005 0.0461094 0.956455 -0.288216 0.853838 0.0753673 0.284369 0.955748 -3.51447 0 0 0 1 
2318808360174;0.284722;0.0304299;43;0.982302 -0.126922 0.137748 1.29164 0.155817 0.96184 -0.22491 -0.954717 -0.103945 0.242393 0.964594 -1.73901 0 0 0 1 
2318808360175;0.207536;0.0328966;29;0.997522 -0.0503311 -0.0491526 0.486138 0.0487388 0.998264 -0.033074 -0.761495 0.050732 0.0305964 0.998244 -0.792128 0 0 0 1 
2318808360176;0.417626;0.035517;45;0.968481 -0.170359 -0.18172 1.6928 0.214855 0.94045 0.263421 -1.32674 0.126022 -0.294162 0.947411 1.22945 0 0 0 1 
2318808360177;0.414555;0.0311199;36;0.954899 -0.0615268 -0.290487 1.54419 0.0279989 0.992595 -0.118198 0.123923 0.295608 0.104734 0.949551 -2.66434 0 0 0 1 
2318808360178;0.192544;0.0380579;28;0.994273 -0.105941 0.0140253 0.923797 0.105807 0.994337 0.009956 -0.737038 -0.0150006 -0.00841501 0.999852 -0.149364 0 0 0 1 
2318808360179;0.369856;0.0303767;49;0.949543 0.30409 0.0767927 -2.47841 -0.29809 0.951137 -0.080509 2.79379 -0.0975223 0.0535557 0.993791 0.702415 0 0 0 1 
2318808360180;0.269585;0.0292857;27;0.999799 0.0103821 0.0171432 -0.119558 -0.0105298 0.999908 0.00854757 0.0890059 -0.0170529 -0.00872637 0.999817 0.732867 0 0 0 1 
2318808360181;0.159003;0.0250852;25;0.999152 -0.0407987 -0.00556054 0.234577 0.0408426 0.999133 0.00802434 -0.340796 0.00522834 -0.00824464 0.999952 0.300683 0 0 0 1 
2318808360182;0.250033;0.02919;39;0.988522 0.148547 -0.0275357 -1.64021 -0.142103 0.976109 0.164373 0.951601 0.0512949 -0.158574 0.986014 1.16824 0 0 0 1 
2318808360183;0.583654;0.0438007;55;0.942287 -0.319883 -0.0988391 3.75848 0.324395 0.945341 0.0331349 -1.87129 0.0828374 -0.0632856 0.994552 -0.973098 0 0 0 1 
2318808360184;0.254669;0.02341;32;0.988802 0.147521 -0.0225484 -1.12315 -0.146991 0.988856 0.0236084 1.22985 0.0257799 -0.0200296 0.999467 0.362695 0 0 0 1 
2318808360186;0.32371;0.0130359;53;0.92663 -0.00541034 -0.375935 0.431554 -0.0252039 0.996753 -0.0764693 0.139103 0.375128 0.0803338 0.923485 -2.5777 0 0 0 1 
2318808360187;0.391738;0.0141827;63;0.924475 -0.348369 -0.154873 1.3913 0.379235 0.881944 0.27992 -1.77046 0.0390737 -0.317512 0.947449 0.445462 0 0 0 1 
2318808360188;0.250929;0.0169879;48;0.964437 -0.26421 0.0073572 0.972856 0.256526 0.94237 0.214785 -1.52794 -0.0636815 -0.205259 0.976634 0.85593 0 0 0 1 
2318808360189;0.35413;0.0123826;49;0.944681 0.246932 -0.215876 0.044231 -0.196867 0.953319 0.228967 1.19742 0.262338 -0.173802 0.949195 -0.681248 0 0 0 1 
2318808360190;0.38404;0.0124651;38;0.971382 0.091181 0.219322 -0.586875 -0.0814288 0.995263 -0.0531207 0.583767 -0.223127 0.0337414 0.974205 0.483658 0 0 0 1 
2318808360191;0.142007;0.0157937;30;0.993734 -0.0616091 0.0932527 0.297292 0.0586881 0.997706 0.0337509 -0.372496 -0.0951181 -0.0280666 0.99507 0.435228 0 0 0 1 
2318808360192;0.308225;0.0119055;30;0.997793 -0.0475741 0.0463213 -0.583111 0.049102 0.998267 -0.0324239 -0.203509 -0.0446985 0.0346268 0.9984 0.17269 0 0 0 1 
2318808360193;0.19468;0.0155744;34;0.987967 0.08782 -0.127314 -0.149016 -0.0780915 0.993772 0.0794973 0.668013 0.133503 -0.0685985 0.988671 -0.649501 0 0 0 1 
2318808360194;0.35362;0.0122975;32;0.994898 -0.033805 0.0950586 -0.182416 0.0319819 0.999275 0.0206378 -0.844048 -0.0956874 -0.0174923 0.995258 0.196359 0 0 0 1 
2318808360195;0.220312;0.0169209;36;0.994285 -0.10603 0.0124771 0.327541 0.103589 0.986406 0.127565 -0.621482 -0.0258332 -0.125543 0.991752 0.121855 0 0 0 1 
2318808360196;0.321597;0.0146496;30;0.99533 0.0458432 0.0849458 -0.466545 -0.0408666 0.997396 -0.059427 0.626311 -0.0874489 0.055678 0.994612 0.903944 0 0 0 1 
2318808360197;0.117422;0.0197598;26;0.999713 -0.00615402 0.0231487 0.146517 0.00550655 0.999595 0.0279305 -0.0695021 -0.0233112 -0.027795 0.999342 0.430761 0 0 0 1 
2318808360198;0.145591;0.0177718;29;0.996357 -0.0703417 -0.0482198 0.0984631 0.0700531 0.997514 -0.00765165 -0.448111 0.0486381 0.00424583 0.998807 -0.528615 0 0 0 1 
2318808360199;0.334769;0.0144075;29;0.999999 -0.00123394 -0.000535267 -0.248694 0.00123154 0.999989 -0.00446232 -0.0196858 0.000540767 0.00446166 0.99999 0.722669 0 0 0 1 
2318808360200;0.307694;0.0184567;42;0.967919 0.24983 -0.0267766 -0.33338 -0.247743 0.966703 0.0641024 1.90417 0.0418997 -0.0554122 0.997584 0.0647795 0 0 0 1 
2318808360201;0.28708;0.0153091;31;0.994889 -0.10071 0.00728602 0.828054 0.10076 0.994887 -0.00682353 -0.485941 -0.00656157 0.00752279 0.99995 0.344157 0 0 0 1 
2318808360202;0.140274;0.0167999;32;0.990756 0.135558 -0.00512673 -0.276376 -0.135632 0.990575 -0.0190891 0.88225 0.00249073 0.019608 0.999805 0.089215 0 0 0 1 
2318808360203;0.354364;0.00931066;37;0.993863 0.0948712 -0.0568898 -0.235896 -0.0838628 0.981557 0.171794 -0.193387 0.0721389 -0.165968 0.983489 0.577528 0 0 0 1 
2318808360204;0.41534;0.0144143;54;0.904508 -0.0705337 0.420584 -0.0371804 0.0144979 0.990743 0.134973 -0.347917 -0.426211 -0.115986 0.897158 2.67747 0 0 0 1 
2318808360205;0.260883;0.0115009;35;0.98942 -0.130075 -0.0642538 0.297504 0.126876 0.990575 -0.051603 -1.07708 0.0703605 0.0429047 0.996599 -0.213432 0 0 0 1 
2318808360206;0.381649;0.0140379;53;0.902698 -0.306995 0.301479 0.898199 0.338148 0.939433 -0.0558709 -1.7157 -0.266067 0.152379 0.951835 1.20655 0 0 0 1 
2318808360207;0.376035;0.0134139;48;0.904624 0.300377 0.302373 -0.783126 -0.283068 0.953805 -0.100643 1.96295 -0.318636 0.00545236 0.947862 1.95574 0 0 0 1 
2318808360208;0.370049;0.0148111;34;0.994167 0.011012 0.107288 -0.386221 -0.0211205 0.995391 0.0935434 -0.026092 -0.105763 -0.0952638 0.989818 1.65936 0 0 0 1 
2318808360209;0.193142;0.0165812;38;0.973561 0.201769 -0.107093 -0.215602 -0.201059 0.979423 0.0174971 1.17229 0.108419 0.0044975 0.994095 -0.582433 0 0 0 1 
2318808360210;0.416709;0.0170448;65;0.949389 -0.279525 0.143273 0.953613 0.198604 0.887583 0.415636 -1.5888 -0.243347 -0.366145 0.898176 2.64222 0 0 0 1 
2318808360211;0.229662;0.0132799;43;0.980317 -0.189969 -0.0537678 0.731995 0.197039 0.958555 0.205786 -1.35712 0.0124463 -0.21233 0.977119 0.511438 0 0 0 1 
2318808360212;0.235303;0.0152382;50;0.958383 0.284989 0.0168332 -0.711793 -0.28429 0.958098 -0.035026 1.49849 -0.0261099 0.0287828 0.999245 0.0572623 0 0 0 1 
2318808360213;0.418371;0.00937105;43;0.969933 0.243046 0.0125644 -0.838466 -0.243253 0.969774 0.0191128 1.36 -0.00753938 -0.0215945 0.999738 0.875061 0 0 0 1 
2318808360214;0.104638;0.0151368;31;0.993415 0.114568 -0.00101985 -0.255083 -0.114442 0.992662 0.0390466 0.562118 0.00548588 -0.0386728 0.999237 -0.00810015 0 0 0 1 
2318808360215;0.379457;0.0172609;60;0.922746 -0.00333033 -0.385395 1.02097 -0.0917742 0.969301 -0.22811 0.925109 0.374323 0.245856 0.894112 -2.55124 0 0 0 1 
2318808360217;0.475077;0.00803831;48;0.877547 0.228835 -0.421361 -0.0272563 -0.273186 0.960805 -0.0471529 1.89745 0.394056 0.156489 0.905666 -2.92435 0 0 0 1 
2318808360218;0.538469;0.0122736;45;0.944442 -0.327173 -0.0314248 2.57009 0.328048 0.93239 0.151768 -1.74391 -0.0203541 -0.153644 0.987917 1.82698 0 0 0 1 
2318808360219;0.26223;0.0098374;33;0.979237 -0.059215 -0.193877 0.469108 0.0692012 0.996581 0.0451416 -0.208137 0.190541 -0.0576208 0.979987 -1.11315 0 0 0 1 
2318808360220;0.178884;0.00585591;30;0.993686 0.0768668 0.0817314 -0.606009 -0.067244 0.991134 -0.114593 0.670404 -0.0898152 0.108374 0.990045 0.112171 0 0 0 1 
2318808360221;0.32248;0.00912334;48;0.923405 -0.303389 0.235112 1.89942 0.296936 0.952799 0.0632736 -1.68181 -0.243211 0.011386 0.969907 1.41893 0 0 0 1 
2318808360222;0.547442;0.327769;26;0.995257 0.0957521 -0.0171924 -0.857478 -0.097279 0.981216 -0.166589 0.415815 0.000918268 0.167471 0.985877 -0.642835 0 0 0 1 
2318808360223;0.279763;0.00679244;46;0.939705 0.334068 0.0731565 -1.65708 -0.336006 0.94173 0.0156373 2.42591 -0.0636698 -0.0392755 0.997198 0.464946 0 0 0 1 
2318808360224;0.19078;0.00614563;33;0.987333 -0.15454 0.0359153 0.893671 0.156931 0.984546 -0.0777224 -0.632223 -0.0233491 0.0823741 0.996328 -0.466605 0 0 0 1 
2318808360225;0.382191;0.00816902;46;0.939971 0.340909 0.0153577 -1.69367 -0.331489 0.922837 -0.196179 2.76106 -0.081052 0.179312 0.980448 -0.923012 0 0 0 1 
2318808360226;0.232462;0.011878;38;0.98008 -0.19786 -0.0171389 1.20479 0.198025 0.967028 0.160131 -1.05988 -0.0151098 -0.160336 0.986947 1.25434 0 0 0 1 
2318808360227;0.121258;0.00946258;24;0.999976 -0.000535806 0.00693206 0.00256168 0.000473438 0.999959 0.00899547 -0.015094 -0.0069366 -0.00899197 0.999936 -0.131358 0 0 0 1 
2318808360228;0.342472;0.301574;21;0.997406 0.0659812 -0.0287813 -0.319875 -0.0690594 0.989887 -0.123912 0.496798 0.0203143 0.125579 0.991876 -0.880813 0 0 0 1 
2318808360229;0.411101;0.00870106;32;0.982928 0.00221709 0.183976 -0.478879 0.0191871 0.99324 -0.114481 -0.0278145 -0.182986 0.116056 0.976241 1.07663 0 0 0 1 
2318808360230;0.270984;0.0108264;45;0.941282 -0.337166 -0.0175275 2.37225 0.335324 0.939664 -0.0677482 -1.64775 0.0393123 0.0578927 0.997548 -0.691357 0 0 0 1 
2318808360231;0.448163;0.0122807;58;0.995589 -0.028357 -0.0894382 -0.384692 -0.0124735 0.904772 -0.425714 0.977437 0.0929931 0.424952 0.900427 -3.06075 0 0 0 1 
2318808360232;0.480703;0.0110419;35;0.993292 -0.107199 -0.0433447 0.911544 0.104885 0.993096 -0.0525363 -0.414181 0.0486772 0.0476377 0.997678 -1.43784 0 0 0 1 
2318808360233;0.538633;0.00910078;50;0.977029 0.182709 0.10969 -1.32662 -0.126774 0.91205 -0.389992 2.33053 -0.171298 0.367127 0.914262 -1.07052 0 0 0 1 
2318808360234;0.46577;0.00850476;34;0.998123 -0.0568394 0.0228154 0.338745 0.0568808 0.99838 -0.00116556 0.535156 -0.0227122 0.00246113 0.999739 0.266301 0 0 0 1 
2318808360235;0.501727;0.00889149;32;0.998462 0.0386268 -0.0397589 -0.180229 -0.0378684 0.999089 0.0196536 0.182347 0.0404818 -0.0181177 0.999016 -1.1207 0 0 0 1 
2318808360236;0.219286;0.00844368;36;0.975077 0.189045 -0.116135 -0.794255 -0.189937 0.98179 0.00343874 1.34546 0.11467 0.0187052 0.993228 -1.05773 0 0 0 1 
2318808360237;0.1427;0.0115805;27;0.998138 -0.0603938 -0.00854147 0.253285 0.0598558 0.996784 -0.0532874 -0.276466 0.0117322 0.0526769 0.998543 -0.58456 0 0 0 1 
2318808360238;0.478527;0.0166895;52;0.898915 -0.150449 -0.411481 2.17813 0.0524003 0.969369 -0.239956 0.297171 0.434978 0.194138 0.879264 -4.13141 0 0 0 1 
2318808360239;0.07712;0.00603755;26;0.998744 0.0238259 -0.0440847 -0.126144 -0.025194 0.99921 -0.0307442 0.180157 0.0433173 0.0318162 0.998555 -0.582738 0 0 0 1 
2318808360240;0.277432;0.00794581;38;0.964762 0.0382331 0.260333 -0.386387 -0.0684382 0.991796 0.107966 0.220637 -0.254069 -0.121978 0.959464 2.53723 0 0 0 1 
2318808360241;0.414755;0.00566208;45;0.904695 0.197282 -0.377633 0.0330969 -0.156557 0.978261 0.135998 0.897828 0.396254 -0.0639159 0.915914 -1.9412 0 0 0 1 
2318808360242;0.207147;0.0185062;31;0.987658 -0.154831 -0.0236353 1.10679 0.155351 0.987614 0.0220183 -1.25356 0.0199334 -0.0254183 0.999478 0.0787349 0 0 0 1 
2318808360243;0.526989;0.0070834;65;0.89452 -0.443289 0.0576959 2.70527 0.415872 0.872556 0.256312 -2.54116 -0.163963 -0.205282 0.964871 2.22742 0 0 0 1 
2318808360244;0.293823;0.0118175;35;0.996003 0.0714407 0.0536133 -0.409363 -0.0766086 0.991882 0.101499 0.401595 -0.0459269 -0.1052 0.99339 1.44581 0 0 0 1 
2318808360245;0.161157;0.00461752;27;0.998938 -0.0448858 0.0103614 0.255818 0.0451712 0.998553 -0.0291904 -0.356263 -0.00903616 0.0296275 0.99952 -0.390192 0 0 0 1 
2318808360246;0.48133;0.00522293;41;0.946596 -0.00995829 0.322268 0.0702963 -0.0517036 0.981899 0.18221 -0.266458 -0.318249 -0.189142 0.928947 2.64201 0 0 0 1 
2318808360248;0.277285;0.0148152;31;0.999871 -0.015103 -0.00550224 0.0471008 0.0152928 0.999225 0.0362713 0.257443 0.00495017 -0.0363507 0.999327 0.568769 0 0 0 1 
2318808360249;0.346523;0.0143632;59;0.920861 0.356127 0.158708 0.0758684 -0.380204 0.910391 0.163198 1.76064 -0.0863676 -0.210624 0.973744 0.839056 0 0 0 1 
2318808360250;0.347649;0.0120617;41;0.961905 -0.193951 0.19267 0.056015 0.202387 0.978989 -0.0249159 -1.64568 -0.183789 0.0629605 0.980947 1.22965 0 0 0 1 
2318808360251;0.136295;0.0142677;34;0.997187 0.0327215 -0.0674301 0.0265308 -0.0225692 0.989003 0.146165 -0.0706157 0.0714712 -0.144232 0.986959 -0.509553 0 0 0 1 
2318808360252;0.263745;0.0148818;52;0.942384 -0.31969 -0.098549 0.582766 0.327353 0.941944 0.0747098 -1.74181 0.0689437 -0.102666 0.992324 -0.250313 0 0 0 1 
2318808360253;0.38952;0.0131221;48;0.942881 -0.32802 0.0581179 -0.293783 0.327748 0.944655 0.0144243 -1.84451 -0.0596329 0.00544765 0.998206 0.334974 0 0 0 1 
2318808360254;0.304973;0.0145983;32;0.993755 -0.111359 0.00710172 0.658306 0.111134 0.993449 0.0266089 -0.471775 -0.0100183 -0.0256535 0.999621 -0.41395 0 0 0 1 
2318808360255;0.467336;0.0163068;64;0.919804 -0.387181 -0.0636552 0.53116 0.389312 0.920768 0.0249326 -1.76762 0.0489583 -0.0477149 0.99766 0.569274 0 0 0 1 
