#;prob_registration_l1 -r /home/probabilistic_point_clouds_registration/build/tester /home/point_clouds_registration_benchmark//devel/registration_pairs/apartment_local.txt /home/point_clouds_registration_benchmark//eth/apartment -s 0.2 -t 0.2 -p 0.3 -r 1000 -m 15 -i 40 
id;initial_error;final_error;transformation
13001298760000;0.820981;0.906094;0.880692 -0.435776 0.185692 -0.361201 0.42679 0.900054 0.0880566 -2.83906 -0.205506 0.00170064 0.978654 0.455847 0 0 0 1 
13001298760001;0.68771;0.774439;0.95272 -0.300855 -0.0425611 0.201028 0.303755 0.939512 0.15827 -1.92653 -0.0076297 -0.163715 0.986478 0.552896 0 0 0 1 
13001298760002;0.636186;0.296761;0.983254 0.124908 -0.1327 0.149836 -0.0891667 0.964789 0.247448 -0.282423 0.158936 -0.231472 0.959771 -0.937743 0 0 0 1 
13001298760003;0.411513;0.984916;0.935308 -0.340882 0.0948596 0.0733365 0.33779 0.940025 0.0474363 -2.01598 -0.105341 -0.012325 0.99436 -0.0937255 0 0 0 1 
13001298760004;0.857932;1.07361;0.913005 -0.388179 -0.125454 0.261412 0.375887 0.919986 -0.111059 -2.04474 0.158527 0.0542412 0.985864 0.428722 0 0 0 1 
13001298760005;0.460674;0.95502;0.924931 -0.378011 0.0401286 0.349458 0.37649 0.925528 0.0406653 -2.11505 -0.0525121 -0.0225046 0.998367 0.419361 0 0 0 1 
13001298760006;0.655521;0.694602;0.938098 0.34629 0.00746519 0.0647196 -0.346273 0.937107 0.0438906 0.787408 0.00820318 -0.0437587 0.999008 0.124735 0 0 0 1 
13001298760007;0.308888;0.288108;0.893197 0.293991 0.340248 0.118543 -0.352614 0.92748 0.124271 0.669733 -0.279039 -0.230975 0.932088 0.877937 0 0 0 1 
13001298760008;0.466988;0.373511;0.957886 0.279687 0.0650425 -0.0450236 -0.281072 0.959598 0.0130389 0.131483 -0.0587679 -0.0307715 0.997797 -0.177275 0 0 0 1 
13001298760009;0.423945;0.393711;0.945928 0.279891 0.163955 -0.224391 -0.25712 0.955122 -0.147074 0.587577 -0.197761 0.0969658 0.975442 0.160759 0 0 0 1 
13001298760010;0.258498;0.482927;0.973124 0.228166 -0.0311509 0.411947 -0.229852 0.970644 -0.070835 0.573096 0.0140743 0.0760913 0.997002 0.071686 0 0 0 1 
13001298760011;0.784351;0.979427;0.998435 0.0552658 -0.00850291 -0.234743 -0.050487 0.956373 0.287754 -1.02001 0.0240349 -0.286874 0.957667 -0.65975 0 0 0 1 
13001298760012;0.622128;0.304057;0.978582 0.202663 0.0361365 0.115602 -0.202863 0.979205 0.00192215 -0.127656 -0.0349955 -0.00921175 0.999345 0.354257 0 0 0 1 
13001298760013;0.398004;0.360107;0.910227 0.391242 0.13571 0.278051 -0.368003 0.914492 -0.16816 0.850672 -0.189897 0.103122 0.976373 0.820509 0 0 0 1 
13001298760014;0.755219;0.950127;0.984799 0.0870395 -0.15032 0.547994 -0.0786656 0.995046 0.0607943 -0.484048 0.154866 -0.0480452 0.986766 -1.11516 0 0 0 1 
13001298760015;0.388158;0.879869;0.98539 0.0962318 -0.14052 0.0036543 -0.0955885 0.995356 0.011336 -0.33031 0.140959 0.00226174 0.990013 -0.222251 0 0 0 1 
13001298760016;0.851768;0.956346;0.999656 -0.00740816 0.0251731 0.161165 0.00742261 0.999972 -0.000480465 -0.349886 -0.0251688 0.00066715 0.999683 0.594984 0 0 0 1 
13001298760017;0.399547;0.290229;0.932501 0.359955 -0.0295735 0.448137 -0.360949 0.931657 -0.0416097 0.757677 0.0125747 0.0494756 0.998696 0.322136 0 0 0 1 
13001298760018;0.820633;0.32986;0.940422 0.32961 -0.0834475 0.348415 -0.331381 0.943464 -0.0079473 0.701534 0.0761101 0.0351267 0.99648 0.693795 0 0 0 1 
13001298760019;0.329854;0.242726;0.994408 0.0781075 -0.0710745 0.0637326 -0.0748182 0.99605 0.0478246 -0.222121 0.0745292 -0.0422395 0.996324 -0.268082 0 0 0 1 
13001298760020;0.847185;0.442563;0.962303 0.271832 0.00895072 -0.042403 -0.27193 0.962235 0.0125593 0.840339 -0.00519868 -0.0145198 0.999881 0.720918 0 0 0 1 
13001298760021;0.886722;1.09984;0.856719 -0.382611 -0.345891 0.83673 0.451742 0.880255 0.145192 -2.70153 0.24892 -0.280643 0.926973 -1.22236 0 0 0 1 
13001298760022;0.59893;0.406034;0.977766 0.2062 -0.0381508 0.0466739 -0.19331 0.956814 0.217113 0.210335 0.0812719 -0.204911 0.975401 -0.588884 0 0 0 1 
13001298760023;0.367247;0.248138;0.994317 0.0968324 0.0442363 -0.0396229 -0.0975349 0.995134 0.0140044 -0.132701 -0.0426649 -0.0182394 0.998923 -0.0878943 0 0 0 1 
13001298760024;0.0968236;0.332603;0.980842 0.193461 0.0228398 0.111099 -0.19394 0.980787 0.0210603 0.287499 -0.0183266 -0.0250863 0.999517 0.100022 0 0 0 1 
13001298760025;0.689632;0.614719;0.975775 0.131052 0.175184 -0.133689 -0.104481 0.982663 -0.153156 0.268234 -0.192218 0.131143 0.97255 0.805969 0 0 0 1 
13001298760026;0.452516;1.06266;0.979722 -0.190231 0.0629044 -0.12801 0.188039 0.98138 0.0391693 -1.25497 -0.0691844 -0.0265466 0.997251 0.240218 0 0 0 1 
13001298760027;0.353163;1.04582;0.902019 -0.351859 0.250112 -0.178711 0.271279 0.912691 0.30562 -1.95046 -0.33581 -0.207825 0.918717 0.775725 0 0 0 1 
13001298760028;0.770166;0.726102;0.997859 0.0555001 0.0346099 -0.0392571 -0.0527955 0.995808 -0.0746886 0.207383 -0.0386101 0.0727014 0.996606 -0.217778 0 0 0 1 
13001298760029;0.444231;0.274376;0.917453 0.346516 0.195465 0.288295 -0.363678 0.92966 0.0589113 0.57472 -0.161302 -0.125135 0.97894 0.66784 0 0 0 1 
13001298760031;1.0814;0.619728;0.986282 0.0690227 0.149947 -0.00173019 -0.0533854 0.992941 -0.10592 0.517498 -0.156199 0.096462 0.983004 0.871949 0 0 0 1 
13001298760032;0.762366;0.112106;0.975319 -0.19831 -0.0970859 -0.595897 0.201828 0.979028 0.0277599 -0.631931 0.0895447 -0.0466694 0.994889 -0.85151 0 0 0 1 
13001298760033;0.562268;0.131937;0.972368 -0.206366 -0.109146 -0.59477 0.196938 0.976167 -0.0911723 -0.581507 0.125359 0.0671581 0.989836 0.0501998 0 0 0 1 
13001298760034;0.913227;0.139602;0.985689 -0.158343 -0.0578297 -0.544654 0.127374 0.924306 -0.35977 -0.213853 0.110419 0.347256 0.931247 0.988109 0 0 0 1 
13001298760035;0.190074;0.156847;0.987439 0.120629 -0.102039 0.286107 -0.11234 0.990162 0.0834246 0.364616 0.111099 -0.0709136 0.991276 -0.5482 0 0 0 1 
13001298760036;1.3176;0.331851;0.993847 -0.110235 -0.0107567 -0.812758 0.110514 0.980498 0.162514 0.0918818 -0.00736781 -0.162703 0.986648 -0.226967 0 0 0 1 
13001298760037;0.408209;0.108594;0.991757 0.11729 -0.0515792 0.073923 -0.122633 0.985549 -0.116854 0.659868 0.0371281 0.122216 0.991809 0.028568 0 0 0 1 
13001298760038;0.799177;0.170225;0.999964 -0.0024388 -0.00807253 0.415457 0.00365055 0.988114 0.153682 -0.313373 0.00760177 -0.153706 0.988087 -0.24598 0 0 0 1 
13001298760039;0.512139;0.124321;0.999902 0.00728015 -0.0119871 -0.000961715 -0.00747288 0.999842 -0.016112 0.0583437 0.011868 0.0161999 0.999798 0.403832 0 0 0 1 
13001298760040;0.790161;0.122988;0.999978 -0.00583907 0.00306576 0.126985 0.00587538 0.999911 -0.0119709 0.217628 -0.00299559 0.0119886 0.999924 -0.416478 0 0 0 1 
13001298760041;0.304867;0.112745;0.983978 -0.129907 0.122112 -0.323575 0.138186 0.988468 -0.0619354 -0.182757 -0.112658 0.0778172 0.990582 0.460078 0 0 0 1 
13001298760042;0.323258;0.155079;0.998037 0.0625246 -0.00359482 0.125815 -0.0622655 0.996792 0.0502794 0.0387849 0.00672698 -0.0499568 0.998729 -0.053178 0 0 0 1 
13001298760043;1.1294;0.153843;0.948441 -0.310492 -0.0636813 -0.565724 0.31535 0.904202 0.288049 -1.93751 -0.0318561 -0.293279 0.955496 -0.817887 0 0 0 1 
13001298760044;0.672602;0.129201;0.988828 -0.0699887 0.131605 -0.570434 0.0744003 0.99681 -0.0289029 -0.0240615 -0.129162 0.0383715 0.990881 0.178615 0 0 0 1 
13001298760045;0.603165;0.370125;0.980967 0.151934 0.120916 0.3064 -0.150476 0.988387 -0.0211533 0.638434 -0.122725 0.00255581 0.992437 0.202984 0 0 0 1 
13001298760046;0.435224;0.0976005;0.901436 0.0974572 -0.4218 0.758298 -0.119388 0.992512 -0.0258253 0.508338 0.416124 0.0736376 0.906321 -1.09044 0 0 0 1 
13001298760047;1.03472;0.133067;0.998798 -0.0302775 0.0385499 -0.279474 0.0202812 0.971216 0.237335 -0.488807 -0.0446262 -0.236268 0.970663 -0.955158 0 0 0 1 
13001298760048;1.38851;0.158897;0.994498 0.0674125 0.0801847 0.165441 -0.0955432 0.89758 0.430373 -0.769026 -0.0429596 -0.435667 0.899082 -1.30142 0 0 0 1 
13001298760049;0.308211;0.170643;0.989534 0.130461 -0.0616672 0.0927847 -0.122101 0.984739 0.124017 0.246976 0.0769056 -0.115189 0.990362 -0.453873 0 0 0 1 
13001298760050;0.383404;0.0853477;0.999023 -0.0440003 0.00414196 -0.373451 0.0440612 0.998901 -0.015984 -0.195304 -0.00343411 0.0161509 0.999864 0.123115 0 0 0 1 
13001298760051;1.39486;0.147059;0.912906 -0.383509 0.139729 -1.59577 0.393048 0.918288 -0.0475494 -1.42802 -0.110076 0.0983283 0.989047 0.627351 0 0 0 1 
13001298760052;0.390791;0.120349;0.999851 -0.0167874 -0.00410747 -0.309776 0.0168392 0.999775 0.012928 -0.168985 0.00388951 -0.0129952 0.999908 -0.0841651 0 0 0 1 
13001298760053;0.738841;0.698689;0.991839 0.126994 0.0112856 0.269817 -0.127384 0.983388 0.129315 0.347524 0.00532417 -0.129697 0.991539 -0.0213885 0 0 0 1 
13001298760054;0.290741;0.0743021;0.985211 -0.170951 -0.0116132 -0.425041 0.170972 0.985275 0.000859321 -0.451949 0.0112953 -0.00283214 0.999932 -0.196807 0 0 0 1 
13001298760055;0.983527;0.342669;0.977038 -0.0775348 0.198456 -0.779648 0.097443 0.990925 -0.0925864 -0.124318 -0.189477 0.109799 0.975727 1.11544 0 0 0 1 
13001298760056;0.893456;0.493058;0.998394 -0.0525129 0.0212635 0.111201 0.0529103 0.998426 -0.0185784 -0.294606 -0.0202544 0.0196736 0.999601 -0.0644247 0 0 0 1 
13001298760057;1.32906;0.120364;0.996321 0.0678931 0.0522908 0.548134 -0.0684913 0.997604 0.00973187 0.836149 -0.0515048 -0.0132775 0.998584 -0.425948 0 0 0 1 
13001298760058;1.04418;0.421901;0.976685 -0.153584 0.149992 -0.680116 0.152781 0.988115 0.0169313 -0.452152 -0.15081 0.00637932 0.988542 -0.17101 0 0 0 1 
13001298760059;1.02726;0.0914531;0.996844 0.0606194 -0.0512667 0.538563 -0.0465279 0.969302 0.241432 -0.144122 0.0643284 -0.238284 0.969063 -1.24718 0 0 0 1 
13001298760060;1.18019;0.799908;0.997733 -0.0500131 -0.0450393 -0.0770476 0.0569904 0.983785 0.170054 -0.892603 0.0358041 -0.172235 0.984405 -0.277673 0 0 0 1 
13001298760062;0.42647;0.773543;0.991763 -0.127443 0.0128127 -0.371556 0.125847 0.988163 0.0877297 -0.113098 -0.0238415 -0.0853946 0.996062 0.0608341 0 0 0 1 
13001298760063;0.820769;0.700136;0.985095 -0.17126 0.0160492 -0.106024 0.170542 0.984592 0.0386609 -0.0859907 -0.022423 -0.0353476 0.999123 0.522213 0 0 0 1 
13001298760064;0.637796;0.789281;0.99909 0.0426483 0.000277828 0.145418 -0.0426439 0.999047 -0.00931414 0.754896 -0.000674796 0.00929382 0.999957 0.387004 0 0 0 1 
13001298760065;1.32441;0.869921;0.96299 -0.190588 -0.190597 0.124495 0.252409 0.885708 0.389628 -1.01976 0.0945552 -0.423317 0.901034 -2.2812 0 0 0 1 
13001298760066;0.832986;0.747921;0.951489 -0.306907 -0.0218465 -0.395595 0.306213 0.951485 -0.0301824 -0.221064 0.0300498 0.0220285 0.999306 0.177244 0 0 0 1 
13001298760067;0.500971;0.708003;0.91999 -0.390585 -0.0325852 -0.481315 0.387664 0.919048 -0.0711798 -1.04867 0.0577491 0.0528526 0.996931 -0.373386 0 0 0 1 
13001298760068;1.1413;0.767773;0.954514 -0.269329 0.127928 -0.657471 0.247009 0.954574 0.166658 0.0134087 -0.167002 -0.127478 0.977681 0.553467 0 0 0 1 
13001298760069;0.277143;0.865105;0.992298 -0.0778898 -0.0963236 0.105493 0.0943322 0.979127 0.180035 0.0458433 0.0802901 -0.187735 0.978933 -0.762967 0 0 0 1 
13001298760070;1.31041;0.889113;0.976809 -0.199747 0.0771042 -0.410956 0.204076 0.977519 -0.0530073 -0.177473 -0.0647828 0.0675131 0.995613 -0.439591 0 0 0 1 
13001298760071;0.311671;0.841557;0.869201 -0.443131 -0.219374 -0.299306 0.475472 0.870825 0.124859 -1.68382 0.135707 -0.212834 0.967618 -1.09768 0 0 0 1 
13001298760072;0.364438;0.756259;0.940064 -0.34098 0.0034498 -0.48621 0.340997 0.940025 -0.00859149 -0.684813 -0.000313366 0.00925293 0.999957 0.126785 0 0 0 1 
13001298760073;1.33186;0.779347;0.874256 -0.392413 0.285811 -0.773654 0.458464 0.860985 -0.220262 -0.722214 -0.159645 0.323599 0.932629 1.00192 0 0 0 1 
13001298760074;0.375476;0.824867;0.866905 -0.315406 -0.385999 0.183851 0.262121 0.947098 -0.185197 -0.489194 0.423991 0.0593699 0.903718 -1.33398 0 0 0 1 
13001298760075;0.892832;0.832653;0.968075 -0.168452 0.185619 -0.152407 0.192175 0.974223 -0.118147 -0.255001 -0.160932 0.150046 0.975493 1.62361 0 0 0 1 
13001298760076;0.49285;0.757032;0.939615 -0.341845 -0.0163093 -0.729145 0.340258 0.938241 -0.0626707 -0.841925 0.0367258 0.0533369 0.997901 -0.149612 0 0 0 1 
13001298760077;1.25077;0.734051;0.989145 -0.145567 -0.0200476 -0.552374 0.14616 0.988736 0.0322389 0.276439 0.0151289 -0.0348191 0.999279 0.546291 0 0 0 1 
13001298760078;0.873453;0.760631;0.979192 -0.103992 -0.174269 0.0449526 0.119635 0.989444 0.0817795 0.2471 0.163925 -0.100926 0.981296 -1.34828 0 0 0 1 
13001298760079;0.135451;0.734583;0.983623 -0.164855 -0.0728616 -0.143832 0.163342 0.986219 -0.0262949 -0.152715 0.0761923 0.0139629 0.996995 -0.232143 0 0 0 1 
13001298760080;0.477523;0.776083;0.788606 -0.51612 0.334245 -0.615782 0.451069 0.85499 0.255985 -1.82296 -0.417895 -0.0511033 0.907057 1.34888 0 0 0 1 
13001298760081;0.486196;0.867193;0.941672 0.0170857 -0.336098 0.723389 0.00510943 0.997869 0.0650426 0.321921 0.336493 -0.0629661 0.939579 -1.32386 0 0 0 1 
13001298760082;0.60999;2.06738;0.93355 0.355494 -0.0459124 0.290764 -0.357677 0.915481 -0.184287 1.77382 -0.0234809 0.188463 0.9818 0.45316 0 0 0 1 
13001298760083;0.578912;0.888717;0.874442 -0.484845 -0.0166278 -0.346333 0.459426 0.816617 0.349378 -1.9919 -0.155815 -0.31315 0.936834 -0.274579 0 0 0 1 
13001298760084;0.295038;0.771106;0.998821 0.0468672 0.0126264 0.387022 -0.0463569 0.9982 -0.0380625 0.59628 -0.0143875 0.0374323 0.999196 0.15684 0 0 0 1 
13001298760085;0.331689;0.751484;0.992624 -0.121222 0.00147477 -0.143886 0.119654 0.98159 0.148873 -0.224848 -0.0194944 -0.147598 0.988855 -0.21378 0 0 0 1 
13001298760086;0.698459;0.773245;0.974467 -0.224031 0.0149662 -0.584276 0.22436 0.97416 -0.0259698 -0.585567 -0.00876141 0.0286645 0.999551 0.530936 0 0 0 1 
13001298760087;0.67213;0.788667;0.874204 -0.330203 -0.355996 0.171449 0.322818 0.942914 -0.0818668 -0.73928 0.362706 -0.0433535 0.930895 -1.72304 0 0 0 1 
13001298760088;0.268562;0.805856;0.906767 -0.307587 -0.288381 -0.0648971 0.306222 0.950591 -0.0510356 -0.736785 0.28983 -0.042031 0.956155 -1.07023 0 0 0 1 
13001298760089;1.15866;1.06492;0.879372 -0.464828 0.103152 -0.926923 0.472592 0.878481 -0.0701986 -1.47747 -0.0579871 0.11048 0.992185 1.03444 0 0 0 1 
13001298760090;0.714198;0.759414;0.974314 -0.218662 -0.0538498 -0.56678 0.222492 0.971632 0.0801762 -0.501259 0.0347907 -0.0900979 0.995325 0.0795387 0 0 0 1 
13001298760091;1.1529;0.820977;0.98508 -0.161165 -0.0603511 -0.210252 0.159575 0.986719 -0.0303439 -0.409923 0.06444 0.0202607 0.997716 -0.892209 0 0 0 1 
13001298760093;1.04775;0.227187;0.89734 -0.340797 0.280424 -0.866885 0.343856 0.938177 0.0398411 -1.14543 -0.276665 0.0606744 0.959049 0.240376 0 0 0 1 
13001298760094;1.11373;0.238801;0.995218 -0.0947157 -0.023874 -0.0800928 0.0971337 0.985426 0.139644 -0.892187 0.0102996 -0.141295 0.989914 -1.25436 0 0 0 1 
13001298760095;0.293853;0.320277;0.990546 0.090083 0.103455 0.328949 -0.0816631 0.993204 -0.082931 0.106589 -0.110223 0.0736985 0.991171 0.8414 0 0 0 1 
13001298760096;0.895384;0.193897;0.997088 -0.075553 0.0103635 0.566054 0.0756587 0.997081 -0.0102199 -0.708405 -0.00956108 0.0109743 0.999894 0.149321 0 0 0 1 
13001298760097;0.339617;0.197593;0.993157 -0.0952313 -0.0675965 0.0192262 0.0947376 0.995447 -0.0104789 -0.42814 0.0682867 0.00400327 0.997658 -0.424485 0 0 0 1 
13001298760098;0.188558;0.203087;0.992062 -0.00996066 -0.125352 0.252001 0.0172235 0.998226 0.0569896 -0.201075 0.124562 -0.0586962 0.990474 -0.627381 0 0 0 1 
13001298760099;0.958706;0.20178;0.961858 0.208429 0.17716 0.553808 -0.198983 0.97752 -0.0697115 -0.208239 -0.187708 0.0318007 0.98171 0.360176 0 0 0 1 
13001298760100;0.754489;0.348455;0.983599 0.04087 -0.175677 0.152697 -0.0876006 0.959648 -0.267212 0.0673551 0.157667 0.278219 0.947489 0.81017 0 0 0 1 
13001298760101;0.427244;0.302587;0.976286 0.211468 0.0463318 1.04483 -0.211732 0.977327 0.000812887 0.334769 -0.0451094 -0.0106035 0.998926 -0.0877945 0 0 0 1 
13001298760102;0.55757;0.481862;0.995197 0.0824503 -0.0527812 0.489369 -0.0843516 0.995826 -0.0348658 0.143508 0.0496862 0.0391505 0.997997 0.111126 0 0 0 1 
13001298760103;0.502682;0.25288;0.997936 -0.0488032 -0.0417426 0.116765 0.0485787 0.998799 -0.00637718 0.173991 0.0420037 0.00433622 0.999108 -0.010628 0 0 0 1 
13001298760104;0.301846;0.209721;0.911141 -0.409483 -0.0463098 -0.737053 0.41046 0.911777 0.0135921 -1.5021 0.0366585 -0.0313927 0.998835 -0.142578 0 0 0 1 
13001298760105;0.905526;0.303031;0.967815 0.176964 -0.178936 0.966561 -0.176228 0.984144 0.0201278 0.288168 0.179661 0.0120537 0.983655 -1.06777 0 0 0 1 
13001298760106;0.994487;0.157889;0.938195 -0.343173 -0.0449625 -0.857943 0.337539 0.935944 -0.100385 -1.90887 0.0765318 0.0790042 0.993932 0.525511 0 0 0 1 
13001298760107;0.0362635;0.114687;0.994758 -0.0989276 -0.0258865 -0.260022 0.0990537 0.995075 0.00363203 -0.381484 0.0253997 -0.00617715 0.999658 -0.111633 0 0 0 1 
13001298760108;1.01768;0.212506;0.959423 -0.24599 -0.13783 -0.265327 0.242521 0.96925 -0.0416862 -0.829731 0.143846 0.00656808 0.989578 -1.26823 0 0 0 1 
13001298760109;0.830454;0.231231;0.971905 -0.207138 -0.111778 -0.102022 0.204731 0.978271 -0.0327192 -0.673688 0.116127 0.00891553 0.993194 -0.876473 0 0 0 1 
13001298760110;0.923517;0.417871;0.991388 -0.123902 -0.0423981 -0.497178 0.116564 0.982467 -0.145507 -0.33885 0.0596833 0.139312 0.988448 0.716979 0 0 0 1 
13001298760111;0.26829;0.234333;0.924543 -0.381037 -0.00562214 -0.741294 0.379423 0.921798 -0.0795388 -1.37424 0.0354897 0.0714038 0.996816 0.130278 0 0 0 1 
13001298760112;0.495558;0.542357;0.981453 0.0567892 -0.183098 0.593537 -0.0388982 0.99424 0.0998663 0.252751 0.187714 -0.0908919 0.978009 -0.95419 0 0 0 1 
13001298760113;0.269314;0.246819;0.995817 0.0896618 -0.0175631 0.423188 -0.0896435 0.995972 0.00183058 0.173598 0.0176565 -0.000248506 0.999844 -0.199187 0 0 0 1 
13001298760114;0.734561;0.241503;0.92281 -0.385252 0.00156076 -0.957979 0.385209 0.922629 -0.0192153 -0.917586 0.00596272 0.0183333 0.999814 0.0801692 0 0 0 1 
13001298760115;0.321726;0.224894;0.995796 -0.0819627 -0.0408876 -0.173134 0.0842772 0.994722 0.0585224 -0.491392 0.0358751 -0.0617222 0.997448 -0.439197 0 0 0 1 
13001298760116;1.15818;0.272362;0.988758 0.120759 -0.0881755 1.41939 -0.14294 0.936449 -0.32036 0.458496 0.0438854 0.329363 0.943183 1.31565 0 0 0 1 
13001298760117;0.977589;0.308723;0.971896 -0.185582 -0.144835 -0.350841 0.156348 0.968816 -0.192227 -0.764133 0.175992 0.16418 0.970604 0.631662 0 0 0 1 
13001298760118;0.349631;0.239787;0.958957 0.269059 0.0894898 0.977908 -0.262264 0.961609 -0.0807847 0.595915 -0.10779 0.0539991 0.992706 0.430329 0 0 0 1 
13001298760119;0.966956;0.308879;0.882943 -0.360953 -0.300208 -0.0560831 0.354362 0.931835 -0.0781694 -1.04248 0.307959 -0.0373631 0.950666 -1.75509 0 0 0 1 
13001298760120;0.820899;0.324254;0.997618 0.0676059 0.013675 0.759351 -0.0671795 0.997303 -0.0295518 -0.0857877 -0.015636 0.0285628 0.99947 0.572936 0 0 0 1 
13001298760121;0.247186;0.158852;0.994506 -0.10468 0.000290284 -0.199619 0.104439 0.992392 0.0651903 -0.313385 -0.00711221 -0.0648018 0.997873 0.0034368 0 0 0 1 
13001298760122;0.958553;0.188401;0.995939 0.0375262 -0.0818425 0.503502 -0.0275944 0.992478 0.119273 -0.808395 0.0857027 -0.11653 0.989483 -0.266792 0 0 0 1 
13001298760124;1.10954;0.0881321;0.88207 -0.470109 0.0308109 -0.638171 0.465319 0.879578 0.0991019 -3.31743 -0.0736893 -0.0730779 0.9946 -0.267874 0 0 0 1 
13001298760125;0.573277;0.0757446;0.940136 0.0263805 -0.339777 0.648222 0.0961362 0.93598 0.338672 -0.777601 0.326959 -0.351062 0.877413 -2.89421 0 0 0 1 
13001298760126;0.254431;0.117904;0.976176 0.120319 -0.180567 0.619688 -0.110222 0.99178 0.064983 0.480104 0.186902 -0.0435322 0.981414 -0.892108 0 0 0 1 
13001298760127;0.992788;0.0916651;0.915356 -0.346703 -0.204746 -0.668924 0.348198 0.936945 -0.0298745 -2.62395 0.202194 -0.0439464 0.978359 -1.17119 0 0 0 1 
13001298760128;0.0799235;0.0626413;0.999186 0.0402024 0.00341702 0.129864 -0.040084 0.998758 -0.02958 0.18886 -0.00460196 0.0294189 0.999557 0.171158 0 0 0 1 
13001298760129;0.127861;0.100816;0.997956 -0.0321176 -0.0552493 0.0134228 0.0308663 0.999251 -0.0233553 0.000693155 0.055958 0.0216022 0.998199 -0.125038 0 0 0 1 
13001298760130;0.557579;0.0910814;0.970438 -0.2195 -0.100349 -0.630851 0.215378 0.975232 -0.0503506 -1.21854 0.108915 0.0272492 0.993677 0.066738 0 0 0 1 
13001298760131;0.697726;0.0743121;0.987771 -0.153698 -0.0261873 0.0572889 0.148283 0.977985 -0.146826 -1.08921 0.0481778 0.141147 0.988816 0.364537 0 0 0 1 
13001298760132;0.915785;0.0731661;0.973748 0.0177458 0.226935 0.0891815 -0.0170121 0.999842 -0.00518835 0.203952 -0.226991 0.00119151 0.973896 0.280988 0 0 0 1 
13001298760133;0.526097;0.0893531;0.987532 0.133342 0.0836663 0.393642 -0.13648 0.990095 0.0329491 0.721609 -0.0784441 -0.043957 0.995949 0.744223 0 0 0 1 
13001298760134;0.640051;0.0755477;0.993503 -0.0256451 -0.110875 0.263205 0.0226606 0.999348 -0.0280948 0.082243 0.111523 0.0253998 0.993437 0.145854 0 0 0 1 
13001298760135;0.744448;0.110521;0.931431 0.336355 -0.138931 1.56785 -0.338998 0.940774 0.00490214 1.56936 0.132352 0.0425314 0.99029 0.0748621 0 0 0 1 
13001298760136;0.470128;0.0733111;0.993526 0.108367 -0.0341007 0.0647188 -0.108046 0.994084 0.0111172 0.500549 0.0351037 -0.00736079 0.999357 -0.430116 0 0 0 1 
13001298760137;0.306436;0.0837278;0.965082 0.0749354 0.251 0.169542 -0.012818 0.97057 -0.240477 0.0727615 -0.261634 0.228862 0.937641 2.11322 0 0 0 1 
13001298760138;0.926249;0.094173;0.999467 -0.0102825 -0.0309828 -0.386944 0.0082806 0.997911 -0.0640634 -0.37502 0.0315769 0.0637727 0.997465 -0.550367 0 0 0 1 
13001298760139;0.738974;0.143648;0.988966 0.147861 0.00907825 0.477958 -0.147519 0.988577 -0.0308956 0.756361 -0.0135428 0.0292155 0.999481 0.795301 0 0 0 1 
13001298760140;1.02616;0.0914052;0.986981 0.136275 -0.0854226 0.210367 -0.137462 0.990473 -0.00815246 0.503228 0.0834978 0.0197887 0.996311 -1.13991 0 0 0 1 
13001298760141;0.897713;0.0907376;0.954526 -0.225972 0.194466 -0.83425 0.257529 0.953599 -0.155975 -1.66844 -0.150196 0.198963 0.968429 1.99553 0 0 0 1 
13001298760142;0.158181;0.0822937;0.998317 -0.00266031 0.0579382 -0.014479 0.00883691 0.994261 -0.106613 0.163018 -0.0573221 0.106946 0.992611 0.666015 0 0 0 1 
13001298760143;0.631582;0.255136;0.982825 0.183809 -0.0163819 0.535316 -0.182177 0.952269 -0.244938 1.11004 -0.0294218 0.243716 0.9694 1.29585 0 0 0 1 
13001298760144;0.855274;0.0867742;0.985083 -0.105619 -0.135853 0.505779 0.109581 0.993734 0.0220027 -0.496851 0.132678 -0.0365614 0.990485 -0.302086 0 0 0 1 
13001298760145;0.0426315;0.0560803;0.999368 -0.0269874 -0.0231577 -0.0687995 0.0261312 0.998992 -0.0365116 -0.0693275 0.0241197 0.0358834 0.999065 0.0707799 0 0 0 1 
13001298760146;0.950154;0.0607156;0.994981 0.0253085 -0.0968103 0.171823 -0.0254377 0.999676 -0.000100257 0.0370357 0.0967765 0.00256239 0.995303 0.467073 0 0 0 1 
13001298760147;0.397392;0.110715;0.956146 0.0267522 -0.291665 0.487637 -0.115924 0.949067 -0.292975 0.610523 0.268972 0.313938 0.910548 -0.172817 0 0 0 1 
13001298760148;0.554781;0.086125;0.99696 -0.0673195 0.0392278 -0.261847 0.0729507 0.983342 -0.166486 -0.4396 -0.0273666 0.168841 0.985263 0.223226 0 0 0 1 
13001298760149;0.73823;0.0954344;0.99869 -0.0422947 -0.0287991 -0.0427189 0.0409861 0.998164 -0.0446061 0.211072 0.0306328 0.0433673 0.998589 0.656211 0 0 0 1 
13001298760150;0.886242;0.118545;0.968941 -0.24715 0.00834755 -0.27656 0.247186 0.966992 -0.0618476 -1.54495 0.00721363 0.06199 0.998051 -0.379575 0 0 0 1 
13001298760151;1.10427;0.214171;0.963353 0.218738 0.155254 1.45761 -0.241904 0.958558 0.150498 1.38053 -0.115901 -0.182539 0.976343 0.0995434 0 0 0 1 
13001298760152;0.722566;0.0547921;0.952361 0.21966 0.21156 0.292377 -0.156336 0.947255 -0.279763 0.545462 -0.261854 0.233361 0.93647 2.2577 0 0 0 1 
13001298760153;0.343462;0.236226;0.992398 0.104517 -0.0649867 0.35478 -0.113487 0.981436 -0.154608 0.711858 0.0476211 0.160807 0.985836 0.277445 0 0 0 1 
13001298760155;0.0682714;0.21454;0.997148 0.0731756 0.0184743 -0.17861 -0.0732028 0.997317 0.000799121 0.205726 -0.0183662 -0.00214921 0.999829 0.196395 0 0 0 1 
13001298760156;0.228778;0.283577;0.999294 0.024412 -0.0285432 -0.174274 -0.0279304 0.991096 -0.130189 0.215258 0.0251109 0.130895 0.991078 -0.0170297 0 0 0 1 
13001298760157;0.606065;0.2973;0.993048 0.116833 -0.0143646 -0.710051 -0.117571 0.990419 -0.0724403 -0.0768778 0.00576357 0.0736255 0.997269 0.326391 0 0 0 1 
13001298760158;0.344682;0.234624;0.9474 -0.0176277 -0.319565 0.317166 -0.00170166 0.998191 -0.0601065 0.0657661 0.320047 0.0574887 0.945656 -1.25524 0 0 0 1 
13001298760159;0.780294;0.71868;0.99764 0.0120768 -0.0675955 0.0517837 -0.00710699 0.997286 0.0732854 -0.0994884 0.0682971 -0.072632 0.995018 -0.682716 0 0 0 1 
13001298760160;0.374691;0.229506;0.991226 0.0641901 -0.115545 -0.135738 -0.0267093 0.953401 0.300522 -0.110015 0.129451 -0.2948 0.94675 -0.117854 0 0 0 1 
13001298760161;0.829311;0.346044;0.96688 0.0985296 0.235447 -0.989584 -0.132334 0.982329 0.132353 0.355848 -0.218245 -0.159127 0.962833 0.981686 0 0 0 1 
13001298760162;0.477774;0.24446;0.964441 0.170372 -0.202055 -0.171397 -0.22105 0.939044 -0.263312 0.81695 0.144877 0.298614 0.943314 -0.118549 0 0 0 1 
13001298760163;0.737936;0.576078;0.996743 -0.00806748 0.0802443 -0.221721 0.0134961 0.997639 -0.067341 -0.616919 -0.0795115 0.0682046 0.994498 0.608463 0 0 0 1 
13001298760164;0.306679;0.271018;0.991772 -0.00474875 -0.12793 -0.165854 -0.0304368 0.96191 -0.271667 0.213274 0.124347 0.273325 0.953851 -0.325927 0 0 0 1 
13001298760165;0.655134;0.25791;0.984359 -0.17606 0.00635398 -0.671637 0.175939 0.984268 0.0161746 -0.760459 -0.00910171 -0.0148037 0.999849 -0.361805 0 0 0 1 
13001298760166;0.142166;0.265671;0.999158 -0.0405929 -0.00595763 -0.285235 0.0403607 0.998573 -0.0349634 -0.219914 0.00736839 0.0346935 0.999371 -0.0164395 0 0 0 1 
13001298760167;0.73402;1.04871;0.992284 -0.0738117 0.0996161 -0.711021 0.0728855 0.997257 0.0129102 -0.604967 -0.100296 -0.00554999 0.994942 0.928051 0 0 0 1 
13001298760168;0.457979;0.889598;0.993672 0.101575 0.0479436 -0.71829 -0.0905519 0.976987 -0.193123 0.0389646 -0.0664568 0.187559 0.980003 0.114036 0 0 0 1 
13001298760169;0.0971797;0.235204;0.997155 0.0609289 0.0443703 -0.236754 -0.0660172 0.990075 0.124073 0.054336 -0.0363703 -0.12665 0.991281 0.11415 0 0 0 1 
13001298760170;0.865636;0.977794;0.991105 -0.0503545 -0.123186 -1.10106 0.0335478 0.990293 -0.134888 -0.42797 0.128782 0.129555 0.983174 0.121134 0 0 0 1 
13001298760171;0.53187;0.250053;0.985875 -0.166853 -0.0145092 -0.263711 0.163141 0.937109 0.308565 -1.05037 -0.0378882 -0.306573 0.951093 0.573947 0 0 0 1 
13001298760172;0.399772;0.286574;0.953926 0.258621 0.15212 0.0500415 -0.279527 0.950268 0.137314 0.950155 -0.109043 -0.173509 0.978777 0.622929 0 0 0 1 
13001298760173;0.409814;0.703445;0.97374 0.0307105 0.22558 -0.605991 -0.0107296 0.995949 -0.0892734 0.122444 -0.227408 0.0845087 0.970126 0.984569 0 0 0 1 
13001298760174;0.230776;0.284963;0.997939 0.0637282 -0.00744846 -0.288205 -0.0639606 0.997272 -0.0368577 0.0420744 0.00507926 0.0372582 0.999293 0.28913 0 0 0 1 
13001298760175;0.184973;0.272858;0.993743 0.0461267 -0.101718 -0.231846 -0.0545562 0.995162 -0.0817089 0.0556657 0.0974572 0.086747 0.991452 -0.41803 0 0 0 1 
13001298760176;0.684651;0.83398;0.949154 -0.209463 0.235013 -0.920893 0.173057 0.97077 0.166301 -1.30673 -0.262977 -0.117175 0.95766 0.703924 0 0 0 1 
13001298760177;0.712892;0.782135;0.999194 0.0386155 -0.0109969 -0.404284 -0.0401034 0.946541 -0.320082 0.25847 -0.00195113 0.320265 0.947326 -0.253435 0 0 0 1 
13001298760178;0.372998;1.04648;0.991616 0.0384951 0.123349 -1.05365 -0.0221641 0.991117 -0.13113 -0.281955 -0.127301 0.127297 0.983661 0.424277 0 0 0 1 
13001298760179;0.364497;0.286974;0.992655 0.032496 0.116537 -0.29815 -0.0739638 0.925277 0.372009 -0.22312 -0.09574 -0.377896 0.920884 0.488176 0 0 0 1 
13001298760180;0.444705;0.573744;0.960969 -0.188809 -0.202213 -0.292723 0.257744 0.876602 0.406371 -1.4917 0.100534 -0.442629 0.891051 -0.59077 0 0 0 1 
13001298760181;0.327893;0.276871;0.987091 -0.0815406 0.137846 -0.414676 0.0853429 0.996111 -0.0218916 -0.46276 -0.135525 0.0333732 0.990212 0.412473 0 0 0 1 
13001298760182;0.549357;0.324555;0.99036 -0.00126485 -0.138508 -0.12578 0.0124305 0.996735 0.0797784 -0.669037 0.137955 -0.0807311 0.987143 -0.183668 0 0 0 1 
13001298760183;0.363905;0.273107;0.963215 0.0235512 -0.267698 -0.0113731 0.0566575 0.955964 0.287965 -0.4763 0.262691 -0.292539 0.919464 -0.719665 0 0 0 1 
13001298760184;0.185151;0.27541;0.975025 0.221578 -0.0151421 -0.135681 -0.221544 0.975143 0.00390023 0.61021 0.0156299 -0.00044818 0.999878 0.0321194 0 0 0 1 
13001298760186;0.752269;0.410129;0.991727 -0.125326 0.027764 -0.292824 0.125928 0.991814 -0.0211251 -0.375258 -0.0248893 0.0244466 0.999391 0.543403 0 0 0 1 
13001298760187;1.11885;0.469982;0.877402 -0.479714 -0.00634486 -0.241844 0.479724 0.87742 -1.23143e-06 -2.21802 0.0055677 -0.0030427 0.99998 0.264598 0 0 0 1 
13001298760188;1.47853;0.414763;0.991055 -0.0994278 0.0890121 -0.448488 0.126783 0.90969 -0.395461 -0.14073 -0.0416536 0.403209 0.914159 0.416871 0 0 0 1 
13001298760189;0.694353;0.408891;0.996331 0.0829741 0.0209742 0.457272 -0.0825174 0.996352 -0.021775 -0.295747 -0.0227045 0.0199644 0.999543 -0.114308 0 0 0 1 
13001298760190;1.04867;0.331759;0.950034 -0.289412 -0.116945 -0.555176 0.292376 0.956264 0.00866089 -1.6993 0.109324 -0.0424202 0.993101 -0.515616 0 0 0 1 
13001298760191;0.608395;0.34267;0.995128 0.0948375 -0.0269377 0.285737 -0.0946729 0.995481 0.00732444 0.047807 0.0275106 -0.00473849 0.99961 -0.379275 0 0 0 1 
13001298760192;0.728377;0.423222;0.981008 -0.183946 0.0615343 -0.402532 0.183886 0.982925 0.00667531 -0.479839 -0.0617115 0.0047668 0.998083 0.515307 0 0 0 1 
13001298760193;0.223967;0.411212;0.974579 -0.223842 0.0094739 -0.434544 0.223378 0.974075 0.035782 -0.790344 -0.0172378 -0.0327562 0.999315 -0.0632846 0 0 0 1 
13001298760194;0.894476;0.397263;0.998576 -0.0325555 0.0422592 -0.13939 0.0323856 0.999464 0.00469969 -0.419006 -0.0423896 -0.00332441 0.999096 -0.324856 0 0 0 1 
13001298760195;0.58478;0.60363;0.987349 0.158542 0.00266903 0.423065 -0.158555 0.987336 0.00532799 0.0730644 -0.00179052 -0.00568377 0.999982 0.245846 0 0 0 1 
13001298760196;0.904607;0.479214;0.979841 -0.19292 0.051905 -0.761787 0.193726 0.980995 -0.0109162 -0.475711 -0.0488126 0.0207515 0.998592 -0.179146 0 0 0 1 
13001298760197;0.286883;0.370712;0.962205 -0.272298 0.00382888 -0.503651 0.272256 0.962184 0.00887839 -1.17117 -0.00610165 -0.0075004 0.999953 0.0333903 0 0 0 1 
13001298760198;1.24998;1.32393;0.982078 0.172194 0.0766347 0.324648 -0.173326 0.984829 0.00833208 0.0839731 -0.0740373 -0.0214655 0.997024 -0.3235 0 0 0 1 
13001298760199;1.55468;0.392611;0.954381 -0.0823268 -0.287018 0.381677 0.0847649 0.996393 -0.00394349 -0.316937 0.286307 -0.0205654 0.957917 -1.5723 0 0 0 1 
13001298760200;0.663257;0.360989;0.988228 -0.139081 0.0637324 -0.59023 0.139177 0.990263 0.00295227 -0.961996 -0.0635225 0.00595255 0.997963 0.114028 0 0 0 1 
13001298760201;0.427557;0.515424;0.999999 0.00105468 -0.00124954 0.13181 -0.000978089 0.998211 0.0597826 -0.266252 0.00131036 -0.0597813 0.998211 -0.251735 0 0 0 1 
13001298760202;1.14516;0.490459;0.970834 -0.190125 -0.146063 -0.054608 0.192818 0.981225 0.00437363 -0.762065 0.142489 -0.0324097 0.989266 -0.933978 0 0 0 1 
13001298760203;0.345194;0.576077;0.997553 0.0356042 -0.0601665 0.185943 -0.0306481 0.996212 0.0813768 -0.205574 0.062836 -0.0793337 0.994866 -0.264862 0 0 0 1 
13001298760204;0.987501;0.373146;0.9644 -0.26122 0.041184 -0.786099 0.260984 0.965279 0.0110938 -0.672635 -0.042652 4.95152e-05 0.99909 -0.418897 0 0 0 1 
13001298760205;1.27725;0.559566;0.951091 -0.3067 0.0369084 0.028017 0.306977 0.951715 -0.00196163 -1.28388 -0.0345247 0.0131957 0.999317 0.639002 0 0 0 1 
13001298760206;0.732057;0.7292;0.998447 -0.0342287 0.0439636 -0.0526976 0.0442313 0.966758 -0.251839 -0.342882 -0.0338821 0.253392 0.96677 1.13282 0 0 0 1 
13001298760207;0.280311;0.412647;0.950447 -0.266788 -0.159606 -0.351588 0.273139 0.961789 0.0188662 -1.01932 0.148474 -0.0615261 0.987 -0.434682 0 0 0 1 
13001298760208;0.976835;0.387982;0.997887 -0.0588351 -0.0275704 0.160009 0.0597446 0.997654 0.0334159 -0.800208 0.0255397 -0.0349925 0.999061 0.339812 0 0 0 1 
13001298760209;0.510095;0.330613;0.99449 -0.0911302 -0.0518093 0.103002 0.0907447 0.995826 -0.00974828 -0.545223 0.0524815 0.00499315 0.998609 -0.227266 0 0 0 1 
13001298760210;0.786915;0.431557;0.969683 -0.208602 0.127278 -0.459358 0.208091 0.977954 0.0174463 -0.381489 -0.128112 0.00956818 0.991714 0.157334 0 0 0 1 
13001298760211;0.331308;0.397459;0.991806 -0.0592167 0.1132 -0.174539 0.0372177 0.981579 0.187395 -0.450604 -0.122212 -0.181647 0.97574 0.0649267 0 0 0 1 
13001298760212;0.525518;0.398532;0.996718 -0.00206051 0.0809302 -0.210834 -0.00086408 0.999348 0.0360856 -0.243922 -0.0809518 -0.0360371 0.996066 -0.0106947 0 0 0 1 
13001298760213;1.26584;0.483357;0.989671 -0.143325 -0.0029835 0.157754 0.14199 0.982896 -0.117282 -0.536752 0.0197419 0.115647 0.993094 0.97241 0 0 0 1 
13001298760214;1.19532;1.48199;0.947021 -0.172256 0.27107 0.122489 0.133021 0.978579 0.157126 -0.841754 -0.292329 -0.112743 0.949649 0.772323 0 0 0 1 
13001298760215;0.473246;0.396627;0.995007 0.0984461 0.0164004 0.21565 -0.0993903 0.992349 0.073241 -0.191942 -0.00906466 -0.0745053 0.997179 -0.17206 0 0 0 1 
13001298760217;0.222897;0.0532082;0.994039 -0.0927056 -0.057379 -0.181724 0.0956015 0.994165 0.0499655 -0.477578 0.0524121 -0.0551532 0.997101 -0.23762 0 0 0 1 
13001298760218;0.56062;0.0616629;0.978949 0.102092 0.176739 0.552234 -0.144158 0.958844 0.244615 0.136415 -0.144492 -0.264944 0.953377 -0.159669 0 0 0 1 
13001298760219;1.35156;0.0918422;0.996502 -0.0831136 0.00874558 -0.321316 0.0830977 0.996539 0.00216716 0.00245042 -0.00889543 -0.00143285 0.999959 0.985381 0 0 0 1 
13001298760220;0.477483;0.0550112;0.91778 -0.215742 0.33337 -0.262395 0.172638 0.972826 0.15429 -0.654299 -0.357598 -0.0840523 0.930085 1.34019 0 0 0 1 
13001298760221;0.489369;0.0557717;0.953394 -0.127902 0.27328 -0.233363 0.0842976 0.982555 0.165771 -0.598119 -0.289715 -0.135009 0.947543 0.923725 0 0 0 1 
13001298760222;1.04527;0.0696752;0.997975 0.0473959 0.0424123 -0.260268 -0.0565368 0.966536 0.250222 -0.447666 -0.0291335 -0.252113 0.967259 -0.913701 0 0 0 1 
13001298760223;0.25956;0.0857146;0.970897 0.110043 0.212719 0.216955 -0.131468 0.98729 0.0893058 0.450177 -0.200188 -0.114672 0.973024 0.363693 0 0 0 1 
13001298760224;0.137794;0.0525018;0.999066 0.00262945 -0.0431288 0.0161405 -0.00274533 0.999993 -0.00262774 0.0250463 0.0431216 0.00274368 0.999066 -0.0492898 0 0 0 1 
13001298760225;1.05742;0.0812594;0.911207 -0.0146446 0.411689 -0.54512 0.0380493 0.998088 -0.0487118 -0.288984 -0.410188 0.060051 0.910022 1.86662 0 0 0 1 
13001298760226;1.15936;0.0370841;0.986533 0.162919 -0.0144821 -0.0966418 -0.163259 0.986223 -0.0266653 0.498279 0.00993828 0.0286705 0.99954 0.615455 0 0 0 1 
13001298760227;0.324156;0.0615244;0.938208 0.328233 -0.109676 1.27618 -0.340074 0.933172 -0.116362 1.18749 0.0641525 0.146469 0.987133 0.231689 0 0 0 1 
13001298760228;1.39459;0.0416224;0.935208 -0.127505 0.330347 -0.703368 0.235241 0.921014 -0.310476 -0.109644 -0.264667 0.368071 0.891334 1.82561 0 0 0 1 
13001298760229;0.664996;0.0503865;0.967491 -0.0343737 0.250558 -0.244235 -0.0316859 0.966439 0.254935 0.0317663 -0.250912 -0.254586 0.933932 0.663132 0 0 0 1 
13001298760230;0.977712;0.171131;0.962519 -0.268102 0.0409561 -0.523959 0.261093 0.956845 0.127588 -1.39322 -0.0733953 -0.112112 0.990981 -0.545386 0 0 0 1 
13001298760231;0.367575;0.0670586;0.893927 0.369584 0.25358 1.26947 -0.380368 0.924809 -0.00699159 1.21928 -0.237097 -0.0902037 0.967289 0.525185 0 0 0 1 
13001298760232;0.090517;0.069269;0.996322 0.0430396 -0.0740896 0.189517 -0.0462359 0.998048 -0.0419803 0.247387 0.0721382 0.0452516 0.996368 -0.131646 0 0 0 1 
13001298760233;0.668099;0.0506543;0.969288 -0.245901 -0.00378412 -0.20279 0.245776 0.968022 0.0502682 -0.677809 -0.00869789 -0.0496544 0.998729 -0.0427384 0 0 0 1 
13001298760234;0.755306;0.056035;0.992718 0.108118 -0.0531099 0.207208 -0.0986687 0.98276 0.156357 0.0154997 0.0690993 -0.149978 0.986272 -0.199007 0 0 0 1 
13001298760235;0.973297;0.120792;0.998349 0.050138 -0.0280434 0.184263 -0.0492152 0.998253 0.0326822 -0.429777 0.029633 -0.031248 0.999072 -0.393828 0 0 0 1 
13001298760236;0.97211;0.056554;0.955977 -0.140042 -0.257869 0.167745 0.189337 0.965747 0.17744 -1.00282 0.224187 -0.218452 0.949747 -1.96744 0 0 0 1 
13001298760237;0.48343;0.070976;0.997855 0.0406944 0.0512764 0.087477 -0.0401089 0.999118 -0.0123967 -0.130469 -0.0517357 0.0103134 0.998608 0.103032 0 0 0 1 
13001298760238;0.245894;0.0845594;0.997993 0.0629529 -0.0068494 0.199499 -0.0632366 0.996457 -0.0554567 0.186309 0.00333397 0.0557785 0.998438 0.254672 0 0 0 1 
13001298760239;0.597612;0.0512899;0.935573 0.351014 -0.0386243 1.31847 -0.34777 0.934827 0.0718015 1.02843 0.0613103 -0.0537432 0.996671 -0.699292 0 0 0 1 
13001298760240;0.379328;0.0680104;0.997983 -0.0606742 0.0186553 -0.134547 0.0595584 0.996683 0.0554587 -0.121035 -0.0219583 -0.0542358 0.998287 0.206666 0 0 0 1 
13001298760241;0.905295;0.0385125;0.998347 -0.0414234 -0.0398516 0.474368 0.0486972 0.97786 0.203515 -0.0220953 0.030539 -0.205119 0.978261 -0.822196 0 0 0 1 
13001298760242;0.886526;0.069064;0.923467 -0.336928 0.183546 -1.02559 0.309165 0.936749 0.164066 -1.36273 -0.227215 -0.0947638 0.969223 0.123659 0 0 0 1 
13001298760243;0.836676;0.049714;0.94874 0.254842 0.186945 0.977581 -0.239521 0.965645 -0.100799 0.537019 -0.206211 0.0508546 0.977185 0.457568 0 0 0 1 
13001298760244;1.22657;0.0889994;0.992399 0.122374 -0.0129608 0.9673 -0.122319 0.992478 0.00499988 0.637788 0.0134752 -0.00337652 0.999904 0.5642 0 0 0 1 
13001298760245;1.14759;0.0824541;0.998547 -0.0536672 0.00494085 -0.886992 0.0538875 0.995662 -0.0758553 0.0822484 -0.000848479 0.0760113 0.997107 -0.000981342 0 0 0 1 
13001298760246;0.304771;0.033665;0.942582 0.269088 -0.197816 1.08318 -0.274417 0.961611 0.000490386 0.925723 0.190354 0.0538219 0.980239 -0.643592 0 0 0 1 
13001298760248;0.0489943;0.553449;0.987493 -0.157147 -0.0127513 -0.735034 0.157347 0.987404 0.0165894 -0.82893 0.00998372 -0.0183882 0.999781 -0.171517 0 0 0 1 
13001298760249;0.420407;0.266935;0.999906 -0.0106322 -0.00861662 -0.273148 0.0107049 0.999907 0.00844052 -0.378641 0.00852608 -0.00853197 0.999927 -0.396384 0 0 0 1 
13001298760250;0.517589;0.558601;0.993183 -0.109244 0.0406502 -0.578376 0.106772 0.992549 0.0586963 -0.692079 -0.0467596 -0.0539559 0.997448 0.328901 0 0 0 1 
13001298760251;0.918817;0.748788;0.994569 0.0385548 0.096674 0.754904 -0.0411649 0.998836 0.0251507 -0.442123 -0.0955918 -0.0289937 0.994998 -0.144855 0 0 0 1 
13001298760252;0.624083;0.514613;0.998038 0.0196055 -0.0594585 0.00170959 -0.020967 0.99953 -0.0223617 0.166751 0.0589921 0.0235645 0.99798 -0.149431 0 0 0 1 
13001298760253;0.848575;0.992097;0.972271 -0.189152 0.137514 -0.407224 0.178633 0.980212 0.0852906 -1.32323 -0.150925 -0.0583611 0.986821 0.782005 0 0 0 1 
13001298760254;0.316984;0.749865;0.993593 -0.0277715 -0.109551 0.205863 0.016841 0.994898 -0.0994669 -0.503825 0.111755 0.0969847 0.988992 0.0345142 0 0 0 1 
13001298760255;0.292142;1.01272;0.986992 -0.101371 -0.124783 -0.530641 0.0963419 0.994298 -0.0457124 -1.05463 0.128705 0.0330959 0.991131 -0.404651 0 0 0 1 
13001298760256;0.288912;0.358334;0.99936 -0.0357334 0.00147579 -0.142597 0.0357472 0.999304 -0.0106959 -0.557649 -0.00109256 0.0107418 0.999942 0.138227 0 0 0 1 
13001298760257;0.0896223;0.608422;0.994517 -0.0798077 0.067575 -0.389658 0.0745838 0.994269 0.0765887 -0.771891 -0.0733001 -0.0711288 0.99477 -0.0588499 0 0 0 1 
13001298760258;0.918056;0.469826;0.996927 -0.0321311 0.0714389 -0.144187 0.0253752 0.995292 0.093543 0.26969 -0.0741082 -0.0914428 0.993049 -0.0968755 0 0 0 1 
13001298760259;0.628443;0.568967;0.999647 -0.00793867 0.0253689 -0.186287 0.00666651 0.998735 0.0498432 -0.302733 -0.0257325 -0.0496565 0.998435 -0.571931 0 0 0 1 
