#;prob_registration_l1 -r /home/probabilistic_point_clouds_registration/build/tester /home/point_clouds_registration_benchmark//devel/registration_pairs/box_met_local.txt /home/point_clouds_registration_benchmark//planetary/box_met -s 0.2 -t 0.2 -p 0.3 -r 1000 -m 15 -i 40 
id;initial_error;final_error;transformation
7680147070000;1.79635;2.53548;0.879276 0.18303 0.439743 -8.0129 -0.125982 0.979711 -0.155872 -4.64853 -0.45935 0.0816545 0.884494 -32.0145 0 0 0 1 
7680147070001;0.811107;2.39534;0.979363 0.187311 0.0759122 -5.27946 -0.165859 0.959496 -0.227725 -6.28403 -0.115493 0.210435 0.970762 -11.8706 0 0 0 1 
7680147070002;1.49386;2.24821;0.960944 -0.0136992 -0.276404 -3.69264 -0.0609049 0.963818 -0.25951 -0.983668 0.269958 0.266209 0.925341 8.83228 0 0 0 1 
7680147070003;0.946768;2.42483;0.992648 0.120812 -0.00732898 -3.93563 -0.119968 0.974085 -0.191745 -4.81565 -0.0160259 0.191214 0.981417 -3.93916 0 0 0 1 
7680147070004;1.43077;3.21917;0.998438 -0.0125747 -0.0544312 -1.29972 0.00535804 0.991401 -0.13075 2.01343 0.0556073 0.130254 0.98992 0.170868 0 0 0 1 
7680147070005;0.312811;2.36242;0.978166 0.204675 0.0360425 -5.85038 -0.205166 0.978671 0.0104491 -8.32225 -0.0331351 -0.0176157 0.999296 -2.60002 0 0 0 1 
7680147070006;1.56238;2.81391;0.999846 0.00580928 -0.0165874 -1.2448 -0.00550013 0.999811 0.0186233 2.53652 0.0166925 -0.0185291 0.999689 -1.45161 0 0 0 1 
7680147070007;1.77223;2.93003;0.961237 0.16942 0.217534 -5.49065 -0.216999 0.951572 0.217768 -6.99653 -0.170105 -0.256531 0.951449 -8.94607 0 0 0 1 
7680147070008;0.368314;2.98993;0.986939 0.131646 0.0928427 -4.1286 -0.132992 0.991081 0.00843574 -3.61497 -0.0909041 -0.0206729 0.995645 -5.91048 0 0 0 1 
7680147070009;2.02654;2.58665;0.999789 5.93161e-05 0.0205187 -2.3953 0.0015716 0.996837 -0.0794593 2.45827 -0.0204585 0.0794749 0.996627 -6.33563 0 0 0 1 
7680147070010;1.67484;2.44521;0.990525 0.00766221 -0.137121 -2.43823 -0.00946562 0.999877 -0.0125047 2.25521 0.137008 0.0136842 0.990475 9.20095 0 0 0 1 
7680147070011;1.58383;3.11577;0.973589 0.0322396 0.226022 -2.50409 0.0477892 0.939272 -0.339829 4.78513 -0.223252 0.341655 0.912924 -18.6239 0 0 0 1 
7680147070012;1.55669;2.09475;0.995305 -0.0106918 0.0961911 -2.10377 0.0299001 0.97923 -0.200538 3.84836 -0.0920491 0.202473 0.974952 -7.9689 0 0 0 1 
7680147070013;1.90796;2.83517;0.993435 0.114314 0.00429509 -3.85069 -0.11307 0.975548 0.188468 -2.02161 0.0173545 -0.187717 0.98207 0.708329 0 0 0 1 
7680147070014;1.7784;2.3937;0.991725 0.124349 -0.0319245 -3.69109 -0.126686 0.988169 -0.086439 -3.62495 0.0207981 0.0897681 0.995746 -3.52392 0 0 0 1 
7680147070015;0.363704;2.77084;0.997347 -0.0193882 -0.0701701 -2.81562 0.0438117 0.929645 0.365844 9.25323 0.0581401 -0.367947 0.928027 8.72711 0 0 0 1 
7680147070016;0.265959;2.44519;0.996113 0.0866142 0.0160516 -3.35363 -0.0872816 0.995073 0.047022 -1.45859 -0.0118998 -0.0482402 0.998765 -0.959295 0 0 0 1 
7680147070017;0.994504;2.51162;0.998531 0.0446987 -0.0306252 -3.07593 -0.0441015 0.998829 0.0199074 0.559007 0.0314792 -0.0185276 0.999333 0.151667 0 0 0 1 
7680147070018;1.14391;3.00982;0.921997 0.083739 -0.378034 -10.802 -0.0862774 0.996218 0.0102501 -0.527025 0.377463 0.0231653 0.925735 20.7042 0 0 0 1 
7680147070019;1.59901;2.17024;0.998997 0.0423901 0.0144213 -1.14944 -0.042422 0.999098 0.0019114 1.88357 -0.0143272 -0.00252127 0.999894 -1.23571 0 0 0 1 
7680147070020;1.99055;2.76919;0.975649 0.0345773 0.216596 -4.40892 -0.058482 0.992757 0.104947 1.29269 -0.211398 -0.115058 0.970604 -10.0354 0 0 0 1 
7680147070021;1.30849;2.49256;0.966751 0.0237481 -0.254613 -5.80538 0.030599 0.977781 0.207382 7.06022 0.25388 -0.208278 0.944545 16.2238 0 0 0 1 
7680147070022;0.490232;2.9313;0.997882 -0.042988 0.0488234 -1.14075 0.0408058 0.99816 0.0448456 6.22715 -0.0506614 -0.0427583 0.9978 -2.61887 0 0 0 1 
7680147070023;1.93092;2.02482;0.989279 0.138774 0.0454809 -3.8144 -0.130823 0.980548 -0.146326 -2.96076 -0.0649025 0.138808 0.98819 -6.23429 0 0 0 1 
7680147070024;2.01577;3.47172;0.985533 0.0953545 -0.140113 -3.95113 -0.067523 0.979179 0.191438 0.589315 0.15545 -0.179208 0.971452 9.83835 0 0 0 1 
7680147070025;1.53658;2.8337;0.956875 -0.100479 -0.27257 -3.34104 0.0616411 0.98714 -0.147498 5.44493 0.283885 0.124335 0.950763 11.3797 0 0 0 1 
7680147070026;1.23157;2.63441;0.985115 0.165111 0.0478139 -4.57457 -0.16847 0.982634 0.0777705 -4.82391 -0.0341428 -0.0846682 0.995824 0.0689206 0 0 0 1 
7680147070027;1.05263;2.3244;0.941329 0.0261795 0.336475 -4.27043 -0.081972 0.984867 0.152699 -0.68008 -0.327385 -0.171321 0.92923 -17.3843 0 0 0 1 
7680147070028;0.137424;2.51003;0.998054 0.0607674 0.0139947 -2.85177 -0.0609151 0.998089 0.0103785 -0.483669 -0.0133373 -0.0112108 0.999848 -1.27899 0 0 0 1 
7680147070029;1.81513;2.05724;0.997636 0.0172887 -0.0665114 -3.14689 -0.0189905 0.999506 -0.02504 3.77153 0.0660456 0.0262439 0.997471 3.20288 0 0 0 1 
7680147070031;0.429088;0.520424;0.972273 -0.0487334 -0.228715 -1.28143 0.0510201 0.998689 0.00409239 0.839387 0.228215 -0.015648 0.973485 1.84697 0 0 0 1 
7680147070032;0.91489;0.868274;0.996136 0.00370405 0.0877511 -0.0663597 -0.0120879 0.995384 0.0952034 0.840888 -0.0869935 -0.0958962 0.991583 0.867472 0 0 0 1 
7680147070033;0.415478;0.328401;0.979911 0.0316334 0.196912 -0.423623 0.0286545 0.954765 -0.295977 -0.17306 -0.197368 0.295673 0.934678 -9.21554 0 0 0 1 
7680147070034;0.600344;0.582998;0.983344 -0.055438 -0.173091 -0.723137 0.025639 0.985134 -0.169863 -0.193252 0.179935 0.162596 0.970147 -1.38948 0 0 0 1 
7680147070035;0.44843;0.431661;0.997037 0.0246789 0.0728601 -0.833321 -0.0393546 0.977452 0.20746 1.1626 -0.0660973 -0.209713 0.975526 3.06038 0 0 0 1 
7680147070036;0.879785;0.309096;0.999862 -0.0081913 -0.014483 -2.24399 0.0078042 0.999616 -0.0265853 0.871453 0.0146952 0.0264686 0.999542 -0.91985 0 0 0 1 
7680147070037;0.82527;0.310695;0.99979 0.0113262 0.0170707 -0.676476 -0.0118812 0.999392 0.0327699 0.57341 -0.0166892 -0.0329658 0.999317 2.18642 0 0 0 1 
7680147070038;0.802274;0.330415;0.978006 0.0179084 0.207806 -0.463362 -0.0774766 0.956214 0.282227 2.64795 -0.193652 -0.29212 0.936571 4.64828 0 0 0 1 
7680147070039;1.33952;0.588192;0.998374 0.0568928 0.00350994 -4.35497 -0.0569684 0.997991 0.0277264 0.295792 -0.00192545 -0.0278813 0.999609 1.38031 0 0 0 1 
7680147070040;0.158831;0.316679;0.999585 -0.0102065 -0.0269401 -0.514631 0.00708352 0.993505 -0.11357 -0.283935 0.0279243 0.113332 0.993165 -2.23599 0 0 0 1 
7680147070041;1.36617;0.417394;0.999369 0.00731907 0.0347542 -0.968211 -0.00869493 0.999178 0.0396038 0.252648 -0.0344357 -0.039881 0.998611 -2.4564 0 0 0 1 
7680147070042;0.46675;0.489156;0.996839 0.0062914 0.0792008 -0.40454 0.00982803 0.979439 -0.2015 -0.388724 -0.0788401 0.201642 0.976281 -5.96397 0 0 0 1 
7680147070043;1.14629;1.02363;0.964392 0.0588155 0.257853 -0.336284 0.00102478 0.974121 -0.226026 -0.627679 -0.264474 0.218242 0.939374 -7.44814 0 0 0 1 
7680147070044;0.702038;0.491757;0.99936 -0.00252671 -0.0356923 -1.20102 0.00528059 0.996996 0.0772742 1.14509 0.0353898 -0.0774132 0.996371 3.27143 0 0 0 1 
7680147070045;0.887978;0.616144;0.999508 -0.0116432 0.0291305 -0.565526 0.0116696 0.999932 -0.000735956 0.666971 -0.0291199 0.00107553 0.999575 -1.60135 0 0 0 1 
7680147070046;0.520495;0.342582;0.995588 0.00620559 0.0936219 -0.112735 0.01004 0.985036 -0.172058 -0.427114 -0.0932886 0.172239 0.980628 -5.77826 0 0 0 1 
7680147070047;1.3778;0.587848;0.995344 0.0545204 -0.0794864 -4.44363 -0.029484 0.957343 0.287446 2.91937 0.0917674 -0.283764 0.954493 8.15465 0 0 0 1 
7680147070048;1.12108;1.12411;0.999993 0.00345977 0.00164892 -0.233217 -0.00338171 0.998972 -0.0451988 -0.295731 -0.00180361 0.0451929 0.998977 -0.771285 0 0 0 1 
7680147070049;0.932757;0.518184;0.997019 -0.0342342 -0.0691466 -1.00708 0.0242717 0.989841 -0.140095 0.538886 0.0732401 0.137999 0.987721 -0.915788 0 0 0 1 
7680147070050;1.2993;0.506747;0.95541 -0.0470945 -0.291504 -4.05538 0.0121276 0.992625 -0.120617 0.299453 0.295035 0.111703 0.948935 -0.0651649 0 0 0 1 
7680147070051;0.92457;0.54585;0.997842 0.0128874 0.0643763 -0.333226 -0.0291861 0.965402 0.259126 1.54024 -0.0588096 -0.260446 0.963696 3.11487 0 0 0 1 
7680147070052;0.840224;0.730405;0.964011 -0.0301322 -0.264148 -1.64457 0.0731435 0.985275 0.154544 2.44044 0.255602 -0.168303 0.95202 7.00473 0 0 0 1 
7680147070053;0.82655;0.474192;0.99999 0.00377544 0.00218101 -0.420309 -0.00375431 0.999947 -0.0096084 0.192598 -0.00221717 0.00960012 0.999951 1.18317 0 0 0 1 
7680147070054;0.270576;0.44046;0.998418 0.0259895 0.049855 -1.29497 -0.0285216 0.998303 0.0507679 0.173749 -0.0484509 -0.0521095 0.997465 0.511757 0 0 0 1 
7680147070055;0.73698;0.421028;0.983909 -0.110946 -0.140049 0.870033 0.0403131 0.901484 -0.430931 0.380955 0.174062 0.418351 0.891451 -6.80283 0 0 0 1 
7680147070056;0.896614;0.28836;0.999244 -0.0250856 -0.0297057 -0.169839 0.0244542 0.999471 -0.0214326 0.203299 0.0302276 0.02069 0.999329 -2.21839 0 0 0 1 
7680147070057;0.403726;0.35086;0.99838 0.0100166 0.0560139 -1.27573 -0.00784426 0.999214 -0.038869 0.194287 -0.0563591 0.0383667 0.997673 -1.44668 0 0 0 1 
7680147070058;0.771956;0.411514;0.993553 0.0241275 0.110773 -0.974069 -0.00546714 0.986151 -0.165758 -0.475225 -0.113238 0.164083 0.979925 -6.35652 0 0 0 1 
7680147070059;0.054331;0.266582;0.999859 0.00341572 0.0164143 -0.456903 -0.00331789 0.999977 -0.00598381 0.0797043 -0.0164343 0.00592851 0.999847 -0.492616 0 0 0 1 
7680147070060;0.252286;0.262681;0.999724 0.0206007 0.0113031 -0.924057 -0.0229287 0.960465 0.277456 2.18635 -0.00514048 -0.277639 0.960672 5.39386 0 0 0 1 
7680147070062;0.694613;1.91004;0.996987 0.0257355 0.0731811 1.43897 -0.0281697 0.999077 0.032428 -1.54213 -0.072279 -0.0343917 0.996791 -1.32621 0 0 0 1 
7680147070063;0.642429;1.50868;0.998217 -0.0590475 -0.00868846 2.62444 0.0590607 0.998254 0.00127281 0.564116 0.00859813 -0.00178369 0.999961 -0.135469 0 0 0 1 
7680147070064;1.73702;2.09752;0.996472 -0.0727291 -0.0418722 1.71321 0.0621383 0.974777 -0.214356 0.119247 0.0564059 0.210998 0.975858 -3.35816 0 0 0 1 
7680147070065;2.03958;2.46734;0.982676 -0.0311255 -0.182698 -0.438044 0.0577687 0.988125 0.142377 2.02455 0.176097 -0.150465 0.972805 6.17541 0 0 0 1 
7680147070066;1.4044;1.98;0.996647 -0.0040326 0.081722 1.30098 0.0151914 0.990539 -0.13639 -0.338326 -0.0803988 0.137174 0.987279 -4.15812 0 0 0 1 
7680147070067;2.44929;2.07933;0.992287 -0.112861 -0.0512807 4.1002 0.113822 0.993369 0.0162087 1.56874 0.0491113 -0.0219206 0.998553 -0.883496 0 0 0 1 
7680147070068;0.72785;1.77001;0.99745 0.0145139 -0.0698707 1.26058 -0.0175774 0.998902 -0.0434316 -1.14222 0.0691636 0.044549 0.99661 1.868 0 0 0 1 
7680147070069;0.403431;1.71783;0.996809 -0.0351532 0.0716666 2.7807 0.0620843 0.905744 -0.419253 0.0687332 -0.0501735 0.422365 0.905036 -8.92176 0 0 0 1 
7680147070070;2.46104;2.52491;0.929429 -0.121128 -0.348554 0.839081 0.0418799 0.973111 -0.226498 -1.28753 0.366617 0.195916 0.90951 3.62065 0 0 0 1 
7680147070071;1.40642;1.50184;0.945579 0.0477332 0.321873 1.33393 -0.0882478 0.989728 0.112474 -1.64715 -0.313198 -0.134758 0.940078 -6.86139 0 0 0 1 
7680147070072;0.468235;2.0292;0.997231 0.00700171 -0.074037 1.6523 -0.00750789 0.99995 -0.00656068 -0.54176 0.0739874 0.00709838 0.997234 1.47491 0 0 0 1 
7680147070073;0.953779;1.23754;0.99427 0.0158729 0.105714 1.32327 0.00610844 0.978863 -0.204427 -1.06774 -0.106725 0.203902 0.973157 -5.34219 0 0 0 1 
7680147070074;0.189263;1.33231;0.999164 -0.0401221 -0.00784935 1.94447 0.0381279 0.983786 -0.175247 -0.660592 0.0147534 0.174801 0.984493 -2.64049 0 0 0 1 
7680147070075;2.44638;2.00174;0.964872 -0.119069 -0.23419 3.96641 0.0427887 0.95072 -0.307084 -1.11189 0.259213 0.286276 0.922418 1.64151 0 0 0 1 
7680147070076;2.31741;2.05847;0.996594 -0.0263185 -0.0781564 2.24737 0.0236665 0.999119 -0.0346659 -0.473918 0.0789999 0.0326981 0.996338 3.56952 0 0 0 1 
7680147070077;2.21484;1.37079;0.999081 -0.042819 0.00212896 3.68527 0.042793 0.993002 -0.11007 -0.321464 0.00259902 0.11006 0.993922 0.228465 0 0 0 1 
7680147070078;0.226189;1.79299;0.992739 0.00111877 -0.12028 1.06653 0.0389771 0.943011 0.330472 3.13031 0.113795 -0.332761 0.93612 8.22316 0 0 0 1 
7680147070079;1.94297;2.22136;0.993763 0.0244276 0.108806 0.938726 0.0025799 0.970415 -0.241427 -1.06462 -0.111484 0.240202 0.9643 -7.33922 0 0 0 1 
7680147070080;2.14298;2.04238;0.996705 -0.0803195 0.0113002 2.74304 0.0809887 0.97787 -0.192901 0.571999 0.00444358 0.193181 0.981153 -0.638842 0 0 0 1 
7680147070081;1.69906;1.8595;0.998037 -0.00720057 0.0622195 3.13699 0.014903 0.992141 -0.124234 -1.22792 -0.060836 0.124918 0.9903 -2.11214 0 0 0 1 
7680147070082;2.0972;1.94849;0.959228 -0.128927 -0.251516 1.4389 0.0555734 0.958561 -0.279413 -0.253396 0.277117 0.254043 0.926643 3.88208 0 0 0 1 
7680147070083;0.59076;1.64525;0.99959 -0.017363 0.0227466 2.16725 0.0237659 0.946468 -0.321921 -0.739789 -0.0159394 0.32233 0.946493 -6.39329 0 0 0 1 
7680147070084;0.946739;1.53646;0.997225 -0.0737802 -0.00997021 3.20557 0.0739197 0.99716 0.0144376 0.650461 0.00887668 -0.0151346 0.999846 1.43667 0 0 0 1 
7680147070085;1.67199;2.1334;0.961864 0.00646565 -0.273451 0.0987823 0.0881499 0.939056 0.332271 4.69138 0.258934 -0.343704 0.902674 13.166 0 0 0 1 
7680147070086;1.58068;2.20017;0.999162 0.031351 -0.0263048 1.51255 -0.0308854 0.999362 0.0179225 -1.57566 0.02685 -0.017095 0.999493 -0.646273 0 0 0 1 
7680147070087;0.945675;1.95359;0.993809 -0.0568511 -0.0954592 1.85162 0.0358531 0.977306 -0.208778 -1.10679 0.105162 0.204063 0.973293 -1.23739 0 0 0 1 
7680147070088;1.00125;2.64978;0.980575 0.0512455 0.189333 2.45495 -0.0466157 0.998497 -0.0288293 -2.43236 -0.190526 0.0194434 0.98149 -5.20437 0 0 0 1 
7680147070089;1.42162;2.24735;0.997889 -0.0284515 0.0583759 3.19801 0.026866 0.999253 0.0277675 -0.419316 -0.0591223 -0.0261405 0.997908 0.652842 0 0 0 1 
7680147070090;0.678915;1.39638;0.99852 -0.0379533 -0.0389615 1.97806 0.0392747 0.998659 0.0337291 0.453017 0.0376291 -0.0352093 0.998671 1.3859 0 0 0 1 
7680147070091;1.30647;1.89002;0.98782 -0.0738607 -0.136951 0.839879 0.0588315 0.992109 -0.110718 0.678502 0.144048 0.101312 0.984371 1.75389 0 0 0 1 
7680147070093;0.528987;0.502294;0.995264 -0.0198079 -0.0951733 -0.674125 0.0253911 0.998004 0.0578149 2.08681 0.0938382 -0.0599576 0.99378 7.71233 0 0 0 1 
7680147070094;0.750267;0.674706;0.975412 -0.0249799 -0.218971 -2.64945 0.0528407 0.991083 0.122319 4.71489 0.213963 -0.130882 0.968034 17.8227 0 0 0 1 
7680147070095;1.32662;1.18821;0.995847 0.0547349 0.0727495 -1.39526 -0.0328265 0.961215 -0.273841 -3.75104 -0.0849165 0.270316 0.95902 -13.0209 0 0 0 1 
7680147070096;1.72861;0.176091;0.999659 0.0163531 0.0203402 -0.248465 -0.0153253 0.998647 -0.0496993 -1.26272 -0.0211254 0.0493707 0.998557 0.410005 0 0 0 1 
7680147070097;1.58172;1.62181;0.997094 -0.0123918 -0.0751712 -0.504416 0.0169816 0.99801 0.0607288 1.67034 0.0742691 -0.0618288 0.99532 6.96905 0 0 0 1 
7680147070098;0.811119;0.545925;0.979202 -0.0385167 -0.1992 -2.16222 0.0167309 0.9938 -0.109915 0.430965 0.202198 0.104296 0.973775 12.7115 0 0 0 1 
7680147070099;0.734807;0.425623;0.999956 -0.00181494 0.00916232 -0.141748 0.00188433 0.99997 -0.00756948 -0.247902 -0.00914831 0.00758641 0.999929 -1.35245 0 0 0 1 
7680147070100;0.613699;0.128374;0.937842 0.0792906 0.337883 -4.05642 -0.0586652 0.995761 -0.0708405 -4.74356 -0.342067 0.0466153 0.938518 -26.5536 0 0 0 1 
7680147070101;0.463274;0.407202;0.998867 -0.00590326 -0.0472209 -0.345441 8.50117e-05 0.992496 -0.122277 -0.930832 0.0475884 0.122135 0.991372 0.237649 0 0 0 1 
7680147070102;1.71997;1.16811;0.991254 0.0501038 0.122087 -1.3749 -0.026982 0.982528 -0.18415 -3.29685 -0.12918 0.179245 0.975286 -15.7979 0 0 0 1 
7680147070103;0.768405;0.411816;0.984943 0.0325281 0.169791 -0.54155 -0.0395951 0.998478 0.0384024 -2.35165 -0.168283 -0.0445471 0.984732 -9.74959 0 0 0 1 
7680147070104;1.11988;0.890948;0.99994 0.00669084 0.00872589 -0.232557 -0.00618014 0.998338 -0.0572951 -1.1924 -0.00909474 0.0572377 0.998319 -2.38259 0 0 0 1 
7680147070105;0.792054;0.574824;0.970054 0.0542674 0.23675 -1.96121 -0.0543981 0.998501 -0.00598508 -4.14458 -0.23672 -0.00707289 0.971552 -17.6537 0 0 0 1 
7680147070106;0.562855;0.275932;0.998199 0.00542351 -0.0597388 -0.839762 -0.00906799 0.998102 -0.0609058 -0.946951 0.0592952 0.0613379 0.996354 3.64045 0 0 0 1 
7680147070107;0.610731;0.44356;0.999973 -0.00611085 0.00401622 0.0653421 0.00552428 0.991151 0.132623 1.57182 -0.00479112 -0.132597 0.991158 3.56016 0 0 0 1 
7680147070108;1.42716;1.16696;0.99907 0.00467662 -0.0428526 -0.576067 -0.00673266 0.998827 -0.0479614 -0.951215 0.042578 0.0482053 0.99793 0.702341 0 0 0 1 
7680147070109;0.474796;0.256298;0.901288 0.0347881 0.431822 -4.82907 -0.0967121 0.987773 0.122279 -5.83532 -0.422289 -0.151971 0.893632 -27.631 0 0 0 1 
7680147070110;0.941477;0.788462;0.999973 0.00115872 0.00719014 -0.165406 -0.000640153 0.997425 -0.0717095 -0.737579 -0.00725472 0.071703 0.9974 -2.46095 0 0 0 1 
7680147070111;1.47967;1.26646;0.999966 -0.00103324 0.00819671 0.144203 0.00117527 0.999849 -0.017342 0.0860771 -0.00817755 0.0173511 0.999816 0.394513 0 0 0 1 
7680147070112;1.75011;1.18691;0.994652 -0.00808799 -0.102962 -1.27391 0.0430707 0.938585 0.342351 6.08751 0.0938697 -0.344954 0.933914 12.7473 0 0 0 1 
7680147070113;1.0332;0.977699;0.997647 0.0173368 0.0663319 -0.165445 -0.0133099 0.998069 -0.0606755 -1.32093 -0.0672557 0.0596498 0.995951 -5.73788 0 0 0 1 
7680147070114;0.426388;0.190821;0.982912 -0.0327546 0.181141 0.773721 -0.0401016 0.922305 0.384376 1.89403 -0.179657 -0.385072 0.905231 -3.86209 0 0 0 1 
7680147070115;1.70185;1.59478;0.994354 -0.0141926 -0.10516 -0.967958 -0.0258215 0.928864 -0.36952 -3.15851 0.102924 0.370149 0.923253 -2.35923 0 0 0 1 
7680147070116;1.08478;0.260474;0.99806 0.0482636 0.0393264 -1.53714 -0.0314602 0.936078 -0.350383 -3.3564 -0.0537233 0.348466 0.935781 -13.8144 0 0 0 1 
7680147070117;0.562653;0.580994;0.997217 0.0134641 0.0733242 -0.0307817 -0.0207545 0.994812 0.0995921 -0.630881 -0.0716029 -0.100837 0.992323 -2.61842 0 0 0 1 
7680147070118;0.421204;0.483698;0.992119 -0.0259061 -0.122594 -1.01333 0.013544 0.994833 -0.100617 0.22003 0.124567 0.0981635 0.987343 6.70871 0 0 0 1 
7680147070119;1.56631;0.391739;0.998169 0.00628416 0.0601635 -0.17701 -0.00269403 0.998221 -0.059569 -1.09578 -0.0604308 0.0592978 0.996409 -8.14596 0 0 0 1 
7680147070120;0.829004;0.515391;0.999392 0.0204856 -0.0281994 -0.94254 -0.0248729 0.985936 -0.165263 -2.8383 0.0244173 0.165864 0.985846 -1.31135 0 0 0 1 
7680147070121;0.0967963;0.111121;0.997632 0.000255243 0.0687751 0.251321 -0.00279818 0.999316 0.0368809 -0.0705032 -0.0687186 -0.036986 0.99695 -3.8408 0 0 0 1 
7680147070122;0.194803;0.220761;0.999571 -0.0106232 -0.0273001 -0.10047 0.00955426 0.999194 -0.0389907 0.280444 0.0276923 0.0387132 0.998867 1.30676 0 0 0 1 
7680147070124;1.64617;0.256824;0.997019 0.0286914 0.0716295 -0.150399 -0.0183201 0.989775 -0.141457 -1.59129 -0.0749556 0.139723 0.98735 -6.52929 0 0 0 1 
7680147070125;1.40625;0.297427;0.999836 -0.00982813 0.0152034 -0.276587 0.00977965 0.999947 0.00326017 1.01346 -0.0152346 -0.00311095 0.999879 -2.87607 0 0 0 1 
7680147070126;1.2267;0.248614;0.998545 -0.00480788 -0.0537147 -1.01989 0.00580452 0.999814 0.0184138 1.5016 0.0536162 -0.0186987 0.998387 3.723 0 0 0 1 
7680147070127;1.9725;1.22924;0.986465 -0.0518339 -0.155565 -1.46138 0.0322207 0.991501 -0.126048 2.12504 0.160777 0.11933 0.979751 8.96742 0 0 0 1 
7680147070128;1.62499;0.589246;0.963864 -0.0489124 -0.261866 -3.20964 0.0526831 0.998584 0.00739385 3.62228 0.261134 -0.0209226 0.965076 14.4572 0 0 0 1 
7680147070129;0.486275;0.426726;0.998578 -0.00603337 -0.0529759 -0.39107 0.00358271 0.998924 -0.0462336 0.423899 0.0531979 0.0459781 0.997525 3.90891 0 0 0 1 
7680147070130;1.63305;0.72461;0.997702 0.00251188 0.0677143 -0.114354 -0.0102183 0.993462 0.113704 0.573481 -0.066986 -0.114134 0.991204 -2.9764 0 0 0 1 
7680147070131;2.14793;1.09271;0.937928 0.0957243 0.333357 -3.11277 -0.0106417 0.968648 -0.248208 -1.098 -0.346665 0.229254 0.909541 -23.7674 0 0 0 1 
7680147070132;1.4581;0.809458;0.994902 -0.0241424 -0.097918 -0.807697 0.0242076 0.999707 -0.000522483 1.68706 0.0979019 -0.00185054 0.995194 4.3707 0 0 0 1 
7680147070133;1.07349;1.17378;0.99908 -0.0104487 -0.0415943 -0.34557 0.0102784 0.999938 -0.00430683 0.838963 0.0416368 0.00387534 0.999125 2.84149 0 0 0 1 
7680147070134;1.69636;0.742582;0.992291 -0.0278379 -0.120766 -1.31009 0.0124244 0.991882 -0.126552 0.925803 0.123309 0.124076 0.984581 10.3762 0 0 0 1 
7680147070135;0.51747;0.316215;0.936076 -0.0581519 -0.346959 -5.26551 0.060391 0.998165 -0.00436531 4.08104 0.346576 -0.0168669 0.93787 21.2732 0 0 0 1 
7680147070136;0.646267;0.561177;0.912361 -0.099241 -0.397175 -7.55828 0.0500966 0.989946 -0.132277 3.27172 0.406309 0.100787 0.90816 26.8676 0 0 0 1 
7680147070137;2.04694;1.25294;0.991816 -0.0151906 -0.126769 -1.3461 0.0340856 0.988363 0.148244 3.30662 0.123042 -0.151352 0.980792 9.3526 0 0 0 1 
7680147070138;0.720049;0.478065;0.999191 -0.0127689 -0.0381318 -0.262173 0.00884894 0.994821 -0.101254 0.557346 0.0392272 0.100835 0.99413 2.19671 0 0 0 1 
7680147070139;1.74647;0.220787;0.99976 0.00576512 0.0211549 -0.186026 -0.00521703 0.999652 -0.0258728 -0.387963 -0.0212967 0.0257562 0.999441 -3.67672 0 0 0 1 
7680147070140;0.663015;0.780397;0.999946 -0.00520364 -0.00894005 -0.294014 0.00449095 0.996946 -0.077968 0.315602 0.00931846 0.0779237 0.996916 0.409787 0 0 0 1 
7680147070141;0.53013;0.522797;0.999937 -0.0112323 -0.000841865 0.0876883 0.0112241 0.999895 -0.00915247 0.820772 0.00094458 0.00914244 0.999958 0.122238 0 0 0 1 
7680147070142;1.96977;0.449175;0.979839 -0.0701691 -0.187059 -3.98809 0.029045 0.976377 -0.214115 2.9635 0.197664 0.204365 0.95873 14.6369 0 0 0 1 
7680147070143;0.856847;0.530211;0.986161 0.00796522 0.165596 -1.03824 -0.036171 0.985119 0.168022 -1.41778 -0.161794 -0.171687 0.971775 -11.3073 0 0 0 1 
7680147070144;1.63732;1.54998;0.997202 0.0136465 0.0734916 0.0330467 -0.014608 0.999814 0.0125604 -0.905437 -0.0733066 -0.0135988 0.997217 -5.9664 0 0 0 1 
7680147070145;0.140484;0.174059;0.999931 -0.00591554 -0.0101709 -0.206827 0.00585437 0.999965 -0.00603381 0.488815 0.0102063 0.00597385 0.99993 0.75692 0 0 0 1 
7680147070146;1.19743;0.590356;0.99586 -0.0421632 -0.0805248 -1.17165 0.0440899 0.998779 0.0222991 3.30821 0.0794862 -0.0257571 0.996503 3.80718 0 0 0 1 
7680147070147;0.293378;0.409643;0.998366 0.0103847 0.0561915 -0.0450295 -0.00501915 0.995484 -0.0947986 -0.345164 -0.0569221 0.0943617 0.993909 -3.36965 0 0 0 1 
7680147070148;2.08491;1.073;0.993476 -0.0257882 -0.111086 -0.848678 0.0445801 0.984406 0.170168 4.14 0.104965 -0.17401 0.979134 8.22226 0 0 0 1 
7680147070149;2.16398;1.80181;0.98593 -0.04205 -0.161783 -1.67625 0.0152041 0.986389 -0.163722 1.17677 0.166465 0.158959 0.97315 11.1287 0 0 0 1 
7680147070150;0.570326;0.788705;0.999711 -0.00567777 0.0233387 -0.318601 0.0150221 0.905973 -0.423069 -0.127951 -0.0187422 0.423298 0.905797 0.337392 0 0 0 1 
7680147070151;0.700204;0.446869;0.993468 -0.029617 -0.110201 -1.19148 0.0323401 0.999212 0.0230055 2.63804 0.109433 -0.0264191 0.993643 6.73226 0 0 0 1 
7680147070152;0.196422;0.215649;0.999285 -0.00951896 -0.0365977 -0.308297 0.00906169 0.999879 -0.0126401 0.65055 0.0367136 0.0122994 0.99925 2.53745 0 0 0 1 
7680147070153;0.328459;0.457476;0.99897 -0.025353 -0.0376372 -0.548563 0.0130664 0.954955 -0.296464 0.204688 0.043458 0.295667 0.954302 3.95689 0 0 0 1 
7680147070155;0.140686;1.24647;0.999575 -0.0279335 -0.00829695 1.72788 0.0277804 0.999451 -0.0180329 3.48355 0.00879612 0.0177947 0.999803 0.783838 0 0 0 1 
7680147070156;0.73666;1.18353;0.999742 -0.0136135 -0.0182003 2.30135 0.0131621 0.999608 -0.0246943 1.76214 0.0185293 0.0244484 0.999529 2.05762 0 0 0 1 
7680147070157;1.89722;1.81514;0.998695 -0.000253943 -0.051065 0.747742 0.0030014 0.998551 0.0537336 1.44031 0.0509774 -0.0538168 0.997249 7.36349 0 0 0 1 
7680147070158;1.79956;2.20454;0.997198 -0.0656905 -0.0357882 1.9959 0.0581454 0.981638 -0.181675 6.77296 0.0470654 0.179085 0.982707 6.38949 0 0 0 1 
7680147070159;1.65931;1.5665;0.999528 -0.00247127 -0.0306376 0.232812 0.00183534 0.999783 -0.0207671 0.115559 0.0306822 0.0207011 0.999315 1.82691 0 0 0 1 
7680147070160;0.0621527;1.04692;0.999734 0.00122032 -0.0230127 1.44045 -0.00167491 0.999804 -0.019745 0.264874 0.0229841 0.0197783 0.99954 2.5597 0 0 0 1 
7680147070161;0.430207;1.60883;0.99783 -0.0523157 -0.0399853 2.14939 0.0497763 0.99683 -0.0620635 5.84193 0.0431054 0.0599385 0.997271 4.9138 0 0 0 1 
7680147070162;0.473536;0.998264;0.964829 0.0662116 0.254404 -1.46795 -0.0715644 0.997366 0.0118324 -7.2996 -0.252951 -0.0296225 0.967026 -28.3669 0 0 0 1 
7680147070163;0.736349;1.0432;0.989244 0.0159429 0.145406 0.0103513 -0.0371472 0.988836 0.144304 -3.39667 -0.141482 -0.148153 0.978792 -15.671 0 0 0 1 
7680147070164;0.540732;1.49059;0.997875 -0.0555713 -0.034026 1.55489 0.0498073 0.987188 -0.151587 5.47992 0.0420139 0.14957 0.987858 5.63161 0 0 0 1 
7680147070165;1.76832;1.10596;0.999711 0.0195518 -0.0139613 1.30746 -0.0199116 0.99946 -0.0261202 -1.46403 0.0134431 0.0263907 0.999561 4.16353 0 0 0 1 
7680147070166;0.877488;1.11126;0.99668 -0.00295585 -0.0813597 1.21922 0.01459 0.989647 0.142777 2.22282 0.0800954 -0.143491 0.986405 6.6664 0 0 0 1 
7680147070167;0.355143;1.57075;0.997266 -0.0557012 -0.0485501 1.58545 0.0545809 0.998218 -0.0241036 6.56237 0.0498062 0.0213878 0.99853 5.74542 0 0 0 1 
7680147070168;0.458362;1.16516;0.999028 0.000780746 0.0440691 2.12043 -0.00542063 0.994429 0.105266 0.412502 -0.0437414 -0.105402 0.993467 -5.65095 0 0 0 1 
7680147070169;1.52541;1.42858;0.964791 -0.0563525 -0.256909 -1.21482 0.0770182 0.994492 0.0710924 9.21286 0.251488 -0.088376 0.963817 25.7914 0 0 0 1 
7680147070170;1.71122;1.88283;0.996114 0.0247101 0.0845329 0.83408 -0.0201468 0.998315 -0.0544162 -1.8935 -0.0857351 0.0525017 0.994934 -8.47419 0 0 0 1 
7680147070171;1.73488;0.973757;0.995325 -0.0288691 -0.0921658 2.92154 0.00398127 0.965734 -0.259502 0.684852 0.0964993 0.257922 0.961335 10.308 0 0 0 1 
7680147070172;1.09968;1.46489;0.999937 -0.0109688 -0.00233432 2.68177 0.0109205 0.999745 -0.0197887 1.54918 0.00255079 0.0197619 0.999801 0.384213 0 0 0 1 
7680147070173;0.591876;1.11456;0.964337 -0.0138898 -0.264313 -3.47292 0.0310558 0.997662 0.060878 4.04817 0.26285 -0.0669154 0.962514 28.6863 0 0 0 1 
7680147070174;1.36958;1.61756;0.997476 -0.0236139 0.0669702 1.13216 0.0333893 0.988298 -0.148833 3.06546 -0.062672 0.150694 0.986592 -7.8187 0 0 0 1 
7680147070175;0.533565;1.25888;0.999642 -0.00735671 -0.0257093 1.8422 0.00681638 0.999755 -0.0210421 1.56692 0.0258578 0.0208593 0.999448 3.32802 0 0 0 1 
7680147070176;0.79171;1.11581;0.990525 0.0421549 0.130704 1.12557 -0.0289718 0.994447 -0.101171 -3.00239 -0.134243 0.096426 0.986246 -13.6519 0 0 0 1 
7680147070177;1.74498;1.97912;0.955459 0.0479048 0.291209 -2.25504 -0.0224488 0.995676 -0.0901373 -2.61826 -0.294268 0.0795853 0.952404 -32.1933 0 0 0 1 
7680147070178;1.38005;1.92262;0.993874 -0.0246942 0.107729 1.21279 0.0369157 0.992912 -0.112972 3.45982 -0.104175 0.116257 0.987741 -12.385 0 0 0 1 
7680147070179;1.66284;1.63303;0.998277 0.0247128 0.0532141 2.75402 -0.0266042 0.999028 0.0351334 -2.40319 -0.0522942 -0.0364886 0.997965 -4.81369 0 0 0 1 
7680147070180;1.25183;1.34154;0.974173 0.0133295 -0.22541 -2.26682 0.020125 0.989158 0.14547 2.56847 0.224905 -0.146249 0.963343 22.1198 0 0 0 1 
7680147070181;1.00094;1.14982;0.997528 0.0206532 0.0671631 1.27775 -0.0338818 0.978747 0.202252 -2.8613 -0.0615586 -0.204027 0.977028 -8.86622 0 0 0 1 
7680147070182;1.8528;1.24583;0.977602 0.0252898 0.208936 -0.0301641 -0.0524765 0.990689 0.125621 -5.10582 -0.203814 -0.133772 0.969827 -25.72 0 0 0 1 
7680147070183;0.963883;0.954044;0.987096 0.0368766 0.155823 1.65456 -0.0649066 0.981737 0.17883 -6.44175 -0.146383 -0.186637 0.971462 -17.7883 0 0 0 1 
7680147070184;0.147928;1.04842;0.999399 0.00141699 -0.0346318 1.46948 -0.00119911 0.999979 0.00631147 0.369619 0.03464 -0.00626615 0.99938 3.80829 0 0 0 1 
7680147070186;1.27351;2.79985;0.998143 0.0483117 0.037109 2.55976 -0.0452785 0.995875 -0.0786328 -2.09471 -0.0407548 0.0768065 0.996213 -3.6606 0 0 0 1 
7680147070187;0.700101;2.91165;0.949981 0.0774304 0.302558 -1.5227 -0.13021 0.978759 0.158356 -10.0429 -0.283869 -0.189831 0.939884 -30.6453 0 0 0 1 
7680147070188;1.39118;2.96538;0.998506 0.0214681 0.0502541 2.83648 -0.0226901 0.999457 0.0238739 0.530982 -0.0497143 -0.0249785 0.998451 -7.50046 0 0 0 1 
7680147070189;1.30828;3.33194;0.959135 -0.0296092 -0.281394 -1.08138 0.126838 0.933981 0.334054 20.5092 0.252926 -0.356094 0.89957 29.3853 0 0 0 1 
7680147070190;1.12112;2.76818;0.994791 0.00207187 0.101913 2.57473 -0.0360072 0.942483 0.33231 1.02846 -0.0953632 -0.334249 0.937648 -9.50149 0 0 0 1 
7680147070191;1.94775;3.02439;0.995606 -0.0612409 -0.070841 4.91689 0.073831 0.9787 0.191558 13.4633 0.0576009 -0.195946 0.978921 7.00024 0 0 0 1 
7680147070192;1.68036;3.40559;0.987789 -0.00518729 0.155709 2.75923 0.0101552 0.999464 -0.0311267 5.38973 -0.155464 0.0323279 0.987312 -17.252 0 0 0 1 
7680147070193;1.11849;3.14499;0.99838 -0.0126385 0.0554812 4.0982 0.0273301 0.961703 -0.272729 5.99358 -0.0499095 0.273804 0.96049 -6.96526 0 0 0 1 
7680147070194;0.766853;2.95639;0.999867 0.00229867 0.0161421 2.26242 -0.00247533 0.999937 0.0109329 2.60412 -0.0161159 -0.0109714 0.99981 -2.37347 0 0 0 1 
7680147070195;0.416426;2.76202;0.997411 0.0189187 0.0693754 2.81169 -0.0129186 0.996217 -0.085938 1.58203 -0.0707388 0.0848192 0.993882 -9.06526 0 0 0 1 
7680147070196;0.748225;3.0539;0.999692 0.000257308 0.0248219 2.45084 -0.00207896 0.997301 0.0733912 2.99622 -0.024736 -0.0734202 0.996994 -2.1507 0 0 0 1 
7680147070197;0.500793;2.84147;0.998324 0.0534239 0.0222656 2.34273 -0.0470185 0.97293 -0.226268 -2.5025 -0.0337509 0.224841 0.973811 -5.7702 0 0 0 1 
7680147070198;0.104802;3.10501;0.999929 0.0096968 0.00695046 3.14906 -0.0102811 0.99592 0.0896517 2.88176 -0.00605277 -0.0897168 0.995949 -0.199939 0 0 0 1 
7680147070199;1.797;2.92837;0.979377 0.111734 0.168333 -0.163368 -0.102025 0.992637 -0.0652935 -8.21605 -0.174389 0.0467728 0.983565 -22.4284 0 0 0 1 
7680147070200;0.574851;2.8098;0.999431 0.024741 -0.0229175 2.53298 -0.0233594 0.998002 0.058709 0.918055 0.0243242 -0.0581402 0.998012 2.33807 0 0 0 1 
7680147070201;1.66238;3.38581;0.970118 -0.0654118 -0.233651 -1.07462 0.0625878 0.997849 -0.0194891 8.88286 0.234423 0.00428301 0.972125 24.9219 0 0 0 1 
7680147070202;0.856075;3.29911;0.999744 -0.00616136 0.0217727 2.97181 0.0024163 0.985782 0.168012 4.02663 -0.0224983 -0.167917 0.985544 -1.03079 0 0 0 1 
7680147070203;0.151635;3.04394;0.999813 -0.00712398 0.0179524 3.28954 0.00699538 0.999949 0.00721634 4.52841 -0.0180029 -0.00708941 0.999813 -2.13384 0 0 0 1 
7680147070204;1.87474;3.27041;0.999787 -0.0104149 0.0178122 1.97791 0.0106563 0.999852 -0.0135066 3.48172 -0.0176689 0.0136935 0.99975 -0.584649 0 0 0 1 
7680147070205;1.34644;2.9368;0.999628 -0.0220279 0.0160762 4.67426 0.020425 0.995377 0.0938474 7.52459 -0.0180692 -0.0934841 0.995457 -1.80456 0 0 0 1 
7680147070206;0.882492;2.949;0.906953 -0.111846 -0.406111 -8.12892 0.0620349 0.989058 -0.133853 10.6579 0.416638 0.0962053 0.903967 44.5735 0 0 0 1 
7680147070207;1.16879;2.88628;0.994545 0.0712912 0.0761419 1.09287 -0.0764643 0.994796 0.0673357 -5.44307 -0.0709452 -0.0727905 0.994821 -6.26867 0 0 0 1 
7680147070208;1.24601;3.13188;0.996926 0.0636499 0.0456766 2.10924 -0.0685795 0.990876 0.116023 -4.26531 -0.037875 -0.118799 0.992196 -3.46898 0 0 0 1 
7680147070209;1.20929;3.16185;0.997014 -0.00915437 -0.0766701 3.39181 0.0385191 0.919538 0.391108 10.847 0.0669207 -0.392894 0.917146 8.77557 0 0 0 1 
7680147070210;1.69015;2.87999;0.999469 -0.0222934 0.0237672 4.15725 0.0219541 0.999655 0.0144418 7.58587 -0.0240809 -0.0139123 0.999613 -1.26712 0 0 0 1 
7680147070211;0.940014;3.27834;0.98755 -0.0206891 -0.155938 1.03688 0.0497551 0.981502 0.184876 9.99993 0.149229 -0.190333 0.970311 18.7819 0 0 0 1 
7680147070212;1.74535;3.23492;0.998977 -0.0409279 0.0192146 3.95832 0.0409644 0.999159 -0.00150912 9.1548 -0.0191367 0.0022947 0.999814 -3.39726 0 0 0 1 
7680147070213;0.400202;3.01123;0.999018 0.0261982 0.0357177 2.98473 -0.0272783 0.999175 0.0300974 0.941888 -0.0348997 -0.0310421 0.998909 -4.05355 0 0 0 1 
7680147070214;0.315659;3.2777;0.996993 -0.0443966 -0.0635165 3.06283 0.0492225 0.99585 0.0765495 9.41707 0.0598544 -0.0794457 0.995041 6.98283 0 0 0 1 
7680147070215;0.611277;3.11991;0.997712 -0.0077636 0.0671634 3.32284 0.00600044 0.999633 0.0264138 3.79898 -0.0673438 -0.0259503 0.997392 -8.21866 0 0 0 1 
7680147070217;0.89674;0.470796;0.998176 0.00833544 0.059788 -0.211168 -0.00912137 0.999875 0.0128845 -0.353503 -0.0596732 -0.0134064 0.998128 -2.09442 0 0 0 1 
7680147070218;1.73564;0.629059;0.999952 -7.80179e-05 0.00979578 -0.868658 0.000102822 0.999997 -0.00253167 0.195194 -0.00979555 0.00253255 0.999949 1.67854 0 0 0 1 
7680147070219;1.39452;1.02273;0.96142 -0.0632128 -0.267724 -2.09625 0.0361566 0.993834 -0.104815 0.378449 0.272699 0.0910909 0.957778 6.13122 0 0 0 1 
7680147070220;0.267296;0.442074;0.99982 -0.00970076 -0.0163287 -0.655241 0.00217794 0.912613 -0.408819 -1.26356 0.0188677 0.408709 0.912469 4.06395 0 0 0 1 
7680147070221;1.27015;1.48109;0.999827 0.00215625 0.0184632 -0.272681 -0.00623591 0.974599 0.22387 -0.246556 -0.0175115 -0.223947 0.974444 -2.72306 0 0 0 1 
7680147070222;1.97297;0.749394;0.996054 0.0187182 0.0867534 -2.51651 -0.0212008 0.999389 0.0277841 -1.00203 -0.0861803 -0.0295137 0.995842 -1.03338 0 0 0 1 
7680147070223;1.53331;1.16766;0.997791 -0.00145733 -0.0664202 -1.55665 0.00165019 0.999995 0.00284899 -0.592545 0.0664157 -0.0029523 0.997788 -0.106639 0 0 0 1 
7680147070224;2.30376;0.548477;0.911761 -0.0858683 -0.401645 -2.54702 0.0411397 0.992077 -0.118708 0.0212436 0.408656 0.0917096 0.908069 4.08131 0 0 0 1 
7680147070225;1.4585;1.20064;0.99878 -0.0100735 -0.0483477 -0.495466 0.00737107 0.998417 -0.0557529 0.201824 0.0488328 0.0553285 0.997273 2.32882 0 0 0 1 
7680147070226;1.86707;0.733322;0.998374 -0.0184857 -0.0539201 -0.983824 0.017673 0.999724 -0.0155102 0.560364 0.0541919 0.0145321 0.998425 2.94051 0 0 0 1 
7680147070227;0.781577;0.618986;0.999828 -0.00415265 -0.0180764 -0.409503 0.00413383 0.999991 -0.00107891 -0.221698 0.0180807 0.001004 0.999836 -0.652984 0 0 0 1 
7680147070228;0.400914;0.549211;0.998343 0.00718847 0.0570968 -0.200582 -0.00865839 0.999636 0.0255389 -0.161439 -0.0568924 -0.0259909 0.998042 -1.14157 0 0 0 1 
7680147070229;0.955663;0.838861;0.999741 -0.00501748 -0.0221839 -1.19086 0.00404251 0.999033 -0.043778 -0.0913209 0.0223821 0.043677 0.998795 0.973885 0 0 0 1 
7680147070230;0.317185;0.500564;0.980895 -0.0391193 -0.190562 -1.43019 0.0302833 0.998337 -0.0490626 0.293504 0.192164 0.0423544 0.980448 3.38081 0 0 0 1 
7680147070231;1.12926;1.069;0.99998 0.00171571 0.00601226 -0.279892 -0.00175358 0.999979 0.00629906 -0.18962 -0.00600133 -0.00630948 0.999962 -0.966868 0 0 0 1 
7680147070232;1.51388;0.882153;0.99996 0.00559051 0.00701743 -1.19438 -0.00571031 0.999836 0.017169 -0.770311 -0.0069203 -0.0172084 0.999828 -1.43569 0 0 0 1 
7680147070233;1.97376;1.36982;0.991176 -0.0117778 -0.132027 -2.1397 0.0538299 0.945978 0.319732 0.369798 0.121129 -0.324018 0.938264 -2.42063 0 0 0 1 
7680147070234;1.9935;0.636004;0.999757 -0.0107867 -0.0192084 -0.52397 0.00887003 0.995224 -0.0972106 -0.293082 0.0201653 0.0970167 0.995078 -1.29127 0 0 0 1 
7680147070235;1.53051;1.03101;0.986995 -0.0243313 -0.1589 -0.763419 0.0227169 0.99967 -0.0119686 -0.0735071 0.159139 0.0082032 0.987222 1.02152 0 0 0 1 
7680147070236;0.104269;0.563058;0.999916 -0.00151008 0.0128578 -0.696629 0.00149657 0.999998 0.00105999 -0.132576 -0.0128593 -0.00104066 0.999917 -0.162056 0 0 0 1 
7680147070237;2.06657;0.599256;0.997504 -0.00949538 -0.0699644 -2.82101 -0.00283043 0.984741 -0.174001 -0.546213 0.0705491 0.173765 0.982257 4.08813 0 0 0 1 
7680147070238;1.4657;1.58103;0.916076 0.0296977 0.399903 -0.970512 -0.130581 0.964991 0.227466 -2.24024 -0.379148 -0.260596 0.887883 -8.75846 0 0 0 1 
7680147070239;0.672786;0.466826;0.992352 0.0147563 0.122556 -0.177368 -0.0228833 0.997612 0.0651721 -0.178609 -0.121302 -0.0674781 0.990319 -1.92543 0 0 0 1 
7680147070240;1.69401;0.531806;0.998843 0.00532126 0.047803 -0.344828 -0.00892355 0.997109 0.0754629 0.305847 -0.0472632 -0.0758021 0.996002 0.48067 0 0 0 1 
7680147070241;1.89764;0.954152;0.996474 -0.00809054 -0.0835113 -0.669752 0.025635 0.977102 0.21122 -0.26935 0.0798902 -0.212616 0.973864 -3.10016 0 0 0 1 
7680147070242;1.04234;0.4809;0.99792 -0.0050604 -0.0642635 -1.22957 0.00553577 0.999959 0.00722141 -0.0346791 0.0642243 -0.00756214 0.997907 1.59788 0 0 0 1 
7680147070243;1.63774;1.03386;0.969667 0.0315635 0.242384 -1.7149 -0.0398114 0.99878 0.029205 -1.19222 -0.241166 -0.0379687 0.969741 -4.03821 0 0 0 1 
7680147070244;2.23994;1.73092;0.996479 -0.000873121 -0.0838385 -0.70884 0.0186728 0.977143 0.211763 0.668072 0.0817373 -0.212583 0.973718 1.18135 0 0 0 1 
7680147070245;0.410551;0.369369;0.999759 -0.00235594 -0.0218084 -0.383148 0.00240509 0.999995 0.00222772 -0.128588 0.0218031 -0.00227964 0.99976 -0.210898 0 0 0 1 
7680147070246;0.921508;0.584197;0.994589 -0.0210752 -0.101731 -0.82152 0.0158875 0.998545 -0.0515388 -0.0547258 0.102669 0.0496437 0.993476 0.875596 0 0 0 1 
7680147070248;1.50847;1.20538;0.973976 0.00658134 -0.226555 0.130659 0.0617977 0.953994 0.293387 8.0089 0.218063 -0.299752 0.928761 22.8478 0 0 0 1 
7680147070249;1.33018;1.07931;0.997081 0.048908 0.0586361 3.13763 -0.0492557 0.998776 0.00449887 -2.68991 -0.0583443 -0.00737389 0.998269 -3.81608 0 0 0 1 
7680147070250;0.124558;0.614402;0.999828 0.0085667 0.0164494 1.19477 -0.00856496 0.999963 -0.000176215 -0.171883 -0.0164503 3.52964e-05 0.999865 -1.67708 0 0 0 1 
7680147070251;0.53556;1.21349;0.983162 0.0914945 0.158181 -0.126489 -0.107437 0.98963 0.0953455 -8.17385 -0.147817 -0.110734 0.982796 -12.1915 0 0 0 1 
7680147070252;1.1295;0.769379;0.989751 0.0757605 0.121052 0.0353289 -0.0674626 0.995175 -0.0712409 -5.20256 -0.125865 0.0623443 0.990086 -9.75883 0 0 0 1 
7680147070253;0.578449;0.566707;0.99788 0.0252707 -0.0599712 0.343981 -0.0248119 0.999657 0.00838175 -1.26407 0.0601624 -0.00687598 0.998165 6.0449 0 0 0 1 
7680147070254;1.15198;0.568644;0.999984 0.000998821 0.00555211 2.14545 -0.00101818 0.999993 0.00348544 1.39514 -0.00554859 -0.00349104 0.999979 -2.06001 0 0 0 1 
7680147070255;0.370863;0.79514;0.998855 0.0254641 0.0405024 1.20952 -0.0419221 0.873776 0.484518 -0.585739 -0.0230522 -0.485661 0.873843 1.89794 0 0 0 1 
7680147070256;1.32328;0.770861;0.967536 0.0985216 0.232737 -2.35652 -0.0520755 0.978844 -0.197872 -4.44336 -0.247308 0.179328 0.952197 -26.0883 0 0 0 1 
7680147070257;0.807316;0.650297;0.971507 -0.0717268 -0.225898 -0.576439 0.0230891 0.977216 -0.210986 2.11265 0.235885 0.199759 0.951028 20.0188 0 0 0 1 
7680147070258;0.260139;0.544727;0.95804 0.101879 0.267916 -2.75087 -0.067262 0.988509 -0.135372 -5.94161 -0.278629 0.111671 0.953884 -26.278 0 0 0 1 
7680147070259;0.965988;0.969837;0.989286 0.0378413 0.141002 0.0799973 -0.0483158 0.996261 0.0716186 -3.38614 -0.137765 -0.0776639 0.987415 -11.6975 0 0 0 1 
7680147070260;0.831214;0.768118;0.997084 0.0723969 -0.0241462 0.938241 -0.0677697 0.985416 0.156088 -3.32005 0.0350943 -0.153997 0.987448 3.99009 0 0 0 1 
7680147070261;1.06706;1.04315;0.98544 0.0549069 0.160917 0.632258 -0.0150516 0.970878 -0.239102 -0.803649 -0.169359 0.233198 0.957568 -19.1247 0 0 0 1 
7680147070262;1.52451;1.30362;0.990385 0.0232973 0.136364 1.86247 -0.0249719 0.999632 0.0105821 -2.09645 -0.136067 -0.0138856 0.990602 -14.029 0 0 0 1 
7680147070263;1.15131;0.711905;0.998562 0.0240505 0.0479086 0.276198 -0.0227178 0.999345 -0.028171 -2.35337 -0.0485547 0.0270421 0.998454 -6.57798 0 0 0 1 
7680147070264;1.15529;0.727714;0.999634 0.0211152 0.0169314 0.688365 -0.0210168 0.999761 -0.00596965 -1.22246 -0.0170534 0.00561162 0.999839 0.525473 0 0 0 1 
