#;prob_registration_l1 -r /home/probabilistic_point_clouds_registration/build/tester /home/point_clouds_registration_benchmark//devel/registration_pairs/gazebo_summer_local.txt /home/point_clouds_registration_benchmark//eth/gazebo_summer -s 0.2 -t 0.2 -p 0.3 -r 1000 -m 15 -i 40 
id;initial_error;final_error;transformation
36535719080000;0.0805842;0.0518683;0.999821 -0.00629373 0.017862 -0.0858331 0.00460506 0.99565 0.0930532 -0.0792964 -0.01837 -0.0929542 0.995501 0.0900276 0 0 0 1 
36535719080001;0.11249;0.0581453;0.989596 0.0104353 0.143493 -0.273226 0.000207865 0.997261 -0.0739582 0.0386928 -0.143872 0.0732186 0.986884 0.265318 0 0 0 1 
36535719080002;0.259114;0.0594788;0.991471 0.0359375 0.125272 0.115731 -0.0583113 0.981973 0.179804 -0.460962 -0.116552 -0.185575 0.975693 0.177891 0 0 0 1 
36535719080003;0.441289;0.544416;0.962867 -0.226677 0.146643 -0.74098 0.234825 0.971188 -0.0406378 -0.268138 -0.133206 0.0735641 0.988354 0.00392484 0 0 0 1 
36535719080004;0.424931;0.585987;0.946393 -0.190966 0.260522 -1.14224 0.204528 0.978523 -0.0257144 0.312058 -0.250016 0.0776198 0.965126 -0.0223617 0 0 0 1 
36535719080005;0.508351;0.0828494;0.987231 -0.117851 0.107176 0.413975 0.149834 0.915422 -0.373567 0.795476 -0.0540864 0.384855 0.921391 -0.307826 0 0 0 1 
36535719080006;0.482532;0.436382;0.99032 -0.0312018 -0.135251 -0.89539 0.00910259 0.986908 -0.161025 0.278334 0.138504 0.158235 0.977639 -1.35144 0 0 0 1 
36535719080007;0.407429;0.0786967;0.9481 -0.317821 -0.00978269 0.128128 0.305969 0.920252 -0.243967 -0.758449 0.0865403 0.228312 0.969734 -1.09575 0 0 0 1 
36535719080008;0.494873;0.453309;0.97503 -0.0559866 0.2149 -1.06014 0.117403 0.951364 -0.28482 0.297601 -0.188502 0.302938 0.934182 -0.55083 0 0 0 1 
36535719080009;0.260051;0.0499371;0.990603 -0.081045 0.110174 -0.222989 0.0764989 0.996059 0.0448891 -0.765733 -0.113378 -0.0360391 0.992898 -0.220815 0 0 0 1 
36535719080010;0.367096;0.0800571;0.980961 -0.15773 0.113303 0.510511 0.162406 0.986164 -0.0332369 -0.17856 -0.106493 0.0510052 0.993004 0.818423 0 0 0 1 
36535719080011;0.379627;0.0736614;0.970891 -0.204665 0.124429 0.0760727 0.19673 0.977725 0.0731548 0.380667 -0.136629 -0.0465465 0.989528 -0.155017 0 0 0 1 
36535719080012;0.1676;0.055806;0.999067 0.0404074 0.0152366 -0.284896 -0.0405325 0.999146 0.00799454 0.260493 -0.0149005 -0.00860466 0.999852 -0.481571 0 0 0 1 
36535719080013;0.445602;0.467456;0.961116 -0.0672954 0.267819 -0.219977 0.0714996 0.997423 -0.0059648 -0.158126 -0.266727 0.0248818 0.963451 0.466302 0 0 0 1 
36535719080014;0.45281;0.470229;0.997479 0.0602903 0.0374171 -1.24549 -0.0600643 0.998169 -0.00713617 0.170324 -0.0377789 0.00487074 0.999274 0.116933 0 0 0 1 
36535719080015;0.366192;0.452092;0.995222 -0.0424629 0.0879212 -1.12459 0.0388618 0.99835 0.0422725 -0.132089 -0.0895711 -0.0386538 0.99523 0.32638 0 0 0 1 
36535719080016;0.0775968;0.0558862;0.994066 0.00782487 0.108499 -0.247326 -0.0124535 0.999038 0.042049 0.00908691 -0.108066 -0.0431506 0.993207 0.207146 0 0 0 1 
36535719080017;0.294515;0.0555391;0.959583 0.0781385 0.270359 -0.301125 0.00244895 0.958326 -0.285665 0.229245 -0.281414 0.274782 0.919403 0.26339 0 0 0 1 
36535719080018;0.425335;0.457061;0.998356 -0.0237123 0.0521789 -0.818434 0.0271269 0.997468 -0.0657356 -0.443056 -0.050488 0.067043 0.996472 -0.42301 0 0 0 1 
36535719080019;0.389784;0.470583;0.999204 -0.010997 -0.0383474 -0.813346 0.00847001 0.99782 -0.0654476 -0.125157 0.0389835 0.0650707 0.997119 -0.42584 0 0 0 1 
36535719080020;0.317608;0.0687097;0.979118 0.1926 -0.0650636 -0.316572 -0.188626 0.980053 0.062579 0.958024 0.0758185 -0.0489995 0.995917 0.0439295 0 0 0 1 
36535719080021;0.423824;0.0875919;0.915241 -0.302452 0.26619 0.421021 0.372505 0.886972 -0.272985 -0.413962 -0.153538 0.349004 0.924458 0.167892 0 0 0 1 
36535719080022;0.154215;0.0489276;0.999736 0.0205401 0.0102663 -0.441128 -0.0206576 0.999721 0.0114698 -0.0365817 -0.0100278 -0.0116789 0.999882 -0.29856 0 0 0 1 
36535719080023;0.35143;0.0548848;0.971524 0.0158202 -0.236411 -0.103318 0.0084453 0.994822 0.101277 0.230467 0.236789 -0.10039 0.966361 0.349152 0 0 0 1 
36535719080024;0.34005;0.057073;0.960055 -0.234871 -0.152086 0.305085 0.167639 0.917987 -0.359441 -0.206282 0.224036 0.319587 0.920691 -1.02764 0 0 0 1 
36535719080025;0.273677;0.0646078;0.991657 0.085374 -0.0965773 -0.244165 -0.0669787 0.981415 0.179829 0.520779 0.110135 -0.17186 0.978946 0.0562398 0 0 0 1 
36535719080026;0.254446;0.0837;0.999139 -0.0157609 0.0383833 0.295425 0.0156781 0.999874 0.00245748 0.503397 -0.0384171 -0.00185358 0.99926 0.00667075 0 0 0 1 
36535719080027;0.274443;0.0629902;0.965764 0.24343 0.0896771 -0.675862 -0.243529 0.969842 -0.00999624 0.41466 -0.089406 -0.012185 0.995921 0.0901339 0 0 0 1 
36535719080028;0.110223;0.0588834;0.99339 -0.0200284 0.113024 -0.319699 0.0275595 0.997474 -0.0654686 -0.172503 -0.111427 0.0681508 0.991433 0.0900818 0 0 0 1 
36535719080029;0.464721;0.566916;0.975447 -0.0527541 0.213824 -0.891504 0.0554205 0.998442 -0.00649038 -0.0826998 -0.213149 0.0181813 0.976851 -0.276501 0 0 0 1 
36535719080031;0.562593;0.581702;0.994702 -0.0782216 0.0667105 -0.894961 0.0796946 0.996624 -0.0197097 0.574643 -0.0649436 0.0249217 0.997578 -0.188674 0 0 0 1 
36535719080032;0.49885;0.59993;0.99384 0.084773 0.0713883 -0.77199 -0.0919362 0.99033 0.103891 0.826733 -0.0618909 -0.109814 0.992023 -0.170032 0 0 0 1 
36535719080033;0.471869;0.660263;0.990077 0.0342757 0.136281 -1.02111 -0.0693931 0.962556 0.262049 0.558484 -0.122196 -0.268906 0.955384 1.14038 0 0 0 1 
36535719080034;0.28376;0.633506;0.991435 0.0362365 -0.125472 -0.609084 -0.0298329 0.998173 0.0525446 0.89364 0.127146 -0.0483514 0.990705 -0.432628 0 0 0 1 
36535719080035;0.587922;1.40734;0.990519 -0.125821 0.0551534 -2.41719 0.127879 0.991154 -0.0355124 -0.166052 -0.0501973 0.0422286 0.997846 -0.73318 0 0 0 1 
36535719080036;0.406933;0.243614;0.999146 -0.0412411 -0.00241322 -0.63869 0.0412657 0.999085 0.0112328 0.227329 0.00194776 -0.0113228 0.999934 0.432845 0 0 0 1 
36535719080037;0.0919718;0.14269;0.998096 0.0224972 0.057426 -0.202351 -0.0231723 0.99967 0.0111175 0.0465342 -0.0571569 -0.012427 0.998288 0.0885142 0 0 0 1 
36535719080038;0.581548;0.688728;0.993238 -0.110219 0.0364714 -1.85183 0.106878 0.99076 0.0834972 -0.122464 -0.0453374 -0.0790347 0.99584 0.483496 0 0 0 1 
36535719080039;0.434512;0.191625;0.99604 0.0726576 0.051236 -0.755322 -0.0708796 0.996846 -0.0357067 0.686365 -0.0536687 0.0319337 0.998048 -0.557982 0 0 0 1 
36535719080040;0.566995;0.64764;0.966466 -0.0834901 0.242844 -0.567444 0.0418947 0.984265 0.17166 0.237413 -0.253355 -0.155729 0.954756 0.485332 0 0 0 1 
36535719080041;0.142283;0.250585;0.995129 0.0887281 0.0429699 -0.282364 -0.0892879 0.995942 0.0112861 0.623564 -0.0417941 -0.0150678 0.999013 -0.0998427 0 0 0 1 
36535719080042;0.307724;0.30731;0.994391 -0.0865767 -0.0607528 -0.472802 0.0706155 0.971087 -0.228041 -0.20028 0.0787393 0.222472 0.971754 -0.180732 0 0 0 1 
36535719080043;0.210302;0.63119;0.993997 -0.0148757 0.108387 -1.17684 -0.00763863 0.978858 0.204396 -0.0101609 -0.109136 -0.203997 0.972869 0.307831 0 0 0 1 
36535719080044;0.594242;0.763263;0.996585 -0.0804745 0.018474 -0.989086 0.0773412 0.988175 0.132392 -0.611549 -0.0289097 -0.130511 0.991025 0.397926 0 0 0 1 
36535719080045;0.55307;0.199178;0.982331 0.183529 0.0366372 -0.946377 -0.176679 0.973989 -0.141883 1.38924 -0.0617238 0.132903 0.989205 0.388307 0 0 0 1 
36535719080046;0.383937;0.440812;0.991239 0.0970847 0.0895577 -0.532186 -0.0940212 0.994851 -0.0378244 0.953795 -0.0927688 0.0290727 0.995263 -0.407129 0 0 0 1 
36535719080047;0.507113;0.262409;0.999506 -0.0223964 0.0220327 -0.0966754 0.0222976 0.99974 0.0047201 -0.170387 -0.0221327 -0.00422649 0.999746 0.751528 0 0 0 1 
36535719080048;0.299943;0.617622;0.973941 -0.0701088 0.215694 -1.02236 0.130956 0.950307 -0.282431 -0.0294936 -0.185175 0.303318 0.934724 0.321785 0 0 0 1 
36535719080049;0.398366;0.906867;0.966523 -0.121985 0.225727 -1.37397 0.0705694 0.972209 0.223224 -0.102883 -0.246684 -0.199822 0.948271 0.803779 0 0 0 1 
36535719080050;0.499825;0.265275;0.915828 0.0456859 -0.398963 -0.184855 -0.0272035 0.998283 0.051869 0.543278 0.400648 -0.0366499 0.915499 -2.09649 0 0 0 1 
36535719080051;0.440086;1.03558;0.987377 -0.118812 0.104735 -1.56793 0.125154 0.990544 -0.0561979 0.107459 -0.097068 0.0685966 0.992911 -0.25887 0 0 0 1 
36535719080052;0.307637;0.65148;0.98612 -0.0457795 0.159596 -1.14314 0.00559253 0.969849 0.243642 0.0998625 -0.165938 -0.239367 0.956644 0.437901 0 0 0 1 
36535719080053;0.461332;0.920805;0.965456 -0.0536225 0.254989 -1.25507 0.0389871 0.997307 0.0621119 0.175829 -0.257633 -0.050025 0.964947 1.06163 0 0 0 1 
36535719080054;0.521749;0.509515;0.940515 -0.0184221 0.339252 -0.485291 -0.0258568 0.991752 0.125538 1.05128 -0.338766 -0.126842 0.932281 0.882797 0 0 0 1 
36535719080055;0.319357;1.00016;0.970976 -0.0760748 0.226755 -1.57506 0.0958944 0.992355 -0.0776964 0.116927 -0.219111 0.0971859 0.970848 0.298362 0 0 0 1 
36535719080056;0.611624;0.993249;0.979576 -0.0785254 0.185109 -1.67444 0.0921407 0.993548 -0.0661232 0.227355 -0.178722 0.0818288 0.980491 -0.584213 0 0 0 1 
36535719080057;0.403587;0.238339;0.992334 0.101123 -0.0710493 -0.273323 -0.108532 0.988033 -0.1096 0.000877792 0.0591159 0.116471 0.991433 -0.535605 0 0 0 1 
36535719080058;0.354702;0.67168;0.975634 -0.0865464 0.201615 -0.893607 0.108127 0.989236 -0.098591 -0.258214 -0.190912 0.117989 0.97449 -0.0520258 0 0 0 1 
36535719080059;0.377989;0.27716;0.981908 0.162058 0.0979453 -0.401623 -0.143522 0.974352 -0.17332 1.13191 -0.123521 0.156127 0.979983 -0.294475 0 0 0 1 
36535719080060;0.383603;0.527839;0.996162 0.0404296 0.0776287 -0.728584 -0.0471166 0.995151 0.0863377 0.54609 -0.0737617 -0.089664 0.993237 -0.174958 0 0 0 1 
36535719080062;0.362158;0.238546;0.98491 0.173005 0.00456046 -0.226527 -0.173007 0.984921 0.0001071 -0.0629573 -0.00447317 -0.000894477 0.99999 -1.20289 0 0 0 1 
36535719080063;0.299523;0.238147;0.990337 -0.126833 0.0560808 0.0927553 0.119484 0.985656 0.119189 -0.874852 -0.0703935 -0.111337 0.991286 -0.766384 0 0 0 1 
36535719080064;0.461382;0.294795;0.99534 -0.0681255 -0.0682468 0.396023 0.0461278 0.957882 -0.283432 -0.18468 0.0846814 0.278963 0.956561 -1.65774 0 0 0 1 
36535719080065;0.4807;0.754313;0.955542 0.168197 0.242177 -0.21224 -0.213124 0.961573 0.173075 -1.96249 -0.20376 -0.216995 0.95467 0.911509 0 0 0 1 
36535719080066;0.231893;0.228625;0.993333 -0.0756821 0.0869537 0.434215 0.0691038 0.994685 0.0763251 -1.27278 -0.092268 -0.0698074 0.993284 0.245868 0 0 0 1 
36535719080067;0.276753;0.223177;0.976337 0.198416 0.0860085 -0.0830577 -0.21534 0.855431 0.471027 -0.474639 0.0198853 -0.478402 0.877916 0.295354 0 0 0 1 
36535719080068;0.41506;0.466951;0.991565 -0.118048 0.05352 0.318947 0.116538 0.992717 0.0305265 -1.51896 -0.0567338 -0.0240319 0.9981 -0.981469 0 0 0 1 
36535719080069;0.168667;0.247127;0.996248 0.0358161 0.0787791 -0.066702 -0.0505459 0.979742 0.19378 -0.861855 -0.0702428 -0.197035 0.977877 0.384356 0 0 0 1 
36535719080070;0.366766;0.241421;0.957786 0.267195 -0.106076 0.0735212 -0.198979 0.882466 0.426216 -0.621343 0.207492 -0.387117 0.89838 -0.93818 0 0 0 1 
36535719080071;0.314881;0.269718;0.993221 -0.115758 -0.0106006 -0.310491 0.115493 0.993045 -0.0228859 -0.544467 0.0131761 0.0215065 0.999682 -0.120313 0 0 0 1 
36535719080072;0.205179;0.276453;0.997649 -0.050453 0.0463804 0.268151 0.045309 0.993338 0.105959 -0.536604 -0.0514173 -0.103608 0.993288 0.294558 0 0 0 1 
36535719080073;0.364246;0.375334;0.943664 -0.170537 0.283578 -0.240901 0.0681201 0.938732 0.337848 -1.71606 -0.323819 -0.299498 0.897464 0.894839 0 0 0 1 
36535719080074;0.343501;0.976309;0.983545 0.146262 0.106052 -0.192105 -0.167397 0.958581 0.230435 -2.98127 -0.0679559 -0.244396 0.967291 0.185157 0 0 0 1 
36535719080075;0.45993;1.01857;0.969902 0.182366 -0.161345 0.317983 -0.20712 0.966296 -0.152881 -1.94986 0.128027 0.181697 0.974985 -1.00857 0 0 0 1 
36535719080076;0.347563;0.230958;0.958329 0.282737 0.0407969 0.368075 -0.283646 0.924849 0.253376 -0.656356 0.033908 -0.25439 0.966507 0.0505198 0 0 0 1 
36535719080077;0.245685;0.253031;0.953782 0.27303 -0.125521 0.0624718 -0.232786 0.935459 0.265946 -0.218028 0.190031 -0.224435 0.955781 -0.419547 0 0 0 1 
36535719080078;0.322722;0.211469;0.9954 0.095787 0.00198746 -0.426404 -0.0951596 0.986046 0.136593 -0.0642617 0.0111241 -0.136154 0.990625 -0.8458 0 0 0 1 
36535719080079;0.340882;1.0143;0.993182 0.0956833 0.0665872 -0.225314 -0.106982 0.975029 0.194608 -3.25084 -0.0463037 -0.200405 0.978618 -0.386363 0 0 0 1 
36535719080080;0.326117;0.244138;0.968586 0.157685 0.192292 0.158468 -0.20924 0.934639 0.287522 0.287439 -0.134386 -0.318725 0.938272 0.960798 0 0 0 1 
36535719080081;0.410409;0.505748;0.986805 -0.156363 0.0420316 -0.254245 0.153836 0.986403 0.0578311 -1.67125 -0.0505027 -0.050602 0.997441 -0.838747 0 0 0 1 
36535719080082;0.216435;0.250237;0.993976 0.109383 -0.00683787 0.351479 -0.107645 0.986096 0.126599 -0.115195 0.0205905 -0.1251 0.99193 0.194387 0 0 0 1 
36535719080083;0.161862;0.198828;0.979176 0.200467 0.0320446 -0.0120053 -0.202711 0.974055 0.100623 -0.0319359 -0.0110416 -0.105024 0.994408 -0.339882 0 0 0 1 
36535719080084;0.439577;0.877917;0.988872 -0.148543 0.00820403 -0.0683789 0.14759 0.986471 0.0713567 -3.17394 -0.0186926 -0.0693518 0.997417 -0.108455 0 0 0 1 
36535719080085;0.124875;0.215683;0.983373 0.151967 0.0994146 -0.0508399 -0.168382 0.968055 0.185788 -0.20688 -0.0680052 -0.199438 0.977548 0.088262 0 0 0 1 
36535719080086;0.392366;0.243918;0.949557 0.200516 -0.241112 1.03749 -0.171448 0.975727 0.136242 -0.212813 0.262578 -0.0880315 0.960887 -1.27264 0 0 0 1 
36535719080087;0.41425;0.583712;0.997048 -0.0667967 -0.0378618 0.0051945 0.0763134 0.916454 0.392797 -1.92825 0.00846108 -0.394526 0.918846 -0.603216 0 0 0 1 
36535719080088;0.317089;0.21794;0.970604 0.198246 0.136482 -0.119965 -0.212786 0.971794 0.101676 -0.245529 -0.112475 -0.127728 0.985411 -0.639828 0 0 0 1 
36535719080089;0.0976208;0.217405;0.999754 0.010151 -0.0196967 0.105783 -0.008706 0.997359 0.0721115 -0.475916 0.0203767 -0.0719223 0.997202 -0.087812 0 0 0 1 
36535719080090;0.312576;0.196225;0.994846 0.0609343 -0.0810426 0.526294 -0.0597968 0.998076 0.0163919 -1.05961 0.0818855 -0.0114613 0.996576 -0.124028 0 0 0 1 
36535719080091;0.378116;0.31505;0.969781 -0.0943825 0.224982 0.678249 0.132702 0.977863 -0.161785 -1.33341 -0.204732 0.186752 0.960837 0.0850388 0 0 0 1 
36535719080093;0.290482;0.0384184;0.99032 0.0274094 -0.136071 0.434652 -0.0437517 0.991977 -0.118605 0.460029 0.131729 0.12341 0.983574 -0.335773 0 0 0 1 
36535719080094;0.395592;0.470754;0.999443 0.025462 -0.0215813 0.445067 -0.0258691 0.999489 -0.0188 0.060776 0.0210916 0.0193478 0.99959 -0.163153 0 0 0 1 
36535719080095;0.347587;0.026499;0.903751 0.251104 -0.346672 0.375085 -0.221212 0.967315 0.123965 0.644119 0.366469 -0.035345 0.929759 -1.15295 0 0 0 1 
36535719080096;0.508705;0.199669;0.966962 -0.0265358 0.253536 0.395283 -0.0156572 0.986507 0.162966 0.161284 -0.25444 -0.161551 0.9535 1.87036 0 0 0 1 
36535719080097;0.390373;0.0207883;0.896805 -0.337651 0.285889 0.291856 0.383973 0.915006 -0.123811 -1.37734 -0.219785 0.220808 0.950231 0.874113 0 0 0 1 
36535719080098;0.177167;0.0257611;0.959232 0.0149887 0.282221 0.0298889 -0.0102716 0.999782 -0.0181864 0.0559904 -0.282432 0.0145461 0.959177 0.93392 0 0 0 1 
36535719080099;0.46993;0.297846;0.998276 0.0366598 0.0458379 0.577481 -0.0491219 0.949271 0.310599 -0.0760684 -0.0321261 -0.312315 0.949435 -0.0662233 0 0 0 1 
36535719080100;0.314307;0.0257708;0.999971 -0.00762592 -0.000242427 -0.265537 0.00758988 0.990996 0.133676 -0.396512 -0.000779154 -0.133673 0.991025 -0.379199 0 0 0 1 
36535719080101;0.365934;0.0350741;0.918321 0.393068 -0.0467444 0.10612 -0.391108 0.9192 0.0458995 1.55125 0.061009 -0.0238684 0.997852 -0.070421 0 0 0 1 
36535719080102;0.240105;0.0173072;0.988419 -0.136137 0.0670489 -0.102479 0.138968 0.989508 -0.039524 -0.513282 -0.0609648 0.0483839 0.996967 -0.133488 0 0 0 1 
36535719080103;0.352767;0.0365739;0.993421 0.0777873 0.0840409 0.0323581 -0.0797756 0.996601 0.0205597 -0.0671835 -0.082156 -0.0271288 0.99625 0.822162 0 0 0 1 
36535719080104;0.495293;0.0170957;0.878097 0.207906 -0.430952 0.0514371 -0.180132 0.978043 0.10481 1.05942 0.44328 -0.0144048 0.896267 -1.40264 0 0 0 1 
36535719080105;0.433787;0.0247489;0.998274 0.0186993 0.055676 0.071987 -0.0177876 0.9997 -0.0168262 0.0906936 -0.0559739 0.0158068 0.998307 1.05839 0 0 0 1 
36535719080106;0.129754;0.0274473;0.995552 -0.00826505 0.0938513 0.0882477 0.000485791 0.996582 0.0826111 0.0012765 -0.0942133 -0.0821981 0.992153 0.271784 0 0 0 1 
36535719080107;0.262145;0.0269132;0.960071 0.273998 -0.0564759 0.0768174 -0.277187 0.958968 -0.059557 1.28422 0.0378401 0.0728333 0.996626 -0.257594 0 0 0 1 
36535719080108;0.397924;0.321044;0.985465 0.169635 -0.00911564 -0.307219 -0.163511 0.96171 0.21995 0.216111 0.0460778 -0.215262 0.975469 -0.249096 0 0 0 1 
36535719080109;0.398301;0.0262227;0.877052 0.393582 0.27545 0.240778 -0.386702 0.918615 -0.0812925 1.73902 -0.285028 -0.0352192 0.957872 1.22764 0 0 0 1 
36535719080110;0.208018;0.0297265;0.988793 0.149104 0.00744817 0.0236187 -0.149245 0.988488 0.0248441 0.365644 -0.00365807 -0.0256773 0.999664 -0.194869 0 0 0 1 
36535719080111;0.465339;0.0169371;0.945912 -0.215282 0.242701 -0.0894532 0.23786 0.968947 -0.0675622 -0.295454 -0.22062 0.121637 0.967746 1.20999 0 0 0 1 
36535719080112;0.541337;0.0230539;0.898903 0.349129 -0.264732 1.27017 -0.334342 0.937073 0.100549 1.39218 0.283178 -0.0018723 0.959066 -1.10099 0 0 0 1 
36535719080113;0.28814;0.0299531;0.999789 0.017509 0.0107843 -0.0159289 -0.017569 0.999831 0.00549771 0.610059 -0.0106862 -0.00568602 0.999927 0.167986 0 0 0 1 
36535719080114;0.343577;0.20771;0.998601 -0.0516249 0.0114619 0.222526 0.0518087 0.998523 -0.0163651 -0.234954 -0.0106001 0.016936 0.9998 0.458785 0 0 0 1 
36535719080115;0.500998;0.837285;0.999772 -0.000748709 -0.0213395 0.611839 0.00112866 0.999841 0.0177986 -0.901859 0.0213228 -0.0178186 0.999614 -0.149295 0 0 0 1 
36535719080116;0.41433;0.0191148;0.954547 -0.226392 0.193874 0.486259 0.166643 0.944647 0.282617 -0.835135 -0.247125 -0.237463 0.939436 1.50126 0 0 0 1 
36535719080117;0.508343;0.0199062;0.996561 -0.0353809 0.0749304 0.0512095 0.0224234 0.98567 0.167191 0.0111887 -0.079772 -0.164936 0.983073 1.31189 0 0 0 1 
36535719080118;0.0642213;0.0194022;0.99775 0.0667302 -0.00650366 -0.0635332 -0.0668491 0.997558 -0.0202194 0.300518 0.00513854 0.0206086 0.999774 -0.0445376 0 0 0 1 
36535719080119;0.384568;0.275029;0.962583 0.247964 0.109308 0.330975 -0.260226 0.958365 0.117551 0.680644 -0.0756084 -0.141598 0.987033 0.168897 0 0 0 1 
36535719080120;0.113108;0.0316246;0.999021 -0.0314391 0.0311089 0.0562875 0.0304359 0.999018 0.0322107 -0.18681 -0.032091 -0.0312323 0.998997 0.28065 0 0 0 1 
36535719080121;0.423482;0.0253096;0.974429 0.218442 -0.0526445 0.329011 -0.182622 0.906424 0.380847 0.231388 0.130911 -0.361494 0.923138 -0.29481 0 0 0 1 
36535719080122;0.427092;0.0290902;0.9699 -0.231561 0.0753189 0.14207 0.224263 0.969967 0.0941801 -1.5162 -0.0948653 -0.0744541 0.992702 0.750742 0 0 0 1 
36535719080124;0.190705;0.0286517;0.983971 0.171135 0.0501386 -0.00707393 -0.173673 0.983452 0.0515694 0.427723 -0.0404835 -0.0594505 0.99741 0.270359 0 0 0 1 
36535719080125;0.422416;0.0688903;0.885579 0.413097 -0.212368 0.319331 -0.382977 0.908093 0.169398 1.19272 0.262828 -0.0686831 0.962395 -0.933872 0 0 0 1 
36535719080126;0.446714;0.0246446;0.99201 0.120556 -0.0371886 0.250222 -0.123262 0.988982 -0.0819804 -0.215419 0.0268956 0.0859093 0.99594 -0.321472 0 0 0 1 
36535719080127;0.355012;0.547678;0.999691 0.00718545 0.0238154 0.723094 -0.004898 0.995489 -0.0947517 0.217255 -0.0243888 0.0946058 0.995216 -0.0842281 0 0 0 1 
36535719080128;0.249905;0.0389533;0.999983 -0.00186388 -0.00555062 0.0488184 0.00187816 0.999995 0.00256809 0.398902 0.00554581 -0.00257847 0.999981 -0.0370079 0 0 0 1 
36535719080129;0.526113;0.653431;0.998042 0.0497669 -0.0378859 0.895953 -0.0511881 0.997984 -0.0375149 0.082799 0.0359425 0.0393807 0.998578 0.12078 0 0 0 1 
36535719080130;0.433817;0.0262241;0.937875 0.0897755 0.335157 -0.170782 -0.0391488 0.987159 -0.15487 -0.286335 -0.344757 0.132128 0.929346 1.09567 0 0 0 1 
36535719080131;0.251532;0.374098;0.998948 -0.0444653 -0.0112156 0.638556 0.0445197 0.998998 0.00464692 -0.0305173 0.0109977 -0.00514135 0.999926 0.0373552 0 0 0 1 
36535719080132;0.431426;0.031347;0.983204 0.0431979 -0.177325 -0.117326 -0.0336724 0.997841 0.0563809 -0.440258 0.179378 -0.0494629 0.982536 -0.937942 0 0 0 1 
36535719080133;0.541591;0.0320158;0.938845 0.225284 0.260416 0.107505 -0.270865 0.950127 0.154567 0.601027 -0.212607 -0.215652 0.953044 1.58616 0 0 0 1 
36535719080134;0.252306;0.0405125;0.996692 -0.0782047 0.0221318 -0.133633 0.079213 0.995648 -0.0490989 -0.439082 -0.0181957 0.0506896 0.998549 -0.208801 0 0 0 1 
36535719080135;0.472023;0.494549;0.972064 -0.0385191 0.231533 0.426455 0.0199959 0.996446 0.0818242 -0.211977 -0.233862 -0.0749086 0.96938 0.929 0 0 0 1 
36535719080136;0.302061;0.0264841;0.973878 0.202195 -0.103334 0.0185475 -0.213825 0.969759 -0.117671 1.06196 0.0764168 0.136692 0.987662 -0.500394 0 0 0 1 
36535719080137;0.328535;0.0266823;0.966847 0.235978 0.0975751 -0.343861 -0.219713 0.963486 -0.153036 0.779008 -0.130125 0.126524 0.983392 0.118312 0 0 0 1 
36535719080138;0.576365;0.0131351;0.9967 0.0644085 0.049402 0.584048 -0.0405848 0.922486 -0.383892 0.369132 -0.0702986 0.38062 0.922056 -0.446348 0 0 0 1 
36535719080139;0.521512;0.0386852;0.96431 -0.263898 0.0215568 0.355501 0.259595 0.958326 0.119252 -1.62975 -0.0521288 -0.1094 0.99263 0.258883 0 0 0 1 
36535719080140;0.470285;0.24292;0.908653 0.39347 0.139757 0.18557 -0.38942 0.919332 -0.0563983 1.32419 -0.150675 -0.00317785 0.988578 0.159634 0 0 0 1 
36535719080141;0.30287;0.0273081;0.971331 0.132654 0.19728 -0.414192 -0.148418 0.98663 0.067326 0.20108 -0.185711 -0.0946756 0.978033 0.658191 0 0 0 1 
36535719080142;0.480003;0.0236284;0.971708 0.203871 0.11925 -0.196941 -0.235307 0.879169 0.414358 0.420551 -0.0203648 -0.430695 0.902268 0.0931234 0 0 0 1 
36535719080143;0.628053;0.646876;0.995041 0.0496982 -0.0861627 0.18356 -0.0595395 0.991499 -0.115695 0.205081 0.0796804 0.120251 0.989541 -0.438408 0 0 0 1 
36535719080144;0.602003;0.029214;0.94285 0.240596 -0.230536 0.368885 -0.286805 0.938166 -0.193873 1.32122 0.169636 0.248912 0.953555 -1.49643 0 0 0 1 
36535719080145;0.170435;0.0220578;0.993788 0.111173 0.00509651 -0.0701163 -0.111206 0.993774 0.00683445 0.413288 -0.00430497 -0.00735876 0.999964 0.219864 0 0 0 1 
36535719080146;0.207536;0.0348435;0.981322 0.188812 0.0368424 -0.0280601 -0.18431 0.977653 -0.101117 0.70611 -0.0551112 0.0924382 0.994192 0.0670235 0 0 0 1 
36535719080147;0.436345;0.0181205;0.984241 0.172972 -0.0367568 0.360222 -0.170022 0.982792 0.0721969 1.0534 0.0486123 -0.0648096 0.996713 -0.392849 0 0 0 1 
36535719080148;0.640142;0.0193686;0.963656 -0.264184 -0.0396713 1.14254 0.252121 0.948474 -0.191916 -0.03802 0.0883283 0.174939 0.980609 -0.641739 0 0 0 1 
36535719080149;0.408897;0.0396571;0.997668 -0.0510364 -0.0453283 0.166535 0.0488964 0.997691 -0.0471272 -0.431054 0.0476289 0.0448008 0.99786 0.445242 0 0 0 1 
36535719080150;0.385378;0.0215465;0.995421 -0.00925153 0.0951353 -0.0517976 -0.00796974 0.983806 0.17906 0.404043 -0.0952512 -0.178999 0.979228 0.0364975 0 0 0 1 
36535719080151;0.147734;0.0263368;0.991548 0.0215595 0.127938 -0.112399 -0.0102788 0.996051 -0.0881869 0.108651 -0.129334 0.0861264 0.987854 0.253829 0 0 0 1 
36535719080152;0.417728;0.0454323;0.897045 0.408559 -0.168491 0.161443 -0.3857 0.90988 0.152821 1.11629 0.215743 -0.0721007 0.973785 -0.426996 0 0 0 1 
36535719080153;0.136308;0.0296265;0.989439 -0.124727 0.0738475 0.0939974 0.121786 0.991621 0.0430926 -0.339384 -0.0786035 -0.0336439 0.996338 0.263542 0 0 0 1 
36535719080155;0.377066;0.296877;0.996748 -0.0397381 -0.0700966 0.491479 0.0562943 0.965842 0.252944 -0.198828 0.0576507 -0.256068 0.964938 0.364931 0 0 0 1 
36535719080156;0.280014;0.236171;0.99493 -0.0447591 -0.0900634 0.619974 0.0587698 0.985449 0.159487 -0.0224264 0.0816145 -0.163971 0.983083 -0.221949 0 0 0 1 
36535719080157;0.357849;0.136807;0.956618 -0.254599 -0.141638 1.25389 0.282147 0.930765 0.232531 -0.588532 0.0726298 -0.262406 0.96222 0.321073 0 0 0 1 
36535719080158;0.214487;0.0911169;0.998502 -0.0522676 -0.0161723 0.454005 0.0530682 0.997138 0.0538434 0.210981 0.0133118 -0.054621 0.998418 0.246142 0 0 0 1 
36535719080159;0.313033;0.0869816;0.991189 -0.0610286 -0.117555 0.321288 0.0370062 0.97978 -0.196627 -0.679066 0.127178 0.190544 0.973406 -0.968775 0 0 0 1 
36535719080160;0.477856;0.172478;0.938008 0.1644 -0.305144 -0.484081 -0.168181 0.985656 0.014048 0.470977 0.303077 0.0381424 0.952203 -0.826916 0 0 0 1 
36535719080161;0.262671;0.0876016;0.990834 0.132681 0.0253685 -0.184911 -0.134681 0.984799 0.109693 -0.032269 -0.0104286 -0.112105 0.993642 0.44634 0 0 0 1 
36535719080162;0.249715;0.135593;0.991519 0.127148 -0.0268981 -0.17683 -0.113694 0.948891 0.294414 -0.197037 0.0629574 -0.288859 0.955299 -0.0550679 0 0 0 1 
36535719080163;0.453936;0.189747;0.933636 0.159169 -0.320919 0.866357 -0.187143 0.980614 -0.0580861 0.34388 0.305452 0.114289 0.945324 -1.15848 0 0 0 1 
36535719080164;0.466141;0.315287;0.982828 -0.0907073 0.160691 0.748136 0.0600117 0.980621 0.186497 0.171559 -0.174494 -0.173651 0.969225 1.20459 0 0 0 1 
36535719080165;0.321246;0.104408;0.954822 -0.0650713 0.289965 0.0724905 -0.0400723 0.938629 0.342592 -0.22848 -0.294463 -0.338734 0.893617 0.905895 0 0 0 1 
36535719080166;0.389384;0.183081;0.920042 -0.178599 0.348748 0.757732 0.213281 0.974933 -0.0633854 -0.23206 -0.328685 0.132699 0.935071 0.568917 0 0 0 1 
36535719080167;0.40197;0.314666;0.997873 -0.0629839 0.0168045 0.48112 0.0499829 0.904752 0.422995 -0.113126 -0.0418458 -0.421255 0.905976 0.604723 0 0 0 1 
36535719080168;0.210711;0.187212;0.996464 0.00776595 0.0836657 0.0255453 -0.0034605 0.998668 -0.0514827 -0.102428 -0.0839541 0.0510111 0.995163 0.252736 0 0 0 1 
36535719080169;0.371812;0.0905588;0.960008 0.0536552 -0.274781 0.844635 0.0181066 0.967511 0.25218 -0.584872 0.279385 -0.247071 0.927847 -1.11921 0 0 0 1 
36535719080170;0.32738;0.0969877;0.992466 0.0925382 0.0802988 -0.136329 -0.0871528 0.99386 -0.0681688 0.296289 -0.0861139 0.0606569 0.994437 -0.735758 0 0 0 1 
36535719080171;0.334438;0.306028;0.992235 -0.118844 -0.0366935 0.621553 0.116573 0.991439 -0.058819 -0.505979 0.0433696 0.0540848 0.997594 -0.0358297 0 0 0 1 
36535719080172;0.359248;0.19533;0.987646 0.142111 -0.0660284 0.161093 -0.127036 0.972825 0.193582 0.509626 0.0917441 -0.182802 0.97886 0.15379 0 0 0 1 
36535719080173;0.299017;0.0896145;0.994556 -0.0813415 -0.0651313 0.291726 0.0736966 0.990946 -0.112228 -0.5476 0.0736704 0.106817 0.991546 -1.1201 0 0 0 1 
36535719080174;0.332371;0.0836124;0.992575 -0.102983 -0.0647247 0.953364 0.101434 0.994482 -0.0267805 0.310189 0.0671255 0.0200164 0.997544 -0.518653 0 0 0 1 
36535719080175;0.258801;0.112477;0.9796 -0.109822 -0.168296 0.454217 0.100476 0.992937 -0.0631 -0.0427982 0.174037 0.044903 0.983715 -1.13426 0 0 0 1 
36535719080176;0.244373;0.0792593;0.969428 0.0814179 0.231474 -0.195619 -0.104126 0.990697 0.0876237 0.135661 -0.222186 -0.109047 0.968887 0.593148 0 0 0 1 
36535719080177;0.307368;0.283646;0.991424 -0.0620743 0.115003 0.144164 0.0288344 0.962207 0.270787 0.0582387 -0.127465 -0.265148 0.955745 1.137 0 0 0 1 
36535719080178;0.333626;0.0824648;0.928054 0.0528066 -0.368683 0.736185 -0.00838125 0.992608 0.121074 -0.118105 0.372352 -0.109273 0.921636 -0.61205 0 0 0 1 
36535719080179;0.112272;0.0948435;0.996705 -0.0264547 -0.076673 0.251491 0.0294767 0.998822 0.0385548 0.0532194 0.0755627 -0.0406878 0.996311 -0.386387 0 0 0 1 
36535719080180;0.447488;0.462645;0.997127 0.0740175 -0.0161169 1.07225 -0.0714334 0.989564 0.125141 -0.313813 0.0252114 -0.12363 0.992008 -0.156126 0 0 0 1 
36535719080181;0.181751;0.143869;0.986544 -0.0522516 0.154922 0.122558 0.065562 0.994466 -0.0820887 -0.207457 -0.149776 0.0911411 0.98451 0.179348 0 0 0 1 
36535719080182;0.227052;0.124786;0.97478 -0.0963171 0.201311 0.250588 0.12866 0.979611 -0.154299 -0.277269 -0.182345 0.176308 0.967298 0.0345094 0 0 0 1 
36535719080183;0.271702;0.0847271;0.984595 -0.0876046 -0.151324 1.01386 0.106565 0.98678 0.122099 -0.282336 0.138628 -0.136344 0.980914 -0.432323 0 0 0 1 
36535719080184;0.317465;0.0921064;0.962552 0.177427 -0.204972 0.445046 -0.0757922 0.902056 0.424912 -0.258488 0.260287 -0.393465 0.881723 -0.44865 0 0 0 1 
36535719080186;0.390645;0.13211;0.909257 -0.0650911 0.411115 0.0487836 0.184459 0.948427 -0.257802 -0.454129 -0.373132 0.310242 0.87437 1.58075 0 0 0 1 
36535719080187;0.111223;0.13696;0.9996 0.0158776 0.023394 -0.00334298 -0.0159251 0.999871 0.00184218 -0.0999647 -0.0233618 -0.002214 0.999725 0.00200433 0 0 0 1 
36535719080188;0.65823;0.252272;0.878181 0.471118 0.0827332 -0.0864917 -0.47438 0.879983 0.0243614 1.85037 -0.0613267 -0.0606407 0.996274 1.09 0 0 0 1 
36535719080189;0.357007;0.145444;0.999854 0.0104842 0.0134725 -0.708621 -0.01068 0.999837 0.0145474 0.325895 -0.0133178 -0.0146891 0.999803 -0.4668 0 0 0 1 
36535719080190;0.473164;0.980712;0.936548 -0.349169 0.0309661 -1.54774 0.349449 0.936947 -0.00397474 -2.33072 -0.0276258 0.0145436 0.999513 0.118025 0 0 0 1 
36535719080191;0.28216;0.13674;0.980063 0.197938 -0.0172596 -0.264675 -0.19457 0.973714 0.118422 0.773639 0.040246 -0.112703 0.992813 -0.700997 0 0 0 1 
36535719080192;0.431029;0.146758;0.984879 -0.163922 0.056065 -0.890485 0.167891 0.982912 -0.0754718 -0.46679 -0.0427355 0.0837434 0.995571 0.471715 0 0 0 1 
36535719080193;0.312078;0.151178;0.990947 -0.13415 0.00520644 -0.0958784 0.129997 0.968509 0.212349 -1.08904 -0.0335291 -0.20975 0.97718 -0.368173 0 0 0 1 
36535719080194;0.164987;0.121567;0.984178 0.177164 0.00248661 -0.0977084 -0.177181 0.984107 0.0118341 0.677206 -0.000350504 -0.0120875 0.999927 -0.0454583 0 0 0 1 
36535719080195;0.354366;0.145178;0.979424 -0.0357662 0.198617 0.0322218 0.0351936 0.99936 0.00641341 -0.553785 -0.19872 0.000708603 0.980056 0.222966 0 0 0 1 
36535719080196;0.523582;0.17582;0.985559 0.158899 0.0585239 -0.630438 -0.168412 0.883776 0.436551 0.783031 0.0176457 -0.440103 0.897774 -0.698905 0 0 0 1 
36535719080197;0.379637;0.150503;0.978849 -0.180522 -0.0962656 0.0787275 0.186311 0.980955 0.0549099 -1.03455 0.0845198 -0.0716838 0.99384 -1.18711 0 0 0 1 
36535719080198;0.253973;0.147554;0.983877 -0.143169 0.107186 -0.209863 0.152456 0.984725 -0.0841092 -0.812178 -0.0935068 0.0990942 0.990675 0.761519 0 0 0 1 
36535719080199;0.451651;0.156509;0.989589 0.141447 0.0265936 -0.760607 -0.141423 0.989945 -0.0027961 0.913569 -0.0267217 -0.000993953 0.999642 0.666057 0 0 0 1 
36535719080200;0.601292;1.07567;0.941437 -0.279037 0.189299 -1.34202 0.290435 0.956261 -0.0348347 -2.02786 -0.171299 0.0877737 0.981301 1.22857 0 0 0 1 
36535719080201;0.316883;0.144103;0.877156 0.0836438 0.472866 0.00266257 0.00542833 0.982923 -0.183936 -0.0170605 -0.480176 0.163907 0.861723 2.32587 0 0 0 1 
36535719080202;0.389074;0.142194;0.971662 0.226899 0.0662589 -0.296851 -0.228529 0.97337 0.0180509 1.3508 -0.0603986 -0.0326814 0.997639 -0.335727 0 0 0 1 
36535719080203;0.247825;0.160619;0.971718 -0.235621 0.0156818 -0.20832 0.234363 0.970404 0.0582196 -1.27817 -0.0289355 -0.0528979 0.998181 0.264471 0 0 0 1 
36535719080204;0.323434;0.122582;0.998009 -0.052539 0.0348987 -0.274018 0.0519274 0.998485 0.0182061 -1.01592 -0.0358023 -0.0163577 0.999225 -0.137273 0 0 0 1 
36535719080205;0.326801;0.158193;0.95714 -0.0654008 0.282146 0.0724218 0.156372 0.936674 -0.313351 -0.630915 -0.243785 0.344041 0.906755 1.0315 0 0 0 1 
36535719080206;0.360649;0.145913;0.994527 0.100281 0.0293229 -0.331844 -0.100072 0.994944 -0.00851043 1.05849 -0.0300281 0.00552944 0.999534 0.00185741 0 0 0 1 
36535719080207;0.378318;0.135704;0.999485 -0.026932 0.0174456 0.565418 0.0268612 0.99963 0.00428196 -0.284904 -0.0175545 -0.00381114 0.999839 0.121514 0 0 0 1 
36535719080208;0.281021;0.12495;0.980282 -0.0627478 0.187378 -0.399162 0.0555779 0.997516 0.0432809 -0.54537 -0.189628 -0.0320134 0.981334 1.31814 0 0 0 1 
36535719080209;0.41046;0.145069;0.953457 -0.289721 0.0835549 -0.378311 0.269771 0.943418 0.192838 -1.9985 -0.134696 -0.161322 0.977667 0.697763 0 0 0 1 
36535719080210;0.243944;0.152868;0.976076 0.147079 0.160134 0.100849 -0.154214 0.987486 0.0330165 0.416355 -0.153274 -0.0569216 0.986543 0.654783 0 0 0 1 
36535719080211;0.419439;0.148045;0.927936 0.37268 0.0067179 -0.261111 -0.372693 0.927954 0.00079401 1.25014 -0.005938 -0.00324051 0.999977 -0.0206395 0 0 0 1 
36535719080212;0.411637;0.143223;0.953908 0.271248 0.128394 0.277504 -0.268974 0.962509 -0.035068 0.629031 -0.133092 -0.00108289 0.991103 0.797073 0 0 0 1 
36535719080213;0.271077;0.138304;0.972737 -0.185436 -0.139268 -0.242046 0.158008 0.969515 -0.187282 -0.888766 0.169751 0.160171 0.972384 -1.046 0 0 0 1 
36535719080214;0.356981;0.134772;0.950271 0.153867 -0.270759 -0.160036 -0.162667 0.986628 -0.0102247 0.3898 0.265565 0.0537597 0.962593 -0.95368 0 0 0 1 
36535719080215;0.558879;0.170261;0.961911 0.218573 0.164172 -0.264316 -0.165517 0.943657 -0.286559 0.780694 -0.217556 0.248471 0.943892 1.96178 0 0 0 1 
36535719080217;0.267916;0.0156656;0.96767 -0.177702 -0.178988 0.533921 0.1552 0.978914 -0.132816 -0.253292 0.198815 0.100744 0.974845 -0.916211 0 0 0 1 
36535719080218;0.403611;0.0208394;0.997102 0.0760733 0.000131066 -0.333086 -0.0760528 0.99679 0.0250063 0.723624 0.00177167 -0.0249438 0.999687 0.453251 0 0 0 1 
36535719080219;0.612805;0.524441;0.998578 -0.021652 0.0487212 -0.04026 0.0215499 0.999764 0.00262055 0.0427022 -0.0487664 -0.00156689 0.998809 0.706686 0 0 0 1 
36535719080220;0.465305;0.0171254;0.97065 -0.11677 -0.210247 0.399946 0.0961289 0.989721 -0.105887 0.166065 0.22045 0.0825689 0.971897 -1.43709 0 0 0 1 
36535719080221;0.397154;0.310388;0.997543 -0.0664137 -0.0222971 0.090167 0.0661415 0.997729 -0.0127341 -0.138806 0.0230922 0.0112281 0.99967 -0.613963 0 0 0 1 
36535719080222;0.388852;0.0184473;0.984277 -0.104295 0.14255 -0.464006 0.138516 0.956547 -0.256575 -0.238984 -0.109596 0.272287 0.955954 0.216609 0 0 0 1 
36535719080223;0.332061;0.018307;0.928801 -0.189124 -0.318686 0.853703 0.165447 0.981129 -0.100062 -0.60543 0.331596 0.0402126 0.942564 -0.884677 0 0 0 1 
36535719080224;0.591626;0.0197744;0.994471 0.0958859 0.0428193 -0.388733 -0.0783008 0.948777 -0.306089 1.23911 -0.0699756 0.301044 0.95104 0.427139 0 0 0 1 
36535719080225;0.418431;0.316179;0.991497 -0.0372202 0.124692 -0.0860448 0.0357321 0.999261 0.0141506 -0.0103774 -0.125126 -0.00957473 0.992095 0.70513 0 0 0 1 
36535719080226;0.434396;0.392228;0.986577 0.0724266 -0.146357 0.110277 -0.0729553 0.997334 0.00175959 0.0923747 0.146094 0.00894152 0.98923 -0.247712 0 0 0 1 
36535719080227;0.258425;0.0216634;0.980959 0.171311 0.0914979 -0.0713129 -0.175624 0.98359 0.0413183 0.409978 -0.0829182 -0.0566008 0.994948 0.583437 0 0 0 1 
36535719080228;0.348273;0.0210206;0.95778 -0.202004 0.204579 0.134838 0.210693 0.977318 -0.0213886 -0.292183 -0.195618 0.0635889 0.978616 0.863944 0 0 0 1 
36535719080229;0.349476;0.0209694;0.994832 0.0562123 0.0845603 -0.198354 -0.0421054 0.986184 -0.160215 0.154624 -0.0923981 0.155827 0.983453 -0.429059 0 0 0 1 
36535719080230;0.507963;0.605012;0.937991 -0.0526474 0.342639 -0.0776446 0.052605 0.998571 0.00942461 0.1303 -0.342646 0.00918434 0.93942 0.770407 0 0 0 1 
36535719080231;0.499847;0.0210394;0.999932 0.00361467 -0.0110614 -0.311032 -0.00329618 0.999583 0.0286764 -0.439622 0.0111605 -0.028638 0.999528 -0.840484 0 0 0 1 
36535719080232;0.400636;0.0177333;0.974856 -0.203966 0.0897384 0.184033 0.172239 0.945218 0.277302 -0.448788 -0.141382 -0.254873 0.956583 1.04471 0 0 0 1 
36535719080233;0.232565;0.0275974;0.984907 0.0565342 -0.163594 0.0778141 -0.0382536 0.99288 0.112812 0.0456308 0.168807 -0.104851 0.980056 -0.103418 0 0 0 1 
36535719080234;0.243089;0.0165295;0.999983 0.00552275 0.00160262 0.187917 -0.00550448 0.999922 -0.0111872 0.130789 -0.00166428 0.0111782 0.999936 -0.434172 0 0 0 1 
36535719080235;0.336455;0.275595;0.997442 -0.0124635 -0.0703802 0.000868938 0.0169704 0.997818 0.0638062 0.0798568 0.0694313 -0.0648374 0.995477 -0.0376139 0 0 0 1 
36535719080236;0.526732;0.017112;0.95897 -0.13081 0.251526 0.559883 0.0734003 0.971498 0.225396 -0.537846 -0.273841 -0.197686 0.941239 1.67763 0 0 0 1 
36535719080237;0.707625;0.498084;0.999971 0.00327333 -0.00692392 0.0334884 -0.00331582 0.999976 -0.00613441 0.096092 0.00690368 0.00615719 0.999957 0.733373 0 0 0 1 
36535719080238;0.378354;0.017779;0.980543 0.182338 -0.0727254 0.342921 -0.164391 0.965182 0.203466 0.742271 0.107293 -0.187552 0.976377 -0.173986 0 0 0 1 
36535719080239;0.260619;0.0145366;0.999396 -0.0295354 0.0182864 0.393467 0.0292941 0.999482 0.0133274 -0.155154 -0.0186705 -0.0127837 0.999744 0.389175 0 0 0 1 
36535719080240;0.347346;0.0255745;0.99756 0.0036855 0.0697203 -0.0278861 0.0224773 0.928486 -0.370687 0.343537 -0.0661005 0.37135 0.926137 -0.320601 0 0 0 1 
36535719080241;0.461675;0.0189561;0.945198 0.14482 0.292622 -0.219595 -0.0687055 0.964401 -0.255362 -0.200759 -0.319186 0.221263 0.9215 0.682628 0 0 0 1 
36535719080242;0.184835;0.0161868;0.992221 0.103987 0.0684403 -0.165955 -0.105396 0.99428 0.0172961 0.0336646 -0.0662502 -0.0243749 0.997505 0.153232 0 0 0 1 
36535719080243;0.50255;0.54054;0.999444 -0.0269912 0.0195961 0.201228 0.0272906 0.999512 -0.0151751 -0.00345592 -0.019177 0.0157015 0.999693 -0.116141 0 0 0 1 
36535719080244;0.3548;0.0380086;0.920817 0.252622 0.297116 -0.265481 -0.27219 0.9619 0.0257139 0.599167 -0.2793 -0.10455 0.954495 1.15227 0 0 0 1 
36535719080245;0.421326;0.017598;0.969529 0.123257 -0.211713 0.458292 -0.143518 0.986152 -0.083109 0.576189 0.198537 0.110961 0.973792 -1.26285 0 0 0 1 
36535719080246;0.428678;0.0180575;0.967516 0.252779 -0.00394101 0.120978 -0.252125 0.963629 -0.0886105 1.11773 -0.0186012 0.0867257 0.996059 -0.490661 0 0 0 1 
36535719080248;0.279109;0.00986099;0.999911 -0.00974337 -0.00913302 0.756139 0.00973564 0.999952 -0.000889705 0.241217 0.00914126 0.00080071 0.999958 -0.35659 0 0 0 1 
36535719080249;0.148582;0.0194768;0.997717 -0.0664984 -0.0118061 -0.26254 0.0664959 0.997787 -0.000609058 -0.158944 0.0118205 -0.000177392 0.99993 -0.171946 0 0 0 1 
36535719080250;0.310686;0.0318814;0.99687 -0.00917564 0.07852 -0.23849 0.00901718 0.999957 0.00237239 0.227041 -0.0785383 -0.00165694 0.99691 -0.678652 0 0 0 1 
36535719080251;0.298484;0.0395891;0.999287 0.0285453 -0.0247215 -0.467717 -0.0272313 0.998278 0.0519534 0.642586 0.0261619 -0.0512431 0.998343 0.166545 0 0 0 1 
36535719080252;0.364884;0.2437;0.977945 -0.138591 -0.156255 1.11346 0.138532 0.990293 -0.0113226 -0.523753 0.156308 -0.0105734 0.987652 -0.327425 0 0 0 1 
36535719080253;0.298099;0.251566;0.997239 -0.065296 -0.0353622 0.685524 0.0632226 0.996377 -0.056879 -0.10587 0.0389481 0.0544863 0.997755 -0.601227 0 0 0 1 
36535719080254;0.413793;0.344392;0.997289 -0.0699295 -0.0229204 0.246952 0.0634549 0.9749 -0.21341 0.24625 0.0372688 0.211377 0.976694 -0.384449 0 0 0 1 
36535719080255;0.265645;0.0327883;0.994695 -0.077094 0.068111 -0.0674566 0.0926851 0.958888 -0.268221 -0.250774 -0.0446326 0.273111 0.960947 0.251505 0 0 0 1 
36535719080256;0.228269;0.211533;0.998841 0.0480644 0.0026164 0.119537 -0.0481076 0.998637 0.0202346 0.0394675 -0.00164027 -0.020337 0.999792 -0.0528484 0 0 0 1 
36535719080257;0.266234;0.0295809;0.999108 -0.0419204 -0.00501221 -0.631967 0.0420583 0.998614 0.0316263 -0.293178 0.00367948 -0.0318089 0.999487 -0.0739534 0 0 0 1 
36535719080258;0.327944;0.00735058;0.998978 -0.0382299 -0.0241105 0.55908 0.0385708 0.99916 0.0138356 -0.678732 0.0235613 -0.0147514 0.999614 0.529321 0 0 0 1 
36535719080259;0.241821;0.0253438;0.982705 0.164024 -0.0859506 0.209762 -0.163309 0.986456 0.0153312 0.185139 0.0873011 -0.00102949 0.996181 -0.62956 0 0 0 1 
