#;prob_registration_l1 -r /home/probabilistic_point_clouds_registration/build/tester /home/point_clouds_registration_benchmark//devel/registration_pairs/gazebo_winter_local.txt /home/point_clouds_registration_benchmark//eth/gazebo_winter -s 0.2 -t 0.2 -p 0.3 -r 1000 -m 15 -i 40 
id;initial_error;final_error;transformation
38591597440000;0.538033;0.0261786;0.993526 -0.101501 -0.0510314 -0.400146 0.103137 0.994199 0.0305081 -0.446828 0.0476388 -0.0355738 0.998231 0.561355 0 0 0 1 
38591597440001;0.518725;0.209737;0.979753 0.1012 0.172752 -0.0844018 -0.116861 0.989673 0.0830094 0.118965 -0.162568 -0.101517 0.981461 0.0197069 0 0 0 1 
38591597440002;0.466312;0.025317;0.983916 -0.133539 0.118642 0.056525 0.137785 0.990058 -0.0283021 -0.315314 -0.113683 0.044194 0.992534 -0.211393 0 0 0 1 
38591597440003;0.369171;0.17169;0.99806 0.0622502 0.00111412 -0.0838175 -0.0622564 0.998037 0.00681281 0.126533 -0.000687837 -0.00686895 0.999976 0.394453 0 0 0 1 
38591597440004;0.566929;0.265209;0.950389 0.175534 -0.256803 0.805048 -0.169896 0.984472 0.0441615 0.522896 0.260567 0.00165928 0.965454 -1.59532 0 0 0 1 
38591597440005;0.214626;0.015384;0.995227 -0.0784038 -0.0581097 -0.000201527 0.0779787 0.996909 -0.00955186 -0.292823 0.058679 0.00497495 0.998265 -0.590476 0 0 0 1 
38591597440006;0.296525;0.0202991;0.96107 -0.215989 -0.17232 0.171363 0.237443 0.964532 0.115318 -1.00261 0.1413 -0.151745 0.978268 -0.352522 0 0 0 1 
38591597440007;0.55939;0.0290148;0.990058 0.140638 -0.0024217 0.0644804 -0.140116 0.987601 0.0707922 0.16882 0.0123477 -0.0697491 0.997488 -0.878757 0 0 0 1 
38591597440008;0.573696;0.0260959;0.908911 0.0066303 0.416936 0.322583 -0.110807 0.967765 0.226168 0.47232 -0.401997 -0.251766 0.880348 2.45976 0 0 0 1 
38591597440009;0.226381;0.0151906;0.999431 -0.0276744 0.0192604 0.0494017 0.026907 0.998876 0.0390206 0.07821 -0.0203187 -0.0384802 0.999053 -0.247291 0 0 0 1 
38591597440010;0.405479;0.0381576;0.934367 -0.109616 0.339032 0.095404 0.223879 0.920835 -0.319283 -0.750287 -0.277194 0.374229 0.884939 1.66797 0 0 0 1 
38591597440011;0.432428;0.344615;0.998502 -0.0332884 -0.0434349 0.133954 0.038758 0.99051 0.131862 -0.275597 0.0386332 -0.133348 0.990316 -0.220695 0 0 0 1 
38591597440012;0.493861;0.0384397;0.996367 -0.00404492 -0.0850724 0.332268 -0.000700967 0.998448 -0.0556827 -0.246154 0.0851657 0.05554 0.994818 0.329784 0 0 0 1 
38591597440013;0.489902;0.246621;0.974221 0.11877 0.1918 -0.120393 -0.127495 0.991264 0.0337639 0.193451 -0.186114 -0.057347 0.980853 0.436587 0 0 0 1 
38591597440014;0.265078;0.03238;0.950285 -0.0576429 0.306001 -0.0746784 0.0903055 0.991499 -0.0936696 -0.269662 -0.298 0.116646 0.947412 1.44708 0 0 0 1 
38591597440015;0.50504;0.217453;0.989573 -0.101879 0.101812 0.0758153 0.0848787 0.983584 0.15924 -0.766585 -0.116363 -0.148938 0.981976 0.143208 0 0 0 1 
38591597440016;0.306367;0.0223421;0.961237 0.115669 -0.25029 0.267818 -0.0686646 0.979575 0.188995 -0.00634737 0.267038 -0.164482 0.949545 -1.34893 0 0 0 1 
38591597440017;0.306001;0.0327171;0.991761 -0.127567 0.0116845 -0.204643 0.128077 0.989193 -0.0713733 -0.889883 -0.00245339 0.0722818 0.997381 0.106638 0 0 0 1 
38591597440018;0.310987;0.185842;0.998365 0.0557152 -0.0127499 0.212979 -0.0559676 0.998225 -0.0203791 0.192017 0.0115918 0.0210594 0.999711 -0.285249 0 0 0 1 
38591597440019;0.565481;0.0148406;0.985981 -0.159491 0.0490407 -0.587344 0.14334 0.960041 0.240363 -0.27277 -0.0854167 -0.229963 0.969444 -0.141118 0 0 0 1 
38591597440020;0.471158;0.0318709;0.954804 -0.296661 -0.0184783 -0.0403554 0.287476 0.937467 -0.196248 -1.20172 0.075542 0.182067 0.98038 0.29063 0 0 0 1 
38591597440021;0.264772;0.226396;0.983259 0.0631273 0.170927 -0.0898964 -0.0746718 0.995281 0.0619702 0.0479892 -0.166209 -0.0736962 0.983333 0.576344 0 0 0 1 
38591597440022;0.382739;0.0332609;0.994541 -0.0278728 -0.100551 -0.306401 0.0343042 0.997436 0.0628099 -0.459964 0.0985428 -0.0659164 0.992947 -0.0749688 0 0 0 1 
38591597440023;0.504596;0.300504;0.996839 0.0773242 -0.0182702 -0.00292818 -0.0782503 0.995301 -0.0570397 0.422893 0.0137738 0.058289 0.998205 -0.562639 0 0 0 1 
38591597440024;0.223621;0.0249031;0.997324 -0.0517873 0.0516012 -0.0146231 0.0632838 0.96495 -0.25469 0.0652347 -0.0366028 0.257274 0.965645 0.316231 0 0 0 1 
38591597440025;0.497841;0.0211774;0.937018 -0.230908 0.262065 -0.366381 0.266134 0.957919 -0.107535 -1.35787 -0.226206 0.170507 0.95904 0.632644 0 0 0 1 
38591597440026;0.507307;0.340714;0.973575 -0.0719401 -0.216742 0.35995 0.0857595 0.994795 0.0550315 -0.317622 0.211654 -0.0721649 0.974677 -0.622359 0 0 0 1 
38591597440027;0.37107;0.0264472;0.995971 0.00335854 0.0896094 -0.24254 -0.0446586 0.885134 0.463188 0.115308 -0.0777607 -0.465323 0.881718 0.357205 0 0 0 1 
38591597440028;0.144155;0.0257136;0.985894 -0.15868 -0.053236 0.0280306 0.15726 0.987104 -0.0299003 -0.588878 0.057294 0.0211066 0.998134 -0.151693 0 0 0 1 
38591597440029;0.386592;0.205611;0.975499 -0.134872 0.173811 -0.215954 0.10699 0.981159 0.160875 -0.728154 -0.192234 -0.138337 0.97155 0.846716 0 0 0 1 
38591597440031;0.613756;0.317297;0.960968 -0.0568993 -0.270745 0.297633 0.0346082 0.995658 -0.0864096 -0.544792 0.274486 0.0736669 0.958765 -1.25856 0 0 0 1 
38591597440032;0.317715;0.022799;0.93894 0.285442 -0.192131 0.984604 -0.30514 0.948804 -0.0816064 1.45697 0.159001 0.13525 0.97797 -0.42194 0 0 0 1 
38591597440033;0.586776;0.315911;0.930845 -0.0554822 0.361179 0.0953497 0.0416917 0.998077 0.0458693 0.260569 -0.363029 -0.0276391 0.931368 1.45243 0 0 0 1 
38591597440034;0.22655;0.0390681;0.986093 -0.145207 0.0808436 -0.334464 0.158726 0.967035 -0.199122 -0.979033 -0.0492646 0.209184 0.976634 0.615225 0 0 0 1 
38591597440035;0.489052;0.226203;0.992087 -0.0107115 0.125092 -0.074927 0.0212495 0.996305 -0.0832142 -0.516795 -0.123738 0.0852138 0.988649 0.682708 0 0 0 1 
38591597440036;0.235684;0.0370201;0.986374 -0.164519 -0.000161349 -0.127079 0.164471 0.986109 -0.0232056 -0.540897 0.00397686 0.0228629 0.999731 -0.0324444 0 0 0 1 
38591597440037;0.200232;0.0346545;0.995017 0.0980338 0.0181995 0.179307 -0.0980843 0.995176 0.00190151 0.372638 -0.0179253 -0.00367712 0.999833 -0.237056 0 0 0 1 
38591597440038;0.419626;0.231126;0.994876 0.0931533 -0.0393026 0.183233 -0.0977999 0.985247 -0.140442 0.507156 0.0256401 0.143566 0.989309 0.558647 0 0 0 1 
38591597440039;0.360484;0.0238349;0.998686 -0.0204436 0.0469969 -0.0633805 0.0273394 0.988136 -0.151126 -0.264511 -0.0433498 0.152212 0.987397 -0.059815 0 0 0 1 
38591597440040;0.46013;0.025142;0.879127 0.235066 -0.414583 1.40334 -0.244187 0.969209 0.0317357 0.937684 0.409277 0.0733359 0.909458 -1.93882 0 0 0 1 
38591597440041;0.266595;0.0304862;0.998536 0.0531852 0.00984449 -0.330974 -0.053303 0.998505 0.0121212 0.154504 -0.0091851 -0.0126282 0.999878 0.0608263 0 0 0 1 
38591597440042;0.263344;0.0242243;0.966191 0.214069 -0.1437 0.598543 -0.198547 0.973322 0.114992 0.494009 0.164483 -0.0825731 0.982918 -0.726682 0 0 0 1 
38591597440043;0.518284;0.0390731;0.963616 0.261323 -0.056169 0.994953 -0.254057 0.960758 0.111354 1.06776 0.0830642 -0.0930327 0.992192 -1.27989 0 0 0 1 
38591597440044;0.328581;0.189189;0.990829 0.0990994 0.0918556 -0.0246587 -0.0941747 0.993952 -0.0564906 0.450166 -0.0968982 0.047322 0.994169 0.797314 0 0 0 1 
38591597440045;0.358212;0.0435799;0.978104 0.165985 0.125547 0.131366 -0.169697 0.985305 0.0194027 0.915558 -0.120481 -0.0402828 0.991898 0.868146 0 0 0 1 
38591597440046;0.061941;0.0357886;0.999505 -0.0113303 0.0293609 0.00065781 0.0105749 0.999612 0.0257584 -0.0505165 -0.0296413 -0.0254352 0.999237 0.0612283 0 0 0 1 
38591597440047;0.281023;0.0335747;0.98327 0.167429 -0.0717446 0.529707 -0.158959 0.981039 0.110879 0.425895 0.0889486 -0.0976194 0.991241 -0.943397 0 0 0 1 
38591597440048;0.595102;0.0251836;0.986053 0.0514371 -0.158284 0.0159997 -0.000971217 0.952806 0.30358 -0.835472 0.166429 -0.299192 0.939567 -2.04795 0 0 0 1 
38591597440049;0.461067;0.027357;0.897918 0.123231 -0.422561 0.967729 -0.20565 0.966239 -0.155212 0.829542 0.389167 0.226267 0.892946 -1.62632 0 0 0 1 
38591597440050;0.266343;0.0226378;0.998624 0.0130898 -0.0507775 0.0783164 -0.0280467 0.951524 -0.306293 0.191403 0.0443067 0.307296 0.950582 0.136771 0 0 0 1 
38591597440051;0.432966;0.0313167;0.9257 0.190407 -0.326842 1.121 -0.189337 0.981274 0.0354052 1.09739 0.327463 0.0291086 0.944416 -1.2049 0 0 0 1 
38591597440052;0.0767887;0.026465;0.994755 -0.0207208 0.100162 -0.0579099 0.0232239 0.999445 -0.0238892 -0.121603 -0.0996112 0.0260901 0.994684 0.441406 0 0 0 1 
38591597440053;0.465189;0.307047;0.992657 0.0900287 -0.0807936 0.371102 -0.0844999 0.994002 0.069428 0.505687 0.0865594 -0.0620911 0.99431 -0.366736 0 0 0 1 
38591597440054;0.503874;0.0408412;0.997188 0.047976 0.0575709 -0.747988 -0.0525896 0.995285 0.0814992 0.149032 -0.0533895 -0.0842976 0.995009 0.222607 0 0 0 1 
38591597440055;0.362809;0.0511688;0.997077 -0.076035 0.00749549 -0.154856 0.0760087 0.9971 0.00373724 -0.426464 -0.00775792 -0.00315659 0.999965 -0.555256 0 0 0 1 
38591597440056;0.349297;0.0797918;0.964504 0.243102 0.103122 0.452252 -0.26349 0.911837 0.314844 0.65267 -0.0174913 -0.33084 0.943525 -0.341534 0 0 0 1 
38591597440057;0.335627;0.0313271;0.925962 -0.018917 -0.377143 0.552621 0.0368657 0.998502 0.0404292 -0.129832 0.375813 -0.0513395 0.925272 -1.68481 0 0 0 1 
38591597440058;0.689618;0.572207;0.996978 0.0598624 -0.0495116 0.0405185 -0.0600907 0.998188 -0.003134 0.262792 0.0492343 0.00609971 0.998769 -0.563763 0 0 0 1 
38591597440059;0.45308;0.0149417;0.999995 0.0028989 0.00133534 -0.377467 -0.00288765 0.999961 -0.00835104 -0.360766 -0.0013595 0.00834715 0.999964 -0.557288 0 0 0 1 
38591597440060;0.265486;0.0334649;0.995668 -0.0911368 0.0184439 -0.00740555 0.0898099 0.993954 0.0631623 -0.667126 -0.0240888 -0.0612322 0.997833 0.294521 0 0 0 1 
38591597440062;0.128316;0.0305656;0.997067 -0.0764773 0.00277133 -0.215292 0.0753207 0.987106 0.141236 -0.499293 -0.013537 -0.140613 0.989972 -0.408414 0 0 0 1 
38591597440063;0.451456;0.0305538;0.99659 -0.0323079 0.0759247 -0.241587 0.00659552 0.948404 0.316997 -0.525602 -0.0822488 -0.315415 0.945383 0.194254 0 0 0 1 
38591597440064;0.130373;0.0376119;0.99787 0.0651913 -0.00235888 0.0308858 -0.0651427 0.993911 -0.0888709 0.209972 -0.00344909 0.0888353 0.99604 0.16986 0 0 0 1 
38591597440065;0.480669;0.0412236;0.950797 0.0837231 0.298287 -0.0550769 -0.0610419 0.994546 -0.0845759 0.359944 -0.303741 0.0622065 0.950722 0.865234 0 0 0 1 
38591597440066;0.373674;0.0433858;0.918913 0.0319905 0.393161 0.111086 -0.0692766 0.994303 0.0810124 0.368639 -0.388329 -0.10168 0.915894 1.67651 0 0 0 1 
38591597440067;0.212733;0.0338278;0.98441 0.142852 0.102615 0.312685 -0.165384 0.950358 0.263566 0.425988 -0.0598707 -0.276428 0.959168 -0.39719 0 0 0 1 
38591597440068;0.0642751;0.0317227;0.998326 -0.0375782 -0.0439561 -0.096097 0.0348435 0.997504 -0.0614067 -0.110251 0.0461539 0.0597723 0.997144 -0.0455097 0 0 0 1 
38591597440069;0.225205;0.0251918;0.9937 -0.0518475 -0.0993548 -0.0775443 0.0434213 0.99542 -0.0851717 -0.14416 0.103316 0.0803211 0.9914 -0.63261 0 0 0 1 
38591597440070;0.596655;0.0310767;0.983622 -0.132293 0.122421 -1.02761 0.145114 0.98409 -0.102514 -0.00363535 -0.106911 0.1186 0.98717 0.494992 0 0 0 1 
38591597440071;0.538974;0.0419617;0.968072 0.204658 0.144746 0.252332 -0.231935 0.950343 0.207497 1.21669 -0.0950924 -0.234444 0.967468 0.435406 0 0 0 1 
38591597440072;0.398938;0.0401074;0.986952 0.0817743 -0.1387 0.36788 -0.12552 0.930287 -0.344688 0.879655 0.100845 0.357601 0.928414 0.141648 0 0 0 1 
38591597440073;0.454646;0.0344582;0.971962 0.234783 0.0129067 0.18406 -0.234687 0.972034 -0.00849645 0.75203 -0.0145406 0.00522919 0.999881 -0.317653 0 0 0 1 
38591597440074;0.403252;0.0332079;0.995509 -0.0946643 -0.000708101 0.368126 0.0945458 0.994586 -0.0431188 -0.36368 0.00478608 0.0428582 0.99907 0.269028 0 0 0 1 
38591597440075;0.606683;0.0655621;0.998461 -0.0441104 -0.0336262 0.307237 0.0271777 0.917562 -0.396662 0.0129865 0.048351 0.395137 0.917349 1.51987 0 0 0 1 
38591597440076;0.528752;0.0343372;0.999287 0.0227385 -0.0301278 -0.600278 -0.0220911 0.999522 0.0216489 0.257844 0.0306057 -0.0209679 0.999312 0.327466 0 0 0 1 
38591597440077;0.46683;0.418216;0.969714 0.0460042 0.23987 -0.654737 -0.0808005 0.987227 0.137311 0.344272 -0.23049 -0.152534 0.961045 0.626386 0 0 0 1 
38591597440078;0.164495;0.031589;0.999933 -0.0109543 0.0037114 -0.285871 0.0110001 0.999861 -0.0125481 -0.0772986 -0.00357342 0.0125881 0.999914 0.0855597 0 0 0 1 
38591597440079;0.383028;0.0401904;0.935373 0.0688387 0.346898 0.498461 -0.122601 0.983165 0.135481 0.38055 -0.331732 -0.169255 0.928066 0.614539 0 0 0 1 
38591597440080;0.593423;0.399873;0.998152 -0.0194824 -0.0575511 -0.0819193 0.0210986 0.999396 0.0276112 -0.163807 0.0569784 -0.0287745 0.997961 0.362721 0 0 0 1 
38591597440081;0.611108;0.0358746;0.93873 -0.00984428 -0.344513 0.955948 -0.105352 0.943552 -0.314024 0.44059 0.328157 0.331079 0.884703 -1.17222 0 0 0 1 
38591597440082;0.502695;0.386351;0.996516 0.0805482 0.0216109 -0.423779 -0.0821744 0.992575 0.0896748 0.27874 -0.0142273 -0.0911383 0.995737 -0.693981 0 0 0 1 
38591597440083;0.715049;0.199288;0.97297 -0.181702 0.142527 -0.377601 0.203141 0.96696 -0.154019 -0.984686 -0.109832 0.178809 0.977734 1.87873 0 0 0 1 
38591597440084;0.378082;0.0286529;0.989063 -0.00496872 0.14741 -0.185672 -0.0230801 0.981906 0.187956 -0.0332415 -0.145676 -0.189302 0.971053 -0.426169 0 0 0 1 
38591597440085;0.428084;0.431521;0.998464 0.0223969 0.050672 -0.118665 -0.0236007 0.99945 0.0232826 -0.0894006 -0.0501227 -0.0244427 0.998444 0.224316 0 0 0 1 
38591597440086;0.348552;0.242088;0.991116 0.11224 -0.0713496 0.190482 -0.120728 0.984322 -0.128586 0.514882 0.0557985 0.136057 0.989128 0.317844 0 0 0 1 
38591597440087;0.456571;0.148216;0.994587 -0.0994966 -0.0299409 -0.584497 0.100882 0.99369 0.0490174 -0.508696 0.0248749 -0.0517726 0.998349 -0.765559 0 0 0 1 
38591597440088;0.581918;0.0301562;0.991903 0.0412953 0.120094 -0.419519 -0.0434775 0.998932 0.0156072 0.543157 -0.119321 -0.0207023 0.99264 -0.303861 0 0 0 1 
38591597440089;0.343578;0.0327458;0.975156 -0.181528 -0.126956 -0.243199 0.136917 0.944455 -0.298763 -0.456235 0.174138 0.273958 0.945845 -0.427469 0 0 0 1 
38591597440090;0.290589;0.0330335;0.99431 -0.103887 0.0235773 -0.226802 0.103716 0.994572 0.00836824 -0.141097 -0.0243186 -0.00587528 0.999687 0.347218 0 0 0 1 
38591597440091;0.344699;0.340957;0.999668 0.00249424 0.0256618 -0.0973566 -0.00160021 0.999393 -0.0348005 -0.0562339 -0.0257331 0.0347479 0.999065 0.175787 0 0 0 1 
38591597440093;0.395285;0.0252498;0.920446 -0.327618 0.213182 -0.0204008 0.339498 0.94038 -0.0206599 -0.0707545 -0.193703 0.0913912 0.976794 -0.217862 0 0 0 1 
38591597440094;0.48271;0.0249038;0.89975 0.100077 0.424776 0.0662443 -0.133603 0.989783 0.0498024 0.451311 -0.415452 -0.101561 0.903928 -0.116106 0 0 0 1 
38591597440095;0.208258;0.0187853;0.966438 0.256829 -0.00596915 -0.111115 -0.256556 0.966088 0.0292108 0.269052 0.0132689 -0.026699 0.999555 0.00297747 0 0 0 1 
38591597440096;0.348707;0.23005;0.954924 0.164021 -0.247421 -0.0886938 -0.133642 0.981784 0.135053 -0.129846 0.265066 -0.0958994 0.95945 -0.0682138 0 0 0 1 
38591597440097;0.0996698;0.0177764;0.995997 -0.0837169 -0.0313127 0.0341124 0.0834696 0.996469 -0.0091236 -0.134488 0.031966 0.00647342 0.999468 0.0855681 0 0 0 1 
38591597440098;0.341585;0.0215091;0.918658 -0.297915 0.259449 0.191565 0.267187 0.9523 0.147431 -0.429576 -0.290996 -0.0661173 0.954437 0.420852 0 0 0 1 
38591597440099;0.517514;0.0472063;0.874057 0.227766 0.429123 -0.677411 -0.258571 0.965891 0.0140034 0.476175 -0.411296 -0.123199 0.903138 0.520825 0 0 0 1 
38591597440100;0.554576;0.0101811;0.899735 0.24101 0.363855 -0.829883 -0.225901 0.970502 -0.0842353 -0.292227 -0.373424 -0.00640571 0.927639 0.373984 0 0 0 1 
38591597440101;0.308911;0.0144059;0.997519 0.0115188 -0.0694546 0.402711 -0.0128674 0.999737 -0.019001 -0.189124 0.0692174 0.0198476 0.997404 -0.678691 0 0 0 1 
38591597440102;0.281264;0.0315428;0.966316 0.223491 0.127618 -0.12771 -0.246252 0.947036 0.206115 0.461556 -0.0747937 -0.230598 0.97017 0.0668522 0 0 0 1 
38591597440103;0.458862;0.0251611;0.941762 -0.321855 0.0974368 0.686105 0.302706 0.937573 0.171246 -0.781763 -0.146471 -0.131778 0.980398 -0.0638203 0 0 0 1 
38591597440104;0.179607;0.0200595;0.980416 0.0454343 -0.191623 0.130849 -0.0353983 0.997832 0.0554771 -0.133353 0.193728 -0.0476075 0.979899 -0.242252 0 0 0 1 
38591597440105;0.407802;0.296988;0.990396 -0.116075 -0.0751114 0.177685 0.116542 0.993184 0.00185413 -0.182038 0.0743842 -0.01059 0.997173 -0.140838 0 0 0 1 
38591597440106;0.119513;0.0157988;0.998009 -0.00850319 0.0624888 -0.112612 0.0123041 0.998081 -0.0606953 0.100468 -0.0618527 0.0613434 0.996198 -0.13288 0 0 0 1 
38591597440107;0.268114;0.236428;0.998201 -0.051722 -0.0303143 0.0624587 0.0509486 0.998369 -0.0257526 -0.0559814 0.0315968 0.0241618 0.999209 0.0989895 0 0 0 1 
38591597440108;0.407271;0.226057;0.976582 0.151456 -0.152806 -0.319234 -0.135871 0.984845 0.107796 -0.184006 0.166816 -0.0845102 0.98236 0.313127 0 0 0 1 
38591597440109;0.443389;0.0201666;0.974984 0.161097 0.153146 -0.713448 -0.185097 0.969915 0.158124 -0.527603 -0.123065 -0.182515 0.975471 0.093457 0 0 0 1 
38591597440110;0.432632;0.0144055;0.97286 -0.0720363 0.219896 -0.634382 0.129248 0.957414 -0.258174 0.456873 -0.191934 0.279588 0.94074 0.0396529 0 0 0 1 
38591597440111;0.338245;0.0173773;0.911633 0.347112 -0.220086 0.0678067 -0.341615 0.93767 0.0638346 0.166977 0.228526 0.016991 0.97339 -0.0144576 0 0 0 1 
38591597440112;0.277197;0.00957022;0.970846 0.136085 0.197327 -0.347846 -0.0996243 0.977827 -0.184199 -0.038209 -0.218019 0.15917 0.962877 0.251578 0 0 0 1 
38591597440113;0.357829;0.246379;0.998775 0.0494892 -0.000133168 -0.326807 -0.0494323 0.99775 0.0452969 -0.16038 0.00237458 -0.0452348 0.998974 -0.522877 0 0 0 1 
38591597440114;0.246214;0.015006;0.974063 0.221943 0.0440656 -0.165956 -0.214415 0.967558 -0.13363 0.482132 -0.0722943 0.120716 0.990051 -0.0491049 0 0 0 1 
38591597440115;0.388473;0.0258267;0.883905 -0.351725 0.308222 0.122384 0.375404 0.926664 -0.0191128 -0.386853 -0.278896 0.132602 0.951122 0.339697 0 0 0 1 
38591597440116;0.336493;0.244863;0.987772 -0.108745 0.111718 -0.0171241 0.132587 0.962908 -0.235007 -0.13673 -0.0820188 0.246945 0.965552 -0.219602 0 0 0 1 
38591597440117;0.374866;0.0153926;0.999715 0.0221732 -0.00888573 0.842932 -0.0219357 0.999422 0.025984 -0.192647 0.00945674 -0.0257817 0.999623 0.236032 0 0 0 1 
38591597440118;0.178075;0.0167904;0.985308 -0.137861 0.100814 0.0725833 0.157963 0.960039 -0.231024 0.0295874 -0.0649359 0.243555 0.967711 -0.0253731 0 0 0 1 
38591597440119;0.473817;0.0221221;0.98425 -0.17441 0.02885 1.05494 0.17478 0.984548 -0.0108233 -0.376259 -0.0265165 0.0156952 0.999525 0.377849 0 0 0 1 
38591597440120;0.215098;0.019216;0.969082 -0.246413 0.0126789 0.237952 0.246301 0.969144 0.00976246 -0.317618 -0.0146932 -0.00633781 0.999872 0.0146034 0 0 0 1 
38591597440121;0.418127;0.0194873;0.991887 0.093281 0.0863615 0.0490377 -0.0988282 0.993149 0.0623477 -0.00123781 -0.0799541 -0.0703769 0.994311 1.06214 0 0 0 1 
38591597440122;0.192825;0.188746;0.998636 0.0511001 0.0107157 -0.188455 -0.0518627 0.994533 0.0906378 -0.238173 -0.00602547 -0.0910699 0.995826 0.0886915 0 0 0 1 
38591597440124;0.0779043;0.0338654;0.99942 0.0129787 -0.031486 0.023994 -0.0134786 0.999786 -0.0157164 0.0743741 0.0312753 0.0161317 0.999381 0.14212 0 0 0 1 
38591597440125;0.14453;0.035037;0.998885 0.0107602 -0.0459695 0.108633 0.00030094 0.97221 0.234108 -0.179883 0.047211 -0.233861 0.971123 -0.571855 0 0 0 1 
38591597440126;0.34028;0.15435;0.960545 -0.104144 0.257889 -0.511932 0.139387 0.982652 -0.12234 0.0889619 -0.240674 0.153459 0.958398 0.299022 0 0 0 1 
38591597440127;0.280733;0.0274254;0.975718 -0.1091 0.189926 -0.506209 0.104842 0.993962 0.0323559 0.235807 -0.192309 -0.011658 0.981265 0.263267 0 0 0 1 
38591597440128;0.300881;0.314389;0.991318 0.0944674 -0.0914565 0.547321 -0.082595 0.988601 0.125881 0.0526124 0.102306 -0.117234 0.987821 -0.394054 0 0 0 1 
38591597440129;0.231531;0.0351709;0.958534 0.0879473 -0.271069 0.50703 -0.0275125 0.975304 0.219146 -0.00115861 0.283648 -0.202601 0.937282 -0.717734 0 0 0 1 
38591597440130;0.346361;0.211628;0.998531 -0.0508326 0.0187753 -0.135498 0.0507208 0.998692 0.00638157 -0.292135 -0.0190752 -0.0054199 0.999803 -0.203846 0 0 0 1 
38591597440131;0.336968;0.364336;0.990165 -0.122164 0.0681826 -0.0483706 0.121493 0.992495 0.013922 0.342078 -0.0693716 -0.00550138 0.997576 0.126668 0 0 0 1 
38591597440132;0.344656;0.0905244;0.908111 0.342552 -0.240817 1.11977 -0.358103 0.933407 -0.0226602 0.270104 0.217018 0.106815 0.970306 0.225443 0 0 0 1 
38591597440133;0.350181;0.221833;0.996091 0.0839994 0.027321 0.180042 -0.080725 0.991245 -0.104482 -0.096569 -0.0358582 0.101868 0.994151 0.486987 0 0 0 1 
38591597440134;0.561974;0.322366;0.951625 -0.192568 0.23943 0.150689 0.199741 0.979831 -0.00582348 0.412198 -0.23348 0.0533659 0.970896 0.960314 0 0 0 1 
38591597440135;0.216019;0.0321147;0.979064 -0.0299637 -0.201333 0.183973 0.0561993 0.990452 0.125886 -0.24149 0.195638 -0.134566 0.9714 -0.55663 0 0 0 1 
38591597440136;0.499684;0.350522;0.998188 -0.0601635 0.00112713 0.285578 0.0601265 0.997969 0.0210532 0.09493 -0.00239147 -0.0209473 0.999778 -0.72658 0 0 0 1 
38591597440137;0.297035;0.0359382;0.995021 0.0981123 0.017499 0.114685 -0.0969785 0.993662 -0.0568448 0.68967 -0.0229652 0.0548647 0.99823 0.124567 0 0 0 1 
38591597440138;0.314957;0.0387034;0.938877 0.271004 0.212291 0.725802 -0.2797 0.960019 0.0114715 0.337054 -0.200694 -0.0701481 0.977139 -0.110675 0 0 0 1 
38591597440139;0.155913;0.0295808;0.994126 -0.010417 0.107728 0.130141 0.0274321 0.987107 -0.157696 0.137246 -0.104697 0.159725 0.981594 0.61607 0 0 0 1 
38591597440140;0.442404;0.0284638;0.98367 -0.0689056 0.166267 -0.159188 0.0168312 0.95498 0.296192 -0.255094 -0.179191 -0.288557 0.940545 0.175022 0 0 0 1 
38591597440141;0.257242;0.0372484;0.976533 0.169855 -0.13241 0.7597 -0.108633 0.919347 0.378153 -0.360165 0.185962 -0.354895 0.916225 -1.08478 0 0 0 1 
38591597440142;0.222719;0.0343181;0.977822 0.116717 0.1739 0.252055 -0.119719 0.992784 0.00683791 0.153257 -0.171847 -0.0275053 0.98474 0.289455 0 0 0 1 
38591597440143;0.482302;0.0284935;0.941994 0.177537 -0.284829 0.808009 -0.0925436 0.953137 0.288039 -0.814961 0.322619 -0.244972 0.914279 -0.773472 0 0 0 1 
38591597440144;0.255934;0.0212599;0.997061 0.0752476 -0.014384 0.295991 -0.0750741 0.997103 0.0122458 0.308203 0.0152638 -0.01113 0.999822 -0.519473 0 0 0 1 
38591597440145;0.370694;0.337627;0.969121 -0.0979524 -0.226298 0.297661 0.0882341 0.994705 -0.0526927 0.370128 0.230261 0.0310984 0.972632 -0.149398 0 0 0 1 
38591597440146;0.299941;0.0349863;0.996343 0.0625885 -0.0581674 0.222452 -0.0678916 0.993238 -0.0941759 -0.12995 0.0518798 0.0977806 0.993855 0.770216 0 0 0 1 
38591597440147;0.410512;0.0294882;0.98365 -0.177237 0.0319329 -0.774481 0.177303 0.984156 0.000792553 0.137558 -0.0315674 0.0048822 0.99949 -0.59932 0 0 0 1 
38591597440148;0.471802;0.420661;0.973203 -0.177867 -0.145738 0.269711 0.185 0.982048 0.0368321 0.281273 0.136571 -0.0628066 0.988637 -0.102379 0 0 0 1 
38591597440149;0.337741;0.033359;0.999971 0.0026451 -0.00710828 0.137733 -0.00266427 0.999993 -0.00268869 0.258376 0.00710112 0.00270755 0.999971 -0.693906 0 0 0 1 
38591597440150;0.131256;0.0270572;0.9986 -0.0527207 -0.00421467 -0.209378 0.0526945 0.998592 -0.00611549 0.0606937 0.00453115 0.00588484 0.999972 -0.208324 0 0 0 1 
38591597440151;0.387023;0.367848;0.993704 -0.0499661 -0.100276 0.147278 0.0510421 0.998663 0.00819154 0.139893 0.0997324 -0.0132583 0.994926 0.256066 0 0 0 1 
38591597440152;0.263342;0.300455;0.99768 -0.0676757 -0.00745243 0.14418 0.0677969 0.997547 0.0174236 0.298342 0.00625499 -0.0178884 0.99982 0.0192685 0 0 0 1 
38591597440153;0.441403;0.0273243;0.989961 0.131145 -0.0527017 0.397137 -0.121337 0.979802 0.158951 0.554165 0.0724828 -0.15096 0.985879 0.228903 0 0 0 1 
38591597440155;0.258376;0.00583078;0.998774 0.0418327 0.0264769 -0.60283 -0.0429588 0.998129 0.0434978 0.249184 -0.0246077 -0.0445818 0.998703 0.518317 0 0 0 1 
38591597440156;0.221561;0.00969948;0.999779 0.0109198 -0.0179783 0.042822 -0.0122718 0.996964 -0.0768928 0.0222076 0.0170841 0.0770964 0.996877 -0.707319 0 0 0 1 
38591597440157;0.430412;0.271704;0.989078 -0.121107 -0.0840078 0.414918 0.106863 0.981772 -0.157173 0.188525 0.101511 0.146479 0.983992 -0.433476 0 0 0 1 
38591597440158;0.209175;0.00672739;0.987533 0.0344624 0.153592 -0.100719 -0.0410146 0.99837 0.0396967 0.186889 -0.151974 -0.0455013 0.987337 0.642093 0 0 0 1 
38591597440159;0.222826;0.153095;0.986145 -0.056614 -0.155927 0.115686 0.0490815 0.997453 -0.0517449 -0.107075 0.15846 0.0433748 0.986412 -0.218598 0 0 0 1 
38591597440160;0.348174;0.00684878;0.998021 0.0468669 -0.04193 -0.267527 -0.0498 0.996169 -0.0718829 0.918758 0.0384004 0.0738287 0.996531 -0.546345 0 0 0 1 
38591597440161;0.528254;0.417674;0.996865 -0.0640066 -0.0465112 0.247941 0.0626753 0.997597 -0.0295421 -0.227775 0.0482903 0.0265344 0.998481 0.115707 0 0 0 1 
38591597440162;0.274646;0.00698449;0.997581 -0.0687733 -0.0100917 -0.735827 0.0688343 0.997611 0.00582001 -0.0181781 0.0096673 -0.00650058 0.999932 -0.129856 0 0 0 1 
38591597440163;0.298037;0.0069923;0.962585 -0.268688 -0.0351618 0.58195 0.270188 0.961567 0.0488538 -0.14682 0.020684 -0.0565263 0.998187 -0.269602 0 0 0 1 
38591597440164;0.263298;0.00856003;0.976669 0.183433 -0.11167 -0.262483 -0.178993 0.982647 0.0486529 0.0992616 0.118657 -0.0275296 0.992554 0.543173 0 0 0 1 
38591597440165;0.352749;0.00859808;0.97764 0.208044 -0.0306325 -0.594546 -0.209803 0.955102 -0.209197 0.615423 -0.0142651 0.210946 0.977394 -0.421056 0 0 0 1 
38591597440166;0.206209;0.00778364;0.982838 -0.181803 0.0312757 0.327342 0.183255 0.981664 -0.0524725 0.210026 -0.0211626 0.0573034 0.998132 -0.202437 0 0 0 1 
38591597440167;0.319448;0.00682615;0.99994 -0.00419214 0.0101567 0.347376 0.00421621 0.999988 -0.00235006 -0.465028 -0.0101467 0.00239274 0.999946 -0.75054 0 0 0 1 
38591597440168;0.116047;0.00812187;0.999773 0.0163854 -0.0135917 -0.00569981 -0.0180383 0.991076 -0.132071 0.131951 0.0113064 0.132286 0.991147 -0.213729 0 0 0 1 
38591597440169;0.218803;0.00666539;0.99747 -0.026644 0.0659017 0.00152597 0.00992363 0.970212 0.242055 -0.192086 -0.070388 -0.240788 0.968022 0.479194 0 0 0 1 
38591597440170;0.167043;0.00801787;0.999671 0.00848363 -0.0242252 0.0580917 -0.00835184 0.99995 0.00553613 -0.0794615 0.024271 -0.00533198 0.999691 -0.480208 0 0 0 1 
38591597440171;0.339075;0.00712852;0.962263 -0.253069 0.100027 0.46868 0.254922 0.966943 -0.00598508 0.0734329 -0.0952059 0.0312584 0.994967 0.670078 0 0 0 1 
38591597440172;0.374586;0.00730783;0.976606 -0.0868716 -0.196708 1.05815 0.0504214 0.981773 -0.183249 0.109159 0.209041 0.169043 0.963185 -0.0306831 0 0 0 1 
38591597440173;0.118391;0.00725787;0.997722 0.0276223 0.0615379 -0.309284 -0.0253257 0.998965 -0.0377928 0.0318103 -0.0625181 0.0361482 0.997389 0.175498 0 0 0 1 
38591597440174;0.158802;0.00818265;0.993141 -0.0369465 0.110928 -0.123151 0.014136 0.979743 0.199761 -0.0851375 -0.116061 -0.196823 0.973545 0.204163 0 0 0 1 
38591597440175;0.263758;0.00791391;0.963052 0.184038 0.196624 -0.554606 -0.199204 0.978108 0.0601888 0.0937354 -0.181243 -0.0971332 0.97863 0.362894 0 0 0 1 
38591597440176;0.174741;0.00551493;0.998635 -0.0513509 0.00950489 0.0592457 0.048899 0.983349 0.175023 -0.34491 -0.0183342 -0.174319 0.984518 0.146676 0 0 0 1 
38591597440177;0.253101;0.00732535;0.992363 0.121067 0.0236151 -0.611373 -0.120381 0.992316 -0.0285972 -0.313732 -0.0268958 0.025536 0.999312 -0.198641 0 0 0 1 
38591597440178;0.247175;0.0103812;0.996546 0.0776234 0.0295126 -0.363594 -0.0760719 0.995823 -0.0504893 -0.540007 -0.0333085 0.0480698 0.998288 -0.162775 0 0 0 1 
38591597440179;0.388374;0.360988;0.998734 -0.0474537 0.0167076 -0.029745 0.0480901 0.998042 -0.0400022 -0.0162182 -0.0147767 0.040755 0.99906 0.0622944 0 0 0 1 
38591597440180;0.287474;0.00676307;0.906103 0.289772 -0.308238 -0.0402412 -0.274558 0.957096 0.0926596 0.234397 0.321863 0.000670145 0.946786 -0.339189 0 0 0 1 
38591597440181;0.269146;0.0069242;0.998836 -0.0343218 0.0338952 0.228938 0.0309386 0.994926 0.095737 -0.729509 -0.037009 -0.0945769 0.994829 -0.134112 0 0 0 1 
38591597440182;0.36237;0.0108987;0.952363 0.279136 0.12283 -0.748157 -0.294878 0.945602 0.137416 0.106633 -0.0777903 -0.167089 0.982868 -0.157162 0 0 0 1 
38591597440183;0.418551;0.191084;0.987349 -0.157703 -0.0165045 0.528659 0.152982 0.97479 -0.162423 -0.30856 0.0417031 0.157843 0.986583 -0.137893 0 0 0 1 
38591597440184;0.369769;0.00817854;0.999576 -0.0225804 0.0183707 -0.805289 0.0250786 0.988422 -0.149646 -0.0492101 -0.0147789 0.150044 0.988569 -0.698708 0 0 0 1 
38591597440186;0.226268;0.0457113;0.999938 -0.00878009 0.00689698 -0.110969 0.00870232 0.999899 0.0112267 -0.279554 -0.00699486 -0.011166 0.999913 0.0703488 0 0 0 1 
38591597440187;0.539163;0.228087;0.988724 -0.12176 0.0871691 0.289978 0.119848 0.992429 0.0268609 -0.666094 -0.0897797 -0.0161109 0.995831 0.73916 0 0 0 1 
38591597440188;0.243538;0.156625;0.986985 0.0877014 0.134793 -0.361015 -0.109728 0.980035 0.165804 0.199103 -0.117561 -0.178437 0.976903 0.413244 0 0 0 1 
38591597440189;0.327282;0.0374639;0.998711 -0.0182688 -0.0473582 0.14944 0.0209383 0.998183 0.0564982 -0.140787 0.04624 -0.057417 0.997279 -0.568659 0 0 0 1 
38591597440190;0.477387;0.0311961;0.943855 0.109621 0.311642 -0.11137 -0.187693 0.954241 0.2328 0.436643 -0.271862 -0.278223 0.92124 1.40326 0 0 0 1 
38591597440191;0.452785;0.231631;0.988039 0.0300248 0.151253 0.0337039 -0.0837979 0.927937 0.363196 0.025616 -0.129448 -0.371526 0.919354 1.25645 0 0 0 1 
38591597440192;0.627235;0.404706;0.999471 -0.0281132 0.0163402 0.169922 0.026741 0.996526 0.0788669 -0.448726 -0.0185006 -0.0783882 0.996751 0.705415 0 0 0 1 
38591597440193;0.3706;0.0477009;0.999867 0.00398757 0.0158326 -0.131053 -0.00167428 0.989647 -0.143516 0.198819 -0.0162409 0.14347 0.989521 -0.476598 0 0 0 1 
38591597440194;0.358294;0.0452947;0.982844 0.151437 0.105285 0.264858 -0.152812 0.988242 0.00506936 0.116456 -0.10328 -0.0210712 0.994429 0.166792 0 0 0 1 
38591597440195;0.380792;0.0297101;0.933602 0.294885 -0.203543 0.0270654 -0.296392 0.954771 0.0237582 0.804791 0.201343 0.0381477 0.978778 -0.278885 0 0 0 1 
38591597440196;0.614704;0.571755;0.995773 -0.0711193 -0.0581249 -0.0744404 0.0801853 0.981744 0.172481 -0.257599 0.044797 -0.176413 0.983296 0.385797 0 0 0 1 
38591597440197;0.540834;0.177294;0.976715 0.193152 -0.0933781 0.392733 -0.196456 0.980127 -0.027502 0.59012 0.0862103 0.0452063 0.995251 -0.007344 0 0 0 1 
38591597440198;0.653732;0.0358279;0.973577 0.227406 -0.0208304 0.0423514 -0.224686 0.937635 -0.265249 0.308524 -0.0407879 0.262921 0.963955 0.539353 0 0 0 1 
38591597440199;0.0659977;0.0352405;0.999569 -0.0224124 0.0189445 -0.0568349 0.0225388 0.999725 -0.00648516 -0.0678131 -0.018794 0.00690935 0.9998 0.0235898 0 0 0 1 
38591597440200;0.599375;0.0443745;0.998288 0.057161 -0.0123627 0.540713 -0.0571493 0.998365 0.0013026 0.727952 0.0124169 -0.00059385 0.999923 0.120041 0 0 0 1 
38591597440201;0.617035;0.0325724;0.99524 0.0553122 0.0802404 0.394501 -0.0348785 0.970956 -0.236704 0.198464 -0.0910024 0.232778 0.968263 -0.516236 0 0 0 1 
38591597440202;0.728849;0.107183;0.911498 -0.0370585 -0.409632 0.619178 0.146132 0.960133 0.238307 -0.794107 0.38447 -0.277077 0.880574 -0.0551699 0 0 0 1 
38591597440203;0.628996;0.03436;0.959437 0.280753 -0.0256775 0.715615 -0.27975 0.95937 0.0367455 0.896455 0.0349506 -0.0280717 0.998995 0.119651 0 0 0 1 
38591597440204;0.361491;0.310456;0.997077 -0.075601 -0.0110821 0.160947 0.0760167 0.996146 0.0437452 -0.358168 0.00773221 -0.0444598 0.998981 0.29159 0 0 0 1 
38591597440205;0.426394;0.0461819;0.979803 0.146218 0.136407 -0.399733 -0.172711 0.9626 0.208738 0.257648 -0.100784 -0.228081 0.968412 0.730399 0 0 0 1 
38591597440206;0.39785;0.0345368;0.982069 0.0970652 0.16161 -0.00964402 -0.150067 0.921376 0.358534 0.268421 -0.114103 -0.376358 0.919421 0.84478 0 0 0 1 
38591597440207;0.654746;0.042976;0.987596 0.150386 0.0451449 -0.575844 -0.152824 0.986635 0.0565304 -0.216988 -0.0360401 -0.0627285 0.99738 0.471849 0 0 0 1 
38591597440208;0.405729;0.0489777;0.962811 -0.0313615 0.268351 -0.150361 -0.0243912 0.979095 0.201937 -0.45146 -0.269074 -0.200972 0.941918 0.62208 0 0 0 1 
38591597440209;0.302589;0.217179;0.976189 0.216566 -0.012422 -0.387322 -0.216071 0.975831 0.0326796 0.430113 0.0191991 -0.0292174 0.999389 -0.00563871 0 0 0 1 
38591597440210;0.290612;0.0300383;0.995749 0.0902485 -0.0184386 -0.123567 -0.0921048 0.972864 -0.212254 0.420719 -0.00121738 0.21305 0.977041 0.0788176 0 0 0 1 
38591597440211;0.669792;0.0345121;0.982443 0.147769 0.11389 -0.282905 -0.162298 0.977994 0.131103 -0.437503 -0.0920109 -0.147285 0.984805 0.572255 0 0 0 1 
38591597440212;0.674895;0.0391356;0.92273 0.104298 0.371069 0.705612 -0.224676 0.927772 0.297925 0.612869 -0.313194 -0.358275 0.879516 1.17326 0 0 0 1 
38591597440213;0.74739;0.0479553;0.990049 0.0637014 -0.125481 0.0918876 -0.0330772 0.972038 0.232482 -0.995703 0.136782 -0.226018 0.964472 -0.00579555 0 0 0 1 
38591597440214;0.177349;0.0354921;0.999828 -0.00246178 -0.0183609 0.0617049 -0.000897131 0.983534 -0.180721 0.00216973 0.0185035 0.180707 0.983363 -0.246309 0 0 0 1 
38591597440215;0.720627;0.0439381;0.99225 0.0610357 -0.108232 -0.0219981 -0.0684778 0.995439 -0.0664301 0.537184 0.103684 0.0733268 0.991904 -1.29081 0 0 0 1 
38591597440217;0.284412;0.0208222;0.999895 -0.0144334 -0.00132381 0.22154 0.0144465 0.999841 0.0104585 0.0621514 0.00117264 -0.0104765 0.999944 0.612098 0 0 0 1 
38591597440218;0.175507;0.0144302;0.981141 0.190365 -0.0335267 -0.158584 -0.191594 0.980727 -0.0382867 0.266532 0.0255921 0.0439881 0.998704 -0.0359457 0 0 0 1 
38591597440219;0.263573;0.0190631;0.983465 0.181043 0.00449769 -0.173364 -0.181033 0.983473 -0.00272584 0.367381 -0.00491686 0.00186653 0.999986 0.402257 0 0 0 1 
38591597440220;0.260161;0.0254724;0.998738 0.0342357 -0.0367379 0.0375735 -0.0331359 0.998996 0.0301376 0.519194 0.0377328 -0.0288822 0.99887 0.218564 0 0 0 1 
38591597440221;0.443483;0.0298109;0.99406 -0.0906717 -0.0601987 0.916657 0.100718 0.975993 0.193115 0.0825817 0.0412435 -0.198031 0.979328 0.377737 0 0 0 1 
38591597440222;0.400675;0.0241159;0.995472 0.090715 0.0284077 -0.244942 -0.0914135 0.995516 0.0243363 0.324565 -0.0260727 -0.026823 0.9993 -0.822282 0 0 0 1 
38591597440223;0.500048;0.381739;0.994024 0.0925675 0.0578496 -0.452322 -0.0964576 0.992976 0.0685224 -0.0752511 -0.0511003 -0.073693 0.995971 0.428672 0 0 0 1 
38591597440224;0.319063;0.024681;0.999631 0.0247488 -0.0111743 0.151532 -0.0247468 0.999694 0.000312996 0.153925 0.0111787 -3.63509e-05 0.999938 -0.742575 0 0 0 1 
38591597440225;0.246702;0.0332052;0.986392 -0.100399 0.130199 0.114661 0.0772275 0.982032 0.172187 0.127523 -0.145147 -0.159789 0.976422 -0.0597412 0 0 0 1 
38591597440226;0.422905;0.165049;0.914619 0.312353 0.256724 -0.553508 -0.27205 0.945157 -0.180741 0.267718 -0.299099 0.0954672 0.949434 0.296033 0 0 0 1 
38591597440227;0.114525;0.0254415;0.99871 0.00314627 0.0506791 -0.0893294 -0.00773409 0.995859 0.0905871 -0.277117 -0.0501842 -0.0908622 0.994598 0.0284093 0 0 0 1 
38591597440228;0.227089;0.0250427;0.963693 -0.264009 0.0399411 0.112448 0.265626 0.963128 -0.0427375 -0.140815 -0.0271853 0.0517952 0.998288 0.0652433 0 0 0 1 
38591597440229;0.366377;0.0257545;0.961979 0.27104 0.0336671 -0.545986 -0.268986 0.961556 -0.0552856 0.604242 -0.0473574 0.0441277 0.997903 -0.220227 0 0 0 1 
38591597440230;0.40791;0.0166768;0.999875 0.00762525 0.0138721 -0.0639667 -0.00861058 0.997337 0.0724154 -0.0399999 -0.013283 -0.0725257 0.997278 0.997175 0 0 0 1 
38591597440231;0.122929;0.0197206;0.997456 0.0617448 -0.0356134 0.0829194 -0.0582883 0.994138 0.0910572 -0.210629 0.041027 -0.0887498 0.995209 0.0543714 0 0 0 1 
38591597440232;0.235296;0.0242853;0.96505 -0.259981 0.0329991 0.27759 0.259558 0.965585 0.0165741 -0.28974 -0.0361724 -0.00742968 0.999318 -0.0269398 0 0 0 1 
38591597440233;0.450082;0.0260211;0.910169 -0.00473801 -0.41421 0.634483 0.118733 0.960962 0.249907 -0.425031 0.396856 -0.276638 0.875201 -0.403477 0 0 0 1 
38591597440234;0.442338;0.307937;0.985054 -0.138146 -0.102877 0.292352 0.12821 0.986928 -0.0976515 -0.0588882 0.115023 0.0830021 0.989889 -0.267113 0 0 0 1 
38591597440235;0.600621;0.154859;0.933049 0.359064 -0.0222185 -0.636693 -0.357858 0.932695 0.044917 0.725449 0.0368512 -0.0339587 0.998744 0.559631 0 0 0 1 
38591597440236;0.098733;0.0203546;0.996092 0.059469 -0.0652943 0.142952 -0.0590513 0.99822 0.00831031 0.0151408 0.0656723 -0.00442213 0.997831 -0.151164 0 0 0 1 
38591597440237;0.391996;0.0283249;0.992875 -0.117034 -0.022401 0.486721 0.118439 0.989911 0.0777725 0.287593 0.013073 -0.0798716 0.996719 0.597397 0 0 0 1 
38591597440238;0.352561;0.0220357;0.918886 0.217055 0.329448 -0.317391 -0.260677 0.960836 0.0940316 0.123709 -0.296135 -0.172284 0.93948 0.556416 0 0 0 1 
38591597440239;0.273596;0.0212967;0.949064 -0.299927 0.0965447 0.258221 0.302862 0.952883 -0.0169852 -0.305179 -0.0869014 0.0453598 0.995184 -0.0852987 0 0 0 1 
38591597440240;0.59112;0.276579;0.986679 -0.114478 -0.115585 0.482664 0.127559 0.985378 0.112954 -0.545294 0.100965 -0.126194 0.986854 0.555743 0 0 0 1 
38591597440241;0.457943;0.243932;0.993696 0.110346 0.0197855 -0.290366 -0.109084 0.992433 -0.056368 0.193928 -0.0258558 0.0538543 0.998214 -0.663544 0 0 0 1 
38591597440242;0.307705;0.0164752;0.981818 0.187982 0.0263903 0.225442 -0.188318 0.982048 0.0108723 -0.356066 -0.0238727 -0.0156443 0.999593 -0.0149878 0 0 0 1 
38591597440243;0.105317;0.0212607;0.998033 -0.0624048 0.00597964 0.0818278 0.0623723 0.998038 0.00547735 -0.0944717 -0.00630972 -0.00509361 0.999967 -0.183365 0 0 0 1 
38591597440244;0.562292;0.180257;0.967834 -0.182645 -0.173025 0.777149 0.156455 0.97551 -0.154604 0.0265516 0.197025 0.12256 0.972708 -0.954416 0 0 0 1 
38591597440245;0.374359;0.0259642;0.992731 -0.110772 -0.0470629 -0.50331 0.113252 0.99211 0.0537666 0.273568 0.0407357 -0.0587057 0.997444 0.311953 0 0 0 1 
38591597440246;0.451519;0.403741;0.998931 0.0450747 0.0102113 -0.311221 -0.0448275 0.998724 -0.0232622 0.0417228 -0.0112469 0.0227796 0.999677 -0.278707 0 0 0 1 
38591597440248;0.275634;0.191893;0.997755 0.0669279 0.00251966 -0.285749 -0.066889 0.997673 -0.0132342 0.00972412 -0.00339954 0.013036 0.999909 -0.00733552 0 0 0 1 
38591597440249;0.256114;0.0107292;0.958432 -0.181567 -0.220095 0.579575 0.168502 0.982696 -0.0769081 -0.0585087 0.23025 0.0366247 0.972442 -0.373456 0 0 0 1 
38591597440250;0.238063;0.00785839;0.921808 -0.0151001 -0.387352 0.244211 -0.0414646 0.989667 -0.137257 0.315056 0.385422 0.142586 0.911657 -0.500382 0 0 0 1 
38591597440251;0.292932;0.00878654;0.999975 0.000800149 0.00707967 -0.0443918 -0.000844698 0.99998 0.00629182 -0.0224795 -0.00707449 -0.00629764 0.999955 0.867818 0 0 0 1 
38591597440252;0.40515;0.00903426;0.995013 -0.000606232 0.0997453 -0.21082 0.0492319 0.872677 -0.48581 0.50323 -0.0867508 0.488298 0.868354 -0.316351 0 0 0 1 
38591597440253;0.264249;0.00845339;0.99968 -0.016619 0.0190627 -0.663329 0.0163651 0.999776 0.0133992 0.0183665 -0.0192811 -0.013083 0.999729 -0.306321 0 0 0 1 
38591597440254;0.377732;0.0233975;0.912229 -0.380303 0.152339 0.558715 0.340328 0.910472 0.234985 -0.544547 -0.228066 -0.162515 0.959987 0.246689 0 0 0 1 
38591597440255;0.159826;0.00672274;0.976706 0.0817955 0.198381 0.108103 -0.0693403 0.995207 -0.0689502 0.113195 -0.20307 0.0535883 0.977697 0.37519 0 0 0 1 
38591597440256;0.0516293;0.00593997;0.999081 0.0295449 0.0310548 -0.0707797 -0.0287331 0.999242 -0.0262717 0.137978 -0.0318075 0.0253552 0.999172 0.041558 0 0 0 1 
38591597440257;0.294004;0.00834588;0.986678 -0.12432 -0.104932 0.124982 0.116144 0.989945 -0.0807486 0.500871 0.113916 0.0674856 0.991196 0.276288 0 0 0 1 
