#;prob_registration_l1 -r /home/probabilistic_point_clouds_registration/build/tester /home/point_clouds_registration_benchmark//devel/registration_pairs/hauptgebaude_local.txt /home/point_clouds_registration_benchmark//eth/hauptgebaude -s 0.2 -t 0.2 -p 0.3 -r 1000 -m 15 -i 40 
id;initial_error;final_error;transformation
3394309160000;0.248226;0.0156123;0.999323 -0.00249784 0.0367113 0.527797 0.00103315 0.999205 0.0398625 -0.0401303 -0.0367817 -0.0397976 0.998531 -0.0306962 0 0 0 1 
3394309160001;0.28369;0.00733919;0.99294 0.115517 -0.0269407 -0.401945 -0.113769 0.991737 0.0592857 0.853065 0.0335666 -0.0558021 0.997877 -0.648034 0 0 0 1 
3394309160002;0.278932;0.0388599;0.980337 -0.00792382 0.197169 -0.190415 0.00663964 0.999952 0.00717332 -0.0781786 -0.197217 -0.00572314 0.980343 0.616062 0 0 0 1 
3394309160003;0.0682056;0.0175261;0.995452 -0.0911452 0.02772 0.0547701 0.0916029 0.995672 -0.0157125 -0.593254 -0.0261679 0.0181803 0.999492 0.18871 0 0 0 1 
3394309160004;0.286924;0.0126038;0.999045 0.0395172 -0.0186244 0.551156 -0.0393447 0.99918 0.00953916 0.733988 0.0189861 -0.00879728 0.999781 -0.291404 0 0 0 1 
3394309160005;0.492031;0.400295;0.995138 0.0905425 -0.0387676 -0.0777722 -0.0898326 0.995762 0.0196817 0.892652 0.0403854 -0.0161034 0.999054 -0.617738 0 0 0 1 
3394309160006;0.393899;0.00752545;0.988068 0.0244818 0.152059 -0.232343 -0.0254652 0.999665 0.00452257 0.54506 -0.151897 -0.00834081 0.988361 1.89844 0 0 0 1 
3394309160007;0.411602;0.00944839;0.885461 -0.336821 0.320173 0.379873 0.343513 0.938411 0.0371968 -2.07889 -0.312982 0.0770473 0.946629 1.40185 0 0 0 1 
3394309160008;0.42721;0.451798;0.955505 -0.292802 -0.0357493 1.65517 0.293393 0.95591 0.0124859 -1.93856 0.0305172 -0.022419 0.999283 0.741412 0 0 0 1 
3394309160009;0.395375;0.0133727;0.978121 -0.2005 -0.0554937 0.438237 0.19509 0.976644 -0.0900348 -1.46853 0.0722496 0.0772387 0.994391 0.409541 0 0 0 1 
3394309160010;0.216746;0.0103155;0.991709 -0.00553158 -0.128388 -0.0972411 -0.0167957 0.984924 -0.17217 0.492237 0.127405 0.172899 0.976665 -0.58011 0 0 0 1 
3394309160011;0.228138;0.830957;0.950679 -0.21781 -0.220837 2.62886 0.240252 0.967399 0.0801176 -1.72046 0.196187 -0.129223 0.972015 -1.0889 0 0 0 1 
3394309160012;0.324315;0.851183;0.944905 -0.325678 -0.0330009 1.95942 0.326748 0.932285 0.155178 -2.31881 -0.0197718 -0.157411 0.987335 -0.138871 0 0 0 1 
3394309160013;0.268523;0.221887;0.997639 0.0588873 -0.0353505 0.0648632 -0.0590429 0.99825 -0.00337469 0.114207 0.0350899 0.00545391 0.999369 -0.484454 0 0 0 1 
3394309160014;0.217364;0.00679748;0.999768 0.0189896 0.0101998 0.0028719 -0.0206818 0.978414 0.205616 -0.310459 -0.00607509 -0.205779 0.97858 0.277003 0 0 0 1 
3394309160015;0.198549;0.0482807;0.97759 0.105717 0.182049 -0.366397 -0.100531 0.994227 -0.0375096 0.719667 -0.184963 0.0183675 0.982574 1.2806 0 0 0 1 
3394309160016;0.362241;0.0360207;0.900674 -0.22425 0.372153 0.403803 0.221332 0.973856 0.0511577 -1.68098 -0.373896 0.0362932 0.92676 2.99575 0 0 0 1 
3394309160017;0.403444;0.0154632;0.924987 -0.272568 0.264773 -0.478828 0.265558 0.962057 0.062651 -1.2625 -0.271803 0.0123613 0.962273 1.79787 0 0 0 1 
3394309160018;0.415951;0.0281718;0.959078 0.267667 0.0923289 -0.681651 -0.271992 0.96156 0.0377318 1.94796 -0.0786802 -0.0613005 0.995013 0.386468 0 0 0 1 
3394309160019;0.389264;0.0379323;0.967485 0.252552 -0.013774 -0.0077988 -0.252534 0.967583 0.00304182 1.30903 0.0140957 0.000535476 0.999901 -0.863184 0 0 0 1 
3394309160020;0.355901;0.0892578;0.948421 -0.156463 -0.275711 0.800056 0.090185 0.966945 -0.238502 -0.331108 0.303914 0.201336 0.931182 -1.57947 0 0 0 1 
3394309160021;0.307009;0.00992671;0.991409 -0.118944 -0.0544046 0.645173 0.128233 0.965847 0.225157 -1.12451 0.0257655 -0.230199 0.972802 -0.3057 0 0 0 1 
3394309160022;0.159878;0.0115921;0.979393 -0.034955 0.198914 -0.2666 0.0507327 0.995908 -0.0747827 -0.249874 -0.195486 0.0833331 0.97716 1.27523 0 0 0 1 
3394309160023;0.179015;0.0118888;0.995369 -0.0428314 0.0860602 -0.174495 0.0448314 0.998764 -0.021442 -0.32167 -0.0850354 0.0252009 0.996059 0.143258 0 0 0 1 
3394309160024;0.448507;0.357699;0.977688 -0.197237 0.0722707 0.850205 0.196114 0.980325 0.0223853 -0.966096 -0.075264 -0.00771253 0.997134 1.32317 0 0 0 1 
3394309160025;0.259237;0.0119355;0.986841 0.161631 -0.00443989 -0.099234 -0.161289 0.985948 0.0435102 1.04905 0.0114101 -0.0422216 0.999043 -0.603585 0 0 0 1 
3394309160026;0.300277;0.188833;0.995028 0.0806701 0.0584149 -0.135167 -0.0772209 0.995262 -0.0590779 -0.0391566 -0.062904 0.0542733 0.996543 0.695904 0 0 0 1 
3394309160027;0.421694;0.522616;0.958765 -0.220514 -0.179286 1.75221 0.256153 0.943764 0.209036 -2.53271 0.123109 -0.246341 0.961333 -0.273682 0 0 0 1 
3394309160028;0.443835;0.0534527;0.936784 0.0952582 0.336693 -0.229009 0.00651348 0.957316 -0.288969 0.77258 -0.349849 0.272895 0.896178 2.0397 0 0 0 1 
3394309160029;0.512116;0.328268;0.998117 -0.0181581 0.0585961 0.218028 0.0200552 0.999288 -0.0319513 -0.516937 -0.0579743 0.0330663 0.99777 -0.61804 0 0 0 1 
3394309160031;0.426851;0.194011;0.974701 -0.198595 -0.102559 0.479732 0.209526 0.97161 0.109877 -0.65594 0.0778269 -0.128586 0.98864 -0.683532 0 0 0 1 
3394309160032;0.353703;0.181195;0.95829 -0.271014 -0.0907336 0.2416 0.272907 0.961999 0.00891093 0.320218 0.0848707 -0.0333011 0.995835 -0.0799611 0 0 0 1 
3394309160033;0.139215;0.00948249;0.994046 -0.0266506 -0.105651 0.0384209 0.0216734 0.998613 -0.047982 -0.183851 0.106783 0.0454065 0.993245 0.113395 0 0 0 1 
3394309160034;0.389775;0.0881096;0.94526 0.320399 -0.0618744 -0.264521 -0.316394 0.946292 0.0665257 0.125715 0.079866 -0.0433074 0.995864 -0.603323 0 0 0 1 
3394309160035;0.19696;0.00889257;0.97687 0.17368 -0.12474 0.0769798 -0.18787 0.9757 -0.112758 0.454037 0.102125 0.133585 0.985761 -0.0786074 0 0 0 1 
3394309160036;0.370886;0.164241;0.945053 -0.326884 0.00470074 0.042132 0.318551 0.924004 0.21152 -0.327694 -0.073486 -0.1984 0.977362 0.51254 0 0 0 1 
3394309160037;0.384635;0.00916808;0.912647 -0.250042 0.32335 -0.244499 0.186764 0.958756 0.214257 -0.780579 -0.363587 -0.135151 0.921704 0.0696679 0 0 0 1 
3394309160038;0.368064;0.0482803;0.954441 0.29636 -0.0348344 -0.658655 -0.298339 0.950095 -0.091183 0.554994 0.00607294 0.0974212 0.995225 -0.101471 0 0 0 1 
3394309160039;0.0746977;0.00663807;0.99956 0.00638328 0.0289627 -0.117341 -0.00654856 0.999963 0.00561531 -0.0176096 -0.0289258 -0.00580251 0.999565 -0.121462 0 0 0 1 
3394309160040;0.279481;0.0202895;0.928123 -0.3288 0.174581 0.115591 0.31042 0.942398 0.124603 -0.552458 -0.205495 -0.0614537 0.976727 0.398418 0 0 0 1 
3394309160041;0.389623;0.138444;0.928893 -0.369935 0.0174929 0.70237 0.367904 0.92715 0.0709871 -0.389198 -0.0424792 -0.0595037 0.997324 0.0272911 0 0 0 1 
3394309160042;0.283783;0.296033;0.987107 -0.159025 0.0181996 0.233522 0.159059 0.987269 -0.000387069 -0.106322 -0.0179064 0.00327688 0.999834 -0.252122 0 0 0 1 
3394309160043;0.314339;0.0102199;0.998171 0.0602738 0.00467462 0.196078 -0.0600712 0.980169 0.188837 -0.0540445 0.00680004 -0.188773 0.981997 0.655769 0 0 0 1 
3394309160044;0.531805;0.0728554;0.906273 0.388882 -0.165652 -0.501263 -0.371901 0.919849 0.12477 0.503016 0.200896 -0.0514694 0.97826 0.426399 0 0 0 1 
3394309160045;0.395186;0.380875;0.989943 0.090212 0.108969 -0.238923 -0.0810759 0.993029 -0.085553 -0.0916225 -0.115927 0.0758579 0.990357 0.0728866 0 0 0 1 
3394309160046;0.217132;0.0165638;0.99019 -0.139672 0.00405875 0.176251 0.139623 0.990149 0.0104692 -0.599808 -0.00548102 -0.00979981 0.999937 0.153028 0 0 0 1 
3394309160047;0.371665;0.0074695;0.975953 -0.152714 0.155544 -0.0633377 0.168164 0.981504 -0.0914886 0.0980474 -0.138695 0.115445 0.983583 -0.602655 0 0 0 1 
3394309160048;0.441321;0.117171;0.929773 0.270971 0.249193 -0.557687 -0.221986 0.952677 -0.207676 0.469056 -0.293674 0.137774 0.945925 0.721993 0 0 0 1 
3394309160049;0.529697;0.334297;0.969101 -0.240547 -0.0545845 0.0733411 0.244507 0.966008 0.0839366 -0.722659 0.0325384 -0.0946893 0.994975 -0.0699153 0 0 0 1 
3394309160050;0.242722;0.00540133;0.984422 -0.121395 0.127188 -0.0186719 0.122389 0.992482 3.48743e-06 -0.192218 -0.126233 0.015563 0.991879 0.660271 0 0 0 1 
3394309160051;0.288745;0.0853548;0.993632 -0.0171395 0.111363 -0.141554 0.00518846 0.994274 0.106732 -0.103621 -0.112555 -0.105474 0.988032 0.612938 0 0 0 1 
3394309160052;0.346607;0.0115195;0.995685 0.0914057 0.0160215 0.0760486 -0.0915751 0.995746 0.0101767 0.0135456 -0.0150231 -0.0115999 0.99982 -0.797427 0 0 0 1 
3394309160053;0.177457;0.0115247;0.99286 -0.00432108 0.119205 -0.325955 0.00443547 0.99999 -0.000694332 -0.200114 -0.1192 0.0012181 0.992869 0.398425 0 0 0 1 
3394309160054;0.393365;0.00865669;0.997727 -0.0367405 -0.0564803 0.657152 0.0461344 0.983445 0.175236 -0.6885 0.049107 -0.177443 0.982905 0.42073 0 0 0 1 
3394309160055;0.395101;0.0149583;0.998482 -0.0535438 0.0129274 0.71718 0.0544076 0.995326 -0.0797829 0.197599 -0.00859506 0.0803652 0.996728 -0.551649 0 0 0 1 
3394309160056;0.394726;0.0035791;0.984617 0.174006 0.0158259 -0.590572 -0.174392 0.973116 0.15044 0.453314 0.0107771 -0.150886 0.988492 -0.492546 0 0 0 1 
3394309160057;0.649395;0.0149967;0.929167 0.363629 0.0664958 -0.982994 -0.329783 0.896683 -0.2953 1.36333 -0.167005 0.252454 0.953088 0.505687 0 0 0 1 
3394309160058;0.444142;0.0293323;0.974735 0.223279 0.00611252 -0.387252 -0.222653 0.973455 -0.0530218 0.638931 -0.0177889 0.0503212 0.998575 0.832104 0 0 0 1 
3394309160059;0.406193;0.365075;0.985486 0.00229687 0.169744 0.461787 0.00475656 0.999142 -0.041135 -0.524388 -0.169693 0.0413454 0.984629 0.609536 0 0 0 1 
3394309160060;0.43448;0.288409;0.995774 0.0906899 0.0144728 0.0962896 -0.0874396 0.984425 -0.152516 0.221214 -0.0280791 0.150606 0.988195 -0.438414 0 0 0 1 
3394309160062;0.235158;0.00837215;0.952257 -0.262257 0.156295 0.443605 0.276983 0.957455 -0.0809975 -6.09095 -0.128404 0.120422 0.984384 2.85936 0 0 0 1 
3394309160063;0.42419;0.0263895;0.97609 0.216952 -0.0134275 0.76357 -0.216655 0.97603 0.0206416 4.45884 0.0175839 -0.017239 0.999697 0.584645 0 0 0 1 
3394309160064;0.439802;0.738085;0.904293 0.380337 0.193901 -0.161402 -0.386791 0.922154 -0.00493152 8.60192 -0.180682 -0.0705396 0.981009 3.73417 0 0 0 1 
3394309160065;0.350677;0.0249172;0.987643 0.0846269 0.131906 0.251882 -0.0868942 0.996151 0.0115181 1.32237 -0.130423 -0.0228376 0.991195 2.15647 0 0 0 1 
3394309160066;0.242534;0.0138603;0.999281 0.013848 -0.0353021 -0.1699 -0.021079 0.976707 -0.213541 0.243542 0.0315227 0.214132 0.976296 -0.168869 0 0 0 1 
3394309160067;0.392633;0.254615;0.994614 0.103651 0.00039714 -0.150447 -0.103208 0.990702 -0.088648 2.47344 -0.00958192 0.0881295 0.996063 0.0907228 0 0 0 1 
3394309160068;0.328762;0.018037;0.988878 0.147673 0.0177116 0.229781 -0.14873 0.9824 0.113003 3.72559 -0.000712381 -0.11438 0.993437 -0.470022 0 0 0 1 
3394309160069;0.0998438;0.0239945;0.999778 0.0190983 -0.0088453 0.213754 -0.0191148 0.999816 -0.00177794 0.437419 0.00880972 0.00194663 0.999959 -0.279941 0 0 0 1 
3394309160070;0.429464;0.0985986;0.923629 0.296584 0.24279 1.14882 -0.347359 0.915466 0.203133 7.49159 -0.16202 -0.271955 0.948573 3.6744 0 0 0 1 
3394309160071;0.0989399;0.0252321;0.99842 0.0550407 -0.0113133 0.0386187 -0.0549844 0.998474 0.00523111 1.1728 0.011584 -0.00460079 0.999922 -0.454407 0 0 0 1 
3394309160072;0.334886;0.0248077;0.939108 -0.343175 -0.0175313 1.11413 0.339374 0.918291 0.203878 -7.86026 -0.0538669 -0.197413 0.978839 0.731166 0 0 0 1 
3394309160073;0.372916;0.00971274;0.989701 -0.143148 9.26488e-06 0.8377 0.143148 0.9897 0.00163384 -3.22896 -0.00024305 -0.00161568 0.999999 0.361637 0 0 0 1 
3394309160074;0.236373;0.00808788;0.983492 -0.176268 -0.0409143 0.308707 0.17877 0.98148 0.0688276 -4.05368 0.0280245 -0.0750056 0.996789 -1.10982 0 0 0 1 
3394309160075;0.259352;0.0145604;0.979141 0.0775056 -0.187818 0.727919 -0.124832 0.95882 -0.255112 2.98094 0.160311 0.273236 0.948495 -3.24245 0 0 0 1 
3394309160076;0.21267;0.0214429;0.974332 0.174195 0.142593 0.439072 -0.160601 0.981742 -0.101936 3.78128 -0.157746 0.0764186 0.984518 3.64567 0 0 0 1 
3394309160077;0.259302;0.0192579;0.989273 0.139268 -0.0440915 0.24029 -0.144498 0.977233 -0.155356 3.24089 0.0214514 0.160061 0.986874 0.273634 0 0 0 1 
3394309160078;0.466153;0.189769;0.957737 -0.227853 0.175565 0.479016 0.250224 0.960993 -0.117812 -5.32752 -0.141873 0.156763 0.977393 3.9853 0 0 0 1 
3394309160079;0.423773;0.0133813;0.96752 -0.160485 0.195319 -0.341476 0.184303 0.976639 -0.110494 -3.85879 -0.173024 0.142903 0.974496 3.25633 0 0 0 1 
3394309160080;0.255153;0.0284808;0.992684 0.00962269 0.120359 0.0616582 0.00833073 0.988985 -0.147779 0.0111057 -0.120455 0.1477 0.98167 2.31854 0 0 0 1 
3394309160081;0.296072;0.0181752;0.997438 -0.0650825 0.0297041 0.306949 0.0651868 0.99787 -0.00255556 -0.803408 -0.0294745 0.00448533 0.999555 0.556876 0 0 0 1 
3394309160082;0.355531;0.251052;0.979359 -0.179184 -0.0935352 0.841407 0.174771 0.983155 -0.0534851 -4.18169 0.101543 0.0360339 0.994178 -2.18861 0 0 0 1 
3394309160083;0.180325;0.00914182;0.997457 -0.0701797 -0.0124509 -0.0474389 0.0712658 0.979082 0.190579 -1.93499 -0.00118431 -0.190982 0.981593 -0.0620077 0 0 0 1 
3394309160084;0.188147;0.00782266;0.997788 -0.026123 -0.061129 -0.108039 0.0250149 0.99951 -0.0188232 -0.343742 0.0615907 0.0172525 0.997952 -1.67793 0 0 0 1 
3394309160085;0.149775;0.0148627;0.997316 0.0131705 0.0720177 -0.116925 -0.0247831 0.986344 0.162821 0.225053 -0.0688898 -0.164169 0.984024 1.31916 0 0 0 1 
3394309160086;0.360181;0.0062799;0.976332 0.0333507 -0.213688 1.30415 -0.0508126 0.995755 -0.0767513 1.26587 0.210221 0.0857928 0.973882 -3.70785 0 0 0 1 
3394309160087;0.069233;0.00378843;0.996501 -0.0810984 -0.0201953 0.0346636 0.0813682 0.9966 0.0129169 -1.79615 0.0190791 -0.014515 0.999713 -0.426987 0 0 0 1 
3394309160088;0.334175;0.00506873;0.958057 -0.24362 0.150915 -0.260671 0.220988 0.96333 0.152184 -5.01075 -0.182456 -0.11245 0.976762 3.56393 0 0 0 1 
3394309160089;0.384231;0.0087607;0.968158 -0.21629 0.126054 0.0833553 0.20464 0.973802 0.0991572 -4.91789 -0.144198 -0.0702041 0.987055 2.28391 0 0 0 1 
3394309160090;0.357505;0.0295622;0.949101 -0.291561 0.119159 0.784407 0.308468 0.9369 -0.164519 -6.18274 -0.0636728 0.192902 0.97915 1.93469 0 0 0 1 
3394309160091;0.460987;0.0304059;0.971602 0.230585 0.0531008 0.348691 -0.232699 0.971815 0.0377676 4.09439 -0.0428955 -0.0490516 0.997875 0.462595 0 0 0 1 
3394309160093;0.186714;0.0270819;0.981772 -0.074008 -0.17506 0.494683 0.078839 0.99667 0.0207949 -1.3847 0.172938 -0.0342174 0.984338 -3.42416 0 0 0 1 
3394309160094;0.310812;0.0392126;0.986302 -0.127063 0.105182 0.353131 0.127601 0.991824 0.00162256 -1.69181 -0.104528 0.011821 0.994452 1.97202 0 0 0 1 
3394309160095;0.222858;0.0321162;0.99877 -0.0329344 -0.0370554 0.23259 0.0322867 0.999318 -0.0179431 -0.679132 0.0376211 0.0167246 0.999152 -0.155256 0 0 0 1 
3394309160096;0.38163;0.0259144;0.996081 -0.0727888 -0.050252 0.274706 0.0778386 0.991188 0.107183 -1.71108 0.0420075 -0.110675 0.992969 0.0145398 0 0 0 1 
3394309160097;0.257713;0.0325207;0.999814 0.00969418 -0.0167001 -0.0932088 -0.00952533 0.999903 0.0101607 0.174786 0.016797 -0.00999977 0.999809 0.381827 0 0 0 1 
3394309160098;0.436886;0.292294;0.991279 0.130297 0.0197249 -0.273839 -0.128043 0.987706 -0.0896724 2.26004 -0.0311664 0.0863648 0.995776 0.491518 0 0 0 1 
3394309160099;0.352112;0.0467821;0.990993 0.0991277 0.0900379 0.594363 -0.0811775 0.979414 -0.184819 2.01033 -0.106505 0.175846 0.978639 1.73305 0 0 0 1 
3394309160100;0.383134;0.0252154;0.996611 -0.0169167 -0.0804992 0.32666 0.0222438 0.997588 0.065746 -0.364308 0.0791929 -0.0673138 0.994584 -0.529399 0 0 0 1 
3394309160101;0.349174;0.0374847;0.999806 0.0085582 0.0177421 0.0154486 -0.00445711 0.975616 -0.219437 0.772706 -0.0191875 0.219316 0.975465 1.35829 0 0 0 1 
3394309160102;0.328612;0.0339371;0.989429 0.100465 -0.104581 0.30103 -0.0876411 0.98881 0.120726 1.51952 0.115539 -0.110284 0.987162 -1.40141 0 0 0 1 
3394309160103;0.353684;0.0343324;0.997629 -0.00485605 0.0686437 -0.863297 0.00128349 0.998647 0.0519935 -0.183072 -0.0688033 -0.0517822 0.996285 1.71713 0 0 0 1 
3394309160104;0.220681;0.0324576;0.980257 -0.13973 0.139902 -0.349121 0.134677 0.989867 0.0450029 -2.09401 -0.144773 -0.0252728 0.989142 2.53093 0 0 0 1 
3394309160105;0.408456;0.489077;0.92993 0.357681 0.0854066 0.164997 -0.364125 0.928088 0.0778833 6.77152 -0.0514074 -0.103525 0.993297 1.4379 0 0 0 1 
3394309160106;0.441483;0.0235044;0.896084 -0.418653 0.14752 1.48005 0.370341 0.888339 0.271481 -7.21818 -0.244704 -0.188637 0.951071 4.66633 0 0 0 1 
3394309160107;0.532391;0.0256335;0.916976 -0.369 -0.151636 2.06164 0.353608 0.927754 -0.119304 -6.27268 0.184704 0.0557791 0.98121 -3.7822 0 0 0 1 
3394309160108;0.223867;0.0320428;0.999926 0.0121763 -1.97183e-05 -0.157566 -0.0121758 0.999902 0.00684793 0.145944 0.000103099 -0.00684718 0.999977 0.574457 0 0 0 1 
3394309160109;0.0784344;0.0241911;0.995107 -0.0987775 -0.00241655 -0.0731179 0.0988059 0.994914 0.0195684 -1.8234 0.000471343 -0.0197114 0.999806 -0.036363 0 0 0 1 
3394309160110;0.305364;0.0416957;0.985736 -0.158815 0.0556988 -0.354452 0.16649 0.968586 -0.184724 -2.86249 -0.0246121 0.191362 0.981211 1.36703 0 0 0 1 
3394309160111;0.289575;0.870125;0.948152 0.247575 0.199284 -0.842326 -0.230948 0.967485 -0.103127 4.33581 -0.218336 0.0517555 0.9745 4.28753 0 0 0 1 
3394309160112;0.386373;0.0242889;0.968553 -0.244388 0.04669 0.144171 0.244041 0.969677 0.0130769 -4.55128 -0.0484701 -0.00127142 0.998824 1.72621 0 0 0 1 
3394309160113;0.347639;0.0419507;0.999175 0.0406171 0.000102986 -0.185889 -0.040617 0.999174 -0.00087185 1.02177 -0.000138313 0.000866947 1 0.888824 0 0 0 1 
3394309160114;0.578959;0.244787;0.981675 0.148071 0.119952 -0.55902 -0.150865 0.988448 0.0145025 1.79831 -0.116419 -0.0323334 0.992674 1.7305 0 0 0 1 
3394309160115;0.373208;0.0457849;0.996298 -0.00736363 0.0856508 -0.387776 0.0150239 0.995906 -0.0891384 -0.124984 -0.0846437 0.0900952 0.99233 0.759235 0 0 0 1 
3394309160116;0.177223;0.0364805;0.999711 -0.0238233 -0.00336106 0.229577 0.0237897 0.99967 -0.00970308 -0.0840595 0.00359111 0.00962031 0.999947 -0.131242 0 0 0 1 
3394309160117;0.448363;0.0290883;0.97938 -0.196779 -0.0457585 0.251547 0.176306 0.943069 -0.282021 -2.49138 0.0986492 0.268138 0.958316 -2.18272 0 0 0 1 
3394309160118;0.307421;0.0808923;0.973276 0.174474 0.149308 0.21572 -0.137812 0.963862 -0.227987 2.96544 -0.18369 0.201318 0.962148 3.3587 0 0 0 1 
3394309160119;0.336676;0.0192582;0.933939 -0.351431 -0.0652242 0.976788 0.352316 0.935878 0.00222392 -6.28534 0.0602604 -0.0250566 0.997868 -0.68908 0 0 0 1 
3394309160120;0.390228;0.0235837;0.881904 -0.439436 0.170711 1.39145 0.454567 0.888631 -0.0608531 -8.03835 -0.124958 0.131266 0.98344 2.79395 0 0 0 1 
3394309160121;0.364275;0.057962;0.936187 -0.106499 0.334979 0.192615 0.176238 0.966773 -0.185178 -2.49722 -0.304128 0.232397 0.92385 5.88857 0 0 0 1 
3394309160122;0.150012;0.0510921;0.981551 0.187331 -0.0382613 0.646354 -0.188323 0.981809 -0.0241887 3.33918 0.033034 0.030948 0.998975 -0.530018 0 0 0 1 
3394309160124;0.265891;0.0127186;0.971548 -0.225406 0.0727125 -0.0795791 0.22752 0.973522 -0.0221258 -5.66248 -0.0657999 0.0380398 0.997107 1.39971 0 0 0 1 
3394309160125;0.0924407;0.0392022;0.991363 0.0264589 0.12845 0.0214607 -0.0346428 0.997481 0.0619025 0.747451 -0.126488 -0.0658177 0.989782 2.8319 0 0 0 1 
3394309160126;0.454214;0.0385387;0.917276 0.301275 -0.260459 3.19892 -0.303504 0.952271 0.0326268 7.5866 0.257858 0.0491228 0.964933 -5.80757 0 0 0 1 
3394309160127;0.391085;0.0891105;0.920744 0.385338 -0.0611977 1.96358 -0.370429 0.912601 0.173039 8.71231 0.122527 -0.136655 0.983012 -3.19356 0 0 0 1 
3394309160128;0.398984;0.149239;0.951698 0.305131 0.0341567 0.726822 -0.296851 0.942832 -0.151484 7.55627 -0.0784265 0.134028 0.987869 1.96988 0 0 0 1 
3394309160129;0.0588853;0.0162684;1 6.92396e-06 0.0008114 -0.0996559 -8.94174e-06 0.999997 0.00248681 -0.0927932 -0.00081138 -0.00248682 0.999997 0.138264 0 0 0 1 
3394309160130;0.354684;0.3886;0.985998 -0.114389 0.121342 0.25715 0.116161 0.993201 -0.00760677 -3.46965 -0.119647 0.0215955 0.992582 2.84922 0 0 0 1 
3394309160131;0.385569;0.222861;0.925492 0.373219 0.0645899 1.60402 -0.374008 0.927425 0.000141044 9.06122 -0.0598496 -0.0242877 0.997912 1.46074 0 0 0 1 
3394309160132;0.356548;0.011077;0.907679 -0.416018 0.0552125 1.72808 0.419644 0.898381 -0.129653 -9.81615 0.00433615 0.140853 0.990021 0.06168 0 0 0 1 
3394309160133;0.361702;0.0194757;0.949996 -0.181588 -0.254033 1.51239 0.248739 0.931877 0.264073 -6.08075 0.188775 -0.314056 0.930448 -4.74826 0 0 0 1 
3394309160134;0.414145;0.0149065;0.977997 -0.206885 0.0268311 1.03632 0.208317 0.975379 -0.0723862 -4.5692 -0.0111949 0.0763829 0.997016 0.350458 0 0 0 1 
3394309160135;0.292331;0.0187133;0.999279 0.00949173 -0.0367707 0.0764155 -0.0060502 0.995685 0.0925991 -0.312593 0.0374909 -0.0923099 0.995024 -1.59631 0 0 0 1 
3394309160136;0.443471;0.0357836;0.96935 0.245373 -0.0123373 0.939884 -0.245206 0.969375 0.0136267 5.98974 0.0153031 -0.0101839 0.999831 -1.21682 0 0 0 1 
3394309160137;0.250953;0.0168551;0.98235 -0.178412 -0.0561908 0.346388 0.183453 0.977591 0.10325 -4.44444 0.0365105 -0.111736 0.993067 -1.3951 0 0 0 1 
3394309160138;0.370395;0.010495;0.928346 -0.263317 -0.262369 1.8184 0.240643 0.963693 -0.115704 -5.20807 0.28331 0.0442768 0.958006 -6.09613 0 0 0 1 
3394309160139;0.0858104;0.0307553;0.997497 0.0704619 -0.00591837 0.0979941 -0.0697915 0.994532 0.0776905 1.46406 0.0113602 -0.077083 0.99696 -0.412181 0 0 0 1 
3394309160140;0.322515;0.00940562;0.904149 -0.0474213 -0.424578 2.97016 0.0500418 0.998735 -0.00498393 -1.22466 0.424277 -0.0167404 0.905378 -10.0186 0 0 0 1 
3394309160141;0.361297;0.12702;0.948037 0.318122 0.00486864 0.870787 -0.318148 0.947766 0.0228139 7.7086 0.00264327 -0.0231774 0.999728 -0.138896 0 0 0 1 
3394309160142;0.193657;0.0494908;0.967559 0.02194 0.25169 0.189801 -0.0322376 0.9988 0.0368635 0.700848 -0.250579 -0.0437815 0.967106 5.95929 0 0 0 1 
3394309160143;0.448915;0.0428129;0.971769 0.235598 -0.0125996 0.0533669 -0.23514 0.971493 0.0301857 5.13201 0.0193521 -0.0263709 0.999465 -0.818522 0 0 0 1 
3394309160144;0.382267;0.00792125;0.928748 -0.335004 -0.158747 0.983215 0.320797 0.940886 -0.108731 -7.94527 0.185789 0.0500584 0.981314 -4.51669 0 0 0 1 
3394309160145;0.390824;0.0245393;0.909289 0.125688 -0.39673 2.85353 -0.215149 0.957998 -0.189608 5.31908 0.356235 0.257765 0.898139 -8.26158 0 0 0 1 
3394309160146;0.519843;0.0333005;0.987069 0.0518511 0.151675 0.142468 -0.0864315 0.96906 0.231198 1.77398 -0.134995 -0.241318 0.961011 4.03339 0 0 0 1 
3394309160147;0.314525;0.0118841;0.955367 -0.187105 -0.228617 0.690633 0.227621 0.95951 0.165918 -5.39716 0.188316 -0.210551 0.959273 -4.31567 0 0 0 1 
3394309160148;0.159477;0.035786;0.996305 0.00734715 0.0855689 0.149581 -0.0160438 0.994717 0.101394 0.0422418 -0.0843719 -0.102392 0.99116 1.82066 0 0 0 1 
3394309160149;0.32406;0.380946;0.998061 -0.0622508 0.000268029 0.352194 0.0622076 0.997188 -0.0417921 -0.7265 0.00233432 0.0417277 0.999126 0.0157193 0 0 0 1 
3394309160150;0.0510986;0.0407487;0.998398 0.0538515 0.0173379 -0.0472537 -0.0539173 0.99854 0.00334657 1.25951 -0.0171324 -0.00427603 0.999844 0.430696 0 0 0 1 
3394309160151;0.610087;0.0140797;0.928419 -0.339469 -0.150996 2.55459 0.325925 0.939249 -0.107628 -7.277 0.178359 0.0507106 0.982658 -3.87759 0 0 0 1 
3394309160152;0.362678;0.0337297;0.923311 0.287405 -0.254744 2.64748 -0.313447 0.947209 -0.0674266 7.49289 0.221917 0.142105 0.964655 -5.30989 0 0 0 1 
3394309160153;0.287468;0.0396999;0.956246 0.28532 -0.0647062 1.24983 -0.264817 0.938131 0.223118 5.79468 0.124363 -0.196221 0.972641 -2.94688 0 0 0 1 
3394309160155;0.447786;0.363612;0.968503 -0.231101 -0.092703 0.525679 0.237571 0.969122 0.0660477 -2.12144 0.0745768 -0.085991 0.993501 -0.640409 0 0 0 1 
3394309160156;0.233355;0.0229583;0.929597 0.069748 -0.361917 1.17028 -0.0598737 0.997465 0.0384418 0.520141 0.363681 -0.014066 0.931417 -3.18643 0 0 0 1 
3394309160157;0.264959;0.0553167;0.975178 0.0371261 0.21829 -0.125258 -0.0860755 0.971867 0.219237 0.346325 -0.204009 -0.232584 0.950939 1.49334 0 0 0 1 
3394309160158;0.276214;0.0291785;0.986196 -0.16109 0.0383064 0.0569676 0.161348 0.98689 -0.00373563 -1.65158 -0.0372024 0.00986473 0.999259 -0.19696 0 0 0 1 
3394309160159;0.327677;0.0472603;0.999418 0.0292584 0.0175425 -0.280057 -0.0303755 0.997276 0.0672144 0.195093 -0.0155281 -0.0677082 0.997584 0.987563 0 0 0 1 
3394309160160;0.133668;0.0545219;0.984832 0.00148603 0.173507 -0.292499 0.00949779 0.998002 -0.0624575 0.0261213 -0.173253 0.063158 0.98285 1.63618 0 0 0 1 
3394309160161;0.30505;0.276273;0.984752 0.16792 -0.0454597 -0.578524 -0.167316 0.98576 0.0168191 1.1119 0.0476366 -0.00895656 0.998825 -0.109872 0 0 0 1 
3394309160162;0.0502853;0.0372311;0.999956 -0.00932433 -0.000809236 0.0180771 0.00932297 0.999955 -0.0016681 -0.14879 0.000824754 0.00166048 0.999998 0.0916641 0 0 0 1 
3394309160163;0.250016;0.0415805;0.994506 -0.0748272 -0.0732016 0.0303022 0.0910786 0.963234 0.252756 -1.27643 0.0515971 -0.258035 0.964757 -0.286511 0 0 0 1 
3394309160164;0.523579;0.884424;0.913017 0.402625 -0.0655197 -2.17986 -0.403842 0.91481 -0.00593311 3.502 0.0575492 0.0318766 0.997834 -0.201815 0 0 0 1 
3394309160165;0.368871;0.340046;0.966615 0.256232 -0.00107139 -0.58287 -0.247947 0.93429 -0.256174 2.46324 -0.064639 0.247887 0.96663 1.35128 0 0 0 1 
3394309160166;0.306131;0.0332611;0.99957 -0.0124896 -0.0265378 0.0636381 0.0124444 0.999921 -0.00186704 -0.116496 0.026559 0.00153599 0.999646 -0.985131 0 0 0 1 
3394309160167;0.598213;0.0205872;0.899036 -0.141725 -0.414306 2.01202 0.215866 0.966657 0.137754 -2.82448 0.380968 -0.21328 0.899653 -2.85363 0 0 0 1 
3394309160168;0.1742;0.0446408;0.999349 0.0355613 -0.00604988 -0.106419 -0.0355538 0.999367 0.00134946 0.310852 0.00609404 -0.00113349 0.999981 0.444474 0 0 0 1 
3394309160169;0.457369;0.022775;0.943081 -0.328921 0.0490888 0.184679 0.327478 0.944202 0.0352272 -3.91039 -0.0579367 -0.0171466 0.998173 1.06951 0 0 0 1 
3394309160170;0.210774;0.043106;0.985677 -0.101855 0.134414 -0.293346 0.123306 0.978997 -0.162359 -0.940043 -0.115054 0.176607 0.977534 0.956158 0 0 0 1 
3394309160171;0.312176;0.0382363;0.979448 -0.198509 0.0357119 0.397588 0.180731 0.942377 0.281534 -2.00302 -0.0895412 -0.269293 0.958887 0.730453 0 0 0 1 
3394309160172;0.347442;0.0333092;0.991543 -0.0555984 -0.117264 0.105778 0.0399939 0.990515 -0.131458 -0.357838 0.123461 0.125656 0.984362 -0.138871 0 0 0 1 
3394309160173;0.513361;0.369934;0.968216 -0.23027 0.0976425 0.609351 0.234604 0.971448 -0.0353589 -2.19696 -0.0867125 0.0571424 0.994593 0.721707 0 0 0 1 
3394309160174;0.158617;0.045878;0.997523 0.0503695 -0.0491041 -0.278896 -0.0559341 0.991262 -0.119464 0.639193 0.0426576 0.121915 0.991623 -0.103385 0 0 0 1 
3394309160175;0.423765;0.0385473;0.986009 -0.0364063 -0.162666 1.0396 0.00116345 0.977337 -0.211685 0.484718 0.166686 0.208534 0.963706 -1.5505 0 0 0 1 
3394309160176;0.19621;0.0539005;0.995806 -0.0395189 0.0825087 -0.022176 0.0361127 0.998449 0.0423763 -0.0895297 -0.0840554 -0.0392189 0.995689 0.438369 0 0 0 1 
3394309160177;0.557777;0.0402803;0.956712 0.177962 -0.230286 0.507045 -0.0778231 0.91888 0.386787 0.294143 0.280439 -0.352122 0.892953 -1.46857 0 0 0 1 
3394309160178;0.217629;0.0555909;0.999975 -0.00709715 -0.000115082 0.25784 0.00709692 0.999973 -0.00189116 -0.339315 0.000128501 0.0018903 0.999998 0.347561 0 0 0 1 
3394309160179;0.268847;0.328687;0.997076 -0.0734994 0.0208988 0.0543781 0.0733297 0.997269 0.0087778 -1.40312 -0.0214869 -0.00721963 0.999743 0.096591 0 0 0 1 
3394309160180;0.363436;0.0527205;0.997307 -0.00503004 0.0731612 -0.150989 0.00945255 0.99814 -0.0602289 0.338939 -0.0727222 0.0607583 0.9955 1.61975 0 0 0 1 
3394309160181;0.481709;0.275551;0.988667 -0.150118 -0.00157062 0.246014 0.150023 0.988316 -0.0269076 -1.89656 0.0055916 0.026367 0.999637 0.667531 0 0 0 1 
3394309160182;0.293983;0.0315435;0.998387 -0.0451643 -0.0344122 -0.0279439 0.0449241 0.998961 -0.00771963 -0.929083 0.0347251 0.00616124 0.999378 0.278698 0 0 0 1 
3394309160183;0.436918;0.0395845;0.972358 -0.233289 0.00977835 0.420126 0.221685 0.935521 0.275058 -2.98716 -0.0733159 -0.265287 0.961378 0.286726 0 0 0 1 
3394309160184;0.141133;0.0339031;0.999844 -0.00998276 -0.0145433 -0.382896 0.00964153 0.999681 -0.0233474 -0.163519 0.0147717 0.0232036 0.999622 0.0831044 0 0 0 1 
3394309160186;0.458534;0.101571;0.942099 0.333013 -0.0394042 1.31286 -0.334387 0.941759 -0.0357247 6.82267 0.0252124 0.0468325 0.998585 -1.12827 0 0 0 1 
3394309160187;0.388653;0.154005;0.925553 -0.378614 0.00186703 1.42245 0.377478 0.922371 -0.0821109 -7.55791 0.0293662 0.0767028 0.996621 -0.265704 0 0 0 1 
3394309160188;0.269366;0.011911;0.986252 -0.165247 0.000278198 0.189933 0.163054 0.973432 0.16076 -3.43284 -0.0268359 -0.158505 0.986993 0.823724 0 0 0 1 
3394309160189;0.483079;0.0505148;0.969182 -0.201742 -0.141374 0.967376 0.1587 0.950245 -0.268044 -2.35346 0.188416 0.237348 0.952977 -3.90359 0 0 0 1 
3394309160190;0.0786131;0.0050933;0.998015 0.0606041 -0.0171462 0.11767 -0.0606845 0.998148 -0.00420438 1.14547 0.0168597 0.00523654 0.999844 -0.455585 0 0 0 1 
3394309160191;0.461554;0.0489939;0.951559 -0.307257 -0.0112966 0.880514 0.307429 0.951368 0.0196474 -6.79393 0.00471045 -0.0221686 0.999743 0.528185 0 0 0 1 
3394309160192;0.432023;0.00638842;0.987714 -0.0284539 -0.153659 1.109 -0.0128103 0.965232 -0.261082 1.06128 0.155745 0.259843 0.953008 -2.42469 0 0 0 1 
3394309160193;0.353577;0.0331478;0.955107 0.296202 -0.00592218 1.33912 -0.296256 0.954781 -0.025027 5.8332 -0.00175867 0.025658 0.999669 -0.531339 0 0 0 1 
3394309160194;0.352735;0.0119025;0.9514 -0.224645 0.21065 0.368913 0.147924 0.933302 0.32721 -3.58787 -0.270106 -0.280147 0.921173 5.06558 0 0 0 1 
3394309160195;0.362433;0.246259;0.98731 0.155737 0.031055 0.327035 -0.155284 0.987732 -0.0165071 2.79397 -0.0332448 0.0114752 0.999381 0.49893 0 0 0 1 
3394309160196;0.182053;0.00782035;0.992901 -0.108001 0.0498384 -0.0330345 0.0992562 0.983199 0.153195 -2.32 -0.0655463 -0.147161 0.986938 0.899506 0 0 0 1 
3394309160197;0.398636;0.0815226;0.934063 0.342048 -0.102617 1.89863 -0.355893 0.91532 -0.188493 7.27023 0.0294539 0.212585 0.976699 0.260207 0 0 0 1 
3394309160198;0.114611;0.0138917;0.991393 -0.130803 -0.00551927 0.0644061 0.130793 0.991407 -0.00211871 -2.66733 0.00574898 0.0013786 0.999983 -0.0476563 0 0 0 1 
3394309160199;0.260161;0.0306403;0.951708 0.306906 0.00775385 1.1563 -0.306397 0.951112 -0.0388036 6.10602 -0.0192838 0.0345539 0.999217 0.455183 0 0 0 1 
3394309160200;0.239388;0.00693715;0.999043 -0.0331794 -0.0284976 -0.000444147 0.0335567 0.999354 0.0128629 -0.741997 0.0280524 -0.0138069 0.999511 0.0668261 0 0 0 1 
3394309160201;0.340496;0.00484056;0.968735 -0.0747973 0.236553 0.603367 0.119786 0.975985 -0.181945 -1.7009 -0.217263 0.204592 0.954431 4.23175 0 0 0 1 
3394309160202;0.373558;0.00756294;0.986112 -0.0828044 0.143969 -0.673388 0.0834096 0.996514 0.00183736 -1.41019 -0.143619 0.0101966 0.98958 2.17578 0 0 0 1 
3394309160203;0.451354;0.135316;0.96198 0.26182 0.0777501 0.739287 -0.22605 0.923016 -0.311357 5.21891 -0.153284 0.281944 0.947107 3.20473 0 0 0 1 
3394309160204;0.469117;0.130401;0.923227 0.384009 -0.013728 1.66529 -0.383908 0.923323 0.00947111 7.70251 0.0163124 -0.00347369 0.999861 -0.824818 0 0 0 1 
3394309160205;0.327235;0.00948031;0.978285 -0.199826 -0.0550321 0.719529 0.20236 0.978273 0.045092 -4.42269 0.0448258 -0.0552491 0.997466 -1.26606 0 0 0 1 
3394309160206;0.165571;0.00776383;0.998368 -0.0114223 -0.0559611 -0.107131 0.00462973 0.992759 -0.120036 0.169289 0.056927 0.119581 0.991191 -0.655189 0 0 0 1 
3394309160207;0.420271;0.00571318;0.97145 0.106363 0.212066 0.463051 -0.116505 0.992542 0.0358819 2.14044 -0.206668 -0.0595643 0.976596 4.97394 0 0 0 1 
3394309160208;0.487381;0.00738771;0.925068 0.307355 -0.223119 1.3303 -0.250482 0.93531 0.249907 4.16509 0.285495 -0.175294 0.942213 -5.29147 0 0 0 1 
3394309160209;0.287731;0.00619085;0.995917 0.0695716 0.0575335 -0.122651 -0.0770064 0.987273 0.139149 1.47138 -0.0471204 -0.143011 0.988599 0.113884 0 0 0 1 
3394309160210;0.372686;0.0508171;0.951728 -0.303731 0.0442818 0.752978 0.306817 0.945517 -0.108911 -5.70096 -0.00878935 0.11724 0.993065 0.937714 0 0 0 1 
3394309160211;0.423056;0.264524;0.994488 -0.0573594 -0.0877686 0.66164 0.0612504 0.997226 0.0422992 -1.40505 0.0850988 -0.0474419 0.995242 -0.973431 0 0 0 1 
3394309160212;0.468609;0.01461;0.960057 -0.278941 0.0219711 1.15885 0.279335 0.960034 -0.0175269 -5.93927 -0.0162041 0.0229642 0.999605 0.939472 0 0 0 1 
3394309160213;0.266849;0.00610615;0.978387 -0.149398 0.142963 -0.312878 0.174866 0.966784 -0.186414 -3.06307 -0.110364 0.207384 0.972014 2.50134 0 0 0 1 
3394309160214;0.475344;0.407814;0.993695 -0.0992001 0.0522421 0.316259 0.101852 0.9935 -0.0508215 -1.99406 -0.046861 0.0558221 0.99734 1.73786 0 0 0 1 
3394309160215;0.281079;0.0483389;0.893709 0.086412 -0.440246 2.65953 -0.0631206 0.995734 0.0673074 1.28293 0.444184 -0.0323646 0.895351 -8.73127 0 0 0 1 
3394309160217;0.276984;0.0114996;1 0.000236749 9.24902e-05 -0.578934 -0.000236868 0.999999 0.00129277 0.363104 -9.21841e-05 -0.00129279 0.999999 0.3533 0 0 0 1 
3394309160218;0.423487;0.484226;0.972968 0.23085 -0.00639211 -0.725273 -0.228826 0.967434 0.108217 2.61638 0.0311659 -0.103829 0.994107 0.0966675 0 0 0 1 
3394309160219;0.217232;0.0443118;0.985462 0.162597 -0.0492662 0.403868 -0.169044 0.967398 -0.188589 2.52961 0.016996 0.194175 0.98082 0.0700582 0 0 0 1 
3394309160220;0.375115;0.0130051;0.921382 0.182606 -0.343089 1.59132 -0.104032 0.966416 0.234984 0.570571 0.374476 -0.180818 0.909435 -5.24 0 0 0 1 
3394309160221;0.326953;0.0479503;0.981058 0.182536 -0.0648545 -0.155319 -0.179249 0.982354 0.0533819 1.95804 0.0734542 -0.0407456 0.996466 -0.410513 0 0 0 1 
3394309160222;0.142051;0.0168215;0.999256 -0.0348876 0.0164193 -0.282574 0.0353508 0.998959 -0.0288191 -0.73025 -0.0153967 0.0293781 0.99945 0.329808 0 0 0 1 
3394309160223;0.261461;0.0496551;0.958772 0.27461 -0.0731138 0.266613 -0.270973 0.960962 0.0559099 3.43625 0.085613 -0.033793 0.995755 -1.19242 0 0 0 1 
3394309160224;0.0854273;0.045959;0.993541 0.112802 -0.0123246 0.0589183 -0.112687 0.993583 0.00967818 1.36569 0.0133372 -0.00822686 0.999877 -0.161957 0 0 0 1 
3394309160225;0.231107;0.0160207;0.999941 0.00428585 -0.00995252 -0.252687 -0.00412606 0.999863 0.0160207 0.576975 0.0100198 -0.0159787 0.999822 0.0710128 0 0 0 1 
3394309160226;0.061528;0.0221495;0.999996 0.0026722 -0.000766062 -0.0536307 -0.002674 0.999994 -0.00235482 0.0762507 0.000759765 0.00235686 0.999997 -0.142257 0 0 0 1 
3394309160227;0.376137;0.51353;0.99054 0.13251 -0.0356704 -0.585409 -0.132138 0.991151 0.0126118 2.17599 0.037026 -0.00777903 0.999284 -0.0815166 0 0 0 1 
3394309160228;0.303595;0.0249926;0.965645 -0.247622 0.0788264 0.256121 0.25959 0.93314 -0.248723 -2.96686 -0.0119667 0.260641 0.965362 0.20428 0 0 0 1 
3394309160229;0.401686;0.0179913;0.930779 -0.315427 0.184817 1.05596 0.319778 0.94747 0.00657181 -3.65845 -0.177181 0.0529835 0.982751 2.4618 0 0 0 1 
3394309160230;0.10387;0.0538177;0.991398 0.126636 -0.0330786 0.0146238 -0.127693 0.991295 -0.0320819 1.66004 0.0287279 0.0360299 0.998938 -0.329374 0 0 0 1 
3394309160231;0.26477;0.0389071;0.926462 -0.226268 0.300785 0.257816 0.190019 0.970991 0.14515 -2.7711 -0.324902 -0.0773212 0.942581 4.24755 0 0 0 1 
3394309160232;0.456423;0.0332215;0.869761 0.287772 -0.400878 2.80381 -0.286391 0.955916 0.064842 3.92602 0.401865 0.0584108 0.913834 -5.52965 0 0 0 1 
3394309160233;0.155497;0.0319306;0.999157 0.0332714 0.0240354 -0.212966 -0.0339031 0.999077 0.0263718 0.379741 -0.0231358 -0.0271644 0.999363 0.672248 0 0 0 1 
3394309160234;0.449685;0.210097;0.998351 -0.0513889 0.0255851 0.12102 0.052416 0.997774 -0.0412378 -0.603041 -0.0234089 0.0425108 0.998822 -0.527727 0 0 0 1 
3394309160235;0.164832;0.0129688;0.972426 0.126859 -0.195691 0.342522 -0.116841 0.991216 0.0619601 1.50769 0.201832 -0.0373868 0.978706 -2.58702 0 0 0 1 
3394309160236;0.330502;0.0555702;0.972753 0.223665 0.0610363 0.0669727 -0.208588 0.959226 -0.190726 3.26118 -0.101206 0.172798 0.979744 1.83173 0 0 0 1 
3394309160237;0.197559;0.0402438;0.999969 -0.00784009 -0.000533436 0.221229 0.00784285 0.999955 0.00539106 0.147839 0.000491145 -0.00539508 0.999985 -0.311932 0 0 0 1 
3394309160238;0.37956;0.0429792;0.982659 -0.13833 0.123474 0.782416 0.123967 0.985329 0.1173 -1.49068 -0.137889 -0.0999594 0.985391 1.86849 0 0 0 1 
3394309160239;0.353533;0.0211273;0.995762 -0.0420583 0.0817856 -0.805097 0.0413027 0.999087 0.0109096 -0.374636 -0.0821698 -0.00748544 0.99659 0.458478 0 0 0 1 
3394309160240;0.540644;0.272948;0.992613 0.115183 0.0380975 -0.694731 -0.109368 0.985473 -0.129927 1.93404 -0.0525095 0.124801 0.990791 0.351743 0 0 0 1 
3394309160241;0.23847;0.770362;0.978017 0.0834205 0.191111 -1.60047 -0.0945689 0.994264 0.0499601 1.06831 -0.185847 -0.066935 0.980296 1.92334 0 0 0 1 
3394309160242;0.249114;0.0204943;0.999396 -0.0222966 0.026664 -0.328106 0.0217746 0.999569 0.019711 -0.281432 -0.0270919 -0.0191185 0.99945 -0.26458 0 0 0 1 
3394309160243;0.309141;0.124184;0.969035 0.148536 0.197252 -0.36743 -0.110666 0.975369 -0.190812 1.83272 -0.220736 0.163075 0.961604 2.76893 0 0 0 1 
3394309160244;0.346424;0.044552;0.99999 -0.00363605 -0.00244557 0.471998 0.00364348 0.999989 0.00303981 -0.432046 0.00243449 -0.0030487 0.999992 0.609277 0 0 0 1 
3394309160245;0.222213;0.411806;0.98301 0.139352 0.119468 -0.911281 -0.144877 0.988687 0.0388351 2.03693 -0.112705 -0.0554835 0.992078 1.01303 0 0 0 1 
3394309160246;0.394505;0.346763;0.98869 0.148858 0.0182519 -0.951997 -0.149962 0.982738 0.108339 1.31446 -0.00180969 -0.109851 0.993946 0.0386891 0 0 0 1 
3394309160248;0.387346;0.350794;0.992753 0.098281 -0.0691564 0.310731 -0.0927568 0.992549 0.0790103 1.73918 0.0764063 -0.072023 0.994472 -0.694922 0 0 0 1 
3394309160249;0.0790091;0.0230754;0.996203 -0.0868172 0.00656586 0.0160725 0.0868091 0.996224 0.00151714 -1.47858 -0.00667278 -0.000941399 0.999977 0.0997326 0 0 0 1 
3394309160250;0.489213;0.0270103;0.931197 0.268381 -0.246665 1.73144 -0.226827 0.95635 0.184241 3.28641 0.285344 -0.115615 0.951426 -3.96362 0 0 0 1 
3394309160251;0.37181;0.108692;0.884894 0.436508 -0.162554 2.13584 -0.395462 0.888444 0.232974 6.44239 0.246115 -0.141873 0.958801 -4.16843 0 0 0 1 
3394309160252;0.374908;0.204456;0.993966 -0.10926 -0.00970859 0.334796 0.109235 0.994011 -0.00304458 -2.22435 0.00998309 0.00196569 0.999948 -0.476723 0 0 0 1 
3394309160253;0.217625;0.0354242;0.971047 -0.151984 0.184305 0.207968 0.160694 0.986446 -0.0331892 -2.60424 -0.176763 0.0618449 0.982309 3.4755 0 0 0 1 
3394309160254;0.306431;0.0186039;0.999768 -0.0215074 0.00137193 -0.736241 0.0215066 0.999769 0.000607852 -0.0483328 -0.00138469 -0.000578206 0.999999 0.373836 0 0 0 1 
3394309160255;0.470321;0.027953;0.972658 -0.227559 -0.0464041 -0.343743 0.200114 0.922601 -0.329791 -2.48962 0.117859 0.311488 0.942913 -1.78977 0 0 0 1 
3394309160256;0.293686;0.0210599;0.999357 0.0309286 -0.0181191 -0.507222 -0.0306116 0.999378 0.0175185 0.0102634 0.0186497 -0.0169526 0.999682 -0.051125 0 0 0 1 
3394309160257;0.406176;0.0342296;0.988736 0.0709122 0.131807 -0.0331762 -0.0432798 0.978478 -0.201763 1.84237 -0.143277 0.193786 0.970525 3.03731 0 0 0 1 
3394309160258;0.344851;0.0615021;0.975384 0.057916 0.212774 -0.243602 -0.0123262 0.977705 -0.209622 0.976947 -0.22017 0.201839 0.954351 4.02524 0 0 0 1 
3394309160259;0.414136;0.107929;0.9008 -0.420486 -0.108404 2.03044 0.42649 0.90366 0.0387969 -7.56661 0.0816472 -0.0811816 0.99335 -1.45962 0 0 0 1 
3394309160260;0.148826;0.018557;0.971884 0.097835 -0.214172 0.855713 -0.0832859 0.993627 0.0759541 1.30409 0.220238 -0.0559811 0.973839 -3.88236 0 0 0 1 
3394309160261;0.341319;0.0218023;0.985497 -0.167926 -0.0244235 0.30244 0.166888 0.985177 -0.0396856 -2.3843 0.0307258 0.0350341 0.998914 0.154486 0 0 0 1 
