#;prob_registration_l1 -r /home/probabilistic_point_clouds_registration/build/tester /home/point_clouds_registration_benchmark//devel/registration_pairs/long_office_household_local.txt /home/point_clouds_registration_benchmark//tum/long_office_household -s 0.1 -t 0.1 -p 0.3 -r 1000 -m 15 -i 40 
id;initial_error;final_error;transformation
26456013410000;0.652746;0.116622;0.905569 0.395335 -0.153801 0.126465 -0.417791 0.893983 -0.162001 0.0186795 0.0734509 0.21096 0.974731 -0.543088 0 0 0 1 
26456013410001;1.0574;0.14452;0.99365 0.10873 0.0289551 0.00226148 -0.106042 0.990961 -0.0821678 0.032568 -0.0376275 0.0785756 0.996198 0.890754 0 0 0 1 
26456013410002;0.577722;0.135079;0.991474 0.12968 0.0127426 0.0861499 -0.12947 0.991453 -0.0160968 0.155286 -0.0147211 0.0143097 0.999789 0.439366 0 0 0 1 
26456013410003;1.10585;0.450766;0.949404 -0.314054 -0.00140224 0.259212 0.313779 0.948743 -0.037821 0.442435 0.0132082 0.0354675 0.999284 -0.933021 0 0 0 1 
26456013410004;0.510854;0.16661;0.968625 0.0901587 0.231596 -0.0760783 -0.133084 0.975175 0.17698 -0.0874777 -0.20989 -0.202248 0.956578 -0.465517 0 0 0 1 
26456013410005;0.315858;0.127911;0.999116 -0.0408717 0.00987695 -0.00387479 0.0414527 0.996799 -0.0683684 0.355592 -0.007051 0.0687173 0.997611 -0.234225 0 0 0 1 
26456013410006;0.127418;0.119132;0.994641 0.102878 0.0102724 0.0455227 -0.10258 0.994379 -0.0262246 0.0382373 -0.0129126 0.0250304 0.999603 -0.0433501 0 0 0 1 
26456013410007;0.936325;0.497886;0.972687 -0.229058 -0.0375822 0.0917134 0.215437 0.951138 -0.221187 0.342217 0.0864104 0.207049 0.974507 0.606226 0 0 0 1 
26456013410008;0.859142;0.145634;0.999428 -0.0141624 0.0307254 0.192229 0.0191648 0.985398 -0.169183 0.0781763 -0.0278807 0.169675 0.985106 0.63976 0 0 0 1 
26456013410009;0.404949;0.141562;0.987054 0.10621 -0.120183 -0.101473 -0.118669 0.987707 -0.101746 -0.0460625 0.107899 0.114691 0.987524 0.247359 0 0 0 1 
26456013410010;0.333714;0.133943;0.996272 0.0484531 -0.0713732 -0.0848765 -0.0638639 0.970465 -0.232634 0.192573 0.0579933 0.236325 0.969942 -0.308382 0 0 0 1 
26456013410011;0.463956;0.112959;0.998071 -0.0614326 0.00899399 0.0376176 0.0616778 0.997641 -0.0301501 0.254292 -0.00712057 0.0306467 0.999505 -0.42677 0 0 0 1 
26456013410012;1.06761;0.11598;0.977618 0.0280658 -0.208508 0.621877 -0.109478 0.914175 -0.390254 0.677485 0.17966 0.404347 0.896787 0.781078 0 0 0 1 
26456013410013;0.408963;0.121233;0.923887 0.382352 0.0154855 0.0752979 -0.380386 0.922042 -0.0717305 -0.0383545 -0.0417046 0.0603804 0.997304 -0.0661853 0 0 0 1 
26456013410014;0.281798;0.155218;0.992919 0.113713 0.0343538 -0.053432 -0.111661 0.992128 -0.0566919 -0.0211107 -0.04053 0.0524546 0.997801 -0.32043 0 0 0 1 
26456013410015;0.444148;0.13983;0.993659 -0.0543379 -0.0984362 -0.0404133 0.0404384 0.989597 -0.138065 0.108887 0.104914 0.133209 0.985519 0.285657 0 0 0 1 
26456013410016;0.631913;0.15356;0.90267 0.326106 0.280788 -0.175786 -0.317244 0.945146 -0.0778228 -0.0410504 -0.290764 -0.0188299 0.95661 0.337471 0 0 0 1 
26456013410017;0.712942;0.129598;0.994811 0.0940133 0.0388871 0.158751 -0.0890676 0.989513 -0.113713 0.65354 -0.0491698 0.109659 0.992752 0.282359 0 0 0 1 
26456013410018;0.599666;0.126102;0.917196 0.302749 0.259025 -0.0409113 -0.324718 0.94471 0.0456302 -0.315889 -0.230889 -0.125962 0.964792 -0.436283 0 0 0 1 
26456013410019;0.16999;0.119097;0.999284 0.0294882 0.0237195 -0.036392 -0.0292021 0.999498 -0.0123191 0.205321 -0.0240709 0.0116177 0.999643 -0.135408 0 0 0 1 
26456013410020;0.966938;0.153165;0.992966 0.109397 0.0452778 -0.352421 -0.107924 0.993584 -0.0338136 -0.0675953 -0.0486864 0.0286892 0.998402 -0.933915 0 0 0 1 
26456013410021;1.2145;0.593373;0.960645 -0.273144 -0.0505343 -0.369804 0.267241 0.958413 -0.100137 0.435241 0.0757844 0.082691 0.99369 -0.298167 0 0 0 1 
26456013410022;0.808376;0.188884;0.971194 -0.23308 -0.0495516 -0.416032 0.189334 0.881063 -0.433452 0.682406 0.144687 0.411584 0.899813 -0.143632 0 0 0 1 
26456013410023;0.310262;0.132921;0.94928 0.313991 -0.0166765 -0.21834 -0.31421 0.945273 -0.0879299 0.00265855 -0.0118453 0.08871 0.995987 0.11568 0 0 0 1 
26456013410024;0.290654;0.158137;0.981184 0.192667 -0.0125346 0.146982 -0.189011 0.971755 0.141302 -0.218253 0.0394049 -0.136274 0.989887 -0.0452225 0 0 0 1 
26456013410025;0.115869;0.125633;0.990799 0.133319 -0.023313 -0.00291559 -0.134332 0.989709 -0.0492978 0.0469709 0.0165007 0.0519759 0.998512 0.0573827 0 0 0 1 
26456013410026;0.438952;0.207991;0.993554 -0.0686432 0.0902113 -0.0571168 0.0639442 0.996492 0.0539885 -0.155821 -0.0936008 -0.047872 0.994458 -0.312301 0 0 0 1 
26456013410027;1.02893;0.135151;0.908762 0.41658 0.0247567 0.110581 -0.415344 0.908635 -0.0432574 0.789404 -0.040515 0.0290281 0.998757 0.133839 0 0 0 1 
26456013410028;0.910665;0.155793;0.996489 0.0818893 0.0174505 0.101401 -0.0801926 0.993377 -0.0822884 0.139877 -0.0240735 0.0806001 0.996456 0.754721 0 0 0 1 
26456013410029;0.807992;0.136635;0.977873 0.126441 -0.166663 0.180906 -0.169404 0.946044 -0.27623 0.936571 0.122744 0.298351 0.946531 -0.0504191 0 0 0 1 
26456013410031;0.378079;1.62771;-0.262595 0.165703 -0.950572 1.02504 -0.793929 0.522777 0.310452 1.56388 0.54838 0.83621 -0.00572178 -0.180557 0 0 0 1 
26456013410032;0.347742;1.50686;-0.0968177 0.363438 -0.926574 0.555222 -0.551867 0.755134 0.353857 1.36976 0.828293 0.545606 0.127459 -0.731416 0 0 0 1 
26456013410033;0.319289;1.31197;0.0919238 0.44288 -0.891856 0.362608 -0.614864 0.729751 0.299008 1.07758 0.783257 0.520884 0.339393 -0.6782 0 0 0 1 
26456013410034;0.665788;1.08735;0.408788 0.696112 -0.590187 0.734581 -0.66546 0.66991 0.329218 1.01713 0.624544 0.258165 0.737085 -0.721794 0 0 0 1 
26456013410035;0.543286;1.51305;-0.0393611 0.243844 -0.969015 0.908742 -0.46281 0.855027 0.233959 0.969409 0.885583 0.457679 0.0791986 0.062301 0 0 0 1 
26456013410036;0.569296;0.871765;0.813755 0.508737 -0.28105 0.203804 -0.544288 0.836641 -0.0615063 1.05863 0.203847 0.203023 0.95772 0.254555 0 0 0 1 
26456013410037;0.587068;1.56486;-0.225981 0.195692 -0.954273 0.918429 -0.785407 0.542894 0.297323 1.9658 0.576253 0.816683 0.031014 0.0629012 0 0 0 1 
26456013410038;0.163491;1.55947;-0.0431398 0.156331 -0.986762 0.914289 -0.488722 0.858138 0.15732 1.19749 0.871372 0.489039 0.0393826 -0.673853 0 0 0 1 
26456013410039;0.298903;1.37434;0.0525367 0.393174 -0.917962 0.537743 -0.558758 0.773442 0.299295 1.47564 0.827665 0.497194 0.260323 -0.625609 0 0 0 1 
26456013410040;0.421915;1.58858;-0.0966243 0.141641 -0.985191 0.914605 -0.869743 0.469264 0.152768 1.77316 0.483953 0.871625 0.0778492 0.00934379 0 0 0 1 
26456013410041;0.740902;1.16013;0.559775 0.53055 -0.636528 0.903157 -0.532998 0.818696 0.213659 0.721292 0.63448 0.219667 0.741068 -0.901203 0 0 0 1 
26456013410042;0.386627;1.1291;0.516979 0.683061 -0.515907 0.447987 -0.72707 0.668489 0.156499 1.06182 0.451776 0.294194 0.842228 -0.238587 0 0 0 1 
26456013410043;0.418115;0.879373;0.590419 0.34963 -0.727437 0.28274 -0.555852 0.829628 -0.0524069 1.02655 0.585178 0.435289 0.684171 -0.129768 0 0 0 1 
26456013410044;0.401489;0.983167;0.809192 0.418448 -0.412443 -0.159412 -0.352873 0.907395 0.228287 0.936164 0.469775 -0.0391882 0.881916 -0.117138 0 0 0 1 
26456013410045;0.640918;1.53871;-0.122336 0.328109 -0.936685 0.580065 -0.493893 0.798493 0.344208 0.606941 0.860874 0.504731 0.064366 -0.947932 0 0 0 1 
26456013410046;0.387348;0.921756;0.487963 0.697689 -0.524521 0.124205 -0.704679 0.669494 0.23496 1.27701 0.515092 0.254967 0.818335 -0.0842432 0 0 0 1 
26456013410047;0.681694;1.15406;0.71194 0.687121 -0.144932 -0.137961 -0.56753 0.684533 0.45752 0.755152 0.413583 -0.243474 0.877308 -0.64374 0 0 0 1 
26456013410048;0.200666;1.49103;-0.16669 0.31785 -0.933373 0.892854 -0.522822 0.774095 0.356979 0.946674 0.835985 0.547493 0.0371451 -0.505548 0 0 0 1 
26456013410049;0.634474;1.29462;0.232338 0.398166 -0.887402 0.888587 -0.655457 0.738176 0.1596 1.23065 0.718607 0.544573 0.432487 0.245328 0 0 0 1 
26456013410050;0.211001;1.52816;-0.0293953 0.220111 -0.975032 0.68395 -0.506626 0.837596 0.204359 1.23117 0.861665 0.499984 0.0868928 -0.687078 0 0 0 1 
26456013410051;0.550163;0.982612;0.793024 0.512854 -0.328777 0.2972 -0.420751 0.851393 0.313207 0.720112 0.440548 -0.110047 0.890958 -0.543234 0 0 0 1 
26456013410052;0.551544;0.96052;0.56004 0.664468 -0.49481 0.706294 -0.684938 0.707357 0.17466 0.819779 0.466064 0.241098 0.851268 -0.817394 0 0 0 1 
26456013410053;0.345543;1.17012;0.301104 0.677527 -0.671039 0.493106 -0.788332 0.572792 0.224595 1.59708 0.536535 0.461375 0.706586 -0.37651 0 0 0 1 
26456013410054;0.546651;1.5584;-0.0189295 0.177883 -0.983869 0.782276 -0.826559 0.550872 0.1155 2.18431 0.562532 0.815413 0.136603 -0.86547 0 0 0 1 
26456013410055;0.267657;1.49179;-0.0740602 0.328232 -0.941689 0.958448 -0.606293 0.734908 0.30384 1.40914 0.791785 0.593442 0.144577 -0.474182 0 0 0 1 
26456013410056;0.595541;1.11542;0.641055 0.663692 -0.385436 0.592646 -0.747745 0.653283 -0.118741 1.19148 0.172991 0.364327 0.915063 -0.312547 0 0 0 1 
26456013410057;0.461018;1.57971;-0.130269 0.341856 -0.93068 1.12158 -0.760217 0.568141 0.315098 1.24654 0.636475 0.748566 0.185874 -0.259131 0 0 0 1 
26456013410058;0.576941;1.58724;-0.222926 0.382881 -0.896497 1.08087 -0.529073 0.724891 0.441151 0.611554 0.818771 0.572656 0.0409749 -0.723866 0 0 0 1 
26456013410059;0.729412;1.55253;-0.283845 0.456153 -0.84342 1.10553 -0.759987 0.42932 0.487959 1.31031 0.584681 0.779493 0.22481 0.257544 0 0 0 1 
26456013410060;0.670241;0.963234;0.562294 0.578342 -0.591055 0.246253 -0.341562 0.813364 0.470928 0.967044 0.753101 -0.0629177 0.65489 -0.825516 0 0 0 1 
26456013410062;0.727774;0.112704;0.966339 -0.243206 -0.0838986 -0.00328532 0.252055 0.960323 0.119363 -0.250113 0.0515401 -0.136492 0.9893 0.312489 0 0 0 1 
26456013410063;1.34575;0.120454;0.952248 0.238925 0.190102 -0.430442 -0.160809 0.921727 -0.35293 -0.451604 -0.259546 0.305507 0.916134 -0.195633 0 0 0 1 
26456013410064;0.325852;0.141488;0.986738 0.140945 0.0805104 -0.127234 -0.149337 0.982647 0.110015 -0.177406 -0.0636073 -0.120579 0.990664 0.125769 0 0 0 1 
26456013410065;0.371368;0.154776;0.972374 -0.117702 -0.201582 0.277936 0.125035 0.991862 0.0239917 0.0366802 0.197118 -0.0485337 0.979178 0.00870734 0 0 0 1 
26456013410066;1.03207;0.0962807;0.965399 0.115311 -0.233899 -0.170119 -0.175789 0.950268 -0.257077 0.387444 0.192623 0.289299 0.937658 0.405964 0 0 0 1 
26456013410067;0.857765;0.648107;0.936978 -0.215614 -0.274922 0.230525 0.174382 0.970452 -0.166776 0.1495 0.302758 0.108324 0.946891 0.330081 0 0 0 1 
26456013410068;1.01715;0.0765347;0.999572 -0.0277767 0.00914687 -0.131229 0.0261294 0.988763 0.147192 -0.0299734 -0.0131326 -0.14689 0.989066 0.598533 0 0 0 1 
26456013410069;0.211374;0.132912;0.979077 -0.105232 -0.174166 0.104635 0.106424 0.994318 -0.0025055 0.0060039 0.17344 -0.0160824 0.984713 0.138505 0 0 0 1 
26456013410070;0.584191;0.137245;0.940918 -0.173148 -0.291021 0.439165 0.162867 0.984859 -0.0593864 0.0289886 0.296897 0.00848014 0.954872 -0.0330611 0 0 0 1 
26456013410071;0.0848378;0.120545;0.999899 -0.00948997 -0.0105689 0.00333577 0.00904032 0.999085 -0.0418085 0.00639876 0.0109559 0.0417087 0.99907 -0.00141817 0 0 0 1 
26456013410072;0.345771;0.135824;0.986252 0.0149091 -0.164575 -0.016571 0.0184031 0.979817 0.199048 -0.274154 0.164221 -0.19934 0.966072 0.199853 0 0 0 1 
26456013410073;0.619828;0.218955;0.965999 0.0582527 0.251899 -0.21075 -0.0275866 0.991948 -0.123601 -0.0510829 -0.257071 0.11245 0.959828 0.138809 0 0 0 1 
26456013410074;0.46439;0.101655;0.976259 -0.149076 -0.157146 -0.0280263 0.126707 0.981448 -0.14389 0.190968 0.175681 0.120563 0.977037 0.12075 0 0 0 1 
26456013410075;1.52576;0.127041;0.973214 -0.228516 -0.0251887 0.0443489 0.229897 0.966802 0.111543 -0.085477 -0.00113683 -0.114346 0.99344 -0.767867 0 0 0 1 
26456013410076;0.479244;0.0854942;0.966415 0.214452 -0.141606 -0.0619701 -0.225997 0.971535 -0.0710352 -0.0131262 0.122341 0.100652 0.987371 -0.167151 0 0 0 1 
26456013410077;0.704929;0.119968;0.996457 -0.0361932 0.0759215 -0.401702 0.0325318 0.998273 0.0489212 -0.194107 -0.0775609 -0.046278 0.995913 0.0919937 0 0 0 1 
26456013410078;0.365691;0.175114;0.99941 0.0274436 -0.0206346 0.109742 -0.0287804 0.997301 -0.0675518 0.0860893 0.018725 0.0681058 0.997502 -0.0229342 0 0 0 1 
26456013410079;1.72117;1.40129;0.889056 -0.123133 -0.440928 0.245436 0.117785 0.992249 -0.0395998 0.358362 0.442387 -0.0167284 0.896668 0.64753 0 0 0 1 
26456013410080;1.76411;0.77492;0.996827 -0.0691811 -0.0393707 -0.352584 0.0686489 0.997532 -0.0147145 0.491047 0.0402915 0.011965 0.999116 0.136621 0 0 0 1 
26456013410081;1.63412;0.279345;0.985764 0.0597681 0.157151 -0.0923015 -0.0355425 0.987638 -0.152672 0.800721 -0.164333 0.144913 0.975702 -0.459415 0 0 0 1 
26456013410082;0.404515;0.138644;0.913469 -0.388524 -0.120931 0.0921748 0.372733 0.918161 -0.134349 0.259939 0.163232 0.0776489 0.983527 0.0440032 0 0 0 1 
26456013410083;1.34753;0.147633;0.997949 -0.0610768 0.0191463 -0.230841 0.0604929 0.997726 0.0297198 -0.529553 -0.020918 -0.0285007 0.999375 0.479517 0 0 0 1 
26456013410084;1.15281;0.26489;0.995236 0.0187926 0.0956638 0.00202062 -0.0267529 0.996222 0.082621 -0.590761 -0.0937497 -0.0847867 0.991979 0.277351 0 0 0 1 
26456013410085;0.50976;0.114464;0.988157 0.151389 0.0250565 -0.082696 -0.146667 0.979815 -0.135832 0.108331 -0.0451143 0.130549 0.990415 -0.292472 0 0 0 1 
26456013410086;0.789041;0.0912748;0.987349 -0.0884097 -0.131629 0.179382 0.0733576 0.99064 -0.115116 0.174658 0.140575 0.104004 0.984592 -0.387838 0 0 0 1 
26456013410087;0.962758;0.308417;0.995655 0.0803249 -0.0470987 -0.0233069 -0.0871357 0.982076 -0.167137 0.559884 0.0328292 0.170515 0.984808 -0.0119348 0 0 0 1 
26456013410088;1.51292;0.126567;0.934695 -0.317481 -0.159847 -0.460272 0.315614 0.948141 -0.0376218 -0.230792 0.163502 -0.0152851 0.986425 0.112945 0 0 0 1 
26456013410089;0.558558;0.0958221;0.998318 -0.0229799 -0.0532188 0.00367649 0.0202801 0.998507 -0.0507256 0.00696044 0.054305 0.049561 0.997294 0.297941 0 0 0 1 
26456013410090;1.4132;0.246554;0.993726 -0.0438503 -0.102885 0.169575 0.0481248 0.998062 0.0394381 -0.061516 0.100956 -0.044142 0.993911 -0.684362 0 0 0 1 
26456013410091;1.21795;0.786337;0.874372 0.0834064 -0.478034 0.0184459 -0.196087 0.961836 -0.190845 -0.0404269 0.443872 0.260606 0.857358 0.449917 0 0 0 1 
26456013410093;0.469907;0.149449;0.957933 -0.273044 0.088386 -0.0976338 0.280844 0.955255 -0.0928117 0.356164 -0.0590896 0.11373 0.991753 -0.30233 0 0 0 1 
26456013410094;0.663694;0.0735406;0.884859 0.168702 -0.434241 0.403659 -0.0781895 0.972686 0.218559 0.2293 0.459251 -0.159441 0.873881 0.104945 0 0 0 1 
26456013410095;0.871627;0.0941556;0.981257 0.14849 0.122821 0.430472 -0.150473 0.98859 0.00697641 0.245042 -0.120383 -0.0253268 0.992404 -0.0156187 0 0 0 1 
26456013410096;0.802998;0.0841294;0.996857 -0.00150051 0.0792087 -0.440106 -0.00326345 0.998194 0.0599806 0.0657834 -0.0791557 -0.0600506 0.995052 -0.42306 0 0 0 1 
26456013410097;0.47238;0.0958725;0.924782 0.380329 0.0113656 -0.0135313 -0.380458 0.923837 0.0421623 0.0821155 0.00553552 -0.043315 0.999046 0.218971 0 0 0 1 
26456013410098;0.153152;0.0881199;0.988028 0.0713977 -0.136757 0.0537342 -0.0676065 0.997193 0.0321748 0.069496 0.13867 -0.022544 0.990082 0.0694799 0 0 0 1 
26456013410099;1.16156;0.0904452;0.988402 -0.0952907 -0.118239 -0.293825 0.0719423 0.979526 -0.188024 0.682284 0.133735 0.177337 0.975021 0.511312 0 0 0 1 
26456013410100;0.366643;0.0847998;0.970358 0.21703 0.106318 -0.127094 -0.21161 0.975511 -0.0599919 0.056243 -0.116734 0.0357158 0.992521 0.210492 0 0 0 1 
26456013410101;1.16745;0.066996;0.993883 0.0914431 0.0619229 -0.00763791 -0.102817 0.970831 0.216599 0.389674 -0.0403103 -0.22164 0.974295 0.808468 0 0 0 1 
26456013410102;1.13408;0.516751;0.990318 -0.0870552 -0.108132 0.207364 0.0949539 0.993005 0.070176 0.120923 0.101267 -0.0797641 0.991657 -0.977626 0 0 0 1 
26456013410103;0.393965;0.162677;0.995751 0.0388638 -0.0834796 -0.0547702 -0.0237905 0.98437 0.174497 -0.278192 0.0889564 -0.17177 0.981113 -0.0683665 0 0 0 1 
26456013410104;1.01585;0.048364;0.969834 0.24129 0.034661 -0.570289 -0.241522 0.931891 0.27064 0.0793115 0.0330024 -0.270848 0.962056 -0.365656 0 0 0 1 
26456013410105;1.13047;0.714933;0.999195 -0.039442 -0.00735841 -0.053088 0.0382772 0.992052 -0.119869 -0.0169292 0.0120278 0.119491 0.992762 0.272351 0 0 0 1 
26456013410106;0.197882;0.0668916;0.966631 0.247144 0.0674083 -0.147465 -0.25107 0.966248 0.0576929 0.00947344 -0.0508747 -0.0726919 0.996056 0.0683495 0 0 0 1 
26456013410107;0.85745;0.296288;0.947682 -0.316385 0.0424226 -0.309976 0.318075 0.947145 -0.0417596 -0.08793 -0.0269683 0.0530684 0.998227 -0.427913 0 0 0 1 
26456013410108;1.09003;0.1622;0.97239 0.062579 0.224815 -0.389286 -0.0719753 0.996832 0.0338378 -0.658792 -0.221986 -0.0490847 0.973814 0.414043 0 0 0 1 
26456013410109;0.997601;0.22131;0.988511 0.141519 -0.0530924 0.0271329 -0.146907 0.982187 -0.117162 -0.462304 0.035566 0.123615 0.991693 0.278096 0 0 0 1 
26456013410110;1.0844;0.393507;0.919645 -0.0452979 0.390129 -0.852103 0.039639 0.99896 0.0225487 0.15894 -0.390744 -0.00527245 0.920484 -0.5762 0 0 0 1 
26456013410111;0.414986;0.143141;0.983039 -0.177272 -0.0469922 0.0476384 0.142571 0.899875 -0.412188 0.393057 0.115356 0.398497 0.909886 0.00986874 0 0 0 1 
26456013410112;0.40276;0.110272;0.994687 -0.00502651 0.10282 -0.137966 -0.0130261 0.984633 0.17415 -0.0886665 -0.102115 -0.174564 0.979336 -0.240848 0 0 0 1 
26456013410113;0.220143;0.09187;0.985818 0.163284 -0.038746 0.00661908 -0.163855 0.986411 -0.012036 0.0788019 0.0362542 0.018214 0.999177 0.102086 0 0 0 1 
26456013410114;0.883586;0.240066;0.975459 -0.162671 0.148383 -0.609077 0.157548 0.986452 0.0457278 -0.13785 -0.153811 -0.0212282 0.987872 0.296701 0 0 0 1 
26456013410115;0.901703;0.0890601;0.997945 -0.0095342 -0.0633699 -0.00174566 0.019248 0.987806 0.154497 0.0578203 0.0611242 -0.155399 0.985959 0.747986 0 0 0 1 
26456013410116;0.0971774;0.0777649;0.999927 0.0100197 -0.00668182 0.00843746 -0.00994598 0.99989 0.010975 0.108423 0.00679106 -0.0109078 0.999917 0.0351487 0 0 0 1 
26456013410117;0.308242;0.0841835;0.999873 0.0119122 0.0105549 -0.0244059 -0.0127798 0.996183 0.0863477 0.10299 -0.00948605 -0.0864717 0.996209 -0.168679 0 0 0 1 
26456013410118;0.617996;0.229097;0.944377 -0.23412 0.230953 -0.408428 0.2185 0.971546 0.0914154 0.152463 -0.245783 -0.0358676 0.968661 -0.308442 0 0 0 1 
26456013410119;0.836682;0.331428;0.984018 -0.177682 0.0117036 -0.113849 0.177012 0.983217 0.0441712 0.212832 -0.0193556 -0.0413936 0.998955 -0.664049 0 0 0 1 
26456013410120;1.27194;0.256202;0.998476 0.0333908 -0.0439351 0.433659 -0.0285064 0.993802 0.10745 0.270031 0.0472506 -0.106034 0.993239 -0.762742 0 0 0 1 
26456013410121;0.539915;0.111651;0.953442 -0.300915 -0.0199516 0.220173 0.300859 0.953651 -0.00581161 0.135314 0.0207757 -0.000461592 0.999784 -0.355234 0 0 0 1 
26456013410122;0.715537;0.153643;0.997646 0.0198164 -0.0656463 0.146416 -0.020299 0.999772 -0.00669394 0.267803 0.0654986 0.00801074 0.997821 -0.530555 0 0 0 1 
26456013410124;1.54152;0.42232;0.835169 0.536613 -0.120582 -0.309337 -0.542808 0.839527 -0.0235156 -0.486842 0.0886133 0.0850924 0.992425 0.177967 0 0 0 1 
26456013410125;0.0901978;0.0506984;0.996778 0.0800899 -0.00444367 0.0761194 -0.0800696 0.996779 0.00457485 -0.128823 0.00479575 -0.0042043 0.99998 0.000929534 0 0 0 1 
26456013410126;2.04591;0.37199;0.937317 0.31915 -0.139929 0.118804 -0.293989 0.939799 0.174205 -0.27459 0.187103 -0.122148 0.974717 -0.722815 0 0 0 1 
26456013410127;0.892171;0.228244;0.995684 0.0657281 0.0655233 0.0557969 -0.0695884 0.99586 0.0584849 0.310663 -0.061408 -0.0627922 0.996136 -0.220437 0 0 0 1 
26456013410128;1.22747;0.0596025;0.99993 -0.0112467 0.00377431 -0.159041 0.0115837 0.994291 -0.106075 0.171626 -0.00255977 0.106111 0.994351 -0.519527 0 0 0 1 
26456013410129;0.476134;0.141514;0.972459 0.122326 0.198391 -0.126514 -0.0992625 0.987513 -0.122332 -0.160513 -0.210878 0.0992705 0.972459 -0.0929975 0 0 0 1 
26456013410130;2.09219;0.111382;0.973033 0.209278 0.0970054 0.235401 -0.207668 0.97784 -0.0265179 0.075296 -0.100405 0.0056578 0.994931 0.741813 0 0 0 1 
26456013410131;1.46172;0.0818172;0.99966 0.0213448 0.0149582 -0.308825 -0.0208109 0.999171 -0.0349844 -0.169541 -0.0156925 0.0346612 0.999276 0.593553 0 0 0 1 
26456013410132;0.769284;0.179558;0.990982 -0.070667 0.113849 -0.211892 0.0479594 0.980401 0.191087 0.0735329 -0.125122 -0.183904 0.974948 0.0243726 0 0 0 1 
26456013410133;1.34603;0.1148;0.9996 -0.0184696 0.0214262 -0.0719433 0.0181939 0.99975 0.012991 0.348795 -0.0216608 -0.012596 0.999686 0.521502 0 0 0 1 
26456013410134;1.62064;0.31555;0.994886 -0.0304781 0.0962913 0.208679 0.0354257 0.998116 -0.0500972 0.29073 -0.0945831 0.0532522 0.994092 -0.765273 0 0 0 1 
26456013410135;0.477389;0.0721722;0.996731 0.0679087 0.043772 0.0156472 -0.0659675 0.996835 -0.0443645 0.0296276 -0.0466462 0.0413319 0.998056 -0.252609 0 0 0 1 
26456013410136;1.0412;0.174439;0.963397 -0.254829 -0.0832411 -0.596077 0.259134 0.964763 0.0456333 0.550599 0.0686792 -0.0655335 0.995484 0.278553 0 0 0 1 
26456013410137;1.90811;0.463522;0.999308 0.0358711 -0.00984237 -0.0360136 -0.0368062 0.991819 -0.122227 -0.0660177 0.00537744 0.122505 0.992453 0.935797 0 0 0 1 
26456013410138;0.964836;0.748761;0.957702 0.0846614 -0.275025 0.00281029 -0.224697 0.817089 -0.530921 -0.27013 0.179772 0.570262 0.801551 0.75766 0 0 0 1 
26456013410139;1.47225;0.862158;0.938887 0.320101 -0.126597 0.372213 -0.342608 0.904594 -0.253632 -0.491463 0.0333312 0.281505 0.958981 -0.0916978 0 0 0 1 
26456013410140;1.16137;0.424566;0.991528 0.129608 -0.0086325 0.250994 -0.129872 0.99043 -0.0467148 -0.454958 0.00249526 0.0474401 0.998871 0.199157 0 0 0 1 
26456013410141;0.944233;0.0734533;0.992679 0.120764 -0.0023338 -0.0714601 -0.120707 0.99254 0.0171613 -0.561344 0.00438885 -0.016754 0.99985 -0.228369 0 0 0 1 
26456013410142;1.84842;0.312273;0.952679 0.148567 -0.265199 -0.543956 -0.196677 0.966468 -0.165101 -0.361304 0.231778 0.209446 0.949953 0.533431 0 0 0 1 
26456013410143;0.46443;0.0764278;0.961747 0.271491 0.0365422 0.016047 -0.273937 0.953623 0.124744 -0.475766 -0.000980694 -0.129983 0.991516 0.114639 0 0 0 1 
26456013410144;0.759937;0.0860446;0.973916 -0.0403016 -0.223301 -0.0536188 -0.0190837 0.966066 -0.257589 0.367644 0.226105 0.255132 0.940098 0.330552 0 0 0 1 
26456013410145;0.437138;0.188199;0.986949 -0.0448009 0.154674 -0.126269 0.00309611 0.965622 0.259933 -0.0132543 -0.161002 -0.256062 0.953158 -0.318308 0 0 0 1 
26456013410146;1.81332;0.361335;0.99834 0.0573734 -0.00495904 -0.303355 -0.0571887 0.997862 0.0316495 0.0588898 0.00676427 -0.0313133 0.999487 0.691588 0 0 0 1 
26456013410147;0.897776;0.155379;0.998232 0.0326206 0.049678 0.280626 -0.023818 0.98542 -0.168467 -0.100577 -0.0544491 0.166986 0.984455 0.133768 0 0 0 1 
26456013410148;0.647101;0.345056;0.992625 -0.120064 -0.0167444 -0.184579 0.121165 0.987014 0.105462 0.118695 0.00386472 -0.106713 0.994282 0.187268 0 0 0 1 
26456013410149;0.510162;0.115005;0.945131 0.31824 -0.0738302 -0.029443 -0.321635 0.946037 -0.039556 -0.353846 0.0572578 0.061132 0.996486 0.15328 0 0 0 1 
26456013410150;1.62937;0.103511;0.942325 -0.0319595 0.33317 -0.0388501 0.142372 0.939158 -0.312589 0.923324 -0.30291 0.341994 0.889542 -0.716652 0 0 0 1 
26456013410151;0.991097;0.0950443;0.964123 -0.197068 0.177854 -0.418312 0.230175 0.954365 -0.190283 0.472553 -0.132239 0.224393 0.965485 -0.509002 0 0 0 1 
26456013410152;0.386143;0.0624328;0.997983 0.0595419 -0.0220139 0.0281711 -0.059455 0.99822 0.00458213 0.0271214 0.0222476 -0.00326404 0.999747 -0.126875 0 0 0 1 
26456013410153;1.24713;0.0609263;0.935155 0.351266 0.0457885 -0.24433 -0.353201 0.934479 0.0447093 -0.302062 -0.0270835 -0.0579826 0.99795 0.320511 0 0 0 1 
26456013410155;0.44177;0.2614;0.993971 0.0984505 0.0482597 -0.00905056 -0.0865565 0.974762 -0.205785 -0.0815997 -0.0673014 0.200367 0.977406 -0.0483817 0 0 0 1 
26456013410156;0.559197;0.391174;0.994523 -0.0995357 -0.0318879 -0.315752 0.0967962 0.992223 -0.0782579 0.126642 0.0394293 0.0747426 0.996423 0.474385 0 0 0 1 
26456013410157;0.798739;0.56065;0.998123 0.0143551 -0.0595284 0.22121 -0.0125414 0.999449 0.0307298 -0.216057 0.0599367 -0.0299255 0.997754 -0.204624 0 0 0 1 
26456013410158;0.506235;0.191965;0.989733 0.0924644 0.108987 0.13181 -0.0761726 0.986469 -0.14518 0.328719 -0.120936 0.135387 0.983384 -0.263906 0 0 0 1 
26456013410159;0.771683;0.293257;0.99917 0.0354811 -0.0199984 0.193122 -0.0389026 0.976784 -0.210663 0.642101 0.0120596 0.211266 0.977354 0.103606 0 0 0 1 
26456013410160;0.731372;0.386056;0.999854 -0.00321265 -0.0167826 -0.0338083 0.00240419 0.998846 -0.0479726 0.196299 0.0169173 0.0479252 0.998708 -0.57665 0 0 0 1 
26456013410161;0.152345;0.077856;0.998124 0.0208722 0.0575626 -0.0678954 -0.0179572 0.998552 -0.0507006 0.0168441 -0.0585375 0.0495718 0.997054 -0.178626 0 0 0 1 
26456013410162;0.843744;0.417004;0.925327 -0.0288438 -0.378071 0.281845 0.0250967 0.999575 -0.0148355 0.487819 0.378338 0.00423933 0.925658 0.783837 0 0 0 1 
26456013410163;0.17304;0.0494045;0.997732 -0.0133351 -0.0659831 0.0299674 0.00351102 0.989157 -0.146818 0.134281 0.0672255 0.146253 0.98696 0.140873 0 0 0 1 
26456013410164;1.05704;0.0961647;0.996041 -0.0167131 -0.0873099 0.0478574 0.018962 0.999508 0.0249928 -0.0470071 0.0868492 -0.0265494 0.995868 -0.885476 0 0 0 1 
26456013410165;1.01882;1.11241;0.989268 -0.124406 -0.076632 -0.761107 0.130739 0.987846 0.0840661 0.498069 0.0652423 -0.0931827 0.993509 0.147196 0 0 0 1 
26456013410166;0.386158;0.0804121;0.972027 -0.029906 -0.232957 0.356982 -0.0477279 0.946014 -0.320592 0.447445 0.229968 0.322743 0.918124 0.100404 0 0 0 1 
26456013410167;0.362618;0.217364;0.996202 0.0208842 -0.0845351 -0.134357 0.0159421 0.910661 0.412846 -0.486853 0.0856048 -0.412625 0.906869 0.0740852 0 0 0 1 
26456013410168;0.272737;0.109007;0.975717 -0.0288312 -0.217129 0.102451 0.0329964 0.999334 0.0155812 -0.154169 0.216535 -0.0223673 0.976019 0.0519292 0 0 0 1 
26456013410169;0.677811;0.210654;0.998799 -0.0372471 -0.0318405 -0.142412 0.0370425 0.999289 -0.00699319 -0.234577 0.0320783 0.00580534 0.999468 0.470273 0 0 0 1 
26456013410170;0.704368;0.181941;0.998566 0.0525015 -0.0104581 0.15667 -0.0522322 0.998333 0.0245453 -0.669969 0.0117294 -0.0239638 0.999644 0.104667 0 0 0 1 
26456013410171;1.02478;0.592217;0.968648 -0.106102 -0.22464 -0.158225 0.120274 0.991464 0.0503317 0.0105124 0.217382 -0.0757719 0.973141 -0.0222491 0 0 0 1 
26456013410172;0.366617;0.114388;0.974385 -0.0176484 -0.224191 0.131607 0.032467 0.997511 0.0625843 -0.0471176 0.222529 -0.0682601 0.972534 -0.117546 0 0 0 1 
26456013410173;0.895873;0.326261;0.999377 0.0353029 0.000406285 -0.128815 -0.0352983 0.998887 0.0312977 -0.449755 0.000699067 -0.0312926 0.99951 0.471176 0 0 0 1 
26456013410174;0.457447;0.266303;0.999245 -0.0384491 -0.00566295 -0.197305 0.0383534 0.999134 -0.0161377 0.197218 0.00627852 0.0159083 0.999854 0.0226073 0 0 0 1 
26456013410175;0.623034;0.059358;0.999619 -0.00402399 -0.0273234 -0.0222374 0.00502633 0.999313 0.0367151 -0.014523 0.0271569 -0.0368385 0.998952 -0.540373 0 0 0 1 
26456013410176;0.235307;0.168696;0.994358 -0.0495334 -0.093802 -0.0881014 0.0491691 0.998771 -0.00619252 0.108584 0.0939935 0.00154542 0.995572 0.0515251 0 0 0 1 
26456013410177;0.877512;0.4615;0.999877 -0.0114408 -0.0107394 -0.00736082 0.0115163 0.999909 0.00699515 0.611149 0.0106584 -0.00711796 0.999918 0.0568323 0 0 0 1 
26456013410178;0.197683;0.0353837;0.999141 -0.0228316 -0.034592 -0.0717307 0.0232413 0.999664 0.0114865 0.12194 0.0343182 -0.0122805 0.999336 -0.0611205 0 0 0 1 
26456013410179;0.15124;0.120938;0.998047 -0.0107738 0.061528 -0.104236 0.00295289 0.99205 0.125813 -0.0711943 -0.0623943 -0.125386 0.990144 0.0195059 0 0 0 1 
26456013410180;0.554153;0.398387;0.999763 0.0216981 0.00153186 0.065578 -0.0209918 0.980878 -0.193486 0.331834 -0.00570086 0.193408 0.981102 -0.02637 0 0 0 1 
26456013410181;0.475904;0.0588585;0.999788 0.0179016 0.0101978 -0.0399876 -0.0202363 0.946187 0.322987 -0.671939 -0.00386701 -0.323125 0.946349 -0.0348977 0 0 0 1 
26456013410182;0.72307;0.473317;0.999031 -0.00472385 0.0437608 -0.191953 0.00921602 0.994636 -0.103028 0.162599 -0.0430394 0.103331 0.993715 0.237972 0 0 0 1 
26456013410183;0.714484;0.146921;0.999354 0.0323219 0.0157075 -0.216495 -0.0244638 0.932059 -0.361479 0.133261 -0.026324 0.360861 0.932248 0.441442 0 0 0 1 
26456013410184;0.435457;0.235615;0.999917 0.000766952 0.0128903 0.0612703 -0.000258217 0.999223 -0.0394219 0.226047 -0.0129105 0.0394153 0.99914 -0.191923 0 0 0 1 
26456013410186;2.57906;1.55301;0.996617 0.0266974 -0.0777289 0.134319 -0.030389 0.998446 -0.0467038 -0.422363 0.0763613 0.048908 0.99588 -0.43483 0 0 0 1 
26456013410187;0.634766;0.262159;0.996926 -0.0202731 -0.0756868 0.166404 0.013416 0.995848 -0.0900325 0.0635542 0.0771978 0.0887403 0.993059 -0.0241727 0 0 0 1 
26456013410188;1.09866;0.219634;0.97826 -0.0490327 -0.201503 0.248972 0.112666 0.941408 0.317896 -0.26967 0.174109 -0.333687 0.926466 0.108858 0 0 0 1 
26456013410189;0.60767;0.204648;0.959293 0.25878 -0.11309 -0.0528807 -0.25787 0.965909 0.0228529 -0.123206 0.115149 0.00724004 0.993322 0.099704 0 0 0 1 
26456013410190;1.29465;1.88478;0.668881 -0.693879 0.266703 -0.643696 0.483828 0.678744 0.552464 0.695704 -0.564366 -0.240494 0.789717 -0.827572 0 0 0 1 
26456013410191;1.28532;0.975829;0.949238 -0.311807 0.0415192 0.114634 0.314502 0.943264 -0.106496 0.353377 -0.00595752 0.114148 0.993446 -0.354242 0 0 0 1 
26456013410192;1.88351;2.47618;0.300312 -0.331977 -0.894206 -1.03303 -0.142439 0.911359 -0.386182 -0.17448 0.943146 0.243344 0.226405 2.04181 0 0 0 1 
26456013410193;1.11745;0.777726;0.996538 -0.0589428 -0.0586278 0.0142584 0.0812733 0.839137 0.537814 -0.351022 0.0174965 -0.540717 0.841022 0.142549 0 0 0 1 
26456013410194;2.37375;0.477451;0.959932 -0.277537 0.0387715 0.356783 0.276309 0.914324 -0.296084 0.151801 0.0467244 0.294933 0.954375 -0.524504 0 0 0 1 
26456013410195;1.70586;0.702729;0.995065 -0.092165 0.0367568 0.109406 0.0719056 0.925067 0.372936 -0.619598 -0.0683741 -0.368453 0.927129 -0.29958 0 0 0 1 
26456013410196;0.514644;0.189992;0.999983 0.00534526 0.00220641 0.00015322 -0.00544179 0.998911 0.0463441 -0.000804532 -0.00195628 -0.0463553 0.998923 0.176673 0 0 0 1 
26456013410197;2.7645;2.34361;0.745785 -0.654236 0.125616 -0.479524 0.648735 0.756097 0.0863694 0.977031 -0.151484 0.0170787 0.988312 -0.0334125 0 0 0 1 
26456013410198;2.3433;0.840882;0.933948 -0.352346 -0.0599413 0.665307 0.352703 0.935723 -0.00485844 -0.0276334 0.0578003 -0.016604 0.99819 0.23663 0 0 0 1 
26456013410199;2.04036;0.763149;0.987591 0.0925099 -0.126909 0.280505 -0.0228602 0.884166 0.466613 -0.974416 0.155375 -0.457922 0.875309 0.151294 0 0 0 1 
26456013410200;2.25828;2.25534;0.960797 -0.248456 0.123036 0.0323601 0.274515 0.914703 -0.296579 0.684013 -0.0388545 0.318728 0.94705 -0.152391 0 0 0 1 
26456013410201;2.32984;0.837161;0.968846 -0.108496 0.222633 -0.404536 0.00861538 0.913157 0.407517 -0.0142747 -0.247512 -0.392903 0.885644 -0.574548 0 0 0 1 
26456013410202;0.574695;0.242943;0.999619 -0.020439 0.0185323 -0.0251315 0.0205837 0.999759 -0.00765174 0.214133 -0.0183714 0.00803029 0.999799 0.101075 0 0 0 1 
26456013410203;2.04835;0.981575;0.96737 -0.0939812 0.235293 0.0249601 0.125865 0.984223 -0.124353 -0.076039 -0.219894 0.149911 0.963936 -0.409556 0 0 0 1 
26456013410204;0.669991;0.156403;0.991802 -0.127738 0.00335874 0.100645 0.117497 0.921989 0.368958 -0.194637 -0.0502268 -0.365539 0.92944 -0.0257544 0 0 0 1 
26456013410205;0.908947;0.361627;0.999314 0.0362627 -0.00748128 -0.00683448 -0.0343768 0.983726 0.176355 0.0537757 0.0137547 -0.175977 0.984298 0.00881641 0 0 0 1 
26456013410206;1.79634;1.60349;0.979774 -0.151224 -0.131047 0.197492 0.137336 0.98448 -0.109263 0.0512059 0.145536 0.0890557 0.985337 -0.149084 0 0 0 1 
26456013410207;0.232642;0.122403;0.99803 -0.0604564 -0.0167766 0.0400445 0.0610372 0.997465 0.036592 0.139586 0.0145219 -0.0375439 0.999189 -0.0142917 0 0 0 1 
26456013410208;2.37807;0.731452;0.990244 0.0598991 0.125816 -0.237104 -0.0728016 0.992261 0.100589 -0.420456 -0.118817 -0.108767 0.986941 -0.77136 0 0 0 1 
26456013410209;2.64335;0.881986;0.833023 -0.548056 0.0755442 0.507772 0.502882 0.807028 0.309541 0.10903 -0.230612 -0.219865 0.947881 -0.362232 0 0 0 1 
26456013410210;2.26073;0.958208;0.957269 -0.223315 0.183758 -0.321384 0.112755 0.873316 0.473925 -0.266108 -0.266314 -0.432954 0.861178 -0.611365 0 0 0 1 
26456013410211;1.42407;1.02892;0.987066 -0.0439745 -0.154168 0.208071 0.073292 0.979046 0.189994 0.0939893 0.142583 -0.198836 0.969605 0.249438 0 0 0 1 
26456013410212;1.48789;1.48894;0.960442 -0.0807872 -0.266505 0.241235 0.0892523 0.995813 0.019785 0.0784044 0.26379 -0.0427885 0.963631 0.178758 0 0 0 1 
26456013410213;1.60061;1.0714;0.938535 -0.214008 -0.270836 0.246318 0.268 0.946265 0.180992 0.511281 0.217549 -0.242451 0.945458 0.432996 0 0 0 1 
26456013410214;1.7042;1.89516;0.604102 -0.238031 -0.760527 -0.204322 0.775505 0.395283 0.492284 1.50389 0.183445 -0.887182 0.423385 0.695024 0 0 0 1 
26456013410215;0.754244;0.475017;0.99976 0.0210621 0.00606585 0.0501966 -0.0211654 0.999623 0.0175041 -0.0561552 -0.00569489 -0.0176282 0.999828 -0.114142 0 0 0 1 
26456013410217;1.32332;1.4587;0.904708 -0.132177 -0.40501 0.0348158 0.169787 0.98376 0.0582144 0.109318 0.390738 -0.121433 0.912457 0.369979 0 0 0 1 
26456013410218;1.34012;1.45805;0.964174 0.128138 -0.232269 -0.0521164 -0.0649328 0.962962 0.261702 -0.300545 0.2572 -0.237245 0.936783 0.403782 0 0 0 1 
26456013410219;0.65608;0.66126;0.98323 0.174148 0.0541511 -0.107045 -0.167722 0.980065 -0.106497 0.102363 -0.0716178 0.0956288 0.992837 -0.128856 0 0 0 1 
26456013410220;1.46371;0.751507;0.921202 -0.365198 0.134228 -0.0569465 0.373518 0.92666 -0.0422474 0.826832 -0.108955 0.0890549 0.99005 -0.0765817 0 0 0 1 
26456013410221;1.60635;1.70602;0.991369 -0.106395 -0.0765988 0.0820088 0.125824 0.936257 0.328011 0.0477836 0.0368175 -0.334818 0.941563 0.226044 0 0 0 1 
26456013410222;2.32392;0.629554;0.996065 -0.0156336 0.0872409 -0.141728 0.0553013 0.878835 -0.473909 0.287285 -0.0692614 0.476869 0.876241 -1.04636 0 0 0 1 
26456013410223;1.20647;0.986716;0.990225 0.127654 -0.0561961 0.00992393 -0.11323 0.971011 0.210515 -0.0163027 0.0814401 -0.202094 0.975974 0.154757 0 0 0 1 
26456013410224;0.781646;0.098268;0.948226 0.156507 0.276357 -0.378962 -0.2129 0.958929 0.18743 -0.240989 -0.235672 -0.236562 0.942601 -0.336859 0 0 0 1 
26456013410225;1.91639;0.296184;0.984103 -0.167099 0.0601657 0.0799279 0.150918 0.965393 0.212698 -0.111571 -0.0936252 -0.200237 0.975264 -0.729858 0 0 0 1 
26456013410226;0.740714;0.597429;0.972203 0.230207 0.0427248 -0.120794 -0.230465 0.97308 0.0011535 -0.0198818 -0.0413091 -0.010968 0.999086 -0.0365957 0 0 0 1 
26456013410227;0.854149;0.77678;0.997196 -0.0661659 0.0349739 -0.0149712 0.0648996 0.997236 0.0361812 -0.0805118 -0.0372712 -0.0338099 0.998733 0.0164403 0 0 0 1 
26456013410228;0.477964;0.121367;0.96906 -0.0991636 -0.226029 0.183893 0.0484436 0.974347 -0.219773 0.298339 0.242024 0.202024 0.949005 0.0450744 0 0 0 1 
26456013410229;0.488387;0.194737;0.933494 -0.250285 -0.256802 0.278034 0.297914 0.939889 0.166902 -0.0428682 0.199593 -0.232306 0.951944 0.240079 0 0 0 1 
26456013410230;0.907029;0.0801827;0.994458 0.10404 -0.0151561 -0.0148282 -0.102993 0.992965 0.0584227 0.0821384 0.0211278 -0.0565379 0.998177 -0.246651 0 0 0 1 
26456013410231;2.37848;0.0886641;0.972017 -0.13371 -0.193142 0.346326 0.194091 0.920298 0.339678 -0.448413 0.13233 -0.36766 0.920497 -0.607174 0 0 0 1 
26456013410232;0.758672;0.143685;0.997981 0.0622121 0.0127534 0.149891 -0.0626471 0.997344 0.0371455 -0.0939248 -0.0104086 -0.0378695 0.999228 -0.199214 0 0 0 1 
26456013410233;0.876115;0.107867;0.99889 -0.0468529 0.00475155 0.0268505 0.046474 0.997034 0.0613489 0.319771 -0.00761183 -0.06106 0.998105 0.0735712 0 0 0 1 
26456013410234;0.436918;0.0746554;0.987256 0.157568 0.0223138 -0.103832 -0.156508 0.935935 0.315485 -0.442597 0.0288262 -0.314957 0.948668 0.349274 0 0 0 1 
26456013410235;0.42537;0.0835676;0.93074 -0.0241659 0.364883 -0.390105 0.0665107 0.992358 -0.103932 0.0783255 -0.359583 0.121002 0.925234 -0.35875 0 0 0 1 
26456013410236;1.61117;0.661469;0.9518 0.305498 -0.0273419 -0.0187105 -0.273009 0.884449 0.378439 -0.771072 0.139795 -0.352734 0.925222 -0.19005 0 0 0 1 
26456013410237;1.76467;1.34837;0.956556 0.17522 0.233018 -0.130835 -0.242067 0.922777 0.29981 -0.416916 -0.162491 -0.343191 0.925103 -0.0553084 0 0 0 1 
26456013410238;1.19544;0.380471;0.966491 0.216536 0.137866 -0.144892 -0.255779 0.85779 0.44584 -0.497679 -0.0217199 -0.466164 0.884432 -0.107075 0 0 0 1 
26456013410239;0.73293;0.204529;0.906592 -0.370165 -0.202657 0.229768 0.391344 0.917145 0.0754704 0.229599 0.157929 -0.147729 0.976337 -0.0109664 0 0 0 1 
26456013410240;1.79116;1.95604;0.981568 0.173245 -0.0806903 -0.130819 -0.161128 0.977226 0.138085 -0.121651 0.102775 -0.122538 0.987128 0.159974 0 0 0 1 
26456013410241;1.92987;1.22567;0.95822 0.0385946 0.283415 0.00250032 -0.0282283 0.998778 -0.0405711 -0.0518375 -0.284635 0.0308757 0.958139 -0.266066 0 0 0 1 
26456013410242;1.40722;0.0693953;0.937427 0.263079 0.228078 -0.313321 -0.33322 0.867828 0.368565 -0.409194 -0.100971 -0.421503 0.901188 -0.388878 0 0 0 1 
26456013410243;0.583238;0.0893097;0.927126 -0.334612 0.168736 -0.16181 0.356744 0.925942 -0.123958 0.338312 -0.114762 0.175121 0.977836 -0.243295 0 0 0 1 
26456013410244;0.533279;0.0762248;0.994987 0.0567061 0.0823689 -0.0831466 -0.056863 0.998382 -0.000440802 0.00811062 -0.0822606 -0.00424515 0.996602 0.150785 0 0 0 1 
26456013410245;0.736282;0.524923;0.974044 -0.203148 -0.0998486 0.0995046 0.152857 0.915648 -0.371785 0.421618 0.166954 0.346872 0.922933 0.204159 0 0 0 1 
26456013410246;1.05866;0.670674;0.998534 -0.0512703 0.0173461 0.0478674 0.0537809 0.97594 -0.211304 0.0687487 -0.00609514 0.211927 0.977267 -0.200614 0 0 0 1 
26456013410248;1.23759;0.899697;0.984202 0.0674729 -0.163687 -0.182478 0.0664462 0.716186 0.694739 0.134982 0.164106 -0.69464 0.700389 1.03984 0 0 0 1 
26456013410249;1.46586;0.693193;0.808587 0.507427 0.297834 -0.508375 -0.463432 0.861139 -0.208976 -0.864481 -0.362517 0.0309497 0.931463 0.0315679 0 0 0 1 
26456013410250;0.412958;0.268558;0.985391 -0.145181 -0.0890324 -0.158006 0.131704 0.981053 -0.142086 0.242489 0.107974 0.128284 0.985842 0.270159 0 0 0 1 
26456013410251;1.34871;0.703073;0.95461 0.195038 -0.225121 -0.396329 -0.243041 0.946974 -0.210171 -0.466853 0.172192 0.255345 0.951393 0.892155 0 0 0 1 
26456013410252;1.49487;0.702915;0.988341 0.108694 -0.10662 0.143781 -0.0538835 0.904641 0.422754 -0.602785 0.142403 -0.41208 0.899951 -0.323242 0 0 0 1 
26456013410253;0.288077;0.283728;0.970256 0.237708 -0.0458135 -0.0652073 -0.240563 0.967913 -0.0726158 -0.480995 0.0270822 0.0814769 0.996307 -0.148358 0 0 0 1 
26456013410254;0.399182;0.281268;0.928636 0.361755 0.0822718 -0.332199 -0.354454 0.930621 -0.0911405 -0.462526 -0.109534 0.0554748 0.992434 -0.317182 0 0 0 1 
26456013410255;1.26559;0.44842;0.995169 0.0978848 0.00761483 -0.353772 -0.0964918 0.989429 -0.10826 -0.28081 -0.0181314 0.107003 0.994093 0.68596 0 0 0 1 
26456013410256;0.836061;0.660341;0.995838 0.0818639 -0.040064 0.097076 -0.0850342 0.992734 -0.0851432 -0.0647049 0.0328027 0.0881956 0.995563 -0.145684 0 0 0 1 
26456013410257;1.31918;0.716094;0.936706 0.336053 -0.0982399 -0.523576 -0.322512 0.937392 0.131461 -1.0195 0.136267 -0.0914569 0.986442 -0.0669653 0 0 0 1 
26456013410258;1.48742;1.04112;0.966463 -0.253111 0.0434112 0.163784 0.241583 0.953422 0.180621 0.244113 -0.0871064 -0.164076 0.982594 0.216846 0 0 0 1 
26456013410259;1.01942;0.272932;0.864596 0.497315 -0.0717833 -0.711705 -0.488363 0.865317 0.112816 -0.492113 0.11822 -0.0624839 0.99102 0.264741 0 0 0 1 
26456013410260;0.460663;0.273901;0.820352 0.559465 -0.118413 -0.253539 -0.503945 0.805133 0.312731 -1.04048 0.2703 -0.196876 0.942432 0.65163 0 0 0 1 
