#;prob_registration_l1 -r /home/probabilistic_point_clouds_registration/build/tester /home/point_clouds_registration_benchmark//devel/registration_pairs/p2at_met_local.txt /home/point_clouds_registration_benchmark//planetary/p2at_met -s 0.2 -t 0.2 -p 0.3 -r 1000 -m 15 -i 40 
id;initial_error;final_error;transformation
27844314100000;0.368279;0.327564;0.999471 0.000438314 0.0325186 0.066113 -0.00493591 0.99037 0.138358 -0.114212 -0.0321448 -0.138445 0.989848 -8.27869 0 0 0 1 
27844314100001;0.325629;0.134176;0.987575 0.0294014 -0.154375 0.925263 -0.000380872 0.982788 0.184739 -0.339248 0.15715 -0.182385 0.970587 -7.74135 0 0 0 1 
27844314100002;0.342132;0.124821;0.931498 -0.0375091 0.361807 -2.52433 -0.0676579 0.959445 0.273657 -2.96 -0.357398 -0.27939 0.891183 -24.6908 0 0 0 1 
27844314100003;0.135271;0.101322;0.995048 -0.0108838 0.0988017 -0.439414 -0.00651632 0.984706 0.1741 -0.376882 -0.0991855 -0.173882 0.979759 -12.6062 0 0 0 1 
27844314100004;0.89077;0.705045;0.985617 0.0421614 -0.163652 1.53804 0.000971575 0.96695 0.254965 -0.904845 0.168993 -0.251457 0.953001 -12.159 0 0 0 1 
27844314100005;0.300669;0.259978;0.934683 0.0476503 -0.352274 0.00685846 -0.00270837 0.991901 0.126983 -0.0275501 0.355471 -0.117735 0.927242 1.14604 0 0 0 1 
27844314100006;0.461976;0.426246;0.999944 0.00923396 0.0052537 0.638762 -0.00941262 0.999341 0.0350656 -0.142936 -0.00492644 -0.035113 0.999371 -2.0055 0 0 0 1 
27844314100007;1.17629;1.00198;0.999424 0.0140475 0.0308785 0.915166 -0.0167274 0.995952 0.0883202 -0.248113 -0.0295128 -0.0887859 0.995613 -4.55877 0 0 0 1 
27844314100008;0.519074;0.427102;0.999904 0.0126795 0.00556503 0.757794 -0.0128648 0.999317 0.0346435 -0.210986 -0.00512197 -0.0347117 0.999384 -1.52808 0 0 0 1 
27844314100009;0.482706;0.47621;0.993183 -0.0147324 0.115632 -0.684835 0.0203505 0.998661 -0.0475569 0.231924 -0.114776 0.0495859 0.992153 0.156941 0 0 0 1 
27844314100010;0.848926;0.0667116;0.999017 0.0271643 -0.0350244 1.66807 -0.0207155 0.984728 0.172861 -0.821407 0.0391852 -0.171966 0.984323 -11.3004 0 0 0 1 
27844314100011;0.370547;0.300822;0.981361 -0.000815741 -0.192174 -1.25494 -0.0104285 0.998292 -0.057492 -0.583589 0.191892 0.0584244 0.979675 8.35331 0 0 0 1 
27844314100012;1.02719;0.418428;0.991742 0.00110704 -0.128246 -0.792265 -0.0064641 0.999123 -0.0413631 -0.356278 0.128088 0.0418506 0.990879 7.68092 0 0 0 1 
27844314100013;0.818365;0.722979;0.998676 0.0210424 -0.0469441 1.16425 -0.0164057 0.995144 0.0970572 -0.413388 0.0487585 -0.0961585 0.994171 -5.3356 0 0 0 1 
27844314100014;0.722224;0.278295;0.998385 0.00150424 -0.056787 0.0105416 -0.00115532 0.99998 0.00617665 -0.0292942 0.0567951 -0.00610107 0.998367 -0.845807 0 0 0 1 
27844314100015;1.11358;0.637762;0.999534 -0.00111027 -0.0305154 0.11865 0.000343893 0.999685 -0.0251082 -0.109034 0.0305336 0.025086 0.999219 -0.295314 0 0 0 1 
27844314100016;0.370882;0.074749;0.992687 -0.0161007 0.119637 -0.746494 0.0643066 0.909267 -0.411216 -5.21844 -0.102161 0.415902 0.903653 21.7226 0 0 0 1 
27844314100017;0.341055;0.245556;0.995481 -0.000853196 -0.0949608 -0.564592 0.00444647 0.999282 0.0376344 0.345862 0.0948604 -0.0378865 0.994769 0.102902 0 0 0 1 
27844314100018;0.853373;0.270465;0.999549 0.00626959 0.0293748 0.54968 -0.00634114 0.999977 0.00234322 -0.0846147 -0.0293594 -0.00252843 0.999566 -2.97663 0 0 0 1 
27844314100019;0.871961;0.087559;0.999968 0.00593343 0.00545029 0.54959 -0.0057919 0.999655 -0.0256251 -0.19531 -0.00560045 0.0255927 0.999657 -0.98521 0 0 0 1 
27844314100020;0.613803;0.607843;0.996497 0.0268911 -0.0791909 1.22848 -0.00789084 0.972903 0.231078 -0.841606 0.083259 -0.229643 0.969707 -11.9295 0 0 0 1 
27844314100021;0.300355;0.0882887;0.948363 -0.0146991 -0.316845 -3.26991 -0.00455495 0.998191 -0.0599419 -0.463164 0.317153 0.0582899 0.946581 10.8776 0 0 0 1 
27844314100022;0.628187;0.0653652;0.999964 0.00495275 0.00686112 0.428257 -0.00480187 0.99975 -0.0218357 -0.184535 -0.00696755 0.021802 0.999738 -0.602323 0 0 0 1 
27844314100023;0.278091;0.0889289;0.996423 0.00711825 0.0842068 0.661946 -0.00350154 0.999068 -0.0430204 -0.289373 -0.0844345 0.0425716 0.995519 -0.233567 0 0 0 1 
27844314100024;0.416131;0.28482;0.969156 0.000529544 -0.246448 -1.44794 -0.010136 0.999237 -0.0377126 -0.292401 0.24624 0.0390474 0.968422 7.25803 0 0 0 1 
27844314100025;0.365706;0.321409;0.991953 -0.00436565 -0.126535 -0.850593 0.00408782 0.999989 -0.00245528 0.103049 0.126544 0.00191827 0.991959 2.66669 0 0 0 1 
27844314100026;0.38807;0.177512;0.983195 -0.00939157 0.182319 -0.43209 0.000527065 0.998818 0.0486086 0.0197097 -0.18256 -0.0476956 0.982037 -7.91891 0 0 0 1 
27844314100027;0.827287;0.741141;0.980935 -0.0192564 -0.193382 -2.20474 -0.00585936 0.991696 -0.128472 -1.13147 0.19425 0.127155 0.972676 11.5938 0 0 0 1 
27844314100028;0.216847;0.177622;0.993647 -0.017465 0.111177 -0.853693 0.0314553 0.991613 -0.125359 -0.113461 -0.108055 0.128059 0.985863 4.94493 0 0 0 1 
27844314100029;0.528223;0.402689;0.997056 0.00927282 0.0761191 0.804794 -0.00755044 0.99971 -0.0228842 -0.239817 -0.0763092 0.0222421 0.996836 -1.19467 0 0 0 1 
27844314100031;1.32944;0.657706;0.999798 -0.0133 -0.015049 -0.109042 0.0132225 0.999899 -0.00523706 0.023614 0.0151171 0.00503702 0.999873 2.61933 0 0 0 1 
27844314100032;1.35252;1.02471;0.950083 0.0519231 -0.307645 -1.5814 0.0434365 0.954439 0.295229 1.78339 0.308958 -0.293855 0.904541 6.19194 0 0 0 1 
27844314100033;0.908498;0.531801;0.974625 0.0246725 -0.222481 -0.994293 0.0283842 0.972262 0.232164 1.10879 0.222038 -0.232588 0.946891 4.9743 0 0 0 1 
27844314100034;0.315932;0.279032;0.999947 0.00877298 0.00546366 -0.0692055 -0.00886314 0.999821 0.0167014 -0.135871 -0.00531616 -0.0167489 0.999846 -0.163174 0 0 0 1 
27844314100035;0.38412;0.176356;0.999556 -0.00515502 -0.02935 0.0257099 0.00379924 0.998931 -0.0460636 -0.101876 0.0295561 0.0459316 0.998507 -0.475102 0 0 0 1 
27844314100036;0.255516;0.153623;0.996995 0.0205949 0.0746803 -0.0262157 -0.0329646 0.985167 0.1684 -0.0492025 -0.0701044 -0.170355 0.982886 -0.127258 0 0 0 1 
27844314100037;0.704806;0.456107;0.999664 -0.0198982 0.0166161 0.18833 0.0220969 0.989215 -0.144797 -0.0562652 -0.0135557 0.145115 0.989322 0.20299 0 0 0 1 
27844314100038;1.02577;0.662878;0.996425 0.0122411 0.0835891 0.0445716 -0.00956307 0.99943 -0.0323633 0.027719 -0.0839377 0.0314482 0.995975 0.662782 0 0 0 1 
27844314100039;0.646323;0.219594;0.998372 -0.00950603 0.0562384 0.0346193 0.0211271 0.97751 -0.20983 -0.12542 -0.0529789 0.210677 0.976119 0.123955 0 0 0 1 
27844314100040;0.526776;0.410103;0.957618 0.00980021 0.287874 -0.238931 0.000317117 0.999385 -0.0350773 -0.284542 -0.288041 0.033682 0.957026 -4.02733 0 0 0 1 
27844314100041;0.240913;0.173507;0.986846 -0.0252455 -0.159681 -0.318167 0.015894 0.998097 -0.0595717 -0.0249659 0.160881 0.0562501 0.98537 1.87764 0 0 0 1 
27844314100042;1.10623;0.775582;0.999683 -0.00640088 -0.0243696 0.0950328 0.00760882 0.99873 0.049802 -0.242602 0.0240199 -0.0499716 0.998462 -0.890548 0 0 0 1 
27844314100043;0.537176;0.414195;0.951199 0.0278086 0.307321 -0.393084 -0.113456 0.957687 0.264504 -1.08539 -0.286962 -0.286464 0.914107 -3.40171 0 0 0 1 
27844314100044;0.682374;0.392189;0.990984 -0.0095132 0.133645 0.235679 0.0278545 0.99031 -0.13605 0.0795199 -0.131056 0.138546 0.981646 -1.08483 0 0 0 1 
27844314100045;0.577329;0.355762;0.99663 -0.0134729 -0.0809145 -0.0606486 0.00959959 0.998798 -0.0480684 0.159176 0.0814648 0.0471296 0.995561 -0.0332239 0 0 0 1 
27844314100046;0.842689;0.597248;0.97832 0.0228485 -0.205836 -0.808264 0.00588122 0.99043 0.137894 -0.0375681 0.207017 -0.136115 0.968822 3.45662 0 0 0 1 
27844314100047;0.331521;0.328983;0.999723 0.00248411 0.0234207 0.00219072 -0.00181119 0.999586 -0.0287093 -0.0383709 -0.0234823 0.0286589 0.999313 -0.261151 0 0 0 1 
27844314100048;0.326512;0.239939;0.999709 -0.00438561 0.0237322 0.0927803 0.00579985 0.99819 -0.0598549 0.00533465 -0.0234268 0.0599751 0.997925 -0.0641541 0 0 0 1 
27844314100049;0.286094;0.160699;0.987082 0.00124825 -0.160211 -0.3548 0.00434914 0.999392 0.0345821 0.0286426 0.160157 -0.0348321 0.986477 1.62776 0 0 0 1 
27844314100050;1.23172;0.88752;0.999778 0.00777705 -0.0195698 -0.238993 -0.00742446 0.99981 0.0180256 0.211812 0.0197062 -0.0178763 0.999646 1.84472 0 0 0 1 
27844314100051;0.428034;0.173145;0.999728 -0.00300096 -0.0231431 -0.05284 0.00261347 0.999856 -0.0167554 -0.0137183 0.02319 0.0166904 0.999592 1.11352 0 0 0 1 
27844314100052;1.33827;0.88744;0.999527 -0.00925385 -0.0293119 0.229037 0.0125949 0.993177 0.115934 -0.25053 0.0280391 -0.116248 0.992824 -1.02999 0 0 0 1 
27844314100053;1.32669;0.773129;0.970586 -0.00730532 0.240643 0.253903 -0.0297162 0.988261 0.149856 -0.315573 -0.238913 -0.152599 0.958976 -0.321298 0 0 0 1 
27844314100054;0.560805;0.221042;0.990609 -0.00199681 0.136709 0.0632842 -0.00497716 0.998704 0.0506525 -0.21979 -0.136633 -0.0508573 0.989315 -0.429757 0 0 0 1 
27844314100055;0.956315;0.845926;0.999165 -0.00102296 0.0408511 0.0635003 0.00352624 0.998116 -0.0612531 0.155349 -0.0407115 0.061346 0.997286 0.292865 0 0 0 1 
27844314100056;1.36899;1.06382;0.998259 -0.0135537 0.0574074 0.163449 0.0208061 0.991597 -0.127685 -0.190099 -0.0551943 0.128657 0.990152 0.0180581 0 0 0 1 
27844314100057;0.0905846;0.0528134;0.990782 -0.00224879 0.135445 0.00553573 0.00319387 0.999972 -0.0067607 -0.0634786 -0.135426 0.00713098 0.990762 -1.6477 0 0 0 1 
27844314100058;0.707405;0.207056;0.999754 0.0186638 0.0119717 0.0459532 -0.0186509 0.999825 -0.00119448 -0.0247059 -0.0119919 0.000970908 0.999928 -1.48459 0 0 0 1 
27844314100059;0.65531;0.230593;0.892726 -0.00562387 0.450565 -1.05271 -0.0511695 0.992189 0.113769 -0.720518 -0.447686 -0.12462 0.885465 -6.20434 0 0 0 1 
27844314100060;1.27536;0.437391;0.981577 0.0146633 0.190502 -0.125968 -0.00335793 0.998221 -0.0595328 -0.514308 -0.191036 0.0577963 0.97988 -4.87605 0 0 0 1 
27844314100062;0.6633;0.491589;0.999971 -0.00763256 -0.000575833 -0.20983 0.00760752 0.99935 -0.035247 -0.00926048 0.000844484 0.0352416 0.999378 0.525267 0 0 0 1 
27844314100063;1.6099;0.103906;0.994455 0.00767732 -0.104878 0.248051 -0.00892889 0.999894 -0.0114692 -0.0676964 0.104779 0.0123421 0.994419 -0.413974 0 0 0 1 
27844314100064;1.94982;1.78905;0.99857 0.00341266 0.0533595 0.202765 -0.000902493 0.998895 -0.046996 -0.0224737 -0.0534609 0.0468806 0.997469 1.35472 0 0 0 1 
27844314100065;1.77485;0.762357;0.989001 0.0284089 0.145157 1.12359 -0.0835102 0.917247 0.389466 -3.11343 -0.12208 -0.397304 0.909531 -15.9463 0 0 0 1 
27844314100066;1.08018;0.542555;0.99746 0.0137184 0.0698962 0.744381 -0.0176653 0.998265 0.0561669 -0.192606 -0.0690044 -0.0572589 0.995972 -3.93528 0 0 0 1 
27844314100067;1.0783;0.530244;0.999474 -0.00334063 0.032256 -0.150727 0.00290118 0.999902 0.0136609 0.125276 -0.0322985 -0.0135601 0.999386 0.363194 0 0 0 1 
27844314100068;0.329721;0.288427;0.999876 0.0133304 0.00843837 0.450731 -0.0135459 0.99957 0.0260173 -0.0729376 -0.00808792 -0.0261284 0.999626 -1.06063 0 0 0 1 
27844314100069;0.992581;0.741129;0.917738 -0.0125675 0.396988 -0.523764 0.0413666 0.997088 -0.0640645 0.335628 -0.395027 0.0752164 0.915585 -4.0418 0 0 0 1 
27844314100070;1.68809;1.14264;0.999761 0.00607014 -0.0209827 -0.0516706 -0.00555259 0.999681 0.0246366 -0.015909 0.0211255 -0.0245142 0.999476 1.24325 0 0 0 1 
27844314100071;2.20263;0.988305;0.986885 0.0357546 -0.157417 0.874757 0.00553853 0.967088 0.25438 -0.505945 0.161331 -0.251916 0.954207 -8.13367 0 0 0 1 
27844314100072;0.844195;0.211961;0.918926 -0.0272767 -0.393485 -3.39531 -0.0246608 0.991681 -0.126336 -1.08096 0.393658 0.125797 0.910609 9.95028 0 0 0 1 
27844314100073;1.02691;0.547002;0.999372 0.00997084 0.0339882 0.2324 -0.0154321 0.986269 0.164424 0.105938 -0.031882 -0.164845 0.985804 -4.34698 0 0 0 1 
27844314100074;0.384882;0.333088;0.998292 0.00594948 0.0581115 0.293265 -0.0156248 0.985749 0.167496 -0.140835 -0.0562868 -0.168118 0.984159 -6.11517 0 0 0 1 
27844314100075;1.31596;0.606337;0.997841 0.00196947 -0.0656413 0.113434 -0.00396055 0.999536 -0.0302165 -0.0869973 0.0655513 0.0304113 0.997386 0.231726 0 0 0 1 
27844314100076;1.20785;1.17929;0.999917 -0.0012725 0.0128551 -0.0100864 0.00103581 0.99983 0.018402 0.101377 -0.0128763 -0.0183872 0.999748 -0.735606 0 0 0 1 
27844314100077;1.66098;0.430764;0.998027 0.0218381 -0.0588612 0.798846 -0.0169574 0.996473 0.0821777 -0.316913 0.0604483 -0.0810175 0.994878 -3.8088 0 0 0 1 
27844314100078;1.89852;1.64558;0.999996 -0.000486979 -0.00266876 0.042586 0.000472214 0.999985 -0.00553032 0.135701 0.00267141 0.00552904 0.999981 -0.831591 0 0 0 1 
27844314100079;1.7021;1.54345;0.99651 0.00453724 0.083351 0.346663 -0.0139634 0.993513 0.112859 -0.0975172 -0.0822982 -0.113629 0.990109 -3.86601 0 0 0 1 
27844314100080;1.10438;0.480227;0.972133 -0.00910976 0.234254 -0.1079 -0.00917102 0.997002 0.0768306 -0.0573719 -0.234252 -0.0768379 0.969135 -6.89652 0 0 0 1 
27844314100081;0.430079;0.410428;0.999978 -0.00660823 0.000924282 -0.223301 0.0066188 0.999907 -0.0119448 0.0842894 -0.000845262 0.0119506 0.999928 0.360797 0 0 0 1 
27844314100082;1.95213;1.4822;0.999131 0.023135 0.03466 0.644929 -0.0337415 0.937233 0.347067 -1.023 -0.0244551 -0.347935 0.9372 -9.64963 0 0 0 1 
27844314100083;0.583263;0.260383;0.965863 0.00274399 0.25904 0.263738 -0.0237647 0.996666 0.078052 -0.120904 -0.257962 -0.0815435 0.962708 -6.70833 0 0 0 1 
27844314100084;0.503644;0.421037;0.990821 0.00114746 0.135172 0.241105 -0.0356103 0.966858 0.252818 -0.786528 -0.130402 -0.255312 0.958025 -9.99175 0 0 0 1 
27844314100085;0.720603;0.440345;0.997784 0.0254246 0.0614841 1.01546 -0.0394912 0.97003 0.239755 -0.894743 -0.0535458 -0.241652 0.968885 -8.84122 0 0 0 1 
27844314100086;1.70425;1.42503;0.995983 0.0455708 -0.0770836 1.1534 -0.0185817 0.947263 0.319918 -0.970042 0.0875974 -0.3172 0.944304 -9.5557 0 0 0 1 
27844314100087;1.08193;0.869817;0.977974 -0.0323302 -0.206208 -1.73267 0.00498445 0.991267 -0.131775 -0.528721 0.208667 0.127845 0.969594 5.90263 0 0 0 1 
27844314100088;1.41218;0.820157;0.998119 -0.0124594 0.060033 -0.397146 0.017792 0.995861 -0.0891297 -0.0806611 -0.058674 0.0900301 0.994209 3.45997 0 0 0 1 
27844314100089;0.394008;0.330618;0.998572 0.00589819 -0.0530868 -0.0502983 -0.00657022 0.9999 -0.0124935 -0.094991 0.0530078 0.0128244 0.998512 1.07 0 0 0 1 
27844314100090;1.35838;0.794026;0.990512 -0.0427008 -0.130627 -1.47087 0.00708086 0.965099 -0.261789 -1.51242 0.137247 0.25838 0.956244 8.31933 0 0 0 1 
27844314100091;1.04859;1.03599;0.999416 0.000930791 -0.0341579 -0.134802 0.00155775 0.997349 0.0727551 0.197265 0.0341351 -0.0727659 0.996765 -1.85659 0 0 0 1 
27844314100093;0.967031;0.433204;0.99506 -0.0389441 -0.0913215 -4.11837 0.0264531 0.990601 -0.134203 -0.548074 0.0956896 0.131124 0.986737 16.9189 0 0 0 1 
27844314100094;1.92323;0.232964;0.972247 0.0588549 -0.226434 3.54798 -0.0126515 0.979651 0.20031 -0.901329 0.233615 -0.191886 0.953207 -8.35513 0 0 0 1 
27844314100095;0.873202;0.493498;0.992052 -0.00465362 0.125746 0.185461 -0.0376312 0.94261 0.331769 -5.49017 -0.120073 -0.333864 0.934943 -36.0943 0 0 0 1 
27844314100096;0.430323;0.443865;0.990113 0.0203604 -0.138784 1.19919 -0.0193483 0.999775 0.00863805 -0.60332 0.138929 -0.00586741 0.990285 4.20371 0 0 0 1 
27844314100097;1.73872;1.1761;0.99983 -0.0183071 0.00236858 -1.55313 0.0182778 0.999763 0.0118426 0.733198 -0.00258482 -0.0117972 0.999927 0.13108 0 0 0 1 
27844314100098;0.721991;0.408797;0.999866 0.0146175 0.00732823 1.57639 -0.0155424 0.988836 0.148195 -1.16484 -0.00508017 -0.148289 0.988931 -13.8016 0 0 0 1 
27844314100099;0.836004;0.848387;0.999428 -0.00498328 -0.0334501 -0.559557 0.00692218 0.998287 0.058101 0.32185 0.0331032 -0.0582993 0.99775 -4.6829 0 0 0 1 
27844314100100;2.4061;0.25693;0.999597 -0.0258608 -0.0117324 -2.23601 0.0280904 0.961066 0.274886 -0.712052 0.00416682 -0.275105 0.961405 -23.8685 0 0 0 1 
27844314100101;0.366989;0.350182;0.999777 0.0176958 -0.0114947 1.73067 -0.0116202 0.916404 0.400085 -6.98997 0.0176136 -0.399862 0.916406 -38.4669 0 0 0 1 
27844314100102;1.52564;1.3034;0.975904 -0.0246868 0.2168 -2.37958 0.0764717 0.969258 -0.233862 -1.53558 -0.204361 0.244806 0.94779 16.6102 0 0 0 1 
27844314100103;2.09748;0.367307;0.999913 0.00693161 -0.0112272 1.15314 -0.00688113 0.999966 0.00452872 -0.287682 0.0112582 -0.00445107 0.999927 -2.40927 0 0 0 1 
27844314100104;0.507469;0.304751;0.999469 0.0321447 -0.00539333 3.28409 -0.0320627 0.999378 0.0146652 -1.1072 0.00586139 -0.0144845 0.999878 -1.74944 0 0 0 1 
27844314100105;1.7041;1.83992;0.999253 -0.0244453 0.029935 -2.08486 0.0289038 0.986864 -0.158947 -0.924717 -0.0256563 0.159693 0.986833 14.3345 0 0 0 1 
27844314100106;0.621555;0.296144;0.975371 0.0275105 -0.218846 1.4973 -0.00639774 0.995302 0.0966024 -0.458655 0.220476 -0.0928231 0.970966 -1.70391 0 0 0 1 
27844314100107;0.153647;0.278565;0.99722 -0.0741251 -0.00755604 -7.24879 0.0741272 0.997249 4.81073e-06 2.61285 0.0075349 -0.000564906 0.999971 0.195013 0 0 0 1 
27844314100108;1.53872;0.220742;0.999182 0.0173216 -0.0365458 2.75438 -0.0220543 0.990823 -0.133356 -1.11597 0.0339005 0.134053 0.990394 15.5063 0 0 0 1 
27844314100109;1.60611;0.924408;0.999498 -0.000919399 -0.0316601 -0.23205 0.00306043 0.997705 0.0676436 -0.0743555 0.0315253 -0.0677065 0.997207 -6.92197 0 0 0 1 
27844314100110;2.36031;0.848237;0.999452 0.032959 -0.00322121 4.24672 -0.0331158 0.995054 -0.0936577 -2.73423 0.000118416 0.093713 0.995599 11.1232 0 0 0 1 
27844314100111;0.227132;0.203907;0.968149 0.0448435 -0.246324 2.50614 0.00336227 0.981412 0.191882 -0.897475 0.25035 -0.186599 0.950003 -9.45181 0 0 0 1 
27844314100112;2.20462;1.95791;0.998824 -0.0464218 -0.0139757 -4.51897 0.0402424 0.954664 -0.294952 -3.91105 0.0270343 0.294043 0.95541 28.2346 0 0 0 1 
27844314100113;2.4063;0.248965;0.993957 -0.0704369 0.0841869 -6.53204 0.0829769 0.984236 -0.156188 0.543477 -0.0718583 0.16223 0.984133 16.0919 0 0 0 1 
27844314100114;0.335195;0.256687;0.981054 -0.0276322 0.191752 -2.50255 0.044829 0.995292 -0.0859318 0.861048 -0.188475 0.0928998 0.977674 2.123 0 0 0 1 
27844314100115;1.83608;1.53299;0.999958 -0.00917865 0.000721471 -0.609222 0.00916411 0.999795 0.0180771 0.588106 -0.000887246 -0.0180698 0.999836 -1.45331 0 0 0 1 
27844314100116;1.89876;1.51458;0.976876 -3.4054e-05 0.213809 0.369185 -0.0176337 0.99658 0.0807258 -0.326093 -0.21308 -0.0826293 0.973534 -14.1534 0 0 0 1 
27844314100117;2.29451;0.613622;0.991751 0.0295631 -0.124723 2.10313 0.00346189 0.966506 0.25662 -1.70645 0.128132 -0.254934 0.958431 -17.8083 0 0 0 1 
27844314100118;2.1601;2.2563;0.999813 -0.0100992 0.0164638 -0.742914 0.0104413 0.999729 -0.0208294 0.257535 -0.016249 0.0209974 0.999647 1.82094 0 0 0 1 
27844314100119;1.47956;0.720685;0.999926 0.0120627 -0.00160484 1.60678 -0.011972 0.99878 0.0479007 -0.452514 0.00218069 -0.0478779 0.998851 -5.81837 0 0 0 1 
27844314100120;0.852594;0.442503;0.978267 -0.051628 -0.200819 -6.49611 0.00836648 0.977545 -0.210558 -2.84116 0.20718 0.204302 0.956732 27.8279 0 0 0 1 
27844314100121;1.87824;0.642114;0.998002 -0.00298803 0.0631076 0.300344 0.00154398 0.999736 0.0229187 -0.0558427 -0.0631594 -0.0227755 0.997744 -6.50814 0 0 0 1 
27844314100122;1.73464;0.243469;0.969353 -0.0177294 -0.245031 -1.88125 0.0156158 0.999822 -0.0105658 1.64782 0.245175 0.00641568 0.969458 8.3153 0 0 0 1 
27844314100124;0.405551;0.176893;0.997466 -0.0542952 -0.0459683 -4.73379 0.0589223 0.992603 0.106148 1.91159 0.039865 -0.108587 0.993287 -7.85419 0 0 0 1 
27844314100125;0.438401;0.170731;0.90702 -0.0944719 0.410353 -10.6819 0.142052 0.986031 -0.0869778 3.2968 -0.396403 0.137182 0.907769 -2.01541 0 0 0 1 
27844314100126;1.24567;0.52406;0.997987 -0.0180919 -0.0607898 -2.69007 0.0130111 0.996468 -0.0829589 -0.972571 0.062076 0.082001 0.994697 8.72891 0 0 0 1 
27844314100127;1.48846;1.16367;0.999355 0.0264426 -0.0242856 0.358658 -0.0247192 0.99733 0.068712 -1.921 0.0260377 -0.0680674 0.997341 -2.79955 0 0 0 1 
27844314100128;1.19785;0.158197;0.996857 -0.0145759 -0.0778659 -1.88965 0.01011 0.998298 -0.0574428 0.318604 0.0785706 0.056475 0.995308 5.82932 0 0 0 1 
27844314100129;1.23822;0.160791;0.990484 0.137181 0.0110457 9.98717 -0.136118 0.988324 -0.0684648 -6.77717 -0.0203088 0.0663098 0.997592 6.37672 0 0 0 1 
27844314100130;0.532996;0.208445;0.982438 0.00438455 -0.186539 -0.82932 -0.0437715 0.977242 -0.20756 -3.84467 0.181383 0.21208 0.960272 24.5275 0 0 0 1 
27844314100131;0.768744;0.386127;0.994521 0.0964697 -0.0402643 7.80554 -0.0859586 0.973879 0.210167 -4.88106 0.0594873 -0.205554 0.976836 -15.0378 0 0 0 1 
27844314100132;0.304449;0.154039;0.990015 0.0559282 -0.12939 3.83314 -0.0309014 0.981703 0.187897 -2.22224 0.137531 -0.182022 0.973629 -11.6107 0 0 0 1 
27844314100133;0.242712;0.177083;0.971799 -0.100512 -0.213316 -10.9317 0.0255447 0.944158 -0.328501 -5.38619 0.234422 0.313788 0.9201 35.844 0 0 0 1 
27844314100134;1.30166;0.165853;0.971115 0.0385942 0.23547 2.92115 -0.0355328 0.99922 -0.0172324 -1.15333 -0.235951 0.00836779 0.971729 -9.51161 0 0 0 1 
27844314100135;0.261851;0.165454;0.993721 -0.096321 0.0569315 -8.46214 0.0941697 0.994779 0.0393403 3.10259 -0.0604236 -0.0337321 0.997603 -4.87077 0 0 0 1 
27844314100136;1.42144;0.194307;0.991239 0.131807 0.00853258 11.1499 -0.130354 0.986639 -0.0977304 -7.6733 -0.0213001 0.0957619 0.995176 9.52977 0 0 0 1 
27844314100137;1.20547;0.511395;0.997745 -0.0441364 0.0505569 -4.38113 0.0589052 0.93691 -0.344573 -5.46465 -0.032159 0.346774 0.937397 30.96 0 0 0 1 
27844314100138;0.244336;0.163033;0.993869 0.0290304 -0.106686 1.82439 -0.0483041 0.981965 -0.18279 -3.94672 0.0994552 0.186823 0.977346 19.7114 0 0 0 1 
27844314100139;1.59431;0.163519;0.999056 -0.0434354 0.000497289 -2.97463 0.0434288 0.999012 0.00941575 -0.718594 -0.000905775 -0.00938527 0.999956 -1.87461 0 0 0 1 
27844314100140;0.22734;0.176875;0.995824 -0.0900838 0.0147935 -8.18181 0.0903328 0.995764 -0.0171245 2.88289 -0.0131882 0.0183894 0.999744 1.30753 0 0 0 1 
27844314100141;0.358346;0.237612;0.968155 -0.0681643 -0.240892 -7.99984 0.0235641 0.982759 -0.183382 -1.24009 0.249239 0.171866 0.95307 23.5846 0 0 0 1 
27844314100142;0.117962;0.20258;0.99936 0.0297831 0.0198125 2.49519 -0.028823 0.998474 -0.0470966 -1.40924 -0.0211849 0.0464954 0.998694 3.52758 0 0 0 1 
27844314100143;1.8568;1.61122;0.999736 0.0180668 0.0141686 1.83519 -0.0163383 0.993365 -0.113838 -2.7823 -0.0161313 0.113577 0.993398 9.60534 0 0 0 1 
27844314100144;0.573265;0.160577;0.987657 0.00154844 -0.156622 -1.6119 0.00158655 0.999801 0.0198893 0.80327 0.156621 -0.0198923 0.987458 3.67302 0 0 0 1 
27844314100145;0.564902;0.540465;0.993801 -0.0469548 -0.10077 -4.90649 0.0332284 0.99045 -0.13381 -0.209082 0.10609 0.129632 0.98587 15.3616 0 0 0 1 
27844314100146;0.457208;0.155708;0.999617 0.0185457 0.0205418 1.4257 -0.0192032 0.999294 0.0322868 -0.676625 -0.0199285 -0.0326689 0.999268 -2.62603 0 0 0 1 
27844314100147;0.839697;0.163629;0.994739 -0.0408185 -0.0939542 -5.18139 0.0510845 0.992663 0.109594 1.63405 0.0887914 -0.113817 0.989526 -8.01186 0 0 0 1 
27844314100148;1.27087;0.164608;0.999347 0.00629291 0.0355784 -0.998695 -0.000330345 0.986266 -0.165166 -3.36249 -0.0361292 0.165047 0.985624 13.4518 0 0 0 1 
27844314100149;0.814525;0.456459;0.991994 -0.0184674 0.124929 -2.28663 0.0782408 0.866394 -0.493193 -10.7871 -0.0991302 0.499019 0.860903 40.943 0 0 0 1 
27844314100150;1.30625;1.01839;0.996892 -0.0153548 0.0772727 -1.7248 0.0380095 0.952861 -0.301016 -4.06311 -0.0690081 0.303017 0.950483 23.4963 0 0 0 1 
27844314100151;1.21483;0.828256;0.987223 -0.0660524 0.145007 -5.85205 0.0680302 0.997645 -0.00871774 2.40151 -0.14409 0.0184712 0.989392 -2.04429 0 0 0 1 
27844314100152;0.850848;0.982299;0.979904 -0.00430589 0.199423 -1.10304 0.0567108 0.964524 -0.257833 -2.30979 -0.191238 0.263961 0.945385 16.3501 0 0 0 1 
27844314100153;1.33869;0.151625;0.986409 0.140533 0.0851315 10.2337 -0.142408 0.989673 0.0163389 -6.90424 -0.0819562 -0.0282402 0.996236 -5.82236 0 0 0 1 
27844314100155;1.31103;1.24175;0.997789 -0.0376976 -0.0547447 -1.95664 0.0263455 0.980455 -0.19497 -1.04857 0.0610247 0.193097 0.97928 10.3786 0 0 0 1 
27844314100156;0.173499;0.222294;0.999664 -0.0116558 -0.0231645 -0.855344 0.012061 0.999775 0.0174341 0.547503 0.0229561 -0.0177076 0.99958 -0.426259 0 0 0 1 
27844314100157;1.77732;1.0414;0.994353 0.0343008 -0.100429 0.954771 -0.0242025 0.994683 0.100097 -0.18438 0.103328 -0.0971009 0.989896 -3.5736 0 0 0 1 
27844314100158;2.31932;0.620386;0.974404 0.0744295 -0.212126 1.14613 0.0329672 0.88609 0.46234 -1.50125 0.222375 -0.457499 0.860955 -15.1952 0 0 0 1 
27844314100159;1.17995;0.232904;0.996609 0.0526482 -0.0632337 2.03469 -0.0477399 0.995905 0.0767716 -0.90258 0.0670166 -0.0734925 0.995042 -3.2163 0 0 0 1 
27844314100160;1.94121;0.771056;0.981862 -0.027671 -0.187566 -2.73227 0.0328002 0.999167 0.0242972 1.22491 0.186737 -0.0300087 0.981951 4.66336 0 0 0 1 
27844314100161;0.541664;0.466452;0.992518 0.00841395 -0.121811 -0.479227 -0.0227044 0.992942 -0.116409 -1.09805 0.119972 0.118304 0.985703 8.59213 0 0 0 1 
27844314100162;1.51732;1.39306;0.999343 -0.0021889 -0.0361765 -0.419027 0.00205439 0.999991 -0.00375492 0.0987187 0.0361844 0.00367814 0.999338 1.62923 0 0 0 1 
27844314100163;1.36524;1.11671;0.998943 -0.0243593 -0.0389732 -1.38288 0.0222888 0.998361 -0.0527074 0.0876276 0.0401933 0.051783 0.997849 2.77482 0 0 0 1 
27844314100164;0.587208;0.288668;0.999612 -0.0263555 -0.00900257 -1.42502 0.0268056 0.99817 0.0542051 1.0191 0.00755749 -0.0544254 0.998489 -1.82241 0 0 0 1 
27844314100165;1.53313;0.282709;0.999494 0.0315369 -0.00413298 1.90151 -0.031433 0.999238 0.0231586 -1.54225 0.00486017 -0.0230169 0.999723 0.124507 0 0 0 1 
27844314100166;0.330265;0.351384;0.997642 -0.0319193 -0.0607595 -1.92111 0.0255231 0.994325 -0.10328 -0.105934 0.0637113 0.101486 0.992795 6.29474 0 0 0 1 
27844314100167;0.903395;0.461445;0.998206 -0.0290382 0.0523548 -1.1508 0.0382752 0.98197 -0.185119 -0.907599 -0.0460353 0.186791 0.98132 6.83053 0 0 0 1 
27844314100168;2.432;0.293515;0.995114 -0.039085 0.0906638 -1.63544 0.0370039 0.999014 0.0245232 0.322361 -0.0915329 -0.0210484 0.99558 -0.473247 0 0 0 1 
27844314100169;1.16953;0.895005;0.939819 0.0451426 0.338676 2.29122 0.0650498 0.949462 -0.307067 -2.4242 -0.335422 0.310618 0.889386 6.65699 0 0 0 1 
27844314100170;0.524881;0.273726;0.981347 -0.0496314 -0.185727 -3.30732 0.0714529 0.991056 0.112706 1.47336 0.178473 -0.123874 0.976116 -1.78637 0 0 0 1 
27844314100171;2.35705;0.424846;0.964429 0.03056 0.262568 1.45923 0.00442432 0.99129 -0.131626 -0.455748 -0.264304 0.128106 0.955894 -2.51326 0 0 0 1 
27844314100172;0.422262;0.192401;0.997222 0.0203138 -0.0716689 0.242564 -0.0157827 0.997874 0.0632311 0.373064 0.072801 -0.0619243 0.995422 -1.29115 0 0 0 1 
27844314100173;0.404553;0.262478;0.997511 -0.0209652 -0.0673233 -1.30541 0.0284868 0.993211 0.112784 0.673579 0.0645017 -0.114421 0.991336 -3.7469 0 0 0 1 
27844314100174;0.99992;0.742389;0.999575 0.0215318 -0.019651 0.753042 -0.0205864 0.998678 0.0471026 -0.244075 0.0206392 -0.046678 0.998697 -2.16493 0 0 0 1 
27844314100175;0.837078;0.350504;0.999532 0.0284212 -0.0113505 0.834636 -0.0281056 0.999239 0.0270616 0.415212 0.0121109 -0.0267299 0.999569 -1.25931 0 0 0 1 
27844314100176;0.793248;0.552865;0.998008 -0.00952794 -0.0623594 -0.971012 -0.0111492 0.946326 -0.323022 -4.0298 0.0620901 0.323074 0.944335 16.8959 0 0 0 1 
27844314100177;2.13358;0.184195;0.999923 -0.00504222 -0.0113152 -0.181838 0.00522069 0.999862 0.0157985 0.49632 0.011234 -0.0158564 0.999811 -2.82144 0 0 0 1 
27844314100178;1.06641;1.05262;0.998449 -0.0210677 -0.0515282 -1.2252 0.0207746 0.999765 -0.00621724 0.382039 0.051647 0.00513712 0.998652 1.27473 0 0 0 1 
27844314100179;2.46162;0.831656;0.964742 -0.0305591 -0.261416 -2.87582 -0.00885273 0.988907 -0.148272 -0.79761 0.263047 0.145359 0.95377 10.211 0 0 0 1 
27844314100180;2.13141;1.62363;0.96674 0.0299437 0.254001 1.32099 -0.0861831 0.97318 0.213291 -2.54217 -0.240802 -0.228087 0.943393 -16.8139 0 0 0 1 
27844314100181;0.683715;0.448278;0.999677 0.0196773 0.0161065 0.831903 -0.0204501 0.998574 0.0493107 -0.0379194 -0.0151132 -0.0496242 0.998654 -2.01399 0 0 0 1 
27844314100182;1.078;0.31701;0.984578 -0.02565 0.173056 -0.874897 0.0160833 0.998275 0.0564584 0.384998 -0.174206 -0.0528044 0.983292 -5.32883 0 0 0 1 
27844314100183;1.04239;0.482612;0.910068 -0.0419703 0.412329 -2.28297 -0.050654 0.976138 0.21116 -1.09832 -0.411352 -0.213056 0.886226 -18.6604 0 0 0 1 
27844314100184;1.3844;0.312925;0.983801 -0.0332266 0.176158 -1.04239 0.0164694 0.995269 0.095748 -0.630862 -0.178506 -0.0912958 0.979694 -8.58421 0 0 0 1 
27844314100186;0.793481;0.132305;0.972839 0.100851 -0.208358 4.96728 -0.0476889 0.968114 0.245929 -2.32517 0.226516 -0.229313 0.946629 -7.73614 0 0 0 1 
27844314100187;1.90684;0.997832;0.999932 0.0089591 0.00740009 0.720186 -0.00890618 0.999935 -0.00715346 -0.279981 -0.0074637 0.00708707 0.999947 1.58951 0 0 0 1 
27844314100188;0.899725;0.38958;0.911822 0.00948761 0.410477 -0.298522 -0.0329387 0.998201 0.050097 -1.07735 -0.409263 -0.0592001 0.910494 -19.0015 0 0 0 1 
27844314100189;2.92803;2.78487;0.99634 -0.0269079 -0.0811338 -2.32976 0.0184033 0.994427 -0.103805 -0.525463 0.0834748 0.101932 0.991283 9.93267 0 0 0 1 
27844314100190;2.25734;1.77913;0.999168 0.0205545 -0.0352145 1.34676 -0.0256535 0.988187 -0.151088 -2.59755 0.031693 0.151866 0.987893 12.1722 0 0 0 1 
27844314100191;2.96618;1.1383;0.98907 -0.0124956 0.146913 -0.364584 0.0666091 0.926798 -0.369606 -5.3607 -0.131541 0.375353 0.917501 22.9662 0 0 0 1 
27844314100192;2.51273;2.04887;0.930838 -0.0139381 -0.365166 -4.74452 -0.0190067 0.996073 -0.086469 -1.65173 0.364937 0.0874293 0.926918 17.8207 0 0 0 1 
27844314100193;1.47826;0.999115;0.994841 0.0240329 -0.0985606 1.03408 -0.0176392 0.997714 0.0652364 -0.443504 0.0999032 -0.0631613 0.99299 -0.185221 0 0 0 1 
27844314100194;2.31253;1.52648;0.969074 0.0367457 -0.244021 -0.072023 -0.0292612 0.998986 0.0342276 -0.819741 0.245031 -0.0260287 0.969166 7.65454 0 0 0 1 
27844314100195;2.39108;0.457387;0.99182 -0.0579458 -0.113734 -4.10426 0.0226081 0.956681 -0.290261 -3.341 0.125626 0.285315 0.950165 21.3487 0 0 0 1 
27844314100196;0.463067;0.41793;0.995927 0.0176905 0.0884145 1.69441 -0.0241226 0.997097 0.0722187 -0.756131 -0.0868803 -0.0740573 0.993462 -8.22927 0 0 0 1 
27844314100197;2.03095;1.93672;0.995814 -0.00894764 -0.0909605 -1.03308 -0.00190455 0.992949 -0.118525 -1.16469 0.0913797 0.118203 0.988776 10.1157 0 0 0 1 
27844314100198;1.85236;1.19356;0.987226 -0.000487605 -0.159325 -1.05564 0.0078163 0.998939 0.045375 0.187637 0.159134 -0.0460407 0.986183 3.1038 0 0 0 1 
27844314100199;0.504668;0.306019;0.999053 -0.00417249 -0.0433145 -0.318681 0.0096927 0.991723 0.12803 0.312681 0.0424217 -0.128329 0.990824 -7.91038 0 0 0 1 
27844314100200;2.93423;1.1135;0.999357 -0.0339685 0.0114447 -2.01538 0.034848 0.995485 -0.0882878 0.525754 -0.00839402 0.0886299 0.996029 3.02512 0 0 0 1 
27844314100201;1.21539;0.440043;0.98873 0.0145327 0.149003 1.38551 -0.0426867 0.981329 0.187541 -2.2072 -0.143495 -0.191788 0.970889 -18.9664 0 0 0 1 
27844314100202;1.66781;0.432685;0.948009 0.0785119 -0.308406 1.76885 -0.0401428 0.990851 0.128849 -1.11094 0.315701 -0.10977 0.942488 4.10301 0 0 0 1 
27844314100203;0.429271;0.490098;0.929757 -0.0243397 0.367369 -1.94628 -0.0627972 0.972707 0.223376 -2.93897 -0.362779 -0.230755 0.902853 -28.571 0 0 0 1 
27844314100204;0.64969;0.765308;0.922626 0.0506648 -0.382354 -0.75443 0.0268746 0.980481 0.19477 0.345202 0.384759 -0.189975 0.903255 -0.915141 0 0 0 1 
27844314100205;2.89316;2.48403;0.996088 -0.0047319 -0.0882427 -0.507385 0.00247058 0.999666 -0.0257177 -0.239738 0.088335 0.0253991 0.995767 3.34623 0 0 0 1 
27844314100206;1.28236;0.862072;0.997928 -0.0104967 0.0634783 -0.156544 0.0220872 0.982536 -0.184757 -1.73258 -0.0604304 0.185776 0.980732 10.332 0 0 0 1 
27844314100207;1.92404;0.82215;0.977214 0.0722905 -0.199567 3.10942 -0.0510071 0.992643 0.109806 -1.55111 0.206037 -0.097125 0.973712 1.71464 0 0 0 1 
27844314100208;1.88311;0.388322;0.918324 0.0131891 0.39561 -0.0632714 0.0480105 0.988355 -0.144396 0.284102 -0.392908 0.151596 0.906996 -5.19623 0 0 0 1 
27844314100209;2.33052;0.255679;0.999373 0.0305262 0.0179543 2.55951 -0.0311322 0.99892 0.0345008 -0.982395 -0.0168817 -0.0350381 0.999243 -5.23118 0 0 0 1 
27844314100210;0.530209;0.530603;0.995219 -0.015102 0.0964959 -0.426088 0.0237329 0.995755 -0.0889322 -0.0532363 -0.0947432 0.0907971 0.991352 2.59158 0 0 0 1 
27844314100211;2.44996;1.08271;0.998059 0.011974 -0.0611148 0.386709 -0.0121447 0.999923 -0.00242227 -0.350658 0.0610811 0.00315979 0.998128 4.20582 0 0 0 1 
27844314100212;2.84301;0.68424;0.99789 0.022976 -0.0607291 1.87739 -0.02609 0.998358 -0.0509912 -0.61155 0.0594578 0.0524681 0.996851 2.89006 0 0 0 1 
27844314100213;1.50297;1.07833;0.998698 -0.0198699 0.0469764 -0.89961 0.0270142 0.987274 -0.156715 -1.06508 -0.0432647 0.15778 0.986526 9.39061 0 0 0 1 
27844314100214;0.564234;0.262176;0.987344 -0.096385 0.12594 -6.28159 0.0965266 0.995318 0.00499203 2.77811 -0.125832 0.00722772 0.992025 -3.39694 0 0 0 1 
27844314100215;0.386204;0.437277;0.994355 -0.000211674 -0.1061 -0.570334 -0.00543725 0.998582 -0.0529494 -0.620358 0.105961 0.0532274 0.992945 6.92195 0 0 0 1 
27844314100217;0.459527;0.790827;0.995786 0.0240312 -0.0885065 0.38969 -0.0257263 0.999506 -0.0180622 -1.09921 0.0880287 0.020263 0.995912 2.88814 0 0 0 1 
27844314100218;2.20727;0.176478;0.998881 0.0418687 -0.0220092 0.608881 -0.042026 0.999094 -0.00673405 -1.58241 0.0217073 0.00765147 0.999735 3.47631 0 0 0 1 
27844314100219;2.19715;0.444856;0.999201 -0.0348618 -0.0195662 -0.751508 0.034116 0.998724 -0.0372347 0.863056 0.0208393 0.0365375 0.999115 3.9809 0 0 0 1 
27844314100220;1.31114;0.119451;0.997742 -0.0169247 -0.0649968 0.588499 0.0152531 0.999542 -0.0261275 -0.575404 0.0654093 0.0250771 0.997543 2.31568 0 0 0 1 
27844314100221;1.65894;1.66723;0.999735 0.00303819 0.022827 0.30174 -0.00366825 0.999612 0.0276105 -0.0862918 -0.0227343 -0.027687 0.999358 -0.67136 0 0 0 1 
27844314100222;1.73745;1.05079;0.977648 0.0895761 -0.190214 0.743713 -0.069038 0.991308 0.111993 -2.14128 0.198593 -0.0963575 0.975334 4.91809 0 0 0 1 
27844314100223;2.40198;1.56584;0.998828 0.0119402 -0.0469 0.354288 -0.0120709 0.999924 -0.00250396 -0.00314007 0.0468665 0.00306715 0.998896 2.99538 0 0 0 1 
27844314100224;0.843273;0.861288;0.999158 0.0327958 -0.0246565 0.617944 -0.0307416 0.996359 0.0795208 -0.731089 0.0271746 -0.0786958 0.996528 -0.368763 0 0 0 1 
27844314100225;1.09219;1.31636;0.999891 -0.00420295 0.0141555 0.342657 0.00507863 0.998038 -0.062405 0.0995043 -0.0138654 0.0624701 0.997951 0.796211 0 0 0 1 
27844314100226;2.28577;0.939232;0.945084 0.120582 -0.303771 -1.00249 -0.0516756 0.97289 0.225419 -1.27985 0.322717 -0.197342 0.925694 8.39205 0 0 0 1 
27844314100227;0.739768;0.817206;0.990131 0.0506743 -0.13066 0.493018 -0.0469537 0.998403 0.031403 -1.34059 0.132043 -0.0249581 0.99093 3.75127 0 0 0 1 
27844314100228;0.965544;0.0653753;0.990193 0.0853975 -0.110564 1.25953 -0.0813887 0.995868 0.0402855 -2.9596 0.113548 -0.0308918 0.993052 3.82422 0 0 0 1 
27844314100229;0.882458;0.820144;0.963072 0.00527542 0.269194 0.486847 0.0402646 0.985743 -0.163369 0.426861 -0.266218 0.168175 0.949129 -6.03724 0 0 0 1 
27844314100230;0.333053;0.100961;0.952274 0.151366 -0.265072 0.156419 -0.0600877 0.944354 0.323397 -1.50397 0.299273 -0.292035 0.908378 3.10448 0 0 0 1 
27844314100231;2.08116;0.121563;0.995118 -0.0439445 0.0883643 -0.315649 0.0458617 0.998752 -0.0197842 0.951612 -0.0873846 0.0237401 0.995892 0.263818 0 0 0 1 
27844314100232;2.3687;2.13182;0.999717 0.000946367 -0.0237611 0.0409712 -0.00162188 0.999595 -0.028426 0.162593 0.0237246 0.0284565 0.999313 0.100023 0 0 0 1 
27844314100233;0.91161;0.576583;0.999579 0.0225339 -0.018256 0.753191 -0.0221987 0.999585 0.0183614 -0.590743 0.0186622 -0.0179484 0.999665 -0.733562 0 0 0 1 
27844314100234;2.15311;0.771573;0.997109 -0.00924703 0.0754134 0.869101 0.00860395 0.999924 0.00884794 0.620457 -0.0754895 -0.00817351 0.997113 -5.08273 0 0 0 1 
27844314100235;1.5865;1.4042;0.940872 -0.00158886 -0.33876 -3.50232 -0.0142994 0.998911 -0.0444003 -0.669693 0.338461 0.046619 0.939825 10.7217 0 0 0 1 
27844314100236;0.801975;0.827608;0.999941 0.00781757 -0.00757048 0.53593 -0.00834946 0.997298 -0.0729828 -0.38201 0.00697948 0.0730417 0.997304 1.48322 0 0 0 1 
27844314100237;0.36254;0.407431;0.996423 0.0424118 -0.073086 0.452263 -0.0392969 0.998278 0.043544 -1.17886 0.074807 -0.0405163 0.996375 1.71616 0 0 0 1 
27844314100238;0.509991;0.251812;0.995938 -0.0107438 -0.0894038 -0.35796 -0.022844 0.930231 -0.366264 -3.62336 0.0871012 0.366818 0.926206 8.79494 0 0 0 1 
27844314100239;2.45541;1.47358;0.999492 0.0161987 -0.0274551 0.0548586 -0.0154863 0.999543 0.0259649 -0.364721 0.0278631 -0.0255265 0.999286 2.82805 0 0 0 1 
27844314100240;0.531694;0.314345;0.999137 -0.0316349 0.0269179 -0.45081 0.0311714 0.999361 0.017469 1.11067 -0.0274533 -0.0166148 0.999485 -0.627719 0 0 0 1 
27844314100241;1.90316;0.813125;0.998589 -0.0139259 0.0512544 0.96599 0.0106162 0.997875 0.0642903 1.0197 -0.0520407 -0.0636554 0.996614 -4.07957 0 0 0 1 
27844314100242;0.857743;0.212471;0.987444 0.030433 0.155012 1.16698 -0.0347628 0.999075 0.0252981 -0.690606 -0.154098 -0.0303691 0.987589 -4.54772 0 0 0 1 
27844314100243;1.52979;1.75778;0.989647 -0.00248753 -0.1435 -0.615882 -0.00401864 0.998977 -0.0450314 -0.0727845 0.143466 0.0451419 0.988625 4.78561 0 0 0 1 
27844314100244;1.45043;0.850214;0.98655 0.100118 -0.129215 0.674169 -0.0549001 0.947508 0.314984 -1.25778 0.153967 -0.303653 0.94026 0.0785714 0 0 0 1 
27844314100245;0.353496;0.618664;0.997456 0.0520935 0.0486666 1.64168 -0.0610339 0.976779 0.205373 -1.41023 -0.0368379 -0.20782 0.977473 -4.94787 0 0 0 1 
27844314100246;0.304746;0.109403;0.995472 0.0883673 0.0350111 1.56705 -0.0799059 0.977499 -0.19522 -3.89153 -0.0514743 0.191538 0.980134 1.87325 0 0 0 1 
27844314100248;1.91005;1.76366;0.999965 -0.000857664 0.00834698 -0.0400119 0.000581968 0.999456 0.0329759 0.264829 -0.00837072 -0.0329699 0.999421 -2.27607 0 0 0 1 
27844314100249;1.74539;0.960473;0.920026 0.0112 0.391697 1.13733 0.0195038 0.997044 -0.07432 0.103719 -0.391371 0.0760159 0.917088 4.21533 0 0 0 1 
27844314100250;2.4193;2.00977;0.888179 0.0307279 -0.458469 0.89476 -0.024605 0.99951 0.0193235 -0.325333 0.458838 -0.0058821 0.8885 0.196629 0 0 0 1 
27844314100251;0.382775;0.218167;0.998322 0.0223077 0.053446 1.40146 -0.0301923 0.987982 0.151594 -0.437966 -0.049422 -0.152953 0.986997 -8.45458 0 0 0 1 
27844314100252;0.517763;0.600812;0.995334 -0.0107723 -0.0958909 -0.579889 -0.0137014 0.967903 -0.250951 -2.28241 0.0955164 0.251094 0.963239 13.0698 0 0 0 1 
27844314100253;0.421961;0.356506;0.995631 0.00300846 0.0933267 0.413677 0.00306982 0.997886 -0.0649172 -0.444472 -0.0933247 0.0649201 0.993517 3.119 0 0 0 1 
27844314100254;1.06506;0.281492;0.998321 0.0508482 -0.0277508 2.82196 -0.0431827 0.972568 0.228575 -1.19446 0.0386122 -0.226993 0.973131 -12.9219 0 0 0 1 
27844314100255;0.41574;0.289856;0.944484 0.000847543 -0.328556 -0.694122 -0.0136664 0.999233 -0.0367084 -0.300202 0.328273 0.0391607 0.943771 2.82635 0 0 0 1 
27844314100256;0.221269;0.104516;0.999744 0.00409328 -0.0222535 0.147132 -0.00291757 0.998611 0.0526105 0.123406 0.022438 -0.0525322 0.998367 -3.00979 0 0 0 1 
27844314100257;0.472366;0.254092;0.996701 0.0451503 0.0674436 2.62161 -0.068635 0.912403 0.403496 -3.8983 -0.0433178 -0.406794 0.912492 -21.6565 0 0 0 1 
27844314100258;0.965959;0.647681;0.961949 0.00900878 -0.273081 -0.465049 0.00288849 0.999065 0.0431334 0.119851 0.273215 -0.0422809 0.961023 -1.27929 0 0 0 1 
27844314100259;0.701583;0.615016;0.999773 0.0139283 -0.0161425 0.912159 -0.014053 0.999872 -0.00763725 -0.157075 0.016034 0.00786237 0.999841 -0.0575367 0 0 0 1 
27844314100260;1.49458;1.10308;0.991391 0.0214191 -0.129169 0.5174 0.0162735 0.958722 0.28388 -0.805197 0.129917 -0.283538 0.95012 -14.1087 0 0 0 1 
