#;prob_registration_l1 -r /home/probabilistic_point_clouds_registration/build/tester /home/point_clouds_registration_benchmark//devel/registration_pairs/pioneer_slam3_local.txt /home/point_clouds_registration_benchmark//tum/pioneer_slam3 -s 0.1 -t 0.1 -p 0.3 -r 1000 -m 15 -i 40 
id;initial_error;final_error;transformation
39885980090000;0.518509;0.102942;0.993255 0.0568454 -0.10106 0.0190951 -0.0436708 0.990799 0.128103 0.106696 0.107412 -0.122826 0.986598 -0.44458 0 0 0 1 
39885980090001;1.1366;0.839939;0.998305 -0.0273277 -0.0513774 0.118646 0.029211 0.998915 0.0362682 -0.336574 0.0503305 -0.0377076 0.998021 0.292557 0 0 0 1 
39885980090002;0.639436;0.545906;0.99967 0.0188822 0.0174448 0.0350144 -0.0149872 0.979419 -0.201282 0.0737049 -0.0208864 0.200954 0.979378 -0.108986 0 0 0 1 
39885980090003;0.346141;0.107632;0.955723 -0.0648644 -0.28703 0.158559 -0.0237492 0.95522 -0.294943 0.0723228 0.293308 0.288701 0.911385 -0.834567 0 0 0 1 
39885980090004;1.0895;0.802194;0.969144 -0.0291335 -0.244768 0.215775 -0.0247076 0.976509 -0.214057 0.338415 0.245254 0.2135 0.945658 -1.11219 0 0 0 1 
39885980090005;0.90722;0.642699;0.998788 0.0435795 -0.0228634 0.0170352 -0.0451274 0.996366 -0.0722352 0.244909 0.0196323 0.0731795 0.997126 -0.458632 0 0 0 1 
39885980090006;0.367469;0.090114;0.978446 -0.0146777 -0.205982 0.0335245 -0.0324531 0.974147 -0.223572 0.126861 0.203938 0.225438 0.952674 -0.985431 0 0 0 1 
39885980090007;0.500039;0.344869;0.999531 -0.0305377 0.00243436 0.0129038 0.0296169 0.942961 -0.331582 -0.0435679 0.00783025 0.331499 0.943423 -0.356485 0 0 0 1 
39885980090008;1.30544;0.807705;0.984803 0.0230297 -0.172139 0.121255 -0.0342127 0.997472 -0.0622827 0.264492 0.170269 0.0672255 0.983102 -1.07272 0 0 0 1 
39885980090009;1.07285;0.968139;0.999336 -0.021272 -0.0295664 -0.011577 0.0211697 0.999769 -0.00376756 -0.135421 0.0296397 0.00313915 0.999556 -0.0240171 0 0 0 1 
39885980090010;0.993349;0.836612;0.999706 0.022865 -0.00805723 -0.00262381 -0.0233102 0.997905 -0.0603505 0.0496684 0.00666044 0.0605206 0.998145 0.303816 0 0 0 1 
39885980090011;1.19076;0.862226;0.99734 -0.0188065 0.0704179 -0.105702 0.0359429 0.967396 -0.250703 0.0610553 -0.0634071 0.252567 0.965499 -0.593957 0 0 0 1 
39885980090012;1.08018;0.472392;0.993403 0.0727436 -0.0886555 0.109754 -0.0829722 0.98957 -0.117758 0.0127404 0.0791647 0.124337 0.989077 -0.967859 0 0 0 1 
39885980090013;0.734434;0.280393;0.999482 0.00792275 -0.031188 -0.0506044 -0.0148369 0.973507 -0.228177 -0.00769206 0.0285539 0.228522 0.97312 0.141761 0 0 0 1 
39885980090014;1.32795;0.87624;0.926093 0.0335538 -0.375799 0.321911 0.0411764 0.9811 0.189071 -0.0736926 0.37504 -0.190572 0.907208 -1.14698 0 0 0 1 
39885980090015;0.724355;0.0671492;0.99977 0.00600571 0.0205921 0.0282716 -0.00599764 0.999982 -0.000453675 0.0418785 -0.0205945 0.000330066 0.999788 -0.502622 0 0 0 1 
39885980090016;0.348273;0.0134332;0.980764 0.0135338 -0.194725 0.065778 0.0287537 0.976693 0.212705 -0.0397609 0.193065 -0.214212 0.957517 -0.378191 0 0 0 1 
39885980090017;0.847163;0.450172;0.997056 -0.0498902 -0.0582278 0.201415 0.0368138 0.977597 -0.20724 0.104841 0.0672626 0.204486 0.976556 -0.840616 0 0 0 1 
39885980090018;0.98085;0.565928;0.987802 0.00784361 -0.155517 -0.037191 -0.0335102 0.986038 -0.163116 0.166226 0.152066 0.166338 0.974273 -0.017489 0 0 0 1 
39885980090019;1.01873;0.414267;0.997352 0.0573432 0.0447254 -0.169496 -0.0598763 0.996547 0.0575183 -0.172609 -0.0412727 -0.060044 0.997342 0.802326 0 0 0 1 
39885980090020;0.349842;0.194915;0.977548 0.0992781 0.185861 -0.121114 -0.0695818 0.984663 -0.15999 0.237323 -0.198894 0.143466 0.969463 0.366533 0 0 0 1 
39885980090021;0.142777;0.0401009;0.978028 -0.0149862 -0.207934 0.0642415 -0.00366382 0.996023 -0.0890183 0.00527687 0.208441 0.0878243 0.974084 -0.536067 0 0 0 1 
39885980090022;0.343863;0.175305;0.991194 0.0287956 0.129252 -0.0134432 -0.0236681 0.998877 -0.0410332 0.045956 -0.130288 0.0376127 0.990762 0.445413 0 0 0 1 
39885980090023;0.973502;0.882891;0.950033 0.0128683 -0.311885 0.138206 0.048672 0.980823 0.188728 -0.138766 0.308333 -0.194478 0.931187 -0.549052 0 0 0 1 
39885980090024;1.13358;0.0869247;0.99792 0.0573297 0.0294646 -0.121993 -0.0558652 0.997268 -0.0483312 0.0335019 -0.0321549 0.0465847 0.998397 -0.837617 0 0 0 1 
39885980090025;0.64818;0.422104;0.999225 -0.0312014 -0.0240119 0.000834506 0.0294469 0.997095 -0.0702433 -0.162556 0.0261338 0.0694818 0.997241 0.0960874 0 0 0 1 
39885980090026;1.25567;0.249427;0.990192 -0.0824277 0.112807 0.130807 0.064659 0.986111 0.152987 -0.189858 -0.123851 -0.144192 0.981769 1.4164 0 0 0 1 
39885980090027;0.709211;0.259074;0.998352 0.0442867 0.0364828 -0.0616452 -0.0441665 0.999016 -0.00409497 0.26226 -0.0366282 0.0024769 0.999326 0.505045 0 0 0 1 
39885980090028;1.02062;0.63311;0.999658 0.0247222 0.00854597 -0.000885078 -0.0247389 0.999692 0.00184826 0.138359 -0.00849765 -0.00205905 0.999962 0.570698 0 0 0 1 
39885980090029;0.737875;0.362482;0.992561 0.0495176 -0.111221 -0.0465143 -0.0291866 0.98369 0.177489 0.0141312 0.118196 -0.172923 0.977818 0.411879 0 0 0 1 
39885980090031;0.500388;0.214676;0.967108 0.0102919 -0.254158 0.317026 0.0221713 0.991968 0.124534 0.123175 0.253399 -0.126073 0.959112 -1.50762 0 0 0 1 
39885980090032;0.490152;0.597673;0.945515 -0.307486 -0.107024 0.119989 0.312172 0.949559 0.0297777 -0.47054 0.0924689 -0.0615649 0.99381 -0.396838 0 0 0 1 
39885980090033;0.259006;0.379442;0.956356 -0.199382 -0.213611 0.215503 0.213624 0.975853 0.0455652 -0.174042 0.199368 -0.089209 0.975856 -0.768989 0 0 0 1 
39885980090034;0.13399;0.262833;0.995671 -0.0504063 -0.0780927 0.0854543 0.0464138 0.997561 -0.0521248 0.115593 0.0805297 0.0482746 0.995583 -0.280699 0 0 0 1 
39885980090035;0.310003;0.217348;0.992173 0.0773804 -0.0980079 0.44164 -0.100754 0.95973 -0.262236 0.480193 0.0737692 0.270058 0.960014 0.279154 0 0 0 1 
39885980090036;0.791909;0.219096;0.906236 0.0372474 -0.421129 1.44015 0.0581507 0.975662 0.211429 -0.273155 0.418755 -0.216094 0.882013 -1.96812 0 0 0 1 
39885980090037;0.326129;0.331963;0.999724 0.00751801 0.0222423 0.0277948 -0.00676648 0.99941 -0.0336729 0.153377 -0.0224823 0.0335131 0.999185 0.336516 0 0 0 1 
39885980090038;0.582863;0.586002;0.999971 0.00589562 -0.00483485 0.0483747 -0.00609003 0.999131 -0.0412339 -0.016018 0.00458755 0.0412621 0.999138 -0.0834682 0 0 0 1 
39885980090039;0.172583;0.291809;0.999461 -0.02591 -0.020177 0.071023 0.0250706 0.998853 -0.0408012 0.24154 0.021211 0.0402733 0.998964 0.132143 0 0 0 1 
39885980090040;0.259945;0.254859;0.996197 -0.00880069 0.0866824 0.27485 -0.00818103 0.981042 0.193624 0.449999 -0.086743 -0.193597 0.977239 -0.125718 0 0 0 1 
39885980090041;0.477445;0.586866;0.994487 -0.0882949 0.0565678 0.190853 0.0876738 0.996059 0.013375 -0.100456 -0.0575258 -0.00834176 0.998309 -0.141068 0 0 0 1 
39885980090042;0.418217;0.304882;0.997053 0.0766901 -0.00193637 0.460687 -0.0767141 0.996821 -0.0214964 0.644385 0.000281651 0.0215816 0.999767 0.294919 0 0 0 1 
39885980090043;0.341309;0.420645;0.992052 -0.0771418 -0.0994112 0.275146 0.10113 0.958901 0.265108 -0.168959 0.0748746 -0.273054 0.95908 -0.72946 0 0 0 1 
39885980090044;0.352045;0.320148;0.928166 -0.146493 0.342123 0.0759639 0.0715531 0.972364 0.222235 -0.0574894 -0.365224 -0.181791 0.912997 0.495466 0 0 0 1 
39885980090045;0.207777;0.316416;0.97922 -0.102151 0.175197 0.0315447 0.103107 0.994664 0.00366234 0.0266662 -0.174636 0.0144778 0.984527 0.518634 0 0 0 1 
39885980090046;0.379302;0.34567;0.953257 0.038381 0.299714 0.421839 0.0367805 0.969785 -0.241172 0.137044 -0.299914 0.240922 0.923043 1.01444 0 0 0 1 
39885980090047;0.227046;0.208038;0.973438 0.0747793 0.216396 0.339818 -0.0886601 0.994534 0.0551516 0.381118 -0.211089 -0.0728723 0.974747 0.179955 0 0 0 1 
39885980090048;0.266999;0.203419;0.989078 0.0610846 0.134136 0.426254 -0.0346016 0.980874 -0.191542 0.325109 -0.143271 0.184808 0.972275 0.973717 0 0 0 1 
39885980090049;0.523967;0.26102;0.943112 0.0416149 0.32986 0.700582 -0.12179 0.966416 0.22629 0.481402 -0.309365 -0.25359 0.916507 1.00644 0 0 0 1 
39885980090050;0.207409;0.371789;0.999369 -0.0225201 -0.0274752 0.259013 0.0226316 0.999737 0.00375204 0.0520532 0.0273835 -0.00437148 0.999615 -0.0595608 0 0 0 1 
39885980090051;0.499446;0.212458;0.990267 0.095279 0.101459 0.708005 -0.0788411 0.984726 -0.155235 0.622737 -0.1147 0.145725 0.982654 -0.016612 0 0 0 1 
39885980090052;0.316512;0.300566;0.988935 0.102889 0.106871 0.344835 -0.0844315 0.982707 -0.164797 0.626766 -0.121979 0.153951 0.98052 0.306561 0 0 0 1 
39885980090053;0.450592;0.373834;0.998719 -0.0392998 0.0318815 0.249482 0.0411102 0.997454 -0.0582732 0.400198 -0.0295102 0.0595092 0.997791 -0.435695 0 0 0 1 
39885980090054;0.48513;0.453137;0.981722 -0.188194 -0.0283759 0.0182184 0.185018 0.908747 0.374095 -0.295676 -0.044616 -0.372507 0.926956 -0.656125 0 0 0 1 
39885980090055;0.127893;0.265388;0.992271 -0.111609 -0.0542297 0.13343 0.107531 0.991514 -0.0730597 -0.00260855 0.0619236 0.0666637 0.995852 0.0131172 0 0 0 1 
39885980090056;0.526201;0.476953;0.969695 -0.244215 -0.00707289 0.231157 0.242671 0.959402 0.143732 -0.087059 -0.0283157 -0.141093 0.989591 0.393234 0 0 0 1 
39885980090057;0.593626;0.313869;0.974159 0.0499826 -0.220263 1.03286 0.0293916 0.938861 0.343039 0.0581072 0.223943 -0.340648 0.913131 -0.781204 0 0 0 1 
39885980090058;0.12749;0.186876;0.984791 0.0166575 -0.172942 0.239391 -0.0246702 0.998714 -0.0442855 0.253162 0.171982 0.0478785 0.983936 -0.357933 0 0 0 1 
39885980090059;0.597495;0.374214;0.935999 -0.0713906 -0.344686 0.265606 -0.00276042 0.977699 -0.209995 0.19408 0.351991 0.197506 0.914928 0.217638 0 0 0 1 
39885980090060;0.466612;0.357953;0.982798 -0.18453 0.00758403 0.11343 0.181956 0.960424 -0.210899 -0.00817126 0.0316332 0.208651 0.977479 0.77019 0 0 0 1 
39885980090062;0.722072;0.633089;0.988012 0.0283366 -0.151756 -0.0604601 -0.0229718 0.999052 0.0369886 0.101079 0.15266 -0.0330591 0.987726 -0.292516 0 0 0 1 
39885980090063;0.21414;0.0564295;0.99821 0.0290735 0.0522559 -0.0272093 -0.00600578 0.918179 -0.396121 0.14531 -0.0594968 0.395099 0.91671 -0.333851 0 0 0 1 
39885980090064;0.937509;0.607;0.999647 0.0104717 0.0244098 -0.093515 -0.00565332 0.981829 -0.189683 0.0164564 -0.0259526 0.189478 0.981542 -0.698938 0 0 0 1 
39885980090065;0.614008;0.331659;0.941783 0.117305 0.315095 -0.161976 -0.0230787 0.957507 -0.287485 0.241957 -0.335429 0.263476 0.904471 0.47291 0 0 0 1 
39885980090066;0.857809;0.40739;0.998709 0.0181652 0.047448 -0.0402292 -0.0136139 0.995428 -0.094542 -0.0113862 -0.0489484 0.0937739 0.99439 0.619087 0 0 0 1 
39885980090067;0.711929;0.645991;0.993569 -0.0035692 -0.113174 0.0654363 -0.0117034 0.990913 -0.133996 0.0558147 0.112624 0.134458 0.984498 -0.586191 0 0 0 1 
39885980090068;0.589386;0.147534;0.999979 -0.00524326 0.00369033 0.0304244 0.00522086 0.999968 0.00605495 -0.0102576 -0.00372196 -0.00603556 0.999975 0.501509 0 0 0 1 
39885980090069;0.410197;0.217434;0.998964 -0.0112146 -0.0441064 0.0507196 0.0120122 0.999768 0.01786 -0.0394691 0.0438959 -0.0183713 0.998867 -0.350394 0 0 0 1 
39885980090070;0.483885;0.200054;0.936475 0.0786825 0.341795 -0.0422989 -0.0892759 0.995889 0.0153475 0.18555 -0.339182 -0.0448866 0.939649 1.10528 0 0 0 1 
39885980090071;0.64931;0.581154;0.975913 -0.0566724 -0.21067 0.0837182 -0.018548 0.940618 -0.338959 0.134312 0.21737 0.334702 0.916911 -0.845295 0 0 0 1 
39885980090072;0.398606;0.351877;0.999039 -0.0226449 0.0375331 0.0069105 0.0139636 0.976029 0.217191 -0.0441023 -0.0415516 -0.216458 0.975407 0.390881 0 0 0 1 
39885980090073;0.928997;0.678352;0.954774 0.0940778 -0.282058 0.0605725 -0.0872256 0.995509 0.0367819 0.368005 0.284251 -0.0105157 0.958692 -0.432044 0 0 0 1 
39885980090074;0.42064;0.266319;0.913523 0.0340957 0.405355 0.11337 0.00183546 0.996126 -0.0879237 -0.00116248 -0.406783 0.0810644 0.909921 1.04737 0 0 0 1 
39885980090075;0.428471;0.151814;0.940487 0.0970522 0.325678 -0.0309105 -0.153322 0.976451 0.151777 0.502198 -0.303278 -0.192678 0.933219 1.18736 0 0 0 1 
39885980090076;0.878954;0.692703;0.993725 -0.00913978 0.111476 0.0509033 0.00912763 0.999958 0.000619365 -0.0351619 -0.111477 0.000402036 0.993767 0.694186 0 0 0 1 
39885980090077;0.395145;0.370557;0.998106 0.061307 -0.0050408 -0.117227 -0.0610525 0.97727 -0.203015 0.0991791 -0.00752003 0.202939 0.979163 -0.21798 0 0 0 1 
39885980090078;1.1758;0.146081;0.99886 -0.0400882 0.025918 -0.0574133 0.0412849 0.998022 -0.047418 -0.16758 -0.0239658 0.048434 0.998539 -0.965153 0 0 0 1 
39885980090079;1.02505;0.775088;0.96438 -0.0285696 -0.262973 -0.0441031 -0.0412988 0.965697 -0.256366 0.0909264 0.261276 0.258095 0.930119 -0.502618 0 0 0 1 
39885980090080;0.475546;0.106279;0.99997 -0.00545618 -0.00552474 0.0212217 0.00534242 0.999778 -0.0204005 -0.0150579 0.00563483 0.0203704 0.999777 -0.421116 0 0 0 1 
39885980090081;0.321616;0.0686196;0.945531 0.00258363 0.325522 0.183604 0.00554751 0.999695 -0.0240481 -0.0103046 -0.325485 0.0245441 0.945229 0.951037 0 0 0 1 
39885980090082;1.0641;0.385296;0.971028 0.0624353 0.230664 -0.335417 -0.0699595 0.997247 0.0245779 0.154859 -0.228495 -0.040003 0.972723 -0.0213493 0 0 0 1 
39885980090083;0.893927;0.206371;0.948473 0.00316739 0.316841 -0.121208 -0.11069 0.940262 0.321954 -0.0222031 -0.296894 -0.340436 0.892164 0.773716 0 0 0 1 
39885980090084;0.543877;0.465235;0.996077 -0.0163643 -0.0869698 0.0718951 0.00253505 0.987627 -0.156799 -0.349131 0.0884597 0.155963 0.983794 -0.335975 0 0 0 1 
39885980090085;0.738131;0.589114;0.878438 0.0867674 0.469914 0.0992585 -0.105333 0.994348 0.0133029 0.158446 -0.466104 -0.061183 0.882612 0.984973 0 0 0 1 
39885980090086;0.60161;0.0715285;0.999265 0.037856 0.00608045 -0.0416356 -0.0380637 0.998524 0.0387386 0.0726391 -0.00460499 -0.0389415 0.999231 0.573233 0 0 0 1 
39885980090087;0.217577;0.126703;0.99959 0.00118141 -0.0286127 -0.0334472 -0.00059974 0.999793 0.0203293 -0.0761763 0.0286308 -0.0203038 0.999384 -0.119467 0 0 0 1 
39885980090088;0.201974;0.122762;0.999032 -0.00892946 0.0430824 0.00466675 0.0183782 0.974366 -0.224218 0.016792 -0.0399758 0.224793 0.973586 -0.229122 0 0 0 1 
39885980090089;0.645809;0.279685;0.915072 0.0158064 -0.402981 0.285763 0.0199181 0.996241 0.0843055 -0.168656 0.402799 -0.0851722 0.911317 -1.31318 0 0 0 1 
39885980090090;0.450371;0.285536;0.962768 0.0586407 0.263892 -0.0202573 -0.0731238 0.996289 0.0453903 0.183752 -0.260251 -0.0629972 0.963484 0.928135 0 0 0 1 
39885980090091;0.498519;0.217922;0.996734 0.0121638 -0.0798289 -0.0113115 -0.00418164 0.995038 0.0994064 -0.0621525 0.0806419 -0.098748 0.99184 0.295915 0 0 0 1 
39885980090093;0.227552;0.146485;0.980918 -0.010336 0.194145 -0.0715229 0.000313503 0.998669 0.0515838 0.113505 -0.19442 -0.0505387 0.979616 0.463267 0 0 0 1 
39885980090094;0.336698;0.338728;0.983296 -0.12904 0.128369 0.525807 0.133236 0.990779 -0.0246151 0.0836179 -0.124009 0.0413073 0.991421 -0.126653 0 0 0 1 
39885980090095;0.148785;0.202667;0.987313 0.0127715 -0.158272 -0.128889 -0.0211045 0.998471 -0.0510812 0.217251 0.157378 0.0537734 0.986073 -0.159933 0 0 0 1 
39885980090096;0.662123;0.419311;0.97319 0.113462 -0.200072 -0.212376 -0.0526996 0.956715 0.286217 0.126455 0.223886 -0.268 0.937044 0.187408 0 0 0 1 
39885980090097;0.657715;0.443547;0.967433 0.0507266 0.247994 -0.336985 -0.0674776 0.995944 0.0595142 -0.359331 -0.243969 -0.07431 0.966932 0.284625 0 0 0 1 
39885980090098;0.630821;0.238653;0.999747 0.021933 -0.00504898 -0.261983 -0.02241 0.949307 -0.313551 -0.0229499 -0.0020841 0.313585 0.949558 -0.29111 0 0 0 1 
39885980090099;0.628543;0.652647;0.958128 -0.0289243 0.284876 0.0693332 0.0361024 0.999148 -0.0199773 1.09681 -0.284056 0.0294255 0.958356 0.590047 0 0 0 1 
39885980090100;0.425699;0.287255;0.957807 0.236219 0.163725 -1.15709 -0.208256 0.962997 -0.171072 0.614658 -0.198077 0.129757 0.97156 -0.544632 0 0 0 1 
39885980090101;0.696606;0.505572;0.999795 0.00619273 -0.0192559 -0.103504 -0.00217488 0.979374 0.202045 -0.0550185 0.0201099 -0.201962 0.979187 1.12811 0 0 0 1 
39885980090102;0.122477;0.0748082;0.999838 0.0177861 0.00265897 -0.120387 -0.0178116 0.999792 0.00991165 0.0864536 -0.00248213 -0.00995741 0.999947 0.0968761 0 0 0 1 
39885980090103;0.717527;0.441456;0.970446 0.129434 0.203671 -0.763038 -0.116369 0.990376 -0.0749193 0.149251 -0.211408 0.0490042 0.976169 0.135173 0 0 0 1 
39885980090104;0.685443;0.523816;0.999218 -0.0384229 -0.0093394 0.278286 0.0385232 0.999199 0.0108137 -0.166479 0.00891643 -0.011165 0.999898 -0.215744 0 0 0 1 
39885980090105;0.47354;0.436893;0.999842 0.00328508 0.0174925 -0.0315307 -0.00368224 0.999735 0.0227214 -0.0512736 -0.0174132 -0.0227822 0.999589 0.126908 0 0 0 1 
39885980090106;0.459683;0.191103;0.953931 0.160556 -0.253449 -0.571861 -0.132871 0.983481 0.122922 0.281068 0.268999 -0.0835834 0.959507 -0.435194 0 0 0 1 
39885980090107;0.891834;0.841078;0.978137 -0.189726 0.0851633 0.641442 0.188834 0.981835 0.0184838 -0.0304554 -0.0871232 -0.00199788 0.996196 0.147845 0 0 0 1 
39885980090108;0.424446;0.222697;0.894815 -0.177566 0.409604 0.428509 0.135727 0.982271 0.129313 0.174627 -0.425304 -0.0601167 0.903052 0.481466 0 0 0 1 
39885980090109;0.495711;0.240067;0.958482 0.285119 -0.00433393 -1.36956 -0.284622 0.957516 0.0463975 0.775947 0.0173786 -0.0432376 0.998914 0.359527 0 0 0 1 
39885980090110;0.968235;0.697538;0.990256 -0.0562594 0.127386 0.265145 0.0251211 0.971921 0.233962 -0.27531 -0.136971 -0.228482 0.963865 1.85963 0 0 0 1 
39885980090111;0.425117;0.124099;0.998832 0.0445142 0.0187775 -0.327529 -0.0451083 0.998453 0.0325014 0.221735 -0.0173017 -0.0333105 0.999295 0.667343 0 0 0 1 
39885980090112;0.465914;0.243615;0.992252 0.122737 0.0192807 -0.537123 -0.112618 0.954063 -0.277633 0.552808 -0.0524708 0.273311 0.960494 -0.978211 0 0 0 1 
39885980090113;0.34947;0.108818;0.994396 0.102259 0.0268218 -0.56012 -0.105063 0.927689 0.358266 0.510734 0.0117538 -0.359076 0.933234 1.51025 0 0 0 1 
39885980090114;0.0961654;0.0741254;0.997223 0.0559943 -0.0491004 -0.300829 -0.0557256 0.998423 0.00682453 0.110684 0.0494051 -0.00406943 0.998771 -0.125337 0 0 0 1 
39885980090115;0.726185;0.337461;0.983868 -0.10029 -0.148141 0.162504 0.0948273 0.994542 -0.0435093 0.299556 0.151696 0.0287597 0.988009 0.724923 0 0 0 1 
39885980090116;0.788969;0.873798;0.996771 -0.070246 -0.0388894 0.16258 0.0687052 0.996849 -0.0396331 0.868454 0.041551 0.0368332 0.998457 0.625078 0 0 0 1 
39885980090117;0.478045;0.205675;0.995663 0.045247 0.0812926 -0.301303 -0.0467574 0.998765 0.0167732 0.20585 -0.0804333 -0.0205015 0.996549 0.728191 0 0 0 1 
39885980090118;0.326438;0.366189;0.99602 -0.0858044 0.0241294 0.272109 0.0852255 0.996071 0.0240748 0.277706 -0.0261003 -0.0219226 0.999419 0.303521 0 0 0 1 
39885980090119;0.735474;0.375277;0.982484 -0.092946 0.16151 0.35644 0.0976013 0.995002 -0.0211149 0.0761954 -0.15874 0.0365087 0.986645 0.833861 0 0 0 1 
39885980090120;0.723848;0.153278;0.993301 -0.00540146 0.115426 -0.116162 0.0157677 0.995899 -0.0890851 0.642416 -0.114472 0.0903083 0.989313 0.521612 0 0 0 1 
39885980090121;0.394688;0.294132;0.998566 0.0509074 -0.0165786 -0.273721 -0.0527227 0.988874 -0.139099 -0.106417 0.00931298 0.139774 0.99014 -0.207916 0 0 0 1 
39885980090122;0.722168;0.298348;0.98353 0.175253 0.0442156 -0.880167 -0.174178 0.984341 -0.0271186 0.324057 -0.0482759 0.0189706 0.998654 0.894904 0 0 0 1 
39885980090124;0.340489;0.0107704;0.994838 0.101367 0.00477887 0.298938 -0.101337 0.994832 -0.00629446 -0.657363 -0.00539222 0.00577769 0.999969 -0.352147 0 0 0 1 
39885980090125;0.370091;0.0583852;0.940432 0.0158884 0.339609 -0.28685 -0.0515903 0.994009 0.0963576 -0.286764 -0.336043 -0.108138 0.935618 -1.03205 0 0 0 1 
39885980090126;0.34208;0.0539185;0.910177 0.256829 0.324986 0.721419 -0.267922 0.963378 -0.010977 -0.55008 -0.315904 -0.0770798 0.945655 -0.561429 0 0 0 1 
39885980090127;0.0863411;0.0295787;0.995861 -0.0165753 -0.0893625 -0.0346416 0.021649 0.99819 0.0561105 -0.00155821 0.0882707 -0.0578129 0.994417 -0.0150423 0 0 0 1 
39885980090128;0.358883;0.0205527;0.976984 0.1653 0.134827 0.691658 -0.171187 0.984678 0.0332206 0.00260568 -0.12727 -0.0555366 0.990312 0.233383 0 0 0 1 
39885980090129;0.382249;0.100934;0.955972 0.293425 0.00440439 1.11917 -0.293422 0.955982 -0.00127718 -0.653896 -0.00458527 -7.13922e-05 0.999989 -0.0217684 0 0 0 1 
39885980090130;0.323168;0.0392904;0.976055 0.170185 -0.135474 0.841265 -0.186302 0.975527 -0.116783 -0.0713776 0.112284 0.139225 0.983874 0.340635 0 0 0 1 
39885980090131;0.505537;0.0837146;0.998423 -0.0543145 -0.0142242 -0.581921 0.0534803 0.997129 -0.0536133 -0.649048 0.0170954 0.052768 0.99846 -0.223852 0 0 0 1 
39885980090132;0.44134;0.362477;0.999323 -0.0155611 -0.0333386 -0.0943701 0.011903 0.994162 -0.107242 0.119887 0.0348128 0.106773 0.993674 0.806644 0 0 0 1 
39885980090133;0.275576;0.069406;0.999475 -0.030975 -0.00951166 -0.480447 0.0310283 0.999503 0.00550781 -0.0994525 0.00933633 -0.00580005 0.99994 -0.159396 0 0 0 1 
39885980090134;0.264805;0.0621458;0.988278 -0.0935405 0.120652 -0.353243 0.120784 0.962427 -0.243198 0.059856 -0.0933702 0.25492 0.962444 0.954291 0 0 0 1 
39885980090135;0.321182;0.251213;0.993846 0.104342 0.037175 0.40519 -0.0985793 0.986239 -0.132718 -0.0559109 -0.0505116 0.128237 0.990456 0.703842 0 0 0 1 
39885980090136;0.536598;0.0193464;0.991643 0.0572225 -0.115624 -0.204301 -0.0720382 0.989113 -0.128319 0.106445 0.107022 0.135576 0.98497 1.49996 0 0 0 1 
39885980090137;0.239766;0.0283704;0.998908 0.033139 0.0329478 -0.0767872 -0.0348563 0.997987 0.0529903 0.0481301 -0.0311254 -0.0540808 0.998051 -0.642753 0 0 0 1 
39885980090138;0.366462;0.0421982;0.941266 -0.321014 -0.104734 -1.22114 0.312999 0.945846 -0.086068 0.243575 0.126691 0.0482312 0.990769 0.106242 0 0 0 1 
39885980090139;0.522118;0.34604;0.993231 0.109732 0.0380893 0.356419 -0.112041 0.991579 0.0649519 -0.62501 -0.0306412 -0.0687798 0.997161 0.173511 0 0 0 1 
39885980090140;0.328612;0.0190139;0.977139 -0.0339866 -0.209868 -0.152537 0.0174846 0.996642 -0.0799911 0.0270396 0.211882 0.0744929 0.974452 1.08205 0 0 0 1 
39885980090141;0.0802768;0.0104165;0.998994 -0.014974 0.0422605 -0.153777 0.0130304 0.998861 0.0458988 -0.0521853 -0.0428996 -0.0453019 0.998052 -0.139272 0 0 0 1 
39885980090142;0.374391;0.0460412;0.941689 0.235965 -0.239881 1.04971 -0.162576 0.943233 0.289621 -0.602195 0.294604 -0.233734 0.926594 -0.629043 0 0 0 1 
39885980090143;0.228673;0.0481812;0.98741 0.15041 -0.0489649 0.601359 -0.150492 0.988609 0.00202045 -0.13014 0.0487111 0.00537383 0.998798 -0.160211 0 0 0 1 
39885980090144;0.446317;0.0673102;0.938939 0.343923 0.0104767 1.27055 -0.344079 0.938636 0.0239375 -0.772264 -0.00160109 -0.0260807 0.999659 0.240296 0 0 0 1 
39885980090145;0.0431272;0.0167665;0.999714 0.00543602 0.0232786 -0.0366715 -0.00623755 0.999385 0.0344991 -0.0149807 -0.0230768 -0.0346344 0.999134 -0.161248 0 0 0 1 
39885980090146;0.329175;0.02338;0.994847 -0.0909575 -0.0447794 -0.16789 0.0896938 0.995533 -0.0294684 0.399835 0.0472597 0.0253001 0.998562 0.630946 0 0 0 1 
39885980090147;0.155218;0.0150493;0.99887 0.0433712 0.0194288 0.00924097 -0.0444541 0.99725 0.0592921 -0.102905 -0.0168038 -0.0600888 0.998052 0.00665868 0 0 0 1 
39885980090148;0.427209;0.0167711;0.98798 0.136424 0.0726895 0.280206 -0.115283 0.963535 -0.241475 -0.440293 -0.102982 0.230193 0.967681 1.48075 0 0 0 1 
39885980090149;0.211483;0.0190587;0.985727 -0.110565 0.126957 -0.60965 0.110087 0.993863 0.010792 0.160767 -0.127371 0.00333841 0.991849 0.0919432 0 0 0 1 
39885980090150;0.560906;0.107329;0.951819 0.197639 -0.234478 1.00249 -0.219903 0.97281 -0.0726815 0.373187 0.213738 0.120742 0.969401 0.226194 0 0 0 1 
39885980090151;0.283425;0.0398021;0.953357 0.268101 0.138678 0.841039 -0.221801 0.933851 -0.280583 -0.419676 -0.204729 0.236737 0.949759 0.633256 0 0 0 1 
39885980090152;0.461176;0.0837563;0.928112 -0.348579 0.13077 -1.53207 0.342944 0.937165 0.0641222 0.223151 -0.144905 -0.0146658 0.989337 -0.385804 0 0 0 1 
39885980090153;0.364593;0.014904;0.993402 0.104458 0.0473491 0.0286126 -0.107399 0.992119 0.0645432 -0.578733 -0.0402339 -0.0692026 0.996791 -0.69809 0 0 0 1 
39885980090155;0.220386;0.473773;0.99805 -0.0616924 -0.00950234 0.0408774 0.061572 0.998025 -0.0124845 0.181951 0.0102538 0.011875 0.999877 -0.0247585 0 0 0 1 
39885980090156;0.547565;0.55077;0.961976 -0.0788782 0.261495 0.314727 0.0434468 0.989393 0.138614 0.130229 -0.269655 -0.121982 0.9552 1.30266 0 0 0 1 
39885980090157;0.178395;0.0691475;0.999787 -0.0144708 0.0147127 0.0454832 0.0144663 0.999895 0.000410318 -0.128155 -0.0147171 -0.000197393 0.999892 -0.048241 0 0 0 1 
39885980090158;0.913519;0.538426;0.911477 0.0093709 0.411244 0.634763 -0.0731396 0.987503 0.139604 0.651835 -0.404797 -0.157324 0.900771 2.06227 0 0 0 1 
39885980090159;0.31181;0.319168;0.999895 -0.00443541 -0.0138068 -0.169019 -0.00197508 0.901555 -0.432659 0.0700604 0.0143666 0.432641 0.901452 -0.158909 0 0 0 1 
39885980090160;0.529179;0.153213;0.999731 -0.0130751 -0.0191492 -0.166185 0.0136782 0.999404 0.0317085 0.0619105 0.0187232 -0.0319619 0.999314 0.488991 0 0 0 1 
39885980090161;0.588623;0.666804;0.984857 -0.0808175 0.153377 0.115923 0.0619918 0.99037 0.123787 0.389555 -0.161904 -0.112405 0.980384 1.07972 0 0 0 1 
39885980090162;0.825722;0.816278;0.982034 -0.178701 -0.0606219 0.306792 0.178281 0.983903 -0.0123051 0.24513 0.061845 0.00127628 0.998085 -0.935403 0 0 0 1 
39885980090163;0.504725;0.242446;0.998711 0.0507486 -0.00012411 0.0625058 -0.0506956 0.997775 0.0433066 0.705221 0.00232158 -0.0432445 0.999062 0.0510354 0 0 0 1 
39885980090164;0.244441;0.0965379;0.996897 0.000452857 -0.0787197 -0.0196973 0.00956826 0.991872 0.126877 -0.059508 0.0781373 -0.127237 0.98879 -0.393695 0 0 0 1 
39885980090165;0.707584;0.195173;0.999087 0.0408969 0.0123757 -0.289716 -0.04093 0.999159 0.00243759 0.503813 -0.0122656 -0.0029419 0.99992 -0.629619 0 0 0 1 
39885980090166;0.507941;0.656076;0.982017 0.112333 0.151739 -0.146302 -0.0972278 0.989859 -0.103562 1.20238 -0.161833 0.086946 0.98298 0.797376 0 0 0 1 
39885980090167;0.79424;0.701588;0.987418 -0.133627 -0.084557 0.200889 0.125313 0.987364 -0.097002 0.441553 0.0964507 0.0851854 0.991686 0.372225 0 0 0 1 
39885980090168;0.994365;0.526033;0.996285 0.0849455 -0.0141834 0.2591 -0.0855275 0.995212 -0.047309 1.14674 0.0100968 0.0483463 0.99878 0.723583 0 0 0 1 
39885980090169;0.602224;0.422936;0.978147 0.135646 -0.157571 -0.141497 -0.149916 0.985253 -0.0824694 1.39021 0.14406 0.10429 0.984058 -0.691856 0 0 0 1 
39885980090170;0.878287;0.764579;0.980318 -0.0515917 -0.190566 0.0341556 0.0890355 0.977051 0.193504 0.262724 0.17621 -0.206663 0.962414 0.329075 0 0 0 1 
39885980090171;0.174618;0.184949;0.990164 0.0786777 -0.115697 -0.0663574 -0.0758551 0.996708 0.0286069 0.45467 0.117567 -0.0195494 0.992873 -0.443055 0 0 0 1 
39885980090172;0.809772;0.0414649;0.999893 0.013224 -0.00631789 -0.344157 -0.0131103 0.999757 0.0177127 0.237538 0.00655059 -0.0176279 0.999823 0.737 0 0 0 1 
39885980090173;0.12527;0.354975;0.998711 0.0100956 -0.0497413 -0.0613858 -0.015995 0.992685 -0.11967 0.450463 0.0481693 0.120312 0.991567 -0.209769 0 0 0 1 
39885980090174;1.08358;0.742293;0.952488 0.076981 0.294688 0.0268815 -0.0959938 0.994096 0.0505838 1.06129 -0.289054 -0.0764687 0.954254 1.92376 0 0 0 1 
39885980090175;0.382051;0.18666;0.999868 0.0152496 0.00560407 -0.182444 -0.0152905 0.999856 0.00733883 0.153783 -0.00549135 -0.00742355 0.999957 0.430317 0 0 0 1 
39885980090176;1.01834;0.942599;0.955116 -0.0605618 0.289976 -0.149258 0.0717188 0.997032 -0.0279946 0.0982677 -0.28742 0.0475348 0.956624 1.39983 0 0 0 1 
39885980090177;0.304463;0.228258;0.998996 0.00483118 0.0445466 0.0454158 -0.00571856 0.999787 0.0198144 0.214257 -0.0444414 -0.0200492 0.998811 -0.0590809 0 0 0 1 
39885980090178;0.543046;0.4155;0.995686 0.00644809 0.0925644 -0.286336 -0.00267154 0.999161 -0.0408652 0.272824 -0.0927503 0.0404417 0.994868 0.688811 0 0 0 1 
39885980090179;0.361753;0.161006;0.990272 -0.00687117 -0.138976 -0.164607 0.00280936 0.999564 -0.0294019 0.0539932 0.139117 0.0287254 0.989859 -0.0866569 0 0 0 1 
39885980090180;0.25283;0.539068;0.997292 -0.0489688 -0.054868 0.00133077 0.0494561 0.998748 0.00755953 0.399873 0.0544291 -0.0102526 0.998465 0.0148724 0 0 0 1 
39885980090181;0.881259;1.08339;0.981861 0.00423373 -0.189555 -0.0139656 0.0167363 0.993913 0.10889 0.362549 0.188862 -0.110088 0.975813 -0.032744 0 0 0 1 
39885980090182;0.669254;0.463061;0.999358 0.0349837 0.00775995 -0.038088 -0.0352178 0.998854 0.0324156 0.226973 -0.00661704 -0.032668 0.999444 -0.524474 0 0 0 1 
39885980090183;0.198594;0.532035;0.967397 0.0657268 0.244589 0.106718 -0.0750143 0.996765 0.0288417 0.778471 -0.241902 -0.046249 0.969198 0.896105 0 0 0 1 
39885980090184;0.838159;0.276222;0.995917 0.0857471 -0.0282367 -0.0774035 -0.0901583 0.928696 -0.359715 0.826671 -0.00462126 0.360792 0.932635 -0.772107 0 0 0 1 
39885980090186;1.03403;0.845578;0.997382 -0.0623323 0.0366626 0.134651 0.0635335 0.997448 -0.0325633 -1.11555 -0.0345393 0.0348073 0.998797 -0.62529 0 0 0 1 
39885980090187;0.391456;0.150772;0.998407 0.0271082 0.0494871 -0.133195 -0.0310233 0.996301 0.0801401 -0.0886101 -0.0471316 -0.0815477 0.995554 -0.128449 0 0 0 1 
39885980090188;0.19321;0.172822;0.995029 -0.0306912 -0.0947345 -0.018954 0.0212386 0.994839 -0.0992223 -0.176746 0.0972908 0.096717 0.990545 -0.551241 0 0 0 1 
39885980090189;0.694654;0.354276;0.97398 -0.0318588 0.224383 0.09548 0.0170531 0.997566 0.067616 -0.135353 -0.225991 -0.0620302 0.972152 1.25532 0 0 0 1 
39885980090190;0.710931;0.156203;0.999246 0.0127458 -0.0366797 -0.0990676 -0.00362321 0.971078 0.238735 0.0305046 0.0386617 -0.238422 0.970392 0.720914 0 0 0 1 
39885980090191;0.303973;0.200516;0.998354 0.0504834 0.0272077 -0.240662 -0.0506669 0.998697 0.00609623 0.0932745 -0.0268645 -0.00746473 0.999611 -0.0946887 0 0 0 1 
39885980090192;0.937341;0.250562;0.999804 -0.00382465 0.0194172 -0.0239915 0.00379967 0.999992 0.00132325 -0.590437 -0.0194221 -0.00124921 0.999811 0.788287 0 0 0 1 
39885980090193;0.0973903;0.176625;0.999935 -0.000665334 0.0114196 -0.0649521 0.000567693 0.999963 0.00855141 -0.078264 -0.0114248 -0.00854437 0.999898 0.0599917 0 0 0 1 
39885980090194;0.330993;0.161138;0.998812 -0.0417329 0.0251636 -0.0430478 0.0427435 0.998242 -0.0410564 -0.401627 -0.0234059 0.0420832 0.99884 0.135981 0 0 0 1 
39885980090195;0.913121;0.228461;0.998835 0.0478136 -0.00652126 -0.11851 -0.0481222 0.99699 -0.0607917 0.263453 0.00359496 0.0610347 0.998129 -0.883243 0 0 0 1 
39885980090196;0.843835;0.327991;0.994006 0.0781421 0.0764574 -0.149354 -0.0806426 0.996286 0.0301783 0.0521144 -0.0738153 -0.0361631 0.996616 -0.492976 0 0 0 1 
39885980090197;0.709255;0.173907;0.998906 0.0330134 0.033109 -0.126612 -0.0373671 0.989316 0.140914 -0.160229 -0.0281032 -0.141997 0.989468 -0.427434 0 0 0 1 
39885980090198;1.04503;0.579759;0.998638 -0.0140716 -0.050242 -0.0950841 0.00833327 0.9936 -0.112646 -0.0884672 0.0515056 0.112074 0.992364 0.619647 0 0 0 1 
39885980090199;0.0833687;0.0974125;0.998888 -0.013815 0.0450676 -0.0442309 0.0135034 0.999883 0.00721109 -0.142825 -0.0451619 -0.00659451 0.998958 0.124047 0 0 0 1 
39885980090200;1.06244;0.619263;0.999868 -0.0109636 -0.0120179 -0.0654759 0.0107721 0.999816 -0.0158883 -0.0260957 0.0121899 0.0157567 0.999802 0.778397 0 0 0 1 
39885980090201;0.454509;0.324508;0.978651 -0.0316916 -0.203071 -0.0221806 0.0269099 0.999293 -0.0262659 -0.0949158 0.20376 0.0202406 0.978812 -0.38439 0 0 0 1 
39885980090202;0.602175;0.323287;0.922873 0.0331329 -0.383676 -0.0907595 -0.00707334 0.997582 0.0691339 -0.0487837 0.385039 -0.061088 0.920876 -0.928385 0 0 0 1 
39885980090203;0.367742;0.208064;0.913494 -0.0019814 0.406848 0.200089 -0.0650082 0.98643 0.150766 0.184745 -0.401626 -0.164173 0.900968 1.54076 0 0 0 1 
39885980090204;1.06319;0.262575;0.97318 0.0783 0.216311 0.0263596 -0.0578958 0.99339 -0.0991136 -0.036112 -0.222642 0.0839318 0.971281 1.61835 0 0 0 1 
39885980090205;0.675409;0.133606;0.997716 0.0675107 0.002269 -0.50019 -0.067189 0.995304 -0.0696796 -0.183146 -0.00696246 0.069368 0.997567 -0.280547 0 0 0 1 
39885980090206;0.947378;0.28582;0.995883 0.0366894 0.0828935 -0.282967 -0.0436986 0.995474 0.0843892 -0.338944 -0.0794222 -0.0876641 0.992979 1.16498 0 0 0 1 
39885980090207;0.975527;0.325934;0.99807 -0.0487395 -0.0384924 -0.0860921 0.0496131 0.998525 0.0220751 -0.157153 0.0373596 -0.0239422 0.999015 -0.937342 0 0 0 1 
39885980090208;0.357335;0.363095;0.970286 0.0656539 0.232883 -0.157252 -0.047765 0.995516 -0.0816454 -0.0303494 -0.237199 0.0680957 0.969071 0.476336 0 0 0 1 
39885980090209;0.567849;0.148218;0.989188 0.14632 0.00987905 -0.578346 -0.1464 0.989194 0.00788373 0.202557 -0.00861875 -0.00924478 0.99992 0.153356 0 0 0 1 
39885980090210;0.29383;0.222401;0.9764 0.0103805 0.21572 -0.000562851 -0.0284626 0.996317 0.0808856 -0.0585055 -0.214086 -0.0851166 0.973099 0.991188 0 0 0 1 
39885980090211;0.573799;0.424813;0.997634 0.042044 0.0543949 -0.329742 -0.0163392 0.913533 -0.406436 -0.142441 -0.0667798 0.404586 0.912059 0.00275454 0 0 0 1 
39885980090212;0.324919;0.342404;0.994335 0.096068 -0.045479 -0.191998 -0.0920252 0.992215 0.0839113 0.0302252 0.0531862 -0.0792507 0.995435 0.150411 0 0 0 1 
39885980090213;0.920265;0.296204;0.990472 -0.0708797 -0.11807 0.0153609 0.0792254 0.994565 0.067554 -0.700299 0.11264 -0.0762645 0.990705 0.47357 0 0 0 1 
39885980090214;0.527822;0.752948;0.998456 0.0274518 0.0482847 -0.36643 -0.0284191 0.999407 0.0194628 -0.263371 -0.0477218 -0.020805 0.998644 0.480283 0 0 0 1 
39885980090215;0.58213;0.501362;0.995886 -0.0341818 0.0839259 0.0291774 0.0373027 0.998659 -0.0359041 -0.201426 -0.0825861 0.038887 0.995825 0.263439 0 0 0 1 
39885980090217;1.03417;0.923585;0.998729 0.0476467 -0.0164104 0.0485607 -0.0484595 0.997401 -0.0533201 0.244302 0.0138272 0.0540475 0.998443 -0.56095 0 0 0 1 
39885980090218;0.202378;0.269809;0.999285 0.0264839 -0.0269871 -0.0304043 -0.0263194 0.999633 0.00643123 0.179723 0.0271475 -0.00571634 0.999615 -0.156491 0 0 0 1 
39885980090219;0.470141;0.898292;0.994229 -0.0161205 0.10606 0.124223 0.00924438 0.997842 0.0650072 0.429297 -0.106879 -0.0636516 0.992233 0.410255 0 0 0 1 
39885980090220;1.3181;0.798161;0.979783 0.0207085 -0.19899 -0.00324795 -0.0360205 0.996634 -0.0736394 0.522098 0.196795 0.0793184 0.977231 -0.419352 0 0 0 1 
39885980090221;1.15923;0.967824;0.937491 -0.0206216 0.347397 -0.0574868 0.078189 0.985203 -0.15252 -0.157012 -0.339111 0.170149 0.925231 0.730855 0 0 0 1 
39885980090222;0.407338;0.285532;0.977013 0.00350006 0.213153 0.0306904 -0.0279987 0.993311 0.112025 0.184695 -0.211335 -0.115418 0.970575 0.888845 0 0 0 1 
39885980090223;0.517255;0.496883;0.980694 0.0179005 0.194727 0.0559276 -0.0360617 0.995277 0.090124 0.243767 -0.192194 -0.0954063 0.976708 0.806245 0 0 0 1 
39885980090224;1.08029;1.05339;0.991488 -0.0410359 0.123562 -0.0211284 0.0291165 0.994881 0.0967705 -0.053395 -0.126901 -0.0923491 0.987607 0.539997 0 0 0 1 
39885980090225;0.715361;0.422632;0.995836 -0.0056316 -0.0909894 0.0456789 -0.0179567 0.966419 -0.256342 0.213449 0.0893776 0.256908 0.962294 0.138417 0 0 0 1 
39885980090226;0.549209;0.496531;0.95597 -0.0253384 0.292369 0.097553 -0.00522616 0.994638 0.103289 0.0433909 -0.293418 -0.100269 0.950711 0.996485 0 0 0 1 
39885980090227;1.15995;0.627893;0.982147 0.188083 -0.00334299 0.421286 -0.187683 0.980949 0.0501317 0.956032 0.0127082 -0.0486093 0.998737 -0.477036 0 0 0 1 
39885980090228;0.215505;0.283169;0.995518 0.0764389 0.0556904 0.0646795 -0.0754945 0.996968 -0.0188714 0.391203 -0.056964 0.0145825 0.99827 0.00570913 0 0 0 1 
39885980090229;0.121617;0.236113;0.999927 0.0120654 -0.000562418 -0.0408405 -0.0120166 0.99843 0.0547059 0.128178 0.00122158 -0.0546951 0.998502 -0.018641 0 0 0 1 
39885980090230;1.03093;0.925689;0.998993 0.0448288 0.00190692 0.0457439 -0.0448377 0.998982 0.00490084 0.268986 -0.00168528 -0.0049814 0.999986 0.517043 0 0 0 1 
39885980090231;0.888653;0.798149;0.993467 -0.000907943 0.114116 -0.00247056 -0.0134023 0.99212 0.124571 0.127912 -0.11333 -0.125287 0.985627 0.521856 0 0 0 1 
39885980090232;0.59802;0.776116;0.980813 0.0126216 -0.194543 0.22305 -0.0740208 0.947284 -0.311726 0.578666 0.180353 0.320145 0.930043 -0.408621 0 0 0 1 
39885980090233;0.0427632;0.195103;0.997458 0.0711608 0.0037523 -0.0160953 -0.0711626 0.997465 0.00036205 0.361854 -0.00371702 -0.000628153 0.999993 0.00507932 0 0 0 1 
39885980090234;0.404716;0.254914;0.987764 0.0794393 -0.134207 0.0784176 -0.0200907 0.918192 0.395626 0.182617 0.154656 -0.388089 0.908553 -0.445116 0 0 0 1 
39885980090235;0.881271;0.612114;0.994927 -0.0150311 -0.0994743 0.522622 -0.00395268 0.982172 -0.187945 0.638918 0.100526 0.187385 0.977129 -0.605382 0 0 0 1 
39885980090236;1.0378;0.554678;0.985267 0.170946 -0.00515154 0.0693984 -0.170934 0.985279 0.00270681 0.880276 0.00553842 -0.00178636 0.999983 -0.843415 0 0 0 1 
39885980090237;0.452033;0.268152;0.97746 0.0650275 -0.200858 0.148457 -0.0028994 0.955428 0.295208 0.138692 0.211103 -0.287972 0.934081 -0.769196 0 0 0 1 
39885980090238;0.922552;0.224938;0.952817 0.0102047 -0.303375 0.220855 -0.0768482 0.974985 -0.208564 0.671818 0.293657 0.222037 0.929766 -0.362386 0 0 0 1 
39885980090239;0.393854;0.381872;0.995429 -0.015564 -0.094224 0.0740576 -0.0105209 0.962753 -0.270176 0.226377 0.0949195 0.269933 0.958189 -0.277855 0 0 0 1 
39885980090240;0.68439;0.268401;0.993532 0.113059 0.0105731 -0.0490057 -0.111796 0.990229 -0.0833507 0.92984 -0.0198934 0.0816295 0.996464 -0.2429 0 0 0 1 
39885980090241;0.655728;0.261189;0.961362 0.12859 0.243409 0.070847 -0.0546357 0.955734 -0.289115 0.607731 -0.269811 0.264645 0.925832 0.317 0 0 0 1 
39885980090242;0.353633;0.305947;0.909489 0.128883 0.395246 0.29217 -0.0202687 0.963347 -0.267492 0.364069 -0.415234 0.23527 0.878765 1.1851 0 0 0 1 
39885980090243;1.27115;0.765775;0.998734 0.0366932 0.0344082 0.0652536 -0.0374468 0.999067 0.0215186 0.390831 -0.0335865 -0.0227799 0.999176 0.846376 0 0 0 1 
39885980090244;0.554019;0.878285;0.985821 -0.121221 0.116024 0.141932 0.0936657 0.971242 0.218898 0.136294 -0.139222 -0.204927 0.968825 0.31252 0 0 0 1 
39885980090245;0.651828;0.20308;0.997682 0.0384591 -0.0561414 0.0859839 -0.0405191 0.998529 -0.0360284 0.385306 0.0546732 0.0382196 0.997773 0.282861 0 0 0 1 
39885980090246;0.546588;0.70677;0.995474 0.0242455 -0.0918882 0.187116 -0.0139909 0.993762 0.110641 0.370634 0.0939975 -0.108855 0.989603 -0.523329 0 0 0 1 
39885980090248;0.37448;0.316104;0.973438 -0.137627 0.182967 -0.0394459 0.12802 0.989745 0.0633766 0.285487 -0.189813 -0.0382696 0.981074 0.0231197 0 0 0 1 
39885980090249;0.482365;0.368061;0.994302 -0.0995938 -0.0380057 0.106015 0.100731 0.994483 0.0292741 0.10153 0.0348805 -0.0329356 0.998849 -0.331347 0 0 0 1 
39885980090250;0.869457;0.1694;0.934401 0.0605329 0.351042 0.00596102 -0.127115 0.977239 0.169839 -0.64023 -0.332771 -0.203321 0.920828 0.332128 0 0 0 1 
39885980090251;0.521745;0.281387;0.998391 -0.0143865 -0.0548504 0.0813316 0.0136336 0.999808 -0.0140757 -0.12405 0.0550424 0.0133052 0.998395 0.315385 0 0 0 1 
39885980090252;1.01023;0.10525;0.995283 0.0944958 0.0219626 0.302818 -0.0969953 0.964743 0.244668 -0.121593 0.00193188 -0.245644 0.969358 -0.943715 0 0 0 1 
39885980090253;0.430197;0.0846883;0.977913 0.146531 -0.149048 0.0427059 -0.110004 0.967169 0.229093 0.28402 0.177724 -0.207637 0.961926 -0.0842315 0 0 0 1 
39885980090254;0.437029;0.134886;0.996897 -0.0758337 0.0210942 -0.0102421 0.0766602 0.996189 -0.0416078 0.163814 -0.0178585 0.0430957 0.998911 0.40632 0 0 0 1 
39885980090255;0.581357;0.116507;0.995925 0.0393929 0.0811273 0.11063 -0.0422132 0.998552 0.0333466 -0.253993 -0.0796962 -0.0366354 0.996146 0.396596 0 0 0 1 
39885980090256;0.383432;0.337135;0.980256 -0.189782 0.0555003 -0.0766894 0.19181 0.98085 -0.0337946 0.351801 -0.0480238 0.0437729 0.997887 -0.000520491 0 0 0 1 
39885980090257;0.931685;0.104917;0.981977 0.169444 -0.0837235 -0.0888716 -0.175147 0.982314 -0.0662006 0.112167 0.0710255 0.0796713 0.994288 -0.840621 0 0 0 1 
