#;prob_registration_l1 -r /home/probabilistic_point_clouds_registration/build/tester /home/point_clouds_registration_benchmark//devel/registration_pairs/pioneer_slam_local.txt /home/point_clouds_registration_benchmark//tum/pioneer_slam -s 0.1 -t 0.1 -p 0.3 -r 1000 -m 15 -i 40 
id;initial_error;final_error;transformation
1807261650000;0.252801;0.151908;0.996132 0.01566 0.0864682 -0.137165 -0.0123434 0.999172 -0.0387581 0.107351 -0.0870035 0.0375409 0.9955 0.193439 0 0 0 1 
1807261650001;0.370505;0.132216;0.975213 0.0983997 0.198185 -0.0486192 -0.136338 0.97267 0.187949 0.364412 -0.174274 -0.21031 0.961976 0.866959 0 0 0 1 
1807261650002;0.611698;0.197026;0.999917 0.0126563 -0.00220465 0.124809 -0.0127081 0.999599 -0.025312 -0.618483 0.00188341 0.0253379 0.999677 0.566438 0 0 0 1 
1807261650003;0.65444;0.350844;0.973327 0.222996 -0.0539264 0.224041 -0.21863 0.972796 0.0766133 0.62676 0.0695438 -0.0627798 0.995602 -0.973681 0 0 0 1 
1807261650004;0.70178;0.376506;0.938274 0.286666 0.193556 0.0204598 -0.261353 0.954112 -0.146164 0.849468 -0.226574 0.0865554 0.97014 1.38965 0 0 0 1 
1807261650005;0.564667;0.111805;0.993321 -0.114617 0.0132696 0.111039 0.114787 0.993308 -0.0128096 -0.0317504 -0.0117126 0.0142473 0.99983 0.781351 0 0 0 1 
1807261650006;0.456118;0.146628;0.997335 -0.0226353 -0.0693627 -0.196953 0.0122829 0.98918 -0.146191 0.362428 0.0719213 0.14495 0.986822 -0.685036 0 0 0 1 
1807261650007;0.0911852;0.0369565;0.997623 0.0153408 0.0671734 -0.112162 -0.0164458 0.999738 0.015928 0.0401448 -0.0669114 -0.0169949 0.997614 0.27095 0 0 0 1 
1807261650008;0.628711;0.275679;0.957914 -0.0599141 0.280734 0.578127 0.0251413 0.991728 0.125868 -0.363555 -0.285953 -0.113512 0.951497 0.730688 0 0 0 1 
1807261650009;0.268333;0.297121;0.992601 -0.120936 -0.0108564 0.0629016 0.121091 0.992528 0.0150091 -0.174366 0.00896009 -0.0162127 0.999828 -0.118768 0 0 0 1 
1807261650010;0.71038;0.259066;0.952807 0.303283 0.0133155 0.0347034 -0.303386 0.952845 0.00650405 0.893003 -0.0107151 -0.0102369 0.99989 -0.85513 0 0 0 1 
1807261650011;0.818748;0.25028;0.924629 0.380844 -0.00440043 0.0378999 -0.380864 0.924615 -0.00543659 1.357 0.00199822 0.00670279 0.999976 -0.876641 0 0 0 1 
1807261650012;0.646177;0.0418397;0.999997 -0.00106445 0.00211928 0.179719 0.00117109 0.998699 -0.05097 -0.594625 -0.00206227 0.0509724 0.998698 -0.71837 0 0 0 1 
1807261650013;0.5425;0.09626;0.989825 0.0252459 -0.140032 0.0844288 -0.0318841 0.998461 -0.0453659 -0.0883966 0.138671 0.0493691 0.989107 -1.17983 0 0 0 1 
1807261650014;0.402811;0.149131;0.947845 0.183476 -0.260626 0.315835 -0.152784 0.979177 0.133675 0.402644 0.279726 -0.0868838 0.956141 -1.38706 0 0 0 1 
1807261650015;0.62098;0.756622;0.964784 0.10307 0.242007 0.620673 -0.110949 0.993642 0.0191207 1.2861 -0.238498 -0.0452978 0.970086 1.39622 0 0 0 1 
1807261650016;0.314215;0.242336;0.996129 0.0729128 -0.0490925 -0.0669671 -0.0709283 0.996638 0.0410223 0.243343 0.0519185 -0.0373814 0.997951 0.0122316 0 0 0 1 
1807261650017;0.544853;0.169046;0.95231 0.097414 -0.289164 0.185683 -0.19514 0.922973 -0.331724 0.794852 0.234576 0.372331 0.897966 -1.08075 0 0 0 1 
1807261650018;0.870541;0.385365;0.924086 0.35721 0.13589 -0.0219002 -0.349546 0.933714 -0.0774269 1.32656 -0.154541 0.0240491 0.987694 1.25286 0 0 0 1 
1807261650019;0.408282;0.226031;0.979963 0.199169 -0.00176825 -0.279622 -0.199177 0.979925 -0.00870516 0.372583 -1.04531e-06 0.00888294 0.999961 0.32967 0 0 0 1 
1807261650020;0.378251;0.0639898;0.963766 0.0254504 -0.265531 0.12932 -0.117825 0.933681 -0.338166 0.489539 0.239314 0.3572 0.902849 -0.897481 0 0 0 1 
1807261650021;0.0584465;0.103334;0.999795 0.00573196 -0.019423 0.0226399 -0.00570264 0.999983 0.00156461 -0.150006 0.0194316 -0.00145352 0.99981 -0.0305825 0 0 0 1 
1807261650022;0.492617;0.231657;0.983359 -0.0653454 -0.169513 0.198803 0.0545843 0.996233 -0.0673885 0.0630578 0.173278 0.0570144 0.983221 -1.15421 0 0 0 1 
1807261650023;0.436303;0.347036;0.972506 0.230489 0.0332799 -0.0929207 -0.231053 0.972838 0.0141885 0.639742 -0.0291056 -0.0214878 0.999345 0.19928 0 0 0 1 
1807261650024;0.611538;0.191126;0.996197 -0.0146581 0.0858854 0.0848779 0.0212632 0.996843 -0.0765034 0.325719 -0.0844928 0.0780386 0.993363 -0.399095 0 0 0 1 
1807261650025;0.222007;0.158705;0.992948 -0.0844302 -0.0832267 -0.0908183 0.0734511 0.989161 -0.127146 -0.181609 0.0930595 0.120136 0.988386 -0.128529 0 0 0 1 
1807261650026;0.125003;0.0180045;0.997873 -0.00802136 -0.064692 -0.129208 0.00138489 0.994785 -0.101985 0.0440271 0.0651727 0.101678 0.99268 -0.10035 0 0 0 1 
1807261650027;0.446617;0.278664;0.94313 -0.326589 0.0620159 0.200502 0.32014 0.942578 0.0951705 -0.931063 -0.0895365 -0.0699043 0.993527 0.382136 0 0 0 1 
1807261650028;0.18577;0.230816;0.987575 0.14355 -0.06394 0.0561968 -0.145798 0.988797 -0.0319771 0.0882298 0.0586334 0.0409022 0.997441 -0.197696 0 0 0 1 
1807261650029;0.503137;0.31824;0.992005 0.0473894 -0.116965 0.0641395 -0.072443 0.97274 -0.220291 0.455621 0.103337 0.227003 0.968396 -0.236908 0 0 0 1 
1807261650031;0.869936;0.838329;0.999835 0.0173361 -0.00542747 0.0965903 -0.0155386 0.970938 0.238827 -0.0377661 0.00941005 -0.238703 0.971047 -0.945931 0 0 0 1 
1807261650032;0.361529;0.261999;0.975528 -0.0118897 -0.219555 -0.00254751 -0.0281131 0.983597 -0.178178 0.10841 0.218072 0.17999 0.959192 0.289543 0 0 0 1 
1807261650033;0.495733;0.486513;0.998942 0.00661624 0.0455152 0.00953899 -0.00656687 0.999978 -0.00123412 0.0104107 -0.0455223 0.000933925 0.998963 0.034246 0 0 0 1 
1807261650034;1.09057;0.869623;0.998477 0.0443576 -0.0328169 0.154477 -0.0461171 0.997423 -0.0549575 0.154467 0.0302946 0.0563872 0.997949 0.698774 0 0 0 1 
1807261650035;0.885672;0.863369;0.989218 0.0848115 -0.119396 0.262399 -0.0661637 0.986117 0.152298 0.210575 0.130655 -0.142756 0.981096 -0.0917173 0 0 0 1 
1807261650036;0.893017;0.223128;0.987821 0.0308596 0.152504 0.108557 -0.0440407 0.995507 0.0838236 0.188121 -0.149232 -0.0895191 0.984742 0.713116 0 0 0 1 
1807261650037;0.513994;0.337096;0.999942 -0.00514349 0.00942722 0.102224 0.00435951 0.996674 0.0813729 0.108115 -0.0098144 -0.0813271 0.996639 -0.507673 0 0 0 1 
1807261650038;0.984234;0.429805;0.920663 0.0280468 0.38935 -0.0848153 -0.00982851 0.998765 -0.0487053 0.36263 -0.390236 0.0410144 0.919801 -0.240023 0 0 0 1 
1807261650039;0.787771;0.277205;0.986512 0.0667061 0.149483 0.150707 -0.0459066 0.989297 -0.138509 0.31006 -0.157122 0.129779 0.979015 -0.1487 0 0 0 1 
1807261650040;0.449489;0.0861157;0.97213 -0.00775981 0.234315 -0.0119272 -0.0011832 0.999277 0.0380019 0.0261023 -0.234441 -0.03722 0.971418 0.537123 0 0 0 1 
1807261650041;0.636202;0.412567;0.999885 0.0141112 -0.0055242 0.0922975 -0.0140526 0.999846 0.0105095 0.121285 0.00567165 -0.0104306 0.99993 -0.350398 0 0 0 1 
1807261650042;0.394001;0.382282;0.999936 -0.00666529 -0.00919408 -0.026099 0.00656704 0.999921 -0.0106755 0.00886425 0.00926451 0.0106145 0.999901 0.0723985 0 0 0 1 
1807261650043;0.493104;0.280886;0.969201 0.0383957 0.24326 0.155697 -0.0411297 0.999135 0.00616851 0.210726 -0.242812 -0.0159837 0.969942 0.261414 0 0 0 1 
1807261650044;0.603128;0.443039;0.999686 0.0145559 -0.0203749 0.0262729 -0.0142925 0.999813 0.0130166 0.0777731 0.0205606 -0.0127213 0.999708 -0.442258 0 0 0 1 
1807261650045;0.822026;0.331764;0.993822 -0.0303971 -0.106742 0.00127835 0.0695975 0.919853 0.386041 -0.378647 0.0864523 -0.391085 0.916285 -1.85685 0 0 0 1 
1807261650046;0.726796;0.574735;0.999475 -0.0118105 -0.0301779 -0.0865306 0.00821074 0.993129 -0.116739 0.155379 0.0313492 0.11643 0.992704 0.774143 0 0 0 1 
1807261650047;0.841796;0.483829;0.998202 -0.00918582 -0.0592291 -0.0485758 0.00840949 0.999876 -0.0133432 0.100031 0.0593443 0.0128211 0.998155 0.634621 0 0 0 1 
1807261650048;0.923373;0.0748285;0.98452 0.00972426 0.175 0.0555402 -0.0445431 0.97956 0.19616 0.168033 -0.169516 -0.200919 0.96483 0.420458 0 0 0 1 
1807261650049;0.894299;0.724057;0.968039 -0.0048185 0.250753 0.0136564 -0.0201943 0.995071 0.0970823 0.0610022 -0.249985 -0.0990432 0.963171 0.51003 0 0 0 1 
1807261650050;0.776112;0.599836;0.988617 0.0306159 0.147304 0.0786833 0.007727 0.967452 -0.252935 0.296632 -0.150254 0.251194 0.956204 1.23737 0 0 0 1 
1807261650051;0.472646;0.277269;0.986498 0.0119974 0.163334 0.0479271 -0.0134606 0.999879 0.00785449 0.122075 -0.16322 -0.00994701 0.98654 0.498801 0 0 0 1 
1807261650052;0.367213;0.308015;0.999268 -0.00312463 0.0381202 -0.00566331 -0.00468759 0.979139 0.203136 -0.0319099 -0.0379597 -0.203167 0.978408 -0.424389 0 0 0 1 
1807261650053;0.543637;0.268535;0.912182 -0.0640159 -0.404755 -0.0418418 -0.0350607 0.971909 -0.232732 0.143158 0.408283 0.226485 0.884313 0.285666 0 0 0 1 
1807261650054;0.296591;0.244866;0.992143 0.0260384 -0.122367 0.105041 -0.0465395 0.984722 -0.1678 0.186928 0.116129 0.172176 0.978197 0.210344 0 0 0 1 
1807261650055;0.546573;0.467137;0.96847 0.0465277 -0.244746 0.106737 0.0392861 0.941591 0.334459 0.171647 0.246012 -0.333529 0.910075 -0.893551 0 0 0 1 
1807261650056;0.638977;0.352552;0.999277 -0.0092213 -0.0368713 -0.128301 0.00794216 0.999367 -0.0346892 0.143273 0.0371678 0.0343713 0.998718 0.354247 0 0 0 1 
1807261650057;0.733154;0.751075;0.996772 0.0723081 -0.0348807 0.168223 -0.077627 0.978893 -0.189059 0.709988 0.0204739 0.191157 0.981346 0.476589 0 0 0 1 
1807261650058;1.00454;0.911276;0.974184 0.0573715 -0.218344 0.231403 -0.0456228 0.997246 0.0584786 0.364394 0.221098 -0.0470075 0.974118 -0.0614215 0 0 0 1 
1807261650059;0.328863;0.253546;0.960204 -0.0799005 0.267627 -0.203937 -0.0351256 0.916054 0.399515 -0.0787793 -0.277082 -0.393016 0.876792 -0.713077 0 0 0 1 
1807261650060;0.479524;0.407413;0.999969 0.00786075 -0.000670004 0.0151063 -0.0078788 0.999406 -0.0335392 0.0229341 0.000405963 0.0335435 0.999437 -0.0873901 0 0 0 1 
1807261650062;0.610394;0.13374;0.995104 0.0933803 -0.032378 0.361884 -0.0944224 0.995008 -0.0323033 0.255987 0.0291998 0.0352024 0.998954 -0.646354 0 0 0 1 
1807261650063;0.0702684;0.104837;0.999406 -0.00471166 0.0341276 -0.0800078 0.00554023 0.999691 -0.0242248 0.118128 -0.0340029 0.0243995 0.999124 0.0530999 0 0 0 1 
1807261650064;0.431381;0.161857;0.974172 -0.116017 -0.193724 -0.359755 0.102788 0.991716 -0.0770295 -0.0882938 0.201056 0.0551275 0.978027 -0.330682 0 0 0 1 
1807261650065;0.67345;0.178683;0.983552 0.0293161 -0.17823 0.0446189 0.0534097 0.895413 0.442021 0.251692 0.172548 -0.444269 0.87912 -1.90687 0 0 0 1 
1807261650066;0.179936;0.248102;0.995857 -0.088686 -0.0201004 -0.412204 0.0880703 0.995672 -0.0296877 0.258726 0.0226463 0.0277944 0.999357 0.112454 0 0 0 1 
1807261650067;0.697139;0.556621;0.996234 -0.0808418 -0.0313534 -0.0638233 0.0833401 0.99255 0.0888814 0.280952 0.0239345 -0.0911597 0.995549 -1.03722 0 0 0 1 
1807261650068;0.609754;0.578195;0.992807 -0.117539 -0.0227805 -0.395536 0.118038 0.992766 0.0219541 0.459279 0.0200353 -0.0244851 0.999499 0.0285813 0 0 0 1 
1807261650069;0.14606;0.185928;0.997424 -0.0582273 -0.0419035 -0.290423 0.057869 0.998277 -0.00971492 0.191145 0.042397 0.00726497 0.999074 -0.0182815 0 0 0 1 
1807261650070;0.531087;0.13123;0.982044 0.070138 -0.175131 0.376014 -0.00386679 0.935609 0.353017 0.0458576 0.188614 -0.346001 0.91908 -1.89307 0 0 0 1 
1807261650071;0.140553;0.113409;0.99292 -0.0176515 -0.117468 -0.0998004 0.00941308 0.99748 -0.0703217 0.255789 0.118413 0.0687181 0.990584 0.136116 0 0 0 1 
1807261650072;0.380476;0.344776;0.995932 -0.000178854 -0.0901059 0.0971369 -0.00296535 0.999391 -0.0347595 0.0169889 0.0900573 0.0348853 0.995325 -0.100351 0 0 0 1 
1807261650073;0.531138;0.277829;0.983739 -0.123282 0.130614 -0.368188 0.0750547 0.942855 0.324639 -0.169141 -0.163172 -0.309557 0.936776 -0.726229 0 0 0 1 
1807261650074;0.56209;0.155502;0.950403 0.178579 0.254643 0.709639 -0.168366 0.983802 -0.0615425 0.761353 -0.261508 0.0156171 0.965075 0.397733 0 0 0 1 
1807261650075;0.57785;0.135428;0.999429 -0.0337295 0.00175857 -0.144909 0.0336966 0.999301 0.0162114 0.695039 -0.00230414 -0.0161429 0.999867 -0.528824 0 0 0 1 
1807261650076;0.523862;0.283473;0.990533 -0.0934877 -0.100519 -0.431365 0.0774775 0.985212 -0.15282 0.596347 0.113319 0.143585 0.983129 0.9547 0 0 0 1 
1807261650077;0.611234;0.513827;0.99992 -0.00329003 0.0122111 0.0274761 0.00543823 0.983596 -0.180306 -0.0780698 -0.0114176 0.180358 0.983535 0.348988 0 0 0 1 
1807261650078;0.330727;0.147912;0.948937 0.0587027 -0.309956 0.349946 -0.0437063 0.997523 0.0551134 0.216052 0.312424 -0.0387521 0.949152 0.0438449 0 0 0 1 
1807261650079;0.421945;0.313822;0.913138 -0.125568 -0.387829 -0.338205 0.087148 0.989514 -0.115187 -0.0868974 0.398226 0.0713827 0.914506 0.476032 0 0 0 1 
1807261650080;0.560936;0.174604;0.967909 0.170494 -0.18462 0.869667 -0.223948 0.91851 -0.325862 0.3167 0.114018 0.35675 0.927216 1.16796 0 0 0 1 
1807261650081;0.503671;0.133478;0.98257 0.110059 0.149814 0.409684 -0.133006 0.979243 0.152946 0.0966485 -0.129871 -0.170206 0.976813 -1.2706 0 0 0 1 
1807261650082;0.722741;0.303013;0.998444 0.055289 -0.00719497 0.29622 -0.055562 0.997399 -0.0459246 -0.071412 0.00463713 0.0462529 0.998919 -0.629858 0 0 0 1 
1807261650083;0.552134;0.275809;0.998821 -0.0352314 -0.0334101 0.0114451 0.0323931 0.996107 -0.0819887 -0.276323 0.0361686 0.0808097 0.996073 0.0221731 0 0 0 1 
1807261650084;0.867721;0.243325;0.960385 0.258273 -0.104674 1.61858 -0.236707 0.954246 0.182715 0.416697 0.147075 -0.1507 0.977578 -0.956633 0 0 0 1 
1807261650085;0.404997;0.154382;0.978854 -0.143912 -0.145378 -0.573322 0.0796678 0.922763 -0.377044 -0.0383006 0.18841 0.357489 0.914715 0.979313 0 0 0 1 
1807261650086;0.258185;0.164492;0.997879 -0.06387 0.0125883 -0.204921 0.0647955 0.993127 -0.0974744 0.187171 -0.00627604 0.0980833 0.995158 0.600495 0 0 0 1 
1807261650087;0.211815;0.144729;0.995958 0.080667 0.0394937 0.340023 -0.0780603 0.994917 -0.063611 0.120781 -0.0444242 0.060271 0.997193 0.267077 0 0 0 1 
1807261650088;0.669831;0.501287;0.99443 -0.0471288 -0.0942777 0.0218199 0.0187914 0.959409 -0.281392 0.581786 0.103712 0.278053 0.95495 0.486639 0 0 0 1 
1807261650089;0.143654;0.132642;0.993232 0.0440275 0.107479 0.131901 -0.0493578 0.997654 0.0474466 0.0357909 -0.105138 -0.0524305 0.993075 -0.0860775 0 0 0 1 
1807261650090;0.732491;0.428704;0.994579 0.0747075 -0.0723256 0.257579 -0.0815677 0.991929 -0.0970748 0.83049 0.0644896 0.102448 0.992646 0.450531 0 0 0 1 
1807261650091;0.403612;0.107665;0.988458 0.126843 -0.0828402 0.593943 -0.0970478 0.950031 0.296687 -0.0212933 0.116334 -0.285223 0.951375 -0.831594 0 0 0 1 
1807261650093;1.16071;0.399114;0.890916 0.28543 0.353268 -0.363525 -0.288823 0.956356 -0.0443167 0.114583 -0.3505 -0.0625498 0.934472 -0.247289 0 0 0 1 
1807261650094;0.696816;0.434153;0.981269 0.186942 0.0465168 -0.131718 -0.185279 0.981957 -0.0378396 -0.0699043 -0.0527513 0.0285122 0.998201 -0.060384 0 0 0 1 
1807261650095;0.832378;0.290933;0.923088 0.120369 0.365266 0.378422 -0.131396 0.991315 0.0053836 0.251793 -0.361446 -0.0529641 0.930887 -0.0544605 0 0 0 1 
1807261650096;1.24922;0.429775;0.962877 0.229449 0.142201 0.136114 -0.158795 0.907453 -0.388989 -0.44911 -0.218294 0.351968 0.910201 0.761905 0 0 0 1 
1807261650097;1.57732;0.238845;0.964218 0.163609 0.208604 0.285971 -0.200699 0.964587 0.171149 0.116329 -0.173215 -0.206891 0.962908 0.926898 0 0 0 1 
1807261650098;0.431654;0.283382;0.944546 -0.297493 0.139035 -0.0321532 0.307524 0.949843 -0.0568154 -0.227084 -0.11516 0.0964216 0.988656 0.279146 0 0 0 1 
1807261650099;1.43162;0.388259;0.977992 -0.203101 0.0477742 0.661902 0.208173 0.934479 -0.288813 0.350894 0.0140142 0.292402 0.956193 0.596587 0 0 0 1 
1807261650100;0.198846;0.125141;0.988779 -0.00626297 -0.149254 0.103311 0.0187949 0.996397 0.0827018 -0.0940366 0.148199 -0.084579 0.985334 -0.101836 0 0 0 1 
1807261650101;0.403364;0.180646;0.995541 -0.0791453 0.0513238 0.116483 0.0814284 0.995706 -0.0440309 -0.126317 -0.0476186 0.0480138 0.997711 -0.173341 0 0 0 1 
1807261650102;0.400187;0.253516;0.996374 -0.0434662 0.0731391 -0.153903 0.0453956 0.998658 -0.0249262 -0.161322 -0.0719575 0.028156 0.99701 0.00378727 0 0 0 1 
1807261650103;1.02195;0.281306;0.960988 0.250864 0.116484 0.00936655 -0.262739 0.959561 0.101044 -0.199822 -0.0864248 -0.127707 0.988039 0.538086 0 0 0 1 
1807261650104;1.18672;0.125718;0.989612 0.0219238 -0.142083 0.00293419 -0.0136442 0.998165 0.0589877 -0.410009 0.143115 -0.0564363 0.988096 -0.703788 0 0 0 1 
1807261650105;1.18857;0.346933;0.991865 0.0540696 0.115241 -0.433004 -0.0569482 0.998138 0.0218325 -0.473273 -0.113846 -0.0282176 0.993098 0.145486 0 0 0 1 
1807261650106;0.708535;0.229498;0.99883 -0.0195572 0.044232 -0.26451 0.0197795 0.999794 -0.00459244 -0.301441 -0.0441331 0.00546195 0.999011 0.21026 0 0 0 1 
1807261650107;0.503291;0.202106;0.998506 0.00911663 -0.0538839 0.0972916 -0.00635649 0.998669 0.0511751 -0.0867603 0.0542787 -0.0507561 0.997235 0.248412 0 0 0 1 
1807261650108;1.52224;0.504143;0.96235 -0.205941 0.177399 0.0969887 0.224932 0.969792 -0.0943865 0.441166 -0.152602 0.130736 0.979602 -0.350452 0 0 0 1 
1807261650109;0.339127;0.124485;0.955226 -0.106931 0.275879 -0.0658123 0.0928631 0.993645 0.0636029 -0.0261321 -0.280927 -0.0351362 0.959086 0.19695 0 0 0 1 
1807261650110;0.998065;0.149216;0.974813 -0.20863 0.0788256 0.0908465 0.203437 0.976648 0.0690817 -0.0869252 -0.0913974 -0.0513057 0.994492 -0.5372 0 0 0 1 
1807261650111;0.873902;0.211129;0.97239 0.141021 0.18593 0.149937 -0.149095 0.988364 0.0301076 -0.416908 -0.17952 -0.0569974 0.982102 0.413538 0 0 0 1 
1807261650112;0.213542;0.117585;0.988466 -0.0103302 -0.151093 0.127734 0.0213384 0.997218 0.0714184 -0.0697717 0.149935 -0.0738187 0.985936 -0.166104 0 0 0 1 
1807261650113;1.08553;0.506126;0.961221 -0.230338 0.151656 -0.127266 0.255014 0.95173 -0.170816 -0.744278 -0.10499 0.202866 0.973562 -0.102533 0 0 0 1 
1807261650114;0.757919;0.454098;0.947035 0.312377 0.0744603 0.332771 -0.287196 0.927622 -0.238823 -0.0221515 -0.143674 0.204789 0.968204 0.550569 0 0 0 1 
1807261650115;1.40826;0.450845;0.975235 0.220722 0.0141258 -0.388129 -0.221168 0.973656 0.0554924 0.332004 -0.00150531 -0.0572422 0.998359 0.267722 0 0 0 1 
1807261650116;0.547781;0.107901;0.985057 0.172187 -0.00374089 0.0425224 -0.171368 0.982079 0.0784409 -0.0661187 0.0171803 -0.0766277 0.996912 0.269502 0 0 0 1 
1807261650117;1.14474;0.219398;0.94179 0.298151 -0.155364 -0.100338 -0.271796 0.947196 0.170135 0.462202 0.197886 -0.118004 0.973096 -0.397597 0 0 0 1 
1807261650118;1.22447;0.451632;0.957293 0.243673 -0.15561 -0.0589107 -0.272509 0.940266 -0.204056 0.0806319 0.0965921 0.237746 0.966513 -0.522866 0 0 0 1 
1807261650119;1.49971;0.178621;0.977658 0.109253 -0.17958 0.220945 -0.133227 0.98287 -0.127344 0.66866 0.162591 0.148424 0.975466 -0.702277 0 0 0 1 
1807261650120;0.30517;0.304886;0.930145 0.216684 0.296441 0.170375 -0.234054 0.971928 0.0239606 0.102459 -0.282928 -0.0916702 0.95475 0.168326 0 0 0 1 
1807261650121;1.42718;0.126557;0.937551 0.347768 -0.00750004 0.407517 -0.343878 0.929881 0.130653 -0.692218 0.0524111 -0.119915 0.9914 0.263234 0 0 0 1 
1807261650122;1.45607;0.344033;0.947463 -0.2048 0.245703 -0.133757 0.246742 0.956771 -0.153974 -0.39295 -0.203548 0.206509 0.957038 -0.652041 0 0 0 1 
1807261650124;1.36594;3.9142;0.115537 -0.954922 0.27345 1.99002 0.925401 0.00344296 -0.378974 -0.500385 0.360949 0.296836 0.884084 0.274432 0 0 0 1 
1807261650125;0.804333;4.51293;0.0175374 -0.786952 0.616765 2.05501 0.768624 0.40513 0.495063 -0.350249 -0.639461 0.465378 0.611974 0.529727 0 0 0 1 
1807261650126;0.880272;4.54683;0.214087 -0.850072 0.48119 2.13907 0.910355 0.352231 0.217225 -0.271958 -0.354147 0.391549 0.849276 0.365857 0 0 0 1 
1807261650127;1.55898;4.39208;0.110947 -0.942014 0.316702 1.74969 0.979139 0.0490254 -0.197188 -0.162154 0.170227 0.331973 0.927802 -1.01121 0 0 0 1 
1807261650128;0.837192;4.3825;0.301181 -0.900051 0.314958 1.60745 0.951358 0.306089 -0.0350367 -0.381047 -0.0648704 0.31019 0.948459 -0.115466 0 0 0 1 
1807261650129;0.284015;4.14484;0.206538 -0.923482 0.323299 1.96747 0.976704 0.174922 -0.124308 -0.190191 0.0582443 0.341442 0.938097 -0.220447 0 0 0 1 
1807261650130;0.193395;4.26872;0.0463593 -0.956119 0.289287 2.04214 0.977962 -0.015575 -0.208199 -0.320721 0.203569 0.292564 0.934327 -0.343823 0 0 0 1 
1807261650131;0.6404;4.28873;0.248161 -0.913405 0.322657 2.08657 0.968651 0.230024 -0.0938345 -0.0392735 0.0114901 0.335827 0.941853 -0.115983 0 0 0 1 
1807261650132;1.48669;4.56929;0.154107 -0.936044 0.316342 2.6817 0.987556 0.156083 -0.0192474 0.105259 -0.0313591 0.315371 0.94845 -0.66939 0 0 0 1 
1807261650133;0.878362;4.23833;0.439105 -0.824757 0.356319 1.82051 0.898064 0.414337 -0.147669 -0.500129 -0.0258451 0.38484 0.922621 0.0426023 0 0 0 1 
1807261650134;0.764145;1.40591;0.300718 0.920169 -0.250714 0.0423813 -0.206305 0.319421 0.924883 -0.571071 0.931132 -0.226405 0.285891 0.259348 0 0 0 1 
1807261650135;0.938287;4.28983;0.145903 -0.920034 0.363663 2.09665 0.965707 0.0526534 -0.254238 -0.325504 0.21476 0.388286 0.896165 0.159424 0 0 0 1 
1807261650136;0.165136;4.11417;0.429615 -0.847249 0.31241 1.83131 0.902491 0.391094 -0.180433 -0.296904 0.0306899 0.359464 0.932654 -0.267673 0 0 0 1 
1807261650137;0.685906;3.9092;0.54023 -0.782452 0.30971 1.72387 0.837784 0.465454 -0.285431 -0.288324 0.0791804 0.413669 0.906978 0.089737 0 0 0 1 
1807261650138;1.14592;4.50801;0.461602 -0.735409 0.496082 1.84421 0.84377 0.536604 0.0103563 -0.657949 -0.273816 0.413799 0.868214 -0.310951 0 0 0 1 
1807261650139;0.608764;4.58315;0.174079 -0.934462 0.310607 2.22269 0.983366 0.148356 -0.104795 -0.381997 0.0518466 0.323683 0.944744 -0.606729 0 0 0 1 
1807261650140;1.51409;4.72354;0.296101 -0.910568 0.288428 1.81667 0.945225 0.322776 0.0486349 0.313734 -0.137383 0.258228 0.956266 0.19397 0 0 0 1 
1807261650141;0.713806;4.00507;0.165491 -0.986155 0.0105751 1.7896 0.811684 0.130106 -0.569423 -0.372517 0.560163 0.102818 0.821977 -0.343412 0 0 0 1 
1807261650142;1.81337;4.18484;0.253677 -0.931322 0.26132 1.69358 0.951317 0.191319 -0.241647 -0.191799 0.175056 0.309898 0.934515 0.626939 0 0 0 1 
1807261650143;1.33398;4.86011;0.117884 -0.915394 0.384912 2.32824 0.992178 0.124602 -0.00753947 0.268167 -0.0410592 0.38279 0.922923 0.151899 0 0 0 1 
1807261650144;0.523192;4.13862;0.352963 -0.870677 0.342547 1.72597 0.884186 0.43013 0.182219 -0.170275 -0.305993 0.238558 0.92166 -0.278734 0 0 0 1 
1807261650145;1.32014;4.38509;0.167519 -0.942198 0.290174 2.70965 0.985869 0.160206 -0.0489571 -0.584212 -0.00036048 0.294275 0.955721 -0.355281 0 0 0 1 
1807261650146;0.396214;4.61457;0.487933 -0.710813 0.506622 1.97079 0.846798 0.526289 -0.0771538 -0.184914 -0.211788 0.466653 0.858709 -0.155176 0 0 0 1 
1807261650147;1.75836;4.24389;0.0984856 -0.924261 0.368839 1.41711 0.992496 0.0642349 -0.104048 -0.296971 0.0724748 0.376318 0.923651 -1.00752 0 0 0 1 
1807261650148;1.81564;4.30784;0.412232 -0.832427 0.37031 2.09512 0.910798 0.386611 -0.144839 -1.01054 -0.0225979 0.396985 0.917547 0.196833 0 0 0 1 
1807261650149;1.27562;4.32067;0.123649 -0.954072 0.272868 2.03377 0.992312 0.120363 -0.0288206 -0.481996 -0.00534625 0.274334 0.96162 -0.932026 0 0 0 1 
1807261650150;1.69552;4.7838;0.163622 -0.89461 0.415813 2.66749 0.985853 0.163811 -0.0354959 -0.298626 -0.0363598 0.415738 0.908757 0.457489 0 0 0 1 
1807261650151;1.06641;4.28079;0.173065 -0.938792 0.297856 1.91373 0.982792 0.184432 0.0102625 -0.396364 -0.0645686 0.290954 0.954556 -0.774003 0 0 0 1 
1807261650152;1.1455;4.3215;0.265903 -0.932581 0.244109 2.32573 0.960595 0.235065 -0.148329 -0.622095 0.0809475 0.273931 0.958337 0.0212943 0 0 0 1 
1807261650153;0.956413;4.43076;0.350572 -0.884378 0.308178 2.39374 0.935205 0.348114 -0.0648737 -0.599607 -0.0499082 0.310953 0.949114 -0.220403 0 0 0 1 
1807261650155;0.606131;0.427062;0.997729 -0.0172743 -0.0650987 0.0570432 0.0195353 0.999222 0.0342572 0.0473929 0.0644563 -0.0354511 0.997291 -0.535484 0 0 0 1 
1807261650156;0.187806;0.0619374;0.997808 -0.0661621 0.00119241 -0.249482 0.0661546 0.997795 0.00544285 -0.129931 -0.00154989 -0.00535204 0.999984 0.193393 0 0 0 1 
1807261650157;0.551788;0.364739;0.997132 -0.0719731 0.0234145 -0.324767 0.0749509 0.982018 -0.173274 -0.140929 -0.0105224 0.174532 0.984595 0.971008 0 0 0 1 
1807261650158;0.699792;0.531649;0.996022 -0.0636475 -0.0623677 -0.316927 0.0672056 0.996126 0.0567172 -0.0832637 0.0585162 -0.060683 0.99644 -0.610876 0 0 0 1 
1807261650159;0.309546;0.111833;0.991983 0.0914423 -0.087221 0.370839 -0.108568 0.969909 -0.217919 -0.0818681 0.0646695 0.225641 0.972062 1.06397 0 0 0 1 
1807261650160;0.485518;0.38342;0.99812 -0.0494556 -0.0362063 -0.235476 0.0559404 0.976449 0.208372 -0.137903 0.0250484 -0.210006 0.977379 -0.820946 0 0 0 1 
1807261650161;0.330335;0.104299;0.998257 -0.0579065 0.0114049 -0.300949 0.057601 0.913807 -0.402044 -0.347605 0.0128591 0.402 0.915549 1.33992 0 0 0 1 
1807261650162;0.550603;0.417286;0.982245 0.187363 0.00944612 0.57405 -0.187473 0.98219 0.0125128 -0.0238067 -0.00693345 -0.0140616 0.999877 -0.0598556 0 0 0 1 
1807261650163;0.739956;0.338268;0.989263 0.0950807 0.110992 0.417702 -0.0867801 0.993218 -0.0773714 -0.825718 -0.117596 0.0669087 0.990805 0.660919 0 0 0 1 
1807261650164;0.228506;0.0937828;0.958139 0.107804 0.265231 0.40293 -0.11538 0.993235 0.0131038 -0.117185 -0.262024 -0.0431576 0.964096 -0.216234 0 0 0 1 
1807261650165;0.0638727;0.053839;0.9999 0.00613555 0.0127741 0.0264951 -0.00583906 0.999716 -0.02312 -0.0530169 -0.0129123 0.023043 0.999651 0.166728 0 0 0 1 
1807261650166;0.691573;0.418648;0.997817 -0.0612896 -0.0246098 -0.308025 0.0628305 0.995727 0.0676822 -0.320649 0.0203564 -0.0690806 0.997403 0.0478062 0 0 0 1 
1807261650167;0.645574;0.300908;0.952593 0.0132113 0.303962 0.176379 -0.073298 0.979596 0.187133 0.291464 -0.295288 -0.200542 0.934124 -0.954737 0 0 0 1 
1807261650168;0.448255;0.389848;0.996651 0.043828 0.0690334 0.219159 -0.0153343 0.929426 -0.36869 -0.395575 -0.0803204 0.366397 0.926986 1.4501 0 0 0 1 
1807261650169;0.539907;0.364247;0.996857 0.0422012 -0.0670516 0.206886 -0.0347901 0.993532 0.108089 -0.47095 0.0711794 -0.105417 0.991877 -0.805118 0 0 0 1 
1807261650170;0.652735;0.307268;0.952462 0.122655 0.278877 0.605016 -0.125936 0.992019 -0.00619267 0.13924 -0.277411 -0.0292224 0.960307 0.503558 0 0 0 1 
1807261650171;0.437786;0.273127;0.952248 0.17868 0.247581 0.655533 -0.229657 0.953504 0.195159 0.0102016 -0.201199 -0.242699 0.949008 -0.556301 0 0 0 1 
1807261650172;0.513271;0.403447;0.98972 -0.00388719 -0.142967 -0.198565 0.00396445 0.999992 0.000255558 -0.639276 0.142965 -0.000819715 0.989727 0.0619411 0 0 0 1 
1807261650173;0.421662;0.0894089;0.924411 -0.13439 -0.356937 -0.47918 0.12815 0.990899 -0.0411947 0.149804 0.359225 -0.00766047 0.93322 -0.362423 0 0 0 1 
1807261650174;0.342158;0.111337;0.995472 0.0812223 -0.0493761 0.338602 -0.0940001 0.918307 -0.384547 -0.16461 0.0141087 0.387447 0.921784 1.29811 0 0 0 1 
1807261650175;0.695425;0.356038;0.994389 -0.105672 0.00480937 -0.291905 0.105513 0.994079 0.0259688 0.374293 -0.00752506 -0.0253157 0.999651 -0.278316 0 0 0 1 
1807261650176;0.628882;0.379613;0.992463 0.117034 0.0363465 0.512844 -0.113098 0.988927 -0.0960882 -0.175796 -0.0471897 0.0912532 0.994709 -0.18077 0 0 0 1 
1807261650177;0.385778;0.0663168;0.999429 -0.0314249 -0.0124036 -0.148123 0.0314638 0.999501 0.00295369 0.0312164 0.0123046 -0.00334227 0.999919 0.439811 0 0 0 1 
1807261650178;0.865032;0.490256;0.993016 -0.0202027 0.11624 -0.107271 0.0291682 0.996685 -0.0759528 0.0588022 -0.11432 0.0788128 0.990313 1.19124 0 0 0 1 
1807261650179;0.799283;0.0716583;0.901531 -0.248396 -0.354319 -1.37001 0.23817 0.96848 -0.0729529 -0.295119 0.361272 -0.0186189 0.932275 0.569655 0 0 0 1 
1807261650180;0.951142;0.215659;0.932669 0.325484 0.155529 1.39602 -0.27781 0.923108 -0.265883 0.0717153 -0.23011 0.204773 0.951377 1.78076 0 0 0 1 
1807261650181;0.58947;0.0993642;0.985869 -0.165735 0.0243971 -0.865351 0.164818 0.985677 0.0357325 -0.749324 -0.0299697 -0.0312064 0.999064 0.0667119 0 0 0 1 
1807261650182;0.51362;0.296714;0.992938 0.00214189 -0.118615 -0.0449243 -0.00930171 0.998165 -0.059841 0.233211 0.118269 0.0605217 0.991135 -0.137944 0 0 0 1 
1807261650183;0.518467;0.149049;0.963215 0.140991 -0.228776 0.798623 -0.162419 0.983665 -0.0776144 0.303926 0.214096 0.111917 0.97038 0.420992 0 0 0 1 
1807261650184;0.540083;0.0541848;0.970573 -0.24035 0.014821 -0.949532 0.239665 0.970126 0.0376373 -0.727469 -0.0234244 -0.0329776 0.999182 -0.421843 0 0 0 1 
1807261650186;0.453969;0.31437;0.99913 -0.0271845 -0.0316338 0.110556 0.0300993 0.994961 0.0956421 0.00618755 0.0288744 -0.096511 0.994913 0.021296 0 0 0 1 
1807261650187;0.217396;0.0489759;0.997981 0.0148954 -0.0617402 -0.0575989 -0.0136165 0.999685 0.0210838 -0.00104948 0.0620348 -0.0202005 0.99787 -0.448149 0 0 0 1 
1807261650188;0.833964;0.116034;0.984739 -0.00383282 0.173997 -0.0268201 -0.0348953 0.975107 0.218971 0.232932 -0.170505 -0.221701 0.960092 1.29918 0 0 0 1 
1807261650189;0.543168;0.0716555;0.864374 0.37147 -0.33892 0.247814 -0.362363 0.92745 0.0923589 0.539617 0.34864 0.0429796 0.936271 -1.14047 0 0 0 1 
1807261650190;0.468639;0.155182;0.938251 -0.19494 0.285803 -0.0169394 0.218167 0.974552 -0.0514911 -0.797947 -0.268492 0.110665 0.956904 1.06335 0 0 0 1 
1807261650191;0.203867;0.0691824;0.992764 0.0311029 0.115985 -0.149995 -0.023181 0.997345 -0.0690351 -0.116522 -0.117825 0.0658468 0.990849 0.476345 0 0 0 1 
1807261650192;0.50492;0.212292;0.989705 0.138304 0.0368342 0.462995 -0.131292 0.979764 -0.151082 0.0982664 -0.0569841 0.144691 0.987835 0.0379232 0 0 0 1 
1807261650193;0.791638;0.171435;0.986585 -0.160922 -0.0274775 0.0135593 0.161334 0.986808 0.0134822 -0.523109 0.0249454 -0.0177344 0.999531 -1.01888 0 0 0 1 
1807261650194;0.736741;0.18503;0.978134 0.202557 -0.0471564 0.36272 -0.20765 0.963816 -0.167151 0.109342 0.0115926 0.173288 0.984803 -0.698504 0 0 0 1 
1807261650195;0.187863;0.156976;0.975927 0.0333731 -0.215528 0.045468 -0.0142833 0.995882 0.0895298 0.0280118 0.217628 -0.0842961 0.972385 -0.622138 0 0 0 1 
1807261650196;0.587609;0.0793657;0.993729 0.109569 -0.0223047 -0.0789367 -0.111719 0.981212 -0.157293 -0.15485 0.00465129 0.158798 0.9873 0.73614 0 0 0 1 
1807261650197;0.541762;0.0957297;0.962046 0.272754 -0.00857857 -0.304041 -0.272462 0.961825 0.02563 0.851898 0.0152418 -0.0223199 0.999635 -0.217825 0 0 0 1 
1807261650198;0.789459;0.304706;0.994613 0.0369975 -0.0968305 0.345214 -0.0478438 0.992533 -0.112205 0.0171776 0.0919562 0.116233 0.988956 -0.927028 0 0 0 1 
1807261650199;0.344499;0.136438;0.991578 -0.0718642 -0.107741 0.0748669 0.0631664 0.994622 -0.082079 -0.114152 0.11306 0.0745821 0.990785 -0.514456 0 0 0 1 
1807261650200;0.665434;0.29855;0.995261 0.0967275 -0.00997965 0.0875224 -0.0965455 0.995177 0.0173412 -0.380065 0.0116089 -0.0162955 0.9998 -0.0618786 0 0 0 1 
1807261650201;0.637949;0.306012;0.997442 0.0693051 -0.0174818 -0.287509 -0.0695416 0.99749 -0.0133015 -0.0384947 0.0165161 0.0144831 0.999759 -0.306892 0 0 0 1 
1807261650202;0.360138;0.0229658;0.996411 0.084402 -0.00636697 -0.221928 -0.0845542 0.995982 -0.0295141 0.152797 0.00385034 0.0299465 0.999544 -0.36664 0 0 0 1 
1807261650203;0.394841;0.131879;0.899063 -0.136055 -0.416142 0.231517 0.182401 0.980472 0.0735134 -0.625444 0.398014 -0.141998 0.906323 -1.15222 0 0 0 1 
1807261650204;0.612524;0.137403;0.998786 -0.0491661 -0.00301895 -0.103286 0.0492461 0.998039 0.0386487 -0.255561 0.00111282 -0.0387505 0.999248 0.752468 0 0 0 1 
1807261650205;0.404722;0.188374;0.877662 0.235717 -0.417308 0.253358 -0.291996 0.953429 -0.075567 0.774025 0.380061 0.188175 0.905618 -0.924838 0 0 0 1 
1807261650206;0.626556;0.13958;0.973532 -0.22196 -0.054495 -0.493015 0.21405 0.969045 -0.123021 -0.939712 0.0801139 0.1081 0.990907 0.400081 0 0 0 1 
1807261650207;0.542445;0.112216;0.999742 -0.0127799 0.0187848 -0.150062 0.0129288 0.999886 -0.00782297 -0.30028 -0.0186827 0.00806382 0.999793 0.722601 0 0 0 1 
1807261650208;0.417306;0.139609;0.951875 -0.013012 -0.306212 -0.0638695 -0.0212593 0.993889 -0.108319 0.134162 0.30575 0.109616 0.945781 -1.06889 0 0 0 1 
1807261650209;0.115948;0.0919194;0.996089 -0.0475367 -0.0744764 -0.132644 0.0415619 0.995943 -0.0798171 -0.0812633 0.0779685 0.0764096 0.994023 -0.189115 0 0 0 1 
1807261650210;0.290494;0.12104;0.977797 0.205815 0.0394009 0.0655372 -0.19161 0.954253 -0.229537 0.592066 -0.0848405 0.216891 0.972502 0.357541 0 0 0 1 
1807261650211;0.634223;0.492407;0.983566 0.115837 -0.138493 0.372468 -0.13778 0.977273 -0.161101 0.164578 0.116684 0.177535 0.977173 -0.320907 0 0 0 1 
1807261650212;0.518398;0.0622241;0.927478 0.255081 -0.273347 0.134737 -0.226968 0.965118 0.130511 0.713249 0.297103 -0.0590045 0.953021 -1.24128 0 0 0 1 
1807261650213;0.562773;0.434431;0.994615 -0.102695 0.0139532 0.0867969 0.0954691 0.960266 0.262249 -0.295774 -0.0403305 -0.259505 0.964899 -0.143081 0 0 0 1 
1807261650214;0.522212;0.151674;0.940665 -0.336417 -0.0444202 -0.0724175 0.33915 0.927707 0.156005 -1.33853 -0.011274 -0.161814 0.986757 0.0179022 0 0 0 1 
1807261650215;0.876402;0.186902;0.913487 -0.343212 -0.21851 0.569394 0.338153 0.939088 -0.0613639 -1.38041 0.226261 -0.0178346 0.973903 -0.821596 0 0 0 1 
1807261650217;0.532131;0.451172;0.983249 -0.0261871 0.180379 -0.210057 -0.0144435 0.975319 0.220327 -0.206607 -0.181697 -0.219242 0.958603 -0.754344 0 0 0 1 
1807261650218;0.499155;0.383601;0.995935 -0.028148 -0.0855632 -0.193922 0.0371594 0.993712 0.105623 -0.0951879 0.0820521 -0.108373 0.990718 -0.174244 0 0 0 1 
1807261650219;0.721512;0.78885;0.996824 -0.0651484 -0.0457975 -0.53214 0.067542 0.996317 0.0528206 -1.13182 0.0421876 -0.0557461 0.997553 -0.602499 0 0 0 1 
1807261650220;0.121853;0.121306;0.992807 -0.0749983 0.0933253 -0.271999 0.071372 0.996581 0.0416097 -0.202513 -0.096127 -0.0346496 0.994766 -0.0724366 0 0 0 1 
1807261650221;0.995809;0.433689;0.994063 -0.108803 0.00122365 -0.486216 0.108794 0.994047 0.00593422 -0.460705 -0.00186202 -0.00576586 0.999982 -0.860671 0 0 0 1 
1807261650222;1.09618;0.564361;0.999976 -0.00189813 0.0066633 -0.0837444 0.00173387 0.999697 0.0245727 -0.510798 -0.00670792 -0.0245605 0.999676 -0.938152 0 0 0 1 
1807261650223;0.826304;0.634098;0.996338 -0.0849623 0.00960423 -0.35265 0.0845679 0.995771 0.035899 -0.287876 -0.0126137 -0.0349553 0.999309 -0.376675 0 0 0 1 
1807261650224;0.375842;0.0715006;0.994791 -0.0536618 -0.0866697 -0.207539 0.0754461 0.959338 0.27199 -0.382181 0.0685501 -0.277112 0.958389 -1.0822 0 0 0 1 
1807261650225;0.55112;0.874107;0.990741 -0.133165 -0.0264473 -0.678276 0.129357 0.985033 -0.113916 -0.959966 0.0412211 0.10944 0.993138 0.487005 0 0 0 1 
1807261650226;0.761509;0.614242;0.998751 -0.0434516 -0.0246694 -0.241508 0.0431861 0.999004 -0.0111955 -0.0630441 0.0251313 0.0101162 0.999633 0.420046 0 0 0 1 
1807261650227;0.75985;0.693387;0.999638 0.00748693 -0.0258248 -0.029991 -0.00647855 0.999222 0.0389121 0.0388921 0.026096 -0.0387307 0.998909 -0.291438 0 0 0 1 
1807261650228;0.464961;0.446885;0.998999 -0.00721956 -0.0441432 -0.06696 0.0102309 0.997607 0.068376 -0.114013 0.0435439 -0.0687591 0.996683 -0.438812 0 0 0 1 
1807261650229;0.961907;0.363901;0.974848 0.0433029 0.218623 0.0457972 -0.0927869 0.970744 0.221464 0.170293 -0.202637 -0.236179 0.950346 0.233824 0 0 0 1 
1807261650230;1.24871;0.376429;0.961553 -0.0649936 -0.266819 -0.0919933 0.0861801 0.993924 0.0684659 -0.466084 0.260748 -0.0888281 0.961312 -1.59534 0 0 0 1 
1807261650231;0.35278;0.272069;0.978809 -0.0683062 -0.193046 -0.237793 0.0331865 0.983177 -0.179614 -0.24765 0.202067 0.169401 0.96461 0.162048 0 0 0 1 
1807261650232;0.725754;0.649987;0.973476 -0.0268444 -0.227211 -0.076886 0.0612233 0.987441 0.145645 -0.241563 0.220448 -0.155693 0.962893 -0.729802 0 0 0 1 
1807261650233;0.807473;0.735398;0.995565 0.0202864 0.0918577 -0.0203301 -0.0282301 0.995893 0.0860226 0.0937728 -0.0897354 -0.0882342 0.99205 -0.235501 0 0 0 1 
1807261650234;0.330571;0.104362;0.995616 -0.0867358 -0.0350153 -0.348343 0.0857205 0.995882 -0.0295256 -0.230154 0.037432 0.0263946 0.998951 0.298502 0 0 0 1 
1807261650235;0.476097;0.171951;0.995614 0.0671946 -0.0650938 0.105175 -0.0536083 0.979993 0.191678 -0.240649 0.0766711 -0.187347 0.979297 -0.227452 0 0 0 1 
1807261650236;0.451212;0.474318;0.915548 -0.0469743 -0.399456 -0.135609 0.012762 0.996049 -0.0878808 -0.188292 0.402006 0.0753613 0.912531 -0.0624267 0 0 0 1 
1807261650237;0.797582;0.35904;0.947253 0.00530484 0.320442 -0.240294 -0.0592585 0.985522 0.158858 -0.353431 -0.31496 -0.169467 0.933853 -0.663486 0 0 0 1 
1807261650238;1.08583;0.724129;0.996265 -0.0531815 -0.0680292 -0.390343 0.0521063 0.998488 -0.0174845 -0.415571 0.0688562 0.0138745 0.99753 0.83292 0 0 0 1 
1807261650239;1.02135;0.840097;0.963498 0.171975 0.205176 0.106261 -0.134959 0.973892 -0.18254 -0.242869 -0.231211 0.148187 0.961552 0.0672796 0 0 0 1 
1807261650240;0.859825;0.237854;0.999045 -0.0427646 0.00892944 -0.34014 0.0427208 0.999074 0.00504253 -0.0341742 -0.00913681 -0.00465625 0.999947 0.70145 0 0 0 1 
1807261650241;0.991567;0.944881;0.996113 -0.0386792 0.079139 -0.16677 0.0137292 0.955628 0.294255 -0.281965 -0.0870091 -0.292025 0.952445 -0.590655 0 0 0 1 
1807261650242;0.558163;0.471602;0.981719 0.0209087 -0.189182 0.1106 -0.000286457 0.994109 0.108384 -0.110422 0.190334 -0.106348 0.975942 -0.820777 0 0 0 1 
1807261650243;0.371812;0.349796;0.988093 0.110975 0.106564 0.159393 -0.146279 0.89228 0.42713 -0.33848 -0.0476837 -0.437632 0.897889 -1.129 0 0 0 1 
1807261650244;0.711238;0.12038;0.998385 -0.0409141 -0.0394037 -0.185748 0.0348895 0.989106 -0.143011 -0.250755 0.0448256 0.141406 0.988936 -0.21385 0 0 0 1 
1807261650245;0.732714;0.488683;0.991068 -0.0355363 -0.128534 -0.117286 0.00635497 0.975332 -0.220653 -0.00986204 0.133205 0.217865 0.966846 0.140822 0 0 0 1 
1807261650246;1.2033;0.831616;0.980623 -0.146533 0.130029 -0.637995 0.135649 0.986753 0.0889871 -0.524201 -0.141346 -0.0696245 0.987509 0.94537 0 0 0 1 
1807261650248;0.419559;0.595465;0.998072 -0.0619453 -0.0038682 -0.760385 0.0618583 0.997893 -0.0195839 -0.567879 0.00507318 0.0193069 0.999801 0.0856317 0 0 0 1 
1807261650249;0.496114;0.424758;0.995163 0.0711158 -0.0677777 -0.340275 -0.0787534 0.98993 -0.117631 -0.586228 0.0587297 0.1224 0.990742 0.700033 0 0 0 1 
1807261650250;0.34812;0.497067;0.995209 0.0169226 -0.0962969 -0.25662 -0.030646 0.989266 -0.142873 -0.236728 0.0928455 0.14514 0.985045 0.789622 0 0 0 1 
1807261650251;0.451728;0.502668;0.970439 0.221161 -0.0966226 0.229631 -0.230631 0.967761 -0.101237 -0.228702 0.0711178 0.120529 0.990159 0.681036 0 0 0 1 
1807261650252;0.33029;0.430717;0.888454 -0.276255 -0.366513 -1.5307 0.188574 0.947767 -0.257251 -0.304797 0.418436 0.159441 0.894142 0.826034 0 0 0 1 
1807261650253;0.249687;0.476909;0.996556 -0.080709 0.0190444 -0.935833 0.0809464 0.996646 -0.0120439 -0.109736 -0.0180085 0.013544 0.999746 -0.263343 0 0 0 1 
1807261650254;0.24129;0.468757;0.996942 0.0677621 0.0389205 -0.420878 -0.0597492 0.981993 -0.17922 -0.118236 -0.050364 0.176347 0.983039 0.778421 0 0 0 1 
1807261650255;0.565737;0.417114;0.963132 0.0900946 0.253495 -0.248002 0.0155301 0.922068 -0.386717 -0.598341 -0.268581 0.376396 0.886674 2.07686 0 0 0 1 
1807261650256;0.73595;0.474134;0.907538 0.175545 0.381522 -0.0351477 -0.228319 0.968703 0.0973916 0.0525077 -0.352485 -0.175495 0.919215 -1.3888 0 0 0 1 
1807261650257;0.0754684;0.462101;0.999111 0.0102445 -0.0408834 -0.510141 -0.010049 0.999937 0.00498396 -0.0557657 0.0409319 -0.00456869 0.999151 -0.0705334 0 0 0 1 
1807261650258;0.796962;1.02195;0.959296 -0.278923 -0.0442023 -2.07617 0.280828 0.958697 0.0451189 0.00799006 0.0297919 -0.0556956 0.998003 -0.0286325 0 0 0 1 
1807261650259;0.200045;0.387755;0.995905 -0.0903331 -0.00367216 -0.766216 0.090383 0.99576 0.0171038 0.0705801 0.00211155 -0.0173656 0.999847 -0.00694279 0 0 0 1 
1807261650260;0.602384;0.512987;0.967733 -0.14281 -0.207603 -1.28155 0.195414 0.945487 0.260514 -0.236054 0.159082 -0.292676 0.942886 -0.550565 0 0 0 1 
1807261650261;0.61809;0.540665;0.925926 -0.135751 -0.352467 -1.08447 0.141952 0.989838 -0.00832536 -0.142153 0.350015 -0.0423249 0.935787 0.457064 0 0 0 1 
