#;prob_registration_l1 -r /home/probabilistic_point_clouds_registration/build/tester /home/point_clouds_registration_benchmark//devel/registration_pairs/plain_local.txt /home/point_clouds_registration_benchmark//eth/plain -s 0.2 -t 0.2 -p 0.3 -r 1000 -m 15 -i 40 
id;initial_error;final_error;transformation
4215528470000;0.567788;0.439135;0.962636 -0.0247157 0.269668 0.323094 0.00857424 0.998109 0.0608714 -0.0745321 -0.270663 -0.0562848 0.961027 1.95558 0 0 0 1 
4215528470001;0.547226;0.0681085;0.99211 0.100422 -0.0750563 -0.638531 -0.0619991 0.913328 0.402477 0.825374 0.108969 -0.394648 0.912348 1.07261 0 0 0 1 
4215528470002;0.032832;0.0252989;0.999966 0.00704447 0.00419987 -0.0232455 -0.00705444 0.999972 0.00236477 0.0263925 -0.00418309 -0.00239432 0.999988 0.0276522 0 0 0 1 
4215528470003;0.731607;0.110332;0.995516 -0.0408846 0.0852965 -0.0386796 0.039151 0.998993 0.0218989 -0.808796 -0.0861059 -0.0184613 0.996115 0.415216 0 0 0 1 
4215528470004;0.518474;0.266466;0.966053 0.0668993 -0.24953 -0.229337 -0.00954002 0.974468 0.224322 0.0796449 0.258166 -0.214327 0.942027 -0.241124 0 0 0 1 
4215528470005;0.0948906;0.0688528;0.999515 0.0205106 0.0234327 -0.110588 -0.0183247 0.995776 -0.0899668 0.158415 -0.025179 0.0894938 0.995669 -0.295318 0 0 0 1 
4215528470006;0.93827;0.517998;0.999085 -0.0289413 -0.0314962 -0.127591 0.0165069 0.940174 -0.340295 0.15521 0.0394605 0.339464 0.939791 -1.43933 0 0 0 1 
4215528470007;0.649378;0.533128;0.994466 -0.0337715 -0.0994838 0.154669 -0.00357016 0.935516 -0.353265 0.430924 0.104999 0.351665 0.930219 -2.00988 0 0 0 1 
4215528470008;0.524363;0.414558;0.962685 0.0312197 -0.268819 0.155658 -0.0692628 0.988663 -0.133221 0.532412 0.261612 0.146869 0.953933 -2.35877 0 0 0 1 
4215528470009;0.400063;0.38582;0.96915 -0.0358733 0.243846 0.21269 0.0499194 0.997416 -0.0516672 -0.383876 -0.241363 0.0622459 0.968437 1.30168 0 0 0 1 
4215528470010;0.581956;0.395784;0.991942 -0.0903271 -0.0888401 0.574554 0.0625408 0.958925 -0.276678 -0.187041 0.110183 0.268893 0.956847 -2.09227 0 0 0 1 
4215528470011;0.358216;0.172188;0.985533 -0.0937428 0.141195 0.414211 0.123082 0.968598 -0.21603 -0.691079 -0.11651 0.230283 0.966124 -0.140808 0 0 0 1 
4215528470012;0.581653;0.409157;0.984133 0.120661 -0.13009 -0.399942 -0.0786971 0.953949 0.28946 0.500498 0.159026 -0.27463 0.948309 -0.108652 0 0 0 1 
4215528470013;0.612837;0.0359682;0.982278 -0.0592531 0.177819 0.164918 0.0574502 0.998232 0.015275 -0.334826 -0.17841 -0.00478855 0.983945 0.549731 0 0 0 1 
4215528470014;0.871128;0.612053;0.99881 -0.0205442 0.0442232 0.0106345 0.0214287 0.999578 -0.0196223 -0.229351 -0.0438014 0.0205466 0.998829 0.735901 0 0 0 1 
4215528470015;0.0605696;0.0202778;0.999932 -0.000241944 0.0116849 0.0516124 0.000428828 0.999872 -0.0159937 -0.0213508 -0.0116795 0.0159977 0.999804 -0.0118994 0 0 0 1 
4215528470016;0.462589;0.160647;0.972806 -0.0245588 0.230314 0.0705528 0.0712581 0.977869 -0.19671 -0.415619 -0.220386 0.207773 0.953027 0.755693 0 0 0 1 
4215528470017;0.763704;0.367118;0.994841 0.0417067 0.0924733 -0.351401 -0.0772036 0.90261 0.423478 0.678101 -0.0658055 -0.428433 0.901174 3.00626 0 0 0 1 
4215528470018;0.320962;0.355333;0.998187 0.00239418 0.0601359 -0.150552 -0.00824801 0.995222 0.0972851 -0.0547216 -0.0596157 -0.0976047 0.993438 0.708768 0 0 0 1 
4215528470019;0.470754;0.180322;0.904278 0.147612 -0.400615 -0.0707066 -0.088067 0.982641 0.16328 0.51406 0.417762 -0.112369 0.901581 -2.03107 0 0 0 1 
4215528470020;0.901423;0.639584;0.988337 -0.0444599 0.145645 0.101322 0.059266 0.993326 -0.0989502 -0.278062 -0.140274 0.106428 0.984376 -0.0303217 0 0 0 1 
4215528470021;0.310289;0.0746369;0.999614 -0.0125524 -0.0247689 -0.0525321 0.0149791 0.994838 0.10036 -0.141156 0.0233813 -0.100692 0.994643 0.535586 0 0 0 1 
4215528470022;0.501427;0.226073;0.98137 0.0298016 -0.189801 0.0912136 -0.0465157 0.995361 -0.0842239 0.36158 0.186411 0.0914835 0.978203 -1.99793 0 0 0 1 
4215528470023;0.509895;0.381446;0.994573 -0.0220738 0.101668 0.110197 0.0374189 0.987733 -0.1516 -0.0906392 -0.0970742 0.154582 0.983199 -0.41514 0 0 0 1 
4215528470024;0.756959;0.488985;0.997745 -0.0202347 0.0639974 -0.0213738 0.0191386 0.99966 0.0176941 -0.248685 -0.0643337 -0.0164293 0.997793 1.00205 0 0 0 1 
4215528470025;0.187466;0.140408;0.995625 0.0686801 -0.0633515 -0.344975 -0.0627049 0.99379 0.0919161 0.361132 0.0692709 -0.0875415 0.993749 -0.0805553 0 0 0 1 
4215528470026;0.0729172;0.0232788;0.999372 -0.0352708 -0.00335988 0.156843 0.0352569 0.99937 -0.00412598 -0.224816 0.00350329 0.00400493 0.999986 -0.0963549 0 0 0 1 
4215528470027;0.80863;0.212812;0.997346 0.0142021 -0.0714056 -0.217924 -0.0231688 0.991714 -0.126361 0.0194284 0.0690193 0.12768 0.989411 -0.37255 0 0 0 1 
4215528470028;0.511375;0.481203;0.996574 0.043428 -0.0703801 -0.27927 -0.0300138 0.982928 0.181524 0.0817749 0.0770618 -0.17879 0.980865 0.479161 0 0 0 1 
4215528470029;0.874225;0.507975;0.882589 0.0722119 -0.464567 0.679711 -0.0467747 0.996718 0.066066 0.448754 0.467813 -0.0365792 0.88307 -3.16209 0 0 0 1 
4215528470031;0.986719;0.219218;0.999726 -0.00313298 0.0232122 -0.0663399 0.00313258 0.999995 5.35535e-05 -0.300019 -0.0232123 1.91752e-05 0.999731 0.932681 0 0 0 1 
4215528470032;1.06872;0.431734;0.994437 -0.0968483 0.0414091 0.426371 0.104707 0.866268 -0.488484 -0.0581154 0.0114375 0.490102 0.87159 -2.65794 0 0 0 1 
4215528470033;0.525088;0.171633;0.998728 -0.0496383 0.00885031 0.207473 0.0498679 0.998364 -0.0279559 -0.44526 -0.00744815 0.0283617 0.99957 -0.453659 0 0 0 1 
4215528470034;0.461314;0.0835;0.999101 0.0414357 0.00900158 -0.284921 -0.0416046 0.998944 0.0194682 0.28672 -0.0081854 -0.0198252 0.99977 -0.170091 0 0 0 1 
4215528470035;0.980295;0.151016;0.999701 -0.0244598 0.000325331 -0.561915 0.0244584 0.999694 0.00375505 -0.316143 -0.000417079 -0.00374597 0.999993 0.121251 0 0 0 1 
4215528470036;1.14169;0.531969;0.997662 0.0642399 0.0233052 -0.599064 -0.0681348 0.961276 0.267032 0.491341 -0.00524871 -0.267995 0.963406 2.30744 0 0 0 1 
4215528470037;0.241412;0.135411;0.999815 0.0122814 0.0147751 -0.0249575 -0.0118255 0.999463 -0.030556 0.175319 -0.0151424 0.0303756 0.999424 0.0382251 0 0 0 1 
4215528470038;0.130156;0.115239;0.999149 0.0276269 0.0306373 -0.240302 -0.0279163 0.999569 0.00905745 0.23205 -0.0303738 -0.00990501 0.99949 0.323428 0 0 0 1 
4215528470039;0.797747;0.301194;0.995518 -0.0592603 -0.0737012 0.235518 0.0378232 0.963771 -0.264035 -0.0853721 0.0866779 0.260064 0.961693 -1.69135 0 0 0 1 
4215528470040;0.689028;0.658097;0.997674 -0.00700432 -0.0678071 0.069792 0.0136231 0.995128 0.097648 -0.158254 0.0667928 -0.0983446 0.992908 -0.406853 0 0 0 1 
4215528470041;0.231676;0.113516;0.951805 -0.0820937 -0.295512 1.2033 0.0432727 0.989819 -0.135597 -0.23158 0.303635 0.116275 0.945667 -3.35906 0 0 0 1 
4215528470042;0.841266;0.752373;0.989766 -0.0326183 0.13892 0.0414463 0.0183722 0.994551 0.102623 -0.0692828 -0.14151 -0.0990208 0.984972 1.46448 0 0 0 1 
4215528470043;0.639843;0.614128;0.995778 0.0484062 -0.077996 -0.159351 -0.0460702 0.998442 0.0314776 0.400892 0.0793982 -0.0277514 0.996457 -0.649245 0 0 0 1 
4215528470044;0.994474;0.077839;0.999937 -0.000247636 0.0112181 0.0792279 0.000368052 0.999942 -0.0107333 -0.0113725 -0.0112148 0.0107367 0.999879 -0.80631 0 0 0 1 
4215528470045;0.386524;0.071973;0.995345 0.00609258 0.0961876 -0.126095 -0.0508482 0.881002 0.470372 0.559235 -0.0818758 -0.473073 0.877211 3.43166 0 0 0 1 
4215528470046;1.07289;0.475546;0.97666 0.059885 -0.206275 -0.0442752 -0.0473208 0.996742 0.0653184 0.248696 0.209514 -0.0540328 0.976312 -0.817306 0 0 0 1 
4215528470047;0.459821;0.464111;0.993724 -0.00384193 0.111791 -0.0816329 0.00468683 0.999962 -0.00729612 -0.118878 -0.111758 0.00777427 0.993705 0.863545 0 0 0 1 
4215528470048;0.649857;0.206614;0.997451 0.0708386 -0.00855671 -0.741059 -0.0707687 0.997459 0.00821931 0.592667 0.00911721 -0.00759281 0.99993 0.0259393 0 0 0 1 
4215528470049;0.633618;0.362762;0.9996 -0.023281 -0.0160457 0.0177757 0.02545 0.988077 0.151845 -0.345354 0.0123193 -0.152192 0.988274 1.13277 0 0 0 1 
4215528470050;0.671958;0.354205;0.99765 0.0348961 -0.0589645 -0.0745103 -0.0334972 0.999137 0.0245488 0.296292 0.0597703 -0.022516 0.997958 -0.802616 0 0 0 1 
4215528470051;0.865997;0.651562;0.997582 -0.0330062 -0.0611613 0.305889 0.0211131 0.982366 -0.185773 0.168929 0.0662145 0.184033 0.980687 -2.09282 0 0 0 1 
4215528470052;0.470145;0.431883;0.998271 0.0204641 -0.0550967 -0.0515017 -0.0217888 0.999485 -0.0235515 0.139457 0.0545864 0.0247113 0.998203 -0.668237 0 0 0 1 
4215528470053;1.01323;0.200914;0.993244 -0.00955489 0.115651 0.0973499 0.0210266 0.994926 -0.098384 -0.101976 -0.114124 0.100151 0.988406 -0.298476 0 0 0 1 
4215528470054;0.877545;0.674609;0.99927 0.0118105 -0.0363314 0.107906 -0.010724 0.999494 0.0299541 0.171914 0.0366668 -0.0295426 0.998891 -0.673193 0 0 0 1 
4215528470055;0.503431;0.212078;0.997039 -0.0239408 0.073076 0.00847267 0.0324255 0.992576 -0.117227 0.0536865 -0.069727 0.11925 0.990413 0.137094 0 0 0 1 
4215528470056;0.338949;0.243898;0.970807 -0.223453 0.087191 1.25609 0.235779 0.955783 -0.175745 -1.81531 -0.0440649 0.191173 0.980567 -0.760763 0 0 0 1 
4215528470057;0.60477;0.0412844;0.999701 -0.0163454 0.018163 0.106275 0.0158166 0.999458 0.0288868 -0.138095 -0.0186253 -0.0285909 0.999418 -0.188595 0 0 0 1 
4215528470058;0.117082;0.0801966;0.99476 -0.100812 0.0170324 0.549019 0.101125 0.994699 -0.0186306 -0.887158 -0.0150639 0.0202554 0.999681 -0.0203174 0 0 0 1 
4215528470059;0.289428;0.338725;0.998406 -0.0110439 -0.0553458 0.0237844 0.00495975 0.994042 -0.108884 0.0352792 0.0562186 0.108436 0.992513 -1.19295 0 0 0 1 
4215528470060;0.876862;0.554303;0.962131 0.0759524 -0.261793 0.387402 -0.0545634 0.994622 0.0880345 0.468695 0.267072 -0.0704163 0.9611 -2.46084 0 0 0 1 
4215528470062;1.03489;0.750375;0.962655 -0.0995922 0.251747 0.210782 0.163269 0.955318 -0.246396 -1.58837 -0.215959 0.278297 0.935902 2.63359 0 0 0 1 
4215528470063;0.150783;0.196454;0.996496 0.0469437 0.0692235 -0.325931 -0.0532525 0.994306 0.0923026 0.665015 -0.0644963 -0.0956655 0.993322 1.22443 0 0 0 1 
4215528470064;1.26892;0.194614;0.979731 0.0922838 -0.177796 0.530023 -0.0709526 0.98989 0.122817 0.862951 0.187332 -0.107713 0.976373 -2.95932 0 0 0 1 
4215528470065;0.672821;0.171703;0.998705 -0.0494811 0.0118531 0.0281711 0.0498917 0.998058 -0.0372975 -0.754405 -0.00998459 0.0378406 0.999234 -0.28576 0 0 0 1 
4215528470066;0.971407;0.234886;0.974254 -0.058539 0.217722 0.0801513 0.140345 0.913249 -0.382464 -1.05772 -0.176445 0.403173 0.897952 1.78119 0 0 0 1 
4215528470067;0.479383;0.616719;0.998483 -0.0318928 0.0448788 -0.104045 0.0380996 0.98869 -0.14505 -0.217171 -0.0397452 0.14654 0.988406 0.087373 0 0 0 1 
4215528470068;1.75898;1.49371;0.996127 0.0827993 -0.0295897 -0.102071 -0.0765507 0.982217 0.171433 0.998293 0.0432581 -0.168504 0.984751 -0.307958 0 0 0 1 
4215528470069;1.1695;0.386961;0.995517 -0.0562358 0.0760473 -0.129158 0.0524138 0.997304 0.0513542 -0.78718 -0.0787302 -0.0471381 0.995781 1.90042 0 0 0 1 
4215528470070;0.627154;0.173004;0.999749 -0.0210581 0.00760845 0.0326984 0.020778 0.999165 0.0351793 -0.224025 -0.00834291 -0.0350124 0.999352 -0.0489175 0 0 0 1 
4215528470071;1.13782;0.30671;0.987331 0.0261286 -0.156507 0.657771 -0.0135547 0.996632 0.0808753 0.168413 0.158093 -0.0777293 0.98436 -2.50803 0 0 0 1 
4215528470072;1.12233;0.576227;0.998496 0.0202138 -0.0509661 -0.218147 -0.0192437 0.999626 0.0194534 0.0820385 0.0513403 -0.0184434 0.998511 -0.27919 0 0 0 1 
4215528470073;0.253366;0.0431036;0.956752 -0.101754 0.272527 0.338557 0.176397 0.947875 -0.265363 -1.74447 -0.23132 0.301959 0.924831 2.41683 0 0 0 1 
4215528470074;0.891847;0.292857;0.92525 0.167853 -0.340202 1.35117 -0.0879567 0.967268 0.238025 0.777519 0.36902 -0.19031 0.909729 -4.8244 0 0 0 1 
4215528470075;0.661748;0.394334;0.998491 0.011924 0.0535965 -0.27123 -0.012282 0.999904 0.00635481 0.220772 -0.0535156 -0.0070035 0.998542 1.08593 0 0 0 1 
4215528470076;1.55682;0.236989;0.999881 0.00967595 -0.0120149 -0.0546447 -0.00976153 0.999927 -0.00708488 0.34309 0.0119455 0.00720132 0.999903 -1.06208 0 0 0 1 
4215528470077;0.434483;0.38997;0.999028 -0.0439516 0.00350784 0.0780744 0.0440848 0.997088 -0.0622184 -0.403047 -0.000763027 0.0623125 0.998056 -0.310829 0 0 0 1 
4215528470078;1.12372;1.12944;0.959858 -0.0545709 0.275126 0.0564147 0.0569316 0.998378 -0.000595641 -0.829072 -0.274647 0.0162351 0.961408 3.94771 0 0 0 1 
4215528470079;1.36039;1.23586;0.994014 -0.0236272 0.106671 -0.314636 0.0383227 0.989705 -0.137895 -0.305751 -0.102315 0.141157 0.984686 1.28267 0 0 0 1 
4215528470080;1.57691;1.15763;0.982598 0.112865 -0.147521 0.109149 -0.0815683 0.975733 0.203206 1.04784 0.166876 -0.187637 0.967959 -1.6002 0 0 0 1 
4215528470081;1.29705;1.20577;0.996712 0.0685679 -0.0431673 -0.206752 -0.0627778 0.990347 0.123579 0.777385 0.0512241 -0.120463 0.991395 -0.296498 0 0 0 1 
4215528470082;0.754436;0.27569;0.996115 -0.0539607 -0.0695981 0.388771 0.0435471 0.988719 -0.143309 -0.496761 0.0765461 0.139722 0.987228 -1.29719 0 0 0 1 
4215528470083;1.36137;0.491929;0.995146 -0.0110319 0.0977851 -0.37008 0.0173528 0.997797 -0.0640274 -0.0680432 -0.0968633 0.0654135 0.993146 1.8714 0 0 0 1 
4215528470084;1.66015;1.16893;0.985196 -0.0237293 -0.169781 0.461408 0.0119914 0.997487 -0.0698295 0.0457073 0.171012 0.0667598 0.983005 -2.93605 0 0 0 1 
4215528470085;1.13067;0.0793101;0.999781 0.00334987 -0.0206431 -0.252869 -0.00160033 0.996448 0.0841922 -0.384932 0.0208518 -0.0841408 0.996236 0.568426 0 0 0 1 
4215528470086;1.1632;1.1543;0.929078 -0.0250318 0.369035 0.252265 0.014215 0.999387 0.0320014 -0.287286 -0.36961 -0.0244859 0.928864 5.54083 0 0 0 1 
4215528470087;0.757202;0.824174;0.997187 -0.0201296 0.0722063 -0.266894 0.0273877 0.994511 -0.100982 -0.153618 -0.0697772 0.102675 0.992265 0.864829 0 0 0 1 
4215528470088;1.28516;0.73056;0.99978 -0.0204804 0.00452942 -0.144511 0.0206191 0.999242 -0.0330305 -0.310668 -0.0038495 0.0331166 0.999444 0.552436 0 0 0 1 
4215528470089;0.703952;0.393474;0.997922 0.0396952 -0.0507524 -0.199544 -0.0379847 0.998692 0.034234 0.551856 0.0520449 -0.0322351 0.998124 -0.294861 0 0 0 1 
4215528470090;1.03548;0.442931;0.958818 -0.112859 0.260637 0.220898 0.205559 0.908994 -0.362596 -1.74599 -0.195995 0.40124 0.894758 1.2104 0 0 0 1 
4215528470091;1.49069;1.56306;0.998306 0.046092 0.035506 -0.293135 -0.0493445 0.994065 0.0969544 0.596821 -0.0308264 -0.0985422 0.994655 0.813137 0 0 0 1 
4215528470093;0.435815;0.366798;0.999526 -0.0158108 0.0263995 0.0776177 0.00920985 0.972287 0.233608 -0.0623592 -0.0293614 -0.233254 0.971972 0.245129 0 0 0 1 
4215528470094;0.626818;0.0576292;0.9996 0.0264956 0.00993887 -0.0120579 -0.0260931 0.998912 -0.0386462 0.163434 -0.010952 0.0383714 0.999204 -0.644649 0 0 0 1 
4215528470095;0.64508;0.507232;0.999294 -0.0349069 -0.0138982 0.0756988 0.0339813 0.997495 -0.0620347 -0.148735 0.0160288 0.0615186 0.997977 -0.405167 0 0 0 1 
4215528470096;0.715932;0.546131;0.999305 -0.0372695 0.000242162 0.121697 0.0372405 0.998227 -0.0464273 -0.225948 0.00148859 0.0464041 0.998922 -0.357608 0 0 0 1 
4215528470097;0.899584;0.859886;0.997747 -0.0654224 0.0148714 0.162424 0.0670768 0.977329 -0.200819 -0.330388 -0.00139615 0.201364 0.979515 0.300979 0 0 0 1 
4215528470098;0.598276;0.364893;0.989641 -0.0246712 0.141429 0.047647 0.000560857 0.98578 0.168037 -0.102384 -0.143564 -0.166217 0.975583 0.108607 0 0 0 1 
4215528470099;0.333474;0.041891;0.970699 0.0459091 -0.235872 0.111657 0.0544136 0.914089 0.401847 -0.124996 0.234056 -0.402907 0.884807 -0.448722 0 0 0 1 
4215528470100;0.645112;0.010189;0.999814 -0.0192982 -0.000490086 -0.000191363 0.0192955 0.999801 -0.0050056 -0.0326453 0.000586588 0.00499521 0.999987 -0.696443 0 0 0 1 
4215528470101;0.802084;0.62521;0.9989 -0.00997752 0.0458243 0.163071 0.0125479 0.998343 -0.0561521 -0.0949589 -0.0451881 0.0566654 0.99737 0.362338 0 0 0 1 
4215528470102;0.571321;0.0578875;0.999849 -0.0167597 0.00461368 -0.147409 0.016949 0.99886 -0.0446172 0.176492 -0.00386065 0.0446886 0.998994 -0.530873 0 0 0 1 
4215528470103;0.118159;0.118185;0.999893 -0.0140129 -0.0041319 -0.00650988 0.0140123 0.999902 -0.000180645 -0.0446332 0.00413403 0.000122729 0.999991 -0.0446373 0 0 0 1 
4215528470104;0.483078;0.0634564;0.959233 -0.0128922 0.282322 0.174883 -0.0126326 0.996005 0.0884038 -0.230079 -0.282333 -0.0883664 0.955238 1.16107 0 0 0 1 
4215528470105;0.856272;0.80906;0.963653 -0.0111468 0.266925 0.112829 0.0614732 0.981571 -0.18094 -0.166195 -0.259988 0.190772 0.946579 0.614454 0 0 0 1 
4215528470106;0.960069;0.628112;0.99536 -0.0139467 0.0952014 0.131139 0.0114401 0.999575 0.0268251 -0.178712 -0.095535 -0.0256115 0.995097 0.832012 0 0 0 1 
4215528470107;0.403602;0.217732;0.952337 0.0490266 -0.301083 0.145968 -0.0504511 0.998722 0.00304733 0.265244 0.300848 0.0122879 0.953593 -1.01942 0 0 0 1 
4215528470108;0.717513;0.550255;0.999967 -0.00210786 0.007906 0.114701 0.00254468 0.998447 -0.055655 -0.148046 -0.00777641 0.0556732 0.998419 0.0812051 0 0 0 1 
4215528470109;0.671253;0.18691;0.999764 -0.0214544 0.00340093 0.0265522 0.0215054 0.999645 -0.0157522 -0.0655843 -0.00306177 0.0158216 0.99987 0.598915 0 0 0 1 
4215528470110;0.085073;0.0126447;0.999772 0.0210592 0.00354703 -0.0119504 -0.0210335 0.999753 -0.00713249 0.061648 -0.00369636 0.00705626 0.999968 -0.0743068 0 0 0 1 
4215528470111;0.687198;0.0133281;0.998491 0.00277843 0.0548467 -0.146454 -0.00612342 0.998124 0.0609146 -0.014138 -0.0545745 -0.0611585 0.996635 0.893816 0 0 0 1 
4215528470112;0.990082;0.233915;0.99896 0.0386004 -0.0242804 -0.0296258 -0.0341111 0.985884 0.163917 0.140148 0.0302649 -0.162918 0.986175 0.951821 0 0 0 1 
4215528470113;0.115928;0.0233612;0.998649 0.0519053 -0.00239661 -0.0749109 -0.0519109 0.998649 -0.00236699 0.201647 0.00227051 0.00248821 0.999994 -0.0274443 0 0 0 1 
4215528470114;0.310906;0.0432754;0.999996 -0.00200586 0.002165 -0.151549 0.00201619 0.999987 -0.00478133 -0.00564768 -0.00215538 0.00478567 0.999986 -0.273082 0 0 0 1 
4215528470115;0.363564;0.261828;0.999836 0.0096155 0.0153543 0.0942207 -0.00834968 0.996722 -0.0804765 0.0558656 -0.0160777 0.0803351 0.996638 -0.0400396 0 0 0 1 
4215528470116;0.348278;0.268316;0.921368 -0.0595725 0.384099 0.282128 0.012009 0.992076 0.125061 -0.0125076 -0.388506 -0.110614 0.914783 0.97976 0 0 0 1 
4215528470117;0.290367;0.286168;0.997647 0.000780137 -0.0685508 0.0148953 -0.00672826 0.996222 -0.0865816 0.0531818 0.0682243 0.0868392 0.993883 -0.158081 0 0 0 1 
4215528470118;0.65787;0.32697;0.998661 -0.0133281 0.0499785 0.195701 0.0171267 0.996933 -0.0763644 -0.172132 -0.0488074 0.0771181 0.995827 -0.340447 0 0 0 1 
4215528470119;0.205525;0.0341274;0.992413 -0.0808536 0.0926275 0.0536711 0.0904696 0.990369 -0.104809 -0.128077 -0.0832612 0.112394 0.990169 0.214292 0 0 0 1 
4215528470120;0.310799;0.227549;0.995273 0.0241949 -0.0940522 0.0852294 0.008542 0.942904 0.332954 0.0480159 0.096738 -0.332184 0.938241 -0.0360657 0 0 0 1 
4215528470121;0.660347;0.0588343;0.939127 -0.0341271 0.34187 0.26134 0.151199 0.934569 -0.322056 -0.540025 -0.30851 0.354142 0.882839 1.1907 0 0 0 1 
4215528470122;0.789381;0.494378;0.983946 0.00308574 0.178441 -0.0821424 -0.0255704 0.991972 0.123845 0.100885 -0.176626 -0.126419 0.976126 0.000232141 0 0 0 1 
4215528470124;0.80876;0.508592;0.946919 0.00819128 0.321367 0.163235 0.0472317 0.985282 -0.164284 0.0193878 -0.317983 0.170742 0.932595 0.731295 0 0 0 1 
4215528470125;0.139303;0.0908447;0.991278 -0.0384932 -0.126044 0.151958 0.0211859 0.990499 -0.135877 -0.0491253 0.130077 0.132021 0.982675 -0.879625 0 0 0 1 
4215528470126;0.0966618;0.139642;0.998107 -0.00913187 -0.0608205 -0.0179931 0.00992692 0.999869 0.0127827 0.0190597 0.0606958 -0.0133623 0.998067 -0.272005 0 0 0 1 
4215528470127;0.789796;0.0647084;0.999439 -0.0333375 0.00309744 -0.233128 0.0333383 0.999444 -0.000213973 -0.0398743 -0.00308859 0.000317117 0.999995 0.660367 0 0 0 1 
4215528470128;0.207096;0.0255804;0.998962 0.0372128 0.0262527 -0.0944892 -0.037133 0.999304 -0.00352103 0.153607 -0.0263655 0.00254254 0.999649 -0.0902195 0 0 0 1 
4215528470129;0.938911;0.0845681;0.999959 0.00578678 0.00691161 -0.119135 -0.00576748 0.999979 -0.00280935 0.23814 -0.00692773 0.00276937 0.999972 0.867394 0 0 0 1 
4215528470130;0.991785;0.685825;0.985818 0.0421964 -0.162426 -0.292972 -0.0211001 0.991358 0.12948 0.0249612 0.166486 -0.124216 0.978188 -0.138079 0 0 0 1 
4215528470131;0.387282;0.264863;0.999825 -0.0185171 0.00253289 -0.0533634 0.0185311 0.999812 -0.00563121 -0.0145674 -0.00242814 0.00567716 0.999981 -0.107344 0 0 0 1 
4215528470132;0.92999;0.463707;0.999429 -0.023528 0.0242425 0.101137 0.0244855 0.9989 -0.0399873 0.0246164 -0.023275 0.0405581 0.998906 -0.770241 0 0 0 1 
4215528470133;0.555582;0.438713;0.999751 0.0104435 0.0196965 0.0326461 -0.00584199 0.975342 -0.220622 0.122706 -0.0215149 0.220452 0.97516 -0.59918 0 0 0 1 
4215528470134;0.99593;0.65074;0.967563 0.00233197 0.252621 0.0224443 -0.0231178 0.996579 0.0793437 0.100842 -0.251572 -0.0826101 0.964307 0.468797 0 0 0 1 
4215528470135;1.17319;0.95388;0.987969 -0.0439111 0.148285 0.0741398 0.0983132 0.918487 -0.383036 -0.426864 -0.119379 0.393006 0.911754 0.28882 0 0 0 1 
4215528470136;0.830588;0.760969;0.998654 -0.00645353 0.0514551 0.0165311 -0.0090063 0.955565 0.294644 0.0840393 -0.0510702 -0.294711 0.954221 0.930751 0 0 0 1 
4215528470137;0.395265;0.205983;0.989236 -0.0385781 0.141151 0.0386227 -0.0252265 0.905217 0.4242 0.302035 -0.144137 -0.423195 0.8945 1.74324 0 0 0 1 
4215528470138;1.02893;0.849175;0.994724 0.0613478 -0.0822273 0.043404 -0.0504549 0.990417 0.128561 0.249666 0.0893263 -0.123734 0.988287 -0.41319 0 0 0 1 
4215528470139;0.649753;0.285224;0.988664 -0.0569626 -0.138923 -0.0411966 0.0252597 0.975155 -0.220078 -0.0930608 0.148008 0.214074 0.965539 -0.707457 0 0 0 1 
4215528470140;0.360307;0.0866014;0.900916 -0.0520244 0.430863 0.475449 0.0882567 0.994006 -0.0645199 -0.36675 -0.424924 0.0961536 0.900108 1.76476 0 0 0 1 
4215528470141;0.657293;0.139759;0.998081 0.0160796 -0.059791 -0.520135 -0.017315 0.999646 -0.0202014 0.0510591 0.059445 0.0211979 0.998006 -0.411746 0 0 0 1 
4215528470142;0.724166;0.573695;0.999889 0.014224 0.00447628 -0.0907976 -0.0140329 0.999094 -0.0401717 -0.0181333 -0.00504362 0.0401044 0.999183 0.241639 0 0 0 1 
4215528470143;0.681426;0.106872;0.944665 0.113066 -0.307935 -0.33003 -0.0355942 0.96851 0.246419 0.304764 0.326099 -0.221823 0.918942 -1.21334 0 0 0 1 
4215528470144;0.404104;0.295972;0.999866 0.0161488 -0.00267128 -0.18523 -0.0160068 0.998784 0.0466296 0.119669 0.00342104 -0.0465806 0.998909 -0.0141391 0 0 0 1 
4215528470145;0.189223;0.0186052;0.998123 -0.0459921 -0.0404278 0.11187 0.0325652 0.957791 -0.285614 -0.00398886 0.0518573 0.283761 0.957492 -0.887637 0 0 0 1 
4215528470146;0.235131;0.0575553;0.99187 0.040686 0.120579 -0.154213 -0.0394342 0.999141 -0.0127506 0.110036 -0.120994 0.00789199 0.992622 0.607776 0 0 0 1 
4215528470147;0.605051;0.271022;0.999291 0.00617487 -0.0371291 -0.25113 -0.00625898 0.999978 -0.00214969 -0.0398951 0.037115 0.00238056 0.999308 -0.441099 0 0 0 1 
4215528470148;0.594371;0.343638;0.908616 -0.0483753 0.414822 0.397348 -0.000386368 0.993171 0.116667 -0.00417192 -0.417633 -0.106166 0.902392 2.4717 0 0 0 1 
4215528470149;0.787506;0.636563;0.999798 0.00832249 0.0183076 0.0396083 -0.00829511 0.999964 -0.00157069 -0.0963421 -0.01832 0.00141851 0.999831 0.0308037 0 0 0 1 
4215528470150;0.616542;0.2496;0.985042 0.00966648 0.172044 -0.00369473 -0.0131176 0.999735 0.0189341 -0.00268693 -0.171815 -0.0209077 0.984907 1.28579 0 0 0 1 
4215528470151;0.660847;0.579074;0.999811 -0.00710992 0.0181174 0.0125857 0.00864603 0.996243 -0.0861699 0.0525036 -0.0174367 0.0863102 0.996116 -0.403546 0 0 0 1 
4215528470152;0.936036;0.200426;0.995016 0.0145511 0.0986454 -0.0244574 -0.0188727 0.998896 0.0430183 0.0981132 -0.0979105 -0.0446656 0.994192 -0.352279 0 0 0 1 
4215528470153;0.43556;0.417786;0.99318 -0.0399148 -0.109544 0.0580704 0.0230596 0.988261 -0.151025 -0.062543 0.114286 0.147469 0.982442 -0.908805 0 0 0 1 
4215528470155;0.767559;0.555055;0.998666 0.0497835 -0.0137107 -0.204403 -0.0482007 0.993988 0.0983051 0.330151 0.0185222 -0.0975131 0.995062 -0.236714 0 0 0 1 
4215528470156;0.534127;0.0200676;0.955647 0.0964744 -0.278264 0.151098 -0.0676989 0.991484 0.111249 0.166515 0.286627 -0.0874765 0.95404 -1.39658 0 0 0 1 
4215528470157;0.770434;0.361236;0.990652 0.0354157 0.131737 -0.100515 -0.0288591 0.998264 -0.0513515 0.0855259 -0.133327 0.0470697 0.989954 1.13524 0 0 0 1 
4215528470158;0.945303;0.605368;0.984413 0.064488 -0.163625 0.027969 -0.037219 0.985666 0.164552 0.267853 0.171891 -0.155897 0.972702 -1.12842 0 0 0 1 
4215528470159;0.28795;0.141411;0.99941 -0.00948488 -0.0330122 -0.0921093 0.00872996 0.999699 -0.0229376 -0.0633253 0.0332198 0.0226359 0.999192 0.0997513 0 0 0 1 
4215528470160;0.771203;0.506833;0.998527 -0.0139844 -0.0524295 -0.0977349 0.012344 0.999428 -0.0314825 0.0549768 0.0528398 0.0307889 0.998128 -0.852491 0 0 0 1 
4215528470161;0.233784;0.175686;0.992392 0.0240324 0.12075 -0.0191407 -0.0242456 0.999706 0.000296978 0.124158 -0.120707 -0.00322237 0.992683 0.334946 0 0 0 1 
4215528470162;0.571431;0.103842;0.996595 0.0238412 0.0789333 -0.594689 -0.0367451 0.985389 0.166305 0.127683 -0.0738151 -0.16864 0.98291 0.670913 0 0 0 1 
4215528470163;0.611739;0.161234;0.998974 -0.0187171 0.0412351 -0.118334 0.0197983 0.999467 -0.0259699 0.0290036 -0.040727 0.0267596 0.998812 0.76928 0 0 0 1 
4215528470164;0.552648;0.456388;0.9991 -0.0106419 0.0410591 0.0462246 0.012209 0.999199 -0.0381059 -0.147716 -0.0406207 0.0385729 0.99843 0.166283 0 0 0 1 
4215528470165;0.294545;0.0601451;0.99885 0.0268017 -0.0397528 -0.0558668 -0.0259284 0.999415 0.0223231 0.352309 0.0403278 -0.0212667 0.99896 -0.226194 0 0 0 1 
4215528470166;0.624564;0.556865;0.999132 0.002905 0.0415436 0.0334593 -0.00121615 0.999174 -0.04062 -0.0275212 -0.0416273 0.0405342 0.998311 -0.208042 0 0 0 1 
4215528470167;0.723593;0.0138756;0.996412 0.084626 -0.00138971 -0.278288 -0.0845187 0.994011 -0.0692724 0.49099 -0.00448086 0.0691413 0.997597 0.788253 0 0 0 1 
4215528470168;0.682452;0.433839;0.926728 0.106491 -0.360325 -0.252663 -0.0770694 0.99248 0.0951015 0.286108 0.367743 -0.0603632 0.927966 -0.481283 0 0 0 1 
4215528470169;0.452691;0.155873;0.995828 0.0556348 -0.0723232 0.00490738 -0.0472607 0.9925 0.112743 0.241172 0.0780532 -0.108854 0.990989 -0.610878 0 0 0 1 
4215528470170;0.927037;0.073394;0.973425 0.188499 -0.130047 -0.51079 -0.118594 0.900729 0.417879 1.03536 0.195907 -0.391351 0.899147 -0.803109 0 0 0 1 
4215528470171;0.544194;0.349124;0.914717 -0.0238306 -0.403392 0.420626 -0.0704171 0.973586 -0.21719 0.361298 0.397912 0.227073 0.888878 -1.73078 0 0 0 1 
4215528470172;0.700934;0.449917;0.903634 0.0158104 0.428014 0.231029 -2.05742e-05 0.99932 -0.0368704 -0.127262 -0.428306 0.0333085 0.90302 1.73487 0 0 0 1 
4215528470173;0.534414;0.261863;0.983418 0.0318828 -0.178531 0.0648849 -0.0366116 0.999059 -0.0232548 0.18024 0.177622 0.0294055 0.983659 -1.13011 0 0 0 1 
4215528470174;0.297039;0.0401571;0.997121 0.0719703 0.0238542 -0.0858708 -0.075008 0.982279 0.171759 0.258275 -0.0110699 -0.173054 0.98485 -0.0893289 0 0 0 1 
4215528470175;0.347703;0.176318;0.993275 0.0242257 0.113213 -0.0597957 -0.0676912 0.914827 0.398133 0.207842 -0.093925 -0.403119 0.910315 0.557316 0 0 0 1 
4215528470176;0.75672;0.531718;0.951263 -0.00845704 0.308264 -0.00665903 0.0730189 0.977374 -0.198513 0.0108515 -0.29961 0.211348 0.930358 0.432973 0 0 0 1 
4215528470177;0.756848;0.197458;0.99761 0.0616578 -0.0312018 -0.00601373 -0.0495753 0.953141 0.298437 0.186754 0.0481407 -0.296177 0.953919 -0.683539 0 0 0 1 
4215528470178;0.523311;0.506768;0.983231 -0.018726 -0.181398 0.159633 0.00322821 0.996345 -0.0853564 0.0309972 0.182334 0.0833395 0.979698 -0.877776 0 0 0 1 
4215528470179;0.41696;0.252851;0.958567 0.114019 -0.261054 -0.0472737 -0.0466673 0.966878 0.250938 0.380299 0.281019 -0.228358 0.932138 -0.732526 0 0 0 1 
4215528470180;0.591922;0.288667;0.992733 0.0356925 -0.114923 0.00897483 -0.0317488 0.998849 0.0359661 0.167353 0.116074 -0.0320561 0.992723 -0.885003 0 0 0 1 
4215528470181;0.100371;0.025996;0.997058 0.0734951 -0.0217614 -0.0818187 -0.0702837 0.989913 0.123012 0.268992 0.0305826 -0.12112 0.992167 0.0210254 0 0 0 1 
4215528470182;0.852078;0.330733;0.992282 0.000670858 -0.124002 0.133427 0.00434076 0.999185 0.0401412 0.0428957 0.123927 -0.0403697 0.99147 -1.30298 0 0 0 1 
4215528470183;0.165427;0.0166503;0.998946 -0.00891078 0.0450299 0.100793 0.0138154 0.993856 -0.109812 -0.0295368 -0.0437747 0.110318 0.992932 0.139379 0 0 0 1 
4215528470184;0.841318;0.326598;0.879462 -0.0171708 -0.475658 0.555172 -0.0295833 0.995445 -0.0906323 0.405326 0.475048 0.0937793 0.874949 -2.41822 0 0 0 1 
4215528470186;0.933251;0.581623;0.999785 0.010402 0.0179377 -0.0615281 -0.0120681 0.995363 0.0954278 0.0395745 -0.0168619 -0.0956237 0.995275 -0.55591 0 0 0 1 
4215528470187;0.872934;0.489187;0.960812 -0.069132 -0.268443 0.310336 0.00076399 0.969059 -0.246827 0.261026 0.277201 0.236949 0.931136 -2.32084 0 0 0 1 
4215528470188;0.636802;0.22525;0.99991 0.00636967 -0.0118446 -0.208518 -0.00833255 0.984734 -0.173867 -0.113561 0.0105563 0.17395 0.984698 0.0110147 0 0 0 1 
4215528470189;0.616608;0.370345;0.919728 0.0223556 0.391918 0.281585 0.024094 0.99328 -0.1132 -0.0762961 -0.391815 0.113556 0.913009 1.74147 0 0 0 1 
4215528470190;0.721491;0.057037;0.997607 0.0668939 0.017471 -0.462554 -0.0665927 0.99763 -0.0172893 0.103392 -0.0185861 0.0160845 0.999698 -0.536268 0 0 0 1 
4215528470191;0.988569;0.340484;0.999165 0.0407089 -0.00338871 -0.198166 -0.0402477 0.995237 0.0887894 0.228766 0.00698709 -0.0885789 0.996045 0.978401 0 0 0 1 
4215528470192;0.483071;0.401855;0.996502 0.00590088 0.0833581 0.00657884 0.00169168 0.995875 -0.0907206 -0.0633459 -0.0835496 0.0905443 0.992382 0.217629 0 0 0 1 
4215528470193;1.00219;0.812223;0.993326 -0.00676933 0.115142 0.0290842 -0.00174142 0.997282 0.0736544 -0.0387037 -0.115328 -0.0733634 0.990615 1.1639 0 0 0 1 
4215528470194;0.574823;0.439874;0.97218 -0.034667 -0.231656 0.236496 -0.0338978 0.957754 -0.285584 0.342011 0.23177 0.285492 0.929934 -1.8002 0 0 0 1 
4215528470195;0.262201;0.208276;0.999668 0.021391 -0.0143982 -0.0880619 -0.0207179 0.998755 0.0453758 0.0887983 0.0153509 -0.0450624 0.998866 0.102357 0 0 0 1 
4215528470196;0.705585;0.134089;0.998092 0.0526325 0.0322949 -0.149067 -0.0555289 0.993778 0.0965451 0.389021 -0.0270125 -0.0981541 0.994805 0.934687 0 0 0 1 
4215528470197;0.958351;0.567345;0.972513 -0.0242656 -0.231579 -0.0101157 0.00836189 0.997553 -0.0694113 -0.0948394 0.232696 0.065567 0.970337 -0.496272 0 0 0 1 
4215528470198;0.657229;0.446034;0.992086 0.0258371 -0.122874 0.148685 -0.0190721 0.998253 0.0559173 0.159685 0.124104 -0.0531313 0.990846 -0.625563 0 0 0 1 
4215528470199;0.280312;0.075718;0.956258 0.00212684 0.292516 0.183494 -0.0728289 0.970217 0.23103 0.469595 -0.283312 -0.242228 0.927933 1.59068 0 0 0 1 
4215528470200;0.717676;0.500453;0.977986 0.0696732 -0.196693 -0.276783 -0.0503511 0.993552 0.101586 0.164139 0.202503 -0.0894459 0.975188 -0.480413 0 0 0 1 
4215528470201;0.269494;0.0293746;0.9985 -0.0244133 0.0490131 -0.0238659 0.0254256 0.999474 -0.0201385 0.0816304 -0.0484956 0.0213545 0.998595 0.291029 0 0 0 1 
4215528470202;0.839096;0.483813;0.956384 -0.0300185 0.290566 0.0444326 0.0116825 0.997841 0.064635 -0.0767651 -0.291879 -0.0584213 0.954669 0.675054 0 0 0 1 
4215528470203;0.446878;0.439999;0.999111 0.0415717 -0.0069333 -0.233587 -0.0414855 0.999065 0.012147 0.122578 0.00743179 -0.0118486 0.999902 0.019437 0 0 0 1 
4215528470204;0.245546;0.247182;0.999857 -0.0136526 -0.00999333 -0.0425131 0.0134392 0.999687 -0.0211149 -0.0180108 0.0102785 0.0209775 0.999727 -0.0905244 0 0 0 1 
4215528470205;0.862633;0.0562452;0.999646 0.0259952 -0.00574848 -0.0739694 -0.0259824 0.99966 0.00228982 -0.046979 0.00580605 -0.00213965 0.999981 0.82471 0 0 0 1 
4215528470206;0.412937;0.246954;0.998187 0.0556218 -0.0230178 -0.164392 -0.046394 0.954496 0.294593 0.167061 0.0383562 -0.292991 0.955345 0.274548 0 0 0 1 
4215528470207;0.79837;0.110234;0.998023 0.0591607 -0.0212147 0.267587 -0.0434194 0.893062 0.447834 0.0586972 0.0454402 -0.446027 0.893865 0.287531 0 0 0 1 
4215528470208;0.797346;0.338253;0.998618 -0.00320348 0.0524654 -0.160132 -0.00888695 0.973482 0.228592 0.190368 -0.0518064 -0.228742 0.972108 1.37948 0 0 0 1 
4215528470209;0.744174;0.124562;0.999667 0.0202676 -0.0159689 -0.153041 -0.0205987 0.99957 -0.0208454 0.235372 0.0155395 0.0211674 0.999655 0.581319 0 0 0 1 
4215528470210;0.00963021;0.0298842;0.999984 -0.000197815 0.00556495 0.0212054 0.000210801 0.999997 -0.00233312 0.0180551 -0.00556447 0.00233426 0.999982 0.00703993 0 0 0 1 
4215528470211;0.575999;0.225512;0.993744 0.0416235 -0.103633 0.0265334 -0.0380751 0.998627 0.0359866 0.192259 0.104989 -0.0318157 0.993964 -0.875084 0 0 0 1 
4215528470212;0.0961837;0.0332741;0.999332 -0.0349695 -0.0106252 0.119788 0.0332553 0.990619 -0.132548 -0.0933873 0.0151607 0.132106 0.99112 -0.288529 0 0 0 1 
4215528470213;0.289621;0.170328;0.967952 -0.0276217 -0.24961 0.0916258 -0.053162 0.948871 -0.311156 0.331636 0.245442 0.314454 0.916993 -1.66314 0 0 0 1 
4215528470214;0.573067;0.174399;0.998921 -0.0205323 -0.0416568 0.181977 0.0225349 0.998584 0.048187 -0.0147156 0.0406084 -0.0490737 0.997969 -0.598956 0 0 0 1 
4215528470215;0.890995;0.373676;0.999935 -0.0100721 0.00534837 0.000409507 0.0101304 0.999888 -0.0109785 0.0285324 -0.0052372 0.0110319 0.999925 -0.828095 0 0 0 1 
4215528470217;1.22438;0.0856362;0.999687 0.0170514 -0.0183228 0.303514 -0.0174661 0.999589 -0.0227162 0.303192 0.0179279 0.0230291 0.999574 -0.987427 0 0 0 1 
4215528470218;0.463441;0.745307;0.99972 -0.0176047 -0.0157846 -0.130226 0.0142676 0.981483 -0.191019 0.124919 0.0188551 0.19074 0.981459 -1.26857 0 0 0 1 
4215528470219;1.25639;0.768682;0.997878 0.0458857 -0.0462043 -0.141473 -0.030723 0.957366 0.287239 0.0368744 0.0574146 -0.28521 0.956744 0.45298 0 0 0 1 
4215528470220;0.864498;0.0615305;0.987634 0.0478646 0.149289 -0.360826 -0.105861 0.905985 0.409859 0.729123 -0.115636 -0.420594 0.899849 3.22924 0 0 0 1 
4215528470221;0.77456;0.895157;0.974612 0.00248698 0.223888 -0.183931 -0.00671368 0.999813 0.0181194 -0.0092384 -0.223801 -0.0191625 0.974446 2.3442 0 0 0 1 
4215528470222;0.34545;0.323701;0.997388 -0.0543963 0.0475266 0.220275 0.0545432 0.99851 -0.00179768 -0.637538 -0.047358 0.00438524 0.998868 0.348655 0 0 0 1 
4215528470223;0.822643;0.536627;0.993797 -0.0784104 -0.0788637 0.628281 0.0693046 0.991263 -0.112227 -0.429384 0.0869744 0.106065 0.990548 -1.89273 0 0 0 1 
4215528470224;0.61224;0.299415;0.998162 -0.0279688 0.0537547 0.18791 0.035854 0.987756 -0.151833 -0.158931 -0.0488499 0.153482 0.986943 -0.0656023 0 0 0 1 
4215528470225;0.96443;0.121322;0.999006 0.0329549 0.0300069 -0.363911 -0.032519 0.99936 -0.0149008 0.829403 -0.0304787 0.0139102 0.999439 -0.0105094 0 0 0 1 
4215528470226;1.60186;0.333254;0.99937 0.035476 0.00121189 -0.482689 -0.0330854 0.918569 0.393874 0.438662 0.0128599 -0.393666 0.919164 2.86769 0 0 0 1 
4215528470227;0.62327;0.0837476;0.993451 0.0251422 0.111461 -0.26981 -0.0174051 0.997405 -0.069853 0.353884 -0.112928 0.0674555 0.991311 0.483895 0 0 0 1 
4215528470228;0.76285;0.815945;0.970155 0.00611797 -0.242409 0.495326 0.0174267 0.995338 0.0948646 -0.251822 0.241859 -0.0962577 0.965525 -2.02332 0 0 0 1 
4215528470229;0.828483;0.0929894;0.935118 0.0184366 -0.353857 0.715253 -0.041875 0.997397 -0.0586945 0.734234 0.351854 0.069704 0.933456 -4.09397 0 0 0 1 
4215528470230;1.52282;1.24578;0.999971 0.000199317 -0.00761516 -0.123536 -4.00406e-05 0.999781 0.0209101 0.0779743 0.00761766 -0.0209092 0.999752 -0.0629399 0 0 0 1 
4215528470231;1.36079;1.16727;0.953051 0.0632171 -0.296136 0.709891 -0.0569173 0.997932 0.0298556 0.647768 0.297411 -0.0115986 0.954679 -3.17718 0 0 0 1 
4215528470232;1.01124;0.4142;0.995244 0.0364686 0.0903323 -0.282217 -0.0406824 0.998147 0.0452539 0.274018 -0.0885145 -0.0487136 0.994883 0.720512 0 0 0 1 
4215528470233;0.360528;0.0983062;0.999754 -0.0205356 -0.00837431 0.116756 0.0206347 0.999716 0.0119241 -0.353389 0.00812707 -0.0120939 0.999894 0.110801 0 0 0 1 
4215528470234;0.247697;0.0601343;0.999962 0.00747072 0.00447169 -0.15507 -0.00746438 0.999971 -0.00143412 0.0799614 -0.00448227 0.00140068 0.999989 -0.0239665 0 0 0 1 
4215528470235;1.12906;1.05259;0.979859 -0.0987398 -0.173571 0.94655 0.0593733 0.973946 -0.218871 -0.119277 0.19066 0.204158 0.960192 -3.17232 0 0 0 1 
4215528470236;0.421865;0.339588;0.985099 0.163964 -0.0519154 -0.702892 -0.141708 0.944861 0.295223 1.46492 0.0974588 -0.283467 0.954017 0.425726 0 0 0 1 
4215528470237;1.6174;1.09613;0.999633 0.0220157 -0.0157813 -0.297419 -0.0218975 0.999731 0.00762962 0.110709 0.0159451 -0.00728125 0.999846 0.566758 0 0 0 1 
4215528470238;1.42655;0.100305;0.972046 -0.108645 0.208141 0.305584 0.135565 0.983506 -0.11974 -1.63435 -0.191699 0.14461 0.970742 2.00825 0 0 0 1 
4215528470239;1.23487;0.553929;0.994215 0.0361251 -0.101155 -0.330709 -0.0319304 0.998574 0.0427846 0.286634 0.102557 -0.0393071 0.99395 -0.26995 0 0 0 1 
4215528470240;1.31981;0.393501;0.994655 -0.0756624 0.0702666 0.126169 0.0780648 0.996432 -0.0320938 -0.839272 -0.0675875 0.0374076 0.997012 1.19884 0 0 0 1 
4215528470241;0.144224;0.057297;0.994449 -0.0524222 0.0912285 0.188803 0.0585763 0.996089 -0.0661408 -0.509803 -0.0874045 0.0711175 0.993631 0.488705 0 0 0 1 
4215528470242;0.341886;0.145006;0.994969 -0.0797444 0.0606385 0.325878 0.0864018 0.989422 -0.116531 -0.773501 -0.0507043 0.121184 0.991334 -0.233246 0 0 0 1 
4215528470243;0.806737;0.574266;0.998227 -0.0407041 0.0434189 0.121912 0.0432987 0.997223 -0.0605923 -0.2313 -0.040832 0.0623649 0.997218 -0.0293168 0 0 0 1 
4215528470244;0.044198;0.0371298;0.999253 0.0383927 0.00430574 -0.211634 -0.0384013 0.999261 0.00194371 0.4044 -0.00422793 -0.00210761 0.999989 0.0273397 0 0 0 1 
4215528470245;1.65415;0.587805;0.999365 0.03548 -0.00323919 -0.10109 -0.0356239 0.996437 -0.0764496 0.756674 0.000515211 0.0765164 0.997068 -1.29299 0 0 0 1 
4215528470246;0.359411;0.332558;0.988544 -0.105683 0.107756 0.479043 0.11249 0.99189 -0.0591612 -1.05058 -0.10063 0.0706049 0.992416 0.633067 0 0 0 1 
4215528470248;1.05013;0.846473;0.991883 0.0232342 -0.125012 -0.132197 -0.0275022 0.999093 -0.0325231 0.311232 0.124143 0.0356972 0.991622 -0.628778 0 0 0 1 
4215528470249;0.429566;0.0299698;0.975724 -0.048916 0.213472 0.236769 -0.013225 0.959798 0.280381 0.0543463 -0.218605 -0.276398 0.935851 2.72175 0 0 0 1 
4215528470250;0.0803374;0.043774;0.998702 0.0483173 -0.0161109 -0.197673 -0.0469678 0.996029 0.0756366 0.237083 0.0197015 -0.0747817 0.997005 0.160961 0 0 0 1 
4215528470251;0.907231;0.671998;0.9946 -0.00714421 0.103534 -0.181605 -0.00133388 0.996665 0.0815878 0.0643065 -0.103771 -0.0812853 0.991274 0.716679 0 0 0 1 
4215528470252;0.54782;0.0252262;0.999815 0.0154539 -0.0114436 0.00439049 -0.0151815 0.999608 0.0235185 0.0207877 0.0118025 -0.0233404 0.999658 -0.508911 0 0 0 1 
4215528470253;0.780027;0.660242;0.972176 0.0434476 -0.230188 0.112449 -0.039895 0.999002 0.0200674 0.328128 0.23083 -0.0103257 0.972939 -1.421 0 0 0 1 
4215528470254;0.503441;0.113333;0.976134 0.0124015 0.216813 -0.0710742 -0.050642 0.983842 0.171725 0.127893 -0.21118 -0.178607 0.96099 1.50829 0 0 0 1 
4215528470255;0.683372;0.333234;0.9971 -0.0169063 0.0741962 -0.0430373 0.0235192 0.995738 -0.0891784 -0.323187 -0.0723723 0.0906648 0.993248 0.379316 0 0 0 1 
4215528470256;0.928983;0.397985;0.996737 0.0543225 -0.059702 -0.414617 -0.0523432 0.998042 0.0342321 0.351617 0.0614447 -0.0309954 0.997629 0.410604 0 0 0 1 
4215528470257;0.749547;0.280229;0.995403 -0.0324099 -0.0901217 0.224007 0.0152517 0.982635 -0.184922 0.164827 0.09455 0.182697 0.978612 -1.90502 0 0 0 1 
4215528470258;0.0650151;0.0460361;0.999684 -0.0248487 0.00386463 0.0972095 0.0248614 0.999685 -0.00328863 -0.144641 -0.0037817 0.00338367 0.999987 -0.0401183 0 0 0 1 
