#;prob_registration_l1 -r /home/probabilistic_point_clouds_registration/build/tester /home/point_clouds_registration_benchmark//devel/registration_pairs/planetary_map_local.txt /home/point_clouds_registration_benchmark//planetary/p2at_met -s 0.2 -t 0.2 -p 0.3 -r 1000 -m 15 -i 40 
id;initial_error;final_error;transformation
25528382210000;2.8561;1.45584;0.999551 -0.0292961 0.00632583 -1.66395 0.0291993 0.999463 0.0148764 -0.546838 -0.00675825 -0.014685 0.999869 1.50919 0 0 0 1 
25528382210001;2.11331;1.59147;0.999923 -0.00885077 -0.00869934 -0.482641 0.0102121 0.985126 0.171529 -1.05466 0.00705177 -0.171605 0.985141 -9.33148 0 0 0 1 
25528382210002;1.70145;1.52554;0.975185 0.00865271 0.221222 1.01061 0.0472077 0.968128 -0.245967 -2.35758 -0.216299 0.250306 0.943696 13.9188 0 0 0 1 
25528382210003;1.37022;0.454903;0.999993 -0.00309795 -0.00186794 -0.46325 0.00311421 0.999957 0.00876582 0.021306 0.0018407 -0.00877158 0.99996 0.629522 0 0 0 1 
25528382210004;1.75339;1.32519;0.967086 -0.0467613 0.250116 -2.0342 0.0147883 0.991636 0.128215 -0.27128 -0.254019 -0.120296 0.959689 -5.58162 0 0 0 1 
25528382210005;0.735848;0.410162;0.994658 0.00571642 0.103066 0.494365 0.0264324 0.951071 -0.30784 -3.05603 -0.0997831 0.308919 0.945839 16.4659 0 0 0 1 
25528382210006;1.57164;0.53557;0.9973 -0.0181909 -0.0711509 -1.02462 0.017187 0.999744 -0.0146956 -0.131205 0.0714 0.0134331 0.997357 -1.34007 0 0 0 1 
25528382210007;1.73822;1.43057;0.999979 -0.00512405 -0.00402376 0.00731683 0.00490228 0.998566 -0.0533143 -0.368808 0.00429117 0.0532935 0.99857 2.17176 0 0 0 1 
25528382210008;0.906109;0.882428;0.994856 0.0135394 0.100388 0.946852 -0.014071 0.99989 0.00458855 0.118284 -0.100315 -0.00597751 0.994938 0.270506 0 0 0 1 
25528382210009;0.490985;0.259701;0.970656 0.0435153 -0.236502 2.09077 -0.0188091 0.994216 0.105735 0.147447 0.239735 -0.0981837 0.965861 -6.52144 0 0 0 1 
25528382210010;2.17163;1.23419;0.990665 -0.0452933 -0.128573 -2.11648 -0.0150798 0.900986 -0.433587 -4.69749 0.135481 0.431478 0.891892 18.4534 0 0 0 1 
25528382210011;2.42393;1.74629;0.999507 0.0285136 -0.0131646 1.46232 -0.0262935 0.988973 0.145745 0.00685536 0.0171752 -0.145327 0.989235 -8.95189 0 0 0 1 
25528382210012;1.04957;0.460915;0.997772 -0.0176367 -0.0643504 -0.923014 0.0136387 0.99798 -0.0620475 -0.717878 0.0653147 0.0610315 0.995997 3.24366 0 0 0 1 
25528382210013;1.47687;1.19802;0.999952 -0.00938974 0.00261367 -0.404555 0.0093706 0.99993 0.0072389 -0.0397594 -0.00268146 -0.00721406 0.99997 0.28977 0 0 0 1 
25528382210014;2.77484;2.22086;0.983466 -0.0159381 0.180391 -0.171754 -0.0496999 0.934117 0.353489 -2.68402 -0.17414 -0.35661 0.91788 -15.8315 0 0 0 1 
25528382210015;1.8346;1.71047;0.996836 0.00340527 0.0794119 0.282413 0.00209201 0.997612 -0.0690391 -0.203806 -0.0794574 0.0689868 0.994448 4.64714 0 0 0 1 
25528382210016;0.567147;0.365079;0.994214 0.000938405 -0.107409 -0.0319643 0.0168432 0.986229 0.164523 -0.870643 0.106084 -0.16538 0.980508 -9.45341 0 0 0 1 
25528382210017;2.04883;1.40631;0.953068 0.0465612 -0.299153 1.91514 0.02036 0.976009 0.216774 -1.17795 0.302069 -0.212691 0.929256 -11.4437 0 0 0 1 
25528382210018;2.95759;1.67811;0.999274 0.0327403 -0.0194916 1.14734 -0.0224873 0.919699 0.391979 -2.84948 0.0307599 -0.391256 0.919768 -17.8988 0 0 0 1 
25528382210019;2.21355;1.88737;0.995769 0.0155855 0.0905568 1.08316 -0.0150356 0.999864 -0.00675157 0.278363 -0.0906497 0.00536143 0.995868 -0.0111825 0 0 0 1 
25528382210020;0.308749;0.309236;0.982854 -0.031057 0.181749 -1.35669 0.075021 0.96779 -0.240321 -2.64306 -0.168432 0.249835 0.953527 13.4648 0 0 0 1 
25528382210021;1.80312;1.3726;0.999852 0.0163099 -0.00541281 0.916003 -0.0159957 0.998427 0.0537318 -0.0304101 0.00628065 -0.0536373 0.998541 -1.89806 0 0 0 1 
25528382210022;2.94324;2.56591;0.87084 -0.0316899 -0.490544 -1.58083 -0.000131192 0.997905 -0.0646991 -0.0267284 0.491566 0.056407 0.869011 -0.0906287 0 0 0 1 
25528382210023;1.21687;1.00421;0.888709 -0.00887243 -0.458386 -0.320175 -0.0293827 0.996655 -0.0762575 0.216818 0.45753 0.0812394 0.885475 0.265756 0 0 0 1 
25528382210024;1.44022;1.39029;0.998667 -0.0210562 0.0471237 -1.01206 0.022978 0.99891 -0.0406189 -0.463355 -0.0462171 0.0416476 0.998063 1.95557 0 0 0 1 
25528382210025;2.35204;2.15245;0.999987 0.00263462 -0.00426819 0.384801 -0.00260909 0.999979 0.00597594 -0.12177 0.00428385 -0.00596473 0.999973 -0.474126 0 0 0 1 
25528382210026;1.69358;0.409845;0.997749 0.00364745 0.0669621 0.0582688 -0.0047691 0.999851 0.0165984 0.411429 -0.0668916 -0.0168803 0.997617 -1.93514 0 0 0 1 
25528382210027;2.42888;1.61811;0.997592 -0.0163804 0.067397 -0.95591 0.0178082 0.999628 -0.0206379 -0.347273 -0.0670339 0.0217884 0.997513 3.21603 0 0 0 1 
25528382210028;0.814222;0.273311;0.968972 0.0123004 -0.246865 0.842729 -0.0327646 0.996339 -0.0789607 0.16594 0.24499 0.0845991 0.965828 1.77058 0 0 0 1 
25528382210029;0.390701;0.314096;0.972789 -0.0607043 -0.223599 -3.12938 -0.00560515 0.958619 -0.284638 -2.50414 0.231625 0.278146 0.932193 12.035 0 0 0 1 
25528382210031;1.54457;0.770081;0.999532 0.0247086 -0.0180471 0.653923 -0.0237925 0.998499 0.0493238 -0.0270107 0.0192387 -0.0488713 0.99862 -3.14568 0 0 0 1 
25528382210032;0.49374;0.393583;0.999809 0.0191576 -0.00398394 0.494263 -0.0185476 0.99272 0.119005 -0.00878923 0.00623481 -0.118909 0.992886 -3.661 0 0 0 1 
25528382210033;0.496545;0.391134;0.998293 0.0104159 0.0574621 0.282035 -0.0111785 0.999853 0.012966 0.0175081 -0.0573187 -0.0135862 0.998263 -0.413124 0 0 0 1 
25528382210034;1.67751;1.35384;0.999548 -0.00688033 -0.0292626 -0.144639 0.00378729 0.994521 -0.10447 -0.234848 0.0298211 0.104312 0.994097 1.87073 0 0 0 1 
25528382210035;1.14274;0.497854;0.996831 0.0182188 -0.0774279 0.561513 -0.0145917 0.998781 0.0471545 -0.0162038 0.0781926 -0.0458753 0.995882 -3.28586 0 0 0 1 
25528382210036;0.657758;0.296733;0.998585 0.015653 0.0508238 0.415415 -0.021645 0.992589 0.119579 0.10652 -0.0485754 -0.12051 0.991523 -2.72973 0 0 0 1 
25528382210037;0.42747;0.31885;0.942488 0.0240243 -0.333375 0.902432 -0.00440853 0.99822 0.0594724 -0.167158 0.33421 -0.0545824 0.940917 -4.99701 0 0 0 1 
25528382210038;2.16463;1.5502;0.995023 -0.0153783 -0.0984546 -0.638934 0.0119328 0.999299 -0.035489 -0.236226 0.0989313 0.0341375 0.994509 1.76502 0 0 0 1 
25528382210039;1.45509;1.24053;0.99982 0.00532213 0.0182234 0.110081 -0.0064692 0.997962 0.0634764 0.0747923 -0.0178484 -0.0635828 0.997817 -1.03855 0 0 0 1 
25528382210040;1.05221;1.02872;0.995674 -0.0162918 -0.091478 -0.481354 0.0118223 0.99872 -0.049189 -0.173115 0.0921623 0.0478947 0.994591 0.401779 0 0 0 1 
25528382210041;1.71424;0.95093;0.909009 -0.0195374 0.416318 0.881666 -0.00853516 0.997819 0.0654628 0.126619 -0.416689 -0.0630596 0.906859 3.2612 0 0 0 1 
25528382210042;0.574012;0.358762;0.98886 -0.00282189 0.148821 0.0695585 0.0519215 0.943559 -0.327109 -2.54224 -0.139498 0.331192 0.933195 11.6508 0 0 0 1 
25528382210043;0.513876;0.221672;0.999923 0.00760443 0.00981626 0.388358 -0.00947405 0.978244 0.207242 -0.393107 -0.00802674 -0.207319 0.978241 -6.75709 0 0 0 1 
25528382210044;0.355334;0.272442;0.914645 -0.0111333 0.404104 0.653287 -0.0436304 0.991063 0.126057 0.166508 -0.401896 -0.132929 0.905985 -0.787086 0 0 0 1 
25528382210045;1.15928;1.08285;0.999224 0.0040998 -0.0391693 0.0178923 -0.00594575 0.998871 -0.0471278 -0.0494365 0.0389319 0.0473241 0.998121 0.814068 0 0 0 1 
25528382210046;2.5411;1.07704;0.995591 0.0149191 0.0926071 0.574986 -0.0505635 0.91691 0.395878 -2.4863 -0.0790062 -0.398815 0.913622 -13.8153 0 0 0 1 
25528382210047;2.63214;2.22195;0.9628 -0.0765786 -0.259137 -2.58472 -0.0177416 0.939018 -0.34341 -2.2834 0.269632 0.335233 0.902728 8.76083 0 0 0 1 
25528382210048;0.0550198;0.110404;0.99971 0.0106924 -0.0215756 0.198601 -0.0110281 0.999819 -0.0154983 0.0940603 0.021406 0.0157318 0.999647 0.223059 0 0 0 1 
25528382210049;0.624254;0.303445;0.998928 0.022229 0.0406087 0.589007 -0.0303571 0.976784 0.212064 -0.246361 -0.034952 -0.213069 0.976412 -5.83151 0 0 0 1 
25528382210050;1.7141;0.285362;0.999613 0.016643 0.0222819 0.359548 -0.0154945 0.998591 -0.0507606 0.177896 -0.0230953 0.0503957 0.998462 3.57944 0 0 0 1 
25528382210051;0.731618;0.731841;0.998768 0.0144221 -0.0474737 0.380444 -0.0101099 0.995904 0.0898507 -0.00469494 0.0485751 -0.0892601 0.994823 -3.15778 0 0 0 1 
25528382210052;0.501673;0.422271;0.944978 0.00572233 -0.327083 0.514298 0.0332622 0.992984 0.11347 -0.365542 0.325437 -0.118107 0.938159 -6.41761 0 0 0 1 
25528382210053;0.245766;0.276923;0.996425 0.00248542 0.0844433 0.0801571 0.00981768 0.989388 -0.144969 -0.57827 -0.0839075 0.145279 0.985826 5.0479 0 0 0 1 
25528382210054;2.27774;1.77558;0.998497 -0.00532121 0.0545404 -0.13382 0.00819062 0.998586 -0.0525231 -0.103008 -0.0541838 0.0528909 0.997129 3.48611 0 0 0 1 
25528382210055;0.613367;0.654025;0.9967 0.0137995 -0.0799924 0.28717 -0.011606 0.999546 0.0278214 0.0440263 0.0803399 -0.0268012 0.996407 -1.40068 0 0 0 1 
25528382210056;2.21606;2.03007;0.992814 0.0357985 -0.114185 1.16771 -0.0100982 0.975864 0.218144 -0.591186 0.119238 -0.215424 0.969214 -8.45282 0 0 0 1 
25528382210057;2.17431;1.90862;0.999863 -0.00259022 -0.0163208 -0.305702 0.00193995 0.999208 -0.0397333 -0.221556 0.0164108 0.0396962 0.999077 1.76908 0 0 0 1 
25528382210058;0.777574;0.465369;0.943852 0.0922975 -0.317214 2.91308 0.0326603 0.929409 0.367603 -2.24643 0.32875 -0.357323 0.87421 -13.7372 0 0 0 1 
25528382210059;0.655634;0.328547;0.998353 0.0248974 -0.0516951 0.669399 -0.0200288 0.995498 0.0926474 -0.0265839 0.053769 -0.0914594 0.994356 -4.01132 0 0 0 1 
25528382210060;1.3379;0.397614;0.944898 -0.0603506 -0.321753 -1.97532 -0.00574067 0.979654 -0.200611 -0.930583 0.327313 0.191404 0.925327 4.29784 0 0 0 1 
25528382210062;1.314;0.92776;0.996174 0.0120683 -0.0865495 0.606558 -0.00771882 0.998699 0.0504136 -0.00752534 0.0870453 -0.0495527 0.994971 -2.14957 0 0 0 1 
25528382210063;2.15505;1.47022;0.999972 -0.00735821 -0.00094374 -0.469072 0.00729779 0.998565 -0.0530448 0.0706429 0.0013327 0.0530364 0.998592 3.21723 0 0 0 1 
25528382210064;0.553066;0.470511;0.984798 -0.000229478 0.173703 0.113716 0.0264936 0.988498 -0.148898 -0.80434 -0.171671 0.151236 0.973477 10.1008 0 0 0 1 
25528382210065;1.61508;0.631424;0.99466 0.0280152 -0.0993304 2.11046 -0.0106294 0.985142 0.17141 -1.00853 0.102657 -0.169439 0.98018 -12.5468 0 0 0 1 
25528382210066;1.78743;0.987332;0.999969 0.000374353 0.00789643 -0.060232 -0.000554216 0.99974 0.0227879 0.0250512 -0.00788585 -0.0227915 0.999709 -0.726457 0 0 0 1 
25528382210067;0.672032;0.544419;0.993661 -0.0164727 -0.111207 -2.19851 0.00615338 0.995693 -0.092507 -0.583876 0.112252 0.0912362 0.989482 11.9131 0 0 0 1 
25528382210068;1.84994;0.813744;0.997857 0.00675013 -0.0650845 0.042708 -0.0034382 0.9987 0.0508649 0.106063 0.0653432 -0.0505321 0.996583 -1.63919 0 0 0 1 
25528382210069;2.23987;0.378426;0.981181 -0.0319886 -0.190422 -3.56183 -0.013197 0.972766 -0.231412 -3.06804 0.192639 0.22957 0.954038 24.8799 0 0 0 1 
25528382210070;2.2156;0.878915;0.999929 -0.00318341 -0.0115052 -0.619203 0.0032199 0.99999 0.00315414 0.0396627 0.011495 -0.00319096 0.999929 2.33246 0 0 0 1 
25528382210071;1.44584;1.25816;0.998936 -0.0458401 0.00512561 -4.53007 0.0431523 0.889502 -0.454889 -10.9827 0.0162929 0.454626 0.890533 44.5912 0 0 0 1 
25528382210072;1.6175;1.59554;0.998258 -0.0396675 -0.0436706 -4.18488 0.0214471 0.933574 -0.357741 -7.08399 0.0549604 0.356182 0.932799 36.9023 0 0 0 1 
25528382210073;2.148;0.377128;0.9991 0.00828511 -0.0415943 0.315164 -0.00631901 0.998866 0.0471794 0.0963865 0.041938 -0.0468741 0.99802 -1.20662 0 0 0 1 
25528382210074;1.21241;0.365987;0.99129 -0.0073525 0.131494 -0.594891 0.00546861 0.999877 0.0146821 0.208649 -0.131586 -0.0138351 0.991208 -6.27343 0 0 0 1 
25528382210075;0.469924;0.15244;0.967593 -0.0251706 -0.251257 -3.93597 -0.0160834 0.986856 -0.160799 -2.04777 0.252002 0.159629 0.95447 21.4757 0 0 0 1 
25528382210076;1.94829;1.24686;0.999893 0.00688896 -0.0129377 0.382922 -0.00584991 0.996881 0.0786996 0.101326 0.0134395 -0.0786154 0.996814 -5.53306 0 0 0 1 
25528382210077;1.55351;0.734176;0.999844 0.011068 -0.0137821 1.26319 -0.0101281 0.997736 0.0664913 -0.250606 0.0144868 -0.0663414 0.997692 -8.11313 0 0 0 1 
25528382210078;1.78754;1.48441;0.999834 -0.000519388 0.0182312 -0.0977306 -3.87229e-05 0.999532 0.0305993 0.0934822 -0.0182386 -0.0305949 0.999365 -2.56884 0 0 0 1 
25528382210079;0.52952;0.342679;0.96625 -0.0163286 -0.257087 -3.20709 -0.0111954 0.994384 -0.105235 -1.10934 0.257361 0.104561 0.960641 16.3348 0 0 0 1 
25528382210080;0.579865;0.169971;0.99994 0.00132178 -0.0108316 0.0366177 -0.00132123 0.999999 5.80228e-05 -0.0302224 0.0108316 -4.37083e-05 0.999941 0.838749 0 0 0 1 
25528382210081;1.6725;1.6668;0.999612 -0.0106478 0.0257214 -0.97234 0.0124124 0.997508 -0.0694483 -0.1123 -0.0249179 0.0697407 0.997254 6.07398 0 0 0 1 
25528382210082;1.80785;0.252114;0.960027 -0.0117469 0.279661 -1.08793 -0.0284927 0.989828 0.139387 -1.14209 -0.278453 -0.141784 0.949927 -19.2803 0 0 0 1 
25528382210083;0.928935;0.236016;0.981712 -0.0378717 -0.186568 -5.04212 -0.00175503 0.978171 -0.207795 -3.03092 0.190365 0.204323 0.960215 25.8576 0 0 0 1 
25528382210084;1.83208;1.43446;0.998751 -0.0166965 -0.0470845 -1.71819 0.0105041 0.991612 -0.12882 -0.803112 0.0488404 0.128165 0.99055 12.3513 0 0 0 1 
25528382210085;0.401662;0.261761;0.993921 0.0534718 -0.096243 4.9835 -0.0218578 0.952576 0.303513 -4.39622 0.107908 -0.299564 0.947954 -27.6788 0 0 0 1 
25528382210086;1.45129;1.23184;0.996668 0.00323603 -0.0815047 -0.109131 -0.00533625 0.999659 -0.0255636 -0.17752 0.0813941 0.0259133 0.996345 5.34818 0 0 0 1 
25528382210087;0.345605;0.146464;0.939387 -0.0054848 0.342816 -1.01811 0.035062 0.996167 -0.0801392 0.256627 -0.341062 0.0873015 0.935978 0.0538769 0 0 0 1 
25528382210088;0.167837;0.151706;0.999918 -0.00656134 -0.0110319 -0.737044 0.0065721 0.999978 0.000939303 0.138338 0.0110255 -0.00101173 0.999939 -0.135816 0 0 0 1 
25528382210089;1.83562;1.8149;0.999877 -0.00418419 0.0151202 -0.362834 0.00469278 0.999419 -0.0337591 0.0105446 -0.0149701 0.0338259 0.999316 2.61921 0 0 0 1 
25528382210090;2.15758;0.162391;0.999986 0.000567958 -0.00527283 -0.163061 -0.000714932 0.99961 -0.0279139 -0.23817 0.00525492 0.0279173 0.999596 5.45981 0 0 0 1 
25528382210091;0.893388;0.494043;0.999845 -0.014058 0.0105949 -1.41699 0.0152779 0.991966 -0.125582 -0.857122 -0.00874436 0.125724 0.992027 12.9218 0 0 0 1 
25528382210093;1.89713;0.2461;0.977778 0.0445169 -0.204862 -1.09571 -0.0248866 0.994932 0.0974202 -0.419381 0.208161 -0.090157 0.973931 4.43747 0 0 0 1 
25528382210094;0.825331;0.24044;0.998025 0.0220406 -0.0588302 -0.0297873 -0.00159847 0.945043 0.326942 0.411508 0.0628031 -0.326202 0.943212 -1.96376 0 0 0 1 
25528382210095;0.858473;0.758668;0.961328 0.0705269 0.266223 0.459613 -0.108365 0.985546 0.130217 -1.67205 -0.253191 -0.154031 0.955075 -4.37272 0 0 0 1 
25528382210096;0.8797;0.346906;0.955268 0.0626589 0.289027 0.53715 -0.166954 0.920933 0.352149 -2.66083 -0.24411 -0.384651 0.890199 -7.05655 0 0 0 1 
25528382210097;2.1961;1.39029;0.998791 0.00112385 0.0491371 0.332356 -0.00176017 0.999915 0.0129086 -0.297033 -0.0491184 -0.0129795 0.998709 -2.1535 0 0 0 1 
25528382210098;1.08082;0.275451;0.999573 0.0292023 -0.000236461 0.333164 -0.0291418 0.996912 -0.0729193 -1.18062 -0.00189368 0.0728951 0.997338 -0.225377 0 0 0 1 
25528382210099;0.565162;0.358801;0.947963 -0.0475519 -0.31481 -1.88463 0.00873699 0.992297 -0.123577 -0.0978993 0.318261 0.114396 0.941076 5.81333 0 0 0 1 
25528382210100;1.81678;1.77719;0.997586 0.0593419 0.036079 0.640955 -0.0667621 0.962531 0.262825 -0.760746 -0.0191306 -0.2646 0.964169 -1.86726 0 0 0 1 
25528382210101;0.708323;0.438707;0.998643 -0.0387566 -0.0347863 -0.495588 0.0373188 0.998459 -0.0410715 0.600188 0.0363245 0.0397176 0.99855 1.32389 0 0 0 1 
25528382210102;2.25601;1.76872;0.996521 -0.000935416 -0.083332 0.000810061 -0.00897064 0.992923 -0.118421 -0.557028 0.082853 0.118756 0.989461 0.859517 0 0 0 1 
25528382210103;0.72475;0.459428;0.998733 0.0499292 -0.00620807 0.478464 -0.0493869 0.99642 0.0686212 -0.778197 0.00961204 -0.0682277 0.997623 0.396082 0 0 0 1 
25528382210104;2.73972;1.63515;0.990498 0.0603908 -0.123559 -0.147871 -0.0257155 0.963912 0.264976 0.233083 0.135102 -0.259281 0.956306 2.4838 0 0 0 1 
25528382210105;1.37462;0.248316;0.986434 0.0652179 0.15065 0.498479 0.0165955 0.873379 -0.486758 -2.3012 -0.16332 0.482655 0.860448 -0.643865 0 0 0 1 
25528382210106;1.98093;0.170139;0.994181 -0.0598976 -0.0895397 -0.171542 0.0221744 0.927158 -0.374015 -0.224693 0.10542 0.369852 0.92309 2.09585 0 0 0 1 
25528382210107;2.7132;2.06329;0.999492 0.0176444 0.0265408 0.311307 -0.0189738 0.998534 0.0507029 -0.319058 -0.0256072 -0.0511807 0.998361 -2.37083 0 0 0 1 
25528382210108;2.24596;0.997047;0.982088 0.0619066 -0.177965 0.0845716 -0.0563465 0.997757 0.0361339 -1.79697 0.179803 -0.0254589 0.983373 1.50848 0 0 0 1 
25528382210109;1.35089;0.293749;0.996956 0.0139292 0.0767184 0.469616 -0.00650004 0.995336 -0.0962476 -0.23409 -0.0777012 0.0954559 0.992396 -1.79442 0 0 0 1 
25528382210110;1.54595;1.07821;0.997529 0.0654968 -0.0254055 0.18368 -0.0432538 0.857573 0.51254 -0.00593381 0.0553568 -0.510175 0.858287 -2.4392 0 0 0 1 
25528382210111;0.364366;0.214824;0.985172 -0.0185023 -0.170569 -0.841666 0.0106978 0.998858 -0.0465615 0.00521595 0.171236 0.0440464 0.984245 3.24284 0 0 0 1 
25528382210112;2.44837;2.10984;0.994887 -0.0278797 0.0970699 -0.153987 0.00763848 0.979161 0.20294 0.783437 -0.100705 -0.201161 0.974368 -1.12884 0 0 0 1 
25528382210113;0.357128;0.300322;0.998356 0.0543954 0.0180586 0.451859 -0.0554701 0.996303 0.0655972 -0.926731 -0.0144237 -0.0664911 0.997683 -0.251936 0 0 0 1 
25528382210114;2.52967;0.898953;0.947648 -0.0533692 0.314825 -0.828651 0.153547 0.940625 -0.302733 1.80066 -0.279976 0.335225 0.899576 -4.48773 0 0 0 1 
25528382210115;1.99023;0.309241;0.998044 -0.00200237 -0.0624766 -0.554237 0.00293647 0.999885 0.0148631 0.204707 0.0624396 -0.0150175 0.997936 2.9262 0 0 0 1 
25528382210116;0.274109;0.256431;0.998636 0.0180527 -0.0489933 -0.186522 -0.00537377 0.96888 0.247471 0.361626 0.0519362 -0.246871 0.967656 -0.676812 0 0 0 1 
25528382210117;0.456139;0.287507;0.971895 0.0598518 0.227679 0.515184 -0.104094 0.976717 0.187587 -1.53728 -0.211151 -0.206015 0.955496 -4.72658 0 0 0 1 
25528382210118;1.00279;0.196202;0.998619 -0.00606595 0.0521837 -0.00886946 0.00555158 0.999935 0.00999618 0.106123 -0.052241 -0.00969267 0.998587 -1.78867 0 0 0 1 
25528382210119;1.53716;0.973927;0.995103 0.03831 0.0911212 0.114458 -0.0165882 0.97349 -0.228129 -1.4423 -0.0974452 0.2255 0.969358 0.534337 0 0 0 1 
25528382210120;1.16367;0.59762;0.999541 -0.00142565 0.030254 0.0513319 0.000553336 0.999584 0.0288218 0.37796 -0.0302825 -0.0287918 0.999127 0.219973 0 0 0 1 
25528382210121;1.92017;1.70068;0.997824 0.0252735 0.0608933 0.378417 -0.0376721 0.976543 0.212003 -0.391365 -0.0541069 -0.213836 0.97537 -3.25467 0 0 0 1 
25528382210122;1.42171;0.479457;0.994994 0.0363269 -0.0931024 0.220636 -0.039156 0.99882 -0.0287414 -0.577347 0.0919484 0.032243 0.995242 0.344283 0 0 0 1 
25528382210124;1.41534;0.530805;0.999743 0.0149175 -0.0170883 1.30468 -0.0139646 0.998411 0.0545881 -0.393955 0.0178754 -0.0543354 0.998363 -5.78804 0 0 0 1 
25528382210125;0.633729;0.331315;0.991817 -0.041925 -0.120586 -3.61848 0.0247311 0.989743 -0.140699 -0.92264 0.125248 0.136566 0.982681 11.9929 0 0 0 1 
25528382210126;0.445145;0.304769;0.951696 -0.00877877 -0.306916 -1.52819 0.0153466 0.999702 0.0189926 0.119083 0.306658 -0.0227853 0.951547 -0.131223 0 0 0 1 
25528382210127;0.670288;0.632141;0.998346 -0.0145334 -0.0556159 -1.24174 0.0109967 0.997929 -0.0633772 -0.244337 0.0564218 0.0626608 0.996439 5.42413 0 0 0 1 
25528382210128;2.24311;1.72313;0.999944 -0.0101743 0.002871 -0.493201 0.0102269 0.999768 -0.0189366 -0.0361956 -0.00267767 0.0189649 0.999817 -0.454476 0 0 0 1 
25528382210129;1.80511;1.45772;0.985077 0.0128674 0.171632 1.25745 -0.0140933 0.999883 0.00592583 0.168416 -0.171535 -0.00825625 0.985143 -0.308702 0 0 0 1 
25528382210130;0.986557;0.172859;0.998975 0.0119908 0.0436406 0.923937 -0.0154099 0.996765 0.0788739 -0.0215619 -0.0425537 -0.0794656 0.995929 -5.39636 0 0 0 1 
25528382210131;2.11864;1.8125;0.983429 -0.117197 -0.138318 -9.30255 0.0445082 0.895682 -0.442462 -8.33106 0.175745 0.428974 0.886056 34.2078 0 0 0 1 
25528382210132;0.163045;0.149616;0.999932 0.00191587 -0.0114759 0.110385 -0.00227388 0.999509 -0.0312655 -0.126933 0.0114104 0.0312895 0.999445 2.34182 0 0 0 1 
25528382210133;1.8377;0.914732;0.999874 -0.00185551 -0.0157539 -0.409637 0.00169487 0.999946 -0.0102044 0.0654271 0.015772 0.0101764 0.999824 2.80374 0 0 0 1 
25528382210134;1.18998;0.875726;0.99999 -0.00445108 -0.000663732 -0.430066 0.00443052 0.99959 -0.0282951 -0.0583318 0.000789403 0.0282919 0.999599 3.12907 0 0 0 1 
25528382210135;0.879278;0.688064;0.999174 0.0148333 0.0378265 1.09907 -0.0163991 0.999007 0.0414277 -0.074734 -0.0371744 -0.0420138 0.998425 -2.92131 0 0 0 1 
25528382210136;1.20454;0.940145;0.938104 0.0313108 0.344934 2.52855 0.0251297 0.987127 -0.157949 -0.96264 -0.34544 0.156841 0.925242 11.1435 0 0 0 1 
25528382210137;0.490225;0.528392;0.999893 -0.00990929 0.0107638 -0.712869 0.0105903 0.997818 -0.0651727 -0.234039 -0.0100945 0.0652797 0.997816 4.7836 0 0 0 1 
25528382210138;0.898047;0.933239;0.999868 -0.0117797 0.0112309 -0.803123 0.012673 0.99646 -0.083102 -0.344961 -0.0102122 0.0832333 0.996478 6.14788 0 0 0 1 
25528382210139;0.258844;0.204237;0.998341 -0.00791006 0.0570243 -0.498128 0.0106917 0.998759 -0.0486408 -0.143565 -0.0565688 0.0491698 0.997187 3.59795 0 0 0 1 
25528382210140;1.51354;1.3516;0.999554 -0.0112352 0.0276644 -0.791762 0.0142339 0.993751 -0.110704 -0.578423 -0.0262478 0.111049 0.993468 7.74726 0 0 0 1 
25528382210141;0.177514;0.169504;0.968452 0.0160154 0.248684 1.463 -0.0319263 0.997683 0.0600794 -0.268319 -0.247146 -0.0661236 0.96672 -6.7574 0 0 0 1 
25528382210142;1.7221;1.47097;0.990937 0.0116859 -0.133817 0.52799 0.0071877 0.990168 0.139695 -0.363447 0.134134 -0.139391 0.981111 -9.74518 0 0 0 1 
25528382210143;1.74732;1.60816;0.993587 -0.0119908 -0.112431 -1.19693 0.00738315 0.999119 -0.0413094 0.084673 0.112827 0.0402144 0.992801 3.85672 0 0 0 1 
25528382210144;0.62636;0.608139;0.985107 -0.0132113 -0.171432 -1.31126 0.0135915 0.999907 0.0010443 0.0993329 0.171402 -0.00335877 0.985195 0.618137 0 0 0 1 
25528382210145;2.23099;1.71626;0.982077 0.0188044 0.187542 1.63693 -0.0283631 0.998424 0.048416 -0.172988 -0.186336 -0.0528675 0.981063 -3.6465 0 0 0 1 
25528382210146;0.123351;0.122311;0.987642 -0.00220906 0.156714 0.0519112 0.00152186 0.999989 0.00450487 -0.00264535 -0.156722 -0.0042107 0.987634 -1.30025 0 0 0 1 
25528382210147;2.1323;0.337634;0.999946 -0.000264988 0.0103598 -0.263752 0.000406393 0.999907 -0.0136497 0.106507 -0.0103552 0.0136532 0.999853 3.61758 0 0 0 1 
25528382210148;1.17842;0.498354;0.999943 -0.00700642 -0.00808708 -0.622215 0.00666369 0.99911 -0.0416564 -0.0535101 0.00837175 0.0416002 0.999099 4.46774 0 0 0 1 
25528382210149;1.8032;1.70065;0.974371 0.0355419 -0.222121 2.36066 0.0205755 0.969218 0.245344 -1.99086 0.224003 -0.243627 0.943646 -18.5335 0 0 0 1 
25528382210150;1.89528;1.82905;0.991811 0.0043034 0.127642 0.509584 0.00867954 0.99485 -0.100983 -0.386062 -0.12742 0.101264 0.986666 7.16724 0 0 0 1 
25528382210151;1.38396;0.488042;0.99997 0.00746593 0.00210139 0.768462 -0.0074602 0.999968 -0.00272211 -0.214278 -0.00212165 0.00270635 0.999994 -1.60117 0 0 0 1 
25528382210152;1.90731;1.80031;0.999424 0.00544335 -0.0334981 0.482796 -0.00255699 0.996325 0.0856118 -0.336527 0.033841 -0.0854768 0.995765 -7.57339 0 0 0 1 
25528382210153;0.627318;0.181507;0.968574 -0.0629541 -0.240628 -5.62187 0.0226166 0.985722 -0.166853 -1.28637 0.247697 0.156167 0.956169 14.3209 0 0 0 1 
25528382210155;0.972428;0.592599;0.99657 -0.04621 -0.0686573 -3.06401 0.0118204 0.900568 -0.434555 -7.27918 0.0819114 0.432253 0.898025 27.1449 0 0 0 1 
25528382210156;1.01473;0.720029;0.991855 0.0163154 -0.126321 0.636653 -0.00987997 0.998629 0.0514048 -0.194859 0.126986 -0.0497381 0.990657 -1.69635 0 0 0 1 
25528382210157;0.233342;0.241664;0.998432 0.0028912 -0.0559027 -0.0379755 -0.00624196 0.998187 -0.0598578 -0.439223 0.0556283 0.0601129 0.99664 4.71945 0 0 0 1 
25528382210158;0.218897;0.185792;0.999925 -0.00720272 -0.00995119 -0.461282 0.00726713 0.999953 0.00645159 0.205821 0.00990425 -0.00652342 0.99993 -0.486119 0 0 0 1 
25528382210159;0.424214;0.208453;0.9685 -0.0141265 0.248612 -0.746898 0.0976086 0.940028 -0.326834 -2.32474 -0.229085 0.340806 0.911796 14.5382 0 0 0 1 
25528382210160;0.944861;0.770151;0.99908 -0.0126753 -0.0409797 -0.792648 0.00456091 0.981319 -0.192334 -1.88623 0.0426521 0.19197 0.980474 11.9537 0 0 0 1 
25528382210161;0.607772;0.407195;0.984092 -0.013123 0.177175 -0.580654 0.0340988 0.992679 -0.115871 -0.0198815 -0.174357 0.120069 0.977335 1.69886 0 0 0 1 
25528382210162;0.465464;0.257522;0.991467 0.0088193 0.13006 0.759938 -0.0269426 0.99003 0.138254 -0.725731 -0.127544 -0.140578 0.98182 -12.0513 0 0 0 1 
25528382210163;0.301031;0.19464;0.999886 0.00951269 -0.0117351 0.461147 -0.00913003 0.999438 0.0322412 0.0352221 0.0120352 -0.0321304 0.999411 -1.20934 0 0 0 1 
25528382210164;0.262538;0.247602;0.999977 -0.00678157 0.000606089 -0.427344 0.00677809 0.999962 0.00556348 0.180325 -0.000643795 -0.00555925 0.999984 -0.558195 0 0 0 1 
25528382210165;0.165591;0.163396;0.999918 0.00150818 -0.0126872 -0.00323465 -0.000255569 0.995171 0.0981573 0.0554095 0.012774 -0.0981461 0.99509 -5.41814 0 0 0 1 
25528382210166;1.12952;0.745305;0.972783 0.00264441 -0.231705 -0.805969 0.00669466 0.999197 0.0395103 0.164796 0.231623 -0.0399862 0.971983 0.815649 0 0 0 1 
25528382210167;0.708722;0.196691;0.994773 -0.0135031 -0.101217 -1.52607 0.00724966 0.998056 -0.0618972 -0.285511 0.101856 0.0608399 0.992937 7.36206 0 0 0 1 
25528382210168;1.1418;0.263874;0.999793 0.00877968 0.0183502 0.380886 -0.00821963 0.999505 -0.0303761 -0.252131 -0.0186078 0.030219 0.99937 4.13192 0 0 0 1 
25528382210169;0.757933;0.726956;0.994887 0.00540353 0.100846 0.574875 -0.00250649 0.999581 -0.0288321 -0.235769 -0.100959 0.028432 0.994484 -0.96632 0 0 0 1 
25528382210170;0.338329;0.0926126;0.9882 0.005671 0.153064 0.59978 0.0557996 0.917315 -0.394234 -4.82426 -0.142644 0.398123 0.906174 19.7147 0 0 0 1 
25528382210171;0.814741;0.687306;0.994822 0.0212429 -0.0993882 0.59062 -0.0170555 0.998938 0.042794 -0.207143 0.100192 -0.0408773 0.994128 1.10297 0 0 0 1 
25528382210172;0.85032;0.235927;0.991125 0.0616723 -0.117762 2.52366 -0.0170677 0.937576 0.347362 -2.12814 0.131834 -0.342269 0.930307 -15.0513 0 0 0 1 
25528382210173;0.630488;0.531336;0.999712 0.000142372 -0.0240116 0.0203947 0.00159976 0.997366 0.0725189 0.175439 0.0239587 -0.0725364 0.997078 -4.61204 0 0 0 1 
25528382210174;0.36066;0.100281;0.961309 0.109681 -0.252695 4.60855 -0.0109127 0.93176 0.36291 -2.88407 0.275255 -0.346111 0.896907 -14.4404 0 0 0 1 
25528382210175;0.400793;0.385973;0.999753 0.00153935 0.0221833 0.196047 0.000816628 0.994386 -0.105806 -0.648139 -0.0222217 0.105798 0.994139 5.83875 0 0 0 1 
25528382210176;0.342834;0.165143;0.984294 0.00379354 0.176499 0.473913 -0.0344449 0.984681 0.170927 -1.0369 -0.173146 -0.174322 0.969346 -14.806 0 0 0 1 
25528382210177;0.260067;0.113917;0.997311 -0.0292682 -0.0671872 -1.98956 0.0101402 0.963081 -0.269021 -2.81144 0.0725805 0.267616 0.960788 17.0354 0 0 0 1 
25528382210178;0.926206;0.240679;0.999817 -0.00728244 0.0176781 -0.596421 0.0070985 0.99992 0.0104458 0.264317 -0.0177527 -0.0103184 0.999789 1.19167 0 0 0 1 
25528382210179;0.695785;0.256926;0.999977 -0.0028628 -0.00618102 0.00190332 0.00179986 0.986195 -0.165581 -1.04143 0.00656971 0.165566 0.986177 8.08279 0 0 0 1 
25528382210180;0.109455;0.0869664;0.999647 0.0128981 0.0232433 0.81539 -0.0144489 0.997592 0.067836 -0.184548 -0.0223124 -0.0681479 0.997426 -4.60699 0 0 0 1 
25528382210181;0.971587;0.60757;0.944333 0.00743838 0.328907 -0.0386659 0.011544 0.99838 -0.055723 0.232384 -0.328789 0.056418 0.942717 -6.42275 0 0 0 1 
25528382210182;0.540657;0.320268;0.998452 0.00385983 0.0554829 0.45725 -0.00323199 0.99993 -0.0114013 -0.204799 -0.0555231 0.0112043 0.998395 -1.72122 0 0 0 1 
25528382210183;0.488607;0.3598;0.969916 0.00746427 0.243324 0.672394 -0.00583492 0.999955 -0.00741624 -0.0193485 -0.243369 0.00577335 0.969917 -4.77729 0 0 0 1 
25528382210184;0.107925;0.0640361;0.999916 0.00690303 -0.0109556 0.338818 -0.00675056 0.999881 0.0138942 -0.0880265 0.0110502 -0.0138191 0.999843 -0.35942 0 0 0 1 
25528382210186;2.61464;0.507647;0.906706 0.0404445 -0.419819 0.136218 0.0479567 0.97905 0.197894 -0.0719039 0.419028 -0.199565 0.885771 -5.47337 0 0 0 1 
25528382210187;2.55948;0.282194;0.999964 0.00805478 0.00259709 0.639133 -0.00802864 0.999919 -0.00992453 -0.30618 -0.00267682 0.00990332 0.999947 -2.01303 0 0 0 1 
25528382210188;2.1137;0.516672;0.993225 -0.00854188 -0.115896 -0.355674 -0.00566534 0.99255 -0.121706 -0.567686 0.116072 0.121538 0.985777 4.29959 0 0 0 1 
25528382210189;3.03095;1.68423;0.932614 -0.0107256 0.360716 0.122181 0.0281415 0.998676 -0.0430639 0.306038 -0.359776 0.0503131 0.931681 -0.668645 0 0 0 1 
25528382210190;2.58604;2.47304;0.943359 0.0417062 0.329143 2.00516 0.02437 0.980677 -0.19411 -1.14179 -0.330878 0.191137 0.924114 4.38074 0 0 0 1 
25528382210191;2.29839;1.15521;0.99438 -0.0145514 0.10486 -0.523644 -0.0247162 0.931225 0.363606 -1.28431 -0.10294 -0.364155 0.925632 -14.0885 0 0 0 1 
25528382210192;1.26077;0.987931;0.99762 0.0202229 -0.0659233 0.777106 -0.0179817 0.999246 0.0344141 -0.247653 0.0665695 -0.0331468 0.997231 -1.39224 0 0 0 1 
25528382210193;1.94741;1.2589;0.975627 -0.0282208 0.217614 -0.950168 0.0566814 0.990451 -0.125675 0.26448 -0.21199 0.134946 0.96791 0.926053 0 0 0 1 
25528382210194;0.500481;0.312003;0.991371 0.0617323 -0.115643 1.98737 -0.0109888 0.918207 0.395949 -2.18345 0.130627 -0.391262 0.910961 -14.2846 0 0 0 1 
25528382210195;0.447325;0.206643;0.993672 0.00567684 0.112176 0.430213 0.0235311 0.966037 -0.25733 -1.71446 -0.109827 0.258342 0.95979 8.79524 0 0 0 1 
25528382210196;0.672791;0.47565;0.999679 -0.0249025 -0.00476963 -1.1348 0.0250853 0.998753 0.0431572 0.561759 0.00368897 -0.043263 0.999057 -1.48895 0 0 0 1 
25528382210197;1.68816;1.61177;0.999799 0.0156601 0.0125489 0.606156 -0.0160964 0.999242 0.035456 -0.0614405 -0.0119841 -0.0356509 0.999292 -1.53828 0 0 0 1 
25528382210198;0.0806703;0.143287;0.999745 -0.0224853 -0.00184342 -0.949551 0.0224532 0.999621 -0.0159066 0.310585 0.00220039 0.0158611 0.999872 0.583831 0 0 0 1 
25528382210199;2.04506;0.632528;0.985492 -0.0298853 0.167071 -0.895365 0.0313905 0.999487 -0.00637561 0.479739 -0.166795 0.0115276 0.985924 -3.44776 0 0 0 1 
25528382210200;1.86353;1.45039;0.985722 -0.0822535 -0.146922 -4.08892 0.0324874 0.949075 -0.313371 -2.43235 0.165216 0.304124 0.938196 14.4957 0 0 0 1 
25528382210201;1.69978;1.5711;0.977632 -0.0140728 0.209853 -0.229401 -0.00972353 0.993668 0.111934 0.0410351 -0.210099 -0.111471 0.971305 -7.9521 0 0 0 1 
25528382210202;3.09717;0.506034;0.999655 -0.0114034 0.0236487 -0.77542 0.0125995 0.998616 -0.0510625 -0.0157391 -0.0230336 0.0513429 0.998415 4.46943 0 0 0 1 
25528382210203;2.66545;0.394576;0.999939 0.0105483 -0.00332113 0.183125 -0.0102899 0.997493 0.0700183 0.158914 0.00405137 -0.0699799 0.99754 -0.388501 0 0 0 1 
25528382210204;2.12678;1.92945;0.999963 -0.00846202 0.00164554 -0.40386 0.00844891 0.999934 0.00781456 0.384588 -0.00171155 -0.00780037 0.999968 -0.260463 0 0 0 1 
25528382210205;2.17534;0.435645;0.97152 0.0112125 -0.236694 0.146549 -0.00262546 0.999328 0.0365631 -0.19833 0.236944 -0.0349003 0.970896 -0.554058 0 0 0 1 
25528382210206;0.615844;0.297146;0.999628 0.00106071 0.0272504 0.0492484 0.0011097 0.996834 -0.0795087 -0.374718 -0.0272484 0.0795093 0.996462 3.21657 0 0 0 1 
25528382210207;2.70191;2.44198;0.998422 -0.0173514 0.0534072 -0.423279 0.0221783 0.99559 -0.0911569 -0.074671 -0.05159 0.0921975 0.994403 1.63488 0 0 0 1 
25528382210208;0.254784;0.248772;0.998493 0.0288883 -0.0466702 1.0146 -0.0274755 0.999153 0.0306355 -0.397489 0.0475156 -0.029307 0.99844 -0.625894 0 0 0 1 
25528382210209;0.401221;0.379185;0.999925 0.00959287 -0.00754935 0.337293 -0.00927008 0.999088 0.0416892 -0.0388558 0.00794238 -0.0416161 0.999102 -1.52411 0 0 0 1 
25528382210210;3.26762;2.76683;0.998125 0.0575424 0.0208413 2.40427 -0.0611799 0.929341 0.364119 -2.84808 0.00158355 -0.364711 0.931119 -15.8486 0 0 0 1 
25528382210211;2.11433;0.927878;0.998695 0.0327713 0.0391603 1.27896 -0.0391792 0.983601 0.176051 -0.430005 -0.0327487 -0.177355 0.983602 -5.83616 0 0 0 1 
25528382210212;0.939666;0.376383;0.981755 0.0133646 0.18968 0.815322 0.0212641 0.983554 -0.179359 -0.853187 -0.188958 0.18012 0.965325 4.02436 0 0 0 1 
25528382210213;1.20317;1.08708;0.996476 0.00218944 0.0838523 0.233792 -0.0103036 0.995284 0.0964573 0.0468033 -0.0832457 -0.0969813 0.991799 -4.70874 0 0 0 1 
25528382210214;2.77469;0.974093;0.9851 0.0401677 0.167225 1.96884 -0.00370342 0.977072 -0.212878 -1.75796 -0.171941 0.209087 0.962662 8.26226 0 0 0 1 
25528382210215;2.52413;2.35888;0.999609 0.0166325 -0.0224725 0.609022 -0.0105469 0.968741 0.24785 -0.708514 0.0258924 -0.247517 0.968538 -10.0787 0 0 0 1 
25528382210217;1.06109;1.03758;0.97175 -0.0142582 -0.235581 -1.51964 0.00551121 0.999272 -0.0377464 -0.0796964 0.235947 0.0353817 0.971121 3.98159 0 0 0 1 
25528382210218;0.551084;0.512028;0.999872 0.0129296 0.00947578 1.19718 -0.013508 0.997874 0.0637604 -0.256714 -0.00863124 -0.0638802 0.99792 -5.58844 0 0 0 1 
25528382210219;0.422673;0.391241;0.974908 -0.00662458 0.22251 -0.567515 -0.00237701 0.99919 0.0401627 0.00368622 -0.222596 -0.0396838 0.974103 -4.42206 0 0 0 1 
25528382210220;1.03905;0.964938;0.961884 0.0608649 -0.2666 5.26932 -0.0235984 0.989754 0.140819 -0.982287 0.272439 -0.12916 0.953465 -10.8975 0 0 0 1 
25528382210221;1.31298;0.64817;0.997808 -0.0130984 -0.0648712 -1.4403 0.00394239 0.990242 -0.139304 -1.1624 0.0660628 0.138743 0.988123 14.1807 0 0 0 1 
25528382210222;1.56771;1.187;0.986688 0.0366989 -0.158433 3.70396 -0.018571 0.993259 0.11442 -0.732601 0.161564 -0.109954 0.980718 -11.0225 0 0 0 1 
25528382210223;0.395381;0.299714;0.998206 0.00382032 -0.0597576 0.223153 -0.000656243 0.998601 0.0528788 -0.0667831 0.059876 -0.0527447 0.996811 -4.2321 0 0 0 1 
25528382210224;1.45898;1.1298;0.994786 -0.00230817 -0.101962 -0.629962 0.0040257 0.999853 0.0166422 0.0396347 0.101909 -0.0169659 0.994649 -0.0196045 0 0 0 1 
25528382210225;0.647882;0.342149;0.955142 0.044588 -0.292772 3.37653 0.00150748 0.987856 0.155365 -0.945847 0.296144 -0.148837 0.943476 -11.5912 0 0 0 1 
25528382210226;0.247807;0.252187;0.994336 0.0117439 -0.105635 1.00423 -0.00955233 0.999729 0.0212286 -0.10102 0.105855 -0.0200993 0.994178 -1.45743 0 0 0 1 
25528382210227;1.67052;0.429452;0.999851 -0.00358811 0.0168911 -0.585542 0.00357766 0.999993 0.0006493 -0.0183734 -0.0168934 -0.000588772 0.999857 2.12525 0 0 0 1 
25528382210228;0.941077;0.322692;0.999835 -0.00233202 -0.0179876 0.0889676 0.00116557 0.997911 -0.0645873 -0.165029 0.0181006 0.0645557 0.99775 4.36849 0 0 0 1 
25528382210229;1.84373;1.79047;0.9995 -0.013163 -0.0287482 -1.3125 0.011125 0.997489 -0.0699359 -0.181313 0.0295966 0.0695811 0.997137 6.49279 0 0 0 1 
25528382210230;0.815476;0.720427;0.999938 -0.00617381 -0.00926453 -0.658643 0.00611536 0.999961 -0.00632381 0.0389457 0.00930321 0.00626676 0.999937 0.95505 0 0 0 1 
25528382210231;0.945073;0.488239;0.999953 0.00208492 -0.00948526 0.0510378 -0.00217052 0.999957 -0.00902342 -0.0551701 0.00946603 0.00904359 0.999914 1.89231 0 0 0 1 
25528382210232;0.385786;0.322056;0.994862 0.00440558 0.101141 0.438662 -0.0135067 0.995897 0.0894771 -0.360393 -0.100331 -0.0903835 0.99084 -8.9469 0 0 0 1 
25528382210233;0.215723;0.143531;0.999163 0.0371041 0.0172119 3.28083 -0.0407124 0.942648 0.331296 -5.1478 -0.00393238 -0.331719 0.94337 -29.8605 0 0 0 1 
25528382210234;1.80049;1.29849;0.99988 -0.014279 0.00606634 -0.955003 0.0146701 0.997422 -0.0702466 -0.0380562 -0.00504765 0.0703271 0.997511 4.24299 0 0 0 1 
25528382210235;1.841;1.81745;0.981079 0.00424244 0.19356 0.354362 -0.0430228 0.97954 0.196596 -1.85133 -0.188766 -0.201204 0.961189 -18.3175 0 0 0 1 
25528382210236;0.783834;0.544336;0.992345 0.00344746 0.123446 0.397268 -0.00947882 0.998788 0.0483045 -0.14003 -0.123129 -0.0491049 0.991175 -4.23071 0 0 0 1 
25528382210237;0.646121;0.491498;0.995689 -0.00206809 -0.0927344 -0.102019 0.00179379 0.999994 -0.00304116 0.021735 0.0927401 0.0028617 0.995686 -0.0787754 0 0 0 1 
25528382210238;0.978297;0.755907;0.994396 -0.0169033 0.104362 -1.54007 0.0292056 0.992643 -0.117504 -0.675196 -0.101608 0.119894 0.987573 10.9123 0 0 0 1 
25528382210239;1.51578;0.123423;0.995446 -0.010876 0.0947048 -1.40213 0.0164776 0.998147 -0.0585686 -0.155048 -0.0938924 0.0598624 0.993781 7.04183 0 0 0 1 
25528382210240;0.466545;0.419081;0.99976 0.0210691 -0.00593535 1.81696 -0.019502 0.980494 0.195581 -1.70273 0.00994029 -0.195418 0.98067 -17.4097 0 0 0 1 
25528382210241;1.93577;1.85293;0.98895 0.0104778 0.14788 1.04492 -0.0314139 0.989659 0.13996 -0.939036 -0.144885 -0.143059 0.979052 -13.4142 0 0 0 1 
25528382210242;0.86252;0.471672;0.996505 -0.0287667 0.0784248 -2.66424 0.0440311 0.978707 -0.200486 -1.916 -0.0709876 0.203239 0.976553 18.7303 0 0 0 1 
25528382210243;0.905546;0.245608;0.970253 -0.00584518 0.242022 -0.432667 -0.00678853 0.998658 0.0513339 -0.0346142 -0.241998 -0.0514498 0.968912 -4.57484 0 0 0 1 
25528382210244;0.219604;0.218629;0.999842 0.00147496 -0.0177112 0.115139 -0.00181235 0.999817 -0.0190483 -0.0544255 0.0176798 0.0190774 0.999662 1.61772 0 0 0 1 
25528382210245;0.165948;0.10671;0.980678 -0.00862194 0.195439 -0.749217 0.00524679 0.999828 0.0177807 0.06024 -0.195559 -0.0164117 0.980555 -2.65474 0 0 0 1 
25528382210246;1.5805;1.41183;0.998554 -0.000570434 0.0537463 -0.149768 -0.000403496 0.999836 0.0181083 -0.0106003 -0.0537478 -0.0181038 0.99839 -0.863345 0 0 0 1 
25528382210248;1.80404;1.58128;0.997423 0.000253099 0.0717425 0.154987 0.0108356 0.987991 -0.154131 -0.74343 -0.07092 0.154511 0.985442 8.0358 0 0 0 1 
25528382210249;2.65063;0.672656;0.99922 -0.0196152 0.0342599 -0.919506 0.0192297 0.999748 0.0115467 0.178982 -0.0344777 -0.0108789 0.999346 -3.53271 0 0 0 1 
25528382210250;0.988386;0.220093;0.988573 -0.0285774 -0.148013 -2.01265 0.0194667 0.997846 -0.0626411 -0.213833 0.149484 0.0590439 0.987 3.79825 0 0 0 1 
25528382210251;1.96971;0.577633;0.999292 0.00398409 -0.0374024 0.330288 -0.00259125 0.999304 0.0372142 0.538587 0.0375247 -0.0370909 0.998607 -4.25326 0 0 0 1 
25528382210252;1.48555;1.22829;0.999786 0.0206315 0.00160153 1.27585 -0.0206261 0.999782 -0.00331732 -0.196713 -0.00166962 0.00328358 0.999993 0.53422 0 0 0 1 
25528382210253;1.51489;0.414376;0.999113 0.0116882 0.0404621 0.813507 -0.0101489 0.999225 -0.0380407 0.0626103 -0.0408753 0.0375963 0.998457 0.437595 0 0 0 1 
25528382210254;2.5409;1.97443;0.999359 0.0115347 0.0339005 0.711731 -0.016437 0.988836 0.148097 -0.0728886 -0.0318138 -0.148559 0.988392 -10.174 0 0 0 1 
25528382210255;0.438009;0.185411;0.995616 0.00110558 -0.0935236 -0.140743 -0.00944917 0.996003 -0.088818 -0.443847 0.0930516 0.0893124 0.991647 5.0439 0 0 0 1 
25528382210256;0.895108;0.47347;0.961336 0.010044 0.275196 1.22327 0.0684542 0.95925 -0.27414 -3.22556 -0.266735 0.282379 0.921474 16.7658 0 0 0 1 
25528382210257;0.887196;0.790899;0.999372 -0.000984925 0.0354227 0.109924 0.000588041 0.999937 0.0112129 -0.0744423 -0.0354315 -0.011185 0.99931 -0.844435 0 0 0 1 
25528382210258;2.46932;0.58599;0.999184 0.0307715 -0.0261552 2.0903 -0.0321622 0.997994 -0.0545255 0.0752372 0.0244249 0.0553222 0.99817 0.251556 0 0 0 1 
25528382210259;0.355498;0.237175;0.994832 -0.0103552 0.101009 -0.328197 0.0553465 0.889315 -0.453933 -7.17644 -0.0851283 0.457178 0.885292 25.3805 0 0 0 1 
