#;prob_registration_l1 -r /home/probabilistic_point_clouds_registration/build/tester /home/point_clouds_registration_benchmark//devel/registration_pairs/stairs_local.txt /home/point_clouds_registration_benchmark//eth/stairs -s 0.2 -t 0.2 -p 0.3 -r 1000 -m 15 -i 40 
id;initial_error;final_error;transformation
5494384560000;0.832403;0.0484462;0.994338 0.105864 -0.00920031 0.815572 -0.105552 0.993975 0.0295475 0.422555 0.0122729 -0.0284091 0.999521 0.390255 0 0 0 1 
5494384560001;0.315086;0.0565332;0.914799 0.237515 -0.326694 1.53759 -0.211425 0.970754 0.113737 1.37083 0.344154 -0.0349749 0.938262 -2.30726 0 0 0 1 
5494384560002;0.630491;0.0364577;0.999197 -0.0292196 -0.0274195 0.722183 0.0293271 0.999564 0.0035259 -0.308741 0.0273045 -0.00432721 0.999618 0.0727947 0 0 0 1 
5494384560003;0.317466;0.0254171;0.968925 -0.053905 -0.241408 0.909533 0.12925 0.942463 0.308315 -1.82565 0.210899 -0.329936 0.920144 -1.422 0 0 0 1 
5494384560004;0.657978;0.0483313;0.998721 0.0476174 0.0170114 -0.179467 -0.0492285 0.992483 0.112042 0.554582 -0.0115484 -0.112736 0.993558 0.568791 0 0 0 1 
5494384560005;0.751618;0.0410664;0.994532 -0.0922711 -0.0489177 -0.433472 0.0977697 0.987264 0.125499 -1.53209 0.0367148 -0.129595 0.990887 -0.409112 0 0 0 1 
5494384560006;0.696898;0.336523;0.979127 0.10854 -0.171841 0.610195 -0.126472 0.98721 -0.0970684 1.0021 0.159107 0.116775 0.980331 -0.664541 0 0 0 1 
5494384560007;0.399045;0.191503;0.968043 -0.24552 -0.0511179 0.52756 0.249038 0.965135 0.0805903 -2.45137 0.0295491 -0.0907452 0.995436 -0.179427 0 0 0 1 
5494384560008;0.231215;0.0230123;0.972847 -0.208332 -0.100825 0.378099 0.19484 0.972306 -0.129071 -1.11821 0.124922 0.105921 0.986496 -0.795392 0 0 0 1 
5494384560009;0.454804;0.0311562;0.990081 -0.0254044 -0.138182 0.661664 0.0328746 0.998103 0.0520496 -0.619427 0.136598 -0.056076 0.989038 -0.663807 0 0 0 1 
5494384560010;0.83506;0.0235315;1 -3.5858e-05 -0.000423454 -0.0380616 4.49957e-05 0.999767 0.0215986 0.0721648 0.000422581 -0.0215986 0.999767 0.883935 0 0 0 1 
5494384560011;0.300381;0.0511616;0.996486 0.0566234 0.0617172 -0.220536 -0.035195 0.951728 -0.304918 0.997679 -0.0760035 0.301674 0.950377 0.636782 0 0 0 1 
5494384560012;0.513405;0.0604121;0.943701 0.0548838 -0.326216 1.13264 -0.118702 0.976649 -0.179074 1.29232 0.30877 0.207715 0.928179 -1.68093 0 0 0 1 
5494384560013;0.592232;0.0674289;0.993011 0.0050321 -0.117912 0.492231 -0.00683724 0.999865 -0.0149096 0.674704 0.117821 0.0156116 0.992912 -0.832296 0 0 0 1 
5494384560014;0.784839;0.0535933;0.948716 0.200664 0.244278 0.493422 -0.245591 0.954381 0.16983 1.2331 -0.199056 -0.221113 0.954718 1.99613 0 0 0 1 
5494384560015;1.02961;0.0592847;0.941971 0.322333 -0.0937642 0.298889 -0.335539 0.895573 -0.292169 3.89444 -0.0102033 0.306677 0.951759 0.898216 0 0 0 1 
5494384560016;0.692498;0.0754;0.98981 0.130095 -0.0578952 0.215482 -0.142373 0.897003 -0.418468 2.63496 -0.00250818 0.422446 0.906384 -0.146426 0 0 0 1 
5494384560017;0.125802;0.0394709;0.999977 0.00318395 -0.00599321 0.0536874 -0.00313498 0.999962 0.00816274 -0.0570998 0.00601897 -0.00814377 0.999949 0.0635365 0 0 0 1 
5494384560018;0.697368;0.047946;0.997005 0.0472496 -0.0612173 0.756604 -0.0596442 0.97371 -0.219843 1.10058 0.0492204 0.222836 0.973613 0.203027 0 0 0 1 
5494384560019;0.372102;0.0578729;0.954745 0.283125 0.0911139 0.174742 -0.291826 0.950893 0.103148 1.95182 -0.0574358 -0.12507 0.990484 0.169119 0 0 0 1 
5494384560020;0.725979;0.0469818;0.944086 0.320585 0.0769904 0.166706 -0.32842 0.893853 0.305233 2.13895 0.029035 -0.313451 0.94916 0.414225 0 0 0 1 
5494384560021;0.810082;0.03192;0.995301 0.0890893 -0.0379455 -0.184992 -0.0889466 0.996022 0.00543578 0.694165 0.0382788 -0.00203511 0.999265 0.508196 0 0 0 1 
5494384560022;1.01164;0.0306615;0.882622 -0.30982 -0.353538 1.58848 0.337656 0.941092 0.0182539 -3.53138 0.327057 -0.135486 0.935242 -2.01021 0 0 0 1 
5494384560023;0.527542;0.0542326;0.979615 0.095475 -0.176745 0.851749 -0.0951217 0.99541 0.0104906 0.652628 0.176935 0.0065355 0.984201 -1.80105 0 0 0 1 
5494384560024;0.419936;0.0533584;0.937571 0.335288 -0.0924299 1.01245 -0.337363 0.941346 -0.00735382 2.59948 0.0845428 0.0380772 0.995692 -0.859208 0 0 0 1 
5494384560025;0.495752;0.0539829;0.942462 0.295052 -0.157191 0.918964 -0.294182 0.9553 0.0293161 2.26705 0.158814 0.0186135 0.987133 -0.748572 0 0 0 1 
5494384560026;0.350666;0.0451071;0.97397 0.0914855 0.207396 -0.249355 -0.0275689 0.955955 -0.292217 0.917223 -0.224995 0.278893 0.933593 2.13613 0 0 0 1 
5494384560027;0.90423;0.0554345;0.992366 0.0614874 -0.106902 1.31191 -0.0434277 0.98555 0.163725 0.0726753 0.115424 -0.157833 0.980697 -0.667099 0 0 0 1 
5494384560028;0.914969;0.53657;0.996176 -0.0861268 -0.0146717 -0.323504 0.0863597 0.996135 0.0160524 -0.540787 0.0132324 -0.0172581 0.999764 -0.249397 0 0 0 1 
5494384560029;0.844853;0.0667314;0.999442 0.029957 0.0147509 0.0311522 -0.0301994 0.999408 0.0164945 -0.499289 -0.014248 -0.0169308 0.999755 -0.521544 0 0 0 1 
5494384560031;0.314572;0.0654591;0.918538 -0.349531 -0.184707 0.492833 0.357552 0.933829 0.0109483 -1.42684 0.168658 -0.0760988 0.982733 -0.684422 0 0 0 1 
5494384560032;0.143255;0.0463739;0.996833 0.0568294 0.0556216 0.0645896 -0.0525889 0.9958 -0.0749413 0.239323 -0.0596469 0.0717789 0.995635 0.212223 0 0 0 1 
5494384560033;0.256973;0.0501858;0.999589 0.0124895 0.025796 0.191522 -0.00956347 0.99382 -0.110589 0.235624 -0.0270178 0.110296 0.993531 0.188393 0 0 0 1 
5494384560034;0.872658;0.0411905;0.971889 -0.213282 0.0997091 0.0783868 0.192794 0.96404 0.182911 -1.75917 -0.135135 -0.158546 0.97806 -0.101124 0 0 0 1 
5494384560035;0.383527;0.025847;0.996902 -0.0679059 0.039678 0.0771328 0.0653904 0.995958 0.0615824 0.0560541 -0.0436994 -0.058797 0.997313 0.203753 0 0 0 1 
5494384560036;0.699819;0.0358901;0.952468 0.256558 -0.164265 0.592137 -0.295851 0.907582 -0.297937 0.935512 0.0726459 0.332373 0.940346 0.41043 0 0 0 1 
5494384560037;0.785083;0.0454846;0.972351 -0.0879951 0.216311 -0.312144 0.147221 0.950015 -0.275314 -0.191726 -0.181272 0.299548 0.936702 0.0519622 0 0 0 1 
5494384560038;1.00964;0.0526988;0.900103 -0.433849 0.0398852 -0.837987 0.434388 0.900709 -0.00557833 -1.34058 -0.0335048 0.0223467 0.999189 -0.199622 0 0 0 1 
5494384560039;0.16472;0.0638947;0.983221 -0.0860319 -0.16086 0.202569 0.0888608 0.995989 0.0104624 -0.318884 0.159314 -0.024581 0.986922 -0.644895 0 0 0 1 
5494384560040;0.656318;0.0530358;0.914303 0.334031 0.229071 0.583477 -0.327575 0.942459 -0.066824 0.779176 -0.238211 -0.0139405 0.971113 1.11473 0 0 0 1 
5494384560041;0.496934;0.0280898;0.885187 -0.298185 0.357113 -0.143213 0.302288 0.95212 0.0457163 -1.09524 -0.353646 0.0674837 0.932942 1.83931 0 0 0 1 
5494384560042;0.516103;0.383308;0.996301 -0.0573194 -0.0640208 -0.238298 0.0655546 0.988677 0.134983 -0.596251 0.0555588 -0.13868 0.988778 -0.376611 0 0 0 1 
5494384560043;0.0787389;0.0249497;0.999976 -0.00698017 -0.00046506 -0.0134996 0.00698952 0.999671 0.0246712 -0.162362 0.000292697 -0.0246738 0.999696 0.0260538 0 0 0 1 
5494384560044;0.670233;0.0381661;0.99915 0.0399495 0.0102049 0.245992 -0.0401867 0.998899 0.0242022 0.251652 -0.00922683 -0.0245917 0.999655 0.790458 0 0 0 1 
5494384560045;0.454928;0.0154875;0.914575 -0.265593 0.304981 -0.455209 0.175228 0.939904 0.293044 -1.1286 -0.364483 -0.21457 0.906152 1.42943 0 0 0 1 
5494384560046;0.663952;0.0483681;0.978076 0.140563 -0.153655 0.416304 -0.141317 0.989946 0.00605648 1.22307 0.152961 0.0157904 0.988106 -0.649968 0 0 0 1 
5494384560047;0.60701;0.211628;0.997483 0.0183258 -0.0684921 -0.479854 -0.0312582 0.980736 -0.192822 0.716936 0.0636391 0.194477 0.97884 -0.260626 0 0 0 1 
5494384560048;0.280379;0.0382021;0.999913 -0.00754016 0.0108017 -0.0430372 0.00736943 0.999849 0.0157591 -0.187371 -0.0109189 -0.0156781 0.999817 0.374675 0 0 0 1 
5494384560049;0.480826;0.0421082;0.930243 0.328274 0.163962 0.618128 -0.325239 0.944522 -0.0458062 1.36177 -0.169903 -0.0107159 0.985403 0.624183 0 0 0 1 
5494384560050;0.519994;0.0339345;0.978199 0.198684 0.0604317 -0.156822 -0.192627 0.976809 -0.0934826 0.316046 -0.0776038 0.0798038 0.993785 0.378027 0 0 0 1 
5494384560051;0.245903;0.0445902;0.999922 -0.0118682 0.00378182 0.0501156 0.0117247 0.999285 0.0359349 -0.27733 -0.0042056 -0.0358878 0.999347 -0.174007 0 0 0 1 
5494384560052;0.581213;0.0463147;0.952729 0.157608 0.259744 -0.351705 -0.190306 0.976006 0.105811 0.0342177 -0.236835 -0.15024 0.959863 0.679924 0 0 0 1 
5494384560053;0.543864;0.0532508;0.963257 -0.216686 0.158692 -0.425001 0.197389 0.971824 0.128828 -1.3118 -0.182136 -0.0927707 0.978887 0.328528 0 0 0 1 
5494384560054;0.812423;0.47918;0.998675 -0.0510663 -0.00634354 -0.449408 0.0511655 0.998552 0.0166023 -0.43974 0.00548653 -0.0169049 0.999842 -0.425173 0 0 0 1 
5494384560055;0.804846;0.0416372;0.927418 0.000937468 0.374025 0.4957 -0.04114 0.994185 0.0995174 0.53083 -0.371757 -0.107682 0.922064 1.53421 0 0 0 1 
5494384560056;0.404608;0.0491165;0.981967 0.157043 0.105257 -0.169662 -0.156813 0.987572 -0.0105096 0.166322 -0.105599 -0.00618559 0.99439 0.331444 0 0 0 1 
5494384560057;0.241612;0.0528891;0.972695 0.205128 -0.108572 0.37697 -0.194205 0.975518 0.10319 0.490946 0.127081 -0.0792876 0.988718 -0.402965 0 0 0 1 
5494384560058;0.361634;0.0425391;0.991698 -0.112309 0.0626214 0.134608 0.120075 0.983059 -0.138478 -0.0342215 -0.0460082 0.144847 0.988384 0.282824 0 0 0 1 
5494384560059;0.672349;0.0594825;0.999235 -0.0129366 0.0369156 -0.0591224 0.0123825 0.999808 0.0152 -0.101885 -0.0371052 -0.0147313 0.999203 -0.603435 0 0 0 1 
5494384560060;0.435775;0.0494413;0.9548 -0.27546 -0.111711 -0.0573915 0.296422 0.910376 0.288702 -1.62324 0.0221729 -0.308766 0.950879 -0.276101 0 0 0 1 
5494384560062;0.821662;0.0468667;0.964149 -0.196471 -0.178371 0.401021 0.19404 0.980499 -0.0311505 -1.63374 0.181012 -0.00457731 0.98347 -1.37002 0 0 0 1 
5494384560063;1.2461;0.0502633;0.942918 0.0995284 -0.317806 1.75921 -0.107897 0.994123 -0.00879204 0.787362 0.315063 0.0425803 0.948115 -2.44214 0 0 0 1 
5494384560064;0.351118;0.291504;0.992821 -0.119079 0.0112928 0.0157248 0.119321 0.992566 -0.0240039 -0.73692 -0.00835054 0.025179 0.999648 0.0836313 0 0 0 1 
5494384560065;1.02628;0.0341269;0.997096 0.0760423 0.00417906 -0.0429003 -0.0756715 0.995432 -0.0582099 0.342917 -0.00858639 0.0577246 0.998296 0.838592 0 0 0 1 
5494384560066;0.385602;0.455233;0.979837 0.16233 -0.116486 0.787844 -0.153165 0.984642 0.0837881 0.630526 0.128298 -0.0642571 0.989652 -0.662414 0 0 0 1 
5494384560067;1.09812;0.0361151;0.979103 -0.135871 0.151317 -0.380454 0.157058 0.977872 -0.138198 -0.988548 -0.129191 0.159076 0.978777 0.173565 0 0 0 1 
5494384560068;0.284277;0.0547919;0.987858 0.141965 -0.0630993 0.297339 -0.119391 0.953611 0.276356 0.0436309 0.0994051 -0.265467 0.958982 -0.618841 0 0 0 1 
5494384560069;0.305684;0.0417177;0.988058 0.151183 -0.0297596 0.393313 -0.15107 0.988505 0.00602527 0.941424 0.0303284 -0.00145753 0.999539 -0.103533 0 0 0 1 
5494384560070;1.06788;0.0517019;0.998669 0.0511154 -0.00691864 0.774036 -0.0495875 0.988321 0.14409 -0.0298673 0.0142031 -0.143555 0.98954 -0.40567 0 0 0 1 
5494384560071;0.199717;0.0469045;0.999969 -0.00768099 0.00178622 -0.0227052 0.00768524 0.999968 -0.00238761 -0.0911998 -0.00176782 0.00240126 0.999996 0.181684 0 0 0 1 
5494384560072;1.02349;0.0446971;0.963843 -0.022473 -0.265522 1.07442 -0.0606764 0.951752 -0.300808 1.7464 0.259471 0.306043 0.915976 -1.29113 0 0 0 1 
5494384560073;0.123206;0.0486625;0.992979 -0.118165 0.00541352 -0.0542171 0.117994 0.992695 0.0251886 -0.827809 -0.00835038 -0.024373 0.999668 0.101215 0 0 0 1 
5494384560074;0.700296;0.106362;0.947874 0.316989 0.0324425 0.0853546 -0.316668 0.948422 -0.0147222 2.23745 -0.0354359 0.0036813 0.999365 -0.0190169 0 0 0 1 
5494384560075;0.186882;0.0606021;0.999955 0.00816454 0.00483775 0.0333709 -0.00798084 0.999289 -0.0368475 0.152788 -0.00513515 0.0368072 0.999309 -0.0397479 0 0 0 1 
5494384560076;1.00141;0.0439438;0.992211 -0.0990551 0.0755353 -0.293911 0.0935394 0.992909 0.0733671 -0.60478 -0.0822671 -0.0657301 0.99444 1.26607 0 0 0 1 
5494384560077;0.605922;0.0904349;0.896779 -0.316105 -0.309621 1.35004 0.343866 0.938247 0.0380689 -2.29905 0.278467 -0.140607 0.950098 -1.94305 0 0 0 1 
5494384560078;0.686652;0.14553;0.960642 -0.277674 0.00799525 0.0300546 0.270874 0.929959 -0.248603 -1.11871 0.0615952 0.240984 0.968573 0.211118 0 0 0 1 
5494384560079;0.330281;0.0865708;0.936801 0.348755 -0.0278016 0.630889 -0.342056 0.929696 0.13661 1.77704 0.0734906 -0.118467 0.990235 -0.434744 0 0 0 1 
5494384560080;0.779401;0.048379;0.920838 0.380284 -0.0862614 1.27529 -0.370048 0.921963 0.114234 2.2783 0.122971 -0.0732705 0.989702 -0.627677 0 0 0 1 
5494384560081;0.603531;0.049458;0.980393 0.192387 -0.0426318 0.485209 -0.196606 0.969574 -0.145853 1.75548 0.0132746 0.151375 0.988387 0.345724 0 0 0 1 
5494384560082;0.617118;0.21659;0.944733 -0.0662721 -0.321073 1.22527 0.103448 0.989582 0.10013 -0.716932 0.311092 -0.127811 0.941746 -2.0792 0 0 0 1 
5494384560083;0.290683;0.0589924;0.947775 0.29746 0.115062 0.154417 -0.282085 0.950154 -0.132796 2.06918 -0.148828 0.0934039 0.984442 0.980994 0 0 0 1 
5494384560084;0.175327;0.047662;0.98553 -0.123339 -0.116264 0.311857 0.105951 0.98368 -0.145427 -0.293652 0.132303 0.131004 0.982514 -0.728709 0 0 0 1 
5494384560085;0.943472;0.0380811;0.99174 -0.124476 -0.030945 0.0703381 0.108097 0.940981 -0.320734 -0.277252 0.0690423 0.31474 0.946664 0.456123 0 0 0 1 
5494384560086;0.821732;0.0355141;0.992637 -0.0276258 0.117938 -0.476994 0.0169296 0.99573 0.0907499 -0.58885 -0.119941 -0.0880851 0.988866 1.2737 0 0 0 1 
5494384560087;0.12902;0.0537964;0.99901 0.0121617 -0.0427809 0.0376131 -0.0119591 0.999916 0.00498928 0.0612141 0.042838 -0.00447272 0.999072 -0.162096 0 0 0 1 
5494384560088;1.25698;0.246878;0.886388 0.0576276 -0.459341 1.77786 -0.0356676 0.997774 0.0563501 -0.669578 0.461566 -0.0335644 0.886471 -2.44662 0 0 0 1 
5494384560089;1.3654;1.0082;0.983247 0.16664 0.0738715 0.16943 -0.168349 0.985572 0.0175107 1.1312 -0.0698877 -0.0296536 0.997114 -0.222723 0 0 0 1 
5494384560090;0.736364;0.0397692;0.955668 -0.294175 -0.0126336 0.559787 0.266691 0.882974 -0.386307 -0.518355 0.124797 0.365812 0.922284 -0.306009 0 0 0 1 
5494384560091;0.484121;0.0419378;0.939103 -0.149129 -0.30959 1.15697 0.213213 0.959406 0.184612 -1.81473 0.269491 -0.239378 0.932777 -1.29321 0 0 0 1 
5494384560093;0.0553842;0.143217;0.999358 0.00588119 -0.0353281 0.0306845 -0.00709016 0.99939 -0.0341941 0.207279 0.0351054 0.0344226 0.998791 -0.126875 0 0 0 1 
5494384560094;0.672056;0.118068;0.904985 -0.0649384 -0.420459 1.93804 0.128306 0.983927 0.124199 -1.12385 0.405635 -0.166346 0.898771 -2.14843 0 0 0 1 
5494384560095;0.854827;0.200341;0.923438 0.382978 -0.0242896 0.84897 -0.383651 0.922772 -0.0360998 2.29402 0.00858834 0.0426546 0.999053 0.423459 0 0 0 1 
5494384560096;0.268636;0.137255;0.961242 -0.25779 -0.0977668 0.387384 0.252114 0.965393 -0.0667527 -1.63437 0.111591 0.0395171 0.992968 -0.712736 0 0 0 1 
5494384560097;0.745786;0.139475;0.999469 -0.0231513 -0.0229444 -0.24513 0.0231649 0.999732 0.000328662 -0.59724 0.0229307 -0.000859994 0.999737 0.188882 0 0 0 1 
5494384560098;0.365154;0.171839;0.907676 -0.384823 -0.167437 0.967151 0.390965 0.920397 0.00406006 -2.70947 0.152546 -0.0691473 0.985874 -0.912092 0 0 0 1 
5494384560099;0.345567;0.130938;0.997967 -0.0284801 0.0570159 -0.356712 0.0307453 0.998756 -0.0392549 0.101324 -0.055827 0.0409281 0.997601 0.429384 0 0 0 1 
5494384560100;0.37298;0.180353;0.939217 -0.245023 -0.240489 0.627877 0.241429 0.969385 -0.0447716 -1.42344 0.244097 -0.0160109 0.969619 -1.32409 0 0 0 1 
5494384560101;0.595346;0.164273;0.921323 0.355731 0.156906 0.152717 -0.377489 0.915073 0.141926 2.37201 -0.0930925 -0.18999 0.977363 1.07831 0 0 0 1 
5494384560102;0.240088;0.163107;0.97047 -0.220676 0.0974151 -0.216529 0.2339 0.959605 -0.15636 -1.23079 -0.0589752 0.174528 0.982884 0.596906 0 0 0 1 
5494384560103;0.65911;0.144893;0.999815 -0.00396012 -0.0188286 0.0273277 0.0033455 0.999464 -0.0325634 -0.0548536 0.0189474 0.0324944 0.999292 -0.525563 0 0 0 1 
5494384560104;0.317417;0.112889;0.988853 -0.131861 -0.0691474 0.172321 0.147393 0.932661 0.32927 -1.86024 0.0210731 -0.335792 0.941701 0.00179909 0 0 0 1 
5494384560105;0.561217;0.140229;0.965236 0.0288932 -0.259778 0.600899 -0.0620511 0.990789 -0.12036 0.793038 0.253907 0.132296 0.958138 -1.11154 0 0 0 1 
5494384560106;0.669368;0.138319;0.978335 -0.0262114 0.205362 -0.154307 0.0375086 0.997978 -0.0513126 -0.387301 -0.203601 0.0579037 0.97734 1.84872 0 0 0 1 
5494384560107;0.196586;0.143692;0.989505 0.128796 -0.0655141 0.243334 -0.126108 0.991056 0.0436541 0.804643 0.0705506 -0.0349341 0.996896 -0.487245 0 0 0 1 
5494384560108;0.588165;0.163207;0.974565 0.188642 -0.120987 0.529313 -0.123346 0.902246 0.413203 -0.232924 0.187108 -0.38777 0.902566 -1.39806 0 0 0 1 
5494384560109;0.964218;0.153664;0.984042 0.138893 0.111222 -0.0613705 -0.146553 0.987137 0.0639034 1.07256 -0.100916 -0.0791835 0.991739 1.51528 0 0 0 1 
5494384560110;0.522946;0.118217;0.898603 -0.438058 -0.0248443 0.355887 0.437601 0.898904 -0.0218389 -3.12145 0.0318993 0.00875263 0.999453 -0.121548 0 0 0 1 
5494384560111;0.382633;0.117047;0.997226 -0.00752464 0.0740546 -0.370686 0.0128016 0.997391 -0.0710427 0.131785 -0.0733269 0.0717936 0.99472 0.389286 0 0 0 1 
5494384560112;1.20633;0.381068;0.986576 -0.155713 -0.0491965 -0.576048 0.157445 0.986959 0.0335133 -0.758051 0.0433364 -0.0408091 0.998227 0.380659 0 0 0 1 
5494384560113;0.493118;0.127163;0.989134 0.141109 -0.0412603 0.166712 -0.142113 0.989595 -0.0225063 1.01491 0.0376551 0.0281254 0.998895 -0.547009 0 0 0 1 
5494384560114;0.011633;0.137014;0.999751 0.00511301 -0.0217001 0.0204746 -0.00527494 0.999959 -0.00741131 0.0830751 0.0216613 0.00752393 0.999737 -0.0347765 0 0 0 1 
5494384560115;0.837027;0.138064;0.952676 -0.10416 -0.285585 0.5311 0.161623 0.969233 0.185651 -1.98674 0.257461 -0.223022 0.940199 -1.31906 0 0 0 1 
5494384560116;0.753813;0.0894504;0.9966 -0.0471066 -0.0675952 -0.403551 0.0506572 0.997371 0.0518119 -0.436358 0.0649768 -0.0550599 0.996367 -0.622477 0 0 0 1 
5494384560117;0.39392;0.161885;0.964599 0.263485 0.0111811 0.260224 -0.263586 0.964596 0.0087861 1.8756 -0.00847022 -0.0114222 0.999899 0.369181 0 0 0 1 
5494384560118;0.486867;0.174841;0.996384 0.0846791 -0.00690973 0.171846 -0.0814525 0.928951 -0.361132 1.42111 -0.0241615 0.360389 0.932489 0.262806 0 0 0 1 
5494384560119;0.307339;0.126894;0.956431 0.290758 -0.0264529 0.42513 -0.274559 0.926542 0.257173 1.23019 0.099285 -0.238706 0.966003 -0.576475 0 0 0 1 
5494384560120;1.07013;0.145726;0.96197 -0.252143 -0.105061 0.426721 0.232304 0.957506 -0.170931 -0.949571 0.143696 0.140025 0.979666 -1.60471 0 0 0 1 
5494384560121;0.937742;0.146751;0.902898 0.38505 -0.191081 0.885536 -0.396879 0.917489 -0.0264916 2.12094 0.165114 0.0997554 0.981217 -1.08529 0 0 0 1 
5494384560122;0.448809;0.207402;0.922235 0.35049 0.163214 0.0397419 -0.351079 0.93598 -0.0261872 2.66775 -0.161944 -0.0331504 0.986243 1.32414 0 0 0 1 
5494384560124;0.180601;0.0991825;0.991286 -0.0960657 0.0901338 -0.307867 0.0806242 0.983559 0.16159 -0.541794 -0.104175 -0.152915 0.982733 0.345745 0 0 0 1 
5494384560125;0.336264;0.117729;0.951593 -0.150825 0.267811 -0.529191 0.16779 0.984949 -0.041495 -0.642373 -0.257522 0.0844222 0.962577 0.988664 0 0 0 1 
5494384560126;0.158937;0.0764576;0.9952 0.0870891 0.0446474 -0.218147 -0.0880395 0.995921 0.0197793 0.309937 -0.0427427 -0.0236151 0.998807 0.123564 0 0 0 1 
5494384560127;0.459182;0.111097;0.988455 -0.131533 -0.0752012 0.43602 0.128725 0.99083 -0.0410561 -0.03825 0.0799119 0.0309018 0.996323 -0.308431 0 0 0 1 
5494384560128;0.768681;0.129831;0.962102 -0.145703 0.230502 -0.729461 0.210488 0.934198 -0.288044 -0.0665141 -0.173366 0.325645 0.929462 0.264934 0 0 0 1 
5494384560129;0.8631;0.384339;0.922562 -0.0281548 0.384821 -0.945804 0.0125877 0.999 0.0429128 -0.536394 -0.385644 -0.0347457 0.921993 1.9098 0 0 0 1 
5494384560130;0.294138;0.124878;0.989737 -0.141518 -0.0198411 0.15941 0.142889 0.978203 0.150672 -0.809039 -0.00191413 -0.151961 0.988385 -0.218399 0 0 0 1 
5494384560131;0.331415;0.107492;0.997067 -0.0411489 -0.0645336 0.0197798 0.0430384 0.998676 0.0281675 -0.152209 0.0632891 -0.0308623 0.997518 0.0399726 0 0 0 1 
5494384560132;0.299743;0.0998591;0.933933 0.00600297 -0.357397 0.891822 0.0965175 0.958484 0.268314 -0.8436 0.344171 -0.285082 0.894581 -1.42882 0 0 0 1 
5494384560133;0.275606;0.0775112;0.919905 0.118452 -0.373824 1.04971 -0.0718756 0.988069 0.136213 0.0791033 0.385498 -0.0984346 0.917443 -1.47067 0 0 0 1 
5494384560134;0.715759;0.0695047;0.979719 0.200344 0.00359736 0.0775775 -0.200367 0.97969 0.00782835 0.907973 -0.00195593 -0.00839037 0.999963 0.748758 0 0 0 1 
5494384560135;0.221863;0.0646923;0.960844 0.257638 0.101982 0.0109664 -0.265444 0.96143 0.0720613 1.08961 -0.079483 -0.0963102 0.992173 0.299013 0 0 0 1 
5494384560136;0.513605;0.0739565;0.970677 0.240367 -0.00310084 -0.231143 -0.240304 0.970601 0.0137259 1.33062 0.00630894 -0.0125783 0.999901 -0.291946 0 0 0 1 
5494384560137;0.0725673;0.0768455;0.99987 -0.00298168 -0.0158396 -0.0413231 0.00331801 0.999769 0.0212502 -0.000741311 0.0157726 -0.0213 0.999649 -0.00789521 0 0 0 1 
5494384560138;0.458946;0.105934;0.995753 -0.0321678 -0.0862609 0.0619402 0.0208439 0.991413 -0.129099 0.205046 0.089673 0.126752 0.987873 0.16347 0 0 0 1 
5494384560139;0.373858;0.0943223;0.982386 0.158567 0.09886 0.0852434 -0.158637 0.987311 -0.0072096 0.371879 -0.0987488 -0.0086002 0.995075 0.278315 0 0 0 1 
5494384560140;0.407687;0.0728485;0.930963 0.339676 -0.133894 0.413992 -0.304089 0.924318 0.230577 0.855462 0.202082 -0.173943 0.963798 -0.613876 0 0 0 1 
5494384560141;0.827786;0.109831;0.998585 -0.0106668 0.0520998 -0.288202 0.0123981 0.999378 -0.0330224 0.218607 -0.0517151 0.0336216 0.998096 1.11768 0 0 0 1 
5494384560142;0.791925;0.0827273;0.998266 -0.0404967 0.042713 -0.781623 0.0398027 0.999063 0.0169756 -0.401713 -0.0433604 -0.0152461 0.998943 -0.446567 0 0 0 1 
5494384560143;0.413054;0.0992344;0.897305 0.364792 0.248538 -0.00753821 -0.385118 0.922127 0.0369513 1.32556 -0.215705 -0.128873 0.967917 0.796646 0 0 0 1 
5494384560144;0.460909;0.0872512;0.992669 0.0827011 -0.0881424 0.145271 -0.0779364 0.995373 0.0561975 0.355927 0.0923822 -0.048916 0.994521 0.0973144 0 0 0 1 
5494384560145;0.514439;0.112091;0.995148 -0.0601681 0.0778464 -0.384438 0.0388908 0.967335 0.250501 -0.0356628 -0.0903757 -0.246259 0.964981 0.35779 0 0 0 1 
5494384560146;0.876277;0.0846052;0.959751 0.280798 -0.00550469 1.01988 -0.280185 0.958639 0.0500707 0.821601 0.0193368 -0.0465131 0.998731 -0.667965 0 0 0 1 
5494384560147;0.0882485;0.0980872;0.991139 0.00949532 -0.132489 0.223011 -0.0061005 0.999643 0.0260058 0.0500607 0.132689 -0.0249672 0.990843 -0.595571 0 0 0 1 
5494384560148;0.565514;0.0909073;0.900175 0.292793 0.322425 0.144361 -0.257631 0.954867 -0.147834 1.75672 -0.351158 0.0500094 0.93498 1.48243 0 0 0 1 
5494384560149;0.651367;0.0924461;0.994406 -0.0963117 0.0433619 -0.491555 0.0923618 0.992059 0.0853681 -0.405727 -0.0512396 -0.0808855 0.995405 0.789849 0 0 0 1 
5494384560150;0.389377;0.230443;0.964089 -0.197351 0.177722 -0.388822 0.200474 0.979699 0.000391683 -0.840254 -0.174191 0.035251 0.984081 0.818783 0 0 0 1 
5494384560151;0.428451;0.137113;0.948531 -0.314272 -0.0390254 -0.0233635 0.316227 0.946568 0.0633268 -1.38143 0.0170383 -0.0724083 0.99723 -0.439886 0 0 0 1 
5494384560152;0.492131;0.126162;0.938658 -0.344833 -0.00343552 -0.0391 0.334958 0.909318 0.24687 -2.16899 -0.0820049 -0.232877 0.969043 0.180247 0 0 0 1 
5494384560153;0.585822;0.0920166;0.999428 0.0185656 -0.02827 0.0308545 -0.0227241 0.987697 -0.154717 0.543259 0.0250497 0.155271 0.987554 -0.677745 0 0 0 1 
5494384560155;0.510199;0.209693;0.997318 -0.0720985 0.0126133 0.0580251 0.0702758 0.991407 0.11033 -0.202726 -0.0204596 -0.109148 0.993815 0.437952 0 0 0 1 
5494384560156;0.606536;0.22951;0.999871 0.0154447 -0.00443273 0.203587 -0.0151372 0.997925 0.0625835 -0.306567 0.00539012 -0.0625083 0.99803 -0.681389 0 0 0 1 
5494384560157;0.698949;0.172068;0.964253 -0.264088 -0.0217673 0.444549 0.264837 0.963196 0.0459803 -0.681686 0.00882338 -0.0501014 0.998705 0.443944 0 0 0 1 
5494384560158;0.932434;0.338086;0.974044 0.0183794 0.225613 0.0404099 0.00581547 0.994337 -0.10611 -0.0603983 -0.226285 0.104668 0.968421 1.30494 0 0 0 1 
5494384560159;0.588127;0.311783;0.955231 0.186463 0.229705 0.470082 -0.180318 0.982453 -0.0476509 -0.113058 -0.23456 0.0040975 0.972093 0.706226 0 0 0 1 
5494384560160;0.813406;0.30524;0.951558 0.134925 -0.276282 1.16681 -0.0858734 0.979438 0.182557 -0.154235 0.295233 -0.149988 0.943579 -0.928159 0 0 0 1 
5494384560161;0.869163;0.288267;0.998414 0.0452823 -0.0334585 0.386061 -0.0421371 0.995106 0.0893788 -1.14228 0.037342 -0.0878272 0.995436 -0.134548 0 0 0 1 
5494384560162;0.520155;0.216453;0.992758 -0.0624569 -0.102617 0.0969924 0.0851868 0.968308 0.23478 -0.279321 0.0847009 -0.241822 0.966617 0.192664 0 0 0 1 
5494384560163;0.884248;0.515383;0.928441 0.371181 -0.0149095 1.1452 -0.370785 0.928411 0.0239064 0.299563 0.0227157 -0.0166674 0.999603 0.0243804 0 0 0 1 
5494384560164;0.069281;0.197357;0.998958 -0.0263458 -0.0372764 0.125712 0.0279773 0.998642 0.0439445 -0.286465 0.036068 -0.0449416 0.998338 -0.0943259 0 0 0 1 
5494384560165;0.359877;0.313384;0.913225 0.371436 0.167498 0.149679 -0.37856 0.925504 0.0116137 0.227283 -0.150707 -0.074014 0.985804 0.240002 0 0 0 1 
5494384560166;0.617506;0.433776;0.950351 0.016521 -0.31074 0.761471 0.0164801 0.994516 0.103277 -0.439931 0.310742 -0.103271 0.944867 -0.103685 0 0 0 1 
5494384560167;0.359577;0.231194;0.952851 -0.183512 0.241659 -0.0307767 0.231963 0.953947 -0.190205 -0.428215 -0.195625 0.237293 0.951537 0.222518 0 0 0 1 
5494384560168;0.367236;0.316003;0.947915 0.242602 0.206401 0.242944 -0.26925 0.956501 0.112294 -0.156548 -0.17018 -0.162018 0.972002 0.184764 0 0 0 1 
5494384560169;0.299703;0.237186;0.994921 0.0756652 -0.0663802 0.264255 -0.0625979 0.981558 0.180624 -0.426969 0.078823 -0.175551 0.98131 -0.0905485 0 0 0 1 
5494384560170;0.388752;0.295545;0.999931 -0.00224355 -0.0115202 0.410354 0.00303932 0.997575 0.0695303 -0.102187 0.0113362 -0.0695606 0.997513 -0.143473 0 0 0 1 
5494384560171;0.436725;0.196408;0.999699 -0.00886297 0.0228667 0.335453 0.00377605 0.976922 0.213564 -0.370342 -0.0242318 -0.213414 0.976661 -0.39395 0 0 0 1 
5494384560172;0.743415;0.196725;0.985027 0.172244 -0.00738614 0.885723 -0.172062 0.98487 0.0206219 0.216759 0.0108264 -0.0190422 0.99976 0.104228 0 0 0 1 
5494384560173;0.766137;0.293339;0.993775 0.109655 0.0196628 0.472277 -0.107558 0.898419 0.425763 -0.0794146 0.0290217 -0.425228 0.904621 -0.716936 0 0 0 1 
5494384560174;0.152675;0.178659;0.994002 -0.0805644 -0.0739588 0.000662272 0.087229 0.991949 0.0918081 -0.329674 0.0659669 -0.0977087 0.993026 -0.163042 0 0 0 1 
5494384560175;0.731473;0.320729;0.995505 0.0405189 -0.0855995 0.454858 -0.0550812 0.982975 -0.175289 0.172888 0.0770397 0.179216 0.980789 -0.748943 0 0 0 1 
5494384560176;0.458408;0.351424;0.909611 0.0896008 0.405684 -0.0484522 -0.201261 0.949275 0.241602 0.077729 -0.363458 -0.301412 0.881504 0.332112 0 0 0 1 
5494384560177;0.329052;0.381127;0.970562 -0.0395216 -0.237587 0.316862 0.0302108 0.998631 -0.0427042 -0.304532 0.238949 0.0342694 0.970427 -0.172913 0 0 0 1 
5494384560178;0.128329;0.303313;0.993004 0.0314623 -0.113813 0.188543 -0.0125712 0.98654 0.163035 -0.415288 0.117411 -0.160464 0.980034 -0.277678 0 0 0 1 
5494384560179;0.884119;0.181971;0.94672 -0.216625 0.238318 -0.232074 0.213069 0.97618 0.0409063 -0.847644 -0.241502 0.0120514 0.970325 -0.440858 0 0 0 1 
5494384560180;0.395688;0.239823;0.998927 -0.0335219 -0.03197 -0.0608829 0.0354402 0.99748 0.0614553 -0.0541179 0.0298294 -0.0625223 0.997598 -0.34116 0 0 0 1 
5494384560181;0.929561;0.267823;0.971991 -0.233444 -0.0271438 -0.519091 0.233933 0.972113 0.0164653 -0.862181 0.0225431 -0.0223539 0.999496 -0.742071 0 0 0 1 
5494384560182;0.699324;0.214582;0.945807 -0.256831 0.198711 -0.308711 0.291573 0.941046 -0.171515 -0.790574 -0.142945 0.220159 0.964934 -0.269392 0 0 0 1 
5494384560183;0.638253;0.397334;0.914159 -0.153262 0.375264 -0.352607 0.116845 0.986104 0.118096 -0.77769 -0.388149 -0.0641112 0.919364 1.04391 0 0 0 1 
5494384560184;0.208766;0.522099;0.983937 0.177386 -0.0200335 0.28154 -0.176724 0.983771 0.0310388 -0.270057 0.0252142 -0.0269998 0.999317 -0.150703 0 0 0 1 
5494384560186;0.36111;0.0305163;0.999495 -0.0315582 -0.00369551 0.0286349 0.0314588 0.999207 -0.0244185 0.14472 0.00446318 0.0242899 0.999695 0.37334 0 0 0 1 
5494384560187;0.496451;0.0454304;0.956074 0.262271 -0.130906 0.916282 -0.210252 0.924763 0.317188 0.288084 0.204246 -0.275732 0.939285 -0.825928 0 0 0 1 
5494384560188;0.447898;0.0342084;0.938766 -0.336553 0.0738201 -0.265348 0.311711 0.920851 0.234243 -1.72249 -0.146813 -0.196889 0.969371 0.405091 0 0 0 1 
5494384560189;0.616026;0.0600534;0.949767 -0.216748 -0.225751 0.613838 0.215481 0.97603 -0.0305468 -0.311406 0.226961 -0.0196327 0.973706 -0.513733 0 0 0 1 
5494384560190;0.219844;0.0448344;0.979603 -0.168618 -0.109301 0.0784339 0.175891 0.982539 0.060651 -0.781629 0.0971655 -0.0786389 0.992157 -0.399294 0 0 0 1 
5494384560191;0.269957;0.0702213;0.977071 0.209976 0.0352419 0.27765 -0.210727 0.977359 0.0190903 0.794602 -0.0304354 -0.026079 0.999196 0.14251 0 0 0 1 
5494384560192;0.563983;0.0532402;0.993641 0.10757 -0.0332453 -0.0953696 -0.0847758 0.909123 0.407809 -0.0443798 0.0740921 -0.402397 0.912462 0.119946 0 0 0 1 
5494384560193;0.714742;0.050018;0.978825 -0.191322 -0.0727838 0.503651 0.15733 0.930626 -0.330428 -0.485748 0.130953 0.311981 0.94102 -0.820764 0 0 0 1 
5494384560194;0.621903;0.0492974;0.987867 -0.152988 -0.0267079 -0.121123 0.153185 0.988182 0.00549126 -0.722906 0.0255521 -0.00951588 0.999628 0.624943 0 0 0 1 
5494384560195;0.355585;0.0258434;0.955349 -0.285493 0.0761723 -0.276361 0.28326 0.958254 0.0388974 -1.21191 -0.0840973 -0.015584 0.996336 0.55419 0 0 0 1 
5494384560196;0.150749;0.0398713;0.997736 0.0671042 -0.00457151 0.0688411 -0.0668923 0.997085 0.0367016 0.122024 0.00702101 -0.0363127 0.999316 0.113536 0 0 0 1 
5494384560197;0.514288;0.0364951;0.889843 -0.427312 -0.15995 0.759108 0.445158 0.889969 0.0989412 -1.89058 0.100072 -0.159245 0.982154 -0.0864966 0 0 0 1 
5494384560198;0.530599;0.0477237;0.995308 0.0147777 0.095624 -0.434476 0.0254947 0.913294 -0.406503 0.323555 -0.09334 0.407033 0.908632 0.431956 0 0 0 1 
5494384560199;0.148187;0.0706581;0.995178 0.0980448 -0.00290106 0.114176 -0.0980658 0.993894 -0.0505723 0.449565 -0.002075 0.0506129 0.998716 0.0957785 0 0 0 1 
5494384560200;0.674054;0.414191;0.997431 -0.0683945 0.0213201 -0.193116 0.0669732 0.99586 0.0614573 -0.746002 -0.0254352 -0.0598715 0.997882 -0.152384 0 0 0 1 
5494384560201;0.851959;0.036671;0.960577 -0.184102 0.208323 -0.179956 0.120352 0.950838 0.285347 -0.986849 -0.250615 -0.249026 0.93551 0.161705 0 0 0 1 
5494384560202;0.0584502;0.0394414;0.999297 -0.0129683 -0.0351622 0.0756173 0.0139044 0.999552 0.0265118 -0.102934 0.0348026 -0.0269821 0.99903 -0.147201 0 0 0 1 
5494384560203;0.443983;0.0275289;0.995397 -0.0466063 0.0837452 -0.21188 0.0776407 0.904428 -0.419502 0.594907 -0.05619 0.424073 0.903883 0.338973 0 0 0 1 
5494384560204;0.212563;0.0407957;0.999582 0.0224079 0.018278 -0.0357894 -0.0224789 0.999741 0.00368766 0.0526577 -0.0181906 -0.00409699 0.999826 -0.124926 0 0 0 1 
5494384560205;0.664348;0.038753;0.879973 -0.285035 0.380004 -0.194309 0.229997 0.955604 0.184179 -1.05821 -0.415631 -0.0746728 0.906463 2.49096 0 0 0 1 
5494384560206;0.578856;0.0303669;0.996283 -0.0822734 0.0255124 -0.0436335 0.0818474 0.996494 0.0173158 -0.259582 -0.0268476 -0.0151633 0.999525 0.784541 0 0 0 1 
5494384560207;0.371227;0.0334171;0.982422 -0.0324446 0.183834 -0.500187 -0.0266247 0.950359 0.310013 -0.545493 -0.184766 -0.309458 0.93279 0.881722 0 0 0 1 
5494384560208;0.803964;0.0377577;0.996434 0.0430175 0.072593 -0.0316887 -0.0456886 0.998323 0.035545 0.256425 -0.0709422 -0.0387349 0.996728 1.23108 0 0 0 1 
5494384560209;0.402561;0.0596694;0.894509 -0.412922 -0.171313 0.467648 0.378689 0.903541 -0.200517 -1.23354 0.237586 0.11449 0.964596 -0.737375 0 0 0 1 
5494384560210;0.831689;0.0403929;0.984921 0.150724 0.0849331 -0.176859 -0.125465 0.96029 -0.249201 1.63153 -0.119121 0.234787 0.96472 0.119335 0 0 0 1 
5494384560211;0.793568;0.0381655;0.993886 -0.041661 -0.102246 0.984732 0.040236 0.999063 -0.015961 0.168528 0.102816 0.0117494 0.994631 -0.677899 0 0 0 1 
5494384560212;0.459124;0.0413397;0.999944 -0.0101768 0.00280148 0.228679 0.0100927 0.999542 0.0285349 0.0429742 -0.00309059 -0.028505 0.999589 0.464785 0 0 0 1 
5494384560213;0.436091;0.422229;0.998739 -0.0138737 0.0482389 -0.204113 0.0170729 0.997637 -0.0665536 0.0846244 -0.0472016 0.0672933 0.996616 0.480842 0 0 0 1 
5494384560214;0.701608;0.0322733;0.999952 -0.00980928 0.000233383 0.0301065 0.00980459 0.999836 0.0152121 0.656178 -0.000382565 -0.0152091 0.999884 -0.31076 0 0 0 1 
5494384560215;0.568246;0.0381321;0.953534 0.0666126 -0.293828 1.25987 0.0217952 0.957446 0.287789 -0.605908 0.300495 -0.28082 0.911506 -1.06259 0 0 0 1 
5494384560217;0.781012;0.0767112;0.989068 0.147371 -0.00522429 0.7404 -0.14746 0.988652 -0.028695 0.620042 0.000936208 0.0291516 0.999575 0.317416 0 0 0 1 
5494384560218;0.673342;0.0690382;0.861356 -0.138381 -0.488791 1.98034 0.182152 0.982335 0.042884 -1.23719 0.474222 -0.125972 0.871346 -1.95255 0 0 0 1 
5494384560219;0.333437;0.141119;0.950178 -0.289339 -0.115948 0.480031 0.28937 0.957067 -0.0169384 -1.64101 0.115871 -0.0174573 0.993111 -0.583713 0 0 0 1 
5494384560220;0.675306;0.0794061;0.951115 -0.180934 -0.250285 0.7512 0.150714 0.979288 -0.135207 -0.517535 0.269565 0.0908754 0.958685 -0.791914 0 0 0 1 
5494384560221;0.374554;0.0991631;0.920097 0.38952 0.041175 0.624514 -0.373322 0.903904 -0.208779 2.71062 -0.118542 0.176725 0.977096 0.916198 0 0 0 1 
5494384560222;1.07278;0.105906;0.964493 0.097024 -0.24564 0.197637 -0.149903 0.966854 -0.206696 2.08634 0.217443 0.236179 0.947068 -0.65913 0 0 0 1 
5494384560223;0.406435;0.0906208;0.929111 0.36919 0.0212778 0.401707 -0.366444 0.926885 -0.0812561 2.23635 -0.049721 0.0676988 0.996466 0.552605 0 0 0 1 
5494384560224;0.20751;0.0905859;0.983823 -0.10028 0.148447 -0.387055 0.101148 0.99487 0.00170377 -0.569961 -0.147857 0.013339 0.988919 0.927972 0 0 0 1 
5494384560225;0.828158;0.0997588;0.994352 0.0111682 -0.105542 0.233456 -0.00356291 0.9974 0.0719751 0.0340446 0.106071 -0.0711925 0.991807 0.184038 0 0 0 1 
5494384560226;0.429538;0.0565071;0.879883 0.0760053 -0.469073 1.80533 -0.00590538 0.988798 0.149141 -0.0244042 0.475154 -0.128456 0.870476 -2.65025 0 0 0 1 
5494384560227;0.623994;0.117191;0.955296 -0.278129 0.100265 -0.269908 0.257952 0.949805 0.177006 -1.53482 -0.144463 -0.14323 0.979089 0.612708 0 0 0 1 
5494384560228;0.349478;0.157231;0.985817 -0.0532206 -0.159164 0.469401 0.0926764 0.963304 0.251906 -0.874282 0.139917 -0.263084 0.954573 -0.802392 0 0 0 1 
5494384560229;0.390705;0.0846352;0.997002 0.0685338 -0.0359267 0.0400932 -0.0692077 0.997442 -0.0178598 0.74372 0.0346109 0.0202927 0.999195 0.0870506 0 0 0 1 
5494384560230;0.944473;0.0986216;0.98984 0.0541757 0.131462 -0.974505 -0.0509766 0.998319 -0.027582 0.5207 -0.132735 0.0206003 0.990937 0.316867 0 0 0 1 
5494384560231;0.749473;0.21356;0.95046 -0.159498 0.266806 -0.696619 0.149386 0.987081 0.0579158 -0.822101 -0.272597 -0.0151896 0.962008 1.27245 0 0 0 1 
5494384560232;0.1939;0.0841399;0.996086 -0.0721094 0.051126 -0.140421 0.0607669 0.978643 0.196383 -0.791459 -0.0641952 -0.192507 0.979193 0.29076 0 0 0 1 
5494384560233;0.634182;0.0947382;0.935808 0.234098 0.263556 -0.224989 -0.297665 0.925279 0.235063 1.22453 -0.188835 -0.298425 0.935566 0.693307 0 0 0 1 
5494384560234;0.39885;0.0926964;0.922048 -0.32126 -0.215918 0.894722 0.334005 0.942257 0.0243585 -2.03426 0.195624 -0.0945772 0.976108 -1.23612 0 0 0 1 
5494384560235;0.0516956;0.107736;0.998118 0.0604833 -0.0101412 0.104573 -0.0607389 0.997785 -0.0271402 0.501858 0.00847723 0.027705 0.99958 -0.0176447 0 0 0 1 
5494384560236;0.391323;0.195636;0.997765 -0.0405888 -0.0530825 0.292912 0.0406341 0.999174 -0.000225541 0.15674 0.0530478 -0.00193192 0.99859 -0.273695 0 0 0 1 
5494384560237;1.02921;0.0835545;0.998023 0.0218629 0.0589214 0.478262 -0.011004 0.983847 -0.178671 0.889495 -0.0618759 0.17767 0.982143 1.20132 0 0 0 1 
5494384560238;0.757061;0.0839614;0.962167 0.261105 -0.0778346 0.701519 -0.257517 0.964808 0.0532124 1.81629 0.0889894 -0.0311555 0.995545 -1.03169 0 0 0 1 
5494384560239;0.288361;0.103119;0.920354 0.272282 0.280733 -0.0765258 -0.248003 0.961375 -0.119384 1.77689 -0.302396 0.0402535 0.952332 1.95295 0 0 0 1 
5494384560240;0.0978136;0.061948;0.989548 0.0687886 -0.126741 0.420371 -0.0607389 0.995948 0.0663223 0.240177 0.13079 -0.057931 0.989716 -0.772496 0 0 0 1 
5494384560241;0.673589;0.112511;0.947522 0.299171 -0.112692 0.567001 -0.316777 0.926109 -0.204876 2.90375 0.0430717 0.229822 0.972279 0.0246987 0 0 0 1 
5494384560242;1.04802;0.107445;0.981446 0.110142 0.156946 -0.475915 -0.0854555 0.984024 -0.156185 1.47683 -0.171642 0.139876 0.975179 1.91023 0 0 0 1 
5494384560243;0.111566;0.0857064;0.999206 -0.0265967 -0.0296727 0.0758875 0.0260467 0.999484 -0.0187707 0.019311 0.0301566 0.0179829 0.999383 -0.224127 0 0 0 1 
5494384560244;1.00468;0.165944;0.994443 -0.105241 -0.00274772 0.418362 0.105276 0.994099 0.0261694 -0.506106 -2.25767e-05 -0.0263132 0.999654 -0.80628 0 0 0 1 
5494384560245;0.648612;0.0857041;0.997216 -0.0638601 0.0385106 -0.118046 0.0666758 0.994806 -0.0769056 0.114474 -0.0333994 0.0792592 0.996294 0.757316 0 0 0 1 
5494384560246;0.310363;0.121385;0.999125 0.0048831 0.0415264 0.0691695 -0.0106376 0.990164 0.139507 -0.118249 -0.0404368 -0.139827 0.98935 0.487789 0 0 0 1 
5494384560248;0.548689;0.0577118;0.963561 -0.267232 0.0117407 0.253805 0.265482 0.960775 0.0801985 -2.93901 -0.0327117 -0.0741592 0.99671 1.07008 0 0 0 1 
5494384560249;0.350307;0.0354973;0.96805 0.222004 0.116594 -0.279104 -0.202579 0.966409 -0.158162 2.75363 -0.147791 0.129489 0.980505 1.20076 0 0 0 1 
5494384560250;0.482059;0.0209604;0.992846 0.0265918 0.116404 0.337582 -0.0182724 0.99724 -0.0719623 -0.103775 -0.117996 0.0693205 0.990592 1.17846 0 0 0 1 
5494384560251;0.346948;0.0226002;0.951715 0.221914 0.212117 -0.403386 -0.240786 0.968236 0.0673864 2.15347 -0.190425 -0.115207 0.974918 2.39998 0 0 0 1 
5494384560252;0.590914;0.0277581;0.91507 -0.246289 -0.319357 2.00293 0.190465 0.961912 -0.196081 -2.04256 0.355486 0.118601 0.927127 -3.50664 0 0 0 1 
5494384560253;0.449485;0.0356475;0.929046 -0.0119387 -0.369771 1.74317 -0.0346428 0.99228 -0.119077 1.10641 0.368338 0.123438 0.921461 -3.61051 0 0 0 1 
5494384560254;0.682288;0.0466446;0.943761 -0.328958 0.0332 1.36112 0.32066 0.935151 0.150564 -3.81696 -0.0805761 -0.13145 0.988043 1.74538 0 0 0 1 
5494384560255;0.468787;0.0456446;0.998477 -0.023356 0.0499832 -0.472493 0.0291986 0.992398 -0.119553 0.10676 -0.046811 0.12083 0.991569 -0.382685 0 0 0 1 
5494384560256;0.445109;0.0304471;0.923528 0.345802 0.165881 -0.438972 -0.364799 0.925527 0.101599 3.29471 -0.118394 -0.154343 0.980898 0.91553 0 0 0 1 
5494384560257;0.358958;0.059549;0.976341 -0.0993998 0.192038 -0.468944 0.069892 0.985478 0.154751 -1.16428 -0.204631 -0.137667 0.96911 2.56668 0 0 0 1 
5494384560258;0.299214;0.0564047;0.941347 -0.3201 0.106776 0.615175 0.334913 0.924936 -0.179794 -2.65139 -0.0412093 0.20501 0.977892 0.0434014 0 0 0 1 
5494384560259;0.232186;0.0456408;0.987794 -0.155321 -0.0117587 0.355016 0.155716 0.982766 0.0996203 -1.93753 -0.00391699 -0.100235 0.994956 -0.0963215 0 0 0 1 
5494384560260;0.561418;0.0320918;0.961828 0.25743 0.0928301 -0.402717 -0.264438 0.961621 0.0731945 2.36622 -0.0704249 -0.0949484 0.992988 1.62063 0 0 0 1 
5494384560261;0.428236;0.0185051;0.87551 0.24275 0.417797 -0.396914 -0.211554 0.969942 -0.12024 2.42163 -0.434427 0.0168843 0.900549 4.53881 0 0 0 1 
