#;prob_registration_l1 -r /home/probabilistic_point_clouds_registration/build/tester /home/point_clouds_registration_benchmark//devel/registration_pairs/urban05_local.txt /home/point_clouds_registration_benchmark//kaist/urban05 -s 0.2 -t 0.2 -p 0.3 -r 1000 -m 15 -i 40 
id;initial_error;final_error;transformation
34562489690000;0.13992;0.421207;0.999935 0.000181232 0.0114004 -1415.96 -0.000171316 1 -0.000870757 126.178 -0.0114006 0.000868747 0.999935 1017.48 0 0 0 1 
34562489690001;0.182436;0.41044;1 1.75146e-06 -0.000284781 -16.679 -1.74441e-06 1 2.47271e-05 2.83825 0.000284781 -2.47266e-05 1 -1.99547 0 0 0 1 
34562489690002;0.400034;0.702331;0.999341 -4.96641e-05 -0.0362891 865.652 0.000159187 0.999995 0.00301519 -78.5602 0.0362888 -0.00301898 0.999337 -1199.76 0 0 0 1 
34562489690003;0.381518;1.01079;0.990533 0.000877165 -0.137273 -390.132 0.00076112 0.999929 0.0118815 26.7838 0.137274 -0.0118735 0.990462 -891.098 0 0 0 1 
34562489690004;0.467995;0.960488;1 -2.28325e-07 6.2127e-07 -1.77726 2.28325e-07 1 4.81665e-08 4.07459 -6.2127e-07 -4.81663e-08 1 -0.278171 0 0 0 1 
34562489690005;0.423309;0.860038;1 -2.21402e-07 1.00914e-06 -1.79394 2.21402e-07 1 6.75494e-08 3.11609 -1.00914e-06 -6.75491e-08 1 -0.47625 0 0 0 1 
34562489690006;0.190415;0.436266;0.997428 -5.9502e-05 0.0716794 2273.67 0.000523937 0.999979 -0.00646055 -201.326 -0.0716775 0.00648149 0.997407 -1800.69 0 0 0 1 
34562489690007;0.167146;1.01972;0.99952 6.17082e-05 0.0309959 -163.553 1.44844e-05 0.999997 -0.00245792 22.695 -0.0309959 0.00245719 0.999516 2001.73 0 0 0 1 
34562489690008;0.102809;0.104029;1 -1.74256e-08 1.13909e-07 -0.136276 1.74256e-08 1 6.75496e-09 -0.477708 -1.13909e-07 -6.75496e-09 1 -0.0471677 0 0 0 1 
34562489690009;0.0509686;0.108178;1 -1.0996e-06 8.66203e-05 8.47335 1.10024e-06 1 -7.34152e-06 -1.8156 -8.66203e-05 7.34162e-06 1 1.82733 0 0 0 1 
34562489690010;0.0869115;0.375528;0.999981 9.60162e-05 -0.00609999 -759.795 -9.25851e-05 1 0.000562762 69.4354 0.00610004 -0.000562186 0.999981 238.196 0 0 0 1 
34562489690011;0.0782188;0.355125;0.999261 0.000170271 -0.0384454 -846.507 -4.04067e-05 0.999994 0.00337864 76.3072 0.0384458 -0.00337459 0.999255 145.994 0 0 0 1 
34562489690012;0.0495854;0.978662;0.999942 7.59597e-06 0.0108018 -21.768 2.5796e-06 1 -0.000942012 -6.6195 -0.0108018 0.000941985 0.999941 8.25814 0 0 0 1 
34562489690013;0.0622498;0.688373;1 1.00353e-05 4.25321e-05 -80.2052 -1.00353e-05 1 -1.76488e-07 13.0972 -4.25321e-05 1.76061e-07 1 28.6947 0 0 0 1 
34562489690014;0.30978;1.16907;1 -2.5317e-07 -3.38208e-07 -1.23439 2.5317e-07 1 4.78101e-08 8.18477 3.38208e-07 -4.78102e-08 1 -0.108116 0 0 0 1 
34562489690015;0.264634;1.08603;1 -1.97755e-07 4.80943e-07 -1.95447 1.97755e-07 1 -7.14634e-10 -7.98273 -4.80943e-07 7.14729e-10 1 0.0771259 0 0 0 1 
34562489690016;0.0384264;0.123577;1 4.50311e-06 0.000161424 -36.4526 -4.50159e-06 1 -9.41913e-06 4.03154 -0.000161424 9.4184e-06 1 37.48 0 0 0 1 
34562489690017;0.317284;0.478691;1 -1.56496e-07 1.714e-07 -1.42334 1.56496e-07 1 4.31884e-08 -2.83482 -1.714e-07 -4.31884e-08 1 -0.319007 0 0 0 1 
34562489690018;0.287954;1.05898;1 8.89266e-07 0.000151298 -8.87706 -8.87448e-07 1 -1.20166e-05 9.02636 -0.000151298 1.20165e-05 1 9.17911 0 0 0 1 
34562489690019;0.362659;0.508356;0.993367 2.80408e-05 0.114987 4415.33 0.00117567 0.999945 -0.0104004 -386.728 -0.114981 0.0104666 0.993313 -3446.05 0 0 0 1 
34562489690020;0.112961;0.0550086;0.999991 -1.4591e-06 -0.00420588 18.0635 3.01669e-06 1 0.000370331 -2.29279 0.00420588 -0.00037034 0.999991 24.3917 0 0 0 1 
34562489690021;0.197833;0.964243;1 -4.94457e-08 -9.88105e-07 -0.765802 4.94457e-08 1 1.96994e-09 -8.17704 9.88105e-07 -1.96999e-09 1 -0.135445 0 0 0 1 
34562489690022;0.278308;0.676374;0.999303 5.61421e-05 0.0373406 31.0931 6.55814e-05 0.999995 -0.00325858 -7.07847 -0.0373406 0.00325875 0.999297 10.1764 0 0 0 1 
34562489690023;0.193536;0.393583;0.995586 0.000539635 -0.0938524 -1230.19 0.000235588 0.999966 0.00824875 107.587 0.0938537 -0.00823445 0.995552 328.213 0 0 0 1 
34562489690024;0.347959;0.361613;0.999969 9.3447e-07 0.00783758 11.8623 4.41441e-06 1 -0.000682448 -2.92328 -0.00783758 0.000682462 0.999969 12.6438 0 0 0 1 
34562489690025;0.302077;0.611482;0.99611 0.000345152 -0.08812 -34.4744 0.000334845 0.99997 0.00770181 4.64532 0.0881201 -0.00770136 0.99608 65.3515 0 0 0 1 
34562489690026;0.218188;0.46852;0.999595 6.74487e-05 0.0284454 -265.814 2.60203e-06 0.999997 -0.00246259 25.2282 -0.0284455 0.00246167 0.999592 174.208 0 0 0 1 
34562489690027;0.18191;0.464322;0.994956 0.000363518 -0.100315 632.202 0.000524695 0.999961 0.00882768 -51.5381 0.100315 -0.00883579 0.994917 627.726 0 0 0 1 
34562489690028;0.340963;1.33684;1 -2.6585e-07 9.36796e-07 -2.77927 2.6585e-07 1 -1.39354e-08 -9.67503 -9.36796e-07 1.39356e-08 1 0.133127 0 0 0 1 
34562489690029;0.238574;0.242428;1 3.30786e-07 0.000332317 -2.8956 -3.21303e-07 1 -2.85362e-05 -0.735733 -0.000332317 2.85361e-05 1 3.71493 0 0 0 1 
34562489690031;0.530935;0.853992;0.999876 1.7397e-05 -0.0157392 -49.4645 4.17468e-06 0.999999 0.00137054 5.32388 0.0157392 -0.00137043 0.999875 -28.242 0 0 0 1 
34562489690032;0.306555;0.497907;0.993253 0.000589101 0.115966 -16.4069 0.000588059 0.999949 -0.0101164 0.766458 -0.115966 0.0101164 0.993202 59.452 0 0 0 1 
34562489690033;0.46032;0.566049;0.999928 6.04256e-06 -0.0119792 3.79743 6.47899e-06 0.999999 0.00104524 0.0591421 0.0119792 -0.00104524 0.999928 -4.42599 0 0 0 1 
34562489690034;0.385219;0.662856;0.99968 3.34409e-05 -0.0252959 -39.1942 2.23305e-05 0.999998 0.00220447 4.27369 0.0252959 -0.00220433 0.999678 -32.4566 0 0 0 1 
34562489690035;0.341621;0.327716;0.987345 0.00110836 0.158581 -50.9293 0.00110088 0.999904 -0.0138428 4.25735 -0.158581 0.0138422 0.987249 16.4976 0 0 0 1 
34562489690036;0.158469;0.189619;0.993984 0.000528082 -0.109528 -7.23464 0.000521726 0.999954 0.00955596 0.103119 0.109528 -0.00955561 0.993938 -47.7254 0 0 0 1 
34562489690037;0.364175;0.369681;0.998382 0.000142291 -0.0568603 0.330191 0.000140124 0.999988 0.00496281 -0.720325 0.0568603 -0.00496275 0.99837 -9.68432 0 0 0 1 
34562489690038;0.437441;1.40278;0.991433 0.000763212 0.130611 -138.582 0.000732092 0.999935 -0.0114001 15.1233 -0.130612 0.0113981 0.991368 35.1102 0 0 0 1 
34562489690039;0.392147;0.660585;0.997438 0.00022228 0.0715338 1.67889 0.000224949 0.99998 -0.00624388 -1.62921 -0.0715338 0.00624398 0.997419 7.12446 0 0 0 1 
34562489690040;0.283513;0.426973;0.999072 8.47689e-05 -0.0430709 -23.1088 7.7127e-05 0.999993 0.00375715 2.25649 0.0430709 -0.00375698 0.999065 -25.2696 0 0 0 1 
34562489690041;0.287266;0.639178;0.995259 0.00042402 -0.0972637 -66.4102 0.000403702 0.999964 0.00849024 6.78401 0.0972638 -0.00848925 0.995222 -14.1712 0 0 0 1 
34562489690042;0.329992;1.20479;0.994132 0.000526111 0.108171 -124.121 0.000498102 0.999955 -0.00944126 12.9494 -0.108171 0.00943974 0.994088 28.8023 0 0 0 1 
34562489690043;0.516204;0.807656;0.999153 8.19811e-05 -0.0411519 -57.6928 6.56991e-05 0.999994 0.0035873 5.36273 0.0411519 -0.00358696 0.999146 -44.389 0 0 0 1 
34562489690044;0.236329;0.179458;0.999756 2.05526e-05 -0.0220991 9.38261 2.20645e-05 0.999998 0.00192821 -0.584444 0.0220991 -0.00192823 0.999754 -8.35019 0 0 0 1 
34562489690045;0.316589;0.472948;0.99968 -3.67412e-06 -0.0253104 258.655 6.2592e-05 0.999997 0.00232702 -23.0736 0.0253103 -0.00232786 0.999677 951.459 0 0 0 1 
34562489690046;0.376135;0.365226;0.999064 8.25744e-05 -0.0432453 -0.685274 8.07256e-05 0.999993 0.00377437 0.0404529 0.0432453 -0.00377433 0.999057 -8.10587 0 0 0 1 
34562489690047;0.485231;0.432891;0.9984 0.000141053 -0.0565525 -2.30016 0.00013827 0.999988 0.00493524 0.0690872 0.0565525 -0.00493516 0.998387 -15.3294 0 0 0 1 
34562489690048;0.199981;0.189866;0.99998 2.26414e-06 -0.00637445 -2.61652 1.2749e-06 1 0.000555186 0.511052 0.00637446 -0.000555182 0.99998 -10.3152 0 0 0 1 
34562489690049;0.208318;0.223482;1 -6.62234e-10 -2.07498e-07 -0.00110799 6.62234e-10 1 1.40955e-09 0.0110851 2.07498e-07 -1.40955e-09 1 -0.0196843 0 0 0 1 
34562489690050;0.378047;0.625178;0.975221 0.002177 -0.221221 -79.1272 0.00214843 0.999811 0.0193101 6.71058 0.221221 -0.0193069 0.975033 -41.6417 0 0 0 1 
34562489690051;0.381473;0.634631;0.999968 5.16556e-06 0.00796779 -19.1906 3.64906e-07 1 -0.000694102 2.4348 -0.00796779 0.000694083 0.999968 11.8493 0 0 0 1 
34562489690052;0.123011;0.552612;0.999423 5.7429e-05 -0.0339625 -50.3803 4.31969e-05 0.999996 0.00296211 4.5053 0.0339625 -0.00296187 0.999419 -24.3807 0 0 0 1 
34562489690053;0.447449;0.817826;0.99997 5.82911e-06 0.00774463 -25.6378 -6.04095e-07 1 -0.000674665 3.92372 -0.00774464 0.00067464 0.99997 11.659 0 0 0 1 
34562489690054;0.341689;0.624903;0.999348 6.4005e-05 -0.0360948 -50.8638 4.97271e-05 0.999995 0.00315002 4.14725 0.0360948 -0.00314976 0.999343 -10.4438 0 0 0 1 
34562489690055;0.435439;0.718408;0.999794 2.24149e-05 -0.0202962 -31.4957 1.34844e-05 0.999998 0.00176863 2.85669 0.0202962 -0.00176854 0.999792 -26.0311 0 0 0 1 
34562489690056;0.453077;0.287769;0.951182 0.00427135 -0.308601 -33.0626 0.00425052 0.999628 0.026937 3.73292 0.308601 -0.0269337 0.95081 -49.3245 0 0 0 1 
34562489690057;0.243925;0.158808;0.999479 4.32696e-05 0.0322831 13.6541 4.77132e-05 0.999996 -0.00281751 -2.08951 -0.0322831 0.00281758 0.999475 5.97909 0 0 0 1 
34562489690058;0.299623;0.568487;0.989196 0.000949873 0.146596 -73.0655 0.00093561 0.999918 -0.0127922 6.63592 -0.146596 0.0127912 0.989114 53.7168 0 0 0 1 
34562489690059;0.121954;0.0890781;0.999977 1.96965e-06 -0.00672244 1.23874 1.97386e-06 1 0.000586613 -0.259788 0.00672244 -0.000586613 0.999977 -2.52206 0 0 0 1 
34562489690060;0.336224;0.660368;0.998452 0.000143325 0.0556124 -72.1424 0.000126804 0.999988 -0.00485381 7.17758 -0.0556124 0.00485335 0.998441 13.1444 0 0 0 1 
34562489690062;0.450678;0.529305;0.987834 0.00105759 0.155508 15.9055 0.00106648 0.999907 -0.0135749 -3.20081 -0.155508 0.0135756 0.987741 27.8888 0 0 0 1 
34562489690063;0.504888;0.934899;0.997032 0.000158625 0.0769868 798.34 0.000334494 0.99998 -0.0063923 -71.0337 -0.0769862 0.00639908 0.997012 2602.34 0 0 0 1 
34562489690064;0.452148;0.428011;0.999999 -8.17191e-07 0.0012238 6.4423 9.48528e-07 1 -0.000107319 -1.20902 -0.0012238 0.00010732 0.999999 -3.52783 0 0 0 1 
34562489690065;0.324911;0.409164;0.998935 9.19476e-05 -0.0461339 14.4436 9.39779e-05 0.999992 0.00402794 -2.02415 0.0461339 -0.00402799 0.998927 -2.5816 0 0 0 1 
34562489690066;0.34336;0.50686;0.998144 0.00016187 0.060894 -6.86041 0.000162039 0.999986 -0.00531425 -0.205159 -0.060894 0.00531425 0.99813 23.6534 0 0 0 1 
34562489690067;0.18061;0.390604;0.999888 8.22071e-06 0.0149476 10.1714 1.12733e-05 0.999999 -0.00130407 -2.05747 -0.0149476 0.00130409 0.999887 9.25832 0 0 0 1 
34562489690068;0.143206;0.218643;0.999997 1.26338e-06 0.00238929 -8.16865 -7.65563e-07 1 -0.000208355 0.272236 -0.00238929 0.000208352 0.999997 2.27982 0 0 0 1 
34562489690069;0.265071;0.181329;0.999904 1.17764e-05 0.0138398 -29.4907 4.88106e-06 0.999999 -0.00120356 1.90932 -0.0138398 0.00120352 0.999904 39.1783 0 0 0 1 
34562489690070;0.337998;0.416417;1 1.21551e-08 -6.57866e-07 0.135962 -1.2155e-08 1 2.66935e-08 -0.50876 6.57866e-07 -2.66935e-08 1 -0.342583 0 0 0 1 
34562489690071;0.291767;0.0262172;1 6.23053e-08 2.69868e-05 -0.251419 -6.22431e-08 1 -2.30751e-06 -0.156049 -2.69868e-05 2.30751e-06 1 1.10489 0 0 0 1 
34562489690072;0.432542;0.377744;0.975852 0.00211434 0.218423 -75.9787 0.00210226 0.999816 -0.0190705 6.18495 -0.218424 0.0190692 0.975668 30.662 0 0 0 1 
34562489690073;0.333627;0.37887;0.997572 0.000217048 -0.0696398 -30.3807 0.00020674 0.999982 0.00607816 2.11266 0.0696398 -0.0060778 0.997554 -25.0387 0 0 0 1 
34562489690074;0.333091;2.0418;0.956742 0.00379108 0.290912 -150.418 0.00377355 0.999669 -0.0254377 7.75134 -0.290913 0.0254351 0.956411 -258.914 0 0 0 1 
34562489690075;0.300984;1.05385;0.967178 0.00287133 -0.254084 -7.23425 0.00285861 0.99975 0.0221793 -2.37088 0.254084 -0.0221776 0.966928 -65.9253 0 0 0 1 
34562489690076;0.255405;0.726116;0.999538 3.91948e-05 0.030409 5.08285 4.15527e-05 0.999996 -0.00265475 -2.16113 -0.0304089 0.00265478 0.999534 4.62011 0 0 0 1 
34562489690077;0.37018;0.512587;0.890372 0.00957791 -0.455134 21.5825 0.009564 0.999164 0.0397365 -3.27573 0.455134 -0.0397331 0.889536 -54.9189 0 0 0 1 
34562489690078;0.123389;0.221971;0.998878 9.78647e-05 -0.0473606 7.66469 9.80519e-05 0.999991 0.00413436 -1.37195 0.0473606 -0.00413436 0.998869 -8.87095 0 0 0 1 
34562489690079;0.437756;1.00885;0.998553 0.000136285 -0.0537815 -70.7954 0.000116438 0.999989 0.00469592 4.06448 0.0537815 -0.00469539 0.998542 -5.98176 0 0 0 1 
34562489690080;0.248888;0.501715;0.999465 4.88601e-05 -0.0326977 -12.6936 4.45116e-05 0.999996 0.00285487 0.148324 0.0326977 -0.0028548 0.999461 -2.29746 0 0 0 1 
34562489690081;0.238106;0.388926;0.999795 1.66058e-05 0.0202397 7.25198 1.91418e-05 0.999998 -0.00176602 -1.45182 -0.0202397 0.00176605 0.999794 9.91228 0 0 0 1 
34562489690082;0.176775;0.165921;0.998516 0.000132877 0.0544566 -33.8356 0.000126196 0.999989 -0.00475394 2.81012 -0.0544566 0.00475376 0.998505 10.868 0 0 0 1 
34562489690083;0.334152;1.6171;0.999993 7.32307e-06 0.00367495 -55.4454 -6.16019e-06 1 -0.000316445 -0.31977 -0.00367495 0.00031642 0.999993 36.7192 0 0 0 1 
34562489690084;0.376441;0.203962;0.999208 7.12823e-05 -0.0397933 -11.1577 6.70234e-05 0.999994 0.00347426 1.26728 0.0397933 -0.00347417 0.999202 -4.19264 0 0 0 1 
34562489690085;0.162081;0.234173;0.998489 0.00013279 -0.0549499 0.997763 0.00013105 0.999988 0.00479783 -0.324208 0.0549499 -0.00479778 0.998478 -3.17517 0 0 0 1 
34562489690086;0.435379;0.440007;1 6.42064e-10 0.000366134 0.0433516 1.10585e-08 1 -3.19571e-05 -0.47439 -0.000366134 3.19571e-05 1 0.821672 0 0 0 1 
34562489690087;0.326485;0.282304;1 5.67902e-08 8.44387e-05 -0.610716 -5.61742e-08 1 -7.29454e-06 -0.453367 -8.44387e-05 7.29454e-06 1 0.714595 0 0 0 1 
34562489690088;0.343468;0.385334;1 -2.0997e-07 -0.000517815 1.86142 2.32891e-07 1 4.4265e-05 -0.514798 0.000517815 -4.42651e-05 1 -7.4251 0 0 0 1 
34562489690089;0.181879;0.251696;0.999895 9.68833e-06 -0.0144602 -2.35322 8.57235e-06 0.999999 0.00126276 -0.167493 0.0144602 -0.00126275 0.999895 0.971672 0 0 0 1 
34562489690090;0.274172;0.69409;0.975552 0.00214024 -0.219759 -12.9907 0.00212841 0.999814 0.0191857 -0.326829 0.219759 -0.0191843 0.975366 -35.2321 0 0 0 1 
34562489690091;0.516972;0.88307;1 5.76209e-06 0.000360225 -45.0694 -5.75001e-06 1 -3.35326e-05 1.87857 -0.000360226 3.35305e-05 1 -17.5059 0 0 0 1 
34562489690093;0.4248;0.603198;0.999939 3.44649e-06 0.0110263 12.4555 7.13944e-06 1 -0.000960026 1.5837 -0.0110263 0.000960046 0.999939 22.7711 0 0 0 1 
34562489690094;0.0934313;0.122194;0.998967 0.00075898 0.0454277 -5387.64 -0.000581801 0.999992 -0.00391332 473.323 -0.0454303 0.00388285 0.99896 672.119 0 0 0 1 
34562489690095;0.144672;0.244179;1 2.7824e-06 0.000354312 -23.0372 -2.77208e-06 1 -2.91212e-05 4.01813 -0.000354312 2.91202e-05 1 15.0372 0 0 0 1 
34562489690096;0.228702;0.350147;0.998621 -0.000241758 -0.0525068 2920.36 0.00049435 0.999988 0.00479771 -253.484 0.052505 -0.00481705 0.998609 1872.76 0 0 0 1 
34562489690097;0.121961;0.313419;0.998293 -5.45631e-05 0.0583991 1626.95 0.000358574 0.999986 -0.00519529 -143.992 -0.058398 0.00520736 0.99828 -874.173 0 0 0 1 
34562489690098;0.286027;0.529022;0.999291 5.18712e-05 0.0376464 72.9764 7.1961e-05 0.999995 -0.00328799 -3.73836 -0.0376464 0.00328836 0.999286 -11.4423 0 0 0 1 
34562489690099;0.0245713;0.0387583;0.999925 -0.000296641 0.0122292 2437.14 0.000309698 0.999999 -0.00106575 -212.489 -0.0122289 0.00106945 0.999925 -14.3791 0 0 0 1 
34562489690100;0.214406;0.47323;0.991103 0.00121105 -0.133091 -3476.07 0.000302911 0.999935 0.0113546 308.413 0.133096 -0.0112939 0.991039 -2627.89 0 0 0 1 
34562489690101;0.290539;0.420758;0.999845 6.88157e-06 0.0176245 49.2573 2.02083e-05 0.999999 -0.00153688 -4.34393 -0.0176245 0.00153699 0.999843 14.1037 0 0 0 1 
34562489690102;0.160438;0.213084;0.99745 0.000249916 -0.0713663 -210.001 0.000190698 0.999981 0.00616709 17.2799 0.0713665 -0.00616498 0.997431 -531.496 0 0 0 1 
34562489690103;0.385248;0.47317;0.99895 7.78076e-05 0.0458148 104.138 0.000109644 0.999992 -0.00408899 -10.6293 -0.0458147 0.00408972 0.998942 -721.086 0 0 0 1 
34562489690104;0.150227;0.32679;0.999019 7.39983e-05 0.044292 86.1877 0.000100297 0.999992 -0.00393291 -9.40998 -0.0442919 0.00393349 0.999011 -534.445 0 0 0 1 
34562489690105;0.212702;0.325123;0.999406 4.81071e-05 0.0344666 24.1613 5.55578e-05 0.999995 -0.00300672 -4.02796 -0.0344666 0.00300685 0.999401 18.3123 0 0 0 1 
34562489690106;0.369761;0.584971;0.997175 0.000175256 0.0751149 561.065 0.00031883 0.999978 -0.00656569 -46.9544 -0.0751144 0.00657109 0.997153 -103.801 0 0 0 1 
34562489690107;0.232667;0.23427;0.999982 2.85885e-07 0.00600335 8.23044 2.85526e-06 1 -0.000523223 0.72632 -0.00600335 0.000523231 0.999982 6.82339 0 0 0 1 
34562489690108;0.240619;0.268261;1 -7.47323e-09 -7.781e-08 0.0033946 7.47323e-09 1 1.74288e-08 0.379509 7.781e-08 -1.74288e-08 1 -0.103061 0 0 0 1 
34562489690109;0.185949;0.187225;1 -2.12011e-08 -1.64089e-06 0.079014 2.12013e-08 1 1.08664e-07 0.0399135 1.64089e-06 -1.08664e-07 1 -0.178117 0 0 0 1 
34562489690110;0.265953;0.371228;0.995364 -0.0010208 -0.0961791 11482.7 0.00187135 0.99996 0.00875362 -991.5 0.0961663 -0.00889302 0.995326 3997.58 0 0 0 1 
34562489690111;0.165425;0.345188;0.99981 2.11633e-05 0.0194853 -40.2749 1.18941e-05 0.999999 -0.00169642 6.69553 -0.0194853 0.00169633 0.999809 39.2247 0 0 0 1 
34562489690112;0.350609;0.452272;0.964108 0.00526883 0.265458 -17218.2 0.00109331 0.999716 -0.0238132 1526.08 -0.265508 0.0232487 0.963828 -537.57 0 0 0 1 
34562489690113;0.399049;0.440821;1 -3.31747e-08 1.39621e-07 -0.216755 3.31747e-08 1 5.54346e-09 0.488665 -1.39621e-07 -5.54346e-09 1 -0.038492 0 0 0 1 
34562489690114;0.0997142;0.250036;1 6.39777e-06 -0.000779626 -50.8084 -6.34369e-06 1 6.93683e-05 6.45342 0.000779627 -6.93634e-05 1 10.0783 0 0 0 1 
34562489690115;0.280795;0.320108;1 -8.72184e-08 -1.3043e-06 0.184526 8.72185e-08 1 5.76743e-08 -0.644636 1.3043e-06 -5.76744e-08 1 -0.484967 0 0 0 1 
34562489690116;0.37279;0.427217;1 -1.68233e-07 -1.64332e-05 0.503337 1.68257e-07 1 1.45486e-06 0.0705769 1.64332e-05 -1.45486e-06 1 -0.730213 0 0 0 1 
34562489690117;0.26675;0.454798;1 -2.68881e-08 -2.1721e-07 -0.0259036 2.68881e-08 1 -1.8426e-09 2.58172 2.1721e-07 1.84259e-09 1 0.213608 0 0 0 1 
34562489690118;0.0989808;0.311299;0.995523 -0.00212318 -0.0944937 20240.4 0.00281248 0.99997 0.00716204 -1741.38 0.0944757 -0.00739574 0.9955 -6861.28 0 0 0 1 
34562489690119;0.386067;0.578901;0.976636 0.00238373 -0.214887 -2738.4 0.00162807 0.999828 0.0184904 239.463 0.214894 -0.0184083 0.976464 -2843.98 0 0 0 1 
34562489690120;0.309421;0.806891;0.999907 1.11743e-05 0.013644 -24.7032 5.02898e-06 0.999999 -0.00118754 8.3396 -0.013644 0.0011875 0.999906 30.3311 0 0 0 1 
34562489690121;0.382301;0.434234;1 -5.68168e-08 -2.79637e-08 -0.355869 5.68168e-08 1 1.52551e-09 0.536025 2.79637e-08 -1.52551e-09 1 0.0659546 0 0 0 1 
34562489690122;0.179762;0.290902;0.998759 8.6546e-05 0.0497959 167.402 0.000142813 0.999989 -0.0046024 -15.73 -0.0497958 0.0046038 0.998749 -2060.3 0 0 0 1 
34562489690124;0.346704;0.540255;0.989603 0.000865244 -0.143823 361.173 0.000980601 0.999918 0.0127628 -30.2069 0.143822 -0.0127711 0.989521 1723.16 0 0 0 1 
34562489690125;0.12865;0.358829;0.999782 2.17644e-05 -0.0208767 -18.7088 1.62554e-05 0.999998 0.00182099 3.58275 0.0208767 -0.00182093 0.99978 -14.2185 0 0 0 1 
34562489690126;0.441684;0.820691;0.9977 0.000205321 0.0677844 -45.5697 0.000196233 0.999982 -0.00591727 7.99916 -0.0677844 0.00591697 0.997682 11.1474 0 0 0 1 
34562489690127;0.210546;0.24159;1 2.74617e-08 1.55394e-06 -0.0284126 -2.74617e-08 1 -2.75118e-08 0.569235 -1.55394e-06 2.75118e-08 1 0.030962 0 0 0 1 
34562489690128;0.0334274;0.446014;0.999776 -3.69344e-05 -0.0211736 457.187 7.57754e-05 0.999998 0.00183361 -43.2266 0.0211735 -0.0018348 0.999774 -111.365 0 0 0 1 
34562489690129;0.0803559;0.0703594;1 -2.49551e-06 6.0125e-05 19.697 2.49577e-06 1 -4.28031e-06 -1.62966 -6.01249e-05 4.28046e-06 1 7.18708 0 0 0 1 
34562489690130;0.355847;0.468641;0.998352 0.000131588 -0.057392 105.682 0.000155749 0.999987 0.00500207 -7.89494 0.0573919 -0.00500276 0.998339 -65.6704 0 0 0 1 
34562489690131;0.103607;1.1231;1 2.7559e-05 -0.000456578 -220.671 -2.75446e-05 1 3.16889e-05 28.2015 0.000456579 -3.16764e-05 1 -66.4131 0 0 0 1 
34562489690132;0.232394;0.318763;0.99742 0.000164321 -0.0717812 499.922 0.000290231 0.99998 0.00632198 -41.0884 0.0717808 -0.00632651 0.9974 476.98 0 0 0 1 
34562489690133;0.372111;0.38279;0.998162 0.000154421 -0.060596 56.488 0.000165689 0.999986 0.00527763 -4.05333 0.0605959 -0.00527797 0.998148 -102.034 0 0 0 1 
34562489690134;0.23228;0.289505;0.999893 2.93999e-06 -0.0146354 52.5529 1.57281e-05 0.999999 0.00127542 -3.14787 0.0146354 -0.00127552 0.999892 -18.9237 0 0 0 1 
34562489690135;0.171644;0.626203;0.999802 6.34787e-05 -0.0199226 -368.374 -2.81644e-05 0.999998 0.00177285 35.991 0.0199226 -0.00177194 0.9998 262.304 0 0 0 1 
34562489690136;0.200279;0.27192;0.999979 -1.26453e-06 -0.00645222 24.1859 4.89496e-06 1 0.000562648 -1.51454 0.00645222 -0.000562668 0.999979 -5.82104 0 0 0 1 
34562489690137;0.062551;0.182798;0.998807 0.00010109 -0.0488235 31.2833 0.000106884 0.999991 0.00425707 -4.20775 0.0488235 -0.00425722 0.998798 -44.0458 0 0 0 1 
34562489690138;0.126833;0.291517;1 6.00684e-08 -5.56236e-08 0.560122 -6.00684e-08 1 -1.10076e-08 2.01254 5.56236e-08 1.10076e-08 1 0.105987 0 0 0 1 
34562489690139;0.334771;0.572817;1 1.53144e-06 -0.000234913 -12.1773 -1.52647e-06 1 2.1165e-05 3.53793 0.000234913 -2.11646e-05 1 4.94113 0 0 0 1 
34562489690140;0.169798;0.342966;0.999997 -2.15415e-06 0.00243501 18.1584 2.66669e-06 1 -0.000210486 0.21473 -0.00243501 0.000210492 0.999997 16.5731 0 0 0 1 
34562489690141;0.269667;0.530398;0.998536 0.000397318 -0.0540936 -2159.04 -0.000126128 0.999987 0.00501667 191.555 0.054095 -0.0050025 0.998523 2248.7 0 0 0 1 
34562489690142;0.0756236;0.304072;0.999907 -2.90364e-06 -0.0136146 88.8653 1.90331e-05 0.999999 0.00118458 -9.23347 0.0136146 -0.00118473 0.999907 -31.945 0 0 0 1 
34562489690143;0.273373;0.359599;0.991605 0.00229621 0.129286 -12594.8 -0.000896851 0.99994 -0.0108809 1112.3 -0.129304 0.0106736 0.991548 4955.96 0 0 0 1 
34562489690144;0.115892;0.405432;0.999592 9.5243e-05 0.0285753 -482.612 -2.50541e-05 0.999997 -0.00245663 44.8603 -0.0285754 0.00245491 0.999589 321.368 0 0 0 1 
34562489690145;0.160443;1.24769;0.999639 3.74549e-05 0.0268748 -51.101 3.09167e-05 0.999997 -0.00254365 -4.61715 -0.0268748 0.00254357 0.999636 -1586.93 0 0 0 1 
34562489690146;0.0878609;0.317345;0.999999 4.33211e-06 0.00112195 -34.2222 -4.22954e-06 1 -9.1423e-05 5.0675 -0.00112195 9.14182e-05 0.999999 52.839 0 0 0 1 
34562489690147;0.0902058;0.247169;0.997828 -0.000348109 -0.0658764 4335.33 0.000739293 0.999982 0.00591387 -375.933 0.0658731 -0.00594973 0.99781 1596.05 0 0 0 1 
34562489690148;0.253989;1.36575;1 6.66515e-08 -7.69162e-07 1.2226 -6.66515e-08 1 4.39865e-08 9.46728 7.69162e-07 -4.39864e-08 1 0.103028 0 0 0 1 
34562489690149;0.415878;0.430337;1 -3.84749e-08 1.64848e-07 -0.284741 3.84749e-08 1 3.80195e-08 0.0277089 -1.64848e-07 -3.80195e-08 1 -0.354891 0 0 0 1 
34562489690150;0.323952;0.446356;0.999308 5.54615e-05 -0.0371971 43.39 6.53509e-05 0.999995 0.00324668 -2.82037 0.037197 -0.00324686 0.999303 -6.7698 0 0 0 1 
34562489690151;0.0908205;1.06001;1 8.61302e-08 1.54865e-07 0.840556 -8.61302e-08 1 3.68227e-10 7.84275 -1.54865e-07 -3.6824e-10 1 0.0819898 0 0 0 1 
34562489690152;0.416208;0.410729;0.985665 0.00124302 -0.168711 92.7858 0.0012554 0.999891 0.0147014 -6.91998 0.16871 -0.0147025 0.985556 -219.141 0 0 0 1 
34562489690153;0.0988573;1.00759;0.999946 1.38469e-05 -0.0103864 -71.2153 -4.61898e-06 1 0.000888484 -2.42522 0.0103864 -0.000888388 0.999946 -147.901 0 0 0 1 
34562489690155;0.259195;0.738606;0.998962 9.03598e-05 -0.0455477 8.98868 9.07859e-05 0.999992 0.00397497 3.46781 0.0455477 -0.00397498 0.998954 -14.2364 0 0 0 1 
34562489690156;0.172496;0.224952;0.99973 2.30057e-05 -0.0232175 7.64439 2.4017e-05 0.999998 0.00202503 0.841564 0.0232175 -0.00202504 0.999728 -17.0425 0 0 0 1 
34562489690157;0.159263;0.504849;0.98774 0.00107023 0.156107 -20.8883 0.0010696 0.999907 -0.0136228 5.48497 -0.156107 0.0136228 0.987646 54.8337 0 0 0 1 
34562489690158;0.105511;0.193959;0.99977 2.67351e-05 0.0214528 -55.3722 1.34115e-05 0.999998 -0.00187124 4.60292 -0.0214528 0.0018711 0.999768 15.1249 0 0 0 1 
34562489690159;0.266866;0.391827;0.999906 9.0231e-06 0.0136778 -8.66949 7.27385e-06 0.999999 -0.00119144 2.76086 -0.0136778 0.00119142 0.999906 21.6059 0 0 0 1 
34562489690160;0.0473697;0.099624;0.999965 0.000267243 0.00836066 -2126.45 -0.000261436 1 -0.000695592 186.239 -0.00836084 0.000693382 0.999965 293.935 0 0 0 1 
34562489690161;0.216211;0.229317;1 -8.78353e-08 1.01074e-06 0.650065 8.78354e-08 1 -1.52945e-07 0.489651 -1.01074e-06 1.52945e-07 1 -0.403743 0 0 0 1 
34562489690162;0.156911;0.463467;0.999844 2.38331e-05 0.0176825 -82.2341 3.43206e-06 0.999999 -0.0015419 9.88783 -0.0176825 0.00154172 0.999842 16.3723 0 0 0 1 
34562489690163;0.149607;0.252839;0.998639 8.49419e-05 0.052146 265.302 0.000153707 0.99999 -0.00457253 -20.4539 -0.0521458 0.00457433 0.998629 -174.186 0 0 0 1 
34562489690164;0.334807;0.883159;0.987023 0.00115646 0.160577 -207.162 0.00110891 0.999901 -0.0140173 17.163 -0.160578 0.0140134 0.986924 51.6686 0 0 0 1 
34562489690165;0.385816;0.612716;0.962386 0.00328027 0.271667 -7.25236 0.00330298 0.999712 -0.023772 2.98556 -0.271666 0.0237752 0.962098 -450.02 0 0 0 1 
34562489690166;0.333068;0.424719;0.998581 0.000129588 0.0532456 -52.3242 0.00011796 0.999989 -0.00464599 6.03191 -0.0532457 0.00464568 0.998571 24.6683 0 0 0 1 
34562489690167;0.363242;0.468901;1 -6.39971e-10 3.55717e-07 0.126426 6.39961e-10 1 2.79226e-08 1.08944 -3.55717e-07 -2.79226e-08 1 -0.218634 0 0 0 1 
34562489690168;0.405801;0.290981;0.998588 0.000317394 -0.0531242 -1552.83 -8.39055e-05 0.99999 0.00439732 138.462 0.0531251 -0.00438665 0.998578 -2025.88 0 0 0 1 
34562489690169;0.233383;0.392546;0.998814 0.000102214 -0.0486849 17.532 0.000104701 0.999991 0.00424751 0.117628 0.0486849 -0.00424757 0.998805 -24.7965 0 0 0 1 
34562489690170;0.111556;0.187051;1 1.51602e-08 3.56209e-07 0.25286 -1.51602e-08 1 1.36265e-08 0.946968 -3.56209e-07 -1.36265e-08 1 -0.151906 0 0 0 1 
34562489690171;0.0960451;0.298786;0.999216 6.77189e-05 -0.0395915 11.9064 6.91306e-05 0.999994 0.00345515 0.941302 0.0395915 -0.00345518 0.99921 -12.7026 0 0 0 1 
34562489690172;0.321124;0.434533;0.997544 0.000222736 0.070044 -75.0499 0.000205734 0.999981 -0.00610988 8.52188 -0.070044 0.00610929 0.997525 48.3933 0 0 0 1 
34562489690173;0.268086;0.421742;0.999114 8.00257e-05 0.0420968 -26.034 7.47509e-05 0.999993 -0.0036751 3.88837 -0.0420968 0.00367499 0.999107 3.75666 0 0 0 1 
34562489690174;0.189053;0.289966;0.998958 -0.000158 0.0456318 1996.79 0.000348291 0.999991 -0.00416222 -172.982 -0.0456307 0.00417378 0.99895 -1527.66 0 0 0 1 
34562489690175;0.133957;0.27655;0.999703 3.38452e-05 0.0243892 -65.2831 1.80561e-05 0.999998 -0.00212782 6.07778 -0.0243892 0.00212763 0.9997 13.9661 0 0 0 1 
34562489690176;0.144022;0.327669;0.99999 3.09245e-06 0.00457112 -16.5633 -1.27081e-06 1 -0.000398512 1.09441 -0.00457113 0.000398502 0.999989 4.56936 0 0 0 1 
34562489690177;0.320514;0.390275;1 2.97796e-08 2.05511e-06 0.242501 -2.97793e-08 1 -1.37102e-07 0.467467 -2.05511e-06 1.37101e-07 1 0.133859 0 0 0 1 
34562489690178;0.353901;0.704147;0.993487 0.000570413 -0.113946 2.66812 0.00056621 0.99995 0.00994246 3.62939 0.113946 -0.00994222 0.993437 -49.7313 0 0 0 1 
34562489690179;0.0142393;0.0337727;0.999958 4.52987e-06 0.00919813 -7.84387 2.85422e-06 1 -0.000802768 0.830461 -0.00919813 0.00080276 0.999957 2.47248 0 0 0 1 
34562489690180;0.106434;0.0467506;0.999288 6.16235e-05 -0.0377382 10.1335 6.26876e-05 0.999995 0.00329285 -1.21061 0.0377382 -0.00329287 0.999282 -15.6478 0 0 0 1 
34562489690181;0.139987;0.108304;0.999991 -4.52092e-07 0.00422281 9.23095 2.00997e-06 1 -0.000368915 -0.191512 -0.00422281 0.00036892 0.999991 -1.61615 0 0 0 1 
34562489690182;0.247912;0.583216;0.99467 0.000462849 -0.10311 36.203 0.0004675 0.999959 0.00899848 -0.189423 0.10311 -0.00899872 0.994629 -29.3947 0 0 0 1 
34562489690183;0.115667;0.435438;0.99988 1.63178e-05 0.0155126 -48.4695 4.38456e-06 0.999999 -0.00133451 6.53318 -0.0155126 0.00133442 0.999879 159.555 0 0 0 1 
34562489690184;0.228068;0.363319;0.997338 5.05671e-05 0.0729123 1453.31 0.000436468 0.999978 -0.00666379 -125.324 -0.072911 0.00667787 0.997316 -2511.63 0 0 0 1 
34562489690186;0.0711037;0.156549;1 2.72014e-06 2.38224e-05 -21.1942 -2.72006e-06 1 -3.55214e-06 0.639023 -2.38224e-05 3.55207e-06 1 -12.1822 0 0 0 1 
34562489690187;0.0441165;0.0627699;0.999651 3.05761e-05 0.0264124 -4.76341 3.03007e-05 0.999997 -0.00230445 0.0947908 -0.0264124 0.00230445 0.999648 10.6463 0 0 0 1 
34562489690188;0.231973;0.278332;0.997967 0.000407941 -0.0637292 -1844.74 -3.58378e-05 0.999983 0.00583985 164.263 0.0637305 -0.0058257 0.99795 2107.46 0 0 0 1 
34562489690189;0.393005;0.461955;0.974931 0.00217195 -0.222496 166.014 0.00222134 0.999808 0.0194933 -10.396 0.222496 -0.0194988 0.974739 604.548 0 0 0 1 
34562489690190;0.219538;0.37884;0.997457 0.000129687 -0.07127 752.445 0.000328743 0.999979 0.00642053 -61.8913 0.0712693 -0.00642763 0.997436 1654.05 0 0 0 1 
34562489690191;0.389147;0.6066;0.99962 3.44427e-05 0.0275616 -12.7709 3.19822e-05 0.999997 -0.00240961 -2.55721 -0.0275616 0.00240957 0.999617 -26.676 0 0 0 1 
34562489690192;0.192134;0.296405;0.999994 5.60835e-06 0.00358569 -40.062 -4.48611e-06 1 -0.000312985 1.73017 -0.00358569 0.000312966 0.999994 0.38546 0 0 0 1 
34562489690193;0.281462;0.296726;1 -5.94772e-08 5.31747e-07 -0.293534 5.94771e-08 1 8.81785e-08 0.853018 -5.31747e-07 -8.81785e-08 1 -0.693052 0 0 0 1 
34562489690194;0.204314;0.27981;0.999726 -7.88347e-05 0.0234033 822.86 0.000127478 0.999998 -0.00207701 -74.4792 -0.0234031 0.00207942 0.999724 -291.569 0 0 0 1 
34562489690195;0.157469;0.773922;0.999197 0.000141537 -0.0400659 -568.815 3.57621e-06 0.999993 0.00362177 59.2732 0.0400662 -0.003619 0.99919 973.621 0 0 0 1 
34562489690196;0.0529904;0.0809215;0.999946 2.11627e-06 -0.0104341 22.7289 7.37933e-06 1 0.000910015 -0.821998 0.0104341 -0.000910043 0.999945 -7.85575 0 0 0 1 
34562489690197;0.438295;1.18066;1 1.79027e-07 -5.03191e-07 0.226375 -1.79027e-07 1 -4.75553e-08 -12.3914 5.03191e-07 4.75554e-08 1 -0.126669 0 0 0 1 
34562489690198;0.0525853;0.0771163;0.999987 6.89738e-07 -0.00510226 4.79034 1.58033e-06 1 0.00044491 1.09398 0.00510226 -0.000444912 0.999987 -4.41166 0 0 0 1 
34562489690199;0.186435;0.319912;0.999736 3.18889e-05 -0.0229961 -67.5959 1.43251e-05 0.999998 0.00200948 8.50307 0.0229961 -0.00200927 0.999734 13.0105 0 0 0 1 
34562489690200;0.246291;0.223795;1 5.28745e-07 -0.000236294 -3.78805 -5.23964e-07 1 2.02334e-05 0.37536 0.000236294 -2.02333e-05 1 -2.81212 0 0 0 1 
34562489690201;0.100046;0.515076;1 -8.70482e-06 0.000316339 69.4464 8.71332e-06 1 -2.68648e-05 -12.768 -0.000316339 2.68675e-05 1 6.30181 0 0 0 1 
34562489690202;0.155088;0.143142;1 1.04335e-06 -7.44789e-06 -7.967 -1.04334e-06 1 9.04185e-07 0.872696 7.44789e-06 -9.04177e-07 1 1.71903 0 0 0 1 
34562489690203;0.0877176;0.0726063;1 4.0578e-06 -1.23909e-05 -32.2322 -4.05779e-06 1 1.50055e-06 3.90499 1.23909e-05 -1.5005e-06 1 4.02518 0 0 0 1 
34562489690204;0.244178;0.331735;0.998306 0.000154447 0.0581755 -61.2543 0.000141286 0.999987 -0.00507931 2.65895 -0.0581755 0.00507893 0.998293 0.0915855 0 0 0 1 
34562489690205;0.481854;0.370279;0.998336 0.000515708 -0.0576598 -2970.5 -0.000226193 0.999987 0.0050275 260.275 0.0576617 -0.0050061 0.998324 -225.386 0 0 0 1 
34562489690206;0.097924;0.365023;0.998866 8.57738e-05 0.0476122 98.9425 0.000112762 0.999991 -0.00416715 -13.4302 -0.0476121 0.0041678 0.998857 -90.5756 0 0 0 1 
34562489690207;0.417969;0.377611;0.995789 0.000431241 -0.0916791 -497.925 0.000313088 0.999967 0.00810432 45.19 0.0916796 -0.00809889 0.995756 765.449 0 0 0 1 
34562489690208;0.41666;0.416092;0.999925 2.01204e-05 -0.0122172 -105.727 -7.14151e-06 0.999999 0.00106239 6.77185 0.0122172 -0.00106222 0.999925 -35.2318 0 0 0 1 
34562489690209;0.102897;0.0680505;0.999929 0.000135315 -0.0119275 -1036.54 -0.000122295 0.999999 0.00109227 91.0821 0.0119277 -0.00109074 0.999928 396.933 0 0 0 1 
34562489690210;0.0465566;0.150804;0.999925 9.35136e-06 0.0122205 -24.416 3.67988e-06 0.999999 -0.00106632 0.400834 -0.0122205 0.00106629 0.999925 3.84047 0 0 0 1 
34562489690211;0.156365;0.440777;1 1.12141e-05 -0.000992661 -88.3804 -1.11354e-05 1 7.93321e-05 2.47416 0.000992661 -7.9321e-05 1 -58.8667 0 0 0 1 
34562489690212;0.249667;0.277594;0.999901 1.31187e-05 0.0140907 -37.0728 4.20331e-06 0.999999 -0.00122929 2.14711 -0.0140907 0.00122923 0.9999 7.15944 0 0 0 1 
34562489690213;0.302086;0.383693;0.997762 0.000203927 0.0668605 -78.7659 0.000186635 0.999983 -0.00583515 4.99408 -0.0668605 0.00583457 0.997745 19.6216 0 0 0 1 
34562489690214;0.0408606;0.0612844;1 -5.96602e-07 -0.000321714 4.89439 6.05657e-07 1 2.81451e-05 0.138321 0.000321714 -2.81453e-05 1 0.140094 0 0 0 1 
34562489690215;0.322976;0.337106;1 -1.73431e-06 9.81208e-05 13.7252 1.73458e-06 1 -2.70766e-06 -0.263287 -9.81208e-05 2.70783e-06 1 46.7832 0 0 0 1 
34562489690217;0.345856;0.193617;0.99999 2.61232e-07 0.00438584 3.59769 1.41758e-06 1 -0.000382777 -0.327743 -0.00438584 0.00038278 0.99999 1.87366 0 0 0 1 
34562489690218;0.369096;0.219793;0.999912 5.14712e-06 -0.0132649 21.7221 1.01959e-05 0.999999 0.00115659 -2.20086 0.0132649 -0.00115663 0.999911 -12.8067 0 0 0 1 
34562489690219;0.344434;0.482151;0.999847 1.03062e-05 -0.0175103 26.5952 1.6454e-05 0.999999 0.00152811 -1.8952 0.0175103 -0.00152816 0.999846 -5.47951 0 0 0 1 
34562489690220;0.281678;0.376447;0.995031 0.000439744 -0.0995683 -32.3966 0.000427354 0.999962 0.00868708 3.17294 0.0995684 -0.00868646 0.994993 -58.4251 0 0 0 1 
34562489690221;0.2479;0.654634;0.999034 7.82765e-05 -0.043941 53.2641 9.0361e-05 0.999993 0.00383581 -5.00703 0.043941 -0.00383608 0.999027 -5.10241 0 0 0 1 
34562489690222;0.309448;0.510515;0.998027 0.000165402 -0.0627872 62.6995 0.000179125 0.999985 0.00548156 -5.67479 0.0627871 -0.00548199 0.998012 -2.61653 0 0 0 1 
34562489690223;0.503992;0.525263;0.972528 0.0023848 -0.232775 142.988 0.00241124 0.999791 0.0203171 -12.7904 0.232774 -0.0203202 0.972318 -31.5858 0 0 0 1 
34562489690224;0.505738;0.494971;0.997577 0.000203433 -0.069573 73.7379 0.000219593 0.999982 0.00607263 -6.77104 0.0695729 -0.00607319 0.997558 -12.8571 0 0 0 1 
34562489690225;0.255572;0.501623;0.994383 0.000482884 0.105837 44.8863 0.000497848 0.999957 -0.0092398 -4.52131 -0.105837 0.00924059 0.994341 5.31546 0 0 0 1 
34562489690226;0.59187;0.704294;0.992855 0.000619423 -0.119328 51.7169 0.000627953 0.999946 0.0104155 -5.26453 0.119328 -0.010416 0.9928 -23.9231 0 0 0 1 
34562489690227;0.535961;0.540087;0.993857 0.000530878 -0.110674 58.5988 0.0005427 0.999953 0.00966999 -5.26401 0.110674 -0.00967064 0.99381 57.7833 0 0 0 1 
34562489690228;0.492348;1.28051;0.991663 0.000716814 -0.128857 104.944 0.000738718 0.999936 0.0112475 -8.48564 0.128857 -0.0112489 0.991599 -16.848 0 0 0 1 
34562489690229;0.377629;0.279245;0.99894 9.38156e-05 -0.0460329 -3.67814 9.11355e-05 0.999992 0.00401569 -0.325356 0.0460329 -0.00401562 0.998932 -29.416 0 0 0 1 
34562489690230;0.309344;0.746002;0.989787 0.000886064 -0.142552 64.3203 0.000897058 0.999922 0.0124438 -4.73456 0.142552 -0.0124446 0.989709 -17.3431 0 0 0 1 
34562489690231;0.422227;0.725778;0.999385 4.80516e-05 0.0350799 39.5764 5.93029e-05 0.999995 -0.00305924 -3.4078 -0.0350799 0.00305944 0.99938 30.0067 0 0 0 1 
34562489690232;0.215127;0.675925;0.998837 9.28927e-05 0.0482044 61.039 0.000109944 0.999991 -0.00420517 -5.71168 -0.0482043 0.00420558 0.998829 27.2761 0 0 0 1 
34562489690233;0.420689;0.406204;0.999956 3.44018e-06 -0.00940496 4.70266 4.28235e-06 1 0.000821093 -0.487349 0.00940496 -0.000821097 0.999955 -1.05944 0 0 0 1 
34562489690234;0.244511;0.722214;0.998395 0.000131176 -0.0566346 78.4774 0.000149037 0.999988 0.00494348 -6.84666 0.0566345 -0.00494398 0.998383 -8.5362 0 0 0 1 
34562489690235;0.305129;0.188777;0.999803 1.76875e-05 0.0198374 -7.43829 1.67451e-05 0.999998 -0.00173557 1.05228 -0.0198374 0.00173556 0.999802 -27.1398 0 0 0 1 
34562489690236;0.196522;0.537889;0.995059 0.000419012 0.0992825 84.5684 0.000443424 0.999962 -0.00866447 -7.07819 -0.0992823 0.00866569 0.995022 25.7885 0 0 0 1 
34562489690237;0.236663;1.08997;0.994279 0.000486701 -0.106811 115.225 0.000512149 0.999956 0.00932389 -10.0465 0.106811 -0.00932526 0.994236 -6.93242 0 0 0 1 
34562489690238;0.36003;1.31895;0.999992 -1.9894e-06 0.00393718 17.4864 3.35893e-06 1 -0.000347838 -2.02964 -0.00393718 0.000347849 0.999992 -33.4313 0 0 0 1 
34562489690239;0.243492;0.264428;0.999996 -2.62853e-06 -0.00295989 23.8235 3.37985e-06 1 0.000253829 -2.71624 0.00295989 -0.000253838 0.999996 -36.5029 0 0 0 1 
34562489690240;0.35283;1.84748;0.999976 4.87557e-07 -0.00688382 12.227 3.57798e-06 1 0.000590581 -6.64795 0.00688381 -0.000590591 0.999976 -84.6255 0 0 0 1 
34562489690241;0.379757;1.03092;0.99157 0.000720675 0.129571 103.492 0.000750977 0.999936 -0.0113087 -9.35287 -0.129571 0.0113106 0.991506 23.2712 0 0 0 1 
34562489690242;0.378853;0.74045;0.964659 0.00309028 0.263483 -74.4704 0.00310029 0.999729 -0.0230762 7.72044 -0.263482 0.0230775 0.964388 -570.65 0 0 0 1 
34562489690243;0.301434;0.850821;0.999954 -8.92552e-08 0.00961763 30.1756 8.16666e-06 1 -0.000839816 -1.72805 -0.00961762 0.000839855 0.999953 -0.674155 0 0 0 1 
34562489690244;0.500189;0.535846;1 -2.72852e-07 -0.000368815 2.06161 2.84692e-07 1 3.21027e-05 0.00843063 0.000368815 -3.21028e-05 1 -0.838824 0 0 0 1 
34562489690245;0.271456;0.220364;0.999966 4.65197e-06 0.00819403 -15.3393 1.2028e-06 1 -0.000714512 1.51896 -0.00819403 0.000714498 0.999966 8.16948 0 0 0 1 
34562489690246;0.262584;0.525058;0.999993 -1.95169e-06 -0.00371499 19.8491 3.15546e-06 1 0.000324023 -1.59223 0.00371499 -0.000324033 0.999993 -3.06623 0 0 0 1 
34562489690248;0.122472;0.163771;0.998182 0.000159859 0.060266 -17.1736 0.000157479 0.999986 -0.00526083 1.65456 -0.060266 0.00526076 0.998168 12.8769 0 0 0 1 
34562489690249;0.236877;0.639721;0.986744 0.00138148 -0.162281 -1777.21 0.000995995 0.999893 0.0145681 160.039 0.162284 -0.0145366 0.986637 2950.08 0 0 0 1 
34562489690250;0.361013;0.656059;0.993971 0.000537299 0.109643 -99.9562 0.000515179 0.999954 -0.00957057 6.6345 -0.109643 0.00956935 0.993925 36.4256 0 0 0 1 
34562489690251;0.0844088;0.124629;0.999553 3.93195e-05 -0.0298948 2.34489 3.86904e-05 0.999997 0.00260889 0.127788 0.0298948 -0.00260888 0.99955 -11.4061 0 0 0 1 
34562489690252;0.195046;0.416145;0.999993 -5.44938e-05 -0.00380275 445.573 5.60974e-05 1 0.000421586 -37.0245 0.00380273 -0.000421797 0.999993 722.126 0 0 0 1 
34562489690253;0.120903;0.377246;0.994959 0.000444556 0.100281 -47.8142 0.000435638 0.999962 -0.00875522 2.2168 -0.100281 0.00875477 0.994921 12.7114 0 0 0 1 
34562489690254;0.246774;0.49806;1 -8.89349e-06 0.000140595 74.2496 8.89604e-06 1 -1.81322e-05 -7.82651 -0.000140595 1.81334e-05 1 -46.4612 0 0 0 1 
34562489690255;0.134202;0.206591;0.999933 5.7197e-06 0.0115768 -0.108709 5.97096e-06 0.999999 -0.0010098 -1.05909 -0.0115768 0.0010098 0.999932 7.87791 0 0 0 1 
34562489690256;0.130561;0.27964;0.999591 3.80539e-05 0.0285839 -20.8951 3.3237e-05 0.999997 -0.00249362 2.92208 -0.0285839 0.00249355 0.999588 19.1269 0 0 0 1 
34562489690257;0.163799;0.224048;0.999825 0.000188079 -0.0187294 -1387.17 -0.00015629 0.999999 0.00169875 122.282 0.0187296 -0.00169552 0.999823 483 0 0 0 1 
34562489690258;0.294851;0.8137;0.958012 0.00141551 -0.286724 18151.8 0.00560833 0.999704 0.0236741 -1568.41 0.286672 -0.0242881 0.957721 -5973.49 0 0 0 1 
