#;prob_registration_l1 -r /home/probabilistic_point_clouds_registration/build/tester /home/point_clouds_registration_benchmark//devel/registration_pairs/wood_autumn_local.txt /home/point_clouds_registration_benchmark//eth/wood_autumn -s 0.2 -t 0.2 -p 0.3 -r 1000 -m 15 -i 40 
id;initial_error;final_error;transformation
26875431820000;0.498992;0.502814;0.992796 0.0973172 -0.0698935 0.448112 -0.0972274 0.995251 0.00469466 0.440812 0.0700184 0.00213471 0.997543 -0.609647 0 0 0 1 
26875431820001;0.336145;0.0227093;0.911073 0.320769 -0.258945 0.712873 -0.288492 0.944797 0.15534 0.875085 0.294479 -0.066822 0.953319 -0.771662 0 0 0 1 
26875431820002;0.60541;0.186583;0.960762 0.199544 -0.192661 0.498353 -0.192169 0.979738 0.0564315 0.550902 0.200018 -0.0171937 0.979641 -1.26261 0 0 0 1 
26875431820003;0.366204;0.0288439;0.993356 0.102111 -0.0530769 -0.159156 -0.09975 0.993977 0.0453831 -0.109502 0.0573913 -0.0397872 0.997559 -0.536003 0 0 0 1 
26875431820004;0.698046;0.0358844;0.955846 -0.293861 -0.002062 0.843772 0.293764 0.955298 0.033298 -1.26886 -0.00781514 -0.0324335 0.999443 0.410129 0 0 0 1 
26875431820005;0.325213;0.0214013;0.920752 -0.241435 0.306473 -0.360488 0.272918 0.959925 -0.0637245 -0.706325 -0.278806 0.142316 0.949744 0.980585 0 0 0 1 
26875431820006;0.554876;0.0360256;0.999991 0.000401623 0.00429972 -0.281973 -0.000395074 0.999999 -0.0015238 0.699145 -0.00430033 0.00152209 0.99999 0.573356 0 0 0 1 
26875431820007;0.383756;0.378236;0.999951 0.00418136 -0.00901999 0.00583619 -0.00374307 0.998837 0.0480723 0.0444018 0.0092105 -0.0480362 0.998803 0.0559657 0 0 0 1 
26875431820008;0.203498;0.0257329;0.965945 0.0512819 -0.253614 0.12014 -0.0285227 0.995293 0.0926179 0.0944862 0.257169 -0.0822301 0.962861 -0.985966 0 0 0 1 
26875431820009;0.180609;0.027153;0.978554 -0.156248 -0.134237 0.11345 0.152762 0.987609 -0.0359475 -0.354277 0.13819 0.0146703 0.990297 -0.386543 0 0 0 1 
26875431820010;0.462102;0.0298516;0.959803 -0.139496 -0.243554 0.724413 0.145769 0.989288 0.007833 -0.726335 0.239852 -0.0430207 0.969856 -0.941398 0 0 0 1 
26875431820011;0.575398;0.386549;0.986832 0.036923 0.157476 0.228415 -0.0459136 0.997493 0.0538407 0.0942747 -0.155094 -0.0603621 0.986054 0.837703 0 0 0 1 
26875431820012;0.688058;0.481072;0.990148 0.0846718 -0.111524 0.471583 -0.0708579 0.989938 0.122485 -0.168479 0.120773 -0.113376 0.986184 -0.499498 0 0 0 1 
26875431820013;0.421251;0.276487;0.988179 -0.150004 0.0316384 -0.173137 0.149343 0.988533 0.0223324 -0.52305 -0.0346256 -0.0173435 0.99925 -0.254739 0 0 0 1 
26875431820014;0.330264;0.0278554;0.952138 -0.297851 0.068689 -0.426186 0.298524 0.954402 0.000493545 -1.11919 -0.0657039 0.0200354 0.997638 0.179175 0 0 0 1 
26875431820015;0.226693;0.192743;0.998873 0.0456808 0.0128766 0.00626917 -0.0450509 0.997945 -0.0455717 0.234387 -0.0149319 0.0449403 0.998878 0.179166 0 0 0 1 
26875431820016;0.538469;0.306905;0.986224 -0.0189239 0.164327 0.647101 0.0145034 0.999501 0.0280588 0.401032 -0.164776 -0.025289 0.986007 0.385497 0 0 0 1 
26875431820017;0.524419;0.0318639;0.983497 -0.157738 -0.0886121 -0.0215357 0.140967 0.9751 -0.171196 -0.404963 0.11341 0.155879 0.981244 0.55875 0 0 0 1 
26875431820018;0.579586;0.0309716;0.979314 0.0396114 -0.198431 0.395105 -0.0622623 0.992063 -0.109244 -0.0436046 0.192529 0.119339 0.974008 0.351252 0 0 0 1 
26875431820019;0.351798;0.031809;0.979037 0.0936063 -0.180897 0.25124 -0.0964007 0.99532 -0.00669783 0.578447 0.179424 0.0239961 0.983479 -0.942459 0 0 0 1 
26875431820020;0.0809749;0.0287754;0.994855 -0.100949 0.00853486 -0.0944113 0.101115 0.994632 -0.0219765 -0.303535 -0.00627054 0.0227264 0.999722 0.00412917 0 0 0 1 
26875431820021;0.644904;0.0344022;0.946195 0.0880416 -0.31139 1.16829 -0.0074225 0.967929 0.251116 0.0884195 0.323512 -0.235293 0.916503 -0.665054 0 0 0 1 
26875431820022;0.0317767;0.028969;0.999561 0.0270705 0.0120288 -0.0261181 -0.0270155 0.999624 -0.00471151 0.0951803 -0.0121519 0.00438448 0.999917 0.0753834 0 0 0 1 
26875431820023;0.284901;0.0300635;0.997459 -0.0712458 -0.000613439 0.372617 0.0712417 0.99721 0.0222723 -0.294813 -0.000975078 -0.0222594 0.999752 -0.0273476 0 0 0 1 
26875431820024;0.398113;0.0375437;0.99738 0.00675585 -0.0720229 0.334389 -0.0079133 0.999844 -0.0157973 0.451118 0.071905 0.0163259 0.997278 -0.554315 0 0 0 1 
26875431820025;0.5828;0.325975;0.982454 -0.184435 -0.0277017 0.190233 0.184735 0.98275 0.00866013 -0.880958 0.0256266 -0.0136256 0.999579 0.489379 0 0 0 1 
26875431820026;0.630426;0.0274136;0.980508 0.196012 0.0135713 -0.274232 -0.196038 0.980596 0.000617335 0.516288 -0.013187 -0.00326579 0.999908 0.95259 0 0 0 1 
26875431820027;0.464713;0.021596;0.99431 0.106483 0.00292274 0.230515 -0.106508 0.993334 0.0440935 0.466312 0.00179195 -0.0441539 0.999023 0.66981 0 0 0 1 
26875431820028;0.337162;0.0255869;0.999939 -0.0110616 -2.29103e-05 -0.445516 0.0110519 0.99897 0.0440165 -0.338787 -0.000464008 -0.0440141 0.999031 0.243775 0 0 0 1 
26875431820029;0.206492;0.020414;0.999637 0.00805154 0.0257047 -0.306681 -0.00644775 0.998063 -0.0618772 -0.101097 -0.0261531 0.061689 0.997753 0.234863 0 0 0 1 
26875431820031;0.22611;0.0116024;0.971999 0.0969457 0.214055 -0.177795 -0.11877 0.988693 0.0915418 0.369046 -0.20276 -0.114402 0.972523 0.921611 0 0 0 1 
26875431820032;0.537519;0.360864;0.979171 -0.130861 -0.155238 0.582181 0.130556 0.991366 -0.0122015 -0.640416 0.155494 -0.00831989 0.987802 -0.672166 0 0 0 1 
26875431820033;0.515263;0.00943817;0.996745 0.0295025 -0.0750204 -0.102215 -0.00848958 0.963865 0.266255 -0.748797 0.0801647 -0.264751 0.960979 -1.02221 0 0 0 1 
26875431820034;0.18246;0.0123997;0.994322 0.0147977 -0.105381 -0.186125 -0.013562 0.999831 0.012433 0.0317884 0.105547 -0.0109333 0.994354 -0.303427 0 0 0 1 
26875431820035;0.31218;0.0539964;0.954088 0.152291 0.257923 0.0140762 -0.183372 0.977847 0.100942 0.543331 -0.236836 -0.143604 0.960878 1.38151 0 0 0 1 
26875431820036;0.352511;0.024259;0.961684 -0.261631 0.0819357 -0.0103655 0.274134 0.921811 -0.274069 -0.868263 -0.00382419 0.286029 0.958213 -0.185843 0 0 0 1 
26875431820037;0.447509;0.0142543;0.996898 -0.0785981 -0.00417449 0.3165 0.0786278 0.996876 0.00752378 -0.796883 0.0035701 -0.00782867 0.999963 -0.769975 0 0 0 1 
26875431820038;0.350569;0.321181;0.999405 -0.0342533 -0.00409351 0.0318132 0.0341148 0.998964 -0.0301221 -0.140508 0.00512105 0.0299645 0.999538 -0.0574759 0 0 0 1 
26875431820039;0.337073;0.0122719;0.971198 -0.216482 0.0995463 0.0676467 0.180536 0.94122 0.285504 -1.20892 -0.155501 -0.259309 0.953194 1.27895 0 0 0 1 
26875431820040;0.229197;0.0185186;0.981931 -0.18728 -0.0271708 0.247077 0.176807 0.959094 -0.221082 -0.499863 0.0674636 0.212283 0.974877 -0.349311 0 0 0 1 
26875431820041;0.10838;0.00810628;0.998104 0.0611795 0.00667661 -0.0516652 -0.0611949 0.998124 0.00213059 0.163024 -0.00653373 -0.00253512 0.999975 0.181351 0 0 0 1 
26875431820042;0.455772;0.202917;0.931696 -0.344582 0.114918 0.329147 0.358648 0.922811 -0.14068 -1.69444 -0.0575721 0.172286 0.983363 0.622542 0 0 0 1 
26875431820043;0.274946;0.0105299;0.978816 0.106481 0.174873 -0.164784 -0.128523 0.984424 0.119963 0.282167 -0.159375 -0.139897 0.977256 1.12016 0 0 0 1 
26875431820044;0.287192;0.0171316;0.999337 0.00355611 0.0362374 0.0709518 -0.00337418 0.999981 -0.00508049 0.57702 -0.0362548 0.00495485 0.99933 0.281996 0 0 0 1 
26875431820045;0.572084;0.0150027;0.985608 0.0651069 -0.156005 0.717659 -0.00333232 0.930161 0.367138 -0.862408 0.169013 -0.361334 0.916991 -1.14472 0 0 0 1 
26875431820046;0.148614;0.0147664;0.99763 -0.0646968 -0.0234205 0.0493798 0.0681386 0.976243 0.205686 -0.595826 0.00955686 -0.206795 0.978338 0.0557549 0 0 0 1 
26875431820047;0.191966;0.0142975;0.989285 0.145696 0.00933039 -0.0799595 -0.142226 0.976205 -0.163695 0.861998 -0.0329581 0.160614 0.986467 0.303872 0 0 0 1 
26875431820048;0.552949;0.0814665;0.929338 0.354959 0.101662 -0.160463 -0.336818 0.927797 -0.160455 1.87627 -0.151277 0.114876 0.981794 -0.070532 0 0 0 1 
26875431820049;0.452544;0.239038;0.965559 0.218555 0.141171 -0.18691 -0.209456 0.974816 -0.0765615 0.968614 -0.154348 0.0443556 0.98702 1.08172 0 0 0 1 
26875431820050;0.381287;0.00997781;0.957282 0.236016 0.167054 -0.100435 -0.244371 0.969184 0.031066 0.883879 -0.154574 -0.0705622 0.985458 1.27981 0 0 0 1 
26875431820051;0.357531;0.0125103;0.972639 -0.0765641 -0.219343 0.731491 0.0688497 0.996717 -0.0426126 -0.132001 0.221886 0.0263449 0.974717 -0.615527 0 0 0 1 
26875431820052;0.469273;0.0118651;0.964236 0.144925 -0.221915 0.520809 -0.203449 0.941337 -0.269247 1.87042 0.169876 0.304766 0.937155 -1.05552 0 0 0 1 
26875431820053;0.393672;0.0114773;0.993468 0.0262531 0.111054 0.700626 -0.044634 0.985044 0.166424 -0.0555207 -0.105024 -0.170293 0.979781 0.54599 0 0 0 1 
26875431820054;0.384531;0.0175417;0.93103 0.226184 -0.2864 0.715549 -0.146257 0.950253 0.275007 0.343519 0.334354 -0.214152 0.917794 -1.41824 0 0 0 1 
26875431820055;0.28566;0.0116015;0.980149 -0.189208 -0.0592398 0.473754 0.192023 0.980308 0.0460733 -1.13706 0.0493559 -0.0565341 0.99718 0.118232 0 0 0 1 
26875431820056;0.596591;0.0123065;0.918412 -0.291942 0.267001 -0.0228552 0.334629 0.933257 -0.130597 -1.33667 -0.211054 0.209288 0.954806 0.08002 0 0 0 1 
26875431820057;0.446113;0.270016;0.976518 -0.198063 0.0847586 0.357353 0.198364 0.980116 0.004939 -0.990472 -0.0840515 0.01199 0.996389 0.604427 0 0 0 1 
26875431820058;0.224686;0.010952;0.999483 -0.0132948 -0.0292612 -0.0987995 0.0159032 0.995743 0.0907952 -0.231202 0.0279295 -0.0912136 0.99544 0.33583 0 0 0 1 
26875431820059;0.444316;0.00935633;0.954121 -0.17366 0.243916 -0.484777 0.175402 0.984387 0.014733 -0.640475 -0.242666 0.0287262 0.969684 0.774275 0 0 0 1 
26875431820060;0.410765;0.260786;0.999711 0.00320147 0.0238157 0.123786 -0.00525003 0.996242 0.0864589 -0.253462 -0.0234494 -0.086559 0.995971 0.366006 0 0 0 1 
26875431820062;0.368904;0.00998484;0.953286 0.181213 0.241678 0.437519 -0.230371 0.953643 0.193635 0.519715 -0.195385 -0.240265 0.95084 0.38511 0 0 0 1 
26875431820063;0.231158;0.0136357;0.956797 -0.073589 -0.281289 0.4284 0.113379 0.985286 0.127892 -0.597895 0.267739 -0.154259 0.951062 -1.11904 0 0 0 1 
26875431820064;0.204838;0.0133954;0.997725 -0.00621552 0.0671319 0.0777825 -0.00291475 0.990833 0.135058 0.28053 -0.067356 -0.134946 0.988561 0.109203 0 0 0 1 
26875431820065;0.171053;0.012532;0.998235 0.0550339 0.0223309 -0.0909539 -0.0542158 0.99789 -0.0357236 -0.023281 -0.0242498 0.0344498 0.999112 0.00980702 0 0 0 1 
26875431820066;0.341828;0.04388;0.900131 0.428929 -0.0760566 0.817129 -0.427478 0.903338 0.0352698 1.82083 0.083833 0.000765098 0.99648 -0.320036 0 0 0 1 
26875431820067;0.359104;0.0082868;0.999824 0.00807164 -0.0169155 -0.218685 -0.00803474 0.999965 0.00224815 0.344178 0.016933 -0.00211185 0.999854 0.60137 0 0 0 1 
26875431820068;0.231956;0.0119103;0.999753 -0.0219393 0.0035714 0.0494438 0.0219185 0.999743 0.00577115 -0.111046 -0.0036971 -0.00569144 0.999977 0.519971 0 0 0 1 
26875431820069;0.168442;0.013918;0.984065 -0.156355 0.084666 0.0739861 0.15912 0.986892 -0.0269246 -0.766782 -0.0793464 0.0399676 0.996046 0.494546 0 0 0 1 
26875431820070;0.120851;0.0121701;0.987768 0.133355 -0.080809 0.251306 -0.128437 0.989696 0.0632869 0.499002 0.088416 -0.0521339 0.994718 -0.41995 0 0 0 1 
26875431820071;0.559761;0.00969699;0.940093 -0.340621 0.0141872 0.999946 0.340528 0.940195 0.00861759 -1.29409 -0.0162741 -0.00327018 0.999862 0.410897 0 0 0 1 
26875431820072;0.11141;0.0122932;0.998572 -0.0532267 0.00459966 -0.150284 0.053396 0.997161 -0.0530965 -0.323181 -0.00176045 0.0532663 0.998579 0.00718161 0 0 0 1 
26875431820073;0.298534;0.0138877;0.952728 -0.303809 -0.00317354 0.260027 0.303825 0.952697 0.00762687 -1.51756 0.000706308 -0.00823053 0.999966 0.162579 0 0 0 1 
26875431820074;0.511902;0.0103678;0.944928 -0.23859 -0.224023 0.828957 0.187349 0.955588 -0.227488 -0.681768 0.26835 0.17299 0.947662 -1.67394 0 0 0 1 
26875431820075;0.368729;0.0119041;0.937855 -0.235291 0.25508 -0.200301 0.156218 0.942606 0.295111 -1.12775 -0.309877 -0.236923 0.920784 1.4881 0 0 0 1 
26875431820076;0.104083;0.00678238;0.999389 -0.0292963 -0.0190636 -0.0180727 0.0276686 0.996357 -0.0806675 0.0681728 0.0213574 0.0800908 0.996559 0.0253773 0 0 0 1 
26875431820077;0.334061;0.0102407;0.958631 0.280229 -0.0499767 0.46754 -0.276071 0.958076 0.0766445 1.29434 0.0693595 -0.0596767 0.995805 -0.787401 0 0 0 1 
26875431820078;0.46154;0.018603;0.965241 0.260104 0.0255997 -0.214028 -0.252881 0.954181 -0.15997 1.5705 -0.0660356 0.147936 0.98679 -0.0933063 0 0 0 1 
26875431820079;0.388175;0.0125003;0.884436 -0.213226 0.415099 -0.235022 0.132848 0.967746 0.214053 -0.913372 -0.447353 -0.134171 0.884236 1.73274 0 0 0 1 
26875431820080;0.446652;0.0177547;0.969493 0.244472 0.0178095 0.24284 -0.243993 0.969443 -0.0254351 1.21282 -0.0234835 0.0203138 0.999518 -0.685425 0 0 0 1 
26875431820081;0.390076;0.0167356;0.91903 0.39417 -0.0038604 0.70474 -0.384295 0.89374 -0.231398 2.00868 -0.08776 0.214146 0.972851 0.707228 0 0 0 1 
26875431820082;0.269988;0.0112926;0.992023 0.124416 -0.0202929 -0.113652 -0.119935 0.98108 0.151979 0.0772753 0.0388177 -0.148333 0.988175 -0.341959 0 0 0 1 
26875431820083;0.397996;0.0107439;0.917893 -0.328993 0.22189 0.440136 0.326973 0.94387 0.046874 -1.54625 -0.224857 0.0295267 0.973944 1.38644 0 0 0 1 
26875431820084;0.431462;0.0101185;0.984617 0.0918918 -0.148613 0.40463 -0.136199 0.936425 -0.323353 0.97178 0.109451 0.33862 0.934536 0.453442 0 0 0 1 
26875431820085;0.0561572;0.00867158;0.999251 -0.03806 0.00695762 -0.0997054 0.0380719 0.999274 -0.00158847 -0.142608 -0.00689211 0.00185217 0.999975 0.100271 0 0 0 1 
26875431820086;0.263745;0.0132162;0.973911 0.222125 0.0464572 0.345422 -0.223903 0.973895 0.0373558 0.603567 -0.0369468 -0.0467831 0.998222 -0.0611102 0 0 0 1 
26875431820087;0.254275;0.0125562;0.972786 -0.0874188 -0.21458 0.331848 0.126697 0.976071 0.176729 -0.789578 0.193996 -0.199106 0.960584 -1.16534 0 0 0 1 
26875431820088;0.2679;0.0156435;0.967259 0.253402 -0.0140748 0.477513 -0.253705 0.966893 -0.0274214 1.27394 0.00666015 0.0300944 0.999525 -0.261153 0 0 0 1 
26875431820089;0.093436;0.00884959;0.999304 0.0337515 -0.0158766 0.0614655 -0.0344599 0.998315 -0.0466909 0.344777 0.014274 0.0472055 0.998783 0.0319009 0 0 0 1 
26875431820090;0.279476;0.00938777;0.999207 0.0392991 0.00633578 0.193578 -0.0391253 0.998908 -0.0255491 -0.243372 -0.00733291 0.025281 0.999653 0.445412 0 0 0 1 
26875431820091;0.394578;0.0140854;0.992906 0.118413 0.0107749 0.255796 -0.118449 0.992956 0.00278459 0.508457 -0.0103692 -0.0040411 0.999938 -0.77367 0 0 0 1 
26875431820093;0.345934;0.0177192;0.933836 -0.309871 -0.178689 2.60255 0.302426 0.95073 -0.068205 -1.13455 0.19102 0.00965207 0.981539 -0.660396 0 0 0 1 
26875431820094;0.529735;0.0111318;0.940164 0.282826 0.190001 -2.55267 -0.269811 0.958533 -0.0917406 1.90838 -0.208069 0.0349868 0.977488 0.604903 0 0 0 1 
26875431820095;0.39088;0.014776;0.961719 -0.0119155 -0.273777 0.320304 0.0060702 0.999735 -0.0221879 -0.138565 0.273969 0.0196766 0.961537 -0.822816 0 0 0 1 
26875431820096;0.29099;0.260654;0.999615 0.0108064 -0.0255435 -0.000129788 -0.0115938 0.999456 -0.0308814 0.0799524 0.0251958 0.0311657 0.999197 -0.264254 0 0 0 1 
26875431820097;0.411668;0.0232177;0.959693 0.279394 0.03046 -1.77994 -0.279069 0.960161 -0.0145193 2.37585 -0.0333031 0.00543362 0.999431 0.0991229 0 0 0 1 
26875431820098;0.305728;0.0240469;0.964111 -0.199766 0.174882 0.969267 0.208571 0.97744 -0.0333153 -0.912802 -0.164281 0.068595 0.984026 0.207788 0 0 0 1 
26875431820099;0.324227;0.317077;0.999551 -0.0294114 -0.00565387 0.295441 0.0294131 0.999567 0.000212271 -0.0653297 0.00564518 -0.000378473 0.999984 -0.0415108 0 0 0 1 
26875431820100;0.476247;0.0224502;0.972673 -0.231352 -0.019584 1.92645 0.231662 0.972675 0.0153454 -0.499809 0.0154987 -0.019463 0.99969 -0.567783 0 0 0 1 
26875431820101;0.325622;0.00656841;0.955645 0.250342 0.155147 -1.74395 -0.188493 0.924637 -0.330933 1.79197 -0.226301 0.287011 0.930813 -0.724112 0 0 0 1 
26875431820102;0.315339;0.0172306;0.975232 0.221166 0.0029017 -1.20696 -0.217588 0.961649 -0.166993 1.23568 -0.0397236 0.162226 0.985954 -1.2556 0 0 0 1 
26875431820103;0.395286;0.0217518;0.996795 -0.0796773 0.00719992 0.327877 0.0797431 0.996771 -0.00936237 -0.328001 -0.00643071 0.0099065 0.99993 -0.775975 0 0 0 1 
26875431820104;0.491587;0.0283705;0.998981 0.0413202 0.0181751 0.413709 -0.0401823 0.997446 -0.0590546 0.59711 -0.0205688 0.0582641 0.998089 -0.85161 0 0 0 1 
26875431820105;0.296198;0.0187685;0.990804 -0.0407957 0.129009 0.175058 0.0788883 0.948811 -0.305834 0.222182 -0.109929 0.313199 0.943304 -1.04133 0 0 0 1 
26875431820106;0.351999;0.0172486;0.953053 -0.29091 -0.084034 1.94748 0.297084 0.952007 0.073649 -1.69906 0.0585757 -0.0951566 0.993737 0.448877 0 0 0 1 
26875431820107;0.398745;0.359969;0.998865 0.0361522 0.0310089 -0.357793 -0.0351577 0.998868 -0.0320384 0.24698 -0.0321321 0.0309119 0.999005 0.0559514 0 0 0 1 
26875431820108;0.476963;0.0247201;0.963566 0.256625 0.0753976 -1.74559 -0.261277 0.963396 0.0600273 2.3238 -0.0572331 -0.0775399 0.995345 1.06129 0 0 0 1 
26875431820109;0.419848;0.407396;0.999668 -0.0081944 -0.0244275 0.134478 0.00846606 0.999903 0.0110386 0.00417799 0.0243347 -0.0112418 0.999641 0.07703 0 0 0 1 
26875431820110;0.205033;0.0216745;0.996593 0.0161935 0.0808704 -0.00338194 -0.00974972 0.996791 -0.079448 0.405015 -0.0818974 0.0783889 0.993553 -0.206013 0 0 0 1 
26875431820111;0.333895;0.0188386;0.986541 -0.163425 0.00542776 1.3042 0.163512 0.986182 -0.0266377 -0.582775 -0.000999508 0.0271666 0.99963 0.384067 0 0 0 1 
26875431820112;0.392948;0.389232;0.994642 -0.0575915 -0.0858557 0.653573 0.0611857 0.997331 0.0398347 -0.297202 0.0833324 -0.0448744 0.995511 0.0342917 0 0 0 1 
26875431820113;0.35267;0.0233186;0.943726 -0.164199 0.287089 0.880793 0.239031 0.938558 -0.248945 -0.436714 -0.228573 0.303559 0.92499 -0.769917 0 0 0 1 
26875431820114;0.433722;0.32837;0.996489 -0.0657964 0.0517705 0.533669 0.0671083 0.997457 -0.0240209 -0.0499679 -0.0500583 0.0274108 0.99837 -5.28077e-05 0 0 0 1 
26875431820115;0.334392;0.0201555;0.974323 -0.221275 0.0416104 1.90297 0.196706 0.926477 0.320854 -0.852076 -0.109548 -0.30443 0.946214 2.48903 0 0 0 1 
26875431820116;0.39563;0.0175792;0.952495 -0.253198 0.169246 2.35883 0.260242 0.965327 -0.0204456 -1.33606 -0.158201 0.0635192 0.985362 0.496836 0 0 0 1 
26875431820117;0.505945;0.0157308;0.967825 0.251561 -0.00564337 -2.16152 -0.251504 0.966425 -0.0526088 0.891468 -0.00778041 0.0523354 0.998599 -0.539929 0 0 0 1 
26875431820118;0.542637;0.490908;0.997863 0.0102987 0.0645291 -0.129052 -0.0122002 0.999501 0.0291422 -0.00566238 -0.0641968 -0.0298672 0.99749 0.453184 0 0 0 1 
26875431820119;0.33961;0.283377;0.999081 -0.00547145 -0.0425195 0.085426 0.00518646 0.999963 -0.0068098 -0.0719364 0.0425552 0.00658302 0.999072 -0.093401 0 0 0 1 
26875431820120;0.431883;0.0272383;0.987923 0.133072 -0.079366 -0.15042 -0.0947024 0.92401 0.370454 0.402388 0.122632 -0.358464 0.925454 1.86303 0 0 0 1 
26875431820121;0.296141;0.0164779;0.934728 -0.351873 -0.0496897 2.74788 0.350514 0.935936 -0.0341169 -1.40324 0.0585112 0.0144731 0.998182 -0.583016 0 0 0 1 
26875431820122;0.699318;0.0194661;0.902313 0.0520441 0.427928 -1.18861 -0.0839918 0.994886 0.0561051 -0.140708 -0.42282 -0.0865668 0.90207 3.2228 0 0 0 1 
26875431820124;0.463953;0.0276632;0.981604 0.0764918 -0.174934 -0.158183 -0.107126 0.979079 -0.172999 1.17149 0.158041 0.188556 0.969262 -3.16308 0 0 0 1 
26875431820125;0.172503;0.0259172;0.973434 0.226041 -0.0364853 -1.85714 -0.225171 0.973959 0.0264825 1.37602 0.0415214 -0.0175636 0.998983 -0.0525039 0 0 0 1 
26875431820126;0.469661;0.0365348;0.999956 -0.00743507 -0.00563221 -0.429487 0.00713061 0.998607 -0.0522738 0.447458 0.00601302 0.0522314 0.998617 0.107753 0 0 0 1 
26875431820127;0.198437;0.0351407;0.996782 -0.0798112 -0.00750967 0.654031 0.0797963 0.996809 -0.00225222 -0.0913498 0.00766546 0.00164573 0.999969 -0.0679781 0 0 0 1 
26875431820128;0.38452;0.325033;0.999217 -0.0395448 -0.00143393 0.418365 0.039553 0.999198 0.0061822 -0.331258 0.00118831 -0.00623407 0.99998 -0.145857 0 0 0 1 
26875431820129;0.474436;0.0406571;0.937627 -0.337468 0.0834943 3.41935 0.345517 0.931137 -0.116624 -1.19513 -0.0383878 0.138198 0.98966 -1.65668 0 0 0 1 
26875431820130;0.313572;0.0208414;0.994696 -0.102045 -0.0129205 0.869047 0.10173 0.994545 -0.0230699 -0.565203 0.0152042 0.0216332 0.99965 -0.83711 0 0 0 1 
26875431820131;0.549583;0.0239797;0.992341 0.121108 -0.0243276 -1.62805 -0.117594 0.98648 0.114141 0.439806 0.037822 -0.110406 0.993167 1.5882 0 0 0 1 
26875431820132;0.557397;0.517146;0.998337 0.0536481 0.0210781 -0.52606 -0.0522818 0.996783 -0.0607551 0.312712 -0.0242696 0.0595521 0.99793 -0.184877 0 0 0 1 
26875431820133;0.523064;0.290535;0.998924 -0.0337709 0.0317733 0.36596 0.0306889 0.995199 0.092935 -0.303937 -0.0347592 -0.0918599 0.995165 1.51344 0 0 0 1 
26875431820134;0.28355;0.0275056;0.9808 0.192028 0.0339982 -1.88925 -0.19204 0.981383 -0.00296056 1.40171 -0.0339337 -0.00362528 0.999418 -0.0302586 0 0 0 1 
26875431820135;0.398345;0.0268006;0.981304 -0.0416151 -0.187911 0.43956 0.0715495 0.985249 0.155449 -0.553196 0.17867 -0.165988 0.969807 1.17135 0 0 0 1 
26875431820136;0.188337;0.0229885;0.996339 0.0717881 0.0464154 -0.823951 -0.0710643 0.997326 -0.0170617 0.686278 -0.0475161 0.0137008 0.998777 0.138644 0 0 0 1 
26875431820137;0.314888;0.0278944;0.936655 -0.0184789 0.349764 -0.0695731 0.0433887 0.997037 -0.0635171 -0.210718 -0.347554 0.0746695 0.934682 1.31793 0 0 0 1 
26875431820138;0.521003;0.0120149;0.999755 0.0216226 0.00466237 -0.510833 -0.0216156 0.999765 -0.00154763 -0.33632 -0.00469474 0.00144647 0.999988 0.825471 0 0 0 1 
26875431820139;0.534563;0.0227257;0.96371 -0.217525 -0.154744 2.95596 0.197003 0.970695 -0.137624 -1.19174 0.180146 0.102145 0.978322 -1.71672 0 0 0 1 
26875431820140;0.635129;0.36515;0.983885 0.0553292 -0.170024 0.159872 -0.0575418 0.99831 -0.00810971 0.539578 0.169288 0.0177625 0.985407 -0.824238 0 0 0 1 
26875431820141;0.451247;0.203349;0.992539 -0.119814 -0.022617 1.14814 0.12151 0.987344 0.101919 -1.10162 0.0101194 -0.103907 0.994536 1.25593 0 0 0 1 
26875431820142;0.45211;0.0235694;0.966627 0.0581905 -0.249491 -0.697632 -0.0825105 0.992684 -0.088148 0.811622 0.242537 0.105792 0.964357 -1.74205 0 0 0 1 
26875431820143;0.371493;0.321875;0.998717 0.01378 0.0487339 -0.15426 -0.015475 0.999282 0.0345777 -0.0727494 -0.0482225 -0.0352875 0.998213 0.575425 0 0 0 1 
26875431820144;0.382734;0.0209408;0.975896 0.0141486 0.217778 -0.212747 0.0623979 0.938149 -0.340564 0.915814 -0.209127 0.345944 0.914652 -1.97992 0 0 0 1 
26875431820145;0.502979;0.0358585;0.96855 0.243845 0.0494994 -2.29758 -0.24234 0.969577 -0.0345081 2.09005 -0.0564082 0.0214271 0.998178 -0.504258 0 0 0 1 
26875431820146;0.275674;0.0326617;0.956524 0.290323 0.0278094 -2.18806 -0.291623 0.953423 0.0770802 1.97765 -0.00413594 -0.081839 0.996637 0.58705 0 0 0 1 
26875431820147;0.238197;0.0238694;0.991242 0.0425062 -0.125032 0.0109201 -0.0563489 0.992405 -0.109347 0.652336 0.119435 0.115435 0.986109 -1.48067 0 0 0 1 
26875431820148;0.24302;0.0164313;0.985786 -0.131273 0.104852 1.01247 0.148214 0.973384 -0.174801 -0.669167 -0.0791146 0.187856 0.979005 -1.40776 0 0 0 1 
26875431820149;0.23664;0.0346696;0.943445 -0.323547 0.0723121 3.02899 0.328546 0.941639 -0.073305 -1.25206 -0.0443742 0.0929171 0.994685 -0.59822 0 0 0 1 
26875431820150;0.324251;0.0225034;0.984827 -0.169708 -0.0362639 1.62036 0.165376 0.981118 -0.100286 -0.819152 0.0525985 0.0927668 0.994298 -0.582737 0 0 0 1 
26875431820151;0.348638;0.194496;0.995413 -0.0653732 -0.0698503 0.727181 0.0704164 0.99489 0.0723588 -0.640544 0.064763 -0.0769455 0.99493 0.470964 0 0 0 1 
26875431820152;0.39459;0.0273903;0.994194 -0.0795252 0.0724884 0.409179 0.0838751 0.994723 -0.0590783 -0.207039 -0.0674077 0.0648153 0.995618 -0.88651 0 0 0 1 
26875431820153;0.461448;0.0230576;0.960461 0.27504 -0.0432218 -2.03783 -0.272979 0.960818 0.0480659 1.64925 0.0547483 -0.0343667 0.997909 -0.698464 0 0 0 1 
26875431820155;0.281618;0.0158386;0.997572 0.0449241 -0.0532153 0.452637 -0.0458007 0.998832 -0.0153677 0.0833441 0.0524627 0.0177677 0.998465 -0.0569061 0 0 0 1 
26875431820156;0.544215;0.0169206;0.980378 0.193576 -0.0372602 -0.0672474 -0.192891 0.980991 0.0211994 0.166219 0.0406556 -0.0135962 0.999081 0.692009 0 0 0 1 
26875431820157;0.2633;0.0153159;0.98262 -0.185625 0.000609397 0.0689878 0.17981 0.951008 -0.251501 -0.120341 0.0461055 0.24724 0.967857 -0.0967505 0 0 0 1 
26875431820158;0.308459;0.233383;0.998372 0.0555005 -0.0131454 0.0720843 -0.0553138 0.998369 0.0141672 0.183623 0.0139103 -0.013417 0.999813 0.123115 0 0 0 1 
26875431820159;0.600497;0.0104617;0.998047 0.0528284 0.0333461 0.76699 -0.0478237 0.989516 -0.136275 0.0448038 -0.0401957 0.134414 0.99011 0.580807 0 0 0 1 
26875431820160;0.450407;0.282292;0.959506 -0.149214 0.238922 -0.0879469 0.158807 0.98708 -0.0213048 -0.297974 -0.232656 0.0583847 0.970805 0.564533 0 0 0 1 
26875431820161;0.500041;0.0189012;0.974286 -0.223169 -0.0310358 -0.280046 0.221708 0.974097 -0.044497 -0.603837 0.0401622 0.0364719 0.998527 0.519239 0 0 0 1 
26875431820162;0.266888;0.0171298;0.977119 0.147496 0.153245 -0.133601 -0.11652 0.973963 -0.19447 0.139649 -0.177938 0.172164 0.968864 0.558494 0 0 0 1 
26875431820163;0.112835;0.0122065;0.992705 -0.00652149 0.120392 -0.0210582 0.00131149 0.999061 0.0433038 0.00275509 -0.120561 -0.04283 0.991781 0.420192 0 0 0 1 
26875431820164;0.259006;0.0833354;0.993882 -0.109322 -0.0157051 0.000401407 0.109534 0.993893 0.0133639 -0.392037 0.0141482 -0.0150024 0.999787 -0.234156 0 0 0 1 
26875431820165;0.440579;0.29675;0.986473 0.153651 -0.0571253 0.0683289 -0.147074 0.983481 0.105517 0.358189 0.0723944 -0.0956879 0.992775 -0.356583 0 0 0 1 
26875431820166;0.350624;0.301254;0.999346 -0.0205762 -0.0297458 -0.0531623 0.0200382 0.999632 -0.0182706 0.00424517 0.0301108 0.0176626 0.999391 -0.0857249 0 0 0 1 
26875431820167;0.350308;0.0154879;0.977397 -0.195175 0.0812501 0.399983 0.206939 0.961877 -0.1788 -0.142235 -0.0432554 0.191572 0.980525 0.0682152 0 0 0 1 
26875431820168;0.226339;0.0190921;0.983602 -0.0613493 -0.169598 0.341566 0.0529953 0.997168 -0.0533573 -0.258294 0.172392 0.0434944 0.984068 -0.424862 0 0 0 1 
26875431820169;0.436398;0.00918135;0.998885 -0.0469172 -0.00518894 0.245024 0.0469318 0.998894 0.00274223 0.229155 0.00505454 -0.0029827 0.999983 0.559367 0 0 0 1 
26875431820170;0.561995;0.0173718;0.975517 0.0321641 0.217557 -0.475709 -0.0147184 0.996578 -0.0813396 -0.494566 -0.219429 0.0761461 0.972652 0.0184857 0 0 0 1 
26875431820171;0.275385;0.00936725;0.997689 0.0650188 0.0197332 -0.0554578 -0.0652439 0.997809 0.0109858 0.130747 -0.0189757 -0.0122479 0.999745 0.488438 0 0 0 1 
26875431820172;0.126727;0.0169235;0.999845 -0.00475454 0.0169725 -0.0210384 0.00630042 0.995718 -0.0922232 0.0308071 -0.0164613 0.0923158 0.995594 0.216828 0 0 0 1 
26875431820173;0.248339;0.0175427;0.987108 -0.110857 0.115448 -0.124928 0.108094 0.99369 0.0299404 0.0360356 -0.118039 -0.0170751 0.992862 0.380828 0 0 0 1 
26875431820174;0.442063;0.269794;0.973165 -0.125536 0.192848 -0.105349 0.125391 0.992022 0.0130057 -0.463502 -0.192943 0.0115248 0.981142 0.434801 0 0 0 1 
26875431820175;0.573407;0.247395;0.942946 0.155615 -0.294341 0.809925 -0.228071 0.945961 -0.230524 0.89631 0.242562 0.284503 0.927481 -0.923526 0 0 0 1 
26875431820176;0.270556;0.0128799;0.991316 0.128669 -0.0271287 -0.330807 -0.131296 0.979929 -0.150002 0.323247 0.00728355 0.152261 0.988313 -0.00741784 0 0 0 1 
26875431820177;0.516211;0.0172222;0.995083 0.0558316 -0.0818043 -0.477789 -0.0698674 0.981136 -0.180254 -0.275056 0.0701973 0.185083 0.980213 -0.0303669 0 0 0 1 
26875431820178;0.516876;0.228885;0.985156 -0.121966 -0.120798 0.321005 0.137827 0.981477 0.133066 -0.592387 0.102331 -0.14774 0.983718 0.395258 0 0 0 1 
26875431820179;0.506678;0.506869;0.999099 0.0389368 0.0168795 -0.0631208 -0.0388159 0.999219 -0.00743265 0.175221 -0.0171557 0.00677076 0.99983 -0.0125871 0 0 0 1 
26875431820180;0.166082;0.0204012;0.997281 -0.0118296 0.072734 -0.211893 0.00532985 0.996025 0.0889163 0.0725109 -0.0734967 -0.0882869 0.99338 0.159113 0 0 0 1 
26875431820181;0.220973;0.159641;0.998211 -0.0518947 0.0297053 0.0867646 0.0497949 0.996474 0.0675264 -0.219065 -0.0331048 -0.0659264 0.997275 0.161825 0 0 0 1 
26875431820182;0.311591;0.0186388;0.999989 0.00462112 -7.64936e-05 0.47522 -0.00462162 0.999948 -0.00913866 0.0642263 3.42588e-05 0.00913892 0.999958 -0.0823495 0 0 0 1 
26875431820183;0.378261;0.254561;0.982286 0.176293 -0.0635156 0.0465736 -0.169401 0.98034 0.101181 0.512823 0.0801045 -0.0886294 0.992838 -0.244186 0 0 0 1 
26875431820184;0.707951;0.282517;0.992318 -0.112231 0.0520586 -0.11475 0.112915 0.99355 -0.0103905 -0.290843 -0.0505567 0.0161889 0.99859 -0.615331 0 0 0 1 
26875431820186;0.0232744;0.0187466;0.999998 -0.00112696 0.00137732 -0.00407943 0.00112583 0.999999 0.000822547 -0.0415702 -0.00137824 -0.000820995 0.999999 0.0243574 0 0 0 1 
26875431820187;0.469951;0.0313111;0.997461 -0.0508656 0.0498348 0.110394 0.0503731 0.998669 0.0110903 0.0257787 -0.0503326 -0.0085518 0.998696 -0.72653 0 0 0 1 
26875431820188;0.333415;0.258008;0.999715 0.0100618 0.0216356 0.0595521 -0.00975452 0.999851 -0.0142606 0.159752 -0.0217758 0.0140455 0.999664 -0.0320601 0 0 0 1 
26875431820189;0.215891;0.0283854;0.99958 -0.0210297 0.019915 0.00453186 0.0239342 0.986973 -0.159096 0.302613 -0.0163098 0.159505 0.987062 0.0707509 0 0 0 1 
26875431820190;0.353199;0.0278234;0.999268 -0.00391416 -0.038045 0.127415 0.00418385 0.999967 0.00701187 -0.0682201 0.0380163 -0.00716591 0.999251 0.57303 0 0 0 1 
26875431820191;0.375035;0.0876241;0.898739 0.102024 -0.426449 0.578323 -0.0778956 0.994234 0.0736958 0.0218751 0.431509 -0.0330148 0.901504 -0.37432 0 0 0 1 
26875431820192;0.269163;0.0360167;0.998768 -0.0328863 0.0371729 -0.158067 0.0332768 0.999397 -0.00993513 0.32426 -0.0368237 0.0111599 0.999259 0.242852 0 0 0 1 
26875431820193;0.42369;0.122975;0.943748 -0.129322 0.304328 -0.20556 0.204168 0.951857 -0.228656 -0.0359279 -0.260107 0.277928 0.924717 0.492696 0 0 0 1 
26875431820194;0.276623;0.253033;0.999709 0.0189155 0.0149718 0.0287699 -0.0184512 0.999362 -0.0305654 0.102447 -0.0155404 0.0302802 0.999421 0.111576 0 0 0 1 
26875431820195;0.12753;0.0215992;0.997246 0.0737473 0.00785392 -0.182005 -0.0738713 0.997125 0.0168922 0.0582632 -0.00658558 -0.0174259 0.999826 -0.121302 0 0 0 1 
26875431820196;0.182656;0.0223778;0.998378 -0.0569241 0.0011658 -0.118042 0.0569301 0.997769 -0.0348774 -0.338434 0.000822165 0.0348872 0.999391 -0.12697 0 0 0 1 
26875431820197;0.141522;0.0213165;0.999278 0.0337392 -0.0174417 -0.247284 -0.0331012 0.998816 0.0356546 0.0502359 0.018624 -0.0350515 0.999212 -0.080964 0 0 0 1 
26875431820198;0.296595;0.210319;0.99887 -0.0364121 -0.0305447 0.127322 0.0359893 0.99925 -0.0142819 0.0386553 0.0310418 0.0131664 0.999431 -0.181024 0 0 0 1 
26875431820199;0.374604;0.34719;0.999183 -0.0243684 -0.0322539 0.0663918 0.0253362 0.99923 0.029947 -0.0840488 0.0314993 -0.0307397 0.999031 0.0688156 0 0 0 1 
26875431820200;0.14975;0.0298445;0.998991 0.0179858 -0.0411474 -0.219094 -0.0144026 0.99621 0.0857773 0.0478431 0.0425342 -0.0850981 0.995464 0.00154154 0 0 0 1 
26875431820201;0.180431;0.0309937;0.995699 -0.0393274 -0.0838912 0.330713 0.0405691 0.99909 0.0131473 -0.173168 0.0832978 -0.0164941 0.996388 -0.138557 0 0 0 1 
26875431820202;0.0568232;0.0266855;0.999496 -0.0307068 -0.00800369 -0.0210541 0.0302645 0.998265 -0.0505072 0.000919168 0.00954071 0.0502396 0.998692 -0.0396374 0 0 0 1 
26875431820203;0.370175;0.350422;0.999953 -0.00729826 -0.00631029 0.00706001 0.00740691 0.999822 0.0173695 0.0296902 0.0061824 -0.0174154 0.999829 -0.0311508 0 0 0 1 
26875431820204;0.336699;0.305567;0.999129 0.0417164 -0.000603171 -0.0377653 -0.0416903 0.997744 -0.052629 0.192341 -0.00159368 0.0526083 0.998614 -0.0285076 0 0 0 1 
26875431820205;0.579018;0.320252;0.993411 -0.000664739 0.1146 0.463571 -0.00239059 0.999645 0.0265212 -0.292239 -0.114577 -0.0266205 0.993058 -0.0361358 0 0 0 1 
26875431820206;0.454909;0.208805;0.983137 -0.00841119 0.182678 -0.131162 0.0282773 0.993919 -0.106419 -0.219523 -0.180672 0.10979 0.977396 0.727503 0 0 0 1 
26875431820207;0.201469;0.162973;0.999687 0.0244706 0.00525611 -0.0482001 -0.024602 0.999343 0.0266053 -0.0115825 -0.00460161 -0.0267263 0.999632 0.059716 0 0 0 1 
26875431820208;0.418791;0.375352;0.999944 -0.00725242 0.00766335 -0.0688659 0.00683574 0.998568 0.0530668 -0.0648057 -0.00803724 -0.0530115 0.998562 -0.04477 0 0 0 1 
26875431820209;0.261543;0.24875;0.999574 -0.028173 0.00766979 0.00261233 0.0282272 0.999577 -0.00706368 0.00659834 -0.00746754 0.00727717 0.999946 0.0425977 0 0 0 1 
26875431820210;0.579052;0.362968;0.997966 -0.059047 0.0240276 -0.354521 0.0568299 0.994815 0.0843416 -0.269758 -0.0288831 -0.0828046 0.996147 -0.0278292 0 0 0 1 
26875431820211;0.254845;0.144389;0.998557 -0.0467229 -0.0264885 0.114663 0.0460133 0.998581 -0.0267935 -0.119946 0.0277028 0.025536 0.99929 0.202825 0 0 0 1 
26875431820212;0.320883;0.0237919;0.965332 -0.121683 0.230926 0.0239075 0.148026 0.983879 -0.100352 -0.245855 -0.214993 0.131056 0.967782 0.718526 0 0 0 1 
26875431820213;0.233658;0.0360353;0.998752 -0.0492358 0.00841366 -0.11773 0.0498457 0.993287 -0.104383 -0.0405949 -0.00321779 0.104672 0.994502 -0.385579 0 0 0 1 
26875431820214;0.442932;0.0277669;0.982467 0.0394017 -0.182228 0.341941 -0.0827661 0.967996 -0.236924 0.532785 0.167061 0.247852 0.954285 0.265541 0 0 0 1 
26875431820215;0.292551;0.0417358;0.972659 0.0623141 0.223723 0.0386843 -0.0160472 0.979061 -0.202933 -0.189229 -0.231684 0.193795 0.953292 0.363405 0 0 0 1 
26875431820217;0.53888;0.0156715;0.946047 -0.262905 0.189412 1.0379 0.314246 0.886972 -0.338422 -0.691445 -0.0790298 0.379685 0.921734 -0.367967 0 0 0 1 
26875431820218;0.132212;0.015706;0.999912 -0.0101831 -0.00848114 0.0102281 0.0100127 0.999752 -0.0198925 0.15631 0.0086816 0.0198058 0.999766 0.117435 0 0 0 1 
26875431820219;0.276971;0.00592573;0.991454 -0.0562064 0.117725 0.407405 0.0588967 0.998074 -0.0194975 -0.63405 -0.116403 0.0262645 0.992855 0.361982 0 0 0 1 
26875431820220;0.346183;0.328514;0.998306 0.0554171 0.0176983 -0.1267 -0.0552935 0.998443 -0.00740075 0.136901 -0.0180809 0.00640962 0.999816 0.22203 0 0 0 1 
26875431820221;0.22686;0.00719818;0.999978 -0.00520087 0.00404721 0.418866 0.00519504 0.999985 0.00144897 -0.035906 -0.00405469 -0.00142791 0.999991 -0.258165 0 0 0 1 
26875431820222;0.271182;0.249883;0.99908 0.0267313 0.0335275 -0.0684835 -0.0268669 0.999633 0.00360229 0.0856682 -0.0334189 -0.00449976 0.999431 0.138635 0 0 0 1 
26875431820223;0.173034;0.0138802;0.999981 -0.00581005 0.00224883 -0.155459 0.00579891 0.999971 0.0049303 -0.182063 -0.00227741 -0.00491716 0.999985 -0.264476 0 0 0 1 
26875431820224;0.421446;0.0151324;0.996028 0.0520905 0.0722171 -0.695364 -0.0571792 0.995887 0.0702852 -0.353999 -0.0682588 -0.0741354 0.994909 0.62188 0 0 0 1 
26875431820225;0.149136;0.0137516;0.983821 0.17897 -0.00817907 -0.13647 -0.178037 0.981747 0.0668948 0.763598 0.0200019 -0.0643563 0.997727 -0.0560195 0 0 0 1 
26875431820226;0.0692592;0.00923722;0.999411 -0.0341986 0.00267625 0.170709 0.0342304 0.99933 -0.0129298 -0.128585 -0.00223228 0.0130138 0.999913 -0.0434846 0 0 0 1 
26875431820227;0.394953;0.248353;0.992738 0.101639 0.0643551 -0.413508 -0.106005 0.992003 0.0685025 0.189481 -0.0568779 -0.074827 0.995573 -0.0959429 0 0 0 1 
26875431820228;0.385763;0.016624;0.999651 -0.0264185 -5.65078e-06 -0.255542 0.0262805 0.994451 -0.101861 0.643916 0.00269663 0.101825 0.994799 0.120793 0 0 0 1 
26875431820229;0.236316;0.013582;0.979565 -0.102094 0.17329 0.171115 0.0990847 0.99474 0.0259538 -0.141103 -0.175029 -0.00825303 0.984529 0.815039 0 0 0 1 
26875431820230;0.353557;0.260216;0.987007 0.149855 0.0579741 -0.352781 -0.145142 0.9863 -0.0784021 0.967781 -0.0689288 0.0689689 0.995235 0.246453 0 0 0 1 
26875431820231;0.448584;0.0163471;0.999446 0.00474196 0.0329524 -0.233512 -0.00346411 0.999244 -0.0387283 0.272311 -0.0331112 0.0385926 0.998706 -0.781955 0 0 0 1 
26875431820232;0.290281;0.0121845;0.964858 -0.195393 0.1757 0.55475 0.135116 0.942387 0.306023 -0.641021 -0.225372 -0.271529 0.935671 1.27453 0 0 0 1 
26875431820233;0.217224;0.0112881;0.995769 -0.0781808 -0.0482804 0.579346 0.0777758 0.996919 -0.0102134 -0.31941 0.0489301 0.00641517 0.998782 -0.28775 0 0 0 1 
26875431820234;0.288361;0.00902151;0.985057 -0.16213 -0.0581051 0.34652 0.166488 0.982771 0.0802698 -1.33145 0.0440899 -0.0887442 0.995078 -0.328168 0 0 0 1 
26875431820235;0.189456;0.0132196;0.976694 -0.153692 -0.149828 0.539779 0.157941 0.987305 0.0168134 -0.769956 0.145342 -0.0400856 0.988569 -0.661824 0 0 0 1 
26875431820236;0.315102;0.0161914;0.938349 0.23032 0.257788 -0.15657 -0.208571 0.971898 -0.109142 1.28164 -0.275681 0.0486456 0.960018 1.47968 0 0 0 1 
26875431820237;0.012092;0.00779865;0.999981 -0.00570689 0.00213956 0.0185469 0.0057071 0.999984 -9.15121e-05 -0.0431466 -0.00213901 0.000103721 0.999998 0.0288267 0 0 0 1 
26875431820238;0.26454;0.012348;0.953922 -0.278199 0.112418 0.534621 0.267778 0.958343 0.0993629 -1.41189 -0.135377 -0.0646815 0.988681 0.92461 0 0 0 1 
26875431820239;0.246987;0.0125591;0.99947 0.0288007 0.0151981 -0.292461 -0.0302222 0.994167 0.103535 -0.336446 -0.0121276 -0.10394 0.99451 0.155749 0 0 0 1 
26875431820240;0.363487;0.165851;0.950295 0.264863 -0.163666 -0.166304 -0.246931 0.961326 0.121971 0.96625 0.189642 -0.0754939 0.978947 -1.02402 0 0 0 1 
26875431820241;0.468508;0.125035;0.925742 -0.376698 0.0331618 0.287848 0.376567 0.926332 0.010351 -2.0311 -0.034618 0.00290522 0.999396 0.605931 0 0 0 1 
26875431820242;0.496458;0.0481138;0.964439 -0.209008 -0.161779 0.83961 0.255112 0.896164 0.363054 -1.91155 0.0690997 -0.391415 0.917616 -0.126128 0 0 0 1 
26875431820243;0.419239;0.227298;0.97337 0.0693835 0.21849 -0.368742 -0.0602899 0.997025 -0.0480239 0.19284 -0.221172 0.0335723 0.974657 0.818176 0 0 0 1 
26875431820244;0.327061;0.020895;0.999978 -0.00503334 0.00435177 -0.484502 0.00548149 0.993918 -0.109988 0.466783 -0.00377169 0.110009 0.993923 -0.00993213 0 0 0 1 
26875431820245;0.440644;0.0137333;0.912551 0.0498874 0.405908 -0.378923 -0.0967645 0.990688 0.0957847 0.231404 -0.39735 -0.126686 0.908881 1.9443 0 0 0 1 
26875431820246;0.33651;0.0102657;0.988551 -0.0594141 0.1387 -0.0639868 0.0476303 0.995088 0.0867866 -0.642842 -0.143175 -0.0791866 0.986524 0.246579 0 0 0 1 
26875431820248;0.482971;0.0170025;0.938404 -0.0809631 -0.335921 0.842177 0.11522 0.989841 0.0832989 -0.392978 0.325764 -0.116873 0.9382 -2.35019 0 0 0 1 
26875431820249;0.481186;0.0174888;0.970929 -0.192186 -0.142692 0.351391 0.181234 0.979649 -0.0862672 -0.715013 0.156367 0.0578988 0.986001 0.289347 0 0 0 1 
26875431820250;0.362957;0.0216214;0.966089 0.22449 0.127576 0.14825 -0.208741 0.969839 -0.125857 1.52204 -0.151982 0.0949586 0.983811 0.480954 0 0 0 1 
26875431820251;0.294996;0.0187741;0.995504 0.093666 -0.0141172 0.641157 -0.0926075 0.99372 0.0628041 0.102708 0.0199111 -0.0612143 0.997926 -0.332916 0 0 0 1 
26875431820252;0.28587;0.0153607;0.999682 -0.0252309 -0.000472982 0.310751 0.0252312 0.999681 0.000619487 -0.629713 0.000457201 -0.000631224 1 0.234375 0 0 0 1 
26875431820253;0.612372;0.0168236;0.958774 0.0892683 -0.269783 1.16242 -0.0254687 0.97255 0.231294 -0.950457 0.283025 -0.214888 0.93473 -1.1353 0 0 0 1 
26875431820254;0.431445;0.391473;0.999604 0.0269952 0.00793497 -0.00905732 -0.0266059 0.998604 -0.045637 0.222952 -0.00915587 0.0454078 0.998927 -0.00668837 0 0 0 1 
26875431820255;0.351175;0.0222349;0.999627 -0.0261178 0.00802219 -0.273157 0.0260408 0.999615 0.00955332 0.00244715 -0.00826862 -0.00934085 0.999922 0.778207 0 0 0 1 
26875431820256;0.151421;0.0162682;0.982156 0.188011 -0.00461059 0.148968 -0.188052 0.982095 -0.011251 0.873899 0.00241273 0.0119173 0.999926 -0.0111979 0 0 0 1 
