#;prob_registration_l1 -r /home/probabilistic_point_clouds_registration/build/tester /home/point_clouds_registration_benchmark//devel/registration_pairs/apartment_local.txt /home/point_clouds_registration_benchmark//eth/apartment -s 0.2 -t 0.2 -p 0.3 -r 1000 -m 10 -i 100 
id;initial_error;final_error;transformation
13001298760000;0.820981;1.40349;20;0.920788 -0.363142 0.142398 -0.366982 0.343257 0.927765 0.146377 -3.27785 -0.185268 -0.0859032 0.978926 0.389998 0 0 0 1 
13001298760001;0.68771;1.37237;24;0.955595 -0.257439 -0.143398 0.370098 0.292792 0.884507 0.363209 -2.74112 0.0333324 -0.389067 0.920606 0.467303 0 0 0 1 
13001298760002;0.636186;0.451515;14;0.976773 0.159624 -0.142951 0.156927 -0.115236 0.95376 0.277603 -0.437056 0.180653 -0.254682 0.950001 -0.981757 0 0 0 1 
13001298760003;0.411513;1.2986;20;0.961075 -0.272112 0.0478537 0.101865 0.269728 0.961594 0.0508364 -2.28035 -0.059849 -0.0359502 0.99756 -0.168922 0 0 0 1 
13001298760004;0.857932;1.35021;19;0.938075 -0.322791 -0.125781 0.100405 0.316058 0.946095 -0.0707959 -2.22733 0.141853 0.0266578 0.989529 0.501888 0 0 0 1 
13001298760005;0.460674;1.20609;19;0.973304 0.226326 0.0381436 0.0363729 -0.226424 0.974027 -0.00179517 -1.00267 -0.0375592 -0.00688937 0.999271 0.501556 0 0 0 1 
13001298760006;0.655521;0.887124;18;0.97628 0.216385 -0.00739691 -0.7185 -0.216398 0.976305 -0.000923888 -0.17963 0.00702172 0.00250265 0.999972 0.324483 0 0 0 1 
13001298760007;0.308888;0.464189;15;0.878574 0.329995 0.34527 0.201892 -0.383791 0.918084 0.0991254 0.556243 -0.284276 -0.2196 0.933254 0.962221 0 0 0 1 
13001298760008;0.466988;0.459881;14;0.935073 0.336581 0.111136 -0.042924 -0.341678 0.93934 0.0299602 0.212088 -0.0943108 -0.0659879 0.993353 0.0204997 0 0 0 1 
13001298760009;0.423945;0.588073;17;0.93344 0.355407 0.0487363 -0.00191394 -0.33809 0.916991 -0.211714 0.650326 -0.119935 0.181145 0.976116 -0.0704571 0 0 0 1 
13001298760010;0.258498;0.481741;12;0.97574 0.216545 -0.0322522 0.0389899 -0.218095 0.97428 -0.0566903 0.410184 0.0191467 0.062349 0.997871 0.0368883 0 0 0 1 
13001298760011;0.784351;1.7458;28;0.966942 0.247268 0.0623038 -0.130105 -0.253614 0.907141 0.335819 -1.37072 0.026519 -0.340519 0.939864 -0.791721 0 0 0 1 
13001298760012;0.622128;0.45137;14;0.955882 0.293644 -0.00799838 0.332704 -0.292318 0.953548 0.0727785 -0.142827 0.0289978 -0.0672296 0.997316 0.192146 0 0 0 1 
13001298760013;0.398004;0.458065;17;0.882751 0.426946 0.196131 0.192223 -0.387503 0.897644 -0.209946 0.775247 -0.265691 0.109329 0.957839 1.18081 0 0 0 1 
13001298760014;0.755219;0.996118;17;0.988271 0.0802311 -0.129935 0.359868 -0.0720772 0.995194 0.0662924 -0.616494 0.134629 -0.0561495 0.989304 -1.02813 0 0 0 1 
13001298760015;0.388158;0.754675;15;0.948637 0.270351 -0.164309 0.186012 -0.270542 0.962465 0.0216504 0.301789 0.163995 0.0239143 0.986171 -0.235029 0 0 0 1 
13001298760016;0.851768;0.603652;17;0.942999 0.33218 -0.0202481 0.924811 -0.331201 0.94269 0.0405158 0.946344 0.0325462 -0.0315001 0.998974 0.34412 0 0 0 1 
13001298760017;0.399547;0.444911;14;0.938409 0.345059 -0.0179834 0.214595 -0.345517 0.937502 -0.0413196 0.540188 0.00260178 0.0449883 0.998984 0.391929 0 0 0 1 
13001298760018;0.820633;0.568234;18;0.930982 0.308409 -0.195335 -0.0321402 -0.31384 0.94947 0.00330508 0.36482 0.186484 0.0582269 0.980731 0.44471 0 0 0 1 
13001298760019;0.329854;0.383502;13;0.991759 0.0994256 -0.0808031 -0.00573094 -0.0943838 0.993477 0.0639953 -0.349633 0.0866387 -0.0558414 0.994674 -0.256065 0 0 0 1 
13001298760020;0.847185;0.549356;16;0.962232 0.271519 0.0196656 -0.190908 -0.271815 0.962243 0.0143212 0.595991 -0.0150346 -0.0191257 0.999704 0.810226 0 0 0 1 
13001298760021;0.886722;1.32721;21;0.894105 -0.252003 -0.370232 0.92543 0.339951 0.920063 0.194725 -2.88545 0.291565 -0.299965 0.908301 -1.27933 0 0 0 1 
13001298760022;0.59893;0.574729;18;0.92606 0.315857 -0.206511 0.476261 -0.242367 0.917252 0.316082 -0.0689657 0.289259 -0.24266 0.925984 -1.27708 0 0 0 1 
13001298760023;0.367247;0.41008;12;0.993433 0.0961795 0.0619779 -0.194855 -0.100028 0.993031 0.0623163 -0.344586 -0.0555524 -0.0681066 0.99613 -0.0453115 0 0 0 1 
13001298760024;0.0968236;0.377513;12;0.979983 0.183562 0.0770629 -0.0921509 -0.187236 0.981354 0.0434497 0.182101 -0.0676503 -0.0570089 0.996079 0.285043 0 0 0 1 
13001298760025;0.689632;0.456029;20;0.982942 0.163584 0.0840585 -0.312741 -0.126074 0.93207 -0.339633 0.497999 -0.133907 0.323242 0.936794 0.8986 0 0 0 1 
13001298760026;0.452516;1.37716;15;0.987578 -0.151009 0.0434209 -0.0915005 0.145552 0.983299 0.109257 -1.56443 -0.0591946 -0.10158 0.993065 0.182607 0 0 0 1 
13001298760027;0.353163;1.39417;18;0.91859 -0.30791 0.247759 -0.0922494 0.225767 0.923374 0.310498 -2.30661 -0.32438 -0.229284 0.917718 0.748514 0 0 0 1 
13001298760028;0.770166;0.597395;12;0.998146 0.032564 0.0514281 -0.365608 -0.0289006 0.997097 -0.0704374 0.0673691 -0.0535726 0.0688205 0.99619 -0.113032 0 0 0 1 
13001298760029;0.444231;0.402505;14;0.902656 0.368532 0.222254 0.271367 -0.393252 0.916108 0.0780941 0.496746 -0.174829 -0.157894 0.971856 0.762874 0 0 0 1 
13001298760031;1.0814;0.59106;10;0.989473 0.0452452 0.137463 -0.208666 -0.035 0.996489 -0.0760553 0.404075 -0.140422 0.0704435 0.987583 0.755286 0 0 0 1 
13001298760032;0.762366;0.122987;16;0.976911 -0.197953 -0.0803738 -0.633237 0.200981 0.97909 0.0314465 -0.658827 0.0724683 -0.0468741 0.996269 -0.753268 0 0 0 1 
13001298760033;0.562268;0.169107;14;0.971525 -0.206951 -0.115367 -0.640548 0.196429 0.975783 -0.0962441 -0.593906 0.132491 0.0708422 0.988649 0.0376893 0 0 0 1 
13001298760034;0.913227;0.188698;20;0.984161 -0.163361 -0.0688483 -0.598686 0.127712 0.922699 -0.363752 -0.223836 0.122949 0.349198 0.928948 0.958669 0 0 0 1 
13001298760035;0.190074;0.178466;13;0.987115 0.125888 -0.0987697 0.273142 -0.118636 0.990012 0.076169 0.371825 0.107372 -0.06347 0.992191 -0.4902 0 0 0 1 
13001298760036;1.3176;0.143594;32;0.931645 -0.360409 -0.0462871 -1.39087 0.362717 0.914769 0.177859 -0.828447 -0.0217601 -0.182491 0.982967 -0.301066 0 0 0 1 
13001298760037;0.408209;0.171182;14;0.989629 0.13014 -0.0608194 0.0878748 -0.136995 0.982393 -0.127031 0.743042 0.0432167 0.134046 0.990032 0.0454475 0 0 0 1 
13001298760038;0.799177;0.193591;13;0.999758 0.0214067 -0.00499583 0.434384 -0.0203499 0.987249 0.157879 -0.249274 0.0083118 -0.157739 0.987446 -0.254298 0 0 0 1 
13001298760039;0.512139;0.167738;11;0.999651 0.0217449 -0.0150122 -0.0239081 -0.0218998 0.999708 -0.0102345 0.110429 0.0147852 0.0105596 0.999835 0.364044 0 0 0 1 
13001298760040;0.790161;0.220382;12;0.999997 -0.00254123 0.000468725 0.055761 0.00254771 0.999893 -0.0143996 0.248437 -0.000432082 0.0144008 0.999896 -0.415352 0 0 0 1 
13001298760041;0.304867;0.19924;15;0.98536 -0.113471 0.12724 -0.352853 0.121534 0.990922 -0.0574765 -0.107719 -0.119563 0.072099 0.990205 0.493935 0 0 0 1 
13001298760042;0.323258;0.215929;11;0.99766 0.0683418 0.00209631 0.115116 -0.0683613 0.996414 0.0498554 0.0941727 0.00131841 -0.049882 0.998754 -0.0134555 0 0 0 1 
13001298760043;1.1294;0.157562;24;0.94574 -0.319167 -0.0608918 -0.565482 0.322712 0.900832 0.290445 -1.94909 -0.0378471 -0.294336 0.954952 -0.803865 0 0 0 1 
13001298760044;0.672602;0.108414;13;0.989676 -0.0743417 0.122538 -0.584343 0.0782782 0.996549 -0.0276227 -0.0729807 -0.120062 0.0369295 0.992079 0.144747 0 0 0 1 
13001298760045;0.603165;0.622823;25;0.906909 0.419842 0.0353356 1.03946 -0.415814 0.905413 -0.0855906 1.63661 -0.0679278 0.0629298 0.995704 0.0842905 0 0 0 1 
13001298760046;0.435224;0.167327;19;0.902196 0.0905863 -0.421706 0.687764 -0.114368 0.992943 -0.0313845 0.506258 0.415886 0.0765444 0.906189 -1.07439 0 0 0 1 
13001298760047;1.03472;0.135599;15;0.998795 -0.0282427 0.0401396 -0.284548 0.017507 0.969058 0.246213 -0.495602 -0.0458513 -0.245213 0.968384 -0.970408 0 0 0 1 
13001298760048;1.38851;0.207202;21;0.994077 0.0739138 0.0796716 0.153008 -0.101155 0.897294 0.429688 -0.722117 -0.039729 -0.435202 0.899456 -1.31293 0 0 0 1 
13001298760049;0.308211;0.161596;16;0.989501 0.129951 -0.0632487 0.095139 -0.121249 0.984587 0.126048 0.232956 0.0786539 -0.117055 0.990006 -0.454876 0 0 0 1 
13001298760050;0.383404;0.255549;10;0.999531 -0.0303169 0.00439183 -0.431565 0.0304124 0.999258 -0.0236129 -0.059314 -0.0036727 0.0237354 0.999712 0.180071 0 0 0 1 
13001298760051;1.39486;0.159138;24;0.912171 -0.386002 0.137645 -1.62521 0.395267 0.917373 -0.046814 -1.449 -0.108201 0.0971089 0.989375 0.620355 0 0 0 1 
13001298760052;0.390791;0.174997;10;0.99993 -0.008244 0.00853268 -0.323006 0.00809757 0.999822 0.0170547 -0.110322 -0.00867176 -0.0169844 0.999818 -0.0341556 0 0 0 1 
13001298760053;0.738841;0.55924;18;0.970918 0.238712 0.0182915 0.752073 -0.239023 0.962154 0.13087 0.673576 0.013641 -0.131436 0.991231 -0.0812893 0 0 0 1 
13001298760054;0.290741;0.186522;15;0.986291 -0.164024 -0.0180863 -0.503651 0.163871 0.986435 -0.00964201 -0.418229 0.0194225 0.006546 0.99979 -0.178744 0 0 0 1 
13001298760055;0.983527;0.163138;24;0.97707 0.179789 0.114063 -0.359048 -0.160719 0.97415 -0.158747 0.700103 -0.139655 0.136775 0.980708 0.975174 0 0 0 1 
13001298760056;0.893456;0.588205;11;0.996809 -0.079678 0.00471819 -0.00443527 0.0797583 0.996605 -0.0204346 -0.365897 -0.00307398 0.0207458 0.99978 -0.110574 0 0 0 1 
13001298760057;1.32906;0.2007;15;0.994863 0.0885379 0.0490731 0.562719 -0.0889223 0.996022 0.00570357 0.947023 -0.0483729 -0.010038 0.998779 -0.430505 0 0 0 1 
13001298760058;1.04418;0.167726;26;0.938229 -0.314747 0.143739 -0.692001 0.308951 0.949081 0.0615995 -0.899328 -0.155808 -0.0133861 0.987697 -0.246244 0 0 0 1 
13001298760059;1.02726;0.192277;16;0.997278 0.0591663 -0.0439973 0.458696 -0.0476513 0.972551 0.227757 -0.101753 0.0562651 -0.22504 0.972724 -1.14987 0 0 0 1 
13001298760060;1.18019;0.648347;13;0.992674 -0.107916 -0.0543288 -0.290228 0.115728 0.978451 0.170999 -1.23919 0.0347045 -0.176034 0.983772 -0.298789 0 0 0 1 
13001298760062;0.42647;1.06977;13;0.978335 -0.206291 0.0174595 -0.519408 0.204568 0.976228 0.0716341 -0.240234 -0.0318219 -0.0665105 0.997278 0.212657 0 0 0 1 
13001298760063;0.820769;1.35535;15;0.956576 -0.289521 0.0337774 -0.307665 0.290119 0.956884 -0.0143015 -0.111328 -0.0281804 0.0234799 0.999327 0.807846 0 0 0 1 
13001298760064;0.637796;0.878512;12;0.999748 0.0192998 0.0114824 0.128905 -0.0189625 0.999405 -0.0287954 0.709076 -0.0120313 0.0285704 0.999519 0.540131 0 0 0 1 
13001298760065;1.32441;1.3676;18;0.924676 -0.289272 -0.247579 -0.098421 0.364893 0.858963 0.359215 -1.06407 0.108751 -0.422498 0.899816 -2.31315 0 0 0 1 
13001298760066;0.832986;1.0903;14;0.932094 -0.362126 0.00806753 -0.604405 0.361914 0.930178 -0.0615422 -0.191015 0.0147818 0.0602829 0.998072 0.404076 0 0 0 1 
13001298760067;0.500971;0.990585;14;0.897079 -0.441498 0.0181645 -0.560145 0.441197 0.892683 -0.0919941 -1.0908 0.0244 0.0905401 0.995594 -0.0980224 0 0 0 1 
13001298760068;1.1413;1.13006;17;0.899788 -0.405044 0.162238 -1.1058 0.382868 0.91127 0.151657 -0.325799 -0.20927 -0.0743437 0.975028 0.944218 0 0 0 1 
13001298760069;0.277143;1.18874;14;0.972612 -0.178187 -0.149248 -0.123043 0.202592 0.96465 0.168541 -0.130162 0.113941 -0.194161 0.97433 -0.887569 0 0 0 1 
13001298760070;1.31041;1.09886;15;0.955732 -0.286188 0.0683552 -0.585111 0.289565 0.956059 -0.0458602 -0.404684 -0.052227 0.0636233 0.996606 -0.507582 0 0 0 1 
13001298760071;0.311671;1.01979;15;0.816238 -0.530295 -0.229223 -0.382298 0.564121 0.817176 0.11828 -2.00078 0.124592 -0.225854 0.966161 -1.07051 0 0 0 1 
13001298760072;0.364438;1.0961;14;0.90506 -0.424273 0.0293051 -0.602474 0.425264 0.903526 -0.0528403 -0.835602 -0.00405919 0.060286 0.998173 0.379497 0 0 0 1 
13001298760073;1.33186;1.17304;17;0.835336 -0.465747 0.29205 -0.893163 0.533297 0.815498 -0.224848 -0.830117 -0.133444 0.343573 0.929597 1.04926 0 0 0 1 
13001298760074;0.375476;1.16047;17;0.828435 -0.422514 -0.367664 -0.113197 0.350797 0.903161 -0.247469 -0.609672 0.436619 0.0760361 0.896427 -1.28549 0 0 0 1 
13001298760075;0.892832;1.16854;17;0.952316 -0.222094 0.209208 -0.19569 0.254065 0.956904 -0.140663 -0.294755 -0.168952 0.187108 0.967701 1.8139 0 0 0 1 
13001298760076;0.49285;1.79962;27;0.856853 -0.512588 0.0552837 -1.07882 0.51551 0.853326 -0.0779955 -0.955206 -0.00719549 0.09533 0.99542 0.198963 0 0 0 1 
13001298760077;1.25077;1.0419;14;0.974051 -0.225071 0.0238141 -0.704843 0.225368 0.974216 -0.0105889 0.118195 -0.0208168 0.0156811 0.99966 0.92394 0 0 0 1 
13001298760078;0.873453;1.13574;14;0.96681 -0.17846 -0.182841 -0.131834 0.189921 0.98067 0.0470757 0.268998 0.170906 -0.0802386 0.982015 -1.24924 0 0 0 1 
13001298760079;0.135451;0.930673;12;0.971577 -0.231206 -0.0508088 -0.253786 0.228268 0.971892 -0.057615 -0.293252 0.0627016 0.0443794 0.997045 -0.0187523 0 0 0 1 
13001298760080;0.477523;1.38399;19;0.705176 -0.622577 0.339301 -0.653185 0.560285 0.782557 0.27145 -1.95805 -0.434521 -0.00131436 0.900661 1.58999 0 0 0 1 
13001298760081;0.486196;1.29215;15;0.944427 -0.0632203 -0.322584 0.466703 0.0675697 0.997712 0.00229103 0.452211 0.321701 -0.0239606 0.946538 -1.11494 0 0 0 1 
13001298760082;0.60999;3.4269;32;0.812479 -0.574597 0.0985718 -0.457336 0.582943 0.802877 -0.124765 -0.0804128 -0.00745139 0.158831 0.987278 0.311723 0 0 0 1 
13001298760083;0.578912;1.24824;17;0.804533 -0.591793 -0.0500764 -0.482839 0.577008 0.758885 0.301918 -2.23463 -0.140671 -0.271798 0.952018 -0.174057 0 0 0 1 
13001298760084;0.295038;1.01127;12;0.999547 0.00780002 0.0290645 0.278089 -0.00575804 0.997552 -0.0696898 0.645084 -0.029537 0.0694909 0.997145 0.363779 0 0 0 1 
13001298760085;0.331689;1.118;14;0.980115 -0.198024 -0.012702 -0.21167 0.197498 0.967299 0.159148 -0.292307 -0.0192286 -0.158492 0.987173 -0.247704 0 0 0 1 
13001298760086;0.698459;0.983351;13;0.958866 -0.283324 0.0174046 -0.595625 0.283844 0.957625 -0.0488666 -0.742161 -0.00282201 0.0517968 0.998654 0.63934 0 0 0 1 
13001298760087;0.67213;1.23636;17;0.837151 -0.427864 -0.340749 -0.0688283 0.405371 0.903574 -0.138665 -0.741737 0.367222 -0.0220461 0.929872 -1.63255 0 0 0 1 
13001298760088;0.268562;0.939307;15;0.874138 -0.379901 -0.302584 -0.135483 0.376166 0.923673 -0.0729834 -0.956891 0.307216 -0.0500244 0.950324 -1.14464 0 0 0 1 
13001298760089;1.15866;1.08275;18;0.775907 -0.539754 0.326548 -1.16479 0.588337 0.805934 -0.0658055 -1.86083 -0.227657 0.243179 0.942887 2.05155 0 0 0 1 
13001298760090;0.714198;1.09676;13;0.952253 -0.301214 -0.0498432 -0.724518 0.303714 0.951236 0.0539248 -0.621507 0.0311698 -0.0664881 0.9973 0.192737 0 0 0 1 
13001298760091;1.1529;0.943369;13;0.963564 -0.256969 -0.0742376 -0.427774 0.253526 0.965889 -0.0527464 -0.695565 0.0852595 0.0320034 0.995845 -0.873428 0 0 0 1 
13001298760093;1.04775;0.34354;16;0.85969 -0.393572 0.325629 -0.860369 0.388994 0.917579 0.0820519 -1.39937 -0.331084 0.0561286 0.941931 0.363763 0 0 0 1 
13001298760094;1.11373;0.429131;14;0.969341 -0.245484 0.0107879 -0.301516 0.243208 0.964765 0.100393 -1.3598 -0.0350526 -0.0946911 0.994889 -1.09706 0 0 0 1 
13001298760095;0.293853;0.372422;12;0.988085 0.00198071 0.153897 0.173576 0.0171851 0.992245 -0.123106 -0.201289 -0.152947 0.124284 0.980388 1.00724 0 0 0 1 
13001298760096;0.895384;0.286189;15;0.987761 -0.144708 0.0581966 0.462237 0.144679 0.989467 0.00473466 -0.933131 -0.0582688 0.00374313 0.998294 0.211228 0 0 0 1 
13001298760097;0.339617;0.346716;12;0.975469 -0.210197 -0.0653975 -0.145578 0.210245 0.977629 -0.00623488 -0.827293 0.0652451 -0.00766756 0.99784 -0.481635 0 0 0 1 
13001298760098;0.188558;0.390536;11;0.988811 -0.0722939 -0.130488 0.238906 0.0734263 0.997293 0.00388153 -0.366621 0.129854 -0.0134193 0.991442 -0.563551 0 0 0 1 
13001298760099;0.958706;0.310439;14;0.968596 0.114551 0.220679 0.357355 -0.108483 0.993315 -0.0394637 -0.502472 -0.223724 0.0142845 0.974548 0.421493 0 0 0 1 
13001298760100;0.754489;0.509403;15;0.983604 0.00874432 -0.18013 0.132348 -0.0610948 0.955919 -0.287204 -0.185008 0.169679 0.2935 0.94078 0.802375 0 0 0 1 
13001298760101;0.427244;0.444342;13;0.991816 0.108497 0.067308 0.774828 -0.106005 0.993579 -0.0395499 0.0741208 -0.0711669 0.0320912 0.996948 0.0639057 0 0 0 1 
13001298760102;0.55757;0.509906;10;0.997803 0.044547 -0.0490472 0.41211 -0.041196 0.99688 0.0673345 -0.150787 0.0518937 -0.0651659 0.996524 -0.142468 0 0 0 1 
13001298760103;0.502682;0.425714;11;0.994735 -0.0980915 -0.0296649 0.0848729 0.0972019 0.99481 -0.0300764 -0.0551342 0.0324612 0.0270346 0.999107 0.0896558 0 0 0 1 
13001298760104;0.301846;0.316859;13;0.870219 -0.492658 0.00275961 -0.80365 0.492297 0.869339 -0.0435123 -1.87585 0.0190376 0.0392238 0.999049 0.0292805 0 0 0 1 
13001298760105;0.905526;0.598134;21;0.99673 0.0155935 -0.0792801 0.556462 -0.0362912 0.963057 -0.266841 0.0345253 0.0721903 0.268845 0.960474 -0.241457 0 0 0 1 
13001298760106;0.994487;0.377056;15;0.890456 -0.455065 0.00210369 -0.861449 0.454164 0.888383 -0.0671568 -2.54587 0.0286918 0.0607556 0.99774 0.648079 0 0 0 1 
13001298760107;0.0362635;0.374249;11;0.979044 -0.20271 -0.0195327 -0.309368 0.202878 0.979179 0.00702186 -0.833706 0.0177026 -0.0108375 0.999785 -0.134331 0 0 0 1 
13001298760108;1.01768;0.642334;19;0.914399 -0.393794 -0.0938108 -0.32332 0.383202 0.916725 -0.11301 -1.47738 0.130502 0.0673882 0.989155 -1.13312 0 0 0 1 
13001298760109;0.830454;0.329551;13;0.955797 -0.285003 -0.0722856 -0.258351 0.27896 0.956677 -0.083375 -0.964556 0.092916 0.0595248 0.993893 -0.751549 0 0 0 1 
13001298760110;0.923517;0.542576;13;0.973035 -0.230653 -0.00117397 -0.601324 0.230494 0.97253 -0.0325366 -0.878254 0.00864638 0.0313887 0.99947 0.632675 0 0 0 1 
13001298760111;0.26829;0.440581;15;0.886722 -0.460169 0.0443719 -0.736901 0.460245 0.869652 -0.178548 -1.81358 0.043574 0.178744 0.98293 0.326747 0 0 0 1 
13001298760112;0.495558;0.622547;11;0.985606 0.010619 -0.168726 0.500931 0.00805674 0.993941 0.109618 0.0649817 0.168868 -0.1094 0.979549 -0.95069 0 0 0 1 
13001298760113;0.269314;0.30886;10;0.998944 0.0424252 0.0176539 0.297067 -0.0426518 0.99901 0.0126644 0.0187322 -0.0170991 -0.013404 0.999764 -0.165293 0 0 0 1 
13001298760114;0.734561;0.665819;19;0.831094 -0.553783 0.0510641 -1.0171 0.555359 0.821593 -0.128686 -1.89826 0.0293104 0.135309 0.99037 0.314906 0 0 0 1 
13001298760115;0.321726;0.381102;12;0.984663 -0.174355 -0.00619832 -0.275267 0.174244 0.984583 -0.0153697 -0.826459 0.00878255 0.014054 0.999863 -0.259198 0 0 0 1 
13001298760116;1.15818;0.603416;25;0.999134 0.00872766 -0.0406737 1.21724 -0.0220934 0.939782 -0.341059 0.00807351 0.0352477 0.341663 0.939161 1.33596 0 0 0 1 
13001298760117;0.977589;0.62183;17;0.942424 -0.318354 -0.102408 -0.406195 0.299165 0.939426 -0.167269 -1.51304 0.149455 0.127002 0.980578 0.58892 0 0 0 1 
13001298760118;0.349631;0.448699;11;0.984061 0.165091 0.0660941 0.74071 -0.15991 0.984104 -0.0772515 0.226548 -0.077797 0.0654511 0.994818 0.359092 0 0 0 1 
13001298760119;0.966956;0.581229;15;0.837874 -0.466634 -0.28323 -0.0963063 0.477303 0.878056 -0.0346363 -1.78966 0.264855 -0.106166 0.958426 -1.82463 0 0 0 1 
13001298760120;0.820899;0.363075;13;0.998394 -0.0145169 0.0547575 0.546385 0.0147425 0.999884 -0.00371745 -0.296864 -0.0546972 0.00451875 0.998493 0.629564 0 0 0 1 
13001298760121;0.247186;0.406149;11;0.979692 -0.199617 0.01888 -0.269853 0.200233 0.978929 -0.0400648 -0.687056 -0.0104846 0.0430316 0.999019 0.279394 0 0 0 1 
13001298760122;0.958553;0.409907;15;0.994369 -0.104749 -0.0160714 0.333916 0.104191 0.994032 -0.0323312 -1.16767 0.0193621 0.0304747 0.999348 0.11983 0 0 0 1 
13001298760124;1.10954;0.123433;22;0.882161 -0.469753 0.0335429 -0.608898 0.464445 0.879565 0.103229 -3.28822 -0.0779953 -0.0754857 0.994092 -0.232454 0 0 0 1 
13001298760125;0.573277;0.100545;23;0.93929 0.0287376 -0.341918 0.694853 0.0940105 0.936801 0.336994 -0.748961 0.329994 -0.348679 0.877227 -2.88495 0 0 0 1 
13001298760126;0.254431;0.144117;14;0.974683 0.130314 -0.181691 0.64767 -0.122261 0.990979 0.0548904 0.472246 0.187205 -0.031287 0.981823 -0.812996 0 0 0 1 
13001298760127;0.992788;0.124868;20;0.911345 -0.35737 -0.204296 -0.642572 0.356544 0.933328 -0.0421368 -2.63407 0.205734 -0.0344394 0.978002 -1.15046 0 0 0 1 
13001298760128;0.0799235;0.111425;9;0.999497 0.0315794 -0.00304149 0.100352 -0.0317049 0.997701 -0.0598939 0.183081 0.00114309 0.0599601 0.9982 0.277439 0 0 0 1 
13001298760129;0.127861;0.114499;10;0.998018 -0.0310887 -0.0547107 0.0387366 0.0299066 0.999304 -0.0222929 0.00829394 0.0553656 0.0206125 0.998253 -0.11216 0 0 0 1 
13001298760130;0.557579;0.109831;13;0.965968 -0.241599 -0.092386 -0.676234 0.239376 0.97031 -0.0346059 -1.30348 0.0980038 0.0113132 0.995122 0.0654376 0 0 0 1 
13001298760131;0.697726;0.103265;16;0.985767 -0.165352 -0.0303546 0.061314 0.158391 0.974002 -0.161965 -1.11393 0.0563467 0.154852 0.98633 0.372524 0 0 0 1 
13001298760132;0.915785;0.101;17;0.976608 0.0233825 0.213754 0.0913531 -0.0170403 0.99936 -0.0314656 0.244995 -0.214353 0.0270871 0.976381 0.31901 0 0 0 1 
13001298760133;0.526097;0.104853;13;0.990869 0.113418 0.0728968 0.295056 -0.114285 0.993417 0.00781056 0.604734 -0.071531 -0.0160702 0.997309 0.819786 0 0 0 1 
13001298760134;0.640051;0.103838;12;0.993119 -0.0307412 -0.113005 0.224276 0.0274318 0.999151 -0.0307257 0.0824217 0.113853 0.0274143 0.993119 0.167429 0 0 0 1 
13001298760135;0.744448;0.0940732;23;0.896883 0.417926 -0.1447 1.99105 -0.423726 0.905731 -0.0103911 1.87093 0.126717 0.0706328 0.989421 0.216695 0 0 0 1 
13001298760136;0.470128;0.0997878;15;0.993386 0.107034 -0.0415661 0.0772676 -0.108123 0.993826 -0.0248971 0.521239 0.0386446 0.0292267 0.998826 -0.307207 0 0 0 1 
13001298760137;0.306436;0.117939;17;0.963502 0.0592901 0.261052 0.108233 -0.000587237 0.975631 -0.219418 0.0686135 -0.2677 0.211256 0.940057 2.09827 0 0 0 1 
13001298760138;0.926249;0.10658;13;0.999132 -0.0156421 -0.0386191 -0.371299 0.0128287 0.997318 -0.0720533 -0.380093 0.0396426 0.0714953 0.996653 -0.56716 0 0 0 1 
13001298760139;0.738974;0.141113;19;0.968201 0.24935 -0.020264 0.907349 -0.25016 0.964206 -0.0878966 1.3028 -0.00237834 0.0901708 0.995923 1.01149 0 0 0 1 
13001298760140;1.02616;0.121613;19;0.98637 0.130884 -0.0997211 0.230526 -0.132112 0.991218 -0.00579127 0.496663 0.0980873 0.0188867 0.994999 -1.19542 0 0 0 1 
13001298760141;0.897713;0.102297;16;0.953009 -0.231738 0.19512 -0.837687 0.2631 0.952417 -0.153881 -1.68694 -0.150175 0.197986 0.968632 1.99697 0 0 0 1 
13001298760142;0.158181;0.108363;10;0.998549 0.00653239 0.0534591 -0.00017673 0.000149878 0.992276 -0.12405 0.218689 -0.0538565 0.123878 0.990835 0.726601 0 0 0 1 
13001298760143;0.631582;0.118438;24;0.927579 0.361032 -0.0961947 1.50445 -0.373318 0.885083 -0.27796 1.69318 -0.0152123 0.293741 0.955764 1.4768 0 0 0 1 
13001298760144;0.855274;0.0968221;16;0.985417 -0.104991 -0.133904 0.505609 0.109273 0.993697 0.0250184 -0.476402 0.130433 -0.0392856 0.990678 -0.301313 0 0 0 1 
13001298760145;0.0426315;0.088638;8;0.999382 -0.0275824 -0.0218003 -0.0620998 0.0269698 0.999246 -0.0279132 -0.0626004 0.0225538 0.027308 0.999373 0.0810535 0 0 0 1 
13001298760146;0.950154;0.116963;13;0.994158 0.0225044 -0.10556 0.189613 -0.0238388 0.999651 -0.0113955 0.0358324 0.105267 0.0138454 0.994348 0.516454 0 0 0 1 
13001298760147;0.397392;0.0968514;22;0.945385 0.108233 -0.307461 0.800545 -0.190177 0.949225 -0.250609 1.00419 0.264726 0.295394 0.917966 -0.212992 0 0 0 1 
13001298760148;0.554781;0.107275;13;0.995914 -0.0828301 0.0359695 -0.279432 0.0879274 0.980231 -0.177247 -0.499487 -0.020577 0.179686 0.983509 0.250322 0 0 0 1 
13001298760149;0.73823;0.0919243;12;0.998841 -0.0403365 -0.026261 -0.0429349 0.0397356 0.998945 -0.0230123 0.225377 0.0271616 0.0219422 0.99939 0.598894 0 0 0 1 
13001298760150;0.886242;0.142392;16;0.968 -0.250483 0.0152958 -0.308455 0.250849 0.967538 -0.0307358 -1.54803 -0.00710053 0.0335892 0.999411 -0.393035 0 0 0 1 
13001298760151;1.10427;0.150189;28;0.926206 0.332609 0.177522 2.15751 -0.358789 0.922241 0.144018 1.88275 -0.115816 -0.197084 0.973522 0.0701293 0 0 0 1 
13001298760152;0.722566;0.114869;22;0.955888 0.213732 0.201486 0.276396 -0.143244 0.938054 -0.315492 0.510314 -0.256435 0.272713 0.927291 2.37621 0 0 0 1 
13001298760153;0.343462;0.152309;14;0.97464 0.202781 -0.094635 0.844717 -0.216885 0.960139 -0.176335 0.98209 0.0551053 0.192389 0.97977 0.380129 0 0 0 1 
13001298760155;0.0682714;0.505814;11;0.99832 0.0437642 -0.0379832 -0.518713 -0.0430415 0.99888 0.019641 0.0163648 0.0388002 -0.0179731 0.999085 -0.0282228 0 0 0 1 
13001298760156;0.228778;0.44459;10;0.999387 -0.00628858 -0.0344429 -0.399185 0.00184114 0.991816 -0.127663 0.149964 0.0349639 0.127522 0.991219 -0.0673318 0 0 0 1 
13001298760157;0.606065;0.640086;17;0.986361 0.00690224 -0.164453 -1.01395 -0.00963091 0.999829 -0.0158008 -0.645619 0.164316 0.0171691 0.986258 -0.479603 0 0 0 1 
13001298760158;0.344682;0.505805;13;0.949795 0.0614022 -0.306788 0.0221691 -0.0618825 0.99805 0.00817102 0.194706 0.306692 0.011224 0.951743 -1.14878 0 0 0 1 
13001298760159;0.780294;0.746374;9;0.997074 -0.0207675 -0.07357 0.0134009 0.0256041 0.997529 0.0654196 -0.20421 0.0720296 -0.0671119 0.995142 -0.658974 0 0 0 1 
13001298760160;0.374691;1.1986;22;0.93958 -0.333449 -0.0774709 -0.987352 0.339665 0.936262 0.0896675 -2.00106 0.0426335 -0.110564 0.992954 0.208016 0 0 0 1 
13001298760161;0.829311;0.476356;14;0.962293 -0.0165968 0.271509 -1.20696 -0.0218464 0.990197 0.137958 -0.287812 -0.271137 -0.138688 0.952497 1.24034 0 0 0 1 
13001298760162;0.477774;1.01088;25;0.984723 -0.17227 0.0253706 -0.990044 0.16891 0.909616 -0.379563 -1.40176 0.0423098 0.37805 0.924818 0.319552 0 0 0 1 
13001298760163;0.737936;0.658434;10;0.997306 -0.0246655 0.0690799 -0.310276 0.0273546 0.998894 -0.0382548 -0.574637 -0.0680599 0.0400414 0.996877 0.578839 0 0 0 1 
13001298760164;0.306679;0.421629;13;0.991161 0.0341287 -0.128198 -0.335552 -0.0685581 0.959074 -0.274732 0.34609 0.113576 0.281093 0.952936 -0.26822 0 0 0 1 
13001298760165;0.655134;0.446733;13;0.9936 -0.100759 -0.0510642 -0.864199 0.102738 0.993993 0.0377317 -0.512563 0.0469556 -0.0427364 0.997982 -0.632406 0 0 0 1 
13001298760166;0.142166;0.337571;9;0.999724 0.0230703 -0.00434235 -0.356453 -0.0231626 0.999477 -0.0225742 0.0383391 0.00381928 0.0226685 0.999736 0.00199596 0 0 0 1 
13001298760167;0.73402;1.01372;15;0.980717 0.0895817 0.17369 -0.521616 -0.0710888 0.991394 -0.109925 -0.428273 -0.182043 0.0954576 0.978646 1.19658 0 0 0 1 
13001298760168;0.457979;1.09349;17;0.992878 0.118851 -0.00827004 -0.759053 -0.118751 0.981682 -0.148992 -0.210285 -0.00958919 0.148913 0.988804 -0.0721445 0 0 0 1 
13001298760169;0.0971797;0.497334;12;0.990642 0.135697 0.0146298 -0.480123 -0.136204 0.97605 0.169633 0.239166 0.00873929 -0.170038 0.985399 -0.0739492 0 0 0 1 
13001298760170;0.865636;0.972543;19;0.98586 -0.0312072 -0.164638 -1.11043 0.0145254 0.994722 -0.101572 -0.300803 0.166939 0.097744 0.98111 -0.0135081 0 0 0 1 
13001298760171;0.53187;0.545852;14;0.998931 -0.0416618 -0.0200131 -0.676173 0.0460754 0.931775 0.3601 -0.558062 0.00364525 -0.360638 0.932699 0.399204 0 0 0 1 
13001298760172;0.399772;0.824406;13;0.972924 -0.0763357 0.218157 -0.520332 0.043999 0.987795 0.149417 -0.79001 -0.2269 -0.135773 0.964408 1.18345 0 0 0 1 
13001298760173;0.409814;0.97331;17;0.976006 0.165183 0.141872 -0.77308 -0.158263 0.985643 -0.0588237 0.0228549 -0.149552 0.0349592 0.988136 0.601323 0 0 0 1 
13001298760174;0.230776;0.561234;13;0.984903 0.075017 -0.15601 -0.499738 -0.0716719 0.997064 0.0269656 -0.0397511 0.157574 -0.0153769 0.987387 -0.408866 0 0 0 1 
13001298760175;0.184973;0.496442;13;0.979666 0.0981592 -0.174982 -0.416732 -0.106811 0.993446 -0.0407074 0.258194 0.169839 0.0585696 0.98373 -0.74638 0 0 0 1 
13001298760176;0.684651;0.810172;14;0.986356 -0.153447 0.0596376 -0.861124 0.136326 0.964389 0.226647 -1.4409 -0.0922921 -0.215424 0.972149 -0.140535 0 0 0 1 
13001298760177;0.712892;0.914929;15;0.986388 0.111207 -0.12113 -0.526149 -0.137516 0.961768 -0.236836 0.297298 0.0901607 0.250269 0.963969 -0.624417 0 0 0 1 
13001298760178;0.372998;0.996185;16;0.995321 0.0912245 0.0318585 -0.796189 -0.0886291 0.99323 -0.0750985 -0.303883 -0.0384936 0.0719234 0.996667 0.0887597 0 0 0 1 
13001298760179;0.364497;0.657892;14;0.990593 -0.0784292 0.112133 -0.749214 0.0331034 0.932461 0.359751 -0.698642 -0.132775 -0.352655 0.926286 0.666271 0 0 0 1 
13001298760180;0.444705;0.897299;15;0.932274 -0.303575 -0.19674 -0.61653 0.350296 0.893351 0.281455 -1.87964 0.090315 -0.331311 0.939189 -0.532214 0 0 0 1 
13001298760181;0.327893;0.443528;11;0.986611 -0.031025 0.160113 -0.663582 0.044344 0.995784 -0.0802938 -0.253562 -0.156947 0.0863188 0.983828 0.455904 0 0 0 1 
13001298760182;0.549357;0.522363;13;0.994028 0.0583355 -0.0922289 -0.411412 -0.0490418 0.993777 0.100007 -0.447761 0.0974889 -0.094887 0.990703 0.0252732 0 0 0 1 
13001298760183;0.363905;0.811304;16;0.948127 -0.27884 -0.152654 -0.581045 0.286637 0.957529 0.0312546 -1.38081 0.137456 -0.0733896 0.987785 -0.141711 0 0 0 1 
13001298760184;0.185151;1.00725;20;0.976853 -0.202408 0.0692043 -0.951914 0.20909 0.971787 -0.109135 -1.36138 -0.0451621 0.121079 0.991615 0.269855 0 0 0 1 
13001298760186;0.752269;0.809802;12;0.979443 -0.197501 0.0410497 -0.456604 0.198388 0.979944 -0.0187478 -0.866984 -0.0365237 0.0265061 0.998981 0.589854 0 0 0 1 
13001298760187;1.11885;0.68333;15;0.831841 -0.550388 0.0715078 -0.400806 0.553787 0.831646 -0.0410432 -2.66091 -0.0368794 0.0737415 0.996595 0.499043 0 0 0 1 
13001298760188;1.47853;1.07317;21;0.96389 -0.261329 0.0512188 -0.545236 0.259165 0.876318 -0.406079 -1.02161 0.0612364 0.404689 0.912402 0.0861922 0 0 0 1 
13001298760189;0.694353;0.601919;14;0.994885 0.0598072 0.0814039 0.279933 -0.0552238 0.996821 -0.0574388 -0.481377 -0.0845803 0.0526496 0.995025 0.0430195 0 0 0 1 
13001298760190;1.04867;1.31582;26;0.872594 -0.463765 -0.153306 -0.465044 0.464193 0.885034 -0.0351941 -2.92369 0.152003 -0.0404534 0.987552 -0.663089 0 0 0 1 
13001298760191;0.608395;0.719036;11;0.999654 -0.0261676 -0.00270051 -0.0946038 0.0260971 0.999383 -0.0234931 -0.494695 0.0033136 0.0234145 0.99972 -0.271608 0 0 0 1 
13001298760192;0.728377;1.22803;22;0.930379 -0.344452 0.125488 -0.622047 0.34652 0.938025 0.00565825 -1.53511 -0.11966 0.0382198 0.992079 0.782863 0 0 0 1 
13001298760193;0.223967;0.631329;12;0.957389 -0.28813 0.019656 -0.55046 0.28747 0.957295 0.0307961 -1.13098 -0.0276898 -0.0238334 0.999332 -0.0330734 0 0 0 1 
13001298760194;0.894476;0.696798;15;0.993756 -0.0694654 0.0873183 -0.322098 0.0557037 0.986934 0.151192 -0.926762 -0.09668 -0.145384 0.98464 -0.602772 0 0 0 1 
13001298760195;0.58478;1.20228;17;0.987863 0.155265 -0.00444921 0.454572 -0.155237 0.987859 0.00591332 -0.356599 0.00531333 -0.00515086 0.999973 0.278921 0 0 0 1 
13001298760196;0.904607;1.31323;19;0.947465 -0.309672 0.0800848 -1.0889 0.313873 0.948333 -0.0463549 -1.43587 -0.0615922 0.0690561 0.99571 -0.0826083 0 0 0 1 
13001298760197;0.286883;1.33703;28;0.906614 -0.420765 0.031761 -0.726418 0.42103 0.907045 -0.00187597 -2.32327 -0.0280193 0.0150731 0.999494 0.118278 0 0 0 1 
13001298760198;1.24998;1.1994;15;0.980142 0.185576 0.069875 0.275751 -0.184854 0.982624 -0.0167071 0.203231 -0.0717613 0.00345863 0.997416 -0.280394 0 0 0 1 
13001298760199;1.55468;1.26384;24;0.90839 -0.249661 -0.335405 0.296586 0.227066 0.96813 -0.105661 -1.20105 0.351095 0.0198228 0.93613 -1.71599 0 0 0 1 
13001298760200;0.663257;0.650295;15;0.980477 -0.19371 0.0337759 -0.624493 0.194526 0.980632 -0.0227989 -1.32749 -0.0287054 0.0289242 0.999169 -0.0127392 0 0 0 1 
13001298760201;0.427557;1.19898;22;0.999947 -0.0099018 0.00281036 -0.0187075 0.00879159 0.963635 0.267078 -1.0608 -0.00535272 -0.267039 0.963671 -0.846479 0 0 0 1 
13001298760202;1.14516;1.31654;25;0.941157 -0.31534 -0.121594 -0.224251 0.337168 0.900833 0.273527 -2.3255 0.0232816 -0.298429 0.954148 -1.4881 0 0 0 1 
13001298760203;0.345194;0.811431;10;0.998513 0.0308879 -0.0449186 0.159426 -0.0279415 0.997507 0.0648049 -0.375899 0.0468083 -0.0634535 0.996886 -0.198954 0 0 0 1 
13001298760204;0.987501;1.34547;21;0.91226 -0.40761 0.0404482 -1.0324 0.40741 0.913146 0.0134462 -1.85972 -0.042416 0.00421253 0.999091 -0.409057 0 0 0 1 
13001298760205;1.27725;1.20776;22;0.915585 -0.38901 0.101863 -0.0618706 0.39474 0.917781 -0.0431175 -1.96954 -0.0767152 0.0796873 0.993864 0.837389 0 0 0 1 
13001298760206;0.732057;1.3287;23;0.985857 -0.000939947 0.167585 -0.13878 0.0535275 0.949371 -0.309564 -0.918722 -0.158809 0.314156 0.935995 1.55408 0 0 0 1 
13001298760207;0.280311;1.14278;20;0.887372 -0.421619 -0.186571 -0.466879 0.428757 0.903417 -0.00230773 -2.00134 0.169525 -0.077946 0.982439 -0.525282 0 0 0 1 
13001298760208;0.976835;0.981445;19;0.968125 -0.239833 0.0722055 -0.233784 0.241844 0.970101 -0.020397 -1.71906 -0.0651547 0.0372093 0.997181 0.659789 0 0 0 1 
13001298760209;0.510095;1.3718;24;0.962748 -0.265383 -0.0518526 -0.123187 0.264649 0.964123 -0.0206565 -1.69723 0.0554742 0.00616421 0.998441 -0.240237 0 0 0 1 
13001298760210;0.786915;0.809407;13;0.931814 -0.306503 0.194365 -0.753156 0.311302 0.950291 0.00613316 -0.984198 -0.186583 0.0547912 0.98091 0.397504 0 0 0 1 
13001298760211;0.331308;0.641347;13;0.986169 -0.138548 0.0909644 -0.355838 0.121454 0.977549 0.172185 -0.830699 -0.112778 -0.158755 0.980856 0.0615012 0 0 0 1 
13001298760212;0.525518;0.554639;12;0.981848 -0.107922 0.155974 -0.542167 0.110438 0.993854 -0.00753288 -0.650231 -0.154202 0.0246216 0.987732 0.246839 0 0 0 1 
13001298760213;1.26584;1.33582;23;0.959436 -0.275919 0.0578948 -0.161404 0.28154 0.948462 -0.14545 -1.50038 -0.0147785 0.15585 0.98767 1.15276 0 0 0 1 
13001298760214;1.19532;1.37495;23;0.945374 -0.15078 0.289023 0.143821 0.116803 0.984411 0.131502 -0.725509 -0.304345 -0.0905599 0.948247 0.847075 0 0 0 1 
13001298760215;0.473246;0.823084;14;0.995366 0.0515897 0.0811486 0.0434459 -0.0538091 0.998228 0.0254032 -0.596107 -0.0796943 -0.029652 0.996378 0.0464214 0 0 0 1 
13001298760217;0.222897;0.183457;11;0.995635 -0.0705091 -0.0611477 -0.0647594 0.0727443 0.996732 0.0351312 -0.333075 0.0584708 -0.039426 0.99751 -0.170994 0 0 0 1 
13001298760218;0.56062;0.188716;13;0.975392 0.118837 0.185712 0.677611 -0.159684 0.961561 0.223386 0.24654 -0.152027 -0.247544 0.956875 -0.0373891 0 0 0 1 
13001298760219;1.35156;0.199534;14;0.997082 -0.0762721 0.00309602 -0.227065 0.0763182 0.996893 -0.0195098 0.0434609 -0.00159835 0.0196891 0.999805 1.0569 0 0 0 1 
13001298760220;0.477483;0.183706;18;0.917297 -0.215341 0.334955 -0.194459 0.177053 0.974004 0.141312 -0.61427 -0.356678 -0.0703205 0.931577 1.42865 0 0 0 1 
13001298760221;0.489369;0.210099;14;0.95214 -0.131337 0.276008 -0.152361 0.094991 0.985411 0.141216 -0.590378 -0.290528 -0.108239 0.950725 1.08738 0 0 0 1 
13001298760222;1.04527;0.206075;13;0.997909 0.0410834 0.0498913 -0.162627 -0.0518804 0.969557 0.239306 -0.452746 -0.0385409 -0.241394 0.969662 -0.802303 0 0 0 1 
13001298760223;0.25956;0.210415;12;0.969471 0.114791 0.216679 0.282144 -0.126916 0.990988 0.0428494 0.520511 -0.209807 -0.0690412 0.975302 0.625173 0 0 0 1 
13001298760224;0.137794;0.182517;9;0.998714 0.020241 -0.0464826 0.107611 -0.0213023 0.999521 -0.0224499 0.168444 0.0460059 0.0234112 0.998667 0.0492119 0 0 0 1 
13001298760225;1.05742;0.191454;15;0.903618 -0.0327644 0.427083 -0.457918 0.0499512 0.998328 -0.0290979 -0.390557 -0.425416 0.0476267 0.903744 1.95359 0 0 0 1 
13001298760226;1.15936;0.169437;15;0.991777 0.127845 0.00574727 -0.113949 -0.127615 0.991359 -0.0303633 0.349835 -0.00957942 0.0293802 0.999522 0.756712 0 0 0 1 
13001298760227;0.324156;0.139755;19;0.938972 0.330916 -0.0939458 1.31616 -0.340826 0.931935 -0.123838 1.20999 0.0465714 0.148299 0.987845 0.357478 0 0 0 1 
13001298760228;1.39459;0.124437;16;0.939895 -0.129506 0.315953 -0.658685 0.23831 0.911463 -0.335326 -0.117541 -0.244553 0.390466 0.887542 1.87154 0 0 0 1 
13001298760229;0.664996;0.219104;13;0.964891 -0.0211306 0.2618 -0.096392 -0.0433531 0.970274 0.238096 0.148768 -0.259049 -0.241086 0.935292 0.78204 0 0 0 1 
13001298760230;0.977712;0.218967;17;0.955991 -0.292289 0.0254813 -0.439394 0.288936 0.952984 0.0913048 -1.49726 -0.0509706 -0.0799241 0.995497 -0.495866 0 0 0 1 
13001298760231;0.367575;0.193126;20;0.895596 0.367664 0.250461 1.33474 -0.370995 0.927953 -0.0355872 1.25904 -0.245501 -0.0610481 0.967472 0.689038 0 0 0 1 
13001298760232;0.090517;0.170523;9;0.997299 0.0217808 -0.0701399 0.226654 -0.0252895 0.998452 -0.0495314 0.125356 0.0689525 0.0511715 0.996307 -0.0485851 0 0 0 1 
13001298760233;0.668099;0.172665;18;0.969387 -0.245309 -0.0106294 -0.121362 0.245422 0.969353 0.0111179 -0.662175 0.00757627 -0.0133863 0.999882 0.07625 0 0 0 1 
13001298760234;0.755306;0.12187;14;0.9927 0.107823 -0.0540491 0.268429 -0.0994375 0.985262 0.139182 0.0308385 0.0682596 -0.132791 0.988791 -0.126764 0 0 0 1 
13001298760235;0.973297;0.261365;13;0.997487 0.0520274 -0.0480994 0.296119 -0.0516057 0.998618 0.00996859 -0.34355 0.0485515 -0.00746134 0.998793 -0.38507 0 0 0 1 
13001298760236;0.97211;0.171816;14;0.954046 -0.134832 -0.267614 0.272205 0.179754 0.97204 0.151084 -0.901242 0.239761 -0.192246 0.951607 -1.91856 0 0 0 1 
13001298760237;0.48343;0.232931;10;0.997891 0.0524252 0.0382768 0.214506 -0.0516113 0.998426 -0.0219505 0.00798244 -0.0393674 0.0199287 0.999026 0.0922778 0 0 0 1 
13001298760238;0.245894;0.180586;10;0.997829 0.0657199 -0.00427768 0.293758 -0.0658399 0.993871 -0.0887975 0.222492 -0.0015843 0.0888864 0.996041 0.429113 0 0 0 1 
13001298760239;0.597612;0.183081;21;0.935504 0.351476 -0.0360219 1.39989 -0.349467 0.935498 0.0521158 1.086 0.0520158 -0.0361661 0.997991 -0.560814 0 0 0 1 
13001298760240;0.379328;0.180637;11;0.999298 -0.036642 -0.00782641 -0.0158347 0.0367952 0.999114 0.0204166 0.0242024 0.00707137 -0.0206902 0.999761 0.23137 0 0 0 1 
13001298760241;0.905295;0.16678;14;0.998452 -0.0463879 -0.0306814 0.510479 0.0511413 0.982575 0.178693 0.0269133 0.0218576 -0.179986 0.983426 -0.636381 0 0 0 1 
13001298760242;0.886526;0.134489;19;0.919511 -0.346756 0.185094 -0.991848 0.325031 0.935577 0.138026 -1.45412 -0.221031 -0.0667552 0.972979 0.247903 0 0 0 1 
13001298760243;0.836676;0.156133;16;0.950151 0.250975 0.184996 1.0371 -0.231564 0.96535 -0.120319 0.56328 -0.208783 0.0714828 0.975346 0.577054 0 0 0 1 
13001298760244;1.22657;0.142197;12;0.993924 0.110072 -0.000166706 0.991147 -0.110067 0.993859 -0.0113405 0.58859 -0.00108259 0.01129 0.999936 0.723741 0 0 0 1 
13001298760245;1.14759;0.149514;16;0.998647 -0.0499714 -0.0143562 -0.805125 0.0483878 0.994298 -0.0950226 0.126121 0.0190228 0.0941995 0.995372 -0.0223344 0 0 0 1 
13001298760246;0.304771;0.131834;19;0.943016 0.272466 -0.191003 1.14733 -0.279057 0.960242 -0.00796734 0.967323 0.181238 0.0608141 0.981557 -0.545587 0 0 0 1 
13001298760248;0.0489943;0.86846;15;0.934948 -0.348052 0.0687954 -1.1789 0.351288 0.935321 -0.0420871 -1.84627 -0.0496973 0.0635162 0.996743 0.344772 0 0 0 1 
13001298760249;0.420407;0.863514;17;0.937369 -0.343149 0.0598989 -1.36336 0.343568 0.939121 0.00348822 -1.96925 -0.0574493 0.0173096 0.998198 -0.107326 0 0 0 1 
13001298760250;0.517589;0.912541;16;0.935463 -0.333573 0.116779 -1.2388 0.332417 0.942661 0.0298255 -1.76804 -0.120032 0.0109186 0.99271 0.827727 0 0 0 1 
13001298760251;0.918817;0.899673;21;0.911094 -0.374208 0.172849 -0.687078 0.376786 0.926107 0.0189162 -1.59018 -0.167155 0.0478925 0.984767 0.32819 0 0 0 1 
13001298760252;0.624083;0.678058;11;0.970423 -0.236497 -0.0484656 -1.00486 0.235053 0.971399 -0.0336817 -0.806302 0.0550451 0.0212935 0.998257 -0.0592721 0 0 0 1 
13001298760253;0.848575;0.9389;14;0.981727 -0.135824 0.13328 -0.305303 0.128122 0.989639 0.064796 -1.1119 -0.1407 -0.0465358 0.988958 0.800286 0 0 0 1 
13001298760254;0.316984;0.86441;22;0.8961 -0.430261 0.108993 -1.3411 0.443821 0.871473 -0.208703 -2.16586 -0.00518737 0.235392 0.971887 0.910629 0 0 0 1 
13001298760255;0.292142;0.881045;12;0.990403 -0.0783081 -0.113884 -0.514014 0.0767838 0.99689 -0.0177164 -0.848629 0.114917 0.00880199 0.993336 -0.451516 0 0 0 1 
13001298760256;0.288912;0.817132;13;0.949958 -0.311068 0.0285614 -1.01482 0.311593 0.950078 -0.0161493 -1.84974 -0.022112 0.0242407 0.999462 0.30746 0 0 0 1 
