#;prob_registration_l1 -r /home/probabilistic_point_clouds_registration/build/tester /home/point_clouds_registration_benchmark//devel/registration_pairs/box_met_local.txt /home/point_clouds_registration_benchmark//planetary/box_met -s 0.2 -t 0.2 -p 0.3 -r 1000 -m 10 -i 100 
id;initial_error;final_error;transformation
7680147070000;1.79635;4.69789;75;0.866625 0.258137 0.426997 -11.7561 -0.19353 0.96268 -0.189193 -5.86203 -0.459899 0.0813228 0.88424 -32.5721 0 0 0 1 
7680147070001;0.811107;4.28513;70;0.96658 0.248599 0.062615 -8.6634 -0.227924 0.945137 -0.234021 -7.37329 -0.117357 0.211929 0.970213 -12.4736 0 0 0 1 
7680147070002;1.49386;4.22923;65;0.962061 0.00782144 -0.272722 -5.30635 -0.0800389 0.9637 -0.254709 0.444639 0.26083 0.266874 0.927764 7.79121 0 0 0 1 
7680147070003;0.946768;4.12685;60;0.986401 0.164155 -0.00816634 -6.54336 -0.162673 0.967988 -0.191147 -5.15171 -0.0234728 0.189876 0.981527 -4.77262 0 0 0 1 
7680147070004;1.43077;4.59026;52;0.998831 -0.0433849 -0.0213383 -2.19814 0.0401486 0.990181 -0.133903 5.45877 0.0269381 0.13289 0.990765 -1.89161 0 0 0 1 
7680147070005;0.312811;4.60504;68;0.976153 0.210419 0.0533769 -7.75599 -0.211382 0.977317 0.0130293 -5.89692 -0.0494245 -0.0240015 0.998489 -3.99695 0 0 0 1 
7680147070006;1.56238;4.92237;73;0.997187 0.0738131 -0.0130267 -3.78524 -0.0735363 0.99708 0.0205856 1.42549 0.0145082 -0.0195697 0.999703 -2.10815 0 0 0 1 
7680147070007;1.77223;4.47965;61;0.951474 0.206658 0.228012 -7.78306 -0.255112 0.944076 0.2089 -7.16242 -0.172089 -0.256932 0.950984 -9.44251 0 0 0 1 
7680147070008;0.368314;4.9615;76;0.950308 0.301367 0.0780619 -11.2423 -0.301988 0.953303 -0.00399889 -10.5432 -0.0756218 -0.0197736 0.99694 -5.50417 0 0 0 1 
7680147070009;2.02654;4.50778;68;0.998876 0.0440779 0.0174204 -4.28511 -0.0425768 0.995984 -0.0787585 2.56106 -0.0208219 0.0779283 0.996742 -6.81973 0 0 0 1 
7680147070010;1.67484;4.12334;56;0.991275 0.0264562 -0.129127 -3.67494 -0.0279245 0.999564 -0.00957342 3.39782 0.128818 0.0130957 0.991582 8.29707 0 0 0 1 
7680147070011;1.58383;4.54668;65;0.967538 0.0283006 0.251137 -4.22625 0.0603803 0.939048 -0.338444 7.04948 -0.245408 0.342621 0.906855 -20.3198 0 0 0 1 
7680147070012;1.55669;4.34449;70;0.995207 0.0545227 0.0811787 -4.67728 -0.0367263 0.977766 -0.206459 3.0239 -0.0906305 0.202488 0.975082 -8.45138 0 0 0 1 
7680147070013;1.90796;4.56653;69;0.987545 0.156735 0.0137753 -5.92707 -0.156499 0.969469 0.188778 -2.15472 0.0162333 -0.188582 0.981923 0.222263 0 0 0 1 
7680147070014;1.7784;4.19799;67;0.976017 0.213123 -0.0443715 -7.65849 -0.216214 0.972754 -0.0836735 -6.39393 0.0253298 0.0912605 0.995505 -3.72648 0 0 0 1 
7680147070015;0.363704;4.48032;64;0.998477 0.0200506 -0.051395 -4.21576 0.000339629 0.929363 0.369168 9.15902 0.0551667 -0.368624 0.92794 8.12332 0 0 0 1 
7680147070016;0.265959;4.70657;75;0.991973 0.124397 0.0227103 -5.55186 -0.12535 0.990999 0.0469968 -0.605019 -0.0166597 -0.0494663 0.998637 -1.79235 0 0 0 1 
7680147070017;0.994504;4.55103;63;0.998802 -0.0487468 -0.00422284 -2.67529 0.0487944 0.998736 0.0120267 8.53824 0.00363124 -0.0122183 0.999919 -2.08283 0 0 0 1 
7680147070018;1.14391;4.4115;69;0.90758 0.184201 -0.377318 -14.84 -0.178683 0.98264 0.0499153 -3.57231 0.379962 0.0221183 0.924738 20.4843 0 0 0 1 
7680147070019;1.59901;4.38754;75;0.99674 0.0796561 0.0127937 -2.76065 -0.0796669 0.996821 0.000330108 2.90005 -0.0127267 -0.00134826 0.999918 -1.7232 0 0 0 1 
7680147070020;1.99055;4.42536;66;0.96675 0.126195 0.222419 -7.82214 -0.147616 0.985606 0.0824067 -1.59597 -0.208818 -0.112499 0.971462 -10.3695 0 0 0 1 
7680147070021;1.30849;4.53728;69;0.969089 -0.0354437 -0.244153 -5.77187 0.0837988 0.97808 0.190625 12.9822 0.232045 -0.205193 0.950816 14.3844 0 0 0 1 
7680147070022;0.490232;4.43248;61;0.9983 -0.00244762 0.0582333 -2.9112 -0.000117586 0.999031 0.0440064 5.6719 -0.0582846 -0.0439385 0.997333 -3.42322 0 0 0 1 
7680147070023;1.93092;3.86896;69;0.97312 0.229501 0.0191607 -7.54397 -0.224046 0.962671 -0.151883 -5.76599 -0.0533027 0.143507 0.988213 -6.07922 0 0 0 1 
7680147070024;2.01577;5.32743;71;0.973859 0.179984 -0.138578 -7.19777 -0.149899 0.96758 0.203269 -1.52775 0.170671 -0.177183 0.969267 10.2675 0 0 0 1 
7680147070025;1.53658;4.22936;54;0.959791 -0.0641673 -0.273285 -4.72297 0.0271812 0.990193 -0.137035 5.24518 0.279398 0.124097 0.952122 10.7599 0 0 0 1 
7680147070026;1.23157;4.6047;65;0.975137 0.214833 0.0543578 -7.61821 -0.218531 0.972941 0.0750285 -5.24574 -0.0367684 -0.085042 0.995699 -0.540485 0 0 0 1 
7680147070027;1.05263;4.36654;63;0.934143 0.0872203 0.346077 -7.0954 -0.140739 0.981124 0.132619 -1.44352 -0.327978 -0.172592 0.928785 -17.9208 0 0 0 1 
7680147070028;0.137424;4.70541;73;0.994432 0.104289 0.0151367 -4.84628 -0.104452 0.994475 0.0104436 0.104207 -0.013964 -0.0119665 0.999831 -1.86286 0 0 0 1 
7680147070029;1.81513;4.3861;80;0.99586 0.0619157 -0.0665562 -5.16826 -0.0634915 0.997744 -0.0218269 4.42686 0.0650546 0.0259623 0.997544 2.56882 0 0 0 1 
7680147070031;0.429088;1.77493;45;0.973933 -0.0384585 -0.223552 -4.1602 0.0390979 0.999234 -0.00156697 1.71293 0.223442 -0.0072143 0.974691 1.24418 0 0 0 1 
7680147070032;0.91489;1.83408;40;0.995296 -0.00810908 0.0965443 -2.21405 -0.000626116 0.995932 0.0901064 2.58931 -0.0968823 -0.089743 0.991242 0.146567 0 0 0 1 
7680147070033;0.415478;1.61613;44;0.975996 -0.00428346 0.217747 -2.36169 0.0698257 0.953182 -0.294225 1.46327 -0.206292 0.302367 0.930601 -9.86134 0 0 0 1 
7680147070034;0.600344;1.8641;43;0.984522 -0.0695468 -0.160874 -3.15226 0.0402742 0.983109 -0.178533 1.15288 0.170574 0.16929 0.970693 -2.04496 0 0 0 1 
7680147070035;0.44843;1.56861;39;0.99719 -0.0173956 0.0728624 -2.48212 0.00218751 0.979011 0.203796 2.31554 -0.0748783 -0.203064 0.976298 2.53144 0 0 0 1 
7680147070036;0.879785;1.65821;51;0.999803 -0.018617 -0.00691598 -4.63272 0.0183511 0.999158 -0.0366963 2.09999 0.00759333 0.0365622 0.999303 -1.59831 0 0 0 1 
7680147070037;0.82527;1.71613;40;0.999566 -0.0092138 0.02797 -2.92492 0.00855733 0.999687 0.0235001 1.959 -0.0281778 -0.0232505 0.999332 1.42486 0 0 0 1 
7680147070038;0.802274;1.60712;43;0.978498 -0.025663 0.204653 -2.4928 -0.0344538 0.957951 0.284856 3.92473 -0.203358 -0.285782 0.936469 4.08087 0 0 0 1 
7680147070039;1.33952;1.902;56;0.999438 0.0307866 0.0132498 -6.53322 -0.0310477 0.999318 0.0199753 1.62708 -0.0126258 -0.0203755 0.999713 0.733513 0 0 0 1 
7680147070040;0.158831;1.59996;39;0.999559 -0.0264458 -0.0135097 -2.63449 0.0245813 0.992066 -0.123288 0.996236 0.016663 0.122902 0.992279 -2.96883 0 0 0 1 
7680147070041;1.36617;1.66031;44;0.998289 -0.0353483 0.0465731 -2.50741 0.033813 0.998872 0.0333503 2.12956 -0.0476994 -0.0317185 0.998358 -3.20906 0 0 0 1 
7680147070042;0.46675;1.77448;42;0.995734 -0.00271734 0.0922324 -2.88051 0.0220269 0.977668 -0.208997 0.925552 -0.0896048 0.210137 0.973557 -6.69553 0 0 0 1 
7680147070043;1.14629;1.54695;23;0.965208 0.0505207 0.256555 -1.25406 0.00871413 0.974398 -0.224663 -0.179551 -0.261336 0.219082 0.940057 -7.48976 0 0 0 1 
7680147070044;0.702038;1.71869;43;0.99937 -0.0162647 -0.031539 -3.25888 0.0184134 0.997441 0.0690821 2.33533 0.0303347 -0.0696194 0.997112 2.71314 0 0 0 1 
7680147070045;0.887978;1.76058;47;0.998492 -0.0337978 0.0432509 -2.62869 0.0341594 0.999387 -0.00764898 2.59555 -0.0429659 0.00911487 0.999035 -2.42757 0 0 0 1 
7680147070046;0.520495;1.71663;44;0.992458 -0.044141 0.114365 -1.89994 0.0635771 0.982987 -0.172322 1.64562 -0.104813 0.178293 0.978379 -6.48224 0 0 0 1 
7680147070047;1.3778;2.0698;58;0.996678 0.0373387 -0.0723781 -7.23438 -0.0157355 0.960251 0.278694 4.39588 0.0799072 -0.276629 0.957649 7.4195 0 0 0 1 
7680147070048;1.12108;1.75835;24;0.999952 -0.00915908 0.00353648 -1.23033 0.0093179 0.99881 -0.0478657 0.376723 -0.00309387 0.0478964 0.998848 -0.995429 0 0 0 1 
7680147070049;0.932757;1.80689;48;0.99702 -0.0565404 -0.0524727 -3.19326 0.0480161 0.987293 -0.151486 2.35222 0.0603709 0.148515 0.987066 -1.77533 0 0 0 1 
7680147070050;1.2993;1.72106;56;0.957025 -0.0540581 -0.284922 -6.46515 0.0170949 0.991281 -0.130655 1.24329 0.289501 0.120169 0.949604 -0.630833 0 0 0 1 
7680147070051;0.92457;1.68708;39;0.997354 -0.0422145 0.0591914 -1.64241 0.0254623 0.965411 0.259486 3.23686 -0.0680981 -0.257293 0.963931 2.62138 0 0 0 1 
7680147070052;0.840224;1.64918;32;0.962803 -0.0555825 -0.264424 -2.95211 0.0963692 0.984894 0.143867 3.62776 0.252433 -0.163998 0.953615 6.62427 0 0 0 1 
7680147070053;0.82655;1.66898;34;0.999935 -0.00916599 0.00679475 -2.53555 0.00927951 0.999815 -0.0168679 1.27548 -0.00663888 0.0169298 0.999835 0.650415 0 0 0 1 
7680147070054;0.270576;1.85447;46;0.998296 0.0112674 0.0572517 -3.79274 -0.013772 0.998957 0.0435429 1.52185 -0.0567013 -0.0442572 0.99741 -0.157755 0 0 0 1 
7680147070055;0.73698;1.56715;36;0.984607 -0.110062 -0.135779 -1.42379 0.0397916 0.897589 -0.439034 1.3232 0.170194 0.426873 0.888152 -7.37354 0 0 0 1 
7680147070056;0.896614;1.55111;40;0.99865 -0.0468588 -0.0224103 -2.25018 0.046205 0.998515 -0.028853 1.53321 0.023729 0.0277786 0.999332 -2.80861 0 0 0 1 
7680147070057;0.403726;1.87064;50;0.997682 0.000767344 0.06805 -4.04856 0.00251215 0.99884 -0.0480937 1.72269 -0.0680079 0.0481531 0.996522 -2.26494 0 0 0 1 
7680147070058;0.771956;1.65494;45;0.992092 0.0128486 0.124852 -3.22022 0.00900432 0.984897 -0.172907 0.988264 -0.125188 0.172664 0.976993 -7.1262 0 0 0 1 
7680147070059;0.054331;1.53019;37;0.999691 -0.00710284 0.0238224 -2.67156 0.00745463 0.999864 -0.0147109 1.24506 -0.0237147 0.0148839 0.999608 -1.14283 0 0 0 1 
7680147070060;0.252286;1.63946;42;0.999825 0.00856134 0.0166173 -3.35958 -0.0126963 0.963468 0.267523 3.32664 -0.0137199 -0.267687 0.963408 4.69143 0 0 0 1 
7680147070062;0.694613;2.76068;25;0.997203 0.0434293 0.0608292 2.12712 -0.0452929 0.998535 0.0295995 -1.92934 -0.0594546 -0.0322718 0.997709 -1.00287 0 0 0 1 
7680147070063;0.642429;1.97678;23;0.99924 -0.0312089 -0.023334 2.85865 0.0311921 0.999513 -0.00108054 -0.0118532 0.0233563 0.000351879 0.999727 0.199247 0 0 0 1 
7680147070064;1.73702;2.21554;10;0.997054 -0.056901 -0.0514414 1.6196 0.044669 0.975884 -0.213669 -0.30985 0.0623589 0.210742 0.975551 -3.21148 0 0 0 1 
7680147070065;2.03958;2.44757;8;0.9827 -0.0126735 -0.184768 -0.598571 0.0401116 0.98854 0.145531 1.89803 0.180806 -0.150425 0.971947 6.23818 0 0 0 1 
7680147070066;1.4044;2.36089;11;0.997178 -0.0054925 0.074873 1.60071 0.0157846 0.990366 -0.137572 -0.661434 -0.0733961 0.138366 0.987658 -3.94201 0 0 0 1 
7680147070067;2.44929;2.20477;24;0.996906 -0.0096764 -0.0780004 2.80189 0.0105982 0.999879 0.0114126 -0.763589 0.0778805 -0.012204 0.996888 -0.398151 0 0 0 1 
7680147070068;0.72785;2.14627;24;0.997402 0.00198928 -0.0720142 1.888 -0.00500356 0.999118 -0.0417006 -0.913239 0.0718677 0.0419526 0.996531 2.01094 0 0 0 1 
7680147070069;0.403431;1.82288;18;0.995806 -0.0450008 0.0796582 2.97648 0.0742454 0.906246 -0.416181 0.120163 -0.0534614 0.42035 0.905786 -8.92111 0 0 0 1 
7680147070070;2.46104;3.11629;27;0.927395 -0.120864 -0.35402 1.51397 0.041594 0.973815 -0.223505 -1.37572 0.371764 0.192552 0.908138 3.86286 0 0 0 1 
7680147070071;1.40642;1.84363;14;0.946207 0.0565266 0.318587 1.67527 -0.0967283 0.989011 0.111804 -1.86617 -0.308766 -0.136607 0.941277 -6.68211 0 0 0 1 
7680147070072;0.468235;1.76495;18;0.997315 0.00186554 -0.0732061 1.36899 -0.00249004 0.999961 -0.00844039 -0.642599 0.0731876 0.00860001 0.997281 1.44335 0 0 0 1 
7680147070073;0.953779;2.14529;19;0.995837 0.0192313 0.0891004 2.22138 -0.000813279 0.979326 -0.202287 -1.73954 -0.0911485 0.201372 0.975265 -4.76068 0 0 0 1 
7680147070074;0.189263;2.37099;26;0.998036 -0.0609081 -0.0146616 3.52596 0.0574913 0.983432 -0.171919 -0.263334 0.02489 0.170739 0.985002 -2.2332 0 0 0 1 
7680147070075;2.44638;2.04896;37;0.963992 -0.121221 -0.236696 4.29156 0.0440684 0.950576 -0.307347 -0.851316 0.262255 0.28585 0.92169 1.6999 0 0 0 1 
7680147070076;2.31741;2.4989;29;0.9961 -0.00629913 -0.088006 2.31906 0.00338554 0.999442 -0.0332168 -0.974449 0.0881662 0.0327894 0.995566 3.81925 0 0 0 1 
7680147070077;2.21484;1.95775;32;0.99969 2.48377e-05 -0.0249076 3.55908 -0.00285032 0.993544 -0.113409 -1.49978 0.024744 0.113445 0.993236 0.761836 0 0 0 1 
7680147070078;0.226189;2.2976;25;0.991985 0.0290316 -0.122973 1.17957 0.0134075 0.943566 0.330913 2.50731 0.12564 -0.32991 0.935614 8.49353 0 0 0 1 
7680147070079;1.94297;2.70089;20;0.994909 0.00988546 0.100292 2.29346 0.0147038 0.970289 -0.241503 -0.618826 -0.0996991 0.241748 0.965204 -7.04924 0 0 0 1 
7680147070080;2.14298;2.42939;23;0.999212 -0.0357695 -0.0172003 2.61047 0.0316565 0.979642 -0.198239 -0.454633 0.0239411 0.197538 0.980003 -0.262727 0 0 0 1 
7680147070081;1.69906;2.36672;33;0.99881 -0.00382531 0.0486265 4.03837 0.00990169 0.992064 -0.125342 -1.10588 -0.0477611 0.125674 0.990921 -1.77901 0 0 0 1 
7680147070082;2.0972;2.35358;24;0.95727 -0.111613 -0.266789 1.48231 0.0358788 0.961231 -0.273401 -0.88409 0.286961 0.252147 0.924162 4.18254 0 0 0 1 
7680147070083;0.59076;1.88577;19;0.999604 -0.0206345 0.0191108 2.49631 0.0256762 0.946838 -0.320685 -0.724312 -0.0114777 0.321049 0.946993 -6.24616 0 0 0 1 
7680147070084;0.946739;2.44379;33;0.999041 0.0116296 -0.0422049 3.13305 -0.0112564 0.999896 0.00906899 -0.906232 0.0423059 -0.00858521 0.999068 2.10604 0 0 0 1 
7680147070085;1.67199;2.11519;26;0.962282 0.03098 -0.270284 -0.31903 0.0641663 0.939621 0.336148 3.8304 0.264378 -0.340813 0.902192 13.3002 0 0 0 1 
7680147070086;1.58068;2.33826;21;0.999734 0.00243746 -0.0229225 2.19445 -0.00195836 0.99978 0.0209004 -0.886611 0.0229684 -0.02085 0.999519 -0.669643 0 0 0 1 
7680147070087;0.945675;2.75177;26;0.991839 0.00347926 -0.12745 1.5411 -0.0300011 0.977928 -0.206778 -2.61613 0.123917 0.208914 0.970051 -0.852029 0 0 0 1 
7680147070088;1.00125;2.56331;23;0.981473 0.0261746 0.189805 2.7913 -0.022044 0.999473 -0.0238416 -1.98619 -0.190329 0.0192158 0.981532 -5.18085 0 0 0 1 
7680147070089;1.42162;2.7882;30;0.997558 0.0596552 0.036323 2.23146 -0.0602765 0.998049 0.0162548 -2.37388 -0.0352825 -0.0184045 0.999208 1.10905 0 0 0 1 
7680147070090;0.678915;1.81996;22;0.998102 -0.0373715 -0.0489491 2.59292 0.0390649 0.998654 0.0341084 0.499116 0.0476085 -0.0359558 0.998219 1.66183 0 0 0 1 
7680147070091;1.30647;2.1717;12;0.987428 -0.0723094 -0.14056 1.12189 0.0570023 0.992292 -0.110034 0.561807 0.147433 0.100638 0.983939 1.87001 0 0 0 1 
7680147070093;0.528987;0.576209;9;0.995831 -0.016897 -0.0896349 -0.79766 0.0225295 0.997809 0.062204 1.81888 0.0883874 -0.0639641 0.99403 7.44601 0 0 0 1 
7680147070094;0.750267;0.79951;9;0.975916 -0.0261717 -0.216572 -2.71702 0.0535114 0.991166 0.121355 4.60407 0.211482 -0.130022 0.968695 17.6912 0 0 0 1 
7680147070095;1.32662;1.05355;30;0.994407 0.0834149 0.0647804 -3.47865 -0.062209 0.958276 -0.278994 -7.05923 -0.0853497 0.273404 0.958105 -12.8371 0 0 0 1 
7680147070096;1.72861;0.281753;16;0.999199 0.0334239 0.0220063 -1.17599 -0.0322778 0.998201 -0.0505212 -2.87435 -0.0236553 0.0497704 0.998481 0.336928 0 0 0 1 
7680147070097;1.58172;1.66753;8;0.997247 -0.0069447 -0.0738202 -0.679234 0.0111437 0.998333 0.0566227 1.19035 0.073304 -0.0572895 0.995663 6.87234 0 0 0 1 
7680147070098;0.811119;0.311757;16;0.980025 -0.0367535 -0.195451 -2.69167 0.016141 0.994232 -0.106026 0.0315504 0.198221 0.100754 0.974965 12.6007 0 0 0 1 
7680147070099;0.734807;0.3159;22;0.999894 0.0054079 0.0135469 -1.10832 -0.00533937 0.999973 -0.00508999 -1.45449 -0.0135741 0.00501712 0.999895 -1.44853 0 0 0 1 
7680147070100;0.613699;0.293517;10;0.936325 0.0824558 0.341316 -4.51633 -0.060495 0.995383 -0.0745121 -5.11741 -0.345885 0.0491196 0.93699 -26.8023 0 0 0 1 
7680147070101;0.463274;0.51768;9;0.998941 -0.00595711 -0.0456168 -0.508708 0.000262729 0.992303 -0.123832 -1.05801 0.0460034 0.123689 0.991254 0.152881 0 0 0 1 
7680147070102;1.71997;1.27348;10;0.991056 0.0550368 0.121572 -1.73976 -0.0311689 0.981263 -0.190137 -3.61941 -0.129759 0.184647 0.974201 -15.8813 0 0 0 1 
7680147070103;0.768405;0.530823;11;0.985097 0.029469 0.169456 -0.714536 -0.0355169 0.998832 0.0327702 -2.31146 -0.168292 -0.0383004 0.984993 -9.81018 0 0 0 1 
7680147070104;1.11988;0.644612;27;0.99976 0.0171945 0.0136048 -1.69591 -0.0164462 0.998442 -0.0533228 -3.0417 -0.0145005 0.0530862 0.998485 -2.4303 0 0 0 1 
7680147070105;0.792054;0.685132;9;0.970922 0.0457399 0.234984 -1.88409 -0.0419102 0.998895 -0.0212684 -3.52278 -0.235698 0.0108017 0.971766 -17.8909 0 0 0 1 
7680147070106;0.562855;0.446307;18;0.998073 0.0204596 -0.0585765 -1.80862 -0.0240677 0.997813 -0.0615693 -2.333 0.0571887 0.0628605 0.996382 3.56546 0 0 0 1 
7680147070107;0.610731;0.527224;9;0.999874 -0.00686069 0.0143259 -0.0229269 0.00479036 0.990162 0.139847 1.41305 -0.0151444 -0.139761 0.990069 3.02746 0 0 0 1 
7680147070108;1.42716;1.14875;9;0.999258 0.0031286 -0.0383881 -0.704451 -0.00495598 0.998854 -0.0476003 -0.82198 0.0381952 0.0477552 0.998129 0.419291 0 0 0 1 
7680147070109;0.474796;0.361927;9;0.899926 0.0403693 0.43417 -5.20765 -0.100373 0.988145 0.11617 -6.23992 -0.424333 -0.148124 0.893309 -27.7951 0 0 0 1 
7680147070110;0.941477;0.488842;24;0.999846 -0.00866807 0.0152497 -0.8911 0.00969099 0.997615 -0.0683354 -0.936586 -0.014621 0.0684727 0.997546 -2.70518 0 0 0 1 
7680147070111;1.47967;1.31339;9;0.999926 0.00969606 0.00736571 -0.182899 -0.00953394 0.999718 -0.0217354 -0.807074 -0.00757438 0.0216635 0.999737 0.435715 0 0 0 1 
7680147070112;1.75011;0.580285;33;0.995774 -0.00297806 -0.0917843 -2.8518 0.0349696 0.936469 0.349003 4.73831 0.0849138 -0.350738 0.932616 12.4203 0 0 0 1 
7680147070113;1.0332;0.869097;16;0.997289 0.0149436 0.0720463 -0.77916 -0.0107123 0.998214 -0.0587641 -1.40117 -0.0727958 0.057833 0.995669 -6.02848 0 0 0 1 
7680147070114;0.426388;0.441688;21;0.982305 -0.0445579 0.181911 0.554056 -0.0296987 0.921939 0.386194 2.37082 -0.184919 -0.384762 0.904302 -4.1661 0 0 0 1 
7680147070115;1.70185;1.39857;11;0.994897 -0.0102904 -0.10037 -1.40248 -0.0271178 0.93091 -0.364239 -3.88195 0.0971841 0.365102 0.925881 -2.49029 0 0 0 1 
7680147070116;1.08478;0.246457;21;0.997325 0.0619665 0.0387568 -2.56906 -0.0445313 0.935664 -0.350071 -4.59083 -0.057956 0.347408 0.935921 -13.9911 0 0 0 1 
7680147070117;0.562653;0.624755;9;0.997036 0.0189647 0.0745611 -0.252609 -0.0260038 0.995176 0.0945998 -1.15287 -0.0724073 -0.0962582 0.992719 -2.69817 0 0 0 1 
7680147070118;0.421204;0.523838;9;0.992724 -0.0239579 -0.118002 -1.11028 0.012564 0.995266 -0.0963701 0.148542 0.119752 0.0941864 0.988326 6.48119 0 0 0 1 
7680147070119;1.56631;0.474136;9;0.998078 0.0116907 0.0608597 -0.433227 -0.00802857 0.998162 -0.0600732 -1.58011 -0.0614501 0.0594691 0.996337 -8.17927 0 0 0 1 
7680147070120;0.829004;0.730308;25;0.998943 0.0335835 -0.0313748 -2.48532 -0.0385574 0.98391 -0.174457 -4.70164 0.0250111 0.175482 0.984165 -1.28286 0 0 0 1 
7680147070121;0.0967963;0.227751;9;0.997535 0.00445072 0.0700259 -0.0399421 -0.00697163 0.999335 0.0357965 -0.484851 -0.0698199 -0.0361965 0.996903 -3.89171 0 0 0 1 
7680147070122;0.194803;0.3088;9;0.999662 -0.00591298 -0.0252984 -0.387607 0.0050018 0.999342 -0.03593 -0.179285 0.0254942 0.0357913 0.999034 1.25772 0 0 0 1 
7680147070124;1.64617;1.2208;27;0.995817 -0.00111401 0.0913599 -1.11661 0.014177 0.989699 -0.142461 1.63173 -0.0902601 0.14316 0.985575 -7.72283 0 0 0 1 
7680147070125;1.40625;0.827641;21;0.999273 -0.0284819 0.0253258 -0.95168 0.028473 0.999594 0.000710693 3.10468 -0.0253357 1.0925e-05 0.999679 -3.69172 0 0 0 1 
7680147070126;1.2267;1.4161;37;0.997917 -0.0567316 -0.0306995 -2.36295 0.0570791 0.998314 0.0105643 6.58942 0.0300484 -0.0122946 0.999473 1.89487 0 0 0 1 
7680147070127;1.9725;1.04408;15;0.986729 -0.0490111 -0.154799 -1.29341 0.0294316 0.991551 -0.126331 2.84991 0.159683 0.120099 0.979836 8.73502 0 0 0 1 
7680147070128;1.62499;1.90713;34;0.965442 -0.0670093 -0.251857 -4.33252 0.0688284 0.997627 -0.00158985 6.30059 0.251366 -0.0158 0.967763 13.5268 0 0 0 1 
7680147070129;0.486275;1.23231;22;0.998702 -0.023692 -0.0450846 -0.851236 0.0215502 0.998643 -0.0474116 2.78637 0.0461467 0.0463785 0.997857 3.22148 0 0 0 1 
7680147070130;1.63305;1.95906;30;0.997129 -0.00826958 0.075264 -1.19806 1.19333e-05 0.994035 0.109061 2.66135 -0.075717 -0.108747 0.991182 -3.80028 0 0 0 1 
7680147070131;2.14793;1.23446;30;0.932149 0.0586559 0.357291 -4.1289 0.0297156 0.971069 -0.236945 3.3204 -0.360853 0.231485 0.903438 -25.0106 0 0 0 1 
7680147070132;1.4581;2.09853;34;0.995606 -0.0211457 -0.0912194 -2.23642 0.0207209 0.99977 -0.00560121 3.00172 0.0913169 0.00368645 0.995815 3.65878 0 0 0 1 
7680147070133;1.07349;2.2084;28;0.999339 -0.000434202 -0.0363487 -1.40034 0.000134649 0.999966 -0.00824314 1.31028 0.0363511 0.0082328 0.999305 2.29602 0 0 0 1 
7680147070134;1.69636;1.42854;20;0.992964 -0.0346579 -0.113228 -1.67423 0.0199804 0.991537 -0.128279 2.35548 0.116715 0.125115 0.985253 9.76764 0 0 0 1 
7680147070135;0.51747;1.38276;25;0.938189 -0.0998941 -0.331395 -5.93568 0.0984279 0.994917 -0.0212507 7.77664 0.331834 -0.0126814 0.943253 20.1099 0 0 0 1 
7680147070136;0.646267;1.62342;27;0.915223 -0.107598 -0.388317 -8.19494 0.0570983 0.988595 -0.139352 4.91733 0.398883 0.105366 0.910928 26.1868 0 0 0 1 
7680147070137;2.04694;2.31587;28;0.992714 -0.0199539 -0.118831 -2.14109 0.0371044 0.988894 0.143917 4.8167 0.114639 -0.147277 0.982429 8.57749 0 0 0 1 
7680147070138;0.720049;1.12727;20;0.999223 -0.0249733 -0.0304812 -0.863568 0.0217778 0.994648 -0.101005 2.39705 0.0328405 0.100263 0.994419 1.58137 0 0 0 1 
7680147070139;1.74647;1.20334;27;0.998946 -0.0282798 0.0361441 -1.0848 0.0292764 0.999197 -0.02735 3.27715 -0.0353416 0.0283793 0.998972 -4.85417 0 0 0 1 
7680147070140;0.663015;2.04879;30;0.999791 -0.0202762 0.00244783 -1.48816 0.0204091 0.996375 -0.0825906 2.79106 -0.000764332 0.0826233 0.996581 -0.517219 0 0 0 1 
7680147070141;0.53013;1.18817;15;0.999679 -0.0240665 0.00796677 -0.45908 0.0241558 0.999644 -0.0113178 2.40572 -0.00769156 0.0115066 0.999904 -0.570598 0 0 0 1 
7680147070142;1.96977;1.96287;50;0.981683 -0.0843737 -0.170822 -5.17499 0.0448172 0.9737 -0.223382 5.75967 0.185177 0.211634 0.959646 13.541 0 0 0 1 
7680147070143;0.856847;1.76476;34;0.982822 -0.0431412 0.179445 -2.55628 0.0120028 0.985179 0.171111 3.41809 -0.184168 -0.166018 0.968773 -13.0499 0 0 0 1 
7680147070144;1.63732;2.01243;20;0.997046 0.0127768 0.0757314 -0.605845 -0.0137687 0.999826 0.0125904 -0.0845565 -0.0755573 -0.0135959 0.997049 -6.26755 0 0 0 1 
7680147070145;0.140484;1.22275;23;0.999115 -0.0416538 0.00592593 -0.992341 0.041708 0.999086 -0.00934076 4.07993 -0.00553144 0.00957965 0.999939 -0.485917 0 0 0 1 
7680147070146;1.19743;1.1997;34;0.993486 -0.095846 -0.0616449 -2.27338 0.0968329 0.995213 0.0132191 8.51055 0.0600828 -0.0191023 0.998011 2.24816 0 0 0 1 
7680147070147;0.293378;1.0936;20;0.99804 -0.00266451 0.0625254 -0.643399 0.00855995 0.995515 -0.0942113 1.43107 -0.061994 0.0945619 0.993587 -3.87333 0 0 0 1 
7680147070148;2.08491;1.30134;9;0.99386 -0.0243128 -0.107941 -1.00608 0.0425506 0.98452 0.170027 4.24491 0.102137 -0.173576 0.97951 7.99284 0 0 0 1 
7680147070149;2.16398;1.65735;28;0.986601 -0.0505064 -0.155138 -2.27446 0.0243571 0.985818 -0.166042 3.36296 0.161324 0.160039 0.973839 10.5058 0 0 0 1 
7680147070150;0.570326;1.80024;28;0.999642 0.00313643 0.0265797 -1.13097 0.00851757 0.904195 -0.427035 0.592506 -0.0253726 0.427108 0.903844 -0.299089 0 0 0 1 
7680147070151;0.700204;2.15942;41;0.994064 -0.0525183 -0.0952854 -2.84008 0.0538498 0.998483 0.0114551 6.42889 0.0945393 -0.0165182 0.995384 5.34895 0 0 0 1 
7680147070152;0.196422;1.22017;23;0.998591 -0.0489541 -0.0204701 -0.967375 0.048613 0.998676 -0.016845 4.49841 0.0212676 0.0158262 0.999649 1.30357 0 0 0 1 
7680147070153;0.328459;1.86689;29;0.999309 -0.0199032 -0.0313932 -1.38594 0.00952423 0.953474 -0.301325 1.75098 0.0359299 0.300817 0.953005 3.15281 0 0 0 1 
7680147070155;0.140686;3.64292;60;0.999336 -0.0197454 -0.0306083 5.26821 0.018495 0.999004 -0.0406082 3.47144 0.0313796 0.0400151 0.998706 3.3815 0 0 0 1 
7680147070156;0.73666;3.53512;63;0.999163 0.00683988 -0.0403305 5.89008 -0.00867383 0.998928 -0.0454749 0.222998 0.0399762 0.0457866 0.998151 4.54871 0 0 0 1 
7680147070157;1.89722;3.78345;56;0.996651 -0.0353743 -0.0737297 3.31622 0.0379713 0.998696 0.0341237 6.2164 0.0724265 -0.036809 0.996694 9.72983 0 0 0 1 
7680147070158;1.79956;3.41288;56;0.99756 -0.0209283 -0.0666099 4.56524 0.00712259 0.979545 -0.201097 2.65698 0.069456 0.200132 0.977304 8.85987 0 0 0 1 
7680147070159;1.65931;3.54184;42;0.998942 -0.00723676 -0.045412 3.12715 0.00548039 0.999237 -0.0386824 1.41405 0.0456573 0.0383926 0.998219 3.53434 0 0 0 1 
7680147070160;0.0621527;3.30007;56;0.998989 0.0118994 -0.0433503 4.76882 -0.0136646 0.99908 -0.0406513 -0.276092 0.0428267 0.0412026 0.998233 4.85538 0 0 0 1 
7680147070161;0.430207;3.7315;65;0.994679 -0.0827943 -0.0613076 4.7928 0.0780677 0.994059 -0.0758484 9.96568 0.0672232 0.0706587 0.995233 7.57934 0 0 0 1 
7680147070162;0.473536;3.16935;51;0.96858 0.0637405 0.240394 2.21991 -0.0642462 0.997918 -0.00574139 -5.76026 -0.24026 -0.0098834 0.970658 -26.8364 0 0 0 1 
7680147070163;0.736349;3.46094;51;0.991708 0.0201712 0.126919 4.03142 -0.0358089 0.991864 0.122164 -2.54217 -0.123422 -0.125696 0.984362 -13.5315 0 0 0 1 
7680147070164;0.540732;3.90958;62;0.996333 -0.0507416 -0.0688964 4.88295 0.0384588 0.984838 -0.169161 5.42062 0.0764352 0.165891 0.983177 9.42377 0 0 0 1 
7680147070165;1.76832;3.48741;54;0.999344 0.0216163 -0.0290685 4.83258 -0.022976 0.998617 -0.0472861 -1.04174 0.0280062 0.047923 0.998458 5.91288 0 0 0 1 
7680147070166;0.877488;3.4528;56;0.994964 0.0140429 -0.0992414 4.64808 -0.00200714 0.992729 0.120351 1.19705 0.10021 -0.119545 0.987759 9.03599 0 0 0 1 
7680147070167;0.355143;3.68677;60;0.995667 -0.0588015 -0.0720389 4.49517 0.0559093 0.997572 -0.0415286 7.63311 0.0743059 0.0373211 0.996537 8.49099 0 0 0 1 
7680147070168;0.458362;3.58395;61;0.999671 -0.0145397 0.0211423 5.68521 0.0126987 0.996322 0.084743 3.49529 -0.0222967 -0.0844466 0.996179 -3.19608 0 0 0 1 
7680147070169;1.52541;3.57346;63;0.958862 -0.0534219 -0.278801 1.50376 0.0710207 0.996044 0.0534017 9.43695 0.274845 -0.0710055 0.958863 28.4645 0 0 0 1 
7680147070170;1.71122;3.6504;48;0.997101 0.0322444 0.0689145 4.18833 -0.0269625 0.996724 -0.0762459 -1.70158 -0.0711473 0.0741668 0.994705 -6.76651 0 0 0 1 
7680147070171;1.73488;3.49032;69;0.993073 -0.028452 -0.113998 6.42584 -0.00486099 0.959458 -0.28181 0.714548 0.117395 0.280412 0.952674 12.7564 0 0 0 1 
7680147070172;1.09968;3.53335;62;0.999739 0.0087554 -0.0210826 6.10761 -0.00958685 0.999167 -0.0396653 -0.12467 0.0207177 0.0398571 0.998991 2.54766 0 0 0 1 
7680147070173;0.591876;3.19811;52;0.960519 0.0175904 -0.277656 -0.67003 -0.00395484 0.998762 0.0495934 1.29585 0.278185 -0.0465373 0.9594 30.4552 0 0 0 1 
7680147070174;1.36958;3.92933;55;0.998248 -0.0438019 0.0397887 4.56605 0.0497281 0.985401 -0.162823 6.0933 -0.0320759 0.164516 0.985853 -4.49081 0 0 0 1 
7680147070175;0.533565;3.57013;61;0.998833 0.0155968 -0.0457195 5.27733 -0.0175917 0.998896 -0.0435622 -0.142961 0.0449896 0.0443156 0.998004 5.56907 0 0 0 1 
7680147070176;0.79171;3.07721;48;0.992426 0.0379468 0.116835 4.52868 -0.0241499 0.992801 -0.117317 -2.05319 -0.120445 0.113607 0.986198 -12.0022 0 0 0 1 
7680147070177;1.74498;3.41035;50;0.960062 0.0680329 0.271391 1.26193 -0.0391849 0.993121 -0.110339 -4.18452 -0.277031 0.0952975 0.956124 -30.1687 0 0 0 1 
7680147070178;1.38005;3.59776;47;0.99599 -0.0288133 0.084697 3.97857 0.0395316 0.991021 -0.127732 4.88789 -0.0802561 0.130568 0.988186 -9.79231 0 0 0 1 
7680147070179;1.66284;3.37943;52;0.999083 0.00403746 0.0426334 5.98128 -0.00503803 0.999714 0.0233878 0.35502 -0.0425267 -0.0235812 0.998817 -3.59092 0 0 0 1 
7680147070180;1.25183;3.03422;41;0.969805 0.042952 -0.240069 0.00239863 -0.0103699 0.990741 0.135368 0.24092 0.24366 -0.128791 0.961271 24.2007 0 0 0 1 
7680147070181;1.00094;3.13295;44;0.996096 0.0693332 0.0546387 4.56269 -0.0781039 0.980654 0.17949 -7.00626 -0.041137 -0.183057 0.982241 -6.49539 0 0 0 1 
7680147070182;1.8528;3.08131;36;0.979379 0.0474137 0.196387 3.05848 -0.0689924 0.992125 0.104536 -6.18003 -0.189884 -0.115929 0.974938 -24.0812 0 0 0 1 
7680147070183;0.963883;3.10522;54;0.989252 0.0465414 0.138616 5.16146 -0.0686379 0.984862 0.159169 -5.94277 -0.12911 -0.166972 0.977472 -15.7716 0 0 0 1 
7680147070184;0.147928;3.5011;59;0.998486 0.0120431 -0.0536693 5.04474 -0.012874 0.999802 -0.0151619 0.0931835 0.053476 0.0158299 0.998444 5.99566 0 0 0 1 
7680147070186;1.27351;5.10215;64;0.993163 0.11405 0.0249119 3.62546 -0.111937 0.990947 -0.0741239 -6.51803 -0.0331403 0.0708285 0.996938 -3.079 0 0 0 1 
7680147070187;0.700101;4.96898;68;0.946345 0.0894675 0.310525 0.1484 -0.146422 0.975327 0.165222 -9.40908 -0.288082 -0.201825 0.936096 -31.2102 0 0 0 1 
7680147070188;1.39118;5.0172;63;0.997339 0.0474049 0.0553837 4.81708 -0.0492505 0.998259 0.0324477 -0.141798 -0.0537491 -0.0350891 0.997938 -7.99004 0 0 0 1 
7680147070189;1.30828;5.20201;73;0.96212 -0.0256149 -0.271421 1.16621 0.120925 0.932378 0.340658 22.1541 0.244341 -0.360576 0.900157 28.2448 0 0 0 1 
7680147070190;1.12112;5.0001;59;0.992323 0.0393304 0.117256 4.41758 -0.0770316 0.938281 0.337187 -0.898855 -0.0967578 -0.34363 0.934107 -9.77371 0 0 0 1 
7680147070191;1.94775;5.45458;83;0.998331 0.0100851 -0.0568621 7.35508 0.00167313 0.979169 0.203041 8.13273 0.0577252 -0.202797 0.977518 6.85315 0 0 0 1 
7680147070192;1.68036;5.41578;70;0.986758 0.0265406 0.160014 4.48168 -0.0222319 0.999342 -0.0286576 4.54857 -0.16067 0.0247207 0.986699 -18.0346 0 0 0 1 
7680147070193;1.11849;5.35618;74;0.998397 0.036733 0.0430701 6.01533 -0.0237994 0.962735 -0.269396 2.81602 -0.0513608 0.267939 0.962066 -7.28264 0 0 0 1 
7680147070194;0.766853;5.14483;62;0.99927 0.031983 0.0209131 4.2442 -0.0324014 0.999275 0.0199801 1.88002 -0.0202589 -0.0206431 0.999582 -2.94792 0 0 0 1 
7680147070195;0.416426;4.84343;63;0.996335 0.0434839 0.0736563 5.00046 -0.0378335 0.996356 -0.0764446 1.00831 -0.076712 0.0733778 0.99435 -9.73182 0 0 0 1 
7680147070196;0.748225;5.19269;62;0.999353 0.0135441 0.0333096 4.5684 -0.0162499 0.996471 0.0823525 3.95155 -0.0320767 -0.0828405 0.996046 -3.06334 0 0 0 1 
7680147070197;0.500793;4.78422;60;0.99719 0.0710124 0.0238763 4.24672 -0.0642939 0.974748 -0.213853 -2.23208 -0.0384596 0.211717 0.976574 -6.29347 0 0 0 1 
7680147070198;0.104802;5.58686;77;0.999806 0.00296915 0.0194501 5.97482 -0.00493216 0.994806 0.101669 6.23852 -0.0190472 -0.101745 0.994628 -1.74339 0 0 0 1 
7680147070199;1.797;5.01365;60;0.979051 0.0981411 0.178405 2.83142 -0.0905096 0.994617 -0.0504434 -5.28666 -0.182395 0.0332392 0.982663 -23.2344 0 0 0 1 
7680147070200;0.574851;4.78781;63;0.996058 0.0865116 -0.0196234 3.60496 -0.085018 0.994109 0.0672235 -3.35984 0.0253234 -0.0652901 0.997545 2.29232 0 0 0 1 
7680147070201;1.66238;5.40538;62;0.973076 -0.0352801 -0.22777 1.11628 0.0352502 0.99937 -0.00420069 8.27774 0.227775 -0.00394134 0.973706 24.1055 0 0 0 1 
7680147070202;0.856075;5.80263;72;0.999362 0.000361831 0.0357236 5.93869 -0.00667227 0.984245 0.176686 5.6196 -0.0350968 -0.176812 0.983619 -2.51227 0 0 0 1 
7680147070203;0.151635;5.16841;69;0.999386 0.0258646 0.0236314 5.28329 -0.026226 0.999542 0.0151148 3.27774 -0.0232296 -0.0157253 0.999606 -2.81595 0 0 0 1 
7680147070204;1.87474;5.47758;58;0.999499 0.0219261 0.022837 3.86225 -0.0218111 0.999748 -0.00527546 2.79631 -0.0229469 0.00477471 0.999725 -1.3264 0 0 0 1 
7680147070205;1.34644;5.09805;74;0.999572 0.0158997 0.0245748 6.74178 -0.0183476 0.99453 0.102828 5.6753 -0.0228054 -0.103235 0.994396 -2.43997 0 0 0 1 
7680147070206;0.882492;4.77433;61;0.909527 -0.101555 -0.403046 -5.69929 0.0575181 0.991114 -0.119933 12.0082 0.411645 0.0859004 0.907287 44.0269 0 0 0 1 
7680147070207;1.16879;5.07231;57;0.991163 0.109098 0.0754594 2.68402 -0.114414 0.990954 0.0701334 -7.02694 -0.0671254 -0.0781472 0.994679 -6.05841 0 0 0 1 
7680147070208;1.24601;5.15356;62;0.992213 0.113774 0.0506905 3.38328 -0.119091 0.985785 0.118511 -7.47827 -0.0364865 -0.123625 0.991658 -3.47305 0 0 0 1 
7680147070209;1.20929;5.30867;74;0.99791 0.0356619 -0.0538791 5.52014 -0.0110691 0.915915 0.40122 7.86961 0.0636569 -0.399785 0.914396 8.26311 0 0 0 1 
7680147070210;1.69015;5.32577;77;0.999451 0.00206987 0.0330806 6.67936 -0.00293752 0.999652 0.0262012 7.62722 -0.0330148 -0.026284 0.999109 -2.36231 0 0 0 1 
7680147070211;0.940014;5.713;76;0.989607 0.0154345 -0.142968 3.46034 0.0131388 0.980359 0.196782 8.94971 0.143197 -0.196616 0.969967 17.9101 0 0 0 1 
7680147070212;1.74535;5.16196;70;0.999714 -0.00779659 0.0226127 5.70068 0.00766191 0.999952 0.00603659 8.09865 -0.0226587 -0.0058616 0.999726 -3.97803 0 0 0 1 
7680147070213;0.400202;4.98728;66;0.998403 0.0380441 0.041772 4.96844 -0.0397135 0.998415 0.0398894 1.82753 -0.0401882 -0.0414846 0.998331 -4.71744 0 0 0 1 
7680147070214;0.315659;5.54107;72;0.997817 0.0302667 -0.0587006 4.90409 -0.0251481 0.995973 0.0860565 3.87929 0.0610689 -0.0843924 0.994559 6.9241 0 0 0 1 
7680147070215;0.611277;5.1139;65;0.997114 0.00876283 0.075416 5.1811 -0.0115187 0.999279 0.0361855 4.24736 -0.0750445 -0.0369498 0.996495 -9.14437 0 0 0 1 
7680147070217;0.89674;3.44455;56;0.998199 -0.00478052 0.059801 -4.21052 0.00351705 0.999769 0.0212153 -1.06174 -0.0598886 -0.0209668 0.997985 -2.06103 0 0 0 1 
7680147070218;1.73564;3.71218;59;0.999712 -0.0201974 0.0129915 -5.33243 0.0201274 0.999782 0.005491 -0.259984 -0.0130996 -0.00522793 0.999901 1.61435 0 0 0 1 
7680147070219;1.39452;3.51943;54;0.961265 -0.0518026 -0.270713 -5.43354 0.0265988 0.99503 -0.0959561 -0.999775 0.274339 0.0850386 0.957866 6.26537 0 0 0 1 
7680147070220;0.267296;3.46002;55;0.999615 0.00571993 -0.0271574 -4.25394 -0.0161824 0.915099 -0.402905 -2.05818 0.0225471 0.403189 0.914839 4.10522 0 0 0 1 
7680147070221;1.27015;3.71732;47;0.999823 0.00180945 0.0187499 -3.07146 -0.0060425 0.973582 0.228256 -0.522857 -0.0178416 -0.228329 0.973421 -2.77172 0 0 0 1 
7680147070222;1.97297;3.45382;67;0.996044 0.00222589 0.0888346 -6.18119 -0.00550147 0.999313 0.0366449 -1.92238 -0.0886921 -0.0369887 0.995372 -0.993076 0 0 0 1 
7680147070223;1.53331;3.94194;66;0.997904 -0.0209879 -0.061211 -5.64121 0.0214215 0.99975 0.006437 -1.58737 0.0610606 -0.00773474 0.998104 -0.0714446 0 0 0 1 
7680147070224;2.30376;3.39226;55;0.912487 -0.0998642 -0.396729 -6.29554 0.056301 0.991176 -0.120004 -0.61728 0.405212 0.087166 0.910058 4.07476 0 0 0 1 
7680147070225;1.4585;3.6751;51;0.998698 -0.0221676 -0.0459372 -4.26117 0.0198798 0.998568 -0.0496748 -0.0412933 0.0469725 0.048697 0.997708 2.25009 0 0 0 1 
7680147070226;1.86707;3.56985;58;0.998456 -0.00598315 -0.0552189 -4.70511 0.00541144 0.99993 -0.0104972 -0.252217 0.0552778 0.0101822 0.998419 2.9602 0 0 0 1 
7680147070227;0.781577;3.44884;54;0.999791 -0.00963412 -0.0180485 -3.92184 0.00973672 0.999937 0.00560527 -1.11702 0.0179934 -0.00577983 0.999821 -0.599061 0 0 0 1 
7680147070228;0.400914;3.79885;58;0.998402 0.0186914 0.0533223 -4.20878 -0.0204002 0.99929 0.0316856 -1.46712 -0.0526922 -0.0327227 0.998075 -0.995998 0 0 0 1 
7680147070229;0.955663;3.52193;61;0.999725 -0.00481212 -0.0229605 -4.9005 0.00396586 0.999316 -0.0367616 -0.781535 0.0231217 0.0366605 0.99906 0.97967 0 0 0 1 
7680147070230;0.317185;3.44788;54;0.980541 -0.0304631 -0.193938 -5.00611 0.0229161 0.998895 -0.04104 -0.628687 0.194974 0.0357971 0.980155 3.45488 0 0 0 1 
7680147070231;1.12926;3.63405;55;0.99987 -0.013914 0.00819726 -4.07959 0.013806 0.999819 0.0130915 -0.517207 -0.00837793 -0.0129767 0.999881 -1.03155 0 0 0 1 
7680147070232;1.51388;3.7361;66;0.999848 0.0163618 0.00598988 -5.07612 -0.0165008 0.999577 0.0239462 -2.31299 -0.00559554 -0.0240414 0.999695 -1.29873 0 0 0 1 
7680147070233;1.97376;3.74277;64;0.991071 -0.0179402 -0.132119 -6.03845 0.0602917 0.94411 0.32407 0.00407022 0.118921 -0.329142 0.936762 -2.49463 0 0 0 1 
7680147070234;1.9935;3.54107;55;0.999723 -0.000382203 -0.0235492 -4.02773 -0.00175503 0.99588 -0.0906684 -1.37668 0.0234869 0.0906846 0.995603 -1.18643 0 0 0 1 
7680147070235;1.53051;3.54068;53;0.987134 -0.0326376 -0.156529 -4.4338 0.0316081 0.999459 -0.00906241 -0.846083 0.15674 0.00399823 0.987632 1.04364 0 0 0 1 
7680147070236;0.104269;3.62109;58;0.99988 0.0111677 0.0107512 -4.26197 -0.0112474 0.999909 0.00738578 -1.31307 -0.0106677 -0.00750581 0.999915 -0.0781635 0 0 0 1 
7680147070237;2.06657;3.59631;71;0.997374 0.000592479 -0.0724177 -6.56295 -0.0127883 0.985693 -0.168062 -1.25401 0.0712821 0.168547 0.983113 4.08647 0 0 0 1 
7680147070238;1.4657;3.36513;43;0.9157 0.0300518 0.400736 -3.28689 -0.13245 0.96405 0.230359 -3.01867 -0.379407 -0.264017 0.886761 -8.70748 0 0 0 1 
7680147070239;0.672786;3.40034;54;0.992533 0.00582774 0.121834 -3.96992 -0.0148848 0.99718 0.0735622 -1.04259 -0.121062 -0.0748264 0.989821 -1.86793 0 0 0 1 
7680147070240;1.69401;3.93518;59;0.998784 -0.00543211 0.0489978 -4.60806 0.00130185 0.99647 0.0839356 -0.510978 -0.0492808 -0.0837698 0.995266 0.470806 0 0 0 1 
7680147070241;1.89764;3.40974;48;0.9958 -0.0268931 -0.0875123 -4.01859 0.0452382 0.975574 0.214965 -0.7599 0.0795936 -0.218021 0.972693 -3.05111 0 0 0 1 
7680147070242;1.04234;3.84612;65;0.998017 -0.0175246 -0.0604545 -5.71989 0.0182675 0.999764 0.0117582 -0.716298 0.0602342 -0.0128392 0.998102 1.56584 0 0 0 1 
7680147070243;1.63774;3.36187;63;0.970048 0.0429903 0.239081 -5.14397 -0.0522152 0.998111 0.0323828 -2.54875 -0.237237 -0.0438965 0.97046 -3.87395 0 0 0 1 
7680147070244;2.23994;3.84353;52;0.996546 -0.00150252 -0.0830314 -3.94746 0.0196001 0.975845 0.217583 -0.650188 0.0806988 -0.218459 0.972504 1.28635 0 0 0 1 
7680147070245;0.410551;3.65726;59;0.999686 -0.0166573 -0.0186982 -4.61587 0.0168254 0.999819 0.00886574 -0.64635 0.0185471 -0.00917757 0.999786 -0.266559 0 0 0 1 
7680147070246;0.921508;3.55587;55;0.994681 -0.0213501 -0.100768 -4.5066 0.0167887 0.998805 -0.0458994 -0.805931 0.101627 0.0439635 0.993851 0.876797 0 0 0 1 
7680147070248;1.50847;1.89119;50;0.976627 0.0518273 -0.208601 1.33474 0.0140823 0.952981 0.302701 4.39551 0.214481 -0.298564 0.929977 22.3455 0 0 0 1 
7680147070249;1.33018;2.2626;53;0.991924 0.110773 0.0617783 3.96388 -0.110964 0.993824 -0.000335215 -6.8031 -0.0614339 -0.00652266 0.99809 -4.44752 0 0 0 1 
7680147070250;0.124558;1.85428;44;0.996711 0.07894 0.0183333 2.20762 -0.0788321 0.996866 -0.00653651 -4.95656 -0.0187918 0.00506976 0.999811 -2.3042 0 0 0 1 
7680147070251;0.53556;2.28659;47;0.973656 0.155953 0.166349 0.2707 -0.17107 0.981947 0.0807103 -12.6915 -0.150759 -0.107041 0.982758 -12.7727 0 0 0 1 
7680147070252;1.1295;2.04246;42;0.979234 0.166446 0.115744 0.49825 -0.157602 0.984107 -0.0818282 -11.7811 -0.127524 0.0618874 0.989903 -10.2343 0 0 0 1 
7680147070253;0.578449;1.77683;41;0.998913 0.00955266 -0.0456138 3.17277 -0.00973568 0.999945 -0.00379196 1.14898 0.0455751 0.00423192 0.998952 4.28244 0 0 0 1 
7680147070254;1.15198;1.99759;54;0.996025 0.0886872 0.00825909 3.35098 -0.0886513 0.996052 -0.0046116 -4.76968 -0.00863548 0.00386109 0.999955 -2.84449 0 0 0 1 
7680147070255;0.370863;1.89657;44;0.990587 0.108032 0.0840622 1.58094 -0.135171 0.86888 0.476211 -7.37924 -0.021594 -0.483091 0.875304 1.63764 0 0 0 1 
7680147070256;1.32328;1.78745;40;0.962041 0.165738 0.216816 -1.84761 -0.116439 0.967805 -0.22315 -8.64551 -0.24682 0.189434 0.950366 -26.5459 0 0 0 1 
7680147070257;0.807316;1.96926;54;0.972849 -0.00273254 -0.231423 1.10383 -0.0443007 0.979242 -0.197793 -2.60553 0.227159 0.202675 0.952534 18.8767 0 0 0 1 
7680147070258;0.260139;1.84938;46;0.948445 0.182731 0.258963 -2.26425 -0.143341 0.976035 -0.163732 -11.1653 -0.282676 0.118171 0.951908 -27.1098 0 0 0 1 
7680147070259;0.965988;1.81128;43;0.987743 0.0579415 0.144935 1.92085 -0.0664619 0.996291 0.0546503 -3.79566 -0.141231 -0.0636131 0.987931 -12.5615 0 0 0 1 
7680147070260;0.831214;1.9777;54;0.994107 0.108239 -0.00592633 2.58817 -0.105994 0.982035 0.156117 -5.68644 0.0227177 -0.154569 0.987721 2.62793 0 0 0 1 
7680147070261;1.06706;1.56445;36;0.984281 0.0867673 0.153829 1.07882 -0.0466299 0.967764 -0.247505 -2.83229 -0.170345 0.236441 0.956597 -19.4553 0 0 0 1 
