#;prob_registration_l1 -r /home/probabilistic_point_clouds_registration/build/tester /home/point_clouds_registration_benchmark//devel/registration_pairs/gazebo_summer_local.txt /home/point_clouds_registration_benchmark//eth/gazebo_summer -s 0.2 -t 0.2 -p 0.3 -r 1000 -m 10 -i 100 
id;initial_error;final_error;transformation
36535719080000;0.0805842;0.101678;10;0.998842 -0.0171993 0.0449261 -0.153128 0.0127144 0.995078 0.0982717 -0.0657207 -0.0463952 -0.0975867 0.994145 0.0226267 0 0 0 1 
36535719080001;0.11249;0.0934012;10;0.986629 0.00244841 0.162961 -0.307634 0.00884464 0.997609 -0.0685375 0.0184469 -0.162739 0.0690624 0.984249 0.217451 0 0 0 1 
36535719080002;0.259114;0.114742;13;0.98888 0.0230186 0.146922 0.0165029 -0.0501409 0.981707 0.183675 -0.431313 -0.140006 -0.188999 0.971945 0.0996763 0 0 0 1 
36535719080003;0.441289;0.589322;12;0.980602 -0.0800236 0.178928 -0.832339 0.0924104 0.99379 -0.0619869 -0.179929 -0.172857 0.0773193 0.981907 -0.128625 0 0 0 1 
36535719080004;0.424931;0.548001;13;0.951208 -0.0719942 0.300033 -0.978723 0.0949556 0.993508 -0.0626454 -0.0561815 -0.293575 0.0880786 0.95187 -0.0949519 0 0 0 1 
36535719080005;0.508351;0.116252;14;0.98344 -0.122526 0.133539 0.339641 0.163959 0.915448 -0.367523 0.802407 -0.077217 0.383332 0.920377 -0.372073 0 0 0 1 
36535719080006;0.482532;0.35469;12;0.991988 0.000451608 -0.126328 -0.586739 -0.0191865 0.988932 -0.147126 0.309341 0.124863 0.148371 0.981017 -1.42172 0 0 0 1 
36535719080007;0.407429;0.101191;22;0.947959 -0.318282 0.0083672 0.077601 0.310928 0.919758 -0.23952 -0.715398 0.0685391 0.229656 0.970855 -1.13933 0 0 0 1 
36535719080008;0.494873;0.445162;17;0.978124 -0.0541285 0.200858 -1.03815 0.113567 0.947914 -0.297592 0.244122 -0.174288 0.313893 0.933325 -0.636203 0 0 0 1 
36535719080009;0.260051;0.0971885;13;0.985734 -0.0937464 0.139787 -0.245177 0.0874577 0.994888 0.0504849 -0.756693 -0.143805 -0.0375392 0.988894 -0.290952 0 0 0 1 
36535719080010;0.367096;0.155335;12;0.978456 -0.15814 0.132722 0.292334 0.163453 0.986093 -0.0300684 -0.156788 -0.126121 0.0511145 0.990697 0.748047 0 0 0 1 
36535719080011;0.379627;0.120031;17;0.967625 -0.210511 0.139234 -0.0454168 0.201355 0.976485 0.0770287 0.394721 -0.152175 -0.0464994 0.987259 -0.228215 0 0 0 1 
36535719080012;0.1676;0.0956792;10;0.999051 0.0268073 0.0343362 -0.365073 -0.0272322 0.999558 0.0119666 0.19164 -0.0340002 -0.0128903 0.999339 -0.516597 0 0 0 1 
36535719080013;0.445602;0.138813;30;0.945679 -0.2679 0.184174 0.92486 0.256776 0.962964 0.0822593 -0.90432 -0.19939 -0.0304995 0.979446 0.456001 0 0 0 1 
36535719080014;0.45281;0.472903;12;0.998611 0.0457175 0.0261824 -1.17103 -0.0456158 0.998949 -0.0044708 0.177084 -0.0263593 0.00327026 0.999647 0.00336797 0 0 0 1 
36535719080015;0.366192;0.462748;13;0.998118 -0.0200619 0.0579485 -1.22344 0.0180942 0.999248 0.0342843 0.0816605 -0.0585927 -0.0331712 0.997731 0.175617 0 0 0 1 
36535719080016;0.0775968;0.0917472;9;0.991591 -0.000976258 0.129405 -0.308115 -0.00497575 0.998944 0.0456638 0.0209324 -0.129313 -0.0459237 0.99054 0.168717 0 0 0 1 
36535719080017;0.294515;0.100077;15;0.953603 0.0757475 0.291384 -0.375138 0.00945172 0.959823 -0.280446 0.216553 -0.30092 0.270188 0.914574 0.205824 0 0 0 1 
36535719080018;0.425335;0.457445;11;0.999697 -0.0111286 0.021978 -0.774911 0.0126952 0.997289 -0.0724744 -0.168711 -0.0211119 0.0727314 0.997128 -0.582882 0 0 0 1 
36535719080019;0.389784;0.456746;11;0.996522 0.00238791 -0.0832958 -0.716556 -0.00823826 0.997516 -0.0699632 0.0375508 0.0829217 0.070406 0.994066 -0.615659 0 0 0 1 
36535719080020;0.317608;0.0902901;17;0.981658 0.184316 -0.0487401 -0.302529 -0.181052 0.981351 0.0645805 0.970129 0.0597344 -0.0545715 0.996722 -0.00293487 0 0 0 1 
36535719080021;0.423824;0.128976;28;0.909214 -0.30014 0.288525 0.338362 0.377949 0.885681 -0.269675 -0.381477 -0.1746 0.35424 0.918711 0.10335 0 0 0 1 
36535719080022;0.154215;0.0960678;10;0.999269 0.0110145 0.0366161 -0.515193 -0.0115295 0.999837 0.0138838 -0.0395692 -0.0364572 -0.0142958 0.999233 -0.354298 0 0 0 1 
36535719080023;0.35143;0.113014;13;0.978494 0.0047131 -0.206221 -0.207774 0.0175944 0.994189 0.106205 0.221782 0.205524 -0.107549 0.972725 0.281315 0 0 0 1 
36535719080024;0.34005;0.0984285;15;0.963812 -0.23323 -0.129114 0.23402 0.174801 0.918586 -0.354464 -0.263074 0.201274 0.319067 0.926113 -1.09608 0 0 0 1 
36535719080025;0.273677;0.0942982;14;0.994232 0.0692056 -0.0819295 -0.242031 -0.0533354 0.98183 0.182113 0.495115 0.093044 -0.176693 0.979858 -0.00452079 0 0 0 1 
36535719080026;0.254446;0.131575;10;0.998421 -0.0226746 0.0514019 0.176767 0.0223268 0.999724 0.00733065 0.448321 -0.0515539 -0.00617143 0.998651 -0.0437407 0 0 0 1 
36535719080027;0.274443;0.100405;21;0.965104 0.231843 0.121753 -0.69024 -0.233164 0.972431 -0.00348027 0.461329 -0.119203 -0.0250296 0.992554 0.0532961 0 0 0 1 
36535719080028;0.110223;0.0901872;10;0.990378 -0.0272438 0.135682 -0.307169 0.0354372 0.997667 -0.0583424 -0.172164 -0.133776 0.0625892 0.989033 0.0361896 0 0 0 1 
36535719080029;0.464721;0.607256;12;0.971719 -0.058972 0.228657 -1.06252 0.0627598 0.997985 -0.00932276 -0.173187 -0.227646 0.0234096 0.973462 -0.320231 0 0 0 1 
36535719080031;0.562593;1.137;16;0.9911 0.0273023 0.130291 -1.83562 -0.0213884 0.998686 -0.0465757 0.6796 -0.131392 0.0433744 0.990381 -0.146558 0 0 0 1 
36535719080032;0.49885;0.68704;13;0.998229 0.0586283 0.0100389 -0.981739 -0.0593119 0.993843 0.0935896 0.630633 -0.00449013 -0.0940193 0.99556 -0.37323 0 0 0 1 
36535719080033;0.471869;1.20661;26;0.975479 0.198864 0.0943037 -2.13288 -0.219186 0.916605 0.334354 0.829417 -0.0199481 -0.346826 0.937718 0.523138 0 0 0 1 
36535719080034;0.28376;0.662146;16;0.984826 0.0961644 -0.144468 -0.936829 -0.0831306 0.992123 0.0937077 0.736601 0.152341 -0.080276 0.985062 -0.69139 0 0 0 1 
36535719080035;0.587922;1.44321;24;0.987375 -0.104826 0.118756 -2.5122 0.113039 0.991485 -0.0646567 -0.045751 -0.110967 0.0772644 0.990816 -0.754147 0 0 0 1 
36535719080036;0.406933;0.605478;13;0.999417 0.0132985 0.0314559 -1.32088 -0.0131827 0.999906 -0.00388722 0.347064 -0.0315046 0.00347028 0.999498 0.426715 0 0 0 1 
36535719080037;0.0919718;0.403551;10;0.995025 0.0419611 0.090357 -0.706949 -0.0427008 0.999068 0.00626872 0.177361 -0.0900098 -0.0100959 0.99589 0.0947835 0 0 0 1 
36535719080038;0.581548;1.06625;20;0.990306 -0.0223298 0.137097 -2.59645 0.0164315 0.998896 0.0440049 0.156693 -0.137928 -0.0413256 0.98958 0.712225 0 0 0 1 
36535719080039;0.434512;0.480256;14;0.989464 0.118777 0.0827799 -1.31945 -0.114848 0.992087 -0.0507309 0.866219 -0.0881505 0.0406894 0.995276 -0.550225 0 0 0 1 
36535719080040;0.566995;1.08981;15;0.946887 -0.00920051 0.321436 -1.30166 -0.0341328 0.991068 0.128916 0.406225 -0.319751 -0.13304 0.938115 0.462569 0 0 0 1 
36535719080041;0.142283;0.511082;13;0.99079 0.117265 0.0677058 -0.800707 -0.117573 0.993064 0.00055751 0.724679 -0.0671708 -0.00851273 0.997705 -0.103109 0 0 0 1 
36535719080042;0.307724;0.564381;14;0.998518 -0.0391282 -0.0378344 -0.977096 0.029238 0.971915 -0.233508 -0.0351942 0.0459086 0.232056 0.971618 -0.183758 0 0 0 1 
36535719080043;0.210302;0.891863;15;0.973706 0.027273 0.22617 -1.5876 -0.0616634 0.987299 0.146419 0.45337 -0.219304 -0.156515 0.963021 0.566368 0 0 0 1 
36535719080044;0.594242;1.16411;19;0.999262 -0.0241153 0.0298963 -1.85553 0.0196488 0.989729 0.141601 -0.505156 -0.0330039 -0.140909 0.989472 0.361168 0 0 0 1 
36535719080045;0.55307;0.511264;17;0.981374 0.179614 0.0681429 -1.55545 -0.16786 0.974254 -0.150507 1.45807 -0.0934217 0.136266 0.986258 0.446852 0 0 0 1 
36535719080046;0.383937;0.588063;13;0.989489 0.102458 0.102047 -0.871108 -0.098987 0.994343 -0.038525 1.08649 -0.105417 0.0280187 0.994033 -0.387656 0 0 0 1 
36535719080047;0.507113;0.550125;10;0.99881 0.0224588 0.0432906 -0.649935 -0.0221989 0.999733 -0.00647494 -0.0872445 -0.0434244 0.00550623 0.999042 0.679086 0 0 0 1 
36535719080048;0.299943;0.938143;18;0.971167 0.00759099 0.23828 -1.61821 0.0695973 0.946926 -0.313826 0.32039 -0.228016 0.321361 0.919095 0.388199 0 0 0 1 
36535719080049;0.398366;1.12352;18;0.976803 -0.0924825 0.19314 -1.84806 0.0391255 0.963827 0.26364 -0.00600245 -0.210535 -0.249968 0.945088 0.661448 0 0 0 1 
36535719080050;0.499825;0.95139;26;0.930485 0.191852 -0.312073 -1.59561 -0.175261 0.981213 0.0806539 0.939456 0.321684 -0.0203531 0.946628 -2.04427 0 0 0 1 
36535719080051;0.440086;1.4778;27;0.976414 -0.15078 0.154538 -2.48882 0.166852 0.981212 -0.0968647 -0.243029 -0.137029 0.120365 0.983227 -0.223001 0 0 0 1 
36535719080052;0.307637;0.942358;17;0.981355 0.0148935 0.191628 -1.74878 -0.0581279 0.973304 0.222035 0.247168 -0.183205 -0.229034 0.956023 0.472136 0 0 0 1 
36535719080053;0.461332;1.25781;18;0.953132 -0.0558808 0.297349 -1.86847 0.0484791 0.998305 0.0322147 0.191275 -0.298645 -0.0162897 0.954225 1.1527 0 0 0 1 
36535719080054;0.521749;0.669398;14;0.950515 -0.0451032 0.307388 -0.860393 0.0026444 0.990545 0.137166 1.01291 -0.310668 -0.129566 0.941647 0.792722 0 0 0 1 
36535719080055;0.319357;1.3683;22;0.961068 -0.0226374 0.275385 -2.26975 0.0557938 0.992008 -0.11317 0.297857 -0.270622 0.124128 0.95465 0.403469 0 0 0 1 
36535719080056;0.611624;1.23682;19;0.977112 -0.0954974 0.190088 -2.1669 0.115511 0.988546 -0.0971317 0.214359 -0.178634 0.116866 0.97695 -0.586802 0 0 0 1 
36535719080057;0.403587;0.471229;10;0.996139 0.0747304 -0.0460765 -0.581664 -0.0796814 0.989915 -0.11713 0.215355 0.0368586 0.120349 0.992047 -0.500769 0 0 0 1 
36535719080058;0.354702;0.869075;15;0.963872 -0.0352274 0.264026 -1.23154 0.0718507 0.988859 -0.130366 0.121707 -0.256492 0.144626 0.955665 -0.0149713 0 0 0 1 
36535719080059;0.377989;0.549287;14;0.983736 0.109957 0.142029 -0.905663 -0.0838398 0.980396 -0.178309 1.1474 -0.158851 0.163501 0.97367 -0.218639 0 0 0 1 
36535719080060;0.383603;0.57914;13;0.994079 0.0814601 0.0719107 -0.764311 -0.0886139 0.990763 0.102649 0.842456 -0.0628847 -0.108413 0.992115 -0.231631 0 0 0 1 
36535719080062;0.362158;0.293844;11;0.992489 0.121669 0.0127515 -0.509497 -0.122165 0.991211 0.0507541 -0.480622 -0.00646419 -0.0519307 0.99863 -1.20889 0 0 0 1 
36535719080063;0.299523;0.376719;12;0.988715 -0.133071 0.0688147 -0.203821 0.1203 0.978986 0.164666 -1.40379 -0.0892808 -0.154529 0.983946 -0.731341 0 0 0 1 
36535719080064;0.461382;0.405889;12;0.995867 -0.0773879 -0.0475486 0.0969945 0.06483 0.972284 -0.224633 -0.695937 0.0636146 0.220622 0.973283 -1.62498 0 0 0 1 
36535719080065;0.4807;0.697369;15;0.965405 0.120421 0.231282 -0.375561 -0.163294 0.970717 0.176193 -1.91742 -0.203292 -0.207865 0.956799 0.963983 0 0 0 1 
36535719080066;0.231893;0.294888;13;0.989507 -0.10209 0.10224 0.198822 0.0863075 0.985154 0.148397 -1.53146 -0.115872 -0.138016 0.983629 0.359216 0 0 0 1 
36535719080067;0.276753;0.355308;14;0.993038 0.104917 0.0535493 -0.354099 -0.116421 0.805039 0.581686 -1.08317 0.0179192 -0.583871 0.811649 0.353842 0 0 0 1 
36535719080068;0.41506;0.664929;14;0.991392 -0.098133 0.0866703 -0.0204261 0.0890578 0.990686 0.103008 -2.14664 -0.0959715 -0.0944022 0.990897 -0.854498 0 0 0 1 
36535719080069;0.168667;0.290783;11;0.99629 -0.00743318 0.0857404 -0.29682 -0.0155847 0.96421 0.264682 -1.07711 -0.0846392 -0.265037 0.960516 0.445956 0 0 0 1 
36535719080070;0.366766;0.491519;14;0.977815 0.0825066 -0.192539 0.0219611 0.0264099 0.863271 0.50405 -2.03877 0.207801 -0.497952 0.841939 -0.86506 0 0 0 1 
36535719080071;0.314881;0.366076;11;0.993249 -0.115406 -0.011722 -0.482385 0.115434 0.993314 0.00175999 -0.908989 0.0114405 -0.00310122 0.99993 -0.130814 0 0 0 1 
36535719080072;0.205179;0.355438;11;0.995477 -0.0830174 0.046193 -0.0830478 0.0749064 0.984936 0.155851 -0.89759 -0.0584355 -0.151686 0.9867 0.317037 0 0 0 1 
36535719080073;0.364246;0.454685;15;0.929761 -0.219852 0.295312 -0.32948 0.0744775 0.897855 0.433946 -1.98534 -0.360551 -0.381472 0.851165 1.09803 0 0 0 1 
36535719080074;0.343501;0.732557;15;0.99373 0.0724913 0.0851194 -0.166715 -0.098766 0.925969 0.364453 -2.3534 -0.0523982 -0.370575 0.927323 0.230307 0 0 0 1 
36535719080075;0.45993;0.837704;13;0.987563 0.0718377 -0.139854 0.132382 -0.0830683 0.993627 -0.0761889 -1.67065 0.133489 0.0868587 0.987237 -1.03346 0 0 0 1 
36535719080076;0.347563;0.408847;14;0.989733 0.14242 0.0120631 -0.00311389 -0.133557 0.891466 0.432956 -1.43766 0.0509077 -0.430122 0.901334 0.152816 0 0 0 1 
36535719080077;0.245685;0.474596;13;0.981509 0.0886946 -0.169625 -0.0689069 -0.0144888 0.918051 0.396198 -1.38975 0.190865 -0.386415 0.90236 -0.344452 0 0 0 1 
36535719080078;0.322722;0.294453;11;0.997472 0.0668324 0.0241312 -0.729015 -0.0704557 0.974302 0.213944 -0.546992 -0.0092127 -0.215103 0.976548 -0.784224 0 0 0 1 
36535719080079;0.340882;0.766244;16;0.99641 0.0423322 0.0733194 -0.160313 -0.0667379 0.925609 0.372551 -2.63295 -0.0520941 -0.376107 0.925111 -0.251059 0 0 0 1 
36535719080080;0.326117;0.454991;12;0.988407 0.0207001 0.150412 -0.0961127 -0.0862855 0.891718 0.44429 -0.540017 -0.124928 -0.452117 0.883166 0.884286 0 0 0 1 
36535719080081;0.410409;0.670347;15;0.982442 -0.171209 0.0741269 -0.607344 0.158255 0.975173 0.154895 -2.27916 -0.0988059 -0.140444 0.985146 -0.677086 0 0 0 1 
36535719080082;0.216435;0.304633;10;0.997962 0.0637898 -0.00133889 0.0820043 -0.062355 0.979533 0.19138 -0.352374 0.0135195 -0.190906 0.981515 0.182567 0 0 0 1 
36535719080083;0.161862;0.331985;11;0.992659 0.11122 0.047517 -0.358747 -0.119787 0.958335 0.259315 -0.639849 -0.0166962 -0.263103 0.964623 -0.354001 0 0 0 1 
36535719080084;0.439577;0.956221;20;0.981594 -0.187471 0.0364295 -0.331308 0.178241 0.967802 0.177735 -3.51176 -0.0685767 -0.16797 0.983404 0.211023 0 0 0 1 
36535719080085;0.124875;0.295725;11;0.98687 0.115035 0.113377 -0.254048 -0.140735 0.956873 0.25414 -0.555164 -0.0792524 -0.266759 0.960499 0.145311 0 0 0 1 
36535719080086;0.392366;0.482081;13;0.975328 0.0416948 -0.216788 0.619927 0.0338988 0.94207 0.333699 -1.39896 0.218143 -0.332815 0.917414 -1.10853 0 0 0 1 
36535719080087;0.41425;0.658159;15;0.994764 -0.101885 -0.00797505 -0.123403 0.0928615 0.868554 0.486817 -2.26632 -0.0426728 -0.485009 0.873467 -0.399006 0 0 0 1 
36535719080088;0.317089;0.355762;11;0.986658 0.0848474 0.138951 -0.414889 -0.117438 0.962009 0.246471 -1.04887 -0.11276 -0.2595 0.959138 -0.614347 0 0 0 1 
36535719080089;0.0976208;0.271838;9;0.999908 -0.00626089 -0.0120078 -0.026953 0.0075742 0.993606 0.112647 -0.708681 0.0112258 -0.112728 0.993562 -0.0755209 0 0 0 1 
36535719080090;0.312576;0.2552;11;0.997115 0.0283874 -0.0704008 0.297753 -0.0223527 0.996124 0.0850727 -1.31357 0.0725429 -0.0832536 0.993884 -0.0993943 0 0 0 1 
36535719080091;0.378116;0.409313;15;0.956759 -0.126533 0.261918 0.412454 0.144053 0.98837 -0.0487266 -1.60523 -0.252706 0.0843497 0.963859 0.201302 0 0 0 1 
36535719080093;0.290482;0.117112;11;0.988741 0.0209529 -0.148162 0.380932 -0.0348478 0.995166 -0.0918178 0.349421 0.145521 0.0959472 0.984692 -0.540299 0 0 0 1 
36535719080094;0.395592;0.699659;18;0.99904 0.0430187 -0.00828231 1.06366 -0.0432246 0.998713 -0.0265266 -0.490845 0.00713051 0.0268591 0.999614 -0.129144 0 0 0 1 
36535719080095;0.347587;0.0918322;23;0.901259 0.245786 -0.356823 0.330866 -0.207882 0.96785 0.141607 0.524872 0.380155 -0.0534472 0.923377 -1.34131 0 0 0 1 
36535719080096;0.508705;0.0858319;25;0.951541 -0.224303 0.210377 0.236331 0.17264 0.955757 0.238169 -0.663634 -0.254492 -0.190308 0.948165 1.74978 0 0 0 1 
36535719080097;0.390373;0.136358;29;0.88945 -0.361792 0.279258 0.205682 0.401349 0.910605 -0.0985825 -1.64582 -0.218627 0.199764 0.955142 0.741462 0 0 0 1 
36535719080098;0.177167;0.124176;14;0.96286 -0.00765107 0.269893 -0.079887 0.00634117 0.999964 0.00572499 -0.146268 -0.269927 -0.00380093 0.962873 0.748899 0 0 0 1 
36535719080099;0.46993;0.124019;28;0.96788 -0.238813 -0.0785931 0.477136 0.250874 0.896929 0.364115 -1.37747 -0.0164632 -0.372137 0.928032 -0.284832 0 0 0 1 
36535719080100;0.314307;0.0731311;13;0.999847 -0.0158067 -0.00751521 -0.318579 0.0167662 0.988223 0.1521 -0.507302 0.0050225 -0.152203 0.988337 -0.508683 0 0 0 1 
36535719080101;0.365934;0.352139;20;0.971391 0.2245 -0.0774576 0.133329 -0.213917 0.968795 0.125198 0.304419 0.103148 -0.105047 0.989103 -0.491542 0 0 0 1 
36535719080102;0.240105;0.0995403;17;0.987896 -0.14461 0.0561127 -0.160169 0.145776 0.989167 -0.0172512 -0.637547 -0.0530102 0.0252222 0.998275 -0.30477 0 0 0 1 
36535719080103;0.352767;0.10368;14;0.996229 0.057496 0.0649752 -0.0554198 -0.0604651 0.997169 0.044691 -0.228209 -0.0622218 -0.0484512 0.996886 0.617319 0 0 0 1 
36535719080104;0.495293;0.313962;16;0.883308 0.04602 -0.466528 0.16404 -0.00187592 0.995509 0.0946487 -0.196593 0.468789 -0.0827288 0.879428 -1.75493 0 0 0 1 
36535719080105;0.433787;0.122251;11;0.999313 -0.000423951 0.0370511 -0.0241967 0.000128183 0.999968 0.00798473 -0.0847176 -0.0370533 -0.0079745 0.999281 0.82844 0 0 0 1 
36535719080106;0.129754;0.12378;11;0.9966 -0.020643 0.0797672 -0.0143435 0.0119798 0.994123 0.107596 -0.120588 -0.0815195 -0.106274 0.99099 0.0751147 0 0 0 1 
36535719080107;0.262145;0.299402;12;0.991262 0.106198 -0.0782357 0.154373 -0.106299 0.99433 0.00289234 0.135098 0.0780992 0.00544929 0.996931 -0.678596 0 0 0 1 
36535719080108;0.397924;0.367436;16;0.985423 0.168849 -0.0207604 -0.236444 -0.157843 0.952991 0.258638 0.155512 0.0634552 -0.251591 0.965751 -0.445086 0 0 0 1 
36535719080109;0.398301;0.324142;16;0.942769 0.212635 0.256852 0.209122 -0.228269 0.973062 0.0323047 0.550399 -0.243064 -0.0890874 0.965911 0.846085 0 0 0 1 
36535719080110;0.208018;0.105302;15;0.991188 0.132346 -0.00546758 -0.0668979 -0.131989 0.990301 0.0433818 0.246854 0.011156 -0.0422779 0.999044 -0.374817 0 0 0 1 
36535719080111;0.465339;0.125293;26;0.943711 -0.229735 0.237972 -0.178221 0.246102 0.968372 -0.0410971 -0.503464 -0.221004 0.0973492 0.970402 1.0704 0 0 0 1 
36535719080112;0.541337;0.11206;23;0.900806 0.336062 -0.274976 1.15809 -0.314487 0.941581 0.120512 1.24141 0.299411 -0.0220815 0.953869 -1.30108 0 0 0 1 
36535719080113;0.28814;0.119391;12;0.999951 0.0052604 -0.00837772 -0.0692357 -0.00502328 0.999593 0.0280773 0.461873 0.00852201 -0.0280339 0.999571 -0.0808871 0 0 0 1 
36535719080114;0.343577;0.100303;23;0.957953 -0.286654 -0.0124342 0.324583 0.286898 0.957547 0.0281783 -1.25522 0.0038289 -0.0305608 0.999526 0.256362 0 0 0 1 
36535719080115;0.500998;0.841284;18;0.995028 0.091303 -0.0397841 0.917374 -0.0891548 0.994618 0.0527866 -0.518611 0.0443896 -0.0489772 0.997813 -0.330963 0 0 0 1 
36535719080116;0.41433;0.0923724;25;0.953416 -0.23902 0.184033 0.403262 0.176804 0.937063 0.301087 -0.962346 -0.244416 -0.254523 0.93567 1.39916 0 0 0 1 
36535719080117;0.508343;0.0968001;14;0.996928 -0.0478731 0.0619868 -0.054952 0.0356606 0.982099 0.18496 -0.0985532 -0.0697318 -0.182182 0.980789 1.16776 0 0 0 1 
36535719080118;0.0642213;0.0978502;11;0.998023 0.0611168 -0.0146879 -0.122298 -0.0610773 0.998128 0.0031201 0.238957 0.0148511 -0.00221683 0.999887 -0.227211 0 0 0 1 
36535719080119;0.384568;0.435374;16;0.975078 0.200608 0.0947591 0.309705 -0.215043 0.959646 0.181209 0.166265 -0.0545831 -0.197071 0.978869 -0.0506233 0 0 0 1 
36535719080120;0.113108;0.097278;10;0.998884 -0.0441706 0.0167251 -0.0195476 0.0432428 0.997696 0.0522784 -0.290565 -0.0189957 -0.0514968 0.998492 0.10091 0 0 0 1 
36535719080121;0.423482;0.0906479;18;0.97412 0.216779 -0.0640064 0.270028 -0.173833 0.899495 0.400863 0.174109 0.144472 -0.379362 0.913899 -0.46729 0 0 0 1 
36535719080122;0.427092;0.0734166;17;0.969443 -0.235899 0.0673144 0.112451 0.227513 0.967204 0.112931 -1.5831 -0.0917471 -0.0941654 0.99132 0.646302 0 0 0 1 
36535719080124;0.190705;0.131307;16;0.985452 0.163376 0.0468334 0.18332 -0.165793 0.984711 0.0534525 0.39521 -0.0373845 -0.0604395 0.997472 0.234725 0 0 0 1 
36535719080125;0.422416;0.16667;24;0.88611 0.407755 -0.22033 0.504105 -0.37661 0.910549 0.170483 1.15534 0.270137 -0.0680884 0.960411 -0.983412 0 0 0 1 
36535719080126;0.446714;0.118731;18;0.992448 0.114418 -0.0442281 0.437758 -0.117635 0.989934 -0.0786953 -0.24427 0.0347787 0.0833038 0.995917 -0.375659 0 0 0 1 
36535719080127;0.355012;0.801403;19;0.998289 0.0516163 0.0274597 1.24028 -0.0489459 0.994707 -0.0903481 0.231964 -0.0319778 0.0888495 0.995532 -0.0518603 0 0 0 1 
36535719080128;0.249905;0.139356;12;0.999944 -0.00611014 -0.00865269 0.238349 0.0061296 0.999979 0.00222346 0.335766 0.00863892 -0.00227638 0.99996 -0.0751137 0 0 0 1 
36535719080129;0.526113;0.861662;26;0.999241 -0.00392753 -0.0387606 1.61051 0.00238484 0.999206 -0.0397667 -0.392315 0.038886 0.0396441 0.998457 0.154846 0 0 0 1 
36535719080130;0.433817;0.139831;16;0.939769 0.077823 0.332833 0.0528291 -0.0293293 0.988505 -0.148319 -0.338647 -0.34055 0.129624 0.931248 1.05375 0 0 0 1 
36535719080131;0.251532;0.446572;15;0.999194 -0.0388755 -0.010037 0.703568 0.0383194 0.99798 -0.0506639 0.189869 0.0119863 0.0502384 0.998665 0.144367 0 0 0 1 
36535719080132;0.431426;0.136256;14;0.98195 0.0344954 -0.185967 0.0971356 -0.0238526 0.997963 0.0591667 -0.482226 0.18763 -0.0536629 0.980773 -1.00638 0 0 0 1 
36535719080133;0.541591;0.171629;18;0.944206 0.212125 0.251948 0.355015 -0.25741 0.952502 0.162728 0.521132 -0.205463 -0.218502 0.953961 1.54078 0 0 0 1 
36535719080134;0.252306;0.11097;11;0.997192 -0.0726773 0.0180843 -0.012625 0.0734381 0.996251 -0.045731 -0.396785 -0.0146929 0.0469307 0.99879 -0.254995 0 0 0 1 
36535719080135;0.472023;0.738667;25;0.971993 0.0303482 0.233041 1.01463 -0.0757122 0.979194 0.188271 -0.115187 -0.222479 -0.200643 0.954068 0.677197 0 0 0 1 
36535719080136;0.302061;0.162552;18;0.976884 0.185525 -0.106201 0.263875 -0.197596 0.973224 -0.117431 0.973682 0.0815714 0.135701 0.987386 -0.54325 0 0 0 1 
36535719080137;0.328535;0.151154;21;0.969502 0.227051 0.0922668 -0.114971 -0.212118 0.965948 -0.148156 0.761471 -0.122764 0.124066 0.984651 0.062426 0 0 0 1 
36535719080138;0.576365;0.142103;17;0.997466 0.0546802 0.0455167 0.829045 -0.0332483 0.923872 -0.381255 0.346248 -0.0628987 0.378775 0.923349 -0.502777 0 0 0 1 
36535719080139;0.521512;0.11521;31;0.962185 -0.271814 0.0178134 0.532869 0.267801 0.955887 0.120677 -1.67657 -0.0498294 -0.111343 0.992532 0.228171 0 0 0 1 
36535719080140;0.470285;0.164857;29;0.898129 0.415543 0.143835 0.0601832 -0.411402 0.909552 -0.0588558 1.4159 -0.155283 -0.00631409 0.98785 0.154368 0 0 0 1 
36535719080141;0.30287;0.135148;15;0.97312 0.129854 0.1902 -0.216289 -0.14545 0.986857 0.0704107 0.204144 -0.178557 -0.0961825 0.979217 0.603668 0 0 0 1 
36535719080142;0.480003;0.170337;16;0.972617 0.202005 0.114934 0.0738635 -0.231777 0.879618 0.415393 0.423477 -0.0171868 -0.430658 0.902352 0.0571836 0 0 0 1 
36535719080143;0.628053;0.148465;38;0.894565 0.433854 -0.107346 -0.41369 -0.444007 0.890144 -0.102477 1.65907 0.0510936 0.139335 0.988926 -0.293875 0 0 0 1 
36535719080144;0.602003;0.158248;24;0.94472 0.228523 -0.235121 0.611454 -0.276073 0.941269 -0.194413 1.26213 0.176884 0.248577 0.952324 -1.54139 0 0 0 1 
36535719080145;0.170435;0.135571;12;0.994809 0.101758 -0.00011732 0.14311 -0.101754 0.994783 0.00725358 0.369065 0.000854816 -0.00720399 0.999974 0.175162 0 0 0 1 
36535719080146;0.207536;0.142037;18;0.98244 0.183292 0.0348629 0.1681 -0.179233 0.979054 -0.0965835 0.66782 -0.0518357 0.088639 0.994714 0.0298726 0 0 0 1 
36535719080147;0.436345;0.118055;14;0.985017 0.166486 -0.0449815 0.553065 -0.162934 0.983888 0.0735922 0.990759 0.0565088 -0.0651605 0.996273 -0.445543 0 0 0 1 
36535719080148;0.640142;0.143171;33;0.961724 -0.269823 -0.0477746 1.38818 0.256453 0.947704 -0.18997 -0.0702715 0.0965346 0.170447 0.980627 -0.698895 0 0 0 1 
36535719080149;0.408897;0.12353;12;0.997316 -0.0510944 -0.0524358 0.362518 0.0487294 0.997778 -0.0454312 -0.440918 0.0546406 0.0427541 0.99759 0.395311 0 0 0 1 
36535719080150;0.385378;0.151217;16;0.996007 -0.0234948 0.0861316 0.182569 0.00740403 0.983165 0.182567 0.288081 -0.088971 -0.181201 0.979413 -0.0184002 0 0 0 1 
36535719080151;0.147734;0.121603;12;0.992164 0.0122724 0.12434 0.0624817 -0.00178905 0.996458 -0.0840751 0.0283797 -0.124932 0.0831938 0.988671 0.210731 0 0 0 1 
36535719080152;0.417728;0.17575;24;0.89914 0.401818 -0.17346 0.398552 -0.378502 0.912909 0.152756 1.12515 0.219733 -0.0716939 0.972922 -0.457313 0 0 0 1 
36535719080153;0.136308;0.103248;19;0.989312 -0.125931 0.073509 0.232487 0.122943 0.991444 0.0438619 -0.349875 -0.0784036 -0.0343557 0.99633 0.237845 0 0 0 1 
36535719080155;0.377066;0.320959;13;0.997933 0.00324491 -0.0641804 0.473829 0.0146719 0.960841 0.27671 -0.000566676 0.0625651 -0.27708 0.958808 0.28498 0 0 0 1 
36535719080156;0.280014;0.252509;12;0.998681 -0.0204819 -0.0470831 0.417338 0.0296634 0.978632 0.20347 0.138972 0.0419095 -0.204598 0.977948 -0.133508 0 0 0 1 
36535719080157;0.357849;0.228872;14;0.997533 -0.0673921 0.019656 0.767716 0.0565907 0.937665 0.342903 0.266872 -0.0415397 -0.340945 0.939165 0.67085 0 0 0 1 
36535719080158;0.214487;0.115138;10;0.999103 -0.0378842 -0.0189217 0.503849 0.0394502 0.995096 0.0907104 0.252307 0.0153924 -0.0913755 0.995698 0.174032 0 0 0 1 
36535719080159;0.313033;0.153941;8;0.997641 -0.0065267 -0.0683392 0.206478 0.00195128 0.997764 -0.0668054 -0.408957 0.0686225 0.0665145 0.995423 -0.725089 0 0 0 1 
36535719080160;0.477856;0.265301;13;0.936896 0.13086 -0.324195 -0.177342 -0.122932 0.991398 0.0449111 0.333251 0.327283 -0.00222311 0.944924 -0.970116 0 0 0 1 
36535719080161;0.262671;0.154351;12;0.9954 0.0950066 0.0123505 -0.0825386 -0.0957516 0.982187 0.16168 -0.108213 0.00323012 -0.162119 0.986766 0.349492 0 0 0 1 
36535719080162;0.249715;0.171001;14;0.992728 0.11634 -0.0309084 -0.0711853 -0.0997134 0.9386 0.330284 -0.116094 0.0674359 -0.3248 0.943376 -0.0956255 0 0 0 1 
36535719080163;0.453936;0.218486;15;0.933567 0.140195 -0.329846 0.997629 -0.158368 0.986962 -0.0287407 0.342306 0.321516 0.0790683 0.943597 -1.24379 0 0 0 1 
36535719080164;0.466141;0.345306;11;0.987275 -0.030254 0.156118 0.483632 0.000325963 0.982119 0.188263 0.45582 -0.159022 -0.185816 0.969631 1.0181 0 0 0 1 
36535719080165;0.321246;0.13317;14;0.958843 -0.0603496 0.277449 0.111549 -0.0482341 0.928328 0.36862 -0.178589 -0.27981 -0.366831 0.88721 0.807183 0 0 0 1 
36535719080166;0.389384;0.287536;15;0.948693 -0.115001 0.294543 0.892148 0.139401 0.98822 -0.0631579 -0.140454 -0.28381 0.100977 0.953549 0.325648 0 0 0 1 
36535719080167;0.40197;0.361247;15;0.998415 0.0507561 -0.0243142 0.635859 -0.0374611 0.921768 0.385929 0.104124 0.0420003 -0.384406 0.922208 0.217589 0 0 0 1 
36535719080168;0.210711;0.179449;8;0.996566 0.025801 0.078685 -0.00825365 -0.0229646 0.999061 -0.0367419 0.0372951 -0.0795591 0.0348087 0.996222 0.169953 0 0 0 1 
36535719080169;0.371812;0.121136;14;0.957183 0.0616765 -0.282838 0.930125 0.0187319 0.961796 0.273125 -0.569637 0.288878 -0.266729 0.919459 -1.18675 0 0 0 1 
36535719080170;0.32738;0.186608;11;0.997904 0.0446167 0.0468822 0.0764819 -0.0446342 0.999003 -0.000674163 0.0910702 -0.0468655 -0.0014198 0.9989 -0.918341 0 0 0 1 
36535719080171;0.334438;0.31923;6;0.999562 -0.0227784 0.0189002 0.143523 0.0230155 0.999658 -0.0124221 0.136748 -0.0186107 0.0128516 0.999744 0.14082 0 0 0 1 
36535719080172;0.359248;0.227701;14;0.989374 0.123496 -0.0767384 0.288895 -0.103719 0.969343 0.222749 0.56546 0.101894 -0.212423 0.971851 0.0213131 0 0 0 1 
36535719080173;0.299017;0.127571;10;0.999392 -0.0240376 -0.0252554 0.165128 0.0236109 0.999576 -0.0170603 -0.356429 0.0256548 0.0164536 0.999535 -0.950098 0 0 0 1 
36535719080174;0.332371;0.101871;12;0.993643 -0.0869776 -0.0714775 0.986039 0.0869654 0.996206 -0.003288 0.350159 0.0714923 -0.00294898 0.997437 -0.606268 0 0 0 1 
36535719080175;0.258801;0.133724;11;0.985424 -0.0666876 -0.156499 0.448554 0.0674744 0.997721 -0.00028556 0.0530369 0.156161 -0.0102783 0.987678 -1.14129 0 0 0 1 
36535719080176;0.244373;0.160454;11;0.984564 0.0506788 0.167529 -0.127944 -0.0736093 0.988293 0.133634 0.0320328 -0.158796 -0.143902 0.976768 0.257014 0 0 0 1 
36535719080177;0.307368;0.297686;12;0.997677 -0.00399681 0.0680106 0.252607 -0.0137351 0.965979 0.258254 0.127144 -0.066729 -0.258588 0.96368 0.776473 0 0 0 1 
36535719080178;0.333626;0.118959;14;0.924578 0.0428121 -0.37858 0.757589 0.019109 0.987205 0.158308 -0.173936 0.380513 -0.153602 0.91193 -0.700874 0 0 0 1 
36535719080179;0.112272;0.113241;10;0.99653 -0.0157498 -0.0817277 0.269306 0.0219284 0.996923 0.0752621 0.121068 0.0802909 -0.0767932 0.993809 -0.471215 0 0 0 1 
36535719080180;0.447488;0.549546;15;0.997367 0.0461698 -0.0559296 1.33639 -0.039141 0.991901 0.120828 -0.211239 0.0610553 -0.118321 0.991097 -0.342986 0 0 0 1 
36535719080181;0.181751;0.167964;11;0.992347 -0.0143765 0.12264 0.257091 0.0252492 0.995839 -0.0875674 -0.0162301 -0.120871 0.0899938 0.98858 -0.0117478 0 0 0 1 
36535719080182;0.227052;0.16909;12;0.979124 -0.0422937 0.198817 0.354967 0.0567293 0.996107 -0.0674789 -0.0783141 -0.195189 0.0773489 0.977711 -0.0211384 0 0 0 1 
36535719080183;0.271702;0.112165;13;0.982964 -0.0698473 -0.170012 1.03441 0.0962338 0.983641 0.152281 -0.200243 0.156594 -0.166048 0.973605 -0.555079 0 0 0 1 
36535719080184;0.317465;0.187472;16;0.960525 0.137057 -0.242088 0.641223 -0.00658333 0.881173 0.472749 -0.489227 0.278115 -0.452494 0.847291 -0.567213 0 0 0 1 
36535719080186;0.390645;0.304994;17;0.898845 -0.0550561 0.434795 -0.277229 0.183524 0.948191 -0.25933 -0.507091 -0.397991 0.312893 0.862381 1.56578 0 0 0 1 
36535719080187;0.111223;0.273453;9;0.998977 0.0144165 0.0428665 -0.288145 -0.0146823 0.999875 0.00589224 -0.164493 -0.0427762 -0.00651559 0.999063 -0.0152958 0 0 0 1 
36535719080188;0.65823;0.495921;24;0.887997 0.446853 0.108555 -0.647616 -0.452458 0.891185 0.0327337 1.73811 -0.0821152 -0.078184 0.993551 1.05213 0 0 0 1 
36535719080189;0.357007;0.298635;12;0.999469 0.00823661 0.0315319 -1.00658 -0.00877295 0.999819 0.0169091 0.185884 -0.0313869 -0.0171767 0.99936 -0.491701 0 0 0 1 
36535719080190;0.473164;1.04734;20;0.934261 -0.35049 0.0656692 -1.65475 0.352849 0.935254 -0.028252 -2.43212 -0.0515153 0.0495661 0.997441 0.156911 0 0 0 1 
36535719080191;0.28216;0.327133;15;0.981673 0.190525 -0.00436986 -0.657215 -0.188537 0.974264 0.123544 0.593707 0.0277956 -0.120456 0.992329 -0.745788 0 0 0 1 
36535719080192;0.431029;0.279918;13;0.985965 -0.150198 0.0728911 -1.15572 0.155958 0.984431 -0.0810749 -0.470607 -0.0595789 0.091305 0.994039 0.460099 0 0 0 1 
36535719080193;0.312078;0.325171;15;0.990784 -0.130224 0.0372566 -0.483685 0.119695 0.970521 0.209194 -1.09756 -0.0634005 -0.202807 0.977164 -0.358924 0 0 0 1 
36535719080194;0.164987;0.302593;14;0.984619 0.173162 0.0232475 -0.464755 -0.173533 0.984713 0.0150371 0.543442 -0.0202883 -0.0188401 0.999617 -0.0713113 0 0 0 1 
36535719080195;0.354366;0.275604;12;0.9755 -0.0328571 0.21753 -0.249522 0.0326823 0.999456 0.00440231 -0.547801 -0.217557 0.00281495 0.976044 0.202618 0 0 0 1 
36535719080196;0.523582;0.28001;19;0.986099 0.148377 0.0747882 -0.844831 -0.166154 0.884121 0.436719 0.716337 -0.00132294 -0.443075 0.896484 -0.720362 0 0 0 1 
36535719080197;0.379637;0.370538;13;0.986814 -0.15105 -0.0581525 -0.461837 0.153772 0.987056 0.0455505 -0.941721 0.0505194 -0.0538921 0.997268 -1.15961 0 0 0 1 
36535719080198;0.253973;0.286104;13;0.981634 -0.132802 0.136962 -0.48045 0.145685 0.985343 -0.0887411 -0.82637 -0.12317 0.107065 0.986593 0.789889 0 0 0 1 
36535719080199;0.451651;0.293035;14;0.989399 0.136245 0.0502685 -1.01316 -0.136465 0.990645 0.000937383 0.794138 -0.0496705 -0.00778732 0.998735 0.6744 0 0 0 1 
36535719080200;0.601292;1.13104;20;0.937621 -0.274632 0.213175 -1.30891 0.290754 0.955606 -0.0477401 -2.24721 -0.190601 0.106744 0.975847 1.23672 0 0 0 1 
36535719080201;0.316883;0.317118;16;0.867752 0.0831679 0.48999 -0.292482 0.00799398 0.983436 -0.181079 -0.165371 -0.496934 0.161049 0.852713 2.30736 0 0 0 1 
36535719080202;0.389074;0.27774;15;0.971416 0.223332 0.0804555 -0.580741 -0.225545 0.974039 0.0194396 1.25593 -0.0740253 -0.0370303 0.996569 -0.368349 0 0 0 1 
36535719080203;0.247825;0.565415;16;0.97815 -0.192254 0.0791269 -1.09787 0.189848 0.981118 0.0369622 -1.25184 -0.0847389 -0.0211325 0.996179 0.34044 0 0 0 1 
36535719080204;0.323434;0.297302;13;0.997052 -0.0470247 0.0606286 -0.64636 0.0459074 0.998752 0.0196928 -1.07354 -0.0614789 -0.0168515 0.997966 -0.121195 0 0 0 1 
36535719080205;0.326801;0.314517;17;0.95158 -0.055364 0.302376 -0.222002 0.154051 0.937104 -0.313218 -0.713384 -0.266017 0.344633 0.900257 1.0215 0 0 0 1 
36535719080206;0.360649;0.28224;13;0.993845 0.0993206 0.0490584 -0.611327 -0.0991495 0.995055 -0.00591551 0.992979 -0.0494034 0.00101499 0.998778 -0.0286372 0 0 0 1 
36535719080207;0.378318;0.290717;9;0.998845 -0.0255837 0.0406621 0.236919 0.0253864 0.999663 0.00536095 -0.329409 -0.0407856 -0.00432249 0.999159 0.0977839 0 0 0 1 
36535719080208;0.281021;0.259562;12;0.976922 -0.0645991 0.203593 -0.641704 0.0563086 0.997341 0.0462599 -0.626848 -0.20604 -0.0337283 0.977962 1.29142 0 0 0 1 
36535719080209;0.41046;0.406844;18;0.954173 -0.261517 0.145473 -0.995824 0.236314 0.956712 0.169874 -1.73053 -0.183601 -0.127712 0.974669 0.786872 0 0 0 1 
36535719080210;0.243944;0.309506;12;0.973163 0.143693 0.179742 -0.187145 -0.152983 0.987464 0.038865 0.298417 -0.171904 -0.0653193 0.982946 0.61011 0 0 0 1 
36535719080211;0.419439;0.334728;19;0.928666 0.369571 0.0315629 -0.635945 -0.369793 0.929113 0.00130999 1.09137 -0.0288413 -0.0128883 0.999501 -0.0102963 0 0 0 1 
36535719080212;0.411637;0.441274;21;0.953082 0.254905 0.163275 -0.340408 -0.253786 0.966854 -0.0280313 0.429733 -0.165008 -0.0147208 0.986182 0.791873 0 0 0 1 
36535719080213;0.271077;0.303324;14;0.976995 -0.174982 -0.12191 -0.585516 0.150955 0.971216 -0.184259 -0.999983 0.150643 0.161617 0.975288 -1.04935 0 0 0 1 
36535719080214;0.356981;0.293871;15;0.955618 0.14745 -0.255056 -0.510289 -0.154673 0.98793 -0.00838276 0.267643 0.250742 0.0474609 0.96689 -0.979016 0 0 0 1 
36535719080215;0.558879;0.348393;17;0.959096 0.214438 0.184801 -0.628768 -0.157321 0.946488 -0.281797 0.693044 -0.23534 0.241198 0.941509 1.93893 0 0 0 1 
36535719080217;0.267916;0.0308599;20;0.968483 -0.17494 -0.177304 0.537022 0.152183 0.979117 -0.134797 -0.246623 0.197183 0.103566 0.974881 -0.951157 0 0 0 1 
36535719080218;0.403611;0.0440647;14;0.997228 0.07437 0.0025199 -0.313698 -0.0744076 0.996984 0.0220351 0.712361 -0.000873555 -0.0221615 0.999754 0.416281 0 0 0 1 
36535719080219;0.612805;0.496206;10;0.998063 -0.00392603 0.0620953 -0.190377 0.0032202 0.999929 0.011463 0.0967028 -0.0621359 -0.0112408 0.998004 0.70139 0 0 0 1 
36535719080220;0.465305;0.0398029;17;0.971161 -0.117804 -0.207291 0.418979 0.096833 0.989359 -0.108589 0.170733 0.217877 0.0853849 0.972234 -1.47487 0 0 0 1 
36535719080221;0.397154;0.0311021;35;0.978115 -0.202588 0.0474279 -0.186002 0.192535 0.96769 0.162811 -0.814174 -0.078879 -0.150116 0.985517 -0.126647 0 0 0 1 
36535719080222;0.388852;0.033767;23;0.983748 -0.104503 0.146013 -0.435939 0.139802 0.956077 -0.257628 -0.232966 -0.112676 0.273854 0.955148 0.194104 0 0 0 1 
36535719080223;0.332061;0.0298494;23;0.929581 -0.188653 -0.316685 0.852473 0.165026 0.981196 -0.100102 -0.615285 0.329614 0.0407918 0.943234 -0.90548 0 0 0 1 
36535719080224;0.591626;0.0452324;21;0.994225 0.0967288 0.0464776 -0.363555 -0.0780317 0.948928 -0.305689 1.2005 -0.0736729 0.300297 0.950996 0.4096 0 0 0 1 
36535719080225;0.418431;0.331749;10;0.990447 -0.0758312 0.11517 -0.0443279 0.0751452 0.997119 0.0102923 0.0159206 -0.115618 -0.00153952 0.993293 0.647111 0 0 0 1 
36535719080226;0.434396;0.0409279;37;0.923776 0.338426 -0.179182 -0.0371389 -0.345032 0.938571 -0.00611059 1.40781 0.166107 0.0674682 0.983797 -0.380705 0 0 0 1 
36535719080227;0.258425;0.0367295;19;0.980568 0.172471 0.0934889 -0.0701656 -0.176633 0.983536 0.0381764 0.442314 -0.0853654 -0.0539478 0.994888 0.539526 0 0 0 1 
36535719080228;0.348273;0.040035;24;0.95778 -0.198496 0.207983 0.138865 0.207839 0.977872 -0.0238504 -0.303844 -0.198646 0.0660703 0.977842 0.832266 0 0 0 1 
36535719080229;0.349476;0.0354188;13;0.994535 0.0605426 0.0850605 -0.218703 -0.0460135 0.985481 -0.163431 0.146672 -0.0937201 0.158624 0.982881 -0.466764 0 0 0 1 
36535719080230;0.507963;0.553849;14;0.945706 -0.0471759 0.321583 0.138573 0.0620527 0.997418 -0.0361633 0.0394923 -0.319046 0.0541549 0.946191 0.57201 0 0 0 1 
36535719080231;0.499847;0.0375076;15;0.999937 0.0064803 -0.009197 -0.334386 -0.00624806 0.999666 0.0250602 -0.413014 0.00935632 -0.0250011 0.999644 -0.888799 0 0 0 1 
36535719080232;0.400636;0.0392236;34;0.97451 -0.204684 0.0918439 0.198935 0.172418 0.945237 0.277125 -0.481107 -0.143537 -0.254226 0.956434 1.01864 0 0 0 1 
36535719080233;0.232565;0.0317686;14;0.985113 0.0603703 -0.16096 0.0493628 -0.0423403 0.992672 0.113183 0.0489965 0.166613 -0.104683 0.98045 -0.120961 0 0 0 1 
36535719080234;0.243089;0.0313378;10;0.999976 0.00666607 0.00182889 0.194035 -0.0066418 0.999894 -0.0129716 0.124696 -0.00191516 0.0129591 0.999914 -0.466149 0 0 0 1 
36535719080235;0.336455;0.0349549;34;0.989266 -0.130574 -0.0655976 -0.190709 0.141995 0.964972 0.220605 -0.519806 0.0344947 -0.227551 0.973155 0.0310498 0 0 0 1 
36535719080236;0.526732;0.0330142;17;0.958889 -0.127062 0.253747 0.540431 0.0700939 0.972503 0.222094 -0.521866 -0.274989 -0.195177 0.941428 1.64071 0 0 0 1 
36535719080237;0.707625;0.490724;10;0.999841 -0.015874 -0.00809861 0.0973178 0.0158092 0.999843 -0.00801088 0.146903 0.0082245 0.00788157 0.999935 0.696845 0 0 0 1 
36535719080238;0.378354;0.0394903;22;0.98062 0.183385 -0.0689443 0.344192 -0.166348 0.965263 0.201484 0.72195 0.103499 -0.186111 0.977062 -0.205696 0 0 0 1 
36535719080239;0.260619;0.0330825;11;0.999429 -0.025036 0.0227109 0.368561 0.0248006 0.999636 0.0105885 -0.13555 -0.0229677 -0.0100192 0.999686 0.352884 0 0 0 1 
36535719080240;0.347346;0.035321;17;0.997436 0.00762843 0.0711567 -0.0480352 0.0194676 0.927884 -0.372361 0.328604 -0.0688657 0.372792 0.925356 -0.3378 0 0 0 1 
36535719080241;0.461675;0.0346038;21;0.943634 0.149071 0.295522 -0.241469 -0.0720248 0.963923 -0.256252 -0.217334 -0.32306 0.220523 0.920327 0.668362 0 0 0 1 
36535719080242;0.184835;0.0282428;15;0.991776 0.106318 0.071257 -0.167204 -0.107606 0.994088 0.0144708 0.0417693 -0.0692973 -0.0220195 0.997353 0.123198 0 0 0 1 
36535719080243;0.50255;0.527155;8;0.999585 -0.0229594 0.0174088 0.0702322 0.0236222 0.998965 -0.0388701 0.00334502 -0.0164984 0.0392652 0.999093 -0.237015 0 0 0 1 
36535719080244;0.3548;0.0309814;31;0.919428 0.256922 0.297729 -0.246737 -0.275649 0.961008 0.021952 0.65532 -0.28048 -0.102252 0.954398 1.11422 0 0 0 1 
36535719080245;0.421326;0.0368793;17;0.970166 0.124538 -0.208011 0.462526 -0.144556 0.985931 -0.0839244 0.554718 0.194633 0.11149 0.974519 -1.28606 0 0 0 1 
36535719080246;0.428678;0.0370088;29;0.96728 0.25371 -0.000841943 0.120875 -0.252723 0.963214 -0.0913776 1.13137 -0.0223724 0.0886005 0.995816 -0.530994 0 0 0 1 
36535719080248;0.279109;0.0567482;14;0.999802 -0.0196841 -0.00301217 0.891889 0.0196947 0.9998 0.00353441 0.213389 0.00294199 -0.00359303 0.999989 -0.387107 0 0 0 1 
36535719080249;0.148582;0.1376;9;0.998376 -0.0562324 -0.00908335 0.0785517 0.0562377 0.998417 0.000333458 -0.175804 0.00905022 -0.000843743 0.999959 -0.182411 0 0 0 1 
36535719080250;0.310686;0.112968;12;0.996548 -0.0233967 0.0796532 0.0035147 0.0227854 0.999704 0.00857417 0.134752 -0.0798302 -0.00672965 0.996786 -0.698578 0 0 0 1 
36535719080251;0.298484;0.125109;12;0.999536 0.0194518 -0.0234372 -0.214088 -0.018115 0.998269 0.0559587 0.577839 0.0244851 -0.0555082 0.998158 0.151543 0 0 0 1 
36535719080252;0.364884;0.329002;20;0.979367 -0.142398 -0.143398 1.45974 0.142538 0.989745 -0.0093519 -0.612616 0.143259 -0.0112808 0.989621 -0.327152 0 0 0 1 
36535719080253;0.298099;0.285015;14;0.995081 -0.0980698 -0.0140166 0.886205 0.0971854 0.993807 -0.053873 -0.278761 0.0192131 0.0522458 0.998449 -0.556282 0 0 0 1 
36535719080254;0.413793;0.350258;17;0.989634 -0.1422 -0.020115 0.410312 0.134267 0.965803 -0.221803 0.157014 0.0509675 0.216803 0.974884 -0.400063 0 0 0 1 
