#;prob_registration_l1 -r /home/probabilistic_point_clouds_registration/build/tester /home/point_clouds_registration_benchmark//devel/registration_pairs/hauptgebaude_local.txt /home/point_clouds_registration_benchmark//eth/hauptgebaude -s 0.2 -t 0.2 -p 0.3 -r 1000 -m 10 -i 100 
id;initial_error;final_error;transformation
3394309160000;0.248226;0.0158516;22;0.999289 -0.00272626 0.0375924 0.527638 0.00121468 0.999192 0.0401739 -0.0438331 -0.0376715 -0.0400997 0.998485 -0.0218235 0 0 0 1 
3394309160001;0.28369;0.00965369;17;0.993026 0.114844 -0.0266688 -0.398815 -0.113071 0.991744 0.060486 0.841668 0.0333951 -0.0570487 0.997813 -0.643482 0 0 0 1 
3394309160002;0.278932;0.00835952;37;0.977071 -0.00643229 0.212819 -0.112037 0.00450388 0.999944 0.00954484 -0.080606 -0.212868 -0.00836747 0.977045 0.729484 0 0 0 1 
3394309160003;0.0682056;0.0154253;16;0.995437 -0.0913134 0.0276974 0.0456695 0.0917456 0.995673 -0.0147545 -0.593652 -0.0262303 0.0172283 0.999507 0.193004 0 0 0 1 
3394309160004;0.286924;0.0103522;19;0.999008 0.0401136 -0.0193245 0.557111 -0.0399423 0.99916 0.00916983 0.740557 0.0196761 -0.00838887 0.999771 -0.299228 0 0 0 1 
3394309160005;0.492031;0.01576;55;0.906281 0.384291 0.175998 -0.257167 -0.409355 0.901721 0.139025 2.58428 -0.105275 -0.198041 0.974524 0.32131 0 0 0 1 
3394309160006;0.393899;0.0147926;27;0.988165 0.024515 0.151421 -0.256094 -0.0255136 0.999664 0.00465511 0.546703 -0.151256 -0.00846332 0.988458 1.89621 0 0 0 1 
3394309160007;0.411602;0.0094092;27;0.884893 -0.337849 0.32066 0.369293 0.344381 0.938061 0.0379908 -2.09111 -0.313634 0.0768114 0.946432 1.41313 0 0 0 1 
3394309160008;0.42721;0.32106;33;0.955319 -0.293847 -0.0319387 1.30549 0.294409 0.955569 0.0145154 -1.93214 0.0262543 -0.0232699 0.999384 0.784208 0 0 0 1 
3394309160009;0.395375;0.0166325;30;0.978045 -0.20098 -0.0550829 0.440041 0.195667 0.976614 -0.0891081 -1.47636 0.0717037 0.0763739 0.994498 0.423703 0 0 0 1 
3394309160010;0.216746;0.0139802;25;0.991796 -0.00595389 -0.127692 -0.0858203 -0.0162528 0.984935 -0.172161 0.486728 0.126794 0.172824 0.976758 -0.574049 0 0 0 1 
3394309160011;0.228138;0.797596;33;0.949189 -0.220386 -0.224655 2.55135 0.243479 0.966557 0.0805352 -1.74243 0.199393 -0.131142 0.971105 -1.10465 0 0 0 1 
3394309160012;0.324315;0.829811;36;0.944108 -0.327505 -0.0374161 1.91212 0.329242 0.931348 0.155533 -2.33935 -0.0160903 -0.159159 0.987122 -0.174424 0 0 0 1 
3394309160013;0.268523;0.0117463;26;0.997695 0.0607162 -0.0302942 0.623135 -0.0608509 0.998141 -0.00354362 0.0952584 0.0300227 0.00537888 0.999535 -0.433513 0 0 0 1 
3394309160014;0.217364;0.00597463;22;0.999768 0.0188741 0.0103813 -0.00658846 -0.020605 0.978451 0.205451 -0.312509 -0.00627985 -0.205617 0.978612 0.282033 0 0 0 1 
3394309160015;0.198549;0.0139312;37;0.972035 0.108433 0.208302 -0.260679 -0.103364 0.994024 -0.0350978 0.722955 -0.210863 0.0125854 0.977435 1.47167 0 0 0 1 
3394309160016;0.362241;0.0119594;39;0.888551 -0.221158 0.401952 0.525958 0.218646 0.974376 0.0527748 -1.68163 -0.403324 0.0409921 0.914139 3.18046 0 0 0 1 
3394309160017;0.403444;0.01477;26;0.925025 -0.272923 0.264275 -0.484083 0.265776 0.961963 0.0631639 -1.26728 -0.271462 0.0118096 0.962377 1.79765 0 0 0 1 
3394309160018;0.415951;0.0153694;36;0.958852 0.267997 0.0937089 -0.641221 -0.272423 0.96143 0.0379123 1.9458 -0.0799342 -0.0618807 0.994878 0.406966 0 0 0 1 
3394309160019;0.389264;0.0145118;34;0.967048 0.254298 -0.0122903 0.0552491 -0.254287 0.967126 0.0024844 1.31907 0.012518 0.000722734 0.999921 -0.853699 0 0 0 1 
3394309160020;0.355901;0.0120332;40;0.943795 -0.15896 -0.289799 0.854106 0.0641918 0.94822 -0.311061 0.0150296 0.324239 0.274975 0.905129 -1.66675 0 0 0 1 
3394309160021;0.307009;0.00952295;25;0.991415 -0.118971 -0.0542481 0.643872 0.128224 0.965836 0.225209 -1.12547 0.0256016 -0.230231 0.972799 -0.305771 0 0 0 1 
3394309160022;0.159878;0.0119498;28;0.979477 -0.0351671 0.198466 -0.267664 0.050771 0.995958 -0.0740888 -0.254136 -0.195058 0.0826446 0.977303 1.26984 0 0 0 1 
3394309160023;0.179015;0.00797538;18;0.995378 -0.0429008 0.0859241 -0.154952 0.0449008 0.998761 -0.0214792 -0.328807 -0.0848961 0.025238 0.99607 0.140933 0 0 0 1 
3394309160024;0.448507;0.821828;41;0.901436 -0.430978 0.0408814 2.5492 0.429433 0.902144 0.0415261 -2.73745 -0.0547777 -0.0198774 0.998301 1.13234 0 0 0 1 
3394309160025;0.259237;0.0114452;25;0.986719 0.162357 -0.00502767 -0.0946014 -0.161989 0.98583 0.0435762 1.0561 0.0120313 -0.042183 0.999037 -0.603868 0 0 0 1 
3394309160026;0.300277;0.0163534;30;0.994531 0.0819246 0.064777 0.327983 -0.0781529 0.995208 -0.058763 -0.0662696 -0.0692807 0.0533791 0.996168 0.77039 0 0 0 1 
3394309160027;0.421694;0.623169;30;0.957153 -0.224113 -0.183389 2.03317 0.260879 0.942224 0.210133 -2.58517 0.1257 -0.248972 0.960319 -0.269622 0 0 0 1 
3394309160028;0.443835;0.0158573;46;0.924772 0.108839 0.364624 -0.102318 0.00436283 0.955126 -0.296167 0.807632 -0.380497 0.275478 0.882799 2.32234 0 0 0 1 
3394309160029;0.512116;0.0100399;30;0.99896 -0.0225456 0.0396353 0.295781 0.0350691 0.935426 -0.35178 0.485158 -0.0291448 0.352804 0.935243 -0.647204 0 0 0 1 
3394309160031;0.426851;0.0149757;55;0.962383 -0.206111 -0.177025 0.225846 0.227511 0.967499 0.110384 -0.703262 0.14852 -0.146507 0.977997 -0.942195 0 0 0 1 
3394309160032;0.353703;0.0124462;59;0.915093 -0.383386 -0.124982 -0.0199482 0.386662 0.922219 0.00212534 -0.0626672 0.114446 -0.0502707 0.992157 -0.200768 0 0 0 1 
3394309160033;0.139215;0.01051;24;0.994047 -0.0269382 -0.105568 0.0443206 0.0219185 0.998586 -0.0484246 -0.183893 0.106723 0.0458225 0.993232 0.11152 0 0 0 1 
3394309160034;0.389775;0.0139751;49;0.927721 0.372011 -0.0306956 -0.275362 -0.369841 0.927202 0.0592793 0.373386 0.0505135 -0.0436421 0.997769 -0.547798 0 0 0 1 
3394309160035;0.19696;0.0129867;28;0.976838 0.173602 -0.125097 0.0629328 -0.187816 0.975738 -0.112518 0.454787 0.102528 0.133407 0.985744 -0.0807104 0 0 0 1 
3394309160036;0.370886;0.0162141;49;0.93737 -0.346084 -0.0395279 -0.277085 0.34613 0.912675 0.2173 -0.455995 -0.0391279 -0.217372 0.975304 0.364272 0 0 0 1 
3394309160037;0.384635;0.0113017;31;0.912681 -0.249226 0.323882 -0.249472 0.185557 0.958839 0.214934 -0.779227 -0.364118 -0.136068 0.92136 0.0790791 0 0 0 1 
3394309160038;0.368064;0.0142473;42;0.948848 0.315373 -0.0150893 -0.621504 -0.315378 0.944428 -0.0926941 0.64584 -0.0149825 0.0927115 0.99558 -0.0234558 0 0 0 1 
3394309160039;0.0746977;0.00831106;13;0.999535 0.00587316 0.0299113 -0.116029 -0.00606181 0.999962 0.00622026 -0.0234938 -0.0298737 -0.00639869 0.999533 -0.112375 0 0 0 1 
3394309160040;0.279481;0.0142943;34;0.927939 -0.329958 0.173366 0.092762 0.311696 0.941991 0.124493 -0.557755 -0.204387 -0.0614849 0.976957 0.393587 0 0 0 1 
3394309160041;0.389623;0.0132858;55;0.893747 -0.448221 -0.017716 0.592018 0.44819 0.890665 0.0764288 -0.65328 -0.0184779 -0.0762482 0.996918 -0.0534641 0 0 0 1 
3394309160042;0.283783;0.0155028;37;0.986116 -0.165979 0.00520052 -0.442035 0.165984 0.986128 -0.000732977 -0.093699 -0.00500672 0.00158601 0.999986 -0.369501 0 0 0 1 
3394309160043;0.314339;0.0135327;20;0.998184 0.0600973 0.0041416 0.187875 -0.0597985 0.98022 0.188662 -0.0565324 0.00727841 -0.188567 0.982033 0.653158 0 0 0 1 
3394309160044;0.531805;0.014513;46;0.891069 0.432384 -0.137982 -0.512631 -0.417243 0.900035 0.125878 0.714286 0.178617 -0.0545945 0.982403 0.471356 0 0 0 1 
3394309160045;0.395186;0.401817;15;0.98867 0.0866648 0.122556 -0.25776 -0.077692 0.994061 -0.0761964 -0.136331 -0.128432 0.0658115 0.989532 0.18784 0 0 0 1 
3394309160046;0.217132;0.0202523;26;0.990226 -0.139443 0.00274355 0.188972 0.139405 0.990176 0.0108582 -0.605221 -0.00423069 -0.0103696 0.999937 0.153966 0 0 0 1 
3394309160047;0.371665;0.0100926;18;0.975865 -0.152498 0.156307 -0.0813344 0.167971 0.98158 -0.0910301 0.0947185 -0.139546 0.115088 0.983505 -0.597564 0 0 0 1 
3394309160048;0.441321;0.0141278;60;0.893126 0.356515 0.274269 -0.38682 -0.296625 0.925193 -0.236711 0.767963 -0.338143 0.130057 0.932065 0.855151 0 0 0 1 
3394309160049;0.529697;0.347867;18;0.968938 -0.238044 -0.0670415 0.254693 0.244223 0.963697 0.107901 -0.69885 0.0389225 -0.120922 0.991899 -0.0245303 0 0 0 1 
3394309160050;0.242722;0.0080602;16;0.984355 -0.121578 0.12753 -0.0216503 0.122418 0.992478 0.00125925 -0.195274 -0.126724 0.0143724 0.991834 0.666874 0 0 0 1 
3394309160051;0.288745;0.013083;35;0.976754 -0.0168817 0.213697 -0.218398 -0.00546784 0.994608 0.103564 -0.0743331 -0.214293 -0.102325 0.971395 0.87079 0 0 0 1 
3394309160052;0.346607;0.0119428;28;0.995677 0.0912539 0.0173123 0.0794959 -0.0914378 0.995759 0.0101415 0.00913593 -0.0163135 -0.0116807 0.999799 -0.787767 0 0 0 1 
3394309160053;0.177457;0.0107123;24;0.9929 -0.00435373 0.118869 -0.322217 0.0044409 0.99999 -0.000468509 -0.201245 -0.118866 0.000993068 0.99291 0.400104 0 0 0 1 
3394309160054;0.393365;0.00653415;18;0.997617 -0.0362155 -0.0587188 0.648085 0.046062 0.983289 0.176127 -0.691089 0.051359 -0.178412 0.982615 0.414351 0 0 0 1 
3394309160055;0.395101;0.0133792;17;0.998458 -0.0539647 0.0130543 0.722627 0.0548292 0.995377 -0.0788533 0.188656 -0.00873864 0.0794475 0.996801 -0.551262 0 0 0 1 
3394309160056;0.394726;0.00746644;24;0.984665 0.173808 0.0149967 -0.597744 -0.174056 0.97299 0.151642 0.446068 0.0117648 -0.151927 0.988322 -0.493794 0 0 0 1 
3394309160057;0.649395;0.0160786;44;0.928855 0.364381 0.0667487 -0.989859 -0.330175 0.896033 -0.296831 1.37146 -0.167969 0.253674 0.952594 0.511734 0 0 0 1 
3394309160058;0.444142;0.0157273;37;0.97412 0.225768 0.0108903 -0.352346 -0.224912 0.972961 -0.0525479 0.647906 -0.0224594 0.0487387 0.998559 0.858892 0 0 0 1 
3394309160059;0.406193;0.40059;17;0.984394 0.00150863 0.175971 0.45301 0.00261738 0.999727 -0.0232126 -0.611428 -0.175958 0.023311 0.984122 0.662185 0 0 0 1 
3394309160060;0.43448;0.0121134;59;0.904535 0.425857 -0.0215035 0.0856755 -0.423434 0.891165 -0.162877 0.826276 -0.050199 0.156433 0.986412 -0.443644 0 0 0 1 
3394309160062;0.235158;0.0122942;27;0.951173 -0.264658 0.158828 0.490104 0.279555 0.956806 -0.0798254 -6.13557 -0.130841 0.120329 0.984074 2.92565 0 0 0 1 
3394309160063;0.42419;0.0331783;27;0.976793 0.213955 -0.00988859 0.732761 -0.213684 0.976628 0.0231816 4.40215 0.0146173 -0.0205306 0.999682 0.658967 0 0 0 1 
3394309160064;0.439802;0.98139;38;0.896974 0.398466 0.191476 -0.621094 -0.403549 0.91486 -0.0134103 8.92021 -0.180517 -0.0652411 0.981406 3.69744 0 0 0 1 
3394309160065;0.350677;0.0179801;25;0.987319 0.0843723 0.134472 0.282003 -0.0869106 0.99613 0.0131079 1.32799 -0.132846 -0.0246288 0.990831 2.21483 0 0 0 1 
3394309160066;0.242534;0.0205867;20;0.999335 0.0109341 -0.0347833 -0.184343 -0.0180885 0.976977 -0.212576 0.198251 0.0316582 0.213064 0.976525 -0.160563 0 0 0 1 
3394309160067;0.392633;0.233907;15;0.989346 0.11038 0.0949269 -0.280763 -0.105806 0.993028 -0.0519601 2.42017 -0.100001 0.0413627 0.994127 1.79064 0 0 0 1 
3394309160068;0.328762;0.0300218;17;0.989064 0.146312 0.0186084 0.199145 -0.147483 0.982352 0.115035 3.71038 -0.00144906 -0.116521 0.993187 -0.438976 0 0 0 1 
3394309160069;0.0998438;0.0241217;10;0.999799 0.0178549 -0.00909208 0.224696 -0.0178566 0.999841 -0.000101254 0.421089 0.00908882 0.000263588 0.999959 -0.269434 0 0 0 1 
3394309160070;0.429464;0.0319263;47;0.916583 0.289434 0.27587 1.407 -0.349758 0.914719 0.202384 7.53096 -0.193767 -0.281989 0.939647 4.27768 0 0 0 1 
3394309160071;0.0989399;0.0260627;12;0.998452 0.054587 -0.0106573 0.0414203 -0.0545129 0.998488 0.00712972 1.16677 0.0110304 -0.00653772 0.999918 -0.432788 0 0 0 1 
3394309160072;0.334886;0.0126189;38;0.936514 -0.349876 -0.0229872 1.11638 0.3468 0.914627 0.207816 -7.99212 -0.0516851 -0.202594 0.977898 0.718775 0 0 0 1 
3394309160073;0.372916;0.0116974;15;0.98947 -0.144733 0.000798566 0.870009 0.144731 0.989468 0.00231248 -3.24467 -0.00112485 -0.00217256 0.999997 0.396914 0 0 0 1 
3394309160074;0.236373;0.012461;22;0.983543 -0.176145 -0.0401913 0.332427 0.178603 0.981488 0.0691589 -4.03725 0.0272652 -0.0751991 0.996796 -1.08611 0 0 0 1 
3394309160075;0.259352;0.0133765;20;0.979611 0.0769934 -0.185563 0.752752 -0.123432 0.95942 -0.253533 2.95777 0.158512 0.271268 0.949362 -3.19449 0 0 0 1 
3394309160076;0.21267;0.0287459;27;0.974386 0.171998 0.144877 0.424347 -0.158572 0.982301 -0.0996934 3.75556 -0.15946 0.0741664 0.984415 3.69647 0 0 0 1 
3394309160077;0.259302;0.016569;19;0.989363 0.139046 -0.0427389 0.258967 -0.144032 0.977529 -0.153922 3.23549 0.0203762 0.158441 0.987158 0.308823 0 0 0 1 
3394309160078;0.466153;0.0120417;44;0.884709 -0.420059 0.20209 1.69163 0.440899 0.894803 -0.0702497 -9.32308 -0.151322 0.151252 0.976844 4.19569 0 0 0 1 
3394309160079;0.423773;0.0148259;17;0.966961 -0.161658 0.197111 -0.315009 0.185285 0.976745 -0.107884 -3.87486 -0.175087 0.140842 0.974427 3.31467 0 0 0 1 
3394309160080;0.255153;0.0203062;19;0.992579 0.00855862 0.121296 0.0864236 0.00934664 0.989199 -0.146282 -0.00490039 -0.121238 0.14633 0.981778 2.33169 0 0 0 1 
3394309160081;0.296072;0.0108331;13;0.997278 -0.0664342 0.0319798 0.328088 0.0665074 0.997785 -0.00122984 -0.82501 -0.0318273 0.00335339 0.999488 0.601374 0 0 0 1 
3394309160082;0.355531;0.233536;23;0.969049 -0.229249 -0.0915964 1.00366 0.223779 0.972387 -0.0662241 -5.24896 0.104249 0.043677 0.993592 -2.27731 0 0 0 1 
3394309160083;0.180325;0.00850242;17;0.997386 -0.0715331 -0.0101859 -0.027968 0.0721563 0.978727 0.192058 -1.94658 -0.00376933 -0.192291 0.981331 -0.00425352 0 0 0 1 
3394309160084;0.188147;0.0161673;15;0.997906 -0.0275917 -0.058506 -0.0776813 0.0266214 0.999496 -0.0173008 -0.36901 0.0589539 0.015707 0.998137 -1.61362 0 0 0 1 
3394309160085;0.149775;0.019389;16;0.99717 0.0116775 0.0742725 -0.118951 -0.023825 0.986032 0.164842 0.21429 -0.0713101 -0.166145 0.98352 1.38377 0 0 0 1 
3394309160086;0.360181;0.00920809;16;0.97641 0.0326769 -0.213438 1.32182 -0.0499572 0.99585 -0.0760758 1.25337 0.210066 0.084944 0.97399 -3.6924 0 0 0 1 
3394309160087;0.069233;0.0173503;15;0.996543 -0.0807793 -0.0194355 0.0737885 0.081099 0.996573 0.0162657 -1.79778 0.018055 -0.0177856 0.999679 -0.390468 0 0 0 1 
3394309160088;0.334175;0.0109732;24;0.957709 -0.244177 0.152221 -0.249454 0.220986 0.962983 0.154367 -5.00907 -0.184279 -0.1142 0.976217 3.6184 0 0 0 1 
3394309160089;0.384231;0.0129617;19;0.967782 -0.216089 0.12924 0.112473 0.204014 0.973798 0.100479 -4.90583 -0.147566 -0.0708752 0.986509 2.3606 0 0 0 1 
3394309160090;0.357505;0.0129277;33;0.947855 -0.297053 0.11546 0.732418 0.312928 0.93611 -0.160544 -6.26759 -0.0603927 0.188303 0.980252 1.8982 0 0 0 1 
3394309160091;0.460987;0.0291523;32;0.971864 0.228933 0.0554153 0.346517 -0.231286 0.972041 0.0405273 4.05984 -0.0445879 -0.0522037 0.997641 0.506024 0 0 0 1 
3394309160093;0.186714;0.0371671;22;0.981349 -0.0771888 -0.176055 0.479515 0.0823479 0.996357 0.0221774 -1.44246 0.173702 -0.0362616 0.984131 -3.42196 0 0 0 1 
3394309160094;0.310812;0.0453833;15;0.98579 -0.130905 0.105269 0.346477 0.13122 0.991345 0.00396363 -1.73761 -0.104877 0.00990611 0.994436 1.97754 0 0 0 1 
3394309160095;0.222858;0.0365532;13;0.998646 -0.035472 -0.0380569 0.230448 0.0348087 0.999233 -0.0179527 -0.709952 0.0386645 0.0166036 0.999114 -0.163011 0 0 0 1 
3394309160096;0.38163;0.03743;16;0.995898 -0.0750846 -0.050494 0.250195 0.0802061 0.990854 0.108513 -1.73928 0.0418845 -0.112118 0.992812 0.0219848 0 0 0 1 
3394309160097;0.257713;0.0408025;12;0.999842 0.00637038 -0.0165783 -0.112106 -0.00618888 0.999921 0.0109768 0.131308 0.0166469 -0.0108724 0.999802 0.389289 0 0 0 1 
3394309160098;0.436886;0.26472;16;0.988612 0.148058 0.0269122 -0.106656 -0.145074 0.985227 -0.0910048 2.68062 -0.0399886 0.0860642 0.995487 0.721181 0 0 0 1 
3394309160099;0.352112;0.0526341;26;0.991009 0.0992421 0.0897387 0.581918 -0.0814307 0.979544 -0.184018 2.01863 -0.106165 0.175056 0.978818 1.73342 0 0 0 1 
3394309160100;0.383134;0.0317398;15;0.996517 -0.0188038 -0.081247 0.317644 0.0241551 0.997567 0.0653921 -0.380471 0.0798197 -0.0671269 0.994547 -0.536039 0 0 0 1 
3394309160101;0.349174;0.0523395;23;0.999822 0.00585229 0.0179465 -0.0240854 -0.00179186 0.975858 -0.218397 0.742106 -0.0187914 0.218326 0.975695 1.35736 0 0 0 1 
3394309160102;0.328612;0.0415878;15;0.989564 0.0978778 -0.105752 0.280359 -0.0848015 0.988929 0.121774 1.48178 0.1165 -0.111535 0.986908 -1.41624 0 0 0 1 
3394309160103;0.353684;0.0324018;13;0.997719 -0.00582912 0.0672486 -0.853854 0.00231612 0.998634 0.052199 -0.197615 -0.067461 -0.0519242 0.99637 1.6971 0 0 0 1 
3394309160104;0.220681;0.0422474;16;0.979863 -0.14208 0.140288 -0.364937 0.136766 0.989494 0.0468719 -2.11941 -0.145474 -0.0267414 0.989001 2.55146 0 0 0 1 
3394309160105;0.408456;0.710989;34;0.928503 0.35971 0.0921518 -0.3947 -0.366775 0.927168 0.0763913 6.85633 -0.0579615 -0.104728 0.99281 1.51766 0 0 0 1 
3394309160106;0.441483;0.0313583;28;0.89517 -0.42089 0.146705 1.47969 0.372208 0.886949 0.273465 -7.24399 -0.245219 -0.190192 0.950629 4.68266 0 0 0 1 
3394309160107;0.532391;0.0374025;36;0.91602 -0.371345 -0.151691 2.05028 0.356007 0.926856 -0.119149 -6.29779 0.184841 0.0551399 0.98122 -3.77967 0 0 0 1 
3394309160108;0.223867;0.0457797;12;0.999953 0.00972106 -0.000188558 -0.188511 -0.00971881 0.999907 0.00958127 0.112907 0.000281681 -0.00957898 0.999954 0.59265 0 0 0 1 
3394309160109;0.0784344;0.0274739;16;0.994758 -0.102205 -0.00327543 -0.0684328 0.102249 0.994579 0.018922 -1.8662 0.00132376 -0.0191577 0.999816 -0.0504828 0 0 0 1 
3394309160110;0.305364;0.0424592;20;0.985041 -0.162486 0.0573876 -0.339955 0.170395 0.968095 -0.183731 -2.91696 -0.0257029 0.190761 0.9813 1.39058 0 0 0 1 
3394309160111;0.289575;0.863083;29;0.947676 0.248043 0.200959 -0.815292 -0.231424 0.967413 -0.102734 4.35604 -0.219893 0.0508517 0.974198 4.33837 0 0 0 1 
3394309160112;0.386373;0.0334751;24;0.967931 -0.24705 0.0455608 0.13491 0.246672 0.969 0.0138313 -4.58234 -0.0475654 -0.00214917 0.998866 1.71197 0 0 0 1 
3394309160113;0.347639;0.0493009;13;0.999251 0.0386813 -0.000564575 -0.204159 -0.0386805 0.999251 0.00146658 0.993599 0.000620881 -0.00144364 0.999999 0.884236 0 0 0 1 
3394309160114;0.578959;0.758705;39;0.888489 0.376688 0.262093 -0.930667 -0.373165 0.925478 -0.0651037 6.4914 -0.267085 -0.03996 0.962844 4.72739 0 0 0 1 
3394309160115;0.373208;0.0505828;15;0.996254 -0.00841951 0.0860656 -0.398608 0.0160206 0.995991 -0.0880119 -0.137318 -0.0849795 0.089061 0.992394 0.768519 0 0 0 1 
3394309160116;0.177223;0.0425921;10;0.999662 -0.0257429 -0.00360405 0.215756 0.0257132 0.999637 -0.0080593 -0.109958 0.00381021 0.00796391 0.999961 -0.132683 0 0 0 1 
3394309160117;0.448363;0.0449656;20;0.978754 -0.199981 -0.0452587 0.222299 0.179773 0.943131 -0.279616 -2.5421 0.0986028 0.265539 0.959045 -2.17194 0 0 0 1 
3394309160118;0.307421;0.0590372;38;0.954205 0.192783 0.228752 0.505664 -0.138045 0.962138 -0.235018 2.98235 -0.265399 0.192678 0.94469 4.94387 0 0 0 1 
3394309160119;0.336676;0.0311834;37;0.932424 -0.355234 -0.066296 0.976299 0.356171 0.934417 0.00249681 -6.33671 0.0610612 -0.0259408 0.997797 -0.696229 0 0 0 1 
3394309160120;0.390228;0.0325574;36;0.881215 -0.441276 0.169514 1.38292 0.456091 0.887942 -0.059502 -8.05926 -0.124261 0.129748 0.98373 2.79039 0 0 0 1 
3394309160121;0.364275;0.0556375;30;0.933187 -0.105112 0.343676 0.241884 0.177194 0.966531 -0.185527 -2.50736 -0.312673 0.234028 0.920579 6.03433 0 0 0 1 
3394309160122;0.150012;0.0516972;24;0.981928 0.185486 -0.0375758 0.640655 -0.186401 0.982217 -0.0224786 3.30892 0.0327381 0.0290765 0.999041 -0.51479 0 0 0 1 
3394309160124;0.265891;0.0185384;22;0.970914 -0.227816 0.0736563 -0.0737586 0.229808 0.973037 -0.0196862 -5.71607 -0.0671854 0.0360404 0.997089 1.44781 0 0 0 1 
3394309160125;0.0924407;0.044782;20;0.991054 0.0267144 0.130758 0.00971375 -0.0351687 0.997408 0.0627798 0.752027 -0.128742 -0.0668167 0.989425 2.88346 0 0 0 1 
3394309160126;0.454214;0.0394177;26;0.918807 0.298308 -0.25847 3.15816 -0.299981 0.953342 0.0339097 7.51289 0.256526 0.0463796 0.965424 -5.7751 0 0 0 1 
3394309160127;0.391085;0.0409433;34;0.916626 0.396072 -0.0540684 2.1786 -0.382184 0.907954 0.171913 8.92618 0.117181 -0.136916 0.983627 -3.08842 0 0 0 1 
3394309160128;0.398984;0.0404382;43;0.938842 0.342584 0.0348245 1.30569 -0.333378 0.929594 -0.157205 8.24435 -0.0862286 0.135981 0.986952 2.0999 0 0 0 1 
3394309160129;0.0588853;0.0305152;9;0.999993 -0.00353764 0.00127078 -0.13331 0.00353057 0.999978 0.00552948 -0.166526 -0.00129032 -0.00552496 0.999984 0.169755 0 0 0 1 
3394309160130;0.354684;0.429948;13;0.985746 -0.125046 0.112551 0.26158 0.124235 0.992151 0.0142181 -3.77634 -0.113445 -3.26921e-05 0.993544 2.74993 0 0 0 1 
3394309160131;0.385569;0.0436019;51;0.884549 0.461777 0.0658388 3.02081 -0.461887 0.886821 -0.0144662 10.7899 -0.0650674 -0.017614 0.997725 1.53798 0 0 0 1 
3394309160132;0.356548;0.0191853;33;0.906658 -0.41815 0.055867 1.73487 0.421854 0.897673 -0.127369 -9.86808 0.00310888 0.139047 0.990281 0.107953 0 0 0 1 
3394309160133;0.361702;0.0183417;31;0.949549 -0.183185 -0.254556 1.53658 0.251048 0.930456 0.266884 -6.1277 0.187964 -0.317325 0.929502 -4.71788 0 0 0 1 
3394309160134;0.414145;0.0197103;18;0.977656 -0.208527 0.0265727 1.02512 0.209917 0.975158 -0.0707187 -4.59976 -0.0111658 0.0747166 0.997142 0.355163 0 0 0 1 
3394309160135;0.292331;0.0231652;16;0.999254 0.0103505 -0.0372096 0.0739867 -0.0068158 0.995559 0.0938958 -0.307978 0.0380163 -0.0935722 0.994886 -1.60096 0 0 0 1 
3394309160136;0.443471;0.0397871;29;0.970023 0.24269 -0.0125059 0.917082 -0.242503 0.970038 0.0147524 5.93342 0.0157115 -0.0112775 0.999813 -1.21485 0 0 0 1 
3394309160137;0.250953;0.0196763;22;0.981963 -0.180585 -0.0560237 0.344427 0.185642 0.977046 0.104488 -4.48621 0.0358687 -0.113004 0.992947 -1.37542 0 0 0 1 
3394309160138;0.370395;0.0241503;31;0.927491 -0.267079 -0.261592 1.79196 0.245074 0.962774 -0.114042 -5.29993 0.282312 0.0416633 0.958418 -6.0552 0 0 0 1 
3394309160139;0.0858104;0.0428314;14;0.997556 0.0695174 -0.00701888 0.0684704 -0.0687578 0.994558 0.0782693 1.44182 0.0124218 -0.0775954 0.996908 -0.42662 0 0 0 1 
3394309160140;0.322515;0.0136537;29;0.904238 -0.0504294 -0.42404 2.96131 0.0538593 0.998541 -0.00390099 -1.30519 0.423618 -0.0193111 0.905635 -9.99165 0 0 0 1 
3394309160141;0.361297;0.044859;38;0.940782 0.338923 0.00774597 1.24801 -0.33901 0.94059 0.019052 8.07937 -0.00082863 -0.0205497 0.999788 -0.0816923 0 0 0 1 
3394309160142;0.193657;0.0488134;29;0.966152 0.0182698 0.257324 0.212484 -0.0291614 0.99883 0.0385735 0.640429 -0.256318 -0.0447718 0.965555 6.09166 0 0 0 1 
3394309160143;0.448915;0.0409644;25;0.972268 0.233537 -0.0124518 0.0491255 -0.23307 0.97197 0.0308508 5.08971 0.0193076 -0.0270931 0.999446 -0.811175 0 0 0 1 
3394309160144;0.382267;0.0219598;35;0.928202 -0.335099 -0.161709 0.968793 0.321009 0.940974 -0.107341 -7.95863 0.188134 0.0477239 0.980983 -4.55025 0 0 0 1 
3394309160145;0.390824;0.025875;23;0.909714 0.124098 -0.396257 2.84417 -0.213121 0.958555 -0.189081 5.28159 0.35637 0.25646 0.898459 -8.25501 0 0 0 1 
3394309160146;0.519843;0.0438145;22;0.987035 0.0505305 0.152341 0.119819 -0.0857202 0.968408 0.234177 1.7523 -0.135695 -0.244199 0.960184 4.05855 0 0 0 1 
3394309160147;0.314525;0.0236674;31;0.954346 -0.190153 -0.23036 0.675301 0.231298 0.958427 0.167089 -5.47063 0.18901 -0.212742 0.958653 -4.31377 0 0 0 1 
3394309160148;0.159477;0.0362288;19;0.996151 0.00365377 0.0875732 0.150404 -0.0127633 0.994528 0.10369 -0.0200655 -0.0867151 -0.104408 0.990747 1.87715 0 0 0 1 
3394309160149;0.32406;0.39181;12;0.99806 -0.0618477 0.00714127 0.302955 0.0618977 0.998058 -0.00700705 -0.662736 -0.00669403 0.00743548 0.99995 0.224768 0 0 0 1 
3394309160150;0.0510986;0.0436368;13;0.998495 0.0516312 0.0184893 -0.0527168 -0.0517478 0.998643 0.0058843 1.21215 -0.0181604 -0.00683223 0.999812 0.46613 0 0 0 1 
3394309160151;0.610087;0.0222895;30;0.927837 -0.341107 -0.150878 2.55166 0.327964 0.938775 -0.105548 -7.32504 0.177643 0.0484494 0.982902 -3.84835 0 0 0 1 
3394309160152;0.362678;0.0441365;27;0.923968 0.285846 -0.254115 2.60759 -0.311414 0.947983 -0.0659532 7.44381 0.222044 0.140074 0.964923 -5.30302 0 0 0 1 
3394309160153;0.287468;0.0401438;22;0.956647 0.283882 -0.0651025 1.24937 -0.263041 0.938096 0.225354 5.75407 0.125046 -0.198459 0.972099 -2.94426 0 0 0 1 
3394309160155;0.447786;0.336082;19;0.970738 -0.225057 -0.0837681 0.461168 0.235378 0.960849 0.146174 -2.13565 0.047591 -0.161614 0.985706 -0.355346 0 0 0 1 
3394309160156;0.233355;0.0364726;25;0.927657 0.0689062 -0.367021 1.17391 -0.059235 0.997537 0.0375638 0.515694 0.368705 -0.0131058 0.929454 -3.19854 0 0 0 1 
3394309160157;0.264959;0.0774965;33;0.974754 0.0355202 0.22044 -0.181681 -0.0851312 0.971813 0.219847 0.33674 -0.206418 -0.233063 0.950302 1.53201 0 0 0 1 
3394309160158;0.276214;0.0391266;17;0.985968 -0.163556 0.0334097 0.0624713 0.163776 0.98649 -0.00392564 -1.66926 -0.0323163 0.00934226 0.999434 -0.206917 0 0 0 1 
3394309160159;0.327677;0.0559516;12;0.999418 0.0276594 0.0199785 -0.300976 -0.0289608 0.997258 0.0680956 0.179202 -0.0180402 -0.0686346 0.997479 1.0227 0 0 0 1 
3394309160160;0.133668;0.0585926;23;0.985167 0.000360567 0.171599 -0.292199 0.0104109 0.99803 -0.0618671 0.0130869 -0.171283 0.0627359 0.983222 1.64676 0 0 0 1 
3394309160161;0.30505;0.825225;34;0.947387 0.31975 -0.014785 -1.81538 -0.319304 0.947285 0.0263655 3.07892 0.022436 -0.0202574 0.999543 0.137566 0 0 0 1 
3394309160162;0.0502853;0.0444331;9;0.999937 -0.010941 -0.00260889 0.0020378 0.0109304 0.999932 -0.00404216 -0.157504 0.00265294 0.00401339 0.999988 0.0844193 0 0 0 1 
3394309160163;0.250016;0.0437021;19;0.994526 -0.076169 -0.0715263 0.0373382 0.0920312 0.962697 0.254449 -1.29659 0.049477 -0.259639 0.964437 -0.243257 0 0 0 1 
3394309160164;0.523579;0.90138;42;0.902497 0.429124 -0.0367786 -2.14089 -0.429289 0.90316 0.00369587 3.7427 0.034803 0.0124531 0.999317 0.119742 0 0 0 1 
3394309160165;0.368871;0.0701012;44;0.962575 0.269087 0.0322606 0.167878 -0.251807 0.932013 -0.260664 2.45638 -0.100209 0.242785 0.96489 1.76788 0 0 0 1 
3394309160166;0.306131;0.039141;12;0.999475 -0.0133241 -0.0295452 0.078222 0.0132864 0.999911 -0.00146973 -0.131613 0.0295622 0.00107641 0.999562 -0.981394 0 0 0 1 
3394309160167;0.598213;0.0285801;36;0.896405 -0.142277 -0.419781 2.02613 0.217554 0.966381 0.137032 -2.83459 0.386172 -0.214161 0.897222 -2.87543 0 0 0 1 
3394309160168;0.1742;0.0403238;11;0.999408 0.0334929 -0.0079287 -0.0889739 -0.0334977 0.999439 -0.000472843 0.295429 0.00790841 0.000738156 0.999968 0.435835 0 0 0 1 
3394309160169;0.457369;0.0357175;34;0.941748 -0.332956 0.047452 0.164723 0.33152 0.942773 0.0356939 -3.94018 -0.056621 -0.0178834 0.998236 1.07618 0 0 0 1 
3394309160170;0.210774;0.0564125;17;0.985772 -0.102923 0.132893 -0.321638 0.124122 0.978853 -0.162604 -0.943124 -0.113347 0.176785 0.977701 0.960301 0 0 0 1 
3394309160171;0.312176;0.0470877;22;0.97914 -0.199817 0.0368409 0.37473 0.181696 0.942228 0.281411 -2.00875 -0.0909434 -0.268847 0.95888 0.748735 0 0 0 1 
3394309160172;0.347442;0.041057;18;0.991115 -0.0575267 -0.119923 0.104415 0.0415992 0.990466 -0.131323 -0.371983 0.126334 0.125168 0.984059 -0.138909 0 0 0 1 
3394309160173;0.513361;0.377263;17;0.968289 -0.231316 0.0943892 0.496829 0.238086 0.968857 -0.06805 -2.26803 -0.0757086 0.0883648 0.993207 0.613156 0 0 0 1 
3394309160174;0.158617;0.0483468;15;0.99742 0.0481194 -0.0532683 -0.268618 -0.0542493 0.991248 -0.120355 0.627818 0.0470107 0.122934 0.991301 -0.12027 0 0 0 1 
3394309160175;0.423765;0.0507563;17;0.98525 -0.0375029 -0.16696 1.0274 0.00135725 0.977371 -0.21153 0.486329 0.171115 0.208183 0.963005 -1.56382 0 0 0 1 
3394309160176;0.19621;0.0583052;13;0.995742 -0.0413071 0.0824109 -0.0296469 0.0377947 0.998328 0.043736 -0.104191 -0.0840798 -0.040435 0.995638 0.449962 0 0 0 1 
3394309160177;0.557777;0.0482938;24;0.955733 0.1778 -0.234438 0.504303 -0.076665 0.91973 0.384993 0.288393 0.284071 -0.349977 0.892647 -1.47847 0 0 0 1 
3394309160178;0.217629;0.059415;11;0.99998 -0.00595945 -0.00219288 0.260619 0.00595328 0.999978 -0.00280774 -0.327635 0.00220957 0.00279463 0.999994 0.356541 0 0 0 1 
3394309160179;0.268847;0.0312139;37;0.959174 -0.282684 -0.00870069 -0.253778 0.282814 0.958876 0.023927 -2.8995 0.00157911 -0.0254108 0.999676 -0.103496 0 0 0 1 
3394309160180;0.363436;0.0527329;17;0.997415 -0.005572 0.0716395 -0.144043 0.00984498 0.998184 -0.0594316 0.335683 -0.0711782 0.0599833 0.995658 1.62117 0 0 0 1 
3394309160181;0.481709;0.0371503;46;0.902269 -0.430828 -0.0172698 1.06798 0.430789 0.902432 -0.00606866 -4.0013 0.0181994 -0.00196408 0.999832 0.646011 0 0 0 1 
3394309160182;0.293983;0.0341844;13;0.998154 -0.0474615 -0.0378912 -0.00262698 0.0471825 0.998852 -0.00822327 -0.946349 0.038238 0.00642029 0.999248 0.279723 0 0 0 1 
3394309160183;0.436918;0.0489809;23;0.972052 -0.234586 0.00918046 0.401883 0.223046 0.935021 0.275658 -3.00204 -0.0732493 -0.265906 0.961212 0.297915 0 0 0 1 
3394309160184;0.141133;0.0391386;12;0.999783 -0.010404 -0.0180723 -0.355366 0.00999366 0.999694 -0.0226481 -0.175327 0.0183024 0.0224625 0.99958 0.0863824 0 0 0 1 
3394309160186;0.458534;0.00511541;45;0.91505 0.402143 -0.0310593 2.09682 -0.40314 0.914309 -0.0389596 7.98111 0.0127305 0.0481713 0.998758 -0.916174 0 0 0 1 
3394309160187;0.388653;0.0174505;57;0.884729 -0.466096 0.00322825 1.82893 0.464982 0.882092 -0.0755339 -9.08198 0.0323584 0.068328 0.997138 -0.328929 0 0 0 1 
3394309160188;0.269366;0.0135173;28;0.986374 -0.164515 -0.000829469 0.195075 0.162518 0.973597 0.160299 -3.41863 -0.025564 -0.15825 0.987068 0.798109 0 0 0 1 
3394309160189;0.483079;0.0109205;30;0.968347 -0.200887 -0.148151 1.003 0.148537 0.94077 -0.304776 -2.01485 0.200601 0.273123 0.940831 -4.02844 0 0 0 1 
3394309160190;0.0786131;0.00600504;14;0.998006 0.0607172 -0.0172416 0.127616 -0.0607958 0.998142 -0.00407241 1.15297 0.0169623 0.00511251 0.999843 -0.455216 0 0 0 1 
3394309160191;0.461554;0.0158807;41;0.949616 -0.312927 -0.0174969 0.829499 0.313249 0.949451 0.0204612 -6.89388 0.0102096 -0.0249112 0.999638 0.433718 0 0 0 1 
3394309160192;0.432023;0.0100492;26;0.987722 -0.0277229 -0.153744 1.12 -0.0134819 0.965331 -0.260681 1.06888 0.155641 0.259553 0.953105 -2.42184 0 0 0 1 
3394309160193;0.353577;0.00827206;37;0.952477 0.30461 0.00106688 1.46259 -0.304486 0.952179 -0.0253607 5.97282 -0.00874099 0.0238307 0.999678 -0.399781 0 0 0 1 
3394309160194;0.352735;0.00860453;29;0.951696 -0.224206 0.209778 0.362818 0.145427 0.930877 0.335141 -3.56411 -0.270418 -0.288445 0.918517 5.05965 0 0 0 1 
3394309160195;0.362433;0.0106342;49;0.901049 0.43319 0.0213844 2.30772 -0.4325 0.901118 -0.0305115 8.36721 -0.0324871 0.0182436 0.999306 0.454171 0 0 0 1 
3394309160196;0.182053;0.00957058;19;0.992951 -0.107799 0.0492704 -0.0299122 0.0991052 0.983131 0.153724 -2.32098 -0.0650105 -0.147757 0.986885 0.891504 0 0 0 1 
3394309160197;0.398636;0.00754622;47;0.919819 0.380464 -0.0958134 2.42211 -0.392063 0.900565 -0.187802 7.85754 0.0148343 0.210308 0.977523 0.522042 0 0 0 1 
3394309160198;0.114611;0.0167266;25;0.991273 -0.131639 -0.00702837 0.0757769 0.131631 0.991298 -0.00152288 -2.68265 0.00716768 0.00058444 0.999974 -0.075098 0 0 0 1 
3394309160199;0.260161;0.00833013;37;0.949201 0.314337 0.014501 1.28846 -0.313574 0.94873 -0.0397745 6.22639 -0.0262602 0.0332069 0.999103 0.585144 0 0 0 1 
3394309160200;0.239388;0.0146178;15;0.999083 -0.0324156 -0.0279784 0.0202918 0.0327786 0.999383 0.0126124 -0.729293 0.0275523 -0.0135179 0.999529 0.0787774 0 0 0 1 
3394309160201;0.340496;0.0066366;23;0.968802 -0.0752374 0.23614 0.604621 0.120252 0.975836 -0.182439 -1.7115 -0.216708 0.205144 0.954439 4.22736 0 0 0 1 
3394309160202;0.373558;0.0103946;18;0.986017 -0.0814782 0.145368 -0.661642 0.082035 0.996627 0.00217013 -1.38223 -0.145054 0.00978545 0.989375 2.20377 0 0 0 1 
3394309160203;0.451354;0.00543328;52;0.92011 0.388751 0.0476519 1.83851 -0.352517 0.875018 -0.331776 7.45108 -0.170675 0.288472 0.942154 3.53883 0 0 0 1 
3394309160204;0.469117;0.00669509;54;0.87397 0.485966 -0.00370096 2.8862 -0.485961 0.873978 0.00214385 9.43935 0.0042764 -7.51341e-05 0.999991 -0.628544 0 0 0 1 
3394309160205;0.327235;0.0130931;31;0.978393 -0.199052 -0.0559136 0.731084 0.201654 0.9784 0.0454992 -4.40924 0.0456491 -0.0557913 0.997398 -1.2846 0 0 0 1 
3394309160206;0.165571;0.00873545;18;0.998361 -0.0110114 -0.0561536 -0.100922 0.00417627 0.992715 -0.120415 0.179138 0.0570705 0.119983 0.991134 -0.660905 0 0 0 1 
3394309160207;0.420271;0.00650725;29;0.971032 0.10629 0.214009 0.486682 -0.116807 0.992462 0.0370784 2.14106 -0.208455 -0.0610022 0.976128 5.01293 0 0 0 1 
3394309160208;0.487381;0.00999445;25;0.924697 0.307981 -0.223792 1.34777 -0.250832 0.935078 0.250424 4.17064 0.286389 -0.175432 0.941916 -5.31085 0 0 0 1 
3394309160209;0.287731;0.00688166;18;0.995946 0.0700695 0.0564053 -0.122456 -0.0773512 0.987206 0.139429 1.47599 -0.045914 -0.143227 0.988624 0.0938522 0 0 0 1 
3394309160210;0.372686;0.0159801;40;0.950201 -0.309315 0.0379626 0.683159 0.311626 0.944103 -0.107509 -5.78228 -0.00258657 0.113985 0.993479 0.820715 0 0 0 1 
3394309160211;0.423056;0.0161225;55;0.912032 -0.335699 -0.235591 1.88082 0.36501 0.926339 0.0930847 -7.25372 0.186989 -0.170889 0.967384 -3.24796 0 0 0 1 
3394309160212;0.468609;0.0153728;34;0.960339 -0.278097 0.0202793 1.15615 0.278437 0.960313 -0.0164844 -5.91988 -0.0148903 0.0214772 0.999658 0.920961 0 0 0 1 
3394309160213;0.266849;0.0127007;20;0.97854 -0.148265 0.143095 -0.291735 0.173831 0.966873 -0.18692 -3.03976 -0.110641 0.207783 0.971897 2.50839 0 0 0 1 
3394309160214;0.475344;0.4038;14;0.993157 -0.104203 0.0527304 0.307134 0.10762 0.991948 -0.0667666 -2.16035 -0.0453485 0.0719846 0.996374 1.63421 0 0 0 1 
3394309160215;0.281079;0.0188392;39;0.873105 0.0805104 -0.480839 3.05041 -0.0533604 0.996126 0.0698972 1.09519 0.484603 -0.0353698 0.874019 -9.44756 0 0 0 1 
3394309160217;0.276984;0.0191968;13;0.999999 0.000700716 0.00113985 -0.585859 -0.000703983 0.999996 0.0028689 0.360562 -0.00113783 -0.0028697 0.999995 0.384867 0 0 0 1 
3394309160218;0.423487;0.493794;21;0.974482 0.221483 0.0364623 -1.13658 -0.223968 0.970211 0.0923483 2.66677 -0.0149225 -0.0981581 0.995059 0.350727 0 0 0 1 
3394309160219;0.217232;0.0552743;20;0.985746 0.160746 -0.0496593 0.37081 -0.167279 0.967969 -0.187227 2.5068 0.0179728 0.192865 0.981061 0.0650254 0 0 0 1 
3394309160220;0.375115;0.0218631;25;0.921294 0.181596 -0.343861 1.57672 -0.102519 0.966405 0.235693 0.552347 0.375109 -0.18189 0.90896 -5.22913 0 0 0 1 
3394309160221;0.326953;0.036608;17;0.981024 0.182674 -0.064972 -0.115413 -0.179336 0.982305 0.054001 1.95328 0.0736869 -0.0413244 0.996425 -0.396415 0 0 0 1 
3394309160222;0.142051;0.0253037;12;0.999239 -0.0353084 0.0165925 -0.296731 0.0357631 0.998969 -0.0279595 -0.734603 -0.0155882 0.0285316 0.999471 0.351634 0 0 0 1 
3394309160223;0.261461;0.0498697;25;0.958945 0.274268 -0.0721238 0.263567 -0.270608 0.961026 0.0565782 3.43169 0.0848304 -0.0347381 0.99579 -1.1781 0 0 0 1 
3394309160224;0.0854273;0.0433921;17;0.993521 0.113022 -0.0119601 0.0692733 -0.112902 0.993553 0.0102785 1.36996 0.0130446 -0.00886159 0.999876 -0.148061 0 0 0 1 
3394309160225;0.231107;0.0175621;11;0.999949 0.00146982 -0.0100095 -0.243675 -0.00129474 0.999846 0.0174753 0.544183 0.0100337 -0.0174614 0.999797 0.088217 0 0 0 1 
3394309160226;0.061528;0.0298868;8;0.999993 0.00217174 -0.00305098 -0.0655592 -0.00217654 0.999996 -0.00156862 0.0741224 0.00304757 0.00157525 0.999994 -0.154659 0 0 0 1 
3394309160227;0.376137;1.55918;59;0.884097 0.465882 -0.0364248 -2.30983 -0.466227 0.884664 -0.00110982 5.86503 0.0317066 0.0179634 0.999336 -0.22664 0 0 0 1 
3394309160228;0.303595;0.0228249;22;0.965236 -0.249406 0.0782019 0.278974 0.261145 0.932832 -0.248248 -2.98414 -0.0110348 0.26004 0.965535 0.212904 0 0 0 1 
3394309160229;0.401686;0.0344282;24;0.931305 -0.315387 0.182212 1.01224 0.319583 0.947535 0.00664881 -3.64983 -0.17475 0.0520399 0.983237 2.45289 0 0 0 1 
3394309160230;0.10387;0.0473078;16;0.991037 0.128506 -0.0364862 0.0476051 -0.129702 0.991019 -0.0325286 1.69102 0.0319784 0.0369693 0.998805 -0.353494 0 0 0 1 
3394309160231;0.26477;0.0421914;22;0.925745 -0.227922 0.301743 0.261978 0.190764 0.97045 0.147767 -2.79181 -0.326506 -0.0792328 0.941868 4.28641 0 0 0 1 
3394309160232;0.456423;0.0347563;22;0.870384 0.286184 -0.400663 2.79944 -0.283743 0.956566 0.0668612 3.88695 0.402395 0.0554905 0.913783 -5.51498 0 0 0 1 
3394309160233;0.155497;0.0342953;11;0.999139 0.0334893 0.0245082 -0.217262 -0.0341396 0.999063 0.0266176 0.379859 -0.0235938 -0.0274314 0.999345 0.685504 0 0 0 1 
3394309160234;0.449685;0.190717;11;0.997853 -0.060925 0.0240314 0.257297 0.0618912 0.997209 -0.0417525 -0.700251 -0.0214205 0.0431502 0.998839 -0.563267 0 0 0 1 
3394309160235;0.164832;0.0268398;17;0.972237 0.126004 -0.197178 0.312523 -0.115773 0.991299 0.0626316 1.49587 0.203354 -0.0380649 0.978365 -2.58761 0 0 0 1 
3394309160236;0.330502;0.05594;33;0.972377 0.225037 0.0619823 0.0758957 -0.209774 0.958964 -0.190746 3.2773 -0.102364 0.172475 0.979681 1.86446 0 0 0 1 
3394309160237;0.197559;0.0423603;11;0.999943 -0.0105374 0.00141377 0.217254 0.0105266 0.999917 0.00743536 0.114196 -0.001492 -0.00742006 0.999971 -0.26731 0 0 0 1 
3394309160238;0.37956;0.0476831;17;0.982505 -0.138895 0.124066 0.773782 0.124362 0.985185 0.118086 -1.49671 -0.13863 -0.100591 0.985222 1.88817 0 0 0 1 
3394309160239;0.353533;0.0239646;14;0.99566 -0.0426661 0.0827085 -0.799708 0.0417623 0.999048 0.0126274 -0.38568 -0.0831685 -0.00911853 0.996494 0.495678 0 0 0 1 
3394309160240;0.540644;0.26492;15;0.993882 0.0981519 0.0506417 -0.809358 -0.0905454 0.98666 -0.135288 1.79504 -0.0632449 0.129875 0.989511 0.561731 0 0 0 1 
3394309160241;0.23847;0.785117;28;0.97863 0.0806328 0.18916 -1.64583 -0.0918096 0.994466 0.0510736 1.0495 -0.183995 -0.0673489 0.980617 1.91684 0 0 0 1 
3394309160242;0.249114;0.0260642;12;0.999378 -0.0223238 0.0273066 -0.336088 0.0217733 0.999557 0.0202955 -0.28307 -0.0277475 -0.0196883 0.999421 -0.238658 0 0 0 1 
3394309160243;0.309141;0.0522023;42;0.95782 0.162944 0.236706 -0.0718717 -0.116928 0.973418 -0.196939 1.89948 -0.262504 0.160954 0.951412 3.34329 0 0 0 1 
3394309160244;0.346424;0.0458708;13;0.999997 -0.00195095 -0.00168906 0.469316 0.00195529 0.999995 0.00257064 -0.412668 0.00168404 -0.00257393 0.999995 0.621793 0 0 0 1 
3394309160245;0.222213;0.0583769;31;0.98179 0.1406 0.127752 0.0489425 -0.146926 0.988277 0.0414794 1.98312 -0.120422 -0.0594942 0.990938 1.13959 0 0 0 1 
3394309160246;0.394505;1.00859;41;0.902853 0.426227 0.0564488 -1.68464 -0.429688 0.899073 0.0838842 5.52067 -0.0149979 -0.0999905 0.994875 0.0763843 0 0 0 1 
3394309160248;0.387346;0.349879;14;0.992873 0.107025 -0.0524307 0.310292 -0.0998641 0.987233 0.124088 1.91635 0.0650418 -0.117967 0.990885 -0.480739 0 0 0 1 
3394309160249;0.0790091;0.02169;14;0.996113 -0.0878057 0.0070509 0.0301659 0.0878009 0.996138 0.000984579 -1.48949 -0.00711012 -0.000361677 0.999975 0.122359 0 0 0 1 
3394309160250;0.489213;0.0301646;20;0.932118 0.266371 -0.245362 1.7107 -0.224939 0.956804 0.184196 3.27391 0.283828 -0.116501 0.951772 -3.94114 0 0 0 1 
3394309160251;0.37181;0.0434461;40;0.884985 0.439753 -0.15303 2.29535 -0.400019 0.88627 0.233475 6.48441 0.238298 -0.145407 0.960245 -4.06625 0 0 0 1 
3394309160252;0.374908;0.0170958;39;0.932546 -0.36092 -0.00973964 1.28903 0.360962 0.932576 0.00286868 -6.39668 0.00804759 -0.00619082 0.999948 -0.412635 0 0 0 1 
3394309160253;0.217625;0.0294439;19;0.971245 -0.151271 0.18385 0.22657 0.159944 0.986567 -0.0332098 -2.5963 -0.176357 0.0616607 0.982393 3.47812 0 0 0 1 
3394309160254;0.306431;0.0235587;16;0.99977 -0.0213748 -0.00155038 -0.734603 0.0213759 0.999771 0.000685068 -0.0378543 0.00153538 -0.000718052 0.999999 0.33864 0 0 0 1 
3394309160255;0.470321;0.0333661;28;0.972903 -0.227045 -0.043706 -0.364379 0.20043 0.922406 -0.330144 -2.48943 0.115272 0.312438 0.942918 -1.73888 0 0 0 1 
3394309160256;0.293686;0.0210481;12;0.999391 0.0308129 -0.0163746 -0.509508 -0.0305453 0.9994 0.0163503 0.0242313 0.0168685 -0.0158402 0.999732 -0.0286258 0 0 0 1 
