#;prob_registration_l1 -r /home/probabilistic_point_clouds_registration/build/tester /home/point_clouds_registration_benchmark//devel/registration_pairs/long_office_household_local.txt /home/point_clouds_registration_benchmark//tum/long_office_household -s 0.1 -t 0.1 -p 0.3 -r 1000 -m 10 -i 100 
id;initial_error;final_error;transformation
26456013410000;0.652746;0.405423;17;0.832129 0.484453 -0.269939 0.46301 -0.506814 0.861916 -0.0154747 -0.114478 0.225168 0.149686 0.962753 -0.356376 0 0 0 1 
26456013410001;1.0574;0.492562;17;0.957187 0.26765 -0.110258 0.186829 -0.245395 0.952307 0.181362 0.157533 0.153541 -0.14654 0.977216 1.12471 0 0 0 1 
26456013410002;0.577722;0.545118;17;0.938967 0.32029 -0.125518 0.409941 -0.281918 0.925538 0.252788 0.137768 0.197137 -0.201974 0.959345 0.70336 0 0 0 1 
26456013410003;1.10585;0.580653;14;0.967404 -0.227837 -0.110543 0.51809 0.241736 0.960898 0.135047 0.269045 0.0754521 -0.157368 0.984653 -0.776076 0 0 0 1 
26456013410004;0.510854;0.475496;16;0.950276 0.255589 0.177902 0.182521 -0.301296 0.899017 0.317787 -0.2378 -0.0787137 -0.355586 0.931323 -0.254079 0 0 0 1 
26456013410005;0.315858;0.546264;15;0.982511 0.128223 -0.135022 0.465651 -0.110854 0.98541 0.129145 0.202816 0.149611 -0.111919 0.98239 -0.0413781 0 0 0 1 
26456013410006;0.127418;0.589462;17;0.950061 0.287777 -0.120699 0.500991 -0.268865 0.951183 0.151531 -0.048036 0.158414 -0.111512 0.981056 0.237909 0 0 0 1 
26456013410007;0.936325;0.619568;11;0.965057 -0.148055 -0.216205 0.131955 0.164797 0.98441 0.0614763 0.4429 0.203733 -0.0949582 0.974411 0.8001 0 0 0 1 
26456013410008;0.859142;0.571961;18;0.977556 0.158709 -0.138551 0.508568 -0.141618 0.981923 0.125584 0.0347081 0.155978 -0.103144 0.98236 0.962128 0 0 0 1 
26456013410009;0.404949;0.508813;16;0.933528 0.257817 -0.24911 0.176393 -0.240725 0.965699 0.097346 -0.049373 0.265662 -0.0309082 0.963571 0.443842 0 0 0 1 
26456013410010;0.333714;0.574516;15;0.945982 0.208363 -0.2484 0.389421 -0.202832 0.978039 0.0479548 -0.0196841 0.252937 0.0050191 0.96747 -0.0531478 0 0 0 1 
26456013410011;0.463956;0.52256;14;0.991654 0.0947506 -0.087429 0.446793 -0.0882705 0.993252 0.0752304 0.220305 0.0939671 -0.0668851 0.993326 -0.27756 0 0 0 1 
26456013410012;1.06761;0.464666;18;0.921848 0.127789 -0.365878 0.962559 -0.220199 0.949589 -0.223143 0.622128 0.318919 0.28627 0.903515 0.951417 0 0 0 1 
26456013410013;0.408963;0.520348;19;0.833684 0.541287 -0.109449 0.460145 -0.525575 0.838532 0.143651 -0.172357 0.169533 -0.0622363 0.983557 0.20799 0 0 0 1 
26456013410014;0.281798;0.572504;17;0.940509 0.306552 -0.146523 0.380905 -0.264661 0.93141 0.249859 -0.277633 0.213067 -0.196216 0.957132 0.0509262 0 0 0 1 
26456013410015;0.444148;0.488214;12;0.976701 0.0750394 -0.201059 0.212611 -0.0800397 0.996649 -0.0168449 0.183543 0.199121 0.0325452 0.979434 0.418821 0 0 0 1 
26456013410016;0.631913;0.568943;17;0.843966 0.524219 0.113645 0.12821 -0.53632 0.821125 0.195228 -0.125637 0.0090253 -0.225717 0.974151 0.653748 0 0 0 1 
26456013410017;0.712942;0.570745;17;0.951893 0.282781 -0.118042 0.634361 -0.264563 0.952782 0.149041 0.529698 0.154615 -0.110642 0.98176 0.408061 0 0 0 1 
26456013410018;0.599666;0.390014;18;0.88477 0.431669 0.175624 0.184542 -0.460675 0.867079 0.189611 -0.461732 -0.0704309 -0.248668 0.966025 -0.164846 0 0 0 1 
26456013410019;0.16999;0.506856;17;0.975642 0.208231 -0.0690126 0.382277 -0.196648 0.969609 0.145559 0.0466299 0.0972253 -0.128443 0.98694 0.0311384 0 0 0 1 
26456013410020;0.966938;0.54366;16;0.957559 0.278816 -0.0730894 0.102686 -0.265248 0.951622 0.155109 -0.287553 0.1128 -0.12914 0.98519 -0.73555 0 0 0 1 
26456013410021;1.2145;0.57678;12;0.964225 -0.200508 -0.173396 -0.286662 0.222974 0.967229 0.121455 0.350805 0.143361 -0.155773 0.977334 -0.216301 0 0 0 1 
26456013410022;0.808376;0.53279;12;0.966805 -0.118865 -0.226184 0.00792714 0.072505 0.976443 -0.203228 0.560644 0.245012 0.180083 0.952649 -0.10922 0 0 0 1 
26456013410023;0.310262;0.540257;16;0.855692 0.487552 -0.173448 0.117925 -0.459233 0.869938 0.179757 -0.0692046 0.23853 -0.0741636 0.968299 0.362806 0 0 0 1 
26456013410024;0.290654;0.418909;18;0.943379 0.322365 -0.0782066 0.390255 -0.287841 0.912707 0.290023 -0.346344 0.164873 -0.25109 0.953819 0.199914 0 0 0 1 
26456013410025;0.115869;0.53003;17;0.943682 0.296445 -0.146919 0.36551 -0.274136 0.949208 0.154448 -0.0522507 0.185242 -0.105474 0.977016 0.29134 0 0 0 1 
26456013410026;0.438952;0.526731;10;0.996232 0.0865226 -0.00597081 0.223703 -0.0832588 0.973386 0.213511 -0.2923 0.0242855 -0.21221 0.976922 -0.066579 0 0 0 1 
26456013410027;1.02893;0.519228;17;0.830222 0.54836 -0.100162 0.558379 -0.5304 0.83238 0.160686 0.719101 0.171487 -0.0802787 0.98191 0.219293 0 0 0 1 
26456013410028;0.910665;0.613747;17;0.954172 0.269694 -0.129693 0.459183 -0.243162 0.951335 0.189301 0.157851 0.174434 -0.14909 0.973316 0.996587 0 0 0 1 
26456013410029;0.807992;0.46398;16;0.930265 0.220872 -0.292954 0.620813 -0.258423 0.961263 -0.0958713 0.820559 0.26043 0.164892 0.951308 0.0536967 0 0 0 1 
26456013410031;0.378079;1.51573;21;-0.157602 0.354666 -0.921615 0.972572 -0.848102 0.42946 0.310301 1.58007 0.505849 0.830528 0.233109 -0.0734814 0 0 0 1 
26456013410032;0.347742;1.47281;20;-0.0814174 0.394248 -0.915391 0.498259 -0.506911 0.7744 0.378611 1.08191 0.858145 0.494847 0.136799 -1.0019 0 0 0 1 
26456013410033;0.319289;1.44482;19;-0.144403 0.299777 -0.943017 0.647645 -0.549046 0.768572 0.328397 1.056 0.823223 0.565182 0.0536078 -0.728954 0 0 0 1 
26456013410034;0.665788;1.0706;19;0.0568856 0.615609 -0.785996 1.462 -0.572075 0.665309 0.479681 0.594338 0.818226 0.422362 0.390021 -0.596427 0 0 0 1 
26456013410035;0.543286;1.30636;17;0.193792 0.383116 -0.903143 0.832526 -0.550889 0.804246 0.222957 0.775669 0.811767 0.454324 0.366911 0.0004951 0 0 0 1 
26456013410036;0.569296;0.853161;13;0.814207 0.53593 -0.223264 0.163805 -0.564615 0.820482 -0.0895481 1.05013 0.135192 0.198969 0.970636 0.325584 0 0 0 1 
26456013410037;0.587068;1.53754;21;-0.235043 0.21323 -0.948308 0.933174 -0.76158 0.565816 0.315987 1.8023 0.603945 0.796483 0.0294007 -0.0994211 0 0 0 1 
26456013410038;0.163491;1.40945;19;0.0740349 0.238802 -0.968242 0.776004 -0.593076 0.791096 0.149763 1.27561 0.801735 0.563153 0.200196 -0.402965 0 0 0 1 
26456013410039;0.298903;1.19081;17;0.183457 0.511313 -0.839585 0.42782 -0.645594 0.706745 0.289344 1.38583 0.741318 0.488949 0.459758 -0.442108 0 0 0 1 
26456013410040;0.421915;1.50477;20;-0.050635 0.242976 -0.96871 0.871192 -0.879496 0.448729 0.158524 1.66159 0.473206 0.860003 0.190975 -0.052339 0 0 0 1 
26456013410041;0.740902;1.22972;16;0.339745 0.479349 -0.809196 1.28073 -0.466532 0.832955 0.297547 0.540854 0.816653 0.276425 0.506624 -0.764735 0 0 0 1 
26456013410042;0.386627;1.15659;16;0.226412 0.56471 -0.793625 0.921517 -0.665523 0.68462 0.29728 0.849252 0.711208 0.460868 0.530834 -0.141167 0 0 0 1 
26456013410043;0.418115;0.849397;13;0.646666 0.427317 -0.631841 0.146085 -0.599118 0.797233 -0.0740031 1.01144 0.472102 0.426403 0.771557 -0.118642 0 0 0 1 
26456013410044;0.401489;0.859847;14;0.797312 0.470143 -0.378496 -0.0301161 -0.395982 0.880729 0.259836 0.709254 0.455512 -0.057293 0.888384 -0.179911 0 0 0 1 
26456013410045;0.640918;1.5267;20;-0.122105 0.322922 -0.938516 0.51458 -0.490841 0.802218 0.339886 0.555722 0.862651 0.502163 0.0605487 -0.969863 0 0 0 1 
26456013410046;0.387348;1.02946;15;0.388328 0.720998 -0.573902 0.226808 -0.736972 0.616868 0.276308 1.39194 0.553239 0.315651 0.770903 -0.166914 0 0 0 1 
26456013410047;0.681694;1.11057;16;0.581279 0.771115 -0.2598 0.255139 -0.576633 0.615636 0.53711 0.565731 0.574116 -0.162402 0.802507 -0.762297 0 0 0 1 
26456013410048;0.200666;1.5038;19;-0.172075 0.321376 -0.931186 0.890716 -0.549131 0.753495 0.361524 0.999284 0.81783 0.573553 0.0468199 -0.49946 0 0 0 1 
26456013410049;0.634474;1.17243;15;0.469089 0.617619 -0.63127 0.727444 -0.756123 0.650201 0.0742754 1.17747 0.456326 0.442476 0.771998 0.0613573 0 0 0 1 
26456013410050;0.211001;1.30158;17;0.276095 0.461576 -0.843041 0.407602 -0.670686 0.720802 0.175 1.28532 0.688442 0.5171 0.508583 -0.512585 0 0 0 1 
26456013410051;0.550163;0.896091;15;0.706885 0.562117 -0.429346 0.556153 -0.413662 0.820905 0.3937 0.418268 0.573758 -0.100696 0.812811 -0.668827 0 0 0 1 
26456013410052;0.551544;1.0196;15;0.410288 0.604067 -0.683203 1.00442 -0.649938 0.719211 0.245593 0.725415 0.639722 0.343276 0.68769 -0.749584 0 0 0 1 
26456013410053;0.345543;1.40692;24;-0.132968 0.333451 -0.933343 1.02994 -0.66775 0.665757 0.332982 1.56119 0.732414 0.667516 0.134138 -0.296198 0 0 0 1 
26456013410054;0.546651;1.42597;20;0.0248023 0.315259 -0.948682 0.744897 -0.855118 0.498258 0.143221 2.0758 0.51784 0.807682 0.281941 -0.820433 0 0 0 1 
26456013410055;0.267657;1.32854;17;0.0943381 0.492039 -0.865446 0.836933 -0.709589 0.642977 0.288208 1.4142 0.698272 0.586922 0.409803 -0.379574 0 0 0 1 
26456013410056;0.595541;1.18358;15;0.553701 0.612329 -0.56433 0.836362 -0.761536 0.64651 -0.0456955 1.15518 0.336864 0.455059 0.824284 -0.296911 0 0 0 1 
26456013410057;0.461018;1.4189;22;-0.128959 0.407805 -0.903916 1.14538 -0.760561 0.544243 0.354044 0.935975 0.636331 0.73314 0.239976 -0.292908 0 0 0 1 
26456013410058;0.576941;1.57399;19;-0.207223 0.421275 -0.882942 1.07067 -0.529094 0.710885 0.463359 0.563331 0.822872 0.563178 0.0755827 -0.780732 0 0 0 1 
26456013410059;0.729412;1.55286;21;-0.274733 0.489784 -0.827426 1.08362 -0.734943 0.447904 0.509157 1.18318 0.619984 0.747993 0.23691 0.0367691 0 0 0 1 
26456013410060;0.670241;0.895103;15;0.621439 0.607778 -0.494388 0.157398 -0.397057 0.788309 0.470016 0.88997 0.675396 -0.0957859 0.731208 -0.836905 0 0 0 1 
26456013410062;0.727774;0.594318;19;0.961749 0.265304 -0.0682048 -0.518395 -0.255253 0.958315 0.12837 -0.402862 0.0994188 -0.10605 0.989378 0.31949 0 0 0 1 
26456013410063;1.34575;0.185726;16;0.950474 0.0267646 0.309651 -0.301126 0.0664387 0.95576 -0.286545 -0.470575 -0.303621 0.292926 0.906647 -0.18947 0 0 0 1 
26456013410064;0.325852;0.222797;11;0.996778 0.0175518 0.0782698 -0.0130812 -0.0272022 0.99191 0.123991 -0.16136 -0.0754604 -0.125721 0.989192 0.143172 0 0 0 1 
26456013410065;0.371368;0.90931;12;0.9576 -0.192914 -0.213977 -0.0727631 0.198186 0.980159 0.00325492 -0.081212 0.209104 -0.0455243 0.976833 0.0754976 0 0 0 1 
26456013410066;1.03207;0.178471;15;0.989275 -0.0816833 -0.121093 -0.204751 0.0441449 0.957449 -0.285205 0.436654 0.139237 0.2768 0.950786 0.394846 0 0 0 1 
26456013410067;0.857765;1.4565;18;0.971545 -0.142147 0.18946 -0.637165 0.194334 0.935676 -0.294524 0.0576656 -0.135408 0.322961 0.936675 0.229368 0 0 0 1 
26456013410068;1.01715;0.269456;14;0.996695 -0.080859 0.00776249 -0.188702 0.0789356 0.986657 0.142396 -0.0885919 -0.0191729 -0.141313 0.989779 0.615189 0 0 0 1 
26456013410069;0.211374;0.537248;19;0.956808 -0.23887 -0.165711 -0.057554 0.236947 0.971009 -0.0315755 -0.0286749 0.168449 -0.00905291 0.985669 0.158552 0 0 0 1 
26456013410070;0.584191;0.538508;14;0.903993 -0.268166 -0.332992 0.318105 0.24444 0.963167 -0.112064 0.0289799 0.350779 0.0199083 0.936247 0.0481984 0 0 0 1 
26456013410071;0.0848378;0.232783;12;0.999587 -0.0276825 -0.00770553 -0.0342136 0.0272602 0.998358 -0.0503728 -0.0305336 0.00908733 0.0501419 0.998701 -0.000143081 0 0 0 1 
26456013410072;0.345771;0.156759;12;0.984099 0.00228751 -0.177608 0.00573487 0.0343412 0.9786 0.202884 -0.298332 0.174271 -0.205757 0.962961 0.210402 0 0 0 1 
26456013410073;0.619828;0.2163;13;0.971066 0.058999 0.23141 -0.164999 -0.0305884 0.991749 -0.124493 -0.0561582 -0.236845 0.113812 0.964858 0.15923 0 0 0 1 
26456013410074;0.46439;0.260518;15;0.981377 -0.164428 -0.099314 -0.16867 0.14363 0.971412 -0.189021 0.159785 0.127555 0.171236 0.976938 0.10135 0 0 0 1 
26456013410075;1.52576;1.61257;20;0.994106 -0.108351 0.00366875 -0.892405 0.107546 0.98986 0.0927971 -0.292398 -0.0136862 -0.0918556 0.995678 -0.743763 0 0 0 1 
26456013410076;0.479244;0.234844;17;0.997452 0.0247611 -0.0669065 -0.0694492 -0.0321285 0.993258 -0.111386 0.071189 0.0636973 0.113251 0.991522 -0.188383 0 0 0 1 
26456013410077;0.704929;0.325216;16;0.979928 -0.185148 0.0739048 -0.41895 0.181433 0.981908 0.054214 -0.276268 -0.0826053 -0.039717 0.995791 0.129375 0 0 0 1 
26456013410078;0.365691;0.450276;11;0.996337 -0.0676392 -0.0523217 0.034681 0.0640072 0.995614 -0.0682289 0.0624212 0.0567072 0.06463 0.996297 0.0197863 0 0 0 1 
26456013410079;1.72117;1.49552;14;0.992509 -0.108978 -0.0552171 0.0247947 0.0900412 0.957998 -0.272273 0.280873 0.0825696 0.265261 0.960634 0.533565 0 0 0 1 
26456013410080;1.76411;0.196842;21;0.991871 -0.123855 -0.0291699 -0.506068 0.12413 0.992235 0.00778753 0.742264 0.0279789 -0.0113451 0.999544 -0.0393481 0 0 0 1 
26456013410081;1.63412;0.245394;16;0.981449 0.0710605 0.178068 -0.105339 -0.040929 0.985022 -0.1675 0.842881 -0.187304 0.157105 0.969657 -0.44249 0 0 0 1 
26456013410082;0.404515;0.563757;12;0.942073 0.0481991 -0.331925 0.205366 -0.00244443 0.990581 0.136905 0.0271756 0.335398 -0.128163 0.933318 0.140839 0 0 0 1 
26456013410083;1.34753;0.161237;15;0.998351 -0.0558733 -0.0131678 -0.211313 0.0563153 0.997764 0.0360053 -0.553507 0.0111266 -0.0366875 0.999265 0.505819 0 0 0 1 
26456013410084;1.15281;0.292953;16;0.999103 -0.0112787 0.0408096 0.0734477 0.00688045 0.994305 0.106352 -0.654869 -0.0417767 -0.105975 0.993491 0.362251 0 0 0 1 
26456013410085;0.50976;0.244466;11;0.995051 0.0284536 0.0952062 -0.106167 -0.0130772 0.98729 -0.158387 0.127873 -0.0985028 0.156358 0.982776 -0.302458 0 0 0 1 
26456013410086;0.789041;0.497777;14;0.979857 -0.147191 -0.134966 0.0187314 0.131697 0.984319 -0.117356 0.0690272 0.150124 0.0972176 0.983876 -0.343553 0 0 0 1 
26456013410087;0.962758;0.294475;17;0.995956 0.0805741 -0.0397399 -0.0245474 -0.0860398 0.982737 -0.163781 0.610473 0.0258573 0.166538 0.985696 -0.0222386 0 0 0 1 
26456013410088;1.51292;0.498173;18;0.967364 0.203314 -0.151229 -0.710944 -0.20344 0.978976 0.0148012 -0.0787351 0.151059 0.0164479 0.988388 0.064412 0 0 0 1 
26456013410089;0.558558;0.286873;22;0.990615 -0.129043 -0.0450558 -0.0363247 0.126821 0.990709 -0.0491217 -0.020905 0.050976 0.0429467 0.997776 0.317399 0 0 0 1 
26456013410090;1.4132;0.265847;21;0.991125 -0.0321984 -0.128971 0.229022 0.0368121 0.998759 0.03355 -0.0722056 0.127731 -0.038 0.991081 -0.655247 0 0 0 1 
26456013410091;1.21795;1.0322;26;0.959709 -0.203262 0.194018 -0.513605 0.258642 0.908871 -0.327198 -0.0442463 -0.10983 0.364196 0.924824 0.386724 0 0 0 1 
26456013410093;0.469907;0.514448;16;0.963328 -0.218961 0.155099 -0.097743 0.222032 0.975036 -0.00254292 0.486442 -0.15067 0.0368865 0.987896 -0.399603 0 0 0 1 
26456013410094;0.663694;0.217387;14;0.885809 0.177666 -0.428692 0.378829 -0.0837156 0.969831 0.228952 0.32741 0.456436 -0.166919 0.873959 0.105713 0 0 0 1 
26456013410095;0.871627;0.230188;14;0.977534 0.181711 0.106812 0.436524 -0.182395 0.983219 -0.00341463 0.340621 -0.10564 -0.016144 0.994273 -0.0178514 0 0 0 1 
26456013410096;0.802998;0.241084;19;0.998372 0.0540741 0.0181616 -0.410191 -0.0546503 0.997964 0.0328924 0.276208 -0.016346 -0.0338313 0.999294 -0.517208 0 0 0 1 
26456013410097;0.47238;0.187279;17;0.908876 0.416803 -0.0148599 0.00477239 -0.41622 0.908723 0.0313765 0.159451 0.0265814 -0.0223324 0.999397 0.204525 0 0 0 1 
26456013410098;0.153152;0.200572;15;0.979506 0.119007 -0.162496 0.09109 -0.115939 0.992854 0.0282685 0.17256 0.164699 -0.00884954 0.986304 0.0532142 0 0 0 1 
26456013410099;1.16156;0.325793;19;0.997056 -0.0442643 -0.0626051 -0.207673 0.0377 0.994028 -0.102403 0.80841 0.0667641 0.0997416 0.992771 0.449977 0 0 0 1 
26456013410100;0.366643;0.245113;16;0.961175 0.262897 0.0838259 -0.0940101 -0.257161 0.963583 -0.0733249 0.194305 -0.10005 0.0489214 0.993779 0.188128 0 0 0 1 
26456013410101;1.16745;0.152286;15;0.988377 0.151339 0.0143678 -0.017957 -0.151495 0.972713 0.175725 0.481449 0.0126184 -0.17586 0.984334 0.789921 0 0 0 1 
26456013410102;1.13408;0.30366;13;0.992478 -0.104592 -0.0636202 0.175944 0.109437 0.990916 0.0781643 -0.0227277 0.0548669 -0.0845388 0.994908 -0.892124 0 0 0 1 
26456013410103;0.393965;0.160728;14;0.996484 0.046891 -0.0694369 -0.0639062 -0.033591 0.982794 0.181624 -0.281485 0.0767587 -0.178652 0.980914 -0.051198 0 0 0 1 
26456013410104;1.01585;0.130466;18;0.956501 0.291315 0.0155211 -0.536507 -0.285835 0.925211 0.249565 0.195955 0.0583418 -0.243146 0.968234 -0.396942 0 0 0 1 
26456013410105;1.13047;0.520326;15;0.992408 -0.0559865 0.109508 -0.0754803 0.064735 0.994847 -0.0780354 -0.110065 -0.104575 0.0845319 0.990918 0.433666 0 0 0 1 
26456013410106;0.197882;0.196079;17;0.950786 0.308873 0.0245458 -0.103032 -0.309563 0.950322 0.0325516 0.150698 -0.0132721 -0.0385481 0.999169 0.0178795 0 0 0 1 
26456013410107;0.85745;0.46136;15;0.956293 -0.272971 0.104834 -0.251273 0.26899 0.961809 0.050671 -0.115757 -0.114662 -0.020257 0.993198 -0.424421 0 0 0 1 
26456013410108;1.09003;0.317165;13;0.967276 0.0982942 0.233913 -0.325751 -0.110879 0.992978 0.0412388 -0.512325 -0.228217 -0.0658253 0.971383 0.410433 0 0 0 1 
26456013410109;0.997601;0.214163;14;0.985844 0.164769 -0.031041 0.075471 -0.167084 0.980863 -0.0999581 -0.428389 0.0139769 0.103729 0.994507 0.307116 0 0 0 1 
26456013410110;1.0844;0.313429;22;0.939747 -0.0770871 0.333067 -0.891177 0.0924619 0.995248 -0.0305344 0.243861 -0.329131 0.0594906 0.942409 -0.618595 0 0 0 1 
26456013410111;0.414986;0.43849;16;0.992533 -0.121973 0.000626197 0.111911 0.11576 0.940333 -0.31996 0.482364 0.0384378 0.317643 0.947431 -0.0839548 0 0 0 1 
26456013410112;0.40276;0.176798;12;0.995042 0.0160327 0.0981507 -0.122022 -0.0320178 0.986019 0.16353 -0.0223037 -0.0941566 -0.165862 0.981644 -0.240186 0 0 0 1 
26456013410113;0.220143;0.263257;17;0.97431 0.21661 -0.0616428 0.0645011 -0.2181 0.975751 -0.0184821 0.216523 0.0561446 0.0314517 0.997927 0.0795023 0 0 0 1 
26456013410114;0.883586;0.276514;13;0.971344 -0.133643 0.196545 -0.50797 0.117373 0.988792 0.0922694 -0.129052 -0.206673 -0.0665562 0.976144 0.34812 0 0 0 1 
26456013410115;0.901703;0.209802;13;0.9987 -0.00183361 -0.0509435 -0.0341542 0.0105571 0.985127 0.171504 0.144852 0.0498713 -0.171819 0.983865 0.744862 0 0 0 1 
26456013410116;0.0971774;0.258815;12;0.998449 0.0431499 -0.0351899 -0.0179675 -0.042715 0.999002 0.0130173 0.247514 0.0357165 -0.011494 0.999296 -0.0151133 0 0 0 1 
26456013410117;0.308242;0.314198;14;0.997663 0.0665451 -0.0155162 -0.0066178 -0.0651889 0.994994 0.0757505 0.282663 0.0204794 -0.074562 0.997006 -0.202342 0 0 0 1 
26456013410118;0.617996;0.492729;16;0.923849 -0.23842 0.299432 -0.452302 0.202684 0.968346 0.14569 0.28472 -0.324689 -0.0739053 0.942929 -0.354213 0 0 0 1 
26456013410119;0.836682;0.421662;14;0.989096 -0.147012 -0.00871101 -0.00952682 0.147238 0.985919 0.0792795 0.195793 -0.00306667 -0.0796977 0.996814 -0.741041 0 0 0 1 
26456013410120;1.27194;0.327643;14;0.997176 0.0590448 -0.0464149 0.512327 -0.0535556 0.992295 0.111723 0.343103 0.052654 -0.108922 0.992655 -0.774863 0 0 0 1 
26456013410121;0.539915;0.328149;16;0.961337 -0.272973 -0.0363002 0.250204 0.273611 0.96174 0.0138729 0.262182 0.0311244 -0.0232687 0.999245 -0.408 0 0 0 1 
26456013410122;0.715537;0.27345;13;0.997866 0.0490344 -0.0431187 0.166146 -0.0474968 0.998223 0.0359893 0.285855 0.0448067 -0.0338645 0.998422 -0.565629 0 0 0 1 
26456013410124;1.54152;0.0690463;30;0.850648 0.511646 -0.1209 -0.491046 -0.522233 0.848838 -0.0821444 -0.453646 0.0605957 0.133014 0.98926 0.193424 0 0 0 1 
26456013410125;0.0901978;0.0845738;12;0.995303 0.0966547 -0.00537404 0.0799097 -0.0964345 0.994821 0.032105 -0.160331 0.0084493 -0.031436 0.99947 -0.00748138 0 0 0 1 
26456013410126;2.04591;0.0946087;15;0.953888 0.259899 -0.150169 0.145019 -0.251976 0.965205 0.0699103 -0.165449 0.163114 -0.0288475 0.986185 -0.701416 0 0 0 1 
26456013410127;0.892171;0.212775;23;0.997735 -0.00113485 0.0672545 -0.00121585 0.000329692 0.999928 0.0119817 0.488129 -0.0672632 -0.0119324 0.997664 -0.175221 0 0 0 1 
26456013410128;1.22747;0.137468;16;0.999686 0.024998 -0.00176839 -0.17182 -0.0250526 0.998649 -0.0455227 0.0689797 0.000628022 0.0455527 0.998962 -0.55983 0 0 0 1 
26456013410129;0.476134;0.10306;15;0.972281 0.122719 0.199022 -0.103166 -0.109581 0.991085 -0.0757788 -0.200619 -0.206547 0.0518692 0.977061 -0.112151 0 0 0 1 
26456013410130;2.09219;0.0635445;17;0.985724 0.136341 0.0987921 0.201978 -0.138611 0.99021 0.0164618 0.176146 -0.0955805 -0.0299205 0.994972 0.713513 0 0 0 1 
26456013410131;1.46172;0.0968397;22;0.997785 0.0653068 0.0126583 -0.295803 -0.0654853 0.997752 0.0142474 -0.237029 -0.0116994 -0.0150448 0.999818 0.581293 0 0 0 1 
26456013410132;0.769284;0.264958;13;0.993863 -0.0353736 0.104805 -0.201954 0.0250818 0.994876 0.0979383 0.151919 -0.107733 -0.0947086 0.989659 0.0912124 0 0 0 1 
26456013410133;1.34603;0.276157;17;0.998764 0.0448805 0.0213582 -0.0144404 -0.0469224 0.993112 0.10736 0.329121 -0.0163927 -0.10823 0.993991 0.438865 0 0 0 1 
26456013410134;1.62064;0.118787;25;0.985781 -0.119747 0.117883 0.21059 0.121522 0.992557 -0.00796323 0.387969 -0.116052 0.0221754 0.992996 -0.821413 0 0 0 1 
26456013410135;0.477389;0.0836619;13;0.996019 0.0793212 0.0406812 0.0335751 -0.0770582 0.995538 -0.0544669 -0.00714721 -0.04482 0.0511153 0.997687 -0.246152 0 0 0 1 
26456013410136;1.0412;0.333576;14;0.982606 -0.16634 -0.0825636 -0.326388 0.175212 0.977748 0.115371 0.421247 0.0615355 -0.12783 0.989885 0.212246 0 0 0 1 
26456013410137;1.90811;0.279165;16;0.999962 -0.00771157 -0.00404826 -0.0061188 0.0074241 0.99774 -0.0667767 -0.0637489 0.00455406 0.0667441 0.99776 0.9185 0 0 0 1 
26456013410138;0.964836;0.076818;16;0.977661 0.200041 -0.0645244 0.0625328 -0.203524 0.977644 -0.0528259 -0.285217 0.0525145 0.0647781 0.996517 0.578408 0 0 0 1 
26456013410139;1.47225;0.160587;24;0.943035 0.330587 -0.037376 0.610831 -0.332373 0.941091 -0.0622589 -0.769428 0.0145922 0.0711351 0.99736 -0.232206 0 0 0 1 
26456013410140;1.16137;0.178991;28;0.995263 0.0972076 0.00145074 0.27024 -0.0972152 0.994997 0.023006 -0.558469 0.000792877 -0.023038 0.999734 0.194198 0 0 0 1 
26456013410141;0.944233;0.177391;17;0.987929 0.154882 -0.00280867 -0.0882523 -0.154757 0.986012 -0.0618912 -0.499169 -0.00681643 0.0615788 0.998079 -0.228143 0 0 0 1 
26456013410142;1.84842;0.49192;20;0.948994 0.163161 -0.269793 -0.454151 -0.205852 0.968775 -0.138202 -0.350453 0.238819 0.186691 0.952949 0.524544 0 0 0 1 
26456013410143;0.46443;0.076363;18;0.957336 0.286616 0.0368638 0.0220718 -0.288972 0.950257 0.116222 -0.49023 -0.00171888 -0.121916 0.992539 0.118359 0 0 0 1 
26456013410144;0.759937;0.150011;15;0.973864 -0.034276 -0.224531 -0.0302746 -0.0149574 0.976724 -0.213978 0.390823 0.226639 0.211744 0.950684 0.293251 0 0 0 1 
26456013410145;0.437138;0.279454;12;0.987786 -0.0272968 0.153405 -0.154158 -0.00921581 0.972576 0.232401 0.024125 -0.155542 -0.230976 0.960446 -0.306375 0 0 0 1 
26456013410146;1.81332;0.118117;31;0.997103 0.0751081 -0.0120322 -0.470155 -0.0747608 0.996833 0.0270979 0.0518628 0.0140293 -0.0261199 0.99956 0.697373 0 0 0 1 
26456013410147;0.897776;0.167543;20;0.998391 0.0219767 0.0522643 0.272793 -0.0129582 0.98587 -0.167012 -0.0683057 -0.0551962 0.166066 0.984569 0.128794 0 0 0 1 
26456013410148;0.647101;0.281883;14;0.994703 -0.0998889 -0.0242662 -0.160199 0.101608 0.991196 0.0848956 0.0582701 0.0155725 -0.0869115 0.996094 0.204086 0 0 0 1 
26456013410149;0.510162;0.0580755;16;0.909364 0.411601 -0.0603477 -0.0220307 -0.412881 0.910731 -0.00996567 -0.586057 0.0508586 0.0339788 0.998128 0.134239 0 0 0 1 
26456013410150;1.62937;0.129556;22;0.948322 0.0250132 0.316324 0.060669 0.0696586 0.95616 -0.284441 0.765223 -0.309571 0.291776 0.905004 -0.790502 0 0 0 1 
26456013410151;0.991097;0.144349;13;0.972903 -0.149915 0.176028 -0.386515 0.169348 0.980362 -0.101052 0.30613 -0.157422 0.128124 0.979185 -0.58941 0 0 0 1 
26456013410152;0.386143;0.119799;14;0.99614 0.0842911 -0.0245112 0.0298622 -0.0849192 0.996053 -0.025826 0.0376813 0.0222376 0.0278078 0.999366 -0.101256 0 0 0 1 
26456013410153;1.24713;0.0455634;26;0.935048 0.351963 0.0425234 -0.261182 -0.354016 0.933381 0.058937 -0.307926 -0.0189469 -0.0701629 0.997356 0.317854 0 0 0 1 
26456013410155;0.44177;0.141304;23;0.982623 0.1749 -0.062148 -0.0619427 -0.184392 0.958162 -0.218919 -0.250162 0.021259 0.226574 0.973762 0.0367062 0 0 0 1 
26456013410156;0.559197;0.433481;14;0.997607 -0.0690123 -0.00421878 -0.36186 0.0682089 0.992308 -0.103303 0.0465347 0.0113155 0.102768 0.994641 0.472307 0 0 0 1 
26456013410157;0.798739;0.660047;14;0.997847 0.0171586 -0.0632945 0.142035 -0.0174455 0.99984 -0.00398428 -0.257959 0.063216 0.00507991 0.997987 -0.182312 0 0 0 1 
26456013410158;0.506235;0.222182;18;0.977161 0.187126 0.100704 -0.0109708 -0.165516 0.967419 -0.191586 0.211924 -0.133274 0.170542 0.976296 -0.248091 0 0 0 1 
26456013410159;0.771683;0.306249;16;0.999253 0.0314295 -0.0224698 0.190543 -0.0357313 0.972997 -0.228034 0.622993 0.0146961 0.228667 0.973394 0.127718 0 0 0 1 
26456013410160;0.731372;0.592112;16;0.996788 -0.0638718 -0.0483063 -0.164319 0.061263 0.996677 -0.0536852 0.199002 0.0515747 0.0505534 0.997389 -0.517086 0 0 0 1 
26456013410161;0.152345;0.235311;13;0.997908 -0.0113826 0.0636353 -0.21428 0.0154938 0.997798 -0.0644902 -0.000892668 -0.0627611 0.0653413 0.995887 -0.168203 0 0 0 1 
26456013410162;0.843744;0.675905;16;0.90528 -0.105713 -0.411453 0.0258857 0.093099 0.994368 -0.0506436 0.482757 0.414489 0.00754079 0.910023 0.878331 0 0 0 1 
26456013410163;0.17304;0.29557;14;0.989655 -0.07402 -0.122894 -0.120765 0.0528481 0.984476 -0.167376 0.107255 0.133376 0.15915 0.978204 0.206376 0 0 0 1 
26456013410164;1.05704;0.295662;17;0.994313 -0.0583869 -0.0890661 -0.112991 0.0600126 0.998074 0.0156828 -0.0674488 0.0879789 -0.0209387 0.995902 -0.891896 0 0 0 1 
26456013410165;1.01882;0.970144;14;0.99309 -0.0889013 -0.0766093 -0.555248 0.0951765 0.99203 0.082576 0.461261 0.0686575 -0.0892968 0.993636 0.132089 0 0 0 1 
26456013410166;0.386158;0.365776;15;0.969265 -0.0744175 -0.234494 0.101049 -0.00924413 0.941464 -0.336986 0.426571 0.245846 0.328797 0.91184 0.133201 0 0 0 1 
26456013410167;0.362618;0.183483;16;0.996688 0.0134579 -0.0801978 -0.0939076 0.0206463 0.912017 0.409633 -0.540412 0.0786545 -0.409933 0.908718 0.0787622 0 0 0 1 
26456013410168;0.272737;0.508474;17;0.959287 -0.0588457 -0.276235 -0.209161 0.057437 0.998262 -0.0131947 -0.205835 0.276531 -0.00320856 0.961 0.112588 0 0 0 1 
26456013410169;0.677811;0.278295;18;0.997452 -0.0536508 -0.0470142 -0.219482 0.0532683 0.998536 -0.00935176 -0.298935 0.0474471 0.00682357 0.99885 0.504677 0 0 0 1 
26456013410170;0.704368;0.531101;15;0.99998 -0.00266803 -0.00572994 -0.123633 0.00273741 0.999923 0.012135 -0.655862 0.00569713 -0.0121504 0.99991 0.112012 0 0 0 1 
26456013410171;1.02478;0.208899;25;0.959143 -0.186609 -0.212656 -0.639715 0.195413 0.980497 0.020966 -0.00254038 0.204596 -0.061665 0.976902 0.00989961 0 0 0 1 
26456013410172;0.366617;0.425286;16;0.965814 -0.0674303 -0.250311 -0.129085 0.0806224 0.995825 0.0428167 -0.108194 0.246379 -0.0615337 0.967218 -0.0791531 0 0 0 1 
26456013410173;0.895873;0.159241;25;0.989319 0.132369 -0.0610417 -0.313612 -0.130526 0.990887 0.0332602 -0.583685 0.064888 -0.0249374 0.997581 0.527961 0 0 0 1 
26456013410174;0.457447;0.271264;11;0.999121 -0.041037 0.00854383 -0.29443 0.0413036 0.998575 -0.0337987 0.205394 -0.00714466 0.0341219 0.999392 0.0157224 0 0 0 1 
26456013410175;0.623034;0.346562;16;0.995832 -0.0614621 -0.0673939 -0.202255 0.0634215 0.997613 0.0273284 -0.0441355 0.0655534 -0.0314887 0.997352 -0.515359 0 0 0 1 
26456013410176;0.235307;0.255855;13;0.989042 -0.0500571 -0.13889 -0.158882 0.0487183 0.998728 -0.0130243 0.0658006 0.139365 0.00611514 0.990222 0.108396 0 0 0 1 
26456013410177;0.877512;0.387692;13;0.999815 0.0192386 0.000614557 0.0544619 -0.0192375 0.999813 -0.0017377 0.61731 -0.000647873 0.00172555 0.999998 0.0408515 0 0 0 1 
26456013410178;0.197683;0.238259;12;0.996677 -0.0552575 -0.0598406 -0.231074 0.055441 0.998461 0.0014098 0.088006 0.0596706 -0.00472274 0.998207 -0.0322729 0 0 0 1 
26456013410179;0.15124;0.326529;14;0.997465 -0.0256688 0.0663628 -0.29246 0.0173318 0.992221 0.12328 -0.109423 -0.069011 -0.121817 0.990151 0.0243588 0 0 0 1 
26456013410180;0.554153;0.61779;14;0.999841 -0.0129319 0.0122893 -0.142979 0.0151015 0.980263 -0.197119 0.338992 -0.00949759 0.197273 0.980302 -0.0299441 0 0 0 1 
26456013410181;0.475904;0.274047;15;0.999579 -0.00735018 0.0280569 -0.254175 -0.00212631 0.946182 0.323629 -0.735199 -0.0289256 -0.323553 0.945768 -0.0510254 0 0 0 1 
26456013410182;0.72307;0.256651;26;0.994424 -0.0971198 0.0411027 -0.688917 0.10126 0.988209 -0.114847 0.13193 -0.0294642 0.118369 0.992532 0.263671 0 0 0 1 
26456013410183;0.714484;0.174043;16;0.998721 0.044875 0.0232854 -0.285861 -0.0326728 0.924376 -0.380081 0.0970305 -0.0385806 0.378834 0.92466 0.446803 0 0 0 1 
26456013410184;0.435457;0.330613;14;0.999776 -0.00114172 0.0211169 -0.0382353 0.0023315 0.998405 -0.0564045 0.207495 -0.0210188 0.0564411 0.998185 -0.194973 0 0 0 1 
26456013410186;2.57906;1.63565;13;0.981746 0.1636 -0.0970069 0.0675152 -0.174932 0.976882 -0.122884 -0.592472 0.0746605 0.13761 0.987669 -0.487501 0 0 0 1 
26456013410187;0.634766;1.12863;42;0.714464 -0.680861 0.161153 0.174378 0.699571 0.691224 -0.181137 1.52959 0.0119364 0.242153 0.970165 -0.234083 0 0 0 1 
26456013410188;1.09866;0.626847;12;0.970442 -0.0268313 -0.239837 0.407397 0.0915022 0.960505 0.262786 -0.194283 0.223314 -0.276965 0.93457 0.133152 0 0 0 1 
26456013410189;0.60767;0.796295;19;0.959191 -0.261267 -0.108126 0.24009 0.254338 0.964295 -0.073802 0.595062 0.123548 0.0432897 0.991394 0.0850907 0 0 0 1 
26456013410190;1.29465;2.23604;26;0.523154 -0.836896 0.160983 -0.49459 0.818087 0.546087 0.180341 1.66218 -0.238837 0.0373518 0.970341 -0.64967 0 0 0 1 
26456013410191;1.28532;1.39557;38;0.848042 -0.518824 0.107921 0.222529 0.527772 0.845247 -0.0837488 0.607249 -0.0477693 0.12798 0.990626 -0.415204 0 0 0 1 
26456013410192;1.88351;1.35068;16;0.976136 0.206306 -0.0677905 0.335315 -0.215675 0.957442 -0.191805 -0.393969 0.025335 0.201848 0.979089 0.372819 0 0 0 1 
26456013410193;1.11745;1.17057;33;0.831682 -0.539628 -0.130791 0.257416 0.543068 0.839618 -0.0108639 1.03834 0.115677 -0.061993 0.99135 -0.146333 0 0 0 1 
26456013410194;2.37375;1.12938;44;0.694915 -0.712804 0.0948851 0.848552 0.718755 0.692554 -0.0613143 0.812566 -0.022008 0.110807 0.993598 -0.421742 0 0 0 1 
26456013410195;1.70586;1.03567;32;0.79204 -0.610146 0.0198881 0.432028 0.606174 0.782192 -0.143976 1.1408 0.0722901 0.12609 0.989381 -0.56562 0 0 0 1 
26456013410196;0.514644;1.02183;35;0.736506 -0.673694 0.0607807 0.209093 0.669237 0.738796 0.0793894 1.07105 -0.0983887 -0.0177941 0.994989 0.00879407 0 0 0 1 
26456013410197;2.7645;2.63859;21;0.743618 -0.640101 0.193142 -0.452593 0.636277 0.766232 0.0896676 1.12012 -0.205388 0.0562136 0.977065 -0.126772 0 0 0 1 
26456013410198;2.3433;0.655479;19;0.935826 -0.346115 -0.0665847 0.604649 0.345802 0.938162 -0.0165393 -0.0768459 0.0681917 -0.00754713 0.997644 0.23326 0 0 0 1 
26456013410199;2.04036;0.808261;27;0.86772 -0.488369 -0.092508 0.520103 0.472345 0.868128 -0.152459 0.913888 0.154765 0.0885961 0.983971 -0.526402 0 0 0 1 
26456013410200;2.25828;2.34322;28;0.592101 -0.796209 0.124368 -0.472716 0.758444 0.602742 0.247921 1.55387 -0.272359 -0.0524685 0.960764 -0.355995 0 0 0 1 
26456013410201;2.32984;1.26484;40;0.677418 -0.699889 0.226407 -0.533173 0.716658 0.697332 0.0113893 1.5871 -0.165852 0.154541 0.973966 -0.609402 0 0 0 1 
26456013410202;0.574695;1.93311;40;0.84449 -0.533553 0.0464519 0.494899 0.534198 0.845357 -0.0017768 1.0198 -0.0383205 0.026315 0.998919 0.0544574 0 0 0 1 
26456013410203;2.04835;0.771386;19;0.95397 -0.239166 0.180942 0.526053 0.174939 0.933835 0.312008 -0.479512 -0.243592 -0.265992 0.93269 0.0264518 0 0 0 1 
26456013410204;0.669991;0.67758;16;0.997653 -0.0629197 0.0270064 0.265195 0.0549884 0.971272 0.231532 -0.0659319 -0.0407985 -0.229503 0.972452 -0.158499 0 0 0 1 
26456013410205;0.908947;1.30891;42;0.790306 -0.612473 -0.0171378 0.155935 0.612706 0.790122 0.0173143 1.09844 0.00293641 -0.0241841 0.999703 -0.0864944 0 0 0 1 
26456013410206;1.79634;2.07388;12;0.996852 -0.013702 -0.0780866 0.223844 0.0326292 0.968571 0.246588 -0.212548 0.0722537 -0.248359 0.96597 0.00806339 0 0 0 1 
26456013410207;0.232642;1.23534;44;0.75605 -0.654007 0.0257516 0.239158 0.653717 0.756486 0.0195608 1.13508 -0.0322736 0.00204535 0.999477 -0.114073 0 0 0 1 
26456013410208;2.37807;1.10954;29;0.84983 -0.491426 0.190499 0.0438808 0.526777 0.803751 -0.276569 1.2607 -0.0172006 0.335387 0.941923 -0.946852 0 0 0 1 
26456013410209;2.64335;0.610721;25;0.871066 -0.487458 0.0602394 0.840094 0.480174 0.870945 0.104346 0.0480102 -0.10333 -0.061967 0.992715 -0.316059 0 0 0 1 
26456013410210;2.26073;0.902465;32;0.656317 -0.753129 0.0452154 -0.417758 0.754095 0.652872 -0.0714132 1.43604 0.0242635 0.0809664 0.996421 -0.617044 0 0 0 1 
26456013410211;1.42407;1.41046;22;0.695412 -0.705273 0.137812 -0.619498 0.707445 0.705575 0.0410555 1.53869 -0.126192 0.0689437 0.989607 -0.403047 0 0 0 1 
26456013410212;1.48789;1.53635;15;0.940671 -0.24733 -0.232305 0.277862 0.243389 0.96884 -0.0459479 0.317725 0.236431 -0.0133187 0.971557 0.118817 0 0 0 1 
26456013410213;1.60061;1.15838;30;0.599985 -0.788281 0.136495 -0.658234 0.791656 0.560418 -0.243338 1.97629 0.115325 0.254056 0.960289 0.0946154 0 0 0 1 
26456013410214;1.7042;1.50759;21;0.726452 -0.679595 -0.102073 -0.245091 0.664926 0.732614 -0.145428 1.50273 0.173612 0.0377757 0.984089 0.596102 0 0 0 1 
26456013410215;0.754244;1.35051;53;0.626125 -0.741734 0.240414 0.151539 0.765695 0.643127 -0.00994904 1.46447 -0.147237 0.190313 0.970619 -0.461201 0 0 0 1 
26456013410217;1.32332;1.44961;17;0.885068 -0.300896 -0.355129 0.0611438 0.304402 0.951362 -0.0474304 0.263845 0.352127 -0.0661228 0.933613 0.296227 0 0 0 1 
26456013410218;1.34012;1.77037;15;0.97977 0.00452129 0.200076 -0.162062 -0.0789731 0.927347 0.365774 -0.360384 -0.183886 -0.374175 0.908944 -0.176906 0 0 0 1 
26456013410219;0.65608;0.571286;21;0.942814 0.330407 0.0439641 -0.18744 -0.324886 0.940414 -0.100347 -0.0843129 -0.0744999 0.0803256 0.993981 -0.119848 0 0 0 1 
26456013410220;1.46371;0.774355;20;0.913162 -0.393632 0.105775 -0.0515969 0.398489 0.916725 -0.0286656 0.85306 -0.0856826 0.0683264 0.993977 -0.0332556 0 0 0 1 
26456013410221;1.60635;2.00305;16;0.965347 0.0371689 -0.258308 -0.0783156 -0.0365814 0.999306 0.00708221 -0.0103069 0.258392 0.00261246 0.966037 0.187921 0 0 0 1 
26456013410222;2.32392;0.916339;15;0.958651 -0.105083 0.264472 -0.206547 0.239178 0.801098 -0.548667 0.726239 -0.154212 0.589237 0.793107 -1.24117 0 0 0 1 
26456013410223;1.20647;0.999745;11;0.996421 0.0844682 0.00320844 -0.0237928 -0.0841655 0.987902 0.13025 0.0849443 0.0078324 -0.130054 0.991476 0.0939158 0 0 0 1 
26456013410224;0.781646;0.111453;21;0.944463 0.148349 0.293226 -0.41777 -0.211503 0.957338 0.196903 -0.252883 -0.251506 -0.247986 0.935547 -0.345629 0 0 0 1 
26456013410225;1.91639;0.0816714;42;0.984829 -0.171973 0.0231747 0.235224 0.165853 0.972119 0.165761 -0.0140851 -0.0510349 -0.159402 0.985894 -0.732475 0 0 0 1 
26456013410226;0.740714;0.526229;12;0.969928 0.232871 0.0707812 -0.177869 -0.230811 0.972328 -0.0361184 0.0201336 -0.0772335 0.0186952 0.996838 -0.0634499 0 0 0 1 
26456013410227;0.854149;0.741374;9;0.999236 -0.037334 0.0115599 -0.0239165 0.0378713 0.99801 -0.0504094 -0.00499103 -0.0096549 0.0508087 0.998662 -0.0247807 0 0 0 1 
26456013410228;0.477964;0.110808;24;0.969952 -0.0951135 -0.223933 0.192065 0.0430685 0.973006 -0.226727 0.296179 0.239453 0.21027 0.947866 0.0379707 0 0 0 1 
26456013410229;0.488387;0.113454;16;0.896083 -0.217188 -0.387123 0.364445 0.291643 0.945535 0.144598 -0.0181002 0.334633 -0.242473 0.910619 0.374011 0 0 0 1 
26456013410230;0.907029;0.108329;30;0.996497 0.0815066 0.0186932 -0.0805812 -0.0822069 0.995796 0.0403901 0.125789 -0.0153226 -0.0417854 0.999009 -0.278648 0 0 0 1 
26456013410231;2.37848;0.120889;31;0.975808 -0.14019 -0.167766 0.280347 0.190103 0.923061 0.334394 -0.439148 0.107979 -0.358197 0.927381 -0.63969 0 0 0 1 
26456013410232;0.758672;0.188422;26;0.997434 0.0556006 0.0451102 0.0944098 -0.0567443 0.998089 0.0244818 -0.0668443 -0.0436627 -0.0269787 0.998682 -0.234721 0 0 0 1 
26456013410233;0.876115;0.0847269;13;0.997013 -0.0765061 0.0106109 0.00940924 0.0758879 0.99587 0.049847 0.362625 -0.0143807 -0.0488929 0.9987 0.0633237 0 0 0 1 
26456013410234;0.436918;0.0495245;14;0.988839 0.14439 0.0367148 -0.10715 -0.148652 0.939724 0.307931 -0.42062 0.00996044 -0.309952 0.9507 0.317488 0 0 0 1 
26456013410235;0.42537;0.0879647;15;0.93352 -0.0144465 0.358233 -0.37344 0.0451743 0.995964 -0.0775553 0.0228686 -0.355667 0.0885824 0.930405 -0.33186 0 0 0 1 
26456013410236;1.61117;0.118988;37;0.983384 0.150872 0.100963 -0.027258 -0.164558 0.975679 0.144816 -0.186929 -0.0766588 -0.159024 0.984294 -0.632193 0 0 0 1 
26456013410237;1.76467;1.42846;12;0.91679 0.374934 0.137549 -0.144915 -0.397851 0.827425 0.396337 -0.654963 0.0347883 -0.418082 0.907743 0.204099 0 0 0 1 
26456013410238;1.19544;0.0769202;39;0.916424 0.388609 -0.0956567 0.151788 -0.332516 0.872357 0.358365 -0.432167 0.222711 -0.296607 0.928668 -0.0141604 0 0 0 1 
26456013410239;0.73293;0.277448;14;0.924116 -0.377379 -0.0599501 0.0706831 0.380071 0.923989 0.0423038 0.261283 0.0394287 -0.0618789 0.997305 -0.142119 0 0 0 1 
26456013410240;1.79116;1.92432;26;0.872702 0.44631 -0.197986 -0.257091 -0.463058 0.885145 -0.0457745 -0.589319 0.154817 0.131626 0.979135 0.00684797 0 0 0 1 
26456013410241;1.92987;0.849085;34;0.992935 -0.0787346 0.0887771 0.380373 0.0803539 0.996656 -0.0148097 0.114688 -0.0873142 0.0218387 0.995941 0.0667478 0 0 0 1 
26456013410242;1.40722;0.0840073;24;0.934485 0.279443 0.220565 -0.312069 -0.345719 0.860168 0.374952 -0.426239 -0.0849453 -0.426641 0.900423 -0.370152 0 0 0 1 
26456013410243;0.583238;0.0999533;18;0.922697 -0.344679 0.172704 -0.169871 0.365337 0.924801 -0.106168 0.323783 -0.123123 0.161056 0.979235 -0.234573 0 0 0 1 
26456013410244;0.533279;0.0536804;12;0.996124 0.0433765 0.0765159 -0.0647735 -0.0415681 0.998821 -0.0250711 0.0422111 -0.0775132 0.0217933 0.996753 0.138992 0 0 0 1 
26456013410245;0.736282;0.0758321;25;0.966458 -0.172917 0.189891 -0.296084 0.21194 0.954579 -0.209428 0.289523 -0.145052 0.242649 0.959209 0.0730393 0 0 0 1 
26456013410246;1.05866;0.725695;11;0.999296 -0.0186197 0.0325754 0.0273289 0.0277474 0.951133 -0.307534 0.166181 -0.0252574 0.308221 0.950979 -0.272691 0 0 0 1 
26456013410248;1.23759;0.440592;16;0.939683 -0.163455 -0.300465 -0.113893 0.191545 0.97924 0.0663294 -0.0847611 0.283385 -0.119881 0.951484 1.10012 0 0 0 1 
26456013410249;1.46586;0.385847;25;0.811189 0.516286 0.27463 -0.496726 -0.56731 0.808716 0.155361 -0.881253 -0.141887 -0.281827 0.948916 0.596876 0 0 0 1 
26456013410250;0.412958;0.343135;12;0.988545 -0.129659 -0.0772525 -0.24199 0.118839 0.98421 -0.131182 0.187065 0.0930416 0.120499 0.988344 0.221568 0 0 0 1 
26456013410251;1.34871;0.405702;13;0.983326 0.174648 0.0506819 -0.195187 -0.171186 0.983018 -0.0661102 -0.353568 -0.0613673 0.0563318 0.996524 0.751697 0 0 0 1 
26456013410252;1.49487;1.02786;15;0.957919 -0.178437 -0.224838 0.144073 0.278965 0.763221 0.582814 -0.501019 0.067606 -0.621011 0.780881 -0.271996 0 0 0 1 
26456013410253;0.288077;0.389053;15;0.957349 0.28622 -0.0395024 -0.177954 -0.288289 0.955371 -0.0644704 -0.592503 0.0192867 0.0731088 0.997137 -0.189724 0 0 0 1 
26456013410254;0.399182;0.365202;17;0.914009 0.391401 0.106736 -0.432709 -0.384013 0.91954 -0.0835465 -0.534664 -0.130848 0.0353742 0.990771 -0.377639 0 0 0 1 
26456013410255;1.26559;0.582295;14;0.992049 0.125758 0.00494384 -0.374135 -0.124267 0.984995 -0.119762 -0.189494 -0.0199307 0.118195 0.99279 0.671259 0 0 0 1 
26456013410256;0.836061;0.690186;12;0.972579 0.169949 -0.15877 0.067314 -0.186738 0.977558 -0.097517 -0.187792 0.138634 0.124491 0.982488 -0.00397894 0 0 0 1 
