#;prob_registration_l1 -r /home/probabilistic_point_clouds_registration/build/tester /home/point_clouds_registration_benchmark//devel/registration_pairs/p2at_met_local.txt /home/point_clouds_registration_benchmark//planetary/p2at_met -s 0.2 -t 0.2 -p 0.3 -r 1000 -m 10 -i 100 
id;initial_error;final_error;transformation
27844314100000;0.368279;0.343929;9;0.999487 0.000476275 0.0320199 0.0765628 -0.00490018 0.990389 0.138226 -0.0600728 -0.0316463 -0.138312 0.989883 -8.26076 0 0 0 1 
27844314100001;0.325629;0.152188;9;0.987584 0.0284288 -0.154495 0.808558 0.00058674 0.982814 0.184599 -0.275611 0.157088 -0.182398 0.970595 -7.74764 0 0 0 1 
27844314100002;0.342132;0.126012;10;0.931557 -0.0370371 0.361704 -2.47344 -0.067984 0.959512 0.273341 -2.91777 -0.357183 -0.279223 0.891322 -24.6733 0 0 0 1 
27844314100003;0.135271;0.139301;9;0.995093 -0.00741752 0.0986655 -0.1524 -0.00977859 0.984932 0.172668 -0.345579 -0.0984595 -0.172785 0.980026 -12.5172 0 0 0 1 
27844314100004;0.89077;0.698733;10;0.985612 0.0406631 -0.164061 1.47878 0.002682 0.966746 0.255724 -0.925124 0.169004 -0.252484 0.952727 -12.2173 0 0 0 1 
27844314100005;0.300669;0.248382;11;0.934788 0.0502404 -0.351635 0.198596 -0.00545546 0.991861 0.127211 -0.106644 0.355164 -0.116997 0.927454 1.18894 0 0 0 1 
27844314100006;0.461976;0.419777;9;0.999896 0.0127601 0.00675156 0.815929 -0.0129861 0.999318 0.0345547 -0.162259 -0.00630604 -0.0346387 0.99938 -2.01819 0 0 0 1 
27844314100007;1.17629;0.993386;10;0.999375 0.0185139 0.0301012 1.18684 -0.0210954 0.995911 0.0878397 -0.287503 -0.0283519 -0.0884199 0.99568 -4.51154 0 0 0 1 
27844314100008;0.519074;0.431827;9;0.999921 0.0116546 0.0047712 0.684084 -0.0118169 0.999299 0.0355293 -0.188604 -0.00435377 -0.0355829 0.999357 -1.56347 0 0 0 1 
27844314100009;0.482706;0.468954;10;0.993114 -0.0152204 0.116156 -0.736385 0.0208581 0.998655 -0.0474748 0.244533 -0.115277 0.0495707 0.992096 0.145441 0 0 0 1 
27844314100010;0.848926;0.0740803;9;0.999045 0.0260176 -0.0351145 1.5782 -0.0195836 0.984813 0.172509 -0.740756 0.0390695 -0.171656 0.984382 -11.2856 0 0 0 1 
27844314100011;0.370547;0.293178;10;0.981193 -0.00158167 -0.193024 -1.27832 -0.00984628 0.998255 -0.0582311 -0.575414 0.192779 0.0590365 0.979465 8.40832 0 0 0 1 
27844314100012;1.02719;0.40797;11;0.991602 0.00267453 -0.129296 -0.685663 -0.00823291 0.999064 -0.0424742 -0.382465 0.129061 0.043182 0.990696 7.79197 0 0 0 1 
27844314100013;0.818365;0.723598;10;0.99869 0.0218484 -0.0462788 1.22682 -0.017245 0.995073 0.0976329 -0.417758 0.0481839 -0.0967069 0.994146 -5.38154 0 0 0 1 
27844314100014;0.722224;0.27761;9;0.998395 0.00127962 -0.0566238 -0.00387741 -0.000935008 0.999981 0.00611204 -0.0172354 0.0566305 -0.00604929 0.998377 -0.847236 0 0 0 1 
27844314100015;1.11358;0.631907;9;0.999538 -0.00159709 -0.0303405 0.0953689 0.000846196 0.999693 -0.0247458 -0.115322 0.0303707 0.0247087 0.999233 -0.316997 0 0 0 1 
27844314100016;0.370882;0.087219;10;0.992248 -0.0222025 0.122276 -1.18361 0.0710832 0.908465 -0.411873 -4.80045 -0.101938 0.417372 0.903 21.813 0 0 0 1 
27844314100017;0.341055;0.240967;10;0.995527 -0.000854093 -0.0944715 -0.56957 0.00440517 0.999291 0.0373867 0.357115 0.0943727 -0.0376356 0.994825 0.107816 0 0 0 1 
27844314100018;0.853373;0.273194;10;0.999555 0.006263 0.0291587 0.541268 -0.00633283 0.999977 0.00230322 -0.110882 -0.0291436 -0.00248685 0.999572 -2.97179 0 0 0 1 
27844314100019;0.871961;0.0869221;10;0.999974 0.00440573 0.0056645 0.461478 -0.00425969 0.999665 -0.0255402 -0.166997 -0.00577512 0.0255154 0.999658 -0.989474 0 0 0 1 
27844314100020;0.613803;0.626506;10;0.996559 0.0266317 -0.0784882 1.1781 -0.00779116 0.972879 0.231182 -0.783337 0.0825163 -0.229776 0.969739 -11.949 0 0 0 1 
27844314100021;0.300355;0.0772956;10;0.948393 -0.0185961 -0.316551 -3.40832 -0.000815387 0.998133 -0.0610791 -0.378777 0.317096 0.0581851 0.946607 10.8828 0 0 0 1 
27844314100022;0.628187;0.073059;9;0.999956 0.00597609 0.00721653 0.508621 -0.00581457 0.999737 -0.0221999 -0.187929 -0.0073473 0.022157 0.999728 -0.58777 0 0 0 1 
27844314100023;0.278091;0.0889624;10;0.996409 0.00579379 0.084474 0.55478 -0.00218521 0.999083 -0.0427483 -0.260221 -0.0846442 0.0424102 0.995508 -0.248158 0 0 0 1 
27844314100024;0.416131;0.291132;9;0.969186 -0.00260844 -0.246316 -1.60197 -0.00705702 0.999239 -0.0383492 -0.236045 0.246229 0.0389058 0.968431 7.25289 0 0 0 1 
27844314100025;0.365706;0.319974;10;0.992 -0.00700942 -0.126043 -1.0173 0.00676684 0.999974 -0.00235262 0.186278 0.126057 0.00148089 0.992022 2.63863 0 0 0 1 
27844314100026;0.38807;0.177142;9;0.983239 -0.00788086 0.182153 -0.341862 -0.000937883 0.998834 0.0482772 -0.0252754 -0.182321 -0.0476388 0.982084 -7.91146 0 0 0 1 
27844314100027;0.827287;0.73373;10;0.980712 -0.0221454 -0.194202 -2.42879 -0.0035392 0.991386 -0.130924 -1.12875 0.195428 0.129086 0.972186 11.7355 0 0 0 1 
27844314100028;0.216847;0.167049;9;0.993621 -0.0177513 0.111361 -0.876292 0.0317747 0.991591 -0.125448 -0.0773072 -0.108198 0.128186 0.98583 4.9489 0 0 0 1 
27844314100029;0.528223;0.404383;10;0.997091 0.00815175 0.0757888 0.737492 -0.00648033 0.999731 -0.0222735 -0.233317 -0.07595 0.0217176 0.996875 -1.21942 0 0 0 1 
27844314100031;1.32944;0.66399;10;0.999745 -0.0171736 -0.0146575 -0.122026 0.0171093 0.999844 -0.00449736 0.0601766 0.0147324 0.00424543 0.999882 2.62085 0 0 0 1 
27844314100032;1.35252;0.933518;11;0.950118 0.0555668 -0.306902 -1.2428 0.0393696 0.954764 0.294748 1.5035 0.309397 -0.292128 0.90495 6.21801 0 0 0 1 
27844314100033;0.908498;0.542866;11;0.974661 0.0244942 -0.222342 -1.00785 0.0285498 0.972235 0.232257 1.15857 0.221858 -0.23272 0.946901 4.97664 0 0 0 1 
27844314100034;0.315932;0.281282;8;0.999945 0.00895338 0.00538547 -0.0649899 -0.00904525 0.99981 0.0172831 -0.13552 -0.0052297 -0.0173308 0.999836 -0.15626 0 0 0 1 
27844314100035;0.38412;0.166861;9;0.999561 -0.00435358 -0.0292992 0.0479909 0.0029932 0.998922 -0.0463153 -0.137845 0.0294693 0.0462073 0.998497 -0.475318 0 0 0 1 
27844314100036;0.255516;0.150711;10;0.996961 0.0207852 0.0750832 -0.0504867 -0.0332315 0.985135 0.168536 -0.0412593 -0.0704641 -0.170519 0.982832 -0.129042 0 0 0 1 
27844314100037;0.704806;0.447211;10;0.999655 -0.0200083 0.0169971 0.191457 0.02226 0.989223 -0.144711 -0.0897797 -0.0139185 0.14504 0.989328 0.188459 0 0 0 1 
27844314100038;1.02577;0.664782;9;0.996377 0.0127398 0.084091 0.0529538 -0.0100624 0.999431 -0.0321865 0.0282449 -0.0844532 0.0312237 0.995938 0.664994 0 0 0 1 
27844314100039;0.646323;0.21755;10;0.998355 -0.0101803 0.0564317 0.00139362 0.021808 0.977574 -0.209459 -0.164154 -0.0530339 0.210345 0.976188 0.125771 0 0 0 1 
27844314100040;0.526776;0.400461;9;0.957533 0.0091317 0.28818 -0.244817 0.000904777 0.999398 -0.0346748 -0.315417 -0.288323 0.033463 0.956948 -4.02187 0 0 0 1 
27844314100041;0.240913;0.184672;9;0.986742 -0.0249349 -0.160368 -0.231852 0.0154361 0.998067 -0.0602072 -0.00271478 0.161559 0.0569336 0.985219 1.88602 0 0 0 1 
27844314100042;1.10623;0.767753;9;0.999682 -0.00837326 -0.0237924 0.124354 0.00958033 0.998649 0.051081 -0.243217 0.0233325 -0.0512927 0.998411 -0.876994 0 0 0 1 
27844314100043;0.537176;0.442179;11;0.951908 0.0220722 0.305589 -0.305155 -0.107823 0.957731 0.266693 -1.00644 -0.286786 -0.286817 0.914051 -3.39472 0 0 0 1 
27844314100044;0.682374;0.382128;10;0.991166 -0.00777492 0.1324 0.258074 0.0260973 0.990197 -0.137221 0.00872588 -0.130035 0.139464 0.981652 -1.07657 0 0 0 1 
27844314100045;0.577329;0.348152;9;0.996648 -0.0143945 -0.0805318 -0.0343895 0.0105478 0.998792 -0.0479899 0.176076 0.0811253 0.0469796 0.995596 -0.031957 0 0 0 1 
27844314100046;0.842689;0.612236;11;0.978276 0.0225591 -0.206077 -0.816328 0.00634643 0.990337 0.138539 0.00564763 0.207211 -0.136837 0.968679 3.46666 0 0 0 1 
27844314100047;0.331521;0.324252;9;0.99973 0.00252321 0.0231078 -0.0199296 -0.00189075 0.999624 -0.0273511 -0.0105424 -0.0231681 0.0273 0.999359 -0.255544 0 0 0 1 
27844314100048;0.326512;0.247032;9;0.999706 -0.00478382 0.0237798 0.085106 0.00618824 0.998219 -0.0593409 -0.0154127 -0.0234535 0.0594706 0.997954 -0.0603039 0 0 0 1 
27844314100049;0.286094;0.159313;10;0.987205 0.00489627 -0.159382 -0.352195 0.000687535 0.999388 0.0349601 -0.00148214 0.159456 -0.0346224 0.986598 1.62395 0 0 0 1 
27844314100050;1.23172;0.870921;9;0.999817 0.00476686 -0.0185326 -0.205162 -0.00445826 0.999851 0.0166577 0.278908 0.0186093 -0.016572 0.999689 1.82664 0 0 0 1 
27844314100051;0.428034;0.170075;9;0.999725 -0.00396699 -0.0230978 -0.0427816 0.00357886 0.999852 -0.016821 -0.00579463 0.0231611 0.0167338 0.999592 1.11283 0 0 0 1 
27844314100052;1.33827;0.913531;10;0.99957 -0.00411711 -0.0290464 0.226692 0.00752319 0.992967 0.118148 -0.21487 0.0283557 -0.118316 0.992571 -1.02252 0 0 0 1 
27844314100053;1.32669;0.769673;12;0.970491 -0.00554711 0.241074 0.283145 -0.0313065 0.988376 0.148773 -0.347375 -0.239097 -0.15193 0.959036 -0.322211 0 0 0 1 
27844314100054;0.560805;0.227414;10;0.990621 -0.00266012 0.136613 0.0776541 -0.00432521 0.998699 0.0508101 -0.2044 -0.13657 -0.0509244 0.989321 -0.427604 0 0 0 1 
27844314100055;0.956315;0.830584;9;0.999155 -0.00165702 0.0410754 0.0308614 0.00416256 0.99813 -0.0609884 0.180171 -0.0408975 0.0611078 0.997293 0.289829 0 0 0 1 
27844314100056;1.36899;1.04513;10;0.998171 -0.0149175 0.0585798 0.17089 0.0222718 0.991656 -0.126973 -0.213931 -0.0561969 0.128046 0.990175 0.0217714 0 0 0 1 
27844314100057;0.0905846;0.0504549;9;0.9908 -0.00367299 0.135286 0.0338857 0.00462914 0.999966 -0.00675371 -0.0364495 -0.135256 0.00731783 0.990784 -1.64789 0 0 0 1 
27844314100058;0.707405;0.194725;9;0.999767 0.018168 0.0116691 0.0707849 -0.0181542 0.999834 -0.00128829 -0.000170408 -0.0116906 0.00107614 0.999931 -1.4816 0 0 0 1 
27844314100059;0.65531;0.218891;10;0.892065 0.0098212 0.4518 -1.1701 -0.0645543 0.99228 0.10589 -0.905045 -0.447272 -0.123627 0.885813 -6.20754 0 0 0 1 
27844314100060;1.27536;0.46276;10;0.9816 0.0169904 0.190194 0.0572804 -0.00560902 0.998169 -0.0602202 -0.626995 -0.190869 0.0580454 0.979898 -4.85998 0 0 0 1 
27844314100062;0.6633;0.485832;9;0.999973 -0.00727646 -0.000383639 -0.209875 0.00725856 0.99936 -0.0350225 -0.0100768 0.000638234 0.0350188 0.999386 0.509248 0 0 0 1 
27844314100063;1.6099;0.112847;10;0.994394 0.00723521 -0.105494 0.268515 -0.00844143 0.999904 -0.010992 -0.0928927 0.105405 0.0118209 0.994359 -0.416043 0 0 0 1 
27844314100064;1.94982;1.79143;9;0.998605 0.002224 0.05275 0.173205 0.000182967 0.998961 -0.045581 -0.0168527 -0.0527966 0.0455271 0.997567 1.32725 0 0 0 1 
27844314100065;1.77485;0.751776;10;0.989437 0.0240213 0.142957 0.949296 -0.0786086 0.917497 0.389898 -2.99254 -0.121797 -0.397017 0.909694 -15.9415 0 0 0 1 
27844314100066;1.08018;0.525379;10;0.997391 0.0161836 0.0703455 0.841942 -0.0200822 0.99828 0.0550715 -0.233901 -0.0693333 -0.0563405 0.996001 -3.90964 0 0 0 1 
27844314100067;1.0783;0.51219;9;0.999477 -0.00439166 0.0320244 -0.164384 0.00395987 0.999901 0.0135341 0.161718 -0.0320806 -0.0134002 0.999395 0.368168 0 0 0 1 
27844314100068;0.329721;0.291832;9;0.99989 0.0123922 0.00810756 0.418848 -0.0126004 0.999578 0.0261563 -0.0666576 -0.00778001 -0.0262556 0.999625 -1.06486 0 0 0 1 
27844314100069;0.992581;0.817925;11;0.917866 -0.0122664 0.396702 -0.089055 0.0410543 0.997095 -0.064158 0.239979 -0.394762 0.0751748 0.915703 -4.00287 0 0 0 1 
27844314100070;1.68809;1.13659;10;0.999744 0.00496693 -0.0220666 -0.0854273 -0.00444065 0.999706 0.0238348 0.00831677 0.0221785 -0.0237307 0.999472 1.29205 0 0 0 1 
27844314100071;2.20263;0.952931;10;0.986902 0.0365013 -0.157135 0.918387 0.0046822 0.967173 0.254075 -0.563552 0.161251 -0.251483 0.954335 -8.12874 0 0 0 1 
27844314100072;0.844195;0.19546;10;0.918867 -0.0267544 -0.393659 -3.23555 -0.0255503 0.99157 -0.127029 -1.04394 0.393739 0.126781 0.910437 9.99606 0 0 0 1 
27844314100073;1.02691;0.601246;10;0.999383 0.0087935 0.0339908 0.238225 -0.014233 0.986479 0.163269 0.290299 -0.0320955 -0.163652 0.985996 -4.31389 0 0 0 1 
27844314100074;0.384882;0.334941;10;0.998269 0.00656742 0.058448 0.31387 -0.0162222 0.985944 0.166285 -0.124883 -0.0565344 -0.166945 0.984344 -6.08858 0 0 0 1 
27844314100075;1.31596;0.605711;11;0.99782 0.00217312 -0.0659581 0.119367 -0.00412111 0.999559 -0.0294122 -0.114589 0.0658651 0.0296199 0.997389 0.207613 0 0 0 1 
27844314100076;1.20785;1.18176;8;0.999911 -0.00246166 0.0131438 -0.0449305 0.00224804 0.999866 0.0162428 0.108941 -0.013182 -0.0162118 0.999782 -0.679848 0 0 0 1 
27844314100077;1.66098;0.453009;10;0.998029 0.0204986 -0.0593117 0.75354 -0.0155579 0.996462 0.082594 -0.258515 0.0607949 -0.0815084 0.994817 -3.81912 0 0 0 1 
27844314100078;1.89852;1.64752;9;0.999995 -0.000755891 -0.0029071 0.0598655 0.000739879 0.999985 -0.00550487 0.142792 0.00291122 0.00550269 0.999981 -0.830533 0 0 0 1 
27844314100079;1.7021;1.5527;9;0.996509 0.00582547 0.0832765 0.376545 -0.0152686 0.993453 0.113212 -0.10631 -0.0820718 -0.114089 0.990075 -3.8746 0 0 0 1 
27844314100080;1.10438;0.481622;10;0.972144 -0.00967041 0.234187 -0.130769 -0.00883265 0.996927 0.0778324 -0.0348048 -0.23422 -0.0777328 0.969071 -6.92654 0 0 0 1 
27844314100081;0.430079;0.40563;8;0.999978 -0.00655592 0.000950627 -0.229112 0.0065669 0.999906 -0.0120519 0.0883923 -0.000871526 0.0120579 0.999927 0.366121 0 0 0 1 
27844314100082;1.95213;1.45635;10;0.999166 0.022319 0.0341915 0.606604 -0.0327708 0.937868 0.345442 -0.819339 -0.0243572 -0.346274 0.937817 -9.59008 0 0 0 1 
27844314100083;0.583263;0.225942;10;0.965868 0.00440206 0.258996 0.371088 -0.0253399 0.996666 0.0775599 -0.128352 -0.257791 -0.0814756 0.962759 -6.69981 0 0 0 1 
27844314100084;0.503644;0.465854;10;0.990987 -0.00243413 0.133937 0.191405 -0.0320404 0.966508 0.254629 -0.649934 -0.130071 -0.256626 0.957719 -10.0187 0 0 0 1 
27844314100085;0.720603;0.459048;10;0.997843 0.024101 0.0610559 0.961106 -0.0380914 0.970127 0.239587 -0.79163 -0.0534577 -0.241396 0.968953 -8.82713 0 0 0 1 
27844314100086;1.70425;1.38538;11;0.995985 0.0464352 -0.0765315 1.1473 -0.0195945 0.947295 0.319764 -0.876922 0.0873462 -0.316981 0.944401 -9.55535 0 0 0 1 
27844314100087;1.08193;0.872021;9;0.978149 -0.0320137 -0.205425 -1.71512 0.00477179 0.99127 -0.13176 -0.53939 0.20785 0.127901 0.969763 5.88497 0 0 0 1 
27844314100088;1.41218;0.814065;9;0.998101 -0.0123085 0.0603608 -0.383389 0.0176298 0.995926 -0.0884346 -0.0734435 -0.0590264 0.0893308 0.994251 3.43027 0 0 0 1 
27844314100089;0.394008;0.321692;9;0.998563 0.00474887 -0.0533741 -0.0991667 -0.00539833 0.999913 -0.0120306 -0.076297 0.0533123 0.0123014 0.998502 1.05365 0 0 0 1 
27844314100090;1.35838;0.70803;10;0.990562 -0.0422979 -0.130372 -1.39736 0.00667645 0.964952 -0.262341 -1.41028 0.1369 0.258994 0.956128 8.34057 0 0 0 1 
27844314100091;1.04859;1.05025;10;0.999427 0.00203845 -0.0337932 -0.0858892 0.000408345 0.997387 0.0722404 0.195724 0.0338522 -0.0722128 0.996815 -1.84493 0 0 0 1 
27844314100093;0.967031;0.495526;9;0.995043 -0.0311533 -0.0944402 -3.19181 0.0179503 0.990331 -0.137555 -0.744071 0.0978124 0.135178 0.985982 17.4238 0 0 0 1 
27844314100094;1.92323;0.185133;10;0.972301 0.0591929 -0.226111 3.52246 -0.0133167 0.979858 0.199251 -0.953236 0.233351 -0.190721 0.953506 -8.24009 0 0 0 1 
27844314100095;0.873202;0.488714;9;0.992314 -0.00810537 0.123477 -0.14343 -0.03347 0.943077 0.330886 -5.21487 -0.11913 -0.332475 0.935558 -35.9068 0 0 0 1 
27844314100096;0.430323;0.436961;9;0.989092 0.0423097 -0.141095 3.25091 -0.0414665 0.9991 0.00891237 -1.29811 0.141345 -0.00296444 0.989956 4.57287 0 0 0 1 
27844314100097;1.73872;0.145;22;0.999323 0.0367501 -0.00152225 4.58034 -0.0367365 0.999292 0.00813087 0.0801985 0.00181999 -0.00806945 0.999966 0.723374 0 0 0 1 
27844314100098;0.721991;0.35014;8;0.999862 0.0147299 0.00769555 1.55317 -0.0156967 0.989138 0.146148 -1.04106 -0.00545922 -0.146249 0.989233 -13.6037 0 0 0 1 
27844314100099;0.836004;0.640226;9;0.997994 -0.0495455 -0.0394211 -5.26231 0.0518598 0.996849 0.0600283 1.65017 0.0363228 -0.0619522 0.997418 -4.95094 0 0 0 1 
27844314100100;2.4061;0.252806;13;0.999718 -0.0215075 -0.0100546 -1.88462 0.0234368 0.961668 0.273211 -0.792597 0.00379305 -0.27337 0.961901 -23.6983 0 0 0 1 
27844314100101;0.366989;0.482105;9;0.99967 0.0232658 -0.010862 2.3404 -0.0170319 0.917422 0.397552 -6.92129 0.0192144 -0.397236 0.917515 -38.1303 0 0 0 1 
27844314100102;1.52564;1.19988;9;0.974571 -0.044458 0.219626 -4.38114 0.0959611 0.968503 -0.229768 -1.03955 -0.202494 0.245001 0.948141 16.7027 0 0 0 1 
27844314100103;2.09748;0.329886;9;0.999947 0.000223447 -0.010292 0.576449 -0.000165628 0.999984 0.0056184 -0.123375 0.0102931 -0.00561639 0.999931 -2.55449 0 0 0 1 
27844314100104;0.507469;0.316695;9;0.999131 0.0411425 -0.00666062 4.12832 -0.0410538 0.999073 0.0129496 -1.42014 0.00718722 -0.0126649 0.999894 -1.51688 0 0 0 1 
27844314100105;1.7041;1.88884;8;0.999156 -0.0294044 0.0286886 -2.50128 0.033692 0.986099 -0.162707 -0.808972 -0.0235055 0.163536 0.986257 14.8146 0 0 0 1 
27844314100106;0.621555;0.307283;11;0.975512 0.0257468 -0.218433 1.31084 -0.00505579 0.995487 0.0947596 -0.383507 0.219887 -0.0913348 0.97124 -1.56284 0 0 0 1 
27844314100107;0.153647;0.212512;13;0.997269 -0.0733093 -0.00900553 -7.16676 0.0733041 0.997309 -0.000905898 2.46899 0.00904771 0.000243281 0.999959 0.342115 0 0 0 1 
27844314100108;1.53872;0.198911;20;0.998822 0.0297238 -0.0383603 3.88014 -0.0346808 0.990128 -0.135808 -1.58963 0.0339449 0.136978 0.989992 15.8108 0 0 0 1 
27844314100109;1.60611;0.540505;12;0.999302 -0.0178941 -0.0327966 -2.34987 0.0201027 0.997462 0.0682972 0.373905 0.0314912 -0.0689089 0.997126 -7.07339 0 0 0 1 
27844314100110;2.36031;0.95647;16;0.999831 0.0181202 -0.00294869 2.60665 -0.0183162 0.995475 -0.0932409 -2.06021 0.00124581 0.0932792 0.995639 11.1149 0 0 0 1 
27844314100111;0.227132;0.165513;9;0.968114 0.0434447 -0.246713 2.18608 0.00446666 0.981697 0.190399 -0.765725 0.250469 -0.18543 0.950201 -9.33351 0 0 0 1 
27844314100112;2.20462;1.98827;9;0.999087 -0.0391163 -0.0171541 -3.75065 0.0322008 0.953655 -0.299174 -4.168 0.0280617 0.298349 0.954044 28.7102 0 0 0 1 
27844314100113;2.4063;0.229091;13;0.994312 -0.066806 0.0829476 -6.15542 0.0792631 0.984358 -0.157344 0.379337 -0.0711386 0.163023 0.984054 16.2052 0 0 0 1 
27844314100114;0.335195;0.193151;9;0.980595 -0.0422122 0.191448 -4.08068 0.0592656 0.994681 -0.0842412 1.36856 -0.186874 0.0939527 0.977881 2.2841 0 0 0 1 
27844314100115;1.83608;1.31552;8;0.999998 -0.000246119 0.00220644 0.530051 0.000207804 0.999849 0.0173487 0.325688 -0.00221038 -0.0173482 0.999847 -1.41237 0 0 0 1 
27844314100116;1.89876;1.52963;9;0.977905 -0.0205262 0.20804 -1.58028 0.00277596 0.996355 0.0852568 0.40013 -0.209032 -0.0827955 0.974398 -14.0162 0 0 0 1 
27844314100117;2.29451;0.521469;9;0.991618 0.0389213 -0.123204 2.83846 -0.00594635 0.966287 0.2574 -1.96874 0.129068 -0.25451 0.958418 -17.744 0 0 0 1 
27844314100118;2.1601;2.17029;8;0.999843 -0.00971574 0.0147966 -0.70234 0.0100378 0.999711 -0.0218486 0.386944 -0.0145801 0.0219937 0.999652 1.99421 0 0 0 1 
27844314100119;1.47956;0.652603;9;0.999908 0.0135251 -0.00141277 1.87651 -0.0134415 0.998752 0.0481087 -0.546284 0.00206168 -0.0480853 0.998841 -5.80838 0 0 0 1 
27844314100120;0.852594;0.537245;9;0.97824 -0.0257413 -0.205873 -3.71344 -0.0186405 0.977356 -0.210777 -3.77187 0.206637 0.210028 0.955609 28.3984 0 0 0 1 
27844314100121;1.87824;0.701116;9;0.998104 -0.00135099 0.0615365 0.504842 2.59654e-05 0.999768 0.021528 -0.0345351 -0.0615513 -0.0214856 0.997873 -6.31399 0 0 0 1 
27844314100122;1.73464;0.225655;24;0.969494 -0.0159321 -0.244595 -1.72217 0.013531 0.999842 -0.0114943 1.54989 0.24474 0.007834 0.969557 8.45075 0 0 0 1 
27844314100124;0.405551;0.180114;14;0.997305 -0.0566385 -0.0466387 -4.95943 0.0613199 0.992477 0.105967 2.01879 0.040286 -0.108541 0.993275 -7.83269 0 0 0 1 
27844314100125;0.438401;0.179289;15;0.907091 -0.0966454 0.40969 -10.8956 0.144155 0.985756 -0.0866331 3.3693 -0.395482 0.137643 0.908102 -1.93984 0 0 0 1 
27844314100126;1.24567;0.183216;37;0.978085 -0.202819 -0.0470578 -20.0209 0.199126 0.977242 -0.0731181 2.85549 0.0608166 0.0621453 0.996212 6.89785 0 0 0 1 
27844314100127;1.48846;0.611075;10;0.999532 0.00260224 -0.0304657 -0.699639 -0.000569094 0.997783 0.0665549 -0.428058 0.0305714 -0.0665064 0.997318 -2.35179 0 0 0 1 
27844314100128;1.19785;0.172558;11;0.99682 -0.0156024 -0.0781458 -1.99005 0.0111723 0.998323 -0.0568096 0.283575 0.0789011 0.0557558 0.995322 5.77656 0 0 0 1 
27844314100129;1.23822;0.161367;29;0.989255 0.145825 0.0104753 10.6895 -0.144769 0.987052 -0.0690607 -7.15038 -0.0204105 0.0668022 0.997557 6.42031 0 0 0 1 
27844314100130;0.532996;0.2199;12;0.982198 0.00454405 -0.187793 -0.829917 -0.0441668 0.977268 -0.207355 -3.88589 0.182582 0.211958 0.960072 24.559 0 0 0 1 
27844314100131;0.768744;0.175548;25;0.984787 0.17243 -0.0215213 14.5374 -0.164231 0.964037 0.208953 -8.68838 0.0567772 -0.20224 0.977689 -14.8167 0 0 0 1 
27844314100132;0.304449;0.178948;11;0.990104 0.0512248 -0.130651 3.36327 -0.0260973 0.981969 0.187233 -2.01084 0.137886 -0.18197 0.973588 -11.5969 0 0 0 1 
27844314100133;0.242712;0.183258;11;0.971549 -0.10075 -0.214341 -10.9487 0.0255152 0.944266 -0.328193 -5.4262 0.23546 0.313387 0.919971 35.8507 0 0 0 1 
27844314100134;1.30166;0.186099;14;0.97124 0.0433361 0.234128 3.37942 -0.0400635 0.999022 -0.0187183 -1.44122 -0.23471 0.00879998 0.972026 -9.42085 0 0 0 1 
27844314100135;0.261851;0.172613;16;0.993182 -0.102044 0.0563675 -9.00839 0.0998713 0.994192 0.0401114 3.25356 -0.0601333 -0.0342084 0.997604 -4.90008 0 0 0 1 
27844314100136;1.42144;0.209424;24;0.991486 0.129961 0.00808522 10.9663 -0.128554 0.986849 -0.0979954 -7.58368 -0.0207145 0.0961217 0.995154 9.58085 0 0 0 1 
27844314100137;1.20547;0.507373;8;0.997214 -0.0536084 0.0518655 -5.23094 0.0682555 0.936255 -0.344626 -5.20852 -0.0300845 0.347206 0.937306 31.0742 0 0 0 1 
27844314100138;0.244336;0.170174;12;0.993656 0.0307444 -0.108182 1.98434 -0.0502519 0.981918 -0.182513 -4.11689 0.100615 0.186791 0.977234 19.7543 0 0 0 1 
27844314100139;1.59431;0.175139;26;0.998931 -0.0462176 0.000306318 -3.24765 0.0462128 0.998889 0.00928112 -0.642859 -0.000734928 -0.00925704 0.999957 -1.85633 0 0 0 1 
27844314100140;0.22734;0.186535;15;0.995191 -0.0968139 0.0148761 -8.84146 0.0970642 0.995131 -0.0171384 3.10469 -0.0131444 0.0184999 0.999742 1.3206 0 0 0 1 
27844314100141;0.358346;0.199362;24;0.953556 -0.213136 -0.212846 -21.4218 0.170292 0.964316 -0.202717 2.15908 0.248458 0.157056 0.955825 22.2417 0 0 0 1 
27844314100142;0.117962;0.178234;19;0.994917 0.0990195 0.0183254 8.47259 -0.0979429 0.993808 -0.0524628 -4.20488 -0.0234068 0.0504013 0.998455 3.7945 0 0 0 1 
27844314100143;1.8568;1.7457;8;0.999928 0.00403677 0.0112739 0.405063 -0.00275491 0.993762 -0.111485 -1.70096 -0.0116536 0.111446 0.993702 9.57535 0 0 0 1 
27844314100144;0.573265;0.193482;14;0.98744 -0.0021311 -0.157981 -1.90775 0.00540683 0.999779 0.0203081 0.766932 0.157903 -0.0209072 0.987233 3.6311 0 0 0 1 
27844314100145;0.564902;0.624058;9;0.993346 -0.0512007 -0.103164 -5.45259 0.0370089 0.990146 -0.135062 -0.29176 0.109062 0.130345 0.985452 15.5221 0 0 0 1 
27844314100146;0.457208;0.164358;10;0.999689 0.014958 0.0199376 1.09035 -0.0156151 0.999326 0.0332219 -0.524653 -0.0194272 -0.0335229 0.999249 -2.68375 0 0 0 1 
27844314100147;0.839697;0.155629;15;0.994481 -0.0440277 -0.0952314 -5.47185 0.0544396 0.992478 0.109655 1.75597 0.0896871 -0.114235 0.989397 -8.01865 0 0 0 1 
27844314100148;1.27087;0.181076;21;0.99933 -0.000165936 0.0366001 -1.59582 0.00619387 0.986333 -0.164646 -3.14042 -0.0360725 0.164762 0.985673 13.4278 0 0 0 1 
27844314100149;0.814525;0.24595;18;0.993548 0.00274995 0.113381 -0.424314 0.0545246 0.865016 -0.498773 -11.3004 -0.0994482 0.501737 0.859285 41.1706 0 0 0 1 
27844314100150;1.30625;1.00668;9;0.996606 -0.0233618 0.0789361 -2.43546 0.046108 0.952776 -0.300153 -3.82186 -0.0681962 0.302774 0.950619 23.5033 0 0 0 1 
27844314100151;1.21483;0.757134;13;0.986269 -0.0809341 0.143956 -7.36103 0.0825627 0.996571 -0.00536552 2.96265 -0.143028 0.0171773 0.98957 -2.12765 0 0 0 1 
27844314100152;0.850848;1.04549;12;0.979731 -0.0161976 0.199664 -2.20534 0.068024 0.964399 -0.255551 -2.03247 -0.188416 0.263953 0.945954 16.451 0 0 0 1 
27844314100153;1.33869;0.191592;30;0.985977 0.14302 0.0859918 10.3567 -0.144846 0.989335 0.0153423 -6.96177 -0.0828805 -0.0275827 0.996178 -5.79789 0 0 0 1 
27844314100155;1.31103;1.2781;9;0.997588 -0.0475329 -0.0505832 -2.45045 0.0368617 0.980272 -0.194184 -0.820448 0.0588154 0.191851 0.97966 10.2652 0 0 0 1 
27844314100156;0.173499;0.209738;10;0.999654 -0.0120544 -0.0233708 -0.856731 0.0124652 0.999769 0.017512 0.546622 0.0231543 -0.0177972 0.999573 -0.421206 0 0 0 1 
27844314100157;1.77732;0.770689;10;0.994668 0.0138061 -0.1022 -0.0583305 -0.00354614 0.994991 0.0998998 0.594171 0.103067 -0.0990047 0.989735 -3.67549 0 0 0 1 
27844314100158;2.31932;0.192169;17;0.975189 0.08196 -0.205641 1.42083 0.0211915 0.890109 0.455255 -0.841126 0.220356 -0.448317 0.866288 -14.8428 0 0 0 1 
27844314100159;1.17995;0.206768;12;0.996793 0.0478992 -0.0641107 1.83843 -0.0428533 0.99604 0.077892 -0.806975 0.0675878 -0.0748948 0.994898 -3.25885 0 0 0 1 
27844314100160;1.94121;0.498077;11;0.981205 -0.0343369 -0.189889 -2.77963 0.0395773 0.998931 0.0238732 1.44813 0.188867 -0.0309398 0.981515 4.70686 0 0 0 1 
27844314100161;0.541664;0.502845;12;0.9921 0.0207593 -0.123723 0.0244521 -0.0350415 0.992816 -0.114405 -1.41923 0.120459 0.117836 0.9857 8.57977 0 0 0 1 
27844314100162;1.51732;0.917246;13;0.997485 -0.0616843 -0.0349025 -3.50689 0.0616283 0.998096 -0.00268082 2.11316 0.0350014 0.000523098 0.999387 1.39177 0 0 0 1 
27844314100163;1.36524;1.17387;18;0.99397 -0.10459 -0.0329203 -5.63205 0.102734 0.993255 -0.053763 2.03851 0.0383213 0.0500568 0.998011 2.55057 0 0 0 1 
27844314100164;0.587208;0.341251;11;0.998895 -0.0459534 -0.00980124 -2.43058 0.0464276 0.997383 0.0554181 1.55968 0.00722894 -0.0558119 0.998415 -1.92204 0 0 0 1 
27844314100165;1.53313;0.26471;24;0.999298 0.0372226 -0.00424554 2.13224 -0.0371156 0.999047 0.0229866 -1.72567 0.00509711 -0.0228128 0.999727 0.141086 0 0 0 1 
27844314100166;0.330265;0.393812;9;0.996823 -0.055339 -0.0572763 -3.04451 0.0492183 0.993437 -0.103251 0.525964 0.0626141 0.100104 0.993005 6.20287 0 0 0 1 
27844314100167;0.903395;0.483767;9;0.998046 -0.0326302 0.0532797 -1.28864 0.0421203 0.981255 -0.188053 -0.810929 -0.0461448 0.18993 0.980713 6.95331 0 0 0 1 
27844314100168;2.432;0.282072;19;0.995139 -0.0381938 0.0907677 -1.60299 0.0360365 0.99903 0.0252885 0.287747 -0.0916456 -0.0218947 0.995551 -0.509104 0 0 0 1 
27844314100169;1.16953;0.989359;10;0.938661 0.0315773 0.343392 1.55296 0.0787105 0.949893 -0.302504 -2.00987 -0.335738 0.310977 0.889142 6.64875 0 0 0 1 
27844314100170;0.524881;0.259294;17;0.981548 -0.0495265 -0.184691 -3.34138 0.0713775 0.990959 0.113605 1.42712 0.177395 -0.124691 0.976209 -1.85151 0 0 0 1 
27844314100171;2.35705;0.273992;32;0.96144 0.095263 0.25799 3.87924 -0.0554004 0.985947 -0.157603 -1.60509 -0.269379 0.137233 0.953206 -2.28256 0 0 0 1 
27844314100172;0.422262;0.211236;14;0.997257 0.0185912 -0.0716401 0.135672 -0.0140323 0.997875 0.0636221 0.424455 0.0726707 -0.0624423 0.995399 -1.32039 0 0 0 1 
27844314100173;0.404553;0.274904;9;0.997586 -0.0194503 -0.0666565 -1.26351 0.0269211 0.993221 0.113083 0.651183 0.0640051 -0.114604 0.991347 -3.77429 0 0 0 1 
27844314100174;0.99992;0.574033;9;0.999425 0.0281469 -0.0189139 0.843586 -0.027157 0.998345 0.0507026 -0.264335 0.0203097 -0.0501597 0.998535 -2.36477 0 0 0 1 
27844314100175;0.837078;0.271284;21;0.999007 0.0428177 -0.0122887 1.60553 -0.0425194 0.998817 0.0235862 0.0989697 0.013284 -0.0230403 0.999646 -1.05423 0 0 0 1 
27844314100176;0.793248;0.574457;10;0.997932 -0.00744198 -0.0638419 -0.905486 -0.0135398 0.946645 -0.321995 -4.01597 0.0628319 0.322193 0.944586 16.8753 0 0 0 1 
27844314100177;2.13358;0.210221;13;0.99993 -0.00551058 -0.0104791 -0.266494 0.00567073 0.999867 0.015315 0.496944 0.0103933 -0.0153734 0.999828 -2.832 0 0 0 1 
27844314100178;1.06641;1.12918;9;0.998186 -0.024764 -0.0548751 -1.49706 0.0242991 0.999663 -0.00912351 0.503955 0.0550826 0.00777354 0.998452 1.45221 0 0 0 1 
27844314100179;2.46162;0.547819;12;0.964843 -0.0266418 -0.261472 -2.78961 -0.0123882 0.989133 -0.146497 -0.515159 0.262534 0.144586 0.954029 10.1557 0 0 0 1 
27844314100180;2.13141;1.53436;9;0.965298 0.0502605 0.25627 2.19247 -0.105512 0.972707 0.206662 -3.12553 -0.238889 -0.22653 0.944254 -16.6947 0 0 0 1 
27844314100181;0.683715;0.470074;10;0.999565 0.0251218 0.0154537 1.0482 -0.0258456 0.998485 0.048572 -0.205928 -0.01421 -0.0489503 0.9987 -1.95995 0 0 0 1 
27844314100182;1.078;0.253866;25;0.982042 -0.0772613 0.17212 -3.23996 0.0653072 0.995112 0.0740723 1.38775 -0.177001 -0.0615014 0.982287 -5.77097 0 0 0 1 
27844314100183;1.04239;0.422882;10;0.909949 -0.0522742 0.411412 -2.6686 -0.0414873 0.975574 0.215717 -0.779511 -0.412639 -0.21336 0.885554 -18.71 0 0 0 1 
27844314100184;1.3844;0.262928;28;0.983957 -0.0286414 0.17609 -0.800774 0.0120645 0.995452 0.0944981 -0.773513 -0.177996 -0.0908577 0.979828 -8.54572 0 0 0 1 
27844314100186;0.793481;0.194013;14;0.972335 0.112284 -0.204836 5.9107 -0.0616073 0.969114 0.238793 -2.74752 0.225322 -0.219567 0.949221 -7.05058 0 0 0 1 
27844314100187;1.90684;0.21726;20;0.996283 0.0856766 0.00895331 6.4459 -0.0854007 0.995963 -0.0276353 -2.53708 -0.0112849 0.026768 0.999578 2.88904 0 0 0 1 
27844314100188;0.899725;0.407071;9;0.910925 -0.000190011 0.412572 -0.939779 -0.0177398 0.999057 0.0396283 -0.581077 -0.41219 -0.0434173 0.910063 -17.9607 0 0 0 1 
27844314100189;2.92803;2.7066;9;0.996247 -0.0272131 -0.0821714 -2.40209 0.0173014 0.992742 -0.119008 -0.822841 0.0848136 0.11714 0.989487 11.0026 0 0 0 1 
27844314100190;2.25734;1.55678;11;0.998837 0.034718 -0.0334507 2.59046 -0.0400227 0.98396 -0.173839 -3.55471 0.0268788 0.174976 0.984206 13.6247 0 0 0 1 
27844314100191;2.96618;1.06086;9;0.988054 -0.0292727 0.151304 -1.3881 0.0852018 0.921862 -0.378036 -5.35802 -0.128416 0.386412 0.913343 23.8267 0 0 0 1 
27844314100192;2.51273;1.86936;9;0.932213 -0.0351475 -0.360199 -5.95331 -0.000896294 0.995046 -0.0994142 -1.13436 0.361909 0.092998 0.927563 18.1446 0 0 0 1 
27844314100193;1.47826;0.901898;9;0.9952 0.0231508 -0.0950811 1.10555 -0.0183374 0.998521 0.0511898 -0.471834 0.0961255 -0.0492005 0.994153 0.718896 0 0 0 1 
27844314100194;2.31253;1.40373;9;0.969713 0.031476 -0.242209 -0.42469 -0.0230065 0.999024 0.0377175 -0.447096 0.24316 -0.0310028 0.969491 7.23694 0 0 0 1 
27844314100195;2.39108;0.261727;28;0.980509 -0.178658 -0.0817529 -12.0242 0.14621 0.941448 -0.303807 -0.1745 0.131244 0.285933 0.949219 21.675 0 0 0 1 
27844314100196;0.463067;0.443799;9;0.995662 0.0204083 0.0907823 2.01635 -0.0254072 0.998204 0.0542543 -0.785992 -0.089512 -0.0563254 0.994392 -7.0198 0 0 0 1 
27844314100197;2.03095;1.95845;9;0.994561 -0.0538855 -0.0891335 -4.10863 0.043056 0.991931 -0.119247 0.1258 0.09484 0.11476 0.988856 9.99009 0 0 0 1 
27844314100198;1.85236;0.915618;10;0.986901 -0.0240574 -0.159524 -2.35055 0.0309237 0.998693 0.0407001 0.869218 0.158337 -0.0451001 0.986355 3.19697 0 0 0 1 
27844314100199;0.504668;0.501967;12;0.996739 -0.0627006 -0.0507851 -4.33432 0.0688015 0.989258 0.128977 1.86557 0.0421526 -0.13205 0.990346 -8.14917 0 0 0 1 
27844314100200;2.93423;1.0569;10;0.998839 -0.047187 0.00972951 -2.91013 0.0479322 0.993676 -0.101538 0.73084 -0.00487671 0.101886 0.994784 4.06363 0 0 0 1 
27844314100201;1.21539;0.456579;10;0.988767 0.0177239 0.148412 1.62749 -0.0449257 0.982271 0.182003 -2.2504 -0.142555 -0.186626 0.972033 -18.5537 0 0 0 1 
27844314100202;1.66781;0.278995;9;0.949477 0.0647928 -0.307076 0.804199 -0.0311488 0.993081 0.113227 -0.589179 0.312287 -0.0979417 0.944925 4.85287 0 0 0 1 
27844314100203;0.429271;0.677678;10;0.932052 -0.0747112 0.354537 -5.31735 -0.0161216 0.968989 0.246577 -1.7948 -0.361965 -0.235538 0.901944 -28.8703 0 0 0 1 
27844314100204;0.64969;0.891672;10;0.922878 0.044672 -0.382493 -1.08291 0.0355332 0.979133 0.200089 0.469629 0.38345 -0.198249 0.902033 -1.53356 0 0 0 1 
27844314100205;2.89316;2.38304;9;0.995981 -0.00524721 -0.0894085 -0.610167 0.00148498 0.999113 -0.0420939 -0.454852 0.08955 0.0417919 0.995105 4.51007 0 0 0 1 
27844314100206;1.28236;0.284164;21;0.996642 -0.0494842 0.0652386 -2.46654 0.0602094 0.982848 -0.17431 -1.07585 -0.055494 0.177653 0.982527 10.0319 0 0 0 1 
27844314100207;1.92404;0.831264;10;0.978133 0.0770324 -0.193191 3.61132 -0.0594521 0.99368 0.0952096 -1.82419 0.199304 -0.081642 0.976531 2.60085 0 0 0 1 
27844314100208;1.88311;0.451169;10;0.918408 0.0278867 0.394651 1.42206 0.0382312 0.986589 -0.158683 -0.253075 -0.393784 0.160824 0.905025 -4.51117 0 0 0 1 
27844314100209;2.33052;0.369111;10;0.997948 0.0595962 0.0234304 4.59077 -0.0599686 0.99808 0.0155265 -1.84836 -0.02246 -0.0168997 0.999605 -4.11069 0 0 0 1 
27844314100210;0.530209;0.509449;9;0.994872 -0.0260432 0.0977282 -1.36244 0.0343884 0.995813 -0.0847032 0.331852 -0.095113 0.0876295 0.991602 2.30756 0 0 0 1 
27844314100211;2.44996;1.05927;9;0.997957 0.0239691 -0.0592222 1.3249 -0.0250209 0.999541 -0.0170824 -0.870189 0.0587856 0.0185293 0.998099 5.25049 0 0 0 1 
27844314100212;2.84301;0.72285;21;0.99198 0.110132 -0.0620279 7.65965 -0.114259 0.991159 -0.0674518 -3.86156 0.0540509 0.0739981 0.995793 4.21716 0 0 0 1 
27844314100213;1.50297;0.337216;26;0.998094 0.0527123 0.032088 4.90298 -0.0465136 0.984315 -0.170175 -4.13217 -0.040555 0.168358 0.984891 10.3166 0 0 0 1 
27844314100214;0.564234;0.307205;17;0.986782 -0.101745 0.126134 -6.61237 0.10283 0.994697 -0.0021003 2.90433 -0.125252 0.0150429 0.992011 -2.81221 0 0 0 1 
27844314100215;0.386204;0.476869;9;0.994391 0.00119319 -0.105763 -0.351166 -0.00787931 0.997994 -0.0628229 -0.753712 0.105476 0.0633039 0.992405 7.64841 0 0 0 1 
27844314100217;0.459527;0.722029;9;0.996015 0.0110359 -0.088501 0.084762 -0.0123182 0.999827 -0.0139564 -0.591102 0.0883316 0.0149909 0.995978 2.78499 0 0 0 1 
27844314100218;2.20727;0.202486;9;0.998009 0.0588438 -0.0227091 1.01817 -0.0590039 0.998237 -0.00644281 -2.11735 0.02229 0.0077699 0.999721 3.50125 0 0 0 1 
27844314100219;2.19715;0.451712;10;0.997895 -0.0609092 -0.0222813 -1.27739 0.0601058 0.997574 -0.0351076 1.63994 0.0243657 0.0336944 0.999135 4.03212 0 0 0 1 
27844314100220;1.31114;0.104963;16;0.997639 -0.0198443 -0.0657445 0.536099 0.0181956 0.999507 -0.0255828 -0.501933 0.0662198 0.0243261 0.997508 2.32429 0 0 0 1 
27844314100221;1.65894;1.69704;8;0.99989 0.00558604 0.0137465 0.308375 -0.00602675 0.999462 0.0322301 -0.0704727 -0.013559 -0.0323094 0.999386 -0.502292 0 0 0 1 
27844314100222;1.73745;1.02352;10;0.978564 0.0654926 -0.195254 0.339428 -0.0445382 0.992951 0.109844 -1.37566 0.201072 -0.0987926 0.974582 4.93502 0 0 0 1 
27844314100223;2.40198;1.7384;9;0.99868 0.00788884 -0.050752 0.199338 -0.00812599 0.999957 -0.00446819 -0.126944 0.0507146 0.0048747 0.998701 3.13066 0 0 0 1 
27844314100224;0.843273;0.756464;9;0.998543 0.0461458 -0.0279594 0.739057 -0.0437867 0.995848 0.0798046 -1.24111 0.031526 -0.0784641 0.996418 -0.254634 0 0 0 1 
27844314100225;1.09219;1.3553;8;0.999952 0.00736406 0.00648983 0.585481 -0.00694538 0.998031 -0.0623302 -0.191676 -0.00693605 0.0622822 0.998034 0.994396 0 0 0 1 
27844314100226;2.28577;0.254703;28;0.930917 0.245891 -0.270059 1.51259 -0.175364 0.949534 0.260063 -6.08032 0.320377 -0.194739 0.927057 8.4008 0 0 0 1 
27844314100227;0.739768;0.830378;10;0.989367 0.0600797 -0.132451 0.673724 -0.0560646 0.997853 0.0338408 -1.62416 0.1342 -0.0260552 0.990612 3.79189 0 0 0 1 
27844314100228;0.965544;0.0734013;15;0.99001 0.0867321 -0.111167 1.28234 -0.0827106 0.995758 0.0402991 -2.87319 0.11419 -0.0307018 0.992984 3.84537 0 0 0 1 
27844314100229;0.882458;0.744952;10;0.964294 0.0283222 0.263313 0.939425 0.0184069 0.984693 -0.173323 -0.509703 -0.264192 0.171982 0.949013 -5.90627 0 0 0 1 
27844314100230;0.333053;0.174669;14;0.952097 0.154421 -0.263941 0.261245 -0.0627607 0.943432 0.325571 -1.77542 0.299286 -0.29341 0.907931 3.07636 0 0 0 1 
27844314100231;2.08116;0.0987236;11;0.995265 -0.043468 0.0869413 -0.290731 0.0452987 0.998789 -0.019194 0.996728 -0.0860017 0.0230415 0.996029 0.293866 0 0 0 1 
27844314100232;2.3687;1.88178;9;0.999617 0.008185 -0.026436 -0.119538 -0.00897324 0.999514 -0.0298373 0.0618045 0.026179 0.030063 0.999205 0.171534 0 0 0 1 
27844314100233;0.91161;0.582306;9;0.999447 0.0259609 -0.0207683 0.795993 -0.0255894 0.999511 0.0179577 -0.655616 0.0212244 -0.0174163 0.999623 -0.639737 0 0 0 1 
27844314100234;2.15311;0.664851;9;0.997395 0.000392945 0.0721284 0.864962 -0.00133068 0.999915 0.0129534 0.445039 -0.0721172 -0.0130156 0.997311 -5.12134 0 0 0 1 
27844314100235;1.5865;1.46179;9;0.940149 0.00620658 -0.340707 -3.31992 -0.0220617 0.998845 -0.0426813 -0.847641 0.340049 0.0476434 0.9392 10.785 0 0 0 1 
27844314100236;0.801975;0.741952;8;0.99989 0.00722438 -0.012951 0.537275 -0.00811312 0.997518 -0.0699382 -0.490601 0.0124136 0.0700356 0.997467 1.58662 0 0 0 1 
27844314100237;0.36254;0.122221;20;0.989177 0.131344 -0.0654108 1.65487 -0.128229 0.990496 0.0497539 -3.79004 0.071324 -0.0408278 0.996617 1.5904 0 0 0 1 
27844314100238;0.509991;0.326156;10;0.9952 -0.000800527 -0.0978632 -0.151786 -0.0349431 0.931148 -0.362963 -3.7789 0.0914157 0.364641 0.92665 8.89545 0 0 0 1 
27844314100239;2.45541;1.36522;9;0.999166 0.026371 -0.0311696 0.0674936 -0.025656 0.999403 0.0231207 -0.735582 0.0317607 -0.0223018 0.999247 2.99492 0 0 0 1 
27844314100240;0.531694;0.146815;15;0.996296 -0.0818912 0.0262334 -1.67099 0.0812976 0.996426 0.0229478 2.35525 -0.0280189 -0.0207301 0.999392 -0.734097 0 0 0 1 
27844314100241;1.90316;0.822297;12;0.998641 -0.018668 0.0486497 0.875583 0.0155673 0.99787 0.0633521 1.103 -0.0497288 -0.0625087 0.996805 -4.00134 0 0 0 1 
27844314100242;0.857743;0.182586;10;0.987793 0.0287498 0.153093 1.20426 -0.0330117 0.999133 0.0253693 -0.564315 -0.152231 -0.0301135 0.987886 -4.47667 0 0 0 1 
27844314100243;1.52979;1.82265;10;0.98914 -0.000641607 -0.146974 -0.526352 -0.0063774 0.998861 -0.0472805 -0.23276 0.146837 0.0477044 0.98801 4.92479 0 0 0 1 
27844314100244;1.45043;0.760515;10;0.98625 0.0990046 -0.132322 0.623404 -0.0528362 0.947564 0.315168 -1.04214 0.156586 -0.303843 0.939766 0.159451 0 0 0 1 
27844314100245;0.353496;0.531564;9;0.997647 0.0492306 0.0477158 1.47184 -0.0581524 0.976273 0.208591 -1.30273 -0.0363146 -0.210875 0.976838 -5.00797 0 0 0 1 
27844314100246;0.304746;0.144408;18;0.99445 0.100309 0.0317332 1.7657 -0.0922885 0.976519 -0.194665 -4.24593 -0.0505147 0.190656 0.980356 1.88684 0 0 0 1 
27844314100248;1.91005;1.77938;9;0.999969 -0.000782543 0.00779307 -0.0567766 0.000525244 0.999456 0.0329639 0.253315 -0.00781463 -0.0329587 0.999426 -2.27681 0 0 0 1 
27844314100249;1.74539;1.05335;10;0.919809 0.0124541 0.392169 1.2857 0.0181782 0.99707 -0.0742998 0.0213412 -0.391945 0.0754706 0.916888 4.19003 0 0 0 1 
27844314100250;2.4193;1.98903;11;0.889342 0.0281198 -0.456377 0.91781 -0.0222225 0.999586 0.0182847 -0.32366 0.456702 -0.00611948 0.889599 0.183077 0 0 0 1 
27844314100251;0.382775;0.236282;12;0.998 0.0281115 0.0566222 1.7379 -0.0365487 0.987398 0.153975 -0.506107 -0.0515802 -0.155737 0.986451 -8.60852 0 0 0 1 
27844314100252;0.517763;0.620462;10;0.99532 -0.00560257 -0.0964748 -0.292639 -0.0188595 0.967861 -0.250778 -2.27156 0.0947792 0.251423 0.963225 13.0979 0 0 0 1 
27844314100253;0.421961;0.356418;10;0.99564 0.0065655 0.0930425 0.611289 -0.000486702 0.997872 -0.0652062 -0.410231 -0.0932726 0.0648766 0.993525 3.10707 0 0 0 1 
27844314100254;1.06506;0.277138;12;0.998504 0.0469701 -0.0279939 2.6078 -0.0392838 0.972337 0.230256 -1.18353 0.0380347 -0.228812 0.972727 -13.0278 0 0 0 1 
27844314100255;0.41574;0.318569;10;0.944878 0.00274164 -0.32741 -0.659812 -0.015145 0.999261 -0.0353396 -0.353702 0.327071 0.0383503 0.944221 2.76601 0 0 0 1 
27844314100256;0.221269;0.108504;9;0.999745 0.00356515 -0.0222946 0.0955708 -0.0023909 0.998619 0.0524762 0.114916 0.0224509 -0.0524095 0.998373 -3.00481 0 0 0 1 
