#;prob_registration_l1 -r /home/probabilistic_point_clouds_registration/build/tester /home/point_clouds_registration_benchmark//devel/registration_pairs/pioneer_slam3_local.txt /home/point_clouds_registration_benchmark//tum/pioneer_slam3 -s 0.1 -t 0.1 -p 0.3 -r 1000 -m 10 -i 100 
id;initial_error;final_error;transformation
39885980090000;0.518509;0.161196;10;0.994342 0.0301919 -0.101842 0.0189924 -0.0169902 0.991617 0.128088 0.00124694 0.104855 -0.125633 0.98652 -0.430054 0 0 0 1 
39885980090001;1.1366;0.689608;21;0.9976 0.049475 -0.0484335 0.106159 -0.0474037 0.997949 0.043019 -0.185374 0.0504625 -0.0406198 0.9979 0.301006 0 0 0 1 
39885980090002;0.639436;0.567594;9;0.999681 0.0209988 0.0140441 0.0145566 -0.0177364 0.979283 -0.201719 0.0767727 -0.017989 0.201405 0.979343 -0.121151 0 0 0 1 
39885980090003;0.346141;0.177659;9;0.955241 -0.0432426 -0.292651 0.0831089 -0.0456043 0.955908 -0.290104 0.097588 0.292292 0.290465 0.911151 -0.831321 0 0 0 1 
39885980090004;1.0895;0.66424;20;0.968879 -0.0916255 -0.229953 0.161103 0.0382517 0.973232 -0.226618 0.230721 0.244562 0.21077 0.946449 -1.11412 0 0 0 1 
39885980090005;0.90722;0.673036;9;0.999248 0.0337929 -0.0190122 0.0149091 -0.0350633 0.996859 -0.0710173 0.195223 0.0165526 0.0716305 0.997294 -0.44358 0 0 0 1 
39885980090006;0.367469;0.0935686;10;0.978225 -0.0199683 -0.206585 0.0469828 -0.0273323 0.974298 -0.223599 0.111584 0.20574 0.224377 0.952537 -0.99274 0 0 0 1 
39885980090007;0.500039;0.27616;9;0.998216 -0.0579583 0.0143423 0.0262261 0.0594455 0.942315 -0.329407 -0.172873 0.00557694 0.329672 0.944079 -0.344027 0 0 0 1 
39885980090008;1.30544;0.622424;16;0.982632 0.057327 -0.176488 0.131042 -0.068672 0.995902 -0.0588552 0.485301 0.172391 0.0699528 0.982542 -1.08639 0 0 0 1 
39885980090009;1.07285;1.04041;9;0.999236 0.0218478 -0.03241 -0.0882008 -0.0220305 0.999743 -0.00529064 0.115799 0.032286 0.00600061 0.999461 -0.0458663 0 0 0 1 
39885980090010;0.993349;0.84453;10;0.999564 0.0285937 -0.00737042 -0.00584082 -0.0290016 0.997595 -0.0629598 0.0506121 0.00555243 0.0631461 0.997989 0.306874 0 0 0 1 
39885980090011;1.19076;0.812806;12;0.997122 -0.0291166 0.070003 -0.171387 0.0458982 0.966721 -0.25168 0.0289486 -0.0603453 0.254169 0.965275 -0.613926 0 0 0 1 
39885980090012;1.08018;0.364656;23;0.987524 0.122949 -0.0983845 0.176904 -0.134441 0.983598 -0.120254 0.0861481 0.0819857 0.13198 0.987856 -0.986886 0 0 0 1 
39885980090013;0.734434;0.284464;9;0.999488 0.00658949 -0.0313011 -0.0452142 -0.0135987 0.973252 -0.229338 -0.0106997 0.0289526 0.229646 0.972844 0.138965 0 0 0 1 
39885980090014;1.32795;0.855502;11;0.929006 0.055403 -0.365895 0.280107 0.0191409 0.980213 0.19702 0.0562848 0.36957 -0.190037 0.909563 -1.12593 0 0 0 1 
39885980090015;0.724355;0.0471707;11;0.999706 0.00309691 0.0240332 0.000320696 -0.00320833 0.999984 0.00459902 0.0350252 -0.0240186 -0.00467477 0.999701 -0.482148 0 0 0 1 
39885980090016;0.348273;0.0294101;11;0.980639 0.00779915 -0.195671 0.0701597 0.0351342 0.975986 0.214983 -0.0683789 0.192648 -0.217695 0.956815 -0.374464 0 0 0 1 
39885980090017;0.847163;0.437562;18;0.996551 -0.0593919 -0.0579618 0.227903 0.046026 0.976727 -0.20949 0.11944 0.0690548 0.2061 0.976091 -0.849207 0 0 0 1 
39885980090018;0.98085;0.535029;10;0.987835 0.00297282 -0.155475 -0.156686 -0.0293133 0.985453 -0.167403 0.133188 0.152716 0.169924 0.973552 -0.023848 0 0 0 1 
39885980090019;1.01873;0.356151;19;0.996118 0.0736127 0.0482747 -0.2342 -0.076469 0.995249 0.0602613 -0.113787 -0.0436094 -0.0637189 0.997015 0.819694 0 0 0 1 
39885980090020;0.349842;0.169001;16;0.975068 0.139857 0.172286 -0.192117 -0.108889 0.978045 -0.177683 0.334243 -0.193354 0.154493 0.968889 0.326443 0 0 0 1 
39885980090021;0.142777;0.0426166;10;0.977531 -0.0040181 -0.210752 0.0450947 -0.015596 0.995699 -0.0913224 0.0453268 0.210213 0.0925574 0.973264 -0.548685 0 0 0 1 
39885980090022;0.343863;0.133279;14;0.989978 0.0604831 0.127613 -0.0434792 -0.0547831 0.997357 -0.0477162 0.146184 -0.130161 0.040247 0.990676 0.442104 0 0 0 1 
39885980090023;0.973502;0.918664;10;0.951614 0.0513252 -0.302979 0.0825678 0.0104454 0.979981 0.198818 0.0199785 0.307118 -0.192363 0.932027 -0.546223 0 0 0 1 
39885980090024;1.13358;0.115477;11;0.999104 0.024786 0.0343115 -0.0674021 -0.0233629 0.998875 -0.0412749 -0.0686122 -0.035296 0.0404363 0.998559 -0.815813 0 0 0 1 
39885980090025;0.64818;0.315912;13;0.997696 -0.0656275 -0.0171744 0.00420801 0.0643376 0.995665 -0.0671671 -0.329744 0.021508 0.0659074 0.997594 0.121919 0 0 0 1 
39885980090026;1.25567;0.265859;10;0.991226 -0.0685222 0.113031 0.12478 0.0513592 0.987605 0.148316 -0.12534 -0.121793 -0.14121 0.982459 1.40618 0 0 0 1 
39885980090027;0.709211;0.321199;9;0.99884 0.0336361 0.0344675 -0.0310419 -0.0332901 0.99939 -0.0105655 0.190912 -0.0348018 0.00940585 0.99935 0.491341 0 0 0 1 
39885980090028;1.02062;0.642649;9;0.999715 0.0230089 0.00633115 -0.00500298 -0.0230094 0.999735 1.32279e-06 0.128246 -0.00632944 -0.000146998 0.99998 0.560563 0 0 0 1 
39885980090029;0.737875;0.231844;21;0.980617 0.176498 -0.0850804 -0.121311 -0.157983 0.969089 0.189491 0.317691 0.115895 -0.172377 0.978189 0.423584 0 0 0 1 
39885980090031;0.500388;0.339065;13;0.961319 0.0357162 -0.273112 0.51092 -0.0147635 0.996813 0.0783926 0.429671 0.275041 -0.0713282 0.958783 -1.47688 0 0 0 1 
39885980090032;0.490152;0.687142;16;0.927392 -0.360697 -0.0992097 0.273187 0.360029 0.932601 -0.0251829 -0.664001 0.101606 -0.012364 0.994748 -0.324119 0 0 0 1 
39885980090033;0.259006;0.443676;15;0.940171 -0.248927 -0.232623 0.300004 0.250886 0.967775 -0.0216221 -0.271915 0.230509 -0.0380332 0.972327 -0.762251 0 0 0 1 
39885980090034;0.13399;0.421161;14;0.994624 -0.0891827 -0.0526318 0.272841 0.0836004 0.991456 -0.100126 0.0753298 0.0611116 0.0951877 0.993582 -0.131444 0 0 0 1 
39885980090035;0.310003;0.373059;15;0.996835 -0.0303065 -0.0734894 0.380349 0.00719019 0.955059 -0.296329 0.349564 0.0791674 0.294863 0.952254 0.301824 0 0 0 1 
39885980090036;0.791909;0.335788;16;0.888171 -0.0159333 -0.459237 1.59806 0.0789609 0.989825 0.118369 -0.122591 0.452679 -0.141394 0.880392 -1.92828 0 0 0 1 
39885980090037;0.326129;0.390638;10;0.999887 -0.0127588 -0.00796506 0.0237929 0.0120626 0.996554 -0.0820598 0.194413 0.0089846 0.0819545 0.996596 0.299761 0 0 0 1 
39885980090038;0.582863;0.635787;10;0.999702 0.0216938 -0.0111488 0.115074 -0.0225188 0.996528 -0.080152 0.11396 0.0093713 0.0803792 0.99672 -0.0404844 0 0 0 1 
39885980090039;0.172583;0.34321;13;0.997806 -0.0635759 -0.0184581 0.0763415 0.0621351 0.995592 -0.0702571 0.155894 0.0228433 0.0689561 0.997358 0.176389 0 0 0 1 
39885980090040;0.259945;0.355364;13;0.998204 -0.00934323 0.0591681 0.383424 0.00113357 0.99053 0.13729 0.53225 -0.0598905 -0.136977 0.988762 -0.0849657 0 0 0 1 
39885980090041;0.477445;0.639015;17;0.97821 -0.195565 0.0697132 0.266444 0.19742 0.9801 -0.0207274 -0.507472 -0.0642723 0.0340386 0.997352 -0.0429676 0 0 0 1 
39885980090042;0.418217;0.440956;21;0.999178 -0.0266825 0.0305323 0.233888 0.0274667 0.999296 -0.0255584 0.623686 -0.0298288 0.026376 0.999207 0.394344 0 0 0 1 
39885980090043;0.341309;0.460836;14;0.979347 -0.156076 -0.128526 0.276201 0.179338 0.964116 0.195751 -0.360941 0.0933618 -0.214758 0.972195 -0.676213 0 0 0 1 
39885980090044;0.352045;0.415618;14;0.92986 -0.194009 0.312603 0.131608 0.141573 0.972922 0.1827 -0.178329 -0.339584 -0.125629 0.932148 0.513182 0 0 0 1 
39885980090045;0.207777;0.378436;14;0.97388 -0.165006 0.155984 0.0703188 0.17112 0.984893 -0.0265215 -0.190025 -0.149252 0.0525208 0.987403 0.513392 0 0 0 1 
39885980090046;0.379302;0.374944;14;0.955534 0.0229153 0.29399 0.323897 0.056849 0.963958 -0.259909 0.166589 -0.28935 0.265065 0.919792 1.02336 0 0 0 1 
39885980090047;0.227046;0.328809;12;0.975436 0.027213 0.218595 0.433513 -0.0312871 0.999395 0.0151972 0.314962 -0.21805 -0.0216631 0.975697 0.28434 0 0 0 1 
39885980090048;0.266999;0.346924;14;0.991671 0.0139259 0.128038 0.542741 0.0168732 0.971521 -0.236351 0.244483 -0.127683 0.236543 0.963195 1.02385 0 0 0 1 
39885980090049;0.523967;0.359223;14;0.953206 0.00677333 0.302246 0.772635 -0.0670125 0.979613 0.189387 0.385116 -0.294802 -0.200779 0.934227 1.0603 0 0 0 1 
39885980090050;0.207409;0.471196;14;0.995861 -0.0848108 -0.0326944 0.335161 0.0832643 0.995462 -0.0460703 -0.0784898 0.0364533 0.0431573 0.998403 -0.00645938 0 0 0 1 
39885980090051;0.499446;0.365474;16;0.993971 0.045585 0.0997177 0.799196 -0.0252997 0.980288 -0.195946 0.631071 -0.106684 0.192241 0.975532 0.0602398 0 0 0 1 
39885980090052;0.316512;0.369723;14;0.994795 0.0320035 0.0967384 0.248817 -0.0108002 0.977165 -0.212208 0.52451 -0.101321 0.210059 0.972425 0.351753 0 0 0 1 
39885980090053;0.450592;0.465525;15;0.994407 -0.0996211 0.0350809 0.297277 0.102666 0.989714 -0.0996266 0.265375 -0.0247951 0.102671 0.994406 -0.363153 0 0 0 1 
39885980090054;0.48513;0.525438;15;0.96633 -0.245003 -0.0786115 0.14928 0.257271 0.914989 0.310816 -0.489423 -0.00422218 -0.320575 0.947214 -0.67899 0 0 0 1 
39885980090055;0.127893;0.438114;16;0.98527 -0.165891 -0.0415004 0.336756 0.160136 0.980209 -0.116394 -0.089741 0.0599878 0.108034 0.992336 0.106118 0 0 0 1 
39885980090056;0.526201;0.499831;15;0.942717 -0.333274 -0.0146204 0.251031 0.332968 0.937356 0.102449 -0.443713 -0.0204391 -0.101449 0.994631 0.450087 0 0 0 1 
39885980090057;0.593626;0.382548;18;0.963905 -0.0295718 -0.264599 1.03264 0.102441 0.958498 0.266059 -0.0367058 0.24575 -0.283562 0.92693 -0.734941 0 0 0 1 
39885980090058;0.12749;0.350916;12;0.982569 0.0219554 -0.184595 0.426137 -0.0395595 0.994951 -0.0922312 0.462743 0.181638 0.0979261 0.978477 -0.299559 0 0 0 1 
39885980090059;0.597495;0.416432;13;0.92389 -0.155318 -0.349718 0.164185 0.0489351 0.954373 -0.294581 0.0169202 0.379515 0.255047 0.889336 0.222571 0 0 0 1 
39885980090060;0.466612;0.486948;15;0.975162 -0.221489 0.000864377 0.263783 0.213794 0.94025 -0.264993 -0.107885 0.0578803 0.258596 0.96425 0.793668 0 0 0 1 
39885980090062;0.722072;0.612173;9;0.988257 -0.0134732 -0.152206 -0.0406044 0.0182288 0.999387 0.0298929 -0.0464198 0.15171 -0.0323164 0.987897 -0.287937 0 0 0 1 
39885980090063;0.21414;0.0696027;11;0.998156 0.0304756 0.0524921 -0.0370392 -0.0074037 0.919489 -0.393047 0.133136 -0.0602442 0.391934 0.918019 -0.326963 0 0 0 1 
39885980090064;0.937509;0.55825;11;0.999683 0.0127354 0.0217143 -0.13277 -0.00847859 0.982529 -0.185914 -0.0344955 -0.0237026 0.185671 0.982326 -0.709433 0 0 0 1 
39885980090065;0.614008;0.312794;12;0.941812 0.124095 0.312396 -0.154276 -0.0296193 0.956382 -0.290613 0.275803 -0.334834 0.264449 0.904408 0.469246 0 0 0 1 
39885980090066;0.857809;0.161576;17;0.99771 -0.0451221 0.0503838 0.134664 0.0493378 0.995088 -0.0858273 -0.506233 -0.0462636 0.0881166 0.995035 0.619529 0 0 0 1 
39885980090067;0.711929;0.640536;9;0.993777 -0.00844808 -0.11107 0.0781733 -0.00660845 0.990892 -0.134496 0.0355705 0.111195 0.134393 0.98467 -0.57855 0 0 0 1 
39885980090068;0.589386;0.137143;9;0.999994 0.00239148 0.00230618 0.0177944 -0.00240758 0.999973 0.00700496 0.0354381 -0.00228936 -0.00701047 0.999973 0.495846 0 0 0 1 
39885980090069;0.410197;0.207252;9;0.998865 -0.007807 -0.0469764 0.057147 0.00858152 0.99983 0.0163083 -0.0391333 0.0468411 -0.016693 0.998763 -0.364573 0 0 0 1 
39885980090070;0.483885;0.16828;11;0.937851 0.0489206 0.343574 -0.0401599 -0.0623693 0.997655 0.0281955 0.104617 -0.341389 -0.0478716 0.938702 1.12016 0 0 0 1 
39885980090071;0.64931;0.59205;9;0.975265 -0.0339217 -0.218419 0.0731825 -0.0415457 0.942411 -0.331868 0.189962 0.217098 0.332734 0.917691 -0.840623 0 0 0 1 
39885980090072;0.398606;0.331403;9;0.999104 -0.0283854 0.031406 0.00714166 0.0209473 0.976188 0.215913 -0.0889919 -0.0367869 -0.215062 0.975907 0.367973 0 0 0 1 
39885980090073;0.928997;0.714932;9;0.957147 0.0652959 -0.282146 0.0167992 -0.0594793 0.997804 0.0291412 0.322929 0.28343 -0.0111106 0.958929 -0.431107 0 0 0 1 
39885980090074;0.42064;0.258108;11;0.913633 -0.00536044 0.406505 0.145189 0.038828 0.996493 -0.0741267 -0.128431 -0.404682 0.0835084 0.910637 1.037 0 0 0 1 
39885980090075;0.428471;0.223635;12;0.945744 0.0619131 0.318961 -0.0517738 -0.118724 0.979644 0.161868 0.353497 -0.302446 -0.190954 0.933843 1.18093 0 0 0 1 
39885980090076;0.878954;0.670512;9;0.992429 -0.0382554 0.116706 0.113885 0.0383148 0.999264 0.00173473 -0.137369 -0.116686 0.00274996 0.993165 0.715226 0 0 0 1 
39885980090077;0.395145;0.29673;20;0.98207 0.186148 -0.0297964 -0.299872 -0.188302 0.961045 -0.202324 0.425721 -0.00902655 0.204307 0.978865 -0.210057 0 0 0 1 
39885980090078;1.1758;0.17429;12;0.999503 -0.0201659 0.0242302 -0.0405804 0.021373 0.998488 -0.0506414 -0.0861534 -0.0231724 0.0511341 0.998423 -0.971668 0 0 0 1 
39885980090079;1.02505;0.785126;9;0.96347 -0.0182241 -0.267195 -0.0614253 -0.0526366 0.965338 -0.255642 0.109572 0.262592 0.260368 0.929115 -0.510645 0 0 0 1 
39885980090080;0.475546;0.103443;10;0.999949 -0.00943882 -0.0037027 0.0201163 0.00937198 0.9998 -0.0176715 -0.0320303 0.00386876 0.0176359 0.999837 -0.410824 0 0 0 1 
39885980090081;0.321616;0.0914364;11;0.945793 0.0128377 0.324516 0.132674 -0.00337011 0.999553 -0.0297197 0.0196426 -0.324752 0.027015 0.945413 0.943567 0 0 0 1 
39885980090082;1.0641;0.34091;13;0.971822 0.0531442 0.229646 -0.366289 -0.0600492 0.997926 0.02318 0.140325 -0.227938 -0.0363169 0.972998 -0.029727 0 0 0 1 
39885980090083;0.893927;0.25049;11;0.947305 0.0118295 0.320116 -0.159977 -0.119462 0.940273 0.318772 0.0958249 -0.297225 -0.340216 0.892138 0.77468 0 0 0 1 
39885980090084;0.543877;0.407995;23;0.994098 0.05281 -0.0947599 0.0749508 -0.0666466 0.986532 -0.149372 -0.292211 0.0855953 0.154806 0.98423 -0.316777 0 0 0 1 
39885980090085;0.738131;0.658569;10;0.880395 0.0570916 0.470792 0.089353 -0.0797968 0.996407 0.0283911 0.0421603 -0.46748 -0.0625631 0.881787 0.99142 0 0 0 1 
39885980090086;0.60161;0.0490637;12;0.999303 0.0364042 0.00823929 -0.0372433 -0.036697 0.998576 0.0387303 0.0949693 -0.00681761 -0.0390057 0.999216 0.5811 0 0 0 1 
39885980090087;0.217577;0.150622;9;0.999596 -0.00611938 -0.0277728 -0.00482244 0.00677069 0.999703 0.0234182 -0.116671 0.0276212 -0.0235968 0.99934 -0.111873 0 0 0 1 
39885980090088;0.201974;0.113536;10;0.998989 -0.0153498 0.0422572 -0.0012671 0.0244917 0.974006 -0.225196 -0.00184579 -0.037702 0.226003 0.973397 -0.240625 0 0 0 1 
39885980090089;0.645809;0.2924;13;0.913744 0.0248023 -0.405532 0.269668 0.0115318 0.99615 0.0869078 -0.166564 0.406126 -0.084088 0.90994 -1.32822 0 0 0 1 
39885980090090;0.450371;0.349252;17;0.959336 0.0721357 0.272892 -0.134998 -0.0873996 0.995193 0.0441811 0.11033 -0.268394 -0.0662352 0.96103 0.969736 0 0 0 1 
39885980090091;0.498519;0.200684;18;0.996621 0.027448 -0.0774132 0.000525588 -0.0195084 0.994643 0.101513 -0.0807607 0.0797848 -0.0996601 0.991818 0.303162 0 0 0 1 
39885980090093;0.227552;0.145784;22;0.980446 -0.00629273 0.196686 -0.0757912 -0.00443813 0.998527 0.0540699 0.130434 -0.196737 -0.0538855 0.978974 0.479046 0 0 0 1 
39885980090094;0.336698;0.348741;17;0.982245 -0.133656 0.131644 0.503398 0.138946 0.989789 -0.031813 0.115793 -0.126047 0.0495396 0.990787 -0.153556 0 0 0 1 
39885980090095;0.148785;0.196034;21;0.987885 0.00279125 -0.155165 -0.0980401 -0.0125558 0.997998 -0.061986 0.207186 0.154681 0.0631832 0.985942 -0.188023 0 0 0 1 
39885980090096;0.662123;0.430068;17;0.972862 0.121232 -0.197086 -0.222288 -0.0619053 0.957079 0.283139 0.184357 0.222953 -0.263255 0.93861 0.170132 0 0 0 1 
39885980090097;0.657715;0.46819;30;0.965622 0.0636636 0.252032 -0.395599 -0.0819773 0.994652 0.0628331 -0.30646 -0.246684 -0.081334 0.965677 0.319504 0 0 0 1 
39885980090098;0.630821;0.258842;22;0.999756 0.021795 -0.00349132 -0.291762 -0.0217886 0.949153 -0.314059 -0.0214431 -0.00353113 0.314059 0.949397 -0.290402 0 0 0 1 
39885980090099;0.628543;0.360778;28;0.945411 -0.160803 0.283444 0.535068 0.167046 0.985947 0.00217304 0.717493 -0.27981 0.0452938 0.958986 0.542358 0 0 0 1 
39885980090100;0.425699;0.290746;24;0.955734 0.247809 0.158627 -1.19152 -0.219637 0.959612 -0.175797 0.689773 -0.195785 0.133175 0.971562 -0.561524 0 0 0 1 
39885980090101;0.696606;0.498932;12;0.999726 0.00427614 -0.0230216 -0.0636943 0.000362541 0.980239 0.197817 -0.0694215 0.0234126 -0.197772 0.979969 1.105 0 0 0 1 
39885980090102;0.122477;0.0644237;8;0.999762 0.0212584 0.00490733 -0.153538 -0.0213281 0.999666 0.0146204 0.0914945 -0.00459489 -0.0147216 0.999881 0.118628 0 0 0 1 
39885980090103;0.717527;0.0991705;29;0.904626 0.378182 0.196546 -2.07271 -0.36205 0.925185 -0.113806 0.418536 -0.224881 0.0317926 0.973867 0.242638 0 0 0 1 
39885980090104;0.685443;0.526566;26;0.975701 0.218618 0.014615 -1.06001 -0.219043 0.974847 0.0411445 -0.343252 -0.00525246 -0.0433461 0.999046 -0.0488817 0 0 0 1 
39885980090105;0.47354;0.396736;21;0.97996 0.197155 0.0284232 -0.998116 -0.197754 0.980046 0.0200519 -0.102559 -0.0239027 -0.0252709 0.999395 0.147808 0 0 0 1 
39885980090106;0.459683;0.202876;15;0.953934 0.167477 -0.24892 -0.600349 -0.14107 0.982637 0.120511 0.328461 0.264781 -0.0798448 0.960997 -0.440665 0 0 0 1 
39885980090107;0.891834;0.766389;18;0.969579 -0.232615 0.0762028 0.766316 0.232221 0.972561 0.0141168 -0.135397 -0.0773956 0.00400854 0.996992 0.0909456 0 0 0 1 
39885980090108;0.424446;0.231399;26;0.894611 -0.178135 0.409805 0.445716 0.137855 0.982394 0.126089 0.186371 -0.42505 -0.056307 0.903417 0.467837 0 0 0 1 
39885980090109;0.495711;0.212697;20;0.958216 0.285986 -0.00577525 -1.33499 -0.285462 0.957359 0.0444519 0.779984 0.0182416 -0.040946 0.998995 0.349498 0 0 0 1 
39885980090110;0.968235;0.563921;33;0.882606 0.40223 0.243345 -1.78828 -0.446002 0.880075 0.162943 1.14182 -0.148621 -0.252347 0.956155 1.97062 0 0 0 1 
39885980090111;0.425117;0.117744;15;0.998696 0.0460476 0.0220481 -0.314996 -0.0466228 0.998566 0.0263252 0.234146 -0.0208042 -0.0273188 0.99941 0.654424 0 0 0 1 
39885980090112;0.465914;0.42145;31;0.904129 0.42333 -0.0578083 -1.91453 -0.422875 0.867293 -0.262641 1.05429 -0.061047 0.261907 0.96316 -0.925234 0 0 0 1 
39885980090113;0.34947;0.129843;18;0.993525 0.109254 0.0311722 -0.590803 -0.11314 0.926379 0.359194 0.550463 0.0103663 -0.360395 0.932742 1.51666 0 0 0 1 
39885980090114;0.0961654;0.0900176;12;0.996694 0.0633801 -0.0508244 -0.33396 -0.0629963 0.997972 0.00911936 0.144451 0.0512994 -0.00588746 0.998666 -0.121816 0 0 0 1 
39885980090115;0.726185;0.387357;26;0.984183 -0.0948854 -0.149599 0.0685217 0.0886802 0.994921 -0.0476334 0.350478 0.153359 0.0336135 0.987599 0.704022 0 0 0 1 
39885980090116;0.788969;0.571299;39;0.9615 -0.273187 -0.0297785 0.918547 0.269753 0.958947 -0.0874847 0.569328 0.0524557 0.0760838 0.995721 0.494505 0 0 0 1 
39885980090117;0.478045;0.197599;12;0.995321 0.0493032 0.0830926 -0.297788 -0.0504416 0.998659 0.0116567 0.224613 -0.0824064 -0.0157934 0.996474 0.717192 0 0 0 1 
39885980090118;0.326438;0.32505;18;0.993583 -0.111568 0.0185693 0.355784 0.111233 0.993628 0.018208 0.211041 -0.0204824 -0.0160256 0.999662 0.268737 0 0 0 1 
39885980090119;0.735474;0.324214;17;0.979878 -0.118624 0.160523 0.398139 0.124716 0.991786 -0.0283905 0.0136529 -0.155837 0.047839 0.986624 0.782892 0 0 0 1 
39885980090120;0.723848;0.142171;24;0.993161 0.00494076 0.116649 -0.222952 0.00584511 0.995747 -0.0919415 0.698139 -0.116607 0.0919946 0.988908 0.520244 0 0 0 1 
39885980090121;0.394688;0.304163;16;0.998601 0.0499405 -0.0174006 -0.285765 -0.0518615 0.98917 -0.137308 -0.10546 0.010355 0.138019 0.990376 -0.203364 0 0 0 1 
39885980090122;0.722168;0.311803;17;0.982207 0.181816 0.0470305 -0.913942 -0.180585 0.983124 -0.0292485 0.352652 -0.0515547 0.0202351 0.998465 0.895283 0 0 0 1 
39885980090124;0.340489;0.00915358;19;0.995845 0.0908972 0.00556334 0.247227 -0.0908639 0.995845 -0.00597122 -0.638679 -0.00608299 0.0054409 0.999967 -0.352997 0 0 0 1 
39885980090125;0.370091;0.0171679;33;0.913474 0.0188312 0.406462 -0.392328 -0.0542162 0.995654 0.0757162 -0.260679 -0.40327 -0.0912016 0.910525 -0.989141 0 0 0 1 
39885980090126;0.34208;0.0161123;32;0.889228 0.238914 0.390119 0.547285 -0.253414 0.967246 -0.0147264 -0.521322 -0.38086 -0.0857668 0.920647 -0.6241 0 0 0 1 
39885980090127;0.0863411;0.0311025;14;0.995861 -0.015065 -0.0896288 -0.0327589 0.0203785 0.99807 0.0586672 -0.00426164 0.088572 -0.0602509 0.994246 -0.0239205 0 0 0 1 
39885980090128;0.358883;0.0169096;31;0.974332 0.158311 0.160045 0.647896 -0.16506 0.985836 0.029708 0.0108169 -0.153075 -0.0553624 0.986663 0.209355 0 0 0 1 
39885980090129;0.382249;0.0505621;43;0.939521 0.342468 0.00389523 1.32971 -0.342479 0.939522 0.00264498 -0.779621 -0.00275383 -0.00381906 0.999989 -0.0367545 0 0 0 1 
39885980090130;0.323168;0.0501048;29;0.97734 0.163463 -0.134488 0.797638 -0.179402 0.976865 -0.116403 -0.0663945 0.112349 0.137893 0.984054 0.3342 0 0 0 1 
39885980090131;0.505537;0.0567993;37;0.997141 -0.0747136 -0.0113205 -0.696603 0.0739768 0.995715 -0.055493 -0.644836 0.0154181 0.0544969 0.998395 -0.217376 0 0 0 1 
39885980090132;0.44134;0.0330723;41;0.999031 0.0248599 -0.0363212 -0.581588 -0.0284289 0.994449 -0.101302 0.0882599 0.0336012 0.102237 0.994192 0.796982 0 0 0 1 
39885980090133;0.275576;0.0546817;23;0.999469 -0.0314212 -0.00861856 -0.513127 0.0314492 0.9995 0.00312554 -0.103105 0.00851605 -0.00339492 0.999958 -0.152145 0 0 0 1 
39885980090134;0.264805;0.0416392;28;0.986028 -0.113262 0.122153 -0.397051 0.1402 0.960258 -0.241346 0.0694463 -0.0899631 0.2551 0.96272 0.961281 0 0 0 1 
39885980090135;0.321182;0.0205436;36;0.983197 0.180334 0.0283395 0.23428 -0.175153 0.975671 -0.131861 -0.205157 -0.051429 0.124681 0.990863 0.698811 0 0 0 1 
39885980090136;0.536598;0.019907;27;0.992019 0.0574229 -0.112257 -0.210229 -0.0717184 0.989208 -0.127768 0.109019 0.103709 0.134799 0.985431 1.49551 0 0 0 1 
39885980090137;0.239766;0.0244303;16;0.999249 0.0233786 0.0309151 -0.0794658 -0.0250224 0.998233 0.0538979 0.051777 -0.0296004 -0.054631 0.998068 -0.643509 0 0 0 1 
39885980090138;0.366462;0.0436127;34;0.942522 -0.317525 -0.104069 -1.18575 0.309656 0.947038 -0.0850442 0.243818 0.125561 0.0479303 0.990927 0.104044 0 0 0 1 
39885980090139;0.522118;0.0343889;48;0.986075 0.161267 0.040606 -0.0889672 -0.163892 0.983787 0.072825 -0.699649 -0.0282034 -0.0784659 0.996518 0.150977 0 0 0 1 
39885980090140;0.328612;0.0153358;17;0.977719 -0.0264535 -0.208245 -0.111576 0.00996333 0.996758 -0.0798404 0.021576 0.209682 0.0759867 0.974813 1.08545 0 0 0 1 
39885980090141;0.0802768;0.011759;16;0.999027 -0.0129058 0.0421612 -0.142987 0.0110367 0.998959 0.0442675 -0.0532355 -0.0426887 -0.0437591 0.99813 -0.135291 0 0 0 1 
39885980090142;0.374391;0.047207;34;0.941691 0.236553 -0.239291 1.04747 -0.163345 0.943131 0.28952 -0.605507 0.29417 -0.233551 0.926778 -0.629677 0 0 0 1 
39885980090143;0.228673;0.0446552;32;0.986723 0.154021 -0.0515235 0.618955 -0.154193 0.988041 0.000644132 -0.12936 0.0510065 0.00730898 0.998672 -0.150399 0 0 0 1 
39885980090144;0.446317;0.0381118;41;0.926262 0.376748 0.00994609 1.37784 -0.376878 0.925994 0.0223116 -0.86759 -0.000804163 -0.0244149 0.999702 0.246904 0 0 0 1 
39885980090145;0.0431272;0.0174665;11;0.999737 0.00558157 0.0222507 -0.0373768 -0.00638989 0.999316 0.0364239 -0.0168207 -0.0220322 -0.0365565 0.999089 -0.167578 0 0 0 1 
39885980090146;0.329175;0.0440258;16;0.994571 -0.0959639 -0.04025 -0.234349 0.0947497 0.995016 -0.0310642 0.411523 0.0430304 0.0270819 0.998707 0.630509 0 0 0 1 
39885980090147;0.155218;0.0144899;20;0.998771 0.0441271 0.0225683 0.0160141 -0.0453926 0.997223 0.0590335 -0.110474 -0.0199007 -0.0599853 0.998001 0.00370688 0 0 0 1 
39885980090148;0.427209;0.0152487;28;0.987955 0.136114 0.0736009 0.287817 -0.114865 0.963809 -0.240581 -0.443913 -0.103684 0.229229 0.967835 1.47688 0 0 0 1 
39885980090149;0.211483;0.0274007;26;0.986496 -0.10338 0.127038 -0.562474 0.102743 0.994641 0.011575 0.151791 -0.127554 0.00163357 0.99183 0.0844037 0 0 0 1 
39885980090150;0.560906;0.0501742;41;0.92721 0.192543 -0.32126 1.10095 -0.222298 0.973234 -0.0582959 0.334645 0.301437 0.125468 0.945195 0.33019 0 0 0 1 
39885980090151;0.283425;0.0404378;27;0.954737 0.262871 0.139199 0.838223 -0.216918 0.935509 -0.278872 -0.412645 -0.203529 0.236054 0.950186 0.630808 0 0 0 1 
39885980090152;0.461176;0.0468127;38;0.914075 -0.385353 0.126374 -1.66199 0.379376 0.92264 0.0693536 0.20795 -0.143323 -0.0154511 0.989555 -0.386506 0 0 0 1 
39885980090153;0.364593;0.0305242;21;0.991975 0.115356 0.051748 0.0993137 -0.11868 0.990699 0.0665687 -0.587705 -0.0435875 -0.072176 0.996439 -0.711958 0 0 0 1 
39885980090155;0.220386;0.952094;25;0.997702 -0.066511 0.0128872 -0.36574 0.0664532 0.997778 0.00486077 0.58913 -0.0131819 -0.00399321 0.999905 0.0707389 0 0 0 1 
39885980090156;0.547565;0.798513;16;0.955811 -0.114399 0.270809 0.0706677 0.0766053 0.986276 0.146259 0.251015 -0.283825 -0.11905 0.951457 1.35018 0 0 0 1 
39885980090157;0.178395;1.06896;27;0.993944 0.109744 0.00557616 -0.124489 -0.109666 0.993887 -0.0127628 1.31332 -0.00694271 0.012074 0.999903 -0.119084 0 0 0 1 
39885980090158;0.913519;0.738176;16;0.912346 -0.00240462 0.409413 0.556936 -0.0518175 0.991263 0.121293 0.767446 -0.406128 -0.131876 0.90425 2.03387 0 0 0 1 
39885980090159;0.31181;1.01129;30;0.981524 0.152338 -0.115772 -0.129647 -0.188278 0.876738 -0.442585 1.85016 0.0340789 0.456205 0.889222 -0.293747 0 0 0 1 
39885980090160;0.529179;0.920235;27;0.997511 0.0690852 -0.0140996 -0.464956 -0.0687501 0.997368 0.0230109 1.08699 0.0156522 -0.0219843 0.999636 0.475463 0 0 0 1 
39885980090161;0.588623;1.07075;26;0.97803 -0.127353 0.165042 -0.213713 0.102711 0.98332 0.150109 0.675674 -0.181406 -0.129859 0.974797 1.15069 0 0 0 1 
39885980090162;0.825722;1.08522;23;0.975264 -0.218547 -0.0331283 -0.142625 0.218269 0.975817 -0.0118452 0.318798 0.0349159 0.00432129 0.999381 -0.829904 0 0 0 1 
39885980090163;0.504725;0.391926;17;0.99988 0.0154313 0.00122169 -0.100459 -0.0154651 0.999244 0.0356627 0.639315 -0.000670442 -0.0356773 0.999363 0.0587557 0 0 0 1 
39885980090164;0.244441;0.415449;13;0.996826 0.0270624 -0.0748687 -0.301398 -0.016912 0.990968 0.133028 0.247025 0.0777925 -0.13134 0.98828 -0.40498 0 0 0 1 
39885980090165;0.707584;0.394487;18;0.998787 0.0464967 0.0161987 -0.46547 -0.0463964 0.998902 -0.00651734 0.653499 -0.0164839 0.00575788 0.999848 -0.619145 0 0 0 1 
39885980090166;0.507941;0.918141;28;0.974333 0.174315 0.142439 -0.317311 -0.156687 0.979467 -0.126861 1.69853 -0.161628 0.101286 0.98164 0.778223 0 0 0 1 
39885980090167;0.79424;1.05562;27;0.980769 -0.186023 -0.059057 -0.254093 0.181192 0.980291 -0.0787327 0.563312 0.0725391 0.0665179 0.995145 0.459702 0 0 0 1 
39885980090168;0.994365;0.801163;23;0.996168 0.0816718 -0.0313012 0.354379 -0.083855 0.993552 -0.076307 1.40274 0.0248673 0.0786393 0.996593 0.634275 0 0 0 1 
39885980090169;0.602224;0.96491;30;0.944494 0.276686 -0.177134 -0.206444 -0.291758 0.954275 -0.065084 2.45362 0.151027 0.113152 0.982032 -0.745464 0 0 0 1 
39885980090170;0.878287;0.995151;21;0.974795 -0.127569 -0.183031 -0.382087 0.163702 0.966372 0.198311 0.20792 0.151578 -0.223275 0.962898 0.433645 0 0 0 1 
39885980090171;0.174618;0.830488;22;0.980413 0.158049 -0.117521 -0.241413 -0.153573 0.987054 0.0462679 1.361 0.123312 -0.0273136 0.991992 -0.489182 0 0 0 1 
39885980090172;0.809772;0.568232;18;0.996895 0.0787089 -0.00211989 -0.631713 -0.078702 0.996893 0.00315862 0.948389 0.00236192 -0.00298197 0.999993 0.735362 0 0 0 1 
39885980090173;0.12527;0.716251;18;0.999495 -0.00243368 -0.0316909 -0.445343 -0.000813003 0.994781 -0.102034 0.635674 0.0317738 0.102009 0.994276 -0.140449 0 0 0 1 
39885980090174;1.08358;1.02146;27;0.951848 0.102644 0.288876 -0.152451 -0.117065 0.992574 0.0330466 1.53019 -0.283339 -0.0652726 0.956796 1.87615 0 0 0 1 
39885980090175;0.382051;0.461244;13;0.999084 0.0422587 0.00679817 -0.39876 -0.0422724 0.999104 0.00188469 0.440271 -0.00671244 -0.00217034 0.999975 0.426941 0 0 0 1 
39885980090176;1.01834;1.14421;37;0.942624 -0.135725 0.305023 -0.506703 0.143465 0.989651 -0.00299586 0.0902273 -0.301459 0.0465842 0.95234 1.45758 0 0 0 1 
39885980090177;0.304463;0.924516;26;0.998155 0.0366814 0.0483818 -0.31287 -0.0373021 0.999232 0.0119905 0.958081 -0.0479048 -0.0137731 0.998757 -0.07275 0 0 0 1 
39885980090178;0.543046;0.97832;24;0.993942 0.0466914 0.0994939 -0.644875 -0.0410535 0.997473 -0.0579796 0.941581 -0.10195 0.0535438 0.993348 0.705602 0 0 0 1 
39885980090179;0.361753;0.845551;21;0.987745 0.0748903 -0.136938 -0.564061 -0.0776801 0.996863 -0.0151366 0.94597 0.135375 0.0255884 0.990464 -0.0871062 0 0 0 1 
39885980090180;0.25283;0.760742;19;0.997392 -0.0641641 -0.0330347 -0.385837 0.0648338 0.997703 0.0196156 0.452301 0.0317002 -0.0217062 0.999262 0.112054 0 0 0 1 
39885980090181;0.881259;1.17914;15;0.9816 0.00302449 -0.190927 -0.101381 0.0182233 0.993827 0.109434 0.420816 0.190079 -0.110899 0.975485 -0.0399638 0 0 0 1 
39885980090182;0.669254;0.868164;24;0.994308 0.106394 0.00570263 -0.0824047 -0.10648 0.994154 0.0178692 0.930506 -0.00376811 -0.0183747 0.999824 -0.56699 0 0 0 1 
39885980090183;0.198594;1.07503;26;0.963947 0.0956362 0.248315 -0.143386 -0.101995 0.994702 0.0128392 1.41135 -0.245771 -0.0377032 0.968594 0.890957 0 0 0 1 
39885980090184;0.838159;0.395769;11;0.998417 0.0549508 -0.0119837 -0.204098 -0.0557142 0.937198 -0.34432 0.671412 -0.00768955 0.344443 0.938776 -0.757803 0 0 0 1 
39885980090186;1.03403;0.67488;28;0.992907 0.113458 0.0355364 0.0540716 -0.112582 0.993308 -0.0257572 -0.556731 -0.0382209 0.0215738 0.999036 -0.594347 0 0 0 1 
39885980090187;0.391456;0.35426;15;0.998542 -0.0283702 0.0459283 -0.150795 0.0242173 0.995775 0.0885796 -0.452504 -0.0482473 -0.0873382 0.99501 -0.119493 0 0 0 1 
39885980090188;0.19321;0.291674;11;0.995311 -0.0200293 -0.0946348 -0.0739081 0.0109149 0.995335 -0.0958647 -0.246105 0.0961134 0.0943822 0.990886 -0.540545 0 0 0 1 
39885980090189;0.694654;0.301374;18;0.964629 -0.166422 0.204437 0.109843 0.151037 0.984532 0.0887946 -0.715531 -0.216052 -0.0547764 0.974844 1.20602 0 0 0 1 
39885980090190;0.710931;0.274713;11;0.999027 -0.013256 -0.042066 -0.13183 0.0230296 0.970203 0.241198 -0.153808 0.0376152 -0.241932 0.969564 0.726856 0 0 0 1 
39885980090191;0.303973;0.35822;17;0.996858 0.0743988 0.0271864 -0.33405 -0.0745402 0.997209 0.00422248 0.0473433 -0.0267964 -0.00623569 0.999621 -0.0926745 0 0 0 1 
39885980090192;0.937341;0.281117;19;0.999785 0.00814404 0.0190823 -0.0109679 -0.00818001 0.999965 0.00180777 -0.630152 -0.0190669 -0.00196347 0.999816 0.788455 0 0 0 1 
39885980090193;0.0973903;0.282219;12;0.99991 -0.00176611 0.0132926 -0.120611 0.00165443 0.999963 0.00840852 -0.167112 -0.013307 -0.00838577 0.999876 0.0705227 0 0 0 1 
39885980090194;0.330993;0.302697;17;0.998945 -0.040348 0.021922 -0.118898 0.0412705 0.998205 -0.0433964 -0.571631 -0.0201317 0.0442554 0.998817 0.120433 0 0 0 1 
39885980090195;0.913121;0.235312;13;0.999118 0.0401919 -0.0121262 -0.146025 -0.0409155 0.99692 -0.0669097 0.220651 0.0093996 0.0673468 0.997685 -0.911655 0 0 0 1 
39885980090196;0.843835;0.355554;16;0.993402 0.0846267 0.0774055 -0.206912 -0.0875038 0.995565 0.0345587 0.0676978 -0.0741376 -0.041104 0.996401 -0.488255 0 0 0 1 
39885980090197;0.709255;0.37289;17;0.999442 0.00625176 0.0328049 -0.15271 -0.0109602 0.989315 0.145378 -0.42897 -0.0315455 -0.145656 0.988832 -0.407926 0 0 0 1 
39885980090198;1.04503;0.607957;10;0.998672 -0.0294009 -0.0422981 -0.0811591 0.0246642 0.993796 -0.108447 -0.171155 0.0452242 0.107259 0.993202 0.64922 0 0 0 1 
39885980090199;0.0833687;0.288079;15;0.999085 -0.00858721 0.0419095 -0.120854 0.00832184 0.999944 0.00650234 -0.296542 -0.041963 -0.00614762 0.9991 0.111221 0 0 0 1 
39885980090200;1.06244;0.648597;10;0.999798 -0.0154387 -0.0128932 -0.0604502 0.015217 0.999738 -0.0171231 -0.0746814 0.0131541 0.0169234 0.99977 0.774163 0 0 0 1 
39885980090201;0.454509;0.437135;18;0.970163 -0.117741 -0.211947 -0.109105 0.108725 0.992618 -0.053741 -0.415442 0.21671 0.0290935 0.975802 -0.449066 0 0 0 1 
39885980090202;0.602175;0.448756;16;0.92334 0.0772703 -0.376128 -0.348566 -0.0478529 0.995063 0.0869499 0.0560344 0.38099 -0.0622854 0.922479 -0.904446 0 0 0 1 
39885980090203;0.367742;0.339658;10;0.912491 -0.0207574 0.408569 0.0988791 -0.0502084 0.985479 0.162202 0.0712629 -0.406003 -0.168522 0.898199 1.56383 0 0 0 1 
39885980090204;1.06319;0.323855;17;0.972626 0.0874602 0.215289 0.00110928 -0.0674438 0.992835 -0.0986395 -0.0602984 -0.222373 0.0814195 0.971556 1.62053 0 0 0 1 
39885980090205;0.675409;0.271176;22;0.998208 0.0598056 0.00207595 -0.587195 -0.0595237 0.995879 -0.0684251 -0.338992 -0.0061596 0.0681789 0.997654 -0.283083 0 0 0 1 
39885980090206;0.947378;0.297119;19;0.995138 0.0537743 0.0825129 -0.308579 -0.0608344 0.994472 0.0855812 -0.286819 -0.0774547 -0.0901847 0.992909 1.15654 0 0 0 1 
39885980090207;0.975527;0.33398;11;0.997739 -0.0518839 -0.0427208 -0.0724792 0.0527017 0.998444 0.0182438 -0.177032 0.0417078 -0.020454 0.99892 -0.959693 0 0 0 1 
39885980090208;0.357335;0.435062;16;0.966568 0.111376 0.230956 -0.238128 -0.0935167 0.991816 -0.0869185 0.0696409 -0.238747 0.0624144 0.969074 0.488989 0 0 0 1 
39885980090209;0.567849;0.333642;23;0.991092 0.1325 0.0134302 -0.6653 -0.132644 0.991109 0.0104602 -0.00186964 -0.0119249 -0.0121484 0.999855 0.173722 0 0 0 1 
39885980090210;0.29383;0.321473;13;0.976107 0.00778775 0.21715 0.00279918 -0.0276182 0.995699 0.0884373 -0.164451 -0.215527 -0.0923216 0.972124 1.00198 0 0 0 1 
39885980090211;0.573799;0.481677;23;0.996855 0.0587588 0.053178 -0.495532 -0.0324263 0.914697 -0.402838 -0.173556 -0.072312 0.399847 0.913725 0.0344689 0 0 0 1 
39885980090212;0.324919;0.442252;19;0.991597 0.124059 -0.0366688 -0.270656 -0.12036 0.988641 0.090009 0.0532046 0.0474187 -0.0848392 0.995266 0.183341 0 0 0 1 
39885980090213;0.920265;0.362532;15;0.99215 -0.058915 -0.11031 -0.0179377 0.0672361 0.995041 0.0732977 -0.738751 0.105444 -0.0801391 0.991191 0.513079 0 0 0 1 
39885980090214;0.527822;0.560299;23;0.979474 0.194022 0.0546525 -0.308521 -0.19492 0.980751 0.0115602 0.441651 -0.0513575 -0.0219758 0.998439 0.500623 0 0 0 1 
39885980090215;0.58213;0.489788;21;0.970945 -0.223731 0.0849179 0.0725642 0.226414 0.973753 -0.0232764 -1.05901 -0.0774814 0.0418267 0.996116 0.238845 0 0 0 1 
39885980090217;1.03417;1.13132;14;0.991476 0.12788 -0.024938 0.182417 -0.129082 0.990123 -0.0547172 0.637206 0.0176945 0.0574699 0.99819 -0.579592 0 0 0 1 
39885980090218;0.202378;1.32782;33;0.931354 0.362651 -0.0326068 0.249436 -0.362414 0.931925 0.0131139 1.97516 0.0351428 -0.000396486 0.999382 -0.198476 0 0 0 1 
39885980090219;0.470141;1.60927;35;0.986699 0.122028 0.107395 0.195144 -0.127634 0.990709 0.0469516 1.40927 -0.100668 -0.0600344 0.993107 0.375951 0 0 0 1 
39885980090220;1.3181;0.568116;29;0.977316 -0.102528 -0.185313 -0.0669666 0.0856189 0.991588 -0.0970702 0.55303 0.193707 0.079002 0.977873 -0.416861 0 0 0 1 
39885980090221;1.15923;1.05007;13;0.940722 0.0403602 0.336769 -0.207322 0.02099 0.984064 -0.176569 0.186068 -0.338529 0.173171 0.924884 0.723354 0 0 0 1 
39885980090222;0.407338;1.30323;29;0.93567 0.267845 0.229742 0.258012 -0.285063 0.957466 0.0447098 1.71903 -0.207994 -0.107324 0.972224 0.869453 0 0 0 1 
39885980090223;0.517255;1.11487;28;0.947879 0.244189 0.204688 0.0355261 -0.25712 0.965603 0.0387385 1.55496 -0.188187 -0.0893488 0.97806 0.782824 0 0 0 1 
39885980090224;1.08029;1.03246;17;0.989733 -0.0789332 0.119158 -0.0543583 0.0668244 0.992496 0.102406 -0.14412 -0.126347 -0.093392 0.98758 0.534392 0 0 0 1 
39885980090225;0.715361;0.493275;24;0.995598 -0.0537096 -0.0768167 0.111887 0.0318865 0.96474 -0.261267 0.227991 0.0881407 0.257667 0.962205 0.14156 0 0 0 1 
39885980090226;0.549209;0.471054;9;0.955589 -0.027866 0.293381 0.0513469 -0.00360707 0.994339 0.106193 0.0322258 -0.29468 -0.102536 0.950079 1.00477 0 0 0 1 
39885980090227;1.15995;1.14703;24;0.926731 0.37571 -0.00348806 0.932418 -0.375125 0.925734 0.0479384 1.92868 0.0212399 -0.0431175 0.998844 -0.512728 0 0 0 1 
39885980090228;0.215505;0.458535;20;0.993152 -0.0996268 0.0610172 0.0522194 0.100255 0.994935 -0.00731071 0.0318963 -0.0599798 0.0133779 0.99811 0.0137799 0 0 0 1 
39885980090229;0.121617;1.29302;27;0.968253 0.249928 0.00464535 0.245821 -0.249866 0.967142 0.046946 1.6168 0.0072404 -0.0466163 0.998887 -0.0513468 0 0 0 1 
39885980090230;1.03093;1.65483;26;0.968601 0.248567 -0.0051655 0.382073 -0.248564 0.968615 0.0013122 1.40435 0.00532955 1.29589e-05 0.999986 0.483749 0 0 0 1 
39885980090231;0.888653;0.793954;9;0.99352 -0.0178239 0.112247 -0.0139793 0.00350019 0.991956 0.126533 0.0745371 -0.1136 -0.12532 0.985591 0.523274 0 0 0 1 
39885980090232;0.59802;1.12826;20;0.971851 0.0815281 -0.221042 0.427202 -0.146804 0.943366 -0.297505 1.04624 0.184268 0.321581 0.928779 -0.428455 0 0 0 1 
39885980090233;0.0427632;0.568282;21;0.996399 -0.0847602 0.00200995 0.126722 0.0847562 0.9964 0.00197452 0.197402 -0.00217008 -0.00179706 0.999996 -0.0135993 0 0 0 1 
39885980090234;0.404716;0.304896;9;0.987918 0.0737554 -0.136301 0.0672517 -0.0141226 0.918678 0.394754 0.212303 0.154332 -0.38806 0.90862 -0.444591 0 0 0 1 
39885980090235;0.881271;1.36312;32;0.976611 0.163458 -0.139687 0.886321 -0.186109 0.96798 -0.168458 1.6199 0.107678 0.190514 0.975761 -0.636281 0 0 0 1 
39885980090236;1.0378;1.2125;25;0.958351 0.285287 -0.0132055 0.294767 -0.28535 0.958418 -0.00319078 1.71305 0.0117461 0.00682608 0.999908 -0.875025 0 0 0 1 
39885980090237;0.452033;0.469727;15;0.977311 0.0670351 -0.20092 0.109525 -0.00568604 0.956557 0.291489 0.313846 0.211731 -0.283733 0.935236 -0.775413 0 0 0 1 
39885980090238;0.922552;0.446351;23;0.946753 0.0601807 -0.316287 0.221268 -0.127241 0.972341 -0.195864 1.17661 0.295752 0.22568 0.928224 -0.376837 0 0 0 1 
39885980090239;0.393854;0.359682;9;0.995508 -0.0163082 -0.0932661 0.0307363 -0.00948739 0.962915 -0.269639 0.166668 0.0942046 0.269313 0.958434 -0.274213 0 0 0 1 
39885980090240;0.68439;0.938984;27;0.977639 0.210136 -0.00805106 0.171743 -0.210007 0.973622 -0.0892033 1.7448 -0.0109062 0.0888994 0.995981 -0.29216 0 0 0 1 
39885980090241;0.655728;0.529439;22;0.959669 0.00505804 0.281086 0.0566033 0.0689408 0.965075 -0.252741 0.459766 -0.272547 0.261926 0.925804 0.321689 0 0 0 1 
39885980090242;0.353633;0.833077;21;0.902598 0.23972 0.357564 0.330479 -0.12468 0.940579 -0.315858 1.07741 -0.412034 0.240511 0.878853 1.16676 0 0 0 1 
39885980090243;1.27115;0.927541;32;0.99462 -0.0975374 0.0348896 0.262071 0.0967183 0.995012 0.0244469 0.495907 -0.0371001 -0.0209409 0.999092 0.852227 0 0 0 1 
39885980090244;0.554019;1.22399;25;0.987786 -0.0983393 0.120868 0.290753 0.0707416 0.974168 0.21446 0.460185 -0.138836 -0.20329 0.969225 0.306807 0 0 0 1 
39885980090245;0.651828;0.989288;32;0.986939 0.147172 -0.065513 0.0465732 -0.149555 0.988201 -0.0330556 1.35091 0.0598751 0.0424217 0.997304 0.247691 0 0 0 1 
39885980090246;0.546588;1.21172;24;0.992526 0.0834881 -0.0890026 0.381588 -0.0732633 0.990943 0.112538 0.922369 0.097592 -0.105176 0.989653 -0.544104 0 0 0 1 
39885980090248;0.37448;0.145154;24;0.945723 -0.263326 0.19044 -0.151967 0.25316 0.964409 0.0763232 0.178396 -0.20376 -0.0239689 0.978728 0.033347 0 0 0 1 
39885980090249;0.482365;0.365059;20;0.987958 -0.146698 -0.0491778 0.14119 0.147539 0.988958 0.01391 0.118471 0.0465942 -0.0209982 0.998693 -0.331591 0 0 0 1 
39885980090250;0.869457;0.12029;36;0.93659 0.0459137 0.347405 -0.0355089 -0.116004 0.976106 0.183738 -0.664442 -0.330668 -0.212388 0.919538 0.333913 0 0 0 1 
39885980090251;0.521745;0.102595;24;0.995764 -0.0721527 -0.0569875 0.0237397 0.0713574 0.997325 -0.0158712 -0.276331 0.0579802 0.0117375 0.998249 0.323474 0 0 0 1 
39885980090252;1.01023;0.120639;16;0.996413 0.080857 0.0249746 0.267593 -0.0845381 0.964503 0.250176 -0.12213 -0.00385955 -0.25139 0.967878 -0.94788 0 0 0 1 
39885980090253;0.430197;0.0952246;27;0.97615 0.147426 -0.159363 0.0945838 -0.104074 0.961997 0.252449 0.269116 0.190524 -0.229843 0.954396 -0.0938996 0 0 0 1 
39885980090254;0.437029;0.128317;12;0.997566 -0.0623539 0.031207 -0.00173962 0.0634555 0.997348 -0.0356489 0.153 -0.0289013 0.0375424 0.998877 0.394868 0 0 0 1 
