#;prob_registration_l1 -r /home/probabilistic_point_clouds_registration/build/tester /home/point_clouds_registration_benchmark//devel/registration_pairs/planetary_map_local.txt /home/point_clouds_registration_benchmark//planetary/p2at_met -s 0.2 -t 0.2 -p 0.3 -r 1000 -m 10 -i 100 
id;initial_error;final_error;transformation
25528382210000;2.8561;1.53582;10;0.9997 -0.0236601 0.00637799 -1.29851 0.0235647 0.999615 0.0146448 -0.462808 -0.00672203 -0.0144902 0.999872 1.5435 0 0 0 1 
25528382210001;2.11331;1.59298;10;0.999964 -0.00571661 -0.00632861 -0.368295 0.00670294 0.985628 0.168797 -0.9647 0.00527271 -0.168833 0.985631 -9.1783 0 0 0 1 
25528382210002;1.70145;1.49022;10;0.975381 0.0123306 0.220179 1.22943 0.0437074 0.967819 -0.247822 -2.34783 -0.21615 0.251344 0.943454 13.9624 0 0 0 1 
25528382210003;1.37022;0.441248;9;0.999999 -0.00098897 -0.000375022 -0.369411 0.000991804 0.99997 0.00763404 0.0375118 0.000367461 -0.00763441 0.999971 0.704041 0 0 0 1 
25528382210004;1.75339;1.25966;10;0.966919 -0.0436774 0.251315 -1.8208 0.0118023 0.991837 0.126968 -0.202541 -0.254809 -0.119802 0.959542 -5.54528 0 0 0 1 
25528382210005;0.735848;0.404248;10;0.994118 0.00701712 0.108073 0.594009 0.0270046 0.950318 -0.310108 -3.14471 -0.10488 0.311202 0.944539 16.622 0 0 0 1 
25528382210006;1.57164;0.546437;11;0.997307 -0.0188636 -0.0708671 -1.03805 0.0178698 0.999733 -0.0146308 -0.137125 0.0711242 0.013325 0.997378 -1.34473 0 0 0 1 
25528382210007;1.73822;1.39524;9;0.999979 -0.00562213 -0.0031513 0.0164939 0.00543799 0.998434 -0.0556778 -0.40383 0.00345939 0.0556595 0.998444 2.31005 0 0 0 1 
25528382210008;0.906109;0.878479;9;0.995176 0.0127554 0.0972727 0.925375 -0.0133245 0.999898 0.00520298 0.112114 -0.0971963 -0.00647399 0.995244 0.211108 0 0 0 1 
25528382210009;0.490985;0.253932;10;0.970808 0.0444917 -0.235696 2.10789 -0.019869 0.994186 0.105831 0.154492 0.239034 -0.0980587 0.966047 -6.51076 0 0 0 1 
25528382210010;2.17163;1.26119;11;0.990401 -0.0395254 -0.132454 -1.80157 -0.0218177 0.901531 -0.432164 -4.57465 0.136492 0.430905 0.892015 18.4011 0 0 0 1 
25528382210011;2.42393;1.64467;10;0.999677 0.0219858 -0.0127382 1.0674 -0.0199336 0.989461 0.143419 0.0628723 0.0157572 -0.143119 0.98958 -8.82233 0 0 0 1 
25528382210012;1.04957;0.436889;10;0.997715 -0.0206004 -0.0643404 -1.05587 0.0166864 0.998011 -0.0607878 -0.789377 0.0654647 0.0595753 0.996075 3.17428 0 0 0 1 
25528382210013;1.47687;1.22822;9;0.999961 -0.00847196 0.00264996 -0.386405 0.00845274 0.999938 0.00718517 -0.0470229 -0.00271067 -0.00716248 0.999971 0.287145 0 0 0 1 
25528382210014;2.77484;2.23694;11;0.982787 -0.0118773 0.184358 0.0249923 -0.0543203 0.935239 0.349826 -2.534 -0.176574 -0.353819 0.918495 -15.6485 0 0 0 1 
25528382210015;1.8346;1.721;10;0.997043 0.00329241 0.0767718 0.296332 0.00201731 0.997616 -0.0689824 -0.218066 -0.0768159 0.0689333 0.994659 4.61424 0 0 0 1 
25528382210016;0.567147;0.419778;11;0.99429 0.003138 -0.106662 0.0257255 0.0142401 0.986725 0.161775 -0.85638 0.105753 -0.16237 0.981047 -9.30232 0 0 0 1 
25528382210017;2.04883;1.43344;12;0.951574 0.0342979 -0.305502 1.23513 0.0340457 0.975887 0.215605 -1.2948 0.30553 -0.215566 0.927461 -11.625 0 0 0 1 
25528382210018;2.95759;1.62844;9;0.99907 0.0415413 -0.0115805 1.57243 -0.0338489 0.921754 0.386296 -2.52383 0.0267216 -0.385545 0.922302 -17.5697 0 0 0 1 
25528382210019;2.21355;1.91431;9;0.995785 0.0149163 0.0904976 1.02599 -0.0144384 0.999878 -0.00593336 0.264555 -0.0905751 0.0046017 0.995879 -0.0579736 0 0 0 1 
25528382210020;0.308749;0.339033;10;0.982583 -0.0349316 0.182512 -1.51202 0.0789288 0.967626 -0.239728 -2.72558 -0.168229 0.249958 0.95353 13.4737 0 0 0 1 
25528382210021;1.80312;1.38321;9;0.999848 0.0166102 -0.00522775 0.921225 -0.0162994 0.998368 0.0547411 0.00654361 0.00612847 -0.0546476 0.998487 -1.94186 0 0 0 1 
25528382210022;2.94324;2.52404;10;0.872443 -0.0366667 -0.487339 -1.93987 0.00304732 0.99757 -0.0696004 -0.0361401 0.488707 0.0592373 0.870435 0.0752384 0 0 0 1 
25528382210023;1.21687;0.941159;10;0.888025 -0.0105618 -0.459675 -0.454848 -0.0269608 0.99682 -0.074988 0.16046 0.459005 0.0789843 0.884916 0.128903 0 0 0 1 
25528382210024;1.44022;1.37399;9;0.99879 -0.0196008 0.0451073 -0.969378 0.0215193 0.998867 -0.0424468 -0.46464 -0.0442243 0.0433661 0.99808 2.01967 0 0 0 1 
25528382210025;2.35204;2.13947;8;0.999991 0.00181968 -0.00375285 0.360652 -0.00179206 0.999971 0.00735173 -0.127315 0.00376612 -0.00734494 0.999966 -0.554205 0 0 0 1 
25528382210026;1.69358;0.497737;10;0.997793 0.00347186 0.066316 0.104965 -0.00468796 0.999824 0.0181911 0.328653 -0.0662412 -0.0184619 0.997633 -2.01208 0 0 0 1 
25528382210027;2.42888;1.60698;11;0.997579 -0.0154495 0.0678034 -0.924428 0.0169401 0.999626 -0.0214645 -0.3664 -0.0674465 0.0225611 0.997468 3.25896 0 0 0 1 
25528382210028;0.814222;0.295848;10;0.96999 0.0103362 -0.242925 0.701064 -0.0304487 0.996395 -0.0791851 0.135546 0.24123 0.0842055 0.966808 1.7792 0 0 0 1 
25528382210029;0.390701;0.330702;11;0.972594 -0.0581816 -0.225111 -3.0294 -0.00866365 0.958444 -0.285148 -2.50719 0.232347 0.279284 0.931674 12.0813 0 0 0 1 
25528382210031;1.54457;0.775889;10;0.999561 0.0237078 -0.0177939 0.636269 -0.0227973 0.998502 0.0497364 -0.0167463 0.0189463 -0.0493089 0.998604 -3.1536 0 0 0 1 
25528382210032;0.49374;0.401142;10;0.999764 0.0213675 -0.00395646 0.56702 -0.0207444 0.992664 0.119116 -0.0262361 0.00647265 -0.119006 0.992872 -3.66796 0 0 0 1 
25528382210033;0.496545;0.369917;9;0.998373 0.0071136 0.0565684 0.200787 -0.00793324 0.999867 0.014278 0.0106309 -0.0564593 -0.0147036 0.998297 -0.453548 0 0 0 1 
25528382210034;1.67751;1.35994;11;0.999557 -0.005767 -0.0291996 -0.134874 0.00269971 0.994572 -0.104014 -0.209909 0.029641 0.103889 0.994147 1.86404 0 0 0 1 
25528382210035;1.14274;0.496216;10;0.996732 0.0191503 -0.0784828 0.592846 -0.0155588 0.998815 0.0461206 -0.000663522 0.079273 -0.0447488 0.995848 -3.26381 0 0 0 1 
25528382210036;0.657758;0.233468;10;0.998554 0.0156299 0.051443 0.397942 -0.021716 0.992541 0.119964 0.192595 -0.0491843 -0.120907 0.991445 -2.73642 0 0 0 1 
25528382210037;0.42747;0.291208;10;0.942412 0.0250665 -0.333515 0.93877 -0.00503276 0.998137 0.0607975 -0.109843 0.334417 -0.0556178 0.940782 -5.02893 0 0 0 1 
25528382210038;2.16463;1.54063;9;0.995043 -0.0184996 -0.0977047 -0.714462 0.0151168 0.999264 -0.0352506 -0.258021 0.0982849 0.0335989 0.994591 1.7546 0 0 0 1 
25528382210039;1.45509;1.22168;9;0.999825 0.00325493 0.0184082 0.0750001 -0.00441342 0.997988 0.0632474 0.0475822 -0.0181653 -0.0633176 0.997828 -1.02566 0 0 0 1 
25528382210040;1.05221;1.06233;10;0.995591 -0.0178067 -0.0920922 -0.511748 0.0133558 0.998723 -0.0487237 -0.222607 0.0928422 0.0472789 0.994558 0.377815 0 0 0 1 
25528382210041;1.71424;0.966021;10;0.909726 -0.0192322 0.414763 0.911841 -0.00823035 0.997895 0.0643238 0.145023 -0.415127 -0.0619307 0.907653 3.28407 0 0 0 1 
25528382210042;0.574012;0.365877;10;0.988911 0.000962461 0.148509 0.0495034 0.0481292 0.943934 -0.326607 -2.31723 -0.140497 0.330132 0.93342 11.6226 0 0 0 1 
25528382210043;0.513876;0.201996;10;0.999953 0.00499091 0.0083123 0.335835 -0.00660676 0.978228 0.207428 -0.393388 -0.00709607 -0.207473 0.978215 -6.7703 0 0 0 1 
25528382210044;0.355334;0.243279;11;0.91477 -0.00942976 0.403864 0.755238 -0.0455254 0.990953 0.126255 0.165344 -0.401401 -0.13388 0.906065 -0.813306 0 0 0 1 
25528382210045;1.15928;1.06228;9;0.999253 0.00411043 -0.0384143 0.0104229 -0.00594606 0.99884 -0.0477936 -0.0276412 0.0381733 0.0479864 0.998118 0.840004 0 0 0 1 
25528382210046;2.5411;1.25284;10;0.995148 0.0211646 0.0960906 0.80882 -0.0576542 0.916803 0.395155 -2.2084 -0.0797329 -0.398778 0.913575 -13.7946 0 0 0 1 
25528382210047;2.63214;2.34325;9;0.962884 -0.0789884 -0.258098 -2.56146 -0.0150598 0.93901 -0.343559 -2.19267 0.269494 0.334694 0.902969 8.75823 0 0 0 1 
25528382210048;0.0550198;0.107821;8;0.999728 0.00918685 -0.0214447 0.155296 -0.00950234 0.999847 -0.0146567 0.0788475 0.0213068 0.0148565 0.999663 0.196696 0 0 0 1 
25528382210049;0.624254;0.326231;9;0.999006 0.0182947 0.0406378 0.499239 -0.0266106 0.976331 0.214638 -0.271131 -0.0357492 -0.215506 0.975848 -5.88516 0 0 0 1 
25528382210050;1.7141;0.266915;9;0.999675 0.0120674 0.0224596 0.191472 -0.0109289 0.998682 -0.0501409 0.148439 -0.0230351 0.0498791 0.99849 3.56127 0 0 0 1 
25528382210051;0.731618;0.73788;9;0.998826 0.010341 -0.0473287 0.257799 -0.0058794 0.995606 0.0934537 -0.00740913 0.0480872 -0.0930657 0.994498 -3.25637 0 0 0 1 
25528382210052;0.501673;0.464719;9;0.945751 0.014582 -0.324564 0.745882 0.0244457 0.992966 0.115845 -0.365095 0.323971 -0.117494 0.938743 -6.38876 0 0 0 1 
25528382210053;0.245766;0.305211;9;0.99643 0.00224535 0.0843986 0.0446624 0.0100336 0.989413 -0.144781 -0.549542 -0.0838302 0.145111 0.985858 5.03754 0 0 0 1 
25528382210054;2.27774;1.77395;10;0.998441 -0.00612935 0.0554847 -0.163625 0.0090132 0.998613 -0.0518756 -0.0839852 -0.0550898 0.0522949 0.997111 3.47747 0 0 0 1 
25528382210055;0.613367;0.680312;9;0.996811 0.0135195 -0.078641 0.230636 -0.011245 0.999508 0.0292928 0.0455951 0.0789983 -0.0283151 0.996473 -1.43758 0 0 0 1 
25528382210056;2.21606;2.0327;10;0.992694 0.0372037 -0.114785 1.21903 -0.0114116 0.975963 0.217635 -0.57984 0.120122 -0.214735 0.969257 -8.44242 0 0 0 1 
25528382210057;2.17431;1.89614;9;0.999898 -0.00290588 -0.0140187 -0.32506 0.00236681 0.999263 -0.0383183 -0.229543 0.0141197 0.0382812 0.999167 1.75433 0 0 0 1 
25528382210058;0.777574;0.448951;10;0.944115 0.0965842 -0.315148 3.00072 0.028331 0.92879 0.369522 -2.21189 0.328397 -0.3578 0.874148 -13.7491 0 0 0 1 
25528382210059;0.655634;0.313382;9;0.998406 0.0220363 -0.0519651 0.594768 -0.0170945 0.995454 0.0936959 -0.0337132 0.0537936 -0.0926582 0.994244 -4.04566 0 0 0 1 
25528382210060;1.3379;0.439119;10;0.944744 -0.0627961 -0.321737 -1.97727 -0.0035592 0.979457 -0.20162 -0.938217 0.327789 0.191625 0.925113 4.31103 0 0 0 1 
25528382210062;1.314;0.935137;9;0.996192 0.0109285 -0.0864965 0.475622 -0.00661659 0.998728 0.0499809 -0.00593558 0.0869327 -0.0492183 0.994998 -2.11974 0 0 0 1 
25528382210063;2.15505;1.46565;9;0.999974 -0.00701289 -0.00180308 -0.420854 0.00690971 0.998624 -0.0519753 0.0815541 0.0021651 0.0519615 0.998647 3.13111 0 0 0 1 
25528382210064;0.553066;0.450624;10;0.984795 -0.000600214 0.173721 0.0117502 0.0268008 0.988547 -0.148514 -0.730016 -0.171642 0.150912 0.973532 10.0637 0 0 0 1 
25528382210065;1.61508;0.705837;9;0.994577 0.0259876 -0.100705 1.84905 -0.00848155 0.985321 0.170503 -0.847273 0.103658 -0.168724 0.980197 -12.4519 0 0 0 1 
25528382210066;1.78743;0.980782;9;0.999972 0.000549601 0.00744389 -0.0323692 -0.000722881 0.999728 0.0232955 0.0206446 -0.00742906 -0.0233003 0.999701 -0.763534 0 0 0 1 
25528382210067;0.672032;0.584104;9;0.993614 -0.0168758 -0.11156 -2.20778 0.00654999 0.995711 -0.0922842 -0.532579 0.112639 0.0909642 0.989463 11.8996 0 0 0 1 
25528382210068;1.84994;0.803701;9;0.997884 0.00760234 -0.0645772 0.0913073 -0.00430739 0.998689 0.0510103 0.0908281 0.0648804 -0.0506241 0.996608 -1.65795 0 0 0 1 
25528382210069;2.23987;0.424721;9;0.981062 -0.0317444 -0.191075 -3.58972 -0.0135568 0.972806 -0.231225 -3.11624 0.193219 0.229436 0.953953 24.8755 0 0 0 1 
25528382210070;2.2156;0.862636;9;0.99993 -0.00131109 -0.0117656 -0.455593 0.00136384 0.999989 0.0044765 0.00714816 0.0117596 -0.00449223 0.999921 2.20269 0 0 0 1 
25528382210071;1.44584;1.25564;9;0.999059 -0.0431219 0.00475155 -4.26168 0.040567 0.889774 -0.454595 -11.0288 0.0153752 0.45436 0.890685 44.5377 0 0 0 1 
25528382210072;1.6175;1.62928;9;0.998213 -0.0425462 -0.0419558 -4.49597 0.0246902 0.933091 -0.358792 -7.11015 0.0544139 0.357115 0.932474 36.9827 0 0 0 1 
25528382210073;2.148;0.381001;9;0.999104 0.00682298 -0.0417737 0.142918 -0.00488377 0.998913 0.0463492 0.143438 0.0420446 -0.0461037 0.998051 -1.1202 0 0 0 1 
25528382210074;1.21241;0.390683;9;0.99138 -0.00657567 0.130855 -0.467064 0.00467721 0.999879 0.0148101 0.185915 -0.130937 -0.0140704 0.991291 -6.27195 0 0 0 1 
25528382210075;0.469924;0.149507;9;0.967566 -0.024638 -0.251415 -3.89952 -0.0166716 0.986835 -0.160867 -2.08089 0.252068 0.159841 0.954417 21.4951 0 0 0 1 
25528382210076;1.94829;1.25874;9;0.999887 0.0061449 -0.01369 0.285614 -0.00503364 0.9968 0.0797782 0.14162 0.0141364 -0.0797003 0.996719 -5.62995 0 0 0 1 
25528382210077;1.55351;0.713411;9;0.999841 0.0102955 -0.0145614 1.16175 -0.00931823 0.997799 0.0656581 -0.246035 0.0152053 -0.065512 0.997736 -8.01373 0 0 0 1 
25528382210078;1.78754;1.47895;9;0.999834 0.000614929 0.0182296 0.0261288 -0.00118775 0.999505 0.0314282 0.072169 -0.0182013 -0.0314447 0.99934 -2.6479 0 0 0 1 
25528382210079;0.52952;0.390783;9;0.966255 -0.0176081 -0.256985 -3.29208 -0.00980287 0.994424 -0.104994 -1.02239 0.257401 0.103971 0.960695 16.2803 0 0 0 1 
25528382210080;0.579865;0.165501;9;0.99994 -0.000231331 -0.0109889 -0.113505 0.000241996 1 0.000969212 0.00835035 0.0109887 -0.000971813 0.999939 0.754507 0 0 0 1 
25528382210081;1.6725;1.65469;9;0.999627 -0.00889862 0.0258314 -0.781519 0.0106627 0.997561 -0.0689774 -0.148849 -0.0251546 0.0692271 0.997284 6.01733 0 0 0 1 
25528382210082;1.80785;0.165554;10;0.960065 -0.013301 0.27946 -1.10661 -0.0270565 0.989773 0.14006 -1.0938 -0.278465 -0.142027 0.949887 -19.2947 0 0 0 1 
25528382210083;0.928935;0.236932;9;0.981664 -0.0366136 -0.187069 -4.92654 -0.00308328 0.978201 -0.207636 -3.06412 0.190593 0.204405 0.960152 25.8709 0 0 0 1 
25528382210084;1.83208;1.47531;9;0.998774 -0.0159891 -0.0468535 -1.63524 0.00984271 0.991649 -0.12859 -0.754944 0.0485183 0.127971 0.99059 12.3355 0 0 0 1 
25528382210085;0.401662;0.268815;10;0.993898 0.051623 -0.0974775 4.81547 -0.0197971 0.952859 0.302768 -4.31251 0.108512 -0.298991 0.948066 -27.6061 0 0 0 1 
25528382210086;1.45129;1.19751;9;0.9967 0.00303292 -0.0811199 -0.114162 -0.00512799 0.999658 -0.025631 -0.13135 0.0810144 0.0259624 0.996375 5.3468 0 0 0 1 
25528382210087;0.345605;0.138576;10;0.939289 -0.00756655 0.343045 -1.2454 0.0371208 0.99613 -0.0796686 0.291777 -0.341114 0.0875659 0.935934 0.074199 0 0 0 1 
25528382210088;0.167837;0.14032;8;0.999924 -0.00594756 -0.0108308 -0.662981 0.00596643 0.999981 0.00171094 0.150405 0.0108204 -0.00177543 0.99994 -0.213867 0 0 0 1 
25528382210089;1.83562;1.80514;9;0.99986 -0.0032804 0.0164174 -0.282987 0.00383279 0.999424 -0.0337289 -0.0119172 -0.0162973 0.0337871 0.999296 2.57857 0 0 0 1 
25528382210090;2.15758;0.156643;9;0.999988 0.00113504 -0.00481892 -0.0968375 -0.00126846 0.999613 -0.0277744 -0.245466 0.00478553 0.0277801 0.999603 5.43693 0 0 0 1 
25528382210091;0.893388;0.495633;9;0.99985 -0.0145358 0.00936998 -1.47805 0.015581 0.992242 -0.123339 -0.809782 -0.00750446 0.123467 0.99232 12.7276 0 0 0 1 
25528382210093;1.89713;0.248899;11;0.977604 0.0453308 -0.205514 -1.09335 -0.0256597 0.994915 0.0973912 -0.429526 0.208884 -0.0899365 0.973796 4.45504 0 0 0 1 
25528382210094;0.825331;0.207808;11;0.997966 0.0154101 -0.0618515 -0.113846 0.00566002 0.945081 0.326788 0.512826 0.0634905 -0.326473 0.943072 -1.96359 0 0 0 1 
25528382210095;0.858473;0.761018;15;0.961211 0.061555 0.268857 0.417884 -0.0993356 0.986623 0.129254 -1.46037 -0.257304 -0.150948 0.954468 -4.44412 0 0 0 1 
25528382210096;0.8797;0.330775;11;0.957689 0.0502691 0.28338 0.509401 -0.153995 0.921325 0.356995 -2.43158 -0.243139 -0.38553 0.890084 -7.04744 0 0 0 1 
25528382210097;2.1961;1.31065;11;0.998484 0.00313624 0.0549492 0.283724 -0.00465333 0.999611 0.0275028 -0.402081 -0.0548415 -0.0277168 0.99811 -2.33059 0 0 0 1 
25528382210098;1.08082;0.341435;12;0.99973 0.023173 -0.00183062 0.267094 -0.023245 0.996946 -0.0745557 -1.02803 9.73519e-05 0.0745781 0.997215 -0.186395 0 0 0 1 
25528382210099;0.565162;0.348309;11;0.94821 -0.0530749 -0.313179 -1.91551 0.0151413 0.992373 -0.122336 0.0151388 0.317283 0.111258 0.941782 5.78553 0 0 0 1 
25528382210100;1.81678;1.78676;10;0.998558 0.0475107 0.0249993 0.476973 -0.0522153 0.967738 0.246488 -0.512287 -0.012482 -0.247438 0.968823 -1.65373 0 0 0 1 
25528382210101;0.708323;0.435939;10;0.998838 -0.0307203 -0.0371329 -0.44072 0.0290583 0.998587 -0.0444985 0.485498 0.0384474 0.0433678 0.998319 1.36063 0 0 0 1 
25528382210102;2.25601;1.75072;11;0.996765 -0.00485314 -0.0802305 -0.013282 -0.00432536 0.99349 -0.113833 -0.492795 0.0802606 0.113812 0.990255 0.75475 0 0 0 1 
25528382210103;0.72475;0.477834;10;0.998949 0.0452547 -0.00727924 0.411727 -0.0445306 0.99581 0.0798665 -0.733702 0.0108631 -0.0794584 0.996779 0.325628 0 0 0 1 
25528382210104;2.73972;1.58123;10;0.990446 0.0504018 -0.12836 -0.205868 -0.0129172 0.96063 0.277529 0.525247 0.137295 -0.27322 0.952103 2.44024 0 0 0 1 
25528382210105;1.37462;0.335519;23;0.986194 0.0455083 0.15922 0.447454 0.038301 0.872741 -0.486679 -1.85847 -0.161106 0.486058 0.858948 -0.59155 0 0 0 1 
25528382210106;1.98093;0.158998;10;0.99456 -0.0629591 -0.082987 -0.22229 0.0283091 0.930055 -0.366327 -0.160416 0.100246 0.361985 0.926778 1.95913 0 0 0 1 
25528382210107;2.7132;2.0687;11;0.99949 0.00809564 0.0308889 0.253288 -0.00973206 0.998536 0.0532004 -0.20492 -0.030413 -0.0534739 0.998106 -2.44337 0 0 0 1 
25528382210108;2.24596;0.817276;23;0.983864 0.0428923 -0.173699 0.0685393 -0.0357385 0.998387 0.044107 -1.64754 0.17531 -0.0371876 0.983811 1.38654 0 0 0 1 
25528382210109;1.35089;0.305104;10;0.99683 0.0136494 0.0783844 0.463297 -0.00634763 0.995678 -0.0926572 -0.24608 -0.0793103 0.0918659 0.992608 -1.83652 0 0 0 1 
25528382210110;1.54595;0.92356;11;0.997075 0.0701423 -0.0303518 0.147259 -0.0457476 0.865871 0.498171 0.133684 0.0612236 -0.495326 0.866547 -2.21812 0 0 0 1 
25528382210111;0.364366;0.250883;10;0.985422 -0.0162926 -0.169349 -0.860364 0.00868464 0.998923 -0.0455687 -0.0334497 0.169909 0.0434336 0.984502 3.22206 0 0 0 1 
25528382210112;2.44837;2.01498;10;0.994465 -0.0115276 0.104434 -0.0100965 -0.0102312 0.978615 0.205446 0.423536 -0.104569 -0.205378 0.97308 -1.25093 0 0 0 1 
25528382210113;0.357128;0.305468;9;0.998621 0.0496212 0.0171492 0.466312 -0.0506305 0.996631 0.0645286 -0.834184 -0.0138895 -0.0653079 0.997768 -0.234667 0 0 0 1 
25528382210114;2.52967;0.829912;12;0.947315 -0.0447818 0.317158 -0.878974 0.146253 0.941406 -0.303916 1.699 -0.284964 0.33429 0.898357 -4.58239 0 0 0 1 
25528382210115;1.99023;0.288998;11;0.998013 -0.00706601 -0.0626094 -0.552882 0.00802578 0.999854 0.0150913 0.27157 0.0624936 -0.0155638 0.997924 2.93437 0 0 0 1 
25528382210116;0.274109;0.251803;10;0.998516 0.0115701 -0.0532253 -0.224147 0.00195852 0.96892 0.247365 0.486365 0.0544331 -0.247102 0.967459 -0.635407 0 0 0 1 
25528382210117;0.456139;0.294695;11;0.974119 0.0381284 0.222797 0.39558 -0.081399 0.978713 0.188402 -1.11437 -0.210871 -0.201662 0.956486 -4.70352 0 0 0 1 
25528382210118;1.00279;0.173783;10;0.998546 -0.0022198 0.0538639 -0.00890266 0.00156327 0.999924 0.0122278 0.0259354 -0.053887 -0.0121258 0.998473 -1.83307 0 0 0 1 
25528382210119;1.53716;0.969902;12;0.994377 0.0416885 0.0973511 0.146907 -0.0190437 0.974664 -0.22286 -1.4652 -0.104175 0.219753 0.969977 0.392652 0 0 0 1 
25528382210120;1.16367;0.547659;10;0.999673 -0.0038719 0.0252759 0.0339628 0.00324287 0.999685 0.0248804 0.465759 -0.0253643 -0.0247903 0.999371 0.332639 0 0 0 1 
25528382210121;1.92017;1.49178;11;0.998587 0.0126577 0.0516114 0.265557 -0.0227838 0.979402 0.200629 0.064895 -0.0480088 -0.201521 0.978307 -3.04763 0 0 0 1 
25528382210122;1.42171;0.516091;10;0.99556 0.0247759 -0.0908057 0.187016 -0.0273557 0.999254 -0.0272767 -0.424088 0.0900622 0.0296396 0.995495 0.310035 0 0 0 1 
25528382210124;1.41534;0.505317;10;0.999767 0.0141528 -0.0162922 1.2011 -0.0132595 0.99847 0.0536866 -0.33817 0.0170271 -0.0534581 0.998425 -5.73521 0 0 0 1 
25528382210125;0.633729;0.312126;9;0.991851 -0.038355 -0.121489 -3.28401 0.0212108 0.990011 -0.139386 -0.902648 0.125622 0.135673 0.982757 11.9366 0 0 0 1 
25528382210126;0.445145;0.300205;11;0.952039 -0.00639088 -0.305909 -1.31279 0.0129256 0.999729 0.0193407 0.0814707 0.305703 -0.0223671 0.951864 -0.106154 0 0 0 1 
25528382210127;0.670288;0.63084;9;0.998356 -0.0150894 -0.0552961 -1.2827 0.0115896 0.997942 -0.0630747 -0.228853 0.056134 0.0623301 0.996476 5.40096 0 0 0 1 
25528382210128;2.24311;1.75751;10;0.999969 -0.00689154 0.00391677 -0.275319 0.00698019 0.999709 -0.0230902 -0.0678492 -0.00375651 0.0231168 0.999726 -0.14981 0 0 0 1 
25528382210129;1.80511;1.48592;9;0.984969 0.0126729 0.172266 1.26004 -0.0140352 0.999879 0.0066923 0.137361 -0.17216 -0.00900949 0.985028 -0.35957 0 0 0 1 
25528382210130;0.986557;0.168011;9;0.998954 0.0136825 0.0436315 1.04186 -0.0170894 0.996753 0.0786906 -0.0502286 -0.0424131 -0.0793539 0.995944 -5.38632 0 0 0 1 
25528382210131;2.11864;1.87699;10;0.983538 -0.111007 -0.142587 -8.86317 0.0373047 0.896801 -0.440858 -8.37007 0.176811 0.428281 0.886179 34.1512 0 0 0 1 
25528382210132;0.163045;0.155919;8;0.999933 -0.000969047 -0.0115547 -0.0993281 0.000614718 0.999531 -0.0306295 -0.10263 0.011579 0.0306203 0.999464 2.29361 0 0 0 1 
25528382210133;1.8377;0.894851;9;0.999876 -0.00165459 -0.0156791 -0.405013 0.0015051 0.999953 -0.00954185 0.0929029 0.0156941 0.00951707 0.999832 2.75866 0 0 0 1 
25528382210134;1.18998;0.865697;9;0.999994 -0.00353609 0.000595252 -0.371393 0.00355285 0.999512 -0.0310214 -0.0637015 -0.000485267 0.0310234 0.999519 3.33283 0 0 0 1 
25528382210135;0.879278;0.700371;9;0.999161 0.0143508 0.0383705 1.07648 -0.015976 0.998973 0.0423896 -0.0534663 -0.0377228 -0.0429671 0.998364 -2.9922 0 0 0 1 
25528382210136;1.20454;0.971304;10;0.938384 0.0273583 0.34451 2.27366 0.0287487 0.987227 -0.156704 -0.942468 -0.344397 0.156953 0.925612 11.1665 0 0 0 1 
25528382210137;0.490225;0.513429;9;0.999854 -0.0116771 0.0125133 -0.815168 0.0124951 0.997647 -0.0674176 -0.235609 -0.0116966 0.0675641 0.997646 4.96396 0 0 0 1 
25528382210138;0.898047;0.898338;9;0.999887 -0.00939555 0.0117109 -0.65141 0.0103357 0.996497 -0.0829879 -0.319851 -0.0108902 0.0830996 0.996482 6.1351 0 0 0 1 
25528382210139;0.258844;0.194538;9;0.998376 -0.00904312 0.0562446 -0.582561 0.0117628 0.998768 -0.0482128 -0.156986 -0.0557393 0.0487961 0.997252 3.57238 0 0 0 1 
25528382210140;1.51354;1.34824;10;0.999531 -0.0114105 0.0284269 -0.795453 0.0145264 0.993609 -0.111935 -0.534648 -0.026968 0.112295 0.993309 7.83532 0 0 0 1 
25528382210141;0.177514;0.168767;10;0.968634 0.0187505 0.247783 1.67761 -0.0343115 0.99769 0.0586322 -0.267156 -0.246111 -0.0652949 0.96704 -6.68548 0 0 0 1 
25528382210142;1.7221;1.43235;9;0.990943 0.0107567 -0.133849 0.410007 0.00804772 0.990237 0.13916 -0.304735 0.13404 -0.138977 0.981182 -9.71666 0 0 0 1 
25528382210143;1.74732;1.62108;9;0.993508 -0.013785 -0.112925 -1.35173 0.00910571 0.999082 -0.0418485 0.0704774 0.113398 0.0405486 0.992722 3.88571 0 0 0 1 
25528382210144;0.62636;0.589276;10;0.985125 -0.0143191 -0.17124 -1.33501 0.0142299 0.999897 -0.00174817 0.0705673 0.171247 -0.000714562 0.985228 0.819837 0 0 0 1 
25528382210145;2.23099;1.68883;9;0.982745 0.0142712 0.184412 1.59366 -0.0241147 0.998395 0.0512458 -0.0630033 -0.183384 -0.0548086 0.981512 -3.73313 0 0 0 1 
25528382210146;0.123351;0.125655;9;0.987609 -0.0029544 0.156906 -0.0064325 0.00235324 0.999989 0.00401698 0.00687129 -0.156916 -0.00359797 0.987605 -1.25862 0 0 0 1 
25528382210147;2.1323;0.324064;10;0.999938 -0.00272318 0.0107736 -0.472081 0.00286653 0.999907 -0.0133131 0.0910576 -0.0107364 0.0133431 0.999853 3.59257 0 0 0 1 
25528382210148;1.17842;0.503509;9;0.999943 -0.00728121 -0.00778691 -0.666969 0.00695 0.999104 -0.0417482 -0.0580475 0.00808391 0.0416917 0.999098 4.48055 0 0 0 1 
25528382210149;1.8032;1.70543;9;0.9746 0.035164 -0.221175 2.33861 0.0204324 0.969516 0.244176 -2.02203 0.223019 -0.242493 0.944172 -18.455 0 0 0 1 
25528382210150;1.89528;1.80944;9;0.99186 0.00254555 0.127309 0.35204 0.0103285 0.994897 -0.100362 -0.352763 -0.126915 0.10086 0.986772 7.1373 0 0 0 1 
25528382210151;1.38396;0.505754;9;0.999977 0.00649924 0.00211042 0.686396 -0.0064933 0.999975 -0.00280525 -0.185318 -0.0021286 0.00279148 0.999994 -1.59693 0 0 0 1 
25528382210152;1.90731;1.80887;9;0.999422 0.00419127 -0.0337344 0.395308 -0.00132228 0.996412 0.0846236 -0.315834 0.033968 -0.0845301 0.995842 -7.49438 0 0 0 1 
25528382210153;0.627318;0.188694;9;0.968543 -0.0635729 -0.240588 -5.68314 0.023425 0.985816 -0.166189 -1.29164 0.24774 0.155326 0.956294 14.2524 0 0 0 1 
25528382210155;0.972428;0.599258;10;0.996612 -0.0433326 -0.0698997 -2.86377 0.00866737 0.900539 -0.43469 -7.33758 0.0817837 0.432611 0.897863 27.1705 0 0 0 1 
25528382210156;1.01473;0.732649;10;0.991671 0.016959 -0.127675 0.63527 -0.0107931 0.998749 0.0488319 -0.23929 0.128343 -0.0470471 0.990613 -1.50054 0 0 0 1 
25528382210157;0.233342;0.244155;9;0.998467 0.00187895 -0.0553157 -0.0870835 -0.00518477 0.998204 -0.0596801 -0.429236 0.0551042 0.0598755 0.996684 4.70224 0 0 0 1 
25528382210158;0.218897;0.190717;8;0.999937 -0.00588904 -0.0095655 -0.367793 0.00593831 0.999969 0.00513067 0.163391 0.00953499 -0.00518715 0.999941 -0.409134 0 0 0 1 
25528382210159;0.424214;0.202628;9;0.96843 -0.0129696 0.24895 -0.698 0.0967399 0.939936 -0.327356 -2.37727 -0.229751 0.341104 0.911516 14.5406 0 0 0 1 
25528382210160;0.944861;0.797314;10;0.999077 -0.0144951 -0.0404409 -0.906302 0.00650854 0.981563 -0.191028 -1.75259 0.0424643 0.190588 0.980751 11.8628 0 0 0 1 
25528382210161;0.607772;0.420976;9;0.98402 -0.0160059 0.177337 -0.793374 0.0366727 0.992817 -0.113883 0.109998 -0.17424 0.118567 0.977539 1.60608 0 0 0 1 
25528382210162;0.465464;0.274258;10;0.991596 0.00855696 0.129087 0.7914 -0.026566 0.990014 0.138443 -0.669873 -0.126614 -0.140709 0.981922 -12.0356 0 0 0 1 
25528382210163;0.301031;0.191326;9;0.999889 0.00875615 -0.0120135 0.419327 -0.0083688 0.999455 0.0319222 0.0621649 0.0122865 -0.0318181 0.999418 -1.18409 0 0 0 1 
25528382210164;0.262538;0.254378;8;0.999987 -0.00515425 -0.000166661 -0.321372 0.00515509 0.999971 0.00554657 0.164694 0.000138068 -0.00554736 0.999985 -0.535583 0 0 0 1 
25528382210165;0.165591;0.160877;9;0.999918 0.00156933 -0.0126777 -0.0325255 -0.000325512 0.995233 0.0975227 0.0648887 0.0127703 -0.0975106 0.995153 -5.38221 0 0 0 1 
25528382210166;1.12952;0.733165;10;0.972816 0.00682498 -0.23148 -0.530316 0.00243513 0.999209 0.0396946 0.0679827 0.231568 -0.0391792 0.972029 0.868022 0 0 0 1 
25528382210167;0.708722;0.194003;9;0.99479 -0.0152724 -0.100792 -1.63514 0.00911693 0.998081 -0.0612518 -0.233136 0.101534 0.0600138 0.99302 7.3096 0 0 0 1 
25528382210168;1.1418;0.271799;10;0.999816 0.00633763 0.0181298 0.233259 -0.00578656 0.999524 -0.0302887 -0.227299 -0.0183132 0.0301782 0.999377 4.1357 0 0 0 1 
25528382210169;0.757933;0.723698;10;0.995087 0.00635984 0.098797 0.642918 -0.00345833 0.999558 -0.029512 -0.273231 -0.098941 0.0290253 0.99467 -0.883764 0 0 0 1 
25528382210170;0.338329;0.103455;10;0.987991 0.00218473 0.154499 0.26148 0.0596131 0.917097 -0.394182 -4.43584 -0.142552 0.398659 0.905953 19.7331 0 0 0 1 
25528382210171;0.814741;0.691745;10;0.994914 0.0178496 -0.0991311 0.388357 -0.0135648 0.998951 0.0437306 -0.120214 0.0998077 -0.0421635 0.994113 1.02158 0 0 0 1 
25528382210172;0.85032;0.297094;10;0.991081 0.0627159 -0.117581 2.50496 -0.0181139 0.937545 0.347391 -1.94278 0.132025 -0.342163 0.930319 -15.0493 0 0 0 1 
25528382210173;0.630488;0.566559;9;0.99972 0.000492885 -0.0236693 -0.0457045 0.00117523 0.997517 0.0704105 0.233259 0.0236452 -0.0704186 0.997237 -4.49847 0 0 0 1 
25528382210174;0.36066;0.238286;10;0.961523 0.105321 -0.253734 4.11419 -0.00704082 0.932739 0.360483 -2.4699 0.274634 -0.344827 0.897592 -14.4004 0 0 0 1 
25528382210175;0.400793;0.376798;9;0.999771 0.00271929 0.021222 0.255794 -0.000459966 0.994393 -0.105748 -0.648904 -0.0213905 0.105714 0.994166 5.84589 0 0 0 1 
25528382210176;0.342834;0.193888;10;0.984395 0.00220371 0.175958 0.47586 -0.0327854 0.984711 0.171085 -0.90907 -0.172891 -0.174184 0.969417 -14.7848 0 0 0 1 
25528382210177;0.260067;0.1285;10;0.997308 -0.031858 -0.0660411 -2.08983 0.0128551 0.962698 -0.270273 -2.70644 0.072188 0.268697 0.960516 17.1022 0 0 0 1 
25528382210178;0.926206;0.241255;9;0.999827 -0.00625862 0.0175066 -0.531718 0.00608398 0.999931 0.0100108 0.246594 -0.017568 -0.00990256 0.999797 1.22421 0 0 0 1 
25528382210179;0.695785;0.273814;9;0.999963 -0.00591519 -0.00623306 -0.192745 0.00481384 0.986468 -0.163881 -1.00931 0.0071181 0.163845 0.98646 7.97892 0 0 0 1 
25528382210180;0.109455;0.0938487;9;0.999656 0.0125697 0.0230001 0.814341 -0.014102 0.997605 0.0677181 -0.160852 -0.0220938 -0.0680192 0.997439 -4.59236 0 0 0 1 
25528382210181;0.971587;0.631761;9;0.9445 0.00209124 0.328504 -0.396231 0.0163499 0.998441 -0.0533645 0.319007 -0.328103 0.0557738 0.942994 -6.44532 0 0 0 1 
25528382210182;0.540657;0.325481;10;0.998475 0.00372178 0.0550867 0.453641 -0.00309608 0.99993 -0.0114393 -0.180172 -0.0551254 0.0112513 0.998416 -1.70899 0 0 0 1 
25528382210183;0.488607;0.36927;9;0.969999 0.00450922 0.243067 0.452272 -0.00292703 0.999972 -0.00687005 0.00450502 -0.243091 0.00595248 0.969985 -4.76632 0 0 0 1 
25528382210184;0.107925;0.0647638;8;0.99991 0.00792295 -0.0107937 0.380752 -0.00777375 0.999875 0.0137953 -0.118455 0.0109016 -0.0137101 0.999847 -0.359538 0 0 0 1 
25528382210186;2.61464;0.595635;10;0.906161 0.0417362 -0.420868 0.277892 0.047339 0.978857 0.198995 -0.106773 0.420275 -0.200245 0.885026 -5.47019 0 0 0 1 
25528382210187;2.55948;0.240018;10;0.999945 0.0100631 0.00282287 0.66806 -0.0100337 0.999897 -0.0102415 -0.329635 -0.00292565 0.0102126 0.999944 -2.00953 0 0 0 1 
25528382210188;2.1137;0.696639;11;0.99284 -0.0146649 -0.118549 -0.475644 -0.000220217 0.992209 -0.124585 -0.254194 0.119452 0.123719 0.985101 4.44625 0 0 0 1 
25528382210189;3.03095;1.65345;12;0.932531 -0.0110006 0.360923 0.14261 0.027643 0.998777 -0.0409805 0.311816 -0.360031 0.0481926 0.931695 -0.741901 0 0 0 1 
25528382210190;2.58604;2.38342;10;0.943074 0.0384945 0.330346 1.80731 0.0275292 0.980835 -0.192885 -1.04721 -0.33144 0.190999 0.923941 4.35617 0 0 0 1 
25528382210191;2.29839;1.16727;10;0.99405 -0.00470018 0.108827 -0.130493 -0.0351234 0.931876 0.361072 -1.32641 -0.10311 -0.362746 0.926166 -14.0386 0 0 0 1 
25528382210192;1.26077;0.936579;10;0.99757 0.0204758 -0.0665943 0.742465 -0.0181851 0.999228 0.0348242 -0.225281 0.0672559 -0.0335286 0.997172 -1.40072 0 0 0 1 
25528382210193;1.94741;1.26406;11;0.975706 -0.0266362 0.217459 -0.902314 0.055204 0.990445 -0.126374 0.240261 -0.212015 0.135308 0.967854 0.940858 0 0 0 1 
25528382210194;0.500481;0.435916;10;0.99133 0.0682073 -0.11231 2.19719 -0.0186305 0.919049 0.393704 -2.14954 0.130072 -0.388198 0.912351 -14.1857 0 0 0 1 
25528382210195;0.447325;0.153067;10;0.993649 0.00658619 0.112331 0.422241 0.0228163 0.965755 -0.258451 -1.70449 -0.110187 0.259372 0.959471 8.81944 0 0 0 1 
25528382210196;0.672791;0.474434;9;0.999655 -0.0258554 -0.00467372 -1.17305 0.0260346 0.998712 0.0435522 0.560843 0.00354164 -0.0436589 0.99904 -1.50608 0 0 0 1 
25528382210197;1.68816;1.59096;9;0.999818 0.0147271 0.0121594 0.530417 -0.0151804 0.99916 0.0380767 -0.044246 -0.0115884 -0.0382543 0.999201 -1.63112 0 0 0 1 
25528382210198;0.0806703;0.138635;8;0.999697 -0.0245992 -0.000832117 -1.01072 0.0245842 0.999588 -0.0148142 0.339917 0.00119619 0.0147893 0.99989 0.529287 0 0 0 1 
25528382210199;2.04506;0.610817;11;0.985447 -0.0265222 0.167898 -0.776687 0.0280558 0.999583 -0.00676806 0.423469 -0.167649 0.0113801 0.985781 -3.46291 0 0 0 1 
25528382210200;1.86353;1.38446;10;0.985653 -0.08566 -0.145435 -4.26221 0.0357009 0.947959 -0.316385 -2.40186 0.164968 0.306653 0.937416 14.5905 0 0 0 1 
25528382210201;1.69978;1.57498;12;0.978023 -0.0169548 0.207806 -0.34349 -0.00702166 0.993444 0.114102 0.118933 -0.208378 -0.113053 0.971492 -7.97585 0 0 0 1 
25528382210202;3.09717;0.501013;10;0.999585 -0.0152885 0.0244036 -0.918944 0.0164944 0.998613 -0.0500047 0.0304774 -0.0236053 0.0503865 0.998451 4.4293 0 0 0 1 
25528382210203;2.66545;0.389477;10;0.999956 0.00885462 -0.00296366 0.117089 -0.00862036 0.997408 0.0714301 0.224472 0.00358846 -0.0714014 0.997441 -0.445292 0 0 0 1 
25528382210204;2.12678;1.91411;8;0.999969 -0.00759012 0.00216232 -0.392391 0.00757273 0.99994 0.0079395 0.412126 -0.00222245 -0.00792288 0.999966 -0.275671 0 0 0 1 
25528382210205;2.17534;0.446122;12;0.971132 0.0125042 -0.238214 0.179527 -0.00398855 0.999337 0.0361962 -0.161773 0.238509 -0.0342012 0.970538 -0.506302 0 0 0 1 
25528382210206;0.615844;0.278189;9;0.999642 0.00113233 0.026733 0.101569 0.00101456 0.996782 -0.0801587 -0.355142 -0.0267377 0.0801572 0.996424 3.24917 0 0 0 1 
25528382210207;2.70191;2.44714;10;0.998379 -0.0152134 0.0548469 -0.341809 0.0201129 0.995746 -0.0899163 -0.0886291 -0.0532457 0.0908737 0.994438 1.56946 0 0 0 1 
25528382210208;0.254784;0.267179;9;0.998554 0.0230906 -0.048545 0.79959 -0.0216613 0.999322 0.0297666 -0.300599 0.0491994 -0.028672 0.998377 -0.582684 0 0 0 1 
25528382210209;0.401221;0.381866;9;0.999885 0.0115975 -0.00977234 0.394268 -0.0112114 0.999189 0.0386816 -0.0475737 0.010213 -0.0385676 0.999204 -1.36332 0 0 0 1 
25528382210210;3.26762;2.85392;10;0.997882 0.0609956 0.0225932 2.53083 -0.065036 0.929702 0.362524 -2.73772 0.00110747 -0.363226 0.9317 -15.785 0 0 0 1 
25528382210211;2.11433;0.907693;10;0.99865 0.0356818 0.0377535 1.41761 -0.0417802 0.983583 0.175556 -0.448073 -0.0308696 -0.176896 0.983745 -5.79006 0 0 0 1 
25528382210212;0.939666;0.383882;9;0.98161 0.0113114 0.190559 0.756792 0.0235444 0.983447 -0.179658 -0.816615 -0.189437 0.180841 0.965096 4.04883 0 0 0 1 
25528382210213;1.20317;1.02309;11;0.996345 0.00324289 0.0853591 0.268838 -0.0116022 0.995156 0.0976181 0.0969596 -0.084629 -0.0982516 0.991557 -4.76781 0 0 0 1 
25528382210214;2.77469;0.978185;9;0.985136 0.035983 0.167967 1.7907 0.000166927 0.977613 -0.210409 -1.71805 -0.171778 0.20731 0.963076 8.19373 0 0 0 1 
25528382210215;2.52413;2.37082;12;0.999616 0.0168036 -0.0220165 0.625603 -0.0107941 0.968432 0.249045 -0.712942 0.0255063 -0.248712 0.968242 -10.137 0 0 0 1 
25528382210217;1.06109;1.04275;10;0.971611 -0.0165685 -0.236004 -1.73015 0.00728073 0.999166 -0.0401718 -0.0730677 0.236473 0.0373131 0.970921 4.15779 0 0 0 1 
25528382210218;0.551084;0.525028;9;0.999808 0.0174115 0.00900479 1.63456 -0.0179441 0.997858 0.0629041 -0.265933 -0.00789025 -0.0630536 0.997979 -5.5083 0 0 0 1 
25528382210219;0.422673;0.40257;10;0.97463 -0.00569759 0.223749 -0.44662 -0.00345766 0.999173 0.0405044 -0.036949 -0.223795 -0.0402504 0.973805 -4.48055 0 0 0 1 
25528382210220;1.03905;0.941768;10;0.961631 0.0596031 -0.267794 5.19583 -0.021905 0.98968 0.141614 -0.985281 0.273471 -0.130315 0.953012 -10.9977 0 0 0 1 
25528382210221;1.31298;0.68786;9;0.997818 -0.0146827 -0.0643772 -1.59078 0.00568473 0.990446 -0.137782 -1.05768 0.0657852 0.137116 0.988368 14.0211 0 0 0 1 
25528382210222;1.56771;1.23009;10;0.98678 0.0373673 -0.157701 3.82154 -0.0195243 0.993379 0.113212 -0.755409 0.160888 -0.108636 0.980976 -10.9028 0 0 0 1 
25528382210223;0.395381;0.296951;9;0.998266 0.00358809 -0.0587524 0.195563 -0.000500109 0.998621 0.0524897 -0.0496261 0.0588598 -0.0523693 0.996892 -4.20948 0 0 0 1 
25528382210224;1.45898;1.12777;9;0.994905 -0.00357358 -0.100749 -0.758222 0.00536802 0.999832 0.0175456 0.0327259 0.100669 -0.017997 0.994757 -0.141152 0 0 0 1 
25528382210225;0.647882;0.281348;10;0.955677 0.0427407 -0.291297 3.03501 0.00263204 0.988127 0.153618 -0.853672 0.294404 -0.147576 0.944218 -11.5131 0 0 0 1 
25528382210226;0.247807;0.254891;9;0.99445 0.012748 -0.104435 1.10526 -0.0107759 0.999753 0.0194262 -0.102605 0.104657 -0.018193 0.994342 -1.30231 0 0 0 1 
25528382210227;1.67052;0.441562;9;0.999852 -0.00248217 0.0170113 -0.507734 0.00247559 0.999997 0.000408044 -0.0359949 -0.0170123 -0.000365871 0.999855 2.13843 0 0 0 1 
25528382210228;0.941077;0.332906;11;0.99985 -0.00317165 -0.0170268 0.0336149 0.00208237 0.997972 -0.0636149 -0.150431 0.017194 0.0635699 0.997829 4.27852 0 0 0 1 
25528382210229;1.84373;1.80739;9;0.999517 -0.01383 -0.0278151 -1.33333 0.0119236 0.997643 -0.0675718 -0.171483 0.0286841 0.0672075 0.997327 6.25572 0 0 0 1 
25528382210230;0.815476;0.699734;9;0.99994 -0.00721812 -0.00822726 -0.787033 0.00716675 0.999955 -0.0062564 0.0346094 0.00827205 0.00619706 0.999947 0.927861 0 0 0 1 
25528382210231;0.945073;0.485066;9;0.999939 0.00461329 -0.0100335 0.273143 -0.00470389 0.999948 -0.00902513 -0.0692924 0.0099913 0.00907177 0.999909 1.89814 0 0 0 1 
25528382210232;0.385786;0.342886;9;0.994848 0.00512455 0.101246 0.534773 -0.0142557 0.995869 0.0896716 -0.361124 -0.100368 -0.0906529 0.990812 -8.97579 0 0 0 1 
25528382210233;0.215723;0.136141;9;0.999181 0.0365814 0.0172698 3.24977 -0.0402341 0.943011 0.330319 -5.08244 -0.00420209 -0.330743 0.943711 -29.7717 0 0 0 1 
25528382210234;1.80049;1.33437;10;0.999851 -0.0159042 0.00666106 -1.15037 0.016328 0.99746 -0.0693288 0.0270631 -0.00554152 0.0694272 0.997572 4.1411 0 0 0 1 
25528382210235;1.841;1.9531;10;0.981015 0.00409762 0.19389 0.525017 -0.0431506 0.979327 0.19763 -1.73509 -0.189072 -0.202244 0.960911 -18.3986 0 0 0 1 
25528382210236;0.783834;0.539532;9;0.992376 0.00259457 0.123222 0.334457 -0.0086038 0.998798 0.0482603 -0.114779 -0.122949 -0.0489525 0.991205 -4.22135 0 0 0 1 
25528382210237;0.646121;0.483563;10;0.995764 -0.00290737 -0.0919023 -0.190257 0.00258765 0.99999 -0.00359787 0.0354141 0.0919118 0.00334481 0.995762 -0.0554483 0 0 0 1 
25528382210238;0.978297;0.799297;9;0.994517 -0.0157384 0.103388 -1.46424 0.0278667 0.992748 -0.116935 -0.604795 -0.100798 0.119175 0.987743 10.849 0 0 0 1 
25528382210239;1.51578;0.133903;9;0.995429 -0.00947661 0.0950297 -1.24112 0.0151423 0.998139 -0.0590774 -0.147177 -0.094293 0.0602463 0.99372 7.07006 0 0 0 1 
25528382210240;0.466545;0.408114;10;0.99973 0.0228547 -0.00414041 2.01902 -0.0215955 0.980256 0.19655 -1.69136 0.00855075 -0.196407 0.980485 -17.5075 0 0 0 1 
25528382210241;1.93577;1.81416;9;0.98933 0.00682177 0.14553 0.748607 -0.0275776 0.989613 0.141088 -0.875607 -0.143056 -0.143596 0.979242 -13.4411 0 0 0 1 
25528382210242;0.86252;0.465668;9;0.996619 -0.0262887 0.077839 -2.44315 0.0415235 0.978687 -0.201116 -1.96226 -0.0708929 0.203668 0.97647 18.7651 0 0 0 1 
25528382210243;0.905546;0.25449;9;0.970125 -0.0043671 0.242568 -0.243516 -0.00826238 0.998663 0.051024 -0.0475262 -0.242467 -0.0515039 0.968792 -4.58139 0 0 0 1 
25528382210244;0.219604;0.216521;9;0.999843 0.00222508 -0.0175701 0.175148 -0.0025722 0.999801 -0.0197588 -0.0536783 0.0175226 0.0198009 0.99965 1.67801 0 0 0 1 
25528382210245;0.165948;0.110255;9;0.98067 -0.00959618 0.195434 -0.817013 0.00604997 0.999806 0.0187341 0.0592708 -0.195576 -0.0171896 0.980538 -2.72624 0 0 0 1 
25528382210246;1.5805;1.42361;9;0.998577 0.000607656 0.053327 -0.0210815 -0.0015345 0.999848 0.0173411 0.00365751 -0.0533084 -0.0173983 0.998427 -0.801387 0 0 0 1 
25528382210248;1.80404;1.54847;11;0.997359 0.00125895 0.0726159 0.191955 0.0100858 0.987761 -0.15565 -0.716957 -0.0719231 0.155971 0.98514 8.11874 0 0 0 1 
25528382210249;2.65063;0.635853;10;0.999377 -0.014125 0.0323531 -0.549768 0.0137253 0.999827 0.0125444 0.137872 -0.0325246 -0.0120925 0.999398 -3.60987 0 0 0 1 
25528382210250;0.988386;0.213951;11;0.988689 -0.0290542 -0.147138 -2.00975 0.0200568 0.997858 -0.0622676 -0.206718 0.148632 0.0586122 0.987154 3.78508 0 0 0 1 
25528382210251;1.96971;0.539819;11;0.999328 0.00331342 -0.0365103 0.287982 -0.00198406 0.999336 0.0363866 0.586599 0.0366066 -0.0362897 0.998671 -4.20016 0 0 0 1 
25528382210252;1.48555;1.25357;9;0.999833 0.0182825 0.000647773 1.11163 -0.0182814 0.999832 -0.00157504 -0.201556 -0.00067646 0.00156293 0.999999 0.430015 0 0 0 1 
25528382210253;1.51489;0.403248;10;0.999325 0.0128861 0.0344163 0.848076 -0.0115662 0.9992 -0.0382796 0.0494395 -0.0348821 0.0378557 0.998674 0.4264 0 0 0 1 
25528382210254;2.5409;1.9205;10;0.999378 0.0103701 0.0336991 0.670438 -0.0153035 0.988626 0.149613 -0.0226139 -0.0317643 -0.150036 0.98817 -10.2503 0 0 0 1 
25528382210255;0.438009;0.189534;10;0.995574 0.00230367 -0.0939474 -0.0802002 -0.0107079 0.995969 -0.0890516 -0.450342 0.0933636 0.0896635 0.991586 5.0602 0 0 0 1 
