#;prob_registration_l1 -r /home/probabilistic_point_clouds_registration/build/tester /home/point_clouds_registration_benchmark//devel/registration_pairs/stairs_local.txt /home/point_clouds_registration_benchmark//eth/stairs -s 0.2 -t 0.2 -p 0.3 -r 1000 -m 10 -i 100 
id;initial_error;final_error;transformation
5494384560000;0.832403;0.0576422;22;0.992863 0.1184 -0.0142982 0.835844 -0.117527 0.99174 0.051372 0.436781 0.0202626 -0.049325 0.998577 0.351451 0 0 0 1 
5494384560001;0.315086;0.0825538;20;0.913724 0.235211 -0.331338 1.58548 -0.201641 0.970413 0.132817 1.25159 0.352775 -0.0545463 0.934117 -2.36121 0 0 0 1 
5494384560002;0.630491;0.0775496;14;0.999367 -0.0143423 -0.0325437 0.741111 0.0153165 0.999436 0.0298863 -0.324853 0.0320968 -0.0303658 0.999023 0.0493563 0 0 0 1 
5494384560003;0.317466;0.0257721;19;0.969722 -0.0550199 -0.237933 0.890937 0.128513 0.943447 0.305603 -1.80537 0.207663 -0.326927 0.921952 -1.40863 0 0 0 1 
5494384560004;0.657978;0.0320908;13;0.998178 0.0565498 0.021062 -0.192074 -0.0584851 0.992559 0.106802 0.661987 -0.0148657 -0.107839 0.994057 0.601556 0 0 0 1 
5494384560005;0.751618;0.0646483;14;0.994217 -0.0938661 -0.0521688 -0.397654 0.100069 0.986067 0.132882 -1.56771 0.0389688 -0.137334 0.989758 -0.41034 0 0 0 1 
5494384560006;0.696898;0.0858835;32;0.930197 0.309741 -0.196962 1.35288 -0.329535 0.941045 -0.0764209 2.2772 0.16168 0.135992 0.977428 -0.62297 0 0 0 1 
5494384560007;0.399045;0.0589984;29;0.930258 -0.363468 -0.0501174 0.827992 0.36616 0.928375 0.0636143 -3.14397 0.023406 -0.0775287 0.996715 -0.165831 0 0 0 1 
5494384560008;0.231215;0.0411757;18;0.975094 -0.192798 -0.109637 0.396011 0.180298 0.976936 -0.114405 -1.05559 0.129165 0.0917882 0.987366 -0.823726 0 0 0 1 
5494384560009;0.454804;0.0529354;14;0.988917 -0.0221407 -0.14681 0.710537 0.0320525 0.997338 0.0654961 -0.634535 0.144969 -0.0694759 0.986994 -0.700949 0 0 0 1 
5494384560010;0.83506;0.0516189;13;0.999827 0.0170463 -0.00746816 -0.0123661 -0.0166731 0.998734 0.0474628 0.135848 0.00826777 -0.04733 0.998845 0.826794 0 0 0 1 
5494384560011;0.300381;0.0759236;16;0.997049 0.0516079 0.0568384 -0.175183 -0.0328202 0.955815 -0.292131 0.929733 -0.0694032 0.289403 0.954688 0.587132 0 0 0 1 
5494384560012;0.513405;0.0504411;22;0.939489 0.0694276 -0.335471 1.17424 -0.131204 0.977505 -0.165137 1.33507 0.316459 0.19916 0.927464 -1.7225 0 0 0 1 
5494384560013;0.592232;0.0495041;15;0.99289 0.010943 -0.118529 0.492752 -0.0132173 0.999743 -0.0184189 0.764077 0.118297 0.0198545 0.99278 -0.835196 0 0 0 1 
5494384560014;0.784839;0.0405858;27;0.946601 0.211585 0.243265 0.491221 -0.25632 0.95157 0.16975 1.31628 -0.195567 -0.223039 0.954991 1.96118 0 0 0 1 
5494384560015;1.02961;0.0785682;27;0.942816 0.318984 -0.0966836 0.320211 -0.333284 0.898263 -0.286435 3.85883 -0.00452102 0.302279 0.953209 0.852373 0 0 0 1 
5494384560016;0.692498;0.0600038;21;0.989885 0.132131 -0.0516707 0.186335 -0.141408 0.889326 -0.43486 2.66463 -0.0115063 0.437767 0.899015 -0.035738 0 0 0 1 
5494384560017;0.125802;0.0530065;9;0.999925 0.00218697 -0.0120562 0.0808053 -0.00192878 0.999769 0.021386 -0.0983275 0.0121002 -0.0213612 0.999699 0.0289022 0 0 0 1 
5494384560018;0.697368;0.0453471;18;0.996411 0.0503305 -0.0680612 0.762842 -0.0635835 0.975787 -0.209275 1.13095 0.0558804 0.212851 0.975485 0.151122 0 0 0 1 
5494384560019;0.372102;0.0861656;22;0.957293 0.274203 0.0916671 0.173274 -0.283238 0.953061 0.107009 1.91449 -0.058022 -0.128403 0.990023 0.178031 0 0 0 1 
5494384560020;0.725979;0.0672927;19;0.944187 0.320775 0.0749307 0.197252 -0.328031 0.894792 0.302891 2.13392 0.0301126 -0.310566 0.950075 0.407407 0 0 0 1 
5494384560021;0.810082;0.0730469;14;0.996123 0.0780301 -0.0406337 -0.145262 -0.0772795 0.996814 0.0197276 0.579517 0.0420436 -0.016511 0.998979 0.500222 0 0 0 1 
5494384560022;1.01164;0.0496784;19;0.886035 -0.297048 -0.355955 1.56772 0.331164 0.942826 0.0375279 -3.53769 0.324456 -0.151131 0.933749 -1.98034 0 0 0 1 
5494384560023;0.527542;0.106332;13;0.979492 0.0772389 -0.186089 0.932875 -0.0710623 0.996684 0.0396463 0.393753 0.188535 -0.0256093 0.981733 -1.87603 0 0 0 1 
5494384560024;0.419936;0.0855334;25;0.937717 0.334272 -0.0946003 1.04943 -0.335679 0.941976 0.00109931 2.58005 0.0894787 0.0307245 0.995515 -0.886105 0 0 0 1 
5494384560025;0.495752;0.074825;22;0.940152 0.299405 -0.162701 0.979385 -0.296846 0.95407 0.0403988 2.25422 0.167324 0.010316 0.985848 -0.797766 0 0 0 1 
5494384560026;0.350666;0.0632505;18;0.975212 0.0990443 0.197869 -0.221497 -0.0409707 0.959591 -0.278401 0.98074 -0.217447 0.263393 0.939862 2.0602 0 0 0 1 
5494384560027;0.90423;0.0552022;18;0.990714 0.0785472 -0.110978 1.32736 -0.0583699 0.982908 0.1746 0.145917 0.122796 -0.166501 0.978365 -0.709652 0 0 0 1 
5494384560028;0.914969;0.0454899;17;0.995856 -0.0901624 -0.011872 -0.872681 0.0904795 0.995458 0.0296267 -0.619694 0.00914683 -0.0305781 0.999491 -0.293757 0 0 0 1 
5494384560029;0.844853;0.0808681;17;0.999652 0.0234818 0.0119794 0.0550848 -0.0237726 0.999411 0.0247418 -0.571911 -0.0113913 -0.025018 0.999622 -0.540064 0 0 0 1 
5494384560031;0.314572;0.0620908;24;0.918146 -0.348579 -0.188416 0.513188 0.356474 0.934265 0.00865258 -1.42153 0.173014 -0.0751097 0.982051 -0.696483 0 0 0 1 
5494384560032;0.143255;0.0499627;13;0.996343 0.0633933 0.0572804 0.0581068 -0.0591177 0.995543 -0.0734836 0.261071 -0.0616834 0.0698287 0.99565 0.23201 0 0 0 1 
5494384560033;0.256973;0.0596787;12;0.999595 0.0120293 0.0257743 0.199297 -0.00916664 0.994061 -0.108437 0.229694 -0.0269257 0.108157 0.993769 0.207433 0 0 0 1 
5494384560034;0.872658;0.0577889;17;0.969747 -0.219343 0.107143 0.0606424 0.198215 0.963702 0.178857 -1.76766 -0.142485 -0.152209 0.978024 -0.0395153 0 0 0 1 
5494384560035;0.383527;0.0452212;14;0.996642 -0.071779 0.0394107 0.0727099 0.06908 0.995423 0.0660364 0.0229454 -0.0439704 -0.0630921 0.997039 0.220258 0 0 0 1 
5494384560036;0.699819;0.0860466;24;0.955291 0.261685 -0.13762 0.526519 -0.291265 0.912926 -0.285886 0.893519 0.0508244 0.313189 0.94833 0.525048 0 0 0 1 
5494384560037;0.785083;0.0699418;23;0.969224 -0.0918246 0.228414 -0.334587 0.155643 0.947428 -0.279561 -0.211009 -0.190735 0.306509 0.932562 0.146087 0 0 0 1 
5494384560038;1.00964;0.050629;23;0.902486 -0.429045 0.0379334 -0.835921 0.429289 0.903165 0.00186265 -1.33366 -0.0350593 0.0146034 0.999279 -0.207873 0 0 0 1 
5494384560039;0.16472;0.0642348;23;0.983556 -0.0736366 -0.164912 0.206657 0.0773426 0.996874 0.0161568 -0.281604 0.163207 -0.0286459 0.986176 -0.66174 0 0 0 1 
5494384560040;0.656318;0.0333298;21;0.911049 0.343162 0.228537 0.596029 -0.335734 0.939209 -0.0718985 0.837748 -0.239317 -0.0112244 0.970877 1.11372 0 0 0 1 
5494384560041;0.496934;0.0498214;22;0.880305 -0.305003 0.363369 -0.146792 0.311927 0.949218 0.0410698 -1.13162 -0.357443 0.0771906 0.93074 1.89446 0 0 0 1 
5494384560042;0.516103;0.368002;15;0.994955 -0.0512592 -0.0862359 -0.207935 0.0643453 0.98557 0.15656 -0.660067 0.0769664 -0.161319 0.983896 -0.484879 0 0 0 1 
5494384560043;0.0787389;0.0511697;9;0.999981 -0.00609634 0.000588615 -0.0181038 0.00606832 0.999201 0.0395091 -0.200011 -0.000829006 -0.0395048 0.999219 0.0457986 0 0 0 1 
5494384560044;0.670233;0.0547541;15;0.999047 0.0398378 0.017831 0.222451 -0.040249 0.998917 0.0233233 0.255356 -0.0168826 -0.0240187 0.999569 0.840613 0 0 0 1 
5494384560045;0.454928;0.028843;22;0.913509 -0.26854 0.305595 -0.449529 0.177448 0.938976 0.294679 -1.14457 -0.366079 -0.214965 0.905415 1.45399 0 0 0 1 
5494384560046;0.663952;0.0980531;19;0.982673 0.13481 -0.127201 0.31817 -0.134045 0.990868 0.0145988 1.17669 0.128008 0.00270482 0.991769 -0.533481 0 0 0 1 
5494384560047;0.60701;0.179805;22;0.994016 0.0179104 -0.107754 -0.377603 -0.0377123 0.98208 -0.184652 0.721178 0.102516 0.187611 0.976879 -0.446227 0 0 0 1 
5494384560048;0.280379;0.0529012;11;0.999799 -0.0130701 0.015211 -0.063731 0.0128884 0.999845 0.0119815 -0.206239 -0.0153652 -0.011783 0.999813 0.409095 0 0 0 1 
5494384560049;0.480826;0.054546;20;0.925955 0.332424 0.179168 0.586778 -0.327041 0.943124 -0.0596745 1.38903 -0.188815 -0.0033395 0.982007 0.745978 0 0 0 1 
5494384560050;0.519994;0.0692451;18;0.977514 0.195992 0.0778007 -0.204161 -0.188985 0.977931 -0.089082 0.292015 -0.0935431 0.0723758 0.992981 0.475536 0 0 0 1 
5494384560051;0.245903;0.0502098;10;0.999981 -0.00595658 -0.00181701 0.0814815 0.00604918 0.998406 0.0561236 -0.308902 0.0014798 -0.0561335 0.998422 -0.203397 0 0 0 1 
5494384560052;0.581213;0.0408823;17;0.954066 0.152769 0.257719 -0.35567 -0.183199 0.978141 0.0983777 0.0319135 -0.237056 -0.141073 0.961199 0.687376 0 0 0 1 
5494384560053;0.543864;0.043665;18;0.962916 -0.217064 0.160234 -0.427094 0.200584 0.973149 0.112902 -1.26532 -0.180439 -0.0765745 0.980601 0.347569 0 0 0 1 
5494384560054;0.812423;0.450635;14;0.998237 -0.0416892 -0.0422486 -0.338513 0.043251 0.998388 0.036753 -0.464088 0.0406482 -0.0385155 0.998431 -0.586413 0 0 0 1 
5494384560055;0.804846;0.0526233;23;0.927233 0.0154378 0.374166 0.515844 -0.0615425 0.991847 0.111588 0.56115 -0.369393 -0.126495 0.920624 1.50169 0 0 0 1 
5494384560056;0.404608;0.0485832;17;0.981893 0.162755 0.0969425 -0.137301 -0.161747 0.986664 -0.0182257 0.215188 -0.098616 0.00221555 0.995123 0.324676 0 0 0 1 
5494384560057;0.241612;0.0625662;18;0.970086 0.213229 -0.116044 0.418667 -0.198764 0.972093 0.124612 0.454641 0.139377 -0.0978193 0.985396 -0.448141 0 0 0 1 
5494384560058;0.361634;0.0459169;14;0.990649 -0.121777 0.0615299 0.145652 0.129655 0.980662 -0.146598 -0.0602949 -0.0424878 0.153205 0.987281 0.29087 0 0 0 1 
5494384560059;0.672349;0.0770694;18;0.998842 -0.0157285 0.0454655 -0.0730146 0.0152369 0.999822 0.0111398 -0.0970554 -0.0456326 -0.0104342 0.998904 -0.536242 0 0 0 1 
5494384560060;0.435775;0.0554961;20;0.954926 -0.274789 -0.112283 -0.0508307 0.29614 0.907914 0.296638 -1.64176 0.0204303 -0.316518 0.948366 -0.260384 0 0 0 1 
5494384560062;0.821662;0.0517992;25;0.964482 -0.196409 -0.176628 0.38748 0.1927 0.980518 -0.0380852 -1.60309 0.180667 0.00269637 0.983541 -1.36415 0 0 0 1 
5494384560063;1.2461;0.0425704;23;0.941997 0.100305 -0.320281 1.76818 -0.107032 0.99425 -0.00342013 0.767226 0.318096 0.0375019 0.947317 -2.46609 0 0 0 1 
5494384560064;0.351118;0.0442104;46;0.916613 -0.399773 0.00147223 0.254719 0.399773 0.916614 0.0003398 -2.56987 -0.00148531 0.000277094 0.999999 0.011845 0 0 0 1 
5494384560065;1.02628;0.0387651;20;0.997049 0.0762923 0.00857499 -0.0648112 -0.0757663 0.995847 -0.0504747 0.336543 -0.0123902 0.0496761 0.998689 0.869126 0 0 0 1 
5494384560066;0.385602;0.0447169;50;0.895219 0.43818 -0.0811249 1.07197 -0.440073 0.897941 -0.006186 2.69018 0.0701348 0.0412387 0.996685 -0.340235 0 0 0 1 
5494384560067;1.09812;0.0484773;23;0.979638 -0.135267 0.148368 -0.363612 0.155315 0.97886 -0.133081 -1.00753 -0.12723 0.153415 0.979937 0.163141 0 0 0 1 
5494384560068;0.284277;0.0438459;18;0.987981 0.141181 -0.0629466 0.299059 -0.11902 0.954621 0.273006 0.0488842 0.0986333 -0.262233 0.959951 -0.624835 0 0 0 1 
5494384560069;0.305684;0.0296326;22;0.987846 0.152204 -0.031545 0.40263 -0.152218 0.988345 0.0019845 0.959818 0.0314794 0.00284132 0.9995 -0.116879 0 0 0 1 
5494384560070;1.06788;0.0468038;23;0.998746 0.0495841 -0.00684763 0.771846 -0.0481075 0.988656 0.142288 -0.0294631 0.0138251 -0.14178 0.989802 -0.408198 0 0 0 1 
5494384560071;0.199717;0.0391218;10;0.999981 -0.0060121 0.00136967 -0.0186923 0.00600977 0.99998 0.00170314 -0.095706 -0.00137988 -0.00169488 0.999998 0.174473 0 0 0 1 
5494384560072;1.02349;0.041265;24;0.96281 -0.0208176 -0.269378 1.10026 -0.0628305 0.952442 -0.298173 1.76885 0.262774 0.304009 0.915712 -1.31188 0 0 0 1 
5494384560073;0.123206;0.0367521;21;0.992969 -0.118369 0.00140858 -0.0439342 0.118313 0.992749 0.021224 -0.810313 -0.00391064 -0.0209081 0.999774 0.061078 0 0 0 1 
5494384560074;0.700296;0.0502518;44;0.938527 0.343488 0.0344004 0.107265 -0.342627 0.939037 -0.0285704 2.39352 -0.0421168 0.0150276 0.999 0.0246632 0 0 0 1 
5494384560075;0.186882;0.0633316;9;0.999954 0.00730577 0.00626334 0.0354992 -0.00709785 0.999443 -0.0325993 0.143907 -0.00649802 0.0325533 0.999449 -0.028379 0 0 0 1 
5494384560076;1.00141;0.0474498;23;0.992404 -0.0985146 0.0736853 -0.300087 0.0935302 0.993272 0.0682908 -0.595945 -0.0799172 -0.0608803 0.994941 1.25259 0 0 0 1 
5494384560077;0.605922;0.0699521;45;0.890191 -0.335052 -0.308706 1.41077 0.361598 0.931806 0.0313811 -2.35898 0.27714 -0.139563 0.95064 -1.91175 0 0 0 1 
5494384560078;0.686652;0.056581;45;0.916671 -0.397207 0.0440431 0.0967871 0.393588 0.878177 -0.271832 -1.84094 0.0692961 0.266516 0.961336 0.199118 0 0 0 1 
5494384560079;0.330281;0.0469897;36;0.927893 0.372047 -0.0244186 0.645377 -0.365939 0.921295 0.131547 1.91442 0.0714385 -0.113126 0.991009 -0.430528 0 0 0 1 
5494384560080;0.779401;0.0643501;34;0.916406 0.391599 -0.0827613 1.27937 -0.381772 0.917311 0.113095 2.35297 0.120206 -0.0720452 0.990131 -0.594153 0 0 0 1 
5494384560081;0.603531;0.0564122;26;0.980074 0.194027 -0.0425267 0.485365 -0.19816 0.969828 -0.14201 1.77487 0.0136898 0.147608 0.988951 0.347812 0 0 0 1 
5494384560082;0.617118;0.0423281;46;0.888363 -0.28164 -0.362617 1.46176 0.331521 0.93986 0.0822045 -2.05338 0.317657 -0.193242 0.928306 -2.13684 0 0 0 1 
5494384560083;0.290683;0.0525316;35;0.947125 0.300321 0.112971 0.162714 -0.284653 0.948917 -0.136119 2.09123 -0.148079 0.0967644 0.98423 0.973693 0 0 0 1 
5494384560084;0.175327;0.0432489;20;0.985612 -0.118737 -0.120289 0.319024 0.10211 0.985425 -0.136055 -0.29269 0.134691 0.121815 0.983372 -0.754834 0 0 0 1 
5494384560085;0.943472;0.0249278;25;0.991861 -0.121696 -0.0374393 0.0761585 0.103961 0.943821 -0.313678 -0.260791 0.0735092 0.307233 0.948791 0.413426 0 0 0 1 
5494384560086;0.821732;0.0356724;14;0.99253 -0.029051 0.118489 -0.481238 0.0192366 0.996352 0.0831481 -0.581465 -0.120472 -0.0802477 0.989468 1.271 0 0 0 1 
5494384560087;0.12902;0.0548192;11;0.999102 0.0133638 -0.0401952 0.0129482 -0.0134656 0.999907 -0.00226365 0.09635 0.0401612 0.00280287 0.999189 -0.144923 0 0 0 1 
5494384560088;1.25698;0.0543943;37;0.877897 0.154112 -0.453372 1.65333 -0.142886 0.98797 0.0591535 -0.140983 0.457034 0.01285 0.889356 -2.44649 0 0 0 1 
5494384560089;1.3654;1.09301;17;0.979391 0.186011 0.0786974 0.253661 -0.187299 0.982259 0.00924604 1.27062 -0.0755814 -0.0237954 0.996856 -0.156983 0 0 0 1 
5494384560090;0.736364;0.0539033;35;0.956275 -0.292292 -0.0102051 0.546415 0.267633 0.888604 -0.372498 -0.567444 0.117947 0.353479 0.927977 -0.27642 0 0 0 1 
5494384560091;0.484121;0.0518772;33;0.939779 -0.149817 -0.307198 1.14448 0.213717 0.959005 0.186105 -1.82626 0.266723 -0.240551 0.933271 -1.27213 0 0 0 1 
5494384560093;0.0553842;0.179211;9;0.99777 -0.014526 -0.0651472 0.162145 0.013888 0.999851 -0.0102354 -0.00459064 0.0652861 0.0093078 0.997823 -0.283617 0 0 0 1 
5494384560094;0.672056;0.552587;12;0.903171 -0.0405227 -0.427364 1.57993 0.133252 0.972823 0.189365 -1.42117 0.408076 -0.227976 0.884026 -2.21853 0 0 0 1 
5494384560095;0.854827;0.217646;15;0.903673 0.421138 -0.0775777 1.13745 -0.424053 0.905286 -0.0252076 2.45795 0.0596141 0.0556765 0.996668 0.190696 0 0 0 1 
5494384560096;0.268636;0.29784;12;0.96385 -0.231884 -0.131235 0.276819 0.213493 0.966816 -0.140312 -1.17244 0.159416 0.107222 0.981371 -0.966055 0 0 0 1 
5494384560097;0.745786;0.216033;11;0.997404 0.00468144 -0.0718533 -0.143568 -0.00314757 0.999765 0.0214456 -0.50767 0.0719368 -0.0211638 0.997185 -0.0777245 0 0 0 1 
5494384560098;0.365154;0.444837;14;0.940581 -0.263815 -0.213797 0.588281 0.267116 0.963565 -0.0138358 -1.9053 0.209658 -0.044095 0.97678 -1.30213 0 0 0 1 
5494384560099;0.345567;0.205484;8;0.999443 -0.0247175 0.0224299 -0.3381 0.0252985 0.999342 -0.0260001 0.0126187 -0.0217725 0.026553 0.99941 0.232244 0 0 0 1 
5494384560100;0.37298;0.270516;13;0.946082 -0.168007 -0.276952 0.630123 0.164753 0.985708 -0.035155 -0.939534 0.2789 -0.012369 0.960241 -1.50708 0 0 0 1 
5494384560101;0.595346;0.241716;15;0.922477 0.365392 0.124602 0.0922785 -0.379295 0.917949 0.116209 2.38654 -0.0719167 -0.154461 0.985378 0.932466 0 0 0 1 
5494384560102;0.240088;0.269153;10;0.984719 -0.169121 0.0415421 -0.170461 0.173941 0.966792 -0.187239 -0.750664 -0.00849653 0.191604 0.981436 0.368786 0 0 0 1 
5494384560103;0.65911;0.217725;9;0.998829 0.00684397 -0.047893 0.0797423 -0.00773181 0.999801 -0.0183773 -0.0491728 0.0477577 0.0187261 0.998683 -0.671291 0 0 0 1 
5494384560104;0.317417;0.464677;11;0.99548 -0.0318621 -0.0894637 -0.0704671 0.0467919 0.984315 0.170104 -0.698957 0.0826405 -0.173521 0.981357 -0.44319 0 0 0 1 
5494384560105;0.561217;0.196885;12;0.954535 0.0878151 -0.284872 0.708594 -0.120526 0.987724 -0.0993742 1.14101 0.272648 0.129191 0.953401 -1.19396 0 0 0 1 
5494384560106;0.669368;0.234534;14;0.988612 -0.0126299 0.149955 -0.146916 0.0200904 0.998629 -0.0483416 -0.363475 -0.149139 0.0508038 0.98751 1.53994 0 0 0 1 
5494384560107;0.196586;0.209635;11;0.98143 0.159826 -0.106068 0.441735 -0.156077 0.986817 0.0428104 0.993286 0.111512 -0.0254607 0.993437 -0.678938 0 0 0 1 
5494384560108;0.588165;0.234218;12;0.970039 0.202532 -0.134185 0.629333 -0.138602 0.914953 0.379012 -0.0483796 0.199535 -0.349058 0.915612 -1.43128 0 0 0 1 
5494384560109;0.964218;0.240177;16;0.983893 0.16562 0.0672653 -0.0797574 -0.171717 0.980242 0.0981769 1.09301 -0.0496762 -0.108146 0.992893 1.15929 0 0 0 1 
5494384560110;0.522946;0.538254;14;0.951465 -0.287658 -0.109395 -0.196589 0.27677 0.955227 -0.104594 -1.84638 0.134585 0.0692401 0.98848 -0.859481 0 0 0 1 
5494384560111;0.382633;0.212846;8;0.99946 0.00900039 0.0316042 -0.282272 -0.00669165 0.997352 -0.072412 0.222212 -0.0321723 0.0721614 0.996874 0.170306 0 0 0 1 
5494384560112;1.20633;0.408518;13;0.98522 -0.14541 -0.0905365 -0.528405 0.139635 0.987921 -0.0671841 -0.338305 0.0992121 0.0535491 0.993624 0.148826 0 0 0 1 
5494384560113;0.493118;0.178458;11;0.984446 0.149777 -0.0918283 0.391999 -0.150627 0.988588 -0.00235665 0.966057 0.0904274 0.0161519 0.995772 -0.838219 0 0 0 1 
5494384560114;0.011633;0.232226;10;0.997483 0.0335729 -0.0624563 0.0838123 -0.0347609 0.999233 -0.0180332 0.255532 0.0618029 0.0201589 0.997885 -0.239217 0 0 0 1 
5494384560115;0.837027;0.212968;12;0.948001 -0.0703302 -0.310401 0.614613 0.124507 0.979506 0.158325 -1.66677 0.292904 -0.188739 0.937328 -1.50648 0 0 0 1 
5494384560116;0.753813;0.193978;12;0.992934 -0.0611511 -0.1017 -0.298898 0.0666835 0.996423 0.0519167 -0.564079 0.0981619 -0.0583316 0.993459 -0.774264 0 0 0 1 
5494384560117;0.39392;0.223175;14;0.956655 0.289843 -0.0283099 0.375937 -0.290409 0.956726 -0.0184008 2.06584 0.0217514 0.0258247 0.99943 0.225112 0 0 0 1 
5494384560118;0.486867;0.289143;12;0.994683 0.0912446 -0.0477516 0.223827 -0.10204 0.935865 -0.33726 1.38162 0.0139159 0.34034 0.9402 0.0350602 0 0 0 1 
5494384560119;0.307339;0.205759;13;0.947222 0.316337 -0.0519739 0.526482 -0.300105 0.932007 0.203223 1.50579 0.112727 -0.176899 0.977752 -0.615606 0 0 0 1 
5494384560120;1.07013;0.235607;11;0.965227 -0.210643 -0.15481 0.548803 0.180905 0.965733 -0.186102 -0.613646 0.188706 0.151625 0.970258 -1.80558 0 0 0 1 
5494384560121;0.937742;0.19802;14;0.887972 0.398729 -0.229174 1.07478 -0.411645 0.911295 -0.00946547 2.14454 0.205071 0.102743 0.973339 -1.2856 0 0 0 1 
5494384560122;0.448809;0.23679;15;0.910941 0.395352 0.11783 0.201518 -0.393588 0.918464 -0.038878 2.86983 -0.123593 -0.0109608 0.992272 1.07877 0 0 0 1 
5494384560124;0.180601;0.156702;12;0.991329 -0.10114 0.0838854 -0.289628 0.090345 0.988188 0.123781 -0.416466 -0.0954138 -0.115129 0.988758 0.336487 0 0 0 1 
5494384560125;0.336264;0.143004;19;0.94477 -0.155635 0.288422 -0.571283 0.170014 0.985116 -0.0253274 -0.663252 -0.280188 0.0729642 0.957168 1.09494 0 0 0 1 
5494384560126;0.158937;0.142246;12;0.991027 0.124481 0.0486716 -0.205247 -0.126269 0.991359 0.0355436 0.527182 -0.0438265 -0.0413704 0.998182 0.101477 0 0 0 1 
5494384560127;0.459182;0.106412;13;0.985478 -0.14455 -0.0890934 0.465796 0.141169 0.989043 -0.0431807 -0.0935206 0.094359 0.0299765 0.995087 -0.385123 0 0 0 1 
5494384560128;0.768681;0.165504;16;0.966843 -0.112987 0.229016 -0.723224 0.175866 0.94484 -0.276313 0.117433 -0.185164 0.307427 0.933382 0.313089 0 0 0 1 
5494384560129;0.8631;0.111893;25;0.921033 -0.00191906 0.38948 -0.931569 -0.115336 0.953794 0.277443 -0.636067 -0.372016 -0.300455 0.878255 1.91006 0 0 0 1 
5494384560130;0.294138;0.142406;15;0.984721 -0.170275 -0.0364836 0.226081 0.173115 0.979898 0.0991552 -0.78554 0.0188665 -0.103956 0.994403 -0.283199 0 0 0 1 
5494384560131;0.331415;0.114775;12;0.996293 -0.0457473 -0.0728505 0.0291173 0.0459614 0.998942 0.00126334 -0.0815601 0.0727156 -0.00460696 0.997342 0.0211615 0 0 0 1 
5494384560132;0.299743;0.152117;24;0.930502 0.0104579 -0.366138 0.901285 0.0798702 0.969746 0.230681 -0.635511 0.357473 -0.243892 0.901515 -1.47988 0 0 0 1 
5494384560133;0.275606;0.121785;21;0.913506 0.15099 -0.377769 1.1112 -0.0805276 0.977313 0.195893 0.0489227 0.398777 -0.148528 0.90494 -1.54927 0 0 0 1 
5494384560134;0.715759;0.0837143;16;0.979975 0.199079 0.00410567 0.0547371 -0.199061 0.979977 -0.00444442 0.93838 -0.00490825 0.00353814 0.999982 0.781647 0 0 0 1 
5494384560135;0.221863;0.125425;17;0.95766 0.271098 0.0969136 0.00776578 -0.278111 0.958143 0.0679487 1.20067 -0.0744363 -0.0920245 0.992971 0.230985 0 0 0 1 
5494384560136;0.513605;0.101328;16;0.972113 0.234314 0.00967557 -0.280387 -0.234244 0.972147 -0.00777744 1.39305 -0.0112284 0.0052941 0.999923 -0.188545 0 0 0 1 
5494384560137;0.0725673;0.107983;8;0.999829 0.00717245 -0.0170571 -0.0273817 -0.00651298 0.999241 0.038409 0.0517175 0.0173196 -0.0382913 0.999117 -0.0617096 0 0 0 1 
5494384560138;0.458946;0.110436;14;0.99447 -0.0476412 -0.0935967 0.0670093 0.034504 0.989932 -0.137274 0.15955 0.0991943 0.133285 0.986101 0.106099 0 0 0 1 
5494384560139;0.373858;0.119076;16;0.975267 0.19627 0.101647 0.143229 -0.199949 0.979427 0.0272651 0.522678 -0.0942047 -0.046915 0.994447 0.277986 0 0 0 1 
5494384560140;0.407687;0.117651;18;0.934931 0.321629 -0.149865 0.419517 -0.302369 0.943172 0.137838 1.0742 0.185681 -0.0835542 0.979051 -0.523478 0 0 0 1 
5494384560141;0.827786;0.0849895;15;0.999106 -0.00542373 0.0419182 -0.253416 0.00673304 0.999492 -0.0311572 0.222124 -0.0417279 0.0314115 0.998635 1.08712 0 0 0 1 
5494384560142;0.791925;0.16119;15;0.998606 -0.0183346 0.0494988 -0.807787 0.017676 0.99975 0.0137104 -0.188367 -0.0497378 -0.0128164 0.99868 -0.414741 0 0 0 1 
5494384560143;0.413054;0.0970863;21;0.88853 0.380966 0.255695 0.0601969 -0.402521 0.914707 0.0358983 1.47581 -0.22021 -0.134819 0.966091 0.81997 0 0 0 1 
5494384560144;0.460909;0.102327;13;0.990794 0.0897578 -0.101347 0.168288 -0.0860868 0.995483 0.0400409 0.428213 0.104483 -0.0309476 0.994045 0.0336794 0 0 0 1 
5494384560145;0.514439;0.106374;16;0.995175 -0.05259 0.082834 -0.374148 0.0244784 0.950605 0.309438 -0.0832301 -0.0950157 -0.305917 0.947305 0.336238 0 0 0 1 
5494384560146;0.876277;0.101206;19;0.958285 0.285691 -0.00836797 1.04993 -0.284679 0.956677 0.0610455 0.853788 0.0254456 -0.0561168 0.9981 -0.699137 0 0 0 1 
5494384560147;0.0882485;0.10963;12;0.988247 0.0344293 -0.148935 0.298005 -0.0329351 0.999379 0.0124884 0.224699 0.149273 -0.00743644 0.988768 -0.640405 0 0 0 1 
5494384560148;0.565514;0.117864;24;0.892127 0.325983 0.3128 0.24167 -0.291722 0.94433 -0.152118 1.95903 -0.344975 0.0444583 0.937558 1.41464 0 0 0 1 
5494384560149;0.651367;0.111346;13;0.995035 -0.0922573 0.0373278 -0.506483 0.0890916 0.992881 0.0790624 -0.358788 -0.0443561 -0.0753443 0.996171 0.770658 0 0 0 1 
5494384560150;0.389377;0.192901;17;0.954233 -0.238333 0.180659 -0.381016 0.246936 0.968672 -0.0263927 -1.01869 -0.168709 0.069796 0.983192 0.815242 0 0 0 1 
5494384560151;0.428451;0.155884;20;0.936917 -0.344776 -0.0575839 0.0518741 0.345133 0.938546 -0.00394626 -1.31966 0.0554057 -0.0161768 0.998333 -0.564628 0 0 0 1 
5494384560152;0.492131;0.12956;29;0.934578 -0.355153 -0.0207196 0.0108653 0.352902 0.91814 0.180222 -2.06638 -0.0449828 -0.175743 0.983408 0.045264 0 0 0 1 
5494384560153;0.585822;0.103396;13;0.999682 0.00481474 -0.0247331 -0.0155809 -0.00894342 0.985465 -0.169644 0.513911 0.0235568 0.169811 0.985195 -0.681635 0 0 0 1 
5494384560155;0.510199;0.307102;11;0.997964 -0.0635249 -0.00576617 0.250375 0.0636688 0.986571 0.150411 -0.172347 -0.00386612 -0.150472 0.988607 0.416462 0 0 0 1 
5494384560156;0.606536;0.336328;11;0.999832 -0.0022807 -0.0182129 0.316566 0.00401674 0.995387 0.0958595 -0.446259 0.0179103 -0.0959165 0.995228 -0.680276 0 0 0 1 
5494384560157;0.698949;0.540677;16;0.967159 -0.252465 -0.0294191 0.592529 0.251203 0.931786 0.262052 -1.01813 -0.0387468 -0.260836 0.964605 0.472138 0 0 0 1 
5494384560158;0.932434;0.561117;13;0.978467 0.0351356 0.20339 0.185798 -0.0446988 0.998091 0.0426163 -0.0769814 -0.201504 -0.0507899 0.97817 1.16916 0 0 0 1 
5494384560159;0.588127;0.47736;14;0.952114 0.205671 0.226226 0.556099 -0.232134 0.967826 0.0970876 -0.197149 -0.198979 -0.144953 0.969224 0.624813 0 0 0 1 
5494384560160;0.813406;0.407015;13;0.956206 0.106269 -0.272722 1.24713 -0.0474182 0.975696 0.213936 -0.295833 0.288828 -0.191635 0.938005 -0.892011 0 0 0 1 
5494384560161;0.869163;0.446633;13;0.999352 0.0179144 -0.0312048 0.497936 -0.0128049 0.987539 0.156851 -1.36122 0.0336259 -0.156349 0.987129 -0.0374348 0 0 0 1 
5494384560162;0.520155;0.29699;14;0.991824 -0.0638191 -0.110509 0.233541 0.0917008 0.958653 0.269397 -0.325833 0.0887468 -0.277328 0.956668 0.240113 0 0 0 1 
5494384560163;0.884248;0.380315;17;0.907379 0.420197 -0.00987725 1.33344 -0.419527 0.906869 0.0398325 0.533286 0.0256948 -0.0319994 0.999158 0.0954779 0 0 0 1 
5494384560164;0.069281;0.395878;10;0.997061 -0.0548066 -0.0535372 0.328244 0.0602346 0.992574 0.105681 -0.499428 0.0473476 -0.108595 0.992958 -0.0725224 0 0 0 1 
5494384560165;0.359877;0.450366;17;0.922837 0.352723 0.154783 0.270366 -0.368068 0.925964 0.0843636 0.0832204 -0.113567 -0.134825 0.98434 0.177527 0 0 0 1 
5494384560166;0.617506;0.507978;15;0.955065 0.00307032 -0.296379 0.891914 0.0454622 0.986596 0.15672 -0.499506 0.292888 -0.163152 0.942124 -0.022134 0 0 0 1 
5494384560167;0.359577;0.505386;14;0.962013 -0.161187 0.22034 0.156424 0.165298 0.986244 -0.000221877 -0.640374 -0.217273 0.0366351 0.975423 0.161531 0 0 0 1 
5494384560168;0.367236;0.358872;13;0.949906 0.240604 0.199472 0.337267 -0.272875 0.949646 0.15399 -0.170499 -0.152377 -0.200706 0.967728 0.189336 0 0 0 1 
5494384560169;0.299703;0.428452;10;0.996821 0.0173383 -0.0777586 0.389615 -4.58087e-05 0.976156 0.217072 -0.710202 0.0796682 -0.216378 0.973054 -0.0182189 0 0 0 1 
5494384560170;0.388752;0.391121;11;0.999623 -0.00467667 -0.0270653 0.617309 0.00795179 0.992474 0.122198 -0.143238 0.0262901 -0.122367 0.992137 -0.146109 0 0 0 1 
5494384560171;0.436725;0.308961;12;0.999831 -0.0170377 0.00685576 0.486842 0.0144959 0.961332 0.275009 -0.505146 -0.0112762 -0.274863 0.961417 -0.364025 0 0 0 1 
5494384560172;0.743415;0.521162;14;0.990657 0.136082 -0.0090012 1.00283 -0.132719 0.977155 0.165995 -0.19251 0.0313844 -0.163249 0.986086 0.0577761 0 0 0 1 
5494384560173;0.766137;0.36831;16;0.996579 0.0824406 -0.0057607 0.589949 -0.0724294 0.904871 0.419479 -0.122459 0.0397948 -0.417627 0.907747 -0.685352 0 0 0 1 
5494384560174;0.152675;0.275727;10;0.993637 -0.0842476 -0.0747525 0.120997 0.0937415 0.986506 0.134233 -0.397229 0.062435 -0.140386 0.988126 -0.120891 0 0 0 1 
5494384560175;0.731473;0.651758;11;0.996025 0.0195347 -0.0869078 0.552588 -0.0207493 0.999699 -0.0130942 -0.3954 0.0866258 0.0148454 0.99613 -0.816632 0 0 0 1 
5494384560176;0.458408;0.435944;16;0.922298 0.0444843 0.383911 0.133075 -0.149407 0.957163 0.248025 0.00272928 -0.356432 -0.286112 0.889436 0.431457 0 0 0 1 
5494384560177;0.329052;0.455072;12;0.973317 -0.0375916 -0.226364 0.41333 0.0466488 0.998305 0.0347946 -0.386635 0.224673 -0.0444258 0.973421 -0.14829 0 0 0 1 
5494384560178;0.128329;0.403564;11;0.992584 0.0341772 -0.116656 0.386146 -0.00696116 0.974068 0.226146 -0.474424 0.12136 -0.223657 0.967083 -0.234632 0 0 0 1 
5494384560179;0.884119;0.410046;15;0.955507 -0.198944 0.217781 -0.021175 0.163784 0.971875 0.169214 -1.10016 -0.24532 -0.126016 0.961217 -0.397901 0 0 0 1 
5494384560180;0.395688;0.305344;9;0.998702 -0.0192401 -0.0471659 0.100928 0.0246639 0.992796 0.117255 -0.0382403 0.0445701 -0.118266 0.991981 -0.372786 0 0 0 1 
5494384560181;0.929561;0.382836;13;0.964592 -0.261825 -0.0317815 -0.352489 0.262752 0.964407 0.0296696 -0.991706 0.0228821 -0.0369697 0.999054 -0.697545 0 0 0 1 
5494384560182;0.699324;0.49974;14;0.953611 -0.245429 0.174329 -0.0962335 0.25043 0.96811 -0.00694448 -1.10902 -0.167065 0.0502795 0.984663 -0.26041 0 0 0 1 
5494384560183;0.638253;0.464498;15;0.920523 -0.136395 0.366106 -0.288207 0.0614775 0.975975 0.209028 -0.72217 -0.385821 -0.169907 0.906793 1.07923 0 0 0 1 
5494384560184;0.208766;0.472483;12;0.973194 0.229616 -0.0130162 0.437282 -0.226766 0.967473 0.112133 -0.13698 0.0383402 -0.106175 0.993608 -0.127317 0 0 0 1 
5494384560186;0.36111;0.0798709;11;0.999515 -0.026752 0.0159585 -0.0211174 0.026933 0.999574 -0.0112306 0.134998 -0.0156513 0.011655 0.99981 0.4989 0 0 0 1 
5494384560187;0.496451;0.124493;24;0.955993 0.267486 -0.120536 0.9264 -0.216276 0.920109 0.326533 0.279409 0.198249 -0.286094 0.937469 -0.710816 0 0 0 1 
5494384560188;0.447898;0.0809224;19;0.938104 -0.337483 0.0778808 -0.251394 0.308379 0.916231 0.255778 -1.76727 -0.157678 -0.21593 0.963593 0.50545 0 0 0 1 
5494384560189;0.616026;0.0947993;21;0.949984 -0.219583 -0.222065 0.633041 0.220619 0.975146 -0.0204498 -0.361918 0.221036 -0.0295647 0.974817 -0.454954 0 0 0 1 
5494384560190;0.219844;0.082726;18;0.980514 -0.169183 -0.099844 0.0682528 0.175768 0.982523 0.0612709 -0.772228 0.087733 -0.0776264 0.993115 -0.312489 0 0 0 1 
5494384560191;0.269957;0.0703886;23;0.965087 0.26043 0.0279966 0.387752 -0.26118 0.964894 0.0276443 0.991428 -0.0198143 -0.0339913 0.999226 0.136544 0 0 0 1 
5494384560192;0.563983;0.10574;19;0.994164 0.10384 -0.0292435 -0.0700417 -0.0842989 0.916922 0.39006 0.00345727 0.067318 -0.385318 0.920325 0.209563 0 0 0 1 
5494384560193;0.714742;0.0783157;22;0.978949 -0.19415 -0.062963 0.505007 0.162974 0.929265 -0.33152 -0.50901 0.122874 0.31428 0.941345 -0.753974 0 0 0 1 
5494384560194;0.621903;0.0884729;16;0.987071 -0.159652 -0.0142312 -0.131302 0.159492 0.987129 -0.0117595 -0.736287 0.0159255 0.00933774 0.99983 0.721364 0 0 0 1 
5494384560195;0.355585;0.0785686;18;0.9566 -0.281166 0.07656 -0.264009 0.278396 0.959414 0.0449388 -1.20184 -0.086088 -0.0216744 0.996052 0.62024 0 0 0 1 
5494384560196;0.150749;0.0831591;12;0.997571 0.0684482 0.0129336 0.0231401 -0.0689174 0.996812 0.0402078 0.127806 -0.0101402 -0.0410015 0.999108 0.256071 0 0 0 1 
5494384560197;0.514288;0.105863;22;0.892215 -0.429248 -0.140348 0.725803 0.445688 0.88708 0.120212 -1.93356 0.0728993 -0.169806 0.982777 0.0905123 0 0 0 1 
5494384560198;0.530599;0.0718949;26;0.994792 0.0101247 0.101423 -0.428977 0.0330103 0.909423 -0.41456 0.315113 -0.0964339 0.415748 0.904353 0.496498 0 0 0 1 
5494384560199;0.148187;0.108369;11;0.995615 0.0915225 0.0193288 0.0254504 -0.0913905 0.995786 -0.00760656 0.337403 -0.0199435 0.00580674 0.999784 0.150412 0 0 0 1 
5494384560200;0.674054;0.0704165;17;0.997797 -0.0634993 0.0191977 -0.646903 0.0624679 0.996781 0.0502466 -0.706012 -0.0223265 -0.0489366 0.998552 -0.231651 0 0 0 1 
5494384560201;0.851959;0.0896088;20;0.956436 -0.191913 0.219998 -0.19193 0.123466 0.948761 0.290875 -1.0126 -0.264548 -0.251041 0.931124 0.289105 0 0 0 1 
5494384560202;0.0584502;0.0809064;8;0.999551 -0.0171644 -0.0245465 0.0540014 0.0174033 0.999803 0.00955117 -0.0760931 0.0243777 -0.00997408 0.999653 -0.0458094 0 0 0 1 
5494384560203;0.443983;0.0718563;19;0.995475 -0.0449984 0.0836998 -0.199903 0.07541 0.910025 -0.407636 0.562758 -0.057826 0.412103 0.9093 0.377418 0 0 0 1 
5494384560204;0.212563;0.0801563;9;0.99952 0.0244314 0.019034 -0.00486297 -0.024582 0.999668 0.00771706 0.0629467 -0.0188391 -0.00818125 0.999789 -0.0808857 0 0 0 1 
5494384560205;0.664348;0.0761515;20;0.8754 -0.288888 0.38758 -0.174993 0.226987 0.953546 0.198059 -1.07299 -0.426792 -0.0854049 0.900308 2.57846 0 0 0 1 
5494384560206;0.578856;0.0680174;14;0.995556 -0.0899912 0.0277494 -0.0181804 0.0900547 0.995936 -0.00104492 -0.271109 -0.0275426 0.00353924 0.999614 0.84824 0 0 0 1 
5494384560207;0.371227;0.081794;16;0.980689 -0.0340181 0.192593 -0.475884 -0.0307843 0.94563 0.323783 -0.561082 -0.193136 -0.32346 0.926322 0.97558 0 0 0 1 
5494384560208;0.803964;0.0828911;14;0.99638 0.0373615 0.0763669 -0.0262473 -0.0400379 0.998626 0.0338213 0.23062 -0.0749983 -0.0367564 0.996506 1.30653 0 0 0 1 
5494384560209;0.402561;0.0738324;22;0.897829 -0.408763 -0.163756 0.446956 0.384006 0.908805 -0.163134 -1.34326 0.215505 0.083583 0.972919 -0.669028 0 0 0 1 
5494384560210;0.831689;0.058744;23;0.985252 0.145029 0.0907974 -0.194636 -0.117939 0.96006 -0.253723 1.61029 -0.123968 0.239273 0.963006 0.171974 0 0 0 1 
5494384560211;0.793568;0.094548;14;0.995614 -0.037809 -0.0855793 0.929718 0.0385121 0.999236 0.00657894 0.112032 0.0852652 -0.00984593 0.99631 -0.578133 0 0 0 1 
5494384560212;0.459124;0.0972341;12;0.999944 -0.00452875 0.00954985 0.239434 0.00416775 0.999288 0.0374884 0.0542256 -0.00971283 -0.0374465 0.999251 0.565368 0 0 0 1 
5494384560213;0.436091;0.315078;10;0.99853 -0.0231405 0.0490189 0.00896279 0.0266445 0.997043 -0.0720806 0.0541308 -0.047206 0.0732807 0.996194 0.557021 0 0 0 1 
5494384560214;0.701608;0.103015;13;0.999897 -0.00995837 0.010331 0.0218528 0.00966101 0.999549 0.0284437 0.629748 -0.0106096 -0.028341 0.999542 -0.198877 0 0 0 1 
5494384560215;0.568246;0.0981576;20;0.955226 0.0636392 -0.288954 1.27499 0.0254627 0.955291 0.294568 -0.642265 0.294781 -0.288737 0.910898 -0.978308 0 0 0 1 
5494384560217;0.781012;0.11685;14;0.984096 0.17753 -0.00610679 0.823406 -0.177515 0.984114 0.00295941 0.70516 0.00653516 -0.0018283 0.999977 0.315137 0 0 0 1 
5494384560218;0.673342;0.116261;15;0.865254 -0.105348 -0.49014 1.97913 0.150174 0.987243 0.0529131 -1.06662 0.478313 -0.11939 0.870036 -1.91566 0 0 0 1 
5494384560219;0.333437;0.163081;19;0.933126 -0.346523 -0.0959042 0.557085 0.350146 0.936402 0.0234139 -2.06658 0.0816914 -0.0554286 0.995115 -0.406912 0 0 0 1 
5494384560220;0.675306;0.112786;12;0.95649 -0.144281 -0.253592 0.77621 0.117117 0.985937 -0.119211 -0.364858 0.267226 0.0843241 0.959937 -0.771558 0 0 0 1 
5494384560221;0.374554;0.0949915;14;0.900995 0.43313 0.0246128 0.727548 -0.421805 0.887876 -0.183729 2.89902 -0.101432 0.155157 0.982669 0.81664 0 0 0 1 
5494384560222;1.07278;0.117882;14;0.961011 0.108929 -0.254151 0.255579 -0.158487 0.970165 -0.183469 2.09316 0.226583 0.216595 0.949603 -0.725962 0 0 0 1 
5494384560223;0.406435;0.149566;14;0.924856 0.380308 0.0026773 0.537834 -0.379284 0.922839 -0.0671702 2.28052 -0.0280161 0.0611073 0.997738 0.469803 0 0 0 1 
5494384560224;0.20751;0.148341;11;0.989039 -0.047858 0.139682 -0.307173 0.0475848 0.998853 0.00529697 -0.2715 -0.139775 0.00140782 0.990182 0.896392 0 0 0 1 
5494384560225;0.828158;0.103171;11;0.992635 0.0145927 -0.12026 0.275902 -0.000909506 0.993588 0.113058 -0.0782467 0.121139 -0.112116 0.986284 0.101454 0 0 0 1 
5494384560226;0.429538;0.114;14;0.875561 0.0823899 -0.476031 1.87862 0.00581458 0.983482 0.180913 -0.141743 0.483073 -0.161168 0.860619 -2.64846 0 0 0 1 
5494384560227;0.623994;0.207418;17;0.954496 -0.278558 0.106505 -0.192328 0.245954 0.937255 0.247102 -1.63112 -0.168655 -0.209662 0.963119 0.765389 0 0 0 1 
5494384560228;0.349478;0.153653;16;0.978143 -0.125068 -0.166118 0.486342 0.168616 0.944572 0.281697 -1.36724 0.12168 -0.30355 0.945014 -0.669626 0 0 0 1 
5494384560229;0.390705;0.126768;10;0.994873 0.0793206 -0.0627355 0.169099 -0.0797311 0.996808 -0.00406303 0.764554 0.0622129 0.00904416 0.998022 -0.0520058 0 0 0 1 
5494384560230;0.944473;0.108016;12;0.988906 0.0960607 0.113299 -0.836921 -0.097181 0.995257 0.00439382 0.686612 -0.112339 -0.0153556 0.993551 0.190894 0 0 0 1 
5494384560231;0.749473;0.145494;14;0.935069 -0.210872 0.28492 -0.735832 0.18214 0.975404 0.124148 -1.22264 -0.304091 -0.0641919 0.950478 1.41772 0 0 0 1 
5494384560232;0.1939;0.144025;11;0.997677 -0.0512913 0.0448256 -0.0835372 0.0432199 0.985271 0.165448 -0.581117 -0.0526514 -0.163126 0.985199 0.257183 0 0 0 1 
5494384560233;0.634182;0.105365;14;0.92723 0.263784 0.265824 -0.0880282 -0.334834 0.901861 0.273007 1.29457 -0.167722 -0.342147 0.924557 0.57348 0 0 0 1 
5494384560234;0.39885;0.137242;17;0.917629 -0.328157 -0.224211 0.9775 0.342087 0.939329 0.0252499 -2.02378 0.202322 -0.0998697 0.974214 -1.26938 0 0 0 1 
5494384560235;0.0516956;0.126238;9;0.995998 0.0867652 -0.0214269 0.193095 -0.0871312 0.996055 -0.0167827 0.61306 0.0198862 0.0185825 0.99963 -0.0699465 0 0 0 1 
5494384560236;0.391323;0.122698;12;0.994364 -0.100322 -0.0342947 0.167447 0.101323 0.994437 0.0287965 -0.261834 0.0312149 -0.032109 0.998997 -0.2091 0 0 0 1 
5494384560237;1.02921;0.122935;13;0.998683 0.0256705 0.0444232 0.489547 -0.0167367 0.981468 -0.190893 0.974432 -0.0485002 0.189898 0.980605 1.17606 0 0 0 1 
5494384560238;0.757061;0.179612;13;0.955365 0.28084 -0.0916889 0.872392 -0.275071 0.958821 0.0707004 1.87454 0.107769 -0.0423237 0.993275 -1.07848 0 0 0 1 
5494384560239;0.288361;0.115531;13;0.912166 0.313253 0.264247 0.044109 -0.302269 0.949658 -0.0823591 1.98668 -0.276744 -0.00474865 0.960932 1.79966 0 0 0 1 
5494384560240;0.0978136;0.154197;10;0.984484 0.0946051 -0.147789 0.618605 -0.0867924 0.99451 0.0584613 0.415047 0.152508 -0.0447272 0.98729 -0.835368 0 0 0 1 
5494384560241;0.673589;0.187106;13;0.933624 0.331595 -0.135617 0.830978 -0.350734 0.923165 -0.157331 2.98235 0.0730266 0.194453 0.97819 -0.117295 0 0 0 1 
5494384560242;1.04802;0.144743;13;0.979658 0.129784 0.153055 -0.399027 -0.106737 0.982871 -0.150241 1.59601 -0.169932 0.130849 0.97673 1.91511 0 0 0 1 
5494384560243;0.111566;0.138821;8;0.998687 0.0202225 -0.0470661 0.211303 -0.0202996 0.999793 -0.00116248 0.22596 0.0470329 0.00211638 0.998891 -0.298491 0 0 0 1 
5494384560244;1.00468;0.196492;17;0.989491 -0.144339 0.00861801 0.455256 0.143426 0.987308 0.0682105 -0.84212 -0.018354 -0.0662576 0.997634 -0.709198 0 0 0 1 
5494384560245;0.648612;0.176253;11;0.999438 -0.0304086 0.0141392 0.0184423 0.0301076 0.999325 0.0210346 0.141521 -0.0147693 -0.020597 0.999679 0.610172 0 0 0 1 
5494384560246;0.310363;0.0960694;10;0.999191 0.0206364 0.0345256 0.0888836 -0.0265779 0.983009 0.181622 -0.143754 -0.030191 -0.182393 0.982762 0.403138 0 0 0 1 
5494384560248;0.548689;0.210452;16;0.967762 -0.251036 0.0204305 0.238018 0.248694 0.965258 0.08017 -3.03835 -0.0398463 -0.0725046 0.996572 1.14992 0 0 0 1 
5494384560249;0.350307;0.112495;13;0.964625 0.230882 0.127252 -0.227139 -0.211809 0.966142 -0.14733 2.68613 -0.156959 0.115165 0.980867 1.30223 0 0 0 1 
5494384560250;0.482059;0.0965113;15;0.992173 0.0373777 0.119146 0.37548 -0.0292785 0.997186 -0.0690178 -0.155422 -0.121391 0.0649892 0.990475 1.23547 0 0 0 1 
5494384560251;0.346948;0.159382;14;0.948711 0.23578 0.210606 -0.303414 -0.255463 0.964183 0.071345 2.06337 -0.186241 -0.121488 0.974964 2.34921 0 0 0 1 
5494384560252;0.590914;0.116989;16;0.916977 -0.237817 -0.320307 2.03625 0.188389 0.965865 -0.177802 -2.22112 0.351658 0.102698 0.930478 -3.45716 0 0 0 1 
5494384560253;0.449485;0.141995;15;0.930164 0.00646196 -0.367087 1.77544 -0.0466881 0.99381 -0.100809 0.990563 0.364164 0.110907 0.924708 -3.56374 0 0 0 1 
5494384560254;0.682288;0.190493;22;0.949636 -0.310777 0.040114 1.33331 0.301103 0.940444 0.157806 -3.90259 -0.0867675 -0.13778 0.986655 1.80928 0 0 0 1 
5494384560255;0.468787;0.113026;12;0.998282 -0.0096921 0.0577855 -0.448119 0.0165804 0.992642 -0.119947 0.12677 -0.0561978 0.120699 0.991097 -0.264616 0 0 0 1 
5494384560256;0.445109;0.116084;16;0.919926 0.353006 0.170655 -0.339441 -0.373758 0.921031 0.109576 3.23412 -0.118497 -0.164586 0.979219 0.946398 0 0 0 1 
5494384560257;0.358958;0.147833;15;0.975684 -0.0943641 0.197829 -0.429379 0.0629982 0.985227 0.159247 -1.25327 -0.209933 -0.142912 0.967215 2.63007 0 0 0 1 
