#;prob_registration_l1 -r /home/probabilistic_point_clouds_registration/build/tester /home/point_clouds_registration_benchmark//devel/registration_pairs/urban05_local.txt /home/point_clouds_registration_benchmark//kaist/urban05 -s 0.2 -t 0.2 -p 0.3 -r 1000 -m 10 -i 100 
id;initial_error;final_error;transformation
34562489690000;0.13992;0.455841;19;1 -9.86595e-08 4.47234e-07 -0.726051 9.86595e-08 1 3.27593e-08 2.83508 -4.47234e-07 -3.27592e-08 1 -0.180037 0 0 0 1 
34562489690001;0.182436;0.230817;11;1 -7.22405e-08 4.70455e-07 -0.6232 7.22405e-08 1 4.10511e-08 0.505684 -4.70455e-07 -4.1051e-08 1 -0.304614 0 0 0 1 
34562489690002;0.400034;0.786281;23;0.999944 2.20598e-06 -0.0106193 22.2661 7.62298e-06 1 0.000925536 -6.74696 0.0106193 -0.000925565 0.999943 -11.7529 0 0 0 1 
34562489690003;0.381518;0.445862;8;0.999955 3.18666e-06 -0.00949526 6.69206 4.6758e-06 1 0.000828019 -1.15965 0.00949526 -0.000828026 0.999955 -7.17778 0 0 0 1 
34562489690004;0.467995;0.807552;17;1 -1.5306e-07 5.09256e-07 -1.14141 1.5306e-07 1 4.92679e-08 2.6707 -5.09256e-07 -4.92679e-08 1 -0.330009 0 0 0 1 
34562489690005;0.423309;0.694454;15;1 -1.34282e-07 7.71149e-07 -1.02609 1.34282e-07 1 7.17372e-08 2.26981 -7.71149e-07 -7.17371e-08 1 -0.530762 0 0 0 1 
34562489690006;0.190415;2.84736;100;1 -1.09263e-07 3.00963e-06 -2.10609 1.09264e-07 1 -1.04622e-07 -24.4814 -3.00963e-06 1.04622e-07 1 0.325191 0 0 0 1 
34562489690007;0.167146;0.309493;11;1 -1.09139e-08 4.49917e-07 0.0254551 1.09139e-08 1 8.94349e-09 1.6072 -4.49917e-07 -8.94349e-09 1 -0.00204276 0 0 0 1 
34562489690008;0.102809;0.100499;6;1 -1.78969e-08 5.85826e-08 -0.129463 1.78969e-08 1 4.46965e-09 -0.368978 -5.85826e-08 -4.46965e-09 1 -0.0213145 0 0 0 1 
34562489690009;0.0509686;0.162127;9;1 -5.00807e-06 -1.82985e-05 39.8706 5.00806e-06 1 -4.6474e-07 -4.83455 1.82985e-05 4.64648e-07 1 -16.5808 0 0 0 1 
34562489690010;0.0869115;0.25608;12;0.999977 7.75114e-06 -0.00671561 -46.2973 -3.81297e-06 1 0.000586433 5.8142 0.00671561 -0.000586394 0.999977 0.5941 0 0 0 1 
34562489690011;0.0782188;0.238162;14;0.999892 8.94538e-05 -0.0147074 -642.573 -7.0304e-05 0.999999 0.00130257 57.7247 0.0147075 -0.0013014 0.999891 139.792 0 0 0 1 
34562489690012;0.0495854;2.0048;100;1 5.63183e-08 -6.46682e-08 -1.15775 -5.63183e-08 1 -8.75675e-09 -17.6526 6.46682e-08 8.75675e-09 1 -0.429167 0 0 0 1 
34562489690013;0.0622498;1.82368;100;1 4.55458e-05 0.00099336 -366.381 -4.54849e-05 1 -6.13509e-05 48.1186 -0.000993363 6.13057e-05 1 204.694 0 0 0 1 
34562489690014;0.30978;1.71864;63;1 -0.000823446 -0.000196421 6621.54 0.000823928 0.999997 0.00246697 -538.393 0.000194389 -0.00246713 0.999997 19713 0 0 0 1 
34562489690015;0.264634;0.338264;8;1 -3.89823e-08 2.12226e-07 -0.371856 3.89823e-08 1 7.03733e-09 -1.24715 -2.12226e-07 -7.03732e-09 1 -0.0526087 0 0 0 1 
34562489690016;0.0384264;2.12091;100;1 -2.14212e-07 2.80338e-07 -0.881199 2.14212e-07 1 2.6111e-08 18.4831 -2.80338e-07 -2.6111e-08 1 0.25081 0 0 0 1 
34562489690017;0.317284;0.412897;12;1 -1.08894e-07 1.96578e-07 -0.988315 1.08894e-07 1 3.43728e-08 -1.84115 -1.96578e-07 -3.43728e-08 1 -0.258174 0 0 0 1 
34562489690018;0.287954;2.6736;100;1 -3.07933e-07 1.25112e-06 -1.15696 3.07933e-07 1 -1.6025e-08 23.0097 -1.25112e-06 1.60254e-08 1 0.414707 0 0 0 1 
34562489690019;0.362659;0.464215;13;0.996875 0.000265401 0.0789951 46.9302 0.000279993 0.999976 -0.00689299 -6.73286 -0.078995 0.00689357 0.996851 23.5327 0 0 0 1 
34562489690020;0.112961;0.0850403;10;0.999951 -7.48246e-07 -0.00993341 41.5712 9.45162e-06 1 0.000876125 -4.45785 0.0099334 -0.000876175 0.99995 71.0324 0 0 0 1 
34562489690021;0.197833;0.280522;9;1 -2.26681e-08 -3.90974e-07 -0.242354 2.26681e-08 1 -1.83058e-08 -1.43507 3.90974e-07 1.83058e-08 1 0.121512 0 0 0 1 
34562489690022;0.278308;2.80935;100;1 -2.30181e-07 1.73021e-06 -3.53664 2.30181e-07 1 -1.20582e-07 -23.3733 -1.73021e-06 1.20583e-07 1 0.469928 0 0 0 1 
34562489690023;0.193536;0.257692;6;0.999967 1.10729e-06 -0.0080668 14.2428 4.56906e-06 1 0.00070365 -0.816883 0.0080668 -0.000703664 0.999967 -4.73062 0 0 0 1 
34562489690024;0.347959;0.414553;15;1 -4.31478e-08 1.29704e-06 -0.441585 4.31478e-08 1 4.32813e-08 -2.37408 -1.29704e-06 -4.32812e-08 1 -0.358468 0 0 0 1 
34562489690025;0.302077;0.628304;17;0.998471 0.000232015 -0.0552717 -787.519 3.86703e-05 0.999988 0.00489623 71.2406 0.0552722 -0.00489088 0.998459 525.862 0 0 0 1 
34562489690026;0.218188;0.248995;10;1 -6.2595e-08 4.33762e-07 -0.517563 6.2595e-08 1 2.87785e-08 0.706061 -4.33762e-07 -2.87785e-08 1 -0.206397 0 0 0 1 
34562489690027;0.18191;0.680753;40;0.99424 0.00041117 -0.10718 752.445 0.000603507 0.999955 0.00943445 -60.1472 0.107179 -0.00944479 0.994195 706.014 0 0 0 1 
34562489690028;0.340963;0.504841;12;1 -8.2983e-08 2.90458e-07 -0.797488 8.2983e-08 1 1.3212e-08 -2.05063 -2.90458e-07 -1.3212e-08 1 -0.112784 0 0 0 1 
34562489690029;0.238574;0.202081;8;0.999402 5.69123e-05 0.0345692 -43.7934 4.73745e-05 0.999995 -0.00301593 2.66897 -0.0345692 0.00301576 0.999398 17.9677 0 0 0 1 
34562489690031;0.530935;0.713667;16;0.999792 2.2463e-05 -0.0203727 -31.0353 1.37322e-05 0.999998 0.00177652 3.11804 0.0203727 -0.00177643 0.999791 -16.2281 0 0 0 1 
34562489690032;0.306555;0.524219;13;0.989909 0.000878699 0.141698 -1.77707 0.000881737 0.999923 -0.0123606 -0.553766 -0.141698 0.0123608 0.989833 75.9679 0 0 0 1 
34562489690033;0.46032;0.576959;9;0.999402 5.39259e-05 -0.034564 -8.91685 5.03664e-05 0.999995 0.00301649 1.44604 0.0345641 -0.00301643 0.999398 -8.1427 0 0 0 1 
34562489690034;0.385219;0.982064;17;0.9998 2.56251e-05 -0.0199791 -60.958 8.97445e-06 0.999999 0.00173169 7.22337 0.0199791 -0.00173153 0.999799 -102.139 0 0 0 1 
34562489690035;0.341621;0.41115;10;0.982864 0.00149757 0.184324 -38.8356 0.00149374 0.999869 -0.0160886 2.5243 -0.184324 0.0160882 0.982734 27.7532 0 0 0 1 
34562489690036;0.158469;0.200471;16;0.994151 0.000514542 -0.108002 -15.663 0.000506444 0.999955 0.00942573 1.03872 0.108002 -0.00942529 0.994106 -24.6853 0 0 0 1 
34562489690037;0.364175;0.447523;10;0.999799 1.40169e-05 -0.0200275 31.6167 2.10775e-05 0.999998 0.00175209 -3.48687 0.0200275 -0.00175217 0.999798 29.2548 0 0 0 1 
34562489690038;0.437441;1.02518;24;0.992976 0.000622039 0.118313 -85.3857 0.000603983 0.999946 -0.0103264 9.30202 -0.118313 0.0103253 0.992923 27.6944 0 0 0 1 
34562489690039;0.392147;0.372174;9;0.998738 2.29577e-06 0.0502335 861.507 0.000234276 0.999989 -0.00470357 -75.1377 -0.0502329 0.0047094 0.998726 -2607.24 0 0 0 1 
34562489690040;0.283513;0.303043;8;0.998608 0.000124354 -0.0527507 -14.5813 0.000118628 0.999989 0.00460308 1.50734 0.0527507 -0.00460293 0.998597 -17.7399 0 0 0 1 
34562489690041;0.287266;0.820041;21;0.994084 0.000527468 -0.108609 -72.0903 0.000505193 0.999955 0.00948037 8.07445 0.108609 -0.00947915 0.994039 -18.0308 0 0 0 1 
34562489690042;0.329992;1.1837;18;0.993683 0.000566283 0.112224 -132.305 0.000536558 0.999952 -0.0097967 13.5767 -0.112224 0.00979502 0.993635 17.3184 0 0 0 1 
34562489690043;0.516204;0.862612;11;0.99998 5.39502e-06 -0.00627551 -27.5315 -1.96783e-06 1 0.000546128 2.8977 0.00627551 -0.000546104 0.99998 -13.8461 0 0 0 1 
34562489690044;0.236329;0.176985;9;1 3.0218e-09 8.50557e-08 0.0269262 -3.0218e-09 1 1.89437e-08 -0.0120116 -8.50557e-08 -1.89437e-08 1 -0.166018 0 0 0 1 
34562489690045;0.316589;0.432362;8;0.999811 1.6149e-05 -0.019452 6.05731 1.69034e-05 0.999999 0.00169902 -0.958409 0.019452 -0.00169903 0.999809 6.84596 0 0 0 1 
34562489690046;0.376135;0.346191;10;0.998636 0.000122266 -0.0522132 -17.4142 0.000115861 0.99999 0.00455762 1.28984 0.0522132 -0.00455745 0.998626 -6.3528 0 0 0 1 
34562489690047;0.485231;0.529402;16;0.998937 9.45972e-05 -0.0460942 -6.9837 9.07919e-05 0.999992 0.00401985 0.948541 0.0460942 -0.00401976 0.998929 -34.569 0 0 0 1 
34562489690048;0.199981;0.179313;8;0.99998 1.76733e-06 -0.00638978 1.35521 1.78755e-06 1 0.000556332 0.0380455 0.00638978 -0.000556332 0.999979 -11.8743 0 0 0 1 
34562489690049;0.208318;0.205444;6;1 4.92601e-09 -1.33845e-07 0.0480732 -4.92601e-09 1 5.99989e-09 0.0191061 1.33845e-07 -5.99989e-09 1 -0.0550872 0 0 0 1 
34562489690050;0.378047;0.617625;13;0.976689 0.00205038 -0.214651 -91.843 0.00201923 0.999822 0.0187382 8.01572 0.214652 -0.0187348 0.976511 -30.1291 0 0 0 1 
34562489690051;0.381473;0.663205;12;0.999999 2.78116e-06 0.00161172 -20.4097 -2.55663e-06 1 -0.000139308 2.48991 -0.00161172 0.000139304 0.999999 11.007 0 0 0 1 
34562489690052;0.123011;0.57446;15;0.999265 7.35077e-05 -0.0383414 -67.7971 5.47584e-05 0.999994 0.00334431 6.20308 0.0383414 -0.00334395 0.999259 -25.9765 0 0 0 1 
34562489690053;0.447449;0.858965;14;0.999999 2.61331e-06 0.00170537 -18.6776 -2.36137e-06 1 -0.000147733 2.6927 -0.00170537 0.000147729 0.999999 9.13035 0 0 0 1 
34562489690054;0.341689;0.539525;9;0.999953 6.92181e-06 -0.00965171 -20.5947 1.20796e-06 1 0.000842309 1.66627 0.00965171 -0.000842281 0.999953 -2.81698 0 0 0 1 
34562489690055;0.435439;0.702485;11;0.999755 2.64153e-05 -0.0221382 -36.0251 1.62761e-05 0.999998 0.00192822 3.19749 0.0221382 -0.00192811 0.999753 -35.9758 0 0 0 1 
34562489690056;0.453077;0.42127;21;0.919828 0.0069118 -0.392261 756.866 0.00698162 0.999398 0.0339813 -64.011 0.392259 -0.0339956 0.919226 -1986.86 0 0 0 1 
34562489690057;0.243925;4.46965;100;0.999489 3.91624e-05 0.0319518 41.1861 5.00564e-05 0.999996 -0.00279149 -16.7214 -0.0319518 0.00279166 0.999486 -18.3033 0 0 0 1 
34562489690058;0.299623;0.605802;15;0.98778 0.00107307 0.155848 -71.2533 0.00105927 0.999907 -0.0135985 6.97695 -0.155848 0.0135974 0.987687 65.5101 0 0 0 1 
34562489690059;0.121954;0.112612;9;0.999934 4.59749e-06 -0.0115036 11.4237 6.94153e-06 0.999999 0.00100304 -1.12269 0.0115036 -0.00100305 0.999933 -10.2687 0 0 0 1 
34562489690060;0.336224;0.838189;21;0.998494 0.000140034 0.0548565 -74.3173 0.000122905 0.999989 -0.00478981 7.30394 -0.0548565 0.00478934 0.998483 -2.88182 0 0 0 1 
34562489690062;0.450678;0.327433;9;0.99574 0.000372901 0.0922012 -20.4151 0.000370727 0.999968 -0.00804802 1.19615 -0.0922012 0.00804792 0.995708 24.4364 0 0 0 1 
34562489690063;0.504888;0.773236;11;0.990261 0.000851138 0.139223 -25.0685 0.000848493 0.999926 -0.0121482 0.799759 -0.139223 0.012148 0.990187 72.1961 0 0 0 1 
34562489690064;0.452148;0.440976;6;1 -1.22804e-08 2.23653e-08 -0.115371 1.22804e-08 1 -2.57086e-09 -0.171979 -2.23653e-08 2.57086e-09 1 0.00367503 0 0 0 1 
34562489690065;0.324911;0.525529;6;1 -2.8691e-09 1.79266e-07 -0.119897 2.8691e-09 1 -1.98883e-08 -0.753968 -1.79266e-07 1.98883e-08 1 0.147314 0 0 0 1 
34562489690066;0.34336;0.535266;11;0.997239 0.000241798 0.0742623 -15.3533 0.000240077 0.999979 -0.00647984 0.591587 -0.0742623 0.00647977 0.997218 38.0775 0 0 0 1 
34562489690067;0.18061;0.424212;8;0.999996 -1.39911e-06 0.00274247 13.0401 2.05568e-06 1 -0.000239405 -1.97094 -0.00274247 0.000239409 0.999996 0.723277 0 0 0 1 
34562489690068;0.143206;0.211198;6;1 1.56156e-08 2.99053e-08 0.0966382 -1.56156e-08 1 -2.88305e-09 -0.24673 -2.99053e-08 2.88305e-09 1 0.0210745 0 0 0 1 
34562489690069;0.265071;0.353594;9;0.99991 9.55235e-06 0.0134115 -15.6423 6.09904e-06 0.999999 -0.00116697 0.323504 -0.0134115 0.00116695 0.999909 32.4992 0 0 0 1 
34562489690070;0.337998;0.405658;6;1 1.28318e-08 -1.63934e-07 0.0835232 -1.28318e-08 1 1.74031e-08 -0.290484 1.63934e-07 -1.74031e-08 1 -0.143952 0 0 0 1 
34562489690071;0.291767;0.181532;9;1 1.21324e-07 -8.4944e-05 -0.687938 -1.20731e-07 1 6.97075e-06 -0.49287 8.4944e-05 -6.97074e-06 1 -2.89854 0 0 0 1 
34562489690072;0.432542;0.335486;10;0.968664 0.00273961 0.248361 -61.359 0.0027322 0.999761 -0.0216843 4.94635 -0.248362 0.0216834 0.968425 31.2749 0 0 0 1 
34562489690073;0.333627;0.385298;10;0.996978 0.000268479 -0.0776803 -26.0605 0.000258991 0.999977 0.00678012 1.54708 0.0776803 -0.00677976 0.996955 -26.0502 0 0 0 1 
34562489690074;0.333091;1.05387;19;0.957118 0.00394655 0.289673 -1664.6 0.00366257 0.999662 -0.0257212 144.446 -0.289677 0.0256791 0.95678 -3090.68 0 0 0 1 
34562489690075;0.300984;6.60867;100;0.964942 0.00247744 -0.262453 4732.78 0.00344517 0.99975 0.0221038 -428.723 0.262442 -0.022233 0.964692 -5491.88 0 0 0 1 
34562489690076;0.255405;0.37906;8;0.999609 2.84152e-05 0.0279705 42.2117 4.14505e-05 0.999997 -0.00249725 -4.07403 -0.0279705 0.00249743 0.999606 -442.583 0 0 0 1 
34562489690077;0.37018;0.413906;14;0.89013 0.00959853 -0.455605 25.2368 0.00958578 0.999163 0.039778 -3.46809 0.455606 -0.0397749 0.889293 -49.9817 0 0 0 1 
34562489690078;0.123389;0.239577;9;0.996374 0.000317498 -0.0850754 4.30775 0.000315441 0.999972 0.00742619 -1.08122 0.0850754 -0.0074261 0.996347 -20.441 0 0 0 1 
34562489690079;0.437756;0.725768;13;0.999432 5.56596e-05 -0.033701 -42.9535 4.352e-05 0.999996 0.00294219 2.93561 0.033701 -0.00294199 0.999428 -6.03503 0 0 0 1 
34562489690080;0.248888;0.35981;6;1 1.19155e-08 -6.90995e-08 0.0695849 -1.19155e-08 1 -1.59787e-10 -0.304398 6.90995e-08 1.59788e-10 1 0.0204976 0 0 0 1 
34562489690081;0.238106;0.376914;8;0.999911 6.77463e-06 0.0133475 6.18919 8.75054e-06 0.999999 -0.00116309 -1.44796 -0.0133475 0.00116311 0.99991 18.9041 0 0 0 1 
34562489690082;0.176775;0.265013;6;1 1.72748e-07 7.97602e-05 -1.06898 -1.72205e-07 1 -6.81369e-06 -0.128359 -7.97602e-05 6.81368e-06 1 1.06415 0 0 0 1 
34562489690083;0.334152;7.13757;100;0.999973 7.56856e-05 0.00734572 -591.174 -7.11923e-05 1 -0.000611952 31.2139 -0.00734577 0.000611412 0.999973 242.196 0 0 0 1 
34562489690084;0.376441;0.369435;10;0.999428 5.14484e-05 -0.0338246 -6.95798 4.84701e-05 0.999996 0.00295319 0.838701 0.0338246 -0.00295314 0.999423 -3.08893 0 0 0 1 
34562489690085;0.162081;0.14639;6;0.999999 9.32166e-08 -0.00167651 0.520168 1.51811e-07 1 0.000146153 -0.15873 0.00167651 -0.000146153 0.999999 -2.16348 0 0 0 1 
34562489690086;0.435379;0.426388;8;0.999767 1.3844e-05 0.0215867 49.1345 2.77243e-05 0.999998 -0.00192534 -4.6511 -0.0215867 0.00192549 0.999765 -325.611 0 0 0 1 
34562489690087;0.326485;0.295346;6;1 1.40966e-09 1.61837e-08 -0.019732 -1.40966e-09 1 -7.37054e-09 -0.277138 -1.61837e-08 7.37054e-09 1 0.0437093 0 0 0 1 
34562489690088;0.343468;0.329691;6;0.999999 2.58185e-07 -0.0012669 -1.19269 -1.18379e-07 1 0.000110353 -0.0830634 0.0012669 -0.000110353 0.999999 -2.03948 0 0 0 1 
34562489690089;0.181879;0.165809;6;1 4.34638e-09 -6.97201e-08 -0.00597328 -4.34638e-09 1 7.07021e-09 -0.205754 6.97201e-08 -7.07021e-09 1 0.0787755 0 0 0 1 
34562489690090;0.274172;0.510078;11;0.977668 0.00195234 -0.210147 10.6077 0.00194711 0.99983 0.0183473 -1.95039 0.210147 -0.0183467 0.977498 -22.2127 0 0 0 1 
34562489690091;0.516972;0.831792;11;1 7.80006e-06 4.72602e-05 -60.9391 -7.7999e-06 1 -3.43634e-06 4.41833 -4.72602e-05 3.43597e-06 1 4.68921 0 0 0 1 
34562489690093;0.4248;0.489825;8;1 1.2483e-06 0.000124323 -10.5912 -1.24887e-06 1 4.6201e-06 2.22832 -0.000124323 -4.62025e-06 1 125.777 0 0 0 1 
34562489690094;0.0934313;0.125858;9;0.998721 0.000459218 0.0505567 -2803.55 -0.000237977 0.99999 -0.00438203 246.367 -0.0505582 0.00436439 0.998712 399.943 0 0 0 1 
34562489690095;0.144672;0.181494;8;0.999925 1.04124e-05 0.0122645 -32.5425 2.69231e-06 0.999999 -0.00106849 4.00148 -0.0122645 0.00106845 0.999924 19.4263 0 0 0 1 
34562489690096;0.228702;0.276442;9;0.999124 -6.07018e-05 -0.0418516 1109.02 0.000217585 0.999993 0.00374401 -96.5782 0.041851 -0.00374984 0.999117 770.233 0 0 0 1 
34562489690097;0.121961;0.193957;8;0.998751 2.70878e-05 0.0499561 650.271 0.000193461 0.99999 -0.00441001 -57.9217 -0.0499557 0.00441417 0.998742 -422.983 0 0 0 1 
34562489690098;0.286027;0.303143;8;0.999464 -0.000229157 0.0327358 2215.24 0.000327295 0.999995 -0.00299255 -192.415 -0.0327349 0.00300166 0.99946 -1154.85 0 0 0 1 
34562489690099;0.0245713;0.0653058;8;0.999894 -9.19047e-05 0.0145446 811.295 0.000110483 0.999999 -0.00127655 -71.168 -0.0145445 0.00127802 0.999893 -65.8706 0 0 0 1 
34562489690100;0.214406;0.234907;6;0.999985 7.40444e-07 -0.00547216 5.04033 1.87462e-06 1 0.00047788 0.421197 0.00547216 -0.000477883 0.999985 0.220427 0 0 0 1 
34562489690101;0.290539;0.319565;6;1 -3.3641e-08 3.1839e-07 -0.224031 3.3641e-08 1 -9.90836e-09 0.142936 -3.1839e-07 9.90837e-09 1 0.0686724 0 0 0 1 
34562489690102;0.160438;0.197353;11;0.995847 0.000831522 -0.0910359 -3760.43 -0.000205101 0.999976 0.00689017 333.117 0.0910394 -0.00684289 0.995824 -8896.45 0 0 0 1 
34562489690103;0.385248;0.430199;6;1 -1.31253e-08 1.5059e-08 -0.149403 1.31253e-08 1 -3.29852e-08 -0.619328 -1.5059e-08 3.29852e-08 1 0.196328 0 0 0 1 
34562489690104;0.150227;0.22696;8;0.999982 2.79879e-07 0.00598039 8.56476 2.84197e-06 1 -0.000522007 -1.91419 -0.00598039 0.000522014 0.999982 0.745219 0 0 0 1 
34562489690105;0.212702;0.244375;8;0.998886 9.27253e-05 0.0471988 29.0791 0.000101779 0.999992 -0.00411854 -3.76904 -0.0471988 0.00411876 0.998877 16.0688 0 0 0 1 
34562489690106;0.369761;0.387027;6;1 -1.36986e-08 3.24259e-07 -0.0893888 1.36986e-08 1 -1.12837e-08 0.436536 -3.24259e-07 1.12837e-08 1 0.28872 0 0 0 1 
34562489690107;0.232667;0.215676;8;1 -1.9078e-08 2.71627e-07 -0.142703 1.9078e-08 1 1.93484e-08 0.242928 -2.71627e-07 -1.93484e-08 1 -0.154957 0 0 0 1 
34562489690108;0.240619;0.26086;6;1 -2.24669e-08 -1.01824e-07 -0.131045 2.24669e-08 1 1.63476e-08 0.209205 1.01824e-07 -1.63476e-08 1 -0.104508 0 0 0 1 
34562489690109;0.185949;0.20188;6;1 -2.08895e-08 -2.75755e-07 -0.0971321 2.08895e-08 1 1.11912e-08 0.122087 2.75755e-07 -1.11912e-08 1 -0.0581147 0 0 0 1 
34562489690110;0.265953;0.339105;6;0.999998 -1.10014e-06 -0.00199821 9.55787 1.4482e-06 1 0.000174184 -0.867535 0.00199821 -0.000174186 0.999998 -2.52382 0 0 0 1 
34562489690111;0.165425;0.249696;8;0.999668 3.30392e-05 0.0257852 -35.6117 2.4928e-05 0.999997 -0.00224776 4.5052 -0.0257852 0.00224765 0.999665 28.8456 0 0 0 1 
34562489690112;0.350609;0.346123;9;0.995022 0.000436987 0.0996553 -32.9744 0.000431735 0.999962 -0.00869553 4.20687 -0.0996553 0.00869527 0.994984 44.2587 0 0 0 1 
34562489690113;0.399049;0.424674;6;1 -1.79978e-08 9.80931e-08 -0.100952 1.79978e-08 1 1.41806e-09 0.467374 -9.80931e-08 -1.41806e-09 1 -0.00466431 0 0 0 1 
34562489690114;0.0997142;0.165216;8;1 7.31704e-09 2.0588e-07 0.100772 -7.31705e-09 1 1.29526e-08 1.14599 -2.0588e-07 -1.29526e-08 1 -0.0756874 0 0 0 1 
34562489690115;0.280795;0.319084;6;1 -1.02888e-07 -1.08116e-06 0.21099 1.02888e-07 1 4.95258e-08 -0.30878 1.08116e-06 -4.95259e-08 1 -0.610394 0 0 0 1 
34562489690116;0.37279;0.409073;9;1 -3.89548e-08 2.77815e-07 -0.287612 3.89547e-08 1 4.09048e-08 -0.0998086 -2.77815e-07 -4.09048e-08 1 -0.341407 0 0 0 1 
34562489690117;0.26675;0.416303;8;1 -2.53259e-08 -1.335e-07 -0.0516546 2.53259e-08 1 5.77492e-09 1.891 1.335e-07 -5.77493e-09 1 0.0668423 0 0 0 1 
34562489690118;0.0989808;0.191264;12;0.995934 -0.00169575 -0.0900729 16512.2 0.00234482 0.999972 0.0071008 -1424.73 0.0900584 -0.00728313 0.99591 -4664.33 0 0 0 1 
34562489690119;0.386067;0.49939;6;0.999974 -1.13624e-06 -0.00720936 26.839 5.66469e-06 1 0.000628114 -2.01968 0.00720936 -0.000628138 0.999974 -10.5527 0 0 0 1 
34562489690120;0.309421;0.368488;6;1 5.56558e-09 3.79524e-08 0.112618 -5.56558e-09 1 -1.43966e-08 1.07422 -3.79524e-08 1.43966e-08 1 0.173335 0 0 0 1 
34562489690121;0.382301;0.41288;6;1 -2.55976e-08 4.05585e-08 -0.140145 2.55976e-08 1 -6.25122e-09 0.548906 -4.05585e-08 6.25122e-09 1 0.108763 0 0 0 1 
34562489690122;0.179762;0.258852;6;0.99993 5.09245e-06 0.0118459 6.15132 7.16411e-06 0.999999 -0.00103463 -1.56042 -0.0118459 0.00103464 0.999929 -2.44392 0 0 0 1 
34562489690124;0.346704;0.42252;6;1 -5.54281e-08 -1.53481e-07 -0.430516 5.54281e-08 1 2.43312e-08 0.163437 1.53481e-07 -2.43312e-08 1 -0.179222 0 0 0 1 
34562489690125;0.12865;0.239437;6;0.999941 6.68982e-06 -0.0109048 -10.3619 3.68241e-06 1 0.000951141 1.81712 0.0109048 -0.000951124 0.99994 -7.59887 0 0 0 1 
34562489690126;0.441684;0.639985;9;0.999915 9.57452e-06 0.0130695 -18.2393 5.33541e-06 0.999999 -0.00114078 3.41955 -0.0130695 0.00114076 0.999914 3.14793 0 0 0 1 
34562489690127;0.210546;0.23975;8;0.999995 1.51045e-06 0.00314333 -8.93132 -6.5142e-07 1 -0.000273287 1.27138 -0.00314333 0.000273283 0.999995 8.58393 0 0 0 1 
34562489690128;0.0334274;0.148101;8;0.999729 3.7606e-06 -0.0232921 163.202 4.34521e-05 0.999998 0.00202647 -15.147 0.0232921 -0.00202694 0.999727 -53.7428 0 0 0 1 
34562489690129;0.0803559;0.106904;8;1 -3.02755e-06 3.10311e-05 24.0042 3.0276e-06 1 -1.42822e-06 -1.84727 -3.10311e-05 1.42831e-06 1 9.70661 0 0 0 1 
34562489690130;0.355847;0.404625;6;0.999993 -1.06159e-06 -0.00369412 13.1376 2.25155e-06 1 0.000322118 -1.08395 0.00369412 -0.000322124 0.999993 -3.64877 0 0 0 1 
34562489690131;0.103607;0.249144;10;1 5.60723e-06 -0.000411549 -44.202 -5.59307e-06 1 3.44201e-05 6.142 0.000411549 -3.44178e-05 1 -12.7564 0 0 0 1 
34562489690132;0.232394;0.276304;8;0.99951 3.67669e-05 -0.0312955 51.9597 4.87507e-05 0.999996 0.00273182 -3.35225 0.0312954 -0.00273201 0.999506 -3.8409 0 0 0 1 
34562489690133;0.372111;0.384375;6;1 -3.67466e-08 -1.71288e-07 -0.263275 3.67466e-08 1 3.15674e-08 0.282106 1.71288e-07 -3.15674e-08 1 -0.253275 0 0 0 1 
34562489690134;0.23228;0.237815;6;1 -3.84937e-08 6.86964e-08 -0.269899 3.84937e-08 1 1.75739e-08 0.312884 -6.86964e-08 -1.75739e-08 1 -0.158048 0 0 0 1 
34562489690135;0.171644;0.382308;13;0.999827 1.75504e-05 -0.0185914 -17.1167 1.2606e-05 0.999999 0.00162195 3.67157 0.0185914 -0.0016219 0.999826 -9.76974 0 0 0 1 
34562489690136;0.200279;0.20422;6;1 -3.56992e-08 -3.45048e-08 -0.243551 3.56992e-08 1 1.43229e-08 0.200584 3.45048e-08 -1.43229e-08 1 -0.118371 0 0 0 1 
34562489690137;0.062551;0.119433;10;0.998515 0.00105943 -0.0544641 -7472.97 -0.000826177 0.99999 0.00430506 655.822 0.0544682 -0.00425367 0.998506 -4037.75 0 0 0 1 
34562489690138;0.126833;0.168954;6;1 2.43679e-08 -2.88365e-08 0.226304 -2.43679e-08 1 -9.17853e-09 0.771434 2.88365e-08 9.17853e-09 1 0.0839685 0 0 0 1 
34562489690139;0.334771;0.431776;6;0.999998 0.000523299 -0.00167902 -4208.64 -0.000521719 0.999999 0.000940968 372.011 0.00167951 -0.00094009 0.999998 6383.51 0 0 0 1 
34562489690140;0.169798;0.517038;21;1 -9.61646e-08 1.49471e-07 -0.41293 9.61646e-08 1 1.16644e-08 3.39393 -1.49471e-07 -1.16644e-08 1 -0.0737558 0 0 0 1 
34562489690141;0.269667;0.355627;6;0.999976 3.66883e-06 -0.0069566 -11.1263 5.55395e-07 1 0.000607223 1.91198 0.0069566 -0.000607212 0.999976 -1.40808 0 0 0 1 
34562489690142;0.0756236;0.237492;13;0.999387 -0.000435058 -0.0350115 3934.84 0.000535787 0.999996 0.00286769 -343.605 0.0350101 -0.00288469 0.999383 -1384.27 0 0 0 1 
34562489690143;0.273373;0.392088;9;0.999581 4.06185e-05 0.0289544 -35.3481 3.25182e-05 0.999997 -0.00252545 4.38839 -0.0289544 0.00252533 0.999578 20.9652 0 0 0 1 
34562489690144;0.115892;2.97004;100;1 1.15931e-07 3.32632e-06 1.98011 -1.15931e-07 1 -6.79549e-08 22.9003 -3.32632e-06 6.79545e-08 1 1.20826 0 0 0 1 
34562489690145;0.160443;0.255964;10;0.999739 2.63397e-05 0.0228322 -31.7122 1.9132e-05 0.999998 -0.00199134 1.47496 -0.0228322 0.00199126 0.999737 16.921 0 0 0 1 
34562489690146;0.0878609;3.13788;100;1 2.28221e-08 1.02949e-06 1.65838 -2.28221e-08 1 -7.65097e-09 24.307 -1.02949e-06 7.65094e-09 1 0.777774 0 0 0 1 
34562489690147;0.0902058;0.218714;11;0.998765 6.18113e-05 -0.0496737 376.035 0.000153989 0.999991 0.00434052 -31.7845 0.0496735 -0.00434281 0.998756 46.9042 0 0 0 1 
34562489690148;0.253989;0.404779;8;1 2.40225e-08 -2.62876e-07 0.284872 -2.40225e-08 1 -3.66068e-09 1.41318 2.62876e-07 3.66069e-09 1 0.0935826 0 0 0 1 
34562489690149;0.415878;0.410228;6;1 -1.8736e-08 1.69268e-07 -0.129778 1.8736e-08 1 2.34192e-08 0.136788 -1.69268e-07 -2.34192e-08 1 -0.210236 0 0 0 1 
34562489690150;0.323952;0.355864;6;1 -3.52435e-08 -1.71928e-07 -0.263768 3.52435e-08 1 1.56014e-08 0.10725 1.71928e-07 -1.56014e-08 1 -0.115965 0 0 0 1 
34562489690151;0.0908205;0.268432;11;1 4.80975e-08 2.04871e-08 0.414743 -4.80975e-08 1 4.50959e-09 1.6375 -2.04871e-08 -4.50959e-09 1 -0.0263077 0 0 0 1 
34562489690152;0.416208;0.418588;8;0.997836 0.000187915 -0.0657582 17.5637 0.000189804 0.999984 0.00573777 -1.08637 0.0657582 -0.00573783 0.997819 -26.7856 0 0 0 1 
34562489690153;0.0988573;0.121892;9;0.99995 6.86762e-06 -0.0100372 -17.8738 1.89959e-06 1 0.000873462 0.356757 0.0100372 -0.000873437 0.999949 -22.8899 0 0 0 1 
34562489690155;0.259195;0.421496;9;0.999757 1.9706e-05 -0.0220493 15.2704 2.27354e-05 0.999998 0.00192459 0.222336 0.0220493 -0.00192462 0.999755 -4.39771 0 0 0 1 
34562489690156;0.172496;0.178934;9;0.999776 1.83292e-05 -0.0211667 12.9789 2.07769e-05 0.999998 0.00184731 -0.172392 0.0211667 -0.00184734 0.999774 -6.09969 0 0 0 1 
34562489690157;0.159263;0.362171;15;0.998864 -3.50187e-05 0.0476522 1074.69 0.000236147 0.999991 -0.00421512 -93.2093 -0.0476517 0.00422159 0.998855 -492.694 0 0 0 1 
34562489690158;0.105511;0.186801;9;0.999578 0.000311324 0.0290508 -2211.42 -0.000225029 0.999996 -0.00297371 193.855 -0.0290516 0.00296592 0.999574 -3455.79 0 0 0 1 
34562489690159;0.266866;0.322477;9;1 -5.30584e-09 3.52443e-07 0.0174255 5.30583e-09 1 3.47329e-08 0.815408 -3.52443e-07 -3.47329e-08 1 -0.262945 0 0 0 1 
34562489690160;0.0473697;0.101755;8;0.99997 4.08164e-06 0.00772601 -12.606 1.11866e-06 1 -0.000673086 1.45926 -0.00772601 0.000673074 0.99997 11.3473 0 0 0 1 
34562489690161;0.216211;0.239893;6;1 -3.15962e-08 5.36446e-07 0.390451 3.15963e-08 1 -8.73022e-08 0.5078 -5.36446e-07 8.73023e-08 1 -0.159301 0 0 0 1 
34562489690162;0.156911;0.271604;11;0.999877 0.000344321 0.0156712 -2684.72 -0.000322311 0.999999 -0.00140699 235.215 -0.0156716 0.00140176 0.999876 -270.024 0 0 0 1 
34562489690163;0.149607;0.101909;8;0.99999 9.8367e-07 0.00451069 -0.939824 7.89454e-07 1 -0.000393092 0.502882 -0.00451069 0.000393091 0.99999 5.25596 0 0 0 1 
34562489690164;0.334807;0.368586;6;1 2.95387e-08 3.37655e-07 0.219733 -2.95387e-08 1 -2.14735e-08 -0.131901 -3.37655e-07 2.14735e-08 1 0.13081 0 0 0 1 
34562489690165;0.385816;0.45812;9;0.983736 0.00141803 0.179617 -9.10535 0.00142162 0.999876 -0.0156797 1.78466 -0.179617 0.01568 0.983612 18.2623 0 0 0 1 
34562489690166;0.333068;0.389701;9;1 7.39548e-08 7.93642e-07 0.599271 -7.39548e-08 1 -4.98752e-09 0.137313 -7.93642e-07 4.98746e-09 1 0.0259396 0 0 0 1 
34562489690167;0.363242;0.463793;8;1 1.49603e-08 2.88024e-07 0.216071 -1.49603e-08 1 2.39077e-08 0.765718 -2.88024e-07 -2.39077e-08 1 -0.185765 0 0 0 1 
34562489690168;0.405801;0.327439;9;0.999772 1.97222e-05 -0.021356 4.72221 2.01097e-05 0.999998 0.00186493 0.22817 0.021356 -0.00186493 0.99977 1.89987 0 0 0 1 
34562489690169;0.233383;0.346865;8;0.999731 2.13349e-05 -0.0231919 20.3935 2.56423e-05 0.999998 0.00202528 -0.769987 0.0231919 -0.00202533 0.999729 3.16073 0 0 0 1 
34562489690170;0.111556;0.133715;8;1 1.3731e-08 3.35573e-07 0.199401 -1.3731e-08 1 1.22686e-08 0.502946 -3.35573e-07 -1.22687e-08 1 -0.131537 0 0 0 1 
34562489690171;0.0960451;0.180994;8;0.999404 5.21017e-05 -0.034508 4.33397 5.19104e-05 0.999995 0.00301324 0.866255 0.034508 -0.00301324 0.9994 2.48745 0 0 0 1 
34562489690172;0.321124;0.41327;12;0.999986 3.07028e-06 0.00530864 -13.5738 -6.15588e-07 1 -0.000462398 1.75346 -0.00530864 0.000462388 0.999986 7.59794 0 0 0 1 
34562489690173;0.268086;0.30013;8;1 1.24421e-08 3.49747e-07 0.483214 -1.24421e-08 1 -1.11712e-08 0.552612 -3.49747e-07 1.11712e-08 1 0.774026 0 0 0 1 
34562489690174;0.189053;0.207232;6;1 1.17585e-08 3.77224e-07 0.145644 -1.17585e-08 1 -1.24751e-09 0.225342 -3.77224e-07 1.24751e-09 1 -0.0184066 0 0 0 1 
34562489690175;0.133957;0.227176;9;1 7.22242e-08 4.71278e-07 0.552775 -7.22242e-08 1 -1.02711e-08 0.0501393 -4.71278e-07 1.02711e-08 1 0.0516407 0 0 0 1 
34562489690176;0.144022;0.28088;8;0.999692 3.1759e-05 0.024807 -41.7317 2.19456e-05 0.999998 -0.00216462 3.10153 -0.024807 0.0021645 0.99969 10.7096 0 0 0 1 
34562489690177;0.320514;0.365934;6;1 1.19805e-08 1.07475e-07 0.148939 -1.19805e-08 1 -5.83201e-10 0.287254 -1.07475e-07 5.83199e-10 1 -0.000859446 0 0 0 1 
34562489690178;0.353901;0.564822;10;0.997262 0.000238535 -0.0739477 14.0982 0.00023924 0.999979 0.00645207 1.04412 0.0739477 -0.0064521 0.997241 -33.6943 0 0 0 1 
34562489690179;0.0142393;0.0442846;6;1 1.46362e-08 1.022e-07 0.158117 -1.46362e-08 1 4.65727e-10 0.0311768 -1.022e-07 -4.65729e-10 1 -0.0186909 0 0 0 1 
34562489690180;0.106434;0.172176;8;0.999905 8.07214e-06 -0.0137995 3.90541 8.52637e-06 0.999999 0.00120277 -0.00984066 0.0137995 -0.00120278 0.999904 -16.539 0 0 0 1 
34562489690181;0.139987;0.115025;6;0.999985 1.98353e-07 0.0054947 8.23672 2.43646e-06 1 -0.000479512 -0.28738 -0.0054947 0.000479518 0.999985 1.9857 0 0 0 1 
34562489690182;0.247912;0.407944;8;0.998561 0.00012131 -0.0536225 42.2676 0.000129879 0.999989 0.0046809 -2.31699 0.0536224 -0.00468113 0.99855 -5.04098 0 0 0 1 
34562489690183;0.115667;0.250289;11;1 2.07567e-08 6.38799e-07 0.251351 -2.07567e-08 1 3.59493e-08 1.26131 -6.38799e-07 -3.59493e-08 1 -0.245226 0 0 0 1 
34562489690184;0.228068;0.254024;6;1 2.2342e-08 3.02302e-07 0.217612 -2.2342e-08 1 -1.26483e-08 0.142581 -3.02302e-07 1.26483e-08 1 0.0591667 0 0 0 1 
34562489690186;0.0711037;0.187871;12;1 8.52218e-06 0.000117096 -68.0262 -8.52052e-06 1 -1.42238e-05 4.1461 -0.000117096 1.42228e-05 1 -32.5267 0 0 0 1 
34562489690187;0.0441165;0.0614728;10;0.999554 3.87765e-05 0.0298683 -3.00772 3.9079e-05 0.999997 -0.00260604 -0.0371273 -0.0298683 0.00260604 0.99955 11.4801 0 0 0 1 
34562489690188;0.231973;0.224509;8;0.999981 2.36391e-06 -0.00616635 -4.76333 9.52859e-07 1 0.000537879 1.03241 0.00616635 -0.000537874 0.999981 -4.28613 0 0 0 1 
34562489690189;0.393005;0.509689;13;0.998977 8.25255e-05 -0.0452181 60.2359 9.60262e-05 0.999992 0.00394649 -1.70512 0.0452181 -0.0039468 0.998969 -6.68501 0 0 0 1 
34562489690190;0.219538;0.446043;24;0.999233 5.7247e-05 -0.0391636 82.8896 7.67576e-05 0.999994 0.00342015 -2.70825 0.0391636 -0.00342053 0.999227 10.4002 0 0 0 1 
34562489690191;0.389147;1.6479;100;1 3.1555e-07 8.52169e-07 1.42155 -3.1555e-07 1 -1.10176e-07 -18.8971 -8.52169e-07 1.10175e-07 1 0.329419 0 0 0 1 
34562489690192;0.192134;0.235199;9;1 4.08557e-08 2.01652e-07 0.167852 -4.08557e-08 1 -4.46442e-10 -1.20959 -2.01652e-07 4.46434e-10 1 -0.053427 0 0 0 1 
34562489690193;0.281462;0.279947;10;1 -4.37318e-08 4.92991e-07 -0.227839 4.37318e-08 1 6.99397e-08 0.613344 -4.92991e-07 -6.99396e-08 1 -0.551037 0 0 0 1 
34562489690194;0.204314;0.18894;8;0.99973 -0.000230223 0.0232289 2038.31 0.000283114 0.999997 -0.00227369 -177.909 -0.0232283 0.00227966 0.999728 -2025.56 0 0 0 1 
34562489690195;0.157469;0.410331;24;0.999921 1.26662e-05 -0.0125361 -45.3489 1.22531e-06 0.999999 0.00110812 8.2319 0.0125361 -0.00110805 0.999921 108.384 0 0 0 1 
34562489690196;0.0529904;0.0465471;10;0.999948 -1.11758e-06 -0.0101537 46.6273 1.01476e-05 1 0.00088929 -3.44234 0.0101536 -0.000889347 0.999948 22.6141 0 0 0 1 
34562489690197;0.438295;2.00489;100;1 3.06574e-07 2.29963e-07 0.153061 -3.06574e-07 1 -4.73548e-08 -23.8305 -2.29963e-07 4.73548e-08 1 -0.423238 0 0 0 1 
34562489690198;0.0525853;0.040968;9;0.999979 2.28269e-06 -0.00645413 -2.39363 1.34781e-06 1 0.000562504 1.21465 0.00645413 -0.000562501 0.999979 -7.88434 0 0 0 1 
34562489690199;0.186435;1.67805;100;1 -2.41782e-07 -1.26979e-08 -0.469399 2.41782e-07 1 8.3277e-08 20.7079 1.26978e-08 -8.3277e-08 1 -0.0520486 0 0 0 1 
34562489690200;0.246291;0.226571;6;1 4.38632e-08 -1.97247e-06 -0.159071 -4.3863e-08 1 9.68047e-08 0.335634 1.97247e-06 -9.68046e-08 1 -0.302916 0 0 0 1 
34562489690201;0.100046;0.111444;8;0.999991 -1.24307e-06 0.00421642 15.6352 2.79455e-06 1 -0.000367957 -1.77775 -0.00421642 0.000367965 0.999991 1.07949 0 0 0 1 
34562489690202;0.155088;0.158068;6;1 1.05271e-08 1.29324e-07 0.0665011 -1.05271e-08 1 1.43281e-08 0.315985 -1.29324e-07 -1.43281e-08 1 -0.10464 0 0 0 1 
34562489690203;0.0877176;1.24091;100;0.999998 2.52915e-05 0.00183705 -200.596 -2.50262e-05 1 -0.000144424 34.1306 -0.00183705 0.000144378 0.999998 129.373 0 0 0 1 
34562489690204;0.244178;0.308748;11;0.99986 1.39293e-05 0.0167063 -16.3365 1.04408e-05 0.999999 -0.00145865 -0.331982 -0.0167063 0.00145862 0.999859 -0.0105925 0 0 0 1 
34562489690205;0.481854;0.404718;14;0.999654 3.37125e-05 -0.0262955 -23.4815 2.66551e-05 0.999997 0.00229539 2.27586 0.0262955 -0.00229529 0.999652 -4.48853 0 0 0 1 
34562489690206;0.097924;1.15221;100;0.997953 0.000155474 0.0639574 177.026 0.000202185 0.999984 -0.00558563 -30.4792 -0.0639573 0.00558712 0.997937 -29.2895 0 0 0 1 
34562489690207;0.417969;0.412626;11;0.998605 0.000124371 -0.0528108 -12.8308 0.000119154 0.999989 0.0046081 2.95884 0.0528108 -0.00460796 0.998594 -20.9829 0 0 0 1 
34562489690208;0.41666;0.403025;6;1 3.24648e-08 4.96638e-08 0.171377 -3.24648e-08 1 1.24424e-08 -0.611724 -4.96638e-08 -1.24424e-08 1 -0.104959 0 0 0 1 
34562489690209;0.102897;0.0701621;9;0.999847 0.000274963 -0.0175176 -2101.58 -0.000247334 0.999999 0.00157936 184.206 0.017518 -0.00157478 0.999845 364.852 0 0 0 1 
34562489690210;0.0465566;0.220434;17;0.999845 3.50449e-05 0.0176238 -175.248 -7.16246e-06 0.999999 -0.00158215 13.0042 -0.0176238 0.00158178 0.999843 -348.474 0 0 0 1 
34562489690211;0.156365;1.37769;100;1 3.41874e-07 -5.33394e-07 0.554891 -3.41874e-07 1 -1.4573e-08 -17.8468 5.33394e-07 1.45731e-08 1 -0.201 0 0 0 1 
34562489690212;0.249667;0.256928;6;1 3.13093e-08 1.24914e-07 0.171402 -3.13093e-08 1 -3.25036e-09 -0.505304 -1.24914e-07 3.25036e-09 1 0.00210361 0 0 0 1 
34562489690213;0.302086;0.3479;6;0.999672 3.25668e-05 0.0256023 -35.3537 2.46577e-05 0.999998 -0.00223481 1.7821 -0.0256023 0.00223471 0.99967 3.32338 0 0 0 1 
34562489690214;0.0408606;0.0622794;9;1 -2.79785e-09 1.27042e-07 0.0916315 2.79784e-09 1 1.87496e-08 0.731425 -1.27042e-07 -1.87496e-08 1 -0.132333 0 0 0 1 
34562489690215;0.322976;0.333038;9;0.999993 -9.83018e-07 0.00369298 11.8953 2.16672e-06 1 -0.000320523 -0.256367 -0.00369298 0.000320528 0.999993 14.6387 0 0 0 1 
34562489690217;0.345856;0.233044;9;0.99996 2.0158e-06 0.00892897 9.79097 4.93981e-06 1 -0.000778971 -0.731417 -0.00892897 0.000778984 0.99996 5.71391 0 0 0 1 
34562489690218;0.369096;0.252007;6;1 -2.05411e-08 -4.61574e-08 -0.207231 2.05411e-08 1 -1.28126e-09 -0.448538 4.61574e-08 1.28126e-09 1 -0.00127287 0 0 0 1 
34562489690219;0.344434;0.450383;8;1 -3.56603e-08 -2.10123e-07 -0.259598 3.56603e-08 1 -1.20791e-08 0.226844 2.10123e-07 1.20791e-08 1 0.119094 0 0 0 1 
34562489690220;0.281678;0.335057;6;1 2.05922e-08 -3.61543e-07 0.163707 -2.05922e-08 1 -7.47618e-09 -0.028557 3.61543e-07 7.47619e-09 1 0.0509838 0 0 0 1 
34562489690221;0.2479;0.485385;10;0.999789 1.63488e-05 -0.0205632 18.9121 2.05814e-05 0.999998 0.00179572 -1.51642 0.0205632 -0.00179576 0.999787 1.90027 0 0 0 1 
34562489690222;0.309448;0.589805;11;0.99857 0.000116201 -0.0534573 75.5703 0.000133462 0.999989 0.00466674 -6.39906 0.0534573 -0.0046672 0.998559 -3.89176 0 0 0 1 
34562489690223;0.503992;0.601766;21;0.973285 0.00231698 -0.22959 156.472 0.0023385 0.999797 0.0200032 -14.254 0.22959 -0.0200057 0.973082 -325.08 0 0 0 1 
34562489690224;0.505738;0.355034;11;0.996774 0.00027583 -0.0802638 57.5487 0.000287336 0.999975 0.00700481 -5.12112 0.0802638 -0.00700527 0.996749 -24.0591 0 0 0 1 
34562489690225;0.255572;0.363765;10;0.995129 0.00041914 0.0985822 35.4176 0.000431408 0.999963 -0.00860634 -3.06538 -0.0985821 0.00860694 0.995092 6.6118 0 0 0 1 
34562489690226;0.59187;0.618281;8;0.996582 0.000298771 -0.0826115 8.72041 0.000297971 0.999974 0.00721105 -1.06292 0.0826115 -0.00721102 0.996556 -16.8125 0 0 0 1 
34562489690227;0.535961;0.524365;12;0.994542 0.000480495 -0.104332 -18.6241 0.000475352 0.999958 0.00913654 1.37101 0.104332 -0.00913627 0.994501 213.709 0 0 0 1 
34562489690228;0.492348;1.20539;14;0.98197 0.00155768 -0.189033 157.978 0.00159031 0.999863 0.0165003 -13.8214 0.189032 -0.0165035 0.981832 -12.9202 0 0 0 1 
34562489690229;0.377629;0.327927;8;0.998997 8.76788e-05 -0.0447836 5.40644 8.73876e-05 0.999992 0.00390719 -0.96768 0.0447836 -0.00390719 0.998989 -24.2346 0 0 0 1 
34562489690230;0.309344;0.807676;13;0.988504 0.000752704 -0.151193 2040 0.00127147 0.999911 0.0132908 -176.215 0.15119 -0.0133303 0.988415 1040.71 0 0 0 1 
34562489690231;0.422227;0.773875;12;0.998202 0.000147957 0.0599417 63.3257 0.000165924 0.999986 -0.00523143 -4.77946 -0.0599416 0.00523196 0.998188 15.9115 0 0 0 1 
34562489690232;0.215127;0.315523;6;1 -2.37358e-08 2.56088e-07 -0.180729 2.37358e-08 1 1.04149e-08 0.0712436 -2.56088e-07 -1.04149e-08 1 -0.068947 0 0 0 1 
34562489690233;0.420689;0.430735;8;1 -2.68941e-08 8.25628e-08 -0.194999 2.68941e-08 1 1.40653e-08 0.220211 -8.25628e-08 -1.40653e-08 1 -0.110676 0 0 0 1 
34562489690234;0.244511;0.444542;9;0.999997 -7.19646e-07 -0.00246556 7.44595 1.25027e-06 1 0.000215212 -0.522438 0.00246556 -0.000215215 0.999997 -0.768644 0 0 0 1 
34562489690235;0.305129;0.221091;9;0.999923 7.95017e-06 0.0123904 -12.1757 5.47532e-06 0.999999 -0.00108351 1.8257 -0.0123904 0.00108349 0.999923 -12.4261 0 0 0 1 
34562489690236;0.196522;0.519021;14;0.994473 0.000230163 0.104989 2014.82 0.000710082 0.99996 -0.00891815 -174.971 -0.104987 0.00894341 0.994433 1799.04 0 0 0 1 
34562489690237;0.236663;0.550776;13;0.995386 0.000394859 -0.0959552 76.9653 0.000410842 0.999965 0.00837674 -6.62286 0.0959551 -0.00837751 0.99535 -5.89115 0 0 0 1 
34562489690238;0.36003;0.442867;6;1 -4.2494e-08 1.40189e-07 -0.328378 4.2494e-08 1 7.44806e-09 0.158023 -1.40189e-07 -7.44805e-09 1 -0.0823878 0 0 0 1 
34562489690239;0.243492;0.338762;10;0.999963 -7.61528e-07 -0.00864334 32.5124 7.23987e-06 1 0.000749487 -3.44197 0.00864333 -0.000749522 0.999962 -41.0468 0 0 0 1 
34562489690240;0.35283;0.380532;9;0.999991 -1.66938e-08 -0.00422755 6.47351 1.56874e-06 1 0.000367124 -1.87254 0.00422755 -0.000367128 0.999991 -16.5242 0 0 0 1 
34562489690241;0.379757;1.52453;29;0.958424 0.00361001 0.285327 119.93 0.00364913 0.999683 -0.0249058 -12.8013 -0.285326 0.0249115 0.958107 19.7231 0 0 0 1 
34562489690242;0.378853;0.392232;10;0.973998 0.00232162 0.226544 -444.863 0.00225174 0.999799 -0.019927 38.9851 -0.226545 0.019919 0.973797 -1108.44 0 0 0 1 
34562489690243;0.301434;0.462339;6;1 -3.81241e-08 -2.24546e-08 -0.278201 3.81241e-08 1 -5.36706e-10 0.316715 2.24546e-08 5.36705e-10 1 -0.0107897 0 0 0 1 
34562489690244;0.500189;0.499301;6;1 -6.15241e-09 -2.80444e-07 -0.0322005 6.15241e-09 1 -3.54633e-09 0.184936 2.80444e-07 3.54633e-09 1 0.0276248 0 0 0 1 
34562489690245;0.271456;0.266644;9;0.999913 8.8682e-06 0.0132229 -12.3052 6.3876e-06 0.999999 -0.0011537 1.15007 -0.0132229 0.00115368 0.999912 7.47592 0 0 0 1 
34562489690246;0.262584;0.428273;9;0.998696 0.000109913 -0.051049 37.9595 0.00011776 0.99999 0.00445687 -3.10561 0.0510489 -0.00445707 0.998686 -2.09376 0 0 0 1 
34562489690248;0.122472;0.149681;11;0.998255 -0.000248233 0.0590466 3215.07 0.000550388 0.999987 -0.00510103 -279.858 -0.0590445 0.00512463 0.998242 250.039 0 0 0 1 
34562489690249;0.236877;0.358816;8;0.999007 8.80278e-05 -0.0445563 -3.95783 8.53135e-05 0.999992 0.00388847 1.7984 0.0445563 -0.00388841 0.998999 -17.2044 0 0 0 1 
34562489690250;0.361013;0.455277;8;0.998583 0.000126834 0.0532142 -31.607 0.000120456 0.999989 -0.00464383 1.6054 -0.0532142 0.00464366 0.998572 23.1901 0 0 0 1 
34562489690251;0.0844088;0.124923;8;0.999561 3.81825e-05 -0.029627 5.88024 3.84624e-05 0.999997 0.00258642 -0.19611 0.029627 -0.00258642 0.999558 -3.94328 0 0 0 1 
34562489690252;0.195046;0.298581;6;1 2.28468e-08 -4.33529e-08 0.282411 -2.28468e-08 1 2.88354e-09 0.78867 4.33529e-08 -2.88354e-09 1 0.00861297 0 0 0 1 
34562489690253;0.120903;0.212187;10;0.994569 0.000233944 0.104078 1919.07 0.000726547 0.999958 -0.00919058 -167.966 -0.104076 0.00921628 0.994527 -1034.68 0 0 0 1 
34562489690254;0.246774;0.310506;9;1 6.86228e-08 -2.39763e-07 0.555159 -6.86228e-08 1 -2.14807e-08 -0.447149 2.39763e-07 2.14807e-08 1 0.144617 0 0 0 1 
34562489690255;0.134202;0.156987;9;0.999908 7.68643e-06 0.0135766 1.44863 8.37954e-06 0.999999 -0.0011833 -0.809717 -0.0135766 0.0011833 0.999907 16.8894 0 0 0 1 
34562489690256;0.130561;0.163303;8;0.999563 -0.000175464 0.0295754 1716.23 0.000252443 0.999997 -0.00259909 -149.164 -0.0295748 0.00260542 0.999559 -184.818 0 0 0 1 
