#;prob_registration_l1 -r /home/probabilistic_point_clouds_registration/build/tester /home/point_clouds_registration_benchmark//devel/registration_pairs/wood_summer_local.txt /home/point_clouds_registration_benchmark//eth/wood_summer -s 0.2 -t 0.2 -p 0.3 -r 1000 -m 10 -i 100 
id;initial_error;final_error;transformation
2318808360000;0.0774618;0.0232733;10;0.998152 0.041627 0.0442645 -0.458942 -0.0415547 0.999133 -0.00255153 0.425619 -0.0443323 0.000707413 0.999017 0.325143 0 0 0 1 
2318808360001;0.306883;0.0252234;14;0.997435 0.0699488 -0.0151955 -0.151585 -0.0701942 0.997401 -0.016269 0.609571 0.014018 0.0172939 0.999752 -0.421785 0 0 0 1 
2318808360002;0.495258;0.0187668;36;0.916167 -0.385312 -0.110328 4.8011 0.384104 0.922705 -0.0328569 -1.78009 0.11446 -0.0122751 0.993352 -0.161658 0 0 0 1 
2318808360003;0.524546;0.0391333;36;0.91352 -0.404144 -0.0463653 4.36967 0.40639 0.901583 0.148308 -2.69219 -0.0181354 -0.154324 0.987854 1.31089 0 0 0 1 
2318808360004;0.20511;0.0264109;12;0.997525 -0.0661125 0.0239414 0.634818 0.0659627 0.997798 0.00699375 -0.550845 -0.0243511 -0.0053972 0.999689 -0.166145 0 0 0 1 
2318808360005;0.440296;0.0341585;35;0.984727 0.0694242 -0.159668 -0.124596 -0.0228098 0.9606 0.276997 0.18798 0.172607 -0.269124 0.947512 0.836366 0 0 0 1 
2318808360006;0.169359;0.028937;12;0.996249 -0.0836639 0.0221088 1.00551 0.0841056 0.996259 -0.0198643 -0.44846 -0.0203642 0.0216493 0.999558 0.0710195 0 0 0 1 
2318808360007;0.299345;0.020612;36;0.928676 -0.365993 0.060082 4.27144 0.364668 0.930584 0.0321092 -2.27775 -0.067663 -0.00790904 0.997677 0.537801 0 0 0 1 
2318808360008;0.34518;0.247894;15;0.985182 0.104447 0.13604 -1.16371 -0.112921 0.992018 0.056119 0.620923 -0.129092 -0.0706491 0.989113 2.00494 0 0 0 1 
2318808360009;0.553788;0.396393;9;0.993762 0.0817869 0.0758196 -0.804664 -0.0803889 0.996536 -0.0213156 0.415489 -0.0773002 0.0150876 0.996894 0.618956 0 0 0 1 
2318808360010;0.296129;0.0170701;14;0.992289 -0.123931 0.00204291 1.20418 0.123747 0.991482 0.0406316 -1.24005 -0.00706104 -0.0400655 0.999172 0.0262351 0 0 0 1 
2318808360011;0.267088;0.0198871;23;0.974241 -0.189358 0.122469 2.12546 0.176248 0.978144 0.110323 -1.2603 -0.140682 -0.0858963 0.986322 2.33751 0 0 0 1 
2318808360012;0.117207;0.0253134;12;0.99681 0.000321742 -0.0798129 0.0209007 0.00341046 0.998907 0.0466212 -0.176569 0.0797407 -0.0467446 0.995719 -0.291748 0 0 0 1 
2318808360013;0.297157;0.0144587;13;0.996812 -0.0556726 0.0571516 0.0447288 0.05756 0.997831 -0.0319268 -0.658246 -0.0552503 0.0351146 0.997855 -0.0569795 0 0 0 1 
2318808360014;0.320442;0.0196756;13;0.999984 0.00566859 0.000821435 -0.0135942 -0.00566876 0.999984 0.000215474 0.0456135 -0.000820201 -0.000220127 1 -0.632792 0 0 0 1 
2318808360015;0.329054;0.0201042;27;0.962971 0.238384 -0.125938 -2.07904 -0.25114 0.963036 -0.0974157 2.44183 0.0980603 0.125436 0.987244 -2.51244 0 0 0 1 
2318808360016;0.335073;0.0161834;13;0.999428 0.0337219 0.0026917 -0.261124 -0.0337335 0.999421 0.00441324 -0.0535766 -0.00254132 -0.00450151 0.999987 -0.514139 0 0 0 1 
2318808360017;0.483715;0.0150185;23;0.972728 0.226306 -0.0508505 -2.5042 -0.226403 0.974026 0.00392434 1.76161 0.0504178 0.00769539 0.998699 0.223738 0 0 0 1 
2318808360018;0.313611;0.286608;6;0.99821 -0.0531678 -0.0273954 0.481608 0.0529213 0.998552 -0.0096472 -0.360653 0.0278687 0.00818013 0.999578 -0.315339 0 0 0 1 
2318808360019;0.502137;0.413625;6;0.999687 0.0245845 0.00465548 -0.218115 -0.0244107 0.999113 -0.0343047 0.0417725 -0.00549472 0.0341803 0.999401 -0.469016 0 0 0 1 
2318808360020;0.421809;0.0196974;23;0.966123 0.0238473 0.256978 -0.562195 -0.00217877 0.99644 -0.0842773 0.246736 -0.258073 0.0808623 0.962735 0.53994 0 0 0 1 
2318808360021;0.393879;0.0184172;38;0.910691 -0.295985 -0.288156 4.27894 0.201246 0.927084 -0.316252 -0.817248 0.360751 0.230017 0.903853 -5.0722 0 0 0 1 
2318808360022;0.404256;0.0223093;19;0.995152 0.0386874 -0.0904232 -0.327225 -0.0450052 0.996607 -0.0689077 1.1658 0.0874506 0.0726432 0.993517 -1.76522 0 0 0 1 
2318808360023;0.175152;0.0106809;20;0.979138 -0.192029 0.0664385 2.00538 0.195272 0.979656 -0.0462912 -1.27099 -0.0561976 0.058299 0.996716 -0.135769 0 0 0 1 
2318808360024;0.438639;0.0165795;19;0.99305 0.0139556 -0.11686 -0.82801 -0.0264833 0.993976 -0.106347 0.416841 0.114672 0.108703 0.987438 -2.09779 0 0 0 1 
2318808360025;0.493149;0.0268427;22;0.985529 -0.169398 -0.0060627 1.6939 0.169138 0.985115 -0.0306748 -0.649996 0.0111687 0.0292055 0.999511 0.346504 0 0 0 1 
2318808360026;0.26214;0.0219424;18;0.980504 0.0152502 -0.195908 -0.140632 -0.00204126 0.997721 0.0674499 -0.0783774 0.19649 -0.065735 0.9783 -0.531859 0 0 0 1 
2318808360027;0.301824;0.0209306;25;0.97053 0.240892 -0.00646581 -2.25517 -0.233737 0.934497 -0.268483 2.96038 -0.0586331 0.262082 0.963263 -2.18582 0 0 0 1 
2318808360028;0.111442;0.0186871;14;0.998894 -0.0333717 -0.0331255 0.374997 0.0373921 0.990902 0.129287 -0.407993 0.0285096 -0.130382 0.991054 1.1142 0 0 0 1 
2318808360029;0.556383;0.0212192;31;0.995108 -0.0580789 -0.0799209 0.11127 0.0831723 0.92907 0.360432 -0.407495 0.0533186 -0.365316 0.929355 4.1583 0 0 0 1 
2318808360031;0.47988;0.0123283;47;0.904525 0.38115 -0.191204 -2.70016 -0.368381 0.9243 0.0998275 3.87354 0.214779 -0.0198605 0.976461 -1.86771 0 0 0 1 
2318808360032;0.536016;0.011348;33;0.930665 0.047784 -0.362737 0.680289 -0.150985 0.953237 -0.261806 2.74317 0.333265 0.298421 0.89436 -6.02186 0 0 0 1 
2318808360033;0.38485;0.00741981;20;0.988553 0.145898 0.0384211 -1.35006 -0.14566 0.989294 -0.00893099 1.19344 -0.0393128 0.00323234 0.999222 -0.387994 0 0 0 1 
2318808360034;0.495664;0.4034;6;0.999694 0.0222625 0.0107465 -0.225881 -0.0221533 0.999703 -0.0101817 0.315112 -0.01097 0.00994057 0.99989 -0.292491 0 0 0 1 
2318808360035;0.329409;0.0141232;16;0.993642 0.103076 -0.045291 -0.796118 -0.103408 0.994626 -0.00504808 1.08203 0.0445273 0.00969942 0.998961 -1.01963 0 0 0 1 
2318808360036;0.430313;0.01055;37;0.906404 0.2433 -0.345307 -1.18265 -0.231927 0.969871 0.0745703 1.96702 0.353046 0.0124954 0.935522 -3.04433 0 0 0 1 
2318808360037;0.120765;0.0117398;16;0.994177 0.0111537 -0.107183 0.0379082 -0.0240368 0.992523 -0.11967 0.465941 0.105047 0.121549 0.987011 -2.12889 0 0 0 1 
2318808360038;0.516165;0.0113668;23;0.976418 -0.183005 0.114533 1.78497 0.180776 0.983077 0.0296483 -1.98858 -0.118021 -0.00824433 0.992977 1.74051 0 0 0 1 
2318808360039;0.413132;0.00975011;22;0.97259 -0.127414 0.194508 1.08065 0.121164 0.991668 0.0437511 -0.561492 -0.198462 -0.0189845 0.979925 2.3058 0 0 0 1 
2318808360040;0.306491;0.00977812;19;0.990086 0.115149 -0.0804379 -0.805049 -0.101629 0.98257 0.155655 0.835748 0.0969594 -0.145937 0.984531 0.392344 0 0 0 1 
2318808360041;0.475776;0.0174542;45;0.875762 -0.482734 -0.00305696 6.4039 0.482103 0.874908 -0.0459682 -2.62322 0.024865 0.0387834 0.998938 -0.149478 0 0 0 1 
2318808360042;0.392346;0.00722145;17;0.994312 0.0453322 0.0963772 -0.575376 -0.0449579 0.998971 -0.00605331 0.416297 -0.0965524 0.00168597 0.995326 1.54252 0 0 0 1 
2318808360043;0.212163;0.0145183;21;0.992203 0.0610051 -0.10868 -0.432162 -0.032878 0.969243 0.243901 0.250784 0.120216 -0.238426 0.963691 1.67142 0 0 0 1 
2318808360044;0.216595;0.00734444;21;0.989098 0.115886 -0.0908638 -1.3471 -0.109687 0.991463 0.0704974 0.669515 0.0982578 -0.0597622 0.993365 -0.0182779 0 0 0 1 
2318808360045;0.469606;0.00664411;45;0.924582 0.242348 -0.293964 -1.87752 -0.323433 0.907071 -0.269468 4.06434 0.201341 0.344223 0.917045 -4.86004 0 0 0 1 
2318808360046;0.276896;0.00521931;15;0.999185 0.0170928 0.0365779 -0.0121893 -0.0168361 0.999832 -0.00731346 -0.337585 -0.0366967 0.00669167 0.999304 0.0615503 0 0 0 1 
2318808360047;0.219223;0.0143305;21;0.964168 -0.135738 -0.227938 2.01714 0.131173 0.990737 -0.0351322 -0.806723 0.230595 0.00397404 0.973042 -1.9765 0 0 0 1 
2318808360048;0.2746;0.0149769;26;0.948393 -0.0246531 0.316137 0.182827 0.00361914 0.99775 0.0669497 -0.0224669 -0.317076 -0.0623505 0.946348 3.31761 0 0 0 1 
2318808360049;0.475244;0.0201352;30;0.918581 -0.302737 -0.254084 4.57755 0.321307 0.946363 0.0340329 -2.19832 0.230153 -0.112901 0.966583 -1.17182 0 0 0 1 
2318808360050;0.266943;0.014222;26;0.95327 -0.302091 -0.00412398 3.70813 0.302111 0.953258 0.005403 -2.07953 0.00229902 -0.00639642 0.999977 -0.139662 0 0 0 1 
2318808360051;0.316495;0.0108253;24;0.975753 -0.0572634 0.211252 0.596679 0.0272042 0.989415 0.142544 -0.400313 -0.217178 -0.133341 0.966982 3.7814 0 0 0 1 
2318808360052;0.442125;0.369889;15;0.983428 0.144927 0.108931 -1.39388 -0.136291 0.987188 -0.0829726 1.51386 -0.11956 0.0667513 0.99058 0.464599 0 0 0 1 
2318808360053;0.502153;0.0116753;18;0.999309 -0.0340874 0.0147991 1.07359 0.0319243 0.991307 0.127634 -0.457301 -0.0190212 -0.127073 0.991711 2.22934 0 0 0 1 
2318808360054;0.189299;0.0193672;23;0.96707 -0.254015 -0.0158713 3.07324 0.251938 0.964277 -0.081842 -1.64802 0.0360934 0.0751484 0.996519 -1.14544 0 0 0 1 
2318808360055;0.56348;0.0191533;26;0.952485 0.138579 -0.271234 -0.161804 -0.170255 0.980628 -0.0968575 2.3653 0.252557 0.138434 0.957628 -3.5416 0 0 0 1 
2318808360056;0.0419399;0.00706775;11;0.998677 0.0490526 -0.0154355 -0.497765 -0.0489692 0.998784 0.00573632 0.383545 0.0156981 -0.00497287 0.999864 -0.0590591 0 0 0 1 
2318808360057;0.467263;0.0118858;18;0.997523 -0.0703095 -0.00209364 0.935933 0.0702235 0.997137 -0.0280338 -1.29052 0.00405869 0.0278173 0.999605 -0.834062 0 0 0 1 
2318808360058;0.291617;0.0119305;19;0.99992 0.00535915 0.0114517 -0.0181047 -0.00685916 0.990788 0.135249 0.507903 -0.0106214 -0.135317 0.990745 1.80466 0 0 0 1 
2318808360059;0.25976;0.00884431;18;0.976411 0.0253434 -0.214429 0.37885 -0.0416101 0.996559 -0.0716897 0.479645 0.211874 0.078921 0.974105 -2.31486 0 0 0 1 
2318808360060;0.11731;0.00637452;15;0.991692 0.100968 0.0797023 -1.15941 -0.0969701 0.993899 -0.0525429 0.963114 -0.0845212 0.0443776 0.995433 0.225404 0 0 0 1 
2318808360062;0.468711;0.0102771;50;0.913728 0.401685 -0.0612457 -1.04838 -0.363315 0.875164 0.319515 2.15472 0.181944 -0.269698 0.9456 0.308554 0 0 0 1 
2318808360063;0.468392;0.0131433;20;0.99251 -0.121255 0.014881 -0.40939 0.118987 0.987099 0.107137 -1.15935 -0.0276799 -0.104564 0.994133 -0.0475236 0 0 0 1 
2318808360064;0.317402;0.0108245;30;0.946933 0.321309 0.00886148 -0.534281 -0.321247 0.946964 -0.00776227 1.99647 -0.0108856 0.00450363 0.999931 -0.333914 0 0 0 1 
2318808360065;0.263432;0.010242;30;0.973922 -0.212703 0.0789525 0.733175 0.203872 0.973149 0.106851 -1.48907 -0.0995601 -0.0879685 0.991135 1.07039 0 0 0 1 
2318808360066;0.238324;0.0151399;13;0.999416 -0.0341426 0.00138045 -0.353237 0.0341163 0.99929 0.0159615 -0.422709 -0.00192444 -0.0159051 0.999872 0.170442 0 0 0 1 
2318808360067;0.429905;0.00996851;20;0.993119 0.0971235 -0.0654304 0.748386 -0.093134 0.993753 0.0614948 0.592415 0.0709943 -0.0549779 0.99596 -0.528396 0 0 0 1 
2318808360068;0.55967;0.322843;16;0.976426 -0.105697 -0.188206 0.701408 0.122516 0.989232 0.0800675 -0.956853 0.177716 -0.101238 0.97886 -1.0323 0 0 0 1 
2318808360069;0.324897;0.0156244;16;0.997542 0.0642023 0.0280666 0.193481 -0.0646947 0.99776 0.0170012 0.0874566 -0.0269122 -0.0187752 0.999461 -0.385684 0 0 0 1 
2318808360070;0.327797;0.0116632;18;0.995916 0.0568315 0.0701589 0.498701 -0.0530366 0.997087 -0.0548191 0.305767 -0.0730699 0.0508742 0.996028 0.0747836 0 0 0 1 
2318808360071;0.127608;0.00926802;16;0.988913 0.122398 0.0840832 -0.442542 -0.12298 0.992408 0.00176744 0.759816 -0.0832284 -0.0120884 0.996457 0.468301 0 0 0 1 
2318808360072;0.27755;0.0085937;29;0.962899 -0.262625 -0.0620717 0.725061 0.262371 0.964888 -0.012364 -1.15177 0.0631393 -0.00438051 0.997995 -0.542056 0 0 0 1 
2318808360073;0.377754;0.00857106;28;0.992299 -0.0630564 0.106611 -0.0109133 0.080039 0.98331 -0.163385 0.0486982 -0.0945291 0.17066 0.980785 -0.659203 0 0 0 1 
2318808360074;0.367604;0.302817;10;0.993577 -0.111079 -0.021572 0.503708 0.110762 0.993728 -0.0153764 -0.767376 0.0231447 0.0128883 0.999649 -0.0793098 0 0 0 1 
2318808360075;0.223733;0.0145731;27;0.964669 -0.0151765 0.263028 0.0652332 0.012712 0.999858 0.0110693 -0.266522 -0.263159 -0.00733458 0.964725 1.61271 0 0 0 1 
2318808360076;0.344651;0.0150005;37;0.993407 -0.113829 -0.0135888 0.852615 0.113765 0.964296 0.239147 -0.814586 -0.0141182 -0.239116 0.970888 1.23989 0 0 0 1 
2318808360077;0.167206;0.012088;17;0.994917 0.0295967 0.0962526 -0.0161934 -0.0323465 0.999108 0.0271348 0.440752 -0.0953636 -0.0301103 0.994987 0.537219 0 0 0 1 
2318808360078;0.455663;0.0145099;42;0.925814 0.36919 0.0810384 -0.548755 -0.37554 0.922768 0.0864235 1.98897 -0.042873 -0.110445 0.992957 -0.124189 0 0 0 1 
2318808360079;0.349782;0.00963351;30;0.990407 0.0793374 0.113135 -0.214583 -0.0953548 0.984968 0.144033 0.500211 -0.100008 -0.153439 0.983084 1.74889 0 0 0 1 
2318808360080;0.31557;0.18519;17;0.993147 0.0406922 -0.109561 -0.0146374 -0.0229278 0.98705 0.158766 -0.0572357 0.114603 -0.155166 0.981219 -0.182031 0 0 0 1 
2318808360081;0.265138;0.0071157;31;0.993996 0.076617 -0.0781137 -0.0889453 -0.0935 0.965584 -0.242703 1.15177 0.0568301 0.24855 0.966951 -0.773131 0 0 0 1 
2318808360082;0.291619;0.0090157;41;0.980533 0.130257 -0.146928 -0.016809 -0.169818 0.938211 -0.301533 1.63317 0.0985723 0.320614 0.942067 -1.4593 0 0 0 1 
2318808360083;0.406111;0.00838525;21;0.989363 -0.144641 0.0154632 -0.0176151 0.143086 0.986813 0.0756698 -0.92451 -0.0262043 -0.0726524 0.997013 -0.371652 0 0 0 1 
2318808360084;0.25521;0.210872;13;0.998833 0.0439218 0.0201002 0.0696387 -0.041613 0.993746 -0.103616 0.248841 -0.0245255 0.102659 0.994414 -0.120516 0 0 0 1 
2318808360085;0.097134;0.0159202;11;0.999279 -0.0130994 0.0356224 -0.0350727 0.0122066 0.999609 0.0251666 -0.0409922 -0.0359381 -0.0247137 0.999048 0.451152 0 0 0 1 
2318808360086;0.630308;0.542315;8;0.998194 0.0100598 -0.0592196 0.0463673 -0.00597683 0.997618 0.0687241 -0.127592 0.0597699 -0.0682461 0.995877 -0.264476 0 0 0 1 
2318808360087;0.164964;0.0131918;19;0.988722 0.145277 0.0363893 -0.34097 -0.140806 0.984494 -0.104622 1.08056 -0.0510242 0.0983178 0.993846 0.00335106 0 0 0 1 
2318808360088;0.426784;0.0193032;35;0.922648 0.206978 0.325392 -0.285729 -0.138596 0.96536 -0.221067 1.07908 -0.359877 0.15887 0.919374 2.1959 0 0 0 1 
2318808360089;0.0156956;0.00838637;8;0.999818 -0.0166428 -0.00936754 0.0675745 0.0168007 0.999714 0.0170333 -0.122168 0.00908138 -0.0171876 0.999811 -0.00827098 0 0 0 1 
2318808360090;0.105965;0.0154953;10;0.999844 0.00775191 -0.0158667 -0.15651 -0.00789918 0.999926 -0.00923995 0.1768 0.0157939 0.00936385 0.999831 -0.0375149 0 0 0 1 
2318808360091;0.471367;0.011624;41;0.942092 -0.0901138 -0.323021 0.916525 0.0136684 0.972738 -0.231503 0.891912 0.335076 0.213682 0.91764 -2.8044 0 0 0 1 
2318808360093;0.358587;0.0056235;21;0.994836 0.0906422 0.0456592 -0.124251 -0.0914239 0.995694 0.0153294 0.919257 -0.0440732 -0.0194245 0.998839 -0.514098 0 0 0 1 
2318808360094;0.104341;0.0131345;14;0.997003 0.0772506 0.00410529 0.119688 -0.0770936 0.996572 -0.0300148 0.319406 -0.00640988 0.0296084 0.999541 0.134342 0 0 0 1 
2318808360095;0.369651;0.015341;33;0.954616 -0.297703 -0.00901875 0.482752 0.297346 0.954338 -0.0287034 -1.26789 0.017152 0.0247191 0.999547 -0.730471 0 0 0 1 
2318808360096;0.316121;0.00841337;16;0.999521 0.0305612 -0.0048012 0.696781 -0.0305071 0.999474 0.0109577 0.301284 0.00513355 -0.010806 0.999928 0.362451 0 0 0 1 
2318808360097;0.369151;0.00863969;43;0.912059 0.287469 0.29242 0.130953 -0.276637 0.957747 -0.0786983 1.145 -0.302688 -0.00911678 0.953046 1.11336 0 0 0 1 
2318808360098;0.287285;0.00969832;33;0.952318 -0.304821 0.0131979 0.145283 0.303916 0.951532 0.0471459 -1.58712 -0.0269293 -0.0408869 0.998801 -0.134948 0 0 0 1 
2318808360099;0.367143;0.0128459;40;0.930528 -0.365942 0.0142845 0.549425 0.366044 0.930583 -0.00524807 -2.32009 -0.0113724 0.0101122 0.999884 -0.208606 0 0 0 1 
2318808360100;0.403666;0.00846411;24;0.98925 -0.138707 -0.0463125 0.998723 0.142394 0.98579 0.0891203 -0.681628 0.0332929 -0.0947569 0.994944 -0.56089 0 0 0 1 
2318808360101;0.302239;0.0110023;26;0.944796 -0.162784 0.284362 -0.199224 0.175104 0.98438 -0.0182733 -0.894824 -0.276946 0.0670576 0.958543 1.43332 0 0 0 1 
2318808360102;0.281834;0.00755287;34;0.987916 0.153807 -0.0191226 0.157077 -0.143188 0.952936 0.267228 0.147349 0.0593241 -0.261261 0.963444 -0.345704 0 0 0 1 
2318808360103;0.378578;0.0124791;38;0.93142 0.19487 -0.307381 0.806023 -0.110035 0.955831 0.272541 0.147608 0.346915 -0.220027 0.911723 -1.52104 0 0 0 1 
2318808360104;0.557659;0.309657;14;0.993754 -0.106113 0.0345532 -0.405557 0.107875 0.992702 -0.0539021 -0.34172 -0.0285813 0.0572929 0.997948 -0.46757 0 0 0 1 
2318808360105;0.460355;0.305151;12;0.994192 -0.101583 0.0355411 -0.121957 0.101394 0.994821 0.00710094 -0.541705 -0.0360784 -0.00345605 0.999343 -0.287253 0 0 0 1 
2318808360106;0.53681;0.012605;32;0.922804 -0.076024 -0.377695 1.44152 0.0705806 0.997106 -0.0282556 0.41888 0.37875 -0.000583562 0.925499 -1.54035 0 0 0 1 
2318808360107;0.116161;0.00732429;16;0.993631 -0.0184958 0.111154 -0.0471925 0.0289307 0.995245 -0.0930117 -0.0627982 -0.108905 0.095635 0.989441 0.660749 0 0 0 1 
2318808360108;0.426496;0.00940884;35;0.971752 0.235988 0.00266493 0.75398 -0.235769 0.971231 -0.0335186 1.21616 -0.0104982 0.0319434 0.999435 -0.603112 0 0 0 1 
2318808360109;0.361092;0.00994363;24;0.990196 0.138618 0.0172019 -0.813958 -0.137822 0.989606 -0.0410487 1.06794 -0.0227132 0.0382754 0.999009 -0.0798554 0 0 0 1 
2318808360110;0.188673;0.0127446;18;0.990274 -0.0326972 -0.135231 0.445495 0.021439 0.996245 -0.0838855 0.170688 0.137466 0.0801704 0.987257 -0.79377 0 0 0 1 
2318808360111;0.302097;0.0111629;39;0.976913 0.181359 -0.112916 -0.368238 -0.148422 0.956311 0.251874 0.629378 0.153663 -0.2293 0.96115 -0.591704 0 0 0 1 
2318808360112;0.226828;0.0155898;31;0.960501 -0.259674 -0.100036 0.53262 0.263295 0.9644 0.0246479 -1.28658 0.090074 -0.0500132 0.994679 -0.380747 0 0 0 1 
2318808360113;0.311079;0.227071;13;0.990242 -0.0882823 -0.107831 0.143646 0.0827846 0.995079 -0.054447 -0.393501 0.112107 0.044989 0.992677 -0.428173 0 0 0 1 
2318808360114;0.267587;0.00477428;20;0.990441 -0.0501547 0.128492 -0.0355688 0.0490466 0.998727 0.011776 0.0673102 -0.128919 -0.00536133 0.991641 1.20483 0 0 0 1 
2318808360115;0.283003;0.00802693;34;0.99484 -0.101443 -0.00146364 -0.0521342 0.0975179 0.952165 0.289607 -0.896455 -0.0279851 -0.288255 0.957145 0.712224 0 0 0 1 
2318808360116;0.15967;0.00767857;12;0.999989 0.00268919 0.00390623 0.224175 -0.00269103 0.999996 0.000464931 0.0250583 -0.00390496 -0.000475438 0.999992 -0.308174 0 0 0 1 
2318808360117;0.274094;0.0110531;34;0.965897 0.168625 -0.196492 0.572138 -0.202045 0.965432 -0.164679 1.26551 0.161931 0.198763 0.966577 -0.956071 0 0 0 1 
2318808360118;0.309171;0.0125491;18;0.996081 -0.0570458 0.0675955 0.218176 0.0641053 0.992153 -0.107342 -0.0156419 -0.0609417 0.111255 0.991922 0.963739 0 0 0 1 
2318808360119;0.136528;0.0119533;23;0.99969 0.004533 -0.0244667 0.00730257 -9.71547e-05 0.98397 0.178333 -0.199454 0.0248829 -0.178275 0.983666 0.141447 0 0 0 1 
2318808360120;0.394337;0.0107022;30;0.963899 -0.266265 0.00105322 0.403501 0.266252 0.963799 -0.0141659 -1.28003 0.00275679 0.013935 0.999899 -0.815184 0 0 0 1 
2318808360121;0.407083;0.294383;12;0.99267 -0.103629 0.062182 -0.185186 0.104124 0.994553 -0.00476638 -0.557413 -0.0613494 0.0112061 0.998053 -0.0534657 0 0 0 1 
2318808360122;0.325576;0.0115121;26;0.961963 0.0207268 -0.272392 0.875272 -0.00619092 0.998515 0.0541154 -0.0686169 0.273109 -0.0503707 0.960663 -0.99058 0 0 0 1 
2318808360124;0.330187;0.0203654;25;0.95281 -0.162184 0.256612 1.62416 0.114721 0.975008 0.190259 -1.09435 -0.281056 -0.151842 0.947603 3.40522 0 0 0 1 
2318808360125;0.152771;0.0276622;15;0.988809 -0.149188 0.00086457 1.50303 0.149157 0.988696 0.0152282 -1.21514 -0.00312665 -0.0149288 0.999884 0.257481 0 0 0 1 
2318808360126;0.0910746;0.0128828;11;0.998237 0.00603323 -0.0590493 -0.113819 -0.00789508 0.999477 -0.0313481 0.202397 0.0588293 0.031759 0.997763 -0.789424 0 0 0 1 
2318808360127;0.146509;0.0198215;14;0.993018 -0.107565 0.0484223 1.02268 0.10536 0.99337 0.0459977 -0.803084 -0.053049 -0.0405748 0.997767 0.995053 0 0 0 1 
2318808360128;0.288596;0.0180299;26;0.940847 0.129862 -0.312958 -0.421976 -0.156081 0.985913 -0.0601213 1.42026 0.300742 0.105412 0.947862 -3.28949 0 0 0 1 
2318808360129;0.489639;0.0175018;35;0.979855 -0.133519 -0.148514 2.1078 0.0647515 0.915881 -0.396193 1.19989 0.188921 0.378595 0.906076 -5.24738 0 0 0 1 
2318808360130;0.532869;0.223732;19;0.96672 -0.098789 0.235993 0.338225 0.066802 0.987909 0.139901 -0.720932 -0.24696 -0.119481 0.961631 3.5054 0 0 0 1 
2318808360131;0.255773;0.0121018;13;0.998319 -0.0117127 0.0567589 -0.0643252 0.00629003 0.995477 0.0947914 -0.175274 -0.0576124 -0.0942751 0.993878 0.893921 0 0 0 1 
2318808360132;0.368015;0.328645;8;0.996578 0.0606427 0.0561717 -0.873916 -0.0563145 0.995541 -0.0756715 0.508719 -0.0605102 0.0722492 0.995549 -0.256658 0 0 0 1 
2318808360133;0.203483;0.0254319;24;0.987264 0.132535 -0.0880028 -1.10267 -0.116839 0.97946 0.164334 0.830001 0.107975 -0.151959 0.982471 0.538891 0 0 0 1 
2318808360134;0.215895;0.0226548;11;0.997472 -0.0200467 -0.068177 0.575421 0.0174386 0.999101 -0.0386373 -0.20791 0.0688903 0.0373507 0.996925 -0.712948 0 0 0 1 
2318808360135;0.357096;0.0181395;24;0.955707 0.0902964 -0.280126 -0.0736323 -0.09641 0.995309 -0.00809238 1.09995 0.278081 0.0347409 0.959929 -2.16726 0 0 0 1 
2318808360136;0.39267;0.0226265;17;0.990343 -0.0876477 0.107416 0.843475 0.101792 0.985715 -0.134181 -0.0489571 -0.0941209 0.143819 0.985118 -0.179855 0 0 0 1 
2318808360137;0.205186;0.0280374;16;0.98211 -0.0150165 -0.18771 0.649269 0.0213291 0.999271 0.031655 -0.243703 0.187098 -0.0350923 0.981714 -1.10505 0 0 0 1 
2318808360138;0.524941;0.0250566;18;0.985628 -0.159878 0.0545518 1.31122 0.159539 0.987135 0.0105511 -1.36252 -0.0555369 -0.0016963 0.998455 -0.498045 0 0 0 1 
2318808360139;0.224459;0.0268809;20;0.991877 0.121223 -0.0385283 -1.15753 -0.126894 0.963956 -0.233854 1.76396 0.00879112 0.236843 0.971508 -2.38446 0 0 0 1 
2318808360140;0.242736;0.017016;14;0.992523 0.0641409 0.103848 -0.763958 -0.0545771 0.99422 -0.0924537 0.706799 -0.109178 0.0860947 0.990287 -0.404246 0 0 0 1 
2318808360141;0.27546;0.0212748;23;0.967361 0.240769 0.0790125 -2.03209 -0.236607 0.969842 -0.058512 2.27866 -0.0907175 0.0379073 0.995155 0.0579767 0 0 0 1 
2318808360142;0.19755;0.0211468;14;0.993627 -0.102034 0.0479071 0.898807 0.10175 0.994775 0.00832907 -0.579053 -0.0485066 -0.00340144 0.998817 0.0979384 0 0 0 1 
2318808360143;0.359468;0.0237773;17;0.972473 -0.0702563 -0.222171 1.03384 0.0749397 0.997107 0.0127098 -0.640525 0.220635 -0.0290094 0.974925 -0.785386 0 0 0 1 
2318808360144;0.260225;0.0167389;21;0.982649 -0.1786 0.0500281 1.61225 0.183505 0.975384 -0.122275 -0.929016 -0.0269583 0.129334 0.991235 -1.35222 0 0 0 1 
2318808360145;0.465801;0.0172494;30;0.908083 -0.231465 0.349011 2.64146 0.249289 0.968408 -0.0063675 -1.57718 -0.336511 0.0927867 0.937097 2.34289 0 0 0 1 
2318808360146;0.208847;0.0192556;27;0.98466 -0.17447 -0.00221576 1.80674 0.168938 0.956463 -0.23799 -0.540244 0.0436414 0.233965 0.971265 -2.7299 0 0 0 1 
2318808360147;0.522631;0.0203412;22;0.947757 0.258329 0.187146 -2.75408 -0.228023 0.958901 -0.168862 2.50123 -0.223076 0.117366 0.96771 -0.182792 0 0 0 1 
2318808360148;0.348601;0.197117;12;0.992501 0.0745067 0.0969051 -0.81573 -0.0803446 0.99509 0.0578008 0.415744 -0.0921228 -0.0651531 0.993614 1.64538 0 0 0 1 
2318808360149;0.220362;0.016537;18;0.985155 0.168956 -0.0303736 -1.60519 -0.169789 0.985102 -0.0272977 1.53061 0.025309 0.0320496 0.999166 -0.839183 0 0 0 1 
2318808360150;0.310305;0.0200946;14;0.99697 0.0668434 0.0397735 -1.00325 -0.0690175 0.996039 0.0560606 0.543632 -0.0358687 -0.0586359 0.997635 0.316935 0 0 0 1 
2318808360151;0.0639999;0.0160164;10;0.999145 0.0241882 -0.0335156 -0.190887 -0.0229108 0.999016 0.0379873 0.12564 0.0344014 -0.037187 0.998716 0.175076 0 0 0 1 
2318808360152;0.508923;0.0257151;28;0.974363 0.224922 -0.00521135 -1.30709 -0.224964 0.974317 -0.00983026 2.01754 0.00286646 0.0107506 0.999938 0.427755 0 0 0 1 
2318808360153;0.520442;0.281286;12;0.998985 0.0373404 0.025202 -0.590324 -0.0369341 0.999183 -0.0164004 0.0904359 -0.0257938 0.0154529 0.999548 0.76436 0 0 0 1 
2318808360155;0.242296;0.0280971;21;0.969447 -0.00213288 0.245293 0.236397 0.0466234 0.983336 -0.175715 -0.0753102 -0.240831 0.181782 0.953392 0.0110947 0 0 0 1 
2318808360156;0.545461;0.0412008;25;0.96084 -0.239466 0.139439 2.48077 0.224143 0.967504 0.117027 -1.99081 -0.162931 -0.0811899 0.983291 1.12078 0 0 0 1 
2318808360157;0.417219;0.0332307;33;0.957039 -0.214634 -0.194958 2.53818 0.162062 0.953487 -0.254161 -0.037728 0.240442 0.211647 0.947309 -3.49488 0 0 0 1 
2318808360158;0.428586;0.0318965;39;0.896903 0.22415 -0.381212 -0.662282 -0.252177 0.967371 -0.0245057 2.29406 0.36328 0.118112 0.924163 -3.57925 0 0 0 1 
2318808360159;0.360686;0.0324387;32;0.949736 -0.16304 0.267246 1.75555 0.250318 0.908163 -0.335532 -0.561543 -0.187998 0.385563 0.903326 -2.20199 0 0 0 1 
2318808360160;0.334724;0.0305125;24;0.927389 0.0590838 0.369402 -0.571572 -0.0342197 0.996707 -0.0735087 0.337091 -0.372529 0.0555304 0.926358 2.33987 0 0 0 1 
2318808360161;0.319806;0.278703;8;0.997984 0.0512717 0.0374086 -0.603965 -0.0518726 0.998537 0.0152729 0.0965121 -0.0365708 -0.0171826 0.999183 0.331567 0 0 0 1 
2318808360162;0.00881013;0.0194321;6;0.999982 -0.000552299 0.00591755 -0.0155518 0.000543007 0.999999 0.00157183 -0.0352848 -0.00591841 -0.00156859 0.999981 0.0643387 0 0 0 1 
2318808360163;0.15049;0.0258225;13;0.995544 0.094255 -0.00285895 -0.918145 -0.0942707 0.995529 -0.0059786 0.503154 0.00228265 0.00622147 0.999978 0.0779279 0 0 0 1 
2318808360164;0.34564;0.334913;6;0.998793 0.031491 0.0376894 -0.410582 -0.0303355 0.999064 -0.0308475 0.186464 -0.0386256 0.0296669 0.998813 0.0501732 0 0 0 1 
2318808360165;0.629483;0.0275228;26;0.931841 -0.152693 0.329177 0.859413 0.193008 0.976752 -0.0932932 -1.80154 -0.307279 0.150468 0.939648 0.528286 0 0 0 1 
2318808360166;0.356263;0.0233029;13;0.997466 0.0617496 -0.035345 -0.11781 -0.0638153 0.996117 -0.0606498 0.257012 0.0314627 0.0627516 0.997533 -0.358541 0 0 0 1 
2318808360167;0.348773;0.0256995;28;0.978272 -0.0390188 0.203619 0.214234 0.114281 0.920938 -0.372577 0.40261 -0.172983 0.387752 0.905387 -2.20401 0 0 0 1 
2318808360168;0.491205;0.039885;21;0.968188 -0.113224 -0.223141 1.08999 0.143207 0.98201 0.123078 -0.738636 0.205192 -0.151118 0.966985 0.661302 0 0 0 1 
2318808360169;0.364685;0.0405022;14;0.999815 -0.0154068 -0.011553 0.286439 0.0151557 0.999654 -0.0215117 0.274685 0.0118804 0.0213327 0.999702 -0.856997 0 0 0 1 
2318808360170;0.293853;0.0239521;12;0.999288 0.0258582 0.0274604 -0.459854 -0.025762 0.999661 -0.00385216 0.0719356 -0.0275507 0.00314199 0.999615 -0.373912 0 0 0 1 
2318808360171;0.404455;0.027326;22;0.99514 0.0569608 0.0803287 -0.981989 -0.0748729 0.96751 0.241493 0.0522794 -0.0639632 -0.246334 0.967072 2.54049 0 0 0 1 
2318808360172;0.214721;0.0341748;18;0.989773 -0.0292124 0.13963 0.220707 0.015242 0.994861 0.100094 -0.192884 -0.141837 -0.0969425 0.985132 2.32112 0 0 0 1 
2318808360173;0.439959;0.042635;27;0.995952 -0.0655698 -0.0614852 1.05309 0.0455489 0.957842 -0.283661 0.815482 0.0774927 0.279712 0.956951 -3.47844 0 0 0 1 
2318808360174;0.284722;0.0271603;27;0.982547 -0.12585 0.136976 1.27292 0.154537 0.962137 -0.224525 -0.93966 -0.103533 0.241774 0.964793 -1.73209 0 0 0 1 
2318808360175;0.207536;0.0208421;14;0.997523 -0.0505384 -0.0489178 0.473896 0.0491244 0.998351 -0.0296881 -0.726383 0.0503376 0.0272115 0.998361 -0.751817 0 0 0 1 
2318808360176;0.417626;0.0325997;33;0.968759 -0.169681 -0.180873 1.6869 0.213797 0.940995 0.262335 -1.31972 0.125687 -0.292809 0.947874 1.23287 0 0 0 1 
2318808360177;0.414555;0.0375877;23;0.955985 -0.0598874 -0.28724 1.51753 0.0267867 0.992674 -0.117815 0.11973 0.292191 0.104935 0.950586 -2.64471 0 0 0 1 
2318808360178;0.192544;0.0242265;12;0.994814 -0.100664 0.0145716 0.871551 0.100597 0.994913 0.00529158 -0.66728 -0.0150301 -0.00379828 0.99988 -0.184843 0 0 0 1 
2318808360179;0.369856;0.177275;13;0.989474 0.128673 0.0662095 -1.16828 -0.123659 0.989489 -0.0749655 0.963483 -0.0751596 0.065989 0.994986 0.410438 0 0 0 1 
2318808360180;0.269585;0.028647;12;0.999799 0.00539959 0.0193036 -0.06771 -0.00557177 0.999945 0.00887685 0.0545786 -0.0192546 -0.00898262 0.999774 0.748185 0 0 0 1 
2318808360181;0.159003;0.0170076;10;0.999121 -0.0414751 -0.00615914 0.261379 0.0415438 0.999071 0.0114771 -0.331073 0.00567741 -0.0117229 0.999915 0.324381 0 0 0 1 
2318808360182;0.250033;0.0392201;23;0.988893 0.146561 -0.0247155 -1.62587 -0.140488 0.975989 0.166459 0.919645 0.0485184 -0.161138 0.985739 1.19961 0 0 0 1 
2318808360183;0.583654;0.0442401;40;0.943392 -0.318222 -0.0935264 3.70275 0.322321 0.946083 0.0321897 -1.85118 0.0782403 -0.060513 0.995096 -0.971627 0 0 0 1 
2318808360184;0.254669;0.0299685;17;0.988547 0.149592 -0.01995 -1.14219 -0.149049 0.988478 0.0263835 1.23163 0.0236669 -0.0231078 0.999453 0.40789 0 0 0 1 
2318808360186;0.32371;0.0125292;38;0.927581 -0.00477781 -0.373591 0.415799 -0.025706 0.996733 -0.076572 0.148154 0.372736 0.0806303 0.924428 -2.56081 0 0 0 1 
2318808360187;0.391738;0.0161909;48;0.925152 -0.347113 -0.153645 1.38693 0.377662 0.882489 0.280329 -1.76953 0.038284 -0.317373 0.947528 0.44744 0 0 0 1 
2318808360188;0.250929;0.0197715;33;0.964525 -0.263782 0.0105168 0.952315 0.255464 0.942673 0.214722 -1.52829 -0.0665536 -0.204418 0.976619 0.861717 0 0 0 1 
2318808360189;0.35413;0.0148885;33;0.945392 0.245768 -0.214085 0.036674 -0.195975 0.95346 0.229146 1.18721 0.260438 -0.174677 0.949558 -0.669174 0 0 0 1 
2318808360190;0.38404;0.00831836;24;0.970709 0.0937092 0.221231 -0.604918 -0.0835378 0.99499 -0.0549151 0.615003 -0.225269 0.0348254 0.973674 0.493747 0 0 0 1 
2318808360191;0.142007;0.0195128;16;0.993391 -0.0629048 0.0960076 0.28442 0.0599976 0.997657 0.0328755 -0.381183 -0.0978506 -0.0268979 0.994838 0.447325 0 0 0 1 
2318808360192;0.308225;0.0121526;15;0.997784 -0.0478773 0.0462048 -0.580215 0.0494197 0.998238 -0.0328385 -0.206041 -0.0445512 0.0350491 0.998392 0.167548 0 0 0 1 
2318808360193;0.19468;0.0148226;20;0.98742 0.0885598 -0.130993 -0.139536 -0.0787876 0.993835 0.0779993 0.673518 0.137093 -0.0666975 0.98831 -0.672069 0 0 0 1 
2318808360194;0.35362;0.0113483;17;0.994803 -0.0335936 0.096122 -0.178085 0.0317588 0.999284 0.0205553 -0.840532 -0.0967437 -0.0173958 0.995157 0.201391 0 0 0 1 
2318808360195;0.220312;0.0161719;21;0.994344 -0.105578 0.0115067 0.335369 0.10329 0.986578 0.126471 -0.62229 -0.0247049 -0.124567 0.991904 0.108016 0 0 0 1 
2318808360196;0.321597;0.0137328;15;0.995187 0.0490222 0.0848537 -0.480402 -0.0438932 0.997154 -0.0612905 0.651893 -0.0876168 0.057271 0.994507 0.906178 0 0 0 1 
2318808360197;0.117422;0.0158421;11;0.999726 -0.00744986 0.022213 0.149787 0.0068608 0.999626 0.0264781 -0.066728 -0.0224019 -0.0263184 0.999403 0.416206 0 0 0 1 
2318808360198;0.145591;0.0139214;14;0.996306 -0.0707478 -0.0486833 0.11202 0.0703949 0.997479 -0.00892796 -0.447203 0.0491922 0.00546791 0.998774 -0.540363 0 0 0 1 
2318808360199;0.334769;0.0125324;14;0.999998 -0.00104047 -0.00179266 -0.24308 0.00103012 0.999983 -0.00576332 -0.0170332 0.00179862 0.00576147 0.999982 0.699878 0 0 0 1 
2318808360200;0.307694;0.0153433;28;0.967654 0.250666 -0.0285161 -0.327287 -0.248486 0.966519 0.064004 1.9133 0.0436049 -0.0548479 0.997542 0.0493112 0 0 0 1 
2318808360201;0.28708;0.0191325;16;0.994919 -0.100425 0.00720021 0.823881 0.10047 0.994922 -0.00607775 -0.498399 -0.00655328 0.00677027 0.999956 0.33624 0 0 0 1 
2318808360202;0.140274;0.0140691;17;0.990654 0.136348 -0.00384847 -0.284234 -0.136395 0.990493 -0.0178904 0.894548 0.00137257 0.0182481 0.999833 0.0984121 0 0 0 1 
2318808360203;0.354364;0.0129805;23;0.993953 0.0945185 -0.0558879 -0.2374 -0.0836823 0.981574 0.171784 -0.203947 0.0710948 -0.166068 0.983548 0.583121 0 0 0 1 
2318808360204;0.41534;0.0170952;35;0.905485 -0.071102 0.41838 -0.034606 0.0149574 0.990599 0.135976 -0.360131 -0.424115 -0.116867 0.898036 2.66632 0 0 0 1 
2318808360205;0.260883;0.0102382;20;0.989534 -0.129271 -0.0641203 0.300178 0.126022 0.990644 -0.0523691 -1.06529 0.0702902 0.0437404 0.996567 -0.209978 0 0 0 1 
2318808360206;0.381649;0.013038;37;0.903867 -0.305205 0.299791 0.896781 0.336069 0.940165 -0.0561011 -1.70577 -0.264731 0.151458 0.952354 1.20147 0 0 0 1 
2318808360207;0.376035;0.0120495;34;0.904052 0.30022 0.304234 -0.790666 -0.282729 0.953855 -0.101121 1.96551 -0.320554 0.00540243 0.947215 1.96349 0 0 0 1 
2318808360208;0.370049;0.0136824;20;0.994074 0.0128019 0.107948 -0.389263 -0.023035 0.995297 0.0940894 -0.0119136 -0.106236 -0.0960185 0.989694 1.66487 0 0 0 1 
2318808360209;0.193142;0.0125216;23;0.973634 0.200749 -0.108332 -0.201101 -0.200081 0.97963 0.0171112 1.17292 0.10956 0.00501512 0.993968 -0.593601 0 0 0 1 
2318808360210;0.416709;0.013615;50;0.949678 -0.279913 0.140569 0.973767 0.200123 0.887461 0.415167 -1.5974 -0.240961 -0.366144 0.898819 2.62295 0 0 0 1 
2318808360211;0.229662;0.019204;26;0.980301 -0.189695 -0.0550136 0.739312 0.197024 0.958732 0.204972 -1.3716 0.0138612 -0.211774 0.97722 0.500044 0 0 0 1 
2318808360212;0.235303;0.0121289;32;0.95913 0.282494 0.0163518 -0.705761 -0.281739 0.958749 -0.0377276 1.49391 -0.0263351 0.0315787 0.999154 0.0528491 0 0 0 1 
2318808360213;0.418371;0.0106652;27;0.970118 0.242248 0.013661 -0.845696 -0.242463 0.970008 0.0171974 1.3561 -0.00908522 -0.0199958 0.999759 0.882367 0 0 0 1 
2318808360214;0.104638;0.0146581;16;0.993494 0.113868 -0.00163546 -0.253423 -0.113709 0.992687 0.0405289 0.5619 0.00623846 -0.0400793 0.999177 0.00412044 0 0 0 1 
2318808360215;0.379457;0.344662;10;0.997933 0.00359469 -0.0641578 -0.0205474 -0.00688312 0.998669 -0.0511082 0.252538 0.0638887 0.0514442 0.99663 -0.303178 0 0 0 1 
2318808360217;0.475077;0.00998137;34;0.877225 0.229602 -0.421615 -0.00907568 -0.273109 0.960933 -0.0449369 1.90851 0.394826 0.154567 0.905661 -2.92736 0 0 0 1 
2318808360218;0.538469;0.0129202;28;0.944655 -0.32647 -0.0323014 2.57075 0.327498 0.932661 0.151286 -1.73457 -0.0192642 -0.153492 0.987962 1.82045 0 0 0 1 
2318808360219;0.26223;0.00675969;18;0.978843 -0.0599426 -0.195637 0.4589 0.0700607 0.996518 0.0452088 -0.208918 0.192245 -0.0579588 0.979634 -1.11904 0 0 0 1 
2318808360220;0.178884;0.017081;14;0.994978 0.0704557 0.0710954 -0.554244 -0.0622155 0.991745 -0.112117 0.633896 -0.0784079 0.107131 0.991148 0.0395299 0 0 0 1 
2318808360221;0.32248;0.335286;6;0.999083 -0.0377182 0.0202574 0.350305 0.0375512 0.999258 0.00856244 -0.32873 -0.0205653 -0.0077939 0.999758 0.193378 0 0 0 1 
2318808360222;0.547442;0.386934;11;0.998254 0.0533829 -0.0253023 -0.446309 -0.055527 0.994079 -0.0933988 0.332259 0.0201666 0.0946406 0.995307 -0.326782 0 0 0 1 
2318808360223;0.279763;0.0164845;29;0.940768 0.330397 0.0761196 -1.65257 -0.332415 0.94301 0.0152104 2.3584 -0.0667561 -0.0396128 0.996983 0.478467 0 0 0 1 
2318808360224;0.19078;0.0114945;18;0.987305 -0.155324 0.0332313 0.896438 0.157458 0.984587 -0.0761229 -0.649478 -0.0208954 0.080389 0.996545 -0.476201 0 0 0 1 
2318808360225;0.382191;0.00997055;30;0.940515 0.339593 0.0103713 -1.66388 -0.331148 0.923097 -0.195535 2.76117 -0.075976 0.180469 0.980642 -0.973366 0 0 0 1 
2318808360226;0.232462;0.0140665;22;0.980692 -0.194968 -0.0151605 1.19172 0.19485 0.967621 0.160445 -1.06007 -0.016612 -0.160301 0.986928 1.27424 0 0 0 1 
2318808360227;0.121258;0.0115327;9;0.999962 0.000129355 0.00873092 -0.0133106 -0.000191682 0.999975 0.00713815 -0.00838662 -0.00872977 -0.00713956 0.999936 -0.124336 0 0 0 1 
2318808360228;0.342472;0.334728;6;0.999993 0.00317519 0.00210346 -0.0624481 -0.00306474 0.998715 -0.0505782 0.0525343 -0.00226135 0.0505714 0.998718 -0.289195 0 0 0 1 
2318808360229;0.411101;0.0137956;17;0.983498 0.000465568 0.180918 -0.468764 0.0205531 0.993235 -0.114286 -0.0439138 -0.179747 0.116118 0.976835 1.0445 0 0 0 1 
2318808360230;0.270984;0.0191621;29;0.940408 -0.338941 -0.02741 2.42095 0.336547 0.939236 -0.0676189 -1.64085 0.0486633 0.0543645 0.997335 -0.736317 0 0 0 1 
2318808360231;0.448163;0.0120667;41;0.995734 -0.0270383 -0.0882227 -0.384874 -0.0128654 0.906085 -0.422901 0.988392 0.0913718 0.422232 0.901871 -3.02953 0 0 0 1 
2318808360232;0.480703;0.00748008;19;0.99361 -0.104764 -0.0419945 0.908737 0.102636 0.993462 -0.0499903 -0.387393 0.0469572 0.0453607 0.997866 -1.42305 0 0 0 1 
2318808360233;0.538633;0.0157978;34;0.978466 0.178353 0.103893 -1.30717 -0.12504 0.912657 -0.389129 2.30406 -0.164221 0.367759 0.915306 -1.13359 0 0 0 1 
2318808360234;0.46577;0.0196894;19;0.998231 -0.0562725 0.019205 0.338076 0.0562999 0.998414 -0.000890303 0.508142 -0.0191244 0.00196997 0.999815 0.245922 0 0 0 1 
2318808360235;0.501727;0.00929787;17;0.998594 0.0359389 -0.0389698 -0.159813 -0.0350542 0.999117 0.0231535 0.155077 0.0397675 -0.0217549 0.998972 -1.09013 0 0 0 1 
2318808360236;0.219286;0.00736465;22;0.975277 0.189933 -0.112961 -0.805364 -0.191077 0.981575 0.000714433 1.3598 0.111015 0.0208874 0.993599 -1.04391 0 0 0 1 
2318808360237;0.1427;0.00861264;13;0.997996 -0.0625842 -0.00937699 0.251913 0.0619967 0.996642 -0.0534903 -0.288808 0.0126932 0.0528018 0.998524 -0.592886 0 0 0 1 
2318808360238;0.478527;0.00504039;39;0.899567 -0.149318 -0.410467 2.16524 0.0511328 0.96929 -0.240544 0.331086 0.433779 0.195397 0.879577 -4.13164 0 0 0 1 
2318808360239;0.07712;0.00718412;11;0.998769 0.022197 -0.0443599 -0.11292 -0.0235144 0.999291 -0.0294012 0.167312 0.0436758 0.0304081 0.998583 -0.572507 0 0 0 1 
2318808360240;0.277432;0.0063685;23;0.96546 0.0341427 0.258304 -0.36237 -0.0641249 0.99202 0.108553 0.201799 -0.252537 -0.121368 0.959945 2.51698 0 0 0 1 
2318808360241;0.414755;0.0127939;31;0.906096 0.197842 -0.373964 0.0193557 -0.158558 0.978299 0.133382 0.929802 0.392237 -0.0615623 0.917802 -1.92439 0 0 0 1 
2318808360242;0.207147;0.00950463;16;0.987711 -0.154832 -0.0212931 1.09799 0.155258 0.98767 0.0200749 -1.22558 0.0179223 -0.0231341 0.999572 0.0847375 0 0 0 1 
2318808360243;0.526989;0.518502;6;0.999671 -0.0199458 -0.0161352 0.179668 0.0207918 0.99832 0.0540814 -0.223493 0.0150294 -0.0543991 0.998406 0.12395 0 0 0 1 
2318808360244;0.293823;0.0139775;20;0.996271 0.0693282 0.0513573 -0.37419 -0.0742504 0.9921 0.101114 0.374693 -0.0439415 -0.10455 0.993548 1.41162 0 0 0 1 
2318808360245;0.161157;0.00629908;12;0.999061 -0.042551 0.00814997 0.246692 0.0427712 0.998662 -0.0290768 -0.346512 -0.00690182 0.029398 0.999544 -0.395752 0 0 0 1 
2318808360246;0.48133;0.0178614;26;0.94849 -0.00591843 0.316753 0.0625265 -0.0556468 0.981169 0.184962 -0.255218 -0.311883 -0.193061 0.930299 2.62946 0 0 0 1 
2318808360248;0.277285;0.014325;17;0.999894 -0.0139028 -0.00421334 0.0415947 0.0140293 0.9994 0.0316531 0.255706 0.00377075 -0.0317089 0.99949 0.576585 0 0 0 1 
2318808360249;0.346523;0.0141705;42;0.922514 0.352287 0.157676 0.0593718 -0.376099 0.912272 0.1622 1.72597 -0.0867028 -0.208933 0.974079 0.839879 0 0 0 1 
2318808360250;0.347649;0.0128994;25;0.962204 -0.192462 0.192669 0.0626688 0.200858 0.979305 -0.0248471 -1.63746 -0.183899 0.0626071 0.980949 1.23177 0 0 0 1 
2318808360251;0.136295;0.0144864;19;0.99731 0.0304668 -0.0666732 0.0313345 -0.020755 0.98968 0.141785 -0.0588859 0.0703049 -0.140019 0.98765 -0.510785 0 0 0 1 
2318808360252;0.263745;0.214018;6;0.998099 -0.0587757 -0.0185447 0.0454122 0.0589199 0.998236 0.00732265 -0.419108 0.0180816 -0.00840137 0.999801 -0.100171 0 0 0 1 
2318808360253;0.38952;0.013752;35;0.943309 -0.326296 0.0608173 -0.318643 0.326093 0.945241 0.0135245 -1.85455 -0.0619 0.00707426 0.998057 0.341062 0 0 0 1 
2318808360254;0.304973;0.0147148;17;0.993985 -0.108975 0.0108363 0.641018 0.108692 0.993786 0.0239855 -0.460961 -0.0133828 -0.0226634 0.999654 -0.39316 0 0 0 1 
2318808360255;0.467336;0.217302;15;0.988482 -0.147369 -0.0344401 0.105789 0.145567 0.988083 -0.0500151 -0.797419 0.0414004 0.0444257 0.998154 0.437619 0 0 0 1 
