#;prob_registration_l1 -r /home/probabilistic_point_clouds_registration/build/tester /home/point_clouds_registration_benchmark//devel/registration_pairs/wood_autumn_local.txt /home/point_clouds_registration_benchmark//eth/wood_autumn -s 0.2 -t 0.2 -p 0.3 -r 1000 -m 10 -i 100 
id;initial_error;final_error;transformation
26875431820000;0.498992;0.500186;13;0.989035 0.127554 -0.0744354 0.448365 -0.126556 0.991796 0.0179904 0.556309 0.0761194 -0.00837285 0.997064 -0.636177 0 0 0 1 
26875431820001;0.336145;0.0309718;36;0.910436 0.32446 -0.256577 0.70404 -0.291853 0.943421 0.157414 0.880843 0.293135 -0.0684325 0.953619 -0.759378 0 0 0 1 
26875431820002;0.60541;0.214816;19;0.962942 0.194101 -0.187263 0.494048 -0.184799 0.980552 0.0660847 0.601318 0.196448 -0.0290298 0.980084 -1.26525 0 0 0 1 
26875431820003;0.366204;0.0234296;17;0.993429 0.101146 -0.0535569 -0.149713 -0.0985979 0.993957 0.0482567 -0.127675 0.0581142 -0.042659 0.997398 -0.534543 0 0 0 1 
26875431820004;0.698046;0.0291675;32;0.955602 -0.294638 -0.00355035 0.859423 0.294566 0.95493 0.0366091 -1.27144 -0.00739609 -0.0360296 0.999323 0.418624 0 0 0 1 
26875431820005;0.325213;0.0229288;34;0.920166 -0.241554 0.308133 -0.360974 0.272687 0.960126 -0.0616458 -0.713409 -0.280956 0.140748 0.949344 0.988737 0 0 0 1 
26875431820006;0.554876;0.0216174;17;0.999992 -0.00328473 0.00225624 -0.259557 0.00328562 0.999995 -0.000391361 0.678602 -0.00225494 0.000398771 0.999997 0.558987 0 0 0 1 
26875431820007;0.383756;0.0302918;40;0.988148 -0.0472286 -0.146059 0.19986 0.105439 0.900346 0.422208 -0.831512 0.111563 -0.432605 0.894655 -0.381641 0 0 0 1 
26875431820008;0.203498;0.0305936;24;0.965852 0.0514923 -0.253927 0.115677 -0.028265 0.995144 0.0942887 0.0880623 0.257549 -0.0838917 0.962617 -0.978744 0 0 0 1 
26875431820009;0.180609;0.0283384;24;0.978319 -0.157423 -0.13457 0.112951 0.154182 0.987449 -0.034243 -0.370483 0.138272 0.0127523 0.990312 -0.384958 0 0 0 1 
26875431820010;0.462102;0.0331393;26;0.95996 -0.141209 -0.241942 0.720984 0.147862 0.988963 0.00947027 -0.747022 0.237935 -0.0448652 0.970244 -0.923168 0 0 0 1 
26875431820011;0.575398;0.0271663;39;0.910949 0.0496204 0.409524 0.102496 -0.139439 0.971345 0.192475 0.321617 -0.388238 -0.232438 0.891764 1.8787 0 0 0 1 
26875431820012;0.688058;0.0179783;45;0.944462 0.317375 -0.0852362 0.3118 -0.268594 0.894966 0.356222 -0.390753 0.189339 -0.313544 0.930506 -0.687522 0 0 0 1 
26875431820013;0.421251;0.0283903;44;0.940749 -0.339089 0.00327939 -0.288797 0.339071 0.940748 0.00495716 -0.799673 -0.004766 -0.00355149 0.999982 -0.317098 0 0 0 1 
26875431820014;0.330264;0.0300476;32;0.952036 -0.298483 0.067348 -0.432784 0.298987 0.954253 0.0027116 -1.1396 -0.0650765 0.0175546 0.997726 0.173294 0 0 0 1 
26875431820015;0.226693;0.0294111;30;0.980684 0.19297 0.0319636 0.0535531 -0.182933 0.962698 -0.199371 0.817345 -0.069244 0.189673 0.979403 0.326528 0 0 0 1 
26875431820016;0.538469;0.0202101;44;0.902476 -0.0170892 0.430402 0.32901 -0.0377952 0.992217 0.118646 0.424287 -0.42908 -0.123342 0.894806 0.82387 0 0 0 1 
26875431820017;0.524419;0.0314512;29;0.98307 -0.15989 -0.0894948 -0.0220857 0.143097 0.974993 -0.170033 -0.428041 0.114443 0.154348 0.981366 0.556672 0 0 0 1 
26875431820018;0.579586;0.0347459;24;0.979508 0.0402645 -0.197341 0.391769 -0.06271 0.992079 -0.108844 -0.0317821 0.191396 0.118989 0.974274 0.358932 0 0 0 1 
26875431820019;0.351798;0.0315452;20;0.978829 0.093948 -0.181844 0.255683 -0.0966269 0.995303 -0.00590898 0.581145 0.180435 0.0233549 0.98331 -0.940352 0 0 0 1 
26875431820020;0.0809749;0.027957;16;0.994716 -0.102273 0.00898712 -0.0926365 0.102437 0.994533 -0.0202462 -0.312651 -0.00686736 0.0210598 0.999755 0.00950288 0 0 0 1 
26875431820021;0.644904;0.0354094;26;0.946743 0.087767 -0.309798 1.16575 -0.00684635 0.967404 0.253147 0.0872948 0.321918 -0.237544 0.916483 -0.649269 0 0 0 1 
26875431820022;0.0317767;0.0294201;10;0.999527 0.0282708 0.0121284 -0.0245455 -0.0282023 0.999586 -0.00578417 0.11565 -0.0122869 0.00543938 0.99991 0.082936 0 0 0 1 
26875431820023;0.284901;0.0341593;13;0.997573 -0.0696279 0.000392735 0.36417 0.0695996 0.9973 0.0234136 -0.291237 -0.00202191 -0.0233294 0.999726 -0.0291653 0 0 0 1 
26875431820024;0.398113;0.0326334;14;0.99719 0.00551055 -0.0747051 0.346861 -0.00662229 0.999871 -0.0146422 0.43924 0.0746147 0.0150958 0.997098 -0.564693 0 0 0 1 
26875431820025;0.5828;0.031608;47;0.896461 -0.42858 -0.112594 0.177054 0.42092 0.903017 -0.0859389 -1.25376 0.138506 0.0296477 0.989918 0.30492 0 0 0 1 
26875431820026;0.630426;0.030179;25;0.980732 0.19487 0.0138267 -0.279077 -0.194929 0.980813 0.00305474 0.521152 -0.0129661 -0.0056911 0.9999 0.952708 0 0 0 1 
26875431820027;0.464713;0.0243662;17;0.994406 0.105623 0.00104525 0.227517 -0.10556 0.993358 0.0457975 0.450901 0.00379898 -0.0456516 0.99895 0.665956 0 0 0 1 
26875431820028;0.337162;0.024714;13;0.999923 -0.0122245 -0.00192244 -0.446373 0.0122999 0.99887 0.0459164 -0.355502 0.00135896 -0.0459366 0.998943 0.227548 0 0 0 1 
26875431820029;0.206492;0.0210655;13;0.9996 0.00923505 0.0267215 -0.30656 -0.00759943 0.998129 -0.0606767 -0.101446 -0.0272319 0.0604494 0.9978 0.241125 0 0 0 1 
26875431820031;0.22611;0.0088762;24;0.971941 0.0973644 0.214129 -0.197248 -0.118207 0.989191 0.0867606 0.382606 -0.203367 -0.109638 0.972945 0.917712 0 0 0 1 
26875431820032;0.537519;0.319918;17;0.97648 -0.152151 -0.152762 0.547746 0.151672 0.988319 -0.0148568 -0.597642 0.153238 -0.0086624 0.988151 -0.673739 0 0 0 1 
26875431820033;0.515263;0.0116745;24;0.997092 0.0307137 -0.069742 -0.127286 -0.0114303 0.965107 0.261605 -0.71366 0.0753433 -0.260048 0.962652 -1.01206 0 0 0 1 
26875431820034;0.18246;0.00935849;16;0.99459 0.0170707 -0.102462 -0.20807 -0.016086 0.999816 0.0104293 0.0509428 0.102621 -0.00872467 0.994682 -0.297903 0 0 0 1 
26875431820035;0.31218;0.0090832;38;0.93956 0.196924 0.280086 0.0513683 -0.235648 0.965394 0.111736 0.861309 -0.24839 -0.170984 0.95345 1.46868 0 0 0 1 
26875431820036;0.352511;0.0153646;34;0.959224 -0.269496 0.0852176 -0.0131558 0.282645 0.915975 -0.284784 -0.899669 -0.00130888 0.297258 0.954796 -0.211322 0 0 0 1 
26875431820037;0.447509;0.0124133;19;0.997208 -0.0746317 -0.00252337 0.296695 0.074634 0.997211 0.000797255 -0.762511 0.00245683 -0.000983358 0.999996 -0.784896 0 0 0 1 
26875431820038;0.350569;0.00959958;31;0.984834 -0.16706 -0.0468352 0.22826 0.142671 0.933382 -0.329306 -0.10143 0.0987289 0.31763 0.943061 -0.875438 0 0 0 1 
26875431820039;0.337073;0.0114846;30;0.971597 -0.212807 0.103501 0.0505714 0.177072 0.943943 0.278599 -1.1891 -0.156987 -0.252359 0.954814 1.26746 0 0 0 1 
26875431820040;0.229197;0.0120254;27;0.982025 -0.187325 -0.023145 0.215078 0.177192 0.957188 -0.228898 -0.489332 0.0650324 0.220682 0.973175 -0.36253 0 0 0 1 
26875431820041;0.10838;0.00877869;12;0.998077 0.0613835 0.00859315 -0.0547437 -0.0613689 0.998113 -0.00195094 0.176775 -0.0086967 0.00141984 0.999961 0.191088 0 0 0 1 
26875431820042;0.455772;0.0166655;48;0.88679 -0.453376 0.0897414 0.690826 0.461886 0.876209 -0.137546 -2.50996 -0.0162723 0.163424 0.986422 0.289209 0 0 0 1 
26875431820043;0.274946;0.00859317;25;0.97859 0.106844 0.175915 -0.172572 -0.128518 0.984805 0.116797 0.28523 -0.160763 -0.136905 0.977452 1.12486 0 0 0 1 
26875431820044;0.287192;0.017279;15;0.999163 0.00176754 0.04086 0.0417272 -0.00135029 0.999947 -0.010237 0.569604 -0.0408759 0.0101733 0.999112 0.291274 0 0 0 1 
26875431820045;0.572084;0.0155378;30;0.985747 0.0704644 -0.152765 0.675651 -0.0091904 0.929255 0.369325 -0.855724 0.167982 -0.362657 0.916658 -1.15153 0 0 0 1 
26875431820046;0.148614;0.0126976;20;0.997947 -0.0609034 -0.0197992 0.0153632 0.0636175 0.978272 0.197324 -0.553305 0.00735129 -0.198178 0.980138 0.0578569 0 0 0 1 
26875431820047;0.191966;0.00889796;21;0.988978 0.147437 0.0136058 -0.0933326 -0.143005 0.974965 -0.170275 0.885358 -0.03837 0.166452 0.985303 0.319683 0 0 0 1 
26875431820048;0.552949;0.010015;41;0.902568 0.418159 0.102539 -0.0472077 -0.400381 0.902756 -0.15725 2.07013 -0.158323 0.100874 0.982221 -0.0311498 0 0 0 1 
26875431820049;0.452544;0.0106512;42;0.895424 0.403513 0.188133 0.0628607 -0.402993 0.914204 -0.0427534 1.58178 -0.189244 -0.037534 0.981213 1.26216 0 0 0 1 
26875431820050;0.381287;0.0106035;32;0.955963 0.237547 0.172356 -0.112885 -0.245245 0.969151 0.0245191 0.893771 -0.161214 -0.0657087 0.98473 1.31051 0 0 0 1 
26875431820051;0.357531;0.0125037;21;0.973745 -0.0720454 -0.21594 0.702158 0.0635921 0.996922 -0.0458515 -0.0952453 0.218579 0.0309156 0.975329 -0.609759 0 0 0 1 
26875431820052;0.469273;0.0208879;29;0.96507 0.148532 -0.21582 0.489358 -0.205915 0.939338 -0.274306 1.87422 0.161984 0.309165 0.937112 -1.01433 0 0 0 1 
26875431820053;0.393672;0.00845232;22;0.99296 0.0282499 0.115029 0.681194 -0.0467234 0.985811 0.161223 -0.0460353 -0.108843 -0.165463 0.980191 0.548964 0 0 0 1 
26875431820054;0.384531;0.0197601;28;0.934116 0.223679 -0.278201 0.656261 -0.147982 0.951863 0.268435 0.35983 0.324853 -0.209581 0.922251 -1.38961 0 0 0 1 
26875431820055;0.28566;0.00811667;23;0.980044 -0.190737 -0.0559697 0.472585 0.193031 0.980423 0.038863 -1.12949 0.0474614 -0.0488913 0.997676 0.105643 0 0 0 1 
26875431820056;0.596591;0.0127315;31;0.92 -0.286569 0.267353 -0.0377543 0.330755 0.933659 -0.13741 -1.29444 -0.210239 0.214845 0.953751 0.0709073 0 0 0 1 
26875431820057;0.446113;0.316219;19;0.976972 -0.1948 0.0870607 0.355469 0.194892 0.980796 0.00751888 -1.11193 -0.0868534 0.0096217 0.996175 0.579334 0 0 0 1 
26875431820058;0.224686;0.00936298;14;0.999615 -0.011341 -0.025315 -0.106476 0.0134924 0.99616 0.0865025 -0.197783 0.0242368 -0.0868107 0.99593 0.342306 0 0 0 1 
26875431820059;0.444316;0.0111297;23;0.95425 -0.171266 0.245101 -0.502036 0.174304 0.984647 0.00941243 -0.620621 -0.24295 0.0337404 0.969452 0.769494 0 0 0 1 
26875431820060;0.410765;0.0143143;37;0.985062 0.0943093 0.144076 0.296346 -0.140725 0.923089 0.357916 0.366085 -0.09924 -0.372844 0.922572 1.18112 0 0 0 1 
26875431820062;0.368904;0.0154643;32;0.953122 0.180793 0.242635 0.444709 -0.230444 0.953378 0.194849 0.499681 -0.196096 -0.241629 0.950348 0.408182 0 0 0 1 
26875431820063;0.231158;0.012825;24;0.955839 -0.0739042 -0.284447 0.441734 0.114006 0.985317 0.127096 -0.620957 0.270878 -0.153912 0.95023 -1.12068 0 0 0 1 
26875431820064;0.204838;0.0190034;16;0.997843 -0.0087653 0.0650581 0.0858915 -0.000171254 0.990695 0.136103 0.254753 -0.0656457 -0.135821 0.988556 0.10989 0 0 0 1 
26875431820065;0.171053;0.0169958;13;0.998368 0.0536231 0.0196515 -0.0738406 -0.0529314 0.998013 -0.0341721 -0.0395588 -0.0214449 0.0330761 0.999223 0.0103922 0 0 0 1 
26875431820066;0.341828;0.0142811;34;0.886303 0.458895 -0.0623095 0.897404 -0.456373 0.888335 0.0508425 1.86375 0.0786831 -0.0166255 0.996761 -0.30373 0 0 0 1 
26875431820067;0.359104;0.0182107;13;0.999737 0.00805936 -0.0214522 -0.197135 -0.00796864 0.999959 0.00431103 0.335403 0.0214861 -0.00413895 0.999761 0.591658 0 0 0 1 
26875431820068;0.231956;0.0123138;12;0.999786 -0.0206613 0.00140617 0.0510472 0.0206525 0.999769 0.00599225 -0.114764 -0.00152965 -0.00596193 0.999981 0.520544 0 0 0 1 
26875431820069;0.168442;0.0139066;17;0.984138 -0.154672 0.0868852 0.0703462 0.157281 0.987262 -0.0239941 -0.778353 -0.0820673 0.0372789 0.995929 0.521915 0 0 0 1 
26875431820070;0.120851;0.0201091;16;0.987909 0.131976 -0.0813462 0.262015 -0.126986 0.989853 0.0637633 0.500576 0.088936 -0.0526626 0.994644 -0.404975 0 0 0 1 
26875431820071;0.559761;0.0168697;33;0.940376 -0.339883 0.0131192 1.01505 0.33979 0.94046 0.00881214 -1.29832 -0.0153331 -0.00382897 0.999875 0.416541 0 0 0 1 
26875431820072;0.11141;0.0195567;13;0.998633 -0.0521363 0.00366557 -0.142357 0.0522562 0.997293 -0.0517332 -0.30549 -0.000958478 0.051854 0.998654 0.0151996 0 0 0 1 
26875431820073;0.298534;0.0137123;27;0.952925 -0.3032 -0.00181963 0.257624 0.303204 0.952881 0.00926643 -1.53352 -0.00107569 -0.00938193 0.999955 0.18421 0 0 0 1 
26875431820074;0.511902;0.0173321;29;0.944796 -0.23801 -0.225193 0.845263 0.187384 0.956279 -0.224537 -0.68495 0.26879 0.169944 0.948088 -1.66661 0 0 0 1 
26875431820075;0.368729;0.0202915;30;0.938259 -0.235479 0.253415 -0.182896 0.157041 0.942659 0.294503 -1.13004 -0.308233 -0.236524 0.921438 1.4935 0 0 0 1 
26875431820076;0.104083;0.0127027;12;0.99932 -0.0295034 -0.0221221 -0.00536592 0.0276548 0.996438 -0.0796632 0.0703557 0.0243936 0.0789972 0.996576 0.0199869 0 0 0 1 
26875431820077;0.334061;0.0127914;25;0.958187 0.281533 -0.0511539 0.472859 -0.277193 0.957626 0.0782126 1.29152 0.0710057 -0.0607628 0.995623 -0.774227 0 0 0 1 
26875431820078;0.46154;0.0153325;24;0.965475 0.259228 0.0256751 -0.221655 -0.25214 0.954716 -0.157931 1.55158 -0.0654527 0.146005 0.987116 -0.0848482 0 0 0 1 
26875431820079;0.388175;0.0186965;30;0.884768 -0.215703 0.413107 -0.2228 0.134602 0.966937 0.2166 -0.931876 -0.44617 -0.136036 0.884549 1.75453 0 0 0 1 
26875431820080;0.446652;0.0138601;24;0.969055 0.246014 0.0202546 0.228883 -0.245497 0.969075 -0.0249939 1.21253 -0.0257771 0.019248 0.999482 -0.662237 0 0 0 1 
26875431820081;0.390076;0.0147396;33;0.917896 0.396809 -0.00310978 0.709766 -0.386996 0.893408 -0.228159 2.0046 -0.0877575 0.21063 0.973619 0.720706 0 0 0 1 
26875431820082;0.269988;0.0152353;18;0.992053 0.123987 -0.0214071 -0.11057 -0.119277 0.980899 0.153654 0.0606758 0.0400493 -0.14988 0.987893 -0.321521 0 0 0 1 
26875431820083;0.397996;0.0194845;29;0.918683 -0.328712 0.219019 0.455385 0.326113 0.944061 0.0489886 -1.54613 -0.22287 0.0264198 0.97449 1.38275 0 0 0 1 
26875431820084;0.431462;0.0193996;25;0.984281 0.0920985 -0.150696 0.418039 -0.136715 0.9375 -0.320005 0.973114 0.111805 0.335577 0.935354 0.462835 0 0 0 1 
26875431820085;0.0561572;0.0191536;10;0.999213 -0.0395603 0.00289498 -0.0695384 0.0395643 0.999216 -0.00134768 -0.152881 -0.00283939 0.00146115 0.999995 0.0887567 0 0 0 1 
26875431820086;0.263745;0.0143902;25;0.973784 0.223204 0.0438584 0.349378 -0.224958 0.97354 0.0401682 0.595806 -0.0337322 -0.0489815 0.99823 -0.0609592 0 0 0 1 
26875431820087;0.254275;0.0151606;26;0.972731 -0.0897177 -0.213879 0.321777 0.128961 0.975682 0.177241 -0.797648 0.192776 -0.19999 0.960646 -1.14112 0 0 0 1 
26875431820088;0.2679;0.0136744;24;0.967248 0.253461 -0.0137522 0.466089 -0.253744 0.966928 -0.025793 1.28445 0.00675989 0.0284378 0.999573 -0.246347 0 0 0 1 
26875431820089;0.093436;0.0181077;11;0.99929 0.0332301 -0.0177629 0.0811681 -0.0339837 0.998455 -0.0439575 0.336628 0.0162747 0.04453 0.998875 0.0398657 0 0 0 1 
26875431820090;0.279476;0.018189;14;0.999257 0.0380093 0.00632929 0.206985 -0.0378565 0.999025 -0.0227344 -0.246304 -0.00718724 0.0224779 0.999722 0.460948 0 0 0 1 
26875431820091;0.394578;0.0149701;17;0.993282 0.11505 0.0124091 0.246794 -0.115124 0.993336 0.00543143 0.478512 -0.0117015 -0.00682352 0.999908 -0.749217 0 0 0 1 
26875431820093;0.345934;0.0161583;30;0.933501 -0.311416 -0.177753 2.6142 0.304195 0.950234 -0.0672393 -1.13734 0.189846 0.00869656 0.981775 -0.643113 0 0 0 1 
26875431820094;0.529735;0.0137371;28;0.940185 0.282123 0.190944 -2.54712 -0.269173 0.958763 -0.0912115 1.89664 -0.208803 0.0343586 0.977354 0.614648 0 0 0 1 
26875431820095;0.39088;0.0205771;26;0.962316 -0.0119802 -0.271668 0.314911 0.00648471 0.999756 -0.0211176 -0.149622 0.271855 0.0185601 0.962159 -0.787439 0 0 0 1 
26875431820096;0.29099;0.239054;10;0.996785 0.0608944 -0.0520693 -0.292506 -0.0647997 0.994928 -0.0769325 0.505586 0.0471204 0.0800592 0.995676 -0.692746 0 0 0 1 
26875431820097;0.411668;0.0245398;26;0.95987 0.278664 0.0315646 -1.7877 -0.278306 0.96037 -0.0153089 2.37124 -0.0345798 0.00590988 0.999384 0.108264 0 0 0 1 
26875431820098;0.305728;0.0227741;21;0.963274 -0.202133 0.176764 0.993317 0.211153 0.976875 -0.0335992 -0.92153 -0.165885 0.0696894 0.98368 0.208732 0 0 0 1 
26875431820099;0.324227;0.304288;6;0.999234 -0.0391339 -0.000622779 0.32695 0.0391388 0.999123 0.0148627 -0.134109 4.05966e-05 -0.0148757 0.999889 0.069987 0 0 0 1 
26875431820100;0.476247;0.0313526;23;0.972719 -0.231352 -0.0171628 1.91551 0.231623 0.972676 0.0159079 -0.516123 0.0130135 -0.0194492 0.999726 -0.549761 0 0 0 1 
26875431820101;0.325622;0.0188602;33;0.954333 0.254437 0.156561 -1.77991 -0.192177 0.924086 -0.330352 1.78674 -0.228729 0.285178 0.930783 -0.701283 0 0 0 1 
26875431820102;0.315339;0.0154906;30;0.975073 0.221802 0.00600616 -1.2169 -0.217693 0.961546 -0.167448 1.24423 -0.0429155 0.161967 0.985863 -1.22761 0 0 0 1 
26875431820103;0.395286;0.0258036;16;0.996726 -0.0804804 0.00774615 0.332207 0.0805366 0.996725 -0.00724638 -0.344402 -0.00713759 0.0078465 0.999944 -0.761021 0 0 0 1 
26875431820104;0.491587;0.0285687;17;0.998985 0.0398065 0.0210916 0.403244 -0.0384851 0.997472 -0.0597343 0.594942 -0.0234161 0.0588619 0.997991 -0.83639 0 0 0 1 
26875431820105;0.296198;0.020961;30;0.990793 -0.0390027 0.129643 0.1611 0.0771205 0.949643 -0.303694 0.222336 -0.11127 0.310896 0.943908 -1.01186 0 0 0 1 
26875431820106;0.351999;0.0201346;29;0.953474 -0.290325 -0.0812339 1.93564 0.296304 0.952152 0.0749026 -1.69971 0.0556009 -0.0954876 0.993877 0.472311 0 0 0 1 
26875431820107;0.398745;0.317934;13;0.989234 0.126138 0.0742007 -1.22325 -0.116543 0.985679 -0.121876 1.07804 -0.0885113 0.111916 0.989768 -0.176038 0 0 0 1 
26875431820108;0.476963;0.026531;25;0.963871 0.255474 0.0754014 -1.7417 -0.260163 0.963658 0.060654 2.31198 -0.0571656 -0.0780792 0.995307 1.06337 0 0 0 1 
26875431820109;0.419848;0.388167;6;0.999259 -0.0319723 -0.0214419 0.317345 0.0323224 0.999346 0.0161833 -0.121596 0.0209105 -0.0168643 0.999639 0.163458 0 0 0 1 
26875431820110;0.205033;0.0249774;15;0.996333 0.018141 0.0836164 -0.0197984 -0.0115036 0.996793 -0.0791876 0.407955 -0.0847848 0.0779353 0.993347 -0.185139 0 0 0 1 
26875431820111;0.333895;0.0225705;17;0.986612 -0.162854 0.00873792 1.29505 0.163025 0.986304 -0.0250606 -0.587517 -0.00453703 0.0261496 0.999648 0.410839 0 0 0 1 
26875431820112;0.392948;0.020935;46;0.873488 -0.448462 -0.189474 3.52976 0.456564 0.88969 -0.000995017 -1.74903 0.16902 -0.0856381 0.981885 -0.226486 0 0 0 1 
26875431820113;0.35267;0.0156076;31;0.943755 -0.164486 0.28683 0.89585 0.239651 0.937948 -0.250643 -0.419097 -0.227805 0.305285 0.924611 -0.785236 0 0 0 1 
26875431820114;0.433722;0.355831;6;0.99796 -0.043296 0.0469242 0.35412 0.0441556 0.998872 -0.0174395 0.0226633 -0.0461163 0.0194759 0.998746 0.0695572 0 0 0 1 
26875431820115;0.334392;0.0173013;31;0.97426 -0.221183 0.0435379 1.89594 0.195789 0.925964 0.322889 -0.837406 -0.111732 -0.306054 0.945435 2.51067 0 0 0 1 
26875431820116;0.39563;0.0156623;27;0.952838 -0.252373 0.168547 2.34899 0.259381 0.965556 -0.0205789 -1.3283 -0.157548 0.0633262 0.985479 0.490843 0 0 0 1 
26875431820117;0.505945;0.0154464;31;0.967336 0.253467 -0.00389142 -2.17964 -0.253308 0.965911 -0.0533865 0.91037 -0.00977295 0.0526284 0.998566 -0.521533 0 0 0 1 
26875431820118;0.542637;0.0219806;41;0.911582 0.194528 0.362183 -1.04862 -0.279789 0.93903 0.19985 0.83319 -0.301224 -0.283515 0.91043 3.28243 0 0 0 1 
26875431820119;0.33961;0.0176974;42;0.958111 -0.0569476 -0.280677 0.970711 -0.00839804 0.974024 -0.22629 0.0691222 0.286273 0.219168 0.932745 -2.60811 0 0 0 1 
26875431820120;0.431883;0.026591;35;0.987965 0.133105 -0.0787914 -0.144922 -0.094459 0.922565 0.374101 0.405255 0.122485 -0.362156 0.924035 1.88567 0 0 0 1 
26875431820121;0.296141;0.0187623;31;0.934616 -0.352405 -0.0479966 2.75414 0.351146 0.935745 -0.0328204 -1.40917 0.0564787 0.0138207 0.998308 -0.555808 0 0 0 1 
26875431820122;0.699318;0.0192097;29;0.901979 0.0518206 0.428659 -1.17198 -0.0842876 0.994804 0.0570948 -0.138986 -0.423473 -0.087629 0.90166 3.2392 0 0 0 1 
26875431820124;0.463953;0.0400004;22;0.981303 0.074786 -0.177348 -0.149197 -0.105771 0.979355 -0.172267 1.13832 0.160804 0.187804 0.968954 -3.18474 0 0 0 1 
26875431820125;0.172503;0.043596;18;0.973892 0.22436 -0.0345894 -1.87238 -0.22356 0.974356 0.0255228 1.34184 0.0394287 -0.0171236 0.999076 -0.0481989 0 0 0 1 
26875431820126;0.469661;0.0436345;14;0.999945 -0.00802137 -0.00669098 -0.417789 0.00765955 0.998594 -0.0524529 0.425486 0.00710232 0.0523988 0.998601 0.0843248 0 0 0 1 
26875431820127;0.198437;0.0429189;12;0.996762 -0.0801943 -0.00591357 0.645779 0.0801817 0.996778 -0.00234066 -0.1003 0.00608222 0.00185892 0.99998 -0.082043 0 0 0 1 
26875431820128;0.38452;0.0438483;25;0.949511 -0.313723 0.00261479 3.16324 0.313725 0.949514 -0.000533354 -0.95929 -0.00231545 0.00132675 0.999996 -0.424074 0 0 0 1 
26875431820129;0.474436;0.0444186;24;0.93852 -0.334037 0.0871698 3.38385 0.342476 0.932676 -0.113249 -1.21091 -0.0434718 0.13614 0.989735 -1.63307 0 0 0 1 
26875431820130;0.313572;0.0510608;13;0.99453 -0.103637 -0.0129975 0.863507 0.10332 0.994381 -0.0230395 -0.626816 0.0153122 0.0215705 0.99965 -0.850036 0 0 0 1 
26875431820131;0.549583;0.0318541;20;0.992576 0.118985 -0.0252077 -1.62205 -0.115456 0.986937 0.112365 0.415682 0.0382482 -0.108621 0.993347 1.56011 0 0 0 1 
26875431820132;0.557397;0.0482024;37;0.892827 0.448594 -0.0403049 -2.8793 -0.448286 0.87641 -0.175912 3.9418 -0.0435895 0.175127 0.98358 -0.908898 0 0 0 1 
26875431820133;0.523064;0.234289;14;0.999149 -0.00838105 0.04038 0.141209 0.00231644 0.988992 0.147953 -0.117184 -0.0411755 -0.147733 0.98817 2.18807 0 0 0 1 
26875431820134;0.28355;0.0480058;17;0.980363 0.193189 0.0395861 -1.93785 -0.193023 0.981162 -0.00801284 1.39319 -0.0403884 0.00021447 0.999184 -0.0290571 0 0 0 1 
26875431820135;0.398345;0.030076;22;0.981135 -0.0442606 -0.188188 0.463711 0.073246 0.985972 0.14998 -0.565988 0.17891 -0.160935 0.970614 1.10679 0 0 0 1 
26875431820136;0.188337;0.0500874;11;0.996632 0.0659798 0.048697 -0.811691 -0.065283 0.997742 -0.015765 0.610067 -0.0496272 0.0125328 0.998689 0.157788 0 0 0 1 
26875431820137;0.314888;0.0308526;20;0.937434 -0.0192616 0.347629 -0.0737898 0.0452753 0.996734 -0.0668642 -0.216978 -0.345205 0.0784198 0.935245 1.27558 0 0 0 1 
26875431820138;0.521003;0.034487;16;0.999743 0.0187544 0.012761 -0.525916 -0.0187041 0.999817 -0.00404674 -0.378084 -0.0128346 0.00380702 0.99991 0.850846 0 0 0 1 
26875431820139;0.534563;0.0295471;19;0.964115 -0.215317 -0.15531 2.92921 0.195172 0.97141 -0.135166 -1.21048 0.179973 0.100003 0.978575 -1.70781 0 0 0 1 
26875431820140;0.635129;0.0599538;27;0.93181 0.118082 -0.3432 0.367774 -0.111197 0.993003 0.0397485 1.16583 0.345492 0.0011247 0.938421 -1.60818 0 0 0 1 
26875431820141;0.451247;0.0429566;32;0.938581 -0.343387 -0.0339264 3.34665 0.340121 0.904091 0.258721 -1.60262 -0.0581689 -0.254369 0.965356 3.02718 0 0 0 1 
26875431820142;0.45211;0.0457186;21;0.966438 0.0508101 -0.251824 -0.644489 -0.0754374 0.99316 -0.0891218 0.722144 0.245574 0.105128 0.963661 -1.77003 0 0 0 1 
26875431820143;0.371493;0.0452517;33;0.925606 0.0466906 0.375597 -0.65682 -0.138427 0.965371 0.221128 0.628548 -0.352266 -0.25667 0.900016 4.3291 0 0 0 1 
26875431820144;0.382734;0.0405963;25;0.973746 0.0163239 0.22705 -0.268874 0.0632275 0.938783 -0.338657 0.879386 -0.218679 0.344122 0.913104 -1.90847 0 0 0 1 
26875431820145;0.502979;0.0548424;21;0.969183 0.240947 0.051279 -2.29354 -0.239503 0.970344 -0.032738 2.02965 -0.0576464 0.0194477 0.998148 -0.477244 0 0 0 1 
26875431820146;0.275674;0.0530795;24;0.957118 0.288537 0.0259062 -2.18751 -0.289678 0.954259 0.0739991 1.92138 -0.00336973 -0.0783303 0.996922 0.556646 0 0 0 1 
26875431820147;0.238197;0.0428976;14;0.991341 0.0440932 -0.12369 -0.0373444 -0.0577655 0.992337 -0.109225 0.638772 0.117926 0.115424 0.986291 -1.48572 0 0 0 1 
26875431820148;0.24302;0.0317776;19;0.985443 -0.130909 0.108464 0.983964 0.148695 0.972978 -0.176643 -0.685918 -0.0824089 0.1902 0.97828 -1.4116 0 0 0 1 
26875431820149;0.23664;0.0348904;22;0.943038 -0.324535 0.0731918 3.03102 0.329793 0.940883 -0.077298 -1.24136 -0.043779 0.0970331 0.994318 -0.641271 0 0 0 1 
26875431820150;0.324251;0.0330555;15;0.985273 -0.168016 -0.0317587 1.57988 0.164138 0.981384 -0.0997219 -0.823876 0.0479223 0.0930404 0.994508 -0.56581 0 0 0 1 
26875431820151;0.348638;0.0555619;29;0.95859 -0.184612 -0.216849 2.12813 0.234956 0.942957 0.235857 -1.28223 0.160937 -0.27704 0.947285 1.82447 0 0 0 1 
26875431820152;0.39459;0.054196;15;0.993175 -0.0836501 0.0812837 0.392761 0.0887162 0.994197 -0.060849 -0.259037 -0.0757219 0.0676449 0.994832 -0.854842 0 0 0 1 
26875431820153;0.461448;0.0434883;23;0.962186 0.269657 -0.0385188 -2.04071 -0.267926 0.9624 0.0447403 1.59282 0.049135 -0.0327283 0.998256 -0.684049 0 0 0 1 
26875431820155;0.281618;0.0102399;13;0.997357 0.0478972 -0.0546408 0.46225 -0.0487723 0.9987 -0.0147963 0.0929754 0.0538611 0.0174221 0.998396 -0.0637944 0 0 0 1 
26875431820156;0.544215;0.0154285;30;0.980359 0.193372 -0.0387682 -0.0669081 -0.192618 0.981019 0.0223635 0.151059 0.0423568 -0.0144568 0.998998 0.690695 0 0 0 1 
26875431820157;0.2633;0.013699;32;0.982541 -0.186047 0.000733346 0.0779539 0.180237 0.950864 -0.251737 -0.107092 0.0461376 0.247474 0.967795 -0.103886 0 0 0 1 
26875431820158;0.308459;0.222223;10;0.996505 0.0831066 -0.00841611 0.0550468 -0.0830026 0.996477 0.0120319 0.286608 0.00938639 -0.0112913 0.999892 0.127791 0 0 0 1 
26875431820159;0.600497;0.0148912;23;0.997998 0.0555981 0.030154 0.759144 -0.0512139 0.990115 -0.130571 0.0289712 -0.0371155 0.128765 0.99098 0.589089 0 0 0 1 
26875431820160;0.450407;0.0165853;50;0.897862 -0.216405 0.383423 -0.174526 0.293568 0.943278 -0.155059 -0.226944 -0.328119 0.251783 0.910463 0.772878 0 0 0 1 
26875431820161;0.500041;0.018141;32;0.974398 -0.222304 -0.0336043 -0.278533 0.220722 0.974291 -0.0451568 -0.572448 0.0427789 0.0365834 0.998415 0.502933 0 0 0 1 
26875431820162;0.266888;0.173425;9;0.998467 0.0421597 0.0358542 -0.00863868 -0.0403709 0.997971 -0.0492309 0.0309081 -0.0378571 0.047708 0.998144 0.219011 0 0 0 1 
26875431820163;0.112835;0.0097593;19;0.99322 -0.00420686 0.11617 -0.0194435 -0.00113396 0.998947 0.04587 0.0107446 -0.11624 -0.0456907 0.99217 0.403282 0 0 0 1 
26875431820164;0.259006;0.0131719;27;0.982479 -0.185037 -0.0222633 0.0390492 0.185625 0.982218 0.0281351 -0.66663 0.0166613 -0.0317748 0.999356 -0.250927 0 0 0 1 
26875431820165;0.440579;0.233639;22;0.975489 0.213999 -0.0512361 0.0982276 -0.201695 0.962649 0.180626 0.407466 0.0879763 -0.165865 0.982216 -0.497621 0 0 0 1 
26875431820166;0.350624;0.283802;9;0.997317 -0.0438088 -0.0586487 -0.0240081 0.0412216 0.998153 -0.044619 -0.0089703 0.0604951 0.0420817 0.997281 -0.156437 0 0 0 1 
26875431820167;0.350308;0.0198234;31;0.977643 -0.194146 0.0807574 0.40314 0.205924 0.961702 -0.180901 -0.116979 -0.0425432 0.193487 0.98018 0.0681707 0 0 0 1 
26875431820168;0.226339;0.0262639;23;0.983208 -0.0604681 -0.172177 0.34606 0.0519811 0.99722 -0.0533856 -0.240978 0.174926 0.0435393 0.983618 -0.430829 0 0 0 1 
26875431820169;0.436398;0.00951735;16;0.998859 -0.0472628 -0.00684446 0.245821 0.0472764 0.99888 0.00183827 0.228923 0.00674991 -0.00215975 0.999975 0.557052 0 0 0 1 
26875431820170;0.561995;0.0166806;31;0.975809 0.0353767 0.215742 -0.478489 -0.0174973 0.996293 -0.0842279 -0.447374 -0.217922 0.0784155 0.972811 0.00298887 0 0 0 1 
26875431820171;0.275385;0.00728753;15;0.997515 0.0681017 0.018051 -0.055042 -0.0683912 0.997531 0.0159373 0.134965 -0.016921 -0.0171323 0.99971 0.477602 0 0 0 1 
26875431820172;0.126727;0.0139623;13;0.9999 -0.00503408 0.0131843 -0.0146988 0.00613698 0.996362 -0.0849954 0.0227889 -0.0127084 0.0850678 0.996294 0.204949 0 0 0 1 
26875431820173;0.248339;0.0185878;23;0.987539 -0.109025 0.113488 -0.107331 0.105747 0.993793 0.0345338 0.0342931 -0.116549 -0.0221025 0.992939 0.385752 0 0 0 1 
26875431820174;0.442063;0.272969;20;0.972066 -0.127293 0.197189 -0.145193 0.130833 0.991392 -0.00497892 -0.441178 -0.194857 0.0306387 0.980353 0.466221 0 0 0 1 
26875431820175;0.573407;0.295838;24;0.954014 0.12137 -0.274091 0.710367 -0.187682 0.954812 -0.230455 0.879775 0.233735 0.2713 0.933683 -0.917094 0 0 0 1 
26875431820176;0.270556;0.0198607;23;0.991219 0.129372 -0.0273488 -0.332747 -0.132024 0.979838 -0.149959 0.332598 0.00739678 0.152253 0.988314 0.00111218 0 0 0 1 
26875431820177;0.516211;0.0312479;28;0.994613 0.058839 -0.0853395 -0.467197 -0.0737001 0.980338 -0.183045 -0.227798 0.0728913 0.188349 0.979393 -0.0473337 0 0 0 1 
26875431820178;0.516876;0.225386;17;0.986824 -0.110596 -0.1181 0.295142 0.12278 0.987238 0.101421 -0.434021 0.105376 -0.114585 0.987809 0.40521 0 0 0 1 
26875431820179;0.506678;0.497546;6;0.998791 0.0478643 0.0111966 -0.0737577 -0.0480358 0.998724 0.0155831 0.171402 -0.0104365 -0.0161021 0.999816 -0.0520289 0 0 0 1 
26875431820180;0.166082;0.0213041;17;0.997364 -0.00895369 0.0720043 -0.198803 0.00248767 0.995993 0.0893933 0.0880052 -0.0725162 -0.0889786 0.99339 0.158265 0 0 0 1 
26875431820181;0.220973;0.140685;12;0.996695 -0.0734571 0.0346724 0.121113 0.0702027 0.993712 0.0872281 -0.286802 -0.0408619 -0.0845057 0.995585 0.225865 0 0 0 1 
26875431820182;0.311591;0.0162885;12;0.999986 0.00386272 -0.00369674 0.476866 -0.00388726 0.99997 -0.00665661 0.0622039 0.00367092 0.00667088 0.999971 -0.094993 0 0 0 1 
26875431820183;0.378261;0.221787;20;0.972314 0.219518 -0.0801066 -0.0169225 -0.207225 0.96843 0.138564 0.711364 0.107995 -0.118128 0.987108 -0.348901 0 0 0 1 
26875431820184;0.707951;0.0142973;44;0.952487 -0.295426 0.0741144 -0.0792587 0.302113 0.947284 -0.106683 -0.385021 -0.0386905 0.124005 0.991527 -0.892638 0 0 0 1 
26875431820186;0.0232744;0.0185176;6;0.999987 -0.00465945 -0.00187317 0.0065909 0.00465597 0.999987 -0.00185631 -0.0477383 0.00188179 0.00184756 0.999997 0.0283368 0 0 0 1 
26875431820187;0.469951;0.0408805;21;0.997532 -0.0513408 0.0479008 0.108446 0.0512606 0.998681 0.00290072 0.0227309 -0.0479865 -0.000438133 0.998848 -0.714695 0 0 0 1 
26875431820188;0.333415;0.021772;37;0.964339 0.0845995 0.250783 -0.159362 -0.0824846 0.996412 -0.0189518 0.518416 -0.251487 -0.00240977 0.967858 0.145378 0 0 0 1 
26875431820189;0.215891;0.0289529;16;0.999547 -0.0229758 0.0194152 0.00343674 0.02589 0.98572 -0.166393 0.311724 -0.0153149 0.16682 0.985868 0.0815218 0 0 0 1 
26875431820190;0.353199;0.0288784;14;0.999079 -0.00590472 -0.042494 0.123446 0.00569121 0.999971 -0.00514373 -0.0614747 0.0425231 0.00489716 0.999083 0.568369 0 0 0 1 
26875431820191;0.375035;0.0365869;37;0.882884 0.105032 -0.457695 0.626404 -0.0608547 0.992037 0.110266 -0.0968795 0.465632 -0.0694989 0.882246 -0.458973 0 0 0 1 
26875431820192;0.269163;0.02903;13;0.998994 -0.0318989 0.031516 -0.161728 0.0326229 0.999209 -0.0227318 0.361616 -0.0307659 0.0237371 0.999245 0.248604 0 0 0 1 
26875431820193;0.42369;0.0386466;39;0.907691 -0.177317 0.380335 -0.314818 0.268148 0.942248 -0.200662 -0.111523 -0.322789 0.284125 0.902818 0.533276 0 0 0 1 
26875431820194;0.276623;0.216484;14;0.993218 0.0896301 0.0740565 -0.0715069 -0.082982 0.992619 -0.0884375 0.35355 -0.0814366 0.0816924 0.993325 0.281502 0 0 0 1 
26875431820195;0.12753;0.0238451;14;0.997325 0.0728568 0.00586099 -0.176459 -0.0729198 0.997273 0.0113579 0.0775983 -0.0050175 -0.0117549 0.999918 -0.103856 0 0 0 1 
26875431820196;0.182656;0.0248628;14;0.998242 -0.059257 -0.000894938 -0.110994 0.0591664 0.997355 -0.04222 -0.33057 0.0033944 0.0420928 0.999108 -0.122471 0 0 0 1 
26875431820197;0.141522;0.0263302;12;0.99927 0.031557 -0.0215413 -0.249248 -0.0309691 0.999153 0.0270998 0.0600902 0.0223783 -0.0264129 0.999401 -0.0694931 0 0 0 1 
26875431820198;0.296595;0.026596;35;0.961573 -0.263257 -0.0779259 0.394786 0.263777 0.964576 -0.00373053 -0.243612 0.0761476 -0.0169679 0.996952 -0.315255 0 0 0 1 
26875431820199;0.374604;0.326248;8;0.997139 -0.0532728 -0.0536254 0.106078 0.0548297 0.998103 0.0279933 -0.100503 0.0520324 -0.0308535 0.998169 0.0304759 0 0 0 1 
26875431820200;0.14975;0.0293423;16;0.998818 0.0183668 -0.0450127 -0.218184 -0.0151195 0.99733 0.0714498 0.0737838 0.0462048 -0.0706847 0.996428 -0.0018125 0 0 0 1 
26875431820201;0.180431;0.0370615;13;0.995477 -0.0398371 -0.0862458 0.330114 0.0407536 0.99913 0.0088916 -0.176914 0.0858165 -0.0123662 0.996234 -0.131278 0 0 0 1 
26875431820202;0.0568232;0.0294635;11;0.999411 -0.0325756 -0.0107941 -0.0257322 0.0318978 0.997811 -0.0579296 0.0182582 0.0126576 0.0575512 0.998262 -0.0404504 0 0 0 1 
26875431820203;0.370175;0.337347;6;0.999614 -0.0256267 -0.0107425 0.00446144 0.0261178 0.998487 0.0483854 -0.0692768 0.00948627 -0.0486473 0.998771 0.0148329 0 0 0 1 
26875431820204;0.336699;0.327198;9;0.99748 0.0708649 0.00355691 -0.122751 -0.0701909 0.992842 -0.0966299 0.397401 -0.0103791 0.0961367 0.995314 0.0568956 0 0 0 1 
26875431820205;0.579018;0.202254;22;0.980681 0.0192336 0.194665 0.423119 -0.0332693 0.997055 0.0690912 -0.425454 -0.192763 -0.0742329 0.978433 -0.0695706 0 0 0 1 
26875431820206;0.454909;0.0271014;34;0.944672 0.0286356 0.326765 -0.251909 0.0483099 0.973173 -0.224946 -0.0703061 -0.324441 0.228286 0.917946 1.07743 0 0 0 1 
26875431820207;0.201469;0.157525;6;0.999398 0.0332019 0.0100786 -0.0637302 -0.0335524 0.998756 0.036877 0.0176968 -0.00884171 -0.037193 0.999269 0.111712 0 0 0 1 
26875431820208;0.418791;0.357334;6;0.999761 -0.019734 0.00944036 -0.0997874 0.0189424 0.996801 0.0776428 -0.111806 -0.0109424 -0.0774454 0.996937 -0.0181865 0 0 0 1 
26875431820209;0.261543;0.235023;6;0.999037 -0.0438775 0.0002109 0.0389211 0.0438739 0.998867 -0.0184491 -0.00909842 0.000598839 0.0184406 0.99983 0.0189938 0 0 0 1 
26875431820210;0.579052;0.331866;11;0.997706 -0.0658581 0.0156578 -0.378731 0.0641125 0.993536 0.0936835 -0.371149 -0.0217264 -0.0924647 0.995479 -0.036603 0 0 0 1 
26875431820211;0.254845;0.0353874;30;0.973506 -0.226896 -0.0283526 0.246777 0.22669 0.973912 -0.0103317 -0.419632 0.0299571 0.00363078 0.999545 0.252541 0 0 0 1 
26875431820212;0.320883;0.0289068;27;0.965498 -0.12618 0.227798 0.0230746 0.153361 0.982491 -0.10579 -0.250436 -0.210461 0.137075 0.967944 0.728389 0 0 0 1 
26875431820213;0.233658;0.0330151;18;0.998593 -0.0525787 0.00690429 -0.11243 0.0530246 0.99185 -0.11585 -0.013627 -0.000756809 0.116053 0.993243 -0.382923 0 0 0 1 
26875431820214;0.442932;0.0344958;19;0.982101 0.03736 -0.184614 0.341575 -0.0823546 0.966653 -0.242486 0.529623 0.169398 0.253349 0.952428 0.280188 0 0 0 1 
26875431820215;0.292551;0.0326861;34;0.969566 0.0635896 0.236427 0.0206823 -0.0113989 0.976358 -0.215857 -0.175252 -0.244563 0.206592 0.947369 0.3592 0 0 0 1 
26875431820217;0.53888;0.0187368;33;0.946241 -0.260306 0.19201 1.04431 0.314115 0.881152 -0.353417 -0.68148 -0.0771933 0.394731 0.915548 -0.397568 0 0 0 1 
26875431820218;0.132212;0.0185738;9;0.999993 -0.00210791 -0.00305678 -0.0194914 0.00201 0.999496 -0.0316898 0.18435 0.00312203 0.0316835 0.999493 0.136568 0 0 0 1 
26875431820219;0.276971;0.0113736;16;0.991617 -0.0493369 0.119425 0.401052 0.0521468 0.998429 -0.020517 -0.616855 -0.118225 0.0265726 0.992631 0.365605 0 0 0 1 
26875431820220;0.346183;0.352215;10;0.996767 0.0746367 0.0297435 -0.15508 -0.0754291 0.9968 0.0264708 0.152369 -0.0276726 -0.0286288 0.999207 0.261179 0 0 0 1 
26875431820221;0.22686;0.0118177;12;0.999923 0.00185116 0.0122662 0.392192 -0.00178679 0.999985 -0.00525632 -0.00462027 -0.0122758 0.00523399 0.999911 -0.228334 0 0 0 1 
26875431820222;0.271182;0.241239;8;0.996577 0.0465778 0.0683002 -0.140611 -0.0453258 0.998777 -0.0197686 0.136674 -0.0691374 0.0166052 0.997469 0.257579 0 0 0 1 
26875431820223;0.173034;0.0102231;10;0.999954 -0.00233619 0.0093478 -0.180955 0.00238773 0.999982 -0.00550653 -0.15609 -0.00933476 0.00552859 0.999941 -0.248988 0 0 0 1 
26875431820224;0.421446;0.0123561;16;0.99548 0.0591768 0.0742753 -0.710749 -0.0636414 0.996212 0.0592553 -0.31798 -0.0704874 -0.0637144 0.995476 0.619164 0 0 0 1 
26875431820225;0.149136;0.0174303;22;0.98294 0.183889 -0.00385241 -0.148509 -0.183316 0.981158 0.0610273 0.78551 0.015002 -0.05928 0.998129 -0.052797 0 0 0 1 
26875431820226;0.0692592;0.00891443;9;0.99948 -0.0311052 0.00849202 0.152395 0.0312311 0.999398 -0.0151165 -0.115134 -0.00801671 0.0153739 0.99985 -0.0371457 0 0 0 1 
26875431820227;0.394953;0.277586;18;0.985352 0.152444 0.0764292 -0.423519 -0.160336 0.980829 0.11076 0.0985507 -0.0580791 -0.121392 0.990904 -0.104969 0 0 0 1 
26875431820228;0.385763;0.0164513;15;0.999709 -0.0232239 0.00659775 -0.26467 0.0238011 0.993863 -0.108026 0.66509 -0.00404846 0.108152 0.994126 0.144744 0 0 0 1 
26875431820229;0.236316;0.0208799;18;0.979795 -0.0945662 0.176237 0.17774 0.0926098 0.995515 0.0193118 -0.111518 -0.177273 -0.00260027 0.984158 0.809836 0 0 0 1 
26875431820230;0.353557;0.255022;13;0.98299 0.173434 0.0604355 -0.395283 -0.170323 0.983944 -0.0533388 0.857329 -0.0687158 0.0421379 0.996746 0.158288 0 0 0 1 
26875431820231;0.448584;0.014213;16;0.999158 0.00810881 0.0402211 -0.266139 -0.00640626 0.999085 -0.0422793 0.290294 -0.0405271 0.041986 0.998296 -0.75379 0 0 0 1 
26875431820232;0.290281;0.0152309;28;0.964498 -0.191366 0.181994 0.544333 0.131725 0.9459 0.296516 -0.626476 -0.228891 -0.262016 0.937527 1.27142 0 0 0 1 
26875431820233;0.217224;0.00980353;14;0.996483 -0.0720643 -0.0427581 0.551631 0.0713413 0.997286 -0.0182022 -0.27989 0.0439537 0.0150878 0.99892 -0.290532 0 0 0 1 
26875431820234;0.288361;0.0148613;21;0.985932 -0.15736 -0.0563631 0.322964 0.161466 0.98381 0.0777643 -1.31921 0.0432136 -0.085771 0.995377 -0.356088 0 0 0 1 
26875431820235;0.189456;0.0117857;21;0.978162 -0.147305 -0.146633 0.496368 0.150417 0.988569 0.0103089 -0.743136 0.143438 -0.0321399 0.989137 -0.669544 0 0 0 1 
26875431820236;0.315102;0.0121593;36;0.934361 0.242376 0.261196 -0.159404 -0.218791 0.968812 -0.116337 1.33217 -0.281247 0.0515533 0.95825 1.50857 0 0 0 1 
26875431820237;0.012092;0.00627681;6;0.999986 0.000294055 0.0053394 0.00257171 -0.000276699 0.999995 -0.00325091 -0.0196992 -0.00534033 0.00324939 0.99998 0.0397233 0 0 0 1 
26875431820238;0.26454;0.0188383;26;0.954185 -0.275307 0.117204 0.522304 0.265329 0.959575 0.0938927 -1.42206 -0.138315 -0.0584935 0.988659 0.924159 0 0 0 1 
26875431820239;0.246987;0.0168493;12;0.999233 0.031497 0.0232881 -0.318072 -0.0335575 0.994993 0.0941433 -0.306347 -0.0202063 -0.0948525 0.995286 0.166641 0 0 0 1 
26875431820240;0.363487;0.0113603;38;0.905014 0.40544 -0.128721 -0.100071 -0.379251 0.906092 0.187523 1.86812 0.192662 -0.120894 0.97379 -0.919801 0 0 0 1 
26875431820241;0.468508;0.0154745;39;0.890473 -0.454942 0.00925576 0.677105 0.454981 0.890498 -0.00244925 -2.2365 -0.00712797 0.00639218 0.999954 0.426002 0 0 0 1 
26875431820242;0.496458;0.0136352;33;0.963728 -0.205154 -0.170705 0.87704 0.257363 0.883715 0.390912 -1.99466 0.0706573 -0.420666 0.90446 -0.0170557 0 0 0 1 
26875431820243;0.419239;0.0176805;37;0.907056 0.263417 0.328422 -0.3891 -0.219094 0.961469 -0.166059 1.34908 -0.359511 0.0786693 0.929819 1.43139 0 0 0 1 
26875431820244;0.327061;0.015209;13;0.999972 -0.000598633 0.00746118 -0.504243 0.001449 0.993423 -0.114494 0.498798 -0.00734357 0.114502 0.993396 0.00876929 0 0 0 1 
26875431820245;0.440644;0.0113746;28;0.91016 0.0551195 0.410575 -0.395112 -0.100295 0.990942 0.089299 0.253516 -0.401934 -0.122455 0.907444 1.942 0 0 0 1 
26875431820246;0.33651;0.00921412;16;0.988134 -0.0562553 0.142923 -0.0869177 0.0440591 0.995224 0.0871125 -0.620646 -0.147141 -0.0797818 0.985893 0.24959 0 0 0 1 
26875431820248;0.482971;0.0279597;28;0.939186 -0.0817476 -0.333536 0.839915 0.114751 0.990132 0.0804448 -0.367739 0.323669 -0.113826 0.939299 -2.31352 0 0 0 1 
26875431820249;0.481186;0.0245865;21;0.971375 -0.193151 -0.138287 0.3456 0.18227 0.979342 -0.0875562 -0.713285 0.152342 0.0598442 0.986514 0.335205 0 0 0 1 
26875431820250;0.362957;0.0261268;23;0.965479 0.226438 0.128746 0.14618 -0.210053 0.969108 -0.129257 1.5429 -0.154037 0.0977518 0.983218 0.521856 0 0 0 1 
26875431820251;0.294996;0.0240697;17;0.995733 0.0917507 -0.00991923 0.628281 -0.091005 0.994072 0.0594949 0.106049 0.0153191 -0.0583383 0.998179 -0.2898 0 0 0 1 
26875431820252;0.28587;0.0238247;13;0.999567 -0.0292949 0.00281822 0.318496 0.029288 0.999568 0.00245619 -0.660191 -0.00288896 -0.00237259 0.999993 0.277958 0 0 0 1 
26875431820253;0.612372;0.023455;24;0.958776 0.0892385 -0.269788 1.17102 -0.0261456 0.973086 0.228954 -0.937691 0.282958 -0.212462 0.935305 -1.12682 0 0 0 1 
