#;prob_registration_l1 -r /home/probabilistic_point_clouds_registration/build/tester /home/point_clouds_registration_benchmark//devel/registration_pairs/apartment_local.txt /home/point_clouds_registration_benchmark//eth/apartment -s 0.2 -t 0.2 -p 0.3 -r 1000 -m 1 -i 40 
id;initial_error;final_error;transformation
13001298760000;0.820981;1.38584;0.946866 -0.280359 0.157616 -0.658719 0.265971 0.958091 0.1064 -2.98972 -0.180841 -0.0588254 0.981752 0.408513 0 0 0 1 
13001298760001;0.68771;1.3807;0.968343 -0.197229 -0.153013 0.30283 0.242013 0.891971 0.38186 -2.64 0.061169 -0.406803 0.911466 0.416071 0 0 0 1 
13001298760002;0.636186;0.406246;0.97151 0.185928 -0.146969 0.228696 -0.142667 0.953973 0.263783 -0.270375 0.189249 -0.2353 0.95332 -1.00719 0 0 0 1 
13001298760003;0.411513;1.31784;0.95921 -0.277373 0.0545904 0.207907 0.272932 0.958964 0.0767823 -2.33105 -0.0736476 -0.0587508 0.995552 -0.158744 0 0 0 1 
13001298760004;0.857932;1.31858;0.938236 -0.323095 -0.123788 0.0323525 0.319207 0.946333 -0.0506027 -2.17817 0.133494 0.00796333 0.991018 0.483688 0 0 0 1 
13001298760005;0.460674;0.852217;0.950954 0.308918 0.0160149 0.0768811 -0.307765 0.950071 -0.051432 -0.351548 -0.0311035 0.0439806 0.998548 0.514688 0 0 0 1 
13001298760006;0.655521;0.557818;0.954237 0.298898 0.00959151 -0.298435 -0.298889 0.952165 0.0636111 0.552989 0.00988055 -0.0635669 0.997929 0.173734 0 0 0 1 
13001298760007;0.308888;0.440667;0.870478 0.288496 0.398796 -0.105855 -0.365277 0.921701 0.130539 0.545104 -0.329911 -0.259302 0.907701 1.17631 0 0 0 1 
13001298760008;0.466988;0.434657;0.935195 0.334975 0.114902 -0.136632 -0.338368 0.940952 0.0108349 0.234031 -0.104488 -0.0490119 0.993318 0.112577 0 0 0 1 
13001298760009;0.423945;0.497791;0.945926 0.316496 0.0710949 -0.180099 -0.286378 0.917736 -0.275225 0.645943 -0.152354 0.239983 0.958747 0.140237 0 0 0 1 
13001298760010;0.258498;0.476398;0.978179 0.207248 -0.0146542 -0.0137655 -0.20775 0.976526 -0.056893 0.384249 0.00251925 0.0586959 0.998273 0.126478 0 0 0 1 
13001298760011;0.784351;1.68675;0.96656 0.247972 0.0653619 -0.164529 -0.254735 0.89906 0.356091 -1.3259 0.0295361 -0.360833 0.932163 -0.816774 0 0 0 1 
13001298760012;0.622128;0.360809;0.967427 0.25308 0.00588419 0.265759 -0.253129 0.966795 0.0351237 -0.140993 0.0032003 -0.0354691 0.999366 0.263162 0 0 0 1 
13001298760013;0.398004;0.469763;0.906107 0.393175 0.15615 0.35832 -0.369735 0.915372 -0.159344 0.721458 -0.205585 0.0866485 0.974796 0.872333 0 0 0 1 
13001298760014;0.755219;0.959155;0.986466 0.0844416 -0.14055 0.437161 -0.0741726 0.994286 0.0767727 -0.55751 0.14623 -0.0653088 0.987093 -1.11559 0 0 0 1 
13001298760015;0.388158;0.508771;0.926256 0.356271 -0.122968 0.578244 -0.348345 0.933809 0.0815868 0.768611 0.143896 -0.0327349 0.989051 -0.278033 0 0 0 1 
13001298760016;0.851768;0.791282;0.99377 0.111401 0.00344193 0.187695 -0.111007 0.992076 -0.0588423 0.159303 -0.00996975 0.0580937 0.998261 0.653993 0 0 0 1 
13001298760017;0.399547;0.43989;0.935819 0.349507 0.0456902 0.28682 -0.348121 0.936771 -0.0356729 0.53649 -0.0552692 0.0174776 0.998319 0.553532 0 0 0 1 
13001298760018;0.820633;0.72014;0.959704 0.223031 -0.170955 -0.121215 -0.237496 0.968923 -0.069173 -0.0627504 0.150215 0.106987 0.982848 0.639 0 0 0 1 
13001298760019;0.329854;0.342323;0.992081 0.102808 -0.0721495 0.0495415 -0.100764 0.994414 0.0314402 -0.261786 0.0749788 -0.0239212 0.996898 -0.190613 0 0 0 1 
13001298760020;0.847185;0.49995;0.97042 0.24122 -0.00993372 -0.35158 -0.240582 0.969647 0.0436416 0.541953 0.0201594 -0.0399608 0.998998 0.573715 0 0 0 1 
13001298760021;0.886722;1.36161;0.901983 -0.232943 -0.363543 0.841812 0.327303 0.918025 0.223838 -2.92894 0.2816 -0.320887 0.904286 -1.29899 0 0 0 1 
13001298760022;0.59893;0.630345;0.976983 0.180774 -0.113251 -0.0678891 -0.149563 0.959034 0.240594 -0.243944 0.152104 -0.218118 0.963996 -0.77779 0 0 0 1 
13001298760023;0.367247;0.404106;0.992524 0.0977309 0.0731067 -0.169149 -0.103716 0.991128 0.0831161 -0.352857 -0.0643351 -0.0900771 0.993855 -0.0528248 0 0 0 1 
13001298760024;0.0968236;0.373261;0.9763 0.21137 0.0464777 -0.0398326 -0.213256 0.976169 0.0402003 0.273196 -0.0368729 -0.0491592 0.99811 0.154044 0 0 0 1 
13001298760025;0.689632;0.47506;0.982199 0.181254 0.0493088 -0.0441397 -0.155884 0.932977 -0.324429 0.601485 -0.104808 0.310967 0.944624 0.727909 0 0 0 1 
13001298760026;0.452516;1.2823;0.993175 -0.113993 0.0246823 -0.159575 0.112132 0.991442 0.0668575 -1.34642 -0.0320923 -0.0636335 0.997457 0.105063 0 0 0 1 
13001298760027;0.353163;1.30883;0.91963 -0.289917 0.265007 0.00469156 0.209938 0.933029 0.292205 -2.16026 -0.331974 -0.213086 0.918906 0.766973 0 0 0 1 
13001298760028;0.770166;0.566749;0.997949 0.0152793 0.0621614 -0.439563 -0.0104003 0.996894 -0.0780677 0.01541 -0.0631612 0.0772611 0.995008 -0.0793089 0 0 0 1 
13001298760029;0.444231;0.396833;0.919982 0.334144 0.204893 0.137962 -0.350917 0.935029 0.050777 0.448995 -0.174614 -0.118614 0.977466 0.775471 0 0 0 1 
13001298760031;1.0814;0.736467;0.995588 -0.00361953 0.0937594 -0.142719 0.0165337 0.990387 -0.13733 0.255093 -0.092361 0.138274 0.986078 0.695993 0 0 0 1 
13001298760032;0.762366;0.123467;0.973983 -0.210258 -0.0845471 -0.640306 0.212146 0.977139 0.0139045 -0.714342 0.0796907 -0.0314791 0.996322 -0.726836 0 0 0 1 
13001298760033;0.562268;0.143855;0.973137 -0.201655 -0.11108 -0.58669 0.191943 0.977064 -0.0922128 -0.554769 0.127128 0.0684145 0.989524 0.0652278 0 0 0 1 
13001298760034;0.913227;0.0926635;0.984041 -0.166904 -0.0616914 -0.544643 0.133407 0.921431 -0.364921 -0.284553 0.117751 0.350867 0.928992 0.980678 0 0 0 1 
13001298760035;0.190074;0.135677;0.987876 0.109846 -0.109702 0.25711 -0.101414 0.991646 0.0797057 0.301028 0.117541 -0.0676141 0.990764 -0.559181 0 0 0 1 
13001298760036;1.3176;0.348294;0.987239 -0.155047 -0.0363245 -0.972864 0.158174 0.981156 0.110968 -0.0432547 0.0184349 -0.115297 0.99316 -0.129897 0 0 0 1 
13001298760037;0.408209;0.140975;0.992405 0.110771 -0.0534922 0.0189938 -0.116251 0.986722 -0.113426 0.612239 0.0402176 0.118783 0.992105 0.00769649 0 0 0 1 
13001298760038;0.799177;0.125585;0.99999 0.00181675 -0.0040305 0.425159 -0.00115165 0.987235 0.159265 -0.346847 0.0042684 -0.159259 0.987228 -0.248608 0 0 0 1 
13001298760039;0.512139;0.081313;0.999998 0.000967561 -0.0017316 -0.0148207 -0.000974467 0.999992 -0.00399205 0.00248364 0.00172772 0.00399373 0.999991 0.40131 0 0 0 1 
13001298760040;0.790161;0.207846;0.999921 0.0072135 -0.0103069 0.14137 -0.00736651 0.999862 -0.0148846 0.125372 0.0101981 0.0149593 0.999836 -0.44075 0 0 0 1 
13001298760041;0.304867;0.109065;0.983559 -0.128023 0.127368 -0.339879 0.136058 0.989089 -0.0564933 -0.212069 -0.118746 0.0728939 0.990245 0.462918 0 0 0 1 
13001298760042;0.323258;0.14244;0.997781 0.0648191 0.0151907 0.149043 -0.0655132 0.996557 0.0508182 0.0352456 -0.0118444 -0.0517007 0.998592 0.0464326 0 0 0 1 
13001298760043;1.1294;0.0826121;0.943058 -0.325387 -0.0690312 -0.510049 0.331295 0.900254 0.282464 -2.00102 -0.0297645 -0.289249 0.956791 -0.829005 0 0 0 1 
13001298760044;0.672602;0.0760828;0.988217 -0.0779268 0.131738 -0.5712 0.0828118 0.996051 -0.0320096 -0.119425 -0.128723 0.0425419 0.990768 0.205906 0 0 0 1 
13001298760045;0.603165;0.535248;0.90095 0.43251 0.0349936 1.12684 -0.428349 0.899364 -0.0875299 1.60908 -0.0693296 0.0638706 0.995547 0.0905019 0 0 0 1 
13001298760046;0.435224;0.0860924;0.901876 0.102954 -0.419548 0.773796 -0.127072 0.991444 -0.0298653 0.512626 0.412884 0.0802476 0.907242 -1.04749 0 0 0 1 
13001298760047;1.03472;0.114498;0.998358 -0.0356544 0.0448361 -0.283203 0.0234815 0.968627 0.247408 -0.521082 -0.0522507 -0.245949 0.967873 -0.948031 0 0 0 1 
13001298760048;1.38851;0.118887;0.994128 0.0740136 0.0789365 0.223698 -0.101172 0.894518 0.435433 -0.759259 -0.0383821 -0.440862 0.896754 -1.3416 0 0 0 1 
13001298760049;0.308211;0.12486;0.988555 0.135486 -0.0663576 0.135529 -0.126453 0.984025 0.125316 0.240195 0.0822761 -0.115491 0.989895 -0.480676 0 0 0 1 
13001298760050;0.383404;0.134505;0.999757 -0.0219277 -0.00212863 -0.311233 0.0219157 0.999745 -0.00547729 -0.0833546 0.00224819 0.00542931 0.999983 0.0374745 0 0 0 1 
13001298760051;1.39486;0.294309;0.954194 -0.269014 0.130939 -1.62397 0.282273 0.954525 -0.0959431 -0.952226 -0.0991746 0.128509 0.986737 0.724144 0 0 0 1 
13001298760052;0.390791;0.172709;0.999915 -0.0127398 0.0026796 -0.279282 0.0127229 0.999899 0.00625491 -0.102117 -0.00275902 -0.00622028 0.999977 -0.0175732 0 0 0 1 
13001298760053;0.738841;0.128806;0.952435 0.304433 0.013692 1.03743 -0.303461 0.943367 0.134054 0.507693 0.0278939 -0.131833 0.990879 -0.117313 0 0 0 1 
13001298760054;0.290741;0.0645115;0.985581 -0.168056 -0.0197035 -0.409524 0.168155 0.985754 0.00347739 -0.460036 0.0188384 -0.00674048 0.9998 -0.240729 0 0 0 1 
13001298760055;0.983527;0.151787;0.975244 0.182806 0.124427 -0.350349 -0.161601 0.973255 -0.163281 0.666756 -0.150948 0.139131 0.978702 1.05102 0 0 0 1 
13001298760056;0.893456;0.335983;0.997705 -0.0670543 -0.0093897 0.203198 0.0670134 0.997741 -0.0046119 -0.39711 0.00967774 0.00397208 0.999945 -0.219972 0 0 0 1 
13001298760057;1.32906;0.0851617;0.99724 0.0627994 0.0395968 0.545901 -0.0636267 0.997774 0.01999 0.746028 -0.0382533 -0.0224543 0.999016 -0.530351 0 0 0 1 
13001298760058;1.04418;0.394018;0.964412 -0.191573 0.182233 -0.748276 0.188426 0.981478 0.0345978 -0.465044 -0.185486 0.000970868 0.982647 -0.0900841 0 0 0 1 
13001298760059;1.02726;0.118606;0.997324 0.0566953 -0.0461637 0.504743 -0.0442201 0.970582 0.236675 -0.142069 0.058224 -0.234 0.970492 -1.19717 0 0 0 1 
13001298760060;1.18019;1.19187;0.990128 -0.111968 -0.0843143 0.171642 0.122736 0.983109 0.13577 -1.19928 0.0676882 -0.144778 0.987146 -0.361087 0 0 0 1 
13001298760062;0.42647;0.8336;0.986896 -0.160975 0.0111529 -0.402789 0.159165 0.982502 0.0967327 -0.233587 -0.0265293 -0.0936899 0.995248 0.0657696 0 0 0 1 
13001298760063;0.820769;0.975412;0.972019 -0.233315 0.0272532 -0.149375 0.233251 0.972401 0.00555604 -0.163656 -0.0277973 0.000956243 0.999613 0.708428 0 0 0 1 
13001298760064;0.637796;0.739525;0.999661 0.0238281 0.0104769 0.1059 -0.0234193 0.99902 -0.037552 0.623202 -0.0113615 0.037294 0.99924 0.546964 0 0 0 1 
13001298760065;1.32441;1.04226;0.937289 -0.255338 -0.237257 -0.0210506 0.329242 0.872009 0.362215 -1.15522 0.114403 -0.417615 0.901393 -2.28585 0 0 0 1 
13001298760066;0.832986;0.937699;0.934482 -0.355156 0.0246643 -0.533476 0.355999 0.932771 -0.0565941 -0.294832 -0.0029064 0.0616666 0.998093 0.44143 0 0 0 1 
13001298760067;0.500971;1.17875;0.898388 -0.438881 0.0168156 -0.538881 0.43837 0.893671 -0.0958319 -0.932871 0.0270312 0.0934657 0.995255 -0.0693552 0 0 0 1 
13001298760068;1.1413;1.01785;0.915848 -0.363645 0.170248 -0.966668 0.340243 0.927997 0.151841 -0.195555 -0.213206 -0.0811376 0.973632 0.947418 0 0 0 1 
13001298760069;0.277143;0.800898;0.985421 -0.113936 -0.126351 0.01469 0.137137 0.971463 0.193529 -0.184642 0.100695 -0.208035 0.972925 -0.899384 0 0 0 1 
13001298760070;1.31041;0.937687;0.96977 -0.227525 0.0881927 -0.480431 0.233031 0.970735 -0.0580591 -0.264071 -0.0724018 0.0768556 0.99441 -0.374308 0 0 0 1 
13001298760071;0.311671;1.01651;0.83942 -0.504839 -0.201274 -0.430432 0.532247 0.83853 0.116539 -1.81935 0.109941 -0.204952 0.972578 -0.952546 0 0 0 1 
13001298760072;0.364438;0.977942;0.9257 -0.377527 0.0235049 -0.576801 0.378164 0.925066 -0.0352816 -0.684826 -0.00842387 0.0415489 0.999101 0.330528 0 0 0 1 
13001298760073;1.33186;0.933319;0.846657 -0.437373 0.303112 -0.876012 0.507636 0.834693 -0.213526 -0.866409 -0.159615 0.334654 0.928725 1.08467 0 0 0 1 
13001298760074;0.375476;1.03337;0.842227 -0.399904 -0.361567 -0.0912883 0.335237 0.913706 -0.22969 -0.629483 0.42222 0.0722405 0.90361 -1.26628 0 0 0 1 
13001298760075;0.892832;1.15624;0.953607 -0.227161 0.197563 -0.286241 0.253311 0.960063 -0.118795 -0.273189 -0.162688 0.163328 0.973066 1.68963 0 0 0 1 
13001298760076;0.49285;0.955425;0.918963 -0.394174 0.0115917 -0.854879 0.39409 0.916916 -0.0629183 -0.950384 0.0141722 0.0623877 0.997951 0.00137339 0 0 0 1 
13001298760077;1.25077;0.817081;0.982922 -0.182521 0.0234598 -0.644534 0.182617 0.983182 -0.00203212 0.159038 -0.0226943 0.00628158 0.999723 0.891514 0 0 0 1 
13001298760078;0.873453;0.926954;0.968785 -0.162039 -0.187615 -0.0668031 0.178997 0.980818 0.0771726 0.116785 0.171512 -0.108346 0.979206 -1.35199 0 0 0 1 
13001298760079;0.135451;0.73098;0.979479 -0.19992 -0.0255321 -0.24691 0.199478 0.979721 -0.0188769 -0.321326 0.0287882 0.0133965 0.999496 -0.0295079 0 0 0 1 
13001298760080;0.477523;1.01682;0.74255 -0.58197 0.331557 -0.685973 0.520386 0.812923 0.261446 -1.99987 -0.421684 -0.0215993 0.906485 1.50553 0 0 0 1 
13001298760081;0.486196;0.97416;0.943905 -0.021411 -0.329523 0.561303 0.0395793 0.998037 0.0485248 0.298371 0.327837 -0.0588451 0.9429 -1.24021 0 0 0 1 
13001298760082;0.60999;1.80943;0.852588 0.522373 0.0148271 1.19021 -0.512629 0.841522 -0.170448 2.02828 -0.101515 0.137721 0.985255 0.625758 0 0 0 1 
13001298760083;0.578912;0.90353;0.850971 -0.524394 -0.029314 -0.387974 0.504606 0.800828 0.322565 -2.1645 -0.145676 -0.289285 0.946093 -0.208139 0 0 0 1 
13001298760084;0.295038;0.896881;0.999755 0.0108356 0.019308 0.229452 -0.00993441 0.998884 -0.0461742 0.582933 -0.0197868 0.0459711 0.998747 0.264867 0 0 0 1 
13001298760085;0.331689;0.811814;0.98675 -0.161784 -0.0122666 -0.18218 0.161531 0.972479 0.167906 -0.381037 -0.0152355 -0.167663 0.985727 -0.281593 0 0 0 1 
13001298760086;0.698459;0.846713;0.964222 -0.263731 0.0268643 -0.624032 0.264643 0.963541 -0.0394003 -0.739062 -0.0154938 0.0451001 0.998862 0.667242 0 0 0 1 
13001298760087;0.67213;1.0837;0.855481 -0.408685 -0.318007 -0.131587 0.387839 0.912589 -0.129471 -0.776499 0.343123 -0.0125756 0.939206 -1.51561 0 0 0 1 
13001298760088;0.268562;0.91657;0.874916 -0.37979 -0.300468 -0.159546 0.373857 0.92408 -0.0794209 -0.957735 0.30782 -0.0428452 0.95048 -1.12356 0 0 0 1 
13001298760089;1.15866;0.993714;0.792008 -0.524609 0.312263 -1.13797 0.567808 0.820895 -0.061038 -1.80726 -0.224314 0.225648 0.948033 1.94987 0 0 0 1 
13001298760090;0.714198;0.864887;0.963147 -0.267265 -0.0302977 -0.676581 0.268839 0.960132 0.0766258 -0.633879 0.00861043 -0.0819471 0.996599 0.215185 0 0 0 1 
13001298760091;1.1529;0.993748;0.962451 -0.262637 -0.068635 -0.457667 0.261821 0.964893 -0.0207821 -0.711115 0.0716836 0.00203168 0.997425 -0.958107 0 0 0 1 
13001298760093;1.04775;0.493607;0.837406 -0.440705 0.323312 -0.858116 0.469554 0.88281 -0.0128311 -1.70792 -0.279768 0.162557 0.946206 0.481389 0 0 0 1 
13001298760094;1.11373;0.306341;0.984583 -0.174339 0.0142561 -0.276653 0.169341 0.970426 0.172036 -1.23914 -0.043827 -0.166969 0.984988 -1.19983 0 0 0 1 
13001298760095;0.293853;0.336882;0.979768 0.0121259 0.199769 0.213715 0.0349126 0.972503 -0.23026 -0.219798 -0.197068 0.232575 0.952404 1.36384 0 0 0 1 
13001298760096;0.895384;0.290487;0.983898 -0.162765 0.0738384 0.408424 0.16151 0.98661 0.0227003 -0.997136 -0.0765445 -0.0104092 0.997012 0.221511 0 0 0 1 
13001298760097;0.339617;0.319518;0.984221 -0.176177 -0.0164492 -0.151499 0.176803 0.982881 0.0518185 -0.797186 0.0070384 -0.0539091 0.998521 -0.408138 0 0 0 1 
13001298760098;0.188558;0.332798;0.986256 -0.0781495 -0.145575 0.166895 0.0809734 0.996624 0.0135654 -0.414621 0.144023 -0.0251666 0.989254 -0.601608 0 0 0 1 
13001298760099;0.958706;0.269412;0.971099 0.135738 0.19632 0.384146 -0.115955 0.987253 -0.109026 -0.443768 -0.208616 0.0831106 0.97446 0.502664 0 0 0 1 
13001298760100;0.754489;0.53148;0.983986 -0.00999534 -0.177963 0.0805749 -0.0427153 0.956109 -0.28988 -0.267609 0.17305 0.29284 0.940372 0.813842 0 0 0 1 
13001298760101;0.427244;0.400139;0.987393 0.135013 0.08262 0.811845 -0.127241 0.987497 -0.0930528 0.174867 -0.0941503 0.0813671 0.992227 0.244253 0 0 0 1 
13001298760102;0.55757;0.572077;0.998337 0.0249046 -0.0519982 0.411573 -0.0253144 0.999653 -0.00723715 -0.134853 0.0517999 0.00854142 0.998621 0.0418304 0 0 0 1 
13001298760103;0.502682;0.362398;0.995927 -0.0884253 -0.0175962 0.0537216 0.0883148 0.996068 -0.00696138 0.0248008 0.0181426 0.00537903 0.999821 -0.00672509 0 0 0 1 
13001298760104;0.301846;0.319448;0.885261 -0.46472 -0.0186645 -0.762047 0.464469 0.885438 -0.0163613 -1.79549 0.0241297 0.00581499 0.999692 -0.0467905 0 0 0 1 
13001298760105;0.905526;0.368751;0.985175 0.123115 -0.119472 0.8115 -0.137784 0.982735 -0.123477 0.304813 0.102207 0.138107 0.985129 -0.66669 0 0 0 1 
13001298760106;0.994487;0.433913;0.904977 -0.425173 -0.0156732 -0.864929 0.424524 0.899927 0.0995553 -2.39765 -0.0282235 -0.0967489 0.994909 0.574941 0 0 0 1 
13001298760107;0.0362635;0.290617;0.988508 -0.147565 -0.0328 -0.22575 0.147689 0.989033 0.00137793 -0.612207 0.0322369 -0.00620629 0.999461 -0.118678 0 0 0 1 
13001298760108;1.01768;0.428776;0.948155 -0.287286 -0.135898 -0.192576 0.284945 0.957837 -0.0367975 -1.0892 0.140739 -0.00383358 0.990039 -1.33671 0 0 0 1 
13001298760109;0.830454;0.370812;0.953708 -0.294908 -0.0589122 -0.249623 0.28409 0.947734 -0.145233 -0.93644 0.0986636 0.121774 0.987642 -0.609389 0 0 0 1 
13001298760110;0.923517;0.50538;0.979421 -0.197494 -0.0415926 -0.55618 0.195661 0.979669 -0.0443367 -0.767541 0.0495032 0.0352862 0.99815 0.551297 0 0 0 1 
13001298760111;0.26829;0.407398;0.899117 -0.437048 0.0240331 -0.852169 0.429912 0.892088 0.139125 -1.78523 -0.0822438 -0.114758 0.989983 0.0406464 0 0 0 1 
13001298760112;0.495558;0.563527;0.987465 0.015827 -0.157043 0.431572 0.00254086 0.993237 0.116076 0.0781722 0.157818 -0.11502 0.980746 -0.954008 0 0 0 1 
13001298760113;0.269314;0.447624;0.999977 -0.00305511 0.00597646 0.25805 0.0033782 0.998491 -0.0548189 -0.148277 -0.00579996 0.0548378 0.998478 -0.0474749 0 0 0 1 
13001298760114;0.734561;0.649021;0.829637 -0.557725 0.0253865 -1.05626 0.558279 0.828326 -0.0469126 -1.97869 0.005136 0.0530932 0.998576 0.165091 0 0 0 1 
13001298760115;0.321726;0.346746;0.98643 -0.164181 -4.38985e-05 -0.288055 0.16406 0.985715 -0.0380883 -0.77082 0.00629663 0.0375642 0.999274 -0.166677 0 0 0 1 
13001298760116;1.15818;0.503051;0.99757 0.0418247 -0.0557122 1.22133 -0.0554714 0.960684 -0.272046 0.127594 0.0421436 0.274475 0.96067 1.18351 0 0 0 1 
13001298760117;0.977589;0.449764;0.960942 -0.253104 -0.111935 -0.440734 0.219448 0.943303 -0.249043 -1.09966 0.168622 0.214752 0.962002 0.699757 0 0 0 1 
13001298760118;0.349631;0.484585;0.980678 0.184412 0.0652831 0.820067 -0.177659 0.979257 -0.0974327 0.220314 -0.0818967 0.0839521 0.993099 0.424514 0 0 0 1 
13001298760119;0.966956;0.422429;0.866912 -0.404931 -0.29068 -0.0740847 0.41742 0.908479 -0.0206582 -1.4509 0.272441 -0.103427 0.956597 -1.82762 0 0 0 1 
13001298760120;0.820899;0.418293;0.998585 -0.00543593 0.0528983 0.589664 0.00817245 0.998632 -0.0516538 -0.347373 -0.0525451 0.052013 0.997263 0.709965 0 0 0 1 
13001298760121;0.247186;0.307818;0.984284 -0.176593 -0.00025345 -0.309101 0.176133 0.981614 0.0735601 -0.648641 -0.0127414 -0.0724486 0.997291 -0.0297743 0 0 0 1 
13001298760122;0.958553;0.457057;0.996318 -0.0519899 -0.0681662 0.49442 0.0536596 0.998297 0.0228943 -1.12083 0.0668598 -0.0264678 0.997411 -0.108915 0 0 0 1 
13001298760124;1.10954;0.0620219;0.882278 -0.469266 0.0370792 -0.62476 0.462381 0.878708 0.118642 -3.3396 -0.0882563 -0.0875301 0.992245 -0.244849 0 0 0 1 
13001298760125;0.573277;0.0496238;0.940821 0.0328606 -0.337306 0.681547 0.0920388 0.933107 0.347621 -0.803943 0.326165 -0.358095 0.874863 -2.92146 0 0 0 1 
13001298760126;0.254431;0.0741774;0.952351 0.242862 -0.184515 1.10361 -0.235066 0.969912 0.0633538 1.01178 0.19435 -0.0169618 0.980786 -0.827177 0 0 0 1 
13001298760127;0.992788;0.0782636;0.916861 -0.345756 -0.199547 -0.650739 0.347846 0.937201 -0.0256423 -2.63404 0.195882 -0.0459013 0.979553 -1.15169 0 0 0 1 
13001298760128;0.0799235;0.0275831;0.998529 0.0541175 -0.00321819 0.177812 -0.0541856 0.998154 -0.027425 0.215993 0.00172808 0.027559 0.999619 0.119007 0 0 0 1 
13001298760129;0.127861;0.0658997;0.998491 -0.0282855 -0.0470685 0.030001 0.0280078 0.999586 -0.00654928 -0.0277548 0.0472343 0.00522112 0.99887 -0.151382 0 0 0 1 
13001298760130;0.557579;0.0635171;0.971367 -0.220429 -0.0886371 -0.618265 0.217259 0.975119 -0.0440692 -1.23649 0.0961458 0.0235502 0.995089 0.0856095 0 0 0 1 
13001298760131;0.697726;0.0490369;0.988526 -0.14936 -0.022543 0.0639012 0.14459 0.978825 -0.144901 -1.08375 0.043708 0.139979 0.989189 0.357945 0 0 0 1 
13001298760132;0.915785;0.0503804;0.974552 0.0277564 0.222436 0.126356 -0.0265515 0.999612 -0.00840628 0.225238 -0.222583 0.00228636 0.974911 0.24561 0 0 0 1 
13001298760133;0.526097;0.0720928;0.984816 0.157947 0.0720405 0.515278 -0.159705 0.986976 0.0192922 0.782418 -0.0680551 -0.0305045 0.997215 0.722737 0 0 0 1 
13001298760134;0.640051;0.0673406;0.994971 -0.0232873 -0.0974179 0.274748 0.0226257 0.999713 -0.00789089 0.0846345 0.0975737 0.00564706 0.995212 0.131693 0 0 0 1 
13001298760135;0.744448;0.0449277;0.888351 0.434714 -0.147836 2.06549 -0.438801 0.898567 0.00548376 1.87844 0.135224 0.0599989 0.988997 0.122162 0 0 0 1 
13001298760136;0.470128;0.0997941;0.993787 0.108802 -0.0234595 0.0746787 -0.108839 0.994059 -0.000339326 0.530236 0.0232832 0.00289053 0.999725 -0.326478 0 0 0 1 
13001298760137;0.306436;0.0704577;0.963247 0.0751561 0.25789 0.196225 -0.0168443 0.975072 -0.221247 0.0939888 -0.26809 0.208771 0.940501 2.06751 0 0 0 1 
13001298760138;0.926249;0.0670952;0.999816 -0.00541861 -0.0183913 -0.376885 0.00486057 0.99953 -0.0302531 -0.393058 0.0185466 0.0301581 0.999373 -0.610731 0 0 0 1 
13001298760139;0.738974;0.175595;0.986285 0.165051 -0.000289336 0.552999 -0.164863 0.985074 -0.0494952 0.769768 -0.00788422 0.0488641 0.998774 0.824401 0 0 0 1 
13001298760140;1.02616;0.0674597;0.984569 0.153412 -0.0841963 0.2845 -0.154343 0.988007 -0.00461372 0.542475 0.0824787 0.0175376 0.996439 -1.15515 0 0 0 1 
13001298760141;0.897713;0.0435772;0.954876 -0.213133 0.20685 -0.776571 0.243946 0.960081 -0.136876 -1.61518 -0.16942 0.18116 0.968751 2.01193 0 0 0 1 
13001298760142;0.158181;0.0633728;0.998878 0.00980268 0.0463361 0.000972578 -0.00497269 0.994646 -0.103226 0.21263 -0.0470999 0.102879 0.993578 0.588093 0 0 0 1 
13001298760143;0.631582;0.159069;0.968007 0.249069 -0.0304331 0.962599 -0.248489 0.9347 -0.254142 1.15792 -0.0348532 0.253574 0.966688 1.4081 0 0 0 1 
13001298760144;0.855274;0.0714995;0.986678 -0.0930006 -0.133482 0.560174 0.0986663 0.994452 0.0364638 -0.464537 0.129351 -0.0491482 0.99038 -0.339429 0 0 0 1 
13001298760145;0.0426315;0.0161394;0.999935 -0.00914703 -0.00685872 -0.0272494 0.00903021 0.999817 -0.0168739 -0.0165248 0.00701181 0.0168109 0.999834 0.0635584 0 0 0 1 
13001298760146;0.950154;0.094422;0.994807 0.0139063 -0.100827 0.169655 -0.0129481 0.999865 0.0101517 0.0116205 0.100955 -0.00879343 0.994852 0.399421 0 0 0 1 
13001298760147;0.397392;0.0616566;0.935675 0.128149 -0.328772 0.924829 -0.222137 0.937848 -0.26664 1.07114 0.274168 0.322521 0.905987 -0.168993 0 0 0 1 
13001298760148;0.554781;0.0596061;0.997882 -0.060327 0.024343 -0.165746 0.0637316 0.981629 -0.17984 -0.430763 -0.0130466 0.18101 0.983395 0.186998 0 0 0 1 
13001298760149;0.73823;0.0591843;0.999312 -0.0345148 -0.0135808 -0.0583079 0.0341935 0.999146 -0.0232176 0.234004 0.0143706 0.0227373 0.999638 0.617158 0 0 0 1 
13001298760150;0.886242;0.0939787;0.97312 -0.229919 0.0132207 -0.238006 0.230272 0.972276 -0.0406839 -1.51 -0.00350015 0.0426347 0.999085 -0.389583 0 0 0 1 
13001298760151;1.10427;0.0589555;0.921374 0.338311 0.191352 2.22085 -0.369095 0.91587 0.157957 1.81592 -0.121815 -0.216164 0.968728 -0.0253115 0 0 0 1 
13001298760152;0.722566;0.0637665;0.952841 0.230832 0.197003 0.352368 -0.16131 0.935118 -0.315489 0.536083 -0.257046 0.268832 0.928255 2.36015 0 0 0 1 
13001298760153;0.343462;0.0722104;0.938345 0.317844 -0.135953 1.41025 -0.339238 0.922291 -0.185194 1.49411 0.0665253 0.219896 0.973252 0.384742 0 0 0 1 
13001298760155;0.0682714;0.432065;0.996796 -0.0787704 -0.0139033 -0.42946 0.0782909 0.996411 -0.0321918 -0.494028 0.0163891 0.0310002 0.999385 0.0462729 0 0 0 1 
13001298760156;0.228778;0.632578;0.996755 -0.0714521 -0.0370687 -0.640643 0.0655889 0.987895 -0.140579 -0.084774 0.0466647 0.137692 0.989375 -0.148628 0 0 0 1 
13001298760157;0.606065;0.569989;0.980794 0.182308 -0.0693318 -1.0056 -0.186881 0.980134 -0.0664297 0.314348 0.0558438 0.0781107 0.995379 0.0637315 0 0 0 1 
13001298760158;0.344682;0.661112;0.952959 0.0393881 -0.300529 -0.219245 -0.0486927 0.998537 -0.0235308 0.212105 0.299162 0.0370574 0.953482 -1.14828 0 0 0 1 
13001298760159;0.780294;0.71626;0.999963 0.00604705 0.00608349 -0.0231431 -0.00626473 0.999317 0.0364237 -0.0548902 -0.00585908 -0.0364605 0.999318 -0.313394 0 0 0 1 
13001298760160;0.374691;1.06379;0.936327 -0.309988 -0.164923 -0.696955 0.334349 0.930579 0.149108 -2.11295 0.107252 -0.194756 0.97497 -0.0757056 0 0 0 1 
13001298760161;0.829311;0.464633;0.95772 0.059331 0.281516 -1.20568 -0.076603 0.99577 0.0507405 0.102369 -0.277315 -0.0701602 0.958214 1.20001 0 0 0 1 
13001298760162;0.477774;0.585924;0.996347 -0.00400157 -0.0853018 -0.726426 -0.0220165 0.953095 -0.301869 -0.176064 0.0825086 0.302644 0.949526 0.175303 0 0 0 1 
13001298760163;0.737936;0.700362;0.996321 -0.0810594 0.0278076 -0.334336 0.0814748 0.996575 -0.0141427 -0.884916 -0.026566 0.0163563 0.999513 0.361328 0 0 0 1 
13001298760164;0.306679;0.621373;0.994033 0.0393068 -0.101751 -0.605467 -0.0650291 0.96247 -0.263481 0.343209 0.0875757 0.268525 0.959283 -0.151279 0 0 0 1 
13001298760165;0.655134;0.604785;0.976061 -0.217133 0.0125836 -1.10517 0.215875 0.974209 0.0656893 -1.01528 -0.0265224 -0.0614002 0.997761 -0.248545 0 0 0 1 
13001298760166;0.142166;0.497282;0.998857 0.0418124 0.0231574 -0.552923 -0.0407966 0.998254 -0.0427256 0.0665729 -0.0249034 0.041732 0.998818 0.134082 0 0 0 1 
13001298760167;0.73402;1.06461;0.986117 0.0927355 0.137743 -0.58592 -0.0840012 0.994147 -0.0679362 -0.461939 -0.143237 0.0554225 0.988135 1.0447 0 0 0 1 
13001298760168;0.457979;0.911544;0.98878 0.145318 -0.0345827 -0.575516 -0.148534 0.98105 -0.124414 0.0479377 0.0158477 0.128155 0.991628 -0.174238 0 0 0 1 
13001298760169;0.0971797;0.834827;0.997531 0.0649191 -0.0267945 -0.901445 -0.0590727 0.981921 0.179835 -0.141163 0.0379848 -0.177808 0.983332 -0.253157 0 0 0 1 
13001298760170;0.865636;0.878336;0.986373 -0.0236298 -0.162817 -1.00317 0.0102319 0.996527 -0.0826402 -0.213798 0.164204 0.0798482 0.983189 -0.019099 0 0 0 1 
13001298760171;0.53187;0.563384;0.992059 -0.12527 -0.0112344 -0.660854 0.121945 0.936155 0.329762 -0.947338 -0.0307922 -0.328513 0.943997 0.597973 0 0 0 1 
13001298760172;0.399772;0.578442;0.98774 0.0440919 0.149751 -0.272737 -0.0704059 0.982003 0.175253 -0.19177 -0.139329 -0.183648 0.973068 0.741045 0 0 0 1 
13001298760173;0.409814;1.09155;0.974118 0.145218 0.17322 -0.923232 -0.135949 0.988628 -0.0642866 -0.101807 -0.180586 0.0390736 0.982783 0.726591 0 0 0 1 
13001298760174;0.230776;0.630191;0.994852 0.0895934 -0.0473553 -0.680662 -0.0906042 0.995693 -0.0196426 0.113682 0.0453915 0.0238321 0.998685 0.117558 0 0 0 1 
13001298760175;0.184973;0.55131;0.970104 0.0933515 -0.224016 -0.401206 -0.0950307 0.995469 0.00329819 0.147812 0.223309 0.0180888 0.97458 -1.02297 0 0 0 1 
13001298760176;0.684651;0.720579;0.992163 -0.100401 0.0743792 -0.800775 0.0789953 0.96523 0.249182 -1.23122 -0.0968111 -0.241353 0.965596 -0.098144 0 0 0 1 
13001298760177;0.712892;0.844114;0.997605 0.0685534 0.00922387 -0.527924 -0.0635792 0.961292 -0.268094 0.113653 -0.0272456 0.266866 0.963349 -0.10565 0 0 0 1 
13001298760178;0.372998;0.787008;0.99181 0.118253 0.0482602 -0.562023 -0.116169 0.992258 -0.0439242 -0.0843134 -0.0530807 0.0379582 0.997869 0.180674 0 0 0 1 
13001298760179;0.364497;1.15208;0.924471 -0.367993 0.0996675 -0.868899 0.328332 0.901338 0.282467 -2.27416 -0.19378 -0.228409 0.954085 0.811546 0 0 0 1 
13001298760180;0.444705;0.800023;0.933466 -0.260736 -0.246289 -0.399214 0.337231 0.871867 0.355138 -1.93289 0.122134 -0.414565 0.901786 -0.664349 0 0 0 1 
13001298760181;0.327893;0.485752;0.978162 -0.00898802 0.207648 -0.730812 0.0312768 0.994053 -0.104307 -0.153072 -0.205476 0.108524 0.972627 0.715756 0 0 0 1 
13001298760182;0.549357;1.08965;0.982502 -0.171347 -0.0730029 -0.973542 0.172479 0.984968 0.00945457 -1.44752 0.0702855 -0.0218806 0.997287 0.0551842 0 0 0 1 
13001298760183;0.363905;0.645965;0.985472 -0.0707652 -0.154393 -0.547223 0.0998189 0.97681 0.189416 -0.664534 0.137409 -0.202076 0.969683 -0.132547 0 0 0 1 
13001298760184;0.185151;0.52003;0.995976 0.0164706 -0.0880897 -0.420685 -0.0129813 0.999114 0.0400382 -0.413554 0.088671 -0.0387336 0.995308 -0.278824 0 0 0 1 
13001298760186;0.752269;0.538723;0.984862 -0.173188 -0.00732706 -0.322642 0.173076 0.984811 -0.0138437 -0.567482 0.00961333 0.012366 0.999877 0.416218 0 0 0 1 
13001298760187;1.11885;0.367318;0.870376 -0.490358 0.0446669 -0.322954 0.491834 0.870113 -0.0316596 -2.21414 -0.0233407 0.0495245 0.9985 0.424297 0 0 0 1 
13001298760188;1.47853;0.546479;0.97827 -0.206552 -0.01799 -0.314214 0.183057 0.901208 -0.392828 -0.400868 0.0973521 0.380999 0.919436 -0.070915 0 0 0 1 
13001298760189;0.694353;0.456002;0.992047 0.0836657 0.0940329 0.352069 -0.0800445 0.995921 -0.0416497 -0.330249 -0.0971339 0.0337916 0.994698 0.0978443 0 0 0 1 
13001298760190;1.04867;0.452128;0.933777 -0.340937 -0.108734 -0.589007 0.340395 0.939974 -0.0240823 -1.92461 0.110418 -0.0145251 0.993779 -0.511493 0 0 0 1 
13001298760191;0.608395;0.621632;0.999816 0.0185093 -0.00503832 0.0325702 -0.0185325 0.999818 -0.00458556 -0.317363 0.00495253 0.00467809 0.999977 -0.260282 0 0 0 1 
13001298760192;0.728377;1.26985;0.934896 -0.330689 0.128898 -0.588929 0.331873 0.943237 0.0128162 -1.51359 -0.12582 0.0307959 0.991575 0.828183 0 0 0 1 
13001298760193;0.223967;0.585158;0.968306 -0.249392 -0.0136593 -0.485692 0.249753 0.967362 0.0428374 -0.99123 0.00253021 -0.0448912 0.998989 -0.131518 0 0 0 1 
13001298760194;0.894476;1.3427;0.988561 -0.134993 0.0672642 -0.392234 0.122037 0.977995 0.16921 -1.57348 -0.0886263 -0.159066 0.983282 -0.628984 0 0 0 1 
13001298760195;0.58478;1.312;0.985048 0.169444 0.0311386 0.386705 -0.169322 0.985539 -0.00654328 -0.410751 -0.0317971 0.00117299 0.999494 0.313111 0 0 0 1 
13001298760196;0.904607;0.804533;0.971253 -0.238013 -0.00427438 -0.744958 0.238035 0.97082 0.0291072 -0.850803 -0.00277825 -0.0292879 0.999567 -0.335206 0 0 0 1 
13001298760197;0.286883;0.565141;0.941202 -0.337401 -0.0173028 -0.556782 0.337605 0.941228 0.0105832 -1.50402 0.0127151 -0.0158024 0.999794 -0.0407295 0 0 0 1 
13001298760198;1.24998;1.18267;0.981361 0.162983 0.10182 0.228579 -0.161828 0.986625 -0.019563 0.174069 -0.103647 0.00272104 0.99461 -0.184207 0 0 0 1 
13001298760199;1.55468;0.479423;0.937868 -0.12536 -0.323557 0.421998 0.11785 0.992109 -0.042784 -0.444652 0.326367 0.00199468 0.945241 -1.69709 0 0 0 1 
13001298760200;0.663257;0.587765;0.982404 -0.185035 0.0253684 -0.53701 0.184458 0.98256 0.0234747 -1.25686 -0.0292696 -0.0183823 0.999403 0.00952741 0 0 0 1 
13001298760201;0.427557;1.03105;0.999007 -0.0284755 0.0342798 -0.137397 0.0180597 0.961919 0.272739 -0.975323 -0.0407407 -0.271849 0.961477 -0.733753 0 0 0 1 
13001298760202;1.14516;1.36476;0.950138 -0.288648 -0.117981 -0.327482 0.310907 0.905973 0.287315 -2.31798 0.0239552 -0.309671 0.950542 -1.5111 0 0 0 1 
13001298760203;0.345194;0.630047;0.998793 0.0314238 -0.0377596 0.155406 -0.0291419 0.997801 0.0595337 -0.234151 0.0395473 -0.0583614 0.997512 -0.204758 0 0 0 1 
13001298760204;0.987501;0.655633;0.947336 -0.319006 0.0280921 -0.954504 0.318713 0.947741 0.01448 -1.06484 -0.0312432 -0.00476413 0.9995 -0.469956 0 0 0 1 
13001298760205;1.27725;0.600405;0.94746 -0.312777 0.0670052 0.0240565 0.315234 0.94855 -0.0296553 -1.33219 -0.0542823 0.0492195 0.997312 0.700239 0 0 0 1 
13001298760206;0.732057;1.34303;0.99179 0.00850619 0.127596 -0.147528 0.0289081 0.957043 -0.288501 -0.847279 -0.124569 0.289821 0.94894 1.43684 0 0 0 1 
13001298760207;0.280311;0.489241;0.934549 -0.316525 -0.162575 -0.430111 0.321583 0.946868 0.00509193 -1.21013 0.152326 -0.0570402 0.986683 -0.422221 0 0 0 1 
13001298760208;0.976835;0.413648;0.994313 -0.104083 0.0225315 -0.0858603 0.10438 0.99446 -0.0124214 -0.963962 -0.0211138 0.0147026 0.999669 0.485272 0 0 0 1 
13001298760209;0.510095;0.476257;0.988424 -0.148755 -0.0298142 -0.148423 0.148383 0.988826 -0.0143535 -0.754321 0.0316162 0.00976344 0.999452 -0.116203 0 0 0 1 
13001298760210;0.786915;0.571861;0.94565 -0.266237 0.186719 -0.677573 0.271777 0.962351 -0.00424458 -0.686566 -0.17856 0.0547599 0.982404 0.359072 0 0 0 1 
13001298760211;0.331308;0.580989;0.982461 -0.1535 0.105866 -0.323037 0.13533 0.97755 0.1615 -0.808527 -0.128279 -0.144341 0.981178 0.115439 0 0 0 1 
13001298760212;0.525518;0.377;0.989215 -0.0170042 0.145482 -0.371876 0.0164645 0.999852 0.00491339 -0.28088 -0.145544 -0.0024651 0.989349 0.218939 0 0 0 1 
13001298760213;1.26584;0.795392;0.971232 -0.238083 0.00500353 -0.0496473 0.236779 0.963246 -0.126858 -0.990663 0.025383 0.124393 0.991908 0.970925 0 0 0 1 
13001298760214;1.19532;1.48104;0.951858 -0.143382 0.270938 0.105198 0.108786 0.984337 0.138729 -0.782165 -0.286586 -0.102575 0.952548 0.776074 0 0 0 1 
13001298760215;0.473246;1.31079;0.997741 0.0539564 0.0400186 0.0675606 -0.056026 0.997046 0.052536 -0.951132 -0.0370658 -0.0546594 0.997817 -0.0426387 0 0 0 1 
13001298760217;0.222897;0.191948;0.994726 -0.0836852 -0.0593046 -0.0801206 0.0852377 0.996068 0.0241467 -0.42122 0.0570507 -0.0290743 0.997948 -0.123203 0 0 0 1 
13001298760218;0.56062;0.213663;0.977014 0.114413 0.179868 0.661237 -0.15212 0.965298 0.212272 0.223461 -0.149339 -0.234754 0.960515 0.0250604 0 0 0 1 
13001298760219;1.35156;0.1929;0.996032 -0.0889917 0.00117716 -0.263802 0.0889819 0.995484 -0.0330648 -0.0368111 0.00177064 0.0330383 0.999453 1.09925 0 0 0 1 
13001298760220;0.477483;0.201196;0.907766 -0.222302 0.355728 -0.169951 0.174417 0.971274 0.161882 -0.643978 -0.381496 -0.0849066 0.920463 1.50856 0 0 0 1 
13001298760221;0.489369;0.187751;0.953148 -0.132409 0.271988 -0.170429 0.0996801 0.986376 0.13087 -0.643018 -0.285611 -0.0976262 0.95336 1.09875 0 0 0 1 
13001298760222;1.04527;0.187265;0.997971 0.0358614 0.0526033 -0.21745 -0.0474983 0.969579 0.240126 -0.452122 -0.0423918 -0.242138 0.969315 -0.77121 0 0 0 1 
13001298760223;0.25956;0.26359;0.973461 0.100647 0.205535 0.297049 -0.108476 0.993728 0.0271541 0.466344 -0.201513 -0.048729 0.978273 0.653984 0 0 0 1 
13001298760224;0.137794;0.157934;0.999289 0.00896848 -0.0366278 0.0848458 -0.00968297 0.999765 -0.0193764 0.0886778 0.0364455 0.0197173 0.999141 0.0794153 0 0 0 1 
13001298760225;1.05742;0.255203;0.905363 -0.0316872 0.423455 -0.413339 0.0499389 0.998237 -0.0320729 -0.414631 -0.421692 0.0501845 0.905349 1.95178 0 0 0 1 
13001298760226;1.15936;0.169928;0.989507 0.144215 0.00880089 -0.0765299 -0.144043 0.989412 -0.0177844 0.40704 -0.0112725 0.0163301 0.999803 0.751471 0 0 0 1 
13001298760227;0.324156;0.167974;0.935718 0.337652 -0.102088 1.38487 -0.348993 0.928254 -0.128637 1.21639 0.0513292 0.155996 0.986423 0.365088 0 0 0 1 
13001298760228;1.39459;0.157453;0.938887 -0.114779 0.324525 -0.581919 0.224522 0.918817 -0.324599 -0.0505965 -0.260922 0.377625 0.888436 1.89407 0 0 0 1 
13001298760229;0.664996;0.278821;0.967302 -0.049895 0.248671 -0.115099 -0.0112246 0.971076 0.238506 -0.11211 -0.253379 -0.233498 0.938764 0.778685 0 0 0 1 
13001298760230;0.977712;0.172865;0.955441 -0.293572 0.0307839 -0.472397 0.289214 0.951885 0.10134 -1.5451 -0.0590534 -0.0879215 0.994375 -0.481336 0 0 0 1 
13001298760231;0.367575;0.53785;0.954391 0.0556693 0.293325 0.328684 -0.0708472 0.996629 0.0413682 -0.048786 -0.290033 -0.0602627 0.955117 0.966397 0 0 0 1 
13001298760232;0.090517;0.156609;0.997872 0.0196837 -0.0621656 0.20569 -0.0213491 0.999428 -0.0262398 0.138036 0.0616135 0.0275111 0.997721 -0.0966505 0 0 0 1 
13001298760233;0.668099;0.217724;0.970296 -0.240065 -0.0299263 -0.0742088 0.240018 0.970755 -0.00518204 -0.592254 0.0302951 -0.00215476 0.999539 0.02986 0 0 0 1 
13001298760234;0.755306;0.222894;0.991493 0.114185 -0.0624775 0.321187 -0.107595 0.989126 0.100264 0.113904 0.0732468 -0.0926888 0.992997 -0.00300899 0 0 0 1 
13001298760235;0.973297;0.241914;0.999563 -0.0206868 -0.0211068 0.152236 0.0213283 0.999303 0.030635 -0.709099 0.0204583 -0.0310718 0.999308 -0.291575 0 0 0 1 
13001298760236;0.97211;0.182512;0.955723 -0.113424 -0.27153 0.289914 0.158168 0.97611 0.148973 -0.76352 0.248146 -0.185324 0.950831 -1.92571 0 0 0 1 
13001298760237;0.48343;0.277349;0.999086 0.0168995 0.039255 0.189807 -0.0165728 0.999825 -0.00863286 -0.14691 -0.039394 0.00797441 0.999192 0.0746176 0 0 0 1 
13001298760238;0.245894;0.154298;0.998324 0.0553109 -0.0170298 0.273151 -0.0566779 0.993914 -0.09446 0.141901 0.0117014 0.0952669 0.995383 0.400256 0 0 0 1 
13001298760239;0.597612;0.264076;0.937834 0.345523 -0.0328845 1.43011 -0.343768 0.93776 0.0492858 1.07317 0.0478671 -0.0349172 0.998243 -0.509386 0 0 0 1 
13001298760240;0.379328;0.263819;0.997122 -0.074865 0.0119846 -0.0204793 0.0744982 0.996812 0.0285773 -0.199054 -0.0140859 -0.0276022 0.99952 0.339901 0 0 0 1 
13001298760241;0.905295;0.303257;0.996383 -0.0773169 -0.0352452 0.548314 0.0826208 0.978434 0.189318 -0.19238 0.0198476 -0.191545 0.981283 -0.667422 0 0 0 1 
13001298760242;0.886526;0.22411;0.91921 -0.349893 0.180631 -0.954781 0.332081 0.935342 0.121892 -1.40276 -0.211601 -0.0520599 0.975969 0.29135 0 0 0 1 
13001298760243;0.836676;0.210387;0.951716 0.252535 0.174535 1.06824 -0.228707 0.962546 -0.145598 0.579502 -0.204767 0.098651 0.973827 0.659752 0 0 0 1 
13001298760244;1.22657;0.179938;0.992515 0.122044 0.00431357 1.02717 -0.121833 0.991983 -0.0335741 0.627646 -0.00837651 0.0327973 0.999427 0.853578 0 0 0 1 
13001298760245;1.14759;0.21498;0.999231 -0.0387128 -0.00624675 -0.730222 0.0379743 0.995026 -0.0920884 0.182952 0.00978069 0.0917803 0.995731 0.0147231 0 0 0 1 
13001298760246;0.304771;0.223189;0.945458 0.269735 -0.182624 1.15631 -0.276053 0.961094 -0.0096144 1.0058 0.172926 0.0595039 0.983136 -0.476473 0 0 0 1 
13001298760248;0.0489943;0.814949;0.947914 -0.315237 0.0456494 -1.03461 0.315913 0.948752 -0.00824349 -1.70921 -0.0407113 0.0222354 0.998924 0.191601 0 0 0 1 
13001298760249;0.420407;0.633505;0.959976 -0.279677 -0.0150824 -1.0042 0.279744 0.960072 0.00243907 -1.59888 0.013798 -0.00656065 0.999883 -0.324675 0 0 0 1 
13001298760250;0.517589;0.839858;0.95218 -0.282076 0.117412 -1.03839 0.282445 0.959184 0.0138314 -1.55338 -0.116521 0.0199925 0.992987 0.879832 0 0 0 1 
13001298760251;0.918817;0.706466;0.926915 -0.358408 0.111235 -0.516636 0.353443 0.933385 0.0622168 -1.41762 -0.126124 -0.0183544 0.991845 0.0411229 0 0 0 1 
13001298760252;0.624083;0.986015;0.957403 -0.28785 0.0228517 -1.36507 0.288695 0.955817 -0.0553906 -1.21931 -0.00589792 0.0596283 0.998203 0.305551 0 0 0 1 
13001298760253;0.848575;0.731963;0.983294 -0.153741 0.0974508 -0.322286 0.148914 0.987316 0.055054 -0.98046 -0.104679 -0.0396225 0.993716 0.713672 0 0 0 1 
13001298760254;0.316984;0.775936;0.902554 -0.418073 0.103009 -1.23394 0.430557 0.878565 -0.206745 -2.05892 -0.00406615 0.23095 0.972957 0.876717 0 0 0 1 
13001298760255;0.292142;0.732173;0.986436 -0.0483002 -0.156876 -0.289588 0.049574 0.998762 0.00421481 -0.693132 0.156478 -0.0119346 0.987609 -0.587368 0 0 0 1 
13001298760256;0.288912;0.838308;0.930505 -0.364446 0.0365941 -1.17285 0.365154 0.93083 -0.0147761 -2.04207 -0.0286778 0.0271117 0.999221 0.369821 0 0 0 1 
13001298760257;0.0896223;0.857264;0.929829 -0.334557 0.153262 -1.12115 0.327432 0.942253 0.0703443 -1.84514 -0.167946 -0.0152253 0.985679 0.478332 0 0 0 1 
13001298760258;0.918056;1.03912;0.997842 0.0371811 0.0541151 0.288354 -0.040125 0.997714 0.0543706 -0.0190583 -0.0519698 -0.0564246 0.997053 0.0431459 0 0 0 1 
13001298760259;0.628443;0.762305;0.944694 -0.319635 0.0733877 -1.37739 0.316738 0.947272 0.0485113 -1.46712 -0.085024 -0.0225836 0.996123 -0.261615 0 0 0 1 
13001298760260;0.777086;0.769398;0.882696 -0.454946 0.117775 -1.78455 0.456865 0.889459 0.0117379 -1.71302 -0.110096 0.0434465 0.992971 0.436475 0 0 0 1 
