#;prob_registration_l1 -r /home/probabilistic_point_clouds_registration/build/tester /home/point_clouds_registration_benchmark//devel/registration_pairs/box_met_local.txt /home/point_clouds_registration_benchmark//planetary/box_met -s 0.2 -t 0.2 -p 0.3 -r 1000 -m 1 -i 40 
id;initial_error;final_error;transformation
7680147070000;1.79635;4.49665;0.868531 0.211813 0.448094 -10.8911 -0.151619 0.974287 -0.166664 -3.88436 -0.471874 0.0768135 0.878314 -33.1891 0 0 0 1 
7680147070001;0.811107;4.33476;0.976788 0.194204 0.0903843 -7.0276 -0.169875 0.959336 -0.225426 -4.145 -0.130488 0.20484 0.970059 -13.138 0 0 0 1 
7680147070002;1.49386;4.51322;0.966701 -0.0101907 -0.255705 -5.1406 -0.0579462 0.964537 -0.257508 1.90394 0.249261 0.26375 0.931829 7.10423 0 0 0 1 
7680147070003;0.946768;4.43407;0.991855 0.126896 0.0110002 -5.50825 -0.122614 0.97462 -0.187303 -2.47108 -0.034489 0.184428 0.982241 -5.40067 0 0 0 1 
7680147070004;1.43077;4.70671;0.999309 -0.0301123 -0.0217854 -2.67258 0.0269386 0.990665 -0.13363 4.74159 0.025606 0.132951 0.990792 -2.00456 0 0 0 1 
7680147070005;0.312811;4.62746;0.986453 0.150629 0.0649739 -5.94878 -0.15212 0.988187 0.0186229 -2.55203 -0.0614012 -0.0282544 0.997713 -4.63823 0 0 0 1 
7680147070006;1.56238;4.47252;0.99817 0.0595653 -0.010404 -3.54675 -0.059336 0.998015 0.0211073 1.46174 0.0116406 -0.0204513 0.999723 -2.12952 0 0 0 1 
7680147070007;1.77223;4.85267;0.958305 0.166096 0.232515 -6.79132 -0.218788 0.94991 0.223166 -4.56657 -0.183802 -0.264732 0.946643 -10.1307 0 0 0 1 
7680147070008;0.368314;4.73427;0.975104 0.202036 0.091399 -7.22098 -0.20342 0.979073 0.00598841 -5.23445 -0.0882764 -0.0244317 0.995796 -6.13298 0 0 0 1 
7680147070009;2.02654;4.31947;0.9991 0.0347993 0.0242557 -4.17879 -0.0327937 0.99636 -0.0786828 2.74618 -0.0269055 0.0778166 0.996605 -7.11534 0 0 0 1 
7680147070010;1.67484;4.49013;0.992242 0.0205202 -0.122612 -3.80341 -0.0218625 0.999715 -0.00961213 4.17037 0.12238 0.0122182 0.992408 7.8496 0 0 0 1 
7680147070011;1.58383;4.4629;0.96991 0.0619477 0.235449 -5.03805 0.0245413 0.937285 -0.3477 4.70057 -0.242222 0.343016 0.907562 -20.1108 0 0 0 1 
7680147070012;1.55669;4.16901;0.993776 0.0867488 0.0698802 -5.6404 -0.0704006 0.975268 -0.209515 0.72636 -0.0863271 0.203291 0.975305 -8.16155 0 0 0 1 
7680147070013;1.90796;4.8039;0.996877 0.0762149 0.0206851 -4.51181 -0.0787779 0.978063 0.192837 2.31564 -0.00553423 -0.193864 0.981013 -1.00277 0 0 0 1 
7680147070014;1.7784;4.38366;0.989801 0.141254 -0.0184624 -5.64584 -0.142302 0.986415 -0.0820748 -2.07391 0.00661813 0.0838649 0.996455 -4.75234 0 0 0 1 
7680147070015;0.363704;4.38595;0.998622 0.00503716 -0.0522419 -3.94886 0.0146611 0.928986 0.369824 9.83658 0.0503948 -0.37008 0.927632 7.89109 0 0 0 1 
7680147070016;0.265959;4.47002;0.995143 0.0940637 0.0290358 -4.72801 -0.0953968 0.994254 0.0485669 0.731838 -0.0243006 -0.0511009 0.998398 -2.14769 0 0 0 1 
7680147070017;0.994504;4.4205;0.996641 -0.0817502 0.00481951 -2.19983 0.0816892 0.996589 0.0117143 10.2393 -0.00576072 -0.0112813 0.99992 -2.61348 0 0 0 1 
7680147070018;1.14391;4.64278;0.928205 0.103422 -0.357408 -12.4371 -0.101215 0.994552 0.0249312 0.634118 0.358039 0.0130338 0.933616 19.3855 0 0 0 1 
7680147070019;1.59901;4.32448;0.997243 0.069137 0.0269565 -3.26588 -0.069263 0.997591 0.00376783 2.96309 -0.0266311 -0.00562453 0.99963 -2.44929 0 0 0 1 
7680147070020;1.99055;4.37653;0.967921 0.0972449 0.231672 -7.29042 -0.120983 0.988518 0.0905316 -0.252457 -0.220208 -0.115656 0.968572 -10.9595 0 0 0 1 
7680147070021;1.30849;4.38126;0.967746 -0.0552356 -0.245797 -5.38544 0.103434 0.976758 0.18774 13.9639 0.229714 -0.207108 0.950967 14.3166 0 0 0 1 
7680147070022;0.490232;4.50271;0.998185 -0.00749295 0.0597564 -2.67921 0.0047958 0.998969 0.045152 6.1736 -0.0600331 -0.0447835 0.997191 -3.54568 0 0 0 1 
7680147070023;1.93092;4.16432;0.985205 0.162196 0.0553526 -6.00333 -0.15286 0.977681 -0.144131 -1.56732 -0.0774946 0.133537 0.988009 -7.42242 0 0 0 1 
7680147070024;2.01577;4.95581;0.982355 0.129347 -0.135086 -5.63451 -0.100754 0.974514 0.200426 0.7146 0.157568 -0.183279 0.970351 9.67904 0 0 0 1 
7680147070025;1.53658;4.44155;0.959462 -0.0346491 -0.279701 -5.71862 -0.00199473 0.991555 -0.129675 3.68906 0.281832 0.124976 0.951289 10.8429 0 0 0 1 
7680147070026;1.23157;4.69962;0.982271 0.17803 0.0587253 -6.27626 -0.18238 0.979996 0.079656 -2.93335 -0.0433694 -0.0889541 0.995091 -0.915812 0 0 0 1 
7680147070027;1.05263;4.31079;0.931154 0.0973302 0.351395 -7.67642 -0.151133 0.980057 0.129027 -2.25169 -0.331829 -0.173251 0.927294 -18.1301 0 0 0 1 
7680147070028;0.137424;4.42638;0.997386 0.0672832 0.0263413 -3.97914 -0.0676413 0.997626 0.0129468 1.73136 -0.0254076 -0.0146947 0.999569 -2.42124 0 0 0 1 
7680147070029;1.81513;4.09491;0.99582 0.0674756 -0.0615663 -5.53723 -0.0689616 0.997369 -0.0223366 3.47269 0.0598971 0.026489 0.997853 2.34487 0 0 0 1 
7680147070031;0.429088;1.90558;0.974293 -0.0323396 -0.22295 -4.47017 0.0330009 0.999455 -0.000760009 1.93926 0.222853 -0.00661708 0.97483 1.16018 0 0 0 1 
7680147070032;0.91489;2.04063;0.994572 -0.0233111 0.101406 -2.26835 0.0141532 0.995831 0.0901095 3.09037 -0.103083 -0.0881852 0.990756 -0.0645416 0 0 0 1 
7680147070033;0.415478;1.75147;0.977772 0.0108456 0.209388 -3.02939 0.0534633 0.952753 -0.299005 1.30873 -0.202738 0.303553 0.930996 -9.86971 0 0 0 1 
7680147070034;0.600344;1.91946;0.985113 -0.0643856 -0.159397 -3.31639 0.03537 0.983288 -0.178587 1.26242 0.168231 0.17029 0.970927 -2.1404 0 0 0 1 
7680147070035;0.44843;1.78179;0.99728 -0.01731 0.0716398 -2.96191 0.0023902 0.979113 0.203305 2.40236 -0.0736627 -0.202581 0.976491 2.50621 0 0 0 1 
7680147070036;0.879785;1.75373;0.999664 -0.0254704 -0.00489491 -4.60641 0.0252735 0.999004 -0.0367828 2.3629 0.0058269 0.0366467 0.999311 -1.66234 0 0 0 1 
7680147070037;0.82527;1.90177;0.999445 -0.0164694 0.0289646 -3.10577 0.0158196 0.999621 0.0225228 2.22507 -0.0293246 -0.0220521 0.999327 1.33726 0 0 0 1 
7680147070038;0.802274;1.81734;0.978101 -0.0430882 0.20362 -2.51882 -0.0174966 0.957849 0.286737 4.45183 -0.207392 -0.284021 0.93612 3.90798 0 0 0 1 
7680147070039;1.33952;1.91034;0.999231 0.0368103 0.0134724 -6.52018 -0.0370685 0.999124 0.0194424 1.80856 -0.0127449 -0.0199268 0.99972 0.677731 0 0 0 1 
7680147070040;0.158831;1.87573;0.999752 -0.0157182 -0.0157873 -3.42115 0.0136157 0.992009 -0.125432 1.13532 0.0176327 0.125186 0.991977 -3.0887 0 0 0 1 
7680147070041;1.36617;1.90072;0.998766 -0.0218675 0.0446002 -3.33148 0.0205193 0.999325 0.0304648 2.03757 -0.0452363 -0.0295121 0.99854 -3.2712 0 0 0 1 
7680147070042;0.46675;1.81777;0.996083 0.00748543 0.0881059 -3.15147 0.0112282 0.977637 -0.21 1.00959 -0.0877076 0.210167 0.973723 -6.71788 0 0 0 1 
7680147070043;1.14629;1.80614;0.963901 0.0407192 0.263128 -1.49721 0.0198132 0.974528 -0.223389 0.199899 -0.265522 0.220538 0.938542 -7.67207 0 0 0 1 
7680147070044;0.702038;1.84454;0.999433 -0.0124172 -0.0313024 -3.60186 0.0145027 0.997627 0.0673015 2.35944 0.0303924 -0.0677173 0.997242 2.62124 0 0 0 1 
7680147070045;0.887978;1.88809;0.999175 -0.0100916 0.0393423 -3.42468 0.0105423 0.999881 -0.0112665 2.32247 -0.0392239 0.011672 0.999162 -2.47233 0 0 0 1 
7680147070046;0.520495;1.8745;0.993005 -0.0380861 0.111759 -2.38467 0.0573823 0.982914 -0.17489 1.63839 -0.103189 0.180079 0.978225 -6.53787 0 0 0 1 
7680147070047;1.3778;2.03095;0.996943 0.0260717 -0.0736501 -6.80889 -0.00456713 0.960514 0.278195 4.55935 0.0779949 -0.277008 0.957697 7.41335 0 0 0 1 
7680147070048;1.12108;1.92148;0.999957 -0.00892115 0.00271597 -1.56196 0.00904412 0.998745 -0.0492556 0.518547 -0.00227315 0.049278 0.998783 -1.06175 0 0 0 1 
7680147070049;0.932757;1.93404;0.997354 -0.045324 -0.0568405 -3.71381 0.0362494 0.987778 -0.151591 2.31145 0.0630166 0.14913 0.986808 -1.78673 0 0 0 1 
7680147070050;1.2993;1.81345;0.957482 -0.0565521 -0.282895 -6.32403 0.0195866 0.991079 -0.131829 1.71851 0.287827 0.120683 0.950048 -0.7397 0 0 0 1 
7680147070051;0.92457;1.83984;0.997268 -0.044629 0.0588544 -1.95606 0.0279863 0.965718 0.258081 3.20153 -0.0683546 -0.255729 0.964329 2.57237 0 0 0 1 
7680147070052;0.840224;1.86471;0.96294 -0.0511425 -0.264821 -3.45768 0.091933 0.985297 0.144004 3.81619 0.253563 -0.163013 0.953484 6.55503 0 0 0 1 
7680147070053;0.82655;1.72114;0.999944 -0.00803058 0.00687649 -2.66542 0.00815528 0.999799 -0.0183015 1.29446 -0.00672814 0.0183566 0.999809 0.596231 0 0 0 1 
7680147070054;0.270576;1.92888;0.998007 0.0229182 0.0587941 -4.17798 -0.0253549 0.998836 0.0410389 1.50296 -0.0577851 -0.0424479 0.997426 -0.259509 0 0 0 1 
7680147070055;0.73698;1.81958;0.984251 -0.127041 -0.122926 -1.5616 0.0603113 0.89497 -0.44203 1.53126 0.166171 0.427655 0.888537 -7.4435 0 0 0 1 
7680147070056;0.896614;1.78113;0.999071 -0.0352496 -0.0247823 -2.96996 0.0344701 0.998918 -0.0312078 1.58704 0.0258555 0.0303246 0.999206 -2.90167 0 0 0 1 
7680147070057;0.403726;1.88046;0.997618 0.0202747 0.0659351 -4.46493 -0.016944 0.998571 -0.0506888 1.63287 -0.0668686 0.0494509 0.996536 -2.32641 0 0 0 1 
7680147070058;0.771956;1.8363;0.992363 0.0243483 0.120925 -3.81133 -0.0026924 0.984367 -0.176108 1.12503 -0.123323 0.174437 0.976915 -7.21158 0 0 0 1 
7680147070059;0.054331;1.87393;0.998981 -0.0334216 0.0303163 -2.70828 0.0339094 0.999301 -0.0157232 1.87359 -0.0297696 0.0167352 0.999417 -1.35184 0 0 0 1 
7680147070060;0.252286;1.775;0.999883 -0.00143951 0.0152376 -3.34645 -0.00269362 0.963478 0.267775 3.67806 -0.0150665 -0.267785 0.963361 4.62995 0 0 0 1 
7680147070062;0.694613;3.9514;0.997543 0.047739 0.0512691 3.34246 -0.0493174 0.998333 0.0299763 -2.4154 -0.0497526 -0.0324311 0.998235 -0.594131 0 0 0 1 
7680147070063;0.642429;3.4697;0.998362 -0.0440117 -0.0365631 4.69355 0.0440375 0.99903 -0.000101264 -0.088194 0.0365321 -0.00150905 0.999331 0.745752 0 0 0 1 
7680147070064;1.73702;3.27888;0.994489 -0.0918766 -0.0504984 3.5659 0.079392 0.974558 -0.209603 0.422262 0.0684713 0.204439 0.976482 -2.84823 0 0 0 1 
7680147070065;2.03958;3.58719;0.979695 -0.0336174 -0.197655 0.84409 0.0624369 0.987976 0.141439 1.93111 0.190523 -0.150908 0.970014 6.62363 0 0 0 1 
7680147070066;1.4044;3.56008;0.996884 -0.033759 0.0712859 3.52181 0.0429556 0.990359 -0.131698 -0.215057 -0.0661526 0.13435 0.988723 -3.56057 0 0 0 1 
7680147070067;2.44929;3.59003;0.995589 -0.0341765 -0.0873705 4.84072 0.0356019 0.999256 0.0148073 -0.234899 0.0867995 -0.0178526 0.996066 0.0634034 0 0 0 1 
7680147070068;0.72785;3.71082;0.99657 -0.0271887 -0.0781545 4.12145 0.0242603 0.998976 -0.0381772 -0.458975 0.0791125 0.0361503 0.99621 2.47247 0 0 0 1 
7680147070069;0.403431;3.37728;0.995595 -0.0652364 0.0673376 5.04746 0.087401 0.905713 -0.414783 0.0534679 -0.0339296 0.418841 0.907426 -8.22333 0 0 0 1 
7680147070070;2.46104;3.71344;0.92582 -0.157738 -0.343477 3.05722 0.07937 0.969626 -0.231355 -0.945713 0.369538 0.186931 0.910219 4.0832 0 0 0 1 
7680147070071;1.40642;3.21847;0.951171 0.0303096 0.307172 3.72395 -0.0724563 0.989285 0.126748 -1.71886 -0.300039 -0.142816 0.943176 -6.14666 0 0 0 1 
7680147070072;0.468235;2.83185;0.996135 0.022732 -0.0848442 2.11941 -0.0233218 0.99971 -0.00596737 -1.54328 0.084684 0.00792303 0.996376 1.87503 0 0 0 1 
7680147070073;0.953779;3.12317;0.996596 0.0337231 0.0752309 3.02617 -0.0179376 0.979348 -0.201383 -2.3835 -0.0804685 0.199348 0.976619 -4.34201 0 0 0 1 
7680147070074;0.189263;3.36408;0.997291 -0.0709066 -0.0195928 4.78375 0.0665944 0.983354 -0.169055 -0.275507 0.0312538 0.167292 0.985412 -1.8921 0 0 0 1 
7680147070075;2.44638;3.66435;0.957881 -0.130769 -0.255662 6.35698 0.0473189 0.950004 -0.308631 -0.808068 0.283239 0.283534 0.916179 2.42198 0 0 0 1 
7680147070076;2.31741;3.52471;0.994681 -0.0580555 -0.0850845 4.50368 0.0557753 0.998024 -0.0289375 -0.29276 0.0865963 0.0240379 0.995953 4.17098 0 0 0 1 
7680147070077;2.21484;3.51718;0.998438 0.0294032 -0.0475168 4.68818 -0.034501 0.9933 -0.110295 -2.57686 0.0439554 0.111762 0.992762 1.46975 0 0 0 1 
7680147070078;0.226189;3.76609;0.987906 -0.0496228 -0.146899 3.89219 0.096273 0.938968 0.330257 4.06278 0.121545 -0.340406 0.93239 8.76422 0 0 0 1 
7680147070079;1.94297;3.934;0.996111 0.00281737 0.0880654 3.82921 0.0187049 0.969945 -0.242602 -1.00432 -0.0861021 0.243306 0.96612 -6.56362 0 0 0 1 
7680147070080;2.14298;3.74081;0.997145 -0.073558 -0.0170892 4.68777 0.0688327 0.978388 -0.194982 0.175616 0.0310624 0.193249 0.980658 0.153649 0 0 0 1 
7680147070081;1.69906;3.75886;0.998902 -0.0223827 0.041168 6.02214 0.0272316 0.992246 -0.121272 -0.781681 -0.0381344 0.12226 0.991765 -1.32511 0 0 0 1 
7680147070082;2.0972;3.17382;0.954344 -0.11162 -0.277072 2.31583 0.0334689 0.961677 -0.272135 -1.63459 0.29683 0.250437 0.921506 4.63167 0 0 0 1 
7680147070083;0.59076;3.18824;0.999105 -0.0386535 0.0171671 4.11447 0.0420896 0.948561 -0.313784 -1.16941 -0.00415514 0.314226 0.949339 -5.69008 0 0 0 1 
7680147070084;0.946739;3.38265;0.9983 -0.0407868 -0.0416325 4.95857 0.0413035 0.999079 0.0116266 -0.19138 0.04112 -0.0133264 0.999065 2.35051 0 0 0 1 
7680147070085;1.67199;3.64342;0.955683 -0.0322208 -0.292628 2.27365 0.132305 0.934966 0.329142 4.91595 0.262992 -0.353272 0.897794 13.7146 0 0 0 1 
7680147070086;1.58068;3.53116;0.998669 -0.0445011 -0.0260814 4.2081 0.0451135 0.998708 0.023382 -0.303996 0.0250072 -0.0245275 0.999386 -0.360596 0 0 0 1 
7680147070087;0.945675;4.1634;0.990554 0.00133949 -0.13712 3.04792 -0.0297238 0.978275 -0.205168 -3.26149 0.133866 0.207306 0.969074 -0.348624 0 0 0 1 
7680147070088;1.00125;4.14619;0.981289 0.094916 0.16752 3.09834 -0.0892537 0.995163 -0.0410296 -4.70626 -0.170604 0.0253101 0.985014 -4.47365 0 0 0 1 
7680147070089;1.42162;4.2202;0.997269 0.0685283 0.0275278 3.64497 -0.0690116 0.997471 0.0170105 -2.94751 -0.0262925 -0.0188638 0.999476 1.53018 0 0 0 1 
7680147070090;0.678915;3.33373;0.997307 0.00886689 -0.0728005 3.58091 -0.00642887 0.999413 0.0336554 -0.742647 0.0730562 -0.0330968 0.996779 2.38282 0 0 0 1 
7680147070091;1.30647;3.70616;0.985284 -0.0700144 -0.155928 2.8941 0.0535774 0.992789 -0.107232 0.539701 0.162311 0.0973002 0.981931 2.38689 0 0 0 1 
7680147070093;0.528987;0.556404;0.995731 -0.0136228 -0.0912879 -0.867362 0.0193569 0.997874 0.0622264 1.62918 0.0902461 -0.0637278 0.993878 7.56699 0 0 0 1 
7680147070094;0.750267;0.782914;0.976002 -0.0280299 -0.215949 -2.71114 0.0553836 0.991023 0.121678 4.82412 0.2106 -0.130718 0.968793 17.6339 0 0 0 1 
7680147070095;1.32662;1.01025;0.992643 0.109222 0.0522498 -4.30889 -0.0902843 0.955262 -0.281645 -9.05335 -0.0806742 0.274856 0.958095 -12.5071 0 0 0 1 
7680147070096;1.72861;0.423692;0.998838 0.0428574 0.0220386 -1.60917 -0.0417204 0.997893 -0.049691 -3.70813 -0.0241218 0.0487138 0.998521 0.368951 0 0 0 1 
7680147070097;1.58172;1.64529;0.997173 -0.00604529 -0.0748907 -0.693378 0.010303 0.998344 0.0565967 1.16383 0.0744245 -0.0572083 0.995584 6.94382 0 0 0 1 
7680147070098;0.811119;0.320874;0.980143 -0.0436534 -0.193425 -2.67646 0.0233966 0.994112 -0.1058 0.38003 0.196904 0.0991735 0.975394 12.5747 0 0 0 1 
7680147070099;0.734807;0.4841;0.999787 0.0156404 0.013437 -1.65012 -0.0155878 0.99987 -0.00400869 -2.26888 -0.013498 0.00379839 0.999902 -1.39095 0 0 0 1 
7680147070100;0.613699;0.555109;0.934857 0.0983472 0.341131 -5.44837 -0.0762457 0.994062 -0.0776369 -6.43186 -0.346741 0.0465696 0.936804 -26.7533 0 0 0 1 
7680147070101;0.463274;0.507044;0.998938 -0.00638151 -0.0456309 -0.47006 0.000752907 0.992491 -0.122318 -1.0886 0.0460688 0.122154 0.991441 0.197354 0 0 0 1 
7680147070102;1.71997;1.21032;0.990953 0.0645675 0.117659 -2.00813 -0.0411397 0.980604 -0.191635 -4.57863 -0.12775 0.185061 0.974388 -15.6975 0 0 0 1 
7680147070103;0.768405;0.59259;0.984655 0.0368796 0.170569 -1.07065 -0.0430489 0.998541 0.0326117 -2.90993 -0.169118 -0.0394541 0.984806 -9.82368 0 0 0 1 
7680147070104;1.11988;0.642125;0.999451 0.0316674 0.00975615 -2.14246 -0.0310991 0.998071 -0.0537381 -4.21028 -0.0114391 0.0534052 0.998507 -2.1868 0 0 0 1 
7680147070105;0.792054;0.876674;0.970932 0.0478982 0.234513 -2.29204 -0.0443047 0.998806 -0.020571 -3.8817 -0.235219 0.00958298 0.971895 -17.7726 0 0 0 1 
7680147070106;0.562855;0.45314;0.998197 0.0180733 -0.0572359 -1.74995 -0.0216158 0.997849 -0.0618906 -2.16648 0.0559942 0.0630162 0.99644 3.48297 0 0 0 1 
7680147070107;0.610731;0.524044;0.999846 -0.0110902 0.0136246 0.0724174 0.00905829 0.989959 0.141068 1.72719 -0.0150522 -0.140923 0.989906 3.0577 0 0 0 1 
7680147070108;1.42716;1.13549;0.999198 0.00567049 -0.0396264 -0.653696 -0.00750759 0.998896 -0.0463666 -0.958901 0.0393197 0.0466269 0.998138 0.50008 0 0 0 1 
7680147070109;0.474796;0.410345;0.899872 0.0415794 0.434167 -5.30172 -0.100843 0.988308 0.114363 -6.36004 -0.424335 -0.146695 0.893544 -27.7991 0 0 0 1 
7680147070110;0.941477;0.489575;0.999824 0.0159228 0.00995153 -1.4807 -0.0152176 0.997616 -0.0673135 -2.59382 -0.0109996 0.0671502 0.997682 -2.43475 0 0 0 1 
7680147070111;1.47967;1.30251;0.999953 0.00486082 0.00844751 -0.0458687 -0.00469514 0.999798 -0.0195231 -0.390914 -0.0085407 0.0194825 0.999774 0.389063 0 0 0 1 
7680147070112;1.75011;0.582391;0.996162 0.00102631 -0.0875182 -3.48776 0.0297254 0.936529 0.349327 4.29395 0.0823219 -0.350588 0.932905 12.285 0 0 0 1 
7680147070113;1.0332;0.874694;0.997201 0.0253516 0.0703356 -1.01707 -0.0212055 0.998028 -0.0590804 -2.13144 -0.0716947 0.0574236 0.995772 -5.94098 0 0 0 1 
7680147070114;0.426388;0.498349;0.982191 -0.0352469 0.184549 0.245319 -0.0392152 0.922154 0.38483 1.68922 -0.183746 -0.385214 0.904349 -4.0648 0 0 0 1 
7680147070115;1.70185;1.35997;0.994655 -0.00511429 -0.103126 -1.49513 -0.0327244 0.931669 -0.36183 -4.31261 0.0979302 0.363271 0.926522 -2.39245 0 0 0 1 
7680147070116;1.08478;0.32997;0.997084 0.0663285 0.0377429 -2.71168 -0.0489951 0.935552 -0.349775 -5.05955 -0.0585105 0.346906 0.936073 -13.9804 0 0 0 1 
7680147070117;0.562653;0.735879;0.996948 0.0166815 0.0762668 -0.391459 -0.0239166 0.995194 0.09496 -1.15568 -0.0743162 -0.0964943 0.992555 -2.7888 0 0 0 1 
7680147070118;0.421204;0.520235;0.992446 -0.0222323 -0.120651 -1.13209 0.010417 0.995162 -0.0976899 -0.0307569 0.122239 0.0956952 0.987877 6.62305 0 0 0 1 
7680147070119;1.56631;0.450194;0.998049 0.00980884 0.0616597 -0.330385 -0.00609524 0.998172 -0.0601293 -1.41581 -0.0621368 0.0596361 0.996284 -8.23202 0 0 0 1 
7680147070120;0.829004;0.949793;0.999102 0.0303197 -0.0295992 -2.78671 -0.0350852 0.98364 -0.176693 -4.66498 0.0237577 0.177573 0.983821 -1.36901 0 0 0 1 
7680147070121;0.0967963;0.441443;0.997431 0.0139512 0.0702553 -0.531469 -0.0165231 0.999209 0.0361599 -1.43837 -0.0696953 -0.0372278 0.996873 -3.80333 0 0 0 1 
7680147070122;0.194803;0.383135;0.999628 -0.0145275 -0.0230751 -0.34633 0.0137049 0.999279 -0.0354178 0.38153 0.023573 0.0350884 0.999106 1.15197 0 0 0 1 
7680147070124;1.64617;1.37586;0.995478 -0.00931841 0.0945386 -1.05006 0.0227028 0.989677 -0.141508 2.45947 -0.092244 0.143014 0.985413 -7.90007 0 0 0 1 
7680147070125;1.40625;1.43554;0.997185 -0.0653608 0.0367451 -1.38167 0.0654102 0.997858 -0.000143001 6.44662 -0.0366571 0.00254611 0.999325 -4.58931 0 0 0 1 
7680147070126;1.2267;1.41633;0.997818 -0.0586103 -0.0304028 -2.30383 0.0589265 0.998216 0.00960805 6.73563 0.0297855 -0.0113786 0.999492 1.87591 0 0 0 1 
7680147070127;1.9725;1.28681;0.986792 -0.073388 -0.144417 -1.35631 0.0543969 0.989847 -0.131318 5.35458 0.152587 0.121728 0.980765 8.13133 0 0 0 1 
7680147070128;1.62499;2.18947;0.965129 -0.0774493 -0.250056 -4.57645 0.0787519 0.996883 -0.00480753 7.29498 0.249649 -0.0150525 0.968219 13.351 0 0 0 1 
7680147070129;0.486275;1.36076;0.998779 -0.0189069 -0.0456397 -0.952396 0.0166577 0.998652 -0.0491671 2.60127 0.0465078 0.0483469 0.997747 3.22272 0 0 0 1 
7680147070130;1.63305;2.17339;0.996568 -0.026971 0.0782557 -1.31843 0.0183069 0.99383 0.109392 4.18839 -0.0807232 -0.107584 0.990913 -4.18251 0 0 0 1 
7680147070131;2.14793;1.259;0.930196 0.0442381 0.364388 -4.30026 0.0446846 0.971681 -0.232035 4.43537 -0.364334 0.23212 0.901876 -25.2636 0 0 0 1 
7680147070132;1.4581;2.21131;0.995059 -0.05317 -0.0838505 -2.15867 0.0525733 0.998574 -0.0093102 5.30748 0.0842259 0.0048559 0.996435 3.15808 0 0 0 1 
7680147070133;1.07349;2.11723;0.999261 -0.0183606 -0.0337561 -1.21418 0.0180776 0.999799 -0.00866733 2.43628 0.0339085 0.0080507 0.999393 2.14333 0 0 0 1 
7680147070134;1.69636;1.45546;0.992898 -0.0198433 -0.117299 -1.63506 0.00473645 0.991803 -0.12769 1.42552 0.118871 0.126228 0.984853 9.893 0 0 0 1 
7680147070135;0.51747;1.31082;0.938216 -0.0952851 -0.332673 -5.85628 0.0941429 0.995366 -0.0195903 7.42715 0.332998 -0.0129388 0.942839 20.1988 0 0 0 1 
7680147070136;0.646267;2.02422;0.915497 -0.105069 -0.388363 -8.09686 0.0545225 0.988792 -0.138985 5.4133 0.398613 0.106065 0.910965 26.0488 0 0 0 1 
7680147070137;2.04694;2.40483;0.99281 -0.00862681 -0.119389 -2.09279 0.0259896 0.989142 0.14465 4.23444 0.116844 -0.146713 0.982254 8.69837 0 0 0 1 
7680147070138;0.720049;1.41333;0.999279 -0.0254734 -0.0281365 -1.0235 0.0225268 0.994683 -0.100486 2.83302 0.0305466 0.0997799 0.994541 1.35325 0 0 0 1 
7680147070139;1.74647;1.42373;0.999176 -0.0156881 0.0374403 -1.24464 0.0168039 0.999418 -0.029675 2.69713 -0.036953 0.0302796 0.998858 -4.99242 0 0 0 1 
7680147070140;0.663015;1.97785;0.999637 -0.0266128 0.00426071 -1.13902 0.0268733 0.996245 -0.0823084 3.3312 -0.00205425 0.082393 0.996598 -0.621064 0 0 0 1 
7680147070141;0.53013;1.39019;0.998983 -0.0436768 0.0111546 -0.509072 0.0437986 0.998981 -0.0109257 4.02459 -0.010666 0.0114031 0.999878 -0.825922 0 0 0 1 
7680147070142;1.96977;1.89576;0.981445 -0.0595824 -0.182249 -4.92777 0.0187465 0.975758 -0.218049 4.12266 0.190823 0.210587 0.95877 13.8904 0 0 0 1 
7680147070143;0.856847;1.87674;0.983353 -0.0243776 0.180065 -2.52462 -0.00607429 0.985996 0.166658 2.40164 -0.181607 -0.164977 0.969434 -12.9114 0 0 0 1 
7680147070144;1.63732;2.06807;0.996866 0.0101617 0.0784521 -0.607477 -0.0111533 0.999863 0.012211 0.155105 -0.0783173 -0.0130477 0.996843 -6.46513 0 0 0 1 
7680147070145;0.140484;1.50893;0.996988 -0.0762684 0.0140722 -1.19909 0.076418 0.997021 -0.0104129 6.74049 -0.0132361 0.0114569 0.999847 -1.05932 0 0 0 1 
7680147070146;1.19743;1.61561;0.991101 -0.120931 -0.0556191 -2.5149 0.121726 0.992502 0.0111106 10.8053 0.0538584 -0.017782 0.99839 1.73351 0 0 0 1 
7680147070147;0.293378;1.39203;0.998043 0.0126842 0.0612382 -0.739437 -0.00668762 0.995247 -0.0971519 0.837025 -0.0621794 0.0965522 0.993384 -3.95792 0 0 0 1 
7680147070148;2.08491;1.49142;0.993244 -0.044517 -0.10717 -1.06079 0.062111 0.984017 0.166893 5.88331 0.0980273 -0.172422 0.980133 7.66825 0 0 0 1 
7680147070149;2.16398;1.63625;0.987038 -0.0467296 -0.153531 -2.10915 0.0207463 0.985795 -0.166666 3.92308 0.159138 0.16132 0.973987 10.2323 0 0 0 1 
7680147070150;0.570326;1.91939;0.999639 0.00358133 0.0266307 -1.19597 0.00814619 0.904044 -0.427361 0.715388 -0.0256059 0.427423 0.903689 -0.342588 0 0 0 1 
7680147070151;0.700204;2.10528;0.994176 -0.049302 -0.095831 -2.70827 0.0506609 0.998646 0.0117975 6.21478 0.0951196 -0.0165837 0.995328 5.38692 0 0 0 1 
7680147070152;0.196422;1.69118;0.997493 -0.0692611 -0.0144872 -1.21486 0.0689953 0.997453 -0.0181089 6.44845 0.0157045 0.017064 0.999731 0.838478 0 0 0 1 
7680147070153;0.328459;2.04432;0.99934 -0.0165479 -0.0323267 -1.49222 0.00602872 0.953394 -0.301669 1.7345 0.0358121 0.301275 0.952865 3.10373 0 0 0 1 
7680147070155;0.140686;3.59883;0.999392 -0.0172741 -0.0302847 5.22825 0.0160755 0.999095 -0.0393861 3.15851 0.0309377 0.0388753 0.998765 3.32888 0 0 0 1 
7680147070156;0.73666;3.61806;0.998891 0.0161759 -0.0442058 5.94875 -0.018149 0.99884 -0.0446033 -0.641217 0.0434331 0.0453561 0.998026 4.90174 0 0 0 1 
7680147070157;1.89722;3.84469;0.99617 -0.0502344 -0.0715722 3.28704 0.0528472 0.997986 0.0350914 7.8809 0.0696653 -0.0387394 0.996818 9.42378 0 0 0 1 
7680147070158;1.79956;3.77534;0.997412 -0.0198625 -0.0690984 5.1184 0.00540262 0.97907 -0.203452 2.62372 0.0716932 0.202552 0.976644 9.13671 0 0 0 1 
7680147070159;1.65931;3.83957;0.998644 0.0126084 -0.0505162 3.62486 -0.014686 0.999052 -0.0409708 -0.677224 0.0499518 0.0416571 0.997883 4.0242 0 0 0 1 
7680147070160;0.0621527;3.54924;0.999113 0.00137027 -0.042082 5.17017 -0.00308206 0.999169 -0.0406396 0.778391 0.0419914 0.0407333 0.998287 4.80243 0 0 0 1 
7680147070161;0.430207;3.85643;0.996931 -0.0208865 -0.0754488 5.34483 0.0150711 0.99693 -0.0768403 3.3297 0.076822 0.0754673 0.994185 8.62554 0 0 0 1 
7680147070162;0.473536;3.26923;0.968306 0.0586045 0.242792 2.29713 -0.0598003 0.998207 -0.00244818 -5.11529 -0.242501 -0.0121485 0.970075 -27.0981 0 0 0 1 
7680147070163;0.736349;3.57222;0.991703 -0.00340581 0.128507 4.14844 -0.0133248 0.991541 0.129108 -0.103986 -0.12786 -0.129749 0.983269 -14.0198 0 0 0 1 
7680147070164;0.540732;3.78542;0.996785 -0.0397765 -0.0695556 4.75524 0.0275999 0.985402 -0.16799 4.26865 0.0752223 0.165531 0.983332 9.2792 0 0 0 1 
7680147070165;1.76832;3.44508;0.999691 -0.0109815 -0.0222988 4.74435 0.010006 0.999008 -0.0433953 2.418 0.0227533 0.0431588 0.998809 5.33514 0 0 0 1 
7680147070166;0.877488;3.52816;0.994882 0.0154493 -0.0998509 4.75585 -0.00318939 0.99255 0.121793 1.1112 0.100989 -0.120851 0.98752 9.11228 0 0 0 1 
7680147070167;0.355143;3.67216;0.996479 -0.0379174 -0.0747795 4.55429 0.0350727 0.998624 -0.0389952 5.58712 0.0761551 0.0362352 0.996437 8.65663 0 0 0 1 
7680147070168;0.458362;3.65031;0.999829 -0.00180251 0.0183916 5.82923 0.000225798 0.996349 0.0853742 2.24504 -0.0184783 -0.0853555 0.996179 -2.79473 0 0 0 1 
7680147070169;1.52541;3.56882;0.958602 -0.0439719 -0.281333 1.44692 0.0623731 0.996436 0.0567863 8.57989 0.277833 -0.0719831 0.957928 28.7693 0 0 0 1 
7680147070170;1.71122;3.76309;0.997343 0.0263899 0.0679064 4.35206 -0.0211988 0.996878 -0.0760612 -1.08851 -0.0697016 0.0744195 0.994788 -6.59719 0 0 0 1 
7680147070171;1.73488;3.32201;0.99335 -0.0298955 -0.111184 6.14195 -0.00231553 0.960317 -0.278901 1.13134 0.11511 0.277304 0.953862 12.4574 0 0 0 1 
7680147070172;1.09968;3.64124;0.999732 0.0118664 -0.0198823 6.28919 -0.012625 0.99918 -0.0384766 -0.418832 0.0194094 0.0387173 0.999062 2.41074 0 0 0 1 
7680147070173;0.591876;3.44794;0.960846 -0.0053456 -0.27703 -0.312721 0.0183065 0.998854 0.0442198 3.61888 0.276476 -0.0475599 0.959843 30.3046 0 0 0 1 
7680147070174;1.36958;3.79104;0.998488 -0.0386063 0.039131 4.40922 0.0444538 0.98584 -0.161687 5.43011 -0.0323348 0.163182 0.986066 -4.53182 0 0 0 1 
7680147070175;0.533565;3.57344;0.998902 0.00460826 -0.0466205 5.25392 -0.0065745 0.999091 -0.0421105 0.980402 0.0463841 0.0423708 0.998025 5.7182 0 0 0 1 
7680147070176;0.79171;3.26705;0.99237 0.0399694 0.116637 4.82591 -0.0262561 0.992806 -0.116824 -2.2229 -0.120467 0.11287 0.98628 -11.9855 0 0 0 1 
7680147070177;1.74498;3.56101;0.959675 0.0666636 0.273092 1.42517 -0.0378999 0.993288 -0.109284 -3.91519 -0.278544 0.0945269 0.95576 -30.3322 0 0 0 1 
7680147070178;1.38005;3.90728;0.992988 -0.0733962 0.0926735 3.98467 0.0843913 0.989069 -0.120915 9.71467 -0.0827858 0.127888 0.988327 -10.0448 0 0 0 1 
7680147070179;1.66284;3.5023;0.998952 0.0197546 0.0412785 6.30508 -0.0207006 0.99953 0.0226177 -1.54442 -0.0408122 -0.0234485 0.998892 -3.35561 0 0 0 1 
7680147070180;1.25183;3.41385;0.968753 0.0653284 -0.239269 0.547644 -0.032568 0.989841 0.138398 -1.8806 0.24588 -0.126281 0.961039 24.455 0 0 0 1 
7680147070181;1.00094;3.41015;0.99688 0.0596418 0.051702 5.00439 -0.068085 0.98113 0.180965 -5.72637 -0.0399333 -0.18392 0.98213 -6.36445 0 0 0 1 
7680147070182;1.8528;3.48901;0.979447 0.0536953 0.194422 3.7477 -0.0745077 0.992055 0.101365 -6.75283 -0.187435 -0.113768 0.975666 -23.7609 0 0 0 1 
7680147070183;0.963883;3.23382;0.989191 0.0465452 0.139047 5.34875 -0.0687772 0.984777 0.159639 -5.89755 -0.1295 -0.167476 0.977334 -15.811 0 0 0 1 
7680147070184;0.147928;3.52056;0.998491 0.012221 -0.053547 5.13066 -0.0130667 0.999795 -0.0154707 -0.144468 0.053347 0.016147 0.998445 6.02061 0 0 0 1 
7680147070186;1.27351;4.97577;0.998379 0.0366938 0.0435092 4.92423 -0.03378 0.997253 -0.065912 1.81451 -0.0458082 0.0643354 0.996876 -4.35977 0 0 0 1 
7680147070187;0.700101;4.98615;0.944854 0.098242 0.31241 -0.252463 -0.155 0.974484 0.162342 -10.1685 -0.28849 -0.201813 0.935973 -31.2886 0 0 0 1 
7680147070188;1.39118;5.06817;0.997367 0.0447915 0.0570273 4.66014 -0.0468246 0.998296 0.0348285 0.373939 -0.0553701 -0.0374071 0.997765 -8.19004 0 0 0 1 
7680147070189;1.30828;5.00751;0.964495 0.0253328 -0.262882 1.12576 0.071765 0.932795 0.353191 16.299 0.254162 -0.359516 0.897858 29.4 0 0 0 1 
7680147070190;1.12112;5.03561;0.99267 0.0310815 0.116793 4.55639 -0.0693625 0.937884 0.339944 -0.00517822 -0.0989726 -0.345554 0.933165 -10.0043 0 0 0 1 
7680147070191;1.94775;4.87675;0.997902 -0.0267972 -0.0589297 7.11372 0.0383812 0.977961 0.205228 11.545 0.0521314 -0.207059 0.976938 6.37559 0 0 0 1 
7680147070192;1.68036;5.19746;0.986607 0.0427727 0.157408 4.19867 -0.0383964 0.99879 -0.0307404 2.41624 -0.158532 0.0242848 0.987055 -17.7294 0 0 0 1 
7680147070193;1.11849;4.91489;0.998068 -0.00319638 0.0620527 5.9476 0.0195124 0.964279 -0.26417 7.11309 -0.0589918 0.26487 0.962478 -8.02726 0 0 0 1 
7680147070194;0.766853;4.94001;0.99961 0.0144234 0.0239328 4.22014 -0.0149495 0.999647 0.0219499 3.56568 -0.0236077 -0.0222991 0.999473 -3.26268 0 0 0 1 
7680147070195;0.416426;4.92199;0.996023 0.0542299 0.0706958 4.81234 -0.0488184 0.995901 -0.0761481 0.00175677 -0.0745355 0.072394 0.994587 -9.5095 0 0 0 1 
7680147070196;0.748225;5.16665;0.999261 0.017604 0.03417 4.24755 -0.0204395 0.996215 0.0844916 3.7203 -0.0325533 -0.0851275 0.995838 -3.12415 0 0 0 1 
7680147070197;0.500793;4.76308;0.997686 0.0617623 0.0284167 4.54125 -0.054357 0.975708 -0.212225 -1.29844 -0.0408339 0.210189 0.976808 -6.50958 0 0 0 1 
7680147070198;0.104802;5.01132;0.999714 0.0154203 0.018273 5.03791 -0.0171977 0.994688 0.101484 4.43244 -0.0166111 -0.10177 0.994669 -1.43033 0 0 0 1 
7680147070199;1.797;5.01416;0.979157 0.09032 0.181917 2.82293 -0.0831932 0.99545 -0.0464486 -4.37362 -0.185285 0.0303462 0.982216 -23.5274 0 0 0 1 
7680147070200;0.574851;4.92604;0.995213 0.0956593 -0.019986 3.35138 -0.0940545 0.993113 0.0698569 -3.96188 0.0265308 -0.0676428 0.997357 2.39667 0 0 0 1 
7680147070201;1.66238;5.16988;0.972894 -0.0497147 -0.225845 1.10063 0.0496182 0.99875 -0.00610748 9.52748 0.225866 -0.00526407 0.974144 23.9595 0 0 0 1 
7680147070202;0.856075;5.30364;0.999391 -0.00655411 0.0342787 5.35511 0.000375006 0.984168 0.17724 5.94142 -0.0348976 -0.177119 0.98357 -2.43888 0 0 0 1 
7680147070203;0.151635;4.94254;0.999587 0.0157174 0.0240398 4.98476 -0.0161325 0.999722 0.0171716 4.2876 -0.0237632 -0.0175524 0.999564 -2.86387 0 0 0 1 
7680147070204;1.87474;5.30207;0.999592 0.00145476 0.0285203 3.79781 -0.00136428 0.999994 -0.00319183 4.92432 -0.0285248 0.00315161 0.999588 -1.9058 0 0 0 1 
7680147070205;1.34644;4.82212;0.999413 0.0248512 0.0235876 6.16223 -0.0271333 0.994419 0.101958 4.55593 -0.0209221 -0.102538 0.994509 -2.23527 0 0 0 1 
7680147070206;0.882492;4.85306;0.910039 -0.0798179 -0.406766 -6.28345 0.037427 0.9931 -0.111138 10.4056 0.41283 0.085916 0.906747 44.0414 0 0 0 1 
7680147070207;1.16879;5.06905;0.994121 0.0736185 0.0793999 3.5258 -0.0797562 0.993827 0.0771196 -3.37142 -0.0732323 -0.0829988 0.993855 -6.63785 0 0 0 1 
7680147070208;1.24601;5.16968;0.993684 0.0994862 0.0519081 3.55947 -0.105212 0.98685 0.122713 -5.82304 -0.0390173 -0.127399 0.991084 -3.73255 0 0 0 1 
7680147070209;1.20929;4.97769;0.998139 0.0190778 -0.0579168 5.35102 0.00582735 0.915608 0.402031 9.31383 0.0606989 -0.40162 0.913793 8.01934 0 0 0 1 
7680147070210;1.69015;4.89801;0.999487 0.00210697 0.0319639 6.039 -0.00298133 0.999622 0.0273319 7.32624 -0.0318943 -0.0274131 0.999115 -2.20651 0 0 0 1 
7680147070211;0.940014;5.1031;0.988816 -0.0343466 -0.14513 3.17613 0.0624749 0.979017 0.193966 13.6338 0.135422 -0.200864 0.970214 17.2086 0 0 0 1 
7680147070212;1.74535;5.01133;0.999448 0.0281405 0.0176651 5.10492 -0.0282347 0.999588 0.00510652 4.20691 -0.0175142 -0.00560247 0.999831 -3.43237 0 0 0 1 
7680147070213;0.400202;4.92555;0.998664 0.0254541 0.044971 4.87545 -0.0274169 0.998674 0.0435817 3.28278 -0.043802 -0.0447565 0.998037 -5.09742 0 0 0 1 
7680147070214;0.315659;5.28661;0.998251 0.0114024 -0.0580017 4.95277 -0.00636825 0.996253 0.0862484 5.55416 0.0587678 -0.0857282 0.994584 6.74648 0 0 0 1 
7680147070215;0.611277;5.08783;0.997006 0.00645306 0.0770543 4.99582 -0.00942612 0.999222 0.0382828 4.62201 -0.0767473 -0.0388945 0.996292 -9.32962 0 0 0 1 
7680147070217;0.89674;3.12352;0.998167 -0.00603073 0.0602141 -3.77847 0.00477422 0.999768 0.0209893 -1.12346 -0.0603267 -0.0206634 0.997965 -2.05019 0 0 0 1 
7680147070218;1.73564;3.28037;0.999837 -0.0131933 0.0123634 -4.65579 0.0131368 0.999903 0.00464585 -0.423981 -0.0124235 -0.00448268 0.999913 1.64942 0 0 0 1 
7680147070219;1.39452;3.14718;0.961198 -0.0489211 -0.271486 -4.96022 0.0235964 0.995123 -0.0957757 -0.848317 0.274847 0.0856534 0.957665 6.2488 0 0 0 1 
7680147070220;0.267296;3.11991;0.999799 -0.00645527 -0.01896 -3.96216 -0.00175257 0.91481 -0.40388 -1.63576 0.019952 0.403833 0.914615 4.0414 0 0 0 1 
7680147070221;1.27015;3.71091;0.999821 -0.00184538 0.0188346 -3.08949 -0.00250729 0.973544 0.228484 -0.545514 -0.0187579 -0.22849 0.973365 -2.77548 0 0 0 1 
7680147070222;1.97297;3.15508;0.996076 0.00641695 0.088272 -5.77991 -0.00958501 0.999323 0.0355128 -1.90743 -0.0879844 -0.0362195 0.995463 -0.983412 0 0 0 1 
7680147070223;1.53331;3.49579;0.997897 -0.00292699 -0.0647562 -4.94229 0.0033623 0.999972 0.00661424 -1.63624 0.064735 -0.00681806 0.997879 -0.0367066 0 0 0 1 
7680147070224;2.30376;3.07423;0.912238 -0.0896915 -0.399721 -5.80316 0.0463909 0.992079 -0.116735 -0.731597 0.407025 0.087947 0.909173 4.11235 0 0 0 1 
7680147070225;1.4585;3.27618;0.998647 -0.026406 -0.0448071 -3.78477 0.0241197 0.998416 -0.0508217 0.0729264 0.0460781 0.0496722 0.997702 2.24478 0 0 0 1 
7680147070226;1.86707;3.405;0.998423 -0.0201433 -0.0524027 -4.63239 0.0195518 0.999739 -0.0117765 -0.0526207 0.0526263 0.0107333 0.998557 2.93 0 0 0 1 
7680147070227;0.781577;3.26187;0.999797 -0.00887994 -0.0180923 -3.70518 0.00897653 0.999946 0.00526462 -0.992159 0.0180446 -0.00542596 0.999822 -0.617827 0 0 0 1 
7680147070228;0.400914;3.25693;0.998388 0.0181065 0.0537907 -3.55798 -0.0197952 0.999322 0.0310281 -1.27844 -0.0531924 -0.0320429 0.99807 -1.02364 0 0 0 1 
7680147070229;0.955663;3.21391;0.999704 0.000946418 -0.0243205 -4.48247 -0.00186445 0.999285 -0.0377524 -0.730444 0.0242674 0.0377865 0.998991 0.988524 0 0 0 1 
7680147070230;0.317185;3.10853;0.980678 -0.0445131 -0.190497 -4.67873 0.0367666 0.998354 -0.0440092 -0.509159 0.192143 0.0361549 0.980701 3.43268 0 0 0 1 
7680147070231;1.12926;3.28422;0.999979 0.00376441 0.00527382 -3.44484 -0.00382838 0.999919 0.0121711 -0.710514 -0.00522758 -0.012191 0.999912 -0.98116 0 0 0 1 
7680147070232;1.51388;3.40183;0.999942 0.00813865 0.00704761 -4.74222 -0.00830308 0.999686 0.0236251 -1.9843 -0.00685313 -0.0236822 0.999696 -1.34473 0 0 0 1 
7680147070233;1.97376;3.52448;0.990882 -0.0237293 -0.132624 -5.65738 0.0657835 0.944267 0.322541 -0.169631 0.117579 -0.328325 0.937218 -2.45613 0 0 0 1 
7680147070234;1.9935;3.13593;0.99974 -0.00786655 -0.0214038 -3.61467 0.00587387 0.995777 -0.0916189 -1.11157 0.0220341 0.0914693 0.995564 -1.22475 0 0 0 1 
7680147070235;1.53051;3.4065;0.987094 -0.0159294 -0.159348 -4.12194 0.0149818 0.999862 -0.0071465 -1.13166 0.15944 0.00466695 0.987197 1.10017 0 0 0 1 
7680147070236;0.104269;3.39161;0.999919 0.0002021 0.012762 -4.09841 -0.000296828 0.999972 0.00742119 -1.04059 -0.0127602 -0.00742437 0.999891 -0.125722 0 0 0 1 
7680147070237;2.06657;3.18299;0.997726 -0.0232743 -0.0632601 -6.20041 0.0121768 0.985291 -0.170453 -1.11091 0.0662968 0.169295 0.983333 4.06638 0 0 0 1 
7680147070238;1.4657;3.28457;0.915619 0.0308076 0.400865 -3.17592 -0.133077 0.96408 0.22987 -3.11458 -0.379384 -0.263819 0.88683 -8.69058 0 0 0 1 
7680147070239;0.672786;3.12502;0.992585 0.0113407 0.121021 -3.57417 -0.0201146 0.997236 0.0715255 -1.07919 -0.119876 -0.0734294 0.99007 -1.84168 0 0 0 1 
7680147070240;1.69401;3.46539;0.998822 0.000353664 0.0485219 -3.96172 -0.00435292 0.996595 0.082341 -0.523893 -0.0483275 -0.0824552 0.995422 0.493786 0 0 0 1 
7680147070241;1.89764;3.24382;0.996135 -0.0150402 -0.086534 -3.65234 0.0335346 0.975718 0.216446 -1.17802 0.0811774 -0.218511 0.972452 -2.99328 0 0 0 1 
7680147070242;1.04234;3.5427;0.998047 -0.016732 -0.0601885 -5.30223 0.0174236 0.999788 0.0109839 -0.829537 0.059992 -0.0120111 0.998127 1.59238 0 0 0 1 
7680147070243;1.63774;3.07722;0.970023 0.02406 0.241818 -4.93573 -0.0340474 0.998727 0.037207 -2.11149 -0.240615 -0.0443249 0.969608 -3.95554 0 0 0 1 
7680147070244;2.23994;3.62398;0.996529 -0.00480473 -0.0831086 -3.69895 0.0227665 0.976004 0.21656 -0.557072 0.0800738 -0.217701 0.972725 1.279 0 0 0 1 
7680147070245;0.410551;3.34346;0.999767 -0.000649044 -0.0215846 -4.07472 0.000826736 0.999966 0.00822444 -0.821115 0.0215785 -0.00824037 0.999733 -0.21745 0 0 0 1 
7680147070246;0.921508;3.29858;0.994706 -0.0269656 -0.0991654 -4.22117 0.0224096 0.998654 -0.0467736 -0.756218 0.100293 0.0443037 0.993971 0.868908 0 0 0 1 
7680147070248;1.50847;2.1436;0.976021 -0.0126059 -0.21731 2.24412 0.0769507 0.953842 0.290284 10.4802 0.20362 -0.300045 0.93194 21.3078 0 0 0 1 
7680147070249;1.33018;2.17657;0.988648 0.140614 0.0529447 3.01801 -0.140883 0.990025 0.00136866 -9.33013 -0.0522241 -0.00881214 0.998597 -3.59504 0 0 0 1 
7680147070250;0.124558;1.97627;0.996044 0.0868314 0.0189105 2.23567 -0.0867209 0.996211 -0.00658989 -5.46962 -0.019411 0.00492389 0.999799 -2.40275 0 0 0 1 
7680147070251;0.53556;2.49003;0.978922 0.109712 0.172263 1.40991 -0.127361 0.987301 0.0949565 -8.42178 -0.159658 -0.114895 0.980463 -13.5211 0 0 0 1 
7680147070252;1.1295;2.00563;0.973519 0.202389 0.106299 -0.582104 -0.193723 0.97724 -0.0864501 -14.6896 -0.121376 0.0635683 0.990569 -9.76595 0 0 0 1 
7680147070253;0.578449;1.75874;0.998985 0.00267791 -0.0449623 3.21113 -0.00278519 0.999993 -0.00232346 1.76689 0.0449558 0.00244633 0.998986 4.25725 0 0 0 1 
7680147070254;1.15198;1.85114;0.997408 0.0715729 0.00738218 3.35478 -0.0715554 0.997433 -0.00261288 -3.36465 -0.00755024 0.00207788 0.999969 -2.68046 0 0 0 1 
7680147070255;0.370863;2.07253;0.991912 0.0979293 0.0807458 1.96078 -0.124756 0.869345 0.4782 -6.10459 -0.0233662 -0.484406 0.874531 1.42299 0 0 0 1 
7680147070256;1.32328;1.81072;0.963924 0.143876 0.223941 -1.4502 -0.0947364 0.971676 -0.216497 -6.70088 -0.248747 0.187471 0.950252 -26.6935 0 0 0 1 
7680147070257;0.807316;1.93981;0.974015 -0.0267288 -0.224899 1.14545 -0.0202291 0.978775 -0.203935 -0.167764 0.225577 0.203186 0.952802 18.6739 0 0 0 1 
7680147070258;0.260139;1.97452;0.949957 0.167725 0.263533 -1.96126 -0.128809 0.97889 -0.158693 -9.4847 -0.284586 0.116806 0.951508 -27.3491 0 0 0 1 
7680147070259;0.965988;1.62461;0.988393 0.032748 0.148345 2.03545 -0.0423565 0.997172 0.0620817 -1.88726 -0.145892 -0.0676445 0.986985 -12.8606 0 0 0 1 
7680147070260;0.831214;1.85163;0.99357 0.112776 -0.0100419 2.09238 -0.109887 0.98187 0.154455 -5.83893 0.0272786 -0.152358 0.987949 2.97784 0 0 0 1 
7680147070261;1.06706;1.63063;0.983579 0.109061 0.143798 0.834064 -0.0701482 0.965135 -0.252177 -4.67382 -0.166287 0.237949 0.956937 -19.1822 0 0 0 1 
7680147070262;1.52451;2.22741;0.986627 0.0827266 0.14044 2.49087 -0.0840931 0.996451 0.00381334 -6.33245 -0.139626 -0.0155724 0.990082 -14.5585 0 0 0 1 
7680147070263;1.15131;2.11864;0.993912 0.0972026 0.051872 1.21321 -0.0956158 0.994896 -0.032248 -6.98169 -0.0547419 0.0270918 0.998133 -7.54828 0 0 0 1 
7680147070264;1.15529;2.07064;0.995557 0.0913251 0.0229363 1.76517 -0.0911396 0.995797 -0.00901081 -5.82387 -0.0236628 0.00688037 0.999696 -0.463213 0 0 0 1 
7680147070265;0.426203;1.71438;0.967201 0.040098 0.250828 0.176254 -0.0811715 0.984476 0.155619 -4.48867 -0.240694 -0.170875 0.955441 -20.5831 0 0 0 1 
7680147070266;1.20758;2.15474;0.996363 0.082524 0.0212176 1.8074 -0.0849521 0.981364 0.172358 -3.67471 -0.00659849 -0.173534 0.984806 0.731428 0 0 0 1 
