#;prob_registration_l1 -r /home/probabilistic_point_clouds_registration/build/tester /home/point_clouds_registration_benchmark//devel/registration_pairs/gazebo_winter_local.txt /home/point_clouds_registration_benchmark//eth/gazebo_winter -s 0.2 -t 0.2 -p 0.3 -r 1000 -m 1 -i 40 
id;initial_error;final_error;transformation
38591597440000;0.538033;0.019349;0.993583 -0.100116 -0.052626 -0.407143 0.101761 0.99437 0.029562 -0.457881 0.04937 -0.0347276 0.998177 0.546985 0 0 0 1 
38591597440001;0.518725;0.140193;0.97414 0.140147 0.177232 -0.0859028 -0.155277 0.985055 0.0745309 0.405978 -0.164138 -0.100124 0.981343 0.020155 0 0 0 1 
38591597440002;0.466312;0.0185815;0.983853 -0.132636 0.120172 0.0481884 0.137117 0.990107 -0.0297885 -0.330981 -0.115032 0.0457852 0.992306 -0.212838 0 0 0 1 
38591597440003;0.369171;0.0312655;0.982052 0.188606 0.00100948 -0.214929 -0.188608 0.982043 0.00426527 0.70619 -0.000186899 -0.00437911 0.99999 0.383405 0 0 0 1 
38591597440004;0.566929;0.231863;0.942276 0.205916 -0.264036 0.9118 -0.198823 0.978568 0.053616 0.698535 0.269417 0.00197535 0.963021 -1.62863 0 0 0 1 
38591597440005;0.214626;0.0182735;0.994844 -0.0831281 -0.0581014 -0.00881953 0.0826748 0.996525 -0.010167 -0.312816 0.0587446 0.00531107 0.998259 -0.588464 0 0 0 1 
38591597440006;0.296525;0.0303126;0.969788 -0.178843 -0.16591 0.146786 0.199227 0.973115 0.115566 -0.854844 0.140782 -0.145129 0.979346 -0.340234 0 0 0 1 
38591597440007;0.55939;0.0254411;0.990016 0.140933 -0.00249037 0.0591612 -0.140419 0.98764 0.0696427 0.161485 0.0122745 -0.0685976 0.997569 -0.881208 0 0 0 1 
38591597440008;0.573696;0.0255261;0.909392 0.00411644 0.415919 0.295027 -0.107404 0.968363 0.225251 0.438783 -0.401833 -0.249513 0.881064 2.45518 0 0 0 1 
38591597440009;0.226381;0.0228058;0.999336 -0.0297345 0.0210456 0.0246456 0.0288999 0.998825 0.0389079 0.0630802 -0.0221778 -0.0382738 0.999021 -0.246668 0 0 0 1 
38591597440010;0.405479;0.0246875;0.934226 -0.109212 0.33955 0.0804415 0.223832 0.920697 -0.319713 -0.779901 -0.277706 0.374686 0.884585 1.66485 0 0 0 1 
38591597440011;0.432428;0.154454;0.97846 -0.194022 -0.0705055 0.283369 0.205831 0.943042 0.261353 -1.17519 0.0157812 -0.270236 0.962665 -0.26903 0 0 0 1 
38591597440012;0.493861;0.0188938;0.996297 -0.00186804 -0.0859585 0.330634 -0.00298115 0.998412 -0.0562502 -0.272101 0.0859271 0.0562981 0.99471 0.331174 0 0 0 1 
38591597440013;0.489902;0.189539;0.959508 0.2176 0.178869 0.0346074 -0.224537 0.974275 0.0192508 0.491239 -0.170079 -0.0586342 0.983684 0.372951 0 0 0 1 
38591597440014;0.265078;0.0243816;0.949712 -0.0564646 0.307991 -0.0708482 0.0894902 0.991526 -0.0941709 -0.284071 -0.300063 0.116997 0.946717 1.44786 0 0 0 1 
38591597440015;0.50504;0.123883;0.972294 -0.215417 0.0907793 0.143903 0.190142 0.954691 0.228937 -1.32434 -0.135983 -0.205333 0.969199 0.123623 0 0 0 1 
38591597440016;0.306367;0.0241641;0.961662 0.115449 -0.248754 0.250976 -0.0681853 0.979243 0.190876 -0.0122687 0.265627 -0.166597 0.949572 -1.35367 0 0 0 1 
38591597440017;0.306001;0.023777;0.991692 -0.127804 0.0146218 -0.221751 0.128517 0.989273 -0.0694483 -0.916135 -0.00558918 0.0707504 0.997478 0.10872 0 0 0 1 
38591597440018;0.310987;0.201863;0.998674 0.048404 -0.0175272 0.160372 -0.0486708 0.9987 -0.0151309 0.165452 0.016772 0.0159639 0.999732 -0.296028 0 0 0 1 
38591597440019;0.565481;0.157013;0.990869 -0.123972 0.053002 -0.529907 0.108961 0.967837 0.226759 -0.33453 -0.0794091 -0.218914 0.972508 -0.135004 0 0 0 1 
38591597440020;0.471158;0.0723663;0.963728 -0.265901 -0.0228927 -0.0603452 0.256845 0.947362 -0.191146 -1.01165 0.0725136 0.178333 0.981295 0.294921 0 0 0 1 
38591597440021;0.264772;0.116124;0.972734 0.149425 0.177372 -0.0342975 -0.158951 0.986448 0.0406862 0.567067 -0.168889 -0.0677703 0.983302 0.568244 0 0 0 1 
38591597440022;0.382739;0.0195761;0.994583 -0.0251916 -0.100847 -0.304948 0.0312738 0.997757 0.0591917 -0.469486 0.0991293 -0.0620249 0.99314 -0.0788445 0 0 0 1 
38591597440023;0.504596;0.286956;0.995118 0.0959007 -0.0232897 0.0359714 -0.0972786 0.992943 -0.0678335 0.533666 0.0166201 0.0697679 0.997425 -0.533728 0 0 0 1 
38591597440024;0.223621;0.0192521;0.997211 -0.0513593 0.0541525 -0.0312602 0.0635671 0.964673 -0.255666 0.0466495 -0.0391087 0.258395 0.965247 0.321479 0 0 0 1 
38591597440025;0.497841;0.0507083;0.946205 -0.196712 0.256905 -0.399162 0.232216 0.965746 -0.115805 -1.14634 -0.225324 0.169232 0.959473 0.61793 0 0 0 1 
38591597440026;0.507307;0.333939;0.971224 -0.0806885 -0.224082 0.302193 0.0913869 0.995099 0.0377729 -0.314059 0.219936 -0.0571641 0.973838 -0.61676 0 0 0 1 
38591597440027;0.37107;0.0266963;0.995871 0.00428941 0.090673 -0.251577 -0.0455294 0.887755 0.458058 0.119503 -0.0785307 -0.460295 0.884286 0.367387 0 0 0 1 
38591597440028;0.144155;0.0212148;0.986043 -0.158017 -0.0524296 0.0161022 0.15665 0.98722 -0.0292685 -0.605653 0.0563845 0.0206469 0.998196 -0.152653 0 0 0 1 
38591597440029;0.386592;0.0961226;0.956769 -0.231795 0.175682 -0.154507 0.185471 0.951524 0.245363 -1.04647 -0.224039 -0.202172 0.95338 0.845757 0 0 0 1 
38591597440031;0.613756;0.280789;0.959788 -0.0719037 -0.271363 0.313239 0.050512 0.995098 -0.0850171 -0.706525 0.276145 0.0678913 0.958715 -1.28105 0 0 0 1 
38591597440032;0.317715;0.117624;0.967855 0.169405 -0.185899 0.588875 -0.191964 0.975125 -0.110824 0.92871 0.162501 0.142948 0.976299 -0.421633 0 0 0 1 
38591597440033;0.586776;0.0748066;0.927976 -0.0945938 0.360434 0.435099 0.0776837 0.995101 0.0611534 0.113224 -0.364453 -0.028749 0.930778 1.46219 0 0 0 1 
38591597440034;0.22655;0.0398306;0.989358 -0.126553 0.0717958 -0.296881 0.138395 0.970817 -0.19586 -0.791272 -0.0449139 0.203711 0.978 0.588561 0 0 0 1 
38591597440035;0.489052;0.0584535;0.989557 -0.0585134 0.131733 0.0346708 0.0704059 0.993673 -0.0875068 -0.987464 -0.125779 0.0958677 0.987415 0.727901 0 0 0 1 
38591597440036;0.235684;0.0320108;0.986315 -0.164836 -0.00345152 -0.111341 0.164704 0.98604 -0.0244304 -0.536289 0.00743033 0.0235276 0.999696 -0.0442978 0 0 0 1 
38591597440037;0.200232;0.0223814;0.994836 0.0999165 0.0178063 0.166763 -0.0999346 0.994994 0.000127217 0.418823 -0.0177044 -0.00190602 0.999841 -0.23273 0 0 0 1 
38591597440038;0.419626;0.233504;0.992086 0.11779 -0.0434919 0.277503 -0.123856 0.97494 -0.184801 0.648962 0.0206343 0.188725 0.981813 0.700259 0 0 0 1 
38591597440039;0.360484;0.0253806;0.99886 -0.0205206 0.043101 -0.0658118 0.0269211 0.987764 -0.153614 -0.25844 -0.0394214 0.154599 0.987191 -0.0748871 0 0 0 1 
38591597440040;0.46013;0.0238537;0.878003 0.235388 -0.416778 1.40202 -0.245052 0.969013 0.0310411 0.94937 0.41117 0.0748783 0.908478 -1.9397 0 0 0 1 
38591597440041;0.266595;0.0165321;0.998747 0.049658 0.00626621 -0.332423 -0.0497276 0.998697 0.0114822 0.162808 -0.00568786 -0.0117794 0.999914 0.0499458 0 0 0 1 
38591597440042;0.263344;0.0160191;0.966097 0.211367 -0.148262 0.613134 -0.195713 0.974084 0.113389 0.483228 0.168386 -0.0805278 0.982426 -0.725777 0 0 0 1 
38591597440043;0.518284;0.1195;0.976693 0.205455 -0.0621219 0.765984 -0.19858 0.974786 0.101774 0.754661 0.0814654 -0.0870655 0.992866 -1.24998 0 0 0 1 
38591597440044;0.328581;0.0968997;0.977558 0.189513 0.0920018 0.344538 -0.182243 0.979834 -0.0819365 0.889074 -0.105675 0.063331 0.992382 0.90173 0 0 0 1 
38591597440045;0.358212;0.0230116;0.979047 0.162045 0.123324 0.123575 -0.165755 0.985956 0.0203752 0.932231 -0.11829 -0.0403898 0.992157 0.867894 0 0 0 1 
38591597440046;0.061941;0.0258418;0.999559 -0.0120927 0.0271327 0.0096665 0.0114169 0.999624 0.024926 -0.0406435 -0.0274239 -0.0246052 0.999321 0.0621194 0 0 0 1 
38591597440047;0.281023;0.0231778;0.982822 0.16801 -0.076377 0.56896 -0.159042 0.980974 0.111334 0.424351 0.0936291 -0.0972748 0.990844 -0.953085 0 0 0 1 
38591597440048;0.595102;0.032714;0.986663 0.0613791 -0.150762 0.0122712 -0.014566 0.955759 0.293788 -0.732984 0.162124 -0.287674 0.943906 -1.99067 0 0 0 1 
38591597440049;0.461067;0.0152145;0.896411 0.121931 -0.426123 0.988288 -0.206099 0.965822 -0.157198 0.849819 0.392392 0.228737 0.890903 -1.62685 0 0 0 1 
38591597440050;0.266343;0.0169544;0.998643 0.00873427 -0.0513371 0.0890129 -0.024092 0.951477 -0.306774 0.175036 0.0461666 0.307595 0.950397 0.132303 0 0 0 1 
38591597440051;0.432966;0.0215787;0.925763 0.186774 -0.328751 1.12805 -0.186073 0.981951 0.0338976 1.09433 0.329149 0.0297906 0.943808 -1.20153 0 0 0 1 
38591597440052;0.0767887;0.0185802;0.995111 -0.0195454 0.0968069 -0.034291 0.0221587 0.999416 -0.0259935 -0.111999 -0.0962424 0.0280115 0.994964 0.443086 0 0 0 1 
38591597440053;0.465189;0.298904;0.991692 0.0974771 -0.0839356 0.40213 -0.0903167 0.992257 0.085256 0.530691 0.0915962 -0.0769669 0.992817 -0.442451 0 0 0 1 
38591597440054;0.503874;0.0229431;0.997605 0.0459867 0.0516603 -0.759654 -0.0500764 0.995465 0.0808816 0.16654 -0.0477066 -0.0832749 0.995384 0.204717 0 0 0 1 
38591597440055;0.362809;0.0226971;0.992797 -0.119687 0.00547972 -0.204784 0.119689 0.992811 -1.1289e-05 -0.651439 -0.00543897 0.000667069 0.999985 -0.546835 0 0 0 1 
38591597440056;0.349297;0.113928;0.975764 0.201462 0.0854298 0.2953 -0.218241 0.924484 0.312572 0.459617 -0.0160071 -0.323641 0.946045 -0.321522 0 0 0 1 
38591597440057;0.335627;0.0214388;0.924903 -0.0203388 -0.379658 0.575673 0.0380039 0.998513 0.0390914 -0.12056 0.378299 -0.0505843 0.9243 -1.68464 0 0 0 1 
38591597440058;0.689618;0.289456;0.988582 0.139919 -0.055937 -0.281497 -0.140667 0.99001 -0.00964682 0.790443 0.0540284 0.0174051 0.998388 -0.511908 0 0 0 1 
38591597440059;0.45308;0.0167462;0.999986 0.00513011 -0.00108709 -0.376199 -0.00513936 0.999949 -0.0086791 -0.356112 0.00104251 0.00868457 0.999962 -0.559825 0 0 0 1 
38591597440060;0.265486;0.0165453;0.995266 -0.0956726 0.017094 -0.00823128 0.0944128 0.993506 0.0634985 -0.654779 -0.0230581 -0.061584 0.997836 0.296422 0 0 0 1 
38591597440062;0.128316;0.0350469;0.997273 -0.0736605 0.00450481 -0.197799 0.0723002 0.987445 0.140444 -0.504412 -0.0147934 -0.139735 0.990078 -0.409429 0 0 0 1 
38591597440063;0.451456;0.0305261;0.996461 -0.0337381 0.0769877 -0.223118 0.00802988 0.949932 0.312354 -0.509758 -0.0836713 -0.310631 0.946841 0.196211 0 0 0 1 
38591597440064;0.130373;0.0285228;0.997953 0.0639365 -0.00137789 0.0524393 -0.063804 0.99396 -0.0892926 0.191847 -0.00433949 0.0891977 0.996004 0.176521 0 0 0 1 
38591597440065;0.480669;0.0302492;0.951733 0.0832653 0.295418 -0.0284388 -0.0597237 0.994342 -0.0878524 0.357629 -0.301061 0.0659685 0.95132 0.860491 0 0 0 1 
38591597440066;0.373674;0.0312869;0.919635 0.0336495 0.391331 0.133687 -0.0713671 0.994054 0.082238 0.354925 -0.386237 -0.103557 0.916568 1.67024 0 0 0 1 
38591597440067;0.212733;0.0272277;0.98459 0.143995 0.0992398 0.318111 -0.165161 0.952195 0.256994 0.425073 -0.0574897 -0.269425 0.961304 -0.377618 0 0 0 1 
38591597440068;0.0642751;0.0293268;0.998225 -0.0377753 -0.0460506 -0.102831 0.0346993 0.997225 -0.0658579 -0.111252 0.0484107 0.0641431 0.996766 -0.0369128 0 0 0 1 
38591597440069;0.225205;0.0219686;0.993626 -0.0506171 -0.100723 -0.0852221 0.042047 0.995454 -0.0854624 -0.146444 0.104591 0.0806826 0.991237 -0.628574 0 0 0 1 
38591597440070;0.596655;0.0263149;0.983958 -0.132393 0.119579 -1.01166 0.145273 0.983664 -0.106302 -0.000518484 -0.103552 0.121969 0.987117 0.489902 0 0 0 1 
38591597440071;0.538974;0.0464675;0.969341 0.200925 0.141445 0.217952 -0.227429 0.951564 0.206886 1.20336 -0.0930252 -0.232712 0.968086 0.444032 0 0 0 1 
38591597440072;0.398938;0.263109;0.997722 0.0630225 -0.0240533 -0.11751 -0.066483 0.979048 -0.192468 0.52221 0.0114195 0.193629 0.981008 0.0977486 0 0 0 1 
38591597440073;0.454646;0.0339829;0.971435 0.237099 0.00989511 0.177738 -0.237021 0.971468 -0.00847466 0.730525 -0.0116221 0.00588724 0.999915 -0.324811 0 0 0 1 
38591597440074;0.403252;0.0258789;0.995453 -0.0952493 -0.000380539 0.381048 0.0951357 0.994446 -0.045009 -0.360899 0.0046655 0.0447682 0.998987 0.280115 0 0 0 1 
38591597440075;0.606683;0.0839399;0.99833 -0.046548 -0.0341979 0.318593 0.0299219 0.923215 -0.383118 -0.00395593 0.0494054 0.381455 0.923066 1.443 0 0 0 1 
38591597440076;0.528752;0.0273748;0.999155 0.0222372 -0.0345527 -0.585414 -0.0215323 0.999555 0.0206398 0.241175 0.0349963 -0.0198784 0.99919 0.315418 0 0 0 1 
38591597440077;0.46683;0.383289;0.971921 0.0282535 0.233603 -0.61933 -0.0643922 0.986805 0.148557 0.281716 -0.226324 -0.159428 0.960916 0.584827 0 0 0 1 
38591597440078;0.164495;0.0314654;0.999945 -0.010316 0.00181738 -0.281448 0.0103403 0.99985 -0.0139059 -0.0655873 -0.00167365 0.0139239 0.999902 0.0841258 0 0 0 1 
38591597440079;0.383028;0.076332;0.937723 0.0583301 0.342452 0.390114 -0.111393 0.984235 0.137377 0.303723 -0.32904 -0.166969 0.929438 0.62144 0 0 0 1 
38591597440080;0.593423;0.315151;0.996501 -0.0690801 -0.0470522 -0.0826826 0.0701553 0.997302 0.0215944 -0.324437 0.0454335 -0.0248198 0.998659 0.404329 0 0 0 1 
38591597440081;0.611108;0.0302997;0.938565 -0.0103404 -0.344949 0.970825 -0.106746 0.941834 -0.318675 0.45881 0.32818 0.335919 0.882868 -1.16009 0 0 0 1 
38591597440082;0.502695;0.325889;0.995927 0.0835852 0.0337973 -0.272905 -0.0861731 0.992716 0.0842017 0.306197 -0.0265131 -0.0867712 0.995875 -0.593041 0 0 0 1 
38591597440083;0.715049;0.124886;0.94328 -0.288988 0.163427 -0.480304 0.314082 0.936291 -0.157199 -1.55657 -0.107586 0.199612 0.973951 1.92519 0 0 0 1 
38591597440084;0.378082;0.0279135;0.989444 -0.00398909 0.144862 -0.175465 -0.0234426 0.982049 0.187161 -0.0526978 -0.143009 -0.188581 0.971589 -0.436755 0 0 0 1 
38591597440085;0.428084;0.443966;0.998758 0.0270373 0.0418438 -0.074568 -0.0275314 0.999557 0.0112766 0.0614677 -0.0415204 -0.0124146 0.999061 0.247933 0 0 0 1 
38591597440086;0.348552;0.108971;0.961183 0.172221 -0.215565 0.570994 -0.228448 0.934863 -0.27174 0.897266 0.154724 0.310437 0.937917 0.257349 0 0 0 1 
38591597440087;0.456571;0.0270355;0.972389 -0.231087 -0.0325239 -0.944461 0.231825 0.972529 0.021101 -1.22182 0.0267543 -0.0280582 0.999248 -0.68321 0 0 0 1 
38591597440088;0.581918;0.025014;0.99228 0.0415634 0.116846 -0.40958 -0.0436835 0.998923 0.0156417 0.536298 -0.11607 -0.0206252 0.993027 -0.311528 0 0 0 1 
38591597440089;0.343578;0.0263318;0.975006 -0.180106 -0.130098 -0.227537 0.134129 0.943957 -0.301586 -0.436966 0.177124 0.276598 0.944521 -0.423455 0 0 0 1 
38591597440090;0.290589;0.0291218;0.994446 -0.102922 0.021985 -0.2059 0.102807 0.994681 0.00628825 -0.126759 -0.0225153 -0.0039931 0.999739 0.341707 0 0 0 1 
38591597440091;0.344699;0.316992;0.99906 -0.0354423 0.0249777 -0.10273 0.0359709 0.999131 -0.0210409 -0.205115 -0.0242102 0.0219196 0.999467 0.115053 0 0 0 1 
38591597440093;0.395285;0.0873726;0.941024 -0.2718 0.20149 -0.183219 0.28412 0.958171 -0.0344038 -0.0479209 -0.183711 0.089622 0.978886 -0.217981 0 0 0 1 
38591597440094;0.48271;0.00613444;0.900209 0.0966803 0.424591 0.0519455 -0.129963 0.990254 0.0500613 0.494289 -0.415613 -0.100247 0.904 -0.124615 0 0 0 1 
38591597440095;0.208258;0.173993;0.997768 0.0663381 -0.00761255 -0.222939 -0.0661619 0.997579 0.021437 0.0251135 0.0090162 -0.0208855 0.999741 0.00611514 0 0 0 1 
38591597440096;0.348707;0.143641;0.933695 0.275495 -0.228727 -0.0794154 -0.235802 0.95379 0.186233 0.0150176 0.269463 -0.11995 0.955511 -0.0411514 0 0 0 1 
38591597440097;0.0996698;0.0133549;0.995937 -0.0843652 -0.0314853 0.0505886 0.0841321 0.996417 -0.00865992 -0.11378 0.032103 0.00597582 0.999467 0.0897836 0 0 0 1 
38591597440098;0.341585;0.0999228;0.928546 -0.263667 0.261307 -0.0630366 0.234633 0.962343 0.137272 -0.413404 -0.287661 -0.066152 0.955445 0.42639 0 0 0 1 
38591597440099;0.517514;0.0730355;0.878112 0.206688 0.431509 -0.77495 -0.239782 0.970553 0.023068 0.452435 -0.414034 -0.123725 0.901814 0.518744 0 0 0 1 
38591597440100;0.554576;0.0102597;0.900632 0.235897 0.364985 -0.830406 -0.220286 0.971769 -0.0844995 -0.265074 -0.374615 -0.00429805 0.927171 0.367041 0 0 0 1 
38591597440101;0.308911;0.00932742;0.997509 0.0118572 -0.0695357 0.40451 -0.0132042 0.999733 -0.0189442 -0.172985 0.0692925 0.0198152 0.9974 -0.678294 0 0 0 1 
38591597440102;0.281264;0.0602215;0.971021 0.202455 0.127006 -0.155968 -0.225414 0.952405 0.205213 0.373742 -0.0794148 -0.227895 0.970442 0.0753838 0 0 0 1 
38591597440103;0.458862;0.247004;0.967493 -0.229419 0.106412 0.0588161 0.210721 0.963964 0.162388 -0.75735 -0.139832 -0.134686 0.980972 -0.049374 0 0 0 1 
38591597440104;0.179607;0.013209;0.980633 0.044541 -0.190721 0.126971 -0.0348111 0.99793 0.0540679 -0.112809 0.192734 -0.0463816 0.980154 -0.254513 0 0 0 1 
38591597440105;0.407802;0.281941;0.9895 -0.127392 -0.0682755 0.234824 0.127664 0.991817 -0.000370102 -0.20335 0.067764 -0.00835014 0.997666 -0.0939923 0 0 0 1 
38591597440106;0.119513;0.0120382;0.998022 -0.00792819 0.0623621 -0.127966 0.0116599 0.998148 -0.0597053 0.102904 -0.0617732 0.0603143 0.996266 -0.127572 0 0 0 1 
38591597440107;0.268114;0.230384;0.998389 -0.0480513 -0.0301749 0.0235902 0.0471844 0.998471 -0.0288126 -0.0477577 0.0315132 0.0273424 0.999129 0.0953553 0 0 0 1 
38591597440108;0.407271;0.119111;0.953619 0.269365 -0.134363 -0.441402 -0.24948 0.957013 0.14794 0.114279 0.168437 -0.107557 0.979827 0.332248 0 0 0 1 
38591597440109;0.443389;0.00964732;0.975371 0.160177 0.151639 -0.712498 -0.18369 0.970458 0.156427 -0.49057 -0.122103 -0.180429 0.97598 0.0914596 0 0 0 1 
38591597440110;0.432632;0.010503;0.97265 -0.072607 0.220637 -0.619082 0.130017 0.957322 -0.25813 0.467657 -0.192478 0.279756 0.940579 0.043661 0 0 0 1 
38591597440111;0.338245;0.0236029;0.919832 0.325579 -0.218877 0.0197924 -0.320807 0.945365 0.0580363 0.170652 0.225814 0.0168334 0.974025 -0.0201079 0 0 0 1 
38591597440112;0.277197;0.00905061;0.970311 0.137517 0.198962 -0.348654 -0.100606 0.97757 -0.185029 -0.0344535 -0.219944 0.159519 0.962382 0.246379 0 0 0 1 
38591597440113;0.357829;0.0882233;0.97396 0.226519 0.00953637 -0.208181 -0.226552 0.970756 0.0794136 0.0101634 0.00873122 -0.0795061 0.996796 -0.521408 0 0 0 1 
38591597440114;0.246214;0.00618769;0.973784 0.222969 0.0450609 -0.182429 -0.215246 0.967247 -0.134548 0.504343 -0.0735851 0.121322 0.989882 -0.0473698 0 0 0 1 
38591597440115;0.388473;0.267904;0.939038 -0.180723 0.292485 -0.440719 0.210187 0.974978 -0.0723878 -0.0501074 -0.272085 0.129451 0.953526 0.362642 0 0 0 1 
38591597440116;0.336493;0.122075;0.972522 -0.208685 0.103203 0.0788711 0.231608 0.912232 -0.33792 0.138761 -0.0236263 0.352537 0.9355 -0.189322 0 0 0 1 
38591597440117;0.374866;0.00888153;0.99974 0.0208295 -0.00923376 0.840071 -0.0205805 0.999442 0.0262934 -0.175891 0.00977629 -0.0260966 0.999612 0.237387 0 0 0 1 
38591597440118;0.178075;0.00960352;0.985513 -0.136411 0.100777 0.0550941 0.156704 0.959664 -0.233427 0.0428867 -0.0648704 0.245837 0.967138 -0.0236003 0 0 0 1 
38591597440119;0.473817;0.0250376;0.984627 -0.172065 0.0300539 1.00887 0.172475 0.984945 -0.0116124 -0.367081 -0.0276034 0.0166174 0.999481 0.37857 0 0 0 1 
38591597440120;0.215098;0.013397;0.969268 -0.245613 0.0139008 0.224485 0.245504 0.969353 0.00913418 -0.302213 -0.0157182 -0.00544078 0.999862 0.0184652 0 0 0 1 
38591597440121;0.418127;0.010348;0.992138 0.0916064 0.0852642 0.0455102 -0.0970664 0.993329 0.0622539 0.0256745 -0.0789926 -0.0700408 0.994412 1.06687 0 0 0 1 
38591597440122;0.192825;0.0138195;0.972487 0.230948 0.0305182 -0.170554 -0.232935 0.965768 0.114167 0.171688 -0.00310688 -0.118135 0.992993 0.107051 0 0 0 1 
38591597440124;0.0779043;0.0205648;0.999472 0.0131512 -0.0296963 0.00207692 -0.0135906 0.9998 -0.0146443 0.0525005 0.0294978 0.0150401 0.999452 0.136001 0 0 0 1 
38591597440125;0.14453;0.0107393;0.998938 0.0113607 -0.044661 0.0645178 -0.000425026 0.971366 0.237587 -0.219741 0.0460814 -0.237315 0.970339 -0.573315 0 0 0 1 
38591597440126;0.34028;0.0190058;0.951112 -0.158489 0.265079 -0.722478 0.19215 0.97561 -0.106129 -0.272004 -0.241794 0.151875 0.958368 0.293026 0 0 0 1 
38591597440127;0.280733;0.0132929;0.975198 -0.109222 0.19251 -0.545932 0.104746 0.993941 0.0333064 0.209586 -0.194981 -0.0123157 0.98073 0.254233 0 0 0 1 
38591597440128;0.300881;0.0896213;0.939731 0.339179 -0.043164 0.946682 -0.323791 0.923355 0.206337 0.13951 0.109841 -0.179925 0.977528 -0.546911 0 0 0 1 
38591597440129;0.231531;0.0154739;0.958964 0.0911329 -0.268483 0.478902 -0.0300125 0.974243 0.223495 -0.0336066 0.281935 -0.206266 0.936999 -0.713366 0 0 0 1 
38591597440130;0.346361;0.0230231;0.992216 -0.122505 0.0223395 -0.402686 0.122177 0.992387 0.0155316 -0.753274 -0.0240721 -0.0126814 0.99963 -0.217384 0 0 0 1 
38591597440131;0.336968;0.31248;0.988087 -0.140843 0.062032 -0.0618396 0.140684 0.99003 0.00694059 0.169527 -0.0623911 0.001869 0.99805 0.122867 0 0 0 1 
38591597440132;0.344656;0.0592459;0.906512 0.344778 -0.243649 1.11639 -0.360591 0.932462 -0.0221114 0.199058 0.21957 0.107902 0.969611 0.229513 0 0 0 1 
38591597440133;0.350181;0.026289;0.9884 0.150672 0.0190501 0.195378 -0.147822 0.983222 -0.106881 -0.424607 -0.0348344 0.102825 0.994089 0.488433 0 0 0 1 
38591597440134;0.561974;0.344993;0.954714 -0.174212 0.241187 0.0833129 0.186098 0.982154 -0.0272304 0.475099 -0.232138 0.0708816 0.970097 1.00155 0 0 0 1 
38591597440135;0.216019;0.0123852;0.979219 -0.0303549 -0.200523 0.145106 0.0571565 0.989963 0.129254 -0.276958 0.194587 -0.13803 0.971125 -0.564512 0 0 0 1 
38591597440136;0.499684;0.287071;0.995084 -0.0988564 0.00585177 0.194885 0.0986522 0.994714 0.0284761 -0.0607006 -0.00863588 -0.0277588 0.999577 -0.70466 0 0 0 1 
38591597440137;0.297035;0.0214469;0.994464 0.103635 0.0173597 0.0837702 -0.102534 0.993186 -0.0553948 0.690137 -0.0229823 0.0533082 0.998314 0.125749 0 0 0 1 
38591597440138;0.314957;0.0171458;0.937996 0.27235 0.21445 0.69638 -0.280555 0.959803 0.00819553 0.304397 -0.203597 -0.0678523 0.976701 -0.103412 0 0 0 1 
38591597440139;0.155913;0.0169732;0.994504 -0.00956313 0.104265 0.131771 0.0257585 0.987561 -0.155111 0.101354 -0.101485 0.156944 0.982379 0.609935 0 0 0 1 
38591597440140;0.442404;0.0160538;0.983647 -0.0689235 0.166399 -0.179805 0.016687 0.954784 0.296833 -0.277607 -0.179334 -0.289202 0.94032 0.164709 0 0 0 1 
38591597440141;0.257242;0.0237726;0.976874 0.170879 -0.12852 0.709175 -0.110451 0.917963 0.380978 -0.37613 0.183078 -0.357972 0.915608 -1.08977 0 0 0 1 
38591597440142;0.222719;0.0145908;0.977719 0.116729 0.174467 0.214254 -0.120015 0.992737 0.00836782 0.127655 -0.172223 -0.0291202 0.984627 0.284001 0 0 0 1 
38591597440143;0.482302;0.0170718;0.941872 0.178477 -0.284644 0.792993 -0.0934984 0.953004 0.28817 -0.8349 0.322698 -0.244806 0.914295 -0.765684 0 0 0 1 
38591597440144;0.255934;0.00969422;0.996997 0.0762263 -0.0136929 0.268675 -0.076014 0.996988 0.015407 0.270262 0.014826 -0.0143198 0.999788 -0.531227 0 0 0 1 
38591597440145;0.370694;0.315945;0.966126 -0.127382 -0.224443 0.089741 0.113679 0.990832 -0.0730066 0.383331 0.231685 0.045019 0.971749 -0.112057 0 0 0 1 
38591597440146;0.299941;0.0298646;0.996037 0.0676394 -0.0577559 0.204627 -0.0727965 0.993055 -0.0924296 -0.12925 0.0511029 0.0962677 0.994043 0.776918 0 0 0 1 
38591597440147;0.410512;0.0217652;0.983925 -0.17523 0.0344264 -0.793734 0.175228 0.984523 0.00309934 0.133824 -0.0344367 0.00298294 0.999402 -0.608111 0 0 0 1 
38591597440148;0.471802;0.471053;0.973013 -0.161143 -0.165162 0.362921 0.163675 0.986513 0.0017438 0.398516 0.162653 -0.0287295 0.986265 -0.013289 0 0 0 1 
38591597440149;0.337741;0.0146998;0.999986 0.00311624 -0.00423443 0.0723273 -0.00311674 0.999995 -0.000113235 0.232743 0.00423406 0.000126431 0.999991 -0.693322 0 0 0 1 
38591597440150;0.131256;0.0214059;0.998614 -0.0525803 -0.00248563 -0.216758 0.0525718 0.998612 -0.00335236 0.0491718 0.00265845 0.00321704 0.999991 -0.208433 0 0 0 1 
38591597440151;0.387023;0.358485;0.993652 -0.0453181 -0.102969 0.0979193 0.0482797 0.998484 0.0264525 0.135909 0.101614 -0.0312559 0.994333 0.238194 0 0 0 1 
38591597440152;0.263342;0.173586;0.98003 -0.198677 -0.00829213 -0.366056 0.198825 0.979709 0.0252581 0.0485874 0.00310568 -0.0264024 0.999647 -0.0160056 0 0 0 1 
38591597440153;0.441403;0.0146256;0.989582 0.134437 -0.051522 0.383895 -0.124855 0.979539 0.157842 0.538937 0.0716877 -0.149765 0.986119 0.232699 0 0 0 1 
38591597440155;0.258376;0.00722198;0.998692 0.0429129 0.0277915 -0.601572 -0.0440931 0.998087 0.0433479 0.245441 -0.0258781 -0.0445166 0.998673 0.524798 0 0 0 1 
38591597440156;0.221561;0.00845474;0.999772 0.0118611 -0.0177596 0.0329009 -0.0131958 0.996942 -0.0770273 0.0140491 0.0167917 0.0772441 0.996871 -0.700978 0 0 0 1 
38591597440157;0.430412;0.315501;0.993018 -0.0797298 -0.0869445 0.281529 0.0657916 0.986063 -0.152814 0.143522 0.0979165 0.146027 0.984423 -0.420158 0 0 0 1 
38591597440158;0.209175;0.00715014;0.987154 0.0362566 0.155606 -0.105815 -0.0425233 0.998405 0.0371339 0.198211 -0.154011 -0.0432737 0.987121 0.639434 0 0 0 1 
38591597440159;0.222826;0.0233589;0.966756 -0.206125 -0.151311 0.0103951 0.196136 0.977439 -0.0783744 -0.261966 0.164052 0.0460914 0.985374 -0.226034 0 0 0 1 
38591597440160;0.348174;0.00728595;0.998048 0.0469039 -0.0412325 -0.265587 -0.0498066 0.996128 -0.0724446 0.920808 0.0376749 0.0743568 0.99652 -0.545506 0 0 0 1 
38591597440161;0.528254;0.374099;0.993957 -0.104652 -0.0331409 0.31744 0.102984 0.993496 -0.0485723 -0.313245 0.0380085 0.0448658 0.99827 0.131266 0 0 0 1 
38591597440162;0.274646;0.0073326;0.997619 -0.0683656 -0.00904368 -0.734647 0.0684149 0.997643 0.00525494 -0.019028 0.0086631 -0.00586115 0.999945 -0.129353 0 0 0 1 
38591597440163;0.298037;0.0299712;0.967131 -0.251642 -0.0365282 0.502092 0.253252 0.966135 0.0494582 -0.15926 0.0228454 -0.0570834 0.998108 -0.255148 0 0 0 1 
38591597440164;0.263298;0.00709783;0.976371 0.184506 -0.112505 -0.263946 -0.180076 0.98246 0.0484359 0.0889311 0.119468 -0.027032 0.99247 0.542622 0 0 0 1 
38591597440165;0.352749;0.00657746;0.977447 0.208972 -0.0304645 -0.600606 -0.210676 0.954944 -0.209039 0.605334 -0.0145915 0.210743 0.977433 -0.419436 0 0 0 1 
38591597440166;0.206209;0.00744256;0.983034 -0.180704 0.0314831 0.332811 0.182185 0.981826 -0.0531653 0.205794 -0.0213038 0.057999 0.998089 -0.204054 0 0 0 1 
38591597440167;0.319448;0.00900495;0.999921 -0.00413937 0.0118763 0.35512 0.00418374 0.999984 -0.00371393 -0.448356 -0.0118608 0.00376333 0.999923 -0.756001 0 0 0 1 
38591597440168;0.116047;0.00807613;0.999779 0.0167532 -0.0127159 -0.0146387 -0.0183214 0.990628 -0.135354 0.13587 0.0103291 0.135557 0.990716 -0.211841 0 0 0 1 
38591597440169;0.218803;0.00737828;0.997406 -0.0274786 0.0665305 0.00301179 0.0106625 0.970472 0.240978 -0.190368 -0.0711877 -0.239643 0.968248 0.477813 0 0 0 1 
38591597440170;0.167043;0.00712005;0.999697 0.0104799 -0.0222724 0.0414705 -0.0103992 0.999939 0.00373585 -0.0749165 0.0223102 -0.0035031 0.999745 -0.485713 0 0 0 1 
38591597440171;0.339075;0.00674155;0.962423 -0.252553 0.0997989 0.468043 0.254432 0.96707 -0.00635309 0.0759382 -0.094908 0.0315063 0.994987 0.669544 0 0 0 1 
38591597440172;0.374586;0.0075037;0.976686 -0.0864544 -0.196493 1.06001 0.0499057 0.981683 -0.183867 0.100926 0.20879 0.169774 0.963111 -0.0310727 0 0 0 1 
38591597440173;0.118391;0.00846819;0.997669 0.0270609 0.0626431 -0.298839 -0.0247042 0.998969 -0.0380945 0.0293005 -0.0636093 0.0364582 0.997309 0.177362 0 0 0 1 
38591597440174;0.158802;0.00655137;0.992985 -0.0357065 0.112722 -0.133457 0.0128538 0.980262 0.197284 -0.0733007 -0.117541 -0.194451 0.973844 0.198302 0 0 0 1 
38591597440175;0.263758;0.00850411;0.962622 0.184959 0.19786 -0.565542 -0.200001 0.978031 0.058779 0.0980268 -0.182641 -0.0961542 0.978466 0.365443 0 0 0 1 
38591597440176;0.174741;0.00797774;0.99856 -0.052352 0.0117348 0.0667233 0.0494966 0.983322 0.175006 -0.358219 -0.020701 -0.174173 0.984497 0.156151 0 0 0 1 
38591597440177;0.253101;0.0080724;0.992227 0.12193 0.0248667 -0.615733 -0.1212 0.992203 -0.0290335 -0.309455 -0.0282129 0.025794 0.999269 -0.196039 0 0 0 1 
38591597440178;0.247175;0.00722421;0.996488 0.0784213 0.0293669 -0.359505 -0.0768381 0.995706 -0.0516327 -0.555411 -0.0332899 0.0491948 0.998234 -0.163697 0 0 0 1 
38591597440179;0.388374;0.351792;0.99799 -0.0530484 0.0346554 -0.0818922 0.0547586 0.997226 -0.0504195 0.147315 -0.0318846 0.0522158 0.998127 0.0892749 0 0 0 1 
38591597440180;0.287474;0.007714;0.906663 0.29074 -0.305667 -0.0458471 -0.275903 0.956801 0.0916996 0.231018 0.319123 0.00119377 0.947712 -0.335223 0 0 0 1 
38591597440181;0.269146;0.00684586;0.998874 -0.0325746 0.034487 0.220034 0.0291546 0.995011 0.0954054 -0.731894 -0.0374228 -0.0942925 0.994841 -0.131981 0 0 0 1 
38591597440182;0.36237;0.0268516;0.957531 0.260943 0.12265 -0.75445 -0.276944 0.950718 0.139414 0.108185 -0.0802269 -0.167461 0.982609 -0.152842 0 0 0 1 
38591597440183;0.418551;0.280206;0.991597 -0.128646 -0.0136289 0.409861 0.124386 0.977066 -0.172832 0.00147976 0.0355505 0.169684 0.984857 -0.150199 0 0 0 1 
38591597440184;0.369769;0.00723721;0.999588 -0.0212942 0.0192433 -0.821266 0.023931 0.988514 -0.149222 -0.0609281 -0.0158448 0.149621 0.988617 -0.690465 0 0 0 1 
38591597440186;0.226268;0.0413395;0.999967 -0.00523021 0.00624338 -0.122059 0.00516817 0.999938 0.00991205 -0.280326 -0.00629483 -0.00987945 0.999931 0.0636855 0 0 0 1 
38591597440187;0.539163;0.267826;0.996647 -0.0590301 0.0566618 0.154228 0.0584205 0.998216 0.0123558 -0.348333 -0.05729 -0.00900413 0.998317 0.642331 0 0 0 1 
38591597440188;0.243538;0.0355827;0.970747 0.177836 0.161322 -0.252609 -0.201491 0.96877 0.144519 0.550656 -0.130583 -0.172796 0.976263 0.476968 0 0 0 1 
38591597440189;0.327282;0.0437675;0.998781 -0.0136353 -0.0474308 0.146462 0.0162212 0.998378 0.0545676 -0.138257 0.0466099 -0.0552705 0.997383 -0.577104 0 0 0 1 
38591597440190;0.477387;0.0414775;0.942723 0.112215 0.314136 -0.0910394 -0.190551 0.954107 0.23102 0.441719 -0.273796 -0.277647 0.920841 1.39678 0 0 0 1 
38591597440191;0.452785;0.261917;0.988096 0.0450534 0.147094 0.0874211 -0.0959784 0.927786 0.360558 0.0295609 -0.120228 -0.370383 0.921065 1.24366 0 0 0 1 
38591597440192;0.627235;0.343055;0.997704 -0.0622221 0.0267589 0.244668 0.0599812 0.995173 0.0776676 -0.443746 -0.0314623 -0.0758842 0.99662 0.763643 0 0 0 1 
38591597440193;0.3706;0.0490729;0.999888 0.00204656 0.0148036 -0.0973123 0.000138359 0.989268 -0.146109 0.232363 -0.0149438 0.146095 0.989158 -0.485208 0 0 0 1 
38591597440194;0.358294;0.0376275;0.981773 0.155654 0.109062 0.245299 -0.156783 0.987631 0.00180885 0.119201 -0.107431 -0.0188749 0.994033 0.185357 0 0 0 1 
38591597440195;0.380792;0.0356367;0.935188 0.294215 -0.197131 0.0142266 -0.2955 0.955052 0.0235501 0.807164 0.195199 0.0362284 0.980094 -0.274138 0 0 0 1 
38591597440196;0.614704;0.468105;0.990319 -0.110691 -0.0837597 0.0879289 0.126646 0.967525 0.21876 -0.353116 0.0568248 -0.22725 0.972177 0.147912 0 0 0 1 
38591597440197;0.540834;0.0369671;0.949766 0.30179 -0.0828702 0.55934 -0.304802 0.952056 -0.0261785 0.937256 0.0709966 0.0501225 0.996216 0.0336443 0 0 0 1 
38591597440198;0.653732;0.0287803;0.973135 0.229128 -0.0225311 0.0422299 -0.226654 0.936221 -0.268547 0.302119 -0.0404376 0.266439 0.963003 0.545922 0 0 0 1 
38591597440199;0.0659977;0.042904;0.999728 -0.0159239 0.0170234 -0.0363347 0.0160678 0.999836 -0.00834794 -0.0508346 -0.0168877 0.0086192 0.99982 0.0228103 0 0 0 1 
38591597440200;0.599375;0.038516;0.998354 0.0566601 -0.00891675 0.528628 -0.0566502 0.998393 0.00136085 0.73821 0.00897953 -0.00085347 0.999959 0.124182 0 0 0 1 
38591597440201;0.617035;0.0332608;0.995135 0.0560858 0.081003 0.390583 -0.0354402 0.970899 -0.236853 0.221916 -0.0919298 0.23283 0.968163 -0.517602 0 0 0 1 
38591597440202;0.728849;0.214237;0.92672 0.0428681 -0.373299 0.654455 0.0518216 0.969396 0.239969 -0.512076 0.372162 -0.241729 0.896138 0.0895246 0 0 0 1 
38591597440203;0.628996;0.0360178;0.958117 0.285213 -0.0257922 0.739467 -0.284313 0.95814 0.0336832 0.913106 0.0343194 -0.0249394 0.9991 0.117736 0 0 0 1 
38591597440204;0.361491;0.260666;0.999022 -0.0441703 -0.00220274 0.0199949 0.0442121 0.9987 0.0253873 -0.228457 0.00107851 -0.0254598 0.999675 0.34805 0 0 0 1 
38591597440205;0.426394;0.0397346;0.979275 0.146667 0.139674 -0.412003 -0.173786 0.962656 0.207586 0.271947 -0.104012 -0.227557 0.968194 0.73647 0 0 0 1 
38591597440206;0.39785;0.0353237;0.981354 0.0971624 0.165841 -0.00893453 -0.151588 0.921723 0.356998 0.265461 -0.118172 -0.375481 0.919265 0.858339 0 0 0 1 
38591597440207;0.654746;0.0325946;0.987795 0.148467 0.0471057 -0.592037 -0.150991 0.986976 0.0555005 -0.202546 -0.0382522 -0.0619357 0.997347 0.481141 0 0 0 1 
38591597440208;0.405729;0.0391089;0.962087 -0.0317046 0.270893 -0.148583 -0.0244306 0.97921 0.20137 -0.418724 -0.271645 -0.200354 0.941311 0.620985 0 0 0 1 
38591597440209;0.302589;0.0361999;0.944449 0.3286 0.00609524 -0.198452 -0.328641 0.94406 0.0273044 0.945339 0.00321796 -0.0277908 0.999609 0.0595943 0 0 0 1 
38591597440210;0.290612;0.0400643;0.995836 0.0899029 -0.0150793 -0.107407 -0.0910489 0.972815 -0.212932 0.406879 -0.00447385 0.213419 0.976951 0.0808455 0 0 0 1 
38591597440211;0.669792;0.0386606;0.982199 0.147083 0.116842 -0.301301 -0.161973 0.97816 0.130258 -0.44855 -0.0951319 -0.146864 0.984571 0.570953 0 0 0 1 
38591597440212;0.674895;0.0365017;0.920206 0.106789 0.376585 0.709506 -0.228421 0.927771 0.295069 0.630034 -0.317875 -0.357544 0.878133 1.17903 0 0 0 1 
38591597440213;0.74739;0.0435709;0.990542 0.0653634 -0.120638 0.0984028 -0.0361134 0.972436 0.230358 -0.967706 0.13237 -0.223822 0.965599 0.010536 0 0 0 1 
38591597440214;0.177349;0.0284522;0.999875 0.00259109 -0.0155808 0.0575061 -0.00538794 0.983237 -0.182251 0.0393182 0.0148474 0.182312 0.983129 -0.237252 0 0 0 1 
38591597440215;0.720627;0.0580591;0.992368 0.0630709 -0.105963 -0.023842 -0.0702944 0.995349 -0.0658757 0.521996 0.101316 0.0728215 0.992186 -1.2997 0 0 0 1 
38591597440217;0.284412;0.0121992;0.999866 -0.0162972 -0.00181797 0.244128 0.0163118 0.999832 0.00833017 0.0810043 0.0016819 -0.00835871 0.999964 0.607054 0 0 0 1 
38591597440218;0.175507;0.0147209;0.98087 0.191708 -0.0337872 -0.157469 -0.192989 0.980388 -0.0399426 0.269607 0.0254673 0.0456991 0.998631 -0.0365888 0 0 0 1 
38591597440219;0.263573;0.0158488;0.983704 0.179737 0.00455216 -0.174254 -0.179719 0.983709 -0.00420255 0.374909 -0.00523335 0.00331595 0.999981 0.400716 0 0 0 1 
38591597440220;0.260161;0.0113091;0.998824 0.0317376 -0.0366392 0.0306528 -0.0306164 0.999058 0.0307684 0.556569 0.0375812 -0.0296104 0.998855 0.220747 0 0 0 1 
38591597440221;0.443483;0.0162735;0.993855 -0.0926843 -0.0605188 0.931002 0.102755 0.975797 0.193035 0.119083 0.0411626 -0.198068 0.979324 0.379393 0 0 0 1 
38591597440222;0.400675;0.0133751;0.995516 0.0896982 0.0300338 -0.261461 -0.0904183 0.995626 0.0235403 0.351859 -0.0277909 -0.0261504 0.999272 -0.82038 0 0 0 1 
38591597440223;0.500048;0.17143;0.939863 0.333802 0.072342 -0.560078 -0.338457 0.938663 0.0660166 0.512362 -0.0458683 -0.0865313 0.995193 0.426144 0 0 0 1 
38591597440224;0.319063;0.0175871;0.99967 0.0235737 -0.0101586 0.164588 -0.0235958 0.999719 -0.00206202 0.183262 0.0101072 0.00230104 0.999946 -0.747664 0 0 0 1 
38591597440225;0.246702;0.0155584;0.986081 -0.102434 0.130961 0.124081 0.0795462 0.982332 0.1694 0.173654 -0.145999 -0.156624 0.976808 -0.0604422 0 0 0 1 
38591597440226;0.422905;0.205997;0.93013 0.258553 0.260785 -0.60926 -0.220703 0.961153 -0.165758 0.540766 -0.293512 0.0966205 0.95106 0.289109 0 0 0 1 
38591597440227;0.114525;0.0125668;0.998708 0.00122136 0.0507974 -0.0838023 -0.00577359 0.995964 0.0895657 -0.231013 -0.050483 -0.0897433 0.994685 0.0289929 0 0 0 1 
38591597440228;0.227089;0.0191478;0.963464 -0.264713 0.0407982 0.12821 0.266427 0.96282 -0.044658 -0.123194 -0.0274598 0.0538961 0.998169 0.0644144 0 0 0 1 
38591597440229;0.366377;0.0144526;0.962741 0.268282 0.0339686 -0.552852 -0.266145 0.96226 -0.0567665 0.62782 -0.0479161 0.0456109 0.997809 -0.215539 0 0 0 1 
38591597440230;0.40791;0.0165721;0.999866 0.00839963 0.0140397 -0.0474632 -0.00938769 0.997371 0.0718599 -0.0308493 -0.0133991 -0.0719821 0.997316 1.00188 0 0 0 1 
38591597440231;0.122929;0.0126103;0.99764 0.059656 -0.0339935 0.0856231 -0.0564639 0.994503 0.0881757 -0.185658 0.0390669 -0.0860482 0.995525 0.0475348 0 0 0 1 
38591597440232;0.235296;0.0173499;0.964922 -0.260401 0.0334265 0.277199 0.260055 0.965487 0.0143934 -0.269987 -0.0360209 -0.00519581 0.999338 -0.0293365 0 0 0 1 
38591597440233;0.450082;0.0124274;0.909883 -0.00602652 -0.414822 0.640945 0.119354 0.961424 0.247827 -0.379967 0.397326 -0.275005 0.875502 -0.407394 0 0 0 1 
38591597440234;0.442338;0.159413;0.947981 -0.308054 -0.0802151 0.349185 0.296439 0.946137 -0.130185 0.0145317 0.115999 0.0996342 0.98824 -0.220552 0 0 0 1 
38591597440235;0.600621;0.117964;0.936074 0.351076 -0.0226205 -0.61031 -0.349613 0.935484 0.051394 0.823131 0.0392043 -0.0402001 0.998422 0.56456 0 0 0 1 
38591597440236;0.098733;0.0179965;0.9961 0.0608901 -0.0638542 0.105307 -0.0606372 0.998142 0.00589216 0.0284192 0.0640944 -0.00199724 0.997942 -0.157972 0 0 0 1 
38591597440237;0.391996;0.017745;0.992848 -0.117549 -0.0208471 0.485899 0.11883 0.989852 0.0779218 0.317739 0.0114759 -0.0798418 0.996741 0.598495 0 0 0 1 
38591597440238;0.352561;0.0148436;0.918967 0.214698 0.330763 -0.33227 -0.258238 0.961564 0.0933172 0.133739 -0.298015 -0.171171 0.939089 0.557404 0 0 0 1 
38591597440239;0.273596;0.0379877;0.954248 -0.28463 0.0916281 0.187838 0.28732 0.957677 -0.0173571 -0.294522 -0.0828098 0.0428896 0.995642 -0.0729017 0 0 0 1 
38591597440240;0.59112;0.137962;0.951589 -0.281511 -0.123412 0.659175 0.294257 0.950368 0.101063 -0.751006 0.088837 -0.132485 0.987196 0.595557 0 0 0 1 
38591597440241;0.457943;0.103871;0.952112 0.305541 0.0113067 -0.283593 -0.304746 0.951331 -0.0458169 0.370442 -0.0247554 0.0401771 0.998886 -0.658466 0 0 0 1 
38591597440242;0.307705;0.0153936;0.982125 0.186201 0.0275645 0.226321 -0.186504 0.982415 0.00881168 -0.347153 -0.0254391 -0.0137951 0.999581 -0.0233899 0 0 0 1 
38591597440243;0.105317;0.01484;0.998045 -0.0622511 0.00557391 0.0876084 0.0622305 0.998055 0.00378962 -0.073962 -0.00579898 -0.00343534 0.999977 -0.182857 0 0 0 1 
38591597440244;0.562292;0.118903;0.940234 -0.302683 -0.156025 0.70271 0.268998 0.94113 -0.204728 0.073378 0.208807 0.150522 0.966304 -0.945293 0 0 0 1 
38591597440245;0.374359;0.0154807;0.992687 -0.112222 -0.0444761 -0.518802 0.11446 0.992094 0.0514541 0.298665 0.0383502 -0.0561686 0.997684 0.309627 0 0 0 1 
38591597440246;0.451519;0.325529;0.989262 0.145895 0.00867332 -0.472378 -0.145583 0.988903 -0.0295909 0.516617 -0.0128942 0.0280104 0.999524 -0.28942 0 0 0 1 
38591597440248;0.275634;0.21188;0.998778 0.0491697 -0.00492797 -0.213651 -0.0492138 0.998745 -0.00926961 0.00179641 0.00446601 0.00950081 0.999945 -0.03157 0 0 0 1 
38591597440249;0.256114;0.00700863;0.958553 -0.181699 -0.219459 0.588016 0.168379 0.982623 -0.0781086 -0.0365313 0.229837 0.0379191 0.97249 -0.377 0 0 0 1 
38591597440250;0.238063;0.00674419;0.92237 -0.0156289 -0.385992 0.23671 -0.0408892 0.989619 -0.137779 0.308426 0.384138 0.142866 0.912155 -0.506838 0 0 0 1 
38591597440251;0.292932;0.00862855;0.999978 -0.00129704 0.00650211 -0.0190336 0.0012692 0.99999 0.00428483 -0.014339 -0.0065076 -0.00427649 0.99997 0.853982 0 0 0 1 
38591597440252;0.40515;0.0106508;0.994864 -0.00093538 0.101221 -0.21989 0.050232 0.87271 -0.485648 0.506044 -0.0878821 0.488238 0.868274 -0.312644 0 0 0 1 
38591597440253;0.264249;0.00752993;0.999613 -0.0186461 0.0206403 -0.662462 0.0183911 0.999753 0.0124741 0.0255979 -0.0208678 -0.0120896 0.999709 -0.306201 0 0 0 1 
38591597440254;0.377732;0.0857355;0.934804 -0.318989 0.156166 0.470688 0.282967 0.93465 0.215312 -0.617597 -0.214642 -0.157085 0.963978 0.239518 0 0 0 1 
38591597440255;0.159826;0.00796202;0.976271 0.0819139 0.200463 0.109262 -0.0692737 0.995189 -0.0692889 0.121286 -0.205174 0.0537579 0.977248 0.382468 0 0 0 1 
38591597440256;0.0516293;0.00772799;0.998982 0.0304707 0.0332573 -0.0742881 -0.0295901 0.999207 -0.0266572 0.122385 -0.0340432 0.025646 0.999091 0.0487375 0 0 0 1 
38591597440257;0.294004;0.00705526;0.986728 -0.124775 -0.103915 0.134176 0.116528 0.989797 -0.0819932 0.509771 0.113085 0.068796 0.991201 0.27817 0 0 0 1 
