#;prob_registration_l1 -r /home/probabilistic_point_clouds_registration/build/tester /home/point_clouds_registration_benchmark//devel/registration_pairs/gazebo_summer_local.txt /home/point_clouds_registration_benchmark//eth/gazebo_summer -s 0.2 -t 0.2 -p 0.3 -r 1000 -m 1 -i 40 
id;initial_error;final_error;transformation
36535719080000;0.0805842;0.0997583;0.999252 -0.0128015 0.0364858 -0.202083 0.00922379 0.995281 0.0965907 -0.0367819 -0.0375501 -0.096182 0.994655 0.0450277 0 0 0 1 
36535719080001;0.11249;0.0829311;0.988495 0.00960595 0.150946 -0.316859 0.0012814 0.997414 -0.0718652 0.0824227 -0.151246 0.0712319 0.985926 0.218157 0 0 0 1 
36535719080002;0.259114;0.0951335;0.989741 0.0308816 0.139492 0.0538344 -0.0561733 0.98184 0.181202 -0.397781 -0.131363 -0.187179 0.973503 0.119653 0 0 0 1 
36535719080003;0.441289;0.590524;0.982123 -0.0745954 0.172826 -0.802282 0.0862595 0.994405 -0.0609827 -0.0491677 -0.16731 0.0748004 0.983063 -0.100231 0 0 0 1 
36535719080004;0.424931;0.620451;0.957301 -0.0570849 0.2834 -1.22969 0.0802528 0.994256 -0.0708156 0.263237 -0.277729 0.0905355 0.956384 -0.0648208 0 0 0 1 
36535719080005;0.508351;0.137636;0.985724 -0.108394 0.128835 0.269821 0.149173 0.917077 -0.369754 0.755823 -0.0780718 0.383694 0.920154 -0.370288 0 0 0 1 
36535719080006;0.482532;0.38474;0.990107 -0.0104426 -0.139925 -0.706293 -0.0119701 0.987305 -0.158383 0.392746 0.139803 0.158491 0.977413 -1.41725 0 0 0 1 
36535719080007;0.407429;0.124473;0.951522 -0.307572 0.0021494 -0.0387572 0.298914 0.923047 -0.242146 -0.713546 0.0724932 0.23105 0.970238 -1.14067 0 0 0 1 
36535719080008;0.494873;0.402744;0.983624 0.000655642 0.180231 -0.990109 0.0545526 0.952003 -0.301189 0.495163 -0.171778 0.306089 0.936377 -0.685017 0 0 0 1 
36535719080009;0.260051;0.083552;0.987535 -0.0876908 0.130706 -0.22275 0.0820769 0.995482 0.0477462 -0.750394 -0.134302 -0.0364231 0.990271 -0.289603 0 0 0 1 
36535719080010;0.367096;0.14519;0.977895 -0.157769 0.137226 0.35262 0.163017 0.986231 -0.0278192 -0.189631 -0.130948 0.0495745 0.990149 0.74441 0 0 0 1 
36535719080011;0.379627;0.141762;0.968732 -0.199563 0.147419 -0.121273 0.189583 0.978678 0.0790438 0.35579 -0.16005 -0.0486242 0.985911 -0.214071 0 0 0 1 
36535719080012;0.1676;0.10292;0.998818 0.0325017 0.0361447 -0.41805 -0.0330573 0.999343 0.0148821 0.202384 -0.0356372 -0.0160594 0.999236 -0.511131 0 0 0 1 
36535719080013;0.445602;0.426122;0.955773 -0.136325 0.260603 -0.0984277 0.135586 0.990545 0.0209006 -0.361237 -0.260988 0.0153578 0.96522 0.419902 0 0 0 1 
36535719080014;0.45281;0.480351;0.998415 0.047739 0.0298082 -1.23084 -0.0472768 0.998753 -0.0160224 0.209857 -0.0305359 0.0145878 0.999427 0.0425627 0 0 0 1 
36535719080015;0.366192;0.447003;0.99777 -0.0302246 0.0595188 -1.11638 0.0280864 0.998941 0.0364386 0.0192986 -0.0605571 -0.0346856 0.997562 0.199835 0 0 0 1 
36535719080016;0.0775968;0.100565;0.991513 0.00512734 0.129907 -0.337202 -0.0111173 0.998906 0.0454263 0.0300296 -0.129532 -0.046485 0.990485 0.146214 0 0 0 1 
36535719080017;0.294515;0.0993571;0.955592 0.0752582 0.284923 -0.410698 0.00744633 0.960367 -0.278641 0.217041 -0.2946 0.268388 0.917158 0.220554 0 0 0 1 
36535719080018;0.425335;0.470401;0.99963 -0.026105 0.00758774 -0.801012 0.0266155 0.996632 -0.0775709 -0.238664 -0.00553719 0.0777442 0.996958 -0.54768 0 0 0 1 
36535719080019;0.389784;0.474739;0.998646 -0.0191827 -0.0483497 -0.78109 0.0154942 0.997022 -0.0755391 -0.0764478 0.0496548 0.0746877 0.99597 -0.476839 0 0 0 1 
36535719080020;0.317608;0.101234;0.982308 0.181657 -0.0455241 -0.335154 -0.178628 0.981861 0.0635668 0.937759 0.0562457 -0.0543103 0.996939 -0.0128814 0 0 0 1 
36535719080021;0.423824;0.487869;0.943692 -0.0946647 0.316994 -0.86888 0.212523 0.907795 -0.361583 0.330369 -0.253536 0.408592 0.876797 0.204069 0 0 0 1 
36535719080022;0.154215;0.0852723;0.999413 0.0169711 0.0297656 -0.494051 -0.0173793 0.999758 0.013512 -0.0221377 -0.0295291 -0.0140213 0.999466 -0.352036 0 0 0 1 
36535719080023;0.35143;0.0864455;0.975511 0.0065989 -0.219853 -0.141256 0.0160871 0.994732 0.101237 0.241479 0.219362 -0.102295 0.970266 0.297353 0 0 0 1 
36535719080024;0.34005;0.0747492;0.961401 -0.235652 -0.142045 0.287531 0.172011 0.917668 -0.358186 -0.202905 0.214758 0.319927 0.922782 -1.07311 0 0 0 1 
36535719080025;0.273677;0.103873;0.992965 0.0771734 -0.0898049 -0.333668 -0.0594862 0.980899 0.185197 0.457898 0.102382 -0.178552 0.978589 0.00825757 0 0 0 1 
36535719080026;0.254446;0.115345;0.998325 -0.0175153 0.0551431 0.267566 0.0171919 0.999832 0.00633421 0.421384 -0.0552448 -0.00537558 0.998458 -0.0450202 0 0 0 1 
36535719080027;0.274443;0.0980142;0.965038 0.233433 0.119208 -0.694033 -0.234742 0.972053 -0.00313847 0.440593 -0.116609 -0.0249543 0.992864 0.0539162 0 0 0 1 
36535719080028;0.110223;0.0953468;0.991147 -0.0263827 0.130119 -0.385206 0.0344499 0.997595 -0.0601428 -0.196519 -0.12822 0.064093 0.989673 0.0526128 0 0 0 1 
36535719080029;0.464721;0.614975;0.977898 -0.0409826 0.205025 -1.06882 0.0448495 0.998892 -0.0142473 0.0436563 -0.204214 0.0231277 0.978653 -0.29926 0 0 0 1 
36535719080031;0.562593;0.895836;0.995276 -0.0181804 0.0953666 -1.41966 0.0216851 0.999122 -0.0358435 0.606874 -0.0946312 0.0377423 0.994797 -0.218361 0 0 0 1 
36535719080032;0.49885;0.628678;0.99868 0.0507096 0.00821393 -0.835349 -0.0512712 0.993863 0.0980179 0.5071 -0.00319307 -0.0983096 0.995151 -0.377371 0 0 0 1 
36535719080033;0.471869;1.05763;0.979006 0.199828 0.0402092 -1.88986 -0.201446 0.918426 0.340459 0.939099 0.031104 -0.341412 0.939399 0.467275 0 0 0 1 
36535719080034;0.28376;0.559986;0.97531 0.110337 -0.191302 -0.706691 -0.0905269 0.989867 0.109396 0.729469 0.201434 -0.0893767 0.975416 -0.812845 0 0 0 1 
36535719080035;0.587922;1.11877;0.990238 -0.0740175 0.118113 -1.86901 0.0786554 0.996284 -0.0350943 -0.0136227 -0.115076 0.0440419 0.99238 -0.774195 0 0 0 1 
36535719080036;0.406933;0.495228;0.999572 -0.0165199 0.0241456 -1.10204 0.0165217 0.999863 0.000124131 0.357869 -0.0241444 0.000274849 0.999708 0.432824 0 0 0 1 
36535719080037;0.0919718;0.429927;0.99436 0.0525517 0.0921174 -0.753766 -0.0526262 0.998613 -0.00162166 0.250717 -0.0920749 -0.00323528 0.995747 0.0946202 0 0 0 1 
36535719080038;0.581548;1.23591;0.994445 0.01708 0.103867 -2.9819 -0.0226183 0.998371 0.0523797 0.253407 -0.102803 -0.054438 0.993211 0.648337 0 0 0 1 
36535719080039;0.434512;0.430473;0.994405 0.0753181 0.0740718 -1.10905 -0.0720249 0.996334 -0.0461723 0.998327 -0.0772778 0.0405789 0.996183 -0.5359 0 0 0 1 
36535719080040;0.566995;1.15709;0.954873 -0.00580635 0.296958 -1.41 -0.0369603 0.989715 0.138198 0.20965 -0.294706 -0.142937 0.944837 0.432307 0 0 0 1 
36535719080041;0.142283;0.43646;0.992204 0.111115 0.0564283 -0.657238 -0.11131 0.993786 0.000316166 0.697141 -0.0560425 -0.00659476 0.998407 -0.122548 0 0 0 1 
36535719080042;0.307724;0.655995;0.998692 -0.0122979 -0.0496201 -1.12509 -4.8694e-05 0.970404 -0.241486 0.248704 0.0511213 0.241172 0.969135 -0.220575 0 0 0 1 
36535719080043;0.210302;0.928642;0.983261 0.0474458 0.175914 -1.70996 -0.0764802 0.983799 0.162141 0.41401 -0.165372 -0.172881 0.970961 0.413291 0 0 0 1 
36535719080044;0.594242;1.28685;0.999816 -0.0114267 -0.0153978 -2.11991 0.0139381 0.98458 0.174377 -0.470228 0.0131678 -0.17456 0.984559 0.292111 0 0 0 1 
36535719080045;0.55307;0.497285;0.991596 0.0837912 0.0985727 -1.27934 -0.0684988 0.986399 -0.149417 1.36826 -0.109752 0.141409 0.983849 0.561452 0 0 0 1 
36535719080046;0.383937;0.632351;0.986562 0.116665 0.11439 -0.965872 -0.111097 0.992346 -0.0539218 1.1951 -0.119805 0.0404888 0.991971 -0.316619 0 0 0 1 
36535719080047;0.507113;0.515037;0.998715 0.00894984 0.0498749 -0.560717 -0.00870816 0.999949 -0.00506084 0.00511156 -0.0499176 0.00462002 0.998743 0.749487 0 0 0 1 
36535719080048;0.299943;0.941622;0.975221 0.00351921 0.221204 -1.62425 0.067618 0.947284 -0.313178 0.372862 -0.210645 0.320375 0.923574 0.354272 0 0 0 1 
36535719080049;0.398366;1.39343;0.979155 -0.0540933 0.195778 -2.39781 -0.00045025 0.963304 0.268412 0.0143246 -0.203113 -0.262905 0.9432 0.59537 0 0 0 1 
36535719080050;0.499825;0.897196;0.941319 0.202443 -0.270065 -1.56413 -0.195976 0.979282 0.0509992 1.30697 0.274794 0.00491971 0.96149 -1.77459 0 0 0 1 
36535719080051;0.440086;0.998331;0.985163 -0.0877013 0.147523 -1.51622 0.0997972 0.992049 -0.076683 0.0106546 -0.139625 0.0902677 0.986081 -0.287507 0 0 0 1 
36535719080052;0.307637;0.876053;0.988339 -0.00561863 0.152163 -1.63367 -0.0322862 0.968863 0.245483 0.13426 -0.148804 -0.247533 0.957384 0.353674 0 0 0 1 
36535719080053;0.461332;0.98911;0.95471 -0.0402929 0.294796 -1.35481 0.0310514 0.998871 0.0359647 0.0940922 -0.295912 -0.025182 0.954883 1.10309 0 0 0 1 
36535719080054;0.521749;0.67921;0.947756 -0.0273649 0.317821 -0.828516 -0.0120538 0.99253 0.121404 1.18367 -0.318769 -0.118892 0.940346 0.81849 0 0 0 1 
36535719080055;0.319357;1.40757;0.960084 0.000572748 0.279712 -2.35375 0.031987 0.993213 -0.111826 0.304006 -0.277878 0.11631 0.953549 0.429437 0 0 0 1 
36535719080056;0.611624;1.52767;0.976888 -0.0733022 0.200791 -2.74074 0.0983541 0.988158 -0.117768 0.368765 -0.18978 0.134795 0.97253 -0.545798 0 0 0 1 
36535719080057;0.403587;0.504417;0.997824 0.0518827 -0.0406978 -0.468401 -0.0564837 0.990979 -0.121532 0.322761 0.0340253 0.123566 0.991753 -0.44496 0 0 0 1 
36535719080058;0.354702;0.887595;0.969274 -0.0433105 0.242142 -1.296 0.0751456 0.989455 -0.123824 -0.0941945 -0.234226 0.138215 0.962307 -0.0605841 0 0 0 1 
36535719080059;0.377989;0.466803;0.985121 0.11669 0.126173 -0.702211 -0.0935372 0.97994 -0.175978 1.1688 -0.144177 0.161557 0.976275 -0.244476 0 0 0 1 
36535719080060;0.383603;0.65055;0.985784 0.151687 0.0722525 -0.785913 -0.15837 0.982497 0.0980767 1.31512 -0.0561109 -0.108125 0.992553 -0.276819 0 0 0 1 
36535719080062;0.362158;0.568415;0.998123 0.0355227 0.0498931 -0.761828 -0.0442628 0.981411 0.186745 -1.70247 -0.042332 -0.188603 0.981141 -0.987212 0 0 0 1 
36535719080063;0.299523;0.752055;0.990614 -0.0905637 0.102378 -0.900661 0.0635007 0.96819 0.242025 -2.45119 -0.12104 -0.233252 0.964854 -0.484726 0 0 0 1 
36535719080064;0.461382;0.608118;0.995019 -0.0996714 -0.00175086 -0.419204 0.0984716 0.985472 -0.138377 -1.46472 0.0155176 0.137515 0.990378 -1.45323 0 0 0 1 
36535719080065;0.4807;0.945677;0.96783 0.0949257 0.233013 -0.686402 -0.119673 0.988311 0.0944463 -2.88043 -0.221324 -0.119293 0.967876 0.929992 0 0 0 1 
36535719080066;0.231893;0.612308;0.984263 -0.102727 0.143785 -0.331077 0.0674724 0.970494 0.231495 -2.40219 -0.163323 -0.21815 0.962152 0.500279 0 0 0 1 
36535719080067;0.276753;0.595066;0.997571 0.0351846 0.0601237 -0.550375 -0.0665206 0.737389 0.672185 -1.88977 -0.020684 -0.674551 0.737938 0.636009 0 0 0 1 
36535719080068;0.41506;0.894214;0.986099 -0.119426 0.115521 -0.636256 0.0969914 0.978244 0.183387 -2.81289 -0.134909 -0.169633 0.97623 -0.711291 0 0 0 1 
36535719080069;0.168667;0.542207;0.99118 -0.0505608 0.122501 -0.607934 0.00057668 0.925998 0.377528 -1.84033 -0.132524 -0.374127 0.917859 0.68818 0 0 0 1 
36535719080070;0.366766;1.0191;0.976382 -0.0120093 -0.215718 -0.143448 0.0953738 0.919862 0.38047 -3.85728 0.193862 -0.392058 0.899282 -0.790932 0 0 0 1 
36535719080071;0.314881;0.748487;0.996174 -0.0855634 0.0178044 -1.33596 0.083617 0.992369 0.0906211 -1.92726 -0.0254224 -0.0887856 0.995726 0.0994474 0 0 0 1 
36535719080072;0.205179;0.718036;0.994398 -0.0630749 0.0848203 -0.652644 0.0407707 0.969227 0.242768 -1.8744 -0.0975227 -0.237949 0.966369 0.471606 0 0 0 1 
36535719080073;0.364246;0.853594;0.921438 -0.172143 0.348309 -1.17032 -0.0185748 0.875945 0.482053 -2.81823 -0.388082 -0.450651 0.803931 1.3207 0 0 0 1 
36535719080074;0.343501;1.00853;0.994058 0.0522506 0.0954928 -0.629463 -0.0796391 0.94714 0.31078 -3.27707 -0.0742066 -0.316538 0.945673 0.244783 0 0 0 1 
36535719080075;0.45993;0.94495;0.988185 0.0710732 -0.135793 0.085403 -0.0833325 0.992731 -0.0868326 -2.00586 0.128635 0.0971226 0.986925 -1.04941 0 0 0 1 
36535719080076;0.347563;0.615244;0.993743 0.100608 0.0485167 -0.25192 -0.111334 0.85732 0.502601 -2.09922 0.00897112 -0.504858 0.863156 0.400531 0 0 0 1 
36535719080077;0.245685;0.550871;0.989006 0.0884576 -0.118497 -0.403531 -0.0253785 0.890993 0.453307 -1.54957 0.145679 -0.445316 0.883443 -0.15131 0 0 0 1 
36535719080078;0.322722;0.510534;0.997576 0.0356252 0.0597677 -1.12499 -0.0539408 0.938557 0.340884 -1.33423 -0.0439513 -0.343282 0.938203 -0.614158 0 0 0 1 
36535719080079;0.340882;0.952269;0.998275 -0.0025741 0.0586473 -0.38056 -0.0162667 0.947788 0.318487 -3.31717 -0.056405 -0.318891 0.946111 -0.282164 0 0 0 1 
36535719080080;0.326117;0.636977;0.983336 -0.0196131 0.180737 -0.416332 -0.0797227 0.846953 0.525657 -1.00028 -0.163385 -0.531306 0.831276 0.99874 0 0 0 1 
36535719080081;0.410409;0.917256;0.978919 -0.170602 0.112309 -1.28729 0.143544 0.965803 0.215915 -2.91221 -0.145304 -0.195242 0.969932 -0.534875 0 0 0 1 
36535719080082;0.216435;0.513189;0.999154 0.0259261 0.0319086 -0.192601 -0.0341036 0.956102 0.291041 -0.998431 -0.0229624 -0.291884 0.956178 0.263452 0 0 0 1 
36535719080083;0.161862;0.572172;0.997426 0.0265501 0.0666081 -0.534907 -0.0484765 0.934156 0.353558 -1.63479 -0.0528353 -0.355876 0.933038 -0.0713759 0 0 0 1 
36535719080084;0.439577;1.1338;0.965003 -0.246265 0.0901276 -0.944153 0.208468 0.928904 0.306069 -3.9575 -0.159094 -0.276569 0.947734 0.572874 0 0 0 1 
36535719080085;0.124875;0.536956;0.991006 0.00572663 0.133696 -0.515341 -0.0590196 0.915369 0.398266 -1.44796 -0.120101 -0.402575 0.907474 0.360175 0 0 0 1 
36535719080086;0.392366;0.629448;0.976799 0.00696164 -0.214044 0.27995 0.068028 0.937619 0.340944 -1.88396 0.203066 -0.347594 0.915392 -1.07152 0 0 0 1 
36535719080087;0.41425;0.928505;0.994808 -0.0953158 0.0356511 -0.821693 0.0614119 0.841637 0.536541 -2.92237 -0.0811461 -0.531566 0.843121 -0.267638 0 0 0 1 
36535719080088;0.317089;0.575545;0.983646 0.049171 0.173268 -0.594141 -0.107474 0.932213 0.345584 -1.87255 -0.14453 -0.358554 0.922253 -0.331948 0 0 0 1 
36535719080089;0.0976208;0.591826;0.999637 -0.00609893 0.0262497 -0.519431 0.000183324 0.975571 0.219685 -1.68432 -0.0269483 -0.219601 0.975218 0.111702 0 0 0 1 
36535719080090;0.312576;0.541782;0.99984 -0.00671557 -0.0165885 -0.0663737 0.0102601 0.974564 0.223874 -2.22586 0.0146632 -0.224008 0.974477 0.235534 0 0 0 1 
36535719080091;0.378116;0.782729;0.953062 -0.0902373 0.289015 -0.327689 0.0920598 0.995727 0.00731086 -2.57592 -0.288439 0.0196389 0.957297 0.444334 0 0 0 1 
36535719080093;0.290482;0.118155;0.989542 0.0187619 -0.143019 0.340865 -0.0331522 0.994544 -0.0989096 0.363156 0.140383 0.102617 0.984765 -0.498605 0 0 0 1 
36535719080094;0.395592;0.732108;0.998501 0.0539095 -0.00942365 1.07794 -0.0540997 0.998309 -0.021249 -0.562563 0.00826219 0.021727 0.99973 -0.134981 0 0 0 1 
36535719080095;0.347587;0.0794867;0.901634 0.243529 -0.357422 0.323602 -0.20926 0.968874 0.13226 0.607807 0.378506 -0.0444561 0.924531 -1.29478 0 0 0 1 
36535719080096;0.508705;0.0988666;0.952712 -0.20907 0.220522 0.298204 0.157219 0.960152 0.231065 -0.678672 -0.260043 -0.185468 0.947618 1.79111 0 0 0 1 
36535719080097;0.390373;0.163583;0.890793 -0.356402 0.281894 0.220627 0.396235 0.912914 -0.0979057 -1.71109 -0.222452 0.19891 0.954437 0.748133 0 0 0 1 
36535719080098;0.177167;0.112569;0.961457 -0.000177201 0.274957 -0.0520882 -0.000957254 0.999992 0.00399175 -0.112137 -0.274955 -0.0041011 0.961448 0.774951 0 0 0 1 
36535719080099;0.46993;0.143174;0.967443 -0.24135 -0.0761824 0.455301 0.252276 0.895525 0.366594 -1.42588 -0.0202541 -0.373878 0.927257 -0.267087 0 0 0 1 
36535719080100;0.314307;0.0555934;0.99996 -0.00860013 -0.00224458 -0.258667 0.00883616 0.989174 0.146481 -0.435762 0.000960525 -0.146495 0.989211 -0.478777 0 0 0 1 
36535719080101;0.365934;0.336972;0.968433 0.234391 -0.0848433 0.227218 -0.225792 0.969045 0.0998504 0.370451 0.105621 -0.0775415 0.991379 -0.459957 0 0 0 1 
36535719080102;0.240105;0.0841648;0.987522 -0.146474 0.0578376 -0.136339 0.148051 0.988689 -0.0239738 -0.654046 -0.0536719 0.0322376 0.998038 -0.272461 0 0 0 1 
36535719080103;0.352767;0.0631418;0.994454 0.0705076 0.0780412 0.012897 -0.0733173 0.996738 0.0337384 -0.153591 -0.0754078 -0.039273 0.996379 0.710336 0 0 0 1 
36535719080104;0.495293;0.359268;0.882145 0.0200825 -0.47055 0.228639 0.0203528 0.996532 0.0806865 -0.370759 0.470538 -0.0807542 0.878677 -1.76875 0 0 0 1 
36535719080105;0.433787;0.086009;0.999001 0.011975 0.0430589 0.0462848 -0.0121005 0.999923 0.00265495 0.0464494 -0.0430238 -0.00317333 0.999069 0.870265 0 0 0 1 
36535719080106;0.129754;0.105438;0.996113 -0.0181609 0.0861952 -0.00547191 0.00916416 0.994572 0.103646 -0.0794413 -0.0876096 -0.102453 0.990872 0.12877 0 0 0 1 
36535719080107;0.262145;0.10346;0.965129 0.253096 -0.0668483 -0.0132448 -0.256362 0.965497 -0.0457534 1.05941 0.0529619 0.0612953 0.996714 -0.444407 0 0 0 1 
36535719080108;0.397924;0.418183;0.990481 0.136763 -0.0156199 -0.258517 -0.128979 0.961717 0.241796 -0.100999 0.0480908 -0.23748 0.970201 -0.341955 0 0 0 1 
36535719080109;0.398301;0.329365;0.940593 0.209259 0.267387 0.228622 -0.227025 0.973186 0.0369876 0.545107 -0.252478 -0.0954938 0.962879 0.880368 0 0 0 1 
36535719080110;0.208018;0.0841892;0.989381 0.145306 0.00342672 -0.0241185 -0.145326 0.988567 0.0401844 0.313999 0.00245148 -0.0402556 0.999186 -0.325954 0 0 0 1 
36535719080111;0.465339;0.11176;0.945934 -0.215199 0.242691 -0.134661 0.235449 0.970189 -0.0574224 -0.476898 -0.223099 0.111459 0.968403 1.13029 0 0 0 1 
36535719080112;0.541337;0.0938189;0.902234 0.335838 -0.270532 1.15527 -0.318011 0.941844 0.108626 1.27046 0.291279 -0.0119741 0.956563 -1.23556 0 0 0 1 
36535719080113;0.28814;0.174566;0.999967 0.00731349 0.00344486 -0.0384267 -0.00742372 0.999423 0.0331529 0.279585 -0.00320041 -0.0331774 0.999444 -0.0224299 0 0 0 1 
36535719080114;0.343577;0.110952;0.961054 -0.276357 -0.00122598 0.322469 0.276302 0.960755 0.0246208 -1.29036 -0.00562625 -0.0240007 0.999696 0.319721 0 0 0 1 
36535719080115;0.500998;0.806976;0.99236 0.113394 -0.0486097 0.910512 -0.111089 0.992662 0.0477644 -0.37666 0.0536692 -0.0419994 0.997675 -0.377654 0 0 0 1 
36535719080116;0.41433;0.108873;0.953085 -0.236623 0.18878 0.401507 0.172274 0.936811 0.304478 -0.988506 -0.248898 -0.257672 0.933625 1.40029 0 0 0 1 
36535719080117;0.508343;0.127854;0.996254 -0.057942 0.0641875 -0.0945827 0.0453026 0.982009 0.183318 -0.200681 -0.0736546 -0.179724 0.980956 1.17045 0 0 0 1 
36535719080118;0.0642213;0.0822222;0.998003 0.0601516 -0.0192878 -0.102393 -0.0602574 0.998171 -0.00495247 0.230213 0.0189546 0.00610481 0.999802 -0.218552 0 0 0 1 
36535719080119;0.384568;0.394302;0.965364 0.244146 0.0920069 0.253262 -0.255968 0.954537 0.152773 0.353647 -0.0505251 -0.171032 0.983969 -0.0650652 0 0 0 1 
36535719080120;0.113108;0.0924039;0.998654 -0.0459412 0.0240713 -0.0300788 0.0447193 0.997794 0.0490547 -0.333872 -0.0262719 -0.0479123 0.998506 0.152311 0 0 0 1 
36535719080121;0.423482;0.0666418;0.972568 0.22532 -0.0578199 0.349078 -0.185736 0.901824 0.390149 0.266036 0.140052 -0.368707 0.918934 -0.430015 0 0 0 1 
36535719080122;0.427092;0.0761168;0.971559 -0.224602 0.0750127 0.149568 0.214958 0.969411 0.11847 -1.52997 -0.0993268 -0.0989762 0.99012 0.660342 0 0 0 1 
36535719080124;0.190705;0.170304;0.987338 0.152484 0.0437223 0.252546 -0.154787 0.986401 0.0552598 0.323696 -0.0347014 -0.0613278 0.997514 0.215056 0 0 0 1 
36535719080125;0.422416;0.217598;0.886081 0.408989 -0.218147 0.595645 -0.377233 0.909748 0.17336 1.18043 0.269361 -0.0713191 0.960395 -0.996172 0 0 0 1 
36535719080126;0.446714;0.144984;0.993723 0.106057 -0.0355788 0.487431 -0.108683 0.990645 -0.0825313 -0.315351 0.026493 0.0858801 0.995953 -0.340674 0 0 0 1 
36535719080127;0.355012;0.821664;0.998578 0.0424292 0.0322819 1.29172 -0.0396025 0.995707 -0.0836648 0.203576 -0.0356931 0.0822674 0.995971 -0.073799 0 0 0 1 
36535719080128;0.249905;0.125907;0.999957 -0.00696081 -0.00611632 0.22135 0.00698255 0.999969 0.00354077 0.354698 0.00609149 -0.00358333 0.999975 -0.0485311 0 0 0 1 
36535719080129;0.526113;0.75902;0.999314 0.0154436 -0.0336741 1.33989 -0.0169082 0.998904 -0.0436527 -0.354469 0.032963 0.0441921 0.998479 0.157559 0 0 0 1 
36535719080130;0.433817;0.162668;0.940218 0.0751832 0.332172 0.0952752 -0.0269817 0.988707 -0.14741 -0.357138 -0.339503 0.129635 0.931629 1.03529 0 0 0 1 
36535719080131;0.251532;0.658308;0.997007 0.0766753 -0.00989608 1.07219 -0.0768345 0.996901 -0.0168543 0.340009 0.0085731 0.0175643 0.999809 0.0937284 0 0 0 1 
36535719080132;0.431426;0.154233;0.982958 0.0357854 -0.180315 0.12264 -0.0254845 0.997925 0.0591241 -0.481077 0.182056 -0.0535213 0.98183 -0.976099 0 0 0 1 
36535719080133;0.541591;0.188503;0.945007 0.202193 0.257061 0.390606 -0.249109 0.954286 0.165174 0.491448 -0.211913 -0.220127 0.952175 1.54271 0 0 0 1 
36535719080134;0.252306;0.171409;0.997458 -0.0686692 0.019044 0.0909344 0.069466 0.996572 -0.044923 -0.360008 -0.0158939 0.0461318 0.998809 -0.255501 0 0 0 1 
36535719080135;0.472023;0.612123;0.972723 0.00573119 0.231898 0.77528 -0.0423451 0.987284 0.153221 -0.184787 -0.228071 -0.158862 0.960597 0.741261 0 0 0 1 
36535719080136;0.302061;0.228402;0.978671 0.175337 -0.107051 0.374945 -0.187584 0.975172 -0.117691 0.88138 0.0837578 0.135262 0.987263 -0.55207 0 0 0 1 
36535719080137;0.328535;0.172295;0.972316 0.214044 0.0937328 -0.0827564 -0.199122 0.968891 -0.14697 0.655952 -0.122275 0.124237 0.98469 0.060482 0 0 0 1 
36535719080138;0.576365;0.192205;0.997482 0.0452908 0.0545736 0.921539 -0.0209317 0.923251 -0.383626 0.291322 -0.0677599 0.381517 0.921875 -0.477035 0 0 0 1 
36535719080139;0.521512;0.403113;0.993238 -0.105233 0.0490245 0.53475 0.10181 0.992493 0.0677605 -0.79941 -0.0557871 -0.0623112 0.996496 0.295283 0 0 0 1 
36535719080140;0.470285;0.207526;0.901356 0.410139 0.139084 0.131127 -0.406417 0.912 -0.0555098 1.36716 -0.149611 -0.00649195 0.988724 0.119084 0 0 0 1 
36535719080141;0.30287;0.190906;0.973458 0.116586 0.196947 -0.106765 -0.13275 0.988609 0.0709255 0.12713 -0.186434 -0.0951877 0.977845 0.639059 0 0 0 1 
36535719080142;0.480003;0.165423;0.975352 0.191462 0.109687 0.0658607 -0.22005 0.880793 0.419263 0.326681 -0.016339 -0.433066 0.901214 0.0558285 0 0 0 1 
36535719080143;0.628053;0.299541;0.904953 0.412313 -0.105157 -0.161532 -0.422412 0.90027 -0.105271 1.50885 0.0512656 0.139685 0.988868 -0.281793 0 0 0 1 
36535719080144;0.602003;0.163726;0.947835 0.224797 -0.225996 0.599161 -0.270248 0.942681 -0.19575 1.23253 0.169038 0.246613 0.954258 -1.51395 0 0 0 1 
36535719080145;0.170435;0.174135;0.995562 0.0940788 -0.00226655 0.20978 -0.0940494 0.99551 0.0107145 0.303376 0.00326438 -0.0104537 0.99994 0.162651 0 0 0 1 
36535719080146;0.207536;0.21534;0.985004 0.167653 0.040725 0.295943 -0.162902 0.981507 -0.100529 0.572884 -0.0568259 0.0923873 0.9941 0.0525455 0 0 0 1 
36535719080147;0.436345;0.154644;0.986111 0.160562 -0.0424881 0.614283 -0.157157 0.984794 0.0740507 0.960458 0.0537317 -0.0663449 0.996349 -0.438614 0 0 0 1 
36535719080148;0.640142;0.151552;0.962829 -0.266862 -0.0417652 1.39698 0.254463 0.948006 -0.191138 -0.0730892 0.0906012 0.173406 0.980674 -0.667984 0 0 0 1 
36535719080149;0.408897;0.151425;0.996904 -0.063566 -0.046288 0.432366 0.0615964 0.997183 -0.0428032 -0.532069 0.0488785 0.0398195 0.998011 0.39509 0 0 0 1 
36535719080150;0.385378;0.146469;0.995771 -0.0268777 0.0878515 0.171696 0.0102251 0.98273 0.184763 0.27443 -0.0913003 -0.183084 0.978849 -0.00486911 0 0 0 1 
36535719080151;0.147734;0.120561;0.991675 0.0087706 0.128464 0.0552787 0.00195708 0.996536 -0.0831438 -0.00523093 -0.128748 0.082703 0.988223 0.222964 0 0 0 1 
36535719080152;0.417728;0.172921;0.902584 0.39533 -0.170456 0.384103 -0.372271 0.91556 0.152198 1.02611 0.216231 -0.0739158 0.97354 -0.447739 0 0 0 1 
36535719080153;0.136308;0.162345;0.988671 -0.13212 0.0712323 0.344545 0.128915 0.990499 0.0478851 -0.413197 -0.0768821 -0.0381598 0.99631 0.21173 0 0 0 1 
36535719080155;0.377066;0.325203;0.995509 0.0319344 -0.0891153 0.42209 -0.00692876 0.963437 0.267846 0.126356 0.0944105 -0.266025 0.959332 0.0780935 0 0 0 1 
36535719080156;0.280014;0.288725;0.999677 0.0247032 0.0059865 0.172937 -0.0254138 0.975819 0.217099 0.205734 -0.00047869 -0.217181 0.976131 0.00244728 0 0 0 1 
36535719080157;0.357849;0.284224;0.995026 -0.0367794 0.0925746 0.743652 0.000686465 0.931851 0.362841 0.358954 -0.0996107 -0.360973 0.927241 0.818054 0 0 0 1 
36535719080158;0.214487;0.196795;0.998097 -0.0560719 -0.0256728 0.734053 0.0590869 0.988707 0.137724 0.264565 0.0176604 -0.138979 0.990138 0.0691754 0 0 0 1 
36535719080159;0.313033;0.176021;0.997139 -0.0230532 -0.0719827 0.373832 0.0174981 0.996887 -0.0768714 -0.463333 0.0735307 0.075392 0.994439 -0.825899 0 0 0 1 
36535719080160;0.477856;0.296835;0.93401 0.135053 -0.330736 -0.0259118 -0.122738 0.990746 0.0579461 0.516178 0.335501 -0.0135285 0.941943 -1.01286 0 0 0 1 
36535719080161;0.262671;0.250012;0.997656 0.0665616 -0.0158553 0.255858 -0.0621567 0.97849 0.196708 -0.132772 0.0286075 -0.195262 0.980334 0.249366 0 0 0 1 
36535719080162;0.249715;0.312966;0.993505 0.0827684 -0.0780843 0.41335 -0.0494662 0.932148 0.358682 -0.224005 0.102474 -0.35249 0.930188 -0.219461 0 0 0 1 
36535719080163;0.453936;0.345343;0.927126 0.0658006 -0.368927 1.62587 -0.0990611 0.992478 -0.0719286 0.603007 0.361419 0.103233 0.926671 -1.27905 0 0 0 1 
36535719080164;0.466141;0.337139;0.984442 -0.0575985 0.165998 0.645146 0.0251302 0.981186 0.191421 0.151051 -0.173901 -0.184271 0.967369 1.03945 0 0 0 1 
36535719080165;0.321246;0.261435;0.967116 -0.0605182 0.24703 0.50829 -0.0483121 0.909881 0.412046 -0.118437 -0.249704 -0.410431 0.877037 0.734382 0 0 0 1 
36535719080166;0.389384;0.369523;0.967264 -0.0779831 0.241495 1.06417 0.103603 0.990047 -0.095259 -0.0221184 -0.231662 0.11716 0.965715 0.154771 0 0 0 1 
36535719080167;0.40197;0.398963;0.994966 0.0896244 -0.04484 0.775658 -0.0656922 0.921179 0.383555 -2.95212e-05 0.0756815 -0.378678 0.922429 0.0373059 0 0 0 1 
36535719080168;0.210711;0.21433;0.998982 0.0128199 0.0432534 0.180376 -0.0111578 0.999198 -0.0384532 0.091807 -0.0437117 0.0379315 0.998324 0.0223168 0 0 0 1 
36535719080169;0.371812;0.169445;0.959657 0.0585406 -0.275011 0.977371 0.0356694 0.944837 0.325593 -0.495818 0.278901 -0.322267 0.904631 -1.19204 0 0 0 1 
36535719080170;0.32738;0.222549;0.997543 0.0642893 0.0278271 0.223722 -0.0641046 0.997915 -0.00748119 0.358495 -0.02825 0.00567897 0.999585 -1.06925 0 0 0 1 
36535719080171;0.334438;0.335507;0.999858 -0.000504437 0.0168365 0.0466344 0.000582754 0.999989 -0.00464707 0.222761 -0.0168339 0.00465622 0.999847 0.129583 0 0 0 1 
36535719080172;0.359248;0.253814;0.987351 0.120606 -0.102918 0.454923 -0.0947195 0.969248 0.227129 0.658051 0.127146 -0.214507 0.968411 -0.0513747 0 0 0 1 
36535719080173;0.299017;0.199537;0.998085 -0.0497666 -0.0367424 0.463724 0.0494085 0.998723 -0.0105896 -0.471144 0.0372224 0.00875396 0.999269 -1.11313 0 0 0 1 
36535719080174;0.332371;0.167888;0.992277 -0.0923853 -0.0827762 1.13134 0.0962829 0.994364 0.0443929 0.474486 0.0782084 -0.05202 0.995579 -0.729841 0 0 0 1 
36535719080175;0.258801;0.206927;0.98566 -0.0671154 -0.154824 0.628137 0.0750197 0.996131 0.0457822 -0.039981 0.151152 -0.0567405 0.986881 -1.21029 0 0 0 1 
36535719080176;0.244373;0.219598;0.981275 0.0383868 0.18875 0.135766 -0.0707424 0.983279 0.167802 0.1371 -0.179153 -0.178013 0.967582 0.324662 0 0 0 1 
36535719080177;0.307368;0.280458;0.995102 -0.0288631 0.094545 0.170227 0.0033184 0.965639 0.259867 0.186675 -0.0987969 -0.25828 0.961005 0.847972 0 0 0 1 
36535719080178;0.333626;0.189339;0.924722 0.0600935 -0.375868 0.991277 0.019734 0.978563 0.205002 0.0271848 0.38013 -0.196987 0.903713 -0.742682 0 0 0 1 
36535719080179;0.112272;0.168085;0.995726 -0.0339986 -0.0858735 0.386384 0.044065 0.992012 0.118193 0.0967894 0.0811691 -0.121472 0.989271 -0.540332 0 0 0 1 
36535719080180;0.447488;0.64108;0.994646 0.0284529 -0.0993484 1.59158 -0.0200836 0.996242 0.0842478 0.0308866 0.101372 -0.0818014 0.99148 -0.547438 0 0 0 1 
36535719080181;0.181751;0.200727;0.990552 -0.0366111 0.132162 0.384506 0.0462283 0.996444 -0.0704484 -0.0346408 -0.129113 0.0758925 0.988721 0.0167518 0 0 0 1 
36535719080182;0.227052;0.227842;0.982017 -0.044763 0.18341 0.626628 0.0600443 0.995094 -0.0786275 0.00958188 -0.178991 0.0882263 0.979887 -0.0615001 0 0 0 1 
36535719080183;0.271702;0.162859;0.988579 -0.0635516 -0.13665 1.14711 0.0928115 0.971121 0.219797 -0.198877 0.118735 -0.229969 0.965928 -0.494144 0 0 0 1 
36535719080184;0.317465;0.212835;0.957039 0.13029 -0.25904 0.72591 0.0115592 0.87551 0.483062 -0.392439 0.28973 -0.465304 0.83639 -0.585652 0 0 0 1 
36535719080186;0.390645;0.291659;0.904896 -0.0570544 0.421792 -0.266647 0.179713 0.949525 -0.25711 -0.517223 -0.385833 0.30846 0.869474 1.54323 0 0 0 1 
36535719080187;0.111223;0.225507;0.999236 0.0195269 0.0338425 -0.203339 -0.0195883 0.999807 0.00148258 -0.0941603 -0.033807 -0.00214437 0.999426 -0.00978386 0 0 0 1 
36535719080188;0.65823;0.57079;0.886069 0.452292 0.101555 -0.812137 -0.457515 0.888528 0.0346196 1.73364 -0.0745764 -0.0771383 0.994227 1.03144 0 0 0 1 
36535719080189;0.357007;0.303129;0.999485 0.00898228 0.0308068 -1.01795 -0.00945976 0.999837 0.0153888 0.184923 -0.0306636 -0.0156723 0.999407 -0.48523 0 0 0 1 
36535719080190;0.473164;1.06609;0.938123 -0.342338 0.0522544 -1.77684 0.343706 0.938871 -0.0196639 -2.21774 -0.0423285 0.0364073 0.99844 0.123479 0 0 0 1 
36535719080191;0.28216;0.310129;0.981361 0.191867 -0.0108185 -0.607667 -0.189223 0.974596 0.119826 0.573064 0.0335342 -0.115545 0.992736 -0.737735 0 0 0 1 
36535719080192;0.431029;0.29678;0.986312 -0.152124 0.0636197 -1.1275 0.156753 0.984748 -0.0755007 -0.613669 -0.0511639 0.0844398 0.995114 0.435113 0 0 0 1 
36535719080193;0.312078;0.360556;0.992827 -0.109805 0.0473128 -0.599617 0.0984129 0.975215 0.19817 -0.928613 -0.0679002 -0.192093 0.979025 -0.351663 0 0 0 1 
36535719080194;0.164987;0.309256;0.984323 0.175732 0.0150394 -0.450321 -0.175924 0.984324 0.0125375 0.474189 -0.0126004 -0.0149867 0.999808 -0.0770686 0 0 0 1 
36535719080195;0.354366;0.26301;0.977589 -0.030886 0.208244 -0.21611 0.0304679 0.999522 0.00521575 -0.577964 -0.208306 0.00124589 0.978063 0.186151 0 0 0 1 
36535719080196;0.523582;0.296632;0.986419 0.1481 0.0710155 -0.856881 -0.164236 0.884706 0.436258 0.632118 0.00178169 -0.441997 0.897015 -0.711815 0 0 0 1 
36535719080197;0.379637;0.332838;0.986068 -0.152391 -0.066691 -0.397751 0.155987 0.986364 0.0524819 -0.867255 0.0577838 -0.0621536 0.996392 -1.14742 0 0 0 1 
36535719080198;0.253973;0.302467;0.984038 -0.126176 0.125491 -0.537646 0.137487 0.986768 -0.0859494 -0.781823 -0.112985 0.101831 0.988365 0.754941 0 0 0 1 
36535719080199;0.451651;0.293045;0.989746 0.137318 0.0393309 -1.00646 -0.137482 0.990503 0.00148451 0.747102 -0.0387536 -0.0068766 0.999225 0.651338 0 0 0 1 
36535719080200;0.601292;1.12836;0.950787 -0.226236 0.21171 -1.51307 0.244567 0.967486 -0.0644788 -1.73885 -0.190239 0.113083 0.975203 1.27585 0 0 0 1 
36535719080201;0.316883;0.295481;0.871284 0.0859991 0.483185 -0.240168 0.00469417 0.983022 -0.183426 -0.172347 -0.490757 0.162085 0.856088 2.27769 0 0 0 1 
36535719080202;0.389074;0.268373;0.972255 0.221234 0.0759934 -0.557579 -0.223482 0.974451 0.0223695 1.2509 -0.069103 -0.038732 0.996857 -0.402509 0 0 0 1 
36535719080203;0.247825;0.438423;0.978198 -0.195454 0.0701904 -0.876311 0.192946 0.980354 0.0409614 -1.0321 -0.0768175 -0.0265254 0.996692 0.332102 0 0 0 1 
36535719080204;0.323434;0.267184;0.997829 -0.0481757 0.0449105 -0.552389 0.0471788 0.998622 0.0230008 -1.14962 -0.0459566 -0.0208321 0.998726 -0.15364 0 0 0 1 
36535719080205;0.326801;0.327751;0.955332 -0.0652593 0.28824 -0.256866 0.157643 0.9375 -0.31023 -0.788928 -0.249979 0.341812 0.905911 1.00959 0 0 0 1 
36535719080206;0.360649;0.313253;0.994866 0.0915027 0.0432312 -0.646651 -0.091354 0.995804 -0.00540816 0.831669 -0.0435446 0.00143106 0.99905 -0.0248223 0 0 0 1 
36535719080207;0.378318;0.325846;0.999219 -0.0138121 0.0370175 0.123547 0.013824 0.999904 -6.5769e-05 -0.170707 -0.0370131 0.000577447 0.999315 0.0931772 0 0 0 1 
36535719080208;0.281021;0.262226;0.977586 -0.0569683 0.202682 -0.679761 0.0491351 0.997845 0.0434757 -0.524452 -0.204722 -0.0325425 0.978279 1.29999 0 0 0 1 
36535719080209;0.41046;0.606125;0.96004 -0.222883 0.169254 -1.49286 0.197349 0.96796 0.155261 -1.47281 -0.198437 -0.115654 0.973266 0.857997 0 0 0 1 
36535719080210;0.243944;0.282412;0.976062 0.141831 0.164885 -0.120324 -0.150019 0.987943 0.0382513 0.236271 -0.157471 -0.0620715 0.985571 0.599268 0 0 0 1 
36535719080211;0.419439;0.340641;0.929076 0.369685 0.0122743 -0.655874 -0.369768 0.929109 0.00527834 1.0743 -0.00945289 -0.00944264 0.999911 -0.0552611 0 0 0 1 
36535719080212;0.411637;0.356154;0.952939 0.265837 0.14573 -0.134885 -0.263905 0.963991 -0.0327912 0.419363 -0.149199 -0.00721085 0.988781 0.782915 0 0 0 1 
36535719080213;0.271077;0.336469;0.976146 -0.182984 -0.116856 -0.668327 0.159787 0.969864 -0.183933 -1.03815 0.146992 0.160874 0.975968 -1.03044 0 0 0 1 
36535719080214;0.356981;0.286001;0.95327 0.149042 -0.2628 -0.469628 -0.155998 0.987741 -0.00568295 0.234221 0.258731 0.0464136 0.964834 -0.999689 0 0 0 1 
36535719080215;0.558879;0.302923;0.961247 0.215758 0.171616 -0.518948 -0.161625 0.94534 -0.283212 0.646568 -0.223341 0.244499 0.943578 1.93415 0 0 0 1 
36535719080217;0.267916;0.0246152;0.968249 -0.175578 -0.17795 0.537659 0.153022 0.979164 -0.1335 -0.233319 0.197681 0.102031 0.974942 -0.941572 0 0 0 1 
36535719080218;0.403611;0.0334751;0.997258 0.0739915 -0.00123205 -0.300441 -0.0739335 0.996915 0.0263434 0.704924 0.00317744 -0.0261801 0.999652 0.440966 0 0 0 1 
36535719080219;0.612805;0.489561;0.998423 -0.00713587 0.0556789 -0.122544 0.00634734 0.999877 0.0143261 0.0226085 -0.0557743 -0.0139501 0.998346 0.680193 0 0 0 1 
36535719080220;0.465305;0.0290747;0.971114 -0.116538 -0.208222 0.40218 0.0961118 0.989744 -0.10569 0.165136 0.218403 0.0826241 0.972354 -1.45944 0 0 0 1 
36535719080221;0.397154;0.0783269;0.982491 -0.180608 0.0457326 -0.141554 0.171342 0.972316 0.158879 -0.622663 -0.0731614 -0.148262 0.986238 -0.150886 0 0 0 1 
36535719080222;0.388852;0.0243865;0.983815 -0.105533 0.144812 -0.442224 0.140267 0.956473 -0.255899 -0.225693 -0.111503 0.27207 0.955795 0.208405 0 0 0 1 
36535719080223;0.332061;0.0290001;0.928973 -0.189963 -0.317685 0.871904 0.166607 0.981 -0.0994077 -0.612298 0.330533 0.0394185 0.942971 -0.897493 0 0 0 1 
36535719080224;0.591626;0.0279831;0.994223 0.0975365 0.0448109 -0.379248 -0.0793837 0.94915 -0.304651 1.23956 -0.0722469 0.299334 0.951409 0.416187 0 0 0 1 
36535719080225;0.418431;0.34951;0.989761 -0.0333855 0.138774 -0.00773224 0.0300591 0.99921 0.0259976 0.0605438 -0.139533 -0.02156 0.989983 0.721532 0 0 0 1 
36535719080226;0.434396;0.396665;0.988256 0.0487683 -0.14482 0.221134 -0.0526398 0.998348 -0.0230206 0.148763 0.143458 0.0303735 0.98919 -0.301541 0 0 0 1 
36535719080227;0.258425;0.0267557;0.980746 0.170888 0.0945208 -0.0623978 -0.175406 0.983613 0.0416922 0.419868 -0.0858471 -0.057469 0.994649 0.572142 0 0 0 1 
36535719080228;0.348273;0.0239676;0.957288 -0.198609 0.210129 0.109333 0.207024 0.978159 -0.0186059 -0.299113 -0.201844 0.0613128 0.977497 0.87529 0 0 0 1 
36535719080229;0.349476;0.0224644;0.9948 0.0569838 0.0844172 -0.203213 -0.0429098 0.986179 -0.160033 0.161266 -0.0923697 0.155579 0.983495 -0.437682 0 0 0 1 
36535719080230;0.507963;0.549217;0.947527 0.0205633 0.319014 -0.0972631 -0.0031655 0.998484 -0.0549591 0.295972 -0.31966 0.0510654 0.946155 0.559108 0 0 0 1 
36535719080231;0.499847;0.0343901;0.999929 0.00550397 -0.0105247 -0.309299 -0.00522556 0.99964 0.0262992 -0.422825 0.0106656 -0.0262424 0.999599 -0.879434 0 0 0 1 
36535719080232;0.400636;0.0245496;0.974742 -0.203755 0.0914414 0.192721 0.171599 0.945345 0.277266 -0.437747 -0.142938 -0.254572 0.956432 1.03289 0 0 0 1 
36535719080233;0.232565;0.0242431;0.985263 0.0601347 -0.160125 0.0333551 -0.0420766 0.992604 0.11387 0.0790533 0.165788 -0.105454 0.980507 -0.110829 0 0 0 1 
36535719080234;0.243089;0.0253325;0.999965 0.00797917 0.00255829 0.184121 -0.00794979 0.999905 -0.0112935 0.121442 -0.00264816 0.0112728 0.999933 -0.446199 0 0 0 1 
36535719080235;0.336455;0.037998;0.989385 -0.128294 -0.0682443 -0.164342 0.14037 0.965245 0.220452 -0.468305 0.0375898 -0.227691 0.973008 0.0324271 0 0 0 1 
36535719080236;0.526732;0.0245039;0.958238 -0.127465 0.255993 0.54386 0.0691583 0.971889 0.225054 -0.523478 -0.277484 -0.197951 0.940116 1.66822 0 0 0 1 
36535719080237;0.707625;0.50538;0.999962 -0.00393959 -0.00775843 0.0638827 0.00387844 0.999961 -0.00788048 0.0776642 0.00778918 0.00785009 0.999939 0.675997 0 0 0 1 
36535719080238;0.378354;0.0240047;0.980715 0.182722 -0.0693548 0.337853 -0.16521 0.964652 0.20531 0.733136 0.104418 -0.189892 0.976237 -0.179168 0 0 0 1 
36535719080239;0.260619;0.025515;0.99945 -0.0257028 0.0209345 0.369808 0.0254724 0.999613 0.0112008 -0.124322 -0.0212143 -0.0106614 0.999718 0.366014 0 0 0 1 
36535719080240;0.347346;0.0248137;0.997514 0.00688804 0.0701378 -0.0571737 0.0196099 0.928781 -0.370109 0.336904 -0.067692 0.370564 0.926337 -0.323204 0 0 0 1 
36535719080241;0.461675;0.0239641;0.944755 0.147587 0.292669 -0.229537 -0.0713713 0.964096 -0.255783 -0.188441 -0.319912 0.220764 0.921368 0.669784 0 0 0 1 
36535719080242;0.184835;0.0180938;0.991875 0.105487 0.0711104 -0.174957 -0.107018 0.994093 0.0180672 0.0465685 -0.0687845 -0.0255305 0.997305 0.144831 0 0 0 1 
36535719080243;0.50255;0.50216;0.999751 -0.011764 0.0189408 0.0601702 0.0123825 0.999383 -0.0328741 -0.0207568 -0.0185424 0.0331005 0.99928 -0.211978 0 0 0 1 
36535719080244;0.3548;0.0238197;0.920401 0.256692 0.29491 -0.267631 -0.275422 0.961046 0.0230778 0.658235 -0.277499 -0.102466 0.955246 1.1204 0 0 0 1 
36535719080245;0.421326;0.024859;0.969936 0.124135 -0.209318 0.443558 -0.144161 0.986047 -0.0832412 0.58594 0.196065 0.110914 0.974298 -1.28622 0 0 0 1 
36535719080246;0.428678;0.0248267;0.96729 0.25366 -0.0023952 0.117395 -0.252848 0.963345 -0.0896341 1.12678 -0.0204292 0.0873079 0.995972 -0.509806 0 0 0 1 
36535719080248;0.279109;0.0702529;0.999718 -0.0234018 -0.00412927 0.922373 0.0234143 0.999721 0.00298862 0.14508 0.00405818 -0.00308446 0.999987 -0.381743 0 0 0 1 
36535719080249;0.148582;0.12682;0.99918 -0.0398704 -0.00707847 0.0263271 0.0398501 0.999201 -0.00298837 -0.109136 0.00719196 0.00270384 0.99997 -0.175079 0 0 0 1 
36535719080250;0.310686;0.106183;0.996621 -0.0160697 0.0805531 -0.0291377 0.015702 0.999863 0.00519591 0.125458 -0.0806256 -0.0039135 0.996737 -0.695234 0 0 0 1 
36535719080251;0.298484;0.142157;0.999739 0.010548 -0.0202472 -0.171372 -0.00933374 0.998205 0.0591549 0.518779 0.0208349 -0.0589504 0.998043 0.149143 0 0 0 1 
36535719080252;0.364884;0.307113;0.976334 -0.159092 -0.146498 1.4279 0.157593 0.987262 -0.0218574 -0.664638 0.14811 -0.00174707 0.988969 -0.337745 0 0 0 1 
36535719080253;0.298099;0.294851;0.996571 -0.0806276 -0.0185761 0.86801 0.0794524 0.995202 -0.0571025 -0.332836 0.023091 0.0554308 0.998195 -0.59113 0 0 0 1 
36535719080254;0.413793;0.37281;0.99698 -0.0723195 -0.0282991 0.324626 0.0646589 0.974842 -0.213311 0.15352 0.0430136 0.210837 0.976574 -0.420575 0 0 0 1 
36535719080255;0.265645;0.113538;0.994194 -0.0779365 0.0741961 0.175258 0.0950565 0.959244 -0.266112 -0.269208 -0.0504323 0.27162 0.961082 0.245497 0 0 0 1 
36535719080256;0.228269;0.118672;0.972191 0.234086 -0.00691961 0.105496 -0.234073 0.972215 0.00270371 0.441086 0.00736025 -0.00100883 0.999972 -0.085671 0 0 0 1 
36535719080257;0.266234;0.230894;0.999994 -0.00340069 -0.00107431 -0.0860272 0.00342041 0.999815 0.0189225 -0.0599012 0.00100976 -0.018926 0.99982 -0.0579402 0 0 0 1 
36535719080258;0.327944;0.0620762;0.998648 -0.0486127 -0.0184379 0.758975 0.0489154 0.998669 0.0163365 -0.702398 0.0176192 -0.0172163 0.999697 0.512159 0 0 0 1 
36535719080259;0.241821;0.0937849;0.98627 0.142947 -0.0826854 0.430952 -0.142065 0.98972 0.0164856 0.0984628 0.084192 -0.00451254 0.996439 -0.651473 0 0 0 1 
