#;prob_registration_l1 -r /home/probabilistic_point_clouds_registration/build/tester /home/point_clouds_registration_benchmark//devel/registration_pairs/hauptgebaude_local.txt /home/point_clouds_registration_benchmark//eth/hauptgebaude -s 0.2 -t 0.2 -p 0.3 -r 1000 -m 1 -i 40 
id;initial_error;final_error;transformation
3394309160000;0.248226;0.174901;0.999432 -0.00318075 0.0335373 0.104286 0.00189088 0.99926 0.0384226 -0.0182136 -0.0336347 -0.0383374 0.998699 -0.0693138 0 0 0 1 
3394309160001;0.28369;0.00426792;0.992883 0.116072 -0.0266396 -0.404002 -0.114417 0.991798 0.0569605 0.863112 0.0330327 -0.0535071 0.998021 -0.664913 0 0 0 1 
3394309160002;0.278932;0.0561348;0.984074 -0.00886936 0.17754 -0.222317 0.00799679 0.999952 0.00562977 -0.0744775 -0.177582 -0.00412036 0.984097 0.503209 0 0 0 1 
3394309160003;0.0682056;0.0159388;0.995567 -0.0893938 0.0292426 0.0543858 0.0898973 0.995816 -0.0163798 -0.577707 -0.027656 0.018936 0.999438 0.181673 0 0 0 1 
3394309160004;0.286924;0.151426;0.999047 0.0386484 -0.020277 0.177902 -0.0385045 0.999231 0.00743893 0.755363 0.0205489 -0.00665108 0.999767 -0.32004 0 0 0 1 
3394309160005;0.492031;0.316156;0.915362 0.37951 0.134476 -1.0655 -0.396699 0.907209 0.140009 2.53873 -0.0688628 -0.181505 0.980976 0.0252265 0 0 0 1 
3394309160006;0.393899;0.0292936;0.988901 0.0243111 0.146575 -0.299623 -0.0250743 0.99968 0.0033612 0.551816 -0.146447 -0.00699916 0.989194 1.83883 0 0 0 1 
3394309160007;0.411602;0.0114008;0.886339 -0.335867 0.318742 0.385496 0.343037 0.938662 0.0351964 -2.07097 -0.311012 0.0781445 0.947188 1.3734 0 0 0 1 
3394309160008;0.42721;0.452307;0.955469 -0.292918 -0.0357396 1.65692 0.293501 0.95588 0.0122306 -1.93983 0.0305802 -0.0221756 0.999286 0.736072 0 0 0 1 
3394309160009;0.395375;0.033739;0.979403 -0.197588 -0.0415689 0.484974 0.193343 0.977086 -0.0889979 -1.46763 0.0582013 0.0791278 0.995164 0.500759 0 0 0 1 
3394309160010;0.216746;0.00390585;0.991965 -0.00379266 -0.126454 -0.107309 -0.0182679 0.984781 -0.172838 0.503854 0.125185 0.173759 0.976799 -0.582045 0 0 0 1 
3394309160011;0.228138;0.793275;0.950211 -0.218677 -0.221991 2.53256 0.241106 0.967261 0.0792105 -1.71821 0.197401 -0.12879 0.971826 -1.10633 0 0 0 1 
3394309160012;0.324315;0.855922;0.944777 -0.325989 -0.0335844 1.97375 0.327176 0.932387 0.153659 -2.31834 -0.0187775 -0.156161 0.987553 -0.151261 0 0 0 1 
3394309160013;0.268523;0.237727;0.997628 0.0605082 -0.0328311 0.0200486 -0.0607006 0.998144 -0.00489444 0.138815 0.032474 0.0068757 0.999449 -0.467229 0 0 0 1 
3394309160014;0.217364;0.00594312;0.99977 0.0187578 0.0103966 -0.00721773 -0.0204756 0.979054 0.202568 -0.306377 -0.00637909 -0.202734 0.979213 0.261909 0 0 0 1 
3394309160015;0.198549;0.108311;0.975336 0.106319 0.19343 -0.524793 -0.101169 0.994205 -0.0363373 0.726216 -0.196173 0.0158719 0.980441 1.3239 0 0 0 1 
3394309160016;0.362241;0.0407377;0.901907 -0.22499 0.368704 0.384982 0.222659 0.97364 0.0494739 -1.67939 -0.370116 0.0374746 0.928229 2.95804 0 0 0 1 
3394309160017;0.403444;0.0509469;0.924469 -0.272162 0.266991 -0.377461 0.265824 0.962131 0.0603358 -1.26859 -0.273302 0.0151942 0.961808 1.8007 0 0 0 1 
3394309160018;0.415951;0.132691;0.959166 0.268784 0.0880665 -0.956438 -0.2728 0.961357 0.0370532 1.97006 -0.074704 -0.0595647 0.995425 0.337985 0 0 0 1 
3394309160019;0.389264;0.138897;0.967185 0.253505 -0.0169686 -0.26947 -0.253524 0.967328 0.00108407 1.33688 0.016689 0.00325344 0.999855 -0.898737 0 0 0 1 
3394309160020;0.355901;0.084763;0.949719 -0.15623 -0.271342 0.755222 0.0862066 0.963597 -0.253079 -0.312556 0.301003 0.216962 0.928614 -1.56663 0 0 0 1 
3394309160021;0.307009;0.0078604;0.991547 -0.117623 -0.0547662 0.645163 0.126957 0.966634 0.222488 -1.10714 0.026769 -0.227561 0.973396 -0.330716 0 0 0 1 
3394309160022;0.159878;0.026897;0.980259 -0.0352123 0.194556 -0.312838 0.0509906 0.99575 -0.0766946 -0.245212 -0.191028 0.0851011 0.977889 1.22373 0 0 0 1 
3394309160023;0.179015;0.0101276;0.995613 -0.0415735 0.0838215 -0.170488 0.0436881 0.998768 -0.023552 -0.308278 -0.082739 0.0271107 0.996202 0.103429 0 0 0 1 
3394309160024;0.448507;0.923022;0.904672 -0.421375 0.0633433 2.79731 0.419704 0.90685 0.0383659 -2.68659 -0.0736093 -0.00812311 0.997254 1.27808 0 0 0 1 
3394309160025;0.259237;0.0646875;0.98658 0.163189 -0.00538807 -0.239425 -0.162816 0.985732 0.0426981 1.07003 0.0122791 -0.0412478 0.999073 -0.619133 0 0 0 1 
3394309160026;0.300277;0.238843;0.994915 0.0821959 0.0582056 -0.268321 -0.0787227 0.995111 -0.0596435 -0.0262278 -0.0628235 0.0547581 0.996521 0.696028 0 0 0 1 
3394309160027;0.421694;0.642392;0.957624 -0.221841 -0.183694 2.08198 0.258432 0.943381 0.207955 -2.56695 0.127161 -0.246615 0.960735 -0.309285 0 0 0 1 
3394309160028;0.443835;0.0861507;0.940922 0.0923748 0.325781 -0.307181 0.00500292 0.958175 -0.286139 0.765408 -0.338587 0.270864 0.901106 1.90043 0 0 0 1 
3394309160029;0.512116;0.0232482;0.998739 -0.0205798 0.0457999 0.232352 0.0350397 0.938985 -0.34217 0.442014 -0.0359636 0.343343 0.938521 -0.636356 0 0 0 1 
3394309160031;0.426851;0.229348;0.969627 -0.199779 -0.141108 0.67423 0.216192 0.969851 0.112469 -0.698755 0.114385 -0.139559 0.983585 -0.774817 0 0 0 1 
3394309160032;0.353703;0.207198;0.935066 -0.345374 -0.0798052 0.382667 0.346655 0.93799 0.00234534 0.0983795 0.0740465 -0.0298579 0.996808 -0.00934931 0 0 0 1 
3394309160033;0.139215;0.0100489;0.994572 -0.0243064 -0.101174 0.0354374 0.0193812 0.998592 -0.0493826 -0.171522 0.102232 0.0471537 0.993642 0.119156 0 0 0 1 
3394309160034;0.389775;0.0803525;0.941927 0.330462 -0.059741 -0.336391 -0.326853 0.942988 0.0627797 0.185324 0.0770814 -0.0396074 0.996238 -0.609648 0 0 0 1 
3394309160035;0.19696;0.0101318;0.976619 0.174686 -0.1253 0.0701332 -0.189134 0.97525 -0.114525 0.464764 0.102193 0.135545 0.985487 -0.0978622 0 0 0 1 
3394309160036;0.370886;0.162339;0.940241 -0.340242 0.0134829 0.0228897 0.329586 0.919315 0.215019 -0.400287 -0.0855534 -0.197726 0.976517 0.582321 0 0 0 1 
3394309160037;0.384635;0.0122414;0.914617 -0.248722 0.318767 -0.249735 0.186874 0.959185 0.212231 -0.772161 -0.358543 -0.13454 0.923767 0.047456 0 0 0 1 
3394309160038;0.368064;0.0592188;0.955519 0.29274 -0.0358629 -0.692062 -0.29483 0.951249 -0.0905543 0.544557 0.00760568 0.0970998 0.995246 -0.112452 0 0 0 1 
3394309160039;0.0746977;0.00970536;0.999611 0.00549822 0.0273499 -0.105668 -0.00558386 0.99998 0.00305604 -0.0144192 -0.0273326 -0.00320757 0.999621 -0.142398 0 0 0 1 
3394309160040;0.279481;0.0291695;0.928253 -0.325261 0.180418 0.134827 0.307035 0.943858 0.121909 -0.537123 -0.209942 -0.0577675 0.976006 0.40673 0 0 0 1 
3394309160041;0.389623;0.124886;0.91635 -0.399865 0.0202617 0.731829 0.397596 0.914773 0.0714742 -0.464235 -0.0471148 -0.0574394 0.997237 0.0515171 0 0 0 1 
3394309160042;0.283783;0.143052;0.986553 -0.163128 0.0101219 -0.130114 0.163139 0.986603 -0.000278478 -0.106587 -0.00994091 0.00192602 0.999949 -0.338176 0 0 0 1 
3394309160043;0.314339;0.0271703;0.998083 0.0616981 0.00479255 0.156211 -0.0615147 0.980702 0.185581 -0.0387005 0.00674991 -0.18552 0.982617 0.63603 0 0 0 1 
3394309160044;0.531805;0.0647728;0.900202 0.401908 -0.167652 -0.568872 -0.384888 0.914401 0.125429 0.555912 0.203712 -0.0483847 0.977835 0.387317 0 0 0 1 
3394309160045;0.395186;0.382241;0.98887 0.0859832 0.121421 -0.258517 -0.075349 0.993122 -0.0896171 -0.08415 -0.128292 0.0794707 0.988547 0.187464 0 0 0 1 
3394309160046;0.217132;0.0183855;0.990443 -0.137837 0.00479926 0.168934 0.137782 0.990409 0.01033 -0.597649 -0.00617709 -0.00957001 0.999935 0.161085 0 0 0 1 
3394309160047;0.371665;0.00243184;0.976073 -0.150432 0.157007 -0.0684203 0.166421 0.98155 -0.0941508 0.114416 -0.139947 0.118027 0.983099 -0.618035 0 0 0 1 
3394309160048;0.441321;0.119449;0.923209 0.300544 0.239496 -0.610533 -0.250688 0.943332 -0.217438 0.547727 -0.291274 0.140702 0.946236 0.698175 0 0 0 1 
3394309160049;0.529697;0.399849;0.967197 -0.246201 -0.062569 0.217063 0.249244 0.967322 0.0465401 -0.58976 0.0490661 -0.0606084 0.996955 -0.0177701 0 0 0 1 
3394309160050;0.242722;0.00462928;0.984346 -0.120468 0.128647 -0.0133595 0.121686 0.992567 -0.00162325 -0.184796 -0.127495 0.0172524 0.991689 0.647126 0 0 0 1 
3394309160051;0.288745;0.0388699;0.984058 -0.016693 0.177062 -0.210033 -0.00168236 0.994667 0.103125 -0.0850208 -0.17784 -0.101779 0.978782 0.738365 0 0 0 1 
3394309160052;0.346607;0.0100541;0.995756 0.0910993 0.0130527 0.109713 -0.0912324 0.995779 0.00999203 0.0082297 -0.0120873 -0.0111405 0.999865 -0.803876 0 0 0 1 
3394309160053;0.177457;0.0140204;0.99341 -0.00435681 0.114535 -0.323213 0.00465928 0.999986 -0.00237325 -0.195386 -0.114523 0.00289126 0.993416 0.363177 0 0 0 1 
3394309160054;0.393365;0.00419967;0.99779 -0.0341566 -0.0569895 0.655933 0.0436049 0.983815 0.173801 -0.676831 0.0501307 -0.175902 0.98313 0.40423 0 0 0 1 
3394309160055;0.395101;0.0884954;0.998586 -0.0513575 0.013753 0.534115 0.0522977 0.995413 -0.0801141 0.217805 -0.00957545 0.0807201 0.996691 -0.566892 0 0 0 1 
3394309160056;0.394726;0.0105421;0.98479 0.173289 0.0126633 -0.59239 -0.173246 0.973761 0.147567 0.458609 0.0132408 -0.147516 0.988971 -0.519154 0 0 0 1 
3394309160057;0.649395;0.050888;0.939099 0.33909 0.0557734 -1.05687 -0.30938 0.904899 -0.292305 1.259 -0.149587 0.257249 0.954697 0.435227 0 0 0 1 
3394309160058;0.444142;0.0422458;0.976277 0.216173 -0.0123801 -0.410386 -0.216525 0.974908 -0.0516906 0.618889 0.000895369 0.0531449 0.998586 0.784352 0 0 0 1 
3394309160059;0.406193;0.365759;0.984582 -0.00481966 0.174858 0.452043 0.0153091 0.998159 -0.0586891 -0.563189 -0.174253 0.0604612 0.982843 0.644708 0 0 0 1 
3394309160060;0.43448;0.129161;0.941246 0.336402 -0.0298252 -0.0478592 -0.336921 0.929269 -0.151471 0.498442 -0.0232396 0.15262 0.988012 -0.459207 0 0 0 1 
3394309160062;0.235158;0.00757069;0.951561 -0.26321 0.158908 0.474121 0.278205 0.957138 -0.0805562 -6.11434 -0.130893 0.120863 0.984002 2.91567 0 0 0 1 
3394309160063;0.42419;0.0155643;0.976329 0.215934 -0.0124269 0.791103 -0.215657 0.976255 0.0204321 4.43955 0.0165438 -0.0172685 0.999714 0.606625 0 0 0 1 
3394309160064;0.439802;0.877142;0.897005 0.396866 0.194627 -0.353504 -0.402254 0.915439 -0.0127556 8.90142 -0.183231 -0.0668477 0.980794 3.73284 0 0 0 1 
3394309160065;0.350677;0.0144999;0.987636 0.0848709 0.131802 0.284265 -0.0872911 0.996102 0.0126839 1.32836 -0.130212 -0.0240322 0.991195 2.15025 0 0 0 1 
3394309160066;0.242534;0.0220232;0.999174 0.0111425 -0.039083 -0.181533 -0.0192045 0.976987 -0.212435 0.203921 0.0358165 0.21301 0.976393 -0.247761 0 0 0 1 
3394309160067;0.392633;0.292001;0.986896 0.113658 0.114531 -0.383087 -0.106566 0.992095 -0.0662681 2.45391 -0.121158 0.0531945 0.991207 2.03406 0 0 0 1 
3394309160068;0.328762;0.0140861;0.988977 0.147154 0.0164397 0.245723 -0.148069 0.98242 0.113697 3.71232 0.000580323 -0.114878 0.993379 -0.493669 0 0 0 1 
3394309160069;0.0998438;0.0129676;0.999776 0.0190402 -0.00923495 0.266161 -0.0190378 0.999819 0.000339533 0.429221 0.00923974 -0.000163643 0.999957 -0.281431 0 0 0 1 
3394309160070;0.429464;0.213168;0.925985 0.279733 0.253579 0.745027 -0.335008 0.918488 0.210117 7.27815 -0.174132 -0.279516 0.944218 3.92574 0 0 0 1 
3394309160071;0.0989399;0.0189447;0.99838 0.0553636 -0.0130997 0.0650311 -0.0552878 0.998452 0.00607724 1.17602 0.0134158 -0.00534315 0.999896 -0.489587 0 0 0 1 
3394309160072;0.334886;0.0545301;0.940243 -0.340296 -0.0118985 1.16467 0.335504 0.919903 0.203017 -7.78035 -0.0581403 -0.194877 0.979103 0.817823 0 0 0 1 
3394309160073;0.372916;0.0123325;0.989749 -0.142809 0.00144423 0.838674 0.142808 0.98975 0.00116781 -3.22066 -0.0015962 -0.000949592 0.999998 0.404972 0 0 0 1 
3394309160074;0.236373;0.00767379;0.983254 -0.177689 -0.0404762 0.322453 0.18015 0.981245 0.0685895 -4.07299 0.0275295 -0.0747327 0.996824 -1.09474 0 0 0 1 
3394309160075;0.259352;0.00805223;0.979337 0.0775716 -0.186768 0.738675 -0.124597 0.958856 -0.255088 2.97471 0.159297 0.273088 0.948708 -3.22785 0 0 0 1 
3394309160076;0.21267;0.0163531;0.974395 0.175053 0.141106 0.454069 -0.161516 0.981548 -0.102357 3.79929 -0.15642 0.0769452 0.984689 3.61327 0 0 0 1 
3394309160077;0.259302;0.0157232;0.989242 0.139012 -0.0455672 0.258027 -0.144473 0.977292 -0.155009 3.24072 0.0229844 0.159925 0.986862 0.247174 0 0 0 1 
3394309160078;0.466153;0.123993;0.902239 -0.373208 0.216057 1.64606 0.399268 0.912255 -0.091524 -8.52268 -0.162942 0.168841 0.972082 4.41353 0 0 0 1 
3394309160079;0.423773;0.00890939;0.967617 -0.161177 0.194266 -0.321703 0.184794 0.97658 -0.110196 -3.86905 -0.171956 0.142526 0.97474 3.23025 0 0 0 1 
3394309160080;0.255153;0.012595;0.992658 0.00978208 0.120558 0.102178 0.00828685 0.988882 -0.14847 0.0156097 -0.12067 0.148379 0.981541 2.31057 0 0 0 1 
3394309160081;0.296072;0.00577835;0.997339 -0.0655603 0.0318855 0.332306 0.0657414 0.997826 -0.00466669 -0.800793 -0.0315102 0.00675047 0.999481 0.589024 0 0 0 1 
3394309160082;0.355531;0.118913;0.926437 -0.370506 -0.0666338 1.70818 0.365379 0.927604 -0.0777795 -8.04266 0.0906276 0.0477113 0.994741 -2.00774 0 0 0 1 
3394309160083;0.180325;0.00916491;0.99739 -0.0714214 -0.0105702 -0.035003 0.0721203 0.978712 0.192149 -1.95964 -0.00337836 -0.19241 0.981309 -0.0133657 0 0 0 1 
3394309160084;0.188147;0.010125;0.997785 -0.0276626 -0.060492 -0.093925 0.0266122 0.999482 -0.0181014 -0.376029 0.0609614 0.0164515 0.998005 -1.65801 0 0 0 1 
3394309160085;0.149775;0.0153224;0.997294 0.0135704 0.0722464 -0.117796 -0.0252658 0.986215 0.163526 0.236273 -0.0690314 -0.164909 0.98389 1.32081 0 0 0 1 
3394309160086;0.360181;0.010379;0.976174 0.0342453 -0.21427 1.31958 -0.0516366 0.995762 -0.0761006 1.26743 0.210756 0.0853516 0.973805 -3.70766 0 0 0 1 
3394309160087;0.069233;0.00853555;0.99656 -0.080365 -0.0202506 0.0465546 0.08064 0.996657 0.0131517 -1.78819 0.019126 -0.0147395 0.999708 -0.416827 0 0 0 1 
3394309160088;0.334175;0.00519947;0.957429 -0.245477 0.15189 -0.254393 0.222583 0.962828 0.153034 -5.04433 -0.18381 -0.112711 0.976478 3.59736 0 0 0 1 
3394309160089;0.384231;0.00555217;0.967933 -0.21578 0.12863 0.0926464 0.203912 0.973933 0.099373 -4.89456 -0.14672 -0.0699572 0.986701 2.33165 0 0 0 1 
3394309160090;0.357505;0.0292818;0.949137 -0.292068 0.117622 0.7831 0.308637 0.936934 -0.164004 -6.19111 -0.0623038 0.191965 0.979422 1.91727 0 0 0 1 
3394309160091;0.460987;0.0189691;0.971613 0.23014 0.0548148 0.376751 -0.23238 0.971856 0.0386738 4.08161 -0.0443717 -0.0503137 0.997747 0.490493 0 0 0 1 
3394309160093;0.186714;0.0128169;0.982006 -0.0720102 -0.174583 0.529631 0.076899 0.996809 0.0213929 -1.36881 0.172485 -0.0344332 0.98441 -3.41517 0 0 0 1 
3394309160094;0.310812;0.0257576;0.986261 -0.126151 0.106655 0.386505 0.126776 0.991931 0.000932222 -1.68307 -0.105912 0.0126019 0.994296 1.98482 0 0 0 1 
3394309160095;0.222858;0.0194115;0.998829 -0.0304781 -0.0375833 0.26667 0.0297754 0.999374 -0.0191176 -0.642963 0.0381424 0.0179761 0.999111 -0.169075 0 0 0 1 
3394309160096;0.38163;0.0143281;0.996224 -0.0723752 -0.047958 0.305016 0.0771958 0.991176 0.107756 -1.7086 0.039736 -0.111051 0.99302 0.0520078 0 0 0 1 
3394309160097;0.257713;0.0218299;0.999818 0.0109722 -0.0156151 -0.0680791 -0.0108121 0.999888 0.0103014 0.186255 0.0157263 -0.0101307 0.999825 0.390501 0 0 0 1 
3394309160098;0.436886;0.246288;0.981533 0.189575 0.0255803 -0.265436 -0.186294 0.977667 -0.09727 3.55477 -0.043449 0.0907082 0.994929 0.764103 0 0 0 1 
3394309160099;0.352112;0.0355256;0.990744 0.100891 0.0908137 0.625644 -0.0827369 0.979205 -0.185234 2.02845 -0.107614 0.176006 0.978489 1.73955 0 0 0 1 
3394309160100;0.383134;0.0179058;0.996603 -0.0146263 -0.0810499 0.350416 0.0199455 0.997672 0.0652126 -0.328134 0.0799074 -0.0666076 0.994574 -0.54092 0 0 0 1 
3394309160101;0.349174;0.0310805;0.999813 0.00942212 0.0168936 0.0293182 -0.00548009 0.975538 -0.219763 0.782354 -0.0185509 0.219629 0.975407 1.33608 0 0 0 1 
3394309160102;0.328612;0.0183328;0.98961 0.100344 -0.102972 0.336476 -0.0877068 0.98881 0.120672 1.50969 0.113929 -0.110387 0.987337 -1.38187 0 0 0 1 
3394309160103;0.353684;0.0200003;0.997544 -0.00251255 0.0699954 -0.825146 -0.00111362 0.998661 0.0517187 -0.15532 -0.0700316 -0.0516696 0.996206 1.73671 0 0 0 1 
3394309160104;0.220681;0.0175285;0.980048 -0.138644 0.142424 -0.304376 0.133532 0.990027 0.0448883 -2.08396 -0.147227 -0.0249745 0.988787 2.57585 0 0 0 1 
3394309160105;0.408456;0.442959;0.931173 0.355378 0.0813875 0.264075 -0.361513 0.92893 0.079983 6.71431 -0.0471791 -0.103901 0.993468 1.38929 0 0 0 1 
3394309160106;0.441483;0.0160036;0.896482 -0.417379 0.148713 1.49362 0.368861 0.888976 0.271409 -7.20162 -0.245483 -0.188459 0.950906 4.68148 0 0 0 1 
3394309160107;0.532391;0.0194658;0.919398 -0.364681 -0.147364 2.12154 0.349407 0.929286 -0.119761 -6.2199 0.180618 0.0586183 0.981805 -3.7303 0 0 0 1 
3394309160108;0.223867;0.031935;0.999903 0.0138621 0.00154813 -0.15689 -0.0138742 0.999871 0.00806093 0.165451 -0.00143618 -0.00808162 0.999966 0.612001 0 0 0 1 
3394309160109;0.0784344;0.0142285;0.995095 -0.0989171 -0.00113198 -0.0448194 0.0989212 0.994927 0.0183243 -1.82357 -0.000686351 -0.0183464 0.999831 -0.0242879 0 0 0 1 
3394309160110;0.305364;0.023404;0.985989 -0.157012 0.0563345 -0.306954 0.164837 0.968888 -0.184623 -2.84154 -0.0255937 0.191322 0.981194 1.38391 0 0 0 1 
3394309160111;0.289575;0.916526;0.947326 0.249906 0.200299 -0.948241 -0.233485 0.966977 -0.102182 4.37702 -0.21922 0.0500325 0.974392 4.30147 0 0 0 1 
3394309160112;0.386373;0.0115417;0.968763 -0.24337 0.0476334 0.175516 0.243073 0.969933 0.0120309 -4.53964 -0.0491292 -7.67726e-05 0.998792 1.72659 0 0 0 1 
3394309160113;0.347639;0.0243102;0.999209 0.0397647 0.000823057 -0.14267 -0.0397649 0.999209 0.000206669 1.0004 -0.000814188 -0.000239234 1 0.873819 0 0 0 1 
3394309160114;0.578959;0.697254;0.890004 0.374676 0.259826 -0.79512 -0.371437 0.92629 -0.0634201 6.44677 -0.264437 -0.040065 0.96357 4.68832 0 0 0 1 
3394309160115;0.373208;0.0277289;0.996255 -0.00449285 0.0863416 -0.336284 0.0122774 0.99588 -0.0898423 -0.0819433 -0.0855823 0.090566 0.992206 0.771238 0 0 0 1 
3394309160116;0.177223;0.0195797;0.999746 -0.0224964 -0.00141746 0.268719 0.0224804 0.999693 -0.0103976 -0.0674016 0.00165094 0.0103631 0.999945 -0.121701 0 0 0 1 
3394309160117;0.448363;0.0167787;0.979694 -0.195383 -0.0449957 0.28319 0.175283 0.943598 -0.280888 -2.48836 0.0973386 0.267297 0.958685 -2.156 0 0 0 1 
3394309160118;0.307421;0.0800782;0.971042 0.175797 0.16178 0.230463 -0.137308 0.96481 -0.22425 2.95204 -0.19551 0.195543 0.961009 3.58368 0 0 0 1 
3394309160119;0.336676;0.110945;0.937997 -0.342284 -0.0548047 1.24002 0.342809 0.939405 0.00019375 -6.15505 0.0514175 -0.0189693 0.998497 -0.549194 0 0 0 1 
3394309160120;0.390228;0.00737347;0.88269 -0.436756 0.173502 1.43743 0.45231 0.889747 -0.0613655 -8.01047 -0.127571 0.132643 0.98292 2.83066 0 0 0 1 
3394309160121;0.364275;0.0555592;0.935835 -0.10427 0.336662 0.20157 0.174455 0.967048 -0.185428 -2.4712 -0.306234 0.232262 0.923187 5.91576 0 0 0 1 
3394309160122;0.150012;0.0436613;0.981508 0.187404 -0.0390118 0.667101 -0.188406 0.981803 -0.0237792 3.33462 0.0338456 0.0306895 0.998956 -0.546486 0 0 0 1 
3394309160124;0.265891;0.0124747;0.971674 -0.224686 0.0732476 -0.0659715 0.226853 0.973666 -0.0226429 -5.65139 -0.0662311 0.038618 0.997057 1.41399 0 0 0 1 
3394309160125;0.0924407;0.0213124;0.990995 0.0300288 0.130485 0.0685701 -0.0379633 0.997551 0.0587514 0.812572 -0.128401 -0.063176 0.989708 2.85341 0 0 0 1 
3394309160126;0.454214;0.0267144;0.917438 0.300893 -0.260327 3.22678 -0.303329 0.952356 0.0317762 7.58034 0.257485 0.0498118 0.964998 -5.79893 0 0 0 1 
3394309160127;0.391085;0.0709216;0.9179 0.392371 -0.0592091 2.07213 -0.3779 0.909881 0.171198 8.85222 0.121046 -0.134768 0.983456 -3.16896 0 0 0 1 
3394309160128;0.398984;0.136504;0.946197 0.322248 0.0294479 0.893692 -0.314265 0.936805 -0.153732 7.91208 -0.0771268 0.136207 0.987674 1.93056 0 0 0 1 
3394309160129;0.0588853;0.0157679;0.999995 -0.00139445 0.00271102 -0.0499733 0.00138063 0.999986 0.00509448 -0.120702 -0.00271809 -0.00509072 0.999983 0.190066 0 0 0 1 
3394309160130;0.354684;0.415573;0.985677 -0.124714 0.113519 0.258091 0.125104 0.992137 0.00371163 -3.7672 -0.113089 0.0105432 0.993529 2.71015 0 0 0 1 
3394309160131;0.385569;0.253757;0.911632 0.406569 0.0602429 1.87765 -0.407178 0.913346 -0.00234619 9.81454 -0.0559765 -0.0223907 0.998181 1.40651 0 0 0 1 
3394309160132;0.356548;0.0194578;0.908757 -0.413326 0.0576365 1.74507 0.417319 0.899316 -0.130669 -9.77697 0.00217535 0.142799 0.989749 0.0994985 0 0 0 1 
3394309160133;0.361702;0.0127151;0.95038 -0.179599 -0.254013 1.53511 0.247046 0.931958 0.265373 -6.05131 0.189068 -0.314958 0.930083 -4.76012 0 0 0 1 
3394309160134;0.414145;0.0135229;0.978292 -0.205523 0.0265568 1.03602 0.206948 0.975602 -0.0732999 -4.53881 -0.010844 0.0772046 0.996956 0.337854 0 0 0 1 
3394309160135;0.292331;0.0135734;0.999216 0.0137143 -0.0371288 0.10674 -0.0102865 0.995799 0.0909867 -0.230041 0.0382207 -0.0905335 0.99516 -1.61747 0 0 0 1 
3394309160136;0.443471;0.0370178;0.969368 0.245138 -0.0152304 0.948451 -0.244941 0.969441 0.0137014 5.98186 0.0181237 -0.00955117 0.99979 -1.27007 0 0 0 1 
3394309160137;0.250953;0.0150072;0.982768 -0.175737 -0.0572973 0.364522 0.180866 0.978208 0.101963 -4.38937 0.03813 -0.110569 0.993137 -1.43126 0 0 0 1 
3394309160138;0.370395;0.0121471;0.928163 -0.263822 -0.262508 1.83596 0.241365 0.963595 -0.11501 -5.22738 0.283294 0.0433873 0.958051 -6.08863 0 0 0 1 
3394309160139;0.0858104;0.0174;0.997385 0.0719094 -0.00718598 0.131125 -0.0711743 0.994659 0.0747549 1.50283 0.0125232 -0.074048 0.997176 -0.452632 0 0 0 1 
3394309160140;0.322515;0.00923023;0.904706 -0.0469562 -0.42344 2.96909 0.0495705 0.998759 -0.00484397 -1.21333 0.423142 -0.0166078 0.905911 -9.99155 0 0 0 1 
3394309160141;0.361297;0.0719888;0.942729 0.333525 0.00482949 1.13113 -0.333552 0.942508 0.0205217 7.97488 0.00229268 -0.0209573 0.999778 -0.145449 0 0 0 1 
3394309160142;0.193657;0.0404459;0.967606 0.0221774 0.25149 0.205057 -0.0320391 0.998867 0.035186 0.698375 -0.250425 -0.0421037 0.96722 5.94073 0 0 0 1 
3394309160143;0.448915;0.0186195;0.97101 0.238651 -0.0135814 0.135197 -0.238228 0.97083 0.0271316 5.20382 0.0196603 -0.0231095 0.99954 -0.841293 0 0 0 1 
3394309160144;0.382267;0.0224582;0.93085 -0.330259 -0.156358 0.970619 0.315902 0.942407 -0.109884 -7.85355 0.183643 0.0528916 0.981569 -4.4791 0 0 0 1 
3394309160145;0.390824;0.0113755;0.908987 0.127231 -0.396933 2.90869 -0.217065 0.95745 -0.190188 5.35855 0.355846 0.259038 0.897927 -8.25261 0 0 0 1 
3394309160146;0.519843;0.0228314;0.987256 0.0544792 0.149524 0.169876 -0.0882332 0.969325 0.2294 1.80692 -0.132439 -0.23967 0.961779 3.97029 0 0 0 1 
3394309160147;0.314525;0.00956529;0.955505 -0.186505 -0.228531 0.701335 0.226797 0.959883 0.164889 -5.37514 0.188611 -0.209382 0.959471 -4.33357 0 0 0 1 
3394309160148;0.159477;0.0203217;0.996282 0.00960496 0.0856154 0.194824 -0.0181365 0.994879 0.0994368 0.0865937 -0.0842218 -0.10062 0.991354 1.81064 0 0 0 1 
3394309160149;0.32406;0.421891;0.997614 -0.0685038 0.00861515 0.312855 0.068723 0.99723 -0.0284363 -0.731558 -0.0066433 0.0289605 0.999558 0.284675 0 0 0 1 
3394309160150;0.0510986;0.0251401;0.998195 0.0578488 0.0161285 0.00113717 -0.0578826 0.998322 0.00163642 1.33718 -0.0160068 -0.00256703 0.999869 0.391852 0 0 0 1 
3394309160151;0.610087;0.0117965;0.929045 -0.337235 -0.152143 2.57902 0.32349 0.940018 -0.108258 -7.23263 0.179525 0.0513596 0.982412 -3.90463 0 0 0 1 
3394309160152;0.362678;0.0294653;0.922842 0.288132 -0.255623 2.66576 -0.314597 0.946743 -0.0686012 7.51989 0.222243 0.143726 0.96434 -5.32625 0 0 0 1 
3394309160153;0.287468;0.0170476;0.95539 0.287829 -0.0662083 1.34199 -0.267094 0.937689 0.222261 5.83865 0.126056 -0.194662 0.972737 -2.98364 0 0 0 1 
3394309160155;0.447786;0.367141;0.972016 -0.219886 -0.082678 0.574461 0.228713 0.966145 0.119391 -1.99339 0.0536264 -0.13496 0.989399 -0.358557 0 0 0 1 
3394309160156;0.233355;0.0224448;0.929957 0.0706881 -0.360809 1.16157 -0.0604557 0.997386 0.0395834 0.516688 0.362664 -0.0149979 0.931799 -3.1861 0 0 0 1 
3394309160157;0.264959;0.0741429;0.975404 0.0370481 0.217287 -0.183409 -0.0858484 0.971787 0.219682 0.343813 -0.203018 -0.232932 0.951066 1.46738 0 0 0 1 
3394309160158;0.276214;0.022363;0.986295 -0.161182 0.0352447 0.0915319 0.16141 0.98688 -0.00372476 -1.65663 -0.034182 0.00936259 0.999372 -0.220396 0 0 0 1 
3394309160159;0.327677;0.0314667;0.999374 0.0296936 0.0192557 -0.242337 -0.0309226 0.997272 0.0670244 0.193554 -0.017213 -0.0675779 0.997566 0.985605 0 0 0 1 
3394309160160;0.133668;0.0468599;0.984494 0.000880993 0.175418 -0.267365 0.00995856 0.998094 -0.0609029 0.00718996 -0.175137 0.0617054 0.982608 1.6593 0 0 0 1 
3394309160161;0.30505;0.745395;0.946047 0.323639 -0.0159063 -1.59079 -0.323197 0.945995 0.0252326 3.10601 0.0232135 -0.0187303 0.999555 0.11776 0 0 0 1 
3394309160162;0.0502853;0.0308871;0.999958 -0.0086456 -0.00311267 0.0351237 0.00863827 0.99996 -0.00236055 -0.14307 0.00313296 0.00233356 0.999992 0.0626886 0 0 0 1 
3394309160163;0.250016;0.0293446;0.994602 -0.0740169 -0.0727217 0.0840756 0.0902881 0.962719 0.254989 -1.28743 0.0511371 -0.260179 0.964205 -0.26818 0 0 0 1 
3394309160164;0.523579;0.849722;0.904099 0.425501 -0.0394192 -2.01915 -0.425803 0.904815 0.000799353 3.71031 0.0360072 0.0160621 0.999222 0.0733039 0 0 0 1 
3394309160165;0.368871;0.120339;0.96788 0.250458 -0.0218955 -0.00118278 -0.247613 0.93454 -0.255582 2.42401 -0.0435504 0.252794 0.966539 1.12321 0 0 0 1 
3394309160166;0.306131;0.028694;0.999593 -0.0113442 -0.0261662 0.0784975 0.0113417 0.999936 -0.000240663 -0.120288 0.0261673 -5.62054e-05 0.999658 -0.983456 0 0 0 1 
3394309160167;0.598213;0.0686154;0.905147 -0.138595 -0.401872 2.13823 0.21033 0.967547 0.14005 -2.80538 0.36942 -0.211291 0.904923 -2.77149 0 0 0 1 
3394309160168;0.1742;0.0331767;0.999379 0.0346834 -0.0062949 -0.084058 -0.0346749 0.999398 0.00144274 0.302944 0.00634115 -0.00122357 0.999979 0.420014 0 0 0 1 
3394309160169;0.457369;0.032473;0.943285 -0.327608 0.0537282 0.272531 0.326021 0.944666 0.036278 -3.90866 -0.0626402 -0.016704 0.997896 1.10762 0 0 0 1 
3394309160170;0.210774;0.0333481;0.985483 -0.102822 0.135097 -0.263003 0.124255 0.979063 -0.161232 -0.955738 -0.11569 0.175678 0.977626 0.96167 0 0 0 1 
3394309160171;0.312176;0.0272659;0.979712 -0.197138 0.0360821 0.429563 0.179263 0.942504 0.282049 -2.00205 -0.08961 -0.269858 0.958721 0.725319 0 0 0 1 
3394309160172;0.347442;0.0249079;0.991495 -0.0549527 -0.117971 0.140421 0.039375 0.990661 -0.130535 -0.358758 0.124042 0.12478 0.9844 -0.141845 0 0 0 1 
3394309160173;0.513361;0.0340847;0.967514 -0.239599 0.0806742 0.74594 0.252147 0.891297 -0.376844 -1.50256 0.0183868 0.384943 0.922757 0.112571 0 0 0 1 
3394309160174;0.158617;0.0306437;0.997589 0.0483278 -0.0498045 -0.225295 -0.0539422 0.991504 -0.11836 0.611641 0.0436613 0.120762 0.991721 -0.108278 0 0 0 1 
3394309160175;0.423765;0.0328476;0.985636 -0.0363044 -0.164937 1.06626 0.000763005 0.977569 -0.210614 0.48269 0.168884 0.207462 0.963555 -1.56578 0 0 0 1 
3394309160176;0.19621;0.0389899;0.995722 -0.0386157 0.0839456 0.0237634 0.0350594 0.998441 0.0434347 -0.0882711 -0.085492 -0.0403058 0.995523 0.452825 0 0 0 1 
3394309160177;0.557777;0.0296809;0.956343 0.178465 -0.231426 0.549837 -0.0775139 0.918424 0.387928 0.284505 0.281779 -0.353054 0.892162 -1.47422 0 0 0 1 
3394309160178;0.217629;0.0506113;0.999983 -0.00580981 0.000784027 0.281009 0.00581056 0.999983 -0.000946166 -0.339787 -0.000778516 0.000950705 0.999999 0.374429 0 0 0 1 
3394309160179;0.268847;0.726369;0.959292 -0.28238 -0.00457757 1.68916 0.2824 0.958928 0.0265987 -3.02916 -0.0031214 -0.0268086 0.999636 -0.00146256 0 0 0 1 
3394309160180;0.363436;0.0435233;0.997217 -0.00427034 0.0744327 -0.121553 0.00869555 0.998206 -0.0592303 0.341983 -0.0740463 0.0597127 0.995465 1.63366 0 0 0 1 
3394309160181;0.481709;0.212172;0.975258 -0.220958 0.00699665 0.590938 0.221063 0.974517 -0.0380401 -2.49204 0.00158691 0.0386456 0.999252 0.647465 0 0 0 1 
3394309160182;0.293983;0.0251668;0.998339 -0.0470926 -0.0331931 -0.00269759 0.0468875 0.998876 -0.00693132 -0.948623 0.0334822 0.00536347 0.999425 0.29516 0 0 0 1 
3394309160183;0.436918;0.0257493;0.9725 -0.232685 0.0100926 0.457371 0.220976 0.935516 0.275643 -2.99106 -0.0735799 -0.265833 0.961207 0.279032 0 0 0 1 
3394309160184;0.141133;0.0212504;0.999898 -0.00863666 -0.01134 -0.334756 0.00838869 0.999729 -0.0217357 -0.1601 0.0115246 0.0216383 0.999699 0.109534 0 0 0 1 
3394309160186;0.458534;0.100741;0.925817 0.375206 -0.0456465 1.62005 -0.376933 0.925464 -0.0379232 7.55478 0.0280152 0.0523156 0.998238 -1.17973 0 0 0 1 
3394309160187;0.388653;0.25829;0.914644 -0.404183 0.00787578 1.93237 0.403362 0.911141 -0.0843918 -8.0782 0.0269338 0.0803653 0.996402 -0.22382 0 0 0 1 
3394309160188;0.269366;0.00661032;0.986203 -0.165536 -0.00144888 0.179822 0.163629 0.973441 0.16012 -3.43547 -0.0250952 -0.158148 0.987096 0.783081 0 0 0 1 
3394309160189;0.483079;0.00644255;0.968173 -0.202028 -0.147738 0.992622 0.149977 0.940869 -0.303765 -2.03897 0.200371 0.27194 0.941223 -4.03785 0 0 0 1 
3394309160190;0.0786131;0.00477012;0.997965 0.061251 -0.0177301 0.113581 -0.0613455 0.998105 -0.00483459 1.15787 0.0174004 0.00591241 0.999831 -0.475991 0 0 0 1 
3394309160191;0.461554;0.101512;0.953024 -0.302828 -0.00643524 0.99143 0.302895 0.952863 0.0175041 -6.72403 0.000831192 -0.018631 0.999826 0.599885 0 0 0 1 
3394309160192;0.432023;0.00448655;0.987477 -0.028754 -0.155122 1.11341 -0.013017 0.965048 -0.261748 1.06731 0.157227 0.26049 0.952589 -2.45918 0 0 0 1 
3394309160193;0.353577;0.0443996;0.955788 0.293909 -0.00928605 1.30043 -0.294051 0.955478 -0.0244081 5.79892 0.00169885 0.0260596 0.999659 -0.592176 0 0 0 1 
3394309160194;0.352735;0.00350653;0.951335 -0.225569 0.209953 0.359741 0.147078 0.931069 0.333884 -3.59211 -0.270795 -0.286756 0.918935 5.056 0 0 0 1 
3394309160195;0.362433;0.133709;0.92074 0.39014 0.00525478 1.58589 -0.389869 0.920466 -0.0272811 7.69031 -0.0154803 0.0230701 0.999614 0.167416 0 0 0 1 
3394309160196;0.182053;0.00443477;0.992787 -0.109117 0.0496647 -0.0390018 0.100354 0.98301 0.153692 -2.34302 -0.0655914 -0.1476 0.98687 0.885132 0 0 0 1 
3394309160197;0.398636;0.121276;0.933552 0.34228 -0.106421 1.80553 -0.356939 0.914883 -0.188634 7.31586 0.0327972 0.214085 0.976264 0.218426 0 0 0 1 
3394309160198;0.114611;0.00660245;0.99117 -0.132405 -0.00709947 0.0391609 0.132394 0.991195 -0.00197324 -2.69304 0.00729823 0.00101589 0.999973 -0.102589 0 0 0 1 
3394309160199;0.260161;0.0354866;0.951189 0.308543 0.00645153 1.15322 -0.30809 0.95059 -0.0381907 6.13187 -0.0179162 0.0343389 0.99925 0.41868 0 0 0 1 
3394309160200;0.239388;0.00311645;0.999001 -0.0326857 -0.0304763 -0.00877443 0.033092 0.999369 0.0129238 -0.733564 0.0300346 -0.0139194 0.999452 0.0235923 0 0 0 1 
3394309160201;0.340496;0.00364782;0.968868 -0.0750119 0.235942 0.595164 0.120106 0.975751 -0.182985 -1.70932 -0.216494 0.205627 0.954383 4.20718 0 0 0 1 
3394309160202;0.373558;0.00406449;0.986134 -0.0826178 0.143923 -0.676722 0.0831825 0.996532 0.0020997 -1.40313 -0.143598 0.00990132 0.989587 2.16395 0 0 0 1 
3394309160203;0.451354;0.151328;0.948082 0.312803 0.0574045 0.823152 -0.279485 0.905629 -0.318943 6.22843 -0.151753 0.28634 0.946034 3.19008 0 0 0 1 
3394309160204;0.469117;0.181688;0.911948 0.410098 -0.0130674 1.64392 -0.409996 0.912034 0.00981727 8.19079 0.0159439 -0.00359527 0.999866 -0.803453 0 0 0 1 
3394309160205;0.327235;0.0202079;0.978866 -0.197895 -0.0515633 0.734871 0.200212 0.978743 0.0444697 -4.38612 0.0416669 -0.0538535 0.997679 -1.2125 0 0 0 1 
3394309160206;0.165571;0.00219111;0.998318 -0.0128818 -0.0565214 -0.126933 0.00597265 0.992666 -0.120745 0.147131 0.0576623 0.120205 0.991073 -0.676722 0 0 0 1 
3394309160207;0.420271;0.00616096;0.971343 0.106401 0.212538 0.459689 -0.116633 0.992516 0.0361638 2.14094 -0.207099 -0.0599164 0.976483 4.96971 0 0 0 1 
3394309160208;0.487381;0.00484454;0.924677 0.307557 -0.224456 1.33538 -0.250503 0.935363 0.249687 4.16418 0.286741 -0.174653 0.941953 -5.33061 0 0 0 1 
3394309160209;0.287731;0.00451736;0.99597 0.0696484 0.0565113 -0.144082 -0.076913 0.987349 0.138658 1.47193 -0.046139 -0.142446 0.988727 0.0905979 0 0 0 1 
3394309160210;0.372686;0.0555296;0.952649 -0.300703 0.0451456 0.75087 0.303918 0.946344 -0.109847 -5.65153 -0.00969212 0.118366 0.992923 0.948335 0 0 0 1 
3394309160211;0.423056;0.278461;0.924416 -0.308119 -0.224762 2.36454 0.336036 0.936745 0.097917 -6.83298 0.180375 -0.166044 0.969481 -3.14743 0 0 0 1 
3394309160212;0.468609;0.0302759;0.961085 -0.274951 0.0267771 1.1802 0.275481 0.961127 -0.0185717 -5.87317 -0.0206299 0.0252256 0.999469 1.02808 0 0 0 1 
3394309160213;0.266849;0.00273888;0.978319 -0.149581 0.143242 -0.31385 0.175164 0.96663 -0.186933 -3.06309 -0.1105 0.207971 0.971873 2.49235 0 0 0 1 
3394309160214;0.475344;0.384296;0.993593 -0.101464 0.049779 0.297928 0.105258 0.991167 -0.0806744 -2.08555 -0.0411537 0.0853972 0.995497 1.46981 0 0 0 1 
3394309160215;0.281079;0.0537497;0.887631 0.0868446 -0.452293 2.82371 -0.0624014 0.995683 0.0687171 1.26423 0.456308 -0.0327717 0.889218 -8.94432 0 0 0 1 
3394309160217;0.276984;0.0189642;0.999999 0.000294779 0.00119498 -0.594921 -0.000296942 0.999998 0.00181007 0.360436 -0.00119444 -0.00181042 0.999998 0.380134 0 0 0 1 
3394309160218;0.423487;0.4585;0.972843 0.227039 0.0450474 -1.09061 -0.230424 0.968382 0.095607 2.70339 -0.0219166 -0.103391 0.994399 0.317617 0 0 0 1 
3394309160219;0.217232;0.0280721;0.985489 0.162173 -0.0501058 0.454662 -0.168788 0.967477 -0.188411 2.51391 0.0179211 0.194134 0.980811 0.0665065 0 0 0 1 
3394309160220;0.375115;0.0106418;0.922409 0.181846 -0.340725 1.59378 -0.10356 0.966367 0.235395 0.554603 0.37207 -0.181845 0.910218 -5.21159 0 0 0 1 
3394309160221;0.326953;0.0235709;0.980948 0.183018 -0.0651546 -0.0781922 -0.179694 0.982255 0.0537119 1.95278 0.0738286 -0.0409807 0.996429 -0.408408 0 0 0 1 
3394309160222;0.142051;0.0149117;0.999224 -0.0359903 0.0160324 -0.271652 0.0364299 0.998943 -0.0280314 -0.745469 -0.0150066 0.0285937 0.999478 0.327473 0 0 0 1 
3394309160223;0.261461;0.0231856;0.958926 0.274673 -0.070818 0.334659 -0.271104 0.960917 0.0560425 3.42229 0.0834436 -0.0345416 0.995914 -1.17215 0 0 0 1 
3394309160224;0.0854273;0.0242038;0.993582 0.112559 -0.0112123 0.121305 -0.112448 0.993606 0.0100891 1.35195 0.0122762 -0.00876352 0.999886 -0.146353 0 0 0 1 
3394309160225;0.231107;0.0106592;0.999944 0.00358696 -0.00993381 -0.206675 -0.00341412 0.999843 0.0173616 0.557688 0.00999453 -0.0173267 0.9998 0.0738681 0 0 0 1 
3394309160226;0.061528;0.00962855;0.999989 0.00263519 -0.00381921 -0.00616925 -0.00264546 0.999993 -0.00268522 0.0667415 0.00381211 0.0026953 0.999989 -0.187422 0 0 0 1 
3394309160227;0.376137;1.2464;0.890455 0.452366 -0.0495503 -1.54707 -0.452933 0.891544 -0.000238436 5.65292 0.0440684 0.0226553 0.998772 -0.364685 0 0 0 1 
3394309160228;0.303595;0.011972;0.965427 -0.248763 0.0779025 0.316588 0.260448 0.93297 -0.248461 -2.98989 -0.0108729 0.260161 0.965504 0.194073 0 0 0 1 
3394309160229;0.401686;0.0149707;0.930499 -0.316468 0.184442 1.06499 0.320838 0.947112 0.0064585 -3.67308 -0.176731 0.0531662 0.982822 2.45034 0 0 0 1 
3394309160230;0.10387;0.018739;0.991317 0.127529 -0.0320478 0.114201 -0.128585 0.991138 -0.0333507 1.66476 0.0275106 0.037182 0.99893 -0.31795 0 0 0 1 
3394309160231;0.26477;0.0207317;0.925822 -0.226708 0.302418 0.318157 0.190132 0.970879 0.14575 -2.79032 -0.326654 -0.0774388 0.941966 4.27264 0 0 0 1 
3394309160232;0.456423;0.0180879;0.870528 0.285703 -0.400694 2.83966 -0.283586 0.956671 0.0660196 3.88355 0.402194 0.0561593 0.91383 -5.53024 0 0 0 1 
3394309160233;0.155497;0.0171299;0.999125 0.0327372 0.0260331 -0.171281 -0.0334762 0.999034 0.028478 0.361716 -0.0250757 -0.0293246 0.999255 0.693577 0 0 0 1 
3394309160234;0.449685;0.203484;0.998839 -0.0461512 0.0138004 0.259881 0.0467458 0.997828 -0.0464166 -0.553797 -0.0116283 0.0470078 0.998827 -0.726411 0 0 0 1 
3394309160235;0.164832;0.0114273;0.972276 0.12619 -0.196862 0.356774 -0.116046 0.991289 0.0622868 1.49199 0.203007 -0.037715 0.978451 -2.59896 0 0 0 1 
3394309160236;0.330502;0.0660164;0.973595 0.221578 0.0549168 0.0323153 -0.207626 0.959492 -0.190439 3.25301 -0.0948893 0.174008 0.980162 1.75911 0 0 0 1 
3394309160237;0.197559;0.0318459;0.999964 -0.00830578 0.00142077 0.254828 0.00829292 0.999927 0.00883126 0.118908 -0.00149402 -0.00881917 0.99996 -0.267953 0 0 0 1 
3394309160238;0.37956;0.0257762;0.982338 -0.138726 0.125564 0.828944 0.124203 0.985342 0.116938 -1.49621 -0.139946 -0.099277 0.98517 1.88173 0 0 0 1 
3394309160239;0.353533;0.0161102;0.995701 -0.0424202 0.0823401 -0.79037 0.0416349 0.99907 0.0112316 -0.383833 -0.08274 -0.00775506 0.996541 0.465412 0 0 0 1 
3394309160240;0.540644;0.765397;0.958822 0.26763 0.0950486 -1.87535 -0.219563 0.910792 -0.349642 4.02343 -0.180144 0.314376 0.932049 2.08352 0 0 0 1 
3394309160241;0.23847;0.126771;0.980623 0.0783043 0.179576 0.109789 -0.0884897 0.994851 0.049416 0.903596 -0.174782 -0.0643491 0.982502 1.83015 0 0 0 1 
3394309160242;0.249114;0.0178109;0.999414 -0.0226306 0.0256636 -0.308812 0.0221278 0.999561 0.0197091 -0.290648 -0.0260984 -0.0191297 0.999476 -0.266032 0 0 0 1 
3394309160243;0.309141;0.120392;0.966985 0.151354 0.205016 -0.3397 -0.111589 0.974773 -0.193303 1.85595 -0.229101 0.164043 0.95948 2.88268 0 0 0 1 
3394309160244;0.346424;0.0454556;0.999999 -0.000701231 -0.00115735 0.466002 0.000701608 1 0.000325374 -0.397646 0.00115712 -0.000326186 0.999999 0.598105 0 0 0 1 
3394309160245;0.222213;0.0867715;0.982604 0.139542 0.122543 -0.0372087 -0.145201 0.988653 0.0384889 1.97419 -0.115782 -0.0556127 0.991717 1.06285 0 0 0 1 
3394309160246;0.394505;1.0211;0.905654 0.421421 0.0468531 -1.74592 -0.423941 0.902045 0.081172 5.47112 -0.00805598 -0.0933767 0.995598 -0.0264999 0 0 0 1 
3394309160248;0.387346;0.356573;0.992472 0.107377 -0.0588945 0.336873 -0.100484 0.988883 0.109609 1.94247 0.0700092 -0.102866 0.992228 -0.597786 0 0 0 1 
3394309160249;0.0790091;0.0137099;0.996193 -0.0868336 0.00765472 0.0475508 0.0868153 0.996221 0.00269091 -1.49129 -0.00785945 -0.00201612 0.999967 0.125724 0 0 0 1 
3394309160250;0.489213;0.0161713;0.931997 0.267412 -0.244687 1.74851 -0.225963 0.956479 0.184632 3.26655 0.28341 -0.116786 0.951861 -3.93156 0 0 0 1 
3394309160251;0.37181;0.0882444;0.884892 0.435738 -0.164616 2.19255 -0.394495 0.888987 0.23254 6.42342 0.247669 -0.140833 0.958554 -4.19947 0 0 0 1 
3394309160252;0.374908;0.208912;0.995677 -0.0908395 -0.0193794 0.514067 0.090546 0.995771 -0.0155244 -1.95314 0.0207077 0.0137025 0.999692 -0.731719 0 0 0 1 
3394309160253;0.217625;0.0182058;0.970349 -0.152627 0.187423 0.259465 0.161414 0.986353 -0.0324616 -2.63518 -0.179911 0.0617519 0.981743 3.52062 0 0 0 1 
3394309160254;0.306431;0.0119565;0.99975 -0.0222564 0.00208516 -0.699917 0.0222553 0.999752 0.000550404 -0.0744222 -0.00209689 -0.000503861 0.999998 0.393669 0 0 0 1 
3394309160255;0.470321;0.0160394;0.972692 -0.22824 -0.0421487 -0.318309 0.202817 0.924139 -0.32378 -2.55946 0.112851 0.30639 0.945193 -1.72375 0 0 0 1 
3394309160256;0.293686;0.0121566;0.999433 0.0302595 -0.0147903 -0.495621 -0.0300016 0.999399 0.0173632 -0.00718077 0.0153068 -0.0169096 0.99974 -0.0108083 0 0 0 1 
3394309160257;0.406176;0.0289619;0.988912 0.0706053 0.130641 -0.0214164 -0.0433222 0.978639 -0.200972 1.829 -0.14204 0.193084 0.970847 3.01833 0 0 0 1 
3394309160258;0.344851;0.0531193;0.97719 0.055433 0.205002 -0.249315 -0.0116203 0.977842 -0.20902 0.958546 -0.212047 0.20187 0.956182 3.86166 0 0 0 1 
3394309160259;0.414136;0.505864;0.890848 -0.438899 -0.117293 3.25392 0.445009 0.894993 0.0309016 -7.95222 0.0914135 -0.079725 0.992616 -1.65153 0 0 0 1 
3394309160260;0.148826;0.00918973;0.971991 0.0966082 -0.214242 0.882899 -0.0823702 0.993818 0.0744385 1.29395 0.220109 -0.0547065 0.97394 -3.87941 0 0 0 1 
3394309160261;0.341319;0.0103423;0.985398 -0.168611 -0.0236961 0.350695 0.167639 0.985104 -0.0383137 -2.41115 0.0298033 0.0337819 0.998985 0.173024 0 0 0 1 
