#;prob_registration_l1 -r /home/probabilistic_point_clouds_registration/build/tester /home/point_clouds_registration_benchmark//devel/registration_pairs/long_office_household_local.txt /home/point_clouds_registration_benchmark//tum/long_office_household -s 0.1 -t 0.1 -p 0.3 -r 1000 -m 1 -i 40 
id;initial_error;final_error;transformation
26456013410000;0.652746;0.538722;0.785082 0.524667 -0.329198 0.596069 -0.523791 0.846045 0.0992499 -0.266993 0.330589 0.0945116 0.93903 -0.178003 0 0 0 1 
26456013410001;1.0574;0.611129;0.925783 0.331104 -0.182472 0.195551 -0.257407 0.905557 0.337207 0.221115 0.276889 -0.265211 0.923577 1.23569 0 0 0 1 
26456013410002;0.577722;0.666631;0.900415 0.387948 -0.19685 0.472354 -0.287955 0.870671 0.398765 0.0866981 0.326091 -0.30237 0.895677 0.88593 0 0 0 1 
26456013410003;1.10585;0.59472;0.971196 -0.194651 -0.137441 0.552038 0.218154 0.958363 0.184255 0.147876 0.0958529 -0.208931 0.973221 -0.667408 0 0 0 1 
26456013410004;0.510854;0.591597;0.929558 0.346201 0.126753 0.295728 -0.366509 0.83055 0.419354 -0.410761 0.0399057 -0.43627 0.898931 -0.0858134 0 0 0 1 
26456013410005;0.315858;0.588593;0.970856 0.169637 -0.169298 0.49538 -0.134462 0.970289 0.201142 0.144282 0.198389 -0.172516 0.964821 0.0085278 0 0 0 1 
26456013410006;0.127418;0.616894;0.922706 0.343147 -0.175679 0.527955 -0.282739 0.912162 0.29668 -0.250442 0.262052 -0.224078 0.938679 0.378365 0 0 0 1 
26456013410007;0.936325;0.644956;0.957212 -0.110614 -0.267414 0.140459 0.164021 0.968681 0.186427 0.387508 0.238417 -0.222312 0.945375 0.796538 0 0 0 1 
26456013410008;0.859142;0.627385;0.950886 0.210421 -0.227021 0.413593 -0.138256 0.944903 0.296721 0.143884 0.276949 -0.250761 0.927587 1.1092 0 0 0 1 
26456013410009;0.404949;0.64923;0.888088 0.313944 -0.335767 0.266585 -0.225686 0.934139 0.276495 -0.115561 0.400457 -0.169774 0.90045 0.660322 0 0 0 1 
26456013410010;0.333714;0.617743;0.929355 0.241526 -0.279221 0.444218 -0.221639 0.96986 0.101229 -0.138905 0.295255 -0.0321918 0.954876 0.0276611 0 0 0 1 
26456013410011;0.463956;0.561678;0.98591 0.129058 -0.106425 0.520637 -0.115257 0.985187 0.126975 0.0719472 0.121235 -0.11292 0.98618 -0.25558 0 0 0 1 
26456013410012;1.06761;0.592451;0.87945 0.161037 -0.447922 1.03826 -0.211229 0.975334 -0.0640733 0.592944 0.426556 0.150963 0.891774 1.06728 0 0 0 1 
26456013410013;0.408963;0.581468;0.782789 0.590888 -0.195171 0.473845 -0.513057 0.79031 0.334935 -0.314986 0.352155 -0.16205 0.921806 0.456146 0 0 0 1 
26456013410014;0.281798;0.606104;0.9188 0.349566 -0.183332 0.386467 -0.278665 0.903387 0.325942 -0.358106 0.279558 -0.248387 0.927443 0.176384 0 0 0 1 
26456013410015;0.444148;0.603503;0.945946 0.155527 -0.284601 0.325566 -0.115348 0.981477 0.152964 -0.00815442 0.30312 -0.111868 0.946364 0.601809 0 0 0 1 
26456013410016;0.631913;0.606333;0.834006 0.549979 0.0442426 0.101382 -0.530257 0.776765 0.3398 -0.113438 0.152516 -0.306855 0.939457 0.793212 0 0 0 1 
26456013410017;0.712942;0.603561;0.936556 0.312706 -0.15836 0.663343 -0.268325 0.930294 0.25011 0.449459 0.225533 -0.19175 0.955179 0.463334 0 0 0 1 
26456013410018;0.599666;0.483104;0.867236 0.482447 0.123073 0.271982 -0.496151 0.816682 0.29473 -0.59729 0.04168 -0.316663 0.947622 0.0114834 0 0 0 1 
26456013410019;0.16999;0.626026;0.956107 0.269221 -0.115669 0.501804 -0.236296 0.941842 0.238952 -0.113754 0.173273 -0.201132 0.964118 0.167581 0 0 0 1 
26456013410020;0.966938;0.653964;0.925999 0.346218 -0.150528 0.247885 -0.291673 0.90924 0.297001 -0.498424 0.239693 -0.231117 0.942938 -0.50115 0 0 0 1 
26456013410021;1.2145;0.658582;0.961563 -0.134348 -0.239473 -0.1773 0.196088 0.94648 0.256368 0.234066 0.192214 -0.293471 0.936445 -0.15836 0 0 0 1 
26456013410022;0.808376;0.600511;0.956885 -0.0942755 -0.274741 0.0958133 0.0527767 0.986549 -0.154713 0.489605 0.285631 0.133543 0.948989 -0.0102927 0 0 0 1 
26456013410023;0.310262;0.597744;0.845104 0.497638 -0.195334 0.178712 -0.451851 0.860176 0.236492 -0.111926 0.285709 -0.111598 0.951796 0.423509 0 0 0 1 
26456013410024;0.290654;0.531866;0.907516 0.404414 -0.113417 0.440642 -0.342809 0.869203 0.356327 -0.429077 0.242686 -0.284492 0.927452 0.335009 0 0 0 1 
26456013410025;0.115869;0.606603;0.905191 0.359661 -0.226438 0.373942 -0.279832 0.905363 0.319392 -0.123089 0.319881 -0.225746 0.920171 0.46947 0 0 0 1 
26456013410026;0.438952;0.657479;0.973983 0.197017 -0.111986 0.307107 -0.131504 0.893807 0.428737 -0.478048 0.184562 -0.402856 0.896462 0.248509 0 0 0 1 
26456013410027;1.02893;0.590109;0.784244 0.601053 -0.15394 0.665519 -0.546702 0.786739 0.286631 0.542649 0.293391 -0.140629 0.945592 0.288788 0 0 0 1 
26456013410028;0.910665;0.645652;0.910824 0.353039 -0.213922 0.379772 -0.258729 0.892046 0.370558 0.119273 0.32165 -0.282165 0.903839 1.17961 0 0 0 1 
26456013410029;0.807992;0.61335;0.88826 0.275176 -0.367795 0.814733 -0.277061 0.959611 0.0488318 0.644193 0.366377 0.058526 0.928624 0.126959 0 0 0 1 
26456013410031;0.378079;4.147;0.769487 0.451768 -0.451437 -3.66292 -0.627448 0.666629 -0.402386 3.86727 0.119156 0.592884 0.796424 0.70765 0 0 0 1 
26456013410032;0.347742;1.53561;-0.282781 0.248561 -0.926419 0.681118 -0.471547 0.805042 0.359931 1.17375 0.835271 0.538632 -0.110443 -0.76044 0 0 0 1 
26456013410033;0.319289;1.52271;-0.100856 0.322661 -0.941126 0.611813 -0.59659 0.737396 0.316747 1.3512 0.796184 0.593412 0.118125 -0.581468 0 0 0 1 
26456013410034;0.665788;1.0761;0.303417 0.727446 -0.615435 1.08611 -0.673587 0.620583 0.401444 0.875317 0.673957 0.292744 0.678294 -0.749944 0 0 0 1 
26456013410035;0.543286;1.41019;0.0447439 0.29884 -0.953254 0.896323 -0.505952 0.829559 0.236314 0.877074 0.8614 0.471727 0.188317 0.0934101 0 0 0 1 
26456013410036;0.569296;1.01833;0.714637 0.456375 -0.530109 0.195906 -0.526419 0.849939 0.0220557 1.18035 0.460626 0.263298 0.847643 0.10114 0 0 0 1 
26456013410037;0.587068;4.33032;0.837575 0.37771 -0.394719 -4.33074 -0.535109 0.712817 -0.453376 3.91508 0.110118 0.590954 0.799154 1.22642 0 0 0 1 
26456013410038;0.163491;1.46514;0.104235 0.28431 -0.953049 0.823128 -0.615238 0.771345 0.162816 1.37829 0.78142 0.569381 0.255319 -0.479663 0 0 0 1 
26456013410039;0.298903;1.4178;0.00560093 0.390572 -0.920555 0.626327 -0.608944 0.731534 0.306669 1.68893 0.793194 0.558848 0.241934 -0.344318 0 0 0 1 
26456013410040;0.421915;4.41246;0.882695 0.365433 -0.295481 -4.34931 -0.46993 0.681041 -0.561559 3.80789 -0.00397722 0.63454 0.772879 0.780599 0 0 0 1 
26456013410041;0.740902;1.35697;0.0651786 0.373686 -0.925262 1.54144 -0.364286 0.87215 0.326574 0.537487 0.929004 0.315774 0.192974 -0.383873 0 0 0 1 
26456013410042;0.386627;1.40705;-0.0795084 0.332946 -0.939588 0.957744 -0.557609 0.766454 0.31878 1.05573 0.826288 0.549268 0.124714 0.0518186 0 0 0 1 
26456013410043;0.418115;0.974866;0.53361 0.374945 -0.758075 0.39899 -0.578993 0.815321 -0.00429476 1.12697 0.616464 0.441212 0.652154 -0.186125 0 0 0 1 
26456013410044;0.401489;0.869597;0.794594 0.465506 -0.389775 -0.0573886 -0.386703 0.882956 0.266176 0.703593 0.46806 -0.0607745 0.881604 -0.228053 0 0 0 1 
26456013410045;0.640918;1.50923;-0.0482421 0.367277 -0.92886 0.420743 -0.53896 0.773374 0.333789 0.696165 0.840949 0.516721 0.160638 -0.900963 0 0 0 1 
26456013410046;0.387348;1.34027;-0.00429224 0.412042 -0.911155 0.408082 -0.549546 0.760269 0.346397 1.47851 0.835452 0.502208 0.223173 -0.488228 0 0 0 1 
26456013410047;0.681694;1.21949;0.494167 0.807543 -0.321983 0.510721 -0.597788 0.584545 0.548595 0.713698 0.631227 -0.0786202 0.771603 -0.68967 0 0 0 1 
26456013410048;0.200666;1.46352;-0.0748696 0.388481 -0.91841 0.806617 -0.620553 0.702785 0.347861 1.17541 0.780582 0.595966 0.188456 -0.309357 0 0 0 1 
26456013410049;0.634474;1.36439;0.140402 0.33346 -0.932251 0.863392 -0.654389 0.737853 0.165371 1.31409 0.743009 0.586837 0.321808 0.331611 0 0 0 1 
26456013410050;0.211001;1.41895;0.0968989 0.314809 -0.944196 0.56308 -0.604913 0.771969 0.195306 1.31869 0.790374 0.552232 0.265235 -0.513351 0 0 0 1 
26456013410051;0.550163;0.924393;0.660868 0.594853 -0.457606 0.761319 -0.430312 0.799888 0.418344 0.416716 0.614887 -0.0795568 0.784592 -0.63329 0 0 0 1 
26456013410052;0.551544;1.0817;0.522358 0.693001 -0.496882 0.679651 -0.720954 0.670089 0.176654 1.00593 0.455376 0.265952 0.849648 -0.778543 0 0 0 1 
26456013410053;0.345543;1.48594;-0.153556 0.308618 -0.93871 1.02356 -0.672324 0.663556 0.328136 1.69467 0.724155 0.681505 0.105599 -0.279937 0 0 0 1 
26456013410054;0.546651;3.22176;0.594731 0.694655 -0.40466 -2.53693 -0.796818 0.44257 -0.411355 4.31185 -0.106659 0.567086 0.816723 1.12973 0 0 0 1 
26456013410055;0.267657;1.54321;-0.0739879 0.340532 -0.937317 0.985842 -0.66952 0.679623 0.299759 1.65927 0.7391 0.649731 0.177709 -0.286572 0 0 0 1 
26456013410056;0.595541;1.45232;0.310611 0.316885 -0.896161 1.02412 -0.656995 0.752911 0.038516 1.34386 0.686934 0.576809 0.442055 -0.0731554 0 0 0 1 
26456013410057;0.461018;1.49254;-0.0345068 0.48608 -0.873233 1.01848 -0.825734 0.478353 0.298902 1.30636 0.563004 0.731372 0.384867 -0.13119 0 0 0 1 
26456013410058;0.576941;1.51081;-0.102045 0.492612 -0.864246 0.96172 -0.584835 0.673076 0.4527 0.665618 0.804708 0.551637 0.219412 -0.746233 0 0 0 1 
26456013410059;0.729412;1.5244;-0.232781 0.548789 -0.802897 1.11383 -0.773348 0.396141 0.49498 1.27299 0.5897 0.736141 0.33219 0.153128 0 0 0 1 
26456013410060;0.670241;0.864969;0.581647 0.614976 -0.532439 0.285023 -0.390696 0.785314 0.480248 0.813598 0.713473 -0.0713126 0.697044 -0.837176 0 0 0 1 
26456013410062;0.727774;0.497631;0.960765 0.271505 -0.0567057 -0.413852 -0.262816 0.956487 0.126726 -0.369192 0.0886449 -0.106851 0.990316 0.314284 0 0 0 1 
26456013410063;1.34575;0.319039;0.962083 0.0672859 0.264328 -0.410623 0.0149606 0.954619 -0.297455 -0.48486 -0.272347 0.290131 0.917416 -0.204538 0 0 0 1 
26456013410064;0.325852;0.222776;0.993377 0.0100864 0.11446 -0.103243 -0.0241735 0.992191 0.122364 -0.125355 -0.112332 -0.12432 0.985863 0.105158 0 0 0 1 
26456013410065;0.371368;0.643647;0.965535 -0.134542 -0.222802 0.0566905 0.141087 0.989903 0.0136477 -0.0788202 0.218717 -0.0446118 0.974768 0.0512341 0 0 0 1 
26456013410066;1.03207;0.211174;0.991594 -0.0755608 -0.105029 -0.185916 0.0425021 0.956934 -0.287177 0.401165 0.122205 0.280299 0.952102 0.403134 0 0 0 1 
26456013410067;0.857765;1.42899;0.982399 -0.0766125 0.170363 -0.629759 0.126786 0.943248 -0.306934 0.0015484 -0.13718 0.323131 0.936359 0.210223 0 0 0 1 
26456013410068;1.01715;0.10043;0.998402 -0.0557313 -0.00937044 -0.0985031 0.0565128 0.983711 0.170643 -0.0505267 -0.000292376 -0.1709 0.985288 0.600011 0 0 0 1 
26456013410069;0.211374;0.321604;0.963275 -0.206171 -0.172032 0.039729 0.205222 0.978434 -0.0234773 0.00608326 0.173162 -0.0126897 0.984812 0.135613 0 0 0 1 
26456013410070;0.584191;0.387055;0.912893 -0.197847 -0.357047 0.395454 0.177369 0.980059 -0.0895762 -0.0189846 0.367649 0.0184443 0.929782 0.0598232 0 0 0 1 
26456013410071;0.0848378;0.110342;0.999944 -0.0102196 0.00264045 -0.00512455 0.010331 0.998873 -0.0463204 0.0188877 -0.0021641 0.0463451 0.998923 -0.0117964 0 0 0 1 
26456013410072;0.345771;0.128163;0.986869 -0.0110882 -0.16114 0.0189129 0.0426546 0.980116 0.193786 -0.252571 0.155787 -0.198115 0.967719 0.190369 0 0 0 1 
26456013410073;0.619828;0.217251;0.969876 0.0557501 0.237134 -0.161638 -0.0256688 0.991429 -0.1281 -0.0520015 -0.242243 0.118154 0.962994 0.149765 0 0 0 1 
26456013410074;0.46439;0.114748;0.982037 -0.142809 -0.123323 -0.0769334 0.123034 0.980174 -0.155313 0.180104 0.143059 0.13735 0.980137 0.111298 0 0 0 1 
26456013410075;1.52576;1.31702;0.998829 -0.0479636 -0.00631783 -0.74473 0.0483533 0.993937 0.0987493 -0.2289 0.00154315 -0.0989392 0.995092 -0.752601 0 0 0 1 
26456013410076;0.479244;0.246075;0.998806 0.0141057 -0.0467731 -0.0245738 -0.0191161 0.993916 -0.108467 0.0688776 0.0449586 0.109231 0.992999 -0.202606 0 0 0 1 
26456013410077;0.704929;0.146739;0.984365 -0.149328 0.0934156 -0.411618 0.14524 0.988174 0.0491611 -0.184946 -0.099652 -0.0348247 0.994413 0.0881593 0 0 0 1 
26456013410078;0.365691;0.394017;0.996894 -0.0392834 -0.0682634 0.0674855 0.0349073 0.997329 -0.0641579 0.055184 0.0706014 0.0615757 0.995602 0.0251101 0 0 0 1 
26456013410079;1.72117;1.67026;0.911188 -0.162135 -0.378747 0.0736001 0.133788 0.985932 -0.100192 0.264947 0.389663 0.0406223 0.920061 0.591689 0 0 0 1 
26456013410080;1.76411;0.76286;0.996447 -0.0637425 0.0550563 -0.35304 0.0659984 0.997011 -0.040176 0.580714 -0.0523308 0.0436669 0.997675 0.16944 0 0 0 1 
26456013410081;1.63412;0.296043;0.984206 0.0658694 0.164319 -0.126985 -0.0400149 0.986952 -0.15596 0.805005 -0.172448 0.146922 0.974 -0.446343 0 0 0 1 
26456013410082;0.404515;0.521493;0.943047 0.0324847 -0.331069 0.240808 0.0110779 0.991602 0.128852 -0.0134198 0.332474 -0.125181 0.934768 0.183741 0 0 0 1 
26456013410083;1.34753;0.156998;0.998326 -0.0554247 0.016514 -0.204917 0.0549055 0.998029 0.0303896 -0.551937 -0.0181658 -0.029432 0.999402 0.478583 0 0 0 1 
26456013410084;1.15281;0.294163;0.998884 -0.00827202 0.0465109 0.0413547 0.00359402 0.995003 0.0997764 -0.578856 -0.0471038 -0.0994979 0.993922 0.329742 0 0 0 1 
26456013410085;0.50976;0.226984;0.99563 0.0272619 0.0893131 -0.108328 -0.0131859 0.987896 -0.154553 0.141165 -0.0924455 0.1527 0.983939 -0.323494 0 0 0 1 
26456013410086;0.789041;0.285781;0.985564 -0.113964 -0.125207 0.0776483 0.098715 0.987621 -0.121902 0.144165 0.137549 0.107783 0.984613 -0.364782 0 0 0 1 
26456013410087;0.962758;0.324441;0.996736 0.0803825 0.00746445 -0.00685642 -0.0781466 0.983923 -0.160587 0.599793 -0.0202528 0.159479 0.986994 -0.0563494 0 0 0 1 
26456013410088;1.51292;0.631896;0.958783 0.231522 -0.164719 -0.57429 -0.227424 0.97282 0.0435844 -0.150315 0.170333 -0.00432695 0.985377 0.0770114 0 0 0 1 
26456013410089;0.558558;0.21887;0.997736 -0.0488584 -0.0462214 -0.0510954 0.0463198 0.99744 -0.0544849 -0.0147534 0.0487651 0.0522206 0.997444 0.285488 0 0 0 1 
26456013410090;1.4132;0.278743;0.991416 -0.0341704 -0.126203 0.2189 0.0395375 0.998406 0.04027 -0.0924705 0.124626 -0.0449141 0.991187 -0.656505 0 0 0 1 
26456013410091;1.21795;0.671535;0.993411 -0.0950926 0.063967 -0.295926 0.110705 0.940599 -0.320965 -0.180422 -0.0296458 0.325932 0.944928 0.45189 0 0 0 1 
26456013410093;0.469907;0.202504;0.962694 -0.265375 0.0528814 -0.0993053 0.270043 0.954666 -0.125257 0.445992 -0.0172439 0.134865 0.990714 -0.33414 0 0 0 1 
26456013410094;0.663694;0.123578;0.892008 0.163988 -0.421224 0.341926 -0.0718649 0.971468 0.226019 0.238129 0.44627 -0.17134 0.878342 0.111488 0 0 0 1 
26456013410095;0.871627;0.103211;0.977866 0.170075 0.12187 0.434862 -0.171212 0.985233 -0.00115416 0.247952 -0.120266 -0.019737 0.992545 -0.00873379 0 0 0 1 
26456013410096;0.802998;0.196602;0.997699 0.0619306 0.027603 -0.377522 -0.0624888 0.997848 0.0198411 0.260712 -0.0263149 -0.0215203 0.999422 -0.473342 0 0 0 1 
26456013410097;0.47238;0.139374;0.91366 0.40641 -0.00751339 0.0191314 -0.40613 0.913484 0.0246086 0.130893 0.0168645 -0.0194325 0.999669 0.216963 0 0 0 1 
26456013410098;0.153152;0.148834;0.983833 0.110104 -0.141244 0.12699 -0.106553 0.993776 0.0324852 0.125331 0.143941 -0.01691 0.989442 0.0665347 0 0 0 1 
26456013410099;1.16156;0.305449;0.998206 -0.048701 -0.0348398 -0.200913 0.0454779 0.995083 -0.0879826 0.754454 0.0389534 0.0862403 0.995513 0.459465 0 0 0 1 
26456013410100;0.366643;0.130384;0.966419 0.250314 0.0581147 -0.102679 -0.244458 0.965252 -0.0923542 0.118967 -0.0792128 0.0750463 0.994029 0.175212 0 0 0 1 
26456013410101;1.16745;0.0695979;0.991417 0.127212 0.0301467 0.0150459 -0.130594 0.974392 0.183043 0.405226 -0.00608941 -0.185409 0.982643 0.801312 0 0 0 1 
26456013410102;1.13408;0.23426;0.990974 -0.107208 -0.0804809 0.225428 0.111664 0.992329 0.0530602 -0.0271784 0.074175 -0.0615681 0.995343 -0.8751 0 0 0 1 
26456013410103;0.393965;0.181928;0.99687 0.0577945 -0.0539516 0.0188379 -0.0466693 0.98096 0.188518 -0.271412 0.0638197 -0.18541 0.980587 -0.0447977 0 0 0 1 
26456013410104;1.01585;0.10305;0.961171 0.26997 0.0571588 -0.55763 -0.27507 0.920743 0.276709 0.121884 0.0220746 -0.281687 0.959252 -0.346569 0 0 0 1 
26456013410105;1.13047;0.583788;0.996809 -0.0507144 0.061643 -0.0255209 0.0564761 0.993813 -0.0956357 -0.0981311 -0.0564115 0.0988119 0.993506 0.354825 0 0 0 1 
26456013410106;0.197882;0.180826;0.953041 0.301447 0.0290396 -0.0636764 -0.302279 0.95273 0.0305553 0.129758 -0.0184561 -0.0378985 0.999111 0.022511 0 0 0 1 
26456013410107;0.85745;0.53829;0.960208 -0.269956 0.0715878 -0.255201 0.267068 0.962511 0.0474151 -0.0689052 -0.081704 -0.0264096 0.996307 -0.50436 0 0 0 1 
26456013410108;1.09003;0.217889;0.975159 0.100138 0.19758 -0.349071 -0.105286 0.994318 0.0156968 -0.580224 -0.194886 -0.0361094 0.980161 0.358835 0 0 0 1 
26456013410109;0.997601;0.175558;0.985631 0.165302 -0.0347443 0.101885 -0.168195 0.979406 -0.111686 -0.446802 0.015567 0.115925 0.993136 0.301866 0 0 0 1 
26456013410110;1.0844;0.197714;0.935752 -0.0925711 0.340293 -0.898835 0.11748 0.991644 -0.0532905 0.204114 -0.332517 0.0898443 0.938808 -0.562784 0 0 0 1 
26456013410111;0.414986;0.313569;0.990724 -0.135158 0.0140834 0.114921 0.131231 0.924705 -0.357349 0.438678 0.0352756 0.355883 0.933865 0.000788954 0 0 0 1 
26456013410112;0.40276;0.122196;0.992553 0.0104199 0.121371 -0.123812 -0.0311989 0.984848 0.170589 -0.0738725 -0.117754 -0.173105 0.977839 -0.217097 0 0 0 1 
26456013410113;0.220143;0.17796;0.981143 0.193106 -0.00823921 0.0702601 -0.193092 0.981178 0.00248628 0.127662 0.00856424 -0.000848476 0.999963 0.119483 0 0 0 1 
26456013410114;0.883586;0.24581;0.971527 -0.129151 0.198635 -0.542725 0.113156 0.9895 0.0899182 -0.138937 -0.208162 -0.0648812 0.97594 0.357255 0 0 0 1 
26456013410115;0.901703;0.230302;0.996484 0.01659 -0.0821205 -0.00831188 -0.00400244 0.988506 0.151131 0.159094 0.0836838 -0.150271 0.985097 0.718468 0 0 0 1 
26456013410116;0.0971774;0.139165;0.999825 0.0186858 0.000271897 -0.00206321 -0.0186874 0.99961 0.0207452 0.152808 0.000115849 -0.0207466 0.999785 0.0270137 0 0 0 1 
26456013410117;0.308242;0.117274;0.999373 0.0346594 0.00717423 -0.0065976 -0.0351024 0.996533 0.0754329 0.137993 -0.0045349 -0.0756375 0.997125 -0.168651 0 0 0 1 
26456013410118;0.617996;0.490326;0.935995 -0.228977 0.267362 -0.408542 0.200809 0.971138 0.12871 0.297778 -0.289117 -0.0667833 0.954961 -0.379083 0 0 0 1 
26456013410119;0.836682;0.273349;0.986713 -0.157031 0.0417099 -0.0482779 0.151978 0.982809 0.104829 0.044195 -0.0574541 -0.0970966 0.993615 -0.679661 0 0 0 1 
26456013410120;1.27194;0.169282;0.998976 0.0416341 -0.0176809 0.473803 -0.0391416 0.991583 0.123415 0.212776 0.0226703 -0.122596 0.992198 -0.757589 0 0 0 1 
26456013410121;0.539915;0.158512;0.955398 -0.295022 -0.0132983 0.220761 0.295113 0.955447 0.00547989 0.158378 0.0110892 -0.00915999 0.999897 -0.370448 0 0 0 1 
26456013410122;0.715537;0.160471;0.99834 0.0327043 -0.0474192 0.194136 -0.0327938 0.999462 -0.00111183 0.260813 0.0473573 0.00266504 0.998874 -0.514338 0 0 0 1 
26456013410124;1.54152;0.269772;0.857901 0.499024 -0.1224 -0.374931 -0.511603 0.851699 -0.113453 -0.422345 0.0476324 0.159952 0.985975 0.193514 0 0 0 1 
26456013410125;0.0901978;0.0799013;0.998101 0.0614263 -0.00458086 0.0341468 -0.0614265 0.998112 9.43202e-05 -0.102329 0.00457801 0.000187245 0.99999 0.00490655 0 0 0 1 
26456013410126;2.04591;0.0568907;0.961592 0.230515 -0.149011 0.134917 -0.223033 0.972618 0.0653426 -0.131232 0.159993 -0.0295986 0.986674 -0.694478 0 0 0 1 
26456013410127;0.892171;0.228897;0.996979 0.042081 0.0652893 -8.6766e-05 -0.0467226 0.996362 0.0712754 0.308994 -0.0620524 -0.0741106 0.995318 -0.229743 0 0 0 1 
26456013410128;1.22747;0.0446949;0.999644 -0.0259778 0.00610759 -0.161776 0.0264283 0.995445 -0.0916015 0.14886 -0.00370016 0.0917302 0.995777 -0.521274 0 0 0 1 
26456013410129;0.476134;0.0890754;0.974958 0.0971154 0.200064 -0.13655 -0.0917478 0.995133 -0.0359508 -0.233998 -0.202581 0.0166951 0.979123 -0.115185 0 0 0 1 
26456013410130;2.09219;0.0811612;0.983215 0.153643 0.0983958 0.194817 -0.151924 0.988082 -0.0247669 0.162892 -0.101028 0.00940244 0.994839 0.737535 0 0 0 1 
26456013410131;1.46172;0.198524;0.99974 0.0163587 0.0158874 -0.223168 -0.0166393 0.999705 0.0176985 -0.196625 -0.0155932 -0.0179583 0.999717 0.582966 0 0 0 1 
26456013410132;0.769284;0.202457;0.992574 -0.0497896 0.110983 -0.202595 0.0289275 0.982834 0.18221 0.0659765 -0.11815 -0.177647 0.976976 0.0354417 0 0 0 1 
26456013410133;1.34603;0.0910941;0.998789 -0.0423556 0.0250155 -0.047688 0.0404648 0.996599 0.0717828 0.377668 -0.0279708 -0.0706836 0.997107 0.449714 0 0 0 1 
26456013410134;1.62064;0.345771;0.994365 -0.0418626 0.0973989 0.17754 0.0491015 0.996111 -0.0731524 0.339919 -0.0939578 0.0775226 0.992553 -0.750837 0 0 0 1 
26456013410135;0.477389;0.0769646;0.998009 0.0505292 0.0377421 0.00851723 -0.049255 0.998209 -0.0339592 0.0402878 -0.0393904 0.0320326 0.99871 -0.248704 0 0 0 1 
26456013410136;1.0412;0.100829;0.958454 -0.272733 -0.0835596 -0.588906 0.276069 0.960633 0.0311476 0.540986 0.0717751 -0.0529217 0.996016 0.291945 0 0 0 1 
26456013410137;1.90811;0.107028;0.992426 -0.120452 0.0241256 -0.0220533 0.121043 0.992339 -0.0247261 0.0500129 -0.0209624 0.0274591 0.999403 0.876118 0 0 0 1 
26456013410138;0.964836;0.0767529;0.976899 0.20339 -0.0655746 0.0550956 -0.210066 0.970307 -0.119903 -0.296036 0.0392405 0.130908 0.990618 0.589476 0 0 0 1 
26456013410139;1.47225;0.792491;0.939193 0.27022 -0.211891 0.47518 -0.308014 0.935712 -0.171957 -0.489246 0.151803 0.226766 0.962046 0.119503 0 0 0 1 
26456013410140;1.16137;0.468132;0.989631 0.143468 -0.00692424 0.254602 -0.143633 0.988707 -0.042752 -0.458927 0.000712495 0.0433033 0.999062 0.19644 0 0 0 1 
26456013410141;0.944233;0.0670055;0.991066 0.133328 -0.00336295 -0.0606896 -0.13328 0.991008 0.0118335 -0.580116 0.00491044 -0.0112796 0.999924 -0.218118 0 0 0 1 
26456013410142;1.84842;0.523429;0.953626 0.140925 -0.265967 -0.440287 -0.192131 0.965189 -0.177472 -0.329692 0.231698 0.220342 0.947505 0.523113 0 0 0 1 
26456013410143;0.46443;0.0759803;0.954826 0.294807 0.0373607 0.0349104 -0.297165 0.947208 0.120378 -0.495815 9.9836e-05 -0.126042 0.992025 0.119724 0 0 0 1 
26456013410144;0.759937;0.0919109;0.973492 -0.0430378 -0.224637 -0.0790711 -0.0194443 0.963009 -0.268765 0.367655 0.227894 0.266009 0.936645 0.350138 0 0 0 1 
26456013410145;0.437138;0.198943;0.987861 -0.0171388 0.154394 -0.116425 -0.0173179 0.975549 0.219097 -0.0403389 -0.154374 -0.219112 0.96341 -0.288721 0 0 0 1 
26456013410146;1.81332;0.577473;0.999102 0.0423485 -0.00155925 -0.210679 -0.0416379 0.987849 0.149735 0.0630643 0.00788138 -0.149536 0.988725 0.605307 0 0 0 1 
26456013410147;0.897776;0.377321;0.997236 0.0542787 0.050737 0.23675 -0.0463536 0.988185 -0.146085 -0.0418089 -0.0580668 0.14333 0.98797 0.124304 0 0 0 1 
26456013410148;0.647101;0.233024;0.997269 -0.0722279 -0.0154074 -0.0888472 0.0731316 0.994887 0.0696605 -0.0127378 0.0102972 -0.070597 0.997452 0.206403 0 0 0 1 
26456013410149;0.510162;0.0716846;0.907453 0.415819 -0.0601977 -0.040154 -0.419978 0.901854 -0.101379 -0.506737 0.0121344 0.117278 0.993025 0.141263 0 0 0 1 
26456013410150;1.62937;0.0608452;0.940372 -0.0617755 0.334492 -0.052574 0.168168 0.939217 -0.299318 0.93121 -0.29567 0.337721 0.893602 -0.711909 0 0 0 1 
26456013410151;0.991097;0.218182;0.97758 -0.132074 0.163991 -0.362684 0.166788 0.961085 -0.220223 0.467801 -0.128523 0.242637 0.961566 -0.48735 0 0 0 1 
26456013410152;0.386143;0.0548685;0.997853 0.0611479 -0.0234583 0.0364597 -0.0618173 0.997667 -0.0289558 0.00829658 0.021633 0.0303438 0.999305 -0.0921017 0 0 0 1 
26456013410153;1.24713;0.0572871;0.936566 0.346663 0.0516613 -0.250965 -0.348477 0.936792 0.0313638 -0.289679 -0.0375232 -0.0473771 0.998172 0.32211 0 0 0 1 
26456013410155;0.44177;0.146035;0.983827 0.176106 -0.0327438 -0.0783426 -0.178908 0.957117 -0.227859 -0.23579 -0.00878755 0.230031 0.973144 0.0234702 0 0 0 1 
26456013410156;0.559197;0.932104;0.995194 -0.0974485 -0.009655 -0.510372 0.0974853 0.995231 0.00341378 -0.0231442 0.00927629 -0.00433859 0.999948 -0.132976 0 0 0 1 
26456013410157;0.798739;0.649145;0.99822 0.0401763 -0.0440759 0.116228 -0.0403323 0.999183 -0.0026549 -0.248617 0.0439332 0.00442785 0.999025 -0.239119 0 0 0 1 
26456013410158;0.506235;0.190919;0.979104 0.164969 0.118916 0.0143254 -0.141602 0.972752 -0.183585 0.27241 -0.145961 0.16291 0.975785 -0.269151 0 0 0 1 
26456013410159;0.771683;0.348319;0.998122 0.0601624 -0.0115558 0.135974 -0.0611636 0.96793 -0.24366 0.613973 -0.00347395 0.243909 0.969792 0.117591 0 0 0 1 
26456013410160;0.731372;0.507287;0.998571 -0.029781 -0.0443786 -0.0961457 0.0275017 0.998314 -0.0511146 0.183227 0.045826 0.049821 0.997706 -0.521142 0 0 0 1 
26456013410161;0.152345;0.177147;0.999303 -0.00775712 0.0365133 -0.12287 0.00998659 0.998071 -0.0612783 0.00219561 -0.0359675 0.0616002 0.997453 -0.144914 0 0 0 1 
26456013410162;0.843744;0.725497;0.916284 -0.114684 -0.383759 -0.0392032 0.0978706 0.993195 -0.0631286 0.569128 0.388387 0.020285 0.921273 0.819352 0 0 0 1 
26456013410163;0.17304;0.21619;0.987826 -0.0664954 -0.140634 -0.0324943 0.0444083 0.986958 -0.154732 0.10531 0.149088 0.146603 0.977896 0.215504 0 0 0 1 
26456013410164;1.05704;0.129175;0.994708 -0.0308627 -0.098 0.0661002 0.0335289 0.999108 0.0256767 -0.0838309 0.0971202 -0.0288267 0.994855 -0.861561 0 0 0 1 
26456013410165;1.01882;1.00537;0.996603 -0.0687672 -0.0453268 -0.508923 0.0726724 0.993192 0.0910366 0.371689 0.0387579 -0.0940213 0.994815 0.0416502 0 0 0 1 
26456013410166;0.386158;0.263888;0.959808 -0.0650147 -0.273024 0.222192 -0.0258894 0.948141 -0.316793 0.425088 0.279462 0.311128 0.90835 0.163244 0 0 0 1 
26456013410167;0.362618;0.165645;0.996867 0.0119437 -0.0781895 -0.0711156 0.0210555 0.912794 0.407877 -0.504227 0.0762424 -0.408246 0.909683 0.0729425 0 0 0 1 
26456013410168;0.272737;0.260994;0.963969 -0.0503461 -0.261207 -0.00548583 0.0491012 0.99873 -0.0112944 -0.148589 0.261444 -0.00193815 0.965217 0.0850528 0 0 0 1 
26456013410169;0.677811;0.198545;0.99964 -0.0267783 -0.00190173 -0.138379 0.0267159 0.999265 -0.0275077 -0.221375 0.00263694 0.0274469 0.99962 0.445943 0 0 0 1 
26456013410170;0.704368;0.329449;0.999442 0.0317132 0.0104807 0.0229603 -0.031748 0.999491 0.00316849 -0.668819 -0.0103749 -0.00349946 0.99994 0.0720841 0 0 0 1 
26456013410171;1.02478;0.605465;0.969079 -0.097639 -0.226611 -0.145205 0.110249 0.992945 0.0436419 -0.011824 0.220751 -0.0672761 0.973007 0.0213991 0 0 0 1 
26456013410172;0.366617;0.201771;0.971444 -0.0430302 -0.233335 0.0443486 0.0552757 0.997402 0.0461946 -0.0518345 0.230741 -0.0577732 0.971299 -0.10345 0 0 0 1 
26456013410173;0.895873;0.14717;0.990456 0.133229 -0.0353225 -0.377512 -0.132532 0.990948 0.021406 -0.602268 0.0378547 -0.0165203 0.999147 0.514393 0 0 0 1 
26456013410174;0.457447;0.307299;0.999601 -0.0254715 -0.0122099 -0.125798 0.0251996 0.999442 -0.0219324 0.138586 0.0127617 0.021616 0.999685 0.035737 0 0 0 1 
26456013410175;0.623034;0.208768;0.997139 -0.0345193 -0.0672406 -0.0812927 0.0367181 0.998821 0.0317433 -0.041648 0.0660656 -0.0341214 0.997232 -0.496405 0 0 0 1 
26456013410176;0.235307;0.208021;0.989834 -0.0499481 -0.133168 -0.108156 0.0484165 0.998719 -0.0147171 0.0791085 0.133732 0.00811998 0.990984 0.0953734 0 0 0 1 
26456013410177;0.877512;0.405789;0.999969 0.00396894 0.00680363 0.0277664 -0.00391725 0.999963 -0.00759489 0.644498 -0.00683352 0.00756801 0.999948 0.041122 0 0 0 1 
26456013410178;0.197683;0.137701;0.998989 -0.0314687 -0.0321061 -0.181515 0.0312859 0.999491 -0.00617956 0.122746 0.0322843 0.00516884 0.999465 -0.0598033 0 0 0 1 
26456013410179;0.15124;0.165661;0.998011 -0.00748436 0.062599 -0.148876 7.44951e-05 0.993068 0.117544 -0.0733277 -0.0630447 -0.117305 0.991093 0.0194459 0 0 0 1 
26456013410180;0.554153;0.486831;0.999608 0.00812812 -0.0268088 0.0265151 -0.0129094 0.982968 -0.183322 0.270574 0.0248622 0.183596 0.982687 0.0449598 0 0 0 1 
26456013410181;0.475904;0.129067;0.999425 0.0168316 0.0294259 -0.1394 -0.0252244 0.94915 0.313813 -0.703999 -0.0226476 -0.314374 0.949029 -0.0630926 0 0 0 1 
26456013410182;0.72307;0.488477;0.999697 -0.000372907 0.0246188 -0.167784 0.00278585 0.995178 -0.0980508 0.131491 -0.0244635 0.0980896 0.994877 0.255116 0 0 0 1 
26456013410183;0.714484;0.172753;0.998227 0.0532657 0.026547 -0.274615 -0.0387155 0.919964 -0.390087 0.0814513 -0.0452005 0.388368 0.920395 0.442905 0 0 0 1 
26456013410184;0.435457;0.278014;0.999116 0.0233348 0.0349639 -0.00694249 -0.0211663 0.997904 -0.0611552 0.228323 -0.0363176 0.060361 0.997516 -0.212534 0 0 0 1 
26456013410186;2.57906;1.3922;0.953061 -0.301244 0.030448 0.327029 0.302606 0.944294 -0.12938 -0.138169 0.0102231 0.132521 0.991127 -0.56422 0 0 0 1 
26456013410187;0.634766;0.45673;0.981655 -0.172685 -0.0808304 0.431623 0.151037 0.963024 -0.223095 0.490958 0.116367 0.206794 0.97144 -0.00203615 0 0 0 1 
26456013410188;1.09866;0.436059;0.978062 0.0330485 -0.205676 0.287634 0.023402 0.963654 0.266127 -0.324279 0.206995 -0.265102 0.94174 0.102962 0 0 0 1 
26456013410189;0.60767;0.574584;0.976835 -0.205153 -0.060878 0.0833168 0.200197 0.97659 -0.0786941 0.484873 0.0755972 0.0646835 0.995038 0.0274573 0 0 0 1 
26456013410190;1.29465;1.21452;0.526976 -0.849829 -0.00936782 -0.717524 0.848892 0.526862 -0.0424162 1.65756 0.040982 0.0144 0.999056 0.405662 0 0 0 1 
26456013410191;1.28532;0.863473;0.999652 -0.0039835 -0.026086 0.0138127 0.00171601 0.996261 -0.0863754 -0.0407121 0.0263326 0.0863005 0.995921 -0.299303 0 0 0 1 
26456013410192;1.88351;1.32953;0.995012 0.0997077 -0.00311076 0.202657 -0.0989018 0.981937 -0.161299 -0.157254 -0.0130282 0.160802 0.986901 0.300701 0 0 0 1 
26456013410193;1.11745;0.773993;0.997271 0.0330136 0.0660427 -0.0965899 -0.0610803 0.871413 0.486732 -0.466408 -0.0414818 -0.489437 0.871051 0.03372 0 0 0 1 
26456013410194;2.37375;0.517021;0.902258 -0.430619 -0.0223057 0.71376 0.42842 0.901109 -0.066774 0.14746 0.048854 0.0506912 0.997519 -0.232197 0 0 0 1 
26456013410195;1.70586;0.405759;0.98032 -0.151086 -0.127068 0.490887 0.137975 0.984708 -0.106366 0.272995 0.141195 0.0867407 0.986174 -0.406947 0 0 0 1 
26456013410196;0.514644;0.967753;0.921773 -0.38631 0.0331501 0.386859 0.383941 0.921347 0.0608967 0.626471 -0.0540677 -0.0434053 0.997593 0.107208 0 0 0 1 
26456013410197;2.7645;2.64097;0.804049 -0.589301 0.0789334 -0.460482 0.580083 0.806644 0.113266 1.07526 -0.130419 -0.0452833 0.990424 -0.0409081 0 0 0 1 
26456013410198;2.3433;0.737018;0.887641 -0.451854 -0.0890032 0.758455 0.453734 0.891137 0.000995767 0.0466912 0.0788641 -0.0412676 0.996031 0.306555 0 0 0 1 
26456013410199;2.04036;0.693651;0.974071 0.113979 -0.195435 0.283494 -0.0190156 0.902015 0.431285 -0.915408 0.225442 -0.416386 0.880794 0.208142 0 0 0 1 
26456013410200;2.25828;2.30817;0.988216 -0.118086 0.0973872 -0.0634818 0.132307 0.978925 -0.155565 0.360175 -0.0769646 0.166617 0.983013 -0.166607 0 0 0 1 
26456013410201;2.32984;1.2248;0.951854 0.0170003 -0.306079 0.569193 0.0722481 0.957894 0.277883 0.292834 0.297916 -0.286618 0.910547 0.1491 0 0 0 1 
26456013410202;0.574695;0.901576;0.939618 -0.342102 -0.00918032 0.238727 0.342201 0.939532 0.0133549 0.649535 0.00405646 -0.0156901 0.999869 0.127554 0 0 0 1 
26456013410203;2.04835;0.48883;0.947159 -0.264691 0.181185 0.413932 0.199579 0.928505 0.313125 -0.409573 -0.251113 -0.260418 0.932269 0.00234624 0 0 0 1 
26456013410204;0.669991;0.305125;0.995411 0.0704964 -0.0647152 0.110114 -0.0471319 0.949702 0.309588 -0.353634 0.0832849 -0.305117 0.948666 0.135803 0 0 0 1 
26456013410205;0.908947;0.627299;0.976999 -0.189457 -0.0978776 0.178277 0.196095 0.978541 0.0632799 0.535574 0.0837884 -0.0810177 0.993185 0.0559832 0 0 0 1 
26456013410206;1.79634;1.52699;0.972497 -0.2229 -0.0675698 0.117892 0.212225 0.967533 -0.137258 0.294808 0.0959707 0.119143 0.988228 -0.228012 0 0 0 1 
26456013410207;0.232642;0.162758;0.99672 -0.0574304 -0.0570191 0.0852047 0.0577924 0.998317 0.00472045 0.179744 0.056652 -0.00800024 0.998362 0.0319106 0 0 0 1 
26456013410208;2.37807;0.959423;0.867044 -0.450214 0.213406 -0.0442652 0.49642 0.817123 -0.293048 1.16819 -0.0424449 0.360025 0.931977 -0.950989 0 0 0 1 
26456013410209;2.64335;0.257665;0.994823 -0.0953772 0.0350682 0.466142 0.0924726 0.992752 0.0767661 -0.711935 -0.0421358 -0.0731259 0.996432 -0.199541 0 0 0 1 
26456013410210;2.26073;1.08919;0.970357 -0.192197 0.146517 -0.289068 0.0682456 0.799497 0.59678 -0.530918 -0.23184 -0.569091 0.788915 -0.443194 0 0 0 1 
26456013410211;1.42407;1.17708;0.74171 -0.666427 0.0757662 -0.37823 0.667183 0.744662 0.0185645 1.34008 -0.0687922 0.0367804 0.996953 -0.282436 0 0 0 1 
26456013410212;1.48789;1.17545;0.919692 -0.357104 -0.163228 0.109611 0.346117 0.93363 -0.0923974 0.472171 0.18539 0.0284812 0.982252 0.0389652 0 0 0 1 
26456013410213;1.60061;1.33699;0.599229 -0.781844 -0.172176 -0.421511 0.69974 0.615984 -0.36184 1.77974 0.38896 0.0963466 0.916203 0.853212 0 0 0 1 
26456013410214;1.7042;0.91254;0.958706 -0.278221 -0.0589497 0.238232 0.268831 0.954186 -0.131374 0.655295 0.0927999 0.110101 0.989579 0.42609 0 0 0 1 
26456013410215;0.754244;0.359804;0.966237 -0.214788 0.14231 -0.00935099 0.220163 0.975192 -0.0229818 0.371058 -0.133843 0.0535373 0.989555 -0.362708 0 0 0 1 
26456013410217;1.32332;1.15033;0.985285 -0.168215 -0.0302977 0.0297551 0.169986 0.945858 0.27651 0.130306 -0.0178557 -0.277591 0.960533 0.174719 0 0 0 1 
26456013410218;1.34012;1.30873;0.997506 0.0699067 0.00971706 -0.118116 -0.0705372 0.992151 0.103249 -0.196377 -0.00242303 -0.103677 0.994608 0.11314 0 0 0 1 
26456013410219;0.65608;0.605477;0.996579 0.0725766 0.0395228 -0.0795732 -0.074657 0.995747 0.0539877 -0.0840235 -0.0354364 -0.0567537 0.997759 -0.0359791 0 0 0 1 
26456013410220;1.46371;1.1298;0.986228 -0.119711 0.114121 -0.0560721 0.136559 0.978662 -0.153536 0.456441 -0.093306 0.167006 0.981531 -0.0700887 0 0 0 1 
26456013410221;1.60635;1.48717;0.996263 0.0570879 -0.0648117 -0.00794563 -0.0415796 0.974742 0.219431 -0.137507 0.0757015 -0.215916 0.973473 0.284038 0 0 0 1 
26456013410222;2.32392;0.776217;0.997607 -0.00198099 0.0691144 -0.0999687 0.0407628 0.824254 -0.564751 0.545628 -0.0558491 0.566217 0.822362 -1.03086 0 0 0 1 
26456013410223;1.20647;1.08032;0.999102 0.0421509 0.00427478 0.00345847 -0.0420614 0.974733 0.219378 -0.0290707 0.00508019 -0.21936 0.975631 0.10121 0 0 0 1 
26456013410224;0.781646;0.502533;0.956681 0.274462 0.0971176 -0.116635 -0.290217 0.872536 0.393006 -0.613809 0.0231265 -0.404167 0.914393 0.063708 0 0 0 1 
26456013410225;1.91639;1.03542;0.992456 -0.0928777 0.0800254 -0.127362 0.0629095 0.946063 0.317816 -0.480061 -0.105227 -0.310384 0.944769 -0.386685 0 0 0 1 
26456013410226;0.740714;0.654451;0.991985 0.119846 0.0400283 -0.0734225 -0.121833 0.99121 0.0515641 -0.0526569 -0.0334967 -0.0560275 0.997867 -0.0338749 0 0 0 1 
26456013410227;0.854149;0.875102;0.999124 -0.0197883 0.0368789 -0.0134432 0.018484 0.999203 0.0353806 -0.0249594 -0.0375496 -0.034668 0.998693 -0.00167624 0 0 0 1 
26456013410228;0.477964;0.308352;0.998803 -0.0484718 0.00656144 -0.00607138 0.0488964 0.985837 -0.160418 0.211621 0.00130722 0.160546 0.987027 -0.115974 0 0 0 1 
26456013410229;0.488387;0.29383;0.946213 -0.266085 -0.184063 0.211104 0.293549 0.945253 0.142572 -0.0191205 0.136049 -0.188935 0.972519 0.197531 0 0 0 1 
26456013410230;0.907029;0.651761;0.983738 0.153301 -0.0935815 0.127321 -0.0972184 0.892599 0.440246 -0.48578 0.151021 -0.423989 0.892987 0.187682 0 0 0 1 
26456013410231;2.37848;0.280859;0.954135 -0.0739103 -0.29011 0.47805 0.196291 0.886127 0.419821 -0.605828 0.226045 -0.457512 0.859992 -0.307497 0 0 0 1 
26456013410232;0.758672;0.673017;0.99681 0.0607601 0.0517476 -0.0773966 -0.0717495 0.966191 0.247641 -0.376834 -0.0349513 -0.250564 0.967469 -0.00770732 0 0 0 1 
26456013410233;0.876115;0.318754;0.994332 0.103644 -0.0237176 0.0436468 -0.101776 0.992364 0.0696831 0.108569 0.0307587 -0.0668742 0.997287 0.126425 0 0 0 1 
26456013410234;0.436918;0.208577;0.991314 0.11337 0.0666639 -0.118538 -0.121829 0.982525 0.140721 -0.265678 -0.0495454 -0.14762 0.987802 0.0962187 0 0 0 1 
26456013410235;0.42537;0.345615;0.994342 0.0122126 0.105517 -0.113876 0.0059708 0.985372 -0.170313 0.104145 -0.106054 0.169979 0.979724 -0.127727 0 0 0 1 
26456013410236;1.61117;0.745852;0.970723 0.239668 0.0160086 -0.00512535 -0.234357 0.930383 0.281895 -0.559427 0.0526673 -0.277394 0.959312 -0.200995 0 0 0 1 
26456013410237;1.76467;1.26877;0.96503 0.195248 0.174916 -0.0768557 -0.2364 0.936545 0.258839 -0.303507 -0.113279 -0.291138 0.949951 -0.0510227 0 0 0 1 
26456013410238;1.19544;0.574946;0.972367 0.149214 0.179549 -0.226786 -0.222968 0.821514 0.524786 -0.608812 -0.0691969 -0.550318 0.832083 -0.034212 0 0 0 1 
26456013410239;0.73293;0.385422;0.933936 -0.35232 -0.0602882 0.04438 0.353797 0.935193 0.0155296 0.281126 0.0509097 -0.0358335 0.99806 -0.0812679 0 0 0 1 
26456013410240;1.79116;1.84924;0.968712 0.0072923 -0.248081 -0.0201962 0.101889 0.899768 0.424307 0.126608 0.226309 -0.436308 0.870873 0.574583 0 0 0 1 
26456013410241;1.92987;1.75836;0.912701 0.169936 0.371616 -0.396965 -0.141604 0.984606 -0.102466 -0.184077 -0.383308 0.0408988 0.922714 -0.440717 0 0 0 1 
26456013410242;1.40722;0.673704;0.950955 0.25346 0.177318 -0.179679 -0.303103 0.649098 0.697711 -0.976226 0.061745 -0.717237 0.694088 0.198239 0 0 0 1 
26456013410243;0.583238;0.417856;0.995345 -0.0389357 0.0881579 -0.0710569 0.0495141 0.991395 -0.12118 0.153077 -0.082681 0.124981 0.988708 -0.206399 0 0 0 1 
26456013410244;0.533279;0.0612325;0.998789 0.0296358 0.0392813 -0.0351215 -0.0271384 0.997666 -0.0626546 0.0926598 -0.0410465 0.0615127 0.997262 0.155658 0 0 0 1 
26456013410245;0.736282;0.271884;0.988921 -0.146176 0.02586 -0.102859 0.146762 0.936599 -0.318186 0.366614 0.0222906 0.318456 0.947676 0.13189 0 0 0 1 
26456013410246;1.05866;0.627663;0.994513 0.0940862 -0.0457315 -0.0620456 -0.103926 0.938558 -0.329103 0.0435796 0.0119576 0.33205 0.943186 -0.248282 0 0 0 1 
26456013410248;1.23759;0.312005;0.967461 -0.00594314 -0.25295 -0.112387 0.00165001 0.999851 -0.0171811 -0.437371 0.253014 0.0162046 0.967327 0.985899 0 0 0 1 
26456013410249;1.46586;0.406526;0.789385 0.543946 0.284594 -0.555161 -0.59276 0.795956 0.122839 -0.901264 -0.159707 -0.265663 0.950745 0.577227 0 0 0 1 
26456013410250;0.412958;0.320297;0.990974 -0.118851 -0.0620152 -0.22092 0.110508 0.986111 -0.123986 0.199285 0.0758897 0.116013 0.990344 0.211068 0 0 0 1 
26456013410251;1.34871;0.349257;0.987464 0.146828 0.0579346 -0.152928 -0.143427 0.987896 -0.0590781 -0.291505 -0.0659077 0.0500281 0.996571 0.749601 0 0 0 1 
26456013410252;1.49487;1.03908;0.975614 -0.188296 -0.112788 0.00618891 0.218083 0.773458 0.595149 -0.57981 -0.0248274 -0.605233 0.795661 -0.391829 0 0 0 1 
26456013410253;0.288077;0.274579;0.960746 0.276895 -0.0172271 -0.142406 -0.277429 0.959078 -0.0565864 -0.491969 0.000853602 0.0591445 0.998249 -0.195119 0 0 0 1 
26456013410254;0.399182;0.392005;0.939942 0.332292 0.0780472 -0.381621 -0.325292 0.941309 -0.09013 -0.487354 -0.103416 0.0593288 0.992867 -0.358711 0 0 0 1 
26456013410255;1.26559;0.64984;0.990177 0.139729 0.00498616 -0.241089 -0.138503 0.985119 -0.101768 -0.113148 -0.0191319 0.100078 0.994796 0.682271 0 0 0 1 
26456013410256;0.836061;0.642232;0.98981 0.129078 -0.0601252 0.0597784 -0.134372 0.986423 -0.0944176 -0.0799264 0.0471216 0.101535 0.993715 -0.162406 0 0 0 1 
26456013410257;1.31918;0.719973;0.957544 0.262251 -0.119724 -0.312305 -0.24591 0.959766 0.135566 -0.871328 0.15046 -0.100369 0.983508 -0.0330361 0 0 0 1 
26456013410258;1.48742;0.382712;0.948487 0.274376 0.158396 0.404342 -0.203329 0.910601 -0.35981 -0.567245 -0.242959 0.309069 0.919482 0.228319 0 0 0 1 
26456013410259;1.01942;0.310943;0.856298 0.512313 -0.0654867 -0.755586 -0.503288 0.856165 0.116973 -0.488899 0.115994 -0.0672051 0.990974 0.24289 0 0 0 1 
26456013410260;0.460663;0.416091;0.98698 0.138822 -0.0812377 -0.115816 -0.0932592 0.905412 0.414164 -0.457388 0.131048 -0.401195 0.90657 0.39402 0 0 0 1 
26456013410261;1.44656;0.492352;0.905275 0.28616 -0.313991 0.691651 -0.334959 0.935404 -0.113235 -0.362504 0.261305 0.207683 0.942649 0.794484 0 0 0 1 
