#;prob_registration_l1 -r /home/probabilistic_point_clouds_registration/build/tester /home/point_clouds_registration_benchmark//devel/registration_pairs/p2at_met_local.txt /home/point_clouds_registration_benchmark//planetary/p2at_met -s 0.2 -t 0.2 -p 0.3 -r 1000 -m 1 -i 40 
id;initial_error;final_error;transformation
27844314100000;0.368279;0.343734;0.999314 0.00591909 0.0365634 0.420042 -0.0109826 0.990108 0.13988 -0.225947 -0.0353737 -0.140186 0.989493 -8.43718 0 0 0 1 
27844314100001;0.325629;0.135687;0.987731 0.0335551 -0.152515 1.14901 -0.00479463 0.982698 0.185154 -0.44769 0.156089 -0.182151 0.970802 -7.7393 0 0 0 1 
27844314100002;0.342132;0.130716;0.932839 -0.0423719 0.357794 -2.77155 -0.0619658 0.959396 0.275174 -2.79607 -0.354926 -0.278864 0.892336 -24.6064 0 0 0 1 
27844314100003;0.135271;0.110122;0.994919 -0.00100738 0.100671 0.16346 -0.016298 0.985148 0.170929 -0.581006 -0.099348 -0.171702 0.980127 -12.4668 0 0 0 1 
27844314100004;0.89077;0.718592;0.986234 0.0475692 -0.158367 1.99524 -0.00484422 0.965628 0.259882 -1.18139 0.165286 -0.255537 0.952566 -12.4469 0 0 0 1 
27844314100005;0.300669;0.290525;0.933925 0.036853 -0.355565 -0.720029 0.00733607 0.992486 0.122136 0.202763 0.357395 -0.116674 0.926637 1.24357 0 0 0 1 
27844314100006;0.461976;0.437148;0.999946 0.0103187 0.00139351 0.599343 -0.0103536 0.999558 0.0278825 -0.116561 -0.00110519 -0.0278954 0.99961 -1.52666 0 0 0 1 
27844314100007;1.17629;1.01112;0.999498 0.00871439 0.0304585 0.586221 -0.0112461 0.996406 0.0839619 -0.0320288 -0.0296173 -0.0842623 0.996003 -4.3108 0 0 0 1 
27844314100008;0.519074;0.44411;0.999989 0.00378597 0.00292404 0.202803 -0.00388561 0.999385 0.034857 0.0229365 -0.00279027 -0.0348679 0.999388 -1.48119 0 0 0 1 
27844314100009;0.482706;0.489879;0.992881 -0.00816273 0.118826 -0.258518 0.013889 0.998777 -0.047442 0.0488713 -0.118294 0.0487547 0.991781 0.0595528 0 0 0 1 
27844314100010;0.848926;0.0782217;0.999069 0.0205973 -0.0379135 1.25748 -0.0137373 0.984821 0.173028 -0.653704 0.0409019 -0.172346 0.984187 -11.2841 0 0 0 1 
27844314100011;0.370547;0.321806;0.980754 -0.00754823 -0.195103 -1.72048 -0.00476583 0.998029 -0.0625692 -0.47273 0.195191 0.0622948 0.978785 8.64768 0 0 0 1 
27844314100012;1.02719;0.42624;0.991259 -0.00457352 -0.131853 -1.1865 -0.00173989 0.998859 -0.0477273 -0.277517 0.131921 0.0475395 0.99012 8.08162 0 0 0 1 
27844314100013;0.818365;0.763735;0.99888 0.0118538 -0.0457997 0.594429 -0.00734566 0.995221 0.0973739 -0.0966861 0.0467351 -0.0969284 0.994193 -5.44496 0 0 0 1 
27844314100014;0.722224;0.292082;0.998412 -0.00149368 -0.0563092 -0.12461 0.00178243 0.999986 0.0050781 0.0336749 0.0563008 -0.0051704 0.9984 -0.788837 0 0 0 1 
27844314100015;1.11358;0.678207;0.999513 -0.00151767 -0.0311759 0.0879704 0.000800938 0.999735 -0.0229896 0.0214904 0.0312025 0.0229534 0.999249 -0.387847 0 0 0 1 
27844314100016;0.370882;0.0759838;0.993181 -0.00800308 0.116304 -0.222365 0.0558393 0.908411 -0.414332 -5.42281 -0.102336 0.418001 0.902664 21.8526 0 0 0 1 
27844314100017;0.341055;0.285847;0.995614 0.00376093 -0.0934796 -0.272321 -0.000417549 0.99936 0.0357597 0.118126 0.0935543 -0.0355638 0.994979 0.230946 0 0 0 1 
27844314100018;0.853373;0.269958;0.999602 0.000367635 0.0282181 0.200318 -0.000438657 0.999997 0.00251077 0.0440318 -0.028217 -0.00252215 0.999599 -2.95408 0 0 0 1 
27844314100019;0.871961;0.0865149;0.999983 -0.00286207 0.00504991 0.0347816 0.0029872 0.999684 -0.0249469 0.0201253 -0.00497691 0.0249615 0.999676 -1.00786 0 0 0 1 
27844314100020;0.613803;0.614974;0.996725 0.0331749 -0.0737464 1.57276 -0.0154432 0.973279 0.229106 -1.05553 0.0793764 -0.227217 0.970604 -11.8416 0 0 0 1 
27844314100021;0.300355;0.0891705;0.948596 -0.0152447 -0.316124 -3.32089 -0.00424872 0.998136 -0.0608832 -0.47463 0.316462 0.0590967 0.946762 10.9177 0 0 0 1 
27844314100022;0.628187;0.0760519;0.999973 -0.00242895 0.00695541 0.0311528 0.00257738 0.999767 -0.0214123 -0.0179464 -0.00690178 0.0214296 0.999747 -0.619706 0 0 0 1 
27844314100023;0.278091;0.0908379;0.996431 -0.00532869 0.0842437 -0.0897975 0.0087069 0.99917 -0.0397841 -0.00137401 -0.0839618 0.0403756 0.995651 -0.353173 0 0 0 1 
27844314100024;0.416131;0.33693;0.968804 -0.00923191 -0.247655 -2.06776 -0.000730707 0.999195 -0.0401058 -0.22147 0.247825 0.0390357 0.968018 7.28656 0 0 0 1 
27844314100025;0.365706;0.323693;0.992347 0.000184269 -0.123477 -0.559091 -0.00031677 0.999999 -0.00105346 -0.00467124 0.123477 0.00108451 0.992347 2.57047 0 0 0 1 
27844314100026;0.38807;0.204094;0.983201 -0.00552554 0.182442 -0.149639 -0.00318858 0.998869 0.047436 -0.0267468 -0.182498 -0.0472209 0.982072 -7.88247 0 0 0 1 
27844314100027;0.827287;0.759235;0.981287 -0.0173416 -0.191768 -2.03082 -0.00754841 0.991706 -0.128306 -1.10943 0.192402 0.127352 0.973017 11.5864 0 0 0 1 
27844314100028;0.216847;0.201561;0.993731 -0.0142366 0.110892 -0.628329 0.0284516 0.991407 -0.127683 -0.25418 -0.108121 0.130037 0.985596 5.06847 0 0 0 1 
27844314100029;0.528223;0.423499;0.997202 0.002215 0.0747259 0.347263 -0.000315422 0.999677 -0.0254228 -0.0272419 -0.0747581 0.0253281 0.99688 -1.00247 0 0 0 1 
27844314100031;1.32944;0.72218;0.999866 -0.00251298 -0.0161806 -0.222514 0.00251639 0.999997 0.000190326 0.0658679 0.01618 -0.000231017 0.999869 2.66939 0 0 0 1 
27844314100032;1.35252;1.00869;0.950496 0.0632229 -0.304236 -1.31974 0.0327143 0.953282 0.300307 1.24162 0.309009 -0.295393 0.904022 6.22304 0 0 0 1 
27844314100033;0.908498;0.476074;0.974845 0.0372575 -0.219746 -0.877741 0.0169322 0.970701 0.239695 0.887064 0.222238 -0.237386 0.945652 5.02693 0 0 0 1 
27844314100034;0.315932;0.300231;0.999943 0.00663458 0.00834771 -0.0218215 -0.0067538 0.999874 0.0143358 -0.0882656 -0.00825155 -0.0143913 0.999862 -0.211501 0 0 0 1 
27844314100035;0.38412;0.194615;0.999558 -0.00387385 -0.0294835 -0.0176161 0.00253368 0.998968 -0.0453572 -0.123532 0.0296287 0.0452624 0.998536 -0.472487 0 0 0 1 
27844314100036;0.255516;0.162032;0.996875 0.01683 0.077185 -0.00170041 -0.029564 0.985524 0.16694 0.012905 -0.0732581 -0.1687 0.982941 -0.166906 0 0 0 1 
27844314100037;0.704806;0.509495;0.999802 -0.0120705 0.0158303 0.060634 0.0141264 0.990477 -0.136952 -0.0748167 -0.0140264 0.137148 0.990451 0.26392 0 0 0 1 
27844314100038;1.02577;0.701349;0.996273 0.00480153 0.0861278 0.0532831 -0.00167986 0.99934 -0.0362806 -0.0329744 -0.0862452 0.0360006 0.995623 0.632719 0 0 0 1 
27844314100039;0.646323;0.218848;0.998453 -0.00609205 0.0552752 0.00302933 0.0176129 0.977453 -0.210418 -0.194301 -0.052747 0.211066 0.976048 0.130579 0 0 0 1 
27844314100040;0.526776;0.423306;0.958292 0.0146392 0.285416 -0.297025 -0.00516506 0.999411 -0.0339187 -0.208662 -0.285744 0.0310298 0.957803 -3.99676 0 0 0 1 
27844314100041;0.240913;0.178876;0.986568 -0.0197974 -0.162147 -0.290504 0.0107461 0.998344 -0.0565093 0.0243094 0.162997 0.0540078 0.985147 1.91845 0 0 0 1 
27844314100042;1.10623;0.891555;0.999789 0.000423633 -0.0205324 0.0717492 0.000820101 0.998166 0.0605281 -0.0637193 0.0205203 -0.0605322 0.997955 -0.806322 0 0 0 1 
27844314100043;0.537176;0.483124;0.952437 0.0119287 0.304503 -0.267725 -0.097524 0.958614 0.267486 -0.744374 -0.28871 -0.28446 0.914182 -3.44756 0 0 0 1 
27844314100044;0.682374;0.409808;0.99129 0.00136935 0.13169 0.217001 0.0162985 0.990983 -0.13299 0.00261053 -0.130685 0.133978 0.982329 -1.04659 0 0 0 1 
27844314100045;0.577329;0.38347;0.99665 -0.00691701 -0.0814952 -0.0708244 0.00302972 0.998856 -0.0477271 0.0105507 0.0817321 0.0473202 0.99553 -0.0160198 0 0 0 1 
27844314100046;0.842689;0.705953;0.97819 0.0233604 -0.206392 -0.698454 0.00512772 0.990637 0.136427 0.162611 0.207646 -0.13451 0.968912 3.46904 0 0 0 1 
27844314100047;0.331521;0.331881;0.999647 0.00254334 0.026462 0.0108344 -0.00175484 0.999555 -0.0297778 -0.050838 -0.0265259 0.0297208 0.999206 -0.285255 0 0 0 1 
27844314100048;0.326512;0.255467;0.999721 -0.00348583 0.0233448 0.0531869 0.00486987 0.998217 -0.0594948 0.00173553 -0.0230957 0.0595919 0.997956 -0.0589154 0 0 0 1 
27844314100049;0.286094;0.160527;0.987726 -0.00127977 -0.15619 -0.305852 0.00649158 0.999439 0.0328628 0.0646981 0.156061 -0.0334734 0.98718 1.58681 0 0 0 1 
27844314100050;1.23172;0.969823;0.999847 0.00162106 -0.01743 -0.20611 -0.00141501 0.999929 0.0118275 0.0885415 0.0174479 -0.011801 0.999778 1.79513 0 0 0 1 
27844314100051;0.428034;0.192813;0.999722 -0.0041311 -0.0232173 -0.0960971 0.00376556 0.999869 -0.015766 0.00902018 0.0232794 0.0156742 0.999606 1.11899 0 0 0 1 
27844314100052;1.33827;0.959846;0.999608 0.0019345 -0.027934 0.156503 0.00156008 0.992213 0.12454 -0.198982 0.0279574 -0.124535 0.991821 -0.974186 0 0 0 1 
27844314100053;1.32669;0.952701;0.970245 -0.00340011 0.242101 0.32369 -0.0260318 0.992641 0.118266 -0.0123706 -0.240721 -0.121049 0.963016 -0.756062 0 0 0 1 
27844314100054;0.560805;0.333901;0.990545 0.0013707 0.13718 0.170731 -0.00810046 0.99879 0.0485116 -0.0398953 -0.136948 -0.0491641 0.989357 -0.442824 0 0 0 1 
27844314100055;0.956315;0.903355;0.999225 -0.00120734 0.0393514 0.0418538 0.00376668 0.997876 -0.0650289 -0.00905608 -0.0391894 0.0651267 0.997107 0.295729 0 0 0 1 
27844314100056;1.36899;1.1169;0.99808 -0.00998845 0.06112 0.160677 0.0171853 0.992819 -0.118384 -0.0970597 -0.0594986 0.119207 0.991085 0.114244 0 0 0 1 
27844314100057;0.0905846;0.0472743;0.990802 0.00357497 0.135275 0.0153931 -0.00251076 0.999965 -0.00803681 -0.0961849 -0.135299 0.00762324 0.990776 -1.64362 0 0 0 1 
27844314100058;0.707405;0.275452;0.999877 0.00933359 0.0125955 0.0622502 -0.0093204 0.999956 -0.00110538 -0.0692615 -0.0126053 0.000987845 0.99992 -1.48466 0 0 0 1 
27844314100059;0.65531;0.366645;0.893931 0.00400289 0.448187 -0.717274 -0.0592618 0.992236 0.109339 -0.649241 -0.444269 -0.124302 0.887228 -6.1673 0 0 0 1 
27844314100060;1.27536;0.516455;0.981748 0.0133675 0.189716 0.0417018 -0.00160332 0.998073 -0.0620278 -0.390433 -0.19018 0.0605915 0.979878 -4.87526 0 0 0 1 
27844314100062;0.6633;0.492107;0.999977 -0.00631204 -0.00231868 -0.160521 0.00622626 0.999357 -0.0353032 0.0041114 0.00254002 0.035288 0.999374 0.561745 0 0 0 1 
27844314100063;1.6099;0.158768;0.994368 0.00208893 -0.105965 0.17453 -0.0032527 0.999936 -0.0108109 -0.00360184 0.105936 0.0110947 0.994311 -0.440334 0 0 0 1 
27844314100064;1.94982;1.84609;0.998592 -0.000143798 0.0530442 0.115279 0.00262139 0.998908 -0.0466415 -0.117544 -0.0529796 0.0467149 0.997502 1.35013 0 0 0 1 
27844314100065;1.77485;0.79914;0.989828 0.0228553 0.14042 0.968826 -0.0764583 0.917818 0.38957 -2.90851 -0.119977 -0.396344 0.910229 -15.9012 0 0 0 1 
27844314100066;1.08018;0.57238;0.997733 0.00628619 0.0670001 0.475549 -0.0101785 0.99827 0.0579127 -0.0821071 -0.0665201 -0.0584634 0.996071 -3.93689 0 0 0 1 
27844314100067;1.0783;0.552815;0.999484 0.00157366 0.0320683 0.0531391 -0.00200527 0.999908 0.0134315 0.0168764 -0.0320442 -0.0134889 0.999395 0.370675 0 0 0 1 
27844314100068;0.329721;0.292103;0.999971 0.00299792 0.00697811 0.147129 -0.00318903 0.999616 0.0275385 0.0208074 -0.00689287 -0.02756 0.999596 -1.10324 0 0 0 1 
27844314100069;0.992581;0.819605;0.918377 -0.00842681 0.395616 0.0332028 0.0373366 0.997158 -0.0654327 0.183552 -0.393941 0.0748629 0.916082 -3.98037 0 0 0 1 
27844314100070;1.68809;1.14717;0.999737 0.00420954 -0.02256 -0.127385 -0.00366375 0.999701 0.0241798 0.0260431 0.022655 -0.0240908 0.999453 1.27771 0 0 0 1 
27844314100071;2.20263;0.887967;0.986798 0.0366437 -0.157759 0.971375 0.00522101 0.966365 0.257122 -0.665742 0.161875 -0.254551 0.953415 -8.18373 0 0 0 1 
27844314100072;0.844195;0.211762;0.918392 -0.0312629 -0.394434 -3.60088 -0.0213308 0.991512 -0.128254 -1.00301 0.395095 0.126201 0.90993 9.96333 0 0 0 1 
27844314100073;1.02691;0.587169;0.999381 0.00914457 0.0339638 0.266938 -0.0146167 0.986261 0.164548 0.10175 -0.0319925 -0.164943 0.985784 -4.36716 0 0 0 1 
27844314100074;0.384882;0.347062;0.998229 0.0124081 0.0581716 0.506712 -0.0219011 0.985964 0.165518 -0.274528 -0.0553013 -0.166499 0.98449 -6.04699 0 0 0 1 
27844314100075;1.31596;0.603024;0.997811 -0.000683913 -0.0661338 0.0272804 -0.00142309 0.999493 -0.0318073 -0.0753536 0.0661221 0.0318318 0.997304 0.260204 0 0 0 1 
27844314100076;1.20785;1.19194;0.999927 0.000594723 0.0120417 0.0551297 -0.000788441 0.99987 0.0160888 0.0431607 -0.0120306 -0.0160972 0.999798 -0.634781 0 0 0 1 
27844314100077;1.66098;0.466318;0.99799 0.00961584 -0.0626359 0.373396 -0.00440958 0.996562 0.0827331 -0.0601103 0.0632161 -0.0822906 0.994601 -3.82233 0 0 0 1 
27844314100078;1.89852;1.71344;0.999997 -0.00148914 -0.00172231 0.0963825 0.00147211 0.99995 -0.00984602 0.0655652 0.00173689 0.00984346 0.99995 -0.729872 0 0 0 1 
27844314100079;1.7021;1.58412;0.996607 0.00698437 0.0820129 0.39042 -0.016573 0.993014 0.116825 -0.0759603 -0.0806241 -0.117788 0.989761 -3.94679 0 0 0 1 
27844314100080;1.10438;0.473533;0.972387 -0.00841499 0.233221 -0.0796081 -0.0102065 0.99686 0.0785231 -0.122206 -0.233149 -0.0787352 0.969248 -6.92337 0 0 0 1 
27844314100081;0.430079;0.409858;0.999996 -0.00278668 -0.00011647 -0.116204 0.00278525 0.999936 -0.0109207 -0.00019462 0.000146895 0.0109204 0.99994 0.344155 0 0 0 1 
27844314100082;1.95213;1.51178;0.999108 0.0257293 0.0334736 0.765628 -0.0357208 0.937794 0.345351 -1.00362 -0.0225056 -0.346239 0.937877 -9.54759 0 0 0 1 
27844314100083;0.583263;0.285597;0.966189 -0.00270445 0.257821 0.131719 -0.0187144 0.996572 0.0805863 -0.116027 -0.257155 -0.0826865 0.962826 -6.74997 0 0 0 1 
27844314100084;0.503644;0.423466;0.99088 0.0031341 0.134708 0.308578 -0.0376812 0.966288 0.254691 -0.82581 -0.129369 -0.257445 0.957594 -10.0237 0 0 0 1 
27844314100085;0.720603;0.515352;0.998164 0.0187271 0.0576031 0.709375 -0.0320759 0.970138 0.240422 -0.74044 -0.0513806 -0.241828 0.968958 -8.82759 0 0 0 1 
27844314100086;1.70425;1.47451;0.996123 0.0409846 -0.0778469 1.07809 -0.0143763 0.948797 0.315561 -0.90037 0.086794 -0.313218 0.945707 -9.45803 0 0 0 1 
27844314100087;1.08193;0.897631;0.977776 -0.0276165 -0.207826 -1.5555 0.000241952 0.991434 -0.130606 -0.62467 0.209653 0.127653 0.969407 5.92348 0 0 0 1 
27844314100088;1.41218;0.801434;0.998162 -0.00762435 0.060124 -0.203572 0.0128626 0.996106 -0.0872246 -0.165495 -0.0592248 0.0878376 0.994373 3.38092 0 0 0 1 
27844314100089;0.394008;0.364188;0.998507 -0.00175157 -0.0545883 -0.231818 0.00114657 0.999938 -0.0111121 -0.0139402 0.0546044 0.011033 0.998447 1.02701 0 0 0 1 
27844314100090;1.35838;0.772208;0.990425 -0.0456005 -0.130306 -1.52162 0.00978993 0.964696 -0.263185 -1.48265 0.137707 0.259389 0.955905 8.34353 0 0 0 1 
27844314100091;1.04859;1.06598;0.999401 0.00786848 -0.0337097 0.156638 -0.00541737 0.997376 0.0721961 0.0769633 0.0341893 -0.0719702 0.996821 -1.83087 0 0 0 1 
27844314100093;0.967031;0.556744;0.993418 -0.0710768 -0.089823 -7.13359 0.058312 0.988783 -0.137508 0.664844 0.0985891 0.131365 0.98642 17.0859 0 0 0 1 
27844314100094;1.92323;0.182287;0.972494 0.0532123 -0.226768 2.82654 -0.00717967 0.979941 0.199159 -0.727986 0.232817 -0.192052 0.953369 -8.39786 0 0 0 1 
27844314100095;0.873202;0.577251;0.992399 -0.00874387 0.122748 -0.0721062 -0.0325956 0.943167 0.330718 -5.11136 -0.118663 -0.332205 0.935713 -35.8359 0 0 0 1 
27844314100096;0.430323;0.433045;0.989632 0.0236876 -0.141661 1.48327 -0.022666 0.999704 0.00882102 -0.739046 0.141828 -0.00551867 0.989876 4.33882 0 0 0 1 
27844314100097;1.73872;0.111925;0.999428 0.0338105 -0.00021324 4.19109 -0.0338078 0.999398 0.00780592 0.235818 0.000477034 -0.00779425 0.99997 0.698109 0 0 0 1 
27844314100098;0.721991;0.377619;0.999947 0.00817552 0.0063259 0.932644 -0.00902354 0.988897 0.148328 -0.85894 -0.00504301 -0.148378 0.988918 -13.7961 0 0 0 1 
27844314100099;0.836004;0.641299;0.998517 -0.0380237 -0.0389592 -4.0824 0.0403089 0.997405 0.0596559 1.40456 0.0365897 -0.0611378 0.997458 -4.86325 0 0 0 1 
27844314100100;2.4061;0.214517;0.999704 -0.022376 -0.00954589 -2.09045 0.0241341 0.96156 0.273532 -0.809782 0.00305841 -0.273681 0.961816 -23.7645 0 0 0 1 
27844314100101;0.366989;0.399526;0.999751 0.0177189 -0.0135746 1.71097 -0.0108616 0.917478 0.397638 -6.7891 0.0195001 -0.397392 0.917442 -38.1376 0 0 0 1 
27844314100102;1.52564;1.42584;0.976109 -0.02493 0.215848 -2.3381 0.0772449 0.968316 -0.23748 -1.46001 -0.203088 0.248479 0.947108 17.0507 0 0 0 1 
27844314100103;2.09748;0.328421;0.9999 0.0095725 -0.0104287 1.40479 -0.00952167 0.999943 0.00491344 -0.441672 0.0104751 -0.00481365 0.999934 -2.48123 0 0 0 1 
27844314100104;0.507469;0.351296;0.999543 0.029498 -0.00663725 3.04155 -0.029408 0.999479 0.0132755 -0.937625 0.00702539 -0.0130742 0.99989 -1.55565 0 0 0 1 
27844314100105;1.7041;1.79322;0.999286 -0.0255456 0.0278381 -2.21303 0.0296689 0.98675 -0.159515 -0.755235 -0.0233943 0.160227 0.986803 14.4662 0 0 0 1 
27844314100106;0.621555;0.328947;0.975189 0.0270283 -0.219716 1.50304 -0.00614512 0.995441 0.0951794 -0.412507 0.221287 -0.0914678 0.97091 -1.51882 0 0 0 1 
27844314100107;0.153647;0.217439;0.997572 -0.0692456 -0.00747163 -6.84394 0.0692417 0.9976 -0.00078133 2.42472 0.0075078 0.000262084 0.999972 0.284558 0 0 0 1 
27844314100108;1.53872;0.174767;0.998997 0.0244105 -0.0375422 3.35924 -0.0292847 0.99037 -0.135311 -1.40637 0.0338777 0.136275 0.990092 15.7396 0 0 0 1 
27844314100109;1.60611;0.811334;0.999389 -0.00797365 -0.0340159 -1.09402 0.0102138 0.997754 0.0661991 0.210085 0.0334117 -0.0665061 0.997226 -6.7422 0 0 0 1 
27844314100110;2.36031;0.9243;0.999223 0.039265 -0.00351359 4.84907 -0.0394214 0.994751 -0.0944317 -2.90212 -0.000212715 0.0944968 0.995525 11.1944 0 0 0 1 
27844314100111;0.227132;0.205518;0.968064 0.0463528 -0.24638 2.50592 0.00175032 0.981485 0.19153 -0.813556 0.250696 -0.185844 0.95006 -9.3714 0 0 0 1 
27844314100112;2.20462;1.9451;0.999363 -0.030153 -0.0191078 -2.91445 0.0230654 0.953961 -0.299042 -4.31206 0.0272451 0.298411 0.954049 28.689 0 0 0 1 
27844314100113;2.4063;0.257131;0.994156 -0.0688406 0.0831527 -6.34986 0.0813067 0.984201 -0.157285 0.472486 -0.0710113 0.163127 0.984046 16.2266 0 0 0 1 
27844314100114;0.335195;0.282519;0.981396 -0.0259696 0.190229 -2.31656 0.0435413 0.995099 -0.0887821 0.850475 -0.186991 0.0954133 0.977717 2.44098 0 0 0 1 
27844314100115;1.83608;0.215235;0.998946 0.0458638 -0.00198937 6.55025 -0.0458267 0.998824 0.0158469 -0.821589 0.00271383 -0.015739 0.999872 -0.957119 0 0 0 1 
27844314100116;1.89876;1.37647;0.978217 -0.0162801 0.206944 -1.36153 -0.00188995 0.99618 0.0873022 0.295085 -0.207575 -0.0857917 0.97445 -14.3079 0 0 0 1 
27844314100117;2.29451;0.514864;0.991871 0.037669 -0.121546 2.77755 -0.00528162 0.966544 0.256447 -1.90458 0.12714 -0.25372 0.958886 -17.728 0 0 0 1 
27844314100118;2.1601;2.08524;0.999874 -0.00701401 0.014252 -0.526463 0.00731396 0.999751 -0.0211046 0.360888 -0.0141004 0.0212062 0.999676 1.92157 0 0 0 1 
27844314100119;1.47956;0.558489;0.999768 0.021472 0.00144762 3.05027 -0.0215165 0.998649 0.0472955 -1.02486 -0.000430133 -0.0473157 0.99888 -5.80601 0 0 0 1 
27844314100120;0.852594;0.41986;0.977983 -0.0424291 -0.204328 -5.49085 -0.00173906 0.977422 -0.211287 -3.08804 0.208679 0.206991 0.955828 28.1558 0 0 0 1 
27844314100121;1.87824;0.603848;0.998121 -0.00181718 0.0612423 0.348016 0.000446072 0.999749 0.0223944 -0.0862766 -0.0612676 -0.022325 0.997872 -6.41187 0 0 0 1 
27844314100122;1.73464;0.150055;0.969334 -0.0228734 -0.24468 -2.49047 0.0205138 0.999715 -0.012188 1.68988 0.244889 0.00679489 0.969527 8.34899 0 0 0 1 
27844314100124;0.405551;0.171605;0.997676 -0.0510982 -0.0450781 -4.42366 0.055666 0.992732 0.1067 1.80815 0.0392983 -0.108961 0.993269 -7.9029 0 0 0 1 
27844314100125;0.438401;0.152391;0.907825 -0.0922514 0.409076 -10.4192 0.139822 0.986269 -0.0878785 3.28531 -0.395352 0.136976 0.908259 -1.98715 0 0 0 1 
27844314100126;1.24567;0.586838;0.997192 -0.0418237 -0.0621259 -4.99485 0.0366262 0.995912 -0.0825642 -0.0215891 0.0653251 0.0800569 0.994647 8.64576 0 0 0 1 
27844314100127;1.48846;1.08321;0.998286 0.0535772 -0.0235337 3.05256 -0.0519563 0.996545 0.064793 -3.05584 0.0269238 -0.0634592 0.997621 -2.31539 0 0 0 1 
27844314100128;1.19785;0.14491;0.99685 -0.0119888 -0.078404 -1.61672 0.00754277 0.998359 -0.056759 0.222873 0.0789559 0.0559888 0.995305 5.80694 0 0 0 1 
27844314100129;1.23822;0.157782;0.992595 0.121055 0.0100181 8.63996 -0.120116 0.990472 -0.0673601 -6.03652 -0.0180769 0.065658 0.997678 6.39527 0 0 0 1 
27844314100130;0.532996;0.174285;0.982347 0.00646272 -0.186954 -0.61489 -0.0460125 0.977047 -0.207997 -3.84886 0.181319 0.212927 0.960097 24.612 0 0 0 1 
27844314100131;0.768744;0.193962;0.986253 0.163533 -0.0237043 13.7567 -0.155048 0.965443 0.209473 -8.25193 0.057141 -0.202918 0.977527 -14.8686 0 0 0 1 
27844314100132;0.304449;0.150742;0.990142 0.051832 -0.130122 3.49996 -0.0267999 0.981953 0.187216 -2.02421 0.137477 -0.181883 0.973662 -11.5898 0 0 0 1 
27844314100133;0.242712;0.153894;0.971768 -0.0974096 -0.214891 -10.6076 0.0222589 0.944582 -0.32752 -5.43444 0.234885 0.31349 0.920083 35.8447 0 0 0 1 
27844314100134;1.30166;0.155655;0.971608 0.0371249 0.233665 2.84509 -0.0341182 0.999275 -0.0168977 -1.10533 -0.234123 0.00844568 0.97217 -9.42786 0 0 0 1 
27844314100135;0.261851;0.171713;0.993458 -0.0991236 0.0567149 -8.75556 0.0969808 0.994507 0.0393699 3.27296 -0.0603059 -0.033612 0.997614 -4.85232 0 0 0 1 
27844314100136;1.42144;0.229547;0.992155 0.124661 0.00934351 10.5051 -0.123172 0.9876 -0.0973356 -7.30154 -0.0213616 0.0954212 0.995208 9.49465 0 0 0 1 
27844314100137;1.20547;0.564261;0.998259 -0.0371524 0.0458134 -3.66916 0.0508133 0.936084 -0.348087 -6.0018 -0.0299529 0.349809 0.936342 31.3214 0 0 0 1 
27844314100138;0.244336;0.156981;0.993971 0.0262312 -0.106459 1.59793 -0.0455252 0.982044 -0.183079 -3.83949 0.0997454 0.186822 0.977317 19.726 0 0 0 1 
27844314100139;1.59431;0.166409;0.999012 -0.0444495 -6.51507e-05 -3.04671 0.0444482 0.99897 0.00916029 -0.640868 -0.000342086 -0.00915413 0.999958 -1.82694 0 0 0 1 
27844314100140;0.22734;0.139721;0.995674 -0.0918094 0.0142845 -8.26819 0.0920539 0.9956 -0.0175142 3.02393 -0.0126137 0.0187534 0.999745 1.3777 0 0 0 1 
27844314100141;0.358346;0.286672;0.967128 -0.0754569 -0.242837 -8.82256 0.0308152 0.982699 -0.182629 -1.07174 0.252416 0.169143 0.952721 23.4361 0 0 0 1 
27844314100142;0.117962;0.162653;0.994609 0.101824 0.0196086 8.74734 -0.100676 0.993529 -0.0525788 -4.28866 -0.0248354 0.0503212 0.998424 3.74527 0 0 0 1 
27844314100143;1.8568;1.62412;0.999795 0.0173212 0.0104506 1.75859 -0.0160298 0.99346 -0.113053 -2.32971 -0.0123405 0.112862 0.993534 9.69571 0 0 0 1 
27844314100144;0.573265;0.164502;0.987631 -0.00118661 -0.156792 -1.85515 0.00440734 0.999786 0.0201955 0.871818 0.156734 -0.0206367 0.987425 3.61272 0 0 0 1 
27844314100145;0.564902;0.628208;0.994011 -0.0283476 -0.105539 -3.35993 0.0139888 0.990831 -0.134383 -0.996906 0.108381 0.132102 0.985293 15.667 0 0 0 1 
27844314100146;0.457208;0.146087;0.999705 0.0148331 0.0192346 1.16422 -0.0154556 0.999348 0.03263 -0.448306 -0.0187381 -0.0329177 0.999282 -2.59253 0 0 0 1 
27844314100147;0.839697;0.131375;0.994613 -0.0421662 -0.0946905 -5.23653 0.0525086 0.992595 0.109533 1.75046 0.0893707 -0.113915 0.989463 -7.98863 0 0 0 1 
27844314100148;1.27087;0.175041;0.999346 0.00389876 0.0359566 -1.15679 0.00213119 0.986097 -0.166155 -3.20577 -0.0361045 0.166123 0.985444 13.5573 0 0 0 1 
27844314100149;0.814525;0.215014;0.993415 0.000840663 0.114571 -0.547054 0.0567511 0.865075 -0.498423 -11.1767 -0.0995312 0.501642 0.85933 41.1638 0 0 0 1 
27844314100150;1.30625;0.782687;0.996295 0.0690975 0.0512063 4.10814 -0.0495411 0.947785 -0.315039 -8.99844 -0.0703009 0.311335 0.947696 23.9625 0 0 0 1 
27844314100151;1.21483;0.810004;0.987476 -0.065884 0.143351 -5.74774 0.067984 0.997638 -0.00979515 2.42193 -0.142367 0.0194181 0.989623 -1.88404 0 0 0 1 
27844314100152;0.850848;1.06801;0.979686 -0.0114263 0.200213 -1.86307 0.063608 0.964528 -0.256201 -2.17985 -0.190184 0.263732 0.945662 16.3595 0 0 0 1 
27844314100153;1.33869;0.156182;0.986028 0.143117 0.0852401 10.4606 -0.144953 0.989314 0.0157236 -6.94138 -0.0820789 -0.0278597 0.996236 -5.7863 0 0 0 1 
27844314100155;1.31103;1.30887;0.997855 -0.0378683 -0.0533957 -2.05339 0.0267932 0.980504 -0.194665 -1.06679 0.0597263 0.192816 0.979415 10.334 0 0 0 1 
27844314100156;0.173499;0.280799;0.999597 -0.0157551 -0.0236123 -0.989964 0.0161518 0.99973 0.0167062 0.710671 0.0233427 -0.0170808 0.999582 -0.387777 0 0 0 1 
27844314100157;1.77732;1.02988;0.994337 0.0311994 -0.101593 0.960935 -0.0211652 0.994923 0.0983893 -0.0555829 0.104147 -0.0956818 0.989949 -3.48877 0 0 0 1 
27844314100158;2.31932;0.210975;0.975244 0.0834865 -0.204768 1.56228 0.0188854 0.891166 0.453285 -0.750547 0.220325 -0.44593 0.867527 -14.734 0 0 0 1 
27844314100159;1.17995;0.264594;0.996318 0.056992 -0.064056 2.35557 -0.05216 0.995839 0.0747301 -0.91286 0.0680485 -0.0711137 0.995144 -3.07688 0 0 0 1 
27844314100160;1.94121;0.84563;0.982194 -0.0228409 -0.186475 -2.56721 0.0280994 0.999277 0.0256047 1.0859 0.185755 -0.0303887 0.982126 4.61274 0 0 0 1 
27844314100161;0.541664;0.411929;0.992631 -0.00266572 -0.12115 -0.934192 -0.0119403 0.992741 -0.119675 -0.934077 0.120589 0.12024 0.985394 8.68348 0 0 0 1 
27844314100162;1.51732;0.938394;0.998953 -0.0282429 -0.0359764 -1.79216 0.0279042 0.999562 -0.00988286 1.29735 0.0362398 0.00886862 0.999304 1.79994 0 0 0 1 
27844314100163;1.36524;1.24317;0.998901 -0.0206586 -0.0420615 -1.23192 0.0182079 0.99816 -0.0578348 0.20036 0.0431789 0.0570054 0.99744 3.05388 0 0 0 1 
27844314100164;0.587208;0.260291;0.99981 -0.0174154 -0.00870003 -0.935199 0.017844 0.998494 0.0518833 0.756616 0.00778335 -0.0520287 0.998615 -1.71096 0 0 0 1 
27844314100165;1.53313;0.421911;0.999989 0.00389407 -0.00259598 0.519623 -0.00383049 0.999703 0.0240616 -0.805304 0.00268891 -0.0240514 0.999707 -0.00538375 0 0 0 1 
27844314100166;0.330265;0.355811;0.997513 -0.0390254 -0.0586843 -2.20401 0.0328358 0.994142 -0.102968 0.182033 0.0623589 0.100785 0.992952 6.23599 0 0 0 1 
27844314100167;0.903395;0.506773;0.998512 -0.018146 0.0514263 -0.632658 0.0274497 0.982083 -0.186442 -1.08121 -0.0471216 0.187576 0.981119 6.84599 0 0 0 1 
27844314100168;2.432;0.656018;0.99565 -0.0150384 0.0919481 -0.580534 0.0139396 0.999824 0.0125813 0.174617 -0.092121 -0.0112448 0.995684 -0.0801847 0 0 0 1 
27844314100169;1.16953;1.01734;0.938848 0.0397161 0.342034 1.89859 0.0718711 0.948844 -0.307456 -2.23394 -0.336748 0.313237 0.887966 6.70403 0 0 0 1 
27844314100170;0.524881;0.27034;0.981429 -0.0499274 -0.185216 -3.31071 0.0717215 0.991015 0.112899 1.47685 0.177915 -0.124087 0.976191 -1.81131 0 0 0 1 
27844314100171;2.35705;0.365499;0.96413 0.0315079 0.263553 1.48947 0.00444043 0.990876 -0.134704 -0.349327 -0.265392 0.131042 0.955194 -2.42675 0 0 0 1 
27844314100172;0.422262;0.232676;0.997216 0.0198683 -0.0718727 0.246749 -0.0154211 0.997963 0.0619095 0.436035 0.0729563 -0.0606288 0.995491 -1.23751 0 0 0 1 
27844314100173;0.404553;0.362525;0.997676 -0.0171696 -0.0659395 -1.12778 0.0246138 0.993199 0.113798 0.705233 0.0635372 -0.115157 0.991313 -3.79797 0 0 0 1 
27844314100174;0.99992;0.653515;0.999544 0.0244303 -0.0177589 0.823887 -0.0235725 0.998616 0.0470076 -0.145415 0.0188827 -0.0465675 0.998737 -2.2301 0 0 0 1 
27844314100175;0.837078;0.274136;0.99966 0.0230354 -0.0122059 0.690517 -0.0226988 0.999377 0.0270362 0.59573 0.0128211 -0.0267499 0.99956 -1.24361 0 0 0 1 
27844314100176;0.793248;0.530288;0.998069 -0.0208384 -0.0585147 -1.44608 0.000613902 0.945309 -0.326174 -3.88845 0.0621115 0.325509 0.943497 16.9853 0 0 0 1 
27844314100177;2.13358;0.251135;0.999936 -0.00480747 -0.010242 -0.203691 0.00493864 0.999906 0.0128209 0.556543 0.0101794 -0.0128707 0.999865 -2.73445 0 0 0 1 
27844314100178;1.06641;1.02675;0.998501 -0.0218416 -0.0501865 -1.21214 0.0214999 0.999742 -0.00734022 0.448065 0.0503339 0.00625021 0.998713 1.28351 0 0 0 1 
27844314100179;2.46162;0.757538;0.964731 -0.0338622 -0.261052 -2.92131 -0.0064422 0.988358 -0.152012 -0.689919 0.26316 0.148332 0.953281 10.3375 0 0 0 1 
27844314100180;2.13141;1.64608;0.965809 0.0390704 0.256296 1.72514 -0.0947423 0.973394 0.208634 -2.67702 -0.241325 -0.225783 0.943814 -16.7354 0 0 0 1 
27844314100181;0.683715;0.452169;0.999794 0.0128784 0.0156818 0.508968 -0.0136137 0.998768 0.0477216 0.0989982 -0.015048 -0.0479253 0.998738 -1.95024 0 0 0 1 
27844314100182;1.078;0.392184;0.984644 -0.0159613 0.173843 -0.331458 0.00656125 0.998491 0.0545132 0.290505 -0.174451 -0.0525355 0.983263 -5.30346 0 0 0 1 
27844314100183;1.04239;0.401522;0.910144 -0.0366541 0.412668 -1.88401 -0.0540684 0.97705 0.206032 -1.02866 -0.410749 -0.209831 0.887275 -18.4816 0 0 0 1 
27844314100184;1.3844;1.00301;0.983535 0.00865487 0.18051 0.734642 -0.021981 0.997166 0.0719557 -0.730797 -0.179376 -0.0747388 0.980938 -7.92031 0 0 0 1 
27844314100186;0.793481;0.153696;0.971931 0.11314 -0.206277 5.90464 -0.0610545 0.968033 0.243279 -2.81654 0.227207 -0.223856 0.947769 -7.30701 0 0 0 1 
27844314100187;1.90684;0.241146;0.996125 0.0875355 0.00847149 6.47698 -0.0873564 0.995984 -0.019597 -2.64519 -0.0101529 0.0187811 0.999772 2.34993 0 0 0 1 
27844314100188;0.899725;0.431013;0.911729 0.00198142 0.410787 -0.748215 -0.0189193 0.99913 0.0371716 -0.65995 -0.410356 -0.0416622 0.910973 -17.7929 0 0 0 1 
27844314100189;2.92803;2.6247;0.996339 -0.0231118 -0.0823129 -2.2482 0.0138126 0.993635 -0.111801 -0.819163 0.0843728 0.110255 0.990316 10.5114 0 0 0 1 
27844314100190;2.25734;1.46378;0.998188 0.047059 -0.0375029 3.47477 -0.0528444 0.983635 -0.172247 -4.05049 0.0287834 0.173917 0.98434 13.6194 0 0 0 1 
27844314100191;2.96618;1.16538;0.989426 -0.0113682 0.144596 -0.187364 0.0657194 0.923852 -0.377065 -5.70585 -0.129298 0.38258 0.91483 23.5256 0 0 0 1 
27844314100192;2.51273;1.8641;0.932198 -0.0350757 -0.360245 -5.95109 -0.00386525 0.994272 -0.106811 -1.22749 0.361928 0.100961 0.926723 18.6797 0 0 0 1 
27844314100193;1.47826;0.910149;0.995009 0.0302412 -0.0950884 1.59686 -0.0259186 0.998588 0.0463707 -0.789271 0.0963564 -0.0436747 0.994388 1.11571 0 0 0 1 
27844314100194;2.31253;1.41003;0.970029 0.0176215 -0.242351 -1.47043 -0.00962189 0.99937 0.0341524 -0.106374 0.2428 -0.030797 0.969587 7.23922 0 0 0 1 
27844314100195;2.39108;0.133631;0.98119 -0.1749 -0.081708 -11.9592 0.143027 0.942903 -0.300794 -0.158586 0.129652 0.28345 0.950182 21.4189 0 0 0 1 
27844314100196;0.463067;0.429089;0.995689 0.0200872 0.0905547 1.9497 -0.0254545 0.997962 0.0585119 -0.885069 -0.0891949 -0.0605647 0.994171 -7.2933 0 0 0 1 
27844314100197;2.03095;1.9741;0.995545 -0.0231646 -0.0913974 -1.97512 0.0119843 0.992577 -0.12103 -0.745112 0.0935225 0.119395 0.988432 10.2628 0 0 0 1 
27844314100198;1.85236;1.05153;0.987628 -0.00856632 -0.15658 -1.43599 0.014392 0.999244 0.03611 0.377394 0.156153 -0.0379167 0.987005 3.6045 0 0 0 1 
27844314100199;0.504668;0.290126;0.989766 -0.129157 -0.0606813 -9.25471 0.13588 0.982901 0.124268 3.83645 0.0435935 -0.131242 0.990391 -8.03467 0 0 0 1 
27844314100200;2.93423;1.17532;0.999406 -0.0331733 0.00934559 -1.98897 0.0339757 0.993827 -0.10561 0.425015 -0.00578445 0.105865 0.994364 4.30481 0 0 0 1 
27844314100201;1.21539;0.446799;0.988802 0.0143245 0.148541 1.34539 -0.0418433 0.982066 0.183836 -2.09446 -0.143244 -0.187993 0.971669 -18.6939 0 0 0 1 
27844314100202;1.66781;0.396386;0.948649 0.0624216 -0.310111 0.660698 -0.0291529 0.993417 0.110782 -0.652433 0.314985 -0.0960529 0.944224 5.08568 0 0 0 1 
27844314100203;0.429271;0.697186;0.932069 -0.0772417 0.353952 -5.54025 -0.0137558 0.968756 0.247632 -1.78894 -0.36202 -0.235679 0.901885 -28.8805 0 0 0 1 
27844314100204;0.64969;0.87984;0.923349 0.0429712 -0.38155 -1.25584 0.0364032 0.979444 0.198403 0.480347 0.382233 -0.197085 0.902804 -1.50158 0 0 0 1 
27844314100205;2.89316;2.48881;0.995944 0.00120617 -0.0899703 -0.195336 -0.00544403 0.998886 -0.0468724 -0.610968 0.0898136 0.0471721 0.994841 4.86897 0 0 0 1 
27844314100206;1.28236;0.177483;0.996659 -0.0493124 0.065109 -2.55901 0.0594443 0.984634 -0.164202 -1.00404 -0.0560113 0.167524 0.984276 9.30414 0 0 0 1 
27844314100207;1.92404;0.753529;0.978072 0.07078 -0.195873 3.07987 -0.053385 0.994261 0.09271 -1.69702 0.201311 -0.0802203 0.976237 2.75469 0 0 0 1 
27844314100208;1.88311;0.302758;0.919725 0.0172423 0.392184 0.539533 0.0458638 0.987474 -0.150971 -0.0380441 -0.389874 0.156839 0.907414 -4.67246 0 0 0 1 
27844314100209;2.33052;0.581103;0.992119 0.122554 0.0260874 8.8416 -0.122863 0.992367 0.0105918 -4.20508 -0.0245902 -0.0137136 0.999604 -3.97408 0 0 0 1 
27844314100210;0.530209;0.538812;0.995641 -0.00803454 0.0929217 -0.00791536 0.0164466 0.995795 -0.0901208 -0.312557 -0.0918069 0.0912562 0.991587 2.67964 0 0 0 1 
27844314100211;2.44996;1.15168;0.997669 0.0278887 -0.0622869 1.49248 -0.0289429 0.999452 -0.0160869 -1.11488 0.0618041 0.0178522 0.997929 5.28684 0 0 0 1 
27844314100212;2.84301;0.715498;0.995847 0.0685918 -0.0598713 4.96396 -0.0722699 0.995481 -0.061598 -2.24141 0.0553756 0.0656691 0.996304 3.68684 0 0 0 1 
27844314100213;1.50297;0.851993;0.998946 -0.00221121 0.0458379 0.606017 0.010144 0.98477 -0.173564 -1.85005 -0.044756 0.173846 0.983755 10.4796 0 0 0 1 
27844314100214;0.564234;0.264012;0.9874 -0.09745 0.124682 -6.36138 0.0978403 0.995198 0.00300353 2.77491 -0.124376 0.00923324 0.992192 -3.20389 0 0 0 1 
27844314100215;0.386204;0.488275;0.994288 0.0181845 -0.10517 0.845594 -0.0251995 0.997517 -0.0657623 -1.37546 0.103713 0.0680368 0.992278 7.93445 0 0 0 1 
27844314100217;0.459527;0.612301;0.996025 0.0098231 -0.088536 -0.113806 -0.0111493 0.999833 -0.0144975 -0.564351 0.0883788 0.015427 0.995967 2.77288 0 0 0 1 
27844314100218;2.20727;0.26681;0.999332 0.0284189 -0.022966 0.168181 -0.028467 0.999593 -0.00177115 -0.99133 0.0229064 0.00242374 0.999735 3.3942 0 0 0 1 
27844314100219;2.19715;0.345138;0.999171 -0.0345168 -0.0215896 -0.874592 0.033693 0.998731 -0.0374231 0.77118 0.022854 0.0366646 0.999066 4.02506 0 0 0 1 
27844314100220;1.31114;0.0880571;0.997783 -0.0199808 -0.0634759 0.435797 0.0184077 0.999511 -0.0252702 -0.579385 0.0639498 0.0240457 0.997663 2.24387 0 0 0 1 
27844314100221;1.65894;1.65283;0.999635 0.0195254 0.0186486 0.483147 -0.0200484 0.999399 0.0282809 -0.489312 -0.0180852 -0.0286445 0.999426 -0.581369 0 0 0 1 
27844314100222;1.73745;1.08471;0.978861 0.0675842 -0.193038 0.221134 -0.0464777 0.992638 0.11185 -1.51885 0.199176 -0.100514 0.974795 4.81628 0 0 0 1 
27844314100223;2.40198;1.82821;0.998767 -0.0100633 -0.0486028 -0.10083 0.00997775 0.999948 -0.00200289 0.301875 0.0486205 0.00151548 0.998816 2.99026 0 0 0 1 
27844314100224;0.843273;0.76035;0.999467 0.0126332 -0.0300937 0.168215 -0.0100257 0.996307 0.0852719 -0.236734 0.0310599 -0.0849247 0.995903 -0.38435 0 0 0 1 
27844314100225;1.09219;1.18987;0.999938 0.00267094 0.0108478 0.29815 -0.00197109 0.997947 -0.0640216 -0.0845068 -0.0109965 0.0639962 0.99789 0.888715 0 0 0 1 
27844314100226;2.28577;0.456362;0.93394 0.230994 -0.272759 1.1766 -0.161359 0.953405 0.254918 -5.37579 0.318934 -0.194066 0.927696 8.36757 0 0 0 1 
27844314100227;0.739768;0.854567;0.990337 0.0252894 -0.136359 -0.100524 -0.0205264 0.999133 0.0362233 -0.585276 0.137157 -0.0330743 0.989997 3.7148 0 0 0 1 
27844314100228;0.965544;0.125632;0.990845 0.0782483 -0.110012 1.06328 -0.0743881 0.996475 0.0387721 -2.5688 0.112658 -0.0302336 0.993174 3.80418 0 0 0 1 
27844314100229;0.882458;0.710063;0.96382 0.00781187 0.266441 0.437813 0.0376614 0.985552 -0.165131 0.221943 -0.263882 0.169191 0.9496 -5.95379 0 0 0 1 
27844314100230;0.333053;0.197335;0.952682 0.149578 -0.264621 0.0637745 -0.0578663 0.943874 0.325199 -1.71443 0.298411 -0.294498 0.907867 3.021 0 0 0 1 
27844314100231;2.08116;0.0731226;0.995184 -0.0420393 0.0885489 -0.355531 0.0440019 0.998825 -0.0203292 0.95082 -0.0875902 0.0241276 0.995864 0.261147 0 0 0 1 
27844314100232;2.3687;1.91478;0.999476 -0.0145577 -0.028923 -0.591545 0.0137478 0.999513 -0.0280081 0.548711 0.0293166 0.0275958 0.999189 0.21207 0 0 0 1 
27844314100233;0.91161;0.490941;0.99936 0.0279052 -0.0223737 0.695744 -0.0274876 0.999446 0.0187585 -0.779405 0.0228848 -0.0181315 0.999574 -0.626725 0 0 0 1 
27844314100234;2.15311;0.607962;0.997354 -0.00130381 0.0726877 0.750228 0.000457517 0.999932 0.0116584 0.28659 -0.0726979 -0.0115943 0.997287 -5.12818 0 0 0 1 
27844314100235;1.5865;0.986854;0.94026 -0.0103735 -0.340299 -4.20502 -0.004857 0.999025 -0.0438738 -0.63503 0.340422 0.0429056 0.939293 10.6453 0 0 0 1 
27844314100236;0.801975;0.749248;0.999893 0.0047036 -0.0138186 0.797245 -0.00572931 0.997156 -0.075151 -0.452183 0.0134258 0.0752222 0.997076 1.75376 0 0 0 1 
27844314100237;0.36254;0.0683774;0.989613 0.128844 -0.0637577 1.46064 -0.125806 0.990816 0.0495715 -3.73523 0.0695591 -0.0410355 0.996733 1.52094 0 0 0 1 
27844314100238;0.509991;0.262655;0.995701 -0.00771716 -0.0922993 -0.453087 -0.0264156 0.931475 -0.362845 -3.49715 0.0887747 0.363723 0.927267 8.76694 0 0 0 1 
27844314100239;2.45541;1.40135;0.99944 0.0130186 -0.0308119 -0.124272 -0.0122687 0.999627 0.0244015 -0.272837 0.031118 -0.0240098 0.999227 2.9363 0 0 0 1 
27844314100240;0.531694;0.108631;0.996443 -0.0793526 0.0283792 -1.73536 0.0787282 0.996643 0.0224815 2.24939 -0.0300678 -0.0201673 0.999344 -0.791113 0 0 0 1 
27844314100241;1.90316;1.11624;0.99861 -0.0141655 0.0507589 0.613471 0.0109864 0.997992 0.0623727 0.828555 -0.0515405 -0.0617283 0.996761 -4.08068 0 0 0 1 
27844314100242;0.857743;0.154754;0.987627 0.0290815 0.1541 1.13068 -0.0333558 0.999125 0.0252238 -0.573862 -0.153232 -0.0300518 0.987733 -4.50807 0 0 0 1 
27844314100243;1.52979;1.66408;0.989293 -0.0142547 -0.145247 -0.969396 0.00813383 0.999057 -0.0426479 0.20221 0.145718 0.0410098 0.988476 4.73524 0 0 0 1 
27844314100244;1.45043;0.65546;0.987264 0.0763284 -0.139582 0.0284539 -0.0289783 0.948989 0.313976 -0.246587 0.156427 -0.305932 0.939114 0.0971391 0 0 0 1 
27844314100245;0.353496;0.416552;0.998471 0.0334328 0.0440126 1.00196 -0.0420212 0.976462 0.211556 -0.862367 -0.0359037 -0.213082 0.976374 -5.04914 0 0 0 1 
27844314100246;0.304746;0.0598008;0.99486 0.0953193 0.0341763 1.61144 -0.0869192 0.977001 -0.194715 -4.16131 -0.0519504 0.190744 0.980264 1.83611 0 0 0 1 
27844314100248;1.91005;1.8887;0.999947 -0.00310375 0.00980178 -0.175358 0.00291129 0.999804 0.0195883 0.090061 -0.00986065 -0.0195587 0.99976 -1.44794 0 0 0 1 
27844314100249;1.74539;1.21631;0.918657 0.0166318 0.394706 1.61473 0.0171016 0.996503 -0.0817929 -0.239189 -0.394686 0.0818897 0.91516 4.60335 0 0 0 1 
27844314100250;2.4193;2.05618;0.891755 0.0226647 -0.451951 0.59891 -0.0154688 0.999688 0.0196111 -0.218171 0.452254 -0.0104972 0.891827 -0.117893 0 0 0 1 
27844314100251;0.382775;0.217754;0.998593 0.0097032 0.0521393 0.596851 -0.017542 0.988215 0.152063 -0.251402 -0.0500493 -0.152763 0.986995 -8.46126 0 0 0 1 
27844314100252;0.517763;0.564649;0.995385 -0.0230822 -0.0931468 -1.30028 -0.000385149 0.969673 -0.244406 -2.04449 0.0959633 0.243314 0.965189 12.6187 0 0 0 1 
27844314100253;0.421961;0.404636;0.995899 0.0004007 0.0904736 0.249605 0.0050328 0.998196 -0.0598201 -0.22935 -0.0903344 0.0600301 0.994101 2.84089 0 0 0 1 
27844314100254;1.06506;0.241439;0.998863 0.0365461 -0.0306224 1.98039 -0.0283794 0.9718 0.234091 -1.1668 0.038314 -0.232956 0.971732 -13.2805 0 0 0 1 
27844314100255;0.41574;0.306746;0.943963 -0.00884498 -0.329933 -1.06423 -0.00177049 0.999491 -0.0318603 -0.111099 0.330047 0.0306591 0.943467 2.35299 0 0 0 1 
27844314100256;0.221269;0.0637662;0.99975 0.00388124 -0.0220101 0.191774 -0.00276041 0.998709 0.050727 0.0666869 0.0221786 -0.0506536 0.99847 -2.89469 0 0 0 1 
27844314100257;0.472366;0.33604;0.997179 0.0416727 0.0624327 2.27141 -0.0635611 0.911225 0.406976 -3.94359 -0.0399304 -0.409796 0.911303 -21.8567 0 0 0 1 
27844314100258;0.965959;0.513218;0.961364 0.00678355 -0.275198 -0.752997 0.00496654 0.999106 0.0419776 0.0929613 0.275236 -0.0417225 0.960471 -1.24441 0 0 0 1 
27844314100259;0.701583;0.54448;0.999787 0.00788941 -0.0190622 0.482269 -0.00786829 0.999968 0.00118252 -0.109589 0.0190709 -0.00103228 0.999818 -0.592721 0 0 0 1 
27844314100260;1.49458;1.27527;0.991267 0.0413295 -0.125227 1.67375 -0.00542748 0.9616 0.274402 -1.16426 0.131759 -0.271326 0.953426 -13.3528 0 0 0 1 
