#;prob_registration_l1 -r /home/probabilistic_point_clouds_registration/build/tester /home/point_clouds_registration_benchmark//devel/registration_pairs/pioneer_slam_local.txt /home/point_clouds_registration_benchmark//tum/pioneer_slam -s 0.1 -t 0.1 -p 0.3 -r 1000 -m 1 -i 40 
id;initial_error;final_error;transformation
1807261650000;0.252801;0.199088;0.996663 0.00265255 0.0815827 -0.127066 0.000425491 0.999289 -0.0376886 -0.00358501 -0.0816247 0.0375975 0.995954 0.169893 0 0 0 1 
1807261650001;0.370505;0.111948;0.977488 0.0879716 0.191776 -0.0153246 -0.122976 0.976125 0.179045 0.350781 -0.171446 -0.198598 0.964969 0.858808 0 0 0 1 
1807261650002;0.611698;0.228616;0.99945 0.0327069 0.00555177 0.11688 -0.0325366 0.999067 -0.0284122 -0.344882 -0.00647586 0.0282159 0.999581 0.600302 0 0 0 1 
1807261650003;0.65444;0.355482;0.972223 0.225373 -0.0631687 0.198729 -0.220479 0.972423 0.076041 0.64238 0.0785643 -0.0600014 0.995102 -1.01171 0 0 0 1 
1807261650004;0.70178;0.445786;0.945645 0.255107 0.201685 0.00288316 -0.230035 0.963111 -0.139648 0.646189 -0.22987 0.0856628 0.969444 1.40367 0 0 0 1 
1807261650005;0.564667;0.184251;0.997025 -0.075875 0.0135841 0.036953 0.0759333 0.997106 -0.00383125 0.131965 -0.0132541 0.00485134 0.9999 0.778869 0 0 0 1 
1807261650006;0.456118;0.165723;0.997568 -0.0206828 -0.0665538 -0.0892728 0.0114825 0.990675 -0.135761 0.176261 0.0687411 0.134667 0.988504 -0.672912 0 0 0 1 
1807261650007;0.0911852;0.0358373;0.998098 0.0102683 0.0607835 -0.111677 -0.0111653 0.999833 0.0144372 0.0363392 -0.0606251 -0.0150884 0.998047 0.244152 0 0 0 1 
1807261650008;0.628711;0.416676;0.957178 -0.0577978 0.283672 0.34398 0.0226701 0.991823 0.125588 -0.365416 -0.288611 -0.11378 0.950662 0.736702 0 0 0 1 
1807261650009;0.268333;0.312373;0.992633 -0.121012 -0.00603367 -0.0423637 0.12105 0.992626 0.0063195 -0.141224 0.00522444 -0.00700332 0.999962 -0.10369 0 0 0 1 
1807261650010;0.71038;0.304605;0.964542 0.263819 0.0076935 0.0666316 -0.263851 0.964557 0.00353361 0.674351 -0.00648859 -0.00543825 0.999964 -0.872156 0 0 0 1 
1807261650011;0.818748;0.315715;0.938037 0.346499 -0.00497973 -0.0354911 -0.346528 0.938008 -0.00763417 1.1528 0.0020258 0.00888675 0.999958 -0.875315 0 0 0 1 
1807261650012;0.646177;0.172307;0.99999 0.0035425 -0.00255061 0.104605 -0.00371724 0.997389 -0.0721223 -0.361906 0.00228846 0.0721311 0.997393 -0.743948 0 0 0 1 
1807261650013;0.5425;0.108932;0.989715 0.0258968 -0.14069 0.0710957 -0.0322496 0.998552 -0.0430633 -0.0427678 0.139371 0.0471576 0.989117 -1.18496 0 0 0 1 
1807261650014;0.402811;0.20828;0.956033 0.127297 -0.264191 0.279079 -0.100503 0.988542 0.112625 0.163256 0.275501 -0.0811211 0.957872 -1.37151 0 0 0 1 
1807261650015;0.62098;0.18913;0.929789 -0.307795 0.20188 0.247793 0.305716 0.951187 0.0422023 -0.663669 -0.205015 0.0224786 0.978501 1.30878 0 0 0 1 
1807261650016;0.314215;0.269837;0.997606 0.0504789 -0.0472656 0.0484465 -0.0486755 0.99807 0.0385584 0.14751 0.0491208 -0.0361654 0.998138 0.0265517 0 0 0 1 
1807261650017;0.544853;0.195714;0.95471 0.0989411 -0.280607 0.162472 -0.189479 0.929308 -0.316992 0.728509 0.229407 0.355804 0.905967 -1.06466 0 0 0 1 
1807261650018;0.870541;0.498487;0.9389 0.318527 0.130411 0.00682073 -0.312347 0.947677 -0.0659299 1.0348 -0.144588 0.0211681 0.989266 1.20697 0 0 0 1 
1807261650019;0.408282;0.23898;0.984585 0.174872 -0.00333725 -0.217514 -0.174895 0.984549 -0.00864048 0.272625 0.0017747 0.00909096 0.999957 0.322301 0 0 0 1 
1807261650020;0.378251;0.218884;0.969398 -0.00357074 -0.245469 0.0218816 -0.0788073 0.942448 -0.324932 0.126332 0.232502 0.334333 0.913326 -0.877293 0 0 0 1 
1807261650021;0.0584465;0.0419388;0.999763 0.0192129 -0.0102273 0.0286399 -0.0191879 0.999813 0.00253254 0.0581114 0.010274 -0.0023357 0.999944 0.00898757 0 0 0 1 
1807261650022;0.492617;0.226852;0.983319 -0.0591339 -0.17201 0.151304 0.0485577 0.996699 -0.0650602 0.0542542 0.175289 0.0556225 0.982944 -1.16593 0 0 0 1 
1807261650023;0.436303;0.347822;0.967133 0.252813 0.0272038 -0.058113 -0.253453 0.967065 0.0233875 0.699576 -0.0203951 -0.0295137 0.999356 0.163795 0 0 0 1 
1807261650024;0.611538;0.347347;0.996136 -0.00566178 0.0876359 -0.153341 0.0128727 0.996554 -0.0819382 0.326798 -0.08687 0.0827497 0.992777 -0.391114 0 0 0 1 
1807261650025;0.222007;0.151855;0.993766 -0.07949 -0.0781692 -0.0888173 0.0693518 0.989754 -0.124807 -0.184008 0.0872892 0.118608 0.989097 -0.103901 0 0 0 1 
1807261650026;0.125003;0.0321553;0.998163 -0.00293745 -0.0605116 -0.0984991 -0.00312084 0.995005 -0.0997806 0.0140492 0.0605024 0.0997862 0.993168 -0.0822166 0 0 0 1 
1807261650027;0.446617;0.313405;0.951031 -0.301757 0.0669552 0.169169 0.294207 0.950147 0.103258 -0.802763 -0.0947761 -0.0785025 0.992399 0.400807 0 0 0 1 
1807261650028;0.18577;0.236906;0.992164 0.110425 -0.0584479 0.0138812 -0.112959 0.992712 -0.0419852 0.00581337 0.0533857 0.0482584 0.997407 -0.177 0 0 0 1 
1807261650029;0.503137;0.352271;0.99217 0.0438342 -0.116953 0.0545942 -0.0679304 0.975168 -0.210791 0.388192 0.104809 0.217085 0.97051 -0.245982 0 0 0 1 
1807261650031;0.869936;0.742659;0.999933 0.000452601 -0.0115321 0.00541199 0.00238635 0.969528 0.244969 -0.183665 0.0112916 -0.24498 0.969462 -0.962032 0 0 0 1 
1807261650032;0.361529;0.281438;0.975272 -0.0211257 -0.219996 -0.0523955 -0.0184456 0.984167 -0.176279 0.05751 0.220237 0.175978 0.959441 0.274302 0 0 0 1 
1807261650033;0.495733;0.493074;0.99907 0.000343199 0.0431161 -0.00385137 -0.000523771 0.999991 0.00417681 0.00112436 -0.0431143 -0.00419551 0.999061 0.0183037 0 0 0 1 
1807261650034;1.09057;0.921823;0.992408 0.117439 -0.0365299 0.491452 -0.119362 0.991277 -0.0558762 0.556279 0.0296492 0.0598122 0.997769 0.710823 0 0 0 1 
1807261650035;0.885672;0.870796;0.991225 0.0316906 -0.128328 0.0362264 -0.0124619 0.988915 0.147956 0.118911 0.131594 -0.145058 0.980633 -0.101091 0 0 0 1 
1807261650036;0.893017;0.183198;0.988662 0.00624715 0.150025 0.0915346 -0.0207341 0.995243 0.0951949 0.0893158 -0.148717 -0.0972263 0.984089 0.693449 0 0 0 1 
1807261650037;0.513994;0.405784;0.99992 0.00698549 0.0105165 0.0164069 -0.00785614 0.996336 0.0851638 -0.0177483 -0.00988302 -0.0852396 0.996311 -0.519635 0 0 0 1 
1807261650038;0.984234;0.403409;0.920312 0.001126 0.391185 -0.257764 0.0128832 0.999366 -0.0331861 0.317306 -0.390974 0.0355812 0.919714 -0.254013 0 0 0 1 
1807261650039;0.787771;0.236365;0.986281 0.0672754 0.150746 0.139454 -0.0465843 0.989501 -0.136812 0.271511 -0.158367 0.127913 0.97906 -0.150829 0 0 0 1 
1807261650040;0.449489;0.0998622;0.972377 -0.00133501 0.233414 0.029542 -0.00784145 0.999232 0.0383817 0.0178216 -0.233286 -0.0391518 0.97162 0.532128 0 0 0 1 
1807261650041;0.636202;0.49438;0.999984 0.00190191 -0.00536557 0.0224878 -0.00185098 0.999953 0.00948224 0.030521 0.00538336 -0.00947216 0.999941 -0.347861 0 0 0 1 
1807261650042;0.394001;0.386894;0.999954 -0.000297053 -0.00954588 -0.00378958 0.00020594 0.999954 -0.00954425 0.00382628 0.00954828 0.00954185 0.999909 0.0699265 0 0 0 1 
1807261650043;0.493104;0.354356;0.970175 0.00022305 0.242405 0.0317057 -0.00522018 0.999787 0.0199727 0.112101 -0.242349 -0.0206424 0.96997 0.248088 0 0 0 1 
1807261650044;0.603128;0.428087;0.999777 0.00308559 -0.0209093 0.013874 -0.00279148 0.999897 0.0140805 0.00841223 0.0209506 -0.014019 0.999682 -0.446384 0 0 0 1 
1807261650045;0.822026;0.433943;0.996209 0.0351396 -0.0795807 0.162206 -0.00131693 0.920775 0.390092 -0.215615 0.0869836 -0.388508 0.917331 -1.85062 0 0 0 1 
1807261650046;0.726796;0.920437;0.998987 -0.0373245 -0.0251456 -0.107956 0.0340151 0.992048 -0.121174 0.512632 0.0294684 0.120196 0.992313 0.787867 0 0 0 1 
1807261650047;0.841796;0.485899;0.998111 -0.00200166 -0.0614077 -0.0403155 0.00145693 0.999959 -0.00891421 0.096792 0.061423 0.0088079 0.998073 0.621693 0 0 0 1 
1807261650048;0.923373;0.0451594;0.984422 0.0085313 0.175614 0.087452 -0.0444144 0.978495 0.201434 0.14915 -0.170119 -0.206096 0.963631 0.409417 0 0 0 1 
1807261650049;0.894299;0.723493;0.967678 -0.00289206 0.252174 0.0361034 -0.0232273 0.994662 0.100538 0.0515195 -0.251119 -0.103146 0.962445 0.505506 0 0 0 1 
1807261650050;0.776112;0.869648;0.988521 0.0513013 0.142109 0.184963 -0.0124112 0.964982 -0.262024 0.743785 -0.150575 0.257252 0.954541 1.2548 0 0 0 1 
1807261650051;0.472646;0.729639;0.984119 0.0686171 0.163714 0.290389 -0.0691563 0.997603 -0.00241033 0.662296 -0.163487 -0.00894979 0.986505 0.501362 0 0 0 1 
1807261650052;0.367213;0.307194;0.999337 -0.00183736 0.0363529 -0.00775531 -0.00575802 0.97817 0.207726 -0.0598164 -0.035941 -0.207798 0.977511 -0.438425 0 0 0 1 
1807261650053;0.543637;0.274891;0.911648 -0.0587363 -0.406753 -0.0310492 -0.0385098 0.97317 -0.22684 0.146221 0.409164 0.222462 0.884927 0.272774 0 0 0 1 
1807261650054;0.296591;0.743051;0.982356 0.124879 -0.13922 0.414383 -0.146629 0.976354 -0.158851 0.79517 0.116091 0.176462 0.977438 0.221 0 0 0 1 
1807261650055;0.546573;0.697657;0.969263 0.0667829 -0.236788 0.198882 0.01783 0.940855 0.338341 0.431249 0.245378 -0.332163 0.910745 -0.889162 0 0 0 1 
1807261650056;0.638977;0.454029;0.999207 -0.0116574 -0.038069 -0.0564596 0.0103902 0.999391 -0.0333152 0.081605 0.0384342 0.0328932 0.99872 0.347476 0 0 0 1 
1807261650057;0.733154;1.0271;0.998482 0.0470017 -0.0287236 0.151864 -0.0516588 0.980014 -0.192106 1.0105 0.0191201 0.193298 0.980954 0.484826 0 0 0 1 
1807261650058;1.00454;0.895083;0.973252 0.0766563 -0.216572 0.338516 -0.0645777 0.995965 0.0623192 0.460637 0.220476 -0.0466665 0.974275 -0.0577037 0 0 0 1 
1807261650059;0.328863;0.173126;0.960094 -0.0876146 0.265599 -0.179871 -0.0275483 0.91542 0.401557 -0.17003 -0.278317 -0.392849 0.876475 -0.707604 0 0 0 1 
1807261650060;0.479524;0.416357;0.999998 -0.000317727 -0.00207267 0.00141727 0.00025887 0.999598 -0.0283356 0.00706684 0.00208084 0.028335 0.999596 -0.101493 0 0 0 1 
1807261650062;0.610394;0.100493;0.996077 0.0840724 -0.0276171 0.375534 -0.0848777 0.995957 -0.0294099 0.217682 0.0250328 0.0316386 0.999186 -0.653468 0 0 0 1 
1807261650063;0.0702684;0.111724;0.999454 0.00553517 0.0325743 0.00984585 -0.00524123 0.999945 -0.00910227 0.118639 -0.0326228 0.00892657 0.999428 -0.00285104 0 0 0 1 
1807261650064;0.431381;0.161753;0.975878 -0.108937 -0.189194 -0.345408 0.0992374 0.993251 -0.0600352 -0.0962759 0.194457 0.0398119 0.980103 -0.375834 0 0 0 1 
1807261650065;0.67345;0.223457;0.983147 0.0192298 -0.181804 0.106224 0.066313 0.889216 0.452656 0.17794 0.170368 -0.457084 0.872954 -1.95469 0 0 0 1 
1807261650066;0.179936;0.182555;0.993319 -0.114732 -0.012371 -0.519299 0.114539 0.993301 -0.0153196 0.157089 0.0140458 0.0138002 0.999806 0.070995 0 0 0 1 
1807261650067;0.697139;0.512146;0.974892 -0.217764 -0.0465299 -0.700564 0.220518 0.973161 0.0657973 0.249528 0.0309528 -0.0744059 0.996748 -0.985034 0 0 0 1 
1807261650068;0.609754;0.510248;0.961381 -0.274057 -0.0253027 -1.05368 0.274408 0.961543 0.011587 0.186064 0.0211542 -0.0180828 0.999613 0.0486434 0 0 0 1 
1807261650069;0.14606;0.201758;0.998835 -0.0246922 -0.0414668 -0.0972471 0.0249546 0.999672 0.00582288 0.198511 0.0413094 -0.00685088 0.999123 -0.0685356 0 0 0 1 
1807261650070;0.531087;0.122578;0.982468 0.0675082 -0.173779 0.359192 -0.00154104 0.935045 0.354525 0.0221488 0.186425 -0.348042 0.918756 -1.89749 0 0 0 1 
1807261650071;0.140553;0.0746787;0.992789 -0.014193 -0.119029 -0.0483292 0.00764954 0.998443 -0.0552514 0.215312 0.119628 0.0539425 0.991352 0.0789728 0 0 0 1 
1807261650072;0.380476;0.327134;0.996393 -0.00727394 -0.0845476 0.00299166 0.00348743 0.998988 -0.0448472 0.00623966 0.0847882 0.0443906 0.99541 -0.0611803 0 0 0 1 
1807261650073;0.531138;0.308777;0.984037 -0.107978 0.141462 -0.33826 0.054944 0.940398 0.335607 -0.14556 -0.169269 -0.322478 0.93132 -0.766271 0 0 0 1 
1807261650074;0.56209;0.186475;0.948382 0.187177 0.256001 0.795521 -0.177407 0.982248 -0.0609544 0.766764 -0.262866 0.0123917 0.964753 0.387653 0 0 0 1 
1807261650075;0.57785;0.135046;0.99967 -0.0256911 -0.000667737 -0.114929 0.0256992 0.999484 0.0192847 0.68921 0.000171947 -0.0192955 0.999814 -0.544654 0 0 0 1 
1807261650076;0.523862;0.245215;0.986377 -0.138604 -0.0885926 -0.640015 0.122862 0.978862 -0.163508 0.497941 0.109383 0.150396 0.982556 0.989095 0 0 0 1 
1807261650077;0.611234;0.491054;0.999368 0.00289647 0.0354308 0.00179675 0.00469893 0.977167 -0.212422 -0.138376 -0.0352371 0.212454 0.976535 0.474166 0 0 0 1 
1807261650078;0.330727;0.129069;0.950607 0.0494705 -0.306429 0.313258 -0.0320586 0.997586 0.0615996 0.19101 0.308737 -0.0487333 0.949898 0.0141232 0 0 0 1 
1807261650079;0.421945;0.311321;0.912417 -0.151923 -0.380019 -0.525368 0.110042 0.985423 -0.12974 -0.109874 0.39419 0.0765591 0.915835 0.498014 0 0 0 1 
1807261650080;0.560936;0.307026;0.989 0.0438282 -0.141272 0.389233 -0.0907902 0.93388 -0.345868 0.260685 0.116772 0.354889 0.927587 1.15665 0 0 0 1 
1807261650081;0.503671;0.116488;0.982682 0.10272 0.154224 0.395697 -0.12799 0.978112 0.164058 0.0540137 -0.133996 -0.180956 0.97432 -1.30244 0 0 0 1 
1807261650082;0.722741;0.362593;0.999982 0.00505809 0.00321255 0.12147 -0.00485259 0.998124 -0.0610401 -0.128708 -0.00351527 0.0610235 0.99813 -0.572241 0 0 0 1 
1807261650083;0.552134;0.413135;0.999411 -0.00551317 -0.0338656 0.00783661 0.00240868 0.995845 -0.0910363 -0.127794 0.0342268 0.0909012 0.995272 0.0597745 0 0 0 1 
1807261650084;0.867721;0.199513;0.944115 0.313111 -0.102997 1.93112 -0.289567 0.937155 0.194656 0.37949 0.157473 -0.153953 0.975449 -0.971303 0 0 0 1 
1807261650085;0.404997;0.159339;0.979812 -0.134179 -0.148203 -0.503369 0.0705406 0.925666 -0.371709 -0.0308412 0.187062 0.35375 0.916443 0.967863 0 0 0 1 
1807261650086;0.258185;0.170366;0.998281 -0.057468 0.0114808 -0.19124 0.0582347 0.994722 -0.0844821 0.192617 -0.00656519 0.0850054 0.996359 0.554306 0 0 0 1 
1807261650087;0.211815;0.187453;0.999001 0.0237592 0.037859 0.0905862 -0.0215652 0.998122 -0.057342 0.0266139 -0.0391503 0.0564683 0.997637 0.249117 0 0 0 1 
1807261650088;0.669831;0.343719;0.974458 -0.222049 -0.0335398 -0.852667 0.201139 0.929424 -0.309377 0.324441 0.0998696 0.294729 0.950348 0.558353 0 0 0 1 
1807261650089;0.143654;0.118834;0.993528 0.0215253 0.111526 0.0663456 -0.0275563 0.998224 0.0528212 0.011651 -0.110191 -0.0555526 0.992357 -0.0901015 0 0 0 1 
1807261650090;0.732491;0.443539;0.995376 0.0649375 -0.0707816 0.231603 -0.0721629 0.991869 -0.104825 0.809899 0.063399 0.109448 0.991969 0.480336 0 0 0 1 
1807261650091;0.403612;0.116082;0.991951 0.0828966 -0.095716 0.28807 -0.0507679 0.952866 0.299115 -0.0875024 0.116 -0.291848 0.949405 -0.854563 0 0 0 1 
1807261650093;1.16071;0.299914;0.887418 0.30229 0.348009 -0.396728 -0.298842 0.952089 -0.0649653 0.183836 -0.350974 -0.0463485 0.935238 -0.257348 0 0 0 1 
1807261650094;0.696816;0.455803;0.984114 0.172553 0.0417674 -0.100931 -0.171074 0.984573 -0.0367376 -0.0469042 -0.0474623 0.0290087 0.998452 -0.070991 0 0 0 1 
1807261650095;0.832378;0.274956;0.918786 0.118795 0.376456 0.390702 -0.129819 0.99153 0.00394988 0.30265 -0.372798 -0.0525002 0.926426 -0.0551972 0 0 0 1 
1807261650096;1.24922;0.336651;0.965055 0.232167 0.121517 0.0850975 -0.171222 0.909718 -0.378281 -0.396833 -0.198371 0.344256 0.91768 0.741077 0 0 0 1 
1807261650097;1.57732;0.237195;0.964764 0.15176 0.214941 0.302428 -0.190093 0.96683 0.170599 0.142266 -0.181921 -0.205447 0.961611 0.925862 0 0 0 1 
1807261650098;0.431654;0.198987;0.948819 -0.279686 0.146693 -0.0761456 0.28688 0.957497 -0.0299882 -0.178527 -0.132071 0.0705366 0.988727 0.296962 0 0 0 1 
1807261650099;1.43162;0.324034;0.978383 -0.202081 0.0439392 0.638234 0.206064 0.934696 -0.289623 0.391602 0.0174574 0.292416 0.956132 0.601512 0 0 0 1 
1807261650100;0.198846;0.101595;0.992116 -0.0215566 -0.123459 0.105942 0.034733 0.993803 0.105591 -0.107678 0.120418 -0.109046 0.986716 -0.101063 0 0 0 1 
1807261650101;0.403364;0.0965966;0.997957 -0.0588743 0.0248014 0.0788524 0.0598197 0.997436 -0.0392777 -0.0811174 -0.0224254 0.0406811 0.99892 -0.18099 0 0 0 1 
1807261650102;0.400187;0.221643;0.996781 -0.0426554 0.0678815 -0.148551 0.0442618 0.99877 -0.022339 -0.114056 -0.0668452 0.0252716 0.997443 -0.00198336 0 0 0 1 
1807261650103;1.02195;0.177709;0.955224 0.271696 0.117168 -0.0532556 -0.283017 0.954501 0.0939673 -0.166766 -0.0863061 -0.12292 0.988657 0.527261 0 0 0 1 
1807261650104;1.18672;0.122428;0.994717 0.0121316 -0.101933 -0.0312731 -0.00367646 0.996565 0.0827302 -0.45471 0.102587 -0.0819184 0.991345 -0.684511 0 0 0 1 
1807261650105;1.18857;0.368388;0.989606 0.0450255 0.136574 -0.416578 -0.048522 0.998571 0.0223797 -0.456946 -0.135371 -0.0287739 0.990377 0.16403 0 0 0 1 
1807261650106;0.708535;0.266087;0.999042 -0.0209286 0.0384428 -0.219271 0.020898 0.999781 0.00119744 -0.285971 -0.0384594 -0.000392916 0.99926 0.216306 0 0 0 1 
1807261650107;0.503291;0.192143;0.998808 0.0165523 -0.0459193 0.102954 -0.0143983 0.998798 0.0468481 -0.058554 0.0466396 -0.0461311 0.997846 0.251092 0 0 0 1 
1807261650108;1.52224;0.374197;0.954897 -0.20214 0.217509 0.0962334 0.227114 0.969079 -0.0964608 0.548662 -0.191285 0.14151 0.97128 -0.324964 0 0 0 1 
1807261650109;0.339127;0.0892227;0.953784 -0.108364 0.280272 -0.0900879 0.0949989 0.993614 0.06088 -0.00349237 -0.28508 -0.0314408 0.957988 0.190861 0 0 0 1 
1807261650110;0.998065;0.104882;0.967315 -0.22559 0.115807 0.0775268 0.214117 0.971299 0.103596 -0.0881377 -0.135853 -0.0754142 0.987855 -0.529299 0 0 0 1 
1807261650111;0.873902;0.180633;0.977525 0.139077 0.158436 0.143877 -0.149687 0.987085 0.0570746 -0.395264 -0.148452 -0.0795078 0.985718 0.422088 0 0 0 1 
1807261650112;0.213542;0.113063;0.992782 -0.0108118 -0.119447 0.0991042 0.0198273 0.99702 0.0745479 -0.0558948 0.118285 -0.0763781 0.990038 -0.171143 0 0 0 1 
1807261650113;1.08553;0.335593;0.968797 -0.213658 0.125626 -0.205802 0.234491 0.954288 -0.185335 -0.648817 -0.0802853 0.209011 0.974612 -0.110187 0 0 0 1 
1807261650114;0.757919;0.431189;0.945287 0.321275 0.0566968 0.316527 -0.303429 0.929657 -0.208973 -0.0160937 -0.119846 0.180336 0.976277 0.554391 0 0 0 1 
1807261650115;1.40826;0.720874;0.971543 0.133405 0.195722 -0.307653 -0.144681 0.98848 0.0444323 0.324366 -0.18754 -0.0714852 0.979652 0.29152 0 0 0 1 
1807261650116;0.547781;0.109556;0.985912 0.167257 -0.00156463 0.0417944 -0.166432 0.981894 0.0904706 -0.0782562 0.0166681 -0.0889357 0.995898 0.263379 0 0 0 1 
1807261650117;1.14474;0.12135;0.946344 0.302181 -0.114538 -0.192996 -0.275186 0.939363 0.204621 0.453658 0.169425 -0.162122 0.972117 -0.419433 0 0 0 1 
1807261650118;1.22447;0.391691;0.951663 0.245909 -0.18403 -0.0692045 -0.279005 0.942656 -0.183182 0.0666072 0.128431 0.225672 0.9657 -0.53222 0 0 0 1 
1807261650119;1.49971;0.174047;0.986345 0.107524 -0.124745 0.154693 -0.119933 0.988067 -0.0966378 0.641556 0.112866 0.110279 0.987471 -0.729281 0 0 0 1 
1807261650120;0.30517;0.201886;0.941426 0.236401 0.240483 0.150949 -0.253615 0.966354 0.0428837 0.150204 -0.222254 -0.101362 0.969706 0.170534 0 0 0 1 
1807261650121;1.42718;0.109284;0.942359 0.327225 0.0698809 0.390803 -0.334276 0.929911 0.153381 -0.700832 -0.0147928 -0.1679 0.985693 0.252037 0 0 0 1 
1807261650122;1.45607;0.222596;0.959849 -0.182416 0.213107 -0.165104 0.21914 0.961866 -0.163679 -0.321563 -0.175123 0.203807 0.963221 -0.663352 0 0 0 1 
1807261650124;1.36594;2.80535;0.289712 0.951915 -0.0996231 -0.603605 -0.182435 0.157101 0.970586 -0.141472 0.939566 -0.263016 0.219176 0.62248 0 0 0 1 
1807261650125;0.804333;6.85175;-0.0483406 -0.886645 0.459918 3.25049 0.799577 0.241608 0.54982 -0.00235248 -0.598615 0.394318 0.697261 0.320778 0 0 0 1 
1807261650126;0.880272;6.48045;0.0858431 -0.938099 0.33556 3.10959 0.882707 0.227797 0.411019 0.0962486 -0.462017 0.260918 0.847621 0.212975 0 0 0 1 
1807261650127;1.55898;6.30931;-0.0193987 -0.945782 0.324222 2.75027 0.985226 -0.0732727 -0.154795 0.0623851 0.170159 0.316429 0.93323 -1.19614 0 0 0 1 
1807261650128;0.837192;6.66266;0.138643 -0.94963 0.281034 2.80765 0.988157 0.151493 0.0244171 -0.0646152 -0.0657621 0.274321 0.959387 -0.320463 0 0 0 1 
1807261650129;0.284015;6.52966;0.0386452 -0.962188 0.26963 3.19458 0.988971 -0.00178043 -0.148099 0.219957 0.14298 0.27238 0.951507 -0.461332 0 0 0 1 
1807261650130;0.193395;2.59488;0.219195 0.956284 -0.193585 -0.413244 0.0297938 0.191757 0.98099 -0.856352 0.975226 -0.220795 0.0135408 0.458645 0 0 0 1 
1807261650131;0.6404;7.07803;0.0650514 -0.961083 0.268492 3.47945 0.995888 0.0455248 -0.0783293 0.470153 0.0630579 0.272483 0.960092 -0.305999 0 0 0 1 
1807261650132;1.48669;10.8244;-0.216327 -0.913389 -0.344853 5.76284 0.888749 -0.330441 0.3177 2.22158 -0.404137 -0.237761 0.883257 0.0959138 0 0 0 1 
1807261650133;0.878362;6.60109;0.273413 -0.920072 0.28056 3.09672 0.960794 0.275186 -0.0338714 -0.193565 -0.0460418 0.278821 0.959239 -0.137498 0 0 0 1 
1807261650134;0.764145;2.56224;0.39111 0.884478 -0.254425 -0.603818 0.0431633 0.258513 0.965043 -0.804812 0.919331 -0.38842 0.0629302 0.702716 0 0 0 1 
1807261650135;0.938287;6.82066;-0.0239556 -0.955355 0.294488 3.39514 0.979493 -0.0813748 -0.184311 0.062296 0.200047 0.284034 0.937713 -0.0777107 0 0 0 1 
1807261650136;0.165136;6.84408;0.245891 -0.935935 0.252116 3.26118 0.96784 0.222814 -0.116788 0.110891 0.053131 0.272725 0.960624 -0.538887 0 0 0 1 
1807261650137;0.685906;5.79471;0.370376 -0.870378 0.324443 2.70512 0.921017 0.298755 -0.249946 -0.0747605 0.120618 0.391392 0.912285 -0.111673 0 0 0 1 
1807261650138;1.14592;6.94253;0.342124 -0.895391 0.285001 3.27395 0.83764 0.428057 0.339303 -0.389894 -0.425806 0.122644 0.896464 -0.360876 0 0 0 1 
1807261650139;0.608764;6.99513;-0.00839916 -0.972831 0.231365 3.52646 0.999389 -0.000315784 0.0349526 0.0217542 -0.0339299 0.231518 0.972239 -0.807177 0 0 0 1 
1807261650140;1.51409;7.0499;0.215442 -0.936223 0.277618 2.93984 0.976515 0.207028 -0.0596419 0.615437 -0.0016366 0.283947 0.958838 -0.0474589 0 0 0 1 
1807261650141;0.713806;2.80872;-0.283431 0.875834 0.390617 -0.234814 0.425232 0.479867 -0.767402 -0.543583 -0.859561 -0.0514027 -0.508442 1.25722 0 0 0 1 
1807261650142;1.81337;6.52982;0.105347 -0.95945 0.261452 2.85558 0.967833 0.038516 -0.248628 0.100938 0.228476 0.279234 0.932645 0.324003 0 0 0 1 
1807261650143;1.33398;6.2352;0.0224466 -0.964817 0.261961 2.98506 0.998165 0.0363677 0.0484146 0.475476 -0.0562382 0.260394 0.963863 0.0507588 0 0 0 1 
1807261650144;0.523192;5.97695;0.221975 -0.965037 0.139396 2.75095 0.873687 0.260327 0.410976 0.00458472 -0.432895 0.0305627 0.900926 -0.374184 0 0 0 1 
1807261650145;1.32014;6.67693;-0.00120789 -0.967861 0.251483 3.92613 0.999366 -0.0101188 -0.0341435 -0.0265974 0.0355908 0.251282 0.967259 -0.561462 0 0 0 1 
1807261650146;0.396214;6.00904;0.3875 -0.846736 0.36453 2.73831 0.88169 0.455874 0.121662 0.00513276 -0.269196 0.274258 0.92321 -0.224195 0 0 0 1 
1807261650147;1.75836;7.04594;-0.106195 -0.954159 0.279828 2.99404 0.991236 -0.123821 -0.0460311 0.0709701 0.0785696 0.272487 0.958946 -1.25882 0 0 0 1 
1807261650148;1.81564;6.49273;0.238073 -0.926799 0.290456 3.3368 0.971126 0.231873 -0.056116 -0.606433 -0.0153405 0.295429 0.955242 0.0548513 0 0 0 1 
1807261650149;1.27562;6.23788;-0.0133525 -0.970934 0.238977 3.07893 0.999904 -0.013834 -0.000337855 -0.174371 0.00363404 0.238949 0.971025 -1.14357 0 0 0 1 
1807261650150;1.69552;6.21815;0.0813368 -0.919587 0.384375 3.39837 0.996366 0.0652391 -0.0547595 -0.0702283 0.0252798 0.387432 0.921551 0.36034 0 0 0 1 
1807261650151;1.06641;6.98191;0.0410619 -0.971865 0.231934 3.35815 0.999156 0.0402433 -0.00826179 0.0805669 -0.00130442 0.232077 0.972697 -1.05819 0 0 0 1 
1807261650152;1.1455;6.80591;0.128733 -0.961098 0.244374 3.63624 0.983496 0.0921407 -0.155712 -0.232758 0.127137 0.260386 0.957097 -0.295906 0 0 0 1 
1807261650153;0.956413;5.90023;0.168163 -0.945999 0.277142 3.20913 0.979493 0.192004 0.061055 -0.253133 -0.11097 0.261192 0.958887 -0.324777 0 0 0 1 
1807261650155;0.606131;0.427023;0.997048 -0.0399791 -0.0655531 -0.0445463 0.0424986 0.998392 0.0375005 0.0337385 0.0639485 -0.0401757 0.997144 -0.553317 0 0 0 1 
1807261650156;0.187806;0.0646551;0.999976 -0.00696885 0.000526542 -0.0276953 0.00697037 0.999971 -0.00293791 -0.0128309 -0.000506053 0.00294151 0.999996 0.221462 0 0 0 1 
1807261650157;0.551788;0.417761;0.999014 -0.040794 0.0174899 -0.163627 0.0431974 0.984163 -0.171919 -0.0339868 -0.0101997 0.172505 0.984956 0.963272 0 0 0 1 
1807261650158;0.699792;0.612251;0.997276 -0.0176944 -0.071605 -0.0488895 0.0253194 0.993934 0.107022 -0.0653714 0.069277 -0.108544 0.991675 -0.809017 0 0 0 1 
1807261650159;0.309546;0.191178;0.997867 0.00741204 -0.0648633 0.01074 -0.0224309 0.971975 -0.234011 -0.145156 0.061311 0.234967 0.970068 1.09919 0 0 0 1 
1807261650160;0.485518;0.431989;0.999391 -0.0164919 -0.0307403 -0.060612 0.0224063 0.97886 0.203298 -0.105819 0.0267377 -0.203863 0.978634 -0.799634 0 0 0 1 
1807261650161;0.330335;0.144056;0.999819 -0.0154365 -0.0111499 -0.0554042 0.00954376 0.9129 -0.408071 -0.26216 0.016478 0.40789 0.912882 1.35777 0 0 0 1 
1807261650162;0.550603;0.400447;0.976595 0.214898 0.00898513 0.72096 -0.214975 0.976581 0.00866672 0.0494952 -0.00691225 -0.0103955 0.999922 -0.0495099 0 0 0 1 
1807261650163;0.739956;0.422916;0.992651 0.036342 0.11543 0.15349 -0.0283354 0.997126 -0.070263 -0.84153 -0.117652 0.0664759 0.990827 0.659256 0 0 0 1 
1807261650164;0.228506;0.0968801;0.956286 0.123305 0.265165 0.431177 -0.130061 0.991474 0.00800284 -0.11532 -0.261917 -0.0421406 0.96417 -0.21293 0 0 0 1 
1807261650165;0.0638727;0.0231504;0.999936 0.00331199 0.0107904 0.0116029 -0.00295401 0.99945 -0.0330244 -0.00800606 -0.0108938 0.0329904 0.999396 0.198895 0 0 0 1 
1807261650166;0.691573;0.558782;0.999685 -0.00972525 -0.0231239 -0.0418697 0.0108577 0.998722 0.0493631 -0.129861 0.0226142 -0.0495986 0.998513 0.1123 0 0 0 1 
1807261650167;0.645574;0.421053;0.952524 8.8437e-05 0.304465 -0.013245 -0.0653005 0.976788 0.20401 0.198662 -0.29738 -0.214206 0.93042 -1.00861 0 0 0 1 
1807261650168;0.448255;0.279138;0.984212 0.17677 0.00890829 0.623175 -0.161379 0.916911 -0.365009 -0.375758 -0.0726907 0.357809 0.930961 1.41586 0 0 0 1 
1807261650169;0.539907;0.38333;0.994212 0.0839367 -0.0670606 0.299103 -0.0756647 0.990176 0.117585 -0.593974 0.0762715 -0.111831 0.990796 -0.827027 0 0 0 1 
1807261650170;0.652735;0.361661;0.953689 0.0989653 0.284047 0.449883 -0.102835 0.994698 -0.00129588 0.140423 -0.282669 -0.0279741 0.958809 0.512394 0 0 0 1 
1807261650171;0.437786;0.302427;0.958556 0.148102 0.243383 0.558397 -0.198737 0.959692 0.198731 -0.00832062 -0.204141 -0.238864 0.949353 -0.5392 0 0 0 1 
1807261650172;0.513271;0.362369;0.988693 0.0530721 -0.140248 -0.0664953 -0.052946 0.998587 0.00463283 -0.631524 0.140296 0.00284514 0.990106 0.0758716 0 0 0 1 
1807261650173;0.421662;0.0978405;0.925534 -0.120175 -0.359089 -0.408572 0.117351 0.992645 -0.0297383 0.147616 0.360021 -0.0146155 0.93283 -0.390656 0 0 0 1 
1807261650174;0.342158;0.201507;0.999287 0.0273675 -0.0260168 0.0962911 -0.0353792 0.919378 -0.39178 -0.280947 0.0131973 0.392421 0.919691 1.3173 0 0 0 1 
1807261650175;0.695425;0.354167;0.99954 -0.0282036 0.0111731 0.108671 0.0278675 0.999186 0.0291726 0.675703 -0.0119868 -0.0288478 0.999512 -0.292715 0 0 0 1 
1807261650176;0.628882;0.368663;0.989743 0.138861 0.0335723 0.605675 -0.135078 0.986119 -0.0965525 -0.190749 -0.0465137 0.0910273 0.994762 -0.181642 0 0 0 1 
1807261650177;0.385778;0.0485034;0.999892 -0.00674033 -0.0130651 -0.0298411 0.00661323 0.999931 -0.00974668 0.0879961 0.0131299 0.00965923 0.999867 0.484453 0 0 0 1 
1807261650178;0.865032;0.453576;0.992819 -0.0171789 0.118388 -0.0783634 0.0272289 0.99611 -0.0838027 -0.01037 -0.116488 0.0864245 0.989425 1.21853 0 0 0 1 
1807261650179;0.799283;0.0567675;0.913366 -0.189187 -0.360514 -1.09092 0.182751 0.981772 -0.0522021 -0.132988 0.363819 -0.0182048 0.931292 0.566809 0 0 0 1 
1807261650180;0.951142;0.352166;0.952204 0.247535 0.178982 1.01286 -0.197262 0.945675 -0.258429 -0.00340342 -0.233229 0.21077 0.949305 1.80872 0 0 0 1 
1807261650181;0.58947;0.454963;0.999853 0.00517039 0.0163489 0.00291885 -0.00514718 0.999986 -0.00146094 -0.220581 -0.0163563 0.00137657 0.999865 0.154702 0 0 0 1 
1807261650182;0.51362;0.378011;0.993377 -0.00155338 -0.114888 0.0227702 -0.00332506 0.999101 -0.0422587 0.160206 0.11485 0.0423608 0.992479 -0.206646 0 0 0 1 
1807261650183;0.518467;0.453447;0.977361 -0.034255 -0.208789 -0.0388973 0.00820912 0.992203 -0.124358 0.00950148 0.211421 0.119829 0.970022 0.456941 0 0 0 1 
1807261650184;0.540083;0.165875;0.991692 -0.12751 0.0169955 -0.533801 0.127012 0.991514 0.0277111 -0.468959 -0.0203848 -0.0253222 0.999471 -0.400908 0 0 0 1 
1807261650186;0.453969;0.221492;0.997632 -0.0641902 -0.024707 0.0980578 0.0659577 0.994689 0.079016 0.161439 0.0195037 -0.0804585 0.996567 0.064412 0 0 0 1 
1807261650187;0.217396;0.0721194;0.997226 0.0251359 -0.070058 -0.0804461 -0.0238948 0.999543 0.0184981 0.0520639 0.070491 -0.0167727 0.997371 -0.480984 0 0 0 1 
1807261650188;0.833964;0.189428;0.983281 0.0223506 0.180716 -0.096448 -0.0648637 0.970331 0.232916 0.398168 -0.170149 -0.240744 0.955558 1.28222 0 0 0 1 
1807261650189;0.543168;0.104213;0.859537 0.38404 -0.337209 0.221297 -0.372495 0.922506 0.101143 0.576334 0.34992 0.0386724 0.935981 -1.14261 0 0 0 1 
1807261650190;0.468639;0.118016;0.924049 -0.249543 0.289587 0.00264873 0.275489 0.959903 -0.0518943 -0.859466 -0.265026 0.127731 0.955744 1.06795 0 0 0 1 
1807261650191;0.203867;0.0949254;0.991575 0.0637749 0.112745 -0.205439 -0.0565617 0.996211 -0.066061 0.0296659 -0.116531 0.0591273 0.991425 0.472252 0 0 0 1 
1807261650192;0.50492;0.262835;0.987701 0.153366 0.0304151 0.386909 -0.147283 0.977922 -0.148245 0.179296 -0.0524794 0.141942 0.988483 0.022986 0 0 0 1 
1807261650193;0.791638;0.154971;0.980013 -0.197374 -0.0248728 -0.0129792 0.197791 0.980121 0.0155463 -0.552126 0.0213099 -0.0201552 0.99957 -1.00911 0 0 0 1 
1807261650194;0.736741;0.27419;0.972558 0.227337 -0.0494867 0.250924 -0.232488 0.957805 -0.168996 0.202362 0.00897954 0.175863 0.984374 -0.690882 0 0 0 1 
1807261650195;0.187863;0.180868;0.975415 0.0234463 -0.219126 -0.0107333 -0.00638844 0.996915 0.0782316 -0.00973248 0.220284 -0.0749084 0.972555 -0.628844 0 0 0 1 
1807261650196;0.587609;0.186899;0.991718 0.123485 -0.0353104 -0.222424 -0.127186 0.982474 -0.13627 -0.0656583 0.0178643 0.139632 0.990042 0.687165 0 0 0 1 
1807261650197;0.541762;0.097403;0.953963 0.29991 -0.00291554 -0.323704 -0.299706 0.953595 0.0288641 1.0156 0.0114369 -0.0266615 0.999579 -0.202989 0 0 0 1 
1807261650198;0.789459;0.371657;0.993241 0.0561249 -0.1016 0.264696 -0.0672716 0.99167 -0.109837 0.160659 0.0945896 0.11593 0.988743 -0.939116 0 0 0 1 
1807261650199;0.344499;0.13495;0.991122 -0.0798693 -0.106292 0.0629577 0.0688962 0.992273 -0.103184 -0.0852231 0.113712 0.0949444 0.988967 -0.501458 0 0 0 1 
1807261650200;0.665434;0.197056;0.995546 0.0942646 0.00146797 0.177103 -0.09426 0.994968 0.0339785 -0.523544 0.00174239 -0.0339655 0.999421 -0.0241074 0 0 0 1 
1807261650201;0.637949;0.174027;0.996197 0.086299 -0.0120264 -0.566874 -0.086315 0.996268 -0.000819339 -0.0173821 0.0119108 0.00185428 0.999927 -0.287371 0 0 0 1 
1807261650202;0.360138;0.102247;0.995005 0.0993066 -0.010158 -0.320369 -0.0995456 0.994677 -0.0266114 0.175678 0.00746125 0.0274896 0.999594 -0.384518 0 0 0 1 
1807261650203;0.394841;0.181956;0.900055 -0.13706 -0.413662 0.153183 0.181422 0.98093 0.0697281 -0.641872 0.396217 -0.137807 0.907756 -1.14412 0 0 0 1 
1807261650204;0.612524;0.142163;0.998585 -0.0518249 -0.0119054 -0.126599 0.05219 0.998101 0.0327274 -0.285805 0.0101867 -0.0333024 0.999393 0.720541 0 0 0 1 
1807261650205;0.404722;0.212737;0.867245 0.272234 -0.416864 0.257352 -0.323878 0.944376 -0.0570708 0.933473 0.378139 0.184507 0.907176 -0.919423 0 0 0 1 
1807261650206;0.626556;0.137553;0.961143 -0.273659 -0.0362765 -0.544688 0.267425 0.955626 -0.123546 -0.98919 0.0684763 0.109044 0.991676 0.447751 0 0 0 1 
1807261650207;0.542445;0.212572;0.999715 0.0109233 0.0212244 -0.271241 -0.0106977 0.999885 -0.0107134 -0.181541 -0.021339 0.0104833 0.999717 0.731146 0 0 0 1 
1807261650208;0.417306;0.151426;0.949502 -0.0266287 -0.312629 -0.0985708 -0.013343 0.992064 -0.125025 0.0926141 0.313477 0.122883 0.941611 -1.08816 0 0 0 1 
1807261650209;0.115948;0.114799;0.997465 -0.0105608 -0.0703721 -0.122392 0.00635697 0.998196 -0.0596957 0.00301492 0.0708756 0.059097 0.995733 -0.172498 0 0 0 1 
1807261650210;0.290494;0.215602;0.97086 0.238206 0.0262612 -0.0456612 -0.226825 0.948738 -0.220106 0.704738 -0.0773457 0.207736 0.975122 0.319908 0 0 0 1 
1807261650211;0.634223;0.458115;0.977004 0.156691 -0.144608 0.409351 -0.177293 0.973756 -0.142711 0.329323 0.118452 0.165068 0.979143 -0.335906 0 0 0 1 
1807261650212;0.518398;0.0977418;0.923414 0.270346 -0.272433 0.076645 -0.242386 0.961131 0.132198 0.795859 0.297583 -0.0560399 0.95305 -1.24333 0 0 0 1 
1807261650213;0.562773;0.450863;0.990267 -0.139051 0.00595507 -0.0222741 0.132308 0.953802 0.269735 -0.325184 -0.0431868 -0.266322 0.962916 -0.142497 0 0 0 1 
1807261650214;0.522212;0.149803;0.920867 -0.386945 -0.0477226 -0.0899255 0.389401 0.906782 0.161598 -1.41294 -0.0192557 -0.167394 0.985702 0.0398968 0 0 0 1 
1807261650215;0.876402;0.152727;0.911488 -0.355447 -0.206995 0.576244 0.346634 0.934696 -0.0786644 -1.46597 0.221438 -4.95875e-05 0.975174 -0.807035 0 0 0 1 
1807261650217;0.532131;0.389472;0.982009 0.00635675 0.188729 -0.100596 -0.046867 0.976367 0.210976 -0.0916009 -0.182927 -0.216026 0.959099 -0.743686 0 0 0 1 
1807261650218;0.499155;0.361307;0.996307 -0.0217157 -0.0830749 -0.120336 0.030844 0.993428 0.110227 -0.0419097 0.0801353 -0.112382 0.990428 -0.182751 0 0 0 1 
1807261650219;0.721512;0.436773;0.995256 0.0883295 -0.0407771 -0.00788177 -0.0861506 0.994902 0.0524143 -0.699742 0.0451989 -0.0486527 0.997793 -0.592247 0 0 0 1 
1807261650220;0.121853;0.201806;0.991087 -0.0948245 0.0935669 -0.361488 0.0919974 0.995176 0.0340884 -0.29218 -0.0963479 -0.0251767 0.995029 -0.0437479 0 0 0 1 
1807261650221;0.995809;0.524532;0.987424 -0.157956 0.00659015 -0.763768 0.158 0.987417 -0.00663978 -0.629937 -0.00545843 0.00759752 0.999956 -0.815709 0 0 0 1 
1807261650222;1.09618;0.484157;0.999837 0.0167764 0.00673823 0.0205941 -0.0169326 0.999573 0.0238274 -0.432585 -0.00633561 -0.0239376 0.999693 -0.938381 0 0 0 1 
1807261650223;0.826304;0.515316;0.990327 -0.138284 0.0113641 -0.54962 0.13739 0.988764 0.0589083 -0.685603 -0.0193825 -0.0567771 0.998199 -0.417817 0 0 0 1 
1807261650224;0.375842;0.141969;0.99134 -0.0905319 -0.095123 -0.357758 0.113365 0.955606 0.271966 -0.577124 0.0662785 -0.280394 0.957594 -1.08671 0 0 0 1 
1807261650225;0.55112;0.834843;0.989238 0.135601 -0.054955 -0.136602 -0.14114 0.983386 -0.114158 -0.619006 0.038562 0.120686 0.991941 0.527014 0 0 0 1 
1807261650226;0.761509;0.840658;0.985115 -0.171389 -0.0131672 -0.791129 0.17105 0.98498 -0.0235898 -0.449549 0.0170125 0.0209864 0.999635 0.472426 0 0 0 1 
1807261650227;0.75985;0.70355;0.999216 -0.0279632 -0.0280196 -0.109574 0.0294859 0.998024 0.0554912 -0.0228037 0.0264126 -0.0562739 0.998066 -0.355683 0 0 0 1 
1807261650228;0.464961;0.3914;0.999017 -0.0102358 -0.0431199 -0.0257125 0.0134672 0.997068 0.0753301 -0.0579091 0.0422224 -0.0758368 0.996226 -0.460541 0 0 0 1 
1807261650229;0.961907;0.356747;0.97666 0.0146571 0.214291 0.0115607 -0.0624436 0.973954 0.217979 0.147961 -0.205515 -0.226272 0.952137 0.271838 0 0 0 1 
1807261650230;1.24871;0.403072;0.959934 -0.077838 -0.269199 -0.146034 0.10242 0.99164 0.0784905 -0.527669 0.260838 -0.102917 0.959881 -1.63604 0 0 0 1 
1807261650231;0.35278;0.394657;0.977536 -0.0979836 -0.186607 -0.394386 0.0648361 0.982233 -0.176109 -0.42971 0.200547 0.160054 0.966521 0.136457 0 0 0 1 
1807261650232;0.725754;0.691268;0.964752 -0.11708 -0.235683 -0.381196 0.150735 0.979961 0.130213 -0.653236 0.215714 -0.161148 0.963067 -0.733923 0 0 0 1 
1807261650233;0.807473;0.77924;0.995729 0.0120203 0.0915389 0.0120736 -0.020687 0.995326 0.0943257 0.0250328 -0.0899773 -0.0958165 0.991324 -0.260344 0 0 0 1 
1807261650234;0.330571;0.27155;0.983539 -0.178456 -0.0283456 -0.642831 0.177305 0.983384 -0.038981 -0.533367 0.0348311 0.0333136 0.998838 0.323398 0 0 0 1 
1807261650235;0.476097;0.29058;0.995534 0.0643835 -0.0690351 0.0846887 -0.0497299 0.979306 0.19618 -0.37435 0.0802372 -0.191871 0.978135 -0.24793 0 0 0 1 
1807261650236;0.451212;0.501149;0.914825 -0.0503432 -0.4007 -0.163908 0.0150427 0.995759 -0.0907616 -0.206763 0.40357 0.0770033 0.911703 -0.0613165 0 0 0 1 
1807261650237;0.797582;0.299442;0.948133 -0.0101409 0.317712 -0.324641 -0.0423068 0.986573 0.157744 -0.309326 -0.315046 -0.163004 0.934974 -0.648153 0 0 0 1 
1807261650238;1.08583;1.08175;0.992855 0.09544 -0.0716278 -0.237147 -0.0953857 0.995432 0.00418601 -0.605136 0.0717001 0.00267617 0.997423 0.804045 0 0 0 1 
1807261650239;1.02135;0.690466;0.948101 0.259223 0.184141 0.431695 -0.221498 0.953919 -0.20243 -0.0554877 -0.22813 0.151137 0.961829 0.0668242 0 0 0 1 
1807261650240;0.859825;0.32605;0.997108 -0.0753654 0.0097723 -0.442157 0.0754103 0.997143 -0.00431761 -0.168588 -0.00941899 0.00504206 0.999943 0.732797 0 0 0 1 
1807261650241;0.991567;0.874154;0.996071 0.00382628 0.0884709 0.00177776 -0.0293796 0.956758 0.289399 -0.311697 -0.0835379 -0.290861 0.953111 -0.59374 0 0 0 1 
1807261650242;0.558163;0.43132;0.981438 0.0354678 -0.188472 0.192515 -0.0149201 0.993892 0.109343 -0.077902 0.191199 -0.104501 0.975973 -0.818105 0 0 0 1 
1807261650243;0.371812;0.432982;0.990629 0.094289 0.0988119 0.115464 -0.127892 0.894298 0.428806 -0.439572 -0.0479356 -0.437425 0.897976 -1.12984 0 0 0 1 
1807261650244;0.711238;0.17166;0.989696 -0.141292 -0.0231821 -0.570955 0.13614 0.978757 -0.153299 -0.561597 0.0443496 0.148563 0.987908 -0.19212 0 0 0 1 
1807261650245;0.732714;0.44368;0.990439 -0.0587542 -0.124816 -0.146536 0.0290991 0.973391 -0.227294 0.0162652 0.134849 0.221489 0.965794 0.146811 0 0 0 1 
1807261650246;1.2033;0.91493;0.98197 0.119106 0.146795 -0.083798 -0.128615 0.990052 0.0570496 -0.302324 -0.13854 -0.074901 0.98752 0.928929 0 0 0 1 
1807261650248;0.419559;0.899365;0.999828 0.00283368 0.0183523 -0.924368 -0.00241573 0.999738 -0.0227559 -0.512035 -0.0184119 0.0227076 0.999573 0.103196 0 0 0 1 
1807261650249;0.496114;1.06172;0.993954 0.107637 -0.0216503 -1.02155 -0.109431 0.987222 -0.115836 -0.606281 0.00890534 0.117505 0.993032 0.719297 0 0 0 1 
1807261650250;0.34812;1.04237;0.995584 0.0627898 -0.069785 -0.773994 -0.072597 0.986276 -0.148289 -0.249593 0.0595163 0.1527 0.986479 0.828569 0 0 0 1 
1807261650251;0.451728;0.936953;0.935665 0.341959 -0.0871497 0.143355 -0.349773 0.931425 -0.100526 -0.240874 0.0467976 0.124541 0.99111 0.708393 0 0 0 1 
1807261650252;0.33029;0.964723;0.902943 -0.244483 -0.353442 -2.08634 0.161264 0.955072 -0.248659 -0.277037 0.398356 0.167528 0.901802 0.865401 0 0 0 1 
1807261650253;0.249687;1.06461;0.995955 -0.0754776 0.0487471 -1.67839 0.0764847 0.996887 -0.0191334 -0.138022 -0.0471512 0.0227844 0.998628 -0.204943 0 0 0 1 
1807261650254;0.24129;0.99788;0.989656 0.132174 0.0557784 -0.845464 -0.119427 0.974463 -0.190153 -0.0936923 -0.0794872 0.181525 0.980169 0.818582 0 0 0 1 
1807261650255;0.565737;0.902012;0.960456 0.0920339 0.262782 -0.855281 0.018154 0.921084 -0.388942 -0.627591 -0.27784 0.378332 0.882989 2.08653 0 0 0 1 
1807261650256;0.73595;0.938138;0.887034 0.213142 0.409562 -0.491764 -0.265527 0.961192 0.074864 0.0620877 -0.377711 -0.175157 0.909205 -1.37231 0 0 0 1 
1807261650257;0.0754684;0.823402;0.999965 0.00811105 -0.001854 -0.988486 -0.00808709 0.999888 0.012587 -0.0958372 0.00195589 -0.0125716 0.999919 -0.0893377 0 0 0 1 
1807261650258;0.796962;0.920108;0.994342 0.106163 -0.00376744 -0.284329 -0.105823 0.993012 0.0522273 0.750218 0.00928571 -0.0515331 0.998628 -0.0168894 0 0 0 1 
1807261650259;0.200045;0.80016;0.999966 0.00144209 0.00816549 -0.918852 -0.0016663 0.99962 0.0275187 0.114196 -0.0081227 -0.0275313 0.999588 -0.0532796 0 0 0 1 
1807261650260;0.602384;0.931035;0.970429 -0.15934 -0.181324 -1.86746 0.20321 0.944694 0.257407 -0.270052 0.130281 -0.286642 0.949138 -0.51059 0 0 0 1 
