#;prob_registration_l1 -r /home/probabilistic_point_clouds_registration/build/tester /home/point_clouds_registration_benchmark//devel/registration_pairs/pioneer_slam3_local.txt /home/point_clouds_registration_benchmark//tum/pioneer_slam3 -s 0.1 -t 0.1 -p 0.3 -r 1000 -m 1 -i 40 
id;initial_error;final_error;transformation
39885980090000;0.518509;0.178357;0.99495 0.00809291 -0.100047 0.033938 0.00486813 0.991681 0.128631 -0.0390972 0.100256 -0.128468 0.986633 -0.408747 0 0 0 1 
39885980090001;1.1366;0.854395;0.996701 -0.060842 -0.0537069 0.162947 0.0627541 0.997427 0.0346641 -0.555348 0.0514596 -0.0379201 0.997955 0.287376 0 0 0 1 
39885980090002;0.639436;0.623646;0.999754 0.00285356 0.0219771 0.000844924 0.00161184 0.979687 -0.200528 0.0143406 -0.0221029 0.200514 0.979441 -0.106066 0 0 0 1 
39885980090003;0.346141;0.195181;0.955957 -0.0546211 -0.288381 0.0837049 -0.0329858 0.956313 -0.290476 0.0584108 0.291649 0.287195 0.912392 -0.826174 0 0 0 1 
39885980090004;1.0895;0.779752;0.968702 -0.0250819 -0.246956 0.198904 -0.0286553 0.976931 -0.211623 0.35844 0.246567 0.212077 0.945636 -1.11946 0 0 0 1 
39885980090005;0.90722;0.779647;0.999856 0.00212778 -0.0168153 0.00805354 -0.00327012 0.997666 -0.0682022 0.0425263 0.0166309 0.0682474 0.99753 -0.44262 0 0 0 1 
39885980090006;0.367469;0.18322;0.978426 -0.00873929 -0.206413 0.093253 -0.0377382 0.974735 -0.220154 0.166321 0.203122 0.223194 0.953376 -0.978661 0 0 0 1 
39885980090007;0.500039;0.382998;0.999759 -0.0219335 -0.000550185 0.0211347 0.0205218 0.943693 -0.330185 0.0106342 0.00776133 0.330094 0.943916 -0.35534 0 0 0 1 
39885980090008;1.30544;0.991939;0.98556 -0.00226934 -0.169309 0.125457 -0.00963255 0.997539 -0.0694425 0.0708207 0.16905 0.0700707 0.983114 -1.06808 0 0 0 1 
39885980090009;1.07285;1.07508;0.999581 0.00771783 -0.0278919 -0.0104919 -0.00780609 0.999965 -0.00305684 0.0321765 0.0278673 0.00327329 0.999606 -0.0145337 0 0 0 1 
39885980090010;0.993349;0.861341;0.999882 0.0132488 -0.00771445 -0.0154072 -0.0136874 0.998111 -0.0598884 0.022672 0.00690643 0.059987 0.998175 0.301169 0 0 0 1 
39885980090011;1.19076;0.840109;0.997424 -0.0155638 0.0700216 -0.121771 0.0326575 0.967668 -0.250106 0.0809705 -0.063865 0.251748 0.965683 -0.590056 0 0 0 1 
39885980090012;1.08018;0.35534;0.986383 0.13205 -0.0980366 0.132175 -0.142946 0.983144 -0.11399 0.144253 0.0813317 0.126452 0.988633 -0.976645 0 0 0 1 
39885980090013;0.734434;0.338453;0.999673 -0.0062195 -0.0248053 -0.00498661 0.00034368 0.973155 -0.230151 -0.085537 0.0255708 0.230067 0.972839 0.156261 0 0 0 1 
39885980090014;1.32795;0.921265;0.925829 0.0290801 -0.376822 0.308716 0.0462013 0.98085 0.189208 -0.133388 0.375108 -0.192584 0.906755 -1.14631 0 0 0 1 
39885980090015;0.724355;0.0728425;0.999728 0.00404779 0.0229589 -0.0177444 -0.00407084 0.999991 0.000957295 0.0200136 -0.0229548 -0.0010505 0.999736 -0.490998 0 0 0 1 
39885980090016;0.348273;0.0503397;0.980755 0.0142608 -0.194723 0.0411473 0.0279545 0.976797 0.212334 -0.0584232 0.193233 -0.213691 0.9576 -0.380836 0 0 0 1 
39885980090017;0.847163;0.573791;0.997701 -0.011566 -0.0667774 0.0580184 -0.0022104 0.979252 -0.202634 0.134337 0.0677356 0.202316 0.976975 -0.84274 0 0 0 1 
39885980090018;0.98085;0.71534;0.988075 -0.00273595 -0.153946 -0.0507271 -0.0233201 0.985648 -0.167193 -1.80909e-05 0.152194 0.168789 0.973831 -0.0161638 0 0 0 1 
39885980090019;1.01873;0.416787;0.997466 0.0579528 0.0412704 -0.177044 -0.0601699 0.99669 0.0546745 -0.190914 -0.0379652 -0.0570192 0.997651 0.778018 0 0 0 1 
39885980090020;0.349842;0.168147;0.976589 0.11932 0.178987 -0.152225 -0.0881836 0.980997 -0.172823 0.353322 -0.196207 0.152993 0.968554 0.3412 0 0 0 1 
39885980090021;0.142777;0.0744515;0.977553 -0.0061198 -0.210601 0.023991 -0.0137518 0.995593 -0.0927631 0.0282979 0.21024 0.093577 0.973161 -0.552583 0 0 0 1 
39885980090022;0.343863;0.173725;0.990834 0.0157422 0.134166 0.00462585 -0.0107135 0.999216 -0.0381215 0.0374085 -0.134661 0.0363347 0.990225 0.465805 0 0 0 1 
39885980090023;0.973502;0.942408;0.949987 0.044951 -0.309037 0.0719749 0.0187692 0.979579 0.200182 -0.00617327 0.311724 -0.195971 0.929744 -0.565707 0 0 0 1 
39885980090024;1.13358;0.134977;0.99893 0.0317174 0.0336675 -0.0727554 -0.0302615 0.998621 -0.042907 -0.0979632 -0.0349819 0.0418422 0.998512 -0.818379 0 0 0 1 
39885980090025;0.64818;0.504958;0.99967 -0.00749117 -0.0245515 0.0013893 0.00581663 0.997697 -0.0675805 -0.0457065 0.0250012 0.0674154 0.997412 0.103534 0 0 0 1 
39885980090026;1.25567;0.401838;0.992671 -0.00945567 0.120477 0.12171 -0.00767811 0.989985 0.140963 0.148981 -0.120603 -0.140855 0.982657 1.4009 0 0 0 1 
39885980090027;0.709211;0.447244;0.999205 0.00520483 0.0395139 0.0122068 -0.00481974 0.99994 -0.00983459 0.0206449 -0.0395628 0.00963633 0.999171 0.516699 0 0 0 1 
39885980090028;1.02062;0.710691;0.999919 0.00606637 0.0111488 0.00456567 -0.00611892 0.99997 0.00468529 0.0309442 -0.0111201 -0.00475313 0.999927 0.583268 0 0 0 1 
39885980090029;0.737875;0.210459;0.979889 0.179108 -0.0879635 -0.126834 -0.160473 0.969337 0.186103 0.369056 0.118599 -0.168245 0.978585 0.405857 0 0 0 1 
39885980090031;0.500388;0.363194;0.958144 -0.0128079 -0.286 0.495447 0.0319969 0.997531 0.0625224 0.275854 0.284493 -0.0690565 0.956188 -1.49385 0 0 0 1 
39885980090032;0.490152;0.68548;0.934315 -0.342436 -0.0989559 0.275217 0.341513 0.939499 -0.0266585 -0.59438 0.102098 -0.00888724 0.994735 -0.317382 0 0 0 1 
39885980090033;0.259006;0.509039;0.93384 -0.283381 -0.218264 0.362741 0.285316 0.958151 -0.023282 -0.366076 0.215727 -0.0405326 0.975612 -0.726998 0 0 0 1 
39885980090034;0.13399;0.452541;0.994425 -0.0844211 -0.0631772 0.338183 0.0773599 0.991255 -0.106909 0.0960111 0.0716501 0.101425 0.99226 -0.149432 0 0 0 1 
39885980090035;0.310003;0.408474;0.991108 -0.126587 -0.0410027 0.312725 0.110464 0.954545 -0.276841 0.0222811 0.0741835 0.26985 0.96004 0.279087 0 0 0 1 
39885980090036;0.791909;0.357217;0.896204 -0.0242801 -0.442977 1.62293 0.0946752 0.985967 0.137499 -0.19335 0.433422 -0.165166 0.885926 -1.92547 0 0 0 1 
39885980090037;0.326129;0.415769;0.999403 -0.0339918 -0.00625898 0.0320691 0.0333221 0.995677 -0.0867028 0.127409 0.00917911 0.0864424 0.996215 0.314996 0 0 0 1 
39885980090038;0.582863;0.586907;0.999817 -0.00669079 -0.0179296 0.0128401 0.0053077 0.997086 -0.0761067 -0.00537676 0.0183866 0.0759976 0.996938 -0.0877421 0 0 0 1 
39885980090039;0.172583;0.32334;0.998011 -0.0546235 -0.0314791 0.0775798 0.0522467 0.99604 -0.0719324 0.154733 0.0352836 0.0701447 0.996913 0.133691 0 0 0 1 
39885980090040;0.259945;0.414296;0.996864 -0.0335842 0.0716518 0.440876 0.0224608 0.988317 0.150749 0.483334 -0.0758775 -0.148667 0.985972 -0.0659022 0 0 0 1 
39885980090041;0.477445;0.639255;0.977201 -0.19724 0.0785751 0.2784 0.198944 0.979905 -0.0144041 -0.538766 -0.0741551 0.0297077 0.996804 -0.0220042 0 0 0 1 
39885980090042;0.418217;0.405032;0.99913 -0.0310743 0.027826 0.254328 0.0314978 0.999393 -0.0149145 0.514837 -0.0273456 0.015778 0.999502 0.36428 0 0 0 1 
39885980090043;0.341309;0.556345;0.97607 -0.178919 -0.123597 0.40493 0.201252 0.958537 0.201755 -0.406365 0.0823746 -0.221801 0.971606 -0.669746 0 0 0 1 
39885980090044;0.352045;0.330035;0.925491 -0.220746 0.307793 -0.00306729 0.164221 0.966121 0.199102 -0.33085 -0.341317 -0.133721 0.930388 0.494954 0 0 0 1 
39885980090045;0.207777;0.466831;0.974147 -0.122196 0.190017 0.263487 0.129434 0.991244 -0.0261119 -0.0147923 -0.185163 0.0500316 0.981433 0.610699 0 0 0 1 
39885980090046;0.379302;0.411606;0.944226 -0.0598782 0.323808 0.212824 0.132709 0.969134 -0.207768 -0.0891662 -0.301372 0.239152 0.923028 1.01634 0 0 0 1 
39885980090047;0.227046;0.340609;0.97485 0.0135635 0.22245 0.448362 -0.0211742 0.999268 0.0318639 0.268204 -0.221855 -0.0357728 0.974423 0.27352 0 0 0 1 
39885980090048;0.266999;0.393678;0.990945 0.0241234 0.132083 0.617348 0.00832168 0.970802 -0.239739 0.309167 -0.134009 0.238667 0.961811 1.05399 0 0 0 1 
39885980090049;0.523967;0.34259;0.954289 -0.0383462 0.296415 0.670665 -0.0246848 0.978236 0.206022 0.270025 -0.297864 -0.203922 0.932573 1.06096 0 0 0 1 
39885980090050;0.207409;0.592786;0.998639 -0.0501507 -0.0143452 0.555319 0.0494585 0.997757 -0.0451051 0.0727997 0.016575 0.0443342 0.998879 0.0682596 0 0 0 1 
39885980090051;0.499446;0.351162;0.995405 0.0247129 0.0925063 0.717854 -0.00600231 0.980324 -0.197305 0.598669 -0.0955622 0.195843 0.975968 0.03726 0 0 0 1 
39885980090052;0.316512;0.349079;0.994281 0.0183471 0.105206 0.207604 0.00414007 0.977769 -0.209643 0.438739 -0.106713 0.208879 0.972102 0.371243 0 0 0 1 
39885980090053;0.450592;0.356851;0.990262 -0.136225 0.0287164 0.100333 0.138468 0.985133 -0.101681 0.0861833 -0.0144379 0.104667 0.994402 -0.394219 0 0 0 1 
39885980090054;0.48513;0.598719;0.968638 -0.24247 -0.0543045 0.253149 0.247152 0.917638 0.311217 -0.432082 -0.025629 -0.314878 0.948786 -0.60393 0 0 0 1 
39885980090055;0.127893;0.352064;0.984342 -0.171703 -0.0398719 0.20166 0.166352 0.97968 -0.112043 -0.150961 0.0583 0.103656 0.992903 0.0984974 0 0 0 1 
39885980090056;0.526201;0.637383;0.951825 -0.306636 -0.00192296 0.471422 0.305208 0.94675 0.102529 -0.280655 -0.0296185 -0.0981766 0.994728 0.489978 0 0 0 1 
39885980090057;0.593626;0.400895;0.967021 -0.0324492 -0.252622 1.04521 0.106837 0.952052 0.286676 -0.0301527 0.231207 -0.304211 0.924121 -0.736428 0 0 0 1 
39885980090058;0.12749;0.335343;0.982436 -0.0216768 -0.185339 0.373509 0.00531009 0.996075 -0.0883513 0.279791 0.186527 0.0858152 0.978695 -0.338456 0 0 0 1 
39885980090059;0.597495;0.390657;0.929093 -0.148148 -0.338878 0.184853 0.0550482 0.961454 -0.269398 -0.0425596 0.365726 0.231641 0.901436 0.229104 0 0 0 1 
39885980090060;0.466612;0.401855;0.958395 -0.283899 0.0296764 0.0761169 0.281524 0.922931 -0.262569 -0.370526 0.0471538 0.259999 0.964457 0.83452 0 0 0 1 
39885980090062;0.722072;0.66892;0.988559 0.00581189 -0.150724 0.000137208 -0.000949077 0.999477 0.0323149 0.0222197 0.150833 -0.0318022 0.988048 -0.283074 0 0 0 1 
39885980090063;0.21414;0.0392059;0.998126 0.0270776 0.0548772 -0.0332763 -0.00337561 0.919772 -0.392438 0.177427 -0.0611008 0.391518 0.91814 -0.325309 0 0 0 1 
39885980090064;0.937509;0.681421;0.999659 0.00936881 0.0243566 -0.0314894 -0.00460346 0.982006 -0.188793 0.0399054 -0.0256871 0.188616 0.981715 -0.702822 0 0 0 1 
39885980090065;0.614008;0.365609;0.942252 0.105728 0.317779 -0.165884 -0.011781 0.958737 -0.284049 0.183055 -0.334698 0.263902 0.904617 0.468455 0 0 0 1 
39885980090066;0.857809;0.350848;0.998959 -0.00269622 0.0455481 0.0303015 0.00709281 0.995294 -0.0966427 -0.10004 -0.0450731 0.0968651 0.994276 0.597496 0 0 0 1 
39885980090067;0.711929;0.679457;0.993526 -0.0076973 -0.113345 0.0427262 -0.0074547 0.991135 -0.132653 0.0416301 0.113361 0.132639 0.98466 -0.586892 0 0 0 1 
39885980090068;0.589386;0.1671;0.999994 0.00254001 0.00241628 -0.00271597 -0.00255151 0.999985 0.00476964 0.0125021 -0.00240413 -0.00477578 0.999986 0.49336 0 0 0 1 
39885980090069;0.410197;0.240153;0.998974 -0.000851959 -0.0452823 0.0179852 0.00175244 0.999801 0.0198499 -0.0112652 0.0452564 -0.0199089 0.998777 -0.356702 0 0 0 1 
39885980090070;0.483885;0.194077;0.937834 0.055088 0.342686 -0.0308841 -0.067549 0.997414 0.0245246 0.164808 -0.340448 -0.0461481 0.93913 1.11284 0 0 0 1 
39885980090071;0.64931;0.609935;0.976053 -0.0368697 -0.214385 0.0909613 -0.0378473 0.941718 -0.334267 0.169836 0.214214 0.334377 0.917772 -0.826629 0 0 0 1 
39885980090072;0.398606;0.390173;0.999251 -0.00237322 0.0386141 0.00424316 -0.00603912 0.976312 0.216284 0.0409261 -0.0382126 -0.216355 0.975567 0.375073 0 0 0 1 
39885980090073;0.928997;0.796471;0.957419 0.0434954 -0.285407 0.0180492 -0.0387473 0.999001 0.0222648 0.188938 0.28609 -0.010258 0.958148 -0.441772 0 0 0 1 
39885980090074;0.42064;0.246117;0.912698 -0.00177392 0.408631 0.158001 0.0341358 0.996826 -0.0719167 -0.0897145 -0.407206 0.0795872 0.909862 1.04812 0 0 0 1 
39885980090075;0.428471;0.249394;0.949275 0.0336304 0.312644 -0.0098396 -0.0907039 0.981287 0.169848 0.263979 -0.301081 -0.18959 0.934562 1.1703 0 0 0 1 
39885980090076;0.878954;0.684168;0.994097 -0.00213881 0.108473 0.0474787 0.0020905 0.999998 0.000559039 -0.01064 -0.108474 -0.000328975 0.994099 0.681109 0 0 0 1 
39885980090077;0.395145;0.351466;0.989519 0.142483 -0.0234687 -0.104382 -0.144274 0.968648 -0.202252 0.290542 -0.00608457 0.203518 0.979052 -0.221149 0 0 0 1 
39885980090078;1.1758;0.307215;0.999433 -0.0232841 0.0243066 -0.000337757 0.0245466 0.998293 -0.0530032 -0.226482 -0.023031 0.0535698 0.998298 -0.970085 0 0 0 1 
39885980090079;1.02505;0.846454;0.96467 -0.0311639 -0.26161 -0.0183071 -0.0381797 0.965961 -0.255854 0.0258691 0.260678 0.256803 0.930644 -0.495607 0 0 0 1 
39885980090080;0.475546;0.119258;0.99998 2.73769e-05 -0.00624693 0.00727374 -0.000141185 0.999834 -0.0182185 0.00752952 0.00624539 0.0182191 0.999815 -0.422563 0 0 0 1 
39885980090081;0.321616;0.142287;0.945146 -0.000172828 0.32665 0.0850956 0.00837021 0.999684 -0.0236899 -0.0232224 -0.326542 0.0251245 0.944849 0.952178 0 0 0 1 
39885980090082;1.0641;0.560834;0.972961 0.00446007 0.230926 -0.235174 -0.0126485 0.999342 0.0339909 -0.180548 -0.230623 -0.0359927 0.972377 -0.0098751 0 0 0 1 
39885980090083;0.893927;0.291988;0.941272 0.0514764 0.333701 -0.235017 -0.159613 0.938748 0.30541 0.260923 -0.29754 -0.340737 0.891834 0.777014 0 0 0 1 
39885980090084;0.543877;0.514443;0.996296 -0.0121598 -0.0851213 0.0186394 -0.00160869 0.987141 -0.159844 -0.358983 0.0859704 0.159389 0.983465 -0.333162 0 0 0 1 
39885980090085;0.738131;0.726698;0.883861 0.0446144 0.465616 0.0362255 -0.0685522 0.997048 0.034595 0.0329633 -0.462698 -0.0624962 0.88431 0.96789 0 0 0 1 
39885980090086;0.60161;0.0654089;0.999975 0.00205958 0.00673616 0.000404296 -0.00235899 0.998996 0.0447467 0.0273289 -0.00663724 -0.0447615 0.998976 0.586737 0 0 0 1 
39885980090087;0.217577;0.184686;0.999521 -0.003652 -0.030741 0.00804748 0.00425402 0.9998 0.0195412 -0.0245784 0.0306635 -0.0196626 0.999336 -0.131006 0 0 0 1 
39885980090088;0.201974;0.126488;0.999178 -0.00784389 0.0397605 0.00308114 0.0166704 0.973795 -0.226816 0.0103952 -0.0369394 0.227293 0.973126 -0.244697 0 0 0 1 
39885980090089;0.645809;0.245948;0.913907 0.00861917 -0.405832 0.288029 0.0265024 0.996374 0.0808429 -0.100984 0.405058 -0.0846385 0.910365 -1.32598 0 0 0 1 
39885980090090;0.450371;0.308513;0.963113 0.0498521 0.264441 -0.00781348 -0.0650962 0.996666 0.0491949 0.136818 -0.261106 -0.0645943 0.963146 0.932086 0 0 0 1 
39885980090091;0.498519;0.265077;0.996841 0.0138023 -0.0782114 -0.0382032 -0.00573684 0.994724 0.102424 -0.129826 0.0792125 -0.101652 0.991661 0.306147 0 0 0 1 
39885980090093;0.227552;0.132495;0.98122 -0.00896388 0.192685 -0.0597376 -0.00260071 0.998214 0.0596816 0.106963 -0.192876 -0.0590618 0.979444 0.491937 0 0 0 1 
39885980090094;0.336698;0.338511;0.982797 -0.126157 0.134886 0.499637 0.130184 0.991258 -0.0214254 0.0885231 -0.131003 0.0386167 0.99063 -0.103 0 0 0 1 
39885980090095;0.148785;0.109171;0.986651 -0.00984955 -0.162549 0.015377 0.00165514 0.998724 -0.0504705 0.0926773 0.162839 0.0495277 0.985409 -0.151895 0 0 0 1 
39885980090096;0.662123;0.421828;0.972291 0.123667 -0.198384 -0.2319 -0.0624452 0.955175 0.28938 0.16015 0.225278 -0.268973 0.936431 0.192175 0 0 0 1 
39885980090097;0.657715;0.479662;0.967395 0.0656895 0.244606 -0.421523 -0.0838077 0.994398 0.0644042 -0.304677 -0.239005 -0.0828042 0.967481 0.31221 0 0 0 1 
39885980090098;0.630821;0.154927;0.999991 0.00418375 -0.00039358 -0.119285 -0.00410087 0.951138 -0.30874 -0.128937 -0.000917343 0.308739 0.951146 -0.27115 0 0 0 1 
39885980090099;0.628543;0.363007;0.947971 -0.146664 0.282562 0.547467 0.153048 0.988219 -0.000528266 0.73675 -0.279155 0.0437464 0.959249 0.546405 0 0 0 1 
39885980090100;0.425699;0.313451;0.961359 0.224357 0.159538 -1.15406 -0.198621 0.966534 -0.162362 0.555659 -0.190626 0.124401 0.973748 -0.54259 0 0 0 1 
39885980090101;0.696606;0.549255;0.999692 0.00869772 -0.0232242 -0.046774 -0.00397751 0.98059 0.196028 0.00176906 0.0244785 -0.195876 0.980323 1.09304 0 0 0 1 
39885980090102;0.122477;0.0960323;0.999981 0.00538952 0.00282879 -0.0313591 -0.00543805 0.999833 0.0174402 0.018966 -0.00273432 -0.0174553 0.999844 0.125064 0 0 0 1 
39885980090103;0.717527;0.0681045;0.916646 0.347966 0.196671 -1.95236 -0.334757 0.937202 -0.0979309 0.209031 -0.218397 0.023931 0.975567 0.262097 0 0 0 1 
39885980090104;0.685443;0.547055;0.972451 0.232778 0.0124015 -1.12224 -0.233107 0.971236 0.0485903 -0.282505 -0.000734061 -0.0501426 0.998742 -0.026707 0 0 0 1 
39885980090105;0.47354;0.411599;0.979131 0.201482 0.0265978 -1.01289 -0.202155 0.979018 0.0256406 -0.0638107 -0.0208736 -0.0304824 0.999317 0.164598 0 0 0 1 
39885980090106;0.459683;0.152791;0.954912 0.147428 -0.257698 -0.484849 -0.120144 0.985637 0.118678 0.223483 0.271493 -0.0823663 0.958909 -0.442329 0 0 0 1 
39885980090107;0.891834;0.770967;0.969054 -0.229963 0.0897281 0.777868 0.228614 0.973192 0.0251754 -0.148708 -0.093112 -0.00388328 0.995648 0.162234 0 0 0 1 
39885980090108;0.424446;0.228638;0.89537 -0.169635 0.411748 0.429418 0.123715 0.982962 0.135944 0.186933 -0.427794 -0.0707812 0.901101 0.523477 0 0 0 1 
39885980090109;0.495711;0.189066;0.96515 0.26159 -0.00742884 -1.20404 -0.260752 0.963691 0.0575196 0.638502 0.0222057 -0.053578 0.998317 0.389459 0 0 0 1 
39885980090110;0.968235;0.560336;0.898538 0.370536 0.235229 -1.71173 -0.414338 0.892906 0.176189 0.938302 -0.144753 -0.255777 0.955837 1.97819 0 0 0 1 
39885980090111;0.425117;0.0755695;0.999708 0.0158181 0.018283 -0.150684 -0.0164432 0.999267 0.0345596 0.0776647 -0.0177229 -0.0348502 0.999235 0.676969 0 0 0 1 
39885980090112;0.465914;0.428648;0.912977 0.404321 -0.0547556 -1.87807 -0.404232 0.878113 -0.255957 0.914226 -0.055407 0.255817 0.965136 -0.911412 0 0 0 1 
39885980090113;0.34947;0.0777824;0.994291 0.102152 0.030842 -0.505661 -0.106316 0.923652 0.36819 0.510486 0.00912428 -0.369367 0.929239 1.55343 0 0 0 1 
39885980090114;0.0961654;0.046748;0.997276 0.0550021 -0.0491379 -0.259526 -0.0544515 0.998438 0.0124746 0.0966829 0.0497473 -0.00976504 0.998714 -0.102527 0 0 0 1 
39885980090115;0.726185;0.392375;0.985596 -0.075352 -0.151402 0.07146 0.070775 0.996864 -0.0354031 0.381122 0.153595 0.0241777 0.987838 0.738973 0 0 0 1 
39885980090116;0.788969;0.624092;0.97198 -0.232913 -0.0317137 0.813166 0.230146 0.970399 -0.0732008 0.633244 0.0478243 0.0638509 0.996813 0.538702 0 0 0 1 
39885980090117;0.478045;0.158265;0.996946 0.00943409 0.077521 -0.0964828 -0.0119382 0.99942 0.0319025 0.0413272 -0.077175 -0.0327305 0.99648 0.7691 0 0 0 1 
39885980090118;0.326438;0.361151;0.995111 -0.096354 0.0216687 0.372178 0.095777 0.995057 0.0262539 0.229039 -0.0240912 -0.0240502 0.99942 0.307068 0 0 0 1 
39885980090119;0.735474;0.355536;0.981699 -0.103283 0.159997 0.386024 0.108094 0.993905 -0.0216405 0.0450978 -0.156787 0.0385391 0.98688 0.820741 0 0 0 1 
39885980090120;0.723848;0.161291;0.992278 -0.0282829 0.120766 -0.000904093 0.038042 0.996126 -0.0792844 0.524542 -0.118056 0.0832663 0.98951 0.55077 0 0 0 1 
39885980090121;0.394688;0.287129;0.998507 0.0509444 -0.0196894 -0.26641 -0.0531152 0.989713 -0.132845 -0.113094 0.0127191 0.133693 0.990941 -0.188135 0 0 0 1 
39885980090122;0.722168;0.282993;0.988832 0.143407 0.0405632 -0.743821 -0.142702 0.989568 -0.019789 0.156351 -0.0429779 0.0137796 0.998981 0.90335 0 0 0 1 
39885980090124;0.340489;0.0390137;0.997555 0.0679958 0.0161552 0.198054 -0.0679102 0.997675 -0.00578589 -0.549355 -0.016511 0.00467464 0.999853 -0.37805 0 0 0 1 
39885980090125;0.370091;0.051396;0.932404 0.0228256 0.360697 -0.291646 -0.0566433 0.9949 0.0834638 -0.289476 -0.356953 -0.0982531 0.928941 -1.01061 0 0 0 1 
39885980090126;0.34208;0.0317653;0.903833 0.231861 0.359621 0.588708 -0.244109 0.969678 -0.0116697 -0.494398 -0.351422 -0.0772391 0.933026 -0.583282 0 0 0 1 
39885980090127;0.0863411;0.0669372;0.999791 -0.00394121 -0.0200611 -0.00966785 0.00399539 0.999988 0.00266157 0.0206897 0.0200504 -0.00274117 0.999795 0.058615 0 0 0 1 
39885980090128;0.358883;0.0461352;0.982428 0.130453 0.133481 0.522578 -0.135279 0.99042 0.0277062 0.0916894 -0.128588 -0.0452765 0.990664 0.265476 0 0 0 1 
39885980090129;0.382249;0.136808;0.966959 0.25492 0.00245105 0.975322 -0.254925 0.966959 0.00202336 -0.597117 -0.00185427 -0.00258134 0.999995 -0.0246227 0 0 0 1 
39885980090130;0.323168;0.0765181;0.984165 0.137842 -0.111436 0.671469 -0.150683 0.981699 -0.116457 -0.0117694 0.0933439 0.131405 0.986924 0.285439 0 0 0 1 
39885980090131;0.505537;0.152531;0.999849 -0.00215692 -0.0172495 -0.30405 0.00117755 0.998397 -0.0565867 -0.671321 0.0173439 0.0565578 0.998249 -0.215747 0 0 0 1 
39885980090132;0.44134;0.30284;0.998442 -0.0389371 -0.039975 -0.307813 0.0342876 0.993223 -0.111047 0.149246 0.044028 0.109503 0.993011 0.824434 0 0 0 1 
39885980090133;0.275576;0.199629;0.999872 -0.00293881 -0.0157351 -0.1214 0.0029494 0.999995 0.000649678 -0.105345 0.0157331 -0.000696004 0.999876 -0.127169 0 0 0 1 
39885980090134;0.264805;0.0870092;0.991965 -0.0639869 0.109136 -0.22771 0.0898576 0.963606 -0.251773 0.0436694 -0.0890539 0.259557 0.961613 0.980702 0 0 0 1 
39885980090135;0.321182;0.178292;0.988138 0.150762 0.0292186 0.449347 -0.145514 0.980019 -0.135602 -0.125764 -0.0490784 0.129742 0.990332 0.71718 0 0 0 1 
39885980090136;0.536598;0.0815051;0.993636 0.0178535 -0.111211 -0.232783 -0.0329488 0.990241 -0.135417 0.136614 0.107708 0.13822 0.984527 1.51137 0 0 0 1 
39885980090137;0.239766;0.0657381;0.999415 -0.00301012 0.0340576 -0.231893 0.00137444 0.998849 0.0479487 0.16544 -0.0341627 -0.0478739 0.998269 -0.620613 0 0 0 1 
39885980090138;0.366462;0.0983234;0.959256 -0.259634 -0.111439 -0.967108 0.250862 0.96412 -0.0868364 0.248549 0.129986 0.0553425 0.98997 0.137437 0 0 0 1 
39885980090139;0.522118;0.182628;0.992247 0.120031 0.0322166 0.068514 -0.121999 0.990173 0.0683685 -0.638264 -0.0236937 -0.0717689 0.99714 0.173504 0 0 0 1 
39885980090140;0.328612;0.019174;0.978426 -0.0319357 -0.204112 -0.144278 0.0159613 0.996712 -0.0794355 0.0455739 0.205978 0.0744639 0.975719 1.07169 0 0 0 1 
39885980090141;0.0802768;0.0556671;0.99993 -0.0115241 -0.00273974 -0.0557632 0.0116071 0.999404 0.0325128 -0.0117776 0.00236342 -0.0325424 0.999468 -0.0642303 0 0 0 1 
39885980090142;0.374391;0.126605;0.951427 0.168333 -0.257781 0.712219 -0.0976388 0.959045 0.265894 -0.41886 0.291982 -0.227809 0.928897 -0.61155 0 0 0 1 
39885980090143;0.228673;0.128381;0.996504 0.070599 -0.0446608 0.22261 -0.0710122 0.997445 -0.00773259 -0.0218154 0.0440008 0.010877 0.998972 -0.141793 0 0 0 1 
39885980090144;0.446317;0.130437;0.959149 0.282775 0.00849669 1.03091 -0.2829 0.958816 0.0252899 -0.611169 -0.00099543 -0.0266605 0.999644 0.241935 0 0 0 1 
39885980090145;0.0431272;0.0288413;0.999973 -0.000531271 0.00729107 -0.00570935 0.000377781 0.999779 0.021037 -0.00299523 -0.00730063 -0.0210337 0.999752 -0.0971544 0 0 0 1 
39885980090146;0.329175;0.0274636;0.995407 -0.0878235 -0.0380972 -0.165313 0.0866235 0.995724 -0.0320849 0.411515 0.0407521 0.0286374 0.998759 0.635157 0 0 0 1 
39885980090147;0.155218;0.0577259;0.999865 0.00553126 0.0154695 -0.0889707 -0.00631482 0.998675 0.0510707 -0.00959219 -0.0151665 -0.0511615 0.998575 0.0377453 0 0 0 1 
39885980090148;0.427209;0.0246852;0.988201 0.142552 0.056021 0.350892 -0.124527 0.960717 -0.248023 -0.465263 -0.0891766 0.238121 0.967133 1.51653 0 0 0 1 
39885980090149;0.211483;0.0400283;0.989893 -0.0942274 0.105984 -0.521904 0.094092 0.995544 0.00628859 0.162919 -0.106104 0.00374719 0.994348 0.105335 0 0 0 1 
39885980090150;0.560906;0.126536;0.949926 0.140723 -0.278995 0.74749 -0.169787 0.981998 -0.0827817 0.480267 0.262324 0.126006 0.956718 0.288517 0 0 0 1 
39885980090151;0.283425;0.0906237;0.965183 0.210284 0.15557 0.644974 -0.16252 0.948112 -0.273261 -0.328878 -0.20496 0.238464 0.949277 0.638042 0 0 0 1 
39885980090152;0.461176;0.107595;0.937219 -0.323698 0.129767 -1.36217 0.318823 0.94608 0.0573099 0.249355 -0.141321 -0.0123391 0.989887 -0.372862 0 0 0 1 
39885980090153;0.364593;0.0989861;0.993244 0.102906 0.0536374 0.190163 -0.106281 0.992248 0.0644113 -0.554609 -0.0465933 -0.0696767 0.996481 -0.710346 0 0 0 1 
39885980090155;0.220386;0.916677;0.998686 -0.0485219 0.0165012 -0.482865 0.0483723 0.998786 0.00934644 0.546026 -0.0169347 -0.00853595 0.99982 0.0875991 0 0 0 1 
39885980090156;0.547565;0.972821;0.956418 -0.0887929 0.278174 -0.116303 0.0509574 0.98878 0.140416 0.451398 -0.287521 -0.120121 0.950212 1.36551 0 0 0 1 
39885980090157;0.178395;0.311989;0.999956 0.00200092 0.00918142 -0.131056 -0.00199222 0.999998 -0.000956593 0.128784 -0.00918331 0.000938259 0.999957 -0.0883677 0 0 0 1 
39885980090158;0.913519;1.02393;0.909408 0.0202966 0.41541 0.422873 -0.0782656 0.989316 0.123001 1.11344 -0.408475 -0.14437 0.90128 2.05135 0 0 0 1 
39885980090159;0.31181;0.334189;0.999773 0.00175535 -0.0212184 -0.233701 -0.0105624 0.906202 -0.422713 0.193069 0.0184861 0.422841 0.906015 -0.181607 0 0 0 1 
39885980090160;0.529179;0.950113;0.996523 0.0823399 -0.0126908 -0.437543 -0.0818724 0.99607 0.0337711 1.17692 0.0154216 -0.0326147 0.999349 0.480497 0 0 0 1 
39885980090161;0.588623;0.978356;0.978339 -0.126871 0.163573 -0.257231 0.103343 0.984003 0.145116 0.55676 -0.179367 -0.125068 0.9758 1.14323 0 0 0 1 
39885980090162;0.825722;1.08711;0.978535 -0.203032 -0.0353319 -0.170014 0.202887 0.979172 -0.00766231 0.35685 0.0361517 0.000329429 0.999346 -0.840735 0 0 0 1 
39885980090163;0.504725;0.380523;0.999986 -0.00469541 0.00252953 -0.118217 0.0045577 0.99864 0.0519417 0.400159 -0.00276997 -0.0519295 0.998647 0.0684139 0 0 0 1 
39885980090164;0.244441;0.294453;0.99669 0.010532 -0.0806096 -0.208596 -0.00025759 0.991977 0.126421 0.0862702 0.0812943 -0.125982 0.988696 -0.419941 0 0 0 1 
39885980090165;0.707584;0.390811;0.999438 0.0272923 0.0194579 -0.55826 -0.0273844 0.999615 0.00447872 0.421111 -0.0193282 -0.00500905 0.999801 -0.603602 0 0 0 1 
39885980090166;0.507941;0.815294;0.982149 0.102301 0.157853 -0.412349 -0.0878337 0.991492 -0.0960694 1.33509 -0.166338 0.0804896 0.982778 0.80431 0 0 0 1 
39885980090167;0.79424;1.08457;0.985811 -0.158978 -0.0538781 -0.393723 0.154557 0.984887 -0.0781616 0.609507 0.0654898 0.0687254 0.995484 0.496976 0 0 0 1 
39885980090168;0.994365;0.626214;0.995988 0.088359 -0.0141712 0.328979 -0.0890426 0.994307 -0.0585228 1.25125 0.00891955 0.0595499 0.998185 0.716915 0 0 0 1 
39885980090169;0.602224;0.475278;0.979343 0.13282 -0.152467 -0.439202 -0.144863 0.986919 -0.0707567 1.35286 0.141074 0.0913818 0.985772 -0.683098 0 0 0 1 
39885980090170;0.878287;1.2445;0.980892 -0.0775936 -0.178412 -0.29968 0.114507 0.971622 0.206976 0.683679 0.157289 -0.22345 0.961941 0.397842 0 0 0 1 
39885980090171;0.174618;0.325547;0.994175 -0.0017365 -0.107764 -0.200872 0.00362731 0.999843 0.0173523 0.225762 0.107717 -0.0176422 0.994025 -0.411 0 0 0 1 
39885980090172;0.809772;0.947304;0.993506 0.113761 0.00208847 -0.798038 -0.113779 0.993404 0.0142345 1.43559 -0.000455369 -0.0143797 0.999897 0.749944 0 0 0 1 
39885980090173;0.12527;0.454767;0.997746 -0.0606761 -0.0286423 -0.377813 0.0574352 0.993031 -0.102908 0.0815469 0.0346868 0.101031 0.994278 -0.147742 0 0 0 1 
39885980090174;1.08358;1.0614;0.954916 0.0934891 0.281773 -0.204007 -0.106901 0.993736 0.0325721 1.5403 -0.276963 -0.0612255 0.958928 1.83509 0 0 0 1 
39885980090175;0.382051;0.416245;0.999806 0.0178005 0.00848782 -0.43219 -0.0178475 0.999826 0.00548932 0.170538 -0.00838863 -0.00563974 0.999949 0.435034 0 0 0 1 
39885980090176;1.01834;1.26362;0.943471 -0.117532 0.309918 -0.617407 0.125775 0.992036 -0.00667578 0.265702 -0.306665 0.0452783 0.95074 1.4854 0 0 0 1 
39885980090177;0.304463;0.392717;0.998192 -0.0419951 0.043003 -0.180625 0.0407064 0.998708 0.0304164 -0.0327746 -0.0442248 -0.0286109 0.998612 -0.0713806 0 0 0 1 
39885980090178;0.543046;0.686145;0.994742 0.00319671 0.102361 -0.696908 0.0016638 0.998876 -0.0473636 0.421582 -0.102397 0.0472849 0.993619 0.715594 0 0 0 1 
39885980090179;0.361753;0.385109;0.989795 0.00920078 -0.142202 -0.359411 -0.0144905 0.999239 -0.036208 0.247475 0.141761 0.037899 0.989175 -0.117653 0 0 0 1 
39885980090180;0.25283;0.989058;0.998495 -0.0408596 -0.0365753 -0.496201 0.0423843 0.998221 0.0419302 0.746567 0.034797 -0.0434173 0.998451 0.0953185 0 0 0 1 
39885980090181;0.881259;1.28949;0.981567 0.032667 -0.188304 -0.0700642 -0.0102859 0.992885 0.118628 0.667362 0.19084 -0.114505 0.97492 -0.0480982 0 0 0 1 
39885980090182;0.669254;0.407217;0.999651 0.0256184 0.00643403 -0.0452656 -0.0257867 0.999286 0.0275989 0.0993078 -0.0057224 -0.0277552 0.999598 -0.540768 0 0 0 1 
39885980090183;0.198594;1.06207;0.963868 0.0898333 0.250774 -0.285419 -0.0979911 0.994982 0.0202093 1.345 -0.2477 -0.0440528 0.967835 0.905613 0 0 0 1 
39885980090184;0.838159;0.378642;0.999715 0.0229962 -0.00634524 -0.130101 -0.0238267 0.949448 -0.313019 0.437157 -0.00117378 0.313081 0.949726 -0.779233 0 0 0 1 
39885980090186;1.03403;0.345554;0.986714 0.159368 0.0315749 0.106505 -0.158392 0.986879 -0.0313442 -0.0912459 -0.0361559 0.0259265 0.99901 -0.609508 0 0 0 1 
39885980090187;0.391456;0.0996247;0.998848 0.00546661 0.0476826 -0.0459757 -0.00934449 0.996631 0.0814875 -0.131706 -0.0470764 -0.0818391 0.995533 -0.12886 0 0 0 1 
39885980090188;0.19321;0.124792;0.994924 0.00739473 -0.100357 0.0155626 -0.0174308 0.994885 -0.0994994 -0.0288801 0.0991076 0.100744 0.989964 -0.559696 0 0 0 1 
39885980090189;0.694654;0.287153;0.965369 -0.155085 0.20979 0.138492 0.138724 0.986172 0.0906672 -0.704192 -0.22095 -0.0584244 0.973534 1.23089 0 0 0 1 
39885980090190;0.710931;0.112431;0.999272 0.0119423 -0.0362377 -0.0430524 -0.00298334 0.971302 0.23783 0.0451981 0.0380379 -0.237549 0.970631 0.725872 0 0 0 1 
39885980090191;0.303973;0.252007;0.996592 0.0783698 0.0257587 -0.341316 -0.0785275 0.996899 0.00516416 0.175593 -0.0252741 -0.00716932 0.999655 -0.104431 0 0 0 1 
39885980090192;0.937341;0.235337;0.999818 0.00315463 0.018821 0.00799955 -0.00320692 0.999991 0.00274855 -0.598781 -0.0188122 -0.00280841 0.999819 0.786769 0 0 0 1 
39885980090193;0.0973903;0.1079;0.999891 0.0096073 0.0111911 -0.019782 -0.00969075 0.999925 0.00742682 0.0178958 -0.0111189 -0.00753446 0.99991 0.0571042 0 0 0 1 
39885980090194;0.330993;0.12443;0.999574 -0.0230711 0.0178896 0.00658892 0.0238785 0.998641 -0.046317 -0.324082 -0.0167967 0.0467245 0.998767 0.10294 0 0 0 1 
39885980090195;0.913121;0.206606;0.999945 0.0103333 -0.00170151 -0.117037 -0.010414 0.998291 -0.0575036 0.0999239 0.0011044 0.0575182 0.998344 -0.870269 0 0 0 1 
39885980090196;0.843835;0.385125;0.994604 0.070293 0.0763063 -0.161965 -0.0728076 0.996874 0.0306847 -0.0239214 -0.0739109 -0.0360748 0.996612 -0.492509 0 0 0 1 
39885980090197;0.709255;0.180066;0.999402 0.0166473 0.0303023 -0.0364658 -0.0207923 0.989638 0.142072 -0.22114 -0.0276232 -0.142617 0.989392 -0.428523 0 0 0 1 
39885980090198;1.04503;0.566804;0.998759 -0.00935551 -0.0489098 -0.0426845 0.00399501 0.994081 -0.108569 -0.102384 0.049636 0.108239 0.992885 0.625606 0 0 0 1 
39885980090199;0.0833687;0.169625;0.998576 -0.0283812 0.0451804 0.00304335 0.0280188 0.99957 0.00863474 -0.285208 -0.045406 -0.00735654 0.998942 0.127485 0 0 0 1 
39885980090200;1.06244;0.626394;0.999752 -0.0179175 -0.0131945 -0.0151464 0.0177208 0.999732 -0.014882 -0.0812195 0.0134577 0.0146445 0.999802 0.772268 0 0 0 1 
39885980090201;0.454509;0.353598;0.97371 -0.0930135 -0.207934 -0.0377845 0.0858761 0.995373 -0.0431127 -0.322179 0.210982 0.0241227 0.977192 -0.420153 0 0 0 1 
39885980090202;0.602175;0.313825;0.922222 0.0795427 -0.37839 -0.223176 -0.0489843 0.994761 0.0897265 0.133276 0.383545 -0.0642126 0.921287 -0.919063 0 0 0 1 
39885980090203;0.367742;0.323802;0.912925 -0.0094963 0.408016 0.104117 -0.0591423 0.986099 0.15528 0.108132 -0.403818 -0.16589 0.899673 1.55072 0 0 0 1 
39885980090204;1.06319;0.370097;0.972867 0.0803346 0.216969 0.00737341 -0.0601009 0.99334 -0.0983057 -0.133913 -0.223421 0.0825983 0.971216 1.62485 0 0 0 1 
39885980090205;0.675409;0.172022;0.997731 0.0673079 0.0018587 -0.557372 -0.0670222 0.99539 -0.068602 -0.223927 -0.00646758 0.0683217 0.997642 -0.280869 0 0 0 1 
39885980090206;0.947378;0.329761;0.995931 0.0434809 0.0789393 -0.310999 -0.0501451 0.995161 0.0845028 -0.354802 -0.074883 -0.0881173 0.993291 1.1414 0 0 0 1 
39885980090207;0.975527;0.372327;0.997962 -0.0549092 -0.0325073 -0.084678 0.0557194 0.998144 0.0245644 -0.235547 0.0310982 -0.0263256 0.99917 -0.907304 0 0 0 1 
39885980090208;0.357335;0.337992;0.965348 0.120438 0.231514 -0.203222 -0.101115 0.990459 -0.0936356 0.17947 -0.240582 0.0669814 0.968315 0.494562 0 0 0 1 
39885980090209;0.567849;0.346782;0.987068 0.16001 0.00966478 -0.56519 -0.160092 0.987066 0.00839249 0.0699222 -0.0081969 -0.0098312 0.999918 0.149895 0 0 0 1 
39885980090210;0.29383;0.277889;0.975993 0.024543 0.216416 -0.010963 -0.0420064 0.996187 0.0764664 -0.0753546 -0.213714 -0.0837215 0.973302 0.991453 0 0 0 1 
39885980090211;0.573799;0.250241;0.997295 0.057887 0.0452897 -0.372373 -0.0347965 0.914627 -0.402799 0.093053 -0.0647401 0.400134 0.914167 -0.0103147 0 0 0 1 
39885980090212;0.324919;0.304634;0.991096 0.127008 -0.0399671 -0.192012 -0.122995 0.988269 0.0905337 0.162706 0.0509968 -0.0848118 0.995091 0.163593 0 0 0 1 
39885980090213;0.920265;0.266866;0.99148 -0.0652881 -0.112714 0.0397353 0.0734394 0.994858 0.0697458 -0.678906 0.107581 -0.0774292 0.991177 0.500181 0 0 0 1 
39885980090214;0.527822;0.560763;0.981841 0.181197 0.0561846 -0.262371 -0.181996 0.983254 0.00939985 0.384473 -0.0535405 -0.0194545 0.998376 0.510225 0 0 0 1 
39885980090215;0.58213;0.479101;0.97417 -0.208385 0.0869998 0.0597055 0.211046 0.977217 -0.0225052 -0.943204 -0.080328 0.0402848 0.995954 0.250973 0 0 0 1 
39885980090217;1.03417;1.13028;0.988437 0.149433 -0.0257295 0.271764 -0.150715 0.986845 -0.0585018 0.688494 0.0166489 0.0617032 0.997956 -0.572508 0 0 0 1 
39885980090218;0.202378;0.428844;0.995731 0.0856419 -0.0344195 -0.0130656 -0.0854084 0.996312 0.00820069 0.474593 0.0349949 -0.00522597 0.999374 -0.194355 0 0 0 1 
39885980090219;0.470141;0.945581;0.994077 0.00281502 0.10864 0.0146421 -0.0097112 0.997966 0.0630005 0.555161 -0.108242 -0.0636824 0.992083 0.41507 0 0 0 1 
39885980090220;1.3181;0.661894;0.980307 -0.0093083 -0.19726 0.0896433 -0.00705793 0.996599 -0.0821026 0.750582 0.197353 0.081878 0.976907 -0.429799 0 0 0 1 
39885980090221;1.15923;1.11013;0.940626 0.0853556 0.328539 -0.216914 -0.022615 0.981476 -0.190243 0.387472 -0.338691 0.171518 0.925132 0.72597 0 0 0 1 
39885980090222;0.407338;1.11648;0.941906 0.244869 0.229894 0.250208 -0.263214 0.963316 0.0523565 1.4972 -0.20864 -0.109826 0.971806 0.872048 0 0 0 1 
39885980090223;0.517255;0.890511;0.963579 0.175632 0.201668 0.0127856 -0.189956 0.980314 0.0538682 1.15275 -0.188237 -0.0902142 0.977972 0.782539 0 0 0 1 
39885980090224;1.08029;1.09435;0.988015 -0.0967649 0.120261 0.0463596 0.0844721 0.991043 0.103429 -0.225608 -0.129192 -0.0920307 0.98734 0.550849 0 0 0 1 
39885980090225;0.715361;0.405495;0.996132 -0.015367 -0.0865154 0.0772424 -0.00742988 0.966333 -0.257189 0.17278 0.0875549 0.256837 0.962481 0.14695 0 0 0 1 
39885980090226;0.549209;0.445842;0.955284 -0.00177041 0.295685 0.0427383 -0.0283358 0.994832 0.0975025 0.0903266 -0.294329 -0.101521 0.950297 1.00225 0 0 0 1 
39885980090227;1.15995;1.08903;0.943036 0.332641 -0.00573579 0.837857 -0.332041 0.942132 0.0462186 1.7969 0.0207781 -0.0416813 0.998915 -0.511996 0 0 0 1 
39885980090228;0.215505;0.643893;0.997434 -0.0463599 0.0545461 0.103913 0.0469744 0.998846 -0.0100378 0.327199 -0.0540177 0.0125743 0.998461 -0.0177596 0 0 0 1 
39885980090229;0.121617;1.18085;0.971042 0.238848 0.0053278 0.300155 -0.238808 0.969754 0.0504719 1.47669 0.00688847 -0.0502826 0.998711 -0.0489254 0 0 0 1 
39885980090230;1.03093;1.25432;0.99418 0.10773 -0.000226015 0.423372 -0.10773 0.99418 6.74339e-05 0.728728 0.000231965 -4.26928e-05 1 0.508167 0 0 0 1 
39885980090231;0.888653;0.835551;0.993475 -0.00227006 0.114028 0.0060459 -0.0120235 0.992146 0.124507 0.0627107 -0.113415 -0.125065 0.985645 0.523248 0 0 0 1 
39885980090232;0.59802;1.37852;0.95697 0.156353 -0.244462 0.551352 -0.224077 0.933433 -0.280166 1.4222 0.184383 0.322889 0.928303 -0.428411 0 0 0 1 
39885980090233;0.0427632;0.29646;0.999917 0.0126195 0.00262454 0.0162454 -0.0126013 0.999897 -0.00683479 0.276352 -0.00271052 0.00680115 0.999973 -0.00160215 0 0 0 1 
39885980090234;0.404716;0.285615;0.988203 0.062112 -0.139989 0.0282612 -0.00199085 0.919199 0.393788 0.13976 0.153136 -0.388864 0.908479 -0.439906 0 0 0 1 
39885980090235;0.881271;1.10275;0.988379 0.0892544 -0.123046 0.8346 -0.110222 0.97824 -0.175777 1.25061 0.10468 0.187296 0.97671 -0.625997 0 0 0 1 
39885980090236;1.0378;1.38328;0.969176 0.246275 -0.00689825 0.315201 -0.246296 0.969191 -0.002493 1.73293 0.00607176 0.00411517 0.999973 -0.851378 0 0 0 1 
39885980090237;0.452033;0.264605;0.977534 0.0502094 -0.20471 0.175045 0.0118169 0.956631 0.291062 0.0925691 0.210446 -0.286942 0.934546 -0.766654 0 0 0 1 
39885980090238;0.922552;0.332056;0.947715 0.0553421 -0.314283 0.242399 -0.122676 0.972351 -0.198707 1.05895 0.294597 0.226872 0.9283 -0.369295 0 0 0 1 
39885980090239;0.393854;0.368493;0.995465 -0.0320192 -0.0895821 0.0159123 0.00641534 0.962107 -0.272595 0.0996542 0.0949159 0.270784 0.957949 -0.279054 0 0 0 1 
39885980090240;0.68439;1.3168;0.931628 0.362888 -0.0195473 0.53268 -0.363181 0.927758 -0.0858129 2.42868 -0.0130052 0.0870449 0.996119 -0.28342 0 0 0 1 
39885980090241;0.655728;0.324813;0.958469 -0.00696554 0.285111 0.0317866 0.0810811 0.965105 -0.248996 0.256642 -0.273427 0.261772 0.925588 0.327799 0 0 0 1 
39885980090242;0.353633;0.484991;0.910713 0.112529 0.397416 0.340466 -0.00365174 0.964328 -0.264684 0.450385 -0.413024 0.2396 0.878637 1.17174 0 0 0 1 
39885980090243;1.27115;0.644154;0.997711 -0.0584441 0.0340074 0.289557 0.0577297 0.998098 0.0216264 0.321391 -0.0352066 -0.0196137 0.999188 0.849721 0 0 0 1 
39885980090244;0.554019;1.23007;0.990756 -0.0124004 0.135088 0.294472 -0.0155944 0.978801 0.20422 0.674183 -0.134757 -0.204439 0.969559 0.290462 0 0 0 1 
39885980090245;0.651828;0.294508;0.998402 -0.00086491 -0.0565023 -0.0159369 -0.00133158 0.999245 -0.0388251 0.309834 0.0564932 0.0388383 0.997647 0.268287 0 0 0 1 
39885980090246;0.546588;0.969842;0.995219 -0.00982402 -0.0971782 0.257369 0.02002 0.994322 0.104509 0.514077 0.0955997 -0.105955 0.989765 -0.538401 0 0 0 1 
39885980090248;0.37448;0.18208;0.949172 -0.241363 0.202031 -0.160877 0.231463 0.970202 0.0716382 0.208984 -0.213302 -0.0212342 0.976756 0.0266869 0 0 0 1 
39885980090249;0.482365;0.30311;0.981783 -0.18736 -0.0315844 0.114412 0.187497 0.982264 0.00142484 0.0830145 0.0307573 -0.00732087 0.9995 -0.322703 0 0 0 1 
39885980090250;0.869457;0.283954;0.936519 0.0616126 0.34516 0.00468824 -0.125776 0.977953 0.166697 -0.513203 -0.32728 -0.199528 0.923621 0.327168 0 0 0 1 
39885980090251;0.521745;0.388257;0.998249 -0.0288252 -0.0516495 0.00757862 0.0277634 0.999391 -0.0211578 -0.0076332 0.0522279 0.0196868 0.998441 0.312832 0 0 0 1 
39885980090252;1.01023;0.0662093;0.996253 0.0841458 0.0199722 0.302337 -0.086475 0.965983 0.24372 -0.1623 0.00121518 -0.244534 0.96964 -0.940856 0 0 0 1 
39885980090253;0.430197;0.129437;0.981245 0.116655 -0.153462 0.13179 -0.0767981 0.966769 0.243844 0.238527 0.176808 -0.227485 0.957596 -0.0978051 0 0 0 1 
39885980090254;0.437029;0.120601;0.999049 -0.0425197 0.00965172 0.00199395 0.0429099 0.99808 -0.0446558 0.120964 -0.00773445 0.0450275 0.998956 0.409055 0 0 0 1 
39885980090255;0.581357;0.251644;0.996647 0.0205285 0.0791998 0.0251964 -0.0198017 0.999754 -0.00995207 -0.148622 -0.0793847 0.00835042 0.996809 0.381865 0 0 0 1 
39885980090256;0.383432;0.223006;0.956907 -0.286747 0.0458781 -0.116962 0.288939 0.955951 -0.0516851 0.280969 -0.0290367 0.0627138 0.997609 0.0237578 0 0 0 1 
39885980090257;0.931685;0.198198;0.987089 0.146093 -0.0656627 -0.00668722 -0.150506 0.986254 -0.0681986 0.0808313 0.0547967 0.0772008 0.995509 -0.84405 0 0 0 1 
