#;prob_registration_l1 -r /home/probabilistic_point_clouds_registration/build/tester /home/point_clouds_registration_benchmark//devel/registration_pairs/plain_local.txt /home/point_clouds_registration_benchmark//eth/plain -s 0.2 -t 0.2 -p 0.3 -r 1000 -m 1 -i 40 
id;initial_error;final_error;transformation
4215528470000;0.567788;0.500272;0.962517 -0.0323957 0.269281 0.297829 0.0157205 0.997835 0.063853 -0.142705 -0.270767 -0.0572264 0.960942 1.95963 0 0 0 1 
4215528470001;0.547226;0.274237;0.991538 0.107238 -0.0731619 -0.545615 -0.068143 0.909632 0.409788 0.703404 0.110495 -0.401334 0.909242 1.09434 0 0 0 1 
4215528470002;0.032832;0.0223628;0.999984 0.00382789 0.00415248 -0.0118477 -0.00383458 0.999991 0.00160327 0.00983072 -0.00414631 -0.00161916 0.99999 0.036491 0 0 0 1 
4215528470003;0.731607;0.575439;0.996377 -0.0153874 0.0836486 0.014698 0.0155399 0.999879 -0.00117193 -0.212759 -0.0836204 0.00246757 0.996495 0.368013 0 0 0 1 
4215528470004;0.518474;0.234273;0.965576 0.0818676 -0.246904 -0.250281 -0.0246746 0.973729 0.22637 0.202909 0.25895 -0.212485 0.942229 -0.242153 0 0 0 1 
4215528470005;0.0948906;0.0716203;0.999758 0.00533438 0.0213223 -0.0329802 -0.00335032 0.995751 -0.0920261 0.0634234 -0.0217226 0.0919324 0.995528 -0.325319 0 0 0 1 
4215528470006;0.93827;0.707215;0.998317 -0.0488509 -0.0312464 0.160449 0.035362 0.939894 -0.33963 0.0581429 0.0459595 0.337953 0.94004 -1.44701 0 0 0 1 
4215528470007;0.649378;0.542797;0.99451 -0.0383764 -0.0973505 0.187579 0.00180712 0.936483 -0.350709 0.387965 0.104626 0.348607 0.931411 -1.98348 0 0 0 1 
4215528470008;0.524363;0.429945;0.962218 0.0197994 -0.27156 0.231908 -0.058815 0.988921 -0.136297 0.48369 0.265852 0.14712 0.952722 -2.37749 0 0 0 1 
4215528470009;0.400063;0.347873;0.970423 -0.0363493 0.238659 0.21897 0.0488092 0.997725 -0.0465057 -0.342514 -0.236425 0.0567789 0.969989 1.32324 0 0 0 1 
4215528470010;0.581956;0.5014;0.993861 -0.0636638 -0.0904842 0.487492 0.036543 0.960846 -0.274661 0.0509662 0.104427 0.269668 0.957274 -2.03241 0 0 0 1 
4215528470011;0.358216;0.136279;0.988308 -0.0687773 0.136079 0.350974 0.098297 0.969661 -0.223819 -0.497266 -0.116557 0.234578 0.965084 -0.139246 0 0 0 1 
4215528470012;0.581653;0.365566;0.98518 0.104133 -0.136294 -0.294419 -0.0608488 0.955119 0.289904 0.453752 0.160366 -0.277315 0.947301 -0.0838191 0 0 0 1 
4215528470013;0.612837;0.03933;0.982373 -0.0586659 0.177487 0.166057 0.0570683 0.998271 0.0140972 -0.322232 -0.178007 -0.00371987 0.984022 0.555374 0 0 0 1 
4215528470014;0.871128;0.611827;0.998803 -0.0192045 0.0449866 0.00489994 0.0202282 0.999544 -0.0224115 -0.240558 -0.0445357 0.0232947 0.998736 0.726122 0 0 0 1 
4215528470015;0.0605696;0.0288752;0.999912 0.000332198 0.0132635 0.026549 -0.000125666 0.999879 -0.0155693 -0.00154698 -0.013267 0.0155663 0.999791 0.0150729 0 0 0 1 
4215528470016;0.462589;0.136798;0.972214 -0.0315821 0.231953 0.140746 0.0786922 0.977287 -0.196768 -0.429338 -0.220471 0.209553 0.952617 0.756543 0 0 0 1 
4215528470017;0.763704;0.265205;0.995226 0.0366007 0.0904775 -0.251415 -0.0718427 0.902205 0.425281 0.728542 -0.0660637 -0.429751 0.900527 3.03965 0 0 0 1 
4215528470018;0.320962;0.319633;0.998163 -0.00848398 0.0599933 -0.02311 0.00245429 0.994997 0.0998738 -0.0390853 -0.0605405 -0.099543 0.99319 0.741028 0 0 0 1 
4215528470019;0.470754;0.254638;0.905902 0.134308 -0.401626 -0.0242785 -0.0781059 0.985096 0.153252 0.54142 0.416223 -0.107462 0.90289 -2.02079 0 0 0 1 
4215528470020;0.901423;0.737813;0.988849 -0.0288586 0.146097 0.129858 0.043978 0.993879 -0.101342 -0.138332 -0.142278 0.106637 0.984066 0.0216565 0 0 0 1 
4215528470021;0.310289;0.156025;0.999716 0.00533833 -0.0232359 -0.0514959 -0.00307554 0.995343 0.0963508 0.0182836 0.0236421 -0.096252 0.995076 0.530475 0 0 0 1 
4215528470022;0.501427;0.207831;0.981652 0.0232524 -0.189258 0.164301 -0.0395457 0.995783 -0.082775 0.30635 0.186535 0.0887406 0.978432 -1.9703 0 0 0 1 
4215528470023;0.509895;0.392234;0.994207 -0.0354609 0.10146 0.203356 0.0503474 0.987682 -0.148153 -0.114111 -0.0949566 0.152403 0.983746 -0.415856 0 0 0 1 
4215528470024;0.756959;0.46114;0.998223 -0.0210956 0.0557245 0.0174394 0.0203856 0.999704 0.0132797 -0.202366 -0.0559881 -0.0121201 0.998358 0.952583 0 0 0 1 
4215528470025;0.187466;0.112705;0.996179 0.0540634 -0.0685835 -0.238609 -0.0476559 0.994632 0.0918494 0.300525 0.073181 -0.0882301 0.993408 -0.0879191 0 0 0 1 
4215528470026;0.0729172;0.0214443;0.999503 -0.0314792 -0.00185965 0.145229 0.0314636 0.999473 -0.00792367 -0.180443 0.0021081 0.00786121 0.999967 -0.0956396 0 0 0 1 
4215528470027;0.80863;0.227955;0.997722 0.00263632 -0.0674143 -0.158351 -0.0113187 0.991614 -0.128737 -0.041478 0.0665095 0.129207 0.989385 -0.365474 0 0 0 1 
4215528470028;0.511375;0.479582;0.996129 0.0427957 -0.0767786 -0.270462 -0.0289542 0.984481 0.173087 0.128666 0.0829944 -0.170194 0.981909 0.405321 0 0 0 1 
4215528470029;0.874225;0.561013;0.881167 0.0758564 -0.466681 0.691239 -0.0476243 0.996266 0.0720153 0.38216 0.470401 -0.0412321 0.881489 -3.1466 0 0 0 1 
4215528470031;0.986719;0.303126;0.99967 0.00228685 0.0255974 -0.163872 -0.00214379 0.999982 -0.00561503 -0.224719 -0.0256098 0.0055583 0.999657 0.90381 0 0 0 1 
4215528470032;1.06872;0.584089;0.993511 -0.105461 0.0425817 0.49618 0.112688 0.862159 -0.493947 0.0270902 0.0153798 0.49554 0.868449 -2.7107 0 0 0 1 
4215528470033;0.525088;0.171476;0.998923 -0.0454059 0.00955524 0.202228 0.0456743 0.998504 -0.0300495 -0.422797 -0.00817652 0.0304535 0.999503 -0.455965 0 0 0 1 
4215528470034;0.461314;0.179582;0.999859 0.0162118 0.00447025 -0.0883254 -0.016287 0.999717 0.0173197 0.12197 -0.0041882 -0.0173901 0.99984 -0.197953 0 0 0 1 
4215528470035;0.980295;0.808888;0.999914 0.00145877 -0.0130573 -0.141275 -0.00145883 0.999999 5.47552e-06 -0.00644679 0.0130573 1.35733e-05 0.999915 0.0766122 0 0 0 1 
4215528470036;1.14169;0.467815;0.998023 0.0595823 0.0200236 -0.495023 -0.0627647 0.961892 0.266128 0.472128 -0.00340404 -0.266858 0.96373 2.28442 0 0 0 1 
4215528470037;0.241412;0.147038;0.999866 0.0054103 0.015472 0.0147049 -0.00494769 0.999544 -0.0297829 0.0893682 -0.015626 0.0297024 0.999437 0.0461522 0 0 0 1 
4215528470038;0.130156;0.125979;0.999548 0.011107 0.027923 -0.0937971 -0.0114092 0.999878 0.010685 0.0715855 -0.0278009 -0.0109988 0.999553 0.3161 0 0 0 1 
4215528470039;0.797747;0.417332;0.99507 -0.064617 -0.0752372 0.325689 0.0427658 0.964028 -0.262339 -0.26609 0.0894823 0.257828 0.962038 -1.7121 0 0 0 1 
4215528470040;0.689028;0.59249;0.997399 0.0147988 -0.0705358 0.0460964 -0.00838372 0.995871 0.0903912 0.0618094 0.0715823 -0.0895648 0.993405 -0.496288 0 0 0 1 
4215528470041;0.231676;0.157019;0.956268 -0.0353447 -0.290348 0.893302 -0.00223726 0.991759 -0.128097 0.148024 0.292483 0.123145 0.948308 -3.30739 0 0 0 1 
4215528470042;0.841266;0.810034;0.989545 -0.0280257 0.141472 0.0105691 0.0133527 0.994527 0.103619 -0.127068 -0.143602 -0.100647 0.984504 1.47007 0 0 0 1 
4215528470043;0.639843;0.628956;0.996411 0.0248547 -0.0809219 -0.00635278 -0.0224374 0.999278 0.0306459 0.18338 0.0816252 -0.0287203 0.996249 -0.671278 0 0 0 1 
4215528470044;0.994474;0.112;0.999932 0.00387022 0.0109851 0.0769807 -0.00372966 0.999911 -0.0127876 0.071299 -0.0110336 0.0127457 0.999858 -0.797061 0 0 0 1 
4215528470045;0.386524;0.127527;0.993947 0.0204948 0.107933 -0.221129 -0.0687039 0.882589 0.465098 0.762382 -0.0857284 -0.469698 0.878655 3.44817 0 0 0 1 
4215528470046;1.07289;0.486165;0.977289 0.0546977 -0.20473 -0.0705366 -0.0431045 0.997227 0.0606671 0.295378 0.207481 -0.0504645 0.976937 -0.814512 0 0 0 1 
4215528470047;0.459821;0.381368;0.993149 0.00557178 0.116721 -0.151544 -0.00451932 0.999947 -0.00927964 0.0534074 -0.116766 0.00868857 0.993121 0.910614 0 0 0 1 
4215528470048;0.649857;0.609725;0.99932 0.0165045 -0.0329715 -0.0841067 -0.0160038 0.999753 0.0153902 0.0946183 0.0332174 -0.014852 0.999338 -0.087491 0 0 0 1 
4215528470049;0.633618;0.37838;0.99996 0.00610856 -0.00646473 -0.161551 -0.00505837 0.988436 0.151553 -0.0755674 0.00731574 -0.151515 0.988428 1.18533 0 0 0 1 
4215528470050;0.671958;0.350577;0.998109 0.037495 -0.0487022 -0.114647 -0.0360662 0.998902 0.0298923 0.30769 0.0497695 -0.0280792 0.998366 -0.706523 0 0 0 1 
4215528470051;0.865997;0.567698;0.997781 -0.0207317 -0.0632763 0.345164 0.00862818 0.982538 -0.185862 0.263584 0.0660246 0.184903 0.980536 -2.08482 0 0 0 1 
4215528470052;0.470145;0.435593;0.998757 0.0169639 -0.0468615 -0.0484138 -0.0181013 0.999549 -0.0239545 0.187845 0.046434 0.024773 0.998614 -0.579998 0 0 0 1 
4215528470053;1.01323;0.256602;0.99346 -0.013672 0.113359 0.108771 0.0252764 0.994507 -0.101572 -0.0823617 -0.111348 0.103773 0.988348 -0.339544 0 0 0 1 
4215528470054;0.877545;0.584633;0.999315 0.0207857 -0.0306162 -0.0012493 -0.0198332 0.99932 0.031094 0.19033 0.0312417 -0.0304654 0.999047 -0.62604 0 0 0 1 
4215528470055;0.503431;0.176513;0.996865 -0.0146196 0.0777635 -0.0981234 0.0238246 0.992633 -0.118796 0.15918 -0.0754538 0.120276 0.989869 0.187655 0 0 0 1 
4215528470056;0.338949;0.21726;0.992955 -0.0821596 0.085386 0.396194 0.0980993 0.974159 -0.203449 -0.549372 -0.0664643 0.210392 0.975355 -0.638329 0 0 0 1 
4215528470057;0.60477;0.0353073;0.999692 -0.0140601 0.020473 0.0551543 0.0134845 0.999517 0.0279868 -0.0925241 -0.0208566 -0.0277021 0.999399 -0.17539 0 0 0 1 
4215528470058;0.117082;0.105925;0.99939 -0.021385 0.0276236 0.12829 0.0221834 0.999335 -0.0289268 -0.189436 -0.0269866 0.0295219 0.9992 0.0405231 0 0 0 1 
4215528470059;0.289428;0.318508;0.99844 -0.00406814 -0.0556855 0.100492 -0.00212007 0.993861 -0.11062 0.103066 0.0557936 0.110565 0.992302 -1.18036 0 0 0 1 
4215528470060;0.876862;0.565573;0.964639 0.0676479 -0.254747 0.387827 -0.0448366 0.994532 0.0943168 0.363886 0.259735 -0.0795596 0.962397 -2.33863 0 0 0 1 
4215528470062;1.03489;0.651608;0.96145 -0.0947048 0.258155 0.216757 0.160864 0.955124 -0.248717 -1.67655 -0.223016 0.280657 0.933539 2.71078 0 0 0 1 
4215528470063;0.150783;0.0902703;0.997208 0.0383048 0.064096 -0.249035 -0.0445273 0.994125 0.0986529 0.447347 -0.0599405 -0.101231 0.993056 1.17448 0 0 0 1 
4215528470064;1.26892;0.222834;0.978577 0.0897005 -0.185314 0.563401 -0.0665602 0.989599 0.12753 0.723523 0.194826 -0.112464 0.974369 -3.0624 0 0 0 1 
4215528470065;0.672821;0.427437;0.999774 -0.0209781 0.00355148 0.0690814 0.0211228 0.998657 -0.0473177 -0.21153 -0.00255407 0.047382 0.998874 -0.362556 0 0 0 1 
4215528470066;0.971407;0.344559;0.97351 -0.0669776 0.218614 0.0727421 0.148211 0.912906 -0.380311 -1.0857 -0.174101 0.402637 0.89865 1.75126 0 0 0 1 
4215528470067;0.479383;0.572771;0.998558 -0.0265515 0.0466573 -0.0975362 0.0332937 0.988086 -0.150257 -0.142597 -0.0421118 0.151594 0.987545 0.112647 0 0 0 1 
4215528470068;1.75898;1.61969;0.996827 0.0739441 -0.0294803 -0.0892052 -0.0677418 0.982466 0.173699 0.769177 0.0418074 -0.17115 0.984357 -0.29273 0 0 0 1 
4215528470069;1.1695;0.468049;0.995551 -0.033 0.0882596 -0.267226 0.029529 0.998749 0.0403484 -0.51724 -0.0894807 -0.0375627 0.99528 1.99425 0 0 0 1 
4215528470070;0.627154;0.280039;0.999929 -0.0018051 0.0117388 -0.0226889 0.00143231 0.999497 0.0316889 -0.0146983 -0.0117901 -0.0316699 0.999429 -0.0088113 0 0 0 1 
4215528470071;1.13782;0.26361;0.98796 0.0192086 -0.153512 0.715152 -0.00773633 0.997155 0.0749829 0.123834 0.154515 -0.0728925 0.985298 -2.45504 0 0 0 1 
4215528470072;1.12233;0.7873;0.998544 0.0117719 -0.0526397 -0.103585 -0.0109295 0.999808 0.0162618 0.0717863 0.0528211 -0.0156628 0.998481 -0.266185 0 0 0 1 
4215528470073;0.253366;0.0686899;0.958602 -0.0899334 0.270174 0.297785 0.165337 0.94828 -0.270976 -1.6179 -0.231831 0.304428 0.923893 2.41334 0 0 0 1 
4215528470074;0.891847;0.529713;0.922529 0.158537 -0.35186 1.5867 -0.0764363 0.968725 0.236072 0.660582 0.378281 -0.190888 0.905795 -4.89617 0 0 0 1 
4215528470075;0.661748;0.415036;0.998306 0.000623355 0.0581844 -0.240391 -0.00116313 0.999957 0.00924364 0.00182209 -0.0581761 -0.00929565 0.998263 1.15389 0 0 0 1 
4215528470076;1.55682;0.567126;0.999811 0.00563909 -0.018613 0.173675 -0.00575288 0.999965 -0.00606572 0.251316 0.0185781 0.00617165 0.999808 -1.09825 0 0 0 1 
4215528470077;0.434483;0.390267;0.99924 -0.0381838 -0.00783328 0.133847 0.0377292 0.99795 -0.0517006 -0.36617 0.00979135 0.0513658 0.998632 -0.423815 0 0 0 1 
4215528470078;1.12372;1.1592;0.96069 -0.0492237 0.273223 0.0368442 0.0527012 0.998596 -0.00539842 -0.734985 -0.272574 0.0195854 0.961935 3.9179 0 0 0 1 
4215528470079;1.36039;1.18022;0.993769 -0.0272607 0.10807 -0.225258 0.0423793 0.98922 -0.140173 -0.356086 -0.103084 0.14388 0.984212 1.30675 0 0 0 1 
4215528470080;1.57691;1.339;0.981606 0.107372 -0.157861 0.282718 -0.0732357 0.975377 0.208028 0.836111 0.17631 -0.192641 0.9653 -1.70748 0 0 0 1 
4215528470081;1.29705;1.14162;0.997211 0.0507751 -0.0546944 -0.0819992 -0.0435553 0.991081 0.125944 0.519999 0.0606014 -0.123211 0.990528 -0.404058 0 0 0 1 
4215528470082;0.754436;0.264815;0.99648 -0.0413112 -0.0729445 0.328767 0.0305061 0.989184 -0.143475 -0.354924 0.0780826 0.140745 0.986962 -1.34076 0 0 0 1 
4215528470083;1.36137;0.490091;0.995858 -0.0167675 0.0893573 -0.303611 0.0219994 0.998081 -0.0578904 -0.207596 -0.0882151 0.0596164 0.994316 1.75463 0 0 0 1 
4215528470084;1.66015;1.44095;0.984997 -0.0224172 -0.171111 0.632934 0.0109183 0.997636 -0.0678486 -0.0179375 0.172228 0.0649624 0.982913 -2.91903 0 0 0 1 
4215528470085;1.13067;0.261795;0.999505 0.0195228 -0.0246767 -0.24879 -0.0175298 0.996756 0.0785512 -0.0501155 0.0261301 -0.0780797 0.996605 0.496187 0 0 0 1 
4215528470086;1.1632;1.1511;0.928631 -0.0323423 0.369592 0.305758 0.02126 0.999195 0.0340201 -0.344593 -0.370394 -0.0237346 0.928571 5.55466 0 0 0 1 
4215528470087;0.757202;0.700398;0.99793 -0.0088712 0.0636929 -0.23706 0.0153483 0.994673 -0.101936 -0.0169695 -0.0624493 0.102703 0.99275 0.776675 0 0 0 1 
4215528470088;1.28516;0.746078;0.999681 -0.0209983 0.0140449 -0.149117 0.0215851 0.998841 -0.0430264 -0.279565 -0.0131252 0.0433158 0.998975 0.645054 0 0 0 1 
4215528470089;0.703952;0.369462;0.99798 0.0358711 -0.0524367 -0.152225 -0.0339071 0.998707 0.0378765 0.419982 0.0537276 -0.0360221 0.997906 -0.313689 0 0 0 1 
4215528470090;1.03548;0.582972;0.963568 -0.0951938 0.249949 0.217318 0.186505 0.908974 -0.372804 -1.43648 -0.191709 0.405839 0.893612 1.17894 0 0 0 1 
4215528470091;1.49069;1.47357;0.998792 0.0432886 0.023268 -0.19858 -0.0454201 0.993888 0.100621 0.488746 -0.01877 -0.101556 0.994653 0.654194 0 0 0 1 
4215528470093;0.435815;0.378558;0.999372 -0.0277856 0.0219949 0.150571 0.0219142 0.972324 0.232607 -0.060939 -0.0278493 -0.231979 0.972322 0.241795 0 0 0 1 
4215528470094;0.626818;0.0925131;0.999915 0.00888691 0.00954979 0.00583854 -0.00852934 0.999284 -0.0368531 0.0683913 -0.00987047 0.0367686 0.999275 -0.652075 0 0 0 1 
4215528470095;0.64508;0.54963;0.999568 -0.0273655 -0.0107608 0.116961 0.0266337 0.997652 -0.0631039 -0.0506464 0.0124624 0.06279 0.997949 -0.381768 0 0 0 1 
4215528470096;0.715932;0.63309;0.999856 -0.0167307 0.00267024 0.0645301 0.0168428 0.998622 -0.0497092 -0.0558751 -0.00183489 0.049747 0.99876 -0.348733 0 0 0 1 
4215528470097;0.899584;0.864311;0.998628 -0.0511705 0.0111058 0.128956 0.0523603 0.977483 -0.204416 -0.292347 -0.000395648 0.204718 0.978821 0.277361 0 0 0 1 
4215528470098;0.598276;0.35588;0.989721 -0.0505097 0.133797 0.129822 0.0268699 0.984569 0.172923 -0.156769 -0.140466 -0.167551 0.975805 0.107374 0 0 0 1 
4215528470099;0.333474;0.235019;0.973179 0.106414 -0.203958 0.0339438 -0.0134602 0.911403 0.411295 0.253768 0.229655 -0.397518 0.888391 -0.436112 0 0 0 1 
4215528470100;0.645112;0.0253357;0.999914 -0.0131216 5.85226e-06 0.012992 0.0131216 0.999907 -0.00359258 -0.0273421 4.12888e-05 0.00359234 0.999994 -0.693615 0 0 0 1 
4215528470101;0.802084;0.654356;0.998953 -0.00950797 0.0447419 0.114354 0.0120812 0.998267 -0.0575995 -0.0588237 -0.0441167 0.0580797 0.997337 0.354743 0 0 0 1 
4215528470102;0.571321;0.248478;0.999936 -0.0113189 7.30653e-06 -0.019746 0.0113103 0.999148 -0.0396947 0.0280381 0.000442001 0.0396922 0.999212 -0.558513 0 0 0 1 
4215528470103;0.118159;0.12162;0.999955 -0.0055977 -0.00759866 0.00722884 0.0055786 0.999981 -0.00253312 -0.0425127 0.00761269 0.00249062 0.999968 -0.0448413 0 0 0 1 
4215528470104;0.483078;0.101278;0.959268 -0.0105031 0.282303 0.138504 -0.014413 0.996188 0.0860387 -0.195447 -0.28213 -0.086603 0.955459 1.15704 0 0 0 1 
4215528470105;0.856272;0.733063;0.962398 -0.0149823 0.271228 0.0358128 0.0646325 0.982433 -0.175067 -0.203478 -0.263841 0.186014 0.94646 0.620969 0 0 0 1 
4215528470106;0.960069;0.747626;0.995385 -0.00693684 0.0957139 0.0810917 0.00483077 0.999741 0.022218 -0.0301878 -0.0958433 -0.0216531 0.995161 0.831025 0 0 0 1 
4215528470107;0.403602;0.261954;0.952695 0.0533993 -0.299201 0.0254613 -0.0540343 0.99852 0.00615683 0.23872 0.299087 0.0103015 0.95417 -1.01511 0 0 0 1 
4215528470108;0.717513;0.658494;0.99995 -0.00238831 0.00972751 0.0472712 0.00293805 0.998376 -0.0568976 -0.0358854 -0.00957582 0.0569233 0.998333 0.084845 0 0 0 1 
4215528470109;0.671253;0.205199;0.99997 -0.00432907 0.00639457 0.00298211 0.00443351 0.999856 -0.0164092 -0.00701996 -0.00632261 0.0164371 0.999845 0.610256 0 0 0 1 
4215528470110;0.085073;0.0296328;0.999985 0.00528267 0.00130011 0.0113182 -0.00527211 0.999954 -0.00799366 0.0269304 -0.00134228 0.00798669 0.999967 -0.0848262 0 0 0 1 
4215528470111;0.687198;0.0469832;0.998421 0.00441349 0.0559987 -0.164534 -0.00775492 0.998193 0.0595935 0.0294325 -0.0556344 -0.0599337 0.996651 0.902193 0 0 0 1 
4215528470112;0.990082;0.220959;0.999183 0.0313222 -0.02552 -0.0729542 -0.0267559 0.986273 0.16294 0.195645 0.0302734 -0.162124 0.986306 0.956377 0 0 0 1 
4215528470113;0.115928;0.113685;0.999975 0.00547519 -0.00453473 0.0050564 -0.005476 0.999985 -0.00016596 0.0201623 0.00453376 0.000190788 0.99999 -0.0318145 0 0 0 1 
4215528470114;0.310906;0.128595;0.999998 -0.0019645 -0.000526354 -0.0475012 0.00196297 0.999994 -0.00289932 -0.0110455 0.000532046 0.00289828 0.999996 -0.281155 0 0 0 1 
4215528470115;0.363564;0.310033;0.999792 -0.00035788 0.0204132 0.0495229 0.00194378 0.996973 -0.0777231 0.0102128 -0.0203235 0.0777466 0.996766 -0.0193175 0 0 0 1 
4215528470116;0.348278;0.265513;0.919829 -0.0542574 0.388548 0.142206 0.00688459 0.99247 0.122292 -0.0183698 -0.392258 -0.109812 0.913277 0.979924 0 0 0 1 
4215528470117;0.290367;0.273517;0.997986 -0.00457925 -0.0632752 0.0200265 -0.000639581 0.996615 -0.0822129 -0.00335904 0.0634375 0.0820877 0.994604 -0.135223 0 0 0 1 
4215528470118;0.65787;0.448582;0.998506 -0.0136357 0.0529106 0.0971602 0.0177031 0.99686 -0.0771835 -0.0613859 -0.051692 0.0780049 0.995612 -0.336681 0 0 0 1 
4215528470119;0.205525;0.174164;0.995668 -0.032827 0.0869885 0.108335 0.0420464 0.993438 -0.106366 -0.119775 -0.082926 0.109563 0.990515 0.203945 0 0 0 1 
4215528470120;0.310799;0.253051;0.99527 0.0359138 -0.0902654 0.0369252 -0.00392293 0.943258 0.332039 0.114128 0.0970683 -0.330114 0.938937 -0.040774 0 0 0 1 
4215528470121;0.660347;0.0333686;0.939455 -0.0311999 0.341249 0.249945 0.148518 0.934525 -0.323427 -0.506519 -0.308815 0.354527 0.882578 1.18885 0 0 0 1 
4215528470122;0.789381;0.475379;0.984146 -0.000381345 0.17736 -0.0258802 -0.0221491 0.991905 0.125035 0.0151326 -0.175972 -0.126981 0.976171 -0.00447245 0 0 0 1 
4215528470124;0.80876;0.60143;0.946205 -0.0136459 0.32328 0.217715 0.0666584 0.9859 -0.153486 -0.172862 -0.316627 0.166779 0.933773 0.730653 0 0 0 1 
4215528470125;0.139303;0.100933;0.991517 -0.027971 -0.126932 0.17133 0.0106869 0.990807 -0.134857 -0.00368892 0.129537 0.132357 0.982701 -0.867628 0 0 0 1 
4215528470126;0.0966618;0.0944987;0.998226 -0.000102856 -0.0595339 -0.0213845 0.000948203 0.999899 0.0141714 -0.0252494 0.0595264 -0.0142027 0.998126 -0.263209 0 0 0 1 
4215528470127;0.789796;0.287342;0.999995 -0.00287889 0.00129314 -0.0942631 0.00287869 0.999996 0.000158899 0.0266093 -0.00129359 -0.000155176 0.999999 0.658309 0 0 0 1 
4215528470128;0.207096;0.0583059;0.999589 0.0146917 0.0246006 -0.0346304 -0.014659 0.999891 -0.00150741 0.0300153 -0.0246201 0.00114617 0.999696 -0.0848474 0 0 0 1 
4215528470129;0.938911;0.0860191;0.999983 0.00355632 0.00458066 -0.0214758 -0.0035389 0.999987 -0.00380367 0.24159 -0.00459412 0.00378739 0.999982 0.869367 0 0 0 1 
4215528470130;0.991785;0.808228;0.985922 0.0452064 -0.160981 -0.20739 -0.024899 0.991718 0.126 0.123545 0.165343 -0.120218 0.978882 -0.11844 0 0 0 1 
4215528470131;0.387282;0.365064;0.999984 -0.00453064 0.00333389 -0.00699438 0.00455359 0.999966 -0.00690735 -0.0189432 -0.00330248 0.00692242 0.999971 -0.107503 0 0 0 1 
4215528470132;0.92999;0.427246;0.99955 -0.016953 0.0247316 0.0570868 0.0178694 0.999144 -0.0373185 -0.0248734 -0.0240778 0.0377437 0.998997 -0.75052 0 0 0 1 
4215528470133;0.555582;0.465554;0.999797 -0.00278232 0.0199464 0.0387085 0.00714959 0.974935 -0.222373 0.0618498 -0.0188278 0.222471 0.974758 -0.621641 0 0 0 1 
4215528470134;0.99593;0.757286;0.966562 -0.00481422 0.256389 -0.0721374 -0.0162535 0.996663 0.0799887 0.0361604 -0.255918 -0.0814813 0.963258 0.487745 0 0 0 1 
4215528470135;1.17319;1.03496;0.98833 -0.0378186 0.147557 0.113999 0.0923896 0.918999 -0.383283 -0.468074 -0.12111 0.392442 0.911768 0.292614 0 0 0 1 
4215528470136;0.830588;0.712695;0.998403 0.000867224 0.0564919 -0.048509 -0.0175592 0.955129 0.295668 0.0432053 -0.0537006 -0.296187 0.953619 0.952431 0 0 0 1 
4215528470137;0.395265;0.17871;0.987917 -0.0309626 0.151857 0.0597728 -0.0366217 0.905455 0.42286 0.319542 -0.150593 -0.423312 0.893381 1.77614 0 0 0 1 
4215528470138;1.02893;0.903535;0.995614 0.0474308 -0.0806372 0.0357701 -0.0366776 0.990841 0.12996 0.14103 0.0860626 -0.126432 0.988235 -0.395285 0 0 0 1 
4215528470139;0.649753;0.287617;0.989316 -0.0557612 -0.134701 -0.0925478 0.0247078 0.974726 -0.222032 -0.110202 0.143678 0.216332 0.96569 -0.691209 0 0 0 1 
4215528470140;0.360307;0.116486;0.902552 -0.0183755 0.430188 0.340372 0.0583994 0.995081 -0.0800195 -0.2779 -0.426602 0.0973445 0.899186 1.75807 0 0 0 1 
4215528470141;0.657293;0.546153;0.997225 0.00929718 -0.0738649 -0.0987076 -0.0109248 0.999706 -0.0216613 0.0520084 0.0736418 0.0224081 0.997033 -0.451743 0 0 0 1 
4215528470142;0.724166;0.616202;0.999984 0.000647594 0.00559328 -0.0238955 -0.000435871 0.999286 -0.0377718 -0.0314457 -0.00561375 0.0377687 0.999271 0.261774 0 0 0 1 
4215528470143;0.681426;0.104272;0.944077 0.10949 -0.311016 -0.321627 -0.0320846 0.969286 0.243835 0.28567 0.328161 -0.22022 0.918593 -1.21956 0 0 0 1 
4215528470144;0.404104;0.311815;0.999959 0.00456479 -0.00780836 -0.0462162 -0.00419006 0.99887 0.0473514 0.0971193 0.00801569 -0.0473168 0.998848 -0.0176137 0 0 0 1 
4215528470145;0.189223;0.0440806;0.997834 -0.0524426 -0.0397097 0.174091 0.038955 0.95753 -0.285691 -0.05073 0.0530056 0.283526 0.957499 -0.886153 0 0 0 1 
4215528470146;0.235131;0.0773505;0.991953 0.041561 0.11959 -0.136772 -0.0402007 0.999097 -0.0137654 0.118412 -0.120054 0.00884701 0.992728 0.612802 0 0 0 1 
4215528470147;0.605051;0.477708;0.998961 0.00553499 -0.0452323 -0.0504811 -0.00578589 0.999969 -0.00541798 0.0209182 0.0452009 0.00567406 0.998962 -0.47277 0 0 0 1 
4215528470148;0.594371;0.324959;0.910769 -0.0485542 0.410053 0.4904 0.000811559 0.993271 0.11581 0.0223414 -0.412916 -0.105144 0.904679 2.45844 0 0 0 1 
4215528470149;0.787506;0.667379;0.999767 -0.00499041 0.0209941 0.0369852 0.00506368 0.999981 -0.00343862 -0.13742 -0.0209765 0.00354413 0.999774 0.0512653 0 0 0 1 
4215528470150;0.616542;0.209315;0.985516 0.0027401 0.169559 0.0657161 -0.00607344 0.999798 0.0191434 0.0080841 -0.169472 -0.0198959 0.985334 1.27922 0 0 0 1 
4215528470151;0.660847;0.565258;0.999812 -0.0125916 0.0147522 0.025916 0.0137457 0.996624 -0.0809443 0.00777249 -0.0136832 0.0811319 0.996609 -0.402795 0 0 0 1 
4215528470152;0.936036;0.219626;0.994686 0.00517581 0.102821 -0.0283393 -0.0098217 0.998951 0.0447297 0.0331805 -0.102481 -0.0455019 0.993694 -0.322312 0 0 0 1 
4215528470153;0.43556;0.400352;0.994077 -0.0357784 -0.102621 0.0549518 0.019949 0.988284 -0.151317 -0.0905679 0.106833 0.148374 0.983144 -0.858652 0 0 0 1 
4215528470155;0.767559;0.626445;0.999485 0.0275328 -0.0164788 -0.0773595 -0.0257638 0.994721 0.0993343 0.196192 0.0191267 -0.0988586 0.994918 -0.237968 0 0 0 1 
4215528470156;0.534127;0.0328338;0.955151 0.0945949 -0.280603 0.180267 -0.0662482 0.991847 0.108861 0.176324 0.288613 -0.0853889 0.953631 -1.40773 0 0 0 1 
4215528470157;0.770434;0.377355;0.991222 0.00748496 0.131999 -0.00501941 -0.00163332 0.999013 -0.0443837 -0.0313363 -0.132201 0.0437784 0.990256 1.13537 0 0 0 1 
4215528470158;0.945303;0.654695;0.98508 0.063143 -0.160096 0.0705933 -0.0363252 0.985589 0.165213 0.211331 0.16822 -0.156932 0.973177 -1.11811 0 0 0 1 
4215528470159;0.28795;0.181313;0.999443 -0.00356695 -0.0331881 -0.0226198 0.00277926 0.999714 -0.0237498 0.00608364 0.0332633 0.0236444 0.999167 0.0981452 0 0 0 1 
4215528470160;0.771203;0.555873;0.998519 -0.00601321 -0.0540783 0.013989 0.00439424 0.99954 -0.0300066 0.0211613 0.0542339 0.0297245 0.998086 -0.848777 0 0 0 1 
4215528470161;0.233784;0.222195;0.992881 0.0114993 0.118553 0.0282319 -0.0119634 0.999923 0.00320363 0.0294791 -0.118507 -0.00459912 0.992943 0.329308 0 0 0 1 
4215528470162;0.571431;0.368681;0.997724 0.012167 0.0663244 -0.240901 -0.023122 0.985685 0.167005 0.139949 -0.063343 -0.168159 0.983723 0.645021 0 0 0 1 
4215528470163;0.611739;0.193734;0.998976 -0.0164862 0.0421219 -0.136355 0.0176187 0.999489 -0.02666 -0.00795549 -0.0416608 0.0273749 0.998757 0.766415 0 0 0 1 
4215528470164;0.552648;0.512567;0.99911 -0.00131094 0.0421608 0.0282083 0.00297681 0.999216 -0.0394737 -0.0482868 -0.042076 0.0395641 0.998331 0.173142 0 0 0 1 
4215528470165;0.294545;0.0853525;0.998971 0.0201328 -0.0406347 -0.0540406 -0.0192388 0.999567 0.0222729 0.296918 0.0410656 -0.0214682 0.998926 -0.228826 0 0 0 1 
4215528470166;0.624564;0.556961;0.998999 -0.000364091 0.0447293 0.031255 0.00218299 0.999172 -0.0406226 -0.0303363 -0.0446774 0.0406796 0.998173 -0.190287 0 0 0 1 
4215528470167;0.723593;0.163865;0.998775 0.0494538 -0.00172263 -0.225714 -0.0494627 0.996728 -0.0639265 0.17861 -0.00144441 0.0639334 0.997953 0.774504 0 0 0 1 
4215528470168;0.682452;0.44445;0.928169 0.0907295 -0.36093 -0.254476 -0.0633232 0.994187 0.0870738 0.280966 0.366732 -0.057964 0.928519 -0.475744 0 0 0 1 
4215528470169;0.452691;0.129551;0.996398 0.0452582 -0.0717139 -0.0573703 -0.0369124 0.992829 0.113704 0.21685 0.0763457 -0.110647 0.990923 -0.601955 0 0 0 1 
4215528470170;0.927037;0.437625;0.975883 0.146243 -0.162065 -0.131932 -0.0661504 0.905627 0.418885 0.549483 0.208029 -0.398062 0.89346 -0.849338 0 0 0 1 
4215528470171;0.544194;0.396584;0.914554 -0.0290853 -0.403416 0.410245 -0.0648851 0.973943 -0.217315 0.271268 0.399225 0.224922 0.888836 -1.74356 0 0 0 1 
4215528470172;0.700934;0.399775;0.902058 0.0134789 0.431405 0.0673097 0.00303101 0.99929 -0.0375598 -0.068389 -0.431604 0.0351887 0.901376 1.72814 0 0 0 1 
4215528470173;0.534414;0.314172;0.983631 0.01815 -0.179277 0.083564 -0.0225217 0.999496 -0.0223797 0.0620393 0.17878 0.0260509 0.983544 -1.1408 0 0 0 1 
4215528470174;0.297039;0.0871997;0.998119 0.0580708 0.019653 -0.0185562 -0.060577 0.983495 0.170496 0.240404 -0.00942776 -0.171366 0.985162 -0.0918757 0 0 0 1 
4215528470175;0.347703;0.176525;0.992869 0.0330601 0.114539 -0.0404302 -0.0764151 0.913935 0.398602 0.245354 -0.0915031 -0.404512 0.909944 0.545061 0 0 0 1 
4215528470176;0.75672;0.517898;0.950524 -0.00274051 0.310639 0.0118974 0.068058 0.977506 -0.199627 0.0437539 -0.303104 0.210892 0.929329 0.445084 0 0 0 1 
4215528470177;0.756848;0.219262;0.998141 0.0498196 -0.0351069 0.0412234 -0.0369577 0.9528 0.30134 0.0988295 0.0484624 -0.299483 0.95287 -0.680594 0 0 0 1 
4215528470178;0.523311;0.502917;0.983503 -0.00942285 -0.180644 0.120141 -0.00640213 0.996203 -0.0868206 0.0656905 0.180776 0.0865449 0.979709 -0.880754 0 0 0 1 
4215528470179;0.41696;0.237638;0.959147 0.106164 -0.262233 -0.00757067 -0.0391971 0.967848 0.248461 0.364349 0.280179 -0.228032 0.93247 -0.734046 0 0 0 1 
4215528470180;0.591922;0.275769;0.992585 0.0346315 -0.116514 -0.00435141 -0.0310859 0.999001 0.032112 0.203766 0.117509 -0.028252 0.99267 -0.894736 0 0 0 1 
4215528470181;0.100371;0.0299887;0.997172 0.0712286 -0.0239537 -0.0570634 -0.0678048 0.990226 0.121878 0.268568 0.0324007 -0.119909 0.992256 0.00975449 0 0 0 1 
4215528470182;0.852078;0.319929;0.99192 0.00369223 -0.126814 0.17534 0.00139699 0.999198 0.040019 -0.0100282 0.12686 -0.0398728 0.991119 -1.30311 0 0 0 1 
4215528470183;0.165427;0.0221563;0.998903 -0.00946925 0.0458706 0.104941 0.0144446 0.993895 -0.10938 -0.0484168 -0.0445548 0.109923 0.992941 0.145083 0 0 0 1 
4215528470184;0.841318;0.422716;0.879029 -0.0134658 -0.476578 0.590235 -0.0317688 0.995725 -0.0867306 0.235784 0.475709 0.0913791 0.874843 -2.42536 0 0 0 1 
4215528470186;0.933251;0.528125;0.99985 0.00262445 0.0170992 0.0114217 -0.00426888 0.995289 0.0968558 -0.014628 -0.0167644 -0.0969143 0.995152 -0.545876 0 0 0 1 
4215528470187;0.872934;0.57495;0.960438 -0.0603321 -0.271881 0.401186 -0.00799522 0.969877 -0.243465 0.278638 0.27838 0.236007 0.931024 -2.30929 0 0 0 1 
4215528470188;0.636802;0.261797;0.999905 -0.00960135 -0.00985865 -0.15777 0.00774474 0.984789 -0.173583 -0.134841 0.0113753 0.17349 0.98477 0.0169894 0 0 0 1 
4215528470189;0.616608;0.362539;0.919679 0.0125122 0.392471 0.338705 0.0321012 0.993751 -0.106905 -0.12651 -0.391356 0.110917 0.913531 1.73863 0 0 0 1 
4215528470190;0.721491;0.400859;0.9999 0.0105825 0.00942601 -0.0646386 -0.0103807 0.999721 -0.0212029 0.0501951 -0.00964776 0.0211029 0.999731 -0.548488 0 0 0 1 
4215528470191;0.988569;0.409943;0.999529 0.030698 0.000574178 -0.176228 -0.0306025 0.994556 0.0996133 0.107016 0.00248687 -0.0995839 0.995026 1.02153 0 0 0 1 
4215528470192;0.483071;0.481116;0.99653 0.00451394 0.0831069 -0.0216249 0.00326458 0.99564 -0.0932235 0.0164341 -0.0831653 0.0931714 0.992171 0.210955 0 0 0 1 
4215528470193;1.00219;0.86591;0.993089 -0.00520701 0.117246 -0.00731767 -0.00304306 0.997537 0.0700766 0.0238463 -0.117322 -0.0699491 0.990627 1.16881 0 0 0 1 
4215528470194;0.574823;0.458012;0.97194 -0.043989 -0.23108 0.259955 -0.0264076 0.955745 -0.29301 0.296759 0.233743 0.29089 0.927764 -1.82706 0 0 0 1 
4215528470195;0.262201;0.218185;0.999703 0.0166435 -0.0177996 -0.0216967 -0.0157906 0.998769 0.047029 0.0756476 0.0185604 -0.0467339 0.998735 0.0970317 0 0 0 1 
4215528470196;0.705585;0.252482;0.999428 0.0215828 0.0260384 -0.121102 -0.0240618 0.994797 0.098991 0.142988 -0.0237665 -0.0995609 0.994748 0.914082 0 0 0 1 
4215528470197;0.958351;0.600911;0.972116 -0.019178 -0.233714 -0.0227858 0.00317725 0.997636 -0.068648 -0.0306133 0.234478 0.0659913 0.969879 -0.500206 0 0 0 1 
4215528470198;0.657229;0.546899;0.992243 0.0267156 -0.121409 0.0393296 -0.0200893 0.998258 0.0554785 0.136423 0.12268 -0.0526091 0.991051 -0.626626 0 0 0 1 
4215528470199;0.280312;0.187454;0.958158 -0.0189715 0.285612 0.157063 -0.0522694 0.969428 0.239744 0.290273 -0.281429 -0.244641 0.927873 1.57812 0 0 0 1 
4215528470200;0.717676;0.63437;0.977239 0.0579057 -0.204084 -0.102078 -0.0390334 0.994681 0.095317 0.205143 0.208518 -0.0851814 0.974302 -0.519612 0 0 0 1 
4215528470201;0.269494;0.0578301;0.99862 -0.0236937 0.0468721 0.0328413 0.0246956 0.999476 -0.0209129 0.0803595 -0.046352 0.0220416 0.998682 0.294075 0 0 0 1 
4215528470202;0.839096;0.505415;0.955397 -0.0277592 0.294018 -0.054844 0.00935618 0.997918 0.0638142 -0.10052 -0.295177 -0.058217 0.953667 0.696407 0 0 0 1 
4215528470203;0.446878;0.455782;0.999767 0.0184062 -0.0112439 -0.0918559 -0.018369 0.999825 0.00340028 0.0103585 0.0113045 -0.00319295 0.999931 -0.025978 0 0 0 1 
4215528470204;0.245546;0.261486;0.999848 -0.0106437 -0.0138053 0.0311019 0.0102875 0.999619 -0.0256194 -0.0073124 0.0140727 0.0254735 0.999576 -0.101195 0 0 0 1 
4215528470205;0.862633;0.0316922;0.999664 0.0253694 -0.00530547 -0.10442 -0.0253671 0.999678 0.000501111 -0.0523268 0.00531647 -0.000366358 0.999986 0.82108 0 0 0 1 
4215528470206;0.412937;0.257015;0.998622 0.0443664 -0.0280188 -0.0970326 -0.0341827 0.955154 0.294131 0.135111 0.0398117 -0.292768 0.955354 0.268147 0 0 0 1 
4215528470207;0.79837;0.0243612;0.997777 0.062739 -0.0224673 0.378982 -0.0460678 0.892981 0.447732 0.045213 0.0481531 -0.445701 0.893886 0.288399 0 0 0 1 
4215528470208;0.797346;0.265318;0.99812 0.016668 0.0589853 -0.130296 -0.0296678 0.973456 0.226945 0.172332 -0.0536369 -0.228268 0.97212 1.39285 0 0 0 1 
4215528470209;0.744174;0.0497955;0.999665 0.0182859 -0.0183337 -0.089804 -0.0187344 0.999522 -0.0245956 0.30519 0.0178752 0.0249308 0.999529 0.570227 0 0 0 1 
4215528470210;0.00963021;0.0287486;0.999987 -0.0019115 0.00479913 0.0326176 0.00192229 0.999996 -0.00224414 -0.0105109 -0.00479482 0.00225334 0.999986 0.0082666 0 0 0 1 
4215528470211;0.575999;0.28211;0.994614 0.0313313 -0.0987999 -0.0170902 -0.0278197 0.998938 0.0367223 0.161961 0.0998455 -0.033776 0.99443 -0.848561 0 0 0 1 
4215528470212;0.0961837;0.0223349;0.999311 -0.0356005 -0.010495 0.106358 0.033873 0.990377 -0.134184 -0.0853181 0.015171 0.133736 0.990901 -0.289834 0 0 0 1 
4215528470213;0.289621;0.203453;0.968176 -0.0390935 -0.247197 0.216894 -0.0411845 0.949372 -0.311444 0.254048 0.246858 0.311713 0.917549 -1.65862 0 0 0 1 
4215528470214;0.573067;0.169925;0.999346 -0.0067205 -0.0355375 0.0921266 0.00850558 0.998697 0.0503208 -0.0498954 0.035153 -0.0505902 0.998101 -0.581276 0 0 0 1 
4215528470215;0.890995;0.328242;0.999854 -0.0166509 0.00378559 0.069312 0.0166869 0.999814 -0.00970208 -0.0356252 -0.00362334 0.00976383 0.999946 -0.817292 0 0 0 1 
4215528470217;1.22438;0.195615;0.999834 0.00353709 -0.0178714 0.301801 -0.00390291 0.999783 -0.0204765 0.177897 0.0177951 0.0205428 0.999631 -0.980343 0 0 0 1 
4215528470218;0.463441;0.606987;0.999546 -0.0256081 -0.0158825 0.0542751 0.0221634 0.981865 -0.18828 0.0430532 0.020416 0.187843 0.981987 -1.24354 0 0 0 1 
4215528470219;1.25639;0.971493;0.997203 0.0575142 -0.0477382 -0.0620389 -0.0411708 0.955712 0.29141 0.19486 0.0623842 -0.28863 0.955406 0.447494 0 0 0 1 
4215528470220;0.864498;0.0649797;0.987851 0.0444008 0.148929 -0.354489 -0.102564 0.906244 0.410124 0.695877 -0.116757 -0.420416 0.899788 3.23809 0 0 0 1 
4215528470221;0.77456;0.754091;0.974923 0.00435913 0.2225 -0.084234 -0.00746909 0.999886 0.0131377 0.0227067 -0.222418 -0.0144702 0.974844 2.30895 0 0 0 1 
4215528470222;0.34545;0.348294;0.998141 -0.0363967 0.0488877 0.169959 0.036799 0.999296 -0.00735544 -0.338909 -0.0485855 0.00914079 0.998777 0.36877 0 0 0 1 
4215528470223;0.822643;0.486224;0.995545 -0.0530563 -0.0779484 0.526011 0.0443933 0.993056 -0.108949 -0.255168 0.0831875 0.105003 0.990987 -1.84239 0 0 0 1 
4215528470224;0.61224;0.35769;0.998067 -0.0263004 0.0563068 0.145652 0.0346145 0.987744 -0.152193 -0.168788 -0.0516139 0.153848 0.986746 -0.0415811 0 0 0 1 
4215528470225;0.96443;0.649308;0.999822 -0.000223455 0.0188866 -0.0196581 0.000210723 1 0.000676126 0.161934 -0.0188867 -0.000672026 0.999821 -0.0627533 0 0 0 1 
4215528470226;1.60186;0.425022;0.998832 0.0475275 0.00874246 -0.602634 -0.0471535 0.918947 0.391551 0.600958 0.0105756 -0.391506 0.920115 2.86348 0 0 0 1 
4215528470227;0.62327;0.15721;0.994007 -0.00548896 0.109176 -0.0695607 0.0123924 0.997958 -0.0626543 0.0440822 -0.10861 0.0636318 0.992046 0.472333 0 0 0 1 
4215528470228;0.76285;0.756392;0.9702 0.0132054 -0.241944 0.517754 0.0113476 0.994942 0.0998083 -0.202787 0.242038 -0.0995795 0.965143 -1.99337 0 0 0 1 
4215528470229;0.828483;0.0660366;0.935976 0.0157834 -0.351709 0.682999 -0.0385323 0.997586 -0.0577749 0.67513 0.349948 0.0676281 0.934325 -4.05814 0 0 0 1 
4215528470230;1.52282;1.38435;0.999961 -0.0019657 -0.00855963 -0.0643137 0.00217727 0.999691 0.024779 -0.0277274 0.00850827 -0.0247967 0.999656 -0.0690435 0 0 0 1 
4215528470231;1.36079;1.0904;0.952154 0.0600934 -0.299653 0.787541 -0.0545707 0.998151 0.026773 0.643349 0.300708 -0.00913971 0.953673 -3.21031 0 0 0 1 
4215528470232;1.01124;0.518338;0.995725 0.0272866 0.0882465 -0.178449 -0.0313329 0.998505 0.0447974 0.212039 -0.0868922 -0.0473709 0.995091 0.708547 0 0 0 1 
4215528470233;0.360528;0.08558;0.99978 -0.0197264 -0.00708044 0.110323 0.0198074 0.999737 0.0115616 -0.35756 0.00685051 -0.0116993 0.999908 0.127803 0 0 0 1 
4215528470234;0.247697;0.12437;0.999988 0.00229139 0.00434917 -0.0858023 -0.00228651 0.999997 -0.00112674 0.0229962 -0.00435174 0.00111678 0.99999 -0.00746275 0 0 0 1 
4215528470235;1.12906;1.23155;0.983492 -0.0917694 -0.155952 0.834474 0.0564545 0.974451 -0.217389 -0.231591 0.171917 0.204996 0.963546 -3.00438 0 0 0 1 
4215528470236;0.421865;0.214346;0.987603 0.143639 -0.0633021 -0.472565 -0.118806 0.947578 0.296616 1.13765 0.102589 -0.285418 0.952897 0.407629 0 0 0 1 
4215528470237;1.6174;1.09152;0.999779 0.015374 -0.014333 -0.242024 -0.0151618 0.999775 0.0148017 -0.00281107 0.0145573 -0.0145811 0.999788 0.620754 0 0 0 1 
4215528470238;1.42655;0.1558;0.973415 -0.0887693 0.211147 0.174925 0.118234 0.98427 -0.131273 -1.39147 -0.196173 0.152748 0.968599 2.02275 0 0 0 1 
4215528470239;1.23487;0.518602;0.993349 0.0428297 -0.106882 -0.300559 -0.0388686 0.998488 0.0388733 0.329398 0.108385 -0.0344604 0.993511 -0.348412 0 0 0 1 
4215528470240;1.31981;0.491478;0.995537 -0.0580967 0.0743708 0.0576486 0.0607024 0.997601 -0.0332679 -0.589089 -0.0722597 0.0376339 0.996676 1.26127 0 0 0 1 
4215528470241;0.144224;0.0450227;0.994221 -0.0587968 0.0898158 0.219515 0.0647806 0.995765 -0.0652269 -0.57436 -0.0856003 0.0706683 0.99382 0.475545 0 0 0 1 
4215528470242;0.341886;0.213132;0.996228 -0.0606835 0.0620261 0.272184 0.0678485 0.990352 -0.12083 -0.506736 -0.0540953 0.124583 0.990734 -0.18768 0 0 0 1 
4215528470243;0.806737;0.654144;0.998625 -0.025479 0.0458063 0.0314867 0.0282419 0.997755 -0.060719 -0.122258 -0.0441564 0.0619292 0.997103 -0.0152181 0 0 0 1 
4215528470244;0.044198;0.090037;0.999567 0.0293878 -0.00117641 -0.0895105 -0.0293871 0.999568 0.0006273 0.311804 0.00119434 -0.000592457 0.999999 -0.024442 0 0 0 1 
4215528470245;1.65415;0.745214;0.999849 0.0173674 -0.000584378 0.0975066 -0.0173645 0.997267 -0.0718139 0.570851 -0.000664437 0.0718132 0.997418 -1.22409 0 0 0 1 
4215528470246;0.359411;0.485701;0.993702 -0.0617776 0.0934858 0.404646 0.0680901 0.9955 -0.0659101 -0.51234 -0.0889933 0.0718605 0.993437 0.540123 0 0 0 1 
4215528470248;1.05013;1.0058;0.991683 0.008167 -0.128441 -0.0364484 -0.0122153 0.999452 -0.0307625 0.0632283 0.12812 0.0320757 0.99124 -0.650082 0 0 0 1 
4215528470249;0.429566;0.0611586;0.97572 -0.044267 0.214502 0.252407 -0.0177107 0.960209 0.278721 0.110783 -0.218305 -0.275753 0.936111 2.7436 0 0 0 1 
4215528470250;0.0803374;0.0282622;0.998426 0.0543451 -0.0138866 -0.238484 -0.0532078 0.995972 0.0721702 0.300642 0.0177528 -0.0713177 0.997296 0.167995 0 0 0 1 
4215528470251;0.907231;0.802225;0.995205 -0.0007945 0.0978069 -0.102055 -0.00688576 0.996917 0.0781622 0.0276278 -0.0975674 -0.0784608 0.992131 0.674453 0 0 0 1 
4215528470252;0.54782;0.0441635;0.999761 0.0180654 -0.0122885 0.0334233 -0.017794 0.999603 0.021847 0.0330252 0.0126783 -0.0216232 0.999686 -0.503808 0 0 0 1 
4215528470253;0.780027;0.69873;0.972054 0.0302777 -0.232797 0.170825 -0.0263927 0.999456 0.0197856 0.191186 0.233269 -0.0130885 0.972324 -1.41331 0 0 0 1 
4215528470254;0.503441;0.106023;0.97768 -0.0107677 0.209822 0.0648411 -0.0269145 0.984038 0.17591 0.0318356 -0.208367 -0.177631 0.961785 1.50031 0 0 0 1 
4215528470255;0.683372;0.398967;0.997093 -0.0230682 0.0726144 0.0425451 0.029357 0.995796 -0.0867652 -0.309737 -0.0703076 0.0886447 0.993579 0.38948 0 0 0 1 
4215528470256;0.928983;0.460505;0.997345 0.0277929 -0.0673069 -0.193503 -0.025408 0.999028 0.0360345 0.148228 0.068243 -0.0342287 0.997081 0.398384 0 0 0 1 
4215528470257;0.749547;0.260229;0.995243 -0.0291635 -0.092951 0.288549 0.0116584 0.982938 -0.18357 0.20073 0.0967186 0.181613 0.978602 -1.8823 0 0 0 1 
4215528470258;0.0650151;0.0615805;0.999887 -0.0141998 0.00496442 0.0785065 0.0142212 0.99989 -0.00428947 -0.066885 -0.00490297 0.00435959 0.999978 -0.0190894 0 0 0 1 
