#;prob_registration_l1 -r /home/probabilistic_point_clouds_registration/build/tester /home/point_clouds_registration_benchmark//devel/registration_pairs/planetary_map_local.txt /home/point_clouds_registration_benchmark//planetary/p2at_met -s 0.2 -t 0.2 -p 0.3 -r 1000 -m 1 -i 40 
id;initial_error;final_error;transformation
25528382210000;2.8561;1.69241;0.999921 -0.0121981 -0.00316554 -0.800869 0.0122598 0.99972 0.0202605 -0.146663 0.00291752 -0.0202977 0.99979 1.14385 0 0 0 1 
25528382210001;2.11331;1.83959;0.999849 0.016942 -0.00387748 0.838715 -0.0160623 0.985966 0.166175 -0.530276 0.00663839 -0.166087 0.986089 -9.04976 0 0 0 1 
25528382210002;1.70145;1.6324;0.974074 0.00171549 0.226221 0.584058 0.053616 0.969731 -0.238216 -2.2595 -0.219783 0.244169 0.944498 13.6267 0 0 0 1 
25528382210003;1.37022;0.572382;0.999993 -0.00295952 0.00213335 -0.351008 0.00294566 0.999975 0.00647412 -0.058234 -0.00215246 -0.00646779 0.999977 0.821489 0 0 0 1 
25528382210004;1.75339;1.38037;0.967255 -0.0391827 0.250764 -1.65442 0.00834827 0.992389 0.122863 -0.260417 -0.253669 -0.116746 0.96022 -5.39066 0 0 0 1 
25528382210005;0.735848;0.436763;0.99376 -0.00385061 0.111475 0.0870799 0.0372576 0.953462 -0.299204 -3.01163 -0.105135 0.30149 0.947655 16.1667 0 0 0 1 
25528382210006;1.57164;0.56305;0.997723 0.00297015 -0.0673865 0.189971 -0.00454607 0.999719 -0.023245 0.13443 0.0672985 0.0234984 0.997456 -0.744735 0 0 0 1 
25528382210007;1.73822;1.60519;0.999933 -0.00493825 -0.0104323 -0.140901 0.00444835 0.99891 -0.0464722 -0.164689 0.0106504 0.0464227 0.998865 1.73389 0 0 0 1 
25528382210008;0.906109;0.915045;0.995264 -0.000225576 0.0972078 0.159413 -0.00133274 0.999872 0.0159656 0.0394048 -0.0971989 -0.0160195 0.995136 -0.287406 0 0 0 1 
25528382210009;0.490985;0.351745;0.972633 0.0259709 -0.230893 1.15307 -0.00167581 0.994492 0.104801 -0.0904422 0.232343 -0.101546 0.967319 -6.60234 0 0 0 1 
25528382210010;2.17163;1.54819;0.98851 -0.0227509 -0.149431 -0.915992 -0.0433163 0.904505 -0.424256 -3.93975 0.144813 0.425855 0.893128 18.0708 0 0 0 1 
25528382210011;2.42393;1.99624;0.999768 0.0207973 -0.00553217 1.18065 -0.0198751 0.990882 0.133259 -0.17078 0.00825315 -0.133118 0.991066 -8.15011 0 0 0 1 
25528382210012;1.04957;0.656222;0.997552 -0.00626572 -0.0696469 -0.373046 0.0021763 0.998277 -0.058638 -0.26562 0.0698943 0.0583429 0.995847 3.04625 0 0 0 1 
25528382210013;1.47687;1.27783;0.999994 -0.00221058 0.00269673 -0.12731 0.00219844 0.999987 0.00449499 -0.0222038 -0.00270663 -0.00448903 0.999986 0.423756 0 0 0 1 
25528382210014;2.77484;2.40708;0.983599 -0.0264471 0.17842 -0.861506 -0.0400982 0.932376 0.35926 -2.59228 -0.175856 -0.360522 0.916023 -16.0277 0 0 0 1 
25528382210015;1.8346;1.65152;0.996611 -0.00632213 0.082017 -0.19944 0.0114572 0.997992 -0.062291 -0.342749 -0.0814585 0.0630195 0.994682 4.38321 0 0 0 1 
25528382210016;0.567147;0.333939;0.993514 0.0218552 -0.111593 1.04415 -0.00292602 0.985945 0.167044 -0.536688 0.113676 -0.165634 0.979614 -9.54693 0 0 0 1 
25528382210017;2.04883;1.52351;0.949991 0.0571513 -0.307001 2.42542 0.0158023 0.973052 0.230042 -1.12825 0.311876 -0.223389 0.923488 -12.0888 0 0 0 1 
25528382210018;2.95759;1.81459;0.999305 0.0372389 -0.00194235 1.5635 -0.0337026 0.924244 0.380312 -2.53424 0.0159576 -0.379982 0.924856 -17.0827 0 0 0 1 
25528382210019;2.21355;2.08155;0.995697 0.000869972 0.0926686 0.161819 -0.000594144 0.999995 -0.00300405 0.134837 -0.0926708 0.00293606 0.995692 -0.151896 0 0 0 1 
25528382210020;0.308749;0.204926;0.985388 -0.00637013 0.170204 -0.0497901 0.0488467 0.967893 -0.246571 -2.26662 -0.163168 0.251282 0.954061 13.4946 0 0 0 1 
25528382210021;1.80312;1.57301;0.999957 0.00515609 -0.00774142 0.170273 -0.00466519 0.998056 0.0621432 0.000599868 0.00804679 -0.0621044 0.998037 -2.3911 0 0 0 1 
25528382210022;2.94324;2.59465;0.879511 -0.0404309 -0.474157 -2.0799 -0.00135682 0.996167 -0.0874589 -0.189643 0.475876 0.0775645 0.876086 1.23371 0 0 0 1 
25528382210023;1.21687;1.16025;0.889683 -0.00462178 -0.456554 0.0492764 -0.0336526 0.996565 -0.0756669 0.220488 0.455336 0.0826838 0.886472 0.417441 0 0 0 1 
25528382210024;1.44022;1.33265;0.999353 -0.004842 0.0356407 -0.188146 0.00599561 0.999459 -0.0323324 -0.140981 -0.0354649 0.0325252 0.998842 1.36208 0 0 0 1 
25528382210025;2.35204;2.28986;0.99996 0.00113694 -0.0088441 0.147534 -0.00103221 0.999929 0.0118369 -0.0601923 0.00885693 -0.0118273 0.999891 -0.854537 0 0 0 1 
25528382210026;1.69358;0.602839;0.997271 -0.00628231 0.0735587 -0.345917 0.00492278 0.999814 0.0186489 0.141399 -0.0736622 -0.0182359 0.997117 -1.89863 0 0 0 1 
25528382210027;2.42888;1.7758;0.997737 -0.00612433 0.0669652 -0.277731 0.00792517 0.999613 -0.0266596 -0.195776 -0.066776 0.02713 0.997399 3.52746 0 0 0 1 
25528382210028;0.814222;0.370394;0.971486 0.00151038 -0.237092 0.155282 -0.0203794 0.996811 -0.0771543 0.0338407 0.23622 0.0797861 0.968419 1.60545 0 0 0 1 
25528382210029;0.390701;0.323182;0.971315 -0.0499131 -0.232498 -2.43232 -0.0178243 0.95969 -0.280494 -2.22386 0.237126 0.276592 0.931272 11.9221 0 0 0 1 
25528382210031;1.54457;0.769464;0.999796 0.00924286 -0.0179372 0.372891 -0.00825004 0.998471 0.0546555 -0.0439209 0.0184149 -0.0544964 0.998344 -3.26729 0 0 0 1 
25528382210032;0.49374;0.476966;0.999951 0.00981414 -0.000977281 0.301187 -0.00961011 0.99183 0.127202 -0.00802425 0.00221767 -0.127186 0.991876 -3.83039 0 0 0 1 
25528382210033;0.496545;0.291961;0.998182 0.00439613 0.0601054 0.191823 -0.00551631 0.999814 0.0184838 0.0608651 -0.060013 -0.0187817 0.998021 -0.512586 0 0 0 1 
25528382210034;1.67751;1.2661;0.999629 -0.0114795 -0.0246868 -0.24874 0.00897951 0.995037 -0.0990957 -0.156089 0.0257019 0.0988373 0.994772 1.7716 0 0 0 1 
25528382210035;1.14274;0.412358;0.996877 0.00971853 -0.0783745 0.395678 -0.0059919 0.998846 0.0476448 0.0184912 0.0787472 -0.0470264 0.995785 -3.30784 0 0 0 1 
25528382210036;0.657758;0.27396;0.998761 0.00750729 0.0491897 0.2491 -0.0134433 0.992503 0.121482 0.0523418 -0.0479089 -0.121993 0.991374 -2.76079 0 0 0 1 
25528382210037;0.42747;0.185279;0.943507 0.0113458 -0.331157 0.651485 0.00980249 0.99802 0.0621216 -0.15535 0.331207 -0.0618584 0.941528 -5.14904 0 0 0 1 
25528382210038;2.16463;1.63556;0.995368 -0.00971041 -0.0956451 -0.494271 0.0066536 0.999458 -0.0322271 -0.0713025 0.0959063 0.0314415 0.994894 1.72541 0 0 0 1 
25528382210039;1.45509;1.25754;0.999773 0.00494696 0.0207223 0.056839 -0.00636251 0.997609 0.0688113 0.067051 -0.0203324 -0.0689275 0.997414 -1.15015 0 0 0 1 
25528382210040;1.05221;0.982082;0.996013 -0.00877275 -0.0887739 -0.293524 0.00434338 0.998741 -0.0499656 -0.0734902 0.0891006 0.0493808 0.994798 0.478056 0 0 0 1 
25528382210041;1.71424;0.77832;0.907954 -0.0122935 0.418889 0.853523 -0.0136386 0.998173 0.0588564 0.137934 -0.418848 -0.0591519 0.906128 3.38646 0 0 0 1 
25528382210042;0.574012;0.392544;0.988365 -0.0025561 0.152079 0.143202 0.0517088 0.945952 -0.320158 -2.41511 -0.143041 0.324297 0.935078 11.5132 0 0 0 1 
25528382210043;0.513876;0.296174;0.999785 0.0169716 0.0118818 0.577255 -0.0190175 0.97933 0.201371 -0.318053 -0.00821862 -0.201553 0.979443 -6.59181 0 0 0 1 
25528382210044;0.355334;0.206269;0.913835 -0.0134425 0.405863 0.715889 -0.04408 0.990263 0.132048 0.248387 -0.403686 -0.138561 0.904344 -0.903612 0 0 0 1 
25528382210045;1.15928;1.08606;0.99929 -0.00382694 -0.0374863 -0.185652 0.00210824 0.998949 -0.0457816 -0.0828501 0.0376221 0.0456701 0.998248 0.797966 0 0 0 1 
25528382210046;2.5411;1.21529;0.994674 0.0180691 0.101475 0.736 -0.0576955 0.913427 0.402892 -2.40168 -0.0854098 -0.406601 0.909605 -13.9257 0 0 0 1 
25528382210047;2.63214;2.23211;0.963301 -0.0797624 -0.2563 -2.61357 -0.0124602 0.940514 -0.339526 -2.28309 0.268135 0.330259 0.905004 8.67274 0 0 0 1 
25528382210048;0.0550198;0.0271712;0.999764 -0.000104527 -0.0217182 -0.0148851 -0.000200811 0.999901 -0.0140564 -0.00917698 0.0217176 0.0140575 0.999665 0.182709 0 0 0 1 
25528382210049;0.624254;0.382699;0.999017 0.014262 0.0419752 0.47734 -0.0231686 0.975209 0.220069 -0.319839 -0.037796 -0.220825 0.974581 -5.99766 0 0 0 1 
25528382210050;1.7141;0.38814;0.999738 0.000522021 0.0228727 -0.0550068 0.000591019 0.998817 -0.0486287 -0.0311258 -0.022871 0.0486294 0.998555 3.5345 0 0 0 1 
25528382210051;0.731618;0.71802;0.998896 0.0152774 -0.0444203 0.434014 -0.0108859 0.995178 0.0974757 0.0311359 0.0456953 -0.0968845 0.994246 -3.32726 0 0 0 1 
25528382210052;0.501673;0.452004;0.945974 0.0188507 -0.323695 0.795237 0.0183033 0.993612 0.111354 -0.293057 0.323727 -0.111263 0.939586 -6.19878 0 0 0 1 
25528382210053;0.245766;0.276655;0.996401 -0.000529225 0.0847592 -0.0112201 0.0128644 0.98934 -0.145052 -0.598419 -0.0837789 0.14562 0.985787 5.05538 0 0 0 1 
25528382210054;2.27774;1.85145;0.998373 -0.00428423 0.0568586 -0.182328 0.00728323 0.998587 -0.0526429 -0.101009 -0.0565527 0.0529714 0.996993 3.49646 0 0 0 1 
25528382210055;0.613367;0.6036;0.997126 0.00421221 -0.0756391 0.0302771 -0.00149911 0.999355 0.0358901 0.0187301 0.0757415 -0.0356736 0.996489 -1.60193 0 0 0 1 
25528382210056;2.21606;2.05117;0.993176 0.0363948 -0.110797 1.20004 -0.0109598 0.97498 0.22202 -0.598413 0.116106 -0.219291 0.968726 -8.50051 0 0 0 1 
25528382210057;2.17431;2.06576;0.999975 -0.00517798 -0.00488195 -0.226741 0.00500735 0.999398 -0.0343387 -0.0934893 0.00505682 0.0343133 0.999398 1.81036 0 0 0 1 
25528382210058;0.777574;0.577355;0.945067 0.0917756 -0.313729 2.90145 0.0331105 0.927963 0.371199 -2.1393 0.325196 -0.361196 0.873948 -13.7939 0 0 0 1 
25528382210059;0.655634;0.213049;0.998571 0.0149318 -0.0513096 0.49315 -0.00991962 0.995275 0.0965866 -0.0560648 0.0525094 -0.0959397 0.994001 -4.1049 0 0 0 1 
25528382210060;1.3379;0.389767;0.945445 -0.0521114 -0.321587 -1.76467 -0.0152636 0.978954 -0.203508 -0.904649 0.325424 0.197314 0.924752 4.49448 0 0 0 1 
25528382210062;1.314;0.990995;0.99646 0.0049762 -0.0839189 -0.0576701 -0.000955176 0.998852 0.0478878 0.0881037 0.0840609 -0.0476382 0.995321 -2.03842 0 0 0 1 
25528382210063;2.15505;1.50813;0.99999 -0.00445383 -0.000196227 -0.232112 0.00443776 0.998656 -0.0516291 -9.32974e-05 0.000425911 0.0516277 0.998666 3.02597 0 0 0 1 
25528382210064;0.553066;0.424485;0.984856 -0.00473698 0.173308 -0.403433 0.0311707 0.988176 -0.150124 -0.76561 -0.170547 0.153253 0.973359 10.3155 0 0 0 1 
25528382210065;1.61508;0.673771;0.994335 0.0254491 -0.103201 1.76828 -0.00765027 0.985532 0.169319 -0.897148 0.106017 -0.16757 0.980143 -12.2906 0 0 0 1 
25528382210066;1.78743;1.04605;0.999945 0.00431537 0.00959112 0.297554 -0.00454715 0.999695 0.0242769 -0.0140511 -0.00948343 -0.0243191 0.999659 -0.936676 0 0 0 1 
25528382210067;0.672032;0.575401;0.994101 -0.0129722 -0.107681 -1.7908 0.00292378 0.995666 -0.0929545 -0.652224 0.10842 0.0920913 0.98983 11.908 0 0 0 1 
25528382210068;1.84994;0.858928;0.997963 0.00820757 -0.0632589 0.197529 -0.00518909 0.998847 0.0477336 0.00868874 0.0635778 -0.0473082 0.996855 -1.38181 0 0 0 1 
25528382210069;2.23987;0.37455;0.981583 -0.0345642 -0.187886 -3.78785 -0.010144 0.972679 -0.231933 -3.01552 0.190769 0.229568 0.954414 24.8136 0 0 0 1 
25528382210070;2.2156;0.92172;0.999974 0.000427616 -0.00722557 -0.184083 -0.000403834 0.999994 0.00329255 -0.0645273 0.00722694 -0.00328955 0.999968 2.21913 0 0 0 1 
25528382210071;1.44584;1.26888;0.999056 -0.0427062 0.00791984 -4.19577 0.0416347 0.889661 -0.454719 -11.0686 0.0123733 0.454619 0.8906 44.4782 0 0 0 1 
25528382210072;1.6175;1.66962;0.998335 -0.0413297 -0.0402386 -4.3558 0.0240402 0.932232 -0.361062 -7.26822 0.0524343 0.359493 0.931673 37.1662 0 0 0 1 
25528382210073;2.148;0.413182;0.999102 0.00503298 -0.0420609 -0.067392 -0.00312887 0.998972 0.0452143 0.127852 0.0422452 -0.0450421 0.998091 -1.01662 0 0 0 1 
25528382210074;1.21241;0.363363;0.99127 -0.00650966 0.131686 -0.524903 0.00439501 0.999857 0.0163425 0.190272 -0.131774 -0.0156211 0.991157 -6.45814 0 0 0 1 
25528382210075;0.469924;0.161281;0.968026 -0.0301758 -0.249028 -4.41385 -0.0109401 0.986715 -0.162091 -1.99072 0.250611 0.159633 0.954836 21.4177 0 0 0 1 
25528382210076;1.94829;1.09429;0.999913 0.00787911 -0.0105377 0.536951 -0.00702013 0.996834 0.0792049 -0.159451 0.0111284 -0.079124 0.996803 -5.64583 0 0 0 1 
25528382210077;1.55351;0.723865;0.999892 0.00668303 -0.0130781 0.820324 -0.0058228 0.997885 0.064743 -0.172879 0.0134831 -0.0646599 0.997816 -7.97543 0 0 0 1 
25528382210078;1.78754;1.50565;0.99982 0.00385933 0.0185644 0.394729 -0.00439923 0.999566 0.0291301 -0.0416648 -0.0184439 -0.0292065 0.999403 -2.42349 0 0 0 1 
25528382210079;0.52952;0.333674;0.966629 -0.0182033 -0.255532 -3.39191 -0.00908049 0.994411 -0.105188 -1.06864 0.256019 0.103998 0.961061 16.2259 0 0 0 1 
25528382210080;0.579865;0.175367;0.999959 0.000962549 -0.00899896 0.0192208 -0.000964621 1 -0.00022589 -0.0361776 0.00899873 0.000234561 0.999959 0.801477 0 0 0 1 
25528382210081;1.6725;1.65159;0.999711 -0.00429324 0.0236324 -0.323609 0.00588965 0.997675 -0.0679023 -0.251822 -0.0232859 0.0680219 0.997412 5.95703 0 0 0 1 
25528382210082;1.80785;0.196458;0.959543 -0.0117681 0.281315 -1.00246 -0.0287415 0.989813 0.139442 -1.09302 -0.28009 -0.141886 0.94943 -19.345 0 0 0 1 
25528382210083;0.928935;0.286046;0.982556 -0.0295225 -0.183609 -4.10744 -0.00926591 0.978321 -0.206889 -3.10512 0.185736 0.204981 0.960981 25.8061 0 0 0 1 
25528382210084;1.83208;1.46384;0.998948 -0.0151213 -0.0432874 -1.53303 0.00942934 0.991626 -0.128796 -0.796034 0.0448725 0.128253 0.990726 12.2835 0 0 0 1 
25528382210085;0.401662;0.253534;0.993821 0.0477497 -0.1002 4.3549 -0.0155226 0.953655 0.3005 -4.20522 0.109905 -0.297088 0.948504 -27.3988 0 0 0 1 
25528382210086;1.45129;1.27628;0.996972 -0.00208382 -0.0777371 -0.613522 -0.000166442 0.999581 -0.0289294 -0.126314 0.0777648 0.0288547 0.996554 5.53945 0 0 0 1 
25528382210087;0.345605;0.141779;0.93867 -0.00142805 0.344813 -0.663058 0.0321096 0.996008 -0.0832857 0.161106 -0.343317 0.0892497 0.934969 0.167435 0 0 0 1 
25528382210088;0.167837;0.16754;0.999958 -0.00287079 -0.00875608 -0.306835 0.00287645 0.999996 0.000634589 0.0620968 0.00875422 -0.000659748 0.999961 -0.172537 0 0 0 1 
25528382210089;1.83562;1.8325;0.999819 0.00112129 0.0189728 0.191811 -0.000479029 0.999428 -0.0338223 -0.138942 -0.0189998 0.0338071 0.999248 2.50722 0 0 0 1 
25528382210090;2.15758;0.17558;0.999992 -0.00237332 -0.00310337 -0.441484 0.00228488 0.9996 -0.028195 -0.164595 0.00316904 0.0281877 0.999598 5.41338 0 0 0 1 
25528382210091;0.893388;0.496619;0.999884 -0.0121024 0.00928433 -1.25864 0.0131429 0.992478 -0.121715 -0.844635 -0.00774146 0.121823 0.992522 12.5628 0 0 0 1 
25528382210093;1.89713;0.241697;0.978217 0.0407544 -0.203545 -1.03192 -0.0208578 0.994873 0.0989558 -0.34474 0.206535 -0.0925547 0.974052 4.39931 0 0 0 1 
25528382210094;0.825331;0.41339;0.997723 0.0293262 -0.0607401 0.14731 -0.00848338 0.947942 0.318331 0.119634 0.0669135 -0.317091 0.946032 -1.83658 0 0 0 1 
25528382210095;0.858473;0.710981;0.963545 0.035661 0.265159 0.205628 -0.0719129 0.989126 0.128294 -1.03968 -0.2577 -0.142685 0.955632 -4.38744 0 0 0 1 
25528382210096;0.8797;0.431883;0.964214 0.0225575 0.264163 0.218573 -0.11488 0.933526 0.339604 -1.55737 -0.238942 -0.357798 0.902711 -6.80896 0 0 0 1 
25528382210097;2.1961;1.63459;0.999371 -0.018076 0.0305242 0.208277 0.0189983 0.999363 -0.0302008 0.245363 -0.0299588 0.0307617 0.999078 -1.62283 0 0 0 1 
25528382210098;1.08082;0.813327;0.999777 -0.0179643 -0.0111096 0.00927169 0.01671 0.994415 -0.104208 0.0512729 0.0129196 0.104 0.994493 0.161947 0 0 0 1 
25528382210099;0.565162;0.567205;0.951789 -0.0275271 -0.305515 -1.59943 -0.00646232 0.993945 -0.109688 -0.541233 0.306685 0.106374 0.945848 5.57845 0 0 0 1 
25528382210100;1.81678;1.71859;0.999463 0.0267795 0.0188721 0.263118 -0.0300949 0.978116 0.205871 -0.0723666 -0.012946 -0.206328 0.978397 -1.34795 0 0 0 1 
25528382210101;0.708323;0.503641;0.998364 -0.031128 -0.0479575 -0.402468 0.0306586 0.999475 -0.0104917 0.403178 0.0482589 0.00900419 0.998794 1.2706 0 0 0 1 
25528382210102;2.25601;2.05392;0.994796 -0.0345259 -0.0958611 -0.119933 0.0181871 0.985899 -0.166351 0.0536629 0.100253 0.163742 0.981396 1.32268 0 0 0 1 
25528382210103;0.72475;0.452814;0.999695 0.024059 -0.00557351 0.233696 -0.0235683 0.99685 0.0757242 -0.23981 0.0073778 -0.0755697 0.997113 0.229044 0 0 0 1 
25528382210104;2.73972;1.67708;0.990282 0.0315273 -0.135451 -0.449552 0.0021195 0.97043 0.241372 0.56747 0.139055 -0.239314 0.960933 2.60164 0 0 0 1 
25528382210105;1.37462;1.28084;0.983252 -0.048741 0.175611 -0.097288 0.134242 0.845404 -0.516983 0.411641 -0.123264 0.531899 0.837789 0.19675 0 0 0 1 
25528382210106;1.98093;0.225432;0.992998 -0.0812704 -0.0857277 -0.287467 0.041265 0.918651 -0.392908 0.14184 0.110686 0.38662 0.915573 2.27238 0 0 0 1 
25528382210107;2.7132;2.21037;0.999942 -0.00210119 0.0105761 0.331079 0.00184644 0.999709 0.0240392 0.0910173 -0.0106236 -0.0240183 0.999655 -1.91834 0 0 0 1 
25528382210108;2.24596;1.74837;0.973164 0.0201858 -0.229224 -0.155506 -0.030561 0.998658 -0.0418022 -0.584647 0.228073 0.0476857 0.972476 2.6662 0 0 0 1 
25528382210109;1.35089;0.412093;0.99723 -0.0171035 0.0723803 0.133054 0.0253153 0.993146 -0.114105 0.358162 -0.0699326 0.115621 0.990829 -1.54586 0 0 0 1 
25528382210110;1.54595;1.25416;0.997646 0.0568091 -0.0384027 0.249609 -0.0309463 0.87277 0.487149 0.0937709 0.0611912 -0.484814 0.872474 -2.10499 0 0 0 1 
25528382210111;0.364366;0.159283;0.985136 -0.00713666 -0.171627 -0.712694 -0.00139942 0.99877 -0.0495638 -0.230332 0.17177 0.0490673 0.983914 3.26612 0 0 0 1 
25528382210112;2.44837;1.96619;0.992872 -0.0208016 0.117357 -0.0409583 -0.00896103 0.968836 0.24754 0.485078 -0.118849 -0.246827 0.961744 -1.86573 0 0 0 1 
25528382210113;0.357128;0.271202;0.999586 0.0248278 0.0145526 0.203301 -0.025658 0.997871 0.0599531 -0.3792 -0.0130331 -0.0603017 0.998095 -0.196446 0 0 0 1 
25528382210114;2.52967;1.05276;0.953064 -0.0504615 0.298534 -0.706616 0.152045 0.932436 -0.327789 1.95334 -0.261823 0.357795 0.896343 -4.09929 0 0 0 1 
25528382210115;1.99023;0.358478;0.998053 0.00767223 -0.0618957 -0.309056 -0.00681686 0.999878 0.0140188 -0.134815 0.0619957 -0.0135696 0.997984 2.91072 0 0 0 1 
25528382210116;0.274109;0.183438;0.998251 0.020556 -0.0554259 -0.0130383 -0.00672986 0.971017 0.238916 0.312275 0.0587306 -0.238126 0.969457 -0.497939 0 0 0 1 
25528382210117;0.456139;0.295764;0.975704 0.0309661 0.216892 0.283775 -0.0682475 0.983664 0.166577 -0.826743 -0.20819 -0.177332 0.961878 -4.50931 0 0 0 1 
25528382210118;1.00279;0.305423;0.998985 0.00121604 0.0450191 0.142751 -0.0010439 0.999992 -0.00384697 0.0724008 -0.0450234 0.00379607 0.998979 -1.5844 0 0 0 1 
25528382210119;1.53716;1.29857;0.995892 0.0120453 0.0897416 0.18522 0.0102284 0.969803 -0.243676 -0.834766 -0.0899668 0.243593 0.965696 0.711654 0 0 0 1 
25528382210120;1.16367;0.794369;0.999418 -0.00241476 0.0340326 0.0853079 0.00126774 0.999432 0.0336849 0.142105 -0.0340946 -0.0336221 0.998853 0.0971581 0 0 0 1 
25528382210121;1.92017;1.84441;0.99833 0.032438 0.0478044 0.439258 -0.0403272 0.983813 0.174604 -0.574543 -0.0413667 -0.176241 0.983478 -2.66952 0 0 0 1 
25528382210122;1.42171;0.640013;0.99534 0.00128826 -0.0964241 0.144356 -0.00564355 0.998975 -0.044909 -0.0691033 0.0962675 0.0452438 0.994327 0.555879 0 0 0 1 
25528382210124;1.41534;0.570032;0.999898 0.00727481 -0.012297 0.766072 -0.00658951 0.998471 0.0548798 -0.244319 0.0126774 -0.0547932 0.998417 -5.87333 0 0 0 1 
25528382210125;0.633729;0.37406;0.991927 -0.0308664 -0.122998 -2.81791 0.0130042 0.989571 -0.143459 -1.0049 0.126144 0.140702 0.981983 12.3139 0 0 0 1 
25528382210126;0.445145;0.326685;0.952124 -0.0103053 -0.30554 -1.58109 0.0171212 0.999661 0.0196364 0.117441 0.305234 -0.0239275 0.951977 -0.21637 0 0 0 1 
25528382210127;0.670288;0.594633;0.998435 -0.0117553 -0.0546726 -1.07994 0.00795324 0.997568 -0.0692477 -0.214688 0.0553536 0.0687045 0.9961 5.89517 0 0 0 1 
25528382210128;2.24311;1.78441;0.999975 -0.00517774 0.00490156 -0.170777 0.00529909 0.999671 -0.0250776 -0.135803 -0.00477011 0.025103 0.999673 0.0180643 0 0 0 1 
25528382210129;1.80511;1.53013;0.984238 0.00602854 0.176744 0.76556 -0.00725469 0.999954 0.00629202 0.124195 -0.176698 -0.00747507 0.984237 -0.286548 0 0 0 1 
25528382210130;0.986557;0.184452;0.999009 0.00863975 0.0436668 0.702995 -0.012039 0.996866 0.0781924 0.0249885 -0.0428543 -0.0786406 0.995982 -5.34618 0 0 0 1 
25528382210131;2.11864;2.04935;0.984515 -0.105128 -0.140282 -8.4242 0.0321309 0.894886 -0.445136 -8.78064 0.172332 0.433736 0.884407 34.4832 0 0 0 1 
25528382210132;0.163045;0.158967;0.999931 -0.00621625 -0.0100017 -0.494594 0.00589951 0.99949 -0.0313928 -0.0976479 0.0101917 0.0313317 0.999457 2.33314 0 0 0 1 
25528382210133;1.8377;0.95439;0.999872 0.00451386 -0.015324 0.10059 -0.00476295 0.999856 -0.0162576 -0.0449419 0.0152484 0.0163286 0.99975 3.27334 0 0 0 1 
25528382210134;1.18998;0.875882;0.999994 0.00277777 0.00215112 0.144127 -0.00269896 0.999355 -0.035815 -0.11829 -0.00224922 0.0358089 0.999356 3.70508 0 0 0 1 
25528382210135;0.879278;0.715329;0.999156 0.00760364 0.0403644 0.56334 -0.00925512 0.999121 0.0408865 0.00672444 -0.040018 -0.0412256 0.998348 -2.89605 0 0 0 1 
25528382210136;1.20454;1.08816;0.937308 0.0289211 0.347299 2.53135 0.0291368 0.986558 -0.160791 -1.09338 -0.347281 0.16083 0.923867 11.449 0 0 0 1 
25528382210137;0.490225;0.537068;0.999943 -0.00343476 0.0101565 -0.24195 0.00413537 0.997553 -0.0697856 -0.25855 -0.00989193 0.0698236 0.99751 5.16611 0 0 0 1 
25528382210138;0.898047;0.916034;0.999884 -0.00915082 0.0121699 -0.645896 0.0102139 0.995855 -0.0903756 -0.426605 -0.0112925 0.0904894 0.995833 6.69703 0 0 0 1 
25528382210139;0.258844;0.219176;0.998429 -0.00342385 0.0559183 -0.147142 0.00628829 0.998672 -0.05113 -0.170225 -0.055669 0.0514014 0.997125 3.76321 0 0 0 1 
25528382210140;1.51354;1.39813;0.999444 -0.0102968 0.0317275 -0.663977 0.0138327 0.993462 -0.113323 -0.64031 -0.0303532 0.113699 0.993052 7.9467 0 0 0 1 
25528382210141;0.177514;0.210444;0.968346 0.0113303 0.249355 1.15421 -0.0271493 0.997824 0.0600922 -0.193844 -0.248132 -0.0649599 0.966546 -6.6712 0 0 0 1 
25528382210142;1.7221;1.50642;0.990952 0.0137797 -0.133506 0.67802 0.0041935 0.991051 0.133416 -0.368977 0.13415 -0.132769 0.982027 -9.23061 0 0 0 1 
25528382210143;1.74732;1.71636;0.994095 -0.0166624 -0.107222 -1.52329 0.0121107 0.999003 -0.0429635 -0.0388553 0.107831 0.0414113 0.993306 3.90378 0 0 0 1 
25528382210144;0.62636;0.644922;0.985453 -0.0104953 -0.169625 -1.14409 0.00994134 0.999942 -0.00411509 0.0424409 0.169658 0.00236893 0.9855 1.06442 0 0 0 1 
25528382210145;2.23099;1.75323;0.982869 0.0141211 0.183765 1.35304 -0.0244201 0.998248 0.0539026 -0.0502209 -0.182682 -0.0574667 0.981491 -3.92458 0 0 0 1 
25528382210146;0.123351;0.142546;0.987604 0.00517244 0.15688 0.608785 -0.00526017 0.999986 0.000144022 -0.0188022 -0.156877 -0.000967454 0.987618 -1.07451 0 0 0 1 
25528382210147;2.1323;0.36584;0.999952 -0.00192569 0.00964753 -0.357061 0.00208417 0.999863 -0.016444 0.115745 -0.00961454 0.0164633 0.999818 3.84629 0 0 0 1 
25528382210148;1.17842;0.511912;0.999975 -0.00110788 -0.00691622 -0.203207 0.00077863 0.998874 -0.0474282 -0.10703 0.00696098 0.0474217 0.998851 4.92534 0 0 0 1 
25528382210149;1.8032;1.70549;0.975259 0.0360734 -0.218101 2.41656 0.0186092 0.969698 0.243598 -1.99115 0.22028 -0.24163 0.945035 -18.3792 0 0 0 1 
25528382210150;1.89528;1.92866;0.991234 0.00592687 0.131985 0.63002 0.00839502 0.994149 -0.107691 -0.606381 -0.131851 0.107855 0.985384 7.60847 0 0 0 1 
25528382210151;1.38396;0.515648;0.999998 0.00149729 0.00159648 0.356494 -0.00149388 0.999997 -0.00213833 -0.132705 -0.00159968 0.00213594 0.999996 -1.64591 0 0 0 1 
25528382210152;1.90731;1.81558;0.999507 0.00643114 -0.0307308 0.582919 -0.00403003 0.996979 0.0775664 -0.279433 0.0311368 -0.0774043 0.996513 -6.95066 0 0 0 1 
25528382210153;0.627318;0.224264;0.968573 -0.0593941 -0.241536 -5.40142 0.0184984 0.985583 -0.168177 -1.33012 0.248042 0.158424 0.955708 14.4749 0 0 0 1 
25528382210155;0.972428;0.623986;0.996797 -0.0385987 -0.0700414 -2.60676 0.00449066 0.901448 -0.432864 -7.30978 0.0798467 0.431163 0.898734 27.0724 0 0 0 1 
25528382210156;1.01473;0.752076;0.991433 0.00701598 -0.130427 -0.019099 -0.00146054 0.999089 0.0426411 0.0681438 0.130608 -0.0420853 0.99054 -1.17098 0 0 0 1 
25528382210157;0.233342;0.252012;0.998259 -0.00287484 -0.0589154 -0.394052 -0.000841755 0.998016 -0.0629619 -0.353097 0.0589795 0.0629018 0.996275 4.95317 0 0 0 1 
25528382210158;0.218897;0.190581;0.999963 -0.0013239 -0.00844533 -0.108769 0.00137054 0.999984 0.00551922 0.0664091 0.00843789 -0.0055306 0.999949 -0.442568 0 0 0 1 
25528382210159;0.424214;0.225724;0.969134 -0.0024571 0.246523 -0.00711623 0.086333 0.940016 -0.330024 -2.68432 -0.230925 0.341121 0.911214 14.5343 0 0 0 1 
25528382210160;0.944861;0.840594;0.99908 -0.0155431 -0.0399627 -1.01246 0.00773039 0.982008 -0.188679 -1.58911 0.0421764 0.188197 0.981225 11.7284 0 0 0 1 
25528382210161;0.607772;0.433988;0.983707 -0.00622998 0.179674 -0.15726 0.0274912 0.992859 -0.116087 -0.0922056 -0.177667 0.119135 0.976853 1.58976 0 0 0 1 
25528382210162;0.465464;0.265282;0.992045 0.00349624 0.125834 0.473838 -0.0212396 0.989932 0.139942 -0.60791 -0.124078 -0.141502 0.982131 -12.0389 0 0 0 1 
25528382210163;0.301031;0.22144;0.999916 0.00423896 -0.0122284 0.164861 -0.00385625 0.999507 0.0311532 0.0555267 0.0123544 -0.0311035 0.99944 -1.138 0 0 0 1 
25528382210164;0.262538;0.268333;0.999994 -0.00252483 0.00256747 -0.0956629 0.00251205 0.999984 0.00496962 0.059921 -0.00257997 -0.00496314 0.999984 -0.533649 0 0 0 1 
25528382210165;0.165591;0.171831;0.999898 0.00930124 -0.0108139 0.444184 -0.0082045 0.995213 0.0973799 -0.103472 0.0116679 -0.0972813 0.995189 -5.383 0 0 0 1 
25528382210166;1.12952;0.732835;0.973308 0.0095664 -0.229302 -0.357464 -0.000595943 0.999233 0.039158 0.0191423 0.229501 -0.0379762 0.972567 0.917224 0 0 0 1 
25528382210167;0.708722;0.191515;0.994951 -0.00997791 -0.0998637 -1.34265 0.00384593 0.998105 -0.0614086 -0.349386 0.100287 0.0607145 0.993104 7.33462 0 0 0 1 
25528382210168;1.1418;0.291902;0.999824 0.00333862 0.0184437 0.0842244 -0.00276814 0.99952 -0.0308699 -0.211696 -0.0185379 0.0308134 0.999353 4.17121 0 0 0 1 
25528382210169;0.757933;0.738217;0.995058 -0.00102091 0.0992895 0.198944 0.00368121 0.999639 -0.0266139 -0.0551392 -0.0992265 0.0268479 0.994703 -1.0367 0 0 0 1 
25528382210170;0.338329;0.102908;0.98802 -0.00243834 0.154307 0.0936158 0.0635205 0.917677 -0.392218 -4.628 -0.140647 0.397321 0.906838 19.7124 0 0 0 1 
25528382210171;0.814741;0.721132;0.994786 0.0112558 -0.101359 -0.0954456 -0.00761458 0.999314 0.0362397 0.0533484 0.101698 -0.035279 0.99419 1.46076 0 0 0 1 
25528382210172;0.85032;0.227919;0.991363 0.0643868 -0.11425 2.71613 -0.020786 0.937312 0.34787 -2.25693 0.129486 -0.342491 0.930555 -15.0937 0 0 0 1 
25528382210173;0.630488;0.535193;0.999769 0.00552393 -0.0207603 0.316929 -0.00404804 0.997505 0.0704733 0.0328117 0.0210978 -0.070373 0.997298 -4.53085 0 0 0 1 
25528382210174;0.36066;0.189362;0.961399 0.103745 -0.254851 4.12278 -0.0049579 0.932579 0.360931 -2.51014 0.275114 -0.345735 0.897095 -14.4313 0 0 0 1 
25528382210175;0.400793;0.407692;0.999809 -0.00481918 0.0189399 -0.230939 0.00687101 0.993929 -0.109809 -0.590116 -0.0182958 0.109918 0.993772 6.162 0 0 0 1 
25528382210176;0.342834;0.170121;0.984881 -0.00297666 0.173207 0.0792551 -0.0274685 0.98452 0.173109 -0.927817 -0.171041 -0.17525 0.969553 -14.8176 0 0 0 1 
25528382210177;0.260067;0.143423;0.997417 -0.0248178 -0.0673984 -1.64857 0.00568646 0.962744 -0.270354 -2.86068 0.071597 0.269273 0.960399 17.1307 0 0 0 1 
25528382210178;0.926206;0.264497;0.999823 -0.00143859 0.0187669 -0.198665 0.00128899 0.999967 0.00798144 0.0924574 -0.0187777 -0.00795583 0.999792 1.32695 0 0 0 1 
25528382210179;0.695785;0.288921;0.999883 -0.0131295 -0.00784852 -0.624754 0.0116306 0.985817 -0.167421 -0.929229 0.00993535 0.16731 0.985854 8.23648 0 0 0 1 
25528382210180;0.109455;0.0961659;0.999738 0.00538084 0.0222451 0.401605 -0.0069015 0.997603 0.068858 -6.23086e-05 -0.0218213 -0.0689934 0.997378 -4.64457 0 0 0 1 
25528382210181;0.971587;0.652386;0.944915 -0.00551635 0.327269 -0.837858 0.0249131 0.99817 -0.0551061 0.424155 -0.326366 0.0602239 0.943323 -6.12219 0 0 0 1 
25528382210182;0.540657;0.35806;0.998576 -0.0015749 0.0533301 0.107211 0.00212092 0.999946 -0.0101835 0.0205379 -0.0533112 0.0102821 0.998525 -1.72914 0 0 0 1 
25528382210183;0.488607;0.40014;0.970537 -0.000178539 0.240952 0.20537 0.00199755 0.999971 -0.00730506 0.0384216 -0.240944 0.00757115 0.97051 -4.62147 0 0 0 1 
25528382210184;0.107925;0.058376;0.999942 0.00070581 -0.0107408 -0.0594755 -0.000549998 0.999895 0.0145027 0.0166322 0.0107499 -0.0144959 0.999837 -0.406197 0 0 0 1 
25528382210186;2.61464;0.302774;0.906728 0.0395177 -0.41986 -0.202211 0.0484508 0.979245 0.196802 -0.0208137 0.418923 -0.198788 0.885995 -5.47849 0 0 0 1 
25528382210187;2.55948;0.300853;0.999974 0.00668112 0.00267309 0.577289 -0.00665531 0.999932 -0.00954952 -0.246846 -0.00273671 0.00953148 0.999951 -2.0315 0 0 0 1 
25528382210188;2.1137;0.680496;0.992777 -0.0152079 -0.119005 -0.484771 6.89526e-05 0.992005 -0.126195 -0.307902 0.119973 0.125276 0.984841 4.52016 0 0 0 1 
25528382210189;3.03095;1.71318;0.931672 0.000678691 0.363301 0.638202 0.0164112 0.998899 -0.0439519 0.00496206 -0.362931 0.0469109 0.930635 -0.830247 0 0 0 1 
25528382210190;2.58604;2.45062;0.945421 0.0272969 0.324707 1.40999 0.031898 0.983946 -0.175591 -0.870375 -0.324287 0.176365 0.929372 3.89232 0 0 0 1 
25528382210191;2.29839;1.23215;0.992563 0.0150811 0.120797 0.769564 -0.0574227 0.932967 0.355352 -1.6237 -0.107341 -0.359645 0.926894 -13.959 0 0 0 1 
25528382210192;1.26077;0.916427;0.997402 0.0023635 -0.0719921 -0.000753211 7.46575e-05 0.999427 0.0338455 0.0275419 0.0720308 -0.0337629 0.996831 -1.33987 0 0 0 1 
25528382210193;1.94741;1.23253;0.976044 -0.0126579 0.217206 -0.349735 0.0415176 0.990798 -0.128825 0.0431338 -0.213577 0.134756 0.967587 0.910755 0 0 0 1 
25528382210194;0.500481;0.451628;0.991375 0.062207 -0.115349 1.93259 -0.0115248 0.918137 0.396096 -2.08185 0.130546 -0.39135 0.910935 -14.29 0 0 0 1 
25528382210195;0.447325;0.384387;0.993673 0.000549016 0.112313 0.338913 0.0281983 0.966739 -0.254205 -1.74384 -0.108717 0.255764 0.960607 8.71521 0 0 0 1 
25528382210196;0.672791;0.610056;1 0.000285071 0.000368231 -0.0146543 -0.000299849 0.999168 0.0407758 0.103458 -0.000356301 -0.0407759 0.999168 -1.44356 0 0 0 1 
25528382210197;1.68816;1.65224;0.99998 0.00471164 0.00428347 0.184032 -0.0048601 0.999364 0.0353351 0.0596388 -0.00411426 -0.0353552 0.999366 -1.40278 0 0 0 1 
25528382210198;0.0806703;0.0959148;0.999977 -0.00681309 0.00035109 -0.266026 0.00681727 0.999882 -0.0137493 0.0590058 -0.000257374 0.0137514 0.999905 0.481156 0 0 0 1 
25528382210199;2.04506;0.572022;0.985081 -0.00784956 0.171912 0.0401929 0.0102115 0.999865 -0.012859 0.136292 -0.171788 0.0144226 0.985028 -3.40192 0 0 0 1 
25528382210200;1.86353;1.64218;0.986113 -0.0812715 -0.144832 -3.93869 0.0315934 0.947956 -0.31683 -2.65031 0.163044 0.307854 0.937359 14.6108 0 0 0 1 
25528382210201;1.69978;1.55216;0.977339 0.00120762 0.211677 0.379202 -0.0250534 0.993615 0.110006 -0.281764 -0.210192 -0.112816 0.971129 -7.9747 0 0 0 1 
25528382210202;3.09717;0.636935;0.999704 -0.00489019 0.0238195 -0.507056 0.0060608 0.998764 -0.0493237 0.0487421 -0.0235489 0.0494535 0.998499 4.40538 0 0 0 1 
25528382210203;2.66545;0.401214;0.999923 0.0089845 -0.00853296 0.0674357 -0.00835197 0.997408 0.0714729 0.213789 0.00915299 -0.0713962 0.997406 -0.355421 0 0 0 1 
25528382210204;2.12678;2.10596;0.999997 0.00221414 0.000834689 0.0687217 -0.00221838 0.999984 0.00511509 0.0169257 -0.000823351 -0.00511693 0.999987 -0.133848 0 0 0 1 
25528382210205;2.17534;0.44622;0.969775 0.00118797 -0.243997 -0.290441 0.00714649 0.999421 0.03327 -0.0300839 0.243895 -0.0340081 0.969205 -0.414771 0 0 0 1 
25528382210206;0.615844;0.277481;0.999766 -0.000930756 0.0216326 0.00225521 0.00266392 0.996773 -0.0802283 -0.322796 -0.0214881 0.0802671 0.996542 3.34433 0 0 0 1 
25528382210207;2.70191;2.50047;0.998575 -0.00915915 0.0525825 -0.144306 0.0135299 0.996426 -0.0833779 -0.0902446 -0.0516309 0.0839705 0.99513 1.37642 0 0 0 1 
25528382210208;0.254784;0.235275;0.998483 0.00631048 -0.0546954 0.0577131 -0.0046898 0.999548 0.029709 -0.000147097 0.0548581 -0.0294074 0.998061 -0.527505 0 0 0 1 
25528382210209;0.401221;0.366681;0.999908 0.0034359 -0.0131481 0.0751621 -0.00291599 0.999221 0.0393595 4.2912e-05 0.0132731 -0.0393175 0.999139 -1.34089 0 0 0 1 
25528382210210;3.26762;2.83667;0.998404 0.0546799 0.0141334 2.30761 -0.0560744 0.929922 0.363456 -2.58646 0.00673085 -0.363669 0.931504 -15.6909 0 0 0 1 
25528382210211;2.11433;0.864818;0.999346 0.0197553 0.0302872 0.736831 -0.0248013 0.983985 0.176516 -0.178249 -0.026315 -0.177151 0.983832 -5.73182 0 0 0 1 
25528382210212;0.939666;0.38281;0.982663 0.00896423 0.185183 0.673876 0.0247831 0.983515 -0.17912 -0.781132 -0.183736 0.180604 0.966242 4.13953 0 0 0 1 
25528382210213;1.20317;1.11358;0.996251 0.00759462 0.086174 0.502558 -0.0155611 0.995623 0.0921547 -0.0187544 -0.0850969 -0.0931502 0.992009 -4.54601 0 0 0 1 
25528382210214;2.77469;1.07108;0.986067 0.0143115 0.165734 0.863446 0.0199485 0.97893 -0.20322 -1.29637 -0.16515 0.203695 0.965005 8.17068 0 0 0 1 
25528382210215;2.52413;2.39478;0.999486 0.0235118 -0.0218068 0.905509 -0.0178488 0.972832 0.230821 -0.654906 0.0266414 -0.230313 0.972752 -9.37136 0 0 0 1 
25528382210217;1.06109;1.02617;0.973015 -0.00662447 -0.230647 -0.790857 -0.00269579 0.999193 -0.0400706 -0.15048 0.230726 0.0396111 0.972212 4.26943 0 0 0 1 
25528382210218;0.551084;0.517132;0.999898 0.0125868 0.0067898 1.11415 -0.0130062 0.997752 0.0657474 -0.211907 -0.00594698 -0.065829 0.997813 -5.76697 0 0 0 1 
25528382210219;0.422673;0.409771;0.975487 0.00212032 0.220046 0.245137 -0.010407 0.999279 0.0365063 -0.0663524 -0.21981 -0.0379015 0.974806 -4.29041 0 0 0 1 
25528382210220;1.03905;0.91927;0.961905 0.0570009 -0.267376 4.98449 -0.0193528 0.989766 0.141381 -1.02281 0.272699 -0.130821 0.953164 -11.0455 0 0 0 1 
25528382210221;1.31298;0.66526;0.997842 -0.0155003 -0.063808 -1.65445 0.00659725 0.990488 -0.137442 -1.10388 0.0653315 0.136724 0.988452 13.9614 0 0 0 1 
25528382210222;1.56771;1.19975;0.986799 0.0464428 -0.15515 4.57028 -0.0292984 0.993387 0.111016 -0.822787 0.15928 -0.105004 0.981633 -10.6306 0 0 0 1 
25528382210223;0.395381;0.334268;0.99878 0.00228948 -0.0493269 0.124831 6.63974e-05 0.998861 0.047706 -0.0499271 0.0493799 -0.0476511 0.997643 -3.92998 0 0 0 1 
25528382210224;1.45898;1.15072;0.995409 0.00140425 -0.0956989 -0.224588 7.33433e-05 0.999881 0.0154347 0.0369024 0.0957092 -0.0153709 0.995291 0.0049836 0 0 0 1 
25528382210225;0.647882;0.365467;0.956627 0.0467678 -0.287539 3.59689 -0.00271192 0.988416 0.151742 -0.897239 0.291305 -0.144381 0.945672 -11.2712 0 0 0 1 
25528382210226;0.247807;0.273355;0.994251 0.0145223 -0.106085 1.26521 -0.0121594 0.999664 0.0228866 -0.0572192 0.106382 -0.0214651 0.994094 -1.60199 0 0 0 1 
25528382210227;1.67052;0.457075;0.99984 -0.00657529 0.0166318 -0.883165 0.00653944 0.999976 0.00220907 -0.0130641 -0.0166459 -0.00209996 0.999859 1.9511 0 0 0 1 
25528382210228;0.941077;0.358134;0.999822 -0.00915655 -0.0164867 -0.493065 0.00815466 0.998174 -0.0598434 -0.0589429 0.0170045 0.0596983 0.998072 3.90145 0 0 0 1 
25528382210229;1.84373;1.87933;0.999386 -0.00852162 -0.0339731 -0.781821 0.00631171 0.997889 -0.0646335 -0.252637 0.0344522 0.0643794 0.997331 6.05341 0 0 0 1 
25528382210230;0.815476;0.752934;0.999959 -0.00539905 -0.00722551 -0.546064 0.00532889 0.999939 -0.00969534 -0.00371722 0.00727741 0.00965644 0.999927 1.20567 0 0 0 1 
25528382210231;0.945073;0.498346;0.999929 0.0022021 -0.0117183 0.0741445 -0.0022783 0.999976 -0.00649284 -0.0420467 0.0117037 0.00651907 0.99991 1.66953 0 0 0 1 
25528382210232;0.385786;0.361792;0.994767 0.00513856 0.102038 0.558266 -0.014222 0.995975 0.0884933 -0.369869 -0.101172 -0.0894814 0.990837 -8.91168 0 0 0 1 
25528382210233;0.215723;0.169621;0.998685 0.046037 0.0225611 4.19887 -0.0508837 0.943843 0.326454 -5.11502 -0.00626522 -0.327173 0.944944 -29.5061 0 0 0 1 
25528382210234;1.80049;1.34855;0.999863 -0.00264292 0.0163482 0.0233448 0.00383989 0.997279 -0.073625 -0.133124 -0.0161091 0.0736777 0.997152 4.36406 0 0 0 1 
25528382210235;1.841;1.8753;0.982258 -0.000277859 0.187537 0.0302415 -0.036958 0.980101 0.195027 -1.73288 -0.183859 -0.198497 0.962702 -18.0488 0 0 0 1 
25528382210236;0.783834;0.53277;0.992339 -0.00403635 0.12348 -0.313501 -0.00232151 0.99868 0.0513018 -0.097698 -0.123524 -0.0511955 0.99102 -4.44298 0 0 0 1 
25528382210237;0.646121;0.493809;0.996203 0.00167478 -0.087045 0.274648 -0.00220297 0.99998 -0.00597227 0.0427565 0.0870333 0.00614135 0.996186 0.111687 0 0 0 1 
25528382210238;0.978297;0.778308;0.993896 -0.0138791 0.109442 -1.24081 0.027163 0.9923 -0.12084 -0.683442 -0.106922 0.123075 0.986621 11.0949 0 0 0 1 
25528382210239;1.51578;0.238781;0.995484 -0.0165104 0.0934841 -1.62614 0.0221573 0.997971 -0.0596927 -0.302011 -0.0923088 0.0614944 0.99383 7.19114 0 0 0 1 
25528382210240;0.466545;0.43822;0.999778 0.0210506 0.000487271 1.80117 -0.0207543 0.981272 0.191504 -1.63217 0.00355314 -0.191472 0.981492 -17.1845 0 0 0 1 
25528382210241;1.93577;1.85009;0.989389 0.00811793 0.145062 0.820293 -0.0289913 0.989389 0.142366 -0.934884 -0.142367 -0.145061 0.979127 -13.5877 0 0 0 1 
25528382210242;0.86252;0.485573;0.996508 -0.0223658 0.0804426 -2.08092 0.0384169 0.978234 -0.203919 -2.01236 -0.0741308 0.206297 0.975677 18.9086 0 0 0 1 
25528382210243;0.905546;0.271212;0.969797 -0.00667021 0.243823 -0.40628 -0.0056349 0.998747 0.0497351 -0.0211194 -0.243849 -0.0496068 0.968544 -4.47009 0 0 0 1 
25528382210244;0.219604;0.269166;0.999845 -0.00572448 -0.0166747 -0.496878 0.0053993 0.999796 -0.0194812 0.0613561 0.0167828 0.0193882 0.999671 1.60102 0 0 0 1 
25528382210245;0.165948;0.152402;0.980389 -0.00491062 0.197013 -0.361516 0.00192966 0.999881 0.0153199 0.0168594 -0.197065 -0.0146392 0.980281 -2.55967 0 0 0 1 
25528382210246;1.5805;1.43711;0.998759 0.00171525 0.0497812 0.0971977 -0.00236371 0.999913 0.0129703 0.00786632 -0.0497546 -0.0130719 0.998676 -0.399071 0 0 0 1 
25528382210248;1.80404;1.54432;0.996764 -0.00279978 0.0803312 -0.0382578 0.0152262 0.987876 -0.154499 -0.730537 -0.0789247 0.155222 0.984722 8.17021 0 0 0 1 
25528382210249;2.65063;0.665919;0.999427 -0.00820086 0.0328389 -0.258894 0.00773254 0.999867 0.0143627 0.081121 -0.0329523 -0.0141005 0.999357 -3.71917 0 0 0 1 
25528382210250;0.988386;0.306619;0.988942 -0.0168553 -0.14734 -1.20395 0.00788409 0.998091 -0.061261 -0.290797 0.148091 0.059422 0.987187 3.85328 0 0 0 1 
25528382210251;1.96971;0.870945;0.999345 0.000756938 -0.0361764 0.233074 0.000493236 0.999403 0.0345363 0.15927 0.036181 -0.0345315 0.998748 -4.05108 0 0 0 1 
25528382210252;1.48555;1.42188;0.99998 0.0061985 0.00133054 0.325361 -0.00619914 0.999981 0.000478474 0.000501819 -0.00132755 -0.000486713 0.999999 0.29683 0 0 0 1 
25528382210253;1.51489;0.435458;0.999062 0.00117038 0.0432835 0.282243 0.000379815 0.999359 -0.0357894 0.103195 -0.0432976 0.0357723 0.998422 0.387555 0 0 0 1 
25528382210254;2.5409;2.11399;0.999161 0.0198992 0.0358063 1.31747 -0.0245793 0.990483 0.135421 -0.3392 -0.0327708 -0.136187 0.990141 -9.39367 0 0 0 1 
25528382210255;0.438009;0.165323;0.995736 -0.00453452 -0.0921368 -0.426779 -0.00363785 0.996084 -0.0883372 -0.42684 0.0921765 0.0882957 0.99182 5.00663 0 0 0 1 
25528382210256;0.895108;0.468632;0.96192 0.021824 0.272458 1.87504 0.0565972 0.9593 -0.276658 -3.21327 -0.267407 0.281543 0.921535 16.726 0 0 0 1 
25528382210257;0.887196;0.858961;0.999326 0.00156223 0.0366841 0.192296 -0.00188908 0.999959 0.00887701 0.00440145 -0.0366687 -0.00894032 0.999287 -0.725521 0 0 0 1 
25528382210258;2.46932;0.595804;0.999618 0.0126106 -0.0245736 1.06502 -0.0139327 0.998422 -0.0543947 0.120174 0.0238489 0.0547164 0.998217 0.224728 0 0 0 1 
