#;prob_registration_l1 -r /home/probabilistic_point_clouds_registration/build/tester /home/point_clouds_registration_benchmark//devel/registration_pairs/stairs_local.txt /home/point_clouds_registration_benchmark//eth/stairs -s 0.2 -t 0.2 -p 0.3 -r 1000 -m 1 -i 40 
id;initial_error;final_error;transformation
5494384560000;0.832403;0.0463574;0.994125 0.107619 -0.0115876 0.815315 -0.107038 0.993345 0.0425358 0.398108 0.0160881 -0.0410455 0.999028 0.366343 0 0 0 1 
5494384560001;0.315086;0.0561977;0.913955 0.239544 -0.327575 1.55195 -0.207612 0.969567 0.129758 1.28396 0.348689 -0.0505842 0.935873 -2.32361 0 0 0 1 
5494384560002;0.630491;0.0304599;0.999407 -0.0253539 -0.0233021 0.70809 0.0252896 0.999676 -0.00304957 -0.262528 0.0233719 0.00245846 0.999724 0.0997018 0 0 0 1 
5494384560003;0.317466;0.0400653;0.969522 -0.0616411 -0.237123 0.913619 0.135365 0.941469 0.308726 -1.88022 0.204214 -0.331415 0.921119 -1.38341 0 0 0 1 
5494384560004;0.657978;0.0272696;0.998373 0.0523907 0.0224993 -0.204882 -0.0544513 0.99312 0.103668 0.642827 -0.0169133 -0.104725 0.994357 0.608828 0 0 0 1 
5494384560005;0.751618;0.0398171;0.994231 -0.0963631 -0.0471003 -0.437564 0.101264 0.988065 0.116071 -1.52189 0.0353533 -0.120171 0.992124 -0.40595 0 0 0 1 
5494384560006;0.696898;0.0735034;0.93824 0.293874 -0.182604 1.24522 -0.315181 0.94367 -0.100737 2.25072 0.142714 0.152069 0.978012 -0.489023 0 0 0 1 
5494384560007;0.399045;0.0355537;0.927049 -0.372321 -0.0442414 0.835889 0.373848 0.926891 0.0333377 -3.09896 0.0285946 -0.0474453 0.998464 -0.213406 0 0 0 1 
5494384560008;0.231215;0.0479796;0.971767 -0.213051 -0.101382 0.417609 0.199638 0.971478 -0.127964 -1.14451 0.125753 0.104112 0.986583 -0.796646 0 0 0 1 
5494384560009;0.454804;0.0473833;0.989847 -0.0297383 -0.138995 0.691151 0.0365033 0.998257 0.0463774 -0.637965 0.137373 -0.0509803 0.989207 -0.657428 0 0 0 1 
5494384560010;0.83506;0.0467195;0.999999 -0.000846277 0.000634527 -0.0138492 0.000828304 0.999613 0.027809 0.0706846 -0.000657816 -0.0278085 0.999613 0.898795 0 0 0 1 
5494384560011;0.300381;0.0502665;0.99618 0.0608643 0.0626142 -0.207447 -0.0392741 0.952732 -0.301263 0.988849 -0.0779907 0.297653 0.951483 0.67084 0 0 0 1 
5494384560012;0.513405;0.0495223;0.944653 0.0586023 -0.322795 1.11421 -0.124167 0.974589 -0.186439 1.33795 0.303667 0.216201 0.927924 -1.62953 0 0 0 1 
5494384560013;0.592232;0.0421128;0.994007 0.00728036 -0.10907 0.448149 -0.0115423 0.999192 -0.0384955 0.784005 0.108701 0.0395237 0.993288 -0.744074 0 0 0 1 
5494384560014;0.784839;0.0466659;0.946879 0.205284 0.247546 0.490641 -0.249931 0.954144 0.164753 1.28678 -0.202373 -0.21787 0.954766 2.01179 0 0 0 1 
5494384560015;1.02961;0.0576964;0.942718 0.322501 -0.0853022 0.267776 -0.3329 0.893029 -0.30278 3.90204 -0.0214696 0.313833 0.949235 0.99531 0 0 0 1 
5494384560016;0.692498;0.0271021;0.988728 0.140876 -0.0507023 0.156603 -0.148893 0.889552 -0.43189 2.71033 -0.0157407 0.434571 0.9005 -0.0171907 0 0 0 1 
5494384560017;0.125802;0.0365054;0.999971 0.00316217 -0.00699472 0.0421387 -0.00299562 0.999715 0.0236946 -0.0840159 0.00706766 -0.0236729 0.999695 0.0598954 0 0 0 1 
5494384560018;0.697368;0.0400612;0.997217 0.0457473 -0.0588616 0.740993 -0.0576553 0.973809 -0.219936 1.09036 0.0472585 0.222717 0.973737 0.220305 0 0 0 1 
5494384560019;0.372102;0.0365732;0.952116 0.288759 0.100464 0.14669 -0.298353 0.949308 0.098997 2.0074 -0.066785 -0.12423 0.990003 0.243031 0 0 0 1 
5494384560020;0.725979;0.0674022;0.947539 0.309283 0.0807051 0.142856 -0.319341 0.905079 0.280807 2.15201 0.0138043 -0.291848 0.956365 0.525543 0 0 0 1 
5494384560021;0.810082;0.0332977;0.996013 0.0829562 -0.0327938 -0.20468 -0.0829934 0.99655 0.000227697 0.675074 0.0326995 0.00249488 0.999462 0.554809 0 0 0 1 
5494384560022;1.01164;0.0341397;0.882781 -0.3115 -0.351661 1.58999 0.337915 0.941062 0.0146869 -3.52007 0.32636 -0.131797 0.936012 -2.00952 0 0 0 1 
5494384560023;0.527542;0.0344214;0.980116 0.103061 -0.169562 0.808018 -0.102288 0.994666 0.0133115 0.682211 0.170029 0.0042973 0.98543 -1.75933 0 0 0 1 
5494384560024;0.419936;0.0630513;0.941461 0.326794 -0.0828109 0.958799 -0.329039 0.944202 -0.0147102 2.58382 0.073383 0.0410971 0.996457 -0.768187 0 0 0 1 
5494384560025;0.495752;0.0475075;0.937493 0.309706 -0.15871 0.968499 -0.308166 0.950694 0.0348561 2.32002 0.161679 0.0162315 0.98671 -0.765072 0 0 0 1 
5494384560026;0.350666;0.0520956;0.973691 0.0959669 0.20668 -0.237405 -0.0318987 0.955467 -0.29337 0.955801 -0.22563 0.279059 0.93339 2.14325 0 0 0 1 
5494384560027;0.90423;0.0431076;0.99227 0.0645036 -0.106013 1.31248 -0.0476965 0.986911 0.154051 0.16087 0.114562 -0.147804 0.982359 -0.65975 0 0 0 1 
5494384560028;0.914969;0.0350499;0.995042 -0.099301 -0.00549705 -0.886422 0.0993746 0.994933 0.0152943 -0.672203 0.00395046 -0.0157647 0.999868 -0.240713 0 0 0 1 
5494384560029;0.844853;0.0382717;0.999166 0.0317588 0.0256607 -0.0345458 -0.0317619 0.999495 -0.000289611 -0.407095 -0.0256569 -0.000525661 0.999671 -0.445573 0 0 0 1 
5494384560031;0.314572;0.0425764;0.916775 -0.349686 -0.192985 0.512695 0.356797 0.934179 0.00224346 -1.39298 0.179498 -0.0709133 0.981199 -0.748636 0 0 0 1 
5494384560032;0.143255;0.0124254;0.997328 0.058154 0.0442183 0.0714054 -0.0533961 0.993343 -0.102072 0.306575 -0.0498598 0.0994383 0.993794 0.174848 0 0 0 1 
5494384560033;0.256973;0.0456909;0.999867 0.0043698 0.0157279 0.184507 -0.00250752 0.993184 -0.116533 0.227188 -0.0161299 0.116478 0.993062 0.119992 0 0 0 1 
5494384560034;0.872658;0.0162135;0.972565 -0.21163 0.0965885 0.0962923 0.193926 0.966897 0.16584 -1.70528 -0.128488 -0.142559 0.981411 -0.14165 0 0 0 1 
5494384560035;0.383527;0.0162957;0.997334 -0.0652946 0.0325809 0.106682 0.0631093 0.995945 0.0641116 0.0740318 -0.036635 -0.0618846 0.997411 0.162588 0 0 0 1 
5494384560036;0.699819;0.0405192;0.958835 0.241729 -0.149003 0.530734 -0.277715 0.907732 -0.31448 0.895853 0.0592362 0.342915 0.937497 0.459771 0 0 0 1 
5494384560037;0.785083;0.0174444;0.971786 -0.100559 0.213355 -0.300526 0.163972 0.938247 -0.30464 -0.163214 -0.169545 0.331029 0.928264 0.0318977 0 0 0 1 
5494384560038;1.00964;0.0220282;0.903273 -0.428575 0.0205399 -0.781884 0.428791 0.903373 -0.00740828 -1.2884 -0.0153802 0.015499 0.999762 -0.320326 0 0 0 1 
5494384560039;0.16472;0.152638;0.996626 -0.072241 -0.0389637 -0.101384 0.0725581 0.997341 0.00678536 -0.230284 0.03837 -0.0095896 0.999218 -0.180313 0 0 0 1 
5494384560040;0.656318;0.0151456;0.913631 0.342371 0.219228 0.618912 -0.3335 0.939562 -0.0774657 0.847452 -0.232501 -0.00233766 0.972593 1.06307 0 0 0 1 
5494384560041;0.496934;0.0135434;0.8879 -0.297526 0.350873 -0.145569 0.303155 0.952094 0.0401895 -1.07812 -0.346021 0.0706845 0.93556 1.7956 0 0 0 1 
5494384560042;0.516103;0.333601;0.996319 -0.0647099 -0.0562232 -0.243397 0.0717626 0.988361 0.134138 -0.618262 0.0468887 -0.137679 0.989366 -0.411088 0 0 0 1 
5494384560043;0.0787389;0.0301959;0.999986 7.23193e-05 -0.00521911 0.0110103 -3.4049e-06 0.999913 0.013203 -0.0748976 0.00521961 -0.0132028 0.999899 -0.0142144 0 0 0 1 
5494384560044;0.670233;0.0541409;0.999279 0.0378385 -0.00308269 0.24985 -0.0377801 0.999138 0.0171985 0.26241 0.0037308 -0.0170696 0.999847 0.64966 0 0 0 1 
5494384560045;0.454928;0.0156825;0.917043 -0.266806 0.296391 -0.445957 0.179019 0.939552 0.291879 -1.14548 -0.356349 -0.214606 0.909373 1.37066 0 0 0 1 
5494384560046;0.663952;0.0392395;0.977504 0.138183 -0.159346 0.436955 -0.140019 0.990149 -0.000292539 1.24859 0.157736 0.0225974 0.987223 -0.65799 0 0 0 1 
5494384560047;0.60701;0.119016;0.991509 0.0114937 -0.129526 -0.317274 -0.0351562 0.982685 -0.181917 0.708537 0.125193 0.184926 0.974746 -0.621906 0 0 0 1 
5494384560048;0.280379;0.0568392;0.999987 0.00337144 -0.00377318 0.00588537 -0.0032725 0.999659 0.0259263 -0.121493 0.0038593 -0.0259136 0.999657 0.225903 0 0 0 1 
5494384560049;0.480826;0.014207;0.928824 0.333391 0.161669 0.626815 -0.326686 0.94274 -0.0672181 1.42145 -0.174821 0.0096189 0.984553 0.652114 0 0 0 1 
5494384560050;0.519994;0.0104922;0.979471 0.194014 0.0547237 -0.149593 -0.187906 0.977018 -0.100634 0.323676 -0.0729904 0.0882853 0.993417 0.327923 0 0 0 1 
5494384560051;0.245903;0.073722;0.999984 0.00569826 0.000597391 0.0301522 -0.00572536 0.997775 0.0664255 -0.269861 -0.000217552 -0.0664279 0.997791 -0.194894 0 0 0 1 
5494384560052;0.581213;0.0161413;0.953819 0.160531 0.253889 -0.348415 -0.188647 0.977874 0.0904188 0.0811959 -0.233756 -0.134139 0.962998 0.631344 0 0 0 1 
5494384560053;0.543864;0.00773418;0.964939 -0.212753 0.153717 -0.428655 0.197603 0.974307 0.10807 -1.22382 -0.17276 -0.0739058 0.982187 0.275967 0 0 0 1 
5494384560054;0.812423;0.444244;0.9991 -0.0412461 -0.0099467 -0.410359 0.041463 0.998882 0.0226877 -0.383172 0.0089998 -0.0230797 0.999693 -0.471693 0 0 0 1 
5494384560055;0.804846;0.0129101;0.930175 0.0160873 0.366765 0.524274 -0.0532637 0.994382 0.091469 0.60219 -0.363233 -0.104617 0.925806 1.47122 0 0 0 1 
5494384560056;0.404608;0.0188404;0.985022 0.14418 0.0945676 -0.173306 -0.140464 0.989068 -0.0448723 0.191122 -0.100004 0.0309168 0.994507 0.287368 0 0 0 1 
5494384560057;0.241612;0.0182139;0.968217 0.213472 -0.13033 0.452887 -0.19976 0.973577 0.110648 0.505866 0.150507 -0.0810967 0.985277 -0.533127 0 0 0 1 
5494384560058;0.361634;0.0146676;0.990527 -0.126542 0.0533216 0.160987 0.133807 0.976702 -0.167777 -0.0184718 -0.0308485 0.173322 0.984382 0.218004 0 0 0 1 
5494384560059;0.672349;0.0312745;0.999357 -0.0121796 0.0337357 -0.0407857 0.012229 0.999924 -0.0012584 -0.0392174 -0.0337178 0.00167015 0.99943 -0.633215 0 0 0 1 
5494384560060;0.435775;0.0144332;0.955199 -0.26733 -0.127001 0.0086532 0.293389 0.911763 0.287421 -1.59223 0.0389586 -0.311805 0.949347 -0.38091 0 0 0 1 
5494384560062;0.821662;0.103219;0.978642 -0.0978011 -0.180815 0.354124 0.0998365 0.995001 0.00216784 -1.08488 0.179699 -0.0201735 0.983515 -1.37543 0 0 0 1 
5494384560063;1.2461;0.024554;0.94096 0.100176 -0.323356 1.79451 -0.109447 0.993936 -0.0105671 0.824044 0.320337 0.0453336 0.946218 -2.49851 0 0 0 1 
5494384560064;0.351118;0.198656;0.964666 -0.263467 0.00231528 0.113604 0.263475 0.964657 -0.00415079 -1.7458 -0.00113986 0.00461414 0.999989 0.0160837 0 0 0 1 
5494384560065;1.02628;0.0513638;0.998099 0.0596721 0.0154302 -0.0607277 -0.0594967 0.998161 -0.0115873 0.16949 -0.0160933 0.0106472 0.999814 0.851867 0 0 0 1 
5494384560066;0.385602;0.270278;0.951826 0.298893 -0.0684871 0.710796 -0.302079 0.952359 -0.0419659 2.12538 0.052681 0.0606328 0.996769 -0.201944 0 0 0 1 
5494384560067;1.09812;0.0148144;0.979862 -0.135354 0.146797 -0.374794 0.156117 0.977679 -0.140607 -0.970249 -0.124489 0.160693 0.979122 0.115145 0 0 0 1 
5494384560068;0.284277;0.0230442;0.988156 0.138372 -0.0663429 0.311437 -0.115251 0.954656 0.274499 0.00833932 0.101318 -0.263602 0.959296 -0.653141 0 0 0 1 
5494384560069;0.305684;0.0557469;0.992922 0.115246 -0.0287116 0.376854 -0.115035 0.993322 0.00889045 0.755125 0.0295444 -0.00552468 0.999548 -0.138141 0 0 0 1 
5494384560070;1.06788;0.615036;0.998235 0.0583751 -0.0109342 0.332759 -0.0564512 0.989814 0.130694 0.0498542 0.0184521 -0.129846 0.991363 -0.490832 0 0 0 1 
5494384560071;0.199717;0.0540841;0.999982 -0.00472235 -0.00365449 -0.00383605 0.00470668 0.99998 -0.00428436 -0.0459269 0.00367465 0.00426709 0.999984 0.136545 0 0 0 1 
5494384560072;1.02349;0.0198755;0.963077 -0.0263605 -0.267932 1.09863 -0.0534471 0.956667 -0.286236 1.66323 0.263867 0.289988 0.919935 -1.3688 0 0 0 1 
5494384560073;0.123206;0.0682055;0.999142 -0.0413035 0.0030564 -0.0330289 0.041233 0.998942 0.0203471 -0.353087 -0.00389357 -0.0202036 0.999788 0.0442444 0 0 0 1 
5494384560074;0.700296;0.442526;0.976292 0.215323 0.0221471 0.0675695 -0.21585 0.976106 0.0250375 1.66765 -0.0162268 -0.0292244 0.999441 -0.140838 0 0 0 1 
5494384560075;0.186882;0.031294;0.999905 0.00290257 -0.0134459 0.092087 -0.00297979 0.999979 -0.00572639 0.0362055 0.013429 0.00576592 0.999893 -0.21943 0 0 0 1 
5494384560076;1.00141;0.0327447;0.993312 -0.0895602 0.0728704 -0.306728 0.0851271 0.99445 0.0618269 -0.53132 -0.0780032 -0.0552102 0.995423 1.20589 0 0 0 1 
5494384560077;0.605922;0.204055;0.926235 -0.22563 -0.301959 1.2743 0.262334 0.961088 0.0865438 -2.00694 0.270683 -0.159374 0.949384 -1.90183 0 0 0 1 
5494384560078;0.686652;0.137532;0.962647 -0.270733 0.00387076 -0.0887074 0.261865 0.927289 -0.267509 -0.969421 0.0688342 0.25853 0.963548 0.158192 0 0 0 1 
5494384560079;0.330281;0.211534;0.949333 0.312783 -0.0305516 0.55353 -0.310786 0.948796 0.0565489 1.89138 0.0466748 -0.0441887 0.997932 -0.271095 0 0 0 1 
5494384560080;0.779401;0.0829515;0.93977 0.328312 -0.0951012 1.13945 -0.320137 0.942925 0.0916755 2.08134 0.119772 -0.0557084 0.991237 -0.61119 0 0 0 1 
5494384560081;0.603531;0.028598;0.982236 0.182306 -0.0444541 0.477525 -0.187011 0.970537 -0.151935 1.73814 0.0154457 0.15755 0.98739 0.315963 0 0 0 1 
5494384560082;0.617118;0.188065;0.926726 -0.1446 -0.346799 1.24686 0.188436 0.97738 0.0960185 -1.29004 0.32507 -0.154332 0.933012 -2.1673 0 0 0 1 
5494384560083;0.290683;0.155852;0.964756 0.235741 0.116926 0.0504515 -0.224456 0.969137 -0.101942 1.74473 -0.137349 0.0721048 0.987895 0.872362 0 0 0 1 
5494384560084;0.175327;0.0151608;0.984963 -0.12083 -0.123483 0.348655 0.104079 0.985484 -0.134126 -0.315906 0.137897 0.119257 0.983241 -0.800785 0 0 0 1 
5494384560085;0.943472;0.0250069;0.991528 -0.124217 -0.0379682 0.0735537 0.106514 0.944865 -0.309654 -0.290937 0.0743392 0.302987 0.950091 0.378785 0 0 0 1 
5494384560086;0.821732;0.0331654;0.993096 -0.0248053 0.114654 -0.470999 0.0153931 0.996492 0.0822602 -0.542687 -0.116292 -0.0799274 0.989994 1.22695 0 0 0 1 
5494384560087;0.12902;0.0263074;0.998843 0.0039378 -0.0479327 0.0285111 -0.00414084 0.999983 -0.0041374 0.0400389 0.0479156 0.0043311 0.998842 -0.23098 0 0 0 1 
5494384560088;1.25698;0.462545;0.886114 0.0493776 -0.460829 1.90822 -0.0348003 0.99859 0.0400819 -0.521193 0.462158 -0.0194802 0.886583 -2.43191 0 0 0 1 
5494384560089;1.3654;0.904132;0.975767 0.194614 0.100021 0.0563977 -0.191703 0.980716 -0.0380251 1.70895 -0.105492 0.0179293 0.994258 0.0220847 0 0 0 1 
5494384560090;0.736364;0.103014;0.962596 -0.269455 -0.0283318 0.526182 0.240586 0.898158 -0.368008 -0.463706 0.124608 0.347427 0.929391 -0.378359 0 0 0 1 
5494384560091;0.484121;0.0482649;0.940818 -0.137697 -0.309679 1.13431 0.20034 0.962961 0.180469 -1.73966 0.273359 -0.231829 0.933558 -1.34263 0 0 0 1 
5494384560093;0.0553842;0.257092;0.99747 -0.0011201 -0.0710822 0.254314 -0.00288546 0.998414 -0.0562233 0.246894 0.0710325 0.0562861 0.995885 -0.25632 0 0 0 1 
5494384560094;0.672056;0.156994;0.90385 -0.025239 -0.427105 1.92733 0.111977 0.977418 0.179209 -1.21834 0.412937 -0.209804 0.886265 -2.17258 0 0 0 1 
5494384560095;0.854827;0.159958;0.919205 0.39109 -0.0459372 0.995992 -0.391904 0.919953 -0.00992456 2.17054 0.0383786 0.0271257 0.998895 0.257453 0 0 0 1 
5494384560096;0.268636;0.20849;0.963533 -0.242797 -0.112487 0.341803 0.22745 0.964569 -0.133688 -1.28105 0.14096 0.103227 0.984619 -0.82902 0 0 0 1 
5494384560097;0.745786;0.174955;0.998591 0.0249429 -0.0468316 -0.20228 -0.0219099 0.997697 0.0641959 -0.539404 0.048325 -0.0630794 0.996838 0.036832 0 0 0 1 
5494384560098;0.365154;0.364648;0.940393 -0.280935 -0.191669 0.593126 0.291561 0.95611 0.029097 -2.19963 0.175083 -0.0832459 0.981028 -1.11913 0 0 0 1 
5494384560099;0.345567;0.195165;0.998976 -0.0251057 0.037627 -0.32153 0.0262534 0.999195 -0.0303244 -0.00431454 -0.0368354 0.0312812 0.998832 0.341737 0 0 0 1 
5494384560100;0.37298;0.205092;0.937459 -0.236115 -0.255775 0.638155 0.235823 0.97126 -0.0322761 -1.45161 0.256045 -0.03006 0.966197 -1.41471 0 0 0 1 
5494384560101;0.595346;0.215799;0.92848 0.34231 0.144045 0.0388042 -0.362335 0.920039 0.149136 2.19744 -0.0814763 -0.190662 0.978269 1.00429 0 0 0 1 
5494384560102;0.240088;0.2009;0.983186 -0.176099 0.0483122 -0.143691 0.181935 0.967323 -0.176597 -0.838906 -0.015635 0.182417 0.983097 0.36529 0 0 0 1 
5494384560103;0.65911;0.209397;0.998623 0.00384679 -0.0523107 0.18495 -0.00519433 0.999658 -0.0256488 -0.0391171 0.0521941 0.0258852 0.998301 -0.698033 0 0 0 1 
5494384560104;0.317417;0.163249;0.992569 -0.0979373 -0.0722166 0.157427 0.116246 0.938606 0.324818 -1.65137 0.0359711 -0.330799 0.943015 -0.0553691 0 0 0 1 
5494384560105;0.561217;0.227446;0.957715 0.0452282 -0.28414 0.609237 -0.0608987 0.997058 -0.046556 0.52035 0.281199 0.0618912 0.957652 -1.36081 0 0 0 1 
5494384560106;0.669368;0.438361;0.991923 0.02952 0.123362 -0.335876 -0.0261918 0.99925 -0.0285148 -0.113412 -0.124112 0.0250534 0.991952 1.16565 0 0 0 1 
5494384560107;0.196586;0.155029;0.982429 0.165426 -0.0864131 0.40191 -0.159499 0.984603 0.0715377 0.922015 0.0969168 -0.0564979 0.993688 -0.632786 0 0 0 1 
5494384560108;0.588165;0.236149;0.966077 0.230775 -0.115925 0.714633 -0.161346 0.88983 0.426814 -0.0525706 0.201651 -0.393631 0.896879 -1.42023 0 0 0 1 
5494384560109;0.964218;0.222171;0.993059 0.0960835 0.0678299 -0.0925036 -0.102101 0.990541 0.0916676 0.617693 -0.0583806 -0.0979568 0.993477 1.26239 0 0 0 1 
5494384560110;0.522946;0.540821;0.949317 -0.308231 -0.0615791 -0.308239 0.302716 0.949292 -0.0848973 -2.08765 0.0846245 0.0619534 0.994485 -0.550881 0 0 0 1 
5494384560111;0.382633;0.198365;0.997691 -0.0293864 0.0612295 -0.276395 0.0372202 0.990682 -0.13101 0.106725 -0.0568091 0.132987 0.989488 0.36734 0 0 0 1 
5494384560112;1.20633;0.287952;0.989255 -0.126542 -0.0732186 -0.448028 0.124355 0.991665 -0.0337137 -0.31361 0.0768745 0.0242463 0.996746 0.291881 0 0 0 1 
5494384560113;0.493118;0.22558;0.989965 0.118097 -0.0776079 0.355832 -0.1219 0.991465 -0.0462352 0.927239 0.0714853 0.0552316 0.995911 -0.66458 0 0 0 1 
5494384560114;0.011633;0.187638;0.998651 0.00704508 -0.0514459 0.166414 -0.00882053 0.99937 -0.0343659 0.175475 0.0511714 0.0347734 0.998084 -0.179591 0 0 0 1 
5494384560115;0.837027;0.209186;0.949231 -0.0767503 -0.305072 0.639157 0.133985 0.97606 0.171336 -1.76405 0.284619 -0.203512 0.93679 -1.43564 0 0 0 1 
5494384560116;0.753813;0.197028;0.995093 -0.00212466 -0.0989241 -0.278064 0.00693162 0.99881 0.0482741 -0.0955608 0.0987039 -0.0487229 0.993923 -0.777907 0 0 0 1 
5494384560117;0.39392;0.171985;0.961939 0.273164 -0.00739636 0.318737 -0.273144 0.961966 0.00366261 1.9159 0.00811554 -0.00150294 0.999966 0.277826 0 0 0 1 
5494384560118;0.486867;0.241163;0.996359 0.0831583 -0.0187742 0.187516 -0.0845883 0.936931 -0.339123 1.26185 -0.0106107 0.339477 0.940555 0.186511 0 0 0 1 
5494384560119;0.307339;0.164623;0.954622 0.295842 -0.0342658 0.428193 -0.280051 0.930851 0.234709 1.28108 0.101333 -0.214463 0.971461 -0.569815 0 0 0 1 
5494384560120;1.07013;0.206623;0.965298 -0.218314 -0.14331 0.563659 0.193206 0.966225 -0.170532 -0.746403 0.1757 0.136926 0.974875 -1.74637 0 0 0 1 
5494384560121;0.937742;0.173979;0.886202 0.409201 -0.217257 1.03721 -0.414211 0.909861 0.0241246 2.05772 0.207546 0.0686111 0.975816 -1.31913 0 0 0 1 
5494384560122;0.448809;0.212983;0.928215 0.345306 0.138493 0.093732 -0.344567 0.938281 -0.0300465 2.54056 -0.14032 -0.0198304 0.989908 1.2248 0 0 0 1 
5494384560124;0.180601;0.0756205;0.988647 -0.119732 0.0907809 -0.301678 0.105057 0.982771 0.152063 -0.642497 -0.107424 -0.1408 0.984193 0.410113 0 0 0 1 
5494384560125;0.336264;0.120324;0.941846 -0.167854 0.291121 -0.564067 0.197946 0.977186 -0.0769787 -0.682346 -0.271558 0.130128 0.953584 1.11777 0 0 0 1 
5494384560126;0.158937;0.0839093;0.994334 0.090981 0.0549825 -0.26307 -0.0902072 0.995788 -0.0163997 0.382474 -0.056243 0.011347 0.998353 0.200534 0 0 0 1 
5494384560127;0.459182;0.0838133;0.988291 -0.135721 -0.0697227 0.418088 0.134089 0.990585 -0.0275979 -0.136279 0.0728119 0.0179257 0.997185 -0.269358 0 0 0 1 
5494384560128;0.768681;0.0940704;0.959256 -0.146988 0.241293 -0.727555 0.221689 0.921026 -0.320259 -0.0408644 -0.175163 0.360702 0.916085 0.366997 0 0 0 1 
5494384560129;0.8631;0.0895259;0.918268 0.0104024 0.395822 -0.920402 -0.125686 0.955615 0.266465 -0.586397 -0.375482 -0.294436 0.878818 1.94398 0 0 0 1 
5494384560130;0.294138;0.108132;0.988824 -0.147815 -0.0194176 0.162277 0.149082 0.981217 0.122423 -0.789464 0.000956838 -0.12395 0.992288 -0.180031 0 0 0 1 
5494384560131;0.331415;0.106273;0.99704 -0.0400595 -0.0656236 -0.0135207 0.0384584 0.998935 -0.0254828 -0.0464454 0.0665746 0.0228836 0.997519 0.0723281 0 0 0 1 
5494384560132;0.299743;0.0886151;0.934355 0.0142652 -0.356058 0.895638 0.0899662 0.957385 0.274444 -0.840097 0.344799 -0.288461 0.893255 -1.40935 0 0 0 1 
5494384560133;0.275606;0.0968631;0.919262 0.142038 -0.367128 1.03588 -0.0902388 0.983834 0.154685 0.131797 0.383165 -0.109067 0.917218 -1.45699 0 0 0 1 
5494384560134;0.715759;0.078952;0.98048 0.195715 0.0188351 0.0170369 -0.195903 0.980585 0.00865397 0.872394 -0.0167757 -0.0121749 0.999785 0.847638 0 0 0 1 
5494384560135;0.221863;0.0714864;0.958791 0.265716 0.100568 0.0194191 -0.273681 0.958826 0.0758431 1.1172 -0.0762742 -0.100241 0.992035 0.28041 0 0 0 1 
5494384560136;0.513605;0.0612904;0.971482 0.237114 -1.43013e-05 -0.242998 -0.237088 0.971375 0.0148142 1.29756 0.00352655 -0.0143884 0.99989 -0.244353 0 0 0 1 
5494384560137;0.0725673;0.0736664;0.999695 -0.0132347 -0.0208652 -0.0270003 0.0134083 0.999876 0.00820061 -0.0174568 0.0207541 -0.00847788 0.999749 -0.0223172 0 0 0 1 
5494384560138;0.458946;0.107908;0.995904 -0.0334433 -0.0840025 0.0493516 0.0217093 0.990347 -0.136902 0.20201 0.0877701 0.134517 0.987016 0.166037 0 0 0 1 
5494384560139;0.373858;0.0714173;0.982311 0.151265 0.11038 0.074089 -0.153294 0.988129 0.0100788 0.285853 -0.107545 -0.0268211 0.993838 0.357745 0 0 0 1 
5494384560140;0.407687;0.0677821;0.93119 0.337632 -0.137436 0.414968 -0.305604 0.928579 0.21059 0.911762 0.198722 -0.154098 0.967865 -0.57064 0 0 0 1 
5494384560141;0.827786;0.0974894;0.998512 -0.00485229 0.0543252 -0.290214 0.00544183 0.999928 -0.0107094 0.183572 -0.0542693 0.0109891 0.998466 1.14305 0 0 0 1 
5494384560142;0.791925;0.0919234;0.998232 -0.0287314 0.0520275 -0.806775 0.0274998 0.999328 0.0242355 -0.347656 -0.0526889 -0.022762 0.998352 -0.37963 0 0 0 1 
5494384560143;0.413054;0.056078;0.894156 0.368743 0.253994 0.0427696 -0.387245 0.921631 0.0252474 1.38373 -0.224779 -0.120933 0.966876 0.874661 0 0 0 1 
5494384560144;0.460909;0.0823339;0.993459 0.0638975 -0.0946418 0.142475 -0.0628806 0.997927 0.0136911 0.329763 0.0953204 -0.00765036 0.995417 0.0789746 0 0 0 1 
5494384560145;0.514439;0.0736873;0.993762 -0.0699409 0.086869 -0.396148 0.0423517 0.957232 0.286204 -0.163077 -0.103171 -0.280739 0.954223 0.413103 0 0 0 1 
5494384560146;0.876277;0.0792442;0.963221 0.268707 -0.00107374 0.992306 -0.268647 0.963078 0.0176193 0.869411 0.00576852 -0.0166828 0.999844 -0.610883 0 0 0 1 
5494384560147;0.0882485;0.0520098;0.988992 -0.000541427 -0.147966 0.283055 -0.000297285 0.999984 -0.00564611 0.0469755 0.147967 0.00562795 0.988976 -0.625092 0 0 0 1 
5494384560148;0.565514;0.0874358;0.905479 0.285016 0.314442 0.147958 -0.23284 0.95309 -0.193406 1.79486 -0.354816 0.10191 0.929366 1.58209 0 0 0 1 
5494384560149;0.651367;0.0830455;0.992712 -0.11273 0.0426014 -0.497665 0.109548 0.991456 0.0708067 -0.463454 -0.0502194 -0.0656237 0.99658 0.819551 0 0 0 1 
5494384560150;0.389377;0.102908;0.926194 -0.318791 0.201337 -0.371367 0.348649 0.92742 -0.135411 -1.33082 -0.143556 0.195613 0.970117 0.83405 0 0 0 1 
5494384560151;0.428451;0.106951;0.952562 -0.299263 -0.0553814 0.0146 0.30113 0.953142 0.0289917 -1.26404 0.0441103 -0.0442934 0.998044 -0.51319 0 0 0 1 
5494384560152;0.492131;0.0772567;0.928377 -0.371179 -0.0185253 0.0541581 0.367717 0.910208 0.19054 -2.20687 -0.0538624 -0.183705 0.981505 0.103446 0 0 0 1 
5494384560153;0.585822;0.0770283;0.999736 0.00873382 -0.0212483 0.013344 -0.0125225 0.982603 -0.185298 0.579283 0.0192603 0.185516 0.982453 -0.62666 0 0 0 1 
5494384560155;0.510199;0.339859;0.991825 -0.126673 -0.0154218 0.281203 0.12754 0.987982 0.0873209 -0.292308 0.00417525 -0.0885739 0.996061 0.463269 0 0 0 1 
5494384560156;0.606536;0.38468;0.999504 -0.0114657 -0.0293157 0.448858 0.0137823 0.996693 0.0800856 -0.387828 0.0283005 -0.0804499 0.996357 -0.668467 0 0 0 1 
5494384560157;0.698949;0.392675;0.961044 -0.27466 -0.0309356 0.661545 0.275756 0.945178 0.174918 -0.849192 -0.0188032 -0.176634 0.984097 0.487916 0 0 0 1 
5494384560158;0.932434;0.804399;0.976204 0.0278489 0.21506 0.2257 -0.0649899 0.983707 0.167619 -0.25942 -0.206888 -0.177607 0.962109 1.11564 0 0 0 1 
5494384560159;0.588127;0.428411;0.966461 0.160359 0.200595 0.663459 -0.168769 0.985327 0.0254371 -0.140438 -0.193572 -0.0584382 0.979344 0.677288 0 0 0 1 
5494384560160;0.813406;0.407521;0.957275 0.109873 -0.267492 1.25802 -0.0448563 0.97023 0.237996 -0.309564 0.285678 -0.215829 0.933705 -0.916858 0 0 0 1 
5494384560161;0.869163;0.443909;0.99893 0.00139686 -0.0462327 0.621294 0.00516145 0.989935 0.141431 -1.30096 0.0459649 -0.141518 0.988868 -0.0452437 0 0 0 1 
5494384560162;0.520155;0.349173;0.989332 -0.0818013 -0.120546 0.319661 0.111863 0.956651 0.268897 -0.339336 0.0933243 -0.279513 0.955596 0.257377 0 0 0 1 
5494384560163;0.884248;0.444795;0.928058 0.372404 -0.00484897 1.37767 -0.372214 0.927876 0.0224367 0.523707 0.0128548 -0.0190177 0.999737 0.148019 0 0 0 1 
5494384560164;0.069281;0.388905;0.996781 -0.0645731 -0.0475177 0.29811 0.070063 0.989708 0.124773 -0.531714 0.0389717 -0.127701 0.991047 -0.0543842 0 0 0 1 
5494384560165;0.359877;0.466568;0.929493 0.33703 0.149845 0.339641 -0.352259 0.931589 0.0897501 0.0992676 -0.109345 -0.136206 0.984628 0.198115 0 0 0 1 
5494384560166;0.617506;0.628413;0.960822 -0.01152 -0.276927 0.822217 0.0771301 0.970783 0.227226 -0.713988 0.266218 -0.239683 0.933638 -0.0356124 0 0 0 1 
5494384560167;0.359577;0.789845;0.957222 -0.165709 0.237207 0.166675 0.128895 0.978141 0.163174 -0.998819 -0.259061 -0.125619 0.957657 0.190873 0 0 0 1 
5494384560168;0.367236;0.422278;0.957762 0.221064 0.183911 0.423616 -0.253213 0.951448 0.175012 -0.218362 -0.136293 -0.214188 0.967237 0.185085 0 0 0 1 
5494384560169;0.299703;0.436278;0.994846 0.0330604 -0.0958535 0.511709 -0.01122 0.975439 0.219984 -0.598273 0.100772 -0.217775 0.970783 -0.0304375 0 0 0 1 
5494384560170;0.388752;0.443882;0.99802 -0.0520197 -0.0353659 0.680853 0.0553999 0.99319 0.102494 -0.185145 0.0297934 -0.10425 0.994105 -0.102812 0 0 0 1 
5494384560171;0.436725;0.403248;0.998876 -0.0473473 -0.00206298 0.614954 0.0462095 0.96336 0.264199 -0.543639 -0.0105218 -0.263998 0.964466 -0.315749 0 0 0 1 
5494384560172;0.743415;0.625701;0.989507 0.143823 -0.0138264 1.02134 -0.135313 0.955986 0.260347 -0.334243 0.0506618 -0.255744 0.965416 -0.0130602 0 0 0 1 
5494384560173;0.766137;0.373725;0.997241 0.0726535 -0.0152289 0.673158 -0.0639345 0.944875 0.321128 0.222002 0.0377204 -0.319268 0.946913 -0.543244 0 0 0 1 
5494384560174;0.152675;0.327624;0.986591 -0.14113 -0.0819738 0.193707 0.147367 0.986174 0.0757832 -0.465273 0.0701452 -0.0868473 0.993749 -0.0822091 0 0 0 1 
5494384560175;0.731473;0.632725;0.995598 0.0435299 -0.083006 0.583543 -0.0411045 0.998683 0.0307085 -0.368528 0.0842334 -0.0271614 0.996076 -0.862923 0 0 0 1 
5494384560176;0.458408;0.407341;0.928421 0.0629155 0.366163 0.235775 -0.144194 0.969322 0.199056 0.229698 -0.342406 -0.237607 0.909011 0.411878 0 0 0 1 
5494384560177;0.329052;0.643701;0.973094 -0.0495673 -0.225015 0.555575 0.0777131 0.989968 0.118002 -0.595238 0.216909 -0.132313 0.967183 -0.18859 0 0 0 1 
5494384560178;0.128329;0.339567;0.993669 0.012378 -0.111666 0.389263 0.00510995 0.987904 0.154979 -0.330985 0.112233 -0.154569 0.981587 -0.180691 0 0 0 1 
5494384560179;0.884119;0.439585;0.943719 -0.24827 0.218534 0.0405529 0.220623 0.964773 0.143312 -1.18459 -0.246416 -0.0870329 0.965248 -0.344783 0 0 0 1 
5494384560180;0.395688;0.362333;0.996587 -0.0498255 -0.0658209 0.18209 0.0560227 0.99381 0.0959336 -0.0651447 0.0606335 -0.0992936 0.993209 -0.378412 0 0 0 1 
5494384560181;0.929561;0.504249;0.96015 -0.276697 -0.0393748 -0.237667 0.279095 0.956681 0.0828637 -1.17071 0.014741 -0.0905509 0.995783 -0.686928 0 0 0 1 
5494384560182;0.699324;0.699769;0.960149 -0.217227 0.17586 -0.0128937 0.192582 0.97021 0.146982 -1.30565 -0.20255 -0.107257 0.97338 -0.201069 0 0 0 1 
5494384560183;0.638253;0.567224;0.91269 -0.181359 0.366204 -0.0954886 0.111209 0.972535 0.204473 -0.83657 -0.393229 -0.145895 0.907792 1.14364 0 0 0 1 
5494384560184;0.208766;0.520519;0.977972 0.20649 -0.0305447 0.510471 -0.201487 0.972074 0.120309 -0.187785 0.0545343 -0.111504 0.992267 -0.150414 0 0 0 1 
5494384560186;0.36111;0.0508201;0.999791 -0.0199523 -0.00437393 0.00559798 0.0199136 0.999764 -0.0087195 0.166791 0.00454687 0.00863058 0.999952 0.374498 0 0 0 1 
5494384560187;0.496451;0.0270854;0.951601 0.27364 -0.13992 0.975262 -0.217956 0.921834 0.320495 0.316571 0.216683 -0.274487 0.936859 -0.884587 0 0 0 1 
5494384560188;0.447898;0.0380843;0.938994 -0.336698 0.0701782 -0.255123 0.313442 0.921736 0.228379 -1.70598 -0.14158 -0.192449 0.97104 0.390621 0 0 0 1 
5494384560189;0.616026;0.0559199;0.950565 -0.211057 -0.227774 0.6181 0.217865 0.975967 0.0048772 -0.393709 0.221271 -0.0542602 0.973702 -0.536088 0 0 0 1 
5494384560190;0.219844;0.0373355;0.98018 -0.169374 -0.102759 0.0384265 0.174758 0.983546 0.0458028 -0.723769 0.0933102 -0.0628529 0.993651 -0.385185 0 0 0 1 
5494384560191;0.269957;0.0373091;0.966166 0.256486 0.0271479 0.365822 -0.256573 0.966525 -0.000300279 1.03509 -0.0263162 -0.00667531 0.999631 0.137134 0 0 0 1 
5494384560192;0.563983;0.0434271;0.993377 0.109149 -0.0358933 -0.0801613 -0.0845981 0.906189 0.414325 -0.05723 0.0777492 -0.408545 0.909421 0.0911768 0 0 0 1 
5494384560193;0.714742;0.0386366;0.977701 -0.196643 -0.0737041 0.522948 0.162719 0.931243 -0.32605 -0.524635 0.132752 0.306787 0.942475 -0.855683 0 0 0 1 
5494384560194;0.621903;0.0479174;0.98987 -0.139195 -0.0279802 -0.104755 0.139813 0.989945 0.0214918 -0.699281 0.0247073 -0.0251861 0.999377 0.602176 0 0 0 1 
5494384560195;0.355585;0.035059;0.95601 -0.284258 0.0723979 -0.266696 0.28176 0.958527 0.0428685 -1.21543 -0.081581 -0.0205839 0.996454 0.550194 0 0 0 1 
5494384560196;0.150749;0.0589779;0.998906 0.0467509 -0.000824769 0.0412715 -0.0467322 0.998784 0.0157063 0.0827297 0.00155805 -0.0156506 0.999876 0.17669 0 0 0 1 
5494384560197;0.514288;0.040447;0.890604 -0.428497 -0.152365 0.728183 0.445197 0.889865 0.0996946 -1.88616 0.092865 -0.156621 0.983283 -0.058129 0 0 0 1 
5494384560198;0.530599;0.0407418;0.996028 0.00161771 0.0890287 -0.394044 0.0361252 0.906513 -0.42063 0.318689 -0.0813861 0.422175 0.902853 0.389252 0 0 0 1 
5494384560199;0.148187;0.0469249;0.988664 0.150026 -0.00597248 0.171134 -0.150138 0.988219 -0.0296924 0.63714 0.00144747 0.0302525 0.999541 0.0377463 0 0 0 1 
5494384560200;0.674054;0.0530182;0.998163 -0.0602131 0.00663806 -0.600927 0.0596907 0.996307 0.0617192 -0.716163 -0.0103299 -0.0612096 0.998071 -0.314867 0 0 0 1 
5494384560201;0.851959;0.0216248;0.959904 -0.185356 0.210304 -0.188936 0.123428 0.953025 0.276601 -0.961682 -0.251695 -0.239553 0.937691 0.154563 0 0 0 1 
5494384560202;0.0584502;0.0624125;0.999465 -0.016824 -0.0280454 0.0604181 0.0171243 0.999798 0.0105036 -0.0817648 0.0278631 -0.0109783 0.999551 -0.0830098 0 0 0 1 
5494384560203;0.443983;0.0339745;0.995354 -0.0567354 0.077791 -0.18692 0.0845356 0.901702 -0.424014 0.570493 -0.0460877 0.42862 0.902309 0.311813 0 0 0 1 
5494384560204;0.212563;0.045581;0.999687 0.0203742 0.0145156 -0.0332644 -0.0203659 0.999792 -0.000717972 0.0649311 -0.0145273 0.000422123 0.999894 -0.131049 0 0 0 1 
5494384560205;0.664348;0.0245998;0.880561 -0.284715 0.378878 -0.201581 0.223812 0.954494 0.197104 -1.04354 -0.417756 -0.088765 0.904213 2.47397 0 0 0 1 
5494384560206;0.578856;0.0513173;0.996093 -0.0817077 0.0334997 -0.0515052 0.0810426 0.996494 0.0207571 -0.279606 -0.0350782 -0.0179612 0.999223 0.834893 0 0 0 1 
5494384560207;0.371227;0.0253747;0.983055 -0.0286993 0.18105 -0.495237 -0.0294808 0.95006 0.310672 -0.533379 -0.180925 -0.310746 0.933115 0.854606 0 0 0 1 
5494384560208;0.803964;0.0604159;0.995272 0.0408819 0.0880984 -0.0911735 -0.0430168 0.998822 0.0224717 0.274574 -0.0870759 -0.0261552 0.995858 1.34483 0 0 0 1 
5494384560209;0.402561;0.0357266;0.89508 -0.40942 -0.176654 0.478009 0.380754 0.907951 -0.175074 -1.29979 0.232072 0.089444 0.968577 -0.776248 0 0 0 1 
5494384560210;0.831689;0.0246952;0.985779 0.147806 0.0799514 -0.169807 -0.124243 0.961409 -0.245471 1.62804 -0.113148 0.232046 0.966101 0.0681888 0 0 0 1 
5494384560211;0.793568;0.0307677;0.994687 -0.0265429 -0.0994685 0.986436 0.0252761 0.999583 -0.0139751 0.210267 0.0997979 0.0113867 0.994943 -0.684295 0 0 0 1 
5494384560212;0.459124;0.0630289;0.999929 0.0025099 0.0116562 0.194503 -0.00298527 0.999157 0.0409459 0.089428 -0.0115436 -0.0409778 0.999093 0.508346 0 0 0 1 
5494384560213;0.436091;0.317853;0.99975 -0.0204187 0.00911936 -0.0152796 0.0213144 0.993444 -0.112317 0.156284 -0.0067662 0.112483 0.993631 0.301697 0 0 0 1 
5494384560214;0.701608;0.0641024;0.999999 -0.00112092 -0.00123954 0.0220443 0.00114727 0.999769 0.0214674 0.694247 0.00121519 -0.0214688 0.999769 -0.2831 0 0 0 1 
5494384560215;0.568246;0.048358;0.955081 0.0675952 -0.288532 1.23475 0.0209887 0.955764 0.293385 -0.612536 0.2956 -0.286263 0.911413 -1.03756 0 0 0 1 
5494384560217;0.781012;0.154608;0.987393 0.158281 -0.00160013 0.830855 -0.158232 0.986714 -0.0368651 0.697745 -0.00425617 0.0366536 0.999319 0.42501 0 0 0 1 
5494384560218;0.673342;0.101548;0.865584 -0.113237 -0.487792 1.99382 0.152243 0.987496 0.0409151 -1.06183 0.47706 -0.109678 0.872 -1.94313 0 0 0 1 
5494384560219;0.333437;0.178814;0.962768 -0.256321 -0.085894 0.355803 0.260734 0.964377 0.0446547 -1.64683 0.0713883 -0.0653876 0.995303 -0.361484 0 0 0 1 
5494384560220;0.675306;0.0907769;0.954582 -0.168445 -0.245762 0.737098 0.141572 0.982216 -0.123322 -0.490226 0.262164 0.0829276 0.961454 -0.74686 0 0 0 1 
5494384560221;0.374554;0.074109;0.908029 0.417713 0.0316141 0.739673 -0.408304 0.899393 -0.156143 2.74296 -0.0936563 0.128874 0.987228 0.738347 0 0 0 1 
5494384560222;1.07278;0.0686322;0.964417 0.116421 -0.237374 0.194425 -0.157325 0.974276 -0.161352 2.02288 0.212483 0.192955 0.957924 -0.739521 0 0 0 1 
5494384560223;0.406435;0.121528;0.93572 0.352656 0.00785119 0.4373 -0.351861 0.934721 -0.0499081 2.09348 -0.0249391 0.0439375 0.998723 0.409805 0 0 0 1 
5494384560224;0.20751;0.226947;0.99154 -0.0139228 0.129049 -0.200998 0.0181905 0.999324 -0.0319503 -0.0206576 -0.128517 0.0340275 0.991123 0.870634 0 0 0 1 
5494384560225;0.828158;0.0757231;0.992522 0.0118331 -0.121488 0.228274 -0.00355666 0.997671 0.0681176 0.00507677 0.122011 -0.0671761 0.990253 0.115475 0 0 0 1 
5494384560226;0.429538;0.108511;0.873474 0.0842958 -0.479517 1.9098 -0.00853576 0.987398 0.158029 -0.00464033 0.486795 -0.133941 0.863186 -2.66929 0 0 0 1 
5494384560227;0.623994;0.0992327;0.929395 -0.358911 0.0860687 -0.146233 0.339215 0.922529 0.184049 -2.01122 -0.145458 -0.141858 0.979142 0.604995 0 0 0 1 
5494384560228;0.349478;0.0874088;0.969898 -0.169619 -0.174721 0.508966 0.210291 0.945199 0.249752 -1.56278 0.122783 -0.278976 0.952416 -0.721834 0 0 0 1 
5494384560229;0.390705;0.09551;0.997726 0.0447799 -0.0503759 0.070442 -0.0454816 0.998882 -0.0128705 0.584889 0.0497432 0.0151324 0.998647 0.0148867 0 0 0 1 
5494384560230;0.944473;0.0801116;0.989716 0.0638187 0.128021 -0.924821 -0.0648084 0.997891 0.00357625 0.487217 -0.127522 -0.0118363 0.991765 0.281333 0 0 0 1 
5494384560231;0.749473;0.124792;0.944541 -0.181696 0.273549 -0.786804 0.160782 0.98219 0.0972211 -1.03846 -0.286342 -0.0478476 0.956932 1.29519 0 0 0 1 
5494384560232;0.1939;0.0997535;0.996339 -0.0722592 0.0456893 -0.0852465 0.0617465 0.977847 0.200004 -0.839756 -0.0591293 -0.196451 0.978729 0.265752 0 0 0 1 
5494384560233;0.634182;0.0899996;0.933246 0.243279 0.264324 -0.166132 -0.312936 0.91188 0.265603 1.22415 -0.176416 -0.33059 0.927139 0.608976 0 0 0 1 
5494384560234;0.39885;0.0813879;0.906769 -0.354341 -0.228499 0.958444 0.364086 0.931365 0.00053447 -2.11944 0.212627 -0.0836781 0.973544 -1.33567 0 0 0 1 
5494384560235;0.0516956;0.122495;0.998811 0.039012 -0.0292415 0.143762 -0.0393171 0.999177 -0.00993022 0.340335 0.0288301 0.0110681 0.999523 -0.117209 0 0 0 1 
5494384560236;0.391323;0.095036;0.99027 -0.136032 -0.0293274 0.14681 0.136496 0.990536 0.0144152 -0.443841 0.0270889 -0.018278 0.999466 -0.187911 0 0 0 1 
5494384560237;1.02921;0.100529;0.998155 0.0389968 0.0465381 0.509749 -0.0319857 0.989222 -0.142889 0.942535 -0.0516087 0.141137 0.988644 1.10023 0 0 0 1 
5494384560238;0.757061;0.125567;0.965076 0.249255 -0.080619 0.709029 -0.248978 0.968413 0.013637 1.90054 0.0814716 0.00691162 0.996652 -0.93059 0 0 0 1 
5494384560239;0.288361;0.0973447;0.921097 0.280948 0.269535 -0.0286692 -0.265881 0.959638 -0.0916646 1.80197 -0.284409 0.0127679 0.958618 1.83574 0 0 0 1 
5494384560240;0.0978136;0.0879896;0.987731 0.0716242 -0.138769 0.507399 -0.0644366 0.996371 0.055619 0.27683 0.142249 -0.0459948 0.988762 -0.794912 0 0 0 1 
5494384560241;0.673589;0.127518;0.938533 0.320265 -0.128788 0.729536 -0.339615 0.923484 -0.178435 2.96717 0.0617872 0.211205 0.975487 -0.0879524 0 0 0 1 
5494384560242;1.04802;0.110958;0.980121 0.127342 0.152141 -0.462231 -0.105152 0.98369 -0.145936 1.58589 -0.168244 0.127037 0.977525 1.87945 0 0 0 1 
5494384560243;0.111566;0.0977784;0.999256 -0.0208241 -0.0324707 0.108761 0.020423 0.999712 -0.0126357 0.0336533 0.0327245 0.0119631 0.999393 -0.230763 0 0 0 1 
5494384560244;1.00468;0.187653;0.992377 -0.122759 -0.0108974 0.501924 0.12298 0.99215 0.0226901 -0.583225 0.00802646 -0.0238573 0.999683 -0.837189 0 0 0 1 
5494384560245;0.648612;0.0995752;0.991856 -0.123085 0.0327369 -0.0569292 0.124191 0.991668 -0.0342306 -0.293341 -0.0282508 0.0380175 0.998878 0.708932 0 0 0 1 
5494384560246;0.310363;0.112934;0.999565 0.00725989 0.0285722 0.101437 -0.0111412 0.990353 0.138122 -0.142296 -0.0272938 -0.13838 0.990003 0.427193 0 0 0 1 
5494384560248;0.548689;0.20597;0.967669 -0.251092 0.0238776 0.232016 0.248011 0.964461 0.0911364 -3.04606 -0.0459126 -0.0822679 0.995552 1.22976 0 0 0 1 
5494384560249;0.350307;0.114095;0.964734 0.231645 0.125018 -0.233409 -0.212906 0.965968 -0.146892 2.68811 -0.154791 0.115095 0.98122 1.28359 0 0 0 1 
5494384560250;0.482059;0.128085;0.992496 0.0425578 0.114636 0.399722 -0.0353468 0.99731 -0.0642183 -0.159286 -0.11706 0.0596844 0.99133 1.17393 0 0 0 1 
5494384560251;0.346948;0.145262;0.94877 0.2332 0.213198 -0.293812 -0.253578 0.964522 0.0734564 2.07194 -0.188504 -0.123756 0.974244 2.37807 0 0 0 1 
5494384560252;0.590914;0.0880264;0.918483 -0.244491 -0.310826 1.98 0.195022 0.963798 -0.181825 -2.22628 0.344028 0.106385 0.932913 -3.39777 0 0 0 1 
5494384560253;0.449485;0.212279;0.933925 0.00874491 -0.357362 1.73585 -0.0479928 0.993717 -0.101107 0.885772 0.354233 0.111577 0.928477 -3.48822 0 0 0 1 
5494384560254;0.682288;0.171334;0.948869 -0.311899 0.0486523 1.31328 0.30063 0.939868 0.162078 -3.87484 -0.0962788 -0.139165 0.985578 1.9128 0 0 0 1 
5494384560255;0.468787;0.115061;0.998317 -0.0148791 0.0560464 -0.436156 0.0213339 0.992974 -0.116393 0.063834 -0.0539208 0.117393 0.991621 -0.304412 0 0 0 1 
5494384560256;0.445109;0.137798;0.922369 0.348524 0.16663 -0.36218 -0.369347 0.922026 0.115981 3.11938 -0.113215 -0.168522 0.979174 0.87253 0 0 0 1 
5494384560257;0.358958;0.195681;0.974737 -0.085938 0.20616 -0.429467 0.0561489 0.987656 0.14623 -1.23508 -0.216182 -0.13096 0.96753 2.66922 0 0 0 1 
5494384560258;0.299214;0.200988;0.9488 -0.293351 0.117149 0.534389 0.310093 0.935652 -0.168518 -2.71089 -0.0601761 0.196217 0.978712 0.240519 0 0 0 1 
5494384560259;0.232186;0.171124;0.990339 -0.13856 -0.00545046 0.347413 0.138343 0.984572 0.107136 -2.01214 -0.00947845 -0.106855 0.994229 -0.0341245 0 0 0 1 
5494384560260;0.561418;0.104894;0.960684 0.258764 0.100635 -0.352567 -0.2671 0.960294 0.0805754 2.26212 -0.0757887 -0.104287 0.991655 1.68655 0 0 0 1 
5494384560261;0.428236;0.121859;0.873607 0.248593 0.418345 -0.309406 -0.224788 0.968607 -0.106162 2.34703 -0.431603 -0.00129484 0.902063 4.52228 0 0 0 1 
