#;prob_registration_l1 -r /home/probabilistic_point_clouds_registration/build/tester /home/point_clouds_registration_benchmark//devel/registration_pairs/urban05_local.txt /home/point_clouds_registration_benchmark//kaist/urban05 -s 0.2 -t 0.2 -p 0.3 -r 1000 -m 1 -i 40 
id;initial_error;final_error;transformation
34562489690000;0.13992;0.84822;1 -1.5214e-07 1.10526e-06 -1.05002 1.5214e-07 1 1.83425e-08 6.29329 -1.10526e-06 -1.83423e-08 1 0.0205831 0 0 0 1 
34562489690001;0.182436;0.371269;1 -1.28107e-07 3.49539e-07 -1.07696 1.28107e-07 1 6.09024e-08 1.55515 -3.49539e-07 -6.09023e-08 1 -0.426683 0 0 0 1 
34562489690002;0.400034;0.728084;0.999985 -1.82293e-07 -0.00554522 11.5095 2.86281e-06 1 0.000483384 -4.4499 0.00554522 -0.000483392 0.999985 -5.6739 0 0 0 1 
34562489690003;0.381518;0.629368;0.998529 0.000123465 -0.0542237 46.348 0.00013322 0.999989 0.00473018 -7.0266 0.0542237 -0.00473044 0.998518 -27.2379 0 0 0 1 
34562489690004;0.467995;0.832968;1 -1.2415e-07 6.36262e-07 -0.926661 1.2415e-07 1 5.58715e-08 3.19697 -6.36262e-07 -5.58715e-08 1 -0.369372 0 0 0 1 
34562489690005;0.423309;1.13841;1 -2.39893e-07 1.11027e-06 -1.95861 2.39893e-07 1 7.14344e-08 6.27708 -1.11027e-06 -7.14341e-08 1 -0.442264 0 0 0 1 
34562489690006;0.190415;1.13642;1 -2.86288e-08 1.67514e-06 -0.651193 2.86288e-08 1 -4.58983e-08 -9.41546 -1.67514e-06 4.58983e-08 1 0.102944 0 0 0 1 
34562489690007;0.167146;0.908176;1 -4.62013e-08 1.56604e-06 0.105557 4.62013e-08 1 -2.23931e-08 7.09785 -1.56604e-06 2.23932e-08 1 0.458824 0 0 0 1 
34562489690008;0.102809;0.102817;1 -1.64816e-08 8.61705e-08 -0.100294 1.64816e-08 1 6.77471e-09 -0.299073 -8.61705e-08 -6.77471e-09 1 -0.0404527 0 0 0 1 
34562489690009;0.0509686;0.897722;1 -3.36344e-08 -1.39244e-07 -0.554877 3.36344e-08 1 -2.67565e-09 -8.1554 1.39244e-07 2.67565e-09 1 -0.0804594 0 0 0 1 
34562489690010;0.0869115;0.92831;1 -1.41982e-07 -6.45159e-08 -0.837337 1.41982e-07 1 2.50933e-08 8.07418 6.45159e-08 -2.50934e-08 1 -0.109291 0 0 0 1 
34562489690011;0.0782188;0.890758;1 -2.01583e-07 -8.32572e-07 -1.43176 2.01583e-07 1 5.82528e-08 6.84206 8.32571e-07 -5.8253e-08 1 -0.378207 0 0 0 1 
34562489690012;0.0495854;0.753796;1 1.92826e-08 3.41436e-07 -0.47205 -1.92826e-08 1 1.81626e-09 -6.683 -3.41436e-07 -1.81626e-09 1 -0.221043 0 0 0 1 
34562489690013;0.0622498;0.460398;0.999999 6.24712e-07 -0.00122039 -4.50417 -4.95005e-07 1 0.000106284 4.51736 0.00122039 -0.000106283 0.999999 -1.78019 0 0 0 1 
34562489690014;0.30978;1.14006;1 -3.57405e-07 -8.31798e-08 -2.08798 3.57405e-07 1 9.37498e-08 7.45864 8.31798e-08 -9.37498e-08 1 -0.436126 0 0 0 1 
34562489690015;0.264634;1.16852;1 -2.47721e-07 2.82377e-07 -2.35825 2.47721e-07 1 8.1528e-09 -8.84168 -2.82377e-07 -8.15273e-09 1 -0.0454239 0 0 0 1 
34562489690016;0.0384264;0.801436;1 -8.45198e-08 -9.87429e-08 -0.41373 8.45198e-08 1 1.89987e-08 6.69696 9.87429e-08 -1.89987e-08 1 0.000277639 0 0 0 1 
34562489690017;0.317284;0.689857;1 -2.61578e-07 4.893e-07 -2.33746 2.61578e-07 1 4.05462e-08 -3.93672 -4.893e-07 -4.05461e-08 1 -0.260717 0 0 0 1 
34562489690018;0.287954;1.1648;1 -1.24946e-07 4.31055e-07 -0.750008 1.24946e-07 1 2.89441e-08 9.37259 -4.31055e-07 -2.89441e-08 1 0.0137469 0 0 0 1 
34562489690019;0.362659;0.680184;0.998667 0.000112995 0.0516134 18.4231 0.000119622 0.99999 -0.00450379 -6.06291 -0.0516134 0.00450396 0.998657 16.3166 0 0 0 1 
34562489690020;0.112961;0.0614306;1 -4.93695e-07 -0.000504271 3.53845 5.15976e-07 1 4.41849e-05 -0.964011 0.000504271 -4.41852e-05 1 0.473814 0 0 0 1 
34562489690021;0.197833;0.279868;1 -1.67653e-08 -3.37929e-07 -0.172356 1.67653e-08 1 -1.55809e-08 -1.37911 3.37929e-07 1.55809e-08 1 0.0905652 0 0 0 1 
34562489690022;0.278308;1.35269;1 -1.82436e-07 8.90455e-07 -2.09295 1.82436e-07 1 -6.35799e-08 -10.1126 -8.90455e-07 6.35801e-08 1 0.251922 0 0 0 1 
34562489690023;0.193536;0.477271;0.999776 1.71556e-05 -0.0211847 20.5811 2.20102e-05 0.999998 0.00184854 0.3474 0.0211847 -0.00184859 0.999774 -7.19399 0 0 0 1 
34562489690024;0.347959;0.956371;1 -1.22262e-07 3.26438e-06 -1.2384 1.22262e-07 1 1.98438e-08 -7.83047 -3.26438e-06 -1.98434e-08 1 -0.142418 0 0 0 1 
34562489690025;0.302077;0.719417;0.999897 7.81751e-06 -0.0143292 7.99842 1.01043e-05 0.999999 0.00125065 1.79035 0.0143292 -0.00125066 0.999897 -3.39535 0 0 0 1 
34562489690026;0.218188;0.257401;1 -8.80803e-08 5.55491e-07 -0.759796 8.80803e-08 1 3.72988e-08 0.86147 -5.55491e-07 -3.72988e-08 1 -0.257202 0 0 0 1 
34562489690027;0.18191;0.346626;0.999618 2.8341e-05 -0.0276372 43.3669 3.83257e-05 0.999997 0.00241168 -1.66154 0.0276372 -0.00241182 0.999615 -8.23649 0 0 0 1 
34562489690028;0.340963;1.41274;1 -3.68858e-07 6.06977e-07 -3.5677 3.68858e-07 1 1.31553e-09 -9.53098 -6.06977e-07 -1.3153e-09 1 -0.0321367 0 0 0 1 
34562489690029;0.238574;0.75617;0.999608 3.7554e-05 0.0279885 -32.231 3.07874e-05 0.999997 -0.00244133 -3.64182 -0.0279885 0.00244123 0.999605 18.0883 0 0 0 1 
34562489690031;0.530935;0.617302;1 3.35782e-08 -3.15766e-07 0.290095 -3.35782e-08 1 -2.24362e-08 0.311376 3.15766e-07 2.24362e-08 1 0.179472 0 0 0 1 
34562489690032;0.306555;0.56915;0.993361 0.00057942 0.115039 -14.1266 0.000579376 0.999949 -0.0100394 0.108882 -0.115039 0.0100394 0.99331 27.8838 0 0 0 1 
34562489690033;0.46032;0.579059;0.999527 4.18301e-05 -0.0307542 0.40589 4.07383e-05 0.999996 0.00268415 0.714826 0.0307542 -0.00268414 0.999523 -5.72528 0 0 0 1 
34562489690034;0.385219;0.568745;0.999921 8.25278e-06 -0.0125808 -7.82858 5.56074e-06 0.999999 0.00109795 1.16546 0.0125808 -0.00109793 0.99992 -3.45017 0 0 0 1 
34562489690035;0.341621;0.369413;1 1.38167e-08 1.95227e-07 0.0935487 -1.38167e-08 1 -8.60274e-09 -0.271896 -1.95227e-07 8.60274e-09 1 0.0674286 0 0 0 1 
34562489690036;0.158469;0.06301;0.995307 0.000412503 -0.0967645 -8.90659 0.000406393 0.999964 0.00844292 0.74224 0.0967645 -0.00844262 0.995271 -37.844 0 0 0 1 
34562489690037;0.364175;0.299925;0.995083 0.000433574 -0.0990448 -20.3263 0.000424812 0.999963 0.0086454 1.2457 0.0990448 -0.00864496 0.995045 -12.7012 0 0 0 1 
34562489690038;0.437441;1.32298;0.994869 0.000453831 0.101171 -58.2865 0.00044195 0.999961 -0.00883156 7.51087 -0.101171 0.00883096 0.99483 10.3841 0 0 0 1 
34562489690039;0.392147;0.353515;1 3.56133e-08 -1.43514e-07 0.251981 -3.56133e-08 1 -1.69316e-08 -0.574911 1.43514e-07 1.69316e-08 1 0.113556 0 0 0 1 
34562489690040;0.283513;0.321264;0.999434 5.16451e-05 -0.0336493 -12.4226 4.72293e-05 0.999996 0.00293758 0.896884 0.0336493 -0.0029375 0.999429 -0.956556 0 0 0 1 
34562489690041;0.287266;0.933139;0.998556 0.00012764 -0.0537212 -3.89157 0.000124446 0.999989 0.00468913 2.69399 0.0537212 -0.00468904 0.998545 -6.30418 0 0 0 1 
34562489690042;0.329992;0.945533;0.996292 0.000329445 0.0860306 -56.4589 0.000317771 0.999972 -0.00750929 6.31295 -0.0860307 0.00750878 0.996264 13.4877 0 0 0 1 
34562489690043;0.516204;0.844947;0.999832 1.67535e-05 -0.0183475 -12.882 1.26274e-05 0.999999 0.00160124 1.76178 0.0183475 -0.0016012 0.99983 -3.90352 0 0 0 1 
34562489690044;0.236329;0.19204;1 -4.73564e-09 2.69315e-08 -0.019453 4.73564e-09 1 1.92103e-08 0.0455442 -2.69315e-08 -1.92103e-08 1 -0.149646 0 0 0 1 
34562489690045;0.316589;0.416151;0.99997 2.79102e-06 -0.00769867 -0.332609 2.38442e-06 1 0.000672242 -0.169772 0.00769867 -0.00067224 0.99997 0.906526 0 0 0 1 
34562489690046;0.376135;0.356271;0.999695 2.67024e-05 -0.0247053 3.22507 2.65738e-05 0.999998 0.00215614 -0.356348 0.0247053 -0.00215614 0.999692 -5.49392 0 0 0 1 
34562489690047;0.485231;0.407422;1 2.28279e-08 1.68495e-07 0.222306 -2.2828e-08 1 2.82494e-08 0.322672 -1.68495e-07 -2.82494e-08 1 -0.251045 0 0 0 1 
34562489690048;0.199981;0.0437287;1 7.925e-09 -1.47018e-07 0.127449 -7.925e-09 1 -6.76387e-09 0.381705 1.47018e-07 6.76388e-09 1 0.0144124 0 0 0 1 
34562489690049;0.208318;0.212435;1 -1.3533e-09 -1.33137e-07 0.0103401 1.3533e-09 1 3.03592e-09 0.213656 1.33137e-07 -3.03592e-09 1 -0.0330108 0 0 0 1 
34562489690050;0.378047;0.445863;0.987447 0.00110523 -0.157945 -52.774 0.00108622 0.999904 0.0137878 4.56444 0.157945 -0.0137863 0.987352 -16.3251 0 0 0 1 
34562489690051;0.381473;0.675501;0.999537 4.29951e-05 0.0304119 -24.2596 3.7741e-05 0.999996 -0.00265418 3.31833 -0.0304119 0.0026541 0.999534 6.53737 0 0 0 1 
34562489690052;0.123011;0.387597;0.9998 1.99895e-05 -0.0200093 -16.364 1.49473e-05 0.999998 0.00174588 1.83268 0.0200093 -0.00174583 0.999798 -7.81581 0 0 0 1 
34562489690053;0.447449;0.641068;0.999918 8.41124e-06 0.0128269 -10.8149 5.94885e-06 0.999999 -0.00111949 1.3456 -0.0128269 0.00111947 0.999917 2.35985 0 0 0 1 
34562489690054;0.341689;0.818575;0.941407 0.00513976 -0.337235 -148.543 0.00508934 0.999554 0.0294412 14.6636 0.337236 -0.0294325 0.94096 -55.357 0 0 0 1 
34562489690055;0.435439;0.519242;1 3.21533e-08 -2.66218e-07 0.280282 -3.21533e-08 1 -1.73974e-08 0.258021 2.66218e-07 1.73974e-08 1 0.127544 0 0 0 1 
34562489690056;0.453077;0.241812;0.947787 0.00456565 -0.318872 -14.9418 0.00454925 0.999602 0.0278342 2.27223 0.318872 -0.0278316 0.947389 -38.5018 0 0 0 1 
34562489690057;0.243925;0.829515;0.999623 3.1458e-05 0.027469 8.48126 3.4411e-05 0.999997 -0.00239746 -3.48343 -0.027469 0.0023975 0.99962 4.36521 0 0 0 1 
34562489690058;0.299623;0.618893;0.989027 0.000962781 0.147734 -58.1772 0.000952267 0.999916 -0.0128916 6.03169 -0.147734 0.0128908 0.988943 51.387 0 0 0 1 
34562489690059;0.121954;0.0660849;0.999973 1.69364e-06 -0.00736142 6.61522 3.03339e-06 1 0.000642124 -0.422627 0.00736142 -0.000642129 0.999973 -4.64628 0 0 0 1 
34562489690060;0.336224;0.50749;0.999149 7.76858e-05 0.0412556 -31.6338 7.09498e-05 0.999994 -0.00360132 3.27558 -0.0412556 0.00360118 0.999142 3.54584 0 0 0 1 
34562489690062;0.450678;0.331478;0.998144 0.000161765 0.0609013 -5.89799 0.000162304 0.999986 -0.00531623 -0.140891 -0.0609013 0.00531625 0.99813 12.7848 0 0 0 1 
34562489690063;0.504888;0.554999;1 -1.09203e-09 3.26771e-08 -0.0445173 1.09203e-09 1 -1.28992e-08 -0.468139 -3.26771e-08 1.28992e-08 1 0.113203 0 0 0 1 
34562489690064;0.452148;0.410398;1 -2.12307e-08 -4.9497e-08 -0.207969 2.12307e-08 1 -3.66031e-09 -0.39799 4.9497e-08 3.66031e-09 1 0.00380883 0 0 0 1 
34562489690065;0.324911;0.394233;1 -8.00314e-09 -1.36974e-07 -0.0922675 8.00314e-09 1 -6.77178e-09 -0.369138 1.36974e-07 6.77178e-09 1 0.0754525 0 0 0 1 
34562489690066;0.34336;0.306636;0.998823 0.000101786 0.0485006 1.26601 0.000103556 0.999991 -0.00423128 -0.224425 -0.0485006 0.00423133 0.998814 29.5147 0 0 0 1 
34562489690067;0.18061;0.237788;0.999978 1.37463e-06 0.00657428 3.19711 2.3981e-06 1 -0.000573855 -0.744101 -0.00657428 0.000573858 0.999978 1.86865 0 0 0 1 
34562489690068;0.143206;0.158431;1 1.09668e-08 9.3733e-09 0.0689457 -1.09668e-08 1 -5.69396e-09 -0.157066 -9.3733e-09 5.69396e-09 1 0.0444145 0 0 0 1 
34562489690069;0.265071;0.179127;0.999977 3.11048e-06 0.00682282 -9.70204 9.43635e-07 1 -0.000594195 0.459073 -0.00682282 0.000594188 0.999977 11.8988 0 0 0 1 
34562489690070;0.337998;0.416251;1 1.3982e-09 -3.97495e-07 -0.0195239 -1.39819e-09 1 1.08459e-08 -0.395525 3.97495e-07 -1.08459e-08 1 -0.0902124 0 0 0 1 
34562489690071;0.291767;0.180156;1 1.80354e-08 -3.47667e-07 0.123302 -1.80354e-08 1 -3.01122e-08 -0.304053 3.47667e-07 3.01122e-08 1 0.248965 0 0 0 1 
34562489690072;0.432542;0.41284;1 1.17413e-08 1.80308e-07 0.0803924 -1.17413e-08 1 -7.61399e-09 -0.193162 -1.80308e-07 7.61399e-09 1 0.061 0 0 0 1 
34562489690073;0.333627;0.294646;0.998029 0.000174115 -0.0627583 -7.1728 0.000169977 0.999985 0.00547744 0.228011 0.0627583 -0.00547731 0.998014 -21.8887 0 0 0 1 
34562489690074;0.333091;0.658092;0.999999 7.912e-07 0.0016617 -4.08678 -5.504e-07 1 -0.000144913 0.204215 -0.0016617 0.000144912 0.999999 1.43704 0 0 0 1 
34562489690075;0.300984;0.304325;1 1.82626e-09 -1.75005e-07 -0.0249651 -1.82625e-09 1 2.52495e-08 -0.566565 1.75005e-07 -2.52495e-08 1 -0.207681 0 0 0 1 
34562489690076;0.255405;0.551435;0.999729 2.25674e-05 0.0232965 5.66072 2.4818e-05 0.999998 -0.00203373 -1.43282 -0.0232965 0.00203375 0.999727 4.40232 0 0 0 1 
34562489690077;0.37018;0.302298;0.973004 0.00236118 -0.230775 0.740333 0.00235286 0.999794 0.0201497 -0.775136 0.230775 -0.0201487 0.972799 -15.0686 0 0 0 1 
34562489690078;0.123389;0.11891;0.99923 6.88652e-05 -0.0392262 -7.69815 6.55341e-05 0.999994 0.00342497 0.482187 0.0392262 -0.0034249 0.999224 -2.2444 0 0 0 1 
34562489690079;0.437756;0.860299;0.999509 4.74124e-05 -0.0313319 -30.5544 3.83186e-05 0.999996 0.00273561 1.93895 0.0313319 -0.00273547 0.999505 -3.30338 0 0 0 1 
34562489690080;0.248888;0.346337;0.999501 4.52236e-05 -0.0315931 -8.62432 4.19263e-05 0.999996 0.00275784 0.208638 0.0315931 -0.00275779 0.999497 -6.70107 0 0 0 1 
34562489690081;0.238106;0.276093;0.999954 3.33806e-06 0.00954348 3.61553 4.59903e-06 1 -0.000831655 -0.826548 -0.00954348 0.000831661 0.999954 13.1421 0 0 0 1 
34562489690082;0.176775;0.303989;0.990237 0.000856846 0.139391 -54.0525 0.000847987 0.999926 -0.0121708 4.11084 -0.139391 0.0121701 0.990163 12.1429 0 0 0 1 
34562489690083;0.334152;0.902127;0.999993 7.02629e-07 0.00362713 -2.13443 4.45913e-07 1 -0.000316653 -2.92731 -0.00362713 0.000316652 0.999993 1.2453 0 0 0 1 
34562489690084;0.376441;0.37018;0.999726 2.52798e-05 -0.0234158 -7.3209 2.25912e-05 0.999998 0.00204412 0.737539 0.0234158 -0.00204409 0.999724 -4.42924 0 0 0 1 
34562489690085;0.162081;0.286952;0.997994 0.000175756 -0.063304 4.04202 0.000174469 0.999985 0.00552686 -1.0274 0.063304 -0.00552682 0.997979 -6.70653 0 0 0 1 
34562489690086;0.435379;0.337906;1 5.48114e-09 -3.51529e-07 0.0299639 -5.48115e-09 1 -4.04006e-08 -0.176881 3.51529e-07 4.04006e-08 1 0.301452 0 0 0 1 
34562489690087;0.326485;0.29988;0.999714 2.57558e-05 0.0239343 -9.54168 2.42602e-05 0.999998 -0.00208943 0.321067 -0.0239343 0.00208941 0.999711 4.42935 0 0 0 1 
34562489690088;0.343468;0.369901;1 -1.04389e-08 -1.95659e-07 -0.0946459 1.04389e-08 1 -9.04516e-09 -0.174152 1.95659e-07 9.04516e-09 1 0.0643677 0 0 0 1 
34562489690089;0.181879;0.136097;0.999939 5.59003e-06 -0.0110018 -0.913803 4.97763e-06 1 0.000960515 -0.118166 0.0110018 -0.000960511 0.999939 -0.981805 0 0 0 1 
34562489690090;0.274172;0.510024;0.981621 0.00160926 -0.190836 -8.82306 0.00159978 0.99986 0.0166605 -0.196226 0.190836 -0.0166595 0.981481 -29.9072 0 0 0 1 
34562489690091;0.516972;0.510719;0.999997 9.01454e-07 0.00226246 -5.01536 -4.57846e-07 1 -0.000196074 0.127191 -0.00226246 0.000196072 0.999997 11.1925 0 0 0 1 
34562489690093;0.4248;0.466154;1 -8.81506e-09 2.80577e-07 -0.0465968 8.81506e-09 1 -1.76225e-09 1.03718 -2.80577e-07 1.76225e-09 1 1.13978 0 0 0 1 
34562489690094;0.0934313;0.173369;0.999334 6.293e-05 0.036491 -43.3987 5.32218e-05 0.999995 -0.00318204 5.1456 -0.0364911 0.00318186 0.999329 32.5954 0 0 0 1 
34562489690095;0.144672;0.781103;1 5.92066e-08 1.52983e-06 0.612668 -5.92065e-08 1 -8.66115e-08 7.68135 -1.52983e-06 8.66114e-08 1 0.841872 0 0 0 1 
34562489690096;0.228702;0.29077;0.999881 7.55982e-06 -0.0154087 24.0179 1.31741e-05 0.999999 0.0013455 -1.89214 0.0154087 -0.00134554 0.99988 0.645578 0 0 0 1 
34562489690097;0.121961;0.138671;1 -2.61393e-08 4.76234e-07 -0.189787 2.61393e-08 1 -1.49514e-08 -0.491044 -4.76234e-07 1.49514e-08 1 0.0868548 0 0 0 1 
34562489690098;0.286027;0.294155;1 -7.54693e-09 2.0777e-07 0.055751 7.54694e-09 1 -3.43027e-08 0.834381 -2.0777e-07 3.43027e-08 1 0.273783 0 0 0 1 
34562489690099;0.0245713;0.0331377;0.99992 6.02539e-06 0.0126155 5.38399 7.86076e-06 0.999999 -0.00110067 -0.570343 -0.0126155 0.00110068 0.99992 5.96132 0 0 0 1 
34562489690100;0.214406;0.965668;1 -1.822e-07 -1.46345e-06 -1.13486 1.822e-07 1 1.157e-07 8.89495 1.46345e-06 -1.157e-07 1 -1.0757 0 0 0 1 
34562489690101;0.290539;0.36246;1 -6.46976e-08 4.52633e-07 -0.420136 6.46976e-08 1 -6.10836e-09 0.301809 -4.52633e-07 6.10839e-09 1 0.0357707 0 0 0 1 
34562489690102;0.160438;0.229449;0.99871 0.00010977 -0.050786 29.7226 0.00011549 0.99999 0.00443251 -3.76503 0.050786 -0.00443265 0.9987 -12.2609 0 0 0 1 
34562489690103;0.385248;0.51946;1 -8.52166e-09 2.00053e-07 -0.186799 8.52168e-09 1 -7.69994e-08 -1.55799 -2.00053e-07 7.69994e-08 1 0.45982 0 0 0 1 
34562489690104;0.150227;0.873557;1 -4.64387e-08 1.25075e-06 -0.955853 4.64388e-08 1 -7.62873e-08 -8.0461 -1.25075e-06 7.62873e-08 1 0.0732588 0 0 0 1 
34562489690105;0.212702;0.35141;0.999889 8.31479e-06 0.0148805 7.8952 1.10068e-05 0.999999 -0.00129837 -3.42288 -0.0148805 0.00129839 0.999888 5.54722 0 0 0 1 
34562489690106;0.369761;0.433542;1 -5.23231e-08 7.05969e-07 -0.31539 5.23231e-08 1 -1.09945e-08 0.908475 -7.05969e-07 1.09945e-08 1 0.0826297 0 0 0 1 
34562489690107;0.232667;0.245602;1 9.68683e-10 3.64101e-07 0.0509078 -9.68692e-10 1 2.57516e-08 0.85791 -3.64101e-07 -2.57516e-08 1 -0.201502 0 0 0 1 
34562489690108;0.240619;0.285922;1 -3.10503e-08 3.47754e-10 -0.136915 3.10503e-08 1 2.17856e-08 0.595103 -3.47755e-10 -2.17856e-08 1 -0.12741 0 0 0 1 
34562489690109;0.185949;0.218005;1 -2.43885e-08 -2.946e-07 -0.066737 2.43885e-08 1 8.79085e-09 0.462115 2.946e-07 -8.79085e-09 1 -0.0286714 0 0 0 1 
34562489690110;0.265953;0.332716;0.999563 3.49052e-05 -0.0295751 29.7149 4.14577e-05 0.999997 0.00258138 -2.67395 0.0295751 -0.00258148 0.999559 -5.77134 0 0 0 1 
34562489690111;0.165425;0.82867;0.999537 4.31957e-05 0.0304262 -25.6158 3.75798e-05 0.999996 -0.00265422 10.3951 -0.0304262 0.00265414 0.999533 18.5149 0 0 0 1 
34562489690112;0.350609;0.392718;0.996577 0.000302929 0.0826697 -44.3154 0.000294401 0.999974 -0.00721322 6.26547 -0.0826697 0.00721286 0.996551 39.3383 0 0 0 1 
34562489690113;0.399049;0.446929;1 -4.00205e-08 3.19925e-07 -0.253342 4.00205e-08 1 8.20577e-09 0.645967 -3.19925e-07 -8.20575e-09 1 -0.052308 0 0 0 1 
34562489690114;0.0997142;0.823095;1 8.17947e-08 1.26582e-06 0.866344 -8.17947e-08 1 -2.3384e-08 8.10722 -1.26582e-06 2.33839e-08 1 0.38804 0 0 0 1 
34562489690115;0.280795;0.310988;1 -3.54447e-08 -9.17572e-08 -0.243363 3.54447e-08 1 1.21054e-08 -0.0990451 9.17572e-08 -1.21054e-08 1 -0.127501 0 0 0 1 
34562489690116;0.37279;0.451959;1 -7.75925e-08 3.98998e-07 -0.549317 7.75925e-08 1 4.87514e-08 0.0741016 -3.98998e-07 -4.87514e-08 1 -0.399921 0 0 0 1 
34562489690117;0.26675;0.538616;1 -2.7718e-08 -4.08304e-07 0.0640814 2.7718e-08 1 1.77675e-08 3.71782 4.08304e-07 -1.77675e-08 1 0.153641 0 0 0 1 
34562489690118;0.0989808;0.172267;1 -5.25771e-08 -4.4896e-07 -0.376697 5.25771e-08 1 2.67047e-08 -0.374308 4.4896e-07 -2.67048e-08 1 -0.231118 0 0 0 1 
34562489690119;0.386067;0.545248;0.998995 8.28713e-05 -0.0448195 43.3253 9.25378e-05 0.999992 0.00391159 -2.90469 0.0448195 -0.00391181 0.998987 -10.9004 0 0 0 1 
34562489690120;0.309421;0.509437;0.999924 7.6985e-06 0.0123101 -9.43132 5.5247e-06 0.999999 -0.00107414 3.55356 -0.0123101 0.00107413 0.999924 5.43001 0 0 0 1 
34562489690121;0.382301;0.469357;1 -6.03518e-08 3.18394e-07 -0.354584 6.03518e-08 1 1.0973e-08 0.769737 -3.18394e-07 -1.0973e-08 1 0.0110398 0 0 0 1 
34562489690122;0.179762;0.336322;0.999478 4.34021e-05 0.0322913 11.8389 4.76696e-05 0.999996 -0.00281954 -3.03668 -0.0322913 0.00281961 0.999475 -1.49869 0 0 0 1 
34562489690124;0.346704;0.502531;1 -1.06702e-07 -8.45811e-07 -0.870154 1.06702e-07 1 3.37061e-08 -0.290503 8.45811e-07 -3.37062e-08 1 -0.233959 0 0 0 1 
34562489690125;0.12865;1.29104;1 -7.15581e-08 -1.98951e-06 -0.417205 7.15583e-08 1 6.69175e-08 9.542 1.98951e-06 -6.69177e-08 1 -0.409158 0 0 0 1 
34562489690126;0.441684;1.17075;1 1.05975e-07 1.1399e-06 1.19143 -1.05975e-07 1 -1.01038e-07 6.66003 -1.1399e-06 1.01037e-07 1 0.9724 0 0 0 1 
34562489690127;0.210546;0.348893;1 2.40475e-08 6.48525e-07 0.196931 -2.40475e-08 1 2.92718e-08 1.51162 -6.48524e-07 -2.92719e-08 1 -0.269759 0 0 0 1 
34562489690128;0.0334274;0.159668;0.999983 -5.51591e-07 -0.00577025 16.3443 3.45391e-06 1 0.00050297 -2.47364 0.00577025 -0.000502981 0.999983 -6.48795 0 0 0 1 
34562489690129;0.0803559;0.0994934;1 -2.04094e-08 2.65499e-07 -0.0244841 2.04094e-08 1 2.75128e-08 0.5888 -2.65499e-07 -2.75128e-08 1 -0.200484 0 0 0 1 
34562489690130;0.355847;0.420769;0.999892 6.93211e-06 -0.0147248 21.3662 1.19934e-05 0.999999 0.0012852 -1.272 0.0147248 -0.00128524 0.999891 -3.6808 0 0 0 1 
34562489690131;0.103607;0.135688;1 5.52782e-08 1.84226e-07 0.398551 -5.52782e-08 1 2.16464e-08 1.06192 -1.84226e-07 -2.16464e-08 1 -0.187703 0 0 0 1 
34562489690132;0.232394;0.478552;0.999921 3.19046e-06 -0.0125897 29.9018 1.06429e-05 0.999999 0.00109872 0.163799 0.0125897 -0.00109877 0.99992 -4.28887 0 0 0 1 
34562489690133;0.372111;0.401269;1 -5.05482e-08 -4.95445e-07 -0.342936 5.05482e-08 1 4.53557e-08 0.588468 4.95445e-07 -4.53557e-08 1 -0.37115 0 0 0 1 
34562489690134;0.23228;0.264881;1 -5.9306e-08 -3.42942e-08 -0.394453 5.9306e-08 1 3.16258e-08 0.693686 3.42942e-08 -3.16258e-08 1 -0.286159 0 0 0 1 
34562489690135;0.171644;1.06542;1 -4.00707e-08 -1.66994e-06 -0.0882999 4.00708e-08 1 3.08008e-08 7.56666 1.66994e-06 -3.08009e-08 1 -0.00635822 0 0 0 1 
34562489690136;0.200279;0.225725;1 -5.8444e-08 1.62269e-08 -0.421002 5.8444e-08 1 2.44616e-08 -0.0228619 -1.62269e-08 -2.44616e-08 1 -0.211747 0 0 0 1 
34562489690137;0.062551;0.0764178;0.999181 6.88328e-05 -0.0404551 26.7678 7.39723e-05 0.999994 0.00352846 -3.00759 0.0404551 -0.00352856 0.999175 -27.8915 0 0 0 1 
34562489690138;0.126833;1.1546;1 1.38266e-07 1.45578e-07 1.37885 -1.38266e-07 1 -6.90197e-09 9.30367 -1.45578e-07 6.90195e-09 1 0.101174 0 0 0 1 
34562489690139;0.334771;0.521472;1 4.50315e-09 4.50651e-08 0.101071 -4.50315e-09 1 1.71738e-08 2.12895 -4.50651e-08 -1.71738e-08 1 -0.0439422 0 0 0 1 
34562489690140;0.169798;1.13331;1 -1.79296e-07 -3.27503e-07 -0.52957 1.79296e-07 1 4.96257e-08 8.17834 3.27503e-07 -4.96258e-08 1 -0.352378 0 0 0 1 
34562489690141;0.269667;0.575141;1 2.90295e-08 -9.45869e-07 0.345856 -2.90294e-08 1 4.8986e-08 2.98665 9.45869e-07 -4.8986e-08 1 -0.301622 0 0 0 1 
34562489690142;0.0756236;0.468865;0.999986 -1.28979e-06 -0.00526096 18.9887 3.70123e-06 1 0.000458355 -4.8023 0.00526096 -0.000458368 0.999986 -7.91597 0 0 0 1 
34562489690143;0.273373;0.873261;0.999925 9.2361e-06 0.0122711 -20.7477 3.88627e-06 0.999999 -0.00106935 7.43503 -0.0122711 0.00106931 0.999924 16.0422 0 0 0 1 
34562489690144;0.115892;1.15831;1 1.06843e-07 1.91722e-06 1.17492 -1.06843e-07 1 -2.62995e-08 8.55152 -1.91722e-06 2.62993e-08 1 0.549116 0 0 0 1 
34562489690145;0.160443;1.19252;1 1.25807e-07 1.34549e-06 0.197685 -1.25807e-07 1 -2.0406e-08 -8.93145 -1.34549e-06 2.04059e-08 1 -0.285191 0 0 0 1 
34562489690146;0.0878609;1.18824;1 2.4549e-08 1.46814e-07 0.720477 -2.4549e-08 1 -3.45779e-09 8.94164 -1.46814e-07 3.45778e-09 1 0.367077 0 0 0 1 
34562489690147;0.0902058;0.348296;0.999736 1.60921e-05 -0.0229901 57.9287 3.0029e-05 0.999998 0.00200578 -3.37384 0.0229901 -0.00200594 0.999734 -10.519 0 0 0 1 
34562489690148;0.253989;1.36719;1 9.44618e-08 8.62418e-08 1.04482 -9.44618e-08 1 -1.99518e-08 9.78287 -8.62418e-08 1.99518e-08 1 0.508237 0 0 0 1 
34562489690149;0.415878;0.422253;1 -3.30904e-08 4.93107e-08 -0.246967 3.30904e-08 1 4.50597e-08 -0.0232709 -4.93107e-08 -4.50597e-08 1 -0.406886 0 0 0 1 
34562489690150;0.323952;0.425948;1 -9.8969e-08 -3.11535e-07 -0.741798 9.8969e-08 1 4.48856e-08 0.517143 3.11535e-07 -4.48856e-08 1 -0.331739 0 0 0 1 
34562489690151;0.0908205;1.12621;1 9.50676e-08 -2.97123e-07 0.959635 -9.50676e-08 1 2.68045e-08 8.74215 2.97123e-07 -2.68045e-08 1 -0.189699 0 0 0 1 
34562489690152;0.416208;0.47353;0.998484 0.000130015 -0.055042 25.7825 0.000134598 0.999988 0.00480374 -1.11217 0.055042 -0.00480386 0.998472 -13.6306 0 0 0 1 
34562489690153;0.0988573;0.191317;0.99998 2.64268e-06 -0.00627196 -6.10922 7.84854e-07 1 0.000546483 -1.47927 0.00627196 -0.000546477 0.99998 -8.4688 0 0 0 1 
34562489690155;0.259195;0.427805;0.99986 1.2384e-05 -0.0167539 1.61565 1.21146e-05 0.999999 0.00146215 1.53504 0.0167539 -0.00146215 0.999859 -5.71907 0 0 0 1 
34562489690156;0.172496;0.141566;1 4.55109e-09 -1.78265e-08 0.141118 -4.55109e-09 1 3.6108e-08 0.735651 1.78265e-08 -3.6108e-08 1 -0.354144 0 0 0 1 
34562489690157;0.159263;0.393339;0.999404 -0.000524738 0.0345248 4637.86 0.000639456 0.999994 -0.00331181 -402.58 -0.0345229 0.00333191 0.999398 -2557.32 0 0 0 1 
34562489690158;0.105511;0.26894;0.999984 3.37752e-06 0.00567655 -14.7914 -5.67833e-07 1 -0.000494966 0.841328 -0.00567655 0.000494955 0.999984 4.97846 0 0 0 1 
34562489690159;0.266866;0.298638;1 5.62937e-09 3.46701e-07 0.0949763 -5.62939e-09 1 3.50835e-08 0.694351 -3.46701e-07 -3.50835e-08 1 -0.254915 0 0 0 1 
34562489690160;0.0473697;0.131479;1 3.77982e-08 6.81086e-07 0.345992 -3.77982e-08 1 5.71212e-09 0.500754 -6.81086e-07 -5.71215e-09 1 -0.0741242 0 0 0 1 
34562489690161;0.216211;0.291252;1 3.35943e-08 1.47437e-07 0.384123 -3.35943e-08 1 1.30074e-09 0.594277 -1.47437e-07 -1.30075e-09 1 -0.058185 0 0 0 1 
34562489690162;0.156911;0.342879;0.999943 7.19735e-06 0.0106505 -17.5133 2.70249e-06 1 -0.000929507 2.4894 -0.0106505 0.000929483 0.999943 2.45034 0 0 0 1 
34562489690163;0.149607;0.157199;1 3.23818e-08 8.65874e-07 0.376602 -3.23818e-08 1 7.06378e-09 0.0805046 -8.65874e-07 -7.06381e-09 1 -0.140896 0 0 0 1 
34562489690164;0.334807;1.38243;1 4.8674e-07 2.66876e-06 3.57525 -4.8674e-07 1 -9.34421e-08 -3.46757 -2.66876e-06 9.34408e-08 1 0.407449 0 0 0 1 
34562489690165;0.385816;1.42223;0.996238 0.00033627 0.0866547 -67.1361 0.00032052 0.999971 -0.00756537 9.11939 -0.0866547 0.00756469 0.99621 7.52227 0 0 0 1 
34562489690166;0.333068;0.397335;0.999489 4.75109e-05 0.0319675 -26.5432 4.16692e-05 0.999996 -0.00278904 2.62877 -0.0319675 0.00278895 0.999485 16.1993 0 0 0 1 
34562489690167;0.363242;0.472334;1 1.60078e-08 4.51832e-07 0.293579 -1.60078e-08 1 2.91808e-08 1.06281 -4.51832e-07 -2.91808e-08 1 -0.24444 0 0 0 1 
34562489690168;0.405801;0.289712;0.999887 1.05397e-05 -0.0150389 -2.88178 9.1848e-06 0.999999 0.00131149 1.09472 0.0150389 -0.00131148 0.999886 -13.729 0 0 0 1 
34562489690169;0.233383;0.461273;0.999948 3.27619e-06 -0.0102425 12.5125 5.87245e-06 1 0.000893169 0.980004 0.0102425 -0.000893183 0.999947 -9.58079 0 0 0 1 
34562489690170;0.111556;0.225272;1 4.80108e-08 6.06454e-07 0.55886 -4.80108e-08 1 1.30161e-08 1.08319 -6.06454e-07 -1.30161e-08 1 -0.175619 0 0 0 1 
34562489690171;0.0960451;0.967421;0.999745 2.21319e-05 -0.0225778 4.84398 2.2355e-05 0.999998 0.00197012 6.41554 0.0225778 -0.00197013 0.999743 -9.82762 0 0 0 1 
34562489690172;0.321124;0.418529;0.999273 6.97623e-05 0.0381362 -53.6569 5.71338e-05 0.999994 -0.00332635 5.12816 -0.0381362 0.0033261 0.999267 27.0477 0 0 0 1 
34562489690173;0.268086;0.383228;1 5.77945e-08 2.43591e-07 0.626265 -5.77945e-08 1 -3.09907e-08 0.898128 -2.43591e-07 3.09907e-08 1 0.172102 0 0 0 1 
34562489690174;0.189053;0.450588;0.999732 2.50509e-05 0.0231333 -15.1207 2.16656e-05 0.999998 -0.00201919 3.11327 -0.0231333 0.00201915 0.99973 3.9736 0 0 0 1 
34562489690175;0.133957;0.376147;1 1.38445e-07 4.99345e-07 1.12965 -1.38445e-07 1 -7.17409e-09 0.543725 -4.99345e-07 7.17402e-09 1 0.00437992 0 0 0 1 
34562489690176;0.144022;0.483185;0.999857 1.51446e-05 0.0168915 -21.6405 9.75494e-06 0.999999 -0.00147401 0.686615 -0.0168915 0.00147396 0.999856 6.04747 0 0 0 1 
34562489690177;0.320514;0.404444;1 3.31987e-08 2.65143e-07 0.382214 -3.31987e-08 1 6.33073e-09 0.621079 -2.65143e-07 -6.33074e-09 1 -0.0652273 0 0 0 1 
34562489690178;0.353901;0.520288;0.997532 0.000213039 -0.0702102 28.932 0.000217709 0.999981 0.00612741 -0.753192 0.0702102 -0.00612757 0.997513 -19.6122 0 0 0 1 
34562489690179;0.0142393;0.0906476;1 3.02734e-08 2.73307e-07 0.320156 -3.02734e-08 1 7.6367e-10 0.139241 -2.73307e-07 -7.63678e-10 1 -0.0336337 0 0 0 1 
34562489690180;0.106434;0.126329;1 -1.08156e-08 -1.78444e-07 -0.0729592 1.08156e-08 1 2.01692e-08 0.152865 1.78444e-07 -2.01692e-08 1 -0.163777 0 0 0 1 
34562489690181;0.139987;0.150927;1 1.1967e-08 -4.49102e-08 0.145469 -1.1967e-08 1 -1.58095e-08 0.211231 4.49102e-08 1.58095e-08 1 0.0592993 0 0 0 1 
34562489690182;0.247912;1.04149;0.99877 0.000107176 -0.0495873 10.307 0.000107544 0.999991 0.00432746 5.84842 0.0495873 -0.00432747 0.99876 -16.1828 0 0 0 1 
34562489690183;0.115667;0.38362;1 3.55039e-08 9.34769e-07 0.420105 -3.55039e-08 1 3.45312e-08 1.91059 -9.34769e-07 -3.45313e-08 1 -0.217515 0 0 0 1 
34562489690184;0.228068;0.402364;1 9.07813e-08 9.32034e-07 0.865737 -9.07813e-08 1 -1.15215e-08 0.47859 -9.32034e-07 1.15214e-08 1 -0.0175542 0 0 0 1 
34562489690186;0.0711037;0.370149;1 9.844e-08 1.22005e-07 0.207941 -9.844e-08 1 6.53634e-09 -4.25701 -1.22005e-07 -6.53635e-09 1 -0.217492 0 0 0 1 
34562489690187;0.0441165;0.0625858;0.999778 1.90413e-05 0.0210765 -0.282925 1.97216e-05 0.999998 -0.00183894 -0.357903 -0.0210765 0.00183894 0.999776 8.10259 0 0 0 1 
34562489690188;0.231973;0.35896;0.999692 2.92239e-05 -0.0248111 -15.709 2.44926e-05 0.999998 0.00216472 4.95503 0.0248111 -0.00216466 0.99969 -11.6279 0 0 0 1 
34562489690189;0.393005;0.556731;0.994996 0.000428139 -0.0999105 83.0956 0.000445456 0.999962 0.0087213 -2.73234 0.0999104 -0.00872217 0.994958 -1.3605 0 0 0 1 
34562489690190;0.219538;0.653954;0.999547 3.49709e-05 -0.0300827 39.9062 4.40518e-05 0.999997 0.00262618 3.75131 0.0300827 -0.00262632 0.999544 -1.06119 0 0 0 1 
34562489690191;0.389147;0.650071;1 1.30954e-07 5.99041e-08 0.80219 -1.30954e-07 1 -7.78293e-08 -4.39042 -5.99041e-08 7.78293e-08 1 0.445694 0 0 0 1 
34562489690192;0.192134;0.747788;1 1.54112e-07 7.89697e-07 0.164741 -1.54112e-07 1 -5.03029e-08 -8.55905 -7.89697e-07 5.03028e-08 1 0.03858 0 0 0 1 
34562489690193;0.281462;0.302391;1 -3.49112e-08 6.82186e-07 -0.153126 3.49111e-08 1 1.03997e-07 0.146467 -6.82186e-07 -1.03997e-07 1 -0.843861 0 0 0 1 
34562489690194;0.204314;0.549551;0.998242 0.000140239 0.0592749 98.1772 0.000166564 0.999987 -0.00517097 -14.8699 -0.0592748 0.00517175 0.998228 24.4334 0 0 0 1 
34562489690195;0.157469;0.516432;0.999688 2.80074e-05 -0.0249671 -3.10231 2.6402e-05 0.999998 0.00217891 6.28048 0.0249671 -0.00217889 0.999686 -7.31387 0 0 0 1 
34562489690196;0.0529904;0.044731;0.999972 1.16223e-06 -0.00747473 11.3078 3.71019e-06 1 0.000651839 -0.2664 0.00747473 -0.000651848 0.999972 -6.53519 0 0 0 1 
34562489690197;0.438295;0.883676;1 1.25975e-07 -1.82356e-07 0.257244 -1.25975e-07 1 -4.75594e-08 -7.79843 1.82356e-07 4.75594e-08 1 0.0865207 0 0 0 1 
34562489690198;0.0525853;0.160201;0.999995 3.28935e-07 -0.00319629 2.50207 5.62044e-07 1 0.000278753 2.4281 0.00319629 -0.000278753 0.999995 -2.55608 0 0 0 1 
34562489690199;0.186435;0.740118;1 -1.06221e-07 -9.69693e-08 -0.291122 1.06221e-07 1 5.60457e-08 8.51712 9.69693e-08 -5.60457e-08 1 -0.209268 0 0 0 1 
34562489690200;0.246291;0.243635;1 3.29112e-09 -2.17873e-07 -0.00099375 -3.29112e-09 1 -6.32286e-09 0.201608 2.17873e-07 6.32286e-09 1 0.0452864 0 0 0 1 
34562489690201;0.100046;0.552185;1 3.41683e-08 1.75475e-07 -0.0495683 -3.41682e-08 1 -2.64531e-08 -7.01189 -1.75475e-07 2.64531e-08 1 0.0953389 0 0 0 1 
34562489690202;0.155088;0.146519;1 1.85419e-08 1.31649e-07 0.107338 -1.85419e-08 1 1.11237e-08 0.128254 -1.31649e-07 -1.11237e-08 1 -0.078428 0 0 0 1 
34562489690203;0.0877176;0.256904;1 6.98021e-08 -4.04897e-07 0.703816 -6.98021e-08 1 -2.36774e-08 3.66631 4.04897e-07 2.36774e-08 1 0.206723 0 0 0 1 
34562489690204;0.244178;0.826037;1 1.09279e-07 5.96173e-08 -0.154101 -1.09279e-07 1 -1.57158e-07 -9.21832 -5.96173e-08 1.57158e-07 1 0.812375 0 0 0 1 
34562489690205;0.481854;0.423174;0.99979 2.07713e-05 -0.020469 -16.5085 1.58027e-05 0.999998 0.00178664 1.85836 0.020469 -0.00178659 0.999789 -4.56215 0 0 0 1 
34562489690206;0.097924;0.323308;0.999514 3.72842e-05 0.0311741 36.4787 4.75298e-05 0.999996 -0.00271991 -7.33227 -0.0311741 0.00272007 0.99951 11.4628 0 0 0 1 
34562489690207;0.417969;0.45057;0.999222 6.94049e-05 -0.0394324 -6.81228 6.6348e-05 0.999994 0.00344136 2.8546 0.0394324 -0.0034413 0.999216 -10.5715 0 0 0 1 
34562489690208;0.41666;0.432141;1 6.83181e-08 -3.8425e-08 0.253114 -6.83181e-08 1 1.3888e-08 -2.05018 3.8425e-08 -1.3888e-08 1 -0.135701 0 0 0 1 
34562489690209;0.102897;0.0754754;0.999982 2.71306e-06 -0.00601333 -8.08413 4.44505e-07 1 0.000525093 1.32484 0.00601333 -0.000525086 0.999982 0.136952 0 0 0 1 
34562489690210;0.0465566;0.293137;0.999892 1.17927e-05 0.0147137 -20.7439 7.10004e-06 0.999999 -0.00128397 -1.78312 -0.0147137 0.00128394 0.999891 3.89187 0 0 0 1 
34562489690211;0.156365;0.62126;1 1.61275e-07 -2.48869e-07 0.293054 -1.61275e-07 1 -5.83267e-09 -7.8095 2.48869e-07 5.83271e-09 1 -0.141621 0 0 0 1 
34562489690212;0.249667;0.303985;1 4.68876e-08 2.80862e-07 0.187701 -4.68876e-08 1 -1.01549e-08 -1.29359 -2.80862e-07 1.01549e-08 1 0.0305115 0 0 0 1 
34562489690213;0.302086;0.416754;1 7.24569e-08 2.7804e-07 0.206817 -7.24569e-08 1 -2.95788e-08 -2.72843 -2.7804e-07 2.95788e-08 1 0.15569 0 0 0 1 
34562489690214;0.0408606;0.0902429;1 -2.60267e-09 1.08651e-07 0.101594 2.60267e-09 1 1.84575e-08 0.780096 -1.08651e-07 -1.84575e-08 1 -0.127191 0 0 0 1 
34562489690215;0.322976;0.777657;1 -1.1573e-07 4.47538e-07 -0.112106 1.1573e-07 1 -6.17118e-09 8.57117 -4.47538e-07 6.17123e-09 1 0.173461 0 0 0 1 
34562489690217;0.345856;0.0815095;0.999965 2.78523e-06 0.00833491 0.470275 3.27705e-06 1 -0.000727322 0.252616 -0.00833491 0.000727324 0.999965 4.04696 0 0 0 1 
34562489690218;0.369096;0.241666;0.999921 6.599e-06 -0.0125697 3.79199 7.18663e-06 0.999999 0.00109669 -1.06327 0.0125697 -0.0010967 0.99992 -6.4522 0 0 0 1 
34562489690219;0.344434;0.508084;1 -5.53966e-08 -2.64138e-07 -0.376088 5.53966e-08 1 -1.18863e-08 0.667715 2.64138e-07 1.18862e-08 1 0.128487 0 0 0 1 
34562489690220;0.281678;0.296167;0.990734 0.000813669 -0.135813 -18.1668 0.000803826 0.999929 0.0118545 1.31583 0.135813 -0.0118538 0.990664 -35.7922 0 0 0 1 
34562489690221;0.2479;0.462183;0.997937 0.000175474 -0.0641968 45.2857 0.000184705 0.999984 0.00560458 -3.98433 0.0641967 -0.00560488 0.997922 -3.60502 0 0 0 1 
34562489690222;0.309448;0.259749;0.998493 0.000127779 -0.0548747 37.499 0.000135272 0.999989 0.00478993 -3.14065 0.0548746 -0.00479014 0.998482 -10.4886 0 0 0 1 
34562489690223;0.503992;0.378965;0.975709 0.00211628 -0.219062 67.4986 0.00212446 0.999815 0.0191213 -6.14099 0.219062 -0.0191222 0.975524 -37.4758 0 0 0 1 
34562489690224;0.505738;0.325991;0.999255 6.34906e-05 -0.0385992 17.3385 6.66398e-05 0.999994 0.00337003 -1.59518 0.0385992 -0.00337009 0.999249 -2.07641 0 0 0 1 
34562489690225;0.255572;0.267429;1 -7.30521e-09 1.68173e-06 -0.0247498 7.30544e-09 1 -1.3328e-07 -0.0351008 -1.68173e-06 1.3328e-07 1 0.12695 0 0 0 1 
34562489690226;0.59187;0.604398;0.996001 0.000348729 -0.0893393 15.5866 0.000349356 0.99997 0.00779811 -1.65206 0.0893393 -0.00779814 0.995971 -19.1948 0 0 0 1 
34562489690227;0.535961;0.478495;0.994006 0.000518139 -0.109322 56.0658 0.000528468 0.999954 0.00954447 -4.91114 0.109322 -0.00954504 0.993961 -2.55532 0 0 0 1 
34562489690228;0.492348;0.693821;0.994757 0.000453819 -0.10227 45.5599 0.000461745 0.99996 0.00892853 -3.62086 0.10227 -0.00892894 0.994717 -5.73373 0 0 0 1 
34562489690229;0.377629;0.306185;0.999122 7.68967e-05 -0.0419005 3.99401 7.63045e-05 0.999993 0.0036547 -0.659967 0.0419005 -0.00365469 0.999115 -30.2779 0 0 0 1 
34562489690230;0.309344;0.578866;0.991958 0.000697705 -0.126566 53.0286 0.000706406 0.999939 0.0110487 -3.64543 0.126565 -0.0110493 0.991897 -13.1472 0 0 0 1 
34562489690231;0.422227;0.621522;0.999601 3.18531e-05 0.0282512 19.321 3.77994e-05 0.999997 -0.00246493 -1.44605 -0.0282512 0.00246502 0.999598 15.1528 0 0 0 1 
34562489690232;0.215127;0.425056;1 -4.81734e-08 3.13787e-07 -0.380506 4.81734e-08 1 1.03484e-08 -0.029063 -3.13787e-07 -1.03484e-08 1 -0.0616185 0 0 0 1 
34562489690233;0.420689;0.910788;1 -1.27315e-07 -9.68315e-08 -0.959752 1.27315e-07 1 2.0681e-08 0.754842 9.68315e-08 -2.0681e-08 1 -0.15207 0 0 0 1 
34562489690234;0.244511;0.386331;0.999955 2.76397e-06 -0.00949241 9.98482 5.10322e-06 1 0.000828763 -0.348271 0.00949241 -0.000828774 0.999955 -0.596334 0 0 0 1 
34562489690235;0.305129;0.0785943;0.999983 2.54358e-06 0.00577225 -9.84815 3.66161e-07 1 -0.000504091 1.25303 -0.00577225 0.000504085 0.999983 0.0149569 0 0 0 1 
34562489690236;0.196522;0.610185;0.996106 0.000331739 0.0881678 53.2741 0.000347955 0.99997 -0.00769361 -3.77323 -0.0881677 0.00769433 0.996076 32.6607 0 0 0 1 
34562489690237;0.236663;0.377653;0.998196 0.000154709 -0.0600461 30.593 0.000160362 0.999986 0.0052423 -2.88627 0.0600461 -0.00524247 0.998182 -3.38808 0 0 0 1 
34562489690238;0.36003;0.430229;1 -3.91498e-08 1.99481e-07 -0.315866 3.91498e-08 1 5.72561e-09 0.0490364 -1.99481e-07 -5.72561e-09 1 -0.0727225 0 0 0 1 
34562489690239;0.243492;0.14246;1 -3.70571e-08 -3.13697e-07 -0.296291 3.70571e-08 1 -2.18052e-08 -0.0758083 3.13697e-07 2.18052e-08 1 0.162856 0 0 0 1 
34562489690240;0.35283;1.65664;0.999942 4.37751e-06 -0.0107692 5.71486 5.7442e-06 1 0.000939842 -5.49548 0.0107692 -0.000939849 0.999942 -4.06142 0 0 0 1 
34562489690241;0.379757;0.695334;0.99375 0.000535701 0.111628 63.7484 0.000555596 0.999952 -0.00974482 -5.62154 -0.111628 0.00974593 0.993702 8.01315 0 0 0 1 
34562489690242;0.378853;0.424317;0.975537 0.00212687 0.219825 41.8688 0.0021453 0.999813 -0.0191938 -3.78994 -0.219825 0.0191959 0.97535 -11.1521 0 0 0 1 
34562489690243;0.301434;0.725153;1 -9.49573e-08 -7.11407e-08 -0.707722 9.49573e-08 1 -1.09059e-08 0.578323 7.11407e-08 1.09059e-08 1 0.0510173 0 0 0 1 
34562489690244;0.500189;0.528395;0.993261 0.000588423 -0.115896 15.7289 0.000588162 0.999949 0.0101176 -1.26154 0.115896 -0.0101176 0.99321 -13.871 0 0 0 1 
34562489690245;0.271456;0.172194;0.999914 9.90322e-06 0.0131338 -21.0477 5.14087e-06 0.999999 -0.00114541 1.88302 -0.0131338 0.00114538 0.999913 11.7051 0 0 0 1 
34562489690246;0.262584;0.626778;0.998076 0.000163595 -0.0620085 42.8644 0.000172418 0.999985 0.00541343 -3.38916 0.0620085 -0.0054137 0.998061 -4.17438 0 0 0 1 
34562489690248;0.122472;0.135298;0.999909 7.27383e-06 0.0134976 3.95471 8.62787e-06 0.999999 -0.00117805 -0.141174 -0.0134976 0.00117806 0.999908 4.73291 0 0 0 1 
34562489690249;0.236877;0.41899;0.99992 7.09399e-06 -0.0126304 0.841443 6.83318e-06 0.999999 0.00110263 2.14952 0.0126304 -0.00110263 0.99992 -2.29869 0 0 0 1 
34562489690250;0.361013;0.447899;1 5.02795e-08 1.00908e-06 0.333582 -5.02795e-08 1 -1.96137e-08 -1.47135 -1.00908e-06 1.96136e-08 1 0.139908 0 0 0 1 
34562489690251;0.0844088;0.130069;1 7.31321e-09 -3.18017e-07 0.107288 -7.31321e-09 1 5.47253e-09 0.379637 3.18017e-07 -5.47253e-09 1 -0.0171048 0 0 0 1 
34562489690252;0.195046;0.30208;1 1.87357e-08 1.15048e-07 0.272767 -1.87357e-08 1 1.48471e-08 0.803757 -1.15048e-07 -1.48471e-08 1 -0.0663371 0 0 0 1 
34562489690253;0.120903;0.213552;0.999679 2.95561e-05 0.0253412 -14.8588 2.6505e-05 0.999998 -0.00221191 0.616615 -0.0253412 0.00221187 0.999676 6.79876 0 0 0 1 
34562489690254;0.246774;0.612411;1 1.41314e-07 -1.7021e-07 1.03488 -1.41314e-07 1 -1.79314e-08 -3.29154 1.7021e-07 1.79315e-08 1 0.108238 0 0 0 1 
34562489690255;0.134202;0.259887;0.999929 5.14288e-06 0.0119482 7.45069 7.30828e-06 0.999999 -0.00104205 -1.87944 -0.0119482 0.00104207 0.999928 9.2854 0 0 0 1 
34562489690256;0.130561;0.0995856;0.999967 3.49203e-06 0.0081059 -5.307 2.24309e-06 1 -0.000707515 0.371655 -0.0081059 0.00070751 0.999967 2.66319 0 0 0 1 
34562489690257;0.163799;0.144081;1 4.22011e-09 -2.78793e-08 -0.0374746 -4.22011e-09 1 4.18563e-08 0.191924 2.78793e-08 -4.18563e-08 1 -0.320484 0 0 0 1 
34562489690258;0.294851;0.615326;0.999589 3.7177e-05 -0.0286639 -5.70699 3.45313e-05 0.999997 0.00250119 -3.43572 0.0286639 -0.00250116 0.999586 -11.8428 0 0 0 1 
34562489690259;0.334686;1.08178;1 2.42283e-07 -2.29478e-07 1.65997 -2.42283e-07 1 -6.24587e-08 -6.2076 2.29478e-07 6.24588e-08 1 0.297582 0 0 0 1 
34562489690260;0.32082;0.728913;0.999955 3.48149e-06 -0.00951868 6.31754 4.42794e-06 1 0.000830917 3.77604 0.00951868 -0.000830921 0.999954 -1.98402 0 0 0 1 
34562489690261;0.124973;0.178598;0.999123 8.05644e-05 0.0418824 -37.3044 7.25851e-05 0.999993 -0.00365512 2.77522 -0.0418824 0.00365496 0.999116 16.8655 0 0 0 1 
34562489690262;0.295299;0.387929;1 4.31794e-08 6.13172e-07 0.452704 -4.31794e-08 1 -1.12434e-08 0.480025 -6.13172e-07 1.12434e-08 1 0.141146 0 0 0 1 
