#;prob_registration_l1 -r /home/probabilistic_point_clouds_registration/build/tester /home/point_clouds_registration_benchmark//devel/registration_pairs/wood_autumn_local.txt /home/point_clouds_registration_benchmark//eth/wood_autumn -s 0.2 -t 0.2 -p 0.3 -r 1000 -m 1 -i 40 
id;initial_error;final_error;transformation
26875431820000;0.498992;0.487485;0.996257 0.0687679 -0.0523747 0.327417 -0.0684566 0.997624 0.00771732 0.327832 0.052781 -0.00410304 0.998598 -0.524111 0 0 0 1 
26875431820001;0.336145;0.110415;0.945696 0.216937 -0.242071 0.574399 -0.187732 0.972466 0.138084 0.676174 0.265361 -0.0851414 0.960382 -0.652112 0 0 0 1 
26875431820002;0.60541;0.237898;0.967116 0.176552 -0.183077 0.427073 -0.166791 0.983677 0.0675335 0.541429 0.192011 -0.0347772 0.980776 -1.21683 0 0 0 1 
26875431820003;0.366204;0.0274417;0.993517 0.10109 -0.0520039 -0.159831 -0.0987751 0.994078 0.0453117 -0.116759 0.0562765 -0.0398813 0.997618 -0.536731 0 0 0 1 
26875431820004;0.698046;0.0794918;0.96466 -0.263487 0.0022719 0.803598 0.263275 0.964168 0.0326629 -1.10689 -0.0107967 -0.0309104 0.999464 0.413864 0 0 0 1 
26875431820005;0.325213;0.124604;0.949719 -0.196062 0.244118 -0.309384 0.206866 0.978181 -0.0191716 -0.621442 -0.235033 0.0687074 0.969556 0.868698 0 0 0 1 
26875431820006;0.554876;0.0215208;0.999994 -0.000468589 0.00341942 -0.256488 0.000475317 0.999998 -0.00196708 0.695754 -0.00341849 0.0019687 0.999992 0.572919 0 0 0 1 
26875431820007;0.383756;0.325937;0.996965 0.0284018 -0.0724888 0.127012 -0.0170628 0.988156 0.152499 0.0181593 0.0759615 -0.150799 0.985642 -0.0760432 0 0 0 1 
26875431820008;0.203498;0.0255906;0.96637 0.0511943 -0.252009 0.117098 -0.0289546 0.995413 0.0911819 0.0987873 0.255521 -0.0808186 0.96342 -0.984411 0 0 0 1 
26875431820009;0.180609;0.0261963;0.979085 -0.154762 -0.132065 0.113828 0.15118 0.987821 -0.0367944 -0.342024 0.136151 0.0160593 0.990558 -0.382756 0 0 0 1 
26875431820010;0.462102;0.0510032;0.962158 -0.137597 -0.235198 0.684075 0.143296 0.989653 0.00722717 -0.702904 0.23177 -0.0406566 0.971921 -0.902532 0 0 0 1 
26875431820011;0.575398;0.367485;0.989922 0.0195082 0.140262 0.213963 -0.0260691 0.998643 0.045092 -0.0139537 -0.139192 -0.048294 0.989087 0.896252 0 0 0 1 
26875431820012;0.688058;0.52216;0.990846 0.0743727 -0.112664 0.45685 -0.0616642 0.991752 0.112365 -0.11273 0.120092 -0.104389 0.987259 -0.480044 0 0 0 1 
26875431820013;0.421251;0.364814;0.998697 -0.0510172 0.00136322 0.0300779 0.0510291 0.998637 -0.0109685 -0.197632 -0.000801776 0.0110238 0.999939 -0.174431 0 0 0 1 
26875431820014;0.330264;0.0452222;0.965541 -0.25094 0.068992 -0.44443 0.250891 0.967969 0.00950571 -0.972938 -0.0691674 0.00813134 0.997572 0.171018 0 0 0 1 
26875431820015;0.226693;0.197104;0.999447 0.0258615 0.0208971 -0.0362019 -0.0250456 0.998948 -0.0384048 0.171766 -0.0218684 0.0378602 0.999044 0.184123 0 0 0 1 
26875431820016;0.538469;0.343424;0.98888 -0.0323157 0.145161 0.597111 0.0273284 0.99897 0.0362213 0.270621 -0.146182 -0.0318515 0.988745 0.449489 0 0 0 1 
26875431820017;0.524419;0.0289844;0.983684 -0.156453 -0.088819 -0.0180482 0.139691 0.975331 -0.170927 -0.406018 0.11337 0.155731 0.981272 0.555398 0 0 0 1 
26875431820018;0.579586;0.0298712;0.97958 0.0400517 -0.197025 0.395302 -0.0626265 0.991988 -0.109717 -0.0505389 0.191052 0.119815 0.97424 0.346205 0 0 0 1 
26875431820019;0.351798;0.0279399;0.97908 0.0936229 -0.180656 0.257184 -0.0967047 0.995278 -0.00830728 0.584799 0.179026 0.0256038 0.983511 -0.941279 0 0 0 1 
26875431820020;0.0809749;0.0315315;0.994745 -0.101939 0.00957227 -0.09995 0.102132 0.994518 -0.0224511 -0.307936 -0.00723115 0.0233108 0.999702 0.00882868 0 0 0 1 
26875431820021;0.644904;0.0276092;0.946659 0.0881016 -0.309959 1.18004 -0.00780575 0.967886 0.251269 0.0937295 0.322142 -0.235446 0.916946 -0.649123 0 0 0 1 
26875431820022;0.0317767;0.026564;0.99951 0.0291472 0.0114048 -0.022562 -0.0290724 0.999555 -0.00667566 0.116723 -0.0115943 0.00634083 0.999913 0.066208 0 0 0 1 
26875431820023;0.284901;0.0299583;0.997549 -0.0699764 -0.000179905 0.372376 0.0699652 0.997337 0.0206055 -0.280897 -0.00126247 -0.0205676 0.999788 -0.0370588 0 0 0 1 
26875431820024;0.398113;0.0273373;0.997278 0.00529925 -0.0735446 0.347131 -0.00661733 0.999822 -0.0176901 0.462818 0.0734377 0.0181286 0.997135 -0.572266 0 0 0 1 
26875431820025;0.5828;0.211231;0.966844 -0.241093 -0.0841835 0.21584 0.239858 0.970495 -0.0246414 -0.885187 0.0876405 0.00363235 0.996146 0.400241 0 0 0 1 
26875431820026;0.630426;0.0205376;0.980905 0.194017 0.0135468 -0.267403 -0.194025 0.980996 -0.000724957 0.514578 -0.01343 -0.00191731 0.999908 0.937822 0 0 0 1 
26875431820027;0.464713;0.0288931;0.994265 0.106734 0.00671567 0.219324 -0.106924 0.993362 0.0424128 0.4722 -0.00214419 -0.0428876 0.999078 0.681726 0 0 0 1 
26875431820028;0.337162;0.0276421;0.99994 -0.0109507 0.000500212 -0.449273 0.0109201 0.99906 0.0419451 -0.333556 -0.000959072 -0.0419372 0.99912 0.231076 0 0 0 1 
26875431820029;0.206492;0.0225833;0.999548 0.0103506 0.0282246 -0.309905 -0.0085334 0.997929 -0.0637602 -0.0877158 -0.0288261 0.0634905 0.997566 0.245678 0 0 0 1 
26875431820031;0.22611;0.0159897;0.972897 0.0979655 0.209461 -0.166066 -0.119581 0.988447 0.0931271 0.366596 -0.197918 -0.115651 0.973372 0.895971 0 0 0 1 
26875431820032;0.537519;0.348396;0.980672 -0.128897 -0.147203 0.542806 0.126141 0.991618 -0.027952 -0.549194 0.149572 0.00884351 0.988711 -0.650364 0 0 0 1 
26875431820033;0.515263;0.00523264;0.996702 0.029054 -0.0757657 -0.103648 -0.0078588 0.963876 0.266236 -0.743198 0.0807639 -0.264762 0.960926 -1.03319 0 0 0 1 
26875431820034;0.18246;0.0119609;0.994117 0.0168731 -0.106992 -0.18322 -0.0151459 0.999742 0.016936 0.0404193 0.107251 -0.0152159 0.994116 -0.309777 0 0 0 1 
26875431820035;0.31218;0.101397;0.96003 0.140602 0.24202 0.0359781 -0.172105 0.978428 0.114275 0.377825 -0.220732 -0.151361 0.963518 1.29997 0 0 0 1 
26875431820036;0.352511;0.0727366;0.970904 -0.227221 0.0756043 -0.0972863 0.239058 0.938143 -0.250476 -0.710195 -0.0140142 0.261262 0.965166 -0.0733908 0 0 0 1 
26875431820037;0.447509;0.00875748;0.996699 -0.0807813 -0.00808971 0.329169 0.0808373 0.996704 0.0068439 -0.812784 0.00751018 -0.00747526 0.999944 -0.803659 0 0 0 1 
26875431820038;0.350569;0.0931912;0.990417 -0.132686 -0.0383266 0.104576 0.116369 0.951183 -0.285847 -0.0390675 0.0743836 0.278648 0.957509 -0.63644 0 0 0 1 
26875431820039;0.337073;0.0434012;0.97533 -0.194611 0.104205 0.0201083 0.16088 0.949854 0.268134 -1.17019 -0.151161 -0.244754 0.957729 1.21585 0 0 0 1 
26875431820040;0.229197;0.0200823;0.983157 -0.180943 -0.0257204 0.214408 0.170853 0.959918 -0.222184 -0.444609 0.0648921 0.214048 0.974665 -0.339588 0 0 0 1 
26875431820041;0.10838;0.0157458;0.998053 0.0622401 0.00414866 -0.0490029 -0.0622454 0.99806 0.00115128 0.164784 -0.00406896 -0.00140727 0.999991 0.189084 0 0 0 1 
26875431820042;0.455772;0.347031;0.990001 -0.123178 0.0687394 0.0380422 0.130905 0.983813 -0.122376 -0.533554 -0.0525526 0.130151 0.9901 0.519275 0 0 0 1 
26875431820043;0.274946;0.0132836;0.979034 0.107248 0.17318 -0.166411 -0.12918 0.98424 0.120768 0.277695 -0.157498 -0.140607 0.977458 1.11578 0 0 0 1 
26875431820044;0.287192;0.0136845;0.999355 0.0030205 0.0357723 0.0796456 -0.00286307 0.999986 -0.00445133 0.588839 -0.0357853 0.00434604 0.99935 0.276486 0 0 0 1 
26875431820045;0.572084;0.0490853;0.987223 0.0602957 -0.147497 0.660817 -0.00691116 0.940975 0.338405 -0.767663 0.159196 -0.333062 0.929369 -1.18839 0 0 0 1 
26875431820046;0.148614;0.0121558;0.997679 -0.0626887 -0.0266032 0.0447335 0.0668117 0.976653 0.204168 -0.582746 0.0131831 -0.205471 0.978574 0.041812 0 0 0 1 
26875431820047;0.191966;0.0173769;0.989075 0.147269 0.00646007 -0.0832563 -0.144284 0.976145 -0.162245 0.869297 -0.0301997 0.15954 0.986729 0.300113 0 0 0 1 
26875431820048;0.552949;0.201189;0.973861 0.223948 0.0379823 -0.185022 -0.218976 0.970057 -0.105066 1.29941 -0.0603744 0.0940025 0.99374 -0.415122 0 0 0 1 
26875431820049;0.452544;0.145474;0.950821 0.264416 0.161317 -0.0308976 -0.258407 0.964321 -0.0575478 1.01267 -0.170778 0.0130323 0.985223 1.10246 0 0 0 1 
26875431820050;0.381287;0.0623373;0.968094 0.201372 0.149141 -0.0890708 -0.208336 0.977518 0.0324851 0.617026 -0.139247 -0.0625202 0.988282 1.16336 0 0 0 1 
26875431820051;0.357531;0.00678455;0.971608 -0.0760475 -0.224044 0.731113 0.0682436 0.996768 -0.0423837 -0.123934 0.226543 0.0258907 0.973657 -0.641982 0 0 0 1 
26875431820052;0.469273;0.0542162;0.970802 0.141856 -0.193445 0.434175 -0.189478 0.948004 -0.255709 1.75516 0.147113 0.284897 0.947202 -0.900745 0 0 0 1 
26875431820053;0.393672;0.00862056;0.993418 0.0291322 0.11078 0.693551 -0.0473669 0.985034 0.165724 -0.0419113 -0.104295 -0.16988 0.97993 0.542234 0 0 0 1 
26875431820054;0.384531;0.040694;0.94132 0.20956 -0.264579 0.630554 -0.138067 0.954392 0.264712 0.302948 0.307985 -0.212649 0.927322 -1.27095 0 0 0 1 
26875431820055;0.28566;0.0103786;0.979737 -0.190651 -0.0613853 0.483371 0.193496 0.980102 0.0442698 -1.14365 0.0517237 -0.0552506 0.997132 0.103772 0 0 0 1 
26875431820056;0.596591;0.0570809;0.931954 -0.251828 0.260854 -0.125464 0.290321 0.949274 -0.120803 -1.12107 -0.2172 0.188315 0.95779 0.160834 0 0 0 1 
26875431820057;0.446113;0.324683;0.992153 -0.110131 0.0591953 0.292268 0.112871 0.992585 -0.0451054 -0.648856 -0.0537888 0.0514328 0.997227 0.371811 0 0 0 1 
26875431820058;0.224686;0.011996;0.999487 -0.0112514 -0.0299728 -0.114559 0.0139818 0.995614 0.092505 -0.230444 0.0288005 -0.0928766 0.995261 0.335787 0 0 0 1 
26875431820059;0.444316;0.014762;0.954739 -0.173605 0.241526 -0.483188 0.174652 0.984479 0.0172356 -0.647896 -0.240769 0.0257275 0.970241 0.773971 0 0 0 1 
26875431820060;0.410765;0.102163;0.994686 0.0401862 0.0947895 0.31111 -0.0697277 0.94033 0.333042 -0.110426 -0.0757498 -0.337881 0.938135 1.02065 0 0 0 1 
26875431820062;0.368904;0.0183834;0.957726 0.168749 0.232992 0.429033 -0.215656 0.957161 0.193225 0.458185 -0.190404 -0.235302 0.953089 0.364844 0 0 0 1 
26875431820063;0.231158;0.0103721;0.956693 -0.0731343 -0.281764 0.421093 0.112689 0.985503 0.126827 -0.597281 0.268404 -0.153086 0.951065 -1.12019 0 0 0 1 
26875431820064;0.204838;0.00720048;0.997694 -0.00649466 0.0675577 0.0623337 -0.00269788 0.990829 0.135096 0.281706 -0.0678155 -0.134966 0.988527 0.102051 0 0 0 1 
26875431820065;0.171053;0.013349;0.998258 0.054409 0.0228267 -0.0909576 -0.0535313 0.997864 -0.0374427 -0.0232533 -0.0248151 0.0361556 0.999038 0.0120762 0 0 0 1 
26875431820066;0.341828;0.0831217;0.921183 0.380132 -0.0831913 0.688998 -0.378762 0.924931 0.0322961 1.64795 0.089223 0.00175902 0.99601 -0.320009 0 0 0 1 
26875431820067;0.359104;0.0100184;0.999748 0.0108316 -0.0196782 -0.217326 -0.0107985 0.99994 0.00178818 0.372871 0.0196964 -0.00157523 0.999805 0.592768 0 0 0 1 
26875431820068;0.231956;0.00740307;0.999756 -0.0216502 0.00435767 0.037326 0.0216303 0.999756 0.00456363 -0.111831 -0.0044554 -0.00446826 0.99998 0.515004 0 0 0 1 
26875431820069;0.168442;0.00845637;0.984206 -0.154911 0.0856781 0.0577137 0.157752 0.987098 -0.0274111 -0.765261 -0.0803264 0.0404941 0.995946 0.488409 0 0 0 1 
26875431820070;0.120851;0.00854144;0.987434 0.134776 -0.082521 0.240041 -0.129654 0.989453 0.0645946 0.506927 0.0903565 -0.0530838 0.994494 -0.432512 0 0 0 1 
26875431820071;0.559761;0.0566744;0.95518 -0.295303 0.0206542 0.903851 0.295026 0.955365 0.0154247 -1.20666 -0.0242873 -0.00863981 0.999668 0.445931 0 0 0 1 
26875431820072;0.11141;0.0107628;0.998567 -0.0532911 0.00488857 -0.1581 0.0534777 0.997105 -0.0540443 -0.31327 -0.00199433 0.0542283 0.998527 0.00162671 0 0 0 1 
26875431820073;0.298534;0.0150543;0.954796 -0.297244 -0.00321805 0.244343 0.297261 0.954764 0.00787945 -1.48121 0.000730354 -0.00847987 0.999964 0.15899 0 0 0 1 
26875431820074;0.511902;0.0404579;0.950912 -0.222447 -0.215135 0.771373 0.174039 0.959252 -0.222591 -0.578463 0.255883 0.174223 0.950879 -1.60331 0 0 0 1 
26875431820075;0.368729;0.0123615;0.939092 -0.233386 0.252263 -0.208673 0.156761 0.944129 0.289909 -1.12162 -0.305829 -0.232706 0.92321 1.47957 0 0 0 1 
26875431820076;0.104083;0.00763276;0.999352 -0.029682 -0.0203804 -0.014834 0.0279312 0.996291 -0.0813905 0.0706851 0.0227206 0.0807685 0.996474 0.0122062 0 0 0 1 
26875431820077;0.334061;0.00819532;0.958752 0.280088 -0.0484368 0.457157 -0.276138 0.958191 0.0749478 1.30096 0.0674037 -0.0584811 0.99601 -0.774475 0 0 0 1 
26875431820078;0.46154;0.0125836;0.965349 0.25971 0.0255331 -0.230242 -0.252441 0.954146 -0.160872 1.56882 -0.0661423 0.148852 0.986645 -0.0926401 0 0 0 1 
26875431820079;0.388175;0.0143414;0.887532 -0.212395 0.408872 -0.237122 0.133897 0.96801 0.212199 -0.918065 -0.440862 -0.133586 0.887578 1.71565 0 0 0 1 
26875431820080;0.446652;0.00855678;0.968909 0.246654 0.0193997 0.221525 -0.246137 0.968896 -0.0256217 1.2287 -0.025116 0.0200501 0.999483 -0.684125 0 0 0 1 
26875431820081;0.390076;0.0371648;0.934421 0.356169 -0.000950783 0.557003 -0.346874 0.909421 -0.229417 1.86983 -0.0808464 0.214701 0.973328 0.687499 0 0 0 1 
26875431820082;0.269988;0.0107327;0.992021 0.124264 -0.0212732 -0.124795 -0.119681 0.98127 0.15095 0.0885789 0.0396324 -0.1472 0.988312 -0.343875 0 0 0 1 
26875431820083;0.397996;0.0278974;0.925463 -0.309708 0.218173 0.432402 0.308671 0.950339 0.039713 -1.43807 -0.219638 0.0305909 0.975102 1.35379 0 0 0 1 
26875431820084;0.431462;0.0118284;0.984677 0.0912335 -0.148621 0.40572 -0.135571 0.936531 -0.32331 0.973745 0.109692 0.338504 0.934549 0.446509 0 0 0 1 
26875431820085;0.0561572;0.0107153;0.999285 -0.0374828 0.00489281 -0.0976003 0.0374969 0.999293 -0.00282282 -0.131814 -0.00478354 0.00300427 0.999984 0.0717072 0 0 0 1 
26875431820086;0.263745;0.011616;0.974015 0.221795 0.0458448 0.335943 -0.223539 0.973984 0.0372097 0.613008 -0.0363992 -0.046491 0.998255 -0.0565066 0 0 0 1 
26875431820087;0.254275;0.0117308;0.97251 -0.0885529 -0.215365 0.327258 0.127703 0.976204 0.175267 -0.788576 0.19472 -0.197952 0.960676 -1.17453 0 0 0 1 
26875431820088;0.2679;0.0112978;0.967198 0.2537 -0.0128249 0.453965 -0.253978 0.966751 -0.0298065 1.30516 0.00483655 0.0320861 0.999473 -0.260812 0 0 0 1 
26875431820089;0.093436;0.00884059;0.999289 0.0337983 -0.0167193 0.0559823 -0.0345468 0.998311 -0.0467144 0.350166 0.0151122 0.0472588 0.998768 0.0240053 0 0 0 1 
26875431820090;0.279476;0.00591369;0.999257 0.0378416 0.00725756 0.175165 -0.0376428 0.998958 -0.0258111 -0.24481 -0.00822674 0.0255188 0.99964 0.445326 0 0 0 1 
26875431820091;0.394578;0.0124872;0.992951 0.118139 0.00953967 0.247515 -0.118163 0.992992 0.0019962 0.516617 -0.00923699 -0.00310936 0.999953 -0.777458 0 0 0 1 
26875431820093;0.345934;0.044678;0.949855 -0.273975 -0.150709 2.28325 0.269511 0.961714 -0.0496959 -1.00459 0.158555 0.00658607 0.987328 -0.443468 0 0 0 1 
26875431820094;0.529735;0.0107221;0.944074 0.269717 0.189674 -2.48692 -0.256937 0.962275 -0.0894961 1.8227 -0.206658 0.0357566 0.97776 0.583787 0 0 0 1 
26875431820095;0.39088;0.0116277;0.960838 -0.0127326 -0.276819 0.34223 0.007064 0.999745 -0.0214652 -0.141104 0.277021 0.0186691 0.960682 -0.836927 0 0 0 1 
26875431820096;0.29099;0.26782;0.999092 0.0236585 -0.0354232 -0.097466 -0.0251972 0.99873 -0.0436385 0.172749 0.0343458 0.0444915 0.998419 -0.328409 0 0 0 1 
26875431820097;0.411668;0.0320834;0.961216 0.273882 0.032456 -1.77929 -0.273596 0.961756 -0.0130242 2.32296 -0.0347819 0.00363922 0.999388 0.110688 0 0 0 1 
26875431820098;0.305728;0.0194673;0.964055 -0.201745 0.172908 0.992436 0.210552 0.976991 -0.0340119 -0.912334 -0.162068 0.0691955 0.984351 0.18241 0 0 0 1 
26875431820099;0.324227;0.327932;0.999921 -0.00964537 -0.0080971 0.130678 0.0096695 0.999949 0.00294603 0.0249315 0.00806827 -0.00302409 0.999963 -0.027541 0 0 0 1 
26875431820100;0.476247;0.0203154;0.972687 -0.231199 -0.0206835 1.92563 0.231539 0.972696 0.0158963 -0.495207 0.0164435 -0.0202512 0.99966 -0.573118 0 0 0 1 
26875431820101;0.325622;0.0935071;0.971051 0.169693 0.168122 -1.3014 -0.11873 0.953586 -0.276727 1.33027 -0.207277 0.248754 0.946128 -0.573749 0 0 0 1 
26875431820102;0.315339;0.0461175;0.9836 0.179684 0.015618 -0.989572 -0.174532 0.970073 -0.168811 1.06733 -0.0454831 0.163317 0.985525 -1.23522 0 0 0 1 
26875431820103;0.395286;0.019984;0.996813 -0.079567 0.00566953 0.324276 0.0796121 0.996792 -0.00823303 -0.325211 -0.00499626 0.00865816 0.99995 -0.788863 0 0 0 1 
26875431820104;0.491587;0.0155765;0.999077 0.0387591 0.0185282 0.425976 -0.0375796 0.997476 -0.060252 0.614906 -0.0208167 0.0595001 0.998011 -0.871799 0 0 0 1 
26875431820105;0.296198;0.0577314;0.992347 -0.0396605 0.11694 0.197814 0.0700617 0.960665 -0.268728 0.112566 -0.101682 0.274864 0.956091 -0.86448 0 0 0 1 
26875431820106;0.351999;0.239895;0.992348 -0.119682 -0.0303632 0.809916 0.121199 0.991138 0.0543623 -0.708121 0.023588 -0.0576263 0.99806 0.47929 0 0 0 1 
26875431820107;0.398745;0.324664;0.990972 0.117115 0.0652513 -1.17129 -0.111012 0.989699 -0.0904004 0.906289 -0.0751664 0.0823407 0.993766 -0.0809302 0 0 0 1 
26875431820108;0.476963;0.0306313;0.964785 0.251442 0.0772459 -1.74228 -0.256337 0.964616 0.0616953 2.28233 -0.0589999 -0.0793237 0.995101 1.07341 0 0 0 1 
26875431820109;0.419848;0.410073;0.999858 -0.0088269 -0.0143573 0.151559 0.00895586 0.99992 0.00894306 0.00480467 0.0142772 -0.00907037 0.999857 0.0917776 0 0 0 1 
26875431820110;0.205033;0.0149085;0.996707 0.0152958 0.0796305 0.00910449 -0.00898803 0.996836 -0.0789775 0.413746 -0.0805866 0.0780017 0.993691 -0.218501 0 0 0 1 
26875431820111;0.333895;0.0156198;0.986482 -0.163816 0.00428502 1.30582 0.163872 0.986121 -0.0266826 -0.577384 0.000145494 0.0270241 0.999635 0.374776 0 0 0 1 
26875431820112;0.392948;0.416325;0.993354 -0.0609043 -0.0976634 0.775708 0.0642714 0.997429 0.031707 -0.277571 0.0954812 -0.0377733 0.994714 -0.0368524 0 0 0 1 
26875431820113;0.35267;0.0479878;0.957431 -0.136455 0.254373 0.718179 0.197643 0.952146 -0.233141 -0.238606 -0.210387 0.273491 0.938584 -0.70402 0 0 0 1 
26875431820114;0.433722;0.393647;0.999571 -0.0226812 0.0185491 0.181395 0.0228563 0.999696 -0.00928271 0.0189807 -0.0183329 0.00970269 0.999785 0.0215174 0 0 0 1 
26875431820115;0.334392;0.05093;0.977954 -0.206441 0.0314217 1.84498 0.189314 0.940015 0.28378 -0.804157 -0.0881206 -0.271575 0.958374 2.21702 0 0 0 1 
26875431820116;0.39563;0.0076139;0.954801 -0.247544 0.164552 2.32637 0.254397 0.966858 -0.0216265 -1.28333 -0.153745 0.0625105 0.986131 0.467419 0 0 0 1 
26875431820117;0.505945;0.0635494;0.976112 0.217269 -0.00068842 -1.93993 -0.216897 0.974246 -0.0616522 0.797696 -0.0127244 0.0603288 0.998097 -0.58237 0 0 0 1 
26875431820118;0.542637;0.506299;0.999486 0.00198777 0.0319984 -0.0570919 -0.00280534 0.99967 0.0255258 -0.0634981 -0.0319371 -0.0256024 0.999162 0.312794 0 0 0 1 
26875431820119;0.33961;0.295049;0.998944 -0.000904251 -0.0459397 0.0126999 0.000184944 0.999877 -0.0156595 -0.0244474 0.0459482 0.0156345 0.998821 -0.0209114 0 0 0 1 
26875431820120;0.431883;0.101837;0.990705 0.104898 -0.0866008 -0.0189511 -0.0750455 0.952482 0.295206 0.209555 0.113452 -0.285963 0.951501 1.5344 0 0 0 1 
26875431820121;0.296141;0.066941;0.953615 -0.297717 -0.0445272 2.37092 0.296283 0.954418 -0.0360774 -1.177 0.0532384 0.0212112 0.998357 -0.570795 0 0 0 1 
26875431820122;0.699318;0.0424587;0.912553 0.0526649 0.405553 -1.17296 -0.0838782 0.994694 0.0595678 -0.120697 -0.400264 -0.0883758 0.912129 3.03994 0 0 0 1 
26875431820124;0.463953;0.015891;0.980662 0.079065 -0.17903 -0.162179 -0.110054 0.979213 -0.170384 1.20596 0.161837 0.186792 0.968978 -3.1747 0 0 0 1 
26875431820125;0.172503;0.012443;0.972652 0.228678 -0.0406679 -1.85286 -0.22768 0.973341 0.027739 1.41309 0.045927 -0.0177211 0.998788 -0.0767374 0 0 0 1 
26875431820126;0.469661;0.0172176;0.999964 -0.00546392 -0.00644844 -0.427913 0.00512169 0.998637 -0.0519449 0.507304 0.00672347 0.05191 0.998629 0.0958504 0 0 0 1 
26875431820127;0.198437;0.0182458;0.996793 -0.0797307 -0.0069042 0.656688 0.0797152 0.996815 -0.00249074 -0.0467346 0.0070808 0.00193238 0.999973 -0.0650876 0 0 0 1 
26875431820128;0.38452;0.315327;0.999591 -0.0285018 -0.00252252 0.278131 0.0284946 0.99959 -0.0028435 -0.171213 0.00260253 0.00277046 0.999993 -0.222229 0 0 0 1 
26875431820129;0.474436;0.0227074;0.939585 -0.331536 0.0852245 3.36792 0.339775 0.933522 -0.114412 -1.15783 -0.041627 0.136457 0.989771 -1.63657 0 0 0 1 
26875431820130;0.313572;0.0254004;0.994963 -0.100057 -0.00617336 0.8139 0.0998803 0.994702 -0.0243285 -0.531354 0.0085749 0.0235894 0.999685 -0.821161 0 0 0 1 
26875431820131;0.549583;0.013708;0.992064 0.123023 -0.025984 -1.62943 -0.119307 0.98625 0.114353 0.469406 0.0396948 -0.110345 0.9931 1.57457 0 0 0 1 
26875431820132;0.557397;0.536318;0.99989 0.0128412 -0.00737634 -0.11024 -0.0131143 0.999182 -0.0382419 0.0790455 0.00687923 0.0383345 0.999241 -0.261515 0 0 0 1 
26875431820133;0.523064;0.226458;0.998376 -0.0218215 0.0526317 0.198685 0.0156513 0.993251 0.11492 -0.258879 -0.0547842 -0.113909 0.99198 1.97333 0 0 0 1 
26875431820134;0.28355;0.0173504;0.980491 0.193517 0.034478 -1.8958 -0.193481 0.981094 -0.00441023 1.44985 -0.0346796 -0.00234663 0.999396 -0.0493592 0 0 0 1 
26875431820135;0.398345;0.0166849;0.981296 -0.0403755 -0.188224 0.445641 0.0700516 0.985618 0.153788 -0.506598 0.179308 -0.164097 0.970011 1.14527 0 0 0 1 
26875431820136;0.188337;0.0177131;0.996445 0.0698295 0.0471337 -0.811066 -0.068938 0.997415 -0.0202847 0.704863 -0.0484283 0.0169633 0.998683 0.125481 0 0 0 1 
26875431820137;0.314888;0.0128541;0.937368 -0.0143876 0.348044 -0.102529 0.0397306 0.997042 -0.0657882 -0.151515 -0.346068 0.0754957 0.935167 1.30805 0 0 0 1 
26875431820138;0.521003;0.0123841;0.999738 0.0224503 0.00448498 -0.513456 -0.0224431 0.999747 -0.00163856 -0.315655 -0.00452063 0.00153747 0.999989 0.820813 0 0 0 1 
26875431820139;0.534563;0.011454;0.963167 -0.214857 -0.1617 2.96209 0.194278 0.971753 -0.133986 -1.17729 0.18592 0.097636 0.977702 -1.70988 0 0 0 1 
26875431820140;0.635129;0.0178831;0.930887 0.124769 -0.34334 0.364894 -0.117911 0.992183 0.0408686 1.2803 0.345755 0.00243943 0.938322 -1.62083 0 0 0 1 
26875431820141;0.451247;0.258804;0.995382 -0.0939801 0.0195562 0.673416 0.0923834 0.993203 0.0707985 -0.739882 -0.0260769 -0.0686649 0.997299 1.07187 0 0 0 1 
26875431820142;0.45211;0.0171528;0.96551 0.0565746 -0.254143 -0.668851 -0.0816949 0.99264 -0.0893943 0.831628 0.247216 0.107073 0.963026 -1.77587 0 0 0 1 
26875431820143;0.371493;0.345247;0.99954 0.00931862 0.0288545 -0.0713752 -0.0101559 0.999528 0.0290073 -0.0794109 -0.0285706 -0.029287 0.999163 0.421217 0 0 0 1 
26875431820144;0.382734;0.0103508;0.976012 0.0158508 0.217139 -0.225022 0.0597805 0.939502 -0.337287 0.937742 -0.209349 0.342177 0.916017 -1.93845 0 0 0 1 
26875431820145;0.502979;0.0198172;0.968412 0.244578 0.0485785 -2.28726 -0.243114 0.969396 -0.0341517 2.16079 -0.0554446 0.0212628 0.998235 -0.509409 0 0 0 1 
26875431820146;0.275674;0.0254672;0.956186 0.291599 0.0260496 -2.19104 -0.292748 0.953169 0.075941 2.00813 -0.00268537 -0.0802396 0.996772 0.562373 0 0 0 1 
26875431820147;0.238197;0.0157424;0.990902 0.0481577 -0.125671 -0.0408809 -0.0622732 0.991876 -0.110926 0.723837 0.119309 0.117743 0.985851 -1.50448 0 0 0 1 
26875431820148;0.24302;0.0128923;0.985996 -0.131559 0.102484 1.01374 0.148164 0.973126 -0.176275 -0.641048 -0.0765395 0.188991 0.978991 -1.44185 0 0 0 1 
26875431820149;0.23664;0.020092;0.94428 -0.321311 0.0713713 3.00901 0.326359 0.942158 -0.0763416 -1.20458 -0.0427137 0.0953805 0.994524 -0.625357 0 0 0 1 
26875431820150;0.324251;0.0110719;0.985131 -0.167056 -0.0401078 1.62973 0.162387 0.981635 -0.100116 -0.767604 0.0560962 0.0921147 0.994167 -0.601545 0 0 0 1 
26875431820151;0.348638;0.0419889;0.962401 -0.175135 -0.207633 2.01651 0.221738 0.948049 0.228114 -1.21054 0.156895 -0.265578 0.951237 1.7483 0 0 0 1 
26875431820152;0.39459;0.0203341;0.993991 -0.0775493 0.0772529 0.373651 0.0822278 0.994845 -0.0593389 -0.165073 -0.072253 0.0653347 0.995244 -0.849576 0 0 0 1 
26875431820153;0.461448;0.0107563;0.959619 0.278253 -0.0413038 -2.05783 -0.276326 0.959923 0.0468113 1.71444 0.0526739 -0.0335077 0.998049 -0.70648 0 0 0 1 
26875431820155;0.281618;0.00967303;0.997638 0.0457093 -0.0512814 0.45621 -0.0467011 0.998741 -0.0183112 0.0917734 0.0503799 0.0206628 0.998516 -0.0632735 0 0 0 1 
26875431820156;0.544215;0.0526545;0.983491 0.177002 -0.0376265 -0.0466563 -0.176264 0.984094 0.0221196 0.184992 0.0409432 -0.0151222 0.999047 0.690583 0 0 0 1 
26875431820157;0.2633;0.174984;0.997323 -0.071 -0.0175161 0.131642 0.0686665 0.991596 -0.109648 0.0283994 0.0251539 0.108152 0.993816 0.0476585 0 0 0 1 
26875431820158;0.308459;0.255089;0.999332 0.0364395 -0.00293906 0.028666 -0.0363805 0.999174 0.0181066 0.12079 0.00359643 -0.0179876 0.999832 0.0899818 0 0 0 1 
26875431820159;0.600497;0.0161139;0.997858 0.0540012 0.0369093 0.73997 -0.0484527 0.989315 -0.137508 0.038165 -0.0439405 0.135425 0.989813 0.587917 0 0 0 1 
26875431820160;0.450407;0.339739;0.974611 -0.0861532 0.206668 -0.048108 0.100248 0.993229 -0.0587079 -0.154851 -0.200211 0.0779354 0.976648 0.560688 0 0 0 1 
26875431820161;0.500041;0.0558041;0.986188 -0.16373 -0.0250312 -0.27757 0.162583 0.985778 -0.0425262 -0.4376 0.0316381 0.0378692 0.998782 0.515699 0 0 0 1 
26875431820162;0.266888;0.236011;0.9998 0.0105416 0.0170134 -0.0183263 -0.0102339 0.999784 -0.018067 0.039702 -0.0172002 0.0178893 0.999692 0.126935 0 0 0 1 
26875431820163;0.112835;0.0850541;0.999033 -0.0039655 0.043791 0.0752033 0.00384117 0.999988 0.00292304 0.0400468 -0.0438021 -0.00275201 0.999036 0.208887 0 0 0 1 
26875431820164;0.259006;0.015066;0.983651 -0.179342 -0.0163709 0.0200426 0.179653 0.983525 0.020096 -0.623458 0.0124971 -0.0227085 0.999664 -0.254775 0 0 0 1 
26875431820165;0.440579;0.373404;0.994994 0.088939 -0.0455721 0.173937 -0.0855629 0.993776 0.0713333 0.260696 0.0516327 -0.0670769 0.996411 -0.226504 0 0 0 1 
26875431820166;0.350624;0.306766;0.999623 -0.0123086 -0.0245581 -0.0790335 0.011359 0.999196 -0.0384411 0.0476869 0.0250116 0.0381477 0.998959 -0.0328565 0 0 0 1 
26875431820167;0.350308;0.0887952;0.989661 -0.131321 0.0576621 0.41207 0.138828 0.978076 -0.155223 -0.0819576 -0.0360139 0.161623 0.986195 0.0986331 0 0 0 1 
26875431820168;0.226339;0.0181051;0.983982 -0.0632091 -0.166685 0.326605 0.0548733 0.997024 -0.0541537 -0.272719 0.169612 0.0441397 0.984522 -0.420139 0 0 0 1 
26875431820169;0.436398;0.0158846;0.998819 -0.0485702 0.00135436 0.233158 0.04857 0.99882 0.000183532 0.236016 -0.00136168 -0.000117534 0.999999 0.581988 0 0 0 1 
26875431820170;0.561995;0.490408;0.999643 -0.00207182 0.0266492 -0.0657945 0.00201731 0.999996 0.0020723 -0.106709 -0.0266534 -0.0020178 0.999643 0.0262117 0 0 0 1 
26875431820171;0.275385;0.0102973;0.997487 0.0664455 0.0245711 -0.070662 -0.0667033 0.997724 0.00982487 0.148125 -0.0238623 -0.0114392 0.99965 0.493695 0 0 0 1 
26875431820172;0.126727;0.0176953;0.99977 -0.00622462 0.0205054 -0.0296268 0.00811352 0.995599 -0.0933624 0.030389 -0.019834 0.0935073 0.995421 0.221104 0 0 0 1 
26875431820173;0.248339;0.195809;0.999606 -0.0200534 0.0196433 -0.0316476 0.019783 0.999708 0.0138667 0.00327581 -0.0199156 -0.0134726 0.999711 0.134455 0 0 0 1 
26875431820174;0.442063;0.32428;0.977546 -0.127205 0.167997 -0.138391 0.13149 0.99121 -0.014587 -0.397008 -0.164665 0.0363494 0.98568 0.463747 0 0 0 1 
26875431820175;0.573407;0.321724;0.970821 0.0794352 -0.226269 0.510754 -0.131584 0.96527 -0.225698 0.739959 0.200482 0.248886 0.947556 -0.862273 0 0 0 1 
26875431820176;0.270556;0.0197496;0.991358 0.129042 -0.0235965 -0.346445 -0.131137 0.97956 -0.152528 0.331825 0.00343174 0.154304 0.988017 0.00683104 0 0 0 1 
26875431820177;0.516211;0.108386;0.996266 0.0377657 -0.0776427 -0.398435 -0.0511833 0.982546 -0.178841 -0.187715 0.0695335 0.182147 0.98081 0.00547762 0 0 0 1 
26875431820178;0.516876;0.27729;0.994096 -0.04854 -0.0970403 0.302722 0.0573143 0.994311 0.0897777 -0.278936 0.0921305 -0.0948095 0.991223 0.441483 0 0 0 1 
26875431820179;0.506678;0.501864;0.999616 0.0241176 0.0136437 -0.057886 -0.0241065 0.999709 -0.00097841 0.104658 -0.0136633 0.000649133 0.999906 0.0114586 0 0 0 1 
26875431820180;0.166082;0.0120978;0.997209 -0.0114096 0.07379 -0.208368 0.00460794 0.995776 0.0916972 0.0636176 -0.0745245 -0.0911012 0.993049 0.149694 0 0 0 1 
26875431820181;0.220973;0.150427;0.997354 -0.0594245 0.0418887 0.0680653 0.0564115 0.995967 0.0697716 -0.221221 -0.0458659 -0.0672239 0.996683 0.212882 0 0 0 1 
26875431820182;0.311591;0.0223628;0.999996 0.00270287 0.00066147 0.456077 -0.00269651 0.999952 -0.00943342 0.0620543 -0.000686936 0.0094316 0.999955 -0.0945678 0 0 0 1 
26875431820183;0.378261;0.275662;0.987295 0.143189 -0.0688888 -0.0109526 -0.137702 0.98734 0.0787317 0.552693 0.0792902 -0.0682453 0.994513 -0.254784 0 0 0 1 
26875431820184;0.707951;0.627964;0.999796 -0.0141929 0.0143521 0.0169664 0.0141716 0.999898 0.00158309 -0.0698429 -0.0143731 -0.00137937 0.999896 -0.11148 0 0 0 1 
26875431820186;0.0232744;0.015055;0.999988 -0.00273388 0.00409758 -0.00139258 0.00271092 0.999981 0.00559841 -0.0392576 -0.00411281 -0.00558724 0.999976 0.0234901 0 0 0 1 
26875431820187;0.469951;0.0222424;0.997435 -0.0463461 0.0545562 0.1178 0.0455927 0.998848 0.0149755 0.0344689 -0.0551874 -0.0124498 0.998398 -0.717697 0 0 0 1 
26875431820188;0.333415;0.278069;0.999756 0.010551 0.0193957 0.0384464 -0.010271 0.999842 -0.0144797 0.116676 -0.0195454 0.014277 0.999707 -0.0168763 0 0 0 1 
26875431820189;0.215891;0.020444;0.999531 -0.0196736 0.0234634 0.00680582 0.0231585 0.987015 -0.158948 0.321376 -0.0200316 0.159417 0.987008 0.0751551 0 0 0 1 
26875431820190;0.353199;0.0198554;0.999369 -0.00239368 -0.0354303 0.131542 0.00270588 0.999958 0.00876636 -0.0465823 0.0354079 -0.0088567 0.999334 0.572512 0 0 0 1 
26875431820191;0.375035;0.140758;0.931019 0.0702557 -0.358145 0.46898 -0.059282 0.997376 0.0415438 -0.0220208 0.360124 -0.0174465 0.932741 -0.269783 0 0 0 1 
26875431820192;0.269163;0.0257043;0.998665 -0.0330449 0.0396972 -0.154514 0.0334906 0.999383 -0.0106154 0.344028 -0.0393219 0.0119307 0.999155 0.252969 0 0 0 1 
26875431820193;0.42369;0.238608;0.969747 -0.09379 0.225376 -0.0496643 0.140062 0.969935 -0.199022 0.0433047 -0.199934 0.224567 0.953727 0.456566 0 0 0 1 
26875431820194;0.276623;0.258376;0.999423 0.023416 0.0245959 -0.0209327 -0.0223021 0.998755 -0.0446266 0.208245 -0.0256102 0.0440523 0.998701 0.132215 0 0 0 1 
26875431820195;0.12753;0.0213224;0.99698 0.0766078 0.012726 -0.183955 -0.0769118 0.996714 0.0254198 0.0533916 -0.0107368 -0.0263218 0.999596 -0.118637 0 0 0 1 
26875431820196;0.182656;0.0179026;0.998379 -0.0568783 0.00220382 -0.11032 0.0569204 0.997795 -0.0341385 -0.340462 -0.000257217 0.0342086 0.999415 -0.133362 0 0 0 1 
26875431820197;0.141522;0.0234598;0.999263 0.0341214 -0.0175818 -0.248455 -0.0333932 0.998635 0.0401637 0.0446086 0.0189282 -0.039547 0.999038 -0.0747619 0 0 0 1 
26875431820198;0.296595;0.224783;0.999198 -0.0230772 -0.0327263 0.122732 0.0225754 0.999623 -0.0156227 0.0417522 0.0330745 0.0148713 0.999342 -0.162658 0 0 0 1 
26875431820199;0.374604;0.354164;0.999051 -0.0189872 -0.0392084 0.0623749 0.0199493 0.999506 0.0242934 -0.0418501 0.0387277 -0.0250525 0.998936 0.0524653 0 0 0 1 
26875431820200;0.14975;0.0194177;0.998967 0.0207909 -0.0404017 -0.204608 -0.0172027 0.996041 0.0872162 0.0645472 0.042055 -0.0864311 0.99537 -0.000188309 0 0 0 1 
26875431820201;0.180431;0.0188545;0.995777 -0.0412238 -0.0820315 0.34385 0.0425911 0.99898 0.0149876 -0.161639 0.08133 -0.0184181 0.996517 -0.151258 0 0 0 1 
26875431820202;0.0568232;0.0206509;0.999529 -0.0304245 -0.00413218 -0.00421849 0.0301921 0.998397 -0.0478714 -0.00616663 0.00558202 0.0477241 0.998845 -0.0379246 0 0 0 1 
26875431820203;0.370175;0.360387;0.999942 -0.00971126 -0.00467741 -0.0221534 0.00979412 0.999789 0.0180294 -0.0419449 0.00450134 -0.0180742 0.999827 -0.017828 0 0 0 1 
26875431820204;0.336699;0.328676;0.996364 0.0850542 0.0050517 -0.134858 -0.0840692 0.991007 -0.104101 0.446761 -0.0138605 0.103298 0.994554 0.08001 0 0 0 1 
26875431820205;0.579018;0.343839;0.99811 -0.00161528 0.0614382 0.419231 -8.22452e-06 0.999651 0.0264157 -0.302684 -0.0614594 -0.0263662 0.997761 -0.0643528 0 0 0 1 
26875431820206;0.454909;0.126949;0.972106 0.0160256 0.233995 -0.163801 0.022905 0.986408 -0.162712 -0.129161 -0.233422 0.163533 0.958525 0.942116 0 0 0 1 
26875431820207;0.201469;0.18077;0.999792 0.019332 0.00652972 -0.0407815 -0.0193939 0.999766 0.00954969 0.00910884 -0.00634358 -0.00967433 0.999933 0.0466037 0 0 0 1 
26875431820208;0.418791;0.378244;0.999866 -0.0106992 0.012392 -0.0513659 0.00981249 0.997532 0.0695314 -0.105058 -0.0131053 -0.0694005 0.997503 -0.021064 0 0 0 1 
26875431820209;0.261543;0.254142;0.999822 -0.0185826 0.00340423 -0.00749488 0.0185999 0.999814 -0.0051072 -0.01783 -0.0033087 0.0051696 0.999981 0.0249725 0 0 0 1 
26875431820210;0.579052;0.520805;0.999794 -0.0192408 -0.00642819 -0.0927241 0.0193694 0.999601 0.0205708 -0.0650304 0.00602983 -0.0206911 0.999768 -0.0165365 0 0 0 1 
26875431820211;0.254845;0.14777;0.998567 -0.0492393 -0.0209852 0.132087 0.0484196 0.998107 -0.0379249 -0.094803 0.0228129 0.0368544 0.99906 0.179241 0 0 0 1 
26875431820212;0.320883;0.0510333;0.970024 -0.117127 0.212918 0.0547289 0.141528 0.984542 -0.10318 -0.241185 -0.197541 0.130221 0.971607 0.757215 0 0 0 1 
26875431820213;0.233658;0.0240832;0.998708 -0.0497529 0.0102983 -0.10749 0.050556 0.99328 -0.104106 -0.0285355 -0.00504954 0.104492 0.994513 -0.399953 0 0 0 1 
26875431820214;0.442932;0.0219604;0.982218 0.0402303 -0.183385 0.347925 -0.0831409 0.96898 -0.232735 0.541657 0.168333 0.243843 0.955094 0.255753 0 0 0 1 
26875431820215;0.292551;0.14127;0.99367 0.0341473 0.107021 0.199163 -0.020987 0.992337 -0.121765 -0.225734 -0.110359 0.118748 0.986772 0.237979 0 0 0 1 
26875431820217;0.53888;0.0573917;0.954918 -0.232336 0.1848 0.930755 0.283093 0.900086 -0.331216 -0.632847 -0.0893826 0.3686 0.925281 -0.27516 0 0 0 1 
26875431820218;0.132212;0.0127148;0.999929 -0.00794976 -0.00891819 0.00618532 0.00772132 0.999648 -0.0253627 0.174103 0.00911668 0.025292 0.999639 0.130153 0 0 0 1 
26875431820219;0.276971;0.0124993;0.991799 -0.0530513 0.116281 0.412948 0.0555875 0.998279 -0.0186759 -0.628352 -0.11509 0.0249865 0.993041 0.368975 0 0 0 1 
26875431820220;0.346183;0.328478;0.996526 0.0755154 0.0351304 -0.165191 -0.0760148 0.997021 0.0131009 0.206005 -0.0340364 -0.0157259 0.999297 0.329124 0 0 0 1 
26875431820221;0.22686;0.00891009;0.999993 -0.00341628 0.00176815 0.420009 0.0034143 0.999994 0.00112169 -0.0225983 -0.00177197 -0.00111565 0.999998 -0.250606 0 0 0 1 
26875431820222;0.271182;0.249248;0.998984 0.0326944 0.0310196 -0.129271 -0.0322942 0.99939 -0.0133185 0.118388 -0.0314361 0.0123032 0.99943 0.15973 0 0 0 1 
26875431820223;0.173034;0.0113225;0.999983 -0.00507753 0.00293012 -0.166064 0.00507477 0.999987 0.000949945 -0.179988 -0.0029349 -0.000935059 0.999995 -0.256246 0 0 0 1 
26875431820224;0.421446;0.0206992;0.996024 0.0533952 0.0713076 -0.683049 -0.058111 0.99614 0.0657836 -0.33716 -0.0675198 -0.0696658 0.995283 0.631291 0 0 0 1 
26875431820225;0.149136;0.0145452;0.983812 0.178891 -0.0105683 -0.125706 -0.17788 0.982002 0.0634819 0.774576 0.0217344 -0.0605744 0.997927 -0.0627915 0 0 0 1 
26875431820226;0.0692592;0.0125579;0.999441 -0.033364 0.00217929 0.182922 0.0333852 0.999387 -0.010564 -0.118989 -0.00182549 0.0106309 0.999942 -0.0467808 0 0 0 1 
26875431820227;0.394953;0.217649;0.987278 0.136075 0.0822522 -0.371985 -0.142235 0.987038 0.0743367 0.277275 -0.0710706 -0.0850902 0.993835 -0.0149391 0 0 0 1 
26875431820228;0.385763;0.0198253;0.999635 -0.0270186 -0.000722766 -0.235966 0.0268063 0.99449 -0.101351 0.645153 0.00345715 0.101295 0.99485 0.125835 0 0 0 1 
26875431820229;0.236316;0.017408;0.979796 -0.102842 0.171531 0.183352 0.100343 0.994682 0.0232017 -0.146528 -0.173005 -0.00552105 0.984905 0.807902 0 0 0 1 
26875431820230;0.353557;0.268934;0.992121 0.119431 0.037853 -0.303957 -0.117432 0.991758 -0.0512458 0.742919 -0.0436613 0.0463969 0.997968 0.137174 0 0 0 1 
26875431820231;0.448584;0.0181886;0.999446 0.00807189 0.0322968 -0.227827 -0.00667987 0.999054 -0.0429791 0.308476 -0.0326131 0.0427395 0.998554 -0.778136 0 0 0 1 
26875431820232;0.290281;0.0352371;0.965045 -0.186834 0.183796 0.522507 0.129119 0.949207 0.28694 -0.653098 -0.228071 -0.253178 0.940151 1.24249 0 0 0 1 
26875431820233;0.217224;0.0110048;0.995867 -0.077044 -0.0481046 0.583086 0.0763133 0.996941 -0.0168505 -0.299263 0.0492557 0.0131099 0.9987 -0.289463 0 0 0 1 
26875431820234;0.288361;0.018238;0.984996 -0.161517 -0.0607833 0.369385 0.16615 0.982768 0.0810007 -1.33001 0.046653 -0.0898845 0.994859 -0.329542 0 0 0 1 
26875431820235;0.189456;0.154094;0.998538 -0.0416943 -0.034395 0.0985145 0.0415099 0.99912 -0.00605772 -0.191662 0.0346173 0.00462114 0.99939 -0.11623 0 0 0 1 
26875431820236;0.315102;0.0754376;0.94769 0.195321 0.252456 -0.164766 -0.173784 0.97915 -0.105188 0.970866 -0.267738 0.0558133 0.961874 1.41888 0 0 0 1 
26875431820237;0.012092;0.00486054;0.999983 -0.00413501 0.00418064 0.000871515 0.0041464 0.999988 -0.00271976 -0.0292847 -0.00416934 0.00273705 0.999988 0.0322986 0 0 0 1 
26875431820238;0.26454;0.0113202;0.954164 -0.276616 0.114259 0.524176 0.266345 0.958949 0.0973565 -1.40445 -0.136499 -0.0624619 0.988669 0.939747 0 0 0 1 
26875431820239;0.246987;0.020196;0.99935 0.0315386 0.0174673 -0.277846 -0.0331155 0.994547 0.0988898 -0.312314 -0.0142532 -0.0994039 0.994945 0.166693 0 0 0 1 
26875431820240;0.363487;0.11258;0.934095 0.328981 -0.138701 -0.218536 -0.311914 0.940994 0.131303 1.40367 0.173713 -0.0793866 0.981591 -0.968165 0 0 0 1 
26875431820241;0.468508;0.167314;0.948017 -0.311014 0.0673349 0.0688886 0.311738 0.950168 -0.000260133 -1.5451 -0.0638985 0.0212375 0.99773 0.841168 0 0 0 1 
26875431820242;0.496458;0.120739;0.976805 -0.182742 -0.111612 0.65481 0.208328 0.931552 0.29801 -1.65028 0.0495134 -0.31435 0.948015 -0.269389 0 0 0 1 
26875431820243;0.419239;0.110541;0.925951 0.1791 0.332471 -0.460243 -0.136446 0.979578 -0.147683 0.743186 -0.352131 0.0913835 0.931479 1.34877 0 0 0 1 
26875431820244;0.327061;0.0165768;0.999985 -0.00469625 0.00275559 -0.476879 0.00497483 0.993722 -0.111769 0.495228 -0.00221339 0.111781 0.99373 -0.0146931 0 0 0 1 
26875431820245;0.440644;0.0141478;0.91269 0.051486 0.405397 -0.378858 -0.0968525 0.99102 0.0921876 0.250769 -0.39701 -0.123402 0.90948 1.93976 0 0 0 1 
26875431820246;0.33651;0.0094736;0.989067 -0.0568531 0.13607 -0.0710298 0.0449302 0.995005 0.0891462 -0.626569 -0.140458 -0.0820579 0.98668 0.247395 0 0 0 1 
26875431820248;0.482971;0.0348148;0.945617 -0.0811253 -0.315003 0.715292 0.112063 0.990366 0.081348 -0.349037 0.305369 -0.112224 0.945598 -2.2237 0 0 0 1 
26875431820249;0.481186;0.0193256;0.970675 -0.191881 -0.144815 0.356987 0.180969 0.97979 -0.0852184 -0.717685 0.15824 0.0565123 0.985782 0.281117 0 0 0 1 
26875431820250;0.362957;0.0146253;0.965715 0.226258 0.127285 0.133938 -0.210701 0.969546 -0.124844 1.52532 -0.151655 0.0937443 0.983978 0.481556 0 0 0 1 
26875431820251;0.294996;0.0139768;0.995489 0.0940365 -0.0125976 0.624408 -0.0930748 0.993691 0.0625709 0.10506 0.0184021 -0.0611161 0.997961 -0.327204 0 0 0 1 
26875431820252;0.28587;0.0159208;0.999666 -0.0256208 -0.00342399 0.312734 0.025621 0.999672 5.12595e-06 -0.629053 0.00342274 -9.28502e-05 0.999994 0.218863 0 0 0 1 
26875431820253;0.612372;0.0159722;0.957884 0.0892105 -0.272946 1.17301 -0.0244732 0.972422 0.231942 -0.961777 0.28611 -0.215494 0.93365 -1.15249 0 0 0 1 
26875431820254;0.431445;0.395784;0.999798 0.0151318 0.0132048 -0.0152873 -0.0145453 0.99895 -0.0434347 0.142088 -0.0138482 0.0432338 0.998969 -0.00562182 0 0 0 1 
26875431820255;0.351175;0.0171961;0.999678 -0.0239783 0.00832368 -0.282971 0.0239075 0.999678 0.00850977 0.00551255 -0.00852505 -0.00830803 0.999929 0.785199 0 0 0 1 
26875431820256;0.151421;0.0161748;0.982352 0.187005 -0.00379701 0.143289 -0.187035 0.982296 -0.0105717 0.87448 0.00175282 0.0110953 0.999937 -0.00661293 0 0 0 1 
