#;prob_registration_l1 -r /home/probabilistic_point_clouds_registration/build/tester /home/point_clouds_registration_benchmark//devel/registration_pairs/wood_summer_local.txt /home/point_clouds_registration_benchmark//eth/wood_summer -s 0.2 -t 0.2 -p 0.3 -r 1000 -m 1 -i 40 
id;initial_error;final_error;transformation
2318808360000;0.0774618;0.00515965;0.9981 0.043692 0.0434523 -0.457935 -0.0435067 0.99904 -0.0052029 0.476232 -0.0436379 0.00330255 0.999042 0.30947 0 0 0 1 
2318808360001;0.306883;0.00839452;0.997406 0.0687966 -0.0211553 -0.0974826 -0.0691278 0.99749 -0.0153443 0.58928 0.0200465 0.0167669 0.999658 -0.455232 0 0 0 1 
2318808360002;0.495258;0.317719;0.977316 -0.197354 -0.0768409 2.16092 0.200065 0.979345 0.0292759 -1.42372 0.0694761 -0.043985 0.996613 0.4793 0 0 0 1 
2318808360003;0.524546;0.396838;0.998483 -0.0548973 -0.00426907 0.403894 0.0550386 0.997346 0.0476722 -0.583291 0.00164066 -0.0478349 0.998854 0.289357 0 0 0 1 
2318808360004;0.20511;0.0066819;0.997742 -0.0639487 0.0205535 0.64285 0.0639452 0.997953 0.000830733 -0.51549 -0.0205646 0.000485443 0.999788 -0.227857 0 0 0 1 
2318808360005;0.440296;0.326193;0.999448 -0.0258261 -0.0209174 0.209529 0.0277265 0.994962 0.0963393 -0.445751 0.0183239 -0.0968661 0.995129 0.466716 0 0 0 1 
2318808360006;0.169359;0.01013;0.996119 -0.0854021 0.021304 1.04767 0.085916 0.996001 -0.0245033 -0.421214 -0.0191261 0.0262386 0.999473 0.0242667 0 0 0 1 
2318808360007;0.299345;0.269218;0.99951 -0.0295216 0.0103939 0.23554 0.029413 0.999513 0.0104527 -0.240051 -0.0106974 -0.0101418 0.999891 0.123116 0 0 0 1 
2318808360008;0.34518;0.25423;0.993609 0.0653381 0.0920477 -0.791782 -0.0707785 0.995855 0.0571322 0.369566 -0.0879333 -0.063282 0.994114 1.52577 0 0 0 1 
2318808360009;0.553788;0.431368;0.998377 0.0525382 0.0219651 -0.396361 -0.0523331 0.998581 -0.00981294 0.317062 -0.0224495 0.00864751 0.999711 0.249824 0 0 0 1 
2318808360010;0.296129;0.00718979;0.992273 -0.124039 -0.00300232 1.22824 0.124062 0.991529 0.0384594 -1.23211 -0.00179357 -0.0385347 0.999256 -0.016696 0 0 0 1 
2318808360011;0.267088;0.0100201;0.974861 -0.188926 0.118126 2.13363 0.176589 0.9784 0.107474 -1.26398 -0.135879 -0.0839126 0.987165 2.29773 0 0 0 1 
2318808360012;0.117207;0.00680362;0.996439 -0.00269327 -0.0842792 0.0998058 0.00670421 0.998856 0.0473444 -0.188192 0.0840552 -0.0477408 0.995317 -0.304841 0 0 0 1 
2318808360013;0.297157;0.0105061;0.996991 -0.0508888 0.0584809 0.0169102 0.0529742 0.997994 -0.0346797 -0.623579 -0.0565987 0.0376734 0.997686 -0.0697858 0 0 0 1 
2318808360014;0.320442;0.0120093;0.999967 0.00655637 0.00470403 -0.0234339 -0.00654266 0.999974 -0.00292362 0.0740196 -0.00472308 0.00289275 0.999985 -0.623517 0 0 0 1 
2318808360015;0.329054;0.263123;0.997209 0.0746287 0.00228939 -0.87108 -0.0743703 0.995538 -0.0580796 0.567141 -0.00661358 0.0577472 0.998309 -0.630805 0 0 0 1 
2318808360016;0.335073;0.0100583;0.999241 0.038949 -0.00107867 -0.283367 -0.0389461 0.999238 0.00262284 -0.0181224 0.00118 -0.00257884 0.999996 -0.562009 0 0 0 1 
2318808360017;0.483715;0.00788942;0.972156 0.229147 -0.0490313 -2.52832 -0.229495 0.973309 -0.00151802 1.81054 0.0473748 0.0127282 0.998796 0.21765 0 0 0 1 
2318808360018;0.313611;0.299744;0.99941 -0.0309388 -0.0149101 0.24125 0.0307666 0.999459 -0.0116438 -0.213953 0.0152623 0.0111782 0.999821 -0.21841 0 0 0 1 
2318808360019;0.502137;0.473942;0.999958 0.00450807 0.00801986 -0.0427264 -0.00439577 0.999893 -0.0139652 -0.0197264 -0.00808195 0.0139293 0.99987 -0.126604 0 0 0 1 
2318808360020;0.421809;0.00737872;0.966627 0.0227801 0.255172 -0.524586 -0.000150961 0.996089 -0.0883525 0.253146 -0.256186 0.0853654 0.962851 0.495459 0 0 0 1 
2318808360021;0.393879;0.160188;0.941403 -0.214523 -0.260271 3.08558 0.166807 0.96681 -0.193529 -0.896704 0.293149 0.138773 0.945942 -3.43631 0 0 0 1 
2318808360022;0.404256;0.00898819;0.994805 0.0378885 -0.0944876 -0.279817 -0.0447595 0.996422 -0.0716923 1.18071 0.0914332 0.0755491 0.992941 -1.81684 0 0 0 1 
2318808360023;0.175152;0.00867964;0.979322 -0.190958 0.0668064 2.00665 0.19424 0.979846 -0.0466146 -1.28041 -0.0565585 0.0586272 0.996676 -0.120503 0 0 0 1 
2318808360024;0.438639;0.0094771;0.993081 0.0129874 -0.116709 -0.812221 -0.0258824 0.993632 -0.109663 0.423983 0.114541 0.111924 0.987093 -2.10295 0 0 0 1 
2318808360025;0.493149;0.0054589;0.984984 -0.172222 -0.0120599 1.76607 0.171756 0.984601 -0.0325632 -0.65816 0.0174823 0.0300029 0.999397 0.308339 0 0 0 1 
2318808360026;0.26214;0.00914065;0.979772 0.0188879 -0.199224 -0.131404 -0.00636036 0.997972 0.063335 -0.0313496 0.200017 -0.0607867 0.977905 -0.593283 0 0 0 1 
2318808360027;0.301824;0.268489;0.998841 0.0388766 0.0283667 -0.51255 -0.0373169 0.997866 -0.0535815 0.352707 -0.0303892 0.0524609 0.99816 -0.215153 0 0 0 1 
2318808360028;0.111442;0.00879625;0.999076 -0.0271526 -0.0333047 0.331261 0.0312185 0.991236 0.128363 -0.359763 0.0295274 -0.129284 0.991168 1.09896 0 0 0 1 
2318808360029;0.556383;0.0255565;0.994755 -0.0618445 -0.08147 0.180308 0.0865562 0.933366 0.348332 -0.468131 0.0544989 -0.353557 0.933824 4.00126 0 0 0 1 
2318808360031;0.47988;0.415117;0.999691 0.0223221 -0.0109431 -0.0945467 -0.0222887 0.999747 0.00317041 0.234366 0.0110111 -0.00292552 0.999935 -0.141154 0 0 0 1 
2318808360032;0.536016;0.141352;0.95227 0.0641865 -0.298434 0.133127 -0.144636 0.95581 -0.255944 2.62918 0.268818 0.286892 0.919473 -5.17421 0 0 0 1 
2318808360033;0.38485;0.00494585;0.988361 0.147449 0.0374336 -1.367 -0.147212 0.989064 -0.00902178 1.21419 -0.0383545 0.0034061 0.999258 -0.400063 0 0 0 1 
2318808360034;0.495664;0.448907;0.999949 0.00835002 -0.00560367 -0.0247088 -0.00834699 0.999965 0.000564763 0.109024 0.00560819 -0.00051796 0.999984 -0.213354 0 0 0 1 
2318808360035;0.329409;0.0107021;0.993665 0.103546 -0.043672 -0.812754 -0.103874 0.994576 -0.00529623 1.09501 0.0428867 0.00979906 0.999032 -1.00842 0 0 0 1 
2318808360036;0.430313;0.306477;0.989268 0.0556869 -0.135086 -0.165347 -0.058894 0.998067 -0.0198599 0.510459 0.133719 0.0276025 0.990635 -1.26631 0 0 0 1 
2318808360037;0.120765;0.00473516;0.994276 0.0123182 -0.106129 0.0321148 -0.0249258 0.992665 -0.118302 0.49206 0.103893 0.12027 0.98729 -2.10849 0 0 0 1 
2318808360038;0.516165;0.00772393;0.976713 -0.182646 0.112572 1.77803 0.180423 0.98314 0.0297173 -1.97756 -0.116102 -0.0087147 0.993199 1.7275 0 0 0 1 
2318808360039;0.413132;0.0101505;0.972311 -0.126651 0.196397 1.08106 0.120018 0.991735 0.0453656 -0.551977 -0.200519 -0.0205383 0.979475 2.35352 0 0 0 1 
2318808360040;0.306491;0.0103888;0.989865 0.117561 -0.0796613 -0.833305 -0.104242 0.982465 0.154587 0.859848 0.0964378 -0.144716 0.984762 0.372014 0 0 0 1 
2318808360041;0.475776;0.339664;0.998454 -0.0506207 -0.0229576 0.549661 0.0507661 0.998694 0.0057962 -0.393795 0.0226342 -0.0069527 0.99972 0.358042 0 0 0 1 
2318808360042;0.392346;0.0126669;0.994658 0.0474775 0.0916632 -0.602013 -0.0472639 0.998872 -0.00450094 0.424192 -0.0917735 0.000144541 0.99578 1.51147 0 0 0 1 
2318808360043;0.212163;0.00770746;0.991915 0.064168 -0.109485 -0.468762 -0.0356756 0.968949 0.244675 0.288305 0.121786 -0.238791 0.963404 1.66855 0 0 0 1 
2318808360044;0.216595;0.00506852;0.989272 0.116058 -0.0887179 -1.34907 -0.110101 0.991499 0.0693437 0.688481 0.0960115 -0.0588319 0.99364 -0.0118731 0 0 0 1 
2318808360045;0.469606;0.229967;0.972892 0.111018 -0.202868 -0.731603 -0.163468 0.950652 -0.263704 2.59141 0.163581 0.289718 0.94303 -3.84974 0 0 0 1 
2318808360046;0.276896;0.00808901;0.999174 0.0204714 0.0350932 -0.044469 -0.0202759 0.999777 -0.00592 -0.3141 -0.0352066 0.00520357 0.999367 0.0602255 0 0 0 1 
2318808360047;0.219223;0.00984061;0.963654 -0.134546 -0.230801 2.01402 0.130021 0.990901 -0.0347788 -0.788937 0.23338 0.00350593 0.972379 -1.99898 0 0 0 1 
2318808360048;0.2746;0.20271;0.995065 -0.0108677 0.0986255 0.0607974 0.0100826 0.999913 0.0084559 -0.00670672 -0.0987089 -0.00741978 0.995089 0.854974 0 0 0 1 
2318808360049;0.475244;0.396841;0.998143 -0.0455744 -0.0404251 0.610093 0.0460661 0.998874 0.0113153 -0.375368 0.0398639 -0.0131565 0.999119 -0.291309 0 0 0 1 
2318808360050;0.266943;0.0067849;0.95363 -0.30092 -0.00603245 3.69951 0.300956 0.953617 0.00630191 -2.05978 0.00385627 -0.0078252 0.999962 -0.13884 0 0 0 1 
2318808360051;0.316495;0.00586455;0.975254 -0.0564972 0.213745 0.586183 0.0265328 0.989719 0.140542 -0.384706 -0.219488 -0.131393 0.966727 3.77503 0 0 0 1 
2318808360052;0.442125;0.382933;0.992603 0.0904574 0.0809761 -0.907425 -0.0859766 0.994653 -0.0572156 0.97134 -0.0857187 0.0498303 0.995072 0.347156 0 0 0 1 
2318808360053;0.502153;0.00778257;0.999346 -0.0327286 0.0153753 1.05532 0.0304879 0.991252 0.12841 -0.433289 -0.0194435 -0.127857 0.991602 2.23432 0 0 0 1 
2318808360054;0.189299;0.010577;0.967602 -0.251953 -0.0162906 3.04356 0.249808 0.964731 -0.0830034 -1.61576 0.036629 0.0762448 0.996416 -1.16072 0 0 0 1 
2318808360055;0.56348;0.0175856;0.953495 0.137581 -0.268176 -0.157317 -0.16886 0.980837 -0.0971836 2.35394 0.249666 0.137948 0.958456 -3.5206 0 0 0 1 
2318808360056;0.0419399;0.00471875;0.998653 0.0498707 -0.0143202 -0.509834 -0.0497676 0.998733 0.00746587 0.396206 0.0146743 -0.00674313 0.99987 -0.0379798 0 0 0 1 
2318808360057;0.467263;0.00652411;0.997673 -0.0681737 -0.00129709 0.889662 0.0681135 0.997308 -0.0271555 -1.29123 0.00314489 0.027004 0.99963 -0.814576 0 0 0 1 
2318808360058;0.291617;0.0120813;0.999925 0.0047966 0.011279 -0.0308717 -0.00631459 0.99032 0.138659 0.513898 -0.0105048 -0.13872 0.990276 1.83908 0 0 0 1 
2318808360059;0.25976;0.0090326;0.97614 0.0240182 -0.215811 0.397345 -0.0399362 0.996768 -0.0697037 0.45898 0.213439 0.0766592 0.973944 -2.30902 0 0 0 1 
2318808360060;0.11731;0.00675311;0.991621 0.0990804 0.0828882 -1.14024 -0.0949121 0.994084 -0.0528107 0.94451 -0.0876303 0.0445011 0.995159 0.246428 0 0 0 1 
2318808360062;0.468711;0.270554;0.989799 0.105575 -0.0956687 -0.462227 -0.0966254 0.990891 0.093801 0.446367 0.1047 -0.0836001 0.990984 0.0963223 0 0 0 1 
2318808360063;0.468392;0.0117261;0.992631 -0.120187 0.0154278 -0.424673 0.117889 0.98731 0.106399 -1.12918 -0.0280197 -0.103796 0.994204 -0.0417414 0 0 0 1 
2318808360064;0.317402;0.0699057;0.964572 0.26379 0.00403315 -0.534616 -0.263761 0.964565 -0.00668892 1.52884 -0.00565471 0.00538816 0.999969 -0.387866 0 0 0 1 
2318808360065;0.263432;0.0204173;0.978038 -0.197855 0.0655371 0.66601 0.191226 0.976892 0.0954739 -1.39911 -0.0829127 -0.0808447 0.993272 0.944031 0 0 0 1 
2318808360066;0.238324;0.0106283;0.999467 -0.0326251 0.00116144 -0.374823 0.0326073 0.999384 0.0129927 -0.400879 -0.00158461 -0.0129479 0.999915 0.159842 0 0 0 1 
2318808360067;0.429905;0.00669393;0.99313 0.097642 -0.0644833 0.739579 -0.093892 0.993842 0.0588336 0.615009 0.0698309 -0.0523749 0.996183 -0.527463 0 0 0 1 
2318808360068;0.55967;0.471132;0.99666 -0.0420149 -0.0700325 0.262508 0.0440748 0.998632 0.0281318 -0.442417 0.0687547 -0.0311245 0.997148 -0.404321 0 0 0 1 
2318808360069;0.324897;0.00775481;0.997472 0.0651298 0.0284318 0.189515 -0.065506 0.997774 0.0125051 0.123391 -0.0275541 -0.0143359 0.999518 -0.385449 0 0 0 1 
2318808360070;0.327797;0.00819047;0.995667 0.0594026 0.0715476 0.486791 -0.0552518 0.996748 -0.0586612 0.348098 -0.0747995 0.0544538 0.995711 0.0720681 0 0 0 1 
2318808360071;0.127608;0.00468286;0.988865 0.123581 0.0829033 -0.446495 -0.123877 0.992296 -0.0015836 0.779793 -0.0824603 -0.00870383 0.996556 0.459354 0 0 0 1 
2318808360072;0.27755;0.0419575;0.972271 -0.225875 -0.0605777 0.608555 0.225522 0.974155 -0.0126992 -1.00991 0.0618805 -0.00131448 0.998083 -0.549622 0 0 0 1 
2318808360073;0.377754;0.0138655;0.993041 -0.063587 0.0991301 0.00142949 0.0785636 0.984729 -0.155361 0.0458231 -0.0877374 0.162067 0.982871 -0.678016 0 0 0 1 
2318808360074;0.367604;0.337238;0.999276 -0.0375133 -0.00632297 0.169436 0.0374974 0.999293 -0.0026203 -0.266781 0.0064168 0.00238131 0.999977 0.00296112 0 0 0 1 
2318808360075;0.223733;0.0179201;0.966967 -0.0110956 0.254658 0.0601258 0.00964384 0.999929 0.00694883 -0.228649 -0.254717 -0.00426341 0.967006 1.55102 0 0 0 1 
2318808360076;0.344651;0.0599187;0.994599 -0.100711 -0.0251133 0.765698 0.103533 0.979785 0.171177 -0.73219 0.00736623 -0.172852 0.98492 0.848843 0 0 0 1 
2318808360077;0.167206;0.00974542;0.995184 0.0297378 0.0934081 -0.0157785 -0.0323064 0.999137 0.0261079 0.457277 -0.0925511 -0.0289999 0.995286 0.509907 0 0 0 1 
2318808360078;0.455663;0.375605;0.99781 0.0559706 0.0352557 -0.466248 -0.0557024 0.998411 -0.00854573 0.373442 -0.035678 0.00656319 0.999342 -0.248349 0 0 0 1 
2318808360079;0.349782;0.0145239;0.991315 0.0804265 0.104046 -0.204872 -0.0939796 0.98669 0.132706 0.507971 -0.0919877 -0.141331 0.985679 1.65808 0 0 0 1 
2318808360080;0.31557;0.21834;0.996181 0.0351205 -0.0799408 -0.0589136 -0.0251059 0.992089 0.123 0.0102843 0.0836283 -0.120523 0.989182 -0.151459 0 0 0 1 
2318808360081;0.265138;0.0361019;0.995055 0.0790235 -0.0601771 -0.131804 -0.0897137 0.975053 -0.203034 1.05981 0.0426314 0.207429 0.977321 -0.604742 0 0 0 1 
2318808360082;0.291619;0.215335;0.994855 0.0910055 -0.0445046 -0.0698753 -0.0942327 0.992585 -0.0767842 0.67648 0.0371868 0.080583 0.996054 -0.333856 0 0 0 1 
2318808360083;0.406111;0.00604537;0.989566 -0.14331 0.0149071 -0.0223127 0.141872 0.987208 0.0727481 -0.899301 -0.0251419 -0.0698741 0.997239 -0.386323 0 0 0 1 
2318808360084;0.25521;0.240946;0.999459 0.0328927 0.000468926 0.133734 -0.0328455 0.998611 -0.0412015 0.139303 -0.0018235 0.0411638 0.999151 -0.100379 0 0 0 1 
2318808360085;0.097134;0.00595228;0.999138 -0.0131555 0.0393849 -0.0436894 0.0122759 0.999672 0.0224919 -0.00766637 -0.0396678 -0.021989 0.998971 0.47072 0 0 0 1 
2318808360086;0.630308;0.598694;0.9993 -0.00114315 -0.0373935 0.0286263 0.00292211 0.998864 0.0475541 -0.146437 0.0372967 -0.0476301 0.998168 -0.0764136 0 0 0 1 
2318808360087;0.164964;0.0077491;0.988923 0.144343 0.0345895 -0.346963 -0.139904 0.984299 -0.10762 1.09052 -0.0495807 0.101589 0.99359 -0.00689991 0 0 0 1 
2318808360088;0.426784;0.10637;0.953721 0.171305 0.247127 -0.26112 -0.126087 0.973941 -0.188525 0.946509 -0.272982 0.14864 0.950467 1.68705 0 0 0 1 
2318808360089;0.0156956;0.0066373;0.99984 -0.0150525 -0.00963333 0.0593493 0.0151863 0.999787 0.0139735 -0.0940291 0.00942095 -0.0141175 0.999856 -0.0169011 0 0 0 1 
2318808360090;0.105965;0.00764537;0.99988 0.00698881 -0.0138582 -0.171866 -0.00719291 0.999866 -0.0147329 0.210618 0.0137534 0.0148308 0.999795 -0.0355827 0 0 0 1 
2318808360091;0.471367;0.386699;0.998834 -0.00749509 -0.0476916 -0.139845 0.00449101 0.998017 -0.0627877 0.399619 0.0480677 0.0625003 0.996887 -0.333423 0 0 0 1 
2318808360093;0.358587;0.00845172;0.994603 0.0940173 0.0438831 -0.123899 -0.0947614 0.995384 0.0151909 0.954897 -0.0422523 -0.0192674 0.998921 -0.529905 0 0 0 1 
2318808360094;0.104341;0.00798274;0.996925 0.078325 0.00255268 0.107401 -0.0782058 0.996437 -0.0315889 0.315472 -0.00501778 0.0312921 0.999498 0.127667 0 0 0 1 
2318808360095;0.369651;0.0898452;0.977675 -0.210067 0.00494781 0.210397 0.210121 0.977234 -0.0293792 -0.857112 0.00133643 0.029763 0.999556 -0.636719 0 0 0 1 
2318808360096;0.316121;0.00437369;0.999582 0.0277429 -0.00814595 0.70424 -0.0276337 0.999531 0.0132295 0.283312 0.00850915 -0.0129988 0.999879 0.338128 0 0 0 1 
2318808360097;0.369151;0.102837;0.95823 0.164986 0.233612 0.0335194 -0.156227 0.986152 -0.0556496 0.453196 -0.239558 0.0168287 0.970736 0.759816 0 0 0 1 
2318808360098;0.287285;0.0912525;0.975217 -0.217647 0.0397742 -0.156354 0.216438 0.975753 0.0325782 -1.12772 -0.0459004 -0.0231622 0.998677 -0.00561481 0 0 0 1 
2318808360099;0.367143;0.355144;0.999743 -0.0147963 0.0171594 0.0136322 0.0150378 0.999788 -0.0140315 -0.0428073 -0.0169482 0.0142859 0.999754 0.0194099 0 0 0 1 
2318808360100;0.403666;0.00707009;0.988693 -0.141623 -0.0492771 1.00863 0.145564 0.985372 0.0886222 -0.699933 0.0360053 -0.0947932 0.994846 -0.569513 0 0 0 1 
2318808360101;0.302239;0.00910951;0.945017 -0.165062 0.282309 -0.198017 0.176798 0.98411 -0.0164258 -0.905661 -0.275112 0.0654341 0.959183 1.41553 0 0 0 1 
2318808360102;0.281834;0.155126;0.998726 0.049686 -0.00883597 0.0201319 -0.0484338 0.992891 0.108725 -0.0710082 0.0141753 -0.108159 0.994033 -0.193273 0 0 0 1 
2318808360103;0.378578;0.21412;0.983826 0.0947515 -0.152016 0.365076 -0.0796429 0.991531 0.102584 0.317426 0.160449 -0.0888174 0.98304 -0.741394 0 0 0 1 
2318808360104;0.557659;0.398147;0.997941 -0.0531368 0.0359237 -0.243104 0.054255 0.998049 -0.0309034 -0.161661 -0.0342115 0.0327889 0.998877 -0.250269 0 0 0 1 
2318808360105;0.460355;0.415965;0.99967 -0.0146581 0.0210727 -0.0473263 0.0147146 0.999889 -0.00252607 -0.0339137 -0.0210333 0.00283531 0.999775 -0.0530068 0 0 0 1 
2318808360106;0.53681;0.0892402;0.950398 -0.0509427 -0.306838 1.18785 0.0426416 0.998522 -0.0337016 0.542587 0.308101 0.0189459 0.951165 -1.18367 0 0 0 1 
2318808360107;0.116161;0.00961392;0.993857 -0.0170582 0.109353 -0.054377 0.0273507 0.99526 -0.0933246 -0.0459006 -0.107243 0.0957421 0.989612 0.648496 0 0 0 1 
2318808360108;0.426496;0.066884;0.98399 0.178191 -0.00336614 0.682414 -0.178205 0.983457 -0.0324749 0.810154 -0.00247627 0.0325549 0.999467 -0.667392 0 0 0 1 
2318808360109;0.361092;0.00607999;0.990168 0.13896 0.0160449 -0.822689 -0.138203 0.989542 -0.0413085 1.06689 -0.0216174 0.0386849 0.999018 -0.0943048 0 0 0 1 
2318808360110;0.188673;0.0125028;0.98952 -0.033436 -0.140474 0.45635 0.0215952 0.996148 -0.0849859 0.177238 0.142775 0.0810616 0.98643 -0.823822 0 0 0 1 
2318808360111;0.302097;0.177255;0.997942 0.0301026 -0.056625 -0.254669 -0.0252401 0.996086 0.0847079 0.0108996 0.0589533 -0.0831044 0.994796 -0.286737 0 0 0 1 
2318808360112;0.226828;0.203573;0.999515 -0.030124 -0.00787089 0.0266017 0.0302013 0.999495 0.0098839 -0.19683 0.00756917 -0.0101168 0.99992 0.0079004 0 0 0 1 
2318808360113;0.311079;0.288196;0.999404 -0.015901 -0.0306369 0.020213 0.0155921 0.999825 -0.0102952 -0.0546242 0.0307953 0.00981135 0.999478 -0.10306 0 0 0 1 
2318808360114;0.267587;0.00726552;0.990832 -0.0501584 0.125446 -0.0406403 0.0491546 0.99873 0.011086 0.0751191 -0.125842 -0.00481811 0.992039 1.19008 0 0 0 1 
2318808360115;0.283003;0.0594555;0.995568 -0.093844 -0.00613764 -0.0839929 0.0929063 0.9713 0.218964 -0.814247 -0.014587 -0.218564 0.975714 0.510269 0 0 0 1 
2318808360116;0.15967;0.00820422;0.999995 0.00216413 0.00243793 0.214987 -0.00216306 0.999998 -0.000441413 0.0275337 -0.00243888 0.000436137 0.999997 -0.327208 0 0 0 1 
2318808360117;0.274094;0.126462;0.992498 0.0780354 -0.0941179 0.335708 -0.0855051 0.99327 -0.0781296 0.589559 0.0873876 0.085591 0.992491 -0.532094 0 0 0 1 
2318808360118;0.309171;0.0101032;0.996032 -0.0619223 0.0639159 0.219668 0.0685048 0.991946 -0.106538 -0.0441411 -0.056804 0.110494 0.992252 0.943181 0 0 0 1 
2318808360119;0.136528;0.00817574;0.999458 0.00384607 -0.0327085 0.0274034 0.0021336 0.98351 0.180842 -0.216622 0.0328647 -0.180814 0.982968 0.0942392 0 0 0 1 
2318808360120;0.394337;0.0555393;0.975486 -0.219795 0.010847 0.242515 0.219924 0.975435 -0.0126779 -1.01735 -0.00779401 0.0147527 0.999861 -0.747983 0 0 0 1 
2318808360121;0.407083;0.345941;0.997101 -0.0486655 0.0584833 -0.235408 0.0486358 0.998815 0.00193084 -0.36401 -0.058508 0.000919142 0.998287 0.0570128 0 0 0 1 
2318808360122;0.325576;0.0115704;0.961437 0.0205142 -0.274258 0.871951 -0.00582255 0.998509 0.0542758 -0.0669055 0.274963 -0.0505859 0.960123 -1.00043 0 0 0 1 
2318808360124;0.330187;0.169621;0.994661 -0.0371049 0.0962906 0.324064 0.0291285 0.996127 0.0829594 -0.460208 -0.0989959 -0.0797117 0.99189 1.31086 0 0 0 1 
2318808360125;0.152771;0.0155239;0.988909 -0.148467 -0.00409763 1.5234 0.148512 0.988802 0.0146635 -1.21291 0.00187468 -0.0151094 0.999884 0.227517 0 0 0 1 
2318808360126;0.0910746;0.00983983;0.997946 0.00819258 -0.0635283 -0.116349 -0.0101654 0.999474 -0.0307941 0.19829 0.0632426 0.0313767 0.997505 -0.825792 0 0 0 1 
2318808360127;0.146509;0.0171578;0.993194 -0.105855 0.0485771 1.02532 0.103746 0.993627 0.0440595 -0.813047 -0.0529315 -0.03872 0.997847 0.976002 0 0 0 1 
2318808360128;0.288596;0.0212097;0.942252 0.128357 -0.30933 -0.42877 -0.155804 0.985606 -0.0656151 1.41209 0.296456 0.110021 0.948688 -3.2952 0 0 0 1 
2318808360129;0.489639;0.39302;0.997011 -0.0244915 -0.0732711 0.546212 0.0161204 0.993495 -0.112731 0.0399849 0.0755554 0.111213 0.99092 -1.60685 0 0 0 1 
2318808360130;0.532869;0.320755;0.996083 -0.0405374 0.0785824 0.00647616 0.0367997 0.998148 0.0484432 -0.345006 -0.0804006 -0.0453616 0.99573 1.37154 0 0 0 1 
2318808360131;0.255773;0.00680316;0.998576 -0.00951381 0.0525002 -0.0675803 0.00463941 0.99573 0.0921975 -0.157841 -0.0531532 -0.0918226 0.994356 0.836397 0 0 0 1 
2318808360132;0.368015;0.339846;0.999362 0.0249522 0.0255542 -0.370316 -0.0241097 0.999172 -0.0327611 0.213089 -0.0263506 0.0321241 0.999136 -0.133182 0 0 0 1 
2318808360133;0.203483;0.1552;0.999683 0.0110671 -0.0226055 -0.108303 -0.010013 0.998881 0.0462246 -0.0306494 0.0230918 -0.0459837 0.998675 0.202424 0 0 0 1 
2318808360134;0.215895;0.0141353;0.997441 -0.0189253 -0.0689403 0.584848 0.0161378 0.999038 -0.0407671 -0.201469 0.0696455 0.0395502 0.996787 -0.742029 0 0 0 1 
2318808360135;0.357096;0.0182207;0.956232 0.0926298 -0.277561 -0.0956734 -0.0983217 0.995133 -0.00662687 1.10674 0.275597 0.0336271 0.960685 -2.14194 0 0 0 1 
2318808360136;0.39267;0.015606;0.990546 -0.0899439 0.103583 0.891565 0.103945 0.984845 -0.13884 -0.0648257 -0.0895249 0.148294 0.984883 -0.247965 0 0 0 1 
2318808360137;0.205186;0.0103152;0.981567 -0.0135724 -0.190636 0.669963 0.0193322 0.99941 0.028386 -0.19897 0.190138 -0.0315482 0.98125 -1.16641 0 0 0 1 
2318808360138;0.524941;0.01801;0.985491 -0.161849 0.0511175 1.34936 0.161726 0.986814 0.00654631 -1.36025 -0.051503 0.00181571 0.998671 -0.570242 0 0 0 1 
2318808360139;0.224459;0.0121008;0.991428 0.122561 -0.0452808 -1.13837 -0.12978 0.96384 -0.232745 1.78068 0.015118 0.236626 0.971483 -2.41431 0 0 0 1 
2318808360140;0.242736;0.0107105;0.992428 0.0646577 0.104428 -0.754017 -0.0548626 0.994051 -0.0940918 0.712172 -0.10989 0.0876502 0.990072 -0.405856 0 0 0 1 
2318808360141;0.27546;0.0068825;0.967525 0.242271 0.072118 -2.01089 -0.23849 0.969458 -0.0572095 2.27319 -0.0837756 0.0381522 0.995754 0.0124273 0 0 0 1 
2318808360142;0.19755;0.0182282;0.993374 -0.104295 0.0482716 0.93067 0.104068 0.994544 0.007196 -0.593763 -0.0487588 -0.00212477 0.998808 0.0869317 0 0 0 1 
2318808360143;0.359468;0.0111431;0.970969 -0.0730244 -0.227785 1.10019 0.0781714 0.996847 0.013644 -0.669779 0.22607 -0.0310542 0.973616 -0.799953 0 0 0 1 
2318808360144;0.260225;0.0161371;0.982458 -0.180023 0.0486692 1.63331 0.184749 0.975112 -0.122573 -0.939892 -0.0253919 0.129414 0.991265 -1.36748 0 0 0 1 
2318808360145;0.465801;0.0465861;0.930539 -0.209293 0.300489 2.29978 0.219615 0.975586 -0.000588876 -1.38265 -0.29303 0.0665399 0.953785 2.24493 0 0 0 1 
2318808360146;0.208847;0.198631;0.999018 -0.0403365 -0.0183259 0.374418 0.0399762 0.999008 -0.0196188 -0.263007 0.0190991 0.0188669 0.99964 -0.27212 0 0 0 1 
2318808360147;0.522631;0.0103414;0.948359 0.258191 0.184263 -2.72636 -0.227634 0.958523 -0.171513 2.50982 -0.220903 0.120711 0.967797 -0.229453 0 0 0 1 
2318808360148;0.348601;0.218228;0.996757 0.0549142 0.058824 -0.617893 -0.0580377 0.996918 0.0527767 0.266345 -0.0557445 -0.0560196 0.996872 1.24063 0 0 0 1 
2318808360149;0.220362;0.0177646;0.985435 0.167605 -0.0287493 -1.59594 -0.168385 0.985344 -0.0272709 1.50198 0.0237572 0.0317146 0.999215 -0.821043 0 0 0 1 
2318808360150;0.310305;0.00985758;0.997397 0.0647894 0.031645 -0.958335 -0.0664128 0.996369 0.0532729 0.539566 -0.0280786 -0.0552358 0.998078 0.230192 0 0 0 1 
2318808360151;0.0639999;0.0124806;0.998825 0.0261568 -0.0407881 -0.185395 -0.0246645 0.999023 0.0366716 0.126988 0.0417074 -0.0356226 0.998495 0.100884 0 0 0 1 
2318808360152;0.508923;0.0112432;0.973948 0.226333 -0.0141218 -1.27907 -0.226472 0.973974 -0.00916814 2.0258 0.0116792 0.0121275 0.999858 0.360664 0 0 0 1 
2318808360153;0.520442;0.287702;0.999127 0.0417534 0.00148414 -0.487165 -0.0417177 0.998949 -0.0190134 0.229203 -0.00227646 0.0189349 0.999818 0.445464 0 0 0 1 
2318808360155;0.242296;0.00966485;0.969727 0.00030875 0.24419 0.209754 0.0462162 0.981694 -0.184775 -0.00928879 -0.239777 0.190467 0.951961 -0.0695315 0 0 0 1 
2318808360156;0.545461;0.0212715;0.960764 -0.237612 0.143084 2.43691 0.222668 0.968333 0.112918 -1.93115 -0.165383 -0.076627 0.983248 1.10077 0 0 0 1 
2318808360157;0.417219;0.394313;0.994678 -0.0798701 -0.06509 0.612821 0.0743586 0.993763 -0.0831021 -0.383924 0.0713214 0.0778199 0.994413 -0.982887 0 0 0 1 
2318808360158;0.428586;0.353986;0.991065 0.0495267 -0.123844 -0.214019 -0.0555207 0.997424 -0.0454244 0.441282 0.121275 0.0518945 0.991261 -0.973446 0 0 0 1 
2318808360159;0.360686;0.0992398;0.966692 -0.134513 0.217743 1.36026 0.190689 0.945988 -0.26219 -0.480146 -0.170714 0.294978 0.94013 -1.40293 0 0 0 1 
2318808360160;0.334724;0.0125369;0.928982 0.058345 0.365497 -0.547219 -0.0336371 0.996719 -0.0736131 0.372063 -0.368593 0.056091 0.927897 2.30762 0 0 0 1 
2318808360161;0.319806;0.281501;0.99841 0.0446633 0.0343854 -0.515916 -0.0452586 0.998835 0.0167315 0.0678304 -0.0335981 -0.0182611 0.999269 0.338509 0 0 0 1 
2318808360162;0.00881013;0.00854336;0.999985 0.000117876 0.00549442 -0.00858478 -0.000122335 1 0.000811254 -0.00405925 -0.00549432 -0.000811914 0.999985 0.0537058 0 0 0 1 
2318808360163;0.15049;0.00895648;0.995603 0.0936701 -0.00108557 -0.925805 -0.0936749 0.995585 -0.00592426 0.537283 0.000525853 0.0059999 0.999982 0.089261 0 0 0 1 
2318808360164;0.34564;0.335694;0.999733 0.0186066 0.0137363 -0.194444 -0.0182637 0.999528 -0.0246832 0.132439 -0.0141891 0.0244257 0.999601 -0.0919035 0 0 0 1 
2318808360165;0.629483;0.00999627;0.93208 -0.154542 0.327634 0.886149 0.194901 0.976312 -0.093954 -1.7515 -0.305354 0.151429 0.940121 0.500994 0 0 0 1 
2318808360166;0.356263;0.00727064;0.997337 0.0620389 -0.0383336 -0.0949367 -0.0644675 0.995751 -0.0657521 0.282875 0.0340915 0.0680483 0.997099 -0.397187 0 0 0 1 
2318808360167;0.348773;0.0395238;0.982128 -0.0365964 0.184624 0.183858 0.0995378 0.933509 -0.34446 0.379972 -0.159743 0.356681 0.920468 -1.97498 0 0 0 1 
2318808360168;0.491205;0.0111191;0.968114 -0.110526 -0.224808 1.10169 0.140034 0.98287 0.119818 -0.672494 0.207714 -0.147478 0.967008 0.615291 0 0 0 1 
2318808360169;0.364685;0.0151448;0.999815 -0.0140083 -0.0132035 0.303232 0.0137143 0.999662 -0.0221005 0.335174 0.0135086 0.0219153 0.999669 -0.875531 0 0 0 1 
2318808360170;0.293853;0.00612253;0.999253 0.0270477 0.0275843 -0.483575 -0.026924 0.999626 -0.00484566 0.120717 -0.0277051 0.00409936 0.999608 -0.383719 0 0 0 1 
2318808360171;0.404455;0.0103163;0.994706 0.0599152 0.0834924 -1.01213 -0.0785304 0.967217 0.241502 0.122571 -0.0662856 -0.24678 0.966802 2.57071 0 0 0 1 
2318808360172;0.214721;0.0189267;0.990197 -0.0303442 0.136344 0.251355 0.0167491 0.994869 0.0997742 -0.179838 -0.138672 -0.0965125 0.985624 2.30367 0 0 0 1 
2318808360173;0.439959;0.058663;0.996644 -0.059293 -0.0564421 0.960581 0.0417234 0.961128 -0.272932 0.77799 0.070431 0.269661 0.960376 -3.31697 0 0 0 1 
2318808360174;0.284722;0.11008;0.994676 -0.0727776 0.0729599 0.705387 0.0810677 0.989701 -0.117983 -0.682025 -0.063622 0.12327 0.990332 -0.783733 0 0 0 1 
2318808360175;0.207536;0.0105726;0.997536 -0.047146 -0.0519547 0.459277 0.0454262 0.998396 -0.0338007 -0.682324 0.0534649 0.0313573 0.998077 -0.805955 0 0 0 1 
2318808360176;0.417626;0.347254;0.999409 -0.0244554 0.0241463 -0.0522175 0.0238674 0.999419 0.0243468 -0.157699 -0.0247277 -0.0237561 0.999412 0.305432 0 0 0 1 
2318808360177;0.414555;0.0137957;0.954725 -0.0615202 -0.29106 1.56063 0.0273779 0.992402 -0.119956 0.164486 0.296228 0.106557 0.949155 -2.67903 0 0 0 1 
2318808360178;0.192544;0.013076;0.994912 -0.100026 0.0120159 0.885271 0.0999652 0.994975 0.00555816 -0.646569 -0.0125115 -0.00432871 0.999912 -0.200553 0 0 0 1 
2318808360179;0.369856;0.202379;0.995404 0.0849268 0.044246 -0.766272 -0.0822574 0.994862 -0.0590132 0.6226 -0.0490305 0.0551024 0.997276 0.325488 0 0 0 1 
2318808360180;0.269585;0.0128177;0.999849 0.00711714 0.0158581 -0.0891526 -0.00721718 0.999954 0.00626058 0.0989262 -0.0158128 -0.00637409 0.999855 0.70681 0 0 0 1 
2318808360181;0.159003;0.0107226;0.999071 -0.0424122 -0.00759812 0.267583 0.0424537 0.999084 0.0053866 -0.322273 0.0073627 -0.00570417 0.999957 0.260615 0 0 0 1 
2318808360182;0.250033;0.157271;0.999734 0.0166319 0.015994 -0.347544 -0.0172904 0.99897 0.0419578 -0.0379755 -0.0152797 -0.0422232 0.998991 0.470333 0 0 0 1 
2318808360183;0.583654;0.418143;0.995262 -0.0896991 0.0375134 0.592637 0.0869105 0.993731 0.0703213 -1.02515 -0.0435859 -0.0667278 0.996819 0.301391 0 0 0 1 
2318808360184;0.254669;0.0209808;0.988497 0.149615 -0.0221264 -1.13675 -0.149117 0.98856 0.0226663 1.24936 0.0252645 -0.0191061 0.999498 0.367313 0 0 0 1 
2318808360186;0.32371;0.326899;0.99957 -0.00447125 -0.0289641 -0.313627 0.0041319 0.999922 -0.0117654 0.0874902 0.0290145 0.0116407 0.999511 0.0207342 0 0 0 1 
2318808360187;0.391738;0.348427;0.992747 -0.101471 -0.0644785 0.542998 0.105712 0.992193 0.0661638 -0.582292 0.0572614 -0.0725001 0.995723 0.00328793 0 0 0 1 
2318808360188;0.250929;0.141657;0.992615 -0.120135 0.0168038 0.51607 0.116919 0.984415 0.131366 -0.722848 -0.0323235 -0.128431 0.991192 0.482246 0 0 0 1 
2318808360189;0.35413;0.118975;0.96387 0.173391 -0.202213 0.0316555 -0.147204 0.979411 0.138151 1.08473 0.222004 -0.103393 0.969548 -0.61628 0 0 0 1 
2318808360190;0.38404;0.0076566;0.971265 0.0916148 0.219661 -0.59428 -0.0820105 0.995249 -0.05247 0.596838 -0.223424 0.0329478 0.974164 0.476568 0 0 0 1 
2318808360191;0.142007;0.00734058;0.993745 -0.0629628 0.0922257 0.301561 0.0599948 0.997598 0.0346108 -0.363664 -0.0941834 -0.0288612 0.995136 0.413464 0 0 0 1 
2318808360192;0.308225;0.00625537;0.997736 -0.0472153 0.0478833 -0.587471 0.0487299 0.998332 -0.0309723 -0.190545 -0.046341 0.0332355 0.998373 0.18074 0 0 0 1 
2318808360193;0.19468;0.0122423;0.987739 0.0869641 -0.129648 -0.142398 -0.0770967 0.993866 0.0792851 0.667334 0.135748 -0.0683176 0.988385 -0.680161 0 0 0 1 
2318808360194;0.35362;0.00452939;0.994681 -0.0347254 0.0969736 -0.184233 0.0327793 0.999229 0.0215903 -0.832808 -0.0976486 -0.0182967 0.995053 0.195166 0 0 0 1 
2318808360195;0.220312;0.00933186;0.994522 -0.10391 0.0113482 0.335226 0.1016 0.986467 0.128687 -0.602772 -0.0245665 -0.126829 0.99162 0.0988394 0 0 0 1 
2318808360196;0.321597;0.0117666;0.995063 0.0479675 0.0868825 -0.476482 -0.0429555 0.997353 -0.0586666 0.645749 -0.0894666 0.0546449 0.99449 0.904571 0 0 0 1 
2318808360197;0.117422;0.00859762;0.999791 -0.00647209 0.0193793 0.16396 0.00588451 0.999526 0.0302254 -0.0540672 -0.0195658 -0.0301051 0.999355 0.40051 0 0 0 1 
2318808360198;0.145591;0.010392;0.99626 -0.0708372 -0.0494822 0.115194 0.0705969 0.997483 -0.00659031 -0.44615 0.0498245 0.00307238 0.998753 -0.549992 0 0 0 1 
2318808360199;0.334769;0.00690996;1 -0.000682442 -0.000514147 -0.241891 0.000681291 0.999997 -0.00223523 -0.00289579 0.000515671 0.00223488 0.999997 0.716294 0 0 0 1 
2318808360200;0.307694;0.146749;0.992869 0.111474 -0.0422512 -0.19132 -0.110831 0.993689 0.0172681 0.911676 0.0439095 -0.0124623 0.998958 -0.046976 0 0 0 1 
2318808360201;0.28708;0.00998389;0.994652 -0.102967 0.00802525 0.842021 0.103008 0.994668 -0.00490551 -0.493253 -0.00747736 0.00570594 0.999956 0.341647 0 0 0 1 
2318808360202;0.140274;0.00848473;0.990647 0.136362 -0.00489043 -0.273572 -0.136425 0.990513 -0.0164731 0.901936 0.00259773 0.0169862 0.999852 0.0892051 0 0 0 1 
2318808360203;0.354364;0.00831043;0.994196 0.093408 -0.0533694 -0.241814 -0.0828966 0.981365 0.173354 -0.192971 0.0685675 -0.167923 0.983413 0.597937 0 0 0 1 
2318808360204;0.41534;0.252544;0.98083 -0.0424985 0.190173 -0.0649692 0.0365404 0.998729 0.0347294 -0.230305 -0.191407 -0.0271147 0.981136 1.10407 0 0 0 1 
2318808360205;0.260883;0.00420276;0.989107 -0.131058 -0.0670121 0.316283 0.127839 0.99052 -0.0502776 -1.06695 0.0729661 0.0411632 0.996485 -0.237369 0 0 0 1 
2318808360206;0.381649;0.227209;0.981475 -0.105571 0.15988 0.194619 0.119191 0.989793 -0.0781209 -0.401493 -0.150001 0.09573 0.98404 0.584881 0 0 0 1 
2318808360207;0.376035;0.252619;0.992622 0.0697868 0.099156 -0.399686 -0.0684329 0.997511 -0.0169945 0.530537 -0.100095 0.0100835 0.994927 0.607853 0 0 0 1 
2318808360208;0.370049;0.00819267;0.994099 0.0116686 0.107849 -0.385974 -0.0221596 0.995077 0.0965957 -0.00539812 -0.10619 -0.0984155 0.989463 1.66057 0 0 0 1 
2318808360209;0.193142;0.00668206;0.973682 0.200624 -0.108138 -0.206221 -0.199652 0.979666 0.0198559 1.18132 0.109923 0.0022566 0.993938 -0.598707 0 0 0 1 
2318808360210;0.416709;0.26925;0.977968 -0.206296 0.031934 0.81658 0.1984 0.966105 0.165162 -1.23492 -0.0649238 -0.155187 0.985749 0.918302 0 0 0 1 
2318808360211;0.229662;0.0146762;0.981598 -0.182965 -0.0546661 0.719558 0.190348 0.960372 0.203602 -1.3223 0.0152477 -0.210261 0.977526 0.492478 0 0 0 1 
2318808360212;0.235303;0.210516;0.999319 0.0354506 0.0101995 -0.19108 -0.0354427 0.999371 -0.00095267 0.202082 -0.0102269 0.000590522 0.999948 0.0359446 0 0 0 1 
2318808360213;0.418371;0.0274129;0.975001 0.221863 0.0122525 -0.818917 -0.222013 0.974962 0.0126155 1.27702 -0.00914679 -0.0150204 0.999845 0.875536 0 0 0 1 
2318808360214;0.104638;0.00922983;0.993433 0.114413 -0.000693663 -0.260659 -0.114288 0.992596 0.0411189 0.579503 0.00539306 -0.0407696 0.999154 -0.0118867 0 0 0 1 
2318808360215;0.379457;0.360648;0.999661 0.00149987 -0.0259931 -0.00258412 -0.00199661 0.999816 -0.0190953 0.0860475 0.0259596 0.0191408 0.99948 -0.11404 0 0 0 1 
2318808360217;0.475077;0.0986233;0.925282 0.191558 -0.32735 -0.147491 -0.229439 0.969952 -0.0809341 1.68079 0.302011 0.149994 0.941431 -2.36282 0 0 0 1 
2318808360218;0.538469;0.0534235;0.951821 -0.30199 -0.0532711 2.388 0.306482 0.94263 0.132357 -1.58693 0.0102445 -0.142307 0.98977 1.54658 0 0 0 1 
2318808360219;0.26223;0.00907404;0.979205 -0.0604787 -0.193649 0.462595 0.0699595 0.996644 0.0424944 -0.185226 0.190429 -0.0551583 0.98015 -1.11458 0 0 0 1 
2318808360220;0.178884;0.0100314;0.994258 0.0741375 0.0771617 -0.580648 -0.0647119 0.990878 -0.118205 0.671738 -0.0852213 0.112533 0.989987 0.0705933 0 0 0 1 
2318808360221;0.32248;0.320066;0.99972 -0.0193513 0.0136415 0.157184 0.0191805 0.999737 0.0125433 -0.153349 -0.0138806 -0.0122781 0.999828 0.169683 0 0 0 1 
2318808360222;0.547442;0.404455;0.999506 0.0202012 -0.0240725 -0.20061 -0.02164 0.997898 -0.0610894 0.0892724 0.0227878 0.0615801 0.997842 -0.10086 0 0 0 1 
2318808360223;0.279763;0.229373;0.999503 0.0292284 0.0118503 -0.225846 -0.0293132 0.999545 0.00705047 0.167054 -0.0116389 -0.00739433 0.999905 -0.0377022 0 0 0 1 
2318808360224;0.19078;0.00890944;0.987332 -0.155152 0.0332282 0.879784 0.157378 0.984246 -0.0805708 -0.619954 -0.020204 0.0847795 0.996195 -0.494235 0 0 0 1 
2318808360225;0.382191;0.0489576;0.949679 0.312337 0.0235536 -1.55225 -0.304495 0.938228 -0.164352 2.42152 -0.0734319 0.14891 0.986121 -0.7643 0 0 0 1 
2318808360226;0.232462;0.016711;0.980389 -0.196568 -0.0140952 1.20325 0.196281 0.967546 0.159149 -1.01234 -0.0176458 -0.158795 0.987154 1.27174 0 0 0 1 
2318808360227;0.121258;0.0116083;0.999962 -0.000492054 0.00871154 -0.0210466 0.00045171 0.999989 0.00463248 0.000790429 -0.00871372 -0.00462837 0.999951 -0.146736 0 0 0 1 
2318808360228;0.342472;0.331666;0.999909 0.0109162 0.00794972 -0.176374 -0.0108108 0.999855 -0.0131745 0.1137 -0.00809238 0.0130873 0.999882 -0.0274762 0 0 0 1 
2318808360229;0.411101;0.0147648;0.983891 -0.00127993 0.178767 -0.465307 0.0225682 0.992864 -0.117101 -0.0197467 -0.177342 0.119249 0.976898 1.03105 0 0 0 1 
2318808360230;0.270984;0.014714;0.945737 -0.324048 -0.0239757 2.27991 0.32202 0.94456 -0.0640993 -1.579 0.0434177 0.0529004 0.997655 -0.680672 0 0 0 1 
2318808360231;0.448163;0.220579;0.999825 -0.00867292 0.016547 -0.438559 0.0106262 0.992489 -0.121868 0.0377724 -0.0153658 0.122023 0.992408 -0.647421 0 0 0 1 
2318808360232;0.480703;0.0100718;0.993291 -0.106641 -0.0447344 0.916631 0.104184 0.993088 -0.0540611 -0.372389 0.0501903 0.0490378 0.997535 -1.45018 0 0 0 1 
2318808360233;0.538633;0.466404;0.997217 0.071116 0.0223744 -0.458439 -0.0694885 0.995356 -0.0666224 0.534988 -0.0270084 0.0648823 0.997527 -0.292745 0 0 0 1 
2318808360234;0.46577;0.0192121;0.998116 -0.0555831 0.0259895 0.308438 0.0556894 0.998442 -0.00338201 0.539467 -0.025761 0.00482298 0.999656 0.274378 0 0 0 1 
2318808360235;0.501727;0.00997325;0.998559 0.0352827 -0.0404251 -0.157931 -0.0346222 0.999257 0.0169234 0.188817 0.0409922 -0.0154994 0.999039 -1.1311 0 0 0 1 
2318808360236;0.219286;0.0103479;0.975208 0.18781 -0.117037 -0.785499 -0.188969 0.981982 0.00121462 1.37235 0.115157 0.0209318 0.993127 -1.06742 0 0 0 1 
2318808360237;0.1427;0.00902203;0.998108 -0.0611131 -0.00669165 0.23004 0.060648 0.996606 -0.0556538 -0.257338 0.0100701 0.0551427 0.998428 -0.571968 0 0 0 1 
2318808360238;0.478527;0.340068;0.99016 -0.0472944 -0.131703 0.48835 0.039421 0.997312 -0.0617622 -0.0886644 0.13427 0.0559626 0.989363 -1.29165 0 0 0 1 
2318808360239;0.07712;0.0108535;0.998844 0.023271 -0.042059 -0.135702 -0.0246733 0.999146 -0.0331344 0.200494 0.0412521 0.0341338 0.998566 -0.572317 0 0 0 1 
2318808360240;0.277432;0.0076096;0.965454 0.0371112 0.257918 -0.378785 -0.0663173 0.992208 0.105477 0.232204 -0.251994 -0.118937 0.960392 2.50527 0 0 0 1 
2318808360241;0.414755;0.0416679;0.919074 0.18352 -0.348746 -0.00468607 -0.149614 0.981184 0.122039 0.898465 0.364581 -0.0599859 0.929238 -1.80093 0 0 0 1 
2318808360242;0.207147;0.0114211;0.987511 -0.156299 -0.0197962 1.09006 0.156631 0.987519 0.0164972 -1.21691 0.0169706 -0.0193919 0.999668 0.0873723 0 0 0 1 
2318808360243;0.526989;0.543436;0.99988 -0.00137765 -0.0154099 0.0711296 0.00159421 0.9999 0.0140494 -0.0451266 0.015389 -0.0140723 0.999783 -0.00134853 0 0 0 1 
2318808360244;0.293823;0.0161362;0.99646 0.0680167 0.0494121 -0.399976 -0.0725064 0.992774 0.095613 0.400424 -0.0425518 -0.0988572 0.994191 1.38355 0 0 0 1 
2318808360245;0.161157;0.0121198;0.998994 -0.0440229 0.00854081 0.234506 0.0442751 0.998506 -0.0320191 -0.338276 -0.00711848 0.032365 0.999451 -0.414891 0 0 0 1 
2318808360246;0.48133;0.0100605;0.948524 -0.010504 0.31653 0.0682537 -0.0493448 0.982342 0.180467 -0.263544 -0.312836 -0.186797 0.931257 2.59544 0 0 0 1 
2318808360248;0.277285;0.0110662;0.999871 -0.0130958 -0.00929321 0.0468561 0.0134374 0.999199 0.0377012 0.267428 0.00879203 -0.0378212 0.999246 0.557242 0 0 0 1 
2318808360249;0.346523;0.129207;0.968162 0.222266 0.115156 -0.116161 -0.231458 0.970054 0.0736333 1.01371 -0.0953413 -0.0979428 0.990615 0.778257 0 0 0 1 
2318808360250;0.347649;0.0201897;0.96352 -0.188917 0.189577 0.0554772 0.197263 0.980006 -0.0259899 -1.58845 -0.180876 0.0624382 0.981522 1.21644 0 0 0 1 
2318808360251;0.136295;0.0112652;0.996976 0.0328682 -0.0704219 0.0427485 -0.0223879 0.989215 0.144749 -0.0362903 0.07442 -0.142734 0.986959 -0.51645 0 0 0 1 
2318808360252;0.263745;0.231988;0.999287 -0.0316769 -0.0205285 0.0489516 0.0317941 0.99948 0.00540382 -0.215571 0.0203467 -0.00605266 0.999775 -0.0983574 0 0 0 1 
2318808360253;0.38952;0.180283;0.993201 -0.107618 0.0443823 -0.516385 0.108942 0.993638 -0.0285547 -0.584164 -0.0410269 0.0331956 0.998606 0.205868 0 0 0 1 
2318808360254;0.304973;0.0113672;0.994028 -0.109087 0.00298069 0.672011 0.108973 0.993702 0.0260865 -0.445129 -0.00580763 -0.0256059 0.999655 -0.421794 0 0 0 1 
2318808360255;0.467336;0.232917;0.991683 -0.118187 -0.0509655 0.10874 0.114958 0.99142 -0.0622199 -0.615661 0.0578818 0.0558436 0.99676 0.357286 0 0 0 1 
2318808360256;0.501332;0.397687;0.999546 0.0300285 -0.00240226 -0.142716 -0.0296684 0.995102 0.0943015 -0.122357 0.00522223 -0.0941874 0.995541 0.0651467 0 0 0 1 
2318808360257;0.448145;0.174204;0.94829 0.28178 0.146102 0.431271 -0.285204 0.958463 0.00260226 1.00563 -0.1393 -0.0441365 0.989266 0.625768 0 0 0 1 
