#;prob_registration_l1 -r /home/probabilistic_point_clouds_registration/build/tester /home/point_clouds_registration_benchmark//devel/registration_pairs/apartment_local.txt /home/point_clouds_registration_benchmark//eth/apartment -s 0.2 -t 0.2 -p 0.3 -r 1000 -m 1 -i 40 
id;initial_error;final_error;transformation
13001298760000;0.820981;0.923818;0.908018 -0.406317 0.102027 -0.210525 0.399009 0.913007 0.0849119 -2.81031 -0.127652 -0.036392 0.991151 0.183477 0 0 0 1 
13001298760001;0.68771;0.77406;0.948409 -0.317029 -0.00364958 0.0825251 0.314241 0.938413 0.143642 -1.85166 -0.0421139 -0.137378 0.989623 0.631193 0 0 0 1 
13001298760002;0.636186;0.293384;0.99817 0.0598341 0.00879592 -0.0700134 -0.0603273 0.974878 0.214413 -0.274304 0.00425425 -0.214551 0.976703 -0.491939 0 0 0 1 
13001298760003;0.411513;0.586576;0.977127 -0.201556 0.0678113 -0.22717 0.202671 0.979197 -0.00992005 -1.02979 -0.0644012 0.0234365 0.997649 -0.173948 0 0 0 1 
13001298760004;0.857932;0.824106;0.915104 -0.366535 -0.16804 0.243173 0.343772 0.927008 -0.149925 -1.66715 0.210727 0.0794295 0.974313 0.337515 0 0 0 1 
13001298760005;0.460674;0.761257;0.946564 -0.322302 -0.0117695 0.0563236 0.322507 0.946188 0.0267981 -1.62903 0.00249907 -0.0291618 0.999572 0.270445 0 0 0 1 
13001298760006;0.655521;0.790986;0.936895 0.349152 0.0179121 0.229171 -0.349513 0.936613 0.0244131 0.828772 -0.00825283 -0.029133 0.999541 0.258395 0 0 0 1 
13001298760007;0.308888;0.288401;0.908621 0.262336 0.324943 0.0705225 -0.319882 0.937401 0.137679 0.530135 -0.268483 -0.229041 0.935659 0.888665 0 0 0 1 
13001298760008;0.466988;0.251983;0.962431 0.253201 0.0980615 -0.169799 -0.253449 0.967296 -0.0101224 0.178428 -0.0974174 -0.0151115 0.995129 0.0512768 0 0 0 1 
13001298760009;0.423945;0.384941;0.959246 0.25268 0.126495 -0.210776 -0.233602 0.960982 -0.148136 0.520838 -0.15899 0.112549 0.980844 -0.00628282 0 0 0 1 
13001298760010;0.258498;0.33335;0.984311 0.171657 -0.0408148 0.210084 -0.173767 0.983224 -0.0554639 0.512017 0.0306093 0.0616859 0.997626 -0.0517082 0 0 0 1 
13001298760011;0.784351;0.878267;0.999787 0.0132045 -0.0158632 -0.159789 -0.00766636 0.951169 0.308575 -1.08402 0.0191632 -0.308388 0.951068 -0.733591 0 0 0 1 
13001298760012;0.622128;0.252007;0.979222 0.202785 -0.00141447 0.26193 -0.202781 0.979221 0.00258425 -0.130097 0.00190913 -0.00224373 0.999996 0.219475 0 0 0 1 
13001298760013;0.398004;0.389147;0.911685 0.37651 0.164531 0.391414 -0.348489 0.920673 -0.175833 0.786287 -0.217682 0.102967 0.970573 0.92424 0 0 0 1 
13001298760014;0.755219;0.590267;0.991918 -0.0886892 -0.0907321 -0.0575851 0.100011 0.986591 0.128977 -0.740029 0.0780767 -0.137009 0.987488 -0.908799 0 0 0 1 
13001298760015;0.388158;0.554592;0.972613 0.175747 -0.152109 0.25465 -0.168632 0.983937 0.0585809 0.188415 0.159961 -0.0313261 0.986626 -0.389031 0 0 0 1 
13001298760016;0.851768;0.745023;0.999116 0.0418922 0.00358143 0.230757 -0.0419703 0.998791 0.0256054 0.0121049 -0.00250443 -0.0257331 0.999666 0.426822 0 0 0 1 
13001298760017;0.399547;0.350592;0.950024 0.311507 -0.0204607 0.470735 -0.311737 0.950124 -0.00915277 0.563874 0.0165891 0.0150737 0.999749 0.179159 0 0 0 1 
13001298760018;0.820633;0.272449;0.950209 0.30115 -0.0800686 0.328755 -0.30385 0.952425 -0.0237078 0.690386 0.0691197 0.0468562 0.996507 0.661726 0 0 0 1 
13001298760019;0.329854;0.21225;0.998656 0.0501787 -0.0129353 0.0635824 -0.0500584 0.998701 0.00946107 -0.173445 0.0133932 -0.00880084 0.999872 -0.0560705 0 0 0 1 
13001298760020;0.847185;0.450518;0.973106 0.22969 0.017546 -0.0647118 -0.23006 0.972899 0.0232317 0.687775 -0.0117344 -0.0266436 0.999576 0.707374 0 0 0 1 
13001298760021;0.886722;0.925609;0.883677 -0.288831 -0.368363 1.0043 0.362243 0.920364 0.147343 -2.36294 0.296471 -0.263641 0.917932 -1.28868 0 0 0 1 
13001298760022;0.59893;0.287669;0.965767 0.203889 -0.160388 0.336976 -0.15953 0.954336 0.252574 0.103537 0.204561 -0.218341 0.954192 -1.06383 0 0 0 1 
13001298760023;0.367247;0.300456;0.996463 0.0813082 0.0212287 0.160236 -0.0819349 0.99617 0.0305422 -0.280221 -0.0186641 -0.0321735 0.999308 -0.164489 0 0 0 1 
13001298760024;0.0968236;0.340476;0.985791 0.161425 0.0464634 0.196611 -0.163153 0.985939 0.0361343 0.23527 -0.0399771 -0.0432015 0.998266 0.112254 0 0 0 1 
13001298760025;0.689632;0.395353;0.991105 0.0760337 0.109225 -0.168993 -0.0464052 0.966658 -0.25183 0.335521 -0.124731 0.244521 0.961588 0.6718 0 0 0 1 
13001298760026;0.452516;0.940808;0.983799 -0.177683 0.023826 0.0209138 0.176364 0.983094 0.0492083 -1.07802 -0.0321667 -0.0442091 0.998504 0.131782 0 0 0 1 
13001298760027;0.353163;1.03461;0.92519 -0.278625 0.257666 0.215616 0.210743 0.941846 0.261749 -1.79446 -0.315612 -0.187867 0.930105 0.723566 0 0 0 1 
13001298760028;0.770166;0.37395;0.992973 -0.0912104 0.0753973 -0.424119 0.0987906 0.989678 -0.103816 -0.099862 -0.06515 0.110535 0.991735 0.00364888 0 0 0 1 
13001298760029;0.444231;0.40841;0.909801 0.368866 0.190265 0.753205 -0.385817 0.920616 0.060087 0.579622 -0.152997 -0.128075 0.979892 0.673686 0 0 0 1 
13001298760031;1.0814;0.806936;0.98446 0.109865 0.136997 0.238741 -0.102698 0.993 -0.0583491 0.560978 -0.142448 0.043373 0.988851 0.655498 0 0 0 1 
13001298760032;0.762366;0.106649;0.974755 -0.20707 -0.0835189 -0.598071 0.208463 0.977996 0.00822087 -0.679609 0.0799788 -0.0254239 0.996472 -0.70508 0 0 0 1 
13001298760033;0.562268;0.123092;0.979468 -0.165889 -0.114558 -0.554295 0.156023 0.983612 -0.0903567 -0.539654 0.12767 0.0706277 0.989299 0.0507648 0 0 0 1 
13001298760034;0.913227;0.0892744;0.983744 -0.172336 -0.0504717 -0.507178 0.145635 0.930091 -0.337225 -0.323763 0.105059 0.324393 0.94007 0.883244 0 0 0 1 
13001298760035;0.190074;0.0390034;0.988375 0.10946 -0.105515 0.324107 -0.100399 0.991076 0.0876817 0.266331 0.114171 -0.0760688 0.990545 -0.588488 0 0 0 1 
13001298760036;1.3176;0.747845;0.999251 -0.0362726 0.013476 -0.295586 0.0341879 0.990713 0.131602 0.247539 -0.0181244 -0.131043 0.991211 -0.0580039 0 0 0 1 
13001298760037;0.408209;0.0366551;0.993141 0.108451 -0.0437046 0.0895922 -0.112711 0.987401 -0.111067 0.58274 0.0311087 0.115231 0.992851 0.034403 0 0 0 1 
13001298760038;0.799177;0.257083;0.999776 0.0195819 -0.00800211 0.342077 -0.0179924 0.986106 0.165142 -0.306391 0.0111247 -0.164961 0.986237 -0.304273 0 0 0 1 
13001298760039;0.512139;0.0529126;0.999998 -0.00119817 -0.00178101 -0.000394196 0.0011949 0.999998 -0.00183609 -0.0149836 0.00178321 0.00183396 0.999997 0.387687 0 0 0 1 
13001298760040;0.790161;0.318642;0.998042 -0.00222519 0.0625039 0.0605372 0.00294298 0.999931 -0.0113942 0.218756 -0.0624742 0.0115559 0.99798 -0.0878949 0 0 0 1 
13001298760041;0.304867;0.147057;0.993359 -0.0171024 0.113775 -0.103772 0.024322 0.997757 -0.0623723 0.0642902 -0.112453 0.0647253 0.991547 0.402444 0 0 0 1 
13001298760042;0.323258;0.140258;0.998892 0.0470575 0.00084996 0.156944 -0.0470477 0.997865 0.0452979 0.00628385 0.00128346 -0.0452877 0.998973 -0.0128791 0 0 0 1 
13001298760043;1.1294;0.569765;0.968708 -0.244848 -0.0406772 -0.595112 0.245772 0.923363 0.294951 -1.3364 -0.0346583 -0.295718 0.954646 -0.832041 0 0 0 1 
13001298760044;0.672602;0.0617228;0.989908 -0.0939807 0.106063 -0.52772 0.0972617 0.994914 -0.0261864 -0.213225 -0.103063 0.0362381 0.994014 0.0834757 0 0 0 1 
13001298760045;0.603165;0.429044;0.994824 0.0151075 0.100481 -0.000578448 -0.0136123 0.999786 -0.0155493 0.0663645 -0.100695 0.0141011 0.994817 0.139972 0 0 0 1 
13001298760046;0.435224;0.0371994;0.90341 0.101736 -0.416534 0.794829 -0.122416 0.992208 -0.0231637 0.488318 0.410932 0.071917 0.908825 -1.08245 0 0 0 1 
13001298760047;1.03472;0.08733;0.998232 -0.0361181 0.0472028 -0.266925 0.0234947 0.969287 0.244808 -0.531305 -0.0545951 -0.243266 0.968422 -0.936371 0 0 0 1 
13001298760048;1.38851;0.115975;0.996654 0.0354347 0.0736518 0.16176 -0.0643666 0.895635 0.440108 -0.870881 -0.05037 -0.443376 0.894919 -1.31231 0 0 0 1 
13001298760049;0.308211;0.0535816;0.99094 0.116314 -0.0671444 0.134038 -0.10714 0.986099 0.127002 0.146966 0.0809831 -0.118658 0.989627 -0.49453 0 0 0 1 
13001298760050;0.383404;0.112252;0.998309 -0.056537 0.0135208 -0.38036 0.0564053 0.998359 0.00993329 -0.22839 -0.0140602 -0.00915385 0.999859 0.0551713 0 0 0 1 
13001298760051;1.39486;0.839519;0.992123 -0.0394424 0.118898 -0.502685 0.0510378 0.994061 -0.0961127 0.0649103 -0.114401 0.101424 0.988244 0.668178 0 0 0 1 
13001298760052;0.390791;0.198084;0.999975 -0.00651975 0.00284058 -0.232431 0.00649807 0.99995 0.00757755 -0.0563341 -0.00288984 -0.0075589 0.999967 -0.0291801 0 0 0 1 
13001298760053;0.738841;0.623132;0.998156 0.0600304 -0.0089824 0.148418 -0.0581655 0.988273 0.141184 0.0677583 0.0173524 -0.140402 0.989943 -0.11519 0 0 0 1 
13001298760054;0.290741;0.155506;0.994125 -0.108236 0.000543957 -0.379672 0.108233 0.994114 0.00475538 -0.318594 -0.00105546 -0.00466857 0.999989 -0.179666 0 0 0 1 
13001298760055;0.983527;0.214011;0.98211 0.108197 0.154121 -0.474485 -0.088904 0.987909 -0.127014 0.521116 -0.166 0.11104 0.979854 1.01043 0 0 0 1 
13001298760056;0.893456;0.742013;0.999922 0.00795087 -0.00958815 0.119377 -0.00804116 0.999923 -0.00941488 0.0350667 0.00951256 0.00949124 0.99991 -0.215537 0 0 0 1 
13001298760057;1.32906;0.650548;0.998815 -0.0425395 0.0236275 0.0614721 0.042333 0.999061 0.00917249 0.115265 -0.0239955 -0.0081614 0.999679 -0.529584 0 0 0 1 
13001298760058;1.04418;0.372733;0.987848 -0.0639169 0.14167 -0.263542 0.0663498 0.997718 -0.0125109 -0.281071 -0.140547 0.0217587 0.989835 -0.137217 0 0 0 1 
13001298760059;1.02726;0.285292;0.998609 0.0388085 -0.0357067 0.48247 -0.0320324 0.984244 0.173892 -0.129929 0.0418925 -0.172507 0.984117 -0.880322 0 0 0 1 
13001298760060;1.18019;1.30463;0.993146 -0.0770571 -0.0878811 0.275453 0.0885086 0.986899 0.134891 -0.77294 0.0763355 -0.141745 0.986956 -0.383636 0 0 0 1 
13001298760062;0.42647;0.634108;0.997836 -0.0653433 0.00735464 -0.205299 0.0640987 0.991537 0.112897 0.0238609 -0.0146694 -0.112181 0.99358 -0.0816291 0 0 0 1 
13001298760063;0.820769;0.740425;0.986029 -0.164376 0.0269583 -0.0888497 0.163534 0.986053 0.0309361 -0.0262908 -0.0316675 -0.0260953 0.999158 0.625505 0 0 0 1 
13001298760064;0.637796;0.736185;0.998392 0.0566286 0.00239368 0.141555 -0.0566276 0.998395 -0.000482525 0.777993 -0.00241716 0.000346201 0.999997 0.395989 0 0 0 1 
13001298760065;1.32441;0.843463;0.970589 -0.174884 -0.165449 -0.0443994 0.224508 0.905624 0.359779 -0.82219 0.0869149 -0.386342 0.918252 -2.05841 0 0 0 1 
13001298760066;0.832986;0.600771;0.961395 -0.275172 0.000336927 -0.416215 0.275157 0.961329 -0.0115905 -0.166583 0.00286547 0.0112357 0.999933 0.219451 0 0 0 1 
13001298760067;0.500971;0.618012;0.949298 -0.311561 -0.0419904 -0.348932 0.308106 0.94857 -0.0727048 -0.745412 0.0624828 0.0560811 0.996469 -0.354935 0 0 0 1 
13001298760068;1.1413;0.584531;0.953604 -0.262187 0.147977 -0.781919 0.235933 0.956127 0.17366 -0.0128141 -0.187016 -0.13069 0.973625 0.593548 0 0 0 1 
13001298760069;0.277143;0.698259;0.990234 -0.0357258 -0.13476 0.199647 0.0639553 0.975307 0.211392 0.0227399 0.12388 -0.217946 0.968067 -1.00394 0 0 0 1 
13001298760070;1.31041;0.744771;0.989108 -0.139718 -0.0463145 -0.0585298 0.138013 0.989694 -0.038191 -0.0818993 0.0511731 0.031383 0.998197 -0.897886 0 0 0 1 
13001298760071;0.311671;0.629741;0.891584 -0.40457 -0.203471 -0.345574 0.437071 0.886348 0.152828 -1.6583 0.118516 -0.22519 0.96708 -1.07844 0 0 0 1 
13001298760072;0.364438;0.625552;0.946246 -0.322727 -0.0215705 -0.538623 0.323168 0.946096 0.0215711 -0.695658 0.0134462 -0.0273824 0.999535 -0.0538599 0 0 0 1 
13001298760073;1.33186;0.638573;0.896097 -0.363873 0.254178 -0.721035 0.42168 0.876663 -0.231618 -0.642806 -0.138549 0.314734 0.939014 0.932251 0 0 0 1 
13001298760074;0.375476;0.697173;0.922861 -0.286861 -0.256978 -0.168831 0.255733 0.955344 -0.148045 -0.534991 0.287971 0.0709075 0.95501 -1.0386 0 0 0 1 
13001298760075;0.892832;0.690767;0.97557 -0.145917 0.164227 -0.187382 0.16536 0.979893 -0.111654 -0.233932 -0.144632 0.136083 0.980083 1.52715 0 0 0 1 
13001298760076;0.49285;0.674358;0.951672 -0.307009 -0.00805683 -0.744831 0.306408 0.950934 -0.0428709 -0.716317 0.0208233 0.0383304 0.999048 -0.155249 0 0 0 1 
13001298760077;1.25077;0.636315;0.995011 -0.0994361 0.00808111 -0.368235 0.0990405 0.994287 0.0398022 0.378678 -0.0119927 -0.0388032 0.999175 0.626646 0 0 0 1 
13001298760078;0.873453;0.729681;0.977344 -0.0901248 -0.191511 0.0564354 0.112729 0.987451 0.110601 0.240271 0.17914 -0.129684 0.975239 -1.51471 0 0 0 1 
13001298760079;0.135451;0.545857;0.988886 -0.144863 -0.0334636 -0.241517 0.144707 0.98945 -0.00702349 -0.207311 0.034128 0.002103 0.999415 -0.114065 0 0 0 1 
13001298760080;0.477523;0.846484;0.901326 -0.405806 0.151433 -0.491772 0.370869 0.903651 0.214176 -1.49565 -0.223756 -0.13688 0.964985 0.598238 0 0 0 1 
13001298760081;0.486196;0.659333;0.943338 0.0597596 -0.326409 0.738785 -0.0337925 0.995837 0.0846578 0.315327 0.330109 -0.0688307 0.94143 -1.31883 0 0 0 1 
13001298760082;0.60999;2.02051;0.952502 0.30446 -0.00664187 0.199594 -0.300752 0.937029 -0.177551 1.73543 -0.0478335 0.171115 0.984089 0.453143 0 0 0 1 
13001298760083;0.578912;0.84005;0.887622 -0.460549 -0.00466519 -0.421968 0.433796 0.832573 0.344446 -1.8637 -0.15475 -0.307762 0.938795 -0.249582 0 0 0 1 
13001298760084;0.295038;0.650258;0.996935 0.0779695 0.00645313 0.397775 -0.0779063 0.996915 -0.00951905 0.639687 -0.00717542 0.00898713 0.999934 0.0481691 0 0 0 1 
13001298760085;0.331689;0.642132;0.996605 -0.0783277 -0.0253654 -0.0513987 0.0817444 0.978113 0.191346 -0.178668 0.00982254 -0.19277 0.981195 -0.467759 0 0 0 1 
13001298760086;0.698459;0.59411;0.986467 -0.163958 -0.000630621 -0.427573 0.163946 0.986429 -0.00893256 -0.475054 0.00208662 0.00870829 0.99996 0.423415 0 0 0 1 
13001298760087;0.67213;0.639584;0.886182 -0.301408 -0.351902 0.13184 0.305725 0.95107 -0.0447069 -0.773502 0.348158 -0.0679669 0.934969 -1.78557 0 0 0 1 
13001298760088;0.268562;0.728186;0.908101 -0.309976 -0.281544 -0.132748 0.314016 0.948883 -0.0318688 -0.817059 0.277031 -0.0594692 0.959019 -1.11533 0 0 0 1 
13001298760089;1.15866;0.797776;0.883181 -0.445988 0.145212 -1.07406 0.458785 0.885803 -0.0697771 -1.45519 -0.0975094 0.128247 0.986937 1.19668 0 0 0 1 
13001298760090;0.714198;0.64387;0.982565 -0.173511 -0.0667776 -0.440162 0.179871 0.978033 0.105351 -0.42021 0.047031 -0.115526 0.99219 -0.035388 0 0 0 1 
13001298760091;1.1529;0.678189;0.989888 -0.11437 -0.083917 -0.0957709 0.11402 0.993438 -0.0089713 -0.354169 0.0843923 -0.000687646 0.996432 -1.01626 0 0 0 1 
13001298760093;1.04775;0.169387;0.899758 -0.328085 0.287744 -0.84992 0.333949 0.942115 0.0299574 -1.01766 -0.280916 0.0691374 0.957239 0.288251 0 0 0 1 
13001298760094;1.11373;0.160961;0.997326 -0.0677702 -0.02735 -0.0935546 0.07104 0.98685 0.145193 -0.807729 0.0171506 -0.146747 0.989025 -1.29807 0 0 0 1 
13001298760095;0.293853;0.156534;0.987462 0.0993699 0.122656 0.297211 -0.0761818 0.980518 -0.181054 0.156452 -0.138258 0.16944 0.975795 1.12377 0 0 0 1 
13001298760096;0.895384;0.09033;0.997155 -0.060277 0.0452566 0.520976 0.0610028 0.998027 -0.0148311 -0.605864 -0.0442734 0.0175497 0.998865 0.223253 0 0 0 1 
13001298760097;0.339617;0.170414;0.992938 -0.101233 -0.0618533 0.00437614 0.100228 0.99478 -0.0191476 -0.359366 0.0634688 0.0128129 0.997902 -0.360778 0 0 0 1 
13001298760098;0.188558;0.162825;0.990287 0.0147725 -0.138254 0.325767 -0.0110041 0.999548 0.0279815 -0.0526522 0.138605 -0.0261883 0.990001 -0.574553 0 0 0 1 
13001298760099;0.958706;0.152648;0.957179 0.231431 0.173919 0.547013 -0.220528 0.972105 -0.0798682 -0.156298 -0.187552 0.0380942 0.981516 0.396105 0 0 0 1 
13001298760100;0.754489;0.288383;0.976008 0.0903627 -0.1981 0.276523 -0.140611 0.95624 -0.25658 0.238439 0.166246 0.278279 0.946004 0.760953 0 0 0 1 
13001298760101;0.427244;0.159966;0.959308 0.279452 0.0404195 1.19457 -0.280365 0.959707 0.0189083 0.520715 -0.0335069 -0.0294711 0.999004 -0.144054 0 0 0 1 
13001298760102;0.55757;0.478462;0.996108 0.0879563 0.00566866 0.390868 -0.0879768 0.996116 0.00347782 0.267555 -0.00534074 -0.00396299 0.999978 0.081471 0 0 0 1 
13001298760103;0.502682;0.231616;0.998743 -0.0381655 -0.0324918 0.127296 0.0370836 0.998758 -0.0332722 0.212683 0.0337213 0.0320255 0.998918 0.129575 0 0 0 1 
13001298760104;0.301846;0.0845527;0.92337 -0.38372 -0.0121064 -0.803996 0.383752 0.923436 0.000358089 -1.342 0.0110421 -0.00497651 0.999927 -0.0347997 0 0 0 1 
13001298760105;0.905526;0.170757;0.96846 0.205133 -0.14144 0.994755 -0.215782 0.974314 -0.064428 0.540703 0.124591 0.0929162 0.987848 -0.788543 0 0 0 1 
13001298760106;0.994487;0.18535;0.934994 -0.352402 -0.03999 -0.836033 0.346809 0.932055 -0.104863 -1.93626 0.074227 0.0841777 0.993682 0.567511 0 0 0 1 
13001298760107;0.0362635;0.0840581;0.997719 -0.0673058 -0.00525629 -0.167818 0.0673059 0.997732 -0.000158217 -0.244794 0.00525502 -0.000195923 0.999986 -0.0232231 0 0 0 1 
13001298760108;1.01768;0.242715;0.956936 -0.260026 -0.129071 -0.274704 0.256339 0.965553 -0.0446956 -0.866105 0.136247 0.00968501 0.990628 -1.23558 0 0 0 1 
13001298760109;0.830454;0.136524;0.975773 -0.186372 -0.114595 -0.080427 0.174478 0.9789 -0.106359 -0.453997 0.131999 0.083788 0.987702 -0.738467 0 0 0 1 
13001298760110;0.923517;0.358072;0.990667 -0.133551 -0.0272753 -0.557065 0.129754 0.985263 -0.111451 -0.339582 0.0417576 0.106871 0.993396 0.72487 0 0 0 1 
13001298760111;0.26829;0.202772;0.93189 -0.36227 0.0184577 -0.727052 0.362397 0.927587 -0.0908333 -1.29765 0.0157851 0.0913356 0.995695 0.199248 0 0 0 1 
13001298760112;0.495558;0.43636;0.977532 0.125521 -0.169338 0.752755 -0.109361 0.988793 0.101632 0.485418 0.180197 -0.08083 0.980304 -0.85465 0 0 0 1 
13001298760113;0.269314;0.213196;0.991703 0.128282 -0.00830211 0.480333 -0.128292 0.991736 -0.000738037 0.272479 0.00813883 0.00179701 0.999965 -0.0756721 0 0 0 1 
13001298760114;0.734561;0.154603;0.918357 -0.393792 0.03935 -1.07034 0.39436 0.918925 -0.00758151 -0.941722 -0.0331741 0.0224806 0.999197 0.195602 0 0 0 1 
13001298760115;0.321726;0.171222;0.996686 -0.081197 -0.00484743 -0.186672 0.0812795 0.996483 0.0203596 -0.417431 0.00317724 -0.0206861 0.999781 -0.277019 0 0 0 1 
13001298760116;1.15818;0.144692;0.972639 0.202528 -0.11382 1.64699 -0.223711 0.948625 -0.223749 0.691959 0.062657 0.24309 0.967978 1.06816 0 0 0 1 
13001298760117;0.977589;0.151921;0.981091 -0.125859 -0.147036 -0.286915 0.127619 0.99182 0.0025602 -0.564868 0.145511 -0.0212764 0.989128 0.380506 0 0 0 1 
13001298760118;0.349631;0.225063;0.952116 0.300583 0.0559096 1.08342 -0.300191 0.953753 -0.015474 0.611852 -0.0579752 -0.00205054 0.998316 0.184598 0 0 0 1 
13001298760119;0.966956;0.199728;0.900438 -0.310993 -0.304131 -0.0143787 0.335978 0.941321 0.0321678 -1.08735 0.276281 -0.131146 0.952087 -1.8679 0 0 0 1 
13001298760120;0.820899;0.15912;0.988423 0.147205 0.036757 0.908325 -0.149453 0.986385 0.0686175 0.13867 -0.0261558 -0.0733166 0.996966 0.41531 0 0 0 1 
13001298760121;0.247186;0.0978415;0.997295 -0.07052 0.0207164 -0.16309 0.0686267 0.994341 0.0810907 -0.186025 -0.0263177 -0.0794497 0.996491 -0.00577351 0 0 0 1 
13001298760122;0.958553;0.119859;0.995748 0.054549 -0.074237 0.498733 -0.0502471 0.997014 0.0586317 -0.691021 0.0772136 -0.0546522 0.995516 -0.135815 0 0 0 1 
13001298760124;1.10954;0.708807;0.983446 -0.180468 0.0163156 -0.484734 0.178848 0.98119 0.0726613 -1.13802 -0.0291218 -0.0685404 0.997223 -0.453485 0 0 0 1 
13001298760125;0.573277;0.222698;0.971665 0.00276101 -0.236346 0.29542 0.0710316 0.950299 0.303127 -0.61517 0.225436 -0.311326 0.923177 -2.2017 0 0 0 1 
13001298760126;0.254431;0.120842;0.977168 0.119896 -0.175407 0.645787 -0.109709 0.991723 0.0666993 0.465301 0.181953 -0.0459327 0.982234 -0.905256 0 0 0 1 
13001298760127;0.992788;0.03842;0.930532 -0.318588 -0.180587 -0.678911 0.326112 0.945244 0.012816 -2.523 0.166616 -0.0708174 0.983475 -1.11655 0 0 0 1 
13001298760128;0.0799235;0.0698377;0.999962 0.00577763 0.00655799 0.0214833 -0.0057353 0.999963 -0.00645526 0.0255722 -0.00659504 0.0064174 0.999958 0.0636814 0 0 0 1 
13001298760129;0.127861;0.0804662;0.999888 -0.00615816 -0.0136388 0.0213587 0.00616738 0.999981 0.000634726 0.00240463 0.0136346 -0.000718771 0.999907 -0.0520395 0 0 0 1 
13001298760130;0.557579;0.0172677;0.973229 -0.220067 -0.0662987 -0.661079 0.220101 0.975453 -0.00688569 -1.28188 0.0661865 -0.00789106 0.997776 0.102179 0 0 0 1 
13001298760131;0.697726;0.571584;0.997034 0.0223291 -0.0736511 0.32746 -0.0313259 0.991868 -0.123357 0.160461 0.0702977 0.125299 0.989625 0.21182 0 0 0 1 
13001298760132;0.915785;0.497979;0.993415 0.0219587 0.11245 0.147951 -0.0224885 0.999741 0.00344501 0.224472 -0.112346 -0.00595115 0.993651 0.128813 0 0 0 1 
13001298760133;0.526097;0.115202;0.99416 0.0652521 0.0859557 0.231996 -0.0704492 0.995776 0.058882 0.355342 -0.0817504 -0.0645936 0.994557 0.648066 0 0 0 1 
13001298760134;0.640051;0.0309759;0.995113 -0.0199679 -0.0967055 0.278502 0.0210158 0.999731 0.00982977 0.0670527 0.0964832 -0.0118141 0.995264 0.0394447 0 0 0 1 
13001298760135;0.744448;0.221446;0.9711 0.212233 -0.109189 1.03433 -0.209987 0.977187 0.0318041 1.09511 0.113448 -0.00795676 0.993512 -0.0545883 0 0 0 1 
13001298760136;0.470128;0.183678;0.99964 0.00786855 -0.0256412 -0.142505 -0.00775561 0.99996 0.00450113 0.0133525 0.0256756 -0.00430064 0.999661 -0.369158 0 0 0 1 
13001298760137;0.306436;0.115203;0.97678 0.0702043 0.202417 0.148612 -0.0313738 0.981474 -0.189008 0.127692 -0.211936 0.178269 0.960887 1.57583 0 0 0 1 
13001298760138;0.926249;0.09948;0.999962 0.00512172 0.00704839 -0.409078 -0.0045893 0.997278 -0.0735841 -0.356486 -0.00740609 0.0735489 0.997264 -0.308207 0 0 0 1 
13001298760139;0.738974;0.205481;0.994017 0.108976 0.00731099 0.328162 -0.108944 0.994037 -0.00458179 0.541509 -0.0077667 0.00375789 0.999963 0.652337 0 0 0 1 
13001298760140;1.02616;0.0547637;0.987537 0.149347 -0.0496593 0.193668 -0.148242 0.988629 0.0252495 0.467128 0.0528655 -0.0175733 0.998447 -1.11341 0 0 0 1 
13001298760141;0.897713;0.0128747;0.950914 -0.219333 0.218301 -0.798125 0.247452 0.962544 -0.1108 -1.62785 -0.185822 0.15938 0.969571 2.01114 0 0 0 1 
13001298760142;0.158181;0.0498736;0.998399 0.014139 0.0547671 0.000490316 -0.00928337 0.996084 -0.0879204 0.213458 -0.0557957 0.0872713 0.994621 0.542258 0 0 0 1 
13001298760143;0.631582;0.374089;0.996752 0.079899 0.0100452 0.0625742 -0.0746716 0.963745 -0.256162 0.706801 -0.0301482 0.25458 0.966582 1.36035 0 0 0 1 
13001298760144;0.855274;0.565559;0.989754 -0.0771237 -0.120161 0.0476532 0.0857824 0.993947 0.0686298 -0.42862 0.114141 -0.0782343 0.990379 -0.399358 0 0 0 1 
13001298760145;0.0426315;0.0232996;0.999963 -0.00693404 -0.00501225 -0.0190559 0.00690438 0.999959 -0.00591103 -0.0256271 0.00505303 0.00587621 0.99997 0.0120392 0 0 0 1 
13001298760146;0.950154;0.108407;0.995647 0.00514566 -0.0930588 0.145651 -0.00360902 0.999854 0.0166733 -0.0151906 0.0931311 -0.0162649 0.995521 0.390997 0 0 0 1 
13001298760147;0.397392;0.228339;0.986833 0.0602383 -0.150108 0.318018 -0.0936779 0.96942 -0.226825 0.48929 0.131854 0.2379 0.962298 0.271924 0 0 0 1 
13001298760148;0.554781;0.0319151;0.997868 -0.0581339 0.029678 -0.180833 0.0624775 0.982313 -0.176514 -0.430194 -0.0188917 0.177991 0.983851 0.183919 0 0 0 1 
13001298760149;0.73823;0.056712;0.999691 -0.024045 -0.00623112 -0.0370073 0.0240124 0.999698 -0.00525904 0.27348 0.00635569 0.0051078 0.999967 0.58153 0 0 0 1 
13001298760150;0.886242;0.0226999;0.972996 -0.229048 0.028565 -0.278735 0.229036 0.973411 0.00373639 -1.5862 -0.0286613 0.00290691 0.999585 -0.442719 0 0 0 1 
13001298760151;1.10427;0.864789;0.99601 0.0232372 0.0861626 0.223215 -0.0381035 0.983806 0.175142 0.17505 -0.0806974 -0.177726 0.980766 -0.0574097 0 0 0 1 
13001298760152;0.722566;0.100126;0.957333 0.181981 0.22449 0.206612 -0.122226 0.958895 -0.256089 0.422888 -0.261865 0.217724 0.940225 2.15787 0 0 0 1 
13001298760153;0.343462;0.256201;0.996592 0.0547526 -0.0616977 0.303527 -0.0639439 0.985286 -0.158499 0.471606 0.0521117 0.161904 0.98543 0.217556 0 0 0 1 
13001298760155;0.0682714;0.113229;0.998833 0.0467782 -0.011981 -0.082351 -0.0468074 0.998902 -0.00216295 0.163321 0.0118667 0.00272123 0.999926 0.0206618 0 0 0 1 
13001298760156;0.228778;0.20635;0.999257 -0.0168922 -0.0346568 -0.115082 0.0120501 0.990711 -0.135446 0.14743 0.0366228 0.134928 0.990178 -0.083968 0 0 0 1 
13001298760157;0.606065;0.147195;0.996458 0.0817184 -0.0198525 -0.551312 -0.0832876 0.991633 -0.0986248 -0.160865 0.011627 0.0999289 0.994927 0.255132 0 0 0 1 
13001298760158;0.344682;0.250561;0.964346 -0.00979466 -0.264465 0.176942 -0.0150022 0.995685 -0.0915799 0.234196 0.264221 0.0922823 0.960037 -1.05914 0 0 0 1 
13001298760159;0.780294;0.619499;0.998583 0.0157548 -0.0508361 0.14051 -0.0140163 0.999311 0.0343762 0.00397902 0.0513427 -0.0336149 0.998115 -0.61976 0 0 0 1 
13001298760160;0.374691;0.269644;0.991766 0.11178 -0.0624885 -0.182171 -0.0891495 0.952947 0.28973 0.146047 0.0919342 -0.281774 0.955066 0.0477261 0 0 0 1 
13001298760161;0.829311;0.231323;0.937252 0.0807638 0.339169 -0.788685 -0.102612 0.993613 0.0469536 0.248809 -0.333211 -0.0788101 0.939553 1.64108 0 0 0 1 
13001298760162;0.477774;0.239782;0.964114 0.171867 -0.202352 -0.175777 -0.221053 0.941791 -0.25331 0.837703 0.147038 0.28895 0.945985 -0.127956 0 0 0 1 
13001298760163;0.737936;0.422891;0.995051 -0.0486622 0.08663 -0.0184735 0.055376 0.995503 -0.0768629 -0.830389 -0.0825001 0.0812797 0.993271 0.61893 0 0 0 1 
13001298760164;0.306679;0.215882;0.99906 -0.0212992 -0.0377465 -0.189606 0.00794236 0.946139 -0.323662 0.126816 0.0426072 0.323058 0.945419 0.0394525 0 0 0 1 
13001298760165;0.655134;0.334767;0.993472 -0.110152 0.0296507 -0.684467 0.10972 0.993837 0.0158147 -0.607125 -0.0312099 -0.0124582 0.999435 -0.237695 0 0 0 1 
13001298760166;0.142166;0.200398;0.996807 -0.0793018 0.00930879 -0.20049 0.0795644 0.996302 -0.0324208 -0.395437 -0.00670335 0.0330579 0.999431 0.0164419 0 0 0 1 
13001298760167;0.73402;0.772778;0.998071 -0.00262907 0.0620266 -0.408369 0.00145595 0.999819 0.0189507 -0.0882718 -0.0620652 -0.0188239 0.997895 0.754431 0 0 0 1 
13001298760168;0.457979;0.889175;0.996386 -0.0606405 -0.0594762 -0.826981 0.0562093 0.995707 -0.073542 -0.130254 0.0636804 0.0699331 0.995517 -0.428863 0 0 0 1 
13001298760169;0.0971797;0.237187;0.9954 0.0424434 0.0858888 -0.290878 -0.0491864 0.995741 0.0779781 0.0788372 -0.0822134 -0.081844 0.993248 0.294859 0 0 0 1 
13001298760170;0.865636;0.93833;0.990442 -0.0463671 -0.129903 -1.01379 0.0312592 0.992755 -0.116015 -0.412568 0.134341 0.110846 0.984716 0.0913708 0 0 0 1 
13001298760171;0.53187;0.303289;0.999303 -0.0132071 -0.0349132 -0.219136 0.0234776 0.94953 0.312796 -0.65383 0.02902 -0.313397 0.949179 0.292461 0 0 0 1 
13001298760172;0.399772;0.186952;0.940038 0.205118 0.272498 0.125653 -0.236028 0.967968 0.0856056 0.858485 -0.24621 -0.14479 0.958341 1.25052 0 0 0 1 
13001298760173;0.409814;0.783608;0.98959 0.018641 0.142702 -0.784893 -0.0213217 0.999623 0.0172792 0.039773 -0.142326 -0.0201419 0.989615 0.604988 0 0 0 1 
13001298760174;0.230776;0.149611;0.996238 0.0400852 -0.0768305 -0.101248 -0.0432222 0.99828 -0.0396109 -0.00901939 0.0751105 0.0427827 0.996257 -0.0436196 0 0 0 1 
13001298760175;0.184973;0.146594;0.990376 0.0438594 -0.131269 -0.0609437 -0.0555515 0.994678 -0.0867748 0.119622 0.126765 0.0932319 0.987542 -0.571765 0 0 0 1 
13001298760176;0.684651;0.233935;0.962094 0.27101 0.0304656 -0.245005 -0.25903 0.873143 0.412947 0.217966 0.0853118 -0.405185 0.910245 -0.776771 0 0 0 1 
13001298760177;0.712892;0.755769;0.975868 -0.0931264 -0.197507 -0.109369 0.0465414 0.97242 -0.228547 -0.00443153 0.213343 0.21384 0.953288 -1.15048 0 0 0 1 
13001298760178;0.372998;0.935655;0.992737 0.117107 -0.0275446 -0.482846 -0.11735 0.993063 -0.00737252 -0.370462 0.0264902 0.0105513 0.999593 -0.208334 0 0 0 1 
13001298760179;0.364497;0.21154;0.983981 0.0514737 0.170679 -0.229578 -0.111453 0.924857 0.363618 0.0180503 -0.139137 -0.376816 0.915779 0.703677 0 0 0 1 
13001298760180;0.444705;0.229516;0.991258 -0.0018841 -0.131923 -0.0976319 0.0599386 0.897189 0.437561 -0.460445 0.117535 -0.441643 0.889459 -0.652388 0 0 0 1 
13001298760181;0.327893;0.219262;0.969229 -0.077663 0.233587 -0.416219 0.0988032 0.991871 -0.08019 -0.382785 -0.22546 0.100802 0.969024 0.848442 0 0 0 1 
13001298760182;0.549357;0.338817;0.995735 -0.0481553 -0.0786922 -0.191545 0.0506165 0.99828 0.0295857 -0.780769 0.0771321 -0.0334427 0.99646 0.0480996 0 0 0 1 
13001298760183;0.363905;0.298066;0.983549 -0.0232931 -0.179136 -0.124185 0.0583882 0.979415 0.193227 -0.395328 0.170948 -0.200508 0.964662 -0.379681 0 0 0 1 
13001298760184;0.185151;0.190287;0.978086 0.205461 -0.0336637 -0.0462949 -0.205674 0.978616 -0.00293959 0.59586 0.0323398 0.00979891 0.999429 -0.053608 0 0 0 1 
13001298760186;0.752269;0.42026;0.996245 -0.0600089 -0.0624027 -0.0479515 0.0601457 0.99819 0.000314191 -0.161068 0.0622708 -0.00406626 0.998051 0.221953 0 0 0 1 
13001298760187;1.11885;0.267621;0.901019 -0.43371 0.00773421 -0.282536 0.433706 0.900397 -0.0344122 -1.94304 0.00796105 0.0343604 0.999378 0.275822 0 0 0 1 
13001298760188;1.47853;0.329547;0.994757 -0.0572274 0.0847576 -0.303287 0.0861882 0.915237 -0.393589 0.0279271 -0.0550493 0.39883 0.915371 0.433732 0 0 0 1 
13001298760189;0.694353;0.308682;0.997576 0.0458526 0.0523511 0.265858 -0.044838 0.998786 -0.0203935 -0.288972 -0.0532226 0.0179968 0.99842 -0.0503863 0 0 0 1 
13001298760190;1.04867;0.208069;0.960948 -0.256634 -0.103528 -0.495823 0.257932 0.966163 -0.000879799 -1.49324 0.10025 -0.0258577 0.994626 -0.490683 0 0 0 1 
13001298760191;0.608395;0.303603;0.992168 0.124782 0.00562047 0.31133 -0.124788 0.992183 0.000781489 0.171446 -0.00547902 -0.00147674 0.999984 -0.235088 0 0 0 1 
13001298760192;0.728377;0.316933;0.988813 -0.136697 0.0596927 -0.273186 0.13825 0.990137 -0.0226975 -0.260923 -0.0560013 0.0306961 0.997959 0.527097 0 0 0 1 
13001298760193;0.223967;0.386182;0.980985 -0.193944 0.00730426 -0.372143 0.19327 0.979631 0.0544877 -0.69623 -0.017723 -0.0520399 0.998488 -0.091008 0 0 0 1 
13001298760194;0.894476;0.282474;0.993461 0.0516285 0.101831 -0.122618 -0.0669319 0.985939 0.153113 -0.334809 -0.0924939 -0.158927 0.982948 -0.650622 0 0 0 1 
13001298760195;0.58478;0.545262;0.997936 0.0473466 0.043387 0.129859 -0.0476768 0.998841 0.00660542 -0.0891264 -0.043024 -0.00866034 0.999037 0.339649 0 0 0 1 
13001298760196;0.904607;0.325724;0.993983 -0.0835128 0.070878 -0.497111 0.0846424 0.996326 -0.0130811 -0.038037 -0.0695252 0.0190017 0.997399 -0.102048 0 0 0 1 
13001298760197;0.286883;0.252011;0.973442 -0.22866 -0.0112331 -0.442059 0.228802 0.973377 0.0136365 -0.960605 0.00781593 -0.0158445 0.999844 -0.0448028 0 0 0 1 
13001298760198;1.24998;1.50127;0.987765 0.155921 0.00297176 0.413698 -0.15594 0.987328 0.0294431 -0.0777654 0.0016567 -0.0295463 0.999562 -0.524526 0 0 0 1 
13001298760199;1.55468;0.278491;0.927788 -0.0456953 -0.370299 0.691573 0.055282 0.998353 0.0153117 -0.231481 0.36899 -0.0346769 0.928786 -1.84159 0 0 0 1 
13001298760200;0.663257;0.246635;0.998253 -0.0559929 0.0188621 -0.363088 0.05556 0.998196 0.0227449 -0.661635 -0.0201017 -0.0216572 0.999563 -0.0644497 0 0 0 1 
13001298760201;0.427557;0.421107;0.999689 -0.0225 -0.0108004 -0.0381301 0.0230789 0.998115 0.0568662 -0.2274 0.00950051 -0.0570977 0.998323 -0.195139 0 0 0 1 
13001298760202;1.14516;0.348419;0.985722 -0.144206 -0.0869244 -0.116846 0.154758 0.979327 0.130261 -0.789166 0.066343 -0.141853 0.987662 -1.04996 0 0 0 1 
13001298760203;0.345194;0.419958;0.999485 0.0132567 -0.0292343 0.111496 -0.011364 0.997886 0.0639824 -0.0966483 0.0300207 -0.0636172 0.997523 -0.207001 0 0 0 1 
13001298760204;0.987501;0.263208;0.976247 -0.205944 0.067293 -0.708027 0.204141 0.978394 0.0327295 -0.423072 -0.0725795 -0.0182149 0.997196 -0.335714 0 0 0 1 
13001298760205;1.27725;1.27489;0.980322 -0.179877 0.0813264 -0.560019 0.182787 0.9827 -0.0298154 -0.886741 -0.0745564 0.0440941 0.996241 0.734189 0 0 0 1 
13001298760206;0.732057;0.681359;0.998735 -0.00893907 -0.0494802 -0.00127623 0.0090175 0.999958 0.00136198 -0.110173 0.049466 -0.00180645 0.998774 0.152242 0 0 0 1 
13001298760207;0.280311;0.265723;0.95666 -0.242608 -0.161065 -0.336308 0.248656 0.968421 0.0182075 -0.844856 0.151562 -0.0574682 0.986776 -0.455864 0 0 0 1 
13001298760208;0.976835;0.369477;0.990905 -0.118209 0.0642898 -0.0402866 0.118489 0.992955 -0.000547754 -0.964062 -0.0637722 0.00816044 0.997931 0.615719 0 0 0 1 
13001298760209;0.510095;0.230742;0.99516 -0.0658397 -0.0729555 0.146319 0.0660505 0.997816 0.000478406 -0.415105 0.0727646 -0.00529484 0.997335 -0.281069 0 0 0 1 
13001298760210;0.786915;0.309913;0.973296 -0.1806 0.141699 -0.440694 0.184138 0.982825 -0.0121556 -0.227711 -0.13707 0.0379232 0.989835 0.192382 0 0 0 1 
13001298760211;0.331308;0.30681;0.990712 -0.04089 0.129682 -0.144971 0.0164074 0.982694 0.184508 -0.332091 -0.134982 -0.180667 0.974238 0.113914 0 0 0 1 
13001298760212;0.525518;0.318631;0.994729 -0.0029572 0.102495 -0.237139 -0.00193842 0.998863 0.0476317 -0.18407 -0.10252 -0.0475794 0.993592 0.0358699 0 0 0 1 
13001298760213;1.26584;0.638212;0.962353 -0.268085 0.0447992 -0.0903526 0.271435 0.956477 -0.107125 -0.949921 -0.0141309 0.115252 0.993236 1.0532 0 0 0 1 
13001298760214;1.19532;1.19893;0.980022 0.0796041 0.182264 -0.0147521 -0.0982454 0.990557 0.095632 0.336179 -0.17293 -0.111628 0.978588 0.3435 0 0 0 1 
13001298760215;0.473246;0.380779;0.997173 0.0661626 -0.0356202 0.259105 -0.0629721 0.994452 0.0842642 -0.114399 0.0409977 -0.0817829 0.995807 -0.309678 0 0 0 1 
13001298760217;0.222897;0.0756845;0.994334 -0.0871203 -0.0609116 -0.15671 0.089585 0.995216 0.0389714 -0.434537 0.057225 -0.0442073 0.997382 -0.226446 0 0 0 1 
13001298760218;0.56062;0.0215248;0.980364 0.0928236 0.173982 0.512359 -0.134175 0.960555 0.243579 0.0753099 -0.144509 -0.26214 0.954149 -0.159046 0 0 0 1 
13001298760219;1.35156;0.0529543;0.99481 -0.0995874 -0.0208457 -0.384192 0.099463 0.995017 -0.00692383 -0.105464 0.0214313 0.00481453 0.999759 0.839205 0 0 0 1 
13001298760220;0.477483;0.0282654;0.911586 -0.234755 0.337493 -0.3132 0.181874 0.966512 0.18104 -0.71327 -0.368692 -0.103653 0.923755 1.31125 0 0 0 1 
13001298760221;0.489369;0.0313438;0.952232 -0.140958 0.270896 -0.269198 0.0999825 0.982109 0.159581 -0.670158 -0.288543 -0.124873 0.949289 0.955493 0 0 0 1 
13001298760222;1.04527;0.0714861;0.998375 0.0421258 0.0383803 -0.244325 -0.0502387 0.968522 0.243806 -0.474576 -0.0269017 -0.245338 0.969064 -0.906728 0 0 0 1 
13001298760223;0.25956;0.0490736;0.972618 0.0936833 0.212693 0.149832 -0.109368 0.991991 0.0631924 0.372327 -0.20507 -0.084724 0.975073 0.491957 0 0 0 1 
13001298760224;0.137794;0.0452073;0.999349 -0.00326185 -0.0359311 0.0128762 0.00311466 0.999987 -0.00415154 -0.0108877 0.0359441 0.00403693 0.999346 -0.0201933 0 0 0 1 
13001298760225;1.05742;0.0480488;0.914414 -0.0237355 0.404084 -0.575507 0.0421413 0.998437 -0.0367155 -0.329906 -0.402581 0.0506018 0.913985 1.77867 0 0 0 1 
13001298760226;1.15936;0.036951;0.987241 0.159095 -0.00670875 -0.140938 -0.159189 0.987096 -0.017348 0.471132 0.00386221 0.0181946 0.999827 0.625262 0 0 0 1 
13001298760227;0.324156;0.0245775;0.941298 0.322155 -0.100862 1.22266 -0.332593 0.936188 -0.113732 1.14504 0.0577865 0.140602 0.988378 0.245316 0 0 0 1 
13001298760228;1.39459;0.0379999;0.934399 -0.13503 0.329644 -0.723451 0.240626 0.921597 -0.304563 -0.133951 -0.262674 0.363904 0.893631 1.78314 0 0 0 1 
13001298760229;0.664996;0.0509453;0.965171 -0.0502546 0.256747 -0.307347 -0.0228668 0.961416 0.274145 -0.0086876 -0.260617 -0.270468 0.926782 0.646971 0 0 0 1 
13001298760230;0.977712;0.230886;0.967909 -0.248054 0.0402776 -0.480928 0.241974 0.963194 0.11707 -1.25786 -0.0678348 -0.103567 0.992307 -0.544244 0 0 0 1 
13001298760231;0.367575;0.0232209;0.902647 0.355703 0.242289 1.18812 -0.361332 0.932169 -0.022367 1.14707 -0.233811 -0.0673575 0.969946 0.574582 0 0 0 1 
13001298760232;0.090517;0.0478924;0.998532 0.0122656 -0.0527658 0.098781 -0.0125166 0.999912 -0.00442905 0.05998 0.0527068 0.00508299 0.998597 -0.16846 0 0 0 1 
13001298760233;0.668099;0.179601;0.980299 -0.196848 -0.0162923 -0.0286001 0.197283 0.979829 0.0318482 -0.599052 0.0096944 -0.034435 0.99936 -0.0593203 0 0 0 1 
13001298760234;0.755306;0.0245284;0.993375 0.103848 -0.0492078 0.188466 -0.0946129 0.982128 0.162704 -0.0250962 0.0652248 -0.15697 0.985447 -0.207061 0 0 0 1 
13001298760235;0.973297;0.66298;0.999304 -0.0157337 -0.0338143 0.00959535 0.0170308 0.999117 0.0384209 -0.271763 0.03318 -0.0389701 0.998689 -0.429322 0 0 0 1 
13001298760236;0.97211;0.0487748;0.952556 -0.151958 -0.263716 0.130999 0.199663 0.96594 0.164601 -1.01757 0.229722 -0.209446 0.950453 -1.96488 0 0 0 1 
13001298760237;0.48343;0.120708;0.999714 0.00830974 0.0224235 -0.0100039 -0.00835291 0.999963 0.00183236 -0.215777 -0.0224074 -0.00201913 0.999747 -0.0973922 0 0 0 1 
13001298760238;0.245894;0.0189816;0.998014 0.0583032 -0.0238607 0.195629 -0.0599753 0.995249 -0.0766934 0.125729 0.0192759 0.0779722 0.996769 0.263923 0 0 0 1 
13001298760239;0.597612;0.0252576;0.938771 0.342461 -0.0378182 1.27892 -0.339459 0.938116 0.068596 0.992601 0.0589693 -0.0515582 0.996927 -0.695478 0 0 0 1 
13001298760240;0.379328;0.0555557;0.997766 -0.0664768 0.00660341 -0.176589 0.0660121 0.996285 0.0553122 -0.155894 -0.0102559 -0.0547527 0.998447 0.134529 0 0 0 1 
13001298760241;0.905295;0.110655;0.997481 -0.00698152 -0.0705897 0.594006 0.0160487 0.991552 0.128711 0.0944347 0.0690948 -0.12952 0.989167 -0.708985 0 0 0 1 
13001298760242;0.886526;0.116511;0.938076 -0.288223 0.192201 -0.930792 0.263926 0.95397 0.142423 -1.10877 -0.224404 -0.0828769 0.970966 0.163215 0 0 0 1 
13001298760243;0.836676;0.0395394;0.955436 0.234315 0.17955 0.903384 -0.216005 0.969502 -0.115789 0.473962 -0.201205 0.0718451 0.976911 0.49245 0 0 0 1 
13001298760244;1.22657;0.045817;0.993354 0.115102 -7.92654e-05 0.92918 -0.115102 0.993352 -0.00169435 0.592942 -0.000116286 0.00169221 0.999999 0.634776 0 0 0 1 
13001298760245;1.14759;0.998422;0.999991 0.00406196 0.000884846 -0.0236296 -0.00396764 0.996063 -0.088563 0.248769 -0.0012411 0.0885587 0.99607 0.0344626 0 0 0 1 
13001298760246;0.304771;0.0386759;0.944716 0.255326 -0.20572 1.02319 -0.262174 0.965 -0.00627292 0.887846 0.196918 0.0598607 0.978591 -0.675041 0 0 0 1 
13001298760248;0.0489943;0.372942;0.993636 -0.110753 -0.0205297 -0.464788 0.110977 0.993771 0.0101477 -0.604386 0.0192779 -0.0123615 0.999738 -0.132369 0 0 0 1 
13001298760249;0.420407;0.150606;0.998806 -0.0485671 -0.00533093 -0.329502 0.0486062 0.99879 0.00747142 -0.405251 0.00496162 -0.00772161 0.999958 -0.318044 0 0 0 1 
13001298760250;0.517589;0.41945;0.998466 -0.0278585 0.0478479 -0.214685 0.0247386 0.997604 0.0646022 -0.352878 -0.049533 -0.0633194 0.996763 0.302669 0 0 0 1 
13001298760251;0.918817;0.37486;0.992199 -0.123935 0.0134372 0.243215 0.122473 0.989211 0.0803861 -0.486453 -0.0232549 -0.0781134 0.996673 -0.460256 0 0 0 1 
13001298760252;0.624083;0.489811;0.995346 0.045811 -0.0847769 0.109147 -0.0475889 0.998685 -0.0190696 0.261255 0.0837918 0.0230153 0.996217 -0.205122 0 0 0 1 
13001298760253;0.848575;0.229127;0.986747 0.14558 0.0716717 0.74848 -0.153666 0.980245 0.124525 0.126919 -0.0521275 -0.133888 0.989625 0.334208 0 0 0 1 
13001298760254;0.316984;0.444306;0.993457 -0.11143 -0.0250252 -0.382013 0.10643 0.98279 -0.150984 -0.549278 0.0414186 0.147333 0.988219 0.379731 0 0 0 1 
13001298760255;0.292142;0.313457;0.965876 0.21677 -0.141751 0.635497 -0.211642 0.976042 0.0504896 0.358927 0.1493 -0.0187663 0.988614 -0.648951 0 0 0 1 
13001298760256;0.288912;0.341191;0.999447 -0.0301132 0.0140841 -0.166113 0.0303685 0.999372 -0.0182746 -0.505503 -0.0135249 0.0186923 0.999734 0.167889 0 0 0 1 
13001298760257;0.0896223;0.349175;0.996207 -0.0761691 0.0420653 -0.475116 0.0735856 0.995489 0.0598852 -0.440366 -0.046437 -0.0565627 0.997319 -0.0640876 0 0 0 1 
13001298760258;0.918056;0.892737;0.98505 -0.159279 0.0656314 -0.626188 0.156184 0.986467 0.0498907 -0.498974 -0.0726898 -0.0388942 0.996596 0.179765 0 0 0 1 
