#;prob_registration_l1 -r /home/probabilistic_point_clouds_registration/build/tester /home/point_clouds_registration_benchmark//devel/registration_pairs/box_met_local.txt /home/point_clouds_registration_benchmark//planetary/box_met -s 0.2 -t 0.2 -p 0.3 -r 1000 -m 1 -i 40 
id;initial_error;final_error;transformation
7680147070000;1.79635;1.7789;0.879301 0.168808 0.445347 -7.58025 -0.11277 0.982283 -0.149677 -5.05836 -0.462723 0.0813897 0.882759 -32.0127 0 0 0 1 
7680147070001;0.811107;1.67661;0.982458 0.165656 0.0856355 -4.51218 -0.142573 0.963246 -0.227664 -6.07903 -0.120202 0.211461 0.969967 -11.9769 0 0 0 1 
7680147070002;1.49386;1.60824;0.962526 -0.0251854 -0.270016 -3.21149 -0.0488616 0.963277 -0.264026 -1.29659 0.26675 0.267325 0.925949 8.79374 0 0 0 1 
7680147070003;0.946768;1.74453;0.990474 0.13713 -0.0125109 -4.29651 -0.136974 0.971873 -0.191576 -6.80366 -0.0141118 0.191465 0.981398 -3.65746 0 0 0 1 
7680147070004;1.43077;1.86242;0.998053 0.00954561 -0.0616291 -1.23509 -0.0171626 0.992099 -0.124275 -1.16465 0.0599559 0.125091 0.990332 0.887408 0 0 0 1 
7680147070005;0.312811;2.0052;0.991568 0.118737 0.0519003 -3.23919 -0.119718 0.992675 0.016217 -4.06415 -0.0495946 -0.0222937 0.998521 -3.38662 0 0 0 1 
7680147070006;1.56238;1.69325;0.998942 -0.0441764 -0.0127603 0.202193 0.0444001 0.998855 0.0178143 3.92378 0.0119588 -0.018362 0.99976 -1.44095 0 0 0 1 
7680147070007;1.77223;1.96363;0.963578 0.159922 0.214342 -4.48544 -0.207065 0.953375 0.219547 -7.67233 -0.169238 -0.255933 0.951765 -8.67193 0 0 0 1 
7680147070008;0.368314;2.09596;0.979053 0.188069 0.0780082 -5.02061 -0.188883 0.981995 0.0031233 -7.85216 -0.0760163 -0.0177923 0.996948 -4.86371 0 0 0 1 
7680147070009;2.02654;1.83644;0.996343 -0.0794907 0.0313248 -0.378855 0.0816433 0.993851 -0.0747932 6.3332 -0.0251868 0.0770771 0.996707 -6.36434 0 0 0 1 
7680147070010;1.67484;1.49376;0.991071 -0.0153828 -0.132444 -1.70538 0.0133491 0.999779 -0.0162297 2.09184 0.132665 0.0143167 0.991058 9.1832 0 0 0 1 
7680147070011;1.58383;2.07019;0.975133 0.0418352 0.217637 -1.83813 0.0353532 0.940083 -0.339109 2.71694 -0.218783 0.33837 0.915226 -18.0212 0 0 0 1 
7680147070012;1.55669;1.54882;0.995717 -0.011962 0.0916732 -1.91252 0.0303027 0.979043 -0.201385 3.06642 -0.0873431 0.203301 0.975213 -7.55628 0 0 0 1 
7680147070013;1.90796;1.76747;0.99445 0.105184 0.00250017 -3.24867 -0.10378 0.976713 0.187779 -3.07994 0.0173093 -0.186996 0.982208 0.971346 0 0 0 1 
7680147070014;1.7784;1.78005;0.991259 0.129632 -0.0245349 -4.04816 -0.131265 0.987725 -0.0846652 -5.07802 0.0132585 0.0871457 0.996107 -3.75811 0 0 0 1 
7680147070015;0.363704;2.0368;0.994306 -0.0629529 -0.0859788 -1.75857 0.0899999 0.928115 0.361251 11.0155 0.0570565 -0.366932 0.928496 8.85114 0 0 0 1 
7680147070016;0.265959;1.71532;0.998502 0.0510637 0.0196643 -2.19741 -0.0519415 0.99754 0.0470682 -0.458407 -0.0172125 -0.0480191 0.998698 -1.08748 0 0 0 1 
7680147070017;0.994504;1.75264;0.999413 0.0166837 -0.0299258 -1.87281 -0.0159389 0.999561 0.0249573 1.2973 0.0303291 -0.0244657 0.999241 0.387372 0 0 0 1 
7680147070018;1.14391;1.98958;0.916984 0.111817 -0.382932 -11.2863 -0.11245 0.993439 0.0208071 -3.32495 0.382746 0.023981 0.923542 21.2304 0 0 0 1 
7680147070019;1.59901;1.56017;0.999002 0.0414999 0.0165263 -1.01107 -0.0415131 0.999138 0.000460255 0.813729 -0.016493 -0.00114586 0.999863 -1.21084 0 0 0 1 
7680147070020;1.99055;2.21754;0.976546 0.0154541 0.214752 -3.69645 -0.039736 0.993223 0.109217 1.61719 -0.211609 -0.115189 0.970543 -9.89516 0 0 0 1 
7680147070021;1.30849;1.93279;0.966046 -0.0289019 -0.25675 -4.75263 0.0808122 0.977665 0.19401 8.93708 0.245408 -0.208171 0.946805 15.9144 0 0 0 1 
7680147070022;0.490232;2.1566;0.997313 -0.0541917 0.0493 -0.745549 0.0519094 0.997571 0.0464533 5.63342 -0.0516976 -0.0437693 0.997703 -2.43879 0 0 0 1 
7680147070023;1.93092;1.41955;0.990247 0.132559 0.0428757 -3.37908 -0.124934 0.981094 -0.147804 -3.46876 -0.0616579 0.141006 0.988087 -5.91425 0 0 0 1 
7680147070024;2.01577;2.86277;0.988582 0.0723093 -0.132204 -3.34015 -0.0458517 0.980088 0.193196 0.691767 0.143542 -0.184928 0.972213 9.39981 0 0 0 1 
7680147070025;1.53658;1.69611;0.956007 -0.0975916 -0.276633 -2.99163 0.0580048 0.987307 -0.147849 3.57862 0.28755 0.125299 0.949534 11.871 0 0 0 1 
7680147070026;1.23157;1.95174;0.98795 0.146166 0.0508869 -3.95329 -0.149947 0.985389 0.080772 -4.84242 -0.0383373 -0.0874291 0.995433 0.0532467 0 0 0 1 
7680147070027;1.05263;1.75388;0.941255 0.0295161 0.336404 -4.23896 -0.0850579 0.984777 0.151587 -1.71959 -0.326809 -0.171296 0.929437 -17.2085 0 0 0 1 
7680147070028;0.137424;1.61561;0.999488 0.0278526 0.0157592 -1.62939 -0.0280234 0.99955 0.010722 0.209409 -0.0154535 -0.0111582 0.999818 -1.17574 0 0 0 1 
7680147070029;1.81513;1.34634;0.997957 -0.00392113 -0.0637658 -2.53997 0.00219467 0.99963 -0.0271225 3.89207 0.0638485 0.0269271 0.997596 3.25721 0 0 0 1 
7680147070031;0.429088;0.294169;0.971046 -0.0428508 -0.235016 -0.842326 0.0461019 0.998902 0.00835413 0.506325 0.2344 -0.018947 0.971955 2.10916 0 0 0 1 
7680147070032;0.91489;0.857384;0.996436 0.0125429 0.0834101 0.0299889 -0.0205256 0.995213 0.0955474 0.478759 -0.0818124 -0.0969189 0.991924 1.04305 0 0 0 1 
7680147070033;0.415478;0.271904;0.980679 0.0337465 0.192692 -0.0327543 0.0249241 0.955427 -0.294173 -0.406585 -0.194031 0.293292 0.936126 -9.03035 0 0 0 1 
7680147070034;0.600344;0.460023;0.982718 -0.061384 -0.174634 -0.162228 0.0316007 0.9852 -0.168472 -0.234815 0.182391 0.160042 0.970113 -1.23102 0 0 0 1 
7680147070035;0.44843;0.339146;0.997187 0.0258197 0.0703603 -0.405834 -0.0400749 0.977 0.209441 1.05386 -0.0633342 -0.211672 0.975287 3.20664 0 0 0 1 
7680147070036;0.879785;0.0346628;0.999782 -0.0072569 -0.019555 -1.72987 0.00680149 0.999706 -0.0232553 0.669685 0.0197181 0.0231172 0.999538 -0.689197 0 0 0 1 
7680147070037;0.82527;0.191216;0.999854 0.00628903 0.0158579 -0.258035 -0.0068387 0.999369 0.0348493 0.574812 -0.0156287 -0.0349527 0.999267 2.28954 0 0 0 1 
7680147070038;0.802274;0.341995;0.978573 0.0233254 0.204573 -0.125567 -0.0821028 0.95536 0.283808 2.36426 -0.188821 -0.294523 0.936805 4.86184 0 0 0 1 
7680147070039;1.33952;0.358316;0.998117 0.0611613 -0.00469367 -3.81003 -0.0609822 0.997633 0.0317777 -0.130351 0.00662613 -0.0314316 0.999484 1.71557 0 0 0 1 
7680147070040;0.158831;0.132884;0.999459 -0.011457 -0.0308411 -0.0608094 0.00797101 0.993803 -0.11087 -0.368944 0.0319202 0.110564 0.993356 -2.05205 0 0 0 1 
7680147070041;1.36617;0.276627;0.999544 0.00308419 0.0300251 -0.278739 -0.00440463 0.999021 0.0440116 0.0191111 -0.02986 -0.0441238 0.99858 -2.17574 0 0 0 1 
7680147070042;0.46675;0.322708;0.997203 0.00733691 0.0743823 0.0937098 0.00765284 0.979918 -0.199255 -0.627525 -0.0743505 0.199266 0.977121 -5.75078 0 0 0 1 
7680147070043;1.14629;0.987439;0.96523 0.0635799 0.253551 -0.408255 -0.00466879 0.974008 -0.226467 -0.739477 -0.26136 0.217409 0.940439 -7.34605 0 0 0 1 
7680147070044;0.702038;0.106883;0.999099 -0.00392792 -0.0422691 -0.402531 0.0073848 0.99661 0.0819402 0.907791 0.041804 -0.0821785 0.99574 3.60104 0 0 0 1 
7680147070045;0.887978;0.53294;0.99955 -0.0154713 0.0256989 -0.113909 0.0154213 0.999879 0.00214124 0.589427 -0.025729 -0.00174397 0.999667 -1.42837 0 0 0 1 
7680147070046;0.520495;0.305843;0.99583 0.00954838 0.0907298 0.161689 0.00610552 0.985303 -0.170706 -0.625627 -0.0910263 0.170548 0.981136 -5.64337 0 0 0 1 
7680147070047;1.3778;0.452083;0.993691 0.0752695 -0.0831478 -4.30477 -0.0479965 0.955427 0.2913 2.57472 0.101368 -0.285471 0.953012 8.40301 0 0 0 1 
7680147070048;1.12108;1.06585;0.999991 -0.00392763 -0.00156741 0.0983263 0.00385849 0.999114 -0.0419102 -0.177897 0.00173063 0.0419038 0.99912 -0.586268 0 0 0 1 
7680147070049;0.932757;0.408237;0.996658 -0.0418201 -0.0701693 -0.521976 0.0317879 0.98986 -0.138442 0.577319 0.0752475 0.135749 0.987882 -0.795298 0 0 0 1 
7680147070050;1.2993;0.256045;0.952238 -0.030259 -0.303855 -3.61876 -0.00376414 0.993839 -0.110767 -0.226274 0.305334 0.10662 0.946257 0.314625 0 0 0 1 
7680147070051;0.92457;0.470772;0.997664 0.0190255 0.0656079 -0.216876 -0.0354132 0.965342 0.258573 1.32479 -0.0584146 -0.260292 0.963761 3.14369 0 0 0 1 
7680147070052;0.840224;0.662067;0.963425 -0.0268056 -0.266633 -1.58921 0.0705864 0.985232 0.156001 2.35806 0.258513 -0.169116 0.951089 7.09231 0 0 0 1 
7680147070053;0.82655;0.417456;0.999996 0.00228669 0.00166116 -0.211334 -0.00227288 0.999963 -0.00826927 0.208897 -0.00168001 0.00826546 0.999964 1.23764 0 0 0 1 
7680147070054;0.270576;0.212969;0.998727 0.0266955 0.0428017 -0.645731 -0.0290341 0.998065 0.0549821 -0.0209283 -0.0412512 -0.0561548 0.99757 0.815406 0 0 0 1 
7680147070055;0.73698;0.319919;0.98375 -0.113994 -0.138715 1.15526 0.0438414 0.901717 -0.430098 0.343594 0.17411 0.417027 0.892062 -6.73926 0 0 0 1 
7680147070056;0.896614;0.177052;0.999193 -0.0189971 -0.0354004 0.198924 0.0183727 0.999671 -0.0178801 -0.124405 0.0357284 0.0172152 0.999213 -1.95921 0 0 0 1 
7680147070057;0.403726;0.184174;0.998549 0.0199621 0.0500137 -1.08495 -0.0181147 0.999147 -0.0371222 -0.0521075 -0.050712 0.0361623 0.998058 -1.25129 0 0 0 1 
7680147070058;0.771956;0.235719;0.994097 0.0201079 0.106616 -0.280639 -0.00261294 0.986828 -0.161753 -0.609679 -0.108464 0.16052 0.981055 -6.10646 0 0 0 1 
7680147070059;0.054331;0.0620242;0.999902 0.00357088 0.0135634 -0.0639821 -0.00352136 0.999987 -0.0036734 -0.0792564 -0.0135764 0.00362528 0.999901 -0.327797 0 0 0 1 
7680147070060;0.252286;0.110443;0.999661 0.0240399 0.0100204 -0.693495 -0.025881 0.959981 0.278866 2.05108 -0.00291548 -0.27903 0.960278 5.50226 0 0 0 1 
7680147070062;0.694613;1.94992;0.996821 0.0329255 0.0725494 1.42953 -0.035223 0.99891 0.0306198 -1.48895 -0.0714622 -0.0330779 0.996895 -1.36681 0 0 0 1 
7680147070063;0.642429;1.27102;0.999643 -0.0238451 -0.0120633 1.65478 0.0238151 0.999713 -0.00262428 -0.354189 0.0121224 0.00233605 0.999924 -0.142533 0 0 0 1 
7680147070064;1.73702;1.73822;0.998279 -0.0392667 -0.0435497 0.698063 0.029112 0.976574 -0.213203 -0.556745 0.0509013 0.211568 0.976037 -3.53564 0 0 0 1 
7680147070065;2.03958;2.14884;0.983678 -0.0127774 -0.179482 -1.00906 0.0391034 0.988817 0.143918 1.78432 0.175635 -0.148588 0.973177 6.08884 0 0 0 1 
7680147070066;1.4044;1.61758;0.996514 0.00694543 0.0831347 0.577608 0.00474578 0.990195 -0.139612 -0.597724 -0.0832892 0.139519 0.98671 -4.29496 0 0 0 1 
7680147070067;2.44929;1.19105;0.997519 -0.0488245 -0.0507163 2.01518 0.0494715 0.998708 0.0115789 0.195564 0.0500855 -0.0140591 0.998646 -1.12218 0 0 0 1 
7680147070068;0.72785;1.33186;0.998326 -0.0125385 -0.0564695 1.2615 0.010171 0.999065 -0.0420189 -0.583157 0.0569436 0.0413742 0.99752 1.62929 0 0 0 1 
7680147070069;0.403431;1.15838;0.997049 -0.0207827 0.0739068 1.871 0.0500345 0.906044 -0.420216 -0.150697 -0.0582295 0.422673 0.90441 -9.1775 0 0 0 1 
7680147070070;2.46104;2.23191;0.931381 -0.0893149 -0.35292 -0.418133 0.010163 0.975438 -0.220037 -1.56569 0.363904 0.201352 0.909413 3.32153 0 0 0 1 
7680147070071;1.40642;1.21579;0.941677 0.0531748 0.332291 0.865658 -0.09463 0.989435 0.109837 -1.66477 -0.32294 -0.134876 0.936759 -7.13951 0 0 0 1 
7680147070072;0.468235;1.15874;0.9982 -0.0079564 -0.0594378 0.938212 0.00724894 0.9999 -0.0121087 -0.173683 0.0595282 0.011656 0.998159 0.993854 0 0 0 1 
7680147070073;0.953779;1.20879;0.993454 0.00937436 0.113845 1.43835 0.0137903 0.979495 -0.200995 -0.790908 -0.113395 0.201249 0.972955 -5.45991 0 0 0 1 
7680147070074;0.189263;1.03632;0.999592 -0.0273391 -0.00824663 1.54526 0.0254686 0.984147 -0.175518 -0.604936 0.0129144 0.175236 0.984442 -2.77065 0 0 0 1 
7680147070075;2.44638;1.46476;0.968284 -0.107881 -0.225361 2.83269 0.0351575 0.951835 -0.304588 -1.16146 0.247365 0.287005 0.92544 1.24954 0 0 0 1 
7680147070076;2.31741;1.92622;0.996902 -0.00495987 -0.0784988 1.58229 0.0021505 0.999355 -0.0358329 -0.681053 0.0786259 0.0355531 0.99627 3.43291 0 0 0 1 
7680147070077;2.21484;1.23427;0.99802 -0.0619875 0.0106536 3.84964 0.0627816 0.992031 -0.109238 0.214336 -0.00379725 0.109691 0.993958 0.0668447 0 0 0 1 
7680147070078;0.226189;1.05568;0.993817 0.0315962 -0.106438 -0.168007 0.00532453 0.943987 0.32994 2.53509 0.110901 -0.328467 0.937982 8.00218 0 0 0 1 
7680147070079;1.94297;1.92772;0.992845 0.0160566 0.118328 0.629057 0.0128469 0.970805 -0.239527 -0.628938 -0.11872 0.239333 0.963652 -7.56321 0 0 0 1 
7680147070080;2.14298;1.52839;0.998673 -0.0508184 0.00839386 1.60578 0.0514775 0.979249 -0.196016 -0.0205607 0.00174154 0.196188 0.980565 -0.827026 0 0 0 1 
7680147070081;1.69906;1.46824;0.997789 0.00504484 0.0662682 2.41185 0.00331895 0.992088 -0.125498 -1.3425 -0.066377 0.125441 0.989878 -2.32579 0 0 0 1 
7680147070082;2.0972;1.60409;0.961626 -0.111114 -0.250857 0.621367 0.0387928 0.960202 -0.276601 -0.369025 0.271608 0.256255 0.927665 3.62913 0 0 0 1 
7680147070083;0.59076;0.768761;0.999168 -0.0156041 0.0376698 1.06355 0.0270828 0.944614 -0.327064 -0.545119 -0.0304799 0.327812 0.944251 -6.92706 0 0 0 1 
7680147070084;0.946739;1.3673;0.998266 -0.0579588 -0.0102361 2.83711 0.0580988 0.998213 0.0139563 0.381996 0.00940895 -0.0145268 0.99985 1.4046 0 0 0 1 
7680147070085;1.67199;1.48815;0.964292 -0.00937642 -0.264676 -0.321106 0.0992746 0.939304 0.328411 5.13017 0.245532 -0.342959 0.906694 12.7779 0 0 0 1 
7680147070086;1.58068;1.50391;0.999913 0.00350594 -0.01272 1.14715 -0.00326295 0.999813 0.019074 -0.917406 0.0127844 -0.0190309 0.999737 -1.00384 0 0 0 1 
7680147070087;0.945675;1.72997;0.994231 -0.034148 -0.101679 1.21405 0.0123011 0.978014 -0.208177 -1.20048 0.106552 0.205725 0.972792 -1.33894 0 0 0 1 
7680147070088;1.00125;2.23149;0.981497 0.0147805 0.190905 2.61639 -0.0105235 0.999673 -0.0232939 -1.56242 -0.191187 0.020854 0.981332 -5.28799 0 0 0 1 
7680147070089;1.42162;0.880531;0.997662 -0.00964708 0.0676515 1.35399 0.0078875 0.999625 0.0262284 -0.246729 -0.0678791 -0.0256335 0.997364 0.216225 0 0 0 1 
7680147070090;0.678915;1.03911;0.998902 -0.029428 -0.0364557 1.61399 0.030629 0.998991 0.0328355 0.564179 0.0354526 -0.033916 0.998796 1.23384 0 0 0 1 
7680147070091;1.30647;1.57934;0.989006 -0.0584155 -0.135852 0.315396 0.0436577 0.993063 -0.109182 0.502075 0.141287 0.102051 0.984695 1.63697 0 0 0 1 
7680147070093;0.528987;0.446794;0.994798 -0.0176442 -0.10033 -0.743735 0.0232875 0.998195 0.0553567 2.0167 0.0991727 -0.0574052 0.993413 7.98903 0 0 0 1 
7680147070094;0.750267;0.677929;0.974495 -0.0286646 -0.222572 -2.76443 0.0563055 0.991314 0.118855 5.01779 0.217232 -0.128356 0.967644 17.9693 0 0 0 1 
7680147070095;1.32662;1.23676;0.996081 0.0481288 0.0741999 -1.06444 -0.0261961 0.961872 -0.272241 -3.17741 -0.0844735 0.269231 0.959364 -12.9964 0 0 0 1 
7680147070096;1.72861;0.234797;0.999731 0.00746972 0.0219646 0.0421178 -0.00640497 0.998819 -0.0481528 -0.520897 -0.0222984 0.0479992 0.998598 0.325354 0 0 0 1 
7680147070097;1.58172;1.58338;0.99685 -0.0141317 -0.0780358 -0.466608 0.0190132 0.997884 0.06217 1.87857 0.0769922 -0.0634579 0.99501 7.16038 0 0 0 1 
7680147070098;0.811119;0.598161;0.978744 -0.0362993 -0.201848 -2.19535 0.0143303 0.993911 -0.109253 0.356658 0.204585 0.104038 0.973304 12.849 0 0 0 1 
7680147070099;0.734807;0.558734;0.999967 0.00235706 0.00773269 -0.0345967 -0.0023076 0.999977 -0.00639904 -0.391243 -0.0077476 0.00638098 0.99995 -1.27323 0 0 0 1 
7680147070100;0.613699;0.12571;0.937749 0.0668219 0.340826 -3.69553 -0.0473673 0.996754 -0.0650958 -3.8774 -0.34407 0.0448995 0.93787 -26.6826 0 0 0 1 
7680147070101;0.463274;0.380807;0.998738 -0.00296748 -0.0501392 -0.382442 -0.00315596 0.992573 -0.12161 -1.04147 0.0501277 0.121614 0.991311 0.388954 0 0 0 1 
7680147070102;1.71997;1.20234;0.991398 0.0510317 0.120521 -1.3531 -0.0282729 0.982614 -0.183494 -3.22581 -0.127789 0.178508 0.975605 -15.7271 0 0 0 1 
7680147070103;0.768405;0.400319;0.985375 0.0276367 0.168142 -0.309331 -0.0351321 0.99851 0.0417669 -1.96635 -0.166737 -0.0470632 0.984877 -9.61125 0 0 0 1 
7680147070104;1.11988;1.01289;0.99995 0.00315914 0.00945824 -0.0513943 -0.00262647 0.998438 -0.0558096 -0.735327 -0.00961977 0.055782 0.998397 -2.43436 0 0 0 1 
7680147070105;0.792054;0.530583;0.970164 0.0455925 0.238125 -1.63166 -0.0467903 0.998905 -0.00062284 -3.48778 -0.237893 -0.0105377 0.971234 -17.6883 0 0 0 1 
7680147070106;0.562855;0.315303;0.998243 -0.00404346 -0.0591163 -0.492779 0.000446168 0.998154 -0.060738 -0.242952 0.0592528 0.0606049 0.996402 3.63831 0 0 0 1 
7680147070107;0.610731;0.409145;0.999986 -0.00523918 0.00033397 0.0820217 0.00515058 0.991407 0.130714 1.65097 -0.00101593 -0.13071 0.99142 3.7495 0 0 0 1 
7680147070108;1.42716;1.13144;0.999091 -0.000307334 -0.0426277 -0.437797 -0.00179414 0.998785 -0.0492514 -0.542461 0.0425911 0.0492831 0.997876 0.670316 0 0 0 1 
7680147070109;0.474796;0.230108;0.90184 0.024885 0.431353 -4.51329 -0.08832 0.987878 0.127662 -5.15521 -0.422947 -0.153227 0.893106 -27.6753 0 0 0 1 
7680147070110;0.941477;0.8739;0.999984 0.000841052 0.00556232 0.0155135 -0.000446629 0.997509 -0.0705345 -0.616203 -0.00560779 0.0705309 0.997494 -2.35922 0 0 0 1 
7680147070111;1.47967;1.28886;0.999989 0.00157617 0.00450494 0.0118914 -0.00148923 0.999814 -0.019238 -0.0685045 -0.00453442 0.019231 0.999805 0.586499 0 0 0 1 
7680147070112;1.75011;1.29535;0.994524 -0.0102183 -0.104006 -1.06268 0.0453731 0.938737 0.341635 6.45172 0.0941438 -0.344484 0.93406 12.7188 0 0 0 1 
7680147070113;1.0332;1.01095;0.997728 0.0124321 0.066218 0.0409274 -0.00840341 0.998116 -0.0607744 -0.960466 -0.0668488 0.0600798 0.995953 -5.72081 0 0 0 1 
7680147070114;0.426388;0.178084;0.983159 -0.0289674 0.18044 0.786146 -0.0433435 0.922225 0.384216 1.75387 -0.177536 -0.385567 0.905439 -3.73193 0 0 0 1 
7680147070115;1.70185;1.66378;0.993535 -0.00910926 -0.113157 -1.11476 -0.0336503 0.928347 -0.370189 -3.55187 0.108421 0.371604 0.922039 -2.08068 0 0 0 1 
7680147070116;1.08478;0.395278;0.99796 0.0531222 0.035421 -1.44028 -0.0374431 0.936282 -0.349247 -3.75413 -0.0517168 0.347208 0.936361 -13.6578 0 0 0 1 
7680147070117;0.562653;0.54879;0.99732 0.00627389 0.0728971 0.211479 -0.013645 0.994786 0.101064 -0.0771781 -0.071883 -0.101788 0.992206 -2.64135 0 0 0 1 
7680147070118;0.421204;0.422387;0.991422 -0.0234428 -0.128581 -1.01561 0.0103184 0.994751 -0.101802 0.0762411 0.130292 0.0996022 0.98646 7.02847 0 0 0 1 
7680147070119;1.56631;0.328821;0.998285 0.0100912 0.0576632 -0.275661 -0.00658768 0.998139 -0.0606286 -1.25835 -0.0581676 0.0601448 0.996493 -8.03132 0 0 0 1 
7680147070120;0.829004;0.574457;0.999641 0.0129123 -0.0234916 -0.583303 -0.0164867 0.987146 -0.158968 -2.145 0.021137 0.159298 0.987004 -1.41173 0 0 0 1 
7680147070121;0.0967963;0.0778557;0.997759 0.00638765 0.0666102 0.182806 -0.00888694 0.999265 0.0372926 -0.3825 -0.066323 -0.037801 0.997082 -3.69115 0 0 0 1 
7680147070122;0.194803;0.205627;0.999443 -0.00739616 -0.0325508 -0.110344 0.00611662 0.999211 -0.0392345 0.182932 0.0328153 0.0390135 0.9987 1.60881 0 0 0 1 
7680147070124;1.64617;0.198661;0.997077 0.0248845 0.0722321 -0.0658861 -0.0144663 0.989858 -0.141323 -1.4686 -0.0750163 0.139865 0.987325 -6.51395 0 0 0 1 
7680147070125;1.40625;0.580899;0.999938 0.00546357 0.00973273 -0.0558946 -0.00551554 0.999971 0.00532068 -0.515481 -0.00970337 -0.00537403 0.999938 -2.42644 0 0 0 1 
7680147070126;1.2267;0.802284;0.998376 -0.0103252 -0.0560304 -0.611927 0.0114583 0.999736 0.0199401 1.21939 0.0558097 -0.0205498 0.99823 3.97657 0 0 0 1 
7680147070127;1.9725;1.33526;0.986092 -0.0416759 -0.16089 -1.41052 0.0218673 0.992168 -0.122981 1.11563 0.164755 0.117752 0.97928 9.27504 0 0 0 1 
7680147070128;1.62499;0.463654;0.964694 -0.0417127 -0.26005 -2.93122 0.0446056 0.998991 0.00523027 2.76206 0.25957 -0.0166453 0.965581 14.4231 0 0 0 1 
7680147070129;0.486275;0.358373;0.998514 -0.0087183 -0.0537877 -0.311825 0.00627185 0.998945 -0.0454858 0.395822 0.0541275 0.0450809 0.997516 4.00025 0 0 0 1 
7680147070130;1.63305;0.562826;0.997593 0.00659344 0.0690253 0.15888 -0.0142208 0.993763 0.1106 0.111635 -0.0678655 -0.111316 0.991465 -2.99455 0 0 0 1 
7680147070131;2.14793;1.21163;0.937893 0.0992054 0.332439 -3.03638 -0.0138565 0.96819 -0.249832 -1.58144 -0.346649 0.229709 0.909433 -23.7237 0 0 0 1 
7680147070132;1.4581;0.69625;0.995267 -0.019534 -0.0951993 -0.579176 0.0192682 0.999807 -0.00371087 1.09557 0.0952535 0.00185899 0.995451 4.25035 0 0 0 1 
7680147070133;1.07349;1.05196;0.999118 -0.00604188 -0.0415624 -0.239958 0.00580995 0.999967 -0.0056988 0.380743 0.0415955 0.00545229 0.99912 2.86779 0 0 0 1 
7680147070134;1.69636;0.637487;0.992242 -0.024509 -0.121881 -1.13474 0.00899682 0.99196 -0.12623 0.530797 0.123995 0.124154 0.984485 10.4618 0 0 0 1 
7680147070135;0.51747;0.156197;0.93552 -0.0583318 -0.348426 -5.21365 0.0606438 0.99815 -0.00427758 3.87222 0.348031 -0.0171281 0.937327 21.4001 0 0 0 1 
7680147070136;0.646267;0.405348;0.911721 -0.0985941 -0.398802 -7.46191 0.0487125 0.98987 -0.133357 2.99761 0.407911 0.102158 0.907289 26.9995 0 0 0 1 
7680147070137;2.04694;1.19638;0.991873 -0.01602 -0.126223 -1.17404 0.0347207 0.98847 0.147385 3.24948 0.122406 -0.150569 0.980992 9.32404 0 0 0 1 
7680147070138;0.720049;0.457398;0.999056 -0.00987735 -0.0423032 -0.209413 0.00556975 0.994895 -0.100759 0.109043 0.0430825 0.100429 0.994011 2.50586 0 0 0 1 
7680147070139;1.74647;0.390439;0.999764 0.0080154 0.0201917 0.00142291 -0.00750369 0.999652 -0.0252922 -0.895162 -0.0203874 0.0251347 0.999476 -3.55859 0 0 0 1 
7680147070140;0.663015;0.618872;0.999982 -0.00109011 -0.00597485 -0.0589335 0.000595351 0.996616 -0.0821922 -0.163801 0.00604423 0.0821871 0.996599 0.23205 0 0 0 1 
7680147070141;0.53013;0.507133;0.999995 0.000938154 -0.002914 0.0192174 -0.000966831 0.999951 -0.00985551 -0.100718 0.00290461 0.00985828 0.999947 0.25765 0 0 0 1 
7680147070142;1.96977;0.807621;0.978717 -0.0522253 -0.198456 -3.20075 0.00963878 0.977706 -0.209756 0.738762 0.204986 0.203379 0.957401 15.2791 0 0 0 1 
7680147070143;0.856847;0.710528;0.986565 0.0140218 0.162769 -0.528937 -0.0416612 0.984963 0.167664 -2.15272 -0.157971 -0.172193 0.972314 -10.9923 0 0 0 1 
7680147070144;1.63732;1.50106;0.99738 0.0133754 0.071088 0.199148 -0.0143297 0.999814 0.0129318 -1.02748 -0.0709018 -0.0139166 0.997386 -5.77564 0 0 0 1 
7680147070145;0.140484;0.0821911;0.999925 -0.00458417 -0.0113734 -0.0778543 0.00451664 0.999972 -0.00595555 0.293951 0.0114004 0.00590374 0.999918 0.847802 0 0 0 1 
7680147070146;1.19743;0.695691;0.995942 -0.0280853 -0.085501 -0.86529 0.0303147 0.99923 0.0248884 2.18696 0.0847362 -0.0273793 0.996027 4.18819 0 0 0 1 
7680147070147;0.293378;0.313795;0.998457 0.0136964 0.053821 0.107464 -0.00858578 0.995529 -0.0940641 -0.765814 -0.0548687 0.0934568 0.99411 -3.1972 0 0 0 1 
7680147070148;2.08491;1.03906;0.99321 -0.0159181 -0.115241 -0.926427 0.0358737 0.984228 0.17323 3.43829 0.110666 -0.176188 0.978116 8.61014 0 0 0 1 
7680147070149;2.16398;1.99207;0.985751 -0.0375317 -0.163972 -1.56935 0.0103981 0.986522 -0.163296 0.458811 0.16789 0.159264 0.972855 11.2859 0 0 0 1 
7680147070150;0.570326;0.612032;0.999756 -0.00389493 0.0217488 -0.104949 0.0127592 0.905397 -0.424373 -0.501594 -0.0180384 0.424547 0.905226 0.42228 0 0 0 1 
7680147070151;0.700204;0.575007;0.993815 -0.0219136 -0.108865 -0.888218 0.0242149 0.999509 0.0198627 1.78116 0.108376 -0.022376 0.993858 6.72626 0 0 0 1 
7680147070152;0.196422;0.12579;0.999268 -0.00634615 -0.0377153 -0.195034 0.00585156 0.999896 -0.0132097 0.342167 0.0377952 0.0129794 0.999201 2.61935 0 0 0 1 
7680147070153;0.328459;0.310942;0.999017 -0.0136785 -0.0421553 -0.354912 0.000494362 0.95456 -0.298019 -0.874394 0.0443162 0.297705 0.953629 4.05756 0 0 0 1 
7680147070155;0.140686;0.934893;0.999495 -0.0315708 -0.00358552 1.2454 0.0315163 0.9994 -0.0143529 3.78188 0.0040365 0.0142327 0.999891 0.260589 0 0 0 1 
7680147070156;0.73666;0.862166;0.999875 -0.00660888 -0.0143692 1.90303 0.00630052 0.999751 -0.0214001 0.781039 0.014507 0.0213069 0.999668 1.63314 0 0 0 1 
7680147070157;1.89722;1.60465;0.998831 -0.0144259 -0.0461385 0.295961 0.0170386 0.998243 0.0567447 2.63724 0.0452388 -0.0574645 0.997322 6.75797 0 0 0 1 
7680147070158;1.79956;1.79274;0.997819 -0.0601079 -0.027296 0.979292 0.0545382 0.983553 -0.172189 6.00917 0.037197 0.170325 0.984686 5.31177 0 0 0 1 
7680147070159;1.65931;1.48801;0.999605 -0.00200938 -0.0280247 0.123029 0.00144401 0.999795 -0.0201797 0.107638 0.0280595 0.0201312 0.999404 1.54766 0 0 0 1 
7680147070160;0.0621527;0.693775;0.999674 0.0136538 -0.0215558 0.940141 -0.0139953 0.999778 -0.0157721 -1.17304 0.0213357 0.0160687 0.999643 2.36342 0 0 0 1 
7680147070161;0.430207;1.13208;0.99721 -0.0681122 -0.0305454 1.31341 0.0663804 0.996304 -0.0545161 7.48825 0.0341457 0.0523364 0.998046 3.90984 0 0 0 1 
7680147070162;0.473536;0.787234;0.964313 0.0630617 0.257144 -1.86735 -0.0693042 0.997479 0.0152767 -7.10102 -0.255532 -0.0325527 0.966252 -28.6651 0 0 0 1 
7680147070163;0.736349;0.81116;0.989 0.0126597 0.147375 -0.387274 -0.0346954 0.988389 0.147929 -3.24009 -0.143791 -0.151415 0.977956 -15.9321 0 0 0 1 
7680147070164;0.540732;1.3463;0.997251 -0.0685206 -0.0281922 1.25567 0.0635268 0.986547 -0.150629 6.86982 0.0381341 0.148424 0.988188 5.21518 0 0 0 1 
7680147070165;1.76832;0.767735;0.999967 0.00194031 -0.0078814 0.871859 -0.00210801 0.99977 -0.0213261 0.0652758 0.00783821 0.021342 0.999742 3.57286 0 0 0 1 
7680147070166;0.877488;0.739267;0.99704 0.00849341 -0.0764115 0.748807 0.00285472 0.989104 0.147192 0.793084 0.0768291 -0.146974 0.986152 6.30876 0 0 0 1 
7680147070167;0.355143;1.0954;0.997405 -0.059742 -0.0401781 0.897904 0.0590266 0.99808 -0.0187624 6.83041 0.0412218 0.0163421 0.999016 4.81504 0 0 0 1 
7680147070168;0.458362;0.863807;0.99859 -0.0231469 0.0477625 1.52613 0.0176954 0.9936 0.111558 2.73816 -0.050039 -0.110556 0.992609 -6.35276 0 0 0 1 
7680147070169;1.52541;1.10163;0.964772 -0.0772771 -0.251483 -1.71006 0.0975875 0.992811 0.069301 11.1936 0.24432 -0.0914013 0.965377 25.0261 0 0 0 1 
7680147070170;1.71122;1.70382;0.995836 0.0131165 0.0902169 0.0606894 -0.00884105 0.998826 -0.0476282 -1.00325 -0.0907357 0.0466323 0.994783 -9.0203 0 0 0 1 
7680147070171;1.73488;0.714036;0.995596 -0.0253786 -0.0902427 2.5269 0.00135966 0.966465 -0.256794 0.43825 0.0937335 0.255541 0.962244 9.97395 0 0 0 1 
7680147070172;1.09968;1.08382;0.999997 -0.00162169 0.00178426 2.06962 0.0016489 0.999881 -0.0153575 0.305804 -0.00175914 0.0153604 0.99988 -0.0827131 0 0 0 1 
7680147070173;0.591876;0.772424;0.96584 -0.0152386 -0.25869 -3.83601 0.0331237 0.997341 0.0649199 4.12388 0.257012 -0.071271 0.963776 28.0541 0 0 0 1 
7680147070174;1.36958;1.39342;0.997253 -0.0223186 0.0706238 0.769179 0.0325464 0.988576 -0.147165 2.84868 -0.0665326 0.149059 0.986587 -8.23105 0 0 0 1 
7680147070175;0.533565;0.693849;0.999829 -0.00248425 -0.0183338 1.03758 0.00222128 0.999895 -0.01435 0.823682 0.0183675 0.0143069 0.999729 2.50588 0 0 0 1 
7680147070176;0.79171;0.843088;0.990131 0.0338683 0.135992 0.649946 -0.0208423 0.995154 -0.0960908 -2.31523 -0.138588 0.0923081 0.986039 -14.1277 0 0 0 1 
7680147070177;1.74498;1.81255;0.954476 0.0606853 0.292049 -3.25323 -0.0362177 0.99542 -0.0884731 -4.13145 -0.29608 0.0738681 0.952303 -32.4359 0 0 0 1 
7680147070178;1.38005;1.33166;0.993812 -0.0148616 0.110072 0.330148 0.0269544 0.993654 -0.109204 2.67172 -0.107751 0.111495 0.987906 -12.8503 0 0 0 1 
7680147070179;1.66284;1.38173;0.997748 0.043689 0.0508932 2.01835 -0.0454346 0.9984 0.0336643 -4.56744 -0.049341 -0.0359008 0.998137 -4.52119 0 0 0 1 
7680147070180;1.25183;0.957361;0.975178 0.010273 -0.221182 -2.83108 0.0237343 0.988318 0.150547 2.80823 0.220144 -0.152059 0.963543 21.5891 0 0 0 1 
7680147070181;1.00094;0.93994;0.997384 0.0166318 0.0703434 0.756368 -0.0308425 0.978053 0.206062 -2.59324 -0.0653724 -0.207693 0.976007 -9.30035 0 0 0 1 
7680147070182;1.8528;1.03133;0.976601 0.0338612 0.212379 -0.425546 -0.0613141 0.990381 0.124042 -6.18509 -0.206136 -0.134161 0.969283 -25.9651 0 0 0 1 
7680147070183;0.963883;0.675153;0.987221 0.0337546 0.15574 1.15045 -0.0624401 0.981098 0.183161 -6.13093 -0.146614 -0.190545 0.970668 -17.8645 0 0 0 1 
7680147070184;0.147928;0.659512;0.999379 0.0148253 -0.0319688 0.921484 -0.0145027 0.999842 0.0102999 -1.14056 0.0321165 -0.00982983 0.999436 3.51621 0 0 0 1 
7680147070186;1.27351;2.40862;0.998766 0.0255528 0.0425813 2.59832 -0.0220388 0.996467 -0.0810422 -0.183901 -0.0445017 0.0800038 0.995801 -4.04471 0 0 0 1 
7680147070187;0.700101;2.2717;0.953093 0.0239572 0.301727 -1.31565 -0.0794625 0.981701 0.173058 -5.25969 -0.29206 -0.188917 0.937556 -31.4846 0 0 0 1 
7680147070188;1.39118;2.43656;0.998303 0.0344719 0.0469429 1.87521 -0.0354504 0.999168 0.0201731 -1.35764 -0.0462084 -0.021803 0.998694 -7.12235 0 0 0 1 
7680147070189;1.30828;2.56377;0.956451 -0.0399906 -0.289142 -2.15909 0.137756 0.93516 0.326342 20.7567 0.257343 -0.351961 0.899943 29.8922 0 0 0 1 
7680147070190;1.12112;2.45039;0.995019 0.00601956 0.0995044 2.19637 -0.0385701 0.94368 0.328603 0.393651 -0.0919223 -0.330804 0.939212 -9.14338 0 0 0 1 
7680147070191;1.94775;2.40571;0.995599 -0.0577465 -0.0738166 4.05709 0.0707369 0.979684 0.187657 12.4184 0.0614805 -0.192053 0.979457 7.43664 0 0 0 1 
7680147070192;1.68036;3.00003;0.985396 -0.0575484 0.16026 2.65685 0.0622656 0.997757 -0.0245657 9.784 -0.158487 0.0341857 0.986769 -17.4403 0 0 0 1 
7680147070193;1.11849;2.36468;0.998 -0.0267762 0.0572648 3.19698 0.0416223 0.960129 -0.276443 6.80417 -0.0475795 0.278274 0.959323 -6.72664 0 0 0 1 
7680147070194;0.766853;2.60509;0.999844 -0.00972631 0.0147652 2.15529 0.00961761 0.999926 0.00741494 3.33191 -0.0148362 -0.00727177 0.999863 -2.23491 0 0 0 1 
7680147070195;0.416426;2.40293;0.997456 0.0287711 0.0652249 2.30781 -0.0229034 0.995769 -0.0889883 0.0764053 -0.0675093 0.087268 0.993895 -8.69869 0 0 0 1 
7680147070196;0.748225;2.5256;0.999676 -0.0125133 0.022175 2.0996 0.0109542 0.997551 0.0690869 3.66734 -0.0229852 -0.0688216 0.997364 -1.94996 0 0 0 1 
7680147070197;0.500793;2.49104;0.99884 0.0394883 0.0275525 2.10715 -0.0322694 0.973677 -0.225636 -1.24603 -0.0357372 0.224485 0.973822 -5.94741 0 0 0 1 
7680147070198;0.104802;2.27519;0.999463 -0.0324433 0.0046645 2.64119 0.0319155 0.995703 0.0869288 6.50075 -0.00746471 -0.0867332 0.996204 -0.328431 0 0 0 1 
7680147070199;1.797;2.43187;0.982396 0.0529914 0.179137 0.629331 -0.043602 0.997481 -0.0559544 -2.88063 -0.181651 0.0471586 0.982232 -23.103 0 0 0 1 
7680147070200;0.574851;2.3149;0.999343 0.0277027 -0.0233836 2.03941 -0.0263779 0.998128 0.0551791 -0.0704316 0.0248684 -0.054526 0.998203 2.42308 0 0 0 1 
7680147070201;1.66238;2.78563;0.968477 -0.0773954 -0.236773 -1.89366 0.0732709 0.996968 -0.0261835 9.35563 0.238082 0.00800962 0.971212 25.2844 0 0 0 1 
7680147070202;0.856075;2.75574;0.999775 0.0066641 0.0201235 2.25396 -0.00991726 0.986047 0.166169 2.05037 -0.0187354 -0.166332 0.985892 -0.569572 0 0 0 1 
7680147070203;0.151635;2.47259;0.999871 0.00975432 0.0127236 2.43243 -0.00978424 0.99995 0.00229134 2.09685 -0.0127006 -0.00241554 0.999916 -1.57026 0 0 0 1 
7680147070204;1.87474;2.80896;0.999777 -0.0141338 0.015685 1.46893 0.0143855 0.999768 -0.0160524 3.37249 -0.0154545 0.0162744 0.999748 -0.344724 0 0 0 1 
7680147070205;1.34644;2.2273;0.998377 -0.0548553 0.015277 4.03189 0.0531939 0.994193 0.0935466 10.3642 -0.0203198 -0.0925822 0.995498 -2.00086 0 0 0 1 
7680147070206;0.882492;2.33104;0.905335 -0.119927 -0.407414 -8.7353 0.0678587 0.987825 -0.139986 10.4227 0.419242 0.0990879 0.902451 44.9026 0 0 0 1 
7680147070207;1.16879;2.20381;0.995738 0.0537663 0.0749282 0.72761 -0.0586723 0.996166 0.0648906 -4.38345 -0.071152 -0.0690102 0.995075 -6.26405 0 0 0 1 
7680147070208;1.24601;2.67259;0.996842 0.0620878 0.0495162 1.46826 -0.0673719 0.991266 0.113367 -4.63869 -0.042045 -0.116345 0.992318 -3.90295 0 0 0 1 
7680147070209;1.20929;2.54752;0.996417 -0.0189809 -0.0824225 2.82357 0.0496666 0.920092 0.38854 11.2577 0.0684614 -0.391242 0.917738 9.01525 0 0 0 1 
7680147070210;1.69015;2.33784;0.998269 -0.0526024 0.0263139 3.78601 0.0522465 0.998536 0.0140335 10.1976 -0.0270136 -0.0126344 0.999555 -1.52568 0 0 0 1 
7680147070211;0.940014;2.75068;0.986788 -0.036507 -0.157847 0.430846 0.0652396 0.981338 0.180883 11.1665 0.148298 -0.188791 0.970755 18.7067 0 0 0 1 
7680147070212;1.74535;2.64288;0.998797 -0.0470657 0.013744 3.46848 0.0471753 0.998856 -0.0077583 8.65192 -0.0133632 0.00839734 0.999875 -2.72115 0 0 0 1 
7680147070213;0.400202;2.37082;0.999224 -0.0133885 0.0370346 2.82757 0.0122698 0.999466 0.0302715 4.35975 -0.0374201 -0.0297936 0.998855 -4.2542 0 0 0 1 
7680147070214;0.315659;2.5381;0.996519 -0.0468153 -0.0689821 2.11197 0.0519052 0.995911 0.0739424 8.95369 0.0652384 -0.0772655 0.994874 7.58185 0 0 0 1 
7680147070215;0.611277;2.65451;0.997926 0.00223581 0.0643314 2.61837 -0.00384206 0.999684 0.0248555 2.33226 -0.0642554 -0.0250511 0.997619 -7.86488 0 0 0 1 
7680147070217;0.89674;0.394182;0.99816 0.0114167 0.0595571 0.0773744 -0.0121449 0.999856 0.0118801 -0.369559 -0.0594129 -0.0125815 0.998154 -2.08258 0 0 0 1 
7680147070218;1.73564;0.663609;0.999948 -0.000228857 0.0101669 -0.443463 0.000260278 0.999995 -0.00308929 0.207941 -0.0101661 0.00309178 0.999944 1.68199 0 0 0 1 
7680147070219;1.39452;0.905563;0.961411 -0.0618784 -0.268067 -1.72531 0.0346896 0.993867 -0.105004 0.461942 0.27292 0.0916524 0.957661 6.12778 0 0 0 1 
7680147070220;0.267296;0.188238;0.999817 -0.0102158 -0.0161921 -0.332223 0.00269342 0.912385 -0.409324 -1.15817 0.018955 0.409206 0.912245 4.05757 0 0 0 1 
7680147070221;1.27015;1.31003;0.999821 0.00421571 0.0184402 -0.0345778 -0.00824158 0.97454 0.22406 -0.263273 -0.0170262 -0.224172 0.974401 -2.7143 0 0 0 1 
7680147070222;1.97297;0.616999;0.99597 0.0248518 0.0861702 -1.46089 -0.0271187 0.999314 0.0252375 -0.943823 -0.0854839 -0.0274727 0.995961 -1.01644 0 0 0 1 
7680147070223;1.53331;1.06708;0.997811 -0.00599516 -0.0658518 -0.475015 0.00608941 0.999981 0.00123064 -0.287032 0.0658432 -0.00162895 0.997829 -0.127202 0 0 0 1 
7680147070224;2.30376;0.356131;0.911727 -0.0868923 -0.401502 -2.12652 0.0418904 0.991944 -0.11955 0.0775383 0.408656 0.092178 0.908022 4.08385 0 0 0 1 
7680147070225;1.4585;1.08906;0.998769 -0.00880118 -0.0488185 -0.197231 0.00605015 0.9984 -0.0562164 0.237736 0.0492352 0.0558519 0.997224 2.33521 0 0 0 1 
7680147070226;1.86707;0.699337;0.998401 -0.0105462 -0.0555438 -0.348241 0.0096777 0.999827 -0.0158821 0.434994 0.0557017 0.0153192 0.99833 2.98035 0 0 0 1 
7680147070227;0.781577;0.38925;0.999828 -0.00111443 -0.0185197 -0.0482804 0.00108037 0.999998 -0.00184891 -0.176876 0.0185218 0.00182859 0.999827 -0.647635 0 0 0 1 
7680147070228;0.400914;0.417213;0.998313 0.00893095 0.0573775 0.0452351 -0.0103406 0.999651 0.0243179 -0.201701 -0.0571403 -0.0248702 0.998056 -1.12653 0 0 0 1 
7680147070229;0.955663;0.857327;0.999745 -0.00358289 -0.0222834 -0.193979 0.00256815 0.998966 -0.045401 0.0169038 0.022423 0.0453322 0.99872 0.981519 0 0 0 1 
7680147070230;0.317185;0.235585;0.980918 -0.0396615 -0.190333 -0.987994 0.0306141 0.998268 -0.0502425 0.370588 0.191996 0.0434569 0.980433 3.3836 0 0 0 1 
7680147070231;1.12926;1.03014;0.999981 0.000935347 0.00615432 -0.0195824 -0.000970288 0.999983 0.00567702 -0.212255 -0.00614891 -0.00568288 0.999965 -0.952246 0 0 0 1 
7680147070232;1.51388;0.891382;0.999958 0.00595419 0.00691447 -0.812588 -0.00606726 0.999846 0.0164481 -0.58036 -0.00681547 -0.0164894 0.999841 -1.45587 0 0 0 1 
7680147070233;1.97376;1.36215;0.991295 -0.00686004 -0.131483 -1.38775 0.0489056 0.946377 0.31934 0.321513 0.122242 -0.32299 0.938474 -2.38691 0 0 0 1 
7680147070234;1.9935;0.464834;0.999775 -0.00953968 -0.0189629 -0.238612 0.00762697 0.995108 -0.0984956 -0.277626 0.0198097 0.0983288 0.994957 -1.28585 0 0 0 1 
7680147070235;1.53051;0.956755;0.987059 -0.0270523 -0.158056 -0.52896 0.0254398 0.999602 -0.012217 0.0286145 0.158324 0.008038 0.987355 0.999183 0 0 0 1 
7680147070236;0.104269;0.0953628;0.999925 0.00190393 0.0121362 -0.0107899 -0.00190111 0.999998 -0.000244497 -0.0540999 -0.0121367 0.000221406 0.999926 -0.152188 0 0 0 1 
7680147070237;2.06657;0.605319;0.997494 -0.00578801 -0.0705106 -1.79268 -0.00665769 0.984545 -0.175003 -0.669579 0.0704338 0.175034 0.98204 4.12181 0 0 0 1 
7680147070238;1.4657;1.39475;0.916581 0.0230039 0.399187 -0.755119 -0.124277 0.965288 0.229728 -2.06915 -0.380046 -0.260174 0.887623 -8.77555 0 0 0 1 
7680147070239;0.672786;0.354805;0.992282 0.0171211 0.122814 0.0468049 -0.0251841 0.997606 0.0644028 -0.269483 -0.121417 -0.0669987 0.990338 -1.91095 0 0 0 1 
7680147070240;1.69401;0.301269;0.998849 0.0063331 0.0475552 -0.0212137 -0.00988495 0.997147 0.0748295 0.358694 -0.0469456 -0.0752134 0.996062 0.485236 0 0 0 1 
7680147070241;1.89764;0.789341;0.996509 -0.00630264 -0.0832453 -0.408731 0.0236952 0.977491 0.209642 -0.301298 0.0800502 -0.210883 0.974228 -3.06627 0 0 0 1 
7680147070242;1.04234;0.644033;0.997932 -0.00668623 -0.0639352 -0.418827 0.00711308 0.999954 0.00645094 0.15794 0.0638891 -0.00689238 0.997933 1.57816 0 0 0 1 
7680147070243;1.63774;1.12409;0.969493 0.0217778 0.244151 -1.05018 -0.0301858 0.999071 0.0307489 -0.76424 -0.243255 -0.0371808 0.96925 -4.10324 0 0 0 1 
7680147070244;2.23994;1.58604;0.996473 0.00379669 -0.0838276 -0.35997 0.0140742 0.977263 0.211564 0.635652 0.0827248 -0.211998 0.973763 1.20232 0 0 0 1 
7680147070245;0.410551;0.219055;0.999763 -0.00425049 -0.0213707 -0.14403 0.00429159 0.999989 0.00187733 -0.0867807 0.0213624 -0.0019686 0.99977 -0.214655 0 0 0 1 
7680147070246;0.921508;0.26725;0.994577 -0.0253229 -0.100871 -0.375625 0.0200769 0.998409 -0.0526863 0.0900037 0.102044 0.0503754 0.993504 0.867007 0 0 0 1 
7680147070248;1.50847;1.25573;0.97043 0.0204154 -0.240516 -2.58355 0.0522311 0.95505 0.291807 7.03991 0.235662 -0.295741 0.925743 24.3787 0 0 0 1 
7680147070249;1.33018;0.573843;0.997278 0.0533794 0.0508643 1.89003 -0.0536691 0.998549 0.00434623 -3.37448 -0.0505586 -0.00706424 0.998696 -3.05813 0 0 0 1 
7680147070250;0.124558;0.246721;0.999941 -0.0001652 0.0109047 0.523705 0.000150717 0.999999 0.00132893 0.401948 -0.0109049 -0.00132721 0.99994 -1.11756 0 0 0 1 
7680147070251;0.53556;0.641356;0.986871 0.060432 0.149779 -0.865407 -0.075386 0.992497 0.0962595 -5.91519 -0.142838 -0.106287 0.984023 -11.6867 0 0 0 1 
7680147070252;1.1295;0.351866;0.990858 0.0666376 0.117305 -0.633567 -0.0588599 0.995909 -0.0685666 -4.76641 -0.121394 0.0610352 0.990726 -9.26976 0 0 0 1 
7680147070253;0.578449;0.39309;0.998298 -0.0147287 -0.0564239 0.0593902 0.0154198 0.999811 0.0118336 1.7078 0.056239 -0.0126835 0.998337 5.93265 0 0 0 1 
7680147070254;1.15198;0.312552;0.999989 -0.00245353 0.00405286 1.70792 0.00242441 0.999971 0.00717359 1.35543 -0.00407034 -0.00716369 0.999966 -1.79985 0 0 0 1 
7680147070255;0.370863;0.284578;0.999385 0.0179313 0.0301261 0.292977 -0.0303327 0.873128 0.486547 0.105894 -0.0175795 -0.487162 0.873135 2.48246 0 0 0 1 
7680147070256;1.32328;0.557369;0.968036 0.0848138 0.236037 -2.77431 -0.0400884 0.981313 -0.188199 -4.05152 -0.247588 0.17272 0.953346 -25.8558 0 0 0 1 
7680147070257;0.807316;0.342686;0.970501 -0.101225 -0.218817 -1.29871 0.0521452 0.974239 -0.219406 4.52489 0.23539 0.201524 0.950779 19.9876 0 0 0 1 
7680147070258;0.260139;0.167626;0.959659 0.0860197 0.267687 -3.21458 -0.0521694 0.989995 -0.131102 -4.85152 -0.276286 0.111848 0.954545 -26.0169 0 0 0 1 
7680147070259;0.965988;0.905838;0.989501 0.0230923 0.142668 -0.390809 -0.0348198 0.996166 0.0802602 -2.63487 -0.140267 -0.0843852 0.986511 -11.6852 0 0 0 1 
7680147070260;0.831214;0.371969;0.999406 0.019315 -0.0285445 0.822454 -0.0144543 0.986747 0.161619 0.59651 0.0312879 -0.16111 0.98644 3.93864 0 0 0 1 
7680147070261;1.06706;0.403265;0.986051 0.0672822 0.15224 -1.06071 -0.0304643 0.97216 -0.232328 -3.03409 -0.163633 0.22445 0.960649 -18.249 0 0 0 1 
7680147070262;1.52451;1.17021;0.990775 0.0533435 0.124573 0.324458 -0.0540883 0.998533 0.00260189 -4.8217 -0.124251 -0.00931582 0.992207 -13.032 0 0 0 1 
7680147070263;1.15131;0.535486;0.998665 0.0271847 0.0439286 -0.0794785 -0.0258575 0.9992 -0.0305026 -2.77819 -0.0447227 0.029326 0.998569 -6.25203 0 0 0 1 
