#;prob_registration_l1 -r /home/probabilistic_point_clouds_registration/build/tester /home/point_clouds_registration_benchmark//devel/registration_pairs/gazebo_summer_local.txt /home/point_clouds_registration_benchmark//eth/gazebo_summer -s 0.2 -t 0.2 -p 0.3 -r 1000 -m 1 -i 40 
id;initial_error;final_error;transformation
36535719080000;0.0805842;0.0286641;0.999959 0.00130992 0.00896175 -0.0252149 -0.0021084 0.995969 0.0896785 -0.0297882 -0.00880815 -0.0896938 0.99593 0.109615 0 0 0 1 
36535719080001;0.11249;0.030925;0.991767 0.017258 0.126886 -0.21037 -0.00774545 0.997147 -0.0750837 0.044511 -0.12782 0.0734828 0.989071 0.282933 0 0 0 1 
36535719080002;0.259114;0.0284981;0.992659 0.0474822 0.11124 0.182182 -0.0669065 0.981755 0.177988 -0.438223 -0.100759 -0.184124 0.977725 0.197236 0 0 0 1 
36535719080003;0.441289;0.543179;0.988639 -0.106694 0.10587 -0.607289 0.110713 0.99331 -0.0328232 0.049559 -0.10166 0.0441716 0.993838 -0.0121908 0 0 0 1 
36535719080004;0.424931;0.550814;0.969791 -0.0982864 0.22326 -0.986638 0.108331 0.993561 -0.0331692 0.303551 -0.218562 0.0563533 0.974194 -0.0238885 0 0 0 1 
36535719080005;0.508351;0.0378959;0.988648 -0.119551 0.0910054 0.532756 0.145315 0.914761 -0.376957 0.873345 -0.0381826 0.385902 0.921749 -0.282373 0 0 0 1 
36535719080006;0.482532;0.380917;0.991288 -0.0334299 -0.127402 -0.612001 0.0133394 0.987762 -0.155394 0.156427 0.131038 0.152341 0.979603 -1.30283 0 0 0 1 
36535719080007;0.407429;0.240388;0.991427 -0.128403 -0.0241996 -0.118912 0.117571 0.957458 -0.263537 0.170581 0.0570091 0.258433 0.964346 -1.08466 0 0 0 1 
36535719080008;0.494873;0.428896;0.973668 -0.0640698 0.218781 -0.920341 0.127507 0.948597 -0.289666 0.253969 -0.188976 0.309934 0.931788 -0.531576 0 0 0 1 
36535719080009;0.260051;0.0344673;0.991383 -0.0744995 0.10775 -0.165799 0.0701627 0.996587 0.0435 -0.75437 -0.110623 -0.0355651 0.993226 -0.222753 0 0 0 1 
36535719080010;0.367096;0.0458293;0.982818 -0.159583 0.0927451 0.557923 0.163343 0.985969 -0.0344219 -0.122702 -0.0859507 0.0489797 0.995095 0.851693 0 0 0 1 
36535719080011;0.379627;0.0587165;0.973997 -0.200284 0.105902 0.104875 0.193632 0.978584 0.0698562 0.379353 -0.117625 -0.0475337 0.99192 -0.131088 0 0 0 1 
36535719080012;0.1676;0.0322171;0.998779 0.0493856 0.00119617 -0.26386 -0.049392 0.998761 0.00610885 0.271025 -0.000893001 -0.00616047 0.999981 -0.448586 0 0 0 1 
36535719080013;0.445602;0.414177;0.975098 -0.0709957 0.210105 -0.0612783 0.0695039 0.997477 0.0144851 -0.165984 -0.210603 0.000478698 0.977572 0.497155 0 0 0 1 
36535719080014;0.45281;0.442231;0.998002 0.048323 0.0407127 -1.03009 -0.048354 0.99883 -0.000223895 0.0990481 -0.0406759 -0.00174517 0.999171 0.123324 0 0 0 1 
36535719080015;0.366192;0.410795;0.995683 -0.0116134 0.092093 -1.01957 0.00661661 0.998498 0.0543784 -0.202567 -0.0925862 -0.0535342 0.994264 0.328058 0 0 0 1 
36535719080016;0.0775968;0.0284951;0.995487 0.0148997 0.0937211 -0.218362 -0.0187474 0.999011 0.0403092 0.0480451 -0.0930278 -0.0418843 0.994782 0.23883 0 0 0 1 
36535719080017;0.294515;0.0283643;0.964892 0.0773623 0.250995 -0.245332 -0.00183095 0.957594 -0.288114 0.242368 -0.26264 0.277539 0.924117 0.27273 0 0 0 1 
36535719080018;0.425335;0.438657;0.999384 -0.00486298 0.0347701 -0.784393 0.00733276 0.997431 -0.071261 -0.279598 -0.0343342 0.071472 0.996851 -0.43031 0 0 0 1 
36535719080019;0.389784;0.454578;0.999072 -0.0137517 -0.040817 -0.710549 0.0110468 0.997774 -0.0657694 -0.0757158 0.0416306 0.0652575 0.997 -0.420757 0 0 0 1 
36535719080020;0.317608;0.0274646;0.974924 0.205042 -0.086495 -0.215719 -0.200259 0.977852 0.0608486 0.980823 0.0970558 -0.0420014 0.994392 0.0717579 0 0 0 1 
36535719080021;0.423824;0.327419;0.962383 -0.108219 0.249214 -0.316281 0.193112 0.917676 -0.347244 0.242396 -0.191119 0.382308 0.904054 0.175703 0 0 0 1 
36535719080022;0.154215;0.0275324;0.99959 0.028427 -0.00354089 -0.420926 -0.0283977 0.999564 0.00807518 0.0166103 0.0037689 -0.00797131 0.999961 -0.283176 0 0 0 1 
36535719080023;0.35143;0.0337878;0.967804 0.0193467 -0.250961 -0.0989597 0.00598605 0.994991 0.0997886 0.27215 0.251635 -0.0980781 0.96284 0.383907 0 0 0 1 
36535719080024;0.34005;0.0321926;0.956708 -0.234668 -0.172163 0.371552 0.160722 0.919124 -0.359693 -0.202879 0.242647 0.316451 0.91705 -1.00348 0 0 0 1 
36535719080025;0.273677;0.0342288;0.989264 0.0915597 -0.113901 -0.166093 -0.0700453 0.981113 0.180307 0.521965 0.128259 -0.170393 0.976993 0.0766967 0 0 0 1 
36535719080026;0.254446;0.0509155;0.999642 -0.00792395 0.0255377 0.394671 0.00789919 0.999968 0.00107022 0.487967 -0.0255454 -0.000868111 0.999673 0.046268 0 0 0 1 
36535719080027;0.274443;0.039513;0.967919 0.235862 0.0866145 -0.555155 -0.235746 0.971744 -0.0117086 0.466909 -0.0869288 -0.00908613 0.996173 0.116791 0 0 0 1 
36535719080028;0.110223;0.0300101;0.995039 -0.0160022 0.0981931 -0.249501 0.0226151 0.997523 -0.066607 -0.12465 -0.096884 0.0684971 0.992936 0.106767 0 0 0 1 
36535719080029;0.464721;0.518996;0.988396 -0.0581322 0.140339 -0.653695 0.0577824 0.998308 0.00656966 0.192676 -0.140483 0.00161568 0.990082 -0.209889 0 0 0 1 
36535719080031;0.562593;0.300515;0.991611 -0.119186 0.0500233 -0.375469 0.119809 0.99275 -0.00963558 0.404559 -0.0485122 0.015548 0.998702 -0.132444 0 0 0 1 
36535719080032;0.49885;0.53199;0.997929 0.042963 0.0478638 -0.554881 -0.0479096 0.993048 0.107515 0.33868 -0.0429119 -0.109585 0.993051 -0.225787 0 0 0 1 
36535719080033;0.471869;0.459848;0.988406 -0.050516 0.143185 -0.503736 0.0166727 0.973439 0.22834 0.247231 -0.150917 -0.223305 0.962995 1.40239 0 0 0 1 
36535719080034;0.28376;0.393446;0.996179 0.0509396 -0.0709415 -0.343628 -0.0502177 0.998667 0.0119238 0.542339 0.0714544 -0.00831572 0.997409 -0.186785 0 0 0 1 
36535719080035;0.587922;0.787183;0.99413 -0.0980259 0.0457795 -1.07456 0.0987585 0.995013 -0.0140193 0.0561737 -0.0441769 0.0184582 0.998853 -0.804501 0 0 0 1 
36535719080036;0.406933;0.0959202;0.998304 -0.0532141 -0.0236094 -0.371258 0.0533825 0.998553 0.0065566 0.123431 0.0232263 -0.00780581 0.9997 0.43317 0 0 0 1 
36535719080037;0.0919718;0.10496;0.99807 0.0179776 0.059446 -0.0905224 -0.0186474 0.999769 0.0107307 0.0211077 -0.0592393 -0.0118185 0.998174 0.0996519 0 0 0 1 
36535719080038;0.581548;0.372095;0.996705 -0.0531545 0.0612613 -1.13898 0.0480342 0.995456 0.0822219 0.0891111 -0.0653534 -0.0790083 0.994729 0.586706 0 0 0 1 
36535719080039;0.434512;0.0985905;0.996574 0.0755659 0.0336121 -0.576616 -0.0741955 0.996429 -0.0403044 0.657036 -0.0365377 0.0376724 0.998622 -0.569591 0 0 0 1 
36535719080040;0.566995;0.62553;0.971164 -0.0796049 0.224731 -0.49874 0.0405022 0.983996 0.173526 0.106561 -0.234948 -0.15942 0.958845 0.493376 0 0 0 1 
36535719080041;0.142283;0.0991688;0.995834 0.0850879 0.0327954 0.0156985 -0.085533 0.996258 0.012416 0.491257 -0.0316162 -0.0151693 0.999385 -0.0929313 0 0 0 1 
36535719080042;0.307724;0.205289;0.993278 -0.0909544 -0.0715939 -0.288565 0.0725471 0.971132 -0.227244 -0.343793 0.090196 0.220522 0.971203 -0.198154 0 0 0 1 
36535719080043;0.210302;0.377527;0.972695 -0.0592863 0.224385 -0.536963 0.0236473 0.987108 0.158301 0.143952 -0.230877 -0.148672 0.961557 0.775731 0 0 0 1 
36535719080044;0.594242;0.633298;0.99579 -0.0879652 0.0257713 -0.716832 0.0845479 0.990053 0.112459 -0.620304 -0.0354074 -0.109806 0.993322 0.523955 0 0 0 1 
36535719080045;0.55307;0.111609;0.981834 0.187482 0.0291938 -0.83154 -0.18167 0.973272 -0.140488 1.28189 -0.0547525 0.132632 0.989652 0.389901 0 0 0 1 
36535719080046;0.383937;0.267978;0.991544 0.118676 0.0525074 -0.100774 -0.116672 0.992376 -0.0397278 0.815396 -0.0568218 0.0332657 0.99783 -0.470045 0 0 0 1 
36535719080047;0.507113;0.144099;0.999626 -0.025431 0.010047 0.114592 0.025408 0.999674 0.0024074 -0.256361 -0.0101049 -0.00215123 0.999947 0.741784 0 0 0 1 
36535719080048;0.299943;0.23233;0.96279 -0.163746 0.214996 -0.269278 0.215734 0.944829 -0.246489 -0.605335 -0.162772 0.283699 0.944997 0.335893 0 0 0 1 
36535719080049;0.398366;0.670145;0.968275 -0.13301 0.211545 -0.936485 0.0894242 0.974943 0.20369 -0.398965 -0.233337 -0.17831 0.955907 0.842189 0 0 0 1 
36535719080050;0.499825;0.299525;0.966883 0.0675031 -0.246133 -0.470241 -0.0638152 0.997698 0.0229384 0.784618 0.247115 -0.00647166 0.968965 -1.55442 0 0 0 1 
36535719080051;0.440086;0.745567;0.991019 -0.0890622 0.099746 -1.00065 0.0949059 0.993941 -0.0554509 0.0170992 -0.094203 0.0644194 0.993467 -0.280519 0 0 0 1 
36535719080052;0.307637;0.515501;0.957842 -0.109988 0.265407 -0.76321 0.0678198 0.98427 0.163135 -0.166502 -0.279175 -0.138258 0.950235 1.04883 0 0 0 1 
36535719080053;0.461332;0.62531;0.971161 -0.0499517 0.233133 -0.671184 0.029758 0.995556 0.0893477 0.196876 -0.23656 -0.0798334 0.968331 1.10347 0 0 0 1 
36535719080054;0.521749;0.440708;0.940337 -0.0481698 0.336816 -0.273256 0.000400712 0.990084 0.140478 0.831515 -0.340243 -0.131962 0.931032 0.886757 0 0 0 1 
36535719080055;0.319357;0.598486;0.969531 -0.0609648 0.237261 -0.663633 0.0762436 0.995529 -0.055754 0.286061 -0.232801 0.0721448 0.969845 0.311383 0 0 0 1 
36535719080056;0.611624;0.715498;0.985036 -0.0804329 0.152426 -1.10367 0.0902916 0.994173 -0.0588891 0.164639 -0.146802 0.0717707 0.986559 -0.591793 0 0 0 1 
36535719080057;0.403587;0.122946;0.99173 0.0929567 -0.0884883 -0.0268117 -0.102509 0.988593 -0.110348 -0.072318 0.0772213 0.118506 0.989946 -0.51912 0 0 0 1 
36535719080058;0.354702;0.44472;0.969802 -0.142741 0.197758 -0.423146 0.160927 0.983792 -0.0790865 -0.572851 -0.183264 0.108523 0.977055 -0.0323865 0 0 0 1 
36535719080059;0.377989;0.0981473;0.980271 0.187465 0.0626497 -0.216549 -0.174168 0.969104 -0.174649 0.950267 -0.0934548 0.160292 0.982636 -0.346275 0 0 0 1 
36535719080060;0.383603;0.453838;0.997093 0.0113439 0.0753435 -0.577208 -0.0184682 0.995349 0.0945452 0.275674 -0.0739206 -0.0956618 0.992665 -0.202851 0 0 0 1 
36535719080062;0.362158;0.167958;0.985911 0.166141 -0.0194053 -0.184039 -0.167026 0.984091 -0.060555 0.206807 0.00903593 0.062943 0.997976 -1.21628 0 0 0 1 
36535719080063;0.299523;0.252142;0.992149 -0.11076 0.058068 0.111204 0.103688 0.988147 0.113199 -0.886507 -0.0699177 -0.10629 0.991874 -0.722219 0 0 0 1 
36535719080064;0.461382;0.247558;0.993193 -0.0567944 -0.101701 0.520923 0.0200623 0.94344 -0.330936 0.0896025 0.114744 0.326643 0.938157 -1.62594 0 0 0 1 
36535719080065;0.4807;0.694671;0.963552 0.151262 0.220653 -0.285444 -0.191274 0.966185 0.172921 -1.84001 -0.187035 -0.208823 0.959901 0.915685 0 0 0 1 
36535719080066;0.231893;0.206424;0.99326 -0.0724921 0.0904406 0.442931 0.0653395 0.994676 0.0796889 -1.17523 -0.0957359 -0.0732424 0.992709 0.294389 0 0 0 1 
36535719080067;0.276753;0.138578;0.97785 0.199176 0.0643286 -0.0867624 -0.207749 0.886164 0.414191 -0.25501 0.0254913 -0.418381 0.907914 0.281915 0 0 0 1 
36535719080068;0.41506;0.474979;0.990743 -0.118276 0.0666307 0.250547 0.114588 0.991793 0.0567147 -1.56589 -0.0727919 -0.0485546 0.996165 -0.899985 0 0 0 1 
36535719080069;0.168667;0.199148;0.99746 0.0276147 0.0656514 -0.0668727 -0.0389389 0.983255 0.178027 -0.747804 -0.0596359 -0.180131 0.981833 0.384797 0 0 0 1 
36535719080070;0.366766;0.195326;0.953792 0.275412 -0.120119 0.0175379 -0.211044 0.898625 0.384621 -0.451178 0.213871 -0.341498 0.915226 -1.01193 0 0 0 1 
36535719080071;0.314881;0.215561;0.992773 -0.116401 -0.0291984 -0.294523 0.114194 0.991103 -0.0683764 -0.378791 0.0368976 0.064548 0.997232 -0.141028 0 0 0 1 
36535719080072;0.205179;0.22716;0.998119 -0.049577 0.0360742 0.23221 0.0468638 0.996265 0.072525 -0.404312 -0.039535 -0.070698 0.996714 0.300968 0 0 0 1 
36535719080073;0.364246;0.388627;0.943981 -0.165026 0.285773 -0.29454 0.0623789 0.939601 0.33654 -1.74513 -0.32405 -0.299861 0.897259 0.924814 0 0 0 1 
36535719080074;0.343501;0.982298;0.984422 0.137819 0.109171 -0.159935 -0.157399 0.967497 0.197927 -3.00917 -0.078345 -0.212027 0.974118 0.159777 0 0 0 1 
36535719080075;0.45993;1.03322;0.975818 0.152609 -0.156492 0.239591 -0.181344 0.964931 -0.189794 -2.00331 0.12204 0.213584 0.969272 -0.990995 0 0 0 1 
36535719080076;0.347563;0.162547;0.95859 0.284119 0.0195232 0.297309 -0.281862 0.936702 0.20771 -0.488309 0.0407268 -0.204611 0.977996 0.0201498 0 0 0 1 
36535719080077;0.245685;0.194265;0.951839 0.271524 -0.142398 0.099122 -0.238505 0.947585 0.212599 -0.0424877 0.19266 -0.168397 0.966708 -0.402644 0 0 0 1 
36535719080078;0.322722;0.178763;0.994127 0.108221 -0.000856369 -0.460948 -0.10728 0.986465 0.124009 0.0871563 0.0142651 -0.123189 0.992281 -0.820773 0 0 0 1 
36535719080079;0.340882;0.217079;0.936605 0.321729 0.138788 -0.238675 -0.345047 0.915784 0.205625 -0.0236835 -0.0609441 -0.240478 0.96874 -0.392347 0 0 0 1 
36535719080080;0.326117;0.171785;0.97307 0.154345 0.171211 0.186547 -0.194199 0.949054 0.248161 0.4685 -0.124187 -0.274727 0.953469 0.94827 0 0 0 1 
36535719080081;0.410409;0.58962;0.990326 -0.127858 0.0539232 -0.321623 0.123728 0.989552 0.0740186 -1.87474 -0.0628236 -0.0666307 0.995798 -0.777648 0 0 0 1 
36535719080082;0.216435;0.180012;0.994091 0.104316 -0.0300356 0.311058 -0.102508 0.993127 0.0564941 0.0356922 0.0357224 -0.0530813 0.997951 0.193953 0 0 0 1 
36535719080083;0.161862;0.160495;0.979896 0.197922 0.025096 -0.0529308 -0.199292 0.976904 0.0770759 0.0706676 -0.00926132 -0.0805278 0.996709 -0.326814 0 0 0 1 
36535719080084;0.439577;0.931815;0.994212 -0.106007 0.0174863 0.0413302 0.104651 0.992337 0.0656938 -3.24587 -0.0243163 -0.0634836 0.997687 -0.0675688 0 0 0 1 
36535719080085;0.124875;0.183223;0.983656 0.156744 0.0886172 -0.0272765 -0.167369 0.977423 0.128963 -0.138068 -0.0664023 -0.141687 0.987682 0.0925045 0 0 0 1 
36535719080086;0.392366;0.194391;0.94881 0.192904 -0.250093 1.07507 -0.166446 0.97833 0.123148 -0.0385538 0.26843 -0.0752174 0.960358 -1.23814 0 0 0 1 
36535719080087;0.41425;0.609017;0.999113 -0.0414539 -0.00736178 -0.0778859 0.0407549 0.908347 0.416227 -1.9224 -0.0105672 -0.416158 0.909231 -0.521269 0 0 0 1 
36535719080088;0.317089;0.171998;0.972825 0.194987 0.12487 -0.13739 -0.205211 0.975845 0.074934 -0.104396 -0.107242 -0.0985223 0.989339 -0.642891 0 0 0 1 
36535719080089;0.0976208;0.218007;0.999645 0.0201547 -0.017436 0.169128 -0.019017 0.997825 0.0631221 -0.436136 0.0186702 -0.0627681 0.997853 -0.0648633 0 0 0 1 
36535719080090;0.312576;0.156679;0.993539 0.0608452 -0.0958022 0.487495 -0.0618849 0.998052 -0.00791587 -0.953673 0.0951339 0.0137934 0.995369 -0.145325 0 0 0 1 
36535719080091;0.378116;0.25389;0.968262 -0.107547 0.225615 0.802842 0.143553 0.978245 -0.149765 -1.14411 -0.204599 0.1774 0.962636 0.134224 0 0 0 1 
36535719080093;0.290482;0.0123655;0.990366 0.0295331 -0.135291 0.487484 -0.045993 0.991683 -0.120203 0.474508 0.130616 0.125267 0.983488 -0.321931 0 0 0 1 
36535719080094;0.395592;0.435963;0.999455 0.0232497 -0.0234353 0.261985 -0.0234676 0.999684 -0.00906471 0.0415654 0.0232171 0.00960974 0.999684 -0.175743 0 0 0 1 
36535719080095;0.347587;0.0643615;0.916226 0.187494 -0.354083 0.439197 -0.159601 0.9814 0.106687 0.374967 0.3675 -0.0412371 0.929109 -1.1743 0 0 0 1 
36535719080096;0.508705;0.232656;0.964744 0.00686545 0.263099 0.386863 -0.0465841 0.98833 0.145027 0.360243 -0.259033 -0.15217 0.953806 1.90148 0 0 0 1 
36535719080097;0.390373;0.283371;0.96821 -0.0670706 0.240979 0.213698 0.120839 0.968924 -0.215834 -0.198726 -0.219014 0.238092 0.946227 0.880499 0 0 0 1 
36535719080098;0.177167;0.0141087;0.959349 0.0090038 0.282079 0.0599739 -0.00305386 0.999764 -0.0215257 0.0393291 -0.282206 0.0197893 0.95915 0.943843 0 0 0 1 
36535719080099;0.46993;0.264758;0.999059 0.017487 0.0396971 0.51129 -0.0294285 0.945566 0.324096 -0.147885 -0.0318688 -0.324959 0.945191 -0.106394 0 0 0 1 
36535719080100;0.314307;0.0154181;0.999885 -0.0150723 -0.00172405 -0.239659 0.0151681 0.991193 0.131557 -0.445293 -0.00027401 -0.131568 0.991307 -0.377837 0 0 0 1 
36535719080101;0.365934;0.227803;0.974951 0.214235 -0.059779 0.202638 -0.211375 0.976088 0.0507132 0.585921 0.0692141 -0.0368071 0.996923 -0.141261 0 0 0 1 
36535719080102;0.240105;0.0132387;0.987962 -0.13806 0.0697932 -0.08123 0.141172 0.989103 -0.041786 -0.504975 -0.0632636 0.0511358 0.996686 -0.121718 0 0 0 1 
36535719080103;0.352767;0.01056;0.9937 0.0706255 0.0870247 0.0446432 -0.0725843 0.997171 0.0195493 -0.150528 -0.0853978 -0.0257428 0.996014 0.854467 0 0 0 1 
36535719080104;0.495293;0.23418;0.894002 0.0429055 -0.446004 0.194975 -0.0238052 0.998547 0.0483432 0.0413167 0.44743 -0.0326017 0.893724 -1.45833 0 0 0 1 
36535719080105;0.433787;0.0130407;0.998374 0.0124612 0.0556221 0.0933523 -0.0113563 0.999733 -0.0201378 0.0605976 -0.0558581 0.0194734 0.998249 1.07203 0 0 0 1 
36535719080106;0.129754;0.00822412;0.995304 -0.0064933 0.0965784 0.127077 -0.00146502 0.996623 0.0821044 0.0240112 -0.0967853 -0.0818604 0.991933 0.290168 0 0 0 1 
36535719080107;0.262145;0.0845309;0.97914 0.195187 -0.056454 0.0792646 -0.198306 0.978527 -0.056207 0.839488 0.0442709 0.0662297 0.996822 -0.305804 0 0 0 1 
36535719080108;0.397924;0.2492;0.983162 0.181677 0.019654 -0.214563 -0.181893 0.962616 0.20071 0.512875 0.0175452 -0.200906 0.979453 -0.0339135 0 0 0 1 
36535719080109;0.398301;0.248299;0.937008 0.213647 0.276353 0.174677 -0.220798 0.975305 -0.00536243 0.650008 -0.270674 -0.0559936 0.961041 1.10559 0 0 0 1 
36535719080110;0.208018;0.0106097;0.989592 0.143679 0.00803327 0.0417375 -0.143807 0.989429 0.0187026 0.324126 -0.00526119 -0.0196632 0.999793 -0.163056 0 0 0 1 
36535719080111;0.465339;0.271352;0.976394 0.010144 0.21576 0.14521 0.0166893 0.992367 -0.122182 0.345266 -0.215353 0.122898 0.968772 1.18764 0 0 0 1 
36535719080112;0.541337;0.199102;0.942859 0.190771 -0.273173 1.00009 -0.166133 0.979851 0.110871 0.688407 0.28882 -0.0591529 0.955554 -1.26584 0 0 0 1 
36535719080113;0.28814;0.0349856;0.999833 0.0103557 0.015084 0.00540666 -0.010394 0.999943 0.00246182 0.532726 -0.0150576 -0.00261819 0.999883 0.202609 0 0 0 1 
36535719080114;0.343577;0.237438;0.999828 -0.0166165 0.00825061 0.159582 0.0167406 0.999744 -0.0151989 -0.0620384 -0.00799595 0.0153344 0.99985 0.428118 0 0 0 1 
36535719080115;0.500998;1.05362;0.984407 -0.175855 -0.00433316 0.271613 0.175697 0.984133 -0.024741 -2.0027 0.00861524 0.0235939 0.999685 -0.0221481 0 0 0 1 
36535719080116;0.41433;0.2115;0.96634 -0.0330987 0.255129 0.425808 -0.0223551 0.977135 0.211441 0.0240249 -0.256294 -0.210027 0.943505 1.56452 0 0 0 1 
36535719080117;0.508343;0.0184675;0.996205 -0.0385943 0.0780174 0.0626984 0.0257456 0.986871 0.159448 0.0159943 -0.0831469 -0.156834 0.984119 1.35711 0 0 0 1 
36535719080118;0.0642213;0.0161023;0.997763 0.0667241 -0.00421419 -0.0553835 -0.0668034 0.997504 -0.0228827 0.316148 0.00267685 0.023113 0.999729 -0.0250151 0 0 0 1 
36535719080119;0.384568;0.490736;0.990639 0.110602 0.0800117 0.479063 -0.122935 0.977625 0.170691 -0.154256 -0.0593427 -0.178929 0.982071 0.042415 0 0 0 1 
36535719080120;0.113108;0.0188194;0.998827 -0.0370584 0.0311714 0.0764695 0.0362 0.998962 0.0276659 -0.223513 -0.0321643 -0.0265051 0.999131 0.299284 0 0 0 1 
36535719080121;0.423482;0.014483;0.975532 0.213216 -0.0536372 0.340429 -0.177469 0.907658 0.380344 0.193763 0.12978 -0.361518 0.923289 -0.289093 0 0 0 1 
36535719080122;0.427092;0.112186;0.978055 -0.190978 0.0832816 0.0916599 0.183302 0.978765 0.0917619 -1.18939 -0.0990376 -0.0744825 0.992292 0.773855 0 0 0 1 
36535719080124;0.190705;0.0483898;0.987793 0.146682 0.0524306 -0.0605039 -0.149452 0.987319 0.053529 0.286558 -0.043914 -0.0607115 0.997189 0.280026 0 0 0 1 
36535719080125;0.422416;0.318497;0.939939 0.256034 -0.225747 0.620601 -0.229384 0.963542 0.137734 0.71231 0.252781 -0.0776792 0.9644 -0.893269 0 0 0 1 
36535719080126;0.446714;0.0476334;0.992296 0.118552 -0.035962 0.231309 -0.121149 0.98927 -0.0816534 -0.160755 0.025896 0.0853811 0.996012 -0.32212 0 0 0 1 
36535719080127;0.355012;0.482437;0.999513 -0.00714381 0.0303711 0.564838 0.0100911 0.995133 -0.0980264 0.218749 -0.029523 0.0982852 0.99472 -0.0718886 0 0 0 1 
36535719080128;0.249905;0.0239347;1 7.20627e-05 -0.000484899 -0.000489168 -7.12071e-05 0.999998 0.00176418 0.416155 0.000485025 -0.00176414 0.999998 -0.00566579 0 0 0 1 
36535719080129;0.526113;0.53746;0.999077 -0.0116381 -0.0413392 0.680372 0.00991177 0.99908 -0.0417233 -0.0533193 0.0417868 0.0412751 0.998274 0.11708 0 0 0 1 
36535719080130;0.433817;0.0143049;0.936676 0.089507 0.338566 -0.200141 -0.0382582 0.987153 -0.155129 -0.29191 -0.348102 0.132353 0.928067 1.10831 0 0 0 1 
36535719080131;0.251532;0.345038;0.999912 -0.0131582 -0.00182329 0.508998 0.0131307 0.999811 -0.0143304 -0.0240847 0.00201151 0.0143052 0.999896 0.0991631 0 0 0 1 
36535719080132;0.431426;0.012414;0.983691 0.0443718 -0.174306 -0.177105 -0.0348864 0.997758 0.0571119 -0.436184 0.17645 -0.0500995 0.983034 -0.931126 0 0 0 1 
36535719080133;0.541591;0.0371769;0.944021 0.202368 0.260522 0.100837 -0.249194 0.954944 0.161195 0.507837 -0.216163 -0.217092 0.951916 1.59859 0 0 0 1 
36535719080134;0.252306;0.00422154;0.996284 -0.0822438 0.0255654 -0.202201 0.0833795 0.995405 -0.0470844 -0.478034 -0.0215755 0.0490411 0.998564 -0.199216 0 0 0 1 
36535719080135;0.472023;0.482081;0.973798 -0.0503621 0.221766 0.417723 0.0301103 0.995138 0.0937737 -0.290534 -0.225411 -0.0846393 0.97058 0.948274 0 0 0 1 
36535719080136;0.302061;0.224923;0.994126 0.065513 -0.0861432 0.193467 -0.0751495 0.990651 -0.113852 0.384172 0.0778792 0.119656 0.989756 -0.530618 0 0 0 1 
36535719080137;0.328535;0.239887;0.979258 0.174712 0.102616 0.0266539 -0.159109 0.976638 -0.144438 0.4872 -0.125454 0.125115 0.984179 0.112492 0 0 0 1 
36535719080138;0.576365;0.0115342;0.99648 0.0636694 0.0545395 0.548892 -0.0378762 0.922286 -0.384648 0.344778 -0.0747913 0.381228 0.921451 -0.428853 0 0 0 1 
36535719080139;0.521512;0.396627;0.998066 -0.0450256 0.042866 0.161779 0.0404743 0.993992 0.101691 -0.440471 -0.0471872 -0.0997595 0.993892 0.220902 0 0 0 1 
36535719080140;0.470285;0.42164;0.950583 0.268012 0.15672 0.367611 -0.267661 0.963221 -0.0237406 1.01764 -0.157319 -0.0193804 0.987358 0.182905 0 0 0 1 
36535719080141;0.30287;0.177768;0.976065 0.0988319 0.193723 -0.128269 -0.115299 0.990447 0.0756338 0.0425786 -0.184397 -0.0961597 0.978136 0.665243 0 0 0 1 
36535719080142;0.480003;0.0546154;0.97727 0.179308 0.113101 -0.240722 -0.210551 0.883151 0.419181 0.240894 -0.0247227 -0.433466 0.900831 0.108448 0 0 0 1 
36535719080143;0.628053;0.703889;0.996673 0.00725722 -0.0811787 0.296871 -0.0175212 0.991818 -0.12645 0.0350637 0.0795968 0.127452 0.988646 -0.435339 0 0 0 1 
36535719080144;0.602003;0.15746;0.965321 0.156146 -0.209224 0.446991 -0.199696 0.957849 -0.206509 0.898577 0.16816 0.241128 0.955813 -1.48453 0 0 0 1 
36535719080145;0.170435;0.0261033;0.994391 0.105437 0.0083986 -0.109154 -0.105486 0.994404 0.00570668 0.366106 -0.00774991 -0.00656061 0.999948 0.239077 0 0 0 1 
36535719080146;0.207536;0.0663854;0.98713 0.153309 0.0455118 -0.0344236 -0.148391 0.984184 -0.0967549 0.522648 -0.0596254 0.0887561 0.994267 0.0990495 0 0 0 1 
36535719080147;0.436345;0.0332235;0.985539 0.165781 -0.0350517 0.323735 -0.163 0.984056 0.0711703 1.00788 0.0462915 -0.0644276 0.996848 -0.377758 0 0 0 1 
36535719080148;0.640142;0.0978733;0.983334 -0.172398 -0.0577321 1.11724 0.158376 0.968202 -0.193656 0.180349 0.0892823 0.181285 0.979369 -0.624825 0 0 0 1 
36535719080149;0.408897;0.00607917;0.997538 -0.057738 -0.0398009 0.147977 0.0558558 0.997338 -0.0468831 -0.513006 0.0424019 0.0445446 0.998107 0.467589 0 0 0 1 
36535719080150;0.385378;0.02033;0.99535 -0.013327 0.0953943 -0.0587242 -0.00414035 0.983547 0.180606 0.387627 -0.0962317 -0.180162 0.978918 0.0382599 0 0 0 1 
36535719080151;0.147734;0.0197012;0.990689 0.0175374 0.13501 -0.162117 -0.00579864 0.996204 -0.0868543 0.0556675 -0.136021 0.0852627 0.98703 0.281911 0 0 0 1 
36535719080152;0.417728;0.240655;0.938722 0.292266 -0.182706 0.416467 -0.270647 0.95326 0.134331 0.750474 0.213427 -0.0766507 0.973947 -0.411096 0 0 0 1 
36535719080153;0.136308;0.113282;0.996845 -0.0216001 0.0763827 0.0561886 0.0186626 0.999066 0.0389646 -0.0304329 -0.0771531 -0.0374161 0.996317 0.249385 0 0 0 1 
36535719080155;0.377066;0.320822;0.998353 -0.00650995 -0.0569926 0.450078 0.0197954 0.971605 0.235781 -0.0773357 0.0538394 -0.236521 0.970134 0.370574 0 0 0 1 
36535719080156;0.280014;0.241219;0.997766 -0.00708653 -0.066423 0.397503 0.0178317 0.98653 0.162607 -0.0235249 0.0643759 -0.163428 0.984453 -0.148642 0 0 0 1 
36535719080157;0.357849;0.200402;0.996185 -0.087202 -0.00325902 0.859929 0.0839312 0.947262 0.309272 0.172122 -0.023882 -0.308366 0.950968 0.676359 0 0 0 1 
36535719080158;0.214487;0.0976678;0.999039 -0.0431834 -0.00751993 0.530428 0.0434623 0.99817 0.0420332 0.2053 0.00569103 -0.0423197 0.999088 0.294441 0 0 0 1 
36535719080159;0.313033;0.0654733;0.991621 -0.0412079 -0.122433 0.317942 0.0123483 0.973654 -0.227695 -0.5804 0.128591 0.224275 0.966005 -0.987345 0 0 0 1 
36535719080160;0.477856;0.186446;0.935027 0.153464 -0.319647 -0.506699 -0.161598 0.986856 0.00108974 0.35842 0.315613 0.0506353 0.947536 -0.899629 0 0 0 1 
36535719080161;0.262671;0.0939598;0.993533 0.104824 0.0436262 -0.1665 -0.10929 0.987071 0.117249 -0.0947053 -0.0307716 -0.121259 0.992144 0.557148 0 0 0 1 
36535719080162;0.249715;0.0990321;0.988854 0.148583 0.00952746 -0.217683 -0.145355 0.949548 0.277903 -0.0433236 0.0322449 -0.27619 0.960562 0.080478 0 0 0 1 
36535719080163;0.453936;0.199694;0.936415 0.152023 -0.316254 0.810144 -0.179016 0.982138 -0.0579467 0.308413 0.301796 0.110877 0.946903 -1.16344 0 0 0 1 
36535719080164;0.466141;0.323052;0.991149 -0.0570116 0.119886 0.77146 0.0385313 0.987757 0.15117 0.0363954 -0.127037 -0.145213 0.981211 1.00835 0 0 0 1 
36535719080165;0.321246;0.0926204;0.951312 -0.0635676 0.301605 0.0612313 -0.0423607 0.942255 0.332207 -0.191703 -0.305306 -0.328809 0.893685 0.945611 0 0 0 1 
36535719080166;0.389384;0.0849149;0.881492 -0.283414 0.377688 0.636686 0.342352 0.934467 -0.0978058 -0.587471 -0.325217 0.215517 0.920753 0.555397 0 0 0 1 
36535719080167;0.40197;0.348529;0.999058 0.0142039 -0.0410063 0.808421 0.00174792 0.930981 0.365062 -0.0401127 0.0433614 -0.36479 0.93008 0.256308 0 0 0 1 
36535719080168;0.210711;0.185219;0.996415 -0.00103314 0.084592 -0.0694647 0.0055736 0.998555 -0.0534563 -0.0827855 -0.0844146 0.0537362 0.994981 0.205043 0 0 0 1 
36535719080169;0.371812;0.0941829;0.963467 0.0582071 -0.261426 0.863231 0.0073561 0.969979 0.243079 -0.606325 0.267726 -0.236121 0.934114 -1.0833 0 0 0 1 
36535719080170;0.32738;0.0880239;0.989926 0.109223 0.0900916 -0.0995562 -0.100417 0.990198 -0.0970816 0.389454 -0.099812 0.0870568 0.991191 -0.673932 0 0 0 1 
36535719080171;0.334438;0.308074;0.996901 -0.0759333 -0.0205558 0.450467 0.0750332 0.996317 -0.0414962 -0.34255 0.0236311 0.0398252 0.998927 -0.0314443 0 0 0 1 
36535719080172;0.359248;0.173685;0.98743 0.146928 -0.0582532 0.0326309 -0.13456 0.974818 0.177832 0.57418 0.0829147 -0.167759 0.982335 0.191236 0 0 0 1 
36535719080173;0.299017;0.0950979;0.995073 -0.0764521 -0.0631311 0.348639 0.067217 0.988247 -0.137298 -0.524743 0.0728857 0.132378 0.988516 -1.11612 0 0 0 1 
36535719080174;0.332371;0.0908688;0.993218 -0.101623 -0.0564919 1.07028 0.0991508 0.994055 -0.0449759 0.300225 0.0607267 0.0390697 0.99739 -0.457858 0 0 0 1 
36535719080175;0.258801;0.102695;0.980757 -0.10875 -0.16214 0.443621 0.0959411 0.991763 -0.0848586 0.00384744 0.170032 0.0676699 0.983112 -1.10138 0 0 0 1 
36535719080176;0.244373;0.0853793;0.969726 0.0786161 0.231193 -0.152303 -0.0972938 0.992755 0.0705119 0.125945 -0.223974 -0.0908709 0.970349 0.585406 0 0 0 1 
36535719080177;0.307368;0.308827;0.999365 -0.0157662 0.0319686 0.441052 0.0084101 0.975833 0.218354 -0.0273938 -0.0346387 -0.217946 0.975346 0.700358 0 0 0 1 
36535719080178;0.333626;0.0870569;0.925675 0.0586632 -0.373743 0.812787 -0.0225997 0.994715 0.100157 -0.0605306 0.377644 -0.0842665 0.922109 -0.620028 0 0 0 1 
36535719080179;0.112272;0.0911452;0.997324 -0.0123927 -0.072048 0.29197 0.0139511 0.999679 0.0211677 0.115085 0.0717625 -0.0221162 0.997177 -0.349601 0 0 0 1 
36535719080180;0.447488;0.417685;0.998027 0.0613955 -0.0131504 0.859635 -0.0603015 0.995602 0.0717029 -0.276221 0.0174948 -0.0707684 0.997339 -0.174376 0 0 0 1 
36535719080181;0.181751;0.14293;0.989238 -0.0293659 0.14334 0.0351365 0.0372662 0.997912 -0.0527455 -0.112391 -0.141492 0.0575196 0.988267 0.11021 0 0 0 1 
36535719080182;0.227052;0.0813798;0.97758 -0.0604687 0.201695 0.248091 0.102151 0.973802 -0.20316 -0.0573426 -0.184126 0.219209 0.958147 0.0716287 0 0 0 1 
36535719080183;0.271702;0.0744598;0.986366 -0.0761253 -0.145904 1.02544 0.0919821 0.990188 0.105204 -0.236635 0.136463 -0.11719 0.983689 -0.40679 0 0 0 1 
36535719080184;0.317465;0.0786842;0.964778 0.176775 -0.194818 0.408721 -0.0827238 0.906869 0.413213 -0.279678 0.24972 -0.382543 0.889551 -0.392509 0 0 0 1 
36535719080186;0.390645;0.0898227;0.911757 -0.06818 0.405032 0.0949375 0.185117 0.948503 -0.257048 -0.384358 -0.366649 0.309343 0.877426 1.57977 0 0 0 1 
36535719080187;0.111223;0.0814345;0.999682 0.0192301 0.0162824 0.0772223 -0.0192383 0.999815 0.000346896 0.00182313 -0.0162727 -0.000660031 0.999867 0.0197159 0 0 0 1 
36535719080188;0.65823;0.489737;0.903584 0.4207 0.0809104 -0.726933 -0.424261 0.904951 0.0326579 1.54114 -0.0594808 -0.0638363 0.996186 1.06378 0 0 0 1 
36535719080189;0.357007;0.0799589;0.999935 0.00986601 0.0057884 -0.586536 -0.00993527 0.999878 0.0120623 0.395838 -0.00566869 -0.012119 0.99991 -0.466781 0 0 0 1 
36535719080190;0.473164;0.916161;0.93321 -0.359026 0.0148335 -1.46007 0.358834 0.933295 0.0140987 -2.17316 -0.0189059 -0.00783426 0.999791 0.120372 0 0 0 1 
36535719080191;0.28216;0.0860178;0.98015 0.197004 -0.0222778 -0.177036 -0.193141 0.974166 0.117035 0.832742 0.0447587 -0.11041 0.992878 -0.682759 0 0 0 1 
36535719080192;0.431029;0.0937635;0.986703 -0.155562 0.0470928 -0.813904 0.158826 0.984371 -0.0760826 -0.349353 -0.0345212 0.0825505 0.995989 0.48506 0 0 0 1 
36535719080193;0.312078;0.0801744;0.991529 -0.129851 -0.00288097 0.0306211 0.127515 0.968998 0.211621 -0.994268 -0.0246874 -0.210196 0.977348 -0.364914 0 0 0 1 
36535719080194;0.164987;0.0953083;0.984445 0.175692 0.000698698 -0.0451601 -0.17569 0.984392 0.0102734 0.687903 0.00111717 -0.0102364 0.999947 -0.0348817 0 0 0 1 
36535719080195;0.354366;0.0726395;0.9818 -0.0324593 0.187122 0.140448 0.0321914 0.999472 0.00447122 -0.427608 -0.187168 0.00163386 0.982327 0.23187 0 0 0 1 
36535719080196;0.523582;0.0931654;0.985272 0.163317 0.0506695 -0.462536 -0.168916 0.883481 0.436955 0.858903 0.0265969 -0.439078 0.898055 -0.701571 0 0 0 1 
36535719080197;0.379637;0.082389;0.978 -0.17803 -0.108724 0.219889 0.184742 0.981243 0.0550693 -0.973698 0.0968802 -0.0739436 0.992545 -1.18015 0 0 0 1 
36535719080198;0.253973;0.0918341;0.984035 -0.147262 0.0999437 -0.10926 0.155905 0.98411 -0.0849816 -0.780152 -0.085841 0.0992066 0.991357 0.768789 0 0 0 1 
36535719080199;0.451651;0.100857;0.989529 0.143382 0.0165431 -0.646087 -0.14338 0.989667 -0.00131329 0.940111 -0.0165604 -0.00107242 0.999862 0.666817 0 0 0 1 
36535719080200;0.601292;0.946553;0.959341 -0.225562 0.169667 -1.24989 0.235438 0.971055 -0.0402684 -1.44884 -0.155673 0.0785772 0.984678 1.26987 0 0 0 1 
36535719080201;0.316883;0.102642;0.881532 0.0845499 0.464492 0.0713038 0.00344783 0.982655 -0.185413 0.00608333 -0.472112 0.165049 0.86595 2.32524 0 0 0 1 
36535719080202;0.389074;0.0793128;0.972505 0.226037 0.0560532 -0.17135 -0.227238 0.973708 0.0159786 1.39694 -0.0509677 -0.0282767 0.9983 -0.332457 0 0 0 1 
36535719080203;0.247825;0.130161;0.97343 -0.228489 0.0150333 -0.203024 0.227376 0.972278 0.0545551 -1.14234 -0.0270818 -0.0496874 0.998398 0.282987 0 0 0 1 
36535719080204;0.323434;0.0836237;0.998276 -0.0509204 0.029198 -0.216433 0.0503151 0.99851 0.0211046 -0.957281 -0.0302291 -0.0195991 0.999351 -0.117171 0 0 0 1 
36535719080205;0.326801;0.117116;0.961995 -0.0678826 0.264495 0.128264 0.151873 0.937983 -0.311645 -0.577879 -0.226936 0.339971 0.912644 1.01516 0 0 0 1 
36535719080206;0.360649;0.0804975;0.99492 0.0992876 0.0166349 -0.206792 -0.0991669 0.995039 -0.00792955 1.10676 -0.0173397 0.00623963 0.99983 0.00134062 0 0 0 1 
36535719080207;0.378318;0.0864244;0.999535 -0.0257795 0.0163044 0.639746 0.0257451 0.999666 0.00231873 -0.200467 -0.0163587 -0.00189789 0.999864 0.144188 0 0 0 1 
36535719080208;0.281021;0.0636134;0.982348 -0.0586221 0.177637 -0.302969 0.051587 0.9977 0.0439706 -0.465911 -0.179806 -0.0340307 0.983113 1.31874 0 0 0 1 
36535719080209;0.41046;0.233893;0.963129 -0.253585 0.0898737 -0.673994 0.234107 0.954543 0.184505 -1.74858 -0.132576 -0.156662 0.978714 0.693313 0 0 0 1 
36535719080210;0.243944;0.0883514;0.977534 0.144742 0.153223 0.228109 -0.151599 0.987857 0.0339947 0.445268 -0.146442 -0.0564594 0.987607 0.663684 0 0 0 1 
36535719080211;0.419439;0.144991;0.929573 0.368597 -0.00550534 -0.276439 -0.368581 0.929588 0.00368488 1.24997 0.00647593 -0.0013962 0.999978 -0.052561 0 0 0 1 
36535719080212;0.411637;0.0837246;0.954576 0.272613 0.12028 0.381828 -0.2698 0.96211 -0.0394013 0.675063 -0.126463 0.00516015 0.991958 0.828681 0 0 0 1 
36535719080213;0.271077;0.081069;0.971441 -0.179579 -0.155091 -0.121441 0.150351 0.971517 -0.183167 -0.824261 0.183566 0.154618 0.970771 -1.0464 0 0 0 1 
36535719080214;0.356981;0.0725302;0.946983 0.153032 -0.282498 -0.0453415 -0.162711 0.986613 -0.0109776 0.45398 0.277037 0.0563612 0.959205 -0.94456 0 0 0 1 
36535719080215;0.558879;0.0836754;0.964275 0.216794 0.152232 -0.145957 -0.166553 0.943036 -0.287997 0.893442 -0.205996 0.252354 0.945454 1.97467 0 0 0 1 
36535719080217;0.267916;0.0280211;0.968552 -0.166073 -0.185273 0.552007 0.142645 0.980742 -0.133404 -0.166585 0.20386 0.102781 0.97359 -0.932633 0 0 0 1 
36535719080218;0.403611;0.0126251;0.997093 0.076131 -0.00293691 -0.353763 -0.0760189 0.99671 0.0281179 0.735719 0.00506789 -0.0278129 0.9996 0.465582 0 0 0 1 
36535719080219;0.612805;0.517441;0.998516 -0.0128812 0.0529087 -0.0819296 0.012843 0.999917 0.00106115 0.089458 -0.052918 -0.000380066 0.998599 0.74335 0 0 0 1 
36535719080220;0.465305;0.00918201;0.970667 -0.114591 -0.211365 0.395758 0.0942993 0.990125 -0.103735 0.187047 0.221164 0.0807602 0.971887 -1.42414 0 0 0 1 
36535719080221;0.397154;0.313364;0.998909 -0.0397555 0.0244908 -0.0363127 0.0403757 0.998862 -0.0253689 -0.0073051 -0.0234544 0.0263301 0.999378 -0.284189 0 0 0 1 
36535719080222;0.388852;0.0929086;0.989 -0.0774203 0.12604 -0.386804 0.108847 0.957888 -0.26571 0.0267941 -0.100161 0.276506 0.955778 0.180779 0 0 0 1 
36535719080223;0.332061;0.133038;0.937053 -0.102201 -0.333896 0.763646 0.080783 0.993718 -0.0774523 -0.208347 0.339714 0.0456038 0.939423 -0.913218 0 0 0 1 
36535719080224;0.591626;0.0336253;0.994561 0.0935231 0.0458556 -0.426464 -0.0755929 0.950954 -0.299952 1.19004 -0.071659 0.294854 0.952851 0.459116 0 0 0 1 
36535719080225;0.418431;0.314065;0.991398 -0.0220825 0.129003 -0.135031 0.0196263 0.999602 0.0202805 0.0119989 -0.1294 -0.0175742 0.991437 0.744279 0 0 0 1 
36535719080226;0.434396;0.363825;0.987408 0.0552169 -0.148242 -0.0336896 -0.0584051 0.998144 -0.0172372 0.100571 0.147015 0.0256782 0.988801 -0.254711 0 0 0 1 
36535719080227;0.258425;0.0942516;0.985689 0.138316 0.0963671 -0.166896 -0.143732 0.988265 0.0517006 0.21025 -0.0880852 -0.0648117 0.994002 0.624123 0 0 0 1 
36535719080228;0.348273;0.146487;0.974738 -0.10976 0.194523 0.150473 0.12081 0.991616 -0.0458452 0.183882 -0.187861 0.0681874 0.979826 0.829413 0 0 0 1 
36535719080229;0.349476;0.0123896;0.994888 0.0570018 0.0833586 -0.216191 -0.0432505 0.986437 -0.158343 0.143089 -0.0912538 0.153928 0.983859 -0.413851 0 0 0 1 
36535719080230;0.507963;0.564077;0.938624 -0.0588826 0.339879 0.108277 0.0577299 0.998241 0.0135118 0.0326846 -0.340076 0.00693861 0.940372 0.79111 0 0 0 1 
36535719080231;0.499847;0.021306;0.999949 0.00306947 -0.0096489 -0.371562 -0.00276434 0.999501 0.0314789 -0.427479 0.00974071 -0.0314506 0.999458 -0.811511 0 0 0 1 
36535719080232;0.400636;0.290015;0.998429 -0.0550087 0.010628 0.238283 0.0540794 0.99581 0.0737406 -0.0976381 -0.0146398 -0.07305 0.997221 0.36905 0 0 0 1 
36535719080233;0.232565;0.0153202;0.984617 0.0592682 -0.164366 0.020071 -0.0403064 0.992385 0.11639 0.0699736 0.170012 -0.107975 0.979509 -0.0829188 0 0 0 1 
36535719080234;0.243089;0.0306657;0.999987 0.00498531 0.000598329 0.184865 -0.00498138 0.999967 -0.00640521 0.0843404 -0.000630241 0.00640215 0.999979 -0.406494 0 0 0 1 
36535719080235;0.336455;0.295043;0.99821 -0.00405361 -0.059671 -0.00328243 0.00649898 0.999144 0.0408441 0.0117681 0.0594543 -0.0411588 0.997382 0.0120129 0 0 0 1 
36535719080236;0.526732;0.0109578;0.959301 -0.130806 0.250262 0.548678 0.0728437 0.970878 0.22823 -0.531845 -0.272827 -0.200711 0.940893 1.70185 0 0 0 1 
36535719080237;0.707625;0.499274;0.999962 0.00809072 -0.00330601 0.034816 -0.00810941 0.999951 -0.00567892 0.0827095 0.00325991 0.00570551 0.999978 0.766177 0 0 0 1 
36535719080238;0.378354;0.107834;0.985135 0.154839 -0.0743892 0.269325 -0.136675 0.96883 0.20661 0.489011 0.104062 -0.193371 0.975591 -0.143232 0 0 0 1 
36535719080239;0.260619;0.0127578;0.999437 -0.0277727 0.0188407 0.370386 0.0274927 0.99951 0.0149569 -0.143579 -0.0192469 -0.0144305 0.999711 0.403238 0 0 0 1 
36535719080240;0.347346;0.0139494;0.997532 0.00605863 0.0699496 -0.0754621 0.0201017 0.929921 -0.367209 0.342589 -0.0672724 0.367709 0.927504 -0.285795 0 0 0 1 
36535719080241;0.461675;0.0183945;0.945464 0.144643 0.291849 -0.244066 -0.069625 0.96503 -0.252723 -0.172579 -0.318198 0.218621 0.922472 0.702192 0 0 0 1 
36535719080242;0.184835;0.0113901;0.99219 0.105564 0.066454 -0.178614 -0.106971 0.9941 0.0179673 0.0472285 -0.0641652 -0.0249357 0.997628 0.156967 0 0 0 1 
36535719080243;0.50255;0.49091;0.999815 -0.00105368 0.0191894 0.0242915 0.00158924 0.999609 -0.0279153 0.00544013 -0.0191525 0.0279406 0.999426 -0.140713 0 0 0 1 
36535719080244;0.3548;0.189064;0.946863 0.115359 0.300238 -0.404769 -0.144792 0.986412 0.0776259 0.109209 -0.287204 -0.116973 0.9507 1.19805 0 0 0 1 
36535719080245;0.421326;0.0197641;0.969664 0.121594 -0.212053 0.425689 -0.141364 0.986667 -0.0806537 0.564698 0.199419 0.108184 0.973924 -1.25449 0 0 0 1 
36535719080246;0.428678;0.30072;0.998264 0.0404378 0.0428203 -0.0368051 -0.0383852 0.998123 -0.0477195 0.108762 -0.0446696 0.045993 0.997943 -0.394692 0 0 0 1 
36535719080248;0.279109;0.020114;0.999977 -0.00606474 -0.00293812 0.680544 0.0060647 0.999982 -2.24548e-05 0.214209 0.0029382 4.63555e-06 0.999996 -0.348352 0 0 0 1 
36535719080249;0.148582;0.118195;0.999902 -0.00854919 -0.0110899 -0.0445714 0.00855863 0.999963 0.000803897 -0.011692 0.0110826 -0.000898733 0.999938 -0.170724 0 0 0 1 
36535719080250;0.310686;0.0167463;0.996668 -0.00529122 0.081393 -0.311999 0.00514525 0.999985 0.00200314 0.208979 -0.0814023 -0.00157767 0.99668 -0.664006 0 0 0 1 
36535719080251;0.298484;0.010409;0.999383 0.0283255 -0.0207881 -0.561699 -0.0272015 0.998251 0.0524927 0.654993 0.0222386 -0.0518948 0.998405 0.185423 0 0 0 1 
36535719080252;0.364884;0.245712;0.984828 -0.104593 -0.138469 0.843689 0.104779 0.994478 -0.00596659 -0.330011 0.138328 -0.00863251 0.990349 -0.311857 0 0 0 1 
36535719080253;0.298099;0.239016;0.99896 -0.0385324 -0.0243688 0.507847 0.0373263 0.998142 -0.0481508 -0.063409 0.0261789 0.0471911 0.998543 -0.571819 0 0 0 1 
36535719080254;0.413793;0.333877;0.996918 -0.0736061 -0.027135 0.240213 0.0662408 0.975132 -0.211496 0.313536 0.0420276 0.209046 0.977002 -0.399349 0 0 0 1 
36535719080255;0.265645;0.00535601;0.9948 -0.0733486 0.0706546 -0.164678 0.0898151 0.958916 -0.269098 -0.241671 -0.0480139 0.274044 0.960518 0.254538 0 0 0 1 
36535719080256;0.228269;0.216885;0.999563 0.0295624 0.000869654 0.072939 -0.0295728 0.999422 0.0167869 0.0475643 -0.00037289 -0.0168053 0.999859 -0.0582237 0 0 0 1 
36535719080257;0.266234;0.0317301;0.999645 -0.0264999 -0.00275489 -0.666206 0.0265745 0.999136 0.0319454 -0.182497 0.00190596 -0.0320072 0.999486 -0.0651432 0 0 0 1 
36535719080258;0.327944;0.00710449;0.999034 -0.0388358 -0.0205782 0.567441 0.0391407 0.999127 0.0146271 -0.696797 0.0199921 -0.0154184 0.999681 0.548186 0 0 0 1 
