#;prob_registration_l1 -r /home/probabilistic_point_clouds_registration/build/tester /home/point_clouds_registration_benchmark//devel/registration_pairs/gazebo_winter_local.txt /home/point_clouds_registration_benchmark//eth/gazebo_winter -s 0.2 -t 0.2 -p 0.3 -r 1000 -m 1 -i 40 
id;initial_error;final_error;transformation
38591597440000;0.538033;0.0873517;0.996437 -0.0672907 -0.0508476 -0.266562 0.0691602 0.996958 0.0359472 -0.278089 0.048274 -0.0393357 0.998059 0.543789 0 0 0 1 
38591597440001;0.518725;0.231337;0.984029 0.0402115 0.173409 -0.252454 -0.0537364 0.995808 0.0740171 -0.0403599 -0.169706 -0.0821533 0.982065 0.084644 0 0 0 1 
38591597440002;0.466312;0.0638318;0.99113 -0.0701488 0.112876 0.00363129 0.0743939 0.996655 -0.0338411 -0.116333 -0.110124 0.0419382 0.993033 -0.220261 0 0 0 1 
38591597440003;0.369171;0.255693;0.999743 0.0214693 0.00732148 0.0129792 -0.0215604 0.999688 0.0126077 0.0364566 -0.00704852 -0.0127623 0.999894 0.388263 0 0 0 1 
38591597440004;0.566929;0.301452;0.964844 0.110052 -0.238673 0.747182 -0.11095 0.993779 0.00971295 0.383751 0.238257 0.0171092 0.971051 -1.50527 0 0 0 1 
38591597440005;0.214626;0.0167699;0.995021 -0.0815877 -0.0572498 -0.01057 0.0811577 0.996653 -0.0098008 -0.30996 0.0578579 0.00510573 0.998312 -0.584937 0 0 0 1 
38591597440006;0.296525;0.154998;0.985639 -0.04871 -0.161689 0.184456 0.0650439 0.993126 0.0973136 -0.368721 0.155837 -0.106433 0.982032 -0.338289 0 0 0 1 
38591597440007;0.55939;0.0847145;0.997566 0.0693701 -0.00705983 0.0213564 -0.0688276 0.99584 0.0597034 -0.0754551 0.0111721 -0.0590722 0.998191 -0.857165 0 0 0 1 
38591597440008;0.573696;0.159983;0.951869 -0.021372 0.305759 -0.0269072 -0.036324 0.98267 0.181768 -0.0179342 -0.304345 -0.184126 0.934597 1.98227 0 0 0 1 
38591597440009;0.226381;0.113221;0.999845 -0.00644434 0.016367 0.035086 0.0059987 0.999614 0.0271322 -0.0293891 -0.0165356 -0.0270298 0.999498 -0.220238 0 0 0 1 
38591597440010;0.405479;0.109201;0.944404 -0.0832908 0.318063 -0.0161442 0.158722 0.962686 -0.219187 -0.517968 -0.287938 0.257485 0.922385 1.59843 0 0 0 1 
38591597440011;0.432428;0.348632;0.999013 -0.0339083 -0.0286889 0.0636403 0.0365931 0.994423 0.0989149 -0.312635 0.0251749 -0.0998671 0.994682 -0.176738 0 0 0 1 
38591597440012;0.493861;0.014897;0.996389 -0.00219964 -0.0848808 0.337641 -0.00249426 0.998475 -0.0551542 -0.284349 0.0848727 0.0551668 0.994863 0.331221 0 0 0 1 
38591597440013;0.489902;0.34912;0.98165 0.0500322 0.184008 -0.298027 -0.0575218 0.99771 0.035589 0.108222 -0.181806 -0.0455205 0.98228 0.461407 0 0 0 1 
38591597440014;0.265078;0.0348481;0.956018 -0.0513418 0.288778 -0.0592912 0.0796072 0.993023 -0.0869954 -0.255295 -0.282297 0.106158 0.953435 1.32959 0 0 0 1 
38591597440015;0.50504;0.45249;0.999218 -0.00548881 0.0391517 -0.00252221 0.00465668 0.999762 0.0213134 -0.0709967 -0.0392594 -0.0211145 0.999006 0.0866494 0 0 0 1 
38591597440016;0.306367;0.229468;0.982337 0.0527518 -0.17953 0.347305 -0.0417538 0.997044 0.0644998 -0.0101463 0.182401 -0.0558645 0.981636 -0.756937 0 0 0 1 
38591597440017;0.306001;0.273128;0.999819 -0.0188084 0.00277886 -0.0660645 0.0189115 0.998876 -0.0434672 -0.0674815 -0.00195819 0.0435119 0.999051 0.0516246 0 0 0 1 
38591597440018;0.310987;0.229295;0.999687 0.0232844 -0.00914029 0.0835865 -0.0234685 0.999513 -0.0205791 0.0931918 0.00865667 0.0207872 0.999746 -0.264304 0 0 0 1 
38591597440019;0.565481;0.459721;0.998448 -0.0399333 0.038831 -0.255794 0.0354442 0.993286 0.110118 -0.275074 -0.0429677 -0.108571 0.99316 -0.0562978 0 0 0 1 
38591597440020;0.471158;0.26831;0.995791 -0.0609849 -0.0684211 0.00898993 0.0481175 0.983204 -0.176051 -0.0132309 0.0780084 0.172018 0.982 0.228775 0 0 0 1 
38591597440021;0.264772;0.223078;0.983713 0.0439183 0.174299 -0.278223 -0.0523058 0.997669 0.0438209 0.141043 -0.171968 -0.052224 0.983717 0.635026 0 0 0 1 
38591597440022;0.382739;0.16804;0.9952 0.00340464 -0.0978076 -0.0792084 0.00308225 0.997809 0.0660954 -0.212356 0.0978183 -0.0660796 0.993008 -0.079542 0 0 0 1 
38591597440023;0.504596;0.332835;0.999443 0.0318441 -0.00999458 0.0217658 -0.0324578 0.997099 -0.0688443 0.26229 0.0077733 0.0691304 0.997577 -0.515345 0 0 0 1 
38591597440024;0.223621;0.0446913;0.997151 -0.0532271 0.0534491 -0.0359878 0.063125 0.976725 -0.204996 0.00453049 -0.0412937 0.207786 0.977302 0.291204 0 0 0 1 
38591597440025;0.497841;0.20907;0.961327 -0.126579 0.244596 -0.503271 0.158324 0.980698 -0.114742 -0.55051 -0.225351 0.14903 0.962812 0.603082 0 0 0 1 
38591597440026;0.507307;0.446175;0.979389 -0.0101775 -0.201727 0.506214 0.02767 0.996074 0.0840844 -0.251926 0.20008 -0.0879331 0.975826 -0.629849 0 0 0 1 
38591597440027;0.37107;0.190749;0.997396 -0.0313251 0.0649617 -0.226828 0.0149307 0.970918 0.238945 -0.142939 -0.0705575 -0.237353 0.968858 0.524074 0 0 0 1 
38591597440028;0.144155;0.0914155;0.997847 -0.038187 -0.0533147 0.0441409 0.0370185 0.999056 -0.0227345 -0.128603 0.0541325 0.0207119 0.998319 -0.147952 0 0 0 1 
38591597440029;0.386592;0.286884;0.984755 -0.0932943 0.146811 -0.289855 0.0773689 0.990839 0.110688 -0.588958 -0.155792 -0.0976423 0.982952 0.782089 0 0 0 1 
38591597440031;0.613756;0.495365;0.960306 -0.0321432 -0.27709 0.549691 0.0137365 0.997583 -0.0681161 -0.209498 0.278609 0.0616061 0.958427 -1.29624 0 0 0 1 
38591597440032;0.317715;0.193405;0.983611 0.0710044 -0.165734 0.444134 -0.0906397 0.989328 -0.114084 0.651968 0.155864 0.127237 0.979549 -0.458017 0 0 0 1 
38591597440033;0.586776;0.388167;0.938066 -0.038319 0.34433 0.00461618 0.0260626 0.998853 0.0401552 0.284312 -0.345474 -0.0286941 0.93799 1.38587 0 0 0 1 
38591597440034;0.22655;0.212694;0.999942 -0.010629 0.00150511 -0.0906019 0.0106865 0.998906 -0.0455152 -0.0198459 -0.00101969 0.0455287 0.998963 0.0299262 0 0 0 1 
38591597440035;0.489052;0.461106;0.99729 -0.00716345 0.0732194 -0.0767613 0.00838193 0.999831 -0.0163479 -0.0633173 -0.0730899 0.0169173 0.997182 0.337766 0 0 0 1 
38591597440036;0.235684;0.222785;0.999811 -0.0192614 -0.00280811 -0.0514017 0.0192167 0.999701 -0.0151457 -0.0541222 0.003099 0.0150888 0.999881 -0.0391777 0 0 0 1 
38591597440037;0.200232;0.0111035;0.995132 0.0972472 0.0159747 0.179078 -0.0972629 0.995259 0.00020657 0.416709 -0.0158789 -0.00175931 0.999872 -0.229714 0 0 0 1 
38591597440038;0.419626;0.282562;0.995776 0.082637 -0.040027 0.213149 -0.0885975 0.979208 -0.182487 0.57184 0.0241146 0.185262 0.982393 0.687266 0 0 0 1 
38591597440039;0.360484;0.0314973;0.999217 -0.00890491 0.0385523 -0.039611 0.0144143 0.989315 -0.145082 -0.145978 -0.0368484 0.145524 0.988668 -0.10385 0 0 0 1 
38591597440040;0.46013;0.20937;0.950942 0.094529 -0.294573 0.847174 -0.0968593 0.995276 0.00670393 0.489999 0.293815 0.0221571 0.955605 -1.41156 0 0 0 1 
38591597440041;0.266595;0.011186;0.998688 0.0509799 0.0048224 -0.342663 -0.05103 0.998638 0.0108951 0.180746 -0.00426039 -0.0111269 0.999929 0.0524566 0 0 0 1 
38591597440042;0.263344;0.181168;0.987012 0.0628929 -0.147826 0.406206 -0.0533447 0.996279 0.0676949 0.119179 0.151534 -0.0589299 0.986694 -0.60788 0 0 0 1 
38591597440043;0.518284;0.257608;0.993138 0.0958475 -0.0670141 0.25002 -0.0905267 0.992805 0.0783778 0.306208 0.0740442 -0.0717733 0.994669 -1.1726 0 0 0 1 
38591597440044;0.328581;0.19879;0.9945 0.037762 0.0976962 -0.122632 -0.0323501 0.997884 -0.0563982 0.24048 -0.0996192 0.0529275 0.993617 0.833185 0 0 0 1 
38591597440045;0.358212;0.165151;0.991867 0.0504638 0.116845 -0.103512 -0.055571 0.997618 0.0408701 0.225562 -0.114504 -0.0470309 0.992309 0.822794 0 0 0 1 
38591597440046;0.061941;0.0305727;0.999631 -0.0111719 0.0247627 0.0130998 0.0105776 0.999656 0.0240009 -0.0454575 -0.0250223 -0.0237301 0.999405 0.0602138 0 0 0 1 
38591597440047;0.281023;0.0473862;0.991726 0.107451 -0.0702468 0.413939 -0.100897 0.990727 0.0909955 0.280885 0.0793729 -0.0831549 0.993371 -0.847795 0 0 0 1 
38591597440048;0.595102;0.182066;0.996295 0.0474149 -0.0717532 -0.151431 -0.0358504 0.98732 0.154642 -0.210551 0.0781757 -0.151497 0.985362 -1.32244 0 0 0 1 
38591597440049;0.461067;0.348054;0.988216 0.0711451 -0.135524 0.24501 -0.0706404 0.997465 0.00853509 0.109362 0.135788 0.00113897 0.990737 -0.632023 0 0 0 1 
38591597440050;0.266343;0.159137;0.999235 5.36788e-05 -0.0391062 0.0292997 -0.00330265 0.996542 -0.0830209 -0.0219766 0.0389665 0.0830865 0.99578 -0.18051 0 0 0 1 
38591597440051;0.432966;0.107432;0.953774 0.149682 -0.260597 0.813048 -0.144822 0.988733 0.0378676 0.883106 0.263329 0.00162312 0.964705 -0.90212 0 0 0 1 
38591597440052;0.0767887;0.0134773;0.995326 -0.0185146 0.0947802 -0.0327994 0.0209841 0.999464 -0.0251245 -0.0961269 -0.0942643 0.0269959 0.995181 0.44189 0 0 0 1 
38591597440053;0.465189;0.391823;0.994821 0.0567615 -0.0843127 0.258785 -0.0492905 0.994883 0.0881931 0.209885 0.0888873 -0.0835806 0.992529 -0.450029 0 0 0 1 
38591597440054;0.503874;0.297436;0.997889 0.00523854 0.0647358 -0.352359 -0.0104936 0.99665 0.0811054 -0.13182 -0.0640941 -0.0816135 0.994601 0.287303 0 0 0 1 
38591597440055;0.362809;0.0839615;0.998899 -0.0465106 0.00607716 -0.108316 0.0465201 0.998916 -0.00144011 -0.225485 -0.0060036 0.00172124 0.99998 -0.538452 0 0 0 1 
38591597440056;0.349297;0.24863;0.999114 0.0141016 0.0396643 -0.0979588 -0.0191818 0.991227 0.130771 -0.113441 -0.0374723 -0.131416 0.990619 0.0241673 0 0 0 1 
38591597440057;0.335627;0.247504;0.993068 -0.00230582 -0.117515 0.197286 0.0023445 0.999997 0.000190929 0.0358062 0.117515 -0.00046512 0.993071 -0.340505 0 0 0 1 
38591597440058;0.689618;0.642478;0.998451 0.0294748 -0.0471915 0.083721 -0.0304836 0.999319 -0.0208008 0.174501 0.0465463 0.0222071 0.998669 -0.49419 0 0 0 1 
38591597440059;0.45308;0.0103497;0.999995 0.00304247 -0.00130778 -0.374728 -0.00305342 0.99996 -0.00845807 -0.357159 0.00128199 0.00846201 0.999963 -0.554152 0 0 0 1 
38591597440060;0.265486;0.101162;0.999006 -0.0377046 0.0237932 -0.0129404 0.0362781 0.99767 0.0577786 -0.305545 -0.0259163 -0.056858 0.998046 0.309389 0 0 0 1 
38591597440062;0.128316;0.0189012;0.9971 -0.0761071 -0.000273528 -0.182822 0.0753998 0.987332 0.139611 -0.492097 -0.0103553 -0.139226 0.990206 -0.407673 0 0 0 1 
38591597440063;0.451456;0.021612;0.996727 -0.0329665 0.0738135 -0.206729 0.00917702 0.953312 0.301847 -0.497626 -0.0803181 -0.300182 0.950495 0.230195 0 0 0 1 
38591597440064;0.130373;0.0217632;0.997771 0.066506 -0.00554422 0.0826611 -0.0667343 0.993586 -0.091288 0.205429 -0.000562538 0.0914545 0.995809 0.179511 0 0 0 1 
38591597440065;0.480669;0.103411;0.955854 0.054642 0.288717 -0.184627 -0.0529654 0.998503 -0.0136224 0.209467 -0.289029 -0.00227097 0.957318 0.554443 0 0 0 1 
38591597440066;0.373674;0.11291;0.922757 -0.00817861 0.385295 -0.109126 -0.0332945 0.994345 0.100845 0.0976277 -0.383941 -0.105884 0.917267 1.65774 0 0 0 1 
38591597440067;0.212733;0.111705;0.992911 0.0838782 0.0842123 0.0594899 -0.102088 0.964687 0.24281 0.0576804 -0.060872 -0.249686 0.966412 -0.295872 0 0 0 1 
38591597440068;0.0642751;0.0184169;0.998146 -0.0369915 -0.0483366 -0.0872574 0.0338194 0.99732 -0.0648716 -0.109225 0.0506068 0.0631166 0.996722 -0.033528 0 0 0 1 
38591597440069;0.225205;0.0213372;0.99346 -0.0512514 -0.102032 -0.0660103 0.0423037 0.995221 -0.0880054 -0.127873 0.106055 0.0831135 0.990881 -0.625366 0 0 0 1 
38591597440070;0.596655;0.214251;0.993629 -0.0407198 0.10509 -0.583851 0.0487622 0.995981 -0.0751293 0.210191 -0.101609 0.079775 0.991621 0.333575 0 0 0 1 
38591597440071;0.538974;0.15355;0.983497 0.128382 0.127481 -0.067628 -0.153218 0.96573 0.209499 0.654782 -0.0962167 -0.225574 0.969463 0.495065 0 0 0 1 
38591597440072;0.398938;0.262592;0.99812 0.0587281 -0.0175601 -0.0129593 -0.0603991 0.991134 -0.11834 0.432014 0.0104545 0.119178 0.992818 -0.00627392 0 0 0 1 
38591597440073;0.454646;0.210753;0.992532 0.118266 0.0298933 -0.134993 -0.118033 0.992965 -0.00945165 0.514843 -0.0308008 0.00585267 0.999508 -0.253581 0 0 0 1 
38591597440074;0.403252;0.250025;0.999886 -0.0120203 -0.00912312 0.195825 0.0116735 0.999241 -0.0371625 -0.0220663 0.0095629 0.0370518 0.999268 0.251586 0 0 0 1 
38591597440075;0.606683;0.190008;0.998222 -0.0422454 -0.0420385 0.382141 0.0291007 0.961065 -0.274786 0.0926257 0.0520101 0.273074 0.960586 0.957744 0 0 0 1 
38591597440076;0.528752;0.0259438;0.999117 0.0206319 -0.0366108 -0.58837 -0.0199248 0.99961 0.0195737 0.252508 0.0370003 -0.0188269 0.999138 0.316917 0 0 0 1 
38591597440077;0.46683;0.395908;0.971214 0.0238725 0.237008 -0.573314 -0.0614455 0.986401 0.152437 0.158008 -0.230146 -0.162612 0.959474 0.589339 0 0 0 1 
38591597440078;0.164495;0.0356995;0.99996 -0.0089204 -0.000349512 -0.257401 0.00891332 0.999821 -0.0166993 -0.0467934 0.000498414 0.0166956 0.99986 0.0875212 0 0 0 1 
38591597440079;0.383028;0.273379;0.943091 0.00512401 0.332495 -0.0811626 -0.0536636 0.989121 0.136969 -0.00143321 -0.328176 -0.147017 0.933106 0.698063 0 0 0 1 
38591597440080;0.593423;0.384418;0.998528 0.00101589 -0.0542369 0.00608831 -0.000535222 0.99996 0.00887622 -0.00248852 0.0542438 -0.00883412 0.998489 0.438086 0 0 0 1 
38591597440081;0.611108;0.572879;0.999972 0.00297711 -0.00692687 0.0459611 -0.00304016 0.999954 -0.00910889 -0.0110636 0.00689943 0.00912969 0.999935 -0.0657481 0 0 0 1 
38591597440082;0.502695;0.329242;0.999282 0.0310248 0.0217528 -0.2901 -0.032136 0.998091 0.0527445 0.0817779 -0.0200749 -0.0534056 0.998371 -0.573828 0 0 0 1 
38591597440083;0.715049;0.308468;0.990538 -0.0421871 0.130595 -0.0945226 0.0480252 0.997968 -0.041881 -0.321834 -0.128563 0.0477566 0.990551 1.52832 0 0 0 1 
38591597440084;0.378082;0.0224229;0.989369 -0.00432033 0.145363 -0.164389 -0.0200013 0.986017 0.165439 -0.0135304 -0.144045 -0.166587 0.975449 -0.356996 0 0 0 1 
38591597440085;0.428084;0.428371;0.999287 0.00685324 0.0371388 -0.0455014 -0.00692644 0.999974 0.00184254 0.000666265 -0.0371253 -0.00209846 0.999308 0.205561 0 0 0 1 
38591597440086;0.348552;0.241524;0.994793 0.0777991 -0.0658387 0.105106 -0.085756 0.988032 -0.128214 0.476666 0.0550759 0.133192 0.989559 0.256015 0 0 0 1 
38591597440087;0.456571;0.204681;0.996004 -0.0839221 -0.030547 -0.425531 0.0846309 0.996154 0.0227 -0.398478 0.0285245 -0.0251945 0.999276 -0.684572 0 0 0 1 
38591597440088;0.581918;0.0185013;0.992407 0.041874 0.115648 -0.387383 -0.0436742 0.99896 0.013075 0.55753 -0.11498 -0.0180265 0.993204 -0.302055 0 0 0 1 
38591597440089;0.343578;0.157502;0.996333 -0.0742708 -0.0424887 -0.131057 0.070141 0.993324 -0.0915824 -0.255734 0.0490069 0.0882663 0.994891 -0.363832 0 0 0 1 
38591597440090;0.290589;0.0204809;0.994464 -0.103083 0.0203777 -0.19087 0.102995 0.994668 0.00535041 -0.120914 -0.0208206 -0.00322199 0.999778 0.351052 0 0 0 1 
38591597440091;0.344699;0.340179;0.999742 -0.00807333 0.0212253 -0.106273 0.00888787 0.999217 -0.0385655 -0.0598329 -0.0208974 0.0387442 0.999031 0.15402 0 0 0 1 
38591597440093;0.395285;0.227849;0.978831 -0.0786689 0.188948 -0.285019 0.0915149 0.99398 -0.0602403 0.149578 -0.183071 0.0762566 0.980138 -0.194381 0 0 0 1 
38591597440094;0.48271;0.157079;0.91404 0.0201579 0.405123 -0.231869 -0.0386772 0.998545 0.0375787 0.303724 -0.403776 -0.0500175 0.91349 -0.0910415 0 0 0 1 
38591597440095;0.208258;0.193606;0.99988 0.0153575 -0.00188254 -0.0742763 -0.015354 0.99988 0.00182761 0.00510877 0.00191039 -0.00179849 0.999997 -0.00796632 0 0 0 1 
38591597440096;0.348707;0.259711;0.960759 0.116454 -0.251756 0.0537492 -0.0889685 0.989024 0.117965 -0.198432 0.26273 -0.0909378 0.960574 -0.0462347 0 0 0 1 
38591597440097;0.0996698;0.00995863;0.995929 -0.0847366 -0.0307577 0.0444567 0.0845296 0.996389 -0.00797064 -0.107101 0.031322 0.00533825 0.999495 0.0875876 0 0 0 1 
38591597440098;0.341585;0.286338;0.993137 -0.0541024 0.103691 -0.156274 0.0528418 0.998492 0.0148679 -0.00217439 -0.104339 -0.00928666 0.994498 0.0270644 0 0 0 1 
38591597440099;0.517514;0.187971;0.904464 0.0821426 0.418567 -0.881771 -0.11658 0.991525 0.0573293 0.192709 -0.41031 -0.100649 0.906375 0.516341 0 0 0 1 
38591597440100;0.554576;0.132589;0.925298 0.104446 0.364575 -0.84834 -0.114608 0.993391 0.00628382 -0.497827 -0.361509 -0.0475975 0.931153 0.372958 0 0 0 1 
38591597440101;0.308911;0.00982832;0.997499 0.0105636 -0.0698824 0.415274 -0.0119211 0.999748 -0.0190366 -0.162718 0.0696636 0.0198221 0.997374 -0.674192 0 0 0 1 
38591597440102;0.281264;0.265036;0.993444 0.06619 0.0932086 -0.310899 -0.0829668 0.978365 0.18952 -0.143723 -0.0786477 -0.196011 0.977443 0.0907115 0 0 0 1 
38591597440103;0.458862;0.367279;0.997241 -0.0405413 0.0621787 0.0294045 0.0383519 0.998615 0.0360087 -0.14313 -0.0635524 -0.0335247 0.997415 -0.223727 0 0 0 1 
38591597440104;0.179607;0.0100335;0.980615 0.0456507 -0.190551 0.111276 -0.0359476 0.99789 0.0540728 -0.112311 0.192617 -0.0461748 0.980187 -0.24674 0 0 0 1 
38591597440105;0.407802;0.362498;0.997166 -0.0340918 -0.0670671 0.211495 0.0338918 0.999417 -0.00411715 -0.0550444 0.0671684 0.00183245 0.99774 -0.107419 0 0 0 1 
38591597440106;0.119513;0.00740669;0.997962 -0.00765427 0.0633533 -0.129098 0.0116014 0.997998 -0.062172 0.126076 -0.0627506 0.0627803 0.996053 -0.123793 0 0 0 1 
38591597440107;0.268114;0.238309;0.99913 -0.0287808 -0.0301738 0.0591102 0.0283026 0.999469 -0.0161551 0.0385717 0.0306228 0.015287 0.999414 0.0655477 0 0 0 1 
38591597440108;0.407271;0.265979;0.98357 0.0797397 -0.16196 -0.0845913 -0.0650788 0.993452 0.0939001 -0.134952 0.168387 -0.0818172 0.98232 0.312919 0 0 0 1 
38591597440109;0.443389;0.130894;0.985517 0.0886166 0.144581 -0.730144 -0.111943 0.980398 0.162139 -0.351995 -0.127379 -0.175975 0.976118 0.0993729 0 0 0 1 
38591597440110;0.432632;0.0386019;0.972992 -0.0763282 0.217856 -0.61368 0.126536 0.965688 -0.226795 0.397583 -0.19307 0.248237 0.949264 0.0153993 0 0 0 1 
38591597440111;0.338245;0.180931;0.965834 0.133134 -0.222351 0.0432158 -0.136413 0.990652 0.000618226 -0.0343902 0.220355 0.0297344 0.974966 -0.012746 0 0 0 1 
38591597440112;0.277197;0.121838;0.974463 0.0910376 0.205265 -0.407496 -0.0584962 0.985484 -0.159373 0.168949 -0.216794 0.143296 0.965643 0.232544 0 0 0 1 
38591597440113;0.357829;0.216207;0.998649 0.0518127 0.00399279 -0.269009 -0.0519233 0.997998 0.0360991 -0.0361404 -0.00211441 -0.0362576 0.99934 -0.523481 0 0 0 1 
38591597440114;0.246214;0.187669;0.997684 0.0408481 0.0543834 -0.24521 -0.0370744 0.99695 -0.0686781 0.0859143 -0.0570229 0.0665029 0.996155 -0.0974951 0 0 0 1 
38591597440115;0.388473;0.275341;0.953388 -0.111378 0.28044 -0.360234 0.140402 0.986391 -0.0855608 0.029945 -0.267094 0.120947 0.956051 0.319101 0 0 0 1 
38591597440116;0.336493;0.246054;0.990546 -0.0852047 0.10751 -0.0706466 0.107182 0.969844 -0.218893 0.0337445 -0.0856171 0.228347 0.969808 -0.2418 0 0 0 1 
38591597440117;0.374866;0.00758501;0.99975 0.0206828 -0.00852458 0.836992 -0.0204494 0.999437 0.0266149 -0.172515 0.00907025 -0.0264339 0.999609 0.236152 0 0 0 1 
38591597440118;0.178075;0.0721268;0.994688 -0.0599891 0.0836533 0.0280001 0.0761537 0.975608 -0.205889 0.159495 -0.0692617 0.211166 0.974993 -0.014144 0 0 0 1 
38591597440119;0.473817;0.443632;0.998911 -0.0424579 0.0193413 -0.0508385 0.0426508 0.999043 -0.00967325 -0.174093 -0.0189121 0.0104876 0.999766 0.394451 0 0 0 1 
38591597440120;0.215098;0.197375;0.999901 -0.0136582 0.0033887 0.0441929 0.0136316 0.999877 0.00773731 -0.0463258 -0.00349396 -0.00769035 0.999964 0.0130141 0 0 0 1 
38591597440121;0.418127;0.0070422;0.992025 0.0918723 0.0862942 0.0345883 -0.0974103 0.993291 0.0623161 0.0282974 -0.0799901 -0.0702251 0.994319 1.06801 0 0 0 1 
38591597440122;0.192825;0.193321;0.999787 0.0150628 0.0140916 -0.142173 -0.0160642 0.997138 0.0738799 -0.186294 -0.0129384 -0.0740906 0.997168 0.114881 0 0 0 1 
38591597440124;0.0779043;0.0137903;0.999445 0.0148002 -0.0298419 -0.00718666 -0.0151124 0.999833 -0.0102653 0.0466623 0.029685 0.0107106 0.999502 0.134601 0 0 0 1 
38591597440125;0.14453;0.0141561;0.999028 0.0122284 -0.0423419 0.0463987 -0.00170688 0.970751 0.240082 -0.219454 0.0440393 -0.239777 0.969829 -0.584209 0 0 0 1 
38591597440126;0.34028;0.179146;0.96692 -0.057351 0.248549 -0.413448 0.0868789 0.990182 -0.109504 0.174551 -0.239829 0.127475 0.96241 0.242706 0 0 0 1 
38591597440127;0.280733;0.0249401;0.975819 -0.101894 0.193378 -0.540027 0.0967604 0.994662 0.0358352 0.172061 -0.195997 -0.0162573 0.98047 0.260572 0 0 0 1 
38591597440128;0.300881;0.316543;0.992961 0.0660361 -0.0983204 0.433598 -0.0510966 0.987759 0.147384 -0.0918286 0.106849 -0.141322 0.98418 -0.436783 0 0 0 1 
38591597440129;0.231531;0.034006;0.958407 0.0945647 -0.269284 0.494397 -0.0404738 0.979011 0.19975 0.0269761 0.282521 -0.180543 0.942118 -0.670595 0 0 0 1 
38591597440130;0.346361;0.294977;0.999712 -0.0163472 0.017545 -0.0509079 0.01641 0.999859 -0.00344476 -0.0776314 -0.0174862 0.00373168 0.99984 -0.18061 0 0 0 1 
38591597440131;0.336968;0.358708;0.992775 -0.0941176 0.0744327 -0.026706 0.0932586 0.99553 0.0149417 0.325949 -0.0755062 -0.00789224 0.997114 0.127843 0 0 0 1 
38591597440132;0.344656;0.298942;0.971568 0.0765777 -0.224034 0.523847 -0.102686 0.98891 -0.107298 0.244824 0.213332 0.127253 0.968657 0.269712 0 0 0 1 
38591597440133;0.350181;0.31538;0.99867 0.0398082 0.0327747 0.0872784 -0.0368384 0.995552 -0.0867079 0.0535212 -0.0360806 0.0853852 0.995695 0.444064 0 0 0 1 
38591597440134;0.561974;0.317807;0.960246 -0.140471 0.241238 0.0802033 0.14491 0.989445 -0.000663836 0.415517 -0.238599 0.0355952 0.970466 0.924865 0 0 0 1 
38591597440135;0.216019;0.0123152;0.979386 -0.0298564 -0.19978 0.141038 0.0564191 0.990088 0.128619 -0.275099 0.19396 -0.137239 0.971362 -0.564595 0 0 0 1 
38591597440136;0.499684;0.317554;0.998707 -0.050786 -0.00221567 0.221564 0.0507734 0.998696 -0.0053868 0.0309033 0.00248636 0.00526734 0.999983 -0.692167 0 0 0 1 
38591597440137;0.297035;0.0112234;0.994534 0.102991 0.0172041 0.0656484 -0.101972 0.993417 -0.0521881 0.663323 -0.0224657 0.0501485 0.998489 0.118478 0 0 0 1 
38591597440138;0.314957;0.179579;0.975387 0.073512 0.207886 0.181109 -0.0834932 0.99572 0.0396412 0.178372 -0.204082 -0.0560226 0.97735 -0.08146 0 0 0 1 
38591597440139;0.155913;0.0138826;0.994477 -0.00677987 0.104733 0.0945835 0.0229436 0.987818 -0.153912 0.0901742 -0.102413 0.155465 0.982518 0.608583 0 0 0 1 
38591597440140;0.442404;0.0594149;0.985679 -0.0558744 0.159104 -0.166261 0.0150033 0.968827 0.247285 -0.185389 -0.167962 -0.241357 0.955791 0.262302 0 0 0 1 
38591597440141;0.257242;0.111756;0.975464 0.167537 -0.14283 0.7328 -0.121561 0.950777 0.285036 -0.0924135 0.183554 -0.26068 0.947815 -0.846844 0 0 0 1 
38591597440142;0.222719;0.010467;0.977391 0.119981 0.1741 0.194755 -0.123494 0.9923 0.00944724 0.115133 -0.171626 -0.0307339 0.984683 0.278948 0 0 0 1 
38591597440143;0.482302;0.145926;0.94241 0.164972 -0.290943 0.817415 -0.102303 0.97038 0.218855 -0.50224 0.31843 -0.176486 0.931373 -0.665055 0 0 0 1 
38591597440144;0.255934;0.00972359;0.996996 0.0765241 -0.0119313 0.268473 -0.0762986 0.996917 0.0183274 0.283698 0.013297 -0.017362 0.999761 -0.530704 0 0 0 1 
38591597440145;0.370694;0.318669;0.972866 -0.0582546 -0.223913 0.41004 0.0525839 0.998129 -0.0312108 0.240036 0.225313 0.0185897 0.974109 -0.184918 0 0 0 1 
38591597440146;0.299941;0.0112489;0.996331 0.0637283 -0.0571233 0.187488 -0.0686094 0.993754 -0.0880088 -0.173568 0.0511579 0.0916051 0.99448 0.762451 0 0 0 1 
38591597440147;0.410512;0.164937;0.997643 -0.0642218 0.0241719 -0.274975 0.0647806 0.997632 -0.0230943 0.110942 -0.0226315 0.0246057 0.999441 -0.545844 0 0 0 1 
38591597440148;0.471802;0.374223;0.982405 -0.122329 -0.141126 0.202575 0.132313 0.989162 0.0636466 0.181199 0.131811 -0.0811996 0.987944 -0.148999 0 0 0 1 
38591597440149;0.337741;0.0191441;0.999984 0.00291941 -0.00483484 0.0521271 -0.00291339 0.999995 0.00125037 0.214259 0.00483847 -0.00123627 0.999988 -0.698442 0 0 0 1 
38591597440150;0.131256;0.0114986;0.998699 -0.0509358 -0.00222323 -0.25207 0.0509358 0.998702 -3.85254e-05 0.033378 0.00222231 -7.4767e-05 0.999998 -0.216081 0 0 0 1 
38591597440151;0.387023;0.347455;0.995335 -0.0263819 -0.0928052 0.159341 0.0281775 0.999439 0.0180902 0.0893225 0.092276 -0.0206209 0.99552 0.245586 0 0 0 1 
38591597440152;0.263342;0.245349;0.999315 -0.0367929 -0.00408787 0.0607102 0.036859 0.999167 0.0174892 0.111366 0.00344099 -0.0176278 0.999839 0.0119913 0 0 0 1 
38591597440153;0.441403;0.0118239;0.989579 0.133717 -0.053408 0.36371 -0.12381 0.979566 0.158497 0.505727 0.0735104 -0.150233 0.985914 0.22566 0 0 0 1 
38591597440155;0.258376;0.00709519;0.998644 0.043801 0.0281285 -0.6015 -0.0449892 0.998057 0.0430966 0.247309 -0.0261862 -0.0443036 0.998675 0.524601 0 0 0 1 
38591597440156;0.221561;0.00753992;0.999786 0.0123953 -0.0165901 0.0321509 -0.0136694 0.996778 -0.0790333 0.0106902 0.015557 0.0792432 0.996734 -0.70654 0 0 0 1 
38591597440157;0.430412;0.329038;0.993039 -0.0603603 -0.101146 0.406262 0.0441481 0.986852 -0.155478 0.319758 0.109201 0.14993 0.982648 -0.44023 0 0 0 1 
38591597440158;0.209175;0.00730317;0.987186 0.036182 0.155418 -0.0971055 -0.0424168 0.998415 0.0369879 0.194064 -0.153833 -0.0431062 0.987156 0.641884 0 0 0 1 
38591597440159;0.222826;0.214038;0.98885 -0.0224689 -0.147213 0.233444 0.016188 0.998912 -0.0437258 0.0188437 0.148036 0.0408551 0.988138 -0.226446 0 0 0 1 
38591597440160;0.348174;0.00716017;0.998071 0.0473466 -0.0401498 -0.26655 -0.0501596 0.996126 -0.0722223 0.920654 0.0365748 0.074097 0.99658 -0.546406 0 0 0 1 
38591597440161;0.528254;0.474421;0.999113 -0.0296817 -0.0298796 0.217693 0.0286615 0.99901 -0.0340098 -0.0241925 0.0308595 0.0331232 0.998975 0.120447 0 0 0 1 
38591597440162;0.274646;0.0165753;0.998243 -0.05869 -0.00815073 -0.718896 0.0587368 0.998258 0.00562444 -0.0347988 0.00780643 -0.00609331 0.999951 -0.127535 0 0 0 1 
38591597440163;0.298037;0.264982;0.999874 -0.0150142 -0.00517266 0.0197565 0.0149832 0.99987 -0.00598972 -0.0161777 0.00526192 0.00591147 0.999969 -0.190266 0 0 0 1 
38591597440164;0.263298;0.0105087;0.977872 0.177685 -0.110427 -0.257359 -0.173275 0.983683 0.0484026 0.0832248 0.117226 -0.0281973 0.992705 0.544567 0 0 0 1 
38591597440165;0.352749;0.0988316;0.989153 0.14621 -0.0141354 -0.727609 -0.14676 0.979609 -0.137217 0.397626 -0.00621534 0.137803 0.99044 -0.544 0 0 0 1 
38591597440166;0.206209;0.0641311;0.989639 -0.141714 0.0230839 0.16663 0.142797 0.98821 -0.0552268 0.170928 -0.0149853 0.0579509 0.998207 -0.205191 0 0 0 1 
38591597440167;0.319448;0.012072;0.999932 -0.00385881 0.0110461 0.356745 0.00390933 0.999982 -0.00455554 -0.435577 -0.0110283 0.00459841 0.999929 -0.756227 0 0 0 1 
38591597440168;0.116047;0.00889249;0.999755 0.0183065 -0.0124644 -0.00777867 -0.0198135 0.990775 -0.134063 0.132669 0.00989519 0.134277 0.990894 -0.210929 0 0 0 1 
38591597440169;0.218803;0.0561344;0.997617 -0.0209922 0.0657197 0.0128136 0.00772029 0.980569 0.196021 -0.130281 -0.0685576 -0.195047 0.978395 0.534722 0 0 0 1 
38591597440170;0.167043;0.00734363;0.999712 0.0095711 -0.0220177 0.0484215 -0.00948621 0.999947 0.00395693 -0.0684416 0.0220544 -0.00374693 0.99975 -0.486964 0 0 0 1 
38591597440171;0.339075;0.133177;0.984903 -0.154109 0.078844 0.106538 0.155946 0.987608 -0.0176578 0.103423 -0.0751457 0.0296866 0.996731 0.660247 0 0 0 1 
38591597440172;0.374586;0.0066454;0.976904 -0.0862887 -0.195483 1.05745 0.0497862 0.981575 -0.184479 0.10657 0.207799 0.170486 0.9632 -0.037725 0 0 0 1 
38591597440173;0.118391;0.00780662;0.997597 0.0273107 0.063676 -0.302455 -0.0248642 0.998934 -0.0389013 0.0210936 -0.0646705 0.0372245 0.997212 0.173128 0 0 0 1 
38591597440174;0.158802;0.0264115;0.993147 -0.0304297 0.112845 -0.117607 0.0104039 0.984696 0.173968 -0.0575245 -0.116412 -0.171601 0.978264 0.221623 0 0 0 1 
38591597440175;0.263758;0.160035;0.995668 0.0285093 0.0885011 -0.326706 -0.0316183 0.998924 0.0339286 -0.0966296 -0.0874386 -0.0365799 0.995498 0.261419 0 0 0 1 
38591597440176;0.174741;0.00793304;0.998588 -0.0518148 0.0117127 0.0687388 0.0490188 0.983749 0.172728 -0.346752 -0.0204722 -0.17191 0.9849 0.153051 0 0 0 1 
38591597440177;0.253101;0.0615297;0.994724 0.0990278 0.0267908 -0.422077 -0.0983023 0.994786 -0.0271645 -0.312987 -0.0293412 0.0243875 0.999272 -0.196026 0 0 0 1 
38591597440178;0.247175;0.0243731;0.997067 0.0703364 0.0301828 -0.351245 -0.0687696 0.996372 -0.0501389 -0.502018 -0.0335998 0.0479162 0.998286 -0.168675 0 0 0 1 
38591597440179;0.388374;0.374628;0.9998 -0.0125136 0.0155884 -0.0601232 0.0130508 0.999307 -0.0348531 0.144261 -0.0151415 0.0350496 0.999271 0.0682879 0 0 0 1 
38591597440180;0.287474;0.11842;0.931523 0.21567 -0.292833 0.240648 -0.20376 0.976445 0.0709718 0.105631 0.301242 -0.00644429 0.953526 -0.301052 0 0 0 1 
38591597440181;0.269146;0.00765864;0.998804 -0.0331236 0.035974 0.228866 0.0295738 0.99503 0.0950849 -0.731901 -0.0389447 -0.0939072 0.994819 -0.132478 0 0 0 1 
38591597440182;0.36237;0.289746;0.998882 0.0273111 0.0385955 -0.244263 -0.0281974 0.999347 0.022609 -0.00617422 -0.0379528 -0.023672 0.998999 -0.0290448 0 0 0 1 
38591597440183;0.418551;0.378143;0.998185 -0.0315328 -0.0513011 0.295108 0.0242048 0.990183 -0.137665 0.132015 0.0551384 0.136174 0.989149 -0.205983 0 0 0 1 
38591597440184;0.369769;0.00864105;0.999581 -0.0205317 0.0204058 -0.817042 0.0233696 0.988364 -0.150304 -0.0623055 -0.0170824 0.150717 0.988429 -0.688283 0 0 0 1 
38591597440186;0.226268;0.0377108;0.999837 -0.00886172 0.0157442 -0.159255 0.00868191 0.999897 0.0114528 -0.269678 -0.0158441 -0.0113142 0.99981 0.0906855 0 0 0 1 
38591597440187;0.539163;0.307745;0.997557 -0.0429279 0.0551143 -0.0202785 0.0412625 0.998667 0.0310089 -0.183317 -0.056372 -0.0286589 0.997998 0.589855 0 0 0 1 
38591597440188;0.243538;0.219701;0.990029 0.0438346 0.133871 -0.344685 -0.0658813 0.984093 0.164987 -0.0322443 -0.124509 -0.172162 0.977168 0.443169 0 0 0 1 
38591597440189;0.327282;0.0344736;0.998808 -0.02197 -0.0435805 0.110013 0.024355 0.998191 0.0549721 -0.115385 0.0422939 -0.055968 0.997536 -0.570011 0 0 0 1 
38591597440190;0.477387;0.0977571;0.954895 0.0381964 0.294475 -0.158321 -0.11614 0.960735 0.251991 0.187255 -0.273288 -0.274825 0.921838 1.40042 0 0 0 1 
38591597440191;0.452785;0.307944;0.989385 0.0301026 0.142166 0.0909252 -0.0770522 0.938134 0.337592 0.0611402 -0.123208 -0.344962 0.930495 1.3021 0 0 0 1 
38591597440192;0.627235;0.30567;0.997425 -0.0494632 0.051938 0.120329 0.045606 0.996289 0.0729924 -0.321363 -0.0553557 -0.0704357 0.995979 0.837299 0 0 0 1 
38591597440193;0.3706;0.0327;0.999736 0.000965973 0.0229576 -0.176137 0.00235351 0.989557 -0.144126 0.229724 -0.022857 0.144142 0.989293 -0.461796 0 0 0 1 
38591597440194;0.358294;0.257487;0.99629 0.022088 0.0831803 0.0205283 -0.0236735 0.999555 0.0181232 -0.139402 -0.082743 -0.0200251 0.99637 0.082808 0 0 0 1 
38591597440195;0.380792;0.214357;0.977774 0.0843482 -0.191949 0.0681548 -0.089998 0.995723 -0.0208924 0.116627 0.189365 0.037703 0.981183 -0.230438 0 0 0 1 
38591597440196;0.614704;0.661156;0.997253 -0.0550598 -0.0495378 0.0147981 0.0608398 0.990421 0.123951 -0.197626 0.0422386 -0.126625 0.991051 0.514635 0 0 0 1 
38591597440197;0.540834;0.228585;0.990456 0.115303 -0.0755075 0.403121 -0.118215 0.992361 -0.0352858 0.393236 0.0708621 0.0438751 0.996521 0.0196597 0 0 0 1 
38591597440198;0.653732;0.205471;0.994701 0.100244 -0.0228341 -0.0226999 -0.102772 0.963293 -0.248 0.0918511 -0.00286445 0.249032 0.968491 0.348407 0 0 0 1 
38591597440199;0.0659977;0.0304103;0.999485 -0.0229709 0.0223882 -0.0736612 0.0231288 0.999709 -0.0068221 -0.0785974 -0.0222249 0.0073364 0.999726 0.0401129 0 0 0 1 
38591597440200;0.599375;0.0312523;0.99855 0.0532924 -0.00755786 0.506514 -0.053285 0.998579 0.00117636 0.741837 0.00760981 -0.000771934 0.999971 0.133295 0 0 0 1 
38591597440201;0.617035;0.0416998;0.995072 0.0491245 0.0861296 0.374553 -0.0275108 0.971324 -0.236163 0.22715 -0.0952611 0.232629 0.967889 -0.506013 0 0 0 1 
38591597440202;0.728849;0.396002;0.943967 0.037309 -0.327925 0.751005 0.0257555 0.982233 0.185891 -0.453039 0.329034 -0.183921 0.926234 0.394399 0 0 0 1 
38591597440203;0.628996;0.241416;0.986191 0.160633 -0.0403102 0.501565 -0.159248 0.986599 0.0355201 0.463442 0.0454758 -0.0286103 0.998556 0.0539566 0 0 0 1 
38591597440204;0.361491;0.315167;0.999881 -0.0149652 0.00380555 0.0611573 0.014812 0.999187 0.0375087 -0.183219 -0.00436378 -0.0374478 0.999289 0.306304 0 0 0 1 
38591597440205;0.426394;0.149235;0.991673 0.046997 0.119903 -0.476893 -0.073122 0.971882 0.223828 -0.123285 -0.106012 -0.230731 0.967225 0.728444 0 0 0 1 
38591597440206;0.39785;0.0656335;0.985045 0.0625835 0.16053 -0.0835838 -0.11658 0.928133 0.353521 0.177169 -0.126868 -0.366949 0.921549 0.914702 0 0 0 1 
38591597440207;0.654746;0.0747529;0.989902 0.132228 0.0510915 -0.556355 -0.134991 0.989317 0.055032 -0.17454 -0.0432689 -0.0613732 0.997177 0.494501 0 0 0 1 
38591597440208;0.405729;0.029783;0.96142 -0.0364802 0.272655 -0.169425 -0.0202844 0.979068 0.202521 -0.421483 -0.274336 -0.200239 0.940555 0.636664 0 0 0 1 
38591597440209;0.302589;0.260237;0.99937 0.0354914 0.000847521 -0.0310335 -0.0355014 0.999027 0.0261721 0.0907116 8.21866e-05 -0.0261857 0.999657 0.075747 0 0 0 1 
38591597440210;0.290612;0.044358;0.996366 0.0844221 -0.0113344 -0.146418 -0.0849003 0.973502 -0.212336 0.433565 -0.0068918 0.212526 0.977131 0.0890666 0 0 0 1 
38591597440211;0.669792;0.108479;0.989575 0.0950027 0.108236 -0.272296 -0.109556 0.984411 0.137593 -0.47692 -0.0934774 -0.148017 0.984557 0.553832 0 0 0 1 
38591597440212;0.674895;0.115533;0.93737 0.0938314 0.33546 0.526581 -0.199379 0.934206 0.295816 0.562636 -0.285632 -0.344172 0.894405 1.11925 0 0 0 1 
38591597440213;0.74739;0.025776;0.990923 0.0554318 -0.122472 0.0625683 -0.0259558 0.972778 0.230279 -0.972913 0.131903 -0.22501 0.965387 0.00890597 0 0 0 1 
38591597440214;0.177349;0.0305131;0.999941 -0.00192257 -0.0107259 0.0300047 -6.01786e-05 0.983323 -0.181867 0.0208931 0.0108967 0.181857 0.983265 -0.222478 0 0 0 1 
38591597440215;0.720627;0.0357193;0.993319 0.0558367 -0.100995 -0.068236 -0.0627984 0.995767 -0.0671173 0.541541 0.09682 0.0730112 0.99262 -1.28193 0 0 0 1 
38591597440217;0.284412;0.0114236;0.999872 -0.0158722 -0.00214972 0.244011 0.0158896 0.999839 0.00831736 0.089273 0.00201736 -0.00835045 0.999963 0.606052 0 0 0 1 
38591597440218;0.175507;0.043711;0.987555 0.155239 -0.0252165 -0.183892 -0.156112 0.987031 -0.0374097 0.163388 0.019082 0.0408807 0.998982 -0.0236333 0 0 0 1 
38591597440219;0.263573;0.0681815;0.990345 0.13828 0.00977636 -0.211477 -0.138273 0.990393 -0.00135079 0.200884 -0.00986923 -1.40611e-05 0.999951 0.415265 0 0 0 1 
38591597440220;0.260161;0.0142218;0.998882 0.0306028 -0.0360226 0.0445387 -0.0295492 0.99913 0.0294256 0.550143 0.0368918 -0.0283283 0.998918 0.222794 0 0 0 1 
38591597440221;0.443483;0.120808;0.996331 -0.0633386 -0.0575556 0.790885 0.0733793 0.978328 0.193624 -0.0967921 0.0440444 -0.197137 0.979386 0.401621 0 0 0 1 
38591597440222;0.400675;0.0127236;0.995619 0.0888972 0.0289753 -0.246771 -0.0895922 0.995698 0.0236401 0.363957 -0.0267491 -0.0261325 0.999301 -0.822105 0 0 0 1 
38591597440223;0.500048;0.393716;0.997356 0.0420524 0.0592746 -0.332675 -0.0463243 0.996282 0.0726419 -0.00525801 -0.0559995 -0.0751957 0.995595 0.434781 0 0 0 1 
38591597440224;0.319063;0.0128811;0.999698 0.02268 -0.00943075 0.158307 -0.022697 0.999741 -0.00169702 0.198125 0.00938981 0.00191055 0.999954 -0.745855 0 0 0 1 
38591597440225;0.246702;0.115059;0.988366 -0.07279 0.133542 0.0931327 0.0503789 0.985154 0.164117 -0.0332768 -0.143505 -0.15548 0.97736 -0.052461 0 0 0 1 
38591597440226;0.422905;0.297349;0.949677 0.134361 0.28295 -0.653126 -0.098939 0.985753 -0.13602 0.181669 -0.297195 0.10118 0.949441 0.283373 0 0 0 1 
38591597440227;0.114525;0.0132912;0.998696 -0.00030423 0.051049 -0.0779582 -0.00430528 0.995918 0.0901614 -0.224593 -0.0508681 -0.0902636 0.994618 0.0308046 0 0 0 1 
38591597440228;0.227089;0.197456;0.999281 -0.0305201 0.0225121 -0.0470514 0.030931 0.999357 -0.0181329 0.0191495 -0.0219442 0.0188162 0.999582 0.0817333 0 0 0 1 
38591597440229;0.366377;0.25327;0.99827 0.0449217 0.0379356 -0.268844 -0.0435374 0.998383 -0.0365602 0.0435418 -0.0395166 0.0348453 0.998611 -0.232175 0 0 0 1 
38591597440230;0.40791;0.0144719;0.999908 0.00719346 0.0114955 -0.0449556 -0.00800195 0.997379 0.0719067 -0.0230383 -0.0109482 -0.071992 0.997345 1.00802 0 0 0 1 
38591597440231;0.122929;0.0119829;0.997662 0.0594646 -0.0336848 0.0847235 -0.0562602 0.994424 0.0891915 -0.182752 0.0388007 -0.0870878 0.995445 0.0490693 0 0 0 1 
38591597440232;0.235296;0.221877;0.999779 -0.0157352 0.013931 0.012296 0.015726 0.999876 0.000773836 0.00874021 -0.0139414 -0.000554587 0.999903 -0.0187185 0 0 0 1 
38591597440233;0.450082;0.0905755;0.925601 0.0308126 -0.377244 0.688979 0.0466234 0.979809 0.194423 -0.252652 0.375618 -0.197547 0.905476 -0.41584 0 0 0 1 
38591597440234;0.442338;0.323894;0.991044 -0.0793532 -0.107397 0.287668 0.0711109 0.994373 -0.0785189 0.0938049 0.113024 0.0701786 0.991111 -0.257981 0 0 0 1 
38591597440235;0.600621;0.472012;0.998976 0.0395951 -0.0218925 -0.176864 -0.0392139 0.999076 0.0175788 -0.039227 0.0225683 -0.0167024 0.999606 0.607236 0 0 0 1 
38591597440236;0.098733;0.0135723;0.996226 0.0567407 -0.0656831 0.144516 -0.0564619 0.998386 0.00609492 0.0429842 0.065923 -0.00236332 0.997822 -0.155217 0 0 0 1 
38591597440237;0.391996;0.0282197;0.993241 -0.114009 -0.0217714 0.491917 0.115383 0.990208 0.0785797 0.29278 0.0125994 -0.0805606 0.99667 0.602887 0 0 0 1 
38591597440238;0.352561;0.224014;0.951814 0.0450083 0.303354 -0.613187 -0.0865621 0.988379 0.124956 -0.209137 -0.294204 -0.145194 0.944649 0.559941 0 0 0 1 
38591597440239;0.273596;0.228298;0.996658 -0.0449082 0.068234 0.0108786 0.0474455 0.998224 -0.0360312 0.0177744 -0.0664947 0.0391482 0.997018 -0.0756217 0 0 0 1 
38591597440240;0.59112;0.365003;0.99295 -0.0433005 -0.110344 0.407272 0.0543871 0.993547 0.099531 -0.334517 0.105322 -0.104831 0.988897 0.527174 0 0 0 1 
38591597440241;0.457943;0.28379;0.998506 0.0479959 0.0261306 -0.260678 -0.0463121 0.997025 -0.0616218 0.147425 -0.0290104 0.0603196 0.997757 -0.658163 0 0 0 1 
38591597440242;0.307705;0.271075;0.999537 0.0206351 0.0223718 0.0128975 -0.0208179 0.999752 0.00796833 -0.0497795 -0.0222018 -0.00843037 0.999718 -0.0252478 0 0 0 1 
38591597440243;0.105317;0.0128305;0.997931 -0.0641003 0.00494913 0.0960114 0.0640797 0.997936 0.00421826 -0.0600603 -0.00520931 -0.0038924 0.999979 -0.184608 0 0 0 1 
38591597440244;0.562292;0.238287;0.974766 -0.132165 -0.179898 0.84026 0.107555 0.984248 -0.140315 0.159331 0.195609 0.117425 0.973626 -0.951402 0 0 0 1 
38591597440245;0.374359;0.141681;0.996333 -0.073248 -0.0442154 -0.464424 0.075498 0.995812 0.0515636 0.0690173 0.0402533 -0.0547127 0.99769 0.320613 0 0 0 1 
38591597440246;0.451519;0.391339;0.999679 0.0240213 0.0081091 -0.0534692 -0.0238404 0.99948 -0.0217063 0.122058 -0.0086263 0.021506 0.999732 -0.247292 0 0 0 1 
38591597440248;0.275634;0.255168;0.999907 0.0110499 0.00795417 -0.0761762 -0.0109994 0.999919 -0.00637244 -0.0105121 -0.00802395 0.00628436 0.999948 0.00776979 0 0 0 1 
38591597440249;0.256114;0.0701544;0.968153 -0.10035 -0.229367 0.633292 0.0892908 0.994308 -0.0581229 0.0277436 0.233894 0.0357915 0.971603 -0.378282 0 0 0 1 
38591597440250;0.238063;0.0093444;0.92439 -0.0144531 -0.381176 0.231259 -0.0406569 0.989856 -0.13613 0.305186 0.379277 0.141334 0.914425 -0.500359 0 0 0 1 
38591597440251;0.292932;0.00885761;0.999981 -0.000765238 0.00606383 -0.0195984 0.000737294 0.999989 0.00460924 -0.0100061 -0.0060673 -0.00460468 0.999971 0.856204 0 0 0 1 
38591597440252;0.40515;0.206874;0.989726 -0.0272705 0.140352 -0.401533 0.0667889 0.956139 -0.285198 0.029288 -0.126419 0.291642 0.948137 -0.432992 0 0 0 1 
38591597440253;0.264249;0.00781049;0.999644 -0.0180207 0.0196828 -0.661578 0.01781 0.999783 0.0108253 0.023155 -0.0198736 -0.0104709 0.999748 -0.309293 0 0 0 1 
38591597440254;0.377732;0.321682;0.995393 -0.0659379 0.0696128 0.0022628 0.0634084 0.997266 0.0379449 -0.106353 -0.0719245 -0.033356 0.996852 0.0289278 0 0 0 1 
38591597440255;0.159826;0.0379397;0.97754 0.0585938 0.20244 0.0270142 -0.0471303 0.997025 -0.0609945 0.112798 -0.205412 0.0500836 0.977393 0.37797 0 0 0 1 
