#;prob_registration_l1 -r /home/probabilistic_point_clouds_registration/build/tester /home/point_clouds_registration_benchmark//devel/registration_pairs/hauptgebaude_local.txt /home/point_clouds_registration_benchmark//eth/hauptgebaude -s 0.2 -t 0.2 -p 0.3 -r 1000 -m 1 -i 40 
id;initial_error;final_error;transformation
3394309160000;0.248226;0.275165;0.999279 -0.00182469 0.0379277 -0.166348 0.000398969 0.999294 0.0375641 0.0104209 -0.0379694 -0.0375218 0.998574 -0.0495818 0 0 0 1 
3394309160001;0.28369;0.00373308;0.992911 0.116093 -0.0254954 -0.409546 -0.114521 0.991824 0.0562974 0.866483 0.0318227 -0.0529785 0.998088 -0.653247 0 0 0 1 
3394309160002;0.278932;0.19061;0.997217 -0.0108035 0.0737675 0.015352 0.00947267 0.999786 0.0183672 -0.116455 -0.0739502 -0.0176173 0.997106 0.259278 0 0 0 1 
3394309160003;0.0682056;0.0119716;0.995513 -0.0899484 0.0293665 0.0430805 0.0904684 0.995756 -0.0168817 -0.581446 -0.0277234 0.0194627 0.999426 0.185017 0 0 0 1 
3394309160004;0.286924;0.172292;0.999109 0.038172 -0.0179943 0.119235 -0.0380543 0.999252 0.00683655 0.756279 0.0182418 -0.0061457 0.999815 -0.31453 0 0 0 1 
3394309160005;0.492031;0.403241;0.99838 0.0515991 -0.0239647 -0.133008 -0.0515969 0.998668 0.000707627 0.578115 0.0239693 0.000530026 0.999713 -0.588251 0 0 0 1 
3394309160006;0.393899;0.2325;0.998924 0.0220671 0.0407815 -0.209722 -0.0228205 0.999576 0.0181001 0.464391 -0.0403648 -0.0190113 0.999004 0.560121 0 0 0 1 
3394309160007;0.411602;0.0163553;0.890381 -0.325345 0.318391 0.372789 0.334309 0.942055 0.0277342 -2.00055 -0.308965 0.081747 0.947554 1.35871 0 0 0 1 
3394309160008;0.42721;0.370982;0.966205 -0.257108 -0.0184996 1.37282 0.257254 0.966325 0.00595922 -1.77127 0.0163445 -0.0105169 0.999811 0.75667 0 0 0 1 
3394309160009;0.395375;0.0317859;0.980264 -0.194658 -0.0345171 0.438538 0.191863 0.97883 -0.071273 -1.48089 0.0476602 0.0632437 0.996859 0.569695 0 0 0 1 
3394309160010;0.216746;0.0527934;0.992866 -0.00539825 -0.119111 -0.119938 -0.00976077 0.991942 -0.126319 0.330853 0.118833 0.12658 0.984813 -0.582838 0 0 0 1 
3394309160011;0.228138;0.655576;0.969479 -0.229506 -0.0862402 1.91332 0.235829 0.969121 0.0720308 -1.65496 0.0670457 -0.0901703 0.993667 -0.177977 0 0 0 1 
3394309160012;0.324315;0.866747;0.955394 -0.295331 -0.00157321 1.90549 0.292578 0.945737 0.141348 -2.08955 -0.0402564 -0.135503 0.989959 -0.0390996 0 0 0 1 
3394309160013;0.268523;0.258837;0.997831 0.0586604 -0.0298642 -0.0406918 -0.0588633 0.998248 -0.0059592 0.129576 0.0294623 0.00770418 0.999536 -0.464498 0 0 0 1 
3394309160014;0.217364;0.0471684;0.999784 0.0196823 0.00665528 0.00561034 -0.0204916 0.987008 0.159359 -0.207061 -0.00343226 -0.159461 0.987198 0.27307 0 0 0 1 
3394309160015;0.198549;0.0882504;0.993105 0.0994935 0.0619926 -0.260592 -0.0978528 0.994779 -0.0289708 0.7015 -0.0645513 0.0227049 0.997656 0.550828 0 0 0 1 
3394309160016;0.362241;0.09671;0.932641 -0.228003 0.279636 0.412069 0.220858 0.973624 0.0572465 -1.681 -0.285312 0.00836951 0.958398 2.45958 0 0 0 1 
3394309160017;0.403444;0.157689;0.925101 -0.26889 0.268117 -0.0950259 0.263541 0.962995 0.0564589 -1.24962 -0.273376 0.0184296 0.961731 1.80829 0 0 0 1 
3394309160018;0.415951;0.0899844;0.978746 0.190594 0.0757011 -0.862227 -0.194814 0.979414 0.0528751 1.50996 -0.064065 -0.0664989 0.995728 0.334911 0 0 0 1 
3394309160019;0.389264;0.146183;0.977904 0.205916 -0.0360755 -0.303965 -0.205707 0.978568 0.00944933 1.06472 0.0372481 -0.00181955 0.999304 -0.974338 0 0 0 1 
3394309160020;0.355901;0.187064;0.962142 -0.148287 -0.22868 0.683972 0.118045 0.982982 -0.140752 -0.70134 0.24566 0.108429 0.963273 -1.31719 0 0 0 1 
3394309160021;0.307009;0.0575433;0.991674 -0.115628 -0.0566761 0.652496 0.123676 0.977809 0.1691 -0.943173 0.0358658 -0.174701 0.983968 -0.363952 0 0 0 1 
3394309160022;0.159878;0.065753;0.991673 -0.0430238 0.121385 -0.23919 0.0522448 0.995901 -0.0738338 -0.248775 -0.117711 0.0795607 0.989856 0.624449 0 0 0 1 
3394309160023;0.179015;0.0654402;0.998143 -0.0427625 0.0433717 -0.0322377 0.0437336 0.998808 -0.0216945 -0.314367 -0.0423923 0.023551 0.998823 -0.0196081 0 0 0 1 
3394309160024;0.448507;0.734302;0.950673 -0.30354 0.0639093 2.03706 0.302265 0.952783 0.0289879 -1.96004 -0.0696907 -0.00824047 0.997535 1.22967 0 0 0 1 
3394309160025;0.259237;0.0245353;0.986856 0.160088 -0.0220888 -0.0974124 -0.159121 0.986441 0.0401895 1.04923 0.0282231 -0.0361465 0.998948 -0.747733 0 0 0 1 
3394309160026;0.300277;0.270158;0.995304 0.0812566 0.0526129 -0.347865 -0.0783619 0.995411 -0.0549272 -0.035556 -0.0568347 0.0505464 0.997103 0.615262 0 0 0 1 
3394309160027;0.421694;0.396289;0.966903 -0.235045 -0.0992601 1.26873 0.250419 0.948765 0.192707 -2.40445 0.0488797 -0.211185 0.976223 0.440482 0 0 0 1 
3394309160028;0.443835;0.184703;0.966795 0.0638674 0.247442 -0.147223 0.00326352 0.965102 -0.261854 0.637199 -0.255531 0.253967 0.932848 1.01325 0 0 0 1 
3394309160029;0.512116;0.138301;0.998637 -0.0187096 0.0487183 0.26714 0.0289453 0.97535 -0.218756 0.0761655 -0.0434246 0.219868 0.974563 -0.694247 0 0 0 1 
3394309160031;0.426851;0.239361;0.978295 -0.202852 -0.0423002 0.433523 0.206212 0.973123 0.102509 -0.629512 0.0203691 -0.109007 0.993832 -0.525656 0 0 0 1 
3394309160032;0.353703;0.578106;0.968839 -0.222778 -0.108261 1.34505 0.225875 0.974007 0.0170792 0.246613 0.101642 -0.0410004 0.993976 -0.131685 0 0 0 1 
3394309160033;0.139215;0.0618945;0.999418 -0.0177142 -0.0291379 -0.0988025 0.0161876 0.998525 -0.0518199 -0.16064 0.0300129 0.0513181 0.998231 0.187393 0 0 0 1 
3394309160034;0.389775;0.156353;0.978053 0.202657 -0.0484053 -0.13786 -0.19966 0.978005 0.0603525 0.00171786 0.0595715 -0.0493633 0.997003 -0.538983 0 0 0 1 
3394309160035;0.19696;0.0396836;0.978408 0.155315 -0.136367 0.120486 -0.17009 0.979891 -0.104325 0.36752 0.117422 0.125267 0.98515 -0.127313 0 0 0 1 
3394309160036;0.370886;0.176858;0.963057 -0.267292 0.0327926 -0.0207024 0.255031 0.944362 0.207702 -0.111374 -0.0864853 -0.191666 0.977642 0.509393 0 0 0 1 
3394309160037;0.384635;0.0520273;0.927786 -0.242908 0.283212 -0.128129 0.195115 0.962857 0.186647 -0.71289 -0.318031 -0.117909 0.94072 -0.0515604 0 0 0 1 
3394309160038;0.368064;0.13454;0.983729 0.179382 -0.00998914 -0.578218 -0.179555 0.97973 -0.0888165 0.241896 -0.00614544 0.0891649 0.995998 -0.0249486 0 0 0 1 
3394309160039;0.0746977;0.0622645;0.999991 0.00424247 0.000553418 -0.0153386 -0.00424342 0.99999 0.00172194 -0.0141987 -0.000546107 -0.00172427 0.999998 -0.0263623 0 0 0 1 
3394309160040;0.279481;0.0892039;0.944396 -0.259042 0.202518 0.123419 0.241902 0.964529 0.10568 -0.333325 -0.222709 -0.050814 0.97356 0.443133 0 0 0 1 
3394309160041;0.389623;0.235047;0.966076 -0.256378 0.0310988 0.497923 0.254026 0.965042 0.0645363 -0.105656 -0.0465574 -0.0544471 0.997431 0.0511648 0 0 0 1 
3394309160042;0.283783;0.29776;0.989993 -0.1351 0.0407557 0.208376 0.135473 0.99076 -0.00650828 0.00182364 -0.0394998 0.0119645 0.999148 -0.226447 0 0 0 1 
3394309160043;0.314339;0.0380873;0.998014 0.0628622 0.00395541 0.158259 -0.0626688 0.984718 0.162487 -0.00028025 0.00631935 -0.162413 0.986703 0.64923 0 0 0 1 
3394309160044;0.531805;0.251986;0.951079 0.26358 -0.161168 -0.0582462 -0.248141 0.962485 0.109766 0.331378 0.184053 -0.0644037 0.980804 0.525809 0 0 0 1 
3394309160045;0.395186;0.371788;0.99013 0.0888439 0.108391 -0.229003 -0.0780459 0.991912 -0.100097 -0.0864751 -0.116408 0.09065 0.989056 0.0619229 0 0 0 1 
3394309160046;0.217132;0.0663017;0.993953 -0.104854 0.0325949 0.226672 0.104784 0.994488 0.00385865 -0.477099 -0.0328198 -0.000419896 0.999461 0.209343 0 0 0 1 
3394309160047;0.371665;0.00496479;0.976417 -0.15016 0.155116 -0.0732815 0.166043 0.981529 -0.0950326 0.121235 -0.13798 0.118547 0.983315 -0.624234 0 0 0 1 
3394309160048;0.441321;0.173453;0.962014 0.193364 0.192716 -0.484796 -0.155353 0.968225 -0.195976 0.348342 -0.224487 0.158593 0.961485 0.49482 0 0 0 1 
3394309160049;0.529697;0.334555;0.967472 -0.246381 -0.0574009 0.0484025 0.250718 0.964085 0.0876424 -0.705454 0.0337459 -0.099183 0.994497 -0.120698 0 0 0 1 
3394309160050;0.242722;0.00920877;0.984706 -0.120804 0.125543 -0.0140912 0.121926 0.992538 -0.00126346 -0.185269 -0.124454 0.0165511 0.992087 0.632802 0 0 0 1 
3394309160051;0.288745;0.103063;0.99596 -0.00958263 0.0892891 -0.0866394 0.000219835 0.994548 0.104284 -0.0815663 -0.0898016 -0.103843 0.990531 0.60061 0 0 0 1 
3394309160052;0.346607;0.058671;0.993897 0.0904589 -0.0631361 0.281439 -0.0899964 0.995891 0.0101373 0.0161363 0.0637937 -0.00439338 0.997953 -0.855318 0 0 0 1 
3394309160053;0.177457;0.140213;0.999937 -0.0027541 0.0108468 -0.0437793 0.00274131 0.999996 0.00119371 -0.199029 -0.0108501 -0.0011639 0.99994 0.0393815 0 0 0 1 
3394309160054;0.393365;0.0249656;0.997577 -0.033225 -0.0611314 0.666864 0.0421577 0.987606 0.151188 -0.636889 0.0553505 -0.153398 0.986613 0.387277 0 0 0 1 
3394309160055;0.395101;0.197486;0.998663 -0.0491122 0.0161006 0.261403 0.0502595 0.995449 -0.0809672 0.243909 -0.0120508 0.0816682 0.996587 -0.566558 0 0 0 1 
3394309160056;0.394726;0.0398118;0.983909 0.17801 0.0153724 -0.576707 -0.178595 0.977286 0.114087 0.573045 0.00528539 -0.114996 0.993352 -0.461327 0 0 0 1 
3394309160057;0.649395;0.126719;0.931126 0.3565 0.0768906 -0.925292 -0.337803 0.922535 -0.186595 1.13479 -0.137456 0.14777 0.979423 0.378815 0 0 0 1 
3394309160058;0.444142;0.0972438;0.990788 0.135095 -0.00937496 -0.360199 -0.135387 0.989699 -0.0465381 0.39318 0.00299134 0.0473786 0.998873 0.843065 0 0 0 1 
3394309160059;0.406193;0.35509;0.986268 0.00561218 0.165055 0.470339 0.00317097 0.998595 -0.0529017 -0.515515 -0.16512 0.0526987 0.984865 0.577301 0 0 0 1 
3394309160060;0.43448;0.268611;0.994829 0.101051 0.0101981 0.112318 -0.0983635 0.98362 -0.151051 0.353789 -0.0252948 0.149267 0.988473 -0.443317 0 0 0 1 
3394309160062;0.235158;0.143447;0.985422 -0.0936096 0.142059 -0.0881943 0.109951 0.987617 -0.111912 -2.50467 -0.129824 0.1259 0.983512 2.91758 0 0 0 1 
3394309160063;0.42419;0.12535;0.979272 0.201666 -0.0188974 0.428598 -0.20123 0.979281 0.0226989 4.21288 0.0230834 -0.0184256 0.999564 0.485724 0 0 0 1 
3394309160064;0.439802;0.331385;0.949921 0.257274 0.177372 -0.141718 -0.265418 0.963849 0.0234079 5.9397 -0.164938 -0.0693133 0.983865 3.44253 0 0 0 1 
3394309160065;0.350677;0.0947935;0.991213 0.0799843 0.105355 0.0644582 -0.0819528 0.996531 0.0144823 1.2377 -0.103831 -0.0229891 0.994329 1.66402 0 0 0 1 
3394309160066;0.242534;0.0419986;0.999299 0.00640374 -0.0368971 -0.153249 -0.01294 0.983628 -0.179744 -0.0220079 0.035142 0.180095 0.983021 -0.287656 0 0 0 1 
3394309160067;0.392633;0.292633;0.994444 0.100095 -0.0325838 0.0233297 -0.10264 0.990719 -0.0891094 2.4575 0.023362 0.0919588 0.995489 -0.625929 0 0 0 1 
3394309160068;0.328762;0.0118401;0.988797 0.148165 0.0180875 0.251813 -0.14926 0.982417 0.112156 3.73184 -0.00115192 -0.113599 0.993526 -0.457838 0 0 0 1 
3394309160069;0.0998438;0.00491146;0.999778 0.018276 -0.0105049 0.268678 -0.0183046 0.999829 -0.0026339 0.425416 0.0104549 0.0028256 0.999941 -0.325251 0 0 0 1 
3394309160070;0.429464;0.197434;0.940792 0.324099 0.099345 0.929858 -0.335348 0.932642 0.13312 7.52575 -0.0495091 -0.158554 0.986108 1.41622 0 0 0 1 
3394309160071;0.0989399;0.0142131;0.998405 0.0547403 -0.013841 0.078629 -0.0546746 0.998491 0.00508704 1.16513 0.0140986 -0.00432217 0.999891 -0.505844 0 0 0 1 
3394309160072;0.334886;0.139893;0.961363 -0.271637 0.044652 0.828243 0.260924 0.950855 0.166715 -6.23317 -0.0877435 -0.148623 0.984994 1.43349 0 0 0 1 
3394309160073;0.372916;0.0105178;0.989733 -0.142906 0.00261202 0.867315 0.142903 0.989736 0.00136721 -3.22506 -0.00278059 -0.000979904 0.999996 0.42339 0 0 0 1 
3394309160074;0.236373;0.04094;0.984639 -0.172316 -0.0281466 0.358143 0.173795 0.982742 0.0633589 -3.95009 0.0167431 -0.0672774 0.997594 -0.91317 0 0 0 1 
3394309160075;0.259352;0.0407242;0.980067 0.0718418 -0.185221 0.738263 -0.113028 0.968366 -0.222466 2.63 0.16338 0.238967 0.957184 -3.3742 0 0 0 1 
3394309160076;0.21267;0.0641025;0.982543 0.162138 0.0912168 0.277277 -0.154811 0.984501 -0.082407 3.62231 -0.103164 0.0668471 0.992416 2.52025 0 0 0 1 
3394309160077;0.259302;0.0163324;0.989472 0.137447 -0.0453136 0.303197 -0.142697 0.978781 -0.147059 3.18965 0.0241393 0.151976 0.988089 0.199923 0 0 0 1 
3394309160078;0.466153;0.192503;0.962246 -0.214417 0.167654 0.391832 0.236297 0.963787 -0.123606 -4.99041 -0.13508 0.158555 0.978066 3.82352 0 0 0 1 
3394309160079;0.423773;0.00533354;0.967244 -0.161706 0.195679 -0.311345 0.185667 0.976331 -0.11093 -3.8864 -0.17311 0.143627 0.974374 3.2481 0 0 0 1 
3394309160080;0.255153;0.0332092;0.994749 0.0052559 0.102207 0.0725932 0.00957463 0.989521 -0.144072 -0.0258277 -0.101894 0.144294 0.984275 1.94868 0 0 0 1 
3394309160081;0.296072;0.00570753;0.997356 -0.0660279 0.0303566 0.345771 0.0662168 0.997791 -0.00526084 -0.812805 -0.0299422 0.00725705 0.999525 0.561528 0 0 0 1 
3394309160082;0.355531;0.20897;0.976737 -0.19261 -0.0942643 0.769758 0.187324 0.980332 -0.0621194 -4.33411 0.104375 0.0430164 0.993607 -2.25703 0 0 0 1 
3394309160083;0.180325;0.00598043;0.997519 -0.0693801 -0.0119002 -0.0397349 0.0703779 0.979414 0.189198 -1.91711 -0.00147142 -0.189566 0.981867 -0.0650414 0 0 0 1 
3394309160084;0.188147;0.00922419;0.997859 -0.0266244 -0.0597393 -0.0840394 0.025459 0.999472 -0.0201855 -0.346279 0.0602452 0.0186214 0.99801 -1.65841 0 0 0 1 
3394309160085;0.149775;0.00669767;0.996968 0.0129241 0.0767383 -0.0672789 -0.0251964 0.986602 0.161185 0.238588 -0.073627 -0.16263 0.983936 1.40438 0 0 0 1 
3394309160086;0.360181;0.00734477;0.976388 0.033255 -0.213448 1.33283 -0.0509287 0.995664 -0.0778432 1.2635 0.209933 0.0868758 0.973848 -3.70629 0 0 0 1 
3394309160087;0.069233;0.0145167;0.9965 -0.0815925 -0.018188 0.0720885 0.0818417 0.996555 0.013406 -1.81391 0.0170315 -0.0148476 0.999745 -0.383541 0 0 0 1 
3394309160088;0.334175;0.0414645;0.95857 -0.235704 0.159959 -0.187187 0.212952 0.965915 0.147169 -4.85862 -0.189196 -0.107009 0.976091 3.68564 0 0 0 1 
3394309160089;0.384231;0.0133209;0.967918 -0.215494 0.129218 0.117871 0.203871 0.974138 0.0974296 -4.90121 -0.146871 -0.0679601 0.986818 2.33008 0 0 0 1 
3394309160090;0.357505;0.175413;0.991559 -0.107279 0.0728218 0.22713 0.119491 0.974089 -0.192022 -2.25903 -0.050335 0.199103 0.978685 1.6336 0 0 0 1 
3394309160091;0.460987;0.370449;0.976386 0.211608 0.0435101 -0.622986 -0.213406 0.976064 0.0419126 3.82711 -0.0335996 -0.0502082 0.998173 0.314294 0 0 0 1 
3394309160093;0.186714;0.0282358;0.987666 -0.0701773 -0.139965 0.423609 0.0723815 0.997319 0.0107139 -1.25367 0.138838 -0.0207126 0.990099 -2.84217 0 0 0 1 
3394309160094;0.310812;0.00923909;0.986052 -0.125638 0.109166 0.436061 0.126252 0.991997 0.00129698 -1.67787 -0.108455 0.0125035 0.994023 2.0176 0 0 0 1 
3394309160095;0.222858;0.00690745;0.998925 -0.0292943 -0.0359308 0.311921 0.0286162 0.999405 -0.0192445 -0.629221 0.0364731 0.0181956 0.999169 -0.151876 0 0 0 1 
3394309160096;0.38163;0.0135659;0.996483 -0.0690763 -0.0474403 0.363006 0.0738103 0.991558 0.106608 -1.66015 0.0396757 -0.109735 0.993169 0.0419213 0 0 0 1 
3394309160097;0.257713;0.0230542;0.999796 0.0138346 -0.0146996 -0.0706532 -0.0137115 0.99987 0.00844592 0.234585 0.0148145 -0.00824265 0.999856 0.39424 0 0 0 1 
3394309160098;0.436886;0.314549;0.993035 0.115301 0.0242497 -0.180047 -0.112915 0.990078 -0.0836446 1.93864 -0.0336534 0.0803238 0.996201 0.467965 0 0 0 1 
3394309160099;0.352112;0.0587597;0.996908 0.0785774 0.000464827 0.664355 -0.0773565 0.982424 -0.169879 1.89074 -0.0138053 0.169317 0.985465 0.00637213 0 0 0 1 
3394309160100;0.383134;0.00866765;0.996806 -0.0131902 -0.0787704 0.400772 0.0183827 0.997679 0.0655631 -0.312355 0.0777228 -0.0668016 0.994734 -0.519618 0 0 0 1 
3394309160101;0.349174;0.0800289;0.999704 0.00761385 0.0231264 0.0701403 -0.00415656 0.989273 -0.146017 0.603269 -0.0239901 0.145878 0.989012 1.30416 0 0 0 1 
3394309160102;0.328612;0.00740047;0.989415 0.102477 -0.102743 0.391136 -0.089962 0.988712 0.119814 1.54878 0.113862 -0.109303 0.987466 -1.39234 0 0 0 1 
3394309160103;0.353684;0.0114494;0.997442 0.000451283 0.0714831 -0.748194 -0.00409181 0.998701 0.0507902 -0.113949 -0.0713674 -0.0509528 0.996148 1.74154 0 0 0 1 
3394309160104;0.220681;0.00761267;0.980072 -0.136657 0.144165 -0.259877 0.131562 0.990315 0.0443493 -2.05531 -0.148829 -0.0244989 0.988559 2.5922 0 0 0 1 
3394309160105;0.408456;0.225431;0.996961 0.0639086 0.0445577 -0.345003 -0.0680442 0.99281 0.098484 1.2637 -0.0379434 -0.101217 0.994141 1.14346 0 0 0 1 
3394309160106;0.441483;0.018519;0.90074 -0.408476 0.147701 1.48728 0.36371 0.895179 0.257623 -7.09756 -0.237452 -0.17833 0.95489 4.53176 0 0 0 1 
3394309160107;0.532391;0.107242;0.931785 -0.337475 -0.133745 2.12432 0.323083 0.938944 -0.118331 -5.83661 0.165513 0.0670478 0.983926 -3.49498 0 0 0 1 
3394309160108;0.223867;0.0324367;0.999881 0.0154054 0.000474148 -0.15881 -0.0154089 0.999845 0.0085628 0.182935 -0.00034216 -0.00856909 0.999963 0.588006 0 0 0 1 
3394309160109;0.0784344;0.0129659;0.995205 -0.0978015 -0.00117475 0.00873437 0.0978065 0.995036 0.0183695 -1.81365 -0.000627647 -0.0183964 0.999831 -0.0270639 0 0 0 1 
3394309160110;0.305364;0.0317013;0.985186 -0.162011 0.0562183 -0.273728 0.168942 0.973201 -0.15601 -2.9836 -0.0294364 0.163196 0.986154 1.40277 0 0 0 1 
3394309160111;0.289575;0.821107;0.965688 0.233227 0.114243 -0.969996 -0.224657 0.970891 -0.0830645 4.17876 -0.13029 0.054549 0.989974 2.61422 0 0 0 1 
3394309160112;0.386373;0.0554284;0.969887 -0.23774 0.0529079 0.323175 0.237524 0.971326 0.0104206 -4.46528 -0.0538682 0.00246011 0.998545 1.79589 0 0 0 1 
3394309160113;0.347639;0.0155374;0.999161 0.0408424 -0.00313485 -0.109333 -0.0408455 0.999165 -0.000918974 1.01919 0.0030947 0.00104625 0.999995 0.799774 0 0 0 1 
3394309160114;0.578959;0.228933;0.979072 0.172314 0.108288 -0.564307 -0.173905 0.984748 0.00535126 2.26673 -0.105714 -0.024071 0.994105 1.48638 0 0 0 1 
3394309160115;0.373208;0.0269229;0.996704 -0.00466415 0.0809946 -0.332473 0.0119317 0.995917 -0.0894777 -0.0803143 -0.0802466 0.0901492 0.99269 0.671577 0 0 0 1 
3394309160116;0.177223;0.0397222;0.999801 -0.0195529 -0.00394274 0.218647 0.0195079 0.999748 -0.0111349 -0.0175537 0.00415946 0.0110558 0.99993 -0.177985 0 0 0 1 
3394309160117;0.448363;0.0238737;0.979098 -0.198052 -0.0462867 0.334392 0.179553 0.948574 -0.260707 -2.64692 0.09554 0.246947 0.964308 -2.19238 0 0 0 1 
3394309160118;0.307421;0.2659;0.9911 0.132233 -0.0153079 0.242821 -0.132568 0.970041 -0.203584 2.79583 -0.0120713 0.203802 0.978938 -0.271085 0 0 0 1 
3394309160119;0.336676;0.221517;0.945969 -0.321197 -0.044449 1.39598 0.321442 0.946928 -0.00171698 -5.86326 0.0426415 -0.0126636 0.99901 -0.40325 0 0 0 1 
3394309160120;0.390228;0.0782198;0.902828 -0.382798 0.195877 1.30004 0.402734 0.912385 -0.0732065 -7.13441 -0.150692 0.144979 0.977892 3.30571 0 0 0 1 
3394309160121;0.364275;0.108245;0.965622 -0.132689 0.223535 -0.0749765 0.172959 0.969897 -0.171419 -2.50583 -0.194061 0.204188 0.959504 3.56242 0 0 0 1 
3394309160122;0.150012;0.157516;0.981385 0.187845 -0.0399696 0.366496 -0.188889 0.981702 -0.0241404 3.36492 0.0347035 0.0312409 0.998909 -0.564513 0 0 0 1 
3394309160124;0.265891;0.0548984;0.975524 -0.203021 0.0844763 -0.0756096 0.205989 0.978155 -0.0279483 -5.2261 -0.0769568 0.0446654 0.996033 1.62435 0 0 0 1 
3394309160125;0.0924407;0.0977445;0.996762 0.0327428 0.0734387 0.0358125 -0.0376323 0.997096 0.0662145 0.793068 -0.0710574 -0.0687638 0.995099 1.69682 0 0 0 1 
3394309160126;0.454214;0.096465;0.930176 0.248783 -0.269962 2.76999 -0.252671 0.967328 0.0208411 6.63763 0.266326 0.0488257 0.962645 -5.96195 0 0 0 1 
3394309160127;0.391085;0.185662;0.952523 0.295516 -0.0732818 1.0007 -0.280051 0.94482 0.169958 6.86285 0.119463 -0.141366 0.982723 -3.1272 0 0 0 1 
3394309160128;0.398984;0.259301;0.971607 0.231342 0.0496063 -0.103203 -0.222205 0.964227 -0.144537 5.9548 -0.0812692 0.12941 0.988255 2.01235 0 0 0 1 
3394309160129;0.0588853;0.0187732;0.999993 -0.00134578 0.00340769 -0.0297009 0.00132945 0.999988 0.00478917 -0.120739 -0.0034141 -0.00478461 0.999983 0.184408 0 0 0 1 
3394309160130;0.354684;0.41269;0.98643 -0.112853 0.119246 0.21019 0.112857 0.993588 0.00673873 -3.46844 -0.119242 0.00681051 0.992842 2.81453 0 0 0 1 
3394309160131;0.385569;0.420327;0.964262 0.256599 0.0659973 0.116033 -0.258291 0.965892 0.0183973 6.6032 -0.0590256 -0.0347864 0.99765 1.44837 0 0 0 1 
3394309160132;0.356548;0.154611;0.942892 -0.329125 0.051302 1.20468 0.333094 0.932555 -0.139247 -8.04962 -0.00201233 0.148383 0.988928 0.17839 0 0 0 1 
3394309160133;0.361702;0.0876079;0.950419 -0.17464 -0.257302 1.55277 0.22557 0.956723 0.183845 -5.27505 0.21406 -0.23277 0.948682 -5.20404 0 0 0 1 
3394309160134;0.414145;0.0318281;0.980152 -0.1964 0.0269872 1.06001 0.197912 0.977288 -0.0757503 -4.36938 -0.0114969 0.0795879 0.996762 0.327842 0 0 0 1 
3394309160135;0.292331;0.0112695;0.99917 0.0146202 -0.0380237 0.10469 -0.011265 0.996144 0.0870029 -0.192238 0.0391491 -0.0865023 0.995482 -1.64418 0 0 0 1 
3394309160136;0.443471;0.147194;0.986634 0.162288 -0.0147177 0.251144 -0.161994 0.986602 0.0193387 4.29753 0.017659 -0.0166961 0.999705 -1.25069 0 0 0 1 
3394309160137;0.250953;0.0268904;0.984093 -0.174306 -0.0343333 0.321218 0.17679 0.979892 0.0925047 -4.27083 0.0175188 -0.097103 0.99512 -1.00985 0 0 0 1 
3394309160138;0.370395;0.105302;0.949062 -0.239015 -0.205314 1.41707 0.217976 0.968555 -0.119944 -4.76143 0.227526 0.0690812 0.971318 -4.99614 0 0 0 1 
3394309160139;0.0858104;0.0147955;0.997176 0.0749715 -0.00437033 0.141789 -0.0744513 0.994528 0.0732838 1.56734 0.00984062 -0.0727515 0.997302 -0.410714 0 0 0 1 
3394309160140;0.322515;0.193379;0.95052 -0.0372505 -0.308423 1.70577 0.033684 0.99929 -0.016882 -0.84254 0.308833 0.00565773 0.9511 -7.83258 0 0 0 1 
3394309160141;0.361297;0.215467;0.974504 0.22436 0.00229921 0.0502462 -0.224345 0.974181 0.0253015 5.74484 0.00343679 -0.0251722 0.999677 -0.166447 0 0 0 1 
3394309160142;0.193657;0.149441;0.99167 0.0281198 0.125698 -0.106377 -0.0339636 0.998428 0.0445921 0.717484 -0.124246 -0.0484898 0.991066 3.20275 0 0 0 1 
3394309160143;0.448915;0.0980849;0.982784 0.183641 -0.0202677 -0.279306 -0.182987 0.982644 0.0304457 4.06136 0.025507 -0.0262129 0.999331 -0.944423 0 0 0 1 
3394309160144;0.382267;0.149664;0.954359 -0.250698 -0.162325 0.627853 0.236784 0.966366 -0.100351 -6.20629 0.182024 0.0573352 0.981621 -4.46754 0 0 0 1 
3394309160145;0.390824;0.0913224;0.923873 0.137223 -0.357251 2.50798 -0.216219 0.957398 -0.19141 5.34487 0.315766 0.254083 0.914185 -7.58784 0 0 0 1 
3394309160146;0.519843;0.0540103;0.989597 0.0615884 0.130016 0.126271 -0.0894315 0.971253 0.220612 1.86016 -0.112692 -0.229945 0.966657 3.60604 0 0 0 1 
3394309160147;0.314525;0.186846;0.97511 -0.196114 -0.103437 0.0655931 0.210238 0.966011 0.150406 -4.98133 0.0704242 -0.168408 0.983198 -1.91064 0 0 0 1 
3394309160148;0.159477;0.0473018;0.997988 0.0114645 0.0623638 0.194083 -0.0177481 0.994712 0.101156 0.0718824 -0.0608743 -0.102059 0.992914 1.33864 0 0 0 1 
3394309160149;0.32406;0.363574;0.998276 -0.0584033 0.00582507 0.373679 0.0585586 0.997786 -0.0315358 -0.686732 -0.00397038 0.0318226 0.999486 0.0892563 0 0 0 1 
3394309160150;0.0510986;0.0222277;0.998319 0.0561532 0.0143236 0.00353742 -0.0561671 0.998421 0.0005664 1.31338 -0.0142692 -0.00136996 0.999897 0.351086 0 0 0 1 
3394309160151;0.610087;0.0981018;0.947028 -0.284055 -0.149834 2.3177 0.270484 0.957014 -0.104703 -6.22423 0.173135 0.0586285 0.983152 -3.80453 0 0 0 1 
3394309160152;0.362678;0.100088;0.938169 0.235183 -0.254022 2.16575 -0.262297 0.961809 -0.0782521 6.52336 0.225917 0.140043 0.964028 -5.39554 0 0 0 1 
3394309160153;0.287468;0.0390022;0.959218 0.274702 -0.066626 1.18647 -0.254221 0.941433 0.221532 5.59757 0.123579 -0.19556 0.972874 -2.92918 0 0 0 1 
3394309160155;0.447786;0.336785;0.968083 -0.234053 -0.0896333 0.605795 0.241207 0.967209 0.0795394 -2.22826 0.0680777 -0.0986209 0.992794 -0.647529 0 0 0 1 
3394309160156;0.233355;0.0573136;0.94748 0.0772823 -0.310337 1.07135 -0.0681741 0.996867 0.0401065 0.573159 0.312465 -0.0168431 0.94978 -2.89983 0 0 0 1 
3394309160157;0.264959;0.100452;0.98504 0.044436 0.166498 -0.202352 -0.0787006 0.97554 0.205253 0.370588 -0.153304 -0.215286 0.964443 1.09904 0 0 0 1 
3394309160158;0.276214;0.0143527;0.986254 -0.160242 0.0403258 0.145015 0.160485 0.987034 -0.00284791 -1.64692 -0.0393466 0.00928046 0.999183 -0.200836 0 0 0 1 
3394309160159;0.327677;0.0127968;0.999395 0.0288602 0.0194316 -0.187267 -0.0301129 0.997258 0.0676028 0.192864 -0.0174273 -0.068147 0.997523 0.978104 0 0 0 1 
3394309160160;0.133668;0.117086;0.998835 -0.0112864 0.0469097 -0.173192 0.0135378 0.998758 -0.0479573 -0.0566281 -0.0463102 0.0485365 0.997747 0.161579 0 0 0 1 
3394309160161;0.30505;0.218995;0.990177 0.132071 -0.0459004 -0.284392 -0.131728 0.991231 0.0104227 0.811028 0.0468744 -0.00427397 0.998892 -0.138934 0 0 0 1 
3394309160162;0.0502853;0.0216622;0.999978 -0.00568988 -0.00342953 0.0512537 0.00568319 0.999982 -0.00195663 -0.116869 0.0034406 0.00193709 0.999992 0.0326566 0 0 0 1 
3394309160163;0.250016;0.0248753;0.994382 -0.0722807 -0.0773354 0.111771 0.0894405 0.964468 0.2486 -1.24826 0.0566186 -0.25412 0.965514 -0.322972 0 0 0 1 
3394309160164;0.523579;0.260765;0.991239 0.12393 -0.0456787 -0.7569 -0.124597 0.992134 -0.0120671 0.314491 0.043824 0.0176528 0.998883 0.00196348 0 0 0 1 
3394309160165;0.368871;0.087462;0.968272 0.249878 0.00320941 0.0853655 -0.242952 0.944285 -0.222038 2.31158 -0.0585129 0.214213 0.975033 1.29577 0 0 0 1 
3394309160166;0.306131;0.0153236;0.999567 -0.0112688 -0.0271885 0.118015 0.0112846 0.999936 0.000424691 -0.116247 0.027182 -0.000731318 0.99963 -1.00691 0 0 0 1 
3394309160167;0.598213;0.177578;0.961142 -0.155961 -0.227777 1.51383 0.189336 0.972893 0.132785 -2.62479 0.200894 -0.170752 0.964617 -1.81131 0 0 0 1 
3394309160168;0.1742;0.0304506;0.999327 0.0361199 -0.00637431 -0.0797416 -0.0361158 0.999347 0.000762053 0.324237 0.00639767 -0.000531327 0.999979 0.403456 0 0 0 1 
3394309160169;0.457369;0.167387;0.95046 -0.300183 0.0807179 0.542335 0.29852 0.953859 0.0322196 -3.70273 -0.0866653 -0.00652758 0.996216 1.3275 0 0 0 1 
3394309160170;0.210774;0.024032;0.985946 -0.102313 0.13207 -0.234213 0.123151 0.979286 -0.160726 -0.939791 -0.11289 0.174731 0.978123 0.929993 0 0 0 1 
3394309160171;0.312176;0.0278884;0.980541 -0.193885 0.0307986 0.463016 0.17863 0.946233 0.269693 -1.94252 -0.081432 -0.258943 0.962454 0.662117 0 0 0 1 
3394309160172;0.347442;0.0140575;0.991658 -0.054449 -0.116833 0.16712 0.0392212 0.990883 -0.128889 -0.354475 0.122786 0.123232 0.984753 -0.148777 0 0 0 1 
3394309160173;0.513361;0.339864;0.969901 -0.222339 0.0992848 0.638683 0.228532 0.971926 -0.0559688 -2.06239 -0.0840534 0.076974 0.993484 0.692943 0 0 0 1 
3394309160174;0.158617;0.0163957;0.997382 0.0508505 -0.0514129 -0.189969 -0.0566437 0.991356 -0.118346 0.644624 0.0449506 0.120948 0.991641 -0.143038 0 0 0 1 
3394309160175;0.423765;0.0120634;0.986011 -0.0359416 -0.16276 1.11889 0.00120655 0.977988 -0.208656 0.476014 0.166677 0.20554 0.964351 -1.57325 0 0 0 1 
3394309160176;0.19621;0.0316136;0.995948 -0.036781 0.0820691 0.0431559 0.0333046 0.998505 0.0433348 -0.0660315 -0.0835404 -0.0404259 0.995684 0.425228 0 0 0 1 
3394309160177;0.557777;0.0204697;0.956989 0.178266 -0.228894 0.604878 -0.0816434 0.922547 0.37715 0.357116 0.278399 -0.34224 0.897422 -1.45468 0 0 0 1 
3394309160178;0.217629;0.140426;0.999994 -0.00341932 0.000884139 0.0297694 0.0034188 0.999994 0.000592954 -0.294915 -0.000886161 -0.000589928 0.999999 0.349912 0 0 0 1 
3394309160179;0.268847;0.796743;0.962191 -0.272337 0.00462613 1.84075 0.272142 0.961929 0.0251372 -2.9571 -0.0112958 -0.0229278 0.999673 0.0280574 0 0 0 1 
3394309160180;0.363436;0.0224899;0.999225 -0.00579361 0.0389445 -0.0728831 0.00788933 0.998516 -0.0538767 0.341745 -0.0385745 0.0541422 0.997788 1.24964 0 0 0 1 
3394309160181;0.481709;0.278543;0.992099 -0.125441 0.00210876 0.345634 0.125456 0.991824 -0.0233846 -1.6856 0.000841873 0.0234644 0.999724 0.705357 0 0 0 1 
3394309160182;0.293983;0.00948143;0.998477 -0.0445676 -0.0325087 0.0507249 0.0443759 0.998993 -0.00659589 -0.927893 0.03277 0.00514325 0.99945 0.274228 0 0 0 1 
3394309160183;0.436918;0.0538973;0.973955 -0.226737 0.00108926 0.483407 0.220216 0.947067 0.233602 -2.83843 -0.0539977 -0.227278 0.972332 0.112089 0 0 0 1 
3394309160184;0.141133;0.0188456;0.999862 -0.0078513 -0.0146178 -0.269581 0.00751773 0.999713 -0.0227363 -0.142472 0.0147921 0.0226233 0.999635 0.0559529 0 0 0 1 
3394309160186;0.458534;0.273782;0.995605 0.0931621 -0.00957378 0.234076 -0.0934612 0.994898 -0.0379789 1.81635 0.00598675 0.0387068 0.999233 -0.762769 0 0 0 1 
3394309160187;0.388653;0.236095;0.970048 -0.242828 -0.00648405 0.664001 0.24138 0.966572 -0.08645 -5.01571 0.0272598 0.0822955 0.996235 -0.195448 0 0 0 1 
3394309160188;0.269366;0.0267383;0.987341 -0.156385 0.0264697 0.172181 0.150735 0.977096 0.150205 -3.16456 -0.0493533 -0.144314 0.9883 1.30136 0 0 0 1 
3394309160189;0.483079;0.108222;0.969254 -0.202242 -0.140162 0.934355 0.170695 0.962904 -0.208995 -2.75273 0.17723 0.178644 0.96782 -3.78968 0 0 0 1 
3394309160190;0.0786131;0.00860826;0.997917 0.0610201 -0.0209124 0.109069 -0.0611018 0.998126 -0.00329233 1.14864 0.0206723 0.00456326 0.999776 -0.538701 0 0 0 1 
3394309160191;0.461554;0.158861;0.972969 -0.230759 -0.00897995 0.73635 0.230881 0.972842 0.0164729 -5.46232 0.0049348 -0.0181009 0.999824 0.512172 0 0 0 1 
3394309160192;0.432023;0.118142;0.988939 -0.0294815 -0.145365 1.047 0.0069258 0.988157 -0.15329 0.421948 0.148163 0.150588 0.977431 -2.52253 0 0 0 1 
3394309160193;0.353577;0.178888;0.993961 0.109594 0.00548199 0.535284 -0.109456 0.993766 -0.0211795 2.10019 -0.00776898 0.0204516 0.999761 -0.415314 0 0 0 1 
3394309160194;0.352735;0.349776;0.959609 -0.215231 0.181179 0.254372 0.2167 0.976166 0.01189 -3.99918 -0.17942 0.0278516 0.983378 3.70979 0 0 0 1 
3394309160195;0.362433;0.326965;0.999476 0.02228 0.0234986 -0.00722215 -0.0220159 0.999692 -0.0114397 0.441465 -0.0237462 0.0109164 0.999658 0.26846 0 0 0 1 
3394309160196;0.182053;0.0219821;0.992984 -0.107912 0.0483581 -0.0374455 0.100546 0.985724 0.135054 -2.27944 -0.0622417 -0.129245 0.989657 0.860219 0 0 0 1 
3394309160197;0.398636;0.114964;0.958736 0.257657 -0.120161 1.35473 -0.274801 0.948201 -0.159372 5.7812 0.0728729 0.185816 0.979878 -0.713196 0 0 0 1 
3394309160198;0.114611;0.0431423;0.994302 -0.106603 -0.000158549 0.0625432 0.106602 0.994298 -0.0025934 -2.26098 0.000434109 0.00256172 0.999997 0.0230358 0 0 0 1 
3394309160199;0.260161;0.104068;0.982776 0.184279 0.0139066 0.440974 -0.183798 0.982496 -0.0303176 3.78203 -0.01925 0.0272394 0.999444 0.449484 0 0 0 1 
3394309160200;0.239388;0.0152221;0.999375 -0.0337564 -0.0104579 -0.0306778 0.0338845 0.99935 0.0123199 -0.751446 0.0100352 -0.0126666 0.999869 0.38683 0 0 0 1 
3394309160201;0.340496;0.0304742;0.974638 -0.0819728 0.208236 0.526572 0.118863 0.978017 -0.171331 -1.73038 -0.189614 0.191737 0.962956 3.61067 0 0 0 1 
3394309160202;0.373558;0.00215387;0.986107 -0.0822952 0.144292 -0.688097 0.0830763 0.996543 0.000613918 -1.3954 -0.143843 0.0113818 0.989535 2.1694 0 0 0 1 
3394309160203;0.451354;0.424793;0.999698 0.0203173 0.0138195 0.0435136 -0.0198713 0.999301 -0.0316761 0.374619 -0.0144535 0.0313919 0.999403 0.242632 0 0 0 1 
3394309160204;0.469117;0.336511;0.997242 0.0736201 -0.0094358 0.0814378 -0.0735527 0.997265 0.00729909 1.5194 0.00994735 -0.00658493 0.999929 -0.755351 0 0 0 1 
3394309160205;0.327235;0.103558;0.987491 -0.151587 -0.0433863 0.773229 0.15349 0.987147 0.0445233 -3.61816 0.0360795 -0.0506258 0.998066 -1.11589 0 0 0 1 
3394309160206;0.165571;0.0189247;0.998314 -0.0119601 -0.0567926 -0.125371 0.00603917 0.994632 -0.103304 0.100585 0.0577232 0.102787 0.993027 -0.720779 0 0 0 1 
3394309160207;0.420271;0.0459717;0.985191 0.103141 0.136967 0.198783 -0.11132 0.992347 0.0534431 2.00918 -0.130407 -0.0678989 0.989133 3.4484 0 0 0 1 
3394309160208;0.487381;0.106079;0.933025 0.281382 -0.22425 1.40937 -0.225705 0.943076 0.244265 3.72841 0.280217 -0.177291 0.943423 -5.19369 0 0 0 1 
3394309160209;0.287731;0.0280694;0.995883 0.0710136 0.0563318 -0.138954 -0.0770307 0.9906 0.113036 1.57022 -0.0477752 -0.11691 0.991993 0.15815 0 0 0 1 
3394309160210;0.372686;0.158788;0.971266 -0.235337 0.0354717 0.729863 0.237883 0.964544 -0.114308 -4.49746 -0.00731298 0.119462 0.992812 0.899583 0 0 0 1 
3394309160211;0.423056;0.272907;0.994944 -0.0325524 -0.0950143 0.541223 0.0372629 0.998141 0.0482307 -0.94105 0.0932676 -0.0515274 0.994307 -1.20501 0 0 0 1 
3394309160212;0.468609;0.0716702;0.974615 -0.222354 0.026155 0.986481 0.22296 0.974554 -0.0230838 -4.97457 -0.0203566 0.0283293 0.999391 1.01328 0 0 0 1 
3394309160213;0.266849;0.00170515;0.978539 -0.149526 0.141784 -0.321152 0.174657 0.966971 -0.185639 -3.05444 -0.109343 0.206418 0.972335 2.4634 0 0 0 1 
3394309160214;0.475344;0.417919;0.993751 -0.0981639 0.0531217 0.309598 0.100254 0.994227 -0.0382288 -1.98415 -0.0490623 0.0433156 0.997856 1.74159 0 0 0 1 
3394309160215;0.281079;0.0973671;0.941382 0.0832146 -0.326918 1.49662 -0.0695229 0.996152 0.0533672 1.4759 0.330101 -0.0275106 0.943545 -6.52077 0 0 0 1 
3394309160217;0.276984;0.186343;0.999986 -0.000288762 0.0052465 -0.0629886 0.000279403 0.999998 0.0017846 0.329989 -0.00524701 -0.00178311 0.999985 0.430109 0 0 0 1 
3394309160218;0.423487;0.4637;0.969864 0.239897 -0.0425929 -0.333233 -0.233661 0.965323 0.116422 2.62719 0.0690452 -0.102961 0.992286 -0.316523 0 0 0 1 
3394309160219;0.217232;0.0594956;0.985818 0.159438 -0.0523591 0.357555 -0.166451 0.968697 -0.184172 2.49371 0.021356 0.190275 0.981498 0.00438898 0 0 0 1 
3394309160220;0.375115;0.0350495;0.942444 0.176522 -0.28397 1.26275 -0.112694 0.967287 0.227278 0.707598 0.3148 -0.182195 0.931507 -4.52006 0 0 0 1 
3394309160221;0.326953;0.0364205;0.981308 0.180961 -0.0654832 -0.12799 -0.177676 0.982662 0.0529703 1.94407 0.0739335 -0.0403454 0.996447 -0.421766 0 0 0 1 
3394309160222;0.142051;0.0069267;0.999213 -0.0353739 0.0179708 -0.258244 0.0358687 0.998964 -0.0280024 -0.737078 -0.0169616 0.028625 0.999446 0.334079 0 0 0 1 
3394309160223;0.261461;0.147661;0.959541 0.271325 -0.0752546 -0.00917929 -0.267568 0.961888 0.0563735 3.41321 0.0876821 -0.033957 0.99557 -1.23407 0 0 0 1 
3394309160224;0.0854273;0.137399;0.993795 0.110843 -0.00927492 -0.197482 -0.110752 0.9938 0.00979524 1.3609 0.0103031 -0.00870724 0.999909 -0.139974 0 0 0 1 
3394309160225;0.231107;0.0128418;0.999956 0.00304257 -0.00891623 -0.186945 -0.0028887 0.999848 0.0172196 0.554265 0.00896727 -0.0171931 0.999812 0.0761647 0 0 0 1 
3394309160226;0.061528;0.00206074;0.999995 0.00249025 -0.00189357 -0.00191485 -0.00249661 0.999991 -0.00336542 0.0765163 0.00188517 0.00337013 0.999993 -0.182199 0 0 0 1 
3394309160227;0.376137;0.46396;0.991897 0.123042 -0.0316501 -0.390544 -0.123057 0.992398 0.00149457 2.06178 0.0315934 0.00241231 0.999498 -0.0897785 0 0 0 1 
3394309160228;0.303595;0.0231211;0.964409 -0.251702 0.0809985 0.301428 0.263862 0.935907 -0.233356 -3.07025 -0.017071 0.246423 0.969012 0.219949 0 0 0 1 
3394309160229;0.401686;0.0425373;0.937183 -0.286497 0.199015 1.10054 0.292386 0.9563 -0.000210533 -3.37634 -0.190257 0.0583864 0.979996 2.61455 0 0 0 1 
3394309160230;0.10387;0.0890169;0.991466 0.126147 -0.0329088 -0.0837419 -0.127264 0.991273 -0.0343898 1.6767 0.0282835 0.0382844 0.998867 -0.337754 0 0 0 1 
3394309160231;0.26477;0.0361785;0.936524 -0.226088 0.267968 0.200105 0.192047 0.970249 0.147424 -2.80475 -0.293327 -0.0866033 0.952082 3.85375 0 0 0 1 
3394309160232;0.456423;0.020876;0.874596 0.285483 -0.391894 2.76509 -0.283685 0.956787 0.063886 3.89624 0.393197 0.0552998 0.91779 -5.47703 0 0 0 1 
3394309160233;0.155497;0.0166077;0.999188 0.0326701 0.0235825 -0.173424 -0.0333099 0.999073 0.0272662 0.370101 -0.0226698 -0.0280296 0.99935 0.655294 0 0 0 1 
3394309160234;0.449685;0.218559;0.999137 -0.0380587 0.0166129 0.159903 0.0386878 0.998476 -0.0393506 -0.345392 -0.01509 0.0399594 0.999087 -0.59378 0 0 0 1 
3394309160235;0.164832;0.0169803;0.973502 0.125475 -0.191179 0.393354 -0.115652 0.991369 0.0617452 1.49166 0.197277 -0.0379988 0.979611 -2.55369 0 0 0 1 
3394309160236;0.330502;0.0775466;0.977948 0.208697 0.00799839 -0.0194056 -0.204022 0.962826 -0.177036 3.1675 -0.0446479 0.1715 0.984172 1.02325 0 0 0 1 
3394309160237;0.197559;0.0493477;0.999951 -0.00973907 0.00184448 0.193953 0.00972535 0.999926 0.00730551 0.120412 -0.00191549 -0.00728722 0.999972 -0.272026 0 0 0 1 
3394309160238;0.37956;0.162844;0.982445 -0.139252 0.124138 0.457387 0.124979 0.985332 0.116195 -1.47396 -0.138497 -0.0986404 0.985438 1.85693 0 0 0 1 
3394309160239;0.353533;0.0169808;0.995489 -0.0437747 0.0841735 -0.70991 0.043011 0.999016 0.0108661 -0.39651 -0.0845663 -0.00719669 0.996392 0.485677 0 0 0 1 
3394309160240;0.540644;0.298705;0.9962 0.0870879 0.00139482 -0.41087 -0.0866093 0.992168 -0.0900129 1.6215 -0.00922293 0.0895501 0.99594 -0.214063 0 0 0 1 
3394309160241;0.23847;0.478564;0.981142 0.0801302 0.175896 -0.836208 -0.0899976 0.994744 0.0488435 0.978743 -0.171058 -0.0637527 0.983196 1.73467 0 0 0 1 
3394309160242;0.249114;0.0143735;0.999459 -0.021541 0.0248691 -0.306376 0.0210948 0.999614 0.0180658 -0.265487 -0.0252486 -0.0175315 0.999527 -0.287311 0 0 0 1 
3394309160243;0.309141;0.231649;0.994124 0.107865 -0.00912214 -0.246101 -0.107877 0.980184 -0.166137 1.71144 -0.00897899 0.166145 0.98606 -0.553511 0 0 0 1 
3394309160244;0.346424;0.207113;0.999995 -0.00119021 -0.00290899 0.0322991 0.00119738 0.999996 0.00246268 -0.383637 0.00290605 -0.00246615 0.999993 0.57815 0 0 0 1 
3394309160245;0.222213;0.29914;0.982063 0.142016 0.124028 -0.602417 -0.147827 0.988247 0.0389333 2.03514 -0.117041 -0.0565696 0.991515 1.05556 0 0 0 1 
3394309160246;0.394505;0.283123;0.992927 0.118542 0.00662658 -0.581732 -0.118602 0.987771 0.101205 0.914979 0.00545155 -0.101275 0.994844 -0.0948998 0 0 0 1 
3394309160248;0.387346;0.354417;0.99301 0.0940432 -0.0713262 0.314406 -0.0889871 0.993497 0.0710332 1.68911 0.0775426 -0.0641896 0.994921 -0.779643 0 0 0 1 
3394309160249;0.0790091;0.0118008;0.996254 -0.0860702 0.00835343 0.099508 0.0860663 0.996289 0.000823268 -1.47467 -0.00839329 -0.000101235 0.999965 0.118304 0 0 0 1 
3394309160250;0.489213;0.00793862;0.932982 0.265063 -0.243488 1.75927 -0.223807 0.957052 0.184286 3.24024 0.281878 -0.117441 0.952236 -3.92246 0 0 0 1 
3394309160251;0.37181;0.159916;0.899987 0.398173 -0.177432 1.74194 -0.356383 0.906467 0.226514 5.87813 0.251028 -0.140626 0.95771 -4.24748 0 0 0 1 
3394309160252;0.374908;0.258301;0.998685 -0.0487322 -0.0159011 0.227996 0.0487713 0.998808 0.00207672 -1.23514 0.015781 -0.00284951 0.999871 -0.523006 0 0 0 1 
3394309160253;0.217625;0.00933953;0.970656 -0.152726 0.185746 0.292916 0.1616 0.986287 -0.0335226 -2.63066 -0.178079 0.0625555 0.982026 3.49249 0 0 0 1 
3394309160254;0.306431;0.232204;0.999756 -0.0208664 0.00725271 -0.0860765 0.020857 0.999782 0.00136901 -0.0875941 -0.00727969 -0.0012174 0.999973 0.475617 0 0 0 1 
3394309160255;0.470321;0.166636;0.973659 -0.225378 -0.0345304 -0.352655 0.216661 0.961714 -0.167822 -3.20139 0.0710318 0.15592 0.985212 -1.28342 0 0 0 1 
3394309160256;0.293686;0.00612036;0.999439 0.0307723 -0.0132444 -0.473753 -0.0305468 0.99939 0.0169063 0.00774797 0.0137566 -0.0164923 0.999769 -0.00529265 0 0 0 1 
3394309160257;0.406176;0.0487408;0.995762 0.0572949 0.0719384 -0.0334676 -0.04302 0.981555 -0.186275 1.77909 -0.0812842 0.182391 0.97986 1.83489 0 0 0 1 
3394309160258;0.344851;0.136668;0.994505 0.0312545 0.0999177 -0.296307 -0.0116668 0.981539 -0.190904 0.878295 -0.10404 0.18869 0.97651 1.60771 0 0 0 1 
3394309160259;0.414136;0.279403;0.981098 -0.153091 -0.118366 0.6539 0.161157 0.98499 0.0618285 -3.38278 0.107124 -0.0797353 0.991043 -1.90345 0 0 0 1 
3394309160260;0.148826;0.0204538;0.974458 0.0983204 -0.201903 0.882176 -0.0852935 0.993732 0.0722586 1.34068 0.207742 -0.053192 0.976736 -3.71267 0 0 0 1 
