#;prob_registration_l1 -r /home/probabilistic_point_clouds_registration/build/tester /home/point_clouds_registration_benchmark//devel/registration_pairs/long_office_household_local.txt /home/point_clouds_registration_benchmark//tum/long_office_household -s 0.1 -t 0.1 -p 0.3 -r 1000 -m 1 -i 40 
id;initial_error;final_error;transformation
26456013410000;0.652746;0.10009;0.909141 0.393107 -0.137583 0.0497899 -0.409379 0.90423 -0.121558 -0.0717995 0.0766218 0.166837 0.983003 -0.519713 0 0 0 1 
26456013410001;1.0574;0.104033;0.995858 0.0886615 0.0201512 -0.0439163 -0.0868413 0.993158 -0.0780766 0.0175301 -0.0269357 0.0760033 0.996744 0.91049 0 0 0 1 
26456013410002;0.577722;0.108073;0.994261 0.106952 0.00250328 0.0379229 -0.106872 0.99403 -0.0219921 0.152873 -0.00484044 0.0215983 0.999755 0.47766 0 0 0 1 
26456013410003;1.10585;0.464529;0.951935 -0.306066 0.0119757 0.244812 0.306231 0.950164 -0.0584061 0.493314 0.00649729 0.0592662 0.998221 -0.940726 0 0 0 1 
26456013410004;0.510854;0.0840823;0.972381 0.0612424 0.22522 -0.152057 -0.103784 0.977768 0.182205 -0.117018 -0.209055 -0.200547 0.957119 -0.443797 0 0 0 1 
26456013410005;0.315858;0.0891034;0.998766 -0.0487245 0.00960958 -0.015311 0.0491983 0.99713 -0.0575412 0.303131 -0.00677833 0.057943 0.998297 -0.20912 0 0 0 1 
26456013410006;0.127418;0.0775775;0.996083 0.088414 0.00151658 0.0601849 -0.0882621 0.995126 -0.0439871 0.00854618 -0.00539827 0.043681 0.999031 -0.027959 0 0 0 1 
26456013410007;0.936325;0.507993;0.973407 -0.222553 -0.0543001 0.106604 0.207755 0.9575 -0.200078 0.269397 0.0965203 0.183476 0.978274 0.645551 0 0 0 1 
26456013410008;0.859142;0.113745;0.999953 0.000595648 0.00964195 0.108816 0.000602503 0.992309 -0.123786 0.0259072 -0.00964153 0.123786 0.992262 0.698801 0 0 0 1 
26456013410009;0.404949;0.104521;0.987125 0.118192 -0.107775 -0.173492 -0.125003 0.990414 -0.0587768 -0.11203 0.0997952 0.0714923 0.992436 0.284212 0 0 0 1 
26456013410010;0.333714;0.110289;0.997665 0.0545177 -0.0411351 -0.173407 -0.060225 0.986318 -0.153461 0.0786391 0.0322059 0.15558 0.987298 -0.274829 0 0 0 1 
26456013410011;0.463956;0.0917231;0.998835 -0.0464292 0.0131273 -0.00275778 0.0462429 0.99883 0.014162 0.148641 -0.0137695 -0.0135384 0.999814 -0.402934 0 0 0 1 
26456013410012;1.06761;0.108217;0.9763 0.0453881 -0.211607 0.586528 -0.123989 0.918695 -0.375002 0.623912 0.177382 0.392352 0.90255 0.784639 0 0 0 1 
26456013410013;0.408963;0.102256;0.930533 0.365278 0.0260823 0.0593788 -0.363193 0.929648 -0.0620121 -0.0656298 -0.046899 0.0482314 0.997735 -0.0685606 0 0 0 1 
26456013410014;0.281798;0.121295;0.993974 0.0965333 0.0519267 -0.0926957 -0.0934836 0.993915 -0.0582646 -0.0465093 -0.0572352 0.0530593 0.99695 -0.324079 0 0 0 1 
26456013410015;0.444148;0.128222;0.99659 -0.0278305 -0.077678 -0.0743721 0.0178683 0.991855 -0.126116 0.0661945 0.0805551 0.124298 0.98897 0.292686 0 0 0 1 
26456013410016;0.631913;0.107759;0.918171 0.29518 0.264255 -0.219581 -0.28219 0.955428 -0.0867525 -0.0575953 -0.278084 0.00508369 0.960543 0.346788 0 0 0 1 
26456013410017;0.712942;0.11766;0.994197 0.0861599 0.0644139 0.0907055 -0.0757219 0.985801 -0.149874 0.631041 -0.0764125 0.144127 0.986605 0.261403 0 0 0 1 
26456013410018;0.599666;0.126646;0.910761 0.319504 0.261594 -0.0944566 -0.333446 0.942721 0.00950678 -0.296516 -0.243573 -0.0958861 0.965131 -0.452425 0 0 0 1 
26456013410019;0.16999;0.064327;0.99986 0.0142004 0.00883403 -0.0197343 -0.0142401 0.999889 0.00444775 0.136014 -0.00876989 -0.00457292 0.999951 -0.0967696 0 0 0 1 
26456013410020;0.966938;0.121681;0.990699 0.113985 0.0743167 -0.432773 -0.111919 0.993221 -0.0314011 -0.105671 -0.0773921 0.0227915 0.99674 -0.91062 0 0 0 1 
26456013410021;1.2145;0.575605;0.962822 -0.266842 -0.0420664 -0.402897 0.260501 0.95837 -0.116903 0.452164 0.07151 0.101599 0.992252 -0.310681 0 0 0 1 
26456013410022;0.808376;0.368587;0.982932 -0.17349 -0.0612001 -0.227796 0.131196 0.894252 -0.427903 0.609397 0.128965 0.41257 0.90175 -0.145377 0 0 0 1 
26456013410023;0.310262;0.0942992;0.955837 0.293441 -0.0163705 -0.256402 -0.293868 0.95348 -0.06721 -0.0258434 -0.00411323 0.0690526 0.997605 0.141278 0 0 0 1 
26456013410024;0.290654;0.0954036;0.985621 0.168945 -0.00294212 0.102706 -0.167879 0.981081 0.096414 -0.236692 0.0191752 -0.0945338 0.995337 -0.0627296 0 0 0 1 
26456013410025;0.115869;0.0975551;0.994046 0.108959 -0.000600698 -0.0465791 -0.108672 0.990995 -0.0782237 0.049957 -0.00792791 0.0778232 0.996936 0.044575 0 0 0 1 
26456013410026;0.438952;0.257349;0.994387 -0.0431583 0.096602 -0.0115513 0.0409082 0.998846 0.0251542 -0.162219 -0.0975761 -0.0210612 0.995005 -0.314574 0 0 0 1 
26456013410027;1.02893;0.104685;0.916158 0.400286 0.0206453 0.0746593 -0.398203 0.914847 -0.0670019 0.777878 -0.0457072 0.0531633 0.997539 0.146435 0 0 0 1 
26456013410028;0.910665;0.0890358;0.996719 0.0808074 0.00468506 0.0732231 -0.0805159 0.995735 -0.045044 0.0660672 -0.00830496 0.044519 0.998974 0.79687 0 0 0 1 
26456013410029;0.807992;0.122961;0.985042 0.118984 -0.124639 0.0972162 -0.145449 0.96198 -0.231169 0.911635 0.0923947 0.24584 0.964897 -0.0942606 0 0 0 1 
26456013410031;0.378079;1.55987;-0.137828 0.38111 -0.914199 1.04555 -0.855226 0.419777 0.303933 1.66805 0.499591 0.823737 0.268078 -0.11677 0 0 0 1 
26456013410032;0.347742;1.45611;-0.138678 0.352699 -0.925403 0.628729 -0.539335 0.756809 0.369266 1.26813 0.830594 0.550312 0.0852704 -0.669313 0 0 0 1 
26456013410033;0.319289;1.43432;-0.0925156 0.306206 -0.947459 0.578099 -0.544438 0.781143 0.305617 1.06602 0.833683 0.544107 0.0944422 -0.730579 0 0 0 1 
26456013410034;0.665788;0.979787;0.452867 0.709357 -0.540114 0.729327 -0.666074 0.671876 0.323926 0.880349 0.592669 0.213061 0.776755 -0.769875 0 0 0 1 
26456013410035;0.543286;1.02265;0.655421 0.608338 -0.447603 0.369932 -0.657834 0.750973 0.0573886 0.670124 0.37105 0.256835 0.892389 -0.170048 0 0 0 1 
26456013410036;0.569296;0.913253;0.83408 0.442638 -0.329214 -0.142836 -0.486652 0.871444 -0.0612726 1.03775 0.25977 0.211319 0.942265 0.168988 0 0 0 1 
26456013410037;0.587068;1.51267;-0.219314 0.181957 -0.958537 0.877918 -0.79469 0.536642 0.283696 1.95008 0.566011 0.823958 0.0269064 0.206849 0 0 0 1 
26456013410038;0.163491;1.23035;0.500765 0.508513 -0.700463 0.14527 -0.68037 0.731508 0.0446503 1.25511 0.5351 0.454215 0.71229 -0.573262 0 0 0 1 
26456013410039;0.298903;1.13306;0.469965 0.63305 -0.615126 -0.0722634 -0.693844 0.695721 0.185886 1.47549 0.545631 0.339442 0.766202 -0.377254 0 0 0 1 
26456013410040;0.421915;1.59853;-0.117806 0.0780025 -0.989968 0.896502 -0.852491 0.503337 0.141105 1.73618 0.509294 0.860562 0.00720043 -0.0339439 0 0 0 1 
26456013410041;0.740902;1.11129;0.683854 0.529063 -0.50243 0.537402 -0.536979 0.831156 0.144335 0.78966 0.49396 0.171091 0.852486 -0.95391 0 0 0 1 
26456013410042;0.386627;1.24548;0.320525 0.542084 -0.776794 0.659217 -0.654906 0.719304 0.231733 1.05146 0.684369 0.434451 0.585569 -0.203641 0 0 0 1 
26456013410043;0.418115;0.847979;0.708793 0.386012 -0.590429 -0.0702789 -0.542324 0.833436 -0.106159 0.980296 0.451106 0.395449 0.800077 -0.171854 0 0 0 1 
26456013410044;0.401489;0.836408;0.809279 0.439233 -0.390053 0.00478188 -0.36706 0.89653 0.247995 0.688631 0.458621 -0.0575241 0.886768 -0.157936 0 0 0 1 
26456013410045;0.640918;1.59638;-0.232293 0.217261 -0.94807 0.629762 -0.447807 0.841393 0.302535 0.544857 0.863429 0.494829 -0.0981585 -0.945012 0 0 0 1 
26456013410046;0.387348;1.11685;0.41528 0.593545 -0.689382 -0.160229 -0.647781 0.725002 0.233993 1.39921 0.638688 0.349396 0.685565 -0.301411 0 0 0 1 
26456013410047;0.681694;1.06325;0.743183 0.659674 -0.111845 -0.235175 -0.563403 0.707156 0.427209 0.653348 0.360911 -0.254481 0.897208 -0.554593 0 0 0 1 
26456013410048;0.200666;1.53739;-0.292338 0.203766 -0.934354 0.929204 -0.512433 0.791552 0.332952 0.990484 0.807434 0.576129 -0.126984 -0.37162 0 0 0 1 
26456013410049;0.634474;1.15466;0.52121 0.602693 -0.604237 0.6454 -0.730045 0.681561 0.0500876 1.17669 0.442011 0.415014 0.795229 0.0194892 0 0 0 1 
26456013410050;0.211001;1.29508;0.423969 0.496924 -0.757177 0.0666391 -0.670752 0.734044 0.106166 1.34068 0.608558 0.462867 0.644524 -0.507251 0 0 0 1 
26456013410051;0.550163;0.864929;0.695854 0.541847 -0.471369 0.600432 -0.376978 0.834223 0.402443 0.345646 0.611289 -0.102346 0.784762 -0.64984 0 0 0 1 
26456013410052;0.551544;1.07578;0.66211 0.684931 -0.304106 0.206592 -0.704643 0.707145 0.0585139 1.18627 0.255125 0.175543 0.950839 -0.662872 0 0 0 1 
26456013410053;0.345543;1.23199;0.0552742 0.495568 -0.866809 0.92155 -0.721608 0.619838 0.308356 1.47356 0.690092 0.608452 0.391867 -0.3194 0 0 0 1 
26456013410054;0.546651;1.50288;-0.0354956 0.184055 -0.982275 0.903142 -0.823203 0.551911 0.133162 2.07464 0.566637 0.813338 0.131924 -0.87741 0 0 0 1 
26456013410055;0.267657;1.33423;-0.00311725 0.426689 -0.904393 1.01073 -0.658161 0.680022 0.3231 1.2972 0.752871 0.596243 0.27871 -0.362574 0 0 0 1 
26456013410056;0.595541;1.22138;0.484788 0.466542 -0.73981 0.891103 -0.697222 0.716839 -0.00482464 1.11452 0.528074 0.51815 0.672799 -0.17026 0 0 0 1 
26456013410057;0.461018;1.48919;-0.0797789 0.424912 -0.901712 1.14045 -0.800094 0.512248 0.312174 1.22285 0.594546 0.746359 0.299103 -0.189457 0 0 0 1 
26456013410058;0.576941;1.52781;-0.153757 0.443585 -0.882945 1.06285 -0.560896 0.696471 0.447576 0.611912 0.813483 0.564058 0.141718 -0.761879 0 0 0 1 
26456013410059;0.729412;1.49774;-0.228488 0.56689 -0.791473 1.1901 -0.778892 0.381282 0.497948 1.23595 0.584055 0.730247 0.354427 0.140143 0 0 0 1 
26456013410060;0.670241;0.862023;0.601103 0.576631 -0.553328 0.18932 -0.34943 0.812324 0.466935 0.801884 0.718731 -0.0873262 0.689783 -0.855109 0 0 0 1 
26456013410062;0.727774;0.399197;0.998417 -0.0544727 -0.0140385 0.0121474 0.0559218 0.988164 0.142845 -0.252944 0.00609117 -0.143404 0.989645 0.27918 0 0 0 1 
26456013410063;1.34575;1.26044;0.961197 0.26149 0.0878807 -0.360043 -0.271523 0.840505 0.468857 -0.454128 0.0487376 -0.474526 0.878891 0.448474 0 0 0 1 
26456013410064;0.325852;0.158131;0.99174 0.0824247 0.0982768 -0.0995205 -0.0914303 0.991649 0.0909539 -0.108987 -0.0899592 -0.0991881 0.990994 0.092259 0 0 0 1 
26456013410065;0.371368;0.203001;0.958879 -0.191982 -0.20903 0.266793 0.199381 0.979811 0.014716 0.105559 0.201985 -0.0557877 0.977798 0.0254083 0 0 0 1 
26456013410066;1.03207;1.03085;0.964453 0.240432 -0.109649 0.0419745 -0.13703 0.809824 0.570445 -0.110212 0.22595 -0.535142 0.813984 0.166999 0 0 0 1 
26456013410067;0.857765;0.245669;0.976034 -0.143107 0.163943 0.0244778 0.185359 0.941405 -0.281778 0.219288 -0.114012 0.305413 0.94537 0.208382 0 0 0 1 
26456013410068;1.01715;0.0518091;0.999608 -0.0072245 0.0270334 -0.110986 0.00343541 0.990473 0.137667 -0.0257282 -0.0277705 -0.13752 0.99011 0.57208 0 0 0 1 
26456013410069;0.211374;0.0320376;0.97262 -0.200731 -0.117118 0.155922 0.202104 0.979364 -0.000155199 0.073746 0.114732 -0.0235191 0.993118 0.104897 0 0 0 1 
26456013410070;0.584191;0.187806;0.926647 -0.236704 -0.292054 0.431675 0.229449 0.971508 -0.0593763 0.0767709 0.297788 -0.0119907 0.954557 -0.0141097 0 0 0 1 
26456013410071;0.0848378;0.0542143;0.999072 0.0423078 0.0081097 -0.0182937 -0.0422926 0.999103 -0.00203306 -0.016998 -0.00818844 0.00168819 0.999965 -0.00482002 0 0 0 1 
26456013410072;0.345771;0.0882724;0.987499 0.0527291 -0.148545 -0.025734 -0.0216998 0.978892 0.203222 -0.267368 0.156125 -0.197458 0.967799 0.184704 0 0 0 1 
26456013410073;0.619828;0.243804;0.965213 0.04624 0.257344 -0.254817 -0.0174792 0.993447 -0.112946 0.00752718 -0.26088 0.104519 0.959697 0.128817 0 0 0 1 
26456013410074;0.46439;0.0330761;0.992841 -0.0781457 -0.090337 -0.10308 0.0672825 0.990778 -0.117608 0.178652 0.0986945 0.110687 0.988943 0.0905709 0 0 0 1 
26456013410075;1.52576;0.195972;0.975865 -0.216375 -0.029495 0.12443 0.218321 0.969719 0.109458 -0.0821126 0.00491774 -0.113256 0.993554 -0.753987 0 0 0 1 
26456013410076;0.479244;0.0344496;0.951653 0.277772 -0.131143 -0.0786552 -0.283222 0.95874 -0.0245414 -0.0607123 0.118915 0.0604975 0.99106 -0.164932 0 0 0 1 
26456013410077;0.704929;0.0645175;0.990501 -0.108862 0.0840073 -0.372223 0.103725 0.992591 0.0632844 -0.167541 -0.0902741 -0.0539696 0.994454 0.0835443 0 0 0 1 
26456013410078;0.365691;0.318008;0.999472 -0.0314371 -0.0081627 0.0286239 0.0313257 0.999419 -0.0134355 0.09525 0.00858033 0.0131727 0.999876 -0.00659911 0 0 0 1 
26456013410079;1.72117;1.69517;0.983759 -0.114702 -0.138064 0.167405 0.117805 0.992931 0.0144912 0.390901 0.135426 -0.0305205 0.990317 0.0137023 0 0 0 1 
26456013410080;1.76411;0.967757;0.996204 -0.00687605 0.0867783 -0.292441 0.0122463 0.998032 -0.0615054 0.515075 -0.0861845 0.0623346 0.994327 0.218374 0 0 0 1 
26456013410081;1.63412;0.852338;0.989492 0.0568839 0.132926 -0.100751 -0.0312882 0.981814 -0.187247 0.655694 -0.14116 0.181121 0.973277 -0.126342 0 0 0 1 
26456013410082;0.404515;0.0390896;0.876626 -0.479018 -0.0454733 0.108926 0.471433 0.873957 -0.118111 0.328856 0.0963189 0.0821012 0.991959 -0.00455162 0 0 0 1 
26456013410083;1.34753;0.977502;0.968767 -0.10845 -0.223 -0.114107 0.133364 0.986026 0.0998375 -0.248186 0.209057 -0.126459 0.969692 0.188909 0 0 0 1 
26456013410084;1.15281;0.696745;0.964019 0.10605 0.243764 -0.331065 -0.0317334 0.956332 -0.290556 -0.133215 -0.263932 0.272366 0.925287 -0.204696 0 0 0 1 
26456013410085;0.50976;0.0407851;0.975519 0.215142 0.0455659 -0.0904146 -0.206045 0.966579 -0.152548 0.129693 -0.0768626 0.139425 0.987245 -0.330396 0 0 0 1 
26456013410086;0.789041;0.025011;0.98861 -0.122871 -0.0869093 0.154485 0.11807 0.991287 -0.0583932 0.145029 0.0933269 0.0474667 0.994503 -0.393063 0 0 0 1 
26456013410087;0.962758;0.0965321;0.911468 0.381718 -0.15335 0.139692 -0.396291 0.914772 -0.0783898 0.397715 0.110358 0.132221 0.985058 0.00648709 0 0 0 1 
26456013410088;1.51292;0.916588;0.998139 -0.0448198 -0.0413591 -0.255596 0.0483244 0.994944 0.0880411 -0.185918 0.037204 -0.0898759 0.995258 0.139513 0 0 0 1 
26456013410089;0.558558;0.032223;0.999165 -0.0405573 -0.00487466 0.0153699 0.0404005 0.998767 -0.0288406 0.0281765 0.00603835 0.0286195 0.999572 0.28552 0 0 0 1 
26456013410090;1.4132;1.20366;0.998608 -0.0217574 -0.0480399 0.0589292 0.0187803 0.997926 -0.0615763 0.0404562 0.04928 0.0605884 0.996946 -0.123761 0 0 0 1 
26456013410091;1.21795;0.748697;0.866502 -0.0943598 -0.490175 0.150058 -0.0301596 0.970281 -0.240096 -0.000938724 0.498262 0.222827 0.837904 0.503556 0 0 0 1 
26456013410093;0.469907;0.0669814;0.965295 -0.259979 0.0248497 -0.0511269 0.260115 0.948541 -0.180581 0.394439 0.0233764 0.180778 0.983246 -0.276929 0 0 0 1 
26456013410094;0.663694;0.164487;0.873917 0.160055 -0.458968 0.321588 -0.0770011 0.977895 0.194402 0.240688 0.479937 -0.13455 0.866924 0.111749 0 0 0 1 
26456013410095;0.871627;0.228219;0.98658 0.112613 0.118225 0.303926 -0.114195 0.993436 0.00666889 0.24314 -0.116698 -0.0200801 0.992964 -0.0187069 0 0 0 1 
26456013410096;0.802998;0.348763;0.995605 0.00567629 0.093479 -0.249543 -0.0130692 0.996815 0.0786651 0.0158201 -0.0927347 -0.079541 0.992509 -0.431509 0 0 0 1 
26456013410097;0.47238;0.168534;0.940832 0.338569 0.014378 -0.0944652 -0.338866 0.939656 0.0470858 0.0366839 0.00243148 -0.049172 0.998787 0.224765 0 0 0 1 
26456013410098;0.153152;0.0336034;0.988435 0.0716495 -0.133651 0.114947 -0.0681444 0.997205 0.0306243 0.0257634 0.135472 -0.0211625 0.990555 0.0716847 0 0 0 1 
26456013410099;1.16156;0.222939;0.991752 -0.0705122 -0.107037 -0.182398 0.049242 0.9806 -0.189732 0.616311 0.118339 0.182897 0.975984 0.531584 0 0 0 1 
26456013410100;0.366643;0.0513549;0.976617 0.188335 0.103681 -0.0970967 -0.183556 0.981528 -0.0539384 0.0192438 -0.111924 0.033646 0.993147 0.205949 0 0 0 1 
26456013410101;1.16745;0.0510563;0.993799 0.104818 0.0370947 0.00680964 -0.110123 0.97396 0.198181 0.350446 -0.0153559 -0.201037 0.979463 0.79589 0 0 0 1 
26456013410102;1.13408;0.239251;0.984734 -0.109549 -0.13527 0.205482 0.11158 0.993727 0.00750573 0.0169107 0.1336 -0.0224847 0.99078 -0.890547 0 0 0 1 
26456013410103;0.393965;0.03639;0.996711 0.0232016 -0.0776455 -0.00228687 -0.0100812 0.986195 0.16528 -0.353225 0.0804084 -0.163954 0.983185 -0.056029 0 0 0 1 
26456013410104;1.01585;0.0381298;0.966939 0.251672 0.0411022 -0.55196 -0.253251 0.928841 0.270404 0.0573062 0.0298759 -0.271874 0.961869 -0.361132 0 0 0 1 
26456013410105;1.13047;0.807621;0.999601 -0.0136355 0.0247197 -0.0104752 0.0149584 0.998421 -0.0541443 -0.0267854 -0.0239424 0.0544925 0.998227 0.239576 0 0 0 1 
26456013410106;0.197882;0.0665643;0.973542 0.223311 0.048463 -0.143239 -0.225537 0.973117 0.0466624 0.0134436 -0.0367399 -0.056358 0.997734 0.0432753 0 0 0 1 
26456013410107;0.85745;0.0578145;0.949378 -0.307708 0.0632281 -0.257521 0.311444 0.948275 -0.0614539 -0.267787 -0.0410478 0.0780349 0.996105 -0.352288 0 0 0 1 
26456013410108;1.09003;0.300531;0.974279 0.0642349 0.215998 -0.415483 -0.0722251 0.996958 0.0292957 -0.548285 -0.213459 -0.0441427 0.975954 0.391264 0 0 0 1 
26456013410109;0.997601;0.341649;0.989181 0.144995 -0.022298 -0.0152459 -0.146474 0.984614 -0.0952892 -0.369058 0.00813849 0.0975243 0.9952 0.305891 0 0 0 1 
26456013410110;1.0844;0.139478;0.915346 -0.076716 0.395294 -0.976491 0.0718413 0.997047 0.0271441 -0.0177462 -0.396209 0.00355221 0.918154 -0.492762 0 0 0 1 
26456013410111;0.414986;0.435695;0.978564 -0.171933 -0.113366 0.0966237 0.117239 0.917643 -0.379719 0.444157 0.169315 0.358289 0.918129 -0.19088 0 0 0 1 
26456013410112;0.40276;0.0380078;0.994133 -0.0151862 0.107094 -0.129929 -0.00278018 0.986181 0.165651 -0.140825 -0.10813 -0.164977 0.980352 -0.227896 0 0 0 1 
26456013410113;0.220143;0.0418773;0.990898 0.132122 -0.0257993 0.0446901 -0.132139 0.991231 0.00102764 0.0388834 0.0257088 0.00239082 0.999667 0.102907 0 0 0 1 
26456013410114;0.883586;0.52346;0.983411 -0.0864396 0.159473 -0.432075 0.0701674 0.991994 0.104997 -0.0157765 -0.167273 -0.0920651 0.981603 0.195169 0 0 0 1 
26456013410115;0.901703;0.0537499;0.997966 -0.00343755 -0.0636622 0.0293625 0.0124432 0.989844 0.141611 0.0086508 0.0625288 -0.142115 0.987873 0.758219 0 0 0 1 
26456013410116;0.0971774;0.0669169;0.999803 0.0179966 -0.00838046 0.0211024 -0.0178931 0.999765 0.0122719 0.0248626 0.00859934 -0.0121195 0.99989 0.0180297 0 0 0 1 
26456013410117;0.308242;0.0913686;0.99892 0.0424131 -0.0189543 0.0766398 -0.0415682 0.998212 0.0429419 0.0710025 0.0207417 -0.0421077 0.998898 -0.171033 0 0 0 1 
26456013410118;0.617996;0.0487436;0.945346 -0.268911 0.184412 -0.394782 0.277651 0.960411 -0.022833 0.180675 -0.170971 0.0727872 0.982584 -0.270234 0 0 0 1 
26456013410119;0.836682;0.0649308;0.984671 -0.173232 0.0203625 -0.0320271 0.172587 0.984536 0.0300435 -0.0138619 -0.0252522 -0.0260686 0.999341 -0.607663 0 0 0 1 
26456013410120;1.27194;0.240271;0.99861 0.028512 -0.0443325 0.3898 -0.0240328 0.994849 0.0984777 0.198632 0.046912 -0.0972754 0.994151 -0.754495 0 0 0 1 
26456013410121;0.539915;0.0429044;0.959954 -0.279108 -0.0242222 0.266557 0.278897 0.960249 -0.0117635 0.0747193 0.0265427 0.00453689 0.999637 -0.355303 0 0 0 1 
26456013410122;0.715537;0.126623;0.996719 -0.00390171 0.080843 -0.0388717 -0.00595353 0.992597 0.121307 -0.0273009 -0.0807179 -0.12139 0.989317 -0.482384 0 0 0 1 
26456013410124;1.54152;0.793462;0.947135 0.301161 -0.110623 -0.15832 -0.31064 0.947033 -0.0814338 -0.221409 0.0802385 0.111493 0.990521 0.204429 0 0 0 1 
26456013410125;0.0901978;0.0871391;0.999825 0.0181 -0.00465261 0.0111782 -0.0182384 0.999332 -0.0316644 -0.0120936 0.00407638 0.0317437 0.999488 0.0161334 0 0 0 1 
26456013410126;2.04591;0.248522;0.952442 0.270408 -0.140477 0.140731 -0.252569 0.958459 0.132532 -0.18612 0.170479 -0.0907493 0.981174 -0.719765 0 0 0 1 
26456013410127;0.892171;0.435742;0.998124 0.019257 0.0581132 -0.0112532 -0.0169503 0.999059 -0.0399286 0.225585 -0.0588274 0.0388687 0.997511 -0.122603 0 0 0 1 
26456013410128;1.22747;0.377208;0.999819 0.00267305 0.018819 -0.146241 -0.00174433 0.998788 -0.0491945 0.24673 -0.0189277 0.0491528 0.998612 -0.549132 0 0 0 1 
26456013410129;0.476134;0.247962;0.980982 0.00308768 0.194075 -0.156284 -0.0241962 0.994019 0.106489 -0.0953607 -0.192586 -0.109159 0.97519 -0.153073 0 0 0 1 
26456013410130;2.09219;0.0938096;0.983892 0.149577 0.0978966 0.19555 -0.145201 0.988116 -0.0504328 0.193827 -0.104277 0.0354057 0.993918 0.768975 0 0 0 1 
26456013410131;1.46172;0.448193;0.998841 0.0459466 0.014364 -0.094501 -0.0462582 0.998683 0.0221734 -0.24966 -0.0133263 -0.0228122 0.999651 0.578329 0 0 0 1 
26456013410132;0.769284;0.242569;0.991843 -0.0450574 0.119233 -0.0791723 0.0229578 0.983288 0.180603 0.0640204 -0.125378 -0.176393 0.976302 0.0365789 0 0 0 1 
26456013410133;1.34603;0.92822;0.9972 -0.00447818 -0.0746454 0.0491867 -0.0425411 0.786968 -0.615526 0.060148 0.0615 0.616978 0.784574 0.832851 0 0 0 1 
26456013410134;1.62064;0.598742;0.995555 0.00738857 0.0938965 0.171545 -0.00374526 0.999235 -0.0389185 0.346311 -0.0941123 0.0383938 0.994821 -0.779706 0 0 0 1 
26456013410135;0.477389;0.0820435;0.998734 0.0474774 0.0166495 0.0250899 -0.0471568 0.998704 -0.0191478 0.0274205 -0.017537 0.0183384 0.999678 -0.221801 0 0 0 1 
26456013410136;1.0412;0.531146;0.994816 -0.0845589 -0.0564885 -0.163793 0.0919702 0.985149 0.144991 0.27185 0.0433893 -0.149434 0.987819 0.171179 0 0 0 1 
26456013410137;1.90811;1.38723;0.992127 -0.0910419 -0.086 -0.060707 0.0902093 0.995831 -0.0135258 0.142892 0.0868729 0.00566132 0.996203 0.396727 0 0 0 1 
26456013410138;0.964836;0.0699762;0.980507 0.184687 -0.0670559 0.047856 -0.189719 0.978687 -0.0785971 -0.297389 0.051111 0.0897868 0.994649 0.593147 0 0 0 1 
26456013410139;1.47225;0.665199;0.958414 0.274991 -0.0763031 0.477275 -0.280078 0.957665 -0.0665906 -0.479432 0.0547609 0.0851922 0.994859 -0.148028 0 0 0 1 
26456013410140;1.16137;0.971862;0.996723 0.0808647 -0.00199243 0.0798185 -0.0808122 0.996546 0.0191067 -0.179799 0.00353061 -0.0188831 0.999815 0.210395 0 0 0 1 
26456013410141;0.944233;0.450713;0.992885 0.119032 0.00326504 -0.0607453 -0.119062 0.991937 0.0434252 -0.392891 0.0019303 -0.043505 0.999051 -0.215076 0 0 0 1 
26456013410142;1.84842;0.856049;0.972991 0.045296 -0.226354 -0.308798 -0.0873701 0.979874 -0.17948 -0.315284 0.213668 0.194409 0.957367 0.509656 0 0 0 1 
26456013410143;0.46443;0.111034;0.992012 0.126091 -0.00368321 0.0521697 -0.124216 0.981515 0.145597 -0.23115 0.0219736 -0.143977 0.989337 0.137723 0 0 0 1 
26456013410144;0.759937;0.204187;0.968902 0.0117055 -0.24717 0.0608651 -0.0767991 0.963778 -0.255409 0.228807 0.235227 0.266448 0.934705 0.361477 0 0 0 1 
26456013410145;0.437138;0.214029;0.988847 -0.0377076 0.144084 -0.139059 0.00547252 0.975965 0.217858 -0.0508421 -0.148836 -0.21464 0.965286 -0.272173 0 0 0 1 
26456013410146;1.81332;0.631427;0.998907 0.0462319 -0.0068911 -0.182638 -0.0462939 0.998886 -0.00912231 -0.00762297 0.00646168 0.00943136 0.999935 0.718872 0 0 0 1 
26456013410147;0.897776;0.677679;0.998117 0.0362298 0.0494984 0.0652491 -0.0276966 0.986182 -0.163335 0.040845 -0.054732 0.161656 0.985328 0.1435 0 0 0 1 
26456013410148;0.647101;0.33686;0.998506 -0.0537569 -0.00982452 -0.0358192 0.0544397 0.994161 0.0931664 0.0054037 0.00475882 -0.093562 0.995602 0.197302 0 0 0 1 
26456013410149;0.510162;0.229671;0.981504 0.176275 -0.0746863 0.00865017 -0.17618 0.984326 0.00790784 -0.199653 0.0749096 0.00539666 0.997176 0.151316 0 0 0 1 
26456013410150;1.62937;0.0656643;0.942532 -0.0549317 0.32957 -0.0404563 0.160627 0.939422 -0.302794 0.928926 -0.292973 0.338331 0.894259 -0.70785 0 0 0 1 
26456013410151;0.991097;0.212844;0.960867 -0.198574 0.193137 -0.407479 0.249676 0.922826 -0.293348 0.627056 -0.119981 0.330091 0.936293 -0.352981 0 0 0 1 
26456013410152;0.386143;0.0501679;0.999106 0.0376324 -0.0192687 0.027782 -0.0384055 0.998402 -0.0414616 0.0589808 0.0176776 0.0421645 0.998954 -0.0889726 0 0 0 1 
26456013410153;1.24713;0.896913;0.983744 0.0860954 -0.157591 -0.0117423 -0.133486 0.937614 -0.321033 0.0200837 0.12012 0.336851 0.933865 0.513267 0 0 0 1 
26456013410155;0.44177;0.263045;0.995902 0.0683999 0.0591719 -0.0880148 -0.055172 0.977873 -0.201794 -0.0470247 -0.0716653 0.197703 0.977639 -0.0296196 0 0 0 1 
26456013410156;0.559197;0.206491;0.997116 -0.0535104 -0.0538097 -0.145128 0.0490072 0.995445 -0.0817828 0.112986 0.0579408 0.0789099 0.995197 0.511274 0 0 0 1 
26456013410157;0.798739;0.674195;0.999737 0.016076 0.0163556 0.0229723 -0.0166694 0.999183 0.036816 -0.195364 -0.0157504 -0.037079 0.999188 -0.287574 0 0 0 1 
26456013410158;0.506235;0.234744;0.987742 0.0866087 0.129863 0.0163895 -0.069708 0.98913 -0.129473 0.261678 -0.139665 0.118833 0.983042 -0.273937 0 0 0 1 
26456013410159;0.771683;0.458799;0.999493 0.017383 0.0266651 -0.00185281 -0.0119675 0.98147 -0.19124 0.614876 -0.0294953 0.190824 0.981181 0.0674209 0 0 0 1 
26456013410160;0.731372;0.319363;0.999497 0.0131489 -0.0288759 0.0456224 -0.0142985 0.999098 -0.0399722 0.170576 0.0283243 0.0403649 0.998783 -0.53771 0 0 0 1 
26456013410161;0.152345;0.0699839;0.998474 0.0164472 0.0527178 -0.0426939 -0.0148613 0.999429 -0.0303348 0.00150507 -0.0531867 0.029505 0.998149 -0.162098 0 0 0 1 
26456013410162;0.843744;0.473217;0.935156 -0.0556834 -0.349832 0.210399 0.0477865 0.998371 -0.0311716 0.561312 0.350998 0.0124331 0.936294 0.759124 0 0 0 1 
26456013410163;0.17304;0.0294309;0.998866 -0.0116175 -0.0461749 0.0429922 0.00509735 0.990295 -0.138889 0.130787 0.0473403 0.138496 0.989231 0.133074 0 0 0 1 
26456013410164;1.05704;0.0709379;0.994327 -0.0264491 -0.103021 0.138951 0.0314636 0.998382 0.0473574 -0.0860507 0.101602 -0.0503302 0.993551 -0.852247 0 0 0 1 
26456013410165;1.01882;0.997347;0.997495 -0.0547128 -0.0448436 -0.412349 0.0587293 0.993859 0.0937779 0.270972 0.0394374 -0.0961766 0.994583 0.0194038 0 0 0 1 
26456013410166;0.386158;0.063056;0.979209 0.0162925 -0.2022 0.335199 -0.0745006 0.955997 -0.283759 0.398345 0.188679 0.292924 0.937334 0.0608845 0 0 0 1 
26456013410167;0.362618;0.186051;0.993807 0.0489761 -0.0997437 -0.0536015 -0.00545844 0.918061 0.396401 -0.47413 0.110985 -0.393401 0.912643 0.0897112 0 0 0 1 
26456013410168;0.272737;0.120392;0.979991 -0.028755 -0.196952 0.0780335 0.0338832 0.999168 0.0227168 -0.130232 0.196135 -0.0289357 0.98015 0.033581 0 0 0 1 
26456013410169;0.677811;0.19307;0.99787 -0.0392315 -0.0521208 -0.0784162 0.0377021 0.998838 -0.0300094 -0.173977 0.0532376 0.0279804 0.99819 0.485036 0 0 0 1 
26456013410170;0.704368;0.109809;0.996909 0.0764517 0.0181188 0.176697 -0.0767458 0.99692 0.0161327 -0.59481 -0.0168297 -0.0174734 0.999706 0.0725787 0 0 0 1 
26456013410171;1.02478;0.613979;0.971984 -0.106081 -0.209748 -0.148046 0.118268 0.991897 0.0464057 0.0393756 0.203126 -0.069912 0.976654 0.0126655 0 0 0 1 
26456013410172;0.366617;0.0970261;0.980831 -0.0300599 -0.192526 0.114283 0.0428614 0.997113 0.0626761 -0.0324144 0.190086 -0.0697266 0.979288 -0.14174 0 0 0 1 
26456013410173;0.895873;0.349194;0.999677 0.0217368 -0.0131822 -0.119956 -0.0214245 0.999497 0.0233809 -0.38445 0.0136838 -0.0230909 0.99964 0.466193 0 0 0 1 
26456013410174;0.457447;0.299757;0.999768 -0.0184037 -0.0112115 -0.131999 0.0182379 0.999725 -0.0147096 0.166273 0.0114791 0.0145017 0.999829 0.0167583 0 0 0 1 
26456013410175;0.623034;0.0507396;0.998533 -0.00620527 -0.0537986 0.0703905 0.00844035 0.999106 0.0414183 -0.0111185 0.0534935 -0.0418116 0.997692 -0.51383 0 0 0 1 
26456013410176;0.235307;0.183617;0.996752 -0.0302706 -0.0746269 -0.124053 0.0300062 0.999539 -0.00466116 0.100851 0.0747335 0.00240675 0.997201 0.0557728 0 0 0 1 
26456013410177;0.877512;0.583476;0.999846 -0.0173943 0.00246591 -0.117848 0.0174136 0.999816 -0.00801526 0.550709 -0.00232604 0.00805696 0.999965 0.0447795 0 0 0 1 
26456013410178;0.197683;0.0336408;0.998752 -0.0295667 -0.0402424 -0.0560006 0.0301579 0.999445 0.0141639 0.126257 0.0398013 -0.0153599 0.99909 -0.0501409 0 0 0 1 
26456013410179;0.15124;0.0480037;0.996158 0.00204725 0.0875549 -0.0646377 -0.0120205 0.993461 0.113534 -0.0630275 -0.08675 -0.11415 0.989669 0.00126045 0 0 0 1 
26456013410180;0.554153;0.457895;0.999899 -0.0139512 0.00257116 0.00369455 0.0141853 0.985288 -0.17031 0.389247 -0.000157299 0.17033 0.985387 -0.00714894 0 0 0 1 
26456013410181;0.475904;0.0449567;0.99928 0.0113742 0.0362044 -0.0480003 -0.0223908 0.946984 0.3205 -0.667186 -0.0306395 -0.32108 0.946556 -0.0733055 0 0 0 1 
26456013410182;0.72307;0.543671;0.999643 0.0048668 0.0262632 -0.114862 -0.00228725 0.995246 -0.0973694 0.1644 -0.0266122 0.0972746 0.994902 0.261733 0 0 0 1 
26456013410183;0.714484;0.242577;0.999148 0.0392705 -0.0126741 -0.0405171 -0.0412329 0.937986 -0.344213 0.150151 -0.00162926 0.344442 0.938806 0.442062 0 0 0 1 
26456013410184;0.435457;0.29488;0.999666 -0.0093294 0.0241012 -0.0180765 0.0102069 0.99928 -0.0365445 0.241345 -0.0237429 0.0367783 0.999041 -0.185171 0 0 0 1 
26456013410186;2.57906;1.86188;0.999254 0.0371065 -0.0107029 0.114833 -0.0382573 0.988969 -0.143097 -0.199972 0.00527496 0.1434 0.989651 -0.587934 0 0 0 1 
26456013410187;0.634766;0.516916;0.994736 -0.0695095 -0.0752858 0.103752 0.0614749 0.992651 -0.104235 0.0865445 0.0819778 0.0990578 0.991699 -0.0234361 0 0 0 1 
26456013410188;1.09866;1.32524;0.993805 0.0739055 0.0830064 0.0628578 -0.0323315 0.906811 -0.420295 0.164791 -0.106333 0.415007 0.903583 -0.314667 0 0 0 1 
26456013410189;0.60767;0.519697;0.997977 0.0115383 -0.0625196 0.0354088 -0.00902922 0.999148 0.040267 -0.0103354 0.0629309 -0.039621 0.997231 0.0706975 0 0 0 1 
26456013410190;1.29465;1.8589;0.740677 -0.523968 0.420542 -0.562652 0.348442 0.834751 0.426355 0.481424 -0.574444 -0.169257 0.800853 -0.897372 0 0 0 1 
26456013410191;1.28532;0.986651;0.999211 -0.027819 -0.0283532 0.0650585 0.0296649 0.997318 0.0669123 -0.142343 0.0264157 -0.0677006 0.997356 -0.169783 0 0 0 1 
26456013410192;1.88351;2.39296;0.499438 -0.317819 -0.805948 -0.643639 -0.221851 0.852344 -0.473594 -0.347213 0.837463 0.415332 0.355185 1.82461 0 0 0 1 
26456013410193;1.11745;0.731305;0.994529 -0.0995956 0.0315232 -0.0476256 0.0754299 0.893398 0.442889 -0.240076 -0.0722726 -0.438088 0.896022 -0.0331556 0 0 0 1 
26456013410194;2.37375;0.53437;0.958823 -0.28282 0.0259042 0.298915 0.282528 0.940576 -0.188402 -0.0020503 0.0289189 0.187963 0.98175 -0.44053 0 0 0 1 
26456013410195;1.70586;0.856142;0.996816 -0.0776498 0.0181238 0.196463 0.064117 0.91569 0.396737 -0.691117 -0.0474024 -0.394312 0.917753 -0.188159 0 0 0 1 
26456013410196;0.514644;0.166745;0.997302 0.0153396 0.0717937 -0.0508203 -0.0120901 0.998892 -0.0454788 0.0136301 -0.0724118 0.0444881 0.996382 0.0385985 0 0 0 1 
26456013410197;2.7645;2.17344;0.999626 -0.00491728 -0.0269009 -0.419975 -0.0070567 0.904003 -0.427469 0.177947 0.0264205 0.427499 0.90363 -0.0995116 0 0 0 1 
26456013410198;2.3433;0.993701;0.971319 -0.212604 -0.106482 0.268323 0.237779 0.868999 0.433937 -0.267932 0.000275736 -0.44681 0.894629 0.711787 0 0 0 1 
26456013410199;2.04036;0.606848;0.99467 0.0997476 -0.0261072 0.0996898 -0.0824502 0.92151 0.379501 -0.898676 0.0619124 -0.375326 0.924823 -0.116021 0 0 0 1 
26456013410200;2.25828;2.21445;0.99539 -0.0750359 0.0597301 0.0212547 0.0811719 0.990834 -0.107978 0.201744 -0.0510804 0.112329 0.992357 -0.105401 0 0 0 1 
26456013410201;2.32984;1.03161;0.965278 -0.172414 0.196243 -0.395022 0.0296643 0.818734 0.573406 -0.240777 -0.259534 -0.547675 0.795421 -0.475122 0 0 0 1 
26456013410202;0.574695;0.234494;0.999656 0.0245623 -0.00914333 -0.0102716 -0.0238026 0.996858 0.075549 0.0345546 0.0109703 -0.0753055 0.9971 0.184502 0 0 0 1 
26456013410203;2.04835;0.493466;0.947748 -0.102801 0.302004 -0.0469085 -0.0500318 0.887048 0.458959 -0.803561 -0.315073 -0.450087 0.835554 0.170041 0 0 0 1 
26456013410204;0.669991;0.126777;0.997857 -0.0535859 0.0375411 -0.00985483 0.03927 0.949456 0.311434 -0.23458 -0.0523321 -0.309293 0.949526 -0.109807 0 0 0 1 
26456013410205;0.908947;0.355906;0.999248 0.0366962 -0.0125344 0.00801261 -0.0342425 0.986703 0.158887 0.0825098 0.0181983 -0.158339 0.987217 -0.0155378 0 0 0 1 
26456013410206;1.79634;1.57439;0.971862 -0.143566 -0.186741 0.206863 0.160402 0.983938 0.0783369 0.0229199 0.172495 -0.106086 0.979281 0.00496295 0 0 0 1 
26456013410207;0.232642;0.130467;0.999857 0.0106386 -0.0131277 0.00392656 -0.00934446 0.995435 0.0949854 -0.0510289 0.0140783 -0.0948492 0.995392 0.0276864 0 0 0 1 
26456013410208;2.37807;0.764825;0.973111 0.156664 0.168851 -0.273462 -0.186112 0.966698 0.175665 -0.690686 -0.135707 -0.202367 0.969861 -0.774394 0 0 0 1 
26456013410209;2.64335;0.758624;0.976106 -0.208547 0.0610289 0.29483 0.211139 0.976653 -0.0396012 -0.264688 -0.0513454 0.0515406 0.99735 -0.408918 0 0 0 1 
26456013410210;2.26073;1.33964;0.980432 0.170348 0.098659 -0.236318 -0.196116 0.801805 0.564489 -0.888205 0.0170546 -0.572792 0.819523 -0.116237 0 0 0 1 
26456013410211;1.42407;1.09137;0.990563 0.00964499 -0.136716 0.192707 0.0437997 0.922935 0.382457 -0.137533 0.129869 -0.384836 0.913803 0.308285 0 0 0 1 
26456013410212;1.48789;1.396;0.981323 -0.00442939 -0.192317 0.130522 0.00882635 0.999719 0.0220124 -0.0123144 0.192165 -0.0232987 0.981086 0.080674 0 0 0 1 
26456013410213;1.60061;0.788726;0.958981 -0.0885545 -0.269282 0.363783 0.126048 0.984083 0.125269 0.351092 0.253903 -0.154074 0.954879 0.476882 0 0 0 1 
26456013410214;1.7042;2.11485;0.963152 -0.0509302 0.264093 -0.192445 -0.0753955 0.891412 0.446877 -0.500064 -0.258175 -0.450322 0.854725 -0.373052 0 0 0 1 
26456013410215;0.754244;0.590642;0.998174 0.0125913 0.0590742 -0.0514064 -0.0135052 0.999795 0.0150957 -0.0271532 -0.058872 -0.015866 0.998139 -0.219534 0 0 0 1 
26456013410217;1.32332;1.37556;0.995802 0.075065 -0.0523857 -0.0673752 -0.0693195 0.992159 0.103995 -0.0850586 0.0597814 -0.0999275 0.993197 0.0850262 0 0 0 1 
26456013410218;1.34012;1.33125;0.989991 0.137323 0.0325627 -0.106347 -0.140316 0.98248 0.122658 -0.276121 -0.0151483 -0.126 0.991915 0.0567239 0 0 0 1 
26456013410219;0.65608;0.687756;0.996229 0.0278024 0.0821884 -0.0719614 -0.0283531 0.999583 0.00554064 0.00523519 -0.0820001 -0.00785004 0.996601 -0.0568097 0 0 0 1 
26456013410220;1.46371;1.26264;0.998942 -0.0373886 0.026778 0.00672475 0.0415759 0.983091 -0.178336 0.306521 -0.0196574 0.179261 0.983605 0.0228578 0 0 0 1 
26456013410221;1.60635;1.44378;0.99818 0.0156649 -0.0582432 0.0567318 -0.00748276 0.990386 0.13813 -0.059481 0.059847 -0.137442 0.9887 0.218862 0 0 0 1 
26456013410222;2.32392;1.13256;0.995918 -0.0530482 0.0730246 0.0333511 0.0877717 0.757832 -0.646519 0.932276 -0.0210437 0.65029 0.759394 -1.03208 0 0 0 1 
26456013410223;1.20647;1.03307;0.9905 0.137137 -0.0101953 -0.043325 -0.136131 0.988324 0.0684427 -0.0343001 0.0194623 -0.0664045 0.997603 0.078807 0 0 0 1 
26456013410224;0.781646;0.741977;0.992611 0.110257 0.0506684 -0.0787038 -0.10786 0.993015 -0.04783 -0.0672829 -0.0555881 0.0420115 0.99757 -0.093703 0 0 0 1 
26456013410225;1.91639;1.40491;0.965665 0.257215 0.0364756 -0.0929103 -0.158981 0.474054 0.866024 -1.57013 0.205463 -0.842089 0.49867 0.971423 0 0 0 1 
26456013410226;0.740714;0.640071;0.994547 0.096609 0.0392729 -0.0673179 -0.095126 0.994739 -0.0380272 0.0637236 -0.0427401 0.034084 0.998505 -0.0424584 0 0 0 1 
26456013410227;0.854149;0.853412;0.999837 0.00299918 0.0178171 -0.0165311 -0.00382161 0.99892 0.0463062 -0.043763 -0.017659 -0.0463667 0.998768 0.029142 0 0 0 1 
26456013410228;0.477964;0.470407;0.997143 0.0283266 0.0700279 -0.101769 -0.0191181 0.991482 -0.128833 0.109368 -0.0730808 0.127126 0.989191 -0.0943475 0 0 0 1 
26456013410229;0.488387;0.298044;0.953262 -0.26609 -0.143137 0.179685 0.274556 0.960623 0.0426983 0.0839153 0.126139 -0.0800017 0.988781 0.125872 0 0 0 1 
26456013410230;0.907029;0.704356;0.998453 0.0538763 -0.0137272 0.0267689 -0.0495087 0.973923 0.22141 -0.173327 0.025298 -0.220388 0.975084 0.0470591 0 0 0 1 
26456013410231;2.37848;1.01968;0.977524 -0.181967 -0.10647 0.28514 0.209868 0.887971 0.409222 -0.713815 0.0200778 -0.422369 0.906202 -0.283518 0 0 0 1 
26456013410232;0.758672;0.710589;0.998608 0.0525571 0.00443874 -0.00189769 -0.0526556 0.99827 0.0261434 -0.0725431 -0.00305704 -0.0263407 0.999648 -0.00121809 0 0 0 1 
26456013410233;0.876115;0.491848;0.999417 0.0223871 0.0257861 0.00257205 -0.0253736 0.992204 0.122014 0.0346457 -0.0228535 -0.122597 0.992193 0.0613465 0 0 0 1 
26456013410234;0.436918;0.343528;0.996975 0.0776344 0.00371198 -0.0363664 -0.0777119 0.996505 0.0306233 -0.151698 -0.00132159 -0.0308191 0.999524 0.0211819 0 0 0 1 
26456013410235;0.42537;0.365223;0.993898 0.0674476 0.0872823 -0.111811 -0.0548094 0.988653 -0.13986 0.0447321 -0.0957251 0.134223 0.986317 -0.12593 0 0 0 1 
26456013410236;1.61117;1.40799;0.945129 0.281657 -0.16553 0.116751 -0.25488 0.952667 0.165714 -0.401925 0.20437 -0.114431 0.972182 0.183121 0 0 0 1 
26456013410237;1.76467;1.55111;0.944784 0.250194 0.211626 -0.236954 -0.308287 0.897565 0.315175 -0.468997 -0.111093 -0.363014 0.925137 0.036791 0 0 0 1 
26456013410238;1.19544;0.863645;0.982474 -0.148783 0.112284 -0.176018 0.0663826 0.842181 0.535093 -0.450507 -0.174176 -0.518262 0.837298 -0.11317 0 0 0 1 
26456013410239;0.73293;0.471138;0.932104 -0.352813 -0.0818813 0.0892039 0.353266 0.935476 -0.00937037 0.303882 0.079904 -0.0201918 0.996598 -0.00494282 0 0 0 1 
26456013410240;1.79116;1.80716;0.999108 0.0364618 0.0213151 -0.0189011 -0.0370781 0.998883 0.0292744 -0.0226522 -0.0202239 -0.0300386 0.999344 -0.0171188 0 0 0 1 
26456013410241;1.92987;1.89948;0.92808 0.216044 0.303303 -0.399199 -0.184933 0.974359 -0.128161 -0.129391 -0.323214 0.0628526 0.944236 -0.356485 0 0 0 1 
26456013410242;1.40722;1.26695;0.929098 0.079814 0.361118 -0.55754 0.336048 0.225531 -0.914444 1.53413 -0.154429 0.970961 0.182719 0.69506 0 0 0 1 
26456013410243;0.583238;0.431652;0.997604 -0.00880523 0.0686181 -0.0708294 0.015897 0.994502 -0.103501 0.0904993 -0.0673295 0.104344 0.99226 -0.180719 0 0 0 1 
26456013410244;0.533279;0.219374;0.999143 0.0363539 -0.0198045 0.0111593 -0.0365226 0.999299 -0.008224 0.0290757 0.0194916 0.00894027 0.99977 0.142167 0 0 0 1 
26456013410245;0.736282;0.554914;0.994744 -0.0812419 -0.0623178 0.0487976 0.0652284 0.971961 -0.225913 0.237642 0.0789241 0.220661 0.972152 0.102403 0 0 0 1 
26456013410246;1.05866;0.926982;0.998841 0.00219011 -0.0480766 0.0420549 -0.0132476 0.972884 -0.230913 0.154223 0.0462673 0.231282 0.971786 -0.122635 0 0 0 1 
26456013410248;1.23759;0.807938;0.994452 0.0080808 -0.104884 -0.128445 0.0265798 0.945391 0.324854 0.0118911 0.101781 -0.325839 0.939931 0.746625 0 0 0 1 
26456013410249;1.46586;0.758599;0.814814 0.478562 0.327194 -0.504488 -0.423283 0.876767 -0.228278 -0.880338 -0.396118 0.0475087 0.91697 -0.035512 0 0 0 1 
26456013410250;0.412958;0.276801;0.990534 -0.124012 -0.0588439 -0.143279 0.115791 0.985124 -0.126977 0.238363 0.0737152 0.118962 0.990159 0.213733 0 0 0 1 
26456013410251;1.34871;0.579876;0.969286 -0.00596426 0.245864 -0.257644 -0.0612086 0.962399 0.264653 -0.0975904 -0.238198 -0.271574 0.932475 0.254522 0 0 0 1 
26456013410252;1.49487;0.76807;0.984957 0.135074 -0.107774 0.185079 -0.0708951 0.884654 0.460827 -0.725921 0.157588 -0.446254 0.880922 -0.236098 0 0 0 1 
26456013410253;0.288077;0.0544838;0.999339 0.0321845 -0.0169195 -0.00501064 -0.0325532 0.999228 -0.0219877 -0.0447731 0.0161988 0.022524 0.999615 -0.151208 0 0 0 1 
26456013410254;0.399182;0.24365;0.949255 0.294439 0.110548 -0.312801 -0.28682 0.954654 -0.0798109 -0.375475 -0.129034 0.0440536 0.990661 -0.342204 0 0 0 1 
26456013410255;1.26559;0.334448;0.995256 0.0225271 0.0946516 -0.231019 -0.0109977 0.992639 -0.120608 -0.171513 -0.0966718 0.118995 0.988178 0.601424 0 0 0 1 
26456013410256;0.836061;0.707111;0.978368 0.144719 -0.147823 0.0922922 -0.147453 0.989039 -0.00764558 -0.250381 0.145096 0.0292772 0.988984 0.097362 0 0 0 1 
26456013410257;1.31918;0.602799;0.968361 0.212582 -0.130714 -0.285116 -0.190025 0.967651 0.165959 -0.896507 0.161765 -0.135869 0.977431 0.00794493 0 0 0 1 
26456013410258;1.48742;0.902022;0.989208 -0.13552 0.055688 0.243757 0.123271 0.975241 0.183602 0.138698 -0.079191 -0.174756 0.981422 0.218247 0 0 0 1 
26456013410259;1.01942;0.209054;0.905796 0.419163 -0.0619433 -0.561597 -0.410431 0.90429 0.117496 -0.322273 0.105265 -0.0810039 0.99114 0.2512 0 0 0 1 
