#;prob_registration_l1 -r /home/probabilistic_point_clouds_registration/build/tester /home/point_clouds_registration_benchmark//devel/registration_pairs/p2at_met_local.txt /home/point_clouds_registration_benchmark//planetary/p2at_met -s 0.2 -t 0.2 -p 0.3 -r 1000 -m 1 -i 40 
id;initial_error;final_error;transformation
27844314100000;0.368279;0.316943;0.99936 0.00193235 0.0357197 0.184104 -0.00691038 0.99016 0.139772 -0.211255 -0.0350981 -0.13993 0.989539 -8.41161 0 0 0 1 
27844314100001;0.325629;0.135192;0.987652 0.0370159 -0.152228 1.36356 -0.00820977 0.98258 0.18566 -0.534846 0.156448 -0.182118 0.970751 -7.72944 0 0 0 1 
27844314100002;0.342132;0.133943;0.933409 -0.0467423 0.355758 -3.03537 -0.0574643 0.959208 0.276799 -2.7281 -0.354184 -0.27881 0.892647 -24.5879 0 0 0 1 
27844314100003;0.135271;0.109365;0.994945 -0.00457097 0.100321 -0.0227136 -0.0129214 0.984833 0.173022 -0.528728 -0.0995904 -0.173443 0.979795 -12.5789 0 0 0 1 
27844314100004;0.89077;0.73588;0.986281 0.0483808 -0.157828 2.08769 -0.0060079 0.965974 0.258568 -1.16887 0.164967 -0.254072 0.953013 -12.3431 0 0 0 1 
27844314100005;0.300669;0.274191;0.933713 0.0414519 -0.355614 -0.407485 0.00268911 0.992435 0.122743 0.0790952 0.358012 -0.115563 0.926538 1.32538 0 0 0 1 
27844314100006;0.461976;0.451094;0.999987 0.00497714 0.000680015 0.256169 -0.00499394 0.999611 0.0274558 -0.0133539 -0.000543098 -0.0274589 0.999623 -1.48233 0 0 0 1 
27844314100007;1.17629;1.00727;0.999541 0.00594571 0.0296913 0.437545 -0.00818415 0.997086 0.0758477 -0.01335 -0.0291538 -0.0760559 0.996677 -3.7849 0 0 0 1 
27844314100008;0.519074;0.439455;0.999993 0.00267282 0.00268378 0.148753 -0.00276459 0.999391 0.0347926 0.0277833 -0.00258915 -0.0347998 0.999391 -1.47039 0 0 0 1 
27844314100009;0.482706;0.490975;0.992798 -0.00810671 0.119523 -0.271447 0.0134802 0.998931 -0.0442186 0.117186 -0.119036 0.0455114 0.991846 -0.159089 0 0 0 1 
27844314100010;0.848926;0.0716662;0.999008 0.0240023 -0.0375076 1.47259 -0.0171546 0.984728 0.173251 -0.726414 0.0410932 -0.172436 0.984163 -11.2858 0 0 0 1 
27844314100011;0.370547;0.310481;0.980477 -0.00731181 -0.196498 -1.66634 -0.00509135 0.998029 -0.0625418 -0.424794 0.196569 0.0623212 0.978507 8.67755 0 0 0 1 
27844314100012;1.02719;0.430446;0.99108 -0.00372542 -0.133214 -1.18451 -0.00273299 0.998831 -0.0482658 -0.291016 0.133238 0.0481993 0.989911 8.1437 0 0 0 1 
27844314100013;0.818365;0.76575;0.998835 0.0110887 -0.046956 0.533015 -0.00652145 0.995328 0.0963262 -0.0807551 0.0478047 -0.0959078 0.994242 -5.3626 0 0 0 1 
27844314100014;0.722224;0.286764;0.998392 5.20274e-05 -0.0566935 -0.0508657 0.000242527 0.999987 0.00518866 -0.026486 0.056693 -0.00519406 0.998378 -0.786027 0 0 0 1 
27844314100015;1.11358;0.704131;0.999516 -0.00203011 -0.0310479 0.0479205 0.00132822 0.999743 -0.0226108 0.110482 0.0310858 0.0225586 0.999262 -0.413167 0 0 0 1 
27844314100016;0.370882;0.0833827;0.993297 -0.00662582 0.115396 -0.160451 0.0542342 0.908351 -0.414677 -5.51556 -0.102072 0.418156 0.902622 21.8654 0 0 0 1 
27844314100017;0.341055;0.286331;0.995666 0.00491663 -0.0928762 -0.209156 -0.00153355 0.999334 0.036462 0.0916334 0.0929936 -0.0361615 0.99501 0.183881 0 0 0 1 
27844314100018;0.853373;0.291938;0.999597 0.000133571 0.0283792 0.200968 -0.000202219 0.999997 0.00241612 -0.0332326 -0.0283788 -0.00242088 0.999594 -2.94673 0 0 0 1 
27844314100019;0.871961;0.0900811;0.999979 -0.0035348 0.00538729 0.00956102 0.00366636 0.99969 -0.0246085 0.00144758 -0.00529864 0.0246278 0.999683 -1.03167 0 0 0 1 
27844314100020;0.613803;0.609931;0.996701 0.0325623 -0.0743449 1.55345 -0.0147009 0.973269 0.229195 -1.02077 0.0798207 -0.227346 0.970537 -11.8325 0 0 0 1 
27844314100021;0.300355;0.0929881;0.948422 -0.0031848 -0.316993 -2.51562 -0.0157683 0.998238 -0.0572068 -0.664767 0.316617 0.0592546 0.946701 10.9386 0 0 0 1 
27844314100022;0.628187;0.0787185;0.999976 -0.00159102 0.0066696 0.0851305 0.00173487 0.999765 -0.0216175 -0.0131396 -0.00663364 0.0216285 0.999744 -0.601788 0 0 0 1 
27844314100023;0.278091;0.0730506;0.996436 -0.00236941 0.0843245 0.123338 0.00582061 0.999154 -0.0407053 -0.11438 -0.0841567 0.0410511 0.995607 -0.310664 0 0 0 1 
27844314100024;0.416131;0.336072;0.968739 -0.00812087 -0.24795 -1.97586 -0.00184323 0.999201 -0.0399273 -0.243678 0.248076 0.0391361 0.96795 7.29848 0 0 0 1 
27844314100025;0.365706;0.329615;0.992481 0.00295447 -0.12236 -0.387151 -0.00285018 0.999995 0.00102732 -0.0460394 0.122362 -0.000670848 0.992485 2.43609 0 0 0 1 
27844314100026;0.38807;0.204976;0.983128 -0.00639553 0.182807 -0.188017 -0.00227647 0.998883 0.0471889 -0.0271553 -0.182904 -0.0468089 0.982016 -7.86305 0 0 0 1 
27844314100027;0.827287;0.769453;0.981513 -0.0175167 -0.190593 -2.05676 -0.0066882 0.992056 -0.125619 -1.03662 0.191279 0.124572 0.973599 11.3963 0 0 0 1 
27844314100028;0.216847;0.218348;0.993775 -0.0123701 0.11072 -0.479715 0.0266336 0.991379 -0.128291 -0.327064 -0.108178 0.130441 0.985537 5.09371 0 0 0 1 
27844314100029;0.528223;0.42971;0.997214 -0.00120652 0.0745907 0.133566 0.00312686 0.999667 -0.0256336 0.00744917 -0.0745349 0.0257954 0.996885 -0.965223 0 0 0 1 
27844314100031;1.32944;0.74022;0.999843 -0.00613352 -0.0166406 -0.286266 0.00610096 0.999979 -0.00200689 0.0542145 0.0166526 0.00190505 0.99986 2.62285 0 0 0 1 
27844314100032;1.35252;1.11482;0.949826 0.0597125 -0.307025 -1.76763 0.0345461 0.955574 0.29272 1.56536 0.310864 -0.28864 0.905566 6.08118 0 0 0 1 
27844314100033;0.908498;0.500521;0.974867 0.0389893 -0.21935 -0.942218 0.0143045 0.971582 0.236272 0.861579 0.222328 -0.233471 0.946605 4.96893 0 0 0 1 
27844314100034;0.315932;0.309128;0.999965 0.00333382 0.00773439 0.0179604 -0.00343954 0.9999 0.013696 -0.0680021 -0.00768796 -0.0137221 0.999876 -0.206343 0 0 0 1 
27844314100035;0.38412;0.180294;0.999563 -0.00450372 -0.0292257 0.0146089 0.00316932 0.998957 -0.0455451 -0.0886685 0.0294003 0.0454326 0.998535 -0.473292 0 0 0 1 
27844314100036;0.255516;0.162787;0.99678 0.0174132 0.0782711 0.00920196 -0.0301796 0.985829 0.165016 -0.00724994 -0.0742884 -0.166847 0.98318 -0.184392 0 0 0 1 
27844314100037;0.704806;0.51505;0.999824 -0.0095607 0.0161384 0.0641327 0.0115881 0.991365 -0.130617 -0.0760791 -0.0147502 0.130781 0.991302 0.314131 0 0 0 1 
27844314100038;1.02577;0.72586;0.996235 -0.000110504 0.0866922 0.0959759 0.00346634 0.99925 -0.0385602 -0.0238801 -0.0866229 0.0387155 0.995489 0.607554 0 0 0 1 
27844314100039;0.646323;0.220269;0.998535 -0.00425867 0.0539486 0.0518475 0.0155694 0.977357 -0.211023 -0.106183 -0.0518284 0.211553 0.975991 0.139188 0 0 0 1 
27844314100040;0.526776;0.440665;0.958376 0.0145886 0.285138 -0.22734 -0.00509147 0.999408 -0.0340203 -0.241814 -0.285465 0.0311525 0.957883 -3.99538 0 0 0 1 
27844314100041;0.240913;0.17684;0.986628 -0.0188747 -0.161895 -0.324254 0.00996459 0.998399 -0.0556728 0.0348635 0.162686 0.0533151 0.985236 1.91764 0 0 0 1 
27844314100042;1.10623;0.908785;0.99973 0.00713381 -0.0220948 0.013021 -0.00582458 0.998255 0.0587627 -0.0976849 0.0224755 -0.0586182 0.998027 -0.812026 0 0 0 1 
27844314100043;0.537176;0.444843;0.952152 0.016275 0.305192 -0.310364 -0.101687 0.958558 0.266132 -0.893433 -0.288213 -0.284432 0.914348 -3.42468 0 0 0 1 
27844314100044;0.682374;0.435805;0.991629 -0.000116974 0.129122 0.170465 0.0164918 0.991924 -0.125754 0.0880265 -0.128065 0.126831 0.983623 -0.956691 0 0 0 1 
27844314100045;0.577329;0.381;0.996719 -0.00935436 -0.0804013 -0.0251003 0.00566766 0.998927 -0.0459603 0.0262392 0.080745 0.0453538 0.995702 -0.015736 0 0 0 1 
27844314100046;0.842689;0.744471;0.978374 0.0234777 -0.205509 -0.762135 0.0040476 0.991174 0.132503 0.251075 0.206806 -0.130469 0.969644 3.39657 0 0 0 1 
27844314100047;0.331521;0.321869;0.99966 0.00359695 0.0258221 0.0219932 -0.00279714 0.999517 -0.0309434 -0.0450737 -0.0259209 0.0308606 0.999188 -0.277532 0 0 0 1 
27844314100048;0.326512;0.235107;0.999719 -0.00381452 0.0234026 0.0931677 0.00520094 0.998217 -0.0594704 0.0370174 -0.023134 0.0595754 0.997956 -0.0598902 0 0 0 1 
27844314100049;0.286094;0.159834;0.987697 -0.00203333 -0.156366 -0.278135 0.00683613 0.999521 0.0301835 0.0672616 0.15623 -0.0308811 0.987238 1.5738 0 0 0 1 
27844314100050;1.23172;1.01055;0.99983 0.00148794 -0.0183563 -0.25925 -0.00126538 0.999926 0.0121299 0.00767203 0.018373 -0.0121046 0.999758 1.79041 0 0 0 1 
27844314100051;0.428034;0.186707;0.999723 -0.00339383 -0.0233109 -0.0878859 0.00301557 0.999864 -0.0162425 0.0233681 0.0233628 0.0161677 0.999596 1.11676 0 0 0 1 
27844314100052;1.33827;0.968246;0.999652 0.00120376 -0.0263499 0.136355 0.00234808 0.990931 0.13435 -0.189552 0.0262726 -0.134365 0.990584 -0.868091 0 0 0 1 
27844314100053;1.32669;0.954083;0.970477 -0.00565753 0.241128 0.316516 -0.0204428 0.994198 0.105603 -0.00776822 -0.240326 -0.107415 0.964731 -0.949268 0 0 0 1 
27844314100054;0.560805;0.307117;0.990634 0.00359654 0.136499 0.0824261 -0.0100911 0.998848 0.0469176 -0.0784828 -0.136172 -0.0478555 0.989529 -0.455272 0 0 0 1 
27844314100055;0.956315;0.901405;0.999243 0.000174172 0.0389 0.00356878 0.00235707 0.997881 -0.0650152 -0.0418433 -0.0388289 0.0650577 0.997126 0.283465 0 0 0 1 
27844314100056;1.36899;1.18428;0.998363 -0.00461935 0.0570045 0.132294 0.0117703 0.991991 -0.125757 -0.0198667 -0.055967 0.126222 0.990422 0.0203238 0 0 0 1 
27844314100057;0.0905846;0.0526371;0.990775 0.00211181 0.135499 0.0478724 -0.00105006 0.999968 -0.00790686 -0.0758817 -0.135511 0.00769164 0.990746 -1.64486 0 0 0 1 
27844314100058;0.707405;0.309338;0.999856 0.0111864 0.0127716 0.048428 -0.0111665 0.999936 -0.00162404 -0.16594 -0.0127889 0.0014812 0.999917 -1.48673 0 0 0 1 
27844314100059;0.65531;0.227844;0.893078 0.0110634 0.449766 -1.11434 -0.0662597 0.992031 0.107167 -0.877654 -0.444996 -0.12551 0.886694 -6.17282 0 0 0 1 
27844314100060;1.27536;0.55794;0.981648 0.0110985 0.19038 0.136505 0.000606695 0.998118 -0.0613151 -0.321002 -0.190703 0.0603053 0.979794 -4.88274 0 0 0 1 
27844314100062;0.6633;0.502657;0.999997 -0.00123549 -0.00211225 0.00839035 0.00116124 0.999394 -0.0347975 -0.0634694 0.00215396 0.0347949 0.999392 0.553159 0 0 0 1 
27844314100063;1.6099;0.13027;0.994388 0.000213355 -0.105794 0.0759982 -0.00134237 0.999943 -0.0106007 0.0187646 0.105786 0.0106832 0.994332 -0.457655 0 0 0 1 
27844314100064;1.94982;1.85938;0.998587 -0.00319888 0.053043 0.0118442 0.00573198 0.998847 -0.0476726 -0.0965861 -0.0528293 0.0479093 0.997454 1.3896 0 0 0 1 
27844314100065;1.77485;0.858858;0.98986 0.0219056 0.140347 0.996657 -0.0755049 0.918035 0.389243 -2.82275 -0.120317 -0.395893 0.910381 -15.8849 0 0 0 1 
27844314100066;1.08018;0.62296;0.997767 0.00513951 0.0665897 0.389628 -0.0089765 0.998308 0.057451 -0.00728204 -0.0661817 -0.0579205 0.996125 -3.91714 0 0 0 1 
27844314100067;1.0783;0.544625;0.999474 0.00154203 0.0323849 0.0763647 -0.00198114 0.999906 0.0135313 0.0265911 -0.032361 -0.0135884 0.999384 0.366149 0 0 0 1 
27844314100068;0.329721;0.277444;0.999965 0.0041682 0.00723418 0.20811 -0.00436678 0.999608 0.0276549 -0.002549 -0.00711608 -0.0276856 0.999591 -1.10792 0 0 0 1 
27844314100069;0.992581;0.726179;0.918096 -0.00912007 0.396252 -0.389884 0.0375085 0.997248 -0.0639529 0.252521 -0.394579 0.0735777 0.915912 -4.05906 0 0 0 1 
27844314100070;1.68809;1.16415;0.999722 0.00483921 -0.0230706 -0.130896 -0.00426452 0.999681 0.0248944 0.00351015 0.0231838 -0.0247891 0.999424 1.26429 0 0 0 1 
27844314100071;2.20263;0.979445;0.986848 0.0407437 -0.156433 0.959355 0.00100218 0.966155 0.257962 -0.634869 0.161649 -0.254726 0.953407 -8.19993 0 0 0 1 
27844314100072;0.844195;0.173089;0.918442 -0.0280714 -0.394558 -3.41082 -0.0245505 0.99151 -0.12769 -1.01878 0.394793 0.126963 0.909956 9.98816 0 0 0 1 
27844314100073;1.02691;0.580596;0.999353 0.0103963 0.0344251 0.2984 -0.0159502 0.986127 0.165223 -0.0412329 -0.0322298 -0.165665 0.985655 -4.39023 0 0 0 1 
27844314100074;0.384882;0.352437;0.998244 0.0102629 0.0583481 0.460116 -0.0199031 0.985734 0.16713 -0.236567 -0.0558004 -0.167997 0.984207 -6.08828 0 0 0 1 
27844314100075;1.31596;0.603944;0.997818 -0.00187496 -0.0660007 -0.00918202 -0.000248837 0.999483 -0.0321556 -0.0380238 0.0660268 0.0321018 0.997301 0.268628 0 0 0 1 
27844314100076;1.20785;1.20305;0.99993 0.00064772 0.0117936 0.0608762 -0.000838517 0.999869 0.0161802 0.0201224 -0.0117816 -0.016189 0.9998 -0.629032 0 0 0 1 
27844314100077;1.66098;0.480756;0.997935 0.0128894 -0.0629331 0.510411 -0.00766953 0.996562 0.0824903 -0.0993356 0.06378 -0.0818372 0.994603 -3.79443 0 0 0 1 
27844314100078;1.89852;1.71075;0.999993 -0.00338975 -0.00140151 -0.00556835 0.00337358 0.99993 -0.0113824 0.0818311 0.00143999 0.0113776 0.999934 -0.688906 0 0 0 1 
27844314100079;1.7021;1.5906;0.996751 0.000423702 0.0805432 0.172627 -0.0100781 0.992783 0.119498 0.00991622 -0.0799113 -0.119921 0.989562 -3.9964 0 0 0 1 
27844314100080;1.10438;0.52105;0.972274 -0.0095277 0.233649 -0.0333835 -0.00930521 0.996802 0.0793689 -0.0641485 -0.233658 -0.0793425 0.969076 -6.93229 0 0 0 1 
27844314100081;0.430079;0.413324;1 -0.000817123 0.000377626 -0.0505159 0.000821212 0.99994 -0.0109568 -0.017247 -0.00036865 0.0109571 0.99994 0.342825 0 0 0 1 
27844314100082;1.95213;1.51887;0.999112 0.0255421 0.0335144 0.764054 -0.0355769 0.937529 0.346084 -1.04394 -0.022581 -0.346969 0.937605 -9.57302 0 0 0 1 
27844314100083;0.583263;0.270429;0.966205 -0.0045286 0.257736 0.0843497 -0.0169366 0.99657 0.0810028 -0.0703753 -0.257219 -0.0826304 0.962814 -6.75214 0 0 0 1 
27844314100084;0.503644;0.415313;0.990821 0.0041146 0.135114 0.379469 -0.0387952 0.966144 0.255072 -0.89796 -0.12949 -0.257972 0.957435 -10.0312 0 0 0 1 
27844314100085;0.720603;0.470247;0.998162 0.0184118 0.0577322 0.762492 -0.0318403 0.969961 0.241167 -0.772511 -0.0515576 -0.242562 0.968765 -8.84942 0 0 0 1 
27844314100086;1.70425;1.48172;0.996134 0.0416998 -0.0773191 1.11615 -0.0153212 0.949134 0.314498 -0.887203 0.0865007 -0.312098 0.946104 -9.42596 0 0 0 1 
27844314100087;1.08193;0.907754;0.977897 -0.0268297 -0.20736 -1.51823 -0.000498324 0.991431 -0.130628 -0.571518 0.209088 0.127844 0.969504 5.92202 0 0 0 1 
27844314100088;1.41218;0.830356;0.998182 -0.00730241 0.0598255 -0.187465 0.0124705 0.996176 -0.0864743 -0.280228 -0.0589653 0.0870632 0.994456 3.36739 0 0 0 1 
27844314100089;0.394008;0.377327;0.998501 -0.000454884 -0.0547386 -0.181679 -0.000193638 0.99993 -0.0118417 -0.00180532 0.0547402 0.0118346 0.99843 1.0553 0 0 0 1 
27844314100090;1.35838;0.81397;0.990509 -0.0418342 -0.130925 -1.44667 0.00595644 0.964725 -0.263194 -1.57817 0.137317 0.259916 0.955818 8.35036 0 0 0 1 
27844314100091;1.04859;1.0371;0.999405 0.00913018 -0.0332628 0.1932 -0.00669817 0.997345 0.072506 -0.00210911 0.0338365 -0.07224 0.996813 -1.83187 0 0 0 1 
27844314100093;0.967031;0.508047;0.995411 -0.019844 -0.0936142 -2.40373 0.00705778 0.990822 -0.134985 -1.2196 0.0954337 0.133705 0.986415 17.131 0 0 0 1 
27844314100094;1.92323;0.259534;0.972771 0.060376 -0.223766 3.63548 -0.0144091 0.97936 0.201608 -0.922465 0.23132 -0.192894 0.953563 -8.53952 0 0 0 1 
27844314100095;0.873202;0.363177;0.991557 0.00374751 0.129618 0.731296 -0.0466668 0.942921 0.329731 -5.62191 -0.120984 -0.332996 0.935135 -36.0929 0 0 0 1 
27844314100096;0.430323;0.35777;0.990427 0.00686394 -0.137869 -0.203641 -0.00569703 0.999945 0.00885673 -0.145135 0.137922 -0.0079865 0.990411 3.94747 0 0 0 1 
27844314100097;1.73872;1.28292;0.999999 0.000763469 0.00155055 0.108959 -0.000784658 0.999906 0.0137113 0.0432151 -0.00153993 -0.0137125 0.999905 -0.10134 0 0 0 1 
27844314100098;0.721991;0.34302;0.999812 0.0166967 0.0098556 1.7711 -0.0179685 0.988896 0.14752 -1.03054 -0.00728308 -0.147669 0.98901 -13.7964 0 0 0 1 
27844314100099;0.836004;0.83199;0.999492 0.0103735 -0.0301456 0.928264 -0.00864733 0.998346 0.0568367 -0.192283 0.0306854 -0.0565472 0.997928 -4.60261 0 0 0 1 
27844314100100;2.4061;0.257485;0.999997 -0.00182443 -0.00160628 -0.00466293 0.00219414 0.961883 0.273452 -1.50596 0.00104616 -0.273455 0.961884 -23.8348 0 0 0 1 
27844314100101;0.366989;0.4074;0.9995 0.0312213 -0.00508376 2.97379 -0.0265604 0.915613 0.401183 -7.49915 0.0171802 -0.400847 0.915984 -38.6113 0 0 0 1 
27844314100102;1.52564;1.34228;0.976516 -0.0114706 0.215141 -1.1414 0.0641386 0.968783 -0.23947 -1.91134 -0.205678 0.247645 0.946767 16.855 0 0 0 1 
27844314100103;2.09748;0.537193;0.999939 -0.00235915 -0.0108268 -0.0288386 0.00244096 0.999969 0.00754961 0.207689 0.0108086 -0.00757557 0.999913 -2.75083 0 0 0 1 
27844314100104;0.507469;0.229306;0.999966 0.00771022 -0.00293134 0.791926 -0.00766117 0.999836 0.0163927 -0.18764 0.00305725 -0.0163697 0.999861 -2.03477 0 0 0 1 
27844314100105;1.7041;1.762;0.999356 -0.0176913 0.0312044 -1.49706 0.0225197 0.986551 -0.161896 -1.10282 -0.0279206 0.162495 0.986314 14.5124 0 0 0 1 
27844314100106;0.621555;0.340241;0.975876 0.0327721 -0.215853 1.92376 -0.0118824 0.995177 0.0973735 -0.611724 0.218003 -0.0924596 0.971559 -1.76093 0 0 0 1 
27844314100107;0.153647;0.217515;0.99984 -0.0173457 -0.00448048 -1.64929 0.0173327 0.999845 -0.00293474 0.733064 0.00453069 0.00285661 0.999986 0.407953 0 0 0 1 
27844314100108;1.53872;1.1298;0.999508 -0.0115447 -0.0291618 -1.17457 0.00763827 0.991395 -0.130678 -1.12406 0.0304195 0.130391 0.990996 14.8913 0 0 0 1 
27844314100109;1.60611;1.06444;0.999565 0.0102348 -0.0276676 0.985698 -0.00842037 0.997855 0.064919 -0.329423 0.0282727 -0.0646578 0.997507 -6.70746 0 0 0 1 
27844314100110;2.36031;1.23022;0.999974 -0.00466407 0.00541835 -0.232866 0.00514642 0.995679 -0.092716 -1.20763 -0.0049625 0.0927415 0.995678 10.8065 0 0 0 1 
27844314100111;0.227132;0.169509;0.96815 0.0432754 -0.246604 2.21355 0.00490291 0.981483 0.191485 -0.762986 0.250324 -0.186595 0.950011 -9.46425 0 0 0 1 
27844314100112;2.20462;1.88476;0.999006 -0.0398951 -0.0198886 -3.97928 0.0323461 0.955746 -0.29241 -4.05396 0.0306742 0.291476 0.956086 28.085 0 0 0 1 
27844314100113;2.4063;0.212336;0.996626 -0.0210111 0.0793411 -1.82459 0.0337619 0.986054 -0.162967 -1.11426 -0.0748105 0.165096 0.983436 16.2346 0 0 0 1 
27844314100114;0.335195;0.195519;0.981387 -0.0178278 0.191211 -1.69784 0.0351294 0.995547 -0.0874797 0.504839 -0.1888 0.0925686 0.977643 2.03389 0 0 0 1 
27844314100115;1.83608;1.768;0.999978 -0.00639331 -0.00170641 -0.620527 0.00643084 0.999715 0.0229787 0.433244 0.00155901 -0.0229891 0.999734 -1.94852 0 0 0 1 
27844314100116;1.89876;1.49412;0.976658 -0.00369485 0.214766 -0.186432 -0.0136414 0.996767 0.0791835 -0.318513 -0.214364 -0.080265 0.97345 -14.0065 0 0 0 1 
27844314100117;2.29451;0.535486;0.991103 0.0430322 -0.125948 3.15189 -0.00884739 0.965499 0.260257 -2.16698 0.132802 -0.256828 0.95729 -17.8885 0 0 0 1 
27844314100118;2.1601;2.14893;0.999847 -0.000898088 0.0174468 0.0157591 0.00130949 0.999721 -0.0235833 -0.019214 -0.0174208 0.0236025 0.99957 2.00597 0 0 0 1 
27844314100119;1.47956;0.851931;0.999958 0.0068875 -0.00610377 0.889023 -0.00654689 0.99851 0.0541679 -0.198078 0.00646776 -0.0541256 0.998513 -6.34008 0 0 0 1 
27844314100120;0.852594;0.373852;0.978641 -0.0323344 -0.203016 -4.71608 -0.0104559 0.978446 -0.20624 -3.2516 0.205309 0.203958 0.957209 27.6756 0 0 0 1 
27844314100121;1.87824;0.654226;0.997971 -0.00150214 0.0636476 0.265562 0.000280414 0.999816 0.0191997 0.0957458 -0.0636647 -0.0191429 0.997788 -6.15127 0 0 0 1 
27844314100122;1.73464;1.2366;0.970742 0.0112404 -0.239862 -0.425127 -0.0134198 0.999882 -0.00745482 -0.271012 0.23975 0.0104556 0.970778 8.38061 0 0 0 1 
27844314100124;0.405551;0.138415;0.997797 -0.0484466 -0.0453174 -4.10784 0.0530543 0.992873 0.106715 1.79929 0.0398244 -0.108884 0.993256 -7.87389 0 0 0 1 
27844314100125;0.438401;0.214957;0.91587 -0.0124628 0.401282 -2.67221 0.0695142 0.989344 -0.12793 0.97054 -0.395411 0.145062 0.906977 -1.2433 0 0 0 1 
27844314100126;1.24567;0.700304;0.998076 -0.0167924 -0.0596906 -2.22478 0.0116857 0.996321 -0.0848947 -0.884709 0.0608966 0.0840338 0.9946 8.92077 0 0 0 1 
27844314100127;1.48846;0.510157;0.999664 0.0093466 -0.0241797 0.413418 -0.0076653 0.997607 0.0687152 -0.370907 0.0247641 -0.0685068 0.997343 -2.6873 0 0 0 1 
27844314100128;1.19785;0.124246;0.996867 -0.00945109 -0.0785329 -1.33581 0.00503023 0.998401 -0.0563015 0.144994 0.0789395 0.05573 0.99532 5.7785 0 0 0 1 
27844314100129;1.23822;0.3689;0.99874 0.0487492 0.0119161 3.20438 -0.0479347 0.996982 -0.0610744 -2.93308 -0.0148575 0.0604262 0.998062 6.15875 0 0 0 1 
27844314100130;0.532996;0.250336;0.983067 -0.0102322 -0.182959 -2.0586 -0.028636 0.977595 -0.208539 -3.43295 0.180994 0.210247 0.960748 24.3549 0 0 0 1 
27844314100131;0.768744;0.388046;0.996618 0.0682836 -0.045723 5.34519 -0.0571714 0.97579 0.211105 -3.859 0.059031 -0.207777 0.976393 -15.2459 0 0 0 1 
27844314100132;0.304449;0.125683;0.989904 0.0594043 -0.12869 4.22911 -0.0344674 0.981569 0.187972 -2.33641 0.137484 -0.181639 0.973707 -11.5707 0 0 0 1 
27844314100133;0.242712;0.132533;0.971847 -0.0981188 -0.214211 -10.6283 0.0231661 0.94455 -0.327548 -5.36673 0.234471 0.313364 0.920232 35.8132 0 0 0 1 
27844314100134;1.30166;0.175531;0.972179 0.0123092 0.233915 0.737289 -0.0106587 0.999909 -0.00831911 -0.341953 -0.233996 0.00559444 0.972221 -9.67782 0 0 0 1 
27844314100135;0.261851;0.123756;0.996236 -0.063935 0.0585302 -5.34259 0.0619735 0.997473 0.0347377 2.28058 -0.0606032 -0.0309796 0.997681 -4.6193 0 0 0 1 
27844314100136;1.42144;0.452121;0.996706 0.0802915 0.0114592 6.70783 -0.0787981 0.992099 -0.0976222 -4.9435 -0.0192069 0.0963976 0.995158 9.6713 0 0 0 1 
27844314100137;1.20547;0.789138;0.998584 -0.0269006 0.0459029 -2.33764 0.0412595 0.936253 -0.348894 -5.99842 -0.0335913 0.350294 0.936037 31.2667 0 0 0 1 
27844314100138;0.244336;0.153753;0.994491 0.0122913 -0.104103 0.401032 -0.0313715 0.982483 -0.18369 -3.33914 0.100021 0.185944 0.977456 19.6566 0 0 0 1 
27844314100139;1.59431;1.25457;0.999931 0.0114072 0.00281431 1.17746 -0.0114011 0.999933 -0.0021909 -0.673141 -0.00283911 0.00215867 0.999994 -1.01709 0 0 0 1 
27844314100140;0.22734;0.177596;0.999086 -0.0397307 0.0157886 -3.49269 0.0400618 0.998971 -0.0212409 1.35225 -0.0149285 0.021854 0.99965 1.5545 0 0 0 1 
27844314100141;0.358346;0.234567;0.968842 -0.0564043 -0.24117 -6.81654 0.0120987 0.983339 -0.181378 -1.55936 0.247382 0.172808 0.953383 23.6184 0 0 0 1 
27844314100142;0.117962;0.194402;0.999736 0.0064304 0.0220403 0.520042 -0.0054471 0.999 -0.0443867 -0.546329 -0.0223036 0.044255 0.998771 3.30907 0 0 0 1 
27844314100143;1.8568;1.81364;0.999885 -0.0100089 0.0113986 -0.845678 0.0111548 0.994372 -0.105358 -0.695379 -0.0102799 0.105473 0.994369 9.11168 0 0 0 1 
27844314100144;0.573265;0.134659;0.987642 0.00331814 -0.15669 -1.35898 8.65488e-05 0.999764 0.0217171 0.719465 0.156725 -0.0214622 0.987409 3.5386 0 0 0 1 
27844314100145;0.564902;0.493033;0.994282 -0.0375101 -0.099981 -3.88099 0.0239497 0.990755 -0.133531 -0.332987 0.104065 0.130373 0.985988 15.3716 0 0 0 1 
27844314100146;0.457208;0.143892;0.999643 0.0179655 0.0197801 1.46402 -0.0185808 0.999335 0.0313789 -0.548599 -0.0192032 -0.0317352 0.999312 -2.50196 0 0 0 1 
27844314100147;0.839697;0.112255;0.995025 -0.0336354 -0.0937714 -4.39627 0.0439673 0.992915 0.110391 1.50332 0.089394 -0.113965 0.989455 -7.9994 0 0 0 1 
27844314100148;1.27087;0.293264;0.999462 0.00360267 0.032599 -0.908607 0.00197033 0.985558 -0.169328 -3.01329 -0.0327382 0.169301 0.985021 13.9867 0 0 0 1 
27844314100149;0.814525;0.617333;0.993022 -0.00968649 0.117529 -0.931382 0.0668239 0.867392 -0.493118 -11.2969 -0.0971672 0.49753 0.861987 40.9449 0 0 0 1 
27844314100150;1.30625;1.17386;0.99691 -0.0100672 0.077907 -0.969248 0.0330353 0.953521 -0.29951 -3.92108 -0.0712708 0.301158 0.950907 23.2846 0 0 0 1 
27844314100151;1.21483;0.993641;0.989434 -0.0284826 0.142156 -2.29259 0.0315693 0.999311 -0.019505 0.964146 -0.141503 0.0237867 0.989652 -1.429 0 0 0 1 
27844314100152;0.850848;0.841684;0.979419 -0.00718176 0.201711 -0.911622 0.0602194 0.964248 -0.258067 -2.10286 -0.192646 0.264903 0.944835 16.4284 0 0 0 1 
27844314100153;1.33869;0.942252;0.996952 0.0157318 0.0764191 1.07996 -0.0187521 0.999064 0.0389678 -0.99923 -0.0757345 -0.0402821 0.996314 -6.45412 0 0 0 1 
27844314100155;1.31103;1.27517;0.998157 -0.0244411 -0.0555463 -1.42202 0.0133337 0.981271 -0.192168 -1.41649 0.0592028 0.191074 0.979789 10.2661 0 0 0 1 
27844314100156;0.173499;0.25133;0.999626 -0.01413 -0.0233924 -0.966184 0.0145103 0.999764 0.0161689 0.632599 0.0231584 -0.0165023 0.999596 -0.373388 0 0 0 1 
27844314100157;1.77732;1.16845;0.994568 0.028707 -0.100053 0.882915 -0.0191187 0.995245 0.0955065 -0.158115 0.102319 -0.0930748 0.990388 -3.40931 0 0 0 1 
27844314100158;2.31932;1.11845;0.973448 0.0818313 -0.213781 1.83813 0.0259605 0.888427 0.458283 -2.08769 0.227431 -0.451665 0.862713 -14.7776 0 0 0 1 
27844314100159;1.17995;0.0735098;0.997373 0.0276979 -0.0669392 1.07156 -0.02257 0.996838 0.076184 -0.456586 0.0688377 -0.074473 0.994844 -3.21665 0 0 0 1 
27844314100160;1.94121;0.879991;0.982393 -0.013711 -0.18632 -2.13111 0.0190406 0.999458 0.0268454 0.74523 0.185851 -0.0299203 0.982122 4.63287 0 0 0 1 
27844314100161;0.541664;0.396057;0.992827 -0.0108903 -0.119062 -1.28092 -0.00402834 0.99223 -0.124349 -0.801362 0.119491 0.123936 0.985069 8.80865 0 0 0 1 
27844314100162;1.51732;1.33678;0.999463 -0.00581654 -0.03224 -0.479109 0.00574985 0.999981 -0.00216088 0.22995 0.032252 0.00197435 0.999478 1.45409 0 0 0 1 
27844314100163;1.36524;1.21702;0.999165 -0.012354 -0.038937 -0.819277 0.0103846 0.998676 -0.050383 0.0128703 0.0395078 0.0499366 0.997971 2.69569 0 0 0 1 
27844314100164;0.587208;0.298354;0.999927 -0.00648248 -0.0102076 -0.375542 0.00700181 0.998639 0.0516909 0.40529 0.00985865 -0.0517586 0.998611 -1.63447 0 0 0 1 
27844314100165;1.53313;1.14718;1 -0.000459772 0.000299897 0.0283099 0.000454107 0.999826 0.0186246 0.043308 -0.000308408 -0.0186245 0.999827 0.107821 0 0 0 1 
27844314100166;0.330265;0.309135;0.997775 -0.023551 -0.0623653 -1.44951 0.0171823 0.994763 -0.100755 -0.24304 0.0644116 0.0994591 0.992955 6.24589 0 0 0 1 
27844314100167;0.903395;0.619745;0.998687 -0.0139941 0.0492767 -0.423882 0.0229996 0.982045 -0.18724 -1.02873 -0.0457717 0.188127 0.981078 6.90929 0 0 0 1 
27844314100168;2.432;0.720874;0.995792 -0.00683887 0.091386 -0.210094 0.00578793 0.999914 0.0117601 0.0671916 -0.0914586 -0.0111817 0.995746 -0.0472008 0 0 0 1 
27844314100169;1.16953;0.96605;0.939851 0.0420701 0.338983 2.0733 0.0700049 0.947599 -0.311696 -2.34875 -0.334333 0.316679 0.887657 6.92721 0 0 0 1 
27844314100170;0.524881;0.342445;0.983204 -0.00799732 -0.182333 -1.35027 0.0292922 0.993003 0.1144 0.687946 0.180142 -0.117819 0.976559 -1.47079 0 0 0 1 
27844314100171;2.35705;0.632196;0.964024 0.0140269 0.265446 0.868478 0.0216852 0.991128 -0.131128 -0.227866 -0.26493 0.132167 0.955167 -2.34839 0 0 0 1 
27844314100172;0.422262;0.196855;0.997173 0.00607948 -0.0748993 -0.196717 -0.00118703 0.997872 0.0651925 0.372799 0.0751362 -0.0649192 0.995058 -1.35943 0 0 0 1 
27844314100173;0.404553;0.362111;0.997915 -0.00424569 -0.0643948 -0.534956 0.0116043 0.993374 0.114335 0.417746 0.0634827 -0.114844 0.991353 -3.77706 0 0 0 1 
27844314100174;0.99992;0.857631;0.99976 -0.00151195 -0.0218444 -0.17487 0.00247954 0.999014 0.0443353 0.268394 0.0217559 -0.0443789 0.998778 -2.00811 0 0 0 1 
27844314100175;0.837078;0.75507;0.99987 -0.000284853 -0.0161343 -0.085791 0.00076513 0.999557 0.0297692 0.164134 0.0161186 -0.0297776 0.999427 -1.26988 0 0 0 1 
27844314100176;0.793248;0.422321;0.998009 -0.0300885 -0.0554307 -1.72746 0.0101713 0.944148 -0.329366 -3.77174 0.0622449 0.328146 0.942574 17.1059 0 0 0 1 
27844314100177;2.13358;0.150365;0.99993 0.0022984 -0.0116393 0.179157 -0.00208225 0.999826 0.0185488 0.0148643 0.0116799 -0.0185233 0.99976 -2.93431 0 0 0 1 
27844314100178;1.06641;1.05234;0.998706 -0.0059746 -0.0505049 -0.502062 0.00557764 0.999952 -0.00799711 0.0676573 0.0505503 0.00770506 0.998692 1.36099 0 0 0 1 
27844314100179;2.46162;0.896846;0.964973 -0.0334635 -0.260208 -2.79629 -0.00779347 0.987738 -0.155928 -0.904405 0.262235 0.152494 0.952879 10.5218 0 0 0 1 
27844314100180;2.13141;1.7943;0.968198 0.0209644 0.249303 1.0787 -0.0766365 0.973432 0.215769 -2.20484 -0.238157 -0.228013 0.944082 -16.7116 0 0 0 1 
27844314100181;0.683715;0.401664;0.999851 0.00799804 0.0153186 0.336454 -0.00870348 0.998878 0.0465518 0.0671283 -0.0149291 -0.0466782 0.998798 -1.88977 0 0 0 1 
27844314100182;1.078;0.388349;0.984635 -0.0133971 0.174109 -0.270283 0.00383739 0.998472 0.0551278 0.212958 -0.174581 -0.0536126 0.983182 -5.35254 0 0 0 1 
27844314100183;1.04239;0.43125;0.9091 -0.0260624 0.415761 -1.4583 -0.0645611 0.977168 0.202423 -1.33875 -0.411544 -0.210865 0.886661 -18.5507 0 0 0 1 
27844314100184;1.3844;1.19409;0.983813 0.00118588 0.179194 0.411059 -0.0148033 0.997098 0.0746748 -0.335566 -0.178585 -0.0761187 0.980976 -7.93205 0 0 0 1 
27844314100186;0.793481;0.280527;0.973676 0.0752513 -0.215156 3.0179 -0.0201238 0.968625 0.247709 -1.31178 0.227046 -0.236859 0.944642 -8.27684 0 0 0 1 
27844314100187;1.90684;1.11508;0.999945 0.00328277 0.00991991 0.190983 -0.00331325 0.99999 0.00305786 -0.0611747 -0.00990977 -0.00309056 0.999946 0.77127 0 0 0 1 
27844314100188;0.899725;0.377369;0.912297 -0.00603525 0.409484 -1.41061 -0.0198343 0.998067 0.0588994 -0.57252 -0.409048 -0.0618556 0.910414 -19.2019 0 0 0 1 
27844314100189;2.92803;2.86417;0.996744 -0.0154915 -0.0791284 -1.5976 0.00748144 0.994905 -0.100538 -0.664355 0.0802827 0.0996191 0.991782 9.67378 0 0 0 1 
27844314100190;2.25734;1.92738;0.999386 0.00144145 -0.035003 -0.0928431 -0.00653 0.989307 -0.145701 -1.79281 0.0344187 0.14584 0.988709 11.8323 0 0 0 1 
27844314100191;2.96618;1.11082;0.989144 -0.00945913 0.146643 -0.188937 0.0630384 0.928752 -0.365302 -5.32309 -0.132739 0.370581 0.919266 22.6074 0 0 0 1 
27844314100192;2.51273;2.24752;0.9304 -0.0273745 -0.365523 -5.87929 -0.00541441 0.996072 -0.088379 -0.952723 0.366506 0.0842069 0.926597 17.6553 0 0 0 1 
27844314100193;1.47826;1.11971;0.995025 0.013572 -0.0986937 0.177428 -0.00652443 0.997428 0.0713833 -0.037573 0.0994086 -0.0703843 0.992554 -0.743656 0 0 0 1 
27844314100194;2.31253;1.47413;0.969854 0.0171398 -0.243082 -1.43766 -0.0102137 0.999506 0.0297244 -0.162513 0.243472 -0.0263455 0.96955 7.59335 0 0 0 1 
27844314100195;2.39108;0.705998;0.992141 -0.0316244 -0.121061 -2.57512 -0.00427648 0.958397 -0.285407 -4.03325 0.12505 0.283682 0.95073 21.2 0 0 0 1 
27844314100196;0.463067;0.479736;0.996212 0.00417007 0.0868537 0.589726 -0.01092 0.996941 0.0773869 -0.214306 -0.0862653 -0.0780423 0.993211 -8.5141 0 0 0 1 
27844314100197;2.03095;1.84958;0.995734 -0.0157511 -0.090918 -1.57994 0.00449175 0.992429 -0.12274 -0.947679 0.0921629 0.121808 0.988266 10.3866 0 0 0 1 
27844314100198;1.85236;1.51652;0.987137 0.00519086 -0.159792 -1.04299 0.00214367 0.998953 0.0456938 0.205874 0.159862 -0.0454486 0.986093 3.15059 0 0 0 1 
27844314100199;0.504668;0.219045;0.999176 0.00836127 -0.0397107 0.400761 -0.00321903 0.991791 0.127831 -0.00101911 0.0404535 -0.127598 0.991001 -7.93269 0 0 0 1 
27844314100200;2.93423;1.25437;0.999637 -0.0248444 0.0104624 -1.40269 0.0256126 0.996373 -0.081149 0.455902 -0.00840832 0.0813874 0.996647 2.51845 0 0 0 1 
27844314100201;1.21539;0.598233;0.989424 0.00548331 0.14495 0.771638 -0.0342745 0.979826 0.19689 -1.76247 -0.140947 -0.199776 0.969651 -19.4636 0 0 0 1 
27844314100202;1.66781;0.472181;0.948451 0.0587697 -0.311428 0.334131 -0.0178021 0.990984 0.132793 -0.366371 0.316424 -0.120403 0.940946 3.3635 0 0 0 1 
27844314100203;0.429271;0.337746;0.929238 -0.0175408 0.369065 -1.65526 -0.0686175 0.973304 0.219025 -3.02327 -0.363055 -0.22885 0.903227 -28.4454 0 0 0 1 
27844314100204;0.64969;0.625908;0.923065 0.0521636 -0.381089 -0.691734 0.0265105 0.979778 0.198325 0.426805 0.383728 -0.19317 0.903016 -1.16913 0 0 0 1 
27844314100205;2.89316;2.59258;0.996173 0.00334422 -0.0873417 -0.0541136 -0.00498226 0.999816 -0.0185432 -0.312928 0.0872636 0.0189073 0.996006 2.8695 0 0 0 1 
27844314100206;1.28236;1.17382;0.997913 -0.0108447 0.0636582 -0.420539 0.0218011 0.984498 -0.174038 -1.3067 -0.060784 0.175063 0.982679 9.56533 0 0 0 1 
27844314100207;1.92404;0.824723;0.978152 0.0507604 -0.201598 1.5233 -0.028289 0.993212 0.112823 -0.797813 0.205956 -0.104655 0.972949 1.1621 0 0 0 1 
27844314100208;1.88311;0.489488;0.917793 0.00339591 0.397046 -0.818929 0.0544926 0.989424 -0.134425 0.696871 -0.393303 0.14501 0.907901 -5.68407 0 0 0 1 
27844314100209;2.33052;0.268119;0.999631 0.0201752 0.0182138 1.6951 -0.0209562 0.998822 0.0437578 -0.610959 -0.0173095 -0.0441234 0.998876 -5.89739 0 0 0 1 
27844314100210;0.530209;0.468829;0.995572 -0.00808664 0.0936566 -0.173377 0.0166258 0.995734 -0.0907577 -0.261769 -0.0925231 0.0919129 0.991459 2.75921 0 0 0 1 
27844314100211;2.44996;1.10091;0.998193 0.00409062 -0.0599433 -0.200465 -0.0037626 0.999977 0.005584 -0.0323472 0.0599648 -0.00534837 0.998186 3.55786 0 0 0 1 
27844314100212;2.84301;0.606418;0.998167 0.0101653 -0.059665 0.920771 -0.0127209 0.999011 -0.0426111 -0.205201 0.0591728 0.043292 0.997309 2.2191 0 0 0 1 
27844314100213;1.50297;1.36401;0.998835 -0.01621 0.045446 -0.874073 0.0229786 0.988017 -0.152623 -0.965858 -0.0424274 0.15349 0.987239 9.10025 0 0 0 1 
27844314100214;0.564234;0.294772;0.991758 -0.00509279 0.128027 0.0698771 0.00574129 0.999972 -0.0046968 0.139928 -0.128 0.00539313 0.99176 -3.62611 0 0 0 1 
27844314100215;0.386204;0.374104;0.994484 -0.00487607 -0.104776 -1.002 0.000102652 0.998964 -0.0455157 -0.301419 0.104889 0.0452538 0.993454 6.31104 0 0 0 1 
27844314100217;0.459527;0.583576;0.996124 0.0127544 -0.0870288 -0.0680366 -0.0142086 0.999769 -0.0161098 -0.628346 0.0868032 0.0172839 0.996076 2.78368 0 0 0 1 
27844314100218;2.20727;0.318527;0.999794 0.00582006 -0.0194188 -0.273837 -0.00586568 0.99998 -0.00229359 -0.256764 0.0194051 0.00240702 0.999809 3.30694 0 0 0 1 
27844314100219;2.19715;0.354409;0.999798 -0.012813 -0.0154996 -0.420831 0.012262 0.999307 -0.0351334 0.206623 0.015939 0.0349362 0.999262 3.79805 0 0 0 1 
27844314100220;1.31114;1.15777;0.998402 0.00419765 -0.0563497 -0.0233388 -0.00598895 0.999481 -0.0316578 -0.400227 0.0561876 0.0319447 0.997909 2.08567 0 0 0 1 
27844314100221;1.65894;1.6096;0.999678 -0.000525121 0.0253551 0.0564902 -8.44153e-05 0.999711 0.0240329 0.136738 -0.0253604 -0.0240273 0.99939 -0.673817 0 0 0 1 
27844314100222;1.73745;1.47125;0.981126 0.0406725 -0.189041 -0.585752 -0.0190597 0.993209 0.11477 -0.365222 0.192426 -0.109001 0.975239 4.43924 0 0 0 1 
27844314100223;2.40198;1.95153;0.998879 -0.00788486 -0.0466697 -0.340746 0.0076456 0.999957 -0.00530291 0.18269 0.0467095 0.00494015 0.998896 3.0255 0 0 0 1 
27844314100224;0.843273;0.808524;0.999518 0.0236234 -0.0201601 0.368058 -0.0217872 0.995979 0.0868922 -0.405025 0.0221318 -0.086411 0.996014 -0.687603 0 0 0 1 
27844314100225;1.09219;1.15304;0.99986 -0.00901596 0.0140851 0.00292423 0.00990649 0.997869 -0.0644909 0.0659329 -0.0134736 0.0646214 0.997819 0.854558 0 0 0 1 
27844314100226;2.28577;1.4069;0.948753 0.0740019 -0.307232 -2.17484 -0.00465166 0.975361 0.220567 0.612833 0.315985 -0.207834 0.925721 7.93389 0 0 0 1 
27844314100227;0.739768;0.789691;0.991629 0.0104121 -0.128699 -0.4 -0.00560424 0.999275 0.0376628 -0.0569327 0.128998 -0.0366263 0.990968 3.4151 0 0 0 1 
27844314100228;0.965544;0.347215;0.99335 0.0311595 -0.110839 0.044938 -0.0280098 0.999161 0.0298625 -0.955263 0.111676 -0.0265593 0.99339 3.83336 0 0 0 1 
27844314100229;0.882458;0.702492;0.961481 0.00467662 0.274833 0.188041 0.0409441 0.986264 -0.160022 0.504259 -0.271806 0.165111 0.948082 -6.29749 0 0 0 1 
27844314100230;0.333053;0.084568;0.953576 0.122844 -0.274958 -0.404382 -0.031815 0.949005 0.313653 -0.624236 0.299467 -0.290344 0.908856 3.14175 0 0 0 1 
27844314100231;2.08116;0.108018;0.994969 -0.0465807 0.0886935 -0.405638 0.0484636 0.998641 -0.0191937 1.03995 -0.0876789 0.0233956 0.995874 0.246476 0 0 0 1 
27844314100232;2.3687;2.20977;0.999902 -0.00215044 -0.0138235 0.0869204 0.00172139 0.999519 -0.030975 0.150327 0.0138835 0.0309482 0.999425 -0.114631 0 0 0 1 
27844314100233;0.91161;0.462915;0.999602 0.0240914 -0.0146803 0.576986 -0.0237296 0.999422 0.0243452 -0.617055 0.0152584 -0.0239872 0.999596 -0.977442 0 0 0 1 
27844314100234;2.15311;0.490632;0.996771 -0.0130047 0.0792389 0.255372 0.0119331 0.999831 0.0139825 0.498938 -0.0794073 -0.0129918 0.996758 -5.32424 0 0 0 1 
27844314100235;1.5865;1.49701;0.941878 -0.00470886 -0.335922 -3.40256 -0.0110915 0.998921 -0.0451015 -0.566174 0.335772 0.046206 0.940809 10.6525 0 0 0 1 
27844314100236;0.801975;0.79263;0.999993 0.00366201 -3.23631e-07 0.219279 -0.00365175 0.997185 -0.0748903 -0.403697 -0.000273926 0.0748898 0.997192 1.30953 0 0 0 1 
27844314100237;0.36254;0.36343;0.997039 0.0230808 -0.0733548 0.0492433 -0.020126 0.998966 0.0407685 -0.566248 0.0742199 -0.0391714 0.996472 1.72968 0 0 0 1 
27844314100238;0.509991;0.230564;0.996366 -0.0257707 -0.0811872 -0.816422 -0.00547245 0.931799 -0.362934 -2.93217 0.0850032 0.362059 0.928271 8.63306 0 0 0 1 
27844314100239;2.45541;1.34702;0.999704 0.0128108 -0.0207047 -0.122217 -0.0121637 0.999443 0.03108 -0.217468 0.0210913 -0.0308189 0.999302 2.51032 0 0 0 1 
27844314100240;0.531694;0.218807;0.999445 -0.0121136 0.0310417 -0.156913 0.0115886 0.999788 0.0170344 0.403621 -0.0312415 -0.0166652 0.999373 -0.749732 0 0 0 1 
27844314100241;1.90316;1.35439;0.998229 -0.0082436 0.0589096 0.463608 0.0044512 0.997926 0.0642201 0.491298 -0.0593168 -0.0638442 0.996195 -4.37154 0 0 0 1 
27844314100242;0.857743;0.3763;0.98739 0.015622 0.157537 0.663309 -0.0205892 0.999339 0.029948 -0.401348 -0.156965 -0.0328139 0.987059 -4.7035 0 0 0 1 
27844314100243;1.52979;1.63226;0.990018 -0.00657687 -0.140791 -0.830927 -0.000325305 0.998801 -0.0489454 -0.119145 0.140944 0.0485026 0.988829 4.78206 0 0 0 1 
27844314100244;1.45043;0.775794;0.987732 0.0698151 -0.139684 0.0431229 -0.0231267 0.950031 0.311299 -0.162733 0.154438 -0.304249 0.93999 0.109666 0 0 0 1 
27844314100245;0.353496;0.382922;0.998426 0.0291508 0.0479057 0.89331 -0.0387531 0.976132 0.213694 -0.712436 -0.0405329 -0.215215 0.975725 -5.22722 0 0 0 1 
27844314100246;0.304746;0.242943;0.998866 0.00333786 0.0474893 0.260367 0.00598767 0.980809 -0.194879 -1.09644 -0.0472284 0.194943 0.979677 2.08755 0 0 0 1 
27844314100248;1.91005;1.90999;0.999923 -3.34141e-05 0.0123705 0.0702257 -9.7541e-05 0.999944 0.0105853 0.00710306 -0.0123701 -0.0105857 0.999867 -0.917025 0 0 0 1 
27844314100249;1.74539;1.1152;0.919743 0.00533834 0.392486 0.894938 0.0263955 0.996803 -0.0754126 -0.15575 -0.391634 0.07972 0.916661 4.49211 0 0 0 1 
27844314100250;2.4193;2.25677;0.895378 0.0177193 -0.444954 0.193694 -0.013836 0.999833 0.0119741 -0.00205284 0.445091 -0.004565 0.895474 0.186357 0 0 0 1 
27844314100251;0.382775;0.244754;0.998617 0.0102011 0.0515753 0.702628 -0.0180307 0.987951 0.15371 -0.25938 -0.0493858 -0.154428 0.986769 -8.54627 0 0 0 1 
27844314100252;0.517763;0.502633;0.994955 -0.0339194 -0.0944109 -1.96204 0.0104057 0.970923 -0.239166 -1.96324 0.0997781 0.236977 0.966378 12.2529 0 0 0 1 
27844314100253;0.421961;0.413876;0.996296 0.00128312 0.0859772 0.266971 0.00336973 0.998538 -0.0539503 -0.217373 -0.0859208 0.0540402 0.994835 2.50915 0 0 0 1 
27844314100254;1.06506;0.244064;0.999232 0.0163878 -0.0355893 0.83606 -0.00792538 0.97409 0.226021 -0.947323 0.0383711 -0.225566 0.973472 -12.8824 0 0 0 1 
27844314100255;0.41574;0.304025;0.945172 -0.00762043 -0.326484 -1.27287 -0.00426828 0.999354 -0.0356825 -0.199384 0.326545 0.0351196 0.944529 2.59334 0 0 0 1 
27844314100256;0.221269;0.0668191;0.999758 0.00413471 -0.0216128 0.178296 -0.00306102 0.998771 0.0494774 0.0813877 0.0217908 -0.0493992 0.998541 -2.82974 0 0 0 1 
27844314100257;0.472366;0.343862;0.997845 0.030042 0.0583372 1.66633 -0.0512201 0.912304 0.406297 -3.76437 -0.0410153 -0.40841 0.911877 -21.7808 0 0 0 1 
27844314100258;0.965959;0.775304;0.961293 0.0116202 -0.275285 -0.189624 0.00147326 0.998879 0.0473088 0.0568923 0.275526 -0.0458832 0.960198 -1.44256 0 0 0 1 
27844314100259;0.701583;0.552031;0.999826 0.00273622 -0.0184298 0.194658 -0.00264753 0.999985 0.00483532 -0.049438 0.0184427 -0.00478568 0.999818 -0.799968 0 0 0 1 
