#;prob_registration_l1 -r /home/probabilistic_point_clouds_registration/build/tester /home/point_clouds_registration_benchmark//devel/registration_pairs/pioneer_slam_local.txt /home/point_clouds_registration_benchmark//tum/pioneer_slam -s 0.1 -t 0.1 -p 0.3 -r 1000 -m 1 -i 40 
id;initial_error;final_error;transformation
1807261650000;0.252801;0.228552;0.999753 0.00776099 0.020814 -0.0166474 -0.00735764 0.999785 -0.0193856 0.0255966 -0.02096 0.0192276 0.999595 -0.0527447 0 0 0 1 
1807261650001;0.370505;0.107992;0.983258 0.0660483 0.169829 -0.118563 -0.0883347 0.987934 0.127213 0.319122 -0.159377 -0.140085 0.977228 0.854788 0 0 0 1 
1807261650002;0.611698;0.324096;0.999838 0.00509573 0.01726 0.124376 -0.00437448 0.999126 -0.0415706 -0.213147 -0.0174568 0.0414883 0.998986 0.638974 0 0 0 1 
1807261650003;0.65444;0.35812;0.986985 0.149237 -0.059901 0.163509 -0.145349 0.987259 0.0647493 0.43492 0.0688008 -0.0552 0.996102 -0.970346 0 0 0 1 
1807261650004;0.70178;0.383481;0.950637 0.231936 0.206144 0.110084 -0.204946 0.968105 -0.144118 0.695929 -0.232996 0.0947555 0.96785 1.42184 0 0 0 1 
1807261650005;0.564667;0.207251;0.999031 -0.0414691 0.0147567 0.0206498 0.0413866 0.999126 0.00585656 0.120422 -0.0149867 -0.00524015 0.999874 0.780949 0 0 0 1 
1807261650006;0.456118;0.260078;0.997149 -0.00836071 -0.0749935 0.0401264 -0.000959939 0.992357 -0.123398 0.0835324 0.075452 0.123118 0.98952 -0.705799 0 0 0 1 
1807261650007;0.0911852;0.0687529;0.999828 0.0169197 0.00760268 -0.0191774 -0.0169969 0.999803 0.0102123 0.0658607 -0.0074284 -0.0103397 0.999919 0.0385267 0 0 0 1 
1807261650008;0.628711;0.493573;0.961546 -0.0272231 0.27329 0.191877 -6.94832e-06 0.995073 0.099146 -0.189065 -0.274643 -0.0953354 0.956808 0.685778 0 0 0 1 
1807261650009;0.268333;0.252537;0.997875 -0.0646596 -0.00809357 -0.0111294 0.0648171 0.997676 0.0210028 -0.121054 0.00671673 -0.0214827 0.999747 -0.114097 0 0 0 1 
1807261650010;0.71038;0.26321;0.974404 0.224235 0.0160095 0.0226412 -0.224287 0.974522 0.00150281 0.642937 -0.0152647 -0.00505507 0.999871 -0.831911 0 0 0 1 
1807261650011;0.818748;0.3633;0.957177 0.289476 -0.00393153 -0.143503 -0.289501 0.957039 -0.0163158 0.921585 -0.00096041 0.0167553 0.999859 -0.86236 0 0 0 1 
1807261650012;0.646177;0.181248;0.999704 -0.01052 0.0219422 0.144588 0.0112679 0.99935 -0.0342433 -0.708984 -0.0215677 0.0344804 0.999173 -0.382534 0 0 0 1 
1807261650013;0.5425;0.250755;0.991193 0.0226484 -0.130474 0.166624 -0.0289135 0.998508 -0.0463255 0.137201 0.12923 0.04969 0.990369 -1.13987 0 0 0 1 
1807261650014;0.402811;0.113675;0.953925 0.149424 -0.260193 0.328725 -0.118653 0.984351 0.130284 0.354045 0.275589 -0.0934085 0.956727 -1.36734 0 0 0 1 
1807261650015;0.62098;0.546497;0.962165 0.126834 0.241147 0.403367 -0.13642 0.990374 0.0234109 0.877984 -0.235857 -0.0554225 0.970206 1.37651 0 0 0 1 
1807261650016;0.314215;0.325708;0.998614 0.0169368 -0.0498406 0.00235801 -0.0148299 0.998993 0.0423416 -0.0421321 0.0505076 -0.0415438 0.997859 0.0199339 0 0 0 1 
1807261650017;0.544853;0.160316;0.961803 0.0727087 -0.263909 0.18763 -0.159606 0.932202 -0.324846 0.679316 0.222398 0.354559 0.9082 -1.03853 0 0 0 1 
1807261650018;0.870541;0.509036;0.950731 0.280924 0.131116 0.00441988 -0.274882 0.959446 -0.0624803 0.917064 -0.14335 0.0233606 0.989396 1.20425 0 0 0 1 
1807261650019;0.408282;0.187755;0.987527 0.157247 -0.00796747 -0.218879 -0.157268 0.987554 -0.00207756 0.317707 0.00754162 0.00330467 0.999966 0.29989 0 0 0 1 
1807261650020;0.378251;0.13251;0.968324 0.0173184 -0.249095 0.0617496 -0.0932254 0.950529 -0.296315 0.307888 0.231641 0.310151 0.922035 -0.914301 0 0 0 1 
1807261650021;0.0584465;0.0503241;0.999733 0.0147619 -0.0177837 0.01682 -0.0144386 0.999731 0.0181711 0.0519815 0.0180471 -0.0179094 0.999677 -0.0255432 0 0 0 1 
1807261650022;0.492617;0.175058;0.985192 -0.0427963 -0.166027 0.190969 0.0319275 0.997202 -0.0675905 0.00433394 0.168455 0.0612889 0.983802 -1.13683 0 0 0 1 
1807261650023;0.436303;0.347366;0.981092 0.191839 0.0256174 -0.140718 -0.19237 0.981115 0.0201547 0.535444 -0.0212672 -0.0247016 0.999469 0.167931 0 0 0 1 
1807261650024;0.611538;0.213879;0.999925 -0.00886393 -0.00848995 0.165361 0.00825134 0.997537 -0.0696568 0.330388 0.00908647 0.0695815 0.997535 -0.727916 0 0 0 1 
1807261650025;0.222007;0.163734;0.996108 -0.0533029 -0.0701978 0.01915 0.0451415 0.992556 -0.113114 -0.138371 0.0757046 0.109504 0.991099 -0.055488 0 0 0 1 
1807261650026;0.125003;0.0989923;0.998526 -0.0231034 -0.0491202 0.00672648 0.0182658 0.995141 -0.0967472 -0.0707431 0.0511167 0.0957074 0.994096 -0.04263 0 0 0 1 
1807261650027;0.446617;0.662203;0.989194 0.0404161 0.14093 0.118944 -0.0590485 0.989669 0.130645 0.654992 -0.134194 -0.137555 0.981362 0.543683 0 0 0 1 
1807261650028;0.18577;0.135538;0.99416 0.093454 -0.0539579 0.0827019 -0.0957758 0.994509 -0.0421745 0.13735 0.0497202 0.0470961 0.997652 -0.160435 0 0 0 1 
1807261650029;0.503137;0.415663;0.993777 0.0378355 -0.104761 0.00436117 -0.052935 0.987965 -0.145335 0.255678 0.0980015 0.149976 0.983821 -0.297018 0 0 0 1 
1807261650031;0.869936;0.73523;0.99993 0.00315238 -0.0114063 0.0120244 -0.000268832 0.969669 0.244422 -0.188545 0.0118309 -0.244401 0.969602 -0.96212 0 0 0 1 
1807261650032;0.361529;0.277764;0.975193 -0.0173413 -0.220677 -0.042809 -0.0217847 0.984569 -0.173638 0.0656871 0.220283 0.174138 0.959766 0.271136 0 0 0 1 
1807261650033;0.495733;0.493175;0.999152 0.000122398 0.0411699 -0.00518585 -0.000293847 0.999991 0.00415838 0.00079563 -0.0411691 -0.00416696 0.999144 0.0144224 0 0 0 1 
1807261650034;1.09057;0.903446;0.999532 -0.00203337 -0.0305227 -0.0185539 0.000354026 0.99849 -0.0549242 -0.0319783 0.0305883 0.0548877 0.998024 0.6933 0 0 0 1 
1807261650035;0.885672;0.809064;0.991213 0.0316041 -0.128448 0.0329131 -0.0121716 0.988711 0.149342 0.033861 0.131717 -0.146466 0.980407 -0.104787 0 0 0 1 
1807261650036;0.893017;0.163615;0.988579 0.0132622 0.150121 0.0775838 -0.0275512 0.995237 0.0935077 0.102215 -0.148166 -0.0965758 0.984236 0.693537 0 0 0 1 
1807261650037;0.513994;0.401904;0.999965 -0.000626356 0.00840156 -0.00364433 -9.49754e-05 0.996331 0.0855828 -0.0416472 -0.00842434 -0.0855806 0.996296 -0.524152 0 0 0 1 
1807261650038;0.984234;0.409438;0.920837 -0.00247526 0.38994 -0.209909 0.016039 0.999374 -0.0315319 0.309064 -0.389617 0.03529 0.9203 -0.257413 0 0 0 1 
1807261650039;0.787771;0.14999;0.987202 0.0422993 0.153766 0.0993381 -0.0218748 0.990986 -0.13217 0.170206 -0.15797 0.127114 0.979228 -0.15286 0 0 0 1 
1807261650040;0.449489;0.103353;0.972455 -0.000649193 0.23309 0.0349561 -0.0082535 0.999273 0.0372169 0.0177739 -0.232945 -0.0381156 0.971743 0.53426 0 0 0 1 
1807261650041;0.636202;0.527566;0.99996 0.00156631 -0.00880522 0.00732261 -0.0015006 0.999971 0.00746478 0.00307368 0.00881666 -0.00745126 0.999933 -0.350491 0 0 0 1 
1807261650042;0.394001;0.388533;0.999948 0.000474524 -0.0102315 -0.000365231 -0.00055037 0.999972 -0.00741145 0.00143839 0.0102277 0.00741669 0.99992 0.0632429 0 0 0 1 
1807261650043;0.493104;0.361105;0.969578 0.042694 0.241032 0.133707 -0.0473386 0.998788 0.0135094 0.120481 -0.240163 -0.0245085 0.970423 0.233664 0 0 0 1 
1807261650044;0.603128;0.427115;0.999783 0.000947461 -0.0208192 0.0122757 -0.000603252 0.999863 0.0165333 -0.00564033 0.0208321 -0.0165171 0.999647 -0.450571 0 0 0 1 
1807261650045;0.822026;0.331488;0.996089 0.0358407 -0.0807629 0.165647 -0.0013935 0.920296 0.391219 -0.316516 0.0883474 -0.389577 0.916747 -1.8558 0 0 0 1 
1807261650046;0.726796;0.498717;0.99952 -0.0076879 -0.0300216 -0.0351024 0.0040837 0.992967 -0.118318 0.0214291 0.0307201 0.118139 0.992522 0.783454 0 0 0 1 
1807261650047;0.841796;0.484753;0.99807 0.000581991 -0.0620895 -0.0334009 -0.00100992 0.999976 -0.00686093 0.0987304 0.062084 0.00691039 0.998047 0.615912 0 0 0 1 
1807261650048;0.923373;0.0462154;0.98439 0.00921064 0.17576 0.0863732 -0.0450005 0.978608 0.200754 0.150657 -0.170151 -0.205529 0.963746 0.411111 0 0 0 1 
1807261650049;0.894299;0.742888;0.967654 0.000980215 0.252281 0.0683975 -0.0265978 0.994816 0.0981539 0.0600436 -0.250877 -0.101689 0.962663 0.509076 0 0 0 1 
1807261650050;0.776112;0.638485;0.988701 0.0386213 0.144839 0.143984 -0.000648164 0.967332 -0.253514 0.0575961 -0.149899 0.250555 0.956427 1.23812 0 0 0 1 
1807261650051;0.472646;0.211582;0.986518 -0.000120725 0.163656 0.0412476 -0.00205578 0.999912 0.0131299 0.00852567 -0.163643 -0.0132893 0.98643 0.491817 0 0 0 1 
1807261650052;0.367213;0.304589;0.999342 0.00125752 0.0362444 0.00184599 -0.00875503 0.978205 0.207457 -0.0531198 -0.0351936 -0.207638 0.977573 -0.439736 0 0 0 1 
1807261650053;0.543637;0.326746;0.912569 -0.0950244 -0.397729 -0.149396 -0.00382837 0.970598 -0.240677 0.0411025 0.408905 0.221157 0.885373 0.269016 0 0 0 1 
1807261650054;0.296591;0.178368;0.993264 -0.010512 -0.115392 -0.00851403 -0.00919113 0.98559 -0.168901 -0.00210893 0.115504 0.168824 0.978855 0.203073 0 0 0 1 
1807261650055;0.546573;0.344466;0.968899 0.052482 -0.241828 0.110429 0.0330909 0.940996 0.336797 0.0118951 0.245235 -0.334325 0.909993 -0.892878 0 0 0 1 
1807261650056;0.638977;0.544604;0.999333 0.00164564 -0.0364742 -0.00540771 -0.0027941 0.999501 -0.0314583 -0.000132751 0.0364042 0.0315393 0.998839 0.352914 0 0 0 1 
1807261650057;0.733154;0.702371;0.999705 -0.0160684 -0.0181905 -0.0464026 0.0124264 0.982644 -0.185084 -0.029383 0.0208487 0.184803 0.982554 0.462317 0 0 0 1 
1807261650058;1.00454;0.9644;0.973839 0.0606432 -0.218997 0.163933 -0.0486627 0.99703 0.0596969 0.150348 0.221967 -0.0474781 0.973898 -0.0639101 0 0 0 1 
1807261650059;0.328863;0.154165;0.958733 -0.057381 0.278458 -0.125276 -0.0593371 0.917469 0.393358 -0.142185 -0.278048 -0.393648 0.876202 -0.710065 0 0 0 1 
1807261650060;0.479524;0.415596;0.999987 -0.000586659 -0.00500954 -0.000482469 0.000441821 0.999583 -0.0288648 0.00520513 0.00502438 0.0288622 0.999571 -0.106006 0 0 0 1 
1807261650062;0.610394;0.0339416;0.99689 0.0740681 -0.02692 0.340645 -0.0743915 0.997166 -0.011218 0.10693 0.0260128 0.0131857 0.999575 -0.717703 0 0 0 1 
1807261650063;0.0702684;0.0516786;0.999482 -0.00169532 0.0321375 -0.0115014 0.00188763 0.99998 -0.00595441 0.00905398 -0.0321268 0.00601198 0.999466 -0.009641 0 0 0 1 
1807261650064;0.431381;0.181349;0.978249 -0.0713122 -0.19479 -0.180028 0.0609173 0.996406 -0.0588509 -0.0562715 0.198287 0.0457047 0.979078 -0.358239 0 0 0 1 
1807261650065;0.67345;0.251864;0.985026 0.0849566 -0.150017 0.460699 -0.00366597 0.880279 0.474442 0.135574 0.172364 -0.466788 0.86741 -1.99508 0 0 0 1 
1807261650066;0.179936;0.194181;0.999928 -0.0115086 -0.00328312 -0.041729 0.0116057 0.999444 0.0312522 0.118613 0.00292163 -0.031288 0.999506 -0.080308 0 0 0 1 
1807261650067;0.697139;0.499117;0.995342 -0.0930605 -0.0251933 -0.1566 0.0951567 0.990269 0.101554 0.170601 0.0154975 -0.103478 0.994511 -1.07383 0 0 0 1 
1807261650068;0.609754;0.652179;0.999859 -0.00963782 -0.0137502 0.0602109 0.0101268 0.999302 0.0359458 0.59689 0.0133942 -0.03608 0.999259 -0.0130829 0 0 0 1 
1807261650069;0.14606;0.143072;0.999284 -0.00562687 -0.0374229 -0.0116417 0.00675023 0.999528 0.0299597 0.00965309 0.0372367 -0.0301909 0.99885 -0.144976 0 0 0 1 
1807261650070;0.531087;0.111142;0.981768 0.0350371 -0.186828 0.231102 0.0338193 0.934988 0.353063 -0.18168 0.187052 -0.352944 0.916756 -1.91379 0 0 0 1 
1807261650071;0.140553;0.00952407;0.992654 -0.0340342 -0.116103 -0.116417 0.0278385 0.998122 -0.0545745 0.113528 0.117743 0.0509415 0.991737 0.076569 0 0 0 1 
1807261650072;0.380476;0.316929;0.995742 -1.02959e-05 -0.0921824 0.0233005 -0.00254531 0.999616 -0.0276058 0.00649744 0.0921473 0.0277228 0.995359 -0.128624 0 0 0 1 
1807261650073;0.531138;0.386239;0.984985 -0.0504111 0.165114 -0.137335 -0.0101297 0.937893 0.346777 -0.0584814 -0.172341 -0.343243 0.9233 -0.835734 0 0 0 1 
1807261650074;0.56209;0.14416;0.952456 0.161536 0.25833 0.651859 -0.157085 0.986857 -0.0379192 0.578091 -0.26106 -0.0044635 0.965312 0.319998 0 0 0 1 
1807261650075;0.57785;0.0686456;0.999179 -0.0403904 0.00309402 -0.161697 0.0403038 0.998894 0.024227 0.592914 -0.00406914 -0.0240824 0.999702 -0.554911 0 0 0 1 
1807261650076;0.523862;0.261022;0.99436 -0.00557606 -0.105909 -0.0591915 -0.0070927 0.992885 -0.118867 0.544915 0.105818 0.118948 0.987246 0.865504 0 0 0 1 
1807261650077;0.611234;0.520884;0.999989 0.00374707 0.00267216 0.0103304 -0.00325994 0.986547 -0.163448 0.0077178 -0.00324866 0.163438 0.986548 0.288314 0 0 0 1 
1807261650078;0.330727;0.144408;0.951003 0.00512721 -0.309141 0.127045 0.0103831 0.998769 0.0485062 0.203783 0.309009 -0.0493394 0.949779 0.0098313 0 0 0 1 
1807261650079;0.421945;0.302852;0.907634 -0.154728 -0.390204 -0.539055 0.119506 0.986365 -0.113149 -0.173822 0.402391 0.0560659 0.913749 0.42069 0 0 0 1 
1807261650080;0.560936;0.429977;0.992923 -0.0427002 -0.110816 -0.137607 0.00273039 0.941085 -0.338159 -0.096352 0.118727 0.335464 0.934542 1.08381 0 0 0 1 
1807261650081;0.503671;0.121121;0.984145 0.0943815 0.150167 0.442486 -0.119099 0.979043 0.165196 0.000172838 -0.131428 -0.180461 0.974762 -1.30085 0 0 0 1 
1807261650082;0.722741;0.396723;0.999978 0.000479449 -0.00658609 0.106261 -0.000698867 0.999443 -0.0333535 -0.266491 0.00656644 0.0333573 0.999422 -0.671506 0 0 0 1 
1807261650083;0.552134;0.519987;0.999496 0.00266655 -0.0316233 0.0187073 -0.0042831 0.998681 -0.0511618 0.0111337 0.0314452 0.0512714 0.99819 -0.0691073 0 0 0 1 
1807261650084;0.867721;0.735697;0.990038 5.35514e-06 -0.140803 0.0656789 0.0236208 0.985822 0.166124 0.00826546 0.138807 -0.167795 0.976001 -1.01043 0 0 0 1 
1807261650085;0.404997;0.159871;0.982087 -0.0906851 -0.165172 -0.27489 0.025611 0.93268 -0.359794 -0.0424076 0.186681 0.349119 0.918295 0.954031 0 0 0 1 
1807261650086;0.258185;0.191131;0.999913 -0.00749761 0.010864 -0.0245815 0.00824763 0.997462 -0.0707225 0.18735 -0.0103062 0.0708059 0.997437 0.50548 0 0 0 1 
1807261650087;0.211815;0.208975;0.999472 0.00140614 0.0324652 0.00343006 4.23285e-05 0.999006 -0.0445724 0.00242633 -0.0324956 0.0445502 0.998478 0.196724 0 0 0 1 
1807261650088;0.669831;0.418241;0.994845 -0.0559602 -0.0845716 -0.163128 0.030403 0.960185 -0.277705 0.476014 0.0967448 0.273702 0.956937 0.477644 0 0 0 1 
1807261650089;0.143654;0.116544;0.994237 0.00210698 0.107188 0.000584789 -0.00890534 0.997975 0.0629856 -0.0037286 -0.106838 -0.0635771 0.992242 -0.120875 0 0 0 1 
1807261650090;0.732491;0.439421;0.988529 0.128545 -0.0792893 0.545201 -0.133743 0.988939 -0.0641348 0.742755 0.0701681 0.0740035 0.994786 0.321655 0 0 0 1 
1807261650091;0.403612;0.247562;0.993902 0.0223637 -0.107971 0.0650999 -0.00759431 0.990775 0.135308 0.0869305 0.110001 -0.133663 0.984903 -0.359743 0 0 0 1 
1807261650093;1.16071;0.251612;0.907529 0.282989 0.310336 -0.381499 -0.279109 0.958516 -0.0578391 0.227458 -0.31383 -0.034127 0.948866 -0.282541 0 0 0 1 
1807261650094;0.696816;0.365386;0.983551 0.166901 0.0690796 -0.162904 -0.164754 0.985687 -0.0357307 0.00302546 -0.0740544 0.0237618 0.996971 -0.0662571 0 0 0 1 
1807261650095;0.832378;0.425656;0.952618 0.142486 0.268732 0.369783 -0.147756 0.989024 -0.000620037 0.113856 -0.26587 -0.0391161 0.963215 -0.0469732 0 0 0 1 
1807261650096;1.24922;0.321105;0.958078 0.255958 0.128735 0.0755719 -0.196063 0.913359 -0.356841 -0.371673 -0.208918 0.316641 0.925252 0.725729 0 0 0 1 
1807261650097;1.57732;0.136606;0.97254 0.160268 0.168759 0.223699 -0.189638 0.966058 0.175414 0.1717 -0.134918 -0.2026 0.969923 0.930882 0 0 0 1 
1807261650098;0.431654;0.151643;0.958478 -0.253158 0.131266 -0.0880979 0.259839 0.964971 -0.0362621 -0.127072 -0.117488 0.0688644 0.990684 0.276153 0 0 0 1 
1807261650099;1.43162;0.495581;0.980651 -0.186951 0.0580702 0.620917 0.194779 0.961497 -0.193869 0.230221 -0.0195902 0.201429 0.979307 0.494176 0 0 0 1 
1807261650100;0.198846;0.120469;0.992324 -0.0110862 -0.123167 0.111234 0.0126937 0.999844 0.0122742 -0.0196654 0.123012 -0.0137434 0.99231 -0.03445 0 0 0 1 
1807261650101;0.403364;0.170049;0.999755 -0.0220348 0.00193538 0.0243784 0.0221003 0.998709 -0.0457293 -0.0246886 -0.000925241 0.0457609 0.998952 -0.184508 0 0 0 1 
1807261650102;0.400187;0.350374;0.997011 -0.0515766 0.0575309 -0.0610204 0.0518893 0.998645 -0.00395373 -0.124451 -0.057249 0.00692715 0.998336 0.0124178 0 0 0 1 
1807261650103;1.02195;0.273843;0.967408 0.244964 0.0641394 0.0101763 -0.250505 0.962823 0.10109 -0.166534 -0.0369916 -0.113862 0.992808 0.526423 0 0 0 1 
1807261650104;1.18672;0.339317;0.999445 -0.0323199 -0.00800775 0.00441143 0.032294 0.999473 -0.00333839 -0.356133 0.00811143 0.00307793 0.999962 -0.527489 0 0 0 1 
1807261650105;1.18857;0.818926;0.997549 0.025397 0.0651926 -0.104324 -0.0266528 0.999474 0.018465 -0.436925 -0.0646894 -0.0201574 0.997702 0.0925253 0 0 0 1 
1807261650106;0.708535;0.378049;0.999856 -0.016165 0.00512423 -0.120266 0.0160887 0.999764 0.0145825 -0.23546 -0.00535875 -0.014498 0.999881 0.196324 0 0 0 1 
1807261650107;0.503291;0.181307;0.999889 0.0141438 -0.0047133 0.0326377 -0.0139439 0.999101 0.0400356 -0.0209138 0.00527531 -0.0399655 0.999187 0.204053 0 0 0 1 
1807261650108;1.52224;0.594173;0.985307 -0.170745 0.00415459 0.17318 0.170583 0.982578 -0.0737673 0.389826 0.00851317 0.0733921 0.997267 -0.312843 0 0 0 1 
1807261650109;0.339127;0.125537;0.959195 -0.108233 0.261211 -0.0417072 0.0943395 0.993403 0.0651939 0.0172022 -0.266544 -0.0378911 0.963078 0.194114 0 0 0 1 
1807261650110;0.998065;0.189179;0.978349 -0.206095 0.018936 0.129674 0.205562 0.978278 0.0267828 -0.00438789 -0.0240444 -0.0223104 0.999462 -0.504643 0 0 0 1 
1807261650111;0.873902;0.124013;0.979306 0.137652 0.148366 0.12 -0.146676 0.987835 0.0516494 -0.361051 -0.139451 -0.0723422 0.987583 0.422334 0 0 0 1 
1807261650112;0.213542;0.184899;0.991702 0.00225324 -0.128538 0.0431185 -0.00260925 0.999993 -0.00260135 0.00458359 0.128531 0.00291515 0.991701 -0.125161 0 0 0 1 
1807261650113;1.08553;0.22369;0.979159 -0.183114 0.0878484 -0.268481 0.194557 0.96981 -0.147025 -0.606395 -0.0582739 0.161052 0.985224 -0.124495 0 0 0 1 
1807261650114;0.757919;0.524755;0.948266 0.280976 0.147795 0.34561 -0.264934 0.956862 -0.119271 -0.027344 -0.174931 0.0739445 0.9818 0.576559 0 0 0 1 
1807261650115;1.40826;0.700229;0.981434 0.134625 0.13661 -0.295931 -0.14624 0.986102 0.0788433 0.267042 -0.124098 -0.0973575 0.987482 0.316176 0 0 0 1 
1807261650116;0.547781;0.0882336;0.988955 0.148215 0.000641648 0.0429419 -0.147547 0.984072 0.0991553 -0.0580672 0.0140648 -0.0981548 0.995072 0.278177 0 0 0 1 
1807261650117;1.14474;0.425541;0.954933 0.258629 -0.145653 -0.00675291 -0.239841 0.961422 0.134699 0.488732 0.174871 -0.0936954 0.980123 -0.350098 0 0 0 1 
1807261650118;1.22447;0.463227;0.962064 0.200613 -0.184901 -0.0248773 -0.233777 0.955555 -0.179618 0.0440685 0.140649 0.216029 0.966203 -0.522912 0 0 0 1 
1807261650119;1.49971;0.707583;0.991414 0.0871547 0.0974835 0.0442105 -0.0832342 0.995576 -0.0435931 0.570049 -0.100852 0.0351049 0.994282 -0.333651 0 0 0 1 
1807261650120;0.30517;0.200387;0.955326 0.204335 0.213541 0.147406 -0.21755 0.975226 0.0400779 0.149399 -0.200061 -0.0847433 0.976112 0.178917 0 0 0 1 
1807261650121;1.42718;0.255805;0.920783 0.379845 -0.0887542 0.331417 -0.374298 0.924421 0.0731167 -0.643676 0.109819 -0.0341041 0.993366 0.243148 0 0 0 1 
1807261650122;1.45607;0.530346;0.966979 -0.187492 0.17262 -0.108049 0.206843 0.973065 -0.10179 -0.390575 -0.148886 0.134135 0.979715 -0.413179 0 0 0 1 
1807261650124;1.36594;4.66625;0.00160507 -0.958341 0.285622 2.40657 0.955554 -0.0827348 -0.282968 -0.310754 0.294811 0.273382 0.915614 0.317157 0 0 0 1 
1807261650125;0.804333;4.78776;0.0907278 -0.793568 0.601679 2.17293 0.921064 0.296609 0.252316 -0.428176 -0.378694 0.531293 0.757838 0.440054 0 0 0 1 
1807261650126;0.880272;4.91223;0.214855 -0.903729 0.370284 2.31311 0.898378 0.331597 0.288029 -0.176833 -0.383086 0.27077 0.883136 0.435709 0 0 0 1 
1807261650127;1.55898;5.02006;0.0317601 -0.981407 0.189291 2.26175 0.999293 0.0273679 -0.025773 -0.309812 0.0201133 0.189976 0.981583 -1.0017 0 0 0 1 
1807261650128;0.837192;4.86946;0.215625 -0.965335 0.147087 1.92072 0.933333 0.248026 0.259563 -0.339517 -0.287046 0.0813132 0.954459 -0.101176 0 0 0 1 
1807261650129;0.284015;4.21916;0.191221 -0.94669 0.259254 2.02781 0.979673 0.167766 -0.109977 -0.126743 0.0606204 0.275014 0.959527 -0.19425 0 0 0 1 
1807261650130;0.193395;5.08024;-0.0916334 -0.969173 0.228708 2.51545 0.981183 -0.127073 -0.145368 -0.131255 0.16995 0.211084 0.96258 -0.305315 0 0 0 1 
1807261650131;0.6404;4.57634;0.204452 -0.965458 0.161524 2.26753 0.96821 0.223745 0.111835 0.0232113 -0.144112 0.133524 0.980512 -0.0681929 0 0 0 1 
1807261650132;1.48669;5.18866;0.0465941 -0.985439 0.163519 3.06947 0.986855 0.0707701 0.145292 0.295229 -0.154749 0.1546 0.975783 -0.580075 0 0 0 1 
1807261650133;0.878362;5.30209;0.309302 -0.907275 0.284929 2.42474 0.947546 0.31941 -0.0115306 -0.322889 -0.0805479 0.27355 0.958479 0.0530391 0 0 0 1 
1807261650134;0.764145;1.54307;0.305072 0.912413 -0.272825 -0.057466 -0.195286 0.34033 0.919804 -0.583358 0.932092 -0.227327 0.282006 0.264161 0 0 0 1 
1807261650135;0.938287;4.53255;0.0605547 -0.972013 0.226988 2.22029 0.99609 0.0441905 -0.0764982 -0.197249 0.0643266 0.230733 0.970889 0.247463 0 0 0 1 
1807261650136;0.165136;4.44849;0.361042 -0.919259 0.156879 2.07702 0.926717 0.372456 0.0497217 -0.262151 -0.104138 0.12743 0.986365 -0.220681 0 0 0 1 
1807261650137;0.685906;4.91499;0.398092 -0.89142 0.216547 2.26848 0.916964 0.379878 -0.121941 -0.128204 0.0264392 0.24711 0.968627 0.101418 0 0 0 1 
1807261650138;1.14592;4.46094;0.508581 -0.801209 0.315292 1.90943 0.738059 0.594255 0.319577 -0.755695 -0.443412 0.0701737 0.893567 -0.109682 0 0 0 1 
1807261650139;0.608764;4.92021;0.13914 -0.936287 0.322502 2.39012 0.977975 0.0787561 -0.193293 -0.16424 0.155579 0.342294 0.926623 -0.602067 0 0 0 1 
1807261650140;1.51409;4.59911;0.341863 -0.915913 0.210317 1.77071 0.92549 0.366976 0.0937967 0.311714 -0.163091 0.16258 0.973123 0.198412 0 0 0 1 
1807261650141;0.713806;4.46954;0.173583 -0.984191 0.0351858 2.02125 0.747679 0.108447 -0.655146 -0.244637 0.640972 0.14003 0.754683 -0.355631 0 0 0 1 
1807261650142;1.81337;4.69409;0.150796 -0.979523 0.133399 1.89539 0.988394 0.146885 -0.0387455 -0.0347554 0.0183578 0.137693 0.990305 0.607874 0 0 0 1 
1807261650143;1.33398;4.80569;0.132517 -0.937629 0.321389 2.30171 0.991103 0.129401 -0.0311387 0.289576 -0.0123914 0.322656 0.946435 0.206065 0 0 0 1 
1807261650144;0.523192;4.81749;0.346732 -0.920396 0.180688 2.15856 0.843609 0.390217 0.368855 -0.177713 -0.41 0.0245365 0.911756 -0.280117 0 0 0 1 
1807261650145;1.32014;4.94693;0.051758 -0.98773 0.147345 3.09676 0.987662 0.0724643 0.138829 -0.357681 -0.147803 0.138341 0.979294 -0.133382 0 0 0 1 
1807261650146;0.396214;5.01748;0.444075 -0.752572 0.486244 2.18473 0.880089 0.46816 -0.0791819 -0.083546 -0.16805 0.463101 0.870228 -0.17144 0 0 0 1 
1807261650147;1.75836;5.09291;-0.029137 -0.981105 0.19127 2.11354 0.983416 0.00613208 0.181262 -0.519511 -0.17901 0.193379 0.964655 -0.963881 0 0 0 1 
1807261650148;1.81564;4.66557;0.347057 -0.900957 0.260437 2.33235 0.92958 0.367253 0.0317233 -0.892326 -0.124228 0.231088 0.964969 0.389477 0 0 0 1 
1807261650149;1.27562;4.71222;0.0448119 -0.987512 0.151039 2.39298 0.987635 0.0665294 0.141955 -0.507228 -0.15023 0.142811 0.978282 -0.806779 0 0 0 1 
1807261650150;1.69552;4.97938;0.128953 -0.925837 0.355241 2.74376 0.989353 0.14449 0.0174374 -0.14873 -0.0674729 0.34921 0.934612 0.553963 0 0 0 1 
1807261650151;1.06641;4.88721;0.121241 -0.953299 0.276626 2.25526 0.992374 0.122652 -0.0122651 -0.245086 -0.0222365 0.276004 0.960899 -0.8026 0 0 0 1 
1807261650152;1.1455;4.52652;0.250409 -0.92898 0.272564 2.43069 0.961216 0.204951 -0.18455 -0.51842 0.115581 0.308206 0.944272 0.0112645 0 0 0 1 
1807261650153;0.956413;4.85681;0.298407 -0.942023 0.153448 2.69377 0.939398 0.318314 0.127309 -0.526808 -0.168772 0.106158 0.979922 -0.0416485 0 0 0 1 
1807261650155;0.606131;0.48135;0.997765 0.00179147 -0.0667925 0.0366673 0.000692131 0.99931 0.0371422 -0.0168549 0.0668129 -0.0371054 0.997075 -0.53734 0 0 0 1 
1807261650156;0.187806;0.0708049;0.999996 -0.00199392 0.00189781 -0.00852938 0.00199663 0.999997 -0.00142669 -0.00316206 -0.00189496 0.00143047 0.999997 0.217046 0 0 0 1 
1807261650157;0.551788;0.460468;0.999903 0.000686249 0.0139414 0.0052209 0.00173403 0.984947 -0.172851 0.00319051 -0.0138502 0.172858 0.984849 0.971348 0 0 0 1 
1807261650158;0.699792;0.628759;0.998353 -0.00254043 -0.0573082 0.0116417 0.00532865 0.998806 0.0485529 -0.0246176 0.0571165 -0.0487783 0.997175 -0.563694 0 0 0 1 
1807261650159;0.309546;0.194317;0.997943 -0.00508936 -0.063898 -0.0300267 -0.00994179 0.972492 -0.232725 -0.138581 0.0633247 0.232882 0.970441 1.08865 0 0 0 1 
1807261650160;0.485518;0.446812;0.999659 -0.00123345 -0.026091 -0.00143571 0.00631607 0.980656 0.195635 -0.0960084 0.025345 -0.195733 0.98033 -0.766143 0 0 0 1 
1807261650161;0.330335;0.158364;0.999877 -0.0112073 -0.0110028 -0.0363583 0.00601305 0.920358 -0.391031 -0.278339 0.0145089 0.390917 0.920312 1.30137 0 0 0 1 
1807261650162;0.550603;0.547943;0.999894 0.00823395 0.0119897 0.0272338 -0.00817543 0.999954 -0.00492183 -0.00366859 -0.0120297 0.00482328 0.999916 0.00977726 0 0 0 1 
1807261650163;0.739956;0.334493;0.986715 0.123913 0.105065 0.52867 -0.115603 0.98992 -0.0818235 -0.401714 -0.114145 0.0685907 0.991093 0.657316 0 0 0 1 
1807261650164;0.228506;0.0629205;0.956713 0.121223 0.264584 0.439708 -0.126116 0.992014 0.00151995 -0.0735619 -0.262287 -0.0348225 0.964361 -0.186289 0 0 0 1 
1807261650165;0.0638727;0.0202972;0.99993 0.00279096 0.0114839 0.00983871 -0.00246009 0.999584 -0.0287255 -0.0032796 -0.0115593 0.0286953 0.999521 0.183077 0 0 0 1 
1807261650166;0.691573;0.633911;0.999819 5.10103e-05 -0.0190297 -0.00513216 0.000804437 0.998989 0.0449429 -0.00513262 0.0190127 -0.0449501 0.998808 0.139713 0 0 0 1 
1807261650167;0.645574;0.526051;0.95165 0.000823516 0.307183 0.0422734 -0.0598557 0.981326 0.182802 -0.115898 -0.301296 -0.19235 0.933928 -0.906025 0 0 0 1 
1807261650168;0.448255;0.357514;0.996999 0.0226309 0.0740389 0.0824474 0.00596216 0.931039 -0.36487 -0.285976 -0.0771905 0.364216 0.92811 1.43906 0 0 0 1 
1807261650169;0.539907;0.328285;0.997879 0.0144699 -0.0634684 0.0866508 -0.00854639 0.995664 0.0926273 -0.176155 0.0645336 -0.0918884 0.993676 -0.759386 0 0 0 1 
1807261650170;0.652735;0.348101;0.952917 0.106988 0.28373 0.494243 -0.109966 0.99392 -0.00546135 0.158533 -0.28259 -0.0259964 0.958889 0.521338 0 0 0 1 
1807261650171;0.437786;0.317773;0.968579 0.0878321 0.232681 0.336689 -0.137884 0.96826 0.20847 0.0155544 -0.206985 -0.234003 0.949947 -0.51942 0 0 0 1 
1807261650172;0.513271;0.424122;0.991315 0.0230359 -0.129475 0.0775404 -0.0289532 0.998612 -0.0440072 -0.116654 0.128282 0.0473737 0.990606 0.227757 0 0 0 1 
1807261650173;0.421662;0.134836;0.926052 -0.115905 -0.359157 -0.370829 0.112174 0.993196 -0.0312893 0.111015 0.36034 -0.0113124 0.932752 -0.376593 0 0 0 1 
1807261650174;0.342158;0.244451;0.99993 -0.00325876 -0.0113432 -0.0116837 -0.00147486 0.919086 -0.394054 -0.332799 0.0117095 0.394043 0.919017 1.32655 0 0 0 1 
1807261650175;0.695425;0.600434;0.999998 -0.00176756 -0.00118599 0.00426968 0.00176016 0.999979 -0.00621505 0.121257 0.00119695 0.00621295 0.99998 -0.150626 0 0 0 1 
1807261650176;0.628882;0.46281;0.99886 -0.000696849 0.0477345 0.0688382 0.00504092 0.995843 -0.0909452 -0.16269 -0.0474727 0.0910821 0.994711 -0.182896 0 0 0 1 
1807261650177;0.385778;0.0824743;0.998848 -0.0469241 -0.0100284 -0.2561 0.0456074 0.993371 -0.105514 0.0514587 0.0149131 0.104935 0.994367 0.791095 0 0 0 1 
1807261650178;0.865032;0.530962;0.993097 0.0284688 0.113788 0.192416 -0.0188498 0.996225 -0.0847336 0.098251 -0.115771 0.0820038 0.989885 1.20858 0 0 0 1 
1807261650179;0.799283;0.0454642;0.90428 -0.234503 -0.356772 -1.27664 0.223888 0.971995 -0.0714119 -0.238642 0.363527 -0.0153007 0.931458 0.579001 0 0 0 1 
1807261650180;0.951142;0.412585;0.968455 0.127241 0.214253 0.559293 -0.0748916 0.968678 -0.236758 0.070423 -0.237667 0.213244 0.94765 1.81904 0 0 0 1 
1807261650181;0.58947;0.569686;0.999844 0.00506481 0.016941 0.016145 -0.00507879 0.999987 0.000782405 -0.0113862 -0.0169369 -0.000868323 0.999856 0.143625 0 0 0 1 
1807261650182;0.51362;0.43972;0.993143 -0.0118705 -0.116306 -0.00525145 0.0062727 0.998809 -0.0483786 0.00794771 0.116741 0.0473173 0.992035 -0.181772 0 0 0 1 
1807261650183;0.518467;0.474123;0.977434 -0.0455656 -0.20627 -0.18513 0.0204289 0.992272 -0.122391 0.0246702 0.210253 0.115415 0.970811 0.439145 0 0 0 1 
1807261650184;0.540083;0.400748;0.999809 0.000839441 0.0195057 -0.00883538 -0.00126841 0.999757 0.02199 -0.111012 -0.0194825 -0.0220106 0.999568 -0.390773 0 0 0 1 
1807261650186;0.453969;0.42296;0.999557 -0.0127135 -0.0269172 -0.00295092 0.0148344 0.996675 0.080121 -0.0306737 0.0258091 -0.0804848 0.996422 0.040642 0 0 0 1 
1807261650187;0.217396;0.0512876;0.998305 0.0284273 -0.0507825 0.019247 -0.0267024 0.999054 0.0343273 0.0925902 0.0517103 -0.0329131 0.99812 -0.417587 0 0 0 1 
1807261650188;0.833964;0.247429;0.982596 -0.0147037 0.185174 -0.188292 -0.0272457 0.974673 0.221969 0.153666 -0.183748 -0.223151 0.957309 1.34091 0 0 0 1 
1807261650189;0.543168;0.0108864;0.875845 0.357436 -0.324245 0.284761 -0.350637 0.932972 0.0813409 0.524564 0.331586 0.0424503 0.94247 -1.07775 0 0 0 1 
1807261650190;0.468639;0.182983;0.949361 -0.136024 0.283214 0.0220229 0.167862 0.981578 -0.091249 -0.590345 -0.265585 0.134169 0.954706 1.07213 0 0 0 1 
1807261650191;0.203867;0.0358842;0.99209 0.0267799 0.122638 -0.0710793 -0.017799 0.997118 -0.0737504 -0.0642468 -0.124259 0.0709842 0.989707 0.506988 0 0 0 1 
1807261650192;0.50492;0.32167;0.994283 0.0946077 0.0494946 0.303626 -0.0857101 0.983646 -0.158409 -0.0620611 -0.063672 0.153262 0.986132 0.0575458 0 0 0 1 
1807261650193;0.791638;0.198532;0.994126 -0.105837 -0.0226122 0.0133867 0.105752 0.99438 -0.00494255 -0.271908 0.0230083 0.00252223 0.999732 -0.994419 0 0 0 1 
1807261650194;0.736741;0.318169;0.983948 0.17386 -0.0402373 0.185405 -0.178282 0.96761 -0.178733 -0.0318676 0.00785939 0.183038 0.983074 -0.687945 0 0 0 1 
1807261650195;0.187863;0.124337;0.974539 0.0235339 -0.22298 0.0912009 -0.00891595 0.997757 0.0663384 0.0227795 0.224041 -0.0626613 0.972563 -0.636406 0 0 0 1 
1807261650196;0.587609;0.081399;0.994187 0.105606 -0.0209576 -0.0909305 -0.107603 0.981229 -0.160035 -0.134526 0.00366348 0.16136 0.986889 0.739974 0 0 0 1 
1807261650197;0.541762;0.209341;0.971767 0.23592 0.00314538 -0.122568 -0.235931 0.971519 0.0220562 0.666174 0.00214771 -0.0221756 0.999752 -0.159688 0 0 0 1 
1807261650198;0.789459;0.413113;0.993958 0.0597308 -0.0920803 0.209393 -0.0711752 0.989412 -0.126486 0.271665 0.0835502 0.132275 0.987685 -0.89965 0 0 0 1 
1807261650199;0.344499;0.166596;0.991209 -0.0535439 -0.120988 0.0720203 0.0409779 0.993726 -0.104063 -0.105045 0.125801 0.0981902 0.987184 -0.541859 0 0 0 1 
1807261650200;0.665434;0.329702;0.995955 0.0898194 0.00240034 0.11408 -0.0898467 0.995822 0.0163376 -0.279843 -0.000922877 -0.0164872 0.999864 -0.0224987 0 0 0 1 
1807261650201;0.637949;0.409094;0.99789 0.0643878 -0.00837043 -0.146115 -0.0645 0.997821 -0.0139065 -0.0272075 0.00745677 0.0144171 0.999868 -0.266654 0 0 0 1 
1807261650202;0.360138;0.0157705;0.997706 0.0668927 0.010379 -0.230427 -0.0664128 0.996941 -0.0412071 0.104222 -0.0131037 0.0404233 0.999097 -0.298389 0 0 0 1 
1807261650203;0.394841;0.148529;0.904464 -0.0959694 -0.415614 0.256218 0.133095 0.98921 0.0612242 -0.444684 0.405254 -0.110691 0.907478 -1.15821 0 0 0 1 
1807261650204;0.612524;0.183629;0.999957 -0.00654757 -0.00654996 -0.107309 0.00664006 0.999877 0.0142 -0.108965 0.00645617 -0.0142429 0.999878 0.743093 0 0 0 1 
1807261650205;0.404722;0.177568;0.883882 0.210008 -0.417911 0.225255 -0.275876 0.955631 -0.103257 0.750056 0.377684 0.206559 0.902601 -0.909454 0 0 0 1 
1807261650206;0.626556;0.127971;0.972865 -0.226628 -0.0466297 -0.473158 0.219366 0.967529 -0.125565 -0.949849 0.0735721 0.111929 0.990989 0.428291 0 0 0 1 
1807261650207;0.542445;0.11859;0.999454 0.0018801 0.0330019 -0.0655156 -0.00151882 0.999939 -0.0109691 -0.105395 -0.0330205 0.0109129 0.999395 0.776722 0 0 0 1 
1807261650208;0.417306;0.0823971;0.952226 -0.0113204 -0.305184 0.0578842 -0.0293651 0.991288 -0.128394 0.121131 0.303979 0.131222 0.943598 -1.04915 0 0 0 1 
1807261650209;0.115948;0.0808634;0.997894 0.00183769 -0.0648459 0.00626107 -0.00695591 0.996867 -0.0787917 0.0283426 0.064498 0.0790768 0.99478 -0.13516 0 0 0 1 
1807261650210;0.290494;0.129918;0.98213 0.181017 0.0515084 0.0570695 -0.164495 0.958614 -0.232382 0.498693 -0.0914417 0.219757 0.97126 0.381532 0 0 0 1 
1807261650211;0.634223;0.594401;0.987812 0.0803837 -0.133286 0.194371 -0.104117 0.977782 -0.18194 0.0742422 0.115699 0.1936 0.974234 -0.311669 0 0 0 1 
1807261650212;0.518398;0.0438754;0.935015 0.231953 -0.268226 0.143232 -0.208458 0.971435 0.113396 0.691233 0.286867 -0.050113 0.956659 -1.19791 0 0 0 1 
1807261650213;0.562773;0.539079;0.998339 -0.0522281 0.0243075 -0.0501413 0.0447627 0.968902 0.243364 -0.176782 -0.0362621 -0.241872 0.96963 -0.143023 0 0 0 1 
1807261650214;0.522212;0.186107;0.96029 -0.27718 -0.0318537 -0.0491027 0.278845 0.94961 0.143132 -1.0525 -0.00942461 -0.14633 0.989191 0.0202594 0 0 0 1 
1807261650215;0.876402;0.350547;0.940598 -0.25533 -0.223789 0.458602 0.252804 0.966675 -0.0403687 -1.0058 0.226638 -0.0186039 0.973801 -0.828799 0 0 0 1 
1807261650217;0.532131;0.41028;0.982546 -0.00561789 0.185933 -0.0688166 -0.0331465 0.97826 0.204718 -0.104488 -0.183041 -0.207308 0.960999 -0.715632 0 0 0 1 
1807261650218;0.499155;0.383703;0.996674 0.00549382 -0.081311 0.000206913 0.00189909 0.995889 0.0905659 0.00655989 0.0814743 -0.090419 0.992566 -0.117114 0 0 0 1 
1807261650219;0.721512;0.606804;0.971239 -0.231977 -0.0536773 -0.605603 0.234278 0.971286 0.0414461 -1.17941 0.0425215 -0.0528295 0.997698 -0.602283 0 0 0 1 
1807261650220;0.121853;0.0543937;0.995736 -0.00311384 0.0921954 -0.0212439 0.000526018 0.999606 0.0280799 -0.00732491 -0.0922465 -0.0279117 0.995345 -0.0606364 0 0 0 1 
1807261650221;0.995809;0.44105;0.999998 0.000197563 0.00220195 -0.00250052 -0.000204695 0.999995 0.00323912 -0.204449 -0.0022013 -0.00323956 0.999992 -0.85035 0 0 0 1 
1807261650222;1.09618;0.323857;0.999972 -0.000752471 0.00739639 0.0885402 0.000523356 0.999521 0.0309299 -0.335542 -0.00741613 -0.0309252 0.999494 -0.956632 0 0 0 1 
1807261650223;0.826304;0.738944;0.999897 -0.00872617 0.0114034 -0.0361992 0.00845684 0.999689 0.0234566 -0.0318187 -0.0116045 -0.0233578 0.99966 -0.343586 0 0 0 1 
1807261650224;0.375842;0.215427;0.997248 -0.000897757 -0.0741361 0.011306 0.0203817 0.964721 0.262484 -0.180637 0.071285 -0.263273 0.962084 -1.0471 0 0 0 1 
1807261650225;0.55112;0.511028;0.999234 -0.00280013 -0.0390429 -0.0305479 -0.00243302 0.991066 -0.133347 -0.279188 0.0390675 0.13334 0.9903 0.549895 0 0 0 1 
1807261650226;0.761509;0.617287;0.999745 -0.00326208 -0.0223264 -0.0220512 0.00281564 0.999796 -0.0199984 -0.0148264 0.0223871 0.0199304 0.999551 0.459074 0 0 0 1 
1807261650227;0.75985;0.740651;0.999736 0.00211623 -0.0228902 0.0105176 -0.00166179 0.999802 0.0198538 -0.00106551 0.0229277 -0.0198106 0.999541 -0.222227 0 0 0 1 
1807261650228;0.464961;0.390741;0.999116 0.000941197 -0.0420327 0.0126034 0.00194937 0.997637 0.0686754 -0.0259968 0.0419981 -0.0686966 0.996753 -0.435928 0 0 0 1 
1807261650229;0.961907;0.380038;0.977345 0.0059019 0.211572 0.0545053 -0.0532001 0.974369 0.218574 0.145217 -0.204859 -0.224878 0.952608 0.275101 0 0 0 1 
1807261650230;1.24871;0.315788;0.96326 -0.0422141 -0.26523 0.0477431 0.0630446 0.995516 0.0705179 -0.373944 0.261064 -0.0846485 0.961603 -1.58474 0 0 0 1 
1807261650231;0.35278;0.29293;0.979474 -0.0139718 -0.201087 0.00949402 -0.0206716 0.985373 -0.169154 0.0033351 0.200509 0.169839 0.964858 0.163746 0 0 0 1 
1807261650232;0.725754;0.7038;0.975868 0.00143087 -0.218356 0.0153108 0.0330718 0.987474 0.154274 -0.0825806 0.215842 -0.157772 0.963597 -0.728904 0 0 0 1 
1807261650233;0.807473;0.80302;0.995488 -0.000139643 0.0948866 -0.00906448 -0.00622482 0.997749 0.0667751 -0.00600932 -0.0946823 -0.0670644 0.993246 -0.151408 0 0 0 1 
1807261650234;0.330571;0.136278;0.999116 -0.00665019 -0.0415196 -0.0347696 0.00526364 0.999428 -0.0334154 -0.0210682 0.0417181 0.0331673 0.998579 0.308553 0 0 0 1 
1807261650235;0.476097;0.105911;0.99626 0.0431908 -0.0748314 0.0965017 -0.0285596 0.982026 0.186574 -0.110262 0.0815447 -0.18374 0.979587 -0.228666 0 0 0 1 
1807261650236;0.451212;0.412489;0.912833 -0.049441 -0.405329 -0.121539 0.0135767 0.995769 -0.0908856 -0.110592 0.408107 0.0774604 0.909642 -0.0706174 0 0 0 1 
1807261650237;0.797582;0.338498;0.947174 0.00817993 0.320615 -0.17458 -0.059667 0.986717 0.151096 -0.259011 -0.315121 -0.162244 0.935081 -0.644942 0 0 0 1 
1807261650238;1.08583;0.52606;0.99771 -0.00458338 -0.0674814 -0.173072 0.00310561 0.999753 -0.0219877 -0.147412 0.0675655 0.0217277 0.997478 0.854539 0 0 0 1 
1807261650239;1.02135;0.776304;0.973289 0.0461279 0.2249 -0.0226593 -0.0115244 0.988189 -0.152808 -0.24381 -0.229292 0.146135 0.962325 0.0531187 0 0 0 1 
1807261650240;0.859825;0.327716;0.9988 -0.048392 0.00750601 -0.221022 0.0483943 0.998828 -0.00012378 -0.0722275 -0.00749123 0.000486879 0.999972 0.714881 0 0 0 1 
1807261650241;0.991567;0.931979;0.996175 -0.0272792 0.0830105 -0.0717629 0.00157185 0.955458 0.295123 -0.166379 -0.0873637 -0.293864 0.951846 -0.594542 0 0 0 1 
1807261650242;0.558163;0.414029;0.980893 0.0062504 -0.194448 0.0882541 0.0140165 0.994616 0.102678 -0.0631132 0.194043 -0.103441 0.975524 -0.81939 0 0 0 1 
1807261650243;0.371812;0.271281;0.99552 0.0574118 0.0751265 0.0955501 -0.0846018 0.895663 0.436611 -0.313023 -0.0422214 -0.441011 0.896508 -1.15232 0 0 0 1 
1807261650244;0.711238;0.239331;0.998831 -0.0163174 -0.0455088 -0.0197054 0.00937458 0.988824 -0.148794 -0.146696 0.0474281 0.148193 0.987821 -0.198099 0 0 0 1 
1807261650245;0.732714;0.513161;0.99117 -0.0302281 -0.129108 -0.0315679 -0.00140559 0.971219 -0.238183 -0.00897089 0.132592 0.236261 0.962601 0.204673 0 0 0 1 
1807261650246;1.2033;0.693177;0.9859 -0.10606 0.129433 -0.356676 0.0943154 0.99112 0.0937338 -0.32396 -0.138225 -0.0802046 0.987148 0.910818 0 0 0 1 
1807261650248;0.419559;0.332873;0.999877 -0.0120159 -0.0101039 -0.251038 0.0118122 0.99973 -0.0199868 -0.506796 0.0103413 0.019865 0.999749 0.0868796 0 0 0 1 
1807261650249;0.496114;0.400535;0.995187 0.0769791 -0.0606387 -0.288533 -0.0837562 0.989408 -0.118561 -0.584905 0.0508697 0.12307 0.991093 0.705457 0 0 0 1 
1807261650250;0.34812;0.367933;0.994325 0.039263 -0.0988755 -0.00743284 -0.0531262 0.988478 -0.141735 -0.21284 0.0921713 0.146184 0.984954 0.799805 0 0 0 1 
1807261650251;0.451728;0.423566;0.958312 0.264742 -0.107474 0.493387 -0.275368 0.956104 -0.10019 -0.194638 0.0762314 0.125608 0.989147 0.700804 0 0 0 1 
1807261650252;0.33029;0.465926;0.886286 -0.274927 -0.372709 -1.56961 0.187889 0.948987 -0.253222 -0.306883 0.423314 0.1544 0.89273 0.806326 0 0 0 1 
1807261650253;0.249687;0.255778;0.999953 -0.00809344 -0.0053519 -0.351832 0.00803174 0.999902 -0.0114515 -0.0132484 0.00544406 0.011408 0.99992 -0.269376 0 0 0 1 
1807261650254;0.24129;0.413526;0.994971 0.096974 0.02506 -0.236498 -0.0907729 0.978798 -0.183618 -0.0774907 -0.0423349 0.18042 0.982678 0.793733 0 0 0 1 
1807261650255;0.565737;0.368866;0.962737 0.0777663 0.259017 -0.232939 0.0282147 0.923655 -0.382185 -0.586544 -0.268964 0.375252 0.887043 2.07733 0 0 0 1 
1807261650256;0.73595;0.392431;0.907843 0.180207 0.37861 0.0917556 -0.230104 0.968943 0.0905613 0.0730054 -0.350532 -0.169335 0.921115 -1.36076 0 0 0 1 
1807261650257;0.0754684;0.349196;0.99909 0.0142912 -0.0401837 -0.352547 -0.0143574 0.999896 -0.0013601 -0.0177197 0.0401601 0.00193579 0.999191 -0.0394102 0 0 0 1 
1807261650258;0.796962;0.95998;0.961911 -0.26831 -0.0523201 -1.95378 0.270761 0.961487 0.0472337 0.0620918 0.0376318 -0.0596009 0.997513 -0.0449992 0 0 0 1 
1807261650259;0.200045;0.376389;0.998616 -0.0522102 -0.00638287 -0.59897 0.052326 0.998438 0.0195669 0.112893 0.0053513 -0.0198738 0.999788 -0.0175757 0 0 0 1 
