#;prob_registration_l1 -r /home/probabilistic_point_clouds_registration/build/tester /home/point_clouds_registration_benchmark//devel/registration_pairs/pioneer_slam3_local.txt /home/point_clouds_registration_benchmark//tum/pioneer_slam3 -s 0.1 -t 0.1 -p 0.3 -r 1000 -m 1 -i 40 
id;initial_error;final_error;transformation
39885980090000;0.518509;0.184934;0.994728 0.00432631 -0.102459 0.0370776 0.00870211 0.991945 0.126369 -0.0517708 0.102181 -0.126594 0.986678 -0.419732 0 0 0 1 
39885980090001;1.1366;1.0756;0.998393 0.00296156 -0.0565838 -0.0173378 -0.000778795 0.999256 0.038559 0.0145295 0.0566559 -0.038453 0.997653 0.261421 0 0 0 1 
39885980090002;0.639436;0.625955;0.999788 0.000636998 0.0205878 -0.000736097 0.00347725 0.979956 -0.199183 0.0160254 -0.020302 0.199213 0.979746 -0.111454 0 0 0 1 
39885980090003;0.346141;0.179939;0.956239 -0.0668475 -0.284848 0.115895 -0.021133 0.955228 -0.295115 0.021532 0.291822 0.28822 0.912014 -0.82765 0 0 0 1 
39885980090004;1.0895;0.969049;0.969756 -0.0334088 -0.24178 0.161608 -0.0200935 0.976298 -0.215496 0.138422 0.243249 0.213837 0.946099 -1.09678 0 0 0 1 
39885980090005;0.90722;0.786197;0.999851 0.000330563 -0.0172466 0.0077071 -0.00153576 0.997552 -0.0699142 0.0349884 0.0171813 0.0699302 0.997404 -0.44583 0 0 0 1 
39885980090006;0.367469;0.154274;0.978815 -0.0255703 -0.203146 0.103357 -0.0207822 0.97464 -0.222814 0.0979571 0.203692 0.222315 0.95346 -0.980573 0 0 0 1 
39885980090007;0.500039;0.387668;0.999948 -0.0069775 -0.00750019 0.00826266 0.00411494 0.944085 -0.329677 0.0403468 0.00938113 0.329628 0.944064 -0.36102 0 0 0 1 
39885980090008;1.30544;1.00578;0.985725 -0.00453041 -0.168303 0.124717 -0.00713591 0.997615 -0.068648 0.0537422 0.168213 0.068869 0.983342 -1.06336 0 0 0 1 
39885980090009;1.07285;1.06399;0.999631 -0.000660718 -0.0271476 5.1882e-05 0.000512455 0.999985 -0.00546797 -0.00380499 0.0271508 0.00545204 0.999616 -0.0119737 0 0 0 1 
39885980090010;0.993349;0.878047;0.999983 -0.00114518 -0.00576672 -0.000680389 0.000799474 0.998222 -0.0595981 -0.0206382 0.00582472 0.0595925 0.998206 0.307139 0 0 0 1 
39885980090011;1.19076;0.815244;0.997587 0.00452118 0.069276 -0.145596 0.0130391 0.967916 -0.250935 0.155928 -0.0681878 0.251233 0.965522 -0.568923 0 0 0 1 
39885980090012;1.08018;0.634073;0.996914 -0.00686688 -0.0781988 0.0650121 -0.00341428 0.991431 -0.130587 -0.0132785 0.0784255 0.130451 0.988348 -0.982733 0 0 0 1 
39885980090013;0.734434;0.341161;0.999715 -0.00855571 -0.0223079 0.000470003 0.00320361 0.973255 -0.229703 -0.091873 0.0236766 0.229566 0.973005 0.167154 0 0 0 1 
39885980090014;1.32795;1.02406;0.923762 -0.000392172 -0.382967 0.295924 0.0733571 0.981664 0.175941 -0.252945 0.375876 -0.190621 0.906852 -1.15211 0 0 0 1 
39885980090015;0.724355;0.0848845;0.999727 0.000213235 0.0233717 -0.0138604 -0.000272623 0.999997 0.00253789 0.00063831 -0.0233711 -0.00254357 0.999724 -0.488069 0 0 0 1 
39885980090016;0.348273;0.048192;0.98079 0.0149634 -0.194491 0.0431821 0.0272599 0.976756 0.212615 -0.0572493 0.193152 -0.213833 0.957584 -0.380113 0 0 0 1 
39885980090017;0.847163;0.57993;0.997084 -0.010059 -0.0756403 0.0579103 -0.00579126 0.978439 -0.206457 0.141074 0.0760861 0.206293 0.975528 -0.876611 0 0 0 1 
39885980090018;0.98085;0.740365;0.988749 -0.0128191 -0.149034 -0.0460565 -0.0129302 0.985267 -0.170532 -0.0501472 0.149024 0.17054 0.974016 -0.000482022 0 0 0 1 
39885980090019;1.01873;0.634638;0.99883 0.0110172 0.0470802 0.00572643 -0.0134909 0.998527 0.0525517 0.0749954 -0.0464319 -0.0531254 0.997508 0.813127 0 0 0 1 
39885980090020;0.349842;0.273675;0.979831 0.0340474 0.196908 -0.0167657 -0.00344529 0.98811 -0.15371 0.0337279 -0.1998 0.149931 0.968298 0.361264 0 0 0 1 
39885980090021;0.142777;0.0770766;0.977807 -0.00723579 -0.209384 0.0239571 -0.0125749 0.995575 -0.0931283 0.0217047 0.209132 0.0936944 0.973389 -0.547543 0 0 0 1 
39885980090022;0.343863;0.197357;0.990697 -0.000469674 0.136083 0.0274977 0.00514574 0.999408 -0.034012 -0.019322 -0.135987 0.0343958 0.990113 0.474479 0 0 0 1 
39885980090023;0.973502;0.887539;0.948825 0.00388233 -0.315779 0.158114 0.0586891 0.980338 0.188396 -0.130227 0.310302 -0.197288 0.929941 -0.558294 0 0 0 1 
39885980090024;1.13358;0.233449;0.999364 0.00221133 0.0355975 -0.0359695 -0.000685114 0.999082 -0.0428294 -0.255136 -0.0356595 0.0427778 0.998448 -0.815948 0 0 0 1 
39885980090025;0.64818;0.523905;0.999627 -0.00368728 -0.0270772 0.000110988 0.00178858 0.997558 -0.0698136 -0.0210731 0.0272685 0.0697391 0.997192 0.0912336 0 0 0 1 
39885980090026;1.25567;0.412939;0.992822 -0.00274613 0.119573 0.120965 -0.0141239 0.990049 0.14001 0.170595 -0.118768 -0.140693 0.982904 1.39375 0 0 0 1 
39885980090027;0.709211;0.459456;0.999173 0.000574022 0.0406537 0.0156512 -0.000274145 0.999973 -0.00738157 -0.000342415 -0.0406568 0.00736432 0.999146 0.524418 0 0 0 1 
39885980090028;1.02062;0.728269;0.999945 0.00035368 0.0104852 0.0044055 -0.000393658 0.999993 0.00381105 0.00552088 -0.0104837 -0.00381496 0.999938 0.581092 0 0 0 1 
39885980090029;0.737875;0.424544;0.993332 0.00534166 -0.115164 -0.0498146 0.0150811 0.984322 0.175735 -0.0388767 0.114298 -0.1763 0.977678 0.427587 0 0 0 1 
39885980090031;0.500388;0.165993;0.965453 0.0452923 -0.256611 0.337677 -0.00778189 0.989351 0.145345 0.146596 0.260461 -0.138326 0.955524 -1.55603 0 0 0 1 
39885980090032;0.490152;0.602091;0.954913 -0.284303 -0.0855125 0.0892072 0.288834 0.956268 0.046101 -0.353175 0.0686662 -0.0687214 0.99527 -0.334545 0 0 0 1 
39885980090033;0.259006;0.328542;0.960265 -0.184842 -0.209105 0.140306 0.201691 0.977475 0.062162 -0.170943 0.192904 -0.101866 0.975916 -0.773442 0 0 0 1 
39885980090034;0.13399;0.188805;0.993781 -0.102235 -0.044127 -0.0443864 0.10078 0.994327 -0.0340205 -0.155698 0.0473547 0.0293618 0.998447 -0.201844 0 0 0 1 
39885980090035;0.310003;0.220511;0.994145 0.0498698 -0.0958546 0.470823 -0.0715439 0.968608 -0.238077 0.330865 0.0809726 0.243541 0.966505 0.207844 0 0 0 1 
39885980090036;0.791909;0.256324;0.907189 0.0975418 -0.409259 1.53684 0.00757865 0.968807 0.247702 -0.161397 0.420654 -0.227814 0.878152 -1.98623 0 0 0 1 
39885980090037;0.326129;0.298498;0.999798 0.00246401 0.0199493 0.00789012 -0.00221217 0.999918 -0.0126364 0.0214393 -0.0199788 0.0125897 0.999721 0.289056 0 0 0 1 
39885980090038;0.582863;0.572356;0.999992 0.000953944 -0.003807 0.0017814 -0.00101552 0.999868 -0.0162064 -0.000966913 0.00379104 0.0162102 0.999861 -0.119898 0 0 0 1 
39885980090039;0.172583;0.185599;0.997213 -0.0740769 -0.00888903 -0.0868867 0.0739888 0.99721 -0.00985505 -0.0707813 0.00959427 0.00916989 0.999912 0.115298 0 0 0 1 
39885980090040;0.259945;0.159179;0.99544 -0.052364 0.0797269 0.112933 0.0342771 0.976383 0.213309 0.188702 -0.0890137 -0.209604 0.973726 -0.147581 0 0 0 1 
39885980090041;0.477445;0.489288;0.990936 -0.104817 0.0840237 0.0234626 0.10123 0.993805 0.0458758 -0.213439 -0.0883117 -0.0369543 0.995407 -0.0850722 0 0 0 1 
39885980090042;0.418217;0.255773;0.998186 0.0594605 0.00946764 0.311782 -0.059497 0.998222 0.00362602 0.477253 -0.0092352 -0.00418274 0.999949 0.271674 0 0 0 1 
39885980090043;0.341309;0.394798;0.99205 -0.0876389 -0.0903153 0.184591 0.109576 0.954479 0.277422 -0.183338 0.0618912 -0.285113 0.956494 -0.713532 0 0 0 1 
39885980090044;0.352045;0.317754;0.928313 -0.119892 0.351938 0.0976678 0.0430539 0.974878 0.218539 0.0345271 -0.369297 -0.18772 0.910154 0.500513 0 0 0 1 
39885980090045;0.207777;0.335041;0.972674 -0.126064 0.19497 0.0579058 0.122566 0.992008 0.0299533 -0.0453778 -0.197188 -0.00523805 0.980352 0.554685 0 0 0 1 
39885980090046;0.379302;0.347215;0.952259 0.00403299 0.305265 0.379983 0.0604625 0.977615 -0.201525 -0.0108847 -0.299244 0.210361 0.930699 0.963042 0 0 0 1 
39885980090047;0.227046;0.153094;0.96896 0.03815 0.244258 0.222921 -0.0612952 0.994245 0.0878667 0.228004 -0.2395 -0.100111 0.965721 0.223123 0 0 0 1 
39885980090048;0.266999;0.152264;0.988875 0.0125743 0.148218 0.304733 0.0130964 0.985191 -0.170957 0.130198 -0.148172 0.170996 0.974066 0.964403 0 0 0 1 
39885980090049;0.523967;0.247923;0.942445 0.00909666 0.334236 0.648915 -0.0957989 0.965068 0.243858 0.400776 -0.320342 -0.261843 0.910395 1.0256 0 0 0 1 
39885980090050;0.207409;0.329505;0.999514 -0.0299659 -0.00862163 0.174571 0.0301929 0.999165 0.0275201 0.0114989 0.00778976 -0.0277671 0.999584 -0.0390104 0 0 0 1 
39885980090051;0.499446;0.182038;0.988824 0.101855 0.108867 0.677141 -0.0872624 0.987494 -0.131302 0.60975 -0.12088 0.120335 0.985346 -0.0438176 0 0 0 1 
39885980090052;0.316512;0.230055;0.991904 0.0395929 0.12066 0.139058 -0.0228219 0.990262 -0.13733 0.318236 -0.124923 0.133465 0.983149 0.278446 0 0 0 1 
39885980090053;0.450592;0.336635;0.998286 -0.0306885 0.049838 0.207941 0.0327492 0.998619 -0.0410728 0.378933 -0.0485087 0.0426345 0.997912 -0.40959 0 0 0 1 
39885980090054;0.48513;0.430735;0.977683 -0.208518 -0.0255986 0.00302921 0.202127 0.90043 0.385189 -0.409332 -0.0572692 -0.381767 0.922483 -0.630383 0 0 0 1 
39885980090055;0.127893;0.180118;0.98739 -0.156672 -0.0226827 0.0221485 0.155747 0.987064 -0.0380445 -0.263118 0.0283498 0.034032 0.999019 0.062469 0 0 0 1 
39885980090056;0.526201;0.372491;0.957537 -0.28813 0.0102271 0.0676593 0.281752 0.942686 0.178772 -0.280452 -0.0611506 -0.1683 0.983837 0.424944 0 0 0 1 
39885980090057;0.593626;0.297735;0.977796 0.0767201 -0.195011 0.930667 0.0030082 0.925341 0.379125 0.127021 0.209538 -0.371293 0.904563 -0.795343 0 0 0 1 
39885980090058;0.12749;0.129833;0.986908 0.00118292 -0.161283 0.139582 -0.00427012 0.999814 -0.0187963 0.126675 0.16123 0.0192389 0.986729 -0.375509 0 0 0 1 
39885980090059;0.597495;0.306652;0.937309 -0.0935952 -0.335696 0.134338 0.024794 0.97873 -0.203651 0.0905448 0.347616 0.18256 0.919693 0.203751 0 0 0 1 
39885980090060;0.466612;0.191555;0.974318 -0.224885 0.0114257 -0.177623 0.222449 0.953411 -0.203774 -0.237342 0.0349322 0.201082 0.978951 0.739803 0 0 0 1 
39885980090062;0.722072;0.672238;0.98884 0.00337795 -0.148941 -0.000978018 0.00132344 0.999504 0.0314551 0.00415591 0.148973 -0.0313012 0.988346 -0.272374 0 0 0 1 
39885980090063;0.21414;0.0480952;0.998193 0.0230273 0.0555015 -0.0301652 0.00055565 0.92008 -0.391731 0.146846 -0.0600863 0.391054 0.918404 -0.328086 0 0 0 1 
39885980090064;0.937509;0.689957;0.99953 -0.000819003 0.03064 -0.014831 0.0066161 0.981842 -0.189584 0.0126206 -0.0299284 0.189698 0.981386 -0.677379 0 0 0 1 
39885980090065;0.614008;0.43045;0.942188 0.0887255 0.323125 -0.0712576 0.00492335 0.960538 -0.278106 0.0824523 -0.335048 0.263619 0.90457 0.472244 0 0 0 1 
39885980090066;0.857809;0.383508;0.998972 0.000273287 0.045336 0.0256404 0.00395399 0.995646 -0.0931273 -0.0600084 -0.0451641 0.0932108 0.994622 0.602688 0 0 0 1 
39885980090067;0.711929;0.683092;0.993757 -0.00585877 -0.11141 0.0353137 -0.0088549 0.991328 -0.131115 0.0474999 0.111212 0.131283 0.985087 -0.578027 0 0 0 1 
39885980090068;0.589386;0.168033;0.999998 -0.000831337 0.00188398 0.00247864 0.000822054 0.999988 0.00492282 -0.00104911 -0.00188804 -0.00492126 0.999986 0.490255 0 0 0 1 
39885980090069;0.410197;0.244896;0.998948 6.82738e-05 -0.0458554 0.0128942 0.000790309 0.999825 0.0187053 -0.00644035 0.0458487 -0.0187219 0.998773 -0.360944 0 0 0 1 
39885980090070;0.483885;0.315461;0.935622 0.0760417 0.344715 0.0539932 -0.0877358 0.995973 0.0184269 0.239352 -0.341926 -0.0474845 0.938526 1.12298 0 0 0 1 
39885980090071;0.64931;0.618161;0.977112 -0.0557958 -0.205278 0.0783439 -0.0173416 0.940885 -0.338283 0.0982272 0.212018 0.3341 0.918382 -0.817287 0 0 0 1 
39885980090072;0.398606;0.393805;0.999217 -0.00169202 0.0395364 0.0057636 -0.00689551 0.976356 0.216057 0.0472563 -0.0389672 -0.216161 0.97558 0.378892 0 0 0 1 
39885980090073;0.928997;0.811804;0.956976 0.0611191 -0.283658 0.013993 -0.0549412 0.998048 0.0296921 0.200565 0.284919 -0.0128301 0.958466 -0.434309 0 0 0 1 
39885980090074;0.42064;0.228391;0.912847 0.00048644 0.408301 0.179454 0.032256 0.996788 -0.073303 -0.0842196 -0.407025 0.0800846 0.909899 1.0476 0 0 0 1 
39885980090075;0.428471;0.215438;0.946882 0.0513344 0.317457 0.0551583 -0.108736 0.98014 0.165835 0.34985 -0.302639 -0.191545 0.93366 1.18118 0 0 0 1 
39885980090076;0.878954;0.68391;0.993957 0.000555856 0.109769 0.0451802 -0.000620212 1 0.000552148 0.000527604 -0.109769 -0.000616892 0.993957 0.687281 0 0 0 1 
39885980090077;0.395145;0.390615;0.999945 0.00294663 0.0100826 -0.00587983 -0.000842742 0.97926 -0.202608 0.0206484 -0.0104705 0.202588 0.979208 -0.20649 0 0 0 1 
39885980090078;1.1758;0.301947;0.99972 0.00138974 0.0236145 -0.0242753 -0.000175383 0.998681 -0.0513487 -0.142119 -0.0236547 0.0513302 0.998402 -0.963868 0 0 0 1 
39885980090079;1.02505;0.866999;0.965252 -0.033021 -0.259227 0.00243514 -0.0355747 0.966145 -0.255535 0.00723252 0.258889 0.255878 0.931399 -0.485985 0 0 0 1 
39885980090080;0.475546;0.120215;0.999986 -0.000991566 -0.005137 0.00412803 0.000900333 0.999842 -0.0177319 0.00389565 0.00515377 0.017727 0.99983 -0.418205 0 0 0 1 
39885980090081;0.321616;0.0662672;0.94524 -0.00117596 0.326373 0.177323 0.00873761 0.999726 -0.0217037 -0.0249009 -0.326258 0.023367 0.944992 0.954672 0 0 0 1 
39885980090082;1.0641;0.517125;0.969807 0.0727255 0.232778 -0.268318 -0.0792946 0.996671 0.0189755 0.10783 -0.230623 -0.0368606 0.972345 -0.0078953 0 0 0 1 
39885980090083;0.893927;0.217031;0.945674 0.0200598 0.324497 -0.143978 -0.128541 0.939841 0.316505 0.0371206 -0.298627 -0.341022 0.891362 0.784121 0 0 0 1 
39885980090084;0.543877;0.524317;0.995883 -0.00829651 -0.0902693 0.00906374 -0.00596531 0.987647 -0.156584 -0.00271433 0.0904533 0.156478 0.983531 -0.351776 0 0 0 1 
39885980090085;0.738131;0.589002;0.879832 0.0791729 0.468645 0.110987 -0.0998169 0.994818 0.0193311 0.127097 -0.464686 -0.0637868 0.883175 0.980049 0 0 0 1 
39885980090086;0.60161;0.0668857;0.999979 5.00741e-05 0.00642577 0.00282162 -0.000338727 0.99899 0.0449279 0.0222039 -0.00641703 -0.0449291 0.99897 0.58525 0 0 0 1 
39885980090087;0.217577;0.19236;0.999651 -0.000338817 -0.0263996 0.00524983 0.000978232 0.999706 0.0242115 -0.00665408 0.0263836 -0.0242289 0.999358 -0.106043 0 0 0 1 
39885980090088;0.201974;0.130657;0.999237 -0.00276456 0.0389695 -0.000261139 0.0115506 0.973805 -0.227091 0.0269937 -0.0373209 0.227368 0.973093 -0.243361 0 0 0 1 
39885980090089;0.645809;0.244686;0.914485 0.00144232 -0.404618 0.30492 0.0335804 0.996273 0.0794471 -0.118933 0.403225 -0.0862404 0.911028 -1.31623 0 0 0 1 
39885980090090;0.450371;0.294186;0.962841 0.0429876 0.266626 0.0259231 -0.0587307 0.996952 0.051352 0.173134 -0.263606 -0.065103 0.962431 0.945594 0 0 0 1 
39885980090091;0.498519;0.269546;0.996764 0.00318609 -0.080321 -0.0277048 0.00501456 0.994803 0.10169 0.0316518 0.0802276 -0.101764 0.991568 0.298986 0 0 0 1 
39885980090093;0.227552;0.0990008;0.98307 -0.0296878 0.18081 0.0422092 0.0233537 0.99904 0.0370604 0.0422498 -0.181737 -0.0322103 0.982819 0.384654 0 0 0 1 
39885980090094;0.336698;0.316814;0.984573 -0.107048 0.138409 0.428121 0.110645 0.993687 -0.0185433 0.0469623 -0.13555 0.0335716 0.990202 -0.0744796 0 0 0 1 
39885980090095;0.148785;0.115947;0.987763 -0.00283297 -0.155939 -0.0108189 -0.00246542 0.999426 -0.0337734 0.0976886 0.155946 0.0337445 0.987189 -0.0815277 0 0 0 1 
39885980090096;0.662123;0.358403;0.97354 0.0960264 -0.207363 -0.0850672 -0.0338886 0.958059 0.284559 0.0697985 0.225992 -0.270003 0.935963 0.195887 0 0 0 1 
39885980090097;0.657715;0.456725;0.979797 0.0304232 0.197666 -0.193326 -0.0224015 0.998837 -0.0426931 -0.299908 -0.198734 0.0374026 0.979339 -0.173688 0 0 0 1 
39885980090098;0.630821;0.228859;0.999714 0.0238301 -0.0019556 -0.285542 -0.023428 0.959927 -0.27927 -0.11925 -0.0047778 0.279236 0.960211 -0.149201 0 0 0 1 
39885980090099;0.628543;0.382522;0.959698 0.00581725 0.280973 0.0423522 0.00193442 0.999625 -0.0273035 0.612258 -0.281027 0.0267466 0.959327 0.594817 0 0 0 1 
39885980090100;0.425699;0.296224;0.977239 0.11879 0.175761 -0.621361 -0.0943948 0.98547 -0.141201 0.158343 -0.189981 0.121396 0.974254 -0.527925 0 0 0 1 
39885980090101;0.696606;0.573168;0.999585 0.0226393 -0.0177925 -0.101867 -0.0184441 0.977928 0.208125 0.0536902 0.0221116 -0.207711 0.97794 1.14998 0 0 0 1 
39885980090102;0.122477;0.103623;0.999977 0.00235289 0.0063645 -0.0106712 -0.00248668 0.999774 0.021096 0.00890361 -0.00631342 -0.0211114 0.999757 0.149784 0 0 0 1 
39885980090103;0.717527;0.508237;0.969218 0.130176 0.208975 -0.663638 -0.119967 0.990911 -0.060863 0.184269 -0.214998 0.0339196 0.976025 0.213286 0 0 0 1 
39885980090104;0.685443;0.644281;0.999978 -0.00523015 -0.00402027 0.0371875 0.00534096 0.999592 0.0280647 -0.0342947 0.00387184 -0.0280856 0.999598 -0.133864 0 0 0 1 
39885980090105;0.47354;0.467519;0.999816 -0.0038234 0.0187773 0.0127982 0.00318034 0.999411 0.034158 -0.00596564 -0.0188968 -0.034092 0.99924 0.176661 0 0 0 1 
39885980090106;0.459683;0.149579;0.954671 0.15117 -0.256419 -0.49055 -0.121288 0.984241 0.128684 0.242212 0.271831 -0.0917502 0.957961 -0.407138 0 0 0 1 
39885980090107;0.891834;0.891846;0.98106 -0.16668 0.0986829 0.627999 0.165293 0.985996 0.0221279 -0.00691037 -0.100989 -0.00539726 0.994873 0.197148 0 0 0 1 
39885980090108;0.424446;0.258836;0.908912 -0.20224 0.364662 0.576348 0.199255 0.978857 0.0462294 0.172531 -0.366301 0.0306424 0.929992 0.152058 0 0 0 1 
39885980090109;0.495711;0.44789;0.999784 0.00865601 -0.0188866 -0.0493149 -0.00813267 0.999586 0.0276127 0.00404703 0.0191178 -0.0274531 0.99944 0.30236 0 0 0 1 
39885980090110;0.968235;0.650891;0.989659 -0.0460621 0.135843 0.293051 0.0101401 0.967134 0.254065 -0.152479 -0.143082 -0.25006 0.9576 1.9593 0 0 0 1 
39885980090111;0.425117;0.0908509;0.999305 0.0337945 0.0157492 -0.257379 -0.034382 0.998661 0.0386624 0.148087 -0.0144215 -0.039177 0.999128 0.686053 0 0 0 1 
39885980090112;0.465914;0.233825;0.989983 0.139993 0.0183396 -0.552415 -0.130038 0.954663 -0.267785 0.498137 -0.0549961 0.262717 0.963304 -0.933152 0 0 0 1 
39885980090113;0.34947;0.0264262;0.996613 0.080346 0.017518 -0.414346 -0.081219 0.928363 0.362692 0.409012 0.0128778 -0.362887 0.931744 1.5256 0 0 0 1 
39885980090114;0.0961654;0.0405527;0.998477 0.00915195 -0.0544102 -0.029652 -0.00842482 0.999872 0.0135783 0.00961574 0.0545275 -0.0130992 0.998426 -0.0974005 0 0 0 1 
39885980090115;0.726185;0.46353;0.988184 -0.029633 -0.15038 -0.13317 0.027085 0.999453 -0.0189643 0.480635 0.15086 0.0146671 0.988446 0.773668 0 0 0 1 
39885980090116;0.788969;0.679455;0.997907 -0.0505375 -0.0403351 0.155896 0.0484298 0.997491 -0.0516262 0.527617 0.042843 0.0495648 0.997852 0.588659 0 0 0 1 
39885980090117;0.478045;0.190966;0.996542 0.0368469 0.0744787 -0.258927 -0.0392882 0.998729 0.031584 0.134763 -0.0732202 -0.0344009 0.996722 0.768126 0 0 0 1 
39885980090118;0.326438;0.31278;0.994925 -0.0971896 0.0260536 0.366736 0.0963079 0.994798 0.0331955 0.146224 -0.0291444 -0.0305179 0.999109 0.343282 0 0 0 1 
39885980090119;0.735474;0.379957;0.984167 -0.0693975 0.163094 0.274968 0.0746807 0.996856 -0.0264814 0.0799838 -0.160744 0.0382421 0.986255 0.834315 0 0 0 1 
39885980090120;0.723848;0.270673;0.990805 -0.0612246 0.120655 0.155346 0.0690215 0.995716 -0.0615356 0.269719 -0.11637 0.0692975 0.990785 0.595159 0 0 0 1 
39885980090121;0.394688;0.297087;0.999061 0.0384043 -0.0200317 -0.142549 -0.0407614 0.990022 -0.134889 -0.00516846 0.0146515 0.135579 0.990658 -0.198768 0 0 0 1 
39885980090122;0.722168;0.319282;0.994588 0.0963089 0.0389889 -0.560671 -0.0958225 0.995298 -0.0141619 -0.0357673 -0.0401695 0.0103493 0.999139 0.915002 0 0 0 1 
39885980090124;0.340489;0.224216;0.993674 0.106128 -0.0367139 0.428458 -0.107927 0.992846 -0.0510701 -0.615225 0.0310312 0.0547094 0.99802 0.268344 0 0 0 1 
39885980090125;0.370091;0.168267;0.978923 0.0278197 0.202328 -0.0417653 -0.0461478 0.995188 0.0864401 -0.222273 -0.19895 -0.0939551 0.975495 -0.779363 0 0 0 1 
39885980090126;0.34208;0.144596;0.949787 0.240716 0.199904 0.83678 -0.247126 0.968955 0.00737272 -0.510241 -0.191923 -0.0564038 0.979788 -0.400173 0 0 0 1 
39885980090127;0.0863411;0.0787624;0.999976 -0.00361103 -0.00585217 -0.0107384 0.00358502 0.999984 -0.00444841 0.0221042 0.00586814 0.00442732 0.999973 0.0462821 0 0 0 1 
39885980090128;0.358883;0.115989;0.992179 0.124739 0.00453644 0.574156 -0.124795 0.992067 0.0151758 0.115084 -0.00260743 -0.0156232 0.999875 0.422784 0 0 0 1 
39885980090129;0.382249;0.372391;0.99988 0.0125692 0.00909237 0.0417647 -0.0124971 0.99989 -0.00794784 -0.0182131 -0.00919127 0.00783325 0.999927 -0.00161821 0 0 0 1 
39885980090130;0.323168;0.156183;0.99175 0.126753 -0.0191259 0.491396 -0.128142 0.9843 -0.121381 0.0301878 0.00344026 0.12283 0.992422 0.242472 0 0 0 1 
39885980090131;0.505537;0.366238;0.999538 -0.00128884 -0.0303652 -0.110528 -0.000943833 0.997302 -0.0733985 -0.0831489 0.0303779 0.0733933 0.99684 -0.169911 0 0 0 1 
39885980090132;0.44134;0.376198;0.999548 -0.00206008 -0.0300009 -0.0153799 -0.0010251 0.994737 -0.102459 0.0614122 0.0300541 0.102444 0.994285 0.787369 0 0 0 1 
39885980090133;0.275576;0.258825;0.999981 -0.00281199 -0.00540201 -0.0151899 0.00274328 0.999916 -0.0126838 -0.0102248 0.00543722 0.0126688 0.999905 -0.102623 0 0 0 1 
39885980090134;0.264805;0.171851;0.99633 0.0160397 0.0840793 0.0562415 0.00623208 0.966085 -0.258148 -0.0972226 -0.0853684 0.257724 0.96244 0.979448 0 0 0 1 
39885980090135;0.321182;0.250402;0.997163 0.0536945 0.0527497 0.190069 -0.0466208 0.990778 -0.127218 -0.049723 -0.0590942 0.124398 0.990471 0.684716 0 0 0 1 
39885980090136;0.536598;0.135419;0.993461 0.0355163 -0.10851 -0.0360462 -0.0495683 0.990316 -0.129681 0.109716 0.102854 0.134212 0.9856 1.4892 0 0 0 1 
39885980090137;0.239766;0.246608;0.99995 0.00153328 -0.00990686 -0.108371 -0.00192159 0.999225 -0.0393063 0.208078 0.00983891 0.0393233 0.999178 0.219724 0 0 0 1 
39885980090138;0.366462;0.223408;0.9828 -0.131132 -0.130037 -0.462086 0.123174 0.990087 -0.0674913 0.172806 0.137598 0.0503133 0.989209 0.12961 0 0 0 1 
39885980090139;0.522118;0.365751;0.993049 0.110479 0.0406002 0.396507 -0.113014 0.991358 0.0666076 -0.606005 -0.0328906 -0.070733 0.996953 0.165557 0 0 0 1 
39885980090140;0.328612;0.153701;0.995909 -0.0131059 -0.0894118 -0.0597696 0.00562779 0.996502 -0.0833818 0.0236886 0.0901919 0.0825375 0.992498 0.729572 0 0 0 1 
39885980090141;0.0802768;0.0747512;0.999994 -0.00247844 -0.00234853 -0.013164 0.00249471 0.999973 0.00694981 -0.00214979 0.00233124 -0.00695563 0.999973 -0.0151055 0 0 0 1 
39885980090142;0.374391;0.159628;0.968123 0.136286 -0.210154 0.586417 -0.0776272 0.960959 0.265578 -0.352992 0.238144 -0.240798 0.940906 -0.699395 0 0 0 1 
39885980090143;0.228673;0.148977;0.998124 0.0414104 -0.0450982 0.14075 -0.0418008 0.999096 -0.00774696 -0.0119176 0.0447367 0.00961757 0.998953 -0.145652 0 0 0 1 
39885980090144;0.446317;0.264155;0.990048 0.140449 0.0088714 0.585716 -0.140613 0.989822 0.0219064 -0.276329 -0.00570437 -0.0229359 0.999721 0.244515 0 0 0 1 
39885980090145;0.0431272;0.0288167;0.999973 0.000929865 0.00734308 0.000433808 -0.00106985 0.999817 0.0190826 -0.00515713 -0.00732399 -0.01909 0.999791 -0.0960446 0 0 0 1 
39885980090146;0.329175;0.277652;0.995812 -0.0885018 0.0229235 -0.308415 0.0876533 0.995511 0.0357003 0.358413 -0.0259802 -0.0335415 0.9991 -0.205072 0 0 0 1 
39885980090147;0.155218;0.0961502;0.999488 0.0310859 -0.00759024 0.059594 -0.031237 0.999298 -0.0206721 -0.0106588 0.0069423 0.0208986 0.999757 0.237449 0 0 0 1 
39885980090148;0.427209;0.15152;0.992621 0.121245 -0.00182219 0.372377 -0.120392 0.983621 -0.134147 -0.403422 -0.0144723 0.133376 0.99096 0.984407 0 0 0 1 
39885980090149;0.211483;0.175569;0.999507 -0.0272715 -0.0155284 -0.122721 0.0278488 0.998879 0.0382672 0.0245913 0.0144674 -0.0386808 0.999147 -0.0512399 0 0 0 1 
39885980090150;0.560906;0.252485;0.983015 0.0985032 -0.154849 0.339645 -0.114564 0.988525 -0.098454 0.532101 0.143374 0.114522 0.98302 0.203227 0 0 0 1 
39885980090151;0.283425;0.116536;0.968785 0.187279 0.162427 0.529216 -0.138994 0.952875 -0.269648 -0.311095 -0.205272 0.238654 0.949161 0.637569 0 0 0 1 
39885980090152;0.461176;0.254929;0.975795 -0.173437 0.133208 -0.751486 0.17003 0.984758 0.0366339 0.193779 -0.137532 -0.0130978 0.990411 -0.369152 0 0 0 1 
39885980090153;0.364593;0.223309;0.995175 0.0963047 -0.0187747 0.181984 -0.0959981 0.995243 0.0166033 -0.476722 0.0202844 -0.0147209 0.999686 -0.0761779 0 0 0 1 
39885980090155;0.220386;0.416712;0.999901 -0.0131746 -0.00495162 0.0105308 0.0131721 0.999913 -0.000528812 0.253994 0.00495816 0.000463536 0.999988 0.00606965 0 0 0 1 
39885980090156;0.547565;0.522948;0.963247 -0.0514881 0.263638 0.279993 0.0150438 0.990258 0.138431 0.180015 -0.268197 -0.129377 0.954637 1.2995 0 0 0 1 
39885980090157;0.178395;0.134964;0.999888 -0.0010183 0.0149545 0.00661979 0.00100175 0.999999 0.00111398 -0.0144486 -0.0149556 -0.00109887 0.999888 -0.0464839 0 0 0 1 
39885980090158;0.913519;0.400926;0.914687 8.94872e-05 0.404164 0.550608 -0.0575039 0.989855 0.129921 0.382382 -0.400052 -0.142078 0.905413 2.03108 0 0 0 1 
39885980090159;0.31181;0.253599;0.999447 0.0034915 -0.0330659 -0.0961428 -0.017999 0.892975 -0.449747 0.134495 0.0279567 0.450093 0.892544 -0.236224 0 0 0 1 
39885980090160;0.529179;0.0672361;0.999557 -0.0105592 -0.0278226 -0.114966 0.0113496 0.999532 0.0284025 -0.0343981 0.0275096 -0.0287057 0.999209 0.443189 0 0 0 1 
39885980090161;0.588623;0.451908;0.983715 -0.0864079 0.157601 0.0901553 0.0639054 0.987709 0.142645 0.155913 -0.16799 -0.130251 0.977146 1.11158 0 0 0 1 
39885980090162;0.825722;0.511618;0.986315 -0.156169 -0.0528522 0.244595 0.156573 0.98766 0.00355851 -0.0431771 0.0516443 -0.011785 0.998596 -0.886803 0 0 0 1 
39885980090163;0.504725;0.258915;0.99797 0.0633954 -0.00612291 0.0211921 -0.0630725 0.997069 0.0433099 0.665694 0.00885061 -0.0428358 0.999043 0.0200143 0 0 0 1 
39885980090164;0.244441;0.0576766;0.996658 0.000532832 -0.0816898 0.0351525 0.00977697 0.992013 0.125754 -0.060251 0.0811044 -0.126133 0.988692 -0.408514 0 0 0 1 
39885980090165;0.707584;0.115529;0.99955 0.0299114 0.00238065 -0.0510731 -0.0299278 0.999526 0.00719606 0.324053 -0.00216427 -0.00726407 0.999971 -0.678154 0 0 0 1 
39885980090166;0.507941;0.402558;0.986949 0.00264778 0.161011 0.0605963 0.011225 0.996301 -0.08519 -0.0495625 -0.160641 0.0858855 0.983269 0.805251 0 0 0 1 
39885980090167;0.79424;0.603487;0.989977 -0.113371 -0.0842123 0.172171 0.10625 0.990724 -0.0847129 0.394387 0.0930352 0.0749163 0.99284 0.384844 0 0 0 1 
39885980090168;0.994365;0.319031;0.995415 0.0955994 -0.00311683 0.195879 -0.0956428 0.995215 -0.0200011 0.921699 0.00118983 0.0202075 0.999795 0.787508 0 0 0 1 
39885980090169;0.602224;0.234171;0.987482 0.0541517 -0.148147 -0.183548 -0.065531 0.995174 -0.0730379 0.583044 0.143477 0.0818318 0.986265 -0.66699 0 0 0 1 
39885980090170;0.878287;0.872029;0.982588 -0.0315651 -0.183099 -0.0242783 0.0722424 0.972827 0.219975 0.453493 0.17118 -0.229372 0.958168 0.3515 0 0 0 1 
39885980090171;0.174618;0.112784;0.99321 0.0198542 -0.114624 0.00508503 -0.0166841 0.999453 0.0285501 0.0784811 0.115128 -0.0264438 0.992999 -0.423502 0 0 0 1 
39885980090172;0.809772;0.270013;0.999787 -0.0102635 -0.0178905 -0.119718 0.0106219 0.999742 0.0200567 -0.0283378 0.01768 -0.0202424 0.999639 0.68146 0 0 0 1 
39885980090173;0.12527;0.111893;0.998493 -0.017341 -0.0520749 0.00596779 0.0114455 0.993705 -0.111446 0.079086 0.0536796 0.110682 0.992405 -0.232528 0 0 0 1 
39885980090174;1.08358;0.448089;0.954409 0.0489873 0.294456 0.000267541 -0.0709152 0.995411 0.0642527 0.540124 -0.289957 -0.0822048 0.953503 1.93764 0 0 0 1 
39885980090175;0.382051;0.00916105;0.999992 0.00261842 -0.00287779 -0.0157001 -0.00258527 0.999931 0.0114618 0.0217529 0.00290761 -0.0114543 0.99993 0.395483 0 0 0 1 
39885980090176;1.01834;0.866537;0.955641 -0.0342253 0.292538 -0.0575055 0.0465875 0.998287 -0.0353947 0.0428746 -0.290825 0.0474532 0.955599 1.42409 0 0 0 1 
39885980090177;0.304463;0.199927;0.999118 -0.00218627 0.0419436 0.000557439 0.0010327 0.999621 0.0275048 0.00615612 -0.0419878 -0.0274372 0.998741 -0.0701092 0 0 0 1 
39885980090178;0.543046;0.290776;0.996105 0.00349263 0.0881041 -0.0849648 0.000568877 0.99894 -0.0460317 0.0109097 -0.0881715 0.0459026 0.995047 0.668693 0 0 0 1 
39885980090179;0.361753;0.144444;0.989401 -0.00141991 -0.145205 -0.129121 -0.00244663 0.999647 -0.0264461 0.0938487 0.145191 0.0265211 0.989048 -0.116975 0 0 0 1 
39885980090180;0.25283;0.329739;0.998618 -0.00938123 -0.0517085 0.00585159 0.0113088 0.999247 0.0371117 0.275678 0.0513214 -0.0376452 0.997972 0.0382719 0 0 0 1 
39885980090181;0.881259;0.974455;0.979612 0.00542429 -0.200828 -0.0365774 0.020936 0.991436 0.128901 0.202005 0.199807 -0.130478 0.971109 -0.0653326 0 0 0 1 
39885980090182;0.669254;0.369718;0.999972 0.00392251 0.00630224 -0.00481961 -0.00403274 0.999837 0.0175738 0.00723023 -0.00623228 -0.0175988 0.999826 -0.538991 0 0 0 1 
39885980090183;0.198594;0.0786767;0.970314 -0.0133463 0.241479 0.112843 0.00248645 0.998974 0.0452214 0.0631907 -0.241834 -0.0432786 0.969352 0.900952 0 0 0 1 
39885980090184;0.838159;0.457148;0.999996 0.00128883 0.00252709 -0.105079 -0.000295512 0.933315 -0.359059 0.250896 -0.00282134 0.359057 0.933311 -0.778937 0 0 0 1 
39885980090186;1.03403;0.582366;0.996936 -0.070729 0.0333962 0.161133 0.0718027 0.996901 -0.0321267 -0.747161 -0.0310204 0.0344262 0.998926 -0.647848 0 0 0 1 
39885980090187;0.391456;0.0525664;0.999012 0.00575716 0.0440714 -0.0218324 -0.00904351 0.997162 0.0747367 0.000399783 -0.0435161 -0.0750614 0.996229 -0.151981 0 0 0 1 
39885980090188;0.19321;0.017085;0.994738 -0.00237831 -0.102421 0.034989 -0.00833288 0.99454 -0.104026 0.0481681 0.102109 0.104332 0.989287 -0.576781 0 0 0 1 
39885980090189;0.694654;0.420166;0.97417 -0.00272972 0.225801 0.135116 -0.0108549 0.998205 0.0588982 0.0580965 -0.225557 -0.0598279 0.972391 1.25377 0 0 0 1 
39885980090190;0.710931;0.0558109;0.999147 0.00979223 -0.0401113 -0.0335587 -0.000109132 0.972093 0.234595 0.087805 0.0412891 -0.234391 0.971265 0.705313 0 0 0 1 
39885980090191;0.303973;0.19945;0.999699 0.0103883 0.0222048 -0.0307908 -0.01037 0.999946 -0.00093972 0.0316797 -0.0222134 0.000709173 0.999753 -0.121953 0 0 0 1 
39885980090192;0.937341;0.382859;0.999839 -0.00637424 0.0168029 0.0105402 0.00638225 0.99998 -0.000423038 -0.16475 -0.0167999 0.00053021 0.999859 0.764615 0 0 0 1 
39885980090193;0.0973903;0.0936501;0.999985 -0.000311801 0.00539525 -0.00060821 0.000302119 0.999998 0.00179521 0.00180285 -0.00539581 -0.00179355 0.999984 0.0285471 0 0 0 1 
39885980090194;0.330993;0.293656;0.999833 -0.00514876 0.0175597 -0.00518404 0.00597515 0.998861 -0.0473383 -0.033062 -0.017296 0.0474353 0.998725 0.100675 0 0 0 1 
39885980090195;0.913121;0.254023;0.999942 0.000248871 0.0107704 -0.111164 0.000287392 0.998761 -0.0497604 -0.0544723 -0.0107694 0.0497606 0.998703 -0.809427 0 0 0 1 
39885980090196;0.843835;0.14252;0.995346 0.0601743 0.0752704 -0.0973702 -0.0622226 0.997745 0.0251685 0.173194 -0.0735862 -0.0297348 0.996845 -0.50181 0 0 0 1 
39885980090197;0.709255;0.0460643;0.998785 0.0393894 0.029624 -0.0587859 -0.0430395 0.989933 0.134834 0.0384038 -0.0240147 -0.135945 0.990425 -0.453381 0 0 0 1 
39885980090198;1.04503;0.558757;0.998699 -0.00620533 -0.0506225 -0.0371552 0.000386591 0.993463 -0.114152 -0.0919544 0.0509999 0.113984 0.992173 0.623471 0 0 0 1 
39885980090199;0.0833687;0.0575334;0.999287 -0.00339404 0.0376072 -0.00295424 0.00337794 0.999994 0.000491847 -0.0220214 -0.0376086 -0.000364461 0.999292 0.0837337 0 0 0 1 
39885980090200;1.06244;0.607974;0.999834 -0.00268386 -0.0180484 -0.0141733 0.00232926 0.999804 -0.0196391 -0.0235653 0.0180976 0.0195938 0.999644 0.751862 0 0 0 1 
39885980090201;0.454509;0.329787;0.977972 -0.00223462 -0.208726 -0.00461327 -0.00255578 0.99974 -0.0226782 0.00312234 0.208722 0.0227121 0.977711 -0.407359 0 0 0 1 
39885980090202;0.602175;0.322808;0.921184 0.017784 -0.38872 -0.00971134 0.00429699 0.998429 0.0558614 -0.0839445 0.389103 -0.053129 0.919661 -0.950597 0 0 0 1 
39885980090203;0.367742;0.191227;0.911114 0.0135339 0.411933 0.206134 -0.0800203 0.986251 0.144586 0.295246 -0.404312 -0.164697 0.89967 1.55392 0 0 0 1 
39885980090204;1.06319;0.131426;0.975342 0.0251191 0.219263 0.127397 -0.0038154 0.995272 -0.097048 -0.0750589 -0.220664 0.0938185 0.970827 1.60053 0 0 0 1 
39885980090205;0.675409;0.497675;0.999922 0.0124175 -0.000993773 -0.0225767 -0.0124572 0.99677 -0.0793323 -0.250688 5.45369e-06 0.0793385 0.996848 -0.324255 0 0 0 1 
39885980090206;0.947378;0.197179;0.997227 0.0145301 0.0729919 0.0214543 -0.0199629 0.997039 0.0742607 -0.109642 -0.0716968 -0.0755119 0.994564 1.11455 0 0 0 1 
39885980090207;0.975527;0.415695;0.997758 -0.059186 -0.0312341 -0.137455 0.0600173 0.997849 0.0263862 -0.272763 0.0296052 -0.0282016 0.999164 -0.89902 0 0 0 1 
39885980090208;0.357335;0.260028;0.971841 0.0261619 0.234182 -0.116024 -0.00756572 0.99677 -0.0799579 -0.0445844 -0.235518 0.0759346 0.968899 0.460797 0 0 0 1 
39885980090209;0.567849;0.320879;0.998005 0.0628462 0.00602956 -0.230376 -0.0628603 0.99802 0.00217757 -0.0519034 -0.00588077 -0.00255224 0.999979 0.131388 0 0 0 1 
39885980090210;0.29383;0.0674003;0.977387 0.00165203 0.211454 0.0629835 -0.0180155 0.996984 0.0754822 0.0666352 -0.210692 -0.0775848 0.974469 0.968664 0 0 0 1 
39885980090211;0.573799;0.566322;0.997722 0.0264995 0.0620309 -0.0142063 0.00116985 0.912666 -0.408705 -0.0768093 -0.0674439 0.407847 0.910556 0.00773352 0 0 0 1 
39885980090212;0.324919;0.124159;0.997051 0.0564255 -0.0520099 -0.0770429 -0.0525104 0.99589 0.0737944 0.145246 0.05596 -0.0708457 0.995916 0.128786 0 0 0 1 
39885980090213;0.920265;0.375139;0.993525 0.0024453 -0.113584 -0.0729118 0.00590662 0.997304 0.0731359 -0.0776293 0.113457 -0.0733333 0.990833 0.462215 0 0 0 1 
39885980090214;0.527822;0.417201;0.998963 7.62409e-05 0.0455335 0.00947463 -0.00056053 0.999943 0.0106232 -0.0230535 -0.0455301 -0.0106377 0.998906 0.460931 0 0 0 1 
39885980090215;0.58213;0.572685;0.996569 -0.00156463 0.082748 -0.00048533 0.0048411 0.999211 -0.03941 -0.0158827 -0.0826211 0.0396753 0.995791 0.263073 0 0 0 1 
39885980090217;1.03417;0.838197;0.999913 -0.00137927 -0.0130859 0.00856436 0.000682475 0.998589 -0.0531031 0.0262922 0.0131407 0.0530895 0.998503 -0.558082 0 0 0 1 
39885980090218;0.202378;0.184868;0.999657 0.00364981 -0.0259315 0.00108067 -0.00335689 0.99993 0.0113304 0.0220643 0.025971 -0.0112394 0.9996 -0.150074 0 0 0 1 
39885980090219;0.470141;0.545154;0.993372 -0.0342464 0.10972 0.0167858 0.0268726 0.997324 0.0679934 0.0780749 -0.111755 -0.0645943 0.991634 0.436876 0 0 0 1 
39885980090220;1.3181;1.07743;0.980555 0.0081079 -0.196077 0.118574 -0.0230767 0.996978 -0.0741775 0.292008 0.194883 0.07726 0.977779 -0.407193 0 0 0 1 
39885980090221;1.15923;1.00161;0.934093 -0.0484989 0.353721 0.0687875 0.104903 0.984282 -0.14207 -0.300514 -0.341271 0.169813 0.924499 0.744456 0 0 0 1 
39885980090222;0.407338;0.236015;0.976615 0.00408111 0.214955 0.0623289 -0.0287966 0.993294 0.111975 0.123733 -0.213056 -0.115546 0.970184 0.898624 0 0 0 1 
39885980090223;0.517255;0.447871;0.980355 0.00329668 0.197215 0.0709903 -0.021957 0.99547 0.0925077 0.091002 -0.196017 -0.0950206 0.975986 0.828716 0 0 0 1 
39885980090224;1.08029;1.07523;0.991879 -0.00582955 0.127054 0.0191404 -0.00606108 0.995648 0.0929998 0.017562 -0.127044 -0.0930146 0.987526 0.544647 0 0 0 1 
39885980090225;0.715361;0.413037;0.995523 0.00937905 -0.0940534 0.0250797 -0.0330943 0.966665 -0.253895 0.182042 0.0885368 0.255871 0.962648 0.144827 0 0 0 1 
39885980090226;0.549209;0.468766;0.955099 0.0010153 0.296284 0.0927573 -0.0315871 0.994644 0.0984155 0.100789 -0.294598 -0.103355 0.950016 1.00494 0 0 0 1 
39885980090227;1.15995;0.735032;0.988868 0.14867 -0.00611835 0.259252 -0.148123 0.987469 0.0544442 0.795035 0.0141359 -0.0529319 0.998498 -0.486669 0 0 0 1 
39885980090228;0.215505;0.0733268;0.998183 0.00443012 0.0600877 -0.0110489 -0.00383013 0.999942 -0.0100968 0.0178804 -0.060129 0.00984828 0.998142 0.0208687 0 0 0 1 
39885980090229;0.121617;0.125494;0.999997 0.00159858 -0.00197949 0.0017438 -0.00148366 0.998387 0.0567525 0.0109048 0.00206702 -0.0567494 0.998386 -0.0213032 0 0 0 1 
39885980090230;1.03093;0.797345;0.999994 0.00319071 0.000981124 0.0019965 -0.003198 0.999967 0.00752187 0.019861 -0.000957091 -0.00752497 0.999971 0.515484 0 0 0 1 
39885980090231;0.888653;0.864567;0.993377 -0.00597935 0.114747 0.0246582 -0.00848128 0.992105 0.125121 0.0333155 -0.114589 -0.125265 0.985484 0.529504 0 0 0 1 
39885980090232;0.59802;0.494166;0.982532 -0.0177059 -0.18525 0.0949301 -0.0420153 0.948654 -0.313512 0.186075 0.181289 0.315819 0.931339 -0.410116 0 0 0 1 
39885980090233;0.0427632;0.043439;0.999973 -0.0046245 0.00572825 0.00579254 0.00459364 0.999975 0.00538769 -0.00718494 -0.00575302 -0.00536123 0.999969 0.0132578 0 0 0 1 
39885980090234;0.404716;0.240232;0.987973 0.047211 -0.147244 0.0324449 0.0144082 0.919999 0.391655 -0.0387829 0.153955 -0.389066 0.908254 -0.440487 0 0 0 1 
39885980090235;0.881271;0.639183;0.994816 -0.00307427 -0.101643 0.259687 -0.0156478 0.98301 -0.182882 0.527071 0.100479 0.183524 0.977867 -0.605848 0 0 0 1 
39885980090236;1.0378;0.2458;0.998607 0.0527633 -0.00102975 -0.0292267 -0.052758 0.998596 0.00465261 0.313613 0.0012738 -0.00459179 0.999989 -0.822384 0 0 0 1 
39885980090237;0.452033;0.210159;0.977093 0.0432834 -0.208363 0.088416 0.0199989 0.956089 0.292393 -0.0466024 0.211869 -0.289862 0.933323 -0.772137 0 0 0 1 
39885980090238;0.922552;0.483302;0.954834 -0.0196091 -0.296491 0.167112 -0.0479448 0.974578 -0.21886 0.28701 0.293246 0.22319 0.92962 -0.356799 0 0 0 1 
39885980090239;0.393854;0.38049;0.995596 -0.0286793 -0.0892541 0.0138042 0.00357723 0.962987 -0.269526 -0.0102052 0.0936803 0.26802 0.958848 -0.270009 0 0 0 1 
39885980090240;0.68439;0.264914;0.997438 0.0692983 0.0177575 -0.00289365 -0.0676067 0.99428 -0.0826872 0.518291 -0.023386 0.0812748 0.996417 -0.222936 0 0 0 1 
39885980090241;0.655728;0.131526;0.962306 0.0946982 0.254951 0.0464772 -0.0223262 0.961765 -0.272965 0.329643 -0.271052 0.256984 0.927626 0.32322 0 0 0 1 
39885980090242;0.353633;0.136302;0.907755 0.0763841 0.412487 0.307858 0.0289376 0.969539 -0.243221 0.0721927 -0.418501 0.232722 0.877894 1.20118 0 0 0 1 
39885980090243;1.27115;0.78063;0.999331 0.00585185 0.0361141 0.028864 -0.00669348 0.999708 0.0232279 0.0541799 -0.0359676 -0.0234541 0.999078 0.86086 0 0 0 1 
39885980090244;0.554019;0.641515;0.988765 -0.079934 0.126311 0.17158 0.0516873 0.975715 0.212858 0.00342943 -0.140258 -0.203938 0.968884 0.324027 0 0 0 1 
39885980090245;0.651828;0.279664;0.99846 -0.000688689 -0.0554784 -0.0182161 -0.00140606 0.999288 -0.0377101 0.0898773 0.0554649 0.03773 0.997748 0.27936 0 0 0 1 
39885980090246;0.546588;0.41534;0.995475 -0.0131432 -0.0941058 0.148164 0.0230273 0.994234 0.10473 0.0102853 0.0921867 -0.106423 0.990038 -0.513386 0 0 0 1 
39885980090248;0.37448;0.36276;0.973104 -0.0940636 0.210289 -0.0326379 0.0861403 0.995195 0.0465466 0.319452 -0.213657 -0.0271804 0.976531 0.0285963 0 0 0 1 
39885980090249;0.482365;0.355804;0.996606 -0.0761664 -0.0312351 0.0419162 0.0765425 0.997005 0.0110241 0.115849 0.0303019 -0.0133775 0.999451 -0.323191 0 0 0 1 
39885980090250;0.869457;0.457433;0.926472 0.0326144 0.374947 -0.0234238 -0.0700731 0.993767 0.0867048 -0.332439 -0.369782 -0.106603 0.922983 0.222508 0 0 0 1 
39885980090251;0.521745;0.401803;0.999422 -0.0126202 -0.031572 -0.00267045 0.0119291 0.999687 -0.0219831 -0.00138198 0.0318395 0.0215938 0.99926 0.307116 0 0 0 1 
39885980090252;1.01023;0.232742;0.997285 0.0714668 -0.0177553 0.275184 -0.0659662 0.974175 0.215941 0.029934 0.0327294 -0.214184 0.976245 -0.864331 0 0 0 1 
39885980090253;0.430197;0.16019;0.99111 0.0433952 -0.12577 0.026355 -0.0268028 0.991055 0.130735 0.276269 0.130318 -0.126202 0.983408 -0.0952215 0 0 0 1 
39885980090254;0.437029;0.124043;0.99937 -0.0319703 0.0154224 -0.00348235 0.0325581 0.998689 -0.0395047 0.112002 -0.0141392 0.039982 0.9991 0.408863 0 0 0 1 
39885980090255;0.581357;0.0921075;0.99942 0.0278318 0.0196334 0.0989144 -0.02786 0.999611 0.0011675 -0.29573 -0.0195933 -0.00171381 0.999807 0.396232 0 0 0 1 
