#;prob_registration_l1 -r /home/probabilistic_point_clouds_registration/build/tester /home/point_clouds_registration_benchmark//devel/registration_pairs/plain_local.txt /home/point_clouds_registration_benchmark//eth/plain -s 0.2 -t 0.2 -p 0.3 -r 1000 -m 1 -i 40 
id;initial_error;final_error;transformation
4215528470000;0.567788;0.542302;0.962631 -0.0331287 0.268783 0.274468 0.0159601 0.997704 0.0658112 -0.18218 -0.270346 -0.0590621 0.96095 1.97068 0 0 0 1 
4215528470001;0.547226;0.342425;0.991208 0.110299 -0.0730751 -0.496874 -0.0707437 0.908541 0.411764 0.681836 0.111809 -0.402974 0.908356 1.08946 0 0 0 1 
4215528470002;0.032832;0.020485;0.999986 0.00298683 0.00435301 -0.0163441 -0.00298773 0.999996 0.000200462 0.00614394 -0.00435239 -0.000213465 0.999991 0.0322583 0 0 0 1 
4215528470003;0.731607;0.686676;0.996391 -0.0162683 0.083306 0.058599 0.0162481 0.999868 0.000920629 -0.116486 -0.0833099 0.00043626 0.996524 0.410325 0 0 0 1 
4215528470004;0.518474;0.22963;0.965919 0.0859834 -0.244147 -0.258897 -0.028421 0.972743 0.230137 0.286981 0.25728 -0.215355 0.942035 -0.175338 0 0 0 1 
4215528470005;0.0948906;0.0569635;0.999756 0.00563236 0.0213367 -0.0351595 -0.00371174 0.996024 -0.0890077 0.0773148 -0.0217532 0.0889068 0.995802 -0.299126 0 0 0 1 
4215528470006;0.93827;0.743142;0.998079 -0.0553431 -0.0278585 0.215649 0.0427142 0.940297 -0.337664 0.0452206 0.0448826 0.335826 0.940854 -1.40324 0 0 0 1 
4215528470007;0.649378;0.549458;0.993896 -0.055329 -0.0954463 0.242018 0.0188857 0.937706 -0.346917 0.259748 0.108695 0.342997 0.933027 -1.96576 0 0 0 1 
4215528470008;0.524363;0.439907;0.962365 0.0174149 -0.271201 0.261764 -0.0528705 0.990875 -0.123984 0.462893 0.266567 0.133657 0.954504 -2.27801 0 0 0 1 
4215528470009;0.400063;0.309212;0.970001 -0.0346546 0.240619 0.229796 0.0464465 0.997973 -0.0435081 -0.287151 -0.238623 0.0533788 0.969644 1.37422 0 0 0 1 
4215528470010;0.581956;0.527377;0.994519 -0.0482464 -0.09276 0.412047 0.0209966 0.961256 -0.274857 0.169309 0.102427 0.271402 0.957 -2.01921 0 0 0 1 
4215528470011;0.358216;0.122251;0.988025 -0.0733407 0.135752 0.380028 0.102516 0.96957 -0.222314 -0.512921 -0.115316 0.233568 0.965478 -0.124428 0 0 0 1 
4215528470012;0.581653;0.393641;0.985028 0.10217 -0.138858 -0.259368 -0.0582866 0.955402 0.289498 0.411638 0.162243 -0.27707 0.947053 -0.0819053 0 0 0 1 
4215528470013;0.612837;0.147686;0.983206 -0.0420651 0.177582 0.191983 0.0405158 0.999103 0.0123431 -0.210422 -0.177942 -0.0049409 0.984029 0.577255 0 0 0 1 
4215528470014;0.871128;0.637942;0.998726 -0.00671942 0.0500211 -0.0756908 0.00803581 0.999625 -0.0261622 -0.131362 -0.0498266 0.0265308 0.998405 0.757181 0 0 0 1 
4215528470015;0.0605696;0.0381623;0.999913 -0.000583987 0.0131675 0.0162824 0.000792493 0.999874 -0.0158353 -0.00468607 -0.0131566 0.0158443 0.999788 0.0172798 0 0 0 1 
4215528470016;0.462589;0.123915;0.972163 -0.0347251 0.231717 0.181551 0.0808669 0.977915 -0.192725 -0.425554 -0.219907 0.206099 0.953501 0.795174 0 0 0 1 
4215528470017;0.763704;0.268883;0.996549 0.0215544 0.0801589 -0.153114 -0.0543193 0.899553 0.433421 0.616548 -0.062765 -0.436279 0.89762 3.07749 0 0 0 1 
4215528470018;0.320962;0.324879;0.998762 0.000859411 0.0497348 -0.025158 -0.00442124 0.997427 0.0715508 0.0195069 -0.0495454 -0.0716822 0.996196 0.545552 0 0 0 1 
4215528470019;0.470754;0.235617;0.905396 0.137844 -0.401569 -0.0548174 -0.0785306 0.983879 0.160671 0.518939 0.417243 -0.113935 0.901625 -1.99654 0 0 0 1 
4215528470020;0.901423;0.708544;0.988696 -0.0266132 0.147551 0.084937 0.0435192 0.992691 -0.112562 -0.102652 -0.143477 0.11771 0.982628 -0.00504581 0 0 0 1 
4215528470021;0.310289;0.173567;0.999643 -0.00493308 -0.026268 0.0169393 0.00746972 0.995221 0.0973637 -0.0335531 0.0256621 -0.0975252 0.994902 0.537015 0 0 0 1 
4215528470022;0.501427;0.27308;0.981499 0.0239893 -0.189959 0.179721 -0.0408462 0.995515 -0.0853281 0.394397 0.18706 0.0915086 0.978077 -1.95468 0 0 0 1 
4215528470023;0.509895;0.369767;0.99453 -0.0257285 0.101235 0.139093 0.039829 0.989374 -0.139834 -0.0327501 -0.0965611 0.143101 0.984986 -0.327662 0 0 0 1 
4215528470024;0.756959;0.479214;0.998248 -0.0116936 0.0580056 -0.0542813 0.011015 0.999867 0.0120049 -0.188834 -0.0581383 -0.0113449 0.998244 0.971822 0 0 0 1 
4215528470025;0.187466;0.126656;0.99684 0.0304145 -0.0733783 -0.130304 -0.0237886 0.995699 0.0895389 0.146821 0.075786 -0.0875104 0.993277 -0.0948685 0 0 0 1 
4215528470026;0.0729172;0.0424342;0.999985 -0.00483034 0.00266551 0.0237986 0.00485223 0.999954 -0.00826801 -0.01431 -0.00262545 0.00828082 0.999962 -0.0695163 0 0 0 1 
4215528470027;0.80863;0.267173;0.997236 -0.00381311 -0.0742068 -0.0443068 -0.00505321 0.99289 -0.118928 -0.0817127 0.0741327 0.118974 0.990126 -0.333782 0 0 0 1 
4215528470028;0.511375;0.440545;0.995657 0.0407812 -0.0836924 -0.1693 -0.0270584 0.986909 0.158993 0.139509 0.0890807 -0.156038 0.983726 0.313271 0 0 0 1 
4215528470029;0.874225;0.525164;0.880482 0.0762038 -0.467915 0.702529 -0.0492685 0.996361 0.0695565 0.428493 0.471512 -0.0381899 0.881032 -3.14929 0 0 0 1 
4215528470031;0.986719;0.353089;0.999622 -0.00149369 0.027445 -0.184875 0.0016003 0.999991 -0.0038628 -0.243943 -0.027439 0.00390526 0.999616 0.940582 0 0 0 1 
4215528470032;1.06872;0.736926;0.992388 -0.111158 0.0530114 0.57173 0.12283 0.862276 -0.491317 0.0436166 0.00890348 0.494089 0.869366 -2.58389 0 0 0 1 
4215528470033;0.525088;0.25791;0.999822 -0.0152365 0.0111367 0.0846588 0.0155801 0.999384 -0.0314494 -0.118856 -0.0106506 0.0316173 0.999443 -0.421207 0 0 0 1 
4215528470034;0.461314;0.234267;0.999891 0.0146941 0.00163387 -0.0323514 -0.0147234 0.999698 0.019682 0.118088 -0.00134416 -0.0197039 0.999805 -0.190481 0 0 0 1 
4215528470035;0.980295;0.910072;0.99988 0.00523561 -0.0145842 -0.0766334 -0.0052204 0.999986 0.00108071 -0.00406934 0.0145897 -0.00100444 0.999893 0.0879763 0 0 0 1 
4215528470036;1.14169;0.479062;0.998641 0.051566 0.00751374 -0.425948 -0.0517459 0.964262 0.259849 0.325126 0.00615413 -0.259884 0.96562 2.16906 0 0 0 1 
4215528470037;0.241412;0.15817;0.999912 -0.00401586 0.0126665 0.0521736 0.00438175 0.99957 -0.028992 0.0126264 -0.0125446 0.0290449 0.999499 0.0168018 0 0 0 1 
4215528470038;0.130156;0.133615;0.999804 0.00122004 0.0197672 -0.0314321 -0.00146402 0.999923 0.0123333 -0.0136811 -0.0197507 -0.0123598 0.999729 0.277274 0 0 0 1 
4215528470039;0.797747;0.306509;0.995251 -0.0569627 -0.0789374 0.270893 0.0340817 0.96349 -0.265566 -0.0622252 0.0911827 0.261614 0.960856 -1.73404 0 0 0 1 
4215528470040;0.689028;0.586563;0.996995 0.0292337 -0.071744 0.00601731 -0.0227662 0.995739 0.0893636 0.167408 0.0740507 -0.0874616 0.993412 -0.513549 0 0 0 1 
4215528470041;0.231676;0.102599;0.954871 -0.0283762 -0.295664 0.931536 -0.0105555 0.991555 -0.129254 0.278285 0.296835 0.126542 0.946507 -3.32725 0 0 0 1 
4215528470042;0.841266;0.773861;0.991332 -0.0115036 0.130877 -0.0264448 -0.000936115 0.995516 0.0945929 -0.0168289 -0.131378 -0.0938955 0.986876 1.34151 0 0 0 1 
4215528470043;0.639843;0.638888;0.99647 0.0113183 -0.0831853 0.082096 -0.00846689 0.999367 0.0345505 0.0488014 0.0835237 -0.0337242 0.995935 -0.644015 0 0 0 1 
4215528470044;0.994474;0.164798;0.999952 -0.00720225 0.00670009 0.187648 0.0072785 0.999908 -0.0114277 -0.0193457 -0.00661717 0.0114759 0.999912 -0.816775 0 0 0 1 
4215528470045;0.386524;0.16416;0.99257 0.0326072 0.117225 -0.313261 -0.0833462 0.884108 0.45979 0.915318 -0.0886467 -0.466144 0.880256 3.45722 0 0 0 1 
4215528470046;1.07289;0.534105;0.976827 0.0575957 -0.206137 -0.111671 -0.0460179 0.997105 0.0605299 0.282365 0.209026 -0.0496412 0.976649 -0.84459 0 0 0 1 
4215528470047;0.459821;0.435026;0.993785 -0.000637147 0.111316 -0.0665779 0.00126626 0.999984 -0.00558099 -0.0238318 -0.111311 0.00568726 0.993769 0.901297 0 0 0 1 
4215528470048;0.649857;0.609301;0.999263 0.0128954 -0.0361477 -0.0664313 -0.0123764 0.999818 0.0145465 0.113244 0.0363287 -0.0140884 0.999241 -0.102654 0 0 0 1 
4215528470049;0.633618;0.380935;0.999828 0.017616 -0.00572507 -0.224606 -0.0165586 0.988552 0.14997 0.0241436 0.0083014 -0.149849 0.988674 1.17623 0 0 0 1 
4215528470050;0.671958;0.415454;0.997984 0.0163496 -0.0613288 0.0735544 -0.0144455 0.999404 0.031364 0.150843 0.061805 -0.0304148 0.997625 -0.754771 0 0 0 1 
4215528470051;0.865997;0.572216;0.997699 -0.0259218 -0.0626534 0.380265 0.0142467 0.983552 -0.180062 0.183044 0.0662904 0.178755 0.981658 -2.03683 0 0 0 1 
4215528470052;0.470145;0.432924;0.998802 0.0115634 -0.0475568 -0.0259073 -0.0127257 0.999626 -0.0242109 0.141006 0.0472591 0.024787 0.998575 -0.575028 0 0 0 1 
4215528470053;1.01323;0.326994;0.992841 -0.0220835 0.117385 0.16127 0.0335527 0.994753 -0.0966462 -0.112435 -0.114635 0.0998929 0.988373 -0.256965 0 0 0 1 
4215528470054;0.877545;0.64476;0.998915 0.0214061 -0.0413594 0.0808311 -0.0201938 0.99936 0.0295109 0.196019 0.0419646 -0.0286437 0.998708 -0.721539 0 0 0 1 
4215528470055;0.503431;0.398263;0.996764 -0.0253916 0.0762691 -0.00800191 0.0336913 0.993406 -0.109587 -0.133247 -0.0729836 0.111802 0.991047 0.188908 0 0 0 1 
4215528470056;0.338949;0.241557;0.994101 -0.0683634 0.0842005 0.307532 0.084868 0.973704 -0.21142 -0.374271 -0.067533 0.217318 0.973762 -0.626636 0 0 0 1 
4215528470057;0.60477;0.0633266;0.999705 -0.0171424 0.0172162 0.128362 0.0166609 0.999476 0.0277352 -0.126697 -0.0176827 -0.0274402 0.999467 -0.195384 0 0 0 1 
4215528470058;0.117082;0.128779;0.99928 -0.00313738 0.0377977 -0.0462456 0.00436223 0.999467 -0.0323665 0.00503628 -0.037676 0.0325081 0.998761 0.140825 0 0 0 1 
4215528470059;0.289428;0.303448;0.998982 -0.0149327 -0.0425712 0.0886383 0.0111612 0.996103 -0.0874928 -0.0328063 0.0437118 0.0869285 0.995255 -0.911948 0 0 0 1 
4215528470060;0.876862;0.540331;0.962852 0.0706748 -0.260616 0.41812 -0.0473667 0.994382 0.0946627 0.366811 0.265842 -0.0788016 0.96079 -2.39185 0 0 0 1 
4215528470062;1.03489;0.639436;0.963974 -0.0891822 0.2506 0.215731 0.154368 0.954803 -0.254013 -1.49386 -0.21662 0.283546 0.934172 2.6394 0 0 0 1 
4215528470063;0.150783;0.0827973;0.997283 0.0384547 0.0628279 -0.216061 -0.0444075 0.994364 0.0962762 0.466499 -0.0587715 -0.0988047 0.99337 1.16957 0 0 0 1 
4215528470064;1.26892;0.287707;0.981109 0.0654353 -0.182053 0.755675 -0.0427439 0.991123 0.125887 0.382994 0.188674 -0.115727 0.975197 -2.92345 0 0 0 1 
4215528470065;0.672821;0.350667;0.999783 -0.0190422 0.00849375 0.0140569 0.0194315 0.99864 -0.0483795 -0.227522 -0.00756094 0.048534 0.998793 -0.311143 0 0 0 1 
4215528470066;0.971407;0.329711;0.97397 -0.065962 0.216869 0.0644623 0.146324 0.913649 -0.379256 -1.09378 -0.173125 0.401117 0.899518 1.72993 0 0 0 1 
4215528470067;0.479383;0.48878;0.998443 -0.0318262 0.0458099 -0.0190633 0.0383758 0.987933 -0.150052 -0.201219 -0.0404816 0.151576 0.987616 0.116426 0 0 0 1 
4215528470068;1.75898;1.54378;0.997994 0.0586762 -0.0237694 -0.0232756 -0.0537196 0.983551 0.172457 0.581064 0.0334975 -0.170834 0.98473 -0.12501 0 0 0 1 
4215528470069;1.1695;0.244757;0.995115 -0.0323784 0.0932575 -0.114113 0.029579 0.999074 0.0312463 -0.499628 -0.0941829 -0.0283353 0.995152 2.09883 0 0 0 1 
4215528470070;0.627154;0.182745;0.99993 -0.00581924 0.0102906 -0.0336109 0.0054867 0.999471 0.0320533 -0.0180052 -0.0104717 -0.0319946 0.999433 -0.0335958 0 0 0 1 
4215528470071;1.13782;0.460709;0.989777 0.035381 -0.138162 0.637387 -0.0255934 0.997077 0.071987 0.264235 0.140305 -0.0677151 0.98779 -2.27194 0 0 0 1 
4215528470072;1.12233;0.820719;0.998678 0.00605046 -0.0510369 -0.0912201 -0.00522125 0.999852 0.0163649 0.0109781 0.0511284 -0.0160768 0.998563 -0.233918 0 0 0 1 
4215528470073;0.253366;0.0644748;0.958692 -0.091422 0.269355 0.31049 0.166173 0.948556 -0.269495 -1.63173 -0.230861 0.303122 0.924565 2.4079 0 0 0 1 
4215528470074;0.891847;0.500349;0.923346 0.154406 -0.351555 1.57333 -0.0709523 0.968427 0.238989 0.486753 0.377356 -0.195726 0.905148 -4.88013 0 0 0 1 
4215528470075;0.661748;0.348511;0.998547 0.00358069 0.0537722 -0.201399 -0.00406227 0.999953 0.0088492 0.0311925 -0.0537379 -0.00905478 0.998514 1.10695 0 0 0 1 
4215528470076;1.55682;0.627848;0.9997 0.000216478 -0.0244795 0.252842 -0.0003369 0.999988 -0.0049153 0.194256 0.0244781 0.00492208 0.999688 -1.16998 0 0 0 1 
4215528470077;0.434483;0.39301;0.999527 -0.0304127 0.00462207 0.0828264 0.0306734 0.996727 -0.0747987 -0.228503 -0.0023321 0.074905 0.997188 -0.325845 0 0 0 1 
4215528470078;1.12372;1.18721;0.958826 -0.0506287 0.279445 0.0737387 0.055301 0.99843 -0.00885645 -0.735657 -0.278558 0.0239454 0.960121 4.01035 0 0 0 1 
4215528470079;1.36039;1.13443;0.993738 -0.0257032 0.108734 -0.227999 0.0409758 0.989211 -0.140649 -0.364668 -0.103946 0.144224 0.98407 1.32779 0 0 0 1 
4215528470080;1.57691;1.44828;0.983091 0.108457 -0.147541 0.18806 -0.076046 0.974773 0.209845 0.791596 0.166578 -0.195077 0.966539 -1.57578 0 0 0 1 
4215528470081;1.29705;1.20764;0.998032 0.0490221 -0.0390917 -0.0483508 -0.0437731 0.991144 0.125371 0.425817 0.0448914 -0.123413 0.99134 -0.150183 0 0 0 1 
4215528470082;0.754436;0.440632;0.996635 -0.0402349 -0.0714097 0.29119 0.0292552 0.98846 -0.148633 -0.186019 0.0765659 0.146044 0.986311 -1.31264 0 0 0 1 
4215528470083;1.36137;0.510725;0.995198 -0.0197025 0.0958806 -0.300414 0.0253786 0.997974 -0.0583446 -0.273664 -0.0945368 0.0604977 0.993681 1.85443 0 0 0 1 
4215528470084;1.66015;1.48938;0.983743 -0.00358118 -0.179547 0.627657 -0.00874674 0.997659 -0.0678225 0.299491 0.17937 0.0682903 0.981409 -3.0056 0 0 0 1 
4215528470085;1.13067;0.300175;0.999636 0.0173878 -0.0206223 -0.259204 -0.0157427 0.996875 0.0774159 -0.0444801 0.0219039 -0.0770631 0.996786 0.565199 0 0 0 1 
4215528470086;1.1632;1.13972;0.930043 -0.0301511 0.366213 0.290831 0.0204595 0.999331 0.0303178 -0.319967 -0.366882 -0.0207043 0.930037 5.51232 0 0 0 1 
4215528470087;0.757202;0.584129;0.997427 -0.0156865 0.0699516 -0.161873 0.0227111 0.994649 -0.100785 -0.176961 -0.0679963 0.102114 0.992446 0.873314 0 0 0 1 
4215528470088;1.28516;0.719608;0.999811 -0.0178278 0.00773141 -0.124478 0.0181177 0.999067 -0.0391999 -0.215317 -0.00702535 0.0393326 0.999201 0.60351 0 0 0 1 
4215528470089;0.703952;0.375917;0.997868 0.0374687 -0.0534466 -0.139939 -0.0353729 0.998588 0.0396328 0.394608 0.0548561 -0.0376578 0.997784 -0.321007 0 0 0 1 
4215528470090;1.03548;0.717932;0.963217 -0.0994466 0.249646 0.305208 0.190452 0.908028 -0.373113 -1.44258 -0.18958 0.406934 0.893568 1.17209 0 0 0 1 
4215528470091;1.49069;1.37339;0.999368 0.0313014 0.0168227 -0.102378 -0.032856 0.994256 0.101861 0.32602 -0.0135376 -0.10235 0.994656 0.637187 0 0 0 1 
4215528470093;0.435815;0.413514;0.999372 -0.000685635 0.0354195 -0.0217717 -0.00749882 0.973063 0.230417 0.0398 -0.0346234 -0.230538 0.972447 0.273522 0 0 0 1 
4215528470094;0.626818;0.0948744;0.999964 0.00285916 0.00798877 -0.00254895 -0.00255202 0.999267 -0.0381949 0.0423519 -0.00809212 0.0381731 0.999238 -0.658241 0 0 0 1 
4215528470095;0.64508;0.571838;0.999871 -0.012254 -0.0103675 0.0345681 0.01164 0.998287 -0.0573418 -0.019095 0.0110524 0.0572137 0.998301 -0.329897 0 0 0 1 
4215528470096;0.715932;0.634523;0.999981 -0.00503592 -0.00366874 0.00920655 0.0048328 0.998561 -0.0534152 -0.00679292 0.00393245 0.0533965 0.998566 -0.376632 0 0 0 1 
4215528470097;0.899584;0.854307;0.998742 -0.0475944 0.0158068 0.0468864 0.0498317 0.977297 -0.205932 -0.295762 -0.00564667 0.206461 0.978439 0.336941 0 0 0 1 
4215528470098;0.598276;0.417372;0.990288 -0.0166064 0.138036 -0.0265043 -0.00610578 0.986689 0.162507 -0.0507843 -0.138897 -0.161771 0.977004 0.080831 0 0 0 1 
4215528470099;0.333474;0.2209;0.972424 0.115671 -0.202513 -0.0147 -0.0227442 0.911233 0.411262 0.249098 0.232108 -0.395315 0.888736 -0.45105 0 0 0 1 
4215528470100;0.645112;0.027259;0.999945 -0.0104491 0.000250474 0.0150494 0.0104499 0.99994 -0.00333594 -0.0184748 -0.000215601 0.00333838 0.999994 -0.688784 0 0 0 1 
4215528470101;0.802084;0.699127;0.999018 -0.00562673 0.0439484 0.0565496 0.00816174 0.9983 -0.0577169 -0.035402 -0.0435489 0.0580189 0.997365 0.357157 0 0 0 1 
4215528470102;0.571321;0.278146;0.999997 -0.00253034 0.000649634 -0.00720214 0.00255399 0.999219 -0.0394227 0.0256811 -0.000549374 0.0394242 0.999222 -0.546618 0 0 0 1 
4215528470103;0.118159;0.116436;0.999985 -0.00331119 -0.00437933 4.37726e-05 0.0033018 0.999992 -0.00214985 -0.0104695 0.00438641 0.00213536 0.999988 -0.0208657 0 0 0 1 
4215528470104;0.483078;0.302415;0.959811 -0.00948719 0.280487 0.154105 -0.0132159 0.996792 0.0789397 0.0236397 -0.280336 -0.0794741 0.956606 1.15576 0 0 0 1 
4215528470105;0.856272;0.766275;0.963837 -0.0185941 0.265844 0.0742848 0.069521 0.980564 -0.183469 -0.223339 -0.257266 0.195316 0.946396 0.578319 0 0 0 1 
4215528470106;0.960069;0.770581;0.995619 -0.00296661 0.0934559 0.0662176 0.000974159 0.999771 0.0213581 0.00236549 -0.0934979 -0.0211735 0.995394 0.830028 0 0 0 1 
4215528470107;0.403602;0.25018;0.952926 0.0307799 -0.301637 0.146283 -0.0323641 0.999476 -0.000254646 0.140741 0.301471 0.0100049 0.953423 -1.01965 0 0 0 1 
4215528470108;0.717513;0.696962;0.999984 0.00058881 0.00556591 0.0085406 -0.000265426 0.998321 -0.0579239 -0.00455272 -0.00559067 0.0579215 0.998305 0.0747974 0 0 0 1 
4215528470109;0.671253;0.191508;0.999978 -0.00235092 0.00613569 0.00488405 0.00245256 0.999859 -0.0166097 -0.0335034 -0.00609578 0.0166244 0.999843 0.627968 0 0 0 1 
4215528470110;0.085073;0.0284907;0.999993 0.00195715 0.00323749 0.00342965 -0.00193648 0.999978 -0.00637403 0.00165456 -0.00324989 0.00636772 0.999974 -0.0735934 0 0 0 1 
4215528470111;0.687198;0.143906;0.998759 -0.00194171 0.0497745 0.00191664 -0.0010497 0.998198 0.0600029 0.0201759 -0.0498013 -0.0599806 0.996956 0.886703 0 0 0 1 
4215528470112;0.990082;0.249035;0.999316 0.0251902 -0.0270634 -0.0950396 -0.0203905 0.986096 0.164921 0.14556 0.0308415 -0.164256 0.985935 0.96549 0 0 0 1 
4215528470113;0.115928;0.111757;0.999988 0.000914034 -0.00476331 0.0044258 -0.000916324 0.999999 -0.000478682 0.0123438 0.00476287 0.000483041 0.999989 -0.0299416 0 0 0 1 
4215528470114;0.310906;0.157569;0.999999 3.15705e-05 -0.00160906 -0.0159771 -3.78986e-05 0.999992 -0.00393289 -0.0100398 0.00160892 0.00393294 0.999991 -0.27835 0 0 0 1 
4215528470115;0.363564;0.328632;0.99984 -0.0038339 0.0174795 0.0302348 0.00519815 0.996886 -0.078684 0.00289319 -0.0171234 0.0787622 0.996746 -0.0317537 0 0 0 1 
4215528470116;0.348278;0.265197;0.921334 -0.0317211 0.387475 0.212226 -0.012545 0.993721 0.111181 0.0260489 -0.388569 -0.107296 0.915151 0.990597 0 0 0 1 
4215528470117;0.290367;0.264558;0.997809 -0.00417516 -0.0660355 0.0042233 -0.00115897 0.996751 -0.0805329 0.00262895 0.0661572 0.0804329 0.994562 -0.147257 0 0 0 1 
4215528470118;0.65787;0.504555;0.9985 -0.00785796 0.0541861 0.013213 0.0120269 0.996955 -0.0770468 -0.0121789 -0.0534157 0.0775829 0.995554 -0.330093 0 0 0 1 
4215528470119;0.205525;0.154721;0.996077 -0.026483 0.084438 0.0807323 0.0357526 0.993263 -0.110232 -0.0860515 -0.0809498 0.112818 0.990313 0.199513 0 0 0 1 
4215528470120;0.310799;0.229474;0.995178 0.0370583 -0.0908149 -0.0233746 -0.00478643 0.943125 0.332404 0.0883202 0.0979681 -0.330367 0.938755 -0.0558371 0 0 0 1 
4215528470121;0.660347;0.01857;0.939403 -0.0315074 0.341365 0.24579 0.148952 0.934375 -0.323661 -0.491352 -0.308765 0.354895 0.882447 1.18961 0 0 0 1 
4215528470122;0.789381;0.426634;0.984031 -0.0051885 0.177923 -0.0898479 -0.0175311 0.99189 0.125883 -0.0207788 -0.177133 -0.126992 0.975959 -0.0095943 0 0 0 1 
4215528470124;0.80876;0.608378;0.946808 -0.00666419 0.321731 0.213966 0.0601875 0.98581 -0.156704 -0.158661 -0.316121 0.167732 0.933774 0.738846 0 0 0 1 
4215528470125;0.139303;0.107626;0.991681 -0.0191537 -0.127286 0.120504 0.00173113 0.990762 -0.135601 0.0451384 0.128707 0.134253 0.982553 -0.865157 0 0 0 1 
4215528470126;0.0966618;0.0833157;0.998293 -0.00743962 -0.0579283 0.0133007 0.00820213 0.999883 0.0129362 -0.0336196 0.0578253 -0.0133893 0.998237 -0.252711 0 0 0 1 
4215528470127;0.789796;0.337504;0.999964 0.00827945 0.00201773 -0.0857996 -0.00827969 0.999966 0.00010745 0.0342277 -0.00201677 -0.000124153 0.999998 0.671364 0 0 0 1 
4215528470128;0.207096;0.0459514;0.999715 0.0045739 0.0234219 -0.0260954 -0.00454604 0.999989 -0.00124255 0.0074279 -0.0234273 0.00113572 0.999725 -0.0791589 0 0 0 1 
4215528470129;0.938911;0.314747;0.999934 0.00141296 0.0113713 -0.190588 -0.00144242 0.999996 0.00258304 0.0163653 -0.0113676 -0.00259927 0.999932 0.88323 0 0 0 1 
4215528470130;0.991785;0.825753;0.985279 0.0489814 -0.163789 -0.174058 -0.0277526 0.991195 0.129472 0.132195 0.168688 -0.123021 0.977962 -0.117933 0 0 0 1 
4215528470131;0.387282;0.372322;0.999993 -0.00310126 0.00223575 0.0152486 0.00312023 0.999959 -0.00853116 -0.00092392 -0.0022092 0.00853808 0.999961 -0.100086 0 0 0 1 
4215528470132;0.92999;0.441375;0.999729 -0.00287978 0.0231156 0.00878507 0.00383219 0.999141 -0.0412639 0.0313414 -0.0229769 0.0413413 0.998881 -0.747083 0 0 0 1 
4215528470133;0.555582;0.505971;0.999768 -0.00641081 0.0205783 0.00923951 0.0107475 0.975858 -0.218141 0.00549923 -0.0186831 0.218312 0.9757 -0.605746 0 0 0 1 
4215528470134;0.99593;0.736125;0.966532 -0.00319488 0.256527 -0.0636169 -0.0176897 0.996713 0.0790641 0.0592702 -0.255936 -0.0809559 0.963298 0.496905 0 0 0 1 
4215528470135;1.17319;0.916603;0.989224 -0.0264108 0.144009 -0.00199955 0.0806301 0.919274 -0.385272 -0.338815 -0.122208 0.392731 0.911497 0.326407 0 0 0 1 
4215528470136;0.830588;0.806334;0.998237 0.0051388 0.0591305 -0.0397908 -0.0223779 0.955309 0.29476 0.173922 -0.0549732 -0.295564 0.95374 0.989696 0 0 0 1 
4215528470137;0.395265;0.187406;0.987406 -0.0339749 0.154518 0.0389741 -0.0354187 0.904409 0.425193 0.290711 -0.154193 -0.425311 0.891816 1.80453 0 0 0 1 
4215528470138;1.02893;0.991948;0.996304 0.0348642 -0.0785018 -0.0361889 -0.0242435 0.990901 0.132393 0.0836463 0.0824032 -0.13 0.988084 -0.375486 0 0 0 1 
4215528470139;0.649753;0.27862;0.988714 -0.0515825 -0.140656 -0.00646082 0.0199363 0.975808 -0.217719 -0.19973 0.148483 0.212457 0.965823 -0.680847 0 0 0 1 
4215528470140;0.360307;0.0706769;0.902467 -0.0344047 0.429384 0.499909 0.0718267 0.994869 -0.0712486 -0.374901 -0.424729 0.0951407 0.900307 1.76794 0 0 0 1 
4215528470141;0.657293;0.595495;0.997038 0.00393219 -0.0768161 -0.0349601 -0.00552669 0.999773 -0.0205558 0.0108907 0.0767179 0.0209194 0.996833 -0.455914 0 0 0 1 
4215528470142;0.724166;0.597676;0.999965 0.00821955 0.00168181 -0.0482979 -0.00814844 0.99922 -0.0386381 -0.0160784 -0.00199809 0.038623 0.999252 0.258483 0 0 0 1 
4215528470143;0.681426;0.336311;0.942012 0.111719 -0.316438 -0.0902181 -0.0329416 0.969188 0.244108 0.305835 0.33396 -0.219528 0.916667 -1.23342 0 0 0 1 
4215528470144;0.404104;0.377039;0.999991 0.00258805 -0.00346559 -0.0464654 -0.00241802 0.998835 0.0481992 0.00742504 0.0035863 -0.0481904 0.998832 0.00615347 0 0 0 1 
4215528470145;0.189223;0.0324025;0.998023 -0.0493264 -0.038959 0.14661 0.0361508 0.957488 -0.286199 -0.0421908 0.05142 0.284225 0.957378 -0.87985 0 0 0 1 
4215528470146;0.235131;0.184144;0.993441 0.00239256 0.114317 0.0245812 -0.00141644 0.999962 -0.00861917 0.00478142 -0.114333 0.00840072 0.993407 0.604232 0 0 0 1 
4215528470147;0.605051;0.543996;0.998931 0.00188899 -0.0461843 0.0190472 -0.00206571 0.999991 -0.003779 0.0224658 0.0461767 0.00387037 0.998926 -0.457511 0 0 0 1 
4215528470148;0.594371;0.296862;0.909258 -0.0470458 0.413566 0.490275 -0.00095741 0.993353 0.115105 -0.00516387 -0.416232 -0.105056 0.903169 2.48206 0 0 0 1 
4215528470149;0.787506;0.75409;0.999817 -0.000148411 0.0191042 -0.0111438 0.000228754 0.999991 -0.00420342 -0.0413296 -0.0191034 0.00420702 0.999809 0.0502628 0 0 0 1 
4215528470150;0.616542;0.20369;0.985544 -0.000594873 0.169419 0.0391195 -0.00320389 0.99975 0.0221481 0.0300541 -0.169389 -0.0223707 0.985295 1.29968 0 0 0 1 
4215528470151;0.660847;0.577343;0.99973 -0.00941073 0.0212593 -0.0138835 0.010984 0.997112 -0.075141 0.00283202 -0.0204908 0.0753542 0.996946 -0.355089 0 0 0 1 
4215528470152;0.936036;0.215153;0.994844 -0.0031537 0.101368 -0.00169814 -0.00189035 0.998766 0.0496252 0.0120859 -0.1014 -0.049561 0.993611 -0.302441 0 0 0 1 
4215528470153;0.43556;0.424007;0.994866 -0.0156565 -0.0999853 0.0359642 0.00136153 0.989942 -0.141465 0.0430732 0.101195 0.140603 0.984881 -0.775828 0 0 0 1 
4215528470155;0.767559;0.700396;0.999579 0.0226292 -0.0181363 -0.0630597 -0.0205889 0.994183 0.105717 0.0788555 0.0204231 -0.105299 0.994231 -0.220372 0 0 0 1 
4215528470156;0.534127;0.136874;0.957592 0.0623302 -0.281306 0.12682 -0.0358 0.994494 0.0984879 0.195679 0.285896 -0.0842404 0.954551 -1.39141 0 0 0 1 
4215528470157;0.770434;0.404824;0.991232 0.013377 0.131451 -0.12151 -0.0065357 0.998608 -0.0523388 -0.0237743 -0.131969 0.0510208 0.98994 1.12233 0 0 0 1 
4215528470158;0.945303;0.66836;0.984251 0.0611938 -0.165845 0.107056 -0.0336585 0.985883 0.164018 0.20945 0.17354 -0.155853 0.972416 -1.1356 0 0 0 1 
4215528470159;0.28795;0.168291;0.99955 -0.000363083 -0.0299887 -0.0280681 -0.000414237 0.999664 -0.0259102 -0.0138161 0.029988 0.0259109 0.999214 0.123462 0 0 0 1 
4215528470160;0.771203;0.575673;0.998549 -0.00338253 -0.0537509 0.0497326 0.00171937 0.999519 -0.0309583 0.0109066 0.0538298 0.0308209 0.998074 -0.84026 0 0 0 1 
4215528470161;0.233784;0.204335;0.993166 0.00506461 0.116603 0.00119197 -0.00604398 0.999949 0.00804714 0.0207648 -0.116556 -0.00869689 0.993146 0.335051 0 0 0 1 
4215528470162;0.571431;0.4001;0.99783 0.00810019 0.0653386 -0.195712 -0.0190101 0.985581 0.168131 0.123816 -0.0630346 -0.169008 0.983597 0.663382 0 0 0 1 
4215528470163;0.611739;0.224385;0.998995 -0.0122121 0.0431375 -0.117213 0.0133007 0.999598 -0.0250392 -0.0305399 -0.0428144 0.0255878 0.998755 0.777655 0 0 0 1 
4215528470164;0.552648;0.52382;0.999143 -0.00196525 0.0413524 -0.00426775 0.00367298 0.999142 -0.0412616 -0.0373066 -0.0412358 0.0413781 0.998292 0.165588 0 0 0 1 
4215528470165;0.294545;0.255981;0.999061 0.00333674 -0.0431971 0.0101984 -0.00209225 0.999582 0.0288228 0.0299485 0.0432752 -0.0287054 0.998651 -0.240826 0 0 0 1 
4215528470166;0.624564;0.553097;0.998829 -0.00363126 0.0482398 0.0380668 0.00566602 0.999097 -0.0421105 -0.0309067 -0.0480433 0.0423345 0.997948 -0.187212 0 0 0 1 
4215528470167;0.723593;0.233388;0.999961 0.00886357 -0.00052156 -0.119408 -0.00887889 0.998157 -0.06003 -0.0118338 -1.14809e-05 0.0600322 0.998196 0.784247 0 0 0 1 
4215528470168;0.682452;0.421909;0.9282 0.0843754 -0.36239 -0.181811 -0.055714 0.994486 0.0888448 0.144016 0.367888 -0.0622755 0.927783 -0.462565 0 0 0 1 
4215528470169;0.452691;0.163182;0.996562 0.0280133 -0.0779754 0.0247646 -0.0188877 0.99314 0.1154 0.106582 0.0806732 -0.11353 0.990254 -0.604917 0 0 0 1 
4215528470170;0.927037;0.511532;0.975988 0.135789 -0.170321 -0.0473101 -0.0528289 0.90613 0.419688 0.44879 0.211322 -0.400613 0.891545 -0.849023 0 0 0 1 
4215528470171;0.544194;0.393213;0.915387 -0.0352722 -0.401026 0.398492 -0.0580457 0.974181 -0.21818 0.275418 0.398368 0.222997 0.889705 -1.7299 0 0 0 1 
4215528470172;0.700934;0.550462;0.905456 -0.00917393 0.42434 0.323019 0.0229109 0.999365 -0.0272818 -0.0932676 -0.423821 0.0344245 0.905092 1.72709 0 0 0 1 
4215528470173;0.534414;0.300115;0.983829 0.0104963 -0.1788 0.0950214 -0.0143249 0.999695 -0.0201352 0.057877 0.178534 0.0223709 0.983679 -1.12216 0 0 0 1 
4215528470174;0.297039;0.0522463;0.999609 0.0236341 0.0149391 -0.0630963 -0.0258847 0.984245 0.174905 0.0856959 -0.01057 -0.175223 0.984472 -0.0822639 0 0 0 1 
4215528470175;0.347703;0.201635;0.994599 0.012695 0.103014 0.0123499 -0.0529734 0.915583 0.398625 0.164745 -0.0892573 -0.401929 0.91131 0.548213 0 0 0 1 
4215528470176;0.75672;0.614276;0.950398 -0.0198973 0.310401 0.091831 0.0826395 0.978237 -0.190322 -0.169966 -0.299859 0.206533 0.931359 0.465695 0 0 0 1 
4215528470177;0.756848;0.265788;0.998268 0.0458949 -0.0368193 0.000583238 -0.0327034 0.952993 0.301222 0.0366781 0.048913 -0.299496 0.952843 -0.680527 0 0 0 1 
4215528470178;0.523311;0.509171;0.983 -0.0113016 -0.18326 0.142995 -0.00502873 0.996072 -0.0884014 0.0627049 0.183539 0.0878201 0.979082 -0.888821 0 0 0 1 
4215528470179;0.41696;0.265431;0.95814 0.0978568 -0.269057 -0.0281264 -0.0277165 0.967063 0.253022 0.201994 0.284955 -0.234973 0.929294 -0.736707 0 0 0 1 
4215528470180;0.591922;0.266148;0.992812 0.0305811 -0.11571 -0.00906245 -0.0272841 0.999178 0.0299706 0.233669 0.116531 -0.0265981 0.992831 -0.886036 0 0 0 1 
4215528470181;0.100371;0.0503097;0.999316 0.0254383 -0.0268319 -0.0587566 -0.0219261 0.99205 0.123919 0.0739891 0.0297709 -0.123246 0.99193 0.0243728 0 0 0 1 
4215528470182;0.852078;0.317482;0.99234 0.00138723 -0.123531 0.164334 0.0038074 0.999119 0.0418052 -0.00113456 0.12348 -0.0419553 0.99146 -1.27334 0 0 0 1 
4215528470183;0.165427;0.0229329;0.998911 -0.0115398 0.0452003 0.102769 0.0164562 0.9938 -0.109955 -0.0514572 -0.0436512 0.110579 0.992908 0.143746 0 0 0 1 
4215528470184;0.841318;0.457417;0.879024 -0.0174056 -0.47646 0.631562 -0.02845 0.995638 -0.0888594 0.19899 0.475928 0.0916648 0.874694 -2.41874 0 0 0 1 
4215528470186;0.933251;0.562763;0.999833 -0.00120471 0.018253 -0.0149454 -0.000599955 0.995133 0.098543 -0.0545589 -0.0182829 -0.0985375 0.994965 -0.530628 0 0 0 1 
4215528470187;0.872934;0.561622;0.959401 -0.0378343 -0.279498 0.354241 -0.0320799 0.969894 -0.241407 0.361485 0.280217 0.240572 0.929303 -2.31731 0 0 0 1 
4215528470188;0.636802;0.420861;0.999819 -0.00317656 -0.0187346 0.00158663 -0.000170018 0.984393 -0.175983 -0.0555925 0.0190012 0.175954 0.984215 0.0029734 0 0 0 1 
4215528470189;0.616608;0.417523;0.920008 -0.00197649 0.391894 0.33841 0.0443067 0.994101 -0.0990006 -0.227058 -0.389386 0.108445 0.914668 1.73997 0 0 0 1 
4215528470190;0.721491;0.430931;0.999955 0.00449651 0.00837871 -0.0129465 -0.00433526 0.999807 -0.0191647 0.0186927 -0.00846327 0.0191275 0.999781 -0.537883 0 0 0 1 
4215528470191;0.988569;0.413428;0.999602 0.0281116 -0.00249372 -0.160185 -0.0277162 0.9945 0.100999 0.100421 0.00531923 -0.100889 0.994883 1.01573 0 0 0 1 
4215528470192;0.483071;0.455921;0.996995 -0.00303994 0.0774076 0.0333906 0.00997623 0.995948 -0.0893791 -0.0338976 -0.0768223 0.0898827 0.992985 0.210595 0 0 0 1 
4215528470193;1.00219;0.787882;0.993137 -0.00897685 0.116613 0.0654837 0.000848778 0.997577 0.0695649 -0.040929 -0.116955 -0.0689885 0.990738 1.16935 0 0 0 1 
4215528470194;0.574823;0.493885;0.970831 -0.0324517 -0.237559 0.300657 -0.0381251 0.957298 -0.286577 0.325109 0.236715 0.287274 0.928138 -1.81754 0 0 0 1 
4215528470195;0.262201;0.209557;0.999747 0.0135629 -0.0179683 -0.0549097 -0.0127656 0.99896 0.0437665 0.0630791 0.0185432 -0.043526 0.99888 0.0939318 0 0 0 1 
4215528470196;0.705585;0.287138;0.999613 0.0140563 0.0240115 -0.0820617 -0.0164302 0.994678 0.101714 0.0742207 -0.0224539 -0.10207 0.994524 0.91571 0 0 0 1 
4215528470197;0.958351;0.611538;0.973405 -0.00497352 -0.229036 -0.0350294 -0.00992853 0.997909 -0.0638659 0.0200726 0.228875 0.0644414 0.97132 -0.437814 0 0 0 1 
4215528470198;0.657229;0.551387;0.992324 0.0202489 -0.121994 0.0522324 -0.013626 0.9984 0.0548799 0.0993379 0.12291 -0.0527964 0.991012 -0.617881 0 0 0 1 
4215528470199;0.280312;0.195244;0.957114 -0.0138226 0.289381 0.129764 -0.057683 0.96977 0.237106 0.317503 -0.28391 -0.24363 0.927383 1.59108 0 0 0 1 
4215528470200;0.717676;0.613565;0.976352 0.0492859 -0.210493 -0.0429532 -0.030225 0.995223 0.0928307 0.112874 0.214063 -0.0842733 0.973178 -0.541859 0 0 0 1 
4215528470201;0.269494;0.205576;0.998863 -0.0119568 0.0461561 0.0323927 0.0127257 0.999785 -0.0164003 -0.0329425 -0.0459501 0.016969 0.9988 0.288061 0 0 0 1 
4215528470202;0.839096;0.501148;0.956027 -0.0224659 0.292416 -0.0177717 0.00559976 0.998278 0.0583885 -0.0566113 -0.293224 -0.0541835 0.954507 0.682407 0 0 0 1 
4215528470203;0.446878;0.445861;0.999904 0.00360929 -0.0133902 -0.0182606 -0.00351688 0.99997 0.00691845 -0.0132941 0.0134148 -0.00687069 0.999886 0.00214967 0 0 0 1 
4215528470204;0.245546;0.2359;0.999918 -0.00493069 -0.0118402 0.00448676 0.00462656 0.999662 -0.0255782 -0.0232846 0.0119623 0.0255213 0.999603 -0.0915194 0 0 0 1 
4215528470205;0.862633;0.0376842;0.99967 0.0252024 -0.00494387 -0.0897153 -0.0251948 0.999681 0.00159357 -0.0581409 0.00498245 -0.00146849 0.999987 0.83098 0 0 0 1 
4215528470206;0.412937;0.271816;0.999097 0.0292793 -0.0307955 -0.0566638 -0.0191777 0.957411 0.288092 0.0802007 0.0379191 -0.287241 0.957107 0.270879 0 0 0 1 
4215528470207;0.79837;0.337584;0.998841 0.0420506 -0.0234393 0.0880361 -0.0272728 0.895469 0.444287 0.0786192 0.0396717 -0.443133 0.895578 0.301391 0 0 0 1 
4215528470208;0.797346;0.292501;0.998187 0.0151373 0.0582545 -0.126279 -0.0278784 0.974055 0.224589 0.245605 -0.0533434 -0.225806 0.972711 1.3993 0 0 0 1 
4215528470209;0.744174;0.265987;0.999787 0.000829974 -0.0206394 -0.00622447 -0.0011696 0.999864 -0.0164485 0.0228017 0.0206229 0.0164692 0.999652 0.567634 0 0 0 1 
4215528470210;0.00963021;0.0129317;0.999987 -0.00154762 0.00487435 0.0156878 0.00156243 0.999994 -0.00303451 -0.0108911 -0.00486963 0.00304209 0.999984 0.00647241 0 0 0 1 
4215528470211;0.575999;0.223111;0.994154 0.0314763 -0.103282 0.0483968 -0.0276814 0.998895 0.0379731 0.134595 0.104363 -0.0348921 0.993927 -0.849006 0 0 0 1 
4215528470212;0.0961837;0.0284061;0.999313 -0.0355307 -0.0105626 0.109138 0.0338133 0.990542 -0.132979 -0.11666 0.0151875 0.132531 0.991063 -0.284032 0 0 0 1 
4215528470213;0.289621;0.232971;0.968252 -0.0604147 -0.242567 0.295165 -0.020558 0.947824 -0.31813 0.265432 0.249131 0.313016 0.91649 -1.65807 0 0 0 1 
4215528470214;0.573067;0.23583;0.999419 0.00521464 -0.0336699 0.0238571 -0.00360704 0.998858 0.0476314 0.0616546 0.0338799 -0.0474823 0.998297 -0.576574 0 0 0 1 
4215528470215;0.890995;0.342807;0.999964 -0.0079786 0.00294061 0.0379395 0.00801398 0.999893 -0.0122255 0.0104787 -0.00284275 0.0122486 0.999921 -0.810446 0 0 0 1 
4215528470217;1.22438;0.312389;0.999873 0.00459165 -0.0152495 0.23536 -0.00498909 0.999646 -0.0261271 0.265197 0.0151241 0.0261999 0.999542 -0.975091 0 0 0 1 
4215528470218;0.463441;0.569075;0.999548 -0.0287178 -0.00894344 0.114747 0.0267064 0.984145 -0.175344 -0.0399179 0.0138371 0.175026 0.984467 -1.06758 0 0 0 1 
4215528470219;1.25639;1.06774;0.996475 0.078393 -0.02987 -0.177902 -0.0673529 0.959871 0.272235 0.544642 0.0500126 -0.269264 0.961767 0.508683 0 0 0 1 
4215528470220;0.864498;0.514188;0.988201 0.0524663 0.143896 -0.329606 -0.106167 0.911814 0.396641 1.0055 -0.110396 -0.407238 0.906626 3.15289 0 0 0 1 
4215528470221;0.77456;0.776068;0.975433 -0.00412175 0.22026 -0.0649938 0.000608484 0.999872 0.016016 -0.074877 -0.220297 -0.0154885 0.97531 2.3161 0 0 0 1 
4215528470222;0.34545;0.356512;0.999054 -0.00738717 0.0428561 0.00978115 0.00842856 0.999672 -0.0241703 -0.0134996 -0.0426635 0.0245086 0.998789 0.25031 0 0 0 1 
4215528470223;0.822643;0.471667;0.995546 -0.054024 -0.0772589 0.519614 0.0435942 0.990446 -0.13083 -0.195097 0.0835887 0.12688 0.98839 -1.9129 0 0 0 1 
4215528470224;0.61224;0.472504;0.997496 -0.0423276 0.0566648 0.152226 0.050517 0.9871 -0.151926 -0.320866 -0.0495031 0.154408 0.986766 -0.0733058 0 0 0 1 
4215528470225;0.96443;0.810962;0.999825 0.00142896 0.0186407 0.00166046 -0.00153999 0.999981 0.00594296 0.0698242 -0.0186319 -0.00597063 0.999809 -0.0438597 0 0 0 1 
4215528470226;1.60186;0.355007;0.998038 0.0597638 0.0186761 -0.615273 -0.062376 0.923008 0.379691 0.638393 0.00545358 -0.380111 0.924925 2.88897 0 0 0 1 
4215528470227;0.62327;0.180305;0.993362 -0.0070692 0.114812 -0.0620759 0.0137758 0.998237 -0.0577257 -0.0569148 -0.114202 0.0589241 0.991709 0.555225 0 0 0 1 
4215528470228;0.76285;0.742687;0.970174 0.0451232 -0.238172 0.378479 -0.0218854 0.994814 0.0993253 0.134965 0.241419 -0.0911504 0.966131 -2.00199 0 0 0 1 
4215528470229;0.828483;0.543398;0.93172 0.0115493 -0.362992 1.05646 -0.0331245 0.998031 -0.0532689 0.497079 0.361662 0.0616557 0.930268 -4.10319 0 0 0 1 
4215528470230;1.52282;1.46188;0.999924 0.0109467 -0.00564758 -0.0766035 -0.0108331 0.999746 0.0197714 0.106473 0.00586257 -0.0197087 0.999789 -0.0278596 0 0 0 1 
4215528470231;1.36079;1.27936;0.956564 0.0521668 -0.286817 0.690762 -0.0459773 0.998542 0.0282777 0.445155 0.287874 -0.0138623 0.957568 -3.07578 0 0 0 1 
4215528470232;1.01124;0.572502;0.996592 0.005944 0.0822792 -0.0831962 -0.0100113 0.998743 0.0491094 0.0238364 -0.0818839 -0.0497657 0.995399 0.683859 0 0 0 1 
4215528470233;0.360528;0.210437;0.999942 -0.00868569 -0.00635715 0.0515846 0.00870716 0.999956 0.00335759 -0.127277 0.00632771 -0.00341275 0.999974 0.112054 0 0 0 1 
4215528470234;0.247697;0.162443;0.999997 -0.00230205 0.00034452 -0.0318403 0.00230257 0.999996 -0.00151421 -0.0301762 -0.000341033 0.001515 0.999999 -0.0480745 0 0 0 1 
4215528470235;1.12906;1.19705;0.983381 -0.0457775 -0.175688 0.620866 0.0057009 0.974999 -0.222136 0.361108 0.181465 0.217443 0.959056 -3.1527 0 0 0 1 
4215528470236;0.421865;0.236935;0.989775 0.133845 -0.0493015 -0.513366 -0.11341 0.94809 0.297093 1.15823 0.0865067 -0.288464 0.953575 0.613745 0 0 0 1 
4215528470237;1.6174;1.01815;0.999824 0.0127543 -0.0137387 -0.183598 -0.0125885 0.999848 0.0120854 -0.0167613 0.0138907 -0.0119103 0.999833 0.643348 0 0 0 1 
4215528470238;1.42655;0.289368;0.975168 -0.0645506 0.21185 0.065001 0.0960818 0.985179 -0.142091 -1.07492 -0.199538 0.158918 0.966918 2.05741 0 0 0 1 
4215528470239;1.23487;0.420052;0.993194 0.0440343 -0.107827 -0.19828 -0.0397729 0.998352 0.041358 0.34019 0.109471 -0.0367879 0.993309 -0.302109 0 0 0 1 
4215528470240;1.31981;0.412729;0.996849 -0.0391353 0.0689985 -0.0406681 0.0424208 0.998003 -0.0468129 -0.456877 -0.0670286 0.0495924 0.996518 1.1544 0 0 0 1 
4215528470241;0.144224;0.0885341;0.994938 -0.0388282 0.0926849 0.136055 0.0452093 0.996676 -0.0677714 -0.37763 -0.0897454 0.0716185 0.993386 0.530074 0 0 0 1 
4215528470242;0.341886;0.22052;0.996749 -0.053763 0.0600021 0.245109 0.0608763 0.990435 -0.123824 -0.429393 -0.0527711 0.127074 0.990488 -0.218835 0 0 0 1 
4215528470243;0.806737;0.721966;0.998574 -0.0220859 0.048598 0.0032317 0.0250198 0.997848 -0.0606146 -0.136262 -0.0471547 0.0617441 0.996977 0.0281944 0 0 0 1 
4215528470244;0.044198;0.0500553;0.999938 0.0098036 -0.00522993 -0.0624673 -0.00979422 0.99995 0.0018156 0.107352 0.00524747 -0.00176427 0.999985 -0.0714615 0 0 0 1 
4215528470245;1.65415;0.746463;0.99994 0.00707637 0.00839712 0.124638 -0.00650404 0.997776 -0.0663312 0.447441 -0.00884784 0.0662726 0.997762 -1.09899 0 0 0 1 
4215528470246;0.359411;0.360383;0.994919 -0.0435995 0.0907496 0.152437 0.05201 0.994355 -0.0924782 -0.368707 -0.0862053 0.0967282 0.991571 0.382783 0 0 0 1 
4215528470248;1.05013;0.993129;0.991873 0.010963 -0.126763 0.00350676 -0.0148816 0.999439 -0.0300074 0.086554 0.126362 0.03165 0.991479 -0.615679 0 0 0 1 
4215528470249;0.429566;0.0724248;0.975365 -0.0408644 0.216779 0.211494 -0.0209357 0.96111 0.275373 0.156706 -0.219601 -0.273127 0.936577 2.74268 0 0 0 1 
4215528470250;0.0803374;0.0471854;0.999458 0.0252719 -0.0210764 -0.129519 -0.0235878 0.996779 0.0766483 0.106865 0.0229456 -0.0761096 0.996835 0.165669 0 0 0 1 
4215528470251;0.907231;0.829429;0.995586 -0.00479629 0.0937305 -0.0548797 -0.00272333 0.996796 0.0799339 -0.00384452 -0.0938136 -0.0798363 0.992384 0.667251 0 0 0 1 
4215528470252;0.54782;0.0647036;0.999921 0.00688005 -0.0105311 -0.013856 -0.0066624 0.999766 0.020565 -0.00373579 0.0106701 -0.0204932 0.999733 -0.497 0 0 0 1 
4215528470253;0.780027;0.698383;0.971981 0.0321701 -0.232847 0.149007 -0.0280368 0.999385 0.02104 0.209792 0.233381 -0.0139222 0.972286 -1.39598 0 0 0 1 
4215528470254;0.503441;0.123243;0.978454 -0.0230737 0.205173 0.163205 -0.0150928 0.983084 0.182534 -0.0157078 -0.205914 -0.181697 0.961554 1.52969 0 0 0 1 
4215528470255;0.683372;0.486907;0.996898 -0.0285636 0.0733406 0.0542049 0.0348847 0.995649 -0.086407 -0.251106 -0.0705534 0.0886974 0.993557 0.416762 0 0 0 1 
4215528470256;0.928983;0.545984;0.997039 0.0376966 -0.0670227 -0.230356 -0.0348972 0.998488 0.0424606 0.12017 0.068522 -0.039996 0.996848 0.435941 0 0 0 1 
4215528470257;0.749547;0.257923;0.995449 -0.0223296 -0.0926446 0.283107 0.00494671 0.982958 -0.183765 0.226665 0.0951691 0.18247 0.978595 -1.85232 0 0 0 1 
