#;prob_registration_l1 -r /home/probabilistic_point_clouds_registration/build/tester /home/point_clouds_registration_benchmark//devel/registration_pairs/planetary_map_local.txt /home/point_clouds_registration_benchmark//planetary/p2at_met -s 0.2 -t 0.2 -p 0.3 -r 1000 -m 1 -i 40 
id;initial_error;final_error;transformation
25528382210000;2.8561;1.73481;0.999957 -0.00593042 -0.00716991 -0.503811 0.00608869 0.999734 0.0222576 -0.0450058 0.007036 -0.0223003 0.999727 1.01277 0 0 0 1 
25528382210001;2.11331;1.87987;0.999818 0.0181438 -0.00588829 0.955446 -0.0168772 0.985262 0.170216 -0.554829 0.00888987 -0.170086 0.985389 -9.24771 0 0 0 1 
25528382210002;1.70145;1.64359;0.974198 0.00254273 0.225682 0.622702 0.0527644 0.969661 -0.238692 -2.20635 -0.219442 0.244441 0.944507 13.6587 0 0 0 1 
25528382210003;1.37022;0.634344;0.999991 0.00355414 0.00249096 0.0443111 -0.00356871 0.999976 0.00587076 -0.0242743 -0.00247003 -0.0058796 0.99998 0.870355 0 0 0 1 
25528382210004;1.75339;1.35832;0.967621 -0.0373005 0.249635 -1.50666 0.00649541 0.992373 0.123103 -0.260705 -0.252323 -0.117496 0.960483 -5.44104 0 0 0 1 
25528382210005;0.735848;0.345843;0.993677 -0.00417351 0.112199 -0.0323702 0.0377199 0.953636 -0.298588 -3.10963 -0.105751 0.300932 0.947764 16.14 0 0 0 1 
25528382210006;1.57164;0.649306;0.997438 0.00073458 -0.0715294 0.20798 -0.00215722 0.999801 -0.0198137 0.151186 0.0715006 0.0199173 0.997242 -0.949334 0 0 0 1 
25528382210007;1.73822;1.60079;0.999909 -0.00327372 -0.0130759 -0.038977 0.00268136 0.99898 -0.0450655 -0.0697004 0.0132101 0.0450263 0.998898 1.62693 0 0 0 1 
25528382210008;0.906109;0.931862;0.994979 0.0014434 0.100076 0.253334 -0.00308784 0.999863 0.016279 0.0767931 -0.100039 -0.0165063 0.994847 -0.27182 0 0 0 1 
25528382210009;0.490985;0.319746;0.972709 0.0255136 -0.230623 1.17746 -0.00136371 0.994548 0.104274 -0.048181 0.232026 -0.101114 0.96744 -6.57276 0 0 0 1 
25528382210010;2.17163;1.50518;0.988954 -0.0188892 -0.147017 -0.798146 -0.0460321 0.903667 -0.425754 -4.04505 0.140897 0.427819 0.892815 18.2063 0 0 0 1 
25528382210011;2.42393;2.07515;0.999783 0.0202442 -0.00496546 1.16588 -0.0194167 0.99114 0.131391 -0.248723 0.00758139 -0.131266 0.991318 -8.03618 0 0 0 1 
25528382210012;1.04957;0.643876;0.997514 -0.00821869 -0.0699919 -0.446531 0.00412524 0.998283 -0.0584295 -0.271792 0.070352 0.0579955 0.995835 3.03371 0 0 0 1 
25528382210013;1.47687;1.23288;0.999999 0.000532273 0.00135346 0.0792022 -0.000539492 0.999986 0.00533903 -0.0127193 -0.0013506 -0.00533975 0.999985 0.382475 0 0 0 1 
25528382210014;2.77484;2.27441;0.984217 -0.0352656 0.173418 -1.19263 -0.0306695 0.931124 0.363411 -2.84969 -0.17429 -0.362994 0.915346 -16.1443 0 0 0 1 
25528382210015;1.8346;1.66053;0.996775 -0.00458882 0.0801182 -0.100754 0.00940015 0.998167 -0.0597795 -0.321783 -0.079697 0.0603398 0.994991 4.24765 0 0 0 1 
25528382210016;0.567147;0.319342;0.993808 0.0257941 -0.108072 1.29172 -0.00763456 0.986233 0.165184 -0.42151 0.110845 -0.163336 0.980324 -9.39806 0 0 0 1 
25528382210017;2.04883;1.36646;0.950355 0.0630222 -0.304718 2.89062 0.00901983 0.973284 0.229427 -1.1623 0.311036 -0.220786 0.924397 -11.9386 0 0 0 1 
25528382210018;2.95759;1.89931;0.999537 0.030319 -0.00258341 1.27866 -0.0270431 0.924035 0.381351 -2.76367 0.0139493 -0.381105 0.924427 -17.1029 0 0 0 1 
25528382210019;2.21355;1.99861;0.995577 0.00844248 0.0935683 0.645167 -0.00816331 0.999961 -0.00336594 0.161227 -0.093593 0.00258723 0.995607 -0.144162 0 0 0 1 
25528382210020;0.308749;0.193645;0.985114 -0.0157249 0.171182 -0.523033 0.0571622 0.969105 -0.239933 -2.26306 -0.16212 0.246147 0.955578 13.2383 0 0 0 1 
25528382210021;1.80312;1.53405;0.99994 0.00591168 -0.00924153 0.239438 -0.00531203 0.99796 0.0636165 -0.0303624 0.00959877 -0.0635636 0.997932 -2.46024 0 0 0 1 
25528382210022;2.94324;2.58998;0.878154 -0.0250131 -0.477723 -1.19605 -0.0145366 0.996776 -0.0789114 -0.0404504 0.478157 0.0762409 0.874959 1.17145 0 0 0 1 
25528382210023;1.21687;1.25001;0.889614 -0.000369586 -0.456712 0.349022 -0.0371797 0.996622 -0.0732276 0.27064 0.455197 0.0821248 0.886595 0.403653 0 0 0 1 
25528382210024;1.44022;1.37799;0.999323 -0.00336608 0.0366239 -0.0572195 0.00454322 0.999474 -0.0321057 -0.122569 -0.0364966 0.0322504 0.998813 1.37256 0 0 0 1 
25528382210025;2.35204;2.28979;0.999966 0.00308933 -0.00763232 0.24116 -0.00300126 0.999929 0.0115234 -0.0272668 0.00766737 -0.0115001 0.999904 -0.834145 0 0 0 1 
25528382210026;1.69358;0.666392;0.997016 -0.0151515 0.0756923 -0.7345 0.0136092 0.99969 0.0208505 0.0335172 -0.0759847 -0.0197582 0.996913 -1.94174 0 0 0 1 
25528382210027;2.42888;1.84663;0.997668 -0.0100435 0.0675146 -0.406187 0.0117956 0.999603 -0.0256039 -0.264387 -0.0672306 0.0263406 0.99739 3.50999 0 0 0 1 
25528382210028;0.814222;0.315316;0.971202 -0.00730794 -0.238147 -0.207289 -0.011492 0.996929 -0.0774587 -0.00348173 0.237982 0.0779648 0.968135 1.50381 0 0 0 1 
25528382210029;0.390701;0.326501;0.971076 -0.0530392 -0.232806 -2.67988 -0.013977 0.960717 -0.277176 -2.12248 0.238362 0.272413 0.932188 11.6926 0 0 0 1 
25528382210031;1.54457;0.772961;0.999801 0.00842166 -0.0180948 0.340599 -0.00739289 0.998393 0.056188 -0.0531413 0.0185389 -0.056043 0.998256 -3.30902 0 0 0 1 
25528382210032;0.49374;0.512656;0.999864 0.0164696 0.000319512 0.555898 -0.0163783 0.991867 0.126217 -0.00650926 0.00176183 -0.126205 0.992003 -3.78764 0 0 0 1 
25528382210033;0.496545;0.317427;0.998183 0.00385885 0.0601233 0.197318 -0.00501694 0.999805 0.0191229 -0.00515924 -0.0600378 -0.0193898 0.998008 -0.524475 0 0 0 1 
25528382210034;1.67751;1.32028;0.999592 -0.0125337 -0.0256543 -0.288602 0.00993572 0.995038 -0.0990029 -0.248869 0.0267679 0.0987077 0.994756 1.75542 0 0 0 1 
25528382210035;1.14274;0.402779;0.996888 0.00310922 -0.0787664 0.203337 0.000694395 0.998837 0.0482164 -0.0705099 0.0788247 -0.0481211 0.995726 -3.33923 0 0 0 1 
25528382210036;0.657758;0.309964;0.998637 0.00928304 0.0513647 0.284942 -0.0155175 0.992366 0.122345 0.0246096 -0.0498369 -0.122975 0.991158 -2.77354 0 0 0 1 
25528382210037;0.42747;0.179297;0.943523 0.0107924 -0.33113 0.639021 0.0104524 0.998002 0.0623106 -0.14572 0.331141 -0.0622526 0.941526 -5.15496 0 0 0 1 
25528382210038;2.16463;1.62259;0.995379 -0.00977861 -0.0955221 -0.496209 0.00673293 0.99946 -0.032155 -0.0931337 0.095785 0.0313633 0.994908 1.72518 0 0 0 1 
25528382210039;1.45509;1.27074;0.99975 0.00648534 0.02138 0.109522 -0.0079279 0.997647 0.0680934 0.105181 -0.0208881 -0.0682459 0.99745 -1.11771 0 0 0 1 
25528382210040;1.05221;0.996702;0.995982 -0.00643724 -0.0893188 -0.211618 0.00199798 0.998762 -0.0497019 -0.0649679 0.0895282 0.0493237 0.994762 0.474193 0 0 0 1 
25528382210041;1.71424;0.904546;0.907811 -0.0127779 0.419186 1.04813 -0.0126236 0.99825 0.0577678 0.167098 -0.41919 -0.0577339 0.906061 3.45705 0 0 0 1 
25528382210042;0.574012;0.403148;0.988235 -0.00683613 0.152793 0.0346766 0.0557919 0.946275 -0.318514 -2.53232 -0.142407 0.323291 0.935523 11.481 0 0 0 1 
25528382210043;0.513876;0.303413;0.999711 0.0200464 0.0132508 0.692282 -0.0223151 0.979042 0.202431 -0.349234 -0.00891508 -0.202669 0.979207 -6.60948 0 0 0 1 
25528382210044;0.355334;0.193391;0.913971 -0.0177268 0.405392 0.618227 -0.0407106 0.989999 0.135074 0.178339 -0.403732 -0.139957 0.904109 -0.936236 0 0 0 1 
25528382210045;1.15928;1.15169;0.999281 -0.00694437 -0.0372709 -0.192076 0.00523431 0.998938 -0.0457848 -0.123229 0.0375493 0.0455568 0.998256 0.804511 0 0 0 1 
25528382210046;2.5411;1.31718;0.995075 0.0103121 0.0985887 0.488206 -0.0495495 0.91315 0.4046 -2.33098 -0.085854 -0.407492 0.909164 -13.9419 0 0 0 1 
25528382210047;2.63214;2.19607;0.963395 -0.0801816 -0.255813 -2.66728 -0.0118206 0.940592 -0.339334 -2.31679 0.267824 0.329937 0.905214 8.662 0 0 0 1 
25528382210048;0.0550198;0.0303042;0.999767 0.00085025 -0.0215611 -0.00696097 -0.00115929 0.999897 -0.0143247 0.0026811 0.0215467 0.0143464 0.999665 0.194308 0 0 0 1 
25528382210049;0.624254;0.364485;0.998991 0.0142889 0.0425813 0.458088 -0.0233315 0.975191 0.220134 -0.337031 -0.0383794 -0.220905 0.97454 -5.99478 0 0 0 1 
25528382210050;1.7141;0.329373;0.999726 0.00452266 0.0229877 0.0355097 -0.00340448 0.99882 -0.048451 0.0617841 -0.0231797 0.0483595 0.998561 3.53302 0 0 0 1 
25528382210051;0.731618;0.736816;0.998966 0.0100498 -0.0443484 0.259315 -0.00567826 0.995208 0.0976185 0.0147318 0.0451169 -0.0972657 0.994235 -3.3327 0 0 0 1 
25528382210052;0.501673;0.471293;0.946435 0.0204617 -0.322246 0.833486 0.0164723 0.993631 0.111472 -0.303595 0.322474 -0.110809 0.94007 -6.17008 0 0 0 1 
25528382210053;0.245766;0.22633;0.996375 -0.00065019 0.0850699 0.0512282 0.0130455 0.989312 -0.145233 -0.552482 -0.0840662 0.145816 0.985734 5.07445 0 0 0 1 
25528382210054;2.27774;1.81284;0.998367 -0.00522002 0.0568831 -0.159785 0.00822942 0.998571 -0.0527998 -0.123633 -0.0565263 0.0531817 0.996984 3.50049 0 0 0 1 
25528382210055;0.613367;0.616706;0.997189 0.00257339 -0.0748868 -0.0307379 0.000127701 0.99935 0.0360418 -0.00748392 0.0749309 -0.0359501 0.99654 -1.60399 0 0 0 1 
25528382210056;2.21606;2.06622;0.993071 0.0349695 -0.112194 1.14842 -0.0091706 0.974849 0.222676 -0.583071 0.117159 -0.220104 0.968415 -8.53433 0 0 0 1 
25528382210057;2.17431;2.0657;0.999958 -0.00813828 -0.0043284 -0.31943 0.00798915 0.999409 -0.0334221 -0.107862 0.00459784 0.0333861 0.999432 1.78888 0 0 0 1 
25528382210058;0.777574;0.640997;0.945007 0.0905122 -0.314277 2.99725 0.0346162 0.927862 0.371314 -2.17754 0.325214 -0.361773 0.873702 -13.7966 0 0 0 1 
25528382210059;0.655634;0.214319;0.998581 0.0129572 -0.0516537 0.426384 -0.00791514 0.995287 0.0966477 -0.0521828 0.0526625 -0.0961017 0.993977 -4.10664 0 0 0 1 
25528382210060;1.3379;0.409105;0.945541 -0.0508091 -0.321514 -1.72077 -0.0164774 0.979005 -0.203171 -0.929037 0.325086 0.197405 0.924852 4.5048 0 0 0 1 
25528382210062;1.314;1.09701;0.996438 0.00587948 -0.0841257 0.105725 -0.0018503 0.998851 0.0478928 -0.0474993 0.0843106 -0.0475666 0.995304 -2.02183 0 0 0 1 
25528382210063;2.15505;1.55376;0.999988 -0.00479482 -0.000824656 -0.327988 0.00474541 0.998634 -0.0520399 0.0126973 0.00107305 0.0520354 0.998645 3.08661 0 0 0 1 
25528382210064;0.553066;0.42028;0.985073 -0.00389523 0.172092 -0.316944 0.0302121 0.988137 -0.150571 -0.810695 -0.169464 0.153523 0.973505 10.3728 0 0 0 1 
25528382210065;1.61508;0.626091;0.994451 0.0236323 -0.102515 1.63095 -0.00608815 0.985738 0.168179 -0.899259 0.105028 -0.166621 0.980411 -12.2092 0 0 0 1 
25528382210066;1.78743;1.1008;0.999947 0.00439486 0.00930728 0.27438 -0.00462273 0.999687 0.0246045 0.0473604 -0.00919623 -0.0246463 0.999654 -0.967725 0 0 0 1 
25528382210067;0.672032;0.606536;0.994103 -0.0153337 -0.107347 -1.99759 0.00523417 0.995583 -0.0937396 -0.574995 0.10831 0.092625 0.989793 11.9606 0 0 0 1 
25528382210068;1.84994;0.859245;0.998068 0.00774689 -0.0616494 0.126655 -0.00480945 0.998852 0.047654 0.0131347 0.0619478 -0.0472654 0.99696 -1.41764 0 0 0 1 
25528382210069;2.23987;0.491784;0.981411 -0.0323154 -0.189177 -3.68831 -0.0127562 0.972558 -0.23231 -3.20077 0.191493 0.230404 0.954067 24.8951 0 0 0 1 
25528382210070;2.2156;0.921707;0.999984 -0.000232908 -0.00563707 -0.2411 0.000241331 0.999999 0.00149364 -0.0546311 0.00563672 -0.00149498 0.999983 2.36988 0 0 0 1 
25528382210071;1.44584;1.28063;0.998828 -0.0474601 0.00947135 -4.6547 0.0465877 0.889919 -0.453733 -10.8715 0.0131055 0.453643 0.891087 44.4029 0 0 0 1 
25528382210072;1.6175;1.69306;0.998411 -0.0394705 -0.0402136 -4.09607 0.0223265 0.932367 -0.360822 -7.3016 0.0517357 0.359351 0.931767 37.1403 0 0 0 1 
25528382210073;2.148;0.385622;0.999101 0.00506746 -0.0420848 -0.0139883 -0.00316203 0.998972 0.0452197 0.143553 0.0422707 -0.045046 0.99809 -1.00429 0 0 0 1 
25528382210074;1.21241;0.412665;0.991197 -0.00290251 0.132367 -0.0981325 0.000908376 0.999885 0.0151231 0.130952 -0.132395 -0.0148697 0.991085 -6.39555 0 0 0 1 
25528382210075;0.469924;0.158559;0.967956 -0.0254162 -0.249832 -3.92633 -0.0157552 0.986759 -0.161428 -2.06559 0.250627 0.160192 0.954738 21.4847 0 0 0 1 
25528382210076;1.94829;1.12451;0.999906 0.00997876 -0.00938396 0.802869 -0.0092055 0.996823 0.0791161 -0.199576 0.0101436 -0.0790223 0.996821 -5.65198 0 0 0 1 
25528382210077;1.55351;0.697392;0.999896 0.00622694 -0.0130005 0.741663 -0.00536654 0.997858 0.0651985 -0.180576 0.0133786 -0.065122 0.997788 -8.02914 0 0 0 1 
25528382210078;1.78754;1.53386;0.999807 0.00158857 0.0195593 0.139664 -0.0021421 0.999597 0.0283121 -0.0229008 -0.0195064 -0.0283486 0.999408 -2.37089 0 0 0 1 
25528382210079;0.52952;0.353204;0.966617 -0.0177371 -0.25561 -3.27844 -0.00965906 0.994369 -0.105527 -1.12624 0.256043 0.104474 0.961003 16.2753 0 0 0 1 
25528382210080;0.579865;0.197399;0.999956 0.00255433 -0.00908071 0.137557 -0.00256102 0.999996 -0.000724985 -0.0735225 0.00907883 0.000748209 0.999959 0.850482 0 0 0 1 
25528382210081;1.6725;1.66161;0.999668 -0.00781057 0.0245571 -0.68315 0.00945553 0.997668 -0.0675991 -0.183471 -0.0239718 0.0678088 0.99741 5.91721 0 0 0 1 
25528382210082;1.80785;0.285393;0.959275 -0.0129525 0.282177 -1.23583 -0.0277239 0.989808 0.139683 -1.17138 -0.28111 -0.141817 0.949139 -19.3795 0 0 0 1 
25528382210083;0.928935;0.240483;0.982415 -0.0323621 -0.183886 -4.37376 -0.00663837 0.978188 -0.207617 -3.12953 0.186593 0.205187 0.960771 25.8481 0 0 0 1 
25528382210084;1.83208;1.44674;0.998959 -0.0130522 -0.0437133 -1.30742 0.00735871 0.991752 -0.127959 -0.886945 0.0450229 0.127504 0.990816 12.2148 0 0 0 1 
25528382210085;0.401662;0.260169;0.993876 0.046075 -0.100438 4.21557 -0.0139465 0.953959 0.299614 -4.09865 0.109618 -0.296378 0.948759 -27.3261 0 0 0 1 
25528382210086;1.45129;1.26284;0.99701 -0.00165661 -0.0772579 -0.558426 -0.000654783 0.999553 -0.029883 -0.130624 0.0772729 0.0298442 0.996563 5.62877 0 0 0 1 
25528382210087;0.345605;0.166814;0.938688 -0.00536799 0.344726 -1.00209 0.0353756 0.996101 -0.0808165 0.239065 -0.342949 0.0880563 0.935218 0.0582307 0 0 0 1 
25528382210088;0.167837;0.165106;0.999956 -0.00336249 -0.00880582 -0.342893 0.00335924 0.999994 -0.000384249 0.0796658 0.00880706 0.000354651 0.999961 -0.0633725 0 0 0 1 
25528382210089;1.83562;1.77729;0.999804 -0.00502356 0.0191711 -0.493274 0.00566307 0.999424 -0.0334505 -0.0327535 -0.0189921 0.0335525 0.999256 2.47362 0 0 0 1 
25528382210090;2.15758;0.163842;0.999991 -0.00292154 -0.00299645 -0.468504 0.00283526 0.999592 -0.028405 -0.146761 0.00307821 0.0283963 0.999592 5.43489 0 0 0 1 
25528382210091;0.893388;0.485163;0.999862 -0.0127486 0.0106505 -1.29944 0.0139681 0.992231 -0.123625 -0.877021 -0.0089917 0.123756 0.992272 12.737 0 0 0 1 
25528382210093;1.89713;0.274209;0.978297 0.0559318 -0.199517 -0.758894 -0.0355701 0.993918 0.104219 -0.593161 0.204132 -0.0948607 0.974336 4.36819 0 0 0 1 
25528382210094;0.825331;0.515742;0.997676 0.0408473 -0.054536 0.140205 -0.0212034 0.946763 0.321231 -0.314489 0.0647541 -0.319328 0.945429 -1.88438 0 0 0 1 
25528382210095;0.858473;0.674234;0.975903 0.00161593 0.2182 0.00964656 -0.0291897 0.991952 0.123206 -0.367218 -0.216245 -0.126606 0.968096 -3.70325 0 0 0 1 
25528382210096;0.8797;0.545728;0.96373 0.025841 0.265625 0.103111 -0.117329 0.934981 0.334729 -1.67989 -0.239705 -0.353754 0.904102 -6.82701 0 0 0 1 
25528382210097;2.1961;1.81866;0.999622 -0.0139448 0.0237132 0.24309 0.0150707 0.998735 -0.0479817 0.364634 -0.0230141 0.0483209 0.998567 -1.46865 0 0 0 1 
25528382210098;1.08082;0.738895;0.999755 -0.00932974 -0.02006 0.0139592 0.00707093 0.993922 -0.109862 -0.19988 0.0209631 0.109693 0.993744 0.331918 0 0 0 1 
25528382210099;0.565162;0.542382;0.949821 -0.0362531 -0.310684 -1.68582 -0.00157225 0.992695 -0.120642 -0.476511 0.312789 0.115077 0.942826 5.72264 0 0 0 1 
25528382210100;1.81678;1.76245;0.999416 0.0263766 0.0217338 0.235448 -0.0300267 0.981375 0.189742 -0.126142 -0.0163243 -0.190283 0.981593 -1.3347 0 0 0 1 
25528382210101;0.708323;0.550982;0.998221 -0.0430906 -0.0411998 -0.390904 0.0428324 0.999057 -0.00713136 0.492492 0.0414682 0.00535399 0.999125 1.1013 0 0 0 1 
25528382210102;2.25601;1.95769;0.995615 -0.0241889 -0.0903621 -0.160396 0.010018 0.988005 -0.154098 -0.109348 0.0930057 0.152518 0.983915 1.20185 0 0 0 1 
25528382210103;0.72475;0.515754;0.999844 0.017509 -0.00214721 0.0153357 -0.0173314 0.997714 0.0653168 -0.0986865 0.00328593 -0.0652694 0.997862 0.10837 0 0 0 1 
25528382210104;2.73972;1.79316;0.99141 0.0487104 -0.121379 -0.196666 -0.0177396 0.969563 0.244199 0.128519 0.129579 -0.239948 0.962099 2.3836 0 0 0 1 
25528382210105;1.37462;1.39055;0.98313 -0.0535048 0.174907 -0.149584 0.138183 0.843778 -0.518598 0.571798 -0.119835 0.534018 0.836937 0.279717 0 0 0 1 
25528382210106;1.98093;0.191228;0.993364 -0.0785926 -0.0839728 -0.28966 0.0399714 0.920505 -0.388682 0.107844 0.107845 0.382746 0.917538 2.19272 0 0 0 1 
25528382210107;2.7132;2.16902;0.99976 -0.0105675 -0.0191978 0.210256 0.0100639 0.999608 -0.0261404 0.253039 0.0194665 0.0259409 0.999474 -1.12954 0 0 0 1 
25528382210108;2.24596;1.89382;0.984788 0.0142717 -0.173175 -0.0898219 -0.0250927 0.997855 -0.0604587 -0.395994 0.171941 0.0638844 0.983034 1.84992 0 0 0 1 
25528382210109;1.35089;0.344962;0.9976 -0.00705418 0.0688837 0.302528 0.0156297 0.992064 -0.124761 0.307855 -0.0674569 0.125539 0.989793 -1.46164 0 0 0 1 
25528382210110;1.54595;1.26336;0.997585 0.0682795 -0.012736 0.295244 -0.0525589 0.861958 0.504248 -0.335822 0.0454077 -0.502361 0.863465 -2.56402 0 0 0 1 
25528382210111;0.364366;0.212022;0.985033 -0.00531751 -0.172283 -0.763086 -0.00313135 0.998807 -0.0487316 -0.274276 0.172337 0.0485417 0.983841 3.25753 0 0 0 1 
25528382210112;2.44837;1.81957;0.992888 -0.0386897 0.112586 0.0916672 0.00964214 0.968745 0.247872 0.707759 -0.118657 -0.245024 0.962229 -1.82847 0 0 0 1 
25528382210113;0.357128;0.249421;0.999875 0.00632623 0.0145134 0.0877598 -0.00701348 0.998832 0.0478014 -0.0159689 -0.014194 -0.0478971 0.998751 -0.189176 0 0 0 1 
25528382210114;2.52967;1.21722;0.967142 -0.0920724 0.23698 -0.662359 0.167571 0.931851 -0.321829 2.29186 -0.191198 0.350965 0.916661 -2.89464 0 0 0 1 
25528382210115;1.99023;0.385369;0.998009 0.00159511 -0.0630462 -0.302798 -0.000661246 0.99989 0.0148305 -0.0743573 0.0630629 -0.0147593 0.9979 2.92038 0 0 0 1 
25528382210116;0.274109;0.183208;0.997618 0.0433303 -0.0536749 0.125768 -0.0298315 0.972573 0.230676 -0.21619 0.062198 -0.228525 0.971549 -0.353369 0 0 0 1 
25528382210117;0.456139;0.382852;0.978706 -0.0186386 0.20442 0.0512328 -0.0180286 0.984215 0.176055 0.00791235 -0.204475 -0.175991 0.962921 -4.41677 0 0 0 1 
25528382210118;1.00279;0.292805;0.998764 -0.000543322 0.049698 0.1886 0.000347754 0.999992 0.00394368 0.0524017 -0.0496998 -0.00392152 0.998757 -1.71797 0 0 0 1 
25528382210119;1.53716;1.37858;0.997677 0.0433389 0.0525549 0.367205 -0.029425 0.970001 -0.241314 -1.36101 -0.0614366 0.239207 0.969023 1.09224 0 0 0 1 
25528382210120;1.16367;1.02131;0.998516 -0.0061433 0.0541179 0.0748744 0.00262003 0.997886 0.0649355 0.0085859 -0.0544024 -0.0646973 0.996421 -0.503273 0 0 0 1 
25528382210121;1.92017;1.88608;0.99995 0.00894589 0.00444194 0.137735 -0.00944306 0.991646 0.128645 -0.0963759 -0.00325399 -0.128681 0.991681 -1.43481 0 0 0 1 
25528382210122;1.42171;0.661876;0.994917 0.00171187 -0.100687 0.162458 -0.00764639 0.998253 -0.0585838 -0.00190159 0.100411 0.0590559 0.993192 0.689361 0 0 0 1 
25528382210124;1.41534;0.60066;0.999903 0.00691884 -0.0120718 0.783725 -0.00625577 0.998515 0.0541261 -0.382112 0.0124283 -0.0540454 0.998461 -5.81313 0 0 0 1 
25528382210125;0.633729;0.350435;0.991789 -0.0389926 -0.121795 -3.40678 0.0213936 0.98955 -0.142593 -0.887552 0.126083 0.138817 0.982259 12.1856 0 0 0 1 
25528382210126;0.445145;0.34931;0.952742 -0.0111376 -0.303577 -1.67578 0.0176831 0.999666 0.0188209 0.189027 0.303266 -0.0232997 0.952621 -0.187097 0 0 0 1 
25528382210127;0.670288;0.60351;0.998453 -0.0109588 -0.0545204 -1.00416 0.00716897 0.997575 -0.069229 -0.257342 0.0551469 0.068731 0.99611 5.90069 0 0 0 1 
25528382210128;2.24311;1.8532;0.999993 0.000757439 0.00360921 0.216747 -0.000669001 0.999701 -0.024442 -0.236766 -0.00362664 0.0244394 0.999695 -0.018357 0 0 0 1 
25528382210129;1.80511;1.52029;0.984273 0.0108729 0.176317 1.09997 -0.0116849 0.999925 0.0035675 0.066292 -0.176265 -0.00557164 0.984327 -0.148932 0 0 0 1 
25528382210130;0.986557;0.156228;0.999027 0.00862306 0.0432592 0.667628 -0.0119982 0.996851 0.0783796 -0.0413489 -0.0424471 -0.0788223 0.995985 -5.35763 0 0 0 1 
25528382210131;2.11864;2.01234;0.984543 -0.108148 -0.137765 -8.65623 0.036671 0.896439 -0.441647 -8.58168 0.171261 0.429769 0.886549 34.2103 0 0 0 1 
25528382210132;0.163045;0.177432;0.999936 -0.00224778 -0.0110465 -0.191457 0.00188175 0.999452 -0.0330354 -0.0821836 0.0111147 0.0330125 0.999393 2.4631 0 0 0 1 
25528382210133;1.8377;0.951786;0.999875 0.000419928 -0.015832 -0.210188 -0.000677392 0.999868 -0.0162604 -0.020053 0.0158231 0.0162691 0.999742 3.27984 0 0 0 1 
25528382210134;1.18998;0.860767;0.999993 -0.00311923 0.00207053 -0.34843 0.00319189 0.999344 -0.0360731 -0.0514844 -0.00195665 0.0360795 0.999347 3.73492 0 0 0 1 
25528382210135;0.879278;0.716585;0.999129 0.00849545 0.0408638 0.636559 -0.0101009 0.999179 0.039244 0.017499 -0.0404969 -0.0396225 0.998394 -2.79008 0 0 0 1 
25528382210136;1.20454;1.17583;0.93727 0.032774 0.347059 2.926 0.0259031 0.986271 -0.163091 -1.21477 -0.347639 0.16185 0.923554 11.528 0 0 0 1 
25528382210137;0.490225;0.534413;0.99993 -0.00686155 0.0096548 -0.5208 0.00752922 0.997454 -0.0709085 -0.297406 -0.00914368 0.0709762 0.997436 5.26959 0 0 0 1 
25528382210138;0.898047;0.963073;0.999848 -0.0117709 0.0128963 -0.855216 0.0129029 0.995719 -0.0915257 -0.52172 -0.0117638 0.0916781 0.995719 6.77963 0 0 0 1 
25528382210139;0.258844;0.251549;0.998445 -0.00162863 0.0557286 -0.0653955 0.00454051 0.998628 -0.0521644 -0.167562 -0.0555672 0.0523363 0.997082 3.82524 0 0 0 1 
25528382210140;1.51354;1.36655;0.999511 -0.00576357 0.0307337 -0.342946 0.00926384 0.993323 -0.114995 -0.661275 -0.0298657 0.115224 0.99289 8.05915 0 0 0 1 
25528382210141;0.177514;0.186258;0.968184 0.0146164 0.249814 1.34651 -0.0302891 0.997798 0.0590085 -0.179337 -0.248401 -0.0646977 0.966494 -6.65764 0 0 0 1 
25528382210142;1.7221;1.51068;0.991153 0.0128913 -0.132094 0.600566 0.00464542 0.991292 0.131599 -0.356479 0.13264 -0.131048 0.982463 -9.11573 0 0 0 1 
25528382210143;1.74732;1.74481;0.994326 -0.0138478 -0.105471 -1.3031 0.00969921 0.999163 -0.0397456 -0.0745185 0.105933 0.0384971 0.993628 3.70012 0 0 0 1 
25528382210144;0.62636;0.644504;0.985324 -0.0136377 -0.170147 -1.40793 0.0130778 0.999905 -0.00441087 0.0764191 0.170191 0.00212099 0.985409 1.04744 0 0 0 1 
25528382210145;2.23099;1.80749;0.982971 0.0156861 0.183091 1.4285 -0.0259009 0.99823 0.0535336 9.169e-05 -0.181927 -0.0573642 0.981637 -3.91019 0 0 0 1 
25528382210146;0.123351;0.146199;0.987629 0.0101745 0.156478 1.01328 -0.010079 0.999948 -0.00140364 -0.078688 -0.156484 -0.000190871 0.98768 -1.01091 0 0 0 1 
25528382210147;2.1323;0.331832;0.999936 0.0050981 0.0100592 0.141105 -0.0049178 0.999828 -0.0178679 0.0646037 -0.0101485 0.0178173 0.99979 3.93749 0 0 0 1 
25528382210148;1.17842;0.507605;0.999972 -0.00199515 -0.00727079 -0.240937 0.00164977 0.998884 -0.0472033 -0.129404 0.00735686 0.04719 0.998859 4.91824 0 0 0 1 
25528382210149;1.8032;1.7592;0.974854 0.0332816 -0.220343 2.2611 0.0216985 0.969909 0.242499 -1.94989 0.221784 -0.241182 0.944798 -18.3253 0 0 0 1 
25528382210150;1.89528;1.9237;0.991147 0.00158691 0.132758 0.341041 0.0127722 0.994151 -0.107238 -0.544984 -0.132152 0.107984 0.98533 7.62354 0 0 0 1 
25528382210151;1.38396;0.525133;0.999995 -0.00295619 0.00112748 -0.00962276 0.00295806 0.999994 -0.0016573 -0.0946465 -0.00112257 0.00166063 0.999998 -1.6747 0 0 0 1 
25528382210152;1.90731;1.76836;0.999508 0.00657762 -0.030673 0.533566 -0.00419476 0.997014 0.0771129 -0.239769 0.0310886 -0.0769463 0.99655 -6.92597 0 0 0 1 
25528382210153;0.627318;0.214498;0.968569 -0.055238 -0.242534 -5.03216 0.0140601 0.98563 -0.168331 -1.26847 0.248347 0.15963 0.955428 14.5693 0 0 0 1 
25528382210155;0.972428;0.60322;0.996775 -0.0409979 -0.0689827 -2.70115 0.00728447 0.902318 -0.431009 -7.24465 0.0799148 0.429116 0.899707 26.9544 0 0 0 1 
25528382210156;1.01473;0.776905;0.991514 0.00523092 -0.129894 -0.180768 -0.000509894 0.999339 0.0363518 0.0408786 0.129999 -0.0359771 0.990861 -0.804627 0 0 0 1 
25528382210157;0.233342;0.248482;0.998256 -0.00398112 -0.0589024 -0.429016 0.000231403 0.99798 -0.0635302 -0.334143 0.0590363 0.0634057 0.99624 4.99019 0 0 0 1 
25528382210158;0.218897;0.202638;0.999965 -0.00263661 -0.00788003 -0.138154 0.00268022 0.999981 0.00552912 0.111593 0.0078653 -0.00555004 0.999954 -0.446884 0 0 0 1 
25528382210159;0.424214;0.222785;0.968835 -0.00526781 0.24765 -0.176996 0.0892332 0.940072 -0.329094 -2.58683 -0.231075 0.340936 0.911245 14.5241 0 0 0 1 
25528382210160;0.944861;0.869775;0.999132 -0.00972119 -0.0404981 -0.735437 0.00194498 0.982208 -0.187785 -1.64785 0.0416031 0.187543 0.981375 11.6831 0 0 0 1 
25528382210161;0.607772;0.431374;0.983553 -0.00751607 0.180465 -0.199013 0.0283705 0.99316 -0.113259 -0.0679662 -0.178379 0.116516 0.977039 1.41484 0 0 0 1 
25528382210162;0.465464;0.275019;0.992096 0.00161468 0.125472 0.391882 -0.0192808 0.990005 0.139711 -0.557769 -0.123993 -0.141026 0.982211 -12.0055 0 0 0 1 
25528382210163;0.301031;0.236885;0.999913 0.0037279 -0.0126768 0.110516 -0.00332982 0.999505 0.0312793 0.0349208 0.0127871 -0.0312344 0.99943 -1.13853 0 0 0 1 
25528382210164;0.262538;0.271356;0.999995 -0.00100837 0.00313381 0.00269335 0.000988163 0.999979 0.00644382 0.0165672 -0.00314024 -0.00644069 0.999974 -0.638067 0 0 0 1 
25528382210165;0.165591;0.173273;0.999902 0.00762566 -0.0117498 0.388848 -0.00644777 0.995243 0.0972137 -0.0806695 0.0124352 -0.0971284 0.995194 -5.35256 0 0 0 1 
25528382210166;1.12952;0.748222;0.973407 0.00588712 -0.229009 -0.615406 0.00284085 0.999283 0.0377636 0.0767481 0.229067 -0.0374099 0.972692 0.941455 0 0 0 1 
25528382210167;0.708722;0.204412;0.994964 -0.00817846 -0.0999006 -1.20604 0.00225338 0.998239 -0.0592792 -0.353023 0.100209 0.0587555 0.99323 7.21521 0 0 0 1 
25528382210168;1.1418;0.305198;0.999831 0.00453539 0.0178426 0.173966 -0.00398677 0.999522 -0.0306641 -0.263718 -0.0179731 0.0305877 0.99937 4.16791 0 0 0 1 
25528382210169;0.757933;0.740046;0.995171 -0.00230687 0.0981331 0.0863688 0.00494417 0.999633 -0.02664 -0.0123319 -0.0980356 0.0269965 0.994817 -1.00528 0 0 0 1 
25528382210170;0.338329;0.109166;0.988001 -0.0020113 0.154436 0.151443 0.0632152 0.917591 -0.392467 -4.67049 -0.14092 0.397521 0.906708 19.7187 0 0 0 1 
25528382210171;0.814741;0.738761;0.994837 0.00684072 -0.101251 -0.385796 -0.00306382 0.999295 0.037411 0.120719 0.101435 -0.0369076 0.994157 1.35106 0 0 0 1 
25528382210172;0.85032;0.195204;0.991425 0.0619723 -0.115047 2.61316 -0.0182307 0.937379 0.347834 -2.36995 0.129398 -0.342754 0.930471 -15.1019 0 0 0 1 
25528382210173;0.630488;0.513306;0.999776 0.00755938 -0.0197774 0.490671 -0.00615365 0.997514 0.0701972 -0.0591876 0.0202589 -0.0700597 0.997337 -4.52247 0 0 0 1 
25528382210174;0.36066;0.112009;0.961245 0.104642 -0.255065 4.28592 -0.00546712 0.932222 0.361846 -2.71098 0.275641 -0.346428 0.896666 -14.4486 0 0 0 1 
25528382210175;0.400793;0.388991;0.999799 -0.00698583 0.0187853 -0.334826 0.00900382 0.993937 -0.109583 -0.48466 -0.0179059 0.10973 0.9938 6.16244 0 0 0 1 
25528382210176;0.342834;0.165706;0.985032 -0.00842144 0.172166 -0.261091 -0.0220897 0.984403 0.174536 -0.824649 -0.170951 -0.175727 0.969482 -14.8386 0 0 0 1 
25528382210177;0.260067;0.116565;0.997478 -0.0224806 -0.0673232 -1.59576 0.00349931 0.962939 -0.269698 -2.96326 0.070891 0.268782 0.960589 17.0796 0 0 0 1 
25528382210178;0.926206;0.278445;0.999829 -0.00139498 0.0184358 -0.189609 0.0012383 0.999963 0.00850748 0.0403196 -0.018447 -0.0084832 0.999794 1.30371 0 0 0 1 
25528382210179;0.695785;0.271783;0.999911 -0.0102202 -0.00852905 -0.463131 0.00864199 0.985742 -0.16804 -0.940538 0.0101248 0.167952 0.985743 8.27806 0 0 0 1 
25528382210180;0.109455;0.0931313;0.999755 0.004919 0.0216028 0.363128 -0.00641378 0.997549 0.069679 -0.0316232 -0.0212071 -0.0698005 0.997336 -4.6801 0 0 0 1 
25528382210181;0.971587;0.629499;0.944779 -0.00506355 0.327669 -0.764132 0.0244552 0.998182 -0.0550875 0.448992 -0.326794 0.0600587 0.943185 -6.13767 0 0 0 1 
25528382210182;0.540657;0.345999;0.998587 0.000888068 0.05313 0.255264 -0.00033667 0.999946 -0.0103863 -0.0712099 -0.0531363 0.0103538 0.998534 -1.71933 0 0 0 1 
25528382210183;0.488607;0.392117;0.970561 -0.00296679 0.240835 0.0253253 0.00480142 0.999964 -0.00703131 0.121639 -0.240806 0.00798067 0.970541 -4.58881 0 0 0 1 
25528382210184;0.107925;0.0672132;0.999933 0.00249566 -0.0113224 0.0540919 -0.00233324 0.999895 0.0143353 0.013473 0.0113569 -0.0143079 0.999833 -0.383839 0 0 0 1 
25528382210186;2.61464;0.557327;0.906138 0.0379812 -0.421274 0.0894077 0.0510045 0.978882 0.197962 -0.0587571 0.419896 -0.200868 0.885065 -5.50093 0 0 0 1 
25528382210187;2.55948;0.32521;0.999949 0.00969447 0.00275295 0.741214 -0.00966889 0.999911 -0.00915803 -0.310682 -0.00284149 0.00913095 0.999954 -2.04017 0 0 0 1 
25528382210188;2.1137;0.633814;0.992498 -0.0197885 -0.120646 -0.720268 0.00461695 0.992177 -0.124757 -0.281832 0.122171 0.123264 0.984825 4.47453 0 0 0 1 
25528382210189;3.03095;1.75746;0.931956 0.00738879 0.362497 0.834878 0.0103761 0.998839 -0.0470355 -0.0459715 -0.362424 0.0475963 0.930797 -0.799766 0 0 0 1 
25528382210190;2.58604;2.45312;0.945473 0.0232309 0.32487 1.25897 0.0357272 0.984036 -0.174344 -0.799956 -0.323734 0.176444 0.92955 3.89304 0 0 0 1 
25528382210191;2.29839;1.23992;0.992613 0.0131204 0.120613 0.731673 -0.0557939 0.932141 0.357772 -1.79344 -0.107734 -0.361858 0.925987 -14.0439 0 0 0 1 
25528382210192;1.26077;0.891296;0.997349 0.00661132 -0.0724697 0.135175 -0.00435388 0.999502 0.0312639 -0.0360487 0.0726403 -0.0308655 0.99688 -1.22834 0 0 0 1 
25528382210193;1.94741;1.16705;0.97647 -0.0052593 0.215588 -0.0628692 0.0338136 0.991071 -0.128976 -0.125921 -0.212985 0.133231 0.967929 0.861151 0 0 0 1 
25528382210194;0.500481;0.414076;0.991263 0.0601996 -0.117363 1.91633 -0.00873525 0.917784 0.396985 -2.06122 0.131612 -0.392491 0.910291 -14.313 0 0 0 1 
25528382210195;0.447325;0.408339;0.99364 -0.00402955 0.11253 0.155879 0.0325584 0.966954 -0.252865 -1.70894 -0.107792 0.254921 0.960935 8.69508 0 0 0 1 
25528382210196;0.672791;0.633947;0.999998 0.00106654 0.00151134 0.0406868 -0.00112632 0.999194 0.0401204 0.0850403 -0.00146733 -0.0401221 0.999194 -1.42509 0 0 0 1 
25528382210197;1.68816;1.68069;0.999966 0.00297775 0.0076944 0.119284 -0.00320775 0.999543 0.0300554 0.0314185 -0.00760139 -0.0300791 0.999519 -1.25702 0 0 0 1 
25528382210198;0.0806703;0.105741;0.999969 -0.00787464 5.88978e-05 -0.289319 0.00787465 0.99986 -0.0147892 0.0951415 5.75703e-05 0.0147892 0.999891 0.532646 0 0 0 1 
25528382210199;2.04506;0.589398;0.985024 -0.00830741 0.172219 0.0833235 0.0101785 0.999898 -0.00998433 0.129638 -0.172119 0.0115877 0.985008 -3.50632 0 0 0 1 
25528382210200;1.86353;1.63112;0.98562 -0.0861681 -0.145357 -4.21848 0.0368807 0.949171 -0.312594 -2.5472 0.164905 0.302738 0.938699 14.4265 0 0 0 1 
25528382210201;1.69978;1.54939;0.977177 0.0038433 0.212392 0.483607 -0.0277808 0.993561 0.109836 -0.361512 -0.210603 -0.113229 0.970992 -7.9916 0 0 0 1 
25528382210202;3.09717;0.677758;0.999655 -0.00805523 0.0249909 -0.67383 0.00928628 0.998729 -0.0495416 0.124276 -0.0245601 0.0497566 0.998459 4.39961 0 0 0 1 
25528382210203;2.66545;0.425207;0.999944 0.00142388 -0.0104989 -0.252311 -0.000670296 0.997445 0.0714346 0.250008 0.0105738 -0.0714236 0.99739 -0.336767 0 0 0 1 
25528382210204;2.12678;2.07386;0.999996 -0.00285036 0.000313905 -0.118516 0.00284863 0.999981 0.00538967 0.103726 -0.000329261 -0.00538876 0.999985 -0.130796 0 0 0 1 
25528382210205;2.17534;0.428158;0.969586 0.00212988 -0.24474 -0.293075 0.00647239 0.999389 0.034339 -0.0138765 0.244664 -0.0348787 0.96898 -0.432643 0 0 0 1 
25528382210206;0.615844;0.254244;0.999752 -0.0013805 0.0222169 0.0135298 0.0031611 0.996765 -0.0803123 -0.339235 -0.0220341 0.0803626 0.996522 3.34945 0 0 0 1 
25528382210207;2.70191;2.43862;0.998593 -0.00795163 0.0524266 -0.0903524 0.0120992 0.996779 -0.0792749 -0.162926 -0.0516274 0.0797977 0.995473 1.24561 0 0 0 1 
25528382210208;0.254784;0.290869;0.998407 0.00237534 -0.0563716 -0.0540712 -0.000646139 0.999529 0.0306735 0.0798344 0.0564179 -0.0305882 0.997939 -0.546143 0 0 0 1 
25528382210209;0.401221;0.383745;0.999874 0.00523048 -0.0149971 0.131953 -0.00461318 0.999152 0.0409047 0.0397368 0.0151983 -0.0408304 0.99905 -1.36544 0 0 0 1 
25528382210210;3.26762;2.70615;0.998544 0.0522052 0.0135903 2.23493 -0.0535875 0.930968 0.361148 -2.71737 0.00620162 -0.36135 0.93241 -15.6086 0 0 0 1 
25528382210211;2.11433;0.940313;0.999234 0.0251021 0.0300052 0.914679 -0.029968 0.984175 0.174644 -0.312556 -0.0251464 -0.17541 0.984174 -5.65154 0 0 0 1 
25528382210212;0.939666;0.406669;0.982644 0.00191281 0.185494 0.422213 0.0315975 0.983608 -0.177529 -0.696288 -0.182793 0.180309 0.966476 4.1398 0 0 0 1 
25528382210213;1.20317;1.14807;0.996274 0.00807478 0.0858695 0.489431 -0.0159725 0.99566 0.0916884 -0.0772458 -0.0847564 -0.0927183 0.992078 -4.52623 0 0 0 1 
25528382210214;2.77469;1.14663;0.986312 0.0222684 0.163377 1.12786 0.0120977 0.978395 -0.20639 -1.34422 -0.164443 0.205542 0.964734 8.24429 0 0 0 1 
25528382210215;2.52413;2.39581;0.999433 0.0225968 -0.0249429 0.861277 -0.0165141 0.975 0.221592 -0.576043 0.0293266 -0.221054 0.97482 -8.96177 0 0 0 1 
25528382210217;1.06109;1.05778;0.973192 -0.0149736 -0.229508 -1.51934 0.00501388 0.999023 -0.0439179 -0.0766621 0.229941 0.0415898 0.972315 4.44263 0 0 0 1 
25528382210218;0.551084;0.519388;0.99989 0.0132079 0.00680258 1.15124 -0.0136266 0.997746 0.0657011 -0.193112 -0.00591948 -0.0657866 0.997816 -5.76108 0 0 0 1 
25528382210219;0.422673;0.405847;0.97716 0.00629698 0.212413 0.618431 -0.0136782 0.999352 0.0332978 -0.124051 -0.212066 -0.0354427 0.976612 -4.00633 0 0 0 1 
25528382210220;1.03905;0.917288;0.961966 0.0544797 -0.26768 4.75482 -0.0161349 0.989532 0.143411 -1.0678 0.272691 -0.133637 0.952775 -11.3069 0 0 0 1 
25528382210221;1.31298;0.659749;0.997885 -0.0179273 -0.0624855 -1.85464 0.00943666 0.990988 -0.133616 -1.03921 0.0643178 0.132744 0.989061 13.602 0 0 0 1 
25528382210222;1.56771;1.16452;0.987188 0.0372247 -0.155155 3.74388 -0.0202054 0.993742 0.109859 -0.619786 0.158274 -0.105317 0.981763 -10.6816 0 0 0 1 
25528382210223;0.395381;0.346097;0.998915 0.00737058 -0.0459749 0.592854 -0.00541282 0.999079 0.0425632 -0.0760623 0.0462463 -0.0422681 0.998035 -3.46905 0 0 0 1 
25528382210224;1.45898;1.1628;0.99553 0.00226708 -0.0944163 -0.115571 -0.000879687 0.999891 0.0147335 0.0354718 0.0944394 -0.0145846 0.995424 0.0642712 0 0 0 1 
25528382210225;0.647882;0.38193;0.956825 0.0465089 -0.28692 3.59531 -0.00250077 0.988396 0.151877 -0.87516 0.290654 -0.144602 0.945839 -11.2932 0 0 0 1 
25528382210226;0.247807;0.26063;0.994372 0.0191733 -0.104198 1.70234 -0.0166757 0.999554 0.0247883 -0.139305 0.104627 -0.0229112 0.994248 -1.7477 0 0 0 1 
25528382210227;1.67052;0.478097;0.999861 -0.00804463 0.0145916 -1.04992 0.00800615 0.999964 0.00269372 0.0326755 -0.0146128 -0.00257653 0.99989 1.91396 0 0 0 1 
25528382210228;0.941077;0.345999;0.999865 -0.00706148 -0.0148202 -0.344478 0.00621976 0.998406 -0.0560929 -0.0485535 0.0151927 0.0559932 0.998316 3.54975 0 0 0 1 
25528382210229;1.84373;1.84968;0.999403 -0.00610369 -0.0340008 -0.548217 0.00392714 0.99796 -0.0637174 -0.193346 0.0343204 0.0635458 0.997389 5.95436 0 0 0 1 
25528382210230;0.815476;0.740628;0.999974 -0.00159935 -0.00704895 -0.211061 0.00152533 0.999944 -0.0104929 0.0291563 0.00706534 0.0104819 0.99992 1.27678 0 0 0 1 
25528382210231;0.945073;0.453782;0.999879 0.000674863 -0.0155348 -0.150892 -0.000826469 0.999952 -0.00975476 -0.0305406 0.0155275 0.00976642 0.999832 1.97439 0 0 0 1 
25528382210232;0.385786;0.380433;0.994799 0.00499021 0.101733 0.573952 -0.0140051 0.996014 0.0880927 -0.373212 -0.100888 -0.0890594 0.990904 -8.87311 0 0 0 1 
25528382210233;0.215723;0.177431;0.998771 0.0442476 0.0223201 4.03747 -0.0491066 0.944289 0.325432 -5.09132 -0.00667702 -0.326128 0.945302 -29.4217 0 0 0 1 
25528382210234;1.80049;1.31991;0.999876 -0.0131313 -0.00871211 -0.896179 0.0125858 0.998121 -0.0599653 0.0433266 0.00948317 0.0598482 0.998162 3.55948 0 0 0 1 
25528382210235;1.841;1.84729;0.982601 0.0101615 0.185453 0.938095 -0.0469087 0.979709 0.194859 -1.90131 -0.17971 -0.200168 0.963139 -18.1869 0 0 0 1 
25528382210236;0.783834;0.521653;0.993376 -0.000341012 0.11491 -0.0230352 -0.00550276 0.998707 0.0505339 -0.105978 -0.114779 -0.0508315 0.99209 -4.37819 0 0 0 1 
25528382210237;0.646121;0.518365;0.996299 0.00359414 -0.0858751 0.38647 -0.00431784 0.999957 -0.00824309 -0.043584 0.0858418 0.00858338 0.996272 0.314591 0 0 0 1 
25528382210238;0.978297;0.81099;0.993719 -0.0169102 0.110619 -1.52027 0.0302253 0.992335 -0.119825 -0.605606 -0.107745 0.122416 0.986613 11.0282 0 0 0 1 
25528382210239;1.51578;0.243842;0.995431 -0.0166999 0.0940074 -1.63206 0.0223348 0.997996 -0.0592117 -0.288905 -0.0928301 0.0610409 0.993809 7.1461 0 0 0 1 
25528382210240;0.466545;0.458083;0.999672 0.0199037 0.0161198 1.81119 -0.0223964 0.984643 0.17314 -1.35786 -0.0124261 -0.173444 0.984765 -15.6758 0 0 0 1 
25528382210241;1.93577;1.85536;0.989368 0.0160248 0.144549 1.50387 -0.0359688 0.989996 0.136437 -0.90917 -0.140917 -0.140186 0.980046 -13.1226 0 0 0 1 
25528382210242;0.86252;0.514397;0.995807 -0.022911 0.0885642 -2.1244 0.0403518 0.978865 -0.200486 -1.91426 -0.0820991 0.203219 0.975685 18.5244 0 0 0 1 
25528382210243;0.905546;0.300843;0.969502 -0.0066248 0.244992 -0.483575 -0.00573688 0.998747 0.0497095 -0.0845187 -0.245014 -0.0495989 0.96825 -4.49117 0 0 0 1 
25528382210244;0.219604;0.252495;0.999835 -0.00284219 -0.0179687 -0.229839 0.00249857 0.999814 -0.0191171 -0.0335552 0.0180197 0.019069 0.999656 1.58041 0 0 0 1 
25528382210245;0.165948;0.158809;0.980411 -0.00257893 0.196946 -0.119413 -0.000374138 0.999888 0.0149556 0.0242409 -0.196963 -0.0147363 0.9803 -2.56222 0 0 0 1 
25528382210246;1.5805;1.45471;0.99882 0.00204113 0.0485253 0.141556 -0.00269667 0.999906 0.0134476 -0.03853 -0.0484933 -0.0135626 0.998731 -0.436639 0 0 0 1 
25528382210248;1.80404;1.64857;0.996571 -0.00769226 0.0823843 -0.255742 0.0198213 0.988872 -0.147439 -0.812868 -0.0803334 0.148567 0.985634 7.83403 0 0 0 1 
25528382210249;2.65063;0.64231;0.999392 -0.00533998 0.0344598 -0.065424 0.00483462 0.99988 0.0147318 0.122432 -0.0345344 -0.0145562 0.999298 -3.73243 0 0 0 1 
25528382210250;0.988386;0.261061;0.989094 -0.00997466 -0.146947 -0.890965 0.000840547 0.99807 -0.0620905 -0.226067 0.147283 0.0612898 0.987194 3.95609 0 0 0 1 
25528382210251;1.96971;0.959377;0.999237 0.00193288 -0.0390166 0.316246 -0.000517493 0.999342 0.0362541 0.0532718 0.0390611 -0.0362062 0.998581 -4.14064 0 0 0 1 
25528382210252;1.48555;1.4372;0.999983 0.00560288 0.00146309 0.300251 -0.00560185 0.999984 -0.000709503 0.0577917 -0.00146704 0.000701295 0.999999 0.37624 0 0 0 1 
25528382210253;1.51489;0.407506;0.998986 -0.00732199 0.0444309 -0.25801 0.00883218 0.999387 -0.0338892 0.181129 -0.0441555 0.0342472 0.998437 0.307022 0 0 0 1 
25528382210254;2.5409;2.13144;0.999145 0.0193113 0.0365479 1.26046 -0.02402 0.990807 0.133134 -0.328829 -0.0336409 -0.133898 0.990424 -9.25381 0 0 0 1 
25528382210255;0.438009;0.186492;0.995735 -0.00920407 -0.0917967 -0.72578 0.00117727 0.996198 -0.0871145 -0.408538 0.0922494 0.0866349 0.99196 4.91867 0 0 0 1 
25528382210256;0.895108;0.569957;0.961713 0.0149555 0.273651 1.46387 0.063113 0.959586 -0.274246 -3.02844 -0.266693 0.281017 0.921903 16.6864 0 0 0 1 
25528382210257;0.887196;0.825567;0.999351 0.000348391 0.0360065 0.153726 -0.000642496 0.999967 0.00815684 -0.0361273 -0.0360025 -0.00817468 0.999318 -0.681991 0 0 0 1 
25528382210258;2.46932;0.637163;0.999645 0.0107833 -0.0243526 0.929895 -0.0120517 0.998545 -0.0525546 0.215716 0.0237504 0.0528295 0.998321 0.123277 0 0 0 1 
