#;prob_registration_l1 -r /home/probabilistic_point_clouds_registration/build/tester /home/point_clouds_registration_benchmark//devel/registration_pairs/stairs_local.txt /home/point_clouds_registration_benchmark//eth/stairs -s 0.2 -t 0.2 -p 0.3 -r 1000 -m 1 -i 40 
id;initial_error;final_error;transformation
5494384560000;0.832403;0.610265;0.998282 0.0584457 -0.00408595 0.0876493 -0.0583221 0.997967 0.0256961 0.219874 0.00557947 -0.0254137 0.999661 0.363334 0 0 0 1 
5494384560001;0.315086;0.0580438;0.921129 0.227005 -0.316211 1.43121 -0.207151 0.973634 0.0955273 1.40556 0.329559 -0.0224895 0.943867 -2.20629 0 0 0 1 
5494384560002;0.630491;0.0188915;0.999438 -0.0251801 -0.0221199 0.694767 0.0249118 0.999614 -0.0123228 -0.237367 0.0224216 0.0117648 0.999679 0.106876 0 0 0 1 
5494384560003;0.317466;0.0685189;0.973238 -0.0720826 -0.218201 0.779676 0.12475 0.963161 0.238239 -1.57581 0.19299 -0.259083 0.946378 -1.36456 0 0 0 1 
5494384560004;0.657978;0.0119586;0.998419 0.0516913 0.0220996 -0.222228 -0.0536625 0.993478 0.100608 0.640907 -0.0167549 -0.101635 0.994681 0.617849 0 0 0 1 
5494384560005;0.751618;0.559625;0.995797 -0.0829353 -0.0388668 0.089575 0.0863532 0.991572 0.096584 -1.35533 0.030529 -0.0995343 0.994566 -0.29128 0 0 0 1 
5494384560006;0.696898;0.395906;0.984651 0.0681095 -0.160698 0.454518 -0.0862964 0.990283 -0.109051 0.603991 0.151709 0.121245 0.980961 -0.601469 0 0 0 1 
5494384560007;0.399045;0.201346;0.983327 -0.178647 -0.033953 0.424808 0.179682 0.983256 0.0303634 -1.56645 0.0279601 -0.0359579 0.998962 -0.200068 0 0 0 1 
5494384560008;0.231215;0.0529842;0.979806 -0.166504 -0.110707 0.355386 0.155227 0.982418 -0.103729 -0.892152 0.126032 0.0844491 0.988425 -0.809411 0 0 0 1 
5494384560009;0.454804;0.0318994;0.99119 -0.0329307 -0.128292 0.617078 0.0359754 0.999122 0.021487 -0.553412 0.127472 -0.025913 0.991504 -0.592562 0 0 0 1 
5494384560010;0.83506;0.0418187;0.999986 -0.00181691 0.00503534 -0.0377607 0.00173155 0.999856 0.0169049 0.101149 -0.00506533 -0.0168959 0.999844 0.922621 0 0 0 1 
5494384560011;0.300381;0.0291771;0.99578 0.0657995 0.0639687 -0.236395 -0.0435448 0.95238 -0.301789 1.02556 -0.0807801 0.29773 0.951226 0.675432 0 0 0 1 
5494384560012;0.513405;0.0429508;0.948724 0.0567305 -0.310974 1.02048 -0.123483 0.97211 -0.199382 1.39054 0.29099 0.227559 0.92927 -1.54465 0 0 0 1 
5494384560013;0.592232;0.343247;0.993748 0.0304758 -0.107405 0.392552 -0.0346564 0.998704 -0.0372748 0.609867 0.10613 0.040764 0.993516 -0.740046 0 0 0 1 
5494384560014;0.784839;0.222086;0.967415 0.0985504 0.233228 0.145058 -0.142093 0.973728 0.177944 0.616679 -0.209564 -0.205286 0.956002 2.04128 0 0 0 1 
5494384560015;1.02961;0.275849;0.986309 0.159355 -0.0424243 -0.0651973 -0.16483 0.944916 -0.282779 2.48745 -0.0049748 0.285901 0.958246 0.857633 0 0 0 1 
5494384560016;0.692498;0.0659679;0.991432 0.122997 -0.0439914 0.130716 -0.129826 0.890551 -0.435963 2.61516 -0.0144456 0.437939 0.898889 -0.0186991 0 0 0 1 
5494384560017;0.125802;0.0436202;0.999973 -0.000548669 0.00733819 -0.0162976 0.000537647 0.999999 0.00150399 -0.0333515 -0.00733901 -0.0015 0.999972 0.153983 0 0 0 1 
5494384560018;0.697368;0.498855;0.998473 0.0186084 -0.052009 0.141866 -0.0291984 0.977056 -0.210971 0.962912 0.0468899 0.212168 0.976108 0.14759 0 0 0 1 
5494384560019;0.372102;0.160212;0.989748 0.115456 0.0840731 -0.126128 -0.125129 0.984769 0.120715 0.592489 -0.0688554 -0.129997 0.989121 0.271294 0 0 0 1 
5494384560020;0.725979;0.102553;0.959688 0.271869 0.0713178 0.0916769 -0.280757 0.915327 0.288707 1.84832 0.0132113 -0.297091 0.954758 0.545962 0 0 0 1 
5494384560021;0.810082;0.134047;0.999095 0.0316755 -0.0283912 -0.147339 -0.0318661 0.999472 -0.00628547 0.336876 0.0281771 0.0071845 0.999577 0.612303 0 0 0 1 
5494384560022;1.01164;0.0510007;0.888394 -0.30108 -0.346565 1.49828 0.333523 0.942032 0.0365685 -3.58263 0.315465 -0.148075 0.937313 -1.92497 0 0 0 1 
5494384560023;0.527542;0.0654179;0.98295 0.0763588 -0.167271 0.786588 -0.0774915 0.996993 -0.000245078 0.578376 0.166749 0.013203 0.985911 -1.72751 0 0 0 1 
5494384560024;0.419936;0.271383;0.996287 0.0331178 -0.0794739 0.334209 -0.0348363 0.999186 -0.0203346 0.335735 0.0787358 0.0230277 0.99663 -0.814046 0 0 0 1 
5494384560025;0.495752;0.0946107;0.952641 0.266046 -0.147294 0.790269 -0.269602 0.962962 -0.00435166 2.21385 0.14068 0.0438561 0.989083 -0.606608 0 0 0 1 
5494384560026;0.350666;0.0334967;0.973956 0.0963382 0.205252 -0.258393 -0.0330992 0.955958 -0.291632 0.953804 -0.224307 0.277243 0.93425 2.12629 0 0 0 1 
5494384560027;0.90423;0.53339;0.992946 0.0472389 -0.108753 0.693676 -0.0302942 0.98784 0.152493 0.101223 0.114634 -0.148123 0.982303 -0.745347 0 0 0 1 
5494384560028;0.914969;0.810852;0.99925 -0.0385669 -0.00344562 -0.0774496 0.0385817 0.999246 0.00433815 -0.195462 0.00327571 -0.00446783 0.999985 -0.0913491 0 0 0 1 
5494384560029;0.844853;0.629329;0.999795 0.0038053 0.0199062 -0.0232248 -0.00354139 0.999906 -0.0132763 0.0866285 -0.0199549 0.0132031 0.999714 -0.454191 0 0 0 1 
5494384560031;0.314572;0.0909413;0.941998 -0.274653 -0.192885 0.529144 0.284206 0.958483 0.0231805 -1.08782 0.178511 -0.076655 0.980947 -0.768325 0 0 0 1 
5494384560032;0.143255;0.139169;0.997571 0.0696528 0.000193622 0.180561 -0.0696374 0.997402 -0.0184237 0.157284 -0.00147638 0.0183655 0.99983 0.015777 0 0 0 1 
5494384560033;0.256973;0.211106;0.999923 0.00585385 0.0109681 -0.00799533 -0.004607 0.993872 -0.110442 0.223211 -0.0115474 0.110382 0.993822 0.0632808 0 0 0 1 
5494384560034;0.872658;0.0347499;0.977194 -0.190204 0.0944105 0.0935925 0.173358 0.971346 0.162584 -1.59554 -0.12263 -0.14251 0.982167 -0.182866 0 0 0 1 
5494384560035;0.383527;0.0445954;0.996797 -0.0677229 0.0425317 0.0639924 0.0672595 0.99766 0.0122369 0.142284 -0.043261 -0.00933702 0.99902 0.24782 0 0 0 1 
5494384560036;0.699819;0.0997767;0.977019 0.167289 -0.13209 0.456061 -0.197301 0.944284 -0.263439 0.592848 0.0806602 0.283447 0.95559 0.333764 0 0 0 1 
5494384560037;0.785083;0.36737;0.969823 -0.0839931 0.228885 -0.400206 0.147131 0.950198 -0.274728 -0.193993 -0.194411 0.300113 0.933882 0.503704 0 0 0 1 
5494384560038;1.00964;0.110254;0.940207 -0.339837 0.0228151 -0.782301 0.340321 0.940042 -0.0224203 -0.818992 -0.0138279 0.0288442 0.999488 -0.3069 0 0 0 1 
5494384560039;0.16472;0.174395;0.997267 -0.0715568 -0.0183631 -0.142282 0.071681 0.997408 0.00619929 -0.204052 0.0178719 -0.00749863 0.999812 -0.077914 0 0 0 1 
5494384560040;0.656318;0.0464636;0.924116 0.312937 0.21927 0.547014 -0.307784 0.949675 -0.0581948 0.72925 -0.226447 -0.0137091 0.973927 1.03193 0 0 0 1 
5494384560041;0.496934;0.230649;0.888902 -0.296345 0.349331 -0.41551 0.306105 0.951576 0.0283321 -1.05068 -0.340811 0.0817475 0.936571 1.75377 0 0 0 1 
5494384560042;0.516103;0.324706;0.997364 -0.0714531 -0.0126518 -0.173295 0.0723933 0.991742 0.105866 -0.540838 0.00498292 -0.106503 0.9943 -0.235908 0 0 0 1 
5494384560043;0.0787389;0.0324401;0.999984 0.00014533 -0.00561347 0.0106601 -6.89573e-05 0.999907 0.013603 -0.0771342 0.00561493 -0.0136024 0.999892 -0.0240769 0 0 0 1 
5494384560044;0.670233;0.4357;0.99929 0.0372091 -0.00586426 0.286785 -0.0371758 0.999293 0.00567437 0.28528 0.00607125 -0.00545233 0.999967 0.205171 0 0 0 1 
5494384560045;0.454928;0.0963018;0.944944 -0.241618 0.220684 -0.362899 0.172344 0.940752 0.292033 -1.11104 -0.278169 -0.237921 0.930599 1.04928 0 0 0 1 
5494384560046;0.663952;0.127633;0.988749 0.0533912 -0.139728 0.236719 -0.0590702 0.997575 -0.0368133 0.899688 0.137424 0.0446529 0.989505 -0.579438 0 0 0 1 
5494384560047;0.60701;0.496291;0.999974 0.00115972 -0.00713114 -0.00373305 -0.00194722 0.99377 -0.111437 0.388354 0.00695748 0.111448 0.993746 0.00205678 0 0 0 1 
5494384560048;0.280379;0.231623;0.999892 -0.0128015 -0.00726187 0.00912849 0.0127828 0.999915 -0.00261111 -0.160811 0.00729468 0.002518 0.99997 0.00713767 0 0 0 1 
5494384560049;0.480826;0.0656444;0.941383 0.295869 0.16205 0.501481 -0.290932 0.955221 -0.0539478 1.2603 -0.170755 0.00363998 0.985307 0.631953 0 0 0 1 
5494384560050;0.519994;0.157571;0.994278 0.0992568 0.0394859 -0.119783 -0.101062 0.993784 0.0466899 -0.218839 -0.0346062 -0.0504133 0.998129 0.154374 0 0 0 1 
5494384560051;0.245903;0.173455;0.999798 -0.0137293 0.0147079 -0.0241631 0.0134141 0.999683 0.0213213 -0.24401 -0.0149959 -0.0211197 0.999664 0.0150477 0 0 0 1 
5494384560052;0.581213;0.170614;0.972961 0.17858 0.146476 -0.115904 -0.192195 0.977699 0.0846558 0.114246 -0.128092 -0.110519 0.985585 0.299362 0 0 0 1 
5494384560053;0.543864;0.180779;0.978129 -0.202561 0.0472503 -0.172424 0.196157 0.973882 0.114349 -1.24173 -0.0691789 -0.10258 0.992316 -0.0250612 0 0 0 1 
5494384560054;0.812423;0.502633;0.998461 -0.0403798 0.0380097 -0.454016 0.0392496 0.998778 0.0300236 -0.404315 -0.0391756 -0.0284855 0.998826 -0.194165 0 0 0 1 
5494384560055;0.804846;0.549642;0.932801 0.0077844 0.360309 -0.125621 -0.0248064 0.998782 0.0426427 0.589293 -0.359538 -0.0487151 0.931858 1.44673 0 0 0 1 
5494384560056;0.404608;0.0427573;0.98874 0.125598 0.0813544 -0.167251 -0.124582 0.992055 -0.0174732 0.0732548 -0.0829026 0.00714116 0.996532 0.197831 0 0 0 1 
5494384560057;0.241612;0.146726;0.984704 0.170206 -0.0372497 0.110026 -0.166516 0.982252 0.0863366 0.424622 0.0512835 -0.0788133 0.995569 -0.187242 0 0 0 1 
5494384560058;0.361634;0.241054;0.994228 -0.0970535 0.0457414 -0.0918782 0.102606 0.984687 -0.140939 0.0503585 -0.0313623 0.144819 0.988961 0.158307 0 0 0 1 
5494384560059;0.672349;0.638354;0.999897 -0.00527432 0.0133698 -0.0592175 0.00523446 0.999982 0.00301499 -0.0419503 -0.0133854 -0.00294469 0.999906 0.00614408 0 0 0 1 
5494384560060;0.435775;0.0834546;0.973928 -0.201046 -0.105095 -0.0349148 0.222539 0.936647 0.270495 -1.24324 0.0440551 -0.286831 0.956968 -0.386225 0 0 0 1 
5494384560062;0.821662;0.546648;0.983641 -0.0314833 -0.177366 0.498397 0.0248879 0.998918 -0.0392889 -0.183497 0.178411 0.0342319 0.98336 -1.32851 0 0 0 1 
5494384560063;1.2461;0.484636;0.983924 0.0735483 -0.16274 0.920092 -0.0787794 0.996555 -0.0259189 0.661893 0.160273 0.0383227 0.986329 -1.36454 0 0 0 1 
5494384560064;0.351118;0.317707;0.99638 -0.0849349 0.00364078 -0.0172913 0.0850005 0.996051 -0.0256285 -0.593426 -0.00144965 0.0258451 0.999665 0.028782 0 0 0 1 
5494384560065;1.02628;0.249232;0.996769 0.00489555 0.080176 -0.182151 -0.00440501 0.99997 -0.00629395 -0.155001 -0.0802045 0.00592043 0.996761 1.08323 0 0 0 1 
5494384560066;0.385602;0.199504;0.973214 0.21416 -0.0836033 0.525728 -0.215624 0.976437 -0.00879088 1.40418 0.0797507 0.0265823 0.99646 -0.432097 0 0 0 1 
5494384560067;1.09812;0.243598;0.988711 -0.129209 0.0758673 -0.216733 0.139426 0.978802 -0.150024 -0.854998 -0.0548745 0.158909 0.985767 -0.152747 0 0 0 1 
5494384560068;0.284277;0.141076;0.992947 0.109943 -0.0443617 0.196285 -0.098885 0.974449 0.201669 0.169447 0.0654003 -0.19586 0.978449 -0.480603 0 0 0 1 
5494384560069;0.305684;0.171527;0.998885 0.0349489 -0.0317292 0.184315 -0.0355095 0.99922 -0.0172809 0.294784 0.0311005 0.0183883 0.999347 -0.145736 0 0 0 1 
5494384560070;1.06788;0.886227;0.999597 0.0226509 -0.0171237 0.120539 -0.0209997 0.995618 0.0911258 -0.0360764 0.0191127 -0.0907295 0.995692 -0.521517 0 0 0 1 
5494384560071;0.199717;0.0812698;0.999961 -0.00306989 0.00830815 -0.0356917 0.00298429 0.999943 0.010296 -0.083766 -0.00833928 -0.0102708 0.999912 0.132058 0 0 0 1 
5494384560072;1.02349;0.47215;0.985407 0.0209234 -0.168925 0.594373 -0.0551211 0.978165 -0.200386 1.3936 0.161044 0.206773 0.965044 -0.659068 0 0 0 1 
5494384560073;0.123206;0.102727;0.999984 -0.00390831 0.00418231 -0.00704124 0.00388006 0.99997 0.00674188 -0.061091 -0.00420853 -0.00672554 0.999969 0.0494062 0 0 0 1 
5494384560074;0.700296;0.57458;0.999718 0.0123989 0.020251 -0.036581 -0.0128297 0.999691 0.0212836 0.0593201 -0.0199809 -0.0215375 0.999568 -0.0935419 0 0 0 1 
5494384560075;0.186882;0.158907;0.999983 0.00499687 0.00293561 0.0280641 -0.00498967 0.999985 -0.00245489 0.0449212 -0.00294783 0.0024402 0.999993 0.010264 0 0 0 1 
5494384560076;1.00141;0.0653362;0.994326 -0.0736483 0.0767566 -0.317684 0.0730531 0.997272 0.0105375 -0.366222 -0.0773233 -0.00487042 0.996994 1.22076 0 0 0 1 
5494384560077;0.605922;0.247912;0.949178 -0.1166 -0.292344 1.21728 0.124286 0.992216 0.00779025 -0.878277 0.28916 -0.0437286 0.956282 -1.9776 0 0 0 1 
5494384560078;0.686652;0.324724;0.994322 -0.0989255 -0.0392136 0.121275 0.084492 0.957948 -0.274221 0.184837 0.064692 0.26935 0.960867 0.217702 0 0 0 1 
5494384560079;0.330281;0.547288;0.997819 0.0463548 -0.0469916 0.2076 -0.0426251 0.996082 0.0774823 -0.276537 0.0503992 -0.0753103 0.995886 -0.331093 0 0 0 1 
5494384560080;0.779401;0.740432;0.990265 0.0862293 -0.109265 0.567247 -0.0781198 0.994008 0.0764506 0.190341 0.115203 -0.0671706 0.991068 -0.593168 0 0 0 1 
5494384560081;0.603531;0.100102;0.995247 0.0893157 -0.0388179 0.309636 -0.0934461 0.988071 -0.12241 1.14538 0.0274217 0.125455 0.99172 0.206134 0 0 0 1 
5494384560082;0.617118;0.244855;0.945701 -0.0575416 -0.319905 1.04035 0.0785461 0.995493 0.053137 -0.39197 0.315405 -0.075379 0.945959 -2.12833 0 0 0 1 
5494384560083;0.290683;0.221047;0.992374 0.0704287 0.101166 -0.202247 -0.0670507 0.997085 -0.0364158 0.581221 -0.103436 0.0293548 0.994203 0.647241 0 0 0 1 
5494384560084;0.175327;0.146619;0.995186 -0.0160821 -0.0966769 0.249675 0.0143637 0.999727 -0.0184439 -0.053258 0.0969471 0.0169665 0.995145 -0.576575 0 0 0 1 
5494384560085;0.943472;0.344446;0.999117 -0.0385211 -0.0167791 -0.00166052 0.0383357 0.999202 -0.0112375 -0.452385 0.0171985 0.0105843 0.999796 0.451875 0 0 0 1 
5494384560086;0.821732;0.239191;0.998187 -0.0252206 0.0546536 -0.311803 0.0231113 0.998976 0.0388882 -0.466211 -0.0555784 -0.0375546 0.997748 0.671431 0 0 0 1 
5494384560087;0.12902;0.0975963;0.999995 0.00148029 -0.0026278 -0.0430114 -0.00148176 0.999999 -0.000557129 0.0134942 0.00262697 0.00056102 0.999996 -0.0190679 0 0 0 1 
5494384560088;1.25698;0.700315;0.909002 0.00218436 -0.416785 1.84022 0.0311532 0.996833 0.0731691 -0.905965 0.415625 -0.079495 0.906055 -2.33617 0 0 0 1 
5494384560089;1.3654;0.76147;0.994622 0.0698467 0.0764703 -0.192868 -0.0704855 0.997497 0.00568356 0.424883 -0.0758819 -0.011043 0.997056 -0.233085 0 0 0 1 
5494384560090;0.736364;0.354759;0.988664 -0.133653 -0.0684142 0.371368 0.106252 0.944732 -0.310149 0.347693 0.106085 0.299364 0.948223 -0.381876 0 0 0 1 
5494384560091;0.484121;0.315601;0.965826 -0.114403 -0.232578 0.662322 0.122732 0.992205 0.0216113 -0.868878 0.228293 -0.0494174 0.972337 -1.1601 0 0 0 1 
5494384560093;0.0553842;0.0891096;0.999373 -0.00107376 -0.0353808 0.116368 0.000965223 0.999995 -0.00308469 0.0386005 0.0353839 0.00304861 0.999369 -0.162381 0 0 0 1 
5494384560094;0.672056;0.100578;0.904889 -0.0642882 -0.420765 1.99334 0.135246 0.980726 0.141014 -1.20263 0.40359 -0.184508 0.896143 -2.13616 0 0 0 1 
5494384560095;0.854827;0.119787;0.921377 0.387329 -0.0322686 1.03488 -0.388058 0.921408 -0.0204392 2.28318 0.0218159 0.0313543 0.99927 0.345088 0 0 0 1 
5494384560096;0.268636;0.0945679;0.957595 -0.273086 -0.0918446 0.437733 0.263221 0.958835 -0.106538 -1.58973 0.117158 0.0778452 0.990058 -0.753404 0 0 0 1 
5494384560097;0.745786;0.0939077;0.999835 -0.0064631 -0.0170007 -0.201812 0.00717204 0.999093 0.0419755 -0.616091 0.016714 -0.0420905 0.998974 0.208161 0 0 0 1 
5494384560098;0.365154;0.102845;0.912259 -0.37872 -0.15606 0.965833 0.386299 0.92215 0.0202983 -2.72359 0.136223 -0.078803 0.987539 -0.857756 0 0 0 1 
5494384560099;0.345567;0.124983;0.996577 -0.0325849 0.0759785 -0.396599 0.0370971 0.997583 -0.0587534 0.0570934 -0.0738804 0.0613708 0.995377 0.580134 0 0 0 1 
5494384560100;0.37298;0.102592;0.943965 -0.234938 -0.231805 0.654833 0.230621 0.971958 -0.0459507 -1.33734 0.236101 -0.0100834 0.971676 -1.30987 0 0 0 1 
5494384560101;0.595346;0.702249;0.997558 0.0697015 -0.00443338 0.00135452 -0.069171 0.977197 -0.200754 1.29518 -0.00966058 0.20057 0.979632 0.229048 0 0 0 1 
5494384560102;0.240088;0.109076;0.968791 -0.224357 0.105393 -0.156888 0.241074 0.951732 -0.189974 -1.15706 -0.0576836 0.209453 0.976116 0.607193 0 0 0 1 
5494384560103;0.65911;0.125146;0.999836 0.0144613 -0.0109019 0.0385937 -0.014527 0.999877 -0.00597604 0.0157699 0.0108141 0.00613344 0.999923 -0.497065 0 0 0 1 
5494384560104;0.317417;0.300986;0.998435 -0.0200819 -0.0521937 0.00156198 0.0295392 0.98186 0.18729 -0.800462 0.0474858 -0.188539 0.980917 -0.156848 0 0 0 1 
5494384560105;0.561217;0.122601;0.964392 0.0589822 -0.257815 0.660687 -0.0930359 0.988167 -0.121943 1.01668 0.247572 0.141587 0.958468 -1.06861 0 0 0 1 
5494384560106;0.669368;0.566129;0.998596 -0.0116957 0.0516642 -0.104228 0.0129509 0.999627 -0.0240271 -0.276124 -0.0513639 0.0246624 0.998375 0.345774 0 0 0 1 
5494384560107;0.196586;0.179171;0.985186 0.154646 -0.0741149 0.404241 -0.152465 0.987715 0.0342609 1.03856 0.0785027 -0.0224535 0.996661 -0.504466 0 0 0 1 
5494384560108;0.588165;0.116474;0.975754 0.193057 -0.103121 0.566687 -0.12893 0.887717 0.441967 -0.296413 0.176867 -0.417956 0.891084 -1.35287 0 0 0 1 
5494384560109;0.964218;0.161791;0.986532 0.127235 0.102787 -0.0179714 -0.133734 0.989259 0.059002 0.979596 -0.0941759 -0.0719535 0.992952 1.49719 0 0 0 1 
5494384560110;0.522946;0.17146;0.899344 -0.436155 -0.0308156 0.391641 0.434939 0.899606 -0.0392033 -3.0518 0.0448207 0.0218544 0.998756 -0.168391 0 0 0 1 
5494384560111;0.382633;0.134608;0.995914 -0.0086619 0.0898856 -0.336476 0.0176733 0.994836 -0.0999487 0.220431 -0.0885556 0.101129 0.990924 0.503559 0 0 0 1 
5494384560112;1.20633;0.123546;0.970533 -0.234539 -0.0552922 -0.234008 0.233006 0.971922 -0.0327976 -1.04433 0.061432 0.0189477 0.997931 0.37821 0 0 0 1 
5494384560113;0.493118;0.103033;0.986651 0.156837 -0.0438492 0.208123 -0.157207 0.987552 -0.0051164 1.04178 0.0425009 0.0119415 0.999025 -0.595332 0 0 0 1 
5494384560114;0.011633;0.0805321;0.999828 -0.00417694 -0.0180754 0.0463619 0.00382087 0.999799 -0.0196892 0.0544631 0.018154 0.0196168 0.999643 -0.0525916 0 0 0 1 
5494384560115;0.837027;0.0878071;0.956223 -0.0957348 -0.276537 0.54115 0.151154 0.970737 0.186607 -1.90954 0.250579 -0.220238 0.942712 -1.30015 0 0 0 1 
5494384560116;0.753813;0.180156;0.995694 -0.0451693 -0.0809518 -0.266357 0.0465648 0.998796 0.0154344 -0.260479 0.0801572 -0.0191375 0.996599 -0.684908 0 0 0 1 
5494384560117;0.39392;0.191957;0.958842 0.283929 0.00264713 0.424405 -0.283919 0.958842 -0.00336429 2.06803 -0.0034934 0.00247425 0.999991 0.381233 0 0 0 1 
5494384560118;0.486867;0.101582;0.996697 0.0811052 0.00406359 0.242061 -0.0738701 0.926297 -0.369482 1.39818 -0.033731 0.367961 0.929229 0.342019 0 0 0 1 
5494384560119;0.307339;0.123382;0.951854 0.306111 -0.0164441 0.481827 -0.293989 0.92673 0.23397 1.41772 0.0868601 -0.217871 0.972105 -0.49657 0 0 0 1 
5494384560120;1.07013;0.116491;0.962062 -0.248928 -0.111673 0.473731 0.228356 0.958677 -0.16968 -0.946793 0.149297 0.137742 0.979152 -1.65434 0 0 0 1 
5494384560121;0.937742;0.113431;0.902392 0.386008 -0.191539 0.936579 -0.39179 0.920017 0.00828046 2.0128 0.179416 0.067571 0.98145 -1.19925 0 0 0 1 
5494384560122;0.448809;0.13827;0.912451 0.371166 0.172248 0.167166 -0.375323 0.92685 -0.00900938 2.77188 -0.162992 -0.056428 0.985012 1.30754 0 0 0 1 
5494384560124;0.180601;0.11321;0.993521 -0.067991 0.0910719 -0.311306 0.0578349 0.992263 0.109856 -0.329671 -0.0978365 -0.103877 0.989766 0.38767 0 0 0 1 
5494384560125;0.336264;0.0477273;0.948694 -0.173839 0.264122 -0.4851 0.200962 0.976393 -0.0791908 -0.76537 -0.24412 0.128206 0.961233 1.03501 0 0 0 1 
5494384560126;0.158937;0.031665;0.995694 0.0770656 0.051517 -0.20022 -0.0771229 0.997021 -0.000876659 0.259281 -0.0514311 -0.00310026 0.998672 0.223547 0 0 0 1 
5494384560127;0.459182;0.0887693;0.99267 -0.110216 -0.0495922 0.40222 0.109027 0.993696 -0.026089 -0.0288801 0.0521551 0.0204908 0.998429 -0.203748 0 0 0 1 
5494384560128;0.768681;0.0983144;0.968883 -0.11842 0.217355 -0.708954 0.189224 0.92045 -0.342004 0.149267 -0.159564 0.37249 0.914216 0.347571 0 0 0 1 
5494384560129;0.8631;0.0935989;0.94201 0.0426785 0.33286 -0.901991 -0.129906 0.960925 0.244433 -0.523605 -0.309422 -0.273499 0.910745 1.57023 0 0 0 1 
5494384560130;0.294138;0.098377;0.993656 -0.110328 -0.0217901 0.183671 0.112208 0.985587 0.126599 -0.665222 0.00750861 -0.128241 0.991715 -0.194231 0 0 0 1 
5494384560131;0.331415;0.0743352;0.998595 -0.0283927 -0.0447407 -0.00395751 0.02707 0.999186 -0.0298966 -0.00420585 0.0455531 0.0286435 0.998551 0.199737 0 0 0 1 
5494384560132;0.299743;0.132504;0.960566 -0.0259738 -0.276837 0.589516 0.102879 0.95817 0.267069 -0.921843 0.25832 -0.285018 0.923058 -1.02608 0 0 0 1 
5494384560133;0.275606;0.223231;0.98282 0.0619032 -0.173875 0.413948 -0.0441737 0.993591 0.10405 0.0342811 0.179202 -0.0945815 0.979255 -0.876834 0 0 0 1 
5494384560134;0.715759;0.313653;0.981368 0.19176 -0.0119963 0.120779 -0.191798 0.981432 -0.00204469 0.890454 0.0113814 0.00430745 0.999926 0.390666 0 0 0 1 
5494384560135;0.221863;0.0767941;0.977631 0.188846 0.0926008 -0.0484819 -0.196038 0.977656 0.0758769 0.726677 -0.0762027 -0.0923329 0.992808 0.318001 0 0 0 1 
5494384560136;0.513605;0.061313;0.981504 0.191426 0.00259203 -0.300063 -0.191414 0.9815 -0.00438237 1.12754 -0.00338298 0.00380516 0.999987 -0.185713 0 0 0 1 
5494384560137;0.0725673;0.0492003;0.999957 -0.000665718 -0.0092401 -0.0231071 0.000696452 0.999994 0.00332334 0.0168154 0.00923783 -0.00332963 0.999952 0.0252593 0 0 0 1 
5494384560138;0.458946;0.114171;0.998594 -0.0166237 -0.0503409 0.016027 0.0112474 0.994381 -0.105258 0.205382 0.0518079 0.104543 0.99317 0.324172 0 0 0 1 
5494384560139;0.373858;0.0404885;0.986564 0.123373 0.107105 0.103794 -0.123935 0.992289 -0.00141603 0.183345 -0.106454 -0.0118771 0.994247 0.378251 0 0 0 1 
5494384560140;0.407687;0.114404;0.947261 0.300624 -0.111002 0.244542 -0.267851 0.932894 0.240759 0.64053 0.175931 -0.19833 0.964217 -0.499506 0 0 0 1 
5494384560141;0.827786;0.478924;0.999919 -0.00394739 0.012116 -0.130653 0.004639 0.998329 -0.0575954 0.264058 -0.0118684 0.0576469 0.998266 0.469684 0 0 0 1 
5494384560142;0.791925;0.0450063;0.998077 -0.0488651 0.0381453 -0.71082 0.0488854 0.998804 0.000398599 -0.437647 -0.0381192 0.00146692 0.999272 -0.410302 0 0 0 1 
5494384560143;0.413054;0.0883588;0.927928 0.298477 0.223297 -0.0502877 -0.310937 0.950175 0.0220388 1.03614 -0.205594 -0.0898818 0.974501 0.81977 0 0 0 1 
5494384560144;0.460909;0.0525103;0.992636 0.0614378 -0.104403 0.173933 -0.0594732 0.997991 0.0218302 0.291413 0.105535 -0.0154602 0.994295 0.0881232 0 0 0 1 
5494384560145;0.514439;0.0871052;0.994604 -0.0744262 0.0722695 -0.378086 0.0553909 0.970015 0.236648 -0.141368 -0.0877153 -0.231368 0.968904 0.403519 0 0 0 1 
5494384560146;0.876277;0.118277;0.974475 0.224322 0.00888872 0.864639 -0.224489 0.97403 0.0294994 0.624819 -0.00204052 -0.0307418 0.999525 -0.596011 0 0 0 1 
5494384560147;0.0882485;0.0305854;0.991533 -0.000744154 -0.129851 0.275438 7.47057e-05 0.999987 -0.00516031 0.0258993 0.129853 0.00510692 0.99152 -0.507994 0 0 0 1 
5494384560148;0.565514;0.132739;0.911616 0.252442 0.32439 -0.00117332 -0.202205 0.962512 -0.180785 1.59163 -0.357867 0.0992134 0.928487 1.59576 0 0 0 1 
5494384560149;0.651367;0.33064;0.996103 -0.0873457 0.0122498 -0.430589 0.0851007 0.988277 0.126755 -0.46736 -0.0231777 -0.125219 0.991858 0.312149 0 0 0 1 
5494384560150;0.389377;0.356518;0.990205 -0.0888816 0.107676 -0.331749 0.0915563 0.995596 -0.0201461 -0.179644 -0.105412 0.0298072 0.993982 0.465849 0 0 0 1 
5494384560151;0.428451;0.248101;0.994427 -0.103599 -0.0195239 0.00831469 0.103127 0.994384 -0.0237928 -0.345801 0.0218792 0.0216468 0.999526 -0.344889 0 0 0 1 
5494384560152;0.492131;0.460901;0.999829 -0.0184673 -0.00110275 -0.0674979 0.0184737 0.99981 0.00619693 -0.0806694 0.000988104 -0.00621624 0.99998 -0.0333288 0 0 0 1 
5494384560153;0.585822;0.0387925;0.999744 -0.0150679 -0.0168795 0.0264536 0.0106229 0.971248 -0.237831 0.585842 0.0199778 0.237591 0.97116 -0.5371 0 0 0 1 
5494384560155;0.510199;0.239709;0.99549 -0.0948638 0.000474379 0.0964947 0.0945185 0.992268 0.0804395 -0.261495 -0.00810151 -0.0800319 0.996759 0.422134 0 0 0 1 
5494384560156;0.606536;0.216863;0.999987 -0.00509278 -0.000750445 0.196481 0.00509835 0.999958 0.0076113 -0.252529 0.00071165 -0.00761503 0.999971 -0.618981 0 0 0 1 
5494384560157;0.698949;0.152051;0.960336 -0.278276 -0.0178355 0.458694 0.278529 0.960329 0.0137527 -0.684541 0.0133009 -0.0181749 0.999746 0.513385 0 0 0 1 
5494384560158;0.932434;0.209369;0.97438 0.00661506 0.224809 0.0176382 0.0328477 0.984663 -0.171345 -0.00866103 -0.222494 0.174339 0.95922 1.37142 0 0 0 1 
5494384560159;0.588127;0.310769;0.957178 0.167011 0.236468 0.420473 -0.162535 0.985954 -0.0384395 -0.14879 -0.239567 -0.00164097 0.970879 0.720628 0 0 0 1 
5494384560160;0.813406;0.162123;0.960566 0.127607 -0.247041 1.05171 -0.0957763 0.985947 0.136877 0.0460623 0.261035 -0.107819 0.959289 -0.797771 0 0 0 1 
5494384560161;0.869163;0.11907;0.997928 0.0568992 -0.0300305 0.321626 -0.0555062 0.997428 0.0453432 -0.908212 0.0325333 -0.0435824 0.99852 -0.164314 0 0 0 1 
5494384560162;0.520155;0.155303;0.994451 -0.0404507 -0.0971149 0.089988 0.0639796 0.965332 0.253063 -0.183213 0.0835115 -0.257872 0.962563 0.193024 0 0 0 1 
5494384560163;0.884248;0.529131;0.947517 0.319217 -0.0176643 1.1149 -0.319663 0.946848 -0.0359898 0.288613 0.00523684 0.0397476 0.999196 0.114655 0 0 0 1 
5494384560164;0.069281;0.0671254;0.999555 -0.0251993 -0.0159651 0.0393391 0.0253575 0.999631 0.00978853 -0.149545 0.0157126 -0.010189 0.999825 -0.00659141 0 0 0 1 
5494384560165;0.359877;0.594758;0.966207 0.213239 0.144818 0.0905672 -0.212552 0.976937 -0.0203849 -0.318454 -0.145824 -0.0110852 0.989248 0.212568 0 0 0 1 
5494384560166;0.617506;0.250773;0.955508 0.00127628 -0.294962 0.709393 -7.44987e-05 0.999992 0.00408556 -0.211106 0.294965 -0.00388181 0.9555 0.0285005 0 0 0 1 
5494384560167;0.359577;0.135302;0.950875 -0.183967 0.248982 -0.0155406 0.242467 0.942621 -0.229512 -0.313846 -0.192472 0.278607 0.940921 0.274977 0 0 0 1 
5494384560168;0.367236;0.345618;0.961112 0.203374 0.186825 0.257094 -0.219204 0.973294 0.0681745 -0.217473 -0.16797 -0.106476 0.980025 0.147666 0 0 0 1 
5494384560169;0.299703;0.151446;0.99664 0.0670501 -0.0470348 0.146359 -0.0588781 0.985742 0.157624 -0.375823 0.0569329 -0.154325 0.986378 0.0450949 0 0 0 1 
5494384560170;0.388752;0.0969186;0.999638 0.0201141 -0.0178617 0.383041 -0.019656 0.999483 0.0254617 0.174783 0.0183646 -0.0251014 0.999516 -0.127124 0 0 0 1 
5494384560171;0.436725;0.118877;0.999724 0.00626272 0.0226258 0.349449 -0.0108136 0.978277 0.207018 -0.248742 -0.0208378 -0.207206 0.978075 -0.365041 0 0 0 1 
5494384560172;0.743415;0.274593;0.98885 0.148787 0.00623621 0.791791 -0.14891 0.987486 0.0519288 0.0819316 0.00156816 -0.0522784 0.998631 0.115018 0 0 0 1 
5494384560173;0.766137;0.120097;0.990893 0.127621 0.0429371 0.354298 -0.133768 0.896554 0.422253 0.109903 0.0153932 -0.424151 0.90546 -0.687925 0 0 0 1 
5494384560174;0.152675;0.126177;0.993327 -0.0963833 -0.0633307 -0.052899 0.0994232 0.993947 0.0467376 -0.301072 0.0584427 -0.0527223 0.996898 -0.0670572 0 0 0 1 
5494384560175;0.731473;0.255149;0.996581 0.0314008 -0.0764156 0.394367 -0.0468484 0.976653 -0.20965 0.254558 0.0680484 0.212514 0.974786 -0.686894 0 0 0 1 
5494384560176;0.458408;0.142401;0.909989 0.0835066 0.406137 -0.0951298 -0.162899 0.972751 0.164982 0.29135 -0.381293 -0.216291 0.898796 0.445576 0 0 0 1 
5494384560177;0.329052;0.300644;0.973093 -0.0352144 -0.227704 0.268309 0.0256822 0.998671 -0.0446915 -0.214973 0.228975 0.0376411 0.972704 -0.157247 0 0 0 1 
5494384560178;0.128329;0.176132;0.995933 0.0351464 -0.0829563 0.126154 -0.0248909 0.992271 0.121571 -0.240749 0.0865879 -0.119011 0.98911 -0.137899 0 0 0 1 
5494384560179;0.884119;0.134918;0.949284 -0.204066 0.239202 -0.216827 0.199899 0.978924 0.0418202 -0.769592 -0.242694 0.00811698 0.970069 -0.403447 0 0 0 1 
5494384560180;0.395688;0.246322;0.99827 -0.0438115 -0.0392124 -0.059793 0.0460735 0.997208 0.0587744 -0.0792776 0.0365279 -0.0604793 0.997501 -0.34759 0 0 0 1 
5494384560181;0.929561;0.154576;0.969333 -0.244473 -0.0250423 -0.577052 0.243536 0.969245 -0.0354097 -0.722312 0.0329289 0.0282251 0.999059 -0.741351 0 0 0 1 
5494384560182;0.699324;0.162386;0.945003 -0.257448 0.201715 -0.289176 0.296457 0.934753 -0.195833 -0.719907 -0.138137 0.244862 0.959667 -0.241599 0 0 0 1 
5494384560183;0.638253;0.278039;0.916166 -0.152612 0.370606 -0.371085 0.133329 0.988055 0.0772697 -0.663657 -0.377972 -0.0213792 0.92557 1.03025 0 0 0 1 
5494384560184;0.208766;0.26848;0.971202 0.237132 -0.023117 0.320597 -0.236917 0.97146 0.0116763 0.116083 0.0252261 -0.00586326 0.999665 -0.127007 0 0 0 1 
5494384560186;0.36111;0.0841911;0.999582 -0.00378356 0.0286792 -0.0646137 0.0043517 0.999795 -0.0197738 0.257579 -0.0285985 0.0198903 0.999393 0.416461 0 0 0 1 
5494384560187;0.496451;0.102612;0.973903 0.197843 -0.111228 0.723945 -0.160945 0.947536 0.276173 0.173048 0.160032 -0.251063 0.95465 -0.742997 0 0 0 1 
5494384560188;0.447898;0.0747043;0.963549 -0.258756 0.0679529 -0.281837 0.240192 0.948572 0.2062 -1.30328 -0.117814 -0.182362 0.976148 0.2587 0 0 0 1 
5494384560189;0.616026;0.155735;0.970907 -0.193772 -0.140681 0.305041 0.190935 0.98103 -0.0335253 -0.194333 0.144508 0.00568913 0.989487 -0.215163 0 0 0 1 
5494384560190;0.219844;0.018706;0.98208 -0.147217 -0.117671 0.0849652 0.153917 0.986819 0.0499851 -0.633147 0.108761 -0.0672009 0.991794 -0.480644 0 0 0 1 
5494384560191;0.269957;0.22583;0.998904 0.0467983 -0.000164107 0.066602 -0.0467961 0.998882 0.00674159 0.125464 0.000479418 -0.00672652 0.999977 -0.00732062 0 0 0 1 
5494384560192;0.563983;0.174783;0.998652 0.0515926 0.00568209 -0.297399 -0.0511194 0.958665 0.279908 0.0775264 0.00899398 -0.279821 0.96001 0.402857 0 0 0 1 
5494384560193;0.714742;0.247946;0.985628 -0.149889 -0.0779194 0.459105 0.138028 0.980468 -0.140112 -0.997885 0.0973987 0.127343 0.987065 -0.790102 0 0 0 1 
5494384560194;0.621903;0.172107;0.99124 -0.125905 0.0399014 -0.269439 0.126758 0.99174 -0.0196085 -0.553738 -0.037103 0.0244945 0.999011 0.697477 0 0 0 1 
5494384560195;0.355585;0.068714;0.973019 -0.220667 0.0673753 -0.295576 0.219504 0.975309 0.0242955 -0.845399 -0.071073 -0.00885078 0.997432 0.472089 0 0 0 1 
5494384560196;0.150749;0.0687966;0.999902 0.0139441 -0.00141636 0.0101691 -0.0138359 0.998154 0.0591436 -0.154411 0.00223845 -0.0591182 0.998248 0.0818961 0 0 0 1 
5494384560197;0.514288;0.137097;0.93326 -0.322482 -0.158212 0.736016 0.337222 0.938298 0.0766754 -1.40423 0.123724 -0.124911 0.984424 -0.166321 0 0 0 1 
5494384560198;0.530599;0.06726;0.994524 -0.0337253 0.0989138 -0.419196 0.068712 0.924165 -0.375762 0.0831135 -0.07874 0.380502 0.921422 0.288759 0 0 0 1 
5494384560199;0.148187;0.118642;0.999589 0.0278147 -0.00693676 0.0579881 -0.0278699 0.99958 -0.00799477 0.0982439 0.00671147 0.00818481 0.999944 -0.0161568 0 0 0 1 
5494384560200;0.674054;0.501212;0.999709 -0.019556 0.0141454 -0.0647136 0.0187089 0.998157 0.057722 -0.50739 -0.0152481 -0.0574405 0.998232 -0.245606 0 0 0 1 
5494384560201;0.851959;0.129421;0.979063 -0.161311 0.124159 0.0666942 0.123082 0.954931 0.270106 -0.934574 -0.162134 -0.249169 0.954792 -0.170685 0 0 0 1 
5494384560202;0.0584502;0.0459614;0.999932 -0.000673396 -0.0116848 0.0275493 0.000694577 0.999998 0.00180868 0.00983909 0.0116835 -0.00181668 0.99993 -0.0584388 0 0 0 1 
5494384560203;0.443983;0.0802472;0.995564 -0.0588854 0.073386 -0.173717 0.0826208 0.9203 -0.382391 0.450317 -0.0450198 0.386757 0.921082 0.188883 0 0 0 1 
5494384560204;0.212563;0.0346326;0.999963 0.00507697 -0.00690509 0.0270943 -0.00501619 0.999949 0.00879025 -0.0217763 0.00694937 -0.00875529 0.999938 -0.252442 0 0 0 1 
5494384560205;0.664348;0.189909;0.884115 -0.28169 0.372815 -0.429256 0.227883 0.956476 0.182273 -1.02947 -0.407933 -0.0761919 0.909827 2.38007 0 0 0 1 
5494384560206;0.578856;0.103537;0.995425 -0.0624421 0.072323 -0.134364 0.0630462 0.997992 -0.00609814 -0.121205 -0.071797 0.0106299 0.997363 0.883081 0 0 0 1 
5494384560207;0.371227;0.0783009;0.991191 -0.0032556 0.132399 -0.392617 -0.0328348 0.962446 0.26948 -0.406647 -0.128304 -0.271454 0.953861 0.609355 0 0 0 1 
5494384560208;0.803964;0.217948;0.997934 0.0586753 0.0261671 0.100801 -0.0602197 0.99621 0.0627672 0.303104 -0.0223851 -0.0642133 0.997685 0.762928 0 0 0 1 
5494384560209;0.402561;0.120797;0.940564 -0.314017 -0.129354 0.211676 0.294248 0.943677 -0.151302 -0.87878 0.16958 0.104247 0.979987 -0.582128 0 0 0 1 
5494384560210;0.831689;0.0334322;0.99001 0.128162 0.0587814 -0.148488 -0.110741 0.964816 -0.238468 1.54889 -0.0872758 0.229577 0.96937 -0.0631129 0 0 0 1 
5494384560211;0.793568;0.427396;0.991445 -0.0219603 -0.128665 0.58173 0.0182021 0.999375 -0.0303125 0.28664 0.12925 0.0277112 0.991225 -0.85228 0 0 0 1 
5494384560212;0.459124;0.0493247;0.999991 -0.000492568 0.00431726 0.204218 0.000453902 0.99996 0.0089526 0.160422 -0.00432149 -0.00895056 0.999951 0.431999 0 0 0 1 
5494384560213;0.436091;0.286901;0.999449 -0.0241123 -0.0228025 0.0256465 0.0199852 0.985838 -0.166503 0.269858 0.0264943 0.165956 0.985777 0.314758 0 0 0 1 
5494384560214;0.701608;0.0755875;0.999771 -0.0205808 -0.00584593 -0.000725815 0.0202205 0.998217 -0.0561597 0.798839 0.00699132 0.0560287 0.998405 -0.244805 0 0 0 1 
5494384560215;0.568246;0.147896;0.972459 0.0546292 -0.226581 0.983672 0.0168216 0.953158 0.302004 -0.621052 0.232466 -0.297498 0.925988 -1.01881 0 0 0 1 
5494384560217;0.781012;0.696691;0.989931 0.141542 -0.00134882 0.0522385 -0.141517 0.989472 -0.0302889 0.587115 -0.00295252 0.0301748 0.99954 0.255659 0 0 0 1 
5494384560218;0.673342;0.0417093;0.873007 -0.121161 -0.472419 1.88109 0.171203 0.98314 0.0642297 -1.25927 0.456671 -0.136953 0.879031 -1.89054 0 0 0 1 
5494384560219;0.333437;0.0664202;0.932066 -0.355607 -0.0692515 0.365757 0.348291 0.932153 -0.0989172 -1.79076 0.0997287 0.0680777 0.992683 -0.468773 0 0 0 1 
5494384560220;0.675306;0.0383718;0.957102 -0.191584 -0.217375 0.615051 0.158629 0.974252 -0.160218 -0.536293 0.242473 0.118863 0.962849 -0.642676 0 0 0 1 
5494384560221;0.374554;0.101793;0.938231 0.34229 0.0505968 0.416343 -0.326658 0.924453 -0.196674 2.40223 -0.114094 0.167998 0.979162 0.900389 0 0 0 1 
5494384560222;1.07278;0.0466511;0.973402 0.0737343 -0.216913 0.0374715 -0.116473 0.974578 -0.191394 1.81272 0.197286 0.211568 0.957245 -0.610358 0 0 0 1 
5494384560223;0.406435;0.088775;0.954004 0.297131 0.039882 0.136325 -0.295588 0.954464 -0.0403305 1.73378 -0.0500494 0.0266868 0.99839 0.534428 0 0 0 1 
5494384560224;0.20751;0.139534;0.993151 -0.0101629 0.116392 -0.350727 0.00969689 0.999943 0.00456951 -0.0978141 -0.116432 -0.00340957 0.993193 0.761261 0 0 0 1 
5494384560225;0.828158;0.0488333;0.996416 0.00133729 -0.0845721 0.107455 0.00530084 0.996922 0.0782175 -0.0911033 0.0844164 -0.0783856 0.993343 0.264907 0 0 0 1 
5494384560226;0.429538;0.0313927;0.885413 0.0634405 -0.460456 1.73029 0.0123385 0.987085 0.159724 -0.176094 0.464642 -0.147103 0.873195 -2.61344 0 0 0 1 
5494384560227;0.623994;0.110269;0.941576 -0.317262 0.113044 -0.275499 0.309496 0.947434 0.0811261 -1.59629 -0.13284 -0.0413996 0.990272 0.619246 0 0 0 1 
5494384560228;0.349478;0.122407;0.982862 -0.0974128 -0.156501 0.349626 0.122717 0.97927 0.161154 -0.88558 0.137558 -0.177598 0.974442 -0.784466 0 0 0 1 
5494384560229;0.390705;0.0606094;0.999639 0.0213393 -0.0163357 -0.111291 -0.0219769 0.998962 -0.0399056 0.473937 0.0154672 0.0402502 0.99907 0.179918 0 0 0 1 
5494384560230;0.944473;0.0558759;0.987148 0.0614383 0.147525 -0.989475 -0.0608176 0.998111 -0.00871884 0.480212 -0.147782 -0.000365328 0.98902 0.427213 0 0 0 1 
5494384560231;0.749473;0.180032;0.948553 -0.196351 0.248383 -0.758168 0.197685 0.980065 0.0198184 -1.05103 -0.247323 0.0303027 0.968459 1.17487 0 0 0 1 
5494384560232;0.1939;0.0984571;0.996664 -0.0618539 0.0532401 -0.152115 0.0561078 0.993058 0.103379 -0.548686 -0.0592649 -0.100047 0.993216 0.289186 0 0 0 1 
5494384560233;0.634182;0.0692907;0.949284 0.194361 0.247149 -0.288722 -0.268678 0.909729 0.316553 0.799107 -0.163313 -0.366902 0.915812 0.543032 0 0 0 1 
5494384560234;0.39885;0.106561;0.910943 -0.351699 -0.215616 0.952773 0.342701 0.936111 -0.0790686 -1.82892 0.229649 -0.00186493 0.973272 -1.34876 0 0 0 1 
5494384560235;0.0516956;0.0382427;0.998972 0.0452007 -0.00346975 0.0233342 -0.0451108 0.998725 0.0226768 0.231707 0.00449033 -0.022497 0.999737 -0.033381 0 0 0 1 
5494384560236;0.391323;0.120438;0.996033 -0.0799244 -0.0391298 0.111693 0.0769917 0.994468 -0.0714551 0.0763819 0.0446243 0.068159 0.996676 -0.158275 0 0 0 1 
5494384560237;1.02921;0.0299754;0.997495 -0.00232973 0.0707026 0.408902 0.0162094 0.980393 -0.196382 0.730615 -0.0688589 0.197036 0.977975 1.26224 0 0 0 1 
5494384560238;0.757061;0.0481781;0.967423 0.245462 -0.0619698 0.567888 -0.243242 0.969088 0.0412558 1.74741 0.070181 -0.0248382 0.997225 -0.909495 0 0 0 1 
5494384560239;0.288361;0.0862854;0.935321 0.232655 0.266545 -0.180004 -0.232739 0.972021 -0.0317409 1.46955 -0.266472 -0.0323475 0.9633 1.70499 0 0 0 1 
5494384560240;0.0978136;0.0671544;0.995095 0.00940328 -0.0984726 0.303632 -0.00943143 0.999956 0.00017962 0.0806026 0.0984699 0.000749999 0.99514 -0.581815 0 0 0 1 
5494384560241;0.673589;0.0968949;0.960377 0.266473 -0.0816593 0.367235 -0.27785 0.938335 -0.205735 2.64679 0.021801 0.220272 0.975195 0.152885 0 0 0 1 
5494384560242;1.04802;0.0471593;0.978416 0.0932522 0.18441 -0.603318 -0.0709264 0.989723 -0.124171 1.29377 -0.194094 0.108411 0.974974 1.98676 0 0 0 1 
5494384560243;0.111566;0.0660976;0.99949 -0.0292 -0.0129624 0.000379449 0.0287799 0.99909 -0.0314886 0.0139935 0.0138701 0.0310994 0.99942 -0.116406 0 0 0 1 
5494384560244;1.00468;0.0658272;0.973517 -0.22831 0.0117814 0.385389 0.228305 0.973588 0.00171227 -1.08882 -0.0118611 0.00102282 0.999929 -0.737508 0 0 0 1 
5494384560245;0.648612;0.0912474;0.994046 -0.105911 0.0256 -0.0651048 0.10765 0.99093 -0.0804267 -0.160615 -0.0168497 0.0827037 0.996432 0.717004 0 0 0 1 
5494384560246;0.310363;0.074594;0.997524 -0.0361177 0.0603381 -0.000604972 0.0269606 0.988885 0.146216 -0.382183 -0.0649484 -0.144228 0.987411 0.616368 0 0 0 1 
5494384560248;0.548689;0.0508362;0.962505 -0.271011 0.0116766 0.266065 0.269529 0.960325 0.0716202 -2.94993 -0.0306232 -0.0657876 0.997364 1.03845 0 0 0 1 
5494384560249;0.350307;0.0148916;0.969011 0.21816 0.115861 -0.290656 -0.197286 0.965763 -0.168465 2.80641 -0.148646 0.140387 0.978875 1.20961 0 0 0 1 
5494384560250;0.482059;0.0214042;0.992773 0.0258688 0.117186 0.321962 -0.0164096 0.996581 -0.0809773 -0.0597648 -0.11888 0.0784691 0.989803 1.18032 0 0 0 1 
5494384560251;0.346948;0.0188676;0.952544 0.215794 0.21469 -0.422501 -0.232667 0.97092 0.0563921 2.15516 -0.196278 -0.103667 0.975053 2.43512 0 0 0 1 
5494384560252;0.590914;0.0137225;0.912969 -0.251244 -0.321504 2.0228 0.194323 0.960574 -0.198838 -2.02256 0.358785 0.119057 0.925796 -3.54989 0 0 0 1 
5494384560253;0.449485;0.0137692;0.928535 -0.017702 -0.370822 1.74015 -0.0300904 0.991987 -0.122701 1.13381 0.370023 0.12509 0.920563 -3.62281 0 0 0 1 
5494384560254;0.682288;0.346574;0.985417 -0.157924 0.063345 0.0876544 0.151414 0.9837 0.0969909 -2.10931 -0.0776296 -0.0859853 0.993267 1.52551 0 0 0 1 
5494384560255;0.468787;0.0159488;0.998209 -0.0291633 0.0522281 -0.4841 0.0359642 0.990272 -0.134415 0.181557 -0.0478 0.136053 0.989548 -0.37015 0 0 0 1 
5494384560256;0.445109;0.0187381;0.924871 0.342382 0.165494 -0.467277 -0.360344 0.928102 0.0936938 3.33832 -0.121516 -0.146289 0.98175 0.943468 0 0 0 1 
5494384560257;0.358958;0.0114304;0.97584 -0.108108 0.189867 -0.466268 0.0818932 0.986634 0.14088 -1.15305 -0.20256 -0.121927 0.97165 2.52216 0 0 0 1 
5494384560258;0.299214;0.0173452;0.940281 -0.322201 0.109813 0.607984 0.337957 0.922203 -0.187955 -2.58007 -0.0407106 0.213843 0.976019 0.0470769 0 0 0 1 
5494384560259;0.232186;0.0147424;0.986748 -0.161939 -0.0102313 0.356612 0.162202 0.982708 0.0893013 -1.90312 -0.00440692 -0.0897774 0.995952 -0.102509 0 0 0 1 
