#;prob_registration_l1 -r /home/probabilistic_point_clouds_registration/build/tester /home/point_clouds_registration_benchmark//devel/registration_pairs/urban05_local.txt /home/point_clouds_registration_benchmark//kaist/urban05 -s 0.2 -t 0.2 -p 0.3 -r 1000 -m 1 -i 40 
id;initial_error;final_error;transformation
34562489690000;0.13992;0.794105;1 -1.563e-07 3.68482e-07 -0.98707 1.563e-07 1 3.94513e-08 5.71678 -3.68482e-07 -3.94512e-08 1 -0.204841 0 0 0 1 
34562489690001;0.182436;0.211627;1 -5.25137e-08 4.49431e-07 -0.415903 5.25137e-08 1 3.73732e-08 0.645903 -4.49431e-07 -3.73731e-08 1 -0.271901 0 0 0 1 
34562489690002;0.400034;1.22008;1 -1.51151e-08 -7.04152e-07 -0.754785 1.51151e-08 1 -6.50157e-09 -8.85989 7.04152e-07 6.50156e-09 1 -0.0852997 0 0 0 1 
34562489690003;0.381518;1.08415;0.999969 3.223e-06 -0.007817 -4.74128 2.09827e-06 1 0.000680722 -7.88009 0.007817 -0.000680718 0.999969 -13.617 0 0 0 1 
34562489690004;0.467995;1.38826;1 -2.72306e-07 5.90582e-07 -1.82952 2.72306e-07 1 5.01615e-08 8.46142 -5.90582e-07 -5.01613e-08 1 -0.217797 0 0 0 1 
34562489690005;0.423309;0.716555;1 -1.54035e-07 9.1125e-07 -1.23868 1.54035e-07 1 7.38019e-08 2.20016 -9.1125e-07 -7.38017e-08 1 -0.533822 0 0 0 1 
34562489690006;0.190415;0.914636;0.999861 8.79756e-06 0.0166541 22.6308 1.54006e-05 0.999999 -0.00145285 -9.45709 -0.0166541 0.00145291 0.99986 7.9765 0 0 0 1 
34562489690007;0.167146;1.02271;1 -8.31063e-08 7.34949e-07 -0.0707327 8.31063e-08 1 3.86877e-09 8.06468 -7.34949e-07 -3.86871e-09 1 0.15207 0 0 0 1 
34562489690008;0.102809;0.0995316;1 -1.40767e-08 -2.0766e-09 -0.0954944 1.40767e-08 1 1.68272e-09 -0.106348 2.0766e-09 -1.68272e-09 1 -0.00674735 0 0 0 1 
34562489690009;0.0509686;0.781377;1 5.48648e-09 5.58733e-09 -0.325399 -5.48648e-09 1 -1.21376e-08 -7.11631 -5.58733e-09 1.21376e-08 1 0.0295886 0 0 0 1 
34562489690010;0.0869115;0.796049;0.999905 1.18791e-05 -0.0137585 -28.2401 4.62218e-06 0.999999 0.00119932 9.61146 0.0137585 -0.00119927 0.999905 -15.3686 0 0 0 1 
34562489690011;0.0782188;0.61287;1 -1.05878e-07 -5.13663e-07 -0.619277 1.05878e-07 1 2.5387e-08 4.79127 5.13663e-07 -2.5387e-08 1 -0.107334 0 0 0 1 
34562489690012;0.0495854;0.581917;1 4.28007e-08 2.41473e-07 -0.0688384 -4.28007e-08 1 -9.82673e-09 -4.93693 -2.41473e-07 9.82672e-09 1 -0.00544815 0 0 0 1 
34562489690013;0.0622498;0.354754;1 3.73075e-08 -5.4167e-08 0.436851 -3.73075e-08 1 -2.56103e-08 3.04519 5.4167e-08 2.56103e-08 1 0.23525 0 0 0 1 
34562489690014;0.30978;1.15592;1 -2.24681e-07 -2.34759e-07 -1.04588 2.24681e-07 1 4.83846e-08 8.35196 2.34759e-07 -4.83846e-08 1 -0.154627 0 0 0 1 
34562489690015;0.264634;0.350907;1 -7.10922e-08 2.01463e-07 -0.592436 7.10922e-08 1 8.39734e-09 -0.82201 -2.01463e-07 -8.39733e-09 1 -0.0442209 0 0 0 1 
34562489690016;0.0384264;0.745283;1 -9.66026e-08 -1.90004e-07 -0.319534 9.66027e-08 1 1.8174e-08 6.6513 1.90004e-07 -1.8174e-08 1 -0.0372935 0 0 0 1 
34562489690017;0.317284;0.581745;1 -2.33961e-07 1.62e-07 -2.02797 2.33961e-07 1 5.12365e-08 -3.02904 -1.62e-07 -5.12365e-08 1 -0.365789 0 0 0 1 
34562489690018;0.287954;1.13704;1 2.62156e-08 6.91116e-07 0.791817 -2.62156e-08 1 9.85496e-09 9.61077 -6.91116e-07 -9.85498e-09 1 0.081449 0 0 0 1 
34562489690019;0.362659;0.935265;0.994079 0.000494771 0.108658 160.584 0.00053811 0.999955 -0.00947625 -21.1877 -0.108658 0.00947861 0.994034 61.5561 0 0 0 1 
34562489690020;0.112961;0.0873949;0.999997 -3.67378e-07 0.00240741 4.02681 8.70791e-07 1 -0.000209108 -1.24896 -0.00240741 0.00020911 0.999997 7.70986 0 0 0 1 
34562489690021;0.197833;0.276689;1 -9.00704e-09 -4.87849e-07 -0.132988 9.00703e-09 1 -1.67325e-08 -1.40617 4.87849e-07 1.67325e-08 1 0.119541 0 0 0 1 
34562489690022;0.278308;1.15549;0.999801 1.44194e-05 0.0199316 18.1971 2.02504e-05 0.999998 -0.00173923 -10.1784 -0.0199316 0.00173929 0.9998 6.79985 0 0 0 1 
34562489690023;0.193536;0.264869;0.999235 6.37065e-05 -0.0391004 29.1726 6.97728e-05 0.999994 0.00341238 -2.34351 0.0391004 -0.0034125 0.999229 -8.59626 0 0 0 1 
34562489690024;0.347959;0.569457;1 -2.96852e-08 1.93483e-06 -0.419178 2.96851e-08 1 5.60889e-08 -4.25985 -1.93483e-06 -5.60888e-08 1 -0.482365 0 0 0 1 
34562489690025;0.302077;0.757214;0.998109 0.000159243 -0.0614702 52.684 0.000170873 0.999986 0.00536505 -1.23313 0.0614701 -0.00536541 0.998095 -9.6813 0 0 0 1 
34562489690026;0.218188;0.24901;1 -4.5901e-08 3.54698e-07 -0.355743 4.5901e-08 1 2.08524e-08 0.832799 -3.54698e-07 -2.08524e-08 1 -0.138138 0 0 0 1 
34562489690027;0.18191;0.853659;0.999852 1.00887e-05 -0.0171808 23.8563 1.5665e-05 0.999999 0.00149884 5.02356 0.0171808 -0.00149889 0.999851 -8.71131 0 0 0 1 
34562489690028;0.340963;1.00375;1 -2.23009e-07 7.80431e-07 -2.22839 2.23009e-07 1 -4.28648e-09 -6.73484 -7.80431e-07 4.28666e-09 1 0.0628974 0 0 0 1 
34562489690029;0.238574;0.390052;0.999976 3.93138e-06 0.00689807 -15.5484 2.17144e-07 1 -0.000601403 -1.22119 -0.00689807 0.000601391 0.999976 6.95653 0 0 0 1 
34562489690031;0.530935;0.50396;1 1.71053e-08 -2.11151e-07 0.130444 -1.71053e-08 1 -2.35414e-08 0.0155865 2.11151e-07 2.35414e-08 1 0.178524 0 0 0 1 
34562489690032;0.306555;0.404317;0.999927 6.73587e-06 0.0121025 -4.15386 6.03865e-06 0.999999 -0.00105549 0.050674 -0.0121025 0.00105549 0.999926 7.56272 0 0 0 1 
34562489690033;0.46032;0.499594;1 8.8927e-08 -0.000324139 -0.434275 -7.97553e-08 1 2.82958e-05 0.157925 0.000324139 -2.82957e-05 1 -0.263038 0 0 0 1 
34562489690034;0.385219;0.443604;0.999957 4.38979e-06 -0.00924164 -3.3183 3.06343e-06 1 0.000806468 0.911399 0.00924164 -0.000806462 0.999957 -3.15973 0 0 0 1 
34562489690035;0.341621;0.326603;0.996837 0.000275877 0.079473 -8.73747 0.000276304 0.999976 -0.00693696 0.496743 -0.079473 0.00693698 0.996813 8.4207 0 0 0 1 
34562489690036;0.158469;0.0406974;0.997679 0.000204249 -0.0680954 -3.27815 0.000200795 0.999982 0.00594129 0.334867 0.0680954 -0.00594117 0.997661 -27.4311 0 0 0 1 
34562489690037;0.364175;0.678036;0.996353 0.000319078 -0.0853303 7.45178 0.000317549 0.999972 0.00744707 -2.63229 0.0853303 -0.007447 0.996325 -18.4951 0 0 0 1 
34562489690038;0.437441;0.567902;0.998864 0.000100043 0.047645 -13.0738 9.81429e-05 0.999991 -0.00415729 1.86119 -0.047645 0.00415724 0.998856 16.6614 0 0 0 1 
34562489690039;0.392147;0.327977;0.999393 5.33447e-05 0.0348477 -7.25566 5.26887e-05 0.999995 -0.00304184 0.484047 -0.0348478 0.00304183 0.999388 3.27198 0 0 0 1 
34562489690040;0.283513;0.362163;0.999927 7.61865e-06 -0.0120428 -8.17567 5.03862e-06 0.999999 0.001051 1.19412 0.0120428 -0.00105098 0.999927 -3.41298 0 0 0 1 
34562489690041;0.287266;0.318676;1 7.05547e-09 -3.76693e-08 0.0579926 -7.05547e-09 1 1.66436e-09 0.000116546 3.76693e-08 -1.66436e-09 1 -0.0116631 0 0 0 1 
34562489690042;0.329992;0.634106;0.993142 0.000604825 0.116915 -64.3799 0.000592388 0.999948 -0.010205 5.99426 -0.116915 0.0102043 0.99309 19.2106 0 0 0 1 
34562489690043;0.516204;0.562107;0.999945 5.23725e-06 -0.0104555 -2.03939 4.29903e-06 1 0.00091206 0.247892 0.0104555 -0.000912055 0.999945 -5.51321 0 0 0 1 
34562489690044;0.236329;0.217725;0.999932 5.53736e-06 -0.0116563 4.64605 6.31806e-06 0.999999 0.00101705 -0.308857 0.0116563 -0.00101705 0.999932 -4.49676 0 0 0 1 
34562489690045;0.316589;0.367541;0.999977 2.29023e-06 -0.00684574 -0.985878 1.80096e-06 1 0.000597618 0.147086 0.00684574 -0.000597617 0.999976 -0.388299 0 0 0 1 
34562489690046;0.376135;0.359322;0.999681 2.90602e-05 -0.0252632 -5.80249 2.66617e-05 0.999998 0.00220531 0.44981 0.0252632 -0.00220528 0.999678 -1.97802 0 0 0 1 
34562489690047;0.485231;0.442522;0.99987 1.23654e-05 -0.0161152 -5.54836 1.0307e-05 0.999999 0.00140681 0.637157 0.0161152 -0.0014068 0.999869 -0.932976 0 0 0 1 
34562489690048;0.199981;0.164237;1 1.46187e-08 -1.23966e-07 0.143501 -1.46187e-08 1 -1.05887e-08 0.239874 1.23966e-07 1.05887e-08 1 0.0821855 0 0 0 1 
34562489690049;0.208318;0.203725;1 3.09714e-09 -1.50102e-07 0.0360874 -3.09714e-09 1 6.24154e-09 0.0509595 1.50102e-07 -6.24154e-09 1 -0.0846139 0 0 0 1 
34562489690050;0.378047;0.483923;0.997977 0.000179858 -0.0635729 -16.9452 0.000173234 0.999985 0.00554857 1.19727 0.0635729 -0.00554836 0.997962 -11.8849 0 0 0 1 
34562489690051;0.381473;0.470079;0.999676 3.02899e-05 0.0254357 -19.5799 2.61722e-05 0.999998 -0.00221946 2.16851 -0.0254357 0.00221941 0.999674 8.75053 0 0 0 1 
34562489690052;0.123011;0.117733;0.999892 1.02709e-05 -0.0147202 -4.32881 8.63679e-06 0.999999 0.00128441 0.572536 0.0147202 -0.0012844 0.999891 -5.22685 0 0 0 1 
34562489690053;0.447449;0.459962;1 2.26126e-09 7.38706e-08 0.021747 -2.26126e-09 1 3.06953e-09 0.0457491 -7.38706e-08 -3.06953e-09 1 -0.0259639 0 0 0 1 
34562489690054;0.341689;0.450238;1 4.27615e-08 6.75278e-08 0.351033 -4.27615e-08 1 1.05831e-08 0.0368043 -6.75278e-08 -1.05831e-08 1 -0.0806581 0 0 0 1 
34562489690055;0.435439;0.45926;0.999916 8.06881e-06 0.0129429 -7.62493 6.55263e-06 0.999999 -0.00112965 0.477979 -0.0129429 0.00112964 0.999916 2.61714 0 0 0 1 
34562489690056;0.453077;0.301182;0.9793 0.00181385 -0.202408 -25.3273 0.00179984 0.999842 0.017668 2.67136 0.202408 -0.0176666 0.979142 -24.9742 0 0 0 1 
34562489690057;0.243925;0.0841951;0.999341 5.63607e-05 0.0362902 4.21378 5.86213e-05 0.999995 -0.00316733 -0.837929 -0.0362902 0.00316737 0.999336 6.3274 0 0 0 1 
34562489690058;0.299623;0.277163;0.990632 0.000818839 0.136557 -26.9269 0.000816287 0.999929 -0.0119176 2.95586 -0.136557 0.0119174 0.990561 32.3888 0 0 0 1 
34562489690059;0.121954;0.0402444;0.999985 1.127e-06 -0.00545107 2.10898 1.46521e-06 1 0.000475536 -0.14941 0.00545107 -0.000475537 0.999985 -3.13248 0 0 0 1 
34562489690060;0.336224;0.300961;0.999896 9.89772e-06 0.0143908 -8.52854 8.18051e-06 0.999999 -0.00125618 0.761803 -0.0143908 0.00125617 0.999896 1.31932 0 0 0 1 
34562489690062;0.450678;0.452646;0.999706 2.62413e-05 0.0242582 -7.47871 2.51385e-05 0.999998 -0.00211773 0.748536 -0.0242582 0.00211771 0.999703 3.70829 0 0 0 1 
34562489690063;0.504888;0.657704;0.999142 7.31162e-05 0.0414137 8.34373 7.66562e-05 0.999993 -0.00361489 -1.53355 -0.0414137 0.00361496 0.999136 11.2045 0 0 0 1 
34562489690064;0.452148;0.439109;1 -1.19725e-08 6.10375e-09 -0.112091 1.19725e-08 1 1.05515e-09 -0.17853 -6.10375e-09 -1.05515e-09 1 -0.0161065 0 0 0 1 
34562489690065;0.324911;0.547161;0.999515 4.1926e-05 -0.0311457 7.64925 4.2755e-05 0.999996 0.00271819 -1.55739 0.0311457 -0.00271821 0.999511 -10.4797 0 0 0 1 
34562489690066;0.34336;0.322051;0.999843 1.37808e-05 0.0177336 -2.6365 1.36501e-05 0.999999 -0.00154672 0.178399 -0.0177336 0.00154671 0.999842 13.7683 0 0 0 1 
34562489690067;0.18061;0.147033;1 -2.2592e-07 0.000825147 1.96452 2.8523e-07 1 -7.18783e-05 -0.193427 -0.000825146 7.18785e-05 1 1.61855 0 0 0 1 
34562489690068;0.143206;0.205773;0.999963 3.70845e-06 0.00854757 -5.17637 2.67025e-06 1 -0.000746247 0.183556 -0.00854757 0.000746243 0.999963 1.02489 0 0 0 1 
34562489690069;0.265071;0.0518465;1 -1.79317e-09 3.97475e-07 -0.0307543 1.79315e-09 1 3.04949e-08 -0.0967036 -3.97475e-07 -3.04949e-08 1 -0.241729 0 0 0 1 
34562489690070;0.337998;0.366927;0.96729 0.00286157 -0.253656 -7.6022 0.00285001 0.999751 0.0221467 0.298365 0.253656 -0.0221452 0.967041 -26.1309 0 0 0 1 
34562489690071;0.291767;0.0233092;1 1.95502e-08 -2.66179e-07 0.15949 -1.95502e-08 1 -3.29865e-08 -0.0736555 2.66179e-07 3.29865e-08 1 0.258068 0 0 0 1 
34562489690072;0.432542;0.410266;1 1.48609e-08 9.77611e-08 0.110098 -1.48609e-08 1 -2.17948e-09 -0.107565 -9.77611e-08 2.17948e-09 1 0.0168104 0 0 0 1 
34562489690073;0.333627;0.218539;0.999882 1.10627e-05 -0.0153868 -3.74613 9.60558e-06 0.999999 0.00134317 0.207591 0.0153868 -0.00134316 0.999881 -3.64165 0 0 0 1 
34562489690074;0.333091;1.0113;0.999937 6.26364e-06 0.0111905 -5.97122 4.67438e-06 1 -0.000977412 -1.11299 -0.0111905 0.000977403 0.999937 -2.16753 0 0 0 1 
34562489690075;0.300984;0.348494;1 -4.38273e-10 -1.52823e-07 -0.0322064 4.38275e-10 1 8.34583e-09 -0.36538 1.52823e-07 -8.34583e-09 1 -0.0681927 0 0 0 1 
34562489690076;0.255405;0.372281;0.999893 9.20184e-06 0.0146537 -0.595893 9.54655e-06 0.999999 -0.00127936 -0.356105 -0.0146537 0.00127936 0.999892 2.00463 0 0 0 1 
34562489690077;0.37018;0.241981;0.928904 0.00622073 -0.370268 -49.9772 0.0061938 0.999458 0.0323301 3.88482 0.370268 -0.032325 0.928362 -42.2079 0 0 0 1 
34562489690078;0.123389;0.149026;1 3.99555e-08 -0.000229569 -0.20961 -3.53899e-08 1 1.98876e-05 -0.100571 0.000229569 -1.98876e-05 1 -1.16744 0 0 0 1 
34562489690079;0.437756;0.489948;0.999912 8.63755e-06 -0.0132349 -5.83455 6.65499e-06 0.999999 0.00115543 0.139192 0.0132349 -0.00115542 0.999912 -1.80109 0 0 0 1 
34562489690080;0.248888;0.360055;0.999713 2.61554e-05 -0.0239425 -5.72211 2.38834e-05 0.999998 0.00208967 0.0220695 0.0239425 -0.00208964 0.999711 -7.33303 0 0 0 1 
34562489690081;0.238106;0.221111;0.999838 1.34906e-05 0.0180122 2.89588 1.48239e-05 0.999999 -0.00157183 -0.381999 -0.0180122 0.00157184 0.999837 7.58188 0 0 0 1 
34562489690082;0.176775;0.142848;0.999793 1.94504e-05 0.020334 -13.8278 1.66471e-05 0.999998 -0.00177506 1.06027 -0.020334 0.00177503 0.999792 4.06811 0 0 0 1 
34562489690083;0.334152;0.758323;0.999999 1.16148e-06 0.00103505 -10.0755 -1.06875e-06 1 -8.95936e-05 -1.60313 -0.00103505 8.95925e-05 0.999999 7.05309 0 0 0 1 
34562489690084;0.376441;0.22641;0.999088 8.3553e-05 -0.0427099 -24.7217 7.57574e-05 0.999993 0.00372842 2.60259 0.04271 -0.00372826 0.999081 -9.02508 0 0 0 1 
34562489690085;0.162081;0.147239;1 4.47735e-08 -0.000114104 -0.189006 -4.3635e-08 1 9.97796e-06 -0.146543 0.000114104 -9.97795e-06 1 -0.0599091 0 0 0 1 
34562489690086;0.435379;0.336613;1 7.27443e-09 -1.46499e-07 0.0548 -7.27444e-09 1 -3.79332e-08 -0.13671 1.46499e-07 3.79332e-08 1 0.348359 0 0 0 1 
34562489690087;0.326485;0.289168;1 -4.27079e-09 3.22376e-08 -0.0634865 4.27079e-09 1 -6.95617e-10 -0.253228 -3.22376e-08 6.95617e-10 1 -0.00128731 0 0 0 1 
34562489690088;0.343468;0.335402;0.999926 6.90472e-06 -0.0121475 -1.94409 5.96585e-06 0.999999 0.00105949 0.165821 0.0121475 -0.00105948 0.999926 -9.65023 0 0 0 1 
34562489690089;0.181879;0.232591;0.999977 2.34082e-06 -0.00672137 -1.95243 1.60307e-06 1 0.000586763 -0.132375 0.00672137 -0.000586761 0.999977 -0.70693 0 0 0 1 
34562489690090;0.274172;0.520419;0.977302 0.00198486 -0.211843 6.64518 0.00197815 0.999827 0.0184937 -1.48618 0.211843 -0.018493 0.977129 -36.3394 0 0 0 1 
34562489690091;0.516972;0.55087;0.999429 5.18784e-05 -0.0337792 -10.9588 4.77424e-05 0.999996 0.00294836 0.140637 0.0337792 -0.00294829 0.999425 -10.9633 0 0 0 1 
34562489690093;0.4248;0.427985;1 -6.61919e-09 6.48394e-07 -0.168784 6.6192e-09 1 -5.85962e-09 0.638095 -6.48394e-07 5.85962e-09 1 1.42484 0 0 0 1 
34562489690094;0.0934313;0.120574;0.999608 3.75947e-05 0.0279971 -31.1688 3.07447e-05 0.999997 -0.0024405 3.52297 -0.0279972 0.00244041 0.999605 31.4095 0 0 0 1 
34562489690095;0.144672;0.131115;1 6.0202e-09 1.54127e-07 -0.332704 -6.02019e-09 1 -2.9655e-08 0.725227 -1.54127e-07 2.9655e-08 1 0.28406 0 0 0 1 
34562489690096;0.228702;0.325881;0.999699 2.28061e-05 -0.0245428 30.6833 2.97954e-05 0.999998 0.00214289 -1.90431 0.0245428 -0.00214297 0.999696 0.156345 0 0 0 1 
34562489690097;0.121961;0.223586;0.999801 1.47399e-05 0.0199738 17.5323 2.00823e-05 0.999998 -0.00174319 -3.3084 -0.0199738 0.00174324 0.999799 5.33789 0 0 0 1 
34562489690098;0.286027;0.271751;1 5.13575e-09 1.44551e-07 0.124351 -5.13574e-09 1 -3.97542e-08 0.725708 -1.44551e-07 3.97542e-08 1 0.295514 0 0 0 1 
34562489690099;0.0245713;0.0240122;0.999993 1.7543e-07 0.00362042 2.58705 9.6711e-07 1 -0.00031558 -0.214329 -0.00362042 0.000315582 0.999993 3.85648 0 0 0 1 
34562489690100;0.214406;0.211345;1 -7.84837e-09 2.477e-08 -0.0308488 7.84837e-09 1 3.07913e-08 0.668049 -2.477e-08 -3.07913e-08 1 -0.276254 0 0 0 1 
34562489690101;0.290539;0.335785;1 -4.77559e-08 3.22101e-07 -0.356628 4.77559e-08 1 -9.07531e-09 -0.202156 -3.22101e-07 9.07532e-09 1 0.0500651 0 0 0 1 
34562489690102;0.160438;0.173806;0.999988 7.43761e-07 -0.00486604 2.54321 1.3194e-06 1 0.000423989 -0.291307 0.00486604 -0.00042399 0.999988 -7.91651 0 0 0 1 
34562489690103;0.385248;0.459796;1 -2.03842e-08 8.85228e-08 -0.221676 2.03842e-08 1 -3.67306e-08 -0.945171 -8.85228e-08 3.67306e-08 1 0.217914 0 0 0 1 
34562489690104;0.150227;0.269037;0.999942 3.82297e-06 0.0107528 7.34052 6.27352e-06 1 -0.000938927 -2.11247 -0.0107528 0.00093894 0.999942 -1.32332 0 0 0 1 
34562489690105;0.212702;0.224888;0.999982 8.88711e-07 0.0059853 4.02068 2.2366e-06 1 -0.000522157 -1.51728 -0.0059853 0.000522161 0.999982 2.1147 0 0 0 1 
34562489690106;0.369761;0.393499;1 -2.22307e-08 3.98744e-07 -0.150698 2.22307e-08 1 -1.87243e-08 0.337661 -3.98744e-07 1.87243e-08 1 0.141318 0 0 0 1 
34562489690107;0.232667;0.208751;1 -3.9676e-08 2.39701e-07 -0.329307 3.9676e-08 1 2.20386e-08 0.0648017 -2.39701e-07 -2.20386e-08 1 -0.178534 0 0 0 1 
34562489690108;0.240619;0.26052;1 -2.27533e-08 -7.01944e-08 -0.134224 2.27533e-08 1 1.44715e-08 0.185058 7.01944e-08 -1.44715e-08 1 -0.0830422 0 0 0 1 
34562489690109;0.185949;0.190143;1 -7.65001e-08 -5.18437e-05 0.5104 7.67312e-08 1 4.4584e-06 -0.00620564 5.18437e-05 -4.45841e-06 1 -0.385371 0 0 0 1 
34562489690110;0.265953;0.275998;0.998865 9.52989e-05 -0.0476314 37.1268 0.000102881 0.999991 0.00415822 -2.90566 0.0476313 -0.0041584 0.998856 -2.45129 0 0 0 1 
34562489690111;0.165425;0.67243;0.999984 1.72884e-06 0.00560821 -3.62671 1.01421e-06 1 -0.000489109 6.9417 -0.00560821 0.000489107 0.999984 3.95163 0 0 0 1 
34562489690112;0.350609;0.384792;0.998575 0.000125828 0.0533589 -18.8228 0.000122742 0.999989 -0.00465516 3.65541 -0.0533589 0.00465507 0.998565 28.1897 0 0 0 1 
34562489690113;0.399049;0.429322;1 -2.12626e-08 2.01782e-07 -0.157364 2.12626e-08 1 2.30058e-09 0.277379 -2.01782e-07 -2.30057e-09 1 -0.0124899 0 0 0 1 
34562489690114;0.0997142;0.163537;1 -7.64419e-09 1.31761e-07 -0.022486 7.64418e-09 1 1.50906e-08 0.942011 -1.31761e-07 -1.50906e-08 1 -0.10249 0 0 0 1 
34562489690115;0.280795;0.309598;1 -8.95109e-08 -1.9359e-06 0.363867 8.95111e-08 1 1.0016e-07 -0.380869 1.9359e-06 -1.0016e-07 1 -0.776176 0 0 0 1 
34562489690116;0.37279;0.422838;1 -5.17329e-08 2.06729e-07 -0.382433 5.17329e-08 1 4.67845e-08 -0.19012 -2.06729e-07 -4.67845e-08 1 -0.389298 0 0 0 1 
34562489690117;0.26675;1.04681;1 -9.57904e-08 -4.74229e-07 -0.0565893 9.57904e-08 1 3.135e-08 8.95496 4.74229e-07 -3.135e-08 1 0.358955 0 0 0 1 
34562489690118;0.0989808;0.13421;0.999459 4.39537e-05 -0.0328881 30.6779 5.0486e-05 0.999996 0.00287071 -3.38207 0.0328881 -0.00287082 0.999455 -5.03441 0 0 0 1 
34562489690119;0.386067;0.440591;0.995177 0.000411074 -0.0980941 93.499 0.000430789 0.999963 0.00856087 -8.28849 0.098094 -0.00856183 0.99514 -21.0609 0 0 0 1 
34562489690120;0.309421;0.646728;0.999908 9.18624e-06 0.0135351 -10.7199 6.76768e-06 0.999999 -0.00117866 5.47073 -0.0135351 0.00117865 0.999908 24.9959 0 0 0 1 
34562489690121;0.382301;0.420802;1 -4.01575e-08 2.15386e-08 -0.250404 4.01575e-08 1 -4.60979e-09 0.455804 -2.15386e-08 4.60979e-09 1 0.110663 0 0 0 1 
34562489690122;0.179762;0.334316;0.99979 1.75267e-05 0.0204895 2.99089 1.91242e-05 0.999998 -0.00178857 -2.11021 -0.0204895 0.00178859 0.999788 3.25776 0 0 0 1 
34562489690124;0.346704;0.434125;1 -6.6375e-08 -4.748e-07 -0.537184 6.6375e-08 1 1.15162e-08 0.0399909 4.748e-07 -1.15163e-08 1 -0.0676387 0 0 0 1 
34562489690125;0.12865;0.725325;0.999909 9.80058e-06 -0.0134675 -12.8058 6.01939e-06 0.999999 0.00117463 5.9057 0.0134675 -0.00117461 0.999909 -9.60019 0 0 0 1 
34562489690126;0.441684;1.56011;1 1.06297e-07 1.89703e-06 1.36016 -1.06297e-07 1 -9.11591e-08 9.91208 -1.89703e-06 9.11589e-08 1 0.960704 0 0 0 1 
34562489690127;0.210546;0.232311;1 -4.29865e-09 4.60868e-07 -0.0478624 4.29863e-09 1 3.22268e-08 0.501895 -4.60868e-07 -3.22268e-08 1 -0.283233 0 0 0 1 
34562489690128;0.0334274;0.186081;1 -6.10898e-08 -4.39513e-07 -0.455557 6.10898e-08 1 7.45378e-09 -1.05355 4.39513e-07 -7.4538e-09 1 -0.0841938 0 0 0 1 
34562489690129;0.0803559;0.0911176;1 -8.59126e-07 -0.000348986 6.48132 8.69703e-07 1 3.03078e-05 -1.14744 0.000348986 -3.03081e-05 1 -1.84813 0 0 0 1 
34562489690130;0.355847;0.37981;1 -4.51598e-08 -1.04501e-07 -0.322438 4.51599e-08 1 2.63297e-08 0.273122 1.04501e-07 -2.63297e-08 1 -0.225227 0 0 0 1 
34562489690131;0.103607;0.444751;0.999998 2.74116e-06 0.00204145 -19.6343 -2.37795e-06 1 -0.000177923 5.36148 -0.00204146 0.000177917 0.999998 2.11062 0 0 0 1 
34562489690132;0.232394;0.894557;0.999516 4.02114e-05 -0.0311038 20.3017 4.42224e-05 0.999996 0.00271389 5.5826 0.0311038 -0.00271395 0.999512 -14.4231 0 0 0 1 
34562489690133;0.372111;0.398657;0.994772 0.00044721 -0.102121 88.3131 0.000465588 0.99996 0.00891438 -6.84384 0.102121 -0.00891533 0.994732 -6.39222 0 0 0 1 
34562489690134;0.23228;0.249487;1 -5.79168e-08 8.79657e-08 -0.375386 5.79168e-08 1 1.44384e-08 0.811929 -8.79657e-08 -1.44384e-08 1 -0.145647 0 0 0 1 
34562489690135;0.171644;1.00185;1 -4.02429e-08 -8.99965e-07 0.0348742 4.02429e-08 1 -1.54091e-10 6.87905 8.99965e-07 1.54055e-10 1 0.201042 0 0 0 1 
34562489690136;0.200279;0.2771;0.999952 1.60115e-06 -0.00976564 20.3653 6.71824e-06 1 0.000851872 -1.41219 0.00976563 -0.000851897 0.999952 -6.26008 0 0 0 1 
34562489690137;0.062551;0.103954;0.999733 2.09558e-05 -0.0231009 21.5175 2.55884e-05 0.999998 0.00201452 -2.55403 0.0231009 -0.00201458 0.999731 -18.3105 0 0 0 1 
34562489690138;0.126833;0.336064;1 2.99885e-08 -1.29839e-07 0.362293 -2.99885e-08 1 -3.98129e-09 2.74644 1.29839e-07 3.98129e-09 1 0.094135 0 0 0 1 
34562489690139;0.334771;0.428447;1 1.01362e-08 7.97759e-08 0.141799 -1.01362e-08 1 1.70605e-08 1.24338 -7.97759e-08 -1.70605e-08 1 -0.0749325 0 0 0 1 
34562489690140;0.169798;0.87081;1 -1.16819e-07 2.51862e-07 -0.306216 1.16819e-07 1 1.47923e-08 6.36549 -2.51862e-07 -1.47923e-08 1 -0.0188573 0 0 0 1 
34562489690141;0.269667;0.523565;0.999926 7.4719e-06 -0.0121531 -5.54557 5.41658e-06 0.999999 0.00106047 3.03029 0.0121531 -0.00106046 0.999926 -5.17305 0 0 0 1 
34562489690142;0.0756236;0.321715;0.999906 4.36169e-06 -0.0136768 30.8059 1.19526e-05 0.999999 0.00119276 -4.37279 0.0136768 -0.00119282 0.999906 -10.5517 0 0 0 1 
34562489690143;0.273373;0.509293;0.99852 0.000133156 0.054384 -38.2897 0.000125084 0.999989 -0.00474503 5.9303 -0.054384 0.00474481 0.998509 27.3259 0 0 0 1 
34562489690144;0.115892;1.02573;1 8.68768e-08 1.69752e-06 0.972442 -8.68767e-08 1 -2.86549e-08 7.62806 -1.69752e-06 2.86548e-08 1 0.411583 0 0 0 1 
34562489690145;0.160443;0.813985;0.999832 1.6171e-05 0.0183068 -14.1958 1.30611e-05 0.999999 -0.00159667 -4.86857 -0.0183068 0.00159664 0.999831 12.8714 0 0 0 1 
34562489690146;0.0878609;0.867;1 -1.5144e-08 1.23888e-07 0.167171 1.5144e-08 1 -8.63139e-09 6.55756 -1.23888e-07 8.63139e-09 1 0.273784 0 0 0 1 
34562489690147;0.0902058;0.238977;0.999603 2.73182e-05 -0.028183 61.8142 4.19848e-05 0.999997 0.00245844 -5.40018 0.028183 -0.00245865 0.9996 -15.9934 0 0 0 1 
34562489690148;0.253989;1.31841;1 1.00132e-07 -4.36691e-07 1.49922 -1.00132e-07 1 2.30366e-08 9.05125 4.36691e-07 -2.30366e-08 1 0.200465 0 0 0 1 
34562489690149;0.415878;0.413352;1 -1.98502e-08 2.0413e-07 -0.152402 1.98501e-08 1 2.25476e-08 -0.0338143 -2.0413e-07 -2.25476e-08 1 -0.207837 0 0 0 1 
34562489690150;0.323952;0.39503;1 -7.19368e-08 -2.52455e-07 -0.574215 7.19368e-08 1 1.87584e-08 0.058853 2.52455e-07 -1.87584e-08 1 -0.135265 0 0 0 1 
34562489690151;0.0908205;0.888948;1 1.09246e-07 3.82636e-07 1.06447 -1.09246e-07 1 -1.52753e-08 6.77989 -3.82636e-07 1.52752e-08 1 0.133979 0 0 0 1 
34562489690152;0.416208;0.424691;0.998771 0.000105611 -0.0495713 20.5906 0.000108961 0.999991 0.00432583 -1.14484 0.0495713 -0.00432591 0.998761 -16.147 0 0 0 1 
34562489690153;0.0988573;0.943925;0.999978 2.57089e-06 -0.00667181 -3.5026 1.30539e-06 1 0.00058099 -7.5737 0.00667181 -0.000580986 0.999978 -11.7364 0 0 0 1 
34562489690155;0.259195;0.420617;0.999688 2.7832e-05 -0.024994 -1.11542 2.66859e-05 0.999998 0.00218091 1.37694 0.024994 -0.0021809 0.999685 -10.8697 0 0 0 1 
34562489690156;0.172496;0.14276;0.999879 9.26275e-06 -0.0155553 12.8056 1.18482e-05 0.999999 0.00135706 -0.410912 0.0155553 -0.00135708 0.999878 -8.69245 0 0 0 1 
34562489690157;0.159263;0.307793;0.995987 0.00035283 0.0895011 -31.2987 0.000347805 0.999969 -0.00781252 3.67255 -0.0895011 0.00781229 0.995956 15.2674 0 0 0 1 
34562489690158;0.105511;0.166657;0.999345 6.56967e-05 0.0361907 -72.7861 4.86055e-05 0.999995 -0.00315744 5.88577 -0.0361908 0.00315713 0.99934 20.9479 0 0 0 1 
34562489690159;0.266866;0.32151;1 -2.74477e-09 2.98449e-07 0.0327832 2.74476e-09 1 3.62206e-08 0.877558 -2.98449e-07 -3.62206e-08 1 -0.273298 0 0 0 1 
34562489690160;0.0473697;0.061801;0.999957 5.31529e-06 0.00923048 -13.8643 2.11115e-06 1 -0.000804545 1.10842 -0.00923049 0.00080453 0.999957 10.658 0 0 0 1 
34562489690161;0.216211;0.199366;1 -1.66205e-07 -5.18864e-06 1.16472 1.66206e-07 1 1.90494e-07 0.0318387 5.18864e-06 -1.90495e-07 1 -1.97859 0 0 0 1 
34562489690162;0.156911;0.269544;0.999866 1.47228e-05 0.0163628 -25.1983 8.63763e-06 0.999999 -0.00142758 2.24014 -0.0163628 0.00142753 0.999865 8.19405 0 0 0 1 
34562489690163;0.149607;0.128317;0.999974 1.62194e-06 0.00727156 4.63054 2.99174e-06 1 -0.000634472 -0.244772 -0.00727156 0.000634477 0.999973 2.66481 0 0 0 1 
34562489690164;0.334807;1.14785;0.997517 0.000225768 0.0704317 -76.1141 0.000207688 0.999981 -0.00614688 4.3895 -0.0704318 0.00614624 0.997498 23.9269 0 0 0 1 
34562489690165;0.385816;1.16331;0.986057 0.00109024 0.166407 1005.14 0.00140333 0.999889 -0.0148665 -83.5244 -0.166405 0.0148927 0.985945 -2929.13 0 0 0 1 
34562489690166;0.333068;0.345613;0.999225 7.02529e-05 0.0393503 -26.3345 6.48931e-05 0.999994 -0.00343315 2.76237 -0.0393503 0.00343304 0.99922 20.3303 0 0 0 1 
34562489690167;0.363242;0.41902;1 5.14192e-10 3.57632e-07 0.0631644 -5.142e-10 1 2.33759e-08 0.401987 -3.57632e-07 -2.33759e-08 1 -0.181055 0 0 0 1 
34562489690168;0.405801;0.338705;0.999805 1.75934e-05 -0.0197698 -1.48171 1.65164e-05 0.999999 0.00172518 0.705864 0.0197698 -0.00172517 0.999803 -8.27829 0 0 0 1 
34562489690169;0.233383;0.395313;0.999094 7.79679e-05 -0.0425528 14.7493 8.01324e-05 0.999993 0.00371367 0.349202 0.0425528 -0.00371372 0.999087 -12.483 0 0 0 1 
34562489690170;0.111556;0.129069;0.999997 3.37097e-07 0.00251019 -0.59207 2.12793e-07 1 -0.000219063 0.471083 -0.00251019 0.000219063 0.999997 0.398236 0 0 0 1 
34562489690171;0.0960451;0.75849;0.999249 6.69096e-05 -0.0387562 -4.82542 6.41914e-05 0.999994 0.00338145 5.99157 0.0387562 -0.0033814 0.999243 -19.4337 0 0 0 1 
34562489690172;0.321124;0.375193;0.997384 0.00023556 0.0722812 -66.5847 0.000220898 0.99998 -0.00630697 6.87105 -0.0722813 0.00630644 0.997364 33.9981 0 0 0 1 
34562489690173;0.268086;0.242798;1 -5.27902e-09 1.19208e-06 0.0767873 5.27912e-09 1 -8.45295e-08 -0.119793 -1.19208e-06 8.45295e-08 1 0.647836 0 0 0 1 
34562489690174;0.189053;0.201328;1 1.1414e-08 2.99551e-07 0.120879 -1.1414e-08 1 -1.1363e-09 0.0530528 -2.99551e-07 1.1363e-09 1 -0.0140434 0 0 0 1 
34562489690175;0.133957;0.237068;0.999939 7.97132e-06 0.0110094 -21.8868 2.60697e-06 1 -0.00096083 1.58023 -0.0110094 0.000960801 0.999939 3.24178 0 0 0 1 
34562489690176;0.144022;0.369095;0.998753 0.000115726 0.0499268 -60.9856 0.000101964 0.999991 -0.00435763 3.95158 -0.0499268 0.00435728 0.998743 14.0148 0 0 0 1 
34562489690177;0.320514;0.358414;1 2.0104e-08 1.6903e-07 0.205077 -2.0104e-08 1 5.94298e-09 0.132306 -1.6903e-07 -5.94298e-09 1 -0.0487387 0 0 0 1 
34562489690178;0.353901;0.526101;0.996499 0.000303533 -0.0836027 28.384 0.000307541 0.999973 0.00729629 -0.523385 0.0836026 -0.00729646 0.996472 -22.5948 0 0 0 1 
34562489690179;0.0142393;0.0145769;1 -6.22423e-09 -5.5855e-08 0.135866 6.22423e-09 1 -1.69492e-09 -0.00396779 5.5855e-08 1.69492e-09 1 -0.0229296 0 0 0 1 
34562489690180;0.106434;0.117572;1 -1.27759e-07 -0.000344964 0.919362 1.38138e-07 1 3.00861e-05 -0.0210919 0.000344964 -3.00861e-05 1 -0.322815 0 0 0 1 
34562489690181;0.139987;0.121982;0.999994 1.52019e-07 0.00342375 2.32566 8.71076e-07 1 -0.000298822 0.0306501 -0.00342375 0.000298823 0.999994 1.02057 0 0 0 1 
34562489690182;0.247912;0.418638;0.999422 4.9429e-05 -0.033996 12.8848 5.14706e-05 0.999996 0.0029671 0.27577 0.033996 -0.00296714 0.999418 -8.74756 0 0 0 1 
34562489690183;0.115667;0.191155;1 2.59687e-08 5.68113e-07 0.2316 -2.59687e-08 1 3.0485e-08 0.339795 -5.68113e-07 -3.0485e-08 1 -0.213946 0 0 0 1 
34562489690184;0.228068;0.299919;1 5.13181e-08 4.50272e-07 0.457988 -5.13181e-08 1 -1.01666e-08 0.118314 -4.50272e-07 1.01666e-08 1 0.0300224 0 0 0 1 
34562489690186;0.0711037;0.119082;1 3.39515e-08 1.06723e-07 0.150196 -3.39515e-08 1 2.10881e-09 -0.967625 -1.06723e-07 -2.10881e-09 1 -0.0443616 0 0 0 1 
34562489690187;0.0441165;0.0474471;0.999993 3.01221e-07 0.00361631 1.62056 8.39632e-07 1 -0.000315473 -0.330722 -0.00361631 0.000315474 0.999993 1.73028 0 0 0 1 
34562489690188;0.231973;0.228282;0.999798 1.88014e-05 -0.020099 -6.38347 1.64575e-05 0.999998 0.00175409 1.3413 0.020099 -0.00175407 0.999796 -5.42827 0 0 0 1 
34562489690189;0.393005;0.69188;0.996868 0.000269621 -0.0790824 41.5159 0.000276976 0.999976 0.00690069 3.05316 0.0790824 -0.00690098 0.996844 -22.6571 0 0 0 1 
34562489690190;0.219538;0.652544;1 -7.18873e-08 2.02323e-07 0.149136 7.18873e-08 1 3.91362e-08 7.47451 -2.02323e-07 -3.91362e-08 1 -0.0886674 0 0 0 1 
34562489690191;0.389147;0.886814;0.999978 1.07388e-06 0.00656812 7.482 2.69092e-06 1 -0.000573183 -8.96143 -0.00656812 0.000573189 0.999978 2.60558 0 0 0 1 
34562489690192;0.192134;0.29531;0.999996 1.23809e-06 0.00284954 -6.67241 -5.29352e-07 1 -0.00024872 -1.36066 -0.00284954 0.000248718 0.999996 0.320629 0 0 0 1 
34562489690193;0.281462;0.279091;1 -4.21817e-08 5.04906e-07 -0.24135 4.21816e-08 1 7.63748e-08 0.139559 -5.04906e-07 -7.63748e-08 1 -0.606167 0 0 0 1 
34562489690194;0.204314;0.201598;0.999691 2.33095e-05 0.0248534 25.5403 3.06074e-05 0.999998 -0.00216902 -3.31795 -0.0248534 0.00216911 0.999689 5.51449 0 0 0 1 
34562489690195;0.157469;0.516612;1 -6.22035e-08 -3.00674e-08 -0.00369187 6.22035e-08 1 3.46728e-08 5.99692 3.00674e-08 -3.46728e-08 1 -0.0984995 0 0 0 1 
34562489690196;0.0529904;0.0227868;0.999978 9.98948e-07 -0.0066517 8.509 2.86055e-06 1 0.000580218 -0.655752 0.0066517 -0.000580224 0.999978 -4.68251 0 0 0 1 
34562489690197;0.438295;1.04603;1 1.55994e-07 -6.9897e-07 0.229277 -1.55994e-07 1 -4.9283e-08 -10.4478 6.9897e-07 4.92831e-08 1 -0.0234563 0 0 0 1 
34562489690198;0.0525853;0.0187348;1 1.25809e-08 7.29349e-08 0.124407 -1.25809e-08 1 5.77477e-09 0.311672 -7.29349e-08 -5.77477e-09 1 -0.1244 0 0 0 1 
34562489690199;0.186435;0.703599;1 -1.01954e-07 -2.70625e-07 -0.213022 1.01954e-07 1 3.46132e-08 7.88444 2.70625e-07 -3.46133e-08 1 -0.153682 0 0 0 1 
34562489690200;0.246291;0.232496;1 1.76051e-08 -1.8834e-07 0.107175 -1.76051e-08 1 -8.43403e-09 -0.123008 1.8834e-07 8.43403e-09 1 0.0652463 0 0 0 1 
34562489690201;0.100046;0.259532;1 -7.40594e-09 -1.42133e-07 -0.227206 7.40594e-09 1 -2.09694e-08 -3.23186 1.42133e-07 2.09694e-08 1 0.112468 0 0 0 1 
34562489690202;0.155088;0.14815;1 1.27778e-08 9.44766e-08 0.0601526 -1.27778e-08 1 9.24308e-09 -0.110878 -9.44766e-08 -9.24308e-09 1 -0.0664958 0 0 0 1 
34562489690203;0.0877176;0.0527691;1 2.00379e-08 -2.56504e-07 0.165501 -2.0038e-08 1 -2.56041e-08 0.270116 2.56504e-07 2.56041e-08 1 0.211415 0 0 0 1 
34562489690204;0.244178;0.645058;0.99964 3.28586e-05 0.026817 -14.7602 2.9923e-05 0.999997 -0.00234071 -5.67715 -0.026817 0.00234067 0.999638 5.53885 0 0 0 1 
34562489690205;0.481854;0.40129;0.999184 7.59862e-05 -0.0403935 -31.1714 6.64938e-05 0.999994 0.00352594 2.85 0.0403935 -0.00352575 0.999178 -6.66477 0 0 0 1 
34562489690206;0.097924;0.122736;0.999974 1.73767e-06 0.00726629 3.34308 2.86858e-06 1 -0.000633911 -1.12667 -0.00726629 0.000633915 0.999973 3.55053 0 0 0 1 
34562489690207;0.417969;0.390429;0.999083 8.19764e-05 -0.042818 -8.956 7.80978e-05 0.999993 0.00373679 2.3517 0.042818 -0.00373671 0.999076 -12.0074 0 0 0 1 
34562489690208;0.41666;0.405913;1 2.57615e-08 3.36921e-08 0.152855 -2.57615e-08 1 1.31757e-08 -0.317643 -3.36921e-08 -1.31757e-08 1 -0.108205 0 0 0 1 
34562489690209;0.102897;0.083251;0.999988 2.55226e-06 -0.00495944 -11.1816 -4.06264e-07 1 0.000432711 1.36671 0.00495944 -0.000432704 0.999988 -2.89724 0 0 0 1 
34562489690210;0.0465566;0.0765565;0.999998 4.56365e-07 0.0020171 -2.39642 -1.01487e-07 1 -0.000175935 -0.0539016 -0.0020171 0.000175934 0.999998 0.994598 0 0 0 1 
34562489690211;0.156365;0.156536;1 4.39864e-08 -1.70153e-07 0.20662 -4.39864e-08 1 -4.16394e-09 -1.04676 1.70153e-07 4.16395e-09 1 7.97538e-05 0 0 0 1 
34562489690212;0.249667;0.260861;0.999962 4.82413e-06 0.00868304 -13.3214 1.75523e-06 1 -0.000757718 0.930272 -0.00868304 0.000757705 0.999962 2.64879 0 0 0 1 
34562489690213;0.302086;0.332959;0.999787 2.05205e-05 0.0206393 -18.542 1.66546e-05 0.999998 -0.001801 0.409743 -0.0206393 0.00180096 0.999785 7.40248 0 0 0 1 
34562489690214;0.0408606;0.0466425;1 2.20336e-09 1.58636e-07 0.0503141 -2.20337e-09 1 1.26491e-08 0.183709 -1.58636e-07 -1.26491e-08 1 -0.0957147 0 0 0 1 
34562489690215;0.322976;0.637386;1 -1.09738e-07 2.38219e-07 -0.271549 1.09738e-07 1 2.6996e-08 6.65612 -2.38219e-07 -2.6996e-08 1 -0.124671 0 0 0 1 
34562489690217;0.345856;0.194627;0.999987 7.77935e-07 0.00503309 1.66718 1.43289e-06 1 -0.000439253 -0.200724 -0.00503309 0.000439255 0.999987 2.25302 0 0 0 1 
34562489690218;0.369096;0.317415;1 -1.51697e-08 -2.14826e-08 -0.12699 1.51697e-08 1 1.68259e-10 -0.0649895 2.14826e-08 -1.6826e-10 1 -0.00688998 0 0 0 1 
34562489690219;0.344434;0.367686;0.998678 0.000114917 -0.0514119 11.6022 0.000115912 0.99999 0.0044868 -0.854346 0.0514119 -0.00448683 0.998667 -16.6981 0 0 0 1 
34562489690220;0.281678;0.334168;1 1.96725e-08 4.16419e-08 0.175393 -1.96725e-08 1 1.67571e-08 0.15333 -4.16419e-08 -1.67571e-08 1 -0.137038 0 0 0 1 
34562489690221;0.2479;0.265484;0.999999 -2.81345e-07 -0.00144475 2.93208 4.63488e-07 1 0.000126072 -0.268504 0.00144475 -0.000126073 0.999999 -0.656129 0 0 0 1 
34562489690222;0.309448;0.324652;1 -5.93798e-09 -0.000163299 -0.169012 8.26765e-09 1 1.42662e-05 0.252418 0.000163299 -1.42662e-05 1 -0.534568 0 0 0 1 
34562489690223;0.503992;0.499412;0.977993 0.00191649 -0.208627 68.119 0.00192555 0.999832 0.0182111 -5.30765 0.208627 -0.0182121 0.977826 -30.357 0 0 0 1 
34562489690224;0.505738;0.396099;0.999662 2.68816e-05 -0.0259882 23.5048 3.20906e-05 0.999997 0.00226877 -2.42684 0.0259882 -0.00226884 0.99966 -3.07823 0 0 0 1 
34562489690225;0.255572;0.295641;1 -7.80515e-08 0.000104397 0.431433 7.89993e-08 1 -9.07904e-06 -0.0119695 -0.000104397 9.07904e-06 1 0.358823 0 0 0 1 
34562489690226;0.59187;0.622151;0.998921 9.39145e-05 -0.0464399 8.51024 9.44467e-05 0.999992 0.00405381 -1.03442 0.0464399 -0.00405382 0.998913 -8.12845 0 0 0 1 
34562489690227;0.535961;0.450835;0.999805 1.61735e-05 -0.0197455 9.08922 1.78658e-05 0.999999 0.00172372 -0.79419 0.0197455 -0.00172374 0.999804 -3.15154 0 0 0 1 
34562489690228;0.492348;0.535614;0.997139 0.000247089 -0.0755844 31.638 0.000252386 0.999978 0.00659854 -2.29234 0.0755844 -0.00659874 0.997118 -6.94992 0 0 0 1 
34562489690229;0.377629;0.302341;0.999251 6.58338e-05 -0.038709 2.15055 6.49297e-05 0.999994 0.00337685 -0.531342 0.038709 -0.00337683 0.999245 -23.7729 0 0 0 1 
34562489690230;0.309344;0.313623;1 -3.77289e-09 -1.50637e-07 -0.0317646 3.77289e-09 1 2.42423e-09 -0.0167945 1.50637e-07 -2.42423e-09 1 -0.0179342 0 0 0 1 
34562489690231;0.422227;0.526996;1 -1.86445e-07 0.000205629 1.10295 1.90058e-07 1 -1.75701e-05 0.226514 -0.000205629 1.75701e-05 1 4.42671 0 0 0 1 
34562489690232;0.215127;0.298958;0.999654 2.76841e-05 0.0262967 16.3209 3.26994e-05 0.999997 -0.0022958 -1.19051 -0.0262967 0.00229587 0.999652 2.05853 0 0 0 1 
34562489690233;0.420689;0.407347;0.999984 1.93595e-06 -0.00573033 -3.17528 9.30648e-07 1 0.000500247 0.168102 0.00573033 -0.000500245 0.999983 -1.07115 0 0 0 1 
34562489690234;0.244511;0.379796;0.999269 6.10414e-05 -0.0382415 27.5014 6.6661e-05 0.999994 0.00333809 -2.31777 0.0382415 -0.00333819 0.999263 -6.84532 0 0 0 1 
34562489690235;0.305129;0.737553;0.999929 6.9651e-06 0.0119538 -7.43573 5.50467e-06 0.999999 -0.00104313 3.39652 -0.0119538 0.00104312 0.999928 5.69441 0 0 0 1 
34562489690236;0.196522;0.207028;0.999417 4.9693e-05 0.034139 4.78839 5.20591e-05 0.999996 -0.00297963 -0.340801 -0.034139 0.00297967 0.999413 9.29842 0 0 0 1 
34562489690237;0.236663;0.316092;0.997157 0.000245124 -0.0753489 34.9386 0.000251254 0.999978 0.00657818 -3.17659 0.0753488 -0.00657841 0.997136 -4.87564 0 0 0 1 
34562489690238;0.36003;0.379943;1 -1.9281e-08 1.53627e-07 -0.143571 1.9281e-08 1 9.37546e-09 0.149403 -1.53627e-07 -9.37545e-09 1 -0.0888443 0 0 0 1 
34562489690239;0.243492;0.0459967;1 -4.76605e-07 -0.000963601 3.98764 5.57231e-07 1 8.36715e-05 -0.510779 0.000963601 -8.3672e-05 1 -3.14827 0 0 0 1 
34562489690240;0.35283;0.301161;1 -3.89108e-08 1.98225e-07 -0.388183 3.89108e-08 1 1.84305e-08 -0.936413 -1.98225e-07 -1.84305e-08 1 -0.168078 0 0 0 1 
34562489690241;0.379757;0.643657;0.996123 0.000330702 0.0879693 49.2414 0.000346242 0.99997 -0.00767986 -3.8048 -0.0879693 0.00768054 0.996094 4.48195 0 0 0 1 
34562489690242;0.378853;0.380246;1 -1.8662e-08 -1.02921e-07 -0.135627 1.8662e-08 1 -1.48606e-08 0.188977 1.02921e-07 1.48606e-08 1 0.106429 0 0 0 1 
34562489690243;0.301434;0.363374;1 -2.03992e-08 7.16345e-08 -0.144079 2.03992e-08 1 1.80322e-09 0.194882 -7.16345e-08 -1.80322e-09 1 -0.0235263 0 0 0 1 
34562489690244;0.500189;0.514394;1 9.48739e-08 -0.00070496 -0.48422 -5.16371e-08 1 6.13324e-05 0.0478678 0.00070496 -6.13323e-05 1 -1.9375 0 0 0 1 
34562489690245;0.271456;0.169545;0.99995 4.44682e-06 0.00996227 -2.45798 4.21592e-06 1 -0.000869535 0.412393 -0.00996227 0.000869533 0.99995 3.09204 0 0 0 1 
34562489690246;0.262584;0.255916;1 -1.18199e-08 8.00042e-10 -0.0788936 1.18199e-08 1 4.92893e-09 0.140723 -8.00042e-10 -4.92893e-09 1 -0.0323082 0 0 0 1 
34562489690248;0.122472;0.163771;0.998985 9.04841e-05 0.0450438 -20.6986 8.67266e-05 0.999992 -0.00393222 1.62325 -0.0450438 0.00393213 0.998977 8.45086 0 0 0 1 
34562489690249;0.236877;1.14181;0.999809 1.83634e-05 -0.0195523 -11.4359 1.50001e-05 0.999999 0.00170622 9.07382 0.0195523 -0.00170619 0.999807 -9.18754 0 0 0 1 
34562489690250;0.361013;0.400986;0.998649 0.000117986 0.0519684 -7.09391 0.000117895 0.99999 -0.00453585 -0.1282 -0.0519684 0.00453585 0.998638 15.2989 0 0 0 1 
34562489690251;0.0844088;0.12467;0.999691 2.65498e-05 -0.0248655 7.46372 2.74086e-05 0.999998 0.00216967 -0.257896 0.0248655 -0.00216968 0.999688 -11.7993 0 0 0 1 
34562489690252;0.195046;0.8942;1 5.92924e-08 -2.81988e-08 1.10668 -5.92924e-08 1 1.46943e-08 5.89927 2.81988e-08 -1.46943e-08 1 0.103378 0 0 0 1 
34562489690253;0.120903;0.154314;0.999814 1.79687e-05 0.019296 -15.4175 1.45334e-05 0.999999 -0.00168425 1.24315 -0.019296 0.00168422 0.999812 5.14576 0 0 0 1 
34562489690254;0.246774;0.374627;1 1.03477e-07 -3.92003e-07 0.801087 -1.03477e-07 1 -2.24691e-08 -1.14623 3.92003e-07 2.24691e-08 1 0.12855 0 0 0 1 
34562489690255;0.134202;0.636021;0.999876 9.63247e-06 0.0157712 8.59094 1.20624e-05 0.999999 -0.0013755 -5.30364 -0.0157712 0.00137552 0.999875 12.1126 0 0 0 1 
34562489690256;0.130561;0.0863397;0.99992 6.53484e-06 0.0126434 2.35737 7.41388e-06 0.999999 -0.00110319 0.0603522 -0.0126434 0.0011032 0.999919 6.78945 0 0 0 1 
34562489690257;0.163799;0.141563;0.999961 4.67321e-06 -0.00878757 -9.20755 2.06541e-06 1 0.000766826 0.867113 0.00878758 -0.000766815 0.999961 -4.481 0 0 0 1 
34562489690258;0.294851;0.311095;0.999946 4.46704e-06 -0.0103984 3.52166 4.96485e-06 1 0.000907023 -0.959154 0.0103984 -0.000907026 0.999946 -7.07317 0 0 0 1 
34562489690259;0.334686;1.32685;1 2.11218e-07 -6.13196e-07 1.13105 -2.11219e-07 1 -3.75593e-08 -8.71133 6.13196e-07 3.75594e-08 1 0.0328387 0 0 0 1 
34562489690260;0.32082;1.39319;1 4.98421e-08 -7.99943e-07 1.26159 -4.98421e-08 1 5.34785e-08 9.4618 7.99943e-07 -5.34785e-08 1 -0.0215739 0 0 0 1 
34562489690261;0.124973;0.277185;0.995704 0.000380885 0.0925928 -59.7773 0.000369043 0.999967 -0.00808195 3.36489 -0.0925928 0.0080814 0.995671 29.2427 0 0 0 1 
