#;prob_registration_l1 -r /home/probabilistic_point_clouds_registration/build/tester /home/point_clouds_registration_benchmark//devel/registration_pairs/wood_summer_local.txt /home/point_clouds_registration_benchmark//eth/wood_summer -s 0.2 -t 0.2 -p 0.3 -r 1000 -m 1 -i 40 
id;initial_error;final_error;transformation
2318808360000;0.0774618;0.00691089;0.99821 0.0428446 0.0417197 -0.444858 -0.0427185 0.999079 -0.00391021 0.464854 -0.0418488 0.00212101 0.999122 0.304634 0 0 0 1 
2318808360001;0.306883;0.0104274;0.99724 0.071394 -0.0203696 -0.112101 -0.0717333 0.997288 -0.0164425 0.632218 0.0191405 0.0178584 0.999657 -0.457565 0 0 0 1 
2318808360002;0.495258;0.363367;0.998594 -0.0520302 -0.0101613 0.523288 0.0519597 0.998624 -0.00708327 -0.402605 0.0105159 0.00654533 0.999923 0.263603 0 0 0 1 
2318808360003;0.524546;0.474207;0.999546 -0.0298699 -0.00404466 0.274845 0.0299615 0.999241 0.0248888 -0.341223 0.00329817 -0.0249987 0.999682 0.143994 0 0 0 1 
2318808360004;0.20511;0.00873423;0.997717 -0.0636916 0.0224673 0.641214 0.0637111 0.997968 -0.000149168 -0.503372 -0.0224121 0.00158024 0.999748 -0.228825 0 0 0 1 
2318808360005;0.440296;0.41306;0.999975 -0.00710889 -0.000298466 0.0446118 0.00711355 0.999759 0.0207924 -0.107377 0.000150583 -0.0207939 0.999784 0.133831 0 0 0 1 
2318808360006;0.169359;0.00915864;0.996294 -0.0833283 0.0213198 1.0368 0.0838725 0.996136 -0.0260509 -0.391199 -0.0190666 0.0277425 0.999433 0.0185146 0 0 0 1 
2318808360007;0.299345;0.272035;0.999767 -0.0212471 0.00382983 0.1685 0.0211876 0.999664 0.0149421 -0.215092 -0.00414602 -0.0148575 0.999881 0.15884 0 0 0 1 
2318808360008;0.34518;0.275486;0.998407 0.0216615 0.0521013 -0.32925 -0.0225281 0.999616 0.0161043 0.140442 -0.0517325 -0.0172524 0.998512 0.732243 0 0 0 1 
2318808360009;0.553788;0.508669;0.999856 0.0164036 0.00434477 -0.115954 -0.0163411 0.999768 -0.0140609 0.0989193 -0.00457441 0.0139879 0.999892 -0.0488563 0 0 0 1 
2318808360010;0.296129;0.00757014;0.992561 -0.121723 -0.00244269 1.21027 0.12173 0.991871 0.0370635 -1.21648 -0.00208865 -0.0370851 0.99931 -0.0290614 0 0 0 1 
2318808360011;0.267088;0.20553;0.99927 -0.0252665 0.0286497 0.216632 0.0250271 0.999649 0.0086812 -0.217574 -0.028859 -0.00795785 0.999552 0.429157 0 0 0 1 
2318808360012;0.117207;0.00990596;0.996503 -0.0014614 -0.0835425 0.0784665 0.00528656 0.998947 0.045584 -0.16507 0.0833879 -0.0458663 0.995461 -0.313952 0 0 0 1 
2318808360013;0.297157;0.00538748;0.997076 -0.0498507 0.0579102 -0.00556367 0.0519768 0.998006 -0.0358071 -0.618831 -0.0560097 0.0387124 0.997679 -0.0696514 0 0 0 1 
2318808360014;0.320442;0.00913754;0.999968 0.00722155 0.00343776 -0.023239 -0.00721236 0.99997 -0.0026777 0.0861016 -0.00345699 0.00265282 0.999991 -0.626366 0 0 0 1 
2318808360015;0.329054;0.288699;0.999467 0.0288933 0.0152219 -0.397695 -0.028424 0.99914 -0.0301888 0.209989 -0.0160811 0.02974 0.999428 -0.26111 0 0 0 1 
2318808360016;0.335073;0.00650798;0.999304 0.0372915 -0.000839834 -0.264581 -0.037291 0.999304 0.000632243 -0.0181427 0.000862827 -0.000600484 0.999999 -0.568054 0 0 0 1 
2318808360017;0.483715;0.210655;0.997865 0.0524523 -0.0389108 -0.620722 -0.0535916 0.998146 -0.0288392 0.354517 0.037326 0.0308629 0.998826 0.0164305 0 0 0 1 
2318808360018;0.313611;0.301679;0.999783 -0.0201285 -0.00537962 0.188123 0.0201273 0.999797 -0.000276635 -0.0802039 0.0053841 0.000168298 0.999985 -0.0254529 0 0 0 1 
2318808360019;0.502137;0.495164;0.999888 0.000912507 0.0149383 -0.0521548 -0.000927455 0.999999 0.000993766 -0.0288925 -0.0149374 -0.00100751 0.999888 0.064251 0 0 0 1 
2318808360020;0.421809;0.047162;0.972571 0.0222863 0.231538 -0.495032 -0.00655687 0.997631 -0.0684831 0.219959 -0.232516 0.0650865 0.970412 0.562926 0 0 0 1 
2318808360021;0.393879;0.280603;0.995584 -0.00889819 -0.0934507 0.427841 0.00570368 0.999392 -0.0343955 -0.161355 0.0936999 0.0337106 0.99503 -0.948807 0 0 0 1 
2318808360022;0.404256;0.31532;0.999946 -0.0102055 -0.00203295 -0.0338076 0.0101616 0.999737 -0.0205371 0.116408 0.00224201 0.0205153 0.999787 -0.277462 0 0 0 1 
2318808360023;0.175152;0.156368;0.999748 -0.02231 -0.00233694 0.211701 0.0223093 0.999751 -0.000340812 -0.175659 0.00234396 0.000288591 0.999997 -0.0155715 0 0 0 1 
2318808360024;0.438639;0.136263;0.999988 0.00366056 0.00335054 -0.774609 -0.0033788 0.996745 -0.0805487 0.318489 -0.00363449 0.0805364 0.996745 -0.694656 0 0 0 1 
2318808360025;0.493149;0.139095;0.992808 -0.119293 0.0101211 1.0882 0.119519 0.992493 -0.0259338 -0.555305 -0.00695145 0.0269569 0.999612 0.46783 0 0 0 1 
2318808360026;0.26214;0.0112935;0.980772 0.0184885 -0.19428 -0.15737 -0.00693961 0.998177 0.0599579 -0.0297954 0.195034 -0.0574568 0.979112 -0.581102 0 0 0 1 
2318808360027;0.301824;0.268931;0.999708 0.0204723 0.0128067 -0.240093 -0.0200927 0.999375 -0.0291002 0.234109 -0.0133944 0.0288344 0.999494 -0.143824 0 0 0 1 
2318808360028;0.111442;0.0115469;0.999112 -0.0262842 -0.0329284 0.323813 0.0302597 0.991477 0.12672 -0.333852 0.029317 -0.127604 0.991392 1.08208 0 0 0 1 
2318808360029;0.556383;0.323505;0.997259 -0.073148 -0.0111617 0.245142 0.0738483 0.993381 0.0879793 -0.57995 0.00465232 -0.0885624 0.99606 1.28746 0 0 0 1 
2318808360031;0.47988;0.447729;0.999985 -0.00447117 -0.00301616 0.175925 0.00453025 0.999792 0.0198736 -0.0876244 0.00292667 -0.019887 0.999798 0.118446 0 0 0 1 
2318808360032;0.536016;0.529209;0.999738 0.0212307 -0.00851617 -0.255787 -0.0214527 0.999409 -0.0268746 0.275362 0.00794057 0.0270502 0.999603 -0.230088 0 0 0 1 
2318808360033;0.38485;0.0799884;0.994198 0.106392 0.0158303 -0.959743 -0.106302 0.994313 -0.00641835 0.965385 -0.0164232 0.00469832 0.999854 -0.544683 0 0 0 1 
2318808360034;0.495664;0.465542;0.999995 0.00280632 -0.00115776 -0.00183108 -0.00280694 0.999996 -0.000529572 0.0394389 0.00115627 0.000532819 0.999999 -0.125989 0 0 0 1 
2318808360035;0.329409;0.00758805;0.993734 0.103783 -0.0415051 -0.816805 -0.104089 0.994554 -0.00527635 1.10496 0.0407315 0.00956353 0.999124 -0.98952 0 0 0 1 
2318808360036;0.430313;0.327154;0.994512 0.0252223 -0.101538 0.123232 -0.0276747 0.999357 -0.0228164 0.2452 0.100897 0.0255012 0.99457 -1.00725 0 0 0 1 
2318808360037;0.120765;0.00571283;0.994015 0.012917 -0.108481 0.0318749 -0.0256123 0.992865 -0.116464 0.489486 0.106203 0.118546 0.987253 -2.10823 0 0 0 1 
2318808360038;0.516165;0.291593;0.997417 -0.0606877 0.0384325 0.398027 0.0611858 0.998055 -0.0119194 -0.635229 -0.0376344 0.0142401 0.99919 0.54007 0 0 0 1 
2318808360039;0.413132;0.345448;0.999461 -0.0102869 0.0311725 0.0424766 0.0102739 0.999947 0.000578848 0.00814639 -0.0311768 -0.000258274 0.999514 0.335042 0 0 0 1 
2318808360040;0.306491;0.257577;0.999774 0.020643 0.00506595 -0.207833 -0.0207056 0.999706 0.0126331 0.169997 -0.00480367 -0.0127351 0.999907 0.0717725 0 0 0 1 
2318808360041;0.475776;0.367394;0.99961 -0.0272593 -0.00608213 0.291891 0.0271157 0.999378 -0.0225551 -0.149486 0.00669319 0.0223814 0.999727 0.100497 0 0 0 1 
2318808360042;0.392346;0.00856252;0.994528 0.0471878 0.0932063 -0.594674 -0.0471042 0.998885 -0.00309794 0.429853 -0.0932485 -0.00130942 0.995642 1.54958 0 0 0 1 
2318808360043;0.212163;0.0501679;0.993468 0.0647891 -0.0939359 -0.536939 -0.0451939 0.979271 0.197447 0.353079 0.104781 -0.191912 0.975803 1.25591 0 0 0 1 
2318808360044;0.216595;0.206296;0.999841 0.00875302 -0.0155217 -0.0793591 -0.00868635 0.999953 0.00435749 0.0553315 0.0155591 -0.00422198 0.99987 -0.0771025 0 0 0 1 
2318808360045;0.469606;0.273836;0.997184 0.0184616 -0.0726816 -0.15726 -0.0272319 0.992206 -0.121593 0.700535 0.0698703 0.123229 0.989915 -1.55315 0 0 0 1 
2318808360046;0.276896;0.0063027;0.999016 0.0206791 0.0392465 -0.0606598 -0.020416 0.999766 -0.00709302 -0.29719 -0.039384 0.00628478 0.999204 0.0919326 0 0 0 1 
2318808360047;0.219223;0.0958988;0.981249 -0.0951015 -0.167646 1.25508 0.0919149 0.995409 -0.0266839 -0.516138 0.169414 0.0107743 0.985486 -1.47555 0 0 0 1 
2318808360048;0.2746;0.244892;0.998692 -0.00768141 0.0505574 0.0388308 0.00740635 0.999957 0.00562546 -0.0902957 -0.0505985 -0.00524366 0.998705 0.511506 0 0 0 1 
2318808360049;0.475244;0.435274;0.999715 -0.0172111 -0.0165614 0.207116 0.017438 0.999755 0.0136579 -0.177789 0.0163223 -0.0139429 0.99977 -0.0510475 0 0 0 1 
2318808360050;0.266943;0.218203;0.999357 -0.0348062 0.00858844 0.358278 0.0347218 0.999349 0.00978477 -0.349033 -0.00892342 -0.00948028 0.999915 0.104652 0 0 0 1 
2318808360051;0.316495;0.301534;0.999889 -0.00609459 0.0136279 0.0865628 0.0060238 0.999968 0.00522958 -0.0638887 -0.0136593 -0.0051469 0.999893 0.200165 0 0 0 1 
2318808360052;0.442125;0.419119;0.999551 0.0249685 0.0165364 -0.272177 -0.0248716 0.999672 -0.00604061 0.23541 -0.0166818 0.00562662 0.999845 0.114986 0 0 0 1 
2318808360053;0.502153;0.0297289;0.999662 -0.0223206 0.0133408 0.893305 0.0204863 0.991993 0.124619 -0.347561 -0.0160156 -0.124304 0.992115 2.15245 0 0 0 1 
2318808360054;0.189299;0.175342;0.999729 -0.0232791 -0.000141817 0.253943 0.0232736 0.999595 -0.0163632 -0.162002 0.000522679 0.0163554 0.999866 -0.163293 0 0 0 1 
2318808360055;0.56348;0.339758;0.990116 0.0846481 -0.111824 -0.441826 -0.0924989 0.993457 -0.066984 1.26934 0.105422 0.0766655 0.991468 -1.47342 0 0 0 1 
2318808360056;0.0419399;0.00482205;0.998683 0.0498932 -0.0119414 -0.517262 -0.0498301 0.998742 0.00552258 0.402964 0.0122019 -0.00492026 0.999913 -0.0380324 0 0 0 1 
2318808360057;0.467263;0.0937241;0.999416 -0.0338568 -0.00463503 0.441952 0.0337704 0.999275 -0.0175827 -0.8609 0.00522697 0.0174159 0.999835 -0.698563 0 0 0 1 
2318808360058;0.291617;0.0560025;0.999978 -0.00093271 0.00658736 0.0163863 0.000149858 0.993031 0.117855 0.36733 -0.00665138 -0.117852 0.993009 1.55121 0 0 0 1 
2318808360059;0.25976;0.0377259;0.980937 0.027718 -0.192339 0.25023 -0.0401177 0.997339 -0.060875 0.436352 0.19014 0.0674307 0.979439 -2.04259 0 0 0 1 
2318808360060;0.11731;0.0089636;0.991735 0.0993888 0.081139 -1.13262 -0.0954389 0.994118 -0.0511972 0.946285 -0.0857501 0.0430302 0.995387 0.254783 0 0 0 1 
2318808360062;0.468711;0.422215;0.999431 0.0170437 -0.0291208 -0.0394513 -0.0168659 0.999838 0.00634228 0.0705991 0.0292242 -0.00584752 0.999556 -0.00946094 0 0 0 1 
2318808360063;0.468392;0.0216221;0.993563 -0.111848 0.0179722 -0.440314 0.109432 0.988645 0.102987 -1.06189 -0.0292871 -0.100358 0.99452 -0.0344303 0 0 0 1 
2318808360064;0.317402;0.207487;0.997873 0.0648475 -0.00661373 -0.213319 -0.0647411 0.997786 0.015204 0.370686 0.00758503 -0.0147435 0.999863 -0.415541 0 0 0 1 
2318808360065;0.263432;0.246983;0.999801 -0.0197128 0.0032036 0.0803946 0.0197041 0.999802 0.00272776 -0.114478 -0.00325674 -0.00266409 0.999991 0.0643965 0 0 0 1 
2318808360066;0.238324;0.0058051;0.999507 -0.0313189 0.00198711 -0.384813 0.0312904 0.999425 0.0130588 -0.403017 -0.00239496 -0.0129902 0.999913 0.168058 0 0 0 1 
2318808360067;0.429905;0.0344182;0.994727 0.0799565 -0.0642237 0.709495 -0.0762111 0.995357 0.058794 0.489179 0.0686264 -0.0535894 0.996202 -0.523232 0 0 0 1 
2318808360068;0.55967;0.519621;0.999517 -0.014086 -0.027707 0.141209 0.0142914 0.999872 0.00723118 -0.149089 0.0276016 -0.00762366 0.99959 -0.176974 0 0 0 1 
2318808360069;0.324897;0.00613145;0.997462 0.0644314 0.0303107 0.176009 -0.0648008 0.997834 0.0113627 0.127004 -0.0295129 -0.013298 0.999476 -0.369041 0 0 0 1 
2318808360070;0.327797;0.0107379;0.99619 0.0532482 0.0690606 0.490984 -0.0494743 0.997246 -0.0552527 0.301565 -0.0718125 0.0516255 0.996081 0.0690712 0 0 0 1 
2318808360071;0.127608;0.00487447;0.989102 0.122761 0.0812882 -0.443344 -0.123088 0.992395 -0.00099558 0.774967 -0.0807923 -0.00902087 0.99669 0.451524 0 0 0 1 
2318808360072;0.27755;0.25577;0.999752 -0.0178401 -0.0133649 0.0510404 0.0178178 0.99984 -0.00178633 -0.0845614 0.0133947 0.00154775 0.999909 -0.118568 0 0 0 1 
2318808360073;0.377754;0.16985;0.997955 -0.0520946 0.0370324 0.0709416 0.0536834 0.997619 -0.0432871 -0.204649 -0.0346893 0.0451866 0.998376 -0.439428 0 0 0 1 
2318808360074;0.367604;0.348123;0.999912 -0.0127285 -0.00363733 0.0863964 0.0127163 0.999914 -0.00335194 -0.0597928 0.00367968 0.00330539 0.999988 0.0363062 0 0 0 1 
2318808360075;0.223733;0.210806;0.999747 -0.0107074 0.0197824 0.114292 0.0107975 0.999932 -0.00445373 -0.113693 -0.0197334 0.0046662 0.999794 0.118274 0 0 0 1 
2318808360076;0.344651;0.304809;0.99994 -0.0103507 -0.00363882 0.0958853 0.0103859 0.999898 0.00977253 -0.105523 0.0035373 -0.00980973 0.999946 0.0638058 0 0 0 1 
2318808360077;0.167206;0.146416;0.999889 0.00689498 0.0132082 0.0323101 -0.00701145 0.999937 0.0087919 0.0511476 -0.0131467 -0.00888353 0.999874 0.0514078 0 0 0 1 
2318808360078;0.455663;0.390986;0.999819 0.0164598 0.00954188 -0.288805 -0.0165159 0.999847 0.00583089 0.0761235 -0.00944444 -0.00598742 0.999937 -0.30464 0 0 0 1 
2318808360079;0.349782;0.140392;0.996837 0.0693101 0.0388809 -0.139641 -0.0706536 0.996911 0.034313 0.431658 -0.0363826 -0.0369515 0.998655 0.823383 0 0 0 1 
2318808360080;0.31557;0.303606;0.999919 0.00548688 -0.0115135 -0.0310331 -0.00525563 0.999786 0.0200197 0.00921744 0.0116209 -0.0199576 0.999733 0.013031 0 0 0 1 
2318808360081;0.265138;0.243224;0.99993 0.0117937 -0.000927591 -0.0592569 -0.0118079 0.999782 -0.0171922 0.106774 0.00072463 0.0172019 0.999852 -0.0060046 0 0 0 1 
2318808360082;0.291619;0.285771;0.999816 0.0174848 -0.00786032 -0.0332531 -0.0175182 0.999838 -0.00420446 0.0781949 0.00778554 0.00434139 0.99996 -0.0701024 0 0 0 1 
2318808360083;0.406111;0.0404187;0.992288 -0.12299 0.0154426 -0.03006 0.121807 0.990587 0.0624602 -0.751946 -0.0229793 -0.0600975 0.997928 -0.392517 0 0 0 1 
2318808360084;0.25521;0.245507;0.999933 0.0113679 -0.00235432 0.0341212 -0.0114011 0.999829 -0.0145826 0.0489492 0.00218814 0.0146085 0.999891 -0.0465412 0 0 0 1 
2318808360085;0.097134;0.00653998;0.999189 -0.0115604 0.038579 -0.0418574 0.0107596 0.999724 0.0209027 0.0121369 -0.0388099 -0.0204707 0.999037 0.469543 0 0 0 1 
2318808360086;0.630308;0.606884;0.999816 0.012176 -0.0147966 0.00524114 -0.0119846 0.999844 0.0129578 0.033763 0.0149521 -0.0127781 0.999807 -0.0760937 0 0 0 1 
2318808360087;0.164964;0.143766;0.999643 0.0209604 0.0165681 -0.0727385 -0.0207299 0.999688 -0.0139634 0.137721 -0.0168556 0.0136149 0.999765 0.0219506 0 0 0 1 
2318808360088;0.426784;0.406518;0.999923 0.00392146 0.0118064 -0.0122835 -0.00383615 0.999966 -0.00723969 0.001607 -0.0118344 0.00719384 0.999904 0.109278 0 0 0 1 
2318808360089;0.0156956;0.00281884;0.999904 -0.0120423 -0.00690344 0.0462843 0.0121308 0.999843 0.0129289 -0.0861077 0.00674666 -0.0130114 0.999893 0.00435591 0 0 0 1 
2318808360090;0.105965;0.0108521;0.999887 0.00817689 -0.0126428 -0.17649 -0.00836096 0.999859 -0.0145756 0.229808 0.0125218 0.0146797 0.999814 -0.0232201 0 0 0 1 
2318808360091;0.471367;0.455802;0.99997 -0.00431136 -0.00646437 -0.0679587 0.00420134 0.999848 -0.0169372 0.05014 0.00653641 0.0169096 0.999836 -0.0522547 0 0 0 1 
2318808360093;0.358587;0.0462522;0.997397 0.0587353 0.0418153 -0.183539 -0.0590156 0.998242 0.00550071 0.67283 -0.0414187 -0.00795415 0.99911 -0.5237 0 0 0 1 
2318808360094;0.104341;0.00929495;0.996958 0.0779392 -0.000850462 0.116021 -0.0779254 0.996426 -0.0326051 0.318717 -0.00169379 0.0325722 0.999468 0.10188 0 0 0 1 
2318808360095;0.369651;0.333249;0.999923 -0.0121823 0.00241923 -0.029733 0.0121856 0.999925 -0.00132712 -0.0679618 -0.00240288 0.00135649 0.999996 -0.101547 0 0 0 1 
2318808360096;0.316121;0.00475035;0.999591 0.0269313 -0.00957687 0.703027 -0.0268238 0.999578 0.0111805 0.273995 0.00987393 -0.010919 0.999892 0.338263 0 0 0 1 
2318808360097;0.369151;0.339426;0.999703 0.0157703 0.0185892 0.00723088 -0.0156696 0.999862 -0.00554751 0.0403462 -0.0186741 0.00525458 0.999812 0.0410391 0 0 0 1 
2318808360098;0.287285;0.254808;0.999942 -0.00954682 0.00498944 -0.0474193 0.00952895 0.999948 0.00359405 -0.0734679 -0.00502349 -0.00354629 0.999981 -0.0767952 0 0 0 1 
2318808360099;0.367143;0.352542;0.999867 -0.00635221 0.0150209 -0.0362415 0.00644436 0.999961 -0.00609442 -0.0281167 -0.0149816 0.00619041 0.999869 0.00786502 0 0 0 1 
2318808360100;0.403666;0.103777;0.996197 -0.0799688 -0.0345926 0.734093 0.0823719 0.993794 0.0747574 -0.547071 0.0283996 -0.0773226 0.996602 -0.520499 0 0 0 1 
2318808360101;0.302239;0.208612;0.995675 -0.0467366 0.0802968 -0.162035 0.0475206 0.998839 -0.00788048 -0.282366 -0.0798353 0.0116622 0.99674 0.32995 0 0 0 1 
2318808360102;0.281834;0.264645;0.999933 0.0115092 0.000874003 -0.0280394 -0.0115218 0.999805 0.0160325 0.00792267 -0.000689311 -0.0160415 0.999871 -0.0110219 0 0 0 1 
2318808360103;0.378578;0.357416;0.998957 0.0373717 -0.0262318 0.00119942 -0.0368362 0.999109 0.0206076 0.21729 0.0269785 -0.0196199 0.999443 -0.109659 0 0 0 1 
2318808360104;0.557659;0.51532;0.999873 -0.00860633 0.0134126 -0.0645502 0.00859737 0.999963 0.000725563 -0.0497041 -0.0134183 -0.000610158 0.99991 -0.0594042 0 0 0 1 
2318808360105;0.460355;0.436046;0.999984 -0.00553619 -0.00131123 0.0179919 0.00553521 0.999984 -0.000752122 0.0196655 0.00131537 0.000744851 0.999999 -0.0985396 0 0 0 1 
2318808360106;0.53681;0.348693;0.996069 0.0273793 -0.0842419 0.499524 -0.029917 0.999131 -0.0290105 0.494827 0.0833745 0.0314168 0.996023 -0.249256 0 0 0 1 
2318808360107;0.116161;0.00998394;0.994378 -0.018626 0.104238 -0.0462904 0.0283884 0.995264 -0.0929701 -0.0528487 -0.102013 0.0954066 0.990197 0.620001 0 0 0 1 
2318808360108;0.426496;0.382182;0.999939 0.00939756 -0.00575392 0.0838158 -0.00941676 0.99995 -0.00331785 0.0320281 0.00572245 0.00337183 0.999978 -0.11814 0 0 0 1 
2318808360109;0.361092;0.119855;0.998763 0.0460564 0.0187254 -0.618369 -0.0453085 0.998228 -0.0385742 0.473771 -0.0204688 0.037678 0.99908 -0.0946513 0 0 0 1 
2318808360110;0.188673;0.158543;0.999875 -0.00523241 -0.0149247 0.0646517 0.00502965 0.999895 -0.0135905 0.0470152 0.0149942 0.0135137 0.999796 -0.0874496 0 0 0 1 
2318808360111;0.302097;0.278571;0.999988 0.0025294 -0.00414893 -0.0848065 -0.00249847 0.999969 0.00744136 0.0351775 0.00416763 -0.00743091 0.999964 -0.0588309 0 0 0 1 
2318808360112;0.226828;0.212903;0.999895 -0.0135479 -0.00509195 0.0222555 0.0135997 0.999855 0.0102661 -0.106923 0.00495213 -0.0103342 0.999934 -0.00682876 0 0 0 1 
2318808360113;0.311079;0.299372;0.99983 -0.00373227 -0.0180424 -0.00497147 0.00367356 0.999988 -0.00328574 0.0183536 0.0180544 0.00321891 0.999832 -0.0822881 0 0 0 1 
2318808360114;0.267587;0.0168525;0.992679 -0.0492988 0.110263 -0.0322747 0.048383 0.998769 0.0109678 0.0723569 -0.110668 -0.00555261 0.993842 1.08526 0 0 0 1 
2318808360115;0.283003;0.265055;0.999842 -0.0167641 0.0058261 -0.0655787 0.0167084 0.999815 0.0094853 -0.0918159 -0.00598404 -0.00938646 0.999938 0.0600809 0 0 0 1 
2318808360116;0.15967;0.00710011;1 -7.79495e-05 0.000546129 0.215875 7.76174e-05 1 0.000608053 0.00659352 -0.000546176 -0.00060801 1 -0.34613 0 0 0 1 
2318808360117;0.274094;0.237569;0.999489 0.022209 -0.0230087 0.0765519 -0.0225586 0.999632 -0.0150478 0.131123 0.022666 0.0155592 0.999622 -0.140082 0 0 0 1 
2318808360118;0.309171;0.0155982;0.996656 -0.0608332 0.0545467 0.226467 0.0662861 0.992316 -0.104474 -0.0358285 -0.0477721 0.107741 0.993031 0.884448 0 0 0 1 
2318808360119;0.136528;0.126716;0.999977 0.00047791 -0.00671466 -0.000847635 -0.000385671 0.999906 0.0137316 0.00290766 0.00672059 -0.0137287 0.999883 0.000166485 0 0 0 1 
2318808360120;0.394337;0.357796;0.999934 -0.0108916 0.00364222 -0.0317812 0.0108943 0.99994 -0.000720273 -0.0356804 -0.00363416 0.000759905 0.999993 -0.0851583 0 0 0 1 
2318808360121;0.407083;0.386158;0.999765 -0.00729123 0.020437 -0.100173 0.00709058 0.999926 0.00987298 -0.0685011 -0.0205074 -0.00972574 0.999742 0.0271582 0 0 0 1 
2318808360122;0.325576;0.1962;0.996292 0.00217079 -0.0860084 0.388234 -0.00141188 0.99996 0.00888349 0.0402157 0.0860242 -0.00872911 0.996255 -0.307941 0 0 0 1 
2318808360124;0.330187;0.102368;0.983968 -0.0811984 0.158787 0.721977 0.0637333 0.991645 0.112153 -0.737689 -0.166567 -0.100235 0.980922 1.92192 0 0 0 1 
2318808360125;0.152771;0.00575385;0.989241 -0.146103 -0.0074745 1.52639 0.146198 0.989149 0.0144731 -1.19675 0.00527883 -0.0154102 0.999867 0.218346 0 0 0 1 
2318808360126;0.0910746;0.008642;0.998158 0.00771766 -0.0601801 -0.12294 -0.00968165 0.999428 -0.032412 0.206303 0.0598956 0.032935 0.997661 -0.805084 0 0 0 1 
2318808360127;0.146509;0.00583317;0.993166 -0.10761 0.0451873 1.05379 0.105638 0.993432 0.0439667 -0.809376 -0.0496218 -0.0388927 0.998011 0.967591 0 0 0 1 
2318808360128;0.288596;0.275351;0.999358 0.0126026 -0.0335456 -0.118318 -0.013325 0.999682 -0.0214016 0.111375 0.0332652 0.0218348 0.999208 -0.390488 0 0 0 1 
2318808360129;0.489639;0.459223;0.999764 0.000795569 -0.0217099 0.107592 -0.00121582 0.999812 -0.019351 0.028344 0.0216905 0.0193728 0.999577 -0.331316 0 0 0 1 
2318808360130;0.532869;0.40118;0.998919 -0.0129172 0.0446546 -0.157623 0.0105449 0.998541 0.0529572 -0.0798582 -0.0452735 -0.0524291 0.997598 0.94066 0 0 0 1 
2318808360131;0.255773;0.0052888;0.998498 -0.0102964 0.0538114 -0.0718998 0.00537474 0.995853 0.0908186 -0.152016 -0.0545233 -0.090393 0.994413 0.838702 0 0 0 1 
2318808360132;0.368015;0.340758;0.999352 0.0144054 0.0329978 -0.256957 -0.013712 0.999682 -0.0211436 0.150676 -0.0332919 0.0206774 0.999232 0.013137 0 0 0 1 
2318808360133;0.203483;0.176798;0.999863 0.0133701 -0.00972349 -0.138534 -0.0132197 0.999794 0.0153701 0.0425511 0.00992699 -0.0152395 0.999835 0.0362283 0 0 0 1 
2318808360134;0.215895;0.00617936;0.997028 -0.0184497 -0.0747987 0.601313 0.015599 0.999136 -0.0385185 -0.208915 0.0754448 0.0372373 0.996454 -0.749626 0 0 0 1 
2318808360135;0.357096;0.140495;0.978805 0.0692577 -0.19273 -0.275767 -0.0782619 0.99615 -0.039496 0.918769 0.189253 0.0537423 0.980457 -1.60931 0 0 0 1 
2318808360136;0.39267;0.0121106;0.990536 -0.0897648 0.103827 0.891747 0.10375 0.984948 -0.13825 -0.0578314 -0.0898545 0.147713 0.98494 -0.235535 0 0 0 1 
2318808360137;0.205186;0.00697665;0.981275 -0.012859 -0.192183 0.669307 0.0185722 0.999437 0.0279562 -0.190261 0.191715 -0.031002 0.980961 -1.17771 0 0 0 1 
2318808360138;0.524941;0.0206754;0.986735 -0.154947 0.0484292 1.27166 0.154591 0.987917 0.0110313 -1.3269 -0.0495533 -0.0033983 0.998766 -0.519853 0 0 0 1 
2318808360139;0.224459;0.128303;0.997787 0.0652081 0.0130246 -0.680056 -0.0637888 0.993943 -0.0894916 0.761431 -0.0187813 0.0884627 0.995902 -0.663919 0 0 0 1 
2318808360140;0.242736;0.00921448;0.992746 0.0644771 0.101476 -0.744533 -0.0549816 0.994077 -0.0937406 0.710391 -0.106919 0.0874813 0.990412 -0.413427 0 0 0 1 
2318808360141;0.27546;0.250693;0.999691 0.0104661 0.022568 -0.152888 -0.0103716 0.999937 -0.00429902 0.0827904 -0.0226116 0.00406363 0.999736 0.0427491 0 0 0 1 
2318808360142;0.19755;0.00632419;0.993746 -0.103031 0.043058 0.942851 0.102864 0.994677 0.00608196 -0.577263 -0.0434554 -0.00161479 0.999054 0.0578336 0 0 0 1 
2318808360143;0.359468;0.00830949;0.970504 -0.0723169 -0.229984 1.09719 0.0774623 0.996905 0.0134114 -0.665372 0.228302 -0.0308309 0.973102 -0.809383 0 0 0 1 
2318808360144;0.260225;0.0725026;0.988906 -0.145301 0.030866 1.27023 0.147541 0.984891 -0.0906662 -0.885679 -0.0172257 0.0942144 0.995403 -1.06444 0 0 0 1 
2318808360145;0.465801;0.298937;0.995224 -0.0517524 0.0827648 0.404945 0.0502895 0.998541 0.0196654 -0.361814 -0.0836618 -0.0154093 0.996375 1.16994 0 0 0 1 
2318808360146;0.208847;0.197069;0.999848 -0.0171221 0.00321304 0.11111 0.0171603 0.999778 -0.0122625 -0.117814 -0.00300237 0.0123158 0.99992 -0.111007 0 0 0 1 
2318808360147;0.522631;0.0937465;0.97417 0.175863 0.141654 -2.01398 -0.158012 0.979005 -0.128767 1.78715 -0.161325 0.103058 0.981506 -0.476945 0 0 0 1 
2318808360148;0.348601;0.237254;0.999259 0.0293955 0.0248343 -0.389983 -0.030306 0.998851 0.0371183 0.100298 -0.0237147 -0.0378434 0.999002 0.786745 0 0 0 1 
2318808360149;0.220362;0.00856914;0.985304 0.168005 -0.0308204 -1.5875 -0.168955 0.985125 -0.0313491 1.52056 0.0250951 0.0360956 0.999033 -0.857589 0 0 0 1 
2318808360150;0.310305;0.00771381;0.997099 0.0694535 0.0311323 -0.998582 -0.0710484 0.99604 0.0534443 0.563517 -0.0272971 -0.0555011 0.998085 0.2318 0 0 0 1 
2318808360151;0.0639999;0.00465575;0.998845 0.0253802 -0.0407896 -0.173938 -0.0238766 0.999032 0.0369364 0.141846 0.0416876 -0.0359199 0.998485 0.113756 0 0 0 1 
2318808360152;0.508923;0.398592;0.999884 -0.0146617 -0.00413732 0.229385 0.0144834 0.999084 -0.0402599 -0.0558982 0.00472381 0.0401953 0.999181 -0.0445052 0 0 0 1 
2318808360153;0.520442;0.359957;0.99939 0.0349056 -0.00114591 -0.391796 -0.0349181 0.998048 -0.0517761 0.346782 -0.000663598 0.0517845 0.998658 -0.0717935 0 0 0 1 
2318808360155;0.242296;0.224675;0.999958 -0.00510311 0.00764025 0.2618 0.00532605 0.999552 -0.0294487 -0.090198 -0.00748655 0.0294881 0.999537 -0.176476 0 0 0 1 
2318808360156;0.545461;0.144003;0.976643 -0.154665 0.149153 1.28403 0.138294 0.983744 0.114555 -1.45519 -0.164446 -0.0912525 0.982156 1.26872 0 0 0 1 
2318808360157;0.417219;0.409597;0.999703 -0.0194716 -0.0146225 0.169177 0.019215 0.999662 -0.0174877 -0.128765 0.0149581 0.0172016 0.99974 -0.216264 0 0 0 1 
2318808360158;0.428586;0.416581;0.999742 0.0120902 -0.0192299 -0.112361 -0.012184 0.999914 -0.00476662 0.104395 0.0191706 0.00499969 0.999804 -0.0838583 0 0 0 1 
2318808360159;0.360686;0.352918;0.999886 -0.0106558 -0.0107041 0.107187 0.0105014 0.999841 -0.0143792 -0.0110143 0.0108556 0.0142651 0.999839 -0.136281 0 0 0 1 
2318808360160;0.334724;0.331867;0.999829 -0.00531651 0.0177162 0.066031 0.00535338 0.999984 -0.00203395 -0.0871823 -0.017705 0.00212844 0.999841 0.0660861 0 0 0 1 
2318808360161;0.319806;0.307245;0.999914 0.0053834 0.0119586 -0.0821912 -0.00544876 0.99997 0.00543985 -0.031582 -0.011929 -0.00550454 0.999914 0.0623789 0 0 0 1 
2318808360162;0.00881013;0.00266499;0.999999 0.000487516 -0.000903204 0.00355933 -0.000486072 0.999999 0.00159816 0.00092647 0.000903982 -0.00159772 0.999998 0.0202074 0 0 0 1 
2318808360163;0.15049;0.00283225;0.995376 0.0959628 -0.00428648 -0.934496 -0.0959832 0.995371 -0.00484111 0.57076 0.00380207 0.00523015 0.999979 0.0765292 0 0 0 1 
2318808360164;0.34564;0.341192;0.999988 0.00248817 0.00422377 -0.0449292 -0.00245932 0.999974 -0.00682338 0.0213451 -0.00424064 0.00681291 0.999968 -0.0397578 0 0 0 1 
2318808360165;0.629483;0.209968;0.97142 -0.0770133 0.224528 0.0792935 0.0903112 0.99468 -0.0495547 -0.826216 -0.219517 0.0684158 0.973207 0.547523 0 0 0 1 
2318808360166;0.356263;0.00403469;0.99718 0.0631954 -0.0404872 -0.111696 -0.0656197 0.995939 -0.0616462 0.297413 0.036427 0.0641291 0.997277 -0.381286 0 0 0 1 
2318808360167;0.348773;0.311852;0.999855 -0.00100711 0.017011 0.0263347 0.00170651 0.999152 -0.0411501 0.105253 -0.0169551 0.0411732 0.999008 -0.214186 0 0 0 1 
2318808360168;0.491205;0.0554962;0.975837 -0.111145 -0.188121 0.993159 0.131791 0.986116 0.101022 -0.618271 0.174281 -0.123374 0.976937 0.593509 0 0 0 1 
2318808360169;0.364685;0.00392493;0.999734 -0.0165311 -0.0160811 0.330019 0.0162158 0.999678 -0.0195411 0.335658 0.0163989 0.0192752 0.99968 -0.867123 0 0 0 1 
2318808360170;0.293853;0.00249598;0.999231 0.0289846 0.0264214 -0.499895 -0.0289318 0.999579 -0.00237914 0.143033 -0.0264792 0.00161289 0.999648 -0.361727 0 0 0 1 
2318808360171;0.404455;0.0654496;0.994673 0.0613057 0.0828666 -1.02869 -0.076628 0.977477 0.19664 0.155355 -0.068945 -0.201942 0.976968 2.07519 0 0 0 1 
2318808360172;0.214721;0.109773;0.998123 -0.0277236 0.054611 0.292378 0.0256033 0.998905 0.03915 -0.210708 -0.0556366 -0.0376783 0.99774 0.98474 0 0 0 1 
2318808360173;0.439959;0.425332;0.999979 -0.00386779 0.00519375 0.0644057 0.00402243 0.999539 -0.0301013 0.0194379 -0.00507493 0.0301216 0.999533 -0.216779 0 0 0 1 
2318808360174;0.284722;0.243815;0.999396 -0.00151716 0.0347071 -0.0187325 0.00285307 0.999256 -0.0384739 -0.0315585 -0.0346229 0.0385497 0.998657 -0.135711 0 0 0 1 
2318808360175;0.207536;0.00306891;0.99726 -0.0482643 -0.0560662 0.498721 0.046583 0.998436 -0.0309178 -0.689587 0.0574707 0.0282213 0.997948 -0.8018 0 0 0 1 
2318808360176;0.417626;0.37777;0.999923 -0.00935571 0.00818774 -0.0197142 0.00913446 0.999603 0.026655 -0.0972962 -0.00843387 -0.0265782 0.999611 0.250194 0 0 0 1 
2318808360177;0.414555;0.121276;0.976118 -0.0512949 -0.211096 1.11027 0.0376238 0.996957 -0.0682793 -0.0336953 0.213956 0.0587065 0.975078 -1.6765 0 0 0 1 
2318808360178;0.192544;0.00558288;0.994872 -0.100586 0.010557 0.897224 0.10053 0.994918 0.00569126 -0.637574 -0.0110758 -0.00460079 0.999928 -0.199529 0 0 0 1 
2318808360179;0.369856;0.266354;0.999744 0.0222198 0.00430166 -0.215072 -0.022101 0.999419 -0.0259291 0.149118 -0.0048753 0.0258274 0.999655 0.100508 0 0 0 1 
2318808360180;0.269585;0.00818759;0.99987 0.0078391 0.0141164 -0.0875643 -0.00798317 0.999916 0.0101788 0.111819 -0.0140354 -0.0102902 0.999849 0.731749 0 0 0 1 
2318808360181;0.159003;0.00295398;0.999066 -0.0423824 -0.00838991 0.272257 0.0424644 0.999049 0.009851 -0.306853 0.00796443 -0.0101981 0.999916 0.31013 0 0 0 1 
2318808360182;0.250033;0.201564;0.999991 -0.00331931 0.00278532 -0.0747957 0.00327814 0.999887 0.0146577 -0.115983 -0.00283366 -0.0146485 0.999889 0.105288 0 0 0 1 
2318808360183;0.583654;0.489039;0.999488 -0.00994175 0.0304161 -0.0394393 0.00898826 0.999469 0.031326 -0.289322 -0.0307113 -0.0310366 0.999046 0.198294 0 0 0 1 
2318808360184;0.254669;0.00610352;0.987778 0.153526 -0.0269085 -1.14653 -0.152856 0.987922 0.0253942 1.30824 0.0304821 -0.0209707 0.999315 0.350019 0 0 0 1 
2318808360186;0.32371;0.305726;0.999748 -0.00321703 -0.0222298 -0.179793 0.00297483 0.999936 -0.0109199 0.0687136 0.0222635 0.010851 0.999693 -0.046271 0 0 0 1 
2318808360187;0.391738;0.370202;0.99933 -0.0269614 -0.0247506 0.141548 0.0274643 0.999418 0.0202089 -0.172479 0.0241913 -0.0208751 0.999489 -0.0839558 0 0 0 1 
2318808360188;0.250929;0.212242;0.999204 -0.0398855 -0.000589587 0.136966 0.0398896 0.999039 0.0181582 -0.228803 -0.000135229 -0.0181673 0.999835 -0.0282863 0 0 0 1 
2318808360189;0.35413;0.289224;0.998609 0.0324265 -0.0415867 -0.00147882 -0.0316331 0.999307 0.0195965 0.235107 0.0421933 -0.0182537 0.998943 -0.0792331 0 0 0 1 
2318808360190;0.38404;0.233243;0.996941 0.0498645 0.0601869 -0.227628 -0.0490245 0.99868 -0.0153544 0.336964 -0.0608731 0.0123568 0.998069 -0.00965798 0 0 0 1 
2318808360191;0.142007;0.00949251;0.993836 -0.0625772 0.0915112 0.302266 0.0595659 0.997601 0.0352785 -0.368256 -0.0934993 -0.0296101 0.995179 0.412555 0 0 0 1 
2318808360192;0.308225;0.00591745;0.997899 -0.0464869 0.0451321 -0.58207 0.0478974 0.998381 -0.0306914 -0.183963 -0.0436323 0.0327886 0.998509 0.163569 0 0 0 1 
2318808360193;0.19468;0.0183728;0.989396 0.0790913 -0.121822 -0.122128 -0.0701774 0.99465 0.0758077 0.620463 0.127165 -0.0664547 0.989653 -0.627613 0 0 0 1 
2318808360194;0.35362;0.00762016;0.995187 -0.0320306 0.0926088 -0.174024 0.0303033 0.999341 0.0199983 -0.801438 -0.0931882 -0.0170957 0.995502 0.167185 0 0 0 1 
2318808360195;0.220312;0.188204;0.999938 -0.010941 0.00208345 0.0401688 0.0109166 0.999876 0.0113799 -0.0689817 -0.0022077 -0.0113564 0.999933 -0.0243325 0 0 0 1 
2318808360196;0.321597;0.00890699;0.995187 0.0469854 0.0859977 -0.474527 -0.0421111 0.997449 -0.0576421 0.648392 -0.0884866 0.0537432 0.994626 0.897422 0 0 0 1 
2318808360197;0.117422;0.0118813;0.999843 -0.00614547 0.0166316 0.174704 0.0056079 0.999466 0.0321779 -0.0588949 -0.0168205 -0.0320796 0.999344 0.38871 0 0 0 1 
2318808360198;0.145591;0.00862241;0.996058 -0.0716973 -0.0522376 0.129522 0.0714242 0.997421 -0.0070779 -0.448878 0.0526104 0.00331896 0.99861 -0.571286 0 0 0 1 
2318808360199;0.334769;0.0125842;0.999997 -0.000887518 -0.0022748 -0.222063 0.000880773 0.999995 -0.00296452 -0.00188482 0.00227742 0.00296251 0.999993 0.714513 0 0 0 1 
2318808360200;0.307694;0.193982;0.997273 0.0681251 -0.0283839 -0.162702 -0.0680006 0.997671 0.00533187 0.603723 0.028681 -0.00338721 0.999583 -0.010457 0 0 0 1 
2318808360201;0.28708;0.0116648;0.994887 -0.100501 0.00996779 0.826358 0.100557 0.994917 -0.00524781 -0.480504 -0.00938972 0.0062233 0.999937 0.346813 0 0 0 1 
2318808360202;0.140274;0.00896468;0.990792 0.135311 -0.00480707 -0.271859 -0.135374 0.990651 -0.0168537 0.894403 0.00248164 0.0173492 0.999846 0.0804859 0 0 0 1 
2318808360203;0.354364;0.0927689;0.996942 0.0689975 -0.0366836 -0.215275 -0.0637094 0.989502 0.129719 -0.120864 0.0452488 -0.126985 0.990872 0.528814 0 0 0 1 
2318808360204;0.41534;0.381513;0.999333 -0.0131054 0.0340925 -0.0340982 0.0129432 0.999904 0.00497365 -0.0643488 -0.0341544 -0.00452906 0.999406 0.19009 0 0 0 1 
2318808360205;0.260883;0.0530616;0.993251 -0.0997915 -0.0591036 0.249788 0.0970901 0.994168 -0.046945 -0.805668 0.0634436 0.0408898 0.997147 -0.170116 0 0 0 1 
2318808360206;0.381649;0.282253;0.99587 -0.046602 0.0779209 -0.0678738 0.0499871 0.997863 -0.0420713 -0.199971 -0.0757938 0.0457926 0.996071 0.278566 0 0 0 1 
2318808360207;0.376035;0.347836;0.999483 0.0258304 0.0191363 -0.107829 -0.0257137 0.999649 -0.00632423 0.180891 -0.019293 0.00582889 0.999797 0.0864329 0 0 0 1 
2318808360208;0.370049;0.0180128;0.995155 0.0167548 0.0968851 -0.389233 -0.025323 0.995808 0.0878955 0.0347105 -0.0950063 -0.089923 0.991407 1.5411 0 0 0 1 
2318808360209;0.193142;0.173841;0.999762 0.0151456 -0.0157004 -0.0150539 -0.0151803 0.999883 -0.0020934 0.114124 0.0156669 0.00233124 0.999875 -0.0868441 0 0 0 1 
2318808360210;0.416709;0.308557;0.98848 -0.145599 0.0413293 0.521735 0.139894 0.983149 0.117678 -0.874908 -0.0577667 -0.11054 0.992191 0.524202 0 0 0 1 
2318808360211;0.229662;0.215056;0.999917 -0.0118986 -0.00487523 0.0585994 0.0119687 0.999822 0.0146173 -0.0785435 0.00470043 -0.0146745 0.999881 -0.00910575 0 0 0 1 
2318808360212;0.235303;0.225315;0.99988 0.0154718 -0.00124076 -0.0548268 -0.015474 0.999879 -0.00178533 0.0932671 0.00121299 0.00180432 0.999998 -0.0182269 0 0 0 1 
2318808360213;0.418371;0.166848;0.9961 0.0878056 0.00871385 -0.417515 -0.0876618 0.996026 -0.0157051 0.62674 -0.0100582 0.01488 0.999839 0.697734 0 0 0 1 
2318808360214;0.104638;0.00616446;0.993514 0.113685 -0.00240592 -0.249184 -0.113496 0.992721 0.0402847 0.57825 0.00696816 -0.0397503 0.999185 -0.0241527 0 0 0 1 
2318808360215;0.379457;0.363886;0.999688 0.00317031 -0.0247741 0.000226406 -0.00341031 0.999948 -0.00965125 0.0436502 0.0247422 0.00973273 0.999646 -0.125239 0 0 0 1 
2318808360217;0.475077;0.289194;0.984648 0.0832471 -0.153424 -0.140359 -0.095545 0.992626 -0.0745969 0.733888 0.146082 0.0881105 0.985341 -1.02571 0 0 0 1 
2318808360218;0.538469;0.3021;0.996649 -0.0741218 -0.0346056 0.676311 0.0746491 0.997109 0.0142018 -0.394662 0.0334529 -0.0167374 0.9993 0.386686 0 0 0 1 
2318808360219;0.26223;0.213864;0.999648 -0.0131126 -0.023085 -0.0372882 0.013383 0.999843 0.0115949 -0.0692143 0.0229294 -0.0118998 0.999666 -0.13102 0 0 0 1 
2318808360220;0.178884;0.0171645;0.994091 0.0760087 0.077495 -0.597528 -0.0666263 0.990871 -0.117197 0.704279 -0.0856956 0.111342 0.99008 0.0806446 0 0 0 1 
2318808360221;0.32248;0.317778;0.99972 -0.0225552 0.00721108 0.174485 0.0225222 0.999736 0.00462681 -0.146447 -0.00731354 -0.0044631 0.999963 0.0739372 0 0 0 1 
2318808360222;0.547442;0.423768;0.999721 0.0234949 -0.00249939 -0.177705 -0.0235996 0.998074 -0.0573711 0.178747 0.00114666 0.057414 0.99835 0.0660212 0 0 0 1 
2318808360223;0.279763;0.250506;0.999832 0.014566 0.0111713 -0.151071 -0.0146433 0.999869 0.00687429 0.0500097 -0.0110697 -0.00703671 0.999914 0.0386485 0 0 0 1 
2318808360224;0.19078;0.012888;0.98797 -0.151194 0.0324821 0.849073 0.153358 0.984931 -0.079957 -0.59561 -0.0199036 0.0839766 0.996269 -0.487047 0 0 0 1 
2318808360225;0.382191;0.259919;0.997266 0.0694035 0.0253888 -0.376268 -0.0685723 0.997124 -0.0322665 0.473096 -0.0275552 0.0304373 0.999157 -0.26905 0 0 0 1 
2318808360226;0.232462;0.15842;0.999236 -0.0389582 0.00317426 0.238156 0.0388716 0.998959 0.0238647 -0.270442 -0.00410068 -0.0237231 0.99971 0.352537 0 0 0 1 
2318808360227;0.121258;0.0102209;0.999992 0.00146101 0.00380545 -0.00613908 -0.00147684 0.99999 0.00415928 0.0321174 -0.00379933 -0.00416486 0.999984 -0.177412 0 0 0 1 
2318808360228;0.342472;0.333575;0.99998 0.00588767 -0.00250831 -0.0726787 -0.00591268 0.999932 -0.0100849 0.0571714 0.00244876 0.0100995 0.999946 -0.0945952 0 0 0 1 
2318808360229;0.411101;0.0191518;0.983103 0.00162758 0.183046 -0.481473 0.0206554 0.992588 -0.119761 0.00799751 -0.181885 0.121519 0.975782 1.05065 0 0 0 1 
2318808360230;0.270984;0.225658;0.996905 -0.0780488 -0.00945273 0.624365 0.0779611 0.996913 -0.00931252 -0.551509 0.0101504 0.00854675 0.999912 -0.25352 0 0 0 1 
2318808360231;0.448163;0.293711;0.999726 -0.0122176 0.0199754 -0.308154 0.0129797 0.999175 -0.0384776 -0.0466996 -0.0194888 0.0387263 0.99906 -0.242047 0 0 0 1 
2318808360232;0.480703;0.0317643;0.993538 -0.10304 -0.0475862 0.880936 0.101058 0.99398 -0.0423215 -0.415114 0.0516606 0.037239 0.99797 -1.35131 0 0 0 1 
2318808360233;0.538633;0.482015;0.999069 0.0256532 0.0346922 -0.305892 -0.0249711 0.999489 -0.0199541 0.136964 -0.0351863 0.0190692 0.999199 -0.0417996 0 0 0 1 
2318808360234;0.46577;0.411554;0.999903 -0.0127037 0.00570993 0.012145 0.0127695 0.999851 -0.011652 0.0331496 -0.00556106 0.0117238 0.999916 0.0317761 0 0 0 1 
2318808360235;0.501727;0.0185628;0.998458 0.0364998 -0.0418189 -0.163002 -0.0358632 0.999231 0.0158735 0.215165 0.0423661 -0.0143493 0.998999 -1.13705 0 0 0 1 
2318808360236;0.219286;0.157962;0.999032 0.0438381 -0.003536 -0.298222 -0.0438527 0.999029 -0.00416017 0.292661 0.0033502 0.00431121 0.999985 -0.230791 0 0 0 1 
2318808360237;0.1427;0.0219713;0.998184 -0.0598272 -0.00706713 0.218831 0.0593358 0.996645 -0.0563774 -0.220131 0.0104163 0.0558556 0.998385 -0.589555 0 0 0 1 
2318808360238;0.478527;0.40776;0.995531 -0.0344024 -0.0879492 0.267421 0.0303395 0.998428 -0.0471228 -0.0981603 0.0894321 0.0442438 0.99501 -0.865679 0 0 0 1 
2318808360239;0.07712;0.0170588;0.998929 0.0226507 -0.0403434 -0.140073 -0.0240033 0.999155 -0.0333664 0.206469 0.0395535 0.034299 0.998629 -0.559668 0 0 0 1 
2318808360240;0.277432;0.252993;0.999707 0.00647697 0.0233292 -0.0523211 -0.00666323 0.999946 0.00791495 0.0016744 -0.0232766 -0.00806808 0.999697 0.218939 0 0 0 1 
2318808360241;0.414755;0.350032;0.996248 0.000554558 -0.0865379 0.122496 0.00131585 0.999767 0.0215553 -0.104246 0.0865297 -0.0215883 0.996015 -0.320637 0 0 0 1 
2318808360242;0.207147;0.0190893;0.987582 -0.155857 -0.0197512 1.09862 0.156159 0.987621 0.014786 -1.19533 0.0172022 -0.0176867 0.999696 0.0685279 0 0 0 1 
2318808360243;0.526989;0.538134;0.99999 -0.00248874 -0.0037501 0.0675841 0.00252739 0.999943 0.0103371 -0.0512121 0.00372416 -0.0103465 0.99994 0.00672621 0 0 0 1 
2318808360244;0.293823;0.159811;0.999245 0.0371335 0.011445 -0.140914 -0.0371622 0.999307 0.00230855 0.272008 -0.0113514 -0.00273213 0.999932 0.379988 0 0 0 1 
2318808360245;0.161157;0.0160866;0.999012 -0.04361 0.0085816 0.237248 0.0438639 0.998524 -0.0320372 -0.321865 -0.00717179 0.032382 0.99945 -0.419416 0 0 0 1 
2318808360246;0.48133;0.384562;0.99937 -0.000291759 0.0354765 0.113101 -0.000684102 0.999622 0.027492 -0.165308 -0.0354711 -0.027499 0.998992 0.263623 0 0 0 1 
2318808360248;0.277285;0.0111106;0.99987 -0.012596 -0.0100267 0.0424356 0.0129392 0.999306 0.0349344 0.283548 0.00957975 -0.0350596 0.999339 0.560354 0 0 0 1 
2318808360249;0.346523;0.278669;0.998655 0.0439348 0.0275297 -0.0122672 -0.0443862 0.998886 0.0160075 0.112175 -0.0267958 -0.0172079 0.999493 0.316888 0 0 0 1 
2318808360250;0.347649;0.238054;0.991726 -0.0667616 0.109644 -0.0872797 0.0729045 0.99593 -0.0530027 -0.484268 -0.105659 0.0605577 0.992557 0.574739 0 0 0 1 
2318808360251;0.136295;0.117701;0.999946 0.00495033 -0.00915373 -0.080014 -0.00476943 0.999795 0.01968 0.0424083 0.00924928 -0.0196353 0.999764 -0.0987617 0 0 0 1 
2318808360252;0.263745;0.247712;0.999889 -0.0121576 -0.00860762 0.00575654 0.0122225 0.999897 0.00753766 -0.116517 0.00851509 -0.00764203 0.999935 -0.023013 0 0 0 1 
2318808360253;0.38952;0.327318;0.999754 -0.0191107 0.0112856 -0.184558 0.0191978 0.999786 -0.00765951 -0.115411 -0.0111368 0.00787428 0.999907 0.0432477 0 0 0 1 
