#;prob_registration_l1 -r /home/probabilistic_point_clouds_registration/build/tester /home/point_clouds_registration_benchmark//devel/registration_pairs/wood_autumn_local.txt /home/point_clouds_registration_benchmark//eth/wood_autumn -s 0.2 -t 0.2 -p 0.3 -r 1000 -m 1 -i 40 
id;initial_error;final_error;transformation
26875431820000;0.498992;0.453982;0.998021 0.0518335 -0.0355877 0.217841 -0.0519113 0.998651 -0.00126325 0.208218 0.0354742 0.00310815 0.999366 -0.360461 0 0 0 1 
26875431820001;0.336145;0.284963;0.999039 0.0264905 -0.0349091 0.0531353 -0.0258903 0.999511 0.0175339 0.124623 0.0353565 -0.0166133 0.999237 -0.0291235 0 0 0 1 
26875431820002;0.60541;0.497785;0.998832 0.0425762 -0.0228466 0.0151232 -0.0418109 0.998581 0.0329915 0.0775577 0.0242188 -0.0319977 0.999194 -0.270452 0 0 0 1 
26875431820003;0.366204;0.0165421;0.99397 0.095914 -0.0531497 -0.125938 -0.0937132 0.994693 0.042464 -0.114251 0.0569406 -0.0372271 0.997683 -0.540039 0 0 0 1 
26875431820004;0.698046;0.275881;0.991242 -0.132032 0.0027413 0.519974 0.131975 0.991136 0.0152092 -0.653014 -0.00472509 -0.0147142 0.999881 0.343436 0 0 0 1 
26875431820005;0.325213;0.310627;0.996876 -0.0431678 0.0661478 -0.0263298 0.0427713 0.999057 0.00739927 -0.16726 -0.0664049 -0.00454693 0.997782 0.280945 0 0 0 1 
26875431820006;0.554876;0.0205696;0.999992 -0.00142677 0.00368259 -0.239358 0.0014462 0.999985 -0.00528078 0.671717 -0.003675 0.00528606 0.999979 0.557212 0 0 0 1 
26875431820007;0.383756;0.373388;0.999912 0.000961057 -0.0132587 0.00186595 -0.000614889 0.999659 0.0260883 0.000772749 0.0132792 -0.0260778 0.999572 -0.008627 0 0 0 1 
26875431820008;0.203498;0.193857;0.998463 0.012663 -0.0539615 -0.113562 -0.0120517 0.99986 0.0116388 0.0783977 0.0541013 -0.0109705 0.998475 -0.0907015 0 0 0 1 
26875431820009;0.180609;0.175843;0.999861 -0.0118344 -0.0117319 0.0016704 0.0119255 0.999899 0.00772771 -0.0523398 0.0116392 -0.00786654 0.999901 -0.0134079 0 0 0 1 
26875431820010;0.462102;0.39755;0.999229 -0.0237906 -0.0312448 0.13792 0.0238559 0.999714 0.00171895 -0.127029 0.031195 -0.002463 0.99951 -0.0661709 0 0 0 1 
26875431820011;0.575398;0.45695;0.997377 -0.00491536 0.072217 0.156663 0.00163206 0.998965 0.0454532 -0.115306 -0.0723657 -0.0452161 0.996353 0.46591 0 0 0 1 
26875431820012;0.688058;0.64436;0.999886 0.00220994 -0.014946 0.108152 -0.00183572 0.999686 0.025006 -0.081109 0.0149965 -0.0249757 0.999576 -0.0404419 0 0 0 1 
26875431820013;0.421251;0.375429;0.999722 -0.0235352 0.00150962 -0.00245787 0.0235485 0.999678 -0.0094836 -0.0744129 -0.00128593 0.00951652 0.999954 -0.103762 0 0 0 1 
26875431820014;0.330264;0.240983;0.998153 -0.0512173 0.0326672 -0.160281 0.0508944 0.998647 0.010643 -0.284359 -0.0331681 -0.00896078 0.99941 0.070152 0 0 0 1 
26875431820015;0.226693;0.194126;0.999927 0.0111113 0.00484531 -0.00656914 -0.011 0.999688 -0.0224377 0.102103 -0.00509311 0.0223828 0.999737 0.0187744 0 0 0 1 
26875431820016;0.538469;0.321054;0.992232 -0.0293947 0.120879 0.598535 0.0267166 0.999362 0.0237166 0.275107 -0.121498 -0.0203029 0.992384 0.29308 0 0 0 1 
26875431820017;0.524419;0.141607;0.993004 -0.0716435 -0.0938617 0.129136 0.0641604 0.994691 -0.0804544 -0.160377 0.0991275 0.0738694 0.992329 0.381643 0 0 0 1 
26875431820018;0.579586;0.173261;0.993479 0.0384558 -0.107331 0.23837 -0.0416368 0.998753 -0.0275538 -0.169883 0.106137 0.0318431 0.993841 0.416523 0 0 0 1 
26875431820019;0.351798;0.0541422;0.98196 0.0902949 -0.166135 0.221232 -0.0932735 0.995588 -0.0101983 0.565821 0.164481 0.0255103 0.98605 -0.844593 0 0 0 1 
26875431820020;0.0809749;0.0231233;0.994789 -0.101463 0.00996485 -0.0867072 0.10167 0.994548 -0.0231763 -0.306234 -0.00755899 0.0240687 0.999682 0.00466521 0 0 0 1 
26875431820021;0.644904;0.155666;0.977122 0.0601067 -0.20401 0.938747 -0.0279852 0.98723 0.156826 0.304023 0.210831 -0.147529 0.966326 -0.401895 0 0 0 1 
26875431820022;0.0317767;0.0194494;0.999499 0.0291217 0.0124042 -0.0108949 -0.0290386 0.999555 -0.00682437 0.106427 -0.0125974 0.00646075 0.9999 0.0687258 0 0 0 1 
26875431820023;0.284901;0.0226219;0.99751 -0.0704992 0.00181017 0.381968 0.070445 0.997289 0.0212606 -0.289042 -0.00330412 -0.0210802 0.999772 -0.0327389 0 0 0 1 
26875431820024;0.398113;0.0246817;0.997351 0.0056902 -0.0725127 0.351368 -0.00697411 0.999823 -0.0174652 0.461243 0.0724005 0.0179246 0.997215 -0.566978 0 0 0 1 
26875431820025;0.5828;0.360594;0.994619 -0.102327 -0.0162138 0.0885305 0.102459 0.994708 0.00757036 -0.556375 0.0153533 -0.00919087 0.99984 0.429396 0 0 0 1 
26875431820026;0.630426;0.114528;0.99265 0.12102 0.000320059 -0.170239 -0.12102 0.992649 0.00153223 0.316545 -0.000132276 -0.00155971 0.999999 0.854502 0 0 0 1 
26875431820027;0.464713;0.019165;0.994805 0.101715 0.00421799 0.234634 -0.101802 0.993968 0.0407851 0.442419 -4.40911e-05 -0.0410026 0.999159 0.664672 0 0 0 1 
26875431820028;0.337162;0.0193451;0.999937 -0.0112196 -3.04832e-05 -0.433014 0.011211 0.99905 0.0421082 -0.332998 -0.000441984 -0.0421058 0.999113 0.228451 0 0 0 1 
26875431820029;0.206492;0.0134655;0.99955 0.0107217 0.0280179 -0.295005 -0.00893157 0.997958 -0.0632528 -0.0868021 -0.0286388 0.0629741 0.997604 0.237843 0 0 0 1 
26875431820031;0.22611;0.190791;0.999299 0.00467381 0.0371382 -0.0432391 -0.00527591 0.999856 0.0161311 -0.033438 -0.0370574 -0.0163158 0.99918 0.176768 0 0 0 1 
26875431820032;0.537519;0.501134;0.999587 -0.018939 -0.0216361 0.109019 0.0190754 0.999799 0.00611363 -0.122856 0.021516 -0.00652382 0.999747 -0.107745 0 0 0 1 
26875431820033;0.515263;0.406248;0.999828 -0.00284279 -0.0183071 -0.190206 0.00352709 0.999292 0.0374558 -0.171082 0.0181876 -0.0375139 0.999131 -0.234289 0 0 0 1 
26875431820034;0.18246;0.0130358;0.994202 0.0133824 -0.106691 -0.18496 -0.0115207 0.999771 0.0180471 0.0111098 0.106908 -0.0167134 0.994128 -0.310227 0 0 0 1 
26875431820035;0.31218;0.235279;0.998508 0.0209063 0.0504363 -0.0345283 -0.0219545 0.999552 0.0203189 -0.0158494 -0.0499889 -0.0213959 0.998521 0.387517 0 0 0 1 
26875431820036;0.352511;0.277283;0.998826 -0.041951 0.0242417 -0.114103 0.0431211 0.997821 -0.0499471 -0.0699247 -0.0220935 0.0509338 0.998458 0.0730365 0 0 0 1 
26875431820037;0.447509;0.182645;0.998956 -0.0226577 0.0396754 -0.0250298 0.0219177 0.999579 0.0189874 -0.345548 -0.0400889 -0.018098 0.999032 -0.38944 0 0 0 1 
26875431820038;0.350569;0.338402;0.99998 -0.00634945 -0.000608153 -0.00744595 0.00633857 0.999844 -0.0164688 -0.00617839 0.000712626 0.0164646 0.999864 -0.0185408 0 0 0 1 
26875431820039;0.337073;0.177744;0.996278 -0.0650207 0.0565955 -0.164784 0.0582361 0.991746 0.114228 -0.562344 -0.0635555 -0.110507 0.991841 0.529253 0 0 0 1 
26875431820040;0.229197;0.202488;0.999932 -0.0109255 -0.00396151 0.0119327 0.0107915 0.999417 -0.0323938 0.0185112 0.00431312 0.0323489 0.999467 -0.00880932 0 0 0 1 
26875431820041;0.10838;0.0128765;0.99795 0.0639808 0.00160289 -0.0440836 -0.0639873 0.997941 0.00437039 0.169021 -0.00131997 -0.00446399 0.999989 0.166971 0 0 0 1 
26875431820042;0.455772;0.358442;0.987869 -0.133894 0.0786641 0.109952 0.138808 0.988456 -0.0607142 -0.542531 -0.0696268 0.0708969 0.995051 0.682894 0 0 0 1 
26875431820043;0.274946;0.218685;0.99975 0.0149369 0.0166272 -0.0412125 -0.0152193 0.99974 0.0169902 -0.0479793 -0.0163691 -0.017239 0.999717 0.130341 0 0 0 1 
26875431820044;0.287192;0.252182;0.999983 0.00161712 0.00558717 0.0325032 -0.00161833 0.999999 0.000212222 0.0748193 -0.00558682 -0.00022126 0.999984 0.0437819 0 0 0 1 
26875431820045;0.572084;0.425765;0.998856 0.0193532 -0.0437362 0.261118 -0.016382 0.997598 0.0673013 -0.114946 0.0449337 -0.0665078 0.996774 -0.337067 0 0 0 1 
26875431820046;0.148614;0.103557;0.999806 -0.0194564 -0.00303448 -0.000328227 0.0195972 0.998198 0.0567198 -0.185697 0.00192545 -0.0567682 0.998386 -0.0358823 0 0 0 1 
26875431820047;0.191966;0.0377451;0.993316 0.115426 -0.00043951 -0.0740689 -0.114369 0.983697 -0.138777 0.743958 -0.0155861 0.1379 0.990324 0.240709 0 0 0 1 
26875431820048;0.552949;0.32943;0.992021 0.125678 0.00998045 -0.0833302 -0.124565 0.989284 -0.0761618 0.81254 -0.0194454 0.0743109 0.997046 -0.391673 0 0 0 1 
26875431820049;0.452544;0.309433;0.992669 0.113606 0.0412657 -0.17766 -0.111844 0.992805 -0.0427579 0.475278 -0.0458264 0.0378291 0.998233 0.498878 0 0 0 1 
26875431820050;0.381287;0.286452;0.999335 0.0358082 0.00690407 -0.0650675 -0.0358502 0.999339 0.00605251 0.0770015 -0.00668277 -0.006296 0.999958 0.215792 0 0 0 1 
26875431820051;0.357531;0.303598;0.999617 -0.0139614 -0.0239063 0.0911756 0.0138126 0.999884 -0.00637698 -0.00379063 0.0239925 0.00604433 0.999694 -0.0452511 0 0 0 1 
26875431820052;0.469273;0.389188;0.997838 0.0360997 -0.0549153 0.149589 -0.0395011 0.997284 -0.0621694 0.46542 0.0525218 0.0642043 0.996554 -0.130629 0 0 0 1 
26875431820053;0.393672;0.120927;0.999848 -0.0104104 0.0140207 0.649222 0.00950215 0.997946 0.0633538 -0.173896 -0.0146514 -0.063211 0.997893 0.220676 0 0 0 1 
26875431820054;0.384531;0.238134;0.983281 0.131169 -0.126306 0.185028 -0.11586 0.985773 0.121768 0.515762 0.140481 -0.105099 0.984489 -0.755985 0 0 0 1 
26875431820055;0.28566;0.253969;0.999917 -0.0126455 -0.00241431 0.0165765 0.0126491 0.999919 0.00147007 -0.0694095 0.00239553 -0.00150048 0.999996 0.0833959 0 0 0 1 
26875431820056;0.596591;0.255283;0.975007 -0.159748 0.154406 -0.0567757 0.169817 0.983979 -0.0542991 -0.839664 -0.143258 0.0791627 0.986514 0.0567048 0 0 0 1 
26875431820057;0.446113;0.36891;0.998597 -0.0467634 0.0248545 0.11669 0.0472867 0.998663 -0.0208988 -0.216874 -0.0238439 0.0220448 0.999473 0.224728 0 0 0 1 
26875431820058;0.224686;0.00774674;0.999405 -0.0123294 -0.0322146 -0.103504 0.01523 0.995698 0.0914028 -0.227692 0.030949 -0.091839 0.995293 0.315442 0 0 0 1 
26875431820059;0.444316;0.265628;0.993124 -0.0496511 0.10602 -0.299841 0.0511206 0.99863 -0.0111864 -0.215197 -0.105319 0.0165292 0.994301 0.297827 0 0 0 1 
26875431820060;0.410765;0.36661;0.99998 -0.00156538 0.00608907 0.070957 0.00144358 0.9998 0.0199561 -0.0976178 -0.00611909 -0.0199469 0.999782 0.0734624 0 0 0 1 
26875431820062;0.368904;0.276475;0.998842 0.0280744 0.0390691 0.119228 -0.0302593 0.997944 0.0565044 0.0596397 -0.0374025 -0.0576212 0.997638 -0.0384899 0 0 0 1 
26875431820063;0.231158;0.231928;0.999816 -0.00567772 -0.0183282 -0.0491609 0.00584195 0.999943 0.00891933 -0.0186347 0.0182766 -0.00902476 0.999792 -0.0523641 0 0 0 1 
26875431820064;0.204838;0.00900906;0.997762 -0.00589294 0.0666088 0.0682217 -0.00305494 0.991052 0.133441 0.279643 -0.0667991 -0.133345 0.988816 0.0926246 0 0 0 1 
26875431820065;0.171053;0.0107822;0.998229 0.0555104 0.0214024 -0.0921738 -0.0546752 0.997788 -0.0378112 -0.0229889 -0.023454 0.036574 0.999056 0.00342367 0 0 0 1 
26875431820066;0.341828;0.262281;0.965527 0.239177 -0.102725 0.237334 -0.241333 0.970401 -0.00891551 1.34796 0.0975519 0.0333991 0.99467 -0.259844 0 0 0 1 
26875431820067;0.359104;0.0131538;0.999723 0.0117134 -0.0204074 -0.211424 -0.0117163 0.999931 -1.88511e-05 0.381216 0.0204057 0.000257944 0.999792 0.586759 0 0 0 1 
26875431820068;0.231956;0.0054423;0.9998 -0.0195992 0.00401906 0.0294743 0.0195789 0.999796 0.00501418 -0.112945 -0.00411652 -0.00493449 0.999979 0.509747 0 0 0 1 
26875431820069;0.168442;0.012646;0.985031 -0.149994 0.0849454 0.0552839 0.152836 0.987856 -0.0279612 -0.734987 -0.0797198 0.0405253 0.995993 0.488284 0 0 0 1 
26875431820070;0.120851;0.00691506;0.987795 0.132921 -0.0812021 0.24035 -0.128045 0.989792 0.0625887 0.491568 0.0886926 -0.0514272 0.994731 -0.424041 0 0 0 1 
26875431820071;0.559761;0.324462;0.994881 -0.100512 0.0104136 0.395877 0.100644 0.994837 -0.0130587 -0.397992 -0.00904727 0.01404 0.999861 0.298481 0 0 0 1 
26875431820072;0.11141;0.00951001;0.9986 -0.0527368 0.00420904 -0.158288 0.052888 0.997108 -0.0545751 -0.316422 -0.00131875 0.0547213 0.998501 -0.00967858 0 0 0 1 
26875431820073;0.298534;0.254022;0.999039 -0.0438158 -0.000947454 0.0177036 0.0437773 0.998713 -0.0256048 -0.172957 0.00206813 0.0255387 0.999672 0.124587 0 0 0 1 
26875431820074;0.511902;0.467151;0.999896 -0.00872424 -0.0115082 0.0267572 0.00859624 0.999901 -0.0111252 0.00392281 0.0116041 0.0110251 0.999872 -0.16148 0 0 0 1 
26875431820075;0.368729;0.265461;0.992977 -0.0714902 0.0942596 -0.0515597 0.0638919 0.994639 0.0813045 -0.442194 -0.0995668 -0.0747111 0.992222 0.561816 0 0 0 1 
26875431820076;0.104083;0.00534385;0.999392 -0.0282245 -0.0204618 -0.0193709 0.0264564 0.996276 -0.0820614 0.074369 0.0227017 0.0814702 0.996417 0.0114205 0 0 0 1 
26875431820077;0.334061;0.107764;0.981059 0.185755 -0.0549388 0.193812 -0.183365 0.981978 0.0457917 0.805532 0.0624548 -0.0348505 0.997439 -0.713965 0 0 0 1 
26875431820078;0.46154;0.162677;0.986643 0.162827 0.00475261 -0.156547 -0.161112 0.979729 -0.119052 1.16751 -0.024041 0.116696 0.992877 -0.208587 0 0 0 1 
26875431820079;0.388175;0.307462;0.97787 -0.144722 0.15108 -0.0315673 0.138449 0.98904 0.0513014 -0.692075 -0.156849 -0.0292493 0.987189 0.653586 0 0 0 1 
26875431820080;0.446652;0.10801;0.988534 0.150726 -0.00910329 0.119228 -0.150974 0.987702 -0.0406425 0.970538 0.00286545 0.0415508 0.999132 -0.747461 0 0 0 1 
26875431820081;0.390076;0.255347;0.995013 0.0994291 -0.00798036 0.0584733 -0.0997305 0.990107 -0.0987031 0.884209 -0.00191255 0.0990067 0.995085 0.0856927 0 0 0 1 
26875431820082;0.269988;0.0101123;0.992455 0.120598 -0.0221094 -0.127559 -0.116008 0.982005 0.149026 0.0684334 0.0396838 -0.145337 0.988586 -0.346472 0 0 0 1 
26875431820083;0.397996;0.23435;0.994441 -0.0831775 0.0645573 0.304657 0.0852892 0.995884 -0.0306695 -0.447193 -0.0617406 0.036005 0.997443 0.566941 0 0 0 1 
26875431820084;0.431462;0.154859;0.99436 0.0809377 -0.0685323 0.198186 -0.0932299 0.975132 -0.20106 0.660384 0.0505548 0.206315 0.977179 0.459511 0 0 0 1 
26875431820085;0.0561572;0.0107612;0.999285 -0.0375439 0.00445186 -0.0949593 0.0375571 0.99929 -0.00291601 -0.135337 -0.00433922 0.00308113 0.999986 0.0664978 0 0 0 1 
26875431820086;0.263745;0.254862;0.999816 0.0188444 -0.00358325 -0.00160866 -0.0188547 0.999818 -0.00288567 0.100249 0.00352822 0.0029527 0.999989 -0.0494716 0 0 0 1 
26875431820087;0.254275;0.229822;0.999577 -0.0120503 -0.0264751 -0.0401904 0.0130929 0.999131 0.0395637 -0.0723156 0.0259754 -0.0398936 0.998866 -0.166875 0 0 0 1 
26875431820088;0.2679;0.0536555;0.981636 0.189941 -0.0177203 0.311368 -0.190593 0.980455 -0.0488058 1.01903 0.00810378 0.0512869 0.998651 -0.25709 0 0 0 1 
26875431820089;0.093436;0.00874666;0.999273 0.0346814 -0.0158485 0.0568783 -0.0353747 0.998324 -0.045794 0.352706 0.0142338 0.0463214 0.998825 0.028564 0 0 0 1 
26875431820090;0.279476;0.00805088;0.999273 0.0376882 0.00579665 0.186327 -0.0375233 0.998949 -0.026318 -0.244963 -0.00678244 0.0260814 0.999637 0.438492 0 0 0 1 
26875431820091;0.394578;0.00913058;0.993178 0.116232 0.00934453 0.242646 -0.116261 0.993215 0.00264253 0.498587 -0.00897398 -0.00371091 0.999953 -0.780043 0 0 0 1 
26875431820093;0.345934;0.190073;0.993178 -0.0854082 -0.0793862 0.859074 0.086555 0.996185 0.0111123 -0.424976 0.0781342 -0.0179077 0.996782 0.0438736 0 0 0 1 
26875431820094;0.529735;0.250918;0.987227 0.0684336 0.143877 -1.03168 -0.0671249 0.997647 -0.0139362 0.486362 -0.144492 0.00410044 0.989497 0.529362 0 0 0 1 
26875431820095;0.39088;0.172098;0.989142 -0.00286304 -0.146932 -0.057873 -0.00303046 0.9992 -0.0398708 0.0511641 0.146929 0.0398832 0.988343 -0.486431 0 0 0 1 
26875431820096;0.29099;0.277058;0.999806 0.00761479 -0.0181801 -0.0197607 -0.00788388 0.99986 -0.0147759 0.0548078 0.018065 0.0149164 0.999726 -0.142111 0 0 0 1 
26875431820097;0.411668;0.195276;0.986406 0.157178 0.0479378 -1.26614 -0.158413 0.987102 0.023128 1.2286 -0.0436843 -0.0304076 0.998583 0.404868 0 0 0 1 
26875431820098;0.305728;0.0668221;0.976314 -0.159299 0.146405 0.766165 0.166034 0.985502 -0.0349189 -0.753274 -0.13872 0.0584 0.988608 0.134733 0 0 0 1 
26875431820099;0.324227;0.327006;0.999946 -0.00171842 -0.0102947 0.0454303 0.00161856 0.999952 -0.0097008 0.0451116 0.0103109 0.00968361 0.9999 -0.159605 0 0 0 1 
26875431820100;0.476247;0.175235;0.988597 -0.148604 -0.0243516 1.25168 0.149304 0.988335 0.0300219 -0.493038 0.0196062 -0.0333154 0.999253 -0.455745 0 0 0 1 
26875431820101;0.325622;0.295845;0.999709 0.0209526 0.0119572 -0.16793 -0.0206235 0.999422 -0.0270135 0.148909 -0.0125163 0.026759 0.999564 -0.136483 0 0 0 1 
26875431820102;0.315339;0.273571;0.999995 0.0004898 0.00306218 0.0240076 -0.000443794 0.999887 -0.0150067 0.0265998 -0.00306919 0.0150053 0.999883 -0.202767 0 0 0 1 
26875431820103;0.395286;0.014407;0.99681 -0.07963 0.00540344 0.337844 0.0796751 0.996783 -0.00870771 -0.315351 -0.00469266 0.00911045 0.999947 -0.799247 0 0 0 1 
26875431820104;0.491587;0.0756479;0.999233 0.0383057 0.00807333 0.439134 -0.0378571 0.998039 -0.0498532 0.490284 -0.00996716 0.0495094 0.998724 -0.784943 0 0 0 1 
26875431820105;0.296198;0.278886;0.999343 -0.0210309 0.0295159 0.225055 0.0216333 0.999561 -0.0202395 -0.168201 -0.0290773 0.0208647 0.999359 0.143491 0 0 0 1 
26875431820106;0.351999;0.301261;0.999044 -0.0413827 -0.01408 0.283625 0.0418847 0.99842 0.0374517 -0.290753 0.0125079 -0.0380057 0.999199 0.313248 0 0 0 1 
26875431820107;0.398745;0.379336;0.999701 0.0175889 0.0169668 -0.171199 -0.0173644 0.999761 -0.0132865 0.112965 -0.0171965 0.0129879 0.999768 0.0515279 0 0 0 1 
26875431820108;0.476963;0.246985;0.987975 0.145699 0.0517346 -1.15829 -0.149381 0.985826 0.0763677 1.14101 -0.0398747 -0.0831776 0.995737 0.941556 0 0 0 1 
26875431820109;0.419848;0.406943;0.999961 -0.00246367 -0.0084363 0.036114 0.00249387 0.999991 0.00357153 -0.016276 0.00842742 -0.00359243 0.999958 0.0468246 0 0 0 1 
26875431820110;0.205033;0.0209311;0.996888 0.014623 0.0774572 0.0154788 -0.00857473 0.996928 -0.0778503 0.397861 -0.0783577 0.0769439 0.993952 -0.22139 0 0 0 1 
26875431820111;0.333895;0.0512591;0.989757 -0.142758 0.00147192 1.14423 0.142757 0.989534 -0.0210264 -0.563883 0.00154516 0.0210212 0.999778 0.410256 0 0 0 1 
26875431820112;0.392948;0.387561;0.997308 -0.0347932 -0.0645416 0.405511 0.0370376 0.998738 0.0339091 -0.252727 0.0632803 -0.0362083 0.997339 0.0923041 0 0 0 1 
26875431820113;0.35267;0.305755;0.999712 -0.00220733 0.0238902 -0.0471113 0.00298581 0.999464 -0.0325995 0.113305 -0.0238054 0.0326614 0.999183 -0.0972719 0 0 0 1 
26875431820114;0.433722;0.410676;0.999778 -0.0131619 0.0164282 0.0861917 0.0133412 0.999852 -0.0108531 0.032281 -0.0162829 0.0110699 0.999806 -0.00902678 0 0 0 1 
26875431820115;0.334392;0.290977;0.999802 -0.019567 0.00354038 0.230928 0.0195062 0.999674 0.0164549 -0.105842 -0.0038612 -0.0163825 0.999858 0.127426 0 0 0 1 
26875431820116;0.39563;0.377369;0.999875 -0.00869457 0.0132007 0.101601 0.00883927 0.999901 -0.010943 -0.000633642 -0.0131043 0.0110584 0.999853 0.0213657 0 0 0 1 
26875431820117;0.505945;0.475863;0.999947 0.00781 -0.00670032 -0.0970177 -0.00787247 0.999925 -0.0093491 0.0205572 0.0066268 0.00940135 0.999934 -0.140041 0 0 0 1 
26875431820118;0.542637;0.538504;0.999959 -0.00261603 0.00866914 0.0492114 0.00260039 0.999995 0.00181467 -0.000536926 -0.00867384 -0.00179205 0.999961 0.0552747 0 0 0 1 
26875431820119;0.33961;0.326991;0.999827 0.00231018 -0.0184329 -0.0197242 -0.00238677 0.999989 -0.00413442 0.0162343 0.0184231 0.0041777 0.999822 -0.0678275 0 0 0 1 
26875431820120;0.431883;0.303126;0.999548 0.0115994 -0.0277489 0.255678 -0.00991165 0.998137 0.0602039 -0.0629695 0.0283955 -0.0599016 0.9978 0.428511 0 0 0 1 
26875431820121;0.296141;0.269414;0.999743 -0.0226777 9.63759e-05 0.181408 0.0226779 0.999718 -0.00697461 -0.0763632 6.18196e-05 0.006975 0.999976 -0.102381 0 0 0 1 
26875431820122;0.699318;0.586972;0.997828 0.0215983 0.0622294 -0.421105 -0.0214003 0.999764 -0.00384604 0.0978992 -0.0622977 0.00250596 0.998054 0.130556 0 0 0 1 
26875431820124;0.463953;0.09434;0.987284 0.0731308 -0.141148 -0.281218 -0.0928202 0.986021 -0.138375 0.921502 0.129055 0.149717 0.98027 -2.61563 0 0 0 1 
26875431820125;0.172503;0.0221783;0.972585 0.229153 -0.039599 -1.86899 -0.228178 0.973227 0.027642 1.45219 0.044873 -0.0178485 0.998833 -0.063373 0 0 0 1 
26875431820126;0.469661;0.0109153;0.999914 -0.00202885 -0.0129388 -0.433174 0.00135399 0.998649 -0.0519552 0.54591 0.0130267 0.0519332 0.998566 0.0597307 0 0 0 1 
26875431820127;0.198437;0.0147354;0.996888 -0.0784957 -0.0072403 0.652903 0.0784605 0.996905 -0.00502557 -0.013027 0.00761237 0.00444185 0.999961 -0.0934419 0 0 0 1 
26875431820128;0.38452;0.328109;0.999787 -0.0200562 -0.00495532 0.230454 0.0200339 0.999789 -0.00450572 -0.116826 0.00504464 0.00440548 0.999978 -0.188303 0 0 0 1 
26875431820129;0.474436;0.31568;0.998661 -0.0505702 -0.0108681 0.545115 0.0500646 0.997836 -0.0426185 -0.301626 0.0129998 0.0420173 0.999032 -0.735712 0 0 0 1 
26875431820130;0.313572;0.0069922;0.995121 -0.0976137 -0.0143689 0.841049 0.097227 0.994935 -0.0255166 -0.4994 0.0167869 0.023995 0.999571 -0.866688 0 0 0 1 
26875431820131;0.549583;0.0199215;0.991842 0.125124 -0.0243452 -1.63147 -0.121669 0.986235 0.111966 0.524607 0.0380198 -0.10809 0.993414 1.55009 0 0 0 1 
26875431820132;0.557397;0.536431;0.999711 0.0233008 -0.00599213 -0.198495 -0.0233739 0.999649 -0.0124334 0.129476 0.00570032 0.0125699 0.999905 -0.0849878 0 0 0 1 
26875431820133;0.523064;0.434532;0.999098 -0.0326019 -0.0272219 0.464873 0.0343134 0.997297 0.0649744 -0.352448 0.02503 -0.0658499 0.997516 0.690002 0 0 0 1 
26875431820134;0.28355;0.0125265;0.979739 0.197632 0.032461 -1.91071 -0.197589 0.980274 -0.00455586 1.50028 -0.0327211 -0.00195038 0.999463 -0.0588692 0 0 0 1 
26875431820135;0.398345;0.0804408;0.986906 -0.0444373 -0.155055 0.392542 0.0642233 0.990072 0.125028 -0.434146 0.14796 -0.133349 0.979962 0.96747 0 0 0 1 
26875431820136;0.188337;0.0119802;0.996451 0.0738935 0.0403048 -0.818205 -0.0731434 0.997125 -0.0197787 0.746236 -0.0416504 0.0167605 0.998992 0.0782804 0 0 0 1 
26875431820137;0.314888;0.059742;0.955516 -0.0181572 0.294381 -0.0578681 0.0368367 0.997635 -0.058033 -0.191074 -0.292631 0.0662954 0.953924 1.06685 0 0 0 1 
26875431820138;0.521003;0.020297;0.999698 0.0244017 0.00288731 -0.52207 -0.0243929 0.999698 -0.00305563 -0.278895 -0.002961 0.00298428 0.999991 0.803882 0 0 0 1 
26875431820139;0.534563;0.0296818;0.965467 -0.204732 -0.161118 2.86959 0.184511 0.973935 -0.131932 -1.09902 0.18393 0.0976478 0.978077 -1.69788 0 0 0 1 
26875431820140;0.635129;0.521467;0.995649 0.0297602 -0.0883079 0.0337528 -0.0293875 0.999553 0.00551792 0.201736 0.0884326 -0.00289876 0.996078 -0.322911 0 0 0 1 
26875431820141;0.451247;0.39256;0.999789 -0.0162115 -0.0125899 0.154759 0.0164652 0.999658 0.0203182 -0.165779 0.0122562 -0.0205213 0.999714 0.235751 0 0 0 1 
26875431820142;0.45211;0.18738;0.9975 0.0578844 -0.0405449 -1.0452 -0.0598803 0.996959 -0.0498763 0.625125 0.0375345 0.0521795 0.997932 -0.170193 0 0 0 1 
26875431820143;0.371493;0.352788;0.999766 0.00810697 0.0200501 -0.0645291 -0.00862518 0.999627 0.0258957 -0.0294301 -0.0198327 -0.0260626 0.999464 0.312245 0 0 0 1 
26875431820144;0.382734;0.183243;0.988137 0.0142586 0.152912 -0.14157 0.0232684 0.970286 -0.240839 0.535056 -0.151802 0.24154 0.958444 -1.27266 0 0 0 1 
26875431820145;0.502979;0.466097;0.999509 0.0199242 0.0241701 -0.317496 -0.0201365 0.999761 0.00857054 0.0344553 -0.0239936 -0.00905303 0.999671 0.133089 0 0 0 1 
26875431820146;0.275674;0.274461;0.998145 0.0553593 0.0253263 -0.575102 -0.055928 0.998185 0.0223254 0.179548 -0.0240444 -0.0237004 0.99943 0.253474 0 0 0 1 
26875431820147;0.238197;0.0140009;0.99046 0.0491425 -0.12874 -0.0259356 -0.0635695 0.991845 -0.110465 0.754142 0.122262 0.117595 0.985507 -1.51554 0 0 0 1 
26875431820148;0.24302;0.0158002;0.987203 -0.125705 0.0981216 0.959027 0.140997 0.975506 -0.168843 -0.614524 -0.0744938 0.180517 0.980747 -1.3777 0 0 0 1 
26875431820149;0.23664;0.234408;0.99951 -0.0235469 -0.0206031 0.291166 0.0233004 0.999655 -0.0121242 -0.127045 0.0208815 0.0116382 0.999714 -0.251556 0 0 0 1 
26875431820150;0.324251;0.0177191;0.9854 -0.166387 -0.0360933 1.59472 0.162032 0.981576 -0.101263 -0.741886 0.0522771 0.0939362 0.994205 -0.591593 0 0 0 1 
26875431820151;0.348638;0.31587;0.99968 -0.0152049 -0.0202119 0.0990775 0.0156125 0.999675 0.0201654 -0.173326 0.0198987 -0.0204745 0.999592 0.0803815 0 0 0 1 
26875431820152;0.39459;0.0172444;0.994252 -0.0775057 0.0738678 0.394339 0.0820765 0.994758 -0.0609919 -0.126002 -0.0687534 0.0667042 0.995401 -0.887537 0 0 0 1 
26875431820153;0.461448;0.408822;0.999966 0.0081453 0.000946676 -0.135025 -0.00814011 0.999952 -0.0053681 0.00545883 -0.000990356 0.00536021 0.999985 -0.168041 0 0 0 1 
26875431820155;0.281618;0.013079;0.997606 0.0473879 -0.0503651 0.450014 -0.0482811 0.998695 -0.0166676 0.099336 0.0495095 0.0190594 0.998592 -0.0621496 0 0 0 1 
26875431820156;0.544215;0.218457;0.997908 0.0625389 -0.0163864 0.00906041 -0.0626819 0.997999 -0.00836255 0.0836008 0.0158306 0.00937219 0.999831 0.574667 0 0 0 1 
26875431820157;0.2633;0.245741;0.999976 -0.00571776 0.00385776 0.00457039 0.0058134 0.999664 -0.0252521 0.0109907 -0.00371208 0.0252739 0.999674 0.0171795 0 0 0 1 
26875431820158;0.308459;0.280647;0.999764 0.0188143 -0.0108978 0.0266711 -0.0187168 0.999784 0.00898214 0.0364973 0.0110645 -0.00877604 0.9999 0.0190562 0 0 0 1 
26875431820159;0.600497;0.0822202;0.999442 0.0330526 -0.00477379 0.720627 -0.0332502 0.998195 -0.0500055 -0.0276747 0.00311236 0.0501363 0.998738 0.472019 0 0 0 1 
26875431820160;0.450407;0.448207;0.99969 -0.0139926 0.020586 0.0330004 0.0141248 0.99988 -0.00629386 -0.0289865 -0.0204955 0.00658268 0.999768 0.082609 0 0 0 1 
26875431820161;0.500041;0.322959;0.999881 -0.0154502 -0.000289078 -0.0662276 0.0154525 0.999814 0.0115063 -0.112971 0.00011125 -0.0115094 0.999934 0.341641 0 0 0 1 
26875431820162;0.266888;0.23746;0.999987 0.00358286 0.00357307 -0.00351261 -0.00355081 0.999954 -0.00893816 -0.0113083 -0.00360493 0.00892536 0.999954 0.0666701 0 0 0 1 
26875431820163;0.112835;0.0919265;0.999794 -0.000602303 0.0203082 0.0604828 0.000563369 0.999998 0.00192284 0.0458767 -0.0203093 -0.001911 0.999792 0.11939 0 0 0 1 
26875431820164;0.259006;0.213054;0.999894 -0.0112328 0.00929877 -0.0407462 0.011164 0.99991 0.00742246 -0.0635024 -0.00938131 -0.00731786 0.999929 -0.0407527 0 0 0 1 
26875431820165;0.440579;0.422978;0.999665 0.0256916 -0.00327865 -0.00953907 -0.0256604 0.999628 0.00921508 0.0923922 0.00351418 -0.00912786 0.999952 -0.0312958 0 0 0 1 
26875431820166;0.350624;0.342203;0.999949 -0.00494361 -0.00876735 -0.00294506 0.00472039 0.999669 -0.0252999 0.0496877 0.00888952 0.0252573 0.999641 -0.00716163 0 0 0 1 
26875431820167;0.350308;0.307446;0.999901 -0.0138926 0.00222033 0.0811298 0.0139206 0.999817 -0.013105 -0.0284484 -0.00203786 0.0131347 0.999912 0.00877617 0 0 0 1 
26875431820168;0.226339;0.193415;0.999846 -0.00424051 -0.0170386 0.0527322 0.00417589 0.999984 -0.00382639 -0.0468202 0.0170546 0.00375465 0.999848 -0.010449 0 0 0 1 
26875431820169;0.436398;0.0366473;0.999186 -0.0403336 0.000772196 0.21651 0.0403331 0.999186 0.000641164 0.20537 -0.000797428 -0.000609497 0.999999 0.571721 0 0 0 1 
26875431820170;0.561995;0.517755;0.999909 -0.00310098 0.0131205 -0.043578 0.00308491 0.999994 0.00124457 -0.0743419 -0.0131243 -0.00120399 0.999913 0.0131752 0 0 0 1 
26875431820171;0.275385;0.0127393;0.997448 0.0666625 0.0255583 -0.0783511 -0.0669445 0.997703 0.010337 0.142224 -0.0248105 -0.0120216 0.99962 0.493976 0 0 0 1 
26875431820172;0.126727;0.0174382;0.99975 -0.00576331 0.0215864 -0.0355606 0.00776412 0.995562 -0.0937836 0.0343466 -0.0209501 0.0939278 0.995359 0.210473 0 0 0 1 
26875431820173;0.248339;0.209104;0.999806 -0.0138089 0.0140613 -0.0043056 0.0137159 0.999884 0.00668531 0.0115269 -0.014152 -0.00649115 0.999879 0.092853 0 0 0 1 
26875431820174;0.442063;0.427086;0.999574 -0.0193072 0.0218707 0.00153188 0.0192986 0.999814 0.000603185 -0.0776736 -0.0218782 -0.000180855 0.999761 0.0598352 0 0 0 1 
26875431820175;0.573407;0.360279;0.988071 0.0530221 -0.144585 0.311999 -0.0654595 0.994425 -0.0826648 0.330474 0.139396 0.0911431 0.986033 -0.730254 0 0 0 1 
26875431820176;0.270556;0.199284;0.99966 0.0260539 0.000518893 -0.129055 -0.0260175 0.998991 -0.0366058 0.112784 -0.00147209 0.0365798 0.99933 0.0677943 0 0 0 1 
26875431820177;0.516211;0.386503;0.999606 0.00874678 -0.0266849 -0.185844 -0.00994825 0.998927 -0.0452289 -0.00994038 0.0262607 0.0454766 0.99862 0.0661429 0 0 0 1 
26875431820178;0.516876;0.449847;0.999743 -0.0147423 -0.017217 0.0394721 0.0150445 0.999733 0.0175565 -0.0751059 0.0169535 -0.0178111 0.999698 0.078419 0 0 0 1 
26875431820179;0.506678;0.502313;0.999914 0.0126463 0.0034971 -0.0325205 -0.0126437 0.99992 -0.000747172 0.0517474 -0.00350627 0.000702891 0.999994 0.00905083 0 0 0 1 
26875431820180;0.166082;0.0211493;0.996803 -0.0131548 0.0788119 -0.223047 0.00637139 0.9963 0.0857113 0.0711389 -0.0796478 -0.0849351 0.993198 0.165769 0 0 0 1 
26875431820181;0.220973;0.214841;0.999913 -0.0110494 0.0071382 0.0182509 0.0109281 0.999799 0.0168048 -0.0669747 -0.00732245 -0.0167254 0.999833 0.00920429 0 0 0 1 
26875431820182;0.311591;0.0247006;0.999987 0.00483346 0.00173034 0.449956 -0.00481025 0.999902 -0.0131777 0.0644454 -0.00179387 0.0131692 0.999912 -0.0996059 0 0 0 1 
26875431820183;0.378261;0.308386;0.998393 0.0510926 -0.0245293 -0.0938478 -0.0505921 0.998507 0.02061 0.217346 0.0255457 -0.0193359 0.999487 -0.103313 0 0 0 1 
26875431820184;0.707951;0.660756;0.999855 -0.00904553 0.0144224 -0.0241504 0.00892387 0.999924 0.00847746 -0.0430336 -0.014498 -0.00834753 0.99986 -0.0448105 0 0 0 1 
26875431820186;0.0232744;0.0178281;0.999978 -0.00233431 0.00624896 -0.00741993 0.00228296 0.999964 0.0082118 -0.0429292 -0.0062679 -0.00819735 0.999947 0.0278132 0 0 0 1 
26875431820187;0.469951;0.420761;0.999967 -0.00711103 -0.00390916 0.0773832 0.00712524 0.999968 0.0036346 -0.0273658 0.00388319 -0.00366233 0.999986 -0.0828481 0 0 0 1 
26875431820188;0.333415;0.311377;0.999969 0.00602092 0.00509951 0.0158437 -0.00602745 0.999981 0.00126659 0.0447065 -0.00509179 -0.00129729 0.999986 -0.010357 0 0 0 1 
26875431820189;0.215891;0.168814;0.999987 -0.00459439 -0.00227037 0.036081 0.00450511 0.999272 -0.0378738 0.0715872 0.00244273 0.0378631 0.99928 0.00976424 0 0 0 1 
26875431820190;0.353199;0.0221111;0.999467 -0.00308907 -0.0324899 0.125493 0.00324991 0.999983 0.00489889 -0.0379498 0.0324742 -0.00500187 0.99946 0.564799 0 0 0 1 
26875431820191;0.375035;0.352462;0.999605 0.0110738 -0.0258306 0.0374774 -0.0111026 0.999938 -0.000972849 0.000489156 0.0258183 0.00125925 0.999666 -0.0116725 0 0 0 1 
26875431820192;0.269163;0.0206344;0.998627 -0.0320503 0.0414317 -0.14456 0.0324317 0.999437 -0.00856496 0.349291 -0.0411339 0.0098969 0.999105 0.246805 0 0 0 1 
26875431820193;0.42369;0.4219;0.999854 -0.0015481 0.0170254 0.0164211 0.00220709 0.999246 -0.038756 0.0380947 -0.0169526 0.0387879 0.999104 0.14128 0 0 0 1 
26875431820194;0.276623;0.270076;0.999949 0.00981132 0.0024999 0.0309653 -0.00976174 0.999769 -0.0191289 0.0480651 -0.00268701 0.0191035 0.999814 0.0260969 0 0 0 1 
26875431820195;0.12753;0.014383;0.99706 0.0755118 0.013033 -0.178051 -0.075798 0.996856 0.0230763 0.06704 -0.0112494 -0.0239963 0.999649 -0.130157 0 0 0 1 
26875431820196;0.182656;0.0162459;0.998271 -0.0585317 0.00541304 -0.108024 0.0586807 0.997715 -0.0334841 -0.341872 -0.00344079 0.0337439 0.999425 -0.147531 0 0 0 1 
26875431820197;0.141522;0.0186122;0.999247 0.0353188 -0.0160597 -0.246487 -0.0346104 0.9985 0.0424315 0.0532536 0.0175343 -0.0418437 0.99897 -0.0846251 0 0 0 1 
26875431820198;0.296595;0.267546;0.999945 -0.00166828 -0.0103371 0.0393177 0.00169288 0.999996 0.00237151 0.0159546 0.0103331 -0.00238888 0.999944 -0.0755885 0 0 0 1 
26875431820199;0.374604;0.36743;0.999865 -0.00661615 -0.0150591 0.0404238 0.00668591 0.999967 0.0045869 0.00528065 0.0150283 -0.00468696 0.999876 0.0290173 0 0 0 1 
26875431820200;0.14975;0.0226776;0.999065 0.017902 -0.0393512 -0.204688 -0.0143645 0.995981 0.0884079 0.048632 0.0407757 -0.08776 0.995307 -0.00954983 0 0 0 1 
26875431820201;0.180431;0.0142754;0.995929 -0.0410548 -0.0802536 0.351437 0.0424488 0.998975 0.0157414 -0.158737 0.0795251 -0.019084 0.99665 -0.150219 0 0 0 1 
26875431820202;0.0568232;0.0240915;0.999503 -0.0314036 -0.00276093 -0.00719925 0.0312515 0.998539 -0.0440841 -0.0159008 0.00414129 0.0439759 0.999024 -0.0353398 0 0 0 1 
26875431820203;0.370175;0.361904;0.999996 -0.000561981 -0.00285679 -0.0200471 0.000580345 0.999979 0.00643132 0.0174121 0.00285311 -0.00643295 0.999975 -0.042074 0 0 0 1 
26875431820204;0.336699;0.316765;0.999814 0.0190065 0.00332042 -0.0331048 -0.0189277 0.999571 -0.0223298 0.0577785 -0.00374341 0.0222628 0.999745 -0.0294107 0 0 0 1 
26875431820205;0.579018;0.510427;0.999954 -0.00609078 0.00747633 0.130223 0.00590683 0.999685 0.0243852 -0.0907375 -0.0076225 -0.0243399 0.999675 -0.00713907 0 0 0 1 
26875431820206;0.454909;0.326595;0.99688 -0.00944344 0.0783642 -0.0643192 0.0115852 0.99957 -0.0269216 -0.146943 -0.0780763 0.0277455 0.996561 0.391493 0 0 0 1 
26875431820207;0.201469;0.185004;0.999992 0.00142785 0.00384783 -0.015317 -0.00145802 0.999968 0.00785028 -0.0329191 -0.0038365 -0.00785582 0.999962 0.0378995 0 0 0 1 
26875431820208;0.418791;0.391704;0.999995 -0.002503 0.00202733 -0.0464708 0.00246811 0.999852 0.0170329 0.00618724 -0.00206966 -0.0170278 0.999853 -0.0138005 0 0 0 1 
26875431820209;0.261543;0.254405;0.999945 -0.00747851 0.00733193 0.0118295 0.00747857 0.999972 1.93902e-05 -0.00499535 -0.00733187 3.54431e-05 0.999973 0.0121996 0 0 0 1 
26875431820210;0.579052;0.541244;0.999965 -0.00758605 0.00349185 -0.0611688 0.0075283 0.999839 0.0162655 -0.0505823 -0.00361468 -0.0162386 0.999862 0.00338522 0 0 0 1 
26875431820211;0.254845;0.177834;0.999756 -0.020062 -0.00926571 0.0450997 0.0199285 0.999699 -0.0142791 -0.0536264 0.0095494 0.014091 0.999855 0.178214 0 0 0 1 
26875431820212;0.320883;0.230831;0.99765 -0.0601055 0.0328915 0.176893 0.0605627 0.998079 -0.0130817 -0.239174 -0.032042 0.015043 0.999373 0.330859 0 0 0 1 
26875431820213;0.233658;0.0237572;0.998636 -0.0505814 0.0129325 -0.102954 0.051621 0.993682 -0.0996591 -0.0369008 -0.00780994 0.100191 0.994938 -0.389323 0 0 0 1 
26875431820214;0.442932;0.11374;0.992149 0.0517237 -0.113866 0.252575 -0.0717242 0.981186 -0.17925 0.408142 0.102452 0.186009 0.977192 0.322751 0 0 0 1 
26875431820215;0.292551;0.204305;0.999583 -0.00377143 0.0286417 0.136961 0.00449118 0.999675 -0.0251068 -0.153093 -0.0285377 0.025225 0.999274 0.0966346 0 0 0 1 
26875431820217;0.53888;0.437624;0.996255 -0.0280969 0.0817753 0.185545 0.0344259 0.996433 -0.077044 -0.0711571 -0.0793189 0.0795706 0.993668 0.271197 0 0 0 1 
26875431820218;0.132212;0.0196347;0.999891 -0.00920669 -0.0115786 0.0294393 0.00896172 0.999739 -0.0210341 0.172507 0.0117692 0.0209281 0.999712 0.110621 0 0 0 1 
26875431820219;0.276971;0.0152048;0.992001 -0.0551181 0.113558 0.426548 0.0572246 0.998243 -0.0153719 -0.628473 -0.112511 0.0217472 0.993412 0.356722 0 0 0 1 
26875431820220;0.346183;0.332976;0.999776 0.0208828 -0.0034127 -0.00282343 -0.0208788 0.999781 0.00120306 0.0724968 0.00343708 -0.00113154 0.999993 0.0271065 0 0 0 1 
26875431820221;0.22686;0.01167;0.999994 -0.00319375 0.00137391 0.424544 0.00318582 0.999978 0.00573557 -0.0261058 -0.0013922 -0.00573115 0.999983 -0.244298 0 0 0 1 
26875431820222;0.271182;0.253774;0.999496 0.0281269 0.0147471 -0.0694157 -0.0280066 0.999573 -0.0083034 0.111682 -0.0149744 0.00788619 0.999857 0.0389524 0 0 0 1 
26875431820223;0.173034;0.0107447;0.999977 -0.00664423 0.00117739 -0.162464 0.00663721 0.999961 0.00587172 -0.189417 -0.00121636 -0.00586378 0.999982 -0.2634 0 0 0 1 
26875431820224;0.421446;0.0183166;0.996106 0.0534599 0.0701076 -0.685658 -0.0586469 0.995522 0.0741433 -0.348444 -0.06583 -0.0779662 0.99478 0.631405 0 0 0 1 
26875431820225;0.149136;0.132461;0.999736 0.0228547 -0.00244137 -0.0462134 -0.0228386 0.999719 0.00642002 0.125175 0.00258741 -0.00636257 0.999976 -0.0223599 0 0 0 1 
26875431820226;0.0692592;0.0187419;0.999354 -0.0359276 3.4051e-05 0.197569 0.0359261 0.999304 -0.0100188 -0.116071 0.000325925 0.0100136 0.99995 -0.0510602 0 0 0 1 
26875431820227;0.394953;0.336312;0.999458 0.0286937 0.0161556 -0.140948 -0.028801 0.999564 0.00645376 0.107422 -0.0159634 -0.00691556 0.999849 -0.0378804 0 0 0 1 
26875431820228;0.385763;0.0171518;0.999558 -0.029626 -0.00251632 -0.231853 0.029234 0.994703 -0.0985509 0.649189 0.00542266 0.0984338 0.995129 0.117506 0 0 0 1 
26875431820229;0.236316;0.0266536;0.982346 -0.0963485 0.160353 0.173891 0.0942027 0.995333 0.0209488 -0.138235 -0.161623 -0.00547327 0.986837 0.744234 0 0 0 1 
26875431820230;0.353557;0.314678;0.998053 0.0563005 0.0268568 -0.113765 -0.0550363 0.997438 -0.0456919 0.433905 -0.0293605 0.0441248 0.998594 0.0728749 0 0 0 1 
26875431820231;0.448584;0.0131917;0.999525 0.00439236 0.0304981 -0.231969 -0.00326371 0.999311 -0.0369586 0.283063 -0.0306395 0.0368415 0.998851 -0.791603 0 0 0 1 
26875431820232;0.290281;0.161598;0.984074 -0.102219 0.145431 0.286007 0.0769283 0.98244 0.169981 -0.553106 -0.160253 -0.156087 0.974657 0.774242 0 0 0 1 
26875431820233;0.217224;0.0157367;0.995356 -0.0806837 -0.0525099 0.606731 0.0801026 0.996701 -0.013082 -0.316554 0.0533922 0.00881507 0.998535 -0.310114 0 0 0 1 
26875431820234;0.288361;0.0604262;0.989829 -0.134561 -0.046182 0.257587 0.138083 0.986835 0.0842008 -1.08964 0.0342438 -0.0897213 0.995378 -0.235754 0 0 0 1 
26875431820235;0.189456;0.164583;0.999393 -0.022841 -0.0263086 0.0374161 0.0226816 0.999723 -0.00633826 -0.12717 0.0264461 0.00573769 0.999634 -0.18376 0 0 0 1 
26875431820236;0.315102;0.295729;0.998461 0.014581 0.0535043 -0.079022 -0.0152171 0.999818 0.0115007 -0.0395111 -0.0533269 -0.0122972 0.998501 0.341189 0 0 0 1 
26875431820237;0.012092;0.0132015;0.999987 -0.00501233 0.00122334 0.0300734 0.00500937 0.999985 0.00241716 -0.0418643 -0.00123544 -0.002411 0.999996 0.0233254 0 0 0 1 
26875431820238;0.26454;0.173748;0.99542 -0.0698205 0.0652932 0.0435462 0.0694519 0.997554 0.0079005 -0.472672 -0.0656851 -0.00332958 0.997835 0.428189 0 0 0 1 
26875431820239;0.246987;0.0176328;0.999377 0.0322598 0.0142889 -0.280245 -0.0335933 0.993817 0.105826 -0.339479 -0.0107866 -0.10624 0.994282 0.171703 0 0 0 1 
26875431820240;0.363487;0.224896;0.976627 0.177992 -0.120494 -0.0599358 -0.165694 0.980525 0.105435 0.585168 0.136914 -0.0830053 0.987099 -0.68908 0 0 0 1 
26875431820241;0.468508;0.241162;0.988648 -0.148389 0.0235675 -0.195324 0.148956 0.988542 -0.0244227 -0.724209 -0.0196734 0.027656 0.999424 0.492948 0 0 0 1 
26875431820242;0.496458;0.461434;0.999772 -0.0202462 -0.00678864 0.0532245 0.0203598 0.999646 0.017099 -0.12116 0.00644005 -0.0172333 0.999831 -0.097925 0 0 0 1 
26875431820243;0.419239;0.244243;0.986926 0.0347623 0.157381 -0.280573 -0.0267888 0.998261 -0.052505 0.290946 -0.158932 0.0476025 0.986141 0.491598 0 0 0 1 
26875431820244;0.327061;0.0277961;0.999973 -0.00732899 0.00030809 -0.448998 0.00731953 0.994156 -0.107708 0.483925 0.0004831 0.107707 0.994183 -0.0289604 0 0 0 1 
26875431820245;0.440644;0.175984;0.969315 0.0172971 0.245212 -0.302854 -0.0376094 0.996213 0.0783963 -0.0817217 -0.242927 -0.085213 0.966294 0.943775 0 0 0 1 
26875431820246;0.33651;0.0175646;0.988831 -0.058149 0.137231 -0.0493039 0.0454506 0.994542 0.0939196 -0.638337 -0.141944 -0.0866333 0.986076 0.255038 0 0 0 1 
26875431820248;0.482971;0.25463;0.985063 -0.0634784 -0.160069 0.225213 0.0739999 0.995413 0.0606444 -0.0641528 0.155486 -0.0715837 0.985241 -1.13672 0 0 0 1 
26875431820249;0.481186;0.0496285;0.981801 -0.155715 -0.108715 0.269 0.149498 0.986739 -0.0632133 -0.630845 0.117117 0.0458102 0.992061 0.431148 0 0 0 1 
26875431820250;0.362957;0.145099;0.986286 0.152329 0.0635223 0.238843 -0.144359 0.98278 -0.11534 1.10578 -0.079998 0.104588 0.991293 0.121216 0 0 0 1 
26875431820251;0.294996;0.01188;0.99543 0.0940431 -0.0165984 0.634828 -0.0928253 0.99368 0.0631189 0.0888999 0.0224294 -0.0612897 0.997868 -0.355094 0 0 0 1 
26875431820252;0.28587;0.0157103;0.999632 -0.0269613 -0.0031022 0.318885 0.0269714 0.999631 0.00325964 -0.650869 0.00301317 -0.00334211 0.99999 0.204563 0 0 0 1 
