#;prob_registration_l1 -r /home/probabilistic_point_clouds_registration/build/tester /home/point_clouds_registration_benchmark//devel/registration_pairs/apartment_local.txt /home/point_clouds_registration_benchmark//eth/apartment -s 0.2 -t 0.2 -p 0.3 -r 1000 -m 1 -i 40 
id;initial_error;final_error;transformation
13001298760000;0.820981;0.972978;0.904702 -0.411962 0.108636 -0.223795 0.403523 0.910359 0.0917333 -2.89129 -0.136688 -0.0391541 0.98984 0.219023 0 0 0 1 
13001298760001;0.68771;0.698166;0.951806 -0.305138 0.0309217 0.176749 0.29723 0.942577 0.152325 -1.75832 -0.0756262 -0.135793 0.987847 0.698483 0 0 0 1 
13001298760002;0.636186;0.314001;0.998768 0.0491849 0.00658191 0.0232772 -0.0493953 0.97269 0.226789 -0.377157 0.00475246 -0.226835 0.973922 -0.494347 0 0 0 1 
13001298760003;0.411513;0.538571;0.981421 -0.185052 0.050678 -0.138531 0.181901 0.981421 0.0610281 -1.01413 -0.0610298 -0.0506759 0.996849 -0.143649 0 0 0 1 
13001298760004;0.857932;0.913944;0.915362 -0.367221 -0.165112 0.314067 0.344769 0.926682 -0.149649 -1.7896 0.207961 0.0800577 0.974855 0.346335 0 0 0 1 
13001298760005;0.460674;0.650384;0.959031 -0.282507 0.0211802 -0.0411974 0.281553 0.95874 0.0393205 -1.28054 -0.0314147 -0.0317463 0.999002 0.37731 0 0 0 1 
13001298760006;0.655521;0.506092;0.961854 0.273528 -0.00445176 -0.190077 -0.272716 0.960024 0.0630946 0.627508 0.021532 -0.0594737 0.997998 0.0729884 0 0 0 1 
13001298760007;0.308888;0.31807;0.912488 0.262806 0.313525 0.208756 -0.307201 0.946283 0.10088 0.543876 -0.270171 -0.188367 0.944206 0.915527 0 0 0 1 
13001298760008;0.466988;0.244668;0.960339 0.257364 0.107302 -0.118745 -0.25768 0.966166 -0.0111499 0.231204 -0.106541 -0.0169419 0.994164 0.0902172 0 0 0 1 
13001298760009;0.423945;0.510568;0.980085 0.198445 -0.00729052 0.0687619 -0.198457 0.977533 -0.0710228 0.238767 -0.00696743 0.0710553 0.997448 -0.542419 0 0 0 1 
13001298760010;0.258498;0.305943;0.982301 0.182395 -0.0426166 0.235952 -0.184979 0.980412 -0.0676448 0.598432 0.0294437 0.0743308 0.996799 -0.00343208 0 0 0 1 
13001298760011;0.784351;0.909394;0.99823 0.0588735 -0.00841736 -0.101413 -0.0527275 0.94158 0.332637 -1.02452 0.0275091 -0.331605 0.943017 -0.752268 0 0 0 1 
13001298760012;0.622128;0.247655;0.979329 0.201721 0.0149294 0.225855 -0.201657 0.97944 -0.00569263 -0.112637 -0.0157707 0.00256435 0.999872 0.277016 0 0 0 1 
13001298760013;0.398004;0.339083;0.915243 0.379311 0.135839 0.376201 -0.35211 0.916902 -0.187906 0.907334 -0.195826 0.12415 0.972748 0.81809 0 0 0 1 
13001298760014;0.755219;0.805652;0.994851 0.00632373 -0.10115 0.25351 0.010272 0.98662 0.162711 -0.734733 0.100826 -0.162912 0.981475 -1.08771 0 0 0 1 
13001298760015;0.388158;0.761774;0.98659 0.0797451 -0.142411 0.117038 -0.0741315 0.996264 0.0443066 -0.294271 0.145412 -0.0331554 0.988815 -0.320047 0 0 0 1 
13001298760016;0.851768;0.677516;0.99978 0.0209059 0.00172735 0.23328 -0.0209142 0.999769 0.00496495 0.0302023 -0.00162316 -0.00499998 0.999986 0.455016 0 0 0 1 
13001298760017;0.399547;0.307877;0.953233 0.302224 0.00290436 0.444403 -0.30214 0.953125 -0.0162775 0.574949 -0.00768769 0.0146388 0.999863 0.273877 0 0 0 1 
13001298760018;0.820633;0.311251;0.946464 0.319951 -0.0428545 0.373858 -0.321488 0.946244 -0.0355932 0.701777 0.0291628 0.0474649 0.998447 0.795977 0 0 0 1 
13001298760019;0.329854;0.267978;0.993049 0.0891838 -0.0768124 0.157245 -0.0881426 0.995965 0.016848 -0.199999 0.078005 -0.00996048 0.996903 -0.209695 0 0 0 1 
13001298760020;0.847185;0.312654;0.976416 0.215306 0.0159757 -0.251936 -0.215592 0.976296 0.0191122 0.708793 -0.0114821 -0.0221057 0.99969 0.736992 0 0 0 1 
13001298760021;0.886722;0.72287;0.920053 -0.31152 -0.237609 0.745022 0.312777 0.949239 -0.0334014 -1.69817 0.235953 -0.0435875 0.970786 -1.24543 0 0 0 1 
13001298760022;0.59893;0.294395;0.974149 0.203719 -0.0976347 0.222364 -0.173058 0.950758 0.25712 0.151997 0.145207 -0.233577 0.961435 -0.907749 0 0 0 1 
13001298760023;0.367247;0.199877;0.995908 0.0825356 0.0368086 0.00723105 -0.0833091 0.996323 0.0199973 -0.0975699 -0.0350227 -0.022982 0.999122 -0.116176 0 0 0 1 
13001298760024;0.0968236;0.286499;0.9889 0.138287 0.0543527 0.109297 -0.141196 0.988513 0.0539113 0.18294 -0.0462731 -0.0609872 0.997065 0.127773 0 0 0 1 
13001298760025;0.689632;0.629762;0.985519 0.0988859 0.137743 -0.0700617 -0.0819525 0.988941 -0.123611 0.270153 -0.148443 0.110532 0.982724 0.498368 0 0 0 1 
13001298760026;0.452516;1.06308;0.979806 -0.197709 0.0298506 -0.138242 0.196019 0.979237 0.0516944 -1.27797 -0.0394512 -0.0447993 0.998217 0.128877 0 0 0 1 
13001298760027;0.353163;0.725775;0.948213 -0.193487 0.251902 -0.266765 0.135065 0.963395 0.231574 -1.18227 -0.287488 -0.185559 0.939637 0.602409 0 0 0 1 
13001298760028;0.770166;0.355562;0.993653 -0.100833 0.0498715 -0.446833 0.105122 0.990143 -0.0925588 -0.122748 -0.040047 0.0972139 0.994457 -0.15354 0 0 0 1 
13001298760029;0.444231;0.300322;0.928584 0.324531 0.180031 0.481345 -0.344632 0.934035 0.0938526 0.445136 -0.137697 -0.149194 0.979173 0.603039 0 0 0 1 
13001298760031;1.0814;0.75402;0.988974 -0.0349095 0.143916 -0.510947 0.0442245 0.997093 -0.062042 -0.0867488 -0.141332 0.0677225 0.987643 0.76795 0 0 0 1 
13001298760032;0.762366;0.106604;0.974415 -0.209291 -0.0819293 -0.605184 0.210739 0.977498 0.00934062 -0.687953 0.0781308 -0.0263673 0.996594 -0.701963 0 0 0 1 
13001298760033;0.562268;0.040904;0.970092 -0.216795 -0.109185 -0.565202 0.207115 0.973843 -0.0934558 -0.67191 0.12659 0.0680469 0.989618 0.0480516 0 0 0 1 
13001298760034;0.913227;0.164021;0.983483 -0.172549 -0.0546676 -0.515246 0.146922 0.937427 -0.315665 -0.342078 0.105714 0.302419 0.947295 0.781567 0 0 0 1 
13001298760035;0.190074;0.0346276;0.988397 0.109276 -0.105498 0.327527 -0.100334 0.991173 0.0866511 0.264498 0.114036 -0.0750606 0.990637 -0.58557 0 0 0 1 
13001298760036;1.3176;0.5781;0.998112 -0.0612573 -0.00450785 -0.529502 0.0611467 0.983993 0.167391 0.101798 -0.00581822 -0.167351 0.98588 -0.290995 0 0 0 1 
13001298760037;0.408209;0.0334396;0.993085 0.108418 -0.0450225 0.0871726 -0.112823 0.987418 -0.110798 0.577067 0.0324435 0.115112 0.992823 0.0210041 0 0 0 1 
13001298760038;0.799177;0.588952;0.999972 0.00740258 -0.00109045 0.0658015 -0.00711216 0.985614 0.16886 -0.34243 0.00232477 -0.168848 0.985639 -0.279336 0 0 0 1 
13001298760039;0.512139;0.0551083;0.999997 -0.0012066 -0.0019998 -0.00243928 0.00120199 0.999997 -0.00230441 -0.0134221 0.00200257 0.002302 0.999995 0.386213 0 0 0 1 
13001298760040;0.790161;0.0840797;0.999996 -0.00275513 0.000979131 0.184026 0.00275473 0.999996 0.000406496 0.190821 -0.000980247 -0.000403797 0.999999 -0.449571 0 0 0 1 
13001298760041;0.304867;0.16297;0.990023 -0.0774607 0.117703 -0.273508 0.0832039 0.99553 -0.0446826 -0.104339 -0.113716 0.0540302 0.992043 0.357511 0 0 0 1 
13001298760042;0.323258;0.164982;0.999229 0.0391886 -0.00239387 0.143143 -0.0390529 0.998346 0.0421837 0.0032293 0.00404303 -0.0420577 0.999107 -0.0194933 0 0 0 1 
13001298760043;1.1294;0.214149;0.957284 -0.28419 -0.053326 -0.55889 0.288311 0.924102 0.250823 -1.76412 -0.0220027 -0.255483 0.966563 -0.729959 0 0 0 1 
13001298760044;0.672602;0.158597;0.998019 -0.0575886 0.0253428 -0.375613 0.0581595 0.998056 -0.0223987 -0.0951732 -0.0240036 0.0238282 0.999428 -0.173826 0 0 0 1 
13001298760045;0.603165;0.416458;0.996081 0.0124137 0.0875695 0.0403113 -0.0108655 0.999777 -0.018134 0.0656348 -0.087775 0.0171114 0.995993 0.096375 0 0 0 1 
13001298760046;0.435224;0.0261849;0.903897 0.103705 -0.414987 0.799629 -0.123809 0.992068 -0.0217553 0.479281 0.40944 0.0710437 0.909567 -1.08751 0 0 0 1 
13001298760047;1.03472;0.174322;0.99799 -0.0348542 0.0529295 -0.276953 0.0227181 0.976431 0.214632 -0.474378 -0.0591628 -0.212998 0.97526 -0.800745 0 0 0 1 
13001298760048;1.38851;0.26825;0.994897 0.048896 0.0882555 0.188453 -0.0797138 0.917155 0.390478 -0.70564 -0.0618512 -0.395521 0.916372 -1.08013 0 0 0 1 
13001298760049;0.308211;0.0583275;0.990944 0.115699 -0.068144 0.127964 -0.106303 0.986024 0.128285 0.14527 0.082034 -0.119879 0.989393 -0.509151 0 0 0 1 
13001298760050;0.383404;0.0970548;0.998458 -0.0552722 0.00519257 -0.343766 0.0552785 0.99847 -0.00107771 -0.343767 -0.00512506 0.00136309 0.999986 0.0486976 0 0 0 1 
13001298760051;1.39486;0.52525;0.985611 -0.119047 0.119995 -0.934023 0.129997 0.987605 -0.0879638 -0.445864 -0.108036 0.102297 0.98887 0.641335 0 0 0 1 
13001298760052;0.390791;0.208085;0.999977 -0.00592007 0.0032051 -0.235185 0.00590179 0.999966 0.00568052 -0.0463085 -0.00323862 -0.00566147 0.999979 -0.0223595 0 0 0 1 
13001298760053;0.738841;0.736001;0.997344 0.0710597 -0.0160055 0.0837973 -0.0679041 0.986548 0.148702 0.112847 0.026357 -0.14722 0.988752 -0.166438 0 0 0 1 
13001298760054;0.290741;0.133837;0.997783 -0.0658981 -0.00927115 -0.250728 0.0658889 0.997826 -0.00129617 -0.185351 0.00933641 0.000682433 0.999956 -0.194632 0 0 0 1 
13001298760055;0.983527;0.580367;0.981167 -0.122838 0.149069 -0.522606 0.138652 0.985202 -0.100764 -0.492033 -0.134485 0.119535 0.983679 0.883282 0 0 0 1 
13001298760056;0.893456;0.620585;0.999975 -0.00251877 -0.00665362 0.258404 0.00245387 0.99995 -0.00974413 0.0358413 0.00667783 0.00972755 0.99993 -0.203359 0 0 0 1 
13001298760057;1.32906;0.329225;0.998449 0.0484946 0.027344 0.577108 -0.0488723 0.998716 0.0133169 0.506473 -0.0266631 -0.0146326 0.999537 -0.565693 0 0 0 1 
13001298760058;1.04418;0.419098;0.987231 -0.0664186 0.144789 -0.490164 0.0656805 0.997792 0.00987676 -0.184095 -0.145125 -0.000240837 0.989413 -0.213309 0 0 0 1 
13001298760059;1.02726;0.24399;0.99882 0.0388796 -0.0291123 0.457244 -0.0325089 0.980454 0.194046 -0.131661 0.0360876 -0.192871 0.98056 -0.937972 0 0 0 1 
13001298760060;1.18019;1.04721;0.996712 -0.0254967 -0.0769147 0.113598 0.0366714 0.988371 0.147574 -0.533227 0.0722576 -0.149909 0.986056 -0.37052 0 0 0 1 
13001298760062;0.42647;0.646434;0.998054 -0.0616953 0.00900399 -0.18078 0.0603219 0.992009 0.110813 0.0440116 -0.0157687 -0.110054 0.993801 -0.0726603 0 0 0 1 
13001298760063;0.820769;0.52635;0.990673 -0.133949 0.025006 -0.0485144 0.133186 0.990637 0.0300015 -0.0664412 -0.0287906 -0.0263912 0.999237 0.584883 0 0 0 1 
13001298760064;0.637796;0.614252;0.99982 0.0161417 0.0100048 0.0347658 -0.0160947 0.999859 -0.00476585 0.507845 -0.0100804 0.00460396 0.999939 0.42545 0 0 0 1 
13001298760065;1.32441;0.807185;0.973185 -0.163991 -0.161302 0.00391986 0.212696 0.908562 0.35955 -0.799489 0.0875895 -0.384217 0.919079 -2.07007 0 0 0 1 
13001298760066;0.832986;0.590989;0.966589 -0.256299 -0.00398184 -0.296596 0.256248 0.966556 -0.010375 -0.123845 0.00650778 0.00900804 0.999938 0.204175 0 0 0 1 
13001298760067;0.500971;0.638385;0.940319 -0.340113 -0.011116 -0.45642 0.338211 0.937672 -0.0799081 -0.85345 0.0376009 0.0713796 0.99674 -0.217662 0 0 0 1 
13001298760068;1.1413;0.631684;0.949937 -0.262468 0.1695 -0.800206 0.232962 0.956511 0.175541 0.0523093 -0.208203 -0.127266 0.969771 0.675348 0 0 0 1 
13001298760069;0.277143;0.631793;0.991173 -0.051737 -0.122062 0.118454 0.0779403 0.972195 0.220821 -0.0853943 0.107244 -0.228385 0.967646 -1.01046 0 0 0 1 
13001298760070;1.31041;0.633987;0.992467 -0.121984 0.0113673 -0.205042 0.122308 0.991892 -0.0345209 -0.0426111 -0.0070641 0.0356512 0.999339 -0.731729 0 0 0 1 
13001298760071;0.311671;0.615573;0.889579 -0.403485 -0.214122 -0.369163 0.441336 0.880083 0.175148 -1.69094 0.117776 -0.250308 0.960976 -1.1639 0 0 0 1 
13001298760072;0.364438;0.623553;0.949327 -0.313166 -0.0265403 -0.484992 0.313303 0.949653 0.00103024 -0.648671 0.0248814 -0.00929317 0.999647 -0.0236893 0 0 0 1 
13001298760073;1.33186;0.676913;0.90606 -0.352567 0.23399 -0.7032 0.403005 0.887573 -0.223162 -0.507199 -0.129003 0.296497 0.946281 0.801589 0 0 0 1 
13001298760074;0.375476;0.671476;0.864213 -0.284405 -0.415029 0.250587 0.24631 0.958449 -0.143901 -0.520758 0.43871 0.0221358 0.898356 -1.52535 0 0 0 1 
13001298760075;0.892832;0.684251;0.978231 -0.136526 0.156282 -0.0811673 0.154098 0.982307 -0.106432 -0.212005 -0.138986 0.128198 0.981961 1.4849 0 0 0 1 
13001298760076;0.49285;0.644154;0.959648 -0.280194 -0.0238015 -0.628947 0.279136 0.959419 -0.0399752 -0.637183 0.0340364 0.0317183 0.998917 -0.207358 0 0 0 1 
13001298760077;1.25077;0.565644;0.990441 -0.137227 0.0139924 -0.581677 0.136662 0.989981 0.0355008 0.201414 -0.0187239 -0.0332493 0.999272 0.65345 0 0 0 1 
13001298760078;0.873453;0.641516;0.984066 -0.0310316 -0.175075 0.238705 0.0541815 0.990158 0.129042 0.377749 0.169347 -0.136472 0.976062 -1.49897 0 0 0 1 
13001298760079;0.135451;0.597676;0.986341 -0.152324 -0.0626822 -0.217572 0.152727 0.988267 0.00166804 -0.204876 0.0616926 -0.0112185 0.998032 -0.248625 0 0 0 1 
13001298760080;0.477523;1.00711;0.911502 -0.38625 0.141331 -0.394941 0.355533 0.912707 0.201401 -1.30194 -0.206785 -0.133329 0.969259 0.552184 0 0 0 1 
13001298760081;0.486196;0.70798;0.972051 0.0419701 -0.230987 0.597827 -0.021162 0.995549 0.0918352 0.266641 0.233814 -0.0843803 0.968613 -1.16111 0 0 0 1 
13001298760082;0.60999;1.65;0.933799 -0.353179 0.0573112 -0.289028 0.357644 0.926057 -0.120453 -0.308196 -0.0105319 0.132976 0.991063 0.289671 0 0 0 1 
13001298760083;0.578912;0.619028;0.895605 -0.444396 -0.0201013 -0.410595 0.42352 0.837967 0.344155 -1.98969 -0.136097 -0.31674 0.938698 -0.342614 0 0 0 1 
13001298760084;0.295038;0.689678;0.999716 0.0235508 0.00360472 0.102855 -0.0235163 0.99968 -0.00932434 0.496664 -0.00382317 0.00923693 0.99995 0.0398536 0 0 0 1 
13001298760085;0.331689;0.676403;0.996878 -0.0739457 -0.0276762 0.00479963 0.077839 0.979163 0.187567 -0.149063 0.0132297 -0.189136 0.981862 -0.458406 0 0 0 1 
13001298760086;0.698459;0.590252;0.985574 -0.168947 -0.0100427 -0.477259 0.168536 0.985141 -0.0330457 -0.479377 0.0154764 0.0308764 0.999403 0.423657 0 0 0 1 
13001298760087;0.67213;0.672858;0.870655 -0.332639 -0.36237 0.0760642 0.337133 0.939973 -0.0528327 -0.88066 0.358192 -0.0761678 0.930536 -1.82263 0 0 0 1 
13001298760088;0.268562;0.665163;0.898018 -0.28583 -0.334461 0.0280563 0.299119 0.954137 -0.0122806 -0.819855 0.322632 -0.0890152 0.94233 -1.33469 0 0 0 1 
13001298760089;1.15866;1.16056;0.889597 -0.454314 0.047082 -0.867938 0.456744 0.884471 -0.0953695 -1.4268 0.00168501 0.106345 0.994328 0.889794 0 0 0 1 
13001298760090;0.714198;0.638586;0.981737 -0.185551 -0.0419804 -0.528136 0.189056 0.976162 0.106612 -0.439213 0.0211976 -0.112602 0.993414 0.0524773 0 0 0 1 
13001298760091;1.1529;0.639213;0.988485 -0.127166 -0.0820114 -0.214179 0.127395 0.991849 -0.00245678 -0.399796 0.0816554 -0.00801936 0.996628 -1.04242 0 0 0 1 
13001298760093;1.04775;0.241361;0.905534 -0.326653 0.27075 -0.793234 0.327811 0.943796 0.0422903 -1.04893 -0.269347 0.0504594 0.96172 0.220058 0 0 0 1 
13001298760094;1.11373;0.185145;0.996149 -0.0814694 -0.0324169 -0.0822315 0.0848235 0.989025 0.12097 -0.760909 0.0222058 -0.123253 0.992127 -1.22506 0 0 0 1 
13001298760095;0.293853;0.132187;0.983275 0.120977 0.136144 0.394348 -0.0892721 0.9717 -0.218699 0.206462 -0.158748 0.202888 0.966248 1.28212 0 0 0 1 
13001298760096;0.895384;0.162627;0.995946 -0.0752907 0.0492279 0.502953 0.0730325 0.99626 0.046168 -0.70347 -0.0525198 -0.0423856 0.99772 0.153049 0 0 0 1 
13001298760097;0.339617;0.117607;0.995992 -0.079369 -0.0412353 -0.0757636 0.0800243 0.996688 0.0144874 -0.376132 0.0399489 -0.0177292 0.999044 -0.400133 0 0 0 1 
13001298760098;0.188558;0.186557;0.99195 0.00414324 -0.126565 0.306258 0.000230651 0.999404 0.0345244 -0.0897413 0.126632 -0.0342757 0.991357 -0.555395 0 0 0 1 
13001298760099;0.958706;0.148253;0.956409 0.233324 0.175617 0.56569 -0.219855 0.971101 -0.0928757 -0.145824 -0.192212 0.050217 0.980068 0.428758 0 0 0 1 
13001298760100;0.754489;0.269236;0.970695 0.0862846 -0.224292 0.287254 -0.13651 0.966097 -0.219136 0.287538 0.19778 0.243332 0.949564 0.620256 0 0 0 1 
13001298760101;0.427244;0.152469;0.955602 0.291697 0.0416909 1.18293 -0.293869 0.953815 0.0622754 0.49883 -0.0215999 -0.0717622 0.997188 -0.237323 0 0 0 1 
13001298760102;0.55757;0.43614;0.995013 0.098791 -0.0137518 0.413117 -0.0979591 0.993842 0.0517806 0.249886 0.0187826 -0.0501752 0.998564 -0.108628 0 0 0 1 
13001298760103;0.502682;0.199663;0.999551 -0.0282298 -0.0100381 0.107173 0.0283058 0.999571 0.00751319 0.261797 0.00982174 -0.00779395 0.999921 -0.0064946 0 0 0 1 
13001298760104;0.301846;0.0897845;0.924861 -0.380302 -0.00190838 -0.780895 0.380227 0.924758 -0.0158042 -1.322 0.00777517 0.0138911 0.999873 0.0156379 0 0 0 1 
13001298760105;0.905526;0.16371;0.974837 0.186533 -0.122056 0.887314 -0.199987 0.973694 -0.109199 0.547811 0.0984756 0.130861 0.986498 -0.602824 0 0 0 1 
13001298760106;0.994487;0.171681;0.942667 -0.33346 -0.013535 -0.841697 0.331454 0.94019 -0.0786217 -1.89632 0.0389426 0.0696278 0.996813 0.613646 0 0 0 1 
13001298760107;0.0362635;0.147038;0.996026 -0.0877456 -0.0152645 -0.172527 0.0874423 0.995978 -0.0195189 -0.333361 0.0169158 0.0181066 0.999693 -0.0105073 0 0 0 1 
13001298760108;1.01768;0.233705;0.959145 -0.249513 -0.133357 -0.259689 0.244948 0.968253 -0.0498757 -0.832023 0.141568 0.0151724 0.989812 -1.23756 0 0 0 1 
13001298760109;0.830454;0.198255;0.974862 -0.194294 -0.109058 -0.074027 0.186123 0.979201 -0.080774 -0.560525 0.122483 0.0584454 0.990748 -0.777309 0 0 0 1 
13001298760110;0.923517;0.267917;0.995581 -0.0903252 -0.0256843 -0.433294 0.090624 0.995827 0.010718 -0.241898 0.024609 -0.0129982 0.999613 0.515442 0 0 0 1 
13001298760111;0.26829;0.172206;0.934299 -0.355388 0.0280066 -0.72249 0.356315 0.928492 -0.104601 -1.23272 0.01117 0.107708 0.99412 0.259896 0 0 0 1 
13001298760112;0.495558;0.428699;0.975043 0.117402 -0.188434 0.708385 -0.0996009 0.989854 0.101336 0.47601 0.198419 -0.0800391 0.976844 -0.935487 0 0 0 1 
13001298760113;0.269314;0.280146;0.994459 0.104614 -0.0103109 0.464637 -0.10445 0.994412 0.0153507 0.173792 0.0118592 -0.0141887 0.999829 -0.131499 0 0 0 1 
13001298760114;0.734561;0.144412;0.926717 -0.374148 0.0347747 -1.03202 0.374707 0.927078 -0.0110149 -0.858022 -0.0281177 0.023238 0.999334 0.195699 0 0 0 1 
13001298760115;0.321726;0.178875;0.996866 -0.0791122 0.000553811 -0.178986 0.0791029 0.996817 0.00988783 -0.415946 -0.0013343 -0.00981303 0.999951 -0.237345 0 0 0 1 
13001298760116;1.15818;0.224876;0.977045 0.177313 -0.118078 1.611 -0.202988 0.943071 -0.263464 0.586756 0.0646401 0.281384 0.957416 1.17495 0 0 0 1 
13001298760117;0.977589;0.111934;0.982518 -0.116168 -0.145476 -0.302741 0.108843 0.992402 -0.0573662 -0.520741 0.151035 0.0405293 0.987697 0.456757 0 0 0 1 
13001298760118;0.349631;0.205585;0.94854 0.310097 0.0641264 1.0944 -0.309847 0.950682 -0.0140488 0.621308 -0.0653203 -0.00654354 0.997843 0.186663 0 0 0 1 
13001298760119;0.966956;0.230595;0.896401 -0.337883 -0.286879 -0.0994438 0.341732 0.939022 -0.0381735 -1.0346 0.282284 -0.0638169 0.957206 -1.74683 0 0 0 1 
13001298760120;0.820899;0.117682;0.986554 0.160829 0.0290663 0.88876 -0.162717 0.983207 0.0826251 0.158672 -0.0152897 -0.0862437 0.996157 0.37299 0 0 0 1 
13001298760121;0.247186;0.111788;0.998014 -0.0618218 0.0121053 -0.1613 0.0609143 0.996041 0.0647454 -0.174996 -0.01606 -0.0638794 0.997828 -0.0129794 0 0 0 1 
13001298760122;0.958553;0.149787;0.996932 0.0403918 -0.0670494 0.443844 -0.0353679 0.996594 0.0744953 -0.783283 0.06983 -0.0718953 0.994965 -0.126322 0 0 0 1 
13001298760124;1.10954;0.603231;0.983718 -0.17855 0.0204424 -0.515108 0.17699 0.982245 0.0622031 -1.23346 -0.0311859 -0.0575723 0.997854 -0.403163 0 0 0 1 
13001298760125;0.573277;0.485334;0.988187 -0.0321563 -0.149844 0.0330945 0.0649269 0.973502 0.219266 -0.392266 0.138823 -0.226404 0.96409 -1.3321 0 0 0 1 
13001298760126;0.254431;0.262801;0.997536 0.0166288 -0.06815 0.16411 -0.0124806 0.998069 0.0608487 -0.0451361 0.0690302 -0.0598482 0.995818 -0.321944 0 0 0 1 
13001298760127;0.992788;0.0612081;0.937832 -0.297662 -0.178515 -0.635235 0.304859 0.952299 0.0136873 -2.41623 0.165926 -0.0672584 0.983842 -1.08795 0 0 0 1 
13001298760128;0.0799235;0.0687125;0.999937 0.00834787 0.00755767 0.0221338 -0.0083245 0.99996 -0.0031173 0.0369966 -0.00758339 0.00305419 0.999967 0.0547206 0 0 0 1 
13001298760129;0.127861;0.0811312;0.999812 -0.00371882 -0.0190383 0.0400013 0.00367985 0.999991 -0.00208155 0.00651746 0.0190459 0.00201111 0.999817 -0.0705492 0 0 0 1 
13001298760130;0.557579;0.0290564;0.973432 -0.215895 -0.0762778 -0.652271 0.216993 0.976153 0.00630687 -1.26727 0.0730972 -0.0226911 0.997067 0.00283588 0 0 0 1 
13001298760131;0.697726;0.611806;0.99617 0.0130564 -0.086456 0.27739 -0.0251042 0.989866 -0.13977 0.159727 0.0837549 0.141405 0.986402 0.217775 0 0 0 1 
13001298760132;0.915785;0.137914;0.980826 0.0125474 0.19448 0.10888 -0.00171609 0.998443 -0.0557626 0.18119 -0.194877 0.0543597 0.97932 0.348013 0 0 0 1 
13001298760133;0.526097;0.139756;0.998394 0.0437614 0.0359851 0.12567 -0.0453436 0.997984 0.0443964 0.200402 -0.0339697 -0.0459568 0.998366 0.438966 0 0 0 1 
13001298760134;0.640051;0.0314157;0.995485 -0.0135106 -0.0939521 0.296247 0.0148014 0.999805 0.0130555 0.102649 0.0937575 -0.0143872 0.995491 0.0434413 0 0 0 1 
13001298760135;0.744448;0.241354;0.980685 0.185139 -0.0630871 0.827831 -0.18514 0.982695 0.00588741 1.06868 0.0630853 0.00590622 0.997991 0.2364 0 0 0 1 
13001298760136;0.470128;0.176548;0.999723 0.00783202 -0.0221772 -0.152346 -0.00773487 0.99996 0.00446274 0.0166692 0.0222112 -0.00428997 0.999744 -0.360584 0 0 0 1 
13001298760137;0.306436;0.12257;0.975282 0.0644057 0.211371 0.147664 -0.028775 0.985452 -0.167501 0.12132 -0.219084 0.157279 0.962946 1.54189 0 0 0 1 
13001298760138;0.926249;0.038418;0.999766 0.00549378 -0.0209334 -0.342668 -0.0065668 0.998649 -0.0515398 -0.402819 0.020622 0.0516652 0.998452 -0.586103 0 0 0 1 
13001298760139;0.738974;0.135076;0.990234 0.13929 0.00585356 0.481581 -0.139151 0.990075 -0.0197354 0.792732 -0.00854439 0.0187281 0.999788 0.708305 0 0 0 1 
13001298760140;1.02616;0.199948;0.987211 0.155173 -0.0365455 0.183272 -0.157548 0.984659 -0.0750025 0.65337 0.0243465 0.079801 0.996513 -0.569079 0 0 0 1 
13001298760141;0.897713;0.00884419;0.953386 -0.214768 0.211967 -0.79827 0.24299 0.962913 -0.117283 -1.61298 -0.178917 0.163321 0.970214 1.97763 0 0 0 1 
13001298760142;0.158181;0.072262;0.99957 0.0163203 0.0243681 0.0417811 -0.0143099 0.996651 -0.0805116 0.227013 -0.0256005 0.0801283 0.996456 0.330924 0 0 0 1 
13001298760143;0.631582;0.27666;0.992573 0.121351 -0.00853521 0.444678 -0.119373 0.958066 -0.260499 0.77471 -0.0234346 0.259583 0.965436 1.34371 0 0 0 1 
13001298760144;0.855274;0.0351125;0.989131 -0.0943487 -0.112772 0.506733 0.101854 0.992819 0.0627463 -0.529207 0.106042 -0.0735506 0.991638 -0.358413 0 0 0 1 
13001298760145;0.0426315;0.0257214;0.999966 -0.00764374 -0.00302076 -0.0219391 0.00763283 0.999964 -0.00360576 -0.0318324 0.00304821 0.00358258 0.999989 0.0125896 0 0 0 1 
13001298760146;0.950154;0.0616735;0.994452 0.030851 -0.100561 0.229148 -0.0317886 0.999465 -0.00773425 0.00204839 0.100269 0.010888 0.994901 0.463285 0 0 0 1 
13001298760147;0.397392;0.213445;0.976734 -0.0311805 -0.212174 0.26844 -0.022152 0.969412 -0.244438 0.293115 0.213306 0.243451 0.946167 -0.203419 0 0 0 1 
13001298760148;0.554781;0.0431142;0.998268 -0.0543698 0.0224672 -0.157332 0.0575909 0.981122 -0.184615 -0.415919 -0.0120056 0.18559 0.982554 0.179343 0 0 0 1 
13001298760149;0.73823;0.0653947;0.999709 -0.0232099 -0.00662535 -0.0433528 0.0231823 0.999722 -0.00420986 0.276294 0.00672122 0.00405504 0.999969 0.577679 0 0 0 1 
13001298760150;0.886242;0.0338337;0.979614 -0.19904 0.0272066 -0.231737 0.19887 0.979986 0.00883308 -1.41924 -0.0284202 -0.00324243 0.999591 -0.46883 0 0 0 1 
13001298760151;1.10427;0.944239;0.996184 0.0397345 0.0777075 0.168748 -0.0527638 0.983408 0.173565 0.232032 -0.0695217 -0.177003 0.981752 -0.11538 0 0 0 1 
13001298760152;0.722566;0.166372;0.959705 0.172345 0.221953 0.137464 -0.107693 0.955111 -0.275981 0.425344 -0.259553 0.240958 0.935185 2.24955 0 0 0 1 
13001298760153;0.343462;0.244135;0.996416 0.0606494 -0.0589581 0.293279 -0.0681402 0.988541 -0.134699 0.481484 0.0501131 0.138234 0.989131 0.138255 0 0 0 1 
13001298760155;0.0682714;0.124511;0.998594 0.0487984 0.0207296 -0.0903242 -0.0483157 0.998563 -0.0231815 0.153639 -0.021831 0.0221473 0.999516 0.167016 0 0 0 1 
13001298760156;0.228778;0.240672;0.998738 0.0107173 0.0490616 -0.175328 -0.00148036 0.982821 -0.184558 0.204308 -0.0501967 0.184252 0.981596 0.313368 0 0 0 1 
13001298760157;0.606065;0.158137;0.996916 0.0754806 0.0214611 -0.571975 -0.0726146 0.991011 -0.112361 -0.14758 -0.0297493 0.110457 0.993436 0.457588 0 0 0 1 
13001298760158;0.344682;0.197803;0.951674 0.00397283 -0.307084 0.328313 -0.0321987 0.995696 -0.0869045 0.322243 0.305417 0.0925924 0.947706 -1.20268 0 0 0 1 
13001298760159;0.780294;0.595683;0.998291 0.00916013 -0.0577216 0.173933 -0.00740241 0.999505 0.0305923 -0.0117312 0.0579732 -0.0301128 0.997864 -0.646459 0 0 0 1 
13001298760160;0.374691;0.241064;0.989865 0.0662483 -0.125615 -0.146991 -0.0274127 0.957024 0.288709 -0.109941 0.139343 -0.28234 0.94914 -0.203615 0 0 0 1 
13001298760161;0.829311;0.291455;0.954339 0.0734495 0.289555 -0.853109 -0.110359 0.987418 0.113259 0.2165 -0.277593 -0.140042 0.950437 1.401 0 0 0 1 
13001298760162;0.477774;0.189678;0.965951 0.167078 -0.197545 -0.130269 -0.216883 0.939217 -0.266147 0.846491 0.14107 0.299929 0.943473 -0.113697 0 0 0 1 
13001298760163;0.737936;0.491862;0.992495 -0.0189337 0.120809 -0.10843 0.0280052 0.996877 -0.0738393 -0.69268 -0.119034 0.0766684 0.989926 0.786507 0 0 0 1 
13001298760164;0.306679;0.220677;0.996056 -0.0401344 -0.0791368 -0.183725 0.0123719 0.945966 -0.324031 0.109583 0.0878655 0.321773 0.942731 -0.191786 0 0 0 1 
13001298760165;0.655134;0.244712;0.976735 -0.21327 0.0224803 -0.597569 0.213433 0.976945 -0.00507912 -1.01036 -0.0208788 0.00975899 0.999734 -0.325032 0 0 0 1 
13001298760166;0.142166;0.168624;0.998508 -0.0451566 0.0307069 -0.202101 0.0466417 0.997684 -0.0495038 -0.152701 -0.0284003 0.0508622 0.998302 0.140152 0 0 0 1 
13001298760167;0.73402;0.82643;0.993491 0.00778506 0.113643 -0.457508 -0.00505867 0.999693 -0.0242595 -0.18905 -0.113797 0.0235267 0.993225 0.951766 0 0 0 1 
13001298760168;0.457979;0.514831;0.997031 -0.0650038 -0.0412868 -0.167745 0.0628424 0.996686 -0.0516529 -0.0512861 0.0445076 0.048905 0.997811 -0.243897 0 0 0 1 
13001298760169;0.0971797;0.241222;0.995424 0.0413773 0.0861322 -0.298009 -0.0482878 0.995644 0.0797588 0.0846523 -0.0824568 -0.083553 0.993086 0.306636 0 0 0 1 
13001298760170;0.865636;0.668438;0.99031 -0.0102767 -0.138492 -0.186804 -0.00238576 0.995852 -0.0909565 -0.0668527 0.138852 0.0904056 0.986178 0.0973494 0 0 0 1 
13001298760171;0.53187;0.308678;0.998967 -0.0449027 0.00701682 -0.303599 0.0403044 0.946635 0.319776 -0.67833 -0.0210012 -0.319163 0.947467 0.509892 0 0 0 1 
13001298760172;0.399772;0.391952;0.958601 0.0624122 0.277828 -0.170335 -0.0896817 0.992204 0.0865405 0.175945 -0.270261 -0.107874 0.956725 1.29108 0 0 0 1 
13001298760173;0.409814;0.795764;0.992386 0.0561665 0.109618 -0.791665 -0.0577223 0.998271 0.0110696 0.0740952 -0.108807 -0.0173128 0.993912 0.459842 0 0 0 1 
13001298760174;0.230776;0.182272;0.995087 0.0839041 -0.0525496 -0.140582 -0.086767 0.99472 -0.0547995 0.163423 0.0476743 0.0590899 0.997114 0.060749 0 0 0 1 
13001298760175;0.184973;0.231223;0.987534 0.0394538 -0.152378 -0.156053 -0.0530127 0.994886 -0.0859693 0.102497 0.148207 0.0929757 0.984576 -0.657437 0 0 0 1 
13001298760176;0.684651;0.181508;0.963124 0.264175 0.0510296 -0.20969 -0.262159 0.878722 0.398898 0.262039 0.060538 -0.397566 0.915574 -0.679919 0 0 0 1 
13001298760177;0.712892;0.640944;0.994201 0.0410326 -0.0994046 -0.17964 -0.063891 0.9689 -0.239063 0.271926 0.0865037 0.244028 0.965902 -0.670564 0 0 0 1 
13001298760178;0.372998;0.87015;0.993958 0.109691 0.00388582 -0.512025 -0.109491 0.993379 -0.0347779 -0.279913 -0.00767492 0.0341423 0.999388 -0.0880042 0 0 0 1 
13001298760179;0.364497;0.189463;0.985573 0.0179323 0.168296 -0.220429 -0.0771831 0.932574 0.352631 -0.100203 -0.150625 -0.360533 0.920504 0.722479 0 0 0 1 
13001298760180;0.444705;0.240896;0.996434 0.063851 -0.0551645 -0.214933 -0.0319575 0.890623 0.453619 0.00879144 0.0780947 -0.450238 0.889487 -0.480466 0 0 0 1 
13001298760181;0.327893;0.230927;0.977885 -0.0631719 0.199376 -0.408655 0.0776248 0.994827 -0.0655192 -0.354735 -0.194206 0.0795467 0.97773 0.689886 0 0 0 1 
13001298760182;0.549357;0.249763;0.998129 -0.0101113 -0.0603036 -0.105725 0.0128742 0.998877 0.0456055 -0.595266 0.0597747 -0.0462965 0.997138 0.15766 0 0 0 1 
13001298760183;0.363905;0.216123;0.954981 0.0356094 -0.294522 0.0980917 0.0550037 0.954305 0.293729 -0.486079 0.291524 -0.296705 0.909384 -0.860099 0 0 0 1 
13001298760184;0.185151;0.225837;0.973432 0.218909 -0.0671489 -0.0408479 -0.217686 0.975696 0.0251041 0.587175 0.0710124 -0.0098197 0.997427 -0.203457 0 0 0 1 
13001298760186;0.752269;0.303731;0.997968 -0.0466048 0.0434393 -0.146682 0.0469894 0.998864 -0.00787647 -0.105363 -0.0430229 0.00990166 0.999025 0.58492 0 0 0 1 
13001298760187;1.11885;0.276399;0.896326 -0.437929 0.069406 -0.372461 0.44034 0.897521 -0.0235878 -2.01402 -0.0519636 0.0517046 0.99731 0.468272 0 0 0 1 
13001298760188;1.47853;0.296862;0.998456 -0.0552145 -0.00600755 -0.171869 0.0489197 0.925492 -0.375594 0.129317 0.0262982 0.37472 0.926765 0.15117 0 0 0 1 
13001298760189;0.694353;0.407358;0.999902 -0.00406261 0.0133602 0.330393 0.00417051 0.999959 -0.00805825 -0.423444 -0.013327 0.00811318 0.999878 -0.16665 0 0 0 1 
13001298760190;1.04867;0.279427;0.954765 -0.261202 -0.142118 -0.491473 0.266088 0.963813 0.0161913 -1.59213 0.132746 -0.0532749 0.989717 -0.620951 0 0 0 1 
13001298760191;0.608395;0.30512;0.999756 0.0187799 -0.0116591 0.0616749 -0.0184758 0.9995 0.0256627 -0.0333868 0.0121352 -0.025441 0.999603 -0.338498 0 0 0 1 
13001298760192;0.728377;0.331441;0.990068 -0.129389 0.054984 -0.259606 0.129663 0.991557 -0.00143328 -0.244523 -0.0543343 0.00854846 0.998486 0.451197 0 0 0 1 
13001298760193;0.223967;0.229755;0.985146 -0.171696 -0.00283642 -0.297059 0.171627 0.98394 0.0490596 -0.522817 -0.00563245 -0.0488176 0.998792 -0.126965 0 0 0 1 
13001298760194;0.894476;0.346313;0.997732 -0.000558971 0.0673066 -0.147395 0.00703827 0.99535 -0.0960669 -0.0691586 -0.0669399 0.0963228 0.993097 0.0216186 0 0 0 1 
13001298760195;0.58478;0.389394;0.995451 0.0921456 0.0242029 0.293525 -0.0924695 0.995636 0.0126193 0.183981 -0.0229344 -0.0147999 0.999627 0.27487 0 0 0 1 
13001298760196;0.904607;0.426625;0.997859 -0.0602247 0.025495 -0.431546 0.0596619 0.99797 0.0222872 -0.0510361 -0.0267855 -0.0207184 0.999426 -0.272518 0 0 0 1 
13001298760197;0.286883;0.191575;0.975769 -0.218719 0.00602616 -0.420286 0.218668 0.975765 0.0081219 -0.882339 -0.00765653 -0.00660737 0.999949 0.0306279 0 0 0 1 
13001298760198;1.24998;1.38427;0.98554 0.169388 -0.00421583 0.520863 -0.169144 0.984982 0.034639 0.0488978 0.0100199 -0.033425 0.999391 -0.545743 0 0 0 1 
13001298760199;1.55468;0.330732;0.962679 -0.0858783 -0.25666 0.340107 0.0865431 0.99621 -0.00872624 -0.271698 0.256437 -0.0138116 0.966462 -1.51055 0 0 0 1 
13001298760200;0.663257;0.306172;0.997958 -0.0638429 0.00214176 -0.379378 0.0637375 0.997419 0.0330592 -0.71545 -0.00424682 -0.0328552 0.999451 -0.0902913 0 0 0 1 
13001298760201;0.427557;0.398976;0.998772 -0.0494855 -0.00243818 -0.131155 0.049542 0.996896 0.0611826 -0.27625 -0.000597039 -0.0612282 0.998124 -0.196068 0 0 0 1 
13001298760202;1.14516;0.382655;0.985212 -0.158731 -0.0645113 -0.198882 0.157939 0.987299 -0.0172322 -0.480329 0.0664272 0.0067886 0.997768 -0.727155 0 0 0 1 
13001298760203;0.345194;0.415001;0.999718 0.017744 -0.0157825 0.0661068 -0.0167725 0.998076 0.0596883 -0.0855299 0.0168112 -0.0594068 0.998092 -0.176224 0 0 0 1 
13001298760204;0.987501;0.299863;0.979018 -0.202411 0.0235232 -0.65381 0.201397 0.978711 0.0395491 -0.455941 -0.0310276 -0.0339818 0.998941 -0.499685 0 0 0 1 
13001298760205;1.27725;0.830111;0.977217 -0.211915 -0.011749 -0.307829 0.21182 0.977269 -0.00883952 -0.934951 0.0133552 0.00614945 0.999892 0.403063 0 0 0 1 
13001298760206;0.732057;0.516398;0.997894 -0.0026074 0.0648187 -0.136933 0.00980171 0.993781 -0.110923 -0.0871423 -0.0641264 0.111325 0.991713 0.770338 0 0 0 1 
13001298760207;0.280311;0.313099;0.956006 -0.243493 -0.163595 -0.344506 0.253592 0.966325 0.0436569 -0.897985 0.147456 -0.0832228 0.985561 -0.462206 0 0 0 1 
13001298760208;0.976835;0.23963;0.999767 -0.00973013 0.0192656 0.153924 0.00962505 0.999938 0.00553943 -0.624646 -0.0193183 -0.00535271 0.999799 0.48087 0 0 0 1 
13001298760209;0.510095;0.31476;0.998822 -0.0483295 -0.00444459 0.0589907 0.0483568 0.998811 0.00624583 -0.37127 0.00413745 -0.0064534 0.999971 -0.0610026 0 0 0 1 
13001298760210;0.786915;0.430477;0.974586 -0.159683 0.157107 -0.406169 0.16439 0.986243 -0.0173482 -0.260273 -0.152175 0.0427341 0.987429 0.250263 0 0 0 1 
13001298760211;0.331308;0.346523;0.999449 -0.0124191 0.0307958 -0.0227866 0.00858542 0.992538 0.121633 -0.168921 -0.0320765 -0.121302 0.992097 -0.235774 0 0 0 1 
13001298760212;0.525518;0.418133;0.999032 0.0238215 0.0369857 -0.0552192 -0.0265461 0.996829 0.0750139 -0.152694 -0.0350815 -0.0759231 0.996496 -0.188273 0 0 0 1 
13001298760213;1.26584;0.416613;0.978295 -0.204288 -0.0347114 -0.0121759 0.19983 0.974419 -0.102835 -0.606448 0.0548315 0.0936668 0.994093 0.788676 0 0 0 1 
13001298760214;1.19532;1.21882;0.972588 0.0840595 0.216811 -0.0350979 -0.107149 0.989498 0.0970203 0.405176 -0.206379 -0.117592 0.97138 0.495774 0 0 0 1 
13001298760215;0.473246;0.333371;0.997169 0.0749463 -0.00603223 0.235394 -0.0741735 0.993674 0.0843222 -0.0601504 0.0123137 -0.0836361 0.99642 -0.241226 0 0 0 1 
13001298760217;0.222897;0.0815946;0.993971 -0.0868585 -0.0669143 -0.15637 0.0892088 0.995467 0.0329712 -0.42101 0.0637472 -0.0387418 0.997214 -0.238269 0 0 0 1 
13001298760218;0.56062;0.0468668;0.979556 0.0996602 0.174753 0.521748 -0.141938 0.957971 0.249289 0.111208 -0.142564 -0.268997 0.952531 -0.197123 0 0 0 1 
13001298760219;1.35156;0.0613502;0.994809 -0.10167 -0.0043258 -0.418441 0.101613 0.994754 -0.0118405 -0.107797 0.00550692 0.0113394 0.999921 0.974244 0 0 0 1 
13001298760220;0.477483;0.0505341;0.916159 -0.222654 0.333285 -0.278564 0.177659 0.97095 0.160291 -0.671498 -0.359292 -0.0876406 0.929101 1.32306 0 0 0 1 
13001298760221;0.489369;0.035292;0.95134 -0.145836 0.27145 -0.285655 0.100281 0.979488 0.174778 -0.67331 -0.291371 -0.139052 0.94645 0.915705 0 0 0 1 
13001298760222;1.04527;0.0244394;0.998299 0.0412145 0.0412294 -0.270936 -0.0504915 0.964791 0.258125 -0.51801 -0.0291393 -0.259767 0.965231 -0.940753 0 0 0 1 
13001298760223;0.25956;0.0401046;0.971578 0.0957546 0.21649 0.149703 -0.112332 0.991504 0.065585 0.373077 -0.208371 -0.0880398 0.974079 0.491543 0 0 0 1 
13001298760224;0.137794;0.0484727;0.999313 -0.00240501 -0.0369937 0.0231107 0.00237456 0.999997 -0.000866902 -0.013713 0.0369956 0.000778463 0.999315 -0.0432941 0 0 0 1 
13001298760225;1.05742;0.0875653;0.916334 -0.0221251 0.399802 -0.56846 0.0438934 0.998005 -0.0453726 -0.306972 -0.398001 0.0591252 0.915478 1.77129 0 0 0 1 
13001298760226;1.15936;0.0482045;0.987331 0.158536 -0.00659362 -0.150983 -0.158625 0.987203 -0.0163995 0.478422 0.00390932 0.0172377 0.999844 0.621006 0 0 0 1 
13001298760227;0.324156;0.0316534;0.940982 0.322363 -0.103127 1.22032 -0.333438 0.935226 -0.119046 1.15265 0.0580709 0.146407 0.987519 0.257453 0 0 0 1 
13001298760228;1.39459;0.0297775;0.932819 -0.140292 0.331915 -0.740104 0.246129 0.920817 -0.302518 -0.163239 -0.263192 0.363888 0.893485 1.79106 0 0 0 1 
13001298760229;0.664996;0.041525;0.96758 -0.0533211 0.246874 -0.32528 -0.0155268 0.963054 0.26886 -0.042331 -0.252088 -0.263977 0.931004 0.621678 0 0 0 1 
13001298760230;0.977712;0.203785;0.967456 -0.24993 0.0395525 -0.477716 0.243937 0.962735 0.116775 -1.2888 -0.0672641 -0.103326 0.992371 -0.537909 0 0 0 1 
13001298760231;0.367575;0.0364784;0.906368 0.341949 0.248129 1.12463 -0.350264 0.936583 -0.0112661 1.11972 -0.236246 -0.0766995 0.968661 0.554616 0 0 0 1 
13001298760232;0.090517;0.0401332;0.998351 0.0129317 -0.055921 0.0957723 -0.0133972 0.999879 -0.00795722 0.0703484 0.0558113 0.00869328 0.998403 -0.171438 0 0 0 1 
13001298760233;0.668099;0.492743;0.995429 -0.0954577 -0.0028723 0.172175 0.0954728 0.993958 0.0541511 -0.472683 -0.0023142 -0.0541779 0.998529 -0.0903656 0 0 0 1 
13001298760234;0.755306;0.0115986;0.993616 0.100673 -0.0509066 0.177328 -0.0916291 0.983437 0.156386 -0.0472991 0.0658073 -0.150724 0.986383 -0.194848 0 0 0 1 
13001298760235;0.973297;0.701663;0.999743 -0.0027423 -0.0225073 0.0238844 0.00392066 0.998614 0.0524784 -0.2063 0.0223322 -0.0525532 0.998368 -0.417224 0 0 0 1 
13001298760236;0.97211;0.061428;0.955113 -0.15101 -0.254865 0.1181 0.197109 0.966193 0.166193 -1.00684 0.221152 -0.208969 0.952588 -1.92143 0 0 0 1 
13001298760237;0.48343;0.29006;0.999431 -0.0148019 0.0302961 -0.102047 0.0145022 0.999844 0.0100909 -0.180426 -0.0304407 -0.00964578 0.99949 -0.0712447 0 0 0 1 
13001298760238;0.245894;0.184641;0.999935 0.0113727 -4.71666e-05 0.0328062 -0.0113727 0.999902 -0.00812601 0.0263481 -4.52525e-05 0.00812602 0.999967 0.06705 0 0 0 1 
13001298760239;0.597612;0.0425502;0.941149 0.33591 -0.0374505 1.2342 -0.332916 0.940439 0.0688536 0.98838 0.0583486 -0.0523337 0.996924 -0.691704 0 0 0 1 
13001298760240;0.379328;0.138686;0.999849 -0.0149578 -0.00885474 -0.00640956 0.0151708 0.999585 0.0245001 -0.0753874 0.0084846 -0.0246308 0.999661 0.166169 0 0 0 1 
13001298760241;0.905295;0.0434439;0.997071 -0.0611117 -0.0459788 0.379636 0.0691886 0.976964 0.201877 -0.0817942 0.0325826 -0.204467 0.978331 -0.828943 0 0 0 1 
13001298760242;0.886526;0.0532726;0.922682 -0.338048 0.185421 -1.04958 0.313898 0.937872 0.147867 -1.42733 -0.223887 -0.0782311 0.97147 0.17743 0 0 0 1 
13001298760243;0.836676;0.0506747;0.953446 0.240253 0.18226 0.930785 -0.221767 0.968163 -0.116105 0.501026 -0.204351 0.0702804 0.976371 0.50117 0 0 0 1 
13001298760244;1.22657;0.0474255;0.993167 0.116696 -0.00119981 0.926078 -0.116696 0.993168 -0.000454342 0.596061 0.0011386 0.000591251 0.999999 0.622472 0 0 0 1 
13001298760245;1.14759;0.88514;0.999834 -0.00210744 0.0180784 -0.135701 0.00361984 0.996456 -0.0840377 0.205767 -0.0178373 0.0840892 0.996299 0.100722 0 0 0 1 
13001298760246;0.304771;0.0455204;0.946423 0.254029 -0.199382 1.00462 -0.261795 0.965034 -0.0131539 0.906018 0.189069 0.0646464 0.979834 -0.610136 0 0 0 1 
13001298760248;0.0489943;0.342138;0.996423 -0.0821929 -0.0196506 -0.409984 0.0822468 0.99661 0.00194947 -0.456071 0.0194237 -0.00355869 0.999805 -0.100169 0 0 0 1 
13001298760249;0.420407;0.19726;0.996706 -0.0637174 -0.050179 -0.345619 0.0644411 0.997838 0.0129372 -0.498869 0.0492462 -0.0161282 0.998656 -0.503875 0 0 0 1 
13001298760250;0.517589;0.447971;0.998126 -0.0258576 0.0554662 -0.20475 0.02181 0.997139 0.0723772 -0.36008 -0.057179 -0.0710318 0.995834 0.264524 0 0 0 1 
13001298760251;0.918817;0.390285;0.988146 -0.145114 0.0500925 0.0496451 0.142686 0.988551 0.0490699 -0.445051 -0.0566397 -0.0413407 0.997538 -0.247555 0 0 0 1 
13001298760252;0.624083;0.347486;0.99825 -0.00413649 -0.05899 -0.130526 0.00329403 0.999891 -0.0143714 0.247571 0.059043 0.0141519 0.998155 -0.167397 0 0 0 1 
13001298760253;0.848575;0.404235;0.997062 0.021786 0.0734369 0.185457 -0.0292833 0.99429 0.102614 -0.172176 -0.0707821 -0.104463 0.992007 0.469385 0 0 0 1 
13001298760254;0.316984;0.589323;0.989955 -0.0857108 -0.112443 -0.063839 0.0758876 0.993144 -0.0889145 -0.563719 0.119293 0.0794883 0.989672 -0.0535082 0 0 0 1 
13001298760255;0.292142;0.358102;0.970481 0.171502 -0.169566 0.470079 -0.162981 0.984612 0.0630589 0.214041 0.177772 -0.0335613 0.983499 -0.782589 0 0 0 1 
13001298760256;0.288912;0.33548;0.997137 -0.0747757 0.0111993 -0.405483 0.074891 0.997139 -0.0102601 -0.547739 -0.0104001 0.0110695 0.999885 0.115093 0 0 0 1 
13001298760257;0.0896223;0.270592;0.998142 -0.0545984 0.0270616 -0.310629 0.0531504 0.997252 0.0516123 -0.367291 -0.0298051 -0.0500781 0.9983 -0.0608588 0 0 0 1 
13001298760258;0.918056;1.12421;0.94772 -0.314558 0.0536653 -0.991534 0.31161 0.948516 0.0567167 -1.29658 -0.068743 -0.0370289 0.996947 0.15206 0 0 0 1 
