#;prob_registration_l1 -r /home/probabilistic_point_clouds_registration/build/tester /home/point_clouds_registration_benchmark//devel/registration_pairs/box_met_local.txt /home/point_clouds_registration_benchmark//planetary/box_met -s 0.2 -t 0.2 -p 0.3 -r 1000 -m 1 -i 40 
id;initial_error;final_error;transformation
7680147070000;1.79635;1.54178;0.879625 0.152162 0.450673 -7.12758 -0.0979911 0.985099 -0.141341 -4.53112 -0.465464 0.0801655 0.881429 -32.1007 0 0 0 1 
7680147070001;0.811107;1.35852;0.984486 0.147197 0.0955008 -3.86646 -0.122883 0.966913 -0.223558 -5.42582 -0.125248 0.208354 0.970001 -12.1352 0 0 0 1 
7680147070002;1.49386;1.42228;0.962052 -0.0173287 -0.272314 -3.43593 -0.0567291 0.963473 -0.261728 -2.17031 0.266902 0.267244 0.925929 8.86892 0 0 0 1 
7680147070003;0.946768;1.47867;0.99382 0.110854 -0.00583011 -3.32824 -0.109908 0.975252 -0.191845 -5.59761 -0.015581 0.1913 0.981408 -3.66904 0 0 0 1 
7680147070004;1.43077;1.66676;0.9983 -0.0113435 -0.0571758 -0.419123 0.00410789 0.992134 -0.125111 -0.136554 0.0581453 0.124664 0.990494 0.846666 0 0 0 1 
7680147070005;0.312811;1.61857;0.990947 0.124473 0.0502952 -3.34398 -0.125456 0.991956 0.0168613 -4.96873 -0.0477918 -0.0230185 0.998592 -3.16759 0 0 0 1 
7680147070006;1.56238;1.4392;0.999552 -0.025427 -0.015763 -0.0676617 0.0257152 0.999501 0.0183556 2.38038 0.0152884 -0.0187528 0.999707 -1.16045 0 0 0 1 
7680147070007;1.77223;1.81566;0.968119 0.130536 0.213789 -3.83547 -0.179721 0.956494 0.229825 -6.37567 -0.174487 -0.26092 0.94946 -8.85542 0 0 0 1 
7680147070008;0.368314;1.75501;0.989678 0.106198 0.0962245 -2.96356 -0.108141 0.994019 0.0151955 -3.93576 -0.0940352 -0.0254445 0.995244 -5.69722 0 0 0 1 
7680147070009;2.02654;1.62871;0.998602 -0.047254 0.0237082 -0.930439 0.0489625 0.995783 -0.0775835 3.98574 -0.0199421 0.0786359 0.996704 -6.02777 0 0 0 1 
7680147070010;1.67484;1.5014;0.990935 -0.0249021 -0.132012 -1.45774 0.0227561 0.999584 -0.0177398 2.71622 0.132399 0.0145749 0.991089 9.1602 0 0 0 1 
7680147070011;1.58383;1.73938;0.974066 0.0345238 0.223614 -1.78483 0.0440704 0.940414 -0.337162 2.71017 -0.22193 0.338273 0.914504 -18.1252 0 0 0 1 
7680147070012;1.55669;1.32985;0.995902 -0.0147218 0.0892299 -1.75079 0.0324217 0.979197 -0.200305 2.89808 -0.0844248 0.202377 0.975662 -7.30287 0 0 0 1 
7680147070013;1.90796;1.40825;0.994875 0.101077 -0.00261932 -2.91477 -0.0988391 0.977653 0.185539 -3.276 0.0213146 -0.184329 0.982633 1.25531 0 0 0 1 
7680147070014;1.7784;1.26641;0.993274 0.112965 -0.0254208 -3.24305 -0.114753 0.989678 -0.0858394 -4.79034 0.0154616 0.0881792 0.995985 -3.51305 0 0 0 1 
7680147070015;0.363704;1.54529;0.996181 0.0641125 -0.0592648 -3.50217 -0.037208 0.925822 0.376124 2.95034 0.0789829 -0.372482 0.924672 10.3479 0 0 0 1 
7680147070016;0.265959;1.44179;0.998649 0.0491033 0.017006 -2.04747 -0.0498604 0.997631 0.0473983 -0.72394 -0.0146383 -0.0481822 0.998731 -0.860291 0 0 0 1 
7680147070017;0.994504;1.60764;0.999466 -0.0121511 -0.0303275 -0.99852 0.0128576 0.999648 0.0232106 2.92099 0.0300348 -0.0235882 0.99927 0.394187 0 0 0 1 
7680147070018;1.14391;1.41946;0.92005 0.0895608 -0.381428 -10.2802 -0.0916101 0.995712 0.0128227 -3.01803 0.380941 0.0231451 0.92431 21.2988 0 0 0 1 
7680147070019;1.59901;1.33218;0.998629 0.0506066 0.0133871 -1.13002 -0.0505892 0.998718 -0.00163771 -0.222301 -0.0134528 0.00095822 0.999909 -0.97822 0 0 0 1 
7680147070020;1.99055;2.11011;0.978028 -0.0314296 0.20609 -1.8992 0.00681395 0.992861 0.119079 4.22412 -0.208362 -0.115058 0.971261 -9.63441 0 0 0 1 
7680147070021;1.30849;1.28052;0.96472 0.008976 -0.263127 -4.68182 0.0480756 0.976609 0.209578 6.56868 0.258853 -0.214834 0.941723 16.9593 0 0 0 1 
7680147070022;0.490232;1.7795;0.999148 0.00502393 0.040962 -1.39367 -0.00692149 0.998903 0.0463153 1.73806 -0.0406844 -0.0465594 0.998087 -1.65509 0 0 0 1 
7680147070023;1.93092;0.906609;0.991532 0.119421 0.0510155 -3.01689 -0.110986 0.983251 -0.144566 -3.61507 -0.0674252 0.137679 0.988179 -6.05113 0 0 0 1 
7680147070024;2.01577;2.13469;0.988022 0.0562553 -0.143693 -2.40409 -0.028443 0.981617 0.188728 0.917452 0.151668 -0.182381 0.97146 10.0247 0 0 0 1 
7680147070025;1.53658;1.80639;0.9549 -0.114662 -0.273896 -2.66268 0.0749755 0.98565 -0.151236 4.82525 0.287307 0.123879 0.949794 11.8594 0 0 0 1 
7680147070026;1.23157;1.22872;0.994135 0.0932445 0.0547787 -2.3981 -0.0976394 0.991675 0.0839478 -3.05424 -0.046495 -0.088804 0.994963 -0.198806 0 0 0 1 
7680147070027;1.05263;1.35626;0.943418 0.0269371 0.33051 -3.8816 -0.081463 0.984979 0.152253 -2.04204 -0.321444 -0.170563 0.931441 -16.7837 0 0 0 1 
7680147070028;0.137424;1.35744;0.999619 0.0238177 0.0139272 -1.47378 -0.0239542 0.999666 0.00971738 0.0333811 -0.0136911 -0.0100473 0.999856 -1.01677 0 0 0 1 
7680147070029;1.81513;0.918271;0.997522 -0.025033 -0.0657473 -1.9129 0.0231746 0.999314 -0.028879 4.56385 0.0664252 0.0272838 0.997418 3.51791 0 0 0 1 
7680147070031;0.429088;0.29097;0.970689 -0.0484985 -0.235396 -0.522675 0.0517495 0.998631 0.00764933 0.585365 0.234702 -0.0196067 0.97187 2.1528 0 0 0 1 
7680147070032;0.91489;0.853189;0.996411 0.011679 0.0838328 0.0453379 -0.0197121 0.99522 0.0956445 0.503868 -0.0823151 -0.0969538 0.991879 1.03279 0 0 0 1 
7680147070033;0.415478;0.308279;0.981402 0.0410743 0.187517 -0.110718 0.0164743 0.955215 -0.295454 -0.607186 -0.191255 0.293049 0.936773 -8.95161 0 0 0 1 
7680147070034;0.600344;0.450277;0.982805 -0.0621658 -0.173866 -0.0962536 0.0324464 0.985113 -0.168819 -0.242092 0.181773 0.160274 0.970191 -1.24169 0 0 0 1 
7680147070035;0.44843;0.328394;0.997191 0.0260687 0.0702118 -0.427289 -0.0402804 0.977014 0.209336 1.02564 -0.0631408 -0.211576 0.97532 3.213 0 0 0 1 
7680147070036;0.879785;0.0321131;0.999639 -0.0196355 -0.0183185 -1.37541 0.019227 0.999568 -0.022213 0.747233 0.0187467 0.0218527 0.999585 -0.644426 0 0 0 1 
7680147070037;0.82527;0.184842;0.999853 0.0068867 0.0156972 -0.261348 -0.00743338 0.999358 0.0350384 0.56027 -0.0154458 -0.0351499 0.999263 2.29758 0 0 0 1 
7680147070038;0.802274;0.368325;0.978569 0.0257794 0.204297 -0.14454 -0.0844152 0.955156 0.283816 2.28476 -0.187819 -0.294979 0.936862 4.89803 0 0 0 1 
7680147070039;1.33952;0.476215;0.999114 0.0419175 -0.00368155 -3.11017 -0.0417693 0.998554 0.0338291 0.169262 0.00509426 -0.0336454 0.999421 1.76141 0 0 0 1 
7680147070040;0.158831;0.116459;0.999478 -0.0112712 -0.0302696 -0.00536709 0.00785807 0.993834 -0.110599 -0.378256 0.0313296 0.110303 0.993404 -2.05096 0 0 0 1 
7680147070041;1.36617;0.277745;0.999548 -0.000897136 0.0300642 -0.184511 -0.000440814 0.999011 0.0444669 0.0522929 -0.0300744 -0.04446 0.998558 -2.16325 0 0 0 1 
7680147070042;0.46675;0.323895;0.997244 0.00839973 0.0737197 0.0647428 0.00644884 0.979999 -0.198899 -0.648279 -0.0739159 0.198826 0.977243 -5.73371 0 0 0 1 
7680147070043;1.14629;0.870879;0.965373 0.063304 0.253078 -0.171457 -0.00481248 0.974268 -0.225343 -0.842582 -0.260831 0.216322 0.940836 -7.27549 0 0 0 1 
7680147070044;0.702038;0.152384;0.999116 -0.00054436 -0.0420377 -0.473256 0.00398584 0.996639 0.0818262 0.979482 0.0418519 -0.0819215 0.99576 3.56905 0 0 0 1 
7680147070045;0.887978;0.569118;0.999741 -0.0087669 0.0209992 0.0505037 0.00868866 0.999955 0.00381403 0.277666 -0.0210317 -0.00363058 0.999772 -1.238 0 0 0 1 
7680147070046;0.520495;0.307451;0.995861 0.0102414 0.0903075 0.147372 0.00535957 0.985284 -0.170839 -0.63681 -0.0907282 0.170616 0.981152 -5.64191 0 0 0 1 
7680147070047;1.3778;0.526411;0.994852 0.0565537 -0.0840877 -3.90455 -0.0298527 0.956523 0.290124 2.85951 0.0968394 -0.286121 0.953288 8.3381 0 0 0 1 
7680147070048;1.12108;1.06673;0.999999 -0.00110993 -0.00106102 0.0118985 0.00106412 0.999107 -0.0422421 -0.234786 0.00110696 0.0422409 0.999107 -0.611388 0 0 0 1 
7680147070049;0.932757;0.394775;0.996495 -0.0443282 -0.070947 -0.277982 0.0342571 0.98993 -0.137352 0.488101 0.0763211 0.13444 0.987978 -0.707911 0 0 0 1 
7680147070050;1.2993;0.319109;0.952662 -0.0460823 -0.30052 -3.13872 0.0119542 0.99336 -0.114428 -0.0444079 0.303797 0.105419 0.946886 0.339551 0 0 0 1 
7680147070051;0.92457;0.548124;0.997705 0.0209919 0.0643692 -0.298548 -0.0370251 0.965131 0.259135 0.953972 -0.056685 -0.260923 0.963694 3.26358 0 0 0 1 
7680147070052;0.840224;0.62964;0.964014 -0.0249693 -0.264677 -1.53372 0.0685035 0.985291 0.156555 2.29127 0.256875 -0.169052 0.951544 7.06996 0 0 0 1 
7680147070053;0.82655;0.396348;0.999996 0.00172318 0.00209223 -0.155832 -0.00170649 0.999967 -0.00795419 0.187675 -0.00210587 0.00795059 0.999966 1.24391 0 0 0 1 
7680147070054;0.270576;0.231051;0.998865 0.0193878 0.0435037 -0.378832 -0.0218178 0.998187 0.0560981 0.0749515 -0.0423372 -0.0569836 0.997477 0.8286 0 0 0 1 
7680147070055;0.73698;0.289776;0.983598 -0.112937 -0.14064 1.18008 0.0421727 0.9021 -0.429462 0.228853 0.175374 0.416487 0.892067 -6.68529 0 0 0 1 
7680147070056;0.896614;0.193574;0.999212 -0.0180586 -0.035357 0.229554 0.0174415 0.999691 -0.0176853 -0.174509 0.0356655 0.0170546 0.999218 -1.945 0 0 0 1 
7680147070057;0.403726;0.184149;0.998732 0.0149567 0.0480762 -0.711669 -0.0132892 0.999305 -0.0348186 -0.101034 -0.0485636 0.0341356 0.998237 -1.12078 0 0 0 1 
7680147070058;0.771956;0.245787;0.994084 0.0205113 0.106656 -0.328963 -0.00301113 0.986833 -0.161715 -0.62538 -0.108569 0.160437 0.981057 -6.10909 0 0 0 1 
7680147070059;0.054331;0.0746651;0.999901 0.00213843 0.0138827 -0.0523932 -0.00208945 0.999992 -0.00354181 -0.0376718 -0.0138901 0.00351245 0.999897 -0.334584 0 0 0 1 
7680147070060;0.252286;0.101453;0.999603 0.0264176 0.00976116 -0.750064 -0.028091 0.960045 0.278431 1.98237 -0.00201568 -0.278595 0.960407 5.51571 0 0 0 1 
7680147070062;0.694613;1.10104;0.996318 0.0348504 0.0783291 0.466267 -0.0372949 0.998855 0.0299635 -0.964302 -0.0771951 -0.0327744 0.996477 -1.67588 0 0 0 1 
7680147070063;0.642429;1.06948;0.999453 -0.0320446 -0.00822905 1.75491 0.0320339 0.999486 -0.00143191 0.122215 0.0082707 0.00116752 0.999965 -0.266552 0 0 0 1 
7680147070064;1.73702;1.78341;0.99755 -0.0596906 -0.0364719 0.984862 0.0506036 0.975766 -0.212887 -0.141938 0.0482954 0.21052 0.976396 -3.56195 0 0 0 1 
7680147070065;2.03958;2.12217;0.983271 -0.00890914 -0.181931 -1.09972 0.0355545 0.988978 0.143729 1.74234 0.178645 -0.147793 0.97275 6.12895 0 0 0 1 
7680147070066;1.4044;1.57269;0.99565 -0.00836451 0.092793 0.76874 0.0208213 0.990749 -0.134101 -0.207559 -0.0908129 0.13545 0.986614 -4.40568 0 0 0 1 
7680147070067;2.44929;0.78062;0.998525 -0.0208816 -0.050112 1.24158 0.0214685 0.999707 0.0112021 -0.160106 0.0498634 -0.0122614 0.998681 -1.23754 0 0 0 1 
7680147070068;0.72785;0.839534;0.998596 -0.0125633 -0.0514667 0.759445 0.0103602 0.999028 -0.042851 -0.397037 0.051955 0.0422576 0.997755 1.42671 0 0 0 1 
7680147070069;0.403431;0.592735;0.996829 -0.0140165 0.0783343 1.11253 0.0458493 0.905723 -0.421384 -0.0461314 -0.0650428 0.423639 0.903493 -9.4361 0 0 0 1 
7680147070070;2.46104;2.18744;0.932683 -0.0940015 -0.348234 -0.595507 0.0154683 0.97498 -0.221755 -1.15684 0.360366 0.20144 0.910801 3.16821 0 0 0 1 
7680147070071;1.40642;1.22873;0.937425 0.0350272 0.346421 -0.070621 -0.0796772 0.990107 0.115497 -1.72162 -0.338949 -0.135872 0.930942 -7.51906 0 0 0 1 
7680147070072;0.468235;0.694841;0.998898 -0.00693631 -0.0464151 0.41352 0.00647578 0.999928 -0.0100651 -0.0672413 0.0464816 0.00975341 0.998872 0.679246 0 0 0 1 
7680147070073;0.953779;0.721735;0.992454 0.0194905 0.12106 0.577735 0.00576179 0.978783 -0.204818 -0.710394 -0.122483 0.20397 0.971285 -5.81603 0 0 0 1 
7680147070074;0.189263;0.34095;0.999656 -0.0262102 0.001299 0.814615 0.0260287 0.983996 -0.176279 -0.302584 0.0033421 0.176252 0.984339 -3.10715 0 0 0 1 
7680147070075;2.44638;1.09212;0.969041 -0.0879865 -0.230691 2.10839 0.0148396 0.953414 -0.3013 -1.32833 0.246455 0.288549 0.925202 1.11058 0 0 0 1 
7680147070076;2.31741;1.25874;0.997539 -0.0335329 -0.0615678 1.24591 0.0312849 0.998821 -0.037121 0.144448 0.06274 0.0351035 0.997412 2.99371 0 0 0 1 
7680147070077;2.21484;0.708927;0.996524 -0.076037 0.0340359 3.12818 0.0792272 0.991304 -0.105067 0.755898 -0.0257509 0.107399 0.993882 -0.507325 0 0 0 1 
7680147070078;0.226189;1.02447;0.993242 0.0487893 -0.105305 -0.449772 -0.0113913 0.943947 0.329901 2.29231 0.115498 -0.326472 0.938124 8.04685 0 0 0 1 
7680147070079;1.94297;1.875;0.993095 0.0227681 0.115083 0.546117 0.00558681 0.970694 -0.240253 -0.733391 -0.117181 0.239237 0.963864 -7.53079 0 0 0 1 
7680147070080;2.14298;1.02504;0.999796 -0.0199127 0.00346576 0.536826 0.0202042 0.979855 -0.198687 -0.468702 0.000560454 0.198717 0.980057 -0.987727 0 0 0 1 
7680147070081;1.69906;1.39299;0.997864 0.0104671 0.0644754 2.3844 -0.00225552 0.99201 -0.126137 -1.353 -0.0652805 0.125722 0.989915 -2.32145 0 0 0 1 
7680147070082;2.0972;1.39545;0.964193 -0.0908459 -0.249157 -0.411905 0.0195901 0.96133 -0.274703 -0.415372 0.264478 0.259985 0.928687 3.28983 0 0 0 1 
7680147070083;0.59076;0.716215;0.999217 -0.0107291 0.038079 0.938552 0.0225311 0.945506 -0.324825 -0.590048 -0.0325189 0.325429 0.945007 -6.94019 0 0 0 1 
7680147070084;0.946739;0.631766;0.999675 -0.0247055 -0.00634721 1.56345 0.0247731 0.999635 0.0107961 -0.0253398 0.00607817 -0.0109498 0.999922 1.1335 0 0 0 1 
7680147070085;1.67199;1.16557;0.965838 0.00112626 -0.259145 -0.874309 0.0873416 0.940069 0.32961 4.8573 0.243985 -0.340984 0.907855 12.6833 0 0 0 1 
7680147070086;1.58068;1.10887;0.999937 0.00566565 -0.00974013 0.773622 -0.00547929 0.999803 0.0190553 -0.657129 0.00984617 -0.0190007 0.999771 -1.15795 0 0 0 1 
7680147070087;0.945675;0.921034;0.995271 -0.0393071 -0.0888271 0.365664 0.0200311 0.977865 -0.208276 -0.763854 0.0950477 0.205512 0.974028 -1.7037 0 0 0 1 
7680147070088;1.00125;0.983145;0.978008 0.0315479 0.206166 0.726992 -0.0270803 0.999334 -0.0244567 -1.33643 -0.2068 0.0183358 0.978211 -5.84264 0 0 0 1 
7680147070089;1.42162;1.19998;0.998048 0.0147175 0.0606967 1.31896 -0.0161342 0.999607 0.022918 -0.700017 -0.0603356 -0.0238525 0.997893 0.365284 0 0 0 1 
7680147070090;0.678915;0.755955;0.999252 -0.0293854 -0.025124 0.962925 0.0302283 0.998969 0.0338572 0.561742 0.0241032 -0.0345914 0.999111 0.945705 0 0 0 1 
7680147070091;1.30647;1.49972;0.989422 -0.0489588 -0.136552 0.0601802 0.0341794 0.993503 -0.108552 0.27972 0.140979 0.102736 0.984668 1.61094 0 0 0 1 
7680147070093;0.528987;0.455699;0.994882 -0.0164481 -0.0997003 -0.75178 0.0221502 0.998165 0.0563575 1.92289 0.0985904 -0.0582775 0.99342 7.97097 0 0 0 1 
7680147070094;0.750267;0.686107;0.974706 -0.0278794 -0.221743 -2.77835 0.0555 0.991303 0.119324 4.96194 0.216488 -0.128612 0.967777 17.9251 0 0 0 1 
7680147070095;1.32662;1.29284;0.996088 0.0452088 0.0759212 -0.912676 -0.0229534 0.962094 -0.271749 -2.84322 -0.0853288 0.268944 0.959369 -13.0688 0 0 0 1 
7680147070096;1.72861;0.236382;0.999723 0.00482733 0.0230196 0.0948436 -0.00371391 0.998832 -0.0481678 -0.317605 -0.0232253 0.0480689 0.998574 0.257185 0 0 0 1 
7680147070097;1.58172;1.58281;0.9968 -0.0153542 -0.0784448 -0.448132 0.0202691 0.997855 0.0622474 1.973 0.0773207 -0.0636382 0.994973 7.1841 0 0 0 1 
7680147070098;0.811119;0.562383;0.979001 -0.0380388 -0.200276 -2.18874 0.0161996 0.993847 -0.109575 0.465703 0.203212 0.10403 0.973593 12.758 0 0 0 1 
7680147070099;0.734807;0.562372;0.999967 -0.000170004 0.00812229 0.0280613 0.000216953 0.999983 -0.00577972 -0.201408 -0.00812117 0.00578129 0.99995 -1.28896 0 0 0 1 
7680147070100;0.613699;0.122574;0.937694 0.0697671 0.340385 -3.76859 -0.0502193 0.996561 -0.0659159 -4.06486 -0.343813 0.044715 0.937973 -26.6601 0 0 0 1 
7680147070101;0.463274;0.370256;0.998768 -0.00520538 -0.049358 -0.297675 -0.000805829 0.992653 -0.120993 -0.84948 0.0496251 0.120884 0.991425 0.364925 0 0 0 1 
7680147070102;1.71997;1.16193;0.991466 0.0496463 0.120544 -1.24779 -0.0268883 0.982643 -0.183549 -3.15692 -0.127564 0.178742 0.975592 -15.7116 0 0 0 1 
7680147070103;0.768405;0.391035;0.985484 0.0282035 0.16741 -0.274534 -0.0356274 0.998503 0.0415085 -1.96846 -0.165989 -0.0468703 0.985013 -9.56837 0 0 0 1 
7680147070104;1.11988;1.01976;0.999945 0.00310708 0.00997574 -0.0392812 -0.0025521 0.998474 -0.0551714 -0.716028 -0.0101319 0.0551429 0.998427 -2.46253 0 0 0 1 
7680147070105;0.792054;0.540865;0.970083 0.0443753 0.238685 -1.62971 -0.0455999 0.99896 -0.000391388 -3.41497 -0.238455 -0.0105044 0.971097 -17.729 0 0 0 1 
7680147070106;0.562855;0.312001;0.998249 -0.00592271 -0.0588628 -0.441108 0.00233701 0.998147 -0.0607994 -0.0865087 0.0591138 0.0605554 0.996413 3.62626 0 0 0 1 
7680147070107;0.610731;0.407105;0.999986 -0.00496885 0.00173091 0.0806304 0.00469842 0.991323 0.131366 1.6355 -0.00236863 -0.131356 0.991332 3.66598 0 0 0 1 
7680147070108;1.42716;1.13921;0.99908 -0.000604047 -0.0428926 -0.426839 -0.00151428 0.998781 -0.0493372 -0.535217 0.0428701 0.0493567 0.997861 0.690987 0 0 0 1 
7680147070109;0.474796;0.230696;0.901464 0.0305386 0.431776 -4.66919 -0.0935381 0.987683 0.125432 -5.56334 -0.422627 -0.15346 0.893217 -27.6408 0 0 0 1 
7680147070110;0.941477;0.881596;0.99998 0.00243319 0.00590627 -0.0456938 -0.0020093 0.997493 -0.0707431 -0.70579 -0.00606359 0.0707298 0.997477 -2.39623 0 0 0 1 
7680147070111;1.47967;1.28906;0.999987 0.00134435 0.00487633 0.0198406 -0.00125208 0.999821 -0.0188775 -0.0473684 -0.00490083 0.0188712 0.99981 0.564297 0 0 0 1 
7680147070112;1.75011;1.29331;0.99436 -0.0175608 -0.104596 -0.913418 0.0524692 0.938511 0.34124 6.99381 0.0921719 -0.344803 0.934139 12.5822 0 0 0 1 
7680147070113;1.0332;1.01407;0.997751 0.0130359 0.0657463 0.0326383 -0.00901521 0.998092 -0.0610852 -1.00382 -0.0664171 0.0603551 0.995965 -5.69469 0 0 0 1 
7680147070114;0.426388;0.169447;0.98332 -0.0334313 0.178787 0.933385 -0.0386508 0.922106 0.385002 2.10978 -0.177732 -0.38549 0.905433 -3.7532 0 0 0 1 
7680147070115;1.70185;1.65694;0.9942 -0.0189352 -0.10587 -0.787885 -0.0217764 0.92855 -0.370569 -2.72785 0.105323 0.370725 0.922751 -2.27926 0 0 0 1 
7680147070116;1.08478;0.444237;0.998304 0.0390764 0.0431503 -0.995048 -0.0215544 0.936666 -0.34956 -2.44027 -0.054077 0.348037 0.93592 -13.8787 0 0 0 1 
7680147070117;0.562653;0.54436;0.997295 0.0073641 0.0731375 0.191045 -0.0147559 0.994772 0.101048 -0.165558 -0.072011 -0.101854 0.99219 -2.6487 0 0 0 1 
7680147070118;0.421204;0.416616;0.991476 -0.0249097 -0.127888 -0.992873 0.0118264 0.994708 -0.102061 0.199326 0.129753 0.0996781 0.986523 6.98974 0 0 0 1 
7680147070119;1.56631;0.311169;0.998279 0.0129099 0.0572117 -0.340031 -0.00941826 0.9981 -0.0608856 -1.42502 -0.057889 0.0602419 0.996504 -8.01872 0 0 0 1 
7680147070120;0.829004;0.588797;0.999638 0.0115699 -0.0242894 -0.543247 -0.0153104 0.987005 -0.159959 -2.03167 0.022123 0.160273 0.986825 -1.36981 0 0 0 1 
7680147070121;0.0967963;0.0788391;0.997728 0.00427562 0.0672326 0.22963 -0.0068036 0.999277 0.0374165 -0.230997 -0.067024 -0.037789 0.997035 -3.73961 0 0 0 1 
7680147070122;0.194803;0.206838;0.999503 -0.00633934 -0.0308785 -0.114963 0.00514625 0.999243 -0.0385656 0.108783 0.0310996 0.0383876 0.998779 1.50623 0 0 0 1 
7680147070124;1.64617;0.182112;0.997079 0.0236488 0.0726291 -0.0611773 -0.0132196 0.989942 -0.140853 -1.42813 -0.0752296 0.139482 0.987363 -6.51904 0 0 0 1 
7680147070125;1.40625;0.578843;0.99993 0.00679132 0.0097101 -0.0754423 -0.00684041 0.999964 0.00503214 -0.590598 -0.00967558 -0.00509821 0.99994 -2.42395 0 0 0 1 
7680147070126;1.2267;0.815063;0.998336 -0.00207552 -0.0576276 -0.663753 0.00330204 0.99977 0.0211965 0.615831 0.0575703 -0.0213515 0.998113 4.10509 0 0 0 1 
7680147070127;1.9725;1.3128;0.986053 -0.0395462 -0.161667 -1.33269 0.0196489 0.992228 -0.12287 0.926635 0.165269 0.11798 0.979166 9.31526 0 0 0 1 
7680147070128;1.62499;0.453109;0.964918 -0.043194 -0.258974 -2.75393 0.0459609 0.998932 0.00463612 2.7375 0.258498 -0.0163762 0.965873 14.3731 0 0 0 1 
7680147070129;0.486275;0.358537;0.998521 -0.00724723 -0.0538877 -0.307067 0.00478119 0.998941 -0.0457515 0.297448 0.0541622 0.0454262 0.997498 4.00429 0 0 0 1 
7680147070130;1.63305;0.554968;0.99755 0.00496592 0.0697777 0.123828 -0.0126202 0.993886 0.109688 0.187976 -0.0688064 -0.1103 0.991514 -3.05127 0 0 0 1 
7680147070131;2.14793;1.23092;0.937713 0.0948412 0.334216 -3.063 -0.00938202 0.968578 -0.248533 -1.32455 -0.347285 0.229917 0.909138 -23.7565 0 0 0 1 
7680147070132;1.4581;0.690923;0.995295 -0.0153797 -0.0956657 -0.523434 0.0150674 0.999879 -0.00398604 0.78683 0.0957154 0.00252585 0.995406 4.28695 0 0 0 1 
7680147070133;1.07349;1.06103;0.999076 -0.00635272 -0.042504 -0.241311 0.00612078 0.999966 -0.00558492 0.414952 0.042538 0.0053196 0.999081 2.9283 0 0 0 1 
7680147070134;1.69636;0.565016;0.992306 -0.0272094 -0.120779 -1.18212 0.0117011 0.991795 -0.1273 0.570391 0.123251 0.124907 0.984483 10.4384 0 0 0 1 
7680147070135;0.51747;0.127141;0.935551 -0.0557514 -0.348763 -5.22172 0.0582266 0.998298 -0.00339046 3.66209 0.348358 -0.0171353 0.937205 21.4311 0 0 0 1 
7680147070136;0.646267;0.349686;0.911722 -0.100211 -0.398397 -7.43857 0.050351 0.989738 -0.133728 3.0194 0.40771 0.101863 0.907412 26.9982 0 0 0 1 
7680147070137;2.04694;1.1911;0.991877 -0.014602 -0.126363 -1.16914 0.0333471 0.988495 0.147529 3.15426 0.122755 -0.150544 0.980952 9.34585 0 0 0 1 
7680147070138;0.720049;0.463188;0.999042 -0.0126067 -0.0418987 -0.216588 0.00829982 0.994809 -0.10142 0.269032 0.0429598 0.100975 0.993961 2.50173 0 0 0 1 
7680147070139;1.74647;0.38002;0.999755 0.00725584 0.0209202 0.00981778 -0.00671621 0.999646 -0.0257504 -0.824727 -0.0210996 0.0256036 0.999449 -3.60866 0 0 0 1 
7680147070140;0.663015;0.604539;0.999975 -0.000340723 -0.00709622 -0.0712808 -0.0002401 0.996658 -0.0816882 -0.253189 0.00710034 0.0816879 0.996633 0.30738 0 0 0 1 
7680147070141;0.53013;0.50385;0.999996 0.000335078 -0.00281513 0.0108456 -0.000361958 0.999954 -0.00955336 -0.0725063 0.0028118 0.00955434 0.99995 0.255683 0 0 0 1 
7680147070142;1.96977;1.29841;0.978238 -0.0582073 -0.199155 -2.70036 0.0156727 0.977831 -0.208808 0.733981 0.206895 0.201143 0.957463 15.4714 0 0 0 1 
7680147070143;0.856847;0.806106;0.986513 0.00757888 0.16351 -0.44409 -0.0355163 0.98504 0.168624 -1.66726 -0.159786 -0.172157 0.972024 -11.1284 0 0 0 1 
7680147070144;1.63732;1.41401;0.997337 0.0140355 0.0715672 -0.00577721 -0.0149719 0.999809 0.0125639 -1.11728 -0.0713771 -0.013602 0.997357 -5.79972 0 0 0 1 
7680147070145;0.140484;0.0834374;0.999928 -0.00261003 -0.0117194 -0.0877547 0.00254075 0.999979 -0.00592236 0.162278 0.0117346 0.00589216 0.999914 0.870174 0 0 0 1 
7680147070146;1.19743;0.842957;0.995925 -0.0135247 -0.0891665 -0.732042 0.0159635 0.999516 0.0266955 1.0608 0.0887623 -0.0280102 0.995659 4.48322 0 0 0 1 
7680147070147;0.293378;0.324745;0.998438 0.0139756 0.0540977 0.0959874 -0.00881666 0.99549 -0.094452 -0.75175 -0.0551738 0.0938275 0.994058 -3.22654 0 0 0 1 
7680147070148;2.08491;1.04521;0.99334 -0.0136479 -0.114405 -0.929759 0.0335052 0.984264 0.173497 3.26762 0.110237 -0.176174 0.978167 8.58257 0 0 0 1 
7680147070149;2.16398;1.99426;0.985705 -0.0436164 -0.162738 -1.56476 0.0165507 0.986305 -0.164098 0.824629 0.167667 0.159058 0.972928 11.2748 0 0 0 1 
7680147070150;0.570326;0.561605;0.999759 -0.00360652 0.0216643 -0.112867 0.012466 0.905311 -0.424567 -0.596238 -0.0180817 0.424735 0.905137 0.434136 0 0 0 1 
7680147070151;0.700204;0.619555;0.993799 -0.0201566 -0.109347 -0.879022 0.0224546 0.999551 0.0198255 1.59568 0.108898 -0.0221579 0.993806 6.77648 0 0 0 1 
7680147070152;0.196422;0.128062;0.999277 -0.00785484 -0.0371906 -0.202044 0.00737604 0.999888 -0.0129938 0.444505 0.0372885 0.0127101 0.999224 2.58471 0 0 0 1 
7680147070153;0.328459;0.285523;0.999014 -0.0170512 -0.0409835 -0.320505 0.004065 0.954542 -0.298049 -0.687645 0.0442026 0.297589 0.95367 4.06064 0 0 0 1 
7680147070155;0.140686;0.829688;0.999821 -0.0187195 -0.00286735 1.16556 0.0186769 0.999724 -0.0142368 2.38136 0.00313306 0.0141807 0.999895 0.167714 0 0 0 1 
7680147070156;0.73666;0.687121;0.999902 -0.00630865 -0.0125021 1.71694 0.00606651 0.999795 -0.0193127 0.568756 0.0126213 0.019235 0.999735 1.44243 0 0 0 1 
7680147070157;1.89722;1.57766;0.998793 -0.0187315 -0.0454141 0.226375 0.0213337 0.998117 0.0575068 3.09232 0.0442514 -0.0584062 0.997312 6.64806 0 0 0 1 
7680147070158;1.79956;1.7738;0.997375 -0.0670501 -0.0273255 0.979182 0.0613538 0.983051 -0.172763 6.87227 0.0384461 0.170633 0.984584 5.42464 0 0 0 1 
7680147070159;1.65931;1.48114;0.999599 -0.00248504 -0.0281912 0.109472 0.00189761 0.999781 -0.0208447 0.156308 0.0282369 0.0207828 0.999385 1.56624 0 0 0 1 
7680147070160;0.0621527;0.614908;0.99983 -0.000626784 -0.0184307 0.861307 0.000374912 0.999907 -0.0136662 0.0143202 0.0184376 0.0136569 0.999737 2.0885 0 0 0 1 
7680147070161;0.430207;1.009;0.996817 -0.0753563 -0.0260194 1.08516 0.0738736 0.995811 -0.0538887 8.20932 0.0299713 0.0517951 0.998208 3.47474 0 0 0 1 
7680147070162;0.473536;0.597906;0.964611 0.0470031 0.259452 -2.16296 -0.0547355 0.998244 0.0226551 -5.72243 -0.257932 -0.0360546 0.96549 -28.9212 0 0 0 1 
7680147070163;0.736349;0.786129;0.988866 0.0131253 0.148227 -0.461576 -0.0353057 0.988354 0.148018 -3.2927 -0.144558 -0.151603 0.977814 -16.0208 0 0 0 1 
7680147070164;0.540732;1.04005;0.997054 -0.0737238 -0.0211569 0.789325 0.0698584 0.986768 -0.14632 7.37677 0.0316643 0.144411 0.989011 4.52265 0 0 0 1 
7680147070165;1.76832;0.530673;0.99998 0.00450214 -0.00448028 0.506891 -0.0045857 0.999812 -0.0188165 -0.166479 0.00439473 0.0188367 0.999813 3.18444 0 0 0 1 
7680147070166;0.877488;0.706915;0.99696 0.014891 -0.0764736 0.705458 -0.00345323 0.989046 0.147569 0.167883 0.0778334 -0.146856 0.986091 6.40641 0 0 0 1 
7680147070167;0.355143;1.09035;0.997675 -0.0557891 -0.0391344 0.941988 0.0550728 0.998299 -0.0191511 6.38515 0.0401362 0.0169513 0.99905 4.70478 0 0 0 1 
7680147070168;0.458362;0.844369;0.998714 -0.0167072 0.0478696 1.53401 0.011292 0.993729 0.11124 2.08356 -0.0494279 -0.110556 0.99264 -6.29129 0 0 0 1 
7680147070169;1.52541;0.932529;0.966295 -0.0666184 -0.248668 -1.8106 0.0875123 0.993417 0.0739258 10.0038 0.242106 -0.0931956 0.965764 24.7839 0 0 0 1 
7680147070170;1.71122;1.69216;0.995937 0.0153394 0.0887381 0.0726044 -0.0111228 0.998794 -0.0478176 -1.23187 -0.0893645 0.0466363 0.994907 -8.88077 0 0 0 1 
7680147070171;1.73488;0.319897;0.996013 -0.0366557 -0.0813239 1.95991 0.0149611 0.967401 -0.252808 1.73335 0.0879396 0.250583 0.964093 9.3307 0 0 0 1 
7680147070172;1.09968;0.901871;0.999982 -0.00447419 0.00397781 1.87426 0.00452996 0.99989 -0.0141236 0.411728 -0.00391419 0.0141413 0.999892 -0.299063 0 0 0 1 
7680147070173;0.591876;0.777033;0.965199 -0.00755424 -0.261406 -3.88995 0.0255059 0.997536 0.0653491 3.50795 0.260268 -0.0697423 0.963014 28.3735 0 0 0 1 
7680147070174;1.36958;1.51534;0.996771 -0.0365124 0.0715175 0.874071 0.0466429 0.988252 -0.145541 4.37051 -0.0653632 0.148407 0.986764 -8.10524 0 0 0 1 
7680147070175;0.533565;0.721058;0.999851 -0.00302222 -0.0170152 1.05658 0.00278507 0.999899 -0.0139436 0.68348 0.0170556 0.0138941 0.999758 2.39625 0 0 0 1 
7680147070176;0.79171;0.716952;0.989876 0.0311127 0.138482 0.350704 -0.018175 0.995432 -0.0937269 -2.07413 -0.140766 0.0902611 0.98592 -14.3659 0 0 0 1 
7680147070177;1.74498;1.82637;0.95439 0.060406 0.292387 -3.28984 -0.0358943 0.99543 -0.0884881 -4.0712 -0.296396 0.0739571 0.952197 -32.4731 0 0 0 1 
7680147070178;1.38005;1.17085;0.993779 -0.00539149 0.111242 0.104662 0.0175838 0.993896 -0.108914 1.6406 -0.109976 0.110192 0.987807 -13.0894 0 0 0 1 
7680147070179;1.66284;1.3731;0.99799 0.0343184 0.0532682 1.71359 -0.0362786 0.998683 0.03628 -3.48319 -0.051953 -0.0381396 0.997921 -4.82833 0 0 0 1 
7680147070180;1.25183;0.950047;0.975431 0.00844399 -0.220145 -2.82485 0.0252795 0.988375 0.14992 2.96979 0.218852 -0.151802 0.963878 21.451 0 0 0 1 
7680147070181;1.00094;0.615359;0.997208 0.0209138 0.0716836 0.600358 -0.0353952 0.977667 0.207156 -3.64371 -0.0657503 -0.209115 0.975678 -9.2762 0 0 0 1 
7680147070182;1.8528;1.00738;0.976706 0.0296942 0.212517 -0.488783 -0.0575572 0.99034 0.12615 -5.73886 -0.206718 -0.135444 0.96898 -26.039 0 0 0 1 
7680147070183;0.963883;0.580812;0.985669 0.059212 0.157956 0.896671 -0.0873645 0.980194 0.177728 -8.84127 -0.144304 -0.188981 0.97132 -17.61 0 0 0 1 
7680147070184;0.147928;0.662342;0.999425 0.0124125 -0.0315416 0.93831 -0.0120949 0.999874 0.0102405 -0.939979 0.0316647 -0.00985312 0.99945 3.47768 0 0 0 1 
7680147070186;1.27351;1.66857;0.998924 0.0228017 0.0403856 1.70276 -0.0193037 0.996195 -0.0849821 -0.662904 -0.0421697 0.0841111 0.995564 -3.776 0 0 0 1 
7680147070187;0.700101;1.71296;0.954679 0.0157438 0.29722 -1.62968 -0.0696119 0.982715 0.171541 -4.89595 -0.289382 -0.184457 0.939273 -31.1841 0 0 0 1 
7680147070188;1.39118;2.04708;0.998847 0.015134 0.0455515 1.97664 -0.015965 0.999712 0.0179354 0.165704 -0.0452669 -0.018642 0.998801 -7.00286 0 0 0 1 
7680147070189;1.30828;1.99583;0.957306 -0.0165595 -0.288603 -2.9208 0.115658 0.93691 0.329884 17.7538 0.264932 -0.349179 0.898824 30.7361 0 0 0 1 
7680147070190;1.12112;1.99129;0.995658 -0.0160709 0.0916886 2.04823 -0.015098 0.944062 0.329424 2.32192 -0.0918539 -0.329378 0.93972 -9.09647 0 0 0 1 
7680147070191;1.94775;1.73669;0.995401 -0.0592228 -0.0752911 3.47146 0.0723058 0.98007 0.185025 11.6928 0.0628329 -0.189618 0.979845 7.67129 0 0 0 1 
7680147070192;1.68036;2.36524;0.98916 -0.0155059 0.14602 1.75951 0.0211159 0.999094 -0.0369485 5.01992 -0.145314 0.0396313 0.988591 -16.1047 0 0 0 1 
7680147070193;1.11849;1.78296;0.998805 -0.0181436 0.0453809 2.7586 0.0302187 0.959037 -0.281663 4.67731 -0.0384116 0.282698 0.958439 -5.70666 0 0 0 1 
7680147070194;0.766853;2.20807;0.999941 0.00482793 0.00969011 1.47581 -0.0048736 0.999977 0.00469436 1.42296 -0.00966723 -0.00474131 0.999942 -1.69307 0 0 0 1 
7680147070195;0.416426;1.69401;0.997854 0.0108522 0.0645678 2.07327 -0.00474737 0.995565 -0.0939611 1.01965 -0.0653011 0.093453 0.99348 -8.44292 0 0 0 1 
7680147070196;0.748225;2.23916;0.999663 -0.0146852 0.0213867 1.71004 0.0131761 0.997525 0.0690708 3.69929 -0.0223481 -0.0687658 0.997382 -1.876 0 0 0 1 
7680147070197;0.500793;1.90292;0.999283 0.00752344 0.0370997 2.15133 0.00106868 0.974054 -0.226313 1.52298 -0.0378398 0.226191 0.973348 -6.10215 0 0 0 1 
7680147070198;0.104802;2.0354;0.99972 -0.0235453 0.00253388 2.44089 0.0232391 0.996003 0.0862439 5.16592 -0.00455439 -0.0861608 0.996271 0.0366898 0 0 0 1 
7680147070199;1.797;1.84471;0.982922 0.0267013 0.182077 0.319288 -0.0170972 0.998388 -0.0541146 -0.706098 -0.183229 0.0500774 0.981794 -23.2574 0 0 0 1 
7680147070200;0.574851;1.93326;0.999354 0.0242295 -0.0265258 1.55783 -0.0228376 0.998408 0.0515755 -0.0370302 0.0277332 -0.0509364 0.998317 2.69896 0 0 0 1 
7680147070201;1.66238;2.71327;0.968815 -0.0578006 -0.24095 -2.19942 0.0539082 0.998287 -0.0227206 7.15486 0.241851 0.0090228 0.970271 25.6856 0 0 0 1 
7680147070202;0.856075;2.42386;0.999755 -0.0144259 0.0168047 2.02906 0.0114254 0.985949 0.166657 4.04913 -0.0189727 -0.166424 0.985872 -0.596009 0 0 0 1 
7680147070203;0.151635;2.0266;0.999896 -0.00720406 0.0125268 2.12462 0.00718018 0.999972 0.00195036 3.43554 -0.0125406 -0.00186021 0.99992 -1.51175 0 0 0 1 
7680147070204;1.87474;2.68132;0.999876 -0.00879197 0.013042 1.24758 0.00902899 0.999793 -0.0182268 2.67691 -0.0128791 0.0183423 0.999749 -0.0985097 0 0 0 1 
7680147070205;1.34644;1.78719;0.99995 -0.00530189 0.00845759 3.15139 0.00453217 0.99606 0.0885662 4.56077 -0.00889384 -0.0885235 0.996034 -0.755844 0 0 0 1 
7680147070206;0.882492;1.80142;0.903206 -0.131781 -0.408477 -9.3316 0.0766317 0.98592 -0.148628 10.6402 0.422312 0.102939 0.900587 45.2421 0 0 0 1 
7680147070207;1.16879;1.76342;0.996946 0.0215539 0.0750661 0.827856 -0.0265242 0.997476 0.0658575 -1.5111 -0.0734572 -0.0676474 0.995001 -6.45883 0 0 0 1 
7680147070208;1.24601;2.28513;0.998084 0.0400919 0.0471324 1.45621 -0.0451898 0.992611 0.112609 -2.72747 -0.0422694 -0.114523 0.992521 -3.90768 0 0 0 1 
7680147070209;1.20929;1.92187;0.995792 -0.0215619 -0.0890647 2.25783 0.0544106 0.921173 0.385331 10.8003 0.0737355 -0.388556 0.91847 9.65926 0 0 0 1 
7680147070210;1.69015;1.66027;0.998853 -0.0438724 0.0191857 3.15252 0.043711 0.999006 0.0087537 8.28073 -0.0195507 -0.00790504 0.999778 -0.66361 0 0 0 1 
7680147070211;0.940014;2.33761;0.986449 -0.0301404 -0.161279 -0.0701743 0.0593368 0.981983 0.179412 9.99157 0.152965 -0.18655 0.970464 19.2333 0 0 0 1 
7680147070212;1.74535;2.19104;0.99838 -0.0557168 0.0115302 2.9116 0.0558311 0.998392 -0.00983573 8.96425 -0.0109636 0.0104635 0.999885 -2.42227 0 0 0 1 
7680147070213;0.400202;2.00965;0.999441 -0.00809138 0.032428 2.37156 0.00719304 0.99959 0.0277241 3.41797 -0.032639 -0.0274754 0.999089 -3.7414 0 0 0 1 
7680147070214;0.315659;2.23929;0.997209 -0.0128111 -0.0735496 1.5513 0.0182008 0.99716 0.0730828 4.89893 0.0724045 -0.0742175 0.99461 8.37584 0 0 0 1 
7680147070215;0.611277;2.13735;0.998196 -0.00627375 0.0597053 2.25368 0.00504763 0.999774 0.020665 2.59981 -0.0598215 -0.0203263 0.998002 -7.39632 0 0 0 1 
7680147070217;0.89674;0.393888;0.998135 0.0137452 0.0594712 0.13188 -0.0144851 0.999823 0.012029 -0.407731 -0.0592953 -0.0128681 0.998158 -2.08379 0 0 0 1 
7680147070218;1.73564;0.623589;0.99995 -0.00127141 0.00991855 -0.320555 0.00130575 0.999993 -0.0034568 0.352336 -0.00991409 0.00346958 0.999945 1.67077 0 0 0 1 
7680147070219;1.39452;0.908285;0.961435 -0.0638104 -0.267527 -1.66622 0.0365731 0.993737 -0.10559 0.532453 0.272589 0.0917334 0.957747 6.11597 0 0 0 1 
7680147070220;0.267296;0.155362;0.999805 -0.0145738 -0.0133013 -0.308413 0.00784954 0.912266 -0.409523 -1.01156 0.0181026 0.409339 0.912203 4.03472 0 0 0 1 
7680147070221;1.27015;1.28394;0.999821 0.00477602 0.0183175 0.00252169 -0.00875711 0.974577 0.223881 -0.257427 -0.0167826 -0.224001 0.974444 -2.71037 0 0 0 1 
7680147070222;1.97297;0.819892;0.996056 0.00993496 0.0881712 -1.61106 -0.0123311 0.999568 0.0266734 -0.471795 -0.0878682 -0.0276554 0.995748 -1.09711 0 0 0 1 
7680147070223;1.53331;1.02988;0.997752 0.000522639 -0.0670128 -0.487463 -0.000414723 0.999999 0.00162428 -0.426903 0.0670136 -0.00159284 0.997751 -0.104187 0 0 0 1 
7680147070224;2.30376;0.390063;0.911918 -0.0898356 -0.400418 -1.99602 0.0446888 0.991681 -0.120713 0.190265 0.407931 0.0921863 0.908347 4.06113 0 0 0 1 
7680147070225;1.4585;1.13773;0.998771 -0.012499 -0.0479618 -0.25617 0.00979494 0.998371 -0.0562064 0.236891 0.0485862 0.0556675 0.997267 2.33385 0 0 0 1 
7680147070226;1.86707;0.693875;0.998396 -0.0139824 -0.0548567 -0.365077 0.0131077 0.999782 -0.0162719 0.494635 0.0550722 0.0155268 0.998362 2.97045 0 0 0 1 
7680147070227;0.781577;0.38096;0.999828 -0.000320557 -0.0185326 -0.0305146 0.000284094 0.999998 -0.00197009 -0.193947 0.0185332 0.00196449 0.999826 -0.645877 0 0 0 1 
7680147070228;0.400914;0.414269;0.998338 0.00823027 0.0570359 0.081582 -0.00964005 0.999654 0.0244865 -0.136018 -0.0568146 -0.0249956 0.998072 -1.13193 0 0 0 1 
7680147070229;0.955663;0.755607;0.999741 -0.00334779 -0.0224974 -0.460324 0.00233228 0.998984 -0.0450146 0.00462367 0.0226252 0.0449505 0.998733 0.979347 0 0 0 1 
7680147070230;0.317185;0.219227;0.981012 -0.0386106 -0.190063 -0.906555 0.0295773 0.998304 -0.0501387 0.356892 0.191676 0.0435652 0.980491 3.37759 0 0 0 1 
7680147070231;1.12926;1.00765;0.99998 -0.000597155 0.00636225 -0.0253147 0.000560593 0.999983 0.00574703 -0.162847 -0.00636557 -0.00574334 0.999963 -0.960268 0 0 0 1 
7680147070232;1.51388;0.89994;0.999901 0.0128805 0.00562275 -0.702791 -0.0129702 0.999784 0.0162293 -0.655284 -0.0054125 -0.0163006 0.999852 -1.4361 0 0 0 1 
7680147070233;1.97376;1.3911;0.991476 0.00039037 -0.130286 -1.07792 0.0416995 0.946442 0.32017 0.255597 0.123433 -0.322874 0.938358 -2.37112 0 0 0 1 
7680147070234;1.9935;0.464302;0.999781 -0.00262026 -0.0207855 -0.152095 0.000559712 0.995134 -0.0985265 -0.425081 0.0209425 0.0984933 0.994917 -1.25897 0 0 0 1 
7680147070235;1.53051;0.964101;0.986952 -0.0274898 -0.158648 -0.499421 0.0258543 0.999589 -0.0123641 0.0650341 0.158923 0.00810107 0.987258 1.00669 0 0 0 1 
7680147070236;0.104269;0.098393;0.999922 0.000395686 0.0124589 -0.038458 -0.000394448 1 -0.000101809 -0.0340299 -0.0124589 9.68868e-05 0.999922 -0.157841 0 0 0 1 
7680147070237;2.06657;0.564703;0.997562 -0.012338 -0.0686915 -1.85592 9.95039e-05 0.9845 -0.175386 -0.502473 0.0697907 0.174952 0.9821 4.09992 0 0 0 1 
7680147070238;1.4657;1.35258;0.91681 0.0168443 0.398967 -0.734868 -0.118845 0.965346 0.232344 -1.93796 -0.381228 -0.26043 0.887041 -8.80399 0 0 0 1 
7680147070239;0.672786;0.339431;0.99228 0.0138483 0.123245 0.0643702 -0.0218973 0.997697 0.0641965 -0.178737 -0.122072 -0.0663996 0.990298 -1.92078 0 0 0 1 
7680147070240;1.69401;0.288045;0.998849 0.00583538 0.0476091 -0.00390388 -0.00939209 0.997152 0.0748284 0.368646 -0.0470369 -0.0751894 0.996059 0.4841 0 0 0 1 
7680147070241;1.89764;0.749819;0.996475 -0.0107631 -0.0831954 -0.351918 0.0280343 0.977443 0.209328 -0.142774 0.0790657 -0.210923 0.9743 -3.09923 0 0 0 1 
7680147070242;1.04234;0.535032;0.997883 -0.0011788 -0.0650223 -0.568617 0.00164353 0.999973 0.0070942 0.0401876 0.0650122 -0.00718605 0.997859 1.5969 0 0 0 1 
7680147070243;1.63774;1.14851;0.969607 0.0219254 0.243685 -1.05201 -0.0302577 0.999077 0.0305024 -0.732208 -0.242791 -0.0369487 0.969375 -4.09769 0 0 0 1 
7680147070244;2.23994;1.55377;0.996487 0.00384753 -0.0836605 -0.309239 0.013989 0.977263 0.211568 0.622236 0.0825724 -0.211995 0.973776 1.20159 0 0 0 1 
7680147070245;0.410551;0.209892;0.999755 -0.00365937 -0.0218346 -0.109542 0.003697 0.999992 0.00168344 -0.0983423 0.0218283 -0.00176375 0.99976 -0.203187 0 0 0 1 
7680147070246;0.921508;0.286769;0.994575 -0.0187173 -0.102322 -0.33549 0.0134546 0.998563 -0.0518833 -0.0212478 0.103146 0.0502251 0.993397 0.882599 0 0 0 1 
7680147070248;1.50847;1.01511;0.970156 -0.00731904 -0.24237 -1.96559 0.0788594 0.954731 0.286828 9.15741 0.229298 -0.297381 0.926815 23.894 0 0 0 1 
7680147070249;1.33018;0.440527;0.998082 0.0285505 0.0549349 2.26971 -0.0289695 0.999557 0.00684685 -1.57335 -0.0547151 -0.00842515 0.998466 -3.31985 0 0 0 1 
7680147070250;0.124558;0.260953;0.999945 0.000481229 0.0104567 0.508602 -0.000485967 1 0.000450503 0.385789 -0.0104565 -0.00045556 0.999945 -1.09994 0 0 0 1 
7680147070251;0.53556;0.559408;0.987864 0.0421969 0.149481 -0.68453 -0.0575994 0.993293 0.100257 -4.49815 -0.144248 -0.10765 0.983669 -11.7624 0 0 0 1 
7680147070252;1.1295;0.423154;0.991039 0.0552503 0.121608 -0.367785 -0.0472629 0.996591 -0.0676161 -3.813 -0.124929 0.0612627 0.990273 -9.57257 0 0 0 1 
7680147070253;0.578449;0.375333;0.998294 -0.0163531 -0.0560594 0.117642 0.0169446 0.999805 0.0100925 1.82918 0.0558835 -0.0110252 0.998376 5.87623 0 0 0 1 
7680147070254;1.15198;0.248424;0.999959 -0.00850575 0.00323339 1.61749 0.00848427 0.999942 0.00659802 1.88673 -0.00328932 -0.00657031 0.999973 -1.73177 0 0 0 1 
7680147070255;0.370863;0.243796;0.999269 0.0223106 0.0310406 0.16306 -0.0345825 0.873625 0.485369 -0.243308 -0.0162889 -0.486088 0.873758 2.57278 0 0 0 1 
7680147070256;1.32328;0.576096;0.968111 0.078189 0.238006 -2.70013 -0.0335471 0.981952 -0.186132 -3.52524 -0.248264 0.172212 0.953262 -25.8946 0 0 0 1 
7680147070257;0.807316;0.337551;0.970685 -0.0930147 -0.221626 -1.28293 0.0439991 0.975268 -0.216603 3.77536 0.236292 0.200502 0.950771 20.0911 0 0 0 1 
7680147070258;0.260139;0.125776;0.959762 0.0910689 0.265639 -3.35379 -0.057416 0.989609 -0.131822 -5.37407 -0.274884 0.111266 0.955018 -25.8696 0 0 0 1 
7680147070259;0.965988;0.924413;0.989637 0.0188584 0.142351 -0.419523 -0.0307189 0.996193 0.081586 -2.27269 -0.140271 -0.0851133 0.986448 -11.6703 0 0 0 1 
7680147070260;0.831214;0.292239;0.99902 0.0331413 -0.0293397 0.573319 -0.0280208 0.986656 0.160388 -0.453487 0.0342637 -0.159409 0.986618 4.1452 0 0 0 1 
7680147070261;1.06706;0.48052;0.986047 0.0604166 0.15512 -1.17102 -0.0240342 0.973721 -0.226471 -2.69961 -0.164726 0.219583 0.961587 -18.2116 0 0 0 1 
7680147070262;1.52451;1.08917;0.991581 0.0334338 0.125095 0.331932 -0.0345271 0.999382 0.00658107 -3.24037 -0.124797 -0.0108448 0.992123 -13.0128 0 0 0 1 
7680147070263;1.15131;0.517123;0.998742 0.0269869 0.0422671 -0.116737 -0.0257232 0.999214 -0.0301623 -2.77064 -0.0430478 0.0290372 0.998651 -6.10105 0 0 0 1 
