#;prob_registration_l1 -r /home/probabilistic_point_clouds_registration/build/tester /home/point_clouds_registration_benchmark//devel/registration_pairs/gazebo_summer_local.txt /home/point_clouds_registration_benchmark//eth/gazebo_summer -s 0.2 -t 0.2 -p 0.3 -r 1000 -m 1 -i 40 
id;initial_error;final_error;transformation
36535719080000;0.0805842;0.0298049;0.999962 0.00369415 0.00789437 -0.0299622 -0.00439304 0.995893 0.0904315 -0.00396236 -0.00752788 -0.0904627 0.995871 0.110499 0 0 0 1 
36535719080001;0.11249;0.0271849;0.992351 0.0155859 0.122462 -0.211105 -0.00644901 0.997189 -0.0746548 0.0378949 -0.123282 0.073294 0.989661 0.292496 0 0 0 1 
36535719080002;0.259114;0.0288625;0.993332 0.0469459 0.105299 0.178847 -0.0650679 0.982257 0.175891 -0.459403 -0.0951729 -0.18157 0.978762 0.196326 0 0 0 1 
36535719080003;0.441289;0.562579;0.99228 -0.0717796 0.101131 -0.628332 0.0762824 0.996227 -0.0413787 0.150652 -0.097779 0.0487737 0.994012 0.00176192 0 0 0 1 
36535719080004;0.424931;0.483061;0.967071 -0.133981 0.216385 -0.747666 0.141962 0.989634 -0.021701 0.22657 -0.211235 0.0517049 0.976067 -0.0389768 0 0 0 1 
36535719080005;0.508351;0.0445656;0.989132 -0.117365 0.0885615 0.522948 0.142291 0.915813 -0.375553 0.84062 -0.0370289 0.384073 0.92256 -0.287123 0 0 0 1 
36535719080006;0.482532;0.387671;0.990652 -0.0242634 -0.134239 -0.688026 0.00224451 0.986821 -0.161801 0.194245 0.136396 0.159987 0.97765 -1.30807 0 0 0 1 
36535719080007;0.407429;0.232413;0.993467 -0.107274 -0.0389249 -0.0705568 0.0936527 0.961314 -0.259044 0.141025 0.0652078 0.253707 0.965081 -1.06517 0 0 0 1 
36535719080008;0.494873;0.447128;0.974525 -0.0509714 0.218411 -1.07747 0.116066 0.947905 -0.296655 0.193045 -0.191912 0.314447 0.929673 -0.503849 0 0 0 1 
36535719080009;0.260051;0.0298671;0.992249 -0.0755468 0.0986617 -0.184598 0.0716908 0.99654 0.0420647 -0.758945 -0.101498 -0.0346655 0.994232 -0.20799 0 0 0 1 
36535719080010;0.367096;0.0542143;0.984201 -0.153156 0.088839 0.51763 0.156862 0.986953 -0.0363119 -0.131014 -0.0821185 0.0496736 0.995384 0.855329 0 0 0 1 
36535719080011;0.379627;0.0490961;0.973166 -0.203527 0.107352 0.118554 0.196607 0.977862 0.0716297 0.399519 -0.119554 -0.0486015 0.991637 -0.111385 0 0 0 1 
36535719080012;0.1676;0.0264339;0.999009 0.0444401 -0.00243785 -0.223188 -0.0444254 0.998996 0.00578104 0.265088 0.00269231 -0.00566701 0.99998 -0.447372 0 0 0 1 
36535719080013;0.445602;0.409898;0.973695 -0.0549804 0.221123 0.00479244 0.0553546 0.998457 0.00450869 -0.0883398 -0.22103 0.00785009 0.975236 0.490385 0 0 0 1 
36535719080014;0.45281;0.424556;0.998386 0.0461774 0.0330465 -0.895626 -0.0461152 0.998933 -0.00264122 0.135417 -0.0331332 0.00111301 0.99945 0.123307 0 0 0 1 
36535719080015;0.366192;0.412072;0.997912 -0.011046 0.0636435 -1.0403 0.0084063 0.999099 0.0415963 -0.0107464 -0.0640456 -0.0409745 0.997105 0.296512 0 0 0 1 
36535719080016;0.0775968;0.0340884;0.99522 0.0142638 0.0966071 -0.24321 -0.0183486 0.998969 0.0415271 0.0455686 -0.0959151 -0.0431012 0.994456 0.244894 0 0 0 1 
36535719080017;0.294515;0.0330613;0.964997 0.0770853 0.250676 -0.264751 -0.00216542 0.958137 -0.286301 0.209312 -0.262251 0.275737 0.924767 0.28253 0 0 0 1 
36535719080018;0.425335;0.428773;0.99956 -0.00879249 0.0283458 -0.695728 0.010617 0.997837 -0.0648724 -0.253751 -0.0277141 0.0651447 0.997491 -0.445443 0 0 0 1 
36535719080019;0.389784;0.417085;0.997737 -0.00376855 -0.0671294 -0.548793 -0.00115125 0.997324 -0.0730993 -0.0517958 0.0672252 0.0730112 0.995063 -0.432927 0 0 0 1 
36535719080020;0.317608;0.0262072;0.975892 0.20018 -0.0869577 -0.191759 -0.195448 0.978878 0.0599813 0.975466 0.0971281 -0.0415396 0.994405 0.0722177 0 0 0 1 
36535719080021;0.423824;0.348888;0.966095 -0.108709 0.234184 -0.437967 0.186 0.922118 -0.339267 0.153235 -0.179064 0.371322 0.911074 0.192636 0 0 0 1 
36535719080022;0.154215;0.0251565;0.999535 0.0289376 -0.00959418 -0.413796 -0.0288657 0.999555 0.00755454 -0.0359431 0.00980852 -0.00727408 0.999925 -0.27822 0 0 0 1 
36535719080023;0.35143;0.0508479;0.969047 0.0225302 -0.245847 -0.119267 0.00300587 0.994676 0.103004 0.197471 0.246859 -0.100554 0.96382 0.391166 0 0 0 1 
36535719080024;0.34005;0.0354518;0.957026 -0.235088 -0.169811 0.364713 0.162146 0.919236 -0.358768 -0.218119 0.240438 0.315816 0.917851 -0.999825 0 0 0 1 
36535719080025;0.273677;0.0360005;0.988783 0.0931519 -0.116752 -0.188044 -0.0712076 0.981133 0.179745 0.516957 0.131292 -0.169415 0.97676 0.0851271 0 0 0 1 
36535719080026;0.254446;0.0566392;0.99977 -0.00907133 0.0194197 0.363428 0.00902138 0.999956 0.00265798 0.468152 -0.0194429 -0.00248218 0.999808 0.0615746 0 0 0 1 
36535719080027;0.274443;0.0312858;0.966498 0.244109 0.0793218 -0.592712 -0.244135 0.969694 -0.00952374 0.447088 -0.0792428 -0.0101606 0.996804 0.12307 0 0 0 1 
36535719080028;0.110223;0.0358646;0.994633 -0.0142393 0.102484 -0.251667 0.0210435 0.997623 -0.0656209 -0.204157 -0.101306 0.0674253 0.992568 0.124485 0 0 0 1 
36535719080029;0.464721;0.496383;0.989548 -0.0314293 0.140737 -0.521868 0.0307667 0.999503 0.00688185 0.130871 -0.140883 -0.00247992 0.990023 -0.193492 0 0 0 1 
36535719080031;0.562593;0.417037;0.994459 -0.0910683 0.0525065 -0.585878 0.0918947 0.995677 -0.0135414 0.467604 -0.0510463 0.0182914 0.998529 -0.14917 0 0 0 1 
36535719080032;0.49885;0.51441;0.999005 0.0351501 0.0274535 -0.436583 -0.037968 0.993211 0.10996 0.183484 -0.023402 -0.110893 0.993557 -0.291808 0 0 0 1 
36535719080033;0.471869;0.445592;0.986717 -0.0547642 0.152939 -0.425311 0.0218505 0.97765 0.209102 0.238541 -0.160972 -0.202983 0.96586 1.4129 0 0 0 1 
36535719080034;0.28376;0.374252;0.997333 0.0332774 -0.0649504 -0.270938 -0.0329956 0.999441 0.00540666 0.472503 0.065094 -0.00324916 0.997874 -0.187803 0 0 0 1 
36535719080035;0.587922;0.804207;0.99314 -0.0915726 0.0727193 -1.12639 0.0939002 0.995152 -0.0292546 0.0405619 -0.0696878 0.0358823 0.996923 -0.835586 0 0 0 1 
36535719080036;0.406933;0.0939576;0.998497 -0.0502679 -0.0218349 -0.370158 0.050451 0.998695 0.00791723 0.105594 0.0214084 -0.00900692 0.99973 0.432238 0 0 0 1 
36535719080037;0.0919718;0.10079;0.99803 0.0214857 0.0589472 -0.119057 -0.0221647 0.999695 0.0108892 0.0107886 -0.0586953 -0.0121743 0.998202 0.108999 0 0 0 1 
36535719080038;0.581548;0.311417;0.984702 -0.173077 0.0201486 -1.10914 0.170541 0.981017 0.0923072 -0.567504 -0.0357424 -0.087459 0.995527 0.54407 0 0 0 1 
36535719080039;0.434512;0.0773971;0.996756 0.0743983 0.0307051 -0.529331 -0.0731694 0.996542 -0.0393724 0.632366 -0.0335282 0.036998 0.998753 -0.576959 0 0 0 1 
36535719080040;0.566995;0.52384;0.970133 -0.0943862 0.22346 -0.338915 0.0549921 0.982786 0.176371 0.174001 -0.23626 -0.158815 0.958624 0.499475 0 0 0 1 
36535719080041;0.142283;0.089651;0.995599 0.0904583 0.0244947 0.00466838 -0.0907654 0.995803 0.0117276 0.493414 -0.0233311 -0.0138992 0.999631 -0.103659 0 0 0 1 
36535719080042;0.307724;0.169178;0.992831 -0.0966391 -0.0703398 -0.216846 0.0784172 0.970761 -0.226877 -0.3458 0.0902084 0.219735 0.97138 -0.183557 0 0 0 1 
36535719080043;0.210302;0.345496;0.96877 -0.0449705 0.24385 -0.497897 0.011034 0.990261 0.138786 0.0846638 -0.247716 -0.131762 0.959831 0.86976 0 0 0 1 
36535719080044;0.594242;0.531977;0.995723 -0.0903687 0.0192245 -0.5101 0.0875638 0.989422 0.115658 -0.660811 -0.0294731 -0.11348 0.993103 0.521029 0 0 0 1 
36535719080045;0.55307;0.0876026;0.98347 0.17921 0.0258857 -0.761339 -0.173934 0.974745 -0.140067 1.24 -0.0503335 0.13325 0.989804 0.380924 0 0 0 1 
36535719080046;0.383937;0.344066;0.993288 0.0825043 0.0810679 -0.122771 -0.0793352 0.995981 -0.0415706 0.795518 -0.0841718 0.0348601 0.995841 -0.407063 0 0 0 1 
36535719080047;0.507113;0.131214;0.999748 -0.0224098 0.0012108 0.120106 0.0224051 0.999742 0.00378699 -0.267624 -0.00129535 -0.00375891 0.999992 0.729449 0 0 0 1 
36535719080048;0.299943;0.342085;0.96932 -0.139285 0.202531 -0.510675 0.189304 0.948591 -0.253651 -0.559821 -0.156789 0.284209 0.945855 0.330358 0 0 0 1 
36535719080049;0.398366;0.721166;0.967826 -0.130195 0.21532 -1.0153 0.0857452 0.975161 0.204228 -0.198049 -0.236561 -0.179195 0.954949 0.849388 0 0 0 1 
36535719080050;0.499825;0.310953;0.97973 0.0486456 -0.194328 -0.579546 -0.0558017 0.997944 -0.0315182 0.792794 0.192396 0.0417232 0.98043 -1.1899 0 0 0 1 
36535719080051;0.440086;0.729896;0.991234 -0.10112 0.0850318 -0.969855 0.105818 0.992989 -0.052673 0.00387839 -0.0791093 0.0612092 0.994985 -0.27569 0 0 0 1 
36535719080052;0.307637;0.547516;0.980782 -0.0628111 0.18472 -0.933422 0.0213591 0.975638 0.218343 0.0452874 -0.193934 -0.210201 0.95823 0.672121 0 0 0 1 
36535719080053;0.461332;0.588528;0.968166 -0.0481467 0.245634 -0.593332 0.0296509 0.996477 0.0784504 0.114321 -0.248546 -0.0686697 0.966183 1.10358 0 0 0 1 
36535719080054;0.521749;0.446268;0.938286 -0.0228238 0.345106 -0.339065 -0.0214698 0.992052 0.123983 0.954777 -0.345193 -0.123741 0.930339 0.930897 0 0 0 1 
36535719080055;0.319357;0.611958;0.977485 -0.0393725 0.207298 -0.729916 0.0510427 0.997381 -0.0512507 0.354286 -0.204737 0.0606778 0.976934 0.274649 0 0 0 1 
36535719080056;0.611624;0.727136;0.987303 -0.0839717 0.134839 -1.12101 0.0916834 0.994428 -0.0520279 0.190532 -0.129719 0.0637298 0.989501 -0.597916 0 0 0 1 
36535719080057;0.403587;0.103737;0.991132 0.0953562 -0.0925456 -0.0490723 -0.105186 0.988581 -0.107902 -0.127571 0.0811997 0.11668 0.989845 -0.519114 0 0 0 1 
36535719080058;0.354702;0.465939;0.973267 -0.135965 0.185109 -0.469614 0.152068 0.985466 -0.0757103 -0.591314 -0.172124 0.101835 0.979797 -0.0245981 0 0 0 1 
36535719080059;0.377989;0.0891326;0.981284 0.18389 0.057146 -0.191801 -0.171565 0.96965 -0.174198 0.955349 -0.0874449 0.161134 0.983051 -0.343078 0 0 0 1 
36535719080060;0.383603;0.465932;0.996551 -0.00378303 0.0828975 -0.537721 -0.00481765 0.994638 0.103305 0.236942 -0.0828439 -0.103349 0.991189 -0.212876 0 0 0 1 
36535719080062;0.362158;0.166693;0.98708 0.159416 -0.0161269 -0.182335 -0.160055 0.985694 -0.0528238 0.179747 0.00747518 0.0547225 0.998474 -1.18263 0 0 0 1 
36535719080063;0.299523;0.200126;0.992058 -0.117644 0.0445062 0.0784683 0.113778 0.990182 0.0812086 -0.753699 -0.053623 -0.0754998 0.995703 -0.702756 0 0 0 1 
36535719080064;0.461382;0.200437;0.991625 -0.0796341 -0.101676 0.51094 0.0397592 0.937273 -0.346322 0.205137 0.122877 0.339379 0.932589 -1.61441 0 0 0 1 
36535719080065;0.4807;0.587047;0.963764 0.145948 0.223292 -0.345101 -0.194703 0.957048 0.214824 -1.41407 -0.182348 -0.250515 0.950785 0.921854 0 0 0 1 
36535719080066;0.231893;0.143547;0.994878 -0.0733875 0.069507 0.42685 0.071074 0.99685 0.035195 -0.995094 -0.071871 -0.0300746 0.99696 0.244146 0 0 0 1 
36535719080067;0.276753;0.13363;0.978912 0.196062 0.0573698 -0.10636 -0.201913 0.885968 0.417482 -0.29385 0.0310245 -0.420262 0.906872 0.312334 0 0 0 1 
36535719080068;0.41506;0.366141;0.98909 -0.134806 0.0594075 0.399565 0.13138 0.98962 0.0582413 -1.26232 -0.0666421 -0.0498009 0.996533 -0.850809 0 0 0 1 
36535719080069;0.168667;0.132471;0.998913 0.0118839 0.0450735 -0.0437225 -0.0180604 0.990098 0.139208 -0.6077 -0.0429728 -0.139871 0.989237 0.380776 0 0 0 1 
36535719080070;0.366766;0.17294;0.955416 0.26929 -0.121093 -0.0222244 -0.204951 0.900067 0.384544 -0.396848 0.212546 -0.342581 0.91513 -1.00148 0 0 0 1 
36535719080071;0.314881;0.225875;0.993817 -0.105224 -0.035432 -0.288042 0.102841 0.992672 -0.063455 -0.389495 0.0418493 0.0594189 0.997356 -0.110132 0 0 0 1 
36535719080072;0.205179;0.196182;0.997929 -0.0589989 0.0256099 0.168803 0.0571093 0.995972 0.0691197 -0.362132 -0.0295847 -0.067514 0.99728 0.32022 0 0 0 1 
36535719080073;0.364246;0.250219;0.936147 -0.210904 0.281334 -0.0528477 0.0920181 0.919199 0.382891 -1.36376 -0.339356 -0.332554 0.879912 1.02536 0 0 0 1 
36535719080074;0.343501;0.982331;0.984477 0.140837 0.104735 -0.150851 -0.159174 0.967859 0.19471 -3.00406 -0.0739463 -0.208359 0.975253 0.158176 0 0 0 1 
36535719080075;0.45993;0.882197;0.985042 0.0932975 -0.144875 0.0487173 -0.11846 0.977214 -0.176127 -1.64705 0.125141 0.190654 0.973648 -1.01066 0 0 0 1 
36535719080076;0.347563;0.124214;0.959038 0.283221 0.0056822 0.288741 -0.27964 0.943328 0.1787 -0.393748 0.0452515 -0.172969 0.983887 0.0219273 0 0 0 1 
36535719080077;0.245685;0.119372;0.952835 0.257454 -0.160696 0.106575 -0.228455 0.957022 0.178656 0.175671 0.199785 -0.133518 0.9707 -0.381517 0 0 0 1 
36535719080078;0.322722;0.137916;0.995863 0.0898748 -0.0133741 -0.496295 -0.0883343 0.992081 0.0892869 0.134163 0.0212928 -0.0877361 0.995916 -0.812902 0 0 0 1 
36535719080079;0.340882;0.130313;0.94806 0.297689 0.112089 -0.267451 -0.313445 0.934299 0.169816 0.144085 -0.0541726 -0.196129 0.979081 -0.375497 0 0 0 1 
36535719080080;0.326117;0.184623;0.97332 0.153871 0.17021 0.216825 -0.192219 0.951889 0.238662 0.38513 -0.125298 -0.265012 0.95607 0.997375 0 0 0 1 
36535719080081;0.410409;0.450162;0.984763 -0.167976 0.0450103 -0.163591 0.16427 0.983464 0.0762427 -1.55392 -0.057073 -0.0676871 0.996073 -0.725291 0 0 0 1 
36535719080082;0.216435;0.115579;0.995808 0.0835955 -0.0371151 0.319751 -0.081582 0.995267 0.0528024 0.197883 0.0413535 -0.0495531 0.997915 0.260865 0 0 0 1 
36535719080083;0.161862;0.113943;0.982923 0.18344 0.0145338 -0.0634161 -0.184005 0.980632 0.0671086 0.173483 -0.00194189 -0.0686369 0.99764 -0.289936 0 0 0 1 
36535719080084;0.439577;0.884187;0.996807 -0.0792769 0.00952052 -0.0202604 0.078782 0.995906 0.0443157 -2.9834 -0.0129948 -0.0434242 0.998972 -0.09381 0 0 0 1 
36535719080085;0.124875;0.121588;0.986718 0.146953 0.0692259 -0.0470052 -0.153459 0.983023 0.10058 -0.00559467 -0.0532701 -0.109867 0.992518 0.120485 0 0 0 1 
36535719080086;0.392366;0.16001;0.947911 0.188562 -0.256727 0.998797 -0.167132 0.980531 0.103085 0.0595779 0.271167 -0.0548076 0.960971 -1.23947 0 0 0 1 
36535719080087;0.41425;0.433479;0.994184 -0.103082 -0.0311924 0.143739 0.106427 0.895969 0.431175 -1.55388 -0.0164992 -0.431987 0.901729 -0.451615 0 0 0 1 
36535719080088;0.317089;0.131637;0.977867 0.175366 0.114122 -0.140964 -0.181669 0.982221 0.0473176 -0.0295605 -0.103795 -0.0670027 0.992339 -0.650021 0 0 0 1 
36535719080089;0.0976208;0.137009;0.999492 -0.000496605 -0.0318804 0.160403 0.00143323 0.999568 0.0293632 -0.248928 0.0318521 -0.029394 0.99906 -0.00480948 0 0 0 1 
36535719080090;0.312576;0.123166;0.994166 0.044656 -0.0981849 0.533764 -0.0481471 0.998279 -0.0334787 -0.876006 0.0965209 0.0380107 0.994605 -0.129857 0 0 0 1 
36535719080091;0.378116;0.199318;0.968144 -0.124305 0.217362 0.867546 0.16376 0.971017 -0.174093 -1.01134 -0.189421 0.204142 0.96044 0.152186 0 0 0 1 
36535719080093;0.290482;0.0101143;0.990292 0.0299387 -0.135743 0.495568 -0.0466393 0.991486 -0.121572 0.482392 0.130948 0.126723 0.983257 -0.319313 0 0 0 1 
36535719080094;0.395592;0.452102;0.998961 0.0386583 -0.024125 0.254964 -0.0389479 0.999173 -0.0116523 0.164499 0.0236546 0.0125798 0.999641 -0.16224 0 0 0 1 
36535719080095;0.347587;0.115183;0.920836 0.153311 -0.358547 0.45143 -0.124594 0.986949 0.102023 0.090927 0.369509 -0.0492732 0.92792 -1.18054 0 0 0 1 
36535719080096;0.508705;0.223755;0.963897 0.00312492 0.266257 0.36418 -0.0390685 0.990769 0.129806 0.249651 -0.263394 -0.135522 0.955122 1.94745 0 0 0 1 
36535719080097;0.390373;0.268928;0.96789 -0.0734614 0.2404 0.148925 0.12759 0.967566 -0.218031 -0.221027 -0.216586 0.241702 0.94587 0.872123 0 0 0 1 
36535719080098;0.177167;0.0156884;0.958893 0.0113683 0.283542 0.0670112 -0.00558549 0.99976 -0.0211952 0.0552345 -0.283714 0.0187402 0.958726 0.94748 0 0 0 1 
36535719080099;0.46993;0.265269;0.999091 0.0223245 0.0363063 0.500411 -0.0328941 0.945562 0.323775 -0.183281 -0.0271017 -0.324675 0.945437 -0.101172 0 0 0 1 
36535719080100;0.314307;0.00911098;0.999854 -0.0168547 -0.00277995 -0.246303 0.0170747 0.990967 0.133017 -0.465868 0.000512887 -0.133045 0.99111 -0.385229 0 0 0 1 
36535719080101;0.365934;0.218864;0.969682 0.235859 -0.0639335 0.218369 -0.23235 0.970915 0.0577675 0.659911 0.075699 -0.0411612 0.996281 -0.172692 0 0 0 1 
36535719080102;0.240105;0.0297697;0.989872 -0.123493 0.0700267 -0.0846198 0.126685 0.991005 -0.043125 -0.418273 -0.0640712 0.0515596 0.996613 -0.112758 0 0 0 1 
36535719080103;0.352767;0.0193685;0.99337 0.0739949 0.0879815 0.0535184 -0.0755459 0.997038 0.0144271 -0.111194 -0.0866534 -0.0209781 0.996018 0.866389 0 0 0 1 
36535719080104;0.495293;0.272561;0.893935 0.0355044 -0.446789 0.242859 -0.0160604 0.998755 0.0472333 -0.0647011 0.44791 -0.0350479 0.893392 -1.46441 0 0 0 1 
36535719080105;0.433787;0.0135897;0.99846 0.00957371 0.0546492 0.0902432 -0.00855489 0.999786 -0.0188465 0.0442866 -0.054818 0.01835 0.998328 1.06347 0 0 0 1 
36535719080106;0.129754;0.00762249;0.995065 -0.00585744 0.0990479 0.127646 -0.00208743 0.996799 0.0799192 0.0240565 -0.099199 -0.0797315 0.991868 0.310895 0 0 0 1 
36535719080107;0.262145;0.0770705;0.979631 0.192581 -0.0568893 0.0800856 -0.195824 0.978904 -0.0583149 0.871629 0.0444588 0.0682673 0.996676 -0.30384 0 0 0 1 
36535719080108;0.397924;0.346016;0.993197 0.116431 -0.00164565 -0.0783708 -0.113626 0.972171 0.204872 0.141263 0.0254532 -0.203291 0.978787 -0.0801305 0 0 0 1 
36535719080109;0.398301;0.233349;0.938419 0.211673 0.273065 0.138167 -0.219296 0.975655 -0.00266718 0.685467 -0.266981 -0.0573791 0.961992 1.0914 0 0 0 1 
36535719080110;0.208018;0.0122497;0.989566 0.143844 0.00826274 0.0417403 -0.143965 0.989441 0.0167182 0.331025 -0.00577069 -0.0177333 0.999826 -0.160888 0 0 0 1 
36535719080111;0.465339;0.285519;0.974361 -0.033014 0.222555 0.0388653 0.0604798 0.9912 -0.11775 0.0121936 -0.216709 0.128191 0.967783 1.21689 0 0 0 1 
36535719080112;0.541337;0.0382463;0.911736 0.31192 -0.267289 1.22859 -0.297436 0.950087 0.0941592 1.21853 0.283318 -0.00634693 0.959005 -1.10374 0 0 0 1 
36535719080113;0.28814;0.199228;0.999642 0.0217706 0.0155487 0.0200004 -0.021802 0.999761 0.00185113 0.245443 -0.0155047 -0.00218946 0.999877 0.196189 0 0 0 1 
36535719080114;0.343577;0.234274;0.999766 -0.0191594 0.0100573 0.117819 0.0194002 0.999513 -0.0244228 -0.0894921 -0.00958443 0.0246122 0.999651 0.458558 0 0 0 1 
36535719080115;0.500998;0.848172;0.994535 -0.103266 -0.0153989 0.397982 0.102927 0.994458 -0.0214251 -1.25448 0.0175261 0.019723 0.999652 -0.0957807 0 0 0 1 
36535719080116;0.41433;0.213346;0.968592 -0.0635501 0.240397 0.20509 0.00295799 0.969665 0.244418 0.00246776 -0.248637 -0.23603 0.939398 1.48775 0 0 0 1 
36535719080117;0.508343;0.0186949;0.996069 -0.0408557 0.0785945 0.0603889 0.0276301 0.986314 0.162544 0.00963247 -0.0841597 -0.159733 0.983566 1.35794 0 0 0 1 
36535719080118;0.0642213;0.0124944;0.997634 0.0686171 -0.00423711 -0.0419978 -0.0686989 0.997353 -0.0238101 0.326122 0.00259211 0.0240449 0.999708 -0.0232099 0 0 0 1 
36535719080119;0.384568;0.32121;0.971925 0.207766 0.110431 0.317143 -0.220563 0.967948 0.120116 0.438815 -0.081935 -0.141101 0.986599 0.229526 0 0 0 1 
36535719080120;0.113108;0.0182811;0.99884 -0.0382207 0.029286 0.08148 0.0373793 0.998887 0.0287593 -0.228027 -0.0303527 -0.0276313 0.999157 0.286312 0 0 0 1 
36535719080121;0.423482;0.0109309;0.975694 0.212141 -0.0549311 0.343463 -0.176127 0.908302 0.37943 0.178547 0.130387 -0.360533 0.923588 -0.287329 0 0 0 1 
36535719080122;0.427092;0.0654153;0.973854 -0.212329 0.0807796 0.108397 0.205117 0.974673 0.0891072 -1.36524 -0.0976538 -0.0702081 0.992741 0.76946 0 0 0 1 
36535719080124;0.190705;0.0246099;0.985652 0.160141 0.0533396 -0.0664412 -0.162895 0.98527 0.0520362 0.369579 -0.0442207 -0.0599784 0.99722 0.286435 0 0 0 1 
36535719080125;0.422416;0.299347;0.934028 0.266494 -0.237851 0.601259 -0.235451 0.960071 0.151086 0.627597 0.268617 -0.0851159 0.959479 -0.968862 0 0 0 1 
36535719080126;0.446714;0.0623024;0.993828 0.106687 -0.0303942 0.242571 -0.108906 0.990466 -0.0843615 -0.175348 0.0211041 0.0871509 0.995972 -0.300107 0 0 0 1 
36535719080127;0.355012;0.441731;0.999282 -0.0151633 0.0347095 0.464673 0.0184453 0.995184 -0.0962785 0.178685 -0.0330824 0.0968497 0.994749 -0.0700218 0 0 0 1 
36535719080128;0.249905;0.215758;0.999996 -0.000678568 -0.00256314 0.00492357 0.000699445 0.999967 0.00815328 0.0559956 0.00255752 -0.00815504 0.999963 -0.0237841 0 0 0 1 
36535719080129;0.526113;0.532566;0.999081 0.0217697 -0.0369096 0.566803 -0.0233163 0.998845 -0.042002 -0.0089393 0.0359526 0.042824 0.998436 0.124084 0 0 0 1 
36535719080130;0.433817;0.0155771;0.93734 0.0880487 0.337107 -0.19782 -0.0368515 0.987169 -0.155371 -0.295432 -0.346462 0.133212 0.928557 1.09951 0 0 0 1 
36535719080131;0.251532;0.282597;0.999883 -0.0114639 -0.0101526 0.303972 0.0113296 0.999849 -0.0131921 -0.0089856 0.0103023 0.0130756 0.999861 0.0724906 0 0 0 1 
36535719080132;0.431426;0.0150409;0.98372 0.0444751 -0.174118 -0.171468 -0.0350603 0.997771 0.0567803 -0.430711 0.176255 -0.0497513 0.983086 -0.929653 0 0 0 1 
36535719080133;0.541591;0.0530748;0.947226 0.187722 0.259852 0.10613 -0.235586 0.957372 0.167148 0.436732 -0.217398 -0.219544 0.951072 1.60379 0 0 0 1 
36535719080134;0.252306;0.0101592;0.996372 -0.0810002 0.0261177 -0.191508 0.0821812 0.995468 -0.0478554 -0.463259 -0.022123 0.0498282 0.998513 -0.198128 0 0 0 1 
36535719080135;0.472023;0.454815;0.973915 -0.0536153 0.220486 0.320664 0.0373257 0.996301 0.0773966 -0.352854 -0.223821 -0.067148 0.972315 0.940795 0 0 0 1 
36535719080136;0.302061;0.20221;0.993312 0.0766509 -0.0863486 0.174691 -0.0865576 0.98929 -0.117532 0.459323 0.0764148 0.12422 0.989308 -0.513266 0 0 0 1 
36535719080137;0.328535;0.247257;0.979467 0.174069 0.101711 0.0440503 -0.158653 0.976794 -0.143883 0.50287 -0.124396 0.124792 0.984354 0.110385 0 0 0 1 
36535719080138;0.576365;0.00663222;0.996539 0.0638252 0.0532572 0.564168 -0.0384933 0.922166 -0.384874 0.357042 -0.0736766 0.381492 0.921431 -0.428553 0 0 0 1 
36535719080139;0.521512;0.331846;0.996494 -0.0728701 0.0411101 0.216847 0.0679052 0.991452 0.111409 -0.673105 -0.0488771 -0.108227 0.992924 0.222304 0 0 0 1 
36535719080140;0.470285;0.473507;0.942294 0.299026 0.150548 0.495163 -0.297484 0.954149 -0.0331975 1.19694 -0.153572 -0.0135037 0.988045 0.173565 0 0 0 1 
36535719080141;0.30287;0.084739;0.973882 0.111192 0.197967 -0.315547 -0.127507 0.989248 0.0716263 0.0731329 -0.187874 -0.0949977 0.977588 0.672198 0 0 0 1 
36535719080142;0.480003;0.0662626;0.978057 0.177401 0.109242 -0.247033 -0.207184 0.88333 0.42048 0.208052 -0.0219025 -0.433887 0.900701 0.0989589 0 0 0 1 
36535719080143;0.628053;0.663164;0.996756 0.0334611 -0.0731921 0.184859 -0.0424375 0.991281 -0.124747 0.246788 0.0683797 0.127448 0.989485 -0.367614 0 0 0 1 
36535719080144;0.602003;0.158689;0.967403 0.149211 -0.204618 0.407618 -0.192098 0.958864 -0.208993 0.853269 0.165017 0.241487 0.956271 -1.47318 0 0 0 1 
36535719080145;0.170435;0.018972;0.994052 0.108633 0.00768873 -0.125155 -0.108674 0.994064 0.00513939 0.395472 -0.00708479 -0.00594438 0.999957 0.235748 0 0 0 1 
36535719080146;0.207536;0.0623728;0.986856 0.153931 0.0492042 -0.10854 -0.148547 0.983948 -0.0988928 0.517089 -0.0636371 0.0902838 0.993881 0.107305 0 0 0 1 
36535719080147;0.436345;0.0175531;0.984626 0.171071 -0.0352988 0.335634 -0.16827 0.983174 0.0710925 1.04976 0.0468667 -0.0640598 0.996845 -0.386551 0 0 0 1 
36535719080148;0.640142;0.129993;0.986206 -0.153807 -0.0611725 1.06617 0.13954 0.971313 -0.192559 0.0726122 0.0890346 0.181367 0.979377 -0.631741 0 0 0 1 
36535719080149;0.408897;0.0766021;0.998469 -0.0379607 -0.0402256 0.136225 0.0360058 0.998186 -0.0482561 -0.323148 0.0419845 0.0467339 0.998025 0.469607 0 0 0 1 
36535719080150;0.385378;0.0120828;0.994952 3.71797e-05 0.100353 -0.0814466 -0.0181405 0.983592 0.17949 0.471733 -0.0986996 -0.180405 0.978628 0.0496145 0 0 0 1 
36535719080151;0.147734;0.0226753;0.990763 0.0152897 0.134744 -0.161904 -0.00360279 0.996241 -0.086555 0.0443035 -0.13556 0.08527 0.987093 0.282531 0 0 0 1 
36535719080152;0.417728;0.268985;0.9304 0.317356 -0.183415 0.501767 -0.295012 0.945308 0.139143 0.849888 0.217541 -0.0753486 0.973138 -0.426286 0 0 0 1 
36535719080153;0.136308;0.0706572;0.992953 -0.0898533 0.0772687 0.0806196 0.087239 0.995516 0.0365752 -0.160168 -0.0802086 -0.0295766 0.996339 0.275867 0 0 0 1 
36535719080155;0.377066;0.29041;0.988878 0.0139534 -0.148072 0.601715 0.0142712 0.982093 0.187855 0.142631 0.148041 -0.187879 0.970971 -0.0204188 0 0 0 1 
36535719080156;0.280014;0.213862;0.992431 -0.0156766 -0.121796 0.526348 0.0292007 0.993496 0.110061 0.123364 0.119279 -0.112785 0.986434 -0.396077 0 0 0 1 
36535719080157;0.357849;0.191836;0.996659 -0.0782257 -0.0234687 0.899083 0.081668 0.952427 0.293619 0.132093 -0.000616339 -0.294555 0.955634 0.602846 0 0 0 1 
36535719080158;0.214487;0.068398;0.999556 -0.0295822 -0.00365399 0.450594 0.029676 0.999138 0.029042 0.250637 0.00279171 -0.0291375 0.999572 0.332729 0 0 0 1 
36535719080159;0.313033;0.062293;0.992497 -0.0368705 -0.116581 0.338126 0.00854548 0.972037 -0.23467 -0.564935 0.121973 0.231913 0.965059 -0.929169 0 0 0 1 
36535719080160;0.477856;0.0883702;0.924259 0.240781 -0.296259 -0.521305 -0.260167 0.96518 -0.027222 0.942575 0.279389 0.102237 0.95472 -0.71496 0 0 0 1 
36535719080161;0.262671;0.0748531;0.988536 0.143916 0.0456692 -0.0927206 -0.147203 0.985912 0.0794306 0.010039 -0.0335945 -0.0852426 0.995794 0.564518 0 0 0 1 
36535719080162;0.249715;0.0812775;0.985634 0.168721 0.00771821 -0.232554 -0.165043 0.952433 0.256188 0.0439814 0.0358732 -0.253782 0.966596 0.063987 0 0 0 1 
36535719080163;0.453936;0.194443;0.932477 0.12825 -0.337695 0.959852 -0.168848 0.981187 -0.0936053 0.414766 0.319337 0.144304 0.93659 -1.18501 0 0 0 1 
36535719080164;0.466141;0.328628;0.989772 -0.0596752 0.129579 0.720273 0.0412471 0.98922 0.140506 0.00893165 -0.136567 -0.133724 0.981564 1.05063 0 0 0 1 
36535719080165;0.321246;0.0697085;0.950045 -0.0532613 0.307534 -0.0145731 -0.0520007 0.944549 0.324227 -0.190686 -0.30775 -0.324023 0.894595 0.972343 0 0 0 1 
36535719080166;0.389384;0.214328;0.921156 -0.150344 0.358981 0.859435 0.207313 0.970171 -0.125657 -0.258896 -0.329382 0.190171 0.924847 0.656416 0 0 0 1 
36535719080167;0.40197;0.317932;0.998061 -0.00147106 -0.0622266 0.748746 0.0232561 0.936133 0.350877 -0.0774921 0.0577362 -0.351644 0.934352 0.249917 0 0 0 1 
36535719080168;0.210711;0.198073;0.996386 -0.00041212 0.0849423 -0.0870996 0.00443128 0.998879 -0.0471332 -0.181906 -0.0848276 0.0473393 0.99527 0.23508 0 0 0 1 
36535719080169;0.371812;0.0698228;0.964803 0.0693651 -0.253661 0.790123 -0.00682047 0.970861 0.239546 -0.548436 0.262886 -0.229385 0.937163 -1.05013 0 0 0 1 
36535719080170;0.32738;0.0719706;0.99006 0.112515 0.0843861 -0.143609 -0.10411 0.989712 -0.0981368 0.408676 -0.0945597 0.0883758 0.991589 -0.668875 0 0 0 1 
36535719080171;0.334438;0.307175;0.998709 -0.0507793 0.00134112 0.288052 0.0507939 0.998593 -0.0152324 -0.179512 -0.000565739 0.0152808 0.999883 0.0896285 0 0 0 1 
36535719080172;0.359248;0.193097;0.989484 0.126301 -0.070494 0.114708 -0.114307 0.981444 0.153956 0.466808 0.0886307 -0.144279 0.98556 0.190015 0 0 0 1 
36535719080173;0.299017;0.0723561;0.995942 -0.0699959 -0.0565778 0.260959 0.0616511 0.988547 -0.137746 -0.526549 0.0655715 0.133699 0.98885 -1.07126 0 0 0 1 
36535719080174;0.332371;0.0583439;0.995974 -0.0808078 -0.0388036 0.970949 0.079133 0.99594 -0.0429139 0.360604 0.0421138 0.0396705 0.998325 -0.390162 0 0 0 1 
36535719080175;0.258801;0.0996358;0.983688 -0.0966246 -0.151729 0.417783 0.0842131 0.992711 -0.0862122 -0.00482029 0.158953 0.0720283 0.984655 -1.05206 0 0 0 1 
36535719080176;0.244373;0.0679851;0.967244 0.0922854 0.236477 -0.180455 -0.10954 0.992117 0.0608692 0.182912 -0.228996 -0.0847792 0.969729 0.624876 0 0 0 1 
36535719080177;0.307368;0.294369;0.99984 0.00962374 0.015107 0.335552 -0.0122496 0.98272 0.184693 0.153519 -0.0130685 -0.184848 0.98268 0.616695 0 0 0 1 
36535719080178;0.333626;0.0770485;0.927332 0.0643616 -0.368663 0.791143 -0.0291131 0.994522 0.100394 -0.0287312 0.373105 -0.0823656 0.924126 -0.587469 0 0 0 1 
36535719080179;0.112272;0.0715438;0.997611 -0.0137934 -0.0676836 0.231348 0.0150603 0.99972 0.0182436 0.141202 0.0674131 -0.0192194 0.99754 -0.318022 0 0 0 1 
36535719080180;0.447488;0.378827;0.998133 0.0601887 -0.0104314 0.686362 -0.0591332 0.994865 0.0821435 -0.385589 0.015322 -0.0813733 0.996566 -0.195335 0 0 0 1 
36535719080181;0.181751;0.135154;0.989892 -0.0252124 0.139567 0.074414 0.0366363 0.99613 -0.079898 -0.110375 -0.137012 0.0842036 0.986984 0.0991451 0 0 0 1 
36535719080182;0.227052;0.144462;0.982674 -0.0518573 0.177942 0.309755 0.0706937 0.992351 -0.101203 -0.120659 -0.171333 0.112029 0.978823 -0.0417859 0 0 0 1 
36535719080183;0.271702;0.0651374;0.986772 -0.0723538 -0.145071 1.00364 0.0871106 0.991358 0.0980885 -0.225902 0.13672 -0.109428 0.984547 -0.395849 0 0 0 1 
36535719080184;0.317465;0.0940011;0.963379 0.181664 -0.197228 0.464001 -0.0879294 0.908888 0.407665 -0.304266 0.253317 -0.375394 0.891577 -0.413718 0 0 0 1 
36535719080186;0.390645;0.116413;0.911878 -0.0678014 0.404822 0.0585761 0.183913 0.949211 -0.255294 -0.43009 -0.366953 0.307249 0.878034 1.5731 0 0 0 1 
36535719080187;0.111223;0.108239;0.999606 0.0211908 0.0184144 0.0457019 -0.0212399 0.999771 0.00247761 -0.0423646 -0.0183576 -0.00286775 0.999827 0.00194996 0 0 0 1 
36535719080188;0.65823;0.36282;0.897646 0.433379 0.0800941 -0.437052 -0.437061 0.898736 0.0353681 1.71413 -0.0566557 -0.0667541 0.99616 1.03129 0 0 0 1 
36535719080189;0.357007;0.0836299;0.999883 0.0121944 0.00924193 -0.600309 -0.0123124 0.999842 0.0128187 0.411876 -0.00908415 -0.012931 0.999875 -0.450535 0 0 0 1 
36535719080190;0.473164;0.950398;0.947182 -0.319386 0.0289535 -1.61838 0.319662 0.947517 -0.00533335 -1.87256 -0.0257305 0.014307 0.999567 0.137619 0 0 0 1 
36535719080191;0.28216;0.0802454;0.979707 0.198455 -0.0280966 -0.138146 -0.193879 0.973865 0.118313 0.785167 0.0508421 -0.110465 0.992579 -0.690355 0 0 0 1 
36535719080192;0.431029;0.0953665;0.985849 -0.160019 0.0499648 -0.807954 0.163495 0.983639 -0.0756568 -0.387423 -0.0370408 0.0827551 0.995881 0.492159 0 0 0 1 
36535719080193;0.312078;0.0980951;0.992151 -0.124997 -0.00352535 -0.0105581 0.122891 0.969448 0.212292 -0.996516 -0.0231181 -0.211059 0.9772 -0.359863 0 0 0 1 
36535719080194;0.164987;0.0949193;0.984029 0.177905 -0.00600273 -0.0575753 -0.177826 0.983992 0.0117292 0.711378 0.00799332 -0.0104744 0.999913 -0.0460693 0 0 0 1 
36535719080195;0.354366;0.0946504;0.981943 -0.0343824 0.186025 0.112368 0.0339625 0.999408 0.00544454 -0.496145 -0.186102 0.000971648 0.98253 0.226451 0 0 0 1 
36535719080196;0.523582;0.0932945;0.985037 0.16169 0.0596576 -0.470518 -0.17149 0.885116 0.432621 0.890824 0.0171466 -0.436378 0.8996 -0.670094 0 0 0 1 
36535719080197;0.379637;0.0908972;0.978779 -0.174747 -0.107032 0.191303 0.181095 0.982052 0.0527075 -0.94791 0.0959007 -0.0709719 0.992858 -1.1812 0 0 0 1 
36535719080198;0.253973;0.110383;0.984564 -0.142046 0.102262 -0.145692 0.150974 0.984825 -0.0855967 -0.774143 -0.0885513 0.0997143 0.991068 0.770877 0 0 0 1 
36535719080199;0.451651;0.0835084;0.989621 0.143146 0.0126033 -0.620634 -0.143162 0.989699 0.000424801 0.962307 -0.0124126 -0.00222471 0.99992 0.656429 0 0 0 1 
36535719080200;0.601292;0.803657;0.976461 -0.121738 0.178055 -0.732283 0.135932 0.988258 -0.069774 -1.17201 -0.16747 0.092335 0.981544 1.23697 0 0 0 1 
36535719080201;0.316883;0.10518;0.884779 0.0880365 0.457619 0.0558826 -0.00189119 0.982664 -0.185388 0.017137 -0.466006 0.163162 0.869607 2.32172 0 0 0 1 
36535719080202;0.389074;0.080531;0.971901 0.22944 0.0525957 -0.176223 -0.230636 0.972876 0.0178411 1.4178 -0.0470756 -0.0294702 0.998457 -0.344667 0 0 0 1 
36535719080203;0.247825;0.267942;0.980538 -0.19573 0.0153307 -0.519991 0.194774 0.979607 0.0493203 -1.04619 -0.0246716 -0.0453744 0.998665 0.238477 0 0 0 1 
36535719080204;0.323434;0.0957872;0.998383 -0.0492157 0.0284536 -0.239434 0.0486831 0.998631 0.0191193 -0.976136 -0.0293556 -0.0177031 0.999412 -0.120121 0 0 0 1 
36535719080205;0.326801;0.0767535;0.960472 -0.0685824 0.269797 0.223488 0.154842 0.937032 -0.313041 -0.560972 -0.23134 0.342443 0.910612 1.03065 0 0 0 1 
36535719080206;0.360649;0.105076;0.995001 0.0972739 0.0226138 -0.257849 -0.0971558 0.995249 -0.00626604 1.08083 -0.0231159 0.00403765 0.999725 -0.00326389 0 0 0 1 
36535719080207;0.378318;0.082683;0.999532 -0.0274475 0.0135168 0.627989 0.0274345 0.999623 0.00114586 -0.158057 -0.0135431 -0.000774497 0.999908 0.148941 0 0 0 1 
36535719080208;0.281021;0.0977106;0.982164 -0.0572841 0.179088 -0.37447 0.050087 0.997755 0.0444578 -0.484916 -0.181233 -0.0346948 0.982828 1.32294 0 0 0 1 
36535719080209;0.41046;0.170098;0.961551 -0.261805 0.082938 -0.525676 0.242834 0.951582 0.188477 -1.7875 -0.128267 -0.16109 0.978569 0.703347 0 0 0 1 
36535719080210;0.243944;0.0980011;0.977791 0.147748 0.148644 0.197815 -0.154474 0.987387 0.0347066 0.45661 -0.141642 -0.0568975 0.988281 0.65743 0 0 0 1 
36535719080211;0.419439;0.150503;0.931027 0.36495 0.000774122 -0.292958 -0.36495 0.931021 0.00325707 1.22948 0.000467944 -0.00331494 0.999994 -0.0319441 0 0 0 1 
36535719080212;0.411637;0.107775;0.953935 0.275815 0.118044 0.348507 -0.273272 0.961204 -0.0375373 0.649481 -0.123818 0.00354996 0.992299 0.809386 0 0 0 1 
36535719080213;0.271077;0.110622;0.97118 -0.18299 -0.152723 -0.169013 0.154382 0.97113 -0.181861 -0.886948 0.181592 0.153043 0.971392 -1.05071 0 0 0 1 
36535719080214;0.356981;0.0814347;0.946742 0.148958 -0.285465 -0.0649307 -0.158619 0.98728 -0.0108875 0.432798 0.280213 0.0555879 0.958327 -0.961428 0 0 0 1 
36535719080215;0.558879;0.106354;0.963665 0.217781 0.154666 -0.172801 -0.166728 0.94279 -0.288701 0.855019 -0.208691 0.252424 0.944844 1.97692 0 0 0 1 
36535719080217;0.267916;0.0767512;0.972067 -0.132623 -0.193642 0.493749 0.108407 0.985472 -0.130742 0.0111955 0.208168 0.106098 0.972322 -0.956552 0 0 0 1 
36535719080218;0.403611;0.0140813;0.997108 0.0759252 -0.00343246 -0.350588 -0.0757997 0.996728 0.0280542 0.725658 0.00555125 -0.0277129 0.999601 0.462488 0 0 0 1 
36535719080219;0.612805;0.474308;0.998161 0.0134853 0.0590941 -0.194324 -0.0143384 0.999799 0.0140352 0.128828 -0.058893 -0.0148567 0.998154 0.758204 0 0 0 1 
36535719080220;0.465305;0.0118308;0.970669 -0.116112 -0.210523 0.36976 0.0960557 0.990017 -0.103148 0.175947 0.220398 0.0799006 0.972132 -1.42025 0 0 0 1 
36535719080221;0.397154;0.315285;0.999136 -0.0403089 0.0101121 -0.0239038 0.0406392 0.998563 -0.0349263 -0.00890487 -0.00868977 0.0353071 0.999339 -0.379188 0 0 0 1 
36535719080222;0.388852;0.100005;0.989513 -0.0714433 0.125537 -0.370323 0.10305 0.95818 -0.266966 0.0437902 -0.101214 0.277103 0.955494 0.184483 0 0 0 1 
36535719080223;0.332061;0.115464;0.937612 -0.101712 -0.332472 0.832616 0.0792176 0.993597 -0.0805638 -0.281145 0.338538 0.0491999 0.939666 -0.914996 0 0 0 1 
36535719080224;0.591626;0.0173208;0.994508 0.0954489 0.0429253 -0.416433 -0.0781736 0.950193 -0.3017 1.23314 -0.0695842 0.296687 0.952436 0.445788 0 0 0 1 
36535719080225;0.418431;0.324498;0.991689 -0.0355277 0.123658 -0.0152477 0.0328038 0.999174 0.0239956 -0.0294648 -0.124409 -0.0197397 0.992035 0.739286 0 0 0 1 
36535719080226;0.434396;0.386551;0.986928 0.0443638 -0.154938 0.101795 -0.0478485 0.998677 -0.0188326 0.0683802 0.153898 0.026 0.987745 -0.259223 0 0 0 1 
36535719080227;0.258425;0.0885611;0.984711 0.143997 0.0980239 -0.173933 -0.149617 0.987345 0.0525848 0.240626 -0.0892113 -0.0664469 0.993794 0.633572 0 0 0 1 
36535719080228;0.348273;0.122413;0.975889 -0.106286 0.190641 0.130051 0.118083 0.991662 -0.0515957 0.119687 -0.183567 0.0728631 0.980303 0.813995 0 0 0 1 
36535719080229;0.349476;0.00960442;0.994981 0.0572497 0.0820635 -0.216623 -0.0437038 0.986428 -0.158271 0.155247 -0.0900107 0.153891 0.98398 -0.414051 0 0 0 1 
36535719080230;0.507963;0.650401;0.928834 -0.0943908 0.358271 0.269351 0.0863942 0.995524 0.0383019 0.0880862 -0.360283 -0.00462354 0.932832 0.87113 0 0 0 1 
36535719080231;0.499847;0.0208893;0.999953 0.0035172 -0.00904372 -0.371917 -0.00323073 0.999499 0.0314978 -0.427907 0.00914997 -0.0314671 0.999463 -0.812216 0 0 0 1 
36535719080232;0.400636;0.280891;0.998907 -0.0466913 0.0022942 0.228283 0.0462756 0.994585 0.0930539 -0.131136 -0.00662658 -0.092846 0.995658 0.384319 0 0 0 1 
36535719080233;0.232565;0.010856;0.984681 0.059585 -0.163867 0.0309349 -0.0405394 0.99228 0.117208 0.070268 0.169585 -0.10877 0.979495 -0.0784343 0 0 0 1 
36535719080234;0.243089;0.0306417;0.999988 0.00489877 0.00075 0.186708 -0.00489435 0.999971 -0.00578299 0.0832688 -0.000778309 0.00577925 0.999983 -0.407068 0 0 0 1 
36535719080235;0.336455;0.276066;0.999417 -0.00168044 -0.0340926 -0.0761556 0.00407114 0.997526 0.070176 0.0776791 0.0338904 -0.0702739 0.996952 0.192346 0 0 0 1 
36535719080236;0.526732;0.0126934;0.959461 -0.130829 0.249637 0.541194 0.0730979 0.970937 0.2279 -0.528074 -0.272198 -0.200413 0.941139 1.69418 0 0 0 1 
36535719080237;0.707625;0.496887;0.999948 0.00731372 0.00717489 0.0936352 -0.0073929 0.999911 0.0110723 0.0915054 -0.00709328 -0.0111248 0.999913 0.798133 0 0 0 1 
36535719080238;0.378354;0.0994268;0.983016 0.159016 -0.0916152 0.297595 -0.139901 0.972407 0.186687 0.527549 0.118773 -0.170699 0.978138 -0.218408 0 0 0 1 
36535719080239;0.260619;0.016652;0.999425 -0.0279981 0.0191259 0.361985 0.0277147 0.999504 0.0149295 -0.149101 -0.0195344 -0.0143908 0.999706 0.406765 0 0 0 1 
36535719080240;0.347346;0.0144063;0.997524 0.00631877 0.0700354 -0.073224 0.0198854 0.929956 -0.367133 0.33822 -0.0674497 0.367617 0.927528 -0.288639 0 0 0 1 
36535719080241;0.461675;0.0179214;0.945823 0.145527 0.290241 -0.250963 -0.0705426 0.964678 -0.25381 -0.172998 -0.316926 0.219585 0.922681 0.697037 0 0 0 1 
36535719080242;0.184835;0.0108996;0.992286 0.10559 0.0649501 -0.182715 -0.106917 0.994118 0.0172949 0.0583596 -0.0627418 -0.0241057 0.997739 0.150512 0 0 0 1 
36535719080243;0.50255;0.504509;0.999521 -0.00493063 0.0305522 0.0197185 0.0051629 0.999958 -0.00752815 0.00573771 -0.0305138 0.00768228 0.999505 -0.0898342 0 0 0 1 
36535719080244;0.3548;0.174251;0.945324 0.122806 0.302128 -0.30178 -0.15283 0.98519 0.07774 0.0804156 -0.288106 -0.119664 0.950092 1.20602 0 0 0 1 
36535719080245;0.421326;0.0249669;0.969975 0.12063 -0.211181 0.421897 -0.140221 0.986855 -0.0803416 0.549467 0.198713 0.107541 0.97414 -1.2537 0 0 0 1 
36535719080246;0.428678;0.308805;0.996874 0.0719392 0.0326526 -0.0163129 -0.0700083 0.995925 -0.056857 0.124244 -0.0366098 0.0543934 0.997848 -0.413558 0 0 0 1 
36535719080248;0.279109;0.0193649;0.99997 -0.00718229 -0.00295632 0.687169 0.00718236 0.999974 1.19361e-05 0.209418 0.00295616 -3.31691e-05 0.999996 -0.34722 0 0 0 1 
36535719080249;0.148582;0.0984117;0.99983 -0.0119068 -0.0140785 -0.101207 0.011918 0.999929 0.000708502 -0.0103192 0.0140691 -0.000876169 0.999901 -0.171875 0 0 0 1 
36535719080250;0.310686;0.0179753;0.996685 -0.00595113 0.081141 -0.309296 0.00579152 0.999981 0.00220227 0.204258 -0.0811525 -0.00172504 0.9967 -0.664279 0 0 0 1 
36535719080251;0.298484;0.012497;0.999312 0.0312325 -0.0199808 -0.549973 -0.0301607 0.998199 0.0518648 0.666737 0.0215647 -0.0512265 0.998454 0.1844 0 0 0 1 
36535719080252;0.364884;0.252902;0.982666 -0.118454 -0.142608 0.969811 0.118366 0.992928 -0.00912948 -0.320397 0.142681 -0.00790879 0.989737 -0.315899 0 0 0 1 
36535719080253;0.298099;0.231115;0.998788 -0.0420681 -0.0255417 0.468784 0.0407056 0.997832 -0.0517067 -0.0360801 0.0276615 0.0506043 0.998336 -0.572847 0 0 0 1 
36535719080254;0.413793;0.357508;0.998385 -0.0472206 -0.0316007 0.235524 0.0393178 0.975662 -0.215725 0.26279 0.0410183 0.214134 0.975943 -0.38561 0 0 0 1 
36535719080255;0.265645;0.00665085;0.994664 -0.0743613 0.0715084 -0.15094 0.0910327 0.958765 -0.269227 -0.24191 -0.0485396 0.2743 0.960418 0.260841 0 0 0 1 
36535719080256;0.228269;0.215651;0.999767 0.0214412 -0.00257893 0.0262708 -0.0214057 0.999685 0.0130827 0.0261235 0.00285863 -0.0130245 0.999911 -0.0623307 0 0 0 1 
36535719080257;0.266234;0.104637;0.999982 -0.00532587 -0.00271828 -0.491003 0.00540687 0.999514 0.030715 -0.036951 0.00255337 -0.0307292 0.999524 -0.0677924 0 0 0 1 
36535719080258;0.327944;0.00841637;0.999058 -0.0381648 -0.0206682 0.543909 0.0384651 0.999157 0.0143293 -0.688399 0.0201039 -0.0151108 0.999684 0.547638 0 0 0 1 
