#;prob_registration_l1 -r /home/probabilistic_point_clouds_registration/build/tester /home/point_clouds_registration_benchmark//devel/registration_pairs/hauptgebaude_local.txt /home/point_clouds_registration_benchmark//eth/hauptgebaude -s 0.2 -t 0.2 -p 0.3 -r 1000 -m 1 -i 40 
id;initial_error;final_error;transformation
3394309160000;0.248226;0.268958;0.999328 -0.0019082 0.036601 -0.148221 0.000565705 0.999328 0.0366545 0.0136552 -0.0366463 -0.0366092 0.998658 -0.0605979 0 0 0 1 
3394309160001;0.28369;0.00420943;0.992929 0.115795 -0.0261623 -0.402822 -0.114222 0.991918 0.0552414 0.868188 0.0323475 -0.0518624 0.99813 -0.656207 0 0 0 1 
3394309160002;0.278932;0.188019;0.997431 -0.00830748 0.0711448 -0.0282214 0.00702328 0.999808 0.0182817 -0.0983549 -0.0712831 -0.017735 0.997298 0.235101 0 0 0 1 
3394309160003;0.0682056;0.00243096;0.995621 -0.0889225 0.0288357 0.0146211 0.0894354 0.995847 -0.0170123 -0.569315 -0.0272031 0.0195167 0.999439 0.179973 0 0 0 1 
3394309160004;0.286924;0.169592;0.999101 0.0383609 -0.0180606 0.126708 -0.0382546 0.999249 0.00619157 0.759877 0.0182846 -0.0054951 0.999818 -0.311094 0 0 0 1 
3394309160005;0.492031;0.43678;0.999595 0.026947 -0.00915061 -0.0795762 -0.026957 0.999636 -0.000963733 0.442365 0.00912131 0.00121001 0.999958 -0.431772 0 0 0 1 
3394309160006;0.393899;0.214804;0.999015 0.0216488 0.0387259 -0.1978 -0.0225091 0.999506 0.0219181 0.456235 -0.0382323 -0.0227682 0.999009 0.599552 0 0 0 1 
3394309160007;0.411602;0.0193638;0.896703 -0.321168 0.304589 0.323274 0.329768 0.94375 0.0242882 -1.9569 -0.295256 0.0786643 0.952174 1.26147 0 0 0 1 
3394309160008;0.42721;0.244432;0.973442 -0.228074 -0.0198058 0.971074 0.228173 0.973617 0.00284352 -1.64371 0.0186347 -0.00728713 0.9998 0.728648 0 0 0 1 
3394309160009;0.395375;0.035934;0.980841 -0.193624 -0.0214596 0.380535 0.191571 0.978669 -0.0742181 -1.48065 0.0353722 0.0686851 0.997011 0.670522 0 0 0 1 
3394309160010;0.216746;0.0548992;0.993166 -0.00579285 -0.116568 -0.126557 -0.00865364 0.992363 -0.123045 0.322124 0.116391 0.123213 0.985531 -0.559044 0 0 0 1 
3394309160011;0.228138;0.553625;0.97223 -0.230979 -0.0376617 1.53853 0.233095 0.970092 0.0677346 -1.60388 0.02089 -0.0746323 0.996992 0.313793 0 0 0 1 
3394309160012;0.324315;0.777773;0.95136 -0.308058 -0.00384814 1.69583 0.305916 0.943121 0.130148 -2.08756 -0.0364637 -0.124994 0.991487 -0.0369317 0 0 0 1 
3394309160013;0.268523;0.256104;0.997886 0.058113 -0.0290826 -0.035051 -0.0582892 0.998286 -0.0052469 0.122567 0.0287278 0.00693101 0.999563 -0.450931 0 0 0 1 
3394309160014;0.217364;0.0464782;0.999788 0.0192775 0.00727681 0.00170365 -0.0201943 0.98689 0.160128 -0.209252 -0.00409454 -0.160241 0.987069 0.274832 0 0 0 1 
3394309160015;0.198549;0.107611;0.993182 0.0995127 0.0607178 -0.239252 -0.0980596 0.994829 -0.0264668 0.689144 -0.0630376 0.0203324 0.997804 0.620731 0 0 0 1 
3394309160016;0.362241;0.116219;0.937582 -0.227892 0.262687 0.418988 0.220273 0.973682 0.0585087 -1.68288 -0.269107 0.00300632 0.963105 2.38712 0 0 0 1 
3394309160017;0.403444;0.12657;0.92603 -0.267153 0.266641 -0.181101 0.262183 0.963463 0.0547637 -1.22819 -0.271529 0.0191958 0.962239 1.79123 0 0 0 1 
3394309160018;0.415951;0.0952336;0.979783 0.186188 0.0732023 -0.845645 -0.190339 0.980205 0.0544863 1.48878 -0.0616086 -0.0673181 0.995828 0.33261 0 0 0 1 
3394309160019;0.389264;0.177611;0.978182 0.204711 -0.0354049 -0.390072 -0.204518 0.978821 0.00900413 1.07247 0.0364983 -0.00156673 0.999332 -0.960343 0 0 0 1 
3394309160020;0.355901;0.205037;0.961311 -0.151636 -0.229975 0.686018 0.125759 0.98436 -0.123366 -0.786732 0.245085 0.089672 0.965346 -1.30512 0 0 0 1 
3394309160021;0.307009;0.0587889;0.991671 -0.115227 -0.057551 0.639091 0.123365 0.97816 0.167283 -0.936697 0.0370185 -0.17299 0.984228 -0.374124 0 0 0 1 
3394309160022;0.159878;0.0703116;0.991909 -0.0437185 0.119187 -0.217228 0.0525121 0.996045 -0.0716658 -0.263575 -0.115582 0.0773447 0.990282 0.604411 0 0 0 1 
3394309160023;0.179015;0.0778713;0.998441 -0.0414466 0.0373815 0.00746541 0.0422378 0.998895 -0.0206318 -0.31084 -0.036485 0.0221786 0.999088 -0.0427602 0 0 0 1 
3394309160024;0.448507;0.379408;0.988248 -0.139606 0.0622555 0.410875 0.138866 0.990181 0.0160765 -0.00234111 -0.0638885 -0.00724238 0.997931 1.18512 0 0 0 1 
3394309160025;0.259237;0.0268829;0.986993 0.160137 -0.0141814 -0.125058 -0.159461 0.986386 0.0401858 1.04824 0.0204236 -0.0374017 0.999092 -0.685835 0 0 0 1 
3394309160026;0.300277;0.252736;0.995655 0.0818349 0.0444308 -0.295379 -0.0793248 0.995298 -0.0555911 -0.0327896 -0.0487711 0.0518251 0.997465 0.54078 0 0 0 1 
3394309160027;0.421694;0.288396;0.967611 -0.236886 -0.0872622 0.912031 0.249599 0.949495 0.190155 -2.3734 0.0378101 -0.205776 0.977868 0.56944 0 0 0 1 
3394309160028;0.443835;0.181126;0.965509 0.0640116 0.252377 -0.152276 0.000711334 0.968656 -0.248406 0.593566 -0.260368 0.240017 0.935201 1.0623 0 0 0 1 
3394309160029;0.512116;0.281601;0.998346 -0.0196307 0.0540324 0.199593 0.0237128 0.996828 -0.0759758 -0.383352 -0.0523695 0.0771314 0.995645 -0.705209 0 0 0 1 
3394309160031;0.426851;0.258415;0.978951 -0.19931 -0.0439457 0.464993 0.202795 0.974174 0.0992974 -0.595718 0.0230198 -0.106119 0.994087 -0.490953 0 0 0 1 
3394309160032;0.353703;0.340675;0.992137 -0.0833 -0.0934049 0.455259 0.0860564 0.995954 0.0258744 0.720187 0.0908717 -0.033709 0.995292 -0.0655314 0 0 0 1 
3394309160033;0.139215;0.0594023;0.999527 -0.0186288 -0.0244583 -0.0744143 0.0173738 0.99857 -0.0505567 -0.174276 0.0253651 0.0501079 0.998422 0.221067 0 0 0 1 
3394309160034;0.389775;0.206153;0.982986 0.174388 -0.0576884 -0.0736034 -0.171105 0.983563 0.0576786 -0.164832 0.0667986 -0.0468265 0.996667 -0.570399 0 0 0 1 
3394309160035;0.19696;0.0448658;0.978906 0.154866 -0.133267 0.10962 -0.168496 0.980831 -0.0978769 0.346869 0.115554 0.118267 0.986235 -0.126506 0 0 0 1 
3394309160036;0.370886;0.16527;0.969464 -0.243789 0.0265709 -0.0963862 0.233165 0.949903 0.208131 -0.0537654 -0.0759799 -0.19558 0.97774 0.475655 0 0 0 1 
3394309160037;0.384635;0.047125;0.925892 -0.242135 0.289991 -0.15226 0.194347 0.963522 0.183996 -0.694405 -0.323964 -0.114002 0.939176 -0.0312349 0 0 0 1 
3394309160038;0.368064;0.127121;0.984013 0.177941 -0.00749149 -0.600099 -0.17789 0.979951 -0.0897315 0.269167 -0.00862565 0.0896296 0.995938 -0.0294764 0 0 0 1 
3394309160039;0.0746977;0.0620117;0.999988 0.00498591 -4.14042e-05 -0.0118814 -0.00498585 0.999987 0.00123503 -0.0101372 4.75613e-05 -0.00123481 0.999999 -0.0294719 0 0 0 1 
3394309160040;0.279481;0.088777;0.94168 -0.263151 0.209737 0.0541368 0.246182 0.963654 0.103759 -0.323201 -0.229418 -0.0460746 0.972237 0.463476 0 0 0 1 
3394309160041;0.389623;0.213066;0.964328 -0.263644 0.0237368 0.466921 0.261798 0.963141 0.0618255 -0.150946 -0.0391618 -0.0534058 0.997805 -0.0376594 0 0 0 1 
3394309160042;0.283783;0.284285;0.989408 -0.137848 0.0454904 0.166769 0.138291 0.990369 -0.00672827 -0.0045816 -0.0441248 0.0129479 0.998942 -0.200755 0 0 0 1 
3394309160043;0.314339;0.0420731;0.998042 0.0623663 0.00471478 0.156125 -0.0623263 0.985446 0.15815 0.00621156 0.00521706 -0.158134 0.987404 0.657284 0 0 0 1 
3394309160044;0.531805;0.253875;0.952224 0.257834 -0.163678 -0.0620012 -0.243397 0.964421 0.103203 0.298155 0.184464 -0.0584336 0.981101 0.473296 0 0 0 1 
3394309160045;0.395186;0.373425;0.990142 0.0899343 0.107381 -0.232127 -0.0797729 0.992233 -0.0954482 -0.082399 -0.115131 0.0859412 0.989626 0.062599 0 0 0 1 
3394309160046;0.217132;0.0650086;0.993696 -0.106627 0.0346199 0.219548 0.10656 0.994299 0.0037822 -0.481852 -0.0348258 -6.9249e-05 0.999393 0.217506 0 0 0 1 
3394309160047;0.371665;0.00360388;0.976117 -0.14983 0.157312 -0.0766266 0.165987 0.981533 -0.0950905 0.119748 -0.14016 0.118931 0.98296 -0.618128 0 0 0 1 
3394309160048;0.441321;0.214009;0.968113 0.227845 0.104136 -0.212126 -0.203653 0.957873 -0.202499 0.43095 -0.145887 0.174834 0.97373 0.317777 0 0 0 1 
3394309160049;0.529697;0.336998;0.967774 -0.246018 -0.0537392 0.0376669 0.25002 0.964189 0.0884852 -0.695707 0.0300458 -0.0990696 0.994627 -0.102321 0 0 0 1 
3394309160050;0.242722;0.0070653;0.984655 -0.119855 0.126845 -0.00969772 0.121099 0.992638 -0.00211375 -0.181562 -0.125658 0.0174421 0.99192 0.638567 0 0 0 1 
3394309160051;0.288745;0.117395;0.996293 -0.00891628 0.085556 -0.0687836 -3.95928e-06 0.994609 0.1037 -0.0730465 -0.0860194 -0.103316 0.990922 0.545584 0 0 0 1 
3394309160052;0.346607;0.0631579;0.994033 0.0892157 -0.0627615 0.284975 -0.0885773 0.995986 0.0128879 0.00251841 0.0636593 -0.00725181 0.997945 -0.823434 0 0 0 1 
3394309160053;0.177457;0.139338;0.999919 -0.00366899 0.0122137 -0.0464019 0.00365416 0.999993 0.00123648 -0.204485 -0.0122182 -0.00119175 0.999925 0.0409431 0 0 0 1 
3394309160054;0.393365;0.0256276;0.997691 -0.0332334 -0.0592289 0.666372 0.0418435 0.987703 0.150639 -0.635251 0.0534943 -0.15277 0.986813 0.386974 0 0 0 1 
3394309160055;0.395101;0.19891;0.998625 -0.0496462 0.0168223 0.256549 0.0508483 0.995435 -0.0807738 0.239445 -0.0127354 0.0815182 0.99659 -0.565517 0 0 0 1 
3394309160056;0.394726;0.0358013;0.984009 0.177436 0.0155573 -0.571886 -0.178034 0.977125 0.11632 0.559103 0.00543796 -0.11723 0.99309 -0.463973 0 0 0 1 
3394309160057;0.649395;0.139454;0.932064 0.353719 0.0783532 -0.937779 -0.336569 0.925431 -0.174068 1.10466 -0.134081 0.135871 0.981612 0.37706 0 0 0 1 
3394309160058;0.444142;0.0986814;0.991477 0.130134 -0.00622716 -0.351426 -0.130283 0.990356 -0.0471298 0.392189 3.39307e-05 0.0475394 0.998869 0.849965 0 0 0 1 
3394309160059;0.406193;0.364726;0.986719 0.00570134 0.162335 0.468383 0.00182053 0.998933 -0.0461489 -0.540274 -0.162425 0.0458316 0.985656 0.56352 0 0 0 1 
3394309160060;0.43448;0.298784;0.997023 0.0744923 0.0198974 0.0981574 -0.0707066 0.98625 -0.149367 0.20697 -0.0307506 0.147516 0.988582 -0.458007 0 0 0 1 
3394309160062;0.235158;0.0863077;0.962618 -0.217329 0.16166 0.415181 0.233769 0.968065 -0.0905711 -5.26944 -0.136814 0.124977 0.982681 3.00077 0 0 0 1 
3394309160063;0.42419;0.156951;0.980033 0.198047 -0.0177004 0.330774 -0.19761 0.979993 0.023762 4.16377 0.0220523 -0.0197898 0.999561 0.517392 0 0 0 1 
3394309160064;0.439802;0.251043;0.957473 0.228022 0.176783 -0.0972407 -0.235365 0.97167 0.0214548 5.20663 -0.166883 -0.0621509 0.984016 3.47885 0 0 0 1 
3394309160065;0.350677;0.0747332;0.992761 0.0801532 0.0894443 0.197227 -0.0816629 0.996571 0.0133426 1.23399 -0.0880681 -0.0205503 0.995902 1.37884 0 0 0 1 
3394309160066;0.242534;0.0446498;0.999459 0.00596861 -0.0323312 -0.152964 -0.0115831 0.984256 -0.176368 -0.0589307 0.0307695 0.176647 0.983793 -0.212536 0 0 0 1 
3394309160067;0.392633;0.270398;0.994019 0.107865 -0.0170661 -0.0726146 -0.108944 0.990275 -0.0865233 2.5569 0.00756734 0.087865 0.996104 -0.297961 0 0 0 1 
3394309160068;0.328762;0.00784763;0.988732 0.148313 0.0202992 0.257399 -0.149653 0.982562 0.110346 3.74549 -0.00357958 -0.11214 0.993686 -0.409212 0 0 0 1 
3394309160069;0.0998438;0.00733259;0.999779 0.0177393 -0.0112664 0.272519 -0.0177617 0.99984 -0.00188611 0.414505 0.0112312 0.0020858 0.999935 -0.336258 0 0 0 1 
3394309160070;0.429464;0.422147;0.981298 0.146816 0.124495 -0.262778 -0.136435 0.986714 -0.0882119 3.7821 -0.135792 0.0695766 0.988291 3.53491 0 0 0 1 
3394309160071;0.0989399;0.0162805;0.99842 0.0543767 -0.0141973 0.0745128 -0.0542994 0.998508 0.0057748 1.15637 0.0144901 -0.00499477 0.999883 -0.511813 0 0 0 1 
3394309160072;0.334886;0.110192;0.959975 -0.273296 0.0612899 0.692958 0.261693 0.953189 0.151483 -6.15477 -0.0998206 -0.129381 0.986558 1.69616 0 0 0 1 
3394309160073;0.372916;0.0123219;0.989724 -0.142983 0.00159605 0.874192 0.142981 0.989725 0.000894739 -3.22557 -0.00170758 -0.000657339 0.999998 0.404935 0 0 0 1 
3394309160074;0.236373;0.0356844;0.984527 -0.172812 -0.029034 0.34751 0.174345 0.982662 0.0630785 -3.95519 0.0176299 -0.0671644 0.997586 -0.931055 0 0 0 1 
3394309160075;0.259352;0.0474423;0.980338 0.0702354 -0.184401 0.715495 -0.110429 0.969745 -0.217716 2.55457 0.16353 0.233799 0.958434 -3.38827 0 0 0 1 
3394309160076;0.21267;0.0559767;0.983437 0.161341 0.0825827 0.280623 -0.154646 0.984567 -0.0819313 3.61683 -0.094527 0.0678032 0.993211 2.30147 0 0 0 1 
3394309160077;0.259302;0.0166482;0.989245 0.137989 -0.0485027 0.315573 -0.143831 0.977985 -0.151188 3.21895 0.0265726 0.156539 0.987314 0.159501 0 0 0 1 
3394309160078;0.466153;0.179818;0.959409 -0.22252 0.173257 0.451079 0.244837 0.962094 -0.120128 -5.14923 -0.139959 0.157672 0.977523 3.9328 0 0 0 1 
3394309160079;0.423773;0.00631166;0.967002 -0.162239 0.196433 -0.305568 0.186261 0.976254 -0.110613 -3.89776 -0.173823 0.143551 0.974258 3.26811 0 0 0 1 
3394309160080;0.255153;0.0252304;0.994752 0.00611366 0.102137 0.0884024 0.00866961 0.989588 -0.143671 -0.0109209 -0.101952 0.143802 0.984341 1.92972 0 0 0 1 
3394309160081;0.296072;0.00849494;0.997318 -0.0673162 0.028722 0.336535 0.0674745 0.997711 -0.00457508 -0.839057 -0.0283483 0.00650081 0.999577 0.532679 0 0 0 1 
3394309160082;0.355531;0.268463;0.980562 -0.173427 -0.0917688 0.971708 0.168503 0.983934 -0.0589876 -4.02545 0.100525 0.0423776 0.994032 -2.2032 0 0 0 1 
3394309160083;0.180325;0.00366748;0.997461 -0.070211 -0.0119279 -0.0329023 0.0712002 0.979502 0.188431 -1.9275 -0.00154651 -0.188802 0.982014 -0.0612107 0 0 0 1 
3394309160084;0.188147;0.0117157;0.997819 -0.0286072 -0.0594819 -0.0818871 0.0275434 0.999447 -0.0186292 -0.395265 0.0599819 0.0169502 0.998056 -1.64781 0 0 0 1 
3394309160085;0.149775;0.00197915;0.997078 0.0134827 0.0751928 -0.0803866 -0.0254181 0.986771 0.160115 0.245909 -0.0720393 -0.161558 0.98423 1.37109 0 0 0 1 
3394309160086;0.360181;0.00888224;0.976491 0.0333444 -0.212965 1.33036 -0.0508772 0.995702 -0.0773837 1.2602 0.209469 0.0863995 0.973991 -3.68737 0 0 0 1 
3394309160087;0.069233;0.00690788;0.996477 -0.0815574 -0.0195686 0.0494368 0.0818197 0.996562 0.013 -1.81165 0.0184411 -0.0145553 0.999724 -0.408318 0 0 0 1 
3394309160088;0.334175;0.0569118;0.959211 -0.232993 0.160087 -0.160926 0.210261 0.966548 0.146883 -4.81651 -0.188955 -0.107232 0.976113 3.67713 0 0 0 1 
3394309160089;0.384231;0.0112094;0.967722 -0.216616 0.128811 0.120332 0.205081 0.973919 0.0970759 -4.91666 -0.146479 -0.0675258 0.986906 2.31851 0 0 0 1 
3394309160090;0.357505;0.166817;0.989633 -0.120925 0.0774807 0.195303 0.133404 0.973819 -0.184064 -2.55999 -0.0531941 0.192492 0.979856 1.75467 0 0 0 1 
3394309160091;0.460987;0.224527;0.976906 0.208893 0.0449364 -0.252418 -0.210841 0.976523 0.0441341 3.73752 -0.0346622 -0.0525893 0.998014 0.338099 0 0 0 1 
3394309160093;0.186714;0.0306145;0.988116 -0.0706137 -0.136533 0.396666 0.072586 0.997317 0.00951565 -1.25024 0.135495 -0.019313 0.99059 -2.77462 0 0 0 1 
3394309160094;0.310812;0.0268411;0.987042 -0.124674 0.101014 0.385194 0.125127 0.992139 0.00186913 -1.65925 -0.100453 0.0107947 0.994883 1.90223 0 0 0 1 
3394309160095;0.222858;0.00639127;0.998942 -0.0292558 -0.035474 0.306911 0.0285802 0.999403 -0.0194037 -0.62966 0.0360205 0.0183694 0.999182 -0.151954 0 0 0 1 
3394309160096;0.38163;0.0164927;0.996462 -0.0695573 -0.047181 0.369766 0.0742901 0.991441 0.107357 -1.67156 0.0393097 -0.110483 0.9931 0.0540624 0 0 0 1 
3394309160097;0.257713;0.0139269;0.999803 0.0134073 -0.0146294 -0.046468 -0.0132705 0.999868 0.00940574 0.223331 0.0147536 -0.00920975 0.999849 0.396772 0 0 0 1 
3394309160098;0.436886;0.329394;0.994746 0.102236 -0.00523994 -0.0377522 -0.102349 0.992206 -0.071075 1.80591 -0.00206731 0.0712379 0.997457 -0.031113 0 0 0 1 
3394309160099;0.352112;0.0617473;0.996192 0.0843127 0.0222198 0.570152 -0.0792287 0.981724 -0.173034 1.93722 -0.0364027 0.170614 0.984665 0.428156 0 0 0 1 
3394309160100;0.383134;0.00535594;0.996767 -0.0121613 -0.0794176 0.388962 0.0173981 0.997695 0.0655842 -0.297857 0.078437 -0.0667539 0.994682 -0.526762 0 0 0 1 
3394309160101;0.349174;0.112796;0.999737 0.00776044 0.0215793 0.014313 -0.00525641 0.993494 -0.113762 0.58629 -0.0223218 0.113619 0.993274 1.22418 0 0 0 1 
3394309160102;0.328612;0.00725267;0.989429 0.102591 -0.102496 0.393493 -0.0900739 0.98867 0.120074 1.54791 0.113653 -0.109572 0.98746 -1.38534 0 0 0 1 
3394309160103;0.353684;0.00939289;0.997391 -0.000296982 0.0721875 -0.754411 -0.00342944 0.998668 0.051492 -0.128434 -0.0721066 -0.0516053 0.996061 1.75681 0 0 0 1 
3394309160104;0.220681;0.0062041;0.980232 -0.136321 0.143393 -0.271515 0.131342 0.990374 0.0436772 -2.05135 -0.147967 -0.0239803 0.988702 2.57786 0 0 0 1 
3394309160105;0.408456;0.165012;0.956682 0.282696 0.0695947 0.458275 -0.287909 0.954143 0.0819698 5.36912 -0.0432308 -0.0984559 0.994202 1.26639 0 0 0 1 
3394309160106;0.441483;0.0231433;0.90031 -0.408197 0.151053 1.51635 0.361839 0.894822 0.261469 -7.08522 -0.241897 -0.180746 0.953319 4.59958 0 0 0 1 
3394309160107;0.532391;0.100358;0.934632 -0.333261 -0.1241 2.04297 0.319313 0.940067 -0.11964 -5.75675 0.156534 0.0721928 0.985031 -3.31533 0 0 0 1 
3394309160108;0.223867;0.025957;0.999881 0.0154245 0.000682301 -0.142715 -0.01543 0.999841 0.00889246 0.181026 -0.000545031 -0.00890193 0.99996 0.585283 0 0 0 1 
3394309160109;0.0784344;0.00792822;0.995223 -0.0976181 -0.00145327 -0.0122858 0.0976284 0.995059 0.0180512 -1.80912 -0.00031603 -0.0181068 0.999836 -0.0311552 0 0 0 1 
3394309160110;0.305364;0.0289916;0.985554 -0.160274 0.0547275 -0.276999 0.167095 0.972877 -0.159969 -2.94949 -0.0276043 0.166803 0.985604 1.37178 0 0 0 1 
3394309160111;0.289575;0.828793;0.965263 0.233676 0.11689 -0.984995 -0.224876 0.970785 -0.0837041 4.19502 -0.133035 0.0545106 0.989611 2.68046 0 0 0 1 
3394309160112;0.386373;0.0775526;0.969787 -0.238232 0.0525272 0.383186 0.238037 0.971204 0.0100203 -4.47871 -0.0534018 0.00278586 0.998569 1.80142 0 0 0 1 
3394309160113;0.347639;0.01442;0.999168 0.0407378 -0.00209666 -0.108422 -0.0407387 0.99917 -0.000418926 1.01435 0.00207786 0.000503993 0.999998 0.815323 0 0 0 1 
3394309160114;0.578959;0.465756;0.999229 0.0332766 0.0208202 -0.139583 -0.0331474 0.999429 -0.00652164 0.332568 -0.0210253 0.00582648 0.999762 0.28819 0 0 0 1 
3394309160115;0.373208;0.0266214;0.996919 -0.00457338 0.0783056 -0.327541 0.0117164 0.995782 -0.0910046 -0.0670839 -0.077559 0.0916416 0.992767 0.622569 0 0 0 1 
3394309160116;0.177223;0.030604;0.999797 -0.0198374 -0.00366208 0.243994 0.0197938 0.999737 -0.0115884 -0.0193044 0.003891 0.0115135 0.999926 -0.176442 0 0 0 1 
3394309160117;0.448363;0.0213248;0.979009 -0.19917 -0.0432796 0.309595 0.181341 0.948115 -0.261139 -2.66805 0.0930449 0.247809 0.964331 -2.14882 0 0 0 1 
3394309160118;0.307421;0.219295;0.989398 0.144205 0.0172269 0.226922 -0.137385 0.967801 -0.210919 2.88282 -0.0470879 0.206316 0.977352 0.476982 0 0 0 1 
3394309160119;0.336676;0.126051;0.950982 -0.307842 -0.029445 1.0532 0.307922 0.95141 -0.00188488 -5.58758 0.0285945 -0.00727427 0.999565 -0.13175 0 0 0 1 
3394309160120;0.390228;0.084193;0.909964 -0.370313 0.186641 1.21229 0.388809 0.918384 -0.0734737 -6.85051 -0.1442 0.139426 0.979677 3.16737 0 0 0 1 
3394309160121;0.364275;0.117792;0.967995 -0.133101 0.212767 -0.0917849 0.171409 0.969873 -0.173108 -2.47317 -0.183316 0.204038 0.961646 3.34936 0 0 0 1 
3394309160122;0.150012;0.210803;0.980981 0.189801 -0.0406317 0.23531 -0.190851 0.981333 -0.0236934 3.40033 0.0353762 0.0309974 0.998893 -0.576806 0 0 0 1 
3394309160124;0.265891;0.0575199;0.976468 -0.201614 0.0765581 -0.0788523 0.204204 0.97854 -0.0275817 -5.19208 -0.0693543 0.0425661 0.996684 1.45475 0 0 0 1 
3394309160125;0.0924407;0.0798993;0.996195 0.0315074 0.0812615 0.0229723 -0.0368444 0.997202 0.0650359 0.777922 -0.078985 -0.0677824 0.994569 1.83939 0 0 0 1 
3394309160126;0.454214;0.106736;0.932189 0.242752 -0.268504 2.67966 -0.246519 0.968929 0.0201349 6.50579 0.265049 0.047422 0.963068 -5.92458 0 0 0 1 
3394309160127;0.391085;0.19768;0.953492 0.290907 -0.0789017 0.927613 -0.274426 0.94611 0.171946 6.71455 0.12467 -0.142297 0.981941 -3.21975 0 0 0 1 
3394309160128;0.398984;0.233866;0.993539 0.110828 -0.0244238 -0.35927 -0.112006 0.992252 -0.0537578 3.18599 0.0182767 0.0561461 0.998255 -0.484871 0 0 0 1 
3394309160129;0.0588853;0.0173663;0.999991 -0.000922865 0.00417931 -0.0327935 0.000907573 0.999993 0.00365959 -0.105099 -0.00418265 -0.00365577 0.999985 0.187979 0 0 0 1 
3394309160130;0.354684;0.416822;0.985962 -0.109551 0.126004 0.24915 0.109279 0.99397 0.00909006 -3.40102 -0.12624 0.00480708 0.991988 2.98793 0 0 0 1 
3394309160131;0.385569;0.431066;0.966287 0.249312 0.0642867 0.0160464 -0.250819 0.967895 0.0164144 6.41501 -0.0581304 -0.0319853 0.997796 1.42719 0 0 0 1 
3394309160132;0.356548;0.14951;0.945086 -0.323461 0.0467469 1.08174 0.326817 0.934555 -0.140707 -7.90473 0.00182579 0.148258 0.988947 0.100024 0 0 0 1 
3394309160133;0.361702;0.0737368;0.953626 -0.170923 -0.247754 1.48356 0.221558 0.955772 0.193419 -5.23008 0.203736 -0.239341 0.949319 -5.01167 0 0 0 1 
3394309160134;0.414145;0.0429877;0.98093 -0.192337 0.0279791 1.07069 0.193937 0.978099 -0.0755746 -4.29604 -0.0128305 0.0795595 0.996748 0.356081 0 0 0 1 
3394309160135;0.292331;0.0158534;0.999125 0.0147283 -0.0391568 0.101677 -0.0114605 0.996533 0.0824065 -0.162983 0.0402348 -0.0818856 0.995829 -1.65052 0 0 0 1 
3394309160136;0.443471;0.184883;0.987514 0.156546 -0.0175806 0.122006 -0.156209 0.987539 0.0191236 4.19563 0.0203552 -0.0161386 0.999663 -1.29842 0 0 0 1 
3394309160137;0.250953;0.0272735;0.983856 -0.17446 -0.0398913 0.351825 0.177419 0.980044 0.0896432 -4.27693 0.0234561 -0.0952735 0.995175 -1.14133 0 0 0 1 
3394309160138;0.370395;0.0925806;0.947186 -0.237429 -0.215559 1.5066 0.217266 0.969526 -0.113204 -4.77782 0.235868 0.0603912 0.969907 -5.1231 0 0 0 1 
3394309160139;0.0858104;0.00878998;0.997188 0.074734 -0.00556824 0.159251 -0.0741279 0.994557 0.0732275 1.56149 0.0110105 -0.0726088 0.9973 -0.435319 0 0 0 1 
3394309160140;0.322515;0.182944;0.951209 -0.0367466 -0.306352 1.65853 0.0330602 0.999305 -0.0172153 -0.825275 0.306772 0.00624727 0.951763 -7.7503 0 0 0 1 
3394309160141;0.361297;0.201605;0.974662 0.223621 0.00521305 0.0660102 -0.22368 0.974285 0.0271204 5.69913 0.000985718 -0.0275993 0.999619 -0.119368 0 0 0 1 
3394309160142;0.193657;0.194219;0.998361 0.0262792 0.0508424 -0.193181 -0.0288883 0.998266 0.0512824 0.608569 -0.0494066 -0.0526671 0.997389 1.49156 0 0 0 1 
3394309160143;0.448915;0.107228;0.984039 0.176794 -0.020266 -0.320209 -0.176094 0.983844 0.0322687 3.91163 0.0256435 -0.0281849 0.999274 -0.941733 0 0 0 1 
3394309160144;0.382267;0.16928;0.956388 -0.243843 -0.160818 0.649526 0.230491 0.968196 -0.0973104 -6.08008 0.179432 0.0559992 0.982175 -4.39305 0 0 0 1 
3394309160145;0.390824;0.0954435;0.926014 0.141151 -0.350105 2.40818 -0.220029 0.955443 -0.196765 5.44855 0.306732 0.259241 0.915811 -7.37082 0 0 0 1 
3394309160146;0.519843;0.0483597;0.990318 0.0629798 0.123711 0.121374 -0.0892469 0.971435 0.219883 1.86066 -0.106329 -0.228795 0.96765 3.44231 0 0 0 1 
3394309160147;0.314525;0.176372;0.976037 -0.198911 -0.0882434 0.0190188 0.210293 0.966444 0.147523 -4.96383 0.0559384 -0.162545 0.985114 -1.51999 0 0 0 1 
3394309160148;0.159477;0.0323584;0.996883 0.0102363 0.0782212 0.170033 -0.0178782 0.995062 0.0976289 0.090579 -0.0768357 -0.098723 0.992144 1.66285 0 0 0 1 
3394309160149;0.32406;0.373383;0.998064 -0.0621881 0.00120031 0.390871 0.0621805 0.997092 -0.044066 -0.744454 0.00154356 0.0440553 0.999028 -0.0307296 0 0 0 1 
3394309160150;0.0510986;0.021594;0.998398 0.0536652 0.0179393 -0.00529639 -0.0536987 0.998556 0.00138926 1.26317 -0.0178389 -0.00235035 0.999838 0.42768 0 0 0 1 
3394309160151;0.610087;0.110376;0.94893 -0.274767 -0.155031 2.31439 0.260902 0.959743 -0.104034 -6.03192 0.177375 0.0582731 0.982417 -3.89506 0 0 0 1 
3394309160152;0.362678;0.146945;0.947338 0.20399 -0.246857 1.80668 -0.230781 0.969316 -0.0846506 5.88238 0.222014 0.137163 0.965348 -5.30454 0 0 0 1 
3394309160153;0.287468;0.0407735;0.960891 0.269213 -0.064902 1.14721 -0.249117 0.942685 0.222002 5.4964 0.120948 -0.197151 0.972884 -2.8775 0 0 0 1 
3394309160155;0.447786;0.324919;0.968461 -0.231979 -0.09093 0.589827 0.240153 0.966314 0.0925394 -2.25013 0.0663997 -0.111458 0.991548 -0.633557 0 0 0 1 
3394309160156;0.233355;0.0544348;0.945406 0.0805649 -0.315778 1.14773 -0.071944 0.99665 0.0388842 0.614256 0.317853 -0.014043 0.948036 -2.87406 0 0 0 1 
3394309160157;0.264959;0.0977409;0.988786 0.0484106 0.141278 -0.151909 -0.0765617 0.97655 0.201218 0.36807 -0.128224 -0.209778 0.969305 0.878798 0 0 0 1 
3394309160158;0.276214;0.0146581;0.986366 -0.159918 0.0388318 0.141878 0.160122 0.987095 -0.00218452 -1.64806 -0.0379814 0.00837258 0.999243 -0.208419 0 0 0 1 
3394309160159;0.327677;0.0173883;0.999429 0.0293686 0.0167136 -0.183581 -0.030441 0.99722 0.0680077 0.193575 -0.0146698 -0.0684776 0.997545 0.967067 0 0 0 1 
3394309160160;0.133668;0.110067;0.998889 -0.0100349 0.0460429 -0.171738 0.0121344 0.998888 -0.0455481 -0.0704487 -0.0455347 0.0460562 0.997901 0.183813 0 0 0 1 
3394309160161;0.30505;0.223352;0.98979 0.137725 -0.0367182 -0.365417 -0.137265 0.990424 0.0147826 0.85847 0.0384025 -0.00959157 0.999216 -0.0245994 0 0 0 1 
3394309160162;0.0502853;0.0212194;0.999975 -0.00644873 -0.00273548 0.0517163 0.00644396 0.999978 -0.00174748 -0.120944 0.00274669 0.00172981 0.999995 0.0408217 0 0 0 1 
3394309160163;0.250016;0.0229406;0.994489 -0.07125 -0.0769062 0.107064 0.0882824 0.964789 0.247765 -1.2354 0.056545 -0.253189 0.965763 -0.331084 0 0 0 1 
3394309160164;0.523579;0.266112;0.994386 0.0971763 -0.0418619 -0.627742 -0.0977225 0.995151 -0.0111999 0.149304 0.0405705 0.0152278 0.999061 0.0462481 0 0 0 1 
3394309160165;0.368871;0.107988;0.96576 0.259083 0.0135197 0.108565 -0.251877 0.948837 -0.190439 2.32378 -0.0621675 0.180513 0.981606 1.31712 0 0 0 1 
3394309160166;0.306131;0.0128861;0.999552 -0.011267 -0.0277154 0.123496 0.0112299 0.999936 -0.00149481 -0.107229 0.0277305 0.0011829 0.999615 -1.01557 0 0 0 1 
3394309160167;0.598213;0.117864;0.961545 -0.149955 -0.230097 1.46295 0.183346 0.974246 0.131262 -2.55413 0.204488 -0.168402 0.964275 -1.64595 0 0 0 1 
3394309160168;0.1742;0.0291702;0.999289 0.0370775 -0.00689561 -0.0738189 -0.0370683 0.999312 0.00146304 0.324832 0.00694511 -0.0012064 0.999975 0.405092 0 0 0 1 
3394309160169;0.457369;0.177648;0.982999 -0.16451 0.0815419 -0.190902 0.164494 0.986353 0.0069602 -2.66731 -0.0815742 0.00657132 0.996646 1.22795 0 0 0 1 
3394309160170;0.210774;0.0227138;0.985912 -0.101056 0.133288 -0.232004 0.122064 0.979499 -0.160255 -0.935152 -0.114361 0.174267 0.978035 0.941623 0 0 0 1 
3394309160171;0.312176;0.0370651;0.980634 -0.193628 0.0294241 0.453894 0.17946 0.948529 0.260934 -1.92044 -0.0784337 -0.2506 0.964908 0.643876 0 0 0 1 
3394309160172;0.347442;0.0123263;0.991775 -0.0551099 -0.11552 0.159851 0.0400299 0.990834 -0.129018 -0.361213 0.121571 0.123333 0.984891 -0.145354 0 0 0 1 
3394309160173;0.513361;0.328501;0.969357 -0.223122 0.102783 0.655301 0.23052 0.97078 -0.0666859 -2.05556 -0.0849002 0.0883359 0.992466 0.698277 0 0 0 1 
3394309160174;0.158617;0.0151034;0.997456 0.050812 -0.0500012 -0.169513 -0.0564096 0.991436 -0.117783 0.640583 0.0435882 0.120304 0.99178 -0.127863 0 0 0 1 
3394309160175;0.423765;0.0191947;0.985432 -0.0361944 -0.166174 1.1201 0.00120508 0.978553 -0.205992 0.467927 0.170066 0.202791 0.964341 -1.58844 0 0 0 1 
3394309160176;0.19621;0.0261027;0.99585 -0.0370684 0.0831204 0.0561227 0.0334465 0.998447 0.0445521 -0.0676532 -0.0846428 -0.0415871 0.995543 0.428087 0 0 0 1 
3394309160177;0.557777;0.0326079;0.955446 0.1804 -0.233619 0.593879 -0.0845544 0.9256 0.368939 0.403839 0.282795 -0.332748 0.899614 -1.47748 0 0 0 1 
3394309160178;0.217629;0.1347;0.999987 -0.00346712 0.00366521 0.0428537 0.00346925 0.999994 -0.000576455 -0.290176 -0.00366319 0.000589163 0.999993 0.370772 0 0 0 1 
3394309160179;0.268847;0.785163;0.962605 -0.270903 0.00147845 1.81031 0.270779 0.962302 0.0255793 -2.94388 -0.00835223 -0.0242224 0.999672 -0.000417965 0 0 0 1 
3394309160180;0.363436;0.0352518;0.999452 -0.0106536 0.0313324 -0.106165 0.0123122 0.998507 -0.0532269 0.304582 -0.0307186 0.0535835 0.998091 1.13813 0 0 0 1 
3394309160181;0.481709;0.301356;0.99308 -0.117116 0.00870957 0.107917 0.117328 0.992631 -0.0303057 -1.55519 -0.00509611 0.0311178 0.999503 0.709733 0 0 0 1 
3394309160182;0.293983;0.0102966;0.998396 -0.0450467 -0.0342947 0.0446631 0.0448285 0.998969 -0.00710699 -0.927192 0.0345795 0.00555822 0.999386 0.264189 0 0 0 1 
3394309160183;0.436918;0.0351855;0.97337 -0.229166 0.00584671 0.501668 0.220214 0.941824 0.253916 -2.89015 -0.0636955 -0.245867 0.967209 0.191075 0 0 0 1 
3394309160184;0.141133;0.0252224;0.999901 -0.00865329 -0.0110674 -0.25944 0.00841365 0.999733 -0.0215187 -0.157337 0.0112507 0.0214235 0.999707 0.0968435 0 0 0 1 
3394309160186;0.458534;0.251265;0.993226 0.11519 -0.0152741 0.194629 -0.11573 0.99243 -0.0411055 2.206 0.0104235 0.0425947 0.999038 -0.878683 0 0 0 1 
3394309160187;0.388653;0.305238;0.989516 -0.142582 -0.0230062 0.264341 0.140164 0.986464 -0.0851027 -3.09942 0.0348289 0.0809858 0.996107 -0.401918 0 0 0 1 
3394309160188;0.269366;0.0321805;0.986932 -0.158732 0.0277491 0.18894 0.152959 0.977005 0.148542 -3.20643 -0.0506894 -0.142356 0.988517 1.34379 0 0 0 1 
3394309160189;0.483079;0.134733;0.969462 -0.201078 -0.140398 0.932386 0.174172 0.967552 -0.183051 -2.89609 0.17265 0.153008 0.973027 -3.73559 0 0 0 1 
3394309160190;0.0786131;0.0179195;0.998296 0.0542919 -0.0213783 0.0698273 -0.0543849 0.998513 -0.00379347 1.03612 0.0211406 0.00494966 0.999764 -0.546304 0 0 0 1 
3394309160191;0.461554;0.16394;0.972799 -0.231481 -0.0088984 0.768455 0.231605 0.972658 0.0171949 -5.45378 0.00467481 -0.0187881 0.999813 0.512616 0 0 0 1 
3394309160192;0.432023;0.0884493;0.9884 -0.0325979 -0.148336 1.07688 0.00515198 0.983329 -0.181765 0.525857 0.151788 0.178892 0.972089 -2.5294 0 0 0 1 
3394309160193;0.353577;0.238023;0.999484 0.0287111 0.0144153 -0.0142979 -0.0284091 0.999381 -0.0207303 0.435505 -0.0150016 0.0203101 0.999681 -0.271687 0 0 0 1 
3394309160194;0.352735;0.331269;0.960115 -0.211516 0.182865 0.26413 0.210179 0.977293 0.0268865 -3.92628 -0.1844 0.0126203 0.98277 3.80703 0 0 0 1 
3394309160195;0.362433;0.331258;0.999589 0.0216526 0.0188026 0.024906 -0.0214551 0.999713 -0.0106469 0.463543 -0.0190278 0.0102391 0.999767 0.173595 0 0 0 1 
3394309160196;0.182053;0.0262427;0.993095 -0.106876 0.0483678 -0.0398206 0.0998194 0.98645 0.130203 -2.2508 -0.0616279 -0.124476 0.990307 0.843818 0 0 0 1 
3394309160197;0.398636;0.120554;0.96557 0.234013 -0.113631 1.3286 -0.250274 0.954803 -0.160354 5.22983 0.0709703 0.183272 0.980497 -0.656837 0 0 0 1 
3394309160198;0.114611;0.057936;0.993715 -0.111655 0.00791998 0.137509 0.111714 0.993713 -0.00740313 -2.32226 -0.00704359 0.00824137 0.999941 0.187186 0 0 0 1 
3394309160199;0.260161;0.210069;0.994804 0.0986938 0.024976 0.295867 -0.0978014 0.9946 -0.0347354 1.85951 -0.0282693 0.0321122 0.999084 0.594813 0 0 0 1 
3394309160200;0.239388;0.0144611;0.999398 -0.0329189 -0.010936 -0.0233859 0.0330503 0.999381 0.0120606 -0.730277 0.0105322 -0.0124148 0.999867 0.378714 0 0 0 1 
3394309160201;0.340496;0.0358699;0.975781 -0.0836124 0.20214 0.518458 0.119051 0.978216 -0.170063 -1.73319 -0.183517 0.190009 0.964478 3.47808 0 0 0 1 
3394309160202;0.373558;0.00166558;0.986289 -0.0822968 0.143042 -0.687002 0.0829577 0.996552 0.00134763 -1.39247 -0.14266 0.0105373 0.989716 2.14085 0 0 0 1 
3394309160203;0.451354;0.420488;0.999474 0.0235535 0.0222754 0.00890696 -0.0229643 0.999389 -0.0263443 0.439883 -0.0228823 0.0258189 0.999405 0.404458 0 0 0 1 
3394309160204;0.469117;0.349372;0.998192 0.0597064 -0.00688701 0.0630259 -0.0596338 0.998167 0.01031 1.18378 0.00748996 -0.00988067 0.999923 -0.693903 0 0 0 1 
3394309160205;0.327235;0.0985696;0.98715 -0.154602 -0.0404199 0.763382 0.156416 0.986601 0.0463941 -3.66745 0.0327057 -0.0521202 0.998105 -1.05043 0 0 0 1 
3394309160206;0.165571;0.0233452;0.998429 -0.0122043 -0.0546894 -0.127905 0.00670416 0.995 -0.0996466 0.0764735 0.0556321 0.0991233 0.993519 -0.680236 0 0 0 1 
3394309160207;0.420271;0.0401097;0.983914 0.1036 0.145534 0.215418 -0.112129 0.99235 0.0516531 2.02984 -0.139069 -0.0671407 0.988004 3.61799 0 0 0 1 
3394309160208;0.487381;0.0833032;0.932771 0.28347 -0.222674 1.35472 -0.227952 0.942393 0.244812 3.75867 0.279243 -0.177594 0.943654 -5.17019 0 0 0 1 
3394309160209;0.287731;0.0338067;0.995892 0.0712336 0.0559088 -0.134301 -0.0769382 0.991216 0.107571 1.58804 -0.047755 -0.111431 0.992624 0.176458 0 0 0 1 
3394309160210;0.372686;0.121471;0.973673 -0.225039 0.0363233 0.545869 0.227762 0.966929 -0.114773 -4.31006 -0.0092938 0.120024 0.992727 0.935017 0 0 0 1 
3394309160211;0.423056;0.297928;0.996814 -0.0263484 -0.0752806 0.418548 0.0296746 0.998616 0.0434121 -0.860178 0.0740326 -0.0455077 0.996217 -0.778375 0 0 0 1 
3394309160212;0.468609;0.101968;0.977777 -0.207612 0.0291265 1.00487 0.208296 0.9778 -0.0227858 -4.74364 -0.0237493 0.0283464 0.999316 1.0847 0 0 0 1 
3394309160213;0.266849;0.0021715;0.978553 -0.148962 0.142279 -0.318996 0.174254 0.966957 -0.18609 -3.04547 -0.109858 0.206892 0.972176 2.47458 0 0 0 1 
3394309160214;0.475344;0.408081;0.993661 -0.0975454 0.0558887 0.30391 0.100118 0.993947 -0.0452345 -1.95086 -0.051138 0.0505432 0.997412 1.79972 0 0 0 1 
3394309160215;0.281079;0.0938386;0.941854 0.0843217 -0.325269 1.50258 -0.068633 0.99587 0.0594311 1.4241 0.328937 -0.0336512 0.943752 -6.51087 0 0 0 1 
3394309160217;0.276984;0.191518;0.999998 -0.000651809 0.00180429 -0.0480576 0.000647901 0.999997 0.0021654 0.322666 -0.0018057 -0.00216423 0.999996 0.395041 0 0 0 1 
3394309160218;0.423487;0.470361;0.968157 0.241314 -0.0666283 -0.040966 -0.232381 0.965273 0.119364 2.59594 0.0931189 -0.10008 0.990612 -0.56613 0 0 0 1 
3394309160219;0.217232;0.0517683;0.985563 0.160654 -0.0534362 0.384033 -0.167851 0.968455 -0.184175 2.50397 0.022162 0.190486 0.98144 -0.00823982 0 0 0 1 
3394309160220;0.375115;0.0476137;0.945574 0.1764 -0.273448 1.16743 -0.114363 0.966862 0.228252 0.718045 0.30465 -0.184557 0.934413 -4.3869 0 0 0 1 
3394309160221;0.326953;0.0307104;0.981279 0.18101 -0.0657856 -0.109812 -0.177698 0.982648 0.0531617 1.94174 0.0742669 -0.0404765 0.996417 -0.421362 0 0 0 1 
3394309160222;0.142051;0.0067704;0.999218 -0.0351863 0.0180168 -0.25738 0.0356976 0.998945 -0.0288907 -0.733052 -0.0169813 0.0295112 0.99942 0.33617 0 0 0 1 
3394309160223;0.261461;0.138584;0.958978 0.27269 -0.0774678 0.0264893 -0.269009 0.961581 0.0547335 3.43356 0.0894168 -0.0316487 0.995491 -1.24962 0 0 0 1 
3394309160224;0.0854273;0.13467;0.993843 0.110388 -0.00949685 -0.190533 -0.110294 0.99385 0.00986519 1.35671 0.0105274 -0.00875701 0.999906 -0.137506 0 0 0 1 
3394309160225;0.231107;0.0132389;0.999966 0.00213792 -0.00792705 -0.186496 -0.00199796 0.999843 0.0176224 0.544019 0.00796348 -0.0176059 0.999813 0.0849698 0 0 0 1 
3394309160226;0.061528;0.00141678;0.999994 0.00204287 -0.00284752 0.00130928 -0.00205276 0.999992 -0.00347475 0.0715579 0.0028404 0.00348057 0.99999 -0.193083 0 0 0 1 
3394309160227;0.376137;0.430521;0.991051 0.125745 -0.0447969 -0.257465 -0.1257 0.992061 0.00382983 2.02703 0.0449228 0.00183541 0.998989 -0.183712 0 0 0 1 
3394309160228;0.303595;0.0429698;0.964046 -0.252911 0.0815527 0.294567 0.264844 0.939547 -0.217044 -3.13964 -0.0217298 0.23084 0.972749 0.27036 0 0 0 1 
3394309160229;0.401686;0.0351409;0.937432 -0.284012 0.201394 1.05648 0.289648 0.957132 0.00154823 -3.32238 -0.1932 0.0568819 0.979509 2.65589 0 0 0 1 
3394309160230;0.10387;0.0871837;0.991488 0.12538 -0.0351044 -0.0767672 -0.126561 0.991385 -0.0337244 1.66984 0.0305737 0.0378802 0.998814 -0.363033 0 0 0 1 
3394309160231;0.26477;0.0379446;0.936263 -0.22564 0.269254 0.219367 0.191861 0.970481 0.146136 -2.79643 -0.29428 -0.0851626 0.951917 3.88648 0 0 0 1 
3394309160232;0.456423;0.0267313;0.87716 0.285727 -0.385942 2.70761 -0.28423 0.956729 0.0623093 3.90994 0.387045 0.0550411 0.920417 -5.39879 0 0 0 1 
3394309160233;0.155497;0.017251;0.999222 0.0334111 0.0209755 -0.161247 -0.0339824 0.999044 0.0274987 0.377918 -0.0200367 -0.0281901 0.999402 0.64121 0 0 0 1 
3394309160234;0.449685;0.24354;0.999522 -0.0222251 0.0214759 0.102003 0.0230342 0.999005 -0.0381938 -0.0112598 -0.0206057 0.0386703 0.99904 -0.530377 0 0 0 1 
3394309160235;0.164832;0.0199644;0.973885 0.126365 -0.188629 0.389471 -0.116756 0.99127 0.0612581 1.50359 0.194723 -0.0376348 0.980136 -2.53474 0 0 0 1 
3394309160236;0.330502;0.0659678;0.978371 0.20665 -0.0093179 0.0969514 -0.205045 0.962849 -0.175724 3.17401 -0.0273416 0.173834 0.984395 0.713821 0 0 0 1 
3394309160237;0.197559;0.0482237;0.999935 -0.0113078 0.00129178 0.197123 0.0112976 0.999907 0.00763818 0.106282 -0.00137803 -0.0076231 0.99997 -0.277041 0 0 0 1 
3394309160238;0.37956;0.15857;0.982127 -0.139073 0.126824 0.470498 0.124475 0.98535 0.11658 -1.46908 -0.14118 -0.0987102 0.985051 1.876 0 0 0 1 
3394309160239;0.353533;0.0231834;0.995517 -0.0433171 0.0840774 -0.692326 0.0424894 0.999029 0.0116099 -0.393675 -0.0844987 -0.00798546 0.996392 0.481287 0 0 0 1 
3394309160240;0.540644;0.303083;0.997081 0.0750417 0.0140716 -0.436796 -0.073355 0.992673 -0.0960144 1.44119 -0.0211736 0.0947019 0.99528 -0.000307308 0 0 0 1 
3394309160241;0.23847;0.431136;0.982968 0.0790473 0.16591 -0.717746 -0.0882037 0.994918 0.048555 0.954162 -0.161229 -0.0623618 0.984945 1.6267 0 0 0 1 
3394309160242;0.249114;0.0152564;0.999426 -0.0225269 0.0253131 -0.302634 0.0220601 0.999584 0.0185723 -0.280579 -0.025721 -0.0180032 0.999507 -0.272599 0 0 0 1 
3394309160243;0.309141;0.201037;0.990871 0.126069 0.0477662 -0.106247 -0.116225 0.978361 -0.171179 1.79494 -0.0683129 0.164065 0.984081 0.279725 0 0 0 1 
3394309160244;0.346424;0.208215;0.999996 -0.00144487 -0.00261297 0.0292221 0.00145102 0.999996 0.00235472 -0.382949 0.00260956 -0.00235851 0.999994 0.576275 0 0 0 1 
3394309160245;0.222213;0.332988;0.982097 0.142341 0.12339 -0.69232 -0.148117 0.988203 0.0389278 2.04707 -0.116393 -0.0565071 0.991594 1.04449 0 0 0 1 
3394309160246;0.394505;0.283266;0.994047 0.108229 0.0125358 -0.589911 -0.108931 0.989556 0.0944037 0.795923 -0.00218767 -0.0952072 0.995455 -0.0580312 0 0 0 1 
3394309160248;0.387346;0.35194;0.992988 0.0946757 -0.070793 0.287561 -0.0893612 0.993186 0.0748086 1.6948 0.0773931 -0.0679579 0.994682 -0.787128 0 0 0 1 
3394309160249;0.0790091;0.00787866;0.996277 -0.0859137 0.00710158 0.0875721 0.0859111 0.996303 0.000670275 -1.46945 -0.00713291 -5.76756e-05 0.999975 0.0989725 0 0 0 1 
3394309160250;0.489213;0.00705514;0.93254 0.266097 -0.244054 1.76589 -0.224881 0.956856 0.183999 3.25536 0.282486 -0.116703 0.952146 -3.93194 0 0 0 1 
3394309160251;0.37181;0.123946;0.901367 0.392594 -0.182779 1.80524 -0.350554 0.909282 0.224319 5.74542 0.254264 -0.13812 0.957221 -4.34049 0 0 0 1 
3394309160252;0.374908;0.263957;0.998907 -0.0451248 -0.0121656 0.220315 0.0451122 0.998981 -0.00131057 -1.21854 0.0122123 0.000760327 0.999925 -0.471128 0 0 0 1 
3394309160253;0.217625;0.0107414;0.971473 -0.152139 0.181916 0.276977 0.160671 0.986455 -0.0330319 -2.61717 -0.174427 0.0613183 0.982759 3.42994 0 0 0 1 
3394309160254;0.306431;0.238655;0.999763 -0.0207442 0.00664059 -0.0681246 0.0207426 0.999785 0.000317685 -0.0805723 -0.00664575 -0.000179866 0.999978 0.464554 0 0 0 1 
3394309160255;0.470321;0.185896;0.973806 -0.225061 -0.0324 -0.354608 0.218237 0.965111 -0.144686 -3.27174 0.0638327 0.133825 0.988947 -1.18812 0 0 0 1 
3394309160256;0.293686;0.00511584;0.999404 0.030839 -0.0154923 -0.460309 -0.0305705 0.999383 0.01728 0.00595403 0.0160157 -0.0167961 0.999731 -0.0294088 0 0 0 1 
3394309160257;0.406176;0.0481386;0.995404 0.0559107 0.0777523 -0.0523392 -0.0405368 0.98155 -0.186859 1.74565 -0.0867652 0.182848 0.979305 1.91675 0 0 0 1 
3394309160258;0.344851;0.12171;0.994427 0.0325824 0.10027 -0.287213 -0.0127645 0.98126 -0.192266 0.901829 -0.104655 0.189915 0.976207 1.67359 0 0 0 1 
3394309160259;0.414136;0.289965;0.981276 -0.152266 -0.117954 0.676787 0.160169 0.985225 0.0606498 -3.41199 0.106976 -0.0784067 0.991165 -1.93757 0 0 0 1 
3394309160260;0.148826;0.0211333;0.973681 0.0984502 -0.205554 0.910779 -0.085299 0.993757 0.0719111 1.3393 0.21135 -0.052485 0.976 -3.76079 0 0 0 1 
