#;prob_registration_l1 -r /home/probabilistic_point_clouds_registration/build/tester /home/point_clouds_registration_benchmark//devel/registration_pairs/long_office_household_local.txt /home/point_clouds_registration_benchmark//tum/long_office_household -s 0.1 -t 0.1 -p 0.3 -r 1000 -m 1 -i 40 
id;initial_error;final_error;transformation
26456013410000;0.652746;0.109381;0.913895 0.384609 -0.12989 0.0564966 -0.403006 0.898036 -0.176402 0.0283922 0.0488001 0.213559 0.975711 -0.564071 0 0 0 1 
26456013410001;1.0574;0.101669;0.996194 0.0835344 0.0248823 -0.0494222 -0.0816528 0.994277 -0.0688959 0.0287406 -0.0304951 0.066602 0.997314 0.921155 0 0 0 1 
26456013410002;0.577722;0.0926024;0.993379 0.114678 -0.00690533 0.0552388 -0.114651 0.993397 0.00419583 0.128441 0.0073409 -0.00337634 0.999967 0.490094 0 0 0 1 
26456013410003;1.10585;0.495267;0.953148 -0.302387 0.0084585 0.281188 0.302383 0.9516 -0.0549629 0.459699 0.00857093 0.0549455 0.998453 -0.943676 0 0 0 1 
26456013410004;0.510854;0.11805;0.974794 0.0793714 0.208509 -0.119535 -0.109747 0.984278 0.138396 -0.0445412 -0.194246 -0.157791 0.968179 -0.461833 0 0 0 1 
26456013410005;0.315858;0.0951525;0.999437 -0.0322952 -0.00908992 -0.000996911 0.0320926 0.999251 -0.0216091 0.254138 0.00978099 0.0213052 0.999725 -0.192268 0 0 0 1 
26456013410006;0.127418;0.0888813;0.99248 0.122406 -5.21565e-05 0.062196 -0.122404 0.99247 0.00450337 -0.058086 0.000603002 -0.00446312 0.99999 0.00135732 0 0 0 1 
26456013410007;0.936325;0.480224;0.973104 -0.228584 -0.0285971 0.0724652 0.214677 0.944846 -0.247345 0.3419 0.0835588 0.234553 0.968505 0.612493 0 0 0 1 
26456013410008;0.859142;0.126255;0.999945 -0.00480741 0.00932995 0.115469 0.0059892 0.991353 -0.131086 0.0569699 -0.00861909 0.131135 0.991327 0.686077 0 0 0 1 
26456013410009;0.404949;0.102185;0.987006 0.116063 -0.111128 -0.156502 -0.122923 0.990778 -0.0569924 -0.116482 0.103488 0.0699119 0.992171 0.281905 0 0 0 1 
26456013410010;0.333714;0.100438;0.997655 0.0486433 -0.0481434 -0.133596 -0.0570792 0.979508 -0.19315 0.112501 0.0377614 0.195445 0.979987 -0.292412 0 0 0 1 
26456013410011;0.463956;0.0934407;0.998701 -0.050821 -0.00371824 0.0196619 0.0508127 0.998706 -0.00228897 0.189374 0.00382975 0.00209707 0.99999 -0.400007 0 0 0 1 
26456013410012;1.06761;0.0829531;0.978459 0.00298801 -0.206417 0.604021 -0.0869149 0.912919 -0.398779 0.683193 0.187251 0.40813 0.893514 0.805842 0 0 0 1 
26456013410013;0.408963;0.0902327;0.928238 0.371328 0.0221211 0.0683108 -0.369842 0.92763 -0.0521476 -0.0856749 -0.0398841 0.040224 0.998394 -0.05096 0 0 0 1 
26456013410014;0.281798;0.138629;0.991574 0.124425 0.0360564 -0.0461834 -0.119761 0.986577 -0.111007 -0.0122036 -0.0493844 0.105753 0.993165 -0.33722 0 0 0 1 
26456013410015;0.444148;0.114572;0.994103 -0.0385356 -0.101366 -0.0718416 0.0243501 0.990185 -0.137628 0.0681909 0.105675 0.134348 0.985283 0.297518 0 0 0 1 
26456013410016;0.631913;0.126841;0.921077 0.303308 0.244174 -0.214348 -0.281542 0.951957 -0.120464 -0.0386635 -0.268981 0.0422116 0.96222 0.338646 0 0 0 1 
26456013410017;0.712942;0.115311;0.995029 0.0927061 0.0363764 0.1093 -0.0873764 0.98795 -0.127748 0.627671 -0.047781 0.123934 0.991139 0.293577 0 0 0 1 
26456013410018;0.599666;0.101452;0.920917 0.287681 0.262967 -0.0550662 -0.302793 0.952887 0.0179503 -0.29271 -0.245414 -0.0961554 0.964638 -0.447645 0 0 0 1 
26456013410019;0.16999;0.0789125;0.999404 0.0302882 0.0165555 -0.0299403 -0.0303183 0.999539 0.00156742 0.13645 -0.0165004 -0.00206842 0.999862 -0.108308 0 0 0 1 
26456013410020;0.966938;0.125724;0.993868 0.0953153 0.0560515 -0.374978 -0.0929802 0.994744 -0.0428937 -0.0703197 -0.0598453 0.037419 0.997506 -0.924452 0 0 0 1 
26456013410021;1.2145;0.471601;0.952983 -0.295074 -0.0689521 -0.460513 0.293492 0.955417 -0.0322682 0.416783 0.0753995 0.0105142 0.997098 -0.304221 0 0 0 1 
26456013410022;0.808376;0.225727;0.974089 -0.212059 -0.0786239 -0.350302 0.165825 0.906057 -0.38931 0.633797 0.153795 0.366185 0.917745 -0.145887 0 0 0 1 
26456013410023;0.310262;0.089703;0.957419 0.288333 -0.0146192 -0.260787 -0.288671 0.955323 -0.0634543 -0.0410905 -0.00432993 0.0649725 0.997878 0.134109 0 0 0 1 
26456013410024;0.290654;0.125033;0.983767 0.179435 -0.00251596 0.0613848 -0.178472 0.979761 0.0906459 -0.226094 0.0187301 -0.0887253 0.99588 -0.0673489 0 0 0 1 
26456013410025;0.115869;0.103395;0.992546 0.121514 0.00929847 -0.0421452 -0.120081 0.988152 -0.0955795 0.0434765 -0.0208026 0.0937504 0.995378 0.0131843 0 0 0 1 
26456013410026;0.438952;0.229942;0.994364 -0.0428426 0.0969787 -0.0430672 0.0403214 0.9988 0.0278099 -0.166713 -0.0980537 -0.0237429 0.994898 -0.30995 0 0 0 1 
26456013410027;1.02893;0.102051;0.920835 0.389114 0.0255525 0.0770974 -0.385975 0.918818 -0.08244 0.800123 -0.0555567 0.066051 0.996268 0.155001 0 0 0 1 
26456013410028;0.910665;0.0950342;0.99776 0.0668898 0.00105283 0.0778076 -0.0667249 0.996186 -0.0562332 0.0952556 -0.00481024 0.0560369 0.998417 0.79511 0 0 0 1 
26456013410029;0.807992;0.113908;0.982486 0.118296 -0.143972 0.086031 -0.15513 0.947303 -0.28027 0.937139 0.10323 0.297695 0.949063 -0.0436686 0 0 0 1 
26456013410031;0.378079;1.44134;-0.181337 0.292681 -0.938858 0.935344 -0.805774 0.503084 0.312464 1.31674 0.563777 0.813169 0.144607 -0.208676 0 0 0 1 
26456013410032;0.347742;1.05601;0.499294 0.743023 -0.445671 -0.174806 -0.745947 0.6303 0.215137 1.24739 0.440758 0.22503 0.868961 -0.222334 0 0 0 1 
26456013410033;0.319289;1.39103;-0.087725 0.305731 -0.948068 0.545795 -0.514423 0.801106 0.305938 0.891028 0.853038 0.514547 0.0869981 -0.803657 0 0 0 1 
26456013410034;0.665788;0.857655;0.48296 0.747225 -0.456513 0.622108 -0.701204 0.642289 0.309479 0.714618 0.524463 0.170643 0.834158 -0.798069 0 0 0 1 
26456013410035;0.543286;0.967885;0.559903 0.578203 -0.593456 0.631678 -0.657111 0.746158 0.107021 0.548897 0.504691 0.330045 0.79772 -0.0756799 0 0 0 1 
26456013410036;0.569296;0.777718;0.819273 0.466008 -0.334108 0.0682882 -0.506038 0.861625 -0.0390861 0.839364 0.269662 0.201094 0.941724 0.223837 0 0 0 1 
26456013410037;0.587068;1.37313;-0.103321 0.416015 -0.903469 0.936817 -0.795712 0.510435 0.326035 1.65016 0.596798 0.752587 0.27829 -0.127018 0 0 0 1 
26456013410038;0.163491;1.04062;0.478099 0.541638 -0.691412 0.353652 -0.703173 0.707741 0.0681976 1.03852 0.526279 0.453577 0.719235 -0.416213 0 0 0 1 
26456013410039;0.298903;0.908243;0.459033 0.659434 -0.595345 0.174672 -0.718165 0.669913 0.188298 1.21352 0.522999 0.34112 0.781094 -0.177171 0 0 0 1 
26456013410040;0.421915;1.5414;-0.119096 0.0652342 -0.990737 0.859955 -0.837478 0.529398 0.135531 1.57487 0.533336 0.845862 -0.00841708 -0.119395 0 0 0 1 
26456013410041;0.740902;1.01135;0.66323 0.534816 -0.523544 0.659915 -0.54052 0.826134 0.159186 0.624321 0.517653 0.177409 0.836995 -0.925776 0 0 0 1 
26456013410042;0.386627;1.1307;0.499511 0.639358 -0.58456 0.380355 -0.692391 0.700186 0.17417 0.964317 0.520657 0.317744 0.792436 -0.286598 0 0 0 1 
26456013410043;0.418115;0.837466;0.689109 0.368875 -0.623747 -0.0432705 -0.546116 0.830132 -0.112415 0.979302 0.476326 0.418105 0.7735 -0.144834 0 0 0 1 
26456013410044;0.401489;0.798431;0.719284 0.438617 -0.538744 0.11181 -0.310659 0.896708 0.315287 0.47818 0.621387 -0.0594148 0.781248 -0.283633 0 0 0 1 
26456013410045;0.640918;1.48551;-0.110784 0.3364 -0.93518 0.582646 -0.528918 0.776692 0.342046 0.645086 0.841411 0.532527 0.0918829 -0.839539 0 0 0 1 
26456013410046;0.387348;0.926499;0.484559 0.698841 -0.52614 0.0596222 -0.70457 0.668271 0.238738 1.25474 0.518444 0.25502 0.816199 -0.139189 0 0 0 1 
26456013410047;0.681694;0.97875;0.674275 0.70489 -0.220187 0.050983 -0.547254 0.677147 0.491919 0.440764 0.495848 -0.211191 0.842338 -0.724222 0 0 0 1 
26456013410048;0.200666;1.03978;0.519159 0.777744 -0.354385 0.0277578 -0.788912 0.595577 0.151348 1.04464 0.328774 0.201005 0.92277 -0.277066 0 0 0 1 
26456013410049;0.634474;0.939448;0.559333 0.68418 -0.468023 0.746279 -0.768299 0.63986 0.0171883 0.942239 0.311229 0.349968 0.883549 0.103249 0 0 0 1 
26456013410050;0.211001;1.26404;0.199039 0.39063 -0.898772 0.523989 -0.611974 0.765862 0.197338 1.12608 0.765422 0.510748 0.391492 -0.478426 0 0 0 1 
26456013410051;0.550163;0.778564;0.747736 0.559876 -0.356972 0.54297 -0.433343 0.818809 0.376517 0.242822 0.503095 -0.126844 0.854872 -0.655977 0 0 0 1 
26456013410052;0.551544;0.892083;0.412818 0.60388 -0.681843 1.12334 -0.631969 0.728997 0.26302 0.465571 0.655894 0.322325 0.682576 -0.714539 0 0 0 1 
26456013410053;0.345543;1.07226;0.412311 0.751558 -0.514937 0.199596 -0.811933 0.559505 0.166489 1.50565 0.413236 0.349449 0.840905 -0.386792 0 0 0 1 
26456013410054;0.546651;1.28079;0.0733806 0.356383 -0.931454 0.660865 -0.847629 0.514407 0.13004 1.85964 0.52549 0.779985 0.339828 -0.818972 0 0 0 1 
26456013410055;0.267657;0.926994;0.453541 0.777755 -0.435199 0.37245 -0.807249 0.565431 0.169224 1.11772 0.37769 0.274564 0.884288 -0.443021 0 0 0 1 
26456013410056;0.595541;1.10112;0.550334 0.529651 -0.645447 0.83434 -0.713253 0.700099 -0.033649 1.00755 0.434055 0.478885 0.763063 -0.178339 0 0 0 1 
26456013410057;0.461018;1.44944;-0.0950828 0.402248 -0.91058 1.09058 -0.746094 0.576766 0.332693 1.00109 0.659017 0.711012 0.245274 -0.320631 0 0 0 1 
26456013410058;0.576941;1.17624;0.493041 0.835473 -0.242682 -0.101191 -0.804527 0.544004 0.238319 0.92504 0.33113 0.0777431 0.940377 -0.661076 0 0 0 1 
26456013410059;0.729412;1.48923;-0.245294 0.493719 -0.83431 1.03471 -0.719527 0.484037 0.497985 1.079 0.649701 0.722461 0.236512 0.0242154 0 0 0 1 
26456013410060;0.670241;0.788296;0.587376 0.612759 -0.528693 0.377928 -0.380994 0.785704 0.487353 0.639948 0.714026 -0.0848305 0.694961 -0.794963 0 0 0 1 
26456013410062;0.727774;0.073943;0.951188 -0.305417 -0.0442862 0.0252497 0.308472 0.945224 0.106754 -0.174873 0.00925603 -0.115204 0.993299 0.264983 0 0 0 1 
26456013410063;1.34575;1.33764;0.968654 0.246006 0.0345003 -0.430909 -0.23272 0.850084 0.47244 -0.495072 0.086895 -0.465659 0.880688 0.356231 0 0 0 1 
26456013410064;0.325852;0.156147;0.988994 0.102494 0.106704 -0.129581 -0.111743 0.990126 0.0846381 -0.110991 -0.0969752 -0.09563 0.990682 0.0865751 0 0 0 1 
26456013410065;0.371368;0.168611;0.975214 -0.131423 -0.178003 0.245143 0.140787 0.989191 0.0409813 0.0383363 0.170693 -0.065026 0.983176 0.00057705 0 0 0 1 
26456013410066;1.03207;0.0493481;0.9706 0.120218 -0.208524 -0.14622 -0.169302 0.956785 -0.23643 0.414364 0.17109 0.264782 0.949009 0.38751 0 0 0 1 
26456013410067;0.857765;0.525854;0.964421 -0.123741 -0.233623 0.229282 0.0996969 0.988682 -0.112109 0.0731958 0.244852 0.0848284 0.965843 0.363211 0 0 0 1 
26456013410068;1.01715;0.040445;0.999514 -0.00475361 0.0308155 -0.112336 8.50584e-06 0.988352 0.152188 -0.0194602 -0.03118 -0.152114 0.987871 0.582682 0 0 0 1 
26456013410069;0.211374;0.108711;0.987644 -0.0727153 -0.138824 0.112698 0.0728937 0.997332 -0.00380614 0.0195368 0.13873 -0.00636025 0.99031 0.100486 0 0 0 1 
26456013410070;0.584191;0.223568;0.927133 -0.231946 -0.294323 0.413734 0.224126 0.972679 -0.0605245 0.0681873 0.30032 -0.0098513 0.953788 -0.0218678 0 0 0 1 
26456013410071;0.0848378;0.0467535;0.998701 0.0504463 0.007169 -0.0183108 -0.0503907 0.9987 -0.00774365 -0.0184701 -0.00755032 0.00737234 0.999944 -0.00710631 0 0 0 1 
26456013410072;0.345771;0.0997647;0.99016 0.0356938 -0.135311 -0.0110567 -0.0123793 0.985474 0.169372 -0.227342 0.139391 -0.16603 0.976219 0.154767 0 0 0 1 
26456013410073;0.619828;0.240426;0.971452 0.0500594 0.231895 -0.147442 -0.0211567 0.99187 -0.125487 -0.0784215 -0.236291 0.116998 0.964613 0.125764 0 0 0 1 
26456013410074;0.46439;0.0347152;0.991541 -0.0937591 -0.0897506 -0.103061 0.0831145 0.989792 -0.115771 0.181772 0.0996891 0.107333 0.989213 0.092014 0 0 0 1 
26456013410075;1.52576;0.124741;0.96584 -0.259124 -0.00272853 0.0640527 0.256978 0.956382 0.138908 -0.0864055 -0.0333849 -0.134864 0.990301 -0.769912 0 0 0 1 
26456013410076;0.479244;0.0438376;0.956585 0.265791 -0.119586 -0.0779786 -0.271517 0.961827 -0.0341579 -0.0439159 0.105942 0.0651447 0.992236 -0.174918 0 0 0 1 
26456013410077;0.704929;0.235263;0.996369 -0.0056068 0.0849606 -0.301121 0.00185709 0.999023 0.0441496 -0.171167 -0.0851251 -0.0438315 0.995406 0.0835208 0 0 0 1 
26456013410078;0.365691;0.320383;0.999776 -0.0122536 -0.0172289 0.0350192 0.012215 0.999923 -0.00234347 0.0411595 0.0172562 0.00213249 0.999849 -0.00236716 0 0 0 1 
26456013410079;1.72117;1.60614;0.853264 -0.139113 -0.502582 0.139424 0.154313 0.987955 -0.0114771 0.4626 0.498125 -0.0677618 0.864453 0.682179 0 0 0 1 
26456013410080;1.76411;0.824193;0.998977 -0.0442694 0.00924124 -0.343977 0.0444075 0.998896 -0.0153101 0.450876 -0.00855327 0.0157048 0.99984 0.0804746 0 0 0 1 
26456013410081;1.63412;0.793736;0.996799 0.061546 0.0510332 0.143955 -0.0523746 0.984931 -0.164826 0.583407 -0.0604086 0.161626 0.985001 -0.185506 0 0 0 1 
26456013410082;0.404515;0.0604018;0.891022 -0.449287 -0.0649747 0.0785872 0.438868 0.889129 -0.129784 0.317613 0.116081 0.0871252 0.989411 0.00578954 0 0 0 1 
26456013410083;1.34753;0.126566;0.997896 -0.0235993 0.0603892 -0.259305 0.0226063 0.999599 0.0170753 -0.506267 -0.0607679 -0.0156742 0.998029 0.445623 0 0 0 1 
26456013410084;1.15281;0.693965;0.944792 -0.0379138 0.325471 -0.203874 0.100794 0.97875 -0.178575 -0.0825893 -0.311784 0.201521 0.928536 -0.176429 0 0 0 1 
26456013410085;0.50976;0.040729;0.97229 0.224952 0.0636363 -0.104531 -0.216601 0.969244 -0.116834 0.0712734 -0.0879611 0.0998126 0.991111 -0.306957 0 0 0 1 
26456013410086;0.789041;0.0121805;0.990651 -0.10509 -0.0869867 0.154833 0.0997792 0.992993 -0.0633102 0.140359 0.0930305 0.0540389 0.994196 -0.397126 0 0 0 1 
26456013410087;0.962758;0.386016;0.99254 0.0453043 -0.113191 0.0906748 -0.0635313 0.984576 -0.163015 0.479198 0.10406 0.16899 0.980109 0.0484111 0 0 0 1 
26456013410088;1.51292;0.961284;0.999502 0.0238748 -0.0206318 -0.292829 -0.0220436 0.996151 0.0848345 -0.169055 0.0225778 -0.0843375 0.996181 0.141595 0 0 0 1 
26456013410089;0.558558;0.0225204;0.999376 -0.0347862 -0.00615939 0.0172092 0.0347034 0.999312 -0.013085 0.00926351 0.00661034 0.0128631 0.999895 0.293016 0 0 0 1 
26456013410090;1.4132;1.13855;0.998997 -0.00568525 -0.0444067 0.087031 0.0029578 0.998118 -0.0612457 0.0344193 0.0446713 0.0610529 0.997134 -0.1617 0 0 0 1 
26456013410091;1.21795;0.684296;0.886365 -0.0375212 -0.461465 0.0649785 -0.0613507 0.978403 -0.197393 -0.0603244 0.458905 0.203273 0.86492 0.529572 0 0 0 1 
26456013410093;0.469907;0.0540374;0.963856 -0.264996 0.0275272 -0.0599725 0.265528 0.947021 -0.180681 0.384292 0.0218109 0.18146 0.983157 -0.276163 0 0 0 1 
26456013410094;0.663694;0.0819137;0.879675 0.180892 -0.439829 0.481662 -0.0973304 0.973739 0.205813 0.177605 0.465509 -0.13824 0.87418 0.120168 0 0 0 1 
26456013410095;0.871627;0.245486;0.987897 0.116618 0.102275 0.303259 -0.116819 0.993145 -0.00403631 0.246623 -0.102045 -0.00796028 0.994748 -0.0200806 0 0 0 1 
26456013410096;0.802998;0.32874;0.997374 0.00510594 0.072247 -0.238215 -0.0102613 0.997412 0.071168 0.0157162 -0.0716966 -0.0717224 0.994844 -0.453875 0 0 0 1 
26456013410097;0.47238;0.107787;0.940418 0.339743 0.013702 -0.0440189 -0.340003 0.939206 0.047862 0.0395729 0.00339178 -0.049669 0.99876 0.221882 0 0 0 1 
26456013410098;0.153152;0.0507111;0.989362 0.072198 -0.126293 0.124334 -0.0674229 0.996853 0.0416898 0.009534 0.128905 -0.0327313 0.991117 0.0697247 0 0 0 1 
26456013410099;1.16156;0.194283;0.991486 -0.0928233 -0.0913189 -0.229569 0.0786445 0.985827 -0.148192 0.604214 0.10378 0.139749 0.984733 0.484912 0 0 0 1 
26456013410100;0.366643;0.053231;0.977002 0.187181 0.102131 -0.0997048 -0.181543 0.981424 -0.0620438 0.0237752 -0.111847 0.0420757 0.992834 0.210069 0 0 0 1 
26456013410101;1.16745;0.0575878;0.993872 0.109593 0.0144465 0.0253434 -0.110433 0.978601 0.173624 0.366617 0.0048907 -0.174156 0.984706 0.795826 0 0 0 1 
26456013410102;1.13408;0.222577;0.982757 -0.133969 -0.12744 0.155793 0.135546 0.990764 0.0037463 -0.0494907 0.125761 -0.0209557 0.991839 -0.887123 0 0 0 1 
26456013410103;0.393965;0.040386;0.997057 0.013542 -0.0754592 -0.00272169 -0.00130551 0.987132 0.159902 -0.362879 0.0766536 -0.159333 0.984244 -0.047686 0 0 0 1 
26456013410104;1.01585;0.0507747;0.968625 0.244333 0.04546 -0.557402 -0.247344 0.929933 0.272114 0.0321472 0.0242115 -0.27482 0.961191 -0.356216 0 0 0 1 
26456013410105;1.13047;0.664826;0.999056 -0.0397146 -0.0175996 -0.0503315 0.0373737 0.992342 -0.11773 -0.0719213 0.0221404 0.116961 0.99289 0.272964 0 0 0 1 
26456013410106;0.197882;0.0547247;0.974046 0.219324 0.0559618 -0.116909 -0.222399 0.973326 0.056345 -0.00977358 -0.0421113 -0.0673284 0.996842 0.0558134 0 0 0 1 
26456013410107;0.85745;0.0636271;0.95318 -0.300239 0.0361276 -0.234628 0.302241 0.949775 -0.0811074 -0.226716 -0.00996147 0.0882291 0.99605 -0.38177 0 0 0 1 
26456013410108;1.09003;0.270355;0.972701 0.0576127 0.224797 -0.418844 -0.0686952 0.996762 0.0417877 -0.585471 -0.221662 -0.0560894 0.973509 0.411161 0 0 0 1 
26456013410109;0.997601;0.351171;0.991108 0.126305 -0.0418521 -0.0656106 -0.1303 0.985015 -0.112994 -0.427524 0.0269533 0.117443 0.992714 0.295301 0 0 0 1 
26456013410110;1.0844;0.213277;0.906686 -0.0795219 0.414242 -0.982879 0.0697817 0.996814 0.038621 0.0310094 -0.415994 -0.00611066 0.909347 -0.499889 0 0 0 1 
26456013410111;0.414986;0.155479;0.986923 -0.160885 -0.00997642 0.0288395 0.145987 0.918346 -0.367869 0.342711 0.0683464 0.361602 0.929824 -0.00457221 0 0 0 1 
26456013410112;0.40276;0.0376578;0.992561 -0.0212759 0.119872 -0.131962 0.000120529 0.984783 0.17379 -0.157141 -0.121745 -0.172483 0.97746 -0.212119 0 0 0 1 
26456013410113;0.220143;0.0476607;0.992013 0.125438 -0.0132377 0.0422227 -0.125313 0.992068 0.0098748 0.032545 0.0143713 -0.00813708 0.999864 0.108951 0 0 0 1 
26456013410114;0.883586;0.524143;0.965984 -0.0922896 0.241572 -0.386353 0.0593768 0.988348 0.140153 -0.0339148 -0.251692 -0.121042 0.960208 0.353799 0 0 0 1 
26456013410115;0.901703;0.0576925;0.997937 -0.00422221 -0.064068 0.0326018 0.0128052 0.990878 0.134156 -0.00146045 0.0629171 -0.134699 0.988887 0.763342 0 0 0 1 
26456013410116;0.0971774;0.0766606;0.99996 0.0074989 0.00477241 0.0148516 -0.00755827 0.999893 0.0125464 0.0223974 -0.00467782 -0.012582 0.99991 0.0329974 0 0 0 1 
26456013410117;0.308242;0.0323879;0.999754 0.0141582 -0.0170683 0.0140509 -0.0131993 0.998397 0.0550413 0.0980677 0.0178202 -0.0548025 0.998338 -0.174063 0 0 0 1 
26456013410118;0.617996;0.0409325;0.940903 -0.275885 0.196441 -0.416739 0.282987 0.959086 -0.00847957 0.147901 -0.186064 0.0635686 0.980479 -0.271677 0 0 0 1 
26456013410119;0.836682;0.0669733;0.986044 -0.166476 -0.00161126 -0.0083734 0.166481 0.98593 0.0150648 0.0320078 -0.000919341 -0.0151228 0.999885 -0.625904 0 0 0 1 
26456013410120;1.27194;0.36125;0.998166 0.0246205 -0.0553006 0.309548 -0.019298 0.995309 0.0947984 0.177208 0.0573752 -0.0935574 0.993959 -0.770967 0 0 0 1 
26456013410121;0.539915;0.152051;0.964002 -0.251646 -0.0858716 0.313189 0.248671 0.967592 -0.0439175 0.179483 0.0941403 0.0209828 0.995338 -0.375295 0 0 0 1 
26456013410122;0.715537;0.0497442;0.999076 0.0142262 -0.0405568 0.146631 -0.0135443 0.999763 0.017038 0.138228 0.0407895 -0.016473 0.999032 -0.526399 0 0 0 1 
26456013410124;1.54152;0.836025;0.95119 0.28977 -0.106168 -0.147387 -0.290553 0.956822 0.00835307 -0.251084 0.104004 0.022902 0.994313 0.181132 0 0 0 1 
26456013410125;0.0901978;0.0651396;0.999464 0.0295542 -0.0141102 0.0334555 -0.0298243 0.999368 -0.0193305 -0.0489011 0.0135299 0.019741 0.999714 0.0253963 0 0 0 1 
26456013410126;2.04591;0.999377;0.949335 0.240794 0.201946 -0.306375 -0.302032 0.876624 0.374575 -0.605803 -0.0868354 -0.416591 0.904937 -0.821125 0 0 0 1 
26456013410127;0.892171;0.20446;0.997225 0.04651 0.058138 0.0109314 -0.0473549 0.99879 0.0132401 0.298805 -0.0574519 -0.0159565 0.998221 -0.158555 0 0 0 1 
26456013410128;1.22747;0.187377;0.999888 0.0127212 0.0079463 -0.126751 -0.0128258 0.99983 0.0132516 0.053046 -0.00777637 -0.013352 0.999881 -0.588007 0 0 0 1 
26456013410129;0.476134;0.241524;0.98261 0.00878233 0.185471 -0.126024 -0.0300908 0.993209 0.112389 -0.107118 -0.183225 -0.116015 0.976201 -0.150885 0 0 0 1 
26456013410130;2.09219;0.698867;0.975652 0.21922 -0.0067757 0.174362 -0.199391 0.873688 -0.443748 -0.0274243 -0.0913584 0.434294 0.896126 0.852277 0 0 0 1 
26456013410131;1.46172;0.0612175;0.999704 0.0227672 0.00860623 -0.301844 -0.0229035 0.999608 0.0160848 -0.222246 -0.00823665 -0.0162772 0.999834 0.589484 0 0 0 1 
26456013410132;0.769284;0.169727;0.99119 -0.0815025 0.104402 -0.137878 0.0592437 0.977821 0.200889 0.0721657 -0.118459 -0.192934 0.974035 0.0368897 0 0 0 1 
26456013410133;1.34603;0.139638;0.99928 0.0281282 0.0254443 -0.000584958 -0.0282576 0.999589 0.00474291 0.259696 -0.0253004 -0.00545849 0.999665 0.534006 0 0 0 1 
26456013410134;1.62064;0.548271;0.99418 -0.0311315 0.103139 0.140962 0.0314881 0.999502 -0.00183132 0.349886 -0.10303 0.00506831 0.994665 -0.814181 0 0 0 1 
26456013410135;0.477389;0.0917699;0.998605 0.0472278 0.0236227 0.0132326 -0.0464195 0.998354 -0.0336713 0.0424519 -0.0251741 0.0325278 0.999154 -0.227508 0 0 0 1 
26456013410136;1.0412;0.516341;0.983588 -0.16205 -0.0793413 -0.213831 0.16651 0.984603 0.053218 0.382262 0.0694956 -0.0655557 0.995426 0.272965 0 0 0 1 
26456013410137;1.90811;1.44198;0.993041 -0.0827511 -0.0838004 -0.0884889 0.0881866 0.994086 0.0633792 0.144973 0.0780601 -0.0703282 0.994465 0.330038 0 0 0 1 
26456013410138;0.964836;0.0801351;0.981975 0.175056 -0.0712746 0.0351734 -0.181376 0.978836 -0.0947813 -0.270243 0.053174 0.106 0.992943 0.599827 0 0 0 1 
26456013410139;1.47225;0.89425;0.962821 0.202085 -0.17927 0.439247 -0.237483 0.949481 -0.205153 -0.245911 0.128755 0.240099 0.962172 0.147304 0 0 0 1 
26456013410140;1.16137;0.832553;0.998751 0.0142193 -0.0478999 0.0532303 -0.0179196 0.996813 -0.0777294 -0.138312 0.046642 0.0784906 0.995823 0.281554 0 0 0 1 
26456013410141;0.944233;0.539257;0.998877 0.0437855 0.0180831 -0.105071 -0.0409792 0.99015 -0.133883 -0.0811159 -0.0237671 0.132992 0.990832 -0.194719 0 0 0 1 
26456013410142;1.84842;1.35839;0.963269 -0.139379 -0.229535 -0.122391 0.0968295 0.977533 -0.187227 -0.16762 0.250474 0.158124 0.955123 0.518106 0 0 0 1 
26456013410143;0.46443;0.135877;0.994676 0.10236 -0.0118915 0.0505014 -0.0994975 0.984015 0.147697 -0.178636 0.0268198 -0.145728 0.988961 0.149728 0 0 0 1 
26456013410144;0.759937;0.187006;0.970015 0.0259863 -0.241651 0.0604607 -0.0817931 0.971176 -0.22389 0.223806 0.228868 0.236942 0.944181 0.319723 0 0 0 1 
26456013410145;0.437138;0.194735;0.986467 -0.0368241 0.159773 -0.143801 -0.00456563 0.967907 0.251269 -0.0685479 -0.163899 -0.248598 0.954639 -0.307649 0 0 0 1 
26456013410146;1.81332;1.10571;0.98779 0.0973438 -0.121633 -0.362654 -0.144824 0.861507 -0.486654 0.0189823 0.0574149 0.498327 0.865086 0.59648 0 0 0 1 
26456013410147;0.897776;0.683102;0.999422 0.0338999 0.00267699 0.0932426 -0.0327464 0.980654 -0.19299 0.0502352 -0.00916754 0.19279 0.981197 0.218531 0 0 0 1 
26456013410148;0.647101;0.290408;0.998328 -0.0553448 -0.0167038 -0.033217 0.0566054 0.994512 0.0879877 -0.0232042 0.0117425 -0.0887861 0.995981 0.208667 0 0 0 1 
26456013410149;0.510162;0.186849;0.969904 0.233422 -0.0692885 0.0269514 -0.23775 0.969307 -0.0625942 -0.245494 0.052551 0.0771837 0.995631 0.154027 0 0 0 1 
26456013410150;1.62937;0.0608414;0.92478 -0.143018 0.352602 -0.135179 0.249305 0.927804 -0.277536 1.07998 -0.287453 0.344565 0.89367 -0.689069 0 0 0 1 
26456013410151;0.991097;0.300146;0.97665 -0.128934 0.171844 -0.377089 0.155777 0.975846 -0.153162 0.428605 -0.147945 0.176355 0.973145 -0.547341 0 0 0 1 
26456013410152;0.386143;0.0465568;0.998804 0.0434315 -0.0224393 0.0331601 -0.0443156 0.998195 -0.0405302 0.051472 0.0206385 0.0414762 0.998926 -0.0850665 0 0 0 1 
26456013410153;1.24713;1.29208;0.965359 -0.0792537 -0.248596 -0.0219287 -0.0406484 0.895441 -0.44332 0.0673639 0.257738 0.438068 0.861201 0.615771 0 0 0 1 
26456013410155;0.44177;0.259176;0.997212 0.064621 0.0373156 -0.0490347 -0.0562715 0.979642 -0.192703 -0.070644 -0.0490085 0.190066 0.980547 -0.0325298 0 0 0 1 
26456013410156;0.559197;0.784457;0.989726 -0.0994534 -0.102717 -0.401257 0.100973 0.994842 0.00968971 0.0427317 0.101224 -0.0199619 0.994663 0.0550423 0 0 0 1 
26456013410157;0.798739;0.638134;0.999308 -0.00157369 -0.037175 0.127369 0.00325067 0.998977 0.0450934 -0.172573 0.037066 -0.045183 0.998291 -0.225879 0 0 0 1 
26456013410158;0.506235;0.227315;0.985646 0.0907179 0.142384 0.00669821 -0.070669 0.98762 -0.140045 0.285733 -0.153326 0.127973 0.979854 -0.277964 0 0 0 1 
26456013410159;0.771683;0.45684;0.999758 0.0209097 0.00681192 0.0194829 -0.0190947 0.979038 -0.20278 0.606928 -0.0109092 0.202601 0.979201 0.0772161 0 0 0 1 
26456013410160;0.731372;0.324636;0.999197 -0.0257641 -0.0306949 0.0447394 0.025001 0.999375 -0.0249921 0.187466 0.0313196 0.0242046 0.999216 -0.551089 0 0 0 1 
26456013410161;0.152345;0.0779617;0.998822 0.0130003 0.0467602 -0.0491755 -0.0114535 0.999383 -0.0331963 0.0137811 -0.0471629 0.0326216 0.998354 -0.143568 0 0 0 1 
26456013410162;0.843744;0.485301;0.940793 -0.0500317 -0.335269 0.201371 0.0440469 0.998706 -0.0254361 0.486795 0.336108 0.00916256 0.941779 0.739873 0 0 0 1 
26456013410163;0.17304;0.0285263;0.998818 0.00396871 -0.0484342 0.048846 -0.0105446 0.990614 -0.136281 0.107933 0.0474387 0.13663 0.989486 0.131433 0 0 0 1 
26456013410164;1.05704;0.0586792;0.997307 -0.0207015 -0.0703522 0.0580056 0.0232375 0.999102 0.0354219 -0.0529512 0.0695558 -0.0369614 0.996893 -0.896296 0 0 0 1 
26456013410165;1.01882;1.00104;0.994089 -0.0931838 -0.0557065 -0.542102 0.098282 0.990406 0.0971377 0.463566 0.0461204 -0.102038 0.993711 0.0498153 0 0 0 1 
26456013410166;0.386158;0.0595806;0.974446 0.0107128 -0.224365 0.35308 -0.0765831 0.954859 -0.287019 0.38767 0.211162 0.296867 0.931279 0.0860453 0 0 0 1 
26456013410167;0.362618;0.174421;0.994965 0.0462185 -0.0889311 -0.0411735 -0.00723651 0.918135 0.396203 -0.50735 0.0999626 -0.393564 0.913846 0.0822757 0 0 0 1 
26456013410168;0.272737;0.100198;0.977372 -0.0406695 -0.207583 0.101455 0.045637 0.998774 0.0191956 -0.150945 0.206548 -0.0282347 0.978029 0.0534116 0 0 0 1 
26456013410169;0.677811;0.184919;0.999564 -0.0281872 -0.0087584 -0.0887628 0.0279302 0.999212 -0.0281961 -0.187816 0.00954627 0.0279392 0.999564 0.461247 0 0 0 1 
26456013410170;0.704368;0.236205;0.999336 0.0268609 0.0246338 0.0813515 -0.027128 0.999576 0.0105732 -0.576735 -0.0243394 -0.0112344 0.999641 0.0700314 0 0 0 1 
26456013410171;1.02478;0.646197;0.976672 -0.104311 -0.187701 -0.139276 0.112902 0.992966 0.0356465 0.0753124 0.182663 -0.0560068 0.981579 -0.000537471 0 0 0 1 
26456013410172;0.366617;0.117203;0.979641 -0.0360814 -0.197491 0.0863484 0.0493865 0.996799 0.0628642 -0.0427515 0.19459 -0.0713377 0.978287 -0.128457 0 0 0 1 
26456013410173;0.895873;0.316319;0.999866 0.0162882 0.0016769 -0.20637 -0.0163222 0.999606 0.0228437 -0.369581 -0.00130415 -0.022868 0.999738 0.442554 0 0 0 1 
26456013410174;0.457447;0.356798;0.999523 -0.0163146 -0.026241 -0.0352329 0.0159687 0.999783 -0.01334 0.153067 0.026453 0.0129146 0.999567 0.0160393 0 0 0 1 
26456013410175;0.623034;0.0476642;0.999389 0.00201191 -0.0348961 0.0500583 -0.000307816 0.99881 0.04877 -0.0251918 0.0349527 -0.0487295 0.9982 -0.529479 0 0 0 1 
26456013410176;0.235307;0.179178;0.998875 -0.0169038 -0.0443089 -0.0107359 0.0170503 0.99985 0.00293141 0.067634 0.0442527 -0.00368359 0.999014 0.0246297 0 0 0 1 
26456013410177;0.877512;0.525338;0.999945 -0.0104672 -0.000976955 -0.0735703 0.0104646 0.999942 -0.00264384 0.59618 0.00100457 0.00263347 0.999996 0.0584603 0 0 0 1 
26456013410178;0.197683;0.0889382;0.999963 -0.00483949 0.00705446 -0.0320402 0.00473392 0.999878 0.0149053 0.1159 -0.00712573 -0.0148714 0.999864 -0.0898076 0 0 0 1 
26456013410179;0.15124;0.0458363;0.996148 0.00436759 0.0875761 -0.060923 -0.0145673 0.993123 0.116169 -0.0561157 -0.0864664 -0.116998 0.989361 -0.0055903 0 0 0 1 
26456013410180;0.554153;0.446235;0.999671 -0.0239721 0.00908172 0.00778775 0.0251416 0.986004 -0.164813 0.412359 -0.00500372 0.164987 0.986283 -0.0365672 0 0 0 1 
26456013410181;0.475904;0.0883303;0.998969 0.0288988 0.0350253 0.0220812 -0.0382365 0.951401 0.305571 -0.668433 -0.0244925 -0.306595 0.951525 -0.0695333 0 0 0 1 
26456013410182;0.72307;0.648811;0.99951 0.0241876 0.019879 -0.0150639 -0.0221216 0.994912 -0.0982871 0.149421 -0.0221552 0.0977991 0.99496 0.259106 0 0 0 1 
26456013410183;0.714484;0.188283;0.998883 0.0470293 0.00455586 -0.14327 -0.0423146 0.933291 -0.356621 0.192089 -0.0210236 0.35603 0.934238 0.438838 0 0 0 1 
26456013410184;0.435457;0.302909;0.99942 0.0047756 0.0337118 -0.0117183 -0.00346488 0.99924 -0.038832 0.152494 -0.0338717 0.0386927 0.998677 -0.178586 0 0 0 1 
26456013410186;2.57906;1.4465;0.999341 -0.0357116 -0.00647195 0.0619454 0.0345834 0.991087 -0.128648 -0.225396 0.0110085 0.128339 0.991669 -0.575374 0 0 0 1 
26456013410187;0.634766;0.5196;0.994665 -0.0563361 -0.0864219 0.104848 0.0498206 0.995879 -0.0757806 0.0550292 0.090335 0.0710707 0.993372 0.015065 0 0 0 1 
26456013410188;1.09866;1.15076;0.996084 -0.0509826 0.0722324 0.0391177 0.0579515 0.993505 -0.0979215 -0.0399131 -0.066771 0.101724 0.992569 -0.141264 0 0 0 1 
26456013410189;0.60767;0.3941;0.993683 0.0160654 -0.111065 0.0699155 -0.0173258 0.999796 -0.0103925 0.0952513 0.110876 0.0122511 0.993759 0.105554 0 0 0 1 
26456013410190;1.29465;1.56567;0.815844 -0.412664 0.405102 -0.384054 0.172768 0.842483 0.510268 0.223015 -0.551861 -0.34631 0.758629 -0.743582 0 0 0 1 
26456013410191;1.28532;0.873129;0.997614 -0.0652931 0.0224092 0.013664 0.0675683 0.99007 -0.123274 0.0361875 -0.0141378 0.124494 0.99212 -0.363342 0 0 0 1 
26456013410192;1.88351;2.39203;0.579104 -0.16284 -0.798826 -0.552018 -0.15459 0.940138 -0.303715 -0.279439 0.800463 0.299373 0.519264 1.68934 0 0 0 1 
26456013410193;1.11745;0.824799;0.996413 -0.0809537 0.0246365 -0.0337382 0.065087 0.919266 0.388218 -0.209577 -0.0540752 -0.385222 0.921238 0.00746574 0 0 0 1 
26456013410194;2.37375;0.711805;0.864814 -0.500217 0.0433416 0.368047 0.501911 0.85896 -0.101356 0.373267 0.0134713 0.109408 0.993906 -0.372694 0 0 0 1 
26456013410195;1.70586;1.25131;0.98531 -0.170155 -0.0145644 0.169377 0.152307 0.914118 -0.375754 0.533045 0.0772501 0.368016 0.926605 -0.149485 0 0 0 1 
26456013410196;0.514644;0.131546;0.999846 0.00811386 0.0155598 -0.00627896 -0.00833749 0.999862 0.0143622 -0.015845 -0.0154411 -0.0144898 0.999776 0.148656 0 0 0 1 
26456013410197;2.7645;2.62271;0.616047 -0.402822 0.67692 -0.472112 0.529892 0.847773 0.022252 0.884855 -0.582838 0.344986 0.73572 -0.55262 0 0 0 1 
26456013410198;2.3433;1.50135;0.983917 -0.141743 -0.108704 0.199572 0.177453 0.705955 0.685666 -0.182753 -0.0204488 -0.693928 0.719754 0.913243 0 0 0 1 
26456013410199;2.04036;0.837432;0.991124 0.104354 -0.0823592 0.152329 -0.0634381 0.915701 0.396821 -0.951059 0.116826 -0.388074 0.914194 0.0565349 0 0 0 1 
26456013410200;2.25828;2.26083;0.997877 -0.0101423 0.064335 -0.0137939 0.0171559 0.993848 -0.10942 0.0350999 -0.0628294 0.110291 0.991911 -0.125259 0 0 0 1 
26456013410201;2.32984;0.949896;0.990939 0.0666165 0.116631 -0.2317 -0.116147 0.861106 0.494981 -0.313876 -0.0674581 -0.504042 0.861041 -0.336929 0 0 0 1 
26456013410202;0.574695;0.212739;0.999876 0.0151654 0.00418961 -0.0184964 -0.0150812 0.999697 -0.019457 0.108779 -0.00448341 0.0193914 0.999802 0.11805 0 0 0 1 
26456013410203;2.04835;0.40858;0.967098 -0.0892218 0.238247 0.0128422 0.0362924 0.975292 0.217921 -0.635868 -0.251804 -0.202104 0.94644 -0.0817151 0 0 0 1 
26456013410204;0.669991;0.150718;0.998742 -0.0334752 0.0373282 -0.0221842 0.0197801 0.947157 0.320161 -0.271119 -0.0460731 -0.31902 0.946627 -0.0933206 0 0 0 1 
26456013410205;0.908947;0.573042;0.998351 0.0299414 -0.0489786 0.00821332 -0.0118258 0.942174 0.334915 -0.129438 0.0561741 -0.333783 0.940975 0.160614 0 0 0 1 
26456013410206;1.79634;1.66778;0.97611 -0.0772306 -0.203089 0.230251 0.103273 0.987275 0.120923 -0.100295 0.191166 -0.139008 0.971665 0.0602171 0 0 0 1 
26456013410207;0.232642;0.168928;0.999447 0.0291187 -0.016069 -0.00990431 -0.0269463 0.992173 0.121932 -0.107817 0.0194937 -0.121432 0.992408 0.044932 0 0 0 1 
26456013410208;2.37807;1.0163;0.98057 0.118542 0.156304 -0.220863 -0.162029 0.938577 0.304663 -0.883886 -0.110588 -0.324069 0.939547 -0.535031 0 0 0 1 
26456013410209;2.64335;0.671529;0.99669 0.0549334 0.0599245 -0.0116236 -0.064802 0.981959 0.177643 -0.980703 -0.0490849 -0.180938 0.982269 -0.0679822 0 0 0 1 
26456013410210;2.26073;1.05676;0.996174 -0.0680704 0.0548076 -0.0960636 0.0307843 0.860268 0.508912 -0.406431 -0.0817911 -0.505277 0.859072 -0.31444 0 0 0 1 
26456013410211;1.42407;1.15786;0.997729 0.0487785 -0.0464447 0.0551501 -0.0279076 0.926987 0.374054 -0.240744 0.0612995 -0.371909 0.926243 0.131143 0 0 0 1 
26456013410212;1.48789;1.42401;0.97431 -0.0639678 -0.215937 0.180414 0.0654369 0.997857 -0.000347006 0.0650679 0.215497 -0.0137922 0.976407 0.0997234 0 0 0 1 
26456013410213;1.60061;0.967437;0.908899 -0.360776 -0.209147 0.154519 0.358884 0.932132 -0.0482967 0.895363 0.212377 -0.0311628 0.976691 0.333719 0 0 0 1 
26456013410214;1.7042;1.50887;0.895069 -0.442212 -0.0574435 0.0304778 0.418087 0.877 -0.236799 0.778456 0.155093 0.187935 0.969859 0.520347 0 0 0 1 
26456013410215;0.754244;0.347081;0.994225 -0.0695248 0.081746 0.042973 0.0714241 0.997235 -0.0205409 0.114997 -0.0800918 0.0262609 0.996441 -0.268936 0 0 0 1 
26456013410217;1.32332;1.49134;0.984267 -0.0582427 -0.166813 0.0248017 0.06404 0.997509 0.0295827 0.0520702 0.164674 -0.0397999 0.985545 0.0908109 0 0 0 1 
26456013410218;1.34012;1.40789;0.993592 0.0981767 0.0559941 -0.160785 -0.107152 0.975844 0.190388 -0.277648 -0.0359498 -0.195168 0.980111 0.0779166 0 0 0 1 
26456013410219;0.65608;0.648247;0.999354 0.0301931 0.0195102 -0.0333906 -0.0313909 0.997435 0.0643226 -0.0442359 -0.0175181 -0.0648934 0.997738 -0.00832171 0 0 0 1 
26456013410220;1.46371;1.3208;0.997595 -0.000536519 0.0693118 -0.0567649 0.00437132 0.998466 -0.0551869 0.154451 -0.0691759 0.0553572 0.996067 -0.0256959 0 0 0 1 
26456013410221;1.60635;1.41908;0.998763 -0.00595315 -0.049375 0.0423438 0.0138814 0.986722 0.161825 -0.0636729 0.047756 -0.16231 0.985583 0.239101 0 0 0 1 
26456013410222;2.32392;1.06743;0.997148 0.0411484 0.063271 -0.134538 0.00781134 0.777543 -0.628782 0.787503 -0.0750693 0.627483 0.775003 -1.05928 0 0 0 1 
26456013410223;1.20647;1.0008;0.998838 0.0432842 -0.0212062 -0.0196639 -0.0374903 0.974191 0.222592 -0.0665115 0.0302937 -0.221538 0.974681 0.120132 0 0 0 1 
26456013410224;0.781646;0.710357;0.98932 0.0951617 0.110413 -0.149011 -0.0881885 0.993887 -0.0664178 -0.0201634 -0.116059 0.0559712 0.991664 -0.14782 0 0 0 1 
26456013410225;1.91639;1.40164;0.993957 -0.0323384 -0.104894 0.196446 0.101458 0.635362 0.765521 -1.12997 0.04189 -0.771537 0.634804 0.577157 0 0 0 1 
26456013410226;0.740714;0.680087;0.999776 0.0131458 0.0165779 -0.0374018 -0.0125031 0.999188 -0.0382932 0.0413322 -0.0170678 0.0380774 0.999129 -0.0376663 0 0 0 1 
26456013410227;0.854149;0.830591;0.999748 0.0105858 0.0198149 -0.0282412 -0.0105311 0.99994 -0.00286538 -0.0149471 -0.019844 0.00265599 0.9998 0.000628372 0 0 0 1 
26456013410228;0.477964;0.452008;0.999452 0.00091533 0.0330743 -0.0473049 0.0040094 0.9889 -0.148525 0.152236 -0.0328432 0.148577 0.988355 -0.0653778 0 0 0 1 
26456013410229;0.488387;0.147166;0.92498 -0.21716 -0.311856 0.294231 0.243879 0.968572 0.0488944 0.0686912 0.291437 -0.121281 0.948871 0.245446 0 0 0 1 
26456013410230;0.907029;0.785707;0.996762 0.0803454 -0.00329479 0.0318799 -0.0770585 0.96609 0.246437 -0.24783 0.0229831 -0.245385 0.969153 0.0772106 0 0 0 1 
26456013410231;2.37848;1.05122;0.985138 0.14349 -0.0944166 0.0924989 -0.131677 0.983845 0.121289 -0.536435 0.110295 -0.107053 0.988117 -0.500915 0 0 0 1 
26456013410232;0.758672;0.707187;0.998416 0.0519072 0.0217146 -0.0263712 -0.0524655 0.998285 0.0259834 -0.0777263 -0.0203287 -0.0270815 0.999427 -0.0276216 0 0 0 1 
26456013410233;0.876115;0.602051;0.97485 0.218999 0.0413143 -0.0449543 -0.220653 0.974494 0.040918 -0.102152 -0.0312995 -0.049005 0.998308 0.0424782 0 0 0 1 
26456013410234;0.436918;0.296293;0.999494 0.0294727 0.0119497 -0.0265747 -0.029924 0.99877 0.0395336 -0.141251 -0.0107698 -0.0398712 0.999147 0.0355509 0 0 0 1 
26456013410235;0.42537;0.356538;0.998938 -0.0214671 0.0407624 -0.0247362 0.0235972 0.998341 -0.0525148 -0.0331939 -0.0395674 0.053421 0.997788 -0.0394747 0 0 0 1 
26456013410236;1.61117;1.14693;0.9672 0.25349 -0.0163461 -0.0923022 -0.21393 0.847573 0.485648 -0.833791 0.136961 -0.466221 0.874002 0.162106 0 0 0 1 
26456013410237;1.76467;1.43038;0.958208 0.182357 0.220416 -0.197839 -0.247266 0.915428 0.317571 -0.365915 -0.143864 -0.358801 0.922261 -0.0529228 0 0 0 1 
26456013410238;1.19544;0.827113;0.99847 -0.0374053 0.0407253 -0.0058042 0.0180253 0.916429 0.39979 -0.339396 -0.0522761 -0.398445 0.915701 -0.0369435 0 0 0 1 
26456013410239;0.73293;0.511859;0.929845 -0.346829 -0.122877 0.14723 0.34338 0.937923 -0.0488993 0.352218 0.132209 0.00327535 0.991216 0.0623863 0 0 0 1 
26456013410240;1.79116;1.90454;0.977715 -0.125171 -0.168542 0.0757869 0.150053 0.978131 0.14403 0.19211 0.146827 -0.16611 0.975115 0.236665 0 0 0 1 
26456013410241;1.92987;1.88978;0.912494 0.219563 0.345176 -0.44909 -0.173848 0.97191 -0.158644 -0.111873 -0.370313 0.0847531 0.925033 -0.436777 0 0 0 1 
26456013410242;1.40722;0.925226;0.977935 0.113983 0.175072 -0.183962 -0.176203 0.900245 0.398135 -0.51376 -0.112227 -0.420198 0.900466 -0.0866893 0 0 0 1 
26456013410243;0.583238;0.434676;0.998808 -0.0397143 0.0283907 -0.0177884 0.0416252 0.996662 -0.0702287 0.0975596 -0.0255069 0.0713268 0.997127 -0.150926 0 0 0 1 
26456013410244;0.533279;0.244098;0.999577 0.0290403 0.00131791 -0.0138478 -0.029004 0.999334 -0.0221496 0.0505194 -0.00196026 0.022102 0.999754 0.106778 0 0 0 1 
26456013410245;0.736282;0.601857;0.978033 -0.160556 -0.132939 0.135904 0.109958 0.939185 -0.325332 0.356227 0.177088 0.303568 0.936208 0.183086 0 0 0 1 
26456013410246;1.05866;0.964617;0.993149 0.0319319 0.112407 -0.0858126 -0.00763159 0.97761 -0.210287 0.126597 -0.116605 0.207988 0.971156 -0.332201 0 0 0 1 
26456013410248;1.23759;0.935475;0.975803 0.179502 -0.124854 -0.227699 -0.051537 0.743739 0.66648 0.00509707 0.212493 -0.643918 0.734994 1.11493 0 0 0 1 
26456013410249;1.46586;0.792153;0.703836 0.16427 0.691107 -0.542051 -0.234787 0.972013 0.00807234 -0.640186 -0.67044 -0.167945 0.722707 -0.397326 0 0 0 1 
26456013410250;0.412958;0.311174;0.993054 -0.100311 -0.0614859 -0.074237 0.0916866 0.987282 -0.129875 0.260944 0.0737318 0.123335 0.989622 0.21477 0 0 0 1 
26456013410251;1.34871;0.439139;0.992964 0.111174 0.0407817 -0.183996 -0.108194 0.99172 -0.0691817 -0.312085 -0.0481352 0.0642826 0.99677 0.804056 0 0 0 1 
26456013410252;1.49487;0.72976;0.993388 0.0543789 -0.101108 0.181037 -0.00700953 0.90779 0.419366 -0.51641 0.11459 -0.415885 0.902169 -0.372624 0 0 0 1 
26456013410253;0.288077;0.247821;0.971419 0.237368 -0.00148754 -0.114845 -0.237178 0.970349 -0.0465772 -0.452777 -0.00961251 0.0455988 0.998914 -0.207417 0 0 0 1 
26456013410254;0.399182;0.241235;0.947534 0.300423 0.109199 -0.319229 -0.292842 0.952788 -0.0802398 -0.375134 -0.12815 0.0440518 0.990776 -0.336836 0 0 0 1 
26456013410255;1.26559;0.752327;0.900537 -0.012147 0.43461 -0.250624 -0.0686929 0.983079 0.169812 0.116898 -0.429319 -0.182777 0.884465 -0.0294185 0 0 0 1 
26456013410256;0.836061;0.851928;0.998908 -0.0158727 0.0439494 -0.0444901 0.0272644 0.961823 -0.272312 0.168515 -0.0379492 0.273213 0.961205 -0.336986 0 0 0 1 
26456013410257;1.31918;0.588963;0.963993 0.243092 -0.107818 -0.28325 -0.227255 0.963612 0.140737 -0.957375 0.138107 -0.111167 0.984159 -0.0284952 0 0 0 1 
26456013410258;1.48742;1.50393;0.982934 0.163597 0.0841271 -0.00856321 -0.137076 0.956333 -0.258141 -0.381648 -0.122685 0.242204 0.962437 -0.236547 0 0 0 1 
26456013410259;1.01942;0.139773;0.937003 0.330866 -0.11204 -0.556354 -0.317316 0.940302 0.123058 -0.205209 0.146067 -0.0797537 0.986055 0.29532 0 0 0 1 
