#;prob_registration_l1 -r /home/probabilistic_point_clouds_registration/build/tester /home/point_clouds_registration_benchmark//devel/registration_pairs/p2at_met_local.txt /home/point_clouds_registration_benchmark//planetary/p2at_met -s 0.2 -t 0.2 -p 0.3 -r 1000 -m 1 -i 40 
id;initial_error;final_error;transformation
27844314100000;0.368279;0.341383;0.999309 0.00581667 0.0367117 0.433931 -0.0108925 0.990145 0.139618 -0.235296 -0.0355379 -0.139922 0.989525 -8.41956 0 0 0 1 
27844314100001;0.325629;0.139904;0.987637 0.0350211 -0.152796 1.28054 -0.00615918 0.982642 0.185412 -0.459002 0.156637 -0.182179 0.970709 -7.72284 0 0 0 1 
27844314100002;0.342132;0.140632;0.933524 -0.0525564 0.354642 -3.40357 -0.0524105 0.958564 0.280015 -2.67718 -0.354664 -0.279987 0.892088 -24.6718 0 0 0 1 
27844314100003;0.135271;0.113588;0.994943 -0.00364833 0.100378 0.0342083 -0.0137261 0.985027 0.171854 -0.520804 -0.0995024 -0.172362 0.979995 -12.507 0 0 0 1 
27844314100004;0.89077;0.718595;0.98627 0.0482888 -0.15792 2.04203 -0.00589212 0.965973 0.258577 -1.19195 0.165033 -0.254096 0.952995 -12.3452 0 0 0 1 
27844314100005;0.300669;0.268919;0.933415 0.0413385 -0.35641 -0.403811 0.00303322 0.992396 0.123048 0.0878174 0.358786 -0.115936 0.926192 1.32 0 0 0 1 
27844314100006;0.461976;0.442054;0.999993 0.00362522 0.00050197 0.233915 -0.00363646 0.999691 0.0245778 -0.00294087 -0.000412716 -0.0245795 0.999698 -1.29546 0 0 0 1 
27844314100007;1.17629;1.02442;0.999539 0.00523163 0.0299082 0.348927 -0.0075093 0.997037 0.0765578 0.00718564 -0.0294191 -0.0767471 0.996616 -3.84207 0 0 0 1 
27844314100008;0.519074;0.447892;0.999983 0.00530323 0.0022361 0.273869 -0.00537768 0.999383 0.0347174 -0.0244549 -0.00205061 -0.0347288 0.999395 -1.4575 0 0 0 1 
27844314100009;0.482706;0.501898;0.992834 -0.00423794 0.119423 0.00222244 0.00963208 0.998957 -0.0446273 -0.0449592 -0.11911 0.0454578 0.99184 -0.163956 0 0 0 1 
27844314100010;0.848926;0.0781997;0.999058 0.0209717 -0.0379896 1.27626 -0.0141174 0.984917 0.172448 -0.642348 0.0410331 -0.171749 0.984286 -11.2452 0 0 0 1 
27844314100011;0.370547;0.305782;0.980633 -0.0060796 -0.19576 -1.57331 -0.00608349 0.99809 -0.0614716 -0.433224 0.19576 0.061472 0.978723 8.60986 0 0 0 1 
27844314100012;1.02719;0.440548;0.991181 0.0001616 -0.132513 -1.00294 -0.00662796 0.998808 -0.0483583 -0.395606 0.132347 0.0488102 0.990001 8.15709 0 0 0 1 
27844314100013;0.818365;0.762382;0.99884 0.00833836 -0.0474273 0.333949 -0.00372875 0.99533 0.0964633 -0.0752953 0.0480101 -0.0961746 0.994206 -5.37701 0 0 0 1 
27844314100014;0.722224;0.295008;0.998379 -0.00262277 -0.0568583 -0.183822 0.00297598 0.999977 0.00612832 0.0342438 0.0568409 -0.00628759 0.998363 -0.845956 0 0 0 1 
27844314100015;1.11358;0.725853;0.999503 0.000679581 -0.0315275 0.274152 -0.00136164 0.999765 -0.0216173 0.083316 0.0315054 0.0216494 0.999269 -0.455318 0 0 0 1 
27844314100016;0.370882;0.082294;0.993118 -0.00881184 0.116786 -0.292598 0.0567175 0.90862 -0.413755 -5.44354 -0.102468 0.417531 0.902867 21.8183 0 0 0 1 
27844314100017;0.341055;0.301416;0.995727 0.00560013 -0.0921707 -0.161867 -0.00231028 0.999358 0.0357611 0.0303468 0.0923118 -0.0353953 0.995101 0.216859 0 0 0 1 
27844314100018;0.853373;0.29045;0.999603 0.00147311 0.0281296 0.266187 -0.00155549 0.999995 0.00290699 -0.0742218 -0.0281252 -0.00294959 0.9996 -2.97798 0 0 0 1 
27844314100019;0.871961;0.110388;0.999981 -0.0033218 0.00528142 0.0706921 0.00345381 0.999677 -0.025185 0.0616897 -0.00519605 0.0252027 0.999669 -0.98804 0 0 0 1 
27844314100020;0.613803;0.619124;0.996649 0.0348019 -0.0740306 1.65644 -0.0169196 0.973119 0.229682 -1.0853 0.0800339 -0.22766 0.970446 -11.8473 0 0 0 1 
27844314100021;0.300355;0.0917241;0.948362 -0.0023715 -0.317182 -2.52786 -0.0166318 0.998225 -0.0571919 -0.706043 0.316754 0.059514 0.946639 10.9557 0 0 0 1 
27844314100022;0.628187;0.0792081;0.999975 -0.00192629 0.00681902 0.0691637 0.00207085 0.999772 -0.0212562 -0.0402671 -0.00677652 0.0212698 0.999751 -0.626277 0 0 0 1 
27844314100023;0.278091;0.100328;0.996464 -0.00466454 0.0838898 -0.0374909 0.00810313 0.999139 -0.0406957 0.0128375 -0.0836277 0.0412316 0.995644 -0.292097 0 0 0 1 
27844314100024;0.416131;0.310272;0.968752 -0.00540364 -0.247973 -1.80427 -0.00490637 0.99915 -0.0409404 -0.250337 0.247983 0.0408777 0.967902 7.40593 0 0 0 1 
27844314100025;0.365706;0.310519;0.992438 0.000489427 -0.122742 -0.600354 -0.000371663 0.999999 0.000982336 -0.0193957 0.122742 -0.000929289 0.992438 2.42524 0 0 0 1 
27844314100026;0.38807;0.208817;0.983141 -0.00566921 0.182759 -0.151621 -0.00297063 0.998892 0.0469663 -0.00531321 -0.182822 -0.0467174 0.982035 -7.85508 0 0 0 1 
27844314100027;0.827287;0.760117;0.981573 -0.0172125 -0.190311 -2.04573 -0.00718162 0.991908 -0.126753 -1.08742 0.190953 0.125784 0.973507 11.4636 0 0 0 1 
27844314100028;0.216847;0.20339;0.993756 -0.0122245 0.110908 -0.534256 0.0265527 0.991334 -0.12865 -0.32138 -0.108374 0.130792 0.985469 5.10514 0 0 0 1 
27844314100029;0.528223;0.42534;0.997203 -0.00190887 0.07472 0.113548 0.00375914 0.99969 -0.02463 -0.0547575 -0.0746498 0.024842 0.9969 -1.02773 0 0 0 1 
27844314100031;1.32944;0.75375;0.999837 -0.0068468 -0.0166951 -0.323435 0.00679911 0.999973 -0.00291148 0.0497044 0.0167146 0.00279749 0.999856 2.61037 0 0 0 1 
27844314100032;1.35252;1.17426;0.949929 0.0613091 -0.306391 -1.89437 0.032902 0.955484 0.293202 1.50785 0.310728 -0.288602 0.905625 6.06723 0 0 0 1 
27844314100033;0.908498;0.582559;0.97455 0.0357503 -0.221302 -1.07404 0.0174417 0.972116 0.233849 1.15816 0.223491 -0.231758 0.946752 4.92817 0 0 0 1 
27844314100034;0.315932;0.298466;0.999964 0.00327359 0.00782542 -0.0394894 -0.00338151 0.999899 0.0138172 -0.0168887 -0.0077794 -0.0138432 0.999874 -0.206189 0 0 0 1 
27844314100035;0.38412;0.189515;0.999548 -0.00480049 -0.0296661 -0.00505426 0.00344366 0.998953 -0.0456195 -0.0944615 0.0298541 0.0454967 0.998518 -0.471219 0 0 0 1 
27844314100036;0.255516;0.150538;0.996863 0.0175404 0.0771736 -0.0423117 -0.030151 0.985763 0.165416 -0.0288779 -0.0731734 -0.167224 0.9832 -0.167513 0 0 0 1 
27844314100037;0.704806;0.541051;0.999875 -0.0059752 0.0146324 0.0393104 0.00783371 0.991424 -0.130449 -0.0433669 -0.0137274 0.130547 0.991347 0.331463 0 0 0 1 
27844314100038;1.02577;0.69688;0.996249 0.00444656 0.0864165 0.0286499 -0.0011536 0.999273 -0.0381183 -0.0460082 -0.0865232 0.0378756 0.99553 0.607989 0 0 0 1 
27844314100039;0.646323;0.211657;0.998569 -0.000376757 0.0534849 0.0245728 0.0117035 0.977282 -0.211621 -0.130829 -0.0521901 0.211944 0.975887 0.130493 0 0 0 1 
27844314100040;0.526776;0.433285;0.958168 0.0141782 0.285856 -0.246722 -0.00508958 0.999458 -0.0325122 -0.245387 -0.286162 0.0296973 0.957721 -3.98465 0 0 0 1 
27844314100041;0.240913;0.172584;0.986529 -0.0208502 -0.16225 -0.345051 0.0118993 0.998363 -0.0559451 0.0531249 0.163151 0.0532609 0.985162 1.91869 0 0 0 1 
27844314100042;1.10623;0.917492;0.999748 0.00550406 -0.0217452 -0.00702391 -0.00418783 0.998182 0.0601183 -0.0526613 0.0220366 -0.0600121 0.997954 -0.803575 0 0 0 1 
27844314100043;0.537176;0.448662;0.952075 0.0170795 0.305388 -0.314786 -0.102489 0.958535 0.265909 -0.886346 -0.288184 -0.284464 0.914347 -3.42785 0 0 0 1 
27844314100044;0.682374;0.425789;0.991723 0.00401215 0.128334 0.175393 0.0123704 0.991876 -0.126604 -0.0108629 -0.127799 0.127144 0.983617 -0.959934 0 0 0 1 
27844314100045;0.577329;0.395247;0.996732 -0.00836857 -0.0803453 -0.102855 0.00471486 0.998951 -0.0455576 0.0181931 0.0806422 0.0450299 0.995725 -0.0216312 0 0 0 1 
27844314100046;0.842689;0.752153;0.97817 0.0205921 -0.206781 -0.743746 0.00824086 0.990451 0.137616 0.322731 0.207641 -0.136316 0.968661 3.48043 0 0 0 1 
27844314100047;0.331521;0.315133;0.99964 -0.000926885 0.0267993 0.0436558 0.00174888 0.999528 -0.0306651 0.0296252 -0.0267582 0.0307009 0.99917 -0.296008 0 0 0 1 
27844314100048;0.326512;0.239994;0.999717 -0.00428238 0.0234184 0.0859476 0.0056677 0.998217 -0.0594124 0.0297985 -0.0231223 0.0595283 0.997959 -0.0574558 0 0 0 1 
27844314100049;0.286094;0.163516;0.987629 -0.00564859 -0.156707 -0.322406 0.0107303 0.999443 0.031601 0.102111 0.156441 -0.0328916 0.98714 1.59365 0 0 0 1 
27844314100050;1.23172;0.999363;0.999838 0.00410189 -0.0175016 -0.227186 -0.00388308 0.999914 0.0125181 -0.00398018 0.0175515 -0.0124482 0.999768 1.79693 0 0 0 1 
27844314100051;0.428034;0.186343;0.99973 -0.00222231 -0.0231181 -0.0883013 0.00185087 0.999869 -0.0160761 0.00129827 0.0231508 0.0160289 0.999603 1.11742 0 0 0 1 
27844314100052;1.33827;0.998456;0.999616 0.00248567 -0.027594 0.108494 0.00105391 0.991835 0.127523 -0.129403 0.0276857 -0.127504 0.991452 -0.948117 0 0 0 1 
27844314100053;1.32669;0.942511;0.970303 -0.00448043 0.241853 0.290288 -0.0221514 0.993982 0.107284 -0.0426302 -0.240878 -0.109456 0.964364 -0.928484 0 0 0 1 
27844314100054;0.560805;0.308494;0.990608 0.00101185 0.136728 0.0655522 -0.0074724 0.998879 0.0467463 -0.028486 -0.136527 -0.047329 0.989505 -0.46945 0 0 0 1 
27844314100055;0.956315;0.900318;0.99925 0.000437628 0.0387168 0.0202357 0.00212326 0.997812 -0.0660782 -0.0330246 -0.038661 0.0661108 0.997063 0.278012 0 0 0 1 
27844314100056;1.36899;1.20389;0.998311 -0.00207286 0.0580505 0.0822641 0.00889445 0.993033 -0.117501 -0.00834641 -0.0574025 0.117819 0.991375 0.133093 0 0 0 1 
27844314100057;0.0905846;0.0580168;0.990779 0.00475025 0.135402 0.0160389 -0.00366955 0.999959 -0.00822987 -0.142987 -0.135435 0.00765712 0.990757 -1.64529 0 0 0 1 
27844314100058;0.707405;0.289605;0.999856 0.0109312 0.0130115 0.0805647 -0.0109147 0.99994 -0.00134006 -0.127918 -0.0130254 0.00119785 0.999914 -1.48205 0 0 0 1 
27844314100059;0.65531;0.220459;0.892548 0.023053 0.450363 -1.18334 -0.07662 0.991924 0.101075 -0.963633 -0.444395 -0.124721 0.887106 -6.16887 0 0 0 1 
27844314100060;1.27536;0.555001;0.981613 0.00816122 0.190707 0.121927 0.00316654 0.998252 -0.0590188 -0.283385 -0.190855 0.0585375 0.979871 -4.86561 0 0 0 1 
27844314100062;0.6633;0.483082;0.999991 -0.00411569 -0.00140235 -0.113434 0.00406732 0.99945 -0.0329033 -0.0181787 0.001537 0.0328973 0.999458 0.481722 0 0 0 1 
27844314100063;1.6099;0.124426;0.994341 0.00197486 -0.106214 0.137219 -0.00306196 0.999945 -0.0100729 -0.0673004 0.106188 0.0103411 0.994292 -0.462989 0 0 0 1 
27844314100064;1.94982;1.85852;0.998594 -0.00270587 0.0529479 -0.0126177 0.00523236 0.998851 -0.0476363 -0.0582122 -0.0527581 0.0478463 0.99746 1.38704 0 0 0 1 
27844314100065;1.77485;0.890931;0.989854 0.0223986 0.140308 1.07008 -0.0759872 0.917864 0.389552 -2.84177 -0.120059 -0.396262 0.910254 -15.889 0 0 0 1 
27844314100066;1.08018;0.623092;0.997784 0.00414417 0.066402 0.351136 -0.00797944 0.998308 0.0575977 -0.0102194 -0.066051 -0.0579999 0.996129 -3.92105 0 0 0 1 
27844314100067;1.0783;0.549014;0.999504 -0.000184516 0.0314891 0.00297387 -0.00024055 0.999909 0.0134945 0.0448467 -0.0314887 -0.0134954 0.999413 0.38177 0 0 0 1 
27844314100068;0.329721;0.308462;0.999966 0.00400492 0.00719872 0.159846 -0.00420148 0.999613 0.0274997 -0.00855765 -0.0070858 -0.0275291 0.999596 -1.10787 0 0 0 1 
27844314100069;0.992581;0.739618;0.91818 -0.00712147 0.396099 -0.327944 0.0358893 0.997222 -0.0652644 0.246454 -0.394534 0.0741402 0.915885 -4.04515 0 0 0 1 
27844314100070;1.68809;1.13909;0.999725 0.00491176 -0.0229096 -0.0927761 -0.00435222 0.999693 0.0244101 0.00874075 0.0230224 -0.0243037 0.999439 1.27753 0 0 0 1 
27844314100071;2.20263;0.982175;0.986781 0.0387613 -0.157353 0.90347 0.00315257 0.966199 0.257778 -0.596714 0.162026 -0.254866 0.953305 -8.20234 0 0 0 1 
27844314100072;0.844195;0.202122;0.918332 -0.0291434 -0.394736 -3.50734 -0.0233684 0.991554 -0.127572 -1.03197 0.39512 0.126377 0.909895 9.97175 0 0 0 1 
27844314100073;1.02691;0.627985;0.999352 0.0107441 0.0343424 0.375182 -0.0162775 0.986133 0.165158 -0.0392187 -0.0320917 -0.16561 0.985669 -4.38352 0 0 0 1 
27844314100074;0.384882;0.350885;0.99831 0.0069491 0.0576896 0.362605 -0.0165357 0.985749 0.167408 -0.156378 -0.0557041 -0.168079 0.984198 -6.08959 0 0 0 1 
27844314100075;1.31596;0.618496;0.997803 -0.0030009 -0.0661767 -0.0210297 0.000882491 0.999487 -0.0320174 -0.065167 0.0662388 0.0318887 0.997294 0.263242 0 0 0 1 
27844314100076;1.20785;1.21144;0.999933 -0.00027598 0.0116108 0.0222399 7.68225e-05 0.999853 0.0171496 0.0255507 -0.0116139 -0.0171476 0.999786 -0.656816 0 0 0 1 
27844314100077;1.66098;0.499778;0.997956 0.0151105 -0.0620848 0.5785 -0.0100041 0.996602 0.081752 -0.0990397 0.0631092 -0.0809638 0.994717 -3.77931 0 0 0 1 
27844314100078;1.89852;1.76743;0.999992 -0.00383652 -0.00135995 0.00906628 0.0038189 0.999912 -0.0127314 0.0112952 0.00140867 0.0127261 0.999918 -0.644109 0 0 0 1 
27844314100079;1.7021;1.58373;0.996683 0.00118925 0.0813682 0.244141 -0.0108305 0.992937 0.118151 0.0444369 -0.080653 -0.118641 0.989656 -3.95981 0 0 0 1 
27844314100080;1.10438;0.501482;0.972391 -0.0102809 0.233129 -0.07823 -0.00848377 0.996811 0.0793453 -0.0923041 -0.233201 -0.0791325 0.969203 -6.92929 0 0 0 1 
27844314100081;0.430079;0.416492;0.99999 -0.00453059 -0.000363205 -0.157996 0.00452634 0.99993 -0.0109333 0.0268504 0.000412713 0.0109315 0.99994 0.352695 0 0 0 1 
27844314100082;1.95213;1.48786;0.999038 0.027112 0.0344579 0.774881 -0.0373679 0.937606 0.345685 -1.03396 -0.0229357 -0.34664 0.937718 -9.56987 0 0 0 1 
27844314100083;0.583263;0.31193;0.966155 -0.00286091 0.257948 0.11449 -0.0185862 0.996568 0.0806685 -0.149635 -0.257293 -0.0827326 0.962785 -6.7559 0 0 0 1 
27844314100084;0.503644;0.425686;0.990893 0.00276049 0.134627 0.316318 -0.0373038 0.966286 0.254753 -0.822782 -0.129385 -0.257455 0.957589 -10.0149 0 0 0 1 
27844314100085;0.720603;0.474455;0.998128 0.0195616 0.0579511 0.793423 -0.0329836 0.970051 0.240653 -0.762334 -0.051508 -0.242114 0.96888 -8.83102 0 0 0 1 
27844314100086;1.70425;1.44016;0.996147 0.0404726 -0.077806 1.01198 -0.013954 0.948993 0.314987 -0.893101 0.0865857 -0.312688 0.945901 -9.45231 0 0 0 1 
27844314100087;1.08193;0.882881;0.977859 -0.0267016 -0.207553 -1.55434 -0.000688138 0.99141 -0.130787 -0.569609 0.209262 0.128034 0.969441 5.9363 0 0 0 1 
27844314100088;1.41218;0.81704;0.998211 -0.0048756 0.0595866 -0.0894641 0.0101313 0.996049 -0.0882226 -0.326997 -0.058921 0.0886685 0.994317 3.42226 0 0 0 1 
27844314100089;0.394008;0.392809;0.998516 0.000125308 -0.0544581 -0.133961 -0.000745907 0.999935 -0.0113757 -0.0390175 0.0544531 0.0113995 0.998451 1.04161 0 0 0 1 
27844314100090;1.35838;0.808204;0.99052 -0.0415667 -0.130929 -1.44262 0.00570127 0.964738 -0.263149 -1.56516 0.13725 0.259908 0.95583 8.35029 0 0 0 1 
27844314100091;1.04859;1.08829;0.999404 0.00680386 -0.0338475 0.138876 -0.00434726 0.997386 0.0721296 0.121781 0.0342498 -0.0719394 0.996821 -1.81852 0 0 0 1 
27844314100093;0.967031;0.595231;0.995424 -0.018622 -0.0937251 -2.37037 0.00588579 0.990914 -0.134371 -1.15486 0.0953757 0.133204 0.986489 17.0712 0 0 0 1 
27844314100094;1.92323;0.273457;0.972659 0.0609563 -0.224096 3.70773 -0.0149675 0.979387 0.201439 -0.925705 0.231755 -0.192577 0.953522 -8.49334 0 0 0 1 
27844314100095;0.873202;0.349741;0.991766 -0.000724247 0.128061 0.260813 -0.0423667 0.941821 0.333434 -5.60986 -0.120852 -0.336114 0.934035 -36.4131 0 0 0 1 
27844314100096;0.430323;0.355715;0.990433 0.0062563 -0.137853 -0.26481 -0.00508808 0.999948 0.00882522 -0.128453 0.137901 -0.00803938 0.990413 3.94003 0 0 0 1 
27844314100097;1.73872;1.30347;0.999992 0.00331169 0.00215143 0.368053 -0.00334193 0.999893 0.0142081 -0.079543 -0.00210415 -0.0142152 0.999897 -0.178918 0 0 0 1 
27844314100098;0.721991;0.29406;0.999793 0.0176065 0.0101582 1.78418 -0.0189042 0.989053 0.146348 -1.04422 -0.00747032 -0.146509 0.989181 -13.6911 0 0 0 1 
27844314100099;0.836004;0.819672;0.999528 0.00106006 -0.0307121 -0.000302999 0.000721238 0.99832 0.0579307 0.0983672 0.0307219 -0.0579255 0.997848 -4.75464 0 0 0 1 
27844314100100;2.4061;0.277606;0.999569 0.0278077 0.00940338 2.63443 -0.0293157 0.962132 0.271004 -2.9385 -0.00151127 -0.271163 0.962532 -23.7333 0 0 0 1 
27844314100101;0.366989;0.399435;0.999564 0.0288298 -0.00644369 2.70271 -0.0238293 0.915799 0.400929 -7.39465 0.0174598 -0.400601 0.916086 -38.5815 0 0 0 1 
27844314100102;1.52564;1.38124;0.976779 -0.0046043 0.214199 -0.525954 0.0576539 0.968539 -0.242091 -2.05594 -0.206345 0.248819 0.946314 16.9498 0 0 0 1 
27844314100103;2.09748;0.438813;0.999957 -0.00174967 -0.00907636 0.120216 0.00179765 0.999984 0.0052808 0.0690649 0.00906698 -0.00529689 0.999945 -2.56834 0 0 0 1 
27844314100104;0.507469;0.22643;0.999969 0.0071685 -0.00322233 0.756816 -0.0071164 0.999848 0.0158978 -0.186409 0.0033358 -0.0158744 0.999868 -1.97941 0 0 0 1 
27844314100105;1.7041;1.70983;0.999324 -0.0194161 0.0312102 -1.71725 0.0242529 0.986336 -0.16295 -1.01057 -0.0276199 0.163597 0.98614 14.6305 0 0 0 1 
27844314100106;0.621555;0.324484;0.975881 0.0316954 -0.215992 1.85073 -0.01075 0.995181 0.0974665 -0.586661 0.21804 -0.0927937 0.971518 -1.78924 0 0 0 1 
27844314100107;0.153647;0.165694;0.999957 -0.0084068 -0.00388977 -0.807773 0.00839496 0.99996 -0.00305027 0.32995 0.00391526 0.00301748 0.999988 0.390902 0 0 0 1 
27844314100108;1.53872;1.13906;0.99949 -0.0140484 -0.0286703 -1.43022 0.0102057 0.991458 -0.130028 -1.02672 0.0302521 0.129669 0.991096 14.806 0 0 0 1 
27844314100109;1.60611;1.08217;0.999558 0.0124679 -0.0269954 1.20625 -0.0106996 0.997848 0.0646851 -0.366429 0.0277438 -0.0643676 0.997541 -6.69469 0 0 0 1 
27844314100110;2.36031;1.43781;0.999991 -0.00264573 0.00318054 -0.159217 0.00293129 0.995623 -0.0934145 -1.05055 -0.00291947 0.093423 0.995622 10.9447 0 0 0 1 
27844314100111;0.227132;0.162643;0.968239 0.0430154 -0.246297 2.1641 0.00503548 0.981534 0.191219 -0.759957 0.249974 -0.186386 0.950144 -9.45467 0 0 0 1 
27844314100112;2.20462;1.91662;0.998978 -0.0413434 -0.0182854 -4.07239 0.0342153 0.955839 -0.291893 -3.94932 0.0295458 0.290969 0.956276 28.0035 0 0 0 1 
27844314100113;2.4063;0.23674;0.996582 -0.0194252 0.0802913 -1.68365 0.0324011 0.985991 -0.16362 -1.14261 -0.0759882 0.165663 0.983251 16.2527 0 0 0 1 
27844314100114;0.335195;0.20159;0.981304 -0.0170863 0.191704 -1.62929 0.0342551 0.995654 -0.0866057 0.547195 -0.189391 0.0915533 0.977624 1.91606 0 0 0 1 
27844314100115;1.83608;1.75335;0.999994 -0.00329982 -0.0012328 -0.293498 0.00332778 0.99972 0.0234167 0.308559 0.00115519 -0.0234206 0.999725 -2.00777 0 0 0 1 
27844314100116;1.89876;1.51948;0.976669 -0.00258425 0.214736 -0.0879742 -0.0146172 0.996809 0.0784788 -0.398723 -0.214253 -0.0797866 0.973514 -13.9554 0 0 0 1 
27844314100117;2.29451;0.491529;0.991057 0.0426577 -0.126437 3.00661 -0.00794715 0.964713 0.263185 -2.10976 0.133202 -0.259827 0.956424 -18.1981 0 0 0 1 
27844314100118;2.1601;2.16372;0.999843 0.00132522 0.0176908 0.265083 -0.000928006 0.999748 -0.0224428 -0.0886904 -0.017716 0.0224228 0.999592 1.87838 0 0 0 1 
27844314100119;1.47956;0.844915;0.999851 0.0167168 -0.0043142 1.84456 -0.0164644 0.998455 0.0530795 -0.537805 0.00519485 -0.0530005 0.998581 -6.2737 0 0 0 1 
27844314100120;0.852594;0.392421;0.978496 -0.0404261 -0.202264 -5.56653 -0.00241248 0.978296 -0.2072 -3.01784 0.206251 0.203233 0.957161 27.6262 0 0 0 1 
27844314100121;1.87824;0.675738;0.997999 -0.00298847 0.0631636 0.160491 0.00158579 0.999751 0.0222456 0.149015 -0.0632144 -0.0221009 0.997755 -6.42847 0 0 0 1 
27844314100122;1.73464;1.17142;0.970611 0.0132697 -0.240287 -0.14744 -0.0156305 0.999846 -0.0079216 -0.352402 0.240145 0.0114446 0.970669 8.51625 0 0 0 1 
27844314100124;0.405551;0.137595;0.997939 -0.0461272 -0.0446086 -3.89521 0.0506796 0.992968 0.106982 1.68106 0.0393601 -0.109022 0.99326 -7.9071 0 0 0 1 
27844314100125;0.438401;0.184407;0.915532 -0.016953 0.401888 -3.14523 0.0734343 0.989365 -0.125554 1.15751 -0.395485 0.144461 0.90704 -1.30385 0 0 0 1 
27844314100126;1.24567;0.826972;0.998153 -0.0035338 -0.0606537 -0.828722 -0.00165119 0.996361 -0.0852229 -1.24509 0.0607341 0.0851656 0.994514 9.03261 0 0 0 1 
27844314100127;1.48846;0.481894;0.99974 -0.000737763 -0.0228001 -0.530886 0.00233862 0.997526 0.0702659 0.0908678 0.0226919 -0.070301 0.997268 -2.93966 0 0 0 1 
27844314100128;1.19785;0.126349;0.99686 -0.0100138 -0.0785432 -1.39605 0.00562234 0.998419 -0.055934 0.171129 0.0789791 0.0553168 0.99534 5.74261 0 0 0 1 
27844314100129;1.23822;0.863489;0.999912 0.002007 0.0131081 -0.174248 -0.001278 0.998464 -0.0553878 -0.553739 -0.0131992 0.0553662 0.998379 5.8726 0 0 0 1 
27844314100130;0.532996;0.308279;0.983374 -0.0312464 -0.178883 -3.93052 -0.00731243 0.977472 -0.210938 -2.82026 0.181444 0.208739 0.960992 24.235 0 0 0 1 
27844314100131;0.768744;0.374625;0.996672 0.0672844 -0.0460287 5.29375 -0.0561356 0.975872 0.211003 -3.78845 0.0591154 -0.207717 0.976401 -15.2331 0 0 0 1 
27844314100132;0.304449;0.139588;0.99008 0.0548022 -0.129377 3.79879 -0.0298794 0.981859 0.187244 -2.12811 0.137291 -0.181521 0.973756 -11.5637 0 0 0 1 
27844314100133;0.242712;0.135884;0.97187 -0.0984627 -0.21395 -10.6653 0.0234617 0.944373 -0.328038 -5.34054 0.234348 0.31379 0.920118 35.8497 0 0 0 1 
27844314100134;1.30166;0.199682;0.972116 0.00583791 0.234429 0.114519 -0.0045292 0.999971 -0.00612057 -0.156892 -0.234458 0.00488813 0.972114 -9.76256 0 0 0 1 
27844314100135;0.261851;0.215654;0.99797 -0.0161534 0.0616067 -1.20652 0.0144922 0.999522 0.0273158 0.643183 -0.0620185 -0.0263675 0.997727 -4.28678 0 0 0 1 
27844314100136;1.42144;0.728102;0.999026 0.042583 0.0115743 3.56607 -0.0413524 0.994966 -0.0912809 -2.82403 -0.0154031 0.0907133 0.995758 9.35673 0 0 0 1 
27844314100137;1.20547;0.743976;0.998667 -0.0252092 0.045045 -2.28403 0.0393694 0.936369 -0.348803 -6.03907 -0.0333857 0.350111 0.936113 31.2544 0 0 0 1 
27844314100138;0.244336;0.167158;0.994877 -0.00368118 -0.101022 -0.988288 -0.0151093 0.982696 -0.184606 -2.82231 0.0999539 0.185187 0.977607 19.5936 0 0 0 1 
27844314100139;1.59431;0.91952;0.999938 0.0109846 0.0015395 1.29275 -0.0109822 0.999939 -0.0015297 -1.22629 -0.00155621 0.0015127 0.999998 -0.985808 0 0 0 1 
27844314100140;0.22734;0.133609;0.998711 -0.0485855 0.0147136 -4.19147 0.0488774 0.998601 -0.0201706 1.72407 -0.013713 0.0208638 0.999688 1.52232 0 0 0 1 
27844314100141;0.358346;0.203374;0.968464 -0.0716517 -0.238627 -8.16823 0.027368 0.982554 -0.183955 -1.04298 0.247644 0.171623 0.953529 23.5175 0 0 0 1 
27844314100142;0.117962;0.187963;0.99973 0.00571638 0.0225061 0.469741 -0.0047027 0.998983 -0.0448383 -0.499855 -0.0227395 0.0447204 0.998741 3.33347 0 0 0 1 
27844314100143;1.8568;1.80719;0.99994 -0.00472223 0.00987037 -0.365887 0.00574422 0.994326 -0.10622 -0.864333 -0.00931276 0.106271 0.994294 9.23278 0 0 0 1 
27844314100144;0.573265;0.15206;0.987544 -0.00899295 -0.157087 -2.50776 0.0122832 0.999725 0.0199874 1.09845 0.156864 -0.021668 0.987382 3.52019 0 0 0 1 
27844314100145;0.564902;0.487082;0.994368 -0.0296566 -0.101751 -3.17557 0.0157601 0.990754 -0.134751 -0.585912 0.104807 0.132388 0.985641 15.5776 0 0 0 1 
27844314100146;0.457208;0.135028;0.999502 0.0240162 0.0204829 1.96654 -0.0246657 0.999181 0.0320697 -0.845015 -0.0196959 -0.032559 0.999276 -2.60316 0 0 0 1 
27844314100147;0.839697;0.133823;0.995494 -0.0180681 -0.0930842 -2.8487 0.0283556 0.993481 0.110411 1.00413 0.0904825 -0.112553 0.989517 -7.81946 0 0 0 1 
27844314100148;1.27087;0.297557;0.999423 -0.00309835 0.0338141 -1.57498 0.00877509 0.985568 -0.169054 -2.76029 -0.0328023 0.169253 0.985027 13.9748 0 0 0 1 
27844314100149;0.814525;0.271862;0.991007 -0.0267939 0.131103 -2.98275 0.0885189 0.866013 -0.492124 -10.1358 -0.100351 0.499304 0.860596 40.9336 0 0 0 1 
27844314100150;1.30625;1.09403;0.996745 -0.0158869 0.0790369 -1.38057 0.0388314 0.953778 -0.297992 -3.88132 -0.0706495 0.300091 0.951291 23.2283 0 0 0 1 
27844314100151;1.21483;0.991238;0.989629 -0.0155246 0.142803 -1.13128 0.0192425 0.99951 -0.0246912 0.538677 -0.142349 0.027183 0.989443 -1.17988 0 0 0 1 
27844314100152;0.850848;0.848915;0.979665 0.00242388 0.200627 -0.0352509 0.0509531 0.964141 -0.260453 -2.46715 -0.194064 0.26538 0.944411 16.4142 0 0 0 1 
27844314100153;1.33869;1.054;0.996902 0.011894 0.0777538 0.861278 -0.014873 0.999173 0.037847 -0.689154 -0.0772393 -0.0388862 0.996254 -6.38584 0 0 0 1 
27844314100155;1.31103;1.28929;0.998075 -0.0238127 -0.0572671 -1.42442 0.0121906 0.980665 -0.195315 -1.50279 0.0608108 0.194241 0.979067 10.4425 0 0 0 1 
27844314100156;0.173499;0.26166;0.999591 -0.0156353 -0.0239382 -0.976507 0.0160242 0.999741 0.0161432 0.685146 0.0236796 -0.0165202 0.999583 -0.355403 0 0 0 1 
27844314100157;1.77732;1.23083;0.994636 0.0242478 -0.100557 0.68925 -0.0148043 0.995498 0.0936164 -0.123503 0.102374 -0.0916256 0.990517 -3.33623 0 0 0 1 
27844314100158;2.31932;1.06302;0.973509 0.07994 -0.214218 1.77634 0.0278212 0.888516 0.458002 -1.97166 0.226948 -0.451829 0.862754 -14.8011 0 0 0 1 
27844314100159;1.17995;0.0913196;0.997458 0.0234619 -0.0672856 0.900382 -0.0182384 0.996847 0.0772216 -0.345447 0.0688852 -0.0757981 0.994741 -3.2725 0 0 0 1 
27844314100160;1.94121;0.877101;0.982487 -0.0103422 -0.186044 -1.9452 0.0157621 0.999493 0.0276766 0.623589 0.185663 -0.0301244 0.982152 4.62277 0 0 0 1 
27844314100161;0.541664;0.401441;0.992775 -0.0146753 -0.119094 -1.46722 -0.000232666 0.992256 -0.124211 -0.742922 0.119994 0.123341 0.985083 8.79186 0 0 0 1 
27844314100162;1.51732;1.40883;0.999551 -0.00624796 -0.0292922 -0.606815 0.00616218 0.999976 -0.0030177 0.182109 0.0293104 0.00283584 0.999566 1.39886 0 0 0 1 
27844314100163;1.36524;1.29028;0.999282 -0.0101938 -0.0364938 -0.577528 0.00844282 0.99882 -0.047818 -0.0345819 0.0369382 0.0474755 0.998189 2.54511 0 0 0 1 
27844314100164;0.587208;0.317718;0.999969 -0.00189215 -0.00766639 -0.116137 0.00229219 0.998618 0.0525121 0.262855 0.00755643 -0.0525281 0.998591 -1.72643 0 0 0 1 
27844314100165;1.53313;1.17162;0.99999 -0.00437836 0.00101234 -0.244627 0.00435813 0.999806 0.0191926 0.104379 -0.00109618 -0.0191879 0.999815 0.0534391 0 0 0 1 
27844314100166;0.330265;0.318334;0.997922 -0.0183546 -0.0617662 -1.21269 0.0118834 0.994553 -0.10355 -0.376168 0.0633304 0.102601 0.992705 6.35039 0 0 0 1 
27844314100167;0.903395;0.59244;0.998647 -0.0159166 0.0495099 -0.505128 0.0249173 0.982067 -0.186879 -1.01348 -0.0456476 0.18786 0.981135 6.9041 0 0 0 1 
27844314100168;2.432;0.745719;0.995687 -0.00638013 0.0925568 -0.248878 0.00524981 0.999909 0.0124506 0.0690261 -0.0926278 -0.011911 0.99563 -0.111244 0 0 0 1 
27844314100169;1.16953;0.931061;0.939549 0.0430277 0.3397 2.15254 0.0692281 0.947716 -0.311514 -2.38259 -0.335343 0.316199 0.887448 6.88515 0 0 0 1 
27844314100170;0.524881;0.348666;0.983426 -0.00425931 -0.181259 -1.18412 0.0257722 0.992857 0.116497 0.61084 0.179468 -0.119237 0.976511 -1.54867 0 0 0 1 
27844314100171;2.35705;0.655518;0.963491 0.0118041 0.267479 0.774592 0.0241348 0.991131 -0.130676 -0.189788 -0.26665 0.132361 0.954662 -2.37463 0 0 0 1 
27844314100172;0.422262;0.217648;0.997185 0.00505242 -0.0748109 -0.2233 -0.000128368 0.997841 0.065679 0.386586 0.0749812 -0.0654845 0.995032 -1.38366 0 0 0 1 
27844314100173;0.404553;0.351368;0.997845 0.000722255 -0.0656119 -0.283589 0.00680096 0.993415 0.114366 0.297763 0.0652625 -0.114566 0.99127 -3.71059 0 0 0 1 
27844314100174;0.99992;0.807875;0.999739 0.00056704 -0.0228374 -0.149518 0.000415214 0.999076 0.042983 0.230975 0.0228407 -0.0429813 0.998815 -1.931 0 0 0 1 
27844314100175;0.837078;0.746778;0.99985 0.000957132 -0.0172716 -0.000520572 -0.000460243 0.999587 0.0287502 0.147127 0.0172919 -0.028738 0.999437 -1.18965 0 0 0 1 
27844314100176;0.793248;0.462044;0.997981 -0.0330009 -0.0542745 -1.91219 0.0131379 0.943212 -0.331933 -3.70416 0.0621464 0.330549 0.94174 17.2023 0 0 0 1 
27844314100177;2.13358;0.134107;0.999933 -9.52318e-05 -0.0115736 0.0539132 0.000315788 0.999818 0.0190564 0.102273 0.0115697 -0.0190588 0.999751 -2.95944 0 0 0 1 
27844314100178;1.06641;1.03414;0.998684 -0.00394238 -0.0511272 -0.382181 0.00354671 0.999963 -0.00782735 0.0493792 0.0511561 0.00763572 0.998661 1.38282 0 0 0 1 
27844314100179;2.46162;0.990282;0.964694 -0.0290212 -0.26177 -2.58844 -0.0120934 0.987981 -0.154101 -1.09309 0.263096 0.151826 0.952748 10.5217 0 0 0 1 
27844314100180;2.13141;1.75573;0.968408 0.0127359 0.249047 0.65805 -0.0693211 0.973081 0.21979 -2.06262 -0.239544 -0.23011 0.943222 -16.8529 0 0 0 1 
27844314100181;0.683715;0.340845;0.9999 0.00328517 0.0137608 0.184941 -0.00391255 0.998942 0.045816 0.155929 -0.0135957 -0.0458652 0.998855 -1.81573 0 0 0 1 
27844314100182;1.078;0.418618;0.98475 -0.00573324 0.173881 0.13003 -0.00347561 0.998609 0.05261 0.0879586 -0.173941 -0.0524121 0.98336 -5.27416 0 0 0 1 
27844314100183;1.04239;0.42785;0.909303 -0.0267013 0.415277 -1.4988 -0.0643953 0.97689 0.203814 -1.41306 -0.411122 -0.21207 0.886569 -18.5897 0 0 0 1 
27844314100184;1.3844;1.15289;0.983527 0.0106947 0.180446 0.815917 -0.0244815 0.996932 0.074351 -0.61722 -0.179097 -0.0775438 0.980771 -8.01137 0 0 0 1 
27844314100186;0.793481;0.226892;0.973866 0.0759273 -0.214058 3.1271 -0.0206344 0.968147 0.249529 -1.39444 0.226185 -0.238591 0.944412 -8.41819 0 0 0 1 
27844314100187;1.90684;1.14201;0.999943 -0.000586762 0.0106679 -0.107353 0.000571384 0.999999 0.00144448 0.0523284 -0.0106687 -0.0014383 0.999942 0.860697 0 0 0 1 
27844314100188;0.899725;0.363743;0.912384 -0.00139495 0.409334 -1.10459 -0.0244199 0.998028 0.0578318 -0.776865 -0.408607 -0.0627607 0.91055 -19.2466 0 0 0 1 
27844314100189;2.92803;2.86553;0.996679 -0.0122087 -0.080512 -1.38283 0.00406418 0.994923 -0.100557 -0.776409 0.0813309 0.0998961 0.991668 9.71825 0 0 0 1 
27844314100190;2.25734;1.94443;0.999423 0.000302684 -0.0339773 -0.180241 -0.00525887 0.989289 -0.145873 -1.74689 0.0335693 0.145968 0.98872 11.8098 0 0 0 1 
27844314100191;2.96618;1.13215;0.989178 -0.0109246 0.146313 -0.280502 0.0644227 0.928292 -0.36623 -5.29723 -0.13182 0.371693 0.918949 22.7101 0 0 0 1 
27844314100192;2.51273;2.3008;0.930423 -0.0231288 -0.365756 -5.6396 -0.00982301 0.996074 -0.0879756 -1.08194 0.366355 0.0854474 0.926544 17.7281 0 0 0 1 
27844314100193;1.47826;1.08227;0.994935 0.0202091 -0.0984644 0.635071 -0.0132087 0.997372 0.0712363 -0.21125 0.0996452 -0.069575 0.992588 -0.677669 0 0 0 1 
27844314100194;2.31253;1.39107;0.969723 0.00918463 -0.244037 -2.03463 -0.00250254 0.999614 0.0276775 0.157345 0.244196 -0.0262288 0.969371 7.61927 0 0 0 1 
27844314100195;2.39108;0.709578;0.992076 -0.0315771 -0.121605 -2.57196 -0.00474662 0.957789 -0.287432 -4.02523 0.125548 0.285732 0.95005 21.3542 0 0 0 1 
27844314100196;0.463067;0.468166;0.996173 0.00787615 0.0870448 0.863556 -0.0145589 0.99697 0.0764072 -0.32237 -0.0861793 -0.077382 0.99327 -8.46053 0 0 0 1 
27844314100197;2.03095;1.85234;0.995726 -0.0149298 -0.091142 -1.52346 0.00361259 0.992388 -0.123094 -1.01748 0.092286 0.122239 0.988201 10.4198 0 0 0 1 
27844314100198;1.85236;1.51326;0.987216 0.00786301 -0.159195 -0.854858 -0.000707063 0.998989 0.0449578 0.148414 0.159387 -0.0442705 0.986223 3.21396 0 0 0 1 
27844314100199;0.504668;0.235084;0.999156 0.0147555 -0.0383442 0.882784 -0.00971152 0.991656 0.128547 -0.234321 0.039921 -0.128066 0.990962 -7.98028 0 0 0 1 
27844314100200;2.93423;1.3236;0.99986 -0.013166 0.0103323 -0.671588 0.0139863 0.996383 -0.0838187 0.165262 -0.00919138 0.0839515 0.996427 2.65915 0 0 0 1 
27844314100201;1.21539;0.592332;0.989513 0.00444506 0.144376 0.701183 -0.0331636 0.979817 0.197128 -1.73322 -0.140586 -0.199848 0.969689 -19.4618 0 0 0 1 
27844314100202;1.66781;0.443554;0.948477 0.0499871 -0.312877 -0.314265 -0.00961993 0.991565 0.129256 -0.035284 0.316699 -0.119586 0.940957 3.42504 0 0 0 1 
27844314100203;0.429271;0.328484;0.92906 -0.0167015 0.369552 -1.60932 -0.0691638 0.973523 0.217876 -3.00854 -0.363406 -0.22798 0.903306 -28.3996 0 0 0 1 
27844314100204;0.64969;0.556628;0.9233 0.0527226 -0.380443 -0.730985 0.0252907 0.980038 0.197194 0.425729 0.383246 -0.191691 0.903536 -1.08668 0 0 0 1 
27844314100205;2.89316;2.57722;0.996237 -0.000544706 -0.0866668 -0.331376 -0.00110384 0.999819 -0.0189726 -0.193008 0.0866615 0.0189968 0.996057 2.85842 0 0 0 1 
27844314100206;1.28236;1.25358;0.997954 -0.00797391 0.0634353 -0.200698 0.0189434 0.984518 -0.174259 -1.31526 -0.0610637 0.175104 0.982655 9.56604 0 0 0 1 
27844314100207;1.92404;0.820871;0.978138 0.0504329 -0.201749 1.53128 -0.0275435 0.993019 0.114694 -0.759926 0.206125 -0.10663 0.972699 1.02964 0 0 0 1 
27844314100208;1.88311;0.504013;0.917494 -0.00184403 0.397744 -1.21856 0.0588903 0.989598 -0.131257 0.843507 -0.393365 0.143851 0.908059 -5.76534 0 0 0 1 
27844314100209;2.33052;0.260318;0.999685 0.0180472 0.017433 1.66577 -0.018799 0.998856 0.0439693 -0.547964 -0.0166195 -0.0442832 0.998881 -5.87698 0 0 0 1 
27844314100210;0.530209;0.452596;0.995711 -0.00309351 0.0924622 0.183559 0.0119477 0.995371 -0.0953613 -0.390212 -0.0917392 0.0960571 0.991139 3.0621 0 0 0 1 
27844314100211;2.44996;1.1359;0.998191 0.00404541 -0.0599781 -0.201479 -0.00364727 0.999971 0.006746 -0.0548076 0.0600037 -0.00651504 0.998177 3.47717 0 0 0 1 
27844314100212;2.84301;0.555834;0.998279 0.00635014 -0.058302 0.612736 -0.00898782 0.998942 -0.0450914 0.0467068 0.057954 0.0455378 0.99728 2.32905 0 0 0 1 
27844314100213;1.50297;1.33067;0.998741 -0.0192134 0.0463332 -1.04597 0.0261461 0.987724 -0.154007 -0.896355 -0.0428054 0.155025 0.986983 9.19758 0 0 0 1 
27844314100214;0.564234;0.302423;0.991721 -0.0018752 0.1284 0.287713 0.00257424 0.999983 -0.00527851 0.0476128 -0.128388 0.00556534 0.991708 -3.63101 0 0 0 1 
27844314100215;0.386204;0.3859;0.994426 -0.00273819 -0.105397 -0.849958 -0.00214906 0.998929 -0.0462284 -0.406094 0.105411 0.0461972 0.993355 6.39457 0 0 0 1 
27844314100217;0.459527;0.51385;0.996318 0.00900834 -0.0852611 -0.191467 -0.0103781 0.999824 -0.0156363 -0.43256 0.0851052 0.0164636 0.996236 2.7019 0 0 0 1 
27844314100218;2.20727;0.29343;0.999771 0.00926901 -0.0192869 -0.176597 -0.00931247 0.999954 -0.00216447 -0.382568 0.019266 0.00234358 0.999812 3.29989 0 0 0 1 
27844314100219;2.19715;0.364564;0.999759 -0.0164554 -0.0145454 -0.444324 0.0159455 0.999277 -0.0345003 0.237876 0.0151026 0.03426 0.999299 3.75871 0 0 0 1 
27844314100220;1.31114;1.07983;0.998343 0.00985403 -0.0566991 0.12378 -0.011559 0.999488 -0.0298211 -0.65831 0.0563762 0.0304271 0.997946 2.07002 0 0 0 1 
27844314100221;1.65894;1.64011;0.999749 0.00239543 0.0222693 0.168966 -0.00293567 0.999701 0.0242582 0.0238795 -0.0222045 -0.0243175 0.999458 -0.583623 0 0 0 1 
27844314100222;1.73745;1.57014;0.980771 0.0389645 -0.191231 -0.685148 -0.0168292 0.993102 0.116039 -0.143145 0.194433 -0.110589 0.974662 4.46231 0 0 0 1 
27844314100223;2.40198;1.95249;0.998857 -0.0052401 -0.0475003 -0.348875 0.00501718 0.999976 -0.00481111 0.137689 0.0475243 0.0045673 0.99886 3.04067 0 0 0 1 
27844314100224;0.843273;0.871768;0.99961 0.0163935 -0.0226159 0.321185 -0.0143548 0.996058 0.0875349 -0.161565 0.0239617 -0.0871761 0.995905 -0.636018 0 0 0 1 
27844314100225;1.09219;1.12538;0.999852 -0.0045986 0.0165706 0.0452503 0.00566284 0.997885 -0.0647611 -0.107564 -0.0162378 0.0648453 0.997763 0.773776 0 0 0 1 
27844314100226;2.28577;1.53606;0.948387 0.0802239 -0.306801 -2.31763 -0.0100675 0.974601 0.223723 0.447814 0.316956 -0.209087 0.925106 7.92457 0 0 0 1 
27844314100227;0.739768;0.678281;0.991493 0.0218069 -0.128322 -0.346541 -0.0174763 0.999242 0.0347779 -0.344166 0.128984 -0.0322394 0.991123 3.49277 0 0 0 1 
27844314100228;0.965544;0.448632;0.993579 0.0245999 -0.110431 -0.158328 -0.0216997 0.999389 0.0273877 -0.677132 0.111038 -0.0248155 0.993506 3.84516 0 0 0 1 
27844314100229;0.882458;0.69256;0.96075 0.00685279 0.277332 0.299481 0.0387628 0.986572 -0.158662 0.341499 -0.274695 0.163185 0.947583 -6.42216 0 0 0 1 
27844314100230;0.333053;0.0772265;0.953273 0.146787 -0.264052 -0.0569921 -0.0561801 0.944914 0.322461 -1.46886 0.296839 -0.292559 0.909008 3.00699 0 0 0 1 
27844314100231;2.08116;0.0879325;0.995607 -0.0262009 0.0898905 -0.104712 0.0283196 0.999348 -0.0223762 0.550449 -0.0892456 0.0248236 0.9957 0.216019 0 0 0 1 
27844314100232;2.3687;2.2357;0.999834 -0.00938985 -0.0156303 -0.0469347 0.00894666 0.999563 -0.0281868 0.313002 0.0158881 0.0280423 0.99948 -0.121124 0 0 0 1 
27844314100233;0.91161;0.427913;0.999851 0.0119285 -0.0124913 0.296465 -0.0116046 0.999603 0.0256904 -0.279124 0.0127928 -0.0255416 0.999592 -1.0926 0 0 0 1 
27844314100234;2.15311;0.514333;0.996882 -0.00854221 0.0784477 0.405461 0.00768568 0.999908 0.0112139 0.376031 -0.0785362 -0.0105761 0.996855 -5.24427 0 0 0 1 
27844314100235;1.5865;1.52855;0.942434 -0.00920455 -0.334265 -3.4183 -0.00672436 0.998897 -0.0464651 -0.497393 0.334324 0.046038 0.941333 10.6147 0 0 0 1 
27844314100236;0.801975;0.773838;0.999984 -0.00432234 -0.00360004 0.00170294 0.00404903 0.997342 -0.0727447 -0.222752 0.0039049 0.0727289 0.997344 1.39306 0 0 0 1 
27844314100237;0.36254;0.3001;0.996911 0.0259045 -0.0741487 0.0532419 -0.0228104 0.998846 0.0422749 -0.539074 0.0751582 -0.040453 0.996351 1.73782 0 0 0 1 
27844314100238;0.509991;0.263975;0.996566 -0.0247854 -0.0790098 -0.909389 -0.00538859 0.93272 -0.360562 -2.91972 0.0826306 0.359749 0.929383 8.50124 0 0 0 1 
27844314100239;2.45541;1.37302;0.999598 0.0130152 -0.0251813 -0.117003 -0.0122839 0.999505 0.0289794 -0.22194 0.025546 -0.0286584 0.999263 2.68208 0 0 0 1 
27844314100240;0.531694;0.231297;0.999465 -0.0100801 0.0311038 -0.109209 0.00951624 0.999789 0.0182234 0.377031 -0.031281 -0.0179176 0.99935 -0.771813 0 0 0 1 
27844314100241;1.90316;1.35509;0.998252 -0.00717512 0.0586689 0.48085 0.00362639 0.998169 0.0603718 0.465182 -0.0589947 -0.0600535 0.99645 -4.28997 0 0 0 1 
27844314100242;0.857743;0.384865;0.987649 0.00424365 0.156622 0.500008 -0.00922477 0.999474 0.0310902 -0.0698367 -0.156408 -0.032151 0.987169 -4.66872 0 0 0 1 
27844314100243;1.52979;1.58989;0.990109 -0.00951868 -0.139978 -0.938241 0.00305134 0.998921 -0.0463446 -0.0906429 0.140269 0.0454591 0.989069 4.70535 0 0 0 1 
27844314100244;1.45043;0.73602;0.987802 0.0732172 -0.137425 0.118137 -0.0271724 0.950066 0.310863 -0.223684 0.153323 -0.303337 0.940467 0.0966553 0 0 0 1 
27844314100245;0.353496;0.322829;0.998171 0.0336427 0.0502304 0.874505 -0.0436688 0.97581 0.214214 -0.913395 -0.0418086 -0.216016 0.975494 -5.30419 0 0 0 1 
27844314100246;0.304746;0.217594;0.998818 0.00261158 0.0485415 0.21137 0.00686879 0.980955 -0.194112 -1.07938 -0.048124 0.194216 0.979778 2.03371 0 0 0 1 
27844314100248;1.91005;1.87205;0.999958 -0.0037273 0.00833876 -0.167184 0.00360556 0.999887 0.0145666 0.0863407 -0.00839211 -0.014536 0.999859 -1.14241 0 0 0 1 
27844314100249;1.74539;1.24756;0.920908 0.0117427 0.389602 1.36128 0.0192761 0.996951 -0.0756116 -0.234403 -0.389302 0.0771414 0.917874 4.3701 0 0 0 1 
27844314100250;2.4193;2.25415;0.89566 0.0157579 -0.444459 0.138318 -0.010441 0.999842 0.0144081 0.015293 0.444616 -0.00826417 0.895683 -0.00913401 0 0 0 1 
27844314100251;0.382775;0.221849;0.998643 0.00992756 0.051133 0.6063 -0.0172893 0.989191 0.145613 -0.198485 -0.0491347 -0.146299 0.988019 -8.09362 0 0 0 1 
27844314100252;0.517763;0.474901;0.995039 -0.0360928 -0.0927032 -2.08562 0.0126246 0.970143 -0.242205 -2.05481 0.0986772 0.239833 0.965786 12.4206 0 0 0 1 
27844314100253;0.421961;0.445472;0.996146 -0.00048515 0.0877068 0.0741867 0.00543292 0.998406 -0.0561827 -0.233108 -0.0875397 0.0564427 0.994561 2.62964 0 0 0 1 
27844314100254;1.06506;0.29232;0.999137 0.0259516 -0.0324381 1.23126 -0.0175589 0.971498 0.236396 -1.00714 0.0376484 -0.235622 0.971115 -13.4484 0 0 0 1 
27844314100255;0.41574;0.303865;0.944424 -0.00987885 -0.328582 -1.35966 -0.00150014 0.999408 -0.0343591 -0.21859 0.328727 0.0329425 0.94385 2.47366 0 0 0 1 
27844314100256;0.221269;0.08899;0.999752 0.0025213 -0.0221327 0.0251768 -0.00144948 0.998831 0.0483103 0.0725588 0.0222286 -0.0482662 0.998587 -2.76685 0 0 0 1 
27844314100257;0.472366;0.302585;0.997444 0.040499 0.058862 2.26645 -0.0608974 0.912763 0.403924 -3.86507 -0.0373686 -0.406476 0.912897 -21.6545 0 0 0 1 
27844314100258;0.965959;0.681816;0.961418 0.0050419 -0.275046 -0.644469 0.00722126 0.999025 0.0435549 0.0569536 0.274998 -0.0438607 0.960444 -1.34118 0 0 0 1 
