#;prob_registration_l1 -r /home/probabilistic_point_clouds_registration/build/tester /home/point_clouds_registration_benchmark//devel/registration_pairs/plain_local.txt /home/point_clouds_registration_benchmark//eth/plain -s 0.2 -t 0.2 -p 0.3 -r 1000 -m 1 -i 40 
id;initial_error;final_error;transformation
4215528470000;0.567788;0.513616;0.96235 -0.0344472 0.269622 0.279373 0.0179502 0.997826 0.0634142 -0.14326 -0.271221 -0.0561869 0.960876 1.96588 0 0 0 1 
4215528470001;0.547226;0.374418;0.991648 0.0992936 -0.0823075 -0.433909 -0.0567081 0.908868 0.41321 0.557274 0.115836 -0.405092 0.906908 1.08298 0 0 0 1 
4215528470002;0.032832;0.0124792;0.999984 0.00341773 0.00449637 -0.0180737 -0.00342298 0.999993 0.00116118 -0.000606386 -0.00449237 -0.00117656 0.999989 0.038573 0 0 0 1 
4215528470003;0.731607;0.700555;0.996575 -0.0137786 0.0815416 0.0582497 0.0139761 0.999901 -0.00185109 -0.0895813 -0.081508 0.00298438 0.996668 0.380515 0 0 0 1 
4215528470004;0.518474;0.258481;0.966576 0.0838349 -0.242286 -0.287928 -0.0259029 0.972124 0.233034 0.149162 0.255068 -0.218969 0.941803 -0.173306 0 0 0 1 
4215528470005;0.0948906;0.0397731;0.999764 0.00371597 0.0214008 -0.0120624 -0.00174842 0.995828 -0.0912335 0.0842608 -0.0216505 0.0911745 0.9956 -0.305559 0 0 0 1 
4215528470006;0.93827;0.738266;0.998144 -0.0516668 -0.0322298 0.208827 0.0380691 0.942526 -0.331957 0.0021208 0.0475286 0.330114 0.942744 -1.38688 0 0 0 1 
4215528470007;0.649378;0.541104;0.994487 -0.0506508 -0.0918161 0.26799 0.0156741 0.93757 -0.347444 0.315625 0.103682 0.34409 0.933195 -1.93354 0 0 0 1 
4215528470008;0.524363;0.471095;0.961951 0.00701786 -0.27313 0.317219 -0.0426317 0.991281 -0.124677 0.298451 0.269874 0.131577 0.953864 -2.3066 0 0 0 1 
4215528470009;0.400063;0.301286;0.970626 -0.0338072 0.238205 0.236281 0.0454431 0.998018 -0.0435258 -0.272598 -0.236261 0.053072 0.970239 1.36832 0 0 0 1 
4215528470010;0.581956;0.531244;0.993976 -0.0584514 -0.0927149 0.474562 0.0308411 0.960905 -0.275154 0.113229 0.105173 0.270637 0.956919 -2.0317 0 0 0 1 
4215528470011;0.358216;0.167377;0.989569 -0.05676 0.13241 0.220267 0.0856677 0.970796 -0.22409 -0.426112 -0.115823 0.233095 0.965532 -0.125822 0 0 0 1 
4215528470012;0.581653;0.382213;0.985665 0.0961454 -0.138641 -0.248966 -0.052433 0.95561 0.289931 0.387709 0.160362 -0.278505 0.946952 -0.0757653 0 0 0 1 
4215528470013;0.612837;0.107616;0.982694 -0.046053 0.179419 0.171763 0.0444444 0.998928 0.0129776 -0.266607 -0.179824 -0.0047788 0.983687 0.574023 0 0 0 1 
4215528470014;0.871128;0.610149;0.998812 -0.0111661 0.0474262 -0.03054 0.0121315 0.999724 -0.020118 -0.162875 -0.0471885 0.0206695 0.998672 0.789779 0 0 0 1 
4215528470015;0.0605696;0.0433294;0.999897 0.00126882 0.014277 0.00428815 -0.00102126 0.999849 -0.0173341 0.0124899 -0.0142968 0.0173178 0.999748 0.010782 0 0 0 1 
4215528470016;0.462589;0.135804;0.972581 -0.0343324 0.230016 0.208145 0.0798409 0.978224 -0.191582 -0.43131 -0.21843 0.204694 0.954143 0.795337 0 0 0 1 
4215528470017;0.763704;0.256633;0.996416 0.0159112 0.0830736 -0.143909 -0.0505968 0.899174 0.434657 0.6218 -0.0677817 -0.437302 0.896756 3.10621 0 0 0 1 
4215528470018;0.320962;0.317378;0.998841 -0.00524708 0.0478371 -0.0111125 0.00169446 0.997256 0.0740051 -0.020784 -0.0480941 -0.0738383 0.99611 0.558914 0 0 0 1 
4215528470019;0.470754;0.259577;0.905865 0.133009 -0.402141 -0.00717625 -0.0748703 0.984748 0.157053 0.527901 0.416897 -0.112161 0.902007 -1.99015 0 0 0 1 
4215528470020;0.901423;0.761195;0.989042 -0.0325723 0.143998 0.1716 0.048663 0.992776 -0.109673 -0.172405 -0.139385 0.115479 0.983482 -0.0223529 0 0 0 1 
4215528470021;0.310289;0.160203;0.999734 0.00559267 -0.0223617 -0.0506215 -0.00337293 0.995171 0.0980977 0.0233506 0.0228023 -0.0979963 0.994926 0.557308 0 0 0 1 
4215528470022;0.501427;0.23105;0.982497 0.00700359 -0.186144 0.250727 -0.0229196 0.996245 -0.0834899 0.222754 0.18486 0.0862949 0.978969 -1.94056 0 0 0 1 
4215528470023;0.509895;0.381541;0.994468 -0.0275194 0.101372 0.164571 0.0402429 0.991253 -0.125692 -0.0394234 -0.097026 0.129076 0.986877 -0.251904 0 0 0 1 
4215528470024;0.756959;0.483006;0.998036 -0.0200534 0.0593402 -0.0204278 0.0190753 0.999673 0.0170046 -0.2215 -0.0596618 -0.0158393 0.998093 1.01692 0 0 0 1 
4215528470025;0.187466;0.110536;0.996736 0.0360329 -0.0722364 -0.141582 -0.0293662 0.995389 0.091316 0.208106 0.0751936 -0.0888967 0.993199 -0.0790078 0 0 0 1 
4215528470026;0.0729172;0.0407742;0.999966 -0.00709693 0.00418723 0.0298049 0.00713088 0.999941 -0.00814907 -0.0247118 -0.00412915 0.00817865 0.999958 -0.0574358 0 0 0 1 
4215528470027;0.80863;0.292812;0.997235 -0.0106012 -0.0735463 0.0148527 0.00118684 0.991917 -0.126886 -0.0907233 0.0742969 0.126448 0.989187 -0.368721 0 0 0 1 
4215528470028;0.511375;0.435964;0.995867 0.0376271 -0.0826615 -0.168514 -0.0240807 0.986961 0.159146 0.0946115 0.0875719 -0.156498 0.983788 0.336251 0 0 0 1 
4215528470029;0.874225;0.528433;0.879605 0.0719759 -0.470228 0.725464 -0.0463541 0.996752 0.0658592 0.408278 0.47344 -0.0361331 0.880084 -3.16859 0 0 0 1 
4215528470031;0.986719;0.356752;0.999646 -0.00212015 0.0265092 -0.177654 0.0023166 0.99997 -0.00738223 -0.236891 -0.0264927 0.00744103 0.999621 0.906259 0 0 0 1 
4215528470032;1.06872;0.658954;0.994812 -0.0932754 0.0406086 0.445232 0.101088 0.86151 -0.497575 0.196843 0.0114267 0.499099 0.86647 -2.65002 0 0 0 1 
4215528470033;0.525088;0.313554;0.999817 -0.0161557 0.010275 0.113676 0.0164852 0.999325 -0.0328361 -0.0782548 -0.00973759 0.0329995 0.999408 -0.419028 0 0 0 1 
4215528470034;0.461314;0.185272;0.99993 0.0117687 0.00129692 -0.0511147 -0.0117936 0.999704 0.0213006 0.0636146 -0.00104585 -0.0213144 0.999772 -0.197742 0 0 0 1 
4215528470035;0.980295;0.923321;0.999913 0.00404711 -0.0125581 -0.0622584 -0.00405777 0.999991 -0.000823761 0.0227017 0.0125547 0.000874647 0.999921 0.104053 0 0 0 1 
4215528470036;1.14169;0.472625;0.998302 0.0580322 0.00512142 -0.466292 -0.0573486 0.963447 0.261687 0.391415 0.0102521 -0.261536 0.965139 2.14079 0 0 0 1 
4215528470037;0.241412;0.163732;0.999912 -0.00508265 0.0122927 0.0498598 0.00541446 0.999618 -0.027111 0.00230766 -0.0121502 0.0271752 0.999557 0.0291679 0 0 0 1 
4215528470038;0.130156;0.11746;0.999753 0.00110382 0.0221878 -0.046629 -0.0013575 0.999934 0.0114216 0.0137505 -0.0221738 -0.0114489 0.999689 0.291099 0 0 0 1 
4215528470039;0.797747;0.277535;0.995596 -0.0531178 -0.0772531 0.248132 0.0309495 0.964029 -0.263989 -0.00191814 0.0884967 0.260435 0.961427 -1.68826 0 0 0 1 
4215528470040;0.689028;0.595759;0.997066 0.0140798 -0.0752401 0.0827365 -0.00757795 0.996265 0.0860114 0.0130368 0.0761701 -0.0851889 0.993449 -0.543538 0 0 0 1 
4215528470041;0.231676;0.205759;0.957537 -0.0174148 -0.287784 0.721329 -0.019997 0.991759 -0.12655 0.330224 0.287617 0.126931 0.949297 -3.27943 0 0 0 1 
4215528470042;0.841266;0.783741;0.99239 -0.0194579 0.121591 0.00822384 0.00819767 0.995685 0.0924306 -0.0910009 -0.122865 -0.0907304 0.988267 1.22819 0 0 0 1 
4215528470043;0.639843;0.615129;0.996967 0.0134767 -0.076653 0.0339175 -0.0107483 0.999298 0.0358963 0.0831101 0.0770829 -0.0349635 0.996411 -0.584229 0 0 0 1 
4215528470044;0.994474;0.167647;0.99994 -0.00864309 0.00665608 0.202582 0.00871115 0.999909 -0.0102645 -0.0459226 -0.00656676 0.0103219 0.999925 -0.811859 0 0 0 1 
4215528470045;0.386524;0.187931;0.99202 0.0393433 0.119781 -0.251556 -0.0903859 0.884283 0.45812 0.99988 -0.0878963 -0.465291 0.880783 3.46364 0 0 0 1 
4215528470046;1.07289;0.622671;0.977538 0.0600385 -0.202029 -0.206154 -0.0489872 0.997039 0.0592687 0.293035 0.204989 -0.0480405 0.977585 -0.839282 0 0 0 1 
4215528470047;0.459821;0.450319;0.993746 -0.00702996 0.111446 -0.0234266 0.00737054 0.999969 -0.00264422 -0.0923013 -0.111424 0.0034491 0.993767 0.911154 0 0 0 1 
4215528470048;0.649857;0.615109;0.999478 0.0100723 -0.0307112 -0.0494847 -0.00962375 0.999845 0.014719 0.0539313 0.0308547 -0.0144157 0.99942 -0.0614211 0 0 0 1 
4215528470049;0.633618;0.394241;0.9998 0.0197814 -0.00288034 -0.252074 -0.0191389 0.988841 0.147742 0.0732888 0.00577075 -0.147658 0.989022 1.18653 0 0 0 1 
4215528470050;0.671958;0.385683;0.997866 0.0210047 -0.0618248 -0.0104883 -0.0194959 0.9995 0.0249073 0.212574 0.0623171 -0.0236488 0.997776 -0.80852 0 0 0 1 
4215528470051;0.865997;0.572823;0.99778 -0.0279153 -0.0604554 0.383178 0.0167094 0.9838 -0.17849 0.162355 0.0644587 0.177084 0.982083 -2.01444 0 0 0 1 
4215528470052;0.470145;0.418903;0.99888 0.0126752 -0.0455878 -0.0448463 -0.0136975 0.99966 -0.0221823 0.127024 0.0452911 0.0227819 0.998714 -0.546439 0 0 0 1 
4215528470053;1.01323;0.30531;0.992799 -0.0235226 0.117462 0.143963 0.0353469 0.994398 -0.0996193 -0.1384 -0.114461 0.103054 0.988068 -0.2896 0 0 0 1 
4215528470054;0.877545;0.583489;0.999171 0.0221583 -0.0341526 -0.0105453 -0.0211138 0.999307 0.0306462 0.213504 0.034808 -0.0298997 0.998947 -0.660066 0 0 0 1 
4215528470055;0.503431;0.425735;0.996922 -0.0257007 0.0740617 0.0319995 0.0337337 0.993432 -0.109341 -0.153609 -0.0707651 0.111503 0.991241 0.171588 0 0 0 1 
4215528470056;0.338949;0.220083;0.995304 -0.0710407 0.0657459 0.335888 0.0837133 0.972749 -0.216219 -0.413213 -0.0485939 0.220707 0.974129 -0.851716 0 0 0 1 
4215528470057;0.60477;0.0456186;0.999673 -0.0207445 0.014964 0.140065 0.0203127 0.999389 0.0284513 -0.186621 -0.015545 -0.0281381 0.999483 -0.219069 0 0 0 1 
4215528470058;0.117082;0.117517;0.999307 -0.00714392 0.0365318 -0.0128901 0.00830541 0.999462 -0.0317417 -0.0428307 -0.0362853 0.0320231 0.998828 0.12767 0 0 0 1 
4215528470059;0.289428;0.284274;0.998516 -0.0144262 -0.0525079 0.128655 0.00918564 0.995074 -0.0987122 0.0335865 0.0536732 0.0980834 0.99373 -1.05199 0 0 0 1 
4215528470060;0.876862;0.560608;0.964635 0.0673508 -0.254841 0.395294 -0.0443128 0.994482 0.0950922 0.355827 0.259839 -0.0804365 0.962296 -2.33787 0 0 0 1 
4215528470062;1.03489;0.60547;0.96638 -0.0846847 0.242774 0.16772 0.147565 0.955892 -0.253959 -1.48512 -0.210559 0.281246 0.936251 2.54281 0 0 0 1 
4215528470063;0.150783;0.107158;0.997337 0.0323672 0.0653475 -0.220819 -0.0386608 0.994488 0.0974636 0.401522 -0.0618326 -0.0997305 0.993091 1.21305 0 0 0 1 
4215528470064;1.26892;0.23306;0.979448 0.0823152 -0.184135 0.676755 -0.0603816 0.990727 0.121711 0.731113 0.192447 -0.108091 0.975336 -2.98949 0 0 0 1 
4215528470065;0.672821;0.349764;0.999727 -0.0204403 0.0112915 -0.000464264 0.0209939 0.998463 -0.0513018 -0.201587 -0.0102255 0.0515249 0.998619 -0.276556 0 0 0 1 
4215528470066;0.971407;0.210706;0.974657 -0.0672589 0.213355 0.132306 0.145793 0.914347 -0.377775 -1.11671 -0.169672 0.399306 0.900981 1.69881 0 0 0 1 
4215528470067;0.479383;0.56903;0.998673 -0.0265677 0.0441174 -0.103849 0.0330408 0.987648 -0.153169 -0.118475 -0.0395031 0.154423 0.987215 0.090049 0 0 0 1 
4215528470068;1.75898;1.59471;0.997764 0.0572898 -0.0344155 -0.0428127 -0.0504733 0.983479 0.173843 0.533302 0.0438063 -0.171717 0.984172 -0.267096 0 0 0 1 
4215528470069;1.1695;0.337965;0.996867 -0.0171555 0.0772103 -0.216305 0.0143303 0.999213 0.0369974 -0.328059 -0.0777842 -0.0357751 0.996328 1.85117 0 0 0 1 
4215528470070;0.627154;0.349557;0.999877 0.00243474 0.0155016 -0.0217521 -0.00289431 0.999555 0.0296936 0.0171208 -0.0154224 -0.0297348 0.999439 0.0474472 0 0 0 1 
4215528470071;1.13782;0.443207;0.989659 0.0404813 -0.137611 0.562716 -0.0308092 0.99695 0.0717039 0.344835 0.140094 -0.0667227 0.987888 -2.28587 0 0 0 1 
4215528470072;1.12233;0.838757;0.998447 0.0125489 -0.0542705 -0.106371 -0.011705 0.999806 0.01584 0.119902 0.0544588 -0.0151802 0.998401 -0.291396 0 0 0 1 
4215528470073;0.253366;0.0411513;0.95832 -0.0929006 0.270171 0.29903 0.167826 0.94835 -0.269196 -1.63341 -0.231208 0.303318 0.924414 2.40708 0 0 0 1 
4215528470074;0.891847;0.466502;0.921231 0.16656 -0.351557 1.54433 -0.0828653 0.966983 0.240992 0.679115 0.380089 -0.192878 0.904616 -4.93107 0 0 0 1 
4215528470075;0.661748;0.349013;0.998849 0.00403166 0.0477893 -0.193779 -0.00465907 0.999904 0.0130245 0.0442795 -0.0477322 -0.0132322 0.998773 1.01928 0 0 0 1 
4215528470076;1.55682;0.644107;0.999604 0.00177551 -0.0280797 0.271097 -0.00188217 0.999991 -0.0037723 0.237181 0.0280728 0.00382365 0.999599 -1.20816 0 0 0 1 
4215528470077;0.434483;0.356771;0.999489 -0.0316851 0.00425368 0.0657268 0.03192 0.996466 -0.0776898 -0.290449 -0.00177703 0.0777859 0.996969 -0.346439 0 0 0 1 
4215528470078;1.12372;1.21973;0.959966 -0.0437728 0.276675 0.0542997 0.0490255 0.998724 -0.0120933 -0.612864 -0.275793 0.0251734 0.960887 3.97011 0 0 0 1 
4215528470079;1.36039;1.05003;0.993922 -0.0245302 0.107315 -0.171653 0.0395054 0.989401 -0.139729 -0.375906 -0.10275 0.14312 0.984357 1.31588 0 0 0 1 
4215528470080;1.57691;1.39036;0.982681 0.112676 -0.147116 0.123304 -0.0802228 0.974324 0.210374 0.876794 0.167042 -0.194928 0.966488 -1.58594 0 0 0 1 
4215528470081;1.29705;1.22453;0.997359 0.0538156 -0.0487732 -0.0333709 -0.0472498 0.990777 0.127001 0.458784 0.055158 -0.124361 0.990703 -0.290325 0 0 0 1 
4215528470082;0.754436;0.318166;0.996737 -0.0360934 -0.072199 0.294868 0.0251966 0.988888 -0.146511 -0.224455 0.0766848 0.144214 0.986571 -1.32538 0 0 0 1 
4215528470083;1.36137;0.506902;0.995386 -0.0180152 0.0942487 -0.298594 0.0235597 0.998036 -0.0580511 -0.248012 -0.0930177 0.0600037 0.993855 1.82332 0 0 0 1 
4215528470084;1.66015;1.50201;0.983661 -0.00780913 -0.179861 0.651309 -0.00442562 0.997708 -0.0675219 0.218294 0.179976 0.0672146 0.981372 -3.00397 0 0 0 1 
4215528470085;1.13067;0.300515;0.999628 0.0210735 -0.0173151 -0.268611 -0.0197384 0.997066 0.0739603 0.0124205 0.0188229 -0.0735911 0.997111 0.595536 0 0 0 1 
4215528470086;1.1632;1.1787;0.929194 -0.0280592 0.368525 0.260148 0.0181583 0.999376 0.0303075 -0.302625 -0.369145 -0.0214697 0.929124 5.52994 0 0 0 1 
4215528470087;0.757202;0.628836;0.997785 -0.0207151 0.063212 -0.155223 0.0267626 0.994985 -0.096376 -0.223454 -0.0608986 0.0978543 0.993336 0.775437 0 0 0 1 
4215528470088;1.28516;0.702995;0.999803 -0.0105281 0.0168099 -0.17085 0.0112684 0.998943 -0.0445689 -0.14069 -0.0163229 0.0447496 0.998865 0.724718 0 0 0 1 
4215528470089;0.703952;0.347555;0.998445 0.0218794 -0.0512725 -0.0636838 -0.0197165 0.99891 0.0423166 0.16266 0.0521424 -0.0412399 0.997788 -0.263954 0 0 0 1 
4215528470090;1.03548;0.604216;0.963372 -0.095242 0.250684 0.225038 0.186781 0.909079 -0.37241 -1.42457 -0.192422 0.405592 0.893571 1.18126 0 0 0 1 
4215528470091;1.49069;1.42148;0.999366 0.026743 0.0234826 -0.121848 -0.0289985 0.994398 0.101649 0.237472 -0.0206327 -0.102266 0.994543 0.723592 0 0 0 1 
4215528470093;0.435815;0.379724;0.999375 -0.00744139 0.0345634 -0.0188357 -0.000744386 0.972954 0.230997 -0.0457647 -0.0353475 -0.230879 0.97234 0.280744 0 0 0 1 
4215528470094;0.626818;0.09318;0.999935 0.00441646 0.010524 -0.0178597 -0.00403883 0.999357 -0.0356372 0.0376127 -0.0106747 0.0355924 0.999309 -0.651033 0 0 0 1 
4215528470095;0.64508;0.541347;0.999767 -0.0196432 -0.00892602 0.0578883 0.0191286 0.998332 -0.0544795 -0.0692956 0.00998128 0.054296 0.998475 -0.333999 0 0 0 1 
4215528470096;0.715932;0.64597;0.999972 -0.0070635 -0.00243814 0.0127372 0.00692197 0.998525 -0.0538521 0.000142445 0.00281493 0.0538337 0.998546 -0.368719 0 0 0 1 
4215528470097;0.899584;0.837216;0.999144 -0.0390008 0.0137741 0.0618701 0.0410157 0.977216 -0.208248 -0.245282 -0.00533836 0.208635 0.977979 0.345305 0 0 0 1 
4215528470098;0.598276;0.401679;0.989715 -0.0168563 0.142059 -0.0227621 -0.00688278 0.986273 0.16498 -0.067059 -0.14289 -0.164261 0.976013 0.10324 0 0 0 1 
4215528470099;0.333474;0.232966;0.973218 0.112049 -0.20073 -0.0324515 -0.0198423 0.910858 0.412242 0.251171 0.229028 -0.397219 0.888686 -0.435646 0 0 0 1 
4215528470100;0.645112;0.0324551;0.999927 -0.0120549 -0.000833441 0.0227079 0.0120513 0.999918 -0.00421826 -0.0236393 0.000884223 0.00420791 0.999991 -0.695024 0 0 0 1 
4215528470101;0.802084;0.692823;0.998972 -0.00703838 0.0447912 0.0616286 0.00965373 0.998244 -0.0584441 -0.0300105 -0.0443012 0.0588164 0.997285 0.359025 0 0 0 1 
4215528470102;0.571321;0.280967;0.999989 -0.00445051 0.00157515 0.000739026 0.00450883 0.999222 -0.0391885 0.0212379 -0.00139952 0.0391952 0.999231 -0.54194 0 0 0 1 
4215528470103;0.118159;0.12;0.99997 -0.00256369 -0.00728719 -0.00899641 0.00254663 0.999994 -0.00234888 -0.00983558 0.00729317 0.00233025 0.999971 -0.0383969 0 0 0 1 
4215528470104;0.483078;0.141371;0.959252 -0.013271 0.282241 0.145521 -0.0114724 0.996243 0.0858347 -0.156012 -0.28232 -0.0855751 0.955496 1.16147 0 0 0 1 
4215528470105;0.856272;0.767582;0.962816 -0.0130667 0.269842 0.0712434 0.0621047 0.982785 -0.174005 -0.186573 -0.262923 0.184293 0.947052 0.631684 0 0 0 1 
4215528470106;0.960069;0.762538;0.995665 -0.0036645 0.0929426 0.0674373 0.00169023 0.999771 0.0213117 -0.00989817 -0.0929994 -0.0210622 0.995443 0.825511 0 0 0 1 
4215528470107;0.403602;0.254708;0.952634 0.0442156 -0.300888 0.0595321 -0.0462808 0.998928 0.000264476 0.204941 0.300577 0.0136734 0.953659 -1.02227 0 0 0 1 
4215528470108;0.717513;0.697397;0.999959 -0.00386272 0.00822379 0.018744 0.0043303 0.998329 -0.0576191 -0.00840106 -0.00798749 0.0576523 0.998305 0.0841006 0 0 0 1 
4215528470109;0.671253;0.202512;0.999988 -0.00242291 0.00436876 0.000126431 0.00250648 0.999812 -0.0192267 -0.00823513 -0.00432135 0.0192375 0.999806 0.611418 0 0 0 1 
4215528470110;0.085073;0.0291438;0.999996 0.00233916 0.00187181 0.00431139 -0.00232384 0.999964 -0.00814625 0.00637863 -0.0018908 0.00814187 0.999965 -0.0851909 0 0 0 1 
4215528470111;0.687198;0.146857;0.998784 -0.00128913 0.0492739 0.00402412 -0.001666 0.998204 0.0598853 0.0233219 -0.0492626 -0.0598946 0.996988 0.886679 0 0 0 1 
4215528470112;0.990082;0.254248;0.999225 0.0326362 -0.022001 -0.129322 -0.0285975 0.986062 0.163901 0.196182 0.0270435 -0.163144 0.986232 0.975561 0 0 0 1 
4215528470113;0.115928;0.11279;0.999985 0.00098056 -0.00539398 0.00326812 -0.00098022 1 6.56986e-05 0.00902242 0.00539404 -6.04103e-05 0.999985 -0.0302558 0 0 0 1 
4215528470114;0.310906;0.151285;1 0.000824301 -0.000527073 -0.0246402 -0.000825952 0.999995 -0.00314133 -0.00128164 0.000524481 0.00314176 0.999995 -0.279018 0 0 0 1 
4215528470115;0.363564;0.352491;0.999787 -0.000852252 0.0206215 0.0013696 0.00240263 0.99716 -0.0752751 -0.00171166 -0.0204988 0.0753086 0.99695 -0.0210608 0 0 0 1 
4215528470116;0.348278;0.260386;0.922181 -0.0364215 0.385039 0.163599 -0.00793355 0.993565 0.112984 0.00152993 -0.386676 -0.107247 0.915958 0.977134 0 0 0 1 
4215528470117;0.290367;0.269426;0.997744 -0.00459285 -0.0669815 0.014862 -0.000856408 0.996706 -0.0810998 -0.00257051 0.0671334 0.0809742 0.994453 -0.148291 0 0 0 1 
4215528470118;0.65787;0.47258;0.998464 -0.0138532 0.0536373 0.0627722 0.0178631 0.997022 -0.0750174 -0.0483608 -0.0524384 0.0758604 0.995739 -0.333575 0 0 0 1 
4215528470119;0.205525;0.177636;0.996271 -0.0185086 0.084266 0.0995108 0.0278078 0.993481 -0.110557 -0.0794865 -0.0816704 0.112488 0.990291 0.206466 0 0 0 1 
4215528470120;0.310799;0.244441;0.995099 0.0369385 -0.0917201 -0.0166004 -0.00437242 0.943132 0.332391 0.105569 0.0987822 -0.330361 0.938671 -0.055567 0 0 0 1 
4215528470121;0.660347;0.153006;0.939873 -0.035943 0.339628 0.343277 0.151213 0.935457 -0.319461 -0.60382 -0.306225 0.351609 0.884645 1.17962 0 0 0 1 
4215528470122;0.789381;0.445868;0.984547 0.00151673 0.175112 -0.0591717 -0.023394 0.992139 0.122937 0.00386809 -0.173549 -0.125134 0.976843 -0.0217075 0 0 0 1 
4215528470124;0.80876;0.60437;0.946649 -0.00425702 0.322238 0.205627 0.0578765 0.985901 -0.157001 -0.142944 -0.317027 0.167275 0.933549 0.740236 0 0 0 1 
4215528470125;0.139303;0.0953003;0.991417 -0.0253015 -0.128267 0.150993 0.00778232 0.990776 -0.135285 0.00638509 0.130507 0.133125 0.982469 -0.87398 0 0 0 1 
4215528470126;0.0966618;0.0747109;0.998191 -0.00139501 -0.0601014 0.0376541 0.00210687 0.999928 0.0117825 -0.0172735 0.0600807 -0.0118878 0.998123 -0.266138 0 0 0 1 
4215528470127;0.789796;0.348656;0.999995 0.00283574 -0.00146425 -0.0624128 -0.00283623 0.999996 -0.000334395 0.00836194 0.00146329 0.000338546 0.999999 0.653195 0 0 0 1 
4215528470128;0.207096;0.0560759;0.999781 0.00636978 0.0199334 -0.00785136 -0.00634529 0.999979 -0.00129168 0.0166957 -0.0199412 0.00116491 0.9998 -0.0970153 0 0 0 1 
4215528470129;0.938911;0.303187;0.999917 0.00808993 0.0100765 -0.115355 -0.00812801 0.99996 0.00374368 0.0352324 -0.0100458 -0.00382527 0.999942 0.8852 0 0 0 1 
4215528470130;0.991785;0.824536;0.985249 0.0435729 -0.165486 -0.135856 -0.0225816 0.991688 0.126671 0.0885016 0.16963 -0.121066 0.978043 -0.130909 0 0 0 1 
4215528470131;0.387282;0.37623;0.999995 0.000507324 0.00301897 0.00433341 -0.000474159 0.99994 -0.0109761 0.00984461 -0.00302436 0.0109746 0.999935 -0.110179 0 0 0 1 
4215528470132;0.92999;0.461131;0.999699 -0.00898053 0.0228123 0.0522516 0.00985057 0.999217 -0.0383175 0.0593788 -0.0224503 0.0385307 0.999005 -0.734057 0 0 0 1 
4215528470133;0.555582;0.476854;0.999627 -0.0121521 0.0244415 0.0487926 0.0171539 0.976195 -0.216214 0.00479171 -0.0212322 0.216553 0.97604 -0.565927 0 0 0 1 
4215528470134;0.99593;0.751642;0.96701 -0.00989174 0.254546 -0.0518628 -0.0113232 0.996589 0.0817441 0.0108673 -0.254486 -0.0819297 0.9636 0.483911 0 0 0 1 
4215528470135;1.17319;0.939056;0.988053 -0.0427017 0.148078 0.0532252 0.0969446 0.919143 -0.38181 -0.420887 -0.119801 0.391604 0.912302 0.307179 0 0 0 1 
4215528470136;0.830588;0.79858;0.998142 0.0015436 0.0609031 -0.0347485 -0.0194496 0.95544 0.294544 0.151723 -0.0577346 -0.295181 0.953695 1.00571 0 0 0 1 
4215528470137;0.395265;0.185565;0.987952 -0.0301186 0.151804 0.0470947 -0.0372431 0.905787 0.422092 0.324483 -0.150215 -0.422661 0.893752 1.78908 0 0 0 1 
4215528470138;1.02893;0.943343;0.996074 0.0347768 -0.0814023 -0.0119803 -0.0239146 0.991121 0.130798 0.145021 0.0852282 -0.128338 0.988062 -0.38296 0 0 0 1 
4215528470139;0.649753;0.277539;0.989909 -0.043936 -0.134721 -0.00763788 0.0141344 0.976592 -0.214634 -0.117874 0.140998 0.210564 0.967358 -0.631912 0 0 0 1 
4215528470140;0.360307;0.0536852;0.901424 -0.0318949 0.431761 0.470223 0.06987 0.994927 -0.0723768 -0.37179 -0.427262 0.0954093 0.89908 1.78001 0 0 0 1 
4215528470141;0.657293;0.627678;0.997149 0.00481883 -0.0753084 -0.0102693 -0.00650666 0.999733 -0.0221831 0.0393882 0.0751814 0.0226098 0.996914 -0.448186 0 0 0 1 
4215528470142;0.724166;0.600237;0.999972 0.00712799 0.00230027 -0.0468792 -0.00702427 0.999079 -0.0423243 -0.0188511 -0.00259983 0.0423069 0.999101 0.23982 0 0 0 1 
4215528470143;0.681426;0.252864;0.9428 0.119134 -0.311343 -0.193453 -0.0409824 0.968298 0.246414 0.351908 0.33083 -0.21956 0.917794 -1.21832 0 0 0 1 
4215528470144;0.404104;0.378523;0.999968 -0.00325998 -0.00732568 0.00259995 0.0036132 0.998805 0.0487329 -0.000318318 0.00715806 -0.0487578 0.998785 -0.00310827 0 0 0 1 
4215528470145;0.189223;0.0310968;0.998076 -0.0453639 -0.0422733 0.14404 0.0314189 0.95773 -0.285949 -0.0109778 0.0534581 0.28407 0.957312 -0.892199 0 0 0 1 
4215528470146;0.235131;0.10987;0.992781 0.0197423 0.118302 -0.0641657 -0.0186567 0.999773 -0.0102776 0.0174587 -0.118478 0.00799634 0.992925 0.616939 0 0 0 1 
4215528470147;0.605051;0.532541;0.998961 0.00106137 -0.0455526 0.0068332 -0.00123574 0.999992 -0.00379994 0.0208406 0.0455482 0.00385228 0.998955 -0.452671 0 0 0 1 
4215528470148;0.594371;0.305248;0.908938 -0.0338302 0.415556 0.425871 -0.0127297 0.993986 0.108763 0.0303848 -0.416736 -0.104149 0.903041 2.47255 0 0 0 1 
4215528470149;0.787506;0.75796;0.999827 -0.00211659 0.0184803 0.0165785 0.00218363 0.999991 -0.00360816 -0.033635 -0.0184725 0.00364789 0.999823 0.0500857 0 0 0 1 
4215528470150;0.616542;0.225578;0.985632 0.000802209 0.168903 0.0175099 -0.00386539 0.999834 0.0178078 0.000582199 -0.16886 -0.0182048 0.985472 1.28435 0 0 0 1 
4215528470151;0.660847;0.571953;0.999617 -0.0100358 0.0257894 -0.00678543 0.0119285 0.997163 -0.0743196 -0.00447441 -0.0249704 0.0745988 0.996901 -0.331378 0 0 0 1 
4215528470152;0.936036;0.224557;0.994831 -0.0150078 0.100425 0.0216485 0.0100069 0.998693 0.0501166 -0.0378818 -0.101046 -0.0488527 0.993682 -0.301881 0 0 0 1 
4215528470153;0.43556;0.409335;0.994987 -0.010011 -0.0995045 0.0659009 -0.00462021 0.989313 -0.145732 0.0549611 0.0999001 0.145461 0.984307 -0.791277 0 0 0 1 
4215528470155;0.767559;0.737364;0.999663 0.0104465 -0.0237498 0.0312444 -0.00791321 0.994508 0.104363 0.0220408 0.0247096 -0.10414 0.994256 -0.24218 0 0 0 1 
4215528470156;0.534127;0.0918155;0.95664 0.0654419 -0.283825 0.15474 -0.038698 0.994351 0.0988362 0.153953 0.28869 -0.0835673 0.953769 -1.40539 0 0 0 1 
4215528470157;0.770434;0.443916;0.991471 -0.00889258 0.130025 -0.0050896 0.0148049 0.998896 -0.0445753 -0.192462 -0.129485 0.0461202 0.990508 1.11662 0 0 0 1 
4215528470158;0.945303;0.651424;0.984575 0.0595064 -0.164532 0.0426873 -0.0329827 0.986651 0.159471 0.173919 0.171826 -0.151585 0.973395 -1.14075 0 0 0 1 
4215528470159;0.28795;0.175113;0.999512 -0.00184595 -0.0311689 -0.00525319 0.00104317 0.999668 -0.0257525 -0.0193081 0.0312061 0.0257074 0.999182 0.12134 0 0 0 1 
4215528470160;0.771203;0.576962;0.998517 -0.00227806 -0.054391 0.0446198 0.000522558 0.999479 -0.0322681 0.0274157 0.0544362 0.0321918 0.997998 -0.845632 0 0 0 1 
4215528470161;0.233784;0.215934;0.992931 0.00685544 0.118497 0.0244828 -0.00793108 0.999931 0.00860822 0.0281013 -0.11843 -0.00948717 0.992917 0.349979 0 0 0 1 
4215528470162;0.571431;0.465206;0.998032 0.0101397 0.0618884 -0.111157 -0.0203801 0.98572 0.167157 0.124149 -0.0593097 -0.168089 0.983986 0.639826 0 0 0 1 
4215528470163;0.611739;0.248668;0.999153 -0.0109663 0.0396738 -0.102641 0.0120015 0.999591 -0.0259511 -0.0554199 -0.039373 0.0264052 0.998876 0.759991 0 0 0 1 
4215528470164;0.552648;0.532919;0.999118 -0.0035711 0.0418404 0.0237287 0.00526525 0.999168 -0.0404508 -0.0289873 -0.0416611 0.0406355 0.998305 0.175592 0 0 0 1 
4215528470165;0.294545;0.256677;0.999108 0.00944179 -0.0411492 -0.0294131 -0.0082374 0.999536 0.0293407 0.0432167 0.0414071 -0.0289756 0.998722 -0.236833 0 0 0 1 
4215528470166;0.624564;0.544279;0.998728 -0.00588504 0.0500713 0.0380488 0.00832889 0.998777 -0.0487396 -0.0113451 -0.0497232 0.0490947 0.997556 -0.19704 0 0 0 1 
4215528470167;0.723593;0.231753;0.999991 0.00410935 -0.000523903 -0.188939 -0.00413401 0.998048 -0.0623167 -0.0495491 0.0002668 0.0623183 0.998056 0.767926 0 0 0 1 
4215528470168;0.682452;0.417146;0.925849 0.0971778 -0.365186 -0.198101 -0.0674317 0.993345 0.0933757 0.202404 0.371829 -0.0618267 0.92624 -0.479464 0 0 0 1 
4215528470169;0.452691;0.150533;0.996394 0.0320821 -0.0785531 -0.000405469 -0.0229832 0.993202 0.11411 0.143688 0.08168 -0.111893 0.990358 -0.616259 0 0 0 1 
4215528470170;0.927037;0.557969;0.976295 0.13037 -0.172776 -0.0413867 -0.0467 0.906324 0.419994 0.342135 0.211346 -0.40197 0.890928 -0.853356 0 0 0 1 
4215528470171;0.544194;0.387193;0.914463 -0.0323716 -0.403373 0.414608 -0.0612489 0.97424 -0.217039 0.278841 0.400008 0.22318 0.888923 -1.72906 0 0 0 1 
4215528470172;0.700934;0.531091;0.906958 -0.0178234 0.420845 0.353127 0.0275417 0.999476 -0.0170254 -0.187438 -0.420321 0.0270321 0.906973 1.72879 0 0 0 1 
4215528470173;0.534414;0.306491;0.984224 0.00401321 -0.17688 0.0971416 -0.00777768 0.999758 -0.0205945 0.0324464 0.176754 0.0216453 0.984017 -1.11188 0 0 0 1 
4215528470174;0.297039;0.0417656;0.999466 0.0289329 0.0152169 -0.06664 -0.0311407 0.98427 0.173906 0.0915781 -0.00994598 -0.174287 0.984645 -0.0913866 0 0 0 1 
4215528470175;0.347703;0.197689;0.994903 0.013651 0.0999051 0.0140741 -0.0525617 0.915745 0.398307 0.145792 -0.0860503 -0.401528 0.911795 0.528182 0 0 0 1 
4215528470176;0.75672;0.651512;0.950001 -0.00610486 0.312188 0.0205667 0.069552 0.978827 -0.192509 -0.162247 -0.304403 0.204597 0.930311 0.470825 0 0 0 1 
4215528470177;0.756848;0.252449;0.997999 0.0511269 -0.0372013 0.0279743 -0.0375087 0.952371 0.302628 0.0547708 0.0509018 -0.300627 0.952383 -0.68626 0 0 0 1 
4215528470178;0.523311;0.487068;0.983802 -0.00827103 -0.179069 0.0944648 -0.00703749 0.996383 -0.0846858 0.0512996 0.179122 0.0845742 0.980185 -0.865353 0 0 0 1 
4215528470179;0.41696;0.266038;0.957401 0.0930405 -0.273363 -0.0259092 -0.0233079 0.968481 0.247996 0.285744 0.28782 -0.23106 0.929393 -0.753768 0 0 0 1 
4215528470180;0.591922;0.305734;0.992847 0.0165811 -0.118233 0.0805855 -0.013051 0.999447 0.0305691 0.125872 0.118675 -0.0288074 0.992515 -0.896316 0 0 0 1 
4215528470181;0.100371;0.0565629;0.999252 0.0251077 -0.0294026 -0.0684834 -0.0213083 0.992169 0.123075 0.0778074 0.0322625 -0.122356 0.991962 0.0140386 0 0 0 1 
4215528470182;0.852078;0.327532;0.992171 -0.00270306 -0.12486 0.162835 0.00799408 0.99909 0.0418941 -0.0489715 0.124633 -0.0425642 0.991289 -1.27774 0 0 0 1 
4215528470183;0.165427;0.0266657;0.998908 -0.00955036 0.0457334 0.0901874 0.0145194 0.993871 -0.109585 -0.039452 -0.0444066 0.110129 0.992925 0.143001 0 0 0 1 
4215528470184;0.841318;0.441304;0.878665 -0.0189115 -0.477064 0.610986 -0.0275023 0.995551 -0.0901194 0.199724 0.476646 0.0923052 0.874236 -2.41746 0 0 0 1 
4215528470186;0.933251;0.539113;0.999815 -0.000847799 0.0192027 0.0138367 -0.0010498 0.995127 0.098594 -0.068257 -0.0191927 -0.098596 0.994942 -0.531866 0 0 0 1 
4215528470187;0.872934;0.580998;0.960746 -0.0372628 -0.274916 0.369815 -0.0308363 0.970456 -0.239302 0.340523 0.27571 0.238385 0.931212 -2.29449 0 0 0 1 
4215528470188;0.636802;0.349381;0.999806 -0.0116682 -0.0159002 -0.055581 0.00875081 0.984961 -0.172553 -0.124143 0.0176744 0.17238 0.984872 0.00794414 0 0 0 1 
4215528470189;0.616608;0.413279;0.919746 0.00153188 0.392511 0.309164 0.0407108 0.994227 -0.0992752 -0.187985 -0.390397 0.107287 0.914374 1.75348 0 0 0 1 
4215528470190;0.721491;0.4258;0.999951 0.00621157 0.00764975 -0.0239663 -0.00606123 0.999791 -0.0195222 0.0294302 -0.00776941 0.0194748 0.99978 -0.544197 0 0 0 1 
4215528470191;0.988569;0.431102;0.999718 0.0227187 -0.00691985 -0.120732 -0.021972 0.995368 0.093594 0.0690696 0.00901414 -0.0934156 0.995586 0.973476 0 0 0 1 
4215528470192;0.483071;0.461335;0.997001 0.00134095 0.0773736 -0.0064173 0.00543345 0.996169 -0.0872774 -0.0151105 -0.0771942 0.0874361 0.993175 0.2216 0 0 0 1 
4215528470193;1.00219;0.852775;0.993322 0.000165201 0.115376 -0.00475009 -0.00803157 0.997672 0.0677188 0.0431867 -0.115096 -0.0681932 0.991011 1.16202 0 0 0 1 
4215528470194;0.574823;0.489557;0.970781 -0.0391118 -0.236757 0.290307 -0.0305053 0.958509 -0.283425 0.273334 0.238019 0.282367 0.929309 -1.80418 0 0 0 1 
4215528470195;0.262201;0.22726;0.999701 0.0121813 -0.0212092 -0.0213978 -0.0112683 0.999027 0.0426439 0.0415833 0.021708 -0.0423921 0.998865 0.0777968 0 0 0 1 
4215528470196;0.705585;0.256981;0.999566 0.0161525 0.0246489 -0.0538283 -0.018602 0.994547 0.102619 0.114209 -0.0228569 -0.103033 0.994415 0.926391 0 0 0 1 
4215528470197;0.958351;0.630731;0.973086 -0.00630801 -0.230354 -0.0050584 -0.00762523 0.998196 -0.0595458 0.0257903 0.230314 0.0596998 0.971283 -0.428853 0 0 0 1 
4215528470198;0.657229;0.591549;0.992313 0.0181421 -0.122413 0.0514975 -0.0112587 0.998328 0.0566904 0.0303299 0.123236 -0.0548764 0.990859 -0.621202 0 0 0 1 
4215528470199;0.280312;0.188629;0.957726 -0.0164548 0.287211 0.139116 -0.0549134 0.969549 0.23866 0.310512 -0.282392 -0.244343 0.927659 1.58283 0 0 0 1 
4215528470200;0.717676;0.611791;0.976565 0.0459634 -0.210259 -0.0406835 -0.0265537 0.995197 0.0942232 0.0955639 0.21358 -0.0864319 0.973095 -0.528593 0 0 0 1 
4215528470201;0.269494;0.19478;0.998946 -0.00510682 0.0456242 -0.00146235 0.0058726 0.999844 -0.0166661 0.00155591 -0.045532 0.0169164 0.99882 0.286719 0 0 0 1 
4215528470202;0.839096;0.461422;0.954699 -0.0251718 0.296507 -0.00816511 0.00621814 0.997886 0.0646937 -0.115068 -0.297509 -0.0599193 0.952837 0.719643 0 0 0 1 
4215528470203;0.446878;0.437514;0.999924 0.00230377 -0.0121235 -0.0177516 -0.00227991 0.999995 0.00198145 0.00616748 0.012128 -0.00195366 0.999925 -0.0216703 0 0 0 1 
4215528470204;0.245546;0.243879;0.999927 -0.00345206 -0.0115796 -0.00950185 0.00316108 0.999681 -0.0250535 0.000186099 0.0116624 0.025015 0.999619 -0.0913822 0 0 0 1 
4215528470205;0.862633;0.0322527;0.999592 0.0281634 -0.00485221 -0.0957563 -0.0281558 0.999602 0.00162657 -0.0602304 0.00489609 -0.00148929 0.999987 0.82891 0 0 0 1 
4215528470206;0.412937;0.2543;0.99892 0.0365959 -0.0286124 -0.123073 -0.0264994 0.954801 0.296062 0.0811589 0.0381538 -0.294984 0.95474 0.289036 0 0 0 1 
4215528470207;0.79837;0.371469;0.998909 0.0400596 -0.0239989 0.0695464 -0.0252733 0.895908 0.443521 0.104382 0.0392681 -0.442431 0.895943 0.306989 0 0 0 1 
4215528470208;0.797346;0.263568;0.998433 0.00973156 0.0551041 -0.105499 -0.022029 0.973598 0.227204 0.185059 -0.0514382 -0.228062 0.972287 1.39265 0 0 0 1 
4215528470209;0.744174;0.252917;0.999787 0.00558786 -0.0198526 -0.0462899 -0.00592502 0.999839 -0.0169653 0.0471919 0.0197546 0.0170793 0.999659 0.564351 0 0 0 1 
4215528470210;0.00963021;0.00724113;0.999989 -0.000693737 0.00470514 0.0049888 0.000709413 0.999994 -0.00333075 0.000474837 -0.0047028 0.00333405 0.999983 0.00314089 0 0 0 1 
4215528470211;0.575999;0.281046;0.994548 0.0263009 -0.100909 -0.0064697 -0.0226056 0.999038 0.0375903 0.0856107 0.1018 -0.0351043 0.994185 -0.847318 0 0 0 1 
4215528470212;0.0961837;0.0261101;0.999332 -0.0349073 -0.0107811 0.110669 0.033159 0.9905 -0.133455 -0.104159 0.0153372 0.133009 0.990996 -0.289516 0 0 0 1 
4215528470213;0.289621;0.196438;0.968456 -0.0513785 -0.243831 0.221134 -0.0300045 0.94735 -0.318792 0.278143 0.247372 0.316052 0.915925 -1.6702 0 0 0 1 
4215528470214;0.573067;0.2049;0.999361 0.00551381 -0.0353083 0.0574438 -0.00379639 0.998815 0.0485242 0.0523421 0.035534 -0.0483591 0.998198 -0.576663 0 0 0 1 
4215528470215;0.890995;0.331782;0.999859 -0.016251 0.00423243 0.0984075 0.0163024 0.99979 -0.0123834 -0.0201926 -0.0040303 0.0124507 0.999914 -0.800144 0 0 0 1 
4215528470217;1.22438;0.328308;0.999887 0.00466584 -0.0142729 0.217196 -0.00501002 0.999695 -0.024174 0.24798 0.0141557 0.0242428 0.999606 -0.970726 0 0 0 1 
4215528470218;0.463441;0.559858;0.999709 -0.0219566 -0.00994832 0.0655738 0.0197503 0.982697 -0.184163 0.0643507 0.0138198 0.183913 0.982845 -1.11598 0 0 0 1 
4215528470219;1.25639;1.01027;0.997069 0.066546 -0.0377488 -0.163091 -0.0533617 0.958462 0.280183 0.399227 0.0548258 -0.277348 0.959204 0.495003 0 0 0 1 
4215528470220;0.864498;0.525314;0.987678 0.0586864 0.145081 -0.326313 -0.112099 0.91218 0.394158 1.07066 -0.109208 -0.405565 0.907519 3.1244 0 0 0 1 
4215528470221;0.77456;0.752085;0.977093 -0.00916293 0.212614 -0.017226 0.00455749 0.999744 0.022141 -0.0989632 -0.212762 -0.0206649 0.976885 2.28132 0 0 0 1 
4215528470222;0.34545;0.329685;0.999257 -0.0180405 0.0340654 0.0257409 0.0189392 0.999476 -0.026245 -0.102853 -0.0335741 0.0268707 0.999075 0.127398 0 0 0 1 
4215528470223;0.822643;0.498772;0.994259 -0.0581406 -0.0898231 0.607959 0.0464532 0.990798 -0.127128 -0.218294 0.0963878 0.122226 0.987811 -2.03259 0 0 0 1 
4215528470224;0.61224;0.367766;0.997326 -0.0408794 0.0605789 0.200384 0.0495845 0.987444 -0.149984 -0.288857 -0.053687 0.152586 0.986831 0.00115165 0 0 0 1 
4215528470225;0.96443;0.822977;0.999815 0.00222802 0.0190812 0.00281196 -0.00236546 0.999971 0.00718366 0.0708707 -0.0190646 -0.00722747 0.999792 -0.026364 0 0 0 1 
4215528470226;1.60186;0.442345;0.998332 0.056476 0.0120194 -0.642167 -0.0567851 0.922582 0.381599 0.540597 0.0104623 -0.381645 0.92425 2.81419 0 0 0 1 
4215528470227;0.62327;0.188617;0.993586 -0.00947408 0.112683 -0.0345204 0.0162957 0.998079 -0.059772 -0.0670458 -0.1119 0.0612249 0.991832 0.522452 0 0 0 1 
4215528470228;0.76285;0.749221;0.972702 0.0433269 -0.227978 0.346057 -0.0239402 0.99591 0.087127 0.162983 0.23082 -0.0792908 0.96976 -1.95446 0 0 0 1 
4215528470229;0.828483;0.457358;0.93068 0.000747255 -0.365834 1.09894 -0.0252255 0.997749 -0.0621356 0.539146 0.364964 0.0670567 0.928604 -4.15217 0 0 0 1 
4215528470230;1.52282;1.49056;0.999906 0.0135833 -0.00206239 -0.0802956 -0.0135426 0.999735 0.0186111 0.127739 0.00231465 -0.0185814 0.999825 0.0231516 0 0 0 1 
4215528470231;1.36079;1.23079;0.956823 0.0433385 -0.287421 0.740327 -0.0366262 0.998917 0.0286922 0.391029 0.288353 -0.0169262 0.957374 -3.06981 0 0 0 1 
4215528470232;1.01124;0.601831;0.99622 0.00836382 0.0864624 -0.0784071 -0.0125885 0.998747 0.0484325 0.0630452 -0.085949 -0.0493379 0.995077 0.723928 0 0 0 1 
4215528470233;0.360528;0.211095;0.999979 -0.00312875 -0.00575525 0.0278372 0.00313912 0.999993 0.00179411 -0.0658333 0.0057496 -0.00181214 0.999982 0.0962961 0 0 0 1 
4215528470234;0.247697;0.107915;1 -6.65967e-05 0.000643805 -0.0777269 6.72066e-05 1 -0.000947438 -0.0216149 -0.000643742 0.000947481 0.999999 -0.0570784 0 0 0 1 
4215528470235;1.12906;1.11468;0.981944 -0.0584247 -0.179923 0.783 0.0180231 0.975679 -0.21846 0.227362 0.188311 0.211273 0.959116 -3.18439 0 0 0 1 
4215528470236;0.421865;0.257891;0.99047 0.127088 -0.0530897 -0.495483 -0.105498 0.947849 0.300754 1.06166 0.0885431 -0.292287 0.952223 0.602463 0 0 0 1 
4215528470237;1.6174;1.1186;0.999728 0.0217023 -0.00852172 -0.305651 -0.021625 0.999725 0.00905883 0.0645806 0.00871598 -0.00887208 0.999923 0.666231 0 0 0 1 
4215528470238;1.42655;0.544095;0.97661 -0.0619738 0.205895 0.137608 0.0933058 0.984855 -0.146134 -0.912517 -0.19372 0.161927 0.967601 2.01452 0 0 0 1 
4215528470239;1.23487;0.500525;0.993762 0.0244966 -0.108796 -0.141702 -0.0192089 0.998595 0.0493869 0.0775108 0.109853 -0.046989 0.992836 -0.273791 0 0 0 1 
4215528470240;1.31981;0.492541;0.997785 -0.0237557 0.0621425 -0.0966809 0.0268921 0.99838 -0.0501322 -0.238145 -0.0608509 0.0516923 0.996807 1.09579 0 0 0 1 
4215528470241;0.144224;0.0508445;0.99477 -0.0442451 0.0920571 0.143943 0.0507029 0.996325 -0.0690355 -0.392972 -0.0886643 0.073342 0.993358 0.514593 0 0 0 1 
4215528470242;0.341886;0.23679;0.996803 -0.0583994 0.0545223 0.222213 0.0648631 0.989972 -0.125489 -0.451194 -0.0466471 0.128624 0.990596 -0.294751 0 0 0 1 
4215528470243;0.806737;0.740108;0.998469 -0.0236613 0.0499886 0.0197655 0.0265073 0.998019 -0.0570586 -0.169177 -0.0485395 0.0582963 0.997119 0.0629995 0 0 0 1 
4215528470244;0.044198;0.036699;0.99991 0.0123525 -0.00528895 -0.0571751 -0.0123345 0.999918 0.00340863 0.127457 0.00533062 -0.00334308 0.99998 -0.0645504 0 0 0 1 
4215528470245;1.65415;0.720334;0.999938 -0.0102654 0.00422744 0.187563 0.0105054 0.998064 -0.061301 0.232906 -0.00358998 0.0613416 0.99811 -1.13704 0 0 0 1 
4215528470246;0.359411;0.362435;0.993836 -0.0630945 0.0911555 0.234204 0.0711237 0.993605 -0.0876998 -0.54339 -0.0850392 0.0936425 0.991967 0.386153 0 0 0 1 
4215528470248;1.05013;1.00115;0.991557 0.0166471 -0.128598 -0.0512476 -0.0204108 0.999399 -0.0280051 0.113479 0.128055 0.0303934 0.991301 -0.631757 0 0 0 1 
4215528470249;0.429566;0.0851359;0.974733 -0.0337711 0.220806 0.157102 -0.0285774 0.961529 0.273213 0.210774 -0.221538 -0.27262 0.936269 2.74829 0 0 0 1 
4215528470250;0.0803374;0.0339218;0.999428 0.0270529 -0.0203047 -0.126464 -0.025513 0.997034 0.0726078 0.137025 0.0222087 -0.0720482 0.997154 0.148733 0 0 0 1 
4215528470251;0.907231;0.832054;0.995115 -0.0101115 0.0982042 -0.0234379 0.00184797 0.996475 0.0838756 -0.0254724 -0.0987061 -0.0832844 0.991625 0.709375 0 0 0 1 
4215528470252;0.54782;0.0565665;0.999914 0.00744843 -0.0108104 -0.00612153 -0.00722641 0.999765 0.0204338 -0.000841163 0.0109601 -0.020354 0.999733 -0.499973 0 0 0 1 
4215528470253;0.780027;0.721704;0.972349 0.0443463 -0.229283 0.0948636 -0.0402566 0.998936 0.0224863 0.258786 0.230036 -0.0126344 0.9731 -1.39245 0 0 0 1 
4215528470254;0.503441;0.142865;0.977648 -0.0175014 0.209521 0.0838231 -0.0205335 0.983818 0.177991 0.0361853 -0.209245 -0.178314 0.961468 1.53206 0 0 0 1 
4215528470255;0.683372;0.50669;0.997125 -0.0180109 0.0735996 0.0283405 0.0246534 0.995604 -0.0903647 -0.170846 -0.0716485 0.0919194 0.993185 0.417885 0 0 0 1 
4215528470256;0.928983;0.565958;0.997319 0.026531 -0.0681911 -0.166557 -0.0237488 0.998865 0.0412913 0.0398906 0.0692092 -0.0395612 0.996817 0.42649 0 0 0 1 
4215528470257;0.749547;0.263184;0.995077 -0.0247119 -0.095975 0.313724 0.0065704 0.982733 -0.184914 0.230575 0.0988873 0.183373 0.978057 -1.86263 0 0 0 1 
