#;prob_registration_l1 -r /home/probabilistic_point_clouds_registration/build/tester /home/point_clouds_registration_benchmark//devel/registration_pairs/planetary_map_local.txt /home/point_clouds_registration_benchmark//planetary/p2at_met -s 0.2 -t 0.2 -p 0.3 -r 1000 -m 1 -i 40 
id;initial_error;final_error;transformation
25528382210000;2.8561;1.77105;0.999972 -0.00209322 -0.00719924 -0.314187 0.00225018 0.999758 0.0218637 0.0250015 0.00715173 -0.0218793 0.999735 1.02703 0 0 0 1 
25528382210001;2.11331;1.90809;0.999834 0.0173297 -0.00553723 1.00732 -0.0161376 0.985333 0.16988 -0.604586 0.00839998 -0.169762 0.985449 -9.21336 0 0 0 1 
25528382210002;1.70145;1.66269;0.974183 0.00179379 0.225752 0.567381 0.053198 0.969986 -0.237271 -2.18771 -0.219402 0.243155 0.944848 13.5884 0 0 0 1 
25528382210003;1.37022;0.601341;0.999995 0.000727553 0.00298479 -0.108627 -0.000744135 0.999984 0.005558 -0.00837062 -0.0029807 -0.0055602 0.99998 0.892616 0 0 0 1 
25528382210004;1.75339;1.4188;0.966819 -0.0335449 0.253252 -1.32607 0.00326582 0.992883 0.119047 -0.278666 -0.255443 -0.114269 0.960048 -5.24242 0 0 0 1 
25528382210005;0.735848;0.34254;0.993694 -0.00620028 0.111958 -0.193075 0.0395995 0.953537 -0.298662 -3.06342 -0.104904 0.301212 0.947769 16.1405 0 0 0 1 
25528382210006;1.57164;0.618157;0.997534 0.00326014 -0.0701136 0.30171 -0.00470839 0.999779 -0.0205004 0.177705 0.0700313 0.0207799 0.997328 -0.894205 0 0 0 1 
25528382210007;1.73822;1.57738;0.999888 -0.00618626 -0.0136442 -0.170782 0.00559748 0.999069 -0.0427759 -0.144417 0.0138961 0.0426947 0.998992 1.50198 0 0 0 1 
25528382210008;0.906109;0.823213;0.99533 -0.00371713 0.0964542 -0.0771558 0.00195563 0.99983 0.0183507 -0.122422 -0.096506 -0.0180764 0.995168 -0.393278 0 0 0 1 
25528382210009;0.490985;0.363461;0.972685 0.0254511 -0.230731 1.15033 -0.00119261 0.994506 0.104673 -0.107134 0.232127 -0.101539 0.967371 -6.59578 0 0 0 1 
25528382210010;2.17163;1.45976;0.989104 -0.0337794 -0.143288 -1.61312 -0.0305237 0.905111 -0.424077 -4.18256 0.144017 0.42383 0.894219 17.9723 0 0 0 1 
25528382210011;2.42393;2.07162;0.999838 0.0170839 -0.00570801 1.03532 -0.0161776 0.991055 0.132472 -0.250498 0.00792009 -0.132358 0.99117 -8.08904 0 0 0 1 
25528382210012;1.04957;0.707932;0.9977 -0.00780439 -0.0673287 -0.487372 0.00386982 0.998287 -0.0583719 -0.241581 0.067669 0.0579772 0.996022 3.05496 0 0 0 1 
25528382210013;1.47687;1.28083;0.999991 -0.00335208 0.00243152 -0.158911 0.00334346 0.999988 0.00354079 -0.0640071 -0.00244336 -0.00353263 0.999991 0.474125 0 0 0 1 
25528382210014;2.77484;2.38354;0.98402 -0.0301197 0.175491 -1.03852 -0.0358683 0.931853 0.361058 -2.73558 -0.174407 -0.361583 0.915882 -16.0849 0 0 0 1 
25528382210015;1.8346;1.65388;0.996724 0.00308123 0.0808252 0.19863 0.00179288 0.998187 -0.0601626 -0.164584 -0.080864 0.0601104 0.994911 4.24657 0 0 0 1 
25528382210016;0.567147;0.272126;0.993633 0.0305409 -0.108444 1.54321 -0.0119959 0.985764 0.167705 -0.589084 0.112022 -0.165336 0.979855 -9.49552 0 0 0 1 
25528382210017;2.04883;1.37938;0.949839 0.061497 -0.306634 2.80302 0.0121004 0.972515 0.232526 -1.20257 0.312505 -0.224572 0.922988 -12.1333 0 0 0 1 
25528382210018;2.95759;1.88966;0.999692 0.024234 -0.00543892 0.957535 -0.0203346 0.924347 0.381011 -2.80513 0.0142609 -0.380783 0.924554 -17.0994 0 0 0 1 
25528382210019;2.21355;2.02338;0.995574 -0.00270273 0.0939393 0.0478753 0.00309358 0.999987 -0.00401533 0.107972 -0.0939273 0.00428816 0.99557 -0.0560422 0 0 0 1 
25528382210020;0.308749;0.211201;0.985422 -0.00901399 0.169891 -0.130666 0.0510142 0.968301 -0.244523 -2.24094 -0.162301 0.249625 0.954644 13.4176 0 0 0 1 
25528382210021;1.80312;1.57257;0.999938 0.00205503 -0.0109308 0.00675121 -0.00134208 0.997895 0.064836 -0.0818281 0.011041 -0.0648173 0.997836 -2.54644 0 0 0 1 
25528382210022;2.94324;2.70554;0.88041 -0.0170518 -0.473907 -0.755409 -0.023243 0.996601 -0.0790393 -0.102025 0.473643 0.080602 0.877021 1.44165 0 0 0 1 
25528382210023;1.21687;1.24481;0.889977 -0.0102812 -0.455889 -0.137878 -0.0279539 0.996635 -0.0770471 0.0833077 0.455147 0.0813141 0.886695 0.359985 0 0 0 1 
25528382210024;1.44022;1.32327;0.999333 -0.00216732 0.0364554 -0.010601 0.00339167 0.999431 -0.0335566 -0.0109784 -0.036362 0.0336578 0.998772 1.44033 0 0 0 1 
25528382210025;2.35204;2.2708;0.999963 0.00144536 -0.00842095 0.164161 -0.00134917 0.999934 0.0114163 0.0097389 0.00843689 -0.0114045 0.999899 -0.825215 0 0 0 1 
25528382210026;1.69358;0.630059;0.997162 -0.00824122 0.0748288 -0.418404 0.00680793 0.999789 0.0193891 0.109932 -0.0749728 -0.0188247 0.997008 -1.90618 0 0 0 1 
25528382210027;2.42888;1.88196;0.997687 -0.00776103 0.0675295 -0.256615 0.00956672 0.999604 -0.026457 -0.246458 -0.0672975 0.0270418 0.997366 3.54367 0 0 0 1 
25528382210028;0.814222;0.329081;0.971514 -0.00486704 -0.23693 -0.110626 -0.0139286 0.996888 -0.0775915 0.0043407 0.23657 0.0786814 0.968423 1.55724 0 0 0 1 
25528382210029;0.390701;0.338326;0.970813 -0.045383 -0.235504 -2.28698 -0.0224682 0.960406 -0.277696 -2.07679 0.238783 0.274882 0.931355 11.8031 0 0 0 1 
25528382210031;1.54457;0.79955;0.999801 0.00682698 -0.0187235 0.2409 -0.00578093 0.998449 0.0553642 -0.0572179 0.0190724 -0.055245 0.998291 -3.29877 0 0 0 1 
25528382210032;0.49374;0.495802;0.999946 0.0103034 -0.00151015 0.340756 -0.0100274 0.991818 0.127266 -0.0733584 0.00280907 -0.127244 0.991867 -3.83458 0 0 0 1 
25528382210033;0.496545;0.281698;0.998207 0.00264683 0.0597965 0.16564 -0.00384914 0.999793 0.0200005 0.0432223 -0.0597312 -0.0201949 0.99801 -0.55371 0 0 0 1 
25528382210034;1.67751;1.30387;0.999585 -0.0157403 -0.0241465 -0.438556 0.0132994 0.995087 -0.098112 -0.188461 0.0255722 0.0977501 0.994882 1.7324 0 0 0 1 
25528382210035;1.14274;0.415955;0.996899 0.00381834 -0.0786043 0.209291 8.37718e-05 0.99877 0.0495794 -0.0836067 0.0786969 -0.0494322 0.995672 -3.37623 0 0 0 1 
25528382210036;0.657758;0.322712;0.998629 0.00948516 0.0514779 0.307015 -0.0157168 0.992401 0.122036 0.0113124 -0.0499292 -0.122678 0.99119 -2.75522 0 0 0 1 
25528382210037;0.42747;0.189969;0.943341 0.0154635 -0.331465 0.764555 0.00575656 0.998001 0.0629416 -0.128195 0.331775 -0.0612835 0.941366 -5.13564 0 0 0 1 
25528382210038;2.16463;1.61981;0.995431 -0.00909143 -0.095045 -0.486705 0.00614837 0.999494 -0.0312121 -0.103326 0.0952807 0.0304851 0.994984 1.70304 0 0 0 1 
25528382210039;1.45509;1.25826;0.999793 0.00281175 0.0201609 -0.0102221 -0.00419823 0.997604 0.0690618 0.0482406 -0.0199184 -0.0691321 0.997409 -1.15572 0 0 0 1 
25528382210040;1.05221;1.05368;0.996041 -0.00462565 -0.088769 -0.107995 0.000123297 0.998716 -0.0506584 -0.0939007 0.0888893 0.050447 0.994763 0.521521 0 0 0 1 
25528382210041;1.71424;0.926766;0.908078 -0.0111977 0.418652 1.10726 -0.0142076 0.998243 0.057517 0.155654 -0.418561 -0.0581779 0.906323 3.43848 0 0 0 1 
25528382210042;0.574012;0.424109;0.987914 -0.00907479 0.154737 0.00176034 0.0583493 0.946625 -0.317013 -2.54506 -0.143601 0.32221 0.935713 11.4642 0 0 0 1 
25528382210043;0.513876;0.275596;0.999776 0.016414 0.0133605 0.588437 -0.0187827 0.97906 0.202703 -0.31364 -0.00975359 -0.202909 0.979149 -6.61419 0 0 0 1 
25528382210044;0.355334;0.199026;0.913541 -0.016391 0.406416 0.638686 -0.0419792 0.990052 0.13429 0.205988 -0.404575 -0.13974 0.903765 -0.924359 0 0 0 1 
25528382210045;1.15928;1.08488;0.999313 0.000106472 -0.03705 -0.0468745 -0.00180355 0.99895 -0.0457747 -0.0305044 0.0370063 0.0458101 0.998264 0.813274 0 0 0 1 
25528382210046;2.5411;1.29459;0.994959 0.0129396 0.099443 0.558988 -0.0521906 0.913575 0.403308 -2.31723 -0.0856299 -0.406465 0.909645 -13.9117 0 0 0 1 
25528382210047;2.63214;2.23946;0.963086 -0.0783331 -0.257544 -2.58713 -0.0142916 0.940498 -0.3395 -2.25441 0.268813 0.330648 0.904661 8.67172 0 0 0 1 
25528382210048;0.0550198;0.026936;0.999772 -8.80136e-05 -0.0213596 -0.0151802 -0.000196754 0.999911 -0.0133296 -0.0103231 0.0213588 0.0133308 0.999683 0.167131 0 0 0 1 
25528382210049;0.624254;0.376908;0.998949 0.01583 0.0430208 0.509626 -0.0249405 0.975109 0.220317 -0.293082 -0.0384624 -0.221158 0.974479 -6.00007 0 0 0 1 
25528382210050;1.7141;0.354247;0.999696 0.00814324 0.0232931 0.2247 -0.00698189 0.998749 -0.0495125 0.129928 -0.0236671 0.0493348 0.998502 3.5686 0 0 0 1 
25528382210051;0.731618;0.74051;0.998923 0.0132111 -0.0444765 0.332335 -0.00875713 0.99506 0.098887 -0.0114569 0.0455632 -0.098391 0.994104 -3.37127 0 0 0 1 
25528382210052;0.501673;0.47159;0.946285 0.0190609 -0.322772 0.760984 0.0180649 0.993585 0.111637 -0.32116 0.322829 -0.111471 0.93987 -6.1977 0 0 0 1 
25528382210053;0.245766;0.23785;0.996376 -0.00304861 0.0850027 -0.0333238 0.0153815 0.989339 -0.144815 -0.563188 -0.083655 0.145597 0.985801 5.06057 0 0 0 1 
25528382210054;2.27774;1.84904;0.998362 -0.00256907 0.0571558 -0.0967191 0.00558207 0.998599 -0.0526186 -0.158816 -0.0569405 0.0528515 0.996978 3.4952 0 0 0 1 
25528382210055;0.613367;0.623252;0.997148 0.00395332 -0.0753669 -0.0176775 -0.00123751 0.999349 0.0360471 0.0242412 0.0754604 -0.0358511 0.996504 -1.60605 0 0 0 1 
25528382210056;2.21606;2.01043;0.993207 0.0316538 -0.111975 0.998414 -0.00604944 0.975035 0.22197 -0.646749 0.116206 -0.219785 0.968602 -8.51852 0 0 0 1 
25528382210057;2.17431;2.01949;0.999978 -0.00452549 -0.00489828 -0.246712 0.00435277 0.999388 -0.0347144 -0.143089 0.00505238 0.0346923 0.999385 1.82028 0 0 0 1 
25528382210058;0.777574;0.608202;0.945113 0.0863693 -0.315122 2.77858 0.0388902 0.927841 0.370943 -2.18409 0.324422 -0.362838 0.873555 -13.8295 0 0 0 1 
25528382210059;0.655634;0.213321;0.998594 0.0129379 -0.051402 0.429611 -0.00789606 0.995243 0.0971046 -0.0678615 0.0524138 -0.0965622 0.993946 -4.11661 0 0 0 1 
25528382210060;1.3379;0.426474;0.945548 -0.0478467 -0.321946 -1.61509 -0.0192927 0.979158 -0.202182 -0.914047 0.324909 0.197384 0.924918 4.50917 0 0 0 1 
25528382210062;1.314;1.04792;0.99641 0.00911287 -0.0841714 0.410286 -0.0051055 0.998849 0.0477028 -0.0638462 0.0845092 -0.0471018 0.995309 -1.96382 0 0 0 1 
25528382210063;2.15505;1.4775;0.999977 -0.0066555 -0.0013796 -0.419906 0.00657563 0.998651 -0.0514973 0.0323511 0.00172048 0.0514871 0.998672 3.04826 0 0 0 1 
25528382210064;0.553066;0.405491;0.985053 -0.00359617 0.172214 -0.310301 0.0298416 0.988227 -0.150056 -0.819326 -0.169646 0.152952 0.973563 10.3112 0 0 0 1 
25528382210065;1.61508;0.679224;0.994389 0.0268818 -0.102315 1.93746 -0.00919163 0.985472 0.169587 -0.898496 0.105387 -0.167695 0.98019 -12.3131 0 0 0 1 
25528382210066;1.78743;1.09065;0.999951 0.00317698 0.00932764 0.171347 -0.00340248 0.9997 0.0242608 0.0750201 -0.00924776 -0.0242913 0.999662 -0.930466 0 0 0 1 
25528382210067;0.672032;0.559043;0.994146 -0.0145236 -0.107063 -1.93125 0.00442318 0.995564 -0.0939806 -0.669345 0.107953 0.0929569 0.989801 11.9855 0 0 0 1 
25528382210068;1.84994;0.859505;0.998107 0.00510311 -0.0612864 -0.0834639 -0.0021918 0.99887 0.047477 0.0856871 0.0614595 -0.0472529 0.99699 -1.42421 0 0 0 1 
25528382210069;2.23987;0.48393;0.981338 -0.0342065 -0.189223 -3.84832 -0.0109726 0.972486 -0.232704 -3.19482 0.191977 0.230438 0.953962 24.911 0 0 0 1 
25528382210070;2.2156;0.948211;0.999977 -0.00182253 -0.00649625 -0.370804 0.00184226 0.999994 0.00303147 0.0122183 0.00649069 -0.00304337 0.999974 2.23063 0 0 0 1 
25528382210071;1.44584;1.27862;0.999195 -0.0394598 0.00726112 -3.86038 0.0384456 0.889858 -0.454615 -11.1186 0.0114777 0.454528 0.890658 44.4538 0 0 0 1 
25528382210072;1.6175;1.72886;0.998319 -0.040744 -0.0412183 -4.19935 0.0232103 0.932727 -0.359836 -7.27799 0.0531066 0.358274 0.932105 37.0681 0 0 0 1 
25528382210073;2.148;0.395841;0.999079 0.0039548 -0.0427324 -0.152175 -0.00199515 0.998948 0.0458045 0.176534 0.0428686 -0.045677 0.998036 -1.05887 0 0 0 1 
25528382210074;1.21241;0.395559;0.991021 -0.00766374 0.13349 -0.570781 0.00548648 0.999846 0.0166704 0.199018 -0.133597 -0.0157884 0.99091 -6.51583 0 0 0 1 
25528382210075;0.469924;0.159712;0.96797 -0.0263087 -0.249682 -4.05689 -0.0149177 0.986711 -0.161802 -2.07131 0.250621 0.160344 0.954714 21.4901 0 0 0 1 
25528382210076;1.94829;1.12214;0.999923 0.0076033 -0.00977932 0.561575 -0.00680248 0.996814 0.0794665 -0.13982 0.0103524 -0.0793939 0.99679 -5.68434 0 0 0 1 
25528382210077;1.55351;0.743108;0.999857 0.00846103 -0.0146492 1.0152 -0.00749377 0.997866 0.0648691 -0.180887 0.0151668 -0.0647501 0.997786 -7.94411 0 0 0 1 
25528382210078;1.78754;1.50239;0.99981 0.00353729 0.0191892 0.339915 -0.00407386 0.9996 0.0279956 -0.0319139 -0.0190824 -0.0280684 0.999424 -2.32543 0 0 0 1 
25528382210079;0.52952;0.376012;0.966804 -0.0162624 -0.255003 -3.13953 -0.0109561 0.994417 -0.104956 -1.08622 0.255286 0.104265 0.961227 16.2398 0 0 0 1 
25528382210080;0.579865;0.18625;0.999964 -0.00111643 -0.00844025 -0.20275 0.00111812 0.999999 0.000195984 0.00832139 0.00844003 -0.000205414 0.999964 0.741203 0 0 0 1 
25528382210081;1.6725;1.66949;0.999778 -0.00350237 0.02076 -0.270947 0.00491192 0.997657 -0.0682403 -0.296643 -0.0204724 0.0683271 0.997453 6.06043 0 0 0 1 
25528382210082;1.80785;0.308694;0.959438 -0.016662 0.281428 -1.64647 -0.0240047 0.989799 0.140437 -1.04731 -0.280897 -0.141496 0.94925 -19.3429 0 0 0 1 
25528382210083;0.928935;0.247872;0.982476 -0.0324817 -0.18354 -4.40462 -0.00659122 0.978028 -0.208368 -3.13056 0.186275 0.205926 0.960675 25.9173 0 0 0 1 
25528382210084;1.83208;1.47322;0.998955 -0.01368 -0.043599 -1.39197 0.00798878 0.991725 -0.128131 -0.803101 0.0449911 0.127649 0.990798 12.2275 0 0 0 1 
25528382210085;0.401662;0.259836;0.993749 0.0486108 -0.100503 4.42382 -0.0163021 0.953762 0.300121 -4.1648 0.110445 -0.296606 0.948592 -27.3303 0 0 0 1 
25528382210086;1.45129;1.30104;0.996932 -0.00121198 -0.0782611 -0.541473 -0.00100332 0.9996 -0.0282611 -0.173067 0.0782641 0.0282529 0.996532 5.49516 0 0 0 1 
25528382210087;0.345605;0.173252;0.938882 -0.00154303 0.344236 -0.600491 0.0322219 0.995994 -0.0834187 0.152124 -0.342728 0.0894122 0.93517 0.206101 0 0 0 1 
25528382210088;0.167837;0.15737;0.999963 -0.00185197 -0.00837508 -0.198237 0.00185584 0.999998 0.000454082 0.0531779 0.00837422 -0.000469608 0.999965 -0.152759 0 0 0 1 
25528382210089;1.83562;1.81363;0.999811 -0.00376797 0.0190902 -0.314812 0.0044011 0.999438 -0.0332324 0.0180281 -0.0189542 0.0333102 0.999265 2.45299 0 0 0 1 
25528382210090;2.15758;0.167532;0.999993 -0.000627366 -0.00357444 -0.255932 0.00052808 0.999616 -0.0277101 -0.186836 0.00359045 0.027708 0.99961 5.37617 0 0 0 1 
25528382210091;0.893388;0.482993;0.999892 -0.0105993 0.010184 -1.10308 0.0117769 0.992267 -0.123563 -0.961962 -0.00879553 0.12367 0.992284 12.7297 0 0 0 1 
25528382210093;1.89713;0.229499;0.97834 0.0490534 -0.201109 -0.909612 -0.0290933 0.994458 0.101032 -0.495849 0.20495 -0.092993 0.974345 4.38292 0 0 0 1 
25528382210094;0.825331;0.560894;0.998007 0.0325712 -0.0540563 0.221715 -0.0135767 0.94728 0.320119 -0.159201 0.0616331 -0.318747 0.945834 -1.92486 0 0 0 1 
25528382210095;0.858473;0.751602;0.993678 0.0162649 0.111084 0.184988 -0.0279033 0.994182 0.104035 -0.325905 -0.108746 -0.106477 0.988351 -1.96017 0 0 0 1 
25528382210096;0.8797;0.457949;0.964268 0.0215875 0.264049 0.185737 -0.113434 0.934337 0.337856 -1.49023 -0.239417 -0.355736 0.9034 -6.81446 0 0 0 1 
25528382210097;2.1961;1.88502;0.999715 -0.00650753 0.0229598 0.361062 0.00727817 0.999407 -0.0336423 0.304774 -0.0227273 0.0337998 0.99917 -1.44693 0 0 0 1 
25528382210098;1.08082;0.825952;0.999626 -0.0169154 -0.0214722 0.0352337 0.0143163 0.993157 -0.115905 0.00710403 0.0232859 0.115555 0.993028 0.407416 0 0 0 1 
25528382210099;0.565162;0.557543;0.955652 -0.0198567 -0.29383 -1.37412 -0.0083482 0.995497 -0.0944263 -0.50212 0.294381 0.0926916 0.951182 5.28435 0 0 0 1 
25528382210100;1.81678;1.70536;0.999688 0.0184161 0.0169012 0.25715 -0.0210304 0.985135 0.170492 0.0113331 -0.0135102 -0.170794 0.985214 -1.11599 0 0 0 1 
25528382210101;0.708323;0.52313;0.999184 -0.00511975 -0.0400746 -0.118938 0.00696454 0.998916 0.0460305 0.223311 0.0397955 -0.046272 0.998136 0.616619 0 0 0 1 
25528382210102;2.25601;1.95588;0.996499 -0.0176295 -0.0817226 0.0099714 0.00599479 0.990065 -0.140482 -0.21959 0.0833874 0.1395 0.986705 1.055 0 0 0 1 
25528382210103;0.72475;0.467841;0.999802 0.0196473 -0.00303131 0.121447 -0.0193268 0.99634 0.0832592 -0.206305 0.00465604 -0.0831841 0.996523 0.0501368 0 0 0 1 
25528382210104;2.73972;1.99998;0.990788 0.0522206 -0.124948 -0.293474 -0.0176297 0.964546 0.263326 -0.0200842 0.134269 -0.258697 0.956581 2.29301 0 0 0 1 
25528382210105;1.37462;1.2342;0.987369 -0.0124075 0.157953 0.102026 0.0946538 0.845665 -0.525254 -0.262925 -0.127059 0.53357 0.836158 0.137735 0 0 0 1 
25528382210106;1.98093;0.159389;0.992576 -0.0850599 -0.0869317 -0.426171 0.044262 0.918377 -0.393224 0.145454 0.113284 0.386457 0.915324 2.3178 0 0 0 1 
25528382210107;2.7132;2.19933;0.999769 -0.0144736 -0.0158599 0.217486 0.0138776 0.999216 -0.0370654 0.320427 0.0163839 0.0368367 0.999187 -1.10367 0 0 0 1 
25528382210108;2.24596;1.8322;0.979818 0.0255917 -0.198248 -0.0938866 -0.0442242 0.994947 -0.0901365 -0.802989 0.194939 0.0970847 0.975999 2.32537 0 0 0 1 
25528382210109;1.35089;0.2752;0.996651 -0.0373305 0.0727487 0.162248 0.0452173 0.992906 -0.10997 0.744024 -0.0681273 0.112892 0.991269 -1.52294 0 0 0 1 
25528382210110;1.54595;1.38018;0.997883 0.0643746 -0.00928778 0.410805 -0.0497699 0.847693 0.528148 -0.400798 0.0418725 -0.526567 0.849102 -2.85398 0 0 0 1 
25528382210111;0.364366;0.165474;0.985041 -0.00286315 -0.172298 -0.680998 -0.00556454 0.998812 -0.0484107 -0.345108 0.172231 0.0486453 0.983855 3.27253 0 0 0 1 
25528382210112;2.44837;1.84326;0.992886 -0.0339721 0.114121 0.114526 0.00468114 0.968831 0.247679 0.652081 -0.118978 -0.245382 0.962098 -1.86996 0 0 0 1 
25528382210113;0.357128;0.264809;0.999971 -0.00281761 0.00704541 -0.0123032 0.00261456 0.999586 0.0286647 0.0912251 -0.00712326 -0.0286455 0.999564 0.0574441 0 0 0 1 
25528382210114;2.52967;1.3884;0.950992 -0.121172 0.284484 -0.813805 0.209079 0.92981 -0.302884 2.93874 -0.227815 0.34752 0.909577 -3.59242 0 0 0 1 
25528382210115;1.99023;0.393922;0.99819 0.00376528 -0.0600196 -0.18406 -0.00261557 0.999812 0.0192228 -0.0923765 0.0600807 -0.019031 0.998012 2.84779 0 0 0 1 
25528382210116;0.274109;0.203364;0.997733 0.0331354 -0.0585727 0.00498559 -0.0189596 0.973528 0.227779 0.105383 0.0645697 -0.226152 0.97195 -0.304896 0 0 0 1 
25528382210117;0.456139;0.27466;0.976739 0.0097217 0.214209 0.136836 -0.0481234 0.983427 0.174798 -0.570452 -0.20896 -0.181041 0.96102 -4.54944 0 0 0 1 
25528382210118;1.00279;0.34268;0.998894 -0.00951327 0.0460469 0.162706 0.00953849 0.999954 -0.000328184 0.221052 -0.0460417 0.000767039 0.998939 -1.60956 0 0 0 1 
25528382210119;1.53716;1.25179;0.996442 0.00626386 0.0840433 0.0789784 0.0145811 0.969381 -0.245128 -0.789684 -0.0830054 0.245481 0.965841 0.852991 0 0 0 1 
25528382210120;1.16367;0.977572;0.998821 0.0058229 0.048194 0.0598354 -0.00929472 0.997352 0.0721311 -0.0687106 -0.0476463 -0.072494 0.99623 -0.462334 0 0 0 1 
25528382210121;1.92017;1.98669;0.998556 0.0341545 0.0414556 0.387135 -0.0416025 0.979979 0.194708 -0.72575 -0.0339754 -0.196152 0.979985 -2.62144 0 0 0 1 
25528382210122;1.42171;0.574916;0.994413 0.00936871 -0.10514 0.100835 -0.01672 0.997459 -0.0692573 -0.141154 0.104224 0.0706283 0.992043 0.8181 0 0 0 1 
25528382210124;1.41534;0.609061;0.999914 0.00420054 -0.0123894 0.588448 -0.00352346 0.998525 0.0541744 -0.237066 0.0125987 -0.0541261 0.998455 -5.83016 0 0 0 1 
25528382210125;0.633729;0.365549;0.991752 -0.0396361 -0.121889 -3.47911 0.0218257 0.989319 -0.144123 -0.898496 0.1263 0.140274 0.982024 12.2902 0 0 0 1 
25528382210126;0.445145;0.290467;0.952359 -0.0123316 -0.304729 -1.81972 0.0189086 0.999647 0.0186411 0.116219 0.304392 -0.023515 0.952257 -0.195322 0 0 0 1 
25528382210127;0.670288;0.622791;0.998389 -0.0150882 -0.0547057 -1.28514 0.0112417 0.997487 -0.0699508 -0.191045 0.0556237 0.0692231 0.996049 5.94493 0 0 0 1 
25528382210128;2.24311;1.84214;0.999992 -0.0022271 0.00338803 -0.00399009 0.00231369 0.999665 -0.0257731 -0.21368 -0.0033295 0.0257808 0.999662 0.0770675 0 0 0 1 
25528382210129;1.80511;1.49101;0.984007 0.0108089 0.177803 1.06284 -0.0120435 0.99991 0.00586545 0.0928978 -0.177723 -0.007913 0.984049 -0.321902 0 0 0 1 
25528382210130;0.986557;0.152759;0.999013 0.00725318 0.0438259 0.57999 -0.01069 0.996841 0.0787027 -0.0367297 -0.0431166 -0.0790935 0.995934 -5.38503 0 0 0 1 
25528382210131;2.11864;2.03481;0.984722 -0.106351 -0.137882 -8.52612 0.0350831 0.896757 -0.441131 -8.59494 0.170561 0.429554 0.886788 34.1862 0 0 0 1 
25528382210132;0.163045;0.155825;0.999933 -0.00508581 -0.010408 -0.392093 0.00475354 0.999486 -0.0317037 -0.125035 0.0105639 0.0316521 0.999443 2.36025 0 0 0 1 
25528382210133;1.8377;0.950318;0.999887 -0.00218793 -0.0148971 -0.427867 0.00194894 0.999869 -0.0160383 -0.00447831 0.0149303 0.0160074 0.99976 3.24752 0 0 0 1 
25528382210134;1.18998;0.85278;0.999999 0.000621817 0.0010985 -0.0810022 -0.000582159 0.999361 -0.0357404 -0.00280887 -0.00112003 0.0357397 0.999361 3.71106 0 0 0 1 
25528382210135;0.879278;0.719578;0.999081 0.00892221 0.0419278 0.685232 -0.0105984 0.999146 0.0399273 -0.0513714 -0.0415358 -0.040335 0.998323 -2.84139 0 0 0 1 
25528382210136;1.20454;1.14093;0.937311 0.0312062 0.347094 2.76552 0.0273932 0.986304 -0.16265 -1.17338 -0.347416 0.161961 0.923618 11.5326 0 0 0 1 
25528382210137;0.490225;0.517799;0.999866 -0.0131148 0.00979668 -0.961653 0.0137849 0.997324 -0.0717906 -0.229484 -0.00882895 0.0719161 0.997372 5.33163 0 0 0 1 
25528382210138;0.898047;0.941925;0.999894 -0.00900644 0.011419 -0.61907 0.0100314 0.995603 -0.0931354 -0.48465 -0.01053 0.0932401 0.995588 6.90667 0 0 0 1 
25528382210139;0.258844;0.235413;0.998443 -0.000592741 0.0557868 0.0385371 0.00350393 0.998636 -0.0521008 -0.191447 -0.0556798 0.0522152 0.997082 3.81917 0 0 0 1 
25528382210140;1.51354;1.40963;0.999405 -0.0108996 0.0327281 -0.718789 0.0145187 0.99355 -0.112463 -0.700413 -0.0312912 0.112871 0.993117 7.88716 0 0 0 1 
25528382210141;0.177514;0.167151;0.968271 0.0189242 0.249186 1.67837 -0.034115 0.997803 0.0567844 -0.276867 -0.247564 -0.0634837 0.966789 -6.56532 0 0 0 1 
25528382210142;1.7221;1.46474;0.990941 0.0152091 -0.133436 0.7921 0.00259944 0.991209 0.132283 -0.308532 0.134275 -0.131431 0.982189 -9.14143 0 0 0 1 
25528382210143;1.74732;1.7166;0.994183 -0.0132396 -0.106889 -1.26488 0.0086403 0.999021 -0.0433773 -0.0611828 0.107359 0.0422015 0.993324 3.95635 0 0 0 1 
25528382210144;0.62636;0.666635;0.985335 -0.0101946 -0.170329 -1.17078 0.00954398 0.999944 -0.00463844 0.0683956 0.170366 0.0029448 0.985376 1.1013 0 0 0 1 
25528382210145;2.23099;1.79729;0.983088 0.0114838 0.182774 1.12621 -0.021807 0.998272 0.0545718 0.0245939 -0.181832 -0.0576346 0.981639 -3.93035 0 0 0 1 
25528382210146;0.123351;0.14301;0.987708 0.00620627 0.156189 0.700318 -0.00621003 0.999981 -0.000463921 -0.0486496 -0.156189 -0.000511717 0.987727 -1.03297 0 0 0 1 
25528382210147;2.1323;0.346082;0.999935 0.0043316 0.0105132 0.0958122 -0.00415597 0.999852 -0.0166707 0.120036 -0.0105838 0.0166259 0.999806 3.84664 0 0 0 1 
25528382210148;1.17842;0.526501;0.999979 -0.00228409 -0.00607135 -0.33351 0.00199278 0.998866 -0.0475613 -0.104342 0.0061731 0.0475482 0.99885 4.92736 0 0 0 1 
25528382210149;1.8032;1.74629;0.974933 0.0330474 -0.220032 2.22588 0.0219481 0.969801 0.242907 -1.98174 0.221415 -0.241647 0.944766 -18.3646 0 0 0 1 
25528382210150;1.89528;1.92147;0.991182 0.00732819 0.132303 0.763684 0.00721479 0.994004 -0.109109 -0.604168 -0.132309 0.109102 0.985186 7.69698 0 0 0 1 
25528382210151;1.38396;0.569929;0.999984 0.00539106 0.00148071 0.635637 -0.00538678 0.999981 -0.00287825 -0.0857077 -0.00149619 0.00287023 0.999995 -1.59317 0 0 0 1 
25528382210152;1.90731;1.80894;0.999537 0.0031252 -0.0302774 0.313034 -0.00075531 0.996955 0.07797 -0.257563 0.0304289 -0.077911 0.996496 -6.99204 0 0 0 1 
25528382210153;0.627318;0.237043;0.968477 -0.0591483 -0.24198 -5.40054 0.017966 0.985457 -0.168974 -1.31239 0.248456 0.1593 0.955455 14.5371 0 0 0 1 
25528382210155;0.972428;0.609253;0.996775 -0.0386909 -0.070299 -2.62029 0.00456882 0.902021 -0.431668 -7.31143 0.0801128 0.429955 0.899289 27.0012 0 0 0 1 
25528382210156;1.01473;0.770821;0.99137 0.00312193 -0.131054 -0.27298 0.00214139 0.999197 0.0400014 0.0733295 0.131073 -0.0399368 0.990568 -1.02689 0 0 0 1 
25528382210157;0.233342;0.250492;0.99821 -0.00469279 -0.0596157 -0.467403 0.000883806 0.997965 -0.0637586 -0.329502 0.0597936 0.0635918 0.996183 5.01337 0 0 0 1 
25528382210158;0.218897;0.204791;0.999963 0.00210908 -0.00833295 0.13189 -0.00206412 0.999983 0.00540054 -0.0279042 0.0083442 -0.00538314 0.999951 -0.428986 0 0 0 1 
25528382210159;0.424214;0.214458;0.968662 -0.00671578 0.248292 -0.289724 0.0905112 0.940445 -0.327674 -2.54434 -0.231305 0.339879 0.911581 14.4506 0 0 0 1 
25528382210160;0.944861;0.86924;0.999111 -0.0100926 -0.0409382 -0.703681 0.00224071 0.982267 -0.187475 -1.61758 0.0421043 0.187216 0.981416 11.6764 0 0 0 1 
25528382210161;0.607772;0.431665;0.983559 -0.00697902 0.18045 -0.210383 0.0277801 0.993206 -0.113005 -0.0672461 -0.178435 0.11616 0.977071 1.38898 0 0 0 1 
25528382210162;0.465464;0.266409;0.992242 -0.00295974 0.124288 0.0933241 -0.0146638 0.989952 0.140641 -0.523304 -0.123456 -0.141372 0.982228 -12.0219 0 0 0 1 
25528382210163;0.301031;0.232737;0.999916 0.00463282 -0.0121095 0.219461 -0.00425531 0.99951 0.0310162 -0.0112995 0.0122473 -0.0309621 0.999446 -1.12845 0 0 0 1 
25528382210164;0.262538;0.271893;0.999995 0.00116717 0.00285404 0.110633 -0.00118273 0.999984 0.00545556 0.00890074 -0.00284763 -0.00545891 0.999981 -0.569458 0 0 0 1 
25528382210165;0.165591;0.175178;0.999899 0.00823524 -0.0115477 0.449802 -0.00706541 0.995169 0.0979205 -0.109741 0.0122983 -0.0978291 0.995127 -5.39289 0 0 0 1 
25528382210166;1.12952;0.768214;0.973304 0.00527949 -0.229458 -0.699327 0.00356569 0.999267 0.0381165 0.130845 0.229491 -0.0379171 0.972572 0.916471 0 0 0 1 
25528382210167;0.708722;0.201;0.995031 -0.0112042 -0.0989324 -1.36032 0.00526531 0.998179 -0.0600875 -0.322873 0.0994255 0.059268 0.993278 7.2337 0 0 0 1 
25528382210168;1.1418;0.316718;0.999833 0.00279527 0.0180661 0.0825605 -0.00224533 0.999536 -0.0303897 -0.254045 -0.0181427 0.030344 0.999375 4.15332 0 0 0 1 
25528382210169;0.757933;0.740075;0.995209 0.00094804 0.0977671 0.307726 0.00184042 0.999594 -0.0284274 -0.0967276 -0.0977544 0.0284711 0.994803 -0.911266 0 0 0 1 
25528382210170;0.338329;0.108417;0.988101 -0.00179147 0.153795 0.189789 0.0628054 0.917466 -0.392825 -4.68938 -0.140398 0.39781 0.906662 19.75 0 0 0 1 
25528382210171;0.814741;0.712263;0.994894 0.00794759 -0.100613 -0.228783 -0.00418353 0.999285 0.0375673 0.0577513 0.100839 -0.0369546 0.994216 1.34628 0 0 0 1 
25528382210172;0.85032;0.251175;0.991507 0.0639411 -0.113246 2.65931 -0.0207941 0.937528 0.347288 -2.15959 0.128377 -0.341983 0.930896 -15.0872 0 0 0 1 
25528382210173;0.630488;0.548615;0.999776 0.00652937 -0.020125 0.346013 -0.0050931 0.997491 0.0706098 0.0370756 0.0205355 -0.0704915 0.997301 -4.54432 0 0 0 1 
25528382210174;0.36066;0.153779;0.961316 0.102798 -0.255546 4.1069 -0.00370921 0.932496 0.361162 -2.57222 0.275422 -0.346243 0.896805 -14.4501 0 0 0 1 
25528382210175;0.400793;0.3974;0.999828 -0.00392922 0.0181034 -0.151293 0.00590881 0.993844 -0.110629 -0.597053 -0.0175573 0.110717 0.993697 6.22518 0 0 0 1 
25528382210176;0.342834;0.162372;0.985026 -0.00733667 0.17225 -0.205471 -0.0230916 0.984478 0.173984 -0.839121 -0.170853 -0.175356 0.969567 -14.8193 0 0 0 1 
25528382210177;0.260067;0.133681;0.997421 -0.0207936 -0.0686927 -1.45926 0.00152954 0.963052 -0.269312 -2.95854 0.0717546 0.268512 0.9606 17.0798 0 0 0 1 
25528382210178;0.926206;0.300485;0.999821 0.0017353 0.0188306 0.0303456 -0.00190604 0.999957 0.00905316 -0.0737314 -0.0188141 -0.00908744 0.999782 1.25585 0 0 0 1 
25528382210179;0.695785;0.270611;0.999911 -0.0104978 -0.00827319 -0.499594 0.00896361 0.985823 -0.167547 -0.914396 0.00991478 0.167458 0.985829 8.24181 0 0 0 1 
25528382210180;0.109455;0.0888053;0.999744 0.00528992 0.0219973 0.373267 -0.00679397 0.997602 0.0688717 -0.047526 -0.0215803 -0.0690035 0.997383 -4.63961 0 0 0 1 
25528382210181;0.971587;0.633623;0.944892 -0.00542292 0.327336 -0.783775 0.0247293 0.998188 -0.054847 0.439327 -0.326446 0.0599193 0.943315 -6.14159 0 0 0 1 
25528382210182;0.540657;0.364271;0.998598 -0.00432869 0.0527499 -0.0595448 0.00484612 0.999941 -0.00968524 0.0966113 -0.0527049 0.0099273 0.998561 -1.73655 0 0 0 1 
25528382210183;0.488607;0.405232;0.970662 -0.0011733 0.240445 0.166041 0.00298659 0.99997 -0.00717709 0.0540152 -0.24043 0.00768464 0.970636 -4.59993 0 0 0 1 
25528382210184;0.107925;0.0666687;0.99994 0.00338986 -0.0104618 0.104365 -0.00323994 0.999892 0.0143136 -0.00906585 0.0105092 -0.0142789 0.999843 -0.397171 0 0 0 1 
25528382210186;2.61464;0.512912;0.906394 0.0415902 -0.420381 0.199902 0.0473411 0.978872 0.198918 -0.123387 0.419772 -0.200199 0.885275 -5.48701 0 0 0 1 
25528382210187;2.55948;0.384184;0.99998 0.00596456 0.0022744 0.652767 -0.00594555 0.999948 -0.00827684 -0.254789 -0.00232365 0.00826314 0.999963 -2.0626 0 0 0 1 
25528382210188;2.1137;0.649576;0.992578 -0.0291729 -0.118058 -1.09823 0.0142473 0.992011 -0.125347 -0.140428 0.120772 0.122735 0.985064 4.43491 0 0 0 1 
25528382210189;3.03095;1.75519;0.931896 0.00776845 0.362643 0.854774 0.00988632 0.998855 -0.0468024 -0.0536639 -0.362592 0.0472002 0.930752 -0.819107 0 0 0 1 
25528382210190;2.58604;2.43522;0.947097 0.0202125 0.32031 1.12291 0.03462 0.985758 -0.164569 -0.709623 -0.319075 0.166952 0.932909 3.56607 0 0 0 1 
25528382210191;2.29839;1.21555;0.99283 0.00994971 0.119119 0.577363 -0.0522564 0.932387 0.357665 -1.72066 -0.107506 -0.361326 0.926221 -14.0255 0 0 0 1 
25528382210192;1.26077;0.932352;0.997425 0.00734941 -0.0713342 0.232646 -0.0050356 0.999457 0.032562 -0.00690937 0.0715348 -0.032119 0.996921 -1.27956 0 0 0 1 
25528382210193;1.94741;1.18814;0.976262 -0.0054798 0.216522 -0.043302 0.0341471 0.991072 -0.128881 -0.0743549 -0.213883 0.133216 0.967733 0.848839 0 0 0 1 
25528382210194;0.500481;0.430206;0.991291 0.0619692 -0.116201 2.0094 -0.0108957 0.917936 0.396579 -2.05946 0.131241 -0.391859 0.910617 -14.2931 0 0 0 1 
25528382210195;0.447325;0.365873;0.993758 -0.000155562 0.111555 0.285286 0.0287009 0.966692 -0.254327 -1.7376 -0.1078 0.255942 0.960663 8.73458 0 0 0 1 
25528382210196;0.672791;0.633784;0.999998 0.00178778 0.000580976 0.0610424 -0.00180998 0.999167 0.0407671 0.0619532 -0.00050761 -0.0407681 0.999169 -1.43598 0 0 0 1 
25528382210197;1.68816;1.67603;0.999951 0.00593467 0.00796992 0.273073 -0.00615236 0.999601 0.0275736 0.0182326 -0.0078031 -0.0276213 0.999588 -1.17054 0 0 0 1 
25528382210198;0.0806703;0.104515;0.999978 -0.00650197 0.00108062 -0.225133 0.0065162 0.999884 -0.0137356 0.0218993 -0.000991186 0.0137424 0.999905 0.479658 0 0 0 1 
25528382210199;2.04506;0.559748;0.985009 -0.0099156 0.172219 -0.0332295 0.0120728 0.999861 -0.0114832 0.144479 -0.172081 0.0133902 0.984992 -3.44593 0 0 0 1 
25528382210200;1.86353;1.68917;0.986738 -0.0678936 -0.147438 -3.40491 0.0176111 0.947739 -0.318561 -2.87873 0.161361 0.311739 0.936366 14.7245 0 0 0 1 
25528382210201;1.69978;1.52818;0.976822 0.00468597 0.214002 0.536825 -0.0288125 0.99354 0.109761 -0.432644 -0.212105 -0.113383 0.970647 -8.02164 0 0 0 1 
25528382210202;3.09717;0.765859;0.99963 -0.0104263 0.0251421 -0.72956 0.0116886 0.998651 -0.0505925 0.223041 -0.0245807 0.0508676 0.998403 4.445 0 0 0 1 
25528382210203;2.66545;0.413274;0.999929 0.00707052 -0.00961524 0.0255592 -0.00637835 0.997512 0.0702042 0.121632 0.0100877 -0.0701378 0.997486 -0.294972 0 0 0 1 
25528382210204;2.12678;2.13967;0.999999 0.00103517 0.000336285 0.0473836 -0.00103697 0.999985 0.00538518 -0.0211284 -0.000330705 -0.00538553 0.999985 -0.132987 0 0 0 1 
25528382210205;2.17534;0.390471;0.969668 -3.24145e-05 -0.244426 -0.444749 0.00845236 0.999406 0.033399 0.0271522 0.24428 -0.0344519 0.969093 -0.429197 0 0 0 1 
25528382210206;0.615844;0.289183;0.999715 -0.00753029 0.022676 -0.272424 0.00929834 0.996839 -0.0789029 -0.239402 -0.0220102 0.0790912 0.996624 3.29438 0 0 0 1 
25528382210207;2.70191;2.49373;0.998633 -0.00599935 0.0519236 -0.0436665 0.0102975 0.996504 -0.0829117 -0.16142 -0.0512447 0.0833331 0.995203 1.3684 0 0 0 1 
25528382210208;0.254784;0.244498;0.998412 0.00616277 -0.0559916 0.014285 -0.00453856 0.999567 0.0290891 0.0529023 0.0561466 -0.0287888 0.998007 -0.492641 0 0 0 1 
25528382210209;0.401221;0.371709;0.999875 0.00508164 -0.0150024 0.123511 -0.00449483 0.999233 0.0388927 0.00518086 0.0151885 -0.0388203 0.999131 -1.29396 0 0 0 1 
25528382210210;3.26762;2.72441;0.998372 0.054541 0.0167165 2.36416 -0.0569096 0.932075 0.357768 -2.62832 0.00393204 -0.358137 0.933661 -15.5074 0 0 0 1 
25528382210211;2.11433;0.898289;0.999142 0.0259523 0.0322812 0.961573 -0.0312112 0.984098 0.174864 -0.289755 -0.0272297 -0.175721 0.984063 -5.6761 0 0 0 1 
25528382210212;0.939666;0.443855;0.982311 -0.000322271 0.187256 0.323828 0.0339812 0.983702 -0.176566 -0.752807 -0.184147 0.179806 0.966312 4.09797 0 0 0 1 
25528382210213;1.20317;1.04193;0.996459 -0.00134949 0.0840654 0.106068 -0.00638836 0.995765 0.0917085 0.150858 -0.0838331 -0.0919208 0.992231 -4.48202 0 0 0 1 
25528382210214;2.77469;1.05485;0.986251 0.016634 0.164416 0.946538 0.0174715 0.97885 -0.203833 -1.39471 -0.164329 0.203903 0.965101 8.18893 0 0 0 1 
25528382210215;2.52413;2.38479;0.99943 0.0282556 -0.0184907 1.05556 -0.0235076 0.975279 0.219723 -0.637687 0.024242 -0.219163 0.975387 -8.95632 0 0 0 1 
25528382210217;1.06109;1.04388;0.972493 -0.00948858 -0.232738 -0.990619 -0.000367896 0.999106 -0.0422702 -0.111931 0.232931 0.0411931 0.97162 4.43819 0 0 0 1 
25528382210218;0.551084;0.502242;0.999899 0.0132441 0.0051919 1.20574 -0.0135469 0.997894 0.0634324 -0.271463 -0.00434087 -0.0634964 0.997973 -5.53662 0 0 0 1 
25528382210219;0.422673;0.400201;0.977619 0.00307448 0.210359 0.325129 -0.0104253 0.999373 0.0338442 -0.113933 -0.210123 -0.0352798 0.977038 -3.97095 0 0 0 1 
25528382210220;1.03905;0.904631;0.961518 0.0583359 -0.268477 5.13391 -0.0197141 0.989328 0.144362 -1.05137 0.274033 -0.133514 0.952407 -11.286 0 0 0 1 
25528382210221;1.31298;0.631218;0.997767 -0.0123699 -0.0656338 -1.35002 0.00327084 0.99057 -0.136968 -1.15385 0.0667091 0.136447 0.988399 13.9573 0 0 0 1 
25528382210222;1.56771;1.21163;0.983393 0.0390321 -0.177243 3.8253 -0.0241941 0.996077 0.0851188 -0.504455 0.17987 -0.079417 0.980479 -7.68332 0 0 0 1 
25528382210223;0.395381;0.329013;0.998957 0.00717362 -0.0451031 0.580138 -0.00521018 0.99904 0.0435 -0.0289886 0.0453718 -0.0432196 0.998035 -3.54529 0 0 0 1 
25528382210224;1.45898;1.18886;0.995539 0.005563 -0.0941904 0.188748 -0.00418223 0.999881 0.0148505 -0.0264232 0.0942618 -0.0143903 0.995443 0.0828495 0 0 0 1 
25528382210225;0.647882;0.387409;0.956328 0.0431296 -0.289095 3.31276 0.00113003 0.988501 0.151211 -0.867999 0.292293 -0.144934 0.945283 -11.306 0 0 0 1 
25528382210226;0.247807;0.265497;0.994561 0.0178142 -0.102618 1.54394 -0.015341 0.999574 0.02484 -0.133403 0.103017 -0.0231307 0.994411 -1.77999 0 0 0 1 
25528382210227;1.67052;0.462219;0.999841 -0.0053716 0.0169797 -0.772788 0.00531382 0.99998 0.00344599 0.0354397 -0.0169978 -0.00335521 0.99985 1.83213 0 0 0 1 
25528382210228;0.941077;0.331408;0.999829 -0.00631807 -0.017378 -0.265464 0.00525768 0.99816 -0.0604016 -0.133539 0.0177277 0.0602999 0.998023 3.96118 0 0 0 1 
25528382210229;1.84373;1.83956;0.99946 -0.0127628 -0.0302836 -1.19664 0.0108272 0.99794 -0.0632407 -0.180118 0.0310283 0.0628786 0.997539 5.86441 0 0 0 1 
25528382210230;0.815476;0.751751;0.999981 -0.0016366 -0.00596558 -0.216962 0.00157734 0.99995 -0.00992399 -0.0370637 0.00598152 0.00991439 0.999933 1.20878 0 0 0 1 
25528382210231;0.945073;0.489073;0.999926 0.00495981 -0.0111407 0.309128 -0.00506182 0.999945 -0.00914705 -0.0930236 0.0110948 0.00920276 0.999896 1.9083 0 0 0 1 
25528382210232;0.385786;0.355544;0.99477 0.00710654 0.101888 0.719782 -0.0161315 0.995987 0.0880289 -0.43028 -0.100854 -0.0892121 0.990893 -8.89153 0 0 0 1 
25528382210233;0.215723;0.167373;0.998807 0.0434983 0.0222133 3.94249 -0.0483604 0.944467 0.325028 -5.01108 -0.00684161 -0.325714 0.945444 -29.3872 0 0 0 1 
25528382210234;1.80049;1.31411;0.999842 -0.0150214 -0.00955175 -1.05484 0.0143872 0.99789 -0.0633092 0.0584112 0.0104826 0.0631617 0.997948 3.86918 0 0 0 1 
25528382210235;1.841;1.85033;0.982606 0.00423176 0.185656 0.399128 -0.0411738 0.979822 0.195583 -1.79452 -0.181082 -0.199826 0.962953 -18.162 0 0 0 1 
25528382210236;0.783834;0.528699;0.993203 -0.00168422 0.116381 -0.0984286 -0.00441969 0.998628 0.0521697 -0.101151 -0.116309 -0.0523295 0.991834 -4.50774 0 0 0 1 
25528382210237;0.646121;0.517394;0.996232 -0.00378817 -0.0866507 -0.242944 0.00327384 0.999976 -0.00607699 0.0038762 0.0866716 0.0057704 0.99622 0.0709125 0 0 0 1 
25528382210238;0.978297;0.772728;0.99407 -0.014874 0.107724 -1.33203 0.0277128 0.992545 -0.118686 -0.66869 -0.105156 0.120967 0.987071 10.9133 0 0 0 1 
25528382210239;1.51578;0.242806;0.995349 -0.0184076 0.0945622 -1.78615 0.0240547 0.997972 -0.0589304 -0.280559 -0.0932857 0.0609309 0.993773 7.1337 0 0 0 1 
25528382210240;0.466545;0.454173;0.999758 0.0153513 0.0157677 1.38635 -0.0178518 0.98473 0.173173 -1.33344 -0.0128685 -0.173413 0.984765 -15.6724 0 0 0 1 
25528382210241;1.93577;1.83306;0.98894 0.0158314 0.14747 1.52093 -0.0366657 0.989522 0.139652 -0.92901 -0.143714 -0.143515 0.979158 -13.4704 0 0 0 1 
25528382210242;0.86252;0.495275;0.996196 -0.0181784 0.0852244 -1.6674 0.0351263 0.978793 -0.201818 -1.95053 -0.0797483 0.204044 0.975708 18.6377 0 0 0 1 
25528382210243;0.905546;0.291854;0.96967 -0.00777136 0.244293 -0.613039 -0.00446524 0.998764 0.0494961 -0.0632465 -0.244376 -0.0490858 0.968437 -4.44353 0 0 0 1 
25528382210244;0.219604;0.277865;0.999827 -0.00267561 -0.0184325 -0.172675 0.00232096 0.999812 -0.019235 -0.0138661 0.0184805 0.0191889 0.999645 1.60314 0 0 0 1 
25528382210245;0.165948;0.156334;0.980347 -0.00879697 0.197082 -0.685586 0.00574252 0.999854 0.0160645 0.0201357 -0.197195 -0.014617 0.980255 -2.55431 0 0 0 1 
25528382210246;1.5805;1.44403;0.99883 0.00260239 0.0482868 0.177853 -0.00328203 0.999897 0.0140012 -0.031191 -0.0482453 -0.0141433 0.998735 -0.496357 0 0 0 1 
25528382210248;1.80404;1.62221;0.999447 -0.00523463 0.0328456 -0.198012 0.00893649 0.993487 -0.113592 -0.477453 -0.0320371 0.113823 0.992984 5.73633 0 0 0 1 
25528382210249;2.65063;0.719427;0.999327 -0.0108976 0.0350257 -0.499277 0.0104984 0.999878 0.0115622 0.126747 -0.0351474 -0.0111867 0.99932 -3.54412 0 0 0 1 
25528382210250;0.988386;0.274331;0.988941 -0.0232928 -0.146471 -1.55077 0.0142643 0.99795 -0.0623913 -0.254137 0.147624 0.059612 0.987245 3.87428 0 0 0 1 
25528382210251;1.96971;0.988201;0.999287 -0.00124923 -0.0377383 0.138476 0.00254104 0.999412 0.0342023 0.0182114 0.0376734 -0.0342738 0.998702 -4.03635 0 0 0 1 
25528382210252;1.48555;1.40712;0.999986 0.0052544 0.00117828 0.288663 -0.00525494 0.999986 0.000462818 -0.00529592 -0.00117583 -0.000469003 0.999999 0.30126 0 0 0 1 
25528382210253;1.51489;0.350075;0.999159 -0.00344418 0.0408521 -0.15203 0.00479874 0.99944 -0.033106 0.181899 -0.0407152 0.0332742 0.998617 0.229295 0 0 0 1 
25528382210254;2.5409;2.11988;0.999186 0.0192377 0.0354486 1.32484 -0.0238805 0.990477 0.135592 -0.390899 -0.0325026 -0.136328 0.99013 -9.38439 0 0 0 1 
25528382210255;0.438009;0.178602;0.995582 -0.0121669 -0.0931002 -0.868241 0.00401248 0.996176 -0.0872782 -0.403825 0.0938061 0.0865191 0.991824 4.90734 0 0 0 1 
25528382210256;0.895108;0.533528;0.961632 0.0152503 0.273918 1.52514 0.0636123 0.958847 -0.276704 -3.09008 -0.266866 0.283512 0.921088 16.8307 0 0 0 1 
25528382210257;0.887196;0.816774;0.999296 0.000502938 0.0375103 0.178909 -0.000753357 0.999978 0.00666219 -0.0289355 -0.0375061 -0.00668576 0.999274 -0.601875 0 0 0 1 
25528382210258;2.46932;0.642777;0.999694 0.00519232 -0.0241955 0.604661 -0.00644485 0.998627 -0.0519799 0.170775 0.0238924 0.0521199 0.998355 0.073676 0 0 0 1 
