#;prob_registration_l1 -r /home/probabilistic_point_clouds_registration/build/tester /home/point_clouds_registration_benchmark//devel/registration_pairs/stairs_local.txt /home/point_clouds_registration_benchmark//eth/stairs -s 0.2 -t 0.2 -p 0.3 -r 1000 -m 1 -i 40 
id;initial_error;final_error;transformation
5494384560000;0.832403;0.632991;0.998986 0.0448374 -0.00411224 0.0604257 -0.0447261 0.99871 0.0240345 0.129356 0.00518458 -0.0238262 0.999703 0.36316 0 0 0 1 
5494384560001;0.315086;0.160842;0.930384 0.211514 -0.299412 1.30794 -0.209263 0.977043 0.0399555 1.65969 0.30099 0.025482 0.953287 -2.02068 0 0 0 1 
5494384560002;0.630491;0.540159;0.999669 -0.0184646 -0.0178978 0.0869415 0.0183303 0.999803 -0.00764092 -0.136109 0.0180354 0.00731033 0.999811 0.076621 0 0 0 1 
5494384560003;0.317466;0.221394;0.992601 -0.000335985 -0.121424 0.356709 0.0106297 0.996397 0.0841372 -0.399641 0.120958 -0.0848054 0.989028 -1.02765 0 0 0 1 
5494384560004;0.657978;0.0266419;0.998599 0.0479149 0.0224344 -0.215305 -0.0497316 0.994789 0.0890022 0.648569 -0.018053 -0.0899933 0.995779 0.634448 0 0 0 1 
5494384560005;0.751618;0.417725;0.99506 -0.089827 -0.0422602 -0.0475913 0.093531 0.99099 0.0958655 -1.39366 0.0332681 -0.0993446 0.994497 -0.330819 0 0 0 1 
5494384560006;0.696898;0.484356;0.980745 0.105361 -0.164434 0.449861 -0.123167 0.987118 -0.102114 1.10018 0.151557 0.120401 0.981088 -0.608631 0 0 0 1 
5494384560007;0.399045;0.170823;0.980383 -0.194432 -0.0323304 0.450931 0.195396 0.980268 0.0299082 -1.75278 0.0258773 -0.0356387 0.99903 -0.174629 0 0 0 1 
5494384560008;0.231215;0.0572658;0.975344 -0.194741 -0.103828 0.363672 0.182988 0.976622 -0.1128 -1.11864 0.123368 0.0910194 0.988178 -0.784097 0 0 0 1 
5494384560009;0.454804;0.0349808;0.991337 -0.0349182 -0.126614 0.617375 0.0371597 0.999191 0.0153838 -0.550355 0.125974 -0.0199554 0.991833 -0.587035 0 0 0 1 
5494384560010;0.83506;0.0447696;0.999985 -0.00251341 0.00492984 -0.0366986 0.00244527 0.999902 0.0137783 0.106788 -0.00496399 -0.0137661 0.999893 0.928148 0 0 0 1 
5494384560011;0.300381;0.0335203;0.995893 0.0597129 0.0680596 -0.23861 -0.0354971 0.949018 -0.313216 1.0052 -0.0832928 0.309514 0.94724 0.712494 0 0 0 1 
5494384560012;0.513405;0.100769;0.947805 0.0523958 -0.314517 1.08173 -0.0942881 0.988348 -0.119489 0.981569 0.304592 0.142908 0.941701 -1.72021 0 0 0 1 
5494384560013;0.592232;0.423381;0.995487 -0.00146195 -0.0948828 0.358361 -0.0052948 0.997468 -0.0709206 0.38674 0.0947462 0.071103 0.992959 -0.634496 0 0 0 1 
5494384560014;0.784839;0.220076;0.970259 0.0765294 0.229652 0.133454 -0.119589 0.976392 0.17988 0.439463 -0.210464 -0.201994 0.956506 2.0473 0 0 0 1 
5494384560015;1.02961;0.242538;0.987251 0.154033 -0.0401165 -0.12778 -0.159048 0.944736 -0.286667 2.43416 -0.00625654 0.289393 0.95719 0.871868 0 0 0 1 
5494384560016;0.692498;0.0689589;0.991616 0.121571 -0.0437911 0.133192 -0.128382 0.888417 -0.44072 2.61773 -0.0146741 0.442647 0.896576 -0.00111646 0 0 0 1 
5494384560017;0.125802;0.034355;0.999981 0.00166695 -0.00589357 0.0358735 -0.00151856 0.999684 0.0250937 -0.107548 0.00593354 -0.0250843 0.999668 0.0577771 0 0 0 1 
5494384560018;0.697368;0.497953;0.998163 0.0296282 -0.052854 0.146997 -0.0408943 0.973077 -0.226825 1.05322 0.0447106 0.22857 0.9725 0.169 0 0 0 1 
5494384560019;0.372102;0.162777;0.985803 0.145385 0.0839996 -0.00938931 -0.154377 0.981539 0.112914 0.971831 -0.0660328 -0.124279 0.990048 0.259392 0 0 0 1 
5494384560020;0.725979;0.0750377;0.95134 0.296437 0.0841293 0.0759864 -0.308136 0.913135 0.266903 2.11811 0.00229849 -0.279838 0.960044 0.620863 0 0 0 1 
5494384560021;0.810082;0.0361079;0.996004 0.0849527 -0.0275382 -0.228067 -0.084362 0.996193 0.0219462 0.607899 0.0292977 -0.0195354 0.99938 0.564611 0 0 0 1 
5494384560022;1.01164;0.0679789;0.893734 -0.27836 -0.351788 1.46038 0.309348 0.950343 0.0339325 -3.41149 0.324874 -0.139152 0.935465 -1.99119 0 0 0 1 
5494384560023;0.527542;0.0512553;0.982683 0.0802702 -0.167006 0.791575 -0.0807864 0.996725 0.00371118 0.568641 0.166757 0.00984494 0.985949 -1.7254 0 0 0 1 
5494384560024;0.419936;0.225773;0.993391 0.0800402 -0.082263 0.416553 -0.0817406 0.9965 -0.0175091 0.687851 0.0805737 0.0241176 0.996457 -0.828143 0 0 0 1 
5494384560025;0.495752;0.120223;0.959039 0.24361 -0.144565 0.781583 -0.245354 0.969416 0.00591984 2.0198 0.141586 0.0297922 0.989478 -0.61687 0 0 0 1 
5494384560026;0.350666;0.0531133;0.976284 0.0932975 0.19536 -0.245956 -0.037061 0.96108 -0.273773 0.922125 -0.213299 0.260039 0.941745 2.04439 0 0 0 1 
5494384560027;0.90423;0.55644;0.992767 0.052788 -0.10783 0.668434 -0.0331538 0.983767 0.176361 0.00628503 0.11539 -0.171511 0.978401 -0.75353 0 0 0 1 
5494384560028;0.914969;0.772765;0.998862 -0.0476895 0.000291275 -0.126868 0.0476895 0.998862 -0.000196668 -0.242744 -0.000281564 0.000210335 1 -0.065352 0 0 0 1 
5494384560029;0.844853;0.59466;0.999808 -0.000481958 0.0195801 0.00541202 0.000642368 0.999966 -0.00818705 -0.000433372 -0.0195755 0.00819806 0.999775 -0.448663 0 0 0 1 
5494384560031;0.314572;0.0601683;0.933852 -0.306113 -0.184973 0.515515 0.315045 0.94886 0.0202582 -1.24449 0.169312 -0.0771931 0.982535 -0.707122 0 0 0 1 
5494384560032;0.143255;0.138098;0.997567 0.0692275 0.00825259 0.164066 -0.0691042 0.997506 -0.0143904 0.149133 -0.00922822 0.0137851 0.999862 0.0398406 0 0 0 1 
5494384560033;0.256973;0.207495;0.999807 0.0143063 0.0134728 0.0519763 -0.0138448 0.999334 -0.0337528 0.0720274 -0.0139467 0.0335598 0.999339 0.0745262 0 0 0 1 
5494384560034;0.872658;0.0744269;0.977679 -0.200744 0.062017 0.204567 0.189951 0.970661 0.147431 -1.62667 -0.0897933 -0.13236 0.987126 -0.259018 0 0 0 1 
5494384560035;0.383527;0.0973251;0.998838 -0.0361072 0.0319287 0.0918277 0.0375779 0.9982 -0.0467301 0.302811 -0.030184 0.0478756 0.998397 0.270544 0 0 0 1 
5494384560036;0.699819;0.328803;0.986436 0.160688 -0.0335047 0.198187 -0.163347 0.981069 -0.104023 0.183846 0.0161553 0.108085 0.99401 0.490831 0 0 0 1 
5494384560037;0.785083;0.407415;0.976971 -0.0974951 0.189796 -0.304445 0.150668 0.945063 -0.290095 -0.175888 -0.151086 0.31201 0.937989 0.391175 0 0 0 1 
5494384560038;1.00964;0.0816554;0.928723 -0.370135 0.0217752 -0.778496 0.370472 0.928736 -0.0141233 -0.979092 -0.0149959 0.0211837 0.999663 -0.315707 0 0 0 1 
5494384560039;0.16472;0.189544;0.996671 -0.081154 -0.0077893 -0.167584 0.0811367 0.9967 -0.00250853 -0.247099 0.00796717 0.00186818 0.999967 -0.0198522 0 0 0 1 
5494384560040;0.656318;0.0294817;0.920656 0.32787 0.211884 0.607287 -0.320964 0.944703 -0.067219 0.788925 -0.222206 -0.00612152 0.97498 1.01741 0 0 0 1 
5494384560041;0.496934;0.166394;0.918899 -0.305717 0.249321 -0.0377034 0.306111 0.951229 0.0381919 -1.0823 -0.248837 0.0412254 0.967668 1.26092 0 0 0 1 
5494384560042;0.516103;0.342432;0.997061 -0.0688362 -0.0336351 -0.12462 0.0723999 0.990159 0.119767 -0.583725 0.0250598 -0.12185 0.992232 -0.285631 0 0 0 1 
5494384560043;0.0787389;0.0338562;0.999978 -0.000212771 -0.00668568 0.0158861 0.000285885 0.99994 0.0109369 -0.0712875 0.00668295 -0.0109386 0.999918 -0.0246414 0 0 0 1 
5494384560044;0.670233;0.437835;0.999734 0.0229088 0.00273383 0.261626 -0.0229361 0.999683 0.0104136 0.237441 -0.0024944 -0.0104735 0.999942 0.230323 0 0 0 1 
5494384560045;0.454928;0.136261;0.943057 -0.245056 0.224923 -0.316216 0.174838 0.940439 0.291557 -1.12211 -0.282974 -0.23563 0.929733 0.977304 0 0 0 1 
5494384560046;0.663952;0.166642;0.993235 0.0910478 -0.0720703 0.0645906 -0.0928112 0.995452 -0.021502 1.07856 0.0697848 0.0280455 0.997168 -0.290962 0 0 0 1 
5494384560047;0.60701;0.500716;0.999873 0.0151517 -0.00496207 -0.00532363 -0.0156247 0.99314 -0.115882 0.451565 0.00317223 0.115945 0.993251 0.0453537 0 0 0 1 
5494384560048;0.280379;0.246727;0.999983 -0.00364431 -0.00464305 0.014347 0.00367637 0.999969 0.00691567 -0.119608 0.0046177 -0.00693262 0.999965 -0.00184265 0 0 0 1 
5494384560049;0.480826;0.0615059;0.939511 0.300406 0.164548 0.521387 -0.296056 0.953811 -0.0509397 1.26598 -0.172251 -0.000857252 0.985053 0.636618 0 0 0 1 
5494384560050;0.519994;0.0792146;0.990908 0.122165 0.0563719 -0.181876 -0.119133 0.991391 -0.0543318 -0.0350707 -0.062524 0.047122 0.99693 0.288327 0 0 0 1 
5494384560051;0.245903;0.188926;0.999876 -0.0156784 -0.00169184 0.0188098 0.015695 0.999824 0.0102822 -0.230729 0.00153033 -0.0103075 0.999946 -0.0159731 0 0 0 1 
5494384560052;0.581213;0.0872005;0.962845 0.169485 0.210246 -0.261371 -0.1899 0.978465 0.0809011 0.116753 -0.192006 -0.117821 0.974296 0.532789 0 0 0 1 
5494384560053;0.543864;0.180341;0.980303 -0.192362 0.0447451 -0.180595 0.18617 0.975674 0.115762 -1.20634 -0.0659249 -0.105152 0.992269 -0.0385581 0 0 0 1 
5494384560054;0.812423;0.737019;0.99818 -0.0600459 0.00561261 -0.251725 0.0599845 0.998144 0.0105377 -0.477751 -0.00623493 -0.0101818 0.999929 -0.0221554 0 0 0 1 
5494384560055;0.804846;0.208734;0.932124 0.00533094 0.3621 0.266556 -0.027236 0.998092 0.0554172 0.569016 -0.361113 -0.0615178 0.930491 1.48596 0 0 0 1 
5494384560056;0.404608;0.0562752;0.9894 0.116129 0.087184 -0.160443 -0.115823 0.993233 -0.00857213 0.0282305 -0.0875895 -0.00161668 0.996155 0.202149 0 0 0 1 
5494384560057;0.241612;0.145866;0.983537 0.177346 -0.0346931 0.113998 -0.173623 0.980629 0.0906698 0.441208 0.0501009 -0.0831536 0.995277 -0.184738 0 0 0 1 
5494384560058;0.361634;0.0602097;0.99613 -0.075304 0.0453312 0.18532 0.0814923 0.984499 -0.155307 0.200871 -0.0329333 0.1584 0.986826 0.206822 0 0 0 1 
5494384560059;0.672349;0.556044;0.999206 -0.00361037 0.0396732 -0.125961 0.00237884 0.999515 0.0310453 -0.106672 -0.0397661 -0.0309263 0.99873 -0.00530697 0 0 0 1 
5494384560060;0.435775;0.22981;0.993126 -0.111763 -0.0347751 -0.121762 0.116231 0.976708 0.180368 -0.690501 0.0138066 -0.18317 0.982984 -0.150955 0 0 0 1 
5494384560062;0.821662;0.408494;0.982208 -0.0554702 -0.179418 0.455956 0.0473606 0.997667 -0.0491745 -0.39003 0.181727 0.0398022 0.982543 -1.36321 0 0 0 1 
5494384560063;1.2461;0.639726;0.990365 0.0508601 -0.128805 0.649776 -0.0512402 0.998686 0.000363737 0.388256 0.128654 0.00623973 0.99167 -1.13769 0 0 0 1 
5494384560064;0.351118;0.266482;0.994103 -0.108435 -0.000404908 -0.0282407 0.108377 0.993678 -0.0292894 -0.684491 0.00357835 0.0290728 0.999571 -0.0136661 0 0 0 1 
5494384560065;1.02628;0.255961;0.997328 0.00822873 0.0725891 -0.183074 -0.00884296 0.999928 0.0081444 -0.177611 -0.0725169 -0.00876454 0.997329 1.02642 0 0 0 1 
5494384560066;0.385602;0.342734;0.98736 0.118181 -0.105607 0.467632 -0.117027 0.992982 0.017082 0.57195 0.106884 -0.00450729 0.994261 -0.574279 0 0 0 1 
5494384560067;1.09812;0.257789;0.988185 -0.132155 0.0776235 -0.229201 0.143426 0.975915 -0.164373 -0.831169 -0.0540312 0.173564 0.983339 -0.141242 0 0 0 1 
5494384560068;0.284277;0.349824;0.999117 0.0412486 -0.00795765 0.0290359 -0.0408616 0.998202 0.0438433 0.30281 0.00975182 -0.0434795 0.999007 -0.0861188 0 0 0 1 
5494384560069;0.305684;0.18222;0.999442 0.0142132 -0.0302386 0.174114 -0.014687 0.999772 -0.0155062 0.145517 0.0300113 0.0159417 0.999422 -0.1485 0 0 0 1 
5494384560070;1.06788;0.648154;0.998802 0.0474775 -0.0118448 0.303846 -0.0453238 0.988862 0.141769 -0.0494824 0.0184437 -0.141062 0.989829 -0.519104 0 0 0 1 
5494384560071;0.199717;0.0827368;0.999957 -0.00317262 0.00869146 -0.0341723 0.00308913 0.999949 0.00960288 -0.0841538 -0.00872148 -0.00957562 0.999916 0.132342 0 0 0 1 
5494384560072;1.02349;0.42733;0.986075 0.0184257 -0.16528 0.602488 -0.0530468 0.976777 -0.207589 1.38576 0.157617 0.213466 0.964152 -0.663214 0 0 0 1 
5494384560073;0.123206;0.112578;0.999977 -0.00530801 0.00422355 -0.0179424 0.00530426 0.999986 0.00089833 -0.0317722 -0.00422825 -0.000875906 0.999991 0.0505269 0 0 0 1 
5494384560074;0.700296;0.643257;0.999956 -0.00228367 0.0091388 0.00441508 0.00176787 0.998426 0.0560559 -0.223625 -0.00925243 -0.0560372 0.998386 -0.181989 0 0 0 1 
5494384560075;0.186882;0.150276;0.999993 0.00367003 0.000668128 0.037144 -0.00367101 0.999992 0.00147456 0.0207966 -0.000662711 -0.001477 0.999999 -0.0116862 0 0 0 1 
5494384560076;1.00141;0.0614745;0.994561 -0.0726863 0.0745959 -0.31213 0.0714668 0.997264 0.0188925 -0.388316 -0.075765 -0.0134587 0.997035 1.20952 0 0 0 1 
5494384560077;0.605922;0.229978;0.95211 -0.0960311 -0.290285 1.16882 0.110961 0.993195 0.0353779 -0.815364 0.284912 -0.065894 0.956286 -1.95634 0 0 0 1 
5494384560078;0.686652;0.354363;0.989323 -0.142299 -0.0314703 0.159358 0.128607 0.954012 -0.270779 -0.0877134 0.0685546 0.26384 0.962127 0.195403 0 0 0 1 
5494384560079;0.330281;0.317417;0.997631 0.0492184 -0.0480708 0.207912 -0.0459133 0.996656 0.0675945 0.0215957 0.0512369 -0.0652273 0.996554 -0.318552 0 0 0 1 
5494384560080;0.779401;0.580184;0.980281 0.151489 -0.126886 0.779396 -0.136081 0.983106 0.122409 0.527035 0.143286 -0.102729 0.984335 -0.798465 0 0 0 1 
5494384560081;0.603531;0.109338;0.995342 0.0885696 -0.0380859 0.31535 -0.0925667 0.988366 -0.12068 1.15126 0.0269542 0.123643 0.991961 0.206602 0 0 0 1 
5494384560082;0.617118;0.273241;0.943761 -0.0343761 -0.328837 1.17809 0.0318883 0.999407 -0.0129571 0.102734 0.329088 0.00174236 0.944298 -2.12725 0 0 0 1 
5494384560083;0.290683;0.21629;0.987673 0.104631 0.116423 -0.162081 -0.0991362 0.993712 -0.0520401 0.855946 -0.121136 0.0398568 0.991835 0.75126 0 0 0 1 
5494384560084;0.175327;0.215021;0.991079 -0.0926933 -0.0957599 0.204304 0.0887779 0.995062 -0.0443786 -0.56298 0.0994007 0.0354813 0.994415 -0.604315 0 0 0 1 
5494384560085;0.943472;0.447367;0.998317 -0.057949 -0.00227775 -0.040031 0.0579151 0.998238 -0.0128823 -0.714328 0.00302026 0.0127287 0.999914 0.598648 0 0 0 1 
5494384560086;0.821732;0.179601;0.997496 -0.0276891 0.0650835 -0.348102 0.0254193 0.999048 0.0354478 -0.479984 -0.0660031 -0.0337046 0.99725 0.784475 0 0 0 1 
5494384560087;0.12902;0.103;0.999994 0.00173173 -0.00283036 -0.0393229 -0.00173173 0.999999 2.8462e-06 0.0143654 0.00283036 2.05523e-06 0.999996 -0.0242421 0 0 0 1 
5494384560088;1.25698;0.472941;0.909417 0.0338476 -0.414505 1.59058 0.00122105 0.996461 0.0840478 -0.833108 0.415883 -0.0769407 0.906157 -2.391 0 0 0 1 
5494384560089;1.3654;0.880417;0.996209 0.0320029 0.0808909 -0.123342 -0.0350655 0.99871 0.0367272 0.225536 -0.0796112 -0.0394244 0.996046 -0.171449 0 0 0 1 
5494384560090;0.736364;0.266844;0.986101 -0.153188 -0.0643274 0.415035 0.12399 0.936221 -0.328812 0.227851 0.110595 0.316266 0.942202 -0.3714 0 0 0 1 
5494384560091;0.484121;0.463721;0.974398 -0.118868 -0.190839 0.411381 0.118178 0.992879 -0.015036 -0.736803 0.191267 -0.00790184 0.981506 -0.875461 0 0 0 1 
5494384560093;0.0553842;0.136027;0.999101 -0.0065527 -0.0418836 0.140148 0.00535234 0.999574 -0.0287076 0.116433 0.0420538 0.0284576 0.99871 -0.169844 0 0 0 1 
5494384560094;0.672056;0.112646;0.904848 -0.0599637 -0.421491 1.95559 0.128825 0.982182 0.136828 -1.16101 0.405777 -0.178107 0.89645 -2.14234 0 0 0 1 
5494384560095;0.854827;0.121631;0.919087 0.392514 -0.0348054 1.01572 -0.393484 0.918919 -0.0275296 2.33421 0.0211776 0.0389975 0.999015 0.352103 0 0 0 1 
5494384560096;0.268636;0.0915286;0.951267 -0.296257 -0.0855688 0.436412 0.282074 0.948106 -0.146728 -1.56387 0.124597 0.115441 0.985469 -0.781818 0 0 0 1 
5494384560097;0.745786;0.103945;0.999925 -0.00807856 -0.00920066 -0.211162 0.00851699 0.998779 0.0486549 -0.621305 0.00879637 -0.0487297 0.998773 0.26769 0 0 0 1 
5494384560098;0.365154;0.100411;0.9211 -0.356939 -0.155466 0.881984 0.365692 0.930222 0.0309164 -2.63429 0.133582 -0.0853296 0.987357 -0.840122 0 0 0 1 
5494384560099;0.345567;0.15445;0.996668 -0.04473 0.068213 -0.358051 0.0490155 0.99684 -0.0625023 0.0357516 -0.0652018 0.0656376 0.995711 0.532249 0 0 0 1 
5494384560100;0.37298;0.100031;0.942987 -0.232944 -0.237725 0.726009 0.23985 0.97081 0.000130803 -1.54634 0.230755 -0.0571418 0.971332 -1.29521 0 0 0 1 
5494384560101;0.595346;0.428502;0.998759 -0.00673849 0.0493487 -0.179856 0.012614 0.992726 -0.119736 0.13222 -0.0481829 0.12021 0.991578 0.667838 0 0 0 1 
5494384560102;0.240088;0.0720401;0.97041 -0.214624 0.110642 -0.15211 0.23144 0.957389 -0.172746 -1.15905 -0.0688521 0.193241 0.978733 0.657798 0 0 0 1 
5494384560103;0.65911;0.107694;0.999887 0.0139782 -0.00555832 0.0155634 -0.0139647 0.999899 0.00245748 -0.0248464 0.00559211 -0.00237959 0.999982 -0.473204 0 0 0 1 
5494384560104;0.317417;0.160066;0.990905 -0.1159 -0.0683659 0.195566 0.131465 0.942215 0.308135 -1.66119 0.0287024 -0.314321 0.948883 -0.029488 0 0 0 1 
5494384560105;0.561217;0.145391;0.963536 0.0590901 -0.260972 0.709708 -0.0942698 0.987743 -0.124406 1.02337 0.250423 0.144472 0.957296 -1.06232 0 0 0 1 
5494384560106;0.669368;0.608007;0.999456 -0.0249311 -0.021597 0.106917 0.0234814 0.997612 -0.0649596 -0.233818 0.0231649 0.0644171 0.997654 -0.192027 0 0 0 1 
5494384560107;0.196586;0.124191;0.98504 0.158098 -0.0685671 0.347254 -0.15358 0.985874 0.0668328 0.934887 0.0781646 -0.0553024 0.995405 -0.538717 0 0 0 1 
5494384560108;0.588165;0.126564;0.972201 0.207865 -0.107784 0.568815 -0.139146 0.883119 0.44804 -0.250482 0.188318 -0.420587 0.887493 -1.38734 0 0 0 1 
5494384560109;0.964218;0.106245;0.986887 0.113176 0.115091 -0.0104335 -0.12394 0.988098 0.0911138 0.868647 -0.103409 -0.104183 0.989167 1.49389 0 0 0 1 
5494384560110;0.522946;0.0639089;0.89573 -0.444505 -0.00912235 0.316507 0.444402 0.895755 -0.0113893 -3.1934 0.013234 0.00614776 0.999894 -0.0414788 0 0 0 1 
5494384560111;0.382633;0.143142;0.996506 0.00891582 0.08304 -0.343674 0.00119492 0.992662 -0.120919 0.395017 -0.0835087 0.120596 0.989183 0.492252 0 0 0 1 
5494384560112;1.20633;0.121394;0.970223 -0.237658 -0.0467507 -0.293673 0.236659 0.971246 -0.0259455 -1.08061 0.0515726 0.014109 0.99857 0.439682 0 0 0 1 
5494384560113;0.493118;0.0790508;0.987968 0.147926 -0.0451351 0.234226 -0.148666 0.988796 -0.0134752 1.03066 0.042636 0.0200231 0.99889 -0.60396 0 0 0 1 
5494384560114;0.011633;0.118674;0.999435 -0.00150321 -0.0335709 0.108247 0.00107841 0.999919 -0.0126685 0.0617838 0.0335872 0.0126251 0.999356 -0.128836 0 0 0 1 
5494384560115;0.837027;0.112616;0.952925 -0.102197 -0.285463 0.638308 0.165424 0.964252 0.207008 -2.05439 0.254102 -0.244486 0.935766 -1.30134 0 0 0 1 
5494384560116;0.753813;0.136502;0.996411 -0.0441919 -0.0721913 -0.320532 0.0460158 0.998657 0.0237993 -0.286875 0.0710426 -0.0270359 0.997107 -0.646035 0 0 0 1 
5494384560117;0.39392;0.179519;0.964633 0.263528 0.00606291 0.33616 -0.263524 0.964652 -0.00136799 1.92626 -0.0062091 -0.000278122 0.999981 0.388024 0 0 0 1 
5494384560118;0.486867;0.146754;0.997135 0.0753256 0.00689798 0.199055 -0.0672195 0.924246 -0.375834 1.40431 -0.0346853 0.374293 0.926661 0.36572 0 0 0 1 
5494384560119;0.307339;0.117726;0.950718 0.309809 -0.0123991 0.461192 -0.298258 0.924734 0.23645 1.43374 0.0847202 -0.221099 0.971564 -0.484259 0 0 0 1 
5494384560120;1.07013;0.0959051;0.965302 -0.232274 -0.119338 0.492686 0.214259 0.965723 -0.146537 -0.96089 0.149284 0.115883 0.98198 -1.68468 0 0 0 1 
5494384560121;0.937742;0.122105;0.88981 0.409334 -0.201703 1.02215 -0.415783 0.909394 0.0112936 2.16046 0.18805 0.0738155 0.979382 -1.23781 0 0 0 1 
5494384560122;0.448809;0.161794;0.918507 0.34951 0.184899 0.112399 -0.348895 0.936433 -0.0369443 2.6766 -0.186058 -0.0305768 0.982063 1.48966 0 0 0 1 
5494384560124;0.180601;0.106055;0.994318 -0.0632572 0.0856171 -0.278976 0.0529471 0.99163 0.117752 -0.323277 -0.0923492 -0.11255 0.989345 0.37072 0 0 0 1 
5494384560125;0.336264;0.0683218;0.952466 -0.182767 0.243732 -0.471782 0.211327 0.972642 -0.0964788 -0.762556 -0.219431 0.1434 0.965032 0.937778 0 0 0 1 
5494384560126;0.158937;0.0858047;0.996859 0.0633232 0.0475533 -0.282874 -0.0631098 0.997989 -0.00597643 0.201039 -0.0478361 0.00295658 0.998851 0.1848 0 0 0 1 
5494384560127;0.459182;0.118167;0.994461 -0.0937573 -0.0475069 0.367646 0.0914538 0.994625 -0.0485422 0.0946228 0.0518028 0.0439287 0.997691 -0.189304 0 0 0 1 
5494384560128;0.768681;0.0879233;0.964519 -0.136543 0.225962 -0.699195 0.213488 0.906898 -0.363262 0.0943695 -0.155324 0.398614 0.90387 0.384233 0 0 0 1 
5494384560129;0.8631;0.536336;0.981702 0.047646 0.184368 -0.721297 -0.0280099 0.993791 -0.107681 0.0357786 -0.188353 0.100546 0.976941 0.820325 0 0 0 1 
5494384560130;0.294138;0.0824772;0.994661 -0.101972 -0.01588 0.186844 0.103161 0.986711 0.125536 -0.64847 0.00286785 -0.126504 0.991962 -0.187176 0 0 0 1 
5494384560131;0.331415;0.260714;0.999586 -0.0287799 5.18952e-05 -0.0956151 0.0287774 0.999472 -0.0150606 -0.0287513 0.000381573 0.0150558 0.999887 0.101089 0 0 0 1 
5494384560132;0.299743;0.164047;0.958402 -0.0102497 -0.285237 0.570173 0.0981394 0.950256 0.295604 -0.971437 0.268019 -0.3113 0.911734 -1.18084 0 0 0 1 
5494384560133;0.275606;0.248171;0.986675 0.0825293 -0.140219 0.326383 -0.063136 0.988483 0.137529 0.0387049 0.149954 -0.126844 0.980523 -0.78063 0 0 0 1 
5494384560134;0.715759;0.275467;0.978991 0.202612 -0.0229027 0.12693 -0.202322 0.979213 0.0143832 0.896773 0.0253408 -0.00944733 0.999634 0.369476 0 0 0 1 
5494384560135;0.221863;0.0655493;0.968525 0.23328 0.0868331 -0.0126585 -0.23818 0.969881 0.0510098 0.994263 -0.0723182 -0.0700861 0.994916 0.29003 0 0 0 1 
5494384560136;0.513605;0.0667023;0.979395 0.201895 0.00480527 -0.312675 -0.201917 0.979392 0.00462717 1.14264 -0.00377204 -0.00550209 0.999978 -0.199649 0 0 0 1 
5494384560137;0.0725673;0.0678938;0.999988 0.00120185 -0.00482808 -0.0553591 -0.00116202 0.999965 0.00824442 0.00197752 0.00483782 -0.00823871 0.999954 0.0279342 0 0 0 1 
5494384560138;0.458946;0.404795;0.999929 -0.00351868 -0.0113892 -0.0427024 0.00325725 0.999733 -0.0228918 0.0392001 0.0114667 0.0228531 0.999673 0.0331278 0 0 0 1 
5494384560139;0.373858;0.112173;0.985532 0.125965 0.113403 -0.0113974 -0.124592 0.992023 -0.0191434 0.222565 -0.114909 0.00473734 0.993365 0.408512 0 0 0 1 
5494384560140;0.407687;0.0917414;0.939664 0.316972 -0.128684 0.313589 -0.290153 0.937717 0.191045 0.854764 0.181225 -0.14218 0.97311 -0.486406 0 0 0 1 
5494384560141;0.827786;0.335842;0.998889 -0.00257496 0.0470609 -0.252529 0.00380538 0.999653 -0.0260744 0.209388 -0.0469774 0.0262245 0.998552 0.767391 0 0 0 1 
5494384560142;0.791925;0.0900916;0.997977 -0.0140269 0.0620039 -0.854539 0.0137974 0.999896 0.00412724 -0.262936 -0.0620553 -0.0032634 0.998067 -0.292241 0 0 0 1 
5494384560143;0.413054;0.0851141;0.920837 0.318578 0.224874 -0.0287513 -0.330761 0.943548 0.0177124 1.14725 -0.206537 -0.0906898 0.974227 0.844166 0 0 0 1 
5494384560144;0.460909;0.186671;0.99716 0.0639531 -0.0397635 0.0192307 -0.0633165 0.997848 0.0170695 0.31842 0.0407695 -0.0145034 0.999063 0.166183 0 0 0 1 
5494384560145;0.514439;0.0903731;0.995752 -0.0549521 0.0738798 -0.344039 0.0360153 0.970903 0.236748 -0.0228842 -0.0847399 -0.233081 0.968758 0.385799 0 0 0 1 
5494384560146;0.876277;0.104649;0.969128 0.246557 0.000132288 0.918406 -0.246478 0.968807 0.0257152 0.736506 0.00621208 -0.0249539 0.999669 -0.612837 0 0 0 1 
5494384560147;0.0882485;0.0252066;0.991238 -0.00362647 -0.132036 0.28377 0.00308057 0.999986 -0.00433854 0.0196479 0.13205 0.00389378 0.991235 -0.541009 0 0 0 1 
5494384560148;0.565514;0.13159;0.9144 0.24616 0.321369 -0.00574543 -0.207317 0.966624 -0.150522 1.53308 -0.347696 0.071012 0.934914 1.50772 0 0 0 1 
5494384560149;0.651367;0.303479;0.995598 -0.0859859 0.0373082 -0.462099 0.0830075 0.993712 0.075136 -0.364332 -0.0435343 -0.0717083 0.996475 0.459613 0 0 0 1 
5494384560150;0.389377;0.18367;0.973477 -0.171962 0.1509 -0.366931 0.187383 0.977716 -0.0946509 -0.636439 -0.131261 0.120417 0.984007 0.716355 0 0 0 1 
5494384560151;0.428451;0.317974;0.97892 -0.200241 -0.0402332 -0.101409 0.198151 0.978866 -0.0505806 -0.418111 0.0495112 0.0415422 0.997909 -0.459345 0 0 0 1 
5494384560152;0.492131;0.250813;0.9779 -0.209031 -0.00411606 -0.178098 0.208322 0.972544 0.103729 -1.19333 -0.0176796 -0.102294 0.994597 -0.0372286 0 0 0 1 
5494384560153;0.585822;0.0412238;0.999797 0.000422715 -0.0201473 0.0239147 -0.00470753 0.977017 -0.21311 0.581598 0.0195941 0.213161 0.976821 -0.559536 0 0 0 1 
5494384560155;0.510199;0.0872229;0.997252 -0.0732768 0.0109503 0.0371677 0.0729405 0.99693 0.0284717 -0.0421612 -0.013003 -0.0275947 0.999535 0.452748 0 0 0 1 
5494384560156;0.606536;0.112302;0.999645 0.0253313 0.0082633 0.1656 -0.025589 0.999137 0.0327278 -0.119323 -0.00742713 -0.0329277 0.99943 -0.615774 0 0 0 1 
5494384560157;0.698949;0.075013;0.969481 -0.244685 -0.0153407 0.429094 0.245032 0.969116 0.0277983 -0.548879 0.00806507 -0.0307089 0.999496 0.470494 0 0 0 1 
5494384560158;0.932434;0.296348;0.971584 -0.0081156 0.236556 0.0109353 0.0435962 0.988449 -0.145148 -0.116145 -0.232645 0.151336 0.960715 1.36532 0 0 0 1 
5494384560159;0.588127;0.161842;0.948754 0.192418 0.250682 0.409679 -0.176066 0.980586 -0.0863227 0.0208372 -0.262425 0.0377624 0.964213 0.825968 0 0 0 1 
5494384560160;0.813406;0.217834;0.959868 0.114859 -0.255854 1.04065 -0.0830554 0.987784 0.131847 -0.029262 0.267873 -0.105306 0.957682 -0.823756 0 0 0 1 
5494384560161;0.869163;0.172035;0.997492 0.0641971 -0.0298079 0.369873 -0.0621939 0.996019 0.0638629 -0.953548 0.033789 -0.0618488 0.997513 -0.148036 0 0 0 1 
5494384560162;0.520155;0.0760165;0.995137 -0.0484323 -0.0857737 0.0420329 0.065993 0.974267 0.215522 -0.109206 0.0731282 -0.220134 0.972725 0.298424 0 0 0 1 
5494384560163;0.884248;0.480376;0.94616 0.323644 -0.00599647 1.06297 -0.323505 0.944783 -0.0522396 0.340499 -0.0112417 0.0513669 0.998617 0.147659 0 0 0 1 
5494384560164;0.069281;0.0450129;0.999755 -0.0137598 -0.0173167 0.0519735 0.0139519 0.999842 0.0110233 -0.100775 0.0171623 -0.0112622 0.999789 -0.00584784 0 0 0 1 
5494384560165;0.359877;0.275207;0.925366 0.34013 0.167362 0.0998685 -0.339913 0.939951 -0.0308403 0.22112 -0.167802 -0.0283499 0.985413 0.274421 0 0 0 1 
5494384560166;0.617506;0.222481;0.957985 0.0327872 -0.284936 0.699833 -0.0192755 0.998558 0.0500965 -0.173236 0.286168 -0.0424994 0.957236 0.0215801 0 0 0 1 
5494384560167;0.359577;0.103273;0.953689 -0.172391 0.246492 -0.0382714 0.230719 0.945023 -0.231734 -0.269984 -0.192992 0.277872 0.941032 0.304312 0 0 0 1 
5494384560168;0.367236;0.193713;0.945134 0.240053 0.221577 0.151423 -0.260796 0.962909 0.0692172 -0.0405984 -0.196743 -0.123206 0.972683 0.279322 0 0 0 1 
5494384560169;0.299703;0.235797;0.99709 0.0466009 -0.0603333 0.163401 -0.0353038 0.983694 0.176352 -0.511204 0.0675677 -0.173709 0.982476 -0.0117084 0 0 0 1 
5494384560170;0.388752;0.134969;0.999844 0.015136 -0.00905387 0.443759 -0.0149568 0.999697 0.0195418 0.159236 0.00934691 -0.0194034 0.999768 -0.0795922 0 0 0 1 
5494384560171;0.436725;0.125988;0.9996 -0.00309745 0.0281038 0.34275 -0.0022775 0.98193 0.18923 -0.259306 -0.0281821 -0.189218 0.981531 -0.323899 0 0 0 1 
5494384560172;0.743415;0.267912;0.989788 0.141929 -0.0132726 0.869699 -0.141773 0.989827 0.0119869 0.109477 0.0148389 -0.00998277 0.99984 0.12756 0 0 0 1 
5494384560173;0.766137;0.1822;0.995374 0.0922531 0.0268334 0.381299 -0.0954296 0.916976 0.38736 0.059439 0.0111296 -0.388129 0.921538 -0.643336 0 0 0 1 
5494384560174;0.152675;0.0629864;0.993989 -0.0854576 -0.0684311 -0.0654416 0.0885246 0.995141 0.0431108 -0.213459 0.0644144 -0.0489095 0.996724 -0.0946548 0 0 0 1 
5494384560175;0.731473;0.217101;0.996504 0.0474031 -0.0687888 0.377667 -0.0605999 0.976959 -0.204643 0.307536 0.0575031 0.208097 0.976417 -0.66796 0 0 0 1 
5494384560176;0.458408;0.132999;0.906384 0.0831068 0.414199 -0.0904536 -0.164432 0.972543 0.164689 0.304181 -0.38914 -0.217379 0.895163 0.473963 0 0 0 1 
5494384560177;0.329052;0.245753;0.974156 -0.0511527 -0.220007 0.289179 0.0252894 0.992595 -0.118806 -0.127918 0.224455 0.110171 0.968237 -0.0797212 0 0 0 1 
5494384560178;0.128329;0.1106;0.994911 0.0543342 -0.0848539 0.0703668 -0.0430678 0.99066 0.129377 -0.153825 0.0910909 -0.125064 0.987958 -0.149157 0 0 0 1 
5494384560179;0.884119;0.171363;0.94292 -0.225563 0.244997 -0.222148 0.224654 0.973912 0.0320297 -0.852118 -0.24583 0.0248382 0.968995 -0.381011 0 0 0 1 
5494384560180;0.395688;0.111806;0.998734 -0.0474065 -0.016808 -0.164156 0.0475973 0.998804 0.0111391 0.0855293 0.0162598 -0.011925 0.999797 -0.247919 0 0 0 1 
5494384560181;0.929561;0.141901;0.971631 -0.236426 -0.00597855 -0.639117 0.236216 0.971391 -0.0245307 -0.711306 0.0116072 0.0224225 0.999681 -0.648981 0 0 0 1 
5494384560182;0.699324;0.157069;0.952213 -0.228067 0.203167 -0.309681 0.262828 0.950694 -0.164627 -0.668174 -0.155604 0.210158 0.965205 -0.204462 0 0 0 1 
5494384560183;0.638253;0.218453;0.915774 -0.116736 0.384356 -0.356763 0.0901837 0.992165 0.0864662 -0.493883 -0.391438 -0.0445208 0.919127 1.10023 0 0 0 1 
5494384560184;0.208766;0.50222;0.988227 0.151154 -0.0236643 0.25625 -0.150979 0.988496 0.00905247 -0.273684 0.0247604 -0.00537309 0.999679 -0.132176 0 0 0 1 
5494384560186;0.36111;0.0872737;0.999679 -0.00462092 0.0249029 -0.0533178 0.00516083 0.999752 -0.0216602 0.259468 -0.0247966 0.0217818 0.999455 0.388158 0 0 0 1 
5494384560187;0.496451;0.121184;0.974609 0.203988 -0.0923338 0.686694 -0.168572 0.939863 0.297054 0.163645 0.147377 -0.273947 0.950386 -0.751688 0 0 0 1 
5494384560188;0.447898;0.0568909;0.955846 -0.284307 0.0743537 -0.27016 0.263234 0.940822 0.213451 -1.4189 -0.130639 -0.184454 0.97412 0.304654 0 0 0 1 
5494384560189;0.616026;0.11392;0.964795 -0.191724 -0.180035 0.44985 0.188534 0.981449 -0.0348283 -0.173579 0.183372 -0.000340539 0.983043 -0.470586 0 0 0 1 
5494384560190;0.219844;0.107615;0.989854 -0.138001 -0.0338299 -0.176454 0.138755 0.990104 0.0210176 -0.487941 0.0305946 -0.0254984 0.999207 -0.167248 0 0 0 1 
5494384560191;0.269957;0.050237;0.978807 0.204654 0.00731694 0.333479 -0.204727 0.978755 0.0112377 0.808021 -0.00486166 -0.0124975 0.99991 0.00850272 0 0 0 1 
5494384560192;0.563983;0.276573;0.998625 0.0505031 0.014038 -0.336949 -0.0522913 0.97842 0.199898 0.25801 -0.00363955 -0.200357 0.979716 0.562025 0 0 0 1 
5494384560193;0.714742;0.278767;0.987392 -0.146527 -0.0598948 0.388528 0.138519 0.982928 -0.121099 -1.04641 0.0766165 0.111275 0.990832 -0.598173 0 0 0 1 
5494384560194;0.621903;0.135613;0.990207 -0.136902 0.0273407 -0.227753 0.138138 0.989147 -0.0500599 -0.548437 -0.0201906 0.0533464 0.998372 0.675455 0 0 0 1 
5494384560195;0.355585;0.0531414;0.969644 -0.238911 0.0520856 -0.255074 0.237937 0.970978 0.0242446 -0.948692 -0.0563663 -0.0111155 0.998348 0.417337 0 0 0 1 
5494384560196;0.150749;0.0644016;0.999507 0.030861 0.00569626 0.00628066 -0.0311181 0.998133 0.0525515 -0.0700267 -0.00406383 -0.0527029 0.998602 0.0966113 0 0 0 1 
5494384560197;0.514288;0.0924907;0.926647 -0.356677 -0.118771 0.53928 0.367836 0.925466 0.0906099 -1.50036 0.0775997 -0.127652 0.988779 -0.0198399 0 0 0 1 
5494384560198;0.530599;0.269085;0.997175 -0.00643341 0.0748359 -0.389229 0.0223777 0.976527 -0.21423 -0.218877 -0.071701 0.215299 0.973912 0.131348 0 0 0 1 
5494384560199;0.148187;0.098748;0.999029 0.0418295 -0.013811 0.086632 -0.0420721 0.998957 -0.017766 0.189165 0.0130535 0.0183298 0.999747 -0.0285711 0 0 0 1 
5494384560200;0.674054;0.520457;0.999839 -0.00988726 0.0149469 -0.0429266 0.00899072 0.998223 0.0589031 -0.473097 -0.0155027 -0.0587593 0.998152 -0.246325 0 0 0 1 
5494384560201;0.851959;0.121628;0.979216 -0.153983 0.132006 0.0287808 0.115973 0.959045 0.258425 -0.87417 -0.166393 -0.237745 0.95697 -0.145455 0 0 0 1 
5494384560202;0.0584502;0.0508569;0.999947 -0.00393213 -0.00954557 0.0187109 0.00393748 0.999992 0.000541703 0.00183571 0.00954336 -0.00057926 0.999954 -0.0432313 0 0 0 1 
5494384560203;0.443983;0.0564222;0.996166 -0.0586394 0.0649178 -0.142908 0.0796871 0.914439 -0.396801 0.52175 -0.0360952 0.400453 0.915606 0.194503 0 0 0 1 
5494384560204;0.212563;0.0335364;0.999982 0.00519723 -0.00289862 0.0153919 -0.00517993 0.999969 0.00594474 -0.0123282 0.00292943 -0.00592962 0.999978 -0.233059 0 0 0 1 
5494384560205;0.664348;0.0573525;0.901584 -0.259715 0.345969 -0.196504 0.211758 0.962323 0.17057 -0.937514 -0.377233 -0.0805215 0.922611 2.29325 0 0 0 1 
5494384560206;0.578856;0.0902951;0.995768 -0.0587085 0.0707134 -0.116921 0.0583995 0.998273 0.00643078 -0.122608 -0.0709688 -0.00227394 0.997476 0.882917 0 0 0 1 
5494384560207;0.371227;0.0866598;0.990877 -0.00449381 0.134695 -0.380798 -0.0341845 0.958377 0.283451 -0.436541 -0.130362 -0.28547 0.94948 0.644948 0 0 0 1 
5494384560208;0.803964;0.232565;0.997967 0.0547088 0.0326908 0.0905219 -0.0561992 0.997333 0.0465586 0.313014 -0.0300564 -0.0483011 0.99838 0.782442 0 0 0 1 
5494384560209;0.402561;0.0787991;0.925872 -0.345453 -0.153047 0.340658 0.320974 0.932821 -0.163772 -1.00653 0.199341 0.102508 0.974554 -0.700842 0 0 0 1 
5494384560210;0.831689;0.135776;0.995666 0.0920957 0.0129592 -0.0159548 -0.086928 0.971084 -0.222348 1.39561 -0.0330618 0.220258 0.974881 -0.236146 0 0 0 1 
5494384560211;0.793568;0.297467;0.998981 -0.0224436 -0.0391656 0.698697 0.0209424 0.999046 -0.0383277 0.309584 0.0399884 0.0374684 0.998497 -0.191699 0 0 0 1 
5494384560212;0.459124;0.044813;0.999983 0.000651603 -0.00578435 0.228069 -0.000602253 0.999963 0.00852932 0.165066 0.00578969 -0.00852569 0.999947 0.386154 0 0 0 1 
5494384560213;0.436091;0.279602;0.997583 -0.0183057 -0.0670302 0.148359 0.00399339 0.978183 -0.207706 0.429944 0.06937 0.206936 0.975892 0.309021 0 0 0 1 
5494384560214;0.701608;0.0890852;0.999891 -0.0138574 -0.00514256 0.00518654 0.0134834 0.997678 -0.0667619 0.850601 0.00605577 0.0666853 0.997756 -0.211809 0 0 0 1 
5494384560215;0.568246;0.202068;0.980791 0.0376515 -0.191393 0.808902 0.0179411 0.959622 0.280719 -0.558836 0.194235 -0.278761 0.940513 -0.908325 0 0 0 1 
5494384560217;0.781012;0.598895;0.988618 0.149408 0.0176763 0.120688 -0.148118 0.98716 -0.0597998 0.727539 -0.0263839 0.0565009 0.998054 0.428465 0 0 0 1 
5494384560218;0.673342;0.0348054;0.873621 -0.135882 -0.467249 1.87087 0.180968 0.982073 0.0527577 -1.293 0.451704 -0.130647 0.88255 -1.86975 0 0 0 1 
5494384560219;0.333437;0.226732;0.981477 -0.171041 -0.0863062 0.0946791 0.174664 0.983959 0.0362879 -1.07033 0.0787151 -0.0506903 0.995608 -0.41318 0 0 0 1 
5494384560220;0.675306;0.0505601;0.95448 -0.195791 -0.22502 0.642551 0.158691 0.972106 -0.172704 -0.522872 0.252557 0.129134 0.958926 -0.664457 0 0 0 1 
5494384560221;0.374554;0.0400129;0.912115 0.405321 0.0613329 0.606832 -0.388001 0.901877 -0.189929 2.70284 -0.132297 0.14944 0.97988 0.970082 0 0 0 1 
5494384560222;1.07278;0.025244;0.971264 0.0833083 -0.22295 0.0529527 -0.125378 0.975318 -0.181758 1.83479 0.202305 0.204488 0.957736 -0.666796 0 0 0 1 
5494384560223;0.406435;0.0875871;0.960339 0.277137 0.0307272 0.11738 -0.27584 0.960346 -0.040594 1.60674 -0.0407588 0.0305082 0.998703 0.480221 0 0 0 1 
5494384560224;0.20751;0.166565;0.994503 -0.033547 0.0991857 -0.294045 0.0377341 0.998461 -0.0406438 -0.210123 -0.0976696 0.0441631 0.994239 0.699645 0 0 0 1 
5494384560225;0.828158;0.0565188;0.996376 0.000258422 -0.0850617 0.164141 0.00479171 0.998237 0.0591607 -0.0224461 0.084927 -0.0593539 0.994618 0.284352 0 0 0 1 
5494384560226;0.429538;0.0305969;0.883087 0.0573673 -0.465688 1.7414 0.0171368 0.987892 0.154193 -0.188269 0.468895 -0.144147 0.871412 -2.61844 0 0 0 1 
5494384560227;0.623994;0.142827;0.951092 -0.297911 0.0816865 -0.265236 0.287713 0.950566 0.116814 -1.58887 -0.112449 -0.0875987 0.989789 0.514652 0 0 0 1 
5494384560228;0.349478;0.0426248;0.969886 -0.182745 -0.161016 0.407011 0.214958 0.953091 0.213098 -1.51379 0.11452 -0.241293 0.963672 -0.686988 0 0 0 1 
5494384560229;0.390705;0.0455302;0.999236 0.0321084 -0.0222868 -0.0487563 -0.0325825 0.999243 -0.0212492 0.501442 0.0215876 0.0219591 0.999526 0.166387 0 0 0 1 
5494384560230;0.944473;0.134601;0.99625 0.0422407 0.0755133 -0.822841 -0.0450731 0.998327 0.0362055 0.241697 -0.0738577 -0.0394734 0.996487 -0.0179512 0 0 0 1 
5494384560231;0.749473;0.0953679;0.932665 -0.260047 0.250021 -0.732853 0.245374 0.965358 0.0887387 -1.53402 -0.264436 -0.0214147 0.964165 1.19591 0 0 0 1 
5494384560232;0.1939;0.162846;0.999151 -0.0388237 0.0137815 -0.0706801 0.0376965 0.996522 0.0743172 -0.398881 -0.0166188 -0.0737346 0.997139 0.113996 0 0 0 1 
5494384560233;0.634182;0.126251;0.953226 0.201231 0.225534 -0.233659 -0.26223 0.921657 0.28598 0.84936 -0.150317 -0.331745 0.931316 0.522367 0 0 0 1 
5494384560234;0.39885;0.102922;0.929114 -0.320046 -0.185252 0.769832 0.329723 0.943793 0.0231706 -2.03711 0.167424 -0.08261 0.982418 -1.16745 0 0 0 1 
5494384560235;0.0516956;0.074043;0.999966 0.00768427 0.00298167 -0.00745569 -0.00762309 0.999771 -0.0200139 0.13849 -0.00313478 0.0199905 0.999795 0.0411659 0 0 0 1 
5494384560236;0.391323;0.050067;0.988419 -0.151134 -0.0136168 0.0613886 0.150913 0.988417 -0.0160183 -0.460893 0.01588 0.0137779 0.999779 -0.0888975 0 0 0 1 
5494384560237;1.02921;0.579783;0.997876 0.000685575 0.0651442 -0.127562 0.0122787 0.980045 -0.198398 0.818006 -0.0639803 0.198777 0.977954 1.16036 0 0 0 1 
5494384560238;0.757061;0.0671588;0.973877 0.2185 -0.0618218 0.503677 -0.215451 0.975108 0.0523933 1.57123 0.0717309 -0.0377051 0.996711 -0.920746 0 0 0 1 
5494384560239;0.288361;0.05294;0.928489 0.239246 0.284023 -0.163978 -0.242993 0.969767 -0.0225201 1.48359 -0.280823 -0.0481058 0.958553 1.76118 0 0 0 1 
5494384560240;0.0978136;0.0516189;0.991365 0.0619117 -0.115594 0.374707 -0.0596568 0.997957 0.0228687 0.325048 0.116774 -0.0157753 0.993033 -0.668571 0 0 0 1 
5494384560241;0.673589;0.0705973;0.958498 0.269367 -0.0933948 0.382491 -0.282014 0.943869 -0.171985 2.57748 0.0418254 0.191186 0.980662 -0.0349244 0 0 0 1 
5494384560242;1.04802;0.0618736;0.981084 0.0878658 0.172492 -0.5686 -0.0624864 0.987099 -0.147415 1.28126 -0.183219 0.133848 0.973918 1.98456 0 0 0 1 
5494384560243;0.111566;0.0670243;0.999452 -0.0270721 -0.0190599 0.0328668 0.0267623 0.999509 -0.0163218 -0.0232729 0.0194924 0.0158028 0.999685 -0.136933 0 0 0 1 
5494384560244;1.00468;0.0562642;0.975282 -0.220326 0.0167918 0.35865 0.220571 0.975264 -0.0144662 -1.02685 -0.0131891 0.0178124 0.999754 -0.736481 0 0 0 1 
5494384560245;0.648612;0.0576045;0.989899 -0.125555 0.0658546 -0.193175 0.131304 0.987084 -0.0917816 -0.230929 -0.0534803 0.0995015 0.993599 0.920231 0 0 0 1 
5494384560246;0.310363;0.0615503;0.997886 -0.0134383 0.0635904 0.0014197 0.00445193 0.990226 0.139399 -0.263994 -0.0648422 -0.138821 0.988192 0.620206 0 0 0 1 
5494384560248;0.548689;0.0393642;0.962218 -0.271918 0.0140253 0.254949 0.270321 0.960196 0.0703531 -2.93595 -0.0325973 -0.0639037 0.997424 1.0584 0 0 0 1 
5494384560249;0.350307;0.018793;0.969278 0.215418 0.11872 -0.304648 -0.193988 0.966254 -0.169475 2.78527 -0.151222 0.141238 0.978358 1.23189 0 0 0 1 
5494384560250;0.482059;0.0205638;0.992709 0.0236191 0.118203 0.315666 -0.0136691 0.996347 -0.0842902 -0.0740237 -0.119762 0.0820599 0.989406 1.18909 0 0 0 1 
5494384560251;0.346948;0.00950625;0.953191 0.214032 0.213583 -0.432631 -0.231069 0.971208 0.0579821 2.11699 -0.195023 -0.10462 0.975203 2.43341 0 0 0 1 
5494384560252;0.590914;0.0118552;0.913819 -0.250206 -0.319892 2.00538 0.192189 0.960321 -0.202106 -1.98188 0.357767 0.123209 0.925647 -3.53876 0 0 0 1 
5494384560253;0.449485;0.016196;0.927237 -0.0186398 -0.374011 1.76879 -0.0293236 0.992079 -0.122141 1.1154 0.373325 0.124221 0.919346 -3.65193 0 0 0 1 
5494384560254;0.682288;0.0172396;0.946121 -0.321805 0.0360117 1.30432 0.313972 0.938886 0.14112 -3.6555 -0.079224 -0.12221 0.989337 1.71894 0 0 0 1 
5494384560255;0.468787;0.0158184;0.998457 -0.0271409 0.048443 -0.472807 0.0330671 0.991471 -0.12606 0.166963 -0.0446085 0.127467 0.990839 -0.394242 0 0 0 1 
5494384560256;0.445109;0.0148513;0.925046 0.340174 0.169032 -0.47871 -0.358068 0.929435 0.0890915 3.3246 -0.126798 -0.142939 0.981576 0.991497 0 0 0 1 
5494384560257;0.358958;0.017756;0.976286 -0.106198 0.188648 -0.473118 0.0794611 0.986375 0.14405 -1.15386 -0.201376 -0.125644 0.971422 2.51382 0 0 0 1 
5494384560258;0.299214;0.0153577;0.939384 -0.323792 0.112765 0.609419 0.340082 0.921752 -0.186328 -2.57593 -0.0436098 0.213383 0.975995 0.0786723 0 0 0 1 
5494384560259;0.232186;0.0126927;0.986824 -0.161211 -0.0137697 0.372348 0.161797 0.982938 0.0874863 -1.8954 -0.000568949 -0.0885615 0.996071 -0.132563 0 0 0 1 
