#;prob_registration_l1 -r /home/probabilistic_point_clouds_registration/build/tester /home/point_clouds_registration_benchmark//devel/registration_pairs/urban05_local.txt /home/point_clouds_registration_benchmark//kaist/urban05 -s 0.2 -t 0.2 -p 0.3 -r 1000 -m 1 -i 40 
id;initial_error;final_error;transformation
34562489690000;0.13992;0.582159;1 -1.44405e-07 2.16573e-07 -0.959094 1.44405e-07 1 4.2728e-08 4.06796 -2.16573e-07 -4.2728e-08 1 -0.239156 0 0 0 1 
34562489690001;0.182436;0.204578;1 -3.7679e-08 4.38413e-07 -0.31257 3.7679e-08 1 3.28246e-08 0.289018 -4.38413e-07 -3.28245e-08 1 -0.245226 0 0 0 1 
34562489690002;0.400034;0.962949;1 -1.64821e-08 -7.4282e-07 -0.609487 1.6482e-08 1 -2.79662e-08 -6.65999 7.4282e-07 2.79662e-08 1 0.11262 0 0 0 1 
34562489690003;0.381518;0.873303;0.999998 8.67744e-07 -0.00207151 -6.15827 -4.94412e-07 1 0.000180222 -5.33759 0.00207151 -0.000180221 0.999998 -4.20073 0 0 0 1 
34562489690004;0.467995;1.12805;1 -2.35624e-07 3.91433e-07 -1.59029 2.35624e-07 1 4.64586e-08 6.06011 -3.91433e-07 -4.64585e-08 1 -0.241272 0 0 0 1 
34562489690005;0.423309;0.702944;1 -1.50017e-07 7.21142e-07 -1.11816 1.50016e-07 1 6.79801e-08 2.50094 -7.21142e-07 -6.798e-08 1 -0.484329 0 0 0 1 
34562489690006;0.190415;0.801867;0.999976 9.37798e-07 0.00695143 7.19752 3.27693e-06 1 -0.0006063 -7.34773 -0.00695143 0.000606308 0.999976 3.93118 0 0 0 1 
34562489690007;0.167146;0.796314;1 -4.45012e-08 6.70151e-07 0.107782 4.45012e-08 1 4.00239e-09 6.20376 -6.70151e-07 -4.00236e-09 1 0.101428 0 0 0 1 
34562489690008;0.102809;0.100285;1 -1.20004e-08 -3.21923e-08 -0.074566 1.20004e-08 1 4.27112e-09 -0.002423 3.21923e-08 -4.27112e-09 1 -0.0290571 0 0 0 1 
34562489690009;0.0509686;0.668851;1 -0.000145381 -0.000387336 1169.94 0.000145369 1 -2.89193e-05 -108.099 0.000387341 2.8863e-05 1 -504.203 0 0 0 1 
34562489690010;0.0869115;0.545224;0.999981 3.82725e-06 -0.00612239 -18.3598 -5.60294e-07 1 0.000533611 5.76056 0.00612239 -0.000533597 0.999981 -7.51808 0 0 0 1 
34562489690011;0.0782188;0.544255;1 -7.90969e-08 -5.58519e-07 -0.411392 7.90969e-08 1 2.62355e-08 4.29314 5.58519e-07 -2.62356e-08 1 -0.126068 0 0 0 1 
34562489690012;0.0495854;0.525119;0.999953 2.11788e-06 0.00972985 15.0844 6.13732e-06 1 -0.000848411 -5.92704 -0.00972985 0.000848431 0.999952 8.04414 0 0 0 1 
34562489690013;0.0622498;0.180711;1 1.31206e-08 -1.57755e-07 0.154066 -1.31206e-08 1 -1.86627e-08 1.26879 1.57755e-07 1.86627e-08 1 0.164653 0 0 0 1 
34562489690014;0.30978;0.386753;1 -1.84034e-08 -1.35889e-07 -0.0815979 1.84034e-08 1 -3.37983e-09 0.748805 1.35889e-07 3.37982e-09 1 0.0525603 0 0 0 1 
34562489690015;0.264634;0.299734;1 -3.19484e-08 9.53183e-08 -0.287752 3.19484e-08 1 9.13852e-09 -0.602897 -9.53183e-08 -9.13852e-09 1 -0.0632484 0 0 0 1 
34562489690016;0.0384264;0.632166;1 -8.92249e-08 -3.31209e-07 -0.368471 8.92249e-08 1 2.01353e-08 5.67105 3.31209e-07 -2.01353e-08 1 -0.0576985 0 0 0 1 
34562489690017;0.317284;0.449759;1 -1.02315e-07 -6.64045e-08 -0.999017 1.02315e-07 1 3.11549e-08 -2.77528 6.64045e-08 -3.11549e-08 1 -0.224354 0 0 0 1 
34562489690018;0.287954;0.833034;1 -7.36145e-08 7.00869e-07 -0.187066 7.36145e-08 1 -7.41052e-09 6.20571 -7.00869e-07 7.41057e-09 1 0.157305 0 0 0 1 
34562489690019;0.362659;0.884842;0.996875 0.000261913 0.0789999 75.4526 0.000283366 0.999976 -0.00689098 -13.0664 -0.0789999 0.00689183 0.996851 41.2766 0 0 0 1 
34562489690020;0.112961;0.187444;0.999999 -8.16426e-07 0.00172029 6.65476 1.07296e-06 1 -0.000149123 -2.4202 -0.00172029 0.000149124 0.999999 7.68925 0 0 0 1 
34562489690021;0.197833;0.231135;0.999971 2.08382e-06 -0.00755152 4.25077 2.8914e-06 1 0.000658826 -1.29415 0.00755152 -0.000658829 0.999971 -2.93329 0 0 0 1 
34562489690022;0.278308;1.17941;1 -2.78756e-08 8.93902e-07 -0.895937 2.78756e-08 1 -4.01964e-08 -9.1537 -8.93902e-07 4.01964e-08 1 0.156938 0 0 0 1 
34562489690023;0.193536;0.202519;0.999784 1.78477e-05 -0.0207933 10.8295 1.98897e-05 0.999998 0.00181467 -0.971131 0.0207933 -0.00181469 0.999782 -4.83913 0 0 0 1 
34562489690024;0.347959;0.3556;1 -4.43437e-09 7.14615e-07 -0.101335 4.43435e-09 1 2.84542e-08 -1.37174 -7.14615e-07 -2.84542e-08 1 -0.240962 0 0 0 1 
34562489690025;0.302077;0.833052;0.997985 0.00016845 -0.0634521 66.1039 0.000183287 0.999985 0.00553749 -1.66873 0.063452 -0.00553796 0.99797 -13.2975 0 0 0 1 
34562489690026;0.218188;0.182973;1 -2.4695e-08 2.68284e-07 -0.217148 2.4695e-08 1 1.74425e-08 0.142593 -2.68284e-07 -1.74425e-08 1 -0.129682 0 0 0 1 
34562489690027;0.18191;0.796512;0.999853 1.12565e-05 -0.017163 14.3456 1.44313e-05 0.999999 0.00149658 5.35359 0.017163 -0.0014966 0.999852 -14.3801 0 0 0 1 
34562489690028;0.340963;0.409711;1 -3.64495e-08 2.94446e-07 -0.361024 3.64495e-08 1 8.78313e-09 -1.05579 -2.94446e-07 -8.78312e-09 1 -0.0661808 0 0 0 1 
34562489690029;0.238574;0.621664;0.999916 1.04139e-05 0.0129417 -26.6161 4.19207e-06 0.999999 -0.00112856 -2.49915 -0.0129417 0.00112852 0.999916 11.1948 0 0 0 1 
34562489690031;0.530935;0.578669;1 1.70499e-08 -2.54488e-07 0.161544 -1.705e-08 1 -2.16755e-08 0.307147 2.54488e-07 2.16755e-08 1 0.172367 0 0 0 1 
34562489690032;0.306555;0.491451;0.992685 0.000636866 0.120733 -2.88991 0.000639798 0.999944 -0.0105352 -0.642168 -0.120733 0.0105354 0.992629 36.4896 0 0 0 1 
34562489690033;0.46032;0.549078;0.999991 8.60989e-07 -0.00429493 0.342395 7.48785e-07 1 0.000374807 0.357493 0.00429493 -0.000374806 0.999991 -1.35477 0 0 0 1 
34562489690034;0.385219;0.36903;1 1.66408e-07 0.000640188 -1.00575 -1.30684e-07 1 -5.58026e-05 0.489878 -0.000640188 5.58025e-05 1 0.0686429 0 0 0 1 
34562489690035;0.341621;0.419679;0.992152 0.000684845 0.125039 -14.7277 0.000685081 0.99994 -0.0109127 0.519566 -0.125039 0.0109127 0.992092 26.3913 0 0 0 1 
34562489690036;0.158469;0.182214;0.997309 0.000237317 -0.073316 -8.52824 0.000232334 0.99998 0.00639725 0.44154 0.073316 -0.00639706 0.997288 -26.3347 0 0 0 1 
34562489690037;0.364175;0.308659;0.994123 0.000515572 -0.108254 -4.86748 0.000510355 0.999955 0.00944909 0.0580462 0.108254 -0.00944881 0.994078 -13.4567 0 0 0 1 
34562489690038;0.437441;0.542299;0.997786 0.000194829 0.0665109 -20.6921 0.000191602 0.999983 -0.00580361 2.35811 -0.0665109 0.0058035 0.997769 22.7924 0 0 0 1 
34562489690039;0.392147;0.344884;0.998274 0.000150815 0.0587276 -9.13516 0.000150529 0.999987 -0.00512676 0.692405 -0.0587276 0.00512675 0.998261 1.48233 0 0 0 1 
34562489690040;0.283513;0.315794;0.999908 9.45793e-06 -0.0135346 -9.40053 6.52034e-06 0.999999 0.00118051 0.963321 0.0135346 -0.00118049 0.999908 -9.30231 0 0 0 1 
34562489690041;0.287266;0.309335;0.999668 3.02194e-05 -0.0257798 -5.94007 2.78062e-05 0.999997 0.00225046 0.676757 0.0257798 -0.00225043 0.999665 -1.08194 0 0 0 1 
34562489690042;0.329992;0.514488;0.993104 0.000607328 0.117231 -58.81 0.000596238 0.999947 -0.0102312 5.63849 -0.117231 0.0102306 0.993052 30.0011 0 0 0 1 
34562489690043;0.516204;0.64121;0.999894 1.0766e-05 -0.0145536 -9.65121 7.71595e-06 0.999999 0.00126986 1.11756 0.0145536 -0.00126984 0.999893 -5.38266 0 0 0 1 
34562489690044;0.236329;0.208302;0.999921 6.63651e-06 -0.0125701 3.75095 7.15313e-06 0.999999 0.00109698 -0.290669 0.0125701 -0.00109698 0.99992 -3.27457 0 0 0 1 
34562489690045;0.316589;0.414145;1 6.70244e-09 1.94777e-07 0.0446168 -6.70244e-09 1 1.66437e-08 -0.114486 -1.94777e-07 -1.66437e-08 1 -0.125779 0 0 0 1 
34562489690046;0.376135;0.360093;0.999842 1.40012e-05 -0.017787 1.09749 1.36141e-05 0.999999 0.00155243 0.00333054 0.017787 -0.00155243 0.999841 -3.44844 0 0 0 1 
34562489690047;0.485231;0.419916;0.99988 1.11194e-05 -0.0154976 -2.78269 9.83647e-06 0.999999 0.00135212 0.034258 0.0154976 -0.00135211 0.999879 -7.00313 0 0 0 1 
34562489690048;0.199981;0.176435;0.999998 2.75462e-07 -0.00174103 -0.556884 -1.11472e-08 1 0.000151815 0.277027 0.00174103 -0.000151814 0.999998 -1.15517 0 0 0 1 
34562489690049;0.208318;0.203173;1 3.31889e-10 -6.63653e-08 0.0112018 -3.31889e-10 1 1.77197e-09 0.00632934 6.63653e-08 -1.77197e-09 1 -0.0905681 0 0 0 1 
34562489690050;0.378047;0.369459;0.993169 0.000601484 -0.116687 -24.4252 0.000590959 0.999948 0.0101843 2.05717 0.116687 -0.0101837 0.993117 -23.0876 0 0 0 1 
34562489690051;0.381473;0.408024;0.999953 4.70806e-06 0.00970616 -5.90807 3.51117e-06 1 -0.000846789 0.707645 -0.00970616 0.000846783 0.999953 4.15861 0 0 0 1 
34562489690052;0.123011;0.119039;1 1.98086e-08 -2.47314e-05 -0.0877894 -1.97564e-08 1 2.1105e-06 0.0406382 2.47314e-05 -2.1105e-06 1 -0.340725 0 0 0 1 
34562489690053;0.447449;0.474213;1 1.05297e-07 0.000220978 -0.706839 -1.01062e-07 1 -1.9167e-05 0.207977 -0.000220978 1.9167e-05 1 0.873849 0 0 0 1 
34562489690054;0.341689;0.45673;0.999873 1.29077e-05 -0.0159381 -11.727 9.2683e-06 0.999999 0.00139131 1.16471 0.0159381 -0.00139128 0.999872 -1.20304 0 0 0 1 
34562489690055;0.435439;0.46517;0.99994 5.38818e-06 0.0109775 -2.27817 5.1273e-06 1 -0.000957883 0.335852 -0.0109775 0.000957882 0.999939 3.90171 0 0 0 1 
34562489690056;0.453077;0.281843;0.948179 0.00453318 -0.317703 -29.4699 0.00451268 0.999605 0.027731 3.34849 0.317704 -0.0277276 0.947785 -54.2673 0 0 0 1 
34562489690057;0.243925;0.091103;0.999329 5.75409e-05 0.0366204 3.11111 5.95468e-05 0.999995 -0.00319624 -0.54536 -0.0366204 0.00319628 0.999324 5.66064 0 0 0 1 
34562489690058;0.299623;0.248005;0.993303 0.000584672 0.115538 -16.1486 0.000584268 0.999949 -0.0100832 1.64151 -0.115538 0.0100832 0.993252 26.5733 0 0 0 1 
34562489690059;0.121954;0.030184;0.999968 2.67739e-06 -0.00801146 2.17447 2.92327e-06 1 0.000699069 -0.081064 0.00801146 -0.00069907 0.999968 -3.03106 0 0 0 1 
34562489690060;0.336224;0.298543;0.998756 0.000109462 0.0498545 -13.9476 0.000107637 0.999991 -0.00435194 1.37855 -0.0498545 0.0043519 0.998747 3.37748 0 0 0 1 
34562489690062;0.450678;0.427246;0.99808 0.000167754 0.061943 -9.1643 0.000167449 0.999985 -0.00540624 0.810959 -0.061943 0.00540623 0.998065 20.7129 0 0 0 1 
34562489690063;0.504888;0.549709;0.999999 -2.60963e-07 0.00104049 2.25929 3.54885e-07 1 -9.02676e-05 -0.459365 -0.00104049 9.0268e-05 0.999999 4.96369 0 0 0 1 
34562489690064;0.452148;0.452584;1 -7.26397e-09 -7.32317e-08 -0.0710385 7.26397e-09 1 -5.19657e-09 -0.141505 7.32317e-08 5.19657e-09 1 0.0340398 0 0 0 1 
34562489690065;0.324911;0.740327;0.99764 0.00020449 -0.0686566 21.5195 0.00020744 0.999982 0.00599267 -3.20698 0.0686566 -0.00599278 0.997622 -16.9781 0 0 0 1 
34562489690066;0.34336;0.294533;0.996745 0.000283552 0.0806134 -5.93648 0.000284438 0.999975 -0.00703428 0.617455 -0.0806134 0.00703432 0.996721 38.4252 0 0 0 1 
34562489690067;0.18061;0.140539;0.99997 2.43079e-06 0.00768593 0.149937 2.72572e-06 1 -0.000670892 -0.0678295 -0.00768593 0.000670893 0.99997 2.13809 0 0 0 1 
34562489690068;0.143206;0.148891;1 7.04635e-09 2.37369e-08 0.0563661 -7.04635e-09 1 -2.14e-09 0.00400261 -2.37369e-08 2.14e-09 1 0.0145475 0 0 0 1 
34562489690069;0.265071;0.042865;0.999985 2.37144e-06 0.00550809 -9.2239 2.63106e-07 1 -0.000478305 0.647492 -0.00550809 0.000478299 0.999985 20.6663 0 0 0 1 
34562489690070;0.337998;0.36119;1 5.80597e-09 -1.78956e-07 0.050492 -5.80597e-09 1 1.65675e-09 0.0255364 1.78956e-07 -1.65675e-09 1 -0.0175977 0 0 0 1 
34562489690071;0.291767;0.0266663;1 1.72114e-08 -4.09131e-07 0.134562 -1.72114e-08 1 -2.82463e-08 -0.0491446 4.09131e-07 2.82463e-08 1 0.194534 0 0 0 1 
34562489690072;0.432542;0.416265;1 1.75997e-08 1.48316e-06 0.0531668 -1.75995e-08 1 -1.0285e-07 -0.0585822 -1.48316e-06 1.02849e-07 1 0.175321 0 0 0 1 
34562489690073;0.333627;0.307987;0.997296 0.000239833 -0.0734826 -19.822 0.000232166 0.999979 0.00641467 1.27026 0.0734826 -0.00641439 0.997276 -16.6259 0 0 0 1 
34562489690074;0.333091;0.391459;1 4.22474e-08 9.8972e-08 0.313112 -4.22474e-08 1 5.83411e-09 -0.325813 -9.8972e-08 -5.83412e-09 1 -0.0615606 0 0 0 1 
34562489690075;0.300984;0.226864;0.983088 0.00148291 -0.183125 -24.0475 0.00147003 0.999871 0.0159884 1.76998 0.183125 -0.0159872 0.98296 -22.6292 0 0 0 1 
34562489690076;0.255405;0.21687;0.99992 6.83971e-06 0.0126778 -0.306027 7.19311e-06 0.999999 -0.00110683 -0.0225497 -0.0126778 0.00110684 0.999919 1.86668 0 0 0 1 
34562489690077;0.37018;0.288839;0.947559 0.00458846 -0.319549 -29.7204 0.00456821 0.9996 0.0278995 2.0071 0.31955 -0.0278962 0.947159 -45.3025 0 0 0 1 
34562489690078;0.123389;0.107638;0.999439 4.96626e-05 -0.0334864 -0.795568 4.82626e-05 0.999996 0.00292351 -0.00998089 0.0334864 -0.00292349 0.999435 -4.06248 0 0 0 1 
34562489690079;0.437756;0.473328;0.999524 4.42446e-05 -0.0308426 -17.2471 3.8827e-05 0.999996 0.0026928 1.09366 0.0308426 -0.00269272 0.999521 -3.35352 0 0 0 1 
34562489690080;0.248888;0.228679;1 1.79674e-09 -1.40505e-07 -0.00742383 -1.79675e-09 1 -5.65795e-09 -0.0537427 1.40505e-07 5.65795e-09 1 0.173575 0 0 0 1 
34562489690081;0.238106;0.210572;0.999786 1.86041e-05 0.0207092 -1.8207 1.88337e-05 0.999998 -0.00180759 0.140759 -0.0207092 0.00180759 0.999784 5.51941 0 0 0 1 
34562489690082;0.176775;0.26688;1 2.01388e-08 8.19697e-08 0.134149 -2.01388e-08 1 2.78761e-09 -0.280091 -8.19697e-08 -2.78761e-09 1 -0.0303514 0 0 0 1 
34562489690083;0.334152;1.12485;1 9.67947e-07 0.000129528 -8.96913 -9.66561e-07 1 -1.0696e-05 -2.86627 -0.000129528 1.06958e-05 1 5.67928 0 0 0 1 
34562489690084;0.376441;0.204475;0.999225 7.09107e-05 -0.0393635 -20.2121 6.43965e-05 0.999994 0.0034361 2.10717 0.0393635 -0.00343597 0.999219 -9.5893 0 0 0 1 
34562489690085;0.162081;0.146181;1 5.57185e-09 7.23838e-08 0.0442606 -5.57185e-09 1 1.16737e-08 -0.0644037 -7.23838e-08 -1.16737e-08 1 -0.0860239 0 0 0 1 
34562489690086;0.435379;0.313502;0.999839 1.24697e-05 0.0179646 10.5005 1.56983e-05 0.999999 -0.00156784 -0.782614 -0.0179646 0.00156787 0.999837 7.01198 0 0 0 1 
34562489690087;0.326485;0.326031;1 -3.55537e-10 7.82893e-09 -0.0195425 3.55537e-10 1 -1.11899e-09 -0.14596 -7.82893e-09 1.11899e-09 1 0.00261795 0 0 0 1 
34562489690088;0.343468;0.329367;1 1.18813e-08 -1.34426e-07 0.0817656 -1.18813e-08 1 -7.07796e-09 -0.17741 1.34426e-07 7.07796e-09 1 0.0492667 0 0 0 1 
34562489690089;0.181879;0.148664;1 7.75999e-09 -5.30283e-08 -0.00777744 -7.75999e-09 1 1.2e-09 -0.100486 5.30283e-08 -1.2e-09 1 0.148852 0 0 0 1 
34562489690090;0.274172;0.3776;0.992447 0.000664001 -0.122671 -18.8486 0.000654698 0.999942 0.0107092 1.20563 0.122671 -0.0107087 0.99239 -21.8217 0 0 0 1 
34562489690091;0.516972;0.432625;0.999998 2.83267e-07 -0.00197423 -0.320275 5.61993e-08 1 0.000171949 -0.334283 0.00197423 -0.000171949 0.999998 -4.2911 0 0 0 1 
34562489690093;0.4248;0.423581;1 1.81365e-06 -6.68084e-06 -14.9938 -1.81354e-06 1 1.60397e-05 1.70999 6.68087e-06 -1.60397e-05 1 125.609 0 0 0 1 
34562489690094;0.0934313;0.124353;0.999629 3.61507e-05 0.0272425 -33.9293 2.85436e-05 0.999997 -0.00237437 4.11039 -0.0272425 0.00237426 0.999626 33.3935 0 0 0 1 
34562489690095;0.144672;0.145679;1 1.28694e-08 -2.326e-07 -0.11263 -1.28694e-08 1 -3.66969e-09 0.343575 2.326e-07 3.66969e-09 1 0.244647 0 0 0 1 
34562489690096;0.228702;0.253604;0.999582 3.34814e-05 -0.0289277 28.2146 3.96088e-05 0.999997 0.00252608 -2.57721 0.0289277 -0.00252617 0.999578 3.22895 0 0 0 1 
34562489690097;0.121961;0.173701;0.999713 1.98738e-05 0.0239409 37.1526 3.01528e-05 0.999998 -0.00208922 -4.32963 -0.0239409 0.00208935 0.999711 7.31374 0 0 0 1 
34562489690098;0.286027;0.282941;0.999736 -5.83472e-05 0.0229874 651.765 0.000106297 0.999998 -0.00208469 -56.4558 -0.0229872 0.00208659 0.999734 -639.77 0 0 0 1 
34562489690099;0.0245713;0.0300838;0.999968 1.7776e-06 0.00796447 6.64078 3.75274e-06 1 -0.000694361 -0.697064 -0.00796447 0.000694369 0.999968 7.80125 0 0 0 1 
34562489690100;0.214406;0.216475;1 -4.59493e-09 -1.97053e-08 -0.0269337 4.59494e-09 1 1.88557e-08 0.357772 1.97053e-08 -1.88557e-08 1 -0.167841 0 0 0 1 
34562489690101;0.290539;0.317458;0.999676 -6.03875e-05 0.0254362 708.989 0.00011881 0.999997 -0.00229532 -61.8944 -0.025436 0.0022976 0.999674 -617.883 0 0 0 1 
34562489690102;0.160438;0.166015;1 -2.05872e-08 9.16918e-08 -0.19597 2.05872e-08 1 3.43711e-08 -0.0885154 -9.16918e-08 -3.43711e-08 1 -0.293562 0 0 0 1 
34562489690103;0.385248;0.429991;1 -1.51405e-08 -8.20903e-08 -0.147694 1.51404e-08 1 -2.70537e-08 -0.472238 8.20903e-08 2.70537e-08 1 0.171753 0 0 0 1 
34562489690104;0.150227;0.181382;1 -3.98862e-08 2.50077e-07 -0.379902 3.98862e-08 1 8.77234e-09 -0.725973 -2.50077e-07 -8.77233e-09 1 -0.133094 0 0 0 1 
34562489690105;0.212702;0.225643;0.999813 1.48506e-05 0.0193479 8.60517 1.78185e-05 0.999999 -0.00168834 -1.86236 -0.0193479 0.00168837 0.999811 5.82786 0 0 0 1 
34562489690106;0.369761;0.392768;0.999685 -2.56863e-05 0.025099 423.887 8.23054e-05 0.999997 -0.0022548 -36.8445 -0.0250989 0.00225616 0.999682 -521.126 0 0 0 1 
34562489690107;0.232667;0.212851;1 -2.82085e-08 2.50808e-07 -0.218055 2.82085e-08 1 1.916e-08 0.191979 -2.50808e-07 -1.916e-08 1 -0.157479 0 0 0 1 
34562489690108;0.240619;0.256201;1 -1.69073e-08 -8.70063e-08 -0.114349 1.69073e-08 1 1.23293e-08 0.0268476 8.70063e-08 -1.23293e-08 1 -0.0766353 0 0 0 1 
34562489690109;0.185949;0.174018;0.999783 1.82485e-05 -0.0208273 8.59096 1.96101e-05 0.999998 0.00181754 -0.981674 0.0208273 -0.00181755 0.999781 -6.62449 0 0 0 1 
34562489690110;0.265953;0.289021;0.997804 -0.000173454 -0.0662303 2946.94 0.000572556 0.999982 0.00600704 -256.396 0.0662281 -0.00603177 0.997786 2006.66 0 0 0 1 
34562489690111;0.165425;0.214101;0.99997 3.4341e-06 0.00774434 -7.42909 1.79077e-06 1 -0.000674661 1.43004 -0.00774434 0.000674655 0.99997 11.6301 0 0 0 1 
34562489690112;0.350609;0.310327;0.995816 0.000366495 0.0913751 -23.0693 0.00036347 0.999968 -0.00797189 2.81171 -0.0913751 0.00797175 0.995785 48.7748 0 0 0 1 
34562489690113;0.399049;0.410549;1 -1.16051e-08 3.22865e-08 -0.0859954 1.16051e-08 1 2.25565e-09 0.150379 -3.22865e-08 -2.25565e-09 1 -0.0142116 0 0 0 1 
34562489690114;0.0997142;0.248289;1 8.41633e-10 2.74168e-08 0.113408 -8.41634e-10 1 2.23521e-08 1.76001 -2.74168e-08 -2.23521e-08 1 -0.14062 0 0 0 1 
34562489690115;0.280795;0.292741;1 -2.22612e-07 -4.11692e-06 1.52049 2.22612e-07 1 1.26023e-07 -0.167399 4.11692e-06 -1.26024e-07 1 -2.25051 0 0 0 1 
34562489690116;0.37279;0.395236;0.999972 1.84442e-06 -0.00747446 5.4504 3.02391e-06 1 0.000651317 -0.502251 0.00747446 -0.000651321 0.999972 -10.9736 0 0 0 1 
34562489690117;0.26675;0.629899;1 -4.29645e-08 -6.59221e-07 0.0132109 4.29645e-08 1 -2.90924e-08 4.41136 6.59221e-07 2.90924e-08 1 0.441942 0 0 0 1 
34562489690118;0.0989808;0.123079;0.999776 1.75887e-05 -0.021181 18.8729 2.15796e-05 0.999998 0.00184898 -1.95236 0.021181 -0.00184903 0.999774 -2.34901 0 0 0 1 
34562489690119;0.386067;0.460716;1 -5.97859e-08 -4.6059e-07 -0.5053 5.97859e-08 1 1.28887e-08 0.0961318 4.6059e-07 -1.28887e-08 1 -0.120454 0 0 0 1 
34562489690120;0.309421;0.36511;1 4.91258e-09 -5.74635e-09 0.0868693 -4.91258e-09 1 -1.73188e-08 0.768102 5.74635e-09 1.73188e-08 1 0.186273 0 0 0 1 
34562489690121;0.382301;0.384197;1 -2.72423e-08 -2.78157e-07 -0.19869 2.72423e-08 1 -2.47193e-08 0.103406 2.78157e-07 2.47193e-08 1 0.247774 0 0 0 1 
34562489690122;0.179762;0.22762;0.999805 1.69209e-05 0.0197495 -1.98863 1.71407e-05 0.999999 -0.00172451 -0.430871 -0.0197495 0.00172451 0.999803 -1.01545 0 0 0 1 
34562489690124;0.346704;0.396414;1 -4.00879e-08 -1.89364e-07 -0.318822 4.00879e-08 1 1.28683e-08 0.123369 1.89364e-07 -1.28683e-08 1 -0.0879503 0 0 0 1 
34562489690125;0.12865;0.184732;0.999935 6.53718e-06 -0.0114212 -4.94369 4.84142e-06 1 0.000996246 1.09627 0.0114212 -0.000996236 0.999934 -7.29523 0 0 0 1 
34562489690126;0.441684;1.29623;1 3.13026e-08 1.13842e-06 0.761371 -3.13025e-08 1 -7.31172e-08 7.94698 -1.13842e-06 7.31172e-08 1 0.718479 0 0 0 1 
34562489690127;0.210546;0.237221;1 7.2532e-09 4.54632e-07 0.0642446 -7.25321e-09 1 2.5778e-08 0.351211 -4.54632e-07 -2.5778e-08 1 -0.227228 0 0 0 1 
34562489690128;0.0334274;0.118729;0.999827 9.12071e-06 -0.0185939 50.1017 2.10186e-05 0.999999 0.00162073 -5.07577 0.0185939 -0.00162084 0.999826 -20.6552 0 0 0 1 
34562489690129;0.0803559;0.0970093;0.999995 -8.93633e-07 -0.00319776 10.6624 1.78595e-06 1 0.000279042 -1.34965 0.00319776 -0.000279046 0.999995 -1.75632 0 0 0 1 
34562489690130;0.355847;0.385619;1 -3.02347e-08 2.13556e-08 -0.228615 3.02347e-08 1 1.21416e-08 0.0774944 -2.13556e-08 -1.21416e-08 1 -0.10706 0 0 0 1 
34562489690131;0.103607;0.131415;0.999996 2.25498e-06 0.00285239 -14.959 -1.547e-06 1 -0.000248209 2.35397 -0.00285239 0.000248204 0.999996 6.16168 0 0 0 1 
34562489690132;0.232394;0.627262;0.999897 6.15143e-06 -0.0143683 23.8173 1.18721e-05 0.999999 0.00125431 3.04593 0.0143683 -0.00125435 0.999896 -1.68208 0 0 0 1 
34562489690133;0.372111;0.404446;0.998924 8.93842e-05 -0.0463831 42.7844 9.85174e-05 0.999992 0.00404878 -3.33304 0.0463831 -0.00404899 0.998916 -5.76906 0 0 0 1 
34562489690134;0.23228;0.250516;1 -3.00613e-08 5.90273e-08 -0.216662 3.00613e-08 1 1.34063e-08 0.207532 -5.90273e-08 -1.34063e-08 1 -0.121687 0 0 0 1 
34562489690135;0.171644;0.690448;1 0.000458158 -0.00085677 -3685.74 -0.000457708 1 0.000525938 327.901 0.000857011 -0.000525546 0.999999 3627.24 0 0 0 1 
34562489690136;0.200279;0.203365;0.99995 2.57619e-06 -0.00996877 15.1217 6.09582e-06 1 0.000869888 -1.02006 0.00996876 -0.000869905 0.99995 -3.77605 0 0 0 1 
34562489690137;0.062551;0.0904994;0.999524 3.84379e-05 -0.0308668 29.3692 4.4678e-05 0.999996 0.00269203 -3.09251 0.0308668 -0.00269213 0.99952 -22.2196 0 0 0 1 
34562489690138;0.126833;0.126184;1 1.34233e-08 -9.98524e-08 0.14119 -1.34233e-08 1 -7.31665e-09 0.681197 9.98524e-08 7.31665e-09 1 0.071499 0 0 0 1 
34562489690139;0.334771;0.378414;1 6.08958e-09 3.77699e-08 0.0743825 -6.08958e-09 1 1.1861e-08 0.533549 -3.77699e-08 -1.1861e-08 1 -0.0725887 0 0 0 1 
34562489690140;0.169798;0.635671;1 -1.07981e-07 3.40754e-07 -0.416542 1.07981e-07 1 2.34874e-09 4.4582 -3.40754e-07 -2.34871e-09 1 0.0297499 0 0 0 1 
34562489690141;0.269667;0.307715;0.999988 2.02231e-06 -0.00483028 -7.04545 1.33684e-08 1 0.00042144 1.39084 0.00483028 -0.000421436 0.999988 -2.33495 0 0 0 1 
34562489690142;0.0756236;0.244792;0.999761 1.40249e-05 -0.0218716 56.7586 2.7697e-05 0.999998 0.00190728 -5.71665 0.0218716 -0.00190743 0.999759 -17.6564 0 0 0 1 
34562489690143;0.273373;0.37615;0.999317 6.38139e-05 0.0369431 -38.2741 5.52618e-05 0.999995 -0.00322219 4.31821 -0.0369431 0.00322203 0.999312 27.4491 0 0 0 1 
34562489690144;0.115892;0.209358;0.999987 2.21027e-06 0.00504764 -9.45466 9.88313e-09 1 -0.000439841 1.90829 -0.00504764 0.000439835 0.999987 6.46015 0 0 0 1 
34562489690145;0.160443;0.501586;0.999654 3.32057e-05 0.0263165 -27.0842 2.72026e-05 0.999997 -0.00229509 -1.2352 -0.0263165 0.00229501 0.999651 20.6066 0 0 0 1 
34562489690146;0.0878609;0.819122;1 4.62027e-08 -8.6108e-08 0.672837 -4.62027e-08 1 3.47202e-09 6.19441 8.6108e-08 -3.47202e-09 1 0.147898 0 0 0 1 
34562489690147;0.0902058;0.214344;0.99916 6.25835e-05 -0.0409746 91.0205 8.39462e-05 0.999994 0.00357438 -7.82245 0.0409745 -0.00357482 0.999154 -21.1164 0 0 0 1 
34562489690148;0.253989;0.348364;1 2.36084e-08 -3.52573e-07 0.25486 -2.36084e-08 1 -4.15247e-09 0.835837 3.52573e-07 4.15248e-09 1 0.0772925 0 0 0 1 
34562489690149;0.415878;0.4115;1 -1.13007e-08 1.32294e-07 -0.0944051 1.13007e-08 1 1.33935e-08 -0.09782 -1.32294e-07 -1.33935e-08 1 -0.124507 0 0 0 1 
34562489690150;0.323952;0.344883;1 -2.69092e-08 -1.69362e-07 -0.216461 2.69092e-08 1 3.6737e-09 -0.0382203 1.69362e-07 -3.6737e-09 1 -0.024574 0 0 0 1 
34562489690151;0.0908205;0.137102;1 1.11035e-08 7.94228e-09 0.0974704 -1.11035e-08 1 2.73626e-09 0.530013 -7.94228e-09 -2.73626e-09 1 -0.0183804 0 0 0 1 
34562489690152;0.416208;0.409823;0.997582 0.000209701 -0.0694983 21.0102 0.000212236 0.999982 0.00606375 -1.41525 0.0694982 -0.00606384 0.997564 -30.942 0 0 0 1 
34562489690153;0.0988573;0.818898;0.999943 6.4922e-06 -0.0107014 -9.70929 3.47805e-06 1 0.000931658 -6.05504 0.0107014 -0.000931642 0.999942 -21.1317 0 0 0 1 
34562489690155;0.259195;0.998371;0.99858 0.00012139 -0.053269 27.8087 0.000126445 0.999989 0.00464911 3.37138 0.0532689 -0.00464925 0.998569 -12.6484 0 0 0 1 
34562489690156;0.172496;0.181365;0.999968 2.02692e-06 -0.008017 7.25594 3.58416e-06 1 0.000699883 -0.411689 0.008017 -0.000699889 0.999968 -0.690084 0 0 0 1 
34562489690157;0.159263;0.232562;0.99771 0.000203771 0.0676392 -39.633 0.00019602 0.999983 -0.00590396 3.53242 -0.0676392 0.0059037 0.997692 14.2798 0 0 0 1 
34562489690158;0.105511;0.170962;0.999277 7.14111e-05 0.0380087 -71.5597 5.4672e-05 0.999995 -0.00331617 5.79807 -0.0380088 0.00331585 0.999272 21.0348 0 0 0 1 
34562489690159;0.266866;0.299578;1 -1.11351e-08 2.4123e-07 -0.0460821 1.11351e-08 1 3.2793e-08 0.685922 -2.4123e-07 -3.2793e-08 1 -0.250929 0 0 0 1 
34562489690160;0.0473697;0.0387905;0.99986 1.43506e-05 0.016761 -19.0726 1.01502e-05 0.999999 -0.00146169 1.45133 -0.016761 0.00146165 0.999858 13.5809 0 0 0 1 
34562489690161;0.216211;0.199746;1 -7.91251e-07 -1.92569e-05 6.23541 7.91254e-07 1 1.60697e-07 -0.47012 1.92569e-05 -1.60712e-07 1 -11.984 0 0 0 1 
34562489690162;0.156911;0.212092;0.999942 6.75005e-06 0.010773 -14.0764 3.37663e-06 1 -0.000939985 1.37373 -0.010773 0.000939967 0.999942 4.49368 0 0 0 1 
34562489690163;0.149607;0.0737856;0.999896 7.81038e-06 0.0144055 8.08904 1.02975e-05 0.999999 -0.00125694 -0.436782 -0.0144055 0.00125696 0.999895 5.68534 0 0 0 1 
34562489690164;0.334807;0.39514;1 1.11987e-08 -5.33072e-08 0.0602999 -1.11987e-08 1 -3.73042e-08 -0.260193 5.33072e-08 3.73042e-08 1 0.270779 0 0 0 1 
34562489690165;0.385816;0.450829;1 2.19369e-08 2.77691e-05 -0.0940963 -2.18723e-08 1 -2.32771e-06 0.853123 -2.77691e-05 2.32771e-06 1 1.23017 0 0 0 1 
34562489690166;0.333068;0.344435;1 2.78343e-08 3.53681e-07 0.230186 -2.78343e-08 1 -1.68848e-09 0.166592 -3.53681e-07 1.68847e-09 1 0.00651004 0 0 0 1 
34562489690167;0.363242;0.373275;1 -2.27627e-09 2.51916e-07 0.000196693 2.27626e-09 1 2.08707e-08 0.0992448 -2.51916e-07 -2.08707e-08 1 -0.156883 0 0 0 1 
34562489690168;0.405801;0.317595;0.999867 1.2e-05 -0.0163138 -0.851586 1.1224e-05 0.999999 0.00142349 0.832396 0.0163138 -0.00142348 0.999866 -7.70134 0 0 0 1 
34562489690169;0.233383;0.291756;0.998856 9.88623e-05 -0.0478091 14.4317 0.000100746 0.999991 0.00417269 -0.650287 0.0478091 -0.00417274 0.998848 -11.5793 0 0 0 1 
34562489690170;0.111556;0.0943536;1 4.86799e-09 1.69045e-07 0.065341 -4.86799e-09 1 1.1503e-08 0.094186 -1.69045e-07 -1.1503e-08 1 -0.113573 0 0 0 1 
34562489690171;0.0960451;0.632476;0.999281 6.24292e-05 -0.0379241 8.00834 6.30985e-05 0.999995 0.00330877 3.93086 0.0379241 -0.00330878 0.999275 -19.157 0 0 0 1 
34562489690172;0.321124;0.355988;0.999349 6.14919e-05 0.036071 -41.3643 5.20708e-05 0.999995 -0.00314736 4.63751 -0.036071 0.00314719 0.999344 16.0052 0 0 0 1 
34562489690173;0.268086;0.231774;0.999799 1.65996e-05 0.0200585 4.93105 1.85163e-05 0.999998 -0.00175049 -0.194608 -0.0200585 0.00175051 0.999797 6.82005 0 0 0 1 
34562489690174;0.189053;0.196138;1 7.5957e-09 2.24241e-07 0.0912796 -7.5957e-09 1 -1.85315e-09 0.171395 -2.24241e-07 1.85315e-09 1 -0.00206772 0 0 0 1 
34562489690175;0.133957;0.185228;0.999801 2.17642e-05 0.019932 -37.5996 1.29061e-05 0.999998 -0.0017393 3.31548 -0.019932 0.00173921 0.9998 8.21733 0 0 0 1 
34562489690176;0.144022;0.288444;0.998059 0.000176646 0.0622793 -65.74 0.000162202 0.999985 -0.00543569 4.99562 -0.0622794 0.00543524 0.998044 18.5278 0 0 0 1 
34562489690177;0.320514;0.346014;1 1.80483e-08 7.20206e-08 0.157508 -1.80483e-08 1 -1.30124e-09 -0.0553755 -7.20206e-08 1.30123e-09 1 0.0111511 0 0 0 1 
34562489690178;0.353901;0.63149;0.997914 0.000179719 -0.0645631 28.1127 0.000184411 0.999984 0.0056339 0.27888 0.0645631 -0.00563405 0.997898 -23.4923 0 0 0 1 
34562489690179;0.0142393;0.0227886;1 -2.14317e-08 4.63443e-08 0.322959 2.14317e-08 1 -4.92496e-09 0.0259628 -4.63443e-08 4.92496e-09 1 0.000171917 0 0 0 1 
34562489690180;0.106434;0.111831;0.999979 1.00904e-06 -0.00644807 7.29204 2.61959e-06 1 0.000562738 -0.451396 0.00644807 -0.000562744 0.999979 -1.84619 0 0 0 1 
34562489690181;0.139987;0.0914124;0.999996 -5.21037e-08 0.00279043 2.53936 7.32828e-07 1 -0.000243948 0.0645349 -0.00279043 0.000243949 0.999996 -2.19533 0 0 0 1 
34562489690182;0.247912;0.352019;0.998142 0.000160792 -0.0609349 20.2119 0.000163563 0.999986 0.00531795 -0.909502 0.0609349 -0.00531803 0.998128 -17.1648 0 0 0 1 
34562489690183;0.115667;0.112391;1 7.17044e-09 2.84044e-07 0.0732138 -7.17045e-09 1 2.04549e-08 0.214779 -2.84044e-07 -2.04549e-08 1 -0.147623 0 0 0 1 
34562489690184;0.228068;0.245721;1 2.57226e-08 0.000197221 0.0136936 -2.23429e-08 1 -1.71365e-05 0.0626139 -0.000197221 1.71365e-05 1 0.739911 0 0 0 1 
34562489690186;0.0711037;0.0680492;1 8.47505e-09 4.10687e-08 0.0376702 -8.47505e-09 1 1.34833e-09 -0.218969 -4.10687e-08 -1.34833e-09 1 -0.0188682 0 0 0 1 
34562489690187;0.0441165;0.121317;0.999622 2.8792e-05 0.0274837 29.4118 3.71294e-05 0.999997 -0.00239806 -4.23383 -0.0274836 0.00239817 0.999619 9.08677 0 0 0 1 
34562489690188;0.231973;0.212262;0.99977 2.13247e-05 -0.0214622 -6.49275 1.88699e-05 0.999998 0.0018726 1.31441 0.0214622 -0.00187257 0.999768 -9.45095 0 0 0 1 
34562489690189;0.393005;0.711897;0.998286 0.000149753 -0.0585317 7.50601 0.000149421 0.999987 0.0051069 6.03498 0.0585317 -0.00510689 0.998272 -22.0315 0 0 0 1 
34562489690190;0.219538;0.650968;1 -6.43051e-08 3.39173e-07 0.187538 6.43051e-08 1 4.86426e-08 7.46844 -3.39173e-07 -4.86425e-08 1 -0.18355 0 0 0 1 
34562489690191;0.389147;0.910898;1 1.29862e-07 2.39596e-08 0.37415 -1.29862e-07 1 -8.22445e-08 -8.98692 -2.39596e-08 8.22445e-08 1 0.410064 0 0 0 1 
34562489690192;0.192134;0.210286;1 1.77786e-08 1.06925e-08 0.0935006 -1.77786e-08 1 -2.13267e-09 -0.33121 -1.06925e-08 2.13267e-09 1 -0.00166358 0 0 0 1 
34562489690193;0.281462;0.27004;0.999967 1.30573e-06 -0.00811077 13.2606 4.43721e-06 1 0.000708045 -0.619189 0.00811077 -0.000708058 0.999967 -1.09157 0 0 0 1 
34562489690194;0.204314;0.192262;0.999946 3.21519e-06 0.0104028 10.4967 6.22681e-06 1 -0.000907606 -1.41943 -0.0104028 0.000907622 0.999945 5.04275 0 0 0 1 
34562489690195;0.157469;0.701988;1 -1.08797e-07 -1.68326e-07 -0.157323 1.08797e-07 1 5.00355e-08 8.41724 1.68326e-07 -5.00355e-08 1 -0.23835 0 0 0 1 
34562489690196;0.0529904;0.0222393;0.999991 -2.68255e-07 -0.00416808 8.92127 1.78276e-06 1 0.000363354 -0.746049 0.00416808 -0.000363358 0.999991 -5.04432 0 0 0 1 
34562489690197;0.438295;1.01502;1 1.62456e-07 -6.36489e-07 0.390224 -1.62456e-07 1 -6.14546e-08 -10.0076 6.36489e-07 6.14547e-08 1 0.119743 0 0 0 1 
34562489690198;0.0525853;0.014206;1 1.83158e-08 5.16423e-08 0.172823 -1.83158e-08 1 7.14686e-09 0.361689 -5.16423e-08 -7.14686e-09 1 -0.115704 0 0 0 1 
34562489690199;0.186435;0.595403;1 -9.60911e-08 -1.48966e-07 -0.27535 9.60911e-08 1 4.91045e-08 6.58153 1.48966e-07 -4.91045e-08 1 -0.253797 0 0 0 1 
34562489690200;0.246291;0.233664;0.999993 1.72806e-06 -0.00373824 -8.25016 -5.10496e-07 1 0.000325706 0.657622 0.00373824 -0.000325702 0.999993 -4.83358 0 0 0 1 
34562489690201;0.100046;0.226891;1 -3.26184e-08 -3.20975e-07 -0.37794 3.26184e-08 1 -2.9398e-08 -2.30214 3.20975e-07 2.9398e-08 1 0.208905 0 0 0 1 
34562489690202;0.155088;0.148152;1 1.21447e-08 7.43576e-08 0.0668421 -1.21447e-08 1 1.01396e-08 -0.0592562 -7.43576e-08 -1.01396e-08 1 -0.0730544 0 0 0 1 
34562489690203;0.0877176;0.053257;1 1.63587e-08 -2.50611e-07 0.129496 -1.63587e-08 1 -2.64413e-08 0.170004 2.50611e-07 2.64413e-08 1 0.214056 0 0 0 1 
34562489690204;0.244178;0.683651;1 8.65291e-08 -3.80962e-07 -0.0491591 -8.65292e-08 1 -1.34638e-07 -7.5678 3.80962e-07 1.34638e-07 1 0.860666 0 0 0 1 
34562489690205;0.481854;0.407689;0.998814 0.000107336 -0.0486944 -22.4316 9.97495e-05 0.999991 0.00425032 1.86681 0.0486944 -0.00425014 0.998805 -8.70601 0 0 0 1 
34562489690206;0.097924;0.105354;0.999998 -1.50264e-07 0.00216945 2.49232 5.60905e-07 1 -0.000189283 -0.661511 -0.00216945 0.000189283 0.999998 0.937244 0 0 0 1 
34562489690207;0.417969;0.367329;0.999586 3.98528e-05 -0.028762 -25.445 3.23583e-05 0.999997 0.00251017 2.81042 0.028762 -0.00251006 0.999583 -8.19847 0 0 0 1 
34562489690208;0.41666;0.417894;1 1.14795e-08 -2.91485e-08 0.0525857 -1.14795e-08 1 6.5888e-09 -0.288262 2.91485e-08 -6.5888e-09 1 -0.0528469 0 0 0 1 
34562489690209;0.102897;0.0834805;0.999993 1.88242e-06 -0.00362656 -10.0212 -7.35324e-07 1 0.000316307 1.18148 0.00362656 -0.000316302 0.999993 -3.2401 0 0 0 1 
34562489690210;0.0465566;0.0469321;0.999983 2.27443e-06 0.00576717 -7.372 6.26054e-07 1 -0.000502929 0.447732 -0.00576717 0.000502924 0.999983 4.25279 0 0 0 1 
34562489690211;0.156365;0.179695;1 3.94342e-08 -1.76945e-07 0.161678 -3.94342e-08 1 -8.60491e-09 -1.241 1.76945e-07 8.60491e-09 1 0.0335887 0 0 0 1 
34562489690212;0.249667;0.258498;1 2.53401e-08 5.6999e-08 0.155428 -2.53401e-08 1 -5.21178e-09 -0.341287 -5.6999e-08 5.21178e-09 1 0.0302643 0 0 0 1 
34562489690213;0.302086;0.331641;0.999772 2.16537e-05 0.0213423 -17.3672 1.80956e-05 0.999998 -0.00186227 0.710799 -0.0213423 0.00186223 0.99977 8.14743 0 0 0 1 
34562489690214;0.0408606;0.0451589;1 2.17175e-09 1.43048e-07 0.0487543 -2.17175e-09 1 1.12509e-08 0.162357 -1.43048e-07 -1.12509e-08 1 -0.083988 0 0 0 1 
34562489690215;0.322976;0.811944;1 -1.12924e-07 1.47497e-07 -0.114874 1.12924e-07 1 1.77094e-08 8.95258 -1.47497e-07 -1.77094e-08 1 -0.0363871 0 0 0 1 
34562489690217;0.345856;0.189847;0.999993 1.27574e-06 0.00370845 -6.28647 -7.8769e-08 1 -0.000322768 0.621816 -0.00370845 0.000322765 0.999993 8.91308 0 0 0 1 
34562489690218;0.369096;0.331962;1 -5.96697e-08 -2.95066e-05 0.349406 5.97375e-08 1 2.29803e-06 -0.165891 2.95066e-05 -2.29803e-06 1 -2.11652 0 0 0 1 
34562489690219;0.344434;0.386341;0.999298 6.04003e-05 -0.0374696 12.311 6.21728e-05 0.999995 0.00327009 -1.31021 0.0374696 -0.00327012 0.999292 -11.573 0 0 0 1 
34562489690220;0.281678;0.263883;0.997562 0.000216373 -0.06978 -18.3881 0.000209248 0.999981 0.0060921 1.74246 0.06978 -0.00609185 0.997544 -7.57325 0 0 0 1 
34562489690221;0.2479;0.356142;0.999568 3.73218e-05 -0.0294005 7.08516 3.8155e-05 0.999997 0.00256663 -0.554571 0.0294005 -0.00256664 0.999564 -4.07575 0 0 0 1 
34562489690222;0.309448;0.332439;0.999271 6.1071e-05 -0.0381751 25.6752 6.61745e-05 0.999994 0.00333193 -1.75864 0.0381751 -0.00333203 0.999266 -10.4408 0 0 0 1 
34562489690223;0.503992;0.377861;0.994554 0.000471077 -0.104225 49.8623 0.000479745 0.999959 0.00909748 -4.58485 0.104225 -0.00909793 0.994512 -19.256 0 0 0 1 
34562489690224;0.505738;0.343564;0.999691 2.43601e-05 -0.0248424 23.6292 2.94961e-05 0.999998 0.00216755 -2.03698 0.0248424 -0.00216761 0.999689 -12.4775 0 0 0 1 
34562489690225;0.255572;0.317317;0.99893 9.08934e-05 0.0462448 13.6021 9.59112e-05 0.999992 -0.00403724 -0.954944 -0.0462448 0.00403735 0.998922 4.19101 0 0 0 1 
34562489690226;0.59187;0.597046;0.996831 0.000278571 -0.0795439 -4.15291 0.000274601 0.999976 0.00694328 -0.0749931 0.0795439 -0.00694312 0.996807 -17.2552 0 0 0 1 
34562489690227;0.535961;0.494485;0.999882 9.91087e-06 -0.0153433 4.93875 1.06427e-05 0.999999 0.0013395 -0.630531 0.0153433 -0.00133951 0.999881 -2.06081 0 0 0 1 
34562489690228;0.492348;0.567599;0.997078 0.000252744 -0.0763887 29.1954 0.000257431 0.999978 0.00666876 -2.32067 0.0763886 -0.00666894 0.997056 -7.0315 0 0 0 1 
34562489690229;0.377629;0.344159;0.999119 7.76442e-05 -0.0419654 0.122618 7.61028e-05 0.999993 0.00366205 -0.203949 0.0419654 -0.00366202 0.999112 -16.9355 0 0 0 1 
34562489690230;0.309344;0.311136;1 -4.14519e-09 -1.14099e-07 -0.0267429 4.14519e-09 1 2.91816e-09 0.0788443 1.14099e-07 -2.91816e-09 1 -0.0223324 0 0 0 1 
34562489690231;0.422227;0.465041;1 -1.8658e-08 -1.98296e-07 -0.122443 1.8658e-08 1 -2.21646e-08 0.267439 1.98296e-07 2.21646e-08 1 0.185521 0 0 0 1 
34562489690232;0.215127;0.255176;1 -1.05059e-08 7.51275e-08 -0.0809047 1.05059e-08 1 3.91267e-09 0.0255359 -7.51275e-08 -3.91267e-09 1 -0.0253577 0 0 0 1 
34562489690233;0.420689;0.40821;1 -1.04237e-08 9.79396e-08 -0.0849335 1.04237e-08 1 1.55347e-08 -0.0017645 -9.79396e-08 -1.55347e-08 1 -0.122457 0 0 0 1 
34562489690234;0.244511;0.287272;0.999913 6.90553e-06 -0.0131709 6.96029 8.23876e-06 0.999999 0.00114978 -0.545939 0.0131709 -0.00114979 0.999913 -1.86462 0 0 0 1 
34562489690235;0.305129;0.598266;0.99983 1.60045e-05 0.0184168 -12.8807 1.35989e-05 0.999999 -0.00160729 3.28968 -0.0184168 0.00160727 0.999829 7.10061 0 0 0 1 
34562489690236;0.196522;0.219614;0.994973 0.000433399 0.100139 29.9789 0.0004441 0.999962 -0.00874033 -2.3902 -0.100139 0.00874086 0.994935 22.9164 0 0 0 1 
34562489690237;0.236663;0.291907;0.999655 2.86297e-05 -0.0262584 15.2417 3.15795e-05 0.999997 0.00229253 -1.4939 0.0262584 -0.00229257 0.999653 -1.42042 0 0 0 1 
34562489690238;0.36003;0.404149;1 -2.69349e-08 -5.47951e-08 -0.200417 2.69349e-08 1 -2.57544e-09 0.182802 5.47951e-08 2.57544e-09 1 0.00846989 0 0 0 1 
34562489690239;0.243492;0.172367;1 -2.02704e-07 -0.000445067 1.47436 2.19852e-07 1 3.85289e-05 -0.472134 0.000445067 -3.8529e-05 1 -2.07426 0 0 0 1 
34562489690240;0.35283;0.249644;1 -1.92729e-08 1.58916e-07 -0.180935 1.92729e-08 1 1.24156e-08 -0.326963 -1.58916e-07 -1.24156e-08 1 -0.108239 0 0 0 1 
34562489690241;0.379757;0.387473;0.998815 0.00010181 0.048666 6.03408 0.000105074 0.999991 -0.00424851 -0.0122608 -0.048666 0.00424859 0.998806 5.59598 0 0 0 1 
34562489690242;0.378853;0.416677;1 -3.07788e-08 -2.50147e-07 -0.229366 3.07787e-08 1 -2.39564e-08 0.284815 2.50147e-07 2.39564e-08 1 0.173942 0 0 0 1 
34562489690243;0.301434;0.332632;1 -1.61133e-08 -5.48906e-08 -0.113607 1.61133e-08 1 -7.12494e-09 0.164413 5.48906e-08 7.12494e-09 1 0.0506937 0 0 0 1 
34562489690244;0.500189;0.519628;1 -1.17194e-08 -1.10998e-07 -0.0913782 1.17194e-08 1 -4.59349e-10 0.0534869 1.10998e-07 4.59347e-10 1 0.00163841 0 0 0 1 
34562489690245;0.271456;0.166764;0.999943 5.93518e-06 0.0107144 -9.03417 4.08385e-06 1 -0.000935073 0.993275 -0.0107145 0.000935063 0.999942 4.25194 0 0 0 1 
34562489690246;0.262584;0.260372;1 -1.40098e-08 7.10176e-09 -0.107667 1.40098e-08 1 3.7641e-09 0.0166751 -7.10176e-09 -3.7641e-09 1 -0.0242885 0 0 0 1 
34562489690248;0.122472;0.142649;1 2.79184e-08 1.93036e-07 0.264924 -2.79184e-08 1 -4.09281e-08 -0.0152839 -1.93036e-07 4.09281e-08 1 0.322386 0 0 0 1 
34562489690249;0.236877;1.08358;1 -8.38847e-08 -8.03862e-07 -0.176357 8.38848e-08 1 8.85803e-08 7.51212 8.03862e-07 -8.85804e-08 1 -0.438391 0 0 0 1 
34562489690250;0.361013;0.35877;1 1.45006e-08 4.68447e-07 0.111485 -1.45006e-08 1 -5.37752e-09 -0.147441 -4.68447e-07 5.37751e-09 1 0.0363306 0 0 0 1 
34562489690251;0.0844088;0.123752;0.99952 4.13097e-05 -0.030982 9.6618 4.2473e-05 0.999996 0.00270358 -0.488693 0.030982 -0.00270359 0.999516 -13.1464 0 0 0 1 
34562489690252;0.195046;0.366973;1 4.03279e-08 -1.16772e-08 0.519143 -4.03279e-08 1 5.00674e-09 1.72566 1.16772e-08 -5.00674e-09 1 0.0112193 0 0 0 1 
34562489690253;0.120903;0.269452;0.99547 0.000400767 0.0950758 -54.5406 0.000390016 0.999965 -0.00829866 3.31083 -0.0950759 0.00829815 0.995435 29.5951 0 0 0 1 
34562489690254;0.246774;0.303154;1 6.31311e-08 -3.72593e-07 0.503112 -6.31311e-08 1 -1.97905e-08 -0.38172 3.72593e-07 1.97906e-08 1 0.13177 0 0 0 1 
34562489690255;0.134202;0.147202;0.999906 8.59195e-06 0.0136962 -4.88857 7.76832e-06 0.999999 -0.00119445 -0.230617 -0.0136962 0.00119445 0.999905 11.2857 0 0 0 1 
34562489690256;0.130561;0.0926145;0.999893 1.08904e-05 0.0146624 -13.4627 7.87873e-06 0.999999 -0.00128002 1.31239 -0.0146624 0.00128 0.999892 2.72853 0 0 0 1 
34562489690257;0.163799;0.178527;1 3.68797e-07 -0.000782936 -2.80016 -3.15416e-07 1 6.81803e-05 0.643511 0.000782936 -6.818e-05 1 -2.01678 0 0 0 1 
34562489690258;0.294851;0.312677;0.999949 4.28035e-06 -0.0101401 3.17896 4.68089e-06 1 0.000883715 -1.00771 0.0101401 -0.000883717 0.999948 -13.0262 0 0 0 1 
34562489690259;0.334686;1.20089;1 1.83141e-07 -2.34753e-07 0.951033 -1.83141e-07 1 -5.05594e-08 -7.74147 2.34753e-07 5.05595e-08 1 0.229229 0 0 0 1 
34562489690260;0.32082;1.33216;1 2.08519e-08 -8.99567e-07 0.987751 -2.08519e-08 1 1.29249e-08 9.11692 8.99567e-07 -1.29249e-08 1 0.196244 0 0 0 1 
