#;prob_registration_l1 -r /home/probabilistic_point_clouds_registration/build/tester /home/point_clouds_registration_benchmark//devel/registration_pairs/wood_summer_local.txt /home/point_clouds_registration_benchmark//eth/wood_summer -s 0.2 -t 0.2 -p 0.3 -r 1000 -m 1 -i 40 
id;initial_error;final_error;transformation
2318808360000;0.0774618;0.00605244;0.998142 0.04338 0.042798 -0.459223 -0.0430535 0.999036 -0.0085218 0.482553 -0.0431265 0.00666336 0.999047 0.278573 0 0 0 1 
2318808360001;0.306883;0.00910316;0.997352 0.0701273 -0.0192627 -0.111715 -0.0704578 0.997369 -0.0170503 0.616035 0.0180164 0.0183623 0.999669 -0.454659 0 0 0 1 
2318808360002;0.495258;0.386295;0.999412 -0.0307506 -0.0151622 0.284079 0.0306514 0.999507 -0.00672905 -0.270062 0.0153617 0.00626035 0.999862 0.203162 0 0 0 1 
2318808360003;0.524546;0.483386;0.999659 -0.0259865 -0.00272412 0.24163 0.0260254 0.999543 0.0153726 -0.25029 0.0023234 -0.0154382 0.999878 0.0731659 0 0 0 1 
2318808360004;0.20511;0.00552985;0.997732 -0.0642874 0.0199349 0.657555 0.0642708 0.997931 0.00147283 -0.515393 -0.0199884 -0.000188259 0.9998 -0.220093 0 0 0 1 
2318808360005;0.440296;0.415231;0.999916 -0.00958172 0.00878337 0.0341289 0.00945094 0.999846 0.0148111 -0.0985417 -0.00892393 -0.0147269 0.999852 0.118018 0 0 0 1 
2318808360006;0.169359;0.0066367;0.996227 -0.0844671 0.0199121 1.04882 0.0849184 0.996122 -0.0230313 -0.411696 -0.0178894 0.0246353 0.999536 0.0358807 0 0 0 1 
2318808360007;0.299345;0.277316;0.999861 -0.0152177 0.00682738 0.0977562 0.0150971 0.999735 0.0173761 -0.155563 -0.00708999 -0.0172706 0.999826 0.203947 0 0 0 1 
2318808360008;0.34518;0.304446;0.999693 0.0121279 0.021589 -0.185663 -0.0123559 0.999869 0.0104584 0.0810706 -0.0214593 -0.010722 0.999712 0.368359 0 0 0 1 
2318808360009;0.553788;0.515958;0.999919 0.0120445 0.0041833 -0.126052 -0.0119872 0.999838 -0.0134569 0.0520101 -0.0043447 0.0134057 0.999901 -0.0218665 0 0 0 1 
2318808360010;0.296129;0.00691179;0.992534 -0.121948 -0.00210712 1.20446 0.121942 0.991849 0.0369622 -1.22076 -0.00241752 -0.0369432 0.999314 -0.0273212 0 0 0 1 
2318808360011;0.267088;0.200198;0.999471 -0.023219 0.0227675 0.211674 0.0230346 0.9997 0.00832557 -0.16715 -0.022954 -0.00779673 0.999706 0.409276 0 0 0 1 
2318808360012;0.117207;0.00862933;0.996366 -0.00116838 -0.0851631 0.085076 0.0050901 0.998936 0.0458469 -0.163346 0.0850188 -0.0461138 0.995312 -0.324285 0 0 0 1 
2318808360013;0.297157;0.0086876;0.997152 -0.0506424 0.0558862 0.0174619 0.0527257 0.997943 -0.0364539 -0.616875 -0.0539252 0.0392967 0.997771 -0.089913 0 0 0 1 
2318808360014;0.320442;0.00772889;0.999967 0.00772575 0.00240133 -0.0249443 -0.00771876 0.999966 -0.00290476 0.0929367 -0.00242369 0.00288613 0.999993 -0.640315 0 0 0 1 
2318808360015;0.329054;0.294543;0.999526 0.0290898 0.0101228 -0.389872 -0.0288452 0.999307 -0.0235233 0.216179 -0.0108001 0.0232202 0.999672 -0.215695 0 0 0 1 
2318808360016;0.335073;0.0104018;0.999187 0.0402984 -0.00122859 -0.304842 -0.040296 0.999186 0.00189161 0.00833878 0.00130382 -0.00184057 0.999997 -0.56375 0 0 0 1 
2318808360017;0.483715;0.24662;0.995433 0.081737 -0.0493249 -0.786514 -0.0837571 0.995668 -0.0403774 0.651529 0.0458109 0.0443243 0.997966 -0.189893 0 0 0 1 
2318808360018;0.313611;0.303456;0.999912 -0.0125247 -0.00438162 0.129271 0.0125293 0.999921 0.00101376 -0.0900176 0.00436858 -0.00106857 0.99999 -0.00985643 0 0 0 1 
2318808360019;0.502137;0.502114;0.999875 0.00507146 0.0149683 -0.102622 -0.00499353 0.999974 -0.0052388 0.0293287 -0.0149944 0.00516341 0.999874 0.0211259 0 0 0 1 
2318808360020;0.421809;0.0825806;0.978884 0.0162135 0.203773 -0.378048 -0.00430287 0.998263 -0.0587582 0.171574 -0.204371 0.0566406 0.977253 0.424912 0 0 0 1 
2318808360021;0.393879;0.30124;0.995804 -0.0119376 -0.0907298 0.35782 0.0100349 0.999721 -0.0213984 -0.214362 0.0909599 0.0203981 0.995646 -0.721629 0 0 0 1 
2318808360022;0.404256;0.251915;0.999848 0.0136753 -0.0107752 -0.328778 -0.0140347 0.999323 -0.0340156 0.455663 0.0103028 0.0341617 0.999363 -0.539361 0 0 0 1 
2318808360023;0.175152;0.136139;0.999298 -0.0352394 0.0127133 0.304692 0.0352213 0.999378 0.00164673 -0.259771 -0.0127635 -0.0011978 0.999918 0.13022 0 0 0 1 
2318808360024;0.438639;0.0562876;0.995228 -0.00403307 -0.0974911 -0.598402 -0.00568006 0.995056 -0.0991483 0.291309 0.0974091 0.099229 0.990285 -1.83033 0 0 0 1 
2318808360025;0.493149;0.21553;0.995762 -0.09001 0.0188682 0.780944 0.0903099 0.99579 -0.0156943 -0.505667 -0.0173762 0.0173318 0.999699 0.604549 0 0 0 1 
2318808360026;0.26214;0.00860093;0.98083 0.0184053 -0.193994 -0.149406 -0.00642023 0.998041 0.0622292 -0.0380486 0.194759 -0.0597908 0.979027 -0.560365 0 0 0 1 
2318808360027;0.301824;0.286218;0.99991 0.0114375 0.00696263 -0.12424 -0.0112627 0.999633 -0.0246437 0.113465 -0.00724194 0.0245631 0.999672 -0.159601 0 0 0 1 
2318808360028;0.111442;0.00909278;0.999106 -0.0253904 -0.0338139 0.315788 0.0295155 0.991375 0.127687 -0.334057 0.0302802 -0.128571 0.991238 1.08868 0 0 0 1 
2318808360029;0.556383;0.260123;0.994415 -0.0697849 -0.0791816 0.345425 0.0829292 0.980678 0.177181 -0.57093 0.0652872 -0.182758 0.980988 1.83425 0 0 0 1 
2318808360031;0.47988;0.433955;0.999809 -0.00434379 -0.0190575 0.175944 0.004616 0.999888 0.0142633 -0.0358316 0.0189934 -0.0143485 0.999717 -0.0993132 0 0 0 1 
2318808360032;0.536016;0.509146;0.99959 0.0272875 -0.00869852 -0.327278 -0.0275358 0.999176 -0.0298276 0.41493 0.00787743 0.0300549 0.999517 -0.234866 0 0 0 1 
2318808360033;0.38485;0.0929038;0.994368 0.105724 0.00746016 -0.91009 -0.105626 0.994327 -0.0125373 0.980738 -0.00874333 0.0116787 0.999894 -0.636577 0 0 0 1 
2318808360034;0.495664;0.472795;0.999915 0.00404074 -0.0123613 0.0262068 -0.00402365 0.999991 0.0014072 0.0407256 0.0123669 -0.00135734 0.999923 -0.187386 0 0 0 1 
2318808360035;0.329409;0.00923432;0.993717 0.103036 -0.0437097 -0.79944 -0.103242 0.994653 -0.00246233 1.0867 0.0432222 0.00695952 0.999041 -0.981832 0 0 0 1 
2318808360036;0.430313;0.33789;0.996194 0.0190159 -0.0850663 0.108218 -0.0209625 0.999537 -0.0220486 0.185901 0.0846077 0.0237479 0.996131 -0.902926 0 0 0 1 
2318808360037;0.120765;0.00692459;0.994006 0.0127203 -0.108584 0.0290064 -0.0253769 0.992926 -0.115988 0.478645 0.106341 0.118048 0.987298 -2.10386 0 0 0 1 
2318808360038;0.516165;0.295504;0.998441 -0.0475376 0.0292682 0.229745 0.0478827 0.99879 -0.0112063 -0.541847 -0.0287001 0.0125902 0.999509 0.459477 0 0 0 1 
2318808360039;0.413132;0.0862592;0.986017 -0.0744901 0.14907 0.511543 0.0716222 0.99713 0.0245235 -0.203427 -0.150469 -0.0135039 0.988523 1.76243 0 0 0 1 
2318808360040;0.306491;0.0597145;0.99362 0.100204 -0.0517508 -0.747292 -0.0933608 0.988253 0.120997 0.739226 0.0632672 -0.115394 0.991303 0.38764 0 0 0 1 
2318808360041;0.475776;0.377623;0.999628 -0.022364 -0.0156201 0.257099 0.0221321 0.999645 -0.0148651 -0.0629214 0.015947 0.0145138 0.999767 0.133924 0 0 0 1 
2318808360042;0.392346;0.00688682;0.994401 0.0467837 0.0947529 -0.596076 -0.0465857 0.998905 -0.00430188 0.42597 -0.0948504 -0.000136328 0.995492 1.54705 0 0 0 1 
2318808360043;0.212163;0.179925;0.999868 0.00673647 -0.0148181 -0.0507353 -0.00613055 0.999158 0.0405632 0.0022228 0.0150789 -0.040467 0.999067 0.32446 0 0 0 1 
2318808360044;0.216595;0.199903;0.999829 0.00834001 -0.0164889 -0.0753151 -0.00817488 0.999916 0.0100565 0.0336166 0.0165714 -0.00991994 0.999813 -0.015888 0 0 0 1 
2318808360045;0.469606;0.32364;0.998503 0.0141022 -0.0528388 -0.19156 -0.0190085 0.995435 -0.0935339 0.430027 0.0512785 0.0943983 0.994213 -1.15773 0 0 0 1 
2318808360046;0.276896;0.00641509;0.999097 0.0200831 0.0374532 -0.0427531 -0.0198993 0.999788 -0.00527477 -0.318633 -0.0375512 0.00452472 0.999284 0.0966253 0 0 0 1 
2318808360047;0.219223;0.173308;0.99873 -0.0165428 -0.0475882 0.210795 0.0164489 0.999862 -0.00236546 -0.0171443 0.0476207 0.00157968 0.998864 -0.394674 0 0 0 1 
2318808360048;0.2746;0.260696;0.999451 -0.00355312 0.0329308 0.0320153 0.00322806 0.999946 0.009919 -0.0495126 -0.0329642 -0.00980726 0.999408 0.394141 0 0 0 1 
2318808360049;0.475244;0.436002;0.999779 -0.0124379 -0.0169585 0.160236 0.0127733 0.999722 0.0198153 -0.15596 0.0167073 -0.0200276 0.99966 0.0149738 0 0 0 1 
2318808360050;0.266943;0.231911;0.99984 -0.0178098 -0.00178777 0.194362 0.0178308 0.999763 0.0124782 -0.194092 0.00156511 -0.0125081 0.999921 0.0482173 0 0 0 1 
2318808360051;0.316495;0.301832;0.99993 -0.00230272 0.0115857 0.0414743 0.00218905 0.999949 0.00981495 -0.0302905 -0.0116077 -0.00978891 0.999885 0.236054 0 0 0 1 
2318808360052;0.442125;0.387279;0.99683 0.0624254 0.0493346 -0.733241 -0.0614451 0.997886 -0.0211437 0.63757 -0.0505502 0.0180453 0.998558 0.388121 0 0 0 1 
2318808360053;0.502153;0.076155;0.999843 -0.00768793 0.0159524 0.680128 0.00616102 0.995586 0.0936497 -0.24482 -0.016602 -0.0935367 0.995477 1.74246 0 0 0 1 
2318808360054;0.189299;0.176735;0.999777 -0.0210869 -0.000690546 0.227845 0.0210707 0.99961 -0.0183101 -0.145796 0.00107638 0.0182915 0.999832 -0.187835 0 0 0 1 
2318808360055;0.56348;0.389731;0.99455 0.0600359 -0.0852431 -0.279953 -0.0641174 0.996883 -0.045976 0.894921 0.0822172 0.051191 0.995299 -1.01999 0 0 0 1 
2318808360056;0.0419399;0.00593596;0.998653 0.0507124 -0.0109502 -0.53379 -0.0506509 0.998699 0.00582075 0.407796 0.0112311 -0.00525827 0.999923 -0.0259192 0 0 0 1 
2318808360057;0.467263;0.107384;0.999537 -0.0303889 -0.00125362 0.382339 0.0303693 0.999448 -0.0134662 -0.818416 0.00166215 0.0134219 0.999909 -0.603912 0 0 0 1 
2318808360058;0.291617;0.0584039;0.999957 0.00349344 0.00860476 -0.0417072 -0.00446241 0.993321 0.115297 0.407071 -0.00814451 -0.115331 0.993294 1.52812 0 0 0 1 
2318808360059;0.25976;0.181976;0.997806 0.0249696 -0.0613193 -0.0956283 -0.0260704 0.999512 -0.0172182 0.263973 0.0608594 0.018779 0.99797 -0.660284 0 0 0 1 
2318808360060;0.11731;0.00519559;0.991635 0.100032 0.0815753 -1.14607 -0.0959797 0.994015 -0.0521758 0.957041 -0.0863063 0.0439097 0.995301 0.248804 0 0 0 1 
2318808360062;0.468711;0.415596;0.998889 0.0280462 -0.037863 -0.0156042 -0.0271282 0.999331 0.0245454 0.0911036 0.0385261 -0.023491 0.998981 -0.00232471 0 0 0 1 
2318808360063;0.468392;0.021713;0.993461 -0.112871 0.0171576 -0.43374 0.110521 0.988484 0.103364 -1.06921 -0.0286269 -0.100792 0.994496 -0.0405187 0 0 0 1 
2318808360064;0.317402;0.237365;0.999041 0.0430237 0.00809044 -0.252592 -0.0429773 0.999059 -0.0058241 0.304798 -0.0083334 0.00547081 0.99995 -0.284748 0 0 0 1 
2318808360065;0.263432;0.253743;0.999886 -0.0150227 0.00131271 0.102651 0.0150301 0.99987 -0.00586653 -0.080348 -0.00122441 0.00588559 0.999982 0.0349931 0 0 0 1 
2318808360066;0.238324;0.0080226;0.999497 -0.0315869 0.00297924 -0.382903 0.0315436 0.99941 0.0136051 -0.399877 -0.00340723 -0.0135043 0.999903 0.173607 0 0 0 1 
2318808360067;0.429905;0.0243982;0.994096 0.0895372 -0.0612925 0.70078 -0.0860269 0.994621 0.0577005 0.541161 0.0661291 -0.052087 0.996451 -0.508597 0 0 0 1 
2318808360068;0.55967;0.526869;0.999549 -0.0153447 -0.02583 0.120459 0.0154246 0.999877 0.00289932 -0.129524 0.0257823 -0.00329643 0.999662 -0.169347 0 0 0 1 
2318808360069;0.324897;0.00739204;0.997548 0.0638626 0.0286175 0.184694 -0.0641839 0.997883 0.0104512 0.124749 -0.0278895 -0.0122624 0.999536 -0.373144 0 0 0 1 
2318808360070;0.327797;0.0186549;0.996863 0.0468135 0.0638244 0.497239 -0.0432658 0.9975 -0.0558771 0.272382 -0.0662807 0.0529404 0.996396 0.0319806 0 0 0 1 
2318808360071;0.127608;0.00495559;0.988934 0.124448 0.0807601 -0.440568 -0.124715 0.992191 -0.00175437 0.785898 -0.0803477 -0.008337 0.996732 0.44768 0 0 0 1 
2318808360072;0.27755;0.248174;0.999607 -0.0215054 -0.0179696 0.0664984 0.021646 0.999736 0.00766661 -0.12988 0.0178 -0.00805257 0.999809 -0.194488 0 0 0 1 
2318808360073;0.377754;0.216378;0.998256 -0.0517434 0.0284246 0.0855852 0.0523208 0.998431 -0.0199581 -0.30908 -0.0273473 0.0214105 0.999397 -0.347377 0 0 0 1 
2318808360074;0.367604;0.357303;0.999844 -0.0156117 -0.00827735 0.119303 0.0156122 0.999878 -1.16721e-05 -0.111404 0.00827653 -0.000117557 0.999966 -0.0318685 0 0 0 1 
2318808360075;0.223733;0.218977;0.999949 -0.00645612 0.00772575 0.101736 0.00643197 0.999974 0.0031467 -0.096384 -0.00774587 -0.00309685 0.999965 0.0626001 0 0 0 1 
2318808360076;0.344651;0.283858;0.99984 -0.0141724 -0.0108902 0.162236 0.0142937 0.999836 0.011135 -0.106957 0.0107306 -0.0112889 0.999879 0.0741494 0 0 0 1 
2318808360077;0.167206;0.150884;0.999987 0.00286311 0.00418587 0.0368664 -0.0028848 0.999982 0.00518584 0.032709 -0.00417094 -0.00519785 0.999978 0.00247709 0 0 0 1 
2318808360078;0.455663;0.400624;0.999835 0.0101549 0.0150563 -0.263815 -0.010077 0.999935 -0.00524005 0.0465745 -0.0151086 0.00508746 0.999873 -0.254091 0 0 0 1 
2318808360079;0.349782;0.203303;0.999049 0.0426476 0.00904023 -0.0270041 -0.0426257 0.999088 -0.00259807 0.262166 -0.00914278 0.00221025 0.999956 0.432623 0 0 0 1 
2318808360080;0.31557;0.259918;0.9988 0.0101715 -0.0479111 -0.028225 -0.00660633 0.997237 0.0739908 -0.0347838 0.0485314 -0.0735855 0.996107 -0.0822829 0 0 0 1 
2318808360081;0.265138;0.252301;0.999916 0.0102445 0.00787892 -0.0809359 -0.0101297 0.999844 -0.0144693 0.0761148 -0.00802592 0.0143882 0.999864 0.055429 0 0 0 1 
2318808360082;0.291619;0.281258;0.999746 0.0189179 -0.0122605 -0.0337102 -0.0190348 0.999774 -0.00948751 0.0971624 0.0120782 0.00971848 0.99988 -0.103829 0 0 0 1 
2318808360083;0.406111;0.0507398;0.993414 -0.113693 0.0142181 -0.0561393 0.112786 0.99218 0.0534605 -0.698061 -0.020185 -0.0515048 0.998469 -0.409389 0 0 0 1 
2318808360084;0.25521;0.244658;0.999847 0.0174721 0.000864719 0.0106189 -0.0174585 0.999752 -0.0138579 0.0815979 -0.00110663 0.0138406 0.999904 -0.0348371 0 0 0 1 
2318808360085;0.097134;0.00380211;0.999187 -0.010978 0.03879 -0.0439773 0.0101743 0.999731 0.0208564 0.00513387 -0.0390085 -0.0204448 0.99903 0.47235 0 0 0 1 
2318808360086;0.630308;0.606375;0.999769 0.0124875 -0.0175141 0.00986373 -0.0122155 0.999804 0.0155525 0.0379199 0.0177049 -0.0153349 0.999726 -0.0803841 0 0 0 1 
2318808360087;0.164964;0.0181705;0.990316 0.133464 0.0382261 -0.322124 -0.129114 0.986602 -0.0997324 1.01072 -0.0510246 0.0938311 0.99428 0.0203359 0 0 0 1 
2318808360088;0.426784;0.407635;0.999927 0.0081094 0.00890582 -0.0261438 -0.00807065 0.999958 -0.00437847 0.024037 -0.00894095 0.00430627 0.999951 0.0984397 0 0 0 1 
2318808360089;0.0156956;0.00270076;0.999887 -0.0128031 -0.00793818 0.0531589 0.0129068 0.99983 0.0131536 -0.0896967 0.00776842 -0.0132546 0.999882 -0.00128952 0 0 0 1 
2318808360090;0.105965;0.0040039;0.99984 0.00898576 -0.0154782 -0.166931 -0.00922309 0.99984 -0.0153308 0.219782 0.015338 0.0154711 0.999763 -0.0399372 0 0 0 1 
2318808360091;0.471367;0.445662;0.999904 -0.00769884 -0.011545 -0.0492906 0.00754959 0.999888 -0.0129162 0.0409495 0.0116432 0.0128278 0.99985 -0.0926623 0 0 0 1 
2318808360093;0.358587;0.0401155;0.997012 0.0673209 0.0378689 -0.144155 -0.0679296 0.997577 0.0150222 0.705092 -0.0367658 -0.0175497 0.99917 -0.554548 0 0 0 1 
2318808360094;0.104341;0.00766412;0.997117 0.0758528 -0.00197606 0.117966 -0.0758771 0.9966 -0.0321103 0.301495 -0.000466312 0.0321677 0.999482 0.0979857 0 0 0 1 
2318808360095;0.369651;0.341268;0.999858 -0.0099404 0.013572 -0.0690667 0.00997161 0.999948 -0.00223399 -0.0681623 -0.0135491 0.002369 0.999905 -0.0345243 0 0 0 1 
2318808360096;0.316121;0.00535986;0.999643 0.0248031 -0.00996579 0.697271 -0.0246818 0.999622 0.0121102 0.265026 0.0102624 -0.0118599 0.999877 0.331842 0 0 0 1 
2318808360097;0.369151;0.345385;0.999701 0.0158158 0.0186396 -0.00769946 -0.0157172 0.999862 -0.00542035 0.0519041 -0.0187227 0.00512577 0.999812 0.060389 0 0 0 1 
2318808360098;0.287285;0.255857;0.999898 -0.0131433 0.00562474 -0.0441306 0.013141 0.999914 0.000437594 -0.0585336 -0.00563001 -0.000363634 0.999984 -0.0566134 0 0 0 1 
2318808360099;0.367143;0.349736;0.999818 -0.0144341 0.0124949 -0.0612439 0.0144981 0.999882 -0.00504283 -0.0503306 -0.0124206 0.00522306 0.999909 -0.0185408 0 0 0 1 
2318808360100;0.403666;0.135319;0.998247 -0.0523096 -0.0276814 0.641123 0.053478 0.99763 0.0433026 -0.345113 0.0253507 -0.0447071 0.998678 -0.518691 0 0 0 1 
2318808360101;0.302239;0.265145;0.999329 -0.0178971 0.0319551 -0.0638372 0.0180449 0.999828 -0.00434353 -0.109299 -0.0318719 0.00491725 0.99948 0.105042 0 0 0 1 
2318808360102;0.281834;0.262146;0.999931 0.0110578 -0.0038986 -0.016024 -0.0109895 0.999793 0.0171475 0.00757806 0.0040874 -0.0171035 0.999845 -0.0418666 0 0 0 1 
2318808360103;0.378578;0.347966;0.997106 0.0436104 -0.0622681 0.06391 -0.0427237 0.998967 0.0155008 0.334238 0.0628798 -0.0127956 0.997939 -0.257596 0 0 0 1 
2318808360104;0.557659;0.513129;0.999793 -0.0154654 0.0132113 -0.0676187 0.0154981 0.999877 -0.00237691 -0.0801904 -0.0131729 0.00258117 0.99991 -0.0503234 0 0 0 1 
2318808360105;0.460355;0.43334;0.999955 -0.00899787 0.00291149 0.0261082 0.00900514 0.999956 -0.00249172 -0.0194 -0.00288894 0.00251783 0.999993 -0.0771509 0 0 0 1 
2318808360106;0.53681;0.331133;0.994827 0.00695456 -0.101342 0.520553 -0.0084284 0.999865 -0.0141223 0.386626 0.10123 0.0149034 0.994751 -0.377759 0 0 0 1 
2318808360107;0.116161;0.00757184;0.994319 -0.0194305 0.104653 -0.0476076 0.0292936 0.995184 -0.0935495 -0.0632244 -0.102332 0.0960837 0.990099 0.621178 0 0 0 1 
2318808360108;0.426496;0.382059;0.999961 0.00878843 -0.000474489 0.075078 -0.00878907 0.99996 -0.00137143 0.0126842 0.000462418 0.00137555 0.999999 -0.100241 0 0 0 1 
2318808360109;0.361092;0.0872152;0.997548 0.0642102 0.0278395 -0.712754 -0.0630727 0.997208 -0.0399725 0.550314 -0.0303284 0.0381186 0.998813 -0.034476 0 0 0 1 
2318808360110;0.188673;0.160998;0.999844 -0.00630408 -0.0164954 0.0604358 0.00611625 0.999916 -0.0114124 0.0279862 0.016566 0.0113098 0.999799 -0.0914736 0 0 0 1 
2318808360111;0.302097;0.251236;0.999848 0.00963133 -0.0145484 -0.145818 -0.00930371 0.999705 0.0224221 0.032183 0.01476 -0.0222834 0.999643 -0.118911 0 0 0 1 
2318808360112;0.226828;0.215509;0.999913 -0.0115446 -0.00632774 0.0184588 0.0115784 0.999919 0.00532652 -0.103151 0.00626573 -0.00539932 0.999966 0.0173049 0 0 0 1 
2318808360113;0.311079;0.299836;0.999859 -0.00723546 -0.0151564 -0.00623217 0.00716699 0.999964 -0.00456695 -0.0171732 0.0151889 0.00445768 0.999875 -0.0598784 0 0 0 1 
2318808360114;0.267587;0.0115702;0.992068 -0.0507029 0.115019 -0.035988 0.0498365 0.998703 0.0103975 0.0579581 -0.115397 -0.00458283 0.993309 1.11424 0 0 0 1 
2318808360115;0.283003;0.260595;0.999824 -0.0123815 0.0141148 -0.0989368 0.0121982 0.999841 0.012998 -0.0834615 -0.0142735 -0.0128235 0.999816 0.109376 0 0 0 1 
2318808360116;0.15967;0.00651435;1 -9.80031e-05 -0.000352664 0.217349 9.83088e-05 1 0.000866991 0.00674454 0.000352579 -0.000867026 1 -0.344407 0 0 0 1 
2318808360117;0.274094;0.249942;0.999794 0.0153296 -0.0133011 0.0681926 -0.015463 0.999831 -0.00998482 0.0848233 0.0131458 0.0101884 0.999862 -0.0570998 0 0 0 1 
2318808360118;0.309171;0.0162855;0.996754 -0.0608686 0.0526867 0.217684 0.0661376 0.992287 -0.104843 -0.0321072 -0.0458986 0.107988 0.993092 0.865445 0 0 0 1 
2318808360119;0.136528;0.122613;0.999987 -0.000434444 -0.00506541 -0.00988999 0.000518577 0.999862 0.0166199 -0.016134 0.00505749 -0.0166223 0.999849 0.0140037 0 0 0 1 
2318808360120;0.394337;0.355902;0.999906 -0.0133827 0.00305272 -0.0240009 0.0133772 0.999909 0.00179862 -0.0583602 -0.00307651 -0.00175762 0.999994 -0.0876124 0 0 0 1 
2318808360121;0.407083;0.364057;0.999052 -0.0205488 0.0383661 -0.171003 0.0201972 0.999751 0.0095301 -0.16877 -0.0385524 -0.00874618 0.999218 0.0228641 0 0 0 1 
2318808360122;0.325576;0.225753;0.997535 0.00207515 -0.0701436 0.336662 -0.00353417 0.99978 -0.0206828 0.140098 0.0700853 0.0208797 0.997322 -0.225619 0 0 0 1 
2318808360124;0.330187;0.195414;0.996669 -0.0343958 0.0739481 0.285355 0.0306049 0.998188 0.0518004 -0.446131 -0.0755959 -0.0493646 0.995916 0.882651 0 0 0 1 
2318808360125;0.152771;0.00866841;0.98949 -0.144534 -0.00448391 1.49336 0.144582 0.9894 0.0135216 -1.18553 0.00248204 -0.0140278 0.999899 0.218373 0 0 0 1 
2318808360126;0.0910746;0.0110695;0.997895 0.00914301 -0.0642043 -0.124368 -0.0110931 0.999486 -0.0300831 0.198512 0.0638963 0.030732 0.997483 -0.820071 0 0 0 1 
2318808360127;0.146509;0.00885283;0.993299 -0.107388 0.0427254 1.05056 0.105531 0.993461 0.0435641 -0.816788 -0.0471243 -0.0387633 0.998137 0.948692 0 0 0 1 
2318808360128;0.288596;0.273829;0.999098 0.0185391 -0.0381957 -0.166638 -0.0194503 0.999532 -0.0236242 0.146934 0.0377398 0.0243458 0.998991 -0.415829 0 0 0 1 
2318808360129;0.489639;0.469126;0.999718 -0.00102726 -0.0237142 0.114167 0.000705503 0.999908 -0.0135724 -0.00104311 0.023726 0.0135518 0.999627 -0.275555 0 0 0 1 
2318808360130;0.532869;0.433226;0.999604 -0.0180238 0.0215881 -0.059271 0.0173002 0.999297 0.0332487 -0.112113 -0.0221722 -0.0328621 0.999214 0.524192 0 0 0 1 
2318808360131;0.255773;0.00374092;0.998696 -0.00835805 0.0503719 -0.0746763 0.00369776 0.99576 0.0919099 -0.135126 -0.0509266 -0.0916037 0.994492 0.823066 0 0 0 1 
2318808360132;0.368015;0.347082;0.99944 0.0209959 0.026074 -0.308306 -0.0206157 0.999678 -0.0147655 0.173076 -0.0263757 0.0142197 0.999551 0.0682421 0 0 0 1 
2318808360133;0.203483;0.177075;0.999933 0.00733982 -0.00890832 -0.0826801 -0.0071745 0.999804 0.0184503 -0.0103752 0.00904199 -0.0183851 0.99979 0.0649493 0 0 0 1 
2318808360134;0.215895;0.00532217;0.99714 -0.0195282 -0.0730166 0.609265 0.0167004 0.999094 -0.0391399 -0.209336 0.0737148 0.0378085 0.996562 -0.741693 0 0 0 1 
2318808360135;0.357096;0.328165;0.99969 0.0181993 -0.0170054 -0.152024 -0.0182913 0.999819 -0.00527104 0.140601 0.0169064 0.00558045 0.999842 -0.0234316 0 0 0 1 
2318808360136;0.39267;0.0195432;0.990985 -0.0876481 0.101326 0.868377 0.101155 0.985402 -0.136929 -0.057433 -0.087845 0.145944 0.985385 -0.227811 0 0 0 1 
2318808360137;0.205186;0.00681859;0.981331 -0.0120544 -0.19195 0.665069 0.0178047 0.999442 0.0282607 -0.190276 0.191502 -0.0311507 0.980998 -1.16653 0 0 0 1 
2318808360138;0.524941;0.0123331;0.986352 -0.157701 0.047322 1.31232 0.157518 0.987487 0.00761209 -1.32366 -0.0479302 -5.41635e-05 0.998851 -0.567967 0 0 0 1 
2318808360139;0.224459;0.155416;0.998527 0.0531459 0.0109453 -0.575944 -0.0522162 0.995998 -0.0725354 0.589412 -0.0147565 0.071857 0.997306 -0.508668 0 0 0 1 
2318808360140;0.242736;0.00616879;0.992542 0.0657799 0.102635 -0.757592 -0.0560788 0.993925 -0.0947019 0.72734 -0.108241 0.0882399 0.990201 -0.414802 0 0 0 1 
2318808360141;0.27546;0.239543;0.999692 0.020556 0.0139041 -0.204795 -0.0205727 0.999788 0.00105958 0.154362 -0.0138794 -0.00134529 0.999903 0.0304373 0 0 0 1 
2318808360142;0.19755;0.0100309;0.993826 -0.102787 0.041758 0.938073 0.102555 0.994698 0.00767839 -0.582804 -0.0423258 -0.0033485 0.999098 0.0617113 0 0 0 1 
2318808360143;0.359468;0.00451383;0.970656 -0.0709446 -0.229768 1.0921 0.076218 0.996991 0.0141463 -0.655517 0.228073 -0.0312436 0.973143 -0.804223 0 0 0 1 
2318808360144;0.260225;0.225785;0.999787 -0.0197765 0.00581989 0.108552 0.0197511 0.999795 0.00438926 -0.184874 -0.0059055 -0.00427338 0.999973 0.0355495 0 0 0 1 
2318808360145;0.465801;0.259195;0.991839 -0.0672554 0.108317 0.532657 0.0665913 0.997733 0.00974109 -0.445073 -0.108727 -0.00244861 0.994069 1.2901 0 0 0 1 
2318808360146;0.208847;0.196303;0.999765 -0.0206066 -0.0067725 0.19053 0.020506 0.999683 -0.0146126 -0.105272 0.00707147 0.0144703 0.99987 -0.167278 0 0 0 1 
2318808360147;0.522631;0.0874042;0.970804 0.195203 0.139414 -2.11767 -0.176145 0.974633 -0.138069 1.94969 -0.162829 0.109481 0.980561 -0.540529 0 0 0 1 
2318808360148;0.348601;0.236112;0.998684 0.0410728 0.0306968 -0.511293 -0.041924 0.998739 0.0276203 0.177275 -0.0295237 -0.0288709 0.999147 0.723189 0 0 0 1 
2318808360149;0.220362;0.0028244;0.984878 0.170334 -0.0316504 -1.59689 -0.171328 0.984697 -0.0319265 1.55174 0.0257279 0.0368663 0.998989 -0.867768 0 0 0 1 
2318808360150;0.310305;0.0054171;0.997246 0.0672322 0.0313046 -0.975534 -0.0688022 0.996268 0.0521169 0.551411 -0.0276838 -0.0541272 0.99815 0.221555 0 0 0 1 
2318808360151;0.0639999;0.00445961;0.998906 0.0249599 -0.039537 -0.168739 -0.02351 0.999049 0.0367202 0.14171 0.0404159 -0.0357505 0.998543 0.122513 0 0 0 1 
2318808360152;0.508923;0.40282;0.999905 -0.00775387 -0.0113885 0.161821 0.00736029 0.999388 -0.034204 -0.00354448 0.0116467 0.0341169 0.99935 -0.0831667 0 0 0 1 
2318808360153;0.520442;0.365937;0.999785 0.020703 -0.000597599 -0.217221 -0.0207076 0.998602 -0.0486355 0.219508 -0.000410137 0.0486374 0.998816 -0.0390668 0 0 0 1 
2318808360155;0.242296;0.245516;0.999944 -0.00351222 0.00997061 0.315238 0.00382015 0.999511 -0.0310338 -0.15611 -0.00985674 0.0310702 0.999469 -0.176236 0 0 0 1 
2318808360156;0.545461;0.145892;0.983738 -0.127559 0.126443 1.04518 0.114352 0.98769 0.106738 -1.38107 -0.138502 -0.0905433 0.986215 1.05143 0 0 0 1 
2318808360157;0.417219;0.395053;0.999639 -0.015822 -0.0217194 0.13677 0.0153807 0.999675 -0.0203358 -0.0603576 0.0220341 0.0199944 0.999557 -0.27161 0 0 0 1 
2318808360158;0.428586;0.417369;0.999916 0.00701641 -0.010938 -0.0588205 -0.00716819 0.999878 -0.0138993 0.0867244 0.0108392 0.0139765 0.999844 -0.121984 0 0 0 1 
2318808360159;0.360686;0.335984;0.999959 -0.00695852 -0.0058311 0.104945 0.00680093 0.999622 -0.0266234 0.0502139 0.00601416 0.0265826 0.999629 -0.258832 0 0 0 1 
2318808360160;0.334724;0.330578;0.999865 0.0053165 0.0155666 -0.0412805 -0.00533991 0.999985 0.00146288 -0.0106878 -0.0155586 -0.0015458 0.999878 0.0723601 0 0 0 1 
2318808360161;0.319806;0.300567;0.999871 0.00772601 0.0140764 -0.125781 -0.00792554 0.999868 0.0141744 -0.0176669 -0.0139651 -0.0142841 0.9998 0.166891 0 0 0 1 
2318808360162;0.00881013;0.00330291;0.999999 0.000658903 0.000912104 -0.00228936 -0.000661057 0.999997 0.00236289 0.000641917 -0.000910545 -0.0023635 0.999997 0.040012 0 0 0 1 
2318808360163;0.15049;0.00600072;0.995369 0.0958399 -0.00744133 -0.923344 -0.0958744 0.995384 -0.00442101 0.566416 0.00698326 0.00511397 0.999963 0.0583545 0 0 0 1 
2318808360164;0.34564;0.33748;0.999904 0.000578894 0.0138571 -0.0690891 -0.000363756 0.999879 -0.0155229 0.0272536 -0.0138644 0.0155164 0.999783 -0.0581089 0 0 0 1 
2318808360165;0.629483;0.259947;0.974702 -0.058529 0.215709 -0.00952412 0.0722746 0.995789 -0.056389 -0.618749 -0.211501 0.0705528 0.974828 0.466804 0 0 0 1 
2318808360166;0.356263;0.00486574;0.997094 0.0641919 -0.0410207 -0.117196 -0.0667561 0.99568 -0.0645433 0.309143 0.0367003 0.0670941 0.997071 -0.398814 0 0 0 1 
2318808360167;0.348773;0.223092;0.99689 -0.0118427 0.0779064 0.018748 0.021526 0.991966 -0.124656 0.200449 -0.0758042 0.125946 0.989137 -0.470642 0 0 0 1 
2318808360168;0.491205;0.052934;0.975455 -0.100921 -0.19571 0.911579 0.12431 0.986 0.111138 -0.588956 0.181754 -0.132739 0.974344 0.611513 0 0 0 1 
2318808360169;0.364685;0.00795233;0.999654 -0.016049 -0.0208312 0.340907 0.0156634 0.999705 -0.0185444 0.333927 0.0211226 0.0182117 0.999611 -0.891644 0 0 0 1 
2318808360170;0.293853;0.00160647;0.99925 0.0283399 0.0263794 -0.4908 -0.0282989 0.999598 -0.00192683 0.137705 -0.0264233 0.00117888 0.99965 -0.35851 0 0 0 1 
2318808360171;0.404455;0.0472577;0.995698 0.054381 0.0750258 -0.929433 -0.0692089 0.974836 0.211907 0.082139 -0.0616141 -0.216188 0.974406 2.18475 0 0 0 1 
2318808360172;0.214721;0.167172;0.999717 -0.010494 0.0213431 0.152008 0.010365 0.999927 0.00614458 -0.0465774 -0.0214061 -0.00592162 0.999753 0.33417 0 0 0 1 
2318808360173;0.439959;0.419299;0.999956 -0.00763909 0.00552017 0.108372 0.00777644 0.99965 -0.0253024 -0.0396624 -0.00532495 0.0253442 0.999665 -0.215216 0 0 0 1 
2318808360174;0.284722;0.218806;0.999052 -0.0173224 0.0399314 0.139187 0.0213937 0.994358 -0.103898 -0.0376918 -0.0379063 0.104653 0.993786 -0.815256 0 0 0 1 
2318808360175;0.207536;0.00597879;0.997083 -0.0495147 -0.0580776 0.519837 0.0477664 0.998374 -0.0311152 -0.695839 0.0595238 0.0282503 0.997827 -0.819067 0 0 0 1 
2318808360176;0.417626;0.374004;0.999797 -0.0133816 0.0150627 -0.0132547 0.0129383 0.999491 0.0291519 -0.134343 -0.0154451 -0.0289511 0.999461 0.319051 0 0 0 1 
2318808360177;0.414555;0.0676239;0.967352 -0.0518949 -0.248065 1.28272 0.0278311 0.994643 -0.0995483 0.0892332 0.251903 0.0893943 0.963615 -2.2083 0 0 0 1 
2318808360178;0.192544;0.00673454;0.994989 -0.0992416 0.0121411 0.885469 0.0991719 0.995051 0.00621714 -0.624559 -0.012698 -0.00498194 0.999907 -0.194665 0 0 0 1 
2318808360179;0.369856;0.270484;0.999787 0.0206246 0.000735528 -0.201297 -0.0205886 0.999231 -0.0333636 0.164666 -0.00142307 0.0333413 0.999443 -0.0245744 0 0 0 1 
2318808360180;0.269585;0.00796215;0.999887 0.00888559 0.0121037 -0.0929099 -0.00900819 0.999908 0.0101127 0.11994 -0.0120127 -0.0102206 0.999876 0.717865 0 0 0 1 
2318808360181;0.159003;0.00511925;0.999081 -0.0413174 -0.0114009 0.270516 0.0414316 0.999092 0.0099672 -0.298148 0.0109787 -0.0104304 0.999885 0.290768 0 0 0 1 
2318808360182;0.250033;0.208546;0.999954 -0.00605376 0.00742472 -0.050519 0.00595459 0.999894 0.0133078 -0.0989377 -0.00750449 -0.013263 0.999884 0.149844 0 0 0 1 
2318808360183;0.583654;0.495609;0.999056 -0.0145798 0.0409221 0.0043801 0.0133432 0.999451 0.0303309 -0.357361 -0.0413418 -0.0297562 0.998702 0.273477 0 0 0 1 
2318808360184;0.254669;0.0049946;0.988172 0.151019 -0.0266436 -1.12903 -0.150383 0.988325 0.0244524 1.28859 0.0300253 -0.0201564 0.999346 0.347017 0 0 0 1 
2318808360186;0.32371;0.296513;0.999716 -0.00302738 -0.0236567 -0.182912 0.0028501 0.999968 -0.00752379 0.0709301 0.0236787 0.00745422 0.999692 -0.09325 0 0 0 1 
2318808360187;0.391738;0.356258;0.998868 -0.038568 -0.0278575 0.158785 0.039315 0.998868 0.0267815 -0.215715 0.026793 -0.0278464 0.999253 -0.0782611 0 0 0 1 
2318808360188;0.250929;0.220498;0.999467 -0.0315667 0.00826581 0.119642 0.0314489 0.999407 0.0140172 -0.201693 -0.00870338 -0.0137498 0.999868 0.0518092 0 0 0 1 
2318808360189;0.35413;0.266808;0.996643 0.0405276 -0.0711329 0.0015074 -0.0382747 0.99873 0.032754 0.252813 0.0723701 -0.0299215 0.996929 -0.129137 0 0 0 1 
2318808360190;0.38404;0.267846;0.998053 0.0361619 0.0508105 -0.182405 -0.0359536 0.999341 -0.005009 0.169107 -0.0509581 0.00317244 0.998696 0.0247533 0 0 0 1 
2318808360191;0.142007;0.00712086;0.993905 -0.0607703 0.0919795 0.290806 0.057827 0.997736 0.0343357 -0.348869 -0.0938579 -0.0288075 0.995169 0.412736 0 0 0 1 
2318808360192;0.308225;0.00414953;0.997871 -0.0463667 0.0458622 -0.590234 0.0478138 0.998376 -0.0309748 -0.179678 -0.0443515 0.0331017 0.998467 0.167606 0 0 0 1 
2318808360193;0.19468;0.013024;0.988386 0.0844535 -0.126335 -0.130797 -0.0749143 0.994099 0.0784491 0.652417 0.132214 -0.0680737 0.988881 -0.656189 0 0 0 1 
2318808360194;0.35362;0.00334396;0.994841 -0.032353 0.0961526 -0.182593 0.0304495 0.999311 0.0211992 -0.811832 -0.0967722 -0.018162 0.995141 0.187856 0 0 0 1 
2318808360195;0.220312;0.0411252;0.996565 -0.0822277 0.00988417 0.283053 0.0808842 0.99197 0.0972305 -0.480127 -0.0177998 -0.096097 0.995213 0.0332352 0 0 0 1 
2318808360196;0.321597;0.0087785;0.995189 0.0477881 0.0855259 -0.47241 -0.0428702 0.99737 -0.0584432 0.651891 -0.0880938 0.0544955 0.99462 0.894329 0 0 0 1 
2318808360197;0.117422;0.0100789;0.999836 -0.00629386 0.0170063 0.177129 0.00576587 0.999505 0.0309196 -0.0531059 -0.0171925 -0.0308165 0.999377 0.385564 0 0 0 1 
2318808360198;0.145591;0.00921415;0.996005 -0.0717125 -0.0532125 0.136772 0.0714474 0.997421 -0.00687115 -0.45107 0.053568 0.00304181 0.99856 -0.575985 0 0 0 1 
2318808360199;0.334769;0.00997189;0.999998 -0.000354065 -0.00179837 -0.228692 0.000348325 0.999995 -0.00319059 0.00293046 0.00179949 0.00318996 0.999993 0.713432 0 0 0 1 
2318808360200;0.307694;0.183647;0.995129 0.0904406 -0.0392151 -0.116298 -0.0898739 0.995825 0.0159856 0.703693 0.0404971 -0.0123834 0.999103 -0.0931265 0 0 0 1 
2318808360201;0.28708;0.00858857;0.994716 -0.102298 0.00870324 0.839726 0.102351 0.994731 -0.00587849 -0.485645 -0.00805603 0.00673821 0.999945 0.337888 0 0 0 1 
2318808360202;0.140274;0.0110716;0.990756 0.135562 -0.00499913 -0.271231 -0.135627 0.990626 -0.0163048 0.890058 0.00274195 0.0168321 0.999855 0.0837359 0 0 0 1 
2318808360203;0.354364;0.155922;0.998569 0.0470275 -0.0254825 -0.166635 -0.0442668 0.994023 0.0997919 -0.106452 0.0300232 -0.098521 0.994682 0.477888 0 0 0 1 
2318808360204;0.41534;0.39575;0.999604 -0.00945972 0.0265011 0.00426149 0.00943619 0.999955 0.00101287 -0.0307232 -0.0265095 -0.000762403 0.999648 0.129434 0 0 0 1 
2318808360205;0.260883;0.207021;0.99969 -0.0180752 -0.0171011 0.0673128 0.0180654 0.999837 -0.000726424 -0.163056 0.0171115 0.00041726 0.999854 0.0225086 0 0 0 1 
2318808360206;0.381649;0.361626;0.999784 -0.0124724 0.0166307 0.0139012 0.012739 0.99979 -0.0160212 -0.0281256 -0.0164274 0.0162296 0.999733 0.0370151 0 0 0 1 
2318808360207;0.376035;0.343056;0.999472 0.0246504 0.0211884 -0.117646 -0.0243934 0.999627 -0.0123028 0.199919 -0.0214838 0.0117795 0.9997 0.0882872 0 0 0 1 
2318808360208;0.370049;0.0248091;0.995082 0.0182444 0.0973607 -0.388592 -0.026528 0.996072 0.0844774 0.049494 -0.095437 -0.0866447 0.991657 1.51948 0 0 0 1 
2318808360209;0.193142;0.181302;0.999853 0.0143038 -0.00949795 -0.0403148 -0.0143678 0.999874 -0.00670534 0.122932 0.00940084 0.00684082 0.999932 -0.0570893 0 0 0 1 
2318808360210;0.416709;0.391865;0.99958 -0.0287538 0.00353529 0.127764 0.0286829 0.999414 0.018706 -0.20893 -0.00407109 -0.0185968 0.999819 0.042571 0 0 0 1 
2318808360211;0.229662;0.211012;0.999898 -0.0100744 -0.0101244 0.0627312 0.0102682 0.999761 0.0192745 -0.084495 0.00992777 -0.0193765 0.999763 -0.0266698 0 0 0 1 
2318808360212;0.235303;0.22996;0.999891 0.0146617 0.00150025 -0.0577457 -0.0146532 0.999877 -0.00551553 0.116678 -0.00158094 0.00549295 0.999984 -0.021791 0 0 0 1 
2318808360213;0.418371;0.222994;0.999274 0.0380982 0.000729157 -0.185471 -0.0380804 0.999131 -0.0169447 0.338602 -0.00137409 0.0169047 0.999856 0.571639 0 0 0 1 
2318808360214;0.104638;0.0102156;0.993545 0.113438 -0.000417944 -0.257571 -0.113318 0.992649 0.0425142 0.56665 0.0052376 -0.0421924 0.999096 -0.00284131 0 0 0 1 
2318808360215;0.379457;0.362688;0.999718 0.00377091 -0.0234297 -0.00150931 -0.00412651 0.999877 -0.0151473 0.0596528 0.0233697 0.0152397 0.999611 -0.129044 0 0 0 1 
2318808360217;0.475077;0.332529;0.990702 0.0862788 -0.105189 -0.261846 -0.0932597 0.993624 -0.0633509 0.775229 0.099053 0.0725719 0.992432 -0.731183 0 0 0 1 
2318808360218;0.538469;0.287242;0.995939 -0.0815224 -0.0381976 0.886735 0.0817469 0.996644 0.00434918 -0.358767 0.0377148 -0.00745405 0.999261 0.429382 0 0 0 1 
2318808360219;0.26223;0.228671;0.99987 -0.00147086 -0.0160845 -0.0426699 0.00151671 0.999995 0.00283823 0.0178687 0.0160802 -0.00286226 0.999867 -0.116447 0 0 0 1 
2318808360220;0.178884;0.0165242;0.993816 0.0769729 0.0800293 -0.606035 -0.0672982 0.990818 -0.117259 0.708714 -0.0883203 0.111148 0.989871 0.0993947 0 0 0 1 
2318808360221;0.32248;0.311012;0.999637 -0.0245623 0.0110864 0.169915 0.0244273 0.999628 0.0121509 -0.170834 -0.0113807 -0.0118757 0.999865 0.133262 0 0 0 1 
2318808360222;0.547442;0.404186;0.999853 0.00113933 -0.0171249 -0.0920221 -0.00187235 0.99908 -0.0428492 -0.162411 0.0170603 0.0428749 0.998935 0.00638629 0 0 0 1 
2318808360223;0.279763;0.253421;0.999876 0.0110504 0.0112514 -0.0930035 -0.0111491 0.9999 0.00874742 0.017069 -0.0111536 -0.00887177 0.999898 0.0456665 0 0 0 1 
2318808360224;0.19078;0.174773;0.999669 -0.0250391 -0.00592135 0.148203 0.0250562 0.999682 0.00282259 -0.178904 0.00584879 -0.00297002 0.999978 -0.078195 0 0 0 1 
2318808360225;0.382191;0.320205;0.999164 0.0344642 0.0219801 -0.209557 -0.0344576 0.999406 -0.000681676 0.149306 -0.0219905 -7.62733e-05 0.999758 -0.00240838 0 0 0 1 
2318808360226;0.232462;0.168976;0.999407 -0.0301647 -0.0166202 0.19968 0.0306109 0.999159 0.0272824 -0.218516 0.0157833 -0.027775 0.99949 0.218014 0 0 0 1 
2318808360227;0.121258;0.0109185;0.999999 0.000120143 0.00156352 0.00417087 -0.000127528 0.999989 0.00472425 0.0256612 -0.00156294 -0.00472444 0.999988 -0.1942 0 0 0 1 
2318808360228;0.342472;0.33203;0.999926 0.011857 -0.00269178 -0.104999 -0.0118844 0.999875 -0.0104214 0.083422 0.00256788 0.0104526 0.999942 -0.0997766 0 0 0 1 
2318808360229;0.411101;0.0158563;0.983027 -0.00045979 0.183461 -0.477796 0.0226597 0.992644 -0.118928 -0.0131581 -0.182057 0.121067 0.975806 1.05689 0 0 0 1 
2318808360230;0.270984;0.251781;0.999677 -0.0253824 -0.00131985 0.201951 0.025396 0.999611 0.0115671 -0.228436 0.00102574 -0.0115969 0.999932 0.00274061 0 0 0 1 
2318808360231;0.448163;0.265512;0.999784 -0.0106348 0.0178421 -0.363534 0.0116422 0.998287 -0.0573417 -0.0107954 -0.0172018 0.0575371 0.998195 -0.332301 0 0 0 1 
2318808360232;0.480703;0.0517686;0.993713 -0.102132 -0.0458655 0.865426 0.100574 0.99431 -0.0350946 -0.455906 0.0491889 0.0302611 0.998331 -1.27053 0 0 0 1 
2318808360233;0.538633;0.500816;0.999755 0.0175 0.0135229 -0.148625 -0.0172964 0.999738 -0.0150234 0.129625 -0.0137823 0.0147858 0.999796 -0.0878955 0 0 0 1 
2318808360234;0.46577;0.420455;0.999961 -0.00886762 -7.75444e-05 0.0116778 0.00886702 0.999944 -0.00576833 0.0321685 0.000128691 0.00576742 0.999983 0.0451823 0 0 0 1 
2318808360235;0.501727;0.0187094;0.998499 0.0361066 -0.0411745 -0.163419 -0.0354094 0.999219 0.0175382 0.208281 0.0417756 -0.016054 0.998998 -1.122 0 0 0 1 
2318808360236;0.219286;0.146875;0.99878 0.04743 -0.0137474 -0.243499 -0.0476139 0.998776 -0.0133742 0.334175 0.0130962 0.0140125 0.999816 -0.311452 0 0 0 1 
2318808360237;0.1427;0.0192294;0.998102 -0.0609212 -0.00894932 0.234881 0.0603335 0.996632 -0.0555376 -0.230706 0.0123026 0.0548922 0.998416 -0.593552 0 0 0 1 
2318808360238;0.478527;0.456655;0.999604 -0.0150777 -0.0237636 0.0618238 0.0146224 0.999708 -0.0192153 -0.0559756 0.0240464 0.0188602 0.999533 -0.295969 0 0 0 1 
2318808360239;0.07712;0.0152678;0.998775 0.0224848 -0.044088 -0.127997 -0.0239714 0.999152 -0.0334875 0.205688 0.0432976 0.0345033 0.998466 -0.587291 0 0 0 1 
2318808360240;0.277432;0.248296;0.999524 0.00596045 0.0302608 -0.0584333 -0.00619754 0.999951 0.00774712 -0.00154555 -0.0302131 -0.00793098 0.999512 0.253601 0 0 0 1 
2318808360241;0.414755;0.385042;0.999424 0.00656921 -0.0332892 0.0175379 -0.00617858 0.999911 0.0118238 0.0288827 0.0333639 -0.0116113 0.999376 -0.0886022 0 0 0 1 
2318808360242;0.207147;0.0160058;0.987468 -0.156516 -0.0202549 1.09743 0.156857 0.987484 0.016473 -1.20616 0.0174231 -0.0194437 0.999659 0.0762957 0 0 0 1 
2318808360243;0.526989;0.537972;0.999968 -0.0044007 -0.00666782 0.0605063 0.00440634 0.99999 0.000831844 -0.0170913 0.00666409 -0.000861198 0.999977 -0.0156338 0 0 0 1 
2318808360244;0.293823;0.158605;0.999459 0.0319199 0.00793037 -0.108768 -0.0319417 0.999486 0.00263536 0.225453 -0.00784217 -0.00288724 0.999965 0.358788 0 0 0 1 
2318808360245;0.161157;0.0194272;0.999033 -0.0431871 0.00823199 0.235129 0.0434287 0.998548 -0.0318659 -0.313074 -0.00684384 0.0321926 0.999458 -0.415138 0 0 0 1 
2318808360246;0.48133;0.306367;0.995462 -0.0127768 0.0943007 0.211604 0.00902137 0.999153 0.0401435 -0.249318 -0.0947338 -0.0391106 0.994734 0.516788 0 0 0 1 
2318808360248;0.277285;0.0129877;0.999876 -0.012326 -0.00982208 0.0387742 0.0126232 0.999446 0.0307923 0.28677 0.00943709 -0.0309125 0.999478 0.555377 0 0 0 1 
2318808360249;0.346523;0.311942;0.999743 0.0181255 0.013627 -0.0159017 -0.0182197 0.999811 0.00681837 0.0300962 -0.0135009 -0.00706489 0.999884 0.160405 0 0 0 1 
2318808360250;0.347649;0.224668;0.992818 -0.0664174 0.0995049 -0.0834676 0.0701494 0.99694 -0.0344845 -0.544041 -0.0969101 0.041217 0.994439 0.532881 0 0 0 1 
2318808360251;0.136295;0.100628;0.999856 0.00978769 -0.0138849 -0.0690291 -0.00922027 0.999143 0.0403575 0.035399 0.014268 -0.0402236 0.999089 -0.139194 0 0 0 1 
2318808360252;0.263745;0.247961;0.99988 -0.0122475 -0.00947579 0.00359654 0.012337 0.999879 0.00944646 -0.111942 0.00935896 -0.00956223 0.99991 -0.0257881 0 0 0 1 
2318808360253;0.38952;0.346079;0.999841 -0.013308 0.0118371 -0.12626 0.0133535 0.999904 -0.00377651 -0.0520102 -0.0117857 0.00393398 0.999923 0.058994 0 0 0 1 
