#;prob_registration_l1 -r /home/probabilistic_point_clouds_registration/build/tester /home/point_clouds_registration_benchmark//devel/registration_pairs/wood_autumn_local.txt /home/point_clouds_registration_benchmark//eth/wood_autumn -s 0.2 -t 0.2 -p 0.3 -r 1000 -m 1 -i 40 
id;initial_error;final_error;transformation
26875431820000;0.498992;0.461793;0.998486 0.05023 -0.0223984 0.0793532 -0.0500879 0.998721 0.00685806 0.219399 0.0227142 -0.00572579 0.999726 -0.249122 0 0 0 1 
26875431820001;0.336145;0.286247;0.998655 0.0286006 -0.0432529 0.0384988 -0.027902 0.999472 0.01667 0.160732 0.0437068 -0.0154408 0.998925 -0.074646 0 0 0 1 
26875431820002;0.60541;0.546254;0.99942 0.0312476 -0.013517 0.00634716 -0.0309417 0.999273 0.0222704 0.106257 0.014203 -0.0218392 0.999661 -0.150639 0 0 0 1 
26875431820003;0.366204;0.0334734;0.994665 0.0867342 -0.0558401 -0.111886 -0.0844533 0.995542 0.0419907 -0.118433 0.0592332 -0.0370508 0.997556 -0.543675 0 0 0 1 
26875431820004;0.698046;0.305643;0.992006 -0.126154 -0.00288171 0.458638 0.126187 0.99181 0.0197426 -0.633068 0.000367488 -0.0199485 0.999801 0.34297 0 0 0 1 
26875431820005;0.325213;0.287722;0.99652 -0.0446845 0.0703664 -0.0485348 0.0449894 0.998984 -0.00275369 -0.146945 -0.0701719 0.00590985 0.997517 0.240237 0 0 0 1 
26875431820006;0.554876;0.019883;0.999994 -0.000995208 0.00321092 -0.239101 0.00100267 0.999997 -0.00232439 0.676531 -0.00320859 0.00232759 0.999992 0.572721 0 0 0 1 
26875431820007;0.383756;0.378196;0.999813 0.00540339 -0.018578 0.0305749 -0.00514641 0.999891 0.0138527 0.0256298 0.0186508 -0.0137545 0.999731 -0.0490724 0 0 0 1 
26875431820008;0.203498;0.201275;0.998272 0.0140966 -0.0570389 -0.212447 -0.0123771 0.999462 0.0303878 0.0944648 0.0574366 -0.0296293 0.997909 -0.117127 0 0 0 1 
26875431820009;0.180609;0.168556;0.99989 -0.00853013 -0.0121564 0.00968085 0.00852913 0.999964 -0.000133668 -0.0052733 0.0121571 2.99695e-05 0.999926 0.00777135 0 0 0 1 
26875431820010;0.462102;0.400365;0.999095 -0.0244807 -0.0347911 0.119098 0.0248252 0.999647 0.00950595 -0.146052 0.0345461 -0.010361 0.999349 -0.0806456 0 0 0 1 
26875431820011;0.575398;0.458462;0.99784 0.0212538 0.0621578 0.193359 -0.0231918 0.999262 0.0306251 0.0218634 -0.0614611 -0.0320005 0.997596 0.47112 0 0 0 1 
26875431820012;0.688058;0.639906;0.999754 0.00871015 -0.020396 0.125486 -0.0083226 0.999785 0.0190096 -0.0553393 0.0205572 -0.0188352 0.999611 -0.0858845 0 0 0 1 
26875431820013;0.421251;0.384099;0.999794 -0.0174949 0.0103036 -0.0119537 0.0176343 0.999752 -0.0135899 -0.0491807 -0.0100633 0.0137688 0.999855 -0.04863 0 0 0 1 
26875431820014;0.330264;0.306685;0.999613 -0.0233762 0.0150512 -0.0345619 0.0233836 0.999727 -0.000315672 -0.112448 -0.0150397 0.0006675 0.999887 0.0487178 0 0 0 1 
26875431820015;0.226693;0.207117;0.999889 0.0136859 0.00585853 -0.00684289 -0.0135921 0.999783 -0.0157577 0.0846684 -0.00607292 0.0156763 0.999859 0.059032 0 0 0 1 
26875431820016;0.538469;0.327237;0.991983 -0.0116186 0.125835 0.634302 0.00676001 0.999218 0.0389695 0.32908 -0.126189 -0.0378065 0.991285 0.327364 0 0 0 1 
26875431820017;0.524419;0.156173;0.996621 -0.065973 -0.0489304 0.0613235 0.0620015 0.994971 -0.0786668 -0.231679 0.0538742 0.0753672 0.995699 0.508597 0 0 0 1 
26875431820018;0.579586;0.313677;0.999349 0.0104218 -0.0345441 0.136015 -0.0098912 0.999831 0.0154947 -0.25766 0.0346998 -0.015143 0.999283 0.35464 0 0 0 1 
26875431820019;0.351798;0.0667413;0.982739 0.0892364 -0.162053 0.221531 -0.0920631 0.995703 -0.0100032 0.549296 0.160464 0.0247497 0.986731 -0.806895 0 0 0 1 
26875431820020;0.0809749;0.0201947;0.994748 -0.101894 0.00969482 -0.0806693 0.102098 0.994496 -0.023551 -0.302558 -0.00724173 0.0244172 0.999676 0.00250982 0 0 0 1 
26875431820021;0.644904;0.184754;0.980865 0.0608595 -0.184934 0.88258 -0.0326385 0.987845 0.151977 0.343731 0.191936 -0.143033 0.970929 -0.359189 0 0 0 1 
26875431820022;0.0317767;0.0185629;0.999522 0.0285988 0.0117611 -0.00987073 -0.0285222 0.999571 -0.00662981 0.1098 -0.0119457 0.00629118 0.999909 0.0611854 0 0 0 1 
26875431820023;0.284901;0.0248846;0.997508 -0.0705476 0.00049069 0.380442 0.0705249 0.997322 0.0193513 -0.282006 -0.00185456 -0.0192685 0.999813 -0.038886 0 0 0 1 
26875431820024;0.398113;0.0226185;0.997365 0.00571479 -0.072318 0.354095 -0.00698056 0.999827 -0.0172621 0.463757 0.0722068 0.0177215 0.997232 -0.570928 0 0 0 1 
26875431820025;0.5828;0.367608;0.996982 -0.0747716 -0.0209034 0.121925 0.0749015 0.997176 0.00550463 -0.43254 0.0204328 -0.00705371 0.999766 0.385007 0 0 0 1 
26875431820026;0.630426;0.12868;0.993741 0.111514 0.00652501 -0.173252 -0.111465 0.993741 -0.00743793 0.312329 -0.0073136 0.00666407 0.999951 0.873951 0 0 0 1 
26875431820027;0.464713;0.0207329;0.995058 0.0992566 0.00292 0.236461 -0.0992942 0.99427 0.0395921 0.427631 0.00102651 -0.0396864 0.999212 0.659361 0 0 0 1 
26875431820028;0.337162;0.0202937;0.99994 -0.0109649 0.000684955 -0.430917 0.0109278 0.999108 0.0407807 -0.325736 -0.0011315 -0.0407707 0.999168 0.232908 0 0 0 1 
26875431820029;0.206492;0.0135274;0.999561 0.00992906 0.0279233 -0.295925 -0.00811767 0.997901 -0.0642515 -0.0928473 -0.0285027 0.0639966 0.997543 0.238285 0 0 0 1 
26875431820031;0.22611;0.210649;0.999768 0.00296624 0.0213442 -0.0125757 -0.0031324 0.999965 0.00775563 -0.0125907 -0.0213204 -0.00782068 0.999742 0.110623 0 0 0 1 
26875431820032;0.537519;0.511859;0.999555 -0.0253564 -0.0157309 0.0665654 0.0254338 0.999665 0.00474464 -0.150626 0.0156053 -0.00514262 0.999865 -0.0867888 0 0 0 1 
26875431820033;0.515263;0.474261;0.999864 0.00233634 -0.0163406 -0.101973 -0.00228654 0.999993 0.00306589 -0.0058622 0.0163476 -0.00302811 0.999862 -0.14597 0 0 0 1 
26875431820034;0.18246;0.0133392;0.993928 0.0145771 -0.109062 -0.171557 -0.0126749 0.999756 0.0181138 0.0234223 0.109299 -0.0166215 0.99387 -0.327234 0 0 0 1 
26875431820035;0.31218;0.249671;0.999232 0.0174266 0.0351095 -0.0173196 -0.0182562 0.999558 0.0234496 -0.021748 -0.0346853 -0.0240725 0.999108 0.281228 0 0 0 1 
26875431820036;0.352511;0.310671;0.999297 -0.032329 0.0189726 -0.0698188 0.03303 0.998736 -0.0378792 -0.0942427 -0.0177241 0.0384792 0.999102 0.0899374 0 0 0 1 
26875431820037;0.447509;0.190353;0.999307 -0.00611044 0.0367228 -0.00508745 0.00502426 0.999549 0.0295976 -0.25622 -0.0368871 -0.0293925 0.998887 -0.376429 0 0 0 1 
26875431820038;0.350569;0.345926;0.999972 -0.0053899 -0.0051746 -0.00444114 0.0053026 0.999846 -0.0167381 -0.0129997 0.00526402 0.0167101 0.999847 -0.0220107 0 0 0 1 
26875431820039;0.337073;0.166019;0.99538 -0.0698076 0.065924 -0.169985 0.06046 0.989073 0.13446 -0.525333 -0.0745899 -0.129853 0.988724 0.623471 0 0 0 1 
26875431820040;0.229197;0.206993;0.999931 -0.0111096 -0.00376452 0.00342606 0.0110151 0.999645 -0.0242561 0.00977611 0.00403266 0.024213 0.999699 -0.00410266 0 0 0 1 
26875431820041;0.10838;0.0177809;0.998012 0.063021 0.00113981 -0.0415917 -0.0630252 0.998003 0.00414225 0.160423 -0.000876485 -0.00420585 0.999991 0.174466 0 0 0 1 
26875431820042;0.455772;0.335702;0.985349 -0.150273 0.0806521 0.122788 0.154133 0.987072 -0.0439461 -0.656273 -0.0730056 0.0557334 0.995773 0.627037 0 0 0 1 
26875431820043;0.274946;0.217146;0.999712 0.0163231 0.0176185 -0.0320597 -0.0166757 0.99966 0.0200544 -0.0402663 -0.0172852 -0.0203424 0.999644 0.147769 0 0 0 1 
26875431820044;0.287192;0.242369;0.999976 0.000250297 0.00696291 0.0230108 -0.000221374 0.999991 -0.00415427 0.0910029 -0.00696389 0.00415263 0.999967 0.0612214 0 0 0 1 
26875431820045;0.572084;0.504179;0.999795 0.00199914 -0.020139 0.176961 -0.00143375 0.999606 0.0280495 -0.0357256 0.0201872 -0.0280149 0.999404 -0.156248 0 0 0 1 
26875431820046;0.148614;0.120155;0.999894 -0.014188 -0.00338812 -0.00515729 0.0142934 0.999339 0.0334187 -0.123555 0.00291174 -0.0334635 0.999436 -0.0362421 0 0 0 1 
26875431820047;0.191966;0.0403517;0.994668 0.102478 0.0115552 -0.133065 -0.0997522 0.984488 -0.144339 0.674669 -0.0261675 0.142416 0.989461 0.260001 0 0 0 1 
26875431820048;0.552949;0.40031;0.99709 0.075575 0.0100327 -0.103079 -0.0750744 0.996237 -0.0433187 0.506569 -0.0132688 0.0424394 0.999011 -0.264671 0 0 0 1 
26875431820049;0.452544;0.349304;0.995537 0.0839394 0.0431281 -0.166485 -0.0826083 0.996075 -0.0317743 0.377342 -0.045626 0.0280697 0.998564 0.397472 0 0 0 1 
26875431820050;0.381287;0.287469;0.999021 0.0374515 0.0235284 -0.131552 -0.0379859 0.999021 0.0226931 -0.0135092 -0.0226555 -0.0235647 0.999466 0.211413 0 0 0 1 
26875431820051;0.357531;0.13678;0.992201 -0.0527095 -0.112959 0.453735 0.0514334 0.998576 -0.0141835 -0.111313 0.113546 0.00826304 0.993498 -0.307092 0 0 0 1 
26875431820052;0.469273;0.419137;0.999033 0.033529 -0.0284246 0.00185271 -0.0348026 0.998355 -0.0455633 0.320527 0.0268502 0.0465086 0.998557 -0.0728988 0 0 0 1 
26875431820053;0.393672;0.104721;0.99936 0.000721833 0.0357656 0.64871 -0.00336013 0.99727 0.0737615 -0.104917 -0.0356147 -0.0738344 0.996634 0.290114 0 0 0 1 
26875431820054;0.384531;0.195544;0.982009 0.134384 -0.132661 0.262021 -0.113504 0.981519 0.154068 0.412661 0.150914 -0.136239 0.979114 -0.738576 0 0 0 1 
26875431820055;0.28566;0.214477;0.999189 -0.0340501 -0.0215137 0.0601404 0.0342183 0.999386 0.00750018 -0.175422 0.0212451 -0.00823026 0.99974 0.127745 0 0 0 1 
26875431820056;0.596591;0.28552;0.981185 -0.112973 0.156567 -0.173964 0.126537 0.988769 -0.0795301 -0.643416 -0.145824 0.0978453 0.98446 0.0994363 0 0 0 1 
26875431820057;0.446113;0.377672;0.998259 -0.0486566 0.0333519 0.0818132 0.0498506 0.998109 -0.0359584 -0.196344 -0.0315393 0.0375584 0.998797 0.237951 0 0 0 1 
26875431820058;0.224686;0.0115266;0.999411 -0.0118275 -0.0322249 -0.104569 0.0148011 0.995494 0.0936592 -0.235638 0.0309719 -0.094081 0.995083 0.319374 0 0 0 1 
26875431820059;0.444316;0.219928;0.988378 -0.0715235 0.134139 -0.408294 0.0732811 0.997278 -0.00820536 -0.340943 -0.133187 0.0179399 0.990929 0.403753 0 0 0 1 
26875431820060;0.410765;0.37013;0.99997 -0.000219212 0.00776712 0.0753259 9.20278e-05 0.999866 0.0163712 -0.0603041 -0.00776967 -0.01637 0.999836 0.0818196 0 0 0 1 
26875431820062;0.368904;0.206811;0.995896 0.0645122 0.0634847 0.269036 -0.0698001 0.993938 0.0849415 0.123908 -0.0576201 -0.0890241 0.994361 -0.00381765 0 0 0 1 
26875431820063;0.231158;0.229466;0.9999 -0.00463581 -0.0133756 -0.0363732 0.00472449 0.999967 0.0066061 -0.0303147 0.0133445 -0.00666863 0.999889 -0.0272778 0 0 0 1 
26875431820064;0.204838;0.00903906;0.997748 -0.00590543 0.0668182 0.0683449 -0.003072 0.991049 0.133461 0.284406 -0.0670083 -0.133366 0.988799 0.0978774 0 0 0 1 
26875431820065;0.171053;0.00909077;0.998243 0.055302 0.0212748 -0.0898556 -0.0544756 0.997805 -0.0376385 -0.0318983 -0.0233096 0.0364134 0.999065 0.00275088 0 0 0 1 
26875431820066;0.341828;0.323206;0.999161 0.0293775 -0.0285252 -0.0220337 -0.0291532 0.999541 0.00824839 0.110766 0.0287544 -0.00740988 0.999559 -0.0676865 0 0 0 1 
26875431820067;0.359104;0.0099157;0.999708 0.0117941 -0.0210901 -0.216131 -0.0117863 0.99993 0.000491683 0.375406 0.0210944 -0.000242965 0.999777 0.581324 0 0 0 1 
26875431820068;0.231956;0.00718474;0.999784 -0.020514 0.00330391 0.0382482 0.0204984 0.999779 0.00469879 -0.10628 -0.00339957 -0.00463005 0.999984 0.512321 0 0 0 1 
26875431820069;0.168442;0.0131093;0.984993 -0.15043 0.0846122 0.0570176 0.153307 0.987766 -0.028553 -0.735658 -0.0792819 0.0410961 0.996005 0.485686 0 0 0 1 
26875431820070;0.120851;0.00620093;0.987502 0.13501 -0.081311 0.239054 -0.130007 0.989446 0.0639915 0.499239 0.0890923 -0.0526208 0.994632 -0.430089 0 0 0 1 
26875431820071;0.559761;0.37095;0.997298 -0.0707352 0.0198158 0.308034 0.0709848 0.997403 -0.0121846 -0.295911 -0.0189025 0.0135583 0.999729 0.446673 0 0 0 1 
26875431820072;0.11141;0.00590721;0.998639 -0.0519597 0.00442881 -0.166492 0.052123 0.997186 -0.0538782 -0.314038 -0.00161685 0.0540358 0.998538 -0.00245645 0 0 0 1 
26875431820073;0.298534;0.263042;0.999605 -0.0280812 0.000806008 -0.0308403 0.0280927 0.999179 -0.0291998 -0.149676 1.46163e-05 0.0292109 0.999573 0.117188 0 0 0 1 
26875431820074;0.511902;0.464784;0.999925 -0.00470508 -0.0113177 0.0333212 0.00459395 0.999941 -0.00982524 0.00214041 0.0113632 0.00977251 0.999888 -0.166539 0 0 0 1 
26875431820075;0.368729;0.234087;0.988681 -0.0895892 0.120344 -0.144512 0.07994 0.993359 0.0827545 -0.504416 -0.126959 -0.0721975 0.989277 0.715172 0 0 0 1 
26875431820076;0.104083;0.00334629;0.999392 -0.0286934 -0.0197959 -0.0240348 0.0269875 0.996297 -0.0816352 0.07151 0.022065 0.0810514 0.996466 0.0185834 0 0 0 1 
26875431820077;0.334061;0.0932538;0.98186 0.179144 -0.0621103 0.22841 -0.177128 0.983507 0.0366078 0.852413 0.0676439 -0.0249422 0.997398 -0.715519 0 0 0 1 
26875431820078;0.46154;0.404359;0.999691 0.0246856 -0.00282945 -0.0577955 -0.0247241 0.99959 -0.0144737 0.159531 0.002471 0.0145392 0.999891 -0.0791637 0 0 0 1 
26875431820079;0.388175;0.314683;0.975186 -0.132675 0.17723 -0.0150743 0.123493 0.990412 0.0619176 -0.552319 -0.183746 -0.0384943 0.98222 0.806023 0 0 0 1 
26875431820080;0.446652;0.0940775;0.989039 0.147607 0.00378256 0.0461229 -0.147387 0.988462 -0.0349404 0.90836 -0.00889635 0.0339999 0.999382 -0.716462 0 0 0 1 
26875431820081;0.390076;0.257407;0.994025 0.1091 0.00348044 0.0310239 -0.108269 0.989508 -0.0956643 0.792932 -0.0138809 0.0947158 0.995408 0.0758984 0 0 0 1 
26875431820082;0.269988;0.0158297;0.99262 0.118855 -0.0240811 -0.127611 -0.114063 0.98247 0.147456 0.0742144 0.0411848 -0.143621 0.988775 -0.343351 0 0 0 1 
26875431820083;0.397996;0.115177;0.968702 -0.19314 0.155928 0.286037 0.195683 0.980667 -0.000982658 -1.0126 -0.152723 0.0314644 0.987768 1.03277 0 0 0 1 
26875431820084;0.431462;0.161433;0.994638 0.0771274 -0.0689018 0.185413 -0.0894793 0.975833 -0.199357 0.637773 0.0518608 0.204453 0.977502 0.430772 0 0 0 1 
26875431820085;0.0561572;0.0137952;0.999285 -0.0376631 0.00326088 -0.0961875 0.0376749 0.999284 -0.00361542 -0.130006 -0.00312238 0.00373569 0.999988 0.0550267 0 0 0 1 
26875431820086;0.263745;0.245272;0.999637 0.0267652 0.00301441 0.0164321 -0.0267601 0.99964 -0.00171706 0.138257 -0.00305928 0.00163577 0.999994 -0.0535561 0 0 0 1 
26875431820087;0.254275;0.224179;0.998066 -0.0208894 -0.0585479 -0.110653 0.024451 0.997851 0.0607919 -0.0645107 0.0571522 -0.0621059 0.996432 -0.406824 0 0 0 1 
26875431820088;0.2679;0.0637964;0.984396 0.175191 -0.0165113 0.291621 -0.175832 0.982975 -0.0533253 0.961656 0.00688813 0.0553964 0.998441 -0.244133 0 0 0 1 
26875431820089;0.093436;0.00796868;0.999246 0.0344115 -0.0179709 0.06285 -0.0351992 0.998343 -0.045526 0.343877 0.0163745 0.0461242 0.998801 0.0205018 0 0 0 1 
26875431820090;0.279476;0.00549799;0.999255 0.0378967 0.00729957 0.181061 -0.0376969 0.998956 -0.025797 -0.247835 -0.00826957 0.0255026 0.999641 0.446043 0 0 0 1 
26875431820091;0.394578;0.022955;0.99413 0.107971 0.00691465 0.229451 -0.107952 0.994151 -0.00308687 0.504702 -0.0072075 0.0023223 0.999971 -0.773922 0 0 0 1 
26875431820093;0.345934;0.179955;0.991241 -0.104906 -0.0802203 0.920307 0.106647 0.994139 0.0177161 -0.460109 0.0778916 -0.0261161 0.99662 0.0848687 0 0 0 1 
26875431820094;0.529735;0.235277;0.985864 0.0814031 0.146441 -1.12807 -0.0789539 0.996625 -0.0224702 0.56612 -0.147776 0.0105905 0.988964 0.484939 0 0 0 1 
26875431820095;0.39088;0.145187;0.986121 -0.00883557 -0.165795 0.0260752 0.00270468 0.999305 -0.0371682 -0.0181648 0.166008 0.0362039 0.98546 -0.543573 0 0 0 1 
26875431820096;0.29099;0.280181;0.999854 0.00622261 -0.0158859 -0.01381 -0.00637067 0.999937 -0.00928688 0.0372173 0.0158271 0.00938673 0.999831 -0.089561 0 0 0 1 
26875431820097;0.411668;0.380102;0.99966 0.0237489 0.0107279 -0.239362 -0.023926 0.999574 0.0166894 0.132114 -0.010327 -0.0169404 0.999803 0.0962392 0 0 0 1 
26875431820098;0.305728;0.0812401;0.976354 -0.159277 0.146165 0.774686 0.165902 0.985548 -0.0342362 -0.797184 -0.1386 0.0576758 0.988668 0.140798 0 0 0 1 
26875431820099;0.324227;0.315081;0.999958 -0.00833251 -0.00383339 0.0705326 0.00834211 0.999962 0.00249338 -0.0427363 0.00381247 -0.00252526 0.99999 -0.0346223 0 0 0 1 
26875431820100;0.476247;0.128336;0.987622 -0.153622 -0.0316822 1.3725 0.153834 0.988087 0.00434821 -0.390222 0.0306368 -0.00916819 0.999489 -0.643859 0 0 0 1 
26875431820101;0.325622;0.296124;0.999471 0.026894 0.0182645 -0.224726 -0.0265609 0.999481 -0.0182403 0.178743 -0.0187456 0.0177455 0.999667 0.00482659 0 0 0 1 
26875431820102;0.315339;0.260813;0.999998 -0.000178195 -0.00222027 0.0954396 7.46282e-05 0.998916 -0.046559 0.118097 0.00222616 0.0465588 0.998913 -0.476198 0 0 0 1 
26875431820103;0.395286;0.0307691;0.996823 -0.0793516 0.00689604 0.323898 0.0793882 0.99683 -0.00519567 -0.352963 -0.00646189 0.00572663 0.999963 -0.761885 0 0 0 1 
26875431820104;0.491587;0.0771014;0.999175 0.0400817 0.00647425 0.416712 -0.0397617 0.998254 -0.0436789 0.486303 -0.00821367 0.0433854 0.999025 -0.759909 0 0 0 1 
26875431820105;0.296198;0.24616;0.998409 -0.0254629 0.0503139 0.244502 0.0290674 0.996962 -0.0722579 -0.162407 -0.0483212 0.0736054 0.996116 -0.0531382 0 0 0 1 
26875431820106;0.351999;0.260464;0.998173 -0.0604046 0.00147572 0.323946 0.0602414 0.996773 0.0530482 -0.437327 -0.00467531 -0.0528624 0.998591 0.573406 0 0 0 1 
26875431820107;0.398745;0.381232;0.999797 0.00932728 0.0178701 -0.11947 -0.00894316 0.99973 -0.0214556 0.0887519 -0.0180654 0.0212914 0.99961 0.00833714 0 0 0 1 
26875431820108;0.476963;0.360768;0.997464 0.0660253 0.0265716 -0.574527 -0.0673659 0.996309 0.0531908 0.477374 -0.0229616 -0.0548459 0.998231 0.596244 0 0 0 1 
26875431820109;0.419848;0.398872;0.999881 -0.0142384 -0.00588718 0.14263 0.01428 0.999873 0.0070739 -0.071232 0.00578571 -0.00715713 0.999958 0.0934964 0 0 0 1 
26875431820110;0.205033;0.0169375;0.996833 0.0151941 0.0780583 0.0135069 -0.00899164 0.996818 -0.079205 0.410308 -0.0790133 0.0782523 0.993797 -0.229114 0 0 0 1 
26875431820111;0.333895;0.0400866;0.988935 -0.148346 2.10091e-05 1.19342 0.148313 0.988714 -0.0211398 -0.565254 0.00311524 0.020909 0.999777 0.395778 0 0 0 1 
26875431820112;0.392948;0.394641;0.996973 -0.0242012 -0.0738857 0.354818 0.0266645 0.999115 0.0325367 -0.225798 0.0730329 -0.0344083 0.996736 0.00482811 0 0 0 1 
26875431820113;0.35267;0.236132;0.996703 -0.0333888 0.0739504 0.0737589 0.0415283 0.992905 -0.111419 0.292556 -0.0697056 0.114123 0.991018 -0.345477 0 0 0 1 
26875431820114;0.433722;0.40038;0.99976 -0.0184098 0.0118608 0.160242 0.0184392 0.999827 -0.00237602 -0.0422125 -0.011815 0.00259415 0.999927 0.0165949 0 0 0 1 
26875431820115;0.334392;0.294864;0.999881 -0.0143333 -0.00579048 0.221843 0.0144256 0.999764 0.0162261 -0.046231 0.00555654 -0.0163077 0.999852 0.0850183 0 0 0 1 
26875431820116;0.39563;0.362076;0.999627 -0.0200226 0.0185681 0.195239 0.0203171 0.999669 -0.0158073 -0.0537845 -0.0182455 0.0161787 0.999703 0.0555803 0 0 0 1 
26875431820117;0.505945;0.473834;0.999836 0.0169012 -0.00643533 -0.1543 -0.016958 0.999817 -0.00887215 0.067166 0.0062842 0.00897983 0.99994 -0.136391 0 0 0 1 
26875431820118;0.542637;0.535281;0.999789 0.00741734 0.0191797 -0.0158007 -0.00745564 0.99997 0.00192629 0.0642941 -0.0191649 -0.00206888 0.999814 0.0963318 0 0 0 1 
26875431820119;0.33961;0.314674;0.999725 -0.00158945 -0.0234143 0.0447398 0.00153828 0.999996 -0.00220349 -0.00129849 0.0234177 0.00216686 0.999723 -0.0643308 0 0 0 1 
26875431820120;0.431883;0.312055;0.999399 0.0166424 -0.03042 0.264358 -0.0148511 0.998195 0.0581907 0.0583264 0.0313335 -0.057704 0.997842 0.437792 0 0 0 1 
26875431820121;0.296141;0.264833;0.999703 -0.023854 -0.00505687 0.192168 0.0238327 0.999707 -0.00423961 -0.105942 0.00515652 0.00411783 0.999978 -0.117755 0 0 0 1 
26875431820122;0.699318;0.59716;0.998043 0.0217129 0.0586404 -0.369224 -0.0218164 0.999761 0.00112519 0.0747255 -0.058602 -0.00240231 0.998279 0.264427 0 0 0 1 
26875431820124;0.463953;0.0604787;0.984733 0.0765456 -0.156338 -0.238798 -0.10004 0.983852 -0.148415 1.03149 0.142453 0.161789 0.976489 -2.81708 0 0 0 1 
26875431820125;0.172503;0.0186778;0.973176 0.226246 -0.041741 -1.82729 -0.225212 0.973906 0.0280592 1.43178 0.0470001 -0.017906 0.998734 -0.0877236 0 0 0 1 
26875431820126;0.469661;0.011468;0.999962 -0.000529169 -0.00865366 -0.443865 6.00028e-05 0.998534 -0.0541266 0.561942 0.00866961 0.0541241 0.998497 0.0763489 0 0 0 1 
26875431820127;0.198437;0.012085;0.996769 -0.0795222 -0.0113415 0.671238 0.0794915 0.996831 -0.00313193 -0.0231725 0.0115546 0.00222025 0.999931 -0.0963379 0 0 0 1 
26875431820128;0.38452;0.322553;0.999919 -0.00999393 -0.00785277 0.179454 0.00999683 0.99995 0.000330034 -0.0674549 0.00784908 -0.00040851 0.999969 -0.168846 0 0 0 1 
26875431820129;0.474436;0.31652;0.998951 -0.0449801 -0.00857612 0.509052 0.0446984 0.998532 -0.0306075 -0.287666 0.00994026 0.0301921 0.999495 -0.616079 0 0 0 1 
26875431820130;0.313572;0.0128389;0.995095 -0.0982749 -0.0113126 0.835257 0.0979673 0.994873 -0.0251191 -0.494946 0.0137231 0.0238876 0.99962 -0.85188 0 0 0 1 
26875431820131;0.549583;0.0383318;0.992439 0.119632 -0.0274445 -1.57142 -0.116143 0.987642 0.105236 0.511353 0.0396949 -0.101253 0.994068 1.46626 0 0 0 1 
26875431820132;0.557397;0.51394;0.999509 0.0293898 -0.010846 -0.223267 -0.0296417 0.999276 -0.0238485 0.17478 0.0101373 0.0241583 0.999657 -0.105962 0 0 0 1 
26875431820133;0.523064;0.451583;0.999591 -0.028587 0.000196515 0.322015 0.0285743 0.999309 0.0237695 -0.259582 -0.000875876 -0.0237541 0.999717 0.375032 0 0 0 1 
26875431820134;0.28355;0.0157575;0.980218 0.195694 0.0296112 -1.88792 -0.19565 0.980664 -0.00441157 1.49422 -0.029902 -0.00146912 0.999552 -0.0799508 0 0 0 1 
26875431820135;0.398345;0.0520569;0.985238 -0.048222 -0.164259 0.454114 0.0705014 0.988655 0.132631 -0.49882 0.155999 -0.142254 0.97746 1.04278 0 0 0 1 
26875431820136;0.188337;0.0131158;0.996306 0.0742574 0.0431391 -0.820355 -0.0734774 0.997108 -0.019395 0.756216 -0.0444546 0.0161536 0.998881 0.104626 0 0 0 1 
26875431820137;0.314888;0.0747059;0.957152 -0.0151589 0.28919 -0.0553536 0.0319434 0.998062 -0.0534084 -0.176718 -0.28782 0.0603576 0.955781 1.13111 0 0 0 1 
26875431820138;0.521003;0.0188075;0.999714 0.0238967 0.000409595 -0.515362 -0.0238959 0.999713 -0.00189981 -0.284595 -0.000454877 0.00188948 0.999998 0.807266 0 0 0 1 
26875431820139;0.534563;0.0170782;0.964419 -0.209334 -0.161481 2.90867 0.188621 0.972788 -0.134557 -1.13079 0.185254 0.0993103 0.97766 -1.71861 0 0 0 1 
26875431820140;0.635129;0.495302;0.994972 0.0301662 -0.0955023 0.13634 -0.0309612 0.999497 -0.00685332 0.215414 0.0952476 0.00977573 0.995406 -0.422634 0 0 0 1 
26875431820141;0.451247;0.261498;0.996777 -0.0764354 -0.024353 0.731438 0.0778616 0.994888 0.0643058 -0.721828 0.0193132 -0.0659948 0.997633 0.819077 0 0 0 1 
26875431820142;0.45211;0.0777189;0.981862 0.0689767 -0.176602 -0.933233 -0.0846395 0.99297 -0.0827423 0.849104 0.169653 0.0961891 0.980798 -1.19807 0 0 0 1 
26875431820143;0.371493;0.354667;0.999805 0.0033657 0.0194499 -0.0325343 -0.00375035 0.999797 0.0197737 -0.0302131 -0.0193794 -0.0198428 0.999615 0.267394 0 0 0 1 
26875431820144;0.382734;0.139773;0.990009 0.00308228 0.140968 -0.0194577 0.0354022 0.962302 -0.269668 0.670319 -0.136485 0.271964 0.952579 -1.63762 0 0 0 1 
26875431820145;0.502979;0.477167;0.999756 0.0153935 0.0158619 -0.246895 -0.0154293 0.999879 0.00213235 0.0224865 -0.0158271 -0.00237656 0.999872 0.0526359 0 0 0 1 
26875431820146;0.275674;0.250182;0.99781 0.0583517 0.0311411 -0.591156 -0.0588246 0.998163 0.0144898 0.283574 -0.0302384 -0.01629 0.99941 0.172363 0 0 0 1 
26875431820147;0.238197;0.0140942;0.990302 0.0482254 -0.130291 -0.013793 -0.0630052 0.99173 -0.111808 0.754172 0.123822 0.118933 0.985151 -1.53196 0 0 0 1 
26875431820148;0.24302;0.00956745;0.987295 -0.124823 0.0983283 0.95592 0.140499 0.974802 -0.173263 -0.606555 -0.0742234 0.184877 0.979955 -1.4055 0 0 0 1 
26875431820149;0.23664;0.225642;0.999522 -0.0280739 -0.0129734 0.295143 0.0279802 0.999581 -0.00735186 -0.190419 0.0131744 0.00698534 0.999889 -0.175884 0 0 0 1 
26875431820150;0.324251;0.0136084;0.985608 -0.165035 -0.036613 1.59078 0.160623 0.981781 -0.101521 -0.740312 0.0527003 0.0941785 0.994159 -0.590961 0 0 0 1 
26875431820151;0.348638;0.291605;0.999244 -0.0200619 -0.0332859 0.188082 0.0209702 0.999411 0.0271667 -0.230005 0.0327213 -0.0278442 0.999077 0.122052 0 0 0 1 
26875431820152;0.39459;0.0126646;0.994441 -0.0765012 0.0723482 0.395541 0.080963 0.994855 -0.0608906 -0.125732 -0.0673178 0.0664096 0.995519 -0.89111 0 0 0 1 
26875431820153;0.461448;0.417675;0.999964 0.00843263 -0.000270883 -0.140157 -0.00843489 0.999916 -0.0098907 0.0354411 0.000187456 0.00989263 0.999951 -0.193708 0 0 0 1 
26875431820155;0.281618;0.0145471;0.997659 0.0468871 -0.0497825 0.446189 -0.0477868 0.998712 -0.0170378 0.0919958 0.0489196 0.0193769 0.998615 -0.0609664 0 0 0 1 
26875431820156;0.544215;0.184069;0.994956 0.0980755 -0.0210854 -0.0178428 -0.0981424 0.99517 -0.00216057 0.159104 0.0207717 0.00421904 0.999775 0.619305 0 0 0 1 
26875431820157;0.2633;0.25638;0.999979 -0.00647504 -0.000796604 0.0256051 0.00646317 0.99988 -0.0140963 -0.0175545 0.000887782 0.0140908 0.9999 0.0119771 0 0 0 1 
26875431820158;0.308459;0.273565;0.999859 0.0155147 -0.0064141 0.0425648 -0.0154613 0.999846 0.00829078 0.0373162 0.00654175 -0.00819044 0.999945 0.0582404 0 0 0 1 
26875431820159;0.600497;0.368818;0.99989 0.0047842 -0.0140286 0.309689 -0.00509152 0.999746 -0.0219536 0.0446946 0.01392 0.0220227 0.999661 0.199608 0 0 0 1 
26875431820160;0.450407;0.449988;0.999713 -0.015102 0.0185921 0.023247 0.0152159 0.999866 -0.00599796 -0.0481883 -0.018499 0.00627914 0.999809 0.0561473 0 0 0 1 
26875431820161;0.500041;0.249916;0.999093 -0.0425566 -0.00142814 -0.137673 0.0425569 0.999094 0.000147463 -0.227002 0.00142057 -0.000208106 0.999999 0.437153 0 0 0 1 
26875431820162;0.266888;0.238688;0.999973 0.00501608 0.00539883 -0.0209462 -0.00498648 0.999973 -0.00548391 0.00101017 -0.00542619 0.00545684 0.99997 0.0741816 0 0 0 1 
26875431820163;0.112835;0.0996216;0.999939 -0.00215093 0.0108226 0.0283675 0.00213983 0.999997 0.00103726 0.000787786 -0.0108248 -0.00101404 0.999941 0.0499999 0 0 0 1 
26875431820164;0.259006;0.213843;0.999915 -0.0127838 0.00274398 -0.0220436 0.0127678 0.999902 0.00578311 -0.066649 -0.00281764 -0.00574758 0.99998 -0.0575663 0 0 0 1 
26875431820165;0.440579;0.439908;0.999707 0.0242218 0.000240878 0.0229684 -0.0242203 0.999695 -0.00478878 0.126829 -0.000356797 0.00478154 0.999989 -0.00913039 0 0 0 1 
26875431820166;0.350624;0.333901;0.999934 -0.00407185 -0.0107838 -0.0250325 0.003915 0.999887 -0.0145267 0.0373426 0.0108417 0.0144836 0.999836 -0.0177214 0 0 0 1 
26875431820167;0.350308;0.209646;0.99961 -0.0249239 0.0125608 0.299175 0.0257872 0.996922 -0.0740413 0.00626791 -0.0106767 0.0743363 0.997176 0.0632933 0 0 0 1 
26875431820168;0.226339;0.199803;0.999896 -0.000102338 -0.0144253 0.0319174 2.89863e-05 0.999987 -0.00508504 -0.0364028 0.0144256 0.00508409 0.999883 -0.00904159 0 0 0 1 
26875431820169;0.436398;0.03191;0.999092 -0.0425919 0.000615465 0.230693 0.0425923 0.999092 -0.000517042 0.201219 -0.000592884 0.000542787 1 0.57701 0 0 0 1 
26875431820170;0.561995;0.523639;0.999899 0.00304271 0.0138945 -0.0231242 -0.00304587 0.999995 0.000206118 -0.0565456 -0.0138938 -0.000248418 0.999903 0.0170529 0 0 0 1 
26875431820171;0.275385;0.0144193;0.997366 0.0681314 0.0248762 -0.0773168 -0.0684217 0.997596 0.0110103 0.155613 -0.0240663 -0.0126834 0.99963 0.494608 0 0 0 1 
26875431820172;0.126727;0.014565;0.999733 -0.0061387 0.0222881 -0.0340046 0.00819886 0.995581 -0.0935523 0.0217357 -0.0216153 0.09371 0.995365 0.216867 0 0 0 1 
26875431820173;0.248339;0.215831;0.999894 -0.00759824 0.0124332 0.00282073 0.00759264 0.999971 0.00049727 0.0274274 -0.0124366 -0.000402816 0.999923 0.0668435 0 0 0 1 
26875431820174;0.442063;0.334982;0.993271 -0.0766383 0.0868274 0.00261822 0.0745996 0.996862 0.0264918 -0.406707 -0.0885852 -0.0198362 0.995871 0.093267 0 0 0 1 
26875431820175;0.573407;0.431585;0.996488 0.0284258 -0.0787651 0.2497 -0.0298382 0.999413 -0.0168123 0.0967458 0.078241 0.0191034 0.996751 -0.322398 0 0 0 1 
26875431820176;0.270556;0.164823;0.999231 0.0392059 -0.000329475 -0.197676 -0.0391465 0.997179 -0.0640475 0.163921 -0.0021825 0.0640112 0.997947 0.0826569 0 0 0 1 
26875431820177;0.516211;0.42021;0.999744 0.0146364 -0.0172614 -0.122372 -0.0156897 0.997918 -0.0625526 0.0445174 0.0163099 0.0628074 0.997892 0.0951565 0 0 0 1 
26875431820178;0.516876;0.455044;0.999734 -0.013851 -0.0184259 0.0655155 0.0141023 0.999808 0.0135814 -0.0421923 0.0182343 -0.0138376 0.999738 0.0634542 0 0 0 1 
26875431820179;0.506678;0.505118;0.999912 0.0088587 0.00991031 -0.0136551 -0.00885786 0.999961 -0.00012859 0.0342862 -0.00991106 4.0795e-05 0.999951 0.0388917 0 0 0 1 
26875431820180;0.166082;0.0144488;0.996857 -0.0122319 0.0782769 -0.21556 0.00537983 0.99618 0.0871553 0.0629393 -0.0790439 -0.0864602 0.993115 0.160113 0 0 0 1 
26875431820181;0.220973;0.209316;0.999922 -0.0123925 0.00127328 0.03332 0.0123639 0.999715 0.0204216 -0.0798134 -0.00152599 -0.0204042 0.999791 0.0101701 0 0 0 1 
26875431820182;0.311591;0.0266975;0.999993 0.00318292 0.00220597 0.446597 -0.00315834 0.999934 -0.011059 0.0577947 -0.00224102 0.011052 0.999936 -0.0976198 0 0 0 1 
26875431820183;0.378261;0.304686;0.997962 0.0567211 -0.0292442 -0.0819227 -0.0557845 0.997933 0.0319034 0.203626 0.0309934 -0.030207 0.999063 -0.117173 0 0 0 1 
26875431820184;0.707951;0.660334;0.999935 -0.00987743 0.00569169 0.00874273 0.00992289 0.999919 -0.00801546 0.00614929 -0.00561205 0.00807142 0.999952 -0.0637459 0 0 0 1 
26875431820186;0.0232744;0.0169924;0.999977 -0.00262009 0.00620203 -0.00630009 0.00258047 0.999976 0.00638645 -0.0412276 -0.00621862 -0.00637031 0.99996 0.0262096 0 0 0 1 
26875431820187;0.469951;0.111995;0.999315 -0.0343066 0.0139089 0.217423 0.033964 0.999131 0.0241671 -0.0315743 -0.0147259 -0.0236781 0.999611 -0.609582 0 0 0 1 
26875431820188;0.333415;0.304055;0.999955 0.00423982 0.00853339 0.00406457 -0.00421174 0.999986 -0.00330604 0.0415698 -0.00854728 0.00326995 0.999958 -0.0357198 0 0 0 1 
26875431820189;0.215891;0.0291719;0.999453 -0.0174513 0.0280998 0.000289316 0.0215962 0.987724 -0.154708 0.298803 -0.025055 0.15523 0.987561 0.0704041 0 0 0 1 
26875431820190;0.353199;0.0201648;0.999501 -0.00296748 -0.0314548 0.130084 0.00316148 0.999976 0.00611974 -0.0391258 0.0314359 -0.00621613 0.999486 0.565499 0 0 0 1 
26875431820191;0.375035;0.353824;0.999511 0.000399152 -0.031278 0.0381413 -0.000410886 1 -0.000368702 0.00241186 0.0312778 0.000381373 0.999511 -0.0499452 0 0 0 1 
26875431820192;0.269163;0.0255102;0.998552 -0.0327728 0.0426603 -0.155818 0.0331472 0.999418 -0.00809827 0.343935 -0.04237 0.00950061 0.999057 0.255809 0 0 0 1 
26875431820193;0.42369;0.404102;0.998308 -8.78533e-05 0.0581438 -0.0848464 0.00269215 0.998996 -0.0447138 -0.00137023 -0.0580815 0.0447947 0.997306 0.225292 0 0 0 1 
26875431820194;0.276623;0.267111;0.999947 0.00951845 0.00387578 0.0192437 -0.00947127 0.999883 -0.0120138 0.0139985 -0.00398968 0.0119765 0.99992 0.0260537 0 0 0 1 
26875431820195;0.12753;0.0184289;0.996995 0.0765277 0.0119893 -0.182563 -0.0767966 0.996761 0.0238538 0.0631274 -0.010125 -0.0247029 0.999644 -0.13257 0 0 0 1 
26875431820196;0.182656;0.0147063;0.998259 -0.0587211 0.00553245 -0.108139 0.0588708 0.997733 -0.0325906 -0.341881 -0.00360616 0.0328595 0.999453 -0.136169 0 0 0 1 
26875431820197;0.141522;0.0176825;0.999271 0.0346357 -0.0160784 -0.247627 -0.0339184 0.998502 0.0429249 0.054714 0.0175411 -0.0423482 0.998949 -0.082505 0 0 0 1 
26875431820198;0.296595;0.260023;0.999961 -0.00636963 -0.00606642 0.044361 0.00639086 0.999973 0.00348741 0.0159031 0.00604405 -0.00352604 0.999976 -0.0808855 0 0 0 1 
26875431820199;0.374604;0.366072;0.99986 -0.0106484 -0.012916 0.0423593 0.0106983 0.999936 0.0037993 0.00137251 0.0128747 -0.00393695 0.999909 0.0405145 0 0 0 1 
26875431820200;0.14975;0.0222706;0.999066 0.0180819 -0.0392568 -0.204957 -0.0145243 0.995918 0.0890905 0.0499002 0.0407074 -0.088437 0.99525 -0.0124365 0 0 0 1 
26875431820201;0.180431;0.0136271;0.995864 -0.0422451 -0.0804323 0.350282 0.0436297 0.998927 0.0155356 -0.157042 0.0796897 -0.0189806 0.996639 -0.147863 0 0 0 1 
26875431820202;0.0568232;0.0238072;0.999482 -0.0319365 -0.00384695 -0.00218849 0.0317321 0.998489 -0.0448657 -0.0184068 0.005274 0.0447204 0.998986 -0.0417097 0 0 0 1 
26875431820203;0.370175;0.359667;0.999988 -0.00275832 -0.00404252 -0.0233837 0.00277466 0.999988 0.00404007 0.0125665 0.00403132 -0.00405124 0.999984 -0.0228684 0 0 0 1 
26875431820204;0.336699;0.311888;0.999645 0.026602 -0.00154014 -0.0293695 -0.0266313 0.999356 -0.0240539 0.0927217 0.000899267 0.0240863 0.999709 -0.0256346 0 0 0 1 
26875431820205;0.579018;0.533913;0.999982 -0.00208089 0.00568077 0.0938496 0.00200678 0.999913 0.0130197 -0.059033 -0.00570737 -0.013008 0.999899 0.0065947 0 0 0 1 
26875431820206;0.454909;0.29713;0.996691 -0.0080708 0.0808867 -0.0687515 0.0122312 0.99862 -0.051072 -0.0439676 -0.0803629 0.0518924 0.995414 0.4161 0 0 0 1 
26875431820207;0.201469;0.1988;0.999974 0.00712783 -0.000806419 -0.00450984 -0.00712345 0.999961 0.00530581 0.0193983 0.000844206 -0.00529993 0.999986 0.00524011 0 0 0 1 
26875431820208;0.418791;0.402922;0.999985 -0.00167287 0.00524903 -0.0251465 0.00154156 0.999688 0.0249196 -0.0380316 -0.00528908 -0.0249111 0.999676 -0.00609968 0 0 0 1 
26875431820209;0.261543;0.256234;0.999962 -0.00806896 0.00324886 0.00552708 0.0080578 0.999962 0.00343587 -0.00196425 -0.00327646 -0.00340956 0.999989 0.0219214 0 0 0 1 
26875431820210;0.579052;0.526094;0.999911 -0.00663449 0.011558 -0.0832174 0.00634722 0.999674 0.0247164 -0.0817537 -0.0117182 -0.0246409 0.999628 0.00964561 0 0 0 1 
26875431820211;0.254845;0.172926;0.999493 -0.0289947 -0.0131209 0.0833532 0.0286423 0.999244 -0.0262944 -0.0219624 0.0138734 0.0259052 0.999568 0.191861 0 0 0 1 
26875431820212;0.320883;0.227543;0.998233 -0.0383427 0.0454007 0.0760939 0.0389054 0.999176 -0.0115748 -0.212745 -0.0449194 0.0133207 0.998902 0.303108 0 0 0 1 
26875431820213;0.233658;0.200617;0.999956 -0.00857993 0.00382386 -0.0216665 0.00857986 0.999963 3.47468e-05 -0.0506834 -0.00382402 -1.93708e-06 0.999993 -0.0514278 0 0 0 1 
26875431820214;0.442932;0.0951737;0.990926 0.04458 -0.126803 0.253413 -0.0680098 0.980016 -0.186932 0.445032 0.115935 0.19386 0.974155 0.29435 0 0 0 1 
26875431820215;0.292551;0.240127;0.999789 0.00573694 0.0197446 0.0475946 -0.00511995 0.999501 -0.0311586 -0.046046 -0.0199135 0.0310509 0.999319 0.0196206 0 0 0 1 
26875431820217;0.53888;0.492917;0.998485 -0.0193344 0.0515186 0.130038 0.021867 0.998556 -0.0490587 -0.109222 -0.0504957 0.0501109 0.997466 0.260718 0 0 0 1 
26875431820218;0.132212;0.0167952;0.999897 -0.00896636 -0.0111637 0.0230392 0.00872645 0.999734 -0.0213562 0.182805 0.0113522 0.0212566 0.99971 0.118321 0 0 0 1 
26875431820219;0.276971;0.0120487;0.991903 -0.0546772 0.114624 0.41861 0.0569044 0.998247 -0.0162461 -0.619545 -0.113535 0.0226372 0.993276 0.353154 0 0 0 1 
26875431820220;0.346183;0.329305;0.999778 0.0209259 0.00260702 -0.0273542 -0.0209267 0.999781 0.000260405 0.0685433 -0.002601 -0.000314903 0.999997 0.0732394 0 0 0 1 
26875431820221;0.22686;0.0125036;0.999992 -0.00386953 0.000408036 0.428841 0.00386808 0.999986 0.00350007 -0.0238389 -0.000421574 -0.00349846 0.999994 -0.249673 0 0 0 1 
26875431820222;0.271182;0.262747;0.999726 0.0181615 0.0147642 -0.0530617 -0.0180138 0.999787 -0.0100763 0.120442 -0.014944 0.00980763 0.99984 0.0622449 0 0 0 1 
26875431820223;0.173034;0.0181249;0.999964 -0.00848089 -6.40008e-05 -0.143129 0.00848113 0.99994 0.00698647 -0.203725 4.74553e-06 -0.00698676 0.999976 -0.264904 0 0 0 1 
26875431820224;0.421446;0.0157431;0.996059 0.0545713 0.0699157 -0.692525 -0.0595288 0.995705 0.0709045 -0.345345 -0.0657461 -0.0747871 0.99503 0.633043 0 0 0 1 
26875431820225;0.149136;0.13581;0.999866 0.0162514 -0.00169747 -0.0208844 -0.0162453 0.999862 0.00355644 0.0734602 0.00175503 -0.00352839 0.999992 -0.0169789 0 0 0 1 
26875431820226;0.0692592;0.0157684;0.999383 -0.0351214 0.000213688 0.192096 0.0351219 0.99934 -0.00931608 -0.120817 0.000113648 0.00931784 0.999957 -0.0512687 0 0 0 1 
26875431820227;0.394953;0.324198;0.99898 0.0281723 0.035298 -0.166965 -0.0281276 0.999603 -0.00176065 0.166683 -0.0353336 0.000766004 0.999375 -0.0396099 0 0 0 1 
26875431820228;0.385763;0.0180033;0.999575 -0.0290972 -0.00202214 -0.230298 0.0287512 0.99461 -0.0996212 0.654455 0.00490994 0.0995207 0.995023 0.125443 0 0 0 1 
26875431820229;0.236316;0.015484;0.981556 -0.0976177 0.164373 0.175506 0.0954998 0.995213 0.0207573 -0.109618 -0.165612 -0.00467686 0.98618 0.758333 0 0 0 1 
26875431820230;0.353557;0.334016;0.999561 0.0274804 0.0110681 -0.0340397 -0.027229 0.999381 -0.0222573 0.194197 -0.0116729 0.0219461 0.999691 0.0225866 0 0 0 1 
26875431820231;0.448584;0.0140798;0.999505 0.00441771 0.0311387 -0.229484 -0.00323811 0.999279 -0.0378315 0.28605 -0.0312833 0.0377119 0.998799 -0.790056 0 0 0 1 
26875431820232;0.290281;0.107405;0.979762 -0.129602 0.152546 0.387355 0.100088 0.977178 0.187365 -0.530409 -0.173348 -0.168305 0.970373 0.818383 0 0 0 1 
26875431820233;0.217224;0.0170068;0.995397 -0.0809838 -0.0512543 0.608833 0.0804456 0.996681 -0.0124812 -0.31425 0.052095 0.00830053 0.998608 -0.304006 0 0 0 1 
26875431820234;0.288361;0.08982;0.992011 -0.121362 -0.0344279 0.197665 0.123928 0.988544 0.0861544 -0.977492 0.0235776 -0.0897327 0.995687 -0.147953 0 0 0 1 
26875431820235;0.189456;0.165061;0.999291 -0.0196023 -0.0321316 0.052464 0.0198284 0.999781 0.00673202 -0.111878 0.0319926 -0.00736437 0.999461 -0.114546 0 0 0 1 
26875431820236;0.315102;0.307147;0.999657 0.0106738 0.0239053 -0.0129722 -0.0108035 0.999928 0.00530215 -0.00362885 -0.023847 -0.00555859 0.9997 0.160085 0 0 0 1 
26875431820237;0.012092;0.0133562;0.999987 -0.00502786 0.000725913 0.0312663 0.00502653 0.999986 0.0018333 -0.0448359 -0.000735121 -0.00182963 0.999998 0.0240966 0 0 0 1 
26875431820238;0.26454;0.115205;0.98453 -0.153273 0.0849006 0.202653 0.150762 0.98794 0.0352782 -0.946419 -0.0892839 -0.0219327 0.995765 0.593713 0 0 0 1 
26875431820239;0.246987;0.0182285;0.999389 0.0324073 0.0131183 -0.277709 -0.0336181 0.993789 0.106078 -0.329729 -0.00959913 -0.106454 0.994271 0.166064 0 0 0 1 
26875431820240;0.363487;0.171074;0.969641 0.198363 -0.142995 -0.174097 -0.187407 0.978464 0.0865292 0.87185 0.157079 -0.057104 0.985934 -0.843118 0 0 0 1 
26875431820241;0.468508;0.328562;0.998016 -0.0612584 -0.0145332 -0.124679 0.0603991 0.996734 -0.0536043 -0.336306 0.0177695 0.0526202 0.998456 0.216773 0 0 0 1 
26875431820242;0.496458;0.46606;0.999771 -0.021203 0.00281533 0.0174603 0.0211471 0.999604 0.0185768 -0.138685 -0.0032081 -0.018513 0.999823 -0.0314933 0 0 0 1 
26875431820243;0.419239;0.282232;0.991216 0.0391134 0.126335 -0.25628 -0.0340009 0.998523 -0.0423738 0.244348 -0.127806 0.0377061 0.991082 0.468202 0 0 0 1 
26875431820244;0.327061;0.0236103;0.999985 -0.00544468 -0.000986549 -0.459298 0.00530742 0.994214 -0.107284 0.490354 0.00156497 0.107277 0.994228 -0.0350833 0 0 0 1 
26875431820245;0.440644;0.144639;0.962568 -0.0028446 0.271026 -0.345489 -0.0141579 0.998052 0.0607581 -0.13367 -0.270671 -0.0623209 0.960653 1.07968 0 0 0 1 
26875431820246;0.33651;0.0161471;0.988976 -0.0587648 0.135913 -0.0501238 0.0463687 0.994619 0.0926403 -0.642349 -0.140625 -0.085317 0.98638 0.242956 0 0 0 1 
26875431820248;0.482971;0.330531;0.992841 -0.0573024 -0.1048 0.0955638 0.0627023 0.99683 0.0489756 -0.0312522 0.101661 -0.0551961 0.993287 -0.731651 0 0 0 1 
26875431820249;0.481186;0.0353646;0.979275 -0.167802 -0.113413 0.303963 0.161507 0.984881 -0.0626527 -0.665388 0.122211 0.0430373 0.991571 0.393757 0 0 0 1 
26875431820250;0.362957;0.104151;0.987239 0.143871 0.0682713 0.104526 -0.136011 0.984756 -0.108432 1.14205 -0.0828307 0.0977623 0.991757 0.12236 0 0 0 1 
26875431820251;0.294996;0.0135396;0.995548 0.0928115 -0.0164279 0.636694 -0.0916335 0.993868 0.0618898 0.0874942 0.0220712 -0.0601089 0.997948 -0.358566 0 0 0 1 
