#;prob_registration_l1 -r /home/probabilistic_point_clouds_registration/build/tester /home/point_clouds_registration_benchmark//devel/registration_pairs/apartment_local.txt /home/point_clouds_registration_benchmark//eth/apartment -s 0.2 -t 0.2 -p 0.3 -r 1000 -m 20 -i 40 
id;initial_error;final_error;transformation
13001298760000;0.820981;1.38292;0.914075 -0.389131 0.11421 -0.469829 0.38207 0.920734 0.0791934 -3.32618 -0.135974 -0.0287523 0.990295 0.258789 0 0 0 1 
13001298760001;0.68771;1.40031;0.960921 -0.246711 -0.125556 0.193856 0.276593 0.874154 0.399188 -2.7187 0.0112716 -0.418316 0.908232 0.552289 0 0 0 1 
13001298760002;0.636186;0.494187;0.977372 0.157818 -0.140843 0.0301199 -0.112993 0.952413 0.283095 -0.485062 0.178818 -0.260775 0.948694 -1.01224 0 0 0 1 
13001298760003;0.411513;1.46167;0.948313 -0.301333 0.0995023 0.0912404 0.289326 0.949809 0.118967 -2.56675 -0.130357 -0.084029 0.9879 0.00731812 0 0 0 1 
13001298760004;0.857932;1.44185;0.914323 -0.377627 -0.146325 0.173519 0.364429 0.924777 -0.109445 -2.47231 0.176647 0.0467428 0.983164 0.404025 0 0 0 1 
13001298760005;0.460674;0.44512;0.897701 0.440591 0.00363974 0.345625 -0.44059 0.897567 0.015948 0.466044 0.00375964 -0.0159202 0.999866 0.284564 0 0 0 1 
13001298760006;0.655521;1.88111;0.966656 0.254311 0.0300391 -0.711608 -0.25549 0.965726 0.0458175 -1.18076 -0.0173577 -0.0519644 0.998498 0.350897 0 0 0 1 
13001298760007;0.308888;1.8411;0.881154 0.276626 0.383465 -0.192136 -0.341397 0.933317 0.111207 -1.17896 -0.327132 -0.228904 0.916836 1.1166 0 0 0 1 
13001298760008;0.466988;0.459971;0.941991 0.323222 0.0904439 -0.286883 -0.324682 0.945822 0.00151279 0.163527 -0.0850548 -0.0307905 0.9959 0.0203984 0 0 0 1 
13001298760009;0.423945;1.12838;0.822807 0.568172 -0.0129925 0.778429 -0.550775 0.79156 -0.264725 0.842564 -0.140125 0.224974 0.964236 0.0403748 0 0 0 1 
13001298760010;0.258498;0.522606;0.978003 0.207604 -0.0202431 -0.0798853 -0.208385 0.976727 -0.050793 0.342642 0.00922716 0.0538941 0.998504 0.0797939 0 0 0 1 
13001298760011;0.784351;1.80239;0.958937 0.270443 0.0854463 -0.161471 -0.283215 0.896987 0.339416 -1.34726 0.0151483 -0.349678 0.936747 -0.72653 0 0 0 1 
13001298760012;0.622128;0.468869;0.964861 0.260229 -0.0363915 0.203992 -0.259241 0.965355 0.0297169 -0.24996 0.0428639 -0.0192385 0.998896 0.133654 0 0 0 1 
13001298760013;0.398004;0.556603;0.885846 0.447692 0.121853 0.41207 -0.422003 0.886579 -0.189448 0.782638 -0.192847 0.1164 0.9743 0.875843 0 0 0 1 
13001298760014;0.755219;0.926833;0.991727 0.0389786 -0.122304 0.159609 -0.0322055 0.997862 0.0568756 -0.671128 0.12426 -0.0524662 0.990862 -0.983116 0 0 0 1 
13001298760015;0.388158;0.951843;0.960601 0.251143 -0.119048 -0.0483739 -0.251429 0.96779 0.0128588 0.0887151 0.118443 0.0175801 0.992805 -0.0423627 0 0 0 1 
13001298760016;0.851768;0.902671;0.982374 0.186781 0.00735275 0.290402 -0.186383 0.981758 -0.0375944 0.221967 -0.0142405 0.0355613 0.999266 0.715576 0 0 0 1 
13001298760017;0.399547;0.63805;0.923555 0.380092 -0.0507647 0.287731 -0.381593 0.924024 -0.0237915 0.394284 0.0378648 0.0413442 0.998427 0.262452 0 0 0 1 
13001298760018;0.820633;0.647515;0.938867 0.313029 -0.143325 -0.0806982 -0.320622 0.94664 -0.0327637 0.317346 0.125421 0.0767139 0.989133 0.727064 0 0 0 1 
13001298760019;0.329854;0.439341;0.98544 0.139407 -0.0973294 0.120524 -0.132497 0.988401 0.0742099 -0.342636 0.106546 -0.0602336 0.992482 -0.347831 0 0 0 1 
13001298760020;0.847185;0.553603;0.955013 0.296394 0.0100251 -0.291719 -0.296518 0.954914 0.0147058 0.66252 -0.00521439 -0.0170169 0.999842 0.78573 0 0 0 1 
13001298760021;0.886722;1.36961;0.896194 -0.252527 -0.364783 1.06108 0.343192 0.915656 0.209271 -2.96704 0.281169 -0.312738 0.90727 -1.24554 0 0 0 1 
13001298760022;0.59893;0.929248;0.975313 0.156296 -0.155999 -0.259869 -0.124349 0.972503 0.196915 -0.539951 0.182487 -0.172655 0.96793 -0.804895 0 0 0 1 
13001298760023;0.367247;0.471844;0.988766 0.14349 0.0418657 -0.0989316 -0.14515 0.988611 0.0397374 -0.298619 -0.035687 -0.0453678 0.998333 -0.0735776 0 0 0 1 
13001298760024;0.0968236;0.469758;0.965696 0.255376 0.0470681 0.118371 -0.257273 0.965515 0.0399029 0.307635 -0.0352547 -0.0506434 0.998094 0.199237 0 0 0 1 
13001298760025;0.689632;0.501167;0.985562 0.125258 0.11392 -0.434006 -0.0810983 0.939861 -0.331789 0.306718 -0.148628 0.31776 0.93645 0.943055 0 0 0 1 
13001298760026;0.452516;1.36259;0.984214 -0.162831 0.0693465 -0.14625 0.155967 0.983183 0.0950048 -1.56486 -0.08365 -0.0826893 0.993058 0.28338 0 0 0 1 
13001298760027;0.353163;1.40728;0.915067 -0.310591 0.257264 -0.0481889 0.227565 0.924286 0.306446 -2.32785 -0.332965 -0.221875 0.916464 0.783905 0 0 0 1 
13001298760028;0.770166;1.20041;0.956561 0.285701 0.0580166 0.230018 -0.275254 0.950654 -0.143152 0.412452 -0.0960525 0.120965 0.987999 0.139058 0 0 0 1 
13001298760029;0.444231;0.414273;0.906318 0.382743 0.179151 0.332791 -0.39904 0.914652 0.0646394 0.478974 -0.139121 -0.130072 0.981696 0.611717 0 0 0 1 
13001298760031;1.0814;0.73181;0.99203 -0.000670316 0.125998 -0.191 0.00725766 0.99863 -0.0518295 0.198272 -0.125791 0.0523309 0.990676 0.628752 0 0 0 1 
13001298760032;0.762366;0.262294;0.979593 -0.181513 -0.0863176 -0.665919 0.183577 0.982866 0.0165316 -0.497666 0.0818379 -0.0320401 0.996131 -0.721619 0 0 0 1 
13001298760033;0.562268;0.176415;0.971537 -0.206043 -0.116884 -0.636354 0.194866 0.975695 -0.100229 -0.578009 0.134694 0.0745995 0.988075 0.0505939 0 0 0 1 
13001298760034;0.913227;0.219441;0.984666 -0.1568 -0.0764646 -0.58675 0.119168 0.924685 -0.361603 -0.151451 0.127405 0.346946 0.929191 0.915449 0 0 0 1 
13001298760035;0.190074;0.270488;0.98657 0.109739 -0.120985 0.179614 -0.102661 0.992702 0.0632806 0.358338 0.127046 -0.0500104 0.990635 -0.53062 0 0 0 1 
13001298760036;1.3176;0.178745;0.927627 -0.369101 -0.0572112 -1.42084 0.373257 0.910447 0.178229 -0.86385 -0.0136966 -0.186684 0.982324 -0.343785 0 0 0 1 
13001298760037;0.408209;0.291635;0.988755 0.138684 -0.0559488 0.0438983 -0.14484 0.981207 -0.127495 0.827305 0.0372158 0.134165 0.99026 0.0819787 0 0 0 1 
13001298760038;0.799177;0.190873;0.999835 0.0121762 -0.0134968 0.420043 -0.00993691 0.987852 0.155078 -0.274758 0.0152211 -0.154919 0.98781 -0.27897 0 0 0 1 
13001298760039;0.512139;0.28892;0.999532 0.0267679 -0.0148229 -0.0942611 -0.0270431 0.99946 -0.0186879 0.160334 0.0143147 0.0190801 0.999715 0.421371 0 0 0 1 
13001298760040;0.790161;0.20144;0.999969 0.00568428 -0.00544034 0.116641 -0.00578637 0.999804 -0.0189372 0.323588 0.00533163 0.0189681 0.999806 -0.440028 0 0 0 1 
13001298760041;0.304867;0.253446;0.986422 -0.116695 0.115555 -0.385103 0.123778 0.990722 -0.0561205 -0.069672 -0.107934 0.0696618 0.991714 0.416836 0 0 0 1 
13001298760042;0.323258;0.315047;0.997359 0.0718734 -0.0104737 0.086356 -0.0714258 0.996714 0.0382052 0.171146 0.0131852 -0.0373562 0.999215 -0.0347186 0 0 0 1 
13001298760043;1.1294;0.308009;0.941011 -0.329985 -0.0748916 -0.662275 0.337475 0.899089 0.278834 -1.96022 -0.0246768 -0.28766 0.957415 -0.818396 0 0 0 1 
13001298760044;0.672602;0.218275;0.990255 -0.0757254 0.116883 -0.654154 0.0796038 0.996408 -0.0288711 -0.0310006 -0.114277 0.0378941 0.992726 0.108391 0 0 0 1 
13001298760045;0.603165;0.444186;0.885744 0.463592 0.0232584 1.1868 -0.459931 0.883304 -0.0907628 1.57765 -0.0626211 0.0696953 0.995601 0.0701817 0 0 0 1 
13001298760046;0.435224;0.311082;0.899006 0.113089 -0.423083 0.699597 -0.137993 0.99002 -0.028591 0.682336 0.415627 0.0840859 0.90564 -1.04724 0 0 0 1 
13001298760047;1.03472;0.205877;0.999258 -0.0221716 0.0314825 -0.310075 0.0139939 0.970792 0.239512 -0.440807 -0.0358733 -0.238894 0.970383 -1.00051 0 0 0 1 
13001298760048;1.38851;0.212624;0.994504 0.0708276 0.0771084 0.132096 -0.0972037 0.898251 0.428598 -0.742095 -0.0389062 -0.433738 0.900199 -1.3224 0 0 0 1 
13001298760049;0.308211;0.28803;0.989219 0.12744 -0.0721445 0.0311863 -0.118924 0.986558 0.112073 0.304233 0.0854573 -0.102285 0.991078 -0.44032 0 0 0 1 
13001298760050;0.383404;0.277426;0.99984 -0.0178756 0.000272209 -0.390674 0.017877 0.999561 -0.0236467 0.019616 0.00015061 0.0236478 0.99972 0.15032 0 0 0 1 
13001298760051;1.39486;0.252891;0.918486 -0.374057 0.128312 -1.69269 0.383041 0.922178 -0.0535485 -1.36528 -0.0982964 0.0983324 0.990287 0.585287 0 0 0 1 
13001298760052;0.390791;0.24917;0.999916 -0.0120931 -0.00458177 -0.393176 0.0121279 0.999897 0.00763785 -0.119176 0.00448893 -0.00769278 0.99996 -0.0397117 0 0 0 1 
13001298760053;0.738841;0.492608;0.96752 0.251534 0.0252122 0.789117 -0.252495 0.956708 0.144763 0.644687 0.0122921 -0.146427 0.989145 -0.0981005 0 0 0 1 
13001298760054;0.290741;0.264296;0.991898 -0.125932 -0.0167445 -0.458911 0.125713 0.991974 -0.0135536 -0.200331 0.018317 0.0113388 0.999768 -0.155961 0 0 0 1 
13001298760055;0.983527;0.536484;0.97857 0.164948 0.123261 -0.507666 -0.144775 0.976803 -0.157787 0.910989 -0.146428 0.13656 0.97975 0.996892 0 0 0 1 
13001298760056;0.893456;0.686597;0.994872 -0.0915017 0.0430953 -0.0996759 0.0919646 0.995723 -0.00887977 -0.380793 -0.0420985 0.0127975 0.999032 0.0436741 0 0 0 1 
13001298760057;1.32906;0.175259;0.995494 0.0811401 0.0490656 0.523172 -0.0819107 0.996543 0.0138997 0.858188 -0.0477682 -0.0178561 0.998699 -0.464908 0 0 0 1 
13001298760058;1.04418;0.234872;0.936827 -0.323107 0.134006 -0.769141 0.318612 0.946327 0.0543306 -0.931243 -0.144368 -0.00820249 0.98949 -0.279449 0 0 0 1 
13001298760059;1.02726;0.249915;0.997657 0.0488636 -0.0478899 0.380137 -0.0362571 0.971173 0.2356 -0.140633 0.0580217 -0.233312 0.970669 -1.18198 0 0 0 1 
13001298760060;1.18019;1.08608;0.981459 -0.175451 -0.0771662 -0.00766789 0.186118 0.968584 0.16494 -1.60498 0.045803 -0.176244 0.98328 -0.358383 0 0 0 1 
13001298760062;0.42647;1.327;0.973662 -0.227979 0.00299455 -0.570327 0.227484 0.972261 0.0543975 -0.13458 -0.015313 -0.0522836 0.998515 0.190931 0 0 0 1 
13001298760063;0.820769;1.71895;0.932077 -0.35643 0.064737 -0.505092 0.358369 0.933345 -0.0209342 -0.144083 -0.0529604 0.042712 0.997683 0.969378 0 0 0 1 
13001298760064;0.637796;1.34993;0.998215 -0.0588836 0.00996409 -0.140903 0.0594214 0.995973 -0.0671316 0.769575 -0.00597102 0.0676039 0.997694 0.687836 0 0 0 1 
13001298760065;1.32441;1.7876;0.894636 -0.363043 -0.260434 -0.139603 0.433537 0.846311 0.309522 -0.986965 0.108038 -0.389817 0.914533 -2.1883 0 0 0 1 
13001298760066;0.832986;1.09228;0.926376 -0.376571 0.00474279 -0.57189 0.376064 0.92431 -0.0650214 -0.271195 0.0201013 0.0620178 0.997873 0.380687 0 0 0 1 
13001298760067;0.500971;1.10966;0.886345 -0.463012 0.00349687 -0.606495 0.461095 0.881935 -0.0978907 -1.08867 0.0422406 0.0883773 0.995191 -0.15945 0 0 0 1 
13001298760068;1.1413;1.30776;0.883886 -0.443077 0.14976 -1.16116 0.418665 0.892289 0.168938 -0.399215 -0.208482 -0.0866225 0.974183 0.855842 0 0 0 1 
13001298760069;0.277143;1.8218;0.955028 -0.259169 -0.144057 -0.287352 0.278878 0.950149 0.139443 0.0353754 0.100737 -0.173346 0.979695 -0.748465 0 0 0 1 
13001298760070;1.31041;1.26825;0.943438 -0.312575 0.110548 -0.686152 0.320926 0.944677 -0.0677662 -0.395365 -0.0832501 0.099411 0.991558 -0.277979 0 0 0 1 
13001298760071;0.311671;1.46168;0.773302 -0.591365 -0.228673 -0.466786 0.61792 0.783726 0.0628439 -1.91563 0.142053 -0.189899 0.971473 -0.991394 0 0 0 1 
13001298760072;0.364438;1.82807;0.856163 -0.508658 0.0908442 -0.852191 0.515512 0.852827 -0.0832669 -0.746293 -0.03512 0.118121 0.992378 0.736891 0 0 0 1 
13001298760073;1.33186;1.34224;0.814355 -0.486404 0.316602 -0.93355 0.563431 0.793417 -0.230294 -0.872155 -0.139182 0.365924 0.920178 1.14437 0 0 0 1 
13001298760074;0.375476;1.42102;0.803138 -0.476657 -0.357446 -0.164837 0.394314 0.875007 -0.280855 -0.636582 0.446639 0.0846193 0.890704 -1.28604 0 0 0 1 
13001298760075;0.892832;1.33824;0.93522 -0.278519 0.218613 -0.314828 0.310455 0.94192 -0.128084 -0.41259 -0.170242 0.187656 0.967369 1.81522 0 0 0 1 
13001298760076;0.49285;1.47379;0.881065 -0.471822 0.0332893 -0.923716 0.472759 0.87622 -0.0934712 -0.970447 0.014933 0.098092 0.995065 0.124032 0 0 0 1 
13001298760077;1.25077;1.02871;0.969953 -0.243294 0.000438829 -0.819066 0.243266 0.969813 -0.0168649 0.0296797 0.00367754 0.0164649 0.999858 0.859028 0 0 0 1 
13001298760078;0.873453;1.29948;0.959598 -0.204543 -0.193219 -0.172481 0.216392 0.975398 0.0421195 0.285133 0.17985 -0.0822288 0.980251 -1.30616 0 0 0 1 
13001298760079;0.135451;1.02831;0.968693 -0.244527 -0.0429062 -0.318544 0.241576 0.96826 -0.0641426 -0.259494 0.0572289 0.0517694 0.997018 0.00336874 0 0 0 1 
13001298760080;0.477523;1.85686;0.651474 -0.680749 0.334906 -0.621032 0.622473 0.731981 0.277006 -1.98375 -0.433716 0.0280082 0.900614 1.71472 0 0 0 1 
13001298760081;0.486196;1.50233;0.937597 -0.116272 -0.327707 0.360257 0.116871 0.992985 -0.0179375 0.424853 0.327494 -0.0214813 0.944609 -1.11331 0 0 0 1 
13001298760082;0.60999;3.41715;0.814403 -0.571588 0.10018 -0.513051 0.580227 0.804814 -0.124942 -0.0716491 -0.00921063 0.15988 0.987093 0.329987 0 0 0 1 
13001298760083;0.578912;1.21072;0.823345 -0.565455 -0.0486201 -0.425228 0.549563 0.772941 0.317086 -2.14223 -0.141717 -0.287791 0.94715 -0.214082 0 0 0 1 
13001298760084;0.295038;1.23574;0.997804 -0.0538984 0.0385095 -0.0492109 0.0565228 0.995897 -0.0706657 0.617583 -0.0345427 0.0726871 0.996756 0.384312 0 0 0 1 
13001298760085;0.331689;1.21051;0.973687 -0.224602 -0.0385759 -0.329347 0.227834 0.963158 0.142895 -0.326389 0.00506033 -0.147924 0.988986 -0.275409 0 0 0 1 
13001298760086;0.698459;1.28765;0.944824 -0.326207 0.0299327 -0.746427 0.32757 0.941472 -0.079549 -0.700421 -0.00223137 0.0849649 0.996381 0.73991 0 0 0 1 
13001298760087;0.67213;1.33289;0.834104 -0.434039 -0.340411 -0.00334042 0.40857 0.900749 -0.147382 -0.691616 0.370595 -0.0161501 0.928654 -1.62769 0 0 0 1 
13001298760088;0.268562;1.88576;0.810471 -0.516089 -0.277108 -0.332824 0.497642 0.856164 -0.139053 -0.830742 0.309013 -0.0252024 0.950724 -1.03058 0 0 0 1 
13001298760089;1.15866;1.19789;0.754283 -0.564134 0.335872 -1.19623 0.616909 0.784046 -0.0685277 -1.95588 -0.22468 0.258892 0.939411 2.082 0 0 0 1 
13001298760090;0.714198;1.94155;0.910329 -0.41268 -0.0315557 -0.891993 0.413685 0.909612 0.0383539 -0.539905 0.0128756 -0.0479688 0.998766 0.373373 0 0 0 1 
13001298760091;1.1529;1.36637;0.951418 -0.302824 -0.055687 -0.57393 0.299756 0.952299 -0.0572007 -0.558571 0.0703524 0.0377293 0.996808 -0.849186 0 0 0 1 
13001298760093;1.04775;0.464007;0.842374 -0.441755 0.30864 -0.863321 0.462375 0.886656 0.00710183 -1.6665 -0.276794 0.136725 0.951153 0.406772 0 0 0 1 
13001298760094;1.11373;0.61757;0.953639 -0.300952 0.000275704 -0.271815 0.300329 0.951721 0.0634759 -1.63051 -0.0193656 -0.0604503 0.997983 -1.11626 0 0 0 1 
13001298760095;0.293853;0.480603;0.970348 -0.0739243 0.23013 0.0816859 0.123135 0.970462 -0.207463 -0.548165 -0.207996 0.229648 0.950789 1.41193 0 0 0 1 
13001298760096;0.895384;0.448067;0.977083 -0.198531 0.076769 0.462574 0.202471 0.978139 -0.0474206 -1.14357 -0.0656763 0.0618774 0.995921 0.322325 0 0 0 1 
13001298760097;0.339617;0.492371;0.964395 -0.262477 -0.03236 -0.163812 0.260645 0.964046 -0.051761 -0.987188 0.0447826 0.0414836 0.998135 -0.322481 0 0 0 1 
13001298760098;0.188558;0.551477;0.987419 -0.116435 -0.106987 0.185621 0.118812 0.992786 0.0160956 -0.646957 0.104342 -0.0286045 0.99413 -0.557402 0 0 0 1 
13001298760099;0.958706;0.460808;0.971574 0.0465997 0.232103 0.273621 -0.0220255 0.993976 -0.107364 -0.811919 -0.235708 0.0992 0.966748 0.591018 0 0 0 1 
13001298760100;0.754489;0.650763;0.987714 -0.04205 -0.150506 0.0987798 0.0023954 0.967077 -0.254471 -0.378349 0.156252 0.250985 0.955297 0.73401 0 0 0 1 
13001298760101;0.427244;0.694444;0.987805 0.0746438 0.136634 0.84718 -0.0659573 0.995568 -0.0670405 -0.111369 -0.141033 0.0572109 0.98835 0.284883 0 0 0 1 
13001298760102;0.55757;0.710993;0.997901 0.00196113 -0.0647354 0.479167 0.00174987 0.99836 0.0572192 -0.31947 0.0647414 -0.0572124 0.996261 -0.169383 0 0 0 1 
13001298760103;0.502682;0.685433;0.980325 -0.197378 -0.00207909 -0.0427612 0.196108 0.975108 -0.103469 -0.459807 0.0224499 0.101026 0.99463 0.247404 0 0 0 1 
13001298760104;0.301846;0.666021;0.801164 -0.598012 0.0227597 -0.716201 0.597883 0.798185 -0.0737353 -2.578 0.0259281 0.0726817 0.997018 0.0505911 0 0 0 1 
13001298760105;0.905526;0.731274;0.996888 -0.00735273 -0.0784866 0.581616 -0.0100459 0.975673 -0.218999 -0.159247 0.0781876 0.219106 0.972563 -0.393883 0 0 0 1 
13001298760106;0.994487;0.415941;0.884059 -0.467345 -0.00530043 -0.754311 0.463435 0.87802 -0.119616 -2.51139 0.0605558 0.103291 0.992806 0.586553 0 0 0 1 
13001298760107;0.0362635;0.527299;0.955163 -0.29409 0.0342733 -0.449916 0.295713 0.941805 -0.159866 -1.13146 0.0147362 0.162833 0.986544 0.25185 0 0 0 1 
13001298760108;1.01768;0.400883;0.947397 -0.294774 -0.124686 -0.24697 0.298766 0.954221 0.0142042 -1.18879 0.114791 -0.0507091 0.992095 -1.39925 0 0 0 1 
13001298760109;0.830454;0.429168;0.940162 -0.338481 -0.0390566 -0.303649 0.333753 0.937922 -0.0943995 -1.11605 0.0685845 0.0757156 0.994768 -0.696772 0 0 0 1 
13001298760110;0.923517;0.630014;0.965171 -0.26039 -0.025321 -0.590317 0.258908 0.964584 -0.0504531 -0.996008 0.0375617 0.0421401 0.998405 0.571578 0 0 0 1 
13001298760111;0.26829;0.398673;0.878845 -0.474097 0.0535082 -0.779164 0.477094 0.874125 -0.0910371 -1.83961 -0.00361234 0.105536 0.994409 0.257348 0 0 0 1 
13001298760112;0.495558;0.583908;0.986263 0.0242182 -0.163399 0.489018 -0.00524912 0.993289 0.115537 0.100274 0.165101 -0.113092 0.979771 -0.973499 0 0 0 1 
13001298760113;0.269314;0.410378;0.999049 0.010322 0.0423577 0.258317 -0.0102019 0.999943 -0.00305231 -0.113774 -0.0423868 0.00261728 0.999098 -0.0781393 0 0 0 1 
13001298760114;0.734561;0.829766;0.826039 -0.562209 0.0397564 -0.890252 0.563578 0.823151 -0.0692945 -2.03007 0.00623245 0.0796458 0.996804 0.254541 0 0 0 1 
13001298760115;0.321726;0.63136;0.962057 -0.272847 0.000842173 -0.2892 0.270544 0.953527 -0.132635 -1.15584 0.0353859 0.12783 0.991165 -0.076785 0 0 0 1 
13001298760116;1.15818;0.739497;0.999646 0.00581225 -0.0259774 1.34098 -0.0152616 0.9247 -0.380391 -0.064628 0.0218104 0.380653 0.924461 1.47809 0 0 0 1 
13001298760117;0.977589;0.708057;0.94268 -0.313408 -0.114584 -0.297558 0.281076 0.930827 -0.233573 -1.46328 0.179861 0.187978 0.965564 0.634634 0 0 0 1 
13001298760118;0.349631;0.698427;0.987908 0.0771587 0.13448 0.618993 -0.0733103 0.996752 -0.033345 -0.142906 -0.136616 0.0230831 0.990355 0.399719 0 0 0 1 
13001298760119;0.966956;0.563854;0.842353 -0.487789 -0.229135 -0.243073 0.490183 0.870161 -0.0503956 -1.78474 0.223967 -0.0698674 0.972089 -1.638 0 0 0 1 
13001298760120;0.820899;0.528964;0.998104 -0.0301653 0.0536425 0.615992 0.0317039 0.999103 -0.0280664 -0.441405 -0.0527478 0.0297139 0.998166 0.623665 0 0 0 1 
13001298760121;0.247186;0.503564;0.968072 -0.249702 0.0220213 -0.337333 0.250557 0.966538 -0.0549973 -0.896192 -0.00755151 0.0587589 0.998244 0.248365 0 0 0 1 
13001298760122;0.958553;0.443807;0.994945 -0.0855401 -0.0525974 0.42922 0.0879672 0.995074 0.0457024 -1.15464 0.0484289 -0.0500982 0.997569 -0.126494 0 0 0 1 
13001298760124;1.10954;0.146909;0.877843 -0.478072 0.0289719 -0.655946 0.473386 0.87525 0.0992112 -3.34507 -0.0727878 -0.0733769 0.994645 -0.218384 0 0 0 1 
13001298760125;0.573277;0.103509;0.93912 0.0113811 -0.3434 0.618658 0.11264 0.934019 0.339 -0.843818 0.3246 -0.357042 0.875874 -2.88052 0 0 0 1 
13001298760126;0.254431;0.0690433;0.963085 0.20158 -0.178417 0.910595 -0.191322 0.9788 0.0731245 0.795878 0.189375 -0.0362899 0.981234 -0.865544 0 0 0 1 
13001298760127;0.992788;0.140985;0.905715 -0.366589 -0.212821 -0.625581 0.370664 0.928508 -0.0219186 -2.71034 0.205641 -0.0590331 0.976845 -1.1971 0 0 0 1 
13001298760128;0.0799235;0.123909;0.999783 0.0200528 -0.00558347 0.0688967 -0.0203568 0.997924 -0.0611032 0.147997 0.00434659 0.0612036 0.998116 0.262941 0 0 0 1 
13001298760129;0.127861;0.138502;0.997321 -0.0511116 -0.0523206 -0.0431797 0.0499519 0.998481 -0.0232394 -0.0473655 0.0534289 0.0205637 0.99836 -0.104694 0 0 0 1 
13001298760130;0.557579;0.133941;0.962698 -0.254017 -0.0932064 -0.688095 0.250905 0.967015 -0.0439139 -1.36437 0.101287 0.0188899 0.994678 0.0971454 0 0 0 1 
13001298760131;0.697726;0.161269;0.983032 -0.180774 -0.0311154 0.0160164 0.17276 0.969438 -0.174194 -1.14381 0.0616541 0.165863 0.98422 0.42248 0 0 0 1 
13001298760132;0.915785;0.123753;0.975609 0.0106184 0.219257 0.0480111 -0.00894753 0.999923 -0.00861227 0.206693 -0.219332 0.00644039 0.975629 0.296443 0 0 0 1 
13001298760133;0.526097;0.129925;0.99229 0.10242 0.0697918 0.275425 -0.102295 0.99474 -0.00537457 0.562758 -0.0699751 -0.00180623 0.997547 0.873761 0 0 0 1 
13001298760134;0.640051;0.12643;0.992574 -0.0534191 -0.109285 0.13233 0.0495146 0.998045 -0.0381367 0.00242549 0.111109 0.0324423 0.993279 0.203329 0 0 0 1 
13001298760135;0.744448;0.138429;0.896002 0.415263 -0.157284 1.98533 -0.425576 0.904157 -0.0372183 1.89911 0.126754 0.100284 0.986852 0.344611 0 0 0 1 
13001298760136;0.470128;0.132285;0.992444 0.111054 -0.0521708 0.0858019 -0.112423 0.993369 -0.0240812 0.566026 0.0491505 0.0297644 0.998348 -0.333892 0 0 0 1 
13001298760137;0.306436;0.132576;0.96662 0.0582976 0.249492 0.0833386 0.0015729 0.972401 -0.23331 0.04663 -0.256208 0.225915 0.939851 2.1105 0 0 0 1 
13001298760138;0.926249;0.150173;0.998739 -0.0226894 -0.0447763 -0.393307 0.0195624 0.997419 -0.0690792 -0.399331 0.0462282 0.0681162 0.996606 -0.56789 0 0 0 1 
13001298760139;0.738974;0.120415;0.981912 0.189322 -0.00225117 0.588412 -0.189179 0.980544 -0.0523848 1.03151 -0.00771023 0.0518631 0.998624 0.892411 0 0 0 1 
13001298760140;1.02616;0.134504;0.988711 0.121632 -0.0874977 0.17867 -0.121681 0.992558 0.00479716 0.445443 0.08743 0.00590377 0.996153 -1.17257 0 0 0 1 
13001298760141;0.897713;0.140158;0.949462 -0.242046 0.199837 -0.846863 0.274693 0.948809 -0.155901 -1.73654 -0.151872 0.202916 0.967347 2.05069 0 0 0 1 
13001298760142;0.158181;0.128188;0.999 0.00721455 0.0441177 -0.0129971 -0.00115646 0.990732 -0.135827 0.227486 -0.0446887 0.13564 0.98975 0.739376 0 0 0 1 
13001298760143;0.631582;0.144993;0.933756 0.345454 -0.0936031 1.40924 -0.357419 0.886321 -0.294425 1.65495 -0.0187478 0.308376 0.95108 1.54664 0 0 0 1 
13001298760144;0.855274;0.162868;0.982727 -0.118775 -0.141917 0.472007 0.121064 0.992616 0.00757754 -0.477807 0.139969 -0.0246277 0.98985 -0.250488 0 0 0 1 
13001298760145;0.0426315;0.14705;0.998658 -0.0435285 -0.0280706 -0.10663 0.0415977 0.996949 -0.066044 -0.0789585 0.0308598 0.0647877 0.997422 0.190299 0 0 0 1 
13001298760146;0.950154;0.115902;0.9945 0.0107283 -0.104188 0.113675 -0.0115652 0.999906 -0.00743144 -0.00437368 0.104099 0.00859552 0.99453 0.502027 0 0 0 1 
13001298760147;0.397392;0.145057;0.954101 0.0594147 -0.293531 0.607891 -0.144981 0.949252 -0.279109 0.814687 0.262052 0.308855 0.914296 -0.116456 0 0 0 1 
13001298760148;0.554781;0.166689;0.995336 -0.0939217 0.0220102 -0.26977 0.0964458 0.973573 -0.207012 -0.486389 -0.00198567 0.208169 0.978091 0.279983 0 0 0 1 
13001298760149;0.73823;0.12379;0.998592 -0.0498527 -0.0181542 -0.101556 0.0490829 0.997968 -0.0406311 0.188073 0.0201429 0.0396828 0.999009 0.715605 0 0 0 1 
13001298760150;0.886242;0.133433;0.965316 -0.260381 0.0191398 -0.327008 0.260777 0.965139 -0.0224196 -1.62342 -0.012635 0.0266333 0.999565 -0.380013 0 0 0 1 
13001298760151;1.10427;0.186791;0.95115 0.269317 0.150936 1.79563 -0.28757 0.950737 0.115765 1.67598 -0.112323 -0.153515 0.981742 0.261082 0 0 0 1 
13001298760152;0.722566;0.164706;0.960146 0.195075 0.200163 0.196567 -0.121423 0.936165 -0.329925 0.419265 -0.251746 0.292472 0.922542 2.45159 0 0 0 1 
13001298760153;0.343462;0.171659;0.974279 0.198243 -0.107145 0.774993 -0.215645 0.958209 -0.187969 1.04934 0.0654035 0.206239 0.976313 0.399078 0 0 0 1 
13001298760155;0.0682714;1.00921;0.931502 -0.363334 -0.0170851 -0.549704 0.362497 0.931178 -0.0387695 -2.23266 0.0299955 0.0299206 0.999102 -0.0281479 0 0 0 1 
13001298760156;0.228778;0.49546;0.996738 0.0607085 -0.0531817 -0.406374 -0.0663908 0.991424 -0.112564 0.405434 0.045892 0.115728 0.99222 -0.12541 0 0 0 1 
13001298760157;0.606065;1.20055;0.916504 -0.377657 0.131891 -1.13031 0.398527 0.890526 -0.219408 -2.81182 -0.0345914 0.253651 0.966677 0.389785 0 0 0 1 
13001298760158;0.344682;0.623149;0.933359 0.0965064 -0.345726 -0.0391443 -0.0947422 0.995258 0.0220411 0.332367 0.346214 0.0121826 0.938076 -1.35567 0 0 0 1 
13001298760159;0.780294;0.897469;0.99744 -0.0279865 -0.0657992 -0.176203 0.0302365 0.998983 0.0334522 -0.227448 0.0647961 -0.0353561 0.997272 -0.648894 0 0 0 1 
13001298760160;0.374691;1.14059;0.928365 -0.35609 -0.106485 -0.818973 0.365684 0.926335 0.0904371 -2.16599 0.0664371 -0.122899 0.990193 0.0843505 0 0 0 1 
13001298760161;0.829311;0.599105;0.989685 0.0684003 0.125873 -1.24512 -0.0949539 0.971124 0.218865 -0.0712387 -0.107268 -0.228559 0.967602 0.347557 0 0 0 1 
13001298760162;0.477774;0.981739;0.984448 -0.1755 0.00787373 -1.02552 0.16517 0.909372 -0.381786 -1.29481 0.0598435 0.377149 0.924217 0.257821 0 0 0 1 
13001298760163;0.737936;0.821184;0.982388 -0.178023 0.0567506 -0.392872 0.178864 0.983822 -0.0100532 -1.40414 -0.0540428 0.0200268 0.998338 0.523695 0 0 0 1 
13001298760164;0.306679;0.638356;0.998151 0.00875332 -0.060142 -0.6754 -0.0263533 0.95404 -0.298519 0.223852 0.0547648 0.299552 0.952507 0.0178275 0 0 0 1 
13001298760165;0.655134;0.608866;0.996675 -0.0648665 -0.0493123 -0.973718 0.0697652 0.992006 0.10515 -0.646124 0.0420974 -0.108241 0.993233 -0.581362 0 0 0 1 
13001298760166;0.142166;0.461319;0.999023 0.0437528 -0.00616565 -0.510905 -0.043899 0.998698 -0.026001 0.195646 0.00502 0.0262462 0.999643 -0.0275738 0 0 0 1 
13001298760167;0.73402;1.03586;0.983272 0.0743442 0.166278 -0.558391 -0.0585226 0.993453 -0.0981119 -0.480042 -0.172483 0.0867397 0.981186 1.16316 0 0 0 1 
13001298760168;0.457979;1.10188;0.989663 0.142006 0.0200231 -0.831964 -0.13611 0.974063 -0.180764 -0.0571664 -0.0451733 0.17617 0.983323 0.0495875 0 0 0 1 
13001298760169;0.0971797;0.916463;0.994805 -0.0870045 0.0528577 -1.04052 0.0820845 0.99264 0.0890347 -0.744158 -0.0602151 -0.0842334 0.994625 0.212946 0 0 0 1 
13001298760170;0.865636;0.964978;0.990731 -0.0674651 -0.1179 -1.24169 0.0486354 0.986582 -0.155854 -0.359261 0.126833 0.148675 0.980719 0.150723 0 0 0 1 
13001298760171;0.53187;0.44145;0.99678 -0.0392673 -0.0699132 -0.525462 0.0627112 0.925101 0.374507 -0.681232 0.0499709 -0.377685 0.924585 0.20986 0 0 0 1 
13001298760172;0.399772;1.11616;0.966414 -0.10833 0.233043 -0.764863 0.0705155 0.983788 0.164891 -1.1356 -0.247127 -0.14292 0.958385 1.26413 0 0 0 1 
13001298760173;0.409814;0.999275;0.98441 0.15178 0.088884 -0.704747 -0.153297 0.988125 0.010467 -0.179614 -0.0862398 -0.0239295 0.995987 0.377024 0 0 0 1 
13001298760174;0.230776;1.18913;0.958616 -0.284069 -0.0189822 -0.966529 0.282681 0.957624 -0.0552084 -2.01695 0.0338608 0.0475578 0.998294 0.14867 0 0 0 1 
13001298760175;0.184973;0.59501;0.983174 0.0435084 -0.177413 -0.526677 -0.0508432 0.998021 -0.0370064 -0.0934549 0.175452 0.045404 0.983441 -0.782906 0 0 0 1 
13001298760176;0.684651;1.12427;0.991442 -0.120352 -0.0505819 -1.02986 0.130134 0.94197 0.309446 -1.87947 0.0104042 -0.31338 0.949571 -0.535831 0 0 0 1 
13001298760177;0.712892;1.12959;0.976442 0.148 0.157028 -0.847995 -0.0859233 0.934214 -0.346209 0.223615 -0.197936 0.324561 0.924923 0.761479 0 0 0 1 
13001298760178;0.372998;1.23955;0.993656 0.0264698 0.109304 -1.24377 -0.0125399 0.991924 -0.126214 -0.484014 -0.111762 0.124043 0.985963 0.372269 0 0 0 1 
13001298760179;0.364497;1.21193;0.931663 -0.357412 0.0652805 -0.881498 0.318175 0.889356 0.328346 -2.39554 -0.175412 -0.285137 0.942299 0.78561 0 0 0 1 
13001298760180;0.444705;1.05159;0.923131 -0.303687 -0.235804 -0.645011 0.367701 0.876537 0.310611 -2.18007 0.112363 -0.37344 0.920824 -0.642335 0 0 0 1 
13001298760181;0.327893;0.424919;0.980108 0.0796559 0.181779 -0.596049 -0.0633853 0.993587 -0.0936339 0.229409 -0.188071 0.0802493 0.978871 0.619496 0 0 0 1 
13001298760182;0.549357;0.748268;0.994728 -0.0568676 -0.0853416 -0.671535 0.0638824 0.994595 0.0818515 -0.870332 0.0802256 -0.0868718 0.992984 0.0874049 0 0 0 1 
13001298760183;0.363905;0.909678;0.931336 0.0278328 -0.363095 -0.581834 0.108915 0.930146 0.350665 -0.941959 0.347492 -0.366133 0.863247 -1.09411 0 0 0 1 
13001298760184;0.185151;1.00487;0.990368 -0.0810079 0.112287 -1.09247 0.0966806 0.985132 -0.142011 -0.703616 -0.0991131 0.151499 0.983476 0.526362 0 0 0 1 
13001298760186;0.752269;1.20549;0.95811 -0.257285 0.125815 -0.628832 0.265737 0.962446 -0.0555024 -1.35243 -0.10681 0.0866112 0.9905 0.879364 0 0 0 1 
13001298760187;1.11885;1.23172;0.785433 -0.608852 0.111324 -0.447234 0.61635 0.78584 -0.0506766 -3.25866 -0.056628 0.108417 0.992491 0.535174 0 0 0 1 
13001298760188;1.47853;1.15016;0.965788 -0.250631 0.0666149 -0.562727 0.255115 0.872067 -0.417631 -1.06475 0.0465785 0.420337 0.906172 0.136752 0 0 0 1 
13001298760189;0.694353;1.19325;0.994726 -0.00720144 0.102315 0.155947 0.0152541 0.996826 -0.0781418 -1.03034 -0.101428 0.0792904 0.991678 0.106714 0 0 0 1 
13001298760190;1.04867;1.31172;0.881265 -0.457901 -0.117043 -0.635055 0.454015 0.889003 -0.0595351 -2.89099 0.131312 -0.000672957 0.991341 -0.610194 0 0 0 1 
13001298760191;0.608395;1.05243;0.995121 -0.0984418 -0.00659256 -0.084512 0.098133 0.994483 -0.0370723 -0.875193 0.0102057 0.0362445 0.999291 -0.274818 0 0 0 1 
13001298760192;0.728377;1.3127;0.931864 -0.349941 0.0957633 -0.676338 0.352022 0.935977 -0.00521989 -1.61726 -0.0878056 0.038575 0.99539 0.703962 0 0 0 1 
13001298760193;0.223967;1.27607;0.927886 -0.363487 0.0830983 -0.681273 0.36481 0.931082 -0.000793265 -1.80669 -0.0770829 0.0310512 0.996541 0.204484 0 0 0 1 
13001298760194;0.894476;1.27837;0.989647 -0.128933 0.0630551 -0.358501 0.118015 0.981036 0.153756 -1.49633 -0.0816835 -0.144723 0.986095 -0.640522 0 0 0 1 
13001298760195;0.58478;1.02261;0.983807 0.15348 0.0925612 0.351267 -0.15014 0.987769 -0.0420707 -0.246211 -0.0978861 0.0274922 0.994818 0.561428 0 0 0 1 
13001298760196;0.904607;1.2343;0.953231 -0.290265 0.0842401 -1.06935 0.295326 0.953794 -0.0553241 -1.30711 -0.064289 0.0776149 0.994908 -0.067968 0 0 0 1 
13001298760197;0.286883;0.697038;0.93307 -0.359681 -0.00320345 -0.579233 0.35969 0.932969 0.0138424 -1.66848 -0.00199013 -0.0140681 0.999899 0.0323487 0 0 0 1 
13001298760198;1.24998;1.20325;0.977853 0.189052 0.0897979 0.271703 -0.18712 0.981893 -0.0295455 0.216191 -0.0937575 0.0120882 0.995522 -0.205155 0 0 0 1 
13001298760199;1.55468;1.2327;0.927328 -0.237806 -0.288982 0.177124 0.21896 0.970962 -0.0963798 -1.16823 0.30351 0.0261 0.952471 -1.63323 0 0 0 1 
13001298760200;0.663257;1.1274;0.964074 -0.257421 0.0655409 -0.664184 0.259214 0.965605 -0.0203564 -1.85883 -0.0580465 0.0366142 0.997642 0.0983609 0 0 0 1 
13001298760201;0.427557;1.09856;0.998655 -0.0369796 0.0363435 -0.106271 0.0268371 0.968408 0.247922 -1.01029 -0.0443634 -0.246613 0.968098 -0.71003 0 0 0 1 
13001298760202;1.14516;1.28987;0.947123 -0.314445 -0.0638884 -0.474155 0.320459 0.91689 0.237948 -2.20272 -0.0162431 -0.24584 0.969174 -1.32039 0 0 0 1 
13001298760203;0.345194;1.06702;0.998634 0.0102655 -0.0512284 0.0703119 -0.00705011 0.998017 0.0625567 -0.606165 0.051769 -0.0621101 0.996726 -0.213147 0 0 0 1 
13001298760204;0.987501;1.21999;0.913917 -0.402344 0.0536155 -1.01724 0.402773 0.915295 0.00303155 -1.74383 -0.0502938 0.0188243 0.998557 -0.390919 0 0 0 1 
13001298760205;1.27725;0.903871;0.931321 -0.360273 0.0533392 -0.0187299 0.360892 0.932605 -0.00213541 -1.65939 -0.0489751 0.0212384 0.998574 0.710661 0 0 0 1 
13001298760206;0.732057;1.18369;0.995159 0.00391441 0.0981975 -0.063205 0.0245916 0.957499 -0.287387 -0.711989 -0.095149 0.28841 0.952768 1.37766 0 0 0 1 
13001298760207;0.280311;1.15227;0.894806 -0.437052 -0.0911511 -0.663355 0.43431 0.899426 -0.0490682 -2.02022 0.103429 0.00431858 0.994627 -0.249826 0 0 0 1 
13001298760208;0.976835;0.922022;0.966195 -0.234617 0.106877 -0.206791 0.240207 0.969785 -0.0426464 -1.67092 -0.0936424 0.0668774 0.993357 0.749928 0 0 0 1 
13001298760209;0.510095;1.04758;0.969353 -0.243756 0.0306145 -0.275006 0.245364 0.966821 -0.0710898 -1.4029 -0.0122702 0.0764228 0.997 -0.032983 0 0 0 1 
13001298760210;0.786915;1.12057;0.916793 -0.355854 0.181271 -0.821569 0.360886 0.932593 0.00556802 -1.36341 -0.171033 0.0603135 0.983417 0.368195 0 0 0 1 
13001298760211;0.331308;1.15333;0.961324 -0.229938 0.151608 -0.511927 0.204732 0.964795 0.165091 -1.41619 -0.184232 -0.127667 0.974556 0.328951 0 0 0 1 
13001298760212;0.525518;1.15109;0.980356 -0.149414 0.128752 -0.512071 0.151775 0.988377 -0.00867196 -1.18137 -0.12596 0.028043 0.991639 0.170897 0 0 0 1 
13001298760213;1.26584;1.23544;0.965324 -0.257603 0.0423229 -0.0667394 0.261046 0.953947 -0.147786 -1.37458 -0.0023037 0.153709 0.988113 1.11352 0 0 0 1 
13001298760214;1.19532;1.45262;0.958028 -0.14652 0.246402 0.138883 0.11201 0.982513 0.148737 -0.770705 -0.263887 -0.114895 0.957686 0.735122 0 0 0 1 
13001298760215;0.473246;1.00577;0.996317 0.0787139 0.0340205 0.182013 -0.0802966 0.995616 0.0479729 -0.674284 -0.0300952 -0.0505279 0.998269 -0.0787147 0 0 0 1 
13001298760217;0.222897;0.261899;0.994601 -0.0876351 -0.0555709 -0.0205634 0.090216 0.99487 0.045768 -0.421917 0.051275 -0.0505343 0.997405 -0.18388 0 0 0 1 
13001298760218;0.56062;0.228518;0.9772 0.12501 0.171616 0.717232 -0.159076 0.966415 0.201835 0.28296 -0.140621 -0.224534 0.964267 -0.0174861 0 0 0 1 
13001298760219;1.35156;0.215362;0.996434 -0.084102 -0.00676266 -0.22533 0.0837235 0.995507 -0.0442378 -0.0338463 0.0104528 0.0435138 0.998998 1.08864 0 0 0 1 
13001298760220;0.477483;0.23902;0.918053 -0.233614 0.320318 -0.168671 0.2023 0.970886 0.128282 -0.807192 -0.340961 -0.052969 0.938584 1.40474 0 0 0 1 
13001298760221;0.489369;0.215567;0.954744 -0.123282 0.270677 -0.123201 0.0891356 0.986821 0.135052 -0.572122 -0.28376 -0.104813 0.95315 1.0549 0 0 0 1 
13001298760222;1.04527;0.204881;0.998021 0.0490181 0.0393771 -0.122484 -0.0571705 0.96813 0.243836 -0.438943 -0.0261698 -0.245605 0.969017 -0.896053 0 0 0 1 
13001298760223;0.25956;0.172405;0.970171 0.100042 0.220817 0.255412 -0.113453 0.99234 0.0488772 0.393507 -0.214236 -0.0724715 0.97409 0.637645 0 0 0 1 
13001298760224;0.137794;0.169604;0.998758 0.0141871 -0.0477647 0.125405 -0.014749 0.999826 -0.0114312 0.112286 0.0475942 0.0121215 0.998793 0.00107336 0 0 0 1 
13001298760225;1.05742;0.19625;0.900219 -0.0290392 0.434467 -0.445239 0.0490491 0.998186 -0.0349128 -0.384565 -0.432665 0.0527394 0.900011 2.01502 0 0 0 1 
13001298760226;1.15936;0.21147;0.989672 0.143319 -0.00300275 -0.0262267 -0.143336 0.989064 -0.0347313 0.379276 -0.00200774 0.034803 0.999392 0.717262 0 0 0 1 
13001298760227;0.324156;0.182907;0.945351 0.314029 -0.087733 1.30697 -0.322736 0.93951 -0.114731 1.09611 0.0463972 0.136775 0.989515 0.319078 0 0 0 1 
13001298760228;1.39459;0.228805;0.937302 -0.117895 0.327972 -0.530171 0.230415 0.915663 -0.329348 -0.096704 -0.261483 0.384268 0.885418 1.93385 0 0 0 1 
13001298760229;0.664996;0.323882;0.966184 -0.0453308 0.253836 -0.0684148 -0.0198018 0.968474 0.248325 -0.0996607 -0.257091 -0.244954 0.934827 0.771053 0 0 0 1 
13001298760230;0.977712;0.257615;0.957118 -0.289239 0.0162845 -0.384248 0.287422 0.95513 0.0715265 -1.48486 -0.0362421 -0.0637788 0.997306 -0.509031 0 0 0 1 
13001298760231;0.367575;0.594165;0.959376 0.0611492 0.275423 0.506874 -0.0853205 0.993401 0.0766413 0.025453 -0.268919 -0.0970271 0.958263 0.706828 0 0 0 1 
13001298760232;0.090517;0.345879;0.998715 -0.0188589 -0.0470311 0.237689 0.018321 0.999762 -0.011843 -0.111295 0.0472433 0.0109661 0.998823 -0.113863 0 0 0 1 
13001298760233;0.668099;0.263136;0.972375 -0.232147 -0.0243643 -0.010355 0.232349 0.972615 0.0057801 -0.589095 0.0223552 -0.0112815 0.999686 0.0343751 0 0 0 1 
13001298760234;0.755306;0.206964;0.993258 0.108028 -0.0420636 0.323015 -0.10082 0.984052 0.146552 0.0310868 0.0572245 -0.141323 0.988308 -0.0664685 0 0 0 1 
13001298760235;0.973297;0.281724;0.998291 0.0283928 -0.0510792 0.305334 -0.028813 0.999557 -0.00750905 -0.45882 0.0508433 0.00896796 0.998666 -0.357909 0 0 0 1 
13001298760236;0.97211;0.238249;0.955102 -0.151991 -0.25432 0.256578 0.196072 0.967782 0.157969 -1.08512 0.222116 -0.200742 0.954132 -1.86769 0 0 0 1 
13001298760237;0.48343;0.258728;0.997467 0.0656894 0.0272818 0.274176 -0.0642357 0.996625 -0.0511184 0.0664533 -0.0305476 0.0492365 0.99832 0.145138 0 0 0 1 
13001298760238;0.245894;0.174353;0.997643 0.0675994 -0.0117775 0.318593 -0.0683793 0.993718 -0.0885895 0.189297 0.00571497 0.089186 0.995999 0.410472 0 0 0 1 
13001298760239;0.597612;0.359159;0.992048 0.125724 0.0058928 0.659539 -0.125753 0.988149 0.0880176 0.24214 0.00524299 -0.0880587 0.996101 -0.507605 0 0 0 1 
13001298760240;0.379328;0.202292;0.99921 -0.0379043 0.0119413 0.00790379 0.0376349 0.999049 0.0220301 0.000737362 -0.012765 -0.0215633 0.999686 0.326156 0 0 0 1 
13001298760241;0.905295;0.280889;0.997481 -0.0321818 -0.0632091 0.675889 0.040591 0.989792 0.136618 0.0765108 0.0581673 -0.13884 0.988605 -0.627008 0 0 0 1 
13001298760242;0.886526;0.263621;0.914377 -0.345078 0.211746 -0.884927 0.314867 0.934881 0.163879 -1.46292 -0.254508 -0.0831749 0.963487 0.336897 0 0 0 1 
13001298760243;0.836676;0.238391;0.955977 0.221316 0.192684 1.03944 -0.203663 0.973143 -0.107299 0.43787 -0.211256 0.0633331 0.975377 0.549941 0 0 0 1 
13001298760244;1.22657;0.190168;0.995455 0.0950758 0.00539334 0.98349 -0.0949996 0.995393 -0.0129714 0.505986 -0.00660176 0.0124 0.999901 0.755608 0 0 0 1 
13001298760245;1.14759;0.256741;0.998646 -0.041658 -0.0311699 -0.68587 0.0376733 0.992177 -0.119022 0.189855 0.0358842 0.117686 0.992402 -0.0235202 0 0 0 1 
13001298760246;0.304771;0.355777;0.986434 0.110094 -0.12177 0.61836 -0.1127 0.99352 -0.0147019 0.305771 0.119362 0.0282259 0.992449 -0.337218 0 0 0 1 
13001298760248;0.0489943;0.951258;0.932522 -0.349864 0.089429 -1.27496 0.351736 0.936083 -0.00558239 -1.89155 -0.0817599 0.0366611 0.995978 0.294801 0 0 0 1 
13001298760249;0.420407;0.801403;0.953757 -0.296258 0.0507871 -1.18945 0.297177 0.954754 -0.0114479 -1.7671 -0.0450977 0.0260113 0.998644 -0.137966 0 0 0 1 
13001298760250;0.517589;0.852059;0.943073 -0.318081 0.0971437 -1.14103 0.31713 0.948039 0.0254956 -1.68701 -0.100206 0.00676299 0.994944 0.72434 0 0 0 1 
13001298760251;0.918817;0.94198;0.916325 -0.366993 0.1602 -0.638721 0.367767 0.929558 0.0258851 -1.62656 -0.158415 0.0351973 0.986745 0.25546 0 0 0 1 
13001298760252;0.624083;0.93303;0.952354 -0.302334 0.0402084 -1.4319 0.304984 0.945187 -0.116643 -1.20718 -0.00273916 0.123349 0.99236 0.48043 0 0 0 1 
13001298760253;0.848575;0.949152;0.978579 -0.159581 0.130063 -0.377757 0.145632 0.983143 0.11055 -1.1637 -0.145512 -0.089241 0.985323 0.63149 0 0 0 1 
13001298760254;0.316984;0.797694;0.950679 -0.306914 -0.0448765 -0.84741 0.297912 0.943762 -0.143394 -1.56239 0.0863624 0.122952 0.988648 0.274238 0 0 0 1 
13001298760255;0.292142;0.872733;0.987442 -0.0593728 -0.146401 -0.391491 0.0583469 0.998232 -0.0112953 -0.818771 0.146813 0.0026114 0.989161 -0.55522 0 0 0 1 
13001298760256;0.288912;0.928014;0.937729 -0.336504 0.0861912 -1.10224 0.34124 0.938779 -0.0474308 -2.04518 -0.0649538 0.0738891 0.995149 0.569855 0 0 0 1 
13001298760257;0.0896223;0.92546;0.924371 -0.336516 0.179709 -1.1693 0.334757 0.941414 0.0409618 -1.8987 -0.182965 0.0222952 0.982867 0.57087 0 0 0 1 
13001298760258;0.918056;0.756654;0.919662 -0.377633 0.107773 -1.44117 0.375766 0.925938 0.0379199 -1.1468 -0.114111 0.0056241 0.993452 0.401254 0 0 0 1 
13001298760259;0.628443;0.86643;0.947832 -0.298151 0.112786 -1.36929 0.296804 0.9545 0.0289466 -1.46469 -0.116285 0.00603895 0.993198 -0.110289 0 0 0 1 
13001298760260;0.777086;0.879102;0.875849 -0.461666 0.140547 -1.89122 0.466071 0.884746 0.00177097 -1.80743 -0.125166 0.0639538 0.990072 0.549094 0 0 0 1 
13001298760261;0.754638;0.983621;0.932073 -0.328695 -0.152313 -0.794111 0.289388 0.928476 -0.23278 -1.5351 0.217933 0.172891 0.960528 0.332752 0 0 0 1 
