#;prob_registration_l1 -r /home/probabilistic_point_clouds_registration/build/tester /home/point_clouds_registration_benchmark//devel/registration_pairs/box_met_local.txt /home/point_clouds_registration_benchmark//planetary/box_met -s 0.2 -t 0.2 -p 0.3 -r 1000 -m 20 -i 40 
id;initial_error;final_error;transformation
7680147070000;1.79635;5.13009;0.866472 0.226597 0.444837 -11.4957 -0.165662 0.971072 -0.171975 -3.75285 -0.470938 0.0753187 0.878945 -33.2683 0 0 0 1 
7680147070001;0.811107;5.19887;0.977119 0.189761 0.0960644 -7.27833 -0.164428 0.960446 -0.224737 -2.6349 -0.134911 0.203799 0.969673 -13.5912 0 0 0 1 
7680147070002;1.49386;4.88003;0.962636 0.0141093 -0.270431 -5.59489 -0.0844678 0.964462 -0.250356 1.1319 0.257288 0.263844 0.929618 7.46616 0 0 0 1 
7680147070003;0.946768;5.20339;0.986252 0.165236 0.00216035 -6.98359 -0.161955 0.969097 -0.186067 -3.60249 -0.0328386 0.183159 0.982535 -5.48521 0 0 0 1 
7680147070004;1.43077;5.49215;0.999626 -0.00850096 -0.0260057 -3.23992 0.00497008 0.991112 -0.13294 4.67132 0.0269046 0.132761 0.990783 -2.12875 0 0 0 1 
7680147070005;0.312811;5.47862;0.978186 0.197804 0.0634555 -7.8357 -0.199289 0.979776 0.0179444 -4.04366 -0.0586227 -0.030199 0.997823 -4.6559 0 0 0 1 
7680147070006;1.56238;5.3041;0.997434 0.0713956 -0.00532664 -3.91409 -0.0712592 0.997205 0.0224642 2.06898 0.00691559 -0.0220269 0.999733 -2.61618 0 0 0 1 
7680147070007;1.77223;5.43162;0.946249 0.213926 0.242585 -8.99495 -0.267192 0.939679 0.213567 -6.65468 -0.182265 -0.266904 0.946331 -10.1419 0 0 0 1 
7680147070008;0.368314;5.50209;0.969378 0.226152 0.0957163 -8.59125 -0.227943 0.973641 0.00807162 -5.61802 -0.0913679 -0.0296423 0.995376 -6.42137 0 0 0 1 
7680147070009;2.02654;5.21064;0.998055 0.0592035 0.019541 -4.9003 -0.0574935 0.995232 -0.0787877 2.70634 -0.0241123 0.0775109 0.9967 -7.1791 0 0 0 1 
7680147070010;1.67484;5.19092;0.988529 0.0782745 -0.129166 -5.43721 -0.0792726 0.99685 -0.00259672 1.86444 0.128556 0.0128063 0.99162 8.01506 0 0 0 1 
7680147070011;1.58383;5.09952;0.969637 0.0633277 0.236209 -5.1448 0.0233935 0.937441 -0.347358 5.6469 -0.243429 0.342337 0.907495 -20.341 0 0 0 1 
7680147070012;1.55669;4.95318;0.993878 0.0788005 0.0774368 -5.48449 -0.0612904 0.976424 -0.206976 2.48803 -0.091921 0.200963 0.975277 -8.6557 0 0 0 1 
7680147070013;1.90796;5.29967;0.990212 0.136938 0.0269824 -5.97479 -0.139571 0.971091 0.193656 -0.300729 0.000316589 -0.195527 0.980698 -0.787704 0 0 0 1 
7680147070014;1.7784;5.27429;0.985461 0.168505 -0.0217442 -6.93252 -0.169728 0.982153 -0.0810395 -2.4331 0.00770056 0.0835518 0.996474 -4.89937 0 0 0 1 
7680147070015;0.363704;5.09101;0.998521 -0.00427356 -0.0541992 -3.90978 0.0240546 0.928747 0.369932 11.5073 0.0487564 -0.370688 0.927477 7.6235 0 0 0 1 
7680147070016;0.265959;5.20979;0.992114 0.120275 0.0352647 -5.86944 -0.121976 0.991229 0.0508716 0.18279 -0.0288368 -0.0547718 0.998082 -2.54681 0 0 0 1 
7680147070017;0.994504;5.21537;0.99945 -0.0331572 0.00063952 -3.16359 0.0331459 0.999363 0.0132034 8.5766 -0.0010769 -0.0131749 0.999913 -2.51709 0 0 0 1 
7680147070018;1.14391;5.24976;0.922537 0.134048 -0.36188 -13.5078 -0.130049 0.990872 0.0355058 0.0250447 0.363336 0.0143068 0.931548 19.4987 0 0 0 1 
7680147070019;1.59901;5.07071;0.99731 0.0665313 0.030761 -3.24065 -0.0667365 0.997754 0.00569023 4.35922 -0.0303133 -0.0077278 0.999511 -2.84812 0 0 0 1 
7680147070020;1.99055;5.01683;0.964004 0.125756 0.234268 -8.36449 -0.149401 0.985029 0.0860094 -0.940684 -0.219944 -0.117913 0.96836 -11.0749 0 0 0 1 
7680147070021;1.30849;4.82346;0.97045 -0.00469153 -0.241255 -6.31479 0.0543899 0.978334 0.199759 11.7168 0.235091 -0.206978 0.94968 14.5104 0 0 0 1 
7680147070022;0.490232;5.22834;0.9977 0.0289544 0.0612931 -3.68101 -0.0317236 0.998497 0.0446988 5.06827 -0.0599067 -0.0465404 0.997118 -3.69571 0 0 0 1 
7680147070023;1.93092;4.88913;0.98127 0.186892 0.0466943 -6.82454 -0.178456 0.973204 -0.14501 -1.88517 -0.0725443 0.133961 0.988328 -7.32573 0 0 0 1 
7680147070024;2.01577;5.52498;0.978286 0.156128 -0.136308 -6.35938 -0.126554 0.970819 0.203702 0.206546 0.164134 -0.182029 0.969498 9.88606 0 0 0 1 
7680147070025;1.53658;5.26568;0.959977 -0.0104732 -0.279883 -6.42002 -0.0243656 0.992389 -0.120707 3.61223 0.279017 0.122696 0.952416 10.5041 0 0 0 1 
7680147070026;1.23157;5.52455;0.972992 0.222842 0.0602302 -8.32404 -0.227159 0.970715 0.0781701 -4.43996 -0.0410468 -0.0897408 0.995119 -0.956203 0 0 0 1 
7680147070027;1.05263;5.20442;0.930151 0.097061 0.354116 -7.81424 -0.152149 0.979619 0.13114 -0.912761 -0.33417 -0.175858 0.925961 -18.4567 0 0 0 1 
7680147070028;0.137424;5.21586;0.99434 0.103397 0.0244422 -5.16653 -0.103747 0.994512 0.0134989 0.790072 -0.0229123 -0.0159583 0.99961 -2.46129 0 0 0 1 
7680147070029;1.81513;4.89359;0.99371 0.0912642 -0.064894 -6.09566 -0.0926608 0.995519 -0.0188417 3.44879 0.0628837 0.0247364 0.997714 2.32341 0 0 0 1 
7680147070031;0.429088;2.36416;0.974901 -0.0363819 -0.219645 -5.29579 0.036253 0.999332 -0.0046191 2.30049 0.219666 -0.00345962 0.975569 0.926769 0 0 0 1 
7680147070032;0.91489;2.35785;0.994801 -0.0172553 0.10037 -3.04047 0.00842011 0.996103 0.087792 3.28679 -0.101494 -0.0864904 0.991069 -0.159142 0 0 0 1 
7680147070033;0.415478;2.22224;0.97606 -0.00667703 0.217398 -3.6116 0.0722542 0.952718 -0.295142 1.80065 -0.205148 0.303784 0.930392 -9.9872 0 0 0 1 
7680147070034;0.600344;2.37477;0.985219 -0.0744614 -0.154268 -3.96556 0.0458463 0.982347 -0.181362 1.80823 0.165049 0.171608 0.971241 -2.32353 0 0 0 1 
7680147070035;0.44843;2.20874;0.997215 -0.0217242 0.0713443 -3.71406 0.00686073 0.9793 0.202299 2.79891 -0.0742622 -0.201246 0.976722 2.37277 0 0 0 1 
7680147070036;0.879785;2.25355;0.999042 -0.0437587 -0.000565546 -5.21709 0.0437023 0.998264 -0.0394738 2.87862 0.00229189 0.0394113 0.99922 -1.86468 0 0 0 1 
7680147070037;0.82527;2.33321;0.999475 -0.0143101 0.0290709 -4.02183 0.0137262 0.999702 0.0201846 2.52536 -0.029351 -0.0197749 0.999374 1.17874 0 0 0 1 
7680147070038;0.802274;2.24261;0.978331 -0.0190548 0.206166 -3.9072 -0.0402131 0.959306 0.279489 4.35514 -0.203102 -0.281723 0.937753 3.83283 0 0 0 1 
7680147070039;1.33952;2.23965;0.999682 0.0173436 0.018296 -6.89247 -0.0176648 0.99969 0.0175451 1.96105 -0.017986 -0.0178627 0.999679 0.535523 0 0 0 1 
7680147070040;0.158831;2.17186;0.999575 -0.0265869 -0.0119336 -3.73476 0.0248599 0.991605 -0.126895 1.52175 0.0152072 0.126544 0.991844 -3.22964 0 0 0 1 
7680147070041;1.36617;2.3185;0.997216 -0.0563259 0.0488616 -3.4158 0.0548627 0.998019 0.0307872 2.76994 -0.0504989 -0.0280208 0.998331 -3.45358 0 0 0 1 
7680147070042;0.46675;2.31169;0.99537 -0.00578465 0.0959414 -3.78588 0.0259019 0.977402 -0.209796 1.65141 -0.0925597 0.211309 0.973027 -6.93154 0 0 0 1 
7680147070043;1.14629;2.16655;0.964355 0.0379599 0.261876 -2.14696 0.0226142 0.974213 -0.224492 0.550796 -0.263645 0.222412 0.938629 -7.77211 0 0 0 1 
7680147070044;0.702038;2.24032;0.999161 -0.0278239 -0.0300357 -4.00832 0.0297646 0.997361 0.0662275 2.90764 0.0281138 -0.067066 0.997352 2.49029 0 0 0 1 
7680147070045;0.887978;2.32589;0.998735 -0.0262143 0.0429205 -3.9106 0.0267582 0.999568 -0.012147 3.00123 -0.0425835 0.0132801 0.999005 -2.67126 0 0 0 1 
7680147070046;0.520495;2.10844;0.993944 -0.0255087 0.106888 -3.22231 0.0441995 0.983337 -0.176336 1.48694 -0.100609 0.179992 0.978509 -6.52383 0 0 0 1 
7680147070047;1.3778;2.43476;0.997319 0.0158025 -0.0714547 -7.4195 0.00448242 0.961383 0.275177 4.88649 0.0730438 -0.274759 0.958735 7.21052 0 0 0 1 
7680147070048;1.12108;2.25195;0.999757 -0.0211464 0.00623207 -1.97848 0.0214344 0.998495 -0.0504734 0.840396 -0.00515536 0.0505947 0.998706 -1.19459 0 0 0 1 
7680147070049;0.932757;2.19336;0.997357 -0.0491123 -0.0535456 -4.1135 0.0404107 0.987407 -0.152953 2.62107 0.0603831 0.150385 0.986782 -1.9214 0 0 0 1 
7680147070050;1.2993;2.31537;0.958181 -0.0799013 -0.274783 -6.89087 0.0420147 0.989103 -0.141104 2.10727 0.283063 0.123658 0.951096 -0.929973 0 0 0 1 
7680147070051;0.92457;2.23159;0.99742 -0.0430293 0.0574604 -2.78749 0.0267729 0.965666 0.258405 3.52558 -0.0666065 -0.2562 0.964326 2.53273 0 0 0 1 
7680147070052;0.840224;2.14078;0.962548 -0.0610098 -0.264156 -3.77301 0.100915 0.984963 0.140231 4.1852 0.251628 -0.161637 0.954231 6.4235 0 0 0 1 
7680147070053;0.82655;2.25821;0.999727 -0.021117 0.0099768 -3.42084 0.0213103 0.999579 -0.0196817 1.87681 -0.00955698 0.0198889 0.999757 0.406594 0 0 0 1 
7680147070054;0.270576;2.3154;0.998066 -0.000984399 0.0621577 -4.39362 -0.00153764 0.999178 0.0405139 2.03693 -0.0621465 -0.0405311 0.997244 -0.441044 0 0 0 1 
7680147070055;0.73698;2.15697;0.984763 -0.113708 -0.131575 -2.48855 0.0441869 0.895389 -0.443087 1.88264 0.168194 0.430522 0.88677 -7.63921 0 0 0 1 
7680147070056;0.896614;2.12443;0.998783 -0.0444067 -0.0214717 -3.40123 0.0437005 0.998522 -0.0323099 2.06628 0.0228748 0.0313322 0.999247 -3.06197 0 0 0 1 
7680147070057;0.403726;2.31563;0.997328 -0.0105504 0.0722914 -4.6383 0.0142146 0.99863 -0.0503609 2.24994 -0.071661 0.0512539 0.996111 -2.50572 0 0 0 1 
7680147070058;0.771956;2.26359;0.991312 -0.00564388 0.131413 -3.98356 0.02849 0.984575 -0.172629 1.75546 -0.128412 0.174873 0.976181 -7.3622 0 0 0 1 
7680147070059;0.054331;2.25251;0.999015 -0.0339571 0.0285603 -3.48588 0.0344566 0.999258 -0.0171851 2.12984 -0.0279555 0.0181522 0.999444 -1.43547 0 0 0 1 
7680147070060;0.252286;2.18311;0.999668 -0.0216095 0.014012 -3.72048 0.0170941 0.963654 0.266605 4.19915 -0.019264 -0.266277 0.963704 4.45698 0 0 0 1 
7680147070062;0.694613;3.93615;0.995152 0.0868768 0.0460976 2.62182 -0.0880612 0.995818 0.024313 -3.10015 -0.0437926 -0.0282545 0.998641 -0.554912 0 0 0 1 
7680147070063;0.642429;3.59154;0.998157 -0.0493709 -0.035297 5.00884 0.0494615 0.998775 0.00169832 0.276493 0.0351699 -0.00344103 0.999375 0.735816 0 0 0 1 
7680147070064;1.73702;3.58433;0.994727 -0.0871322 -0.0540931 3.97189 0.0740287 0.975052 -0.20927 0.474946 0.0709777 0.204162 0.976361 -2.76512 0 0 0 1 
7680147070065;2.03958;3.62412;0.979418 -0.0438779 -0.197018 1.03166 0.0726614 0.987292 0.141335 2.138 0.188312 -0.152742 0.970159 6.61733 0 0 0 1 
7680147070066;1.4044;3.55844;0.99701 -0.0336123 0.0695856 3.54661 0.0425926 0.990349 -0.131886 -0.152868 -0.0644811 0.134455 0.988819 -3.52347 0 0 0 1 
7680147070067;2.44929;3.53458;0.995026 -0.0596689 -0.0797645 5.20412 0.0611342 0.998 0.0160537 0.403457 0.0786471 -0.0208502 0.996684 -0.087206 0 0 0 1 
7680147070068;0.72785;3.69212;0.996412 -0.035495 -0.076829 4.22053 0.0326365 0.998739 -0.0381476 -0.362601 0.0780862 0.0355033 0.996314 2.48268 0 0 0 1 
7680147070069;0.403431;3.50919;0.992969 -0.0833814 0.0840249 5.61992 0.110616 0.90634 -0.407813 0.857168 -0.0421511 0.41424 0.909191 -8.34226 0 0 0 1 
7680147070070;2.46104;4.04898;0.924744 -0.175911 -0.337496 3.82297 0.0982103 0.967035 -0.234944 -0.603414 0.367699 0.184118 0.911536 4.17082 0 0 0 1 
7680147070071;1.40642;3.11919;0.950353 -0.0159466 0.310764 4.3374 -0.0310282 0.988852 0.14563 -0.593704 -0.309622 -0.148042 0.939264 -6.31886 0 0 0 1 
7680147070072;0.468235;3.25736;0.996746 -0.0145287 -0.0792915 3.33471 0.014477 0.999894 -0.00122651 -0.568086 0.0793009 7.46123e-05 0.996851 1.93942 0 0 0 1 
7680147070073;0.953779;3.16817;0.994625 -0.0250876 0.10046 4.17659 0.043771 0.981126 -0.18835 -1.00793 -0.0938385 0.191735 0.97695 -4.48075 0 0 0 1 
7680147070074;0.189263;3.62691;0.99688 -0.0768612 -0.0179556 5.23701 0.0727934 0.98321 -0.167327 0.000783493 0.0305151 0.165498 0.985738 -1.86498 0 0 0 1 
7680147070075;2.44638;3.61645;0.958727 -0.110887 -0.261813 6.0065 0.0271932 0.952355 -0.303776 -1.2493 0.283023 0.284119 0.916064 2.39515 0 0 0 1 
7680147070076;2.31741;3.77913;0.994122 -0.0714117 -0.0813795 5.05421 0.0693719 0.997208 -0.0276259 -0.0684047 0.0831251 0.021818 0.9963 4.18745 0 0 0 1 
7680147070077;2.21484;3.15938;0.998965 -0.0394096 -0.0227299 5.6108 0.036803 0.993738 -0.105497 -0.727076 0.0267452 0.104551 0.99416 1.13238 0 0 0 1 
7680147070078;0.226189;3.64387;0.989459 -0.0304613 -0.141575 3.52839 0.0763924 0.940329 0.33158 3.69672 0.123027 -0.3389 0.932744 8.74671 0 0 0 1 
7680147070079;1.94297;3.95924;0.995591 -0.00756118 0.0934978 4.11916 0.0299166 0.970289 -0.240093 -0.600441 -0.0889045 0.241831 0.966237 -6.61041 0 0 0 1 
7680147070080;2.14298;3.66212;0.998355 -0.0518943 -0.0243769 4.29404 0.0461472 0.97962 -0.195488 -0.225783 0.0340248 0.194042 0.980403 0.17762 0 0 0 1 
7680147070081;1.69906;3.68962;0.998467 -0.0329041 0.0445087 6.1344 0.038041 0.992047 -0.119983 -0.444745 -0.0402067 0.121493 0.991778 -1.37032 0 0 0 1 
7680147070082;2.0972;3.42422;0.954962 -0.135297 -0.264086 3.15412 0.0600469 0.959699 -0.27454 -0.867285 0.290588 0.246318 0.924601 4.59742 0 0 0 1 
7680147070083;0.59076;3.17104;0.99988 -0.0148097 0.00445642 3.59116 0.0154577 0.947733 -0.318689 -1.92188 0.000496204 0.31872 0.947849 -5.63837 0 0 0 1 
7680147070084;0.946739;3.81075;0.997628 -0.0574103 -0.0379802 5.80509 0.0580636 0.998179 0.0163289 0.396822 0.0369736 -0.0184954 0.999145 2.36119 0 0 0 1 
7680147070085;1.67199;3.37012;0.959187 0.0175757 -0.282227 1.22938 0.0823336 0.937465 0.338202 3.92144 0.270522 -0.347636 0.897757 13.724 0 0 0 1 
7680147070086;1.58068;3.81777;0.999347 0.00138672 -0.0360949 3.87125 -0.000644966 0.999789 0.0205538 -1.12877 0.0361158 -0.0205171 0.999137 -0.181163 0 0 0 1 
7680147070087;0.945675;4.07495;0.990772 0.00647887 -0.135385 2.88614 -0.0344147 0.978148 -0.205044 -3.28485 0.131098 0.207811 0.969344 -0.439945 0 0 0 1 
7680147070088;1.00125;4.164;0.98283 0.0306049 0.181958 4.48696 -0.0265627 0.999344 -0.0246114 -2.78893 -0.182592 0.0193555 0.982998 -4.72115 0 0 0 1 
7680147070089;1.42162;4.37172;0.998918 0.0340298 0.0317084 4.45064 -0.0346873 0.99919 0.020421 -2.31264 -0.0309878 -0.0214988 0.999289 1.51854 0 0 0 1 
7680147070090;0.678915;3.53907;0.997015 -0.0425959 -0.0644016 4.6798 0.0450939 0.998266 0.0378448 0.463844 0.0626779 -0.040636 0.997206 2.29508 0 0 0 1 
7680147070091;1.30647;3.74218;0.983462 -0.10685 -0.146238 3.4721 0.0913118 0.989823 -0.109141 1.25111 0.156411 0.0939832 0.98321 2.3512 0 0 0 1 
7680147070093;0.528987;0.714618;0.996202 -0.0127354 -0.0861394 -1.10007 0.0183682 0.997722 0.0649184 1.39297 0.0851164 -0.066254 0.994166 7.30733 0 0 0 1 
7680147070094;0.750267;0.875073;0.976303 -0.0221678 -0.215268 -2.96755 0.0494568 0.99127 0.122223 4.32736 0.210679 -0.129973 0.968876 17.651 0 0 0 1 
7680147070095;1.32662;1.41998;0.993653 0.0918097 0.0649904 -4.52321 -0.0703707 0.958119 -0.277588 -8.24232 -0.0877539 0.271253 0.958499 -12.8068 0 0 0 1 
7680147070096;1.72861;0.697772;0.998856 0.0411268 0.0243799 -1.98628 -0.0398589 0.997934 -0.0503897 -3.78118 -0.0264019 0.0493603 0.998432 0.252152 0 0 0 1 
7680147070097;1.58172;1.72502;0.997202 -0.00156062 -0.0747387 -0.895732 0.00578501 0.998395 0.0563391 0.750433 0.0745308 -0.0566138 0.99561 6.97141 0 0 0 1 
7680147070098;0.811119;0.520911;0.980751 -0.0301473 -0.192921 -3.24402 0.0106979 0.994821 -0.101073 -0.883342 0.194969 0.0970641 0.975995 12.5689 0 0 0 1 
7680147070099;0.734807;0.912952;0.999816 0.0041899 0.0187204 -1.97972 -0.0041275 0.999986 -0.00337076 -1.87071 -0.0187343 0.00329287 0.999819 -1.64963 0 0 0 1 
7680147070100;0.613699;0.691998;0.935113 0.0900146 0.342727 -5.39955 -0.0680136 0.994808 -0.075707 -6.01338 -0.347762 0.0474845 0.93638 -26.8116 0 0 0 1 
7680147070101;0.463274;0.773578;0.999025 -0.00630347 -0.0436878 -0.879436 0.000877784 0.992392 -0.123114 -1.27249 0.0441315 0.122956 0.99143 0.104923 0 0 0 1 
7680147070102;1.71997;1.43763;0.990895 0.0534784 0.123563 -2.208 -0.0293103 0.981404 -0.189705 -4.04239 -0.13141 0.184356 0.974035 -15.876 0 0 0 1 
7680147070103;0.768405;1.20091;0.983732 0.0391535 0.175326 -2.13588 -0.0458855 0.998351 0.0345077 -3.72817 -0.173686 -0.0419913 0.983905 -9.95301 0 0 0 1 
7680147070104;1.11988;0.900087;0.999773 0.0138651 0.0161848 -2.08306 -0.0129823 0.998487 -0.0534294 -3.26955 -0.0169011 0.0532071 0.99844 -2.48738 0 0 0 1 
7680147070105;0.792054;1.583;0.970017 0.0333069 0.240745 -2.97393 -0.0293791 0.99937 -0.0198869 -3.69499 -0.241255 0.0122178 0.970385 -18.0911 0 0 0 1 
7680147070106;0.562855;0.800703;0.998452 0.0145777 -0.0536729 -2.1981 -0.0179117 0.997905 -0.0621694 -2.23417 0.0526542 0.0630345 0.996621 3.33244 0 0 0 1 
7680147070107;0.610731;0.630662;0.999856 -0.0111597 0.0127623 -0.170099 0.00925463 0.990017 0.140645 1.5902 -0.0142044 -0.140506 0.989978 3.13926 0 0 0 1 
7680147070108;1.42716;1.16004;0.999244 0.0065588 -0.0383301 -0.895337 -0.008329 0.998897 -0.0462076 -1.08087 0.0379847 0.0464919 0.998196 0.431506 0 0 0 1 
7680147070109;0.474796;0.744582;0.898263 0.0461027 0.437034 -5.94616 -0.105746 0.987937 0.113129 -7.12527 -0.426547 -0.147834 0.892302 -27.8472 0 0 0 1 
7680147070110;0.941477;0.743718;0.999877 -0.000634519 0.0156654 -1.59564 0.00168615 0.997737 -0.067209 -2.03054 -0.0155873 0.0672271 0.997616 -2.63733 0 0 0 1 
7680147070111;1.47967;1.36158;0.999937 0.00841244 0.00746123 -0.221903 -0.00823384 0.999686 -0.0236542 -0.838693 -0.00765787 0.0235912 0.999692 0.43123 0 0 0 1 
7680147070112;1.75011;0.687107;0.996278 -0.000846841 -0.0861947 -3.70608 0.031032 0.936429 0.349483 4.27807 0.0804192 -0.350857 0.93297 12.1937 0 0 0 1 
7680147070113;1.0332;0.930032;0.9969 0.0352145 0.0703552 -1.63421 -0.0310706 0.997765 -0.0591495 -3.01027 -0.0722809 0.0567802 0.995767 -5.91667 0 0 0 1 
7680147070114;0.426388;0.751551;0.981745 -0.0296694 0.187872 -0.245706 -0.0457535 0.921914 0.384682 0.911552 -0.184615 -0.386256 0.903728 -4.03778 0 0 0 1 
7680147070115;1.70185;1.30493;0.995024 -0.0104947 -0.0990791 -1.77485 -0.0262383 0.931733 -0.362195 -4.47719 0.0961164 0.362993 0.926821 -2.38972 0 0 0 1 
7680147070116;1.08478;0.59959;0.997245 0.0596873 0.0440372 -3.06678 -0.0405573 0.935865 -0.350016 -4.60853 -0.0621044 0.347266 0.935708 -14.1935 0 0 0 1 
7680147070117;0.562653;0.958601;0.996918 0.0140992 0.0771775 -0.697914 -0.0213116 0.995397 0.0934424 -1.15956 -0.0755047 -0.0947991 0.992629 -2.84773 0 0 0 1 
7680147070118;0.421204;0.607771;0.993014 -0.0170963 -0.11675 -1.34321 0.00628574 0.995707 -0.0923436 -0.403503 0.117827 0.0909647 0.988859 6.44472 0 0 0 1 
7680147070119;1.56631;0.8184;0.99788 0.0192107 0.0621734 -1.18838 -0.0154755 0.998078 -0.060011 -2.4664 -0.0632068 0.0589217 0.99626 -8.20291 0 0 0 1 
7680147070120;0.829004;1.21223;0.999328 0.0256291 -0.0261941 -2.98945 -0.029908 0.983431 -0.1788 -4.65358 0.0211776 0.179464 0.983537 -1.50648 0 0 0 1 
7680147070121;0.0967963;0.691657;0.99733 0.00659248 0.0727285 -0.77403 -0.00926164 0.999293 0.0364243 -1.07758 -0.072437 -0.0370007 0.996686 -3.95084 0 0 0 1 
7680147070122;0.194803;0.647662;0.999715 -0.00820618 -0.0224207 -0.881199 0.00742403 0.999369 -0.0347481 -0.346328 0.0226917 0.0345718 0.999145 1.16711 0 0 0 1 
7680147070124;1.64617;2.06005;0.993643 -0.0351479 0.106949 -1.60607 0.0500397 0.988898 -0.139916 5.07474 -0.100843 0.144379 0.984371 -8.59265 0 0 0 1 
7680147070125;1.40625;1.92683;0.996652 -0.071091 0.0403885 -1.87892 0.0711863 0.997463 -0.000925458 7.33471 -0.0402202 0.00379747 0.999184 -4.89473 0 0 0 1 
7680147070126;1.2267;1.83372;0.997785 -0.060918 -0.0267355 -2.60332 0.0611807 0.998085 0.00912118 7.37015 0.0261287 -0.0107367 0.999601 1.56738 0 0 0 1 
7680147070127;1.9725;1.90605;0.986546 -0.0958262 -0.132451 -1.93333 0.0776855 0.987668 -0.13593 7.62336 0.143844 0.123812 0.981825 7.44085 0 0 0 1 
7680147070128;1.62499;2.76366;0.965591 -0.0873882 -0.244942 -5.14909 0.0876263 0.996104 -0.00994716 8.44028 0.244857 -0.0118585 0.969487 12.9539 0 0 0 1 
7680147070129;0.486275;1.9449;0.998886 -0.0257883 -0.039507 -1.43307 0.0238016 0.998468 -0.0499576 3.71871 0.0407348 0.0489616 0.99797 2.73951 0 0 0 1 
7680147070130;1.63305;2.79642;0.996513 -0.0180046 0.0814706 -2.02859 0.00933829 0.994372 0.10553 4.12148 -0.0829122 -0.104401 0.991073 -4.39915 0 0 0 1 
7680147070131;2.14793;1.99494;0.925291 0.0201183 0.378724 -5.29013 0.0701056 0.97231 -0.222931 7.06395 -0.372722 0.232827 0.898259 -25.9668 0 0 0 1 
7680147070132;1.4581;2.61471;0.995166 -0.0563325 -0.0804471 -2.74832 0.0555524 0.998385 -0.0119038 5.84129 0.0809878 0.00737726 0.996688 2.9037 0 0 0 1 
7680147070133;1.07349;2.85297;0.999153 -0.0303441 -0.0277994 -1.73396 0.0300301 0.999481 -0.011642 4.08201 0.0281382 0.0107973 0.999546 1.62751 0 0 0 1 
7680147070134;1.69636;2.17279;0.993655 -0.0257983 -0.109469 -2.19491 0.0116269 0.991684 -0.12817 2.71709 0.111865 0.126084 0.985692 9.29656 0 0 0 1 
7680147070135;0.51747;2.11253;0.939583 -0.110225 -0.324089 -6.26181 0.107451 0.993857 -0.0265019 9.25363 0.325019 -0.00992304 0.945655 19.5296 0 0 0 1 
7680147070136;0.646267;2.67988;0.916933 -0.106744 -0.384499 -8.75386 0.0554591 0.988295 -0.142114 6.07 0.395168 0.108985 0.912121 25.7465 0 0 0 1 
7680147070137;2.04694;2.81747;0.992886 -0.0343906 -0.113997 -2.62516 0.0502638 0.988954 0.139438 6.20509 0.107943 -0.144176 0.983647 8.06219 0 0 0 1 
7680147070138;0.720049;1.76495;0.999341 -0.0226541 -0.0283773 -1.37735 0.0196559 0.99461 -0.101807 3.02253 0.0305307 0.101182 0.994399 1.28867 0 0 0 1 
7680147070139;1.74647;2.05894;0.997952 -0.0439213 0.0465019 -1.77212 0.045285 0.998562 -0.0286888 5.33602 -0.045175 0.0307358 0.998506 -5.65773 0 0 0 1 
7680147070140;0.663015;2.56099;0.999368 -0.0346092 0.00809883 -1.93384 0.0351709 0.995797 -0.0845707 4.35095 -0.00513786 0.0848021 0.996385 -0.906947 0 0 0 1 
7680147070141;0.53013;2.14732;0.997764 -0.0635489 0.0206773 -1.23644 0.0638122 0.997886 -0.0123336 6.16632 -0.0198498 0.0136255 0.99971 -1.55456 0 0 0 1 
7680147070142;1.96977;2.38653;0.982221 -0.0665228 -0.175546 -5.50921 0.0264099 0.974775 -0.22162 5.0303 0.18586 0.213043 0.959202 13.5185 0 0 0 1 
7680147070143;0.856847;2.72644;0.981665 -0.0435717 0.185569 -3.44617 0.0120345 0.985749 0.167791 4.50977 -0.190236 -0.162482 0.968199 -13.6091 0 0 0 1 
7680147070144;1.63732;2.46802;0.996546 0.0175367 0.0811721 -1.26144 -0.0186372 0.999744 0.0128196 0.187354 -0.0809265 -0.0142881 0.996618 -6.72646 0 0 0 1 
7680147070145;0.140484;2.18731;0.996998 -0.075141 0.0186787 -1.7367 0.0753707 0.997084 -0.0119124 7.43973 -0.0177291 0.0132845 0.999755 -1.47086 0 0 0 1 
7680147070146;1.19743;2.76805;0.996454 -0.0590981 -0.0598981 -3.0674 0.0599272 0.998129 0.0121404 7.93227 0.0590685 -0.0156869 0.998131 1.90223 0 0 0 1 
7680147070147;0.293378;2.18888;0.997583 0.00141735 0.0694742 -1.28733 0.00536831 0.995232 -0.0973876 2.59815 -0.069281 0.0975252 0.992819 -4.57491 0 0 0 1 
7680147070148;2.08491;1.94125;0.993085 -0.0561018 -0.103123 -1.4691 0.072687 0.983635 0.164858 7.05383 0.0921865 -0.171214 0.980912 7.20816 0 0 0 1 
7680147070149;2.16398;2.39739;0.987413 -0.0848232 -0.133492 -3.07879 0.0611619 0.983143 -0.172304 7.44392 0.145857 0.161971 0.975957 9.20353 0 0 0 1 
7680147070150;0.570326;2.54089;0.999201 -0.00712487 0.0393256 -1.74757 0.0233318 0.902888 -0.429241 2.37111 -0.0324483 0.429816 0.902333 -0.892556 0 0 0 1 
7680147070151;0.700204;2.54357;0.993575 -0.0661678 -0.0918131 -3.16121 0.0672792 0.997693 0.00906024 7.78404 0.0910018 -0.0151791 0.995735 5.04616 0 0 0 1 
7680147070152;0.196422;2.07209;0.997604 -0.0684622 -0.00995392 -1.63487 0.0682586 0.997476 -0.0195315 6.77199 0.011266 0.0188052 0.99976 0.498307 0 0 0 1 
7680147070153;0.328459;2.57428;0.999345 -0.0260469 -0.0251376 -1.96383 0.017182 0.95254 -0.303927 3.0291 0.031861 0.303296 0.952364 2.75991 0 0 0 1 
7680147070155;0.140686;4.26602;0.999047 0.0190323 -0.0392676 6.28641 -0.0208115 0.998752 -0.0454079 -0.486883 0.0383543 0.0461818 0.998196 4.18497 0 0 0 1 
7680147070156;0.73666;4.076;0.999045 0.00546974 -0.0433548 6.65715 -0.00756843 0.9988 -0.0483919 0.628296 0.0430381 0.0486738 0.997887 4.913 0 0 0 1 
7680147070157;1.89722;4.52232;0.996366 -0.0332389 -0.0784188 4.37056 0.0357738 0.998874 0.0311447 6.46142 0.0772954 -0.0338369 0.996434 10.2796 0 0 0 1 
7680147070158;1.79956;4.17126;0.997257 -0.033298 -0.0660985 5.63833 0.019088 0.97858 -0.204982 4.23287 0.0715082 0.203159 0.976531 9.13527 0 0 0 1 
7680147070159;1.65931;4.05837;0.998738 0.00860914 -0.0494752 3.93804 -0.0106979 0.999056 -0.0421096 -0.0863662 0.0490659 0.0425858 0.997887 3.93874 0 0 0 1 
7680147070160;0.0621527;4.07548;0.998875 0.0102549 -0.0462899 5.93289 -0.0123485 0.998903 -0.0451691 0.0887678 0.0457759 0.0456899 0.997906 5.24326 0 0 0 1 
7680147070161;0.430207;4.40733;0.996424 -0.00511599 -0.084335 6.16261 -0.00162317 0.996822 -0.0796477 1.71169 0.0844745 0.0794998 0.993249 9.50158 0 0 0 1 
7680147070162;0.473536;3.95438;0.96996 0.0518151 0.237682 3.50145 -0.0516586 0.998641 -0.006891 -4.06896 -0.237716 -0.00559431 0.971319 -26.5019 0 0 0 1 
7680147070163;0.736349;4.13124;0.991496 0.0369415 0.124781 4.97543 -0.0516619 0.991802 0.116876 -3.72793 -0.119441 -0.122328 0.985276 -13.094 0 0 0 1 
7680147070164;0.540732;4.31159;0.996507 -0.0308907 -0.0775902 5.5583 0.0172347 0.985144 -0.170863 3.26198 0.0817156 0.168929 0.982235 10.0318 0 0 0 1 
7680147070165;1.76832;4.00404;0.999519 0.0125604 -0.0283681 5.6275 -0.0139423 0.998699 -0.0490545 0.0378946 0.027715 0.0494264 0.998393 5.92618 0 0 0 1 
7680147070166;0.877488;4.11839;0.994048 0.0319754 -0.104145 5.61846 -0.0195656 0.992812 0.11807 -0.437152 0.107172 -0.11533 0.987529 9.84132 0 0 0 1 
7680147070167;0.355143;4.32961;0.996001 -0.0394307 -0.0801681 5.5252 0.0360766 0.998429 -0.0428656 5.81503 0.0817324 0.039802 0.995859 9.32416 0 0 0 1 
7680147070168;0.458362;4.03877;0.999788 0.0133175 0.0156906 6.46318 -0.0145256 0.996722 0.0795837 0.807958 -0.0145794 -0.0797948 0.996705 -2.32399 0 0 0 1 
7680147070169;1.52541;4.17585;0.958325 -0.0201374 -0.284971 2.49159 0.0381351 0.997603 0.0577485 5.99486 0.283125 -0.0662092 0.956795 29.4312 0 0 0 1 
7680147070170;1.71122;4.27722;0.997277 0.036505 0.0640744 5.23184 -0.0312365 0.996193 -0.0813834 -1.73778 -0.0668014 0.0791604 0.994621 -6.26316 0 0 0 1 
7680147070171;1.73488;3.88194;0.9927 -0.0213597 -0.118705 6.89664 -0.0130598 0.959371 -0.281844 0.294719 0.119903 0.281337 0.952089 13.0138 0 0 0 1 
7680147070172;1.09968;4.02666;0.999713 0.0090765 -0.0221843 6.82904 -0.00998913 0.999094 -0.04138 0.0919661 0.0217886 0.0415897 0.998897 2.68454 0 0 0 1 
7680147070173;0.591876;4.10769;0.959216 0.0269001 -0.281391 0.593247 -0.01434 0.998811 0.0466004 0.518485 0.28231 -0.0406647 0.958461 30.9763 0 0 0 1 
7680147070174;1.36958;4.37192;0.998766 -0.0376269 0.0324036 5.30862 0.0424996 0.985224 -0.165917 5.46325 -0.0256819 0.167089 0.985607 -3.76944 0 0 0 1 
7680147070175;0.533565;4.13192;0.998779 0.00207529 -0.0493497 6.06551 -0.00435677 0.998924 -0.0461684 1.42653 0.0492008 0.046327 0.997714 6.07176 0 0 0 1 
7680147070176;0.79171;3.69139;0.992907 0.0227443 0.1167 5.49077 -0.00908645 0.993178 -0.116257 -0.246576 -0.118548 0.114372 0.986339 -11.7477 0 0 0 1 
7680147070177;1.74498;3.96102;0.960707 0.0632078 0.270271 2.20784 -0.034253 0.993281 -0.110541 -3.41155 -0.275442 0.0969399 0.956417 -29.9577 0 0 0 1 
7680147070178;1.38005;4.44244;0.996427 -0.032347 0.0780148 5.24021 0.0424629 0.990378 -0.131712 5.78571 -0.0730037 0.134554 0.988213 -8.98278 0 0 0 1 
7680147070179;1.66284;3.85662;0.999148 0.0248595 0.0329349 6.78899 -0.0254819 0.999502 0.018617 -1.80715 -0.0324557 -0.0194404 0.999284 -2.43769 0 0 0 1 
7680147070180;1.25183;4.0751;0.969627 0.0397535 -0.241337 1.56996 -0.0080785 0.99137 0.130843 0.815229 0.244455 -0.12492 0.96158 24.3736 0 0 0 1 
7680147070181;1.00094;3.93842;0.998323 0.0284485 0.0504267 5.93845 -0.0371383 0.982822 0.18078 -2.31932 -0.0444176 -0.182349 0.98223 -6.78997 0 0 0 1 
7680147070182;1.8528;3.89835;0.980157 0.0443154 0.193206 4.37722 -0.0647072 0.992826 0.100544 -5.40885 -0.187365 -0.111051 0.975993 -23.7403 0 0 0 1 
7680147070183;0.963883;3.88058;0.988399 0.0605534 0.139283 6.14843 -0.0820105 0.98468 0.153884 -6.64373 -0.127831 -0.163522 0.978223 -15.6465 0 0 0 1 
7680147070184;0.147928;4.03215;0.998405 0.0111661 -0.0553402 5.86437 -0.012214 0.999752 -0.0186331 0.233093 0.0551184 0.0192793 0.998294 6.23629 0 0 0 1 
7680147070186;1.27351;5.68439;0.992469 0.120046 0.0243585 4.1969 -0.118013 0.990365 -0.072452 -6.58439 -0.0328214 0.0690318 0.997074 -3.09606 0 0 0 1 
7680147070187;0.700101;5.5454;0.943645 0.10894 0.312515 0.19278 -0.165121 0.973325 0.159294 -10.7205 -0.286825 -0.20192 0.936461 -31.1727 0 0 0 1 
7680147070188;1.39118;5.78922;0.996671 0.0601328 0.0550463 5.43956 -0.0620771 0.997481 0.0343189 -0.672975 -0.052844 -0.0376218 0.997894 -7.97678 0 0 0 1 
7680147070189;1.30828;5.85578;0.964781 0.0162673 -0.262549 2.06049 0.0802708 0.932275 0.352731 18.2881 0.250506 -0.361384 0.898136 28.8746 0 0 0 1 
7680147070190;1.12112;5.65789;0.992551 0.0306104 0.11792 5.20974 -0.0693524 0.937748 0.340322 0.696427 -0.100162 -0.345965 0.932886 -10.2253 0 0 0 1 
7680147070191;1.94775;5.55391;0.998357 0.00323298 -0.0572017 7.84049 0.00861311 0.978591 0.205636 8.80292 0.0566419 -0.205791 0.976955 6.8039 0 0 0 1 
7680147070192;1.68036;5.90037;0.986425 0.030261 0.161397 5.12036 -0.0262228 0.999289 -0.0270921 4.44279 -0.162102 0.022492 0.986518 -18.1827 0 0 0 1 
7680147070193;1.11849;5.72926;0.998392 0.0221179 0.0521868 6.7256 -0.00744074 0.963897 -0.266171 4.91502 -0.0561898 0.265355 0.962512 -7.8027 0 0 0 1 
7680147070194;0.766853;5.85413;0.999525 0.0161795 0.0262311 5.22995 -0.0168201 0.999561 0.024388 4.34409 -0.025825 -0.0248176 0.999358 -3.59011 0 0 0 1 
7680147070195;0.416426;5.74381;0.995671 0.0579434 0.0726782 5.89431 -0.0525506 0.99587 -0.0740396 0.285558 -0.0766681 0.0698998 0.994603 -9.77445 0 0 0 1 
7680147070196;0.748225;5.9333;0.998947 0.0293844 0.035239 5.16132 -0.0322675 0.995922 0.084251 3.07213 -0.0326196 -0.0852993 0.995821 -3.19859 0 0 0 1 
7680147070197;0.500793;5.57007;0.997195 0.0697653 0.027125 5.44329 -0.0624455 0.975173 -0.21246 -1.43462 -0.0412739 0.21017 0.976793 -6.63296 0 0 0 1 
7680147070198;0.104802;5.7754;0.999518 0.0245099 0.0190493 5.84587 -0.0263324 0.994416 0.102194 4.20922 -0.0164382 -0.102646 0.994582 -1.49467 0 0 0 1 
7680147070199;1.797;5.69629;0.977406 0.116541 0.176341 3.10921 -0.108766 0.992645 -0.0531657 -6.38816 -0.181239 0.0327847 0.982892 -23.217 0 0 0 1 
7680147070200;0.574851;5.71866;0.996149 0.0861503 -0.0163105 4.54652 -0.0847804 0.993835 0.0714457 -2.20138 0.022365 -0.0697877 0.997311 1.88836 0 0 0 1 
7680147070201;1.66238;6.16114;0.972613 -0.000407197 -0.232429 1.68873 0.00140773 0.99999 0.00413885 5.30013 0.232425 -0.0043527 0.972605 24.548 0 0 0 1 
7680147070202;0.856075;6.07823;0.999076 0.0244565 0.0353369 5.781 -0.0302952 0.984012 0.175504 3.50329 -0.0304797 -0.176413 0.983844 -2.0884 0 0 0 1 
7680147070203;0.151635;5.6903;0.998631 0.0480794 0.0206262 5.51487 -0.0484209 0.998693 0.0163883 1.47511 -0.0198113 -0.0173646 0.999653 -2.50756 0 0 0 1 
7680147070204;1.87474;6.07536;0.999575 0.00903391 0.0277152 4.61014 -0.00896226 0.999956 -0.00270842 4.91071 -0.0277385 0.00245887 0.999612 -1.91005 0 0 0 1 
7680147070205;1.34644;5.7097;0.99944 0.0206928 0.0262801 7.3648 -0.0233483 0.994184 0.105129 5.8041 -0.0239518 -0.105684 0.994111 -2.61915 0 0 0 1 
7680147070206;0.882492;5.71209;0.911565 -0.100082 -0.39879 -4.30801 0.0573265 0.991386 -0.117763 12.8822 0.40714 0.0844871 0.90945 43.4634 0 0 0 1 
7680147070207;1.16879;5.78917;0.988817 0.129817 0.0734003 2.91213 -0.134976 0.98835 0.070326 -8.3789 -0.0634157 -0.0794468 0.99482 -5.7579 0 0 0 1 
7680147070208;1.24601;5.82754;0.992033 0.115293 0.0507757 4.11078 -0.120727 0.985201 0.121669 -6.8994 -0.0359967 -0.12683 0.991271 -3.47149 0 0 0 1 
7680147070209;1.20929;5.71131;0.998158 0.0226274 -0.0562966 6.05472 0.00197385 0.915256 0.402868 9.77606 0.0606417 -0.402237 0.913525 7.89675 0 0 0 1 
7680147070210;1.69015;5.74911;0.999011 0.0342113 0.0283945 6.77531 -0.0349593 0.999043 0.0262794 4.63202 -0.0274682 -0.027246 0.999251 -1.8147 0 0 0 1 
7680147070211;0.940014;6.04881;0.989437 -0.0245587 -0.142867 4.28076 0.0525516 0.979272 0.195615 13.5158 0.135101 -0.201057 0.970218 17.0641 0 0 0 1 
7680147070212;1.74535;5.65528;0.999581 0.0211112 0.0197858 5.93728 -0.0212501 0.999751 0.00683933 5.60807 -0.0196365 -0.00725692 0.999781 -3.72587 0 0 0 1 
7680147070213;0.400202;5.69928;0.9975 0.0562386 0.0427964 5.32205 -0.0580038 0.997466 0.0411871 0.789936 -0.0403717 -0.0435665 0.998234 -4.83816 0 0 0 1 
7680147070214;0.315659;6.00753;0.998496 0.00285983 -0.0547534 6.00694 0.00198818 0.996093 0.088284 7.12378 0.054792 -0.0882601 0.994589 6.27436 0 0 0 1 
7680147070215;0.611277;5.82571;0.996545 0.0359177 0.074892 5.43794 -0.0386646 0.998619 0.0355563 2.26614 -0.0735115 -0.0383291 0.996558 -9.08838 0 0 0 1 
7680147070217;0.89674;3.90703;0.99827 -0.00291861 0.0587247 -4.73846 0.00162797 0.999756 0.0220136 -1.29311 -0.0587746 -0.0218799 0.998031 -2.02861 0 0 0 1 
7680147070218;1.73564;4.26079;0.999707 -0.0204345 0.012998 -6.01262 0.0203411 0.999767 0.00728108 -0.38402 -0.0131438 -0.00701455 0.999889 1.60696 0 0 0 1 
7680147070219;1.39452;4.02434;0.961244 -0.0499964 -0.271127 -6.04368 0.0251804 0.99523 -0.0942489 -1.09661 0.274546 0.0837692 0.957918 6.25912 0 0 0 1 
7680147070220;0.267296;4.09321;0.999822 -0.0106758 -0.0155717 -5.16327 0.00352812 0.915898 -0.401396 -1.97402 0.0185473 0.401269 0.915772 4.05202 0 0 0 1 
7680147070221;1.27015;4.37616;0.999793 -0.00775521 0.0187879 -3.96477 0.00322548 0.973171 0.230059 -0.618282 -0.020068 -0.229951 0.972995 -2.79808 0 0 0 1 
7680147070222;1.97297;4.06267;0.996113 0.00816629 0.0877082 -6.87328 -0.0114835 0.999235 0.037383 -2.1867 -0.0873359 -0.0382449 0.995445 -0.963628 0 0 0 1 
7680147070223;1.53331;4.31579;0.997955 -0.0158963 -0.0619043 -6.07024 0.0163947 0.999837 0.00755182 -1.61892 0.0617742 -0.00855129 0.998054 -0.083831 0 0 0 1 
7680147070224;2.30376;3.95131;0.912349 -0.0896866 -0.39947 -6.89992 0.0472251 0.992252 -0.114917 -0.815777 0.406681 0.0859797 0.909515 4.08573 0 0 0 1 
7680147070225;1.4585;4.35962;0.998695 -0.0238462 -0.0451614 -5.14395 0.0216754 0.998614 -0.0479636 -0.15027 0.0462425 0.0469222 0.997828 2.22741 0 0 0 1 
7680147070226;1.86707;4.30928;0.998521 -0.0123195 -0.0529514 -5.65268 0.0118419 0.999886 -0.00932453 -0.432847 0.0530602 0.00868369 0.998554 2.9422 0 0 0 1 
7680147070227;0.781577;4.04396;0.999722 0.00957445 -0.0215535 -4.47036 -0.00943343 0.999933 0.00663469 -1.57493 0.0216156 -0.00642952 0.999746 -0.528609 0 0 0 1 
7680147070228;0.400914;4.22805;0.998381 -0.00602702 0.0565557 -4.95874 0.00402887 0.999366 0.0353784 -1.21297 -0.0567331 -0.0350932 0.997772 -1.071 0 0 0 1 
7680147070229;0.955663;4.1267;0.999724 -0.00288645 -0.0233339 -5.62804 0.00206529 0.99938 -0.0351392 -0.967646 0.0234209 0.0350813 0.99911 0.984324 0 0 0 1 
7680147070230;0.317185;3.97135;0.980626 -0.0325308 -0.193167 -5.63393 0.0253544 0.998898 -0.0395085 -0.852709 0.19424 0.0338455 0.98037 3.45718 0 0 0 1 
7680147070231;1.12926;4.17129;0.999746 -0.0205288 0.00934497 -4.85048 0.0203847 0.999676 0.0152665 -0.477852 -0.00965534 -0.0150721 0.99984 -1.07481 0 0 0 1 
7680147070232;1.51388;4.18924;0.999963 0.00160093 0.00844138 -5.74683 -0.00181768 0.999667 0.0257326 -2.23298 -0.00839737 -0.025747 0.999633 -1.34273 0 0 0 1 
7680147070233;1.97376;4.22583;0.991767 0.0070766 -0.127861 -6.33984 0.0355346 0.944052 0.327876 -0.473628 0.123028 -0.32972 0.936028 -2.43146 0 0 0 1 
7680147070234;1.9935;4.12029;0.999643 -0.0185462 -0.0192341 -4.95638 0.016752 0.995838 -0.089583 -1.07772 0.0208155 0.0892288 0.995794 -1.25456 0 0 0 1 
7680147070235;1.53051;4.32882;0.987272 -0.0376067 -0.15453 -5.45603 0.0367566 0.999289 -0.00835566 -1.0121 0.154735 0.00256931 0.987953 1.02447 0 0 0 1 
7680147070236;0.104269;4.28172;0.999923 0.0030244 0.0120519 -5.15317 -0.00313805 0.999951 0.0094224 -1.33218 -0.0120228 -0.0094595 0.999883 -0.105856 0 0 0 1 
7680147070237;2.06657;4.0604;0.997559 -0.0397766 -0.0573948 -7.50709 0.0295583 0.98517 -0.169016 -0.81709 0.0632665 0.166907 0.983941 3.97508 0 0 0 1 
7680147070238;1.4657;4.16442;0.915844 0.0258091 0.400704 -4.30532 -0.129424 0.963647 0.233741 -3.23996 -0.380105 -0.265931 0.88589 -8.70828 0 0 0 1 
7680147070239;0.672786;4.19053;0.992444 -0.00558211 0.122571 -5.03244 -0.00390534 0.997021 0.0770273 -1.13955 -0.122636 -0.0769239 0.989466 -1.88415 0 0 0 1 
7680147070240;1.69401;4.27149;0.998701 -0.0119944 0.0495309 -5.09706 0.00775438 0.996357 0.0849248 -0.457609 -0.0503691 -0.0844303 0.995155 0.447412 0 0 0 1 
7680147070241;1.89764;4.33245;0.996018 -0.0161507 -0.0876739 -5.00285 0.0350787 0.975121 0.218881 -1.45449 0.0819575 -0.221085 0.971805 -2.97031 0 0 0 1 
7680147070242;1.04234;4.10481;0.99802 -0.0166657 -0.0606452 -6.03798 0.0174443 0.999772 0.012332 -0.748461 0.0604259 -0.0133655 0.998083 1.56091 0 0 0 1 
7680147070243;1.63774;3.88007;0.970035 0.0197253 0.242161 -5.96814 -0.0302363 0.998751 0.0397651 -2.34848 -0.241075 -0.0458956 0.969421 -3.93724 0 0 0 1 
7680147070244;2.23994;4.48373;0.996446 0.0191434 -0.082033 -4.57782 -0.000610612 0.975451 0.220217 -1.27841 0.0842349 -0.219384 0.971995 1.37468 0 0 0 1 
7680147070245;0.410551;4.12505;0.999646 -0.0197126 -0.0178899 -5.21346 0.0198918 0.999753 0.00989324 -0.738141 0.0176905 -0.0102456 0.999791 -0.278704 0 0 0 1 
7680147070246;0.921508;4.19971;0.994655 -0.0304164 -0.0986687 -5.40038 0.0260563 0.998639 -0.0451806 -0.75163 0.0999087 0.0423682 0.994094 0.83492 0 0 0 1 
7680147070248;1.50847;2.67346;0.978944 0.0161431 -0.20349 3.46561 0.0455666 0.954433 0.294927 7.90012 0.198978 -0.29799 0.9336 20.7652 0 0 0 1 
7680147070249;1.33018;2.81605;0.987356 0.144168 0.0659046 4.26956 -0.144396 0.989519 -0.00132096 -9.31784 -0.0654043 -0.00821208 0.997825 -4.92788 0 0 0 1 
7680147070250;0.124558;2.5319;0.994224 0.104533 0.0243306 2.92164 -0.104362 0.994505 -0.00821764 -6.56248 -0.0250559 0.00563099 0.99967 -3.04708 0 0 0 1 
7680147070251;0.53556;3.13851;0.976813 0.115137 0.180501 2.59736 -0.133344 0.986774 0.0921741 -8.68673 -0.167501 -0.114105 0.979246 -14.3336 0 0 0 1 
7680147070252;1.1295;2.81122;0.97851 0.15838 0.132039 2.01042 -0.148369 0.985481 -0.0825507 -10.4884 -0.143197 0.0611862 0.987801 -11.787 0 0 0 1 
7680147070253;0.578449;2.06603;0.998306 0.03588 -0.0458078 3.37109 -0.0360705 0.999344 -0.00334029 -0.928362 0.0456579 0.00498694 0.998945 4.20363 0 0 0 1 
7680147070254;1.15198;2.46915;0.994787 0.101293 0.0117516 3.91883 -0.101229 0.994846 -0.00586692 -5.40457 -0.0122853 0.00464673 0.999914 -3.31426 0 0 0 1 
7680147070255;0.370863;2.62838;0.982212 0.15324 0.108519 1.6043 -0.186501 0.863318 0.468934 -10.9999 -0.0218272 -0.480832 0.876541 1.35388 0 0 0 1 
7680147070256;1.32328;2.61109;0.959643 0.164344 0.228204 -0.644259 -0.111865 0.967588 -0.226406 -7.44779 -0.258016 0.191741 0.946923 -27.7891 0 0 0 1 
7680147070257;0.807316;2.55282;0.969713 0.0403738 -0.240888 1.2207 -0.087579 0.978138 -0.188616 -5.7062 0.228007 0.204 0.952049 18.7496 0 0 0 1 
7680147070258;0.260139;2.49887;0.939576 0.231113 0.252555 -2.54047 -0.18973 0.965607 -0.177779 -14.4315 -0.284956 0.119119 0.95111 -27.5458 0 0 0 1 
7680147070259;0.965988;2.19879;0.985724 0.0856363 0.144964 2.15296 -0.0936669 0.994372 0.0494972 -5.80339 -0.139909 -0.0623689 0.988198 -12.5767 0 0 0 1 
7680147070260;0.831214;2.58797;0.988777 0.149401 -0.000350439 2.71394 -0.147566 0.976991 0.15399 -8.54643 0.0233487 -0.15221 0.988072 2.44582 0 0 0 1 
7680147070261;1.06706;2.36047;0.981314 0.132796 0.139243 1.5672 -0.0928385 0.960627 -0.26187 -5.80984 -0.168536 0.24405 0.955005 -19.687 0 0 0 1 
7680147070262;1.52451;2.86952;0.979945 0.142482 0.139309 2.44316 -0.143109 0.989691 -0.00555611 -11.0471 -0.138664 -0.0144917 0.990233 -14.6357 0 0 0 1 
7680147070263;1.15131;2.71085;0.988578 0.141943 0.0506453 1.37438 -0.140276 0.98949 -0.0351083 -10.4049 -0.0550964 0.027603 0.998099 -7.71724 0 0 0 1 
7680147070264;1.15529;2.62017;0.991371 0.12896 0.0235105 2.12692 -0.128724 0.991616 -0.01131 -8.78469 -0.0247719 0.00818608 0.99966 -0.679727 0 0 0 1 
7680147070265;0.426203;2.26464;0.964836 0.0521237 0.257632 0.934759 -0.0930832 0.98438 0.149439 -5.15971 -0.245819 -0.168166 0.954617 -21.1996 0 0 0 1 
7680147070266;1.20758;2.68951;0.992727 0.116832 0.0290277 2.15952 -0.120063 0.978459 0.167936 -6.12419 -0.00878212 -0.1702 0.98537 0.326669 0 0 0 1 
