#;prob_registration_l1 -r /home/probabilistic_point_clouds_registration/build/tester /home/point_clouds_registration_benchmark//devel/registration_pairs/gazebo_summer_local.txt /home/point_clouds_registration_benchmark//eth/gazebo_summer -s 0.2 -t 0.2 -p 0.3 -r 1000 -m 20 -i 40 
id;initial_error;final_error;transformation
36535719080000;0.0805842;0.133635;0.998372 -0.0206766 0.0531607 -0.217916 0.0153261 0.994954 0.0991538 -0.101398 -0.0549427 -0.0981776 0.993651 -0.0321302 0 0 0 1 
36535719080001;0.11249;0.144443;0.983792 -0.00805693 0.179134 -0.429732 0.0193842 0.997914 -0.0615733 0.00800599 -0.178264 0.0640477 0.981896 0.165541 0 0 0 1 
36535719080002;0.259114;0.136326;0.987474 0.0153053 0.157038 0.00491579 -0.0444684 0.981935 0.183921 -0.446937 -0.151386 -0.188601 0.970315 0.0541772 0 0 0 1 
36535719080003;0.441289;0.70585;0.959726 -0.170102 0.223589 -1.35795 0.188881 0.979825 -0.0653156 -0.716608 -0.207968 0.104917 0.972493 -0.121988 0 0 0 1 
36535719080004;0.424931;0.813948;0.933995 -0.12826 0.33347 -2.05045 0.153409 0.986892 -0.0500921 -0.470964 -0.322674 0.0979431 0.941429 -0.0781211 0 0 0 1 
36535719080005;0.508351;0.13373;0.983249 -0.121252 0.136088 0.305887 0.163712 0.915727 -0.366936 0.780915 -0.0801278 0.383068 0.920238 -0.409383 0 0 0 1 
36535719080006;0.482532;0.303017;0.980747 0.109974 -0.16137 -0.620938 -0.129954 0.984356 -0.118975 0.422042 0.145761 0.137655 0.979696 -1.54745 0 0 0 1 
36535719080007;0.407429;0.143108;0.945625 -0.324674 0.0195099 -0.017581 0.319694 0.916718 -0.239635 -0.746409 0.0599183 0.232842 0.970667 -1.20104 0 0 0 1 
36535719080008;0.494873;0.429667;0.98351 0.018591 0.179894 -1.16795 0.0403011 0.947161 -0.318217 0.470442 -0.176305 0.320219 0.930793 -0.708979 0 0 0 1 
36535719080009;0.260051;0.139797;0.985089 -0.0940238 0.14408 -0.411276 0.0875355 0.994868 0.0507427 -0.802923 -0.148112 -0.037374 0.988264 -0.327189 0 0 0 1 
36535719080010;0.367096;0.183637;0.973076 -0.170551 0.155036 0.279737 0.176088 0.984115 -0.0226123 -0.159286 -0.148716 0.0493035 0.98765 0.695214 0 0 0 1 
36535719080011;0.379627;0.186461;0.961984 -0.217929 0.1646 -0.218887 0.207512 0.975098 0.0782456 0.350767 -0.177553 -0.0411146 0.983252 -0.283175 0 0 0 1 
36535719080012;0.1676;0.134708;0.99868 0.0219295 0.0464371 -0.469179 -0.0225499 0.999663 0.012879 0.254944 -0.046139 -0.0139091 0.998838 -0.564845 0 0 0 1 
36535719080013;0.445602;0.368335;0.9462 -0.222296 0.235136 0.166907 0.212486 0.974892 0.0666036 -0.837102 -0.244038 -0.0130572 0.969678 0.316141 0 0 0 1 
36535719080014;0.45281;0.539679;0.999004 0.0314165 0.0316892 -1.42427 -0.031318 0.999503 -0.0035997 0.270635 -0.0317865 0.00260367 0.999491 -0.00628266 0 0 0 1 
36535719080015;0.366192;0.488583;0.998083 -0.027311 0.0555289 -1.27821 0.0253523 0.999042 0.0356773 0.138161 -0.0564501 -0.0342011 0.997819 0.10283 0 0 0 1 
36535719080016;0.0775968;0.12499;0.990352 -0.00884693 0.138291 -0.362316 0.00212896 0.998814 0.0486513 -0.0047603 -0.138557 -0.0478875 0.989196 0.113787 0 0 0 1 
36535719080017;0.294515;0.129435;0.951677 0.0666294 0.299786 -0.454515 0.0194603 0.961134 -0.275396 0.177016 -0.306484 0.267922 0.913392 0.184223 0 0 0 1 
36535719080018;0.425335;0.49149;0.999616 -0.0261922 0.00902018 -0.857931 0.026802 0.996757 -0.0758799 -0.198691 -0.00700347 0.0760925 0.997076 -0.657676 0 0 0 1 
36535719080019;0.389784;0.463967;0.997019 -0.00120195 -0.0771418 -0.731306 -0.00463253 0.997142 -0.0754098 -0.00561073 0.0770119 0.0755424 0.994164 -0.675146 0 0 0 1 
36535719080020;0.317608;0.132848;0.983048 0.178791 -0.0406277 -0.417355 -0.175841 0.982116 0.0672964 0.87787 0.0519331 -0.0590116 0.996906 -0.0582722 0 0 0 1 
36535719080021;0.423824;0.27287;0.911807 -0.27242 0.307238 -0.12257 0.358756 0.892517 -0.273328 -0.465549 -0.199755 0.359446 0.911535 0.0463844 0 0 0 1 
36535719080022;0.154215;0.113334;0.99923 0.00472089 0.0389501 -0.563787 -0.00528613 0.999882 0.0144217 -0.0740797 -0.0388774 -0.0146165 0.999137 -0.376196 0 0 0 1 
36535719080023;0.35143;0.138438;0.978498 -0.00572657 -0.206177 -0.284199 0.0273608 0.994384 0.102233 0.223322 0.204434 -0.105676 0.973159 0.251755 0 0 0 1 
36535719080024;0.34005;0.146314;0.964583 -0.237727 -0.114307 0.0673167 0.183716 0.91641 -0.355585 -0.234981 0.189284 0.321991 0.927628 -1.12719 0 0 0 1 
36535719080025;0.273677;0.13252;0.995401 0.0650836 -0.0702891 -0.362819 -0.0512547 0.981741 0.183189 0.486483 0.0809282 -0.178743 0.980562 -0.0387647 0 0 0 1 
36535719080026;0.254446;0.163582;0.996595 -0.0286905 0.0772978 0.13998 0.0279767 0.999555 0.0103008 0.452263 -0.0775589 -0.00810317 0.996955 -0.107363 0 0 0 1 
36535719080027;0.274443;0.131331;0.965015 0.22436 0.135682 -0.77755 -0.226836 0.973929 0.00287507 0.401514 -0.131499 -0.0335521 0.990748 0.0441912 0 0 0 1 
36535719080028;0.110223;0.139146;0.98796 -0.0302373 0.151725 -0.430653 0.0393674 0.997567 -0.0575362 -0.218326 -0.149616 0.0628165 0.986747 -0.0226119 0 0 0 1 
36535719080029;0.464721;0.863498;0.956412 -0.153982 0.248124 -2.07874 0.158087 0.987419 0.00341906 -0.899276 -0.245529 0.0359551 0.968722 -0.271548 0 0 0 1 
36535719080031;0.562593;1.2351;0.987626 0.0461149 0.149895 -2.01139 -0.0387551 0.997913 -0.0516571 0.827032 -0.151965 0.0452087 0.987351 -0.138372 0 0 0 1 
36535719080032;0.49885;0.802278;0.999099 0.0423013 -0.00329815 -1.21377 -0.0417826 0.994409 0.0969761 0.595925 0.00738192 -0.0967509 0.995281 -0.449815 0 0 0 1 
36535719080033;0.471869;1.51055;0.955936 0.242546 0.165402 -2.62087 -0.283217 0.910249 0.302052 1.12546 -0.0772956 -0.335587 0.938833 0.680726 0 0 0 1 
36535719080034;0.28376;1.32563;0.935766 0.315639 -0.157204 -2.17307 -0.286753 0.940618 0.181688 0.848191 0.205217 -0.124939 0.970709 -1.18421 0 0 0 1 
36535719080035;0.587922;1.56308;0.988115 -0.0893534 0.125081 -2.75658 0.0996327 0.991924 -0.0784833 0.0367921 -0.117058 0.0900127 0.989037 -0.743728 0 0 0 1 
36535719080036;0.406933;1.29339;0.982644 0.158181 0.0969017 -2.51098 -0.156044 0.987316 -0.029288 0.666109 -0.100305 0.0136587 0.994863 0.485711 0 0 0 1 
36535719080037;0.0919718;0.662101;0.989721 0.0741837 0.122265 -1.19803 -0.0742118 0.997233 -0.00432985 0.215718 -0.122248 -0.0047882 0.992488 0.073595 0 0 0 1 
36535719080038;0.581548;1.45514;0.985529 0.0356468 0.165718 -3.34451 -0.041184 0.998698 0.0300972 0.26385 -0.16443 -0.0364866 0.985714 0.746488 0 0 0 1 
36535719080039;0.434512;0.689591;0.983701 0.151004 0.0976216 -1.69186 -0.145593 0.987499 -0.0604029 0.976219 -0.105522 0.0452054 0.993389 -0.596653 0 0 0 1 
36535719080040;0.566995;1.31246;0.933478 0.0182807 0.358169 -1.66587 -0.0588979 0.992954 0.102823 0.485324 -0.353766 -0.117078 0.927977 0.452502 0 0 0 1 
36535719080041;0.142283;0.883298;0.972737 0.202527 0.112986 -1.46087 -0.201947 0.979254 -0.0166817 0.738994 -0.11402 -0.00659021 0.993457 -0.169435 0 0 0 1 
36535719080042;0.307724;0.927515;0.999546 0.0209015 -0.0216895 -1.66691 -0.0255819 0.969201 -0.24494 0.17914 0.0159019 0.245384 0.969296 -0.232445 0 0 0 1 
36535719080043;0.210302;1.39312;0.959865 0.114329 0.256103 -2.53359 -0.150268 0.980658 0.125415 0.701734 -0.23681 -0.158866 0.958479 0.577547 0 0 0 1 
36535719080044;0.594242;1.43481;0.996785 -0.0145624 0.0787861 -2.35577 0.00494406 0.992649 0.120925 -0.440587 -0.0799679 -0.120147 0.98953 0.400082 0 0 0 1 
36535719080045;0.55307;0.606151;0.97966 0.186744 0.0734409 -1.71344 -0.173249 0.971792 -0.160015 1.51857 -0.101251 0.144037 0.984379 0.424607 0 0 0 1 
36535719080046;0.383937;0.728946;0.989939 0.110675 0.0881601 -1.30027 -0.10727 0.993322 -0.0424906 1.00274 -0.092274 0.0326062 0.9952 -0.468593 0 0 0 1 
36535719080047;0.507113;0.865889;0.994008 0.0721966 0.082076 -1.20633 -0.070317 0.997197 -0.0255689 0.152168 -0.0836919 0.0196444 0.996298 0.650806 0 0 0 1 
36535719080048;0.299943;1.23449;0.962249 0.0743294 0.261825 -2.17959 0.017743 0.942809 -0.332861 0.3959 -0.271593 0.324941 0.905898 0.417381 0 0 0 1 
36535719080049;0.398366;1.47479;0.977616 -0.0535089 0.203481 -2.54367 -0.00303272 0.963435 0.267923 -0.0194606 -0.210377 -0.262543 0.941707 0.557457 0 0 0 1 
36535719080050;0.499825;1.35247;0.926584 0.266564 -0.265302 -2.35088 -0.250188 0.963587 0.0943721 1.1118 0.280798 -0.0210681 0.959536 -1.99441 0 0 0 1 
36535719080051;0.440086;1.67178;0.979003 -0.118039 0.166192 -2.89358 0.13654 0.98509 -0.104663 -0.18978 -0.15136 0.125157 0.980523 -0.175215 0 0 0 1 
36535719080052;0.307637;1.4233;0.974257 0.0963906 0.203793 -2.68034 -0.142157 0.964279 0.22351 0.290273 -0.174969 -0.246727 0.953159 0.355159 0 0 0 1 
36535719080053;0.461332;1.44921;0.945283 -0.0519187 0.322094 -2.23097 0.0462665 0.998612 0.0251842 0.0339127 -0.322955 -0.00890405 0.946373 1.17659 0 0 0 1 
36535719080054;0.521749;0.849643;0.95793 -0.00445138 0.286968 -1.32247 -0.0334705 0.991324 0.127105 1.02057 -0.285044 -0.131363 0.94947 0.633658 0 0 0 1 
36535719080055;0.319357;1.50269;0.953316 -0.0220539 0.301167 -2.52699 0.0609482 0.990857 -0.120367 0.0916298 -0.295758 0.133104 0.945944 0.435589 0 0 0 1 
36535719080056;0.611624;1.57002;0.968546 -0.107968 0.224192 -2.852 0.134751 0.985 -0.107783 0.0728357 -0.209192 0.134603 0.968566 -0.458163 0 0 0 1 
36535719080057;0.403587;0.660914;0.990993 0.129212 -0.0351724 -1.07973 -0.132465 0.984386 -0.11592 0.305824 0.0196449 0.119535 0.992636 -0.52985 0 0 0 1 
36535719080058;0.354702;1.22587;0.963198 0.025659 0.267564 -1.94521 0.0134203 0.989601 -0.143213 0.268215 -0.268456 0.141533 0.952838 0.0193422 0 0 0 1 
36535719080059;0.377989;0.669451;0.972075 0.192584 0.134095 -1.2753 -0.16647 0.968652 -0.184392 1.23015 -0.165402 0.15692 0.973662 -0.284703 0 0 0 1 
36535719080060;0.383603;0.832223;0.990933 0.108121 0.0797538 -1.40226 -0.11557 0.988688 0.0955966 1.00699 -0.0685157 -0.103947 0.99222 -0.274646 0 0 0 1 
36535719080062;0.362158;0.742986;0.997448 -0.0642841 0.0310602 -1.058 0.0554873 0.971764 0.229339 -2.45819 -0.044926 -0.22703 0.972851 -0.953587 0 0 0 1 
36535719080063;0.299523;1.03436;0.970673 -0.231415 0.0651294 -1.44787 0.201573 0.931079 0.304073 -3.48622 -0.131008 -0.282027 0.95042 -0.404736 0 0 0 1 
36535719080064;0.461382;0.824009;0.972929 -0.230148 0.0210068 -0.698113 0.2311 0.968322 -0.0945754 -2.39779 0.0014249 0.0968698 0.995296 -1.44813 0 0 0 1 
36535719080065;0.4807;0.948449;0.969431 0.0765897 0.233106 -0.588565 -0.113949 0.981903 0.151269 -2.88619 -0.217302 -0.173207 0.960614 0.97846 0 0 0 1 
36535719080066;0.231893;0.9954;0.963323 -0.245219 0.10898 -0.873709 0.197299 0.922506 0.331746 -3.62086 -0.181885 -0.298077 0.937053 0.739387 0 0 0 1 
36535719080067;0.276753;1.10832;0.995799 -0.0728156 -0.0555151 -0.435845 0.0912583 0.838786 0.536758 -4.05627 0.00748097 -0.53957 0.841908 0.486146 0 0 0 1 
36535719080068;0.41506;1.02071;0.974211 -0.191151 0.11989 -1.00439 0.156003 0.954494 0.254176 -3.21689 -0.163021 -0.228918 0.959698 -0.608235 0 0 0 1 
36535719080069;0.168667;1.23543;0.97107 -0.238576 0.0101984 -0.741116 0.226693 0.934444 0.274635 -4.64115 -0.0750512 -0.264378 0.961494 0.620976 0 0 0 1 
36535719080070;0.366766;1.0605;0.974362 -0.0328194 -0.222579 -0.244979 0.129613 0.890523 0.436084 -4.07518 0.1839 -0.453753 0.871946 -0.715975 0 0 0 1 
36535719080071;0.314881;0.986488;0.977902 -0.208523 0.0150449 -1.78979 0.203981 0.967421 0.14996 -2.8528 -0.0458248 -0.143577 0.988578 0.166666 0 0 0 1 
36535719080072;0.205179;1.05312;0.977996 -0.20275 0.0491506 -1.28282 0.179338 0.937421 0.298463 -3.01722 -0.106588 -0.283081 0.953155 0.577219 0 0 0 1 
36535719080073;0.364246;0.967478;0.911405 -0.282405 0.299312 -1.34644 0.0686746 0.821531 0.566012 -3.28134 -0.405739 -0.495311 0.768142 1.44878 0 0 0 1 
36535719080074;0.343501;0.987731;0.995027 0.0458554 0.0884212 -0.460876 -0.0769057 0.917831 0.389451 -3.23216 -0.0632972 -0.394315 0.916793 0.323416 0 0 0 1 
36535719080075;0.45993;0.981292;0.990436 0.0363549 -0.133098 0.126243 -0.0375778 0.999271 -0.00668733 -2.27796 0.132758 0.0116249 0.99108 -1.03697 0 0 0 1 
36535719080076;0.347563;1.11683;0.999478 -0.000641454 -0.0323137 -0.139202 0.0112696 0.943972 0.329834 -4.12516 0.0302917 -0.330026 0.943486 0.258495 0 0 0 1 
36535719080077;0.245685;1.07525;0.980526 -0.015729 -0.195759 -0.173396 0.0686846 0.961304 0.266791 -3.60032 0.183987 -0.275041 0.943664 -0.203496 0 0 0 1 
36535719080078;0.322722;1.19367;0.984441 -0.174476 -0.0208163 -1.50537 0.174274 0.954374 0.242485 -4.06806 -0.0224413 -0.24234 0.969932 -0.573419 0 0 0 1 
36535719080079;0.340882;1.03936;0.998369 -0.02273 0.0523628 -0.512033 0.00380107 0.941739 0.336324 -3.63156 -0.0569567 -0.335577 0.940289 -0.259065 0 0 0 1 
36535719080080;0.326117;1.125;0.986565 -0.12778 0.101791 -0.544576 0.0760488 0.910659 0.406099 -3.07173 -0.144588 -0.392902 0.908142 1.11819 0 0 0 1 
36535719080081;0.410409;1.05026;0.987161 -0.123626 0.101143 -1.33219 0.10197 0.975149 0.196687 -3.24075 -0.122945 -0.183848 0.975236 -0.606794 0 0 0 1 
36535719080082;0.216435;0.847835;0.99521 -0.0977274 0.00247118 -0.644105 0.091074 0.936049 0.339879 -2.21254 -0.0355286 -0.338026 0.940466 0.366324 0 0 0 1 
36535719080083;0.161862;1.0972;0.996008 -0.0879019 0.0155639 -0.672234 0.0824517 0.972678 0.217025 -3.62817 -0.0342155 -0.214875 0.976042 -0.172071 0 0 0 1 
36535719080084;0.439577;1.2305;0.977656 -0.190393 0.0891061 -0.755102 0.16264 0.953645 0.253199 -4.27364 -0.133183 -0.233049 0.963302 0.311098 0 0 0 1 
36535719080085;0.124875;1.15316;0.989968 -0.131186 0.0524795 -0.723194 0.112047 0.955169 0.27404 -3.8709 -0.0860769 -0.26541 0.960285 0.314569 0 0 0 1 
36535719080086;0.392366;1.13363;0.959242 -0.105384 -0.262201 0.348062 0.148292 0.977561 0.149613 -3.56251 0.24055 -0.182397 0.953345 -1.10267 0 0 0 1 
36535719080087;0.41425;1.0923;0.993386 -0.112909 0.0208643 -1.15497 0.082428 0.827769 0.554982 -3.39888 -0.0799329 -0.549591 0.831601 -0.249053 0 0 0 1 
36535719080088;0.317089;1.22779;0.99218 -0.065167 0.10645 -0.886555 0.0395162 0.973012 0.227347 -4.22404 -0.118392 -0.221363 0.967978 -0.377341 0 0 0 1 
36535719080089;0.0976208;0.936075;0.983248 -0.182229 0.00393471 -0.964297 0.173773 0.943698 0.281492 -3.00922 -0.0550093 -0.276093 0.959555 0.247724 0 0 0 1 
36535719080090;0.312576;0.787619;0.992089 -0.119359 -0.0389063 -0.333749 0.125386 0.957412 0.260079 -3.07816 0.00620655 -0.2629 0.964803 0.238739 0 0 0 1 
36535719080091;0.378116;1.06935;0.92752 -0.244692 0.282545 -0.812409 0.225133 0.969155 0.100263 -3.44675 -0.298364 -0.0293856 0.954 0.517934 0 0 0 1 
36535719080093;0.290482;0.147101;0.988359 0.0153094 -0.151367 0.368565 -0.0288241 0.995748 -0.0874975 0.285732 0.149384 0.090842 0.984597 -0.604686 0 0 0 1 
36535719080094;0.395592;0.6449;0.999443 0.0309367 -0.0125121 0.977695 -0.0311748 0.999328 -0.0193022 -0.444473 0.0119065 0.0196815 0.999735 -0.15972 0 0 0 1 
36535719080095;0.347587;0.131828;0.901702 0.23302 -0.364192 0.260218 -0.192999 0.970689 0.143228 0.436572 0.386892 -0.0588607 0.920245 -1.40389 0 0 0 1 
36535719080096;0.508705;0.144363;0.954464 -0.22569 0.195098 0.12866 0.17328 0.951751 0.253266 -0.658897 -0.242844 -0.207927 0.94752 1.61815 0 0 0 1 
36535719080097;0.390373;0.130889;0.895511 -0.350044 0.274827 0.193589 0.387114 0.91733 -0.0929979 -1.53113 -0.219554 0.18967 0.956986 0.705025 0 0 0 1 
36535719080098;0.177167;0.151899;0.965079 -0.00659062 0.261874 -0.10259 0.00357782 0.999922 0.0119799 -0.164787 -0.261933 -0.0106246 0.965028 0.670309 0 0 0 1 
36535719080099;0.46993;0.163981;0.966315 -0.241189 -0.0897992 0.433207 0.257104 0.889011 0.37889 -1.40419 -0.0115516 -0.389214 0.921075 -0.368466 0 0 0 1 
36535719080100;0.314307;0.130292;0.9994 -0.0264181 -0.022391 -0.378025 0.0296933 0.986427 0.161491 -0.588598 0.0178208 -0.162059 0.98662 -0.635657 0 0 0 1 
36535719080101;0.365934;0.142207;0.918656 0.388933 -0.0692994 0.0349231 -0.384002 0.92031 0.0746441 1.47914 0.0928085 -0.0419611 0.994799 -0.400337 0 0 0 1 
36535719080102;0.240105;0.13979;0.986831 -0.154126 0.0490913 -0.212584 0.154673 0.987937 -0.00752833 -0.677185 -0.0473388 0.0150223 0.998766 -0.382399 0 0 0 1 
36535719080103;0.352767;0.128934;0.996066 0.0635885 0.0617148 -0.0322618 -0.0670039 0.996239 0.0549452 -0.162603 -0.0579888 -0.0588642 0.99658 0.536357 0 0 0 1 
36535719080104;0.495293;0.323286;0.880961 0.0624643 -0.469048 0.113141 -0.00992793 0.993471 0.113656 -0.163232 0.473085 -0.09547 0.875829 -1.84587 0 0 0 1 
36535719080105;0.433787;0.156371;0.999634 -0.00548032 0.0264985 -0.0367901 0.00506854 0.999866 0.015582 -0.124993 -0.0265803 -0.015442 0.999527 0.720442 0 0 0 1 
36535719080106;0.129754;0.151895;0.997299 -0.0215551 0.0702193 -0.0123074 0.0131665 0.992949 0.117806 -0.161436 -0.0722635 -0.116563 0.990551 -0.0181734 0 0 0 1 
36535719080107;0.262145;0.316752;0.992373 0.10174 -0.0695988 0.0735868 -0.0998236 0.994538 0.0304875 0.0691581 0.0723204 -0.0233074 0.997109 -0.677293 0 0 0 1 
36535719080108;0.397924;0.370926;0.985114 0.170799 -0.019468 -0.300099 -0.159018 0.948424 0.274236 0.16399 0.0653032 -0.267058 0.961465 -0.511879 0 0 0 1 
36535719080109;0.398301;0.343947;0.940187 0.231317 0.250082 0.120705 -0.254032 0.965189 0.062273 0.613573 -0.226972 -0.122077 0.96622 0.694967 0 0 0 1 
36535719080110;0.208018;0.126833;0.991108 0.132256 -0.0145794 -0.0662055 -0.131427 0.99017 0.047852 0.198412 0.0207648 -0.0455104 0.998748 -0.454461 0 0 0 1 
36535719080111;0.465339;0.151737;0.944672 -0.232166 0.231717 -0.238187 0.247765 0.967984 -0.0402369 -0.512466 -0.214957 0.0954221 0.971951 1.0081 0 0 0 1 
36535719080112;0.541337;0.146166;0.901229 0.326953 -0.284409 1.14746 -0.304122 0.944741 0.122368 1.15628 0.308702 -0.0237866 0.950861 -1.38871 0 0 0 1 
36535719080113;0.28814;0.178109;0.999878 -0.00246856 -0.015433 -0.129709 0.00306944 0.999233 0.0390329 0.339628 0.0153248 -0.0390755 0.999119 -0.171306 0 0 0 1 
36535719080114;0.343577;0.147925;0.95732 -0.288576 -0.0161862 0.263066 0.28901 0.956403 0.0420228 -1.31737 0.00335374 -0.0449072 0.998986 0.214361 0 0 0 1 
36535719080115;0.500998;0.87701;0.994086 0.10009 -0.0421366 0.853853 -0.0968754 0.992656 0.0724528 -0.631958 0.049079 -0.0679423 0.996481 -0.376204 0 0 0 1 
36535719080116;0.41433;0.134645;0.956213 -0.235037 0.174398 0.390886 0.172088 0.93351 0.314554 -0.989763 -0.236734 -0.270769 0.933082 1.28786 0 0 0 1 
36535719080117;0.508343;0.138336;0.99775 -0.0416815 0.0525148 -0.0730347 0.0307743 0.980595 0.193614 -0.105264 -0.0595658 -0.191562 0.979671 1.04096 0 0 0 1 
36535719080118;0.0642213;0.129452;0.997851 0.0596826 -0.0270515 -0.112134 -0.0593855 0.998167 0.0116572 0.2557 0.0276977 -0.0100257 0.999566 -0.348277 0 0 0 1 
36535719080119;0.384568;0.12562;0.903416 0.410601 0.123475 0.109493 -0.422591 0.901381 0.0944923 1.58298 -0.0724992 -0.137545 0.987839 0.0884539 0 0 0 1 
36535719080120;0.113108;0.151019;0.99833 -0.0575235 0.00523804 -0.0575472 0.057073 0.996326 0.0638504 -0.441913 -0.00889169 -0.0634449 0.997946 -0.0118865 0 0 0 1 
36535719080121;0.423482;0.139349;0.975153 0.205684 -0.0822818 0.246066 -0.154772 0.898291 0.41124 0.0586295 0.158498 -0.388287 0.907806 -0.599253 0 0 0 1 
36535719080122;0.427092;0.147621;0.967441 -0.247353 0.0536059 0.0394244 0.238661 0.962076 0.132099 -1.64503 -0.0842481 -0.115005 0.989786 0.522895 0 0 0 1 
36535719080124;0.190705;0.144748;0.985973 0.161388 0.0425567 0.208267 -0.1635 0.985175 0.0519497 0.399388 -0.0335417 -0.058179 0.997743 0.205145 0 0 0 1 
36535719080125;0.422416;0.172961;0.883759 0.411844 -0.222158 0.519691 -0.379885 0.908657 0.17329 1.16327 0.273234 -0.0687525 0.959487 -1.01167 0 0 0 1 
36535719080126;0.446714;0.15774;0.992793 0.112337 -0.0417517 0.510639 -0.115366 0.990171 -0.0790766 -0.267997 0.0324581 0.0833234 0.995994 -0.369543 0 0 0 1 
36535719080127;0.355012;0.794565;0.997315 0.0678377 0.0275733 1.20409 -0.0651369 0.993879 -0.0892317 0.359518 -0.0334578 0.0871961 0.995629 -0.0600758 0 0 0 1 
36535719080128;0.249905;0.146048;0.999866 0.00244817 -0.0162058 0.26597 -0.00234704 0.999978 0.00625677 0.41755 0.0162208 -0.00621789 0.999849 -0.124409 0 0 0 1 
36535719080129;0.526113;0.844007;0.999062 -0.0167066 -0.0399481 1.59796 0.0151698 0.999145 -0.0384665 -0.398935 0.0405566 0.0378244 0.998461 0.16355 0 0 0 1 
36535719080130;0.433817;0.162757;0.940083 0.0804399 0.331321 0.0907185 -0.0308226 0.987842 -0.152378 -0.316337 -0.33955 0.133036 0.931132 1.03986 0 0 0 1 
36535719080131;0.251532;0.465779;0.998836 -0.0459568 -0.0146834 0.724883 0.0449035 0.996847 -0.0654265 0.230798 0.0176439 0.064691 0.997749 0.147287 0 0 0 1 
36535719080132;0.431426;0.205027;0.980557 0.0379543 -0.192527 0.228742 -0.0266093 0.997772 0.0611748 -0.478371 0.19442 -0.0548624 0.979383 -1.05245 0 0 0 1 
36535719080133;0.541591;0.163309;0.942424 0.221314 0.250712 0.336006 -0.265884 0.950577 0.160342 0.60023 -0.202835 -0.217771 0.95469 1.51347 0 0 0 1 
36535719080134;0.252306;0.218435;0.998693 -0.0504343 0.00826319 0.156692 0.0507768 0.997533 -0.0484714 -0.256611 -0.00579818 0.0488276 0.99879 -0.300492 0 0 0 1 
36535719080135;0.472023;0.637151;0.975815 -0.0191733 0.217757 0.835101 -0.00996882 0.991207 0.131947 -0.138365 -0.218372 -0.130927 0.967043 0.76652 0 0 0 1 
36535719080136;0.302061;0.161722;0.974804 0.19359 -0.110812 0.266527 -0.205956 0.971919 -0.113822 1.05016 0.0856653 0.133776 0.987302 -0.582686 0 0 0 1 
36535719080137;0.328535;0.169378;0.971754 0.218642 0.0888291 -0.0846537 -0.204268 0.967753 -0.147406 0.691972 -0.118194 0.125098 0.985079 0.0308815 0 0 0 1 
36535719080138;0.576365;0.161189;0.997357 0.0621657 0.0376124 0.864021 -0.0432065 0.923621 -0.380865 0.397444 -0.0584163 0.378233 0.923865 -0.520865 0 0 0 1 
36535719080139;0.521512;0.450646;0.994678 -0.0973658 0.033691 0.585819 0.0949072 0.993149 0.0681691 -0.693127 -0.0400975 -0.0646088 0.997105 0.231698 0 0 0 1 
36535719080140;0.470285;0.157965;0.899012 0.416812 0.13433 0.0482016 -0.412989 0.908981 -0.0565156 1.41929 -0.14566 -0.0046687 0.989324 0.0973752 0 0 0 1 
36535719080141;0.30287;0.154366;0.974616 0.119838 0.189111 -0.178382 -0.135636 0.988074 0.0728917 0.147415 -0.17812 -0.0966917 0.979247 0.591858 0 0 0 1 
36535719080142;0.480003;0.168634;0.973385 0.202006 0.108236 0.0711562 -0.22893 0.878909 0.418461 0.396301 -0.0105979 -0.432102 0.901762 0.0115629 0 0 0 1 
36535719080143;0.628053;0.181828;0.895495 0.430283 -0.113776 -0.354311 -0.441165 0.891935 -0.0991215 1.65823 0.0588303 0.138957 0.988549 -0.348196 0 0 0 1 
36535719080144;0.602003;0.192207;0.942273 0.233216 -0.240276 0.682986 -0.281206 0.940706 -0.189722 1.25588 0.181783 0.246337 0.951984 -1.5778 0 0 0 1 
36535719080145;0.170435;0.147886;0.995499 0.0946008 -0.00576075 0.15912 -0.0945363 0.995465 0.0105993 0.307085 0.00673733 -0.010007 0.999927 0.142312 0 0 0 1 
36535719080146;0.207536;0.177367;0.983378 0.179247 0.0289393 0.235245 -0.175763 0.979749 -0.0959117 0.658161 -0.0455451 0.0892311 0.994969 -0.0021635 0 0 0 1 
36535719080147;0.436345;0.16489;0.985251 0.164659 -0.046569 0.645868 -0.161041 0.984245 0.0729962 1.00643 0.0578548 -0.06442 0.996244 -0.46503 0 0 0 1 
36535719080148;0.640142;0.45497;0.993106 -0.0848821 -0.0808438 1.66306 0.0648439 0.972347 -0.224358 0.833627 0.0976522 0.217569 0.971148 -0.575018 0 0 0 1 
36535719080149;0.408897;0.189817;0.997147 -0.0539695 -0.0527758 0.489302 0.0515827 0.997628 -0.0455894 -0.448857 0.0551111 0.042737 0.997565 0.378202 0 0 0 1 
36535719080150;0.385378;0.145697;0.996485 -0.0128551 0.0827846 0.179496 -0.00257111 0.982999 0.183592 0.353175 -0.0837372 -0.18316 0.97951 -0.0465725 0 0 0 1 
36535719080151;0.147734;0.13171;0.993055 0.00808588 0.117371 0.0820482 0.00157928 0.996629 -0.0820217 0.0376068 -0.117638 0.0816375 0.989695 0.160112 0 0 0 1 
36535719080152;0.417728;0.20707;0.898875 0.40029 -0.1783 0.459077 -0.376997 0.913824 0.150992 1.11222 0.223376 -0.0685043 0.972322 -0.491198 0 0 0 1 
36535719080153;0.136308;0.203251;0.991271 -0.117991 0.0588183 0.407589 0.115456 0.992302 0.0447868 -0.297033 -0.06365 -0.037605 0.997264 0.155598 0 0 0 1 
36535719080155;0.377066;0.32278;0.996378 0.00815898 -0.0846389 0.362717 0.0172719 0.955215 0.295407 0.135001 0.0832586 -0.295799 0.951615 0.0894347 0 0 0 1 
36535719080156;0.280014;0.310894;0.99937 -0.00273041 -0.0353797 0.314103 0.0112787 0.969773 0.243748 0.48894 0.0336447 -0.243993 0.969193 -0.148547 0 0 0 1 
36535719080157;0.357849;0.258404;0.997795 -0.0600511 -0.0282765 0.842309 0.0662959 0.922491 0.380283 0.391693 0.00324841 -0.381319 0.924438 0.435541 0 0 0 1 
36535719080158;0.214487;0.19668;0.999096 -0.0287869 -0.0312731 0.693735 0.0333213 0.987229 0.155787 0.377818 0.0263891 -0.156688 0.987296 0.00370299 0 0 0 1 
36535719080159;0.313033;0.213469;0.997141 0.00408542 -0.0754559 0.336676 -0.00679043 0.999342 -0.0356272 -0.286815 0.0752608 0.0360377 0.996512 -0.781126 0 0 0 1 
36535719080160;0.477856;0.428793;0.933787 0.0883671 -0.346747 0.415807 -0.0715519 0.995568 0.0610278 0.438087 0.350604 -0.0321766 0.935971 -1.02948 0 0 0 1 
36535719080161;0.262671;0.242685;0.994288 0.105212 -0.017941 0.202627 -0.100255 0.978331 0.181155 0.0704566 0.036612 -0.178322 0.983291 0.143123 0 0 0 1 
36535719080162;0.249715;0.309683;0.990305 0.11875 -0.0720709 0.41527 -0.0853219 0.929424 0.359015 -0.0727071 0.109618 -0.349386 0.930545 -0.260235 0 0 0 1 
36535719080163;0.453936;0.399851;0.932205 0.0512899 -0.358279 1.76328 -0.0640132 0.997667 -0.0237334 0.255829 0.356226 0.045059 0.933313 -1.29727 0 0 0 1 
36535719080164;0.466141;0.36871;0.985558 -0.0308883 0.166497 0.38932 -0.0092777 0.971897 0.235223 0.478137 -0.169083 -0.233371 0.957574 1.02606 0 0 0 1 
36535719080165;0.321246;0.279784;0.966581 -0.0260613 0.255035 0.499263 -0.0856218 0.904877 0.416973 0.0906887 -0.241642 -0.424875 0.872405 0.630735 0 0 0 1 
36535719080166;0.389384;0.405093;0.963726 -0.109384 0.243448 1.27009 0.134245 0.987038 -0.0879416 -0.102762 -0.230673 0.117433 0.965919 0.169624 0 0 0 1 
36535719080167;0.40197;0.374003;0.996866 0.0708496 -0.0351851 0.50714 -0.0483571 0.897791 0.437759 0.327354 0.0626039 -0.434686 0.898404 0.112646 0 0 0 1 
36535719080168;0.210711;0.256089;0.999192 0.0236288 0.0325229 0.358338 -0.0226493 0.999288 -0.0301631 0.156953 -0.0332125 0.0294021 0.999016 -0.0585281 0 0 0 1 
36535719080169;0.371812;0.24824;0.952423 0.0472797 -0.301091 1.29204 0.0634148 0.935533 0.347501 -0.60558 0.29811 -0.350062 0.888024 -1.22732 0 0 0 1 
36535719080170;0.32738;0.252232;0.997858 0.0602004 0.0256004 0.339012 -0.0604478 0.998131 0.00900291 0.18611 -0.0250106 -0.0105311 0.999632 -1.0804 0 0 0 1 
36535719080171;0.334438;0.351558;0.99983 0.0055184 0.0175809 0.0980404 -0.00556677 0.999981 0.00270326 0.286013 -0.0175657 -0.00280067 0.999842 0.0243444 0 0 0 1 
36535719080172;0.359248;0.314715;0.988352 0.103328 -0.111728 0.685456 -0.0736812 0.967281 0.242773 0.575122 0.133158 -0.231713 0.963628 -0.0456211 0 0 0 1 
36535719080173;0.299017;0.221424;0.999177 -0.0166149 -0.0369929 0.396369 0.017584 0.999507 0.026028 -0.270364 0.0365422 -0.026657 0.998977 -1.08195 0 0 0 1 
36535719080174;0.332371;0.20381;0.993212 -0.0794931 -0.0849133 1.27916 0.0862385 0.99314 0.0789673 0.3607 0.0780534 -0.085754 0.993254 -0.759232 0 0 0 1 
36535719080175;0.258801;0.209115;0.988416 -0.0472433 -0.144228 0.572325 0.0569159 0.996345 0.06369 0.143092 0.140692 -0.0711611 0.987493 -1.1969 0 0 0 1 
36535719080176;0.244373;0.266063;0.990357 0.0439358 0.131385 0.211969 -0.0638261 0.986434 0.151241 0.165917 -0.122958 -0.158169 0.979726 0.0478291 0 0 0 1 
36535719080177;0.307368;0.322924;0.99801 -0.00207961 0.0630279 0.365475 -0.0161762 0.957573 0.287736 0.377151 -0.0609522 -0.288183 0.955633 0.686758 0 0 0 1 
36535719080178;0.333626;0.199634;0.929587 0.0552139 -0.364445 0.996918 0.0288703 0.974774 0.221319 0.0495175 0.367471 -0.216257 0.904543 -0.693994 0 0 0 1 
36535719080179;0.112272;0.235207;0.994073 0.00997532 -0.108252 0.582262 0.006196 0.988963 0.14803 0.251563 0.108534 -0.147823 0.983041 -0.712715 0 0 0 1 
36535719080180;0.447488;0.77854;0.989778 -0.0147365 -0.141854 2.25615 0.0294278 0.994346 0.102033 -0.317181 0.139549 -0.105164 0.984615 -0.579109 0 0 0 1 
36535719080181;0.181751;0.26482;0.996254 -0.00427207 0.0863749 0.5763 0.00953646 0.998115 -0.0606278 0.106134 -0.0859531 0.0612243 0.994416 -0.164367 0 0 0 1 
36535719080182;0.227052;0.259806;0.989196 -0.00641646 0.146461 0.669294 0.0186941 0.996407 -0.0826066 0.204954 -0.145405 0.0844521 0.985761 -0.242867 0 0 0 1 
36535719080183;0.271702;0.199356;0.985607 -0.0603349 -0.157919 1.17409 0.0962639 0.968206 0.230889 -0.0455764 0.138967 -0.242768 0.960079 -0.612072 0 0 0 1 
36535719080184;0.317465;0.306897;0.950194 0.11761 -0.288617 1.1085 0.0392805 0.873486 0.485262 -0.564778 0.309175 -0.47243 0.825361 -0.610136 0 0 0 1 
36535719080186;0.390645;0.337509;0.896858 -0.0551101 0.438873 -0.347936 0.184072 0.948712 -0.257028 -0.49325 -0.402199 0.311302 0.861003 1.56309 0 0 0 1 
36535719080187;0.111223;0.324369;0.998708 0.0102864 0.0497573 -0.390731 -0.0104449 0.999941 0.00292536 -0.181675 -0.0497243 -0.00344129 0.998757 -0.0430267 0 0 0 1 
36535719080188;0.65823;1.08543;0.929489 0.356209 0.0957375 -2.03907 -0.364403 0.926995 0.0888311 1.11154 -0.0571057 -0.117454 0.991435 0.629977 0 0 0 1 
36535719080189;0.357007;0.353516;0.998859 0.00236214 0.0476956 -1.15858 -0.00300609 0.999905 0.013434 0.226504 -0.0476593 -0.013562 0.998772 -0.473496 0 0 0 1 
36535719080190;0.473164;1.12609;0.922683 -0.38002 0.0651216 -1.61168 0.381963 0.923959 -0.0200845 -2.9337 -0.0525372 0.0434057 0.997675 0.104926 0 0 0 1 
36535719080191;0.28216;0.363466;0.981676 0.190061 0.0137154 -0.75229 -0.190362 0.974889 0.115557 0.635904 0.00859188 -0.11605 0.993206 -0.701172 0 0 0 1 
36535719080192;0.431029;0.376279;0.982547 -0.161291 0.0926635 -1.37405 0.168673 0.982561 -0.0782562 -0.51302 -0.0784255 0.0925202 0.992617 0.512388 0 0 0 1 
36535719080193;0.312078;0.375003;0.989191 -0.137922 0.0497934 -0.595903 0.124711 0.969918 0.20906 -1.11612 -0.0771293 -0.20059 0.976634 -0.327508 0 0 0 1 
36535719080194;0.164987;0.375936;0.985155 0.167402 0.0380176 -0.62121 -0.168105 0.985638 0.0160851 0.489011 -0.0347789 -0.0222373 0.999148 -0.0562098 0 0 0 1 
36535719080195;0.354366;0.369005;0.971203 -0.0470055 0.233573 -0.427418 0.0467083 0.998885 0.00680695 -0.645685 -0.233632 0.00429884 0.972316 0.19909 0 0 0 1 
36535719080196;0.523582;0.372656;0.986677 0.139832 0.0831596 -1.04505 -0.162183 0.885746 0.434915 0.651833 -0.0128434 -0.442608 0.896623 -0.725893 0 0 0 1 
36535719080197;0.379637;0.444169;0.986889 -0.154355 -0.047157 -0.642409 0.156325 0.986838 0.041388 -0.89635 0.0401479 -0.0482172 0.99803 -1.16306 0 0 0 1 
36535719080198;0.253973;0.381129;0.980525 -0.13352 0.144028 -0.683333 0.146904 0.985348 -0.0866472 -0.837243 -0.130348 0.106118 0.985773 0.772071 0 0 0 1 
36535719080199;0.451651;0.324651;0.988955 0.141077 0.0454374 -1.03845 -0.141193 0.989982 -0.000660461 0.716837 -0.0450753 -0.00576228 0.998967 0.646121 0 0 0 1 
36535719080200;0.601292;1.21324;0.944339 -0.248409 0.215676 -1.3656 0.266086 0.962278 -0.0567404 -2.35983 -0.193445 0.110971 0.974815 1.19302 0 0 0 1 
36535719080201;0.316883;0.385665;0.863359 0.0835189 0.49763 -0.428663 0.00746053 0.983986 -0.178089 -0.152611 -0.504535 0.157467 0.84891 2.29571 0 0 0 1 
36535719080202;0.389074;0.382591;0.971832 0.215012 0.0964973 -0.820429 -0.21821 0.975612 0.0237835 1.19984 -0.0890302 -0.0441702 0.995049 -0.3819 0 0 0 1 
36535719080203;0.247825;0.579452;0.975994 -0.199726 0.086864 -1.11316 0.197422 0.979713 0.0344469 -1.29045 -0.0919818 -0.0164711 0.995624 0.338589 0 0 0 1 
36535719080204;0.323434;0.415312;0.995515 -0.054482 0.0773414 -0.901083 0.0530269 0.998378 0.0207456 -1.12248 -0.0783462 -0.0165514 0.996789 -0.0969587 0 0 0 1 
36535719080205;0.326801;0.441785;0.946223 -0.061949 0.31753 -0.48884 0.164649 0.937089 -0.307822 -0.787011 -0.278485 0.343549 0.896895 1.02707 0 0 0 1 
36535719080206;0.360649;0.341962;0.992227 0.106698 0.0640471 -0.735651 -0.106214 0.994283 -0.0109223 1.01169 -0.0648463 0.00403464 0.997887 0.0230622 0 0 0 1 
36535719080207;0.378318;0.426116;0.998035 -0.0199941 0.0593861 -0.0581318 0.0199545 0.9998 0.00126008 -0.334031 -0.0593994 -7.2584e-05 0.998234 0.108798 0 0 0 1 
36535719080208;0.281021;0.340947;0.974058 -0.0648199 0.216819 -0.809148 0.056636 0.997436 0.0437553 -0.623339 -0.219099 -0.0303405 0.975231 1.31202 0 0 0 1 
36535719080209;0.41046;0.585345;0.956586 -0.244515 0.158608 -1.38251 0.218799 0.961987 0.163423 -1.84143 -0.192539 -0.121625 0.973723 0.793828 0 0 0 1 
36535719080210;0.243944;0.343243;0.970694 0.140694 0.194827 -0.256245 -0.150194 0.988044 0.0348029 0.307907 -0.187601 -0.0630447 0.98022 0.639805 0 0 0 1 
36535719080211;0.419439;0.482894;0.926164 0.374179 0.0470163 -0.953287 -0.374654 0.927164 0.00138525 1.08799 -0.0430735 -0.0188978 0.998893 -0.0128906 0 0 0 1 
36535719080212;0.411637;0.4578;0.94666 0.27082 0.174617 -0.348071 -0.269204 0.962506 -0.0333386 0.508381 -0.177099 -0.0154473 0.984072 0.801975 0 0 0 1 
36535719080213;0.271077;0.337349;0.977235 -0.178791 -0.114213 -0.665986 0.155968 0.970372 -0.184532 -0.996639 0.143822 0.162518 0.976168 -1.06848 0 0 0 1 
36535719080214;0.356981;0.359888;0.959257 0.147764 -0.240816 -0.662452 -0.154372 0.987974 -0.00870395 0.24038 0.236634 0.0455247 0.970532 -0.954105 0 0 0 1 
36535719080215;0.558879;0.346114;0.955793 0.217726 0.197623 -0.599576 -0.156737 0.945904 -0.284078 0.725418 -0.248783 0.240545 0.938214 1.97298 0 0 0 1 
36535719080217;0.267916;0.0435735;0.969144 -0.173223 -0.175365 0.518405 0.150411 0.979221 -0.136023 -0.24704 0.195284 0.105449 0.975061 -0.975455 0 0 0 1 
36535719080218;0.403611;0.0518913;0.996976 0.077693 0.00173127 -0.311666 -0.0777122 0.996761 0.0207184 0.703502 -0.000115989 -0.0207903 0.999784 0.40296 0 0 0 1 
36535719080219;0.612805;0.497281;0.998194 -0.0149081 0.0581915 -0.117694 0.0134775 0.999599 0.0248999 -0.00582994 -0.0585394 -0.0240706 0.997995 0.676698 0 0 0 1 
36535719080220;0.465305;0.0549575;0.972085 -0.116666 -0.20357 0.431943 0.0959656 0.989422 -0.108785 0.154214 0.214108 0.0862121 0.972998 -1.48378 0 0 0 1 
36535719080221;0.397154;0.0476608;0.977357 -0.205619 0.0499473 -0.159508 0.195193 0.967235 0.162349 -0.821243 -0.0816928 -0.148923 0.985468 -0.144115 0 0 0 1 
36535719080222;0.388852;0.0507352;0.984126 -0.102226 0.145069 -0.439039 0.137953 0.954892 -0.262966 -0.200138 -0.111644 0.278804 0.953836 0.150141 0 0 0 1 
36535719080223;0.332061;0.0402771;0.931786 -0.183796 -0.313038 0.82073 0.160016 0.982009 -0.10027 -0.608652 0.325836 0.0433392 0.944433 -0.922146 0 0 0 1 
36535719080224;0.591626;0.0620402;0.994105 0.0964306 0.0495711 -0.352494 -0.0766607 0.948422 -0.307601 1.17387 -0.0766765 0.301988 0.950223 0.399868 0 0 0 1 
36535719080225;0.418431;0.0446217;0.934747 -0.333142 0.123553 0.198286 0.328322 0.942776 0.0581128 -1.14925 -0.135842 -0.0137556 0.990635 0.719331 0 0 0 1 
36535719080226;0.434396;0.0520302;0.924218 0.337913 -0.177864 -0.0296219 -0.3444 0.938804 -0.0059942 1.37442 0.164954 0.0667963 0.984037 -0.381066 0 0 0 1 
36535719080227;0.258425;0.045109;0.980008 0.17435 0.0958507 -0.0860553 -0.178622 0.983188 0.0378957 0.440245 -0.0876321 -0.0542591 0.994674 0.528808 0 0 0 1 
36535719080228;0.348273;0.0429891;0.958074 -0.195189 0.209752 0.111137 0.20502 0.978413 -0.0259789 -0.246787 -0.200153 0.067893 0.97741 0.815859 0 0 0 1 
36535719080229;0.349476;0.0541434;0.993892 0.0612737 0.0917864 -0.209141 -0.0455998 0.985397 -0.164051 0.111008 -0.100498 0.158863 0.982172 -0.465421 0 0 0 1 
36535719080230;0.507963;0.437051;0.946519 0.0330252 0.320952 -0.0513731 -0.0147525 0.998137 -0.0591992 0.0862496 -0.322309 0.0512984 0.945243 0.533277 0 0 0 1 
36535719080231;0.499847;0.056013;0.999936 0.00608913 -0.00951759 -0.309308 -0.00588522 0.999756 0.0213073 -0.423675 0.00964501 -0.0212499 0.999728 -0.925208 0 0 0 1 
36535719080232;0.400636;0.0463099;0.974366 -0.204321 0.0941458 0.205997 0.171881 0.946119 0.274437 -0.468493 -0.145146 -0.25122 0.956985 0.999344 0 0 0 1 
36535719080233;0.232565;0.0578454;0.98557 0.0619449 -0.157524 0.0378856 -0.0447352 0.992864 0.110542 0.0207939 0.163248 -0.101901 0.981309 -0.153168 0 0 0 1 
36535719080234;0.243089;0.0441442;0.999973 0.0064274 0.00362962 0.184572 -0.00637261 0.999869 -0.0149088 0.115898 -0.00372497 0.0148853 0.999882 -0.486266 0 0 0 1 
36535719080235;0.336455;0.0374951;0.989569 -0.129016 -0.0641006 -0.196555 0.140116 0.965376 0.220038 -0.497608 0.0334926 -0.226724 0.973383 0.0246008 0 0 0 1 
36535719080236;0.526732;0.0389818;0.957508 -0.128416 0.25824 0.561547 0.0702513 0.972281 0.223012 -0.553925 -0.27972 -0.195394 0.939988 1.64911 0 0 0 1 
36535719080237;0.707625;0.492332;0.999952 -0.00906379 0.00362949 0.0702257 0.00906808 0.999958 -0.00116861 0.164335 -0.00361875 0.00120147 0.999993 0.699649 0 0 0 1 
36535719080238;0.378354;0.0510995;0.980892 0.183258 -0.0653255 0.348071 -0.166854 0.965078 0.201951 0.698447 0.100053 -0.187192 0.977215 -0.206338 0 0 0 1 
36535719080239;0.260619;0.0447218;0.99947 -0.02524 0.0205801 0.378096 0.0251061 0.999662 0.00673899 -0.132632 -0.0207432 -0.00621873 0.999765 0.318995 0 0 0 1 
36535719080240;0.347346;0.0434238;0.997483 0.00651258 0.0706129 -0.0380595 0.0204548 0.927024 -0.374444 0.358056 -0.0678984 0.374946 0.924557 -0.363737 0 0 0 1 
36535719080241;0.461675;0.0529903;0.943261 0.152116 0.29516 -0.258822 -0.0734295 0.962447 -0.261352 -0.17238 -0.323832 0.224849 0.919008 0.620652 0 0 0 1 
36535719080242;0.184835;0.0458189;0.991602 0.106899 0.0727897 -0.166547 -0.107953 0.994099 0.0106906 0.0341608 -0.0712173 -0.0184587 0.99729 0.0915888 0 0 0 1 
36535719080243;0.50255;0.516688;0.999468 -0.0273383 0.0177856 0.00353433 0.0280236 0.998827 -0.0394974 -0.0640066 -0.016685 0.0399748 0.999061 -0.266 0 0 0 1 
36535719080244;0.3548;0.0542637;0.920059 0.256431 0.296199 -0.211415 -0.273729 0.961643 0.0177299 0.62494 -0.280292 -0.0973909 0.954962 1.08015 0 0 0 1 
36535719080245;0.421326;0.0453645;0.969352 0.128608 -0.209327 0.437051 -0.149279 0.985041 -0.0860839 0.574092 0.195124 0.114694 0.974049 -1.32032 0 0 0 1 
36535719080246;0.428678;0.0512761;0.967275 0.253721 0.00231198 0.126573 -0.252419 0.963155 -0.0928312 1.09866 -0.02578 0.0892097 0.995679 -0.537848 0 0 0 1 
36535719080248;0.279109;0.0881164;0.999636 -0.0269558 -0.000719255 0.98269 0.0269608 0.999603 0.0082254 0.189566 0.000497248 -0.0082418 0.999966 -0.399852 0 0 0 1 
36535719080249;0.148582;0.162294;0.998142 -0.0600294 -0.0104745 0.15886 0.0600442 0.998195 0.00110334 -0.148335 0.0103893 -0.00173022 0.999945 -0.195436 0 0 0 1 
36535719080250;0.310686;0.147093;0.99655 -0.0124894 0.0820493 0.102137 0.0118763 0.999898 0.00795664 0.194101 -0.0821403 -0.00695475 0.996597 -0.707489 0 0 0 1 
36535719080251;0.298484;0.140811;0.999507 0.0160374 -0.0269936 -0.164548 -0.0144437 0.998198 0.0582341 0.592492 0.0278789 -0.0578155 0.997938 0.123032 0 0 0 1 
36535719080252;0.364884;0.345452;0.975373 -0.161866 -0.149825 1.56092 0.160517 0.986807 -0.0211374 -0.741824 0.15127 -0.00343258 0.988487 -0.355965 0 0 0 1 
36535719080253;0.298099;0.316215;0.982366 -0.18676 -0.00877438 1.16517 0.186036 0.981076 -0.0536754 -0.402014 0.0186328 0.0510965 0.99852 -0.535447 0 0 0 1 
36535719080254;0.413793;0.358484;0.9894 -0.144327 -0.0160678 0.442163 0.137379 0.966101 -0.218576 0.175394 0.0470695 0.214051 0.975688 -0.418297 0 0 0 1 
36535719080255;0.265645;0.138264;0.993901 -0.0833543 0.0721964 0.254581 0.0995971 0.959576 -0.26324 -0.283077 -0.0473357 0.268825 0.962025 0.231386 0 0 0 1 
36535719080256;0.228269;0.137781;0.972823 0.231474 -0.00599455 0.15745 -0.231418 0.972815 0.0087186 0.476916 0.00784972 -0.0070944 0.999944 -0.109369 0 0 0 1 
36535719080257;0.266234;0.195556;0.999815 -0.0192172 0.000431749 -0.165033 0.0191977 0.999425 0.0279526 -0.186103 -0.000968672 -0.0279391 0.999609 -0.0784843 0 0 0 1 
36535719080258;0.327944;0.0819806;0.998468 -0.0538191 -0.0128323 0.818655 0.0540962 0.998286 0.0223255 -0.689769 0.0116087 -0.0229855 0.999668 0.507263 0 0 0 1 
36535719080259;0.241821;0.128944;0.985515 0.148632 -0.0816597 0.529948 -0.147572 0.988871 0.0188976 0.151102 0.0835596 -0.00657312 0.996481 -0.670958 0 0 0 1 
36535719080260;0.113181;0.104316;0.999873 0.00472592 -0.0152496 0.201844 -0.00314121 0.994747 0.102316 0.050705 0.0156531 -0.102255 0.994635 0.150137 0 0 0 1 
