#;prob_registration_l1 -r /home/probabilistic_point_clouds_registration/build/tester /home/point_clouds_registration_benchmark//devel/registration_pairs/hauptgebaude_local.txt /home/point_clouds_registration_benchmark//eth/hauptgebaude -s 0.2 -t 0.2 -p 0.3 -r 1000 -m 20 -i 40 
id;initial_error;final_error;transformation
3394309160000;0.248226;0.0222505;0.999282 -0.00395425 0.0376688 0.516265 0.00238272 0.999128 0.0416734 -0.0536059 -0.0378008 -0.0415537 0.998421 -0.00609395 0 0 0 1 
3394309160001;0.28369;0.0134751;0.993061 0.114823 -0.0253902 -0.399242 -0.113103 0.991702 0.0611096 0.840408 0.0321963 -0.0578139 0.997808 -0.623234 0 0 0 1 
3394309160002;0.278932;0.0189405;0.976818 -0.00789251 0.213928 -0.127864 0.00551864 0.999916 0.0116915 -0.095219 -0.214003 -0.0102399 0.976779 0.762022 0 0 0 1 
3394309160003;0.0682056;0.0179589;0.995295 -0.0923314 0.0293686 0.0214182 0.0927341 0.99561 -0.012656 -0.605268 -0.0280711 0.0153199 0.999489 0.225011 0 0 0 1 
3394309160004;0.286924;0.0152687;0.999072 0.0389706 -0.0183597 0.551629 -0.0387759 0.999189 0.0108434 0.729017 0.0187673 -0.0101214 0.999773 -0.277992 0 0 0 1 
3394309160005;0.492031;0.0443779;0.907063 0.383463 0.173763 -0.331158 -0.408386 0.90171 0.141916 2.57268 -0.102265 -0.199689 0.974508 0.326692 0 0 0 1 
3394309160006;0.393899;0.01876;0.987967 0.0237176 0.152835 -0.250327 -0.0250876 0.99966 0.00704129 0.539669 -0.152616 -0.0107908 0.988227 1.92825 0 0 0 1 
3394309160007;0.411602;0.0183898;0.884514 -0.337455 0.322116 0.379801 0.343583 0.938291 0.039511 -2.08585 -0.315572 0.0757256 0.945875 1.4505 0 0 0 1 
3394309160008;0.42721;0.0227654;0.954251 -0.296617 -0.0377363 0.495095 0.297337 0.954654 0.015058 -1.90137 0.0315587 -0.0255896 0.999174 0.720672 0 0 0 1 
3394309160009;0.395375;0.0223324;0.977863 -0.202251 -0.0536559 0.447735 0.19711 0.976406 -0.0881993 -1.48828 0.0702283 0.0756707 0.994657 0.446953 0 0 0 1 
3394309160010;0.216746;0.0193669;0.992051 -0.00599143 -0.125694 -0.111582 -0.0155849 0.985326 -0.169972 0.472994 0.124868 0.17058 0.9774 -0.538003 0 0 0 1 
3394309160011;0.228138;0.798411;0.949208 -0.221186 -0.22379 2.55221 0.244146 0.9664 0.0803926 -1.7442 0.198489 -0.130946 0.971316 -1.08597 0 0 0 1 
3394309160012;0.324315;0.836299;0.9441 -0.327501 -0.0376553 1.92947 0.329271 0.931275 0.15591 -2.33707 -0.0159933 -0.159594 0.987053 -0.157656 0 0 0 1 
3394309160013;0.268523;0.0215969;0.997781 0.059621 -0.0296518 0.603297 -0.0597047 0.998214 -0.00194429 0.0866513 0.0294829 0.00371033 0.999558 -0.408639 0 0 0 1 
3394309160014;0.217364;0.0131766;0.999786 0.0174452 0.0111092 -0.00507032 -0.0193712 0.978049 0.207474 -0.325527 -0.00724598 -0.207644 0.978178 0.309202 0 0 0 1 
3394309160015;0.198549;0.0218561;0.971888 0.107273 0.209586 -0.274207 -0.102523 0.994169 -0.0334309 0.714178 -0.21195 0.0110038 0.977219 1.49668 0 0 0 1 
3394309160016;0.362241;0.0227449;0.887812 -0.221696 0.403288 0.508332 0.218309 0.974328 0.0550146 -1.67576 -0.405131 0.039199 0.913418 3.21343 0 0 0 1 
3394309160017;0.403444;0.0169553;0.924421 -0.273106 0.266194 -0.493717 0.265573 0.961922 0.0646353 -1.26989 -0.27371 0.0109436 0.96175 1.83062 0 0 0 1 
3394309160018;0.415951;0.0245572;0.958992 0.267156 0.0946648 -0.658367 -0.271843 0.961492 0.0404188 1.93468 -0.0802213 -0.0644952 0.994688 0.428845 0 0 0 1 
3394309160019;0.389264;0.0211351;0.967357 0.253194 -0.010653 0.0447812 -0.253159 0.967414 0.00461787 1.3024 0.0114751 -0.00177022 0.999933 -0.81774 0 0 0 1 
3394309160020;0.355901;0.0175514;0.944009 -0.159677 -0.288703 0.845944 0.0656924 0.948526 -0.309811 0.000369879 0.323312 0.273499 0.905907 -1.64603 0 0 0 1 
3394309160021;0.307009;0.0177693;0.991268 -0.12084 -0.0527762 0.64295 0.129762 0.965091 0.227511 -1.14229 0.0234413 -0.232373 0.972344 -0.267124 0 0 0 1 
3394309160022;0.159878;0.0173405;0.97926 -0.0357204 0.199435 -0.26858 0.0511381 0.996042 -0.072698 -0.257558 -0.196048 0.081389 0.977211 1.29752 0 0 0 1 
3394309160023;0.179015;0.0156028;0.995293 -0.0435886 0.0865611 -0.160564 0.0454204 0.998781 -0.0193063 -0.334809 -0.0856141 0.0231471 0.996059 0.166819 0 0 0 1 
3394309160024;0.448507;0.844703;0.901128 -0.431501 0.0421339 2.61124 0.429921 0.901902 0.0417224 -2.74467 -0.0560039 -0.019483 0.99824 1.15134 0 0 0 1 
3394309160025;0.259237;0.0170219;0.986998 0.16069 -0.00375185 -0.101017 -0.160363 0.986039 0.0448334 1.03865 0.0109037 -0.0436488 0.998987 -0.577651 0 0 0 1 
3394309160026;0.300277;0.0179956;0.994552 0.080937 0.0656875 0.337654 -0.0771825 0.995339 -0.0578151 -0.0743188 -0.0700607 0.0524302 0.996164 0.793755 0 0 0 1 
3394309160027;0.421694;0.738402;0.956342 -0.226041 -0.185242 2.34702 0.263229 0.941608 0.209964 -2.62224 0.126965 -0.249558 0.96 -0.277811 0 0 0 1 
3394309160028;0.443835;0.0191876;0.92463 0.107616 0.365346 -0.0960187 0.00473526 0.955929 -0.293561 0.796486 -0.380837 0.273165 0.883371 2.34941 0 0 0 1 
3394309160029;0.512116;0.0150356;0.998907 -0.0228457 0.0407673 0.27042 0.0357276 0.935662 -0.351083 0.483957 -0.0301237 0.352156 0.935456 -0.626001 0 0 0 1 
3394309160031;0.426851;0.40247;0.967506 -0.19443 -0.161647 1.15212 0.213925 0.970247 0.113389 -0.700437 0.134791 -0.144285 0.980313 -0.805115 0 0 0 1 
3394309160032;0.353703;0.0368688;0.916633 -0.381677 -0.11877 0.0235437 0.38456 0.923099 0.00147813 -0.0494004 0.109072 -0.0470289 0.992921 -0.154906 0 0 0 1 
3394309160033;0.139215;0.0227509;0.993978 -0.0292897 -0.105594 0.0538556 0.024441 0.998599 -0.0469235 -0.202446 0.106821 0.0440601 0.993302 0.139474 0 0 0 1 
3394309160034;0.389775;0.0209361;0.928714 0.369532 -0.0306073 -0.283772 -0.367238 0.928069 0.0618414 0.360289 0.051258 -0.0461928 0.997617 -0.531713 0 0 0 1 
3394309160035;0.19696;0.0254029;0.977426 0.170597 -0.124636 0.0369018 -0.184628 0.976482 -0.111331 0.438165 0.102713 0.131829 0.985937 -0.0680597 0 0 0 1 
3394309160036;0.370886;0.0192966;0.93712 -0.346515 -0.0416411 -0.278799 0.346958 0.91205 0.218596 -0.465757 -0.037768 -0.219298 0.974927 0.370381 0 0 0 1 
3394309160037;0.384635;0.0179253;0.912257 -0.251219 0.323537 -0.256568 0.186998 0.958156 0.216721 -0.790824 -0.364443 -0.137204 0.921062 0.0917754 0 0 0 1 
3394309160038;0.368064;0.0211171;0.949193 0.314327 -0.0152264 -0.632451 -0.314369 0.944895 -0.091356 0.64004 -0.0143283 0.0915012 0.995702 -0.00863734 0 0 0 1 
3394309160039;0.0746977;0.0176586;0.999547 0.00399222 0.0298241 -0.137029 -0.00422309 0.999962 0.00768229 -0.0358633 -0.0297923 -0.00780476 0.999526 -0.102652 0 0 0 1 
3394309160040;0.279481;0.0219342;0.928381 -0.330258 0.170408 0.106086 0.311627 0.94165 0.127214 -0.568044 -0.202478 -0.0649987 0.977127 0.406137 0 0 0 1 
3394309160041;0.389623;0.0226452;0.893842 -0.448088 -0.016232 0.603717 0.447927 0.89072 0.0773218 -0.650114 -0.0201887 -0.0763842 0.996874 -0.0306224 0 0 0 1 
3394309160042;0.283783;0.0210507;0.985887 -0.167302 0.0061099 -0.448929 0.167301 0.985906 0.000650124 -0.10157 -0.00613255 0.000381243 0.999981 -0.339091 0 0 0 1 
3394309160043;0.314339;0.0175238;0.998433 0.0558984 0.00258536 0.191063 -0.055362 0.980015 0.191063 -0.0769777 0.00814643 -0.190907 0.981574 0.668651 0 0 0 1 
3394309160044;0.531805;0.0195701;0.891963 0.430419 -0.138349 -0.516069 -0.414929 0.900866 0.12757 0.701556 0.179542 -0.0563823 0.982133 0.488015 0 0 0 1 
3394309160045;0.395186;0.451961;0.988137 0.080193 0.130974 -0.306072 -0.0726586 0.995469 -0.061333 -0.294219 -0.135299 0.051089 0.989487 0.245052 0 0 0 1 
3394309160046;0.217132;0.0199509;0.990041 -0.140777 0.000847692 0.183182 0.140756 0.989971 0.0120482 -0.608864 -0.00253529 -0.0118088 0.999927 0.156448 0 0 0 1 
3394309160047;0.371665;0.0176402;0.975231 -0.154689 0.1581 -0.0739663 0.170182 0.981331 -0.0895956 0.0803495 -0.141288 0.114282 0.98335 -0.577222 0 0 0 1 
3394309160048;0.441321;0.0460086;0.897366 0.348433 0.270792 -0.467289 -0.290161 0.928227 -0.232814 0.729683 -0.332477 0.130346 0.934061 0.842205 0 0 0 1 
3394309160049;0.529697;0.0171541;0.96666 -0.25299 -0.0395469 -0.00818284 0.247622 0.884259 0.39594 -1.46353 -0.0651991 -0.392532 0.917424 0.248179 0 0 0 1 
3394309160050;0.242722;0.0169497;0.983927 -0.123472 0.129008 -0.0118471 0.124104 0.992264 0.00315334 -0.206091 -0.1284 0.0129078 0.991639 0.694983 0 0 0 1 
3394309160051;0.288745;0.0264261;0.976643 -0.0195719 0.213975 -0.24241 -0.00331196 0.994353 0.106069 -0.08933 -0.214842 -0.1043 0.971064 0.890489 0 0 0 1 
3394309160052;0.346607;0.0309373;0.995994 0.0877585 0.0171344 0.0312985 -0.0879586 0.99606 0.0112925 -0.0038136 -0.0160759 -0.0127544 0.999789 -0.775134 0 0 0 1 
3394309160053;0.177457;0.0185652;0.99301 -0.00673951 0.117842 -0.338147 0.00672285 0.999977 0.000538863 -0.213082 -0.117843 0.000257138 0.993032 0.402303 0 0 0 1 
3394309160054;0.393365;0.014919;0.997679 -0.0369202 -0.0572206 0.649776 0.0465292 0.983123 0.176931 -0.693298 0.0497225 -0.179183 0.982558 0.439212 0 0 0 1 
3394309160055;0.395101;0.0222008;0.998306 -0.0561684 0.015166 0.709943 0.0571711 0.995412 -0.0767238 0.173558 -0.010787 0.0774609 0.996937 -0.526632 0 0 0 1 
3394309160056;0.394726;0.0149344;0.985043 0.171755 0.0138098 -0.608658 -0.171835 0.973235 0.1526 0.431123 0.0127696 -0.152691 0.988192 -0.483585 0 0 0 1 
3394309160057;0.649395;0.024975;0.929136 0.363294 0.0687365 -1.0038 -0.328846 0.896951 -0.295531 1.36287 -0.169018 0.251984 0.952857 0.538379 0 0 0 1 
3394309160058;0.444142;0.0220111;0.974225 0.225327 0.0106721 -0.363372 -0.224513 0.973128 -0.051149 0.644353 -0.0219105 0.0474346 0.998634 0.874228 0 0 0 1 
3394309160059;0.406193;0.4024;0.982006 -0.000651999 0.18885 0.421498 0.00678991 0.999469 -0.0318563 -0.607544 -0.188729 0.0325654 0.981489 0.752898 0 0 0 1 
3394309160060;0.43448;0.0481214;0.909205 0.415462 -0.0271779 0.00673123 -0.414206 0.895976 -0.160187 0.769926 -0.0422009 0.1569 0.986712 -0.463136 0 0 0 1 
3394309160062;0.235158;0.0154549;0.951993 -0.260991 0.159979 0.479279 0.275874 0.957955 -0.0788417 -6.06127 -0.132676 0.119191 0.983967 2.96861 0 0 0 1 
3394309160063;0.42419;0.0432207;0.977259 0.211761 -0.0110239 0.714893 -0.211433 0.977064 0.025319 4.36739 0.0161326 -0.0224124 0.999619 0.655321 0 0 0 1 
3394309160064;0.439802;1.05671;0.895027 0.40175 0.193709 -0.775057 -0.407139 0.913275 -0.0129478 8.9897 -0.182111 -0.0672778 0.980974 3.73254 0 0 0 1 
3394309160065;0.350677;0.0505196;0.98794 0.0796017 0.132809 0.189888 -0.082566 0.996441 0.0169557 1.25424 -0.130987 -0.0277167 0.990997 2.19995 0 0 0 1 
3394309160066;0.242534;0.0268594;0.999374 0.00929424 -0.0341276 -0.187945 -0.0162586 0.977593 -0.209873 0.164175 0.0314123 0.210296 0.977133 -0.139484 0 0 0 1 
3394309160067;0.392633;0.261;0.98813 0.109207 0.108043 -0.426064 -0.102705 0.992649 -0.0640351 2.3948 -0.114242 0.0521785 0.992082 2.00402 0 0 0 1 
3394309160068;0.328762;0.0319719;0.989663 0.142203 0.0185966 0.189387 -0.143404 0.982779 0.116538 3.63805 -0.00170425 -0.118 0.993012 -0.425106 0 0 0 1 
3394309160069;0.0998438;0.0382198;0.99986 0.0148409 -0.00772632 0.19443 -0.0148099 0.999882 0.00406174 0.360675 0.00778569 -0.00394675 0.999962 -0.222939 0 0 0 1 
3394309160070;0.429464;0.035591;0.91653 0.288811 0.276698 1.41564 -0.349767 0.914304 0.204232 7.53495 -0.194001 -0.283965 0.939003 4.31008 0 0 0 1 
3394309160071;0.0989399;0.0410824;0.998682 0.050024 -0.0114628 0.00982342 -0.0499045 0.998699 0.0104815 1.09086 0.0119722 -0.00989568 0.999879 -0.432882 0 0 0 1 
3394309160072;0.334886;0.0226413;0.937028 -0.348671 -0.0201925 1.13984 0.344964 0.91493 0.20953 -7.94385 -0.0545823 -0.203301 0.977594 0.786067 0 0 0 1 
3394309160073;0.372916;0.0190019;0.989364 -0.145376 0.00501982 0.857421 0.145343 0.989361 0.00631006 -3.24661 -0.00588374 -0.00551335 0.999967 0.507156 0 0 0 1 
3394309160074;0.236373;0.0190652;0.983467 -0.177347 -0.036611 0.337107 0.179558 0.981242 0.0701595 -4.04655 0.0234817 -0.0755734 0.996864 -0.993094 0 0 0 1 
3394309160075;0.259352;0.0235191;0.979561 0.0755468 -0.186421 0.71441 -0.121818 0.960308 -0.250938 2.93173 0.160064 0.268518 0.949883 -3.21967 0 0 0 1 
3394309160076;0.21267;0.0395956;0.975476 0.166211 0.144294 0.379667 -0.153184 0.983406 -0.0972018 3.65516 -0.158056 0.0727144 0.984749 3.68191 0 0 0 1 
3394309160077;0.259302;0.0375309;0.990251 0.132908 -0.0416839 0.190897 -0.137749 0.978815 -0.151479 3.12425 0.0206681 0.155744 0.987581 0.329234 0 0 0 1 
3394309160078;0.466153;0.0221971;0.883088 -0.422642 0.203788 1.73158 0.443253 0.893897 -0.0668967 -9.36579 -0.153892 0.149405 0.976727 4.27283 0 0 0 1 
3394309160079;0.423773;0.0162431;0.966681 -0.159696 0.200062 -0.316529 0.183766 0.977012 -0.108061 -3.8451 -0.178206 0.141225 0.973806 3.38667 0 0 0 1 
3394309160080;0.255153;0.0361617;0.992376 0.00428002 0.123171 0.0590578 0.0135224 0.989582 -0.143336 -0.0755098 -0.122501 0.143908 0.98198 2.38265 0 0 0 1 
3394309160081;0.296072;0.0176105;0.997231 -0.0665496 0.0331934 0.326059 0.0665788 0.997781 0.000226209 -0.810554 -0.0331348 0.00198439 0.999449 0.643044 0 0 0 1 
3394309160082;0.355531;0.0225877;0.907954 -0.41163 -0.0786159 1.84393 0.406851 0.9108 -0.0701061 -8.82173 0.100461 0.0316682 0.994437 -2.16465 0 0 0 1 
3394309160083;0.180325;0.0142185;0.997444 -0.0708662 -0.00909225 -0.0247038 0.071282 0.978402 0.19403 -1.92538 -0.00485429 -0.194182 0.980953 0.0299245 0 0 0 1 
3394309160084;0.188147;0.0227769;0.998183 -0.0231692 -0.0556167 -0.067434 0.0223574 0.999635 -0.0151742 -0.28615 0.0559479 0.0139032 0.998337 -1.54575 0 0 0 1 
3394309160085;0.149775;0.0338228;0.99718 0.00940121 0.0744587 -0.149344 -0.0218684 0.985469 0.168444 0.175989 -0.0717931 -0.169597 0.982895 1.41314 0 0 0 1 
3394309160086;0.360181;0.0194771;0.976982 0.0303296 -0.211154 1.2842 -0.0466953 0.996241 -0.0729557 1.19322 0.208148 0.0811363 0.974726 -3.63606 0 0 0 1 
3394309160087;0.069233;0.0138136;0.9966 -0.0802298 -0.0187629 0.036603 0.0805179 0.996638 0.0151395 -1.76071 0.0174852 -0.0165987 0.999709 -0.370867 0 0 0 1 
3394309160088;0.334175;0.0180028;0.956859 -0.246666 0.15355 -0.234722 0.223043 0.962263 0.155889 -5.03991 -0.186208 -0.114915 0.975767 3.67612 0 0 0 1 
3394309160089;0.384231;0.0170591;0.967715 -0.215994 0.129901 0.11796 0.20377 0.97378 0.101143 -4.88755 -0.148341 -0.0714079 0.986355 2.39052 0 0 0 1 
3394309160090;0.357505;0.0165442;0.946807 -0.299808 0.116927 0.762774 0.315858 0.935316 -0.159429 -6.30148 -0.0615659 0.187881 0.98026 1.92113 0 0 0 1 
3394309160091;0.460987;0.0385674;0.973022 0.223617 0.0567764 0.311557 -0.226109 0.973195 0.0420353 3.97796 -0.0458547 -0.0537389 0.997502 0.553315 0 0 0 1 
3394309160093;0.186714;0.0470858;0.98119 -0.0788432 -0.176208 0.466294 0.0840921 0.996204 0.0225105 -1.4532 0.173764 -0.0369047 0.984096 -3.41175 0 0 0 1 
3394309160094;0.310812;0.0561523;0.985363 -0.133938 0.105453 0.331623 0.134243 0.990939 0.0042263 -1.77279 -0.105064 0.00999194 0.994415 1.99877 0 0 0 1 
3394309160095;0.222858;0.0539941;0.998415 -0.0393514 -0.0402262 0.197099 0.0387544 0.999128 -0.0155162 -0.76511 0.0408018 0.0139326 0.99907 -0.178307 0 0 0 1 
3394309160096;0.38163;0.0542121;0.995619 -0.0777677 -0.0519042 0.216832 0.0830222 0.990653 0.108232 -1.76551 0.0430021 -0.112067 0.99277 0.0123061 0 0 0 1 
3394309160097;0.257713;0.0536697;0.999818 0.00376689 -0.0186771 -0.139532 -0.00355764 0.999931 0.011224 0.1007 0.0187181 -0.0111555 0.999763 0.367106 0 0 0 1 
3394309160098;0.436886;0.903069;0.888085 0.446324 0.109996 -0.298441 -0.412753 0.879587 -0.236562 7.99756 -0.202334 0.164686 0.96537 3.80877 0 0 0 1 
3394309160099;0.352112;0.073143;0.991294 0.0947931 0.0913817 0.522311 -0.0769169 0.980208 -0.182418 1.96099 -0.106865 0.173801 0.978965 1.76219 0 0 0 1 
3394309160100;0.383134;0.0503818;0.996321 -0.0203144 -0.0832556 0.27841 0.0258512 0.997486 0.0659749 -0.390897 0.0817061 -0.0678844 0.994342 -0.549566 0 0 0 1 
3394309160101;0.349174;0.0604774;0.999844 0.00218569 0.0175228 -0.0343497 0.00165595 0.976332 -0.216269 0.691458 -0.0175808 0.216264 0.976177 1.36613 0 0 0 1 
3394309160102;0.328612;0.0512739;0.989725 0.0949077 -0.106939 0.266618 -0.0816419 0.989136 0.122252 1.44506 0.11738 -0.112265 0.986721 -1.40447 0 0 0 1 
3394309160103;0.353684;0.058512;0.997705 -0.0100855 0.0669621 -0.919468 0.00644388 0.9985 0.0543776 -0.252893 -0.06741 -0.0538213 0.996273 1.71455 0 0 0 1 
3394309160104;0.220681;0.05104;0.979387 -0.144641 0.140994 -0.376118 0.139265 0.989123 0.0473355 -2.15195 -0.146307 -0.0267243 0.988878 2.57948 0 0 0 1 
3394309160105;0.408456;0.7619;0.928031 0.361414 0.0902163 -0.515064 -0.36819 0.926727 0.074922 6.90876 -0.056528 -0.102747 0.9931 1.48422 0 0 0 1 
3394309160106;0.441483;0.0503807;0.894578 -0.423084 0.143981 1.4571 0.374868 0.885763 0.273674 -7.25945 -0.24332 -0.190849 0.950985 4.66722 0 0 0 1 
3394309160107;0.532391;0.0483368;0.915199 -0.373344 -0.151742 2.03894 0.358106 0.926101 -0.11873 -6.32425 0.184855 0.0543215 0.981263 -3.76951 0 0 0 1 
3394309160108;0.223867;0.0583128;0.999982 0.00607239 -0.00023514 -0.215756 -0.00606997 0.999939 0.00922148 0.0660654 0.000291122 -0.00921988 0.999957 0.61008 0 0 0 1 
3394309160109;0.0784344;0.0498242;0.994378 -0.105759 -0.00526475 -0.108721 0.105851 0.99413 0.0223803 -1.91355 0.00286693 -0.0228118 0.999736 -0.0495211 0 0 0 1 
3394309160110;0.305364;0.0595936;0.984748 -0.164836 0.0556841 -0.37063 0.172351 0.967973 -0.182549 -2.92815 -0.02381 0.189361 0.981619 1.37138 0 0 0 1 
3394309160111;0.289575;0.922312;0.946797 0.249128 0.20374 -0.956299 -0.23222 0.967146 -0.103455 4.37836 -0.22282 0.0506382 0.973544 4.3732 0 0 0 1 
3394309160112;0.386373;0.0482723;0.966976 -0.250874 0.0449448 0.126519 0.250441 0.968014 0.015098 -4.62843 -0.0472949 -0.00334341 0.998875 1.73112 0 0 0 1 
3394309160113;0.347639;0.0552271;0.999368 0.0355546 0.000204226 -0.219879 -0.0355548 0.999367 0.00139574 0.954659 -0.000154472 -0.00140212 0.999999 0.901076 0 0 0 1 
3394309160114;0.578959;0.740526;0.888817 0.37675 0.260888 -0.885173 -0.372831 0.925523 -0.0663604 6.50702 -0.26646 -0.038285 0.963085 4.73004 0 0 0 1 
3394309160115;0.373208;0.0584427;0.996161 -0.0112234 0.0868212 -0.411388 0.0187528 0.996084 -0.0863997 -0.172192 -0.0855115 0.0876961 0.99247 0.79191 0 0 0 1 
3394309160116;0.177223;0.0574932;0.999599 -0.0280567 -0.00394854 0.185345 0.0280292 0.999584 -0.00686586 -0.135872 0.00413953 0.00675243 0.999969 -0.116805 0 0 0 1 
3394309160117;0.448363;0.0491774;0.97801 -0.204002 -0.0433521 0.233133 0.184171 0.942327 -0.279464 -2.59939 0.097863 0.265334 0.959177 -2.14448 0 0 0 1 
3394309160118;0.307421;0.0682052;0.954841 0.189234 0.22906 0.482641 -0.134817 0.962955 -0.233542 2.94856 -0.264768 0.192114 0.944981 4.957 0 0 0 1 
3394309160119;0.336676;0.0537331;0.931323 -0.357892 -0.0674593 0.944919 0.358946 0.933351 0.00378797 -6.36664 0.0616075 -0.027742 0.997715 -0.678844 0 0 0 1 
3394309160120;0.390228;0.0513936;0.878907 -0.445771 0.169738 1.38411 0.460213 0.886037 -0.0560581 -8.11594 -0.125405 0.127386 0.983893 2.83587 0 0 0 1 
3394309160121;0.364275;0.0659357;0.933167 -0.10906 0.342499 0.225476 0.180384 0.966274 -0.183785 -2.5416 -0.310904 0.233283 0.921367 6.02228 0 0 0 1 
3394309160122;0.150012;0.0657639;0.982699 0.181161 -0.038519 0.59863 -0.18209 0.983033 -0.0221398 3.26131 0.0338546 0.0287706 0.999013 -0.520157 0 0 0 1 
3394309160124;0.265891;0.0349895;0.970323 -0.230071 0.0744351 -0.0977791 0.231843 0.972622 -0.0159894 -5.77094 -0.0687185 0.0327721 0.997098 1.50305 0 0 0 1 
3394309160125;0.0924407;0.0488321;0.991002 0.0231911 0.131824 -0.00176485 -0.0319809 0.997375 0.0649578 0.690267 -0.129971 -0.0685892 0.989143 2.91579 0 0 0 1 
3394309160126;0.454214;0.0593216;0.920005 0.29527 -0.257693 3.08293 -0.296437 0.954402 0.035248 7.45219 0.25635 0.0439613 0.965584 -5.75329 0 0 0 1 
3394309160127;0.391085;0.0604697;0.917297 0.39466 -0.0529996 2.10826 -0.380755 0.908268 0.17342 8.88816 0.11658 -0.138898 0.983421 -3.06609 0 0 0 1 
3394309160128;0.398984;0.0608399;0.939802 0.339864 0.0355703 1.23067 -0.330778 0.930898 -0.154967 8.19186 -0.0857801 0.133873 0.987279 2.10293 0 0 0 1 
3394309160129;0.0588853;0.0411799;0.999983 -0.00516041 0.00258565 -0.157303 0.00514061 0.999958 0.00760627 -0.204447 -0.00262479 -0.00759285 0.999968 0.213367 0 0 0 1 
3394309160130;0.354684;0.437071;0.985923 -0.126494 0.109344 0.241992 0.125724 0.991967 0.0139375 -3.82032 -0.110228 5.81866e-06 0.993906 2.71494 0 0 0 1 
3394309160131;0.385569;0.067498;0.885514 0.460142 0.0642982 2.94447 -0.460353 0.88765 -0.0123796 10.761 -0.0627706 -0.0186375 0.997854 1.50682 0 0 0 1 
3394309160132;0.356548;0.0375055;0.905926 -0.419922 0.0544311 1.7045 0.423421 0.897345 -0.124442 -9.89783 0.00341269 0.135783 0.990733 0.116151 0 0 0 1 
3394309160133;0.361702;0.0279396;0.948838 -0.186822 -0.254568 1.525 0.254716 0.929314 0.267385 -6.20036 0.18662 -0.318548 0.929355 -4.67933 0 0 0 1 
3394309160134;0.414145;0.0393738;0.976613 -0.213271 0.0272471 0.996408 0.21466 0.974358 -0.067441 -4.68339 -0.0121652 0.0717126 0.997351 0.395713 0 0 0 1 
3394309160135;0.292331;0.0378686;0.999322 0.0059087 -0.0363351 0.0355609 -0.00237043 0.995315 0.096661 -0.39729 0.036736 -0.0965094 0.994654 -1.55383 0 0 0 1 
3394309160136;0.443471;0.0562441;0.970592 0.240485 -0.0108546 0.856097 -0.240284 0.970553 0.017066 5.88913 0.0146391 -0.0139559 0.999795 -1.18693 0 0 0 1 
3394309160137;0.250953;0.0326533;0.981415 -0.183723 -0.0554151 0.324253 0.188788 0.976157 0.107128 -4.55608 0.034412 -0.115599 0.9927 -1.32935 0 0 0 1 
3394309160138;0.370395;0.0416231;0.926888 -0.267846 -0.262939 1.76988 0.246239 0.962647 -0.112592 -5.3299 0.283275 0.0396138 0.95822 -6.05664 0 0 0 1 
3394309160139;0.0858104;0.0487117;0.997596 0.068993 -0.00646389 0.0571161 -0.0682708 0.994544 0.0788797 1.43168 0.0118708 -0.0782487 0.996863 -0.401311 0 0 0 1 
3394309160140;0.322515;0.0366075;0.90434 -0.0519875 -0.423635 2.89445 0.056152 0.998419 -0.00265504 -1.35858 0.423103 -0.0213869 0.905829 -9.96176 0 0 0 1 
3394309160141;0.361297;0.0557126;0.941362 0.33725 0.00999637 1.20671 -0.337391 0.94112 0.0214698 8.03978 -0.00216711 -0.0235835 0.99972 -0.0404085 0 0 0 1 
3394309160142;0.193657;0.0545842;0.966348 0.0187993 0.256549 0.197571 -0.0297992 0.998793 0.0390563 0.646234 -0.255505 -0.0453869 0.965742 6.08031 0 0 0 1 
3394309160143;0.448915;0.0542794;0.972825 0.231276 -0.0110622 0.00236447 -0.230803 0.972428 0.0333721 5.042 0.0184753 -0.029912 0.999382 -0.781345 0 0 0 1 
3394309160144;0.382267;0.0305465;0.926584 -0.341324 -0.157924 0.985481 0.328128 0.938889 -0.104017 -8.114 0.183777 0.0445615 0.981957 -4.42993 0 0 0 1 
3394309160145;0.390824;0.0391215;0.910115 0.122836 -0.39573 2.80253 -0.211297 0.959125 -0.188234 5.24491 0.356432 0.254931 0.898869 -8.24574 0 0 0 1 
3394309160146;0.519843;0.059944;0.987219 0.0488424 0.151698 0.0779192 -0.0841653 0.968093 0.236032 1.72333 -0.135329 -0.245784 0.959831 4.06534 0 0 0 1 
3394309160147;0.314525;0.0345685;0.954029 -0.191411 -0.230632 0.658574 0.232955 0.957729 0.16878 -5.50893 0.188577 -0.214748 0.958291 -4.29206 0 0 0 1 
3394309160148;0.159477;0.0504969;0.996125 0.00486842 0.0878182 0.11032 -0.0139499 0.994573 0.103098 0.00106649 -0.0868397 -0.103923 0.990787 1.88129 0 0 0 1 
3394309160149;0.32406;0.414496;0.997617 -0.0674411 0.0145416 0.234199 0.067049 0.997412 0.0259502 -0.723558 -0.016254 -0.0249134 0.999557 0.482573 0 0 0 1 
3394309160150;0.0510986;0.0560452;0.998607 0.0493832 0.018608 -0.0843287 -0.0495385 0.99874 0.00797903 1.16033 -0.0181906 -0.00888973 0.999795 0.479094 0 0 0 1 
3394309160151;0.610087;0.038976;0.926853 -0.343777 -0.150868 2.53571 0.331078 0.937936 -0.103266 -7.39872 0.177005 0.0457636 0.983145 -3.81567 0 0 0 1 
3394309160152;0.362678;0.059892;0.924848 0.284202 -0.252753 2.54538 -0.30902 0.948917 -0.0637476 7.38993 0.221725 0.137063 0.965428 -5.2891 0 0 0 1 
3394309160153;0.287468;0.0464868;0.957479 0.281043 -0.0651757 1.21506 -0.260132 0.938698 0.226223 5.69442 0.124759 -0.19965 0.971893 -2.9302 0 0 0 1 
3394309160155;0.447786;0.0632117;0.967279 -0.24276 -0.0737518 0.438626 0.250921 0.87229 0.419701 -3.16065 -0.0375535 -0.424474 0.904661 0.229291 0 0 0 1 
3394309160156;0.233355;0.0513829;0.927428 0.0703838 -0.367319 1.13115 -0.0604378 0.997428 0.0385253 0.524346 0.369086 -0.0135295 0.929297 -3.19057 0 0 0 1 
3394309160157;0.264959;0.154124;0.97699 0.03538 0.210332 -0.394453 -0.0824149 0.972173 0.219287 0.326213 -0.196721 -0.231575 0.952719 1.44908 0 0 0 1 
3394309160158;0.276214;0.0571292;0.985875 -0.164302 0.0324745 0.0176195 0.164491 0.986373 -0.00319359 -1.67459 -0.0315073 0.00849023 0.999467 -0.194398 0 0 0 1 
3394309160159;0.327677;0.0778836;0.999537 0.0255988 0.0164345 -0.362654 -0.0266379 0.997433 0.0664714 0.166428 -0.0146907 -0.0668784 0.997653 0.996644 0 0 0 1 
3394309160160;0.133668;0.0899852;0.985153 -0.000920107 0.171675 -0.378748 0.0118216 0.997976 -0.0624892 0.00332148 -0.17127 0.063591 0.98317 1.65927 0 0 0 1 
3394309160161;0.30505;0.904394;0.947882 0.318363 -0.0128649 -2.02923 -0.317987 0.947769 0.0248767 3.08243 0.0201127 -0.0194893 0.999608 0.16612 0 0 0 1 
3394309160162;0.0502853;0.060161;0.999867 -0.0158607 -0.00384082 -0.0255169 0.0158526 0.999872 -0.00212451 -0.199225 0.00387403 0.00206334 0.99999 0.105365 0 0 0 1 
3394309160163;0.250016;0.0511374;0.994235 -0.0785929 -0.0729418 0.0168948 0.094677 0.962793 0.253112 -1.30965 0.050335 -0.258559 0.964683 -0.250302 0 0 0 1 
3394309160164;0.523579;1.02873;0.90372 0.425899 -0.0435849 -2.48287 -0.426227 0.904614 0.00193872 3.73197 0.0402532 0.016825 0.999048 0.0592055 0 0 0 1 
3394309160165;0.368871;0.97767;0.963886 0.264188 0.0336032 -2.2387 -0.246798 0.933518 -0.260066 2.54248 -0.100076 0.242381 0.965006 1.72727 0 0 0 1 
3394309160166;0.306131;0.0513802;0.999392 -0.0143115 -0.0317952 0.047912 0.0142768 0.999897 -0.00131719 -0.135097 0.0318107 0.000862456 0.999494 -0.989637 0 0 0 1 
3394309160167;0.598213;0.0487717;0.895945 -0.141987 -0.420859 1.96327 0.217089 0.966627 0.136034 -2.81844 0.387498 -0.213243 0.896868 -2.87349 0 0 0 1 
3394309160168;0.1742;0.0658957;0.999388 0.0339367 -0.00844588 -0.152275 -0.0339254 0.999423 0.0014754 0.296593 0.00849108 -0.00118797 0.999963 0.4544 0 0 0 1 
3394309160169;0.457369;0.0579767;0.941806 -0.333182 0.0446181 0.110376 0.331777 0.942667 0.0360895 -3.94274 -0.0540844 -0.0191861 0.998352 1.07966 0 0 0 1 
3394309160170;0.210774;0.063935;0.985787 -0.104366 0.13165 -0.326389 0.125314 0.978726 -0.162457 -0.949248 -0.111894 0.176645 0.977894 0.974388 0 0 0 1 
3394309160171;0.312176;0.0719864;0.979472 -0.199121 0.0313852 0.313595 0.182459 0.941944 0.281868 -2.01268 -0.0856888 -0.270355 0.95894 0.720368 0 0 0 1 
3394309160172;0.347442;0.0623185;0.991151 -0.0578603 -0.119462 0.0425539 0.0419931 0.990452 -0.131308 -0.372573 0.125919 0.125129 0.984117 -0.122879 0 0 0 1 
3394309160173;0.513361;0.0802998;0.966692 -0.243227 0.0796691 0.6329 0.254948 0.887681 -0.383438 -1.49528 0.0225416 0.390978 0.920124 0.128184 0 0 0 1 
3394309160174;0.158617;0.0807237;0.997459 0.0474133 -0.0531811 -0.362484 -0.053547 0.99126 -0.120568 0.62123 0.0469998 0.123109 0.99128 -0.111138 0 0 0 1 
3394309160175;0.423765;0.0675051;0.985119 -0.0385023 -0.167508 0.993706 0.00233144 0.97749 -0.210968 0.477045 0.17186 0.207438 0.963033 -1.54361 0 0 0 1 
3394309160176;0.19621;0.0893548;0.99586 -0.0408492 0.0812049 -0.110304 0.0374162 0.998359 0.0433572 -0.0985328 -0.0828427 -0.0401393 0.995754 0.456892 0 0 0 1 
3394309160177;0.557777;0.0584069;0.956149 0.17535 -0.23459 0.483359 -0.0739569 0.919565 0.385915 0.264982 0.283391 -0.351642 0.892209 -1.45081 0 0 0 1 
3394309160178;0.217629;0.0733302;0.999962 -0.00801836 -0.00352529 0.226763 0.00801066 0.999966 -0.0021929 -0.348353 0.00354275 0.00216458 0.999991 0.357642 0 0 0 1 
3394309160179;0.268847;0.0471244;0.958956 -0.28347 -0.0069556 -0.287608 0.283555 0.958636 0.0247646 -2.90109 -0.000352126 -0.0257204 0.999669 -0.0588216 0 0 0 1 
3394309160180;0.363436;0.071644;0.997419 -0.00994073 0.0711139 -0.197213 0.0141666 0.998148 -0.0591681 0.306359 -0.070394 0.0600228 0.995712 1.62623 0 0 0 1 
3394309160181;0.481709;0.0527586;0.901851 -0.431652 -0.0184527 1.02891 0.43161 0.902038 -0.00641614 -4.00237 0.0194146 -0.00217798 0.999809 0.652764 0 0 0 1 
3394309160182;0.293983;0.059311;0.998025 -0.0504648 -0.0374115 -0.0759663 0.0502331 0.998712 -0.00711007 -0.967674 0.0377221 0.00521673 0.999275 0.30392 0 0 0 1 
3394309160183;0.436918;0.0733535;0.972005 -0.234785 0.00906378 0.345385 0.223321 0.935158 0.274968 -2.99661 -0.0730345 -0.265247 0.961411 0.324846 0 0 0 1 
3394309160184;0.141133;0.0627235;0.999755 -0.0126242 -0.0181618 -0.435011 0.0122058 0.999662 -0.0229696 -0.186214 0.0184456 0.0227423 0.999571 0.100829 0 0 0 1 
3394309160186;0.458534;0.0143128;0.914391 0.403532 -0.0324221 2.13056 -0.404588 0.913687 -0.0385437 7.99942 0.01407 0.0483616 0.998731 -0.922471 0 0 0 1 
3394309160187;0.388653;0.0459048;0.886631 -0.46244 0.00589551 1.86923 0.461522 0.883909 -0.0755104 -9.02736 0.0297079 0.0696708 0.997128 -0.267665 0 0 0 1 
3394309160188;0.269366;0.0276862;0.986433 -0.164162 0.000670867 0.229048 0.161906 0.973534 0.161299 -3.41444 -0.0271323 -0.159002 0.986905 0.839035 0 0 0 1 
3394309160189;0.483079;0.0185487;0.968426 -0.200301 -0.148428 1.02216 0.148078 0.941127 -0.303896 -2.00599 0.20056 0.272322 0.941072 -4.01981 0 0 0 1 
3394309160190;0.0786131;0.0120218;0.997936 0.061616 -0.0180792 0.150293 -0.0617017 0.998086 -0.00421625 1.16529 0.0177848 0.00532306 0.999828 -0.46315 0 0 0 1 
3394309160191;0.461554;0.0288426;0.950164 -0.311329 -0.0162205 0.852536 0.311627 0.949967 0.0212307 -6.87019 0.00879918 -0.0252273 0.999643 0.466758 0 0 0 1 
3394309160192;0.432023;0.0179542;0.987605 -0.0263215 -0.15474 1.14805 -0.0150657 0.965392 -0.260369 1.1011 0.156238 0.259473 0.953029 -2.42703 0 0 0 1 
3394309160193;0.353577;0.0108086;0.951935 0.306293 0.00209209 1.49431 -0.306146 0.95165 -0.025248 6.00172 -0.00972422 0.0233939 0.999679 -0.373351 0 0 0 1 
3394309160194;0.352735;0.0160336;0.951864 -0.223399 0.209878 0.386148 0.144571 0.930965 0.335266 -3.55106 -0.270287 -0.288785 0.918449 5.0577 0 0 0 1 
3394309160195;0.362433;0.0130619;0.900307 0.434733 0.0213167 2.36557 -0.434077 0.900394 -0.0294794 8.39156 -0.0320091 0.0172874 0.999338 0.448521 0 0 0 1 
3394309160196;0.182053;0.0222368;0.993102 -0.106339 0.049406 0.00539211 0.0976018 0.983191 0.1543 -2.29411 -0.0649836 -0.148413 0.986788 0.892017 0 0 0 1 
3394309160197;0.398636;0.0104985;0.919464 0.381434 -0.0953639 2.45245 -0.392931 0.900002 -0.188684 7.87482 0.0138572 0.210959 0.977397 0.542212 0 0 0 1 
3394309160198;0.114611;0.0244118;0.991391 -0.130785 -0.00631548 0.0910731 0.130776 0.99141 -0.00188084 -2.67341 0.00650722 0.00103873 0.999978 -0.0515579 0 0 0 1 
3394309160199;0.260161;0.0122289;0.948613 0.316187 0.0125813 1.31131 -0.31551 0.948128 -0.0388057 6.25752 -0.0241986 0.032842 0.999168 0.551697 0 0 0 1 
3394309160200;0.239388;0.0229873;0.999081 -0.0325798 -0.0278532 0.0414752 0.0329682 0.999364 0.0136027 -0.733622 0.0273923 -0.0145084 0.999519 0.0887444 0 0 0 1 
3394309160201;0.340496;0.0138723;0.968868 -0.0743146 0.236161 0.630348 0.119268 0.976005 -0.18218 -1.69364 -0.216956 0.204675 0.954483 4.24094 0 0 0 1 
3394309160202;0.373558;0.0198767;0.985891 -0.0821712 0.145829 -0.63416 0.0827791 0.996566 0.00190487 -1.39769 -0.145485 0.0101936 0.989308 2.21601 0 0 0 1 
3394309160203;0.451354;0.0129939;0.920403 0.388298 0.0456489 1.8266 -0.352852 0.875267 -0.330762 7.45804 -0.168389 0.288327 0.94261 3.51162 0 0 0 1 
3394309160204;0.469117;0.0113323;0.873848 0.486169 -0.0054701 2.89324 -0.486157 0.873865 0.00335449 9.4389 0.00641098 -0.000271984 0.999979 -0.657276 0 0 0 1 
3394309160205;0.327235;0.029047;0.97858 -0.198386 -0.0550001 0.768775 0.200936 0.978548 0.0454835 -4.39684 0.0447969 -0.0555607 0.99745 -1.25974 0 0 0 1 
3394309160206;0.165571;0.0222202;0.998296 -0.0105555 -0.0573885 -0.066453 0.00364785 0.992868 -0.119164 0.180743 0.058237 0.118751 0.991215 -0.668938 0 0 0 1 
3394309160207;0.420271;0.0136894;0.971308 0.106724 0.212536 0.504683 -0.117103 0.992437 0.0368234 2.14792 -0.206999 -0.0606554 0.976459 4.99257 0 0 0 1 
3394309160208;0.487381;0.0220498;0.924487 0.308909 -0.223383 1.38255 -0.251613 0.934661 0.251196 4.18078 0.286384 -0.176022 0.941807 -5.30023 0 0 0 1 
3394309160209;0.287731;0.0136344;0.995906 0.0713676 0.0554741 -0.0987289 -0.0785073 0.987105 0.139499 1.49629 -0.044803 -0.143283 0.988667 0.0778808 0 0 0 1 
3394309160210;0.372686;0.0286597;0.950679 -0.307863 0.0378201 0.709026 0.310162 0.944725 -0.106271 -5.76168 -0.00301264 0.11276 0.993618 0.833249 0 0 0 1 
3394309160211;0.423056;0.0306597;0.912682 -0.334396 -0.234926 1.90921 0.363904 0.926596 0.0948339 -7.23956 0.18597 -0.172044 0.967376 -3.22831 0 0 0 1 
3394309160212;0.468609;0.0264857;0.960353 -0.277986 0.021128 1.18096 0.278333 0.960356 -0.0157189 -5.93022 -0.0159208 0.0209763 0.999653 0.951782 0 0 0 1 
3394309160213;0.266849;0.0166105;0.978713 -0.147161 0.143051 -0.284957 0.172739 0.967055 -0.186992 -3.02058 -0.11082 0.207722 0.97189 2.51785 0 0 0 1 
3394309160214;0.475344;0.381435;0.993146 -0.102731 0.0557375 0.339523 0.107902 0.989174 -0.0994561 -2.15726 -0.0449169 0.104789 0.99348 1.61438 0 0 0 1 
3394309160215;0.281079;0.0281821;0.87255 0.0820798 -0.481579 3.08836 -0.0548718 0.996013 0.0703396 1.12078 0.485433 -0.0349498 0.873575 -9.45439 0 0 0 1 
3394309160217;0.276984;0.0400076;0.999991 0.00116327 0.00409173 -0.658975 -0.00117333 0.999996 0.00245768 0.38379 -0.00408886 -0.00246245 0.999989 0.422939 0 0 0 1 
3394309160218;0.423487;1.13525;0.935633 0.190579 0.297103 -2.96397 -0.237804 0.96236 0.131577 2.64471 -0.260845 -0.19376 0.945736 3.11392 0 0 0 1 
3394309160219;0.217232;0.0731323;0.985874 0.161171 -0.0455569 0.319446 -0.166908 0.96801 -0.187345 2.51718 0.0139048 0.192303 0.981237 0.127374 0 0 0 1 
3394309160220;0.375115;0.0519526;0.921558 0.18156 -0.343172 1.49016 -0.101715 0.965948 0.237903 0.540563 0.37468 -0.184335 0.908645 -5.20308 0 0 0 1 
3394309160221;0.326953;0.0732142;0.981231 0.182144 -0.0633146 -0.222802 -0.178846 0.982372 0.0543922 1.96105 0.0721057 -0.0420478 0.99651 -0.371313 0 0 0 1 
3394309160222;0.142051;0.0335693;0.999185 -0.0352232 0.0196919 -0.323961 0.0357574 0.998983 -0.0274698 -0.730707 -0.0187043 0.0281515 0.999429 0.396665 0 0 0 1 
3394309160223;0.261461;0.084886;0.958833 0.274885 -0.0712584 0.172812 -0.271108 0.96078 0.0583279 3.4365 0.0844971 -0.036608 0.995751 -1.15364 0 0 0 1 
3394309160224;0.0854273;0.070232;0.993596 0.112502 -0.0104862 -0.00526565 -0.112387 0.993603 0.0110176 1.37234 0.0116586 -0.00976856 0.999884 -0.119126 0 0 0 1 
3394309160225;0.231107;0.0362715;0.99995 0.00244289 -0.0096922 -0.300407 -0.00226228 0.999824 0.018602 0.558393 0.00973594 -0.0185792 0.99978 0.102019 0 0 0 1 
3394309160226;0.061528;0.0520795;0.999992 0.00384129 -0.00147617 -0.125196 -0.00384147 0.999993 -0.000120593 0.0902545 0.0014757 0.000126263 0.999999 -0.120159 0 0 0 1 
3394309160227;0.376137;1.58041;0.88404 0.465796 -0.0388222 -2.36477 -0.466169 0.884696 -0.000623135 5.86162 0.0340556 0.0186486 0.999246 -0.242013 0 0 0 1 
3394309160228;0.303595;0.0503034;0.965078 -0.2488 0.0819926 0.200718 0.261503 0.933503 -0.245335 -2.99013 -0.0155011 0.258209 0.965965 0.284609 0 0 0 1 
3394309160229;0.401686;0.0505262;0.930633 -0.315657 0.185158 0.977504 0.31969 0.947485 0.00845927 -3.64763 -0.178104 0.0513205 0.982672 2.50961 0 0 0 1 
3394309160230;0.10387;0.0699215;0.991396 0.126595 -0.0332805 -0.022419 -0.127629 0.991336 -0.0310312 1.67337 0.0290638 0.0350117 0.998964 -0.307416 0 0 0 1 
3394309160231;0.26477;0.0634711;0.924978 -0.228874 0.303367 0.215884 0.191065 0.970147 0.149359 -2.7936 -0.328496 -0.0801913 0.941095 4.33189 0 0 0 1 
3394309160232;0.456423;0.0549696;0.870775 0.285946 -0.399981 2.73402 -0.283561 0.95664 0.0665774 3.89603 0.401676 0.055445 0.914102 -5.50449 0 0 0 1 
3394309160233;0.155497;0.0571361;0.999192 0.0330885 0.0228283 -0.274861 -0.03371 0.999056 0.0274026 0.384799 -0.0219 -0.02815 0.999364 0.682653 0 0 0 1 
3394309160234;0.449685;0.175531;0.995023 -0.0940893 0.0328185 0.364267 0.095669 0.994134 -0.0504429 -1.20247 -0.0278798 0.0533315 0.998188 -0.509421 0 0 0 1 
3394309160235;0.164832;0.0313951;0.972567 0.128047 -0.194211 0.294351 -0.118086 0.991061 0.0620756 1.53724 0.200423 -0.0374391 0.978994 -2.54694 0 0 0 1 
3394309160236;0.330502;0.0824173;0.972208 0.224789 0.0654388 0.00365696 -0.20931 0.959761 -0.187213 3.26435 -0.104889 0.168313 0.980137 1.90032 0 0 0 1 
3394309160237;0.197559;0.0620221;0.99994 -0.0108952 0.000979486 0.166073 0.0108865 0.999905 0.0085061 0.114126 -0.00107207 -0.00849493 0.999963 -0.260568 0 0 0 1 
3394309160238;0.37956;0.0762361;0.982541 -0.138491 0.12423 0.696655 0.123729 0.985083 0.11959 -1.47235 -0.138939 -0.102131 0.98502 1.89958 0 0 0 1 
3394309160239;0.353533;0.0404784;0.99544 -0.0433791 0.084953 -0.850836 0.0423252 0.999003 0.014169 -0.384592 -0.085483 -0.0105088 0.996284 0.531483 0 0 0 1 
3394309160240;0.540644;1.02329;0.939624 0.293713 0.175613 -2.43271 -0.214677 0.905554 -0.365905 4.0495 -0.266498 0.306113 0.913933 3.62633 0 0 0 1 
3394309160241;0.23847;0.820494;0.978405 0.0805771 0.190342 -1.74023 -0.0922401 0.994314 0.053216 1.0473 -0.184972 -0.069624 0.980274 1.93492 0 0 0 1 
3394309160242;0.249114;0.0518929;0.999358 -0.0219446 0.0283317 -0.406778 0.0213381 0.99954 0.0215364 -0.274818 -0.0287913 -0.020918 0.999367 -0.207479 0 0 0 1 
3394309160243;0.309141;0.0745714;0.957666 0.163929 0.236649 -0.126238 -0.118243 0.973482 -0.195836 1.93176 -0.262477 0.159563 0.951654 3.35672 0 0 0 1 
3394309160244;0.346424;0.0709713;0.999998 -0.00176888 -0.00114853 0.404448 0.00177277 0.999993 0.00339693 -0.404792 0.00114251 -0.00339896 0.999994 0.646895 0 0 0 1 
3394309160245;0.222213;0.0815817;0.981898 0.141358 0.126075 -0.0119069 -0.147592 0.988177 0.0415142 2.00125 -0.118716 -0.0593703 0.991152 1.12487 0 0 0 1 
3394309160246;0.394505;1.10151;0.906391 0.419767 0.0474552 -1.97413 -0.422387 0.902333 0.0859285 5.44464 -0.00675044 -0.0979293 0.99517 -0.0108451 0 0 0 1 
3394309160248;0.387346;0.042006;0.994511 0.0902049 -0.0530255 0.137375 -0.0605261 0.90931 0.411695 0.407946 0.0853535 -0.406226 0.909778 -1.25309 0 0 0 1 
3394309160249;0.0790091;0.0300244;0.996058 -0.0884956 0.00601067 0.0131656 0.0884805 0.996074 0.00273537 -1.48966 -0.00622914 -0.00219276 0.999978 0.111231 0 0 0 1 
3394309160250;0.489213;0.0405963;0.931456 0.26796 -0.246147 1.6978 -0.226073 0.956279 0.18553 3.28444 0.285099 -0.117166 0.95131 -3.94016 0 0 0 1 
3394309160251;0.37181;0.0580004;0.884032 0.441144 -0.154531 2.28203 -0.401138 0.885714 0.233665 6.50967 0.239951 -0.144579 0.959959 -4.07257 0 0 0 1 
3394309160252;0.374908;0.0316638;0.932026 -0.3623 -0.0081051 1.2588 0.362343 0.932034 0.00452618 -6.41554 0.00591439 -0.00715534 0.999957 -0.360162 0 0 0 1 
3394309160253;0.217625;0.0403818;0.970641 -0.152248 0.186217 0.202566 0.160897 0.986447 -0.0321586 -2.60177 -0.178798 0.0611763 0.981982 3.51529 0 0 0 1 
3394309160254;0.306431;0.0326058;0.999785 -0.0206491 0.00164441 -0.770835 0.0206484 0.999787 0.000390201 -0.0234478 -0.00165212 -0.000356163 0.999999 0.388773 0 0 0 1 
3394309160255;0.470321;0.0238524;0.973389 -0.22541 -0.0412884 -0.346273 0.199432 0.921997 -0.331886 -2.46403 0.112878 0.31482 0.942415 -1.70263 0 0 0 1 
3394309160256;0.293686;0.0342577;0.999348 0.0313947 -0.0178172 -0.538824 -0.0310804 0.999361 0.0176514 0.036473 0.0183599 -0.0170862 0.999685 -0.0378535 0 0 0 1 
3394309160257;0.406176;0.050843;0.988575 0.0709635 0.132979 -0.0722225 -0.0429884 0.978337 -0.202505 1.84861 -0.144469 0.194475 0.97021 3.07279 0 0 0 1 
3394309160258;0.344851;0.0541852;0.969945 0.0649146 0.234507 -0.157095 -0.0141332 0.97716 -0.212035 0.998287 -0.242915 0.202348 0.948708 4.42155 0 0 0 1 
3394309160259;0.414136;0.0229822;0.877905 -0.460807 -0.130154 2.18245 0.468511 0.882775 0.0347223 -8.20621 0.0988963 -0.0914613 0.990886 -1.71361 0 0 0 1 
3394309160260;0.148826;0.0330705;0.971521 0.0980066 -0.215735 0.834696 -0.0831961 0.993576 0.0767152 1.31375 0.221868 -0.0565821 0.973434 -3.88427 0 0 0 1 
3394309160261;0.341319;0.027029;0.9855 -0.167759 -0.0254348 0.304272 0.166625 0.985143 -0.0415775 -2.36204 0.0320319 0.0367365 0.998811 0.153861 0 0 0 1 
