#;prob_registration_l1 -r /home/probabilistic_point_clouds_registration/build/tester /home/point_clouds_registration_benchmark//devel/registration_pairs/p2at_met_local.txt /home/point_clouds_registration_benchmark//planetary/p2at_met -s 0.2 -t 0.2 -p 0.3 -r 1000 -m 20 -i 40 
id;initial_error;final_error;transformation
27844314100000;0.368279;0.340433;0.999506 0.00149113 0.0313775 0.136219 -0.0058635 0.990173 0.139722 -0.10715 -0.0308609 -0.139837 0.989694 -8.34504 0 0 0 1 
27844314100001;0.325629;0.119324;0.98743 0.022045 -0.156509 0.46925 0.0073149 0.98279 0.184581 -0.209995 0.157885 -0.183406 0.970276 -7.78909 0 0 0 1 
27844314100002;0.342132;0.126115;0.930272 -0.0283946 0.365769 -1.9608 -0.076529 0.960048 0.269167 -3.05468 -0.358799 -0.278391 0.890933 -24.6636 0 0 0 1 
27844314100003;0.135271;0.111266;0.99519 -0.0127895 0.0971241 -0.548095 -0.00436326 0.98467 0.174372 -0.286546 -0.0978653 -0.173957 0.979878 -12.5828 0 0 0 1 
27844314100004;0.89077;0.673087;0.985541 0.0394919 -0.164768 1.48666 0.00398736 0.966782 0.25557 -1.07657 0.169388 -0.252532 0.952646 -12.216 0 0 0 1 
27844314100005;0.300669;0.268382;0.935607 0.0496225 -0.349538 0.106032 -0.0045365 0.991681 0.128642 -0.0165757 0.353013 -0.118773 0.928049 1.0253 0 0 0 1 
27844314100006;0.461976;0.412087;0.999837 0.0159676 0.00840747 1.01945 -0.0162659 0.999194 0.0367014 -0.223689 -0.00781466 -0.0368322 0.999291 -2.17273 0 0 0 1 
27844314100007;1.17629;0.978209;0.999292 0.0198789 0.0319386 1.31282 -0.0226639 0.995743 0.0893453 -0.323017 -0.0300266 -0.0900059 0.995488 -4.64461 0 0 0 1 
27844314100008;0.519074;0.411224;0.999819 0.0178497 0.00657537 1.09373 -0.0180698 0.999221 0.0350977 -0.361588 -0.00594376 -0.0352101 0.999362 -1.58216 0 0 0 1 
27844314100009;0.482706;0.464258;0.993281 -0.0154496 0.114692 -0.770196 0.0209289 0.998689 -0.0467252 0.262829 -0.113819 0.0488116 0.992302 0.120198 0 0 0 1 
27844314100010;0.848926;0.0704337;0.998935 0.0305553 -0.034576 1.85468 -0.0241435 0.984687 0.172652 -0.94572 0.039322 -0.171633 0.984376 -11.2798 0 0 0 1 
27844314100011;0.370547;0.30827;0.98179 -0.000496206 -0.189968 -1.2441 -0.0107341 0.998254 -0.0580831 -0.594037 0.189665 0.0590646 0.980071 8.33147 0 0 0 1 
27844314100012;1.02719;0.400817;0.991973 0.00596802 -0.126312 -0.454242 -0.011257 0.999088 -0.0411995 -0.437011 0.125951 0.0422907 0.991135 7.68351 0 0 0 1 
27844314100013;0.818365;0.706306;0.99887 0.0214433 -0.0424172 1.22857 -0.0171562 0.994942 0.0989703 -0.476414 0.0443249 -0.0981307 0.994186 -5.56482 0 0 0 1 
27844314100014;0.722224;0.260487;0.99838 0.00104605 -0.0568829 -0.0629828 -0.000681413 0.999979 0.0064294 -0.00701594 0.0568885 -0.00638023 0.99836 -0.866495 0 0 0 1 
27844314100015;1.11358;0.600125;0.999538 -0.0034661 -0.0301989 -0.0313526 0.0026991 0.999674 -0.0254019 -0.155749 0.0302771 0.0253086 0.999221 -0.292009 0 0 0 1 
27844314100016;0.370882;0.0634869;0.992356 -0.0205519 0.121682 -1.02594 0.0691618 0.909249 -0.410467 -5.07596 -0.102203 0.415745 0.90372 21.7119 0 0 0 1 
27844314100017;0.341055;0.235895;0.995374 -0.00381994 -0.095996 -0.777371 0.00760612 0.999206 0.0391062 0.443863 0.0957704 -0.0396554 0.994613 -0.00125402 0 0 0 1 
27844314100018;0.853373;0.277023;0.999546 0.00708357 0.0292755 0.619999 -0.0071682 0.99997 0.00278688 -0.0982531 -0.0292549 -0.00299546 0.999567 -2.99939 0 0 0 1 
27844314100019;0.871961;0.0911337;0.999961 0.00729761 0.00502732 0.637741 -0.00716867 0.999657 -0.0252038 -0.227864 -0.00520952 0.0251668 0.99967 -1.00191 0 0 0 1 
27844314100020;0.613803;0.623606;0.996326 0.026402 -0.0814748 1.14683 -0.00675417 0.972558 0.232564 -0.835908 0.0853791 -0.231159 0.969162 -11.9907 0 0 0 1 
27844314100021;0.300355;0.123375;0.94845 -0.0328368 -0.31522 -4.47822 0.0134067 0.997885 -0.0636119 -0.163777 0.316642 0.0561067 0.946884 10.7296 0 0 0 1 
27844314100022;0.628187;0.0788623;0.999927 0.0103256 0.00622716 0.772008 -0.0101855 0.999703 -0.0221256 -0.277124 -0.00645377 0.0220605 0.999736 -0.575059 0 0 0 1 
27844314100023;0.278091;0.0898072;0.996396 0.00767159 0.0844789 0.674488 -0.00403878 0.999063 -0.0430898 -0.301357 -0.0847303 0.0425933 0.995493 -0.242217 0 0 0 1 
27844314100024;0.416131;0.283158;0.969101 0.00290491 -0.246648 -1.34304 -0.012258 0.999262 -0.0363941 -0.334451 0.24636 0.0382929 0.968422 7.20796 0 0 0 1 
27844314100025;0.365706;0.3205;0.991615 -0.0105884 -0.128794 -1.22804 0.0106114 0.999944 -0.000508149 0.26482 0.128792 -0.000862789 0.991671 2.53036 0 0 0 1 
27844314100026;0.38807;0.166054;0.98315 -0.00953149 0.18255 -0.465619 0.000620349 0.998808 0.0488098 -0.000768523 -0.182797 -0.0478742 0.981984 -7.94025 0 0 0 1 
27844314100027;0.827287;0.706295;0.980449 -0.0300263 -0.194468 -2.87137 0.00422179 0.991271 -0.131769 -1.02898 0.196727 0.128372 0.972018 11.7149 0 0 0 1 
27844314100028;0.216847;0.15654;0.993493 -0.0208012 0.111975 -1.08631 0.034832 0.991565 -0.124846 0.0058306 -0.108433 0.127934 0.985837 4.92581 0 0 0 1 
27844314100029;0.528223;0.393403;0.996787 0.0114587 0.0792729 0.958501 -0.00990538 0.999752 -0.0199608 -0.285801 -0.0794819 0.0191114 0.996653 -1.46129 0 0 0 1 
27844314100031;1.32944;0.629222;0.99963 -0.0232972 -0.0140318 -0.05934 0.0232104 0.999711 -0.00631224 0.0321294 0.0141748 0.00598422 0.999882 2.60269 0 0 0 1 
27844314100032;1.35252;0.900331;0.950529 0.0518982 -0.306269 -1.09917 0.0425337 0.954914 0.29382 1.47737 0.307709 -0.292311 0.905466 6.18861 0 0 0 1 
27844314100033;0.908498;0.525426;0.97454 0.0226433 -0.223069 -0.984893 0.0297665 0.973015 0.228812 1.08693 0.222231 -0.229626 0.947568 4.94775 0 0 0 1 
27844314100034;0.315932;0.274193;0.999879 0.0146638 0.00509511 -0.0845269 -0.0147463 0.999754 0.016543 -0.222575 -0.00485128 -0.0166162 0.99985 -0.159267 0 0 0 1 
27844314100035;0.38412;0.164825;0.999554 -0.00535416 -0.0293676 0.0527181 0.00397871 0.998901 -0.0466957 -0.109943 0.0295853 0.0465581 0.998477 -0.480898 0 0 0 1 
27844314100036;0.255516;0.146794;0.99689 0.0244006 0.0749264 -0.0703408 -0.0367219 0.985144 0.167758 -0.0873203 -0.0697198 -0.169988 0.982977 -0.134719 0 0 0 1 
27844314100037;0.704806;0.431099;0.999582 -0.0227597 0.0178065 0.200064 0.0251425 0.988721 -0.147642 -0.128106 -0.0142453 0.148028 0.988881 0.156535 0 0 0 1 
27844314100038;1.02577;0.630466;0.996434 0.0168368 0.0826835 0.0204593 -0.0141375 0.999351 -0.0331244 0.0761089 -0.0831875 0.0318374 0.996025 0.665577 0 0 0 1 
27844314100039;0.646323;0.225883;0.998244 -0.0139662 0.0575642 -0.0122642 0.0257026 0.977682 -0.208514 -0.179981 -0.0533674 0.209627 0.976324 0.120417 0 0 0 1 
27844314100040;0.526776;0.374254;0.95748 0.00488442 0.288458 -0.267813 0.00471179 0.999459 -0.0325636 -0.330467 -0.288461 0.0325382 0.956939 -4.02733 0 0 0 1 
27844314100041;0.240913;0.19013;0.987028 -0.0267131 -0.158309 -0.218854 0.0173006 0.998016 -0.0605394 -0.0323664 0.159612 0.0570152 0.985532 1.85881 0 0 0 1 
27844314100042;1.10623;0.712644;0.999627 -0.0140277 -0.0234509 0.17634 0.0151105 0.998797 0.0466524 -0.312524 0.0227682 -0.0469893 0.998636 -0.912703 0 0 0 1 
27844314100043;0.537176;0.429097;0.95138 0.0255764 0.306954 -0.346964 -0.111452 0.957606 0.265647 -1.06037 -0.287147 -0.286942 0.913899 -3.40745 0 0 0 1 
27844314100044;0.682374;0.374574;0.990974 -0.0108326 0.133614 0.251418 0.0296173 0.989791 -0.139417 -0.0141951 -0.130739 0.142115 0.981178 -1.11697 0 0 0 1 
27844314100045;0.577329;0.356151;0.99653 -0.0197634 -0.0808485 -0.0834697 0.0159108 0.99872 -0.0480221 0.252611 0.0816941 0.0465691 0.995569 -0.040346 0 0 0 1 
27844314100046;0.842689;0.525044;0.97827 0.0315864 -0.204915 -0.794615 -0.00267848 0.99017 0.139842 -0.31533 0.207318 -0.136254 0.968738 3.47222 0 0 0 1 
27844314100047;0.331521;0.324003;0.999744 0.00534069 0.0219925 -0.0387412 -0.00472716 0.999601 -0.027855 -0.0399893 -0.0221325 0.0277439 0.99937 -0.249665 0 0 0 1 
27844314100048;0.326512;0.254472;0.99971 -0.00492792 0.0235763 0.0770877 0.00633997 0.998166 -0.0601984 -0.0410611 -0.0232364 0.0603304 0.997908 -0.0691429 0 0 0 1 
27844314100049;0.286094;0.164011;0.986958 0.0100716 -0.160665 -0.392176 -0.00450096 0.999377 0.0349985 -0.0450675 0.160917 -0.0338189 0.986388 1.62447 0 0 0 1 
27844314100050;1.23172;0.833161;0.999767 0.00888052 -0.0196689 -0.218809 -0.00852964 0.999804 0.017852 0.315081 0.0198236 -0.0176801 0.999647 1.83103 0 0 0 1 
27844314100051;0.428034;0.167348;0.99973 -0.0027618 -0.023053 -0.0380934 0.00236317 0.999848 -0.0173011 -0.0263826 0.0230973 0.017242 0.999585 1.10662 0 0 0 1 
27844314100052;1.33827;0.849854;0.999499 -0.0121485 -0.0292108 0.317978 0.0153828 0.993455 0.11318 -0.249802 0.0276446 -0.113573 0.993145 -1.07266 0 0 0 1 
27844314100053;1.32669;0.710504;0.970534 -0.00249959 0.240952 0.219328 -0.034355 0.988296 0.148632 -0.508583 -0.238503 -0.15253 0.959089 -0.320664 0 0 0 1 
27844314100054;0.560805;0.181136;0.990602 -0.00167619 0.136767 0.0119975 -0.00534166 0.998688 0.0509291 -0.295213 -0.136673 -0.051181 0.989293 -0.434595 0 0 0 1 
27844314100055;0.956315;0.815957;0.999144 -0.00227034 0.0413143 0.0366653 0.00478903 0.998128 -0.0609677 0.228405 -0.0410985 0.0611133 0.997284 0.282314 0 0 0 1 
27844314100056;1.36899;0.948512;0.997961 -0.0202465 0.060523 0.221086 0.0282654 0.99048 -0.134726 -0.370499 -0.057219 0.136162 0.989033 -0.0271894 0 0 0 1 
27844314100057;0.0905846;0.0537514;0.990775 -0.0030813 0.13548 0.00255644 0.00404079 0.999969 -0.00680768 -0.0588818 -0.135455 0.00729233 0.990757 -1.65327 0 0 0 1 
27844314100058;0.707405;0.180219;0.999672 0.0225925 0.0120775 0.0640427 -0.0225639 0.999742 -0.00249651 -0.0198718 -0.0121308 0.00222317 0.999924 -1.4933 0 0 0 1 
27844314100059;0.65531;0.209114;0.892953 -0.0095613 0.450048 -1.09542 -0.0479642 0.992062 0.116244 -0.695127 -0.447587 -0.125386 0.885406 -6.21896 0 0 0 1 
27844314100060;1.27536;0.352845;0.981487 0.0212023 0.190354 -0.310046 -0.00991871 0.998147 -0.0600354 -0.710517 -0.191274 0.0570358 0.979878 -4.88287 0 0 0 1 
27844314100062;0.6633;0.47272;0.999937 -0.0111678 -0.00089405 -0.34133 0.0111274 0.999264 -0.0367229 0.0608826 0.0013035 0.0367106 0.999325 0.569208 0 0 0 1 
27844314100063;1.6099;0.119598;0.994424 0.00955462 -0.105022 0.331094 -0.0108508 0.999872 -0.0117773 -0.0948974 0.104896 0.0128512 0.9944 -0.384962 0 0 0 1 
27844314100064;1.94982;1.77882;0.998591 0.00160285 0.0530392 0.112906 0.000879051 0.998907 -0.0467373 0.0660275 -0.0530561 0.0467181 0.997498 1.36249 0 0 0 1 
27844314100065;1.77485;0.736322;0.989014 0.0262359 0.145472 1.0309 -0.0816458 0.917342 0.389638 -3.1165 -0.123225 -0.397234 0.909407 -15.9556 0 0 0 1 
27844314100066;1.08018;0.486399;0.997062 0.0261818 0.0719817 1.1744 -0.0300978 0.998094 0.053867 -0.435567 -0.0704342 -0.0558753 0.99595 -3.90385 0 0 0 1 
27844314100067;1.0783;0.492604;0.999509 -0.00856183 0.0301552 -0.335479 0.00819309 0.99989 0.0123304 0.250289 -0.0302575 -0.0120773 0.999469 0.442158 0 0 0 1 
27844314100068;0.329721;0.288954;0.999869 0.0138801 0.00835133 0.468102 -0.0140899 0.999573 0.0256102 -0.0906998 -0.00799229 -0.0257245 0.999637 -1.04028 0 0 0 1 
27844314100069;0.992581;0.754551;0.917661 -0.0172749 0.396988 -0.523917 0.0455647 0.997039 -0.0619396 0.372854 -0.394743 0.0749282 0.915731 -4.03193 0 0 0 1 
27844314100070;1.68809;1.10284;0.999732 0.0108375 -0.0204552 0.1685 -0.0103246 0.999634 0.0250173 -0.120408 0.0207189 -0.0247994 0.999478 1.23188 0 0 0 1 
27844314100071;2.20263;0.92529;0.986838 0.035071 -0.157862 0.921738 0.0062362 0.96722 0.253864 -0.568776 0.161591 -0.251507 0.954271 -8.12075 0 0 0 1 
27844314100072;0.844195;0.226589;0.919356 -0.0255778 -0.392594 -3.35355 -0.0258149 0.991812 -0.12507 -1.11043 0.392578 0.125118 0.911168 9.92044 0 0 0 1 
27844314100073;1.02691;0.51112;0.99937 0.00945779 0.0342176 0.162419 -0.0149432 0.986381 0.163799 0.142991 -0.0322024 -0.164207 0.9859 -4.33066 0 0 0 1 
27844314100074;0.384882;0.328166;0.998369 0.00320678 0.0569938 0.187286 -0.0127075 0.985853 0.167129 -0.0233802 -0.0556516 -0.167581 0.984286 -6.0955 0 0 0 1 
27844314100075;1.31596;0.6112;0.997837 0.00748892 -0.0653071 0.293991 -0.00943779 0.999518 -0.0295842 -0.180679 0.0650541 0.0301366 0.997427 0.221735 0 0 0 1 
27844314100076;1.20785;1.17952;0.999914 -0.00226393 0.0129109 -0.0653109 0.00204545 0.999855 0.0169099 0.129339 -0.0129473 -0.016882 0.999774 -0.705403 0 0 0 1 
27844314100077;1.66098;0.442253;0.998002 0.0267623 -0.057243 0.944733 -0.0220089 0.99638 0.0821135 -0.365807 0.0592334 -0.0806896 0.994978 -3.81358 0 0 0 1 
27844314100078;1.89852;1.63225;0.999993 -0.00112966 -0.00368762 0.0477289 0.00111568 0.999992 -0.0037923 0.17321 0.00369187 0.00378816 0.999986 -0.844804 0 0 0 1 
27844314100079;1.7021;1.49908;0.996465 0.00437051 0.083899 0.398073 -0.0137005 0.993731 0.110954 -0.123914 -0.0828881 -0.111711 0.990278 -3.82395 0 0 0 1 
27844314100080;1.10438;0.461998;0.972199 -0.0117968 0.233858 -0.232706 -0.00632955 0.997041 0.0766082 -0.00611952 -0.23407 -0.0759587 0.969248 -6.8793 0 0 0 1 
27844314100081;0.430079;0.391114;0.999953 -0.00968979 -0.000521729 -0.35024 0.00968293 0.999883 -0.0118514 0.185776 0.000636506 0.0118458 0.99993 0.386541 0 0 0 1 
27844314100082;1.95213;1.43827;0.999309 0.0193619 0.031741 0.477169 -0.0291834 0.937426 0.34696 -0.842752 -0.0230371 -0.347646 0.937343 -9.62212 0 0 0 1 
27844314100083;0.583263;0.263053;0.965794 0.0040054 0.25928 0.272205 -0.0248446 0.99671 0.0771465 -0.111561 -0.258118 -0.0809493 0.962716 -6.68812 0 0 0 1 
27844314100084;0.503644;0.455336;0.991004 -0.00315706 0.133796 0.0849122 -0.0309116 0.96729 0.251781 -0.61538 -0.130215 -0.253652 0.958491 -9.9464 0 0 0 1 
27844314100085;0.720603;0.422702;0.997442 0.0311635 0.0643237 1.21089 -0.0457364 0.969858 0.23934 -1.01482 -0.0549262 -0.24167 0.968803 -8.85759 0 0 0 1 
27844314100086;1.70425;1.41054;0.995873 0.0491154 -0.0763164 1.24559 -0.0220605 0.946689 0.321393 -1.01565 0.0880332 -0.318383 0.943866 -9.57547 0 0 0 1 
27844314100087;1.08193;0.857733;0.977902 -0.0346468 -0.206175 -1.82331 0.00705222 0.991078 -0.133097 -0.476462 0.208947 0.128702 0.969421 5.92919 0 0 0 1 
27844314100088;1.41218;0.814279;0.998087 -0.015599 0.0598261 -0.491086 0.0209803 0.995684 -0.0904026 -0.0376823 -0.0581578 0.0914848 0.994107 3.51406 0 0 0 1 
27844314100089;0.394008;0.340291;0.998554 0.00902456 -0.0529983 0.0427595 -0.00971961 0.99987 -0.0128715 -0.0950959 0.0528753 0.013368 0.998512 1.09541 0 0 0 1 
27844314100090;1.35838;0.718423;0.990657 -0.0358551 -0.131581 -1.21532 0.000242873 0.965283 -0.261206 -1.49658 0.136378 0.258734 0.956273 8.33429 0 0 0 1 
27844314100091;1.04859;1.03995;0.99942 0.000701959 -0.0340585 -0.149755 0.00175056 0.997408 0.0719258 0.216005 0.0340207 -0.0719437 0.996828 -1.83498 0 0 0 1 
27844314100093;0.967031;0.372343;0.992872 -0.0811848 -0.0872589 -7.87727 0.0686015 0.987967 -0.138616 0.613586 0.0974624 0.131642 0.986495 17.1028 0 0 0 1 
27844314100094;1.92323;0.207124;0.971743 0.0509538 -0.230476 2.75048 -0.00448529 0.980232 0.197799 -0.61647 0.235999 -0.191176 0.952762 -8.18634 0 0 0 1 
27844314100095;0.873202;0.762672;0.992944 -0.0241278 0.116107 -1.30013 -0.0160857 0.942631 0.333449 -4.70889 -0.117492 -0.332963 0.935591 -35.8332 0 0 0 1 
27844314100096;0.430323;0.643018;0.988958 0.0400218 -0.142691 3.29327 -0.039362 0.999197 0.0074452 -1.29455 0.142874 -0.00174641 0.989739 4.78151 0 0 0 1 
27844314100097;1.73872;0.164173;0.999498 0.0315694 -0.00251132 4.08781 -0.0315513 0.999478 0.0069364 0.298327 0.00272899 -0.00685368 0.999973 0.895938 0 0 0 1 
27844314100098;0.721991;0.578624;0.999987 -0.000864788 0.00492662 0.314579 0.000120944 0.988833 0.149025 -0.622811 -0.00500048 -0.149022 0.988821 -13.8313 0 0 0 1 
27844314100099;0.836004;0.615323;0.995912 -0.0793438 -0.0431763 -8.21162 0.0818201 0.994901 0.0589755 2.66837 0.0382768 -0.0622671 0.997325 -4.88627 0 0 0 1 
27844314100100;2.4061;0.311532;0.999586 -0.0259376 -0.0124602 -2.20714 0.0283499 0.961872 0.272028 -0.592997 0.00492941 -0.272268 0.962209 -23.5234 0 0 0 1 
27844314100101;0.366989;0.342333;0.989705 -0.118564 -0.0801685 -11.7781 0.141 0.903848 0.403952 -3.02443 0.0245658 -0.411097 0.91126 -39.2865 0 0 0 1 
27844314100102;1.52564;0.623795;0.96366 -0.129562 0.23361 -13.2433 0.177839 0.963703 -0.199122 0.687235 -0.199332 0.23343 0.951723 15.6492 0 0 0 1 
27844314100103;2.09748;0.382971;0.999866 -0.0114839 -0.0116813 -0.30167 0.0115692 0.999907 0.00725542 0.085165 0.0115968 -0.00738959 0.999905 -2.67089 0 0 0 1 
27844314100104;0.507469;0.346473;0.999486 0.0310636 -0.00788723 3.19022 -0.0309664 0.999446 0.0121649 -1.01394 0.00826075 -0.0119144 0.999895 -1.38582 0 0 0 1 
27844314100105;1.7041;2.1591;0.998581 -0.0445604 0.029173 -3.65733 0.0486744 0.985881 -0.160216 -0.348212 -0.0216218 0.161409 0.986651 14.7217 0 0 0 1 
27844314100106;0.621555;0.288122;0.975302 0.0217248 -0.219806 0.921399 -0.00104646 0.995595 0.0937575 -0.25905 0.220874 -0.0912118 0.971028 -1.50662 0 0 0 1 
27844314100107;0.153647;0.312299;0.996862 -0.0787309 -0.00821408 -7.61277 0.0787184 0.996895 -0.00183472 2.70036 0.00833302 0.00118237 0.999965 0.435793 0 0 0 1 
27844314100108;1.53872;0.275895;0.998929 0.0254946 -0.0386204 3.58389 -0.0305514 0.990157 -0.136586 -1.44948 0.0347581 0.13762 0.989875 15.9259 0 0 0 1 
27844314100109;1.60611;0.724081;0.999239 -0.0200702 -0.0334451 -2.34963 0.0222574 0.997547 0.066362 0.525606 0.0320312 -0.0670559 0.997235 -6.83807 0 0 0 1 
27844314100110;2.36031;0.465237;0.997264 0.0732666 -0.00982649 8.30295 -0.0738639 0.992926 -0.0929635 -4.94229 0.00294586 0.0934349 0.995621 11.2042 0 0 0 1 
27844314100111;0.227132;0.379493;0.967077 0.0184061 -0.253818 0.0761246 0.0302179 0.982019 0.186347 -0.127458 0.252684 -0.187882 0.949132 -9.47218 0 0 0 1 
27844314100112;2.20462;2.09813;0.999148 -0.0373297 -0.0176201 -3.45272 0.0303245 0.953376 -0.300257 -4.38247 0.028007 0.299466 0.953696 28.8333 0 0 0 1 
27844314100113;2.4063;0.216715;0.993656 -0.0761453 0.082757 -6.97062 0.0884243 0.983696 -0.156597 0.50486 -0.0694836 0.162922 0.984189 16.2745 0 0 0 1 
27844314100114;0.335195;0.424754;0.965644 -0.173349 0.1936 -16.8962 0.185637 0.981489 -0.0471023 4.74345 -0.181851 0.0814234 0.979949 1.30109 0 0 0 1 
27844314100115;1.83608;0.18141;0.998889 0.0469002 -0.00454685 6.77418 -0.0468266 0.998788 0.015132 -0.963876 0.00525103 -0.0149022 0.999875 -0.765018 0 0 0 1 
27844314100116;1.89876;1.47204;0.977958 -0.0469069 0.203463 -4.1016 0.0281654 0.995169 0.0940498 1.42047 -0.206892 -0.0862462 0.974555 -14.258 0 0 0 1 
27844314100117;2.29451;0.928568;0.991455 0.0296452 -0.127039 2.58172 0.00412138 0.966232 0.257639 -1.8823 0.130387 -0.255961 0.957853 -17.8098 0 0 0 1 
27844314100118;2.1601;1.85828;0.99988 -0.0112607 0.010676 -0.930394 0.0114706 0.999738 -0.0198043 0.931242 -0.0104501 0.0199244 0.999747 1.92251 0 0 0 1 
27844314100119;1.47956;0.656067;0.999992 -0.00064998 -0.00406707 1.06758 0.000847925 0.998805 0.0488592 -0.348804 0.00403046 -0.0488622 0.998797 -5.78781 0 0 0 1 
27844314100120;0.852594;0.709239;0.97808 -0.0451387 -0.20328 -5.27763 0.000648141 0.976877 -0.213799 -3.09681 0.20823 0.208981 0.955493 28.4135 0 0 0 1 
27844314100121;1.87824;0.74745;0.998131 -0.00596403 0.0608125 0.195815 0.00458193 0.999729 0.0228413 0.0122934 -0.0609323 -0.02252 0.997888 -6.38912 0 0 0 1 
27844314100122;1.73464;0.184283;0.96856 -0.0272103 -0.247287 -2.85973 0.0244093 0.999599 -0.0143861 1.86652 0.247579 0.00789768 0.968835 8.56536 0 0 0 1 
27844314100124;0.405551;0.234986;0.997146 -0.0589877 -0.0471298 -5.25235 0.0637171 0.992311 0.106113 1.94531 0.0405081 -0.108813 0.993237 -7.85415 0 0 0 1 
27844314100125;0.438401;0.228598;0.906425 -0.101311 0.410035 -11.3992 0.148232 0.98536 -0.0842196 3.36079 -0.3955 0.137119 0.908173 -1.99094 0 0 0 1 
27844314100126;1.24567;0.20817;0.977174 -0.207198 -0.0469089 -20.4832 0.20353 0.976358 -0.0728076 2.91221 0.0608855 0.0615983 0.996242 6.85086 0 0 0 1 
27844314100127;1.48846;1.216;0.999104 0.0335427 -0.0258015 1.20385 -0.0317955 0.997354 0.0653807 -2.52449 0.0279263 -0.0645018 0.997527 -2.38436 0 0 0 1 
27844314100128;1.19785;0.211836;0.99672 -0.0188133 -0.0787155 -2.34919 0.0143811 0.998299 -0.0564987 0.343564 0.0796445 0.0551814 0.995295 5.74435 0 0 0 1 
27844314100129;1.23822;0.189728;0.989579 0.143651 0.0099308 10.4439 -0.142634 0.987355 -0.0691706 -7.07313 -0.0197417 0.0670332 0.997555 6.45633 0 0 0 1 
27844314100130;0.532996;0.263275;0.982179 0.0034762 -0.187915 -0.95743 -0.0431593 0.977282 -0.207502 -3.93388 0.182925 0.211915 0.960016 24.5699 0 0 0 1 
27844314100131;0.768744;0.222655;0.984618 0.173309 -0.0221595 14.5104 -0.164953 0.963881 0.209103 -8.84478 0.0575985 -0.202232 0.977642 -14.7966 0 0 0 1 
27844314100132;0.304449;0.183283;0.9901 0.0495856 -0.131313 3.21392 -0.024236 0.981865 0.188027 -2.08252 0.138255 -0.182983 0.973346 -11.6748 0 0 0 1 
27844314100133;0.242712;0.248154;0.971341 -0.103641 -0.213905 -11.2868 0.0281913 0.943813 -0.329277 -5.49212 0.236013 0.31381 0.919686 35.9037 0 0 0 1 
27844314100134;1.30166;0.266969;0.971388 0.0384278 0.23437 2.83993 -0.0353808 0.999226 -0.0171935 -1.37796 -0.234849 0.00840938 0.971996 -9.46726 0 0 0 1 
27844314100135;0.261851;0.223422;0.99305 -0.103768 0.0555361 -9.21507 0.101636 0.99402 0.0399386 3.17846 -0.0593483 -0.0340165 0.997658 -4.85612 0 0 0 1 
27844314100136;1.42144;0.200891;0.991374 0.130811 0.0081096 11.004 -0.12942 0.986841 -0.0969245 -7.77315 -0.0206817 0.0950389 0.995259 9.48363 0 0 0 1 
27844314100137;1.20547;0.268141;0.945644 -0.295798 0.13513 -28.8748 0.323381 0.899236 -0.294617 -0.2427 -0.0343667 0.322301 0.946013 28.6787 0 0 0 1 
27844314100138;0.244336;0.207581;0.993804 0.0262384 -0.108007 1.52635 -0.0456947 0.982269 -0.181825 -3.98153 0.101321 0.185634 0.977381 19.6657 0 0 0 1 
27844314100139;1.59431;0.213705;0.998714 -0.0506976 -8.94475e-05 -3.7293 0.0506961 0.998668 0.00955078 -0.564369 -0.000394873 -0.00954304 0.999954 -1.87497 0 0 0 1 
27844314100140;0.22734;0.260598;0.994946 -0.0993674 0.0144183 -9.16246 0.0995944 0.9949 -0.0159854 3.01436 -0.0127563 0.0173406 0.999768 1.22613 0 0 0 1 
27844314100141;0.358346;0.264119;0.952899 -0.216063 -0.212837 -21.7644 0.173096 0.96369 -0.203323 2.0692 0.249039 0.156905 0.955699 22.2457 0 0 0 1 
27844314100142;0.117962;0.23074;0.995198 0.0961275 0.018439 8.18127 -0.0950544 0.994102 -0.0522052 -4.22489 -0.0233486 0.0502018 0.998466 3.77555 0 0 0 1 
27844314100143;1.8568;1.61533;0.999656 0.0243364 0.00974035 2.35545 -0.0230608 0.99314 -0.114639 -3.13529 -0.0124634 0.114375 0.993359 9.79029 0 0 0 1 
27844314100144;0.573265;0.230531;0.987384 -0.00671598 -0.158202 -2.39858 0.0100537 0.999743 0.0203072 0.883056 0.158025 -0.0216415 0.987198 3.56107 0 0 0 1 
27844314100145;0.564902;0.70163;0.957638 -0.278981 -0.0714036 -27.2269 0.268343 0.954471 -0.130296 4.23124 0.104503 0.105615 0.988901 13.1318 0 0 0 1 
27844314100146;0.457208;0.209142;0.999771 0.00969472 0.0190739 0.539562 -0.0103285 0.999388 0.0334154 -0.457182 -0.0187383 -0.0336048 0.99926 -2.67546 0 0 0 1 
27844314100147;0.839697;0.230085;0.994212 -0.0487834 -0.0957248 -5.97485 0.0592669 0.992172 0.109923 1.7209 0.089613 -0.11496 0.98932 -8.08889 0 0 0 1 
27844314100148;1.27087;0.179829;0.999369 0.000596686 0.0355027 -1.53971 0.00526544 0.986314 -0.164794 -3.26153 -0.0351151 0.164877 0.985689 13.473 0 0 0 1 
27844314100149;0.814525;0.337719;0.993797 0.00490319 0.111101 -0.210921 0.0515195 0.865058 -0.49902 -11.5975 -0.0985552 0.501649 0.859439 41.2006 0 0 0 1 
27844314100150;1.30625;0.896328;0.997412 0.0227424 0.068209 0.0742705 -0.000685379 0.951622 -0.307269 -7.56581 -0.0718973 0.306427 0.949175 23.4707 0 0 0 1 
27844314100151;1.21483;0.865775;0.986406 -0.0796624 0.143727 -7.27393 0.0816331 0.996631 -0.00785739 2.73711 -0.142617 0.0194834 0.989586 -1.91065 0 0 0 1 
27844314100152;0.850848;1.13608;0.979523 -0.0200031 0.200338 -2.7095 0.0716811 0.964499 -0.254172 -1.99678 -0.188141 0.263328 0.946182 16.3822 0 0 0 1 
27844314100153;1.33869;0.198164;0.986105 0.142582 0.0852501 10.3391 -0.144448 0.989381 0.0161146 -7.14334 -0.0820472 -0.028205 0.996229 -5.82418 0 0 0 1 
27844314100155;1.31103;1.21202;0.996657 -0.0672278 -0.0464292 -3.2957 0.0565928 0.977921 -0.201164 -0.534322 0.058928 0.197864 0.978457 10.4894 0 0 0 1 
27844314100156;0.173499;0.187522;0.999616 -0.0154229 -0.0230287 -1.05138 0.0158448 0.999708 0.0182516 0.58009 0.0227405 -0.0186095 0.999568 -0.467772 0 0 0 1 
27844314100157;1.77732;0.453935;0.99053 0.105681 -0.0876494 3.64329 -0.0970298 0.990475 0.0976977 -0.704644 0.0971392 -0.0882679 0.991349 -3.38589 0 0 0 1 
27844314100158;2.31932;0.217033;0.975306 0.0838918 -0.204303 1.48533 0.0188493 0.890056 0.455462 -0.91247 0.220051 -0.448065 0.866496 -14.84 0 0 0 1 
27844314100159;1.17995;0.222378;0.995003 0.0783705 -0.0618575 3.13921 -0.0735359 0.994323 0.0769036 -1.64641 0.0675334 -0.0719706 0.995118 -3.12783 0 0 0 1 
27844314100160;1.94121;0.364218;0.98049 -0.0487394 -0.190433 -3.33101 0.053947 0.998296 0.0222549 1.8215 0.189024 -0.032094 0.981448 4.67742 0 0 0 1 
27844314100161;0.541664;0.499979;0.991141 0.0395038 -0.126805 0.858807 -0.0539105 0.992214 -0.112272 -1.89458 0.121382 0.118114 0.985553 8.61566 0 0 0 1 
27844314100162;1.51732;0.910405;0.987904 -0.151064 -0.0350182 -8.2814 0.15122 0.988499 0.0018309 4.22675 0.0343389 -0.00710419 0.999385 0.962682 0 0 0 1 
27844314100163;1.36524;0.668975;0.985498 -0.167159 -0.029167 -8.98087 0.165727 0.985094 -0.0460841 2.52917 0.0364356 0.040582 0.998512 2.0528 0 0 0 1 
27844314100164;0.587208;0.332774;0.998371 -0.0561701 -0.0100393 -2.94198 0.056635 0.996912 0.0543943 1.67729 0.00695292 -0.0548743 0.998469 -1.91075 0 0 0 1 
27844314100165;1.53313;0.296811;0.999325 0.0365175 -0.00388395 2.06237 -0.0364183 0.999069 0.0231196 -1.69734 0.0047246 -0.0229626 0.999725 0.123937 0 0 0 1 
27844314100166;0.330265;0.259426;0.970202 -0.240585 -0.0287576 -12.0581 0.23715 0.967213 -0.0908803 3.5796 0.0496792 0.0813524 0.995447 5.02956 0 0 0 1 
27844314100167;0.903395;0.217819;0.988919 -0.128809 0.0738128 -5.67942 0.139487 0.976395 -0.164915 1.02123 -0.0508278 0.173384 0.983542 6.14916 0 0 0 1 
27844314100168;2.432;0.287334;0.99506 -0.0411379 0.0903504 -1.71881 0.0389062 0.998896 0.0263243 0.369224 -0.0913336 -0.0226791 0.995562 -0.533057 0 0 0 1 
27844314100169;1.16953;0.749584;0.939913 0.0342478 0.339691 1.95324 0.0744266 0.950474 -0.301763 -2.10798 -0.333202 0.308913 0.890814 6.66885 0 0 0 1 
27844314100170;0.524881;0.261498;0.981627 -0.0474418 -0.184816 -3.24874 0.0692043 0.991166 0.11314 1.38536 0.177816 -0.123852 0.976239 -1.80085 0 0 0 1 
27844314100171;2.35705;0.246947;0.961582 0.0929397 0.258306 3.74141 -0.0536877 0.986444 -0.155067 -1.61875 -0.269216 0.135242 0.953537 -2.3642 0 0 0 1 
27844314100172;0.422262;0.200814;0.997199 0.0235864 -0.0709803 0.295837 -0.0190421 0.997766 0.064032 0.230334 0.072332 -0.062501 0.99542 -1.33344 0 0 0 1 
27844314100173;0.404553;0.243103;0.992826 -0.0964307 -0.0706907 -5.04394 0.104421 0.987296 0.119763 2.07626 0.0582438 -0.126285 0.990283 -4.44653 0 0 0 1 
27844314100174;0.99992;0.489213;0.998811 0.0458006 -0.0167062 1.3983 -0.0448769 0.997638 0.0520124 -0.750106 0.019049 -0.0512008 0.998507 -2.4618 0 0 0 1 
27844314100175;0.837078;0.315648;0.998905 0.0452555 -0.0118799 1.65588 -0.0449571 0.998694 0.0242845 0.00942154 0.0129634 -0.0237238 0.999634 -1.09328 0 0 0 1 
27844314100176;0.793248;0.628413;0.99792 -0.0055647 -0.0642206 -0.875061 -0.0154185 0.946742 -0.321623 -3.99531 0.0625901 0.321944 0.944688 16.8509 0 0 0 1 
27844314100177;2.13358;0.204462;0.999921 -0.00701401 -0.0104448 -0.342653 0.00718075 0.999846 0.016013 0.514761 0.0103308 -0.0160868 0.999817 -2.8599 0 0 0 1 
27844314100178;1.06641;1.2082;0.997621 -0.0407168 -0.0556355 -2.34111 0.0400743 0.999117 -0.0126155 0.869475 0.0561 0.010356 0.998371 1.55601 0 0 0 1 
27844314100179;2.46162;0.653371;0.960023 0.0688409 -0.271324 1.06297 -0.106796 0.986047 -0.127695 -2.22044 0.258748 0.151566 0.95398 10.3423 0 0 0 1 
27844314100180;2.13141;0.278061;0.91968 0.25748 0.296466 9.15922 -0.306708 0.942478 0.132914 -9.49386 -0.24519 -0.213167 0.945749 -16.3362 0 0 0 1 
27844314100181;0.683715;0.387081;0.999246 0.0353934 0.015951 1.61181 -0.0361141 0.998222 0.0474241 -0.481985 -0.0142441 -0.0479644 0.998747 -1.90715 0 0 0 1 
27844314100182;1.078;0.26411;0.982136 -0.0758609 0.172203 -3.23855 0.0638762 0.995202 0.0741089 1.34097 -0.176999 -0.0617854 0.98227 -5.78418 0 0 0 1 
27844314100183;1.04239;0.240371;0.903736 -0.200974 0.377983 -9.69186 0.0903625 0.952613 0.290453 1.51001 -0.418445 -0.228338 0.879071 -19.5562 0 0 0 1 
27844314100184;1.3844;0.256377;0.9838 -0.0371997 0.175365 -1.21329 0.0201267 0.994968 0.0981487 -0.621655 -0.178134 -0.0930292 0.979599 -8.64356 0 0 0 1 
27844314100186;0.793481;0.306079;0.972148 0.109867 -0.207019 5.85537 -0.0596955 0.970257 0.234601 -2.66149 0.226636 -0.215708 0.949793 -6.70553 0 0 0 1 
27844314100187;1.90684;0.295379;0.996793 0.0795589 0.00855858 6.1337 -0.0792317 0.996294 -0.033472 -2.32556 -0.0111899 0.0326866 0.999403 3.33464 0 0 0 1 
27844314100188;0.899725;0.657869;0.90752 0.0448351 0.417609 2.22806 -0.0528457 0.998574 0.00763258 -1.58168 -0.416671 -0.0289956 0.908595 -17.0888 0 0 0 1 
27844314100189;2.92803;2.56871;0.995994 -0.0359204 -0.0818898 -2.96152 0.0261196 0.992699 -0.117758 -0.77065 0.0855218 0.115148 0.98966 10.9169 0 0 0 1 
27844314100190;2.25734;0.968154;0.993008 0.109558 -0.0439542 8.1892 -0.115546 0.978315 -0.1719 -6.86103 0.024168 0.175777 0.984133 13.6673 0 0 0 1 
27844314100191;2.96618;1.33468;0.988074 -0.0290181 0.15122 -1.27023 0.0861091 0.918293 -0.386424 -5.3604 -0.127651 0.394837 0.90984 24.4149 0 0 0 1 
27844314100192;2.51273;0.888626;0.925048 -0.135797 -0.354748 -11.3627 0.101705 0.988361 -0.113135 1.38138 0.365982 0.0685755 0.928092 16.789 0 0 0 1 
27844314100193;1.47826;0.685988;0.994909 0.0321652 -0.0955036 2.00818 -0.0277531 0.998501 0.0471731 -0.776714 0.0968778 -0.0442824 0.994311 1.13233 0 0 0 1 
27844314100194;2.31253;1.31395;0.97074 0.0157439 -0.239616 -1.58893 -0.00820561 0.99944 0.0324253 0.027065 0.239993 -0.0295103 0.970326 7.24023 0 0 0 1 
27844314100195;2.39108;0.301408;0.980394 -0.180499 -0.0790374 -12.0982 0.14788 0.93908 -0.310258 -0.297599 0.130224 0.292487 0.947361 22.1115 0 0 0 1 
27844314100196;0.463067;0.861709;0.995269 0.0319331 0.0917617 3.2932 -0.0369678 0.997873 0.0537008 -1.2635 -0.0898516 -0.0568389 0.994332 -6.99855 0 0 0 1 
27844314100197;2.03095;1.98942;0.99488 -0.0475703 -0.089168 -3.67522 0.0376318 0.993219 -0.110001 -0.161855 0.0937961 0.106082 0.989924 9.35213 0 0 0 1 
27844314100198;1.85236;0.222394;0.977528 -0.126401 -0.168707 -8.84465 0.130749 0.991304 0.014869 4.08712 0.16536 -0.036593 0.985554 4.14771 0 0 0 1 
27844314100199;0.504668;0.453835;0.988166 -0.140025 -0.0626124 -9.8236 0.146351 0.982922 0.111558 4.24098 0.0459222 -0.119401 0.991784 -7.08628 0 0 0 1 
27844314100200;2.93423;0.681841;0.994115 -0.107536 0.0130841 -7.08158 0.108271 0.990246 -0.0876929 1.86841 -0.00352634 0.0885935 0.996062 3.25715 0 0 0 1 
27844314100201;1.21539;0.536137;0.989003 0.0211285 0.146375 1.9588 -0.0472146 0.983057 0.177113 -2.33455 -0.140153 -0.182076 0.973245 -18.1308 0 0 0 1 
27844314100202;1.66781;0.812425;0.936154 0.204964 -0.285665 10.7249 -0.171512 0.97549 0.137848 -5.84104 0.306917 -0.0800517 0.948364 5.98959 0 0 0 1 
27844314100203;0.429271;0.876877;0.932278 -0.123062 0.340167 -8.44666 0.0290023 0.962757 0.26881 -0.653921 -0.360579 -0.24074 0.901126 -29.1455 0 0 0 1 
27844314100204;0.64969;0.920383;0.922795 0.0323779 -0.383928 -1.85157 0.0461658 0.979992 0.193608 0.876006 0.382515 -0.196385 0.902837 -1.41614 0 0 0 1 
27844314100205;2.89316;2.39664;0.995788 -0.006994 -0.0914193 -0.564945 0.00197294 0.99849 -0.0548988 -0.585154 0.0916652 0.0544872 0.994298 5.46289 0 0 0 1 
27844314100206;1.28236;0.395414;0.996316 -0.0552304 0.0656063 -2.74863 0.0661148 0.981912 -0.177419 -0.952806 -0.0546207 0.181103 0.981946 10.3163 0 0 0 1 
27844314100207;1.92404;0.712199;0.977312 0.0899781 -0.191743 4.70151 -0.0733217 0.993031 0.0922732 -2.47166 0.198709 -0.0761207 0.977098 3.0125 0 0 0 1 
27844314100208;1.88311;0.882696;0.916506 0.116859 0.382571 7.71719 -0.0373662 0.977206 -0.208979 -3.2994 -0.398272 0.177235 0.899982 -3.50851 0 0 0 1 
27844314100209;2.33052;0.797729;0.986995 0.158998 0.0236943 11.4286 -0.159086 0.987263 0.0018853 -5.79482 -0.0230928 -0.00563023 0.999717 -3.32707 0 0 0 1 
27844314100210;0.530209;0.744762;0.993994 -0.0468705 0.0988903 -2.52472 0.0541551 0.995911 -0.0723123 0.774543 -0.0950966 0.0772334 0.992467 1.60792 0 0 0 1 
27844314100211;2.44996;1.11021;0.997917 0.0313702 -0.0563612 2.06969 -0.0325411 0.999271 -0.0199789 -1.11986 0.0556933 0.0217714 0.998211 5.42778 0 0 0 1 
27844314100212;2.84301;0.890977;0.992024 0.10856 -0.064062 7.74563 -0.112937 0.991191 -0.0691851 -3.90472 0.0559869 0.0758683 0.995545 4.44575 0 0 0 1 
27844314100213;1.50297;0.397117;0.997605 0.0634663 0.027516 5.78098 -0.0579311 0.9839 -0.169071 -4.6893 -0.0378033 0.167072 0.98522 10.3524 0 0 0 1 
27844314100214;0.564234;0.380572;0.986587 -0.102809 0.126792 -6.61243 0.104753 0.99446 -0.00874767 2.96683 -0.12519 0.0219122 0.991891 -2.31258 0 0 0 1 
27844314100215;0.386204;0.53539;0.994236 0.0356957 -0.101099 2.16817 -0.0432014 0.996392 -0.0730515 -1.90477 0.0981266 0.0769981 0.992191 8.39122 0 0 0 1 
27844314100217;0.459527;0.98901;0.995764 0.0148064 -0.0907483 0.464017 -0.0162451 0.999753 -0.0151362 -0.843728 0.0905018 0.0165463 0.995759 2.91341 0 0 0 1 
27844314100218;2.20727;0.263101;0.974468 0.223587 -0.020502 3.53885 -0.22381 0.974588 -0.00930356 -7.69406 0.0179008 0.0136546 0.999747 3.4965 0 0 0 1 
27844314100219;2.19715;0.449853;0.996048 -0.0857248 -0.0232474 -1.79918 0.0849004 0.995796 -0.0343937 2.36434 0.0260981 0.0322841 0.999138 4.0689 0 0 0 1 
27844314100220;1.31114;0.310704;0.997476 -0.0168033 -0.0689858 0.77887 0.0150696 0.999559 -0.0255765 -0.40826 0.0693852 0.0244723 0.99729 2.44803 0 0 0 1 
27844314100221;1.65894;1.66863;0.999864 0.0138748 0.00894204 0.464828 -0.0141614 0.999361 0.0328278 -0.430833 -0.00848084 -0.0329499 0.999421 -0.386892 0 0 0 1 
27844314100222;1.73745;0.23469;0.948289 0.268651 -0.169043 4.09545 -0.247762 0.959393 0.134829 -9.11562 0.1984 -0.0859743 0.976343 5.18409 0 0 0 1 
27844314100223;2.40198;1.40293;0.99793 -0.0211784 -0.0607291 0.810229 0.0208301 0.999763 -0.00636189 0.993542 0.0608494 0.00508372 0.998134 3.55737 0 0 0 1 
27844314100224;0.843273;0.788931;0.998676 0.0435991 -0.0273162 0.809411 -0.0412646 0.99587 0.0808701 -1.27517 0.0307292 -0.0796358 0.99635 -0.282931 0 0 0 1 
27844314100225;1.09219;1.51662;0.999899 0.0137879 0.00345395 0.893875 -0.0135509 0.998036 -0.0611677 -0.444496 -0.00429054 0.0611147 0.998122 1.05769 0 0 0 1 
27844314100226;2.28577;0.308427;0.926897 0.260544 -0.270145 1.92248 -0.188455 0.945557 0.265342 -6.56228 0.32457 -0.195034 0.925535 8.53876 0 0 0 1 
27844314100227;0.739768;1.06282;0.989761 0.0495775 -0.133848 0.827169 -0.0451027 0.998324 0.0362612 -1.35126 0.135421 -0.029853 0.990338 3.7772 0 0 0 1 
27844314100228;0.965544;0.15889;0.990146 0.0814861 -0.113891 1.35958 -0.0773848 0.996199 0.0399869 -2.71612 0.116717 -0.0307794 0.992688 3.93537 0 0 0 1 
27844314100229;0.882458;0.822757;0.96557 0.0336302 0.25796 1.12935 0.0124291 0.984512 -0.174874 -0.595556 -0.259845 0.17206 0.950198 -5.76774 0 0 0 1 
27844314100230;0.333053;0.283037;0.951131 0.158171 -0.265203 0.466391 -0.065998 0.943132 0.3258 -1.86268 0.301654 -0.292375 0.907481 3.17962 0 0 0 1 
27844314100231;2.08116;0.212677;0.995569 -0.0421048 0.0840784 -0.0998733 0.0439249 0.998836 -0.0199154 0.996895 -0.0831421 0.0235203 0.99626 0.410055 0 0 0 1 
27844314100232;2.3687;0.909189;0.999535 -0.011786 -0.0281229 -1.63888 0.0110126 0.999561 -0.0275017 1.30738 0.0284347 0.0271792 0.999226 0.0918678 0 0 0 1 
27844314100233;0.91161;0.72669;0.998012 0.0590365 -0.02207 1.65281 -0.0587257 0.998169 0.014478 -2.04075 0.0228844 -0.0131532 0.999652 -0.498253 0 0 0 1 
27844314100234;2.15311;1.02599;0.997949 0.0106173 0.0631272 1.56674 -0.0113758 0.999867 0.011669 0.241774 -0.0629949 -0.0123632 0.997937 -4.79558 0 0 0 1 
27844314100235;1.5865;0.470223;0.942773 0.00318318 -0.33342 -4.50059 -0.0170353 0.999108 -0.0386301 -0.787972 0.332999 0.0420993 0.941987 10.3848 0 0 0 1 
27844314100236;0.801975;0.807822;0.999784 0.00919406 -0.0186389 1.09587 -0.010452 0.997592 -0.0685588 -0.591872 0.0179637 0.0687388 0.997473 1.76961 0 0 0 1 
27844314100237;0.36254;0.282498;0.988128 0.137275 -0.0689842 1.91622 -0.133943 0.989685 0.050828 -4.02842 0.0752501 -0.0409846 0.996322 1.71709 0 0 0 1 
27844314100238;0.509991;0.307599;0.993843 0.0261149 -0.107677 0.322578 -0.0637248 0.929732 -0.362681 -4.89 0.0906398 0.367309 0.925672 8.90312 0 0 0 1 
27844314100239;2.45541;1.55459;0.999053 0.028905 -0.032533 0.307585 -0.0282213 0.999375 0.0212836 -1.08755 0.0331278 -0.0203454 0.999244 3.07943 0 0 0 1 
27844314100240;0.531694;0.224043;0.996418 -0.0810407 0.0241474 -1.53585 0.0804901 0.996491 0.0229665 2.40492 -0.0259238 -0.0209406 0.999445 -0.662931 0 0 0 1 
27844314100241;1.90316;0.298709;0.998233 -0.0460514 0.0375625 1.00212 0.0434768 0.996826 0.0666961 2.14204 -0.0405147 -0.0649451 0.997066 -3.67863 0 0 0 1 
27844314100242;0.857743;0.256541;0.987866 0.0329459 0.151775 1.3941 -0.0372158 0.998985 0.0253779 -0.721398 -0.150785 -0.0307184 0.988089 -4.43447 0 0 0 1 
27844314100243;1.52979;1.86186;0.988561 -0.000306913 -0.15082 -0.505022 -0.00655256 0.998966 -0.0449821 -0.108428 0.150678 0.0454559 0.987537 4.98011 0 0 0 1 
27844314100244;1.45043;0.678309;0.984682 0.121402 -0.125152 0.941665 -0.0760749 0.94499 0.318129 -1.73354 0.156889 -0.303735 0.939751 0.153525 0 0 0 1 
27844314100245;0.353496;0.518149;0.995467 0.0785926 0.0535559 1.97289 -0.0879633 0.974951 0.204285 -2.14259 -0.0361591 -0.20807 0.977445 -4.95717 0 0 0 1 
27844314100246;0.304746;0.183953;0.994501 0.100417 0.029732 1.85974 -0.0928073 0.97659 -0.194058 -4.31149 -0.0485228 0.190231 0.980539 1.94699 0 0 0 1 
27844314100248;1.91005;1.57849;0.999921 -0.00970873 0.00794716 -0.641231 0.00943725 0.999394 0.0335127 0.613269 -0.00826771 -0.033435 0.999407 -2.3205 0 0 0 1 
27844314100249;1.74539;0.836496;0.91962 0.0117804 0.392632 1.07872 0.0195068 0.996947 -0.0756008 0.245897 -0.392324 0.077183 0.916583 4.26768 0 0 0 1 
27844314100250;2.4193;1.79347;0.887309 0.0338717 -0.45993 1.25591 -0.0300715 0.999426 0.0155883 -0.595163 0.460194 -9.17826e-07 0.887818 0.566745 0 0 0 1 
27844314100251;0.382775;0.206763;0.997893 0.0315802 0.0566682 1.88008 -0.0397627 0.987941 0.149635 -0.48126 -0.0512594 -0.151573 0.987116 -8.37893 0 0 0 1 
27844314100252;0.517763;0.646823;0.994915 0.00533704 -0.100573 0.317848 -0.030731 0.96706 -0.252687 -2.47232 0.0959112 0.254493 0.962307 13.2565 0 0 0 1 
27844314100253;0.421961;0.341267;0.995641 0.0177358 0.0915645 1.27439 -0.0112642 0.997433 -0.0707172 -0.591153 -0.0925836 0.0693776 0.993285 3.3975 0 0 0 1 
27844314100254;1.06506;0.288546;0.998282 0.0522735 -0.026465 2.91781 -0.0447855 0.972021 0.230584 -1.29497 0.037778 -0.229003 0.972692 -13.0391 0 0 0 1 
27844314100255;0.41574;0.328708;0.944866 0.0102654 -0.327296 -0.173378 -0.02257 0.999173 -0.0338186 -0.407394 0.326678 0.0393412 0.944316 2.84573 0 0 0 1 
27844314100256;0.221269;0.109173;0.999732 0.00424737 -0.0227661 0.151182 -0.00303131 0.99858 0.0531864 0.124803 0.0229597 -0.0531031 0.998325 -3.04304 0 0 0 1 
27844314100257;0.472366;0.27488;0.996077 0.0506186 0.0725881 2.97588 -0.0755131 0.913861 0.398942 -3.96617 -0.0461416 -0.402859 0.914098 -21.4189 0 0 0 1 
27844314100258;0.965959;0.491855;0.96202 0.0155613 -0.272533 -0.308046 -0.00428754 0.999112 0.0419134 0.136626 0.272944 -0.0391531 0.961233 -1.1226 0 0 0 1 
27844314100259;0.701583;0.66721;0.999613 0.0241364 -0.0138065 1.52181 -0.0243185 0.999617 -0.0131829 -0.223445 0.0134831 0.0135135 0.999818 0.266838 0 0 0 1 
27844314100260;1.49458;1.07657;0.99124 0.0267409 -0.129337 0.770319 0.0110982 0.95896 0.283324 -0.712698 0.131606 -0.282278 0.950263 -14.0294 0 0 0 1 
27844314100261;0.461097;0.13647;0.980995 -0.0229534 -0.192671 -1.86727 0.011917 0.998231 -0.0582457 -0.113678 0.193667 0.0548427 0.979533 3.51999 0 0 0 1 
