#;prob_registration_l1 -r /home/probabilistic_point_clouds_registration/build/tester /home/point_clouds_registration_benchmark//devel/registration_pairs/pioneer_slam_local.txt /home/point_clouds_registration_benchmark//tum/pioneer_slam -s 0.1 -t 0.1 -p 0.3 -r 1000 -m 20 -i 40 
id;initial_error;final_error;transformation
1807261650000;0.252801;0.091615;0.995389 0.0485049 0.0827573 -0.227564 -0.0453718 0.998196 -0.0393303 0.31031 -0.0845157 0.0353941 0.995793 0.182079 0 0 0 1 
1807261650001;0.370505;0.0913964;0.971328 0.12448 0.202552 -0.0473027 -0.163325 0.968491 0.188018 0.529194 -0.172765 -0.215709 0.961052 0.862574 0 0 0 1 
1807261650002;0.611698;0.139033;0.99997 0.00770628 -0.000408272 0.221613 -0.0077144 0.999617 -0.0265661 -0.649696 0.00020339 0.0265684 0.999647 0.576971 0 0 0 1 
1807261650003;0.65444;0.219809;0.960199 0.274521 -0.0515401 0.344949 -0.270135 0.95961 0.0785817 0.964676 0.0710307 -0.0615312 0.995574 -0.978108 0 0 0 1 
1807261650004;0.70178;0.177303;0.911519 0.370194 0.179133 0.102886 -0.342913 0.924607 -0.165869 1.42635 -0.227031 0.0897653 0.969742 1.39243 0 0 0 1 
1807261650005;0.564667;0.0949478;0.990175 -0.139561 0.00872626 0.108914 0.139642 0.990157 -0.00948101 -0.171904 -0.00731718 0.0106064 0.999917 0.763961 0 0 0 1 
1807261650006;0.456118;0.109845;0.996886 -0.0420642 -0.0666998 -0.241755 0.0317335 0.988327 -0.149005 0.257244 0.072189 0.146424 0.986584 -0.684274 0 0 0 1 
1807261650007;0.0911852;0.0443993;0.997862 0.00603889 0.0650732 -0.0992062 -0.00697088 0.999876 0.0141046 -0.0227216 -0.06498 -0.0145281 0.997781 0.261251 0 0 0 1 
1807261650008;0.628711;0.213246;0.956474 -0.042525 0.288704 0.646933 0.00704202 0.992401 0.122847 -0.2363 -0.291734 -0.115467 0.949505 0.75585 0 0 0 1 
1807261650009;0.268333;0.238568;0.9837 -0.179723 -0.00579538 0.0191191 0.179683 0.983701 -0.00678396 -0.417623 0.00692016 0.00563205 0.99996 -0.108471 0 0 0 1 
1807261650010;0.71038;0.214313;0.948169 0.317432 0.0145776 0.0992825 -0.317508 0.94825 0.0031743 0.991133 -0.0128156 -0.00763827 0.999889 -0.843308 0 0 0 1 
1807261650011;0.818748;0.17546;0.909507 0.415645 -0.00612139 0.101873 -0.415672 0.909505 -0.00419175 1.59107 0.00382515 0.00635692 0.999972 -0.87895 0 0 0 1 
1807261650012;0.646177;0.0682901;0.999922 0.0123338 0.00183879 0.139707 -0.0122405 0.998949 -0.0441801 -0.537435 -0.00238176 0.0441542 0.999022 -0.710742 0 0 0 1 
1807261650013;0.5425;0.0341905;0.988194 0.0366634 -0.148753 -0.0268596 -0.0432041 0.998226 -0.0409783 -0.08481 0.146987 0.0469213 0.988025 -1.2195 0 0 0 1 
1807261650014;0.402811;0.152497;0.949935 0.178184 -0.256659 0.306192 -0.148316 0.980155 0.131528 0.383805 0.275002 -0.0868765 0.957511 -1.36721 0 0 0 1 
1807261650015;0.62098;0.102536;0.904206 -0.378046 0.198726 0.339931 0.376058 0.925291 0.0491582 -0.968883 -0.202464 0.0302834 0.978821 1.30496 0 0 0 1 
1807261650016;0.314215;0.160043;0.992306 0.113291 -0.0499458 -0.0981558 -0.111353 0.992975 0.0400247 0.514859 0.0541293 -0.0341551 0.99795 0.00133074 0 0 0 1 
1807261650017;0.544853;0.201795;0.949392 0.107788 -0.29502 0.122367 -0.205028 0.924232 -0.322116 0.822628 0.237947 0.366301 0.899558 -1.09749 0 0 0 1 
1807261650018;0.870541;0.181964;0.888738 0.442377 0.120195 0.14553 -0.434164 0.896425 -0.0890225 1.92337 -0.147127 0.0269337 0.988751 1.21958 0 0 0 1 
1807261650019;0.408282;0.166758;0.970624 0.240558 -0.00466155 -0.268517 -0.240569 0.97063 -0.00184413 0.612149 0.00408102 0.00291138 0.999987 0.313823 0 0 0 1 
1807261650020;0.378251;0.142683;0.963569 0.0244067 -0.266345 0.0227817 -0.117123 0.933775 -0.338153 0.429152 0.240453 0.357028 0.902615 -0.905463 0 0 0 1 
1807261650021;0.0584465;0.102131;0.99903 0.0352099 -0.0264318 -0.0162985 -0.0349909 0.99935 0.00870411 -0.0448468 0.0267211 -0.00777079 0.999613 -0.062101 0 0 0 1 
1807261650022;0.492617;0.140991;0.979209 -0.119138 -0.164182 0.216719 0.105113 0.990228 -0.091646 -0.194702 0.173496 0.072483 0.982164 -1.15354 0 0 0 1 
1807261650023;0.436303;0.251258;0.949918 0.310898 0.0316093 0.0135243 -0.311742 0.949796 0.0265587 1.03362 -0.0217653 -0.0350825 0.999147 0.172183 0 0 0 1 
1807261650024;0.611538;0.157416;0.995561 -0.0215538 0.0916166 0.134742 0.0286401 0.996639 -0.07675 0.304474 -0.0896544 0.0790332 0.992832 -0.375858 0 0 0 1 
1807261650025;0.222007;0.12007;0.99048 -0.113697 -0.0776066 -0.106814 0.101761 0.984411 -0.143454 -0.324245 0.0927071 0.134191 0.986609 -0.123872 0 0 0 1 
1807261650026;0.125003;0.0814721;0.997644 -0.00563281 -0.0683764 -0.24376 -0.00178737 0.994152 -0.107976 0.0485301 0.0685848 0.107844 0.991799 -0.116386 0 0 0 1 
1807261650027;0.446617;0.163313;0.917164 -0.394054 0.0594267 0.187638 0.388377 0.917263 0.0882671 -1.2966 -0.0892919 -0.0578755 0.994323 0.384661 0 0 0 1 
1807261650028;0.18577;0.192202;0.983143 0.171792 -0.0625961 0.0891035 -0.173795 0.984382 -0.0280526 0.224241 0.0567992 0.0384586 0.997645 -0.186421 0 0 0 1 
1807261650029;0.503137;0.204802;0.986494 0.0909354 -0.136238 0.0803919 -0.120012 0.967325 -0.223338 0.825778 0.111477 0.236672 0.965173 -0.264932 0 0 0 1 
1807261650031;0.869936;0.851542;0.999905 0.0120205 -0.00669825 0.0776623 -0.0101322 0.972497 0.232696 -0.0257614 0.00931115 -0.232606 0.972527 -0.935199 0 0 0 1 
1807261650032;0.361529;0.260426;0.975487 -0.00445619 -0.220012 -0.0125342 -0.0362908 0.982848 -0.180812 0.133611 0.217044 0.184365 0.958593 0.299798 0 0 0 1 
1807261650033;0.495733;0.446159;0.998123 0.0369951 0.0488133 0.064895 -0.0365105 0.999275 -0.0107818 0.121729 -0.0491768 0.00897932 0.99875 0.0562549 0 0 0 1 
1807261650034;1.09057;0.886339;0.993625 0.107216 -0.0348569 0.55846 -0.109148 0.992255 -0.0593015 0.61936 0.0282289 0.062728 0.997631 0.722194 0 0 0 1 
1807261650035;0.885672;0.9187;0.989627 0.0769485 -0.121317 0.314509 -0.0594418 0.988103 0.141842 0.313382 0.130788 -0.13316 0.982427 -0.0686925 0 0 0 1 
1807261650036;0.893017;0.297;0.986835 0.0559186 0.151755 0.180874 -0.0669088 0.995418 0.0683042 0.276045 -0.14724 -0.0775587 0.986055 0.740584 0 0 0 1 
1807261650037;0.513994;0.430771;0.999864 0.0127763 0.0103895 0.183307 -0.0135059 0.997205 0.0734882 0.267232 -0.0094216 -0.0736185 0.997242 -0.487778 0 0 0 1 
1807261650038;0.984234;0.493607;0.920888 0.0517956 0.386372 -0.0725562 -0.0279017 0.997349 -0.0671996 0.468874 -0.388828 0.0511029 0.919892 -0.218684 0 0 0 1 
1807261650039;0.787771;0.351525;0.986606 0.0595539 0.151861 0.123788 -0.0373902 0.988749 -0.144833 0.37158 -0.158778 0.137215 0.977733 -0.125916 0 0 0 1 
1807261650040;0.449489;0.165136;0.972075 0.00527402 0.23461 0.00176156 -0.0112352 0.999647 0.0240795 0.136002 -0.2344 -0.026043 0.971791 0.566063 0 0 0 1 
1807261650041;0.636202;0.209587;0.99984 0.0170083 -0.00556462 0.242237 -0.0169964 0.999853 0.00219408 0.419694 0.00560112 -0.00209915 0.999982 -0.325058 0 0 0 1 
1807261650042;0.394001;0.28314;0.999924 0.00812205 -0.00931218 -0.0818489 -0.00832198 0.999731 -0.0216359 0.135229 0.00913395 0.0217117 0.999723 0.0949311 0 0 0 1 
1807261650043;0.493104;0.312494;0.942334 0.235658 0.237639 0.811278 -0.229636 0.971826 -0.0531249 0.771362 -0.243463 -0.00450894 0.9699 0.297091 0 0 0 1 
1807261650044;0.603128;0.485189;0.998846 0.0422462 -0.0228675 -0.0222653 -0.0421527 0.999101 0.00455778 0.27037 0.0230394 -0.00358859 0.999728 -0.430691 0 0 0 1 
1807261650045;0.822026;0.287854;0.991424 -0.0564993 -0.117837 -0.103574 0.0972557 0.921283 0.376535 -0.440699 0.0872874 -0.384766 0.918877 -1.84517 0 0 0 1 
1807261650046;0.726796;1.13224;0.999286 -0.025811 -0.0276083 -0.167667 0.0222033 0.992056 -0.123824 0.748075 0.030585 0.123123 0.99192 0.790408 0 0 0 1 
1807261650047;0.841796;0.563994;0.998123 0.0174419 -0.058699 0.0393951 -0.0186381 0.999628 -0.0198917 0.251794 0.0583303 0.0209484 0.998078 0.653912 0 0 0 1 
1807261650048;0.923373;0.115628;0.984164 0.010731 0.176934 0.113961 -0.0448056 0.980812 0.189737 0.241682 -0.171503 -0.19466 0.965761 0.441838 0 0 0 1 
1807261650049;0.894299;0.812884;0.967508 0.0146091 0.252417 0.0314939 -0.0383048 0.995275 0.089218 0.204527 -0.249921 -0.095988 0.963497 0.515553 0 0 0 1 
1807261650050;0.776112;0.946873;0.980448 -0.0805597 0.179533 -0.436547 0.123651 0.961956 -0.243621 0.763812 -0.153077 0.261057 0.953109 1.26688 0 0 0 1 
1807261650051;0.472646;0.977493;0.981195 0.104208 0.162474 0.298787 -0.103407 0.994549 -0.0133978 0.910705 -0.162984 -0.00365512 0.986622 0.513447 0 0 0 1 
1807261650052;0.367213;0.319127;0.998778 0.0218047 0.0443614 0.0643038 -0.0301833 0.979737 0.197999 0.0889754 -0.0391452 -0.199096 0.979198 -0.414216 0 0 0 1 
1807261650053;0.543637;0.256376;0.905757 0.0184345 -0.423396 0.272708 -0.115129 0.972185 -0.203964 0.495892 0.407859 0.233487 0.882686 0.307419 0 0 0 1 
1807261650054;0.296591;0.917441;0.993154 0.00810252 -0.116532 0.0358079 -0.0287768 0.983817 -0.176848 0.883183 0.113213 0.178991 0.977315 0.232911 0 0 0 1 
1807261650055;0.546573;1.1181;0.969081 0.0888737 -0.230183 0.102306 -0.00584023 0.940881 0.338686 0.864283 0.246676 -0.32687 0.912309 -0.881006 0 0 0 1 
1807261650056;0.638977;0.220315;0.996224 0.0767048 -0.0406736 0.0661211 -0.0785137 0.995901 -0.0449169 0.687306 0.0370615 0.0479407 0.998162 0.391121 0 0 0 1 
1807261650057;0.733154;1.08954;0.9992 0.0306786 -0.0256567 -0.152588 -0.0351025 0.980166 -0.195045 1.18225 0.0191641 0.19579 0.980459 0.486924 0 0 0 1 
1807261650058;1.00454;0.905793;0.970554 0.109791 -0.214409 0.595167 -0.0987222 0.9932 0.0617027 0.714436 0.219726 -0.0387188 0.974793 -0.0339565 0 0 0 1 
1807261650059;0.328863;0.339496;0.960362 -0.0827957 0.266176 -0.239192 -0.0287184 0.920404 0.389913 0.0029752 -0.277273 -0.382102 0.881543 -0.684428 0 0 0 1 
1807261650060;0.479524;0.392822;0.999723 0.0234999 0.000886823 0.0309731 -0.0234502 0.999021 -0.037503 0.0706521 -0.00176727 0.0374718 0.999296 -0.0749769 0 0 0 1 
1807261650062;0.610394;0.15493;0.99519 0.0905245 -0.0374489 0.362348 -0.0926045 0.994004 -0.0581396 0.303187 0.0319613 0.0613279 0.997606 -0.55855 0 0 0 1 
1807261650063;0.0702684;0.159414;0.999601 0.010599 0.0262007 -0.0352771 -0.00931742 0.998777 -0.0485625 0.191988 -0.0266834 0.048299 0.998476 0.12994 0 0 0 1 
1807261650064;0.431381;0.186115;0.973072 -0.122396 -0.19532 -0.38235 0.103309 0.989079 -0.105122 -0.0491147 0.206053 0.0821131 0.97509 -0.244796 0 0 0 1 
1807261650065;0.67345;0.195883;0.984179 0.0256017 -0.17532 0.0318412 0.0522462 0.903572 0.425238 0.311043 0.169301 -0.42767 0.887939 -1.8317 0 0 0 1 
1807261650066;0.179936;0.199498;0.991657 -0.128155 -0.013909 -0.606752 0.127545 0.991093 -0.0383017 0.168494 0.0186937 0.0362081 0.999169 0.147309 0 0 0 1 
1807261650067;0.697139;0.315605;0.936534 -0.345352 -0.0603046 -1.26671 0.348211 0.9363 0.0457248 -0.140802 0.040672 -0.0638215 0.997132 -0.95975 0 0 0 1 
1807261650068;0.609754;0.487713;0.957685 -0.285575 -0.0358567 -1.24621 0.28531 0.958355 -0.0124229 0.286349 0.0379111 0.00166698 0.99928 0.100012 0 0 0 1 
1807261650069;0.14606;0.189983;0.996334 -0.0716815 -0.0467011 -0.378875 0.0703565 0.997088 -0.0294251 0.197652 0.0486743 0.0260315 0.998475 0.0432996 0 0 0 1 
1807261650070;0.531087;0.140968;0.982477 0.073096 -0.171452 0.431437 -0.0119259 0.942658 0.333548 0.131282 0.186002 -0.325659 0.927011 -1.81574 0 0 0 1 
1807261650071;0.140553;0.15032;0.992465 -0.00694315 -0.122328 -0.0378783 -0.00408665 0.995962 -0.0896852 0.312138 0.122456 0.0895093 0.988429 0.209454 0 0 0 1 
1807261650072;0.380476;0.317477;0.99627 0.0285547 -0.0814326 0.202001 -0.0343743 0.996885 -0.0709832 0.0800728 0.0791521 0.0735176 0.994148 0.0497142 0 0 0 1 
1807261650073;0.531138;0.277155;0.98392 -0.125282 0.127301 -0.33972 0.0791351 0.944743 0.318118 -0.1494 -0.160122 -0.302929 0.939465 -0.705796 0 0 0 1 
1807261650074;0.56209;0.164565;0.947617 0.197232 0.251239 0.73273 -0.178074 0.979218 -0.0970681 0.805925 -0.265163 0.0472442 0.963046 0.526451 0 0 0 1 
1807261650075;0.57785;0.166552;0.999602 -0.0271835 -0.00752859 -0.101233 0.0270738 0.999531 -0.0143126 0.761588 0.00791412 0.014103 0.999869 -0.413486 0 0 0 1 
1807261650076;0.523862;0.253732;0.981245 -0.173925 -0.0831175 -0.776461 0.154641 0.967671 -0.199248 0.422436 0.115085 0.182658 0.976418 1.11549 0 0 0 1 
1807261650077;0.611234;0.482443;0.999002 0.00292834 0.0445734 0.0174179 0.0069562 0.975477 -0.219992 -0.263357 -0.0441246 0.220082 0.974483 0.513201 0 0 0 1 
1807261650078;0.330727;0.177114;0.948398 0.0596897 -0.311415 0.371542 -0.0539139 0.998177 0.0271313 0.259184 0.312466 -0.00894169 0.949887 0.150785 0 0 0 1 
1807261650079;0.421945;0.304813;0.921889 -0.143564 -0.359875 -0.52664 0.08583 0.981413 -0.171643 -0.129664 0.377828 0.127347 0.917076 0.691476 0 0 0 1 
1807261650080;0.560936;0.281471;0.979293 0.127557 -0.157209 0.782772 -0.178214 0.911577 -0.370496 0.303289 0.0960489 0.39084 0.915433 1.32174 0 0 0 1 
1807261650081;0.503671;0.161588;0.983371 0.099458 0.151952 0.388045 -0.118614 0.985332 0.122686 0.171423 -0.137521 -0.138669 0.980744 -1.1508 0 0 0 1 
1807261650082;0.722741;0.348389;0.996938 0.0781387 0.00290572 0.477501 -0.0776159 0.993406 -0.0843765 0.0619239 -0.00947963 0.0838926 0.99643 -0.481561 0 0 0 1 
1807261650083;0.552134;0.232112;0.997514 -0.0621279 -0.0332492 -0.0769416 0.058704 0.99369 -0.0955744 -0.33936 0.0389772 0.0933849 0.994867 0.0580404 0 0 0 1 
1807261650084;0.867721;0.171094;0.930158 0.354176 -0.0967754 2.22197 -0.334657 0.92626 0.173339 0.43192 0.151032 -0.128846 0.980096 -0.870994 0 0 0 1 
1807261650085;0.404997;0.16633;0.97788 -0.159404 -0.13543 -0.629267 0.091819 0.908891 -0.4068 -0.0688056 0.187937 0.385367 0.903422 1.08238 0 0 0 1 
1807261650086;0.258185;0.192147;0.998451 -0.055131 0.00745977 -0.15727 0.0556283 0.991162 -0.120429 0.229124 -0.000754458 0.120658 0.992694 0.675684 0 0 0 1 
1807261650087;0.211815;0.202727;0.9898 0.138338 0.0340404 0.64355 -0.13422 0.985614 -0.102716 0.226743 -0.0477602 0.0970996 0.994128 0.398147 0 0 0 1 
1807261650088;0.669831;0.29773;0.957325 -0.288019 -0.0239517 -1.19596 0.263064 0.902696 -0.340494 0.190606 0.11969 0.319663 0.939941 0.637691 0 0 0 1 
1807261650089;0.143654;0.183333;0.992859 0.0573955 0.10458 0.152486 -0.0598996 0.997984 0.0209604 0.101254 -0.103167 -0.0270751 0.994296 -0.00344536 0 0 0 1 
1807261650090;0.732491;0.39883;0.991242 0.110223 -0.0727375 0.370679 -0.118931 0.984502 -0.128881 0.898678 0.0574046 0.136403 0.988989 0.600135 0 0 0 1 
1807261650091;0.403612;0.185209;0.981463 0.182114 -0.0597154 0.85813 -0.158978 0.947618 0.277032 0.0878311 0.107039 -0.262403 0.959003 -0.739472 0 0 0 1 
1807261650093;1.16071;0.330937;0.891206 0.307086 0.333841 -0.384354 -0.296454 0.95137 -0.0837264 0.165659 -0.343318 -0.024351 0.938904 -0.264069 0 0 0 1 
1807261650094;0.696816;0.355135;0.978928 0.203762 0.0134865 -0.165092 -0.20264 0.977458 -0.0592757 -0.0468615 -0.0252606 0.0552937 0.998151 -0.0872448 0 0 0 1 
1807261650095;0.832378;0.321587;0.934974 0.121171 0.333379 0.406171 -0.128296 0.991736 -0.000648788 0.234948 -0.330702 -0.0421646 0.942793 -0.0530795 0 0 0 1 
1807261650096;1.24922;0.401016;0.970737 0.217958 0.100816 0.102568 -0.159482 0.898981 -0.407919 -0.462233 -0.179541 0.379904 0.907435 0.713704 0 0 0 1 
1807261650097;1.57732;0.323632;0.959804 0.15332 0.235096 0.347698 -0.196899 0.964733 0.174701 0.0959081 -0.200019 -0.213969 0.956143 0.934153 0 0 0 1 
1807261650098;0.431654;0.36563;0.942903 -0.298799 0.147148 0.0043938 0.309073 0.949603 -0.0522338 -0.264324 -0.124125 0.094731 0.987734 0.302581 0 0 0 1 
1807261650099;1.43162;0.379063;0.980402 -0.192898 0.0400227 0.642757 0.195995 0.93448 -0.29721 0.319029 0.0199306 0.299229 0.953973 0.596779 0 0 0 1 
1807261650100;0.198846;0.237592;0.996992 -0.0479524 -0.0608928 0.145674 0.0553608 0.990425 0.126469 -0.210541 0.0542452 -0.12946 0.9901 -0.101472 0 0 0 1 
1807261650101;0.403364;0.290306;0.993743 -0.102665 0.0439772 0.185039 0.104524 0.993623 -0.0422794 -0.169805 -0.0393562 0.0466115 0.998137 -0.177919 0 0 0 1 
1807261650102;0.400187;0.323206;0.995472 -0.055713 0.0770198 -0.119332 0.0576537 0.998067 -0.0232064 -0.19297 -0.0755781 0.0275418 0.996759 0.00238011 0 0 0 1 
1807261650103;1.02195;0.353779;0.956471 0.253574 0.144446 0.0211382 -0.269501 0.957383 0.103862 -0.266617 -0.111953 -0.138269 0.984047 0.548128 0 0 0 1 
1807261650104;1.18672;0.234603;0.999754 -0.0167354 -0.0145566 -0.0713912 0.0182487 0.993659 0.110943 -0.565599 0.0126076 -0.111181 0.99372 -0.646442 0 0 0 1 
1807261650105;1.18857;0.352887;0.995416 0.0637938 0.0712499 -0.433526 -0.0650288 0.997768 0.0151468 -0.49994 -0.0701246 -0.0197107 0.997343 0.108205 0 0 0 1 
1807261650106;0.708535;0.273989;0.999692 -0.0179833 0.0171275 -0.252924 0.0184109 0.999514 -0.0251402 -0.333865 -0.0166671 0.0254477 0.999537 0.181817 0 0 0 1 
1807261650107;0.503291;0.2579;0.997974 0.00437297 -0.063477 0.107393 -0.00110519 0.998676 0.0514238 -0.133532 0.0636178 -0.0512494 0.996658 0.243078 0 0 0 1 
1807261650108;1.52224;0.369001;0.9562 -0.217498 0.195898 0.135982 0.24189 0.964003 -0.110397 0.584764 -0.164835 0.152947 0.97439 -0.320876 0 0 0 1 
1807261650109;0.339127;0.238865;0.92514 -0.123682 0.358914 -0.0423666 0.0965526 0.991008 0.0926286 -0.0977703 -0.367143 -0.0510404 0.928763 0.207301 0 0 0 1 
1807261650110;0.998065;0.228062;0.939374 -0.267293 0.21478 0.0618977 0.233152 0.957198 0.171501 -0.267869 -0.251428 -0.111027 0.961487 -0.508316 0 0 0 1 
1807261650111;0.873902;0.317224;0.970804 0.134161 0.198847 0.196655 -0.14468 0.988698 0.0392822 -0.467343 -0.191329 -0.0669044 0.979243 0.425596 0 0 0 1 
1807261650112;0.213542;0.249095;0.997073 -0.0452361 -0.0616419 0.144913 0.0512358 0.993717 0.0995095 -0.183236 0.0567531 -0.102376 0.993125 -0.173889 0 0 0 1 
1807261650113;1.08553;0.347876;0.97316 -0.212664 0.0879362 -0.200326 0.226677 0.95175 -0.206855 -0.67687 -0.0397027 0.221236 0.974412 -0.137226 0 0 0 1 
1807261650114;0.757919;0.440376;0.948664 0.31391 0.0386821 0.311911 -0.29585 0.92396 -0.242427 -0.0417203 -0.111841 0.218538 0.969398 0.555951 0 0 0 1 
1807261650115;1.40826;0.295163;0.966921 0.254837 -0.0110224 -0.463754 -0.254349 0.966527 0.0336545 0.392201 0.0192298 -0.0297377 0.999373 0.243574 0 0 0 1 
1807261650116;0.547781;0.234089;0.984521 0.131911 0.115405 0.0900027 -0.146613 0.980632 0.129864 -0.160157 -0.0960395 -0.144774 0.984793 0.283165 0 0 0 1 
1807261650117;1.14474;0.226809;0.956993 0.283735 -0.0604931 -0.2227 -0.262911 0.936354 0.232635 0.339807 0.122649 -0.206725 0.970681 -0.423582 0 0 0 1 
1807261650118;1.22447;0.379903;0.93965 0.241256 -0.242596 -0.0278805 -0.29523 0.93009 -0.218566 0.0753038 0.172906 0.276997 0.945186 -0.547131 0 0 0 1 
1807261650119;1.49971;0.329728;0.99333 0.100991 -0.0556425 0.126004 -0.10486 0.991901 -0.071671 0.515383 0.0479537 0.0770277 0.995875 -0.751508 0 0 0 1 
1807261650120;0.30517;0.344666;0.943524 0.224006 0.244097 0.18581 -0.237408 0.971047 0.0265483 0.0520268 -0.231083 -0.0829996 0.969387 0.170142 0 0 0 1 
1807261650121;1.42718;0.283311;0.947157 0.267915 0.176396 0.529548 -0.302698 0.928493 0.215116 -0.811498 -0.10615 -0.257143 0.960526 0.27131 0 0 0 1 
1807261650122;1.45607;0.297175;0.959884 -0.204713 0.191611 -0.133297 0.239442 0.954036 -0.180228 -0.392677 -0.145909 0.218878 0.964781 -0.706484 0 0 0 1 
1807261650124;1.36594;7.3943;0.467917 0.775224 0.42436 -2.30731 -0.580568 -0.0923987 0.808952 0.0903891 0.666329 -0.624892 0.406835 2.49993 0 0 0 1 
1807261650125;0.804333;10.3703;-0.046197 -0.965753 0.255316 4.95184 0.908742 0.0655003 0.412188 0.786595 -0.414795 0.251058 0.874594 0.481239 0 0 0 1 
1807261650126;0.880272;10.4289;0.104443 -0.992848 0.0578375 5.02875 0.947096 0.117039 0.298851 0.898331 -0.303483 0.0235648 0.952546 0.470999 0 0 0 1 
1807261650127;1.55898;6.56482;-0.0333301 -0.974723 0.220915 3.01221 0.997686 -0.0455534 -0.0504669 -0.0774048 0.0592547 0.218722 0.973986 -1.25581 0 0 0 1 
1807261650128;0.837192;10.1331;0.0202688 -0.996214 -0.0845382 4.66791 0.994866 0.0117115 0.100518 0.75765 -0.0991474 -0.0861416 0.991337 -0.191619 0 0 0 1 
1807261650129;0.284015;6.4243;0.0351832 -0.98597 0.163173 3.19797 0.999311 0.0327714 -0.0174497 0.0641575 0.0118575 0.163675 0.986443 -0.470054 0 0 0 1 
1807261650130;0.193395;7.33559;0.458611 0.806701 0.372705 -2.59435 -0.526363 -0.091319 0.845342 -0.413537 0.715974 -0.583861 0.382738 2.20702 0 0 0 1 
1807261650131;0.6404;10.4739;-0.0668761 -0.990827 -0.11743 5.21117 0.996952 -0.0710965 0.0321214 1.3012 -0.0401756 -0.114924 0.992562 0.168034 0 0 0 1 
1807261650132;1.48669;10.4929;-0.10078 -0.987838 -0.118406 5.83689 0.994214 -0.104441 0.0251167 1.50223 -0.0371776 -0.115189 0.992648 -0.195457 0 0 0 1 
1807261650133;0.878362;7.26057;0.2666 -0.947696 0.175491 3.43751 0.956548 0.282475 0.0722815 -0.137417 -0.118073 0.148595 0.981824 -0.219852 0 0 0 1 
1807261650134;0.764145;7.37931;0.551728 0.738279 0.387995 -2.66622 -0.623571 0.0562183 0.779743 -0.318372 0.553855 -0.672148 0.491387 2.57846 0 0 0 1 
1807261650135;0.938287;6.54662;-0.0352501 -0.977369 0.208583 3.26076 0.994713 -0.0544577 -0.0870711 -0.00782333 0.0964595 0.204411 0.974121 -0.0342141 0 0 0 1 
1807261650136;0.165136;10.3364;0.0748884 -0.986373 -0.146491 5.15124 0.996782 0.0698346 0.03935 1.00846 -0.0285837 -0.148966 0.988429 -0.0953849 0 0 0 1 
1807261650137;0.685906;6.33292;0.340661 -0.912291 0.22732 2.99374 0.939213 0.319213 -0.12642 -0.0442692 0.0427683 0.256569 0.965579 -0.15935 0 0 0 1 
1807261650138;1.14592;10.5459;0.323311 -0.946188 -0.0140928 5.207 0.915254 0.308889 0.258645 0.566473 -0.240374 -0.0965212 0.96587 -0.0381032 0 0 0 1 
1807261650139;0.608764;10.3622;-0.119061 -0.986813 -0.109659 5.42737 0.991767 -0.123442 0.0340507 0.926367 -0.0471382 -0.104702 0.993386 -0.366675 0 0 0 1 
1807261650140;1.51409;10.4273;0.0829428 -0.989992 -0.11418 4.55509 0.994556 0.0749801 0.0723562 1.41892 -0.0630708 -0.11956 0.990822 0.13725 0 0 0 1 
1807261650141;0.713806;7.2772;0.0995453 0.877169 0.469751 -2.96298 0.993388 -0.114741 0.00374742 -0.491704 0.057187 0.466272 -0.882791 0.243156 0 0 0 1 
1807261650142;1.81337;10.4487;-0.115151 -0.979998 -0.162306 4.63713 0.993322 -0.112414 -0.0259771 1.08373 0.00721212 -0.164214 0.986398 0.59983 0 0 0 1 
1807261650143;1.33398;6.48746;0.0663475 -0.961624 0.266229 3.12633 0.997302 0.0723129 0.0126557 0.422447 -0.0314218 0.264671 0.963827 -0.0589216 0 0 0 1 
1807261650144;0.523192;6.14907;0.257149 -0.944788 0.203102 2.80846 0.911308 0.307011 0.27434 0.0239664 -0.321547 0.114543 0.93994 -0.503818 0 0 0 1 
1807261650145;1.32014;10.3985;-0.168355 -0.9668 -0.192236 5.87641 0.963216 -0.20279 0.176325 1.12867 -0.209455 -0.155479 0.965378 0.164925 0 0 0 1 
1807261650146;0.396214;7.25997;0.402509 -0.844065 0.354317 3.37028 0.885342 0.457339 0.0837268 0.0910957 -0.232714 0.279991 0.93137 -0.466924 0 0 0 1 
1807261650147;1.75836;7.11562;-0.0813398 -0.977869 0.192761 3.1483 0.996241 -0.0739877 0.0450495 -0.164195 -0.0297906 0.195701 0.980211 -1.31605 0 0 0 1 
1807261650148;1.81564;10.4044;0.0802761 -0.98389 -0.159738 5.26985 0.994986 0.0695051 0.0719184 0.500789 -0.0596571 -0.164711 0.984536 0.759319 0 0 0 1 
1807261650149;1.27562;10.4829;-0.171062 -0.96147 -0.215205 5.66815 0.966509 -0.206165 0.152824 0.811432 -0.191304 -0.181855 0.964537 -0.527463 0 0 0 1 
1807261650150;1.69552;10.3606;-0.0907239 -0.994479 0.052732 5.28462 0.995854 -0.0909434 -0.00177161 1.03689 0.00655745 0.0523526 0.998607 0.714712 0 0 0 1 
1807261650151;1.06641;10.5149;-0.0959446 -0.976167 -0.194663 5.48049 0.966384 -0.138214 0.21679 0.909484 -0.238529 -0.167319 0.956613 -0.557951 0 0 0 1 
1807261650152;1.1455;10.3975;-0.0667745 -0.98382 -0.166252 5.47785 0.997233 -0.0712631 0.0211741 0.77836 -0.0326791 -0.164378 0.985856 0.272043 0 0 0 1 
1807261650153;0.956413;10.2645;0.0428588 -0.992623 -0.113412 5.49023 0.99617 0.033799 0.0806352 0.858779 -0.0762072 -0.116433 0.990271 0.166825 0 0 0 1 
1807261650155;0.606131;0.400111;0.995834 -0.0602099 -0.06848 -0.0677822 0.0646079 0.995861 0.0639316 0.057552 0.0643472 -0.0680896 0.995602 -0.663138 0 0 0 1 
1807261650156;0.187806;0.0831314;0.996593 -0.0824542 0.00188407 -0.305838 0.0824382 0.996569 0.00740699 -0.169981 -0.00248834 -0.00722643 0.999971 0.187752 0 0 0 1 
1807261650157;0.551788;0.32259;0.991877 -0.121713 0.0369499 -0.544489 0.126111 0.978895 -0.16081 -0.153641 -0.0165973 0.164164 0.986293 0.935693 0 0 0 1 
1807261650158;0.699792;0.344521;0.983506 -0.171361 -0.0578885 -0.935309 0.175023 0.982381 0.0655383 -0.122468 0.0456379 -0.0745891 0.996169 -0.658614 0 0 0 1 
1807261650159;0.309546;0.111114;0.9909 0.10111 -0.0888473 0.412342 -0.117885 0.970502 -0.210306 -0.0788366 0.0649625 0.218866 0.97359 1.03867 0 0 0 1 
1807261650160;0.485518;0.136679;0.924402 -0.369485 -0.0946679 -1.71866 0.381205 0.903302 0.196797 -0.665488 0.0128 -0.218008 0.975863 -0.845263 0 0 0 1 
1807261650161;0.330335;0.10081;0.998162 -0.0596276 0.0108502 -0.33766 0.0590446 0.916338 -0.396027 -0.355595 0.0136717 0.39594 0.918175 1.31618 0 0 0 1 
1807261650162;0.550603;0.140604;0.936629 0.35032 0.00143689 1.01381 -0.350284 0.936453 0.018906 0.146692 0.00527756 -0.0182112 0.99982 -0.097392 0 0 0 1 
1807261650163;0.739956;0.174288;0.97046 0.221185 0.0963538 0.983631 -0.215724 0.974358 -0.063949 -0.830694 -0.108028 0.0412742 0.993291 0.586373 0 0 0 1 
1807261650164;0.228506;0.106535;0.957713 0.110578 0.265629 0.400323 -0.119862 0.99261 0.0189476 -0.133576 -0.261571 -0.0499853 0.963889 -0.23865 0 0 0 1 
1807261650165;0.0638727;0.0642563;0.99988 0.00724013 0.0136868 0.0339044 -0.00698784 0.999806 -0.0183916 -0.0658841 -0.0138173 0.0182937 0.999737 0.149268 0 0 0 1 
1807261650166;0.691573;0.0934077;0.942777 -0.33114 -0.0389598 -1.36622 0.333346 0.938621 0.0887141 -1.06877 0.00719175 -0.0966248 0.995295 -0.0188468 0 0 0 1 
1807261650167;0.645574;0.325778;0.953577 -0.00827997 0.301034 0.0613494 -0.0524888 0.979751 0.193215 0.264396 -0.296539 -0.200047 0.933834 -0.954682 0 0 0 1 
1807261650168;0.448255;0.123604;0.955048 0.293491 -0.0417882 1.13624 -0.288778 0.889175 -0.35493 -0.300832 -0.0670119 0.351043 0.933958 1.38747 0 0 0 1 
1807261650169;0.539907;0.111289;0.942901 0.331089 -0.0362932 1.09595 -0.322181 0.934276 0.152735 -0.501044 0.0844767 -0.132321 0.987601 -0.896995 0 0 0 1 
1807261650170;0.652735;0.330493;0.955848 0.0884098 0.280247 0.458759 -0.0945539 0.995484 0.00845198 0.0980115 -0.278234 -0.0345772 0.959891 0.482133 0 0 0 1 
1807261650171;0.437786;0.125058;0.943244 0.213203 0.254629 0.600094 -0.265539 0.944646 0.192699 0.0356987 -0.19945 -0.249376 0.947645 -0.585989 0 0 0 1 
1807261650172;0.513271;0.131227;0.94807 0.285735 -0.139713 0.581248 -0.279484 0.958088 0.0629015 -0.480557 0.151831 -0.0205873 0.988192 -0.00148671 0 0 0 1 
1807261650173;0.421662;0.107536;0.924566 -0.134567 -0.356468 -0.489101 0.133442 0.990665 -0.0278706 0.119124 0.356891 -0.0217997 0.933892 -0.414583 0 0 0 1 
1807261650174;0.342158;0.12935;0.995628 0.0795207 -0.049006 0.317416 -0.0921911 0.92098 -0.378546 -0.183181 0.0150313 0.381409 0.924284 1.27528 0 0 0 1 
1807261650175;0.695425;0.302223;0.996626 -0.0817107 0.00771221 -0.0612389 0.0812545 0.995556 0.0476062 0.683661 -0.0115679 -0.0468189 0.998836 -0.382253 0 0 0 1 
1807261650176;0.628882;0.11702;0.93188 0.362761 0.0021927 1.47191 -0.360892 0.927659 -0.0959518 -0.165008 -0.0368416 0.0886242 0.995384 -0.198993 0 0 0 1 
1807261650177;0.385778;0.079132;0.99943 -0.0320426 -0.0106019 -0.150312 0.0321293 0.999451 0.00811475 0.0161275 0.0103361 -0.00845076 0.999911 0.423677 0 0 0 1 
1807261650178;0.865032;0.256938;0.981092 -0.143924 0.129397 -0.5999 0.150485 0.987703 -0.0423931 -0.342999 -0.121705 0.061064 0.990686 1.13357 0 0 0 1 
1807261650179;0.799283;0.0689834;0.904173 -0.236776 -0.35554 -1.28934 0.229807 0.971235 -0.0623834 -0.27025 0.360084 -0.0253002 0.932577 0.546869 0 0 0 1 
1807261650180;0.951142;0.128254;0.916454 0.374788 0.140161 1.62293 -0.328468 0.904684 -0.271396 0.106879 -0.228518 0.202684 0.952207 1.77096 0 0 0 1 
1807261650181;0.58947;0.0919927;0.985601 -0.167388 0.0238948 -0.881507 0.166497 0.985406 0.0353956 -0.754453 -0.0294709 -0.0309076 0.999088 0.0656951 0 0 0 1 
1807261650182;0.51362;0.137157;0.993083 0.00374673 -0.117355 -0.269375 -0.00961608 0.998728 -0.0494875 0.203428 0.11702 0.0502737 0.991856 -0.17978 0 0 0 1 
1807261650183;0.518467;0.150865;0.961804 0.150801 -0.228457 0.840363 -0.170335 0.983021 -0.0682322 0.295584 0.214288 0.10454 0.97116 0.393667 0 0 0 1 
1807261650184;0.540083;0.0547104;0.96664 -0.255849 0.0121607 -1.03395 0.255261 0.966169 0.0368655 -0.778591 -0.0211813 -0.0325315 0.999246 -0.422536 0 0 0 1 
1807261650186;0.453969;0.21371;0.996596 -0.0732463 -0.0378441 0.131695 0.0765157 0.992653 0.093729 0.0371237 0.0307008 -0.0963056 0.994878 0.0144931 0 0 0 1 
1807261650187;0.217396;0.160983;0.996904 0.0397291 -0.0678512 -0.191913 -0.038028 0.998934 0.0261823 0.101238 0.068819 -0.023521 0.997352 -0.477752 0 0 0 1 
1807261650188;0.833964;0.160634;0.984028 0.00239886 0.178 -0.0842401 -0.0450671 0.970693 0.23606 0.307102 -0.172217 -0.240312 0.955297 1.28767 0 0 0 1 
1807261650189;0.543168;0.172445;0.854642 0.398785 -0.332501 0.148085 -0.385553 0.916342 0.108011 0.599763 0.347758 0.0358864 0.936897 -1.13727 0 0 0 1 
1807261650190;0.468639;0.117577;0.918379 -0.268414 0.290746 -0.00389928 0.292698 0.955253 -0.0426645 -0.896731 -0.266285 0.124283 0.955848 1.0687 0 0 0 1 
1807261650191;0.203867;0.144148;0.989448 0.0915056 0.112337 -0.24287 -0.0847747 0.994387 -0.0633083 0.138287 -0.1175 0.0531169 0.991651 0.472712 0 0 0 1 
1807261650192;0.50492;0.190243;0.984945 0.169343 0.0347318 0.495487 -0.162341 0.975145 -0.150786 0.237894 -0.0594033 0.142878 0.987956 0.0486451 0 0 0 1 
1807261650193;0.791638;0.148968;0.975367 -0.219075 -0.0257862 -0.0142887 0.219069 0.975704 -0.00311042 -0.505913 0.0258411 -0.00261516 0.999663 -1.00666 0 0 0 1 
1807261650194;0.736741;0.202978;0.969688 0.239582 -0.0480129 0.352871 -0.244291 0.954752 -0.16962 0.263874 0.00520246 0.176208 0.984339 -0.673588 0 0 0 1 
1807261650195;0.187863;0.147449;0.972869 0.0102657 -0.231127 0.0253335 0.00974677 0.99631 0.0852781 -0.0892699 0.23115 -0.0852172 0.969179 -0.667679 0 0 0 1 
1807261650196;0.587609;0.173419;0.991648 0.124342 -0.0342498 -0.19802 -0.128107 0.980339 -0.150083 -0.124599 0.0149148 0.153217 0.98808 0.703707 0 0 0 1 
1807261650197;0.541762;0.156536;0.949898 0.312333 -0.0119264 -0.376176 -0.311722 0.949452 0.0370272 1.06952 0.0228884 -0.0314544 0.999243 -0.254265 0 0 0 1 
1807261650198;0.789459;0.238562;0.993608 0.0509294 -0.100741 0.442099 -0.0622328 0.991707 -0.112447 0.0881555 0.0941786 0.117997 0.988538 -0.927195 0 0 0 1 
1807261650199;0.344499;0.20673;0.989257 -0.0942196 -0.111773 -0.0416116 0.0848064 0.992663 -0.0861839 -0.191036 0.119073 0.075779 0.98999 -0.533845 0 0 0 1 
1807261650200;0.665434;0.159314;0.996579 0.0825875 -0.00302583 0.224196 -0.0825046 0.996362 0.0213579 -0.557154 0.00477871 -0.0210352 0.999767 -0.0312101 0 0 0 1 
1807261650201;0.637949;0.0588935;0.998314 0.0546794 -0.0194675 -0.605333 -0.0547039 0.998502 -0.000726064 -0.274522 0.0193987 0.00178979 0.99981 -0.319984 0 0 0 1 
1807261650202;0.360138;0.146332;0.992042 0.125645 -0.00815129 -0.350061 -0.12582 0.991694 -0.0266825 0.302752 0.00473106 0.0274957 0.999611 -0.372611 0 0 0 1 
1807261650203;0.394841;0.161328;0.889331 -0.164266 -0.42674 0.18279 0.200631 0.978794 0.0413465 -0.622194 0.410898 -0.122388 0.903429 -1.18507 0 0 0 1 
1807261650204;0.612524;0.148605;0.996839 -0.077008 -0.0195604 -0.160385 0.0776392 0.996406 0.0338728 -0.410546 0.0168816 -0.0352844 0.999235 0.696241 0 0 0 1 
1807261650205;0.404722;0.220694;0.870819 0.247572 -0.424715 0.238312 -0.304481 0.949899 -0.0705874 0.800324 0.385961 0.190787 0.902571 -0.940402 0 0 0 1 
1807261650206;0.626556;0.142125;0.952804 -0.300759 -0.0413269 -0.56009 0.293326 0.947126 -0.130046 -1.09985 0.0782544 0.111786 0.990646 0.412633 0 0 0 1 
1807261650207;0.542445;0.147879;0.999876 0.00662626 0.0142528 -0.189785 -0.00644371 0.999897 -0.0128161 -0.208285 -0.0143362 0.0127226 0.999816 0.712242 0 0 0 1 
1807261650208;0.417306;0.145487;0.947933 -0.0439253 -0.315427 -0.103396 0.00408618 0.992039 -0.125868 0.0112564 0.318444 0.118025 0.940565 -1.10871 0 0 0 1 
1807261650209;0.115948;0.141913;0.997088 -0.0290809 -0.0704983 -0.188837 0.0245173 0.9976 -0.064756 -0.0228694 0.0722122 0.062839 0.995408 -0.177814 0 0 0 1 
1807261650210;0.290494;0.191306;0.967337 0.251903 0.0283557 0.00737276 -0.240098 0.946351 -0.216267 0.746341 -0.0813128 0.202395 0.975922 0.339617 0 0 0 1 
1807261650211;0.634223;0.260288;0.97278 0.180837 -0.144901 0.646984 -0.201586 0.968785 -0.144283 0.548721 0.114286 0.169566 0.97887 -0.313697 0 0 0 1 
1807261650212;0.518398;0.18617;0.919883 0.281467 -0.273114 -0.0198424 -0.251962 0.957784 0.138438 0.805018 0.30055 -0.0585321 0.951968 -1.25575 0 0 0 1 
1807261650213;0.562773;0.236;0.990907 -0.134349 0.00729886 0.18666 0.127906 0.957439 0.258749 -0.11063 -0.041751 -0.255463 0.965917 -0.134092 0 0 0 1 
1807261650214;0.522212;0.169341;0.916736 -0.396687 -0.0472762 -0.115955 0.39877 0.901522 0.168049 -1.4355 -0.0240423 -0.172909 0.984644 0.0567092 0 0 0 1 
1807261650215;0.876402;0.170399;0.895184 -0.391778 -0.212499 0.576081 0.382178 0.920051 -0.0862855 -1.64285 0.229315 -0.00397125 0.973344 -0.834597 0 0 0 1 
1807261650217;0.532131;0.496655;0.981225 0.0265024 0.191036 -0.178784 -0.0730591 0.967772 0.240997 -0.189087 -0.178493 -0.250429 0.951539 -0.851431 0 0 0 1 
1807261650218;0.499155;0.446153;0.994552 -0.0547663 -0.0886914 -0.421087 0.0660754 0.989302 0.130058 -0.19044 0.0806198 -0.13521 0.987532 -0.254436 0 0 0 1 
1807261650219;0.721512;0.657225;0.997716 0.0551986 -0.0389263 -0.237493 -0.0529938 0.997048 0.0555637 -0.875839 0.0418784 -0.0533739 0.997696 -0.59324 0 0 0 1 
1807261650220;0.121853;0.460165;0.989135 -0.112822 0.0942537 -0.530225 0.10782 0.992558 0.0565907 -0.522545 -0.099937 -0.0458134 0.993938 -0.0926895 0 0 0 1 
1807261650221;0.995809;0.647524;0.986092 -0.166027 0.0075636 -0.937317 0.166007 0.986119 0.00322526 -0.742778 -0.0079941 -0.00192479 0.999966 -0.835739 0 0 0 1 
1807261650222;1.09618;0.874607;0.995305 -0.0967904 -0.000388665 -0.532668 0.0965603 0.992645 0.0730174 -0.864287 -0.00668157 -0.0727121 0.997331 -1.06339 0 0 0 1 
1807261650223;0.826304;0.607152;0.977431 -0.211171 0.00590832 -0.802592 0.210576 0.976156 0.0527016 -0.96852 -0.0168965 -0.050268 0.998593 -0.404571 0 0 0 1 
1807261650224;0.375842;0.495013;0.972252 -0.201563 -0.118737 -0.83438 0.225692 0.941744 0.249362 -1.00347 0.061558 -0.269241 0.961103 -1.04057 0 0 0 1 
1807261650225;0.55112;0.860831;0.987733 0.146622 -0.0537205 -0.204889 -0.151773 0.982338 -0.109442 -0.592882 0.036725 0.116253 0.99254 0.523107 0 0 0 1 
1807261650226;0.761509;0.915944;0.983361 -0.18119 -0.0130897 -0.877308 0.181011 0.983385 -0.0137782 -0.521956 0.0153687 0.0111796 0.999819 0.448914 0 0 0 1 
1807261650227;0.75985;0.66159;0.999278 -0.0251457 -0.0284671 -0.401571 0.0271035 0.997135 0.0706164 0.063757 0.0266099 -0.071337 0.997097 -0.410463 0 0 0 1 
1807261650228;0.464961;0.930704;0.993723 -0.100515 -0.0490995 -0.639509 0.104694 0.990273 0.09164 -0.647727 0.0394108 -0.0962052 0.994581 -0.506758 0 0 0 1 
1807261650229;0.961907;0.494262;0.977328 0.0206254 0.210723 -0.130133 -0.0758065 0.963354 0.257297 0.0183942 -0.197694 -0.267438 0.943077 0.129308 0 0 0 1 
1807261650230;1.24871;0.488622;0.960821 -0.0571375 -0.271216 -0.162244 0.0898981 0.989864 0.10994 -0.595401 0.262186 -0.130015 0.956219 -1.71102 0 0 0 1 
1807261650231;0.35278;0.685412;0.978429 -0.0698483 -0.194418 -0.578048 0.0410018 0.988043 -0.148627 -0.527922 0.202475 0.137449 0.969594 0.0713432 0 0 0 1 
1807261650232;0.725754;0.851173;0.969679 -0.073088 -0.233195 -0.416972 0.109812 0.982781 0.1486 -0.616474 0.218319 -0.169702 0.961009 -0.765926 0 0 0 1 
1807261650233;0.807473;0.750771;0.994788 0.0418568 0.0929793 -0.0757134 -0.0524866 0.991979 0.114993 0.150175 -0.0874202 -0.119274 0.989005 -0.340804 0 0 0 1 
1807261650234;0.330571;0.681086;0.994529 -0.0967166 -0.039471 -0.717104 0.0967813 0.995306 -0.000271717 -0.642554 0.0393119 -0.00354982 0.999221 0.218001 0 0 0 1 
1807261650235;0.476097;0.664505;0.995963 -0.0345418 -0.0828536 -0.383563 0.0499384 0.980191 0.191653 -0.750963 0.0745924 -0.195017 0.977959 -0.240981 0 0 0 1 
1807261650236;0.451212;0.852;0.913619 -0.0814361 -0.398332 -0.431775 0.0439217 0.99377 -0.10243 -0.520004 0.404192 0.0760865 0.911504 -0.0610234 0 0 0 1 
1807261650237;0.797582;0.39588;0.947119 0.0241221 0.319975 -0.346244 -0.0864528 0.97948 0.182058 -0.394444 -0.309018 -0.200093 0.929769 -0.757373 0 0 0 1 
1807261650238;1.08583;1.73507;0.997382 -0.034133 -0.0637475 -0.840435 0.0341945 0.999415 -0.000127166 -1.30112 0.0637145 -0.00205298 0.997966 0.818666 0 0 0 1 
1807261650239;1.02135;1.1422;0.964985 0.157558 0.209713 -0.0701596 -0.122487 0.977647 -0.170891 -0.521432 -0.231951 0.13922 0.962713 0.0497378 0 0 0 1 
1807261650240;0.859825;0.473159;0.995217 -0.0969619 0.0119104 -0.64931 0.0969766 0.995286 -0.000663657 -0.325119 -0.0117899 0.00181551 0.999929 0.729553 0 0 0 1 
1807261650241;0.991567;1.0298;0.995857 -0.0596262 0.0686528 -0.345482 0.0358682 0.951362 0.305981 -0.472793 -0.0835582 -0.302251 0.949559 -0.627091 0 0 0 1 
1807261650242;0.558163;0.705443;0.981572 0.00292457 -0.191069 -0.0598198 0.0176578 0.994217 0.105931 -0.309322 0.190273 -0.107352 0.975844 -0.818465 0 0 0 1 
1807261650243;0.371812;0.57823;0.99219 0.080786 0.0950361 -0.0181661 -0.11414 0.895304 0.430583 -0.560051 -0.0503011 -0.438068 0.897533 -1.1237 0 0 0 1 
1807261650244;0.711238;0.488341;0.97847 -0.206032 -0.0121189 -0.87206 0.202028 0.968153 -0.147868 -0.932239 0.0421984 0.142236 0.988933 -0.201472 0 0 0 1 
1807261650245;0.732714;0.484808;0.989136 -0.0665055 -0.131097 -0.325082 0.041053 0.981298 -0.188065 -0.0594328 0.141153 0.18064 0.973368 0.000946144 0 0 0 1 
1807261650246;1.2033;0.930492;0.979018 0.137162 0.150702 -0.0245527 -0.146647 0.987731 0.0536816 -0.307203 -0.14149 -0.0746552 0.987121 0.940017 0 0 0 1 
1807261650248;0.419559;1.0237;0.998302 -0.0482121 0.0326996 -1.26317 0.0487049 0.998709 -0.0144465 -0.605158 -0.0319609 0.0160146 0.999361 0.0833139 0 0 0 1 
1807261650249;0.496114;0.969074;0.992722 0.116173 -0.0317229 -0.87321 -0.118929 0.987165 -0.106587 -0.603911 0.0189332 0.109584 0.993797 0.664235 0 0 0 1 
1807261650250;0.34812;1.0015;0.997926 0.0302547 -0.0568128 -0.845778 -0.0377882 0.989906 -0.136598 -0.285703 0.0521065 0.138462 0.988996 0.772381 0 0 0 1 
1807261650251;0.451728;1.03071;0.938625 0.332984 -0.09002 -0.00882444 -0.340416 0.936339 -0.0859466 -0.277934 0.0556704 0.111316 0.992225 0.634449 0 0 0 1 
1807261650252;0.33029;0.952298;0.90227 -0.243186 -0.356048 -2.0636 0.164303 0.957381 -0.23754 -0.291263 0.39864 0.155826 0.903772 0.808412 0 0 0 1 
1807261650253;0.249687;0.880617;0.997399 -0.0607284 0.0388185 -1.37869 0.0608167 0.998148 -0.00109593 -0.146252 -0.03868 0.00345389 0.999246 -0.309108 0 0 0 1 
1807261650254;0.24129;1.04115;0.988929 0.133508 0.0647686 -0.894308 -0.120368 0.976997 -0.176035 -0.118785 -0.0867809 0.16629 0.982251 0.758208 0 0 0 1 
1807261650255;0.565737;0.84107;0.956786 0.131372 0.259427 -0.621763 -0.0229023 0.923407 -0.383139 -0.60134 -0.289891 0.360641 0.886511 2.01915 0 0 0 1 
1807261650256;0.73595;1.00639;0.89093 0.18728 0.413728 -0.691837 -0.246752 0.964431 0.0947974 -0.0053498 -0.381258 -0.186546 0.905452 -1.42016 0 0 0 1 
1807261650257;0.0754684;0.928053;0.999604 0.0270202 0.00780177 -1.04937 -0.0271279 0.999533 0.0140495 -0.0766397 -0.00741851 -0.0142556 0.999871 -0.0919668 0 0 0 1 
1807261650258;0.796962;1.00713;0.996582 0.0821129 -0.00898999 -0.504447 -0.081217 0.993891 0.0747301 0.674648 0.0150714 -0.0737446 0.997163 -0.135664 0 0 0 1 
1807261650259;0.200045;0.956915;0.999753 -0.0182328 0.0127045 -1.20184 0.0179295 0.999561 0.0235896 0.0929549 -0.013129 -0.023356 0.999641 -0.0367426 0 0 0 1 
1807261650260;0.602384;0.938643;0.976494 -0.133724 -0.16905 -1.77027 0.177265 0.944409 0.276891 -0.256292 0.122625 -0.300349 0.945914 -0.572207 0 0 0 1 
1807261650261;0.61809;0.913055;0.934936 -0.112345 -0.336562 -1.45671 0.124225 0.992157 0.0139014 -0.154962 0.332361 -0.0548064 0.941559 0.402682 0 0 0 1 
1807261650262;0.377489;0.925357;0.918127 -0.315552 0.239729 -2.50673 0.357743 0.920212 -0.158841 -0.551206 -0.170479 0.231597 0.957758 0.988227 0 0 0 1 
