#;prob_registration_l1 -r /home/probabilistic_point_clouds_registration/build/tester /home/point_clouds_registration_benchmark//devel/registration_pairs/pioneer_slam3_local.txt /home/point_clouds_registration_benchmark//tum/pioneer_slam3 -s 0.1 -t 0.1 -p 0.3 -r 1000 -m 20 -i 40 
id;initial_error;final_error;transformation
39885980090000;0.518509;0.134216;0.993755 0.0482111 -0.100628 0.00279324 -0.0354536 0.991533 0.124922 0.0669423 0.105799 -0.120574 0.98705 -0.442972 0 0 0 1 
39885980090001;1.1366;0.569527;0.998152 0.031898 -0.051728 0.211693 -0.0297454 0.99868 0.0418641 -0.320702 0.0529952 -0.040248 0.997783 0.2907 0 0 0 1 
39885980090002;0.639436;0.509105;0.99957 0.0185342 0.0227332 0.123808 -0.0135734 0.979363 -0.201651 -0.0148534 -0.0260015 0.201255 0.979194 -0.0853447 0 0 0 1 
39885980090003;0.346141;0.0911283;0.954704 -0.0339366 -0.295614 0.148466 -0.0536003 0.957609 -0.28304 0.135205 0.292688 0.286064 0.912415 -0.82659 0 0 0 1 
39885980090004;1.0895;0.420307;0.968852 -0.0888953 -0.231134 0.0171074 0.0360737 0.974055 -0.223416 0.375693 0.244998 0.208119 0.946923 -1.12212 0 0 0 1 
39885980090005;0.90722;0.558807;0.998756 0.0458505 -0.0195775 0.0619342 -0.0471635 0.996222 -0.0729183 0.293687 0.0161602 0.0737509 0.997146 -0.443235 0 0 0 1 
39885980090006;0.367469;0.0514402;0.97841 -0.0228036 -0.205409 0.0290285 -0.0236307 0.975032 -0.220802 0.068757 0.205316 0.220889 0.953443 -0.987821 0 0 0 1 
39885980090007;0.500039;0.218931;0.996441 -0.0801142 0.0262166 0.0672265 0.0842788 0.940793 -0.328338 -0.28975 0.00164014 0.329379 0.944196 -0.326591 0 0 0 1 
39885980090008;1.30544;0.483067;0.981712 0.0606942 -0.180436 0.155397 -0.0724826 0.995595 -0.0594682 0.602463 0.176031 0.0714591 0.981787 -1.10562 0 0 0 1 
39885980090009;1.07285;0.820836;0.999036 0.0293513 -0.0326536 -0.337802 -0.0294489 0.999563 -0.00251171 0.161134 0.0325656 0.0034709 0.999464 -0.0473608 0 0 0 1 
39885980090010;0.993349;0.725314;0.99767 0.0679836 -0.00566653 0.0373881 -0.0682035 0.995782 -0.0613784 0.190769 0.0014699 0.0616219 0.998098 0.327772 0 0 0 1 
39885980090011;1.19076;0.770901;0.997084 -0.0331662 0.0687238 -0.121664 0.0490355 0.968529 -0.244021 0.0841808 -0.0584678 0.246679 0.967332 -0.622511 0 0 0 1 
39885980090012;1.08018;0.302779;0.975795 0.190671 -0.107093 0.134565 -0.202734 0.972329 -0.116085 0.245418 0.0819953 0.134987 0.987449 -0.990876 0 0 0 1 
39885980090013;0.734434;0.100639;0.995536 0.0783382 -0.0526478 -0.234015 -0.0886202 0.967765 -0.235748 0.280617 0.0324826 0.239361 0.970387 0.110161 0 0 0 1 
39885980090014;1.32795;0.544261;0.927023 0.0937839 -0.363088 0.477405 -0.0171028 0.977789 0.208892 0.266209 0.374614 -0.187438 0.908037 -1.145 0 0 0 1 
39885980090015;0.724355;0.0579914;0.99966 0.0137444 0.0221637 0.0245172 -0.0137687 0.999905 0.000945716 0.107758 -0.0221486 -0.00125056 0.999754 -0.494347 0 0 0 1 
39885980090016;0.348273;0.0255579;0.98046 0.0193416 -0.195768 0.0773769 0.0229022 0.977165 0.211244 -0.010959 0.195383 -0.211599 0.957628 -0.391813 0 0 0 1 
39885980090017;0.847163;0.388501;0.996326 -0.0666961 -0.0537155 0.279602 0.0539723 0.976036 -0.210811 0.113406 0.0664885 0.207137 0.97605 -0.835103 0 0 0 1 
39885980090018;0.98085;0.393859;0.987319 0.0139617 -0.158131 -0.145104 -0.0391849 0.986735 -0.157537 0.285947 0.153834 0.161735 0.97477 -0.0291524 0 0 0 1 
39885980090019;1.01873;0.111393;0.977444 0.20518 0.0500535 -0.54107 -0.207308 0.977382 0.0418092 0.332067 -0.040343 -0.0512426 0.997871 0.782602 0 0 0 1 
39885980090020;0.349842;0.119693;0.968893 0.185222 0.164132 -0.215674 -0.154143 0.970517 -0.1853 0.464936 -0.193615 0.154236 0.968878 0.33054 0 0 0 1 
39885980090021;0.142777;0.0120468;0.977381 -0.0060652 -0.2114 0.0802333 -0.0133617 0.995821 -0.0903466 0.0332839 0.211064 0.0911277 0.973215 -0.5509 0 0 0 1 
39885980090022;0.343863;0.0836937;0.983419 0.131026 0.125375 -0.114144 -0.12485 0.990597 -0.0559464 0.309064 -0.131526 0.0393658 0.990531 0.451543 0 0 0 1 
39885980090023;0.973502;0.833463;0.952528 0.048366 -0.300584 0.145157 0.0126485 0.980161 0.197797 -0.0111206 0.304187 -0.192209 0.93302 -0.528306 0 0 0 1 
39885980090024;1.13358;0.0980001;0.998464 0.0462891 0.0304389 -0.0984016 -0.0447545 0.997781 -0.0493003 -0.0165661 -0.0326534 0.0478623 0.99832 -0.837781 0 0 0 1 
39885980090025;0.64818;0.327361;0.997605 -0.0659476 -0.0208787 0.0457735 0.0642366 0.99518 -0.0740951 -0.317666 0.0256645 0.0725765 0.997033 0.0994313 0 0 0 1 
39885980090026;1.25567;0.241823;0.98943 -0.0930008 0.111264 0.144018 0.075799 0.985788 0.149924 -0.227937 -0.123626 -0.139906 0.982417 1.41445 0 0 0 1 
39885980090027;0.709211;0.0889677;0.997075 0.067918 0.0350608 -0.138005 -0.067516 0.99764 -0.0125252 0.439001 -0.0358287 0.0101214 0.999307 0.494994 0 0 0 1 
39885980090028;1.02062;0.50307;0.998175 0.0600087 0.00680642 0.00528798 -0.060014 0.998197 0.000568385 0.324225 -0.00676005 -0.000975828 0.999977 0.562192 0 0 0 1 
39885980090029;0.737875;0.0813094;0.956198 0.284255 -0.0698853 -0.13374 -0.266992 0.944808 0.189875 0.64181 0.120001 -0.1629 0.979318 0.395584 0 0 0 1 
39885980090031;0.500388;0.404866;0.957349 0.0337177 -0.286961 0.571605 -0.0191187 0.998383 0.0535261 0.557042 0.288302 -0.0457568 0.956446 -1.46688 0 0 0 1 
39885980090032;0.490152;0.738739;0.926907 -0.358861 -0.109823 0.334645 0.355284 0.933352 -0.05125 -0.595208 0.120895 0.00848551 0.992629 -0.330655 0 0 0 1 
39885980090033;0.259006;0.44155;0.928378 -0.27508 -0.24989 0.276601 0.272581 0.961067 -0.0452674 -0.330483 0.252614 -0.0260901 0.967215 -0.800113 0 0 0 1 
39885980090034;0.13399;0.412447;0.989492 -0.127557 -0.0680787 0.206446 0.118153 0.98474 -0.127776 -0.0280519 0.0833386 0.11839 0.989464 -0.162211 0 0 0 1 
39885980090035;0.310003;0.355082;0.993795 0.00312211 -0.111183 0.390777 -0.0411198 0.9391 -0.341174 0.4654 0.103347 0.343629 0.933402 0.321505 0 0 0 1 
39885980090036;0.791909;0.344494;0.889397 0.00848945 -0.457057 1.63475 0.0570619 0.989946 0.129425 -0.0699278 0.453561 -0.141191 0.87997 -1.93046 0 0 0 1 
39885980090037;0.326129;0.419841;0.999097 -0.0405824 -0.0126118 0.00212153 0.0389736 0.9933 -0.108796 0.1348 0.0169425 0.108207 0.993984 0.337885 0 0 0 1 
39885980090038;0.582863;0.64583;0.999885 0.00448956 -0.0144627 0.100158 -0.00594626 0.994735 -0.102309 0.0717812 0.0139272 0.102383 0.994648 -0.0223714 0 0 0 1 
39885980090039;0.172583;0.395809;0.994157 -0.101381 -0.0370705 0.066455 0.0971794 0.990076 -0.101515 0.0991277 0.0469943 0.0973192 0.994143 0.15715 0 0 0 1 
39885980090040;0.259945;0.398544;0.998898 -0.0135119 0.0449552 0.421037 0.00769704 0.991861 0.12709 0.560631 -0.0463065 -0.126603 0.990872 -0.110018 0 0 0 1 
39885980090041;0.477445;0.645879;0.976232 -0.209039 0.0572151 0.263292 0.211715 0.976271 -0.0455174 -0.538502 -0.0463425 0.0565488 0.997324 -0.0667085 0 0 0 1 
39885980090042;0.418217;0.481071;0.990325 -0.135774 0.028663 -0.000806638 0.136541 0.990273 -0.0267573 0.303353 -0.0247513 0.0304121 0.999231 0.388231 0 0 0 1 
39885980090043;0.341309;0.438074;0.970843 -0.183552 -0.154184 0.208315 0.208878 0.963332 0.168408 -0.431111 0.117618 -0.195703 0.973584 -0.730219 0 0 0 1 
39885980090044;0.352045;0.500914;0.936264 -0.150423 0.317464 0.303031 0.104472 0.982025 0.157202 -0.00500861 -0.335405 -0.114016 0.935149 0.523496 0 0 0 1 
39885980090045;0.207777;0.452627;0.973079 -0.16642 0.159442 0.139514 0.176042 0.983204 -0.0481545 -0.121418 -0.14875 0.0749266 0.986032 0.547906 0 0 0 1 
39885980090046;0.379302;0.509672;0.935629 -0.0887472 0.341647 0.272646 0.169217 0.962182 -0.213476 -0.00825205 -0.309781 0.257547 0.915262 1.07007 0 0 0 1 
39885980090047;0.227046;0.417874;0.976601 0.0119266 0.214729 0.50982 -0.0150786 0.999801 0.013047 0.356815 -0.21453 -0.0159795 0.976587 0.28701 0 0 0 1 
39885980090048;0.266999;0.396854;0.992905 0.0123781 0.118265 0.581521 0.0184767 0.966428 -0.256274 0.283291 -0.117466 0.256641 0.959342 1.03069 0 0 0 1 
39885980090049;0.523967;0.417851;0.952792 0.0125899 0.303362 0.848391 -0.0671712 0.983123 0.170169 0.433549 -0.296099 -0.182513 0.937558 1.09971 0 0 0 1 
39885980090050;0.207409;0.595388;0.99769 -0.0623827 -0.0268925 0.530221 0.0602867 0.995527 -0.0727416 0.0557671 0.0313101 0.0709523 0.996988 0.0925357 0 0 0 1 
39885980090051;0.499446;0.447824;0.992467 0.077263 0.0950789 0.977841 -0.0546188 0.973714 -0.221129 0.756246 -0.109665 0.21427 0.970599 0.116265 0 0 0 1 
39885980090052;0.316512;0.397941;0.994452 0.0288743 0.101147 0.244435 -0.00527007 0.974056 -0.226248 0.571844 -0.105056 0.22446 0.968804 0.390055 0 0 0 1 
39885980090053;0.450592;0.563355;0.993009 -0.116813 0.0169579 0.38192 0.118036 0.983444 -0.137495 0.341489 -0.00061585 0.138536 0.990357 -0.354601 0 0 0 1 
39885980090054;0.48513;0.609636;0.968597 -0.243629 -0.049649 0.26539 0.246939 0.919319 0.306389 -0.423528 -0.0290019 -0.309027 0.950611 -0.578226 0 0 0 1 
39885980090055;0.127893;0.494373;0.990363 -0.127141 -0.0549165 0.437882 0.118694 0.98351 -0.136457 0.0929829 0.0713602 0.128624 0.989123 0.114311 0 0 0 1 
39885980090056;0.526201;0.581085;0.953418 -0.300915 -0.0210854 0.365013 0.301575 0.949255 0.0892639 -0.270118 -0.00684541 -0.0914647 0.995785 0.43585 0 0 0 1 
39885980090057;0.593626;0.41949;0.964262 -0.0140665 -0.264578 1.08283 0.0871218 0.959894 0.266484 0.047859 0.250218 -0.280011 0.926814 -0.737655 0 0 0 1 
39885980090058;0.12749;0.413929;0.979669 -0.0209409 -0.199527 0.44268 -0.0033798 0.992674 -0.120778 0.403535 0.200595 0.118997 0.97242 -0.304779 0 0 0 1 
39885980090059;0.597495;0.390136;0.916719 -0.19137 -0.35072 0.0932232 0.0795541 0.947677 -0.30916 -0.121972 0.391533 0.255512 0.883977 0.179234 0 0 0 1 
39885980090060;0.466612;0.474929;0.963187 -0.26869 -0.00879576 0.15205 0.255232 0.924239 -0.283972 -0.222717 0.0844297 0.271273 0.958792 0.739424 0 0 0 1 
39885980090062;0.722072;0.558046;0.986279 -0.0404447 -0.160056 -0.0738764 0.0457901 0.998505 0.0298494 -0.145681 0.15861 -0.0367689 0.986656 -0.327253 0 0 0 1 
39885980090063;0.21414;0.0613621;0.997949 0.0464391 0.0440532 -0.0473031 -0.0252414 0.917958 -0.395873 0.181625 -0.058823 0.393949 0.917248 -0.333497 0 0 0 1 
39885980090064;0.937509;0.377963;0.995573 0.0938974 0.00425391 -0.376485 -0.0914074 0.97773 -0.188912 0.237354 -0.0218976 0.187687 0.981985 -0.71784 0 0 0 1 
39885980090065;0.614008;0.284664;0.941795 0.131857 0.30925 -0.214561 -0.0377985 0.955573 -0.292322 0.330267 -0.334055 0.263618 0.904938 0.46484 0 0 0 1 
39885980090066;0.857809;0.108239;0.998373 0.0391721 0.0414327 0.0250011 -0.0350517 0.994775 -0.0958857 -0.328624 -0.0449723 0.0942774 0.99453 0.608691 0 0 0 1 
39885980090067;0.711929;0.549033;0.994267 -0.0238936 -0.104223 0.196666 0.0097973 0.990971 -0.13372 -0.0465845 0.106477 0.131932 0.985523 -0.550556 0 0 0 1 
39885980090068;0.589386;0.144567;0.99998 -0.00589975 0.00229944 0.0348159 0.00588204 0.999954 0.0076341 -0.0127949 -0.00234437 -0.00762042 0.999968 0.496363 0 0 0 1 
39885980090069;0.410197;0.161127;0.998604 -0.0288512 -0.0442343 0.147883 0.0296476 0.999408 0.0174551 -0.141564 0.0437045 -0.0187422 0.998869 -0.347562 0 0 0 1 
39885980090070;0.483885;0.134869;0.936655 0.0810879 0.340739 -0.104099 -0.0913657 0.995716 0.0141973 0.164878 -0.338128 -0.0444299 0.940051 1.09896 0 0 0 1 
39885980090071;0.64931;0.638581;0.976522 -0.0602433 -0.206822 0.0403801 -0.0129929 0.94188 -0.335698 0.0580359 0.215025 0.330504 0.918984 -0.830716 0 0 0 1 
39885980090072;0.398606;0.310321;0.998667 -0.0407004 0.0317487 0.00113644 0.0328541 0.975573 0.217203 -0.142533 -0.0398135 -0.21587 0.97561 0.382295 0 0 0 1 
39885980090073;0.928997;0.567169;0.951006 0.118323 -0.285636 0.0638011 -0.111043 0.992944 0.0416092 0.556438 0.288544 -0.00785261 0.957434 -0.45461 0 0 0 1 
39885980090074;0.42064;0.257638;0.913255 -0.00801346 0.40731 0.147643 0.0415966 0.996415 -0.0736627 -0.12815 -0.40526 0.0842156 0.910314 1.0377 0 0 0 1 
39885980090075;0.428471;0.263526;0.94617 0.0526455 0.319359 -0.0334396 -0.10949 0.980575 0.162742 0.284373 -0.304587 -0.188948 0.933555 1.18768 0 0 0 1 
39885980090076;0.878954;0.631415;0.993009 -0.0259191 0.115162 0.129146 0.0263592 0.99965 -0.00230043 -0.110953 -0.115062 0.00531993 0.993344 0.706956 0 0 0 1 
39885980090077;0.395145;0.376898;0.981359 0.190052 -0.0285439 -0.332675 -0.191846 0.959968 -0.2041 0.346595 -0.0113885 0.205772 0.978534 -0.202955 0 0 0 1 
39885980090078;1.1758;0.177567;0.999789 -0.00293307 0.0203257 -0.0481663 0.00395299 0.998725 -0.0503214 0.00467338 -0.0201522 0.0503912 0.998526 -0.984972 0 0 0 1 
39885980090079;1.02505;0.701408;0.96119 0.00933682 -0.275729 -0.0632426 -0.0788238 0.967061 -0.242032 0.264373 0.264387 0.254373 0.930265 -0.51723 0 0 0 1 
39885980090080;0.475546;0.0703907;0.999686 -0.0246761 -0.00443865 0.0779531 0.0246053 0.999579 -0.0153669 -0.0874307 0.00481598 0.0152528 0.999872 -0.410444 0 0 0 1 
39885980090081;0.321616;0.0835778;0.94571 -0.00324754 0.324995 0.146219 0.00982467 0.999779 -0.0185986 -0.0262711 -0.324863 0.0207819 0.945533 0.951301 0 0 0 1 
39885980090082;1.0641;0.348911;0.972456 0.0369745 0.230134 -0.354827 -0.0452255 0.998506 0.0306801 0.0777512 -0.228656 -0.040243 0.972675 -0.0210937 0 0 0 1 
39885980090083;0.893927;0.176935;0.948202 -0.00232376 0.317659 -0.140241 -0.105562 0.940842 0.321984 -0.038226 -0.299615 -0.338839 0.891863 0.783536 0 0 0 1 
39885980090084;0.543877;0.481048;0.991193 0.0852039 -0.101372 0.0366343 -0.0998 0.983798 -0.148932 -0.317216 0.0870402 0.157737 0.983638 -0.323179 0 0 0 1 
39885980090085;0.738131;0.581968;0.876093 0.0846304 0.474657 0.116582 -0.104524 0.9944 0.0156241 0.139159 -0.470677 -0.0633011 0.880032 1.01046 0 0 0 1 
39885980090086;0.60161;0.0369131;0.999136 0.0412793 0.00479569 -0.0454392 -0.0414317 0.998422 0.0379003 0.116686 -0.00322363 -0.0380663 0.99927 0.563654 0 0 0 1 
39885980090087;0.217577;0.129008;0.998902 0.0348809 -0.0312611 -0.0689516 -0.034255 0.999206 0.0203383 -0.0024302 0.0319457 -0.0192451 0.999304 -0.136708 0 0 0 1 
39885980090088;0.201974;0.115053;0.998764 -0.0214424 0.0448485 0.0187343 0.0309189 0.974399 -0.222688 -0.0266612 -0.0389254 0.223799 0.973858 -0.232504 0 0 0 1 
39885980090089;0.645809;0.319245;0.913361 0.0598281 -0.402731 0.248441 -0.0203434 0.994615 0.101619 -0.15652 0.406642 -0.0846217 0.90966 -1.32788 0 0 0 1 
39885980090090;0.450371;0.307745;0.949893 0.155391 0.271215 -0.241062 -0.166736 0.985816 0.019153 0.338012 -0.264392 -0.0634145 0.962328 0.94966 0 0 0 1 
39885980090091;0.498519;0.306685;0.996634 0.0347834 -0.0742342 -0.0436463 -0.0273905 0.994772 0.0983808 -0.179035 0.0772681 -0.0960163 0.992376 0.312286 0 0 0 1 
39885980090093;0.227552;0.186687;0.980226 0.00193118 0.197874 -0.13788 -0.0108053 0.998983 0.0437776 0.177689 -0.197588 -0.04505 0.979249 0.449164 0 0 0 1 
39885980090094;0.336698;0.324433;0.980395 -0.146267 0.132029 0.522975 0.152847 0.987395 -0.0411006 0.0915193 -0.124353 0.0604751 0.990393 -0.196377 0 0 0 1 
39885980090095;0.148785;0.218261;0.987291 0.00473139 -0.158849 -0.136851 -0.015224 0.997776 -0.0649021 0.226487 0.158189 0.0664956 0.985167 -0.209778 0 0 0 1 
39885980090096;0.662123;0.428274;0.973131 0.11724 -0.198167 -0.214169 -0.0587532 0.958604 0.278615 0.169855 0.222629 -0.259486 0.939736 0.153618 0 0 0 1 
39885980090097;0.657715;0.427773;0.96785 0.0514967 0.2462 -0.300989 -0.0673533 0.996133 0.056419 -0.344117 -0.242343 -0.0711875 0.967575 0.269439 0 0 0 1 
39885980090098;0.630821;0.315046;0.998944 0.0441282 -0.0128053 -0.386995 -0.0459035 0.946087 -0.320644 0.105565 -0.0020345 0.320893 0.947113 -0.323051 0 0 0 1 
39885980090099;0.628543;0.385401;0.944386 -0.167755 0.282832 0.516432 0.176401 0.984305 -0.00519088 0.736733 -0.277522 0.0547939 0.959156 0.505441 0 0 0 1 
39885980090100;0.425699;0.296427;0.951898 0.261812 0.159203 -1.22677 -0.233089 0.95595 -0.178405 0.775394 -0.198898 0.132715 0.970992 -0.555261 0 0 0 1 
39885980090101;0.696606;0.453354;0.999198 -0.0228066 -0.0329272 -0.0205009 0.0287057 0.981058 0.191576 -0.149294 0.0279342 -0.192368 0.980925 1.07108 0 0 0 1 
39885980090102;0.122477;0.103915;0.999312 0.0361051 0.00852013 -0.239655 -0.0361567 0.999328 0.00598333 0.177418 -0.00829838 -0.00628727 0.999946 0.095575 0 0 0 1 
39885980090103;0.717527;0.164118;0.902041 0.385251 0.194686 -2.16578 -0.367062 0.921941 -0.123653 0.492842 -0.227126 0.040078 0.97304 0.210568 0 0 0 1 
39885980090104;0.685443;0.555584;0.973497 0.227821 0.0200173 -1.1117 -0.228432 0.972857 0.0369883 -0.272679 -0.0110472 -0.0405806 0.999115 -0.0545784 0 0 0 1 
39885980090105;0.47354;0.409178;0.980441 0.194337 0.0311168 -0.987227 -0.194748 0.980794 0.0107524 -0.0785815 -0.0284296 -0.0166021 0.999458 0.114708 0 0 0 1 
39885980090106;0.459683;0.217779;0.95357 0.169235 -0.249126 -0.616469 -0.143696 0.982623 0.11749 0.35883 0.26468 -0.0762367 0.961318 -0.455789 0 0 0 1 
39885980090107;0.891834;0.711765;0.964852 -0.25205 0.0743782 0.770467 0.252669 0.967552 0.0011226 -0.166612 -0.0722478 0.0177099 0.997229 0.024555 0 0 0 1 
39885980090108;0.424446;0.277039;0.893971 -0.169706 0.414748 0.36432 0.134947 0.984506 0.111967 0.240886 -0.427324 -0.044126 0.903021 0.429315 0 0 0 1 
39885980090109;0.495711;0.247178;0.95427 0.298943 -0.00165964 -1.41173 -0.298718 0.95374 0.0338612 0.871687 0.0117054 -0.0318169 0.999425 0.328762 0 0 0 1 
39885980090110;0.968235;0.6053;0.878147 0.40662 0.252027 -1.84044 -0.451948 0.877871 0.158384 1.18211 -0.156845 -0.252988 0.954671 1.98715 0 0 0 1 
39885980090111;0.425117;0.16944;0.998391 0.0512711 0.024242 -0.394378 -0.0517971 0.998424 0.0215947 0.265929 -0.0230966 -0.0228156 0.999473 0.639005 0 0 0 1 
39885980090112;0.465914;0.481818;0.899265 0.433643 -0.0572463 -2.01566 -0.432616 0.862456 -0.262703 1.13255 -0.064547 0.261005 0.963177 -0.918819 0 0 0 1 
39885980090113;0.34947;0.19002;0.991648 0.124138 0.0349766 -0.667533 -0.12851 0.928154 0.349306 0.630342 0.0108986 -0.350884 0.936356 1.48014 0 0 0 1 
39885980090114;0.0961654;0.152976;0.995502 0.0802994 -0.050285 -0.4424 -0.080113 0.996769 0.00571622 0.229378 0.0505815 -0.00166203 0.998719 -0.139398 0 0 0 1 
39885980090115;0.726185;0.381989;0.982566 -0.1063 -0.152527 0.0765371 0.0987372 0.993517 -0.0563502 0.327752 0.157528 0.0403077 0.986691 0.669328 0 0 0 1 
39885980090116;0.788969;0.558928;0.956956 -0.28883 -0.0285245 0.943448 0.285188 0.954011 -0.0923645 0.545786 0.0538903 0.0802539 0.995317 0.478974 0 0 0 1 
39885980090117;0.478045;0.206337;0.995199 0.0491089 0.0846579 -0.307512 -0.0503419 0.998654 0.0124906 0.230206 -0.0839305 -0.0166925 0.996332 0.721738 0 0 0 1 
39885980090118;0.326438;0.305655;0.992323 -0.121179 0.0247068 0.348408 0.120861 0.992571 0.0139873 0.201509 -0.0262183 -0.0108938 0.999597 0.262713 0 0 0 1 
39885980090119;0.735474;0.313847;0.978987 -0.127791 0.158914 0.398915 0.135542 0.990008 -0.0388885 0.00522108 -0.152357 0.0596109 0.986526 0.734292 0 0 0 1 
39885980090120;0.723848;0.120271;0.992113 -0.00108449 0.125341 -0.297218 0.0130762 0.995402 -0.0948892 0.683039 -0.124662 0.0957798 0.987565 0.523326 0 0 0 1 
39885980090121;0.394688;0.336264;0.998157 0.0583918 -0.0165259 -0.340557 -0.0601619 0.987838 -0.143379 -0.0583496 0.00795277 0.144109 0.98953 -0.224978 0 0 0 1 
39885980090122;0.722168;0.32698;0.980282 0.191612 0.0482827 -0.955137 -0.190186 0.981206 -0.0326111 0.413479 -0.0536239 0.0227854 0.998301 0.88696 0 0 0 1 
39885980090124;0.340489;0.0164313;0.996538 0.0825566 0.00981138 0.205357 -0.0825165 0.99658 -0.00443005 -0.625424 -0.0101436 0.00360512 0.999942 -0.366659 0 0 0 1 
39885980090125;0.370091;0.0103274;0.913527 0.00651765 0.406727 -0.454703 -0.0445508 0.99546 0.0841112 -0.248353 -0.404332 -0.0949578 0.90967 -1.00426 0 0 0 1 
39885980090126;0.34208;0.0105944;0.886495 0.248515 0.390341 0.584021 -0.263839 0.964453 -0.0148289 -0.542938 -0.380151 -0.0898416 0.920551 -0.63553 0 0 0 1 
39885980090127;0.0863411;0.0264242;0.995853 -0.0146828 -0.089783 -0.0220269 0.0200522 0.998045 0.0591971 -0.00387199 0.0887383 -0.0607519 0.994201 -0.0253402 0 0 0 1 
39885980090128;0.358883;0.0150207;0.972498 0.166752 0.16261 0.676774 -0.174191 0.984175 0.0325115 -0.00538378 -0.154615 -0.0599426 0.986155 0.189314 0 0 0 1 
39885980090129;0.382249;0.0363714;0.935091 0.354398 0.00254112 1.38802 -0.354404 0.935088 0.00274655 -0.805711 -0.0014028 -0.00346886 0.999993 -0.031698 0 0 0 1 
39885980090130;0.323168;0.0378953;0.974442 0.177782 -0.137317 0.868959 -0.193744 0.974501 -0.11319 -0.0995529 0.113692 0.136901 0.984039 0.331818 0 0 0 1 
39885980090131;0.505537;0.0326801;0.995287 -0.0963334 -0.0111238 -0.805266 0.0955466 0.993775 -0.057297 -0.637775 0.0165742 0.0559642 0.998295 -0.212307 0 0 0 1 
39885980090132;0.44134;0.0106611;0.999206 0.020882 -0.0339194 -0.648586 -0.0241809 0.994698 -0.0999537 0.08873 0.0316523 0.100695 0.994414 0.791486 0 0 0 1 
39885980090133;0.275576;0.0191982;0.998925 -0.0454812 -0.00891258 -0.637025 0.04553 0.998949 0.00535735 -0.0938869 0.00865955 -0.00575739 0.999946 -0.153948 0 0 0 1 
39885980090134;0.264805;0.0331396;0.984907 -0.121993 0.122786 -0.410567 0.148656 0.959557 -0.239063 0.0764111 -0.0886563 0.253708 0.963209 0.957145 0 0 0 1 
39885980090135;0.321182;0.00927558;0.980558 0.194224 0.027969 0.268385 -0.189171 0.973524 -0.12832 -0.228374 -0.0521513 0.120534 0.991338 0.684248 0 0 0 1 
39885980090136;0.536598;0.00959499;0.990713 0.0716386 -0.115566 -0.152048 -0.0858331 0.988696 -0.122936 0.0940248 0.105453 0.131714 0.985663 1.48566 0 0 0 1 
39885980090137;0.239766;0.0214757;0.998995 0.0342358 0.028938 -0.0530358 -0.035883 0.997644 0.0584635 0.0400884 -0.0268683 -0.0594431 0.99787 -0.658179 0 0 0 1 
39885980090138;0.366462;0.0292724;0.936738 -0.333971 -0.104815 -1.25486 0.325662 0.941306 -0.0888087 0.23826 0.128322 0.0490563 0.990519 0.113063 0 0 0 1 
39885980090139;0.522118;0.00860385;0.987806 0.149992 0.0417422 -0.188147 -0.152695 0.985677 0.0715975 -0.697427 -0.0304052 -0.0770982 0.99656 0.158159 0 0 0 1 
39885980090140;0.328612;0.0209788;0.97753 -0.0349891 -0.207874 -0.159995 0.019025 0.996748 -0.0783061 0.0303731 0.209938 0.0725917 0.975016 1.07134 0 0 0 1 
39885980090141;0.0802768;0.0121581;0.999069 -0.0189019 0.0387766 -0.183192 0.0168704 0.998501 0.0520643 -0.0535885 -0.0397026 -0.0513617 0.997891 -0.160675 0 0 0 1 
39885980090142;0.374391;0.0446968;0.940304 0.243124 -0.238159 1.06769 -0.170034 0.941776 0.29008 -0.612267 0.294818 -0.232268 0.926895 -0.624937 0 0 0 1 
39885980090143;0.228673;0.0345571;0.984463 0.168262 -0.0501973 0.679881 -0.168402 0.985717 0.00146407 -0.158583 0.0497267 0.00701201 0.998738 -0.152548 0 0 0 1 
39885980090144;0.446317;0.0233674;0.921211 0.388971 0.00843736 1.43974 -0.389054 0.920826 0.0267638 -0.909446 0.002641 -0.0279377 0.999606 0.240296 0 0 0 1 
39885980090145;0.0431272;0.00992484;0.99962 0.0127987 0.0243949 0.00349101 -0.0137042 0.999209 0.0373208 -0.0254545 -0.023898 -0.0376409 0.999006 -0.17233 0 0 0 1 
39885980090146;0.329175;0.0382372;0.994516 -0.0964301 -0.0404913 -0.224382 0.0953573 0.995059 -0.0276431 0.411614 0.0429568 0.0236303 0.998797 0.615773 0 0 0 1 
39885980090147;0.155218;0.0109015;0.998481 0.0504242 0.0222133 0.0344001 -0.0517344 0.996672 0.0630036 -0.113628 -0.0189625 -0.064057 0.997766 -0.00883015 0 0 0 1 
39885980090148;0.427209;0.0118803;0.987646 0.139464 0.0714505 0.326651 -0.118965 0.964103 -0.237387 -0.441847 -0.101992 0.225954 0.968784 1.46764 0 0 0 1 
39885980090149;0.211483;0.0166258;0.98494 -0.115114 0.129003 -0.635847 0.113935 0.993351 0.0165092 0.159757 -0.130045 -0.00156263 0.991507 0.0694838 0 0 0 1 
39885980090150;0.560906;0.0412091;0.924409 0.199986 -0.324766 1.14761 -0.229417 0.971796 -0.0545929 0.319279 0.304689 0.124973 0.944217 0.333489 0 0 0 1 
39885980090151;0.283425;0.0231655;0.950139 0.282901 0.131162 0.915675 -0.237683 0.929312 -0.28264 -0.457757 -0.201849 0.237373 0.950216 0.636941 0 0 0 1 
39885980090152;0.461176;0.0366111;0.909081 -0.397951 0.12332 -1.70879 0.391475 0.917211 0.0739739 0.190905 -0.142548 -0.0189717 0.989606 -0.398231 0 0 0 1 
39885980090153;0.364593;0.00824958;0.992956 0.106973 0.050938 0.019953 -0.110368 0.991473 0.0692911 -0.584983 -0.0430913 -0.0744249 0.996295 -0.718247 0 0 0 1 
39885980090155;0.220386;1.06067;0.996242 -0.0854176 0.0143754 -0.506725 0.0852494 0.996288 0.0119378 0.577125 -0.0153417 -0.0106675 0.999825 0.0729537 0 0 0 1 
39885980090156;0.547565;1.06978;0.956379 -0.10315 0.27331 0.020443 0.0619257 0.985909 0.1554 0.58602 -0.285488 -0.131697 0.94929 1.35895 0 0 0 1 
39885980090157;0.178395;0.503834;0.99946 0.0281299 0.0169565 -0.27938 -0.0281201 0.999604 -0.000816447 0.363832 -0.0169727 0.000339188 0.999856 -0.0598429 0 0 0 1 
39885980090158;0.913519;1.07812;0.911247 0.0213661 0.411306 0.499743 -0.0724563 0.991395 0.109027 1.1762 -0.405437 -0.129152 0.904953 2.02817 0 0 0 1 
39885980090159;0.31181;1.0969;0.981412 0.155895 -0.111922 -0.342625 -0.18985 0.873902 -0.447495 1.88365 0.0280472 0.460425 0.887255 -0.280078 0 0 0 1 
39885980090160;0.529179;1.23497;0.994926 0.0990072 -0.0178927 -0.37185 -0.0986467 0.994921 0.0200202 1.54494 0.019784 -0.0181536 0.999639 0.447276 0 0 0 1 
39885980090161;0.588623;1.20374;0.978884 -0.112105 0.170933 -0.267423 0.0896416 0.98693 0.133918 0.841513 -0.183711 -0.115768 0.976139 1.15866 0 0 0 1 
39885980090162;0.825722;1.34055;0.980472 -0.19281 -0.0387049 -0.127256 0.192108 0.981146 -0.0211403 0.703462 0.0420512 0.013292 0.999027 -0.868852 0 0 0 1 
39885980090163;0.504725;0.610592;0.998744 0.0500876 0.00154513 -0.163424 -0.0501095 0.998501 0.0220173 1.03972 -0.000440024 -0.0220671 0.999756 0.0453641 0 0 0 1 
39885980090164;0.244441;0.575947;0.996115 0.0443805 -0.0760597 -0.306724 -0.0343105 0.99106 0.128932 0.537568 0.0811017 -0.125821 0.988732 -0.434592 0 0 0 1 
39885980090165;0.707584;0.72842;0.996054 0.0867299 0.0188424 -0.580709 -0.086293 0.996007 -0.0228816 1.15149 -0.0207516 0.0211653 0.999561 -0.619683 0 0 0 1 
39885980090166;0.507941;0.908529;0.979158 0.140645 0.146524 -0.421306 -0.125201 0.986036 -0.109804 1.56586 -0.159922 0.0891709 0.983094 0.767212 0 0 0 1 
39885980090167;0.79424;1.06592;0.980643 -0.186581 -0.0593912 -0.262193 0.181549 0.980028 -0.0811497 0.568777 0.0733461 0.0687964 0.994931 0.449947 0 0 0 1 
39885980090168;0.994365;0.935236;0.993889 0.097502 -0.0517541 0.351495 -0.101429 0.991651 -0.0796288 1.59428 0.043558 0.0843915 0.99548 0.547177 0 0 0 1 
39885980090169;0.602224;1.2072;0.942397 0.279725 -0.183416 -0.163435 -0.296524 0.952375 -0.071099 2.72639 0.154792 0.121391 0.980461 -0.769929 0 0 0 1 
39885980090170;0.878287;1.35397;0.976576 -0.108591 -0.185761 -0.349511 0.144956 0.970032 0.195001 0.679525 0.159018 -0.21736 0.963051 0.387836 0 0 0 1 
39885980090171;0.174618;1.16876;0.972498 0.203253 -0.113741 -0.26572 -0.200635 0.979071 0.0341289 1.87358 0.118297 -0.0103699 0.992924 -0.479248 0 0 0 1 
39885980090172;0.809772;1.1483;0.988931 0.148371 0.000790097 -0.701836 -0.148373 0.988929 0.00235497 1.8113 -0.000431939 -0.00244613 0.999997 0.738528 0 0 0 1 
39885980090173;0.12527;1.22201;0.998648 0.0299776 -0.0424674 -0.459794 -0.0348771 0.992188 -0.119774 1.34424 0.0385451 0.121093 0.991893 -0.192762 0 0 0 1 
39885980090174;1.08358;1.06036;0.952585 0.101828 0.286728 -0.311298 -0.117065 0.992455 0.0364628 1.60364 -0.280852 -0.0682998 0.957318 1.85259 0 0 0 1 
39885980090175;0.382051;1.06977;0.992463 0.122069 0.0108028 -0.580061 -0.122023 0.992516 -0.0048061 1.36726 -0.0113086 0.00345168 0.99993 0.426416 0 0 0 1 
39885980090176;1.01834;1.37091;0.943392 -0.132019 0.304273 -0.471174 0.140751 0.990021 -0.00684263 0.343258 -0.300334 0.0492821 0.95256 1.4467 0 0 0 1 
39885980090177;0.304463;0.713106;0.998685 0.00784319 0.0506637 -0.289407 -0.00716121 0.999881 -0.0136285 0.615122 -0.0507646 0.0132477 0.998623 -0.0716404 0 0 0 1 
39885980090178;0.543046;1.13957;0.992882 0.0670541 0.0984376 -0.659724 -0.0613449 0.996316 -0.0599251 1.1866 -0.102093 0.0534599 0.993337 0.707787 0 0 0 1 
39885980090179;0.361753;1.06606;0.985103 0.0994101 -0.140319 -0.595765 -0.105286 0.993823 -0.0350711 1.28414 0.135966 0.0493223 0.989485 -0.114447 0 0 0 1 
39885980090180;0.25283;1.11858;0.998363 -0.0459012 -0.034124 -0.511512 0.0472104 0.998139 0.0386025 0.877903 0.0322886 -0.0401503 0.998672 0.105593 0 0 0 1 
39885980090181;0.881259;1.33376;0.980991 0.0201441 -0.193003 0.0317068 -0.000179648 0.994691 0.102905 0.72996 0.194051 -0.100914 0.975787 -0.0778633 0 0 0 1 
39885980090182;0.669254;0.964816;0.993816 0.110744 0.00805521 -0.111678 -0.110854 0.993727 0.014782 1.0425 -0.00636766 -0.0155836 0.999858 -0.564786 0 0 0 1 
39885980090183;0.198594;1.12904;0.962681 0.101872 0.250734 -0.188809 -0.106923 0.994246 0.00656866 1.47445 -0.248622 -0.0331328 0.968034 0.904214 0 0 0 1 
39885980090184;0.838159;1.26464;0.967192 0.237116 -0.0911957 -0.101912 -0.254022 0.897496 -0.360519 2.62183 -0.0036371 0.371857 0.928283 -0.812647 0 0 0 1 
39885980090186;1.03403;0.412638;0.985232 0.167565 0.0352143 0.0950243 -0.16672 0.985668 -0.0257315 -0.160888 -0.0390213 0.0194806 0.999048 -0.589095 0 0 0 1 
39885980090187;0.391456;0.357817;0.998646 -0.0210197 0.0475853 -0.13442 0.016467 0.995424 0.0941228 -0.44228 -0.049346 -0.0932118 0.994423 -0.109178 0 0 0 1 
39885980090188;0.19321;0.342854;0.995395 -0.0230851 -0.0930353 -0.0870262 0.0144097 0.995575 -0.0928635 -0.304084 0.0947674 0.0910953 0.991323 -0.531368 0 0 0 1 
39885980090189;0.694654;0.308803;0.965287 -0.167501 0.200412 0.0880324 0.153426 0.98459 0.0839281 -0.676554 -0.211381 -0.0502664 0.97611 1.18331 0 0 0 1 
39885980090190;0.710931;0.423267;0.997386 -0.0508265 -0.0513578 -0.135626 0.0619248 0.967521 0.245089 -0.413213 0.0372327 -0.247629 0.968139 0.729759 0 0 0 1 
39885980090191;0.303973;0.380774;0.997121 0.0698539 0.0294927 -0.317101 -0.0702249 0.997462 0.0117351 0.00248348 -0.0285981 -0.0137725 0.999496 -0.0783903 0 0 0 1 
39885980090192;0.937341;0.372718;0.99975 0.00114485 0.0223121 -0.0706574 -0.00138358 0.999942 0.0106872 -0.695573 -0.0222986 -0.0107154 0.999694 0.813503 0 0 0 1 
39885980090193;0.0973903;0.395744;0.99979 -0.0147956 0.0141763 -0.145886 0.0146031 0.999801 0.01359 -0.309077 -0.0143746 -0.0133801 0.999807 0.0793685 0 0 0 1 
39885980090194;0.330993;0.326989;0.997232 -0.0699561 0.025184 -0.101107 0.0708998 0.99673 -0.0387649 -0.68459 -0.0223898 0.0404431 0.998931 0.132845 0 0 0 1 
39885980090195;0.913121;0.245225;0.999137 0.039276 -0.0135444 -0.159548 -0.040125 0.996777 -0.0694684 0.197283 0.0107723 0.0699519 0.997492 -0.918962 0 0 0 1 
39885980090196;0.843835;0.389583;0.992924 0.088613 0.0790524 -0.190605 -0.0916868 0.995132 0.0361332 0.0352829 -0.0754657 -0.0431256 0.996215 -0.482875 0 0 0 1 
39885980090197;0.709255;0.356198;0.999406 0.00959897 0.033099 -0.221642 -0.0144966 0.988417 0.151068 -0.37977 -0.0312655 -0.151458 0.987969 -0.404589 0 0 0 1 
39885980090198;1.04503;0.553904;0.998832 -0.0190343 -0.0444053 -0.0238496 0.0141768 0.994131 -0.107246 -0.125721 0.046186 0.106491 0.99324 0.644167 0 0 0 1 
39885980090199;0.0833687;0.404879;0.998692 -0.0237785 0.0452736 -0.139801 0.0233714 0.999682 0.00949951 -0.451726 -0.0454851 -0.00842897 0.998929 0.131991 0 0 0 1 
39885980090200;1.06244;0.62475;0.999474 -0.0321733 -0.00414206 -0.0340979 0.0321271 0.999426 -0.0107718 -0.10321 0.00448625 0.0106331 0.999933 0.814309 0 0 0 1 
39885980090201;0.454509;0.462591;0.969095 -0.126055 -0.21205 -0.137195 0.116122 0.991498 -0.0587143 -0.428726 0.217648 0.0322761 0.975493 -0.451743 0 0 0 1 
39885980090202;0.602175;0.470474;0.924712 0.0697772 -0.374217 -0.313765 -0.0401556 0.995452 0.0863869 -0.0159563 0.378543 -0.0648562 0.923309 -0.891041 0 0 0 1 
39885980090203;0.367742;0.389542;0.911608 0.0162356 0.410739 0.0271491 -0.0834338 0.985729 0.146212 0.178227 -0.402504 -0.167557 0.899953 1.54645 0 0 0 1 
39885980090204;1.06319;0.378591;0.971934 0.0915036 0.21673 0.0104694 -0.0725719 0.992945 -0.0937709 -0.101977 -0.223781 0.0754106 0.971718 1.63221 0 0 0 1 
39885980090205;0.675409;0.400133;0.99836 0.057103 0.00408056 -0.608571 -0.0567283 0.996359 -0.0636507 -0.468812 -0.00770034 0.0633148 0.997964 -0.269619 0 0 0 1 
39885980090206;0.947378;0.282619;0.994459 0.0617166 0.0851031 -0.285712 -0.0692767 0.993624 0.0889472 -0.255551 -0.079071 -0.09435 0.992394 1.16895 0 0 0 1 
39885980090207;0.975527;0.304666;0.997856 -0.0455766 -0.0469613 -0.0860689 0.046267 0.998835 0.0137217 -0.104375 0.0462812 -0.0158651 0.998802 -0.981185 0 0 0 1 
39885980090208;0.357335;0.492125;0.964808 0.126344 0.230614 -0.25973 -0.108398 0.99012 -0.0889493 0.068717 -0.239574 0.0608209 0.968971 0.495703 0 0 0 1 
39885980090209;0.567849;0.436297;0.992279 0.123417 0.0122798 -0.625 -0.123553 0.992278 0.0109503 -0.145798 -0.0108335 -0.012383 0.999865 0.169687 0 0 0 1 
39885980090210;0.29383;0.453962;0.975696 -0.000563382 0.219128 -0.0279466 -0.0192799 0.995898 0.0884071 -0.308028 -0.218278 -0.0904833 0.971683 1.01807 0 0 0 1 
39885980090211;0.573799;0.409288;0.996484 0.0673406 0.0498391 -0.5737 -0.0420866 0.916762 -0.397211 -0.0669407 -0.072439 0.393717 0.916373 0.0362855 0 0 0 1 
39885980090212;0.324919;0.462803;0.990047 0.136672 -0.0335901 -0.255407 -0.132842 0.98631 0.0976977 0.0619758 0.0464828 -0.0922632 0.994649 0.195537 0 0 0 1 
39885980090213;0.920265;0.423744;0.99136 -0.071537 -0.109941 -0.0220456 0.0805783 0.993523 0.0801198 -0.832504 0.103497 -0.0882865 0.990704 0.527284 0 0 0 1 
39885980090214;0.527822;0.566094;0.976391 0.208447 0.0566669 -0.350451 -0.209544 0.977698 0.0140937 0.503028 -0.0524653 -0.0256351 0.998294 0.507458 0 0 0 1 
39885980090215;0.58213;0.514729;0.9699 -0.228249 0.0848258 0.0509598 0.23113 0.972583 -0.0257178 -1.03362 -0.0766301 0.0445495 0.996064 0.234327 0 0 0 1 
39885980090217;1.03417;1.6374;0.977276 0.209524 -0.0321126 0.284922 -0.210963 0.976158 -0.0510935 1.24933 0.0206417 0.0567071 0.998177 -0.594863 0 0 0 1 
39885980090218;0.202378;1.13941;0.951407 0.306156 -0.0330648 0.175245 -0.305837 0.951975 0.0144384 1.66296 0.0358972 -0.00362438 0.999349 -0.202936 0 0 0 1 
39885980090219;0.470141;1.67379;0.986251 0.125364 0.107669 0.192028 -0.130492 0.990561 0.0419554 1.474 -0.101393 -0.0554285 0.993301 0.384499 0 0 0 1 
39885980090220;1.3181;0.576339;0.974477 -0.13026 -0.182828 -0.113449 0.112684 0.988228 -0.103479 0.41324 0.194155 0.0802362 0.977684 -0.418921 0 0 0 1 
39885980090221;1.15923;1.01325;0.923096 -0.123868 0.364075 -0.242959 0.176611 0.977514 -0.115215 -0.343695 -0.341617 0.170654 0.924216 0.733557 0 0 0 1 
39885980090222;0.407338;1.19196;0.951776 0.212124 0.221645 0.187779 -0.230076 0.971426 0.0582823 1.47871 -0.202949 -0.106467 0.973384 0.840559 0 0 0 1 
39885980090223;0.517255;0.968655;0.975177 -0.131549 0.178113 -0.117953 0.112108 0.986999 0.115174 0.315267 -0.190948 -0.092347 0.977247 0.784155 0 0 0 1 
39885980090224;1.08029;1.04269;0.986701 -0.116209 0.113655 -0.325645 0.10415 0.988806 0.106844 -0.0781732 -0.124799 -0.0935855 0.987759 0.516781 0 0 0 1 
39885980090225;0.715361;0.572671;0.995987 -0.0292755 -0.0845751 0.0801041 0.00642993 0.965952 -0.258641 0.383144 0.0892674 0.257059 0.962264 0.134134 0 0 0 1 
39885980090226;0.549209;0.565598;0.955525 -0.0137471 0.294589 0.0159694 -0.0164345 0.994878 0.0997332 0.166524 -0.294451 -0.100139 0.950406 1.00041 0 0 0 1 
39885980090227;1.15995;1.20606;0.999877 -0.0099525 -0.0121367 0.422416 0.0105223 0.9988 0.0478255 1.12598 0.0116461 -0.0479473 0.998782 -0.487576 0 0 0 1 
39885980090228;0.215505;1.05142;0.993595 -0.0962558 0.0591972 -0.0780602 0.0968058 0.995282 -0.00648789 0.516935 -0.0582934 0.012177 0.998225 -0.00539513 0 0 0 1 
39885980090229;0.121617;1.75844;0.916351 0.400368 0.00236812 0.506743 -0.40009 0.91546 0.0431268 2.38325 0.0150987 -0.0404667 0.999067 -0.0866897 0 0 0 1 
39885980090230;1.03093;1.69743;0.95872 0.284275 -0.0065719 0.434879 -0.28427 0.958743 0.00171183 1.52239 0.00678739 0.000227027 0.999977 0.47699 0 0 0 1 
39885980090231;0.888653;0.468435;0.991138 0.0553215 0.120765 -0.336822 -0.0694459 0.99081 0.116071 0.755322 -0.113234 -0.12343 0.985872 0.512731 0 0 0 1 
39885980090232;0.59802;1.66395;0.93834 0.218194 -0.268158 0.616053 -0.289665 0.919618 -0.265324 1.81336 0.188711 0.32664 0.926118 -0.447019 0 0 0 1 
39885980090233;0.0427632;0.858433;0.998403 -0.0564743 0.00170228 0.0286588 0.0564677 0.998397 0.00372013 0.52097 -0.00190964 -0.00361807 0.999992 -0.0199232 0 0 0 1 
39885980090234;0.404716;0.541671;0.985734 -0.0043379 -0.168255 0.132595 0.0689481 0.922348 0.380157 0.171225 0.153541 -0.386335 0.909489 -0.446862 0 0 0 1 
39885980090235;0.881271;1.6518;0.964108 0.21841 -0.150974 0.95575 -0.242285 0.95628 -0.163789 1.96956 0.108601 0.19449 0.974874 -0.635958 0 0 0 1 
39885980090236;1.0378;1.38436;0.999933 0.0110146 -0.00362588 0.110129 -0.011023 0.999937 -0.00232177 1.09584 0.00360007 0.00236158 0.999991 -0.846394 0 0 0 1 
39885980090237;0.452033;0.994065;0.972604 0.148444 -0.178904 0.101178 -0.0879194 0.947301 0.308044 0.968071 0.215203 -0.283876 0.934399 -0.79831 0 0 0 1 
39885980090238;0.922552;0.893818;0.955956 -0.0544151 -0.28842 0.030259 -0.0145917 0.972638 -0.231867 1.20382 0.293146 0.225864 0.929005 -0.374526 0 0 0 1 
39885980090239;0.393854;0.43618;0.995279 -0.00398167 -0.0969752 0.0248454 -0.0225604 0.9623 -0.271053 0.363957 0.0943985 0.271961 0.957667 -0.278176 0 0 0 1 
39885980090240;0.68439;1.20549;0.94665 0.321853 -0.0162828 0.291982 -0.321964 0.942381 -0.0908661 2.28773 -0.0139009 0.0912609 0.99573 -0.27486 0 0 0 1 
39885980090241;0.655728;0.955034;0.938597 -0.137736 0.31633 -0.062226 0.210186 0.95535 -0.207675 0.370545 -0.273602 0.261411 0.925638 0.313635 0 0 0 1 
39885980090242;0.353633;0.566604;0.910415 0.0735603 0.407103 0.329461 0.0344994 0.967137 -0.251906 0.411945 -0.412254 0.243384 0.877958 1.16849 0 0 0 1 
39885980090243;1.27115;0.887378;0.989355 -0.141106 0.0355914 0.2247 0.140257 0.989791 0.025327 0.309779 -0.0388019 -0.0200654 0.999045 0.85903 0 0 0 1 
39885980090244;0.554019;1.71081;0.989273 0.0375543 0.141166 0.361379 -0.0640175 0.980101 0.187891 1.19929 -0.131301 -0.194912 0.971992 0.280327 0 0 0 1 
39885980090245;0.651828;1.05551;0.987288 0.14376 -0.0677937 0.0433009 -0.146259 0.988681 -0.0334261 1.39403 0.062221 0.0429166 0.997139 0.234738 0 0 0 1 
39885980090246;0.546588;1.64792;0.976273 0.201151 -0.0801885 0.453327 -0.191062 0.974433 0.118215 1.5755 0.101917 -0.100089 0.989745 -0.561774 0 0 0 1 
39885980090248;0.37448;0.107514;0.922365 -0.32233 0.212947 -0.173991 0.309197 0.946412 0.0932846 0.156779 -0.231604 -0.0202001 0.9726 0.0228563 0 0 0 1 
39885980090249;0.482365;0.105005;0.950559 -0.310306 -0.0121308 -0.0696255 0.310399 0.950583 0.0066595 -0.020766 0.00946487 -0.0100956 0.999904 -0.331911 0 0 0 1 
39885980090250;0.869457;0.118345;0.935926 0.0313123 0.350801 -0.0905975 -0.0988774 0.979342 0.176386 -0.659602 -0.338032 -0.199771 0.919688 0.323573 0 0 0 1 
39885980090251;0.521745;0.134862;0.994066 -0.103352 -0.033926 0.0179738 0.102785 0.99454 -0.0180579 -0.233179 0.0356071 0.0144636 0.999261 0.311867 0 0 0 1 
39885980090252;1.01023;0.119979;0.995672 0.0863488 0.0343586 0.274507 -0.0922507 0.963064 0.252979 -0.120837 -0.0112451 -0.255054 0.966861 -0.956989 0 0 0 1 
39885980090253;0.430197;0.0895013;0.977629 0.154754 -0.142449 0.0406637 -0.115221 0.960622 0.252842 0.281753 0.175968 -0.230772 0.956964 -0.100291 0 0 0 1 
39885980090254;0.437029;0.126835;0.992071 -0.114027 0.0528446 0.00170409 0.115852 0.992723 -0.0328481 0.182134 -0.0487145 0.0387098 0.998062 0.383368 0 0 0 1 
39885980090255;0.581357;0.114251;0.996424 0.0433796 0.0725016 0.115068 -0.0468438 0.997806 0.0467824 -0.253212 -0.0703132 -0.0500114 0.996271 0.395032 0 0 0 1 
39885980090256;0.383432;0.116078;0.918123 -0.385316 0.0926349 -0.213701 0.389555 0.920433 -0.0324119 0.199713 -0.0727753 0.0658446 0.995172 0.00176017 0 0 0 1 
39885980090257;0.931685;0.0985959;0.979702 0.180516 -0.0871633 -0.125244 -0.186691 0.980009 -0.0687731 0.144251 0.0730062 0.0836498 0.993817 -0.840518 0 0 0 1 
39885980090258;0.517582;0.103096;0.987273 -0.100581 -0.123191 -0.256504 0.104676 0.994134 0.0272175 0.177652 0.119731 -0.0397663 0.99201 0.422527 0 0 0 1 
39885980090259;0.758348;0.152511;0.983812 -0.17883 0.0115609 0.497521 0.178815 0.98388 0.00230624 0.340817 -0.011787 -0.000201645 0.999931 0.359366 0 0 0 1 
