#;prob_registration_l1 -r /home/probabilistic_point_clouds_registration/build/tester /home/point_clouds_registration_benchmark//devel/registration_pairs/plain_local.txt /home/point_clouds_registration_benchmark//eth/plain -s 0.2 -t 0.2 -p 0.3 -r 1000 -m 20 -i 40 
id;initial_error;final_error;transformation
4215528470000;0.567788;0.331013;0.964105 -0.0316355 0.26363 0.434849 0.0155272 0.997895 0.0629633 -0.0543831 -0.265067 -0.0566098 0.962567 1.95046 0 0 0 1 
4215528470001;0.547226;0.0953566;0.99221 0.0960941 -0.0792841 -0.63873 -0.0562244 0.913321 0.40334 0.756282 0.11117 -0.39574 0.911609 1.05341 0 0 0 1 
4215528470002;0.032832;0.0285852;0.999923 0.0110536 0.00556335 -0.0724143 -0.0110629 0.999937 0.00164653 0.0323783 -0.00554481 -0.00170795 0.999983 0.0247464 0 0 0 1 
4215528470003;0.731607;0.127723;0.99552 -0.0410757 0.0851627 -0.0688984 0.0395757 0.999032 0.0192285 -0.767197 -0.0858701 -0.0157719 0.996181 0.392049 0 0 0 1 
4215528470004;0.518474;0.212041;0.962123 0.00992761 -0.272437 0.111551 0.0509204 0.975205 0.215364 -0.357602 0.26782 -0.221079 0.937761 -0.265905 0 0 0 1 
4215528470005;0.0948906;0.0624383;0.999339 0.0275751 0.0236897 -0.163018 -0.0253127 0.995529 -0.0910032 0.228704 -0.0260933 0.0903434 0.995569 -0.295129 0 0 0 1 
4215528470006;0.93827;0.0565851;0.998028 0.0543547 -0.0313901 -1.03584 -0.0617449 0.940086 -0.335301 0.503447 0.0112842 0.336578 0.941588 -1.30441 0 0 0 1 
4215528470007;0.649378;0.496795;0.994902 -0.00453233 -0.100749 -0.148398 -0.0314335 0.93529 -0.352483 0.598585 0.0958271 0.353852 0.930379 -1.98683 0 0 0 1 
4215528470008;0.524363;0.419202;0.961813 0.0461845 -0.269783 0.0526456 -0.0816636 0.989189 -0.121801 0.509886 0.261241 0.139181 0.955187 -2.33804 0 0 0 1 
4215528470009;0.400063;0.383952;0.966879 -0.0632283 0.247278 0.217566 0.0748842 0.996468 -0.0380096 -0.50828 -0.244002 0.055268 0.968199 1.34648 0 0 0 1 
4215528470010;0.581956;0.261518;0.98889 -0.123258 -0.0830922 0.652798 0.0964419 0.957352 -0.272354 -0.494542 0.113118 0.261314 0.958603 -2.09362 0 0 0 1 
4215528470011;0.358216;0.176744;0.982642 -0.119196 0.142149 0.540356 0.147784 0.966151 -0.211454 -0.85274 -0.112133 0.228791 0.966996 -0.163317 0 0 0 1 
4215528470012;0.581653;0.37911;0.983941 0.123919 -0.128472 -0.475069 -0.0828732 0.954616 0.286076 0.55789 0.158092 -0.270835 0.949555 -0.151006 0 0 0 1 
4215528470013;0.612837;0.027811;0.982416 -0.056112 0.178075 0.116708 0.054182 0.998408 0.0156866 -0.32809 -0.178672 -0.00576229 0.983892 0.550776 0 0 0 1 
4215528470014;0.871128;0.594901;0.997912 -0.0470335 0.0442682 0.154223 0.0476351 0.998785 -0.0126338 -0.470247 -0.0436202 0.0147162 0.99894 0.74521 0 0 0 1 
4215528470015;0.0605696;0.0692676;0.999911 -0.000547154 0.0133349 -0.0197482 0.000724462 0.999911 -0.0132953 -0.0617117 -0.0133264 0.0133038 0.999823 -0.0036206 0 0 0 1 
4215528470016;0.462589;0.198204;0.970095 0.0887129 0.225934 -0.488098 -0.0369239 0.97392 -0.223869 0.222239 -0.239902 0.208831 0.94807 0.869568 0 0 0 1 
4215528470017;0.763704;0.291322;0.992199 0.0646064 0.106616 -0.390804 -0.104039 0.900298 0.422658 0.911203 -0.0686797 -0.430453 0.899996 3.03966 0 0 0 1 
4215528470018;0.320962;0.385765;0.998337 -0.00431749 0.057494 -0.186312 -0.00143871 0.995016 0.0997023 -0.0811979 -0.057638 -0.0996192 0.993355 0.688062 0 0 0 1 
4215528470019;0.470754;0.170351;0.903956 0.161084 -0.396126 -0.147098 -0.100075 0.980303 0.170269 0.590871 0.415752 -0.114274 0.902271 -2.01631 0 0 0 1 
4215528470020;0.901423;0.449331;0.987937 -0.0457502 0.147945 -0.134317 0.0612127 0.992929 -0.101711 -0.345881 -0.142246 0.10954 0.983752 -0.0869844 0 0 0 1 
4215528470021;0.310289;0.0602389;0.997946 -0.0521887 -0.0371377 0.105762 0.055716 0.993292 0.101326 -0.462769 0.0316004 -0.103188 0.99416 0.480499 0 0 0 1 
4215528470022;0.501427;0.0593067;0.975843 0.120884 -0.181982 -0.291397 -0.134241 0.988949 -0.0629164 0.748933 0.172365 0.085826 0.981287 -1.88793 0 0 0 1 
4215528470023;0.509895;0.374624;0.994891 -0.00101896 0.100952 -0.0105874 0.0161492 0.988679 -0.149172 -0.00308807 -0.0996574 0.15004 0.983644 -0.394911 0 0 0 1 
4215528470024;0.756959;0.427911;0.997243 -0.0476181 0.05691 0.159532 0.0461051 0.998555 0.0276113 -0.441423 -0.0581425 -0.0249113 0.997997 1.02427 0 0 0 1 
4215528470025;0.187466;0.113075;0.990212 0.132197 -0.0447643 -0.649952 -0.127582 0.987388 0.0937406 0.83335 0.056592 -0.0871119 0.99459 0.00130719 0 0 0 1 
4215528470026;0.0729172;0.0454815;0.999727 -0.0232529 -0.00231176 0.079559 0.0232356 0.999704 -0.00724629 -0.161285 0.00247957 0.0071906 0.999971 -0.117595 0 0 0 1 
4215528470027;0.80863;0.216153;0.997195 0.0168305 -0.0729259 -0.274204 -0.0258497 0.991876 -0.124557 -0.0346825 0.0702371 0.126093 0.989529 -0.403309 0 0 0 1 
4215528470028;0.511375;0.508953;0.996433 0.0303213 -0.0787486 -0.277046 -0.015035 0.982074 0.187895 0.0100797 0.0830341 -0.18604 0.979027 0.456807 0 0 0 1 
4215528470029;0.874225;0.493429;0.883913 0.0608278 -0.463678 0.707986 -0.0355872 0.997379 0.0630014 0.396701 0.466295 -0.0391867 0.883761 -3.13604 0 0 0 1 
4215528470031;0.986719;0.11825;0.999699 -0.0189385 0.0155905 0.0998995 0.0188691 0.999811 0.00458333 -0.495962 -0.0156743 -0.00428777 0.999868 0.894414 0 0 0 1 
4215528470032;1.06872;0.0727924;0.997751 -0.0571039 0.0350891 0.101567 0.0669563 0.872618 -0.483793 -0.0732459 -0.00299294 0.485054 0.874479 -2.54295 0 0 0 1 
4215528470033;0.525088;0.0362604;0.996938 -0.077927 0.00653933 0.336715 0.0780442 0.996746 -0.0201493 -0.830921 -0.00494788 0.0205979 0.999776 -0.460085 0 0 0 1 
4215528470034;0.461314;0.0707722;0.999054 0.041778 0.0120742 -0.307922 -0.0420082 0.998927 0.0194791 0.267878 -0.0112475 -0.0199679 0.999737 -0.149718 0 0 0 1 
4215528470035;0.980295;0.0719835;0.999862 -0.015421 0.00613338 -0.687948 0.0154184 0.999881 0.000462956 -0.214978 -0.00613979 -0.000368325 0.999981 0.153173 0 0 0 1 
4215528470036;1.14169;0.560124;0.997709 0.0650307 0.0186715 -0.638273 -0.0676567 0.960724 0.269133 0.49499 -0.000436254 -0.26978 0.962922 2.25883 0 0 0 1 
4215528470037;0.241412;0.124586;0.999944 0.00320822 0.0100618 0.0585783 -0.00292425 0.999601 -0.028111 0.0691716 -0.010148 0.0280801 0.999554 0.00926237 0 0 0 1 
4215528470038;0.130156;0.149002;0.998123 0.0483948 0.0375255 -0.350778 -0.0487308 0.998779 0.00808936 0.36667 -0.0370882 -0.00990283 0.999263 0.379774 0 0 0 1 
4215528470039;0.797747;0.526674;0.993804 -0.0808542 -0.0762683 0.330153 0.0584645 0.963842 -0.259983 -0.504888 0.0945313 0.253913 0.962597 -1.77495 0 0 0 1 
4215528470040;0.689028;0.858009;0.982461 -0.167603 -0.0817328 0.813489 0.176198 0.977881 0.112707 -1.5885 0.0610349 -0.125132 0.990261 -0.242771 0 0 0 1 
4215528470041;0.231676;0.0609474;0.946258 -0.120909 -0.299962 1.49911 0.0803435 0.986295 -0.144106 -0.524187 0.313274 0.112261 0.943004 -3.4108 0 0 0 1 
4215528470042;0.841266;0.675669;0.989321 -0.0621761 0.131829 0.245912 0.0479412 0.992936 0.108532 -0.253641 -0.137646 -0.101053 0.985313 1.45314 0 0 0 1 
4215528470043;0.639843;0.630943;0.996042 0.0445093 -0.076933 -0.189497 -0.0423629 0.998672 0.0293107 0.346019 0.0781355 -0.0259356 0.996605 -0.65421 0 0 0 1 
4215528470044;0.994474;0.0700378;0.999883 0.00286636 0.0150552 0.0474785 -0.00270215 0.999937 -0.0109162 0.00978038 -0.0150856 0.0108742 0.999827 -0.771398 0 0 0 1 
4215528470045;0.386524;0.088999;0.995026 0.0140104 0.0986296 -0.183477 -0.0588465 0.881527 0.468452 0.641002 -0.0803814 -0.471926 0.877966 3.40413 0 0 0 1 
4215528470046;1.07289;0.497007;0.976177 0.0843748 -0.199898 -0.200416 -0.0716966 0.994978 0.0698482 0.474085 0.204788 -0.0538522 0.977324 -0.796308 0 0 0 1 
4215528470047;0.459821;0.437427;0.993813 0.00994265 0.110618 -0.207047 -0.00830291 0.999849 -0.0152742 0.00338571 -0.110754 0.0142612 0.993746 0.814048 0 0 0 1 
4215528470048;0.649857;0.16657;0.996814 0.0796835 -0.00344853 -0.835221 -0.0796583 0.996798 0.00691676 0.670626 0.00398864 -0.00662002 0.99997 0.0591326 0 0 0 1 
4215528470049;0.633618;0.175613;0.997264 -0.0625235 -0.0394256 0.420686 0.0679747 0.985271 0.156907 -0.654939 0.0290345 -0.159158 0.986826 1.07151 0 0 0 1 
4215528470050;0.671958;0.38448;0.996968 0.0580275 -0.0518352 -0.319558 -0.0568579 0.998099 0.0237613 0.367281 0.0531155 -0.020742 0.998373 -0.815814 0 0 0 1 
4215528470051;0.865997;0.751448;0.997306 -0.0117067 -0.072411 0.175987 -0.00196752 0.982558 -0.185948 0.261316 0.0733248 0.18559 0.979888 -2.18785 0 0 0 1 
4215528470052;0.470145;0.240968;0.994494 0.098774 -0.0350061 -0.650876 -0.0998801 0.994504 -0.0313946 0.844705 0.0317128 0.0347182 0.998894 -0.555054 0 0 0 1 
4215528470053;1.01323;0.0682552;0.992565 0.0263089 0.118842 -0.115732 -0.0144964 0.994963 -0.0991892 0.0232035 -0.120853 0.0967289 0.987946 -0.249669 0 0 0 1 
4215528470054;0.877545;0.594392;0.998879 0.0132245 -0.0454482 0.092692 -0.0120109 0.999567 0.026872 0.102512 0.0457839 -0.026296 0.998605 -0.79431 0 0 0 1 
4215528470055;0.503431;0.154754;0.997052 -0.02189 0.0735428 -0.0295373 0.0305968 0.99237 -0.119435 0.119517 -0.0703672 0.121334 0.990114 0.131819 0 0 0 1 
4215528470056;0.338949;0.241078;0.965236 -0.247081 0.0852661 1.42636 0.258559 0.95038 -0.172987 -1.93578 -0.0382935 0.18902 0.981226 -0.793227 0 0 0 1 
4215528470057;0.60477;0.0318846;0.999602 -0.0227623 0.0166692 0.130991 0.0222641 0.999317 0.0294867 -0.208386 -0.017329 -0.0291038 0.999426 -0.20663 0 0 0 1 
4215528470058;0.117082;0.0497072;0.99382 -0.110294 0.0125084 0.646249 0.110484 0.993754 -0.0156813 -0.985202 -0.0107007 0.0169664 0.999799 -0.03332 0 0 0 1 
4215528470059;0.289428;0.375743;0.998046 -0.0241162 -0.0576381 0.0992334 0.0177148 0.993873 -0.109099 -0.117948 0.059916 0.107865 0.992358 -1.22675 0 0 0 1 
4215528470060;0.876862;0.663194;0.960735 0.0993968 -0.259051 0.131519 -0.0778678 0.9927 0.0921085 0.57358 0.266316 -0.0683201 0.961462 -2.4972 0 0 0 1 
4215528470062;1.03489;0.885015;0.959214 -0.122496 0.254761 0.253292 0.18435 0.95429 -0.235257 -1.86324 -0.214297 0.272627 0.93795 2.61127 0 0 0 1 
4215528470063;0.150783;0.244776;0.996715 0.0372579 0.0719106 -0.351079 -0.0440499 0.994473 0.0953024 0.509062 -0.0679624 -0.0981569 0.992848 1.26127 0 0 0 1 
4215528470064;1.26892;0.505329;0.974066 0.15671 -0.163207 0.120692 -0.138216 0.983208 0.119156 1.91599 0.179139 -0.0935079 0.97937 -2.95001 0 0 0 1 
4215528470065;0.672821;0.146839;0.99813 -0.0600111 0.0116308 0.0613871 0.0603884 0.997547 -0.0353924 -0.89858 -0.00947836 0.0360286 0.999306 -0.285091 0 0 0 1 
4215528470066;0.971407;0.326458;0.974118 -0.0611879 0.217602 0.0388442 0.142355 0.91384 -0.380305 -1.0722 -0.175583 0.401439 0.898898 1.75978 0 0 0 1 
4215528470067;0.479383;0.729128;0.998994 -0.00117034 0.0448284 -0.296393 0.00817032 0.987678 -0.156289 0.189504 -0.0440931 0.156498 0.986694 0.0891172 0 0 0 1 
4215528470068;1.75898;1.37832;0.995146 0.0907926 -0.0379561 -0.073078 -0.0832393 0.98236 0.16745 1.17494 0.0524898 -0.163478 0.98515 -0.427557 0 0 0 1 
4215528470069;1.1695;0.591353;0.99372 -0.0952451 0.0587353 -0.0515935 0.0910546 0.99336 0.0703164 -1.21258 -0.0650426 -0.0645267 0.995794 1.75796 0 0 0 1 
4215528470070;0.627154;0.148047;0.999786 -0.0193794 0.00716901 0.00408502 0.0191049 0.999149 0.0365582 -0.210173 -0.00787138 -0.0364134 0.999306 -0.0595621 0 0 0 1 
4215528470071;1.13782;0.152642;0.984151 -0.0448868 -0.171556 1.05511 0.0597698 0.994789 0.0825947 -0.7579 0.166955 -0.0915396 0.981706 -2.54398 0 0 0 1 
4215528470072;1.12233;0.494192;0.998264 0.0487264 -0.033085 -0.62071 -0.0482554 0.998724 0.014891 0.424277 0.0337683 -0.0132687 0.999342 -0.121959 0 0 0 1 
4215528470073;0.253366;0.0219202;0.957993 -0.0917466 0.271722 0.303089 0.167573 0.94796 -0.270723 -1.60044 -0.232744 0.304884 0.923513 2.43076 0 0 0 1 
4215528470074;0.891847;0.047241;0.926327 0.186604 -0.327256 1.05075 -0.109241 0.96443 0.24071 1.10774 0.360533 -0.187227 0.913763 -4.77196 0 0 0 1 
4215528470075;0.661748;0.45657;0.99814 0.0200893 0.0575607 -0.341667 -0.0202639 0.999792 0.00245147 0.377759 -0.0574995 -0.00361331 0.998339 1.13297 0 0 0 1 
4215528470076;1.55682;0.14482;0.999898 0.00707556 -0.0123783 -0.0945764 -0.00714258 0.99996 -0.00537847 0.32302 0.0123398 0.00546633 0.999909 -1.07779 0 0 0 1 
4215528470077;0.434483;0.949074;0.979576 -0.200981 -0.00610073 0.531992 0.200684 0.979116 -0.0325235 -2.30967 0.0125099 0.0306349 0.999452 -0.414715 0 0 0 1 
4215528470078;1.12372;1.18583;0.960826 -0.0672889 0.268859 0.0602073 0.0665755 0.997712 0.0117812 -0.970933 -0.269037 0.00657973 0.963107 3.90216 0 0 0 1 
4215528470079;1.36039;1.20654;0.994214 0.00355874 0.107359 -0.522182 0.0117934 0.989793 -0.142024 -0.0146883 -0.106769 0.142469 0.984024 1.29853 0 0 0 1 
4215528470080;1.57691;0.864108;0.981307 0.122926 -0.148074 0.0897107 -0.0922814 0.975752 0.198472 1.39053 0.168881 -0.181098 0.968856 -1.634 0 0 0 1 
4215528470081;1.29705;1.13539;0.993703 0.102459 -0.0453469 -0.395513 -0.0968525 0.988961 0.112138 1.4844 0.0563359 -0.10704 0.992657 -0.427428 0 0 0 1 
4215528470082;0.754436;0.0784823;0.994417 -0.0795026 -0.0693904 0.589007 0.0694495 0.988149 -0.136887 -0.972829 0.0794509 0.131304 0.988153 -1.29573 0 0 0 1 
4215528470083;1.36137;0.566293;0.995294 -0.000348595 0.0968973 -0.46726 0.00695619 0.99767 -0.0678623 0.1412 -0.096648 0.068217 0.992978 1.83804 0 0 0 1 
4215528470084;1.66015;0.0720408;0.958411 -0.236937 -0.159086 0.938667 0.232034 0.971473 -0.0489948 -3.30721 0.166157 0.0100438 0.986048 -2.83724 0 0 0 1 
4215528470085;1.13067;0.130481;0.999447 -0.0222114 -0.0247306 -0.131327 0.0243163 0.995793 0.0883484 -0.725393 0.0226642 -0.0889009 0.995783 0.574279 0 0 0 1 
4215528470086;1.1632;1.12006;0.929022 -0.0161673 0.369672 0.228099 0.00662614 0.999612 0.0270651 -0.215922 -0.369966 -0.0226946 0.928768 5.52897 0 0 0 1 
4215528470087;0.757202;0.795311;0.997449 0.00513896 0.0712009 -0.347931 0.00254737 0.994208 -0.107443 0.200537 -0.0713407 0.107351 0.991658 0.86881 0 0 0 1 
4215528470088;1.28516;0.7537;0.999337 -0.0362143 -0.00369643 -0.0661815 0.0361027 0.998989 -0.0267711 -0.499966 0.00466219 0.0266199 0.999635 0.451667 0 0 0 1 
4215528470089;0.703952;0.563269;0.997652 0.0472633 -0.0495553 -0.329194 -0.045575 0.998359 0.0346629 0.682439 0.0511123 -0.032323 0.99817 -0.310006 0 0 0 1 
4215528470090;1.03548;0.03728;0.937719 -0.187142 0.29268 0.600925 0.279625 0.906529 -0.31625 -3.13603 -0.206139 0.378395 0.902399 1.37799 0 0 0 1 
4215528470091;1.49069;1.47837;0.998045 0.0593687 0.0195157 -0.236014 -0.0609996 0.993344 0.0977095 0.702749 -0.0135849 -0.098709 0.995024 0.558271 0 0 0 1 
4215528470093;0.435815;0.454011;0.994164 -0.107862 -0.00184705 0.50904 0.10498 0.963377 0.246747 -0.342478 -0.0248352 -0.245501 0.969078 0.258416 0 0 0 1 
4215528470094;0.626818;0.0528487;0.999484 0.030292 0.0107194 -0.0183735 -0.029864 0.998829 -0.0380562 0.171588 -0.0118596 0.0377164 0.999218 -0.642474 0 0 0 1 
4215528470095;0.64508;0.537901;0.982236 -0.186052 -0.0244382 0.880704 0.184802 0.981694 -0.0460885 -0.605077 0.0325657 0.0407536 0.998638 -0.383976 0 0 0 1 
4215528470096;0.715932;0.519793;0.998866 -0.0476113 0.000373209 0.133021 0.0475807 0.997874 -0.0445333 -0.285074 0.00174787 0.0445006 0.999008 -0.358908 0 0 0 1 
4215528470097;0.899584;0.886386;0.990673 -0.134022 0.0246122 0.52212 0.136252 0.972005 -0.191421 -0.411675 0.00173157 0.192989 0.981199 0.327444 0 0 0 1 
4215528470098;0.598276;0.0532546;0.985717 -0.122198 0.115888 0.311774 0.0986464 0.976664 0.190778 -0.66536 -0.136497 -0.176621 0.974768 0.100648 0 0 0 1 
4215528470099;0.333474;0.0543484;0.970635 0.046463 -0.236027 0.132531 0.054017 0.914016 0.402066 -0.120343 0.234414 -0.403009 0.884666 -0.448305 0 0 0 1 
4215528470100;0.645112;0.0227461;0.999786 -0.0205617 -0.00217859 0.0193605 0.0205504 0.999776 -0.00506386 -0.0243094 0.00228223 0.005018 0.999985 -0.704551 0 0 0 1 
4215528470101;0.802084;0.0519761;0.999397 -0.0119467 0.0326048 0.736056 0.0138917 0.998096 -0.0600948 0.135208 -0.0318248 0.0605115 0.99766 0.367815 0 0 0 1 
4215528470102;0.571321;0.0694309;0.999873 -0.0155951 0.00321413 -0.110124 0.015725 0.998846 -0.0453764 0.192554 -0.00250277 0.0454212 0.998965 -0.541238 0 0 0 1 
4215528470103;0.118159;0.128182;0.999371 -0.035238 -0.00410733 0.0607955 0.0352388 0.999379 0.000137107 -0.0360268 0.00409995 -0.000281758 0.999992 -0.0309377 0 0 0 1 
4215528470104;0.483078;0.0789116;0.960011 -0.0154507 0.279535 0.229341 -0.00981604 0.996004 0.0887632 -0.229857 -0.27979 -0.0879576 0.956024 1.15202 0 0 0 1 
4215528470105;0.856272;0.698572;0.963759 0.0088493 0.266629 -0.00918083 0.0425976 0.981522 -0.18655 -0.14957 -0.263353 0.191147 0.945573 0.616557 0 0 0 1 
4215528470106;0.960069;0.0524924;0.993257 -0.086298 0.0774146 0.682815 0.0829403 0.995511 0.0455939 -0.720372 -0.0810017 -0.0388656 0.995956 0.816412 0 0 0 1 
4215528470107;0.403602;0.238528;0.949586 0.0644453 -0.306813 0.218719 -0.0668082 0.997762 0.00280601 0.379973 0.306307 0.0178331 0.951766 -1.04333 0 0 0 1 
4215528470108;0.717513;0.459027;0.999997 -0.00177823 0.00153356 0.267053 0.00186446 0.998304 -0.058191 -0.110615 -0.00142748 0.0581937 0.998304 0.070948 0 0 0 1 
4215528470109;0.671253;0.19467;0.999106 -0.0418422 0.0060401 0.131995 0.0419167 0.999039 -0.0127979 -0.106879 -0.00549881 0.0130396 0.9999 0.616304 0 0 0 1 
4215528470110;0.085073;0.0199717;0.999707 0.0240716 0.00258764 0.00634252 -0.0240522 0.999684 -0.0072819 0.0765806 -0.00276211 0.00721753 0.99997 -0.080807 0 0 0 1 
4215528470111;0.687198;0.0433572;0.998602 -0.000262883 0.0528563 -0.0995239 -0.00296713 0.998132 0.0610216 -0.0103795 -0.0527736 -0.0610932 0.996736 0.887028 0 0 0 1 
4215528470112;0.990082;0.166754;0.997261 0.0706618 -0.0218461 0.0200826 -0.0663095 0.98503 0.159119 0.297325 0.0327627 -0.157235 0.987018 0.945257 0 0 0 1 
4215528470113;0.115928;0.0300695;0.998657 0.051785 -0.00181923 -0.0690346 -0.0517898 0.998654 -0.00270995 0.196706 0.00167645 0.00280052 0.999995 -0.0280346 0 0 0 1 
4215528470114;0.310906;0.0515934;0.999994 -0.00313043 0.00175692 -0.127539 0.00313582 0.99999 -0.00307791 -0.0424409 -0.00174727 0.0030834 0.999994 -0.275751 0 0 0 1 
4215528470115;0.363564;0.206883;0.99989 0.00988847 0.0110665 0.19264 -0.00896633 0.996716 -0.0804817 0.0208972 -0.011826 0.0803736 0.996695 -0.0478505 0 0 0 1 
4215528470116;0.348278;0.247466;0.920155 -0.125735 0.370817 0.404988 0.0713155 0.985016 0.15703 -0.21867 -0.385005 -0.118047 0.915334 0.966457 0 0 0 1 
4215528470117;0.290367;0.341265;0.997347 0.014877 -0.0712603 0.120675 -0.0210496 0.996015 -0.086669 0.0506705 0.0696869 0.0879391 0.993685 -0.165861 0 0 0 1 
4215528470118;0.65787;0.303104;0.999073 -0.00243166 0.042973 0.310683 0.00577333 0.996951 -0.07781 -0.166157 -0.0426528 0.077986 0.996042 -0.361787 0 0 0 1 
4215528470119;0.205525;0.020209;0.992518 -0.0812493 0.0911418 0.0772616 0.0907964 0.990209 -0.106024 -0.0961651 -0.081635 0.113506 0.990178 0.205022 0 0 0 1 
4215528470120;0.310799;0.110104;0.992194 -0.0355212 -0.119537 0.16395 0.073561 0.940749 0.33103 -0.282291 0.100696 -0.337239 0.936018 -0.0456817 0 0 0 1 
4215528470121;0.660347;0.0329186;0.938936 -0.0340001 0.342407 0.266545 0.151557 0.934245 -0.322826 -0.503304 -0.308916 0.355007 0.88235 1.19213 0 0 0 1 
4215528470122;0.789381;0.458415;0.98349 0.00931201 0.18072 -0.0744416 -0.0319886 0.991894 0.122974 0.0632538 -0.17811 -0.126725 0.975816 0.00202825 0 0 0 1 
4215528470124;0.80876;0.496327;0.947829 0.0120823 0.318549 0.143732 0.0434367 0.985066 -0.166607 0.0571582 -0.315805 0.171752 0.93315 0.715438 0 0 0 1 
4215528470125;0.139303;0.109646;0.991452 -0.0331324 -0.126193 0.0527821 0.0161273 0.990922 -0.133464 -0.0773743 0.12947 0.130288 0.982987 -0.883722 0 0 0 1 
4215528470126;0.0966618;0.186837;0.998206 -0.0112385 -0.0588034 -0.100218 0.0120714 0.999832 0.0138286 -0.0300483 0.0586381 -0.0145136 0.998174 -0.274796 0 0 0 1 
4215528470127;0.789796;0.0709457;0.999722 -0.0234382 0.00248284 -0.255486 0.0234397 0.999725 -0.000557447 0.0191919 -0.00246909 0.000615489 0.999997 0.646178 0 0 0 1 
4215528470128;0.207096;0.0498157;0.998739 0.0413235 0.0285043 -0.160889 -0.041273 0.999145 -0.00235787 0.182355 -0.0285774 0.00117844 0.999591 -0.0768886 0 0 0 1 
4215528470129;0.938911;0.160643;0.999929 0.00654331 0.00996203 -0.1698 -0.00652679 0.999977 -0.00168987 0.189032 -0.00997286 0.00162473 0.999949 0.870663 0 0 0 1 
4215528470130;0.991785;0.677394;0.986183 0.0284173 -0.163201 -0.306765 -0.00698204 0.991431 0.130441 -0.0264693 0.16551 -0.1275 0.977932 -0.1349 0 0 0 1 
4215528470131;0.387282;0.25297;0.999795 -0.0197716 0.00435145 -0.132339 0.0197959 0.999788 -0.00560419 -0.038314 -0.00423972 0.00568919 0.999975 -0.11884 0 0 0 1 
4215528470132;0.92999;0.495379;0.99953 -0.022991 0.0202963 0.000391722 0.0238215 0.998847 -0.0416724 -0.00449755 -0.0193148 0.0421362 0.998925 -0.816423 0 0 0 1 
4215528470133;0.555582;0.448911;0.999864 0.00524892 0.0156566 0.0511464 -0.00171978 0.97608 -0.217405 0.0745586 -0.0164232 0.217349 0.975956 -0.613874 0 0 0 1 
4215528470134;0.99593;0.665171;0.966131 0.0221149 0.257103 -0.0378688 -0.0424492 0.996368 0.0738105 0.189835 -0.254537 -0.0822245 0.963561 0.474323 0 0 0 1 
4215528470135;1.17319;0.811187;0.988697 -0.0255526 0.147731 -0.116147 0.0811891 0.919632 -0.384297 -0.315358 -0.126038 0.391948 0.911313 0.318341 0 0 0 1 
4215528470136;0.830588;0.78098;0.998678 -0.00328447 0.0513004 -0.0620182 -0.0119369 0.955861 0.293577 0.0907091 -0.0500003 -0.293802 0.954558 0.91326 0 0 0 1 
4215528470137;0.395265;0.250627;0.988844 -0.0544605 0.138642 0.000247504 -0.0101559 0.903949 0.427519 0.227355 -0.148608 -0.424158 0.893312 1.75457 0 0 0 1 
4215528470138;1.02893;0.886229;0.994326 0.0682566 -0.0815929 0.0150845 -0.0570248 0.989496 0.132835 0.231423 0.0898028 -0.127429 0.987774 -0.423909 0 0 0 1 
4215528470139;0.649753;0.27808;0.987378 -0.0811554 -0.136011 -0.0598389 0.049746 0.974196 -0.220153 -0.27937 0.150368 0.210608 0.965937 -0.727561 0 0 0 1 
4215528470140;0.360307;0.176507;0.900917 -0.0387245 0.432261 0.313931 0.07605 0.994686 -0.0693931 -0.377529 -0.427277 0.0953908 0.899074 1.75481 0 0 0 1 
4215528470141;0.657293;0.0810773;0.998054 0.0177337 -0.0597787 -0.602092 -0.0189748 0.999615 -0.0202592 0.060084 0.0593964 0.0213541 0.998006 -0.418793 0 0 0 1 
4215528470142;0.724166;0.45744;0.999733 0.0228992 0.00301838 -0.186051 -0.0227675 0.999012 -0.0381579 -0.125693 -0.00388918 0.038079 0.999267 0.230025 0 0 0 1 
4215528470143;0.681426;0.0603233;0.944729 0.113514 -0.307572 -0.400344 -0.0362523 0.968563 0.246111 0.327087 0.32584 -0.221359 0.919146 -1.21459 0 0 0 1 
4215528470144;0.404104;0.200635;0.999987 0.00490138 -0.00136258 -0.28251 -0.00483605 0.999002 0.0444065 0.165722 0.00157887 -0.0443993 0.999013 -0.00373132 0 0 0 1 
4215528470145;0.189223;0.0381521;0.998027 -0.0488662 -0.0394281 0.105143 0.0356872 0.95812 -0.284135 -0.0390443 0.0516614 0.282167 0.957973 -0.889533 0 0 0 1 
4215528470146;0.235131;0.0305742;0.991811 0.0391049 0.121581 -0.212005 -0.0379468 0.99921 -0.0118268 0.122086 -0.121947 0.00711639 0.992511 0.612406 0 0 0 1 
4215528470147;0.605051;0.095968;0.999493 0.000113908 -0.0318465 -0.427405 -0.00012109 1 -0.000223604 -0.131072 0.0318465 0.000227347 0.999493 -0.43163 0 0 0 1 
4215528470148;0.594371;0.261304;0.910018 -0.0705346 0.408525 0.455296 0.0195439 0.991623 0.127675 -0.179397 -0.414109 -0.108202 0.903773 2.44937 0 0 0 1 
4215528470149;0.787506;0.225581;0.999879 -0.000234935 0.0155695 0.188878 5.74367e-05 0.999935 0.0113998 -0.523671 -0.0155712 -0.0113976 0.999814 0.0446607 0 0 0 1 
4215528470150;0.616542;0.253055;0.98469 0.0343148 0.170903 -0.0997856 -0.0370015 0.999236 0.0125593 0.108356 -0.170341 -0.0186907 0.985208 1.27966 0 0 0 1 
4215528470151;0.660847;0.717131;0.999729 -0.013052 0.0192865 -0.113923 0.0146787 0.996121 -0.086765 0.144337 -0.0180792 0.0870246 0.996042 -0.447467 0 0 0 1 
4215528470152;0.936036;0.244426;0.993115 0.0523412 0.104796 -0.241739 -0.0564728 0.997724 0.0368521 0.290639 -0.102628 -0.0425165 0.993811 -0.350319 0 0 0 1 
4215528470153;0.43556;0.472017;0.993485 -0.0418821 -0.105992 -0.0576893 0.0250958 0.987593 -0.155014 -0.167275 0.111169 0.151345 0.98221 -0.925296 0 0 0 1 
4215528470155;0.767559;0.496469;0.997506 0.0693586 -0.0130957 -0.223799 -0.0677953 0.993096 0.0957244 0.468291 0.0196446 -0.0945978 0.995322 -0.251654 0 0 0 1 
4215528470156;0.534127;0.0722701;0.955589 0.102383 -0.276346 0.121553 -0.0739728 0.991022 0.111369 0.251285 0.285268 -0.0859812 0.954583 -1.39243 0 0 0 1 
4215528470157;0.770434;0.401752;0.99107 0.0467096 0.124897 -0.124439 -0.0404381 0.997813 -0.0522867 0.0247222 -0.127066 0.0467692 0.990791 1.10631 0 0 0 1 
4215528470158;0.945303;0.615162;0.983411 0.0908113 -0.157024 0.0214886 -0.0639137 0.983615 0.168572 0.325606 0.16976 -0.15574 0.973102 -1.12428 0 0 0 1 
4215528470159;0.28795;0.229695;0.998856 -0.0355205 -0.0320122 -0.0414898 0.0347341 0.999089 -0.0247954 0.0279135 0.0328638 0.0236551 0.99918 0.11367 0 0 0 1 
4215528470160;0.771203;0.425238;0.998457 -0.0257853 -0.0491756 -0.214587 0.0242257 0.999193 -0.0320503 -0.00600851 0.0499623 0.0308095 0.998276 -0.837652 0 0 0 1 
4215528470161;0.233784;0.00860295;0.981852 0.142135 0.125557 -0.237142 -0.140813 0.989846 -0.0193898 0.618404 -0.127039 0.00135786 0.991897 0.34889 0 0 0 1 
4215528470162;0.571431;0.0900583;0.996687 0.0237485 0.0777884 -0.617414 -0.0365285 0.985239 0.167242 0.123738 -0.0726684 -0.16953 0.982842 0.66248 0 0 0 1 
4215528470163;0.611739;0.04613;0.996897 -0.0655204 0.0436327 -0.110211 0.066724 0.997413 -0.0267249 0.0851619 -0.0417688 0.0295533 0.99869 0.786585 0 0 0 1 
4215528470164;0.552648;0.358143;0.99863 -0.0363561 0.0376238 0.120464 0.0375771 0.998773 -0.0322691 -0.347219 -0.0364044 0.0336387 0.998771 0.144895 0 0 0 1 
4215528470165;0.294545;0.0621522;0.998844 0.0286302 -0.0386081 -0.110844 -0.0277695 0.999358 0.0226489 0.361549 0.0392317 -0.0215506 0.998998 -0.229022 0 0 0 1 
4215528470166;0.624564;0.53149;0.998813 0.0345749 0.034313 0.169976 -0.0330955 0.998536 -0.0427857 -0.00142837 -0.035742 0.0415993 0.998495 -0.216219 0 0 0 1 
4215528470167;0.723593;0.0659848;0.996817 0.0797163 0.000858511 -0.348408 -0.079473 0.994508 -0.0681061 0.421632 -0.00628297 0.0678211 0.997678 0.785902 0 0 0 1 
4215528470168;0.682452;0.348195;0.921949 0.131424 -0.364332 -0.174601 -0.102893 0.989977 0.0967388 0.477541 0.373394 -0.0517009 0.926231 -0.509745 0 0 0 1 
4215528470169;0.452691;0.0204742;0.984496 0.166814 -0.0542311 -0.227593 -0.15962 0.980182 0.117325 0.589183 0.0727278 -0.106849 0.991612 -0.602576 0 0 0 1 
4215528470170;0.927037;0.0124345;0.973351 0.189962 -0.128465 -0.552648 -0.120779 0.900854 0.416983 1.11658 0.194939 -0.390355 0.89979 -0.803367 0 0 0 1 
4215528470171;0.544194;0.146193;0.893633 0.113371 -0.434243 0.537399 -0.202332 0.965432 -0.164328 0.882316 0.400602 0.23471 0.88568 -1.74111 0 0 0 1 
4215528470172;0.700934;0.394056;0.902173 0.0459613 0.42892 0.0816675 -0.0258585 0.998282 -0.0525821 -0.000661543 -0.4306 0.0363469 0.901811 1.73342 0 0 0 1 
4215528470173;0.534414;0.126205;0.974243 0.137811 -0.17849 0.0064475 -0.141826 0.989842 -0.00987035 0.687097 0.175317 0.0349306 0.983892 -1.13064 0 0 0 1 
4215528470174;0.297039;0.0234462;0.996882 0.0751159 0.0241717 -0.117975 -0.0781667 0.981954 0.172209 0.254981 -0.0107999 -0.173561 0.984764 -0.0939538 0 0 0 1 
4215528470175;0.347703;0.154569;0.991153 0.0548948 0.120843 -0.0837275 -0.0985138 0.914408 0.392624 0.310308 -0.0889471 -0.401055 0.911726 0.527502 0 0 0 1 
4215528470176;0.75672;0.486468;0.950421 -0.00983242 0.310811 -0.0769669 0.0746839 0.977464 -0.197452 0.109613 -0.301865 0.210875 0.929736 0.433537 0 0 0 1 
4215528470177;0.756848;0.0262799;0.988847 0.148887 -0.00382876 0.0350281 -0.141202 0.945365 0.293848 0.652176 0.0473697 -0.29003 0.955844 -0.673549 0 0 0 1 
4215528470178;0.523311;0.481661;0.983693 -0.0376653 -0.17587 -0.00447475 0.0223403 0.995842 -0.0883186 0.0237353 0.178466 0.0829494 0.980444 -0.886439 0 0 0 1 
4215528470179;0.41696;0.246017;0.95434 0.156689 -0.254331 -0.0939195 -0.0891555 0.96199 0.258121 0.532326 0.285109 -0.22366 0.932035 -0.76755 0 0 0 1 
4215528470180;0.591922;0.209433;0.989493 0.0885755 -0.11427 -0.0475864 -0.0853304 0.995806 0.0329939 0.503189 0.116714 -0.0228964 0.992902 -0.886632 0 0 0 1 
4215528470181;0.100371;0.0437062;0.997005 0.074059 -0.0222887 -0.122288 -0.0707319 0.989692 0.124529 0.237811 0.0312814 -0.12258 0.991966 0.00518464 0 0 0 1 
4215528470182;0.852078;0.418672;0.992201 0.00297346 -0.124615 0.0185241 0.00138021 0.999392 0.0348362 0.255948 0.124642 -0.0347365 0.991593 -1.31239 0 0 0 1 
4215528470183;0.165427;0.0335244;0.998978 -0.00873326 0.0443569 0.0868838 0.0135168 0.993981 -0.108716 -0.0491172 -0.0431405 0.109204 0.993083 0.135198 0 0 0 1 
4215528470184;0.841318;0.181252;0.882524 -0.0196052 -0.469859 0.361119 -0.0272077 0.995328 -0.0926345 0.461293 0.46948 0.094536 0.877868 -2.40596 0 0 0 1 
4215528470186;0.933251;0.522431;0.999897 -0.0013033 0.0142751 0.0230099 -0.000109158 0.995137 0.0985007 -0.0122314 -0.014334 -0.0984922 0.995035 -0.56229 0 0 0 1 
4215528470187;0.872934;0.15004;0.962514 -0.103444 -0.250732 -0.02667 0.0381099 0.966825 -0.252582 -0.0137837 0.268542 0.233558 0.934524 -2.29565 0 0 0 1 
4215528470188;0.636802;0.185122;0.99991 0.00192165 -0.0133145 -0.264223 -0.00421679 0.984636 -0.174568 -0.109334 0.0127745 0.174608 0.984555 -0.00356226 0 0 0 1 
4215528470189;0.616608;0.381977;0.919905 0.0318936 0.390841 0.252815 0.0151875 0.993042 -0.116781 -0.0535883 -0.391846 0.113363 0.91302 1.73268 0 0 0 1 
4215528470190;0.721491;0.0630788;0.997553 0.0669742 0.020059 -0.495053 -0.0666391 0.997633 -0.0169335 0.123232 -0.0211457 0.0155554 0.999655 -0.520636 0 0 0 1 
4215528470191;0.988569;0.299081;0.998527 0.0540656 0.00445644 -0.392105 -0.0542461 0.994263 0.092189 0.297857 0.000553373 -0.092295 0.995732 0.990399 0 0 0 1 
4215528470192;0.483071;0.38585;0.996219 0.0255123 0.083043 -0.136537 -0.0181229 0.995907 -0.0885497 -0.0439385 -0.0849622 0.0867099 0.992604 0.224094 0 0 0 1 
4215528470193;1.00219;0.759305;0.993615 -0.00922731 0.112447 0.0546102 0.000559967 0.997041 0.0768685 -0.161868 -0.112823 -0.0763147 0.99068 1.14907 0 0 0 1 
4215528470194;0.574823;0.45504;0.970933 -0.0128748 -0.239007 0.248637 -0.0565602 0.957931 -0.28137 0.440011 0.232575 0.286709 0.929358 -1.79986 0 0 0 1 
4215528470195;0.262201;0.19802;0.998974 0.042521 -0.0155894 -0.199183 -0.0418402 0.998255 0.0416679 0.197916 0.0173339 -0.0409729 0.99901 0.0721428 0 0 0 1 
4215528470196;0.705585;0.120834;0.997038 0.0686026 0.034772 -0.207743 -0.0716144 0.992954 0.0944168 0.487652 -0.0280498 -0.0966273 0.994925 0.929572 0 0 0 1 
4215528470197;0.958351;0.616205;0.97283 -0.0377458 -0.228423 -0.164765 0.0224968 0.997363 -0.0689977 -0.0500493 0.230425 0.0619843 0.971114 -0.49911 0 0 0 1 
4215528470198;0.657229;0.299214;0.99133 0.0335131 -0.127052 0.239561 -0.0269102 0.998214 0.0533358 0.30284 0.128613 -0.0494543 0.990461 -0.634405 0 0 0 1 
4215528470199;0.280312;0.123782;0.954824 0.00943809 0.297022 0.117417 -0.0807669 0.970114 0.228812 0.500187 -0.285986 -0.242464 0.927051 1.59682 0 0 0 1 
4215528470200;0.717676;0.446515;0.975704 0.102205 -0.193795 -0.393282 -0.0824329 0.990782 0.107499 0.280866 0.202995 -0.088912 0.975135 -0.493564 0 0 0 1 
4215528470201;0.269494;0.0675963;0.998539 -0.0223647 0.0491833 -0.043068 0.0233391 0.999541 -0.0193269 0.0531076 -0.0487285 0.0204465 0.998603 0.294796 0 0 0 1 
4215528470202;0.839096;0.545739;0.956398 -0.0396903 0.289356 -0.039183 0.0208097 0.997466 0.0680387 -0.091329 -0.291323 -0.0590507 0.9548 0.661583 0 0 0 1 
4215528470203;0.446878;0.437745;0.998727 0.0492856 -0.0107364 -0.179562 -0.0491389 0.9987 0.0135181 0.130914 0.0113887 -0.0129733 0.999851 0.0127619 0 0 0 1 
4215528470204;0.245546;0.29336;0.999902 -0.0126511 -0.00600957 -0.152642 0.0125196 0.999692 -0.0214361 0.0198092 0.0062789 0.0213588 0.999752 -0.0746118 0 0 0 1 
4215528470205;0.862633;0.0399824;0.999496 0.0316443 -0.00258539 -0.160462 -0.0316365 0.999495 0.00299904 -0.0206324 0.00267899 -0.00291574 0.999992 0.833021 0 0 0 1 
4215528470206;0.412937;0.213699;0.997318 0.0707464 -0.018757 -0.230545 -0.0621323 0.95381 0.293915 0.168197 0.0386841 -0.291961 0.955647 0.261742 0 0 0 1 
4215528470207;0.79837;0.136596;0.99816 0.0562669 -0.0226091 0.241289 -0.0401611 0.892759 0.448741 0.0265824 0.0454338 -0.447007 0.893376 0.283862 0 0 0 1 
4215528470208;0.797346;0.412103;0.998239 0.000879598 0.0593144 -0.282895 -0.0145639 0.972921 0.230678 0.124124 -0.0575053 -0.231136 0.971221 1.3922 0 0 0 1 
4215528470209;0.744174;0.0985515;0.999745 0.015347 -0.0165373 -0.147807 -0.0156936 0.999656 -0.0210369 0.244107 0.0162088 0.0212911 0.999642 0.574234 0 0 0 1 
4215528470210;0.00963021;0.026775;0.999982 0.000300895 0.00598823 -0.0233716 -0.000292003 0.999999 -0.00148579 0.00718341 -0.00598867 0.00148401 0.999981 0.00167019 0 0 0 1 
4215528470211;0.575999;0.288234;0.993574 0.0530857 -0.0999584 -0.0721785 -0.0494626 0.998038 0.0383836 0.215517 0.1018 -0.0331928 0.994251 -0.873335 0 0 0 1 
4215528470212;0.0961837;0.0510851;0.999311 -0.0357619 -0.00989206 0.0429202 0.0341499 0.990699 -0.131713 -0.118055 0.0145104 0.131285 0.991238 -0.294229 0 0 0 1 
4215528470213;0.289621;0.174115;0.966819 -0.0215086 -0.254556 0.071403 -0.0606931 0.94858 -0.310666 0.352409 0.248149 0.315807 0.915799 -1.68489 0 0 0 1 
4215528470214;0.573067;0.264738;0.999259 -0.0132174 -0.0361553 0.0289362 0.0149685 0.998706 0.0485999 0.00211182 0.0354661 -0.049105 0.998164 -0.589642 0 0 0 1 
4215528470215;0.890995;0.396845;0.999512 -0.0312314 0.000797519 -0.0333134 0.0312385 0.999446 -0.0115249 -0.0561256 -0.000437139 0.0115442 0.999933 -0.855792 0 0 0 1 
4215528470217;1.22438;0.192133;0.999756 0.017196 -0.0138929 0.227422 -0.0174986 0.999606 -0.0219617 0.269944 0.0135098 0.0221994 0.999662 -0.959927 0 0 0 1 
4215528470218;0.463441;0.828735;0.999629 -0.0080938 -0.0260028 -0.187971 0.00286502 0.980771 -0.195141 0.202715 0.0270822 0.194994 0.980431 -1.39775 0 0 0 1 
4215528470219;1.25639;0.0743601;0.992242 -0.0792415 -0.0957991 0.337856 0.105215 0.94571 0.307509 -1.74646 0.0662307 -0.315203 0.94671 0.442403 0 0 0 1 
4215528470220;0.864498;0.113597;0.987109 0.0481351 0.152636 -0.432288 -0.107624 0.90551 0.41045 0.733813 -0.118457 -0.421586 0.899018 3.243 0 0 0 1 
4215528470221;0.77456;0.710435;0.978465 -0.00799383 0.206258 -0.0177641 0.00447173 0.999836 0.0175367 -0.19972 -0.206364 -0.0162367 0.97834 2.15572 0 0 0 1 
4215528470222;0.34545;0.430702;0.971685 -0.235515 0.0190038 1.18629 0.23489 0.971549 0.0303134 -2.42167 -0.0256024 -0.0249913 0.99936 0.253901 0 0 0 1 
4215528470223;0.822643;0.495397;0.932729 -0.348872 -0.0911349 2.43627 0.341718 0.935914 -0.0854102 -3.2992 0.115092 0.0485222 0.992169 -1.9357 0 0 0 1 
4215528470224;0.61224;0.245125;0.998433 -0.0170222 0.0533093 0.15383 0.0251981 0.987329 -0.156674 -0.00232985 -0.0499668 0.157772 0.986211 -0.0692955 0 0 0 1 
4215528470225;0.96443;0.318649;0.999171 0.0279062 0.0296567 -0.326326 -0.0276128 0.999566 -0.0102562 0.637388 -0.02993 0.00942882 0.999508 -0.00468011 0 0 0 1 
4215528470226;1.60186;0.398123;0.999417 -0.0112066 -0.032258 -0.288974 0.0231392 0.916942 0.398349 -0.175284 0.0251145 -0.398864 0.916666 2.76267 0 0 0 1 
4215528470227;0.62327;0.123137;0.988837 0.0846537 0.122621 -0.636506 -0.0742443 0.993428 -0.0871126 0.986186 -0.129189 0.0770362 0.988623 0.592612 0 0 0 1 
4215528470228;0.76285;0.605166;0.962785 -0.0721238 -0.260468 1.05571 0.0967785 0.991832 0.0830895 -0.961963 0.252347 -0.105205 0.961901 -2.04063 0 0 0 1 
4215528470229;0.828483;0.0986563;0.935879 0.0239334 -0.351507 0.618755 -0.046868 0.99728 -0.0568821 0.74957 0.34919 0.0697092 0.934456 -4.07934 0 0 0 1 
4215528470230;1.52282;0.157012;0.999715 0.0234648 0.00436041 -0.739802 -0.0234655 0.999725 0.000106618 0.868258 -0.0043567 -0.000208907 0.99999 -0.0715192 0 0 0 1 
4215528470231;1.36079;1.0253;0.952118 0.0767813 -0.295933 0.697178 -0.0719293 0.997037 0.0272651 0.904838 0.29715 -0.00467327 0.954819 -3.19002 0 0 0 1 
4215528470232;1.01124;0.101002;0.99003 0.0842348 0.11289 -0.728209 -0.0890141 0.995306 0.0379775 0.641256 -0.109161 -0.0476476 0.992881 0.871997 0 0 0 1 
4215528470233;0.360528;0.16027;0.999717 -0.0220922 -0.00877176 0.0886611 0.022191 0.999689 0.0113356 -0.431302 0.00851861 -0.0115271 0.999897 0.0764087 0 0 0 1 
4215528470234;0.247697;0.0462689;0.999947 0.00829023 0.00612798 -0.19766 -0.00828442 0.999965 -0.000973219 0.0664142 -0.00613583 0.000922401 0.999981 -0.0224709 0 0 0 1 
4215528470235;1.12906;0.786938;0.945777 -0.285956 -0.154065 2.17283 0.248261 0.94224 -0.224836 -1.73511 0.209459 0.174396 0.96214 -3.19938 0 0 0 1 
4215528470236;0.421865;0.326137;0.963715 0.266919 0.00280838 -1.10504 -0.257359 0.9263 0.2752 2.78181 0.0708547 -0.265937 0.961383 0.599416 0 0 0 1 
4215528470237;1.6174;1.194;0.999265 0.0308105 -0.0228286 -0.414305 -0.0308247 0.999525 -0.000269846 0.211148 0.0228095 0.000973332 0.999739 0.452025 0 0 0 1 
4215528470238;1.42655;0.0746535;0.972803 -0.0897727 0.21353 0.129944 0.118752 0.98477 -0.126991 -1.45926 -0.198878 0.148895 0.968648 2.04872 0 0 0 1 
4215528470239;1.23487;0.53073;0.992269 0.0400748 -0.11746 -0.322772 -0.0360715 0.9987 0.0360136 0.382127 0.11875 -0.0314982 0.992424 -0.47282 0 0 0 1 
4215528470240;1.31981;0.349223;0.970168 -0.238107 0.0456036 1.09347 0.23807 0.971227 0.00632257 -2.60616 -0.0457969 0.00472289 0.99894 1.1063 0 0 0 1 
4215528470241;0.144224;0.15401;0.994527 -0.0494028 0.0920603 0.113831 0.0554439 0.996392 -0.0642613 -0.533176 -0.0885535 0.0690138 0.993678 0.485699 0 0 0 1 
4215528470242;0.341886;0.284796;0.993604 -0.093114 0.0638833 0.300737 0.0998985 0.988578 -0.112848 -1.00551 -0.0526459 0.118508 0.991556 -0.22876 0 0 0 1 
4215528470243;0.806737;0.19327;0.996842 -0.0697795 0.0379131 0.140413 0.0720338 0.995488 -0.0617627 -0.294324 -0.0334322 0.0642986 0.997371 -0.120372 0 0 0 1 
4215528470244;0.044198;0.0926607;0.999519 0.0307332 0.00416168 -0.195497 -0.0307459 0.999523 0.00302368 0.296247 -0.00406677 -0.00315018 0.999987 0.0139704 0 0 0 1 
4215528470245;1.65415;0.502789;0.999595 0.0281759 -0.00403765 -0.121562 -0.0284026 0.996653 -0.0766513 0.707836 0.00186442 0.0767349 0.99705 -1.32093 0 0 0 1 
4215528470246;0.359411;0.605077;0.956136 -0.279343 0.0881581 1.44187 0.281406 0.959518 -0.0116603 -2.83509 -0.0813321 0.035957 0.996038 0.559724 0 0 0 1 
4215528470248;1.05013;0.842989;0.992286 0.0293479 -0.12045 -0.272651 -0.0335569 0.99889 -0.0330652 0.379402 0.119346 0.036852 0.992169 -0.619621 0 0 0 1 
4215528470249;0.429566;0.0452155;0.975401 -0.0528125 0.21402 0.211004 -0.0103233 0.958868 0.283664 0.0297795 -0.220198 -0.278895 0.934736 2.74062 0 0 0 1 
4215528470250;0.0803374;0.0961472;0.998076 0.0609703 -0.0112957 -0.303957 -0.0599537 0.995365 0.0751921 0.297028 0.0158279 -0.0743702 0.997105 0.1649 0 0 0 1 
4215528470251;0.907231;0.097365;0.991034 -0.0884208 0.100168 -0.308562 0.0801546 0.993258 0.0837465 -0.0919617 -0.106898 -0.0749667 0.99144 0.705802 0 0 0 1 
4215528470252;0.54782;0.0516171;0.999737 0.0205537 -0.0101996 -0.0569944 -0.0203148 0.999529 0.0229916 0.0511418 0.0106673 -0.0227783 0.999684 -0.511406 0 0 0 1 
4215528470253;0.780027;0.534387;0.970843 0.055444 -0.233217 0.222532 -0.0513267 0.998401 0.023691 0.430566 0.234157 -0.01103 0.972136 -1.4149 0 0 0 1 
4215528470254;0.503441;0.133005;0.96979 0.0672512 0.234487 -0.275861 -0.106288 0.981696 0.158036 0.392755 -0.219567 -0.178185 0.959187 1.54525 0 0 0 1 
4215528470255;0.683372;0.301723;0.997267 -0.000243925 0.0738823 -0.130526 0.00681399 0.996036 -0.0886871 -0.245499 -0.0735678 0.0889481 0.993316 0.386029 0 0 0 1 
4215528470256;0.928983;0.337651;0.996296 0.0652549 -0.0559995 -0.506605 -0.0634401 0.99742 0.0335966 0.483598 0.0580473 -0.0299195 0.997865 0.428964 0 0 0 1 
4215528470257;0.749547;0.273538;0.995098 -0.0434143 -0.0888546 0.258779 0.0260873 0.981899 -0.187599 0.0787319 0.0953907 0.184361 0.978219 -1.92092 0 0 0 1 
4215528470258;0.0650151;0.05204;0.999612 -0.0274527 0.00473297 0.0607095 0.0274685 0.999617 -0.00331519 -0.167983 -0.00464014 0.00344391 0.999983 -0.0464564 0 0 0 1 
4215528470259;0.534376;0.406275;0.99799 -0.0277215 0.0569782 -0.0808732 0.029449 0.999125 -0.0297054 -0.285074 -0.0561049 0.0313237 0.997933 0.489993 0 0 0 1 
