#;prob_registration_l1 -r /home/probabilistic_point_clouds_registration/build/tester /home/point_clouds_registration_benchmark//devel/registration_pairs/planetary_map_local.txt /home/point_clouds_registration_benchmark//planetary/p2at_met -s 0.2 -t 0.2 -p 0.3 -r 1000 -m 20 -i 40 
id;initial_error;final_error;transformation
25528382210000;2.8561;1.24989;0.998682 -0.0512289 0.0031819 -2.72099 0.0511584 0.998504 0.0192805 -1.01353 -0.00416485 -0.0190923 0.999809 1.27221 0 0 0 1 
25528382210001;2.11331;1.45953;0.999786 -0.0193589 -0.00733822 -1.09226 0.0203195 0.985465 0.16866 -1.20635 0.00396648 -0.168773 0.985647 -9.17244 0 0 0 1 
25528382210002;1.70145;1.31513;0.975962 0.0230613 0.216716 1.91609 0.0340425 0.966049 -0.256107 -2.42926 -0.215264 0.257329 0.942042 14.3078 0 0 0 1 
25528382210003;1.37022;0.366864;0.999997 -0.0022583 -0.000715027 -0.51267 0.00226483 0.999954 0.00927288 0.0593515 0.000694054 -0.00927448 0.999957 0.614982 0 0 0 1 
25528382210004;1.75339;1.28956;0.966745 -0.0495052 0.250905 -2.15718 0.0172907 0.991493 0.129006 -0.260672 -0.255157 -0.120378 0.959377 -5.57602 0 0 0 1 
25528382210005;0.735848;0.4513;0.995344 0.0109303 0.0957686 0.796095 0.0193164 0.950777 -0.309274 -3.005 -0.094435 0.309684 0.946138 16.4542 0 0 0 1 
25528382210006;1.57164;0.518027;0.997007 -0.0300016 -0.0712564 -1.73131 0.0291002 0.999483 -0.0136544 -0.268772 0.0716293 0.01154 0.997365 -1.44961 0 0 0 1 
25528382210007;1.73822;1.30432;0.99997 -0.00672849 -0.00391008 0.0524515 0.00651034 0.998554 -0.0533542 -0.494656 0.00426342 0.0533271 0.998568 2.19707 0 0 0 1 
25528382210008;0.906109;0.902754;0.995064 0.0277857 0.0952619 1.76281 -0.0280473 0.999606 0.00140834 0.240768 -0.0951852 -0.00407323 0.995451 0.332678 0 0 0 1 
25528382210009;0.490985;0.216849;0.970214 0.0470346 -0.237641 2.24018 -0.0222533 0.994127 0.105907 0.236242 0.241227 -0.0974644 0.965562 -6.50112 0 0 0 1 
25528382210010;2.17163;1.27962;0.990784 -0.0376418 -0.130117 -1.74279 -0.0228513 0.900392 -0.434479 -4.61823 0.133511 0.433448 0.891234 18.5914 0 0 0 1 
25528382210011;2.42393;1.46152;0.999633 0.0222974 -0.0153957 0.917399 -0.019764 0.988693 0.148648 0.124437 0.0185361 -0.148289 0.98877 -9.1528 0 0 0 1 
25528382210012;1.04957;0.430927;0.997672 -0.022073 -0.0645205 -1.12558 0.0181301 0.997969 -0.0610705 -0.822822 0.0657375 0.0597586 0.996046 3.18501 0 0 0 1 
25528382210013;1.47687;1.16551;0.99995 -0.0097097 0.00253452 -0.408274 0.00969149 0.999928 0.00710114 -0.00963601 -0.00260329 -0.00707622 0.999972 0.301726 0 0 0 1 
25528382210014;2.77484;2.08867;0.982406 -0.00824781 0.186577 0.351391 -0.0577802 0.936586 0.345641 -2.50814 -0.177596 -0.35034 0.919631 -15.4283 0 0 0 1 
25528382210015;1.8346;1.77054;0.997135 0.0109882 0.0748409 0.671419 -0.00558259 0.997385 -0.0720581 -0.0879462 -0.0754369 0.0714339 0.994589 4.71868 0 0 0 1 
25528382210016;0.567147;0.479699;0.993819 -0.0127112 -0.110286 -0.774674 0.0308964 0.985845 0.164791 -1.12428 0.10663 -0.16718 0.980143 -9.54782 0 0 0 1 
25528382210017;2.04883;1.32032;0.952501 0.023203 -0.303649 0.655239 0.0430963 0.976788 0.209827 -1.50474 0.30147 -0.212946 0.929392 -11.435 0 0 0 1 
25528382210018;2.95759;1.49801;0.999079 0.0405545 -0.0140025 1.38622 -0.0319399 0.920949 0.388371 -2.53882 0.0286458 -0.387566 0.921397 -17.7153 0 0 0 1 
25528382210019;2.21355;1.84636;0.995684 0.0225459 0.0900244 1.46912 -0.0218234 0.999721 -0.00900193 0.329226 -0.0902023 0.00699843 0.995899 0.0817157 0 0 0 1 
25528382210020;0.308749;0.508764;0.9806 -0.0592076 0.186861 -2.78019 0.1019 0.968332 -0.227926 -3.02255 -0.167449 0.242546 0.95558 13.0778 0 0 0 1 
25528382210021;1.80312;1.28031;0.99964 0.0263465 -0.00503988 1.50417 -0.0260568 0.998368 0.0508114 0.0467001 0.00637036 -0.0506618 0.998696 -1.71465 0 0 0 1 
25528382210022;2.94324;2.33711;0.870187 -0.0410562 -0.491008 -2.19009 0.00865292 0.997642 -0.0680838 0.120599 0.492646 0.0549969 0.86849 -0.214435 0 0 0 1 
25528382210023;1.21687;0.913449;0.888341 -0.0256183 -0.458469 -1.24247 -0.0133119 0.996586 -0.0814807 0.0597705 0.458991 0.0784858 0.884967 0.101867 0 0 0 1 
25528382210024;1.44022;1.31677;0.998562 -0.0277022 0.0458911 -1.50087 0.0294054 0.998888 -0.0368634 -0.589869 -0.0448189 0.0381598 0.998266 1.74757 0 0 0 1 
25528382210025;2.35204;2.07527;0.999985 0.00326442 -0.00449438 0.50471 -0.00323139 0.999968 0.00733595 -0.140825 0.00451818 -0.00732132 0.999963 -0.531261 0 0 0 1 
25528382210026;1.69358;0.427613;0.997811 0.0130955 0.0648232 0.554385 -0.0141208 0.999782 0.0153842 0.466003 -0.0646076 -0.0162659 0.997778 -1.92568 0 0 0 1 
25528382210027;2.42888;1.50151;0.997645 -0.0209514 0.0653032 -1.31798 0.021949 0.999653 -0.0145953 -0.416328 -0.0649747 0.0159943 0.997759 2.87033 0 0 0 1 
25528382210028;0.814222;0.306236;0.968607 0.0195468 -0.247827 1.19481 -0.0402057 0.996097 -0.0785749 0.292376 0.245324 0.0860723 0.965613 1.8437 0 0 0 1 
25528382210029;0.390701;0.441543;0.973231 -0.0755175 -0.217067 -4.04889 0.0106901 0.958327 -0.285472 -2.74715 0.229579 0.27551 0.933481 11.9004 0 0 0 1 
25528382210031;1.54457;0.79392;0.999444 0.0282317 -0.0177137 0.74885 -0.0273265 0.998404 0.0494179 0.0248374 0.0190806 -0.0489064 0.998621 -3.14274 0 0 0 1 
25528382210032;0.49374;0.30098;0.999582 0.0289035 -0.000721419 0.669052 -0.028613 0.992499 0.118855 0.00588402 0.00415134 -0.118785 0.992911 -3.64911 0 0 0 1 
25528382210033;0.496545;0.463856;0.998172 0.0156223 0.0583872 0.365702 -0.0163186 0.999801 0.0114674 0.0090962 -0.0581964 -0.0123993 0.998228 -0.383912 0 0 0 1 
25528382210034;1.67751;1.3879;0.999581 -0.00487245 -0.0285183 -0.109604 0.00183011 0.994391 -0.105749 -0.253253 0.0288736 0.105652 0.993984 1.91861 0 0 0 1 
25528382210035;1.14274;0.540533;0.99684 0.0244416 -0.0755783 0.701303 -0.0207557 0.998574 0.0491749 0.0304154 0.0766725 -0.0474509 0.995927 -3.31925 0 0 0 1 
25528382210036;0.657758;0.296838;0.998558 0.0147705 0.0516128 0.336982 -0.020902 0.992511 0.120357 0.118976 -0.0494486 -0.121262 0.991388 -2.7471 0 0 0 1 
25528382210037;0.42747;0.326051;0.943326 0.0320753 -0.330314 1.12192 -0.0118717 0.997943 0.0630017 -0.1053 0.331656 -0.0555097 0.941766 -5.00192 0 0 0 1 
25528382210038;2.16463;1.49891;0.994861 -0.0217552 -0.0988806 -0.81161 0.0183257 0.999203 -0.0354607 -0.354352 0.0995732 0.0334664 0.994467 1.74443 0 0 0 1 
25528382210039;1.45509;1.22853;0.999828 0.00308857 0.0182608 0.0616864 -0.0041929 0.998144 0.0607499 0.0499168 -0.0180393 -0.060816 0.997986 -0.95909 0 0 0 1 
25528382210040;1.05221;1.05498;0.99561 -0.0201355 -0.0914074 -0.578527 0.0157056 0.998679 -0.0489264 -0.229644 0.0922718 0.047276 0.994611 0.385351 0 0 0 1 
25528382210041;1.71424;0.811516;0.909064 -0.0226315 0.416042 0.627142 -0.00545715 0.997791 0.0662009 0.1456 -0.416622 -0.0624512 0.906932 3.26621 0 0 0 1 
25528382210042;0.574012;0.337709;0.989036 0.00679355 0.147521 0.29544 0.0427707 0.94295 -0.330175 -2.58184 -0.141348 0.332864 0.932321 11.7001 0 0 0 1 
25528382210043;0.513876;0.185002;0.999986 -0.000234885 0.00528637 0.206473 -0.000865486 0.978301 0.207186 -0.445532 -0.00522033 -0.207188 0.978287 -6.77292 0 0 0 1 
25528382210044;0.355334;0.254158;0.914014 -0.00283673 0.405673 0.954048 -0.0507987 0.991305 0.121385 0.190872 -0.40249 -0.131555 0.905922 -0.738999 0 0 0 1 
25528382210045;1.15928;1.02717;0.999294 0.00891271 -0.0364913 0.101506 -0.010639 0.99882 -0.0473888 0.0155091 0.0360259 0.0477436 0.99821 0.854342 0 0 0 1 
25528382210046;2.5411;0.893123;0.994833 0.0264203 0.0980237 0.816569 -0.063173 0.916939 0.393994 -2.55189 -0.0794724 -0.398151 0.913871 -13.7981 0 0 0 1 
25528382210047;2.63214;2.1774;0.962627 -0.0782664 -0.259277 -2.70711 -0.0171316 0.93782 -0.346699 -2.36621 0.27029 0.338184 0.901429 8.81365 0 0 0 1 
25528382210048;0.0550198;0.141986;0.999694 0.0126623 -0.021265 0.228848 -0.0129838 0.999802 -0.0150488 0.080791 0.0210702 0.0153203 0.999661 0.208461 0 0 0 1 
25528382210049;0.624254;0.273968;0.998871 0.0245026 0.0407092 0.622075 -0.0325097 0.977276 0.209465 -0.259102 -0.0346517 -0.210552 0.976968 -5.7686 0 0 0 1 
25528382210050;1.7141;0.2732;0.999639 0.0135083 0.0232266 0.184529 -0.0123466 0.9987 -0.0494535 0.128468 -0.0238645 0.0491489 0.998506 3.54059 0 0 0 1 
25528382210051;0.731618;0.772036;0.998703 0.0167826 -0.048067 0.392549 -0.0125876 0.996191 0.086284 -0.0135528 0.049332 -0.0855671 0.99511 -3.07344 0 0 0 1 
25528382210052;0.501673;0.472045;0.94488 0.00347466 -0.327399 0.515457 0.0360558 0.992758 0.114594 -0.431895 0.325426 -0.120082 0.937912 -6.46774 0 0 0 1 
25528382210053;0.245766;0.291894;0.996472 0.00512575 0.0837659 0.143473 0.00712808 0.989357 -0.145335 -0.572736 -0.0836193 0.14542 0.98583 5.04803 0 0 0 1 
25528382210054;2.27774;1.73675;0.998375 -0.0188383 0.0537874 -0.509815 0.021526 0.998525 -0.0498355 -0.215605 -0.0527693 0.0509123 0.997308 3.42788 0 0 0 1 
25528382210055;0.613367;0.729979;0.996869 0.0190392 -0.0767397 0.355317 -0.0168929 0.99945 0.0285209 0.047494 0.0772405 -0.0271353 0.996643 -1.39761 0 0 0 1 
25528382210056;2.21606;2.01466;0.992919 0.0407517 -0.111588 1.2588 -0.0156239 0.975958 0.217396 -0.494774 0.117764 -0.214113 0.969684 -8.40923 0 0 0 1 
25528382210057;2.17431;1.89562;0.999847 -0.00307146 -0.0172209 -0.330729 0.00240599 0.999254 -0.0385318 -0.249637 0.0173264 0.0384845 0.999109 1.71836 0 0 0 1 
25528382210058;0.777574;0.431304;0.944007 0.0941055 -0.316221 2.88675 0.0305943 0.92936 0.367905 -2.21157 0.328505 -0.356979 0.874443 -13.7321 0 0 0 1 
25528382210059;0.655634;0.352214;0.998326 0.029554 -0.049719 0.784218 -0.024828 0.995345 0.0931229 -0.000584507 0.0522397 -0.0917326 0.994412 -4.0058 0 0 0 1 
25528382210060;1.3379;0.442217;0.944326 -0.0668627 -0.322147 -2.12141 0.000123286 0.979204 -0.202876 -1.04387 0.329012 0.191541 0.924696 4.28687 0 0 0 1 
25528382210062;1.314;0.907945;0.996155 0.0119545 -0.0867945 0.596466 -0.00759526 0.998701 0.0503825 0.0316186 0.087284 -0.0495295 0.994951 -2.13925 0 0 0 1 
25528382210063;2.15505;1.47807;0.999977 -0.00657537 -0.00142188 -0.375533 0.00649027 0.998558 -0.0532897 0.100332 0.00177023 0.0532792 0.998578 3.25486 0 0 0 1 
25528382210064;0.553066;0.485539;0.984804 0.00268427 0.173649 0.422968 0.0235668 0.988566 -0.148934 -0.854727 -0.172064 0.150763 0.973481 10.0415 0 0 0 1 
25528382210065;1.61508;0.642516;0.994566 0.0306238 -0.0994996 2.35996 -0.0131948 0.985129 0.17131 -1.05589 0.103266 -0.169066 0.98018 -12.4918 0 0 0 1 
25528382210066;1.78743;0.996335;0.999976 0.00135519 0.00674756 0.0408878 -0.00151066 0.999732 0.0230891 0.0205983 -0.00671446 -0.0230988 0.999711 -0.731043 0 0 0 1 
25528382210067;0.672032;0.523662;0.993572 -0.0170826 -0.111902 -2.28362 0.00670103 0.99569 -0.0925011 -0.587298 0.113 0.0911567 0.989405 11.9234 0 0 0 1 
25528382210068;1.84994;0.772727;0.997848 0.00923849 -0.0649132 0.255289 -0.00596386 0.998708 0.0504601 0.0890441 0.0652955 -0.0499644 0.996614 -1.58017 0 0 0 1 
25528382210069;2.23987;0.389841;0.981112 -0.0308422 -0.190969 -3.46672 -0.0144634 0.972749 -0.231409 -3.09713 0.192902 0.229801 0.953929 24.9077 0 0 0 1 
25528382210070;2.2156;0.873654;0.999924 -0.00237682 -0.0121102 -0.549654 0.00242024 0.999991 0.00357242 0.0428913 0.0121016 -0.00360146 0.99992 2.3064 0 0 0 1 
25528382210071;1.44584;1.26305;0.99888 -0.0470788 0.00471145 -4.6487 0.0440747 0.889656 -0.4545 -10.9407 0.0172058 0.454198 0.890734 44.5616 0 0 0 1 
25528382210072;1.6175;1.62005;0.998171 -0.0424769 -0.0430238 -4.47924 0.0242773 0.933323 -0.358216 -7.07834 0.055371 0.356516 0.932647 36.9493 0 0 0 1 
25528382210073;2.148;0.377573;0.999124 0.00952986 -0.0407499 0.44555 -0.00758952 0.998842 0.0475084 0.0570685 0.0411555 -0.0471575 0.998039 -1.25433 0 0 0 1 
25528382210074;1.21241;0.569463;0.991552 -0.00775521 0.129476 -0.32582 0.00574515 0.999857 0.0158909 0.271066 -0.12958 -0.0150128 0.991455 -6.30958 0 0 0 1 
25528382210075;0.469924;0.144719;0.967408 -0.0257316 -0.251911 -4.00206 -0.0155376 0.986917 -0.160478 -2.05904 0.252745 0.159162 0.954352 21.4474 0 0 0 1 
25528382210076;1.94829;1.22844;0.999871 0.0056751 -0.0149972 0.225572 -0.00446548 0.996825 0.0794935 0.118678 0.0154007 -0.0794163 0.996723 -5.57726 0 0 0 1 
25528382210077;1.55351;0.73736;0.999817 0.0127293 -0.0142897 1.43121 -0.0117617 0.997759 0.0658665 -0.285628 0.0150962 -0.0656864 0.997726 -8.03702 0 0 0 1 
25528382210078;1.78754;1.45949;0.999835 0.00123939 0.0181099 0.0645987 -0.00182292 0.999478 0.0322407 0.0808188 -0.0180605 -0.0322684 0.999316 -2.73252 0 0 0 1 
25528382210079;0.52952;0.386262;0.966109 -0.0176476 -0.257532 -3.27777 -0.00989465 0.994395 -0.105261 -1.06057 0.257946 0.104242 0.960519 16.3208 0 0 0 1 
25528382210080;0.579865;0.170648;0.999941 0.00113947 -0.0107647 0.0160007 -0.00114348 0.999999 -0.000366367 -0.0162328 0.0107643 0.000378654 0.999942 0.881173 0 0 0 1 
25528382210081;1.6725;1.66431;0.999603 -0.00923396 0.0266039 -0.828139 0.0110604 0.997531 -0.0693455 -0.139113 -0.0258979 0.0696123 0.997238 6.04303 0 0 0 1 
25528382210082;1.80785;0.179953;0.960156 -0.0118743 0.279211 -0.996904 -0.0284439 0.989756 0.139906 -1.10846 -0.278012 -0.142273 0.949983 -19.3075 0 0 0 1 
25528382210083;0.928935;0.233364;0.981679 -0.0367604 -0.186963 -4.94319 -0.00295262 0.978161 -0.207827 -3.0691 0.19052 0.204572 0.960132 25.8912 0 0 0 1 
25528382210084;1.83208;1.43803;0.998728 -0.0177901 -0.0471805 -1.85522 0.0115576 0.991548 -0.129223 -0.749471 0.0490806 0.128514 0.990492 12.3963 0 0 0 1 
25528382210085;0.401662;0.270378;0.993936 0.0502276 -0.0978134 4.65835 -0.0183384 0.952834 0.302937 -4.27172 0.108416 -0.299306 0.947978 -27.6446 0 0 0 1 
25528382210086;1.45129;1.16584;0.996667 0.00295384 -0.0815239 -0.143324 -0.00498858 0.999681 -0.0247664 -0.0710967 0.0814247 0.0250906 0.996364 5.26889 0 0 0 1 
25528382210087;0.345605;0.130279;0.93944 -0.00710136 0.342641 -1.21381 0.0368008 0.996095 -0.0802546 0.294304 -0.340733 0.0880038 0.936032 0.128966 0 0 0 1 
25528382210088;0.167837;0.143731;0.999918 -0.00618754 -0.0112366 -0.684858 0.00619529 0.999981 0.000655116 0.147489 0.0112324 -0.000724677 0.999937 -0.0991513 0 0 0 1 
25528382210089;1.83562;1.79905;0.999896 -0.00246946 0.0142324 -0.211684 0.00293181 0.999466 -0.032557 -0.00370761 -0.0141444 0.0325954 0.999369 2.50107 0 0 0 1 
25528382210090;2.15758;0.163409;0.999986 0.00127789 -0.00515468 -0.105671 -0.00142035 0.999614 -0.027728 -0.214363 0.00511726 0.027735 0.999602 5.43991 0 0 0 1 
25528382210091;0.893388;0.498204;0.999848 -0.0129436 0.011709 -1.2941 0.0143037 0.992089 -0.124719 -0.861753 -0.0100021 0.124868 0.992123 12.7989 0 0 0 1 
25528382210093;1.89713;0.227784;0.97797 0.0436137 -0.204138 -1.04394 -0.0235075 0.99472 0.0999019 -0.406284 0.207417 -0.0929023 0.973831 4.42411 0 0 0 1 
25528382210094;0.825331;0.178586;0.997994 0.0238704 -0.0586372 -0.100946 -0.00336809 0.944903 0.327332 0.367434 0.06322 -0.326478 0.943088 -1.95696 0 0 0 1 
25528382210095;0.858473;0.783078;0.95664 0.098431 0.274137 0.627364 -0.138874 0.981443 0.132226 -2.1867 -0.256035 -0.164563 0.952557 -4.50643 0 0 0 1 
25528382210096;0.8797;0.364452;0.948863 0.0881639 0.303128 0.754217 -0.198596 0.91311 0.356076 -3.34144 -0.245396 -0.398067 0.883925 -7.17875 0 0 0 1 
25528382210097;2.1961;0.471943;0.995145 0.0512006 0.0840573 0.445796 -0.057359 0.995713 0.0725622 -2.09522 -0.0799817 -0.0770314 0.993815 -2.98919 0 0 0 1 
25528382210098;1.08082;0.303033;0.999634 0.0270406 -0.000989855 0.306502 -0.0270419 0.997052 -0.071806 -1.12021 -0.00095474 0.0718065 0.997418 -0.213559 0 0 0 1 
25528382210099;0.565162;0.300157;0.94819 -0.0552413 -0.312865 -1.91782 0.0162772 0.991921 -0.125809 0.0898594 0.317287 0.114198 0.941428 5.80718 0 0 0 1 
25528382210100;1.81678;1.68929;0.99833 0.0472897 0.0331777 0.657824 -0.0544325 0.962393 0.266151 -0.501291 -0.0193438 -0.267513 0.96336 -1.9119 0 0 0 1 
25528382210101;0.708323;0.43141;0.998535 -0.0411417 -0.0351509 -0.522361 0.039641 0.998315 -0.0423725 0.664803 0.0368349 0.040917 0.998483 1.34196 0 0 0 1 
25528382210102;2.25601;1.60388;0.997418 0.00495276 -0.0716418 -0.0202498 -0.0117494 0.995431 -0.0947623 -0.706627 0.0708451 0.0953594 0.992919 0.525422 0 0 0 1 
25528382210103;0.72475;0.446346;0.998435 0.0552797 -0.00847197 0.476166 -0.0543805 0.995012 0.0836346 -0.830266 0.013053 -0.083043 0.99646 0.318369 0 0 0 1 
25528382210104;2.73972;1.56583;0.990116 0.0627464 -0.125432 -0.0659918 -0.0257005 0.960368 0.277546 0.328744 0.137876 -0.271579 0.952489 2.45116 0 0 0 1 
25528382210105;1.37462;0.3201;0.986185 0.0426613 0.160062 0.514738 0.0407797 0.874005 -0.484202 -1.82931 -0.160552 0.48404 0.860191 -0.565532 0 0 0 1 
25528382210106;1.98093;0.151965;0.994666 -0.0575429 -0.0856038 -0.213087 0.0224506 0.930806 -0.364825 -0.258067 0.100674 0.360957 0.927133 1.95898 0 0 0 1 
25528382210107;2.7132;2.03826;0.99949 0.011242 0.0298865 0.247684 -0.0128947 0.998365 0.0556918 -0.236331 -0.0292116 -0.0560487 0.998001 -2.47316 0 0 0 1 
25528382210108;2.24596;0.936218;0.983083 0.0535407 -0.17516 0.0817214 -0.0472525 0.998087 0.0398783 -1.70733 0.17696 -0.0309269 0.983732 1.43049 0 0 0 1 
25528382210109;1.35089;0.296266;0.996659 0.0208614 0.0789606 0.526919 -0.0135882 0.995708 -0.0915526 -0.381371 -0.0805316 0.0901738 0.992665 -1.86592 0 0 0 1 
25528382210110;1.54595;0.950844;0.997268 0.0664363 -0.0322809 0.165468 -0.0417744 0.867726 0.495284 0.190803 0.0609158 -0.492582 0.868131 -2.19864 0 0 0 1 
25528382210111;0.364366;0.201834;0.985527 -0.00993753 -0.169227 -0.760621 0.00294926 0.999134 -0.0414967 -0.130502 0.169493 0.0403971 0.984703 3.20685 0 0 0 1 
25528382210112;2.44837;2.11488;0.994523 0.00817817 0.104197 -0.119884 -0.0297517 0.977842 0.20722 0.136744 -0.100194 -0.209185 0.97273 -1.18967 0 0 0 1 
25528382210113;0.357128;0.330892;0.996663 0.0786224 0.0219377 0.631198 -0.0800615 0.993959 0.0750739 -1.35375 -0.0159027 -0.0765797 0.996937 -0.345972 0 0 0 1 
25528382210114;2.52967;0.728482;0.948405 -0.0356046 0.315056 -0.902185 0.135725 0.943619 -0.301931 1.49636 -0.286542 0.329114 0.899765 -4.63993 0 0 0 1 
25528382210115;1.99023;0.242276;0.997946 -0.00960407 -0.0633423 -0.547897 0.0105923 0.999827 0.0152845 0.362679 0.0631846 -0.0159241 0.997875 2.94958 0 0 0 1 
25528382210116;0.274109;0.248836;0.998552 0.0220966 -0.0490376 -0.141806 -0.00929835 0.968907 0.247252 0.302299 0.0529763 -0.246438 0.96771 -0.647917 0 0 0 1 
25528382210117;0.456139;0.280772;0.970341 0.0720093 0.230764 0.559731 -0.116825 0.975414 0.186865 -1.81316 -0.211635 -0.208282 0.954898 -4.75365 0 0 0 1 
25528382210118;1.00279;0.186465;0.998542 -0.00340519 0.0538646 -0.000408654 0.00261095 0.999887 0.0148085 0.0533384 -0.0539089 -0.0146463 0.998438 -1.83913 0 0 0 1 
25528382210119;1.53716;0.914035;0.994167 0.048655 0.096258 0.171488 -0.0266961 0.975704 -0.217462 -1.6455 -0.1045 0.213624 0.971311 0.361125 0 0 0 1 
25528382210120;1.16367;0.532797;0.999673 -0.00219138 0.0254682 0.0609913 0.00150805 0.999639 0.0268192 0.453321 -0.0255178 -0.026772 0.999316 0.323258 0 0 0 1 
25528382210121;1.92017;1.52536;0.998738 0.0136832 0.0483164 0.333365 -0.0229849 0.980019 0.197574 0.0250917 -0.0446476 -0.198435 0.979097 -2.9357 0 0 0 1 
25528382210122;1.42171;0.471063;0.995536 0.0248029 -0.0910666 0.122466 -0.0268138 0.999421 -0.0209244 -0.453097 0.0904949 0.0232728 0.995625 0.278872 0 0 0 1 
25528382210124;1.41534;0.491856;0.999791 0.0175046 -0.0105629 1.43746 -0.0169271 0.998478 0.0524829 -0.395042 0.0114655 -0.0522932 0.998566 -5.67444 0 0 0 1 
25528382210125;0.633729;0.332124;0.991784 -0.0366461 -0.122561 -3.21702 0.0194417 0.99014 -0.138728 -1.02621 0.126437 0.135206 0.982717 11.9007 0 0 0 1 
25528382210126;0.445145;0.28588;0.951677 -0.00758575 -0.307007 -1.41268 0.0145081 0.999689 0.0202719 0.0639465 0.306758 -0.0237464 0.951491 -0.194579 0 0 0 1 
25528382210127;0.670288;0.636392;0.99804 -0.0143727 -0.0608996 -1.23444 0.0107689 0.998194 -0.0590964 -0.23523 0.061639 0.0583248 0.996393 5.10868 0 0 0 1 
25528382210128;2.24311;1.73641;0.999947 -0.0102518 0.000355737 -0.50838 0.0102567 0.999768 -0.0189562 -0.0505739 -0.000161319 0.0189588 0.99982 -0.464831 0 0 0 1 
25528382210129;1.80511;1.47179;0.985326 0.0128368 0.1702 1.29645 -0.0142354 0.999874 0.00699938 0.183871 -0.170089 -0.00931953 0.985385 -0.370198 0 0 0 1 
25528382210130;0.986557;0.174044;0.998939 0.0133022 0.044088 0.997934 -0.0167531 0.996746 0.0788507 -0.0449745 -0.0428956 -0.0795057 0.995911 -5.40017 0 0 0 1 
25528382210131;2.11864;1.84712;0.983681 -0.108867 -0.143247 -8.68451 0.035175 0.897165 -0.440293 -8.31326 0.176449 0.428069 0.886353 34.1569 0 0 0 1 
25528382210132;0.163045;0.1539;0.999898 0.00659195 -0.0126708 0.446597 -0.0069819 0.999496 -0.0309816 -0.130278 0.0124601 0.0310669 0.99944 2.33395 0 0 0 1 
25528382210133;1.8377;0.884366;0.999848 -0.00383009 -0.017018 -0.600609 0.0036896 0.999959 -0.0082791 0.122404 0.017049 0.00821505 0.999821 2.65349 0 0 0 1 
25528382210134;1.18998;0.861629;0.999994 -0.00339618 -0.00055233 -0.366942 0.00337845 0.999561 -0.0294396 -0.0686894 0.000652069 0.0294375 0.999566 3.20975 0 0 0 1 
25528382210135;0.879278;0.681575;0.999073 0.018687 0.0387892 1.39377 -0.0202049 0.99903 0.039116 -0.0590313 -0.0380206 -0.0398634 0.998482 -2.75491 0 0 0 1 
25528382210136;1.20454;1.01031;0.939009 0.0333716 0.342268 2.80151 0.0221299 0.987354 -0.156981 -0.994168 -0.343179 0.154981 0.926396 11.0316 0 0 0 1 
25528382210137;0.490225;0.517056;0.999912 -0.0107246 0.00774501 -0.748446 0.0111719 0.998122 -0.0602259 -0.207858 -0.00708457 0.0603071 0.998155 4.41264 0 0 0 1 
25528382210138;0.898047;0.911791;0.999916 -0.00936481 0.00894789 -0.639296 0.0100583 0.996672 -0.0808893 -0.320119 -0.00816061 0.0809725 0.996683 5.9698 0 0 0 1 
25528382210139;0.258844;0.190901;0.998355 -0.00945809 0.0565438 -0.61644 0.0121602 0.998791 -0.0476359 -0.152239 -0.0560249 0.0482451 0.997263 3.5341 0 0 0 1 
25528382210140;1.51354;1.31158;0.999631 -0.00779122 0.0260406 -0.558651 0.0106167 0.993854 -0.110192 -0.534258 -0.025022 0.110428 0.993569 7.70641 0 0 0 1 
25528382210141;0.177514;0.175429;0.968689 0.0178673 0.247634 1.63341 -0.0336858 0.997642 0.0597894 -0.28267 -0.245982 -0.0662591 0.967007 -6.74791 0 0 0 1 
25528382210142;1.7221;1.42131;0.99068 0.00959696 -0.135868 0.359606 0.00995635 0.989744 0.142507 -0.309939 0.135842 -0.142531 0.980424 -9.98425 0 0 0 1 
25528382210143;1.74732;1.59726;0.993437 -0.0114696 -0.113807 -1.16881 0.00710448 0.999226 -0.0386869 0.108122 0.114163 0.0376245 0.992749 3.67881 0 0 0 1 
25528382210144;0.62636;0.609347;0.984976 -0.0136074 -0.172155 -1.32184 0.0141076 0.999899 0.00168181 0.072671 0.172115 -0.00408523 0.985068 0.554457 0 0 0 1 
25528382210145;2.23099;1.62944;0.982323 0.0176526 0.186358 1.95681 -0.0271183 0.998461 0.0483668 -0.141776 -0.185217 -0.0525655 0.981291 -3.56957 0 0 0 1 
25528382210146;0.123351;0.141769;0.987715 -0.00376379 0.156222 0.0027808 0.00308643 0.999985 0.00457822 0.0205209 -0.156237 -0.00403981 0.987711 -1.273 0 0 0 1 
25528382210147;2.1323;0.321735;0.999943 -0.00367445 0.0100586 -0.54698 0.00379399 0.999922 -0.011891 0.0618782 -0.0100141 0.0119285 0.999879 3.49439 0 0 0 1 
25528382210148;1.17842;0.515771;0.999941 -0.00446436 -0.00991469 -0.460529 0.00406441 0.999191 -0.0399994 -0.0678127 0.0100852 0.0399567 0.999151 4.34003 0 0 0 1 
25528382210149;1.8032;1.67036;0.974259 0.0381147 -0.222188 2.52445 0.0182627 0.96902 0.246307 -2.00009 0.224693 -0.244025 0.94338 -18.5638 0 0 0 1 
25528382210150;1.89528;1.81057;0.991978 0.00563757 0.126286 0.572388 0.00710463 0.99494 -0.100223 -0.382111 -0.126212 0.100316 0.986918 7.09857 0 0 0 1 
25528382210151;1.38396;0.45276;0.999955 0.00935316 0.00166038 0.902786 -0.00934865 0.999953 -0.00270647 -0.27623 -0.00168561 0.00269083 0.999995 -1.59087 0 0 0 1 
25528382210152;1.90731;1.81234;0.999343 0.00374293 -0.036053 0.363432 -0.000574107 0.996164 0.0875057 -0.337964 0.0362422 -0.0874275 0.995511 -7.71746 0 0 0 1 
25528382210153;0.627318;0.210163;0.968565 -0.0662171 -0.239784 -5.92188 0.0259896 0.985582 -0.167191 -1.34868 0.247398 0.155704 0.956321 14.2796 0 0 0 1 
25528382210155;0.972428;0.596159;0.996444 -0.0464408 -0.0703009 -3.05605 0.011282 0.900408 -0.4349 -7.29319 0.0834966 0.43256 0.89773 27.1882 0 0 0 1 
25528382210156;1.01473;0.721141;0.991969 0.0199159 -0.124904 0.840634 -0.0135775 0.998586 0.0513939 -0.293389 0.125751 -0.0492853 0.990837 -1.68596 0 0 0 1 
25528382210157;0.233342;0.244908;0.998558 0.00516917 -0.0534343 0.11447 -0.00833775 0.998209 -0.059247 -0.517925 0.0530324 0.0596071 0.996812 4.64196 0 0 0 1 
25528382210158;0.218897;0.174756;0.99988 -0.0103317 -0.0115722 -0.683013 0.0104097 0.999923 0.00670438 0.287768 0.0115021 -0.00682404 0.999911 -0.479088 0 0 0 1 
25528382210159;0.424214;0.198248;0.968754 -0.0142715 0.247614 -0.790814 0.0975013 0.939881 -0.327289 -2.36572 -0.228057 0.341205 0.911904 14.5721 0 0 0 1 
25528382210160;0.944861;0.747676;0.999093 -0.0154606 -0.039684 -0.933798 0.00757828 0.981449 -0.191573 -1.86574 0.0419096 0.191098 0.980676 11.8766 0 0 0 1 
25528382210161;0.607772;0.417929;0.984268 -0.0153322 0.176016 -0.757103 0.0358665 0.992824 -0.114081 0.0774889 -0.173003 0.118599 0.977755 1.62033 0 0 0 1 
25528382210162;0.465464;0.256;0.9912 0.0105411 0.13195 0.853959 -0.0288141 0.990103 0.137353 -0.746876 -0.129197 -0.139946 0.981694 -12.0503 0 0 0 1 
25528382210163;0.301031;0.188562;0.999877 0.00985293 -0.012232 0.487585 -0.00945384 0.999435 0.0322665 0.0432059 0.012543 -0.0321468 0.999404 -1.202 0 0 0 1 
25528382210164;0.262538;0.249519;0.99995 -0.00995058 -0.00118152 -0.626508 0.00995823 0.999928 0.00665675 0.303897 0.0011152 -0.00666818 0.999977 -0.589263 0 0 0 1 
25528382210165;0.165591;0.139075;0.999905 -0.00336774 -0.0133654 -0.328746 0.00466659 0.995139 0.0983718 0.116396 0.0129692 -0.0984249 0.99506 -5.43171 0 0 0 1 
25528382210166;1.12952;0.716481;0.972557 0.00139687 -0.232662 -0.80588 0.00821005 0.999153 0.0403177 0.195694 0.232522 -0.0411215 0.971722 0.769591 0 0 0 1 
25528382210167;0.708722;0.190719;0.994669 -0.0171659 -0.101677 -1.7683 0.0109484 0.998054 -0.061395 -0.18429 0.102533 0.0599545 0.992921 7.31653 0 0 0 1 
25528382210168;1.1418;0.252768;0.99981 0.00651332 0.0183731 0.221041 -0.00597003 0.999548 -0.0294715 -0.179753 -0.0185568 0.0293562 0.999397 4.07829 0 0 0 1 
25528382210169;0.757933;0.712116;0.994753 0.00686702 0.102073 0.729969 -0.00393804 0.999575 -0.0288687 -0.333094 -0.102228 0.0283153 0.994358 -0.992259 0 0 0 1 
25528382210170;0.338329;0.0875919;0.988518 0.00781011 0.150904 0.689026 0.0530077 0.917276 -0.394709 -4.86613 -0.141503 0.398176 0.906329 19.7327 0 0 0 1 
25528382210171;0.814741;0.687477;0.995084 0.0230949 -0.0963056 0.727301 -0.0189762 0.998875 0.0434657 -0.309447 0.097201 -0.0414245 0.994402 1.00596 0 0 0 1 
25528382210172;0.85032;0.278953;0.990958 0.0639778 -0.117937 2.6082 -0.0190827 0.937264 0.348099 -2.03554 0.132809 -0.342701 0.93001 -15.0723 0 0 0 1 
25528382210173;0.630488;0.562955;0.99967 7.52452e-05 -0.0256689 -0.0544963 0.00180475 0.997315 0.0732089 0.242456 0.0256055 -0.0732311 0.996986 -4.6401 0 0 0 1 
25528382210174;0.36066;0.143359;0.961363 0.108269 -0.253097 4.44741 -0.00960018 0.932036 0.362237 -2.75524 0.275115 -0.345812 0.897065 -14.4347 0 0 0 1 
25528382210175;0.400793;0.351771;0.999708 0.0103739 0.0218101 0.708177 -0.007987 0.994247 -0.106809 -0.771558 -0.0227927 0.106604 0.99404 5.86373 0 0 0 1 
25528382210176;0.342834;0.159901;0.984202 0.00721006 0.176904 0.664925 -0.0378194 0.98467 0.170276 -1.09079 -0.172964 -0.174276 0.969387 -14.801 0 0 0 1 
25528382210177;0.260067;0.11181;0.997174 -0.0366707 -0.0655615 -2.40759 0.0177675 0.963125 -0.268469 -2.70078 0.0729888 0.266545 0.961055 16.9815 0 0 0 1 
25528382210178;0.926206;0.222468;0.99981 -0.00855409 0.0175246 -0.683943 0.00836596 0.999907 0.0107806 0.365906 -0.0176152 -0.0106319 0.999788 1.17304 0 0 0 1 
25528382210179;0.695785;0.257542;0.99999 -0.00360426 -0.00260062 -0.0230308 0.00313068 0.986544 -0.163464 -0.988799 0.00315479 0.163454 0.986546 7.87806 0 0 0 1 
25528382210180;0.109455;0.101386;0.999552 0.0193535 0.0228298 1.21908 -0.0208506 0.997517 0.067273 -0.283425 -0.0214711 -0.0677189 0.997473 -4.56441 0 0 0 1 
25528382210181;0.971587;0.60791;0.943927 0.00824437 0.330051 -0.0171588 0.0107283 0.998394 -0.0556212 0.238579 -0.32998 0.0560432 0.942323 -6.47287 0 0 0 1 
25528382210182;0.540657;0.307557;0.998341 0.00905653 0.0568552 0.764244 -0.00840016 0.999895 -0.0117729 -0.358783 -0.0569559 0.0112758 0.998313 -1.7477 0 0 0 1 
25528382210183;0.488607;0.341991;0.969899 0.0138741 0.243112 1.00005 -0.012083 0.999888 -0.00885682 -0.143025 -0.243208 0.00565269 0.969958 -4.78912 0 0 0 1 
25528382210184;0.107925;0.0637626;0.999908 0.00798245 -0.0109642 0.380234 -0.00782574 0.999868 0.0142623 -0.126117 0.0110766 -0.0141752 0.999838 -0.385605 0 0 0 1 
25528382210186;2.61464;0.553421;0.906618 0.0423709 -0.41982 0.257637 0.0465632 0.978823 0.199344 -0.0949693 0.419376 -0.200277 0.885445 -5.48814 0 0 0 1 
25528382210187;2.55948;0.284448;0.999944 0.0100253 0.00348027 0.682924 -0.00998616 0.999889 -0.0110892 -0.284415 -0.00359105 0.0110538 0.999932 -1.98342 0 0 0 1 
25528382210188;2.1137;0.729702;0.993762 -0.00832335 -0.111211 -0.205539 -0.00522074 0.992646 -0.120944 -0.234016 0.1114 0.120771 0.98641 4.21537 0 0 0 1 
25528382210189;3.03095;1.51339;0.933575 -0.0193017 0.357863 -0.0845808 0.0358716 0.998567 -0.0397212 0.479596 -0.356583 0.0499198 0.932929 -0.607349 0 0 0 1 
25528382210190;2.58604;2.44739;0.942759 0.0474747 0.330078 2.2031 0.0194132 0.980322 -0.196446 -1.22684 -0.332909 0.191609 0.923286 4.38416 0 0 0 1 
25528382210191;2.29839;1.14631;0.994285 -0.00985036 0.106307 -0.35463 -0.0293131 0.93228 0.360548 -1.27202 -0.10266 -0.361603 0.926663 -13.9774 0 0 0 1 
25528382210192;1.26077;1.05018;0.997619 0.0326026 -0.0607813 1.32724 -0.0305065 0.998918 0.0350996 -0.448369 0.0618599 -0.0331618 0.997534 -1.45197 0 0 0 1 
25528382210193;1.94741;1.26429;0.976129 -0.0272116 0.215481 -0.923434 0.0556246 0.990353 -0.126915 0.239995 -0.209949 0.135871 0.968225 0.984891 0 0 0 1 
25528382210194;0.500481;0.292256;0.99126 0.0657035 -0.1144 2.14168 -0.0151319 0.91806 0.396153 -2.26371 0.131055 -0.39096 0.91103 -14.2662 0 0 0 1 
25528382210195;0.447325;0.200368;0.993679 0.00521745 0.112138 0.411227 0.0240462 0.965841 -0.258017 -1.71191 -0.109654 0.259082 0.959611 8.8307 0 0 0 1 
25528382210196;0.672791;0.447708;0.999629 -0.0269054 -0.0043347 -1.24005 0.0270663 0.998718 0.0427765 0.593155 0.00317822 -0.042878 0.999075 -1.47943 0 0 0 1 
25528382210197;1.68816;1.59478;0.999687 0.017175 0.0182156 0.650518 -0.0178488 0.999137 0.0375003 -0.0817494 -0.0175558 -0.0378137 0.999131 -1.7071 0 0 0 1 
25528382210198;0.0806703;0.0779827;0.999345 -0.036145 -0.00163802 -1.45408 0.0361183 0.999248 -0.0141161 0.405603 0.00214702 0.0140477 0.999899 0.524688 0 0 0 1 
25528382210199;2.04506;0.645466;0.985634 -0.0292766 0.166336 -0.893521 0.0308277 0.999502 -0.00675047 0.489554 -0.166055 0.0117812 0.986046 -3.43688 0 0 0 1 
25528382210200;1.86353;1.07138;0.985114 -0.102859 -0.137733 -5.036 0.054491 0.946758 -0.317302 -1.96183 0.163037 0.305073 0.938269 14.5021 0 0 0 1 
25528382210201;1.69978;1.5831;0.978534 -0.0281122 0.204158 -0.783752 0.00497906 0.993588 0.11295 0.336807 -0.206025 -0.109509 0.9724 -7.81477 0 0 0 1 
25528382210202;3.09717;0.422347;0.999532 -0.0193626 0.023664 -1.05188 0.0204975 0.998603 -0.048698 0.00443616 -0.022688 0.0491603 0.998533 4.40188 0 0 0 1 
25528382210203;2.66545;0.387581;0.999931 0.0116975 -0.00136866 0.237653 -0.0115719 0.997445 0.0704905 0.191289 0.00218972 -0.0704698 0.997512 -0.426042 0 0 0 1 
25528382210204;2.12678;1.84113;0.999989 -0.00293324 0.00356491 -0.215589 0.00290864 0.999972 0.00688454 0.45293 -0.003585 -0.0068741 0.99997 -0.245675 0 0 0 1 
25528382210205;2.17534;0.487647;0.971802 0.0257835 -0.234384 0.797789 -0.0169897 0.999077 0.0394611 -0.429457 0.235185 -0.0343663 0.971343 -0.541487 0 0 0 1 
25528382210206;0.615844;0.253211;0.999462 0.00573981 0.0322975 0.343593 -0.00316807 0.99686 -0.0791214 -0.415413 -0.0326502 0.0789765 0.996342 3.13069 0 0 0 1 
25528382210207;2.70191;2.46237;0.998396 -0.0219442 0.0521876 -0.605215 0.0265742 0.99561 -0.089747 0.0154188 -0.0499891 0.0909899 0.994596 1.61131 0 0 0 1 
25528382210208;0.254784;0.275103;0.99826 0.0370267 -0.0459006 1.36266 -0.0356325 0.998889 0.0308307 -0.530771 0.0469912 -0.0291415 0.99847 -0.611761 0 0 0 1 
25528382210209;0.401221;0.397175;0.999908 0.0127975 -0.00441866 0.432173 -0.0126069 0.999089 0.0407641 -0.0371809 0.00493632 -0.0407047 0.999159 -1.51334 0 0 0 1 
25528382210210;3.26762;2.76355;0.997901 0.0591792 0.0262902 2.47889 -0.0646906 0.929296 0.363627 -2.89874 -0.00291222 -0.364565 0.931174 -15.9223 0 0 0 1 
25528382210211;2.11433;0.980568;0.997696 0.0495505 0.0463509 2.00433 -0.0569623 0.982846 0.175412 -0.732902 -0.0368641 -0.177648 0.983403 -5.89436 0 0 0 1 
25528382210212;0.939666;0.386643;0.980634 0.0132285 0.195401 0.811737 0.0220458 0.983919 -0.177249 -0.838735 -0.194603 0.178124 0.964573 3.86871 0 0 0 1 
25528382210213;1.20317;1.08032;0.996914 0.00170625 0.0784879 0.19258 -0.00923135 0.995376 0.0956134 0.0616217 -0.0779618 -0.0960429 0.992319 -4.57571 0 0 0 1 
25528382210214;2.77469;0.871729;0.985057 0.0500343 0.1648 2.40246 -0.013776 0.976695 -0.214188 -2.06288 -0.171676 0.208717 0.96279 8.25943 0 0 0 1 
25528382210215;2.52413;2.31266;0.999549 0.0113784 -0.0277933 0.383989 -0.00419803 0.969299 0.245848 -0.662786 0.0297374 -0.245621 0.96891 -9.97601 0 0 0 1 
25528382210217;1.06109;1.0233;0.971517 -0.0130177 -0.236612 -1.39427 0.00521599 0.999423 -0.0335685 -0.0871629 0.236913 0.0313782 0.971024 3.6334 0 0 0 1 
25528382210218;0.551084;0.506462;0.999823 0.0158532 0.0101004 1.47343 -0.0164573 0.997888 0.0628352 -0.292021 -0.0090829 -0.0629903 0.997973 -5.49806 0 0 0 1 
25528382210219;0.422673;0.408932;0.975326 -0.00639611 0.220676 -0.504822 -0.00337298 0.999032 0.0438638 0.0127635 -0.220743 -0.0435258 0.97436 -4.75643 0 0 0 1 
25528382210220;1.03905;0.865426;0.961219 0.064606 -0.268111 5.72177 -0.0268605 0.989483 0.142134 -1.13734 0.274474 -0.12942 0.952845 -10.8681 0 0 0 1 
25528382210221;1.31298;0.668046;0.997762 -0.0146009 -0.0652479 -1.61513 0.00545531 0.990389 -0.138204 -1.13499 0.0666387 0.137539 0.988252 14.0761 0 0 0 1 
25528382210222;1.56771;1.20729;0.986682 0.0392532 -0.157851 3.92011 -0.0213102 0.993276 0.113796 -0.838758 0.161257 -0.108917 0.980884 -10.9238 0 0 0 1 
25528382210223;0.395381;0.301188;0.998219 0.00317468 -0.0595763 0.147343 2.1848e-05 0.998564 0.0535772 -0.0656638 0.0596608 -0.0534831 0.996785 -4.30684 0 0 0 1 
25528382210224;1.45898;1.12013;0.994716 -0.00379152 -0.102599 -0.788319 0.00559518 0.999835 0.0172977 0.0440491 0.102516 -0.0177804 0.994572 -0.0830247 0 0 0 1 
25528382210225;0.647882;0.257193;0.954949 0.0410435 -0.293916 2.74927 0.00587612 0.987581 0.157001 -0.852102 0.29671 -0.151655 0.942849 -11.8728 0 0 0 1 
25528382210226;0.247807;0.243762;0.9942 0.0140177 -0.106631 1.18294 -0.0120166 0.99974 0.0193864 -0.121515 0.106875 -0.0179926 0.99411 -1.24453 0 0 0 1 
25528382210227;1.67052;0.402692;0.999888 -0.00110862 0.0149519 -0.34074 0.00109916 0.999999 0.00064106 -0.0290736 -0.0149526 -0.000624553 0.999888 2.16978 0 0 0 1 
25528382210228;0.941077;0.313514;0.999816 -0.000676856 -0.0191463 0.204704 -0.000560081 0.997916 -0.0645254 -0.131197 0.0191501 0.0645242 0.997732 4.39064 0 0 0 1 
25528382210229;1.84373;1.78057;0.999455 -0.017766 -0.0278115 -1.72119 0.0158232 0.99752 -0.0685815 -0.138484 0.028961 0.0681041 0.997258 6.3502 0 0 0 1 
25528382210230;0.815476;0.718673;0.999912 -0.00676348 -0.0114047 -0.721242 0.00670762 0.999965 -0.00492901 0.0267736 0.0114377 0.00485208 0.999923 0.844113 0 0 0 1 
25528382210231;0.945073;0.483895;0.999925 0.00506103 -0.0111813 0.313637 -0.00517894 0.999931 -0.0105411 -0.0983988 0.0111272 0.0105982 0.999882 2.06147 0 0 0 1 
25528382210232;0.385786;0.290509;0.99497 0.00487157 0.100052 0.431838 -0.0138664 0.995899 0.0894036 -0.397539 -0.0992064 -0.0903413 0.990957 -8.92841 0 0 0 1 
25528382210233;0.215723;0.139279;0.999108 0.0387968 0.0166865 3.41978 -0.0421345 0.942652 0.331107 -5.16368 -0.00288367 -0.331515 0.943446 -29.8185 0 0 0 1 
25528382210234;1.80049;1.31945;0.99987 -0.0152371 0.00535254 -1.06757 0.0155672 0.997544 -0.068288 0.0452302 -0.00429888 0.0683625 0.997651 4.07134 0 0 0 1 
25528382210235;1.841;1.98695;0.981751 0.00174169 0.190165 0.352271 -0.0403302 0.97912 0.199242 -1.6964 -0.185848 -0.203275 0.961322 -18.4416 0 0 0 1 
25528382210236;0.783834;0.529149;0.992712 0.00609026 0.120359 0.626321 -0.0118577 0.998812 0.0472605 -0.129484 -0.119928 -0.0483432 0.991605 -4.12736 0 0 0 1 
25528382210237;0.646121;0.482881;0.995476 -0.0064265 -0.0947963 -0.475171 0.00630211 0.999979 -0.00161149 0.0623813 0.0948047 0.00100678 0.995495 -0.22405 0 0 0 1 
25528382210238;0.978297;0.740026;0.994747 -0.0158221 0.101135 -1.40908 0.0275628 0.992894 -0.11577 -0.658686 -0.0985845 0.11795 0.988114 10.7767 0 0 0 1 
25528382210239;1.51578;0.117446;0.995649 -0.00791657 0.0928422 -1.06662 0.0134497 0.99816 -0.0591242 -0.175526 -0.0922033 0.0601157 0.993924 7.10951 0 0 0 1 
25528382210240;0.466545;0.40377;0.99981 0.0176701 -0.00821639 1.51376 -0.0156796 0.979826 0.199236 -1.71155 0.0115712 -0.199069 0.979917 -17.7198 0 0 0 1 
25528382210241;1.93577;1.83505;0.989264 0.0065268 0.145992 0.700235 -0.0272976 0.989672 0.140728 -0.89193 -0.143565 -0.143203 0.979225 -13.4183 0 0 0 1 
25528382210242;0.86252;0.575156;0.99672 -0.0261677 0.0765835 -2.51528 0.0406877 0.980023 -0.194679 -1.59989 -0.0699592 0.197157 0.977873 18.1731 0 0 0 1 
25528382210243;0.905546;0.250535;0.970488 -0.00310514 0.241128 -0.133834 -0.00941947 0.998666 0.0507717 -0.0573097 -0.240964 -0.0515447 0.969164 -4.54954 0 0 0 1 
25528382210244;0.219604;0.209366;0.99981 0.00133911 -0.0194717 0.100542 -0.00171588 0.999811 -0.0193458 -0.0679208 0.0194421 0.0193755 0.999623 1.68016 0 0 0 1 
25528382210245;0.165948;0.0955125;0.980906 -0.0105388 0.194195 -0.939976 0.00690384 0.999788 0.0193855 0.0638514 -0.194358 -0.0176747 0.980771 -2.74815 0 0 0 1 
25528382210246;1.5805;1.39185;0.998644 -0.000848819 0.0520449 -0.203561 -8.85109e-05 0.999838 0.0180051 0.016487 -0.0520518 -0.0179853 0.998482 -0.828096 0 0 0 1 
25528382210248;1.80404;1.53104;0.997422 0.00421459 0.0716317 0.393104 0.00700206 0.987793 -0.155618 -0.612314 -0.0714131 0.155718 0.985217 8.08224 0 0 0 1 
25528382210249;2.65063;0.676825;0.999314 -0.0171509 0.0328325 -0.778347 0.0167434 0.99978 0.0126471 0.148172 -0.0330422 -0.0120886 0.999381 -3.62686 0 0 0 1 
25528382210250;0.988386;0.229749;0.988482 -0.0354549 -0.147125 -2.49783 0.0263058 0.997624 -0.0636729 -0.19601 0.149033 0.0590693 0.987066 3.79251 0 0 0 1 
25528382210251;1.96971;0.457289;0.99932 0.00787818 -0.0360141 0.480051 -0.00662825 0.999376 0.0346952 0.748636 0.036265 -0.0344329 0.998749 -4.09076 0 0 0 1 
25528382210252;1.48555;1.12201;0.999464 0.0327272 0.00125204 2.00991 -0.0327243 0.999462 -0.00234229 -0.391016 -0.00132802 0.00230006 0.999996 0.49143 0 0 0 1 
25528382210253;1.51489;0.413415;0.999139 0.0166795 0.0379873 1.09403 -0.0152474 0.999173 -0.0376819 0.0603507 -0.0385845 0.0370702 0.998567 0.403015 0 0 0 1 
25528382210254;2.5409;1.86835;0.999389 0.00515802 0.0345588 0.323668 -0.0102411 0.988849 0.148568 0.14734 -0.0334072 -0.148831 0.988298 -10.188 0 0 0 1 
25528382210255;0.438009;0.1865;0.995403 0.00795754 -0.0954466 0.234663 -0.0164248 0.995962 -0.0882575 -0.461398 0.0943589 0.0894194 0.991514 5.04769 0 0 0 1 
25528382210256;0.895108;0.420205;0.961035 0.00885162 0.276285 1.2028 0.0697888 0.95934 -0.27349 -3.29083 -0.267472 0.282115 0.921341 16.7519 0 0 0 1 
25528382210257;0.887196;0.78595;0.999367 -0.0041111 0.0353283 -0.0559408 0.00374742 0.999939 0.0103541 -0.0611167 -0.0353687 -0.0102152 0.999322 -0.785485 0 0 0 1 
25528382210258;2.46932;0.608168;0.998547 0.0458308 -0.0283282 2.91018 -0.0472846 0.997475 -0.0529795 -0.0221828 0.0258285 0.054242 0.998194 0.192394 0 0 0 1 
25528382210259;0.355498;0.241494;0.995075 -0.00551868 0.0989724 -0.0910191 0.0500258 0.889932 -0.453341 -7.24629 -0.0855769 0.456059 0.885825 25.313 0 0 0 1 
