#;prob_registration_l1 -r /home/probabilistic_point_clouds_registration/build/tester /home/point_clouds_registration_benchmark//devel/registration_pairs/urban05_local.txt /home/point_clouds_registration_benchmark//kaist/urban05 -s 0.2 -t 0.2 -p 0.3 -r 1000 -m 20 -i 40 
id;initial_error;final_error;transformation
34562489690000;0.13992;0.578968;0.99997 7.26215e-06 0.00780054 -40.1752 -1.98778e-06 1 -0.000676161 7.232 -0.00780055 0.000676125 0.999969 38.3497 0 0 0 1 
34562489690001;0.182436;0.642731;1 -1.8359e-07 4.24242e-07 -1.50762 1.8359e-07 1 5.92972e-08 3.69465 -4.24242e-07 -5.92971e-08 1 -0.381921 0 0 0 1 
34562489690002;0.400034;0.691139;0.997587 0.000195927 -0.0694315 126.569 0.000224714 0.999982 0.0060505 -13.8507 0.0694314 -0.0060515 0.997568 -80.9664 0 0 0 1 
34562489690003;0.381518;0.839002;0.977486 0.0035309 -0.210971 -12566.2 2.18322e-05 0.999858 0.0168352 1117.25 0.211001 -0.0164607 0.977347 -15769 0 0 0 1 
34562489690004;0.467995;0.854518;1 -1.55729e-07 5.46178e-07 -1.20813 1.55729e-07 1 5.44591e-08 3.26446 -5.46178e-07 -5.4459e-08 1 -0.348428 0 0 0 1 
34562489690005;0.423309;0.845244;1 -2.00459e-07 8.82485e-07 -1.66981 2.00459e-07 1 7.78023e-08 3.48064 -8.82485e-07 -7.78022e-08 1 -0.533143 0 0 0 1 
34562489690006;0.190415;0.470071;0.997612 5.62262e-06 0.0690606 1620.46 0.000423204 0.999981 -0.00619479 -144.612 -0.0690593 0.00620923 0.997593 -1449.63 0 0 0 1 
34562489690007;0.167146;0.360308;0.999732 4.71388e-05 0.0231341 -194.78 -4.95682e-06 0.999998 -0.00182343 19.0361 -0.0231341 0.00182282 0.999731 1583.44 0 0 0 1 
34562489690008;0.102809;0.105674;1 -6.13514e-08 5.79483e-07 0.066823 6.13514e-08 1 -8.35844e-09 -0.568297 -5.79483e-07 8.35847e-09 1 0.175267 0 0 0 1 
34562489690009;0.0509686;0.163806;1 -2.69758e-06 3.56956e-05 21.3161 2.6977e-06 1 -3.36366e-06 -3.28849 -3.56956e-05 3.36376e-06 1 -2.09283 0 0 0 1 
34562489690010;0.0869115;0.337722;1 4.09942e-06 -0.000855032 -34.3783 -4.03615e-06 1 7.40014e-05 4.88932 0.000855033 -7.39979e-05 1 -5.64028 0 0 0 1 
34562489690011;0.0782188;0.352717;0.999585 4.33364e-05 -0.028795 -55.5202 2.90113e-05 0.999997 0.00251209 6.10395 0.028795 -0.00251188 0.999582 -16.6387 0 0 0 1 
34562489690012;0.0495854;0.104128;1 9.87575e-09 2.29913e-07 -0.432592 -9.87575e-09 1 -7.18934e-09 -0.710541 -2.29913e-07 7.18934e-09 1 -0.350476 0 0 0 1 
34562489690013;0.0622498;0.138917;1 6.34436e-07 1.79739e-06 -5.37702 -6.34436e-07 1 -3.77447e-08 1.33481 -1.79739e-06 3.77435e-08 1 0.955543 0 0 0 1 
34562489690014;0.30978;0.622188;1 -1.90163e-07 4.44457e-07 -1.21515 1.90163e-07 1 6.54748e-08 2.79597 -4.44457e-07 -6.54747e-08 1 -0.391064 0 0 0 1 
34562489690015;0.264634;1.3517;1 -3.56341e-07 1.19938e-07 -3.24619 3.56341e-07 1 1.14749e-08 -9.65646 -1.19938e-07 -1.14749e-08 1 -0.12333 0 0 0 1 
34562489690016;0.0384264;0.184411;1 7.78296e-06 8.02729e-05 -63.0809 -7.78288e-06 1 -1.01662e-06 6.72262 -8.02729e-05 1.016e-06 1 47.8969 0 0 0 1 
34562489690017;0.317284;0.501745;1 -1.8864e-07 5.25635e-07 -1.64575 1.8864e-07 1 3.20854e-08 -2.44942 -5.25635e-07 -3.20853e-08 1 -0.200147 0 0 0 1 
34562489690018;0.287954;0.5419;1 -4.65221e-08 2.03003e-07 -0.271274 4.65221e-08 1 2.64274e-08 3.37647 -2.03003e-07 -2.64274e-08 1 -0.126346 0 0 0 1 
34562489690019;0.362659;0.665556;0.99305 0.000283742 0.117695 2580.04 0.000977597 0.999943 -0.0106591 -228.51 -0.117691 0.0107001 0.992993 -3421.5 0 0 0 1 
34562489690020;0.112961;0.143373;0.999909 -3.77497e-05 -0.0134984 368.961 5.49083e-05 0.999999 0.00127079 -33.9307 0.0134983 -0.00127142 0.999908 746.77 0 0 0 1 
34562489690021;0.197833;0.328322;1 -2.34554e-08 -2.47067e-07 -0.223505 2.34554e-08 1 -1.45004e-08 -1.80752 2.47067e-07 1.45004e-08 1 0.0797791 0 0 0 1 
34562489690022;0.278308;0.775537;1 -8.58022e-08 4.07747e-07 -0.950607 8.58023e-08 1 -1.97025e-08 -4.89387 -4.07747e-07 1.97025e-08 1 0.0178579 0 0 0 1 
34562489690023;0.193536;0.361632;0.998021 0.000492529 -0.0628763 -2565.62 -0.000141166 0.999984 0.00559248 225.158 0.0628781 -0.00557254 0.998006 668.462 0 0 0 1 
34562489690024;0.347959;0.315305;0.999446 4.3237e-05 0.0332911 34.9627 5.34558e-05 0.999996 -0.00290357 -4.80601 -0.0332911 0.00290374 0.999441 19.6594 0 0 0 1 
34562489690025;0.302077;0.737446;0.998933 9.26255e-05 -0.0461779 7.22373 9.37505e-05 0.999992 0.00403386 2.27166 0.0461779 -0.00403388 0.998925 18.4906 0 0 0 1 
34562489690026;0.218188;0.513977;0.999982 1.68307e-06 0.00604922 -4.72539 1.50803e-06 1 -0.000527518 3.27975 -0.00604922 0.000527518 0.999982 3.95469 0 0 0 1 
34562489690027;0.18191;0.298784;0.999565 -0.000317502 -0.0294898 2862.98 0.000400672 0.999996 0.00281444 -248.901 0.0294887 -0.00282503 0.999561 2015.66 0 0 0 1 
34562489690028;0.340963;1.22013;1 -3.7079e-07 1.92263e-07 -3.46927 3.7079e-07 1 1.3595e-08 -7.6493 -1.92263e-07 -1.3595e-08 1 -0.140691 0 0 0 1 
34562489690029;0.238574;0.389308;0.994119 0.00124237 0.10829 -5883.59 -0.000167108 0.999951 -0.009938 513.725 -0.108297 0.00986146 0.99407 -3271.82 0 0 0 1 
34562489690031;0.530935;1.0082;0.999989 5.78008e-06 -0.00470842 -35.9469 -3.85779e-06 1 0.000408276 3.9329 0.00470842 -0.000408253 0.999989 -21.8007 0 0 0 1 
34562489690032;0.306555;0.56586;0.991745 0.000719617 0.12822 -9.41549 0.000720695 0.999937 -0.0111864 -0.0534782 -0.12822 0.0111864 0.991683 57.2055 0 0 0 1 
34562489690033;0.46032;0.665985;0.998864 9.95862e-05 -0.0476527 3.7787 9.86585e-05 0.999991 0.00415783 0.753179 0.0476527 -0.0041578 0.998855 -18.1471 0 0 0 1 
34562489690034;0.385219;1.464;0.999205 8.1855e-05 -0.0398549 -91.5997 5.65595e-05 0.999994 0.00347182 10.8761 0.039855 -0.00347132 0.999199 -64.6693 0 0 0 1 
34562489690035;0.341621;0.772388;0.980745 0.00168414 0.195287 -52.0899 0.00167619 0.999853 -0.0170406 2.63077 -0.195287 0.0170398 0.980598 71.6757 0 0 0 1 
34562489690036;0.158469;0.234746;0.995997 0.000353247 -0.089391 -17.0102 0.000345306 0.99997 0.007799 1.05129 0.089391 -0.00779865 0.995966 -40.295 0 0 0 1 
34562489690037;0.364175;0.594343;0.999727 2.40466e-05 -0.023357 2.97917 2.36655e-05 0.999998 0.00204246 -1.07891 0.023357 -0.00204245 0.999725 26.3121 0 0 0 1 
34562489690038;0.437441;1.74197;0.994234 0.000519188 0.10723 -138.143 0.000487466 0.999956 -0.00936134 15.6269 -0.107231 0.00935963 0.99419 13.1648 0 0 0 1 
34562489690039;0.392147;0.513461;0.999599 3.21465e-05 0.0283026 19.6814 3.79951e-05 0.999997 -0.00247773 -2.56781 -0.0283026 0.00247782 0.999596 -56.3702 0 0 0 1 
34562489690040;0.283513;1.83046;0.99541 0.000403541 -0.0957022 -5.52032 0.00039657 0.999965 0.00834126 -3.26807 0.0957022 -0.00834092 0.995375 -111.065 0 0 0 1 
34562489690041;0.287266;0.742854;0.993899 0.000547318 -0.110291 -101.47 0.000517734 0.999954 0.00962789 10.0724 0.110291 -0.00962625 0.993853 -16.1941 0 0 0 1 
34562489690042;0.329992;1.40981;0.995387 0.000422617 0.0959446 -170.336 0.000383063 0.999965 -0.00837877 17.7203 -0.0959447 0.00837686 0.995351 -7.17706 0 0 0 1 
34562489690043;0.516204;0.876629;0.999503 5.05262e-05 -0.0315322 -51.5946 3.61789e-05 0.999996 0.00274915 5.13929 0.0315322 -0.00274893 0.999499 -30.3844 0 0 0 1 
34562489690044;0.236329;0.342303;0.999408 3.59046e-05 -0.0343935 131.912 6.62607e-05 0.999996 0.00296933 -11.9999 0.0343935 -0.00296986 0.999404 -263.221 0 0 0 1 
34562489690045;0.316589;0.69695;0.999896 6.16403e-06 -0.0144419 26.5754 1.20722e-05 0.999999 0.00126264 -3.60355 0.0144419 -0.00126268 0.999895 15.0896 0 0 0 1 
34562489690046;0.376135;0.512798;0.997896 0.000185161 -0.0648349 -1.27021 0.000181833 0.999984 0.00565449 -0.288813 0.0648349 -0.00565438 0.99788 -45.9636 0 0 0 1 
34562489690047;0.485231;0.421107;0.997775 0.000195096 -0.0666695 3.05179 0.000193094 0.999983 0.00581611 0.508198 0.0666695 -0.00581604 0.997758 -33.9975 0 0 0 1 
34562489690048;0.199981;0.185362;0.999995 1.04004e-06 -0.00323825 -3.56795 -1.25659e-07 1 0.000282368 0.751752 0.00323825 -0.000282366 0.999995 -2.59493 0 0 0 1 
34562489690049;0.208318;0.443678;0.992576 0.000648761 -0.121623 11.7718 0.000647119 0.999943 0.0106151 -2.0485 0.121623 -0.010615 0.99252 -20.4374 0 0 0 1 
34562489690050;0.378047;0.779676;0.975554 0.0021518 -0.219749 -109.65 0.00211552 0.999814 0.0191818 9.89056 0.21975 -0.0191778 0.975368 -46.8265 0 0 0 1 
34562489690051;0.381473;0.932553;0.999961 9.32985e-06 0.00879468 -47.1006 -2.60515e-06 1 -0.000764644 5.37598 -0.00879468 0.000764592 0.999961 25.2984 0 0 0 1 
34562489690052;0.123011;0.616783;0.999492 5.47597e-05 -0.0318847 -77.0825 3.38769e-05 0.999996 0.00277936 7.00053 0.0318848 -0.00277902 0.999488 -36.1863 0 0 0 1 
34562489690053;0.447449;0.93973;0.999996 4.39464e-06 0.00291843 -30.982 -3.65607e-06 1 -0.000253077 4.01005 -0.00291844 0.000253065 0.999996 13.6032 0 0 0 1 
34562489690054;0.341689;0.754901;0.991632 0.000911598 -0.129095 -1436.84 0.000620259 0.99993 0.0118254 126.418 0.129097 -0.0118065 0.991562 4316.79 0 0 0 1 
34562489690055;0.435439;1.00491;0.999314 6.84364e-05 -0.037033 -61.3703 5.11783e-05 0.999995 0.00322899 5.73563 0.037033 -0.00322867 0.999309 -33.8966 0 0 0 1 
34562489690056;0.453077;0.422464;0.937178 0.00549482 -0.348807 -35.1888 0.00547152 0.999521 0.0304466 4.83888 0.348808 -0.0304424 0.9367 -57.6918 0 0 0 1 
34562489690057;0.243925;2.38599;0.999717 7.23047e-06 0.0237728 138.098 4.23566e-05 0.999998 -0.00208537 -19.5039 -0.0237727 0.00208579 0.999715 -83.9351 0 0 0 1 
34562489690058;0.299623;0.65721;0.987807 0.0010723 0.155681 -83.427 0.00105516 0.999907 -0.0135822 7.52139 -0.155681 0.0135809 0.987714 80.8671 0 0 0 1 
34562489690059;0.121954;0.262687;0.999951 3.03525e-06 -0.00986144 11.6818 5.44076e-06 1 0.000859483 -1.48158 0.00986144 -0.000859495 0.999951 -11.8802 0 0 0 1 
34562489690060;0.336224;1.24025;0.999049 9.56205e-05 0.0436061 -104.06 7.04085e-05 0.999993 -0.00380592 10.6948 -0.0436061 0.00380537 0.999042 11.6889 0 0 0 1 
34562489690062;0.450678;0.390417;0.993753 0.000544728 0.111602 -9.5347 0.00054586 0.999952 -0.00974137 -0.821798 -0.111602 0.00974143 0.993705 28.8143 0 0 0 1 
34562489690063;0.504888;0.799675;0.996603 0.000249916 0.0823584 364.703 0.000327119 0.999975 -0.00699283 -33.1232 -0.0823581 0.00699601 0.996578 1572.9 0 0 0 1 
34562489690064;0.452148;0.412729;0.999988 -6.21138e-07 0.00482159 12.0048 2.65132e-06 1 -0.000421055 -1.66192 -0.00482159 0.000421063 0.999988 -0.457623 0 0 0 1 
34562489690065;0.324911;0.711399;0.999306 6.19152e-05 -0.0372544 -5.27831 5.93558e-05 0.999995 0.00325409 -0.828065 0.0372544 -0.00325405 0.999301 8.14116 0 0 0 1 
34562489690066;0.34336;0.383362;0.998018 0.000172315 0.0629349 -2.23592 0.000173622 0.999985 -0.00549124 -0.43319 -0.0629349 0.00549128 0.998003 33.0928 0 0 0 1 
34562489690067;0.18061;0.74211;0.999987 -1.43017e-06 0.00502477 19.3087 3.63226e-06 1 -0.000438238 -3.54353 -0.00502476 0.00043825 0.999987 4.27719 0 0 0 1 
34562489690068;0.143206;1.99226;0.999767 3.11851e-05 0.0215692 -89.0061 9.42904e-06 0.999998 -0.00188286 2.6067 -0.0215692 0.00188263 0.999766 6.31972 0 0 0 1 
34562489690069;0.265071;0.529488;0.99993 9.2874e-06 0.0118171 -27.2081 2.85484e-06 0.999999 -0.0010275 1.10461 -0.0118171 0.00102746 0.99993 34.5349 0 0 0 1 
34562489690070;0.337998;0.470354;0.927582 0.00632688 -0.373567 24.7561 0.00631936 0.999448 0.0326183 -3.15251 0.373567 -0.0326168 0.92703 -11.3377 0 0 0 1 
34562489690071;0.291767;0.361239;1 -7.22788e-09 1.2781e-07 0.406584 7.22787e-09 1 9.16331e-08 -1.10389 -1.2781e-07 -9.16331e-08 1 1.46156 0 0 0 1 
34562489690072;0.432542;0.839097;0.957221 0.00373656 0.289335 -48.7923 0.00373392 0.999674 -0.0252632 2.09396 -0.289335 0.0252628 0.956894 19.653 0 0 0 1 
34562489690073;0.333627;0.620688;0.998171 0.000162074 -0.0604542 -10.4667 0.000157255 0.999986 0.00527737 -0.708222 0.0604542 -0.00527723 0.998157 -13.0067 0 0 0 1 
34562489690074;0.333091;3.00735;0.957434 0.00374607 0.288627 -274.016 0.00368862 0.999675 -0.0252106 15.8252 -0.288628 0.0252021 0.95711 10.695 0 0 0 1 
34562489690075;0.300984;0.884807;0.965895 0.00295983 -0.258915 182.313 0.00298064 0.999741 0.0225481 -18.6052 0.258915 -0.0225509 0.965637 -456.85 0 0 0 1 
34562489690076;0.255405;0.71753;0.999762 1.83591e-05 0.0218245 16.4961 2.32512e-05 0.999998 -0.00190633 -2.71246 -0.0218245 0.00190638 0.99976 -5.13803 0 0 0 1 
34562489690077;0.37018;0.339767;0.903994 0.00838882 -0.427463 14.6162 0.00837572 0.999268 0.0373232 -2.16088 0.427464 -0.0373202 0.903262 -30.6643 0 0 0 1 
34562489690078;0.123389;0.395315;0.996103 0.000340853 -0.0881962 7.57852 0.000339468 0.99997 0.00769861 -1.87205 0.0881962 -0.00769855 0.996073 -20.8971 0 0 0 1 
34562489690079;0.437756;1.50804;0.997764 0.000217156 -0.0668316 -164.598 0.000173533 0.999983 0.00584002 11.4355 0.0668317 -0.00583856 0.997747 23.2347 0 0 0 1 
34562489690080;0.248888;0.405808;0.998028 0.000188552 -0.0627654 -122.723 0.000161837 0.999984 0.00557739 10.1114 0.0627655 -0.00557655 0.998013 771.901 0 0 0 1 
34562489690081;0.238106;0.5759;0.999944 5.72518e-07 0.0105915 32.7719 9.17636e-06 1 -0.000920394 -4.19439 -0.0105915 0.00092044 0.999943 35.0692 0 0 0 1 
34562489690082;0.176775;0.938895;0.980155 0.00175122 0.198223 -175.721 0.00172281 0.999848 -0.0173521 13.017 -0.198223 0.0173492 0.980003 -323.72 0 0 0 1 
34562489690083;0.334152;0.538459;0.999989 2.66747e-06 0.00463448 -14.9232 -7.99926e-07 1 -0.000402968 -0.546189 -0.00463448 0.00040296 0.999989 14.5611 0 0 0 1 
34562489690084;0.376441;0.548164;1 3.4357e-07 -0.000689433 -2.22904 -3.02191e-07 1 6.00198e-05 -0.0838681 0.000689433 -6.00196e-05 1 -1.40954 0 0 0 1 
34562489690085;0.162081;0.458014;0.996797 0.000189048 -0.0799712 740.407 0.000406168 0.999972 0.00742654 -64.7217 0.0799704 -0.00743523 0.99677 3639.11 0 0 0 1 
34562489690086;0.435379;0.583946;0.999062 7.73418e-05 0.0433023 30.2905 8.65876e-05 0.999993 -0.00378381 -3.86075 -0.0433023 0.00378401 0.999055 -22.1832 0 0 0 1 
34562489690087;0.326485;0.413725;0.999058 8.32464e-05 0.0434041 -13.5759 8.13053e-05 0.999993 -0.00378938 0.26913 -0.0434041 0.00378934 0.99905 5.65331 0 0 0 1 
34562489690088;0.343468;0.496826;0.999506 4.49523e-05 -0.0314402 -9.5083 4.13591e-05 0.999996 0.0027446 -0.0439081 0.0314402 -0.00274455 0.999502 -6.1257 0 0 0 1 
34562489690089;0.181879;0.419806;1 1.10272e-08 -1.19092e-05 -0.0101028 -1.10151e-08 1 1.01596e-06 -0.781127 1.19092e-05 -1.01596e-06 1 -0.247378 0 0 0 1 
34562489690090;0.274172;0.856834;0.979294 0.00181047 -0.202435 8.35558 0.00180504 0.999842 0.0176741 -2.67769 0.202435 -0.0176735 0.979136 -20.6748 0 0 0 1 
34562489690091;0.516972;3.22078;1 3.87098e-05 -0.000452976 -307.785 -3.86887e-05 1 4.66387e-05 18.5516 0.000452977 -4.66212e-05 1 55.9503 0 0 0 1 
34562489690093;0.4248;0.57069;0.999812 1.52581e-05 0.0193767 5.99539 1.75151e-05 0.999999 -0.00169121 1.87503 -0.0193767 0.00169123 0.999811 5.12671 0 0 0 1 
34562489690094;0.0934313;0.0876135;0.999292 0.000448062 0.0376096 -3113.1 -0.000325258 0.999995 -0.00327128 273.104 -0.0376108 0.00325673 0.999287 216.887 0 0 0 1 
34562489690095;0.144672;0.391657;0.999296 7.43054e-05 0.0375138 -108.555 4.83388e-05 0.999995 -0.00326839 12.81 -0.0375138 0.00326791 0.999291 60.0055 0 0 0 1 
34562489690096;0.228702;0.53632;0.998952 7.1213e-05 -0.0457605 166.269 0.000111623 0.999992 0.00399293 -13.0275 0.0457604 -0.00399385 0.998944 -12.8168 0 0 0 1 
34562489690097;0.121961;0.222476;0.997248 3.68345e-05 0.0741315 1623.19 0.000451496 0.999978 -0.00657058 -142.385 -0.0741301 0.00658597 0.997227 -914.53 0 0 0 1 
34562489690098;0.286027;0.755677;0.999782 4.26172e-06 0.0208663 111.773 3.38059e-05 0.999998 -0.001824 -4.91031 -0.0208663 0.00182431 0.999781 -19.9034 0 0 0 1 
34562489690099;0.0245713;0.0299756;1 -2.78538e-08 1.80658e-06 0.0189718 2.7854e-08 1 -9.10287e-08 0.135408 -1.80658e-06 9.10288e-08 1 0.304759 0 0 0 1 
34562489690100;0.214406;0.588995;0.994682 0.00177235 -0.102976 -10512.5 -0.000905986 0.999964 0.00845944 930.656 0.102987 -0.00832116 0.994648 -5395.82 0 0 0 1 
34562489690101;0.290539;0.584415;0.999335 -0.000132603 0.0364567 1525.35 0.00024842 0.999995 -0.00317233 -131.166 -0.0364561 0.00317928 0.99933 29.0788 0 0 0 1 
34562489690102;0.160438;0.288939;0.992598 0.000980166 -0.121442 -2669.05 0.000235021 0.99995 0.00999155 232.585 0.121446 -0.00994613 0.992548 -5287.62 0 0 0 1 
34562489690103;0.385248;0.554617;1 -8.88809e-09 3.70321e-07 -0.24323 8.88813e-09 1 -9.05232e-08 -2.11973 -3.70321e-07 9.05233e-08 1 0.500482 0 0 0 1 
34562489690104;0.150227;0.3115;1 1.15234e-07 0.000806826 -1.54616 -5.8629e-08 1 -7.01576e-05 -1.74149 -0.000806826 7.01575e-05 1 2.24843 0 0 0 1 
34562489690105;0.212702;0.382104;0.999126 -3.02688e-05 0.0418066 850.107 0.000207981 0.999991 -0.00424647 -75.1676 -0.0418061 0.00425145 0.999117 -4839.36 0 0 0 1 
34562489690106;0.369761;1.18758;0.99407 -0.000542999 0.108745 8511.38 0.00158949 0.999953 -0.0095369 -732.06 -0.108734 0.00965319 0.994024 -1284.28 0 0 0 1 
34562489690107;0.232667;0.381066;0.999712 2.67077e-05 0.0240022 -16.6416 2.35359e-05 0.999998 -0.00209301 4.73865 -0.0240022 0.00209297 0.99971 20.5884 0 0 0 1 
34562489690108;0.240619;0.472016;0.999415 -0.000244845 -0.0341884 2382.62 0.000352926 0.999995 0.00315534 -206.884 0.0341874 -0.00316556 0.99941 1453.57 0 0 0 1 
34562489690109;0.185949;0.262553;1 -4.12915e-08 -3.75862e-07 -0.150453 4.12915e-08 1 2.38933e-08 0.838054 3.75862e-07 -2.38933e-08 1 -0.133076 0 0 0 1 
34562489690110;0.265953;0.355881;0.998489 -0.00068201 -0.0549562 6555.63 0.000939316 0.999989 0.00465633 -570.453 0.0549524 -0.00470092 0.998478 -779.838 0 0 0 1 
34562489690111;0.165425;0.36366;0.999328 6.30875e-05 0.03665 -40.523 5.4108e-05 0.999995 -0.00319669 6.49674 -0.0366501 0.00319653 0.999323 26.7059 0 0 0 1 
34562489690112;0.350609;0.38346;0.985037 0.0607985 0.161261 -478679 -0.0605763 0.998144 -0.00629899 57492.5 -0.161344 -0.00356384 0.986892 142013 0 0 0 1 
34562489690113;0.399049;1.12016;0.999946 -7.1898e-06 0.0103515 87.2691 1.65383e-05 1 -0.000903021 -2.07432 -0.0103515 0.000903144 0.999946 4.73636 0 0 0 1 
34562489690114;0.0997142;0.252768;0.999945 1.05419e-05 0.0105326 -46.9174 -8.91578e-07 1 -0.000916237 6.34768 -0.0105326 0.000916177 0.999944 27.1332 0 0 0 1 
34562489690115;0.280795;0.340788;1 -9.41675e-08 -1.43666e-06 -0.0651529 9.41677e-08 1 8.51516e-08 -0.631088 1.43666e-06 -8.51517e-08 1 -0.410489 0 0 0 1 
34562489690116;0.37279;0.484689;1 -2.06104e-07 -1.10549e-06 0.195394 2.06104e-07 1 1.27561e-07 0.652533 1.10549e-06 -1.27561e-07 1 -0.850865 0 0 0 1 
34562489690117;0.26675;0.732856;0.999911 6.01785e-06 -0.0133224 14.8535 9.47947e-06 0.999999 0.00116319 3.99285 0.0133224 -0.00116321 0.999911 0.272214 0 0 0 1 
34562489690118;0.0989808;0.320337;0.996685 -0.000260617 -0.0813626 4436.88 0.000824953 0.999976 0.00690253 -389.117 0.0813589 -0.00694676 0.996661 -1259.63 0 0 0 1 
34562489690119;0.386067;0.356247;0.918526 0.0136512 -0.395126 -52542 -0.00229046 0.999571 0.0292097 5055.95 0.395355 -0.0259249 0.918163 -69127.1 0 0 0 1 
34562489690120;0.309421;0.617101;0.998862 0.000106049 0.047697 -59.5013 9.23423e-05 0.999991 -0.0041572 9.28757 -0.047697 0.00415687 0.998853 60.5378 0 0 0 1 
34562489690121;0.382301;0.481926;1 -7.0086e-08 4.68278e-07 -0.399186 7.0086e-08 1 1.75889e-08 1.14397 -4.68278e-07 -1.75889e-08 1 -0.0305716 0 0 0 1 
34562489690122;0.179762;0.341207;1 -2.39699e-08 2.703e-07 -0.321399 2.39699e-08 1 -6.50163e-08 -2.03304 -2.703e-07 6.50163e-08 1 0.393279 0 0 0 1 
34562489690124;0.346704;0.490967;0.971335 0.00215282 -0.237705 2847.61 0.00279925 0.999786 0.0204934 -248.662 0.237698 -0.0205713 0.971121 -1461.05 0 0 0 1 
34562489690125;0.12865;0.359114;0.999459 0.000261349 -0.032896 -1717.26 -0.000164378 0.999996 0.00295049 152.372 0.0328967 -0.00294348 0.999454 573.632 0 0 0 1 
34562489690126;0.441684;1.27109;0.999242 7.67984e-05 0.0389178 -88.1393 5.53994e-05 0.999994 -0.00339576 15.0672 -0.0389178 0.00339534 0.999237 21.7683 0 0 0 1 
34562489690127;0.210546;0.359283;0.999769 2.44789e-05 0.0214926 -37.1085 1.57995e-05 0.999998 -0.00187389 4.71746 -0.0214926 0.0018738 0.999767 21.0293 0 0 0 1 
34562489690128;0.0334274;0.200036;0.999838 7.23334e-06 -0.01798 57.5595 2.09452e-05 0.999999 0.00156703 -6.48698 0.01798 -0.00156715 0.999837 -21.5069 0 0 0 1 
34562489690129;0.0803559;0.158049;1 -4.98773e-07 5.22807e-06 3.80333 4.98773e-07 1 -1.27742e-07 0.678792 -5.22807e-06 1.27745e-07 1 1.96552 0 0 0 1 
34562489690130;0.355847;0.410212;0.998818 9.75795e-05 -0.0486093 51.2069 0.000108822 0.999991 0.00424346 -3.72154 0.0486093 -0.00424373 0.998809 -3.11567 0 0 0 1 
34562489690131;0.103607;0.094259;1 4.84751e-06 3.1416e-05 -38.1263 -4.84742e-06 1 -2.61007e-06 3.82206 -3.1416e-05 2.60992e-06 1 0.501139 0 0 0 1 
34562489690132;0.232394;0.37911;0.997215 0.000218547 -0.0745844 207.821 0.000267568 0.999979 0.0065076 -15.5498 0.0745842 -0.00650943 0.997193 -20.7222 0 0 0 1 
34562489690133;0.372111;0.435621;0.993562 0.000551536 -0.11329 100.225 0.000572557 0.999951 0.00988948 -7.72815 0.11329 -0.00989068 0.993513 -4.92827 0 0 0 1 
34562489690134;0.23228;0.282739;0.999152 6.64764e-05 -0.0411826 66.0235 8.15912e-05 0.999994 0.0035937 -4.55625 0.0411826 -0.00359401 0.999145 -13.5907 0 0 0 1 
34562489690135;0.171644;0.441763;0.999623 0.000131914 -0.0274478 -792.381 -6.37206e-05 0.999997 0.00248533 71.9458 0.027448 -0.00248265 0.99962 693.946 0 0 0 1 
34562489690136;0.200279;0.284143;0.99995 -2.42859e-06 -0.010021 54.547 1.11755e-05 1 0.000872805 -4.59069 0.0100209 -0.000872873 0.999949 -16.9319 0 0 0 1 
34562489690137;0.062551;0.119211;0.998195 0.000667522 -0.0600602 -4093.67 -0.000374135 0.999988 0.004896 358.266 0.0600627 -0.00486469 0.998183 -3051.67 0 0 0 1 
34562489690138;0.126833;0.350263;1 7.07957e-08 9.49833e-08 0.599257 -7.07957e-08 1 -1.72476e-08 2.36517 -9.49833e-08 1.72476e-08 1 0.143563 0 0 0 1 
34562489690139;0.334771;0.583284;1 1.82893e-08 2.24857e-07 0.214948 -1.82893e-08 1 1.66298e-08 2.64046 -2.24857e-07 -1.66298e-08 1 -0.024195 0 0 0 1 
34562489690140;0.169798;0.420586;1 -5.87752e-07 -6.45598e-05 3.45248 5.88106e-07 1 5.48521e-06 1.90826 6.45598e-05 -5.48525e-06 1 -1.76019 0 0 0 1 
34562489690141;0.269667;0.572057;0.999404 8.42338e-05 -0.0345293 -253.289 2.05974e-05 0.999995 0.00303564 25.3461 0.0345294 -0.00303454 0.999399 159.093 0 0 0 1 
34562489690142;0.0756236;0.169399;0.99898 5.70381e-05 -0.0451578 263.343 0.00012051 0.999992 0.00392899 -23.4208 0.0451577 -0.00393042 0.998972 -99.0037 0 0 0 1 
34562489690143;0.273373;0.498206;0.989732 0.00233475 0.14292 -11591.3 -0.000587955 0.999925 -0.0122632 1024.03 -0.142938 0.0120532 0.989658 3433.64 0 0 0 1 
34562489690144;0.115892;0.426326;0.999846 0.000272419 0.0175273 -2085.05 -0.000252074 0.999999 -0.00116299 185.458 -0.0175276 0.0011584 0.999846 2991.65 0 0 0 1 
34562489690145;0.160443;0.255896;0.999638 3.81657e-05 0.0269057 -56.2962 2.51515e-05 0.999997 -0.00235295 3.54202 -0.0269058 0.00235278 0.999635 -30.1107 0 0 0 1 
34562489690146;0.0878609;0.317819;1 4.82795e-07 8.43587e-05 -3.53351 -4.82288e-07 1 -6.01798e-06 2.16806 -8.43587e-05 6.01794e-06 1 10.8317 0 0 0 1 
34562489690147;0.0902058;0.221318;0.999182 -0.000230014 -0.0404344 2429.89 0.000377643 0.999993 0.00364348 -210.744 0.0404333 -0.00365577 0.999176 1010.02 0 0 0 1 
34562489690148;0.253989;0.884248;1 2.22891e-06 -3.23748e-05 -16.4294 -2.2288e-06 1 3.47886e-06 7.11423 3.23748e-05 -3.47879e-06 1 5.61063 0 0 0 1 
34562489690149;0.415878;0.418459;1 -2.90399e-08 -1.10526e-08 -0.204232 2.90399e-08 1 4.54034e-08 0.0552092 1.10526e-08 -4.54034e-08 1 -0.409216 0 0 0 1 
34562489690150;0.323952;0.502543;0.998987 -0.000227261 -0.0450068 2544.41 0.000406421 0.999992 0.00397163 -220.571 0.0450056 -0.0039859 0.998979 453.771 0 0 0 1 
34562489690151;0.0908205;0.459968;1 8.91516e-06 -4.97353e-06 -70.2982 -8.91516e-06 1 3.24043e-07 9.10064 4.97354e-06 -3.23999e-07 1 -1.07796 0 0 0 1 
34562489690152;0.416208;0.481535;0.991665 0.000719931 -0.128838 79.8097 0.000734893 0.999937 0.011244 -5.47318 0.128838 -0.011245 0.991602 -28.742 0 0 0 1 
34562489690153;0.0988573;0.191532;0.999927 9.86009e-06 -0.012119 -25.391 2.91738e-06 0.999999 0.00105432 0.342579 0.012119 -0.00105427 0.999926 -30.311 0 0 0 1 
34562489690155;0.259195;0.554486;0.999422 4.61339e-05 -0.0339941 40.1664 6.89111e-05 0.999994 0.00338308 -0.472892 0.0339941 -0.00338347 0.999416 3342.18 0 0 0 1 
34562489690156;0.172496;0.172025;0.999453 -7.12704e-05 -0.0330733 962.793 0.000158126 0.999997 0.00262355 -82.6513 0.033073 -0.00262734 0.999449 -2094.36 0 0 0 1 
34562489690157;0.159263;0.33879;0.989038 -0.00152978 0.14765 19988.1 0.00363569 0.999895 -0.0139939 -1709.32 -0.147614 0.0143774 0.988941 -11983.6 0 0 0 1 
34562489690158;0.105511;0.225409;0.99943 0.000275444 0.0337446 -1819.29 -0.00015812 0.999994 -0.00347946 160.376 -0.0337453 0.00347214 0.999424 -4231.76 0 0 0 1 
34562489690159;0.266866;0.350744;0.999926 7.19393e-06 0.0122037 -7.05741 5.78503e-06 0.999999 -0.00106349 2.16783 -0.0122037 0.00106348 0.999925 15.3669 0 0 0 1 
34562489690160;0.0473697;0.179073;0.999853 1.84253e-05 0.0171501 -46.8323 7.53292e-06 0.999999 -0.00151353 4.98262 -0.0171501 0.00151343 0.999852 -130.211 0 0 0 1 
34562489690161;0.216211;0.321216;1 2.3419e-08 2.83952e-07 0.356213 -2.3419e-08 1 1.51539e-09 1.02547 -2.83952e-07 -1.51539e-09 1 -0.0700106 0 0 0 1 
34562489690162;0.156911;0.399811;0.999726 3.36266e-05 0.0233888 -79.2438 1.40908e-05 0.999998 -0.00204001 8.06646 -0.0233888 0.00203978 0.999724 17.2742 0 0 0 1 
34562489690163;0.149607;0.11435;0.998898 -8.29677e-05 0.0469375 1435.59 0.000282898 0.999991 -0.00425286 -123.786 -0.0469368 0.00426145 0.998889 -1316.27 0 0 0 1 
34562489690164;0.334807;0.883666;0.98349 0.00146447 0.180955 -206.893 0.00145442 0.999871 -0.0159967 17.8432 -0.180955 0.0159958 0.983361 -1583.83 0 0 0 1 
34562489690165;0.385816;1.09859;0.973658 0.00184506 0.228006 3632.02 0.00291026 0.999785 -0.0205182 -310.698 -0.227995 0.0206413 0.973444 -5914.97 0 0 0 1 
34562489690166;0.333068;0.505409;0.997192 0.000256245 0.0748805 -97.8534 0.000233528 0.999979 -0.00653189 10.341 -0.0748806 0.00653104 0.997171 53.2497 0 0 0 1 
34562489690167;0.363242;0.585692;1 2.81771e-08 4.57125e-07 0.4949 -2.81771e-08 1 3.41961e-08 1.78596 -4.57125e-07 -3.41961e-08 1 -0.302645 0 0 0 1 
34562489690168;0.405801;0.306249;0.998838 0.00019707 -0.0481956 -760.783 -6.40737e-07 0.999992 0.00407565 69.0356 0.048196 -0.00407088 0.99883 -1104.16 0 0 0 1 
34562489690169;0.233383;0.527766;0.999317 5.7362e-05 -0.0369606 24.6704 6.19162e-05 0.999995 0.00322602 0.468491 0.0369606 -0.0032261 0.999312 -7.83113 0 0 0 1 
34562489690170;0.111556;0.447324;0.999896 8.25699e-06 0.014416 6.31652 9.88593e-06 0.999999 -0.00125846 2.31831 -0.014416 0.00125847 0.999895 0.402131 0 0 0 1 
34562489690171;0.0960451;0.319185;0.999749 5.51408e-05 -0.0224232 -263.19 -8.37425e-06 0.999998 0.00208572 25.1301 0.0224232 -0.00208501 0.999746 1022.87 0 0 0 1 
34562489690172;0.321124;0.453351;0.998601 0.000179258 0.0528763 -464.856 7.18284e-05 0.999989 -0.00474662 41.9276 -0.0528766 0.00474377 0.99859 -1024.84 0 0 0 1 
34562489690173;0.268086;0.473298;0.999265 6.6144e-05 0.038341 -19.5358 6.22312e-05 0.999994 -0.00334705 3.45503 -0.038341 0.00334698 0.999259 4.19486 0 0 0 1 
34562489690174;0.189053;0.517263;0.999272 6.43536e-05 0.0381449 -10.0089 6.2643e-05 0.999994 -0.00332811 3.20593 -0.0381449 0.00332808 0.999267 17.6632 0 0 0 1 
34562489690175;0.133957;0.33459;0.999785 4.51966e-05 0.0207436 -213.881 -7.51489e-06 0.999998 -0.00181662 19.59 -0.0207436 0.00181608 0.999783 -40.5709 0 0 0 1 
34562489690176;0.144022;0.263872;0.997327 0.000158442 0.0730653 593.197 0.000337828 0.999977 -0.00677973 -51.3573 -0.0730647 0.0067863 0.997304 -3276.01 0 0 0 1 
34562489690177;0.320514;0.538567;0.999903 9.24836e-06 0.0139036 -7.21116 7.61236e-06 0.999999 -0.00121263 2.25307 -0.0139036 0.00121262 0.999903 9.7062 0 0 0 1 
34562489690178;0.353901;0.585474;0.993236 0.000583779 -0.116112 71.5278 0.00059694 0.999948 0.0101338 -3.19954 0.116112 -0.0101345 0.993184 -24.119 0 0 0 1 
34562489690179;0.0142393;0.131015;0.999995 1.08967e-06 0.00316947 -5.00475 -2.14769e-07 1 -0.000276039 0.94263 -0.00316947 0.000276037 0.999995 5.17505 0 0 0 1 
34562489690180;0.106434;0.184404;1 -3.69567e-09 -2.06737e-08 -0.00874362 3.69567e-09 1 2.22915e-08 0.254421 2.06737e-08 -2.22915e-08 1 -0.18951 0 0 0 1 
34562489690181;0.139987;0.147439;1 9.78674e-09 6.47146e-08 0.139846 -9.78674e-09 1 -1.72286e-08 0.164993 -6.47146e-08 1.72286e-08 1 0.0594246 0 0 0 1 
34562489690182;0.247912;0.772346;0.994374 0.00048452 -0.105921 71.326 0.000497312 0.999957 0.00924286 -2.18938 0.105921 -0.00924354 0.994332 -34.2638 0 0 0 1 
34562489690183;0.115667;0.960439;0.999795 8.42846e-05 0.0202397 -534.895 -5.08308e-05 0.999999 -0.00165339 53.1998 -0.0202398 0.00165202 0.999794 924.352 0 0 0 1 
34562489690184;0.228068;0.55459;0.997764 -0.000317862 0.0668304 4120.81 0.000744627 0.999979 -0.00636097 -355.422 -0.066827 0.00639651 0.997744 -4522.19 0 0 0 1 
34562489690186;0.0711037;0.0783425;1 2.44039e-06 -2.3698e-05 -19.1937 -2.44039e-06 1 4.45175e-08 1.97057 2.3698e-05 -4.44597e-08 1 -16.7201 0 0 0 1 
34562489690187;0.0441165;0.0603663;0.999373 1.16729e-05 0.0354082 341.282 9.94343e-05 0.999995 -0.00313613 -30.1685 -0.0354081 0.00313769 0.999368 -374.844 0 0 0 1 
34562489690188;0.231973;0.260568;0.99959 3.87906e-05 -0.0286195 -20.062 3.27156e-05 0.999997 0.00249804 3.56556 0.0286195 -0.00249795 0.999587 -5.08753 0 0 0 1 
34562489690189;0.393005;0.468242;0.971356 0.00247739 -0.237615 219.507 0.00252671 0.999781 0.0207528 -16.6572 0.237615 -0.0207587 0.971138 122.241 0 0 0 1 
34562489690190;0.219538;0.276277;0.998816 -0.000108973 -0.048652 1715.18 0.000336164 0.999989 0.00466156 -146.951 0.048651 -0.00467239 0.998805 3418.94 0 0 0 1 
34562489690191;0.389147;0.642323;1 1.16876e-07 6.26015e-09 0.674402 -1.16876e-07 1 -5.02498e-08 -4.28987 -6.26015e-09 5.02498e-08 1 0.247895 0 0 0 1 
34562489690192;0.192134;0.235379;0.999969 5.52424e-06 0.00787353 -22.9265 -1.15439e-07 1 -0.00068696 1.12849 -0.00787353 0.000686938 0.999969 3.03997 0 0 0 1 
34562489690193;0.281462;0.313634;0.999916 4.59014e-06 -0.0129644 23.6752 1.00881e-05 0.999999 0.00113213 -2.69368 0.0129644 -0.00113217 0.999915 0.657216 0 0 0 1 
34562489690194;0.204314;0.23964;1 -3.49774e-07 0.000307465 3.24247 3.57901e-07 1 -2.64303e-05 -1.14235 -0.000307465 2.64304e-05 1 3.59389 0 0 0 1 
34562489690195;0.157469;0.443547;0.999647 0.000110077 -0.026584 -633.476 -4.36097e-05 0.999997 0.00250085 60.4979 0.0265842 -0.0024988 0.999643 1430.74 0 0 0 1 
34562489690196;0.0529904;0.0812319;0.999976 -2.6002e-05 -0.00694958 227.188 3.02931e-05 1 0.000617364 -18.963 0.00694956 -0.00061756 0.999976 86.3904 0 0 0 1 
34562489690197;0.438295;0.854652;1 1.24703e-07 -1.32727e-08 0.272359 -1.24703e-07 1 -2.76658e-08 -7.51322 1.32727e-08 2.76658e-08 1 -0.0705782 0 0 0 1 
34562489690198;0.0525853;0.0781991;0.999998 9.78485e-08 -0.00188807 1.13221 2.13028e-07 1 0.000164653 1.28503 0.00188807 -0.000164653 0.999998 -1.74214 0 0 0 1 
34562489690199;0.186435;0.284653;1 1.29329e-06 -0.000138701 -10.7207 -1.29146e-06 1 1.32367e-05 3.04797 0.000138701 -1.32365e-05 1 8.42231 0 0 0 1 
34562489690200;0.246291;0.230367;1 1.97743e-07 -6.80392e-05 -1.47963 -1.97351e-07 1 5.76386e-06 0.535158 6.80392e-05 -5.76385e-06 1 -1.23746 0 0 0 1 
34562489690201;0.100046;0.117587;0.999992 -1.20841e-06 0.00405572 14.973 2.64337e-06 1 -0.000353806 -1.75502 -0.00405572 0.000353814 0.999992 1.9172 0 0 0 1 
34562489690202;0.155088;0.1584;1 9.52156e-07 9.12358e-07 -7.56099 -9.52156e-07 1 1.70663e-07 1.23839 -9.12358e-07 -1.70664e-07 1 1.64951 0 0 0 1 
34562489690203;0.0877176;0.477853;1 8.81969e-07 0.000155185 -6.65894 -8.79872e-07 1 -1.35092e-05 6.9497 -0.000155185 1.3509e-05 1 0.971495 0 0 0 1 
34562489690204;0.244178;0.32818;0.997969 0.000324796 0.0636932 -1196.34 5.37042e-05 0.999982 -0.00594075 102.736 -0.063694 0.00593211 0.997952 -2988.34 0 0 0 1 
34562489690205;0.481854;0.401943;0.997287 0.000244952 -0.0736141 -53.1849 0.00022873 0.999979 0.00642617 4.22239 0.0736141 -0.00642557 0.997266 -9.24396 0 0 0 1 
34562489690206;0.097924;0.550129;0.998595 -1.37503e-05 0.052984 1089.5 0.000270271 0.999988 -0.00483431 -101.795 -0.0529833 0.00484184 0.998584 -1741.13 0 0 0 1 
34562489690207;0.417969;0.462595;0.996899 0.000375962 -0.0786851 -836.516 0.000176239 0.999975 0.00701079 75.6198 0.0786858 -0.00700292 0.996875 1074.04 0 0 0 1 
34562489690208;0.41666;0.390595;1 3.00409e-06 -0.000583033 -22.9655 -2.97509e-06 1 4.97517e-05 0.914636 0.000583033 -4.97499e-05 1 -9.58093 0 0 0 1 
34562489690209;0.102897;0.0914391;0.999994 4.29392e-06 -0.00338723 -29.5969 -3.29335e-06 1 0.000295401 3.40775 0.00338723 -0.000295388 0.999994 -3.48944 0 0 0 1 
34562489690210;0.0465566;0.557287;0.999907 1.571e-05 0.0136497 -62.4033 6.33346e-07 0.999999 -0.00119734 -1.6084 -0.0136497 0.00119723 0.999906 -45.8812 0 0 0 1 
34562489690211;0.156365;0.159404;1 3.08807e-06 -4.83868e-05 -24.3323 -3.088e-06 1 1.4366e-06 1.08478 4.83868e-05 -1.43645e-06 1 -22.3472 0 0 0 1 
34562489690212;0.249667;0.395158;0.998338 0.000217049 0.0576335 -586.818 7.52146e-05 0.999987 -0.00506886 48.4773 -0.0576339 0.00506477 0.998325 -268.168 0 0 0 1 
34562489690213;0.302086;0.454995;0.998749 0.00033719 0.0500098 -1840.65 -0.000112245 0.99999 -0.00450076 157.611 -0.0500108 0.00448952 0.998739 -993.952 0 0 0 1 
34562489690214;0.0408606;0.126168;0.999992 -1.72754e-06 -0.00407798 20.3623 3.17926e-06 1 0.000355983 -0.494018 0.00407798 -0.000355993 0.999992 -0.599895 0 0 0 1 
34562489690215;0.322976;0.319892;0.999943 1.24982e-06 0.010676 27.7632 8.678e-06 1 -0.000929877 -1.33068 -0.010676 0.000929916 0.999943 16.6547 0 0 0 1 
34562489690217;0.345856;0.240717;0.999966 1.9124e-06 0.00825105 6.38942 4.02695e-06 1 -0.000719812 -0.312451 -0.00825105 0.000719821 0.999966 5.44157 0 0 0 1 
34562489690218;0.369096;1.03643;0.99993 3.17726e-06 -0.0118257 23.7433 8.99706e-06 0.999999 0.00102942 -5.02492 0.0118257 -0.00102946 0.99993 -24.8637 0 0 0 1 
34562489690219;0.344434;0.654409;1 -1.05777e-06 -0.000537762 7.62677 1.08297e-06 1 4.6848e-05 0.213427 0.000537762 -4.68486e-05 1 -0.551115 0 0 0 1 
34562489690220;0.281678;3.10529;0.946133 0.00459834 -0.323747 886.991 0.00460749 0.999607 0.0276631 -83.627 0.323746 -0.0276646 0.945739 -4845.57 0 0 0 1 
34562489690221;0.2479;2.07881;0.9967 0.000275917 -0.0811717 104.934 0.000300998 0.999975 0.00709502 -12.5537 0.0811716 -0.00709604 0.996675 68.9447 0 0 0 1 
34562489690222;0.309448;0.87261;0.998975 7.94033e-05 -0.0452638 85.3868 9.95492e-05 0.999992 0.00395128 -6.87987 0.0452638 -0.00395173 0.998967 -4.40029 0 0 0 1 
34562489690223;0.503992;0.613114;0.977607 0.00194807 -0.21043 85.6414 0.00196127 0.999829 0.0183676 -8.3806 0.21043 -0.018369 0.977436 -34.7027 0 0 0 1 
34562489690224;0.505738;2.86253;0.992049 0.000676588 -0.125854 155.079 0.000709764 0.99994 0.0109704 -20.5149 0.125853 -0.0109725 0.991988 -131.314 0 0 0 1 
34562489690225;0.255572;0.654953;0.993796 0.00053345 0.111221 49.9669 0.000549917 0.999953 -0.00970979 -5.34898 -0.111221 0.0097107 0.993748 4.89931 0 0 0 1 
34562489690226;0.59187;0.665651;0.989573 0.000905136 -0.144029 61.5483 0.000915333 0.999921 0.0125728 -5.64824 0.144029 -0.0125736 0.989494 -16.8698 0 0 0 1 
34562489690227;0.535961;0.56476;0.994621 0.000463689 -0.103577 60.882 0.00047536 0.999959 0.00904131 -5.6549 0.103577 -0.00904191 0.99458 -15.2194 0 0 0 1 
34562489690228;0.492348;1.86665;0.953265 0.00405443 -0.302107 248.839 0.00410549 0.999644 0.0263702 -22.6959 0.302106 -0.0263781 0.952909 4.06149 0 0 0 1 
34562489690229;0.377629;0.31558;0.999422 5.07698e-05 -0.0339981 2.16296 5.01493e-05 0.999996 0.00296752 -0.758286 0.0339981 -0.00296751 0.999417 -7.80644 0 0 0 1 
34562489690230;0.309344;2.84445;0.99194 0.000682717 -0.12671 183.314 0.000724358 0.999939 0.0110583 -10.053 0.126709 -0.011061 0.991878 -20.0773 0 0 0 1 
34562489690231;0.422227;0.844109;0.998942 8.48405e-05 0.0459902 52.9414 9.98501e-05 0.999992 -0.00401356 -3.90303 -0.0459902 0.0040139 0.998934 14.7387 0 0 0 1 
34562489690232;0.215127;0.953586;0.998847 9.1578e-05 0.0480119 64.2984 0.000109598 0.999991 -0.00418748 -5.9859 -0.0480119 0.00418792 0.998838 33.8645 0 0 0 1 
34562489690233;0.420689;0.886046;0.999972 -1.25532e-06 -0.00753631 29.2082 6.20816e-06 1 0.000657173 -1.89186 0.00753631 -0.000657201 0.999971 -6.90418 0 0 0 1 
34562489690234;0.244511;0.746508;0.999997 -3.11565e-06 -0.00230026 25.5379 3.58201e-06 1 0.000202738 -1.61842 0.00230026 -0.000202746 0.999997 14.939 0 0 0 1 
34562489690235;0.305129;0.428569;0.999843 2.44597e-05 0.0177172 -90.1276 3.50843e-06 0.999999 -0.00157855 7.87203 -0.0177172 0.00157837 0.999842 -251.925 0 0 0 1 
34562489690236;0.196522;1.31426;0.994735 0.000436551 0.102476 168.339 0.000481753 0.99996 -0.00893627 -14.0119 -0.102475 0.00893859 0.994695 73.3353 0 0 0 1 
34562489690237;0.236663;2.21286;0.994727 0.000447386 -0.10256 114.165 0.000474281 0.99996 0.00896206 -12.7689 0.10256 -0.00896344 0.994686 68.7326 0 0 0 1 
34562489690238;0.36003;1.79418;0.945562 0.0052447 0.325401 -4002.92 0.00466551 0.999549 -0.0296676 352.05 -0.32541 0.0295707 0.945111 -9305.66 0 0 0 1 
34562489690239;0.243492;0.72314;0.999972 -3.62085e-06 -0.00741894 47.8982 8.37383e-06 1 0.000640625 -5.96661 0.00741893 -0.00064067 0.999972 -56.6826 0 0 0 1 
34562489690240;0.35283;3.39655;0.999419 5.16452e-05 -0.0340964 -7.03272 4.892e-05 0.999996 0.0029486 -8.5459 0.0340964 -0.00294855 0.999414 -229.879 0 0 0 1 
34562489690241;0.379757;3.08507;0.953482 0.00416069 0.301422 -843.298 0.00404889 0.999638 -0.0266063 67.7365 -0.301423 0.0265891 0.95312 -2168.38 0 0 0 1 
34562489690242;0.378853;0.622176;0.965662 0.00305019 0.259786 -455.656 0.00299432 0.999734 -0.0228684 39.6615 -0.259786 0.022861 0.965396 -1425.47 0 0 0 1 
34562489690243;0.301434;1.04644;1 -1.66791e-06 1.63572e-05 11.116 1.66799e-06 1 -4.97462e-06 -0.282776 -1.63572e-05 4.97464e-06 1 -28.3718 0 0 0 1 
34562489690244;0.500189;0.934982;0.98273 0.00149891 -0.185038 97.1801 0.00151577 0.999868 0.0161497 -7.4713 0.185038 -0.0161513 0.982599 -39.5822 0 0 0 1 
34562489690245;0.271456;3.01718;0.99989 1.45484e-05 0.0148528 -46.1233 4.59607e-06 0.999999 -0.00128891 -2.63955 -0.0148528 0.00128883 0.999889 65.1347 0 0 0 1 
34562489690246;0.262584;0.995475;0.978937 0.00181893 -0.204152 188.224 0.00185856 0.999839 0.0178203 -15.5351 0.204152 -0.0178244 0.978777 -5.57799 0 0 0 1 
34562489690248;0.122472;0.198703;0.998712 -0.000955059 0.0507248 8582.49 0.00116639 0.999991 -0.00413682 -744.501 -0.0507204 0.00419066 0.998704 1916.44 0 0 0 1 
34562489690249;0.236877;0.464496;0.997842 0.000191104 -0.0656644 -11.2259 0.000185639 0.999984 0.00573124 3.32043 0.0656644 -0.00573106 0.997825 -21.03 0 0 0 1 
34562489690250;0.361013;0.827459;0.991285 0.000772318 0.131736 -106.269 0.000749228 0.999934 -0.0115 5.35397 -0.131736 0.0114985 0.991218 36.378 0 0 0 1 
34562489690251;0.0844088;0.12964;1 1.27106e-08 -3.78387e-07 0.144896 -1.27106e-08 1 6.55175e-09 0.320074 3.78387e-07 -6.55175e-09 1 -0.0182037 0 0 0 1 
34562489690252;0.195046;0.461768;1 -5.46732e-06 3.63158e-05 45.5028 5.46721e-06 1 3.06568e-06 -1.91002 -3.63158e-05 -3.06548e-06 1 49.9134 0 0 0 1 
34562489690253;0.120903;0.37085;0.995924 0.000361511 0.0901982 -55.4681 0.000350028 0.999969 -0.00787266 3.75799 -0.0901983 0.00787214 0.995893 30.4776 0 0 0 1 
34562489690254;0.246774;0.498007;1 -1.20295e-06 5.49596e-05 12.0578 1.20321e-06 1 -4.73915e-06 -2.8846 -5.49596e-05 4.73921e-06 1 0.95716 0 0 0 1 
34562489690255;0.134202;0.166906;0.999914 4.26167e-06 0.0131027 24.7731 1.07092e-05 0.999999 -0.00114251 -2.41888 -0.0131027 0.00114255 0.999914 11.9468 0 0 0 1 
34562489690256;0.130561;0.243309;0.999577 3.38075e-05 0.029088 23.3769 3.99666e-05 0.999997 -0.00253565 -1.8491 -0.029088 0.00253574 0.999574 33.7905 0 0 0 1 
34562489690257;0.163799;0.279595;0.999576 4.44238e-05 -0.0291127 -55.503 2.9541e-05 0.999997 0.0025402 6.35466 0.0291127 -0.00253999 0.999573 -17.1498 0 0 0 1 
34562489690258;0.294851;0.393413;0.992446 -0.00123367 -0.122678 15251.3 0.00249466 0.999946 0.0101258 -1319.03 0.122659 -0.0103553 0.992395 -2853.66 0 0 0 1 
34562489690259;0.334686;0.797084;1 2.00722e-07 -2.12314e-07 1.47112 -2.00722e-07 1 -5.56117e-08 -4.04124 2.12314e-07 5.56118e-08 1 0.305402 0 0 0 1 
