#;prob_registration_l1 -r /home/probabilistic_point_clouds_registration/build/tester /home/point_clouds_registration_benchmark//devel/registration_pairs/wood_summer_local.txt /home/point_clouds_registration_benchmark//eth/wood_summer -s 0.2 -t 0.2 -p 0.3 -r 1000 -m 20 -i 40 
id;initial_error;final_error;transformation
2318808360000;0.0774618;0.033581;0.998212 0.036103 0.0476372 -0.443845 -0.0361133 0.999347 -0.000644048 0.396473 -0.0476294 -0.00107744 0.998864 0.365809 0 0 0 1 
2318808360001;0.306883;0.0370294;0.997691 0.0659393 -0.016288 -0.129889 -0.0661419 0.997735 -0.0122275 0.54719 0.0154448 0.0132766 0.999793 -0.402891 0 0 0 1 
2318808360002;0.495258;0.0469215;0.916518 -0.386615 -0.102582 4.75525 0.385305 0.922195 -0.0331066 -1.80344 0.1074 -0.00918247 0.994173 -0.149082 0 0 0 1 
2318808360003;0.524546;0.042937;0.912806 -0.405433 -0.0490927 4.3674 0.408151 0.901503 0.143894 -2.6905 -0.0140819 -0.151384 0.988375 1.25758 0 0 0 1 
2318808360004;0.20511;0.0367316;0.997308 -0.0678169 0.0278949 0.614339 0.0677507 0.997697 0.00331324 -0.547778 -0.0280553 -0.00141442 0.999605 -0.163002 0 0 0 1 
2318808360005;0.440296;0.0415356;0.98461 0.0663157 -0.161698 -0.109058 -0.0183473 0.959322 0.281717 0.170468 0.173803 -0.274415 0.945774 0.881455 0 0 0 1 
2318808360006;0.169359;0.0400227;0.995908 -0.0865586 0.0259876 0.998064 0.0870296 0.996051 -0.0175753 -0.44726 -0.0243637 0.019765 0.999508 0.116641 0 0 0 1 
2318808360007;0.299345;0.0354391;0.928523 -0.366142 0.0615182 4.23905 0.364998 0.930547 0.0293121 -2.27964 -0.0679779 -0.00476302 0.997675 0.503278 0 0 0 1 
2318808360008;0.34518;0.0298285;0.92846 0.26925 0.255866 -2.42485 -0.301854 0.94837 0.0973598 2.88839 -0.216441 -0.167629 0.961797 3.84054 0 0 0 1 
2318808360009;0.553788;0.378425;0.983982 0.127292 0.124806 -1.38241 -0.124869 0.991804 -0.0270793 0.583662 -0.12723 0.0110612 0.991812 1.09304 0 0 0 1 
2318808360010;0.296129;0.0375798;0.992149 -0.12493 0.00580195 1.16387 0.124614 0.991446 0.0388138 -1.23238 -0.0106013 -0.0377861 0.99923 0.0298088 0 0 0 1 
2318808360011;0.267088;0.0306713;0.973698 -0.192219 0.122324 2.13436 0.179552 0.97787 0.107384 -1.28879 -0.140258 -0.0825956 0.986664 2.29875 0 0 0 1 
2318808360012;0.117207;0.0407556;0.997187 -0.00256678 -0.0749124 0.0123117 0.00612218 0.998863 0.0472698 -0.162714 0.074706 -0.0475954 0.996069 -0.244489 0 0 0 1 
2318808360013;0.297157;0.0263254;0.996798 -0.0526312 0.0602005 -0.00126078 0.0546729 0.997966 -0.0327855 -0.612185 -0.0583525 0.0359719 0.997648 -0.0472527 0 0 0 1 
2318808360014;0.320442;0.0382871;0.999964 0.00388966 0.00751144 -0.0504063 -0.00386689 0.999988 -0.00304404 0.0418114 -0.00752319 0.00301489 0.999967 -0.626016 0 0 0 1 
2318808360015;0.329054;0.0260472;0.962922 0.237567 -0.127841 -2.07412 -0.250545 0.963211 -0.0972178 2.42862 0.100042 0.125643 0.987018 -2.54256 0 0 0 1 
2318808360016;0.335073;0.0325674;0.999509 0.0306237 0.00667594 -0.2639 -0.0306666 0.999509 0.0064252 -0.0768791 -0.0064759 -0.00662677 0.999957 -0.473748 0 0 0 1 
2318808360017;0.483715;0.0268139;0.974146 0.22072 -0.0481931 -2.49259 -0.220979 0.975279 -4.7102e-05 1.69935 0.0469913 0.0106956 0.998838 0.220089 0 0 0 1 
2318808360018;0.313611;0.0330822;0.909014 -0.405337 -0.09693 4.94566 0.396552 0.912761 -0.0980498 -2.11181 0.128217 0.0506908 0.99045 -1.50138 0 0 0 1 
2318808360019;0.502137;0.346254;0.994542 0.0956181 0.0417574 -1.00584 -0.0873156 0.981811 -0.16859 0.700405 -0.0571182 0.164024 0.984801 -1.56547 0 0 0 1 
2318808360020;0.421809;0.0362983;0.964487 0.0241369 0.263024 -0.596146 -0.00155989 0.996319 -0.0857093 0.222376 -0.264124 0.0822553 0.960975 0.579332 0 0 0 1 
2318808360021;0.393879;0.0354066;0.910324 -0.30002 -0.285128 4.29526 0.206018 0.925935 -0.316545 -0.80862 0.35898 0.229417 0.904711 -5.06338 0 0 0 1 
2318808360022;0.404256;0.0413618;0.995387 0.0338199 -0.0897866 -0.308689 -0.0400455 0.996849 -0.0684676 1.0846 0.0871882 0.0717473 0.993605 -1.75526 0 0 0 1 
2318808360023;0.175152;0.0368484;0.978669 -0.190672 0.0764933 1.93593 0.194441 0.979871 -0.0452329 -1.27492 -0.0663288 0.0591415 0.996044 -0.0821761 0 0 0 1 
2318808360024;0.438639;0.0308939;0.993684 0.00602457 -0.112052 -0.792032 -0.018057 0.994129 -0.106681 0.353126 0.110751 0.10803 0.987959 -2.05637 0 0 0 1 
2318808360025;0.493149;0.0384834;0.98548 -0.169717 -0.00496849 1.67539 0.169484 0.985041 -0.0311237 -0.657721 0.0101764 0.0298297 0.999503 0.339437 0 0 0 1 
2318808360026;0.26214;0.0420036;0.982184 0.0137074 -0.187419 -0.180061 -0.00202949 0.998052 0.0623596 -0.0819184 0.187909 -0.0608683 0.980299 -0.528504 0 0 0 1 
2318808360027;0.301824;0.0295173;0.971554 0.236711 -0.00718913 -2.24746 -0.229951 0.93568 -0.26763 2.92673 -0.0566242 0.26167 0.963495 -2.19464 0 0 0 1 
2318808360028;0.111442;0.0318114;0.99899 -0.03538 -0.0276979 0.373643 0.0386249 0.991143 0.127057 -0.424764 0.0229572 -0.127999 0.991509 1.11241 0 0 0 1 
2318808360029;0.556383;0.0396395;0.994084 -0.0682153 -0.0845257 0.192497 0.0945238 0.926661 0.363821 -0.508298 0.0535085 -0.369658 0.927626 4.19047 0 0 0 1 
2318808360031;0.47988;0.0115356;0.905258 0.379195 -0.191622 -2.68748 -0.366797 0.925135 0.0979044 3.87798 0.214401 -0.0183426 0.976574 -1.88913 0 0 0 1 
2318808360032;0.536016;0.0106189;0.92978 0.047351 -0.365056 0.700166 -0.151333 0.953184 -0.2618 2.75273 0.335569 0.298662 0.893417 -6.02296 0 0 0 1 
2318808360033;0.38485;0.00517478;0.988407 0.146573 0.0396006 -1.36521 -0.146214 0.989182 -0.0118298 1.21243 -0.0409062 0.00590251 0.999146 -0.396498 0 0 0 1 
2318808360034;0.495664;0.390331;0.957653 0.283624 0.0495688 -2.54256 -0.278544 0.956208 -0.0898861 3.75107 -0.072892 0.0722726 0.994718 -0.745668 0 0 0 1 
2318808360035;0.329409;0.0155432;0.993264 0.105299 -0.0483635 -0.811323 -0.105619 0.994398 -0.00411428 1.09907 0.0476593 0.00919469 0.998821 -1.04382 0 0 0 1 
2318808360036;0.430313;0.00833497;0.907013 0.24234 -0.344382 -1.17658 -0.23173 0.970087 0.0723314 1.97062 0.35161 0.0141981 0.936039 -3.04716 0 0 0 1 
2318808360037;0.120765;0.00777076;0.994223 0.0123396 -0.10662 0.019019 -0.0251552 0.992491 -0.119705 0.485785 0.104343 0.121695 0.987068 -2.12489 0 0 0 1 
2318808360038;0.516165;0.0128925;0.976627 -0.18529 0.108939 1.83353 0.183183 0.982647 0.0291337 -1.99023 -0.112447 -0.00849704 0.993621 1.69302 0 0 0 1 
2318808360039;0.413132;0.0145249;0.972748 -0.129093 0.192602 1.10985 0.122808 0.991443 0.0442723 -0.579761 -0.196669 -0.0194128 0.980278 2.29107 0 0 0 1 
2318808360040;0.306491;0.0108097;0.990278 0.113369 -0.0806086 -0.768617 -0.100068 0.983099 0.153306 0.82846 0.0966263 -0.143749 0.984886 0.370677 0 0 0 1 
2318808360041;0.475776;0.0121495;0.875199 -0.483711 -0.00707631 6.42607 0.482909 0.87443 -0.0465967 -2.61279 0.0287271 0.0373642 0.998889 -0.168649 0 0 0 1 
2318808360042;0.392346;0.0126593;0.994323 0.0444318 0.0966816 -0.573922 -0.044061 0.999011 -0.00596785 0.387831 -0.0968511 0.00167408 0.995297 1.54556 0 0 0 1 
2318808360043;0.212163;0.0101329;0.991677 0.0637002 -0.111887 -0.450687 -0.0351997 0.97006 0.2403 0.277002 0.123844 -0.234362 0.964229 1.59692 0 0 0 1 
2318808360044;0.216595;0.00738759;0.989301 0.116 -0.0884766 -1.35368 -0.110323 0.991664 0.0665703 0.698413 0.0954611 -0.0560971 0.993851 -0.0353555 0 0 0 1 
2318808360045;0.469606;0.0166198;0.924132 0.239632 -0.297586 -1.82133 -0.322194 0.907394 -0.269867 4.0407 0.205359 0.345273 0.915759 -4.90864 0 0 0 1 
2318808360046;0.276896;0.00468883;0.999139 0.0184413 0.0371717 -0.0263858 -0.0181015 0.999791 -0.00945613 -0.321587 -0.0373383 0.00877512 0.999264 0.0424902 0 0 0 1 
2318808360047;0.219223;0.0178034;0.964602 -0.135604 -0.226175 2.00447 0.130528 0.990742 -0.037318 -0.804752 0.229142 0.00647479 0.973372 -1.98878 0 0 0 1 
2318808360048;0.2746;0.0157333;0.948787 -0.0261538 0.314832 0.219348 0.00583677 0.997848 0.0653036 -0.0342554 -0.315863 -0.0601216 0.946898 3.27633 0 0 0 1 
2318808360049;0.475244;0.0201341;0.918465 -0.30351 -0.253582 4.59895 0.321617 0.946321 0.0322406 -2.19949 0.230185 -0.111168 0.966776 -1.17778 0 0 0 1 
2318808360050;0.266943;0.015645;0.953152 -0.302376 -0.00837301 3.73233 0.302422 0.953161 0.00493942 -2.08208 0.00648726 -0.0072402 0.999953 -0.167646 0 0 0 1 
2318808360051;0.316495;0.0160049;0.976334 -0.0585311 0.208196 0.615267 0.0293652 0.989643 0.140515 -0.424475 -0.214264 -0.131076 0.967941 3.72293 0 0 0 1 
2318808360052;0.442125;0.0176443;0.905338 0.390349 0.167306 -3.66796 -0.383917 0.920667 -0.0705698 3.67722 -0.18158 -0.000342096 0.983376 1.82314 0 0 0 1 
2318808360053;0.502153;0.0137706;0.999351 -0.0329252 0.0145893 1.05481 0.0307567 0.99106 0.129826 -0.450393 -0.0187334 -0.129293 0.991429 2.2548 0 0 0 1 
2318808360054;0.189299;0.0173946;0.96698 -0.254123 -0.0192535 3.09386 0.251644 0.964029 -0.0855737 -1.63118 0.0403072 0.0779031 0.996146 -1.21444 0 0 0 1 
2318808360055;0.56348;0.0162962;0.951744 0.137714 -0.274258 -0.131606 -0.169687 0.980774 -0.0963766 2.3584 0.255713 0.138264 0.956814 -3.57129 0 0 0 1 
2318808360056;0.0419399;0.0138894;0.998653 0.0487006 -0.0179024 -0.487135 -0.0486247 0.998806 0.00465077 0.371262 0.0181075 -0.00377401 0.999829 -0.105915 0 0 0 1 
2318808360057;0.467263;0.0097011;0.997634 -0.0687325 -0.00178826 0.903619 0.0686495 0.9972 -0.0296539 -1.26988 0.00382144 0.029461 0.999559 -0.856626 0 0 0 1 
2318808360058;0.291617;0.0178223;0.999934 0.0065129 0.00946034 -0.0332121 -0.00770857 0.991164 0.132417 0.50652 -0.00851434 -0.132481 0.991149 1.74281 0 0 0 1 
2318808360059;0.25976;0.00953121;0.97585 0.024676 -0.217045 0.39667 -0.0412604 0.996535 -0.0722133 0.474888 0.214511 0.0794246 0.973487 -2.35395 0 0 0 1 
2318808360060;0.11731;0.0118111;0.991875 0.0979654 0.0811562 -1.11285 -0.093603 0.994038 -0.0559268 0.948612 -0.0861512 0.0478759 0.995131 0.195076 0 0 0 1 
2318808360062;0.468711;0.0225303;0.913582 0.400575 -0.0700596 -1.00905 -0.359876 0.876624 0.319404 2.11307 0.189361 -0.266589 0.945025 0.244241 0 0 0 1 
2318808360063;0.468392;0.0215771;0.992979 -0.117291 0.0153432 -0.418707 0.114846 0.986996 0.112469 -1.16284 -0.0283353 -0.109918 0.993537 -0.0372906 0 0 0 1 
2318808360064;0.317402;0.0157749;0.94676 0.321879 0.00629907 -0.529507 -0.321847 0.946775 -0.0056859 1.97323 -0.00779397 0.00335585 0.999964 -0.352229 0 0 0 1 
2318808360065;0.263432;0.0171487;0.973384 -0.216788 0.0743402 0.753723 0.208127 0.971975 0.109301 -1.53555 -0.0959521 -0.0909197 0.991225 1.06003 0 0 0 1 
2318808360066;0.238324;0.0145759;0.999509 -0.0312619 0.00198308 -0.3687 0.0312222 0.999357 0.0176299 -0.41995 -0.00253295 -0.0175593 0.999843 0.168624 0 0 0 1 
2318808360067;0.429905;0.0238939;0.993264 0.0951255 -0.0661632 0.749058 -0.0908769 0.993771 0.0645101 0.536597 0.0718876 -0.0580629 0.995721 -0.53314 0 0 0 1 
2318808360068;0.55967;0.0224049;0.885446 -0.146163 -0.441161 2.03362 0.228027 0.963775 0.138356 -1.54153 0.404957 -0.223103 0.886699 -2.21369 0 0 0 1 
2318808360069;0.324897;0.0175428;0.997578 0.0639081 0.0274588 0.194399 -0.0643877 0.997781 0.0169543 0.0740783 -0.0263144 -0.0186813 0.999479 -0.37812 0 0 0 1 
2318808360070;0.327797;0.0212604;0.996008 0.0578693 0.067971 0.506547 -0.0543168 0.997116 -0.0529992 0.286411 -0.070842 0.0490957 0.996279 0.0632401 0 0 0 1 
2318808360071;0.127608;0.0224688;0.989995 0.119245 0.0754375 -0.404782 -0.119971 0.992764 0.00515159 0.717608 -0.0742773 -0.0141504 0.997137 0.41613 0 0 0 1 
2318808360072;0.27755;0.0200367;0.963966 -0.258584 -0.0624882 0.717118 0.258477 0.965966 -0.00992362 -1.1626 0.0629275 -0.00658572 0.997996 -0.54532 0 0 0 1 
2318808360073;0.377754;0.0201877;0.992799 -0.0622261 0.102363 -0.00166218 0.0782108 0.983946 -0.160414 0.0151663 -0.0907378 0.167265 0.981728 -0.669771 0 0 0 1 
2318808360074;0.367604;0.292922;0.983922 -0.178536 -0.00471918 0.697828 0.178445 0.983831 -0.0153143 -1.35722 0.00737702 0.014226 0.999872 0.105345 0 0 0 1 
2318808360075;0.223733;0.0208988;0.965487 -0.0151055 0.260015 0.0897093 0.012301 0.999847 0.01241 -0.260517 -0.260162 -0.00878324 0.965525 1.60672 0 0 0 1 
2318808360076;0.344651;0.0204873;0.993194 -0.115683 -0.0135155 0.851122 0.115512 0.963506 0.241481 -0.851729 -0.0149132 -0.241399 0.970311 1.25849 0 0 0 1 
2318808360077;0.167206;0.025083;0.995232 0.030436 0.0926702 -0.00658284 -0.0332546 0.999025 0.0290251 0.415194 -0.0916965 -0.0319684 0.995274 0.514121 0 0 0 1 
2318808360078;0.455663;0.0167995;0.925558 0.369935 0.0805581 -0.539092 -0.376318 0.922251 0.0885277 1.99637 -0.0415453 -0.112253 0.992811 -0.140243 0 0 0 1 
2318808360079;0.349782;0.0135796;0.990863 0.0802366 0.108406 -0.203169 -0.0955304 0.984929 0.144181 0.506688 -0.0952038 -0.15322 0.983595 1.71683 0 0 0 1 
2318808360080;0.31557;0.0194859;0.99181 0.0434407 -0.12011 0.0509263 0.00639089 0.922328 0.386354 -0.48207 0.127564 -0.383958 0.914496 0.434316 0 0 0 1 
2318808360081;0.265138;0.0194264;0.993779 0.0738915 -0.0833219 -0.0567049 -0.0918348 0.966966 -0.237788 1.11352 0.0629989 0.243961 0.967737 -0.809876 0 0 0 1 
2318808360082;0.291619;0.0203838;0.979975 0.129339 -0.151396 0.0248928 -0.169987 0.939372 -0.297799 1.60277 0.1037 0.317571 0.942547 -1.48796 0 0 0 1 
2318808360083;0.406111;0.0146472;0.98987 -0.140898 0.0174832 -0.0269449 0.139161 0.987251 0.0772651 -0.91686 -0.0281468 -0.0740494 0.996857 -0.364866 0 0 0 1 
2318808360084;0.25521;0.0219642;0.99939 0.0330753 -0.0112534 0.100847 -0.0349369 0.944591 -0.326384 0.80276 -0.000165385 0.326578 0.94517 -0.923971 0 0 0 1 
2318808360085;0.097134;0.0209904;0.999312 -0.011885 0.0351227 -0.0319135 0.0109626 0.999593 0.0263375 -0.0476124 -0.0354215 -0.0259344 0.999036 0.456509 0 0 0 1 
2318808360086;0.630308;0.515381;0.997832 0.0197264 -0.0627791 0.0346505 -0.0128066 0.993984 0.108775 -0.259977 0.0645471 -0.107736 0.992082 -0.183127 0 0 0 1 
2318808360087;0.164964;0.0208725;0.989195 0.142864 0.0329264 -0.321474 -0.138815 0.984933 -0.103138 1.04929 -0.0471649 0.0974524 0.994122 -0.0125979 0 0 0 1 
2318808360088;0.426784;0.0211679;0.921786 0.209591 0.326162 -0.285411 -0.141685 0.965199 -0.219809 1.08757 -0.360882 0.156405 0.919403 2.21154 0 0 0 1 
2318808360089;0.0156956;0.0147311;0.999897 -0.0121313 -0.00767375 0.0624874 0.0122774 0.999738 0.019293 -0.114604 0.00743769 -0.0193852 0.999784 0.00469921 0 0 0 1 
2318808360090;0.105965;0.0284885;0.999799 0.00819856 -0.0182991 -0.125623 -0.00833116 0.99994 -0.00718176 0.167406 0.0182392 0.00733276 0.999807 -0.0644618 0 0 0 1 
2318808360091;0.471367;0.0181304;0.942322 -0.0905008 -0.322241 0.926477 0.0152492 0.97336 -0.228774 0.867311 0.334361 0.210665 0.918599 -2.79913 0 0 0 1 
2318808360093;0.358587;0.0104601;0.99464 0.0908631 0.0493431 -0.120954 -0.0916985 0.995675 0.0149353 0.92724 -0.0477727 -0.0193799 0.99867 -0.488722 0 0 0 1 
2318808360094;0.104341;0.0146354;0.996813 0.0788306 0.012225 0.0998435 -0.0784278 0.996452 -0.0305213 0.323072 -0.0145876 0.0294653 0.999459 0.184258 0 0 0 1 
2318808360095;0.369651;0.0136675;0.95535 -0.295444 -0.00441532 0.477183 0.295219 0.955034 -0.0274744 -1.26775 0.0123339 0.0249441 0.999613 -0.713882 0 0 0 1 
2318808360096;0.316121;0.0077045;0.999565 0.0294662 -0.000794841 0.690609 -0.0294562 0.99951 0.0105461 0.290342 0.00110521 -0.0105182 0.999944 0.364447 0 0 0 1 
2318808360097;0.369151;0.010875;0.911661 0.286899 0.294217 0.136036 -0.275431 0.957931 -0.0806553 1.14719 -0.304979 -0.00750601 0.952329 1.1213 0 0 0 1 
2318808360098;0.287285;0.0177341;0.95342 -0.300872 0.0215796 0.100406 0.299699 0.952956 0.045345 -1.56133 -0.0342075 -0.0367655 0.998738 -0.0899664 0 0 0 1 
2318808360099;0.367143;0.0225341;0.932062 -0.361526 0.0236412 0.514916 0.361787 0.932229 -0.00772654 -2.28399 -0.0192456 0.0157547 0.999691 -0.159772 0 0 0 1 
2318808360100;0.403666;0.0181033;0.989901 -0.13721 -0.0356359 0.956654 0.139843 0.986367 0.0867358 -0.669978 0.0232491 -0.0908433 0.995594 -0.507623 0 0 0 1 
2318808360101;0.302239;0.00827192;0.94383 -0.161474 0.288292 -0.203847 0.173559 0.984682 -0.016684 -0.914781 -0.281182 0.0657824 0.957397 1.4525 0 0 0 1 
2318808360102;0.281834;0.00843405;0.988694 0.148982 -0.016993 0.154266 -0.138977 0.953006 0.269194 0.107185 0.0562994 -0.263789 0.962936 -0.3251 0 0 0 1 
2318808360103;0.378578;0.0126322;0.932945 0.196117 -0.301915 0.78307 -0.113028 0.955759 0.27157 0.162889 0.341817 -0.219235 0.913837 -1.49943 0 0 0 1 
2318808360104;0.557659;0.25711;0.984328 -0.171865 0.0395016 -0.482337 0.17321 0.984313 -0.0335585 -0.746692 -0.0331144 0.0398747 0.998656 -0.534465 0 0 0 1 
2318808360105;0.460355;0.0331282;0.911725 -0.40815 -0.0465976 0.682975 0.410723 0.903444 0.122863 -2.35765 -0.00804824 -0.131156 0.991329 -0.535022 0 0 0 1 
2318808360106;0.53681;0.0157916;0.924365 -0.0734687 -0.374368 1.43042 0.0679881 0.997297 -0.0278452 0.435209 0.375402 0.000286549 0.926862 -1.5311 0 0 0 1 
2318808360107;0.116161;0.0116373;0.992785 -0.0137367 0.119116 -0.0582974 0.0248004 0.995459 -0.0919036 -0.0436016 -0.117313 0.0941947 0.988618 0.710153 0 0 0 1 
2318808360108;0.426496;0.00900825;0.973427 0.22892 0.00596605 0.741732 -0.228576 0.972887 -0.0352717 1.17335 -0.0138787 0.0329708 0.99936 -0.585813 0 0 0 1 
2318808360109;0.361092;0.0144325;0.989912 0.139426 0.0251775 -0.828892 -0.138255 0.989443 -0.0434501 1.08201 -0.0309698 0.0395309 0.998738 -0.0298541 0 0 0 1 
2318808360110;0.188673;0.0184311;0.990858 -0.0285095 -0.131864 0.443629 0.0177353 0.99646 -0.0821715 0.195622 0.13374 0.0790816 0.987856 -0.764419 0 0 0 1 
2318808360111;0.302097;0.0117492;0.978042 0.179079 -0.106603 -0.386793 -0.147514 0.956186 0.252881 0.610612 0.147218 -0.231603 0.961606 -0.542022 0 0 0 1 
2318808360112;0.226828;0.0179219;0.962084 -0.256293 -0.0933142 0.499916 0.259449 0.965478 0.0232172 -1.28619 0.0841423 -0.0465472 0.995366 -0.35426 0 0 0 1 
2318808360113;0.311079;0.0137317;0.917604 -0.328512 -0.22379 0.605892 0.271051 0.92893 -0.252232 -1.09137 0.290747 0.17079 0.941434 -1.3935 0 0 0 1 
2318808360114;0.267587;0.00540435;0.990282 -0.0481966 0.130457 -0.033289 0.0475496 0.998836 0.00807193 0.0684957 -0.130694 -0.00179029 0.991421 1.21717 0 0 0 1 
2318808360115;0.283003;0.00855774;0.99463 -0.10345 0.00293509 -0.0492918 0.0982273 0.952588 0.287973 -0.907961 -0.0325867 -0.286138 0.957634 0.737565 0 0 0 1 
2318808360116;0.15967;0.0146127;0.999907 0.000947564 0.0135913 0.197807 -0.000960408 0.999999 0.000938472 0.0145589 -0.0135904 -0.000951438 0.999907 -0.255948 0 0 0 1 
2318808360117;0.274094;0.0170759;0.967437 0.165027 -0.191917 0.567587 -0.197986 0.965776 -0.167569 1.25952 0.157695 0.200109 0.967 -0.933448 0 0 0 1 
2318808360118;0.309171;0.00914286;0.996116 -0.0575637 0.0666273 0.217393 0.0644134 0.99231 -0.105695 -0.0276557 -0.0600307 0.109576 0.992164 0.956243 0 0 0 1 
2318808360119;0.136528;0.0136868;0.999771 0.00801497 -0.0198402 -0.00352552 -0.00431687 0.983684 0.179853 -0.183247 0.020958 -0.179726 0.983493 0.160829 0 0 0 1 
2318808360120;0.394337;0.0136043;0.964811 -0.262875 0.00605719 0.38798 0.262937 0.964704 -0.0144741 -1.26784 -0.00203852 0.0155574 0.999877 -0.782463 0 0 0 1 
2318808360121;0.407083;0.266881;0.98668 -0.1475 0.0685981 -0.14156 0.148232 0.988936 -0.00567952 -0.802548 -0.0670014 0.0157723 0.997628 -0.0225027 0 0 0 1 
2318808360122;0.325576;0.017037;0.963973 0.0214215 -0.265136 0.845924 -0.0075007 0.998545 0.053406 -0.0638932 0.265894 -0.0494933 0.962731 -0.946828 0 0 0 1 
2318808360124;0.330187;0.0365311;0.952449 -0.16366 0.257013 1.62081 0.115098 0.974256 0.193849 -1.11945 -0.282122 -0.15505 0.946767 3.43581 0 0 0 1 
2318808360125;0.152771;0.0376403;0.98865 -0.150236 0.000636129 1.50192 0.150206 0.988518 0.0164454 -1.24397 -0.00309953 -0.0161632 0.999865 0.261988 0 0 0 1 
2318808360126;0.0910746;0.0274144;0.998438 0.0032973 -0.0557752 -0.12097 -0.00490589 0.999575 -0.0287283 0.150312 0.0556568 0.0289571 0.99803 -0.736548 0 0 0 1 
2318808360127;0.146509;0.033604;0.992745 -0.108768 0.0512588 1.01028 0.106245 0.993101 0.0496273 -0.822302 -0.056303 -0.0438213 0.997452 1.0431 0 0 0 1 
2318808360128;0.288596;0.0405458;0.944522 0.127405 -0.302732 -0.479375 -0.153426 0.986106 -0.0636849 1.39544 0.290412 0.106599 0.950946 -3.23203 0 0 0 1 
2318808360129;0.489639;0.0379342;0.97969 -0.133258 -0.149832 2.07802 0.0639981 0.915946 -0.396166 1.16744 0.190031 0.378531 0.905871 -5.26236 0 0 0 1 
2318808360130;0.532869;0.266017;0.968588 -0.10881 0.223604 0.450656 0.066279 0.979622 0.1896 -0.782247 -0.239677 -0.168823 0.956061 3.89812 0 0 0 1 
2318808360131;0.255773;0.0242697;0.998359 -0.0137746 0.0555899 -0.0750367 0.00846458 0.995475 0.09465 -0.169514 -0.0566421 -0.0940241 0.993957 0.882992 0 0 0 1 
2318808360132;0.368015;0.34359;0.997764 0.0457455 0.0487175 -0.688734 -0.0427057 0.99718 -0.0617083 0.353244 -0.051403 0.0594898 0.996905 -0.15408 0 0 0 1 
2318808360133;0.203483;0.0397828;0.988491 0.12504 -0.0851488 -1.06549 -0.109831 0.98025 0.164461 0.757141 0.104031 -0.153216 0.982702 0.574661 0 0 0 1 
2318808360134;0.215895;0.0305958;0.997597 -0.0199371 -0.0663483 0.555321 0.0174773 0.999146 -0.0374498 -0.209222 0.0670382 0.0362002 0.997093 -0.687391 0 0 0 1 
2318808360135;0.357096;0.048077;0.958326 0.0879439 -0.271803 -0.130257 -0.0936667 0.99557 -0.00812683 1.04826 0.269884 0.033247 0.962319 -2.10082 0 0 0 1 
2318808360136;0.39267;0.0329584;0.989397 -0.0936445 0.111012 0.890459 0.108237 0.985096 -0.133682 -0.104195 -0.0968386 0.144281 0.984787 -0.174131 0 0 0 1 
2318808360137;0.205186;0.0278601;0.982684 -0.0213434 -0.184058 0.705568 0.0274304 0.999156 0.0305885 -0.238621 0.18325 -0.0351076 0.982439 -1.09724 0 0 0 1 
2318808360138;0.524941;0.0354394;0.9851 -0.161576 0.0589243 1.29343 0.161418 0.986858 0.00746232 -1.34974 -0.0593556 0.0021603 0.998235 -0.506316 0 0 0 1 
2318808360139;0.224459;0.0304926;0.992123 0.119857 -0.0364168 -1.16223 -0.125041 0.965038 -0.23036 1.72919 0.00753333 0.233099 0.972424 -2.32943 0 0 0 1 
2318808360140;0.242736;0.0353627;0.992216 0.0616471 0.108197 -0.773753 -0.0521543 0.994712 -0.0884753 0.647428 -0.113079 0.0821436 0.990185 -0.318117 0 0 0 1 
2318808360141;0.27546;0.0374735;0.967329 0.239818 0.0822346 -2.06194 -0.235412 0.970056 -0.0597757 2.24976 -0.0941074 0.0384638 0.994819 0.0736379 0 0 0 1 
2318808360142;0.19755;0.0371488;0.993236 -0.103704 0.0522271 0.88612 0.103356 0.994601 0.00932182 -0.610975 -0.0529118 -0.00386079 0.998592 0.136173 0 0 0 1 
2318808360143;0.359468;0.0346245;0.972504 -0.0733925 -0.221017 1.05102 0.0790244 0.996732 0.0167355 -0.696402 0.219067 -0.0337411 0.975126 -0.739756 0 0 0 1 
2318808360144;0.260225;0.0415024;0.98259 -0.177717 0.0541557 1.55715 0.183055 0.975895 -0.118825 -0.96406 -0.0317331 0.12667 0.991437 -1.29655 0 0 0 1 
2318808360145;0.465801;0.0306383;0.910432 -0.229495 0.344159 2.59077 0.245957 0.969271 -0.00431524 -1.59605 -0.332593 0.0885771 0.938902 2.35842 0 0 0 1 
2318808360146;0.208847;0.0290521;0.984231 -0.176833 -0.00431664 1.82522 0.170949 0.957184 -0.233613 -0.585999 0.0454424 0.229191 0.97232 -2.71003 0 0 0 1 
2318808360147;0.522631;0.0326875;0.947582 0.256055 0.191111 -2.76571 -0.225348 0.959618 -0.168381 2.47772 -0.226509 0.116488 0.967018 -0.141925 0 0 0 1 
2318808360148;0.348601;0.0365516;0.959406 0.195021 0.203731 -1.97416 -0.225207 0.964606 0.137174 2.00669 -0.169768 -0.177487 0.969369 3.55435 0 0 0 1 
2318808360149;0.220362;0.0333678;0.986234 0.164355 -0.0181545 -1.61908 -0.164815 0.985937 -0.0276518 1.47735 0.0133545 0.0302633 0.999453 -0.725869 0 0 0 1 
2318808360150;0.310305;0.0223949;0.99766 0.0618041 0.0292446 -0.944162 -0.0633701 0.996415 0.0560553 0.473776 -0.0256753 -0.0577773 0.997999 0.235491 0 0 0 1 
2318808360151;0.0639999;0.0184512;0.999146 0.0230464 -0.0343077 -0.180933 -0.0216607 0.998956 0.0402272 0.119731 0.035199 -0.0394497 0.998601 0.180332 0 0 0 1 
2318808360152;0.508923;0.0333967;0.975548 0.219671 -0.00713515 -1.27405 -0.219719 0.975539 -0.00688338 1.95866 0.00544853 0.0082828 0.999951 0.422681 0 0 0 1 
2318808360153;0.520442;0.253586;0.996905 0.0775452 0.0129339 -1.006 -0.0774094 0.996942 -0.0106924 0.36262 -0.0137235 0.0096581 0.999859 0.761086 0 0 0 1 
2318808360155;0.242296;0.0549034;0.96767 -0.00279584 0.252203 0.212438 0.0491029 0.982894 -0.177505 -0.134594 -0.247393 0.18415 0.951255 0.0490355 0 0 0 1 
2318808360156;0.545461;0.0571519;0.959159 -0.241483 0.147309 2.43039 0.225793 0.967303 0.11551 -2.00484 -0.170387 -0.0775314 0.982322 1.15298 0 0 0 1 
2318808360157;0.417219;0.0574632;0.956257 -0.222455 -0.189964 2.55939 0.170111 0.951175 -0.257544 -0.106856 0.237981 0.213963 0.947409 -3.4725 0 0 0 1 
2318808360158;0.428586;0.0696994;0.904196 0.218509 -0.366993 -0.739513 -0.246569 0.968637 -0.0307677 2.19898 0.34876 0.118309 0.929715 -3.4629 0 0 0 1 
2318808360159;0.360686;0.0404756;0.947541 -0.171242 0.269892 1.84023 0.25844 0.907309 -0.331662 -0.635229 -0.188081 0.384015 0.903968 -2.16445 0 0 0 1 
2318808360160;0.334724;0.0547147;0.92357 0.0565473 0.379237 -0.564515 -0.0314536 0.996905 -0.0720465 0.276017 -0.382137 0.0546116 0.92249 2.42609 0 0 0 1 
2318808360161;0.319806;0.283994;0.996216 0.0497889 0.0712432 -0.72939 -0.0514553 0.998438 0.0217476 -0.00989847 -0.0700491 -0.0253312 0.997222 0.689652 0 0 0 1 
2318808360162;0.00881013;0.0310415;0.999922 -0.00685151 0.0104591 0.0275041 0.00684395 0.999976 0.000758532 -0.100194 -0.010464 -0.000686891 0.999945 0.0954983 0 0 0 1 
2318808360163;0.15049;0.0253758;0.996207 0.0870145 0.000312759 -0.881533 -0.0870104 0.996185 -0.00675106 0.45048 -0.000899006 0.00669824 0.999977 0.0946978 0 0 0 1 
2318808360164;0.34564;0.339729;0.999384 0.0254186 0.0242121 -0.417286 -0.0242192 0.998524 -0.0486061 0.179846 -0.0254118 0.0479897 0.998525 -0.202926 0 0 0 1 
2318808360165;0.629483;0.0315192;0.931042 -0.158509 0.328689 0.907835 0.199338 0.975386 -0.0942666 -1.84328 -0.305656 0.153286 0.939722 0.502322 0 0 0 1 
2318808360166;0.356263;0.0316261;0.997845 0.0587004 -0.0293136 -0.102598 -0.0603621 0.996405 -0.0594508 0.209451 0.0257184 0.0610921 0.997801 -0.289605 0 0 0 1 
2318808360167;0.348773;0.0464363;0.97591 -0.0434849 0.213795 0.223927 0.122244 0.920652 -0.370751 0.312345 -0.180709 0.387955 0.903789 -2.12771 0 0 0 1 
2318808360168;0.491205;0.0555532;0.969832 -0.121045 -0.211598 1.11382 0.148434 0.981772 0.118705 -0.784768 0.193373 -0.146532 0.970121 0.71278 0 0 0 1 
2318808360169;0.364685;0.0687414;0.999679 -0.0252294 -0.00240225 0.310079 0.0251838 0.999531 -0.0174394 0.160597 0.00284111 0.0173733 0.999845 -0.73884 0 0 0 1 
2318808360170;0.293853;0.0412773;0.998938 0.0207277 0.0411592 -0.486887 -0.0204068 0.999758 -0.00820285 0.0237187 -0.0413193 0.0073542 0.999119 -0.303797 0 0 0 1 
2318808360171;0.404455;0.0461769;0.995243 0.0468789 0.0854076 -0.929712 -0.0665429 0.96738 0.244435 -0.0449477 -0.0711628 -0.248955 0.965897 2.63128 0 0 0 1 
2318808360172;0.214721;0.0570893;0.988225 -0.0369137 0.148487 0.272324 0.0222386 0.994809 0.0993035 -0.282645 -0.151382 -0.0948321 0.983916 2.38747 0 0 0 1 
2318808360173;0.439959;0.0666065;0.99613 -0.067215 -0.0566299 1.04223 0.0485817 0.958026 -0.282535 0.74536 0.0732435 0.278691 0.957584 -3.43064 0 0 0 1 
2318808360174;0.284722;0.0467751;0.981355 -0.128202 0.143204 1.24985 0.158538 0.961145 -0.225978 -0.975068 -0.108669 0.244468 0.963549 -1.69545 0 0 0 1 
2318808360175;0.207536;0.037706;0.997753 -0.0488931 -0.0458172 0.44863 0.0474718 0.998372 -0.0316128 -0.758108 0.0472882 0.0293667 0.99845 -0.74532 0 0 0 1 
2318808360176;0.417626;0.0693735;0.968585 -0.176095 -0.175596 1.68869 0.218368 0.940113 0.261732 -1.40189 0.118991 -0.291855 0.949032 1.27987 0 0 0 1 
2318808360177;0.414555;0.0626763;0.958612 -0.066228 -0.276906 1.50104 0.033639 0.992103 -0.120829 0.0488143 0.282721 0.106513 0.95327 -2.58545 0 0 0 1 
2318808360178;0.192544;0.0567495;0.99478 -0.0995056 0.022617 0.822858 0.0993486 0.995021 0.00796399 -0.720426 -0.0232968 -0.00567546 0.999712 -0.0951439 0 0 0 1 
2318808360179;0.369856;0.0663666;0.951307 0.297225 0.0816841 -2.44927 -0.290995 0.953369 -0.0800635 2.64447 -0.101672 0.0523954 0.993437 0.759345 0 0 0 1 
2318808360180;0.269585;0.0420351;0.999789 0.00473379 0.0199761 -0.0826023 -0.00489172 0.999957 0.00786451 0.0255925 -0.0199381 -0.00796057 0.99977 0.739412 0 0 0 1 
2318808360181;0.159003;0.0211166;0.999051 -0.0435037 -0.00199843 0.273475 0.043514 0.999038 0.00540078 -0.352336 0.00176156 -0.00548262 0.999983 0.305719 0 0 0 1 
2318808360182;0.250033;0.0584097;0.989939 0.140214 -0.0190202 -1.6052 -0.135242 0.977111 0.164207 0.838544 0.0416089 -0.159983 0.986243 1.25718 0 0 0 1 
2318808360183;0.583654;0.458922;0.977814 -0.20947 -0.00111617 1.72007 0.208509 0.972791 0.101004 -1.96367 -0.0200716 -0.0989963 0.994885 0.244679 0 0 0 1 
2318808360184;0.254669;0.0635748;0.989386 0.145094 -0.00787423 -1.138 -0.144867 0.989153 0.0242909 1.13476 0.0113133 -0.0228924 0.999674 0.509475 0 0 0 1 
2318808360186;0.32371;0.00643933;0.926945 -0.00516547 -0.375161 0.423709 -0.0264032 0.996528 -0.0789578 0.172492 0.374266 0.083095 0.923591 -2.58391 0 0 0 1 
2318808360187;0.391738;0.0180013;0.924041 -0.349544 -0.154814 1.41154 0.380259 0.88211 0.278001 -1.78044 0.0393897 -0.315754 0.948023 0.447113 0 0 0 1 
2318808360188;0.250929;0.0175723;0.964261 -0.264895 0.00563469 0.981762 0.257696 0.942574 0.212479 -1.53276 -0.0615958 -0.203433 0.977149 0.839572 0 0 0 1 
2318808360189;0.35413;0.0199798;0.94529 0.244061 -0.216475 0.0502017 -0.194366 0.954271 0.227131 1.16707 0.26201 -0.172629 0.9495 -0.674218 0 0 0 1 
2318808360190;0.38404;0.0197423;0.970649 0.0905491 0.222802 -0.590044 -0.0800351 0.995229 -0.0557949 0.567097 -0.226791 0.0363253 0.973266 0.509055 0 0 0 1 
2318808360191;0.142007;0.0241875;0.993755 -0.0635524 0.0917214 0.304692 0.0609867 0.997672 0.0305125 -0.399936 -0.093447 -0.0247282 0.995317 0.422255 0 0 0 1 
2318808360192;0.308225;0.0144335;0.997736 -0.0491521 0.0459045 -0.570711 0.0506808 0.998178 -0.032754 -0.21361 -0.0442109 0.0350063 0.998409 0.178114 0 0 0 1 
2318808360193;0.19468;0.0224775;0.987897 0.084324 -0.130189 -0.121175 -0.0749611 0.994345 0.0752237 0.636413 0.135796 -0.0645541 0.988631 -0.662323 0 0 0 1 
2318808360194;0.35362;0.0180021;0.994358 -0.0345934 0.100275 -0.189455 0.0328712 0.999283 0.0187766 -0.852718 -0.100853 -0.0153745 0.994783 0.232395 0 0 0 1 
2318808360195;0.220312;0.0251951;0.99454 -0.103969 0.00894899 0.330405 0.102025 0.986781 0.125912 -0.632941 -0.0219217 -0.124312 0.992001 0.102128 0 0 0 1 
2318808360196;0.321597;0.0231776;0.995547 0.0438446 0.0834456 -0.453461 -0.0386154 0.997248 -0.0632813 0.598529 -0.0859906 0.0597773 0.994501 0.894291 0 0 0 1 
2318808360197;0.117422;0.0223337;0.999743 -0.00804653 0.0212025 0.163158 0.00753808 0.999685 0.0239525 -0.0869986 -0.0213886 -0.0237865 0.999488 0.408743 0 0 0 1 
2318808360198;0.145591;0.0167736;0.996119 -0.071788 -0.0509265 0.1296 0.0713426 0.997396 -0.0105139 -0.458662 0.0515487 0.00683992 0.998647 -0.550882 0 0 0 1 
2318808360199;0.334769;0.0198054;0.999988 -0.00486331 -0.000720692 -0.226058 0.00485963 0.999976 -0.00502284 -0.0532863 0.000745102 0.00501928 0.999987 0.721011 0 0 0 1 
2318808360200;0.307694;0.0225575;0.968164 0.248701 -0.0283865 -0.321084 -0.246729 0.967265 0.0593617 1.88906 0.0422206 -0.0504681 0.997833 0.05235 0 0 0 1 
2318808360201;0.28708;0.0203297;0.994861 -0.101144 0.00468698 0.852518 0.101177 0.994841 -0.00739341 -0.507042 -0.003915 0.00782963 0.999962 0.326963 0 0 0 1 
2318808360202;0.140274;0.0157597;0.990845 0.134934 -0.00429041 -0.272508 -0.134993 0.990647 -0.0198956 0.883123 0.0015657 0.0202926 0.999793 0.0965856 0 0 0 1 
2318808360203;0.354364;0.0150392;0.994058 0.0912386 -0.0593574 -0.211792 -0.0800674 0.982345 0.169079 -0.22885 0.073736 -0.163322 0.983813 0.561091 0 0 0 1 
2318808360204;0.41534;0.0184246;0.906405 -0.0715041 0.416314 -0.0172517 0.0162356 0.990738 0.134816 -0.365268 -0.422098 -0.115439 0.89917 2.65242 0 0 0 1 
2318808360205;0.260883;0.0141664;0.989109 -0.131851 -0.0654133 0.31512 0.128472 0.990273 -0.0534281 -1.0889 0.0718215 0.0444424 0.996427 -0.219489 0 0 0 1 
2318808360206;0.381649;0.0226049;0.904045 -0.308136 0.296236 0.92251 0.338729 0.939166 -0.0568311 -1.73712 -0.260703 0.151722 0.953423 1.18438 0 0 0 1 
2318808360207;0.376035;0.0178201;0.904918 0.299026 0.302831 -0.778971 -0.280813 0.954209 -0.103095 1.94549 -0.319793 0.00825333 0.947452 1.96521 0 0 0 1 
2318808360208;0.370049;0.0114168;0.994095 0.00906149 0.10813 -0.369595 -0.019025 0.995626 0.0914716 -0.0287169 -0.106828 -0.0929887 0.98992 1.66171 0 0 0 1 
2318808360209;0.193142;0.012245;0.973954 0.19997 -0.106895 -0.212721 -0.19934 0.979789 0.016654 1.18025 0.108065 0.00508824 0.994131 -0.576551 0 0 0 1 
2318808360210;0.416709;0.0220585;0.949065 -0.282282 0.139976 0.979444 0.203229 0.887917 0.412676 -1.62938 -0.240778 -0.363209 0.900059 2.62192 0 0 0 1 
2318808360211;0.229662;0.025645;0.980044 -0.190475 -0.0568671 0.745036 0.198186 0.95842 0.205311 -1.38959 0.0153959 -0.212484 0.977043 0.506733 0 0 0 1 
2318808360212;0.235303;0.015479;0.958906 0.283253 0.0163604 -0.696725 -0.282503 0.958533 -0.0375018 1.49683 -0.0263045 0.0313389 0.999163 0.0641337 0 0 0 1 
2318808360213;0.418371;0.0157691;0.97087 0.239208 0.0138172 -0.829222 -0.239406 0.970802 0.0151094 1.32246 -0.00979944 -0.0179772 0.99979 0.88297 0 0 0 1 
2318808360214;0.104638;0.0184562;0.993811 0.111086 0.000534258 -0.255044 -0.111035 0.993181 0.0355244 0.551855 0.00341567 -0.0353639 0.999369 0.0158607 0 0 0 1 
2318808360215;0.379457;0.0220615;0.923009 -0.00655363 -0.384723 1.03707 -0.0893307 0.968887 -0.230822 0.903877 0.374266 0.247419 0.893705 -2.54783 0 0 0 1 
2318808360217;0.475077;0.0173568;0.877711 0.229735 -0.42053 0.00175355 -0.272869 0.961021 -0.0445153 1.88801 0.393911 0.153821 0.906186 -2.91777 0 0 0 1 
2318808360218;0.538469;0.0380707;0.945297 -0.324104 -0.0370014 2.58615 0.325812 0.932455 0.156124 -1.75556 -0.0160982 -0.159639 0.987044 1.81727 0 0 0 1 
2318808360219;0.26223;0.0259324;0.978627 -0.0574856 -0.197447 0.485671 0.0683524 0.996474 0.0486639 -0.231645 0.193953 -0.0611197 0.979105 -1.12155 0 0 0 1 
2318808360220;0.178884;0.0339672;0.99478 0.0736231 0.0706535 -0.542265 -0.0657404 0.991969 -0.108057 0.624737 -0.0780415 0.102848 0.991631 0.0497301 0 0 0 1 
2318808360221;0.32248;0.0278791;0.926581 -0.304113 0.221276 1.92867 0.295777 0.952636 0.0707176 -1.69882 -0.232301 -7.73927e-05 0.972644 1.39069 0 0 0 1 
2318808360222;0.547442;0.350689;0.99538 0.0925139 -0.0256833 -0.629908 -0.0948959 0.988632 -0.116623 0.566088 0.0146021 0.118521 0.992844 -0.435446 0 0 0 1 
2318808360223;0.279763;0.0387588;0.941509 0.330737 0.0646117 -1.6123 -0.332696 0.942776 0.0220739 2.32861 -0.0536137 -0.0422789 0.997666 0.389331 0 0 0 1 
2318808360224;0.19078;0.0335211;0.987799 -0.153695 0.0251102 0.932993 0.155133 0.985258 -0.0721202 -0.661875 -0.0136556 0.0751357 0.99708 -0.511506 0 0 0 1 
2318808360225;0.382191;0.0398742;0.941925 0.335822 -0.000852152 -1.59512 -0.329883 0.924786 -0.189601 2.68235 -0.0628841 0.178871 0.981861 -1.06679 0 0 0 1 
2318808360226;0.232462;0.037007;0.980508 -0.194946 -0.0245137 1.26208 0.196306 0.966721 0.164056 -1.06647 -0.00828421 -0.165671 0.986146 1.21902 0 0 0 1 
2318808360227;0.121258;0.0247862;0.999996 -0.00126723 0.00245691 0.0215043 0.00124377 0.999954 0.00952763 -0.0523221 -0.00246887 -0.00952453 0.999952 -0.171168 0 0 0 1 
2318808360228;0.342472;0.295817;0.998885 0.0471687 0.00215871 -0.308895 -0.0467494 0.994362 -0.0951803 0.415285 -0.00663607 0.0949732 0.995458 -0.538791 0 0 0 1 
2318808360229;0.411101;0.0466189;0.985782 -0.00357276 0.167992 -0.401054 0.0218505 0.99401 -0.10708 -0.0592016 -0.166603 0.109228 0.979955 0.964896 0 0 0 1 
2318808360230;0.270984;0.032978;0.940605 -0.33841 -0.0272081 2.43025 0.336325 0.939744 -0.0613791 -1.67492 0.0463399 0.0485828 0.997744 -0.702896 0 0 0 1 
2318808360231;0.448163;0.0295859;0.994853 -0.0315983 -0.0962727 -0.314739 -0.0118951 0.907141 -0.420659 0.968721 0.100625 0.419639 0.902096 -3.09475 0 0 0 1 
2318808360232;0.480703;0.0298059;0.993216 -0.10368 -0.0526597 0.951315 0.101246 0.993753 -0.0469572 -0.416455 0.0571992 0.041307 0.997508 -1.48004 0 0 0 1 
2318808360233;0.538633;0.0288391;0.979313 0.177136 0.0978221 -1.27665 -0.126702 0.91371 -0.38611 2.29057 -0.157775 0.365728 0.917251 -1.17055 0 0 0 1 
2318808360234;0.46577;0.0481303;0.998295 -0.0563656 0.0151905 0.365984 0.056318 0.998407 0.00354077 0.451836 -0.0153659 -0.00267923 0.999878 0.22207 0 0 0 1 
2318808360235;0.501727;0.0234779;0.998576 0.0373284 -0.0381218 -0.16755 -0.0364321 0.999049 0.0239415 0.132971 0.0389793 -0.0225185 0.998986 -1.09477 0 0 0 1 
2318808360236;0.219286;0.0269232;0.974553 0.191202 -0.117 -0.773242 -0.191705 0.981427 0.00703886 1.32876 0.116173 0.0155698 0.993107 -1.06215 0 0 0 1 
2318808360237;0.1427;0.0378648;0.998174 -0.0569563 -0.0200956 0.292331 0.0559792 0.997361 -0.0462271 -0.255093 0.0226755 0.0450177 0.998729 -0.625897 0 0 0 1 
2318808360238;0.478527;0.0192353;0.901901 -0.149995 -0.405063 2.15766 0.0538279 0.969489 -0.239151 0.285192 0.428575 0.193887 0.882457 -4.09033 0 0 0 1 
2318808360239;0.07712;0.0250303;0.998777 0.0237793 -0.0433464 -0.0973956 -0.024991 0.999306 -0.0276297 0.149907 0.0426593 0.0286792 0.998678 -0.569643 0 0 0 1 
2318808360240;0.277432;0.0390749;0.968026 0.0337374 0.248571 -0.367039 -0.063796 0.991444 0.11388 0.133597 -0.242602 -0.126097 0.961896 2.46454 0 0 0 1 
2318808360241;0.414755;0.0222571;0.903695 0.20272 -0.377146 0.0458482 -0.159567 0.976818 0.142705 0.897363 0.397333 -0.0687821 0.915093 -1.93757 0 0 0 1 
2318808360242;0.207147;0.0365893;0.987496 -0.154444 -0.0316008 1.15147 0.15529 0.987518 0.0263296 -1.24233 0.0271399 -0.0309077 0.999154 0.0548666 0 0 0 1 
2318808360243;0.526989;0.514617;0.999532 -0.0267194 -0.0148724 0.22852 0.0277085 0.997103 0.0708365 -0.400677 0.0129366 -0.0712154 0.997377 0.203137 0 0 0 1 
2318808360244;0.293823;0.0383916;0.997 0.0659437 0.0405166 -0.344104 -0.0697914 0.992299 0.102331 0.300449 -0.0334565 -0.104852 0.993925 1.33355 0 0 0 1 
2318808360245;0.161157;0.0185247;0.999241 -0.0388183 0.00328948 0.250556 0.0388855 0.998963 -0.0236878 -0.34516 -0.00236655 0.0237977 0.999714 -0.402067 0 0 0 1 
2318808360246;0.48133;0.0412206;0.951394 -0.0041352 0.307948 0.06434 -0.0563739 0.980677 0.187334 -0.283697 -0.302772 -0.195589 0.932778 2.55459 0 0 0 1 
2318808360248;0.277285;0.0244593;0.99984 -0.0177022 -0.00262359 0.0483291 0.0177615 0.999538 0.0246545 0.211341 0.00218594 -0.0246972 0.999693 0.570248 0 0 0 1 
2318808360249;0.346523;0.0240852;0.92636 0.342684 0.156286 0.0373998 -0.365783 0.917458 0.156439 1.67611 -0.0897763 -0.202086 0.975244 0.838157 0 0 0 1 
2318808360250;0.347649;0.0185699;0.961711 -0.192295 0.195278 0.0408585 0.201875 0.978945 -0.0302064 -1.65563 -0.185358 0.0684716 0.980283 1.21466 0 0 0 1 
2318808360251;0.136295;0.027109;0.997955 0.0195725 -0.0608448 0.00412676 -0.0112589 0.990905 0.13409 -0.102211 0.0629159 -0.133131 0.989099 -0.492247 0 0 0 1 
2318808360252;0.263745;0.208931;0.997498 -0.0673798 -0.0214139 0.108328 0.0673472 0.997727 -0.00223961 -0.436359 0.0215161 0.000791841 0.999768 -0.144878 0 0 0 1 
2318808360253;0.38952;0.0179373;0.943259 -0.325876 0.0637742 -0.317924 0.325982 0.945333 0.0090263 -1.85106 -0.0632293 0.0122751 0.997924 0.336992 0 0 0 1 
2318808360254;0.304973;0.0170944;0.994171 -0.107082 0.0125802 0.63551 0.106791 0.994039 0.0219418 -0.452763 -0.0148548 -0.0204705 0.99968 -0.391974 0 0 0 1 
2318808360255;0.467336;0.187986;0.9779 -0.202804 -0.0508113 0.119256 0.199974 0.978216 -0.0557146 -1.02714 0.0610036 0.0443224 0.997153 0.306637 0 0 0 1 
2318808360256;0.501332;0.019254;0.991248 0.131977 0.00312317 -0.212372 -0.119417 0.886326 0.4474 -0.526066 0.0562783 -0.443857 0.894329 0.423255 0 0 0 1 
2318808360257;0.448145;0.0301588;0.885589 0.421589 0.194925 0.784459 -0.439124 0.896702 0.0556324 1.85765 -0.151336 -0.134864 0.979239 0.71054 0 0 0 1 
2318808360258;0.160463;0.0216581;0.987136 -0.124106 -0.1008 0.320024 0.126984 0.991647 0.0226232 -0.676733 0.0971503 -0.0351321 0.994649 -0.690872 0 0 0 1 
2318808360259;0.461634;0.023622;0.895785 0.411696 -0.167554 0.148022 -0.3742 0.90194 0.215589 2.38958 0.239881 -0.130423 0.962001 -1.09544 0 0 0 1 
2318808360260;0.337574;0.0253197;0.935708 0.32915 -0.126931 0.338541 -0.347678 0.921374 -0.173755 2.26378 0.0597597 0.206715 0.976575 -0.501447 0 0 0 1 
