#;prob_registration_l1 -r /home/probabilistic_point_clouds_registration/build/tester /home/point_clouds_registration_benchmark//devel/registration_pairs/wood_autumn_local.txt /home/point_clouds_registration_benchmark//eth/wood_autumn -s 0.2 -t 0.2 -p 0.3 -r 1000 -m 20 -i 40 
id;initial_error;final_error;transformation
26875431820000;0.498992;0.444288;0.986528 0.145113 -0.0755249 0.500308 -0.140769 0.988223 0.0599948 0.426449 0.0833415 -0.048555 0.995337 -0.711285 0 0 0 1 
26875431820001;0.336145;0.0260438;0.909363 0.323379 -0.261697 0.717249 -0.289627 0.943716 0.159736 0.853394 0.298623 -0.0694631 0.95184 -0.797596 0 0 0 1 
26875431820002;0.60541;0.0218053;0.889567 0.385402 -0.245227 0.94226 -0.383434 0.921762 0.0577375 0.993401 0.248293 0.0426669 0.967745 -1.42104 0 0 0 1 
26875431820003;0.366204;0.0235759;0.99323 0.101747 -0.0560514 -0.144908 -0.0990181 0.993854 0.0494909 -0.124939 0.0607425 -0.0436057 0.997201 -0.539303 0 0 0 1 
26875431820004;0.698046;0.0212755;0.955403 -0.295253 -0.00560781 0.872322 0.29525 0.95468 0.0375999 -1.2621 -0.00574781 -0.0375788 0.999277 0.397778 0 0 0 1 
26875431820005;0.325213;0.0211472;0.921601 -0.242694 0.302903 -0.358117 0.272828 0.960139 -0.0608086 -0.72449 -0.276072 0.138682 0.951079 0.960264 0 0 0 1 
26875431820006;0.554876;0.0251682;0.999995 -0.00311294 -0.0007671 -0.265803 0.00311427 0.999994 0.001731 0.678912 0.000761707 -0.00173338 0.999998 0.543942 0 0 0 1 
26875431820007;0.383756;0.0161101;0.987044 -0.0476894 -0.1532 0.226336 0.10934 0.898705 0.424705 -0.851952 0.117427 -0.435953 0.892276 -0.418527 0 0 0 1 
26875431820008;0.203498;0.0257136;0.965709 0.051437 -0.25448 0.12488 -0.027467 0.994918 0.0968659 0.0837017 0.258169 -0.0865545 0.962215 -0.984765 0 0 0 1 
26875431820009;0.180609;0.0282192;0.978426 -0.155995 -0.135452 0.115607 0.153282 0.987718 -0.0302982 -0.362866 0.138515 0.00888221 0.990321 -0.385696 0 0 0 1 
26875431820010;0.462102;0.0223346;0.959196 -0.140689 -0.245255 0.740328 0.14833 0.988854 0.0128716 -0.748138 0.24071 -0.048725 0.969373 -0.944624 0 0 0 1 
26875431820011;0.575398;0.0282914;0.911139 0.0508021 0.408956 0.100642 -0.140126 0.971434 0.19152 0.315265 -0.387544 -0.231807 0.89223 1.85509 0 0 0 1 
26875431820012;0.688058;0.0124376;0.943527 0.318413 -0.0914831 0.335192 -0.267035 0.894383 0.358847 -0.414665 0.196082 -0.314153 0.928902 -0.71398 0 0 0 1 
26875431820013;0.421251;0.0182213;0.940349 -0.340177 -0.00480144 -0.258918 0.340203 0.940328 0.00665109 -0.82426 0.00225239 -0.00788782 0.999966 -0.364818 0 0 0 1 
26875431820014;0.330264;0.0252023;0.951923 -0.298868 0.0672381 -0.419816 0.299244 0.954165 0.00464049 -1.14017 -0.0655432 0.0157032 0.997726 0.185776 0 0 0 1 
26875431820015;0.226693;0.0206231;0.980879 0.19251 0.0285672 0.0713472 -0.183286 0.963118 -0.197003 0.803261 -0.0654386 0.188 0.979987 0.3152 0 0 0 1 
26875431820016;0.538469;0.0224478;0.903157 -0.0174439 0.428957 0.325809 -0.0382047 0.991944 0.120777 0.418571 -0.427608 -0.125469 0.895214 0.819343 0 0 0 1 
26875431820017;0.524419;0.0174527;0.981836 -0.162148 -0.0985147 0.00137055 0.144093 0.975062 -0.168795 -0.429826 0.123428 0.151534 0.980716 0.510977 0 0 0 1 
26875431820018;0.579586;0.0279772;0.979044 0.0388035 -0.199916 0.402065 -0.0610929 0.992428 -0.10656 -0.0672762 0.194267 0.11654 0.974001 0.33789 0 0 0 1 
26875431820019;0.351798;0.0238138;0.978314 0.0923305 -0.185411 0.269067 -0.094895 0.995475 -0.00498587 0.573698 0.184112 0.0224724 0.982648 -0.964992 0 0 0 1 
26875431820020;0.0809749;0.0230863;0.994719 -0.102485 0.0056298 -0.0827756 0.102571 0.994562 -0.018066 -0.325633 -0.00374769 0.018548 0.999821 -0.00806025 0 0 0 1 
26875431820021;0.644904;0.027039;0.946067 0.0877183 -0.311871 1.18337 -0.00522285 0.966652 0.256042 0.0807828 0.32393 -0.240604 0.914975 -0.653561 0 0 0 1 
26875431820022;0.0317767;0.0190605;0.999586 0.0281213 0.0061515 -0.00477472 -0.028109 0.999603 -0.00207799 0.0936736 -0.00620749 0.00190421 0.999979 0.0441035 0 0 0 1 
26875431820023;0.284901;0.024087;0.997267 -0.0737037 -0.005214 0.388213 0.0738151 0.996932 0.0260444 -0.329304 0.00327843 -0.0263581 0.999647 -0.0497075 0 0 0 1 
26875431820024;0.398113;0.0277823;0.996918 0.0017864 -0.0784248 0.365958 -0.00284238 0.999907 -0.0133553 0.415862 0.0783936 0.013537 0.996831 -0.578786 0 0 0 1 
26875431820025;0.5828;0.0224386;0.895342 -0.430206 -0.115266 0.194026 0.42287 0.902364 -0.0831848 -1.27233 0.139799 0.0257362 0.989845 0.286348 0 0 0 1 
26875431820026;0.630426;0.0186116;0.980815 0.194818 0.00688243 -0.26378 -0.194857 0.980816 0.00556436 0.512424 -0.00566636 -0.0067987 0.999961 0.917112 0 0 0 1 
26875431820027;0.464713;0.0217047;0.994423 0.105467 -0.000261116 0.236619 -0.105335 0.993299 0.0475594 0.440726 0.00527531 -0.0472667 0.998868 0.652545 0 0 0 1 
26875431820028;0.337162;0.0151775;0.999885 -0.0139378 -0.00604108 -0.424965 0.0142138 0.99873 0.0483356 -0.374179 0.00535972 -0.0484159 0.998813 0.210164 0 0 0 1 
26875431820029;0.206492;0.0206787;0.99969 0.00998719 0.0228023 -0.302624 -0.00864932 0.998277 -0.0580354 -0.089751 -0.0233426 0.0578202 0.998054 0.226844 0 0 0 1 
26875431820031;0.22611;0.0147722;0.971813 0.0937327 0.216318 -0.203529 -0.114141 0.98992 0.0838406 0.349005 -0.206279 -0.106168 0.972717 0.915622 0 0 0 1 
26875431820032;0.537519;0.318934;0.96271 -0.206133 -0.175211 0.650184 0.207694 0.978147 -0.00958033 -0.925009 0.173357 -0.0271672 0.984484 -0.842206 0 0 0 1 
26875431820033;0.515263;0.0243293;0.997604 0.0307221 -0.0619833 -0.155613 -0.0138012 0.966353 0.256848 -0.68028 0.0677887 -0.255378 0.964462 -1.0068 0 0 0 1 
26875431820034;0.18246;0.0193305;0.995584 0.0192375 -0.0918819 -0.23101 -0.0185094 0.99979 0.00876937 0.0571766 0.0920313 -0.00702996 0.995731 -0.249412 0 0 0 1 
26875431820035;0.31218;0.0166601;0.939318 0.194988 0.282243 0.0401205 -0.232429 0.966866 0.105576 0.836244 -0.252306 -0.164771 0.953516 1.45384 0 0 0 1 
26875431820036;0.352511;0.015933;0.960147 -0.265201 0.0882401 -0.0311857 0.279457 0.916179 -0.287263 -0.883376 -0.00466124 0.300474 0.953779 -0.218863 0 0 0 1 
26875431820037;0.447509;0.0141296;0.997097 -0.0760653 0.00338637 0.289212 0.0760668 0.997103 -0.000310658 -0.763565 -0.00335293 0.000567346 0.999994 -0.767131 0 0 0 1 
26875431820038;0.350569;0.0195497;0.986339 -0.159532 -0.0410523 0.189255 0.137112 0.933199 -0.332174 -0.0547564 0.0913025 0.322008 0.942324 -0.850216 0 0 0 1 
26875431820039;0.337073;0.0184469;0.970963 -0.213357 0.108207 0.0379965 0.177221 0.945338 0.273732 -1.17813 -0.160695 -0.246607 0.9557 1.26348 0 0 0 1 
26875431820040;0.229197;0.0192173;0.98394 -0.177076 -0.0224805 0.194745 0.167549 0.959667 -0.225758 -0.452516 0.0615501 0.218366 0.973924 -0.350051 0 0 0 1 
26875431820041;0.10838;0.0168557;0.99779 0.064961 0.0139784 -0.0789276 -0.064936 0.997887 -0.00223621 0.170997 -0.0140941 0.00132357 0.9999 0.196168 0 0 0 1 
26875431820042;0.455772;0.0185748;0.888023 -0.45079 0.0905759 0.679754 0.459497 0.877194 -0.139256 -2.48922 -0.0166775 0.165282 0.986105 0.278913 0 0 0 1 
26875431820043;0.274946;0.0194348;0.9777 0.107597 0.180346 -0.189742 -0.128682 0.985613 0.109582 0.268588 -0.16596 -0.130346 0.97748 1.11643 0 0 0 1 
26875431820044;0.287192;0.0197035;0.998955 0.00545149 0.045378 0.0353013 -0.00480201 0.999885 -0.0144093 0.592775 -0.0454513 0.0141764 0.998866 0.296306 0 0 0 1 
26875431820045;0.572084;0.017824;0.986967 0.0646384 -0.147368 0.674766 -0.00591923 0.929743 0.36816 -0.88264 0.160812 -0.36249 0.918009 -1.12274 0 0 0 1 
26875431820046;0.148614;0.0181643;0.998051 -0.0606993 -0.0145173 0.00541676 0.0623615 0.97918 0.193176 -0.545297 0.00248942 -0.193704 0.981057 0.0620948 0 0 0 1 
26875431820047;0.191966;0.017452;0.988881 0.147582 0.0182832 -0.109346 -0.142299 0.97478 -0.171913 0.867037 -0.0431933 0.1674 0.984942 0.331301 0 0 0 1 
26875431820048;0.552949;0.0127217;0.905067 0.412129 0.104901 -0.0628129 -0.394042 0.905472 -0.157641 2.03128 -0.159954 0.10134 0.981909 -0.0322783 0 0 0 1 
26875431820049;0.452544;0.018454;0.895427 0.402669 0.189913 0.0418053 -0.402349 0.914522 -0.0419956 1.57428 -0.19059 -0.0388076 0.980902 1.25428 0 0 0 1 
26875431820050;0.381287;0.0194067;0.956002 0.232885 0.178393 -0.128772 -0.240525 0.97039 0.022156 0.871099 -0.167951 -0.0640891 0.98371 1.33045 0 0 0 1 
26875431820051;0.357531;0.0249;0.975579 -0.068427 -0.208719 0.667486 0.059652 0.997062 -0.0480582 -0.0739306 0.211394 0.034434 0.976794 -0.587975 0 0 0 1 
26875431820052;0.469273;0.0196696;0.965199 0.149903 -0.214289 0.482625 -0.206641 0.939378 -0.273621 1.88507 0.160282 0.308379 0.937663 -1.01709 0 0 0 1 
26875431820053;0.393672;0.0177416;0.992638 0.0275597 0.117946 0.662151 -0.0462023 0.986297 0.158379 -0.0549224 -0.111965 -0.162662 0.980309 0.551833 0 0 0 1 
26875431820054;0.384531;0.0223567;0.93763 0.216973 -0.271612 0.643614 -0.144949 0.954164 0.261841 0.366278 0.315975 -0.20614 0.926103 -1.36382 0 0 0 1 
26875431820055;0.28566;0.021631;0.98158 -0.184366 -0.0501034 0.427525 0.186278 0.981816 0.0365873 -1.10422 0.0424468 -0.0452465 0.998074 0.108922 0 0 0 1 
26875431820056;0.596591;0.0139849;0.920717 -0.28251 0.269201 -0.0525041 0.327391 0.934622 -0.138909 -1.29493 -0.212358 0.21603 0.953014 0.0703815 0 0 0 1 
26875431820057;0.446113;0.32788;0.979113 -0.173567 0.105885 0.303961 0.175243 0.984503 -0.00665811 -0.984443 -0.103088 0.0250746 0.994356 0.56001 0 0 0 1 
26875431820058;0.224686;0.0225452;0.999781 -0.00940999 -0.0186996 -0.145914 0.0108837 0.996708 0.0803401 -0.174255 0.017882 -0.080526 0.996592 0.350439 0 0 0 1 
26875431820059;0.444316;0.0182689;0.953762 -0.165333 0.251003 -0.518488 0.169005 0.98559 0.00701312 -0.606607 -0.248546 0.0357319 0.967961 0.786704 0 0 0 1 
26875431820060;0.410765;0.0134885;0.985377 0.0926624 0.142989 0.286163 -0.13886 0.923045 0.358755 0.362321 -0.098742 -0.373364 0.922415 1.1853 0 0 0 1 
26875431820062;0.368904;0.0297833;0.954994 0.178108 0.2372 0.471478 -0.22706 0.953497 0.198209 0.4697 -0.190867 -0.243147 0.951025 0.390303 0 0 0 1 
26875431820063;0.231158;0.0179852;0.956943 -0.0698936 -0.281736 0.439793 0.109946 0.985537 0.128949 -0.592314 0.268648 -0.154373 0.950788 -1.10017 0 0 0 1 
26875431820064;0.204838;0.0236748;0.997837 -0.00771324 0.0652891 0.0958435 -0.00109707 0.991002 0.133844 0.26194 -0.065734 -0.133626 0.988849 0.119387 0 0 0 1 
26875431820065;0.171053;0.0288574;0.998464 0.0518221 0.01959 -0.051312 -0.0511343 0.998109 -0.0341163 -0.047865 -0.0213209 0.0330622 0.999226 0.0244706 0 0 0 1 
26875431820066;0.341828;0.0202837;0.88607 0.459002 -0.0647878 0.906752 -0.456381 0.888289 0.0515657 1.85478 0.0812191 -0.0161228 0.996566 -0.302881 0 0 0 1 
26875431820067;0.359104;0.0269611;0.999741 0.00872693 -0.0210328 -0.180945 -0.00864693 0.999955 0.00389193 0.327633 0.0210658 -0.00370906 0.999771 0.603391 0 0 0 1 
26875431820068;0.231956;0.0232291;0.999737 -0.0228001 0.00225903 0.0670236 0.0227879 0.999726 0.0052838 -0.13435 -0.00237888 -0.00523094 0.999983 0.542428 0 0 0 1 
26875431820069;0.168442;0.0228055;0.984402 -0.155013 0.0832115 0.0954589 0.1577 0.987126 -0.0267169 -0.767848 -0.0779987 0.0394227 0.996174 0.504984 0 0 0 1 
26875431820070;0.120851;0.0212633;0.987689 0.132736 -0.082769 0.266185 -0.1276 0.989723 0.0645479 0.480927 0.0904862 -0.053192 0.994476 -0.400534 0 0 0 1 
26875431820071;0.559761;0.0245476;0.939762 -0.341437 0.0163561 1.02794 0.341322 0.939899 0.00946407 -1.31382 -0.0186044 -0.00331129 0.999821 0.438723 0 0 0 1 
26875431820072;0.11141;0.0267897;0.998593 -0.0528716 0.00403869 -0.13256 0.0530113 0.997193 -0.0528845 -0.311927 -0.00123127 0.0530242 0.998592 0.0354756 0 0 0 1 
26875431820073;0.298534;0.0174246;0.952859 -0.303404 -0.00243866 0.268576 0.303414 0.952832 0.00717329 -1.53399 0.000147233 -0.00757506 0.999971 0.180863 0 0 0 1 
26875431820074;0.511902;0.0267723;0.944447 -0.2383 -0.226345 0.866379 0.187086 0.956021 -0.225881 -0.706749 0.270218 0.170987 0.947494 -1.65318 0 0 0 1 
26875431820075;0.368729;0.0290393;0.938067 -0.238072 0.251697 -0.170353 0.158842 0.941183 0.298234 -1.17259 -0.307894 -0.239783 0.920709 1.50981 0 0 0 1 
26875431820076;0.104083;0.0235288;0.999217 -0.0318747 -0.0234308 0.0167682 0.0299042 0.996337 -0.080116 0.0556319 0.0258987 0.0793526 0.99651 0.0228995 0 0 0 1 
26875431820077;0.334061;0.0204934;0.95874 0.279377 -0.0525916 0.485732 -0.274993 0.958308 0.0776201 1.2709 0.0720842 -0.0599552 0.995595 -0.772311 0 0 0 1 
26875431820078;0.46154;0.0236348;0.965564 0.258788 0.026728 -0.208684 -0.251695 0.955187 -0.15578 1.53146 -0.0658442 0.143688 0.98743 -0.0770998 0 0 0 1 
26875431820079;0.388175;0.0267373;0.884612 -0.215282 0.41366 -0.213032 0.133519 0.966851 0.21765 -0.947332 -0.446804 -0.137304 0.884033 1.77351 0 0 0 1 
26875431820080;0.446652;0.022854;0.969536 0.244278 0.0181127 0.249475 -0.243826 0.969521 -0.0240241 1.19023 -0.0234292 0.0188759 0.999547 -0.680429 0 0 0 1 
26875431820081;0.390076;0.0206844;0.919165 0.393842 -0.00499464 0.715209 -0.384385 0.894184 -0.229529 1.99175 -0.0859318 0.212895 0.973289 0.718428 0 0 0 1 
26875431820082;0.269988;0.0213115;0.99193 0.124828 -0.0221927 -0.0916863 -0.120066 0.981086 0.151834 0.0564371 0.040726 -0.147944 0.988157 -0.329644 0 0 0 1 
26875431820083;0.397996;0.0193138;0.917697 -0.329425 0.22206 0.44423 0.327467 0.943709 0.0466793 -1.56413 -0.224937 0.0298798 0.973915 1.41263 0 0 0 1 
26875431820084;0.431462;0.0166091;0.984786 0.091852 -0.147515 0.407929 -0.135404 0.937662 -0.320088 0.955768 0.108918 0.335192 0.935833 0.47392 0 0 0 1 
26875431820085;0.0561572;0.0204444;0.999174 -0.0404659 0.00383907 -0.0690723 0.0404774 0.999176 -0.00298362 -0.161247 -0.00371518 0.00313655 0.999988 0.0992429 0 0 0 1 
26875431820086;0.263745;0.0280889;0.974513 0.219939 0.0441728 0.370103 -0.221675 0.974332 0.0392131 0.583665 -0.0344144 -0.0480057 0.998254 -0.0387187 0 0 0 1 
26875431820087;0.254275;0.0230896;0.972772 -0.0864396 -0.215041 0.347765 0.125398 0.976605 0.174692 -0.785597 0.19491 -0.196901 0.960854 -1.1388 0 0 0 1 
26875431820088;0.2679;0.0227292;0.967631 0.251939 -0.0147005 0.490204 -0.252265 0.967257 -0.0278721 1.26665 0.00719713 0.0306784 0.999503 -0.255935 0 0 0 1 
26875431820089;0.093436;0.0217448;0.999412 0.0306342 -0.0154242 0.0854304 -0.0312895 0.998532 -0.0442086 0.321208 0.0140473 0.0446652 0.998903 0.051199 0 0 0 1 
26875431820090;0.279476;0.0261126;0.999306 0.0370163 0.00419872 0.225267 -0.036898 0.998996 -0.0254174 -0.245217 -0.00513536 0.0252448 0.999668 0.45651 0 0 0 1 
26875431820091;0.394578;0.0217067;0.993244 0.11559 0.0103054 0.259683 -0.115646 0.993278 0.00500326 0.471928 -0.00965779 -0.00616123 0.999934 -0.745822 0 0 0 1 
26875431820093;0.345934;0.0203221;0.93367 -0.312491 -0.174959 2.61962 0.305424 0.94988 -0.066665 -1.14746 0.187022 0.00880651 0.982316 -0.619236 0 0 0 1 
26875431820094;0.529735;0.0155575;0.939716 0.281835 0.193655 -2.53987 -0.268489 0.958824 -0.0925731 1.89144 -0.211771 0.0349984 0.976692 0.631542 0 0 0 1 
26875431820095;0.39088;0.0230516;0.962221 -0.0131765 -0.271952 0.33976 0.00774505 0.999749 -0.0210359 -0.165291 0.27216 0.0181349 0.962081 -0.782899 0 0 0 1 
26875431820096;0.29099;0.0148984;0.969932 0.157477 -0.185559 -0.485916 -0.194963 0.959123 -0.205117 1.23182 0.145673 0.235127 0.960986 -2.27862 0 0 0 1 
26875431820097;0.411668;0.0318772;0.959501 0.279729 0.033299 -1.79674 -0.279458 0.960075 -0.0126306 2.36389 -0.0355027 0.00281343 0.999366 0.139767 0 0 0 1 
26875431820098;0.305728;0.0231368;0.963418 -0.200698 0.177613 0.986842 0.209807 0.977155 -0.0338885 -0.916705 -0.166754 0.0699132 0.983517 0.212183 0 0 0 1 
26875431820099;0.324227;0.304296;0.998429 -0.055964 -0.00286804 0.468012 0.0559932 0.998367 0.0113451 -0.1665 0.00222844 -0.0114879 0.999932 0.0612825 0 0 0 1 
26875431820100;0.476247;0.0350744;0.972594 -0.231886 -0.0170404 1.93798 0.232191 0.972488 0.0188124 -0.531059 0.0122093 -0.0222535 0.999678 -0.518158 0 0 0 1 
26875431820101;0.325622;0.0203717;0.954291 0.253306 0.158637 -1.76648 -0.190426 0.924391 -0.330515 1.77249 -0.230364 0.285198 0.930373 -0.686435 0 0 0 1 
26875431820102;0.315339;0.017402;0.975091 0.221739 0.00540272 -1.20396 -0.217735 0.961559 -0.167321 1.2382 -0.0422967 0.161977 0.985888 -1.22444 0 0 0 1 
26875431820103;0.395286;0.034707;0.996789 -0.0797546 0.00713461 0.344783 0.0798069 0.996783 -0.00736924 -0.359169 -0.00652393 0.00791497 0.999947 -0.760009 0 0 0 1 
26875431820104;0.491587;0.0349195;0.998849 0.0417742 0.023559 0.383883 -0.0403105 0.997413 -0.0595097 0.591506 -0.0259841 0.0584915 0.99795 -0.821398 0 0 0 1 
26875431820105;0.296198;0.020091;0.990728 -0.0396684 0.129937 0.162377 0.0780437 0.949045 -0.305324 0.227301 -0.111204 0.312634 0.943342 -1.01709 0 0 0 1 
26875431820106;0.351999;0.0119145;0.953265 -0.290576 -0.0827744 1.94764 0.296597 0.952204 0.0730571 -1.68608 0.0575895 -0.0941934 0.993887 0.448322 0 0 0 1 
26875431820107;0.398745;0.0230953;0.892752 0.448899 -0.0385123 -2.42009 -0.447241 0.872616 -0.196258 3.46741 -0.0544935 0.192434 0.979796 -0.922959 0 0 0 1 
26875431820108;0.476963;0.0292587;0.963922 0.255013 0.0763093 -1.73213 -0.259768 0.963769 0.0605786 2.3022 -0.0580962 -0.0782158 0.995242 1.06535 0 0 0 1 
26875431820109;0.419848;0.395525;0.998433 -0.0430544 -0.0357509 0.483327 0.0441051 0.998602 0.0291378 -0.121906 0.0344464 -0.0306689 0.998936 0.248893 0 0 0 1 
26875431820110;0.205033;0.024724;0.996426 0.0164544 0.0828504 -0.000687397 -0.00992616 0.996857 -0.0785993 0.398537 -0.0838833 0.077496 0.993458 -0.184492 0 0 0 1 
26875431820111;0.333895;0.0197895;0.986781 -0.161806 0.00905437 1.2889 0.161987 0.986464 -0.0254687 -0.577912 -0.00481084 0.0265987 0.999635 0.405817 0 0 0 1 
26875431820112;0.392948;0.0181527;0.872862 -0.448357 -0.192582 3.55056 0.456868 0.889535 -0.000244329 -1.74435 0.171418 -0.0877712 0.981281 -0.219145 0 0 0 1 
26875431820113;0.35267;0.0225424;0.942766 -0.163009 0.290897 0.880568 0.238827 0.938888 -0.247892 -0.436507 -0.232711 0.303178 0.924082 -0.735072 0 0 0 1 
26875431820114;0.433722;0.364;0.994799 -0.0517288 0.0877455 0.335835 0.0527812 0.998559 -0.00971558 0.0219441 -0.0871164 0.0142964 0.996096 0.305941 0 0 0 1 
26875431820115;0.334392;0.0288441;0.973989 -0.222508 0.0428371 1.91687 0.197221 0.925533 0.323252 -0.868213 -0.111573 -0.306395 0.945343 2.52068 0 0 0 1 
26875431820116;0.39563;0.0103034;0.952482 -0.251746 0.171473 2.35186 0.258753 0.965748 -0.0194464 -1.31126 -0.160704 0.0628915 0.984997 0.519059 0 0 0 1 
26875431820117;0.505945;0.0134099;0.967323 0.253506 -0.0045856 -2.17203 -0.253381 0.965871 -0.0537694 0.912592 -0.00920178 0.0531743 0.998543 -0.534803 0 0 0 1 
26875431820118;0.542637;0.0259604;0.910608 0.194178 0.364812 -1.04849 -0.28033 0.938832 0.200023 0.831889 -0.303657 -0.28441 0.909342 3.31285 0 0 0 1 
26875431820119;0.33961;0.0198251;0.957786 -0.0589171 -0.28138 0.996673 -0.00640636 0.974157 -0.225782 0.0499797 0.287411 0.218053 0.932656 -2.60277 0 0 0 1 
26875431820120;0.431883;0.0314978;0.988413 0.132092 -0.074777 -0.153123 -0.0949974 0.922557 0.373984 0.4025 0.118386 -0.362547 0.924416 1.91147 0 0 0 1 
26875431820121;0.296141;0.0182892;0.935022 -0.351475 -0.0468843 2.7521 0.350179 0.936075 -0.0337471 -1.40438 0.0557484 0.0151364 0.99833 -0.573112 0 0 0 1 
26875431820122;0.699318;0.0140882;0.901466 0.0496661 0.429992 -1.14776 -0.0828051 0.994836 0.0586901 -0.135663 -0.424857 -0.0885126 0.900923 3.25912 0 0 0 1 
26875431820124;0.463953;0.0753772;0.983304 0.0719038 -0.167161 -0.186555 -0.100954 0.979845 -0.172374 1.05257 0.151397 0.186372 0.970744 -3.11444 0 0 0 1 
26875431820125;0.172503;0.0706971;0.974549 0.221498 -0.0345452 -1.85738 -0.220542 0.974934 0.0294212 1.25474 0.040196 -0.0210537 0.99897 -0.0269976 0 0 0 1 
26875431820126;0.469661;0.0754002;0.999931 -0.0112639 -0.00324771 -0.429066 0.0110762 0.998536 -0.0529509 0.356892 0.00383939 0.0529113 0.998592 0.102661 0 0 0 1 
26875431820127;0.198437;0.0756577;0.99645 -0.0841685 0.00159022 0.632231 0.0841702 0.996451 -0.000992569 -0.169898 -0.00150104 0.00112289 0.999998 -0.0108917 0 0 0 1 
26875431820128;0.38452;0.0778344;0.948114 -0.31792 0.00270789 3.17531 0.317927 0.94811 -0.00294077 -1.02214 -0.00163245 0.0036491 0.999992 -0.455306 0 0 0 1 
26875431820129;0.474436;0.0701451;0.935883 -0.340029 0.0922121 3.40892 0.349254 0.929822 -0.115982 -1.25198 -0.0463037 0.140751 0.988962 -1.64958 0 0 0 1 
26875431820130;0.313572;0.0686851;0.994039 -0.108676 -0.00876183 0.865931 0.108432 0.993798 -0.0246713 -0.662228 0.0113887 0.0235742 0.999657 -0.843787 0 0 0 1 
26875431820131;0.549583;0.05791;0.993238 0.112657 -0.0280597 -1.57442 -0.108896 0.987804 0.11129 0.310904 0.0402551 -0.107482 0.993392 1.52806 0 0 0 1 
26875431820132;0.557397;0.0845584;0.895484 0.443907 -0.0324845 -2.89669 -0.442221 0.879054 -0.17806 3.83351 -0.0504863 0.173815 0.983483 -0.864715 0 0 0 1 
26875431820133;0.523064;0.0692254;0.984336 -0.0544976 0.167669 0.350324 -0.00615981 0.939814 0.341631 0.412522 -0.176196 -0.337312 0.924757 4.80266 0 0 0 1 
26875431820134;0.28355;0.074209;0.981899 0.185474 0.0384001 -1.88704 -0.185514 0.982638 -0.00254119 1.27456 -0.0382048 -0.00462858 0.999259 0.00280182 0 0 0 1 
26875431820135;0.398345;0.0721359;0.981894 -0.0521317 -0.182117 0.478563 0.0798683 0.985688 0.148457 -0.670427 0.171772 -0.160315 0.972005 1.16257 0 0 0 1 
26875431820136;0.188337;0.0842163;0.996686 0.0653403 0.0484579 -0.815611 -0.0646456 0.997784 -0.0157698 0.533455 -0.0493809 0.012585 0.998701 0.15804 0 0 0 1 
26875431820137;0.314888;0.0726118;0.934109 -0.0256528 0.356066 -0.0512089 0.0510392 0.996765 -0.0620851 -0.319358 -0.353321 0.0761675 0.932396 1.34132 0 0 0 1 
26875431820138;0.521003;0.0515303;0.999841 0.0156674 0.00854401 -0.495925 -0.0156641 0.999877 -0.000461306 -0.441508 -0.00855019 0.000327399 0.999963 0.841167 0 0 0 1 
26875431820139;0.534563;0.0483884;0.962002 -0.223089 -0.157426 3.01974 0.202971 0.969946 -0.134193 -1.27942 0.182632 0.097141 0.978371 -1.70486 0 0 0 1 
26875431820140;0.635129;0.0790365;0.933192 0.116481 -0.339978 0.379422 -0.110075 0.993191 0.0381392 1.11179 0.342106 0.00183191 0.93966 -1.60234 0 0 0 1 
26875431820141;0.451247;0.0728399;0.937493 -0.346536 -0.0319161 3.36021 0.342517 0.902605 0.260743 -1.65749 -0.0615493 -0.255377 0.964881 3.05451 0 0 0 1 
26875431820142;0.45211;0.0560579;0.966954 0.0515867 -0.249679 -0.670561 -0.0765971 0.992854 -0.0915086 0.717161 0.243174 0.107609 0.963995 -1.77129 0 0 0 1 
26875431820143;0.371493;0.0849671;0.925475 0.0412006 0.376561 -0.672909 -0.133096 0.966055 0.221412 0.544712 -0.354657 -0.25503 0.899543 4.34061 0 0 0 1 
26875431820144;0.382734;0.0777817;0.973637 0.0138481 0.227682 -0.255896 0.0656109 0.938971 -0.337681 0.786548 -0.218463 0.343718 0.913308 -1.90253 0 0 0 1 
26875431820145;0.502979;0.0855371;0.970489 0.235353 0.0525339 -2.27092 -0.233902 0.971722 -0.0323323 1.92711 -0.0586579 0.0190903 0.998096 -0.460454 0 0 0 1 
26875431820146;0.275674;0.0723588;0.958479 0.28353 0.0304756 -2.1727 -0.285054 0.955578 0.0749348 1.85295 -0.00787558 -0.0805106 0.996723 0.597859 0 0 0 1 
26875431820147;0.238197;0.0713584;0.992038 0.0406437 -0.119197 -0.0189637 -0.0537426 0.992607 -0.108824 0.552281 0.113893 0.114364 0.986889 -1.45057 0 0 0 1 
26875431820148;0.24302;0.0501057;0.984812 -0.135716 0.108286 1.02148 0.1531 0.972958 -0.172955 -0.746726 -0.0818847 0.186907 0.978959 -1.40162 0 0 0 1 
26875431820149;0.23664;0.0648811;0.94222 -0.325352 0.0797982 3.00889 0.331087 0.940703 -0.0738933 -1.30222 -0.051025 0.0960439 0.994068 -0.589604 0 0 0 1 
26875431820150;0.324251;0.0599089;0.984321 -0.173672 -0.0308299 1.62767 0.169811 0.980316 -0.100718 -0.899883 0.0477149 0.0939033 0.994437 -0.580548 0 0 0 1 
26875431820151;0.348638;0.0818542;0.959197 -0.187367 -0.211744 2.1422 0.236485 0.942137 0.2376 -1.34235 0.154973 -0.277979 0.948004 1.86579 0 0 0 1 
26875431820152;0.39459;0.0696479;0.993046 -0.0853163 0.0811211 0.394415 0.0902998 0.994113 -0.0598841 -0.295683 -0.0755344 0.0667929 0.994904 -0.838733 0 0 0 1 
26875431820153;0.461448;0.0893946;0.963264 0.266573 -0.0325709 -2.06947 -0.265044 0.9632 0.0446955 1.49198 0.0432869 -0.0344209 0.99847 -0.622002 0 0 0 1 
26875431820155;0.281618;0.017288;0.996785 0.0503842 -0.0622984 0.487339 -0.0510821 0.998648 -0.00966117 0.0983744 0.0617274 0.0128124 0.998011 -0.0699092 0 0 0 1 
26875431820156;0.544215;0.0224378;0.979317 0.197614 -0.0434486 -0.0467852 -0.196841 0.980201 0.021448 0.18358 0.0468268 -0.0124519 0.998825 0.661217 0 0 0 1 
26875431820157;0.2633;0.0243421;0.984206 -0.176863 -0.007565 0.0924758 0.169761 0.955077 -0.242917 -0.0789889 0.0501881 0.237796 0.970018 -0.119699 0 0 0 1 
26875431820158;0.308459;0.215885;0.990789 0.134081 -0.0189601 0.013049 -0.134088 0.990969 0.000896063 0.500754 0.018909 0.00165451 0.99982 0.0986056 0 0 0 1 
26875431820159;0.600497;0.0212501;0.99831 0.0537596 0.02207 0.778865 -0.0505052 0.990472 -0.128119 0.0534254 -0.0287473 0.126788 0.991513 0.569101 0 0 0 1 
26875431820160;0.450407;0.0138858;0.900849 -0.214055 0.377691 -0.178447 0.290208 0.943964 -0.157201 -0.217873 -0.322877 0.251224 0.912489 0.746376 0 0 0 1 
26875431820161;0.500041;0.0195925;0.975189 -0.21797 -0.0386806 -0.260333 0.216302 0.975374 -0.0431085 -0.56246 0.0471244 0.0336722 0.998321 0.487528 0 0 0 1 
26875431820162;0.266888;0.0143152;0.979226 0.147345 0.139304 -0.122028 -0.119263 0.974121 -0.192003 0.143894 -0.163989 0.171401 0.971457 0.494273 0 0 0 1 
26875431820163;0.112835;0.017254;0.994178 -0.00572886 0.107598 -0.00767512 0.00118065 0.999105 0.0422865 -0.011348 -0.107744 -0.0419133 0.993295 0.373382 0 0 0 1 
26875431820164;0.259006;0.0282007;0.98392 -0.177038 -0.0236378 0.0273031 0.177594 0.983813 0.0239445 -0.599083 0.019016 -0.0277574 0.999434 -0.259602 0 0 0 1 
26875431820165;0.440579;0.0242678;0.925448 0.378873 0.000642652 0.101764 -0.368934 0.900783 0.229078 0.519754 0.0862124 -0.212237 0.973408 -0.436294 0 0 0 1 
26875431820166;0.350624;0.265551;0.994452 -0.0675738 -0.0806192 -0.0314853 0.0650111 0.997305 -0.0340027 -0.0454731 0.0826996 0.0285729 0.996165 -0.204503 0 0 0 1 
26875431820167;0.350308;0.0335156;0.979076 -0.18811 0.0776165 0.4038 0.199483 0.962574 -0.183462 -0.0775963 -0.0402006 0.195106 0.979958 0.0637576 0 0 0 1 
26875431820168;0.226339;0.0254022;0.983579 -0.0573302 -0.171129 0.344196 0.0487658 0.997358 -0.0538405 -0.235668 0.173763 0.0446112 0.983776 -0.430306 0 0 0 1 
26875431820169;0.436398;0.0109801;0.999124 -0.0405366 -0.0104337 0.252184 0.0405986 0.999159 0.00580176 0.243865 0.0101897 -0.00622027 0.999929 0.539916 0 0 0 1 
26875431820170;0.561995;0.0191489;0.978179 0.037669 0.20432 -0.470854 -0.0222246 0.996755 -0.0773649 -0.459664 -0.206571 0.0711358 0.975842 -0.0170489 0 0 0 1 
26875431820171;0.275385;0.0108263;0.997621 0.0672514 0.0151436 -0.0475552 -0.0674167 0.997668 0.0106785 0.135786 -0.0143902 -0.011674 0.999828 0.472576 0 0 0 1 
26875431820172;0.126727;0.0210371;0.999995 -0.00293881 0.00124741 0.0100186 0.00303171 0.996586 -0.0825048 0.0377048 -0.00100069 0.0825081 0.99659 0.163023 0 0 0 1 
26875431820173;0.248339;0.016617;0.988589 -0.104761 0.108249 -0.107725 0.101629 0.994239 0.034069 0.0601264 -0.111195 -0.022679 0.99354 0.356027 0 0 0 1 
26875431820174;0.442063;0.239652;0.964689 -0.136616 0.225193 -0.1377 0.135842 0.990548 0.0190023 -0.5139 -0.22566 0.0122593 0.974129 0.513313 0 0 0 1 
26875431820175;0.573407;0.337647;0.957183 0.109721 -0.267885 0.664763 -0.175544 0.955828 -0.235748 0.925376 0.230186 0.27268 0.934163 -0.928267 0 0 0 1 
26875431820176;0.270556;0.0210432;0.990641 0.132644 -0.0321771 -0.319012 -0.135983 0.979459 -0.148891 0.340941 0.0117665 0.151873 0.98833 -0.0106189 0 0 0 1 
26875431820177;0.516211;0.0298095;0.994133 0.0594371 -0.090374 -0.459405 -0.0747465 0.981409 -0.176775 -0.230071 0.0781868 0.182493 0.980093 -0.0718014 0 0 0 1 
26875431820178;0.516876;0.239752;0.988978 -0.0906946 -0.117033 0.293302 0.103052 0.989197 0.104254 -0.354928 0.106313 -0.115166 0.987641 0.400142 0 0 0 1 
26875431820179;0.506678;0.374331;0.972608 0.218473 0.0793954 -0.414976 -0.21842 0.975809 -0.00946673 0.639282 -0.079543 -0.00813409 0.996798 0.106425 0 0 0 1 
26875431820180;0.166082;0.0123873;0.997986 -0.00968037 0.0626869 -0.177729 0.00392175 0.995812 0.0913424 0.0563578 -0.0633086 -0.0909126 0.993845 0.109299 0 0 0 1 
26875431820181;0.220973;0.0175893;0.980631 -0.193958 0.027267 0.229966 0.187256 0.969218 0.159849 -0.426623 -0.0574317 -0.151647 0.986765 0.298917 0 0 0 1 
26875431820182;0.311591;0.0166647;0.999891 0.0081795 -0.0123183 0.479075 -0.00825977 0.999945 -0.00647964 0.0678465 0.0122647 0.00658068 0.999903 -0.121619 0 0 0 1 
26875431820183;0.378261;0.0261733;0.902608 0.427931 -0.0466201 -0.0576771 -0.41714 0.896264 0.150683 1.17387 0.106266 -0.11656 0.987482 -0.261323 0 0 0 1 
26875431820184;0.707951;0.0344572;0.955602 -0.285709 0.072081 -0.0819456 0.292104 0.950687 -0.10426 -0.335452 -0.0387386 0.120686 0.991935 -0.885403 0 0 0 1 
26875431820186;0.0232744;0.0281271;0.99999 -0.00298017 -0.00322064 -0.0111563 0.00295311 0.999961 -0.00837592 -0.0240193 0.00324547 0.00836633 0.99996 0.035562 0 0 0 1 
26875431820187;0.469951;0.0409193;0.997806 -0.0517173 0.0413323 0.125772 0.0520431 0.998621 -0.00684555 0.0462587 -0.0409213 0.00898159 0.999122 -0.713276 0 0 0 1 
26875431820188;0.333415;0.0324869;0.966114 0.0832627 0.24432 -0.160447 -0.078191 0.996475 -0.030402 0.530649 -0.24599 0.0102682 0.969218 0.15344 0 0 0 1 
26875431820189;0.215891;0.0486054;0.999564 -0.0226091 0.0189888 -0.0105846 0.0255759 0.984368 -0.17426 0.31718 -0.0147521 0.174669 0.984517 0.119708 0 0 0 1 
26875431820190;0.353199;0.0347323;0.998897 -0.00560815 -0.0466197 0.128386 0.00471055 0.999802 -0.0193413 -0.0525782 0.0467189 0.0191003 0.998725 0.578746 0 0 0 1 
26875431820191;0.375035;0.044271;0.882011 0.103265 -0.459776 0.622079 -0.0621812 0.992667 0.103665 -0.0739511 0.467109 -0.0628443 0.881964 -0.446772 0 0 0 1 
26875431820192;0.269163;0.0403413;0.998995 -0.0336965 0.0295688 -0.165601 0.0345051 0.999032 -0.0272772 0.343675 -0.028621 0.0282701 0.99919 0.261804 0 0 0 1 
26875431820193;0.42369;0.0371762;0.913459 -0.173196 0.368234 -0.29591 0.265151 0.939762 -0.215736 -0.0681911 -0.308688 0.294704 0.904357 0.521289 0 0 0 1 
26875431820194;0.276623;0.0268503;0.948971 0.2542 0.186643 -0.235547 -0.248505 0.967141 -0.0537021 0.407262 -0.194161 0.00458011 0.980959 0.543446 0 0 0 1 
26875431820195;0.12753;0.034847;0.997639 0.0685881 0.00357698 -0.174719 -0.0686023 0.997636 0.00400307 0.0738113 -0.00329396 -0.00423901 0.999986 -0.0914561 0 0 0 1 
26875431820196;0.182656;0.0438687;0.998254 -0.0589096 -0.00428552 -0.123391 0.0586069 0.996918 -0.0521509 -0.312382 0.0073445 0.0518087 0.99863 -0.104834 0 0 0 1 
26875431820197;0.141522;0.0394929;0.999311 0.0319921 -0.0188259 -0.265746 -0.031636 0.99932 0.0189193 0.0809777 0.0194184 -0.0183107 0.999644 -0.0439133 0 0 0 1 
26875431820198;0.296595;0.034488;0.962022 -0.260381 -0.0819461 0.395356 0.260447 0.965436 -0.0100771 -0.220985 0.0817375 -0.0116482 0.996586 -0.302136 0 0 0 1 
26875431820199;0.374604;0.313191;0.995413 -0.0761954 -0.0578581 0.0522926 0.0783998 0.996241 0.0368338 -0.163051 0.0548341 -0.0412009 0.997645 -0.00681069 0 0 0 1 
26875431820200;0.14975;0.0407716;0.998973 0.0135739 -0.0432262 -0.221431 -0.0109145 0.998067 0.0611745 0.0804777 0.043973 -0.0606399 0.997191 0.0245073 0 0 0 1 
26875431820201;0.180431;0.0492141;0.995871 -0.0415077 -0.0807385 0.309854 0.0416697 0.999131 0.000321671 -0.157778 0.080655 -0.00368469 0.996735 -0.101309 0 0 0 1 
26875431820202;0.0568232;0.0416278;0.999431 -0.0329296 -0.00730462 -0.0320826 0.0324064 0.997496 -0.0628655 0.00867852 0.00935646 0.062593 0.997995 -0.0102416 0 0 0 1 
26875431820203;0.370175;0.318759;0.999136 -0.0401989 -0.0105148 -0.0226989 0.0408096 0.996962 0.0663449 -0.0965791 0.00781588 -0.0667167 0.997741 0.0140738 0 0 0 1 
26875431820204;0.336699;0.329482;0.995067 0.0991971 -0.0014578 -0.119858 -0.0986698 0.988035 -0.118536 0.513057 -0.0103181 0.118095 0.992949 0.067065 0 0 0 1 
26875431820205;0.579018;0.161016;0.976168 0.0113937 0.216715 0.386404 -0.0295736 0.996289 0.0808315 -0.452119 -0.214989 -0.0853142 0.972883 -0.110515 0 0 0 1 
26875431820206;0.454909;0.0397388;0.946777 0.0294214 0.320542 -0.261894 0.0498223 0.970419 -0.23623 -0.0644545 -0.31801 0.239628 0.917305 1.08284 0 0 0 1 
26875431820207;0.201469;0.0326737;0.993744 0.0984119 0.0527954 -0.152719 -0.106091 0.97954 0.171014 -0.0648182 -0.0348855 -0.175545 0.983853 0.28036 0 0 0 1 
26875431820208;0.418791;0.26702;0.997307 -0.069676 0.0228809 -0.211862 0.0653733 0.98603 0.153201 -0.162277 -0.0332357 -0.151293 0.98793 -0.0486829 0 0 0 1 
26875431820209;0.261543;0.227302;0.998109 -0.0613906 0.00308836 0.0614177 0.0614543 0.997692 -0.0288629 0.010883 -0.00130932 0.0289981 0.999579 0.0193348 0 0 0 1 
26875431820210;0.579052;0.300379;0.995868 -0.0900057 0.0121087 -0.455068 0.088347 0.991019 0.100376 -0.366228 -0.0210344 -0.0988917 0.994876 -0.0988993 0 0 0 1 
26875431820211;0.254845;0.0398959;0.973254 -0.227973 -0.0283571 0.238698 0.227499 0.973593 -0.0189761 -0.416828 0.0319343 0.0120174 0.999418 0.242928 0 0 0 1 
26875431820212;0.320883;0.0352361;0.967612 -0.12416 0.219797 0.0160971 0.152043 0.981684 -0.114801 -0.243915 -0.201518 0.144502 0.968767 0.72051 0 0 0 1 
26875431820213;0.233658;0.0423194;0.998681 -0.050769 0.00761143 -0.108709 0.0513106 0.99184 -0.116704 -0.0101795 -0.00162439 0.11694 0.993138 -0.355023 0 0 0 1 
26875431820214;0.442932;0.0518985;0.98231 0.0361647 -0.183737 0.328724 -0.0828713 0.96382 -0.253346 0.542377 0.167927 0.264091 0.949767 0.319479 0 0 0 1 
26875431820215;0.292551;0.0358328;0.972322 0.0599959 0.225809 0.0208377 -0.00640664 0.972952 -0.23092 -0.15185 -0.233556 0.223082 0.946407 0.338108 0 0 0 1 
26875431820217;0.53888;0.0318906;0.945055 -0.258917 0.199582 1.00456 0.315889 0.880451 -0.353583 -0.717985 -0.0841737 0.397201 0.913863 -0.400008 0 0 0 1 
26875431820218;0.132212;0.0416258;0.999999 -0.000845386 0.000674941 -0.0215023 0.000863132 0.999642 -0.026741 0.144628 -0.000652093 0.0267416 0.999642 0.127892 0 0 0 1 
26875431820219;0.276971;0.025348;0.990799 -0.0489663 0.126172 0.387029 0.0521498 0.998396 -0.0220511 -0.64332 -0.12489 0.0284281 0.991763 0.36682 0 0 0 1 
26875431820220;0.346183;0.373498;0.996134 0.0807326 0.0346363 -0.185536 -0.0818009 0.996178 0.0306223 0.142601 -0.0320317 -0.0333372 0.998931 0.241202 0 0 0 1 
26875431820221;0.22686;0.0271849;0.999851 0.0018446 0.0171566 0.379639 -0.00173145 0.999977 -0.0066073 -0.0153298 -0.0171684 0.00657661 0.999831 -0.250346 0 0 0 1 
26875431820222;0.271182;0.260668;0.993776 0.0738835 0.0833739 -0.197952 -0.0727906 0.997218 -0.0160766 0.080731 -0.0843297 0.00990772 0.996389 0.232899 0 0 0 1 
26875431820223;0.173034;0.0186127;0.999912 0.00154431 0.0131999 -0.208092 -0.00151501 0.999996 -0.00222952 -0.161119 -0.0132033 0.00220932 0.99991 -0.250045 0 0 0 1 
26875431820224;0.421446;0.0263637;0.995031 0.0557899 0.0824675 -0.718391 -0.060981 0.996222 0.0618284 -0.346582 -0.0787065 -0.0665501 0.994674 0.628697 0 0 0 1 
26875431820225;0.149136;0.0310068;0.983144 0.182778 0.00442706 -0.169328 -0.182766 0.981854 0.0505806 0.7784 0.00489829 -0.0505371 0.99871 -0.039704 0 0 0 1 
26875431820226;0.0692592;0.0286495;0.999506 -0.0289448 0.0122518 0.152199 0.0291141 0.99948 -0.0138748 -0.134616 -0.0118438 0.0142246 0.999829 -0.0539329 0 0 0 1 
26875431820227;0.394953;0.308935;0.981076 0.168858 0.094747 -0.411533 -0.180175 0.975351 0.127385 0.0987135 -0.0709017 -0.142045 0.987318 -0.127346 0 0 0 1 
26875431820228;0.385763;0.0511421;0.99983 -0.0166122 0.0080137 -0.264541 0.0173499 0.994528 -0.103019 0.622011 -0.00625848 0.103141 0.994647 0.134071 0 0 0 1 
26875431820229;0.236316;0.0409301;0.979108 -0.0902964 0.18219 0.140391 0.0891844 0.995912 0.0143044 -0.13978 -0.182737 0.00224302 0.983159 0.801792 0 0 0 1 
26875431820230;0.353557;0.269102;0.975294 0.208513 0.0729598 -0.421419 -0.205137 0.977396 -0.0511402 0.843093 -0.081974 0.0349101 0.996023 0.179621 0 0 0 1 
26875431820231;0.448584;0.0207753;0.998934 0.0103846 0.0449744 -0.293971 -0.00828664 0.99888 -0.0465867 0.299564 -0.0454078 0.0461643 0.997901 -0.744645 0 0 0 1 
26875431820232;0.290281;0.0388247;0.963815 -0.189793 0.187186 0.54735 0.128427 0.945937 0.297843 -0.65393 -0.233595 -0.263026 0.936083 1.26279 0 0 0 1 
26875431820233;0.217224;0.0325447;0.997126 -0.0658058 -0.0375317 0.521337 0.065225 0.997734 -0.0164964 -0.300434 0.0385322 0.014001 0.999159 -0.279779 0 0 0 1 
26875431820234;0.288361;0.0295326;0.987158 -0.152568 -0.0473573 0.300398 0.15595 0.98463 0.0786381 -1.32727 0.0346317 -0.0850136 0.995778 -0.323363 0 0 0 1 
26875431820235;0.189456;0.0414465;0.980522 -0.143288 -0.134334 0.464466 0.145983 0.989233 0.0103754 -0.777127 0.131401 -0.0297838 0.990882 -0.659855 0 0 0 1 
26875431820236;0.315102;0.0419378;0.931979 0.239808 0.27186 -0.167814 -0.214012 0.969267 -0.121325 1.25808 -0.292599 0.0548907 0.954658 1.53158 0 0 0 1 
26875431820237;0.012092;0.0248378;0.999937 0.00108178 0.0111365 -0.00627258 -0.00101291 0.99998 -0.00618767 -0.0507554 -0.011143 0.006176 0.999919 0.036084 0 0 0 1 
26875431820238;0.26454;0.0349709;0.953978 -0.272329 0.12555 0.495246 0.261924 0.960563 0.0933482 -1.44026 -0.14602 -0.0561675 0.987686 0.946605 0 0 0 1 
26875431820239;0.246987;0.0327154;0.999012 0.0347164 0.0277581 -0.327701 -0.03711 0.995163 0.0909574 -0.326086 -0.0244661 -0.0918976 0.995468 0.144544 0 0 0 1 
26875431820240;0.363487;0.03674;0.905874 0.406609 -0.118581 -0.152412 -0.382154 0.905372 0.185096 1.85098 0.182621 -0.122358 0.97554 -0.909674 0 0 0 1 
26875431820241;0.468508;0.040727;0.893515 -0.448652 0.0185112 0.629557 0.448765 0.893647 -0.00225217 -2.26037 -0.015532 0.0103195 0.999826 0.433792 0 0 0 1 
26875431820242;0.496458;0.0338443;0.965827 -0.204398 -0.159374 0.850882 0.251612 0.886977 0.38725 -1.98676 0.0622082 -0.414116 0.908096 -0.0318418 0 0 0 1 
26875431820243;0.419239;0.0439748;0.903055 0.26626 0.337043 -0.393228 -0.220574 0.96079 -0.168017 1.31138 -0.368564 0.0773859 0.926376 1.44895 0 0 0 1 
26875431820244;0.327061;0.0435853;0.99988 0.00679505 0.013951 -0.525419 -0.00516542 0.993503 -0.113691 0.482954 -0.0146329 0.113606 0.993418 0.00295165 0 0 0 1 
26875431820245;0.440644;0.0410382;0.909245 0.0563466 0.41243 -0.385842 -0.104718 0.989894 0.0956204 0.209624 -0.402874 -0.130131 0.905957 1.93164 0 0 0 1 
26875431820246;0.33651;0.0323138;0.987321 -0.0526966 0.149733 -0.102356 0.0407127 0.9958 0.0820043 -0.657708 -0.153426 -0.0748686 0.98532 0.256133 0 0 0 1 
26875431820248;0.482971;0.0369768;0.941031 -0.0879175 -0.326698 0.815423 0.120492 0.98942 0.0808056 -0.40187 0.316137 -0.115405 0.941668 -2.25775 0 0 0 1 
26875431820249;0.481186;0.0237238;0.972108 -0.194114 -0.131631 0.330261 0.183783 0.979139 -0.0866624 -0.722921 0.145708 0.0600536 0.987503 0.367584 0 0 0 1 
26875431820250;0.362957;0.0367243;0.966053 0.221544 0.132892 0.154918 -0.204992 0.970412 -0.12759 1.51696 -0.157226 0.0960173 0.982884 0.547651 0 0 0 1 
26875431820251;0.294996;0.0305607;0.99583 0.0909671 -0.00693572 0.635198 -0.0903482 0.99389 0.0634091 0.0928511 0.0126615 -0.0625181 0.997964 -0.263324 0 0 0 1 
26875431820252;0.28587;0.036372;0.9996 -0.0274893 0.00664199 0.324905 0.0274871 0.999622 0.000423093 -0.619117 -0.00665112 -0.000240355 0.999978 0.311202 0 0 0 1 
26875431820253;0.612372;0.0310693;0.961645 0.0837279 -0.261206 1.14517 -0.02224 0.972939 0.229991 -0.962634 0.273394 -0.21536 0.937484 -1.05949 0 0 0 1 
26875431820254;0.431445;0.354167;0.998865 0.0408884 0.0244295 -0.0919115 -0.0390152 0.996585 -0.0727742 0.293212 -0.0273217 0.0717385 0.997049 -0.0151616 0 0 0 1 
26875431820255;0.351175;0.0258961;0.99954 -0.027087 0.0136453 -0.280224 0.0269375 0.999576 0.0110293 -0.0380664 -0.0139383 -0.0106567 0.999846 0.837867 0 0 0 1 
26875431820256;0.151421;0.0340726;0.983105 0.183038 0.00142334 0.139316 -0.183022 0.983081 -0.0074488 0.817662 -0.00276267 0.00706245 0.999971 0.063645 0 0 0 1 
26875431820257;0.412483;0.0285208;0.986704 -0.154131 -0.0515685 -0.106467 0.158902 0.981495 0.106853 -1.64577 0.0341449 -0.113627 0.992937 -0.293558 0 0 0 1 
26875431820258;0.238327;0.034738;0.982632 0.185227 -0.0111857 0.195133 -0.180529 0.968177 0.173329 0.599064 0.0429349 -0.168299 0.9848 -0.0149286 0 0 0 1 
