#;prob_registration_l1 -r /home/probabilistic_point_clouds_registration/build/tester /home/point_clouds_registration_benchmark//devel/registration_pairs/box_met_local.txt /home/point_clouds_registration_benchmark//planetary/box_met -s 0.2 -t 0.2 -p 0.3 -r 1000 -m 5 -i 40 
id;initial_error;final_error;transformation
7680147070000;1.79635;3.12991;0.876988 0.173066 0.448264 -8.63521 -0.116731 0.981674 -0.15063 -3.51085 -0.466118 0.0797741 0.881119 -32.535 0 0 0 1 
7680147070001;0.811107;2.66458;0.981825 0.169961 0.084459 -5.21924 -0.14696 0.962425 -0.228344 -5.01216 -0.120095 0.211782 0.96991 -12.2173 0 0 0 1 
7680147070002;1.49386;2.94979;0.964819 -0.0385261 -0.260076 -3.44608 -0.0336138 0.963012 -0.267354 1.49622 0.260757 0.26669 0.927837 8.11192 0 0 0 1 
7680147070003;0.946768;3.09865;0.993615 0.112705 0.00511922 -4.58476 -0.109652 0.975389 -0.19129 -3.6225 -0.0265525 0.189508 0.98152 -4.6798 0 0 0 1 
7680147070004;1.43077;3.97734;0.99755 -0.0656258 -0.0242225 -1.36812 0.0617654 0.988859 -0.135433 5.99034 0.0328405 0.133605 0.99049 -1.39769 0 0 0 1 
7680147070005;0.312811;3.01888;0.988761 0.138921 0.0552497 -4.71036 -0.13997 0.990033 0.0155692 -4.01908 -0.0525362 -0.0231275 0.998351 -3.79522 0 0 0 1 
7680147070006;1.56238;3.29118;0.999749 0.0178158 -0.0135745 -1.8774 -0.0175606 0.999671 0.0186947 2.38241 0.013903 -0.0184516 0.999733 -1.73857 0 0 0 1 
7680147070007;1.77223;3.38985;0.970521 0.108002 0.215464 -4.08901 -0.158437 0.959564 0.232667 -3.02956 -0.181623 -0.259945 0.948389 -9.6788 0 0 0 1 
7680147070008;0.368314;3.20118;0.981343 0.173025 0.0838345 -5.41861 -0.173974 0.984742 0.00409461 -5.63613 -0.0818469 -0.0186032 0.996471 -5.45917 0 0 0 1 
7680147070009;2.02654;3.16368;0.99981 -8.62599e-05 0.0194933 -2.48634 0.00162223 0.99689 -0.0787927 3.39032 -0.0194259 0.0788093 0.9967 -6.41059 0 0 0 1 
7680147070010;1.67484;3.23852;0.990956 0.0230416 -0.132191 -3.27125 -0.0247772 0.999627 -0.0114996 2.32766 0.131877 0.0146709 0.991158 8.6754 0 0 0 1 
7680147070011;1.58383;3.30872;0.971016 0.0338499 0.236607 -3.50577 0.0504903 0.938532 -0.341478 4.83301 -0.233622 0.343527 0.909621 -19.3201 0 0 0 1 
7680147070012;1.55669;2.74049;0.996314 0.0297682 0.0804508 -3.35012 -0.012674 0.978646 -0.205161 2.21277 -0.0848402 0.203385 0.975416 -7.72572 0 0 0 1 
7680147070013;1.90796;3.12094;0.993044 0.117645 0.00480962 -4.23344 -0.116436 0.975123 0.18862 -1.90207 0.0175003 -0.187868 0.982038 0.658615 0 0 0 1 
7680147070014;1.7784;2.85709;0.995218 0.0954826 -0.0205922 -3.5171 -0.0969268 0.991464 -0.0872063 -1.47847 0.0120897 0.0887852 0.995977 -4.12276 0 0 0 1 
7680147070015;0.363704;3.11781;0.998019 0.00332168 -0.0628333 -3.3193 0.0200767 0.929596 0.368033 8.38238 0.0596321 -0.368565 0.927687 8.72819 0 0 0 1 
7680147070016;0.265959;2.8168;0.995402 0.093703 0.0198881 -4.01365 -0.0945321 0.994462 0.0459246 -1.54878 -0.0154747 -0.0475935 0.998747 -1.27377 0 0 0 1 
7680147070017;0.994504;3.14763;0.999708 -0.0183477 -0.0157499 -2.57917 0.0185586 0.999739 0.0133523 4.75052 0.0155008 -0.0136407 0.999787 -1.00175 0 0 0 1 
7680147070018;1.14391;2.95386;0.925632 0.0699803 -0.371898 -10.6902 -0.0727533 0.997328 0.00658913 0.000200425 0.371365 0.0209577 0.92825 20.426 0 0 0 1 
7680147070019;1.59901;2.50992;0.997981 0.0620652 0.0135115 -1.84485 -0.062067 0.998072 -0.00028228 1.09691 -0.0135029 -0.000556906 0.999909 -1.29978 0 0 0 1 
7680147070020;1.99055;3.08063;0.974494 0.0555752 0.217423 -5.05657 -0.0784721 0.992075 0.0981306 0.557097 -0.210246 -0.112689 0.971132 -10.0959 0 0 0 1 
7680147070021;1.30849;2.83754;0.965525 -0.0389465 -0.257379 -4.91542 0.0899333 0.977769 0.189418 11.0723 0.24428 -0.206035 0.947564 15.5415 0 0 0 1 
7680147070022;0.490232;3.30554;0.99815 -0.0320646 0.05165 -1.6067 0.029686 0.998492 0.0461794 6.02838 -0.0530528 -0.0445607 0.997597 -2.8227 0 0 0 1 
7680147070023;1.93092;2.19019;0.989571 0.135915 0.0477026 -4.10997 -0.127615 0.980828 -0.147281 -2.72207 -0.0668058 0.139658 0.987944 -6.38417 0 0 0 1 
7680147070024;2.01577;3.73318;0.985737 0.0850581 -0.145215 -3.94873 -0.0570174 0.980636 0.187356 1.52212 0.158339 -0.176404 0.971499 9.92862 0 0 0 1 
7680147070025;1.53658;3.57808;0.958579 -0.0540571 -0.279651 -4.71414 0.0164038 0.990673 -0.135271 3.70847 0.284355 0.12508 0.950525 11.1948 0 0 0 1 
7680147070026;1.23157;3.17677;0.989558 0.13544 0.0492955 -4.41016 -0.138943 0.987349 0.0763944 -2.62379 -0.038325 -0.082446 0.995858 -0.312709 0 0 0 1 
7680147070027;1.05263;3.16862;0.939639 0.0496215 0.338549 -5.27888 -0.104294 0.983881 0.145259 -0.8598 -0.325884 -0.171799 0.929669 -17.5033 0 0 0 1 
7680147070028;0.137424;3.00462;0.997641 0.0672291 0.0138632 -3.27758 -0.0673805 0.997669 0.0107561 -0.186742 -0.0131078 -0.0116648 0.999846 -1.38212 0 0 0 1 
7680147070029;1.81513;2.20482;0.997462 0.0283596 -0.0653066 -3.71595 -0.0300735 0.999225 -0.0254112 3.13779 0.0645353 0.0273108 0.997542 3.07019 0 0 0 1 
7680147070031;0.429088;1.60266;0.973792 -0.0372381 -0.22437 -3.8461 0.0382449 0.999268 0.000141435 1.56484 0.2242 -0.00871872 0.974504 1.33442 0 0 0 1 
7680147070032;0.91489;1.67355;0.994907 -0.0281456 0.0967842 -1.46584 0.0190438 0.995417 0.0937119 2.67431 -0.0989783 -0.0913916 0.990884 0.211578 0 0 0 1 
7680147070033;0.415478;1.4247;0.97679 0.00189905 0.21419 -2.14299 0.0627305 0.953581 -0.29453 1.17094 -0.204807 0.30113 0.93133 -9.75543 0 0 0 1 
7680147070034;0.600344;1.71318;0.984677 -0.0494679 -0.167224 -3.34628 0.0197255 0.984363 -0.175042 0.790968 0.173268 0.169061 0.970256 -1.97387 0 0 0 1 
7680147070035;0.44843;1.51544;0.997084 -0.0255774 0.0718933 -2.18241 0.0102661 0.978549 0.205757 2.40122 -0.0756138 -0.204419 0.975959 2.57872 0 0 0 1 
7680147070036;0.879785;1.27491;0.999894 -0.0101743 -0.0104163 -4.05601 0.0098142 0.999372 -0.0340611 1.75006 0.0107563 0.0339553 0.999365 -1.41382 0 0 0 1 
7680147070037;0.82527;1.61026;0.999645 0.0047984 0.0262198 -3.05106 -0.00541321 0.999711 0.023428 1.70263 -0.0260998 -0.0235616 0.999382 1.48279 0 0 0 1 
7680147070038;0.802274;1.4417;0.978333 -0.039453 0.203245 -1.84632 -0.0213209 0.957258 0.288447 4.08691 -0.205938 -0.286531 0.935676 4.08418 0 0 0 1 
7680147070039;1.33952;1.39717;0.999209 0.0385242 0.00988846 -5.67543 -0.0387385 0.998996 0.022487 1.17959 -0.00901225 -0.0228523 0.999698 0.953838 0 0 0 1 
7680147070040;0.158831;1.57983;0.999658 -0.0211279 -0.0153834 -2.71208 0.0190809 0.992244 -0.122835 0.948889 0.0178593 0.122499 0.992308 -2.94122 0 0 0 1 
7680147070041;1.36617;1.44932;0.998859 -0.0172057 0.0445385 -2.51422 0.0157701 0.999351 0.0323855 1.6684 -0.0450669 -0.0316462 0.998483 -3.12527 0 0 0 1 
7680147070042;0.46675;1.53823;0.99629 0.0125308 0.0851396 -2.76954 0.00555132 0.977923 -0.208891 0.565813 -0.0858776 0.208589 0.974226 -6.55708 0 0 0 1 
7680147070043;1.14629;1.50757;0.965468 0.0594923 0.253639 -1.39378 -0.000336183 0.973861 -0.227144 -0.316342 -0.260523 0.219215 0.940251 -7.4834 0 0 0 1 
7680147070044;0.702038;1.50757;0.999316 -0.0167337 -0.0329786 -2.86489 0.0190337 0.997315 0.070708 2.12717 0.0317069 -0.0712873 0.996952 2.82517 0 0 0 1 
7680147070045;0.887978;1.57736;0.998891 -0.0251619 0.0398006 -2.49311 0.0255045 0.999642 -0.00812322 2.18018 -0.039582 0.00912931 0.999175 -2.31426 0 0 0 1 
7680147070046;0.520495;1.47137;0.993355 -0.0324519 0.110416 -1.70252 0.0514133 0.983494 -0.173484 1.22099 -0.102964 0.178008 0.978627 -6.38513 0 0 0 1 
7680147070047;1.3778;1.49208;0.996142 0.0448789 -0.0754105 -6.26695 -0.0218598 0.959149 0.282056 3.84389 0.0849883 -0.27932 0.95643 7.70169 0 0 0 1 
7680147070048;1.12108;1.71726;0.999997 -0.00184337 0.00161649 -1.33625 0.00191881 0.998847 -0.0479775 0.25145 -0.00152619 0.0479805 0.998847 -0.965576 0 0 0 1 
7680147070049;0.932757;1.42187;0.996865 -0.0575608 -0.0542793 -2.4387 0.0489734 0.987765 -0.148061 1.95884 0.0621377 0.144939 0.987488 -1.54676 0 0 0 1 
7680147070050;1.2993;1.31032;0.956958 -0.0687064 -0.281976 -5.10697 0.03246 0.990816 -0.131262 1.27632 0.288405 0.116459 0.9504 -0.466575 0 0 0 1 
7680147070051;0.92457;1.61795;0.997656 -0.0351262 0.058724 -1.67285 0.0187146 0.965535 0.259601 3.04659 -0.0658189 -0.257894 0.963929 2.70055 0 0 0 1 
7680147070052;0.840224;1.52764;0.962973 -0.0533705 -0.264264 -2.73715 0.0944857 0.98485 0.145404 3.56796 0.2525 -0.16499 0.953426 6.66975 0 0 0 1 
7680147070053;0.82655;1.59317;0.99986 -0.0143707 0.00856919 -2.2298 0.0145107 0.999758 -0.0165042 1.31117 -0.00832994 0.0166263 0.999827 0.649008 0 0 0 1 
7680147070054;0.270576;1.63328;0.998214 0.0151529 0.0577799 -3.35613 -0.0177184 0.998868 0.0441503 1.44775 -0.0570454 -0.0450953 0.997353 -0.113602 0 0 0 1 
7680147070055;0.73698;1.62588;0.984429 -0.121135 -0.127377 -1.19213 0.0533639 0.896391 -0.440041 1.68145 0.167484 0.426392 0.888898 -7.41997 0 0 0 1 
7680147070056;0.896614;1.50094;0.998213 -0.0562433 -0.0201643 -1.9279 0.0556426 0.998023 -0.0292073 1.62508 0.0217671 0.0280331 0.99937 -2.82585 0 0 0 1 
7680147070057;0.403726;1.4573;0.997846 0.0141204 0.0640658 -3.54121 -0.0111289 0.998842 -0.0468133 1.24765 -0.0646527 0.0459994 0.996847 -2.08173 0 0 0 1 
7680147070058;0.771956;1.55291;0.992659 0.0260895 0.118102 -3.34594 -0.00521903 0.984788 -0.17368 0.729582 -0.120837 0.171788 0.977695 -7.01477 0 0 0 1 
7680147070059;0.054331;1.59175;0.999437 -0.0199875 0.0269303 -2.45666 0.02039 0.999683 -0.014754 1.50703 -0.0266269 0.0152948 0.999528 -1.21296 0 0 0 1 
7680147070060;0.252286;1.52088;0.99984 0.00890182 0.0155448 -3.10418 -0.0127509 0.963175 0.268571 3.30894 -0.0125816 -0.268726 0.963134 4.75086 0 0 0 1 
7680147070062;0.694613;2.67374;0.996135 0.0644607 0.0596591 1.63303 -0.0661483 0.997451 0.0267562 -2.41596 -0.0577823 -0.0305992 0.99786 -0.997716 0 0 0 1 
7680147070063;0.642429;1.8392;0.999625 -0.00854499 -0.0260163 2.34998 0.00846749 0.999959 -0.00308793 -0.485682 0.0260416 0.00286648 0.999657 0.193639 0 0 0 1 
7680147070064;1.73702;2.39581;0.996916 -0.0570157 -0.0539293 1.86355 0.0442784 0.975978 -0.21332 -0.34746 0.0647964 0.210274 0.975493 -3.12914 0 0 0 1 
7680147070065;2.03958;2.492;0.982127 -0.00490481 -0.188158 -0.703699 0.0324034 0.989141 0.143352 1.6827 0.185412 -0.146886 0.971621 6.28885 0 0 0 1 
7680147070066;1.4044;2.17208;0.997144 0.00367536 0.0754351 1.20127 0.00687053 0.990259 -0.139066 -0.844593 -0.0752114 0.139187 0.987406 -4.01633 0 0 0 1 
7680147070067;2.44929;2.32228;0.99679 -0.0161187 -0.0784177 3.05878 0.0170653 0.999789 0.0114169 -0.600894 0.0782172 -0.0127185 0.996855 -0.374237 0 0 0 1 
7680147070068;0.72785;2.30177;0.997186 0.00662282 -0.0746789 1.95491 -0.00974276 0.999091 -0.0414915 -1.1041 0.0743362 0.0421023 0.996344 2.09275 0 0 0 1 
7680147070069;0.403431;2.20655;0.999047 -0.008377 0.042837 2.80666 0.0257935 0.905025 -0.424576 -0.90556 -0.0352119 0.425277 0.904378 -8.57598 0 0 0 1 
7680147070070;2.46104;3.03999;0.927737 -0.127079 -0.350934 1.51492 0.0481449 0.973142 -0.225113 -1.05048 0.370116 0.19195 0.908939 3.79277 0 0 0 1 
7680147070071;1.40642;1.88041;0.945735 0.0629234 0.318788 1.69588 -0.102513 0.988746 0.10896 -1.85884 -0.308345 -0.135727 0.941542 -6.70366 0 0 0 1 
7680147070072;0.468235;1.85697;0.997413 0.00761149 -0.0714768 1.42745 -0.00817295 0.999938 -0.00756588 -0.668325 0.0714148 0.00813048 0.997414 1.39712 0 0 0 1 
7680147070073;0.953779;1.87421;0.995129 0.0099271 0.0980845 2.1191 0.00996459 0.979694 -0.200251 -1.37149 -0.0980807 0.200253 0.974822 -4.94519 0 0 0 1 
7680147070074;0.189263;2.25213;0.999236 -0.0283393 -0.0269229 2.82859 0.0232021 0.984304 -0.174951 -1.01234 0.0314583 0.174193 0.984209 -2.17679 0 0 0 1 
7680147070075;2.44638;2.1896;0.963468 -0.113806 -0.24244 4.37593 0.0355137 0.95152 -0.30553 -1.04558 0.265458 0.285759 0.920801 1.79268 0 0 0 1 
7680147070076;2.31741;2.6409;0.996085 -0.014352 -0.0872283 2.67074 0.0115725 0.999412 -0.0322875 -0.959704 0.0876404 0.0311517 0.995665 3.89045 0 0 0 1 
7680147070077;2.21484;1.88145;0.999677 0.0030701 -0.0252342 3.40225 -0.00591878 0.993508 -0.113604 -1.59231 0.0247216 0.113716 0.993206 0.748204 0 0 0 1 
7680147070078;0.226189;2.38536;0.991413 0.042958 -0.123514 1.05558 0.000384399 0.943544 0.331248 2.28096 0.130771 -0.328451 0.935424 8.57845 0 0 0 1 
7680147070079;1.94297;2.63837;0.994564 0.0037141 0.104063 2.28104 0.0214899 0.970529 -0.240025 -0.463258 -0.101888 0.240957 0.965173 -7.09755 0 0 0 1 
7680147070080;2.14298;1.99674;0.999222 -0.0384362 -0.00887206 2.03942 0.0359221 0.979555 -0.197946 -0.452023 0.0162989 0.197473 0.980173 -0.464834 0 0 0 1 
7680147070081;1.69906;2.17995;0.998791 0.00444693 0.0489627 3.63573 0.00177672 0.991986 -0.126338 -1.33465 -0.0491321 0.126272 0.990778 -1.84102 0 0 0 1 
7680147070082;2.0972;2.29446;0.956917 -0.085395 -0.27752 0.829429 0.00819784 0.963339 -0.26816 -1.44396 0.290245 0.254332 0.922536 4.18412 0 0 0 1 
7680147070083;0.59076;2.07814;0.999992 -7.53478e-05 0.00389207 2.27042 0.00132965 0.946293 -0.323308 -1.44814 -0.00365867 0.32331 0.946286 -6.06692 0 0 0 1 
7680147070084;0.946739;2.00624;0.998031 0.04386 -0.0448375 2.01403 -0.0436537 0.999031 0.0055715 -1.73787 0.0450384 -0.00360321 0.998979 2.05399 0 0 0 1 
7680147070085;1.67199;2.0249;0.961664 -0.0089364 -0.274085 0.261818 0.102748 0.938404 0.329909 4.88312 0.254254 -0.345424 0.903348 13.1131 0 0 0 1 
7680147070086;1.58068;2.61056;0.999228 0.0248075 -0.0304631 2.12819 -0.0242448 0.999531 0.0187047 -1.37751 0.0309129 -0.0179517 0.999361 -0.520059 0 0 0 1 
7680147070087;0.945675;3.08998;0.989464 0.0309369 -0.141433 1.29396 -0.0597789 0.97704 -0.204496 -3.50245 0.131859 0.210797 0.968596 -0.643819 0 0 0 1 
7680147070088;1.00125;2.52245;0.979565 -0.0231516 0.199789 3.56442 0.0255778 0.999627 -0.00957065 -0.972983 -0.199493 0.0144852 0.979792 -5.29548 0 0 0 1 
7680147070089;1.42162;2.43217;0.998428 0.0389668 0.040288 2.20086 -0.0397073 0.999054 0.0177477 -1.92491 -0.0395583 -0.0193195 0.99903 0.987591 0 0 0 1 
7680147070090;0.678915;1.44126;0.998701 0.00094426 -0.0509516 1.57725 0.000662859 0.999503 0.031516 -0.266753 0.050956 -0.0315088 0.998204 1.60201 0 0 0 1 
7680147070091;1.30647;1.96436;0.988014 -0.0549213 -0.144266 0.646643 0.0393485 0.9933 -0.108664 0.29486 0.149267 0.101685 0.983555 1.85007 0 0 0 1 
7680147070093;0.528987;0.558578;0.995748 -0.0154614 -0.0908148 -0.787121 0.0211579 0.997845 0.0621026 1.73491 0.0896589 -0.0637599 0.99393 7.52644 0 0 0 1 
7680147070094;0.750267;0.764364;0.975905 -0.0268284 -0.216541 -2.6868 0.0541207 0.991163 0.12111 4.71361 0.211378 -0.129911 0.968732 17.6724 0 0 0 1 
7680147070095;1.32662;1.08961;0.994395 0.0836769 0.0646322 -3.5632 -0.0625702 0.958474 -0.27823 -7.09703 -0.0852297 0.272627 0.958337 -12.8117 0 0 0 1 
7680147070096;1.72861;0.249112;0.999364 0.0275797 0.0225962 -0.988828 -0.0263938 0.99834 -0.0511991 -2.38667 -0.0239707 0.0505701 0.998433 0.287326 0 0 0 1 
7680147070097;1.58172;1.65767;0.997211 -0.00631745 -0.074362 -0.67781 0.0106343 0.998272 0.0577997 1.1628 0.0738683 -0.0584293 0.995555 6.9248 0 0 0 1 
7680147070098;0.811119;0.377618;0.979761 -0.0335744 -0.197335 -2.56123 0.0127239 0.994285 -0.105993 -0.0718122 0.199766 0.101337 0.974589 12.6568 0 0 0 1 
7680147070099;0.734807;0.274021;0.9999 0.00336769 0.0137664 -0.988515 -0.00330178 0.999983 -0.00480714 -1.20234 -0.0137824 0.0047612 0.999894 -1.48399 0 0 0 1 
7680147070100;0.613699;0.243602;0.936631 0.0827142 0.340411 -4.43807 -0.0607901 0.995359 -0.0745935 -5.0713 -0.345002 0.049173 0.937313 -26.7558 0 0 0 1 
7680147070101;0.463274;0.514246;0.998936 -0.00800516 -0.0454099 -0.459333 0.00233112 0.992323 -0.123653 -0.865672 0.0460511 0.123416 0.991286 0.150062 0 0 0 1 
7680147070102;1.71997;1.24886;0.991321 0.0516578 0.120888 -1.55928 -0.0279128 0.981303 -0.190436 -3.33472 -0.128465 0.185408 0.974228 -15.8177 0 0 0 1 
7680147070103;0.768405;0.605267;0.984604 0.0371457 0.170806 -1.13661 -0.0435603 0.998473 0.0339603 -2.93876 -0.169284 -0.0408778 0.984719 -9.81376 0 0 0 1 
7680147070104;1.11988;0.533246;0.999578 0.0271835 0.010273 -1.789 -0.0266007 0.998232 -0.0531507 -3.78042 -0.0116996 0.0528549 0.998534 -2.23209 0 0 0 1 
7680147070105;0.792054;0.651327;0.971263 0.0497631 0.232747 -1.90776 -0.0462526 0.998719 -0.0205196 -3.78888 -0.23347 0.00916479 0.972321 -17.7023 0 0 0 1 
7680147070106;0.562855;0.369642;0.998294 0.0118215 -0.0571706 -1.35359 -0.0154318 0.997886 -0.063126 -1.66971 0.0563035 0.0639005 0.996367 3.46039 0 0 0 1 
7680147070107;0.610731;0.517824;0.999902 -0.00690782 0.0121451 0.040319 0.00514482 0.990191 0.139623 1.42572 -0.0129905 -0.139547 0.99013 3.16399 0 0 0 1 
7680147070108;1.42716;1.14099;0.999199 0.00557697 -0.0396223 -0.710233 -0.00744409 0.998861 -0.0471328 -0.974953 0.0393143 0.04739 0.998102 0.494441 0 0 0 1 
7680147070109;0.474796;0.364329;0.900083 0.0377473 0.43408 -5.08382 -0.0978143 0.988318 0.116878 -6.15622 -0.424597 -0.147659 0.89326 -27.8127 0 0 0 1 
7680147070110;0.941477;0.456371;0.999915 0.000999792 0.0130342 -1.05045 -0.000108089 0.997669 -0.0682347 -1.58717 -0.013072 0.0682275 0.997584 -2.60484 0 0 0 1 
7680147070111;1.47967;1.31215;0.999959 0.00433094 0.00793015 -0.0520012 -0.00415824 0.999757 -0.0216659 -0.388934 -0.00802206 0.021632 0.999734 0.394127 0 0 0 1 
7680147070112;1.75011;0.572547;0.995524 -0.0137794 -0.0935 -2.70913 0.0456379 0.936413 0.34792 5.43902 0.0827605 -0.35063 0.93285 12.2809 0 0 0 1 
7680147070113;1.0332;0.886503;0.997247 0.0262592 0.0693495 -0.958936 -0.0221147 0.997961 -0.0598673 -2.18317 -0.0707802 0.0581688 0.995794 -5.89779 0 0 0 1 
7680147070114;0.426388;0.456988;0.98237 -0.0448125 0.181495 0.55228 -0.0294581 0.921609 0.387 2.34154 -0.184609 -0.385524 0.904041 -4.1224 0 0 0 1 
7680147070115;1.70185;1.40018;0.994911 -0.0109215 -0.100166 -1.33575 -0.0263723 0.931228 -0.363482 -3.79203 0.097247 0.364274 0.926201 -2.48046 0 0 0 1 
7680147070116;1.08478;0.181873;0.997622 0.0553619 0.0410562 -2.2325 -0.0375011 0.935775 -0.350599 -4.03529 -0.0578292 0.348226 0.935625 -14.0153 0 0 0 1 
7680147070117;0.562653;0.659514;0.997099 0.0115633 0.0752329 -0.132667 -0.0187216 0.995287 0.0951517 -0.679337 -0.0737781 -0.0962841 0.992616 -2.7878 0 0 0 1 
7680147070118;0.421204;0.505233;0.992482 -0.0217838 -0.120433 -1.13666 0.0100686 0.995229 -0.0970417 -0.0186864 0.121972 0.0950995 0.987967 6.6087 0 0 0 1 
7680147070119;1.56631;0.471653;0.998115 0.0108486 0.0603985 -0.390795 -0.00719725 0.998151 -0.0603472 -1.5254 -0.0609416 0.0597987 0.996348 -8.15061 0 0 0 1 
7680147070120;0.829004;0.72222;0.99955 0.0152466 -0.0258369 -1.94869 -0.0195743 0.984098 -0.176546 -3.33157 0.0227343 0.176972 0.983953 -1.48305 0 0 0 1 
7680147070121;0.0967963;0.293036;0.997516 0.00388332 0.0703321 -0.135801 -0.00641849 0.999336 0.0358557 -0.495454 -0.0701461 -0.0362181 0.996879 -3.9007 0 0 0 1 
7680147070122;0.194803;0.279954;0.999642 -0.00707467 -0.0257962 -0.373134 0.00613198 0.999317 -0.0364414 0.016176 0.0260364 0.0362702 0.999003 1.26597 0 0 0 1 
7680147070124;1.64617;1.17389;0.995848 -0.00339495 0.0909683 -0.896841 0.0163475 0.989728 -0.142023 1.79892 -0.0895518 0.14292 0.985675 -7.68123 0 0 0 1 
7680147070125;1.40625;0.936189;0.998361 -0.0489226 0.0296944 -1.00811 0.0489183 0.998802 0.000870595 4.72361 -0.0297014 0.000583432 0.999559 -4.02468 0 0 0 1 
7680147070126;1.2267;1.22805;0.998508 -0.0412873 -0.0357504 -1.99645 0.0417329 0.999059 0.0118105 5.45869 0.0352291 -0.0132849 0.999291 2.25411 0 0 0 1 
7680147070127;1.9725;1.02103;0.986656 -0.0555129 -0.153062 -1.26247 0.0360335 0.99122 -0.127221 3.43917 0.158781 0.120008 0.979993 8.65217 0 0 0 1 
7680147070128;1.62499;1.91135;0.964905 -0.0736547 -0.252058 -4.35499 0.0752275 0.997161 -0.00340454 6.74908 0.251594 -0.0156767 0.967706 13.5345 0 0 0 1 
7680147070129;0.486275;1.24384;0.998753 -0.0180628 -0.0465478 -0.831333 0.0158103 0.998707 -0.0483135 2.43225 0.0473603 0.0475173 0.997747 3.30442 0 0 0 1 
7680147070130;1.63305;1.97776;0.997127 -0.00509318 0.0755702 -1.16589 -0.00319072 0.994026 0.109095 2.49492 -0.0756744 -0.109022 0.991155 -3.80673 0 0 0 1 
7680147070131;2.14793;1.08257;0.934217 0.0694957 0.34987 -3.86332 0.0179077 0.970463 -0.240583 2.13327 -0.356256 0.231022 0.905379 -24.6335 0 0 0 1 
7680147070132;1.4581;1.99917;0.995375 -0.0375954 -0.0884067 -2.05714 0.0371468 0.999287 -0.00671528 4.01922 0.0885961 0.0034002 0.996062 3.49037 0 0 0 1 
7680147070133;1.07349;1.90955;0.999245 -0.0144455 -0.0360577 -1.10281 0.0141832 0.999871 -0.00752071 1.9256 0.0361616 0.00700363 0.999321 2.3372 0 0 0 1 
7680147070134;1.69636;1.20803;0.99292 -0.0280566 -0.115427 -1.54679 0.0132487 0.9918 -0.127107 1.63255 0.118047 0.124678 0.98515 9.89771 0 0 0 1 
7680147070135;0.51747;1.22685;0.938132 -0.0906296 -0.334207 -5.74667 0.0899278 0.995793 -0.0176061 7.0791 0.334397 -0.0135376 0.942335 20.2993 0 0 0 1 
7680147070136;0.646267;1.34306;0.914679 -0.114647 -0.387579 -7.97453 0.0637251 0.98784 -0.141815 5.06227 0.399125 0.105017 0.910863 26.247 0 0 0 1 
7680147070137;2.04694;1.93915;0.992544 -0.0128729 -0.121204 -1.92107 0.0306217 0.988849 0.145738 3.93791 0.117977 -0.148363 0.981871 8.87302 0 0 0 1 
7680147070138;0.720049;0.96686;0.999144 -0.0256121 -0.0324871 -0.764636 0.0221905 0.994575 -0.101629 2.20168 0.0349138 0.100821 0.994292 1.7558 0 0 0 1 
7680147070139;1.74647;1.04855;0.999537 -0.00383151 0.0301799 -0.946362 0.00470454 0.999571 -0.0289099 1.45171 -0.0300562 0.0290385 0.999126 -4.46763 0 0 0 1 
7680147070140;0.663015;1.82048;0.999622 -0.027239 0.00366219 -1.14573 0.0274465 0.996321 -0.0811914 3.11941 -0.00143713 0.0812612 0.996692 -0.536609 0 0 0 1 
7680147070141;0.53013;1.17052;0.999415 -0.0332414 0.00801972 -0.400393 0.0333222 0.999393 -0.0101732 3.04099 -0.00767668 0.0104345 0.999916 -0.577132 0 0 0 1 
7680147070142;1.96977;1.40077;0.981088 -0.0847584 -0.17402 -4.73429 0.0448749 0.974135 -0.221468 5.14807 0.18829 0.20947 0.959515 13.8388 0 0 0 1 
7680147070143;0.856847;1.48674;0.983082 -0.043805 0.177853 -2.30871 0.0128268 0.985062 0.17172 3.1364 -0.182718 -0.166534 0.968959 -12.9054 0 0 0 1 
7680147070144;1.63732;1.74681;0.997165 0.0146183 0.0738157 -0.330595 -0.0155976 0.999798 0.0127072 -0.594221 -0.0736151 -0.0138225 0.997191 -6.07128 0 0 0 1 
7680147070145;0.140484;1.01912;0.999235 -0.0389357 0.00361653 -0.83214 0.0389664 0.999201 -0.00883694 3.66821 -0.00326957 0.0089711 0.999954 -0.305268 0 0 0 1 
7680147070146;1.19743;1.22197;0.994795 -0.0789264 -0.0644451 -2.15663 0.0799885 0.996697 0.0140666 7.42406 0.0631219 -0.0191483 0.997822 2.44705 0 0 0 1 
7680147070147;0.293378;1.09114;0.998013 -0.00444771 0.0628501 -0.5155 0.0104037 0.995446 -0.0947576 1.60136 -0.0621425 0.0952232 0.993514 -3.89385 0 0 0 1 
7680147070148;2.08491;1.26111;0.99361 -0.0271494 -0.109554 -0.965855 0.0456014 0.984454 0.169621 4.437 0.103246 -0.173533 0.979401 8.07312 0 0 0 1 
7680147070149;2.16398;1.69886;0.9865 -0.0523152 -0.155178 -2.34145 0.0263984 0.986008 -0.164593 3.97902 0.161618 0.158274 0.974079 10.4325 0 0 0 1 
7680147070150;0.570326;1.69677;0.99958 -0.00146276 0.0289571 -1.04874 0.0136746 0.904455 -0.426351 0.819016 -0.0255667 0.426567 0.904094 -0.293086 0 0 0 1 
7680147070151;0.700204;1.95788;0.994459 -0.0333959 -0.0996817 -2.59874 0.0349834 0.999287 0.0142193 4.95806 0.0991358 -0.0176277 0.994918 5.6853 0 0 0 1 
7680147070152;0.196422;1.19861;0.998544 -0.049566 -0.0213075 -0.984364 0.0492199 0.998652 -0.0164735 4.50282 0.0220953 0.0154007 0.999637 1.36417 0 0 0 1 
7680147070153;0.328459;1.90203;0.999315 -0.022154 -0.0296553 -1.46671 0.0121603 0.953144 -0.302271 1.93101 0.0349623 0.301704 0.95276 3.08731 0 0 0 1 
7680147070155;0.140686;2.83984;0.999551 -0.0159639 -0.0253572 4.11278 0.0150775 0.999282 -0.0347725 2.77464 0.0258941 0.0343746 0.999074 2.7273 0 0 0 1 
7680147070156;0.73666;2.64415;0.99941 -0.0139175 -0.0313958 4.54697 0.0127081 0.999182 -0.0383969 2.1622 0.0319045 0.0379753 0.998769 3.60817 0 0 0 1 
7680147070157;1.89722;3.27569;0.997111 -0.0292467 -0.0701076 2.63938 0.0320361 0.998726 0.0389984 5.38806 0.0688777 -0.0411317 0.996777 9.30963 0 0 0 1 
7680147070158;1.79956;2.84215;0.997769 -0.0305592 -0.0593499 3.626 0.0184854 0.980781 -0.194234 3.58284 0.0641449 0.192704 0.979158 8.22441 0 0 0 1 
7680147070159;1.65931;3.40369;0.999008 -0.00533508 -0.0442024 2.95631 0.00366446 0.999279 -0.0377898 1.03378 0.0443721 0.0375904 0.998308 3.40411 0 0 0 1 
7680147070160;0.0621527;2.84144;0.999265 0.00462687 -0.0380404 4.09102 -0.0060246 0.999308 -0.0367112 0.39176 0.0378442 0.0369134 0.998602 4.28346 0 0 0 1 
7680147070161;0.430207;2.8397;0.996801 -0.0559377 -0.0570872 3.78011 0.0518008 0.996092 -0.0715407 6.74901 0.0608659 0.0683547 0.995803 6.85198 0 0 0 1 
7680147070162;0.473536;2.71723;0.968628 0.0489035 0.243655 1.46741 -0.0509778 0.998697 0.0022111 -4.40101 -0.24323 -0.0145627 0.969859 -27.2107 0 0 0 1 
7680147070163;0.736349;2.928;0.991444 0.0070522 0.130342 3.15859 -0.0241375 0.991224 0.12997 -1.45446 -0.128282 -0.132004 0.982913 -14.1118 0 0 0 1 
7680147070164;0.540732;2.91861;0.997442 -0.0423324 -0.0576036 3.58439 0.0324176 0.986043 -0.163303 4.3358 0.0637126 0.161018 0.984893 8.00415 0 0 0 1 
7680147070165;1.76832;2.72487;0.999785 -0.00523214 -0.0200835 3.70075 0.00443213 0.999203 -0.0396739 1.54742 0.0202751 0.0395764 0.999011 5.02005 0 0 0 1 
7680147070166;0.877488;2.79534;0.995316 0.0145061 -0.0955852 3.6992 -0.00235576 0.992025 0.126021 0.897065 0.0966509 -0.125205 0.987412 8.59674 0 0 0 1 
7680147070167;0.355143;3.011;0.996937 -0.0390327 -0.0677668 3.7007 0.0365913 0.998649 -0.0369009 5.26377 0.0691155 0.0343083 0.997019 7.89721 0 0 0 1 
7680147070168;0.458362;2.76447;0.99968 -0.00455449 0.0248768 4.50757 0.00228107 0.995879 0.0906621 2.01588 -0.0251872 -0.0905763 0.995571 -3.57256 0 0 0 1 
7680147070169;1.52541;2.61783;0.961788 -0.029751 -0.272174 0.39889 0.0491403 0.996694 0.0647008 6.69517 0.26935 -0.0756031 0.96007 27.8026 0 0 0 1 
7680147070170;1.71122;3.1962;0.997065 0.0329581 0.0690983 3.42339 -0.0279211 0.996968 -0.0726349 -2.09645 -0.0712827 0.0704925 0.994962 -6.81301 0 0 0 1 
7680147070171;1.73488;2.08467;0.994025 -0.0605673 -0.0908107 4.28156 0.0338264 0.961904 -0.271286 4.53843 0.103782 0.266593 0.958205 11.1308 0 0 0 1 
7680147070172;1.09968;2.713;0.999815 -0.0147899 -0.0123115 4.76075 0.0143899 0.999385 -0.0319688 2.29901 0.0127767 0.0317857 0.999413 1.59836 0 0 0 1 
7680147070173;0.591876;2.70194;0.961943 0.00604851 -0.273185 -1.31294 0.00821718 0.998663 0.0510456 2.46896 0.273128 -0.0513477 0.960606 29.8672 0 0 0 1 
7680147070174;1.36958;3.25211;0.997855 -0.044094 0.0483912 3.55187 0.0513061 0.985836 -0.159671 5.8233 -0.0406652 0.161811 0.985984 -5.43425 0 0 0 1 
7680147070175;0.533565;2.79671;0.999148 0.000819805 -0.041254 4.1054 -0.00235523 0.999306 -0.037184 1.14691 0.0411949 0.0372495 0.998457 5.09653 0 0 0 1 
7680147070176;0.79171;2.67978;0.992141 0.0228188 0.123026 3.84623 -0.00908271 0.99377 -0.111077 -0.512174 -0.124794 0.109086 0.986168 -12.5102 0 0 0 1 
7680147070177;1.74498;3.06786;0.959414 0.0584487 0.275877 0.580348 -0.0303436 0.994002 -0.105069 -3.28923 -0.280363 0.0924335 0.955433 -30.5642 0 0 0 1 
7680147070178;1.38005;3.4148;0.994533 -0.0498259 0.0917672 3.48764 0.0609598 0.990554 -0.122825 7.0067 -0.0847805 0.127747 0.988177 -10.2761 0 0 0 1 
7680147070179;1.66284;2.7385;0.998696 0.027231 0.0431889 4.85866 -0.0282779 0.999316 0.0238155 -2.26854 -0.0425108 -0.0250057 0.998783 -3.65747 0 0 0 1 
7680147070180;1.25183;2.87046;0.97042 0.0439763 -0.237382 -0.176878 -0.0109045 0.99025 0.138872 0.146639 0.241175 -0.132175 0.961439 23.9093 0 0 0 1 
7680147070181;1.00094;2.88381;0.997416 0.0459721 0.0551992 4.17156 -0.0554426 0.981251 0.184589 -4.47979 -0.0456783 -0.187173 0.981264 -7.04438 0 0 0 1 
7680147070182;1.8528;2.9278;0.979071 0.0469973 0.198021 2.77217 -0.0691544 0.991904 0.106505 -6.20204 -0.191412 -0.11797 0.974394 -24.2682 0 0 0 1 
7680147070183;0.963883;2.42915;0.988435 0.045711 0.144591 4.04449 -0.0696352 0.983832 0.165003 -6.27878 -0.134711 -0.173163 0.975637 -16.4447 0 0 0 1 
7680147070184;0.147928;2.68583;0.998867 -0.0125744 -0.0459063 3.79048 0.0122097 0.999892 -0.00821572 2.46454 0.0460046 0.00764591 0.998912 5.12172 0 0 0 1 
7680147070186;1.27351;3.83752;0.997161 0.0669689 0.0344191 3.21617 -0.0644549 0.995492 -0.0695861 -2.79753 -0.0389241 0.0671701 0.996982 -3.48391 0 0 0 1 
7680147070187;0.700101;3.5867;0.946037 0.100913 0.307947 -1.79146 -0.155656 0.974981 0.158689 -11.717 -0.284229 -0.19806 0.938076 -30.689 0 0 0 1 
7680147070188;1.39118;3.84626;0.997253 0.0530474 0.0516867 3.31801 -0.0546011 0.998083 0.0291241 -1.92699 -0.0500427 -0.0318663 0.998239 -7.50718 0 0 0 1 
7680147070189;1.30828;3.64425;0.962085 -0.00215771 -0.272741 -0.672698 0.0998134 0.933389 0.344705 18.0712 0.253829 -0.358859 0.898216 29.4824 0 0 0 1 
7680147070190;1.12112;3.92689;0.993719 0.016067 0.110743 3.59977 -0.0529923 0.939204 0.339246 0.527407 -0.09856 -0.342984 0.934156 -9.83725 0 0 0 1 
7680147070191;1.94775;3.28941;0.997857 -0.000943199 -0.0654185 4.72307 0.0139166 0.980074 0.198145 7.18355 0.0639281 -0.198631 0.977987 7.72284 0 0 0 1 
7680147070192;1.68036;3.7951;0.987349 0.00480829 0.158487 3.00681 -0.00063277 0.999652 -0.0263861 4.8744 -0.158559 0.025952 0.987008 -17.5584 0 0 0 1 
7680147070193;1.11849;3.59748;0.998768 0.0147972 0.0473572 4.2603 -0.00143827 0.962725 -0.270478 3.41611 -0.0495943 0.270077 0.961561 -6.91592 0 0 0 1 
7680147070194;0.766853;3.96976;0.999168 0.0370239 0.0171077 2.76933 -0.0373186 0.999155 0.0172386 0.164315 -0.016455 -0.0178627 0.999705 -2.44371 0 0 0 1 
7680147070195;0.416426;3.70778;0.996235 0.0533974 0.0682923 3.43749 -0.0479235 0.995688 -0.0794254 -1.19635 -0.072239 0.0758536 0.994499 -9.15542 0 0 0 1 
7680147070196;0.748225;4.0382;0.999074 0.0317493 0.0290329 2.93239 -0.0339828 0.996217 0.0799824 0.913788 -0.0263837 -0.080895 0.996373 -2.35275 0 0 0 1 
7680147070197;0.500793;3.64696;0.996933 0.0759584 0.0188494 2.87783 -0.0700125 0.973224 -0.218935 -4.10463 -0.0349746 0.216944 0.975557 -5.84711 0 0 0 1 
7680147070198;0.104802;3.73253;0.999841 0.0117051 0.0134192 3.6616 -0.0129559 0.995174 0.0972651 3.47359 -0.0122159 -0.0974236 0.995168 -0.850563 0 0 0 1 
7680147070199;1.797;4.15946;0.980657 0.0756832 0.18051 2.36672 -0.0685688 0.996616 -0.0453416 -3.94375 -0.183331 0.0320872 0.982527 -23.1783 0 0 0 1 
7680147070200;0.574851;3.71559;0.996939 0.0753907 -0.0207001 2.51578 -0.0738451 0.994993 0.0673494 -3.22448 0.0256739 -0.0656147 0.997515 2.46215 0 0 0 1 
7680147070201;1.66238;4.30722;0.97192 -0.0433293 -0.231289 -0.218068 0.0424628 0.99906 -0.00872538 7.84752 0.23145 -0.0013408 0.972846 24.5869 0 0 0 1 
7680147070202;0.856075;4.25454;0.999425 0.0188416 0.0281976 3.67485 -0.0234142 0.984852 0.171807 2.36466 -0.0245334 -0.172368 0.984727 -1.29345 0 0 0 1 
7680147070203;0.151635;3.61735;0.999704 0.0135642 0.0201915 3.62217 -0.0138256 0.999822 0.012863 3.00556 -0.0200134 -0.0131384 0.999713 -2.32594 0 0 0 1 
7680147070204;1.87474;4.53491;0.999388 0.0288406 0.0197915 2.69428 -0.0287017 0.999562 -0.00726186 1.06217 -0.0199923 0.00668937 0.999778 -0.919487 0 0 0 1 
7680147070205;1.34644;3.24151;0.999752 0.0126375 0.0183626 4.45152 -0.0143824 0.99506 0.0982287 4.2718 -0.0170306 -0.0984684 0.994994 -1.67467 0 0 0 1 
7680147070206;0.882492;3.60494;0.908356 -0.108065 -0.403995 -7.04189 0.0620768 0.990176 -0.125288 11.1946 0.413566 0.0887272 0.906141 44.3448 0 0 0 1 
7680147070207;1.16879;4.22197;0.991838 0.102234 0.0761888 1.84828 -0.107675 0.991641 0.0710982 -7.19999 -0.0682833 -0.0787215 0.994555 -6.06685 0 0 0 1 
7680147070208;1.24601;4.10838;0.993911 0.0991217 0.0481235 2.23557 -0.104276 0.987264 0.120149 -6.85894 -0.0356013 -0.124436 0.991589 -3.27158 0 0 0 1 
7680147070209;1.20929;3.51479;0.997354 -0.00810692 -0.0722437 3.94023 0.0362653 0.916763 0.397782 10.9061 0.0630055 -0.399349 0.914631 8.43376 0 0 0 1 
7680147070210;1.69015;3.26882;0.9996 -0.00991419 0.0264923 4.53555 0.00935783 0.999735 0.0210431 6.6594 -0.0266939 -0.0207867 0.999428 -1.47023 0 0 0 1 
7680147070211;0.940014;4.08745;0.988824 0.0167911 -0.148138 1.4515 0.0125497 0.980736 0.194933 7.18743 0.148558 -0.194614 0.969565 18.6568 0 0 0 1 
7680147070212;1.74535;3.56151;0.999858 -0.00425992 0.0162738 4.06888 0.00422153 0.999988 0.00239275 5.70252 -0.0162838 -0.00232371 0.999865 -3.07188 0 0 0 1 
7680147070213;0.400202;3.69537;0.998894 0.0243727 0.0402018 3.62523 -0.02598 0.998864 0.0399573 2.00437 -0.0391822 -0.0409575 0.998392 -4.46715 0 0 0 1 
7680147070214;0.315659;3.912;0.998085 -0.0127196 -0.0605298 3.5265 0.0177388 0.996382 0.0831204 6.76937 0.0592535 -0.084035 0.9947 6.92372 0 0 0 1 
7680147070215;0.611277;3.84589;0.997224 0.0277217 0.0691046 3.35297 -0.0299751 0.999045 0.0317878 1.07764 -0.0681574 -0.033771 0.997103 -8.32035 0 0 0 1 
7680147070217;0.89674;2.7001;0.99822 -0.000729332 0.0596393 -3.25386 -0.000430248 0.999811 0.0194281 -0.922256 -0.0596422 -0.0194192 0.998031 -2.07001 0 0 0 1 
7680147070218;1.73564;2.76847;0.999931 -0.00488522 0.0106535 -3.91895 0.00485273 0.999984 0.00307265 -0.438169 -0.0106683 -0.00302074 0.999939 1.6824 0 0 0 1 
7680147070219;1.39452;2.96936;0.961502 -0.0610037 -0.26794 -4.83446 0.0355044 0.994453 -0.0990063 -0.63154 0.272493 0.0856818 0.958335 6.20957 0 0 0 1 
7680147070220;0.267296;2.82478;0.999751 -0.00140508 -0.0222517 -3.53772 -0.00771765 0.914508 -0.404493 -1.78878 0.0209178 0.404564 0.91427 4.0776 0 0 0 1 
7680147070221;1.27015;3.3934;0.999824 -0.0030302 0.0185007 -2.70562 -0.00126746 0.973667 0.227971 -0.488924 -0.0187044 -0.227955 0.973492 -2.76864 0 0 0 1 
7680147070222;1.97297;2.20327;0.996101 0.0109742 0.0875405 -4.58209 -0.0138977 0.999363 0.0328571 -1.63708 -0.0871242 -0.0339455 0.995619 -0.989101 0 0 0 1 
7680147070223;1.53331;2.8183;0.99787 -0.00246813 -0.0651931 -4.08173 0.00283317 0.999981 0.00550749 -1.34357 0.0651782 -0.00568046 0.997857 -0.0576578 0 0 0 1 
7680147070224;2.30376;2.69441;0.911574 -0.0768703 -0.403887 -5.24428 0.0341082 0.993119 -0.112034 -0.668166 0.40972 0.0883517 0.907923 4.12211 0 0 0 1 
7680147070225;1.4585;3.10621;0.998364 -0.0390707 -0.041751 -3.6966 0.0369097 0.997999 -0.0513337 0.277279 0.0436731 0.0497087 0.997808 2.20676 0 0 0 1 
7680147070226;1.86707;2.88463;0.998459 -0.0156248 -0.0532434 -3.90199 0.0150044 0.999815 -0.0120331 -0.0836252 0.0534216 0.0112156 0.998509 2.95239 0 0 0 1 
7680147070227;0.781577;2.92885;0.999764 -0.0132537 -0.0172154 -3.33477 0.0133341 0.999901 0.00456156 -0.859978 0.0171533 -0.00479004 0.999841 -0.629074 0 0 0 1 
7680147070228;0.400914;2.91286;0.998418 0.00933095 0.0554541 -3.19471 -0.0110552 0.999462 0.030869 -1.14732 -0.0551362 -0.0314332 0.997984 -1.03994 0 0 0 1 
7680147070229;0.955663;2.74314;0.999661 -0.0170999 -0.0196362 -4.01801 0.0163388 0.999133 -0.0382904 -0.478783 0.0202739 0.0379566 0.999074 0.940505 0 0 0 1 
7680147070230;0.317185;2.76233;0.980586 -0.0281487 -0.194057 -4.11101 0.0204499 0.998927 -0.0415632 -0.63152 0.195019 0.0367879 0.980109 3.46702 0 0 0 1 
7680147070231;1.12926;3.07719;0.99997 -0.00377359 0.00673864 -3.25228 0.0036929 0.999922 0.0119471 -0.56976 -0.0067832 -0.0119218 0.999906 -1.00205 0 0 0 1 
7680147070232;1.51388;2.67497;0.999961 -0.00186543 0.00866827 -3.92691 0.00167183 0.99975 0.0222882 -1.57728 -0.00870768 -0.0222728 0.999714 -1.39195 0 0 0 1 
7680147070233;1.97376;2.90589;0.990841 -0.0237505 -0.132929 -4.92501 0.0657789 0.94461 0.321535 0.126584 0.11793 -0.327334 0.937521 -2.47843 0 0 0 1 
7680147070234;1.9935;2.871;0.999739 -0.00994977 -0.0205535 -3.2978 0.00801969 0.995732 -0.0919407 -1.05042 0.0213806 0.0917519 0.995552 -1.23245 0 0 0 1 
7680147070235;1.53051;3.04471;0.987161 -0.0302085 -0.156844 -3.788 0.029061 0.999531 -0.00960461 -0.765801 0.15706 0.00492327 0.987577 1.04559 0 0 0 1 
7680147070236;0.104269;2.98378;0.999904 -0.00313817 0.0134653 -3.59348 0.00304936 0.999973 0.00661106 -1.01579 -0.0134856 -0.00656937 0.999887 -0.116288 0 0 0 1 
7680147070237;2.06657;2.21163;0.997676 -0.0220508 -0.064476 -5.04476 0.0106607 0.985052 -0.171929 -0.709657 0.0673033 0.170842 0.982997 4.03998 0 0 0 1 
7680147070238;1.4657;3.09968;0.915669 0.0298442 0.400824 -2.96004 -0.132083 0.964198 0.229948 -2.93464 -0.379611 -0.263498 0.886828 -8.71553 0 0 0 1 
7680147070239;0.672786;2.80158;0.992483 0.00762365 0.122146 -3.21351 -0.0165405 0.997256 0.0721544 -0.933028 -0.121261 -0.0736324 0.989886 -1.87833 0 0 0 1 
7680147070240;1.69401;2.88567;0.998832 0.00587223 0.0479572 -3.20749 -0.00972804 0.996702 0.0805681 -0.424512 -0.0473259 -0.0809405 0.995595 0.504023 0 0 0 1 
7680147070241;1.89764;2.98518;0.99601 -0.0233112 -0.0861443 -3.43461 0.041477 0.975611 0.215554 -0.855819 0.0790185 -0.218267 0.972685 -3.05571 0 0 0 1 
7680147070242;1.04234;2.59263;0.997919 0.00247838 -0.0644358 -3.97426 -0.00180719 0.999944 0.0104727 -0.737914 0.0644581 -0.0103345 0.997867 1.63002 0 0 0 1 
7680147070243;1.63774;2.45699;0.969866 0.0194006 0.242864 -4.17073 -0.0292551 0.998886 0.0370356 -1.69748 -0.241875 -0.0430246 0.969353 -4.013 0 0 0 1 
7680147070244;2.23994;3.33464;0.996519 0.0115423 -0.0825653 -3.19591 0.00668611 0.976114 0.217155 -0.675051 0.0830997 -0.216951 0.972639 1.31648 0 0 0 1 
7680147070245;0.410551;2.9207;0.999771 -0.000225523 -0.0214215 -3.51242 0.000383989 0.999973 0.00739368 -0.905166 0.0214192 -0.00740021 0.999743 -0.189981 0 0 0 1 
7680147070246;0.921508;2.76421;0.994661 -0.0176239 -0.101679 -3.48597 0.0128728 0.998803 -0.0471946 -0.723176 0.102389 0.0456337 0.993697 0.895737 0 0 0 1 
7680147070248;1.50847;1.80716;0.975551 0.0306434 -0.217629 0.796149 0.0366146 0.953732 0.298421 6.65069 0.216704 -0.299093 0.929291 22.5183 0 0 0 1 
7680147070249;1.33018;1.71881;0.995582 0.0696521 0.0629651 3.76248 -0.0700265 0.997538 0.00375684 -3.68992 -0.0625485 -0.00814947 0.998009 -4.38286 0 0 0 1 
7680147070250;0.124558;1.64437;0.996955 0.0758418 0.0181363 1.89854 -0.0757535 0.997111 -0.00550783 -4.88266 -0.0185016 0.00411717 0.99982 -2.21695 0 0 0 1 
7680147070251;0.53556;2.01452;0.977455 0.131454 0.165232 0.32458 -0.147392 0.985141 0.0881696 -10.8009 -0.151187 -0.110536 0.982306 -12.7015 0 0 0 1 
7680147070252;1.1295;1.89608;0.982729 0.138716 0.122477 0.941905 -0.130141 0.988619 -0.0754765 -9.7673 -0.131553 0.0582337 0.989597 -10.4499 0 0 0 1 
7680147070253;0.578449;1.55336;0.998916 0.00371835 -0.0464074 2.85621 -0.00378147 0.999992 -0.00127242 1.45468 0.0464023 0.00144653 0.998922 4.46067 0 0 0 1 
7680147070254;1.15198;1.4603;0.999246 0.037131 0.0113243 3.29868 -0.0371466 0.999309 0.00116657 -0.915604 -0.0112732 -0.00158635 0.999935 -2.81864 0 0 0 1 
7680147070255;0.370863;1.6551;0.992744 0.0933285 0.0758273 1.39685 -0.118343 0.870121 0.478418 -6.00948 -0.0213289 -0.48392 0.874852 1.71256 0 0 0 1 
7680147070256;1.32328;1.76574;0.963906 0.13366 0.23026 -1.30236 -0.0843525 0.973613 -0.212042 -6.09674 -0.252526 0.184966 0.949747 -26.9343 0 0 0 1 
7680147070257;0.807316;1.48686;0.973196 -0.0283304 -0.228225 0.516199 -0.0189279 0.979149 -0.202258 -0.739608 0.229196 0.201156 0.952368 19.1918 0 0 0 1 
7680147070258;0.260139;1.59378;0.951077 0.16593 0.260614 -2.39093 -0.127596 0.979193 -0.157797 -9.89369 -0.281374 0.116824 0.95246 -26.9335 0 0 0 1 
7680147070259;0.965988;1.48042;0.988616 0.0451761 0.143518 1.58817 -0.0544813 0.996614 0.0615807 -3.14434 -0.14025 -0.0686987 0.98773 -12.2853 0 0 0 1 
7680147070260;0.831214;1.5876;0.998844 0.0467839 -0.0110708 2.89116 -0.044467 0.98657 0.157169 -0.830663 0.0182751 -0.156495 0.98751 2.42158 0 0 0 1 
7680147070261;1.06706;1.61451;0.984049 0.0865247 0.155436 1.137 -0.045771 0.967477 -0.248783 -2.6808 -0.171907 0.2377 0.956006 -19.6366 0 0 0 1 
7680147070262;1.52451;2.1265;0.986581 0.0918638 0.134978 2.07004 -0.0930146 0.995662 0.00223092 -7.16464 -0.134187 -0.0147559 0.990846 -14.0641 0 0 0 1 
7680147070263;1.15131;1.88759;0.991761 0.120663 0.0430118 0.569849 -0.119349 0.992339 -0.0319277 -9.51544 -0.0465348 0.0265312 0.998564 -6.69929 0 0 0 1 
7680147070264;1.15529;1.77199;0.994874 0.0994489 0.0183135 1.25189 -0.0993269 0.995027 -0.00745973 -7.01806 -0.0189643 0.00560247 0.999804 0.0901768 0 0 0 1 
7680147070265;0.426203;1.61924;0.967079 0.0171387 0.253899 0.47153 -0.0602753 0.984765 0.16311 -3.00864 -0.247235 -0.173044 0.953378 -21.0502 0 0 0 1 
