#;prob_registration_l1 -r /home/probabilistic_point_clouds_registration/build/tester /home/point_clouds_registration_benchmark//devel/registration_pairs/gazebo_winter_local.txt /home/point_clouds_registration_benchmark//eth/gazebo_winter -s 0.2 -t 0.2 -p 0.3 -r 1000 -m 5 -i 40 
id;initial_error;final_error;transformation
38591597440000;0.538033;0.0233419;0.993617 -0.0998909 -0.0524094 -0.401124 0.101604 0.994339 0.0310962 -0.445634 0.0490065 -0.0362227 0.998141 0.549351 0 0 0 1 
38591597440001;0.518725;0.143592;0.970246 0.167845 0.1745 -0.0869625 -0.181895 0.980978 0.0677947 0.488 -0.159802 -0.0975182 0.982321 0.00440893 0 0 0 1 
38591597440002;0.466312;0.0166941;0.984 -0.130969 0.120794 0.0585737 0.135498 0.990322 -0.0300377 -0.320698 -0.115691 0.0459245 0.992223 -0.210867 0 0 0 1 
38591597440003;0.369171;0.0217226;0.979525 0.201318 0.0015572 -0.202267 -0.201322 0.979518 0.00361841 0.753547 -0.000796857 -0.00385782 0.999992 0.383604 0 0 0 1 
38591597440004;0.566929;0.20998;0.93222 0.251368 -0.260346 0.953714 -0.242472 0.967891 0.0662939 0.817582 0.268651 0.00132615 0.963237 -1.6377 0 0 0 1 
38591597440005;0.214626;0.0207329;0.994894 -0.082776 -0.0577361 -0.00708249 0.0824524 0.996563 -0.00796863 -0.311755 0.0581973 0.00316747 0.9983 -0.595549 0 0 0 1 
38591597440006;0.296525;0.0213963;0.96061 -0.218938 -0.171159 0.163878 0.240068 0.964011 0.114234 -1.01452 0.139989 -0.150824 0.978599 -0.349141 0 0 0 1 
38591597440007;0.55939;0.0303145;0.99017 0.139833 -0.00306447 0.0580122 -0.139288 0.987831 0.0691981 0.168533 0.0127034 -0.0680911 0.997598 -0.877123 0 0 0 1 
38591597440008;0.573696;0.0239473;0.908751 0.00869936 0.417248 0.321671 -0.113455 0.967279 0.226935 0.478888 -0.401621 -0.253566 0.880003 2.45149 0 0 0 1 
38591597440009;0.226381;0.0184367;0.999406 -0.0284065 0.0195272 0.0399597 0.0276893 0.998966 0.0360673 0.0787986 -0.0205315 -0.0355052 0.999159 -0.247213 0 0 0 1 
38591597440010;0.405479;0.024319;0.934088 -0.10956 0.339818 0.0749217 0.224174 0.920738 -0.319354 -0.78608 -0.277895 0.374483 0.884611 1.66619 0 0 0 1 
38591597440011;0.432428;0.033129;0.948402 -0.302146 -0.0961376 0.335513 0.31706 0.901092 0.295816 -1.61582 -0.00275054 -0.311033 0.950395 -0.287114 0 0 0 1 
38591597440012;0.493861;0.0320332;0.99626 -0.00432797 -0.0862977 0.327406 -0.00031554 0.998556 -0.053722 -0.260062 0.0864056 0.0535483 0.99482 0.326061 0 0 0 1 
38591597440013;0.489902;0.234435;0.970656 0.148965 0.188775 -0.0503728 -0.157561 0.987013 0.0312952 0.233964 -0.181662 -0.0601205 0.981522 0.409534 0 0 0 1 
38591597440014;0.265078;0.032083;0.950748 -0.0566347 0.304748 -0.0692399 0.0896623 0.991384 -0.0954874 -0.264379 -0.296714 0.118109 0.947634 1.43751 0 0 0 1 
38591597440015;0.50504;0.202999;0.98573 -0.13792 0.0965167 0.0474587 0.121115 0.979265 0.162392 -0.934913 -0.116913 -0.148385 0.981995 0.136169 0 0 0 1 
38591597440016;0.306367;0.0258242;0.961533 0.115543 -0.249205 0.254357 -0.067983 0.979106 0.191652 -0.00882836 0.266143 -0.167338 0.949298 -1.35431 0 0 0 1 
38591597440017;0.306001;0.0244641;0.991919 -0.126276 0.0123032 -0.215338 0.126831 0.989422 -0.0704183 -0.902893 -0.00328089 0.0714097 0.997442 0.0992738 0 0 0 1 
38591597440018;0.310987;0.0255028;0.975779 0.218331 -0.0136927 0.433906 -0.218535 0.975701 -0.0157936 1.0216 0.00991171 0.0184034 0.999782 -0.293411 0 0 0 1 
38591597440019;0.565481;0.014325;0.985942 -0.160315 0.0470967 -0.577094 0.144727 0.960225 0.238794 -0.245574 -0.0835056 -0.228621 0.969928 -0.154423 0 0 0 1 
38591597440020;0.471158;0.0185201;0.948097 -0.317648 -0.0145804 -0.0317214 0.308901 0.930932 -0.194797 -1.32702 0.0754503 0.180183 0.980735 0.272658 0 0 0 1 
38591597440021;0.264772;0.211498;0.982686 0.0747176 0.169544 -0.109115 -0.0854041 0.994736 0.0566295 0.12413 -0.16442 -0.0701288 0.983894 0.562879 0 0 0 1 
38591597440022;0.382739;0.0284652;0.994623 -0.0274525 -0.0998586 -0.315072 0.0337775 0.997491 0.0622101 -0.467301 0.0979003 -0.0652486 0.993055 -0.0755877 0 0 0 1 
38591597440023;0.504596;0.221015;0.98605 0.163258 -0.0324307 0.0552417 -0.165061 0.984194 -0.0641696 0.868492 0.0214419 0.0686275 0.997412 -0.570873 0 0 0 1 
38591597440024;0.223621;0.0239991;0.997174 -0.0532874 0.0529485 -0.0337645 0.0651354 0.964466 -0.256051 0.0526306 -0.0374228 0.258776 0.965212 0.320935 0 0 0 1 
38591597440025;0.497841;0.0225106;0.937014 -0.231557 0.261506 -0.372311 0.266676 0.957778 -0.107448 -1.36262 -0.225584 0.170418 0.959203 0.626636 0 0 0 1 
38591597440026;0.507307;0.0367411;0.931038 -0.288394 -0.223599 0.429986 0.299846 0.953812 0.0183118 -0.765866 0.20799 -0.0840941 0.974509 -0.606125 0 0 0 1 
38591597440027;0.37107;0.0279243;0.995803 0.00337409 0.0914628 -0.24535 -0.0456512 0.884448 0.464401 0.12034 -0.0793271 -0.466627 0.880889 0.358104 0 0 0 1 
38591597440028;0.144155;0.0202959;0.98604 -0.15791 -0.0528152 0.0221957 0.156527 0.987236 -0.0294016 -0.601558 0.0567838 0.0207241 0.998171 -0.153786 0 0 0 1 
38591597440029;0.386592;0.0165881;0.934044 -0.321622 0.155313 0.0271414 0.273185 0.923469 0.269397 -1.44726 -0.23007 -0.2092 0.950423 0.853346 0 0 0 1 
38591597440031;0.613756;0.292897;0.960551 -0.0635357 -0.27075 0.37484 0.0431177 0.995805 -0.0807108 -0.696055 0.274742 0.0658527 0.95926 -1.27298 0 0 0 1 
38591597440032;0.317715;0.0327453;0.934948 0.296852 -0.194294 1.03608 -0.31697 0.944921 -0.0815703 1.45832 0.159379 0.137849 0.977546 -0.421112 0 0 0 1 
38591597440033;0.586776;0.236911;0.929564 -0.0674563 0.362436 0.224848 0.0523824 0.99731 0.0512698 0.150902 -0.36492 -0.0286733 0.930597 1.45713 0 0 0 1 
38591597440034;0.22655;0.066027;0.991986 -0.103901 0.0718983 -0.275681 0.116143 0.97389 -0.19506 -0.659246 -0.0497542 0.201847 0.978152 0.592964 0 0 0 1 
38591597440035;0.489052;0.0219819;0.986583 -0.0939779 0.133496 -0.00943 0.106847 0.989941 -0.0927399 -1.24567 -0.123438 0.105759 0.986701 0.731434 0 0 0 1 
38591597440036;0.235684;0.0388636;0.986066 -0.166355 5.10083e-06 -0.127652 0.166314 0.985822 -0.0222429 -0.556241 0.00369518 0.0219338 0.999753 -0.0322761 0 0 0 1 
38591597440037;0.200232;0.0337563;0.994704 0.100626 0.0209149 0.161046 -0.100685 0.994917 0.00181699 0.400782 -0.0206257 -0.00391319 0.99978 -0.23682 0 0 0 1 
38591597440038;0.419626;0.0611729;0.958915 0.27687 -0.0618478 0.675912 -0.283679 0.938036 -0.199036 1.04173 0.00290832 0.208403 0.978039 0.826504 0 0 0 1 
38591597440039;0.360484;0.0293018;0.998717 -0.0194682 0.0467506 -0.0614786 0.0263611 0.988078 -0.15168 -0.265105 -0.0432403 0.152718 0.987323 -0.0741791 0 0 0 1 
38591597440040;0.46013;0.0345412;0.879255 0.234645 -0.41455 1.39972 -0.243969 0.969282 0.0311807 0.921061 0.409133 0.0737218 0.909492 -1.94171 0 0 0 1 
38591597440041;0.266595;0.0262818;0.998506 0.0540388 0.00808056 -0.33786 -0.0541465 0.998438 0.0137588 0.165275 -0.00732443 -0.0141758 0.999873 0.0520407 0 0 0 1 
38591597440042;0.263344;0.0255043;0.966209 0.213064 -0.145068 0.613 -0.197492 0.973588 0.114553 0.477261 0.165643 -0.0820324 0.982768 -0.732022 0 0 0 1 
38591597440043;0.518284;0.0306103;0.962681 0.265217 -0.0538926 1.03156 -0.258041 0.959537 0.11271 1.08435 0.0816046 -0.0945977 0.992165 -1.28176 0 0 0 1 
38591597440044;0.328581;0.0324931;0.963702 0.251702 0.0890175 0.554807 -0.243672 0.965487 -0.0919767 1.24639 -0.109096 0.066947 0.991774 0.920418 0 0 0 1 
38591597440045;0.358212;0.0267562;0.978464 0.164253 0.125013 0.130166 -0.168026 0.985576 0.0201853 0.937876 -0.119894 -0.0407561 0.99195 0.864667 0 0 0 1 
38591597440046;0.061941;0.0289121;0.999471 -0.012766 0.0299107 0.0140964 0.0119764 0.999579 0.02643 -0.0507704 -0.0302355 -0.0260578 0.999203 0.0624124 0 0 0 1 
38591597440047;0.281023;0.0279427;0.982671 0.169717 -0.0745295 0.564211 -0.160921 0.980661 0.111397 0.425484 0.0919941 -0.0974734 0.990977 -0.94727 0 0 0 1 
38591597440048;0.595102;0.0344382;0.985868 0.0527695 -0.158996 0.0112071 -0.00179141 0.952359 0.304973 -0.848528 0.167515 -0.300378 0.938995 -2.0576 0 0 0 1 
38591597440049;0.461067;0.0231651;0.897226 0.122544 -0.424227 0.98464 -0.205557 0.966188 -0.155648 0.830726 0.39081 0.226854 0.892079 -1.62901 0 0 0 1 
38591597440050;0.266343;0.0220479;0.99865 0.0114638 -0.050662 0.0874974 -0.0265372 0.951049 -0.307899 0.183211 0.0446524 0.308828 0.950069 0.131674 0 0 0 1 
38591597440051;0.432966;0.0258576;0.926975 0.186746 -0.325336 1.11844 -0.184948 0.982061 0.0367419 1.08209 0.326362 0.0261116 0.944884 -1.2034 0 0 0 1 
38591597440052;0.0767887;0.0275958;0.994941 -0.0183031 0.0987753 -0.0471635 0.0208126 0.999485 -0.0244363 -0.113922 -0.0982771 0.0263684 0.99481 0.432848 0 0 0 1 
38591597440053;0.465189;0.0343745;0.971612 0.226145 -0.0694939 0.982253 -0.219091 0.970929 0.0964123 1.42698 0.0892769 -0.0784498 0.992913 -0.440083 0 0 0 1 
38591597440054;0.503874;0.0281805;0.997412 0.04526 0.0558627 -0.742599 -0.0496687 0.995538 0.0802339 0.158896 -0.051982 -0.0828009 0.995209 0.216713 0 0 0 1 
38591597440055;0.362809;0.0275075;0.992822 -0.119447 0.00600191 -0.196399 0.119457 0.992838 -0.00139797 -0.660896 -0.00579194 0.00210491 0.999981 -0.548936 0 0 0 1 
38591597440056;0.349297;0.0402572;0.954638 0.27528 0.113519 0.601851 -0.297372 0.901017 0.315815 0.831846 -0.0153449 -0.335246 0.942006 -0.360606 0 0 0 1 
38591597440057;0.335627;0.0356755;0.925505 -0.0174402 -0.378334 0.554833 0.0342725 0.998697 0.0378023 -0.12084 0.377182 -0.0479527 0.924897 -1.69014 0 0 0 1 
38591597440058;0.689618;0.169097;0.971364 0.229849 -0.0601821 -0.322615 -0.230884 0.972922 -0.0107572 1.327 0.05608 0.0243442 0.998129 -0.517715 0 0 0 1 
38591597440059;0.45308;0.0220694;0.999985 0.00503765 0.00210094 -0.36522 -0.00501886 0.999948 -0.00885124 -0.369458 -0.00214542 0.00884056 0.999959 -0.548436 0 0 0 1 
38591597440060;0.265486;0.028559;0.995545 -0.0923803 0.0188544 -0.00968053 0.0910105 0.993804 0.0637956 -0.662078 -0.0246311 -0.0617955 0.997785 0.295561 0 0 0 1 
38591597440062;0.128316;0.037879;0.997062 -0.0765047 0.00374992 -0.224606 0.0751318 0.986351 0.146514 -0.522022 -0.0149077 -0.145802 0.989202 -0.419564 0 0 0 1 
38591597440063;0.451456;0.0411203;0.996298 -0.034692 0.0786499 -0.254565 0.00796034 0.948249 0.317429 -0.531335 -0.0855919 -0.315628 0.945015 0.192647 0 0 0 1 
38591597440064;0.130373;0.0357381;0.997745 0.0671156 -0.000964906 0.0307514 -0.0669639 0.994296 -0.083012 0.179928 -0.004612 0.0828894 0.996548 0.160829 0 0 0 1 
38591597440065;0.480669;0.0467172;0.950605 0.0823255 0.299287 -0.0649814 -0.0602106 0.994779 -0.0823932 0.367463 -0.304507 0.0603031 0.950599 0.852024 0 0 0 1 
38591597440066;0.373674;0.0514493;0.918697 0.0331599 0.393569 0.0964892 -0.073387 0.993449 0.0876026 0.352119 -0.388086 -0.109363 0.915111 1.65993 0 0 0 1 
38591597440067;0.212733;0.039176;0.984094 0.143625 0.104547 0.310183 -0.166602 0.950435 0.262521 0.409162 -0.0616606 -0.275763 0.959246 -0.393708 0 0 0 1 
38591597440068;0.0642751;0.0319494;0.99815 -0.0399499 -0.0458324 -0.113566 0.0371966 0.997539 -0.0594307 -0.117791 0.0480939 0.057616 0.99718 -0.055817 0 0 0 1 
38591597440069;0.225205;0.0344175;0.993708 -0.0542823 -0.0979688 -0.100188 0.0464112 0.99564 -0.0809087 -0.151501 0.101934 0.0758528 0.991895 -0.648537 0 0 0 1 
38591597440070;0.596655;0.0360112;0.983748 -0.132542 0.12113 -1.02377 0.145021 0.984285 -0.100757 -0.0142581 -0.105872 0.116685 0.98751 0.473687 0 0 0 1 
38591597440071;0.538974;0.0381755;0.968522 0.203275 0.143682 0.259143 -0.230361 0.950643 0.207874 1.21205 -0.0943346 -0.234429 0.967545 0.428396 0 0 0 1 
38591597440072;0.398938;0.0342097;0.986595 0.0847078 -0.139481 0.387135 -0.130301 0.923489 -0.360818 0.907105 0.0982451 0.374156 0.922147 0.205475 0 0 0 1 
38591597440073;0.454646;0.04439;0.972311 0.233323 0.0131074 0.149851 -0.23327 0.972397 -0.00547938 0.746108 -0.0140241 0.00227009 0.999899 -0.323303 0 0 0 1 
38591597440074;0.403252;0.0497397;0.995264 -0.0971797 0.00221855 0.338193 0.0971901 0.994452 -0.0402379 -0.367087 0.00170406 0.0402629 0.999188 0.255567 0 0 0 1 
38591597440075;0.606683;0.0466053;0.998764 -0.0430729 -0.0248137 0.317176 0.027934 0.899233 -0.436578 0.0172019 0.0411179 0.435345 0.899324 1.67814 0 0 0 1 
38591597440076;0.528752;0.0306013;0.999224 0.0204078 -0.0336985 -0.609509 -0.0196264 0.999534 0.0233587 0.240191 0.0341595 -0.0226792 0.999159 0.310443 0 0 0 1 
38591597440077;0.46683;0.425624;0.971746 0.0194502 0.235224 -0.606812 -0.0657887 0.979423 0.190797 0.0811067 -0.226673 -0.200881 0.95303 0.449223 0 0 0 1 
38591597440078;0.164495;0.030771;0.999959 -0.00815395 0.00387853 -0.289904 0.00819536 0.999908 -0.0107834 -0.102134 -0.00379025 0.0108148 0.999934 0.0846146 0 0 0 1 
38591597440079;0.383028;0.0434788;0.935746 0.0681762 0.346023 0.48512 -0.121738 0.983272 0.135483 0.361119 -0.330998 -0.168902 0.928393 0.616597 0 0 0 1 
38591597440080;0.593423;0.363423;0.996031 -0.0737035 -0.0499074 -0.216531 0.0752644 0.996708 0.0301507 -0.310134 0.0475208 -0.0337872 0.998299 0.363663 0 0 0 1 
38591597440081;0.611108;0.03515;0.939186 -0.0115732 -0.343215 0.949454 -0.10471 0.942189 -0.318302 0.463182 0.327057 0.334882 0.883678 -1.15635 0 0 0 1 
38591597440082;0.502695;0.343568;0.997118 0.0726619 0.0218032 -0.322533 -0.074465 0.992367 0.0982946 0.228449 -0.0144946 -0.099635 0.994918 -0.69602 0 0 0 1 
38591597440083;0.715049;0.0366363;0.913613 -0.36331 0.182528 -0.514332 0.392792 0.904618 -0.165471 -2.15332 -0.105001 0.222872 0.969176 1.98892 0 0 0 1 
38591597440084;0.378082;0.0434268;0.988577 -0.00739339 0.150538 -0.216004 -0.022011 0.981006 0.192725 -0.072292 -0.149104 -0.193837 0.969637 -0.431701 0 0 0 1 
38591597440085;0.428084;0.448766;0.998726 0.0282942 0.0417717 -0.114403 -0.0292734 0.999306 0.0230181 0.00899198 -0.0410915 -0.0242116 0.998862 0.196309 0 0 0 1 
38591597440086;0.348552;0.0513251;0.9522 0.210671 -0.221209 0.763739 -0.274788 0.907046 -0.318997 1.06365 0.133443 0.364534 0.921579 0.536787 0 0 0 1 
38591597440087;0.456571;0.0376992;0.970954 -0.23723 -0.0311587 -0.981193 0.237972 0.971007 0.0226966 -1.28379 0.024871 -0.0294522 0.999257 -0.686322 0 0 0 1 
38591597440088;0.581918;0.0384446;0.991826 0.0419837 0.12049 -0.425175 -0.0442288 0.998893 0.0160187 0.524193 -0.119684 -0.0212169 0.992585 -0.308495 0 0 0 1 
38591597440089;0.343578;0.0341398;0.975096 -0.182842 -0.125523 -0.258039 0.138474 0.944025 -0.299401 -0.464788 0.17324 0.274563 0.945835 -0.417803 0 0 0 1 
38591597440090;0.290589;0.0364173;0.994307 -0.103906 0.0236132 -0.22878 0.103676 0.994553 0.0107533 -0.147606 -0.0246019 -0.00824393 0.999663 0.337236 0 0 0 1 
38591597440091;0.344699;0.333638;0.999053 -0.0314792 0.0300437 -0.170909 0.031984 0.999353 -0.0164738 -0.149414 -0.0295056 0.0174191 0.999413 0.106923 0 0 0 1 
38591597440093;0.395285;0.0226336;0.920949 -0.326244 0.213116 -0.0375484 0.338571 0.940657 -0.0230972 -0.0658724 -0.192933 0.0934261 0.976754 -0.221991 0 0 0 1 
38591597440094;0.48271;0.0138083;0.899918 0.097628 0.424991 0.0562622 -0.131175 0.990081 0.0503238 0.47403 -0.415862 -0.101035 0.903798 -0.121556 0 0 0 1 
38591597440095;0.208258;0.0130755;0.966946 0.254925 -0.00535698 -0.114427 -0.254668 0.966586 0.0292452 0.282291 0.0126333 -0.0269142 0.999558 -0.00522955 0 0 0 1 
38591597440096;0.348707;0.0177922;0.905793 0.365704 -0.214011 0.0173255 -0.325558 0.92393 0.20091 0.344361 0.271204 -0.11231 0.955947 -0.0558004 0 0 0 1 
38591597440097;0.0996698;0.016876;0.995853 -0.0855036 -0.0310834 0.0536317 0.0852745 0.99632 -0.00862361 -0.127286 0.0317064 0.00593722 0.99948 0.0798032 0 0 0 1 
38591597440098;0.341585;0.016746;0.918862 -0.297201 0.259548 0.17646 0.266675 0.952563 0.146659 -0.419503 -0.290823 -0.0655443 0.954529 0.420244 0 0 0 1 
38591597440099;0.517514;0.0171801;0.868045 0.253997 0.426596 -0.640958 -0.281062 0.95969 0.000506549 0.592118 -0.409271 -0.120339 0.904442 0.512915 0 0 0 1 
38591597440100;0.554576;0.0145444;0.89962 0.241612 0.363742 -0.823395 -0.226247 0.970355 -0.084986 -0.300489 -0.373492 -0.00584039 0.927615 0.371526 0 0 0 1 
38591597440101;0.308911;0.0109033;0.997437 0.0116234 -0.0705995 0.40421 -0.0129479 0.999748 -0.0183322 -0.179818 0.0703686 0.0191993 0.997336 -0.682628 0 0 0 1 
38591597440102;0.281264;0.0188697;0.965087 0.228691 0.127698 -0.131118 -0.251194 0.94623 0.203837 0.500786 -0.0742164 -0.228798 0.970641 0.0649358 0 0 0 1 
38591597440103;0.458862;0.0211799;0.941618 -0.321981 0.0984117 0.684091 0.302833 0.937692 0.170369 -0.770111 -0.147135 -0.13062 0.980454 -0.0669322 0 0 0 1 
38591597440104;0.179607;0.017799;0.980458 0.0456511 -0.191359 0.129201 -0.0359257 0.997895 0.0539892 -0.126818 0.193421 -0.0460594 0.980034 -0.25195 0 0 0 1 
38591597440105;0.407802;0.288751;0.987409 -0.143588 -0.0663741 0.0898897 0.14379 0.989607 -0.00175638 -0.297442 0.0659364 -0.00780967 0.997793 -0.0860876 0 0 0 1 
38591597440106;0.119513;0.0117501;0.998012 -0.00766388 0.0625609 -0.133061 0.011476 0.998084 -0.0608046 0.103398 -0.061975 0.0614017 0.996187 -0.133502 0 0 0 1 
38591597440107;0.268114;0.0162531;0.957158 -0.289195 -0.0146506 0.00737681 0.287246 0.954666 -0.0781146 -0.0973456 0.0365768 0.0705597 0.996837 0.0655844 0 0 0 1 
38591597440108;0.407271;0.0156998;0.925536 0.356709 -0.127049 -0.34313 -0.336951 0.92893 0.15347 0.392055 0.172764 -0.0992325 0.979952 0.324846 0 0 0 1 
38591597440109;0.443389;0.0133924;0.975279 0.159577 0.152861 -0.710631 -0.183374 0.970446 0.156874 -0.508464 -0.12331 -0.181027 0.975717 0.088935 0 0 0 1 
38591597440110;0.432632;0.016251;0.972905 -0.073865 0.219087 -0.59892 0.130856 0.957135 -0.258398 0.461786 -0.190609 0.280065 0.940867 0.0398555 0 0 0 1 
38591597440111;0.338245;0.015266;0.911726 0.34736 -0.21931 0.0678623 -0.342058 0.937566 0.062971 0.175051 0.227491 0.0176044 0.973621 -0.017493 0 0 0 1 
38591597440112;0.277197;0.00740862;0.970457 0.136692 0.198818 -0.355071 -0.0996105 0.977515 -0.185854 -0.0350347 -0.219753 0.160559 0.962252 0.238457 0 0 0 1 
38591597440113;0.357829;0.0144192;0.959039 0.283039 0.0115198 -0.122566 -0.283091 0.956168 0.0748435 0.204721 0.0101688 -0.075039 0.997129 -0.536153 0 0 0 1 
38591597440114;0.246214;0.00977995;0.973556 0.223767 0.0460108 -0.179269 -0.215922 0.967093 -0.134566 0.496792 -0.0746081 0.121072 0.989836 -0.0495283 0 0 0 1 
38591597440115;0.388473;0.0231821;0.882445 -0.353586 0.310269 0.140785 0.377522 0.925813 -0.0186562 -0.388386 -0.280655 0.133597 0.950466 0.335292 0 0 0 1 
38591597440116;0.336493;0.0232713;0.943008 -0.29754 0.149017 0.268581 0.331158 0.883116 -0.332326 0.013899 -0.0327194 0.362734 0.931318 -0.20858 0 0 0 1 
38591597440117;0.374866;0.0112873;0.999742 0.0211429 -0.00826768 0.837658 -0.0209306 0.999469 0.0249714 -0.183842 0.00879126 -0.024792 0.999654 0.232139 0 0 0 1 
38591597440118;0.178075;0.0142827;0.985712 -0.136013 0.0993617 0.0522723 0.155905 0.960019 -0.232501 0.0282946 -0.063766 0.24467 0.967507 -0.0232946 0 0 0 1 
38591597440119;0.473817;0.0146091;0.98396 -0.176048 0.0288066 1.05592 0.176423 0.984253 -0.010987 -0.357757 -0.0264188 0.015893 0.999525 0.377684 0 0 0 1 
38591597440120;0.215098;0.0204267;0.968974 -0.246844 0.0125059 0.243195 0.246732 0.969033 0.00989319 -0.319505 -0.0145607 -0.00650065 0.999873 0.0154943 0 0 0 1 
38591597440121;0.418127;0.0165444;0.992003 0.0928726 0.0854661 0.0395091 -0.098409 0.993149 0.0630162 0.00168483 -0.0790281 -0.0709229 0.994346 1.06395 0 0 0 1 
38591597440122;0.192825;0.0171608;0.972047 0.232668 0.0314511 -0.159111 -0.234757 0.965217 0.115087 0.171123 -0.00357997 -0.119254 0.992857 0.103812 0 0 0 1 
38591597440124;0.0779043;0.0354578;0.999388 0.0162077 -0.0310128 0.0267805 -0.01663 0.999772 -0.0134087 0.0864325 0.0307884 0.0139163 0.999429 0.132241 0 0 0 1 
38591597440125;0.14453;0.0286192;0.998927 0.0132139 -0.0443806 0.097794 -0.00236056 0.971705 0.236184 -0.185648 0.0462458 -0.235826 0.970694 -0.581322 0 0 0 1 
38591597440126;0.34028;0.040931;0.951889 -0.157144 0.263083 -0.687721 0.19119 0.975471 -0.109098 -0.230621 -0.239486 0.154148 0.958585 0.296782 0 0 0 1 
38591597440127;0.280733;0.0218014;0.975278 -0.110404 0.191427 -0.517467 0.105894 0.993807 0.0336651 0.223902 -0.193959 -0.0125619 0.980929 0.257707 0 0 0 1 
38591597440128;0.300881;0.0376758;0.934089 0.354731 -0.0405482 0.952775 -0.339407 0.91746 0.207533 0.0318415 0.11082 -0.180092 0.977387 -0.553217 0 0 0 1 
38591597440129;0.231531;0.038483;0.958411 0.0915789 -0.270301 0.515544 -0.030773 0.974757 0.221139 0.00797108 0.283729 -0.203624 0.937035 -0.727536 0 0 0 1 
38591597440130;0.346361;0.0388066;0.99192 -0.125361 0.0194827 -0.366952 0.125101 0.992045 0.0140488 -0.739869 -0.0210889 -0.0114979 0.999711 -0.223018 0 0 0 1 
38591597440131;0.336968;0.324461;0.987273 -0.145944 0.0631831 -0.112119 0.145831 0.989289 0.00641538 0.234124 -0.0634426 0.00288035 0.997981 0.126713 0 0 0 1 
38591597440132;0.344656;0.0431259;0.903258 0.35316 -0.243729 1.13537 -0.368445 0.929462 -0.0186747 0.159975 0.219942 0.106669 0.969664 0.22074 0 0 0 1 
38591597440133;0.350181;0.0438647;0.988223 0.152025 0.0174475 0.241961 -0.149309 0.982916 -0.107622 -0.401058 -0.0335106 0.103749 0.994039 0.487009 0 0 0 1 
38591597440134;0.561974;0.230128;0.941144 -0.240771 0.237227 -0.0449662 0.249548 0.968336 -0.00722248 0.19009 -0.227977 0.065997 0.971427 0.99078 0 0 0 1 
38591597440135;0.216019;0.0368022;0.979246 -0.0285485 -0.200656 0.187325 0.0547337 0.990495 0.126189 -0.228951 0.195146 -0.134553 0.971501 -0.570408 0 0 0 1 
38591597440136;0.499684;0.218058;0.988395 -0.151867 0.00339085 0.0409709 0.151522 0.987239 0.0490023 -0.227067 -0.0107894 -0.0479198 0.998793 -0.795567 0 0 0 1 
38591597440137;0.297035;0.0285553;0.994637 0.102287 0.0153072 0.101492 -0.10124 0.99316 -0.0581723 0.6948 -0.0211528 0.0563107 0.998189 0.121569 0 0 0 1 
38591597440138;0.314957;0.0301241;0.938073 0.272935 0.213365 0.708944 -0.280745 0.95976 0.00659281 0.331664 -0.20298 -0.0660856 0.97695 -0.107754 0 0 0 1 
38591597440139;0.155913;0.0320675;0.994762 -0.00746853 0.101942 0.141596 0.0236014 0.98716 -0.157984 0.140569 -0.0994532 0.159562 0.982165 0.604685 0 0 0 1 
38591597440140;0.442404;0.0242976;0.98352 -0.0649332 0.168736 -0.162556 0.0119645 0.954611 0.297616 -0.254178 -0.180402 -0.290692 0.939656 0.164522 0 0 0 1 
38591597440141;0.257242;0.0458571;0.976419 0.171754 -0.130792 0.775918 -0.110843 0.91874 0.378986 -0.346538 0.185257 -0.355551 0.916113 -1.0951 0 0 0 1 
38591597440142;0.222719;0.0297773;0.977591 0.121174 0.172141 0.240981 -0.123889 0.992283 0.00508129 0.162282 -0.170197 -0.0262939 0.985059 0.29037 0 0 0 1 
38591597440143;0.482302;0.0370526;0.942307 0.174672 -0.285564 0.811527 -0.0902263 0.954026 0.285822 -0.796673 0.32236 -0.243567 0.914745 -0.772563 0 0 0 1 
38591597440144;0.255934;0.0290708;0.996852 0.0780436 -0.0139598 0.312874 -0.0778406 0.99686 0.0145346 0.323444 0.0150503 -0.0134022 0.999797 -0.525096 0 0 0 1 
38591597440145;0.370694;0.347574;0.966001 -0.122196 -0.22784 0.272355 0.108587 0.99152 -0.071387 0.403244 0.234631 0.0442195 0.971078 -0.158403 0 0 0 1 
38591597440146;0.299941;0.0391359;0.996143 0.0645194 -0.0594707 0.247646 -0.0698439 0.993279 -0.0922918 -0.132923 0.0531164 0.0960895 0.993954 0.762056 0 0 0 1 
38591597440147;0.410512;0.036566;0.984058 -0.175061 0.0313478 -0.765958 0.175108 0.984548 0.00124747 0.158914 -0.0310818 0.00426168 0.999508 -0.608686 0 0 0 1 
38591597440148;0.471802;0.386298;0.972441 -0.171866 -0.157544 0.236961 0.177841 0.983753 0.0245418 0.202365 0.150767 -0.0518834 0.987207 -0.0987788 0 0 0 1 
38591597440149;0.337741;0.0288726;0.999961 0.00144719 -0.00870513 0.120901 -0.00146933 0.999996 -0.00253783 0.254901 0.00870142 0.00255052 0.999959 -0.700414 0 0 0 1 
38591597440150;0.131256;0.0363411;0.998661 -0.0514761 -0.0051187 -0.187566 0.0514585 0.998669 -0.00351747 0.0710785 0.00529295 0.00324936 0.999981 -0.213566 0 0 0 1 
38591597440151;0.387023;0.314031;0.99296 -0.0676798 -0.0972133 0.00793428 0.0693928 0.997486 0.0143459 0.0357736 0.095998 -0.0209908 0.99516 0.253008 0 0 0 1 
38591597440152;0.263342;0.0693322;0.962909 -0.269615 -0.0107016 -0.491046 0.269813 0.96251 0.0278591 -0.265134 0.00278918 -0.0297132 0.999555 -0.0364183 0 0 0 1 
38591597440153;0.441403;0.033304;0.989529 0.134498 -0.0523733 0.421235 -0.124938 0.979857 0.155789 0.558907 0.0722717 -0.147615 0.986401 0.228315 0 0 0 1 
38591597440155;0.258376;0.00664964;0.998737 0.0424495 0.0268742 -0.601766 -0.0436063 0.998078 0.044034 0.258546 -0.0249534 -0.0451503 0.998669 0.518238 0 0 0 1 
38591597440156;0.221561;0.0066552;0.999774 0.0123932 -0.0172523 0.0251678 -0.0136982 0.996882 -0.077705 0.0100881 0.0162355 0.0779238 0.996827 -0.708505 0 0 0 1 
38591597440157;0.430412;0.277122;0.990051 -0.104083 -0.0946884 0.434365 0.0882466 0.983438 -0.158312 0.12833 0.109598 0.148381 0.982839 -0.44311 0 0 0 1 
38591597440158;0.209175;0.00541607;0.987496 0.0374221 0.153141 -0.104294 -0.0436285 0.998349 0.037368 0.192337 -0.15149 -0.0435821 0.987498 0.638284 0 0 0 1 
38591597440159;0.222826;0.00699154;0.963936 -0.22272 -0.145685 -0.0123611 0.212777 0.973754 -0.0807969 -0.223985 0.159856 0.0468846 0.986026 -0.235901 0 0 0 1 
38591597440160;0.348174;0.00684913;0.998039 0.0463496 -0.0420635 -0.270245 -0.0493359 0.996112 -0.0729791 0.928428 0.0385174 0.0749112 0.996446 -0.549053 0 0 0 1 
38591597440161;0.528254;0.402143;0.994625 -0.0943741 -0.0426019 0.281071 0.0931326 0.995194 -0.0302474 -0.199161 0.0452517 0.0261171 0.998634 0.110706 0 0 0 1 
38591597440162;0.274646;0.00566835;0.997595 -0.0686331 -0.00972076 -0.735349 0.0686908 0.997621 0.00573914 -0.0159111 0.00930374 -0.00639306 0.999936 -0.136255 0 0 0 1 
38591597440163;0.298037;0.00569923;0.962605 -0.268671 -0.0347346 0.580059 0.27012 0.961654 0.0475111 -0.136654 0.0206378 -0.055117 0.998267 -0.280612 0 0 0 1 
38591597440164;0.263298;0.00776825;0.976419 0.183713 -0.113381 -0.268533 -0.179206 0.982599 0.0488274 0.0802353 0.120378 -0.0273575 0.992351 0.543882 0 0 0 1 
38591597440165;0.352749;0.00691209;0.977322 0.209651 -0.0298168 -0.609009 -0.211221 0.955076 -0.207883 0.61087 -0.0151056 0.209466 0.977699 -0.421764 0 0 0 1 
38591597440166;0.206209;0.00777827;0.982727 -0.182429 0.031087 0.343317 0.183863 0.981567 -0.052161 0.222655 -0.0209983 0.0569758 0.998155 -0.20262 0 0 0 1 
38591597440167;0.319448;0.00622375;0.999943 -0.00471692 0.00959663 0.356304 0.00474156 0.999986 -0.00254668 -0.462239 -0.00958448 0.00259203 0.999951 -0.753741 0 0 0 1 
38591597440168;0.116047;0.00602944;0.999743 0.0185101 -0.0130873 -0.0235089 -0.0200888 0.990898 -0.133106 0.136012 0.0105043 0.133334 0.991015 -0.212765 0 0 0 1 
38591597440169;0.218803;0.00560776;0.997523 -0.0271149 0.0649055 0.00327461 0.0106346 0.970246 0.241888 -0.19934 -0.069533 -0.240598 0.968131 0.473558 0 0 0 1 
38591597440170;0.167043;0.00741626;0.999687 0.00778087 -0.0237706 0.0557888 -0.00767927 0.999961 0.0043629 -0.0683295 0.0238036 -0.00417899 0.999708 -0.488834 0 0 0 1 
38591597440171;0.339075;0.00683979;0.961842 -0.254796 0.0996983 0.471215 0.256686 0.966474 -0.00640225 0.07769 -0.0947245 0.0317491 0.994997 0.669354 0 0 0 1 
38591597440172;0.374586;0.00732042;0.976443 -0.0863935 -0.197725 1.05252 0.0493268 0.981455 -0.18524 0.0999049 0.210062 0.171123 0.962596 -0.0344537 0 0 0 1 
38591597440173;0.118391;0.00719792;0.997677 0.027316 0.0624073 -0.305075 -0.0249981 0.998979 -0.0376249 0.0380637 -0.0633714 0.0359775 0.997341 0.170737 0 0 0 1 
38591597440174;0.158802;0.00788038;0.993154 -0.0361662 0.111075 -0.128783 0.0133865 0.979838 0.199345 -0.0792019 -0.116045 -0.196493 0.973614 0.207171 0 0 0 1 
38591597440175;0.263758;0.00675099;0.963096 0.184917 0.195579 -0.560853 -0.199935 0.977978 0.0598809 0.0937828 -0.180199 -0.0967741 0.978858 0.361522 0 0 0 1 
38591597440176;0.174741;0.00690673;0.998568 -0.0523438 0.0110544 0.0592999 0.0496064 0.983312 0.175033 -0.343537 -0.0200318 -0.174234 0.9845 0.150671 0 0 0 1 
38591597440177;0.253101;0.00765134;0.992274 0.12181 0.0235497 -0.607154 -0.121129 0.992229 -0.0284333 -0.313994 -0.0268302 0.0253611 0.999318 -0.199016 0 0 0 1 
38591597440178;0.247175;0.00757571;0.996438 0.0794175 0.028359 -0.360997 -0.077902 0.995653 -0.051053 -0.568552 -0.0322902 0.0486619 0.998293 -0.161005 0 0 0 1 
38591597440179;0.388374;0.346049;0.997513 -0.0685553 0.0163621 -0.0728655 0.0691639 0.996799 -0.0400958 0.067935 -0.0135609 0.0411277 0.999062 0.0704837 0 0 0 1 
38591597440180;0.287474;0.0063128;0.905403 0.291818 -0.308364 -0.0371777 -0.276951 0.956471 0.0919798 0.232902 0.321783 0.00212313 0.946811 -0.342356 0 0 0 1 
38591597440181;0.269146;0.00653334;0.998892 -0.032455 0.0340667 0.213513 0.0291016 0.995081 0.0946968 -0.735131 -0.0369725 -0.0936005 0.994923 -0.139685 0 0 0 1 
38591597440182;0.36237;0.00639282;0.95004 0.286442 0.123998 -0.743039 -0.302222 0.943477 0.136062 0.0961138 -0.0780158 -0.166739 0.98291 -0.152075 0 0 0 1 
38591597440183;0.418551;0.0110225;0.936406 -0.350038 0.0248553 0.859549 0.349076 0.921897 -0.16808 -0.465636 0.0359204 0.166068 0.98546 -0.134275 0 0 0 1 
38591597440184;0.369769;0.00732419;0.999563 -0.0222466 0.0194882 -0.809643 0.0249202 0.988389 -0.149886 -0.060477 -0.0159275 0.150306 0.988511 -0.697497 0 0 0 1 
38591597440186;0.226268;0.0485506;0.999974 -0.00635448 0.00344915 -0.117434 0.00631615 0.999919 0.011011 -0.286915 -0.00351884 -0.010989 0.999933 0.0455972 0 0 0 1 
38591597440187;0.539163;0.191175;0.99188 -0.103454 0.073963 0.173908 0.103208 0.994634 0.00715637 -0.613752 -0.0743065 0.000535273 0.997235 0.710902 0 0 0 1 
38591597440188;0.243538;0.0394482;0.971212 0.179139 0.157023 -0.219857 -0.202074 0.968601 0.144838 0.55386 -0.126146 -0.172399 0.976916 0.458932 0 0 0 1 
38591597440189;0.327282;0.0578553;0.998443 -0.0104549 -0.0547914 0.173515 0.013396 0.998473 0.0535879 -0.150237 0.0541475 -0.0542384 0.997059 -0.589095 0 0 0 1 
38591597440190;0.477387;0.0344303;0.943868 0.112864 0.310444 -0.0957585 -0.189561 0.954734 0.229236 0.445106 -0.270519 -0.275217 0.922537 1.39343 0 0 0 1 
38591597440191;0.452785;0.064672;0.992419 0.00714198 0.122696 -0.00910003 -0.0612821 0.894111 0.443633 -0.0731579 -0.106535 -0.447789 0.88777 0.922146 0 0 0 1 
38591597440192;0.627235;0.366222;0.99739 -0.0713448 0.0111385 0.235987 0.0703869 0.995019 0.0705889 -0.534924 -0.0161192 -0.0696206 0.997443 0.724505 0 0 0 1 
38591597440193;0.3706;0.0474726;0.999897 -9.78804e-05 0.0143505 -0.12501 0.00215261 0.989686 -0.143236 0.197473 -0.0141885 0.143253 0.989584 -0.492063 0 0 0 1 
38591597440194;0.358294;0.0425179;0.982714 0.154569 0.101888 0.259335 -0.155545 0.987827 0.00165593 0.127429 -0.100392 -0.0174755 0.994794 0.155301 0 0 0 1 
38591597440195;0.380792;0.0357204;0.934126 0.292572 -0.204477 0.0293269 -0.294399 0.955426 0.0221338 0.825357 0.201838 0.039522 0.978621 -0.297091 0 0 0 1 
38591597440196;0.614704;0.502013;0.989876 -0.108103 -0.0919755 0.044834 0.124532 0.972388 0.197364 -0.346217 0.0681002 -0.20682 0.976006 0.23657 0 0 0 1 
38591597440197;0.540834;0.0393816;0.950765 0.29753 -0.0867325 0.561293 -0.30076 0.953329 -0.0266075 0.929646 0.0747681 0.0513831 0.995876 0.0216079 0 0 0 1 
38591597440198;0.653732;0.0485402;0.97234 0.232072 -0.0264056 0.0817056 -0.23053 0.935352 -0.268276 0.318998 -0.037561 0.266943 0.96298 0.527595 0 0 0 1 
38591597440199;0.0659977;0.0498694;0.999682 -0.0201245 0.015195 -0.0405759 0.0202601 0.999756 -0.00882073 -0.0833998 -0.0150137 0.00912578 0.999846 0.00442957 0 0 0 1 
38591597440200;0.599375;0.0433892;0.998069 0.0599415 -0.0163014 0.535191 -0.0599225 0.998202 0.00165632 0.739023 0.0163714 -0.000676299 0.999866 0.102777 0 0 0 1 
38591597440201;0.617035;0.0346041;0.995056 0.0594393 0.07956 0.397197 -0.0389838 0.970591 -0.237558 0.201866 -0.0913405 0.233282 0.96811 -0.516391 0 0 0 1 
38591597440202;0.728849;0.127667;0.910995 -0.0221946 -0.411819 0.606036 0.133385 0.960739 0.243287 -0.794174 0.390251 -0.276564 0.878189 -0.065554 0 0 0 1 
38591597440203;0.628996;0.0399016;0.958601 0.28319 -0.0297836 0.745308 -0.282149 0.958739 0.0347991 0.908122 0.0384094 -0.024955 0.99895 0.106305 0 0 0 1 
38591597440204;0.361491;0.221696;0.995214 -0.0973755 -0.00816191 0.0477704 0.0975433 0.994952 0.0235913 -0.365457 0.00582349 -0.0242745 0.999688 0.334112 0 0 0 1 
38591597440205;0.426394;0.0411047;0.980514 0.14233 0.135408 -0.420328 -0.168735 0.963149 0.209457 0.269692 -0.100606 -0.228223 0.968397 0.716216 0 0 0 1 
38591597440206;0.39785;0.0398564;0.981675 0.102169 0.160862 0.0042367 -0.154242 0.921725 0.355855 0.279325 -0.111913 -0.374145 0.920593 0.833872 0 0 0 1 
38591597440207;0.654746;0.0432463;0.988563 0.145114 0.0410409 -0.573169 -0.147281 0.987514 0.0558938 -0.210781 -0.0324175 -0.061299 0.997593 0.453298 0 0 0 1 
38591597440208;0.405729;0.0392028;0.962857 -0.029239 0.268424 -0.152043 -0.0261355 0.979359 0.20043 -0.418496 -0.268744 -0.200001 0.942219 0.613271 0 0 0 1 
38591597440209;0.302589;0.038494;0.943341 0.331804 -0.00376235 -0.151549 -0.331616 0.943087 0.0248667 0.948846 0.0117991 -0.0222101 0.999684 0.0376426 0 0 0 1 
38591597440210;0.290612;0.0393754;0.995832 0.0897362 -0.0162855 -0.116562 -0.0911514 0.973335 -0.210502 0.418554 -0.00303843 0.211109 0.977458 0.0737815 0 0 0 1 
38591597440211;0.669792;0.0432215;0.981819 0.151951 0.113761 -0.274452 -0.166265 0.977581 0.129194 -0.430676 -0.0915795 -0.14576 0.985072 0.561074 0 0 0 1 
38591597440212;0.674895;0.0383817;0.922955 0.110744 0.368632 0.722512 -0.2286 0.928226 0.293495 0.629673 -0.309671 -0.355152 0.882027 1.1626 0 0 0 1 
38591597440213;0.74739;0.0560702;0.990142 0.0611193 -0.126029 0.109516 -0.0305649 0.972371 0.231431 -1.00057 0.136692 -0.225298 0.964653 -0.0160934 0 0 0 1 
38591597440214;0.177349;0.038659;0.999782 0.0020278 -0.0207832 0.0770343 -0.00579204 0.983151 -0.182702 0.0369574 0.0200626 0.182783 0.982949 -0.2618 0 0 0 1 
38591597440215;0.720627;0.0516473;0.992099 0.0635016 -0.108198 -0.0215555 -0.0708728 0.995319 -0.0656988 0.537761 0.10352 0.0728481 0.991956 -1.30428 0 0 0 1 
38591597440217;0.284412;0.019544;0.999895 -0.0142807 -0.00243379 0.241334 0.0143036 0.999851 0.00969627 0.0605579 0.00229496 -0.00973006 0.99995 0.607633 0 0 0 1 
38591597440218;0.175507;0.0165265;0.980985 0.191262 -0.0329872 -0.167048 -0.192469 0.98055 -0.0384304 0.258891 0.0249954 0.0440486 0.998717 -0.0395879 0 0 0 1 
38591597440219;0.263573;0.0199648;0.983451 0.181109 0.0047823 -0.185305 -0.181099 0.983462 -0.00238471 0.362891 -0.0051351 0.00147918 0.999986 0.396849 0 0 0 1 
38591597440220;0.260161;0.022065;0.99881 0.0323152 -0.0365339 0.0383608 -0.0312001 0.999042 0.0306926 0.525682 0.0374907 -0.0295162 0.998861 0.218858 0 0 0 1 
38591597440221;0.443483;0.0186621;0.993942 -0.0924751 -0.0593999 0.927409 0.102372 0.975619 0.194133 0.113561 0.0399993 -0.199037 0.979175 0.376744 0 0 0 1 
38591597440222;0.400675;0.0247323;0.995363 0.0916683 0.0291573 -0.253505 -0.0923984 0.995414 0.0247628 0.324439 -0.0267537 -0.0273421 0.999268 -0.82763 0 0 0 1 
38591597440223;0.500048;0.0539693;0.907797 0.412069 0.0781229 -0.471326 -0.416579 0.907494 0.0540026 0.877675 -0.0486433 -0.0815678 0.99548 0.415395 0 0 0 1 
38591597440224;0.319063;0.0146686;0.9997 0.0225612 -0.00950613 0.149145 -0.0225696 0.999745 -0.000782164 0.182204 0.00948606 0.000996479 0.999955 -0.746654 0 0 0 1 
38591597440225;0.246702;0.0218216;0.986199 -0.102474 0.130038 0.130474 0.0793609 0.981911 0.17191 0.156871 -0.145302 -0.159217 0.976492 -0.0641865 0 0 0 1 
38591597440226;0.422905;0.0828293;0.905088 0.344551 0.249197 -0.432297 -0.298782 0.932295 -0.203852 0.498701 -0.302563 0.110049 0.946755 0.300429 0 0 0 1 
38591597440227;0.114525;0.0208013;0.99863 0.000265391 0.0523225 -0.0741406 -0.004995 0.995904 0.0902835 -0.260903 -0.0520842 -0.0904212 0.994541 0.0273891 0 0 0 1 
38591597440228;0.227089;0.0250863;0.96354 -0.264547 0.0400771 0.114084 0.266153 0.963012 -0.0420802 -0.142916 -0.0274625 0.0512126 0.99831 0.0700758 0 0 0 1 
38591597440229;0.366377;0.0213203;0.962421 0.269468 0.0336672 -0.545162 -0.267414 0.961993 -0.0553009 0.616099 -0.0472895 0.0442197 0.997902 -0.224207 0 0 0 1 
38591597440230;0.40791;0.0183717;0.999868 0.00857896 0.0137988 -0.0566483 -0.0095679 0.997266 0.0732763 -0.0425743 -0.0131325 -0.0733987 0.997216 1.00097 0 0 0 1 
38591597440231;0.122929;0.0221317;0.997515 0.0610262 -0.0352005 0.0875902 -0.0576186 0.994199 0.0908164 -0.215638 0.0405385 -0.0885626 0.995245 0.0476183 0 0 0 1 
38591597440232;0.235296;0.0218809;0.964425 -0.262125 0.0342699 0.276877 0.261703 0.96501 0.0163382 -0.285137 -0.0373535 -0.00678837 0.999279 -0.0303818 0 0 0 1 
38591597440233;0.450082;0.0237729;0.91002 -0.00532654 -0.414529 0.645723 0.119411 0.960907 0.249797 -0.418546 0.396994 -0.27682 0.875081 -0.403728 0 0 0 1 
38591597440234;0.442338;0.113585;0.912918 -0.402869 -0.0654023 0.365166 0.39261 0.910613 -0.129004 -0.0792221 0.111528 0.0920925 0.989485 -0.225805 0 0 0 1 
38591597440235;0.600621;0.030937;0.910815 0.41225 -0.0215972 -0.567916 -0.410817 0.910305 0.0507273 1.11035 0.0405724 -0.0373306 0.998479 0.559145 0 0 0 1 
38591597440236;0.098733;0.0193043;0.996173 0.0586352 -0.0648216 0.140645 -0.0582518 0.998272 0.00779045 0.0205702 0.0651663 -0.00398466 0.997866 -0.160516 0 0 0 1 
38591597440237;0.391996;0.0235445;0.992674 -0.118922 -0.021351 0.491293 0.120259 0.989551 0.0795364 0.29942 0.0116693 -0.0815214 0.996603 0.600982 0 0 0 1 
38591597440238;0.352561;0.0162866;0.919018 0.215824 0.329889 -0.319365 -0.259392 0.961209 0.0937699 0.141944 -0.296855 -0.171747 0.939351 0.550767 0 0 0 1 
38591597440239;0.273596;0.0279323;0.949562 -0.298874 0.0949052 0.253686 0.301667 0.953275 -0.0162515 -0.324235 -0.0856136 0.0440616 0.995354 -0.0822587 0 0 0 1 
38591597440240;0.59112;0.0520279;0.916673 -0.380753 -0.121401 0.90463 0.392318 0.915234 0.0918357 -0.88415 0.0761434 -0.131811 0.988346 0.581928 0 0 0 1 
38591597440241;0.457943;0.240777;0.991316 0.130255 0.0180605 -0.351752 -0.129061 0.990036 -0.0563237 0.3387 -0.025217 0.0535037 0.998249 -0.659815 0 0 0 1 
38591597440242;0.307705;0.0172577;0.981944 0.187208 0.0271996 0.214921 -0.187534 0.982207 0.00997919 -0.365208 -0.0248474 -0.0148999 0.99958 -0.0190438 0 0 0 1 
38591597440243;0.105317;0.023967;0.998117 -0.0611979 0.00425437 0.0895877 0.0611713 0.998109 0.00611086 -0.101199 -0.0046203 -0.00583911 0.999972 -0.178935 0 0 0 1 
38591597440244;0.562292;0.0251562;0.916071 -0.381636 -0.123157 0.890534 0.350617 0.91129 -0.215913 -0.0362998 0.194631 0.154611 0.968615 -0.968525 0 0 0 1 
38591597440245;0.374359;0.0223957;0.992745 -0.111611 -0.0447332 -0.511863 0.113893 0.992121 0.0521875 0.280238 0.0385561 -0.0569036 0.997635 0.310768 0 0 0 1 
38591597440246;0.451519;0.375821;0.998009 0.062547 0.0080945 -0.386262 -0.0622901 0.997642 -0.0288312 0.232772 -0.00987872 0.0282696 0.999552 -0.280077 0 0 0 1 
38591597440248;0.275634;0.00751423;0.951141 0.308578 0.010462 -0.421525 -0.308283 0.951015 -0.0230637 0.416999 -0.0170665 0.0187116 0.999679 0.032412 0 0 0 1 
38591597440249;0.256114;0.00791745;0.958454 -0.181983 -0.219655 0.590339 0.168776 0.982593 -0.0776281 -0.0472526 0.229958 0.0373304 0.972484 -0.37337 0 0 0 1 
38591597440250;0.238063;0.00672665;0.922938 -0.0159198 -0.384619 0.234563 -0.0405913 0.98955 -0.138362 0.308946 0.382802 0.143312 0.912647 -0.511242 0 0 0 1 
38591597440251;0.292932;0.00829523;0.999969 -0.000149072 0.00787402 -0.0347274 0.000103119 0.999983 0.00583612 -0.0270932 -0.00787475 -0.00583512 0.999952 0.864527 0 0 0 1 
38591597440252;0.40515;0.0069284;0.995083 0.000715637 0.0990429 -0.205896 0.0477099 0.872852 -0.485647 0.489847 -0.0867974 0.487984 0.868526 -0.315631 0 0 0 1 
38591597440253;0.264249;0.00673499;0.999666 -0.0181457 0.0183821 -0.663729 0.0179076 0.999755 0.0130356 0.0267982 -0.0186141 -0.0127021 0.999746 -0.308295 0 0 0 1 
38591597440254;0.377732;0.0107729;0.908906 -0.388578 0.151314 0.571127 0.348054 0.906775 0.237944 -0.510573 -0.229668 -0.163603 0.95942 0.24906 0 0 0 1 
38591597440255;0.159826;0.00696814;0.976494 0.0818033 0.19942 0.106376 -0.0692978 0.995213 -0.0689138 0.125252 -0.204103 0.0534745 0.977488 0.377044 0 0 0 1 
38591597440256;0.0516293;0.00571001;0.999032 0.029491 0.0326438 -0.0684657 -0.0286567 0.999258 -0.025738 0.131933 -0.0333786 0.0247776 0.999136 0.0455556 0 0 0 1 
38591597440257;0.294004;0.00687923;0.986601 -0.125728 -0.103973 0.137872 0.117432 0.989656 -0.08241 0.505826 0.113258 0.0690961 0.99116 0.273537 0 0 0 1 
