#;prob_registration_l1 -r /home/probabilistic_point_clouds_registration/build/tester /home/point_clouds_registration_benchmark//devel/registration_pairs/gazebo_summer_local.txt /home/point_clouds_registration_benchmark//eth/gazebo_summer -s 0.2 -t 0.2 -p 0.3 -r 1000 -m 5 -i 40 
id;initial_error;final_error;transformation
36535719080000;0.0805842;0.0836914;0.999221 -0.0120623 0.0375735 -0.123295 0.00838837 0.995303 0.0964456 -0.0423246 -0.0385604 -0.0960553 0.994629 0.0472623 0 0 0 1 
36535719080001;0.11249;0.0974513;0.986321 0.00308276 0.164809 -0.339894 0.00782518 0.997822 -0.0654949 -0.00236526 -0.164652 0.0658886 0.984148 0.234686 0 0 0 1 
36535719080002;0.259114;0.101628;0.990273 0.025228 0.136834 0.0348417 -0.050638 0.981331 0.185541 -0.466097 -0.129599 -0.190665 0.973063 0.118057 0 0 0 1 
36535719080003;0.441289;0.56872;0.981599 -0.0575191 0.182083 -0.677031 0.0717796 0.994766 -0.0727181 -0.014146 -0.176948 0.08445 0.980591 -0.0907441 0 0 0 1 
36535719080004;0.424931;0.536737;0.957055 -0.0392717 0.287234 -0.872481 0.0621547 0.995539 -0.0709837 0.00957239 -0.283165 0.0857882 0.955227 -0.0970298 0 0 0 1 
36535719080005;0.508351;0.114212;0.985126 -0.11448 0.128146 0.347049 0.154513 0.916456 -0.3691 0.784506 -0.0751857 0.38341 0.920513 -0.367929 0 0 0 1 
36535719080006;0.482532;0.321371;0.991014 0.0224922 -0.131852 -0.493637 -0.0419633 0.988274 -0.146814 0.410905 0.127004 0.151028 0.980337 -1.41401 0 0 0 1 
36535719080007;0.407429;0.125533;0.950326 -0.311203 0.00572743 -0.0387511 0.303218 0.921475 -0.24278 -0.686768 0.0702763 0.232457 0.970064 -1.13994 0 0 0 1 
36535719080008;0.494873;0.399254;0.982399 -0.0131952 0.186325 -0.903043 0.067291 0.955527 -0.287123 0.476257 -0.17425 0.294608 0.939597 -0.692721 0 0 0 1 
36535719080009;0.260051;0.0820811;0.987725 -0.0848288 0.131158 -0.253909 0.078862 0.995629 0.0500463 -0.787044 -0.13483 -0.0390886 0.990097 -0.268309 0 0 0 1 
36535719080010;0.367096;0.141732;0.977676 -0.159825 0.136401 0.342668 0.165245 0.985817 -0.0293158 -0.138622 -0.129781 0.0512011 0.99022 0.755822 0 0 0 1 
36535719080011;0.379627;0.121298;0.967447 -0.209375 0.142154 -0.072505 0.200201 0.976788 0.0761936 0.407302 -0.154808 -0.0452538 0.986908 -0.200531 0 0 0 1 
36535719080012;0.1676;0.0872895;0.999027 0.030235 0.0321006 -0.351464 -0.030658 0.999448 0.0127677 0.200727 -0.0316969 -0.0137394 0.999403 -0.502761 0 0 0 1 
36535719080013;0.445602;0.449294;0.954943 -0.113589 0.274193 -0.13506 0.115439 0.99327 0.0094341 -0.204592 -0.273419 0.0226436 0.961628 0.439088 0 0 0 1 
36535719080014;0.45281;0.459432;0.99802 0.0622961 0.00865773 -1.17455 -0.0622522 0.998047 -0.00525488 0.170365 -0.00896818 0.00470552 0.999949 -0.0158031 0 0 0 1 
36535719080015;0.366192;0.428364;0.998426 -0.0165579 0.0535924 -1.0778 0.0147006 0.999284 0.0348669 0.036902 -0.0541313 -0.0340242 0.997954 0.182879 0 0 0 1 
36535719080016;0.0775968;0.0827179;0.992677 -0.00343643 0.120748 -0.279077 -0.00166403 0.999111 0.0421143 0.0662449 -0.120786 -0.0420068 0.991789 0.16531 0 0 0 1 
36535719080017;0.294515;0.0718693;0.959928 0.0664322 0.272258 -0.316203 0.0132572 0.959645 -0.2809 0.245903 -0.279932 0.273254 0.92031 0.222794 0 0 0 1 
36535719080018;0.425335;0.435464;0.999812 -0.0037983 0.0189994 -0.746774 0.00516427 0.997364 -0.0723711 -0.273338 -0.0186745 0.0724557 0.997197 -0.554095 0 0 0 1 
36535719080019;0.389784;0.424676;0.99655 0.000670077 -0.0829941 -0.576436 -0.00630866 0.997686 -0.067696 -0.0428382 0.0827567 0.067986 0.994248 -0.577531 0 0 0 1 
36535719080020;0.317608;0.0845447;0.980835 0.186025 -0.0579495 -0.320484 -0.182352 0.981192 0.0633174 0.999446 0.0686382 -0.0515367 0.99631 0.00671124 0 0 0 1 
36535719080021;0.423824;0.38083;0.943972 -0.14202 0.297903 -0.541829 0.244093 0.907968 -0.340607 0.143733 -0.222113 0.39424 0.891763 0.130223 0 0 0 1 
36535719080022;0.154215;0.0836083;0.999515 0.0130985 0.0282363 -0.510146 -0.01352 0.999799 0.0147864 -0.05336 -0.028037 -0.015161 0.999492 -0.335063 0 0 0 1 
36535719080023;0.35143;0.0992187;0.976268 0.00680768 -0.216458 -0.197242 0.0159654 0.994524 0.103285 0.26798 0.215975 -0.10429 0.970813 0.292497 0 0 0 1 
36535719080024;0.34005;0.0871443;0.961264 -0.239782 -0.135931 0.253046 0.17767 0.916069 -0.359515 -0.180878 0.210727 0.321438 0.923186 -1.08059 0 0 0 1 
36535719080025;0.273677;0.0834756;0.993223 0.0757023 -0.0881853 -0.253213 -0.0584079 0.981116 0.184392 0.513367 0.100479 -0.177992 0.978889 0.0174614 0 0 0 1 
36535719080026;0.254446;0.117822;0.998211 -0.0218411 0.0556629 0.23136 0.0213335 0.999725 0.00969739 0.437302 -0.0558595 -0.00849256 0.998403 -0.0265884 0 0 0 1 
36535719080027;0.274443;0.0824003;0.96574 0.233786 0.11265 -0.639082 -0.234832 0.972027 -0.004081 0.487752 -0.110453 -0.0225127 0.993626 0.0679922 0 0 0 1 
36535719080028;0.110223;0.0828031;0.99098 -0.0253584 0.131587 -0.324815 0.0335891 0.99759 -0.0607111 -0.179603 -0.12973 0.0645834 0.989444 0.058172 0 0 0 1 
36535719080029;0.464721;0.550512;0.976579 -0.0648159 0.205164 -0.823336 0.0686488 0.997573 -0.0116124 -0.0851962 -0.203913 0.0254247 0.978659 -0.324175 0 0 0 1 
36535719080031;0.562593;0.999106;0.996012 0.00362998 0.0891456 -1.59484 -0.000812291 0.9995 -0.0316236 0.598504 -0.0892158 0.0314251 0.995516 -0.216783 0 0 0 1 
36535719080032;0.49885;0.667106;0.999524 0.030811 -0.00132576 -0.917219 -0.0305151 0.994314 0.102017 0.351592 0.00446147 -0.101928 0.994782 -0.403099 0 0 0 1 
36535719080033;0.471869;1.05496;0.980186 0.161198 0.115115 -1.83267 -0.190007 0.92939 0.316435 0.765514 -0.0559779 -0.332038 0.941604 0.641523 0 0 0 1 
36535719080034;0.28376;0.585868;0.983558 0.0923071 -0.155221 -0.775853 -0.0791972 0.992911 0.0886334 0.714094 0.162302 -0.074883 0.983896 -0.680001 0 0 0 1 
36535719080035;0.587922;1.10122;0.990445 -0.0903832 0.104166 -1.75362 0.0950263 0.994651 -0.040499 0.159829 -0.0999484 0.0500105 0.993735 -0.790605 0 0 0 1 
36535719080036;0.406933;0.484428;0.99944 -0.0103055 0.0318215 -1.08028 0.0103358 0.999946 -0.000789422 0.287427 -0.0318117 0.00111788 0.999493 0.431322 0 0 0 1 
36535719080037;0.0919718;0.365666;0.995286 0.0405388 0.0880995 -0.643288 -0.0410041 0.999153 0.00347733 0.146108 -0.0878839 -0.00707338 0.996106 0.104299 0 0 0 1 
36535719080038;0.581548;1.12624;0.991305 -0.0132376 0.130915 -2.71794 0.00789401 0.999118 0.0412518 0.185028 -0.131346 -0.0398597 0.990535 0.660386 0 0 0 1 
36535719080039;0.434512;0.421901;0.991223 0.110612 0.0723961 -1.21902 -0.107352 0.993087 -0.0474804 0.811897 -0.0771475 0.0392918 0.996245 -0.546462 0 0 0 1 
36535719080040;0.566995;1.06991;0.952318 -0.00876191 0.304981 -1.25321 -0.0342518 0.990199 0.135401 0.285768 -0.303178 -0.13939 0.942684 0.438354 0 0 0 1 
36535719080041;0.142283;0.428503;0.992298 0.108623 0.0595434 -0.624302 -0.109002 0.994037 0.00314667 0.748337 -0.0588465 -0.00961277 0.998221 -0.104075 0 0 0 1 
36535719080042;0.307724;0.621525;0.998612 -0.0185594 -0.0492925 -1.09934 0.00643297 0.971832 -0.235586 0.0155994 0.0522764 0.234942 0.970603 -0.213569 0 0 0 1 
36535719080043;0.210302;0.861409;0.977626 0.018769 0.209512 -1.54641 -0.052298 0.986425 0.155665 0.3387 -0.203747 -0.163139 0.965336 0.498182 0 0 0 1 
36535719080044;0.594242;1.03606;0.997186 -0.0638879 0.0392237 -1.51801 0.0583215 0.989854 0.129571 -0.433379 -0.0471038 -0.126918 0.990794 0.431115 0 0 0 1 
36535719080045;0.55307;0.432858;0.982437 0.174582 0.0658628 -1.40075 -0.163794 0.975963 -0.14376 1.45092 -0.0893776 0.130447 0.987418 0.468219 0 0 0 1 
36535719080046;0.383937;0.568501;0.991816 0.0869836 0.0934636 -0.757814 -0.083442 0.995662 -0.0411623 1.06978 -0.0966386 0.0330266 0.994771 -0.386515 0 0 0 1 
36535719080047;0.507113;0.444531;0.999037 0.0164695 0.040661 -0.453679 -0.0163477 0.999861 -0.00332564 -0.0927032 -0.0407101 0.00265773 0.999167 0.712298 0 0 0 1 
36535719080048;0.299943;0.873771;0.972396 -0.0078166 0.233208 -1.47087 0.0822354 0.946793 -0.311159 0.378369 -0.218367 0.321747 0.9213 0.406675 0 0 0 1 
36535719080049;0.398366;1.14129;0.974855 -0.076847 0.209171 -1.89234 0.023942 0.969343 0.244542 -0.232438 -0.221551 -0.233385 0.946809 0.641234 0 0 0 1 
36535719080050;0.499825;1.01994;0.936501 0.220329 -0.272803 -1.77309 -0.209944 0.97541 0.067075 1.24951 0.280874 -0.00554242 0.959729 -1.88682 0 0 0 1 
36535719080051;0.440086;1.06341;0.985758 -0.0931808 0.139997 -1.67664 0.103869 0.992049 -0.0710695 -0.0188659 -0.132261 0.0845986 0.987598 -0.245714 0 0 0 1 
36535719080052;0.307637;1.00192;0.978504 0.0319947 0.203731 -1.86646 -0.0775619 0.972456 0.219805 0.190028 -0.191087 -0.230882 0.954033 0.460487 0 0 0 1 
36535719080053;0.461332;1.13324;0.950067 -0.0297075 0.31063 -1.61483 0.0200313 0.999211 0.034295 0.185809 -0.311403 -0.0263602 0.949912 1.13369 0 0 0 1 
36535719080054;0.521749;0.652422;0.949657 0.0117778 0.313069 -0.870234 -0.050647 0.99192 0.116315 1.20437 -0.30917 -0.126315 0.942581 0.795909 0 0 0 1 
36535719080055;0.319357;1.21616;0.968187 -0.0323679 0.248126 -1.97495 0.0599079 0.992744 -0.104258 0.337343 -0.242951 0.115806 0.963101 0.329482 0 0 0 1 
36535719080056;0.611624;1.21666;0.975885 -0.100395 0.193828 -2.14004 0.119045 0.989063 -0.087076 0.162875 -0.182966 0.10805 0.977164 -0.538403 0 0 0 1 
36535719080057;0.403587;0.40793;0.996353 0.0629018 -0.0576488 -0.388855 -0.0692879 0.990776 -0.116457 0.201851 0.0497916 0.120027 0.991521 -0.488898 0 0 0 1 
36535719080058;0.354702;0.788237;0.969353 -0.0379301 0.242727 -1.0756 0.0714186 0.988847 -0.130693 0.216125 -0.235062 0.144023 0.961251 0.0166063 0 0 0 1 
36535719080059;0.377989;0.455856;0.984939 0.0999527 0.141083 -0.751229 -0.0739282 0.981077 -0.178948 1.01752 -0.1563 0.165822 0.973691 -0.19974 0 0 0 1 
36535719080060;0.383603;0.567563;0.994001 0.0854557 0.0682614 -0.740751 -0.0920872 0.990638 0.100776 0.84743 -0.0590105 -0.106457 0.992565 -0.251284 0 0 0 1 
36535719080062;0.362158;0.288608;0.99281 0.118949 0.0133708 -0.520954 -0.119536 0.991075 0.0589974 -0.481925 -0.0062338 -0.0601715 0.998169 -1.17301 0 0 0 1 
36535719080063;0.299523;0.399586;0.991834 -0.105102 0.0722391 -0.244928 0.0923838 0.982592 0.161177 -1.41052 -0.0879217 -0.153187 0.984278 -0.714811 0 0 0 1 
36535719080064;0.461382;0.382209;0.995571 -0.0812048 -0.0473632 0.116273 0.0685142 0.971739 -0.225894 -0.635307 0.0643683 0.221649 0.973 -1.57277 0 0 0 1 
36535719080065;0.4807;0.72622;0.968948 0.0939095 0.228736 -0.319408 -0.130533 0.979934 0.150632 -2.11484 -0.210001 -0.175812 0.961764 1.01907 0 0 0 1 
36535719080066;0.231893;0.298779;0.991636 -0.0914089 0.0911148 0.176112 0.0809 0.990293 0.113025 -1.55771 -0.100562 -0.104709 0.989406 0.282322 0 0 0 1 
36535719080067;0.276753;0.293466;0.985946 0.143757 0.0851157 -0.322634 -0.166642 0.809968 0.562302 -0.76958 0.011894 -0.568583 0.82254 0.384971 0 0 0 1 
36535719080068;0.41506;0.57626;0.987802 -0.13359 0.0800031 0.112559 0.12431 0.985959 0.111501 -1.96554 -0.0937752 -0.100196 0.990539 -0.80501 0 0 0 1 
36535719080069;0.168667;0.25164;0.997533 0.0016229 0.0701861 -0.250162 -0.0173899 0.974289 0.224629 -1.00571 -0.068017 -0.225295 0.971913 0.430532 0 0 0 1 
36535719080070;0.366766;0.462566;0.981415 0.105466 -0.160319 -0.0285175 -0.000632719 0.837207 0.546886 -1.88697 0.191898 -0.53662 0.821714 -0.740558 0 0 0 1 
36535719080071;0.314881;0.339949;0.991793 -0.127488 -0.00972351 -0.493116 0.127502 0.991838 0.000920066 -0.864624 0.00952685 -0.00215229 0.999952 -0.093818 0 0 0 1 
36535719080072;0.205179;0.377389;0.99596 -0.0706333 0.0554413 -0.0221161 0.0612717 0.985947 0.155418 -0.947999 -0.0656398 -0.151393 0.986292 0.341183 0 0 0 1 
36535719080073;0.364246;0.437475;0.932186 -0.204815 0.298464 -0.285104 0.0645188 0.905339 0.41976 -1.91049 -0.356184 -0.372038 0.857158 1.0838 0 0 0 1 
36535719080074;0.343501;0.854158;0.994113 0.0639226 0.087485 -0.198353 -0.0873621 0.95049 0.298223 -2.78819 -0.0640905 -0.30411 0.950479 0.243236 0 0 0 1 
36535719080075;0.45993;0.822871;0.987977 0.0638945 -0.140781 0.163267 -0.076765 0.993161 -0.08797 -1.6199 0.134197 0.0977193 0.986125 -1.04577 0 0 0 1 
36535719080076;0.347563;0.381054;0.989669 0.142954 0.0109169 0.0240404 -0.13606 0.912479 0.385835 -1.40823 0.0451952 -0.383335 0.922503 0.140614 0 0 0 1 
36535719080077;0.245685;0.41437;0.979926 0.117556 -0.161014 -0.0668136 -0.0519321 0.930285 0.363144 -1.14676 0.192479 -0.347492 0.917715 -0.343593 0 0 0 1 
36535719080078;0.322722;0.273488;0.996937 0.0763303 0.0170419 -0.709345 -0.0781893 0.977696 0.194927 -0.44898 -0.00178295 -0.195663 0.98067 -0.80812 0 0 0 1 
36535719080079;0.340882;0.569497;0.994716 0.0645216 0.0798584 -0.267204 -0.0915303 0.909661 0.40514 -1.91809 -0.0465038 -0.410308 0.91076 -0.222235 0 0 0 1 
36535719080080;0.326117;0.388762;0.987427 0.0347452 0.154209 -0.084617 -0.0974979 0.901749 0.421121 -0.3075 -0.124426 -0.430861 0.893799 0.875893 0 0 0 1 
36535719080081;0.410409;0.643064;0.98309 -0.16844 0.0718458 -0.532977 0.156924 0.977118 0.143577 -2.19364 -0.094386 -0.129875 0.987028 -0.668593 0 0 0 1 
36535719080082;0.216435;0.274605;0.997074 0.0764449 0.000667888 0.17423 -0.0754159 0.982147 0.172338 -0.260269 0.0125184 -0.171884 0.985038 0.229626 0 0 0 1 
36535719080083;0.161862;0.273474;0.988864 0.142277 0.0436604 -0.21646 -0.148168 0.968714 0.199097 -0.446789 -0.0139677 -0.203349 0.979007 -0.31476 0 0 0 1 
36535719080084;0.439577;0.998336;0.985901 -0.159644 0.050121 -0.136363 0.149302 0.974543 0.167254 -3.6162 -0.0755463 -0.157413 0.984639 0.200207 0 0 0 1 
36535719080085;0.124875;0.27942;0.987246 0.120004 0.104618 -0.271015 -0.141974 0.960966 0.23746 -0.511022 -0.0720386 -0.249284 0.965747 0.125914 0 0 0 1 
36535719080086;0.392366;0.426957;0.975157 0.0739385 -0.20881 0.552015 -0.00572409 0.950745 0.309921 -1.13091 0.22144 -0.301027 0.927549 -1.14089 0 0 0 1 
36535719080087;0.41425;0.649682;0.99534 -0.0961788 -0.00689406 -0.184638 0.0876825 0.873026 0.479726 -2.20745 -0.0401207 -0.478095 0.877392 -0.391421 0 0 0 1 
36535719080088;0.317089;0.288415;0.978921 0.137454 0.151061 -0.362245 -0.165859 0.966625 0.195259 -0.703075 -0.11918 -0.216198 0.969048 -0.585413 0 0 0 1 
36535719080089;0.0976208;0.238037;0.999801 -0.0133323 -0.0148255 -0.0377148 0.0147862 0.994599 0.102731 -0.617074 0.0133758 -0.10293 0.994599 -0.0608387 0 0 0 1 
36535719080090;0.312576;0.251895;0.996833 0.0385603 -0.0695534 0.315293 -0.0339239 0.997199 0.0666519 -1.31126 0.0719288 -0.0640813 0.995349 -0.0954081 0 0 0 1 
36535719080091;0.378116;0.416039;0.958918 -0.121982 0.256118 0.433991 0.144117 0.987121 -0.0694392 -1.65528 -0.244349 0.103497 0.964148 0.20387 0 0 0 1 
36535719080093;0.290482;0.101976;0.989742 0.0220731 -0.14115 0.400074 -0.036201 0.994496 -0.0983212 0.336251 0.138203 0.102422 0.985094 -0.485513 0 0 0 1 
36535719080094;0.395592;0.655498;0.999165 0.0391402 -0.011685 0.954693 -0.0394106 0.998938 -0.0238863 -0.494252 0.0107377 0.0243269 0.999646 -0.140553 0 0 0 1 
36535719080095;0.347587;0.0634495;0.902508 0.246729 -0.352994 0.327528 -0.213108 0.968097 0.131805 0.582966 0.374252 -0.043729 0.926295 -1.25956 0 0 0 1 
36535719080096;0.508705;0.0942065;0.952257 -0.222759 0.208768 0.227647 0.170492 0.955275 0.241623 -0.643863 -0.253255 -0.194494 0.947647 1.72126 0 0 0 1 
36535719080097;0.390373;0.105461;0.891802 -0.355843 0.2794 0.223586 0.395323 0.91322 -0.0987368 -1.54784 -0.220019 0.198507 0.955085 0.755562 0 0 0 1 
36535719080098;0.177167;0.0962008;0.960858 0.00332853 0.277021 -0.0638766 -0.00340767 0.999994 -0.000195745 -0.0504925 -0.27702 -0.000755912 0.960864 0.815814 0 0 0 1 
36535719080099;0.46993;0.0884435;0.967969 -0.239267 -0.076076 0.512961 0.250435 0.898585 0.360315 -1.30648 -0.0178506 -0.367826 0.929723 -0.263741 0 0 0 1 
36535719080100;0.314307;0.0772671;0.99976 -0.0193517 -0.0102714 -0.312702 0.0207009 0.987908 0.153652 -0.517889 0.00717374 -0.153827 0.988072 -0.527413 0 0 0 1 
36535719080101;0.365934;0.351458;0.973141 0.214709 -0.0830514 0.195294 -0.205053 0.972408 0.111247 0.28944 0.104646 -0.091229 0.990316 -0.484213 0 0 0 1 
36535719080102;0.240105;0.0642019;0.988586 -0.136848 0.0630139 -0.125622 0.13853 0.990088 -0.023139 -0.570291 -0.0592228 0.0316043 0.997744 -0.233161 0 0 0 1 
36535719080103;0.352767;0.0997757;0.995432 0.0615816 0.0729517 -0.0590879 -0.0643586 0.997265 0.0363459 -0.104617 -0.0705139 -0.040875 0.996673 0.680115 0 0 0 1 
36535719080104;0.495293;0.311832;0.884635 0.0439733 -0.464207 0.177897 -0.00961516 0.997052 0.0761251 -0.190145 0.466186 -0.0628795 0.882449 -1.69031 0 0 0 1 
36535719080105;0.433787;0.0936901;0.999034 0.00225797 0.0438831 -0.00625104 -0.00219331 0.999996 -0.00152154 -0.053848 -0.0438864 0.00142382 0.999036 0.904588 0 0 0 1 
36535719080106;0.129754;0.0880282;0.99638 -0.0135893 0.0839166 0.0500426 0.00485512 0.994626 0.103421 -0.0636237 -0.084871 -0.102639 0.991091 0.116663 0 0 0 1 
36535719080107;0.262145;0.298349;0.992777 0.0932862 -0.0754434 0.165177 -0.0931529 0.995638 0.00529163 0.122032 0.0756079 0.00177436 0.997136 -0.672624 0 0 0 1 
36535719080108;0.397924;0.312815;0.983698 0.179392 -0.0125357 -0.268312 -0.170908 0.954307 0.245129 0.330071 0.055937 -0.23899 0.969409 -0.39386 0 0 0 1 
36535719080109;0.398301;0.333056;0.942225 0.207501 0.262974 0.211684 -0.225823 0.9733 0.041125 0.529421 -0.247419 -0.0981345 0.963926 0.856512 0 0 0 1 
36535719080110;0.208018;0.0948902;0.990007 0.140992 -0.00286233 -0.0354521 -0.140721 0.989024 0.0450467 0.312462 0.00918211 -0.0441937 0.998981 -0.361488 0 0 0 1 
36535719080111;0.465339;0.057963;0.945797 -0.215446 0.243004 -0.124018 0.235472 0.970251 -0.0562612 -0.324339 -0.223654 0.110432 0.968392 1.14248 0 0 0 1 
36535719080112;0.541337;0.0749966;0.899592 0.343554 -0.269639 1.20265 -0.324679 0.939024 0.113214 1.30401 0.292092 -0.0143003 0.956283 -1.22344 0 0 0 1 
36535719080113;0.28814;0.157628;0.999995 -0.00199015 -0.00245479 -0.096046 0.00204347 0.999758 0.0219116 0.291719 0.00241059 -0.0219165 0.999757 -0.012473 0 0 0 1 
36535719080114;0.343577;0.11443;0.956106 -0.29283 -0.0105433 0.315128 0.293017 0.955621 0.0304857 -1.32268 0.00114824 -0.032237 0.99948 0.27292 0 0 0 1 
36535719080115;0.500998;0.781606;0.994729 0.0951175 -0.0382875 0.891475 -0.0931379 0.99437 0.050536 -0.355375 0.0428788 -0.0467036 0.997988 -0.351094 0 0 0 1 
36535719080116;0.41433;0.0732023;0.954494 -0.228725 0.191382 0.456839 0.164194 0.938737 0.303008 -0.892497 -0.248963 -0.257795 0.933573 1.40867 0 0 0 1 
36535719080117;0.508343;0.0907255;0.9969 -0.0431329 0.0658034 -0.0112571 0.0300856 0.981758 0.187738 -0.074483 -0.0727008 -0.185177 0.980012 1.16448 0 0 0 1 
36535719080118;0.0642213;0.0919073;0.99787 0.0631938 -0.0161775 -0.12247 -0.0631735 0.998001 0.00176641 0.26911 0.0162568 -0.000740662 0.999868 -0.219357 0 0 0 1 
36535719080119;0.384568;0.353045;0.967561 0.23305 0.0975396 0.249929 -0.247164 0.953135 0.174479 0.463135 -0.0523062 -0.192927 0.979818 -0.068876 0 0 0 1 
36535719080120;0.113108;0.0706041;0.99897 -0.0393278 0.0226363 0.00257978 0.0382625 0.998221 0.0457167 -0.273916 -0.024394 -0.0448035 0.998698 0.165838 0 0 0 1 
36535719080121;0.423482;0.0697103;0.973367 0.220795 -0.0616979 0.325059 -0.178881 0.899794 0.39796 0.207786 0.143383 -0.376324 0.915326 -0.445944 0 0 0 1 
36535719080122;0.427092;0.0648652;0.968896 -0.237217 0.0704957 0.120113 0.229021 0.96744 0.107741 -1.58762 -0.0937584 -0.0882452 0.991676 0.664615 0 0 0 1 
36535719080124;0.190705;0.149975;0.985365 0.163845 0.0470266 0.21722 -0.166257 0.984657 0.0529952 0.41317 -0.0376221 -0.0600381 0.997487 0.225918 0 0 0 1 
36535719080125;0.422416;0.150438;0.886473 0.4084 -0.217657 0.470552 -0.37711 0.9101 0.171773 1.16425 0.268242 -0.0701913 0.960791 -0.981479 0 0 0 1 
36535719080126;0.446714;0.130614;0.992895 0.112681 -0.0382291 0.457208 -0.115434 0.990112 -0.0797053 -0.247489 0.0288698 0.083552 0.996085 -0.355073 0 0 0 1 
36535719080127;0.355012;0.776905;0.99867 0.040036 0.032471 1.20068 -0.0368109 0.994846 -0.0944761 0.202232 -0.0360861 0.0931552 0.994997 -0.0480122 0 0 0 1 
36535719080128;0.249905;0.142114;0.999904 -0.0101526 -0.00945611 0.24081 0.0102024 0.999934 0.00523178 0.315494 0.00940237 -0.00532775 0.999942 -0.0815585 0 0 0 1 
36535719080129;0.526113;0.747613;0.999527 0.00698308 -0.0299625 1.30996 -0.00796993 0.999425 -0.0329442 -0.194661 0.0297152 0.0331674 0.999008 0.130533 0 0 0 1 
36535719080130;0.433817;0.165218;0.939136 0.0829333 0.333386 0.089395 -0.0335566 0.987929 -0.15123 -0.274399 -0.341903 0.130839 0.930582 1.05096 0 0 0 1 
36535719080131;0.251532;0.513149;0.999948 0.00740577 -0.00707884 0.831278 -0.00755632 0.999741 -0.0214831 0.228547 0.00691791 0.0215354 0.999744 0.105193 0 0 0 1 
36535719080132;0.431426;0.154617;0.982914 0.032539 -0.181165 0.128316 -0.0229729 0.998241 0.0546541 -0.49055 0.182624 -0.0495584 0.981933 -0.984283 0 0 0 1 
36535719080133;0.541591;0.15245;0.939012 0.224413 0.260566 0.328541 -0.27027 0.950112 0.155697 0.601784 -0.212626 -0.216625 0.952819 1.56311 0 0 0 1 
36535719080134;0.252306;0.1348;0.997365 -0.068958 0.0225471 0.0268871 0.0699663 0.996418 -0.047497 -0.383321 -0.0191911 0.0489493 0.998617 -0.229118 0 0 0 1 
36535719080135;0.472023;0.557511;0.972097 -0.0215226 0.23359 0.666328 -0.00629048 0.993032 0.117675 -0.231107 -0.234495 -0.115861 0.965188 0.826599 0 0 0 1 
36535719080136;0.302061;0.168578;0.976051 0.190875 -0.104359 0.277369 -0.202797 0.971966 -0.118977 1.00867 0.0787232 0.137291 0.987397 -0.527571 0 0 0 1 
36535719080137;0.328535;0.16058;0.971119 0.218971 0.0947571 -0.0986074 -0.203656 0.967648 -0.148932 0.717207 -0.124303 0.125333 0.984297 0.076425 0 0 0 1 
36535719080138;0.576365;0.141958;0.996938 0.0627169 0.0466943 0.823806 -0.0400746 0.922626 -0.383609 0.39296 -0.0671401 0.380563 0.922314 -0.475831 0 0 0 1 
36535719080139;0.521512;0.379182;0.993184 -0.105107 0.0503887 0.418762 0.101875 0.992806 0.062909 -0.73763 -0.0566384 -0.0573468 0.996746 0.312567 0 0 0 1 
36535719080140;0.470285;0.164469;0.896882 0.4184 0.143331 0.0638963 -0.414196 0.908243 -0.0594728 1.43209 -0.155063 -0.00602687 0.987886 0.165359 0 0 0 1 
36535719080141;0.30287;0.173583;0.97385 0.119126 0.193458 -0.139763 -0.135067 0.988262 0.0713726 0.15446 -0.182685 -0.095636 0.978509 0.623015 0 0 0 1 
36535719080142;0.480003;0.133697;0.974537 0.193958 0.112505 0.00781157 -0.223496 0.880693 0.417647 0.364231 -0.0180766 -0.432157 0.901617 0.063452 0 0 0 1 
36535719080143;0.628053;0.202721;0.899578 0.424591 -0.102382 -0.327373 -0.434195 0.894746 -0.104425 1.59454 0.0472683 0.138392 0.989249 -0.264072 0 0 0 1 
36535719080144;0.602003;0.18742;0.9483 0.219091 -0.22962 0.642502 -0.265537 0.943981 -0.195935 1.17597 0.173829 0.246777 0.953354 -1.53072 0 0 0 1 
36535719080145;0.170435;0.153003;0.995126 0.0984587 0.00554221 0.170436 -0.0984958 0.995114 0.00686435 0.326806 -0.00483928 -0.00737677 0.999961 0.203387 0 0 0 1 
36535719080146;0.207536;0.149485;0.982722 0.181234 0.0375712 0.182926 -0.176869 0.979352 -0.0979145 0.669467 -0.0545409 0.0895776 0.994485 0.0484743 0 0 0 1 
36535719080147;0.436345;0.15126;0.984936 0.167554 -0.0427398 0.614409 -0.164092 0.983619 0.0746188 0.990959 0.0545424 -0.0664815 0.996296 -0.447652 0 0 0 1 
36535719080148;0.640142;0.196642;0.973999 -0.220768 -0.0508743 1.40011 0.207019 0.958504 -0.195995 0.213735 0.0920327 0.180367 0.979284 -0.655078 0 0 0 1 
36535719080149;0.408897;0.127902;0.997244 -0.0595275 -0.044281 0.387364 0.0576025 0.997389 -0.0435485 -0.512368 0.0467577 0.0408778 0.998069 0.423707 0 0 0 1 
36535719080150;0.385378;0.119427;0.996011 -0.0101539 0.0886547 0.126998 -0.00623635 0.983155 0.182667 0.361169 -0.0890161 -0.182491 0.97917 -0.0174456 0 0 0 1 
36535719080151;0.147734;0.109156;0.991473 0.0190214 0.128917 0.0404419 -0.0078855 0.996234 -0.0863465 0.0820025 -0.130074 0.0845936 0.987889 0.236163 0 0 0 1 
36535719080152;0.417728;0.158039;0.899558 0.401158 -0.172821 0.367325 -0.378201 0.913271 0.151325 1.0894 0.218538 -0.0707642 0.973259 -0.445722 0 0 0 1 
36535719080153;0.136308;0.115853;0.989491 -0.123611 0.0750243 0.251784 0.12074 0.991809 0.0416801 -0.324121 -0.0795618 -0.0321836 0.99631 0.246269 0 0 0 1 
36535719080155;0.377066;0.30046;0.994454 0.00631452 -0.10498 0.398855 0.0203466 0.967786 0.250952 0.116509 0.103182 -0.251696 0.96229 0.115273 0 0 0 1 
36535719080156;0.280014;0.248376;0.99452 -0.0312993 -0.0997467 0.658108 0.0487077 0.98297 0.177194 0.063729 0.0925019 -0.181081 0.979108 -0.340369 0 0 0 1 
36535719080157;0.357849;0.241196;0.998973 -0.038521 0.0238583 0.755434 0.0284569 0.943124 0.331222 0.295547 -0.0352603 -0.330203 0.943251 0.658281 0 0 0 1 
36535719080158;0.214487;0.13128;0.998442 -0.0416062 -0.0371802 0.549561 0.0447411 0.995124 0.0878954 0.206322 0.0333419 -0.089422 0.995436 0.126039 0 0 0 1 
36535719080159;0.313033;0.167335;0.998024 -0.0113195 -0.0618028 0.181028 0.00682278 0.997346 -0.0724914 -0.330418 0.0624593 0.0719265 0.995452 -0.679192 0 0 0 1 
36535719080160;0.477856;0.289997;0.939478 0.113678 -0.323201 -0.0835048 -0.105613 0.993501 0.0424436 0.298428 0.325926 -0.00574043 0.945378 -0.914184 0 0 0 1 
36535719080161;0.262671;0.16733;0.996093 0.0883125 -0.00017889 -0.0377723 -0.0871759 0.983594 0.157936 -0.135358 0.0141236 -0.157303 0.987449 0.305471 0 0 0 1 
36535719080162;0.249715;0.180624;0.99024 0.132913 -0.0419474 0.00528479 -0.112621 0.940365 0.320984 -0.0517585 0.0821087 -0.313127 0.946155 -0.135091 0 0 0 1 
36535719080163;0.453936;0.229495;0.935171 0.120448 -0.333087 1.11193 -0.142762 0.988811 -0.0432531 0.413976 0.32415 0.0880013 0.941904 -1.2198 0 0 0 1 
36535719080164;0.466141;0.332167;0.987996 -0.0400715 0.149195 0.571539 0.0140971 0.985129 0.171238 0.267959 -0.153838 -0.167079 0.973868 1.01817 0 0 0 1 
36535719080165;0.321246;0.153444;0.958808 -0.0634539 0.276877 0.203578 -0.0453351 0.928052 0.369681 -0.19545 -0.280414 -0.367005 0.886947 0.8355 0 0 0 1 
36535719080166;0.389384;0.337602;0.959284 -0.112092 0.259248 1.03839 0.140197 0.98579 -0.092538 -0.270492 -0.245191 0.125116 0.961367 0.229795 0 0 0 1 
36535719080167;0.40197;0.30482;0.998167 -0.0109356 -0.0595271 0.679894 0.0336374 0.917885 0.395419 -0.0683601 0.0503149 -0.396696 0.91657 0.219225 0 0 0 1 
36535719080168;0.210711;0.207909;0.997693 0.00523847 0.0676915 0.0837093 -0.00210058 0.998923 -0.0463442 -0.0847963 -0.0678614 0.046095 0.996629 0.114041 0 0 0 1 
36535719080169;0.371812;0.133474;0.955497 0.047257 -0.291191 0.950487 0.0375671 0.959557 0.278996 -0.625743 0.292599 -0.277519 0.915079 -1.19644 0 0 0 1 
36535719080170;0.32738;0.177902;0.998018 0.050408 0.0376724 0.045896 -0.0500085 0.998683 -0.0114726 0.153148 -0.038201 0.00956588 0.999224 -0.970944 0 0 0 1 
36535719080171;0.334438;0.314029;0.999282 -0.0377745 -0.00282942 0.295819 0.0377125 0.9991 -0.0194393 -0.067808 0.00356118 0.0193187 0.999807 0.0292931 0 0 0 1 
36535719080172;0.359248;0.211742;0.986995 0.139154 -0.0804814 0.240771 -0.118798 0.968692 0.217999 0.638066 0.108297 -0.205603 0.972625 -0.0143962 0 0 0 1 
36535719080173;0.299017;0.132145;0.997602 -0.046834 -0.0509683 0.323734 0.0440514 0.997546 -0.054413 -0.416672 0.0533916 0.0520373 0.997217 -1.08124 0 0 0 1 
36535719080174;0.332371;0.120685;0.992297 -0.100766 -0.0720638 1.09587 0.101225 0.99486 0.00273539 0.287751 0.0714177 -0.010009 0.997396 -0.577475 0 0 0 1 
36535719080175;0.258801;0.144917;0.98698 -0.0611473 -0.148767 0.475363 0.0633716 0.997937 0.0102533 0.0446277 0.147833 -0.0195474 0.988819 -1.10032 0 0 0 1 
36535719080176;0.244373;0.177273;0.981118 0.045933 0.187876 0.0381674 -0.073402 0.987145 0.141974 0.056072 -0.17894 -0.153084 0.971878 0.388696 0 0 0 1 
36535719080177;0.307368;0.278623;0.997849 -0.0270502 0.0597062 0.268074 0.011384 0.968552 0.24855 0.200033 -0.0645519 -0.247336 0.966777 0.760075 0 0 0 1 
36535719080178;0.333626;0.116475;0.923676 0.0497583 -0.379929 0.847244 0.00484902 0.989935 0.141438 -0.0771268 0.383143 -0.132485 0.914139 -0.671975 0 0 0 1 
36535719080179;0.112272;0.119964;0.995329 -0.0174288 -0.0949507 0.336547 0.0230644 0.998016 0.0585834 0.138875 0.0937413 -0.0604998 0.993757 -0.493028 0 0 0 1 
36535719080180;0.447488;0.553559;0.996941 0.0548655 -0.055665 1.32371 -0.0485028 0.992765 0.109839 -0.0940957 0.0612887 -0.106803 0.992389 -0.356002 0 0 0 1 
36535719080181;0.181751;0.167372;0.988833 -0.0362359 0.144553 0.220434 0.045427 0.997116 -0.0607965 -0.0923115 -0.141934 0.0666842 0.987628 0.0819804 0 0 0 1 
36535719080182;0.227052;0.161567;0.980726 -0.0309901 0.192916 0.363248 0.0470883 0.995728 -0.0794286 0.0483223 -0.189631 0.0869818 0.977995 -0.0294495 0 0 0 1 
36535719080183;0.271702;0.0978173;0.985815 -0.0639851 -0.155158 1.03893 0.0873127 0.985046 0.148532 -0.166364 0.143334 -0.159972 0.97666 -0.473955 0 0 0 1 
36535719080184;0.317465;0.168025;0.959655 0.144997 -0.240911 0.611842 -0.0179057 0.886561 0.462266 -0.452005 0.28061 -0.439302 0.853389 -0.53876 0 0 0 1 
36535719080186;0.390645;0.287313;0.903917 -0.0630539 0.423034 -0.23411 0.184563 0.949751 -0.252803 -0.592648 -0.385837 0.30659 0.870134 1.55782 0 0 0 1 
36535719080187;0.111223;0.265317;0.999097 0.0173033 0.0388121 -0.267498 -0.0175241 0.999832 0.00535465 -0.17408 -0.038713 -0.00602996 0.999232 -0.00719629 0 0 0 1 
36535719080188;0.65823;0.634986;0.892138 0.435752 0.119207 -0.95741 -0.442186 0.896321 0.0328566 1.60881 -0.0925302 -0.0820242 0.992326 1.09247 0 0 0 1 
36535719080189;0.357007;0.306532;0.999427 0.00663364 0.0331977 -1.05127 -0.00723771 0.99981 0.0181094 0.219697 -0.0330713 -0.0183393 0.999285 -0.479044 0 0 0 1 
36535719080190;0.473164;1.04284;0.936601 -0.34608 0.0548278 -1.69811 0.347659 0.937358 -0.0221893 -2.29086 -0.043714 0.0398439 0.998249 0.124667 0 0 0 1 
36535719080191;0.28216;0.269611;0.982207 0.187602 -0.00866811 -0.519033 -0.185297 0.975587 0.117873 0.579085 0.0305697 -0.11417 0.992991 -0.729502 0 0 0 1 
36535719080192;0.431029;0.27768;0.984262 -0.160443 0.074065 -1.13763 0.165956 0.983241 -0.0754739 -0.551736 -0.0607144 0.0865777 0.994393 0.468624 0 0 0 1 
36535719080193;0.312078;0.322352;0.991797 -0.120391 0.0429457 -0.507819 0.109344 0.973111 0.202728 -1.00283 -0.0661975 -0.196369 0.978293 -0.325277 0 0 0 1 
36535719080194;0.164987;0.251682;0.984115 0.176721 0.0169302 -0.353892 -0.176965 0.984114 0.0142284 0.569125 -0.0141468 -0.0169984 0.999755 -0.057016 0 0 0 1 
36535719080195;0.354366;0.304617;0.975877 -0.0354368 0.215427 -0.298982 0.0348961 0.999371 0.00631397 -0.635351 -0.215515 0.00135592 0.9765 0.209249 0 0 0 1 
36535719080196;0.523582;0.290173;0.986513 0.144419 0.0770386 -0.873097 -0.163602 0.884686 0.436537 0.684672 -0.00511076 -0.443253 0.896382 -0.687753 0 0 0 1 
36535719080197;0.379637;0.35557;0.987046 -0.146416 -0.0655938 -0.427119 0.149564 0.987684 0.0459424 -0.896546 0.0580593 -0.0551578 0.996788 -1.18949 0 0 0 1 
36535719080198;0.253973;0.345001;0.985396 -0.117147 0.123578 -0.619973 0.128614 0.987667 -0.089283 -0.809138 -0.111595 0.103873 0.98831 0.750306 0 0 0 1 
36535719080199;0.451651;0.266345;0.989335 0.14046 0.0385544 -0.948892 -0.140619 0.990063 0.00143423 0.792998 -0.0379698 -0.00684041 0.999255 0.645857 0 0 0 1 
36535719080200;0.601292;1.06571;0.944623 -0.258504 0.202147 -1.40794 0.273197 0.960759 -0.0480263 -1.76742 -0.181799 0.100593 0.978177 1.23464 0 0 0 1 
36535719080201;0.316883;0.291402;0.87127 0.0862512 0.483166 -0.233874 0.0026161 0.983607 -0.180304 -0.175906 -0.490797 0.158357 0.856762 2.30879 0 0 0 1 
36535719080202;0.389074;0.303866;0.971279 0.221094 0.0879417 -0.626355 -0.223405 0.974573 0.0172396 1.20099 -0.081894 -0.0363911 0.995976 -0.341986 0 0 0 1 
36535719080203;0.247825;0.520815;0.979307 -0.183499 0.0853598 -1.03752 0.181183 0.982855 0.0341959 -1.0839 -0.0901712 -0.0180226 0.995763 0.365911 0 0 0 1 
36535719080204;0.323434;0.278978;0.997176 -0.0497273 0.0562817 -0.601349 0.0486199 0.998599 0.0208789 -1.091 -0.0572411 -0.0180835 0.998197 -0.129287 0 0 0 1 
36535719080205;0.326801;0.310994;0.954063 -0.0655808 0.29234 -0.228545 0.159064 0.93775 -0.308745 -0.747416 -0.253894 0.341063 0.905105 1.00061 0 0 0 1 
36535719080206;0.360649;0.290446;0.994171 0.0956673 0.0497236 -0.636244 -0.0954768 0.995412 -0.00619876 0.946343 -0.0500885 0.00141518 0.998744 0.00519852 0 0 0 1 
36535719080207;0.378318;0.270405;0.998787 -0.0247868 0.042548 0.266111 0.0245013 0.999674 0.00721665 -0.287166 -0.042713 -0.00616541 0.999068 0.122491 0 0 0 1 
36535719080208;0.281021;0.25172;0.976607 -0.06129 0.206115 -0.636464 0.0524106 0.997458 0.0482729 -0.577112 -0.208549 -0.036341 0.977336 1.31477 0 0 0 1 
36535719080209;0.41046;0.489164;0.958501 -0.243573 0.148152 -1.20504 0.219062 0.961823 0.164036 -1.7153 -0.182451 -0.124775 0.975266 0.787921 0 0 0 1 
36535719080210;0.243944;0.297114;0.973162 0.141895 0.181167 -0.166998 -0.150752 0.987915 0.0360167 0.295392 -0.173868 -0.0623613 0.982793 0.639062 0 0 0 1 
36535719080211;0.419439;0.313105;0.931206 0.363701 0.0240079 -0.604376 -0.363934 0.931406 0.00598683 1.07624 -0.0201836 -0.0143122 0.999694 -0.030605 0 0 0 1 
36535719080212;0.411637;0.362646;0.953061 0.263207 0.149654 -0.181009 -0.261889 0.964668 -0.0288082 0.50564 -0.151949 -0.0117368 0.988319 0.772541 0 0 0 1 
36535719080213;0.271077;0.255036;0.974936 -0.17641 -0.135567 -0.464017 0.150404 0.9716 -0.18268 -0.999449 0.163944 0.157712 0.973781 -1.05966 0 0 0 1 
36535719080214;0.356981;0.276893;0.952252 0.154841 -0.263135 -0.439585 -0.161939 0.986786 -0.00536188 0.248857 0.258827 0.0477175 0.964744 -0.989121 0 0 0 1 
36535719080215;0.558879;0.293171;0.959375 0.218125 0.178942 -0.489142 -0.161253 0.944375 -0.286625 0.673787 -0.231508 0.246126 0.941183 1.95214 0 0 0 1 
36535719080217;0.267916;0.0259491;0.96871 -0.174595 -0.176404 0.513343 0.152253 0.979325 -0.133194 -0.242265 0.196012 0.102168 0.975265 -0.941185 0 0 0 1 
36535719080218;0.403611;0.0289908;0.997165 0.075243 0.00114375 -0.323727 -0.0752469 0.996814 0.0264374 0.713948 0.000849127 -0.0264485 0.99965 0.442714 0 0 0 1 
36535719080219;0.612805;0.468933;0.998138 0.0024868 0.0609447 -0.199389 -0.00322864 0.999922 0.0120768 0.0397394 -0.0609099 -0.0122511 0.998068 0.703732 0 0 0 1 
36535719080220;0.465305;0.0228505;0.9713 -0.116986 -0.207098 0.387946 0.0967267 0.989712 -0.105419 0.168543 0.2173 0.0823618 0.972624 -1.44664 0 0 0 1 
36535719080221;0.397154;0.0318138;0.978047 -0.203141 0.0464506 -0.179277 0.193262 0.967614 0.162398 -0.795974 -0.077936 -0.149856 0.985631 -0.132901 0 0 0 1 
36535719080222;0.388852;0.0257847;0.984035 -0.105007 0.143695 -0.440079 0.139522 0.956406 -0.256554 -0.231295 -0.110491 0.272507 0.955788 0.20296 0 0 0 1 
36535719080223;0.332061;0.0291402;0.929597 -0.189113 -0.316363 0.846171 0.165824 0.981148 -0.0992481 -0.635826 0.329168 0.0398001 0.943432 -0.896076 0 0 0 1 
36535719080224;0.591626;0.028484;0.994248 0.0969132 0.0455984 -0.381871 -0.0786452 0.949601 -0.303434 1.2226 -0.0727071 0.298102 0.951761 0.425979 0 0 0 1 
36535719080225;0.418431;0.174786;0.955482 -0.270958 0.116772 0.200258 0.268702 0.962589 0.0349489 -0.680118 -0.121873 -0.0020162 0.992544 0.672137 0 0 0 1 
36535719080226;0.434396;0.37591;0.989127 0.0514211 -0.13778 0.205239 -0.0528163 0.998583 -0.00648755 0.208501 0.137251 0.013694 0.990442 -0.246876 0 0 0 1 
36535719080227;0.258425;0.0284156;0.980733 0.172018 0.0925863 -0.0661586 -0.176311 0.983509 0.0403157 0.421763 -0.0841244 -0.0558629 0.994888 0.560061 0 0 0 1 
36535719080228;0.348273;0.0298885;0.957558 -0.199713 0.20784 0.130953 0.208647 0.977749 -0.021761 -0.283404 -0.198869 0.0642026 0.977921 0.844913 0 0 0 1 
36535719080229;0.349476;0.0280624;0.99455 0.0591666 0.0858486 -0.226656 -0.044657 0.985773 -0.162044 0.158053 -0.0942147 0.157327 0.983042 -0.452212 0 0 0 1 
36535719080230;0.507963;0.543957;0.943332 -0.011598 0.331649 -0.0894316 0.0225538 0.999319 -0.0292046 0.153869 -0.331084 0.0350296 0.942951 0.635446 0 0 0 1 
36535719080231;0.499847;0.030857;0.999963 0.00409163 -0.00761238 -0.327853 -0.00387861 0.999606 0.0277902 -0.439636 0.00772309 -0.0277596 0.999585 -0.860042 0 0 0 1 
36535719080232;0.400636;0.0330398;0.97462 -0.204893 0.090193 0.203658 0.173056 0.945142 0.277053 -0.468281 -0.142011 -0.254413 0.956612 1.02557 0 0 0 1 
36535719080233;0.232565;0.02999;0.984991 0.0606665 -0.161592 0.0388536 -0.0424603 0.992592 0.113831 0.0706362 0.1673 -0.105261 0.980271 -0.127918 0 0 0 1 
36535719080234;0.243089;0.0249592;0.999974 0.00636613 0.00331214 0.193949 -0.006327 0.999912 -0.0116935 0.13614 -0.00338629 0.0116723 0.999926 -0.451858 0 0 0 1 
36535719080235;0.336455;0.280202;0.997029 -0.0132254 -0.075888 0.0639376 0.0196822 0.996189 0.0849767 0.0514463 0.0744749 -0.0862178 0.993489 -0.178836 0 0 0 1 
36535719080236;0.526732;0.0236585;0.959079 -0.127922 0.252595 0.538473 0.0705835 0.971974 0.224241 -0.515808 -0.274201 -0.197235 0.941229 1.66198 0 0 0 1 
36535719080237;0.707625;0.489989;0.999856 -0.0168968 0.00166777 0.0284676 0.0168956 0.999857 0.000704285 0.215547 -0.00167943 -0.000676005 0.999998 0.725522 0 0 0 1 
36535719080238;0.378354;0.0329482;0.980287 0.18429 -0.0712345 0.333534 -0.166634 0.964876 0.203095 0.718475 0.106161 -0.187222 0.976564 -0.196221 0 0 0 1 
36535719080239;0.260619;0.0281587;0.99946 -0.0259302 0.0201783 0.372171 0.025711 0.999608 0.0110457 -0.145617 -0.0204569 -0.0105209 0.999735 0.35827 0 0 0 1 
36535719080240;0.347346;0.0237428;0.99737 0.007401 0.0721026 -0.0593699 0.0198162 0.929031 -0.369471 0.340359 -0.06972 0.369928 0.926441 -0.315994 0 0 0 1 
36535719080241;0.461675;0.0258449;0.944022 0.14849 0.294574 -0.241205 -0.071792 0.964038 -0.255883 -0.187565 -0.321977 0.220411 0.920733 0.674076 0 0 0 1 
36535719080242;0.184835;0.0259893;0.991896 0.105551 0.0707137 -0.171708 -0.106914 0.994143 0.0157667 0.0389293 -0.0686353 -0.0231992 0.997372 0.127537 0 0 0 1 
36535719080243;0.50255;0.543569;0.999637 -0.0108456 0.0246658 -0.013006 0.0113598 0.999719 -0.0208002 0.0948272 -0.0244332 0.0210729 0.999479 -0.188427 0 0 0 1 
36535719080244;0.3548;0.0289192;0.920032 0.257635 0.295236 -0.248628 -0.275883 0.960958 0.021154 0.649952 -0.27826 -0.100913 0.95519 1.11377 0 0 0 1 
36535719080245;0.421326;0.0267909;0.969771 0.123501 -0.210454 0.454638 -0.143412 0.986253 -0.0820821 0.564163 0.197424 0.109783 0.974152 -1.28202 0 0 0 1 
36535719080246;0.428678;0.0291654;0.966788 0.255577 -0.00117909 0.0989461 -0.254666 0.962933 -0.0889087 1.11425 -0.0215876 0.0862561 0.996039 -0.508662 0 0 0 1 
36535719080248;0.279109;0.0473645;0.999886 -0.014801 -0.00285083 0.852617 0.0148079 0.999887 0.00241455 0.180386 0.00281477 -0.0024565 0.999993 -0.376954 0 0 0 1 
36535719080249;0.148582;0.130242;0.998972 -0.0449828 -0.00563302 0.0420356 0.044973 0.998986 -0.00186015 -0.113147 0.00571099 0.0016049 0.999982 -0.177054 0 0 0 1 
36535719080250;0.310686;0.122498;0.99626 -0.0289026 0.0814259 0.0356194 0.0284091 0.99957 0.00721288 0.130503 -0.0815994 -0.00487267 0.996653 -0.689203 0 0 0 1 
36535719080251;0.298484;0.141019;0.999682 0.0135572 -0.0212438 -0.177391 -0.0123705 0.998408 0.0550279 0.50801 0.021956 -0.0547477 0.998259 0.158118 0 0 0 1 
36535719080252;0.364884;0.309967;0.979249 -0.140394 -0.146154 1.38288 0.139868 0.990072 -0.0139212 -0.6488 0.146657 -0.00680995 0.989164 -0.343421 0 0 0 1 
36535719080253;0.298099;0.276675;0.995569 -0.0929345 -0.0143594 0.844042 0.0920331 0.994282 -0.0541657 -0.278563 0.0193111 0.0526041 0.998429 -0.570473 0 0 0 1 
36535719080254;0.413793;0.351805;0.996062 -0.0845033 -0.0268261 0.274695 0.076678 0.972972 -0.217823 0.141565 0.0445078 0.214908 0.97562 -0.427788 0 0 0 1 
36535719080255;0.265645;0.103122;0.993981 -0.0837006 0.0706785 0.147172 0.0995989 0.959131 -0.264855 -0.300412 -0.0456214 0.270301 0.961695 0.229605 0 0 0 1 
36535719080256;0.228269;0.115046;0.973772 0.227496 -0.00360599 0.0911675 -0.22748 0.973773 0.00436829 0.425374 0.00450519 -0.00343342 0.999984 -0.084699 0 0 0 1 
36535719080257;0.266234;0.195006;0.999748 -0.0221441 0.00377465 -0.165073 0.02203 0.999366 0.0279871 -0.195485 -0.004392 -0.0278968 0.999601 -0.0565917 0 0 0 1 
36535719080258;0.327944;0.0450411;0.998736 -0.0468119 -0.0183088 0.702177 0.0471391 0.998729 0.0178647 -0.701716 0.0174493 -0.0187052 0.999673 0.517285 0 0 0 1 
36535719080259;0.241821;0.087961;0.986328 0.14396 -0.0802018 0.407734 -0.142843 0.989553 0.0195141 0.0805585 0.0821731 -0.00779106 0.996588 -0.639243 0 0 0 1 
