#;prob_registration_l1 -r /home/probabilistic_point_clouds_registration/build/tester /home/point_clouds_registration_benchmark//devel/registration_pairs/hauptgebaude_local.txt /home/point_clouds_registration_benchmark//eth/hauptgebaude -s 0.2 -t 0.2 -p 0.3 -r 1000 -m 5 -i 40 
id;initial_error;final_error;transformation
3394309160000;0.248226;0.00945693;0.999349 -0.00269078 0.0359867 0.545559 0.00128875 0.999241 0.0389262 -0.0443921 -0.0360642 -0.0388544 0.998594 -0.0422381 0 0 0 1 
3394309160001;0.28369;0.00808528;0.992898 0.115978 -0.0265159 -0.38935 -0.114274 0.991718 0.058629 0.854251 0.033096 -0.0551825 0.997928 -0.649376 0 0 0 1 
3394309160002;0.278932;0.0129342;0.977543 -0.00647045 0.210637 -0.127038 0.0047447 0.999951 0.00869733 -0.0784107 -0.210683 -0.0075026 0.977526 0.705848 0 0 0 1 
3394309160003;0.0682056;0.0113763;0.995563 -0.0901771 0.026884 0.0399507 0.0906426 0.995745 -0.0166296 -0.580598 -0.02527 0.0189926 0.9995 0.177142 0 0 0 1 
3394309160004;0.286924;0.0099123;0.998971 0.0407636 -0.0198785 0.557631 -0.0406071 0.999141 0.0082111 0.746571 0.0201961 -0.00739544 0.999769 -0.310888 0 0 0 1 
3394309160005;0.492031;0.188767;0.914881 0.383896 0.124967 -0.705097 -0.399077 0.906765 0.136071 2.5584 -0.0610784 -0.17436 0.982786 -0.0247031 0 0 0 1 
3394309160006;0.393899;0.0102725;0.988257 0.0246 0.150807 -0.245844 -0.0254501 0.999669 0.00370906 0.548475 -0.150665 -0.00750354 0.988556 1.88346 0 0 0 1 
3394309160007;0.411602;0.0145508;0.885206 -0.337082 0.320601 0.39702 0.344028 0.938246 0.0365886 -2.08541 -0.313137 0.0779073 0.946507 1.40114 0 0 0 1 
3394309160008;0.42721;0.456364;0.956223 -0.290456 -0.0356634 1.66334 0.291075 0.956605 0.0134829 -1.92143 0.0301996 -0.0232734 0.999273 0.747919 0 0 0 1 
3394309160009;0.395375;0.0119005;0.978282 -0.199956 -0.0546014 0.437014 0.194564 0.976683 -0.0907458 -1.46333 0.0714734 0.0781516 0.994376 0.408319 0 0 0 1 
3394309160010;0.216746;0.00972158;0.991732 -0.00557622 -0.128205 -0.0962041 -0.0168158 0.984794 -0.172912 0.489693 0.12722 0.173638 0.976558 -0.583297 0 0 0 1 
3394309160011;0.228138;0.794058;0.949471 -0.21947 -0.224359 2.54062 0.24239 0.966878 0.0799691 -1.7318 0.199377 -0.130311 0.97122 -1.11442 0 0 0 1 
3394309160012;0.324315;0.870237;0.94481 -0.325714 -0.0352928 2.01375 0.327151 0.932204 0.154814 -2.3223 -0.017525 -0.157816 0.987313 -0.159735 0 0 0 1 
3394309160013;0.268523;0.193651;0.99765 0.0586785 -0.035381 0.14013 -0.0588409 0.998261 -0.00356456 0.11179 0.0351103 0.00563803 0.999368 -0.48342 0 0 0 1 
3394309160014;0.217364;0.00916045;0.99975 0.0197407 0.0105123 0.00872844 -0.0214775 0.978515 0.205054 -0.307777 -0.00623855 -0.205228 0.978694 0.282942 0 0 0 1 
3394309160015;0.198549;0.0249968;0.972622 0.108189 0.205671 -0.297184 -0.102862 0.994027 -0.0364522 0.728475 -0.208387 0.0142985 0.977942 1.43122 0 0 0 1 
3394309160016;0.362241;0.0324239;0.89117 -0.221606 0.395862 0.452798 0.21923 0.974293 0.051882 -1.67841 -0.397183 0.0405492 0.916843 3.12105 0 0 0 1 
3394309160017;0.403444;0.0127914;0.924767 -0.272027 0.266097 -0.486678 0.265176 0.9622 0.0620756 -1.26168 -0.272925 0.0131573 0.961945 1.80673 0 0 0 1 
3394309160018;0.415951;0.0203894;0.958856 0.26882 0.0912724 -0.657918 -0.273016 0.961302 0.0368815 1.95849 -0.0778259 -0.0602829 0.995143 0.372284 0 0 0 1 
3394309160019;0.389264;0.0268005;0.967178 0.253718 -0.0139358 0.0241458 -0.253712 0.967277 0.00221314 1.31554 0.0140413 0.0013952 0.9999 -0.869035 0 0 0 1 
3394309160020;0.355901;0.0203179;0.946391 -0.157451 -0.282053 0.812333 0.0684459 0.951082 -0.301262 -0.0426137 0.315689 0.265806 0.910872 -1.62285 0 0 0 1 
3394309160021;0.307009;0.006808;0.991497 -0.118202 -0.0544221 0.641647 0.127478 0.96626 0.223809 -1.11473 0.0261313 -0.228844 0.973112 -0.318933 0 0 0 1 
3394309160022;0.159878;0.00902698;0.979774 -0.0344542 0.197116 -0.263959 0.0503044 0.99584 -0.0759759 -0.24259 -0.193679 0.0843551 0.977432 1.24524 0 0 0 1 
3394309160023;0.179015;0.00585049;0.995566 -0.0422471 0.0840425 -0.158949 0.0442989 0.99876 -0.0227004 -0.319511 -0.0829793 0.0263227 0.996204 0.1152 0 0 0 1 
3394309160024;0.448507;0.90715;0.903432 -0.425714 0.0507733 2.76373 0.424019 0.904725 0.0409903 -2.71172 -0.063386 -0.0155031 0.997869 1.20716 0 0 0 1 
3394309160025;0.259237;0.00842053;0.986754 0.162118 -0.00581065 -0.0888464 -0.161738 0.985943 0.0419302 1.05884 0.0125266 -0.040435 0.999104 -0.618217 0 0 0 1 
3394309160026;0.300277;0.181675;0.995011 0.0798184 0.0598535 -0.117023 -0.0762632 0.995311 -0.0595014 -0.052401 -0.0643222 0.0546399 0.996432 0.708417 0 0 0 1 
3394309160027;0.421694;0.674631;0.956693 -0.223377 -0.186659 2.17551 0.26087 0.942425 0.209241 -2.59411 0.129172 -0.248873 0.959884 -0.311154 0 0 0 1 
3394309160028;0.443835;0.0757907;0.929911 0.101818 0.353409 -0.282621 0.00691232 0.955907 -0.293587 0.787264 -0.367719 0.275453 0.888205 2.20276 0 0 0 1 
3394309160029;0.512116;0.00622536;0.998993 -0.0225466 0.0388014 0.293014 0.0347913 0.935239 -0.352303 0.490537 -0.0283454 0.353298 0.935081 -0.663558 0 0 0 1 
3394309160031;0.426851;0.458327;0.966334 -0.19883 -0.163296 1.30002 0.218434 0.969367 0.112312 -0.734705 0.135963 -0.1442 0.980163 -0.830895 0 0 0 1 
3394309160032;0.353703;0.227516;0.933758 -0.345979 -0.0916256 0.453479 0.34757 0.937653 0.00150528 0.104394 0.0853922 -0.0332519 0.995792 -0.0403756 0 0 0 1 
3394309160033;0.139215;0.0116111;0.994182 -0.0257686 -0.104584 0.0453698 0.0207599 0.998598 -0.0487016 -0.180324 0.105692 0.0462471 0.993323 0.115437 0 0 0 1 
3394309160034;0.389775;0.0645682;0.936723 0.345498 -0.0564064 -0.314946 -0.341986 0.93756 0.0634543 0.232254 0.0748078 -0.0401489 0.996389 -0.616265 0 0 0 1 
3394309160035;0.19696;0.0102223;0.976682 0.17385 -0.125972 0.0700824 -0.188324 0.975483 -0.113876 0.458641 0.103086 0.134944 0.985476 -0.0941114 0 0 0 1 
3394309160036;0.370886;0.103531;0.940457 -0.339242 -0.0213548 -0.0742479 0.335644 0.916887 0.216012 -0.412931 -0.0537003 -0.210318 0.976157 0.441705 0 0 0 1 
3394309160037;0.384635;0.00781413;0.912627 -0.249064 0.324158 -0.245585 0.18618 0.95919 0.21282 -0.773053 -0.363935 -0.133873 0.921753 0.0621714 0 0 0 1 
3394309160038;0.368064;0.0423789;0.951889 0.305061 -0.0290878 -0.671398 -0.306443 0.947281 -0.0935524 0.603717 -0.000984847 0.0979652 0.995189 -0.0925619 0 0 0 1 
3394309160039;0.0746977;0.00709909;0.999543 0.00760466 0.0292537 -0.122069 -0.00776266 0.999956 0.0052913 -0.0130095 -0.0292122 -0.00551597 0.999558 -0.122258 0 0 0 1 
3394309160040;0.279481;0.0105797;0.928635 -0.329043 0.17137 0.10063 0.310976 0.94228 0.124105 -0.553872 -0.202315 -0.0619565 0.977359 0.3767 0 0 0 1 
3394309160041;0.389623;0.113922;0.911307 -0.411426 0.0157718 0.721184 0.409414 0.909575 0.0710855 -0.486413 -0.0435921 -0.0583235 0.997346 0.0547966 0 0 0 1 
3394309160042;0.283783;0.0298973;0.98631 -0.164596 0.0100278 -0.416482 0.164619 0.986356 -0.00155033 -0.0857435 -0.00963578 0.00317987 0.999949 -0.339323 0 0 0 1 
3394309160043;0.314339;0.00606055;0.998193 0.0600086 0.00315615 0.213499 -0.0595254 0.98023 0.188696 -0.0621558 0.00822962 -0.188542 0.982031 0.655583 0 0 0 1 
3394309160044;0.531805;0.0620015;0.897258 0.40962 -0.16474 -0.58073 -0.392433 0.910898 0.127523 0.580235 0.202297 -0.0497721 0.978059 0.396758 0 0 0 1 
3394309160045;0.395186;0.390303;0.989194 0.0849128 0.119524 -0.259617 -0.0752478 0.993689 -0.0831822 -0.11856 -0.125833 0.0732894 0.989341 0.142013 0 0 0 1 
3394309160046;0.217132;0.00737604;0.990339 -0.138656 0.00171179 0.174122 0.138637 0.990309 0.00819012 -0.589493 -0.00283081 -0.00787368 0.999965 0.123551 0 0 0 1 
3394309160047;0.371665;0.00377417;0.976004 -0.151926 0.155994 -0.0687155 0.167615 0.981472 -0.092834 0.102912 -0.139 0.116753 0.983386 -0.610604 0 0 0 1 
3394309160048;0.441321;0.0983416;0.926425 0.30898 0.2151 -0.551681 -0.261937 0.939386 -0.221231 0.599997 -0.270417 0.148612 0.951204 0.677164 0 0 0 1 
3394309160049;0.529697;0.384895;0.968262 -0.241916 -0.0628181 0.219585 0.245742 0.967309 0.0626444 -0.614344 0.0456098 -0.0760933 0.996057 -0.0311805 0 0 0 1 
3394309160050;0.242722;0.00188705;0.984441 -0.120387 0.127998 -0.00985744 0.121411 0.992602 -0.000202702 -0.184492 -0.127026 0.0157399 0.991774 0.660743 0 0 0 1 
3394309160051;0.288745;0.0117119;0.97724 -0.0164926 0.211494 -0.217402 -0.00514998 0.994835 0.101375 -0.0702026 -0.212073 -0.100157 0.972108 0.846575 0 0 0 1 
3394309160052;0.346607;0.0120713;0.995647 0.0916531 0.0169203 0.0699656 -0.0917996 0.995745 0.00809301 0.0223532 -0.0161065 -0.00961106 0.999824 -0.808492 0 0 0 1 
3394309160053;0.177457;0.0105301;0.99287 -0.00411379 0.119132 -0.324177 0.0042857 0.99999 -0.00118685 -0.200444 -0.119126 0.00168895 0.992878 0.390885 0 0 0 1 
3394309160054;0.393365;0.00270688;0.997724 -0.0351243 -0.0575631 0.64462 0.0447117 0.983588 0.1748 -0.681006 0.0504786 -0.176976 0.98292 0.408407 0 0 0 1 
3394309160055;0.395101;0.00996418;0.998437 -0.0540983 0.0140189 0.728996 0.0550492 0.995281 -0.0799061 0.1925 -0.00962994 0.0805529 0.996704 -0.556963 0 0 0 1 
3394309160056;0.394726;0.00536752;0.984618 0.174026 0.0155836 -0.579605 -0.174364 0.972977 0.15137 0.446586 0.0111798 -0.151759 0.988354 -0.49021 0 0 0 1 
3394309160057;0.649395;0.0195515;0.929509 0.362859 0.0659228 -1.00049 -0.328789 0.896296 -0.297575 1.36646 -0.167064 0.254924 0.95242 0.496612 0 0 0 1 
3394309160058;0.444142;0.0229996;0.974111 0.225918 0.0082534 -0.372984 -0.225183 0.972876 -0.0529574 0.649931 -0.0199936 0.0497279 0.998563 0.841019 0 0 0 1 
3394309160059;0.406193;0.378499;0.984565 0.00126783 0.175015 0.42338 0.00538086 0.999282 -0.0375095 -0.549918 -0.174937 0.0378723 0.983851 0.670103 0 0 0 1 
3394309160060;0.43448;0.106331;0.934292 0.354574 -0.0370957 0.0263898 -0.355928 0.921766 -0.153827 0.551163 -0.0203495 0.156922 0.987401 -0.477429 0 0 0 1 
3394309160062;0.235158;0.0116268;0.951793 -0.262596 0.158537 0.482633 0.277512 0.957358 -0.0803312 -6.10152 -0.130682 0.120455 0.98408 2.91397 0 0 0 1 
3394309160063;0.42419;0.0254006;0.976512 0.215097 -0.0125347 0.765167 -0.214775 0.976393 0.0229889 4.42122 0.0171836 -0.0197568 0.999657 0.603681 0 0 0 1 
3394309160064;0.439802;0.902414;0.897187 0.399197 0.188936 -0.414232 -0.404138 0.914601 -0.0133259 8.93391 -0.178121 -0.0644006 0.981899 3.65464 0 0 0 1 
3394309160065;0.350677;0.014123;0.98742 0.0845308 0.133626 0.287719 -0.0869277 0.99614 0.0121959 1.32208 -0.13208 -0.0236583 0.990957 2.19298 0 0 0 1 
3394309160066;0.242534;0.0110398;0.999273 0.012921 -0.0358722 -0.152026 -0.0202563 0.97698 -0.212366 0.229917 0.0323024 0.212938 0.976532 -0.17902 0 0 0 1 
3394309160067;0.392633;0.253008;0.990563 0.110565 0.0809982 -0.280221 -0.1068 0.99305 -0.0494421 2.39829 -0.0859018 0.0403249 0.995487 1.43314 0 0 0 1 
3394309160068;0.328762;0.0173928;0.988888 0.147516 0.0184046 0.240132 -0.148654 0.982309 0.11389 3.72143 -0.00127852 -0.11536 0.993323 -0.446237 0 0 0 1 
3394309160069;0.0998438;0.0211714;0.999793 0.0185214 -0.00846939 0.230588 -0.0185231 0.999828 -0.000127905 0.423909 0.00846557 0.000284757 0.999964 -0.259214 0 0 0 1 
3394309160070;0.429464;0.179533;0.927125 0.276298 0.253176 0.811266 -0.332012 0.918916 0.212981 7.21902 -0.173801 -0.281517 0.943685 3.92182 0 0 0 1 
3394309160071;0.0989399;0.0185946;0.998499 0.0534569 -0.0118888 0.0639178 -0.0533888 0.998556 0.00596663 1.14119 0.0121906 -0.00532295 0.999912 -0.458145 0 0 0 1 
3394309160072;0.334886;0.0237125;0.937848 -0.346519 -0.0191169 1.14258 0.342805 0.916395 0.206651 -7.92038 -0.0540898 -0.20036 0.978228 0.754266 0 0 0 1 
3394309160073;0.372916;0.0112561;0.989536 -0.144269 0.00242043 0.880289 0.144261 0.989535 0.00289693 -3.24379 -0.00281304 -0.00251744 0.999993 0.419626 0 0 0 1 
3394309160074;0.236373;0.0121484;0.983248 -0.177578 -0.0410948 0.328978 0.180132 0.981131 0.0702521 -4.07821 0.0278442 -0.0764778 0.996682 -1.09389 0 0 0 1 
3394309160075;0.259352;0.0143239;0.9793 0.0772407 -0.187095 0.752371 -0.124006 0.959499 -0.252953 2.95753 0.15998 0.270918 0.949216 -3.2228 0 0 0 1 
3394309160076;0.21267;0.0203759;0.974214 0.17459 0.14292 0.448042 -0.160979 0.981683 -0.101903 3.78892 -0.158094 0.076268 0.984474 3.65766 0 0 0 1 
3394309160077;0.259302;0.0184644;0.989304 0.139029 -0.0441341 0.246761 -0.144272 0.977234 -0.155563 3.24312 0.0215015 0.160267 0.98684 0.281536 0 0 0 1 
3394309160078;0.466153;0.0873277;0.889755 -0.403314 0.213716 1.8095 0.427183 0.900739 -0.0786442 -9.06379 -0.160784 0.16127 0.973725 4.38054 0 0 0 1 
3394309160079;0.423773;0.0109585;0.966698 -0.163405 0.196959 -0.310877 0.187248 0.976234 -0.109111 -3.91259 -0.174449 0.142358 0.974321 3.29316 0 0 0 1 
3394309160080;0.255153;0.0162331;0.992604 0.0095098 0.121021 0.100515 0.00854249 0.988983 -0.147779 0.0110912 -0.121093 0.14772 0.981588 2.33085 0 0 0 1 
3394309160081;0.296072;0.0125817;0.997272 -0.0671706 0.0306032 0.336181 0.0672518 0.997735 -0.00163218 -0.836542 -0.0304242 0.00368585 0.99953 0.581478 0 0 0 1 
3394309160082;0.355531;0.248841;0.970674 -0.223023 -0.0897324 0.973955 0.216996 0.973497 -0.0722188 -5.1365 0.103461 0.0506293 0.993344 -2.28809 0 0 0 1 
3394309160083;0.180325;0.0175043;0.997494 -0.0697794 -0.0116655 0.000973919 0.0707198 0.978822 0.192107 -1.93052 -0.00198672 -0.192451 0.981305 -0.0373144 0 0 0 1 
3394309160084;0.188147;0.0121842;0.997853 -0.0260821 -0.0600835 -0.0811457 0.0250851 0.999536 -0.0172902 -0.350687 0.0605066 0.0157459 0.998044 -1.65945 0 0 0 1 
3394309160085;0.149775;0.0195173;0.997198 0.0121685 0.0738147 -0.129932 -0.0242066 0.986087 0.16446 0.213902 -0.0707864 -0.165786 0.983618 1.36124 0 0 0 1 
3394309160086;0.360181;0.00675358;0.976131 0.033741 -0.214544 1.32683 -0.0510131 0.995841 -0.0754844 1.27064 0.211105 0.0846273 0.973793 -3.72069 0 0 0 1 
3394309160087;0.069233;0.0101448;0.996464 -0.0812492 -0.021391 0.0496863 0.081574 0.996558 0.0147764 -1.80616 0.0201168 -0.0164691 0.999662 -0.434161 0 0 0 1 
3394309160088;0.334175;0.0128604;0.957845 -0.244827 0.150306 -0.240794 0.221841 0.962766 0.154496 -5.02966 -0.182534 -0.114639 0.976493 3.57886 0 0 0 1 
3394309160089;0.384231;0.01029;0.968142 -0.215417 0.12766 0.0972583 0.203596 0.973985 0.0995103 -4.8944 -0.145775 -0.070349 0.986813 2.32118 0 0 0 1 
3394309160090;0.357505;0.015054;0.947633 -0.297828 0.115287 0.766969 0.313698 0.935748 -0.16115 -6.28352 -0.0598843 0.188876 0.980173 1.87983 0 0 0 1 
3394309160091;0.460987;0.0316139;0.971319 0.231656 0.0536106 0.354808 -0.233836 0.971506 0.0386878 4.10958 -0.0431208 -0.0501143 0.997812 0.475363 0 0 0 1 
3394309160093;0.186714;0.0234869;0.981615 -0.0732509 -0.176256 0.510492 0.0782706 0.996696 0.0216883 -1.38282 0.174085 -0.0350852 0.984105 -3.43828 0 0 0 1 
3394309160094;0.310812;0.0377981;0.986132 -0.128217 0.105372 0.360681 0.128625 0.991689 0.0029409 -1.70777 -0.104873 0.0106533 0.994429 1.97908 0 0 0 1 
3394309160095;0.222858;0.029109;0.998739 -0.0325926 -0.0381856 0.245688 0.0319129 0.999324 -0.0182753 -0.671307 0.0387554 0.0170336 0.999104 -0.170054 0 0 0 1 
3394309160096;0.38163;0.0329744;0.99593 -0.0740718 -0.0513579 0.259437 0.0792507 0.991044 0.107475 -1.72952 0.0429371 -0.111108 0.99288 0.00118298 0 0 0 1 
3394309160097;0.257713;0.0291567;0.999805 0.00953893 -0.0172899 -0.0832467 -0.00937893 0.999913 0.00931141 0.172947 0.0173772 -0.00914743 0.999807 0.370447 0 0 0 1 
3394309160098;0.436886;0.270426;0.989427 0.141907 0.0299452 -0.182517 -0.139158 0.987063 -0.0796331 2.55013 -0.0408583 0.074624 0.996374 0.686661 0 0 0 1 
3394309160099;0.352112;0.0433212;0.990852 0.0995171 0.0911493 0.60595 -0.0815593 0.979714 -0.183052 2.00678 -0.107517 0.173944 0.978869 1.75446 0 0 0 1 
3394309160100;0.383134;0.0286728;0.996554 -0.0164768 -0.0812958 0.319554 0.0218717 0.997585 0.0659227 -0.354688 0.0800133 -0.0674736 0.994508 -0.542395 0 0 0 1 
3394309160101;0.349174;0.033567;0.999802 0.00802966 0.0182267 0.0271934 -0.00385688 0.975864 -0.218347 0.760535 -0.01954 0.218233 0.975701 1.36505 0 0 0 1 
3394309160102;0.328612;0.030003;0.989585 0.0986912 -0.104792 0.31029 -0.0858519 0.988973 0.12067 1.49158 0.115545 -0.110416 0.987146 -1.401 0 0 0 1 
3394309160103;0.353684;0.0242192;0.997683 -0.00459718 0.0678743 -0.832336 0.00111521 0.998685 0.0512494 -0.178978 -0.0680207 -0.051055 0.996377 1.69839 0 0 0 1 
3394309160104;0.220681;0.0316686;0.980389 -0.139118 0.139587 -0.346505 0.133926 0.989924 0.0459721 -2.08508 -0.144576 -0.0263763 0.989142 2.53206 0 0 0 1 
3394309160105;0.408456;0.628684;0.92842 0.360158 0.0912266 -0.175588 -0.367162 0.926962 0.0770311 6.84413 -0.0568201 -0.105012 0.992846 1.52049 0 0 0 1 
3394309160106;0.441483;0.0282539;0.895515 -0.41987 0.147519 1.47743 0.371085 0.887478 0.273273 -7.23065 -0.245659 -0.189978 0.950558 4.68625 0 0 0 1 
3394309160107;0.532391;0.0200866;0.916919 -0.369062 -0.151828 2.08334 0.353733 0.927756 -0.118919 -6.27779 0.184748 0.0553327 0.981227 -3.77998 0 0 0 1 
3394309160108;0.223867;0.0302515;0.999934 0.0114138 0.00158806 -0.152169 -0.0114285 0.999889 0.0095952 0.125328 -0.00147837 -0.00961271 0.999953 0.61285 0 0 0 1 
3394309160109;0.0784344;0.0254222;0.994894 -0.100847 -0.00389837 -0.0696312 0.100906 0.994685 0.0204909 -1.85984 0.0018112 -0.0207797 0.999782 -0.0556811 0 0 0 1 
3394309160110;0.305364;0.0392718;0.985393 -0.160786 0.0561143 -0.337524 0.168463 0.968566 -0.183032 -2.89372 -0.0249213 0.189812 0.981504 1.3816 0 0 0 1 
3394309160111;0.289575;0.875999;0.947655 0.247532 0.201689 -0.85039 -0.231008 0.96758 -0.102097 4.34492 -0.220423 0.0501611 0.974114 4.32845 0 0 0 1 
3394309160112;0.386373;0.02538;0.968468 -0.244962 0.0454274 0.147513 0.244583 0.96953 0.0138268 -4.56091 -0.0474303 -0.00228004 0.998872 1.7158 0 0 0 1 
3394309160113;0.347639;0.0377901;0.999245 0.0388356 0.00133567 -0.176691 -0.0388368 0.999245 0.00092456 0.985673 -0.00129875 -0.000975735 0.999999 0.9124 0 0 0 1 
3394309160114;0.578959;0.6996;0.889707 0.374311 0.261365 -0.798249 -0.371188 0.926405 -0.0631873 6.44018 -0.265781 -0.0407974 0.96317 4.72247 0 0 0 1 
3394309160115;0.373208;0.0396411;0.996287 -0.00788887 0.0857326 -0.367974 0.0155391 0.995916 -0.0889365 -0.130702 -0.0846808 0.0899385 0.992341 0.760634 0 0 0 1 
3394309160116;0.177223;0.037894;0.999713 -0.0237435 -0.00322485 0.223939 0.0237135 0.999678 -0.00903957 -0.0851488 0.00343844 0.00896051 0.999954 -0.132506 0 0 0 1 
3394309160117;0.448363;0.0302659;0.97904 -0.198736 -0.0445496 0.251916 0.178647 0.943008 -0.28075 -2.53192 0.0978057 0.266907 0.958746 -2.16841 0 0 0 1 
3394309160118;0.307421;0.0981867;0.962318 0.185005 0.199294 0.284372 -0.137333 0.963209 -0.231017 2.97319 -0.234701 0.194942 0.95232 4.37348 0 0 0 1 
3394309160119;0.336676;0.0183164;0.933211 -0.353248 -0.0658217 0.99785 0.354103 0.935205 0.00143168 -6.31097 0.0610511 -0.0246437 0.99783 -0.700444 0 0 0 1 
3394309160120;0.390228;0.0208157;0.881791 -0.440045 0.169721 1.40597 0.454949 0.888489 -0.0600731 -8.04892 -0.12436 0.130186 0.98366 2.79029 0 0 0 1 
3394309160121;0.364275;0.0417591;0.933898 -0.104192 0.342021 0.270488 0.175939 0.966684 -0.185922 -2.49601 -0.311254 0.233807 0.921116 6.01324 0 0 0 1 
3394309160122;0.150012;0.0415324;0.981617 0.186913 -0.0386203 0.674059 -0.18786 0.981938 -0.0225109 3.32531 0.0337151 0.0293523 0.999 -0.536482 0 0 0 1 
3394309160124;0.265891;0.013332;0.97139 -0.226148 0.0725189 -0.0740636 0.22824 0.973359 -0.021884 -5.67704 -0.0656379 0.0378096 0.997127 1.40252 0 0 0 1 
3394309160125;0.0924407;0.0274008;0.990988 0.0277241 0.13105 0.0493314 -0.0358753 0.997538 0.060253 0.770854 -0.129057 -0.0644115 0.989543 2.87316 0 0 0 1 
3394309160126;0.454214;0.0333556;0.91742 0.301753 -0.259396 3.21495 -0.303687 0.952179 0.0335976 7.57835 0.25713 0.047952 0.965186 -5.78678 0 0 0 1 
3394309160127;0.391085;0.039264;0.915767 0.397817 -0.055778 2.19838 -0.383938 0.907619 0.169764 8.95697 0.11816 -0.134049 0.983905 -3.11976 0 0 0 1 
3394309160128;0.398984;0.155406;0.944102 0.328258 0.0303081 0.890963 -0.320235 0.935063 -0.152006 8.01501 -0.0782372 0.133803 0.987915 1.95877 0 0 0 1 
3394309160129;0.0588853;0.017574;1 -0.000706397 0.000650296 -0.0998204 0.000704192 0.999994 0.00338356 -0.106512 -0.000652682 -0.0033831 0.999994 0.142028 0 0 0 1 
3394309160130;0.354684;0.416397;0.985544 -0.125099 0.114253 0.288727 0.124821 0.992133 0.00961492 -3.75133 -0.114557 0.00478526 0.993405 2.7616 0 0 0 1 
3394309160131;0.385569;0.260577;0.912698 0.404245 0.0597416 1.83431 -0.404986 0.914323 0.000323249 9.75966 -0.0544924 -0.0244895 0.998214 1.38377 0 0 0 1 
3394309160132;0.356548;0.0136786;0.906984 -0.417467 0.0556829 1.75417 0.42115 0.897926 -0.127909 -9.85145 0.00339848 0.139462 0.990222 0.0941201 0 0 0 1 
3394309160133;0.361702;0.0121952;0.9499 -0.181349 -0.254563 1.53738 0.248939 0.931462 0.265346 -6.08502 0.188996 -0.315423 0.92994 -4.7561 0 0 0 1 
3394309160134;0.414145;0.0166315;0.977763 -0.208214 0.0250431 1.03229 0.209499 0.97518 -0.071659 -4.59048 -0.00950113 0.075312 0.997115 0.314307 0 0 0 1 
3394309160135;0.292331;0.0153706;0.999264 0.0101225 -0.0369898 0.086885 -0.00667772 0.995728 0.0920913 -0.303501 0.037764 -0.0917766 0.995063 -1.60542 0 0 0 1 
3394309160136;0.443471;0.0281586;0.969902 0.243254 -0.0108482 0.942633 -0.243089 0.969895 0.0145326 5.94174 0.0140567 -0.0114582 0.999836 -1.19048 0 0 0 1 
3394309160137;0.250953;0.012985;0.982389 -0.178078 -0.0565756 0.358873 0.183152 0.977684 0.102903 -4.43678 0.0369882 -0.111453 0.993081 -1.40973 0 0 0 1 
3394309160138;0.370395;0.0135691;0.92769 -0.266019 -0.261963 1.82962 0.244019 0.963066 -0.113834 -5.28321 0.282569 0.0416785 0.958341 -6.06581 0 0 0 1 
3394309160139;0.0858104;0.0291584;0.997457 0.0709478 -0.00676094 0.10714 -0.0702213 0.994566 0.0768544 1.47294 0.0121769 -0.0761842 0.997019 -0.426993 0 0 0 1 
3394309160140;0.322515;0.00989114;0.903952 -0.0494004 -0.424771 2.97877 0.0522912 0.99862 -0.00485794 -1.26899 0.424425 -0.0178205 0.905288 -10.0148 0 0 0 1 
3394309160141;0.361297;0.051082;0.940956 0.338462 0.00670661 1.22491 -0.338528 0.94077 0.0187474 8.0708 3.59081e-05 -0.0199109 0.999802 -0.104898 0 0 0 1 
3394309160142;0.193657;0.0350208;0.966559 0.0210502 0.25558 0.24473 -0.0313973 0.998841 0.036472 0.68462 -0.254516 -0.0432769 0.9661 6.04524 0 0 0 1 
3394309160143;0.448915;0.0305518;0.97181 0.235463 -0.0119307 0.0810056 -0.235039 0.971545 0.0292764 5.13006 0.0184847 -0.0256469 0.9995 -0.80568 0 0 0 1 
3394309160144;0.382267;0.0118067;0.928627 -0.33519 -0.159055 0.980884 0.321091 0.940859 -0.108096 -7.95682 0.185881 0.0493094 0.981334 -4.5103 0 0 0 1 
3394309160145;0.390824;0.0179678;0.909688 0.124619 -0.396153 2.86387 -0.214109 0.9581 -0.190268 5.30365 0.355843 0.257905 0.898254 -8.24796 0 0 0 1 
3394309160146;0.519843;0.0296975;0.987096 0.0512432 0.151711 0.152587 -0.08587 0.969065 0.231387 1.75968 -0.13516 -0.241428 0.96096 4.0383 0 0 0 1 
3394309160147;0.314525;0.0146389;0.954599 -0.18841 -0.230744 0.698846 0.22952 0.958954 0.166518 -5.43658 0.1899 -0.211919 0.95866 -4.34217 0 0 0 1 
3394309160148;0.159477;0.0356374;0.996174 0.00689508 0.0871226 0.153686 -0.0158408 0.994616 0.10241 0.0331548 -0.0859474 -0.103398 0.99092 1.8602 0 0 0 1 
3394309160149;0.32406;0.408941;0.997732 -0.0659909 0.0132875 0.263637 0.0663463 0.997393 -0.0283709 -0.719159 -0.0113806 0.0291881 0.999509 0.354684 0 0 0 1 
3394309160150;0.0510986;0.0293007;0.998379 0.0535502 0.0192553 -0.0194526 -0.0536223 0.998556 0.00324524 1.25182 -0.0190537 -0.00427249 0.999809 0.472076 0 0 0 1 
3394309160151;0.610087;0.0144353;0.928471 -0.339154 -0.151383 2.56995 0.325746 0.939412 -0.106748 -7.28125 0.178415 0.0498005 0.982694 -3.86976 0 0 0 1 
3394309160152;0.362678;0.0339356;0.922903 0.288506 -0.25498 2.65545 -0.314759 0.946728 -0.0680637 7.517 0.22176 0.143073 0.964548 -5.30846 0 0 0 1 
3394309160153;0.287468;0.0250373;0.955931 0.286306 -0.0649912 1.30283 -0.265756 0.937916 0.222907 5.80742 0.124776 -0.195812 0.972671 -2.9505 0 0 0 1 
3394309160155;0.447786;0.35518;0.971177 -0.222266 -0.0860982 0.535465 0.231521 0.965526 0.118984 -2.04127 0.0566839 -0.135488 0.989156 -0.449347 0 0 0 1 
3394309160156;0.233355;0.0242032;0.927758 0.0708718 -0.366391 1.21607 -0.0607397 0.997387 0.0391242 0.526787 0.368206 -0.0140433 0.929638 -3.21123 0 0 0 1 
3394309160157;0.264959;0.0620082;0.975065 0.0363306 0.218924 -0.144806 -0.0855063 0.971845 0.219558 0.338644 -0.204784 -0.232802 0.950719 1.50021 0 0 0 1 
3394309160158;0.276214;0.0285593;0.986245 -0.161909 0.0332777 0.0793576 0.162128 0.986762 -0.00399385 -1.65464 -0.0321905 0.00933416 0.999438 -0.228685 0 0 0 1 
3394309160159;0.327677;0.03306;0.999391 0.0283506 0.020327 -0.224706 -0.0296793 0.997219 0.068356 0.181245 -0.0183325 -0.0689177 0.997454 1.02595 0 0 0 1 
3394309160160;0.133668;0.0500245;0.985119 0.00124546 0.171871 -0.272976 0.00945459 0.998067 -0.0614235 0.0137837 -0.171616 0.0621345 0.983203 1.6366 0 0 0 1 
3394309160161;0.30505;0.728178;0.946148 0.323428 -0.0140543 -1.54771 -0.323018 0.946052 0.0253845 3.10311 0.0215061 -0.0194777 0.999579 0.143006 0 0 0 1 
3394309160162;0.0502853;0.0361181;0.999932 -0.0111743 -0.00326724 0.0310976 0.011167 0.999935 -0.00223865 -0.162153 0.00329204 0.00220201 0.999992 0.0799386 0 0 0 1 
3394309160163;0.250016;0.0299641;0.994597 -0.0746914 -0.0720935 0.0791197 0.090767 0.962725 0.254799 -1.29082 0.0503749 -0.259966 0.964303 -0.262094 0 0 0 1 
3394309160164;0.523579;0.883732;0.904592 0.424033 -0.0437066 -2.11111 -0.424361 0.905491 0.00192633 3.69401 0.0403928 0.0168048 0.999043 0.0341713 0 0 0 1 
3394309160165;0.368871;0.129156;0.96478 0.262506 0.0170272 -0.0128494 -0.249323 0.933134 -0.259036 2.44741 -0.083887 0.245667 0.965718 1.60059 0 0 0 1 
3394309160166;0.306131;0.0323643;0.999472 -0.0138914 -0.0293875 0.0843027 0.0138844 0.999904 -0.000441312 -0.136753 0.0293908 3.30505e-05 0.999568 -0.997987 0 0 0 1 
3394309160167;0.598213;0.0283864;0.897939 -0.140517 -0.417086 2.0779 0.215477 0.966677 0.138223 -2.82751 0.383765 -0.213988 0.898295 -2.86091 0 0 0 1 
3394309160168;0.1742;0.0383788;0.999399 0.0343705 -0.00455213 -0.0853046 -0.0343638 0.999408 0.00154344 0.301085 0.00460249 -0.00138608 0.999988 0.463611 0 0 0 1 
3394309160169;0.457369;0.0232484;0.942361 -0.331147 0.0479393 0.195048 0.329748 0.943426 0.0348438 -3.92671 -0.0567656 -0.0170275 0.998242 1.06156 0 0 0 1 
3394309160170;0.210774;0.0388676;0.985689 -0.103139 0.133343 -0.276528 0.124465 0.978742 -0.163013 -0.950212 -0.113696 0.177277 0.977572 0.949689 0 0 0 1 
3394309160171;0.312176;0.0311453;0.979535 -0.19811 0.0355342 0.418688 0.180471 0.942672 0.280714 -2.00396 -0.0891095 -0.268556 0.959133 0.723724 0 0 0 1 
3394309160172;0.347442;0.0295885;0.991416 -0.0559462 -0.118174 0.14492 0.0402967 0.990577 -0.130893 -0.361628 0.124384 0.125007 0.984328 -0.127264 0 0 0 1 
3394309160173;0.513361;0.373645;0.967472 -0.232321 0.100125 0.54512 0.238966 0.969153 -0.0603094 -2.26978 -0.0830249 0.0822741 0.993145 0.686527 0 0 0 1 
3394309160174;0.158617;0.0342057;0.997506 0.0493975 -0.0504175 -0.228728 -0.0551328 0.991295 -0.119557 0.631458 0.0440728 0.122038 0.991546 -0.102269 0 0 0 1 
3394309160175;0.423765;0.03502;0.985592 -0.0369201 -0.165063 1.07635 0.00142787 0.977668 -0.210151 0.471949 0.169136 0.206888 0.963634 -1.55043 0 0 0 1 
3394309160176;0.19621;0.0448113;0.995653 -0.0403571 0.0839484 0.00480518 0.0368011 0.998376 0.043485 -0.102488 -0.085567 -0.0402066 0.995521 0.453924 0 0 0 1 
3394309160177;0.557777;0.0334671;0.956189 0.178016 -0.232407 0.547255 -0.0766833 0.918459 0.388012 0.276952 0.282528 -0.353191 0.891871 -1.47091 0 0 0 1 
3394309160178;0.217629;0.0546243;0.99998 -0.00633931 0.000121019 0.262706 0.0063395 0.999979 -0.00165877 -0.333554 -0.000110501 0.0016595 0.999999 0.355459 0 0 0 1 
3394309160179;0.268847;0.651348;0.958982 -0.283449 -0.00322225 1.49307 0.28344 0.958665 0.024981 -3.01197 -0.00399178 -0.0248696 0.999683 0.0212451 0 0 0 1 
3394309160180;0.363436;0.0535148;0.997358 -0.00686379 0.0723129 -0.152064 0.0111483 0.998195 -0.059014 0.326313 -0.0717773 0.0596643 0.995635 1.61697 0 0 0 1 
3394309160181;0.481709;0.239223;0.985041 -0.172131 0.00804578 0.282326 0.172305 0.984478 -0.0333654 -1.96898 -0.00217767 0.0342527 0.999411 0.680711 0 0 0 1 
3394309160182;0.293983;0.0315297;0.998206 -0.0473754 -0.0366216 -0.0154178 0.0470984 0.998855 -0.00838922 -0.947506 0.0369771 0.00664934 0.999294 0.271996 0 0 0 1 
3394309160183;0.436918;0.0304261;0.972586 -0.232333 0.00993945 0.445203 0.220653 0.935499 0.27596 -2.98438 -0.0734129 -0.266202 0.961118 0.283923 0 0 0 1 
3394309160184;0.141133;0.0307164;0.999815 -0.0113039 -0.0155549 -0.361185 0.010947 0.999679 -0.0228423 -0.174841 0.0158081 0.0226678 0.999618 0.0828977 0 0 0 1 
3394309160186;0.458534;0.0714096;0.921458 0.386 -0.0438069 1.79053 -0.387628 0.921032 -0.0380155 7.73162 0.0256735 0.0520105 0.998316 -1.14343 0 0 0 1 
3394309160187;0.388653;0.179566;0.903833 -0.427575 0.0163252 1.90757 0.427439 0.900485 -0.0801393 -8.47958 0.019565 0.0794105 0.99665 -0.0785017 0 0 0 1 
3394309160188;0.269366;0.00955124;0.986196 -0.16558 -0.000123055 0.184827 0.16344 0.973333 0.160968 -3.439 -0.0265334 -0.158766 0.98696 0.81638 0 0 0 1 
3394309160189;0.483079;0.00641235;0.96796 -0.201659 -0.149621 1.0003 0.148967 0.940843 -0.30434 -2.02289 0.202143 0.2723 0.94074 -4.0642 0 0 0 1 
3394309160190;0.0786131;0.00328144;0.997993 0.0607082 -0.0179934 0.121538 -0.0608054 0.998138 -0.00490716 1.15144 0.017662 0.00599141 0.999826 -0.474645 0 0 0 1 
3394309160191;0.461554;0.0483576;0.950971 -0.309065 -0.0115192 0.890513 0.309241 0.950782 0.019603 -6.82178 0.00489368 -0.0222041 0.999741 0.528583 0 0 0 1 
3394309160192;0.432023;0.00688228;0.987659 -0.0281029 -0.154076 1.11236 -0.0131566 0.965405 -0.260423 1.06556 0.156065 0.259236 0.953121 -2.43202 0 0 0 1 
3394309160193;0.353577;0.0144994;0.952869 0.303382 0.000212765 1.43065 -0.303272 0.952542 -0.0262786 5.96017 -0.00817512 0.0249755 0.999655 -0.413586 0 0 0 1 
3394309160194;0.352735;0.00607429;0.951802 -0.225016 0.208426 0.361651 0.146664 0.930718 0.335041 -3.58577 -0.269376 -0.288324 0.918861 5.03143 0 0 0 1 
3394309160195;0.362433;0.105525;0.916743 0.399409 0.00743309 1.74728 -0.399115 0.916544 -0.0255735 7.84245 -0.017027 0.0204776 0.999645 0.192162 0 0 0 1 
3394309160196;0.182053;0.00750994;0.992908 -0.107964 0.0497718 -0.0345559 0.0991939 0.983123 0.153721 -2.32363 -0.0655281 -0.147694 0.98686 0.897297 0 0 0 1 
3394309160197;0.398636;0.063173;0.925009 0.365293 -0.104493 2.14591 -0.37906 0.906025 -0.188235 7.65678 0.0259127 0.213728 0.976549 0.334014 0 0 0 1 
3394309160198;0.114611;0.0118473;0.991259 -0.131795 -0.00597206 0.0602533 0.131783 0.991276 -0.00225672 -2.68409 0.00621738 0.00144998 0.99998 -0.0539559 0 0 0 1 
3394309160199;0.260161;0.0136665;0.94967 0.313005 0.0124437 1.24004 -0.312295 0.949124 -0.0404515 6.20965 -0.0244721 0.0345295 0.999104 0.541108 0 0 0 1 
3394309160200;0.239388;0.0088911;0.999044 -0.0337029 -0.0278464 0.00407435 0.0340631 0.999341 0.0125642 -0.750744 0.0274046 -0.0135008 0.999533 0.0801664 0 0 0 1 
3394309160201;0.340496;0.00563214;0.969094 -0.0749609 0.235026 0.588099 0.119833 0.975805 -0.182882 -1.70426 -0.215631 0.205393 0.954629 4.19511 0 0 0 1 
3394309160202;0.373558;0.00508871;0.985964 -0.0828262 0.144965 -0.673714 0.0834517 0.99651 0.00177163 -1.40624 -0.144606 0.0103508 0.989435 2.18871 0 0 0 1 
3394309160203;0.451354;0.353061;0.999349 0.0359964 0.00247252 0.140138 -0.0354534 0.992379 -0.118009 1.06959 -0.00670157 0.117844 0.993009 0.0422336 0 0 0 1 
3394309160204;0.469117;0.179029;0.908385 0.417833 -0.0158916 1.73161 -0.417762 0.908524 0.00772068 8.34102 0.0176638 -0.000374449 0.999844 -0.837006 0 0 0 1 
3394309160205;0.327235;0.0105069;0.978174 -0.200216 -0.0555877 0.725269 0.20279 0.978174 0.0452941 -4.43318 0.0453059 -0.0555781 0.997426 -1.27626 0 0 0 1 
3394309160206;0.165571;0.00862515;0.998295 -0.0116903 -0.0571894 -0.0999367 0.00474009 0.99274 -0.120187 0.165813 0.0581793 0.119711 0.991103 -0.683743 0 0 0 1 
3394309160207;0.420271;0.00505229;0.97117 0.105559 0.213743 0.468402 -0.115832 0.992613 0.0360859 2.12747 -0.208355 -0.0598038 0.976223 5.00562 0 0 0 1 
3394309160208;0.487381;0.00427465;0.924564 0.307614 -0.224845 1.33489 -0.25043 0.935333 0.249872 4.1657 0.287169 -0.174714 0.941811 -5.32852 0 0 0 1 
3394309160209;0.287731;0.00462018;0.995926 0.0695116 0.0574481 -0.126404 -0.0769005 0.987382 0.138432 1.47171 -0.0471006 -0.142285 0.988704 0.112095 0 0 0 1 
3394309160210;0.372686;0.0240185;0.951072 -0.306283 0.0406477 0.692356 0.308926 0.944862 -0.108627 -5.73346 -0.0051359 0.115869 0.993251 0.865217 0 0 0 1 
3394309160211;0.423056;0.238356;0.922484 -0.315389 -0.222607 2.28766 0.34272 0.934495 0.0962422 -6.92852 0.177671 -0.165074 0.970146 -3.08175 0 0 0 1 
3394309160212;0.468609;0.00903433;0.960191 -0.278594 0.0204777 1.14169 0.278952 0.960148 -0.0173702 -5.92905 -0.0148224 0.022391 0.999639 0.916035 0 0 0 1 
3394309160213;0.266849;0.00588802;0.978284 -0.149198 0.143875 -0.308574 0.174872 0.966763 -0.186517 -3.0602 -0.111265 0.207626 0.97186 2.51722 0 0 0 1 
3394309160214;0.475344;0.389452;0.993944 -0.0991035 0.0474829 0.279615 0.102453 0.991964 -0.0742395 -2.01727 -0.0397439 0.0786546 0.996109 1.53332 0 0 0 1 
3394309160215;0.281079;0.0432513;0.876605 0.0845457 -0.473726 3.04482 -0.05828 0.995851 0.0698852 1.18634 0.477669 -0.033653 0.877895 -9.3215 0 0 0 1 
3394309160217;0.276984;0.00999869;0.999999 0.000844699 0.000607162 -0.563465 -0.000845451 0.999999 0.00123791 0.366277 -0.000606116 -0.00123843 0.999999 0.362271 0 0 0 1 
3394309160218;0.423487;0.900673;0.938209 0.198081 0.283774 -2.34694 -0.241897 0.961766 0.128419 2.66707 -0.247487 -0.189128 0.950253 2.86679 0 0 0 1 
3394309160219;0.217232;0.0422911;0.985641 0.162107 -0.0472641 0.406125 -0.168164 0.967696 -0.187844 2.51159 0.0152864 0.193095 0.981061 0.0949858 0 0 0 1 
3394309160220;0.375115;0.021059;0.921584 0.181504 -0.34313 1.57184 -0.102496 0.96636 0.235888 0.550026 0.374402 -0.182221 0.909186 -5.22435 0 0 0 1 
3394309160221;0.326953;0.0333411;0.980988 0.182569 -0.0658144 -0.111062 -0.179259 0.982365 0.0531583 1.95381 0.0743588 -0.0403498 0.996415 -0.417727 0 0 0 1 
3394309160222;0.142051;0.0161604;0.999266 -0.0344709 0.0166859 -0.278548 0.0349389 0.998979 -0.0286229 -0.72479 -0.0156822 0.0291849 0.999451 0.335585 0 0 0 1 
3394309160223;0.261461;0.0359123;0.959022 0.274155 -0.0715205 0.299088 -0.270548 0.961065 0.0562021 3.42103 0.0841439 -0.0345494 0.995854 -1.17477 0 0 0 1 
3394309160224;0.0854273;0.0373871;0.993714 0.111254 -0.0124171 0.0819096 -0.111132 0.993754 0.0100906 1.34555 0.0134622 -0.00864726 0.999872 -0.157046 0 0 0 1 
3394309160225;0.231107;0.0173175;0.999945 0.00389137 -0.00974482 -0.238825 -0.00371662 0.999833 0.0178865 0.55661 0.0098128 -0.0178493 0.999793 0.088086 0 0 0 1 
3394309160226;0.061528;0.0237944;0.999992 0.00326539 -0.00221209 -0.0507389 -0.00326894 0.999993 -0.00160478 0.0796643 0.00220683 0.001612 0.999996 -0.151849 0 0 0 1 
3394309160227;0.376137;1.18452;0.89098 0.4511 -0.0516045 -1.38626 -0.45176 0.892138 -0.00128541 5.63809 0.0454585 0.0244581 0.998667 -0.353795 0 0 0 1 
3394309160228;0.303595;0.0142043;0.965545 -0.248421 0.07753 0.306675 0.260025 0.932998 -0.248802 -2.97606 -0.0105277 0.260389 0.965446 0.198345 0 0 0 1 
3394309160229;0.401686;0.0194786;0.93111 -0.315432 0.183131 1.05366 0.31971 0.947493 0.00646918 -3.65814 -0.175556 0.0525254 0.983067 2.44912 0 0 0 1 
3394309160230;0.10387;0.0296675;0.991404 0.126101 -0.0348762 0.0855611 -0.127247 0.991327 -0.0328492 1.65505 0.0304314 0.0370047 0.998852 -0.346361 0 0 0 1 
3394309160231;0.26477;0.0294588;0.926112 -0.226838 0.30143 0.287968 0.190441 0.970856 0.145499 -2.78426 -0.32565 -0.0773437 0.942322 4.25856 0 0 0 1 
3394309160232;0.456423;0.0269272;0.870204 0.28655 -0.400791 2.81665 -0.2846 0.956382 0.0658466 3.89707 0.402178 0.0567653 0.9138 -5.53017 0 0 0 1 
3394309160233;0.155497;0.0258269;0.999165 0.0323955 0.0248967 -0.196116 -0.0330824 0.999069 0.0276926 0.365414 -0.0239764 -0.0284931 0.999306 0.68457 0 0 0 1 
3394309160234;0.449685;0.191975;0.997819 -0.0628277 0.020255 0.233853 0.0636156 0.997135 -0.0409367 -0.75246 -0.017625 0.0421359 0.998956 -0.62067 0 0 0 1 
3394309160235;0.164832;0.0108572;0.972248 0.126154 -0.197026 0.353602 -0.116256 0.99134 0.0610672 1.50405 0.203023 -0.0364671 0.978495 -2.5996 0 0 0 1 
3394309160236;0.330502;0.0389692;0.972215 0.225413 0.0631357 0.122528 -0.210017 0.959046 -0.190061 3.26761 -0.103392 0.17152 0.97974 1.86768 0 0 0 1 
3394309160237;0.197559;0.0409842;0.999959 -0.00889943 0.00147887 0.219674 0.00888794 0.999932 0.00760038 0.129324 -0.00154641 -0.00758693 0.99997 -0.274423 0 0 0 1 
3394309160238;0.37956;0.0426271;0.982715 -0.137852 0.123561 0.783543 0.12334 0.985289 0.118294 -1.48671 -0.13805 -0.101009 0.985261 1.87063 0 0 0 1 
3394309160239;0.353533;0.0162071;0.995699 -0.0424413 0.0823547 -0.78468 0.0416656 0.99907 0.0111151 -0.382587 -0.0827498 -0.00763595 0.996541 0.475977 0 0 0 1 
3394309160240;0.540644;0.241421;0.993323 0.11264 0.0249179 -0.615978 -0.107726 0.982953 -0.14899 2.02432 -0.0412754 0.145311 0.988525 0.153434 0 0 0 1 
3394309160241;0.23847;0.771131;0.978172 0.0796033 0.191944 -1.60711 -0.0908114 0.994597 0.0503064 1.03507 -0.186902 -0.066639 0.980116 1.9359 0 0 0 1 
3394309160242;0.249114;0.0199471;0.999374 -0.0230033 0.026861 -0.315005 0.0224396 0.999525 0.0211018 -0.2957 -0.0273337 -0.0204859 0.999416 -0.246652 0 0 0 1 
3394309160243;0.309141;0.086478;0.961653 0.1572 0.224748 -0.201943 -0.113869 0.974318 -0.194264 1.869 -0.249515 0.161223 0.954856 3.17383 0 0 0 1 
3394309160244;0.346424;0.0314094;0.999992 -0.0020271 -0.00344714 0.510286 0.00203638 0.999994 0.0026921 -0.419318 0.00344166 -0.00269909 0.99999 0.59691 0 0 0 1 
3394309160245;0.222213;0.0400749;0.981806 0.141307 0.126843 0.0973887 -0.147426 0.988257 0.0401744 1.98323 -0.119677 -0.0581435 0.991109 1.1154 0 0 0 1 
3394309160246;0.394505;0.297977;0.986668 0.162047 0.015083 -0.875305 -0.162739 0.98141 0.101739 1.83462 0.00168397 -0.102837 0.994697 -0.0467453 0 0 0 1 
3394309160248;0.387346;0.357342;0.99294 0.10274 -0.0592854 0.296344 -0.0961173 0.989771 0.105429 1.86195 0.0695108 -0.0989863 0.992658 -0.566738 0 0 0 1 
3394309160249;0.0790091;0.0180334;0.996255 -0.0862475 0.00611839 0.0327883 0.0862389 0.996273 0.00165365 -1.4738 -0.00623821 -0.00111981 0.99998 0.0970614 0 0 0 1 
3394309160250;0.489213;0.0243432;0.931952 0.266571 -0.245775 1.72849 -0.224998 0.956729 0.184513 3.26166 0.284326 -0.116658 0.951604 -3.94316 0 0 0 1 
3394309160251;0.37181;0.0496956;0.884446 0.439442 -0.156989 2.29346 -0.399115 0.886683 0.233453 6.47009 0.241789 -0.143819 0.959612 -4.11694 0 0 0 1 
3394309160252;0.374908;0.0685903;0.934643 -0.355584 0.00160273 1.45195 0.355582 0.934644 0.00135137 -6.3352 -0.00197851 -0.000693143 0.999998 -0.263348 0 0 0 1 
3394309160253;0.217625;0.0265805;0.970737 -0.152951 0.185139 0.239545 0.161505 0.986355 -0.0319442 -2.62807 -0.177727 0.0609102 0.982193 3.49948 0 0 0 1 
3394309160254;0.306431;0.019451;0.999779 -0.0209988 0.000598391 -0.738515 0.0209984 0.999779 0.000634468 -0.04017 -0.000611582 -0.000621763 1 0.359309 0 0 0 1 
3394309160255;0.470321;0.0228441;0.973204 -0.22579 -0.0435107 -0.340281 0.199455 0.923069 -0.328878 -2.48532 0.114421 0.311386 0.94337 -1.73029 0 0 0 1 
3394309160256;0.293686;0.018751;0.999352 0.0317976 -0.0168745 -0.503202 -0.031503 0.999351 0.0174437 0.0283262 0.0174183 -0.0169008 0.999705 -0.0351715 0 0 0 1 
3394309160257;0.406176;0.0312067;0.988754 0.0705366 0.131873 -0.0249165 -0.0429556 0.978577 -0.201352 1.832 -0.143251 0.193423 0.970601 3.04054 0 0 0 1 
3394309160258;0.344851;0.0396776;0.970922 0.0627111 0.231036 -0.134461 -0.0129138 0.977395 -0.211029 0.973855 -0.239047 0.201909 0.949784 4.34199 0 0 0 1 
3394309160259;0.414136;0.314365;0.90302 -0.415534 -0.109024 2.54923 0.421477 0.906058 0.0376428 -7.53411 0.0831399 -0.0799431 0.993326 -1.47583 0 0 0 1 
3394309160260;0.148826;0.0221896;0.971559 0.097034 -0.216005 0.862423 -0.0822507 0.993677 0.0764289 1.28962 0.222055 -0.0564886 0.973396 -3.89302 0 0 0 1 
3394309160261;0.341319;0.0123185;0.985497 -0.167991 -0.0239554 0.336872 0.166978 0.985173 -0.0394113 -2.39091 0.030221 0.0348397 0.998936 0.167201 0 0 0 1 
