#;prob_registration_l1 -r /home/probabilistic_point_clouds_registration/build/tester /home/point_clouds_registration_benchmark//devel/registration_pairs/long_office_household_local.txt /home/point_clouds_registration_benchmark//tum/long_office_household -s 0.1 -t 0.1 -p 0.3 -r 1000 -m 5 -i 40 
id;initial_error;final_error;transformation
26456013410000;0.652746;0.524035;0.80174 0.499695 -0.327898 0.564501 -0.494417 0.862752 0.105883 -0.185994 0.335803 0.0772277 0.938761 -0.19468 0 0 0 1 
26456013410001;1.0574;0.592069;0.934376 0.322103 -0.152287 0.239175 -0.272105 0.921055 0.278596 0.134272 0.230002 -0.218876 0.948258 1.22662 0 0 0 1 
26456013410002;0.577722;0.564253;0.93793 0.323329 -0.125484 0.449359 -0.284137 0.923816 0.256574 0.0943325 0.198881 -0.204993 0.958344 0.723658 0 0 0 1 
26456013410003;1.10585;0.536175;0.967314 -0.234637 -0.0961777 0.454432 0.244522 0.96354 0.108628 0.304735 0.067183 -0.128594 0.989419 -0.788764 0 0 0 1 
26456013410004;0.510854;0.390335;0.959988 0.228215 0.162301 0.119527 -0.271444 0.900815 0.338895 -0.258406 -0.0688622 -0.369391 0.926719 -0.199396 0 0 0 1 
26456013410005;0.315858;0.462772;0.98781 0.129804 -0.0859244 0.360586 -0.126922 0.991176 0.0382185 0.237437 0.0901271 -0.0268469 0.995568 -0.12726 0 0 0 1 
26456013410006;0.127418;0.593937;0.94074 0.310517 -0.136336 0.531295 -0.279944 0.937956 0.204621 -0.188041 0.191415 -0.154329 0.9693 0.266198 0 0 0 1 
26456013410007;0.936325;0.598845;0.966918 -0.163102 -0.196133 0.132285 0.175182 0.983471 0.0457891 0.432751 0.185422 -0.0786331 0.979508 0.739408 0 0 0 1 
26456013410008;0.859142;0.539723;0.977685 0.150195 -0.14688 0.440149 -0.129642 0.981523 0.140734 0.113316 0.165303 -0.118551 0.979092 0.948815 0 0 0 1 
26456013410009;0.404949;0.515081;0.93143 0.258003 -0.256658 0.19041 -0.239635 0.965595 0.101002 -0.0698338 0.273887 -0.0325721 0.96121 0.490843 0 0 0 1 
26456013410010;0.333714;0.553215;0.943857 0.195705 -0.266146 0.378114 -0.177051 0.979835 0.0926112 -0.0579677 0.278903 -0.0402904 0.959474 0.0026472 0 0 0 1 
26456013410011;0.463956;0.484491;0.993183 0.0888003 -0.0755108 0.440796 -0.0834839 0.993986 0.07087 0.135996 0.08135 -0.0640829 0.994623 -0.305069 0 0 0 1 
26456013410012;1.06761;0.399392;0.931169 0.124361 -0.342721 0.916102 -0.221877 0.939207 -0.262033 0.592855 0.2893 0.320039 0.902153 0.939725 0 0 0 1 
26456013410013;0.408963;0.459453;0.826172 0.553356 -0.106002 0.4125 -0.537951 0.830667 0.143532 -0.270199 0.167477 -0.0615583 0.983952 0.220384 0 0 0 1 
26456013410014;0.281798;0.505578;0.954355 0.280122 -0.103631 0.311874 -0.261636 0.951421 0.162308 -0.205059 0.144062 -0.127786 0.981283 -0.0340016 0 0 0 1 
26456013410015;0.444148;0.507032;0.96967 0.10846 -0.219035 0.254496 -0.106836 0.99409 0.0192809 0.081158 0.219831 0.00470473 0.975527 0.452795 0 0 0 1 
26456013410016;0.631913;0.358849;0.88227 0.439516 0.168597 -0.0558335 -0.46156 0.878073 0.126298 -0.0577131 -0.0925307 -0.189247 0.97756 0.558379 0 0 0 1 
26456013410017;0.712942;0.478745;0.965882 0.238595 -0.100717 0.53446 -0.226336 0.966693 0.119482 0.572168 0.12587 -0.0926098 0.987715 0.40939 0 0 0 1 
26456013410018;0.599666;0.397877;0.890972 0.422472 0.166392 0.206916 -0.450915 0.866296 0.214959 -0.468709 -0.0533306 -0.266551 0.962344 -0.144474 0 0 0 1 
26456013410019;0.16999;0.546494;0.972722 0.217812 -0.0798066 0.417846 -0.202228 0.964775 0.168263 0.0429256 0.113645 -0.147534 0.982506 0.0528709 0 0 0 1 
26456013410020;0.966938;0.540538;0.955896 0.283002 -0.0785672 0.113413 -0.268204 0.950114 0.15922 -0.32447 0.119707 -0.131125 0.984112 -0.683073 0 0 0 1 
26456013410021;1.2145;0.613135;0.961429 -0.169714 -0.216449 -0.241602 0.215787 0.95338 0.210956 0.323987 0.170556 -0.249526 0.95323 -0.204725 0 0 0 1 
26456013410022;0.808376;0.569396;0.967288 -0.12466 -0.22094 0.0370141 0.0762788 0.973553 -0.21535 0.592656 0.241942 0.191452 0.951215 -0.0775354 0 0 0 1 
26456013410023;0.310262;0.542217;0.865647 0.467726 -0.178569 0.126651 -0.434094 0.878897 0.197742 -0.0520896 0.249433 -0.0936588 0.963852 0.382056 0 0 0 1 
26456013410024;0.290654;0.534329;0.918162 0.385932 -0.0896422 0.453099 -0.339505 0.882995 0.324123 -0.390278 0.204243 -0.267164 0.941758 0.232903 0 0 0 1 
26456013410025;0.115869;0.466482;0.951437 0.279502 -0.129016 0.272924 -0.265581 0.95719 0.115126 0.01956 0.155671 -0.0752708 0.984937 0.24158 0 0 0 1 
26456013410026;0.438952;0.470001;0.998219 0.0580263 0.0138455 0.167684 -0.0595367 0.983658 0.169917 -0.236744 -0.00375962 -0.170439 0.985361 -0.108448 0 0 0 1 
26456013410027;1.02893;0.48095;0.829726 0.551164 -0.08817 0.533115 -0.536632 0.83115 0.145654 0.685511 0.153562 -0.073538 0.985399 0.218995 0 0 0 1 
26456013410028;0.910665;0.608179;0.934315 0.314685 -0.16742 0.401706 -0.260525 0.92343 0.281788 0.127117 0.243274 -0.219661 0.944757 1.07577 0 0 0 1 
26456013410029;0.807992;0.378414;0.938821 0.188305 -0.28837 0.517665 -0.219985 0.972101 -0.0814073 0.827362 0.264995 0.139864 0.954052 0.0357274 0 0 0 1 
26456013410031;0.378079;1.54383;-0.185206 0.284352 -0.940661 0.899537 -0.827718 0.470827 0.305295 1.57061 0.5297 0.835144 0.148163 -0.0764338 0 0 0 1 
26456013410032;0.347742;1.40817;-0.0846538 0.382324 -0.920142 0.46643 -0.538842 0.759212 0.36503 1.15754 0.838143 0.526712 0.141742 -0.753154 0 0 0 1 
26456013410033;0.319289;1.4167;-0.0921998 0.349822 -0.932268 0.608865 -0.567483 0.750868 0.337877 1.07001 0.818207 0.560199 0.129288 -0.717886 0 0 0 1 
26456013410034;0.665788;0.912372;0.20223 0.698058 -0.68689 1.28405 -0.609204 0.63883 0.469858 0.379754 0.766794 0.323437 0.554451 -0.782754 0 0 0 1 
26456013410035;0.543286;1.31172;0.150558 0.370819 -0.91642 0.879053 -0.543132 0.805582 0.236739 0.761654 0.826039 0.462094 0.32269 0.0373947 0 0 0 1 
26456013410036;0.569296;0.86885;0.794167 0.503253 -0.340639 0.137118 -0.551158 0.832591 -0.0549178 1.03173 0.255976 0.23136 0.938589 0.246916 0 0 0 1 
26456013410037;0.587068;1.4155;-0.180229 0.302503 -0.935954 0.949517 -0.806951 0.498628 0.316545 1.80014 0.562448 0.812319 0.154238 0.169292 0 0 0 1 
26456013410038;0.163491;1.23463;0.307129 0.462416 -0.831771 0.632937 -0.700222 0.701701 0.131549 1.21421 0.644485 0.542022 0.539306 -0.465917 0 0 0 1 
26456013410039;0.298903;1.07455;0.327102 0.637047 -0.69798 0.384778 -0.714786 0.649929 0.258213 1.37229 0.61813 0.414444 0.667945 -0.290626 0 0 0 1 
26456013410040;0.421915;1.46788;-0.0817459 0.198402 -0.976706 0.864726 -0.865739 0.471381 0.168212 1.55291 0.493775 0.859323 0.133231 -0.0380251 0 0 0 1 
26456013410041;0.740902;1.18885;0.392715 0.505713 -0.768134 1.2423 -0.489721 0.821962 0.290778 0.51754 0.778427 0.261979 0.570455 -0.845201 0 0 0 1 
26456013410042;0.386627;1.46536;-0.117803 0.309356 -0.943621 0.977096 -0.527847 0.785371 0.323372 1.0653 0.84113 0.536182 0.0707736 -0.0349252 0 0 0 1 
26456013410043;0.418115;0.913474;0.606003 0.380963 -0.698303 0.209296 -0.56918 0.82092 -0.0460888 1.07152 0.555693 0.42539 0.714317 -0.176082 0 0 0 1 
26456013410044;0.401489;0.847252;0.752839 0.475967 -0.454631 0.0743428 -0.372836 0.877589 0.301382 0.619023 0.542427 -0.0573898 0.83814 -0.247101 0 0 0 1 
26456013410045;0.640918;1.37174;0.105325 0.475901 -0.873169 0.204256 -0.571267 0.747669 0.338592 0.517917 0.813978 0.463151 0.350615 -1.00241 0 0 0 1 
26456013410046;0.387348;0.881608;0.479534 0.726648 -0.491965 0.0979895 -0.736109 0.638282 0.225255 1.2177 0.477694 0.254122 0.84097 -0.0618302 0 0 0 1 
26456013410047;0.681694;1.04204;0.536365 0.78641 -0.306386 0.393635 -0.563356 0.603908 0.563848 0.397423 0.628445 -0.129824 0.766944 -0.797491 0 0 0 1 
26456013410048;0.200666;1.28286;0.155892 0.566741 -0.809013 0.520451 -0.667362 0.664256 0.336737 0.952691 0.728234 0.48741 0.481774 -0.551773 0 0 0 1 
26456013410049;0.634474;1.28437;0.237051 0.419464 -0.876274 0.893478 -0.684227 0.712405 0.155924 1.21803 0.689666 0.562609 0.455885 0.243943 0 0 0 1 
26456013410050;0.211001;1.36121;0.130401 0.330126 -0.934886 0.493287 -0.597372 0.778725 0.19166 1.21042 0.791291 0.533483 0.298754 -0.53239 0 0 0 1 
26456013410051;0.550163;0.886323;0.693098 0.602566 -0.395638 0.693646 -0.458493 0.792033 0.403074 0.370365 0.556236 -0.0979726 0.825229 -0.66179 0 0 0 1 
26456013410052;0.551544;1.02666;0.397962 0.633195 -0.663845 1.1035 -0.670102 0.694848 0.261054 0.714029 0.626569 0.340955 0.700829 -0.764504 0 0 0 1 
26456013410053;0.345543;1.01619;0.315525 0.791335 -0.523673 0.627938 -0.844069 0.486211 0.226154 1.42061 0.433579 0.370659 0.821353 -0.373977 0 0 0 1 
26456013410054;0.546651;1.48795;-0.0860687 0.145598 -0.985593 0.939586 -0.804804 0.572965 0.154923 1.95313 0.587266 0.806544 0.0678634 -0.871894 0 0 0 1 
26456013410055;0.267657;1.52229;-0.0900406 0.344703 -0.934383 1.03529 -0.639356 0.69934 0.319604 1.50324 0.763621 0.626181 0.157419 -0.433714 0 0 0 1 
26456013410056;0.595541;1.35185;0.369422 0.363897 -0.855047 0.949419 -0.669303 0.742505 0.0268286 1.19706 0.64464 0.562375 0.517856 -0.137603 0 0 0 1 
26456013410057;0.461018;1.48419;-0.107587 0.40809 -0.90658 1.08632 -0.765854 0.547438 0.337311 1.08307 0.63395 0.730599 0.25364 -0.296389 0 0 0 1 
26456013410058;0.576941;1.44107;-0.0833738 0.511024 -0.855513 0.929659 -0.595977 0.662479 0.453799 0.588256 0.798662 0.547701 0.249325 -0.718323 0 0 0 1 
26456013410059;0.729412;1.52278;-0.193652 0.602246 -0.774466 1.11865 -0.782139 0.381776 0.49245 1.26702 0.592248 0.701104 0.397108 0.0364581 0 0 0 1 
26456013410060;0.670241;0.81294;0.613676 0.61499 -0.495165 0.22068 -0.403478 0.783337 0.472851 0.743879 0.67868 -0.0903888 0.728851 -0.80044 0 0 0 1 
26456013410062;0.727774;0.498604;0.959769 0.271734 -0.0707393 -0.283781 -0.256411 0.950846 0.173627 -0.387425 0.114443 -0.148504 0.982268 0.35922 0 0 0 1 
26456013410063;1.34575;0.269347;0.954693 0.0579907 0.291889 -0.375556 0.0356482 0.951483 -0.305631 -0.492817 -0.295451 0.302189 0.906306 -0.196509 0 0 0 1 
26456013410064;0.325852;0.214257;0.996344 0.00725513 0.0851271 -0.0350426 -0.0177758 0.992187 0.12349 -0.141892 -0.0835661 -0.124551 0.988688 0.124009 0 0 0 1 
26456013410065;0.371368;0.716408;0.9515 -0.232063 -0.201978 0.00464681 0.235804 0.971784 -0.00567995 0.0404469 0.197597 -0.0422226 0.979374 0.00694665 0 0 0 1 
26456013410066;1.03207;0.165098;0.988015 -0.0625928 -0.141097 -0.155695 0.0215706 0.961111 -0.275318 0.425669 0.152843 0.268975 0.950942 0.398015 0 0 0 1 
26456013410067;0.857765;1.38586;0.977924 -0.122545 0.169253 -0.588832 0.169048 0.940082 -0.29609 0.0298288 -0.122827 0.318166 0.940045 0.235061 0 0 0 1 
26456013410068;1.01715;0.160567;0.997199 -0.0745049 -0.00664491 -0.129813 0.0745886 0.983756 0.163282 -0.0637479 -0.00562835 -0.16332 0.986557 0.609336 0 0 0 1 
26456013410069;0.211374;0.345599;0.958153 -0.212622 -0.191661 0.0476945 0.21192 0.976982 -0.0243973 0.00143065 0.192437 -0.0172404 0.981158 0.157419 0 0 0 1 
26456013410070;0.584191;0.423297;0.908782 -0.25977 -0.326549 0.364 0.2335 0.965174 -0.117968 0.060612 0.345822 0.0309584 0.937789 0.0303164 0 0 0 1 
26456013410071;0.0848378;0.164439;0.999808 -0.01954 0.00153098 -0.0346783 0.0195876 0.998893 -0.0427773 0.011196 -0.000693418 0.042799 0.999083 -0.00461624 0 0 0 1 
26456013410072;0.345771;0.109011;0.984199 0.00975413 -0.176797 0.0449791 0.0274576 0.977996 0.206809 -0.277352 0.174924 -0.208396 0.962275 0.219617 0 0 0 1 
26456013410073;0.619828;0.20808;0.964333 0.0627107 0.257155 -0.197331 -0.029962 0.991147 -0.129347 -0.0448718 -0.262989 0.117029 0.957675 0.135657 0 0 0 1 
26456013410074;0.46439;0.124849;0.982567 -0.150916 -0.108563 -0.112838 0.131667 0.977173 -0.166722 0.194355 0.131246 0.149521 0.980009 0.0922596 0 0 0 1 
26456013410075;1.52576;1.03048;0.941437 -0.337187 0.00125257 -0.53545 0.33554 0.937193 0.0953048 -0.076017 -0.0333094 -0.0893032 0.995447 -0.79263 0 0 0 1 
26456013410076;0.479244;0.248713;0.996138 0.0216188 -0.0851031 -0.0117276 -0.0307921 0.993674 -0.108 0.0301975 0.0822299 0.110203 0.990502 -0.191389 0 0 0 1 
26456013410077;0.704929;0.28608;0.977138 -0.187534 0.100162 -0.413831 0.183611 0.981869 0.0471279 -0.267731 -0.107184 -0.0276596 0.993854 0.0992015 0 0 0 1 
26456013410078;0.365691;0.52971;0.993788 -0.0744386 -0.0827256 0.0312492 0.0695383 0.995736 -0.0606206 0.027767 0.0868854 0.0544914 0.994727 0.0465221 0 0 0 1 
26456013410079;1.72117;1.49808;0.916538 -0.196975 -0.348078 0.106151 0.155277 0.977293 -0.144177 0.323853 0.368574 0.0780953 0.926312 0.739177 0 0 0 1 
26456013410080;1.76411;0.173118;0.99287 -0.117074 -0.0224452 -0.52043 0.117277 0.993067 0.00796704 0.761866 0.0213568 -0.0105425 0.999716 -0.0405791 0 0 0 1 
26456013410081;1.63412;0.215616;0.978398 0.0773535 0.191712 -0.140019 -0.044925 0.984752 -0.168062 0.861689 -0.201789 0.155819 0.966955 -0.476816 0 0 0 1 
26456013410082;0.404515;0.584645;0.942127 0.034902 -0.333434 0.306067 0.0102308 0.99111 0.132651 0.0145215 0.335099 -0.128386 0.933395 0.16039 0 0 0 1 
26456013410083;1.34753;0.195185;0.997625 -0.0640642 -0.0253171 -0.202153 0.0650202 0.997124 0.0389377 -0.576162 0.0227498 -0.0404913 0.998921 0.521478 0 0 0 1 
26456013410084;1.15281;0.205232;0.999157 -0.00362648 0.0408893 0.107172 -0.000929697 0.993835 0.110861 -0.607743 -0.0410392 -0.110806 0.992994 0.351682 0 0 0 1 
26456013410085;0.50976;0.203533;0.997163 0.0279498 0.0698926 -0.0630156 -0.0169907 0.988121 -0.152739 0.148173 -0.0733313 0.151118 0.985792 -0.302557 0 0 0 1 
26456013410086;0.789041;0.341123;0.981142 -0.135646 -0.137696 0.0921543 0.119736 0.985777 -0.117931 0.110425 0.151734 0.0992203 0.983429 -0.350211 0 0 0 1 
26456013410087;0.962758;0.300244;0.995328 0.0786437 -0.05602 -0.0228303 -0.0871415 0.98152 -0.170368 0.587444 0.0415864 0.174453 0.983787 -0.00715241 0 0 0 1 
26456013410088;1.51292;0.509504;0.953458 0.2124 -0.214018 -0.742048 -0.19739 0.976234 0.0894719 -0.182675 0.227935 -0.0430627 0.972724 0.101381 0 0 0 1 
26456013410089;0.558558;0.293538;0.996014 -0.0747135 -0.0487193 -0.0536191 0.0720545 0.995926 -0.0542247 -0.0563481 0.0525722 0.0504982 0.99734 0.319185 0 0 0 1 
26456013410090;1.4132;0.268994;0.991357 -0.0203999 -0.129596 0.226949 0.0256346 0.998916 0.0388536 -0.0926814 0.128663 -0.04184 0.990805 -0.654697 0 0 0 1 
26456013410091;1.21795;0.764202;0.966438 -0.198138 0.163519 -0.359956 0.2415 0.917765 -0.315254 -0.0355268 -0.0876082 0.344163 0.934814 0.387245 0 0 0 1 
26456013410093;0.469907;0.393779;0.96532 -0.230481 0.122623 -0.0894334 0.235698 0.971373 -0.0296888 0.436623 -0.11227 0.057561 0.992009 -0.376894 0 0 0 1 
26456013410094;0.663694;0.168178;0.886517 0.173943 -0.428756 0.403922 -0.0787813 0.969861 0.230572 0.291636 0.45594 -0.170628 0.873501 0.099646 0 0 0 1 
26456013410095;0.871627;0.166933;0.978184 0.183198 0.0979482 0.461213 -0.182937 0.983055 -0.0117139 0.299307 -0.0984344 -0.00646 0.995123 -0.0210071 0 0 0 1 
26456013410096;0.802998;0.253102;0.998055 0.0559067 0.027585 -0.354384 -0.0566235 0.998059 0.0259264 0.285906 -0.026082 -0.027438 0.999283 -0.494361 0 0 0 1 
26456013410097;0.47238;0.221226;0.9082 0.41847 -0.00741963 0.0240942 -0.418115 0.907939 0.028739 0.188381 0.018763 -0.0229985 0.999559 0.213728 0 0 0 1 
26456013410098;0.153152;0.123616;0.986757 0.0989058 -0.128565 0.0848585 -0.0938683 0.994581 0.0446832 0.102253 0.132288 -0.0320233 0.990694 0.0703698 0 0 0 1 
26456013410099;1.16156;0.187315;0.993973 -0.0614564 -0.0907736 -0.294627 0.046798 0.986712 -0.155593 0.773135 0.0991296 0.150408 0.983642 0.506194 0 0 0 1 
26456013410100;0.366643;0.160098;0.96309 0.255839 0.0836859 -0.0747408 -0.249985 0.965388 -0.0743906 0.127328 -0.0998213 0.0507247 0.993712 0.196161 0 0 0 1 
26456013410101;1.16745;0.13315;0.989777 0.138573 0.0337477 0.0214303 -0.142452 0.972109 0.186308 0.457828 -0.00698919 -0.189211 0.981912 0.800375 0 0 0 1 
26456013410102;1.13408;0.171453;0.989546 -0.135336 -0.0498231 0.117156 0.137452 0.989625 0.0418141 -0.0427584 0.0436472 -0.0482252 0.997882 -0.821306 0 0 0 1 
26456013410103;0.393965;0.109519;0.9969 0.0445873 -0.0648299 0.000197266 -0.0322486 0.983094 0.18024 -0.31037 0.0717702 -0.17759 0.981484 -0.0362966 0 0 0 1 
26456013410104;1.01585;0.165081;0.956191 0.292031 0.0204412 -0.558354 -0.287676 0.924403 0.250443 0.221394 0.0542411 -0.245352 0.967916 -0.393306 0 0 0 1 
26456013410105;1.13047;0.492882;0.99275 -0.0568839 0.105885 -0.0453108 0.0674206 0.992826 -0.0987479 -0.10175 -0.0995082 0.105171 0.989463 0.4683 0 0 0 1 
26456013410106;0.197882;0.211325;0.951216 0.305945 0.039824 -0.103237 -0.307578 0.950471 0.0447296 0.150071 -0.0241667 -0.0547965 0.998205 0.0224266 0 0 0 1 
26456013410107;0.85745;0.379112;0.961587 -0.269313 0.0531144 -0.222956 0.269397 0.963012 0.00570032 -0.10807 -0.052685 0.00882752 0.998572 -0.436182 0 0 0 1 
26456013410108;1.09003;0.347899;0.970642 0.104929 0.216434 -0.302101 -0.114223 0.992976 0.0308532 -0.488735 -0.211677 -0.0546692 0.97581 0.376336 0 0 0 1 
26456013410109;0.997601;0.214348;0.9858 0.162528 -0.0422202 0.0730298 -0.166309 0.979731 -0.11166 -0.424435 0.0232166 0.117096 0.992849 0.299925 0 0 0 1 
26456013410110;1.0844;0.468705;0.904026 -0.0544045 0.424001 -0.925537 0.0379551 0.998166 0.0471518 0.221402 -0.425788 -0.0265335 0.904434 -0.534455 0 0 0 1 
26456013410111;0.414986;0.270567;0.98743 -0.156945 -0.0187415 0.0729767 0.136874 0.908346 -0.395188 0.480842 0.0790464 0.387655 0.918409 0.00879883 0 0 0 1 
26456013410112;0.40276;0.159546;0.993627 0.0136542 0.111888 -0.0994485 -0.0327282 0.984821 0.170462 -0.0451778 -0.107863 -0.173037 0.978991 -0.228882 0 0 0 1 
26456013410113;0.220143;0.225143;0.978765 0.20228 -0.0331939 0.0684704 -0.202528 0.979267 -0.00424688 0.176897 0.0316467 0.0108794 0.99944 0.094063 0 0 0 1 
26456013410114;0.883586;0.300187;0.974271 -0.129668 0.184341 -0.498178 0.116954 0.990047 0.0782902 -0.0999687 -0.192658 -0.0547164 0.979739 0.338107 0 0 0 1 
26456013410115;0.901703;0.191246;0.998042 0.00153297 -0.0625326 -0.0169939 0.00906022 0.985614 0.168766 0.130507 0.0618918 -0.169002 0.983671 0.731777 0 0 0 1 
26456013410116;0.0971774;0.226468;0.999546 0.0300337 -0.00246825 -0.0250575 -0.0299511 0.999143 0.0285571 0.214726 0.00332381 -0.0284702 0.999589 0.0129958 0 0 0 1 
26456013410117;0.308242;0.175715;0.998945 0.0456518 0.00491766 -0.0105729 -0.0458994 0.99571 0.0803451 0.176598 -0.00122866 -0.0804861 0.996755 -0.168012 0 0 0 1 
26456013410118;0.617996;0.389115;0.942443 -0.247953 0.224321 -0.41161 0.236855 0.968604 0.0755439 0.323759 -0.23601 -0.0180643 0.971583 -0.353396 0 0 0 1 
26456013410119;0.836682;0.234197;0.983002 -0.182596 0.019107 -0.117061 0.181349 0.981937 0.0539722 0.122136 -0.028617 -0.0495898 0.99836 -0.654123 0 0 0 1 
26456013410120;1.27194;0.166191;0.999437 0.031607 -0.0112242 0.444016 -0.0299513 0.991643 0.125486 0.203667 0.0150967 -0.125079 0.992032 -0.75005 0 0 0 1 
26456013410121;0.539915;0.404107;0.96147 -0.268608 -0.0585206 0.252012 0.269837 0.962803 0.0140752 0.302062 0.0525631 -0.0293239 0.998187 -0.446174 0 0 0 1 
26456013410122;0.715537;0.201853;0.998057 0.0333759 -0.0526215 0.172958 -0.0334303 0.999441 -0.000152817 0.29815 0.052587 0.00191167 0.998615 -0.523004 0 0 0 1 
26456013410124;1.54152;0.0841942;0.848328 0.514988 -0.12299 -0.488367 -0.526974 0.843766 -0.101775 -0.439149 0.0513615 0.151151 0.987175 0.185456 0 0 0 1 
26456013410125;0.0901978;0.0513737;0.996936 0.0778362 -0.00778539 0.0673301 -0.0778951 0.996933 -0.0075689 -0.117227 0.00717238 0.00815215 0.999941 0.00344161 0 0 0 1 
26456013410126;2.04591;0.0438884;0.962031 0.228731 -0.148926 0.139383 -0.213262 0.970454 0.112866 -0.196229 0.170342 -0.0768203 0.982386 -0.721638 0 0 0 1 
26456013410127;0.892171;0.189533;0.99671 0.0509873 0.0630091 0.0246901 -0.0508536 0.998699 -0.00372555 0.346963 -0.0631171 0.000509053 0.998006 -0.157223 0 0 0 1 
26456013410128;1.22747;0.0711563;0.999964 -0.0081664 0.002225 -0.166227 0.00835608 0.994345 -0.105871 0.171293 -0.00134783 0.105886 0.994377 -0.52337 0 0 0 1 
26456013410129;0.476134;0.103276;0.972285 0.126105 0.196876 -0.114027 -0.119878 0.991845 -0.0432817 -0.239671 -0.200729 0.018481 0.979472 -0.121558 0 0 0 1 
26456013410130;2.09219;0.10529;0.977098 0.190111 0.0955917 0.221937 -0.188031 0.981692 -0.0304062 0.116388 -0.0996222 0.0117357 0.994956 0.746287 0 0 0 1 
26456013410131;1.46172;0.357678;0.998745 0.0474166 0.0161561 -0.141064 -0.0485503 0.995687 0.0790561 -0.250558 -0.0123379 -0.0797412 0.996739 0.556502 0 0 0 1 
26456013410132;0.769284;0.208288;0.992346 -0.0639655 0.105634 -0.215265 0.0511334 0.991455 0.120008 0.15004 -0.112408 -0.113688 0.987137 0.0798689 0 0 0 1 
26456013410133;1.34603;0.252537;0.9981 0.0609502 0.00905848 -0.0518602 -0.0612794 0.997232 0.042108 0.256862 -0.00646692 -0.0425831 0.999072 0.488238 0 0 0 1 
26456013410134;1.62064;0.349656;0.995019 -0.0236562 0.0968354 0.204808 0.0288385 0.998206 -0.052471 0.302198 -0.0954204 0.0550022 0.993916 -0.768849 0 0 0 1 
26456013410135;0.477389;0.0674165;0.995185 0.08872 0.0416714 0.0420191 -0.0860265 0.99433 -0.062507 0.0164959 -0.0469807 0.0586212 0.997174 -0.240408 0 0 0 1 
26456013410136;1.0412;0.183059;0.978165 -0.187002 -0.0906809 -0.506603 0.193185 0.97901 0.0649557 0.454824 0.0766306 -0.0810556 0.993759 0.275053 0 0 0 1 
26456013410137;1.90811;0.116368;0.994105 -0.105807 0.023675 -0.00892727 0.106173 0.994238 -0.0147891 0.0407027 -0.0219738 0.0172155 0.99961 0.868191 0 0 0 1 
26456013410138;0.964836;0.0506001;0.979314 0.190703 -0.0676522 0.0685608 -0.194291 0.979612 -0.0511088 -0.290827 0.0565263 0.0631958 0.996399 0.575357 0 0 0 1 
26456013410139;1.47225;0.284533;0.919325 0.390151 -0.0512179 0.555528 -0.393396 0.914238 -0.0969975 -0.843386 0.00898165 0.109321 0.993966 -0.233673 0 0 0 1 
26456013410140;1.16137;0.306094;0.992866 0.119162 -0.0041719 0.218704 -0.119231 0.992512 -0.0265225 -0.53683 0.000980185 0.0268307 0.99964 0.194931 0 0 0 1 
26456013410141;0.944233;0.0820957;0.993172 0.116631 -0.00273385 -0.0827264 -0.116658 0.992657 -0.0319684 -0.526816 -0.00101472 0.0320691 0.999485 -0.22844 0 0 0 1 
26456013410142;1.84842;0.515695;0.948517 0.168105 -0.268433 -0.442694 -0.209895 0.968322 -0.135264 -0.348058 0.237191 0.184643 0.953754 0.525104 0 0 0 1 
26456013410143;0.46443;0.0784581;0.956762 0.288191 0.0393934 0.0215244 -0.290697 0.952056 0.095311 -0.489796 -0.010037 -0.102642 0.994668 0.111868 0 0 0 1 
26456013410144;0.759937;0.144791;0.972783 -0.0192269 -0.23092 -0.0306883 -0.0473873 0.958984 -0.279472 0.389826 0.226822 0.282808 0.931972 0.362972 0 0 0 1 
26456013410145;0.437138;0.178753;0.986978 -0.0505305 0.152715 -0.133104 0.00793265 0.963514 0.267541 -0.0327454 -0.160662 -0.262845 0.951367 -0.324286 0 0 0 1 
26456013410146;1.81332;0.650659;0.999194 0.0400509 -0.00258553 -0.174023 -0.0393842 0.99088 0.128863 0.0706028 0.00772304 -0.128657 0.991659 0.624823 0 0 0 1 
26456013410147;0.897776;0.154586;0.998392 0.0280602 0.0492456 0.280119 -0.0195437 0.985999 -0.1656 -0.0946365 -0.0532029 0.164371 0.984963 0.124379 0 0 0 1 
26456013410148;0.647101;0.234505;0.992564 -0.119158 -0.0248598 -0.197916 0.121252 0.985843 0.115809 0.00991415 0.0107083 -0.117962 0.99296 0.185707 0 0 0 1 
26456013410149;0.510162;0.084779;0.915033 0.384549 -0.121807 -0.032778 -0.393171 0.917746 -0.0562075 -0.493009 0.0901736 0.0993229 0.990961 0.220435 0 0 0 1 
26456013410150;1.62937;0.209239;0.950729 0.0286688 0.308695 0.0357481 0.0756322 0.944183 -0.320622 0.84104 -0.300656 0.328172 0.895494 -0.738256 0 0 0 1 
26456013410151;0.991097;0.17744;0.975122 -0.141294 0.170803 -0.351715 0.169185 0.972243 -0.161616 0.390575 -0.143226 0.186493 0.97196 -0.548604 0 0 0 1 
26456013410152;0.386143;0.0852644;0.996904 0.0741306 -0.0262308 0.025637 -0.0735601 0.997046 0.0220841 -0.00800809 0.0277905 -0.0200862 0.999412 -0.130525 0 0 0 1 
26456013410153;1.24713;0.0456205;0.933117 0.356344 0.0480739 -0.268786 -0.357865 0.933362 0.027714 -0.30227 -0.0349947 -0.0430644 0.998459 0.315167 0 0 0 1 
26456013410155;0.44177;0.143356;0.981839 0.181631 -0.054794 -0.0915588 -0.189272 0.957539 -0.217476 -0.235814 0.012967 0.223898 0.974526 0.0217438 0 0 0 1 
26456013410156;0.559197;0.408129;0.994892 -0.094932 -0.034317 -0.329088 0.091553 0.991783 -0.0893598 0.0964829 0.0425181 0.0857616 0.995408 0.502153 0 0 0 1 
26456013410157;0.798739;0.593205;0.997923 0.0305199 -0.0567235 0.188104 -0.0303496 0.999532 0.00386131 -0.261976 0.0568148 -0.00213175 0.998382 -0.195938 0 0 0 1 
26456013410158;0.506235;0.145694;0.981749 0.167093 0.0908249 0.118369 -0.148519 0.971896 -0.182647 0.237925 -0.118791 0.165824 0.978974 -0.246431 0 0 0 1 
26456013410159;0.771683;0.313718;0.998886 0.0395168 -0.0257792 0.18055 -0.0442178 0.974656 -0.219294 0.625315 0.01646 0.220189 0.975318 0.116515 0 0 0 1 
26456013410160;0.731372;0.621154;0.996407 -0.0718199 -0.0448783 -0.19743 0.0695907 0.996352 -0.0494041 0.205768 0.0482628 0.0461035 0.99777 -0.535666 0 0 0 1 
26456013410161;0.152345;0.249779;0.999151 -0.00795549 0.0404147 -0.201595 0.0102862 0.998276 -0.0577937 -0.015306 -0.0398853 0.0581603 0.99751 -0.155142 0 0 0 1 
26456013410162;0.843744;0.638248;0.911603 -0.0855595 -0.402069 0.0567331 0.0704989 0.996148 -0.0521377 0.530829 0.404981 0.0191835 0.914124 0.858023 0 0 0 1 
26456013410163;0.17304;0.231738;0.987286 -0.058939 -0.147626 -0.050556 0.0355117 0.987028 -0.156573 0.112386 0.154939 0.149339 0.976571 0.221523 0 0 0 1 
26456013410164;1.05704;0.26204;0.993888 -0.0302475 -0.10617 -0.0569799 0.0316836 0.999428 0.011866 -0.0816438 0.10575 -0.0151574 0.994277 -0.870521 0 0 0 1 
26456013410165;1.01882;0.944539;0.994244 -0.0817133 -0.0692952 -0.478197 0.0878673 0.991969 0.0909807 0.462703 0.0613043 -0.0965458 0.993439 0.0835213 0 0 0 1 
26456013410166;0.386158;0.297739;0.968768 -0.0733466 -0.236871 0.163798 -0.0103014 0.942523 -0.333982 0.447028 0.247753 0.325991 0.912331 0.126582 0 0 0 1 
26456013410167;0.362618;0.219768;0.996612 0.029855 -0.0766405 -0.14492 0.00421685 0.912026 0.410111 -0.532626 0.082142 -0.409045 0.90881 0.0729946 0 0 0 1 
26456013410168;0.272737;0.348778;0.956433 -0.0610842 -0.28549 -0.0605026 0.0607905 0.998101 -0.00989961 -0.1575 0.285553 -0.00788679 0.95833 0.115174 0 0 0 1 
26456013410169;0.677811;0.247818;0.998154 -0.047561 -0.0377723 -0.192396 0.0470627 0.998794 -0.0139724 -0.29537 0.0383913 0.0121689 0.999189 0.495445 0 0 0 1 
26456013410170;0.704368;0.426013;0.999987 0.00473204 -0.0019364 -0.0349882 -0.00470255 0.999877 0.0149583 -0.661711 0.00200695 -0.014949 0.999886 0.107316 0 0 0 1 
26456013410171;1.02478;0.513091;0.966935 -0.11473 -0.227759 -0.228136 0.127722 0.990873 0.0430988 0.00525231 0.220735 -0.0707635 0.972763 0.0174581 0 0 0 1 
26456013410172;0.366617;0.266655;0.966463 -0.0467856 -0.252507 0.0112048 0.0604766 0.997075 0.0467299 -0.0827356 0.249582 -0.0604335 0.966466 -0.0711349 0 0 0 1 
26456013410173;0.895873;0.137926;0.981357 0.186306 -0.0472004 -0.485215 -0.18522 0.982341 0.0264659 -0.636454 0.0512976 -0.01723 0.998535 0.519897 0 0 0 1 
26456013410174;0.457447;0.271067;0.999175 -0.0398607 -0.0078298 -0.212672 0.0396418 0.998866 -0.0263617 0.171877 0.00887171 0.0260295 0.999622 0.0315545 0 0 0 1 
26456013410175;0.623034;0.250439;0.99606 -0.0332657 -0.0822052 -0.100408 0.0362 0.99875 0.0344648 -0.0485649 0.0809559 -0.0373048 0.996019 -0.485754 0 0 0 1 
26456013410176;0.235307;0.228189;0.990353 -0.0482537 -0.129893 -0.134636 0.0459914 0.998734 -0.0203623 0.07014 0.130711 0.0141919 0.991319 0.0978344 0 0 0 1 
26456013410177;0.877512;0.359647;0.999544 0.0300831 0.00244269 0.0839782 -0.0300525 0.99948 -0.0117062 0.597927 -0.00279358 0.0116275 0.999928 0.0552539 0 0 0 1 
26456013410178;0.197683;0.21642;0.996528 -0.0547104 -0.0627549 -0.210537 0.0552479 0.998449 0.00686059 0.0948005 0.0622822 -0.0103039 0.998005 -0.03258 0 0 0 1 
26456013410179;0.15124;0.185629;0.997379 -0.00994349 0.0716663 -0.169421 0.00129428 0.992805 0.119736 -0.100917 -0.0723413 -0.11933 0.990216 0.00338515 0 0 0 1 
26456013410180;0.554153;0.48833;0.99994 0.0106754 -0.00260462 -0.00553829 -0.0109777 0.98101 -0.193647 0.303771 0.000487891 0.193664 0.981068 -0.0189093 0 0 0 1 
26456013410181;0.475904;0.158893;0.999652 0.00195131 0.0262926 -0.152029 -0.010247 0.947609 0.319269 -0.708018 -0.0242921 -0.319428 0.947299 -0.061241 0 0 0 1 
26456013410182;0.72307;0.236088;0.995863 -0.078829 0.0452024 -0.652521 0.0831195 0.991247 -0.102574 0.122095 -0.0367209 0.105907 0.993698 0.255808 0 0 0 1 
26456013410183;0.714484;0.171068;0.998607 0.0476213 0.0227105 -0.279492 -0.0352986 0.922973 -0.383243 0.106682 -0.0392117 0.381908 0.923368 0.437567 0 0 0 1 
26456013410184;0.435457;0.455337;0.999676 -0.00691427 0.0244809 -0.156837 0.00819538 0.998581 -0.0526239 0.178372 -0.0240823 0.0528075 0.998314 -0.197529 0 0 0 1 
26456013410186;2.57906;1.3881;0.986764 0.145333 -0.0719389 -0.0280203 -0.153141 0.98106 -0.118613 -0.574165 0.053338 0.128059 0.990331 -0.520607 0 0 0 1 
26456013410187;0.634766;0.961989;0.858294 -0.501971 0.106563 0.365902 0.512585 0.828844 -0.22422 1.16618 0.0242274 0.247069 0.968695 -0.191414 0 0 0 1 
26456013410188;1.09866;1.27591;0.83715 -0.439033 -0.326236 0.774772 0.513007 0.837125 0.189857 0.485632 0.189747 -0.3263 0.926026 0.114453 0 0 0 1 
26456013410189;0.60767;0.692459;0.963789 -0.265204 -0.0278869 0.0849426 0.261787 0.960882 -0.0904102 0.662038 0.0507732 0.0798359 0.995514 -0.010813 0 0 0 1 
26456013410190;1.29465;1.95143;0.365523 -0.815912 0.447973 -1.00944 0.860015 0.480134 0.172761 1.66914 -0.356045 0.322116 0.877196 -0.686792 0 0 0 1 
26456013410191;1.28532;1.57027;0.896396 -0.433893 0.0906145 0.300397 0.441447 0.892326 -0.0942235 0.533693 -0.0399748 0.124463 0.991419 -0.398884 0 0 0 1 
26456013410192;1.88351;1.191;0.784363 -0.610125 0.111905 0.447513 0.602168 0.792241 0.0987318 1.51783 -0.148894 -0.0100561 0.988802 0.0662675 0 0 0 1 
26456013410193;1.11745;0.866215;0.835671 -0.527447 -0.153142 0.162258 0.532314 0.84648 -0.0106721 0.968004 0.135261 -0.0726015 0.988147 -0.105216 0 0 0 1 
26456013410194;2.37375;1.04188;0.774089 -0.631734 0.041202 0.89618 0.633035 0.771653 -0.0617965 0.613403 0.00724536 0.0739183 0.997238 -0.32801 0 0 0 1 
26456013410195;1.70586;0.548131;0.902169 -0.425696 -0.0698111 0.43588 0.412703 0.898832 -0.14757 0.828011 0.125568 0.104322 0.986585 -0.432393 0 0 0 1 
26456013410196;0.514644;1.20074;0.79912 -0.601074 0.0108736 0.402794 0.59897 0.79761 0.071088 0.926922 -0.051402 -0.0502948 0.997411 0.108806 0 0 0 1 
26456013410197;2.7645;2.60858;0.787718 -0.607378 0.102916 -0.46057 0.597649 0.793979 0.111417 1.05252 -0.149385 -0.0262572 0.98843 -0.0696105 0 0 0 1 
26456013410198;2.3433;0.916198;0.989368 -0.0160861 -0.144544 0.488317 0.0265329 0.997149 0.0706397 -0.697367 0.142996 -0.0737238 0.986974 0.44968 0 0 0 1 
26456013410199;2.04036;0.773651;0.86003 -0.502935 -0.0860516 0.462819 0.487566 0.859754 -0.151993 0.9437 0.150426 0.0887626 0.984629 -0.52815 0 0 0 1 
26456013410200;2.25828;2.03687;0.478567 -0.747182 0.461186 -0.57334 0.73147 0.629807 0.261333 1.4393 -0.485721 0.212278 0.847946 -0.660461 0 0 0 1 
26456013410201;2.32984;0.793475;0.558395 -0.784252 0.270451 -1.09866 0.806599 0.589462 0.0439507 1.55501 -0.193889 0.193604 0.96173 -0.614387 0 0 0 1 
26456013410202;0.574695;1.29419;0.812152 -0.583183 0.017524 0.252292 0.583144 0.812331 0.00778724 1.02234 -0.0187767 0.00389459 0.999816 0.0832007 0 0 0 1 
26456013410203;2.04835;1.00653;0.772308 -0.630697 0.0759054 0.806012 0.559406 0.731849 0.38918 0.307359 -0.301006 -0.258105 0.918029 -0.0653183 0 0 0 1 
26456013410204;0.669991;0.946447;0.992938 0.118068 -0.011578 0.312501 -0.108378 0.942459 0.316268 -0.376004 0.0482528 -0.31278 0.948599 0.0639905 0 0 0 1 
26456013410205;0.908947;1.13243;0.856944 -0.514879 -0.0233735 0.17193 0.51525 0.856926 0.0139709 0.997066 0.0128361 -0.0240155 0.999629 -0.0613995 0 0 0 1 
26456013410206;1.79634;1.47437;0.939507 -0.342289 -0.0128026 0.084802 0.336058 0.928347 -0.158863 0.422119 0.0662623 0.14495 0.987218 -0.268191 0 0 0 1 
26456013410207;0.232642;1.06191;0.81511 -0.577843 -0.0411593 0.307892 0.578851 0.815228 0.018293 0.931512 0.0229837 -0.0387359 0.998985 -0.00827858 0 0 0 1 
26456013410208;2.37807;1.15081;0.918796 -0.378003 0.113702 0.251861 0.394388 0.867038 -0.304473 1.08583 0.0165073 0.324591 0.94571 -0.87735 0 0 0 1 
26456013410209;2.64335;0.971931;0.819086 -0.57353 -0.0126954 1.0773 0.568807 0.809069 0.147872 0.206088 -0.0745378 -0.128342 0.988925 -0.182409 0 0 0 1 
26456013410210;2.26073;1.17631;0.583868 -0.788331 0.193991 -0.846112 0.81183 0.565292 -0.146211 1.50852 0.00560064 0.242856 0.970046 -0.331773 0 0 0 1 
26456013410211;1.42407;1.17722;0.726269 -0.682365 0.0831324 -0.420695 0.683583 0.729668 0.0172642 1.44201 -0.0724395 0.0442894 0.996389 -0.285338 0 0 0 1 
26456013410212;1.48789;1.73353;0.924463 -0.349021 -0.153467 0.304655 0.336914 0.936241 -0.0997129 0.482524 0.178484 0.0404757 0.98311 0.0199988 0 0 0 1 
26456013410213;1.60061;1.13112;0.624287 -0.761008 0.176444 -0.595778 0.777738 0.584238 -0.231926 2.06913 0.0734121 0.282016 0.956597 -0.00839484 0 0 0 1 
26456013410214;1.7042;1.46273;0.736604 -0.674999 -0.0423244 -0.231467 0.665425 0.734502 -0.133102 1.55617 0.120931 0.06988 0.990198 0.48626 0 0 0 1 
26456013410215;0.754244;1.25461;0.993725 -0.0935045 0.0613726 0.611428 0.0999442 0.988673 -0.111967 0.363693 -0.050208 0.117399 0.991815 -0.26909 0 0 0 1 
26456013410217;1.32332;1.32619;0.999946 -0.00472135 0.00925084 -0.0766038 0.0039023 0.996232 0.086638 -0.027502 -0.00962503 -0.0865973 0.996197 0.032122 0 0 0 1 
26456013410218;1.34012;1.48122;0.987021 0.160356 -0.00864109 -0.122211 -0.149963 0.939625 0.307597 -0.356259 0.0574444 -0.302309 0.951477 0.186128 0 0 0 1 
26456013410219;0.65608;0.674053;0.988153 0.146103 0.0469883 -0.0824053 -0.140713 0.984714 -0.102656 0.107051 -0.0612683 0.0948276 0.993607 -0.129185 0 0 0 1 
26456013410220;1.46371;1.15482;0.986935 -0.0818505 0.138783 -0.0919648 0.0730542 0.995052 0.0673408 0.22363 -0.143608 -0.0563223 0.988031 -0.0904707 0 0 0 1 
26456013410221;1.60635;1.8837;0.986581 -0.1357 -0.090788 0.00947491 0.154941 0.953494 0.258538 0.185572 0.0514822 -0.269136 0.961725 0.201507 0 0 0 1 
26456013410222;2.32392;0.129981;0.998374 0.0167639 -0.054486 0.0879711 -0.0298477 0.968023 -0.249079 -0.398756 0.0485682 0.2503 0.966949 -0.755813 0 0 0 1 
26456013410223;1.20647;0.6973;0.985799 0.149967 0.0755648 -0.225465 -0.159366 0.977321 0.139448 0.0353667 -0.0529385 -0.14951 0.987342 0.0547387 0 0 0 1 
26456013410224;0.781646;0.0743044;0.947236 0.124283 0.295461 -0.40538 -0.181512 0.967718 0.17486 -0.198023 -0.264191 -0.219263 0.939216 -0.371428 0 0 0 1 
26456013410225;1.91639;0.796793;0.981695 -0.167525 0.0906106 -0.0756707 0.0880064 0.820904 0.564244 -0.879282 -0.168908 -0.545941 0.820621 -0.366892 0 0 0 1 
26456013410226;0.740714;0.588292;0.967023 0.246731 0.0631737 -0.15102 -0.247633 0.96883 0.00674185 -0.0396288 -0.0595412 -0.0221634 0.99798 -0.049567 0 0 0 1 
26456013410227;0.854149;0.824819;0.990643 -0.132348 0.0333106 0.0219184 0.131926 0.991152 0.0145751 0.0278629 -0.0349448 -0.0100442 0.999339 8.09167e-06 0 0 0 1 
26456013410228;0.477964;0.200292;0.986002 -0.0945244 -0.13735 0.100838 0.0723692 0.984754 -0.158187 0.230604 0.150209 0.146032 0.97781 -0.023817 0 0 0 1 
26456013410229;0.488387;0.0859126;0.892676 -0.211849 -0.397807 0.377498 0.27493 0.95536 0.108171 0.0019442 0.357133 -0.20593 0.91107 0.361297 0 0 0 1 
26456013410230;0.907029;0.066839;0.993994 0.109357 0.00407595 -0.0374307 -0.109433 0.993228 0.0390106 0.10833 0.000217749 -0.0392224 0.99923 -0.264662 0 0 0 1 
26456013410231;2.37848;0.303921;0.95369 0.00422174 -0.300763 0.491463 0.127411 0.900098 0.416641 -0.679881 0.272475 -0.435667 0.857876 -0.284888 0 0 0 1 
26456013410232;0.758672;0.400473;0.995988 0.0744406 0.0496722 -0.00692118 -0.078076 0.994063 0.0757789 -0.150418 -0.0437363 -0.0793531 0.995887 -0.205004 0 0 0 1 
26456013410233;0.876115;0.0685136;0.997952 -0.0637224 0.00558697 0.0133084 0.0636475 0.997892 0.0126833 0.390629 -0.0063834 -0.0123017 0.999904 0.0566071 0 0 0 1 
26456013410234;0.436918;0.0675437;0.985808 0.162273 0.0430215 -0.126573 -0.167616 0.937056 0.306317 -0.440881 0.00939345 -0.30918 0.950957 0.319766 0 0 0 1 
26456013410235;0.42537;0.0911195;0.929146 -0.0167146 0.369335 -0.401367 0.0612384 0.992136 -0.109159 0.074682 -0.364606 0.124042 0.922863 -0.357347 0 0 0 1 
26456013410236;1.61117;0.54714;0.973136 0.0614601 0.221875 -0.356827 -0.130388 0.941388 0.311108 -0.449348 -0.18975 -0.33168 0.924112 -0.566953 0 0 0 1 
26456013410237;1.76467;1.33483;0.935158 0.182791 0.303426 -0.264352 -0.266492 0.927357 0.262663 -0.312362 -0.233372 -0.326492 0.915937 -0.158679 0 0 0 1 
26456013410238;1.19544;0.330012;0.952601 0.280741 0.117196 -0.136954 -0.303663 0.854141 0.422175 -0.493973 0.0184198 -0.437753 0.898907 -0.0926121 0 0 0 1 
26456013410239;0.73293;0.275232;0.920513 -0.377368 -0.101239 0.109742 0.385474 0.919442 0.077689 0.227562 0.0637658 -0.110539 0.991824 -0.0964624 0 0 0 1 
26456013410240;1.79116;1.78659;0.979515 0.201238 -0.007261 -0.125629 -0.187179 0.923194 0.335675 -0.34481 0.074254 -0.32744 0.94195 0.259679 0 0 0 1 
26456013410241;1.92987;1.48475;0.98799 0.142354 0.0600976 0.0409361 -0.139437 0.988956 -0.0502375 -0.244826 -0.0665853 0.0412543 0.996928 0.101717 0 0 0 1 
26456013410242;1.40722;0.0987962;0.935878 0.270426 0.225834 -0.32455 -0.340336 0.859675 0.380961 -0.437904 -0.0911219 -0.433393 0.896587 -0.370856 0 0 0 1 
26456013410243;0.583238;0.0696517;0.925142 -0.335448 0.177727 -0.181269 0.362772 0.919139 -0.153558 0.381696 -0.111845 0.206537 0.972025 -0.260944 0 0 0 1 
26456013410244;0.533279;0.0877365;0.996484 0.057461 0.060976 -0.0426004 -0.0586714 0.998111 0.0182473 -0.0148332 -0.0598122 -0.0217607 0.997972 0.175739 0 0 0 1 
26456013410245;0.736282;0.14733;0.964528 -0.195014 0.17792 -0.214852 0.231781 0.948207 -0.217211 0.311782 -0.126346 0.250745 0.959773 0.0691202 0 0 0 1 
26456013410246;1.05866;0.836717;0.978666 -0.199991 0.0470901 0.0735778 0.205087 0.937072 -0.282551 0.353781 0.0123808 0.28618 0.958096 -0.219356 0 0 0 1 
26456013410248;1.23759;0.85237;0.98691 0.00472033 -0.161205 -0.191065 0.111286 0.703528 0.7019 0.154574 0.116725 -0.710652 0.693793 1.07308 0 0 0 1 
26456013410249;1.46586;0.641981;0.992494 -0.109835 0.0537851 -0.370347 0.0563382 0.800967 0.596052 0.0300802 -0.108547 -0.588548 0.801142 0.553769 0 0 0 1 
26456013410250;0.412958;0.288843;0.985679 -0.1551 -0.0661854 -0.204744 0.145961 0.981265 -0.125753 0.212507 0.0844497 0.114292 0.989851 0.221896 0 0 0 1 
26456013410251;1.34871;0.348817;0.984408 0.166479 0.0567965 -0.159372 -0.163106 0.984806 -0.0596165 -0.31584 -0.0658584 0.0494231 0.996604 0.760246 0 0 0 1 
26456013410252;1.49487;1.01899;0.958533 -0.178679 -0.22201 0.146134 0.279535 0.74107 0.610471 -0.48171 0.0554464 -0.647216 0.760287 -0.262823 0 0 0 1 
26456013410253;0.288077;0.36002;0.949248 0.313281 -0.0279925 -0.213802 -0.314523 0.944892 -0.0908518 -0.54126 -0.00201227 0.0950452 0.995471 -0.217632 0 0 0 1 
26456013410254;0.399182;0.373411;0.931125 0.353357 0.0902484 -0.416462 -0.345893 0.934083 -0.0885896 -0.480715 -0.115603 0.0512717 0.991971 -0.358747 0 0 0 1 
26456013410255;1.26559;0.553785;0.993005 0.117589 0.0106497 -0.339727 -0.115065 0.984003 -0.136007 -0.188119 -0.0264723 0.13383 0.990651 0.670345 0 0 0 1 
26456013410256;0.836061;0.65396;0.968525 0.190673 -0.16001 0.0872075 -0.19654 0.980259 -0.0215282 -0.271271 0.152747 0.052299 0.986881 0.0308559 0 0 0 1 
26456013410257;1.31918;0.638242;0.964901 0.228775 -0.12895 -0.289929 -0.214175 0.969676 0.117717 -0.871985 0.151971 -0.0859672 0.984639 -0.0569412 0 0 0 1 
26456013410258;1.48742;1.14782;0.99386 -0.106061 -0.0315154 0.0145529 0.110176 0.974826 0.193842 0.304655 0.0101631 -0.196124 0.980526 0.282241 0 0 0 1 
26456013410259;1.01942;0.314745;0.877883 0.472021 -0.0807293 -0.756424 -0.462734 0.879552 0.110747 -0.494762 0.123281 -0.0598668 0.990564 0.247337 0 0 0 1 
26456013410260;0.460663;0.624605;0.970182 0.240428 -0.0306727 -0.309681 -0.20119 0.869418 0.451259 -0.700561 0.135163 -0.431632 0.891866 0.388777 0 0 0 1 
26456013410261;1.44656;0.464949;0.898485 0.300584 -0.319959 0.668243 -0.346935 0.932759 -0.0979595 -0.3664 0.269 0.19902 0.942354 0.807827 0 0 0 1 
