#;prob_registration_l1 -r /home/probabilistic_point_clouds_registration/build/tester /home/point_clouds_registration_benchmark//devel/registration_pairs/p2at_met_local.txt /home/point_clouds_registration_benchmark//planetary/p2at_met -s 0.2 -t 0.2 -p 0.3 -r 1000 -m 5 -i 40 
id;initial_error;final_error;transformation
27844314100000;0.368279;0.345923;0.999367 0.00614176 0.03503 0.431151 -0.0109118 0.99042 0.137653 -0.206893 -0.033849 -0.137948 0.989861 -8.27797 0 0 0 1 
27844314100001;0.325629;0.137927;0.987573 0.0312488 -0.154024 0.986473 -0.00226709 0.982764 0.18485 -0.386689 0.157145 -0.182204 0.970622 -7.72909 0 0 0 1 
27844314100002;0.342132;0.130329;0.932481 -0.0443924 0.358481 -2.90844 -0.0607134 0.959039 0.27669 -2.77407 -0.356081 -0.279773 0.891591 -24.6781 0 0 0 1 
27844314100003;0.135271;0.121694;0.995049 -0.00810197 0.0990579 -0.22849 -0.00918058 0.984918 0.172777 -0.375386 -0.0989637 -0.172831 0.979967 -12.5297 0 0 0 1 
27844314100004;0.89077;0.708578;0.985765 0.0452321 -0.161931 1.7696 -0.00229258 0.966658 0.25606 -1.02853 0.168114 -0.252043 0.953001 -12.2011 0 0 0 1 
27844314100005;0.300669;0.270621;0.934641 0.0419547 -0.353108 -0.342865 0.00303893 0.992037 0.125913 0.0813616 0.355579 -0.118756 0.927071 1.08618 0 0 0 1 
27844314100006;0.461976;0.437861;0.999974 0.00654063 0.00300157 0.402917 -0.00662915 0.999513 0.0304942 -0.0425503 -0.00280066 -0.0305133 0.99953 -1.70663 0 0 0 1 
27844314100007;1.17629;1.01309;0.999408 0.0135077 0.0316291 0.854455 -0.0162483 0.995983 0.0880583 -0.143525 -0.0303125 -0.0885201 0.995613 -4.58078 0 0 0 1 
27844314100008;0.519074;0.429702;0.999934 0.0108683 0.00368819 0.644689 -0.0109915 0.99932 0.0351983 -0.154672 -0.00330314 -0.0352365 0.999374 -1.51661 0 0 0 1 
27844314100009;0.482706;0.489124;0.993058 -0.00953975 0.117242 -0.339091 0.0154212 0.998662 -0.0493608 0.0743062 -0.116614 0.0508261 0.991876 0.20113 0 0 0 1 
27844314100010;0.848926;0.0760516;0.999065 0.0235398 -0.0362533 1.43204 -0.0169242 0.984771 0.17303 -0.698671 0.0397743 -0.172255 0.984249 -11.3082 0 0 0 1 
27844314100011;0.370547;0.301838;0.980967 -0.00582176 -0.194086 -1.55206 -0.0059017 0.998195 -0.0597704 -0.493788 0.194084 0.0597783 0.979162 8.48118 0 0 0 1 
27844314100012;1.02719;0.422317;0.991218 0.00198529 -0.132223 -0.787633 -0.00819586 0.998887 -0.0464426 -0.443532 0.131984 0.0471184 0.990131 8.07584 0 0 0 1 
27844314100013;0.818365;0.75599;0.998857 0.017288 -0.0445592 0.912268 -0.0127849 0.994962 0.0994323 -0.254177 0.0460537 -0.098749 0.994046 -5.56594 0 0 0 1 
27844314100014;0.722224;0.287208;0.9984 0.000258246 -0.0565515 -0.0373831 9.81913e-05 0.99998 0.00630001 0.0084551 0.056552 -0.00629548 0.99838 -0.861796 0 0 0 1 
27844314100015;1.11358;0.667363;0.999518 -0.00143631 -0.0310205 0.118439 0.000699767 0.999718 -0.0237417 -0.0228017 0.0310458 0.0237085 0.999237 -0.356137 0 0 0 1 
27844314100016;0.370882;0.0738123;0.992777 -0.0147392 0.119067 -0.625367 0.0629308 0.908917 -0.412201 -5.245 -0.102146 0.416716 0.903279 21.779 0 0 0 1 
27844314100017;0.341055;0.275767;0.995619 0.00246432 -0.0934716 -0.34291 0.000996339 0.999316 0.0369589 0.182885 0.0934988 -0.0368901 0.994936 0.137563 0 0 0 1 
27844314100018;0.853373;0.288771;0.999584 0.00227096 0.0287632 0.35058 -0.00234858 0.999994 0.00266528 -0.0301317 -0.028757 -0.00273173 0.999583 -2.97336 0 0 0 1 
27844314100019;0.871961;0.0895503;0.999983 0.00131126 0.00565718 0.289669 -0.00116795 0.99968 -0.0252623 -0.122366 -0.0056885 0.0252553 0.999665 -1.00386 0 0 0 1 
27844314100020;0.613803;0.631196;0.996688 0.027076 -0.0766844 1.18883 -0.00869135 0.973012 0.230591 -0.819434 0.0808584 -0.229161 0.970024 -11.9428 0 0 0 1 
27844314100021;0.300355;0.0786223;0.948432 -0.0167259 -0.31654 -3.32264 -0.0027708 0.998131 -0.061043 -0.4264 0.31697 0.0587722 0.946613 10.9133 0 0 0 1 
27844314100022;0.628187;0.0715665;0.999973 0.000928244 0.00732784 0.214054 -0.000771542 0.999772 -0.0213583 -0.108812 -0.007346 0.0213521 0.999745 -0.633887 0 0 0 1 
27844314100023;0.278091;0.0864981;0.996383 0.00193346 0.0849544 0.359916 0.00165111 0.999112 -0.0421035 -0.173384 -0.0849603 0.0420915 0.995495 -0.269055 0 0 0 1 
27844314100024;0.416131;0.305279;0.969056 -0.00452163 -0.246799 -1.69604 -0.00517496 0.99924 -0.0386267 -0.228349 0.246786 0.0387086 0.968297 7.2529 0 0 0 1 
27844314100025;0.365706;0.330835;0.992124 -0.00230031 -0.125239 -0.686355 0.00206934 0.999996 -0.0019743 0.069569 0.125243 0.00169959 0.992125 2.64247 0 0 0 1 
27844314100026;0.38807;0.188042;0.983197 -0.00780742 0.182378 -0.311769 -0.000917242 0.998861 0.0477051 -0.0103057 -0.182543 -0.0470708 0.98207 -7.88055 0 0 0 1 
27844314100027;0.827287;0.748007;0.98106 -0.0208531 -0.19258 -2.31662 -0.00447906 0.991481 -0.130178 -1.09718 0.193654 0.128575 0.972608 11.6741 0 0 0 1 
27844314100028;0.216847;0.197169;0.993673 -0.015541 0.111232 -0.721862 0.0296472 0.991547 -0.126313 -0.211639 -0.108329 0.128811 0.985735 4.98914 0 0 0 1 
27844314100029;0.528223;0.414317;0.997051 0.00618861 0.076496 0.596207 -0.00442192 0.99972 -0.023243 -0.162805 -0.0766184 0.0228362 0.996799 -1.18402 0 0 0 1 
27844314100031;1.32944;0.702862;0.999832 -0.00987086 -0.0154443 -0.17707 0.00984258 0.99995 -0.00190599 0.108656 0.0154623 0.00175365 0.999879 2.64525 0 0 0 1 
27844314100032;1.35252;0.977426;0.950304 0.056948 -0.30607 -1.31243 0.0383257 0.954249 0.296546 1.42416 0.308954 -0.293539 0.904645 6.23774 0 0 0 1 
27844314100033;0.908498;0.55606;0.974592 0.0273536 -0.222312 -1.03611 0.0263776 0.971593 0.235183 1.17219 0.22243 -0.235072 0.946185 4.99844 0 0 0 1 
27844314100034;0.315932;0.278524;0.999955 0.00740379 0.00589246 -0.0721761 -0.00749749 0.999843 0.0160411 -0.112459 -0.00577277 -0.0160846 0.999854 -0.169981 0 0 0 1 
27844314100035;0.38412;0.174989;0.999552 -0.00511207 -0.0294962 0.0285248 0.00375016 0.998932 -0.0460445 -0.100141 0.0297001 0.0459133 0.998504 -0.47249 0 0 0 1 
27844314100036;0.255516;0.157691;0.996873 0.0183021 0.0768747 -0.00662585 -0.0311058 0.985156 0.168822 -0.0274307 -0.0726437 -0.170685 0.982644 -0.149575 0 0 0 1 
27844314100037;0.704806;0.471607;0.999748 -0.0157339 0.0160041 0.15107 0.017859 0.989601 -0.142724 -0.0822314 -0.013592 0.142974 0.989633 0.220928 0 0 0 1 
27844314100038;1.02577;0.681202;0.996336 0.00824812 0.0851289 0.074506 -0.00548166 0.999451 -0.0326799 0.0357678 -0.0853517 0.0320935 0.995834 0.656747 0 0 0 1 
27844314100039;0.646323;0.223281;0.99844 -0.00555222 0.0555538 0.0298272 0.0171613 0.97739 -0.210749 -0.172543 -0.0531276 0.211373 0.97596 0.123369 0 0 0 1 
27844314100040;0.526776;0.400408;0.957896 0.0150991 0.286718 -0.307206 -0.00490864 0.999332 -0.0362274 -0.295822 -0.287074 0.0332947 0.95733 -4.01554 0 0 0 1 
27844314100041;0.240913;0.181019;0.986672 -0.0228844 -0.161104 -0.246564 0.0134742 0.998151 -0.0592628 0.0273936 0.162162 0.0563022 0.985157 1.89166 0 0 0 1 
27844314100042;1.10623;0.817025;0.999698 -0.00532537 -0.0239913 0.115869 0.00661702 0.998514 0.0540845 -0.166006 0.0236676 -0.0542269 0.998248 -0.856611 0 0 0 1 
27844314100043;0.537176;0.458753;0.952485 0.0167308 0.304125 -0.263042 -0.102495 0.957865 0.268309 -0.911172 -0.286821 -0.286732 0.914067 -3.40158 0 0 0 1 
27844314100044;0.682374;0.406829;0.991263 -0.000630869 0.131902 0.188111 0.0186875 0.990574 -0.135701 -0.0162531 -0.130573 0.13698 0.98193 -1.05186 0 0 0 1 
27844314100045;0.577329;0.351462;0.996697 -0.010988 -0.0804587 -0.0211773 0.00714454 0.998826 -0.0479026 0.117724 0.0808906 0.0471696 0.995606 -0.0298168 0 0 0 1 
27844314100046;0.842689;0.669163;0.97817 0.01972 -0.20687 -0.794345 0.00863009 0.990774 0.135253 0.150484 0.207629 -0.134085 0.968974 3.44041 0 0 0 1 
27844314100047;0.331521;0.32541;0.999685 0.00213205 0.0250014 -0.00471606 -0.00140887 0.999581 -0.0289076 -0.017345 -0.0250525 0.0288633 0.999269 -0.272141 0 0 0 1 
27844314100048;0.326512;0.245196;0.999713 -0.00447342 0.023548 0.0868937 0.00587558 0.998192 -0.0598163 -0.0145526 -0.0232378 0.0599375 0.997932 -0.0618943 0 0 0 1 
27844314100049;0.286094;0.157916;0.987454 0.000723418 -0.157907 -0.324204 0.00480014 0.99939 0.0345956 0.0351889 0.157836 -0.0349195 0.986848 1.60873 0 0 0 1 
27844314100050;1.23172;0.915972;0.999833 0.00287676 -0.0180614 -0.221032 -0.00261808 0.999894 0.0143297 0.200242 0.0181007 -0.0142801 0.999734 1.82766 0 0 0 1 
27844314100051;0.428034;0.174775;0.999724 -0.00343678 -0.0232583 -0.0611635 0.00304305 0.999852 -0.0169429 0.0231299 0.0233131 0.0168675 0.999586 1.11291 0 0 0 1 
27844314100052;1.33827;0.9483;0.999555 -0.00481091 -0.0294479 0.156146 0.00833278 0.992658 0.12067 -0.168575 0.0286512 -0.120862 0.992256 -0.993751 0 0 0 1 
27844314100053;1.32669;0.848957;0.970425 -0.00477965 0.241355 0.258094 -0.0314658 0.98877 0.146097 -0.184149 -0.239342 -0.149371 0.959377 -0.350384 0 0 0 1 
27844314100054;0.560805;0.264757;0.990639 -0.000943373 0.136503 0.0929489 -0.00592729 0.998736 0.0499183 -0.135188 -0.136377 -0.0502601 0.989381 -0.431322 0 0 0 1 
27844314100055;0.956315;0.86495;0.999203 -0.00227156 0.0398441 0.0844724 0.00476011 0.998035 -0.062474 0.130394 -0.0396239 0.0626139 0.997251 0.300897 0 0 0 1 
27844314100056;1.36899;1.08456;0.998141 -0.0110786 0.0599257 0.129064 0.0183836 0.992266 -0.122761 -0.171276 -0.0581023 0.123634 0.990625 0.0657876 0 0 0 1 
27844314100057;0.0905846;0.0512172;0.990815 0.000124366 0.135224 0.0258359 0.00089137 0.999972 -0.00745096 -0.0763712 -0.135221 0.00750306 0.990787 -1.64489 0 0 0 1 
27844314100058;0.707405;0.247977;0.999841 0.0134316 0.0117405 0.0660242 -0.0134288 0.99991 -0.000318574 -0.0618508 -0.0117438 0.000160862 0.999931 -1.47616 0 0 0 1 
27844314100059;0.65531;0.273852;0.892854 0.00773375 0.450279 -0.976772 -0.0625651 0.992287 0.107017 -0.81428 -0.445978 -0.123722 0.886451 -6.18742 0 0 0 1 
27844314100060;1.27536;0.493802;0.981562 0.0128008 0.190717 0.104411 -0.00137245 0.998201 -0.0599351 -0.513651 -0.191141 0.0585683 0.979814 -4.87315 0 0 0 1 
27844314100062;0.6633;0.496483;0.999979 -0.00647963 -0.000415043 -0.158629 0.00646108 0.999364 -0.0350806 -0.00700293 0.000642088 0.0350772 0.999384 0.517872 0 0 0 1 
27844314100063;1.6099;0.0952851;0.994419 0.00648287 -0.105305 0.221273 -0.00761402 0.999918 -0.0103431 -0.0841461 0.10523 0.0110872 0.994386 -0.452596 0 0 0 1 
27844314100064;1.94982;1.8368;0.998612 0.000376614 0.0526655 0.111141 0.00202513 0.99896 -0.0455429 -0.080533 -0.0526279 0.0455864 0.997573 1.3213 0 0 0 1 
27844314100065;1.77485;0.726604;0.98974 0.0226006 0.14108 0.892222 -0.0766867 0.917163 0.391063 -3.01734 -0.120556 -0.39787 0.909487 -15.957 0 0 0 1 
27844314100066;1.08018;0.568643;0.997609 0.00935597 0.0684794 0.583931 -0.0132568 0.998301 0.0567325 -0.10508 -0.0678323 -0.0575047 0.996038 -3.92396 0 0 0 1 
27844314100067;1.0783;0.519998;0.999488 -0.00262111 0.0318731 -0.0988793 0.00217167 0.999898 0.0141273 0.126366 -0.0319069 -0.0140509 0.999392 0.352253 0 0 0 1 
27844314100068;0.329721;0.302368;0.999922 0.00990622 0.0076029 0.332595 -0.0101082 0.999584 0.0270069 -0.0482492 -0.00733221 -0.0270816 0.999606 -1.09007 0 0 0 1 
27844314100069;0.992581;0.82168;0.917937 -0.00971213 0.396607 -0.00227323 0.0387838 0.997109 -0.0653468 0.20336 -0.394826 0.0753662 0.91566 -4.00212 0 0 0 1 
27844314100070;1.68809;1.14523;0.999737 0.00426885 -0.0225247 -0.124019 -0.00372538 0.999702 0.0241146 0.0284597 0.022621 -0.0240243 0.999455 1.28237 0 0 0 1 
27844314100071;2.20263;0.912334;0.986841 0.0399058 -0.15669 1.08415 0.00153046 0.966717 0.255843 -0.668177 0.161684 -0.252716 0.953935 -8.15014 0 0 0 1 
27844314100072;0.844195;0.18383;0.918514 -0.0272927 -0.394445 -3.27861 -0.0249608 0.991622 -0.126737 -1.02035 0.394599 0.126256 0.910138 9.98384 0 0 0 1 
27844314100073;1.02691;0.547162;0.999359 0.0107304 0.0341609 0.259629 -0.0162098 0.986259 0.164412 0.0778446 -0.0319272 -0.16486 0.9858 -4.36368 0 0 0 1 
27844314100074;0.384882;0.333404;0.998261 0.00847058 0.0583449 0.365994 -0.0181168 0.985816 0.166851 -0.175154 -0.056104 -0.167618 0.984254 -6.09948 0 0 0 1 
27844314100075;1.31596;0.605733;0.997817 0.000338368 -0.0660437 0.0628421 -0.00235863 0.999532 -0.0305142 -0.0993336 0.0660024 0.0306034 0.99735 0.230543 0 0 0 1 
27844314100076;1.20785;1.19441;0.999924 -0.000561393 0.0123555 0.00510625 0.000368907 0.999879 0.0155757 0.063891 -0.0123628 -0.01557 0.999802 -0.636888 0 0 0 1 
27844314100077;1.66098;0.460592;0.998022 0.0161309 -0.0607666 0.585854 -0.0110371 0.996468 0.083248 -0.166544 0.0618949 -0.0824127 0.994674 -3.84189 0 0 0 1 
27844314100078;1.89852;1.68104;0.999997 0.000328566 -0.00254672 0.096029 -0.000346207 0.999976 -0.00692943 0.0780225 0.00254439 0.00693029 0.999973 -0.801223 0 0 0 1 
27844314100079;1.7021;1.56324;0.996576 0.00477308 0.0825412 0.348019 -0.0142669 0.993284 0.114815 -0.061137 -0.0814389 -0.1156 0.989952 -3.90421 0 0 0 1 
27844314100080;1.10438;0.485334;0.972321 -0.0103066 0.233421 -0.128897 -0.00819879 0.996906 0.0781702 -0.0461031 -0.233505 -0.0779203 0.969228 -6.91304 0 0 0 1 
27844314100081;0.430079;0.428109;0.999994 -0.00330858 0.000424176 -0.099476 0.00331321 0.999929 -0.0114077 0.0315824 -0.000386402 0.0114091 0.999935 0.349661 0 0 0 1 
27844314100082;1.95213;1.4873;0.99919 0.0219757 0.0337124 0.63327 -0.0322995 0.937639 0.346108 -0.875232 -0.0240041 -0.346916 0.937589 -9.60991 0 0 0 1 
27844314100083;0.583263;0.253546;0.96614 -0.00188397 0.258013 0.17824 -0.0195315 0.99657 0.0804133 -0.0898094 -0.257279 -0.0827299 0.962789 -6.7398 0 0 0 1 
27844314100084;0.503644;0.455862;0.990971 0.000141211 0.134074 0.241019 -0.034406 0.96678 0.253284 -0.692158 -0.129584 -0.25561 0.958056 -9.97842 0 0 0 1 
27844314100085;0.720603;0.470579;0.998028 0.0217215 0.0588955 0.874475 -0.035296 0.970044 0.240351 -0.742378 -0.0519104 -0.241956 0.968898 -8.82797 0 0 0 1 
27844314100086;1.70425;1.40191;0.996038 0.0452046 -0.0765771 1.12592 -0.0185939 0.947989 0.317761 -0.883231 0.0869585 -0.315078 0.945074 -9.50216 0 0 0 1 
27844314100087;1.08193;0.867164;0.978116 -0.0303819 -0.205831 -1.67428 0.00319112 0.991355 -0.131166 -0.578246 0.208036 0.127639 0.969757 5.87991 0 0 0 1 
27844314100088;1.41218;0.819875;0.99811 -0.00988334 0.0606496 -0.299168 0.0152171 0.995993 -0.0881223 -0.144089 -0.0595357 0.0888787 0.994262 3.40422 0 0 0 1 
27844314100089;0.394008;0.354759;0.998522 0.00193895 -0.0543189 -0.132961 -0.002561 0.999932 -0.0113846 -0.0615048 0.0542931 0.0115068 0.998459 1.04172 0 0 0 1 
27844314100090;1.35838;0.721954;0.990428 -0.0457536 -0.130226 -1.49381 0.0100314 0.964828 -0.26269 -1.4077 0.137664 0.258869 0.956052 8.33909 0 0 0 1 
27844314100091;1.04859;1.0451;0.999411 0.00590294 -0.0338166 0.0449119 -0.00341961 0.997324 0.0730276 0.117885 0.0341572 -0.0728689 0.996756 -1.86207 0 0 0 1 
27844314100093;0.967031;0.429881;0.995037 -0.038633 -0.0916948 -4.01905 0.0257641 0.990154 -0.137591 -0.59884 0.0961076 0.134546 0.986236 17.2927 0 0 0 1 
27844314100094;1.92323;0.206963;0.972344 0.0541245 -0.227195 3.04754 -0.0081491 0.980047 0.1986 -0.732643 0.233411 -0.191256 0.953384 -8.29137 0 0 0 1 
27844314100095;0.873202;0.521493;0.991832 0.00182648 0.12754 0.837373 -0.0439051 0.943685 0.327918 -5.38474 -0.119759 -0.330839 0.936057 -35.7561 0 0 0 1 
27844314100096;0.430323;0.426967;0.989634 0.0236564 -0.141651 1.46876 -0.0227162 0.999708 0.00825072 -0.699999 0.141805 -0.00494741 0.989882 4.39308 0 0 0 1 
27844314100097;1.73872;0.204356;0.999336 0.0364357 -0.000624351 4.51872 -0.0364304 0.999311 0.00709865 0.227912 0.000882565 -0.00707119 0.999975 0.789771 0 0 0 1 
27844314100098;0.721991;0.350953;0.999943 0.00836858 0.00670348 0.938658 -0.00926387 0.989076 0.147113 -0.793288 -0.00539912 -0.147167 0.989097 -13.6904 0 0 0 1 
27844314100099;0.836004;0.713271;0.999091 -0.020674 -0.0372672 -2.27571 0.022824 0.998043 0.0582206 0.871279 0.0359906 -0.0590183 0.997608 -4.66561 0 0 0 1 
27844314100100;2.4061;0.262741;0.999762 -0.0200521 -0.00856376 -1.85491 0.0216284 0.961791 0.272928 -0.818622 0.00276375 -0.273049 0.961996 -23.7099 0 0 0 1 
27844314100101;0.366989;0.453203;0.999645 0.0245025 -0.0104771 2.42364 -0.0183132 0.917261 0.397865 -7.01111 0.0193589 -0.397532 0.917384 -38.161 0 0 0 1 
27844314100102;1.52564;1.33393;0.976438 -0.0194977 0.214913 -1.91785 0.0716874 0.968659 -0.237825 -1.66941 -0.203541 0.247628 0.947234 16.931 0 0 0 1 
27844314100103;2.09748;0.35;0.999932 0.0040666 -0.0109635 0.84763 -0.00400206 0.999975 0.00590209 -0.214491 0.0109872 -0.00585781 0.999922 -2.56214 0 0 0 1 
27844314100104;0.507469;0.325643;0.99944 0.0328587 -0.00634371 3.3409 -0.0327713 0.999373 0.0134236 -1.0859 0.00678082 -0.0132082 0.99989 -1.58316 0 0 0 1 
27844314100105;1.7041;1.80591;0.999295 -0.024342 0.0285685 -2.07829 0.0286652 0.98633 -0.162267 -0.836842 -0.0242281 0.162972 0.986333 14.7208 0 0 0 1 
27844314100106;0.621555;0.297491;0.97546 0.0249392 -0.21876 1.22684 -0.0041972 0.99549 0.0947728 -0.36473 0.220137 -0.0915289 0.971165 -1.57281 0 0 0 1 
27844314100107;0.153647;0.124048;0.99898 -0.0445966 -0.00701904 -4.43896 0.0445818 0.999003 -0.00225347 1.54947 0.00711254 0.00193825 0.999973 0.420807 0 0 0 1 
27844314100108;1.53872;0.179863;0.998759 0.0322103 -0.0379851 4.02774 -0.0370991 0.99002 -0.135954 -1.64221 0.0332269 0.137194 0.989987 15.7954 0 0 0 1 
27844314100109;1.60611;0.790531;0.999348 -0.0121662 -0.0339966 -1.48459 0.0144412 0.997615 0.0674955 0.252776 0.0330944 -0.0679424 0.99714 -6.90281 0 0 0 1 
27844314100110;2.36031;0.996398;0.999604 0.0280343 -0.00241142 3.50368 -0.0281368 0.995144 -0.0943232 -2.41559 -0.000244574 0.0943537 0.995539 11.1613 0 0 0 1 
27844314100111;0.227132;0.205305;0.968004 0.0522173 -0.245441 3.09421 -0.004443 0.981523 0.191295 -1.02938 0.250895 -0.184084 0.95035 -9.18583 0 0 0 1 
27844314100112;2.20462;1.91685;0.999339 -0.03137 -0.018372 -3.07629 0.024437 0.953817 -0.299391 -4.38781 0.0269155 0.298744 0.953954 28.6983 0 0 0 1 
27844314100113;2.4063;0.21824;0.994112 -0.0686709 0.0838237 -6.40329 0.0812375 0.984231 -0.157128 0.445956 -0.0717118 0.163013 0.984014 16.1822 0 0 0 1 
27844314100114;0.335195;0.18949;0.980982 -0.0344061 0.191026 -3.33732 0.0516844 0.994935 -0.0862172 1.1066 -0.187092 0.0944506 0.977791 2.32137 0 0 0 1 
27844314100115;1.83608;1.46908;0.999993 -0.00338734 0.00176644 0.0399328 0.00335473 0.99983 0.0181481 0.392519 -0.00182762 -0.018142 0.999834 -1.49879 0 0 0 1 
27844314100116;1.89876;1.50369;0.977985 -0.0204978 0.207668 -1.64496 0.00245536 0.996225 0.0867692 0.357181 -0.208662 -0.0843491 0.974344 -14.1778 0 0 0 1 
27844314100117;2.29451;0.485618;0.99166 0.043584 -0.121291 3.24499 -0.0109893 0.966253 0.25736 -2.10139 0.128415 -0.253881 0.958673 -17.7144 0 0 0 1 
27844314100118;2.1601;2.10017;0.999858 -0.00784282 0.0149284 -0.598104 0.00814522 0.999761 -0.0203045 0.3745 -0.0147656 0.0204232 0.999682 1.80605 0 0 0 1 
27844314100119;1.47956;0.672093;0.999886 0.0150188 -0.00149868 1.99425 -0.0149285 0.998712 0.048485 -0.626738 0.00222494 -0.0484571 0.998823 -5.85562 0 0 0 1 
27844314100120;0.852594;0.415886;0.978149 -0.0306807 -0.205631 -4.34343 -0.0133393 0.977753 -0.209336 -3.4216 0.207479 0.207505 0.955978 28.165 0 0 0 1 
27844314100121;1.87824;0.629761;0.998139 -0.00158829 0.0609643 0.409742 0.000218374 0.999747 0.0224708 -0.0898188 -0.0609846 -0.0224157 0.997887 -6.39919 0 0 0 1 
27844314100122;1.73464;0.229389;0.969291 -0.0181579 -0.245247 -1.97597 0.0157383 0.999806 -0.0118223 1.63428 0.245414 0.00759948 0.969389 8.44686 0 0 0 1 
27844314100124;0.405551;0.167605;0.997444 -0.0547574 -0.0459032 -4.7567 0.059375 0.992577 0.106142 1.97368 0.0397504 -0.108597 0.993291 -7.85407 0 0 0 1 
27844314100125;0.438401;0.153813;0.907318 -0.0942499 0.409744 -10.6119 0.141569 0.986128 -0.0866533 3.29741 -0.395894 0.136629 0.908075 -2.03955 0 0 0 1 
27844314100126;1.24567;0.260131;0.982856 -0.177767 -0.0489078 -17.7174 0.173783 0.981823 -0.0763133 2.67695 0.0615848 0.0665057 0.995884 7.3012 0 0 0 1 
27844314100127;1.48846;1.06036;0.999201 0.0314917 -0.0245982 1.05546 -0.0297967 0.997343 0.0664751 -2.08725 0.0266263 -0.0656891 0.997485 -2.53317 0 0 0 1 
27844314100128;1.19785;0.149815;0.996752 -0.0178401 -0.078533 -2.16146 0.0133682 0.998279 -0.057104 0.440758 0.0794166 0.0558687 0.995275 5.81031 0 0 0 1 
27844314100129;1.23822;0.152073;0.989097 0.146877 0.0106443 10.7776 -0.145815 0.986924 -0.068698 -7.13435 -0.0205953 0.0663969 0.997581 6.37684 0 0 0 1 
27844314100130;0.532996;0.210157;0.982339 0.00390935 -0.187067 -0.861688 -0.0434002 0.977275 -0.207483 -3.84889 0.182005 0.211937 0.960186 24.5396 0 0 0 1 
27844314100131;0.768744;0.1778;0.984236 0.175637 -0.0207469 14.8056 -0.167559 0.963582 0.208409 -8.83022 0.0565959 -0.201648 0.977822 -14.7651 0 0 0 1 
27844314100132;0.304449;0.155224;0.990104 0.0526995 -0.130064 3.56823 -0.0277557 0.982041 0.186616 -2.04177 0.137563 -0.18116 0.973785 -11.5218 0 0 0 1 
27844314100133;0.242712;0.161917;0.971583 -0.100327 -0.214388 -10.888 0.025023 0.94419 -0.328449 -5.3902 0.235375 0.313751 0.919869 35.8821 0 0 0 1 
27844314100134;1.30166;0.174431;0.971325 0.0403219 0.234313 3.07168 -0.0372546 0.999152 -0.0175042 -1.24177 -0.23482 0.00827299 0.972004 -9.47828 0 0 0 1 
27844314100135;0.261851;0.176076;0.993559 -0.0980322 0.0568308 -8.65913 0.0958899 0.994617 0.0392779 3.18888 -0.0603754 -0.0335754 0.997611 -4.85477 0 0 0 1 
27844314100136;1.42144;0.195082;0.991677 0.128486 0.00831327 10.8611 -0.127084 0.987134 -0.0970373 -7.53733 -0.0206742 0.0951731 0.995246 9.50261 0 0 0 1 
27844314100137;1.20547;0.587732;0.997916 -0.0427436 0.0483425 -4.10347 0.0568536 0.936751 -0.345349 -5.63 -0.0305234 0.347378 0.937228 31.0919 0 0 0 1 
27844314100138;0.244336;0.179819;0.993955 0.0260825 -0.106645 1.54258 -0.0454036 0.982067 -0.182984 -3.89999 0.0999603 0.18672 0.977314 19.7198 0 0 0 1 
27844314100139;1.59431;0.16492;0.999086 -0.0427554 6.56857e-05 -2.91735 0.0427528 0.999041 0.00942912 -0.739039 -0.000468768 -0.00941769 0.999956 -1.86007 0 0 0 1 
27844314100140;0.22734;0.177587;0.995575 -0.0928505 0.0144443 -8.45723 0.0930888 0.995516 -0.016801 3.00448 -0.0128196 0.0180713 0.999755 1.29516 0 0 0 1 
27844314100141;0.358346;0.18219;0.953651 -0.211954 -0.213599 -21.3123 0.168851 0.964473 -0.203178 2.20984 0.249075 0.157694 0.95556 22.3236 0 0 0 1 
27844314100142;0.117962;0.170199;0.99528 0.0951793 0.018948 8.16435 -0.0940852 0.994202 -0.052053 -4.02635 -0.0237925 0.0500246 0.998465 3.75026 0 0 0 1 
27844314100143;1.8568;1.74797;0.999901 0.00934866 0.0105378 0.894281 -0.00811212 0.993695 -0.111826 -1.72704 -0.0115168 0.111729 0.993672 9.61085 0 0 0 1 
27844314100144;0.573265;0.184303;0.98745 -0.00372286 -0.157887 -2.0833 0.00705583 0.999764 0.0205546 0.872419 0.157773 -0.0214107 0.987243 3.57781 0 0 0 1 
27844314100145;0.564902;0.551365;0.993762 -0.0433577 -0.102744 -4.72191 0.0292845 0.990451 -0.134722 -0.37382 0.107604 0.130873 0.985542 15.513 0 0 0 1 
27844314100146;0.457208;0.153673;0.999662 0.0172721 0.0194221 1.31741 -0.0179025 0.999303 0.0327628 -0.637881 -0.0188427 -0.0330995 0.999274 -2.62311 0 0 0 1 
27844314100147;0.839697;0.144013;0.99452 -0.0438086 -0.0949227 -5.4239 0.0542055 0.992466 0.109878 1.7679 0.0893939 -0.114422 0.989402 -8.04059 0 0 0 1 
27844314100148;1.27087;0.1742;0.999368 0.00478901 0.0352232 -1.14868 0.00109845 0.98625 -0.165258 -3.30871 -0.0355303 0.165192 0.985621 13.485 0 0 0 1 
27844314100149;0.814525;0.238094;0.993535 0.00251309 0.1135 -0.410158 0.0547737 0.865088 -0.498621 -11.2884 -0.0994409 0.501614 0.859357 41.1624 0 0 0 1 
27844314100150;1.30625;1.02819;0.996935 -0.014227 0.0769272 -1.51402 0.0368633 0.952745 -0.301527 -4.10692 -0.0690022 0.303438 0.950349 23.5425 0 0 0 1 
27844314100151;1.21483;0.863418;0.987174 -0.0683033 0.1443 -6.16084 0.0703594 0.997479 -0.00918806 2.41404 -0.143309 0.0192231 0.989491 -1.96224 0 0 0 1 
27844314100152;0.850848;0.969658;0.98021 -0.00935146 0.197737 -1.3643 0.061166 0.964313 -0.257604 -2.23318 -0.188272 0.264601 0.945801 16.5341 0 0 0 1 
27844314100153;1.33869;0.159791;0.985583 0.146085 0.0853586 10.6733 -0.147951 0.988867 0.0159155 -7.17556 -0.0820832 -0.0283149 0.996223 -5.83256 0 0 0 1 
27844314100155;1.31103;1.25704;0.997706 -0.0407626 -0.0540533 -2.11947 0.029408 0.980102 -0.196305 -1.00763 0.0609797 0.194265 0.979052 10.4178 0 0 0 1 
27844314100156;0.173499;0.240255;0.999642 -0.0131565 -0.0232996 -0.895279 0.0135547 0.999763 0.017015 0.606836 0.0230702 -0.0173248 0.999584 -0.405452 0 0 0 1 
27844314100157;1.77732;0.946663;0.9944 0.028364 -0.101808 0.80369 -0.0180427 0.994732 0.100905 0.105004 0.104133 -0.0985028 0.989673 -3.61189 0 0 0 1 
27844314100158;2.31932;0.231697;0.975173 0.0821581 -0.205639 1.45549 0.0204946 0.891158 0.45323 -0.714297 0.220493 -0.446192 0.86735 -14.7445 0 0 0 1 
27844314100159;1.17995;0.241708;0.997003 0.0404194 -0.0659589 1.6012 -0.0352936 0.996398 0.0771091 -0.532971 0.068838 -0.0745501 0.994838 -3.21281 0 0 0 1 
27844314100160;1.94121;0.775755;0.982092 -0.0176288 -0.187574 -2.25496 0.0227251 0.999428 0.0250535 0.979381 0.187025 -0.0288675 0.981931 4.72409 0 0 0 1 
27844314100161;0.541664;0.456528;0.992554 0.00324393 -0.121762 -0.703439 -0.0173862 0.993183 -0.115265 -0.951649 0.120558 0.116524 0.985844 8.52282 0 0 0 1 
27844314100162;1.51732;1.13263;0.998936 -0.0271287 -0.0372859 -1.67628 0.0269109 0.999618 -0.00633065 0.97355 0.0374434 0.00532052 0.999285 1.69512 0 0 0 1 
27844314100163;1.36524;1.27915;0.998458 -0.0361558 -0.0421326 -1.9833 0.0336311 0.997682 -0.0591655 0.598263 0.0441741 0.0576572 0.997359 3.09428 0 0 0 1 
27844314100164;0.587208;0.301175;0.999549 -0.0284174 -0.00970824 -1.54121 0.0288905 0.998193 0.052686 1.12737 0.0081935 -0.0529427 0.998564 -1.75692 0 0 0 1 
27844314100165;1.53313;0.279268;0.999416 0.0338316 -0.00477006 2.0672 -0.0337175 0.999183 0.022261 -1.57121 0.00551929 -0.0220872 0.999741 0.185756 0 0 0 1 
27844314100166;0.330265;0.326033;0.997206 -0.0479284 -0.0573011 -2.58972 0.0418197 0.993758 -0.103425 0.348578 0.0619005 0.10074 0.992985 6.21845 0 0 0 1 
27844314100167;0.903395;0.481067;0.998323 -0.023596 0.0528642 -0.886836 0.0331494 0.981636 -0.187861 -1.01483 -0.0474607 0.189298 0.980772 6.90599 0 0 0 1 
27844314100168;2.432;0.276216;0.995061 -0.0415014 0.0901752 -1.69607 0.0392808 0.998883 0.0262627 0.377369 -0.0911644 -0.0225908 0.99558 -0.521281 0 0 0 1 
27844314100169;1.16953;1.00784;0.938838 0.0367445 0.342393 1.77233 0.0739643 0.949568 -0.304713 -2.11276 -0.336322 0.311401 0.888772 6.64687 0 0 0 1 
27844314100170;0.524881;0.275622;0.981517 -0.0494673 -0.184871 -3.30594 0.0711749 0.991078 0.112692 1.46457 0.177647 -0.123767 0.97628 -1.80127 0 0 0 1 
27844314100171;2.35705;0.423005;0.964274 0.0251613 0.263709 1.22633 0.00998664 0.991319 -0.131102 -0.28474 -0.264719 0.129052 0.955651 -2.4799 0 0 0 1 
27844314100172;0.422262;0.206776;0.997217 0.0191608 -0.0720435 0.212384 -0.0145962 0.997884 0.0633603 0.425081 0.0731051 -0.0621324 0.995387 -1.29186 0 0 0 1 
27844314100173;0.404553;0.31095;0.997765 -0.0118409 -0.0657623 -0.873943 0.0192322 0.993417 0.112925 0.530016 0.0639923 -0.113937 0.991425 -3.73824 0 0 0 1 
27844314100174;0.99992;0.685249;0.999356 0.0294041 -0.0205582 1.04605 -0.0283759 0.998413 0.0486345 -0.38585 0.0219556 -0.0480198 0.998605 -2.20487 0 0 0 1 
27844314100175;0.837078;0.302539;0.999709 0.02062 -0.0124963 0.566205 -0.020284 0.999445 0.026443 0.695949 0.0130346 -0.0261819 0.999572 -1.20881 0 0 0 1 
27844314100176;0.793248;0.497192;0.997899 -0.00731164 -0.0643711 -0.815309 -0.0139659 0.94597 -0.323952 -4.15273 0.0632618 0.324171 0.943881 16.9746 0 0 0 1 
27844314100177;2.13358;0.240849;0.999927 -0.00566529 -0.010675 -0.206 0.00580931 0.999892 0.0135095 0.580929 0.0105973 -0.0135705 0.999852 -2.7457 0 0 0 1 
27844314100178;1.06641;1.07969;0.998167 -0.0267522 -0.0542825 -1.50582 0.0262312 0.999603 -0.0102881 0.627198 0.0545361 0.00884536 0.998473 1.47586 0 0 0 1 
27844314100179;2.46162;0.699476;0.964691 -0.0233676 -0.262344 -2.52514 -0.0159673 0.989036 -0.14681 -0.798161 0.262898 0.145816 0.953741 10.2201 0 0 0 1 
27844314100180;2.13141;1.63104;0.966345 0.0387697 0.254312 1.69736 -0.0941594 0.973283 0.209414 -2.67103 -0.239399 -0.226312 0.944177 -16.7052 0 0 0 1 
27844314100181;0.683715;0.455181;0.999751 0.0158677 0.015664 0.652154 -0.0166155 0.998669 0.0488252 0.074969 -0.0148685 -0.0490733 0.998685 -1.98913 0 0 0 1 
27844314100182;1.078;0.35383;0.984614 -0.0244687 0.173024 -0.751131 0.0151595 0.998376 0.0549209 0.431677 -0.174087 -0.0514529 0.983385 -5.25964 0 0 0 1 
27844314100183;1.04239;0.34315;0.910218 -0.0363444 0.412532 -1.76898 -0.0547738 0.976825 0.206913 -1.03583 -0.410492 -0.210932 0.887133 -18.5179 0 0 0 1 
27844314100184;1.3844;1.07726;0.983706 0.00399205 0.179742 0.519706 -0.0168718 0.997391 0.0701854 -0.528083 -0.178993 -0.0720743 0.981207 -7.81507 0 0 0 1 
27844314100186;0.793481;0.155548;0.972069 0.110288 -0.207168 5.7107 -0.0581338 0.968349 0.242736 -2.68423 0.227382 -0.223913 0.947713 -7.30007 0 0 0 1 
27844314100187;1.90684;0.215151;0.996043 0.0885057 0.00803176 6.59397 -0.0882652 0.995744 -0.0265243 -2.68032 -0.0103451 0.0257104 0.999616 2.84462 0 0 0 1 
27844314100188;0.899725;0.415827;0.911712 0.00328578 0.410817 -0.684618 -0.0204615 0.99909 0.0374185 -0.74919 -0.41032 -0.0425208 0.91095 -17.8402 0 0 0 1 
27844314100189;2.92803;2.68437;0.996354 -0.0266787 -0.0810333 -2.41182 0.0171162 0.993045 -0.116488 -0.766389 0.0835774 0.114676 0.989881 10.7925 0 0 0 1 
27844314100190;2.25734;1.51755;0.998286 0.0456667 -0.0365953 3.3463 -0.051352 0.983483 -0.173562 -3.98317 0.0280649 0.175144 0.984143 13.679 0 0 0 1 
27844314100191;2.96618;1.093;0.988954 -0.0192787 0.146964 -0.695064 0.0739143 0.923572 -0.376233 -5.57679 -0.128478 0.38294 0.914795 23.5899 0 0 0 1 
27844314100192;2.51273;1.98964;0.932285 -0.0361991 -0.35991 -6.13265 0.000405805 0.995084 -0.0990326 -1.09289 0.361725 0.0921805 0.927716 18.0545 0 0 0 1 
27844314100193;1.47826;0.919908;0.994961 0.0292372 -0.0959029 1.46373 -0.0245209 0.998448 0.049994 -0.67637 0.0972158 -0.0473904 0.994134 0.875367 0 0 0 1 
27844314100194;2.31253;1.41784;0.970284 0.0157355 -0.241455 -1.50997 -0.00783756 0.999403 0.0336356 0.00778698 0.24184 -0.0307437 0.969829 7.22252 0 0 0 1 
27844314100195;2.39108;0.225536;0.980979 -0.175773 -0.0823661 -11.8657 0.143349 0.94209 -0.303181 -0.246095 0.130887 0.285607 0.949367 21.6367 0 0 0 1 
27844314100196;0.463067;0.435048;0.99558 0.0238246 0.0908432 2.23335 -0.0289158 0.99806 0.0551456 -0.899493 -0.0893531 -0.0575287 0.994337 -7.10761 0 0 0 1 
27844314100197;2.03095;1.93729;0.995547 -0.0204573 -0.0920248 -1.82954 0.00959609 0.993091 -0.116953 -0.790004 0.0937816 0.115549 0.988865 10.001 0 0 0 1 
27844314100198;1.85236;0.170376;0.978878 -0.117087 -0.167595 -8.38126 0.122629 0.992184 0.0230741 3.87389 0.163583 -0.0431387 0.985586 3.59294 0 0 0 1 
27844314100199;0.504668;0.347608;0.998449 -0.0314677 -0.0459301 -2.2468 0.0370266 0.991379 0.125687 1.04896 0.041579 -0.127193 0.991006 -7.85109 0 0 0 1 
27844314100200;2.93423;1.11793;0.999184 -0.0394258 0.00881253 -2.37873 0.0401227 0.993913 -0.102603 0.554204 -0.00471368 0.102873 0.994683 4.1324 0 0 0 1 
27844314100201;1.21539;0.41135;0.988881 0.0179646 0.147621 1.58989 -0.0452328 0.981978 0.183504 -2.27028 -0.141664 -0.18814 0.971872 -18.6426 0 0 0 1 
27844314100202;1.66781;0.298045;0.949229 0.0610052 -0.308615 0.50671 -0.0274538 0.993338 0.111916 -0.478422 0.313387 -0.0977609 0.94458 4.89084 0 0 0 1 
27844314100203;0.429271;0.828188;0.932391 -0.0829129 0.351812 -5.86357 -0.0097915 0.967184 0.25389 -1.84606 -0.361317 -0.24017 0.900982 -29.1701 0 0 0 1 
27844314100204;0.64969;0.762595;0.922618 0.0395284 -0.383683 -1.54661 0.039079 0.980037 0.194938 0.711739 0.383729 -0.194847 0.902655 -1.29237 0 0 0 1 
27844314100205;2.89316;2.45918;0.996092 -0.00472424 -0.0881996 -0.565817 0.00102687 0.99912 -0.0419189 -0.392858 0.08832 0.0416645 0.99522 4.45095 0 0 0 1 
27844314100206;1.28236;0.956819;0.997994 -0.0095971 0.0625766 -0.100944 0.0217607 0.980219 -0.196715 -1.86995 -0.0594509 0.197682 0.978462 11.1724 0 0 0 1 
27844314100207;1.92404;0.794201;0.977825 0.0755714 -0.195315 3.45848 -0.0577683 0.993771 0.0952993 -1.80273 0.201301 -0.0819029 0.976099 2.64808 0 0 0 1 
27844314100208;1.88311;0.503061;0.917884 0.0365183 0.395164 1.38128 0.032572 0.985465 -0.166728 -0.396909 -0.395509 0.165908 0.903353 -4.29212 0 0 0 1 
27844314100209;2.33052;0.497378;0.995119 0.0948232 0.0273323 6.92211 -0.0952038 0.995373 0.0129725 -3.07573 -0.0259757 -0.0155113 0.999542 -4.14896 0 0 0 1 
27844314100210;0.530209;0.528184;0.995543 -0.010875 0.0936781 -0.223471 0.0190801 0.996013 -0.0871439 -0.194399 -0.0923569 0.0885429 0.991781 2.48066 0 0 0 1 
27844314100211;2.44996;1.1598;0.998051 0.0164606 -0.0601976 0.803772 -0.0171709 0.999789 -0.0113025 -0.647782 0.0599989 0.0123141 0.998122 4.8495 0 0 0 1 
27844314100212;2.84301;0.699686;0.996495 0.0592634 -0.0590463 4.29314 -0.0630202 0.995962 -0.0639368 -1.80873 0.0550188 0.0674338 0.996206 3.79885 0 0 0 1 
27844314100213;1.50297;0.928595;0.998871 -0.00465287 0.0472831 0.32561 0.0130094 0.983944 -0.178002 -1.85305 -0.0456957 0.178416 0.982893 10.756 0 0 0 1 
27844314100214;0.564234;0.283242;0.987019 -0.098783 0.126632 -6.43712 0.099456 0.995041 0.00101253 2.78467 -0.126105 0.011595 0.991949 -3.08658 0 0 0 1 
27844314100215;0.386204;0.453212;0.994575 0.000632673 -0.104019 -0.432225 -0.00716993 0.99802 -0.0624849 -0.752514 0.103774 0.0628917 0.992611 7.5506 0 0 0 1 
27844314100217;0.459527;0.609822;0.996168 0.0076506 -0.0871268 -0.12447 -0.00888631 0.999865 -0.0138039 -0.454142 0.0870094 0.0145252 0.996102 2.7199 0 0 0 1 
27844314100218;2.20727;0.284011;0.999154 0.0357756 -0.0202661 0.26761 -0.0358621 0.999349 -0.00391876 -1.26514 0.0201128 0.00464223 0.999787 3.3386 0 0 0 1 
27844314100219;2.19715;0.398671;0.998878 -0.0422777 -0.0213474 -0.979887 0.0415006 0.998503 -0.0356217 1.11016 0.0228214 0.0346958 0.999137 3.99561 0 0 0 1 
27844314100220;1.31114;0.24586;0.997746 -0.0163615 -0.0650858 0.522043 0.0146251 0.999527 -0.0270657 -0.442701 0.0654978 0.0260528 0.997513 2.32723 0 0 0 1 
27844314100221;1.65894;1.66222;0.999834 0.00586561 0.0172707 0.308193 -0.00644505 0.999412 0.0336885 -0.125183 -0.0170629 -0.0337942 0.999283 -0.635736 0 0 0 1 
27844314100222;1.73745;1.07796;0.978565 0.0703972 -0.193534 0.352202 -0.0492536 0.99249 0.111973 -1.50734 0.199963 -0.100041 0.974683 4.88027 0 0 0 1 
27844314100223;2.40198;1.79924;0.998768 -0.00403218 -0.0494648 -0.0762987 0.00396642 0.999991 -0.00142741 0.206216 0.0494701 0.00122945 0.998775 3.01188 0 0 0 1 
27844314100224;0.843273;0.773072;0.998884 0.0363186 -0.0301947 0.559474 -0.0337516 0.996096 0.0815683 -0.892606 0.0330393 -0.0804581 0.99621 -0.236165 0 0 0 1 
27844314100225;1.09219;1.21762;0.999953 0.00020291 0.00964302 0.274504 0.000372229 0.998222 -0.0596037 -0.0547496 -0.00963797 0.0596046 0.998176 0.838158 0 0 0 1 
27844314100226;2.28577;1.27475;0.946331 0.101172 -0.306956 -1.63452 -0.0310063 0.973781 0.225366 -0.314476 0.321709 -0.203754 0.924656 8.20541 0 0 0 1 
27844314100227;0.739768;0.87894;0.990816 0.026398 -0.132618 0.0492311 -0.0220336 0.99917 0.0342699 -0.62187 0.133413 -0.0310331 0.990575 3.67505 0 0 0 1 
27844314100228;0.965544;0.115626;0.990617 0.0803857 -0.11053 1.12792 -0.0765385 0.996318 0.0386267 -2.63144 0.113228 -0.0298044 0.993122 3.83121 0 0 0 1 
27844314100229;0.882458;0.684792;0.964851 0.012542 0.262499 0.524477 0.0328163 0.985292 -0.167698 0.0255971 -0.260741 0.170417 0.950248 -5.84074 0 0 0 1 
27844314100230;0.333053;0.10865;0.952279 0.154805 -0.263059 0.194879 -0.0636338 0.943594 0.324932 -1.75864 0.298522 -0.292686 0.908416 3.06277 0 0 0 1 
27844314100231;2.08116;0.0823298;0.995079 -0.0451873 0.0881764 -0.364752 0.0470903 0.998698 -0.0196217 1.03966 -0.0871749 0.0236774 0.995912 0.26849 0 0 0 1 
27844314100232;2.3687;1.9082;0.999557 0.0133028 -0.0266053 0.00364627 -0.0140901 0.999462 -0.0296259 -0.115209 0.0261969 0.0299877 0.999207 0.17983 0 0 0 1 
27844314100233;0.91161;0.575345;0.999677 0.0142581 -0.0210351 0.582767 -0.0138085 0.999676 0.0213665 -0.322929 0.021333 -0.0210691 0.99955 -0.720467 0 0 0 1 
27844314100234;2.15311;0.618978;0.997404 0.0026469 0.0719624 0.844917 -0.00350752 0.999924 0.0118356 0.177189 -0.0719256 -0.0120573 0.997337 -5.09865 0 0 0 1 
27844314100235;1.5865;1.3779;0.940174 0.00403843 -0.34067 -3.46359 -0.0195052 0.998928 -0.0419884 -0.774944 0.340136 0.0461213 0.939245 10.7474 0 0 0 1 
27844314100236;0.801975;0.759146;0.999893 0.00622541 -0.01322 0.476164 -0.00714545 0.99747 -0.0707283 -0.442968 0.0127463 0.0708152 0.997408 1.60922 0 0 0 1 
27844314100237;0.36254;0.330705;0.99623 0.0438481 -0.0748584 0.371728 -0.0405666 0.998172 0.0448084 -1.17428 0.0766862 -0.0416027 0.996187 1.73823 0 0 0 1 
27844314100238;0.509991;0.279959;0.995583 -0.0116542 -0.0931572 -0.426688 -0.0229868 0.931804 -0.362234 -3.41414 0.0910258 0.362776 0.92742 8.83862 0 0 0 1 
27844314100239;2.45541;1.365;0.999456 0.0129593 -0.0303416 -0.174799 -0.0121784 0.999593 0.0257835 -0.32139 0.0306634 -0.0254 0.999207 2.89111 0 0 0 1 
27844314100240;0.531694;0.284807;0.998822 -0.0417736 0.0246807 -0.668089 0.0413167 0.99897 0.0187425 1.33723 -0.0254382 -0.0177007 0.99952 -0.587416 0 0 0 1 
27844314100241;1.90316;0.857322;0.998649 -0.0214479 0.0473239 0.792504 0.0183912 0.997774 0.0641066 1.11863 -0.0485935 -0.0631497 0.99682 -3.97283 0 0 0 1 
27844314100242;0.857743;0.209945;0.987794 0.0260793 0.153566 1.1421 -0.0303969 0.999204 0.0258351 -0.528641 -0.15277 -0.0301876 0.987801 -4.49452 0 0 0 1 
27844314100243;1.52979;1.7108;0.989236 0.000333213 -0.146326 -0.646041 -0.00685752 0.999004 -0.0440854 -0.281076 0.146165 0.0446143 0.988254 4.83141 0 0 0 1 
27844314100244;1.45043;0.786408;0.987239 0.0792375 -0.138131 0.255627 -0.032221 0.948869 0.314023 -0.428669 0.15595 -0.305565 0.939313 0.112552 0 0 0 1 
27844314100245;0.353496;0.402762;0.998191 0.0395301 0.0453 1.1078 -0.0482407 0.976283 0.211056 -0.95327 -0.0358825 -0.21286 0.976424 -5.05151 0 0 0 1 
27844314100246;0.304746;0.133093;0.995057 0.093205 0.0342804 1.56315 -0.0847727 0.976999 -0.195667 -3.98785 -0.0517292 0.191794 0.980071 1.86212 0 0 0 1 
27844314100248;1.91005;1.80416;0.999944 0.00403047 0.00979203 0.291721 -0.00429564 0.99962 0.0272112 0.156792 -0.00967864 -0.0272518 0.999582 -1.91765 0 0 0 1 
27844314100249;1.74539;1.21023;0.91905 0.0148734 0.39386 1.53561 0.0177633 0.996709 -0.0790884 -0.182711 -0.393741 0.0796824 0.915761 4.46371 0 0 0 1 
27844314100250;2.4193;2.03831;0.889645 0.0267363 -0.45587 0.810012 -0.0193061 0.999594 0.0209486 -0.252998 0.456245 -0.00983571 0.8898 -0.0470654 0 0 0 1 
27844314100251;0.382775;0.197369;0.998307 0.0214354 0.0540674 1.32681 -0.029536 0.987662 0.153791 -0.473173 -0.0501038 -0.155127 0.986623 -8.58449 0 0 0 1 
27844314100252;0.517763;0.578961;0.995251 -0.0115463 -0.0966582 -0.647977 -0.0130461 0.968163 -0.249982 -2.27723 0.0964672 0.250056 0.963414 12.9968 0 0 0 1 
27844314100253;0.421961;0.366026;0.995866 0.00544353 0.0906697 0.536989 0.000345751 0.997968 -0.0637125 -0.377104 -0.0908323 0.0634805 0.993841 3.02657 0 0 0 1 
27844314100254;1.06506;0.294979;0.998531 0.0453125 -0.0296957 2.53947 -0.0370955 0.971335 0.234801 -1.22251 0.0394839 -0.233355 0.97159 -13.2859 0 0 0 1 
27844314100255;0.41574;0.309863;0.943654 -0.000540581 -0.330934 -0.843431 -0.01143 0.999349 -0.034225 -0.30232 0.330737 0.0360791 0.943033 2.63522 0 0 0 1 
27844314100256;0.221269;0.0983317;0.999743 0.00392264 -0.022326 0.134518 -0.00275944 0.998649 0.051895 0.117722 0.0224994 -0.0518201 0.998403 -2.96618 0 0 0 1 
27844314100257;0.472366;0.293678;0.997211 0.0373084 0.064647 2.13719 -0.0604537 0.911706 0.406372 -3.88171 -0.043778 -0.409147 0.911418 -21.8191 0 0 0 1 
27844314100258;0.965959;0.544278;0.961518 0.00970565 -0.27457 -0.562353 0.00193394 0.999112 0.0420896 0.0880542 0.274734 -0.0410009 0.960646 -1.22038 0 0 0 1 
27844314100259;0.701583;0.587917;0.999818 0.0123398 -0.014547 0.791907 -0.0123993 0.999915 -0.00400773 -0.138942 0.0144963 0.00418738 0.999886 -0.288121 0 0 0 1 
27844314100260;1.49458;1.14777;0.991409 0.0343266 -0.126212 1.18093 0.00266191 0.959453 0.281858 -0.871941 0.13077 -0.279772 0.951119 -13.8842 0 0 0 1 
