#;prob_registration_l1 -r /home/probabilistic_point_clouds_registration/build/tester /home/point_clouds_registration_benchmark//devel/registration_pairs/pioneer_slam3_local.txt /home/point_clouds_registration_benchmark//tum/pioneer_slam3 -s 0.1 -t 0.1 -p 0.3 -r 1000 -m 5 -i 40 
id;initial_error;final_error;transformation
39885980090000;0.518509;0.166881;0.99469 0.0105966 -0.102368 0.0714864 0.00269803 0.991658 0.128868 -0.0564267 0.102879 -0.12846 0.986364 -0.418809 0 0 0 1 
39885980090001;1.1366;0.676049;0.997771 0.0452194 -0.0490723 0.12152 -0.0430534 0.998089 0.0443333 -0.201785 0.0509832 -0.0421218 0.997811 0.296915 0 0 0 1 
39885980090002;0.639436;0.503202;0.999721 0.0151546 0.0181266 0.0835059 -0.0111534 0.979036 -0.203381 0.0542837 -0.0208287 0.203122 0.978932 -0.111162 0 0 0 1 
39885980090003;0.346141;0.190538;0.954818 -0.0411847 -0.294323 0.0712373 -0.0477024 0.956272 -0.288564 0.100779 0.293337 0.289566 0.911101 -0.83546 0 0 0 1 
39885980090004;1.0895;0.730847;0.96932 -0.0646091 -0.237158 0.17229 0.0113502 0.975572 -0.219385 0.259239 0.245539 0.209962 0.946375 -1.11824 0 0 0 1 
39885980090005;0.90722;0.62572;0.998716 0.0461794 -0.0208297 0.0269266 -0.0475364 0.9964 -0.0701949 0.252308 0.0175132 0.071095 0.997316 -0.446581 0 0 0 1 
39885980090006;0.367469;0.0960012;0.978558 -0.0218928 -0.204804 0.0618282 -0.0254111 0.973907 -0.225521 0.0807998 0.204398 0.22589 0.952468 -0.988359 0 0 0 1 
39885980090007;0.500039;0.282774;0.997695 -0.065797 0.0166225 0.02417 0.0675975 0.941806 -0.329291 -0.17825 0.00601114 0.329656 0.944082 -0.348345 0 0 0 1 
39885980090008;1.30544;0.909458;0.98577 -0.0129044 -0.167604 0.105237 0.000991163 0.997478 -0.0709694 0.11304 0.168097 0.0697934 0.983297 -1.06536 0 0 0 1 
39885980090009;1.07285;0.987405;0.999485 -0.00498496 -0.0317062 -0.0483437 0.00483884 0.999977 -0.00468361 -0.0365227 0.0317288 0.00452778 0.999486 -0.039159 0 0 0 1 
39885980090010;0.993349;0.848338;0.999695 0.0232034 -0.00844589 0.0107432 -0.0236956 0.997682 -0.0637947 0.0290965 0.00694605 0.0639754 0.997927 0.298353 0 0 0 1 
39885980090011;1.19076;0.819317;0.997396 -0.0208137 0.0690562 -0.13638 0.0375584 0.967278 -0.250924 0.0732742 -0.0615739 0.252865 0.96554 -0.60419 0 0 0 1 
39885980090012;1.08018;0.457303;0.98824 0.116804 -0.098684 0.125162 -0.128484 0.984212 -0.121733 0.0221808 0.0829071 0.132981 0.987645 -0.995766 0 0 0 1 
39885980090013;0.734434;0.246131;0.999412 0.0106171 -0.0326016 -0.0849666 -0.0178762 0.972738 -0.231218 0.00817448 0.0292579 0.231665 0.972355 0.135647 0 0 0 1 
39885980090014;1.32795;0.918312;0.927248 0.0432027 -0.371946 0.270853 0.0321963 0.980444 0.194146 -0.0537197 0.37306 -0.191997 0.907724 -1.13852 0 0 0 1 
39885980090015;0.724355;0.0518203;0.999698 -0.00215059 0.024467 0.0374153 0.00208155 0.999994 0.00284693 0.045015 -0.024473 -0.00279514 0.999697 -0.482038 0 0 0 1 
39885980090016;0.348273;0.0314748;0.980868 0.0199392 -0.193648 0.0381927 0.0222391 0.976751 0.213218 -0.0154848 0.193397 -0.213446 0.957621 -0.381298 0 0 0 1 
39885980090017;0.847163;0.482819;0.997434 -0.0332588 -0.0633996 0.162989 0.019493 0.978251 -0.206507 0.159499 0.0688889 0.204741 0.976389 -0.847305 0 0 0 1 
39885980090018;0.98085;0.567473;0.987021 0.0213308 -0.159168 -0.0917128 -0.0475987 0.985461 -0.1631 0.182137 0.153374 0.16856 0.973686 -0.0267767 0 0 0 1 
39885980090019;1.01873;0.347127;0.995583 0.0806025 0.0481519 -0.257593 -0.0833514 0.994825 0.0581028 -0.114405 -0.0432195 -0.0618597 0.997149 0.815138 0 0 0 1 
39885980090020;0.349842;0.158367;0.974688 0.135563 0.177782 -0.116396 -0.104835 0.979482 -0.172119 0.394803 -0.197467 0.149125 0.968901 0.353498 0 0 0 1 
39885980090021;0.142777;0.0390088;0.977808 -0.00994252 -0.209266 0.0650495 -0.00933274 0.995814 -0.0909203 0.0517584 0.209294 0.0908557 0.973623 -0.543296 0 0 0 1 
39885980090022;0.343863;0.165871;0.990756 0.0358217 0.130839 -0.0175254 -0.0303541 0.99859 -0.0435472 0.0669997 -0.132215 0.0391731 0.990447 0.453077 0 0 0 1 
39885980090023;0.973502;0.935835;0.949801 0.0176517 -0.312357 0.0952615 0.0448404 0.980418 0.191753 -0.112147 0.309626 -0.196133 0.93041 -0.556098 0 0 0 1 
39885980090024;1.13358;0.102235;0.998824 0.038139 0.0299232 -0.0885351 -0.0366388 0.998118 -0.0491767 -0.0156119 -0.0317424 0.0480226 0.998342 -0.84257 0 0 0 1 
39885980090025;0.64818;0.450501;0.999351 -0.0252139 -0.0257087 -0.0233748 0.0233796 0.997321 -0.0693112 -0.12227 0.0273875 0.0686651 0.997264 0.090634 0 0 0 1 
39885980090026;1.25567;0.283147;0.991218 -0.0671557 0.11392 0.137844 0.0497924 0.987592 0.14894 -0.0850848 -0.122509 -0.141959 0.982262 1.40967 0 0 0 1 
39885980090027;0.709211;0.306145;0.998756 0.0351449 0.0353733 -0.025473 -0.0348963 0.999362 -0.00762205 0.213523 -0.0356187 0.00637817 0.999345 0.497947 0 0 0 1 
39885980090028;1.02062;0.669836;0.999819 0.0173098 0.0078612 -0.00375954 -0.0173354 0.999845 0.00319982 0.0928568 -0.00780459 -0.00333552 0.999964 0.567714 0 0 0 1 
39885980090029;0.737875;0.234566;0.979978 0.178389 -0.0884277 -0.10973 -0.159299 0.96892 0.189258 0.302339 0.119441 -0.171382 0.977938 0.408063 0 0 0 1 
39885980090031;0.500388;0.382743;0.960593 0.0318282 -0.27613 0.574142 -0.0123872 0.997337 0.0718663 0.446679 0.277682 -0.0656138 0.95843 -1.48243 0 0 0 1 
39885980090032;0.490152;0.686658;0.930976 -0.35043 -0.102379 0.264221 0.348502 0.936588 -0.0367413 -0.60081 0.108762 -0.00147394 0.994067 -0.320693 0 0 0 1 
39885980090033;0.259006;0.402801;0.924633 -0.296811 -0.238657 0.189514 0.295608 0.9544 -0.0416812 -0.424652 0.240145 -0.032009 0.970209 -0.782435 0 0 0 1 
39885980090034;0.13399;0.331889;0.986209 -0.151915 -0.0656799 0.0676343 0.143541 0.982645 -0.117496 -0.163943 0.0823894 0.106448 0.990899 -0.174892 0 0 0 1 
39885980090035;0.310003;0.326096;0.997592 -0.0116646 -0.0683668 0.388593 -0.0098273 0.952035 -0.305831 0.307621 0.068655 0.305766 0.949628 0.362936 0 0 0 1 
39885980090036;0.791909;0.353352;0.895612 -0.0113132 -0.444692 1.6361 0.0826288 0.98651 0.141318 -0.167955 0.437094 -0.16331 0.884465 -1.92969 0 0 0 1 
39885980090037;0.326129;0.447017;0.999995 -0.0028246 -0.00130808 0.127511 0.00269704 0.996032 -0.0889557 0.236896 0.00155415 0.0889518 0.996035 0.349706 0 0 0 1 
39885980090038;0.582863;0.615221;0.999788 -0.0160316 -0.0128915 0.0417649 0.0148852 0.996306 -0.0845723 -0.0312763 0.0141997 0.0843625 0.996334 -0.0582838 0 0 0 1 
39885980090039;0.172583;0.399477;0.992655 -0.117517 -0.0287463 0.0642456 0.114889 0.99012 -0.0803871 0.0345856 0.0379091 0.076494 0.996349 0.145838 0 0 0 1 
39885980090040;0.259945;0.390166;0.996125 -0.0608491 0.0635079 0.357469 0.0505613 0.986992 0.152614 0.38701 -0.0719682 -0.148811 0.986243 -0.0775715 0 0 0 1 
39885980090041;0.477445;0.700077;0.98476 -0.154118 0.0805939 0.394106 0.15671 0.98728 -0.0268515 -0.371945 -0.0754304 0.0390721 0.996385 -0.0011082 0 0 0 1 
39885980090042;0.418217;0.421202;0.999329 -0.0329489 0.0159969 0.241858 0.033403 0.999021 -0.0290015 0.549023 -0.0150257 0.0295164 0.999451 0.360824 0 0 0 1 
39885980090043;0.341309;0.492789;0.979372 -0.153434 -0.131489 0.305955 0.176268 0.966865 0.184666 -0.304384 0.0987978 -0.204033 0.973966 -0.683829 0 0 0 1 
39885980090044;0.352045;0.401644;0.93443 -0.188123 0.302408 0.102905 0.13961 0.974635 0.174914 -0.164802 -0.327643 -0.121226 0.936992 0.474601 0 0 0 1 
39885980090045;0.207777;0.400834;0.974506 -0.146515 0.169915 0.111545 0.154196 0.987494 -0.0328578 -0.101217 -0.162975 0.0582204 0.984911 0.567994 0 0 0 1 
39885980090046;0.379302;0.402412;0.949219 -0.0265866 0.313491 0.253728 0.103583 0.967279 -0.231605 0.03432 -0.297076 0.252317 0.920914 1.02229 0 0 0 1 
39885980090047;0.227046;0.341721;0.976578 0.0320744 0.21276 0.453311 -0.0354975 0.999294 0.0122876 0.342497 -0.212216 -0.0195523 0.977027 0.277263 0 0 0 1 
39885980090048;0.266999;0.337702;0.991512 0.028015 0.126965 0.566344 0.00268527 0.97189 -0.23542 0.264551 -0.129991 0.233763 0.963565 1.02539 0 0 0 1 
39885980090049;0.523967;0.353468;0.955168 -0.0354681 0.293933 0.681195 -0.027393 0.977952 0.207023 0.291844 -0.294796 -0.205794 0.933137 1.04474 0 0 0 1 
39885980090050;0.207409;0.478578;0.997091 -0.0743653 -0.01672 0.374618 0.0736018 0.996386 -0.0423974 -0.0735049 0.0198124 0.0410435 0.998961 0.048088 0 0 0 1 
39885980090051;0.499446;0.320907;0.994894 0.027429 0.0971242 0.689212 -0.0070274 0.978851 -0.204454 0.566074 -0.100678 0.202728 0.974046 0.0657568 0 0 0 1 
39885980090052;0.316512;0.396738;0.992894 0.00643947 0.118829 0.215538 0.0201663 0.974988 -0.221339 0.464552 -0.117282 0.222163 0.96793 0.434279 0 0 0 1 
39885980090053;0.450592;0.522393;0.984409 -0.171582 0.0387162 0.264762 0.174813 0.978739 -0.107282 0.0826137 -0.0194855 0.112377 0.993475 -0.355505 0 0 0 1 
39885980090054;0.48513;0.66156;0.973109 -0.227178 -0.0380548 0.35326 0.227544 0.922394 0.312112 -0.34307 -0.0358036 -0.312378 0.949283 -0.561688 0 0 0 1 
39885980090055;0.127893;0.500291;0.994251 -0.0998275 -0.0387227 0.49778 0.0945959 0.988361 -0.119143 0.148174 0.0501657 0.114795 0.992122 0.149719 0 0 0 1 
39885980090056;0.526201;0.580065;0.934437 -0.355513 -0.0209165 0.359114 0.355768 0.929242 0.0996945 -0.500925 -0.0160062 -0.1006 0.994798 0.452266 0 0 0 1 
39885980090057;0.593626;0.391896;0.967315 -0.00456281 -0.253536 1.08602 0.0771053 0.957788 0.276942 0.0196243 0.24157 -0.287439 0.926835 -0.726762 0 0 0 1 
39885980090058;0.12749;0.343913;0.981975 0.0295522 -0.186687 0.444064 -0.0475492 0.994561 -0.0926717 0.465546 0.182933 0.0998781 0.978039 -0.291145 0 0 0 1 
39885980090059;0.597495;0.376404;0.925066 -0.180626 -0.334108 0.0910541 0.0813 0.953457 -0.290361 -0.115868 0.371004 0.24144 0.896695 0.225072 0 0 0 1 
39885980090060;0.466612;0.379005;0.959899 -0.279487 0.0219397 0.0402124 0.275164 0.924289 -0.264526 -0.356421 0.0536529 0.259956 0.964129 0.808831 0 0 0 1 
39885980090062;0.722072;0.619579;0.987945 -0.0163556 -0.153942 -0.0204149 0.0210572 0.999359 0.0289604 -0.04497 0.15337 -0.0318529 0.987655 -0.299702 0 0 0 1 
39885980090063;0.21414;0.0600205;0.998053 0.0395782 0.0482133 -0.00208969 -0.0172778 0.91809 -0.395994 0.184853 -0.0599369 0.39439 0.916986 -0.331068 0 0 0 1 
39885980090064;0.937509;0.522444;0.997782 0.0654685 0.0120091 -0.228167 -0.0619624 0.979504 -0.191658 0.186951 -0.0243105 0.190488 0.981388 -0.708397 0 0 0 1 
39885980090065;0.614008;0.338812;0.942491 0.113495 0.314373 -0.181207 -0.0197536 0.957852 -0.286582 0.229214 -0.333648 0.263891 0.905009 0.463914 0 0 0 1 
39885980090066;0.857809;0.0840639;0.998978 -0.00321558 0.045088 0.117745 0.00731043 0.995829 -0.090951 -0.380982 -0.0446075 0.0911876 0.994834 0.60932 0 0 0 1 
39885980090067;0.711929;0.653812;0.993295 0.00367625 -0.115545 0.0483678 -0.0189942 0.991101 -0.131753 0.079294 0.114032 0.133064 0.984526 -0.590595 0 0 0 1 
39885980090068;0.589386;0.123102;0.999994 -0.00231296 0.00261997 0.0338677 0.00229965 0.999984 0.00507225 0.0301856 -0.00263166 -0.00506619 0.999984 0.494205 0 0 0 1 
39885980090069;0.410197;0.160571;0.998854 0.00798946 -0.0471892 0.0795611 -0.00713862 0.999809 0.0181713 0.060024 0.0473254 -0.0178137 0.998721 -0.366894 0 0 0 1 
39885980090070;0.483885;0.180339;0.936984 0.0611696 0.343977 -0.0507693 -0.0735009 0.997032 0.0229115 0.188773 -0.341554 -0.0467503 0.938699 1.11855 0 0 0 1 
39885980090071;0.64931;0.572764;0.975717 -0.028634 -0.217156 0.0747389 -0.0450271 0.944023 -0.326792 0.217828 0.214358 0.328634 0.91981 -0.829939 0 0 0 1 
39885980090072;0.398606;0.360865;0.999192 -0.0186886 0.0355905 0.0242583 0.0105238 0.976094 0.217096 -0.0289338 -0.0387969 -0.216546 0.975501 0.377603 0 0 0 1 
39885980090073;0.928997;0.767478;0.957165 0.0515824 -0.284911 0.0112464 -0.0462437 0.998606 0.0254385 0.242781 0.285827 -0.0111735 0.958216 -0.442109 0 0 0 1 
39885980090074;0.42064;0.257313;0.912833 -0.0114249 0.408172 0.156812 0.0436617 0.996609 -0.0697494 -0.163967 -0.405991 0.081491 0.910236 1.04279 0 0 0 1 
39885980090075;0.428471;0.279663;0.949301 0.0268492 0.313219 0.014184 -0.0842452 0.981631 0.171184 0.212644 -0.302869 -0.188892 0.934125 1.17764 0 0 0 1 
39885980090076;0.878954;0.685241;0.993581 -0.0150314 0.112118 0.065264 0.0151764 0.999885 -0.000439881 -0.0529816 -0.112099 0.00213861 0.993695 0.695239 0 0 0 1 
39885980090077;0.395145;0.244718;0.979751 0.1975 -0.0328905 -0.244015 -0.200034 0.958471 -0.203271 0.512346 -0.00862131 0.205734 0.97857 -0.215258 0 0 0 1 
39885980090078;1.1758;0.232936;0.998345 -0.0519865 0.0246056 0.0364266 0.0531384 0.997397 -0.0487364 -0.226463 -0.0220079 0.0499633 0.998509 -0.975811 0 0 0 1 
39885980090079;1.02505;0.817429;0.964117 -0.0276486 -0.264034 -0.0547108 -0.0424722 0.965688 -0.25621 0.0528024 0.262058 0.25823 0.929862 -0.505422 0 0 0 1 
39885980090080;0.475546;0.0646696;0.999771 -0.0210703 -0.00385768 0.0736762 0.0209959 0.99961 -0.0184177 -0.106223 0.00424425 0.0183325 0.999823 -0.412901 0 0 0 1 
39885980090081;0.321616;0.0947633;0.945424 0.0149646 0.3255 0.124873 -0.0061074 0.999583 -0.028216 -0.00349065 -0.325787 0.0246881 0.945121 0.950783 0 0 0 1 
39885980090082;1.0641;0.462762;0.972982 0.0236985 0.22966 -0.272251 -0.0313393 0.999068 0.0296792 -0.0305119 -0.228742 -0.0360747 0.972818 -0.0218893 0 0 0 1 
39885980090083;0.893927;0.166067;0.950529 -0.0219853 0.309857 -0.126155 -0.0857191 0.940198 0.329665 -0.0814563 -0.298575 -0.339917 0.891801 0.780902 0 0 0 1 
39885980090084;0.543877;0.42412;0.99473 0.0421105 -0.0934839 0.0386074 -0.056057 0.986793 -0.151975 -0.280151 0.0858496 0.156414 0.983953 -0.323879 0 0 0 1 
39885980090085;0.738131;0.691481;0.882931 0.056062 0.466144 0.0492319 -0.0788598 0.996448 0.0295292 0.0721716 -0.462833 -0.0628323 0.884216 0.969567 0 0 0 1 
39885980090086;0.60161;0.0570339;0.999769 0.0200663 0.00767503 -0.00920316 -0.0203675 0.998935 0.0414087 0.0622549 -0.00683593 -0.0415555 0.999113 0.584659 0 0 0 1 
39885980090087;0.217577;0.116328;0.999605 0.00518164 -0.0276346 -0.0478764 -0.00453928 0.999719 0.023257 -0.0601253 0.0277473 -0.0231223 0.999348 -0.111766 0 0 0 1 
39885980090088;0.201974;0.127555;0.998934 -0.019409 0.0418886 -0.00880762 0.0283631 0.973917 -0.225124 -0.0507397 -0.0364266 0.226072 0.973429 -0.244936 0 0 0 1 
39885980090089;0.645809;0.322132;0.91288 -0.00422391 -0.408206 0.275667 0.0385001 0.99638 0.0757886 -0.219107 0.406409 -0.0849019 0.909738 -1.32994 0 0 0 1 
39885980090090;0.450371;0.325906;0.962134 0.0458625 0.268692 -0.0149284 -0.0617313 0.996794 0.0509069 0.0997526 -0.265496 -0.065566 0.96188 0.955587 0 0 0 1 
39885980090091;0.498519;0.195699;0.996821 0.0037832 -0.0795821 0.0549619 0.00409071 0.995124 0.0985455 -0.134137 0.0795668 -0.0985578 0.991945 0.301985 0 0 0 1 
39885980090093;0.227552;0.157939;0.981027 0.000918269 0.193871 -0.0997453 -0.0105416 0.998762 0.048612 0.159803 -0.193586 -0.0497333 0.979822 0.458568 0 0 0 1 
39885980090094;0.336698;0.31025;0.980695 -0.144111 0.132168 0.545341 0.148593 0.988591 -0.0246454 0.057927 -0.127108 0.0438088 0.990921 -0.131268 0 0 0 1 
39885980090095;0.148785;0.174467;0.987164 0.00343824 -0.15967 -0.0910686 -0.0124209 0.998393 -0.0552935 0.17318 0.159223 0.056567 0.985621 -0.170855 0 0 0 1 
39885980090096;0.662123;0.409362;0.973138 0.117668 -0.19788 -0.192436 -0.0578699 0.956943 0.284448 0.159399 0.22283 -0.265356 0.938047 0.1811 0 0 0 1 
39885980090097;0.657715;0.440906;0.967479 0.0499872 0.247962 -0.351612 -0.0700358 0.994892 0.0726977 -0.389045 -0.243061 -0.0876997 0.966038 0.339695 0 0 0 1 
39885980090098;0.630821;0.230077;0.999789 0.0201934 -0.00368185 -0.257973 -0.0203384 0.950347 -0.310527 -0.0552551 -0.00277156 0.310536 0.950558 -0.277496 0 0 0 1 
39885980090099;0.628543;0.344105;0.942413 -0.171493 0.287139 0.546544 0.177668 0.98408 0.00461795 0.682723 -0.283359 0.0466634 0.957878 0.543511 0 0 0 1 
39885980090100;0.425699;0.330944;0.955401 0.248902 0.158925 -1.24967 -0.221687 0.960032 -0.170862 0.677473 -0.195101 0.12801 0.972393 -0.54729 0 0 0 1 
39885980090101;0.696606;0.495747;0.999757 0.00223071 -0.0219189 -0.0671585 0.00220461 0.979739 0.200264 -0.0715853 0.0219216 -0.200264 0.979497 1.11716 0 0 0 1 
39885980090102;0.122477;0.0645395;0.999779 0.0208141 0.00284876 -0.153886 -0.0208479 0.999706 0.0123854 0.091982 -0.00259013 -0.0124421 0.999919 0.106341 0 0 0 1 
39885980090103;0.717527;0.0776217;0.909981 0.362965 0.200475 -2.02295 -0.346972 0.931268 -0.111133 0.321424 -0.227034 0.0315699 0.973375 0.247612 0 0 0 1 
39885980090104;0.685443;0.523814;0.974884 0.222278 0.0139012 -1.06427 -0.222665 0.974058 0.0403932 -0.327774 -0.00456209 -0.0424741 0.999087 -0.0549803 0 0 0 1 
39885980090105;0.47354;0.381277;0.980471 0.194909 0.0261987 -0.973655 -0.19547 0.980487 0.020887 -0.119118 -0.0216165 -0.0256002 0.999439 0.144792 0 0 0 1 
39885980090106;0.459683;0.171103;0.95432 0.157705 -0.253778 -0.535757 -0.130395 0.984031 0.12116 0.278053 0.268833 -0.0825344 0.959644 -0.437716 0 0 0 1 
39885980090107;0.891834;0.781944;0.971284 -0.223303 0.0821201 0.726627 0.222675 0.974747 0.0168504 -0.100447 -0.0838091 0.0019196 0.99648 0.116848 0 0 0 1 
39885980090108;0.424446;0.251179;0.895784 -0.161804 0.413992 0.387343 0.118504 0.984615 0.128411 0.21533 -0.4284 -0.0659687 0.901178 0.507517 0 0 0 1 
39885980090109;0.495711;0.194726;0.959822 0.280507 -0.00761298 -1.2911 -0.279853 0.958871 0.0474248 0.738062 0.0206029 -0.0433888 0.998846 0.354381 0 0 0 1 
39885980090110;0.968235;0.539896;0.892948 0.384246 0.234519 -1.72446 -0.426527 0.888765 0.167843 1.01917 -0.143939 -0.249904 0.957512 1.95068 0 0 0 1 
39885980090111;0.425117;0.101706;0.999034 0.038165 0.0217898 -0.281126 -0.0388066 0.998802 0.0298207 0.194263 -0.0206256 -0.0306375 0.999318 0.666617 0 0 0 1 
39885980090112;0.465914;0.466053;0.905251 0.421421 -0.0540839 -1.97352 -0.420495 0.87039 -0.256133 1.01848 -0.0608658 0.254607 0.965127 -0.896405 0 0 0 1 
39885980090113;0.34947;0.102388;0.993891 0.105701 0.0317469 -0.536955 -0.110034 0.926711 0.359303 0.528792 0.00855865 -0.360602 0.932681 1.52131 0 0 0 1 
39885980090114;0.0961654;0.0715887;0.996813 0.0636843 -0.0480516 -0.308003 -0.0631953 0.997933 0.0116285 0.136587 0.0486929 -0.00855481 0.998777 -0.106336 0 0 0 1 
39885980090115;0.726185;0.373165;0.984113 -0.0919492 -0.151875 0.0659844 0.0869034 0.995431 -0.0395476 0.336016 0.154818 0.0257208 0.987608 0.727276 0 0 0 1 
39885980090116;0.788969;0.519159;0.959355 -0.280737 -0.0287237 0.98843 0.277631 0.957158 -0.0822746 0.518815 0.0505907 0.070956 0.996196 0.515352 0 0 0 1 
39885980090117;0.478045;0.191705;0.995967 0.0354867 0.0824009 -0.253841 -0.0371994 0.999121 0.0193425 0.147625 -0.081642 -0.0223297 0.996412 0.737955 0 0 0 1 
39885980090118;0.326438;0.345509;0.994879 -0.0988292 0.0211613 0.323906 0.0982872 0.994837 0.0252849 0.239863 -0.0235509 -0.0230755 0.999456 0.30137 0 0 0 1 
39885980090119;0.735474;0.317149;0.979615 -0.123622 0.158341 0.433485 0.129174 0.991301 -0.0252217 -0.00805758 -0.153846 0.045161 0.987062 0.792995 0 0 0 1 
39885980090120;0.723848;0.125596;0.992477 -0.017096 0.121228 -0.0958222 0.0274503 0.996065 -0.0842634 0.589881 -0.11931 0.0869573 0.989042 0.540731 0 0 0 1 
39885980090121;0.394688;0.286586;0.99861 0.048875 -0.0197216 -0.262495 -0.0511131 0.989353 -0.136268 -0.120128 0.0128516 0.137087 0.990476 -0.203459 0 0 0 1 
39885980090122;0.722168;0.294319;0.984345 0.171132 0.0421772 -0.863565 -0.17005 0.985036 -0.0280498 0.287473 -0.0463463 0.0204384 0.998716 0.885798 0 0 0 1 
39885980090124;0.340489;0.0081723;0.995958 0.0893601 0.00903017 0.261297 -0.0893599 0.995999 -0.000423836 -0.62442 -0.00903192 -0.000384812 0.999959 -0.381675 0 0 0 1 
39885980090125;0.370091;0.0132185;0.916346 0.0017523 0.400384 -0.450703 -0.0360555 0.996289 0.0781586 -0.231092 -0.398761 -0.0860564 0.913008 -0.964654 0 0 0 1 
39885980090126;0.34208;0.020964;0.891682 0.233878 0.387562 0.530945 -0.248481 0.968552 -0.0127893 -0.515138 -0.378365 -0.0848978 0.921755 -0.617753 0 0 0 1 
39885980090127;0.0863411;0.0466222;0.995642 -0.0292767 -0.0885439 -0.111539 0.0341872 0.997931 0.0544601 0.0317582 0.0867663 -0.0572498 0.994582 -0.0140779 0 0 0 1 
39885980090128;0.358883;0.0171343;0.975095 0.156688 0.156966 0.64368 -0.162992 0.986229 0.0280475 0.0201848 -0.15041 -0.0529331 0.987206 0.223908 0 0 0 1 
39885980090129;0.382249;0.0894247;0.953168 0.302441 -4.82103e-05 1.16686 -0.30244 0.953166 -0.00214389 -0.666071 -0.000602447 0.00205807 0.999998 -0.0110114 0 0 0 1 
39885980090130;0.323168;0.0466925;0.977717 0.162926 -0.132383 0.803697 -0.178552 0.97704 -0.116239 -0.0620906 0.110405 0.137286 0.984359 0.326932 0 0 0 1 
39885980090131;0.505537;0.0827018;0.99848 -0.0533864 -0.0136702 -0.584788 0.0525356 0.997022 -0.0564499 -0.651188 0.0166432 0.0556459 0.998312 -0.214237 0 0 0 1 
39885980090132;0.44134;0.313167;0.9981 -0.039436 -0.0473369 -0.288804 0.0341017 0.993496 -0.108637 0.142613 0.0513132 0.106816 0.992954 0.81781 0 0 0 1 
39885980090133;0.275576;0.0983239;0.999551 -0.0288962 -0.00798147 -0.416827 0.0289425 0.999565 0.00574342 -0.114623 0.00781203 -0.00597185 0.999952 -0.160687 0 0 0 1 
39885980090134;0.264805;0.0688401;0.989231 -0.0874182 0.117392 -0.335726 0.114213 0.962616 -0.245613 0.0535335 -0.0915327 0.256375 0.962234 0.964382 0 0 0 1 
39885980090135;0.321182;0.0735085;0.983252 0.179936 0.028959 0.357991 -0.174839 0.976133 -0.128822 -0.187224 -0.0514475 0.121601 0.991245 0.68379 0 0 0 1 
39885980090136;0.536598;0.0372137;0.992483 0.0464461 -0.11323 -0.201755 -0.0615211 0.989136 -0.133507 0.122538 0.105799 0.13947 0.984558 1.51697 0 0 0 1 
39885980090137;0.239766;0.037242;0.999475 0.0109449 0.0305095 -0.133357 -0.0124288 0.998727 0.0488817 0.0963897 -0.0299357 -0.0492352 0.998338 -0.619858 0 0 0 1 
39885980090138;0.366462;0.0644908;0.949911 -0.293829 -0.10646 -1.09086 0.285359 0.954381 -0.0879056 0.25403 0.127432 0.0531232 0.990424 0.125885 0 0 0 1 
39885980090139;0.522118;0.125684;0.990583 0.133158 0.0318457 0.000281326 -0.135129 0.988288 0.0709062 -0.658018 -0.022031 -0.0745417 0.996975 0.167375 0 0 0 1 
39885980090140;0.328612;0.0134813;0.977754 -0.024453 -0.208323 -0.0963884 0.0080303 0.996817 -0.0793166 0.0218847 0.2096 0.0758792 0.974839 1.08389 0 0 0 1 
39885980090141;0.0802768;0.0203473;0.999238 -0.0070164 0.0383881 -0.101034 0.00521059 0.998884 0.0469402 -0.0579095 -0.0386746 -0.0467045 0.99816 -0.141569 0 0 0 1 
39885980090142;0.374391;0.0831965;0.946343 0.20933 -0.246203 0.899953 -0.136562 0.949525 0.282406 -0.538767 0.292892 -0.233631 0.927163 -0.633616 0 0 0 1 
39885980090143;0.228673;0.0943025;0.993428 0.103303 -0.0492895 0.379862 -0.103637 0.994606 -0.0042635 -0.0494104 0.0485833 0.0093437 0.998775 -0.145205 0 0 0 1 
39885980090144;0.446317;0.0830779;0.942959 0.332741 0.0106001 1.20427 -0.332896 0.942727 0.0211351 -0.736519 -0.00296045 -0.0234583 0.99972 0.246624 0 0 0 1 
39885980090145;0.0431272;0.0289611;0.99979 -0.00593582 0.0196109 -0.084331 0.00537936 0.999585 0.0283069 0.029833 -0.0197707 -0.0281955 0.999407 -0.128393 0 0 0 1 
39885980090146;0.329175;0.0570355;0.99446 -0.0979382 -0.0381767 -0.26846 0.0967161 0.994776 -0.032646 0.420887 0.0411746 0.0287728 0.998738 0.637894 0 0 0 1 
39885980090147;0.155218;0.0247872;0.999256 0.0350142 0.0161472 0.00455859 -0.0358215 0.997965 0.0527583 -0.0756677 -0.0142671 -0.0532974 0.998477 0.0370103 0 0 0 1 
39885980090148;0.427209;0.0179749;0.989124 0.126125 0.0756721 0.25634 -0.104322 0.964262 -0.24355 -0.428663 -0.103685 0.233007 0.966932 1.48969 0 0 0 1 
39885980090149;0.211483;0.0272598;0.986816 -0.100785 0.126639 -0.5538 0.100265 0.994905 0.0104853 0.161716 -0.12705 0.00235039 0.991893 0.0856198 0 0 0 1 
39885980090150;0.560906;0.0732086;0.935183 0.166963 -0.31234 0.962781 -0.195402 0.978771 -0.0618511 0.408424 0.295383 0.118874 0.947955 0.289325 0 0 0 1 
39885980090151;0.283425;0.0593288;0.959398 0.241688 0.145404 0.768667 -0.19494 0.940754 -0.277455 -0.367425 -0.203846 0.237844 0.949672 0.635234 0 0 0 1 
39885980090152;0.461176;0.0751619;0.924533 -0.358516 0.129251 -1.51853 0.352494 0.93337 0.0675891 0.216351 -0.144871 -0.0169282 0.989306 -0.394773 0 0 0 1 
39885980090153;0.364593;0.0521996;0.993273 0.103601 0.0517177 0.102114 -0.107297 0.991416 0.0747102 -0.579068 -0.0435337 -0.0797568 0.995863 -0.742137 0 0 0 1 
39885980090155;0.220386;0.739341;0.996691 -0.0794268 0.0172477 -0.325856 0.0792461 0.996795 0.0109217 0.314627 -0.0180599 -0.00951877 0.999792 0.0987008 0 0 0 1 
39885980090156;0.547565;1.00241;0.9543 -0.102173 0.28084 -0.0485487 0.0571524 0.984791 0.164075 0.50076 -0.293333 -0.140526 0.945626 1.40167 0 0 0 1 
39885980090157;0.178395;0.391244;0.999748 0.0178935 0.0135862 -0.163323 -0.0177037 0.999746 -0.0139665 0.267391 -0.0138327 0.0137224 0.99981 -0.0744008 0 0 0 1 
39885980090158;0.913519;0.929493;0.911905 0.00980961 0.410284 0.453542 -0.0620751 0.991509 0.114263 0.966561 -0.40568 -0.129665 0.904771 2.02783 0 0 0 1 
39885980090159;0.31181;0.322924;0.9996 0.012412 -0.0254272 -0.229143 -0.0217786 0.911208 -0.41137 0.34469 0.0180636 0.411759 0.911114 -0.17057 0 0 0 1 
39885980090160;0.529179;1.08481;0.995608 0.0923433 -0.0153908 -0.424753 -0.0919267 0.995429 0.0258791 1.35575 0.0177102 -0.0243506 0.999547 0.46638 0 0 0 1 
39885980090161;0.588623;0.990924;0.97847 -0.120597 0.16749 -0.219958 0.0974052 0.985292 0.140398 0.599849 -0.181958 -0.12106 0.975826 1.15561 0 0 0 1 
39885980090162;0.825722;0.686378;0.96513 -0.259478 -0.0345605 0.00467595 0.259005 0.965716 -0.0175864 -0.215903 0.037939 0.00802185 0.999248 -0.833611 0 0 0 1 
39885980090163;0.504725;0.426528;0.999993 0.00346207 0.00105738 -0.161536 -0.00349747 0.999362 0.0355463 0.519948 -0.000933637 -0.0355498 0.999367 0.0581874 0 0 0 1 
39885980090164;0.244441;0.397827;0.996679 0.0187794 -0.0792358 -0.313864 -0.00761958 0.990283 0.138859 0.146936 0.0810735 -0.137794 0.987137 -0.410409 0 0 0 1 
39885980090165;0.707584;0.454809;0.999008 0.0408829 0.0176737 -0.595029 -0.0409333 0.999159 0.0024971 0.553949 -0.0175568 -0.00321806 0.999841 -0.608166 0 0 0 1 
39885980090166;0.507941;0.862189;0.982504 0.117841 0.144221 -0.384893 -0.102424 0.988636 -0.11004 1.43997 -0.155549 0.0933426 0.983408 0.746938 0 0 0 1 
39885980090167;0.79424;1.00474;0.983458 -0.17262 -0.0548892 -0.305483 0.168349 0.98289 -0.0747382 0.520603 0.0668514 0.0642613 0.995691 0.487755 0 0 0 1 
39885980090168;0.994365;0.707328;0.99617 0.082096 -0.0300956 0.316304 -0.0841347 0.993683 -0.0742656 1.31084 0.0238086 0.0765132 0.996784 0.646036 0 0 0 1 
39885980090169;0.602224;0.561008;0.967812 0.195688 -0.15826 -0.297217 -0.208075 0.975901 -0.0657485 1.7262 0.14158 0.0965621 0.985206 -0.683808 0 0 0 1 
39885980090170;0.878287;1.14934;0.978711 -0.100455 -0.17898 -0.383906 0.135613 0.971072 0.19654 0.476692 0.154059 -0.216628 0.964022 0.4145 0 0 0 1 
39885980090171;0.174618;0.287826;0.992984 0.0350003 -0.112948 -0.15843 -0.0333313 0.999306 0.0166325 0.363303 0.113452 -0.0127511 0.993462 -0.43788 0 0 0 1 
39885980090172;0.809772;0.554152;0.996993 0.0770501 -0.00820682 -0.544311 -0.0770363 0.997026 0.00199138 0.963461 0.00833585 -0.00135317 0.999964 0.70553 0 0 0 1 
39885980090173;0.12527;0.646482;0.9995 -0.00853527 -0.0304423 -0.458769 0.00543453 0.99492 -0.100522 0.504267 0.0311456 0.100306 0.994469 -0.13492 0 0 0 1 
39885980090174;1.08358;0.919384;0.955563 0.0779157 0.284303 -0.244727 -0.092927 0.994882 0.0396785 1.3488 -0.279756 -0.0643347 0.957913 1.8522 0 0 0 1 
39885980090175;0.382051;0.379131;0.999678 0.0249786 0.00443242 -0.371905 -0.0250037 0.999671 0.00572079 0.26081 -0.00428807 -0.00582977 0.999974 0.418639 0 0 0 1 
39885980090176;1.01834;1.30582;0.945063 -0.12396 0.302473 -0.509448 0.131881 0.991248 -0.00582006 0.306036 -0.299104 0.0453907 0.95314 1.44589 0 0 0 1 
39885980090177;0.304463;0.438939;0.998279 -0.0338513 0.0478961 -0.205514 0.0331197 0.999324 0.015987 0.100337 -0.0484049 -0.0143731 0.998724 -0.0563746 0 0 0 1 
39885980090178;0.543046;1.08248;0.993008 0.061106 0.100998 -0.710884 -0.0565004 0.997255 -0.0478516 1.09267 -0.103644 0.0418106 0.993735 0.722972 0 0 0 1 
39885980090179;0.361753;0.842416;0.986209 0.0826515 -0.143387 -0.421076 -0.0870116 0.995908 -0.0243977 1.05486 0.140784 0.0365375 0.989366 -0.122003 0 0 0 1 
39885980090180;0.25283;1.06379;0.996108 -0.0761708 -0.0443535 -0.405619 0.0771971 0.996775 0.0219019 0.764232 0.0425422 -0.0252406 0.998776 0.0558594 0 0 0 1 
39885980090181;0.881259;1.14187;0.982278 0.00305647 -0.187406 0.0323969 0.0172143 0.99417 0.106442 0.45788 0.186639 -0.107781 0.976498 -0.0344939 0 0 0 1 
39885980090182;0.669254;0.821789;0.994944 0.100085 0.00830332 -0.137067 -0.100272 0.994609 0.0264443 0.828352 -0.00561187 -0.0271432 0.999616 -0.553518 0 0 0 1 
39885980090183;0.198594;1.18328;0.961826 0.105801 0.252381 -0.220178 -0.111303 0.993758 0.00758308 1.5388 -0.250004 -0.0353845 0.967598 0.911274 0 0 0 1 
39885980090184;0.838159;0.374172;0.998943 0.0451084 -0.00882441 -0.166892 -0.0454421 0.940404 -0.337008 0.591787 -0.0069034 0.337053 0.94146 -0.75945 0 0 0 1 
39885980090186;1.03403;0.467246;0.98946 0.140812 0.0337718 0.0497842 -0.139766 0.989682 -0.0315511 -0.23701 -0.0378661 0.0264984 0.998931 -0.60179 0 0 0 1 
39885980090187;0.391456;0.155145;0.99868 0.0120474 0.0499381 -0.122984 -0.0162621 0.996259 0.0848699 -0.14396 -0.0487288 -0.08557 0.99514 -0.118381 0 0 0 1 
39885980090188;0.19321;0.28563;0.995052 -0.0320721 -0.0940394 -0.039027 0.0228038 0.994923 -0.0980251 -0.289461 0.0967058 0.0953956 0.990731 -0.545137 0 0 0 1 
39885980090189;0.694654;0.310497;0.964354 -0.170232 0.202588 0.0963324 0.155411 0.984006 0.0870613 -0.717669 -0.214169 -0.0524734 0.975386 1.19679 0 0 0 1 
39885980090190;0.710931;0.413535;0.996458 -0.0628298 -0.0558909 -0.115097 0.0744546 0.968139 0.239089 -0.45203 0.0390882 -0.242403 0.969388 0.721292 0 0 0 1 
39885980090191;0.303973;0.35905;0.997761 0.061255 0.0268453 -0.297909 -0.0614529 0.998088 0.0066071 -0.00985943 -0.0263893 -0.00824203 0.999618 -0.0946874 0 0 0 1 
39885980090192;0.937341;0.315385;0.999803 -0.00410344 0.0194121 -0.0460013 0.0039961 0.999977 0.0055649 -0.659407 -0.0194344 -0.00548623 0.999796 0.790793 0 0 0 1 
39885980090193;0.0973903;0.223086;0.999899 0.00772629 0.0119671 -0.116496 -0.00787563 0.999891 0.0124833 -0.0815155 -0.0118693 -0.0125763 0.99985 0.0641919 0 0 0 1 
39885980090194;0.330993;0.196483;0.997032 -0.0727049 0.0253131 0.0123476 0.0736245 0.99658 -0.0375188 -0.627349 -0.0224987 0.0392711 0.998975 0.135351 0 0 0 1 
39885980090195;0.913121;0.225474;0.998984 0.045019 -0.00216825 -0.0897509 -0.0450688 0.997281 -0.0583044 0.217606 -0.000462452 0.0583429 0.998296 -0.861424 0 0 0 1 
39885980090196;0.843835;0.328804;0.993623 0.0811751 0.0782587 -0.16692 -0.0839916 0.995907 0.0333919 0.0656521 -0.0752278 -0.039752 0.996374 -0.486352 0 0 0 1 
39885980090197;0.709255;0.299967;0.99907 0.026517 0.0339911 -0.181341 -0.031131 0.989185 0.143329 -0.286771 -0.0298229 -0.144254 0.989091 -0.418443 0 0 0 1 
39885980090198;1.04503;0.615194;0.998849 -0.023587 -0.041771 -0.0844256 0.0190152 0.994115 -0.10665 -0.161248 0.0440408 0.105733 0.993419 0.65433 0 0 0 1 
39885980090199;0.0833687;0.21015;0.99878 -0.0139196 0.0473715 -0.0729314 0.0134797 0.999863 0.0095948 -0.254329 -0.0474986 -0.00894454 0.998831 0.139168 0 0 0 1 
39885980090200;1.06244;0.62148;0.999883 -0.00310238 -0.0149811 -0.0684822 0.0028669 0.999872 -0.0157146 -0.00546881 0.0150279 0.0156698 0.999764 0.765178 0 0 0 1 
39885980090201;0.454509;0.402419;0.972045 -0.109087 -0.207914 -0.0975411 0.101186 0.993694 -0.0482982 -0.353469 0.211872 0.0259099 0.976954 -0.425776 0 0 0 1 
39885980090202;0.602175;0.338702;0.922678 0.0744395 -0.378318 -0.221637 -0.0446505 0.995214 0.0869247 0.0923038 0.382978 -0.0633114 0.921585 -0.916199 0 0 0 1 
39885980090203;0.367742;0.293901;0.912719 -0.0107953 0.408445 0.142498 -0.0590899 0.985654 0.158094 0.10502 -0.404293 -0.168431 0.898988 1.55507 0 0 0 1 
39885980090204;1.06319;0.339168;0.972559 0.079453 0.21867 0.00987441 -0.0592187 0.993463 -0.0975901 -0.102726 -0.224994 0.0819628 0.970907 1.632 0 0 0 1 
39885980090205;0.675409;0.220944;0.993359 0.115041 -0.00166061 -0.63923 -0.114881 0.990988 -0.0688854 -0.0758964 -0.006279 0.0686188 0.997623 -0.2798 0 0 0 1 
39885980090206;0.947378;0.366969;0.995291 0.0516603 0.0820165 -0.339038 -0.0582819 0.995049 0.080508 -0.356185 -0.0774513 -0.084909 0.993374 1.1545 0 0 0 1 
39885980090207;0.975527;0.323303;0.998109 -0.0467805 -0.0398688 -0.07889 0.0476513 0.99864 0.0211766 -0.149716 0.0388239 -0.0230363 0.99898 -0.944652 0 0 0 1 
39885980090208;0.357335;0.358228;0.965446 0.123336 0.229568 -0.224209 -0.105495 0.990476 -0.0884799 0.180207 -0.238294 0.0612044 0.969263 0.482893 0 0 0 1 
39885980090209;0.567849;0.302986;0.99098 0.133465 0.0120337 -0.66904 -0.133609 0.990961 0.0120643 0.0340218 -0.0103148 -0.0135633 0.999855 0.16528 0 0 0 1 
39885980090210;0.29383;0.289016;0.975579 0.0252093 0.218196 -0.0160214 -0.0432511 0.995991 0.0783087 -0.0793049 -0.215347 -0.0858335 0.972758 0.998 0 0 0 1 
39885980090211;0.573799;0.437648;0.996186 0.0731274 0.0476112 -0.473234 -0.0475666 0.912505 -0.406291 -0.0728049 -0.0731565 0.402477 0.912502 0.0374032 0 0 0 1 
39885980090212;0.324919;0.446233;0.99199 0.120895 -0.0366065 -0.249273 -0.117128 0.988868 0.0917664 0.0266332 0.0472931 -0.0867437 0.995107 0.18677 0 0 0 1 
39885980090213;0.920265;0.294375;0.992191 -0.0569511 -0.110967 -0.00795178 0.0654544 0.995066 0.0745548 -0.640657 0.106174 -0.0812359 0.991024 0.505978 0 0 0 1 
39885980090214;0.527822;0.545262;0.978586 0.197366 0.0584477 -0.297968 -0.198414 0.980037 0.012639 0.4661 -0.0547864 -0.0239652 0.99821 0.520155 0 0 0 1 
39885980090215;0.58213;0.522353;0.973809 -0.209604 0.0881073 0.0195952 0.212145 0.977025 -0.0204335 -1.02302 -0.0818 0.0385898 0.995901 0.259109 0 0 0 1 
39885980090217;1.03417;1.1427;0.99066 0.134311 -0.0235149 0.206904 -0.135438 0.989218 -0.0557184 0.662845 0.0157778 0.0583828 0.99817 -0.56952 0 0 0 1 
39885980090218;0.202378;0.968991;0.971104 0.23634 -0.0331758 0.137787 -0.236086 0.971665 0.0114282 1.32195 0.0349367 -0.00326568 0.999384 -0.198483 0 0 0 1 
39885980090219;0.470141;1.59793;0.984701 0.133267 0.112265 0.176345 -0.138995 0.989279 0.0448079 1.43713 -0.10509 -0.0597266 0.992668 0.396438 0 0 0 1 
39885980090220;1.3181;0.548985;0.978473 -0.0853518 -0.187896 -0.0514659 0.0684489 0.993151 -0.0946892 0.670857 0.194691 0.0797895 0.977614 -0.420819 0 0 0 1 
39885980090221;1.15923;1.12671;0.940783 0.05655 0.334259 -0.21679 0.00514649 0.983493 -0.180873 0.308699 -0.338969 0.171882 0.924963 0.726203 0 0 0 1 
39885980090222;0.407338;0.927767;0.965417 0.138592 0.220824 0.15578 -0.158716 0.98439 0.0760689 1.05872 -0.206834 -0.108486 0.972343 0.862015 0 0 0 1 
39885980090223;0.517255;0.475562;0.980992 0.00752411 0.193902 0.0075469 -0.0252224 0.995715 0.0889684 0.246113 -0.192401 -0.092168 0.976978 0.805139 0 0 0 1 
39885980090224;1.08029;1.01817;0.992126 -0.0244122 0.122841 -0.110295 0.0125266 0.995243 0.096613 0.0477785 -0.124615 -0.0943135 0.987713 0.526763 0 0 0 1 
39885980090225;0.715361;0.492812;0.995314 -0.0602758 -0.0756157 0.0895363 0.0385122 0.964356 -0.261792 0.186613 0.0887001 0.257653 0.962158 0.138127 0 0 0 1 
39885980090226;0.549209;0.479253;0.955492 -0.010038 0.294847 0.0512967 -0.0205275 0.994737 0.100388 0.0937863 -0.294303 -0.101972 0.950257 1.00167 0 0 0 1 
39885980090227;1.15995;1.26274;0.916254 0.400595 -0.00154565 0.995494 -0.400086 0.915272 0.0469832 2.0701 0.0202359 -0.0424302 0.998894 -0.509264 0 0 0 1 
39885980090228;0.215505;0.429307;0.998433 0.0266065 0.0492266 0.0348261 -0.0255978 0.999452 -0.0210088 0.380439 -0.0497586 0.0197158 0.998567 -0.0313629 0 0 0 1 
39885980090229;0.121617;1.16066;0.973196 0.229927 0.00480201 0.266573 -0.22989 0.972044 0.0477671 1.44429 0.00631517 -0.0475907 0.998847 -0.0464612 0 0 0 1 
39885980090230;1.03093;1.41243;0.987731 0.156144 -0.0024693 0.447173 -0.156147 0.987734 -0.0007546 0.96984 0.00232119 0.00113092 0.999997 0.500367 0 0 0 1 
39885980090231;0.888653;0.762368;0.993273 0.00950626 0.115401 -0.0291768 -0.0237654 0.992144 0.122823 0.168516 -0.113327 -0.124739 0.985696 0.522315 0 0 0 1 
39885980090232;0.59802;1.53226;0.938539 0.21894 -0.266852 0.582762 -0.289387 0.920495 -0.262571 1.70759 0.188149 0.323657 0.927279 -0.443946 0 0 0 1 
39885980090233;0.0427632;1.16392;0.950205 0.311591 -0.00456583 0.283121 -0.311612 0.950198 -0.0046546 1.78385 0.00288811 0.00584559 0.999979 -0.0330078 0 0 0 1 
39885980090234;0.404716;0.286081;0.987897 0.0752927 -0.135613 0.0645103 -0.0157613 0.91849 0.395131 0.198631 0.15431 -0.388211 0.90856 -0.445144 0 0 0 1 
39885980090235;0.881271;1.21884;0.986152 0.106552 -0.127085 0.71685 -0.127933 0.976382 -0.174103 1.40102 0.105533 0.187951 0.976492 -0.630306 0 0 0 1 
39885980090236;1.0378;1.35625;0.933993 0.357155 -0.00985331 0.339788 -0.357202 0.934021 -0.00342306 2.03351 0.00798064 0.00671673 0.999946 -0.856403 0 0 0 1 
39885980090237;0.452033;0.407731;0.977173 0.0551754 -0.205155 0.137181 0.00757593 0.956021 0.293201 0.225773 0.21231 -0.288063 0.93378 -0.77721 0 0 0 1 
39885980090238;0.922552;0.431599;0.946864 0.061653 -0.315671 0.304506 -0.128347 0.972355 -0.195072 1.14054 0.294918 0.225222 0.9286 -0.371024 0 0 0 1 
39885980090239;0.393854;0.378584;0.995591 -0.0330467 -0.087791 0.0546419 0.00807054 0.962596 -0.270821 0.120931 0.093457 0.268918 0.958618 -0.270264 0 0 0 1 
39885980090240;0.68439;1.13349;0.958797 0.283814 -0.0125878 0.267186 -0.283792 0.954806 -0.0883586 2.11255 -0.0130584 0.0882903 0.996009 -0.281637 0 0 0 1 
39885980090241;0.655728;0.483314;0.95859 -0.0109144 0.28458 0.0970235 0.0843928 0.965269 -0.247252 0.35776 -0.271998 0.26103 0.926219 0.319154 0 0 0 1 
39885980090242;0.353633;0.46573;0.912026 0.119401 0.392366 0.293422 -0.0102661 0.963031 -0.269197 0.464242 -0.410003 0.241486 0.879535 1.15812 0 0 0 1 
39885980090243;1.27115;0.849387;0.997671 -0.0586593 0.0347989 0.229244 0.0579882 0.998117 0.0199906 0.490551 -0.035906 -0.0179261 0.999194 0.848556 0 0 0 1 
39885980090244;0.554019;1.1516;0.984618 -0.133003 0.113303 0.301656 0.106028 0.970268 0.217573 0.309674 -0.138872 -0.202213 0.969445 0.307449 0 0 0 1 
39885980090245;0.651828;0.712566;0.99217 0.107353 -0.0638354 -0.00488098 -0.109899 0.993223 -0.0378055 1.01056 0.0593443 0.044525 0.997244 0.251702 0 0 0 1 
39885980090246;0.546588;1.15209;0.994734 0.035555 -0.0961214 0.323613 -0.0250824 0.99383 0.108043 0.767164 0.0993698 -0.105063 0.989488 -0.554405 0 0 0 1 
39885980090248;0.37448;0.176001;0.950318 -0.241826 0.196001 -0.123505 0.232919 0.970141 0.0676435 0.20212 -0.206506 -0.0186304 0.978268 0.0337241 0 0 0 1 
39885980090249;0.482365;0.123161;0.964936 -0.260378 -0.0331904 -0.087865 0.260599 0.965444 0.00246777 -0.0278265 0.0314009 -0.0110306 0.999446 -0.317898 0 0 0 1 
39885980090250;0.869457;0.077238;0.941696 0.0370825 0.334415 -0.0527797 -0.100255 0.979686 0.173679 -0.697647 -0.321181 -0.19708 0.926284 0.330601 0 0 0 1 
39885980090251;0.521745;0.264601;0.998393 -0.0112963 -0.0555275 0.11715 0.0106126 0.999864 -0.0125926 -0.153469 0.0556623 0.0119831 0.998378 0.313505 0 0 0 1 
39885980090252;1.01023;0.0837746;0.99544 0.0946245 0.0120586 0.318808 -0.0946217 0.963493 0.250454 -0.149251 0.0120807 -0.250453 0.968053 -0.939047 0 0 0 1 
39885980090253;0.430197;0.166591;0.976334 0.147896 -0.157793 0.184903 -0.105599 0.962738 0.248967 0.264398 0.188734 -0.226412 0.955572 -0.0898669 0 0 0 1 
39885980090254;0.437029;0.110543;0.99619 -0.0809152 0.0325281 -0.000928741 0.0821788 0.995831 -0.03959 0.145126 -0.0291891 0.0421123 0.998686 0.396702 0 0 0 1 
39885980090255;0.581357;0.0791251;0.997905 0.040197 0.0506995 0.1381 -0.0425247 0.99805 0.0456991 -0.278593 -0.0487637 -0.0477594 0.997668 0.412558 0 0 0 1 
39885980090256;0.383432;0.228019;0.953056 -0.298441 0.0511608 -0.081048 0.300801 0.952525 -0.0470534 0.276992 -0.0346893 0.0602338 0.997581 0.0135163 0 0 0 1 
39885980090257;0.931685;0.149287;0.988317 0.14135 -0.0570089 -0.0742345 -0.145035 0.987175 -0.0667063 0.102272 0.0468488 0.0741952 0.996143 -0.845631 0 0 0 1 
39885980090258;0.517582;0.0755883;0.984499 -0.104685 -0.140725 -0.254855 0.108963 0.993779 0.0230219 0.151205 0.137439 -0.0379988 0.989781 0.426244 0 0 0 1 
