#;prob_registration_l1 -r /home/probabilistic_point_clouds_registration/build/tester /home/point_clouds_registration_benchmark//devel/registration_pairs/pioneer_slam_local.txt /home/point_clouds_registration_benchmark//tum/pioneer_slam -s 0.1 -t 0.1 -p 0.3 -r 1000 -m 5 -i 40 
id;initial_error;final_error;transformation
1807261650000;0.252801;0.189578;0.996056 0.00750754 0.0884088 -0.16213 -0.00409825 0.999243 -0.0386813 0.017014 -0.0886323 0.0381664 0.995333 0.202606 0 0 0 1 
1807261650001;0.370505;0.13697;0.976251 0.0839043 0.199734 -0.00446221 -0.122151 0.974615 0.187629 0.305755 -0.178921 -0.207571 0.961718 0.890193 0 0 0 1 
1807261650002;0.611698;0.217907;0.999973 0.00683365 0.00259397 0.0950205 -0.00675802 0.999582 -0.0281249 -0.631038 -0.00278508 0.0281066 0.999601 0.585018 0 0 0 1 
1807261650003;0.65444;0.329221;0.970077 0.235871 -0.0575815 0.233536 -0.231274 0.969869 0.0765931 0.702792 0.0739126 -0.0609841 0.995398 -0.992342 0 0 0 1 
1807261650004;0.70178;0.382987;0.935412 0.295423 0.19424 0.00854098 -0.2698 0.951497 -0.147858 0.865666 -0.2285 0.0859019 0.969747 1.39836 0 0 0 1 
1807261650005;0.564667;0.186953;0.995806 -0.0905101 0.0133232 0.00323134 0.0905059 0.995895 0.000920966 0.0382269 -0.0133519 0.000288723 0.999911 0.779233 0 0 0 1 
1807261650006;0.456118;0.131148;0.997381 -0.0250446 -0.0678545 -0.210819 0.0149689 0.989301 -0.145119 0.330536 0.0707629 0.143723 0.987085 -0.68016 0 0 0 1 
1807261650007;0.0911852;0.0428905;0.997792 0.0148225 0.0647448 -0.124444 -0.0155865 0.999815 0.0113121 0.0578172 -0.0645651 -0.0122962 0.997838 0.263314 0 0 0 1 
1807261650008;0.628711;0.343074;0.958442 -0.0309942 0.283599 0.439294 -0.00587752 0.991725 0.128248 -0.219158 -0.285227 -0.124585 0.950328 0.727849 0 0 0 1 
1807261650009;0.268333;0.274868;0.98848 -0.151237 -0.00584945 0.0571958 0.151214 0.988492 -0.00427541 -0.286005 0.00642873 0.00334164 0.999974 -0.104248 0 0 0 1 
1807261650010;0.71038;0.248466;0.958105 0.285933 0.0166654 0.10196 -0.285971 0.958238 -8.53758e-05 0.827055 -0.0159938 -0.00468402 0.999861 -0.830846 0 0 0 1 
1807261650011;0.818748;0.264457;0.928114 0.372286 -0.00291439 0.0386292 -0.372296 0.928102 -0.00475948 1.30279 0.000932961 0.00550236 0.999984 -0.869312 0 0 0 1 
1807261650012;0.646177;0.054859;0.99995 -0.00603485 0.00802826 0.148676 0.00639453 0.998941 -0.0455573 -0.647625 -0.00774483 0.0456063 0.998929 -0.689995 0 0 0 1 
1807261650013;0.5425;0.10385;0.989807 0.0260872 -0.140004 0.0822707 -0.0328999 0.998373 -0.0465682 -0.0613984 0.138562 0.0506996 0.989055 -1.17949 0 0 0 1 
1807261650014;0.402811;0.146877;0.953465 0.153891 -0.259273 0.385856 -0.12606 0.984634 0.120848 0.303672 0.273887 -0.0825402 0.958214 -1.36281 0 0 0 1 
1807261650015;0.62098;0.138056;0.913966 -0.352499 0.201024 0.32156 0.349804 0.935488 0.0499934 -0.840205 -0.205678 0.0246269 0.97831 1.31399 0 0 0 1 
1807261650016;0.314215;0.205636;0.995737 0.0789081 -0.0477686 -0.0571122 -0.0768917 0.996126 0.0426742 0.319517 0.0509509 -0.0388192 0.997946 0.0200989 0 0 0 1 
1807261650017;0.544853;0.186704;0.952541 0.0973237 -0.288433 0.202718 -0.19332 0.925318 -0.326213 0.744004 0.235144 0.366491 0.900218 -1.08425 0 0 0 1 
1807261650018;0.870541;0.465452;0.93024 0.342752 0.131051 0.0518945 -0.337232 0.939317 -0.0629178 1.16525 -0.144663 0.0143342 0.989377 1.20692 0 0 0 1 
1807261650019;0.408282;0.246379;0.981556 0.191087 -0.00579591 -0.302174 -0.191103 0.981567 -0.0023872 0.319206 0.00523291 0.00345078 0.99998 0.306653 0 0 0 1 
1807261650020;0.378251;0.168664;0.966312 -0.00104708 -0.25737 0.0468251 -0.0914609 0.933323 -0.347193 0.253451 0.240573 0.359036 0.901786 -0.907522 0 0 0 1 
1807261650021;0.0584465;0.0737384;0.999596 0.0218004 -0.0182623 0.108014 -0.0217445 0.999758 0.00325363 -0.0562384 0.0183288 -0.00285521 0.999828 -0.0225761 0 0 0 1 
1807261650022;0.492617;0.24682;0.983188 -0.0550795 -0.174088 0.199999 0.0450039 0.997104 -0.0613056 0.107 0.176961 0.0524403 0.98282 -1.1712 0 0 0 1 
1807261650023;0.436303;0.319599;0.963598 0.265193 0.0339186 -0.0444054 -0.26603 0.963689 0.0230659 0.783083 -0.02657 -0.0312496 0.999158 0.191433 0 0 0 1 
1807261650024;0.611538;0.269695;0.995571 -0.0385506 0.0857489 0.0037135 0.0453498 0.995857 -0.0788117 0.136404 -0.0823554 0.0823513 0.993195 -0.407907 0 0 0 1 
1807261650025;0.222007;0.133877;0.993398 -0.0818422 -0.0803917 -0.0786066 0.0715578 0.989774 -0.123396 -0.222081 0.0896686 0.116829 0.989096 -0.112678 0 0 0 1 
1807261650026;0.125003;0.0381805;0.998295 -0.00381101 -0.0582516 -0.138731 -0.00230159 0.994521 -0.104509 0.0888916 0.0583307 0.104464 0.992817 -0.0673002 0 0 0 1 
1807261650027;0.446617;0.274016;0.934071 -0.351777 0.0613528 0.210498 0.345373 0.933641 0.095033 -1.00227 -0.0907119 -0.067578 0.993582 0.387933 0 0 0 1 
1807261650028;0.18577;0.226626;0.988837 0.136109 -0.06063 0.0640618 -0.13855 0.989625 -0.0380334 0.0709301 0.0548243 0.0460091 0.997435 -0.183811 0 0 0 1 
1807261650029;0.503137;0.34207;0.991225 0.0473028 -0.123433 0.0991995 -0.0734575 0.973437 -0.216851 0.407695 0.109897 0.224015 0.96837 -0.263293 0 0 0 1 
1807261650031;0.869936;0.786659;0.999893 0.0123927 -0.00778229 0.0823584 -0.0101526 0.970478 0.240974 -0.0970035 0.0105389 -0.24087 0.9705 -0.9525 0 0 0 1 
1807261650032;0.361529;0.277225;0.975477 -0.0188638 -0.219291 -0.0091302 -0.0209711 0.983822 -0.177916 0.0480844 0.2191 0.178152 0.9593 0.282601 0 0 0 1 
1807261650033;0.495733;0.490019;0.999025 0.00300216 0.0440426 0.00594098 -0.00301819 0.999995 0.000297649 0.00725403 -0.0440415 -0.000430288 0.99903 0.0276475 0 0 0 1 
1807261650034;1.09057;0.850808;0.992142 0.120145 -0.0349099 0.513041 -0.121822 0.991256 -0.0507121 0.462051 0.0285118 0.0545664 0.998103 0.698778 0 0 0 1 
1807261650035;0.885672;0.819993;0.990848 0.0493029 -0.125655 0.179075 -0.0305106 0.988619 0.147311 0.152597 0.131488 -0.142129 0.981076 -0.0932911 0 0 0 1 
1807261650036;0.893017;0.221533;0.98826 0.0185459 0.151649 0.0956311 -0.0321155 0.995644 0.0875265 0.165045 -0.149365 -0.0913692 0.984552 0.708557 0 0 0 1 
1807261650037;0.513994;0.381996;0.999942 0.00407876 0.0099514 0.098125 -0.00490943 0.996375 0.0849297 0.139779 -0.00956891 -0.0849736 0.996337 -0.518012 0 0 0 1 
1807261650038;0.984234;0.381264;0.920053 0.015874 0.391472 -0.191084 -9.67259e-05 0.999188 -0.0402893 0.315968 -0.391794 0.0370304 0.919308 -0.247726 0 0 0 1 
1807261650039;0.787771;0.23967;0.986708 0.0584599 0.151622 0.120881 -0.0376549 0.989907 -0.136626 0.267305 -0.158079 0.129101 0.978951 -0.148489 0 0 0 1 
1807261650040;0.449489;0.0997094;0.97248 -0.00558918 0.232919 -0.011919 -0.00300997 0.999327 0.0365473 0.0528901 -0.232966 -0.0362426 0.971809 0.536578 0 0 0 1 
1807261650041;0.636202;0.255451;0.999291 0.0373945 -0.00442853 0.247891 -0.0373535 0.999262 0.00900678 0.376197 0.00476206 -0.00883498 0.99995 -0.343671 0 0 0 1 
1807261650042;0.394001;0.344622;0.99996 0.00232468 -0.0086077 -0.0317951 -0.00241154 0.999946 -0.0100951 0.0453037 0.00858377 0.0101155 0.999912 0.0717668 0 0 0 1 
1807261650043;0.493104;0.238565;0.967633 0.0678678 0.243066 0.215965 -0.0697255 0.997566 -0.000962181 0.279277 -0.242539 -0.0160168 0.970009 0.26022 0 0 0 1 
1807261650044;0.603128;0.464253;0.999024 0.0387062 -0.021289 0.0337805 -0.0385182 0.999216 0.00917378 0.199655 0.0216274 -0.00834481 0.999731 -0.436121 0 0 0 1 
1807261650045;0.822026;0.322645;0.993162 -0.0380981 -0.110352 0.00833596 0.0778909 0.920345 0.383273 -0.393099 0.0869597 -0.389248 0.917019 -1.85282 0 0 0 1 
1807261650046;0.726796;0.908998;0.998619 -0.0470497 -0.0233845 -0.180004 0.0438081 0.991341 -0.123788 0.498325 0.0290063 0.122593 0.992033 0.794539 0 0 0 1 
1807261650047;0.841796;0.441687;0.998153 -0.012303 -0.059499 -0.0319769 0.0113702 0.999807 -0.0159908 0.0616194 0.0596843 0.0152848 0.9981 0.639468 0 0 0 1 
1807261650048;0.923373;0.0464389;0.984678 0.0061024 0.174276 0.0907993 -0.0410434 0.979422 0.197604 0.160797 -0.169484 -0.20173 0.964666 0.419408 0 0 0 1 
1807261650049;0.894299;0.764981;0.967519 0.000970666 0.252797 0.0406169 -0.0258971 0.995112 0.0952942 0.107263 -0.251468 -0.0987457 0.962815 0.514845 0 0 0 1 
1807261650050;0.776112;0.9363;0.987857 0.0725975 0.137362 0.136123 -0.0335623 0.962955 -0.267565 0.921753 -0.151698 0.259706 0.953698 1.26304 0 0 0 1 
1807261650051;0.472646;0.958099;0.980216 0.111869 0.163288 0.372152 -0.111505 0.993698 -0.0114238 0.901628 -0.163536 -0.00700953 0.986512 0.505747 0 0 0 1 
1807261650052;0.367213;0.299728;0.999039 0.0136399 0.0416506 0.045319 -0.0218202 0.97898 0.202784 0.0166309 -0.0380091 -0.203498 0.978337 -0.424894 0 0 0 1 
1807261650053;0.543637;0.198773;0.910104 -0.0215326 -0.41382 0.124858 -0.0752901 0.973434 -0.216235 0.321732 0.407482 0.227953 0.884305 0.292328 0 0 0 1 
1807261650054;0.296591;0.802834;0.987679 0.084639 -0.13163 0.245787 -0.106044 0.980543 -0.165196 0.838274 0.115087 0.177119 0.977437 0.223494 0 0 0 1 
1807261650055;0.546573;0.792241;0.96929 0.0797744 -0.232623 0.107403 0.003843 0.940894 0.338678 0.539404 0.245892 -0.329171 0.911693 -0.883475 0 0 0 1 
1807261650056;0.638977;0.322112;0.999236 -0.00918546 -0.0379871 -0.156462 0.0076208 0.999125 -0.0411307 0.157939 0.0383316 0.0408098 0.998431 0.36771 0 0 0 1 
1807261650057;0.733154;1.12821;0.99652 0.0757901 -0.0347029 0.156283 -0.0811028 0.977719 -0.193616 1.21195 0.0192556 0.195756 0.980463 0.48971 0 0 0 1 
1807261650058;1.00454;0.816778;0.974383 0.0559008 -0.217838 0.357182 -0.0445303 0.997394 0.0567649 0.468851 0.220444 -0.0456103 0.974333 -0.0543336 0 0 0 1 
1807261650059;0.328863;0.260447;0.959885 -0.0795781 0.268864 -0.196312 -0.0355252 0.916638 0.398137 -0.0706316 -0.278134 -0.391717 0.87704 -0.706649 0 0 0 1 
1807261650060;0.479524;0.396067;0.999831 0.0183237 -0.00146024 0.0262204 -0.018361 0.999321 -0.0319414 0.0487356 0.000873962 0.0319628 0.999489 -0.092099 0 0 0 1 
1807261650062;0.610394;0.126007;0.995454 0.0906053 -0.0293502 0.35369 -0.0915422 0.995276 -0.0323255 0.248039 0.0262828 0.0348653 0.999046 -0.6445 0 0 0 1 
1807261650063;0.0702684;0.131551;0.999448 0.00726122 0.0324083 -0.0551826 -0.00627345 0.999516 -0.0304771 0.154904 -0.0326139 0.030257 0.99901 0.0724011 0 0 0 1 
1807261650064;0.431381;0.15138;0.973103 -0.127833 -0.191649 -0.433053 0.114796 0.990346 -0.0777001 -0.117011 0.199732 0.0536097 0.978383 -0.336663 0 0 0 1 
1807261650065;0.67345;0.191326;0.983539 0.0163918 -0.179952 0.0297726 0.0656131 0.895507 0.440185 0.224806 0.168363 -0.444746 0.87969 -1.90192 0 0 0 1 
1807261650066;0.179936;0.188648;0.992609 -0.120649 -0.0130616 -0.559373 0.120397 0.99255 -0.0186635 0.161355 0.015216 0.016953 0.999741 0.0807608 0 0 0 1 
1807261650067;0.697139;0.350423;0.948191 -0.312986 -0.0545339 -1.16731 0.316089 0.94665 0.0627873 -0.0594767 0.0319729 -0.0767719 0.996536 -0.994226 0 0 0 1 
1807261650068;0.609754;0.557357;0.968555 -0.246946 -0.0303081 -1.07849 0.247209 0.968948 0.00521045 0.456634 0.0280802 -0.012539 0.999527 0.0550208 0 0 0 1 
1807261650069;0.14606;0.170517;0.997546 -0.0566824 -0.0411007 -0.308093 0.056789 0.998385 0.00143016 0.174981 0.0409532 -0.00376072 0.999154 -0.0553613 0 0 0 1 
1807261650070;0.531087;0.117047;0.981973 0.0670185 -0.176741 0.383966 -0.00117381 0.937179 0.348848 0.0485126 0.189017 -0.342352 0.920363 -1.87985 0 0 0 1 
1807261650071;0.140553;0.110166;0.992619 -0.0125455 -0.120621 -0.0691008 0.00454203 0.997783 -0.0663991 0.255996 0.121187 0.0653612 0.990475 0.120666 0 0 0 1 
1807261650072;0.380476;0.313817;0.996238 0.0268888 -0.0823816 0.176491 -0.0322746 0.997379 -0.0647578 0.0403664 0.0804244 0.0671731 0.994495 0.0234548 0 0 0 1 
1807261650073;0.531138;0.259625;0.983559 -0.118804 0.136002 -0.288942 0.0672445 0.939907 0.334744 -0.17747 -0.167598 -0.320096 0.932443 -0.757779 0 0 0 1 
1807261650074;0.56209;0.147138;0.947124 0.198059 0.252447 0.754003 -0.186306 0.980003 -0.0698934 0.783796 -0.261242 0.0191655 0.965083 0.410844 0 0 0 1 
1807261650075;0.57785;0.134072;0.999031 -0.0439951 -0.00108098 -0.215024 0.0439974 0.999029 0.00227951 0.684888 0.000979647 -0.00232486 0.999997 -0.474343 0 0 0 1 
1807261650076;0.523862;0.25266;0.98569 -0.142699 -0.0897328 -0.663744 0.126513 0.978039 -0.165631 0.508708 0.111398 0.151908 0.982097 0.990262 0 0 0 1 
1807261650077;0.611234;0.513242;0.998371 -0.0252592 0.051162 -0.0623407 0.0362566 0.973214 -0.227022 -0.273612 -0.0440572 0.228508 0.972545 0.535229 0 0 0 1 
1807261650078;0.330727;0.133904;0.949858 0.0505729 -0.308564 0.357357 -0.0365016 0.998021 0.0512098 0.210041 0.310543 -0.037379 0.949824 0.0504833 0 0 0 1 
1807261650079;0.421945;0.316475;0.916844 -0.148641 -0.370544 -0.507478 0.0979749 0.983497 -0.152101 -0.0963131 0.387038 0.103149 0.916276 0.597428 0 0 0 1 
1807261650080;0.560936;0.239286;0.975785 0.139625 -0.168372 0.794124 -0.192252 0.914601 -0.355731 0.310489 0.104324 0.379487 0.919297 1.26586 0 0 0 1 
1807261650081;0.503671;0.131647;0.981921 0.110241 0.153877 0.371974 -0.13387 0.979154 0.152762 0.0962627 -0.133828 -0.1706 0.97621 -1.26793 0 0 0 1 
1807261650082;0.722741;0.318211;0.998941 0.04601 -0.000880478 0.286115 -0.045911 0.995118 -0.0873617 0.0259115 -0.00314334 0.0873096 0.996176 -0.485582 0 0 0 1 
1807261650083;0.552134;0.225776;0.997859 -0.0574813 -0.0311971 -0.0870701 0.0551985 0.996042 -0.0696703 -0.361675 0.0350784 0.0677991 0.997082 -0.0171845 0 0 0 1 
1807261650084;0.867721;0.179607;0.935525 0.339504 -0.0976195 2.09178 -0.315069 0.92687 0.204068 0.361887 0.159763 -0.160154 0.974077 -0.997572 0 0 0 1 
1807261650085;0.404997;0.140588;0.977768 -0.154066 -0.142247 -0.662048 0.0895663 0.920217 -0.381023 -0.0614945 0.189601 0.359812 0.913557 0.985385 0 0 0 1 
1807261650086;0.258185;0.168029;0.998043 -0.0611755 0.0129848 -0.198534 0.0621333 0.993563 -0.0947251 0.191351 -0.00710632 0.0953465 0.995419 0.593465 0 0 0 1 
1807261650087;0.211815;0.146444;0.991165 0.128836 0.0315011 0.550568 -0.125988 0.988803 -0.0799716 0.182371 -0.0414516 0.0752963 0.996299 0.315297 0 0 0 1 
1807261650088;0.669831;0.295118;0.962553 -0.270374 -0.0197497 -1.07329 0.250963 0.916255 -0.312241 0.194936 0.102518 0.295592 0.949798 0.557587 0 0 0 1 
1807261650089;0.143654;0.151723;0.992547 0.049697 0.11127 0.144334 -0.0553335 0.997306 0.0481531 0.0602986 -0.108577 -0.0539512 0.992623 -0.0876939 0 0 0 1 
1807261650090;0.732491;0.434917;0.993444 0.0855061 -0.0758773 0.314566 -0.094176 0.988393 -0.119204 0.847097 0.0648039 0.125569 0.989966 0.54377 0 0 0 1 
1807261650091;0.403612;0.125275;0.98595 0.15069 -0.0720806 0.680532 -0.122694 0.946119 0.299674 0.0106636 0.113355 -0.286619 0.951315 -0.832077 0 0 0 1 
1807261650093;1.16071;0.270608;0.894374 0.311261 0.321264 -0.384586 -0.303052 0.949887 -0.0766385 0.209397 -0.329019 -0.0288162 0.943883 -0.269422 0 0 0 1 
1807261650094;0.696816;0.441561;0.981642 0.188913 0.0262926 -0.109372 -0.18769 0.981282 -0.0430982 -0.0611288 -0.0339423 0.0373722 0.998725 -0.0832594 0 0 0 1 
1807261650095;0.832378;0.392213;0.936083 0.127355 0.327918 0.382941 -0.136664 0.990603 0.0053993 0.154882 -0.324149 -0.0498688 0.944691 -0.064137 0 0 0 1 
1807261650096;1.24922;0.432137;0.961916 0.228315 0.150298 0.143981 -0.155492 0.909263 -0.386087 -0.442357 -0.22481 0.348014 0.910136 0.750825 0 0 0 1 
1807261650097;1.57732;0.253981;0.965758 0.163587 0.201374 0.298608 -0.199829 0.964039 0.175208 0.124054 -0.165471 -0.209448 0.963717 0.925879 0 0 0 1 
1807261650098;0.431654;0.292583;0.946922 -0.287922 0.14297 -0.018184 0.297799 0.953165 -0.0528406 -0.213921 -0.12106 0.0926122 0.988315 0.288184 0 0 0 1 
1807261650099;1.43162;0.438817;0.975471 -0.211052 0.0625599 0.686088 0.220128 0.934489 -0.279775 0.346568 0.000585569 0.286683 0.958025 0.59329 0 0 0 1 
1807261650100;0.198846;0.151751;0.994631 -0.0403653 -0.0952867 0.140927 0.0489169 0.994813 0.0891866 -0.135887 0.0911924 -0.0933688 0.991447 -0.0873001 0 0 0 1 
1807261650101;0.403364;0.151917;0.996597 -0.076459 0.0307968 0.12385 0.0777705 0.996004 -0.0439158 -0.107931 -0.027316 0.0461614 0.99856 -0.182185 0 0 0 1 
1807261650102;0.400187;0.249426;0.996848 -0.0447647 0.0655055 -0.14241 0.046953 0.998376 -0.0322575 -0.142515 -0.0639551 0.0352315 0.997331 -0.0107703 0 0 0 1 
1807261650103;1.02195;0.281886;0.955424 0.258355 0.14289 0.014291 -0.274333 0.955747 0.10625 -0.188997 -0.109116 -0.140713 0.984019 0.550696 0 0 0 1 
1807261650104;1.18672;0.152473;0.992077 0.0114526 -0.12511 0.0157206 -0.00252491 0.997453 0.071286 -0.456583 0.125607 -0.0704053 0.989579 -0.68438 0 0 0 1 
1807261650105;1.18857;0.345957;0.994616 0.0508388 0.0903063 -0.433012 -0.0528021 0.998415 0.0194851 -0.494207 -0.0891726 -0.0241486 0.995723 0.115212 0 0 0 1 
1807261650106;0.708535;0.271682;0.998134 -0.0284141 0.0540531 -0.235264 0.0285928 0.999588 -0.00253547 -0.313723 -0.0539588 0.00407627 0.998535 0.213286 0 0 0 1 
1807261650107;0.503291;0.211013;0.996901 0.0133687 -0.0775186 0.112223 -0.00983151 0.998901 0.0458336 -0.0847238 0.0780461 -0.0449295 0.995937 0.235734 0 0 0 1 
1807261650108;1.52224;0.256362;0.958778 -0.219423 0.180551 0.105042 0.239972 0.965519 -0.100926 0.634463 -0.15218 0.140092 0.978374 -0.338647 0 0 0 1 
1807261650109;0.339127;0.192908;0.911723 -0.11767 0.393591 -0.0519698 0.0844645 0.991323 0.100715 -0.0535949 -0.402028 -0.0585797 0.913752 0.225838 0 0 0 1 
1807261650110;0.998065;0.109186;0.964847 -0.232476 0.122576 0.0699489 0.219194 0.969149 0.11271 -0.143563 -0.144996 -0.08188 0.986038 -0.523815 0 0 0 1 
1807261650111;0.873902;0.248524;0.969922 0.143442 0.196664 0.164748 -0.15351 0.987459 0.0368657 -0.432378 -0.18891 -0.0659468 0.979778 0.410034 0 0 0 1 
1807261650112;0.213542;0.165435;0.999024 -0.0311234 -0.0313373 0.0883864 0.0338727 0.995238 0.0914054 -0.133005 0.0283432 -0.0923776 0.995321 -0.152589 0 0 0 1 
1807261650113;1.08553;0.427532;0.962914 -0.228443 0.143564 -0.155385 0.252677 0.950101 -0.18293 -0.687932 -0.094611 0.212421 0.972587 -0.0990641 0 0 0 1 
1807261650114;0.757919;0.420384;0.950836 0.30662 0.0435238 0.317066 -0.288906 0.928831 -0.231961 -0.00267177 -0.11155 0.207982 0.971751 0.555591 0 0 0 1 
1807261650115;1.40826;0.310913;0.970483 0.240883 0.0117473 -0.450639 -0.241158 0.969759 0.0375516 0.398849 -0.0023465 -0.0392762 0.999226 0.258487 0 0 0 1 
1807261650116;0.547781;0.168624;0.986956 0.155377 0.0421315 0.0808533 -0.15892 0.982133 0.100792 -0.111489 -0.0257179 -0.106173 0.994015 0.274832 0 0 0 1 
1807261650117;1.14474;0.128452;0.9471 0.301459 -0.110109 -0.19229 -0.27488 0.939034 0.206531 0.444016 0.165657 -0.165339 0.972225 -0.41595 0 0 0 1 
1807261650118;1.22447;0.394487;0.949557 0.249227 -0.190338 -0.0810168 -0.284761 0.939487 -0.19046 0.040036 0.131352 0.235053 0.963066 -0.520033 0 0 0 1 
1807261650119;1.49971;0.217487;0.987759 0.113233 -0.107289 0.158313 -0.123618 0.987709 -0.0956577 0.619321 0.0951387 0.10775 0.989615 -0.733186 0 0 0 1 
1807261650120;0.30517;0.308445;0.935704 0.217293 0.277924 0.185477 -0.23701 0.970724 0.0390021 0.103328 -0.261312 -0.102365 0.959811 0.176359 0 0 0 1 
1807261650121;1.42718;0.136367;0.944246 0.3257 0.0481504 0.456522 -0.329223 0.932557 0.148155 -0.732661 0.00335126 -0.155747 0.987791 0.263388 0 0 0 1 
1807261650122;1.45607;0.190576;0.968722 -0.206022 0.138324 -0.0960928 0.230156 0.954338 -0.19044 -0.303629 -0.0927731 0.216319 0.971905 -0.716435 0 0 0 1 
1807261650124;1.36594;1.81116;0.182179 0.973784 -0.136217 -0.0547325 -0.0205932 0.142284 0.989612 0.00813018 0.98305 -0.177481 0.0459745 0.292343 0 0 0 1 
1807261650125;0.804333;5.50069;0.0703205 -0.928369 0.364945 2.49092 0.358594 0.364921 0.859211 0.100468 -0.930841 0.0704471 0.358569 0.636579 0 0 0 1 
1807261650126;0.880272;5.39899;0.154891 -0.901588 0.403915 2.57356 0.910678 0.288794 0.295403 -0.125381 -0.38298 0.322081 0.865789 0.325097 0 0 0 1 
1807261650127;1.55898;5.87004;-0.00284485 -0.962507 0.271243 2.58953 0.983903 -0.0511602 -0.171223 0.0488762 0.17868 0.26639 0.947159 -1.11851 0 0 0 1 
1807261650128;0.837192;6.0109;0.14977 -0.947294 0.2832 2.45906 0.987951 0.154688 -0.0050521 -0.0694917 -0.0390217 0.280544 0.959048 -0.260329 0 0 0 1 
1807261650129;0.284015;5.03801;0.0449924 -0.979355 0.197078 2.47207 0.998636 0.049325 0.0171289 -0.0055536 -0.0264961 0.196038 0.980238 -0.236307 0 0 0 1 
1807261650130;0.193395;2.11722;0.194502 0.966724 -0.166171 -0.184776 -0.0821938 0.184873 0.979319 -0.697353 0.977452 -0.176821 0.115417 0.290464 0 0 0 1 
1807261650131;0.6404;5.50805;0.112045 -0.962413 0.247402 2.71152 0.993703 0.108649 -0.0273791 0.189229 -0.00053008 0.248911 0.968526 -0.157434 0 0 0 1 
1807261650132;1.48669;5.45714;0.0476129 -0.984524 0.16866 3.21654 0.979237 0.0793169 0.18656 0.22511 -0.19705 0.156275 0.967858 -0.633204 0 0 0 1 
1807261650133;0.878362;5.49026;0.303984 -0.898952 0.315402 2.51808 0.95186 0.300303 -0.0614848 -0.304408 -0.0394444 0.318909 0.946964 -0.00576313 0 0 0 1 
1807261650134;0.764145;1.9662;0.39345 0.905725 -0.15767 -0.368105 -0.362373 0.310403 0.878826 -0.601748 0.844916 -0.288639 0.450339 0.435955 0 0 0 1 
1807261650135;0.938287;5.20934;0.00705561 -0.961899 0.273315 2.57172 0.985269 -0.0400149 -0.166262 -0.100479 0.170864 0.270462 0.947447 0.133714 0 0 0 1 
1807261650136;0.165136;5.41193;0.254918 -0.945763 0.20137 2.55535 0.966963 0.249393 -0.0527899 -0.0250228 -0.000293332 0.208174 0.978092 -0.311445 0 0 0 1 
1807261650137;0.685906;5.01799;0.398361 -0.866745 0.300103 2.30586 0.911665 0.33817 -0.233468 -0.104359 0.100872 0.366598 0.924895 0.0250847 0 0 0 1 
1807261650138;1.14592;5.36078;0.391695 -0.896914 0.205232 2.47719 0.627275 0.423495 0.653589 -0.590575 -0.673127 -0.12727 0.728493 0.0904786 0 0 0 1 
1807261650139;0.608764;5.69068;0.0482316 -0.977639 0.204686 2.88634 0.998772 0.0495256 0.00120037 -0.146888 -0.0113107 0.204377 0.978827 -0.608144 0 0 0 1 
1807261650140;1.51409;5.92169;0.244922 -0.936057 0.252607 2.39897 0.969276 0.24251 -0.0411451 0.484123 -0.0227455 0.254923 0.966694 0.153393 0 0 0 1 
1807261650141;0.713806;4.72567;0.0598699 -0.997652 0.0332457 2.18732 0.832954 0.0315767 -0.552441 -0.259037 0.550094 0.0607667 0.832889 -0.427339 0 0 0 1 
1807261650142;1.81337;5.34243;0.144284 -0.956171 0.254791 2.27465 0.969585 0.0851632 -0.229462 -0.052854 0.197706 0.28015 0.939377 0.537867 0 0 0 1 
1807261650143;1.33398;5.3117;0.0838834 -0.943894 0.319417 2.53512 0.996357 0.074509 -0.0414792 0.390102 0.0153525 0.321732 0.946706 0.169501 0 0 0 1 
1807261650144;0.523192;5.11538;0.28487 -0.950984 0.120328 2.32742 0.802219 0.305231 0.513107 -0.163584 -0.524685 -0.0496393 0.849848 -0.25885 0 0 0 1 
1807261650145;1.32014;5.67277;0.0432267 -0.969416 0.241585 3.43136 0.996377 0.024104 -0.0815584 -0.197591 0.0732409 0.244235 0.966946 -0.376273 0 0 0 1 
1807261650146;0.396214;5.39332;0.432332 -0.82165 0.371458 2.42157 0.852943 0.506282 0.127153 -0.107872 -0.292537 0.26186 0.919702 -0.179106 0 0 0 1 
1807261650147;1.75836;5.12364;-0.0818002 -0.979271 0.185305 2.1321 0.984771 -0.0507967 0.166271 -0.407563 -0.153411 0.196084 0.968512 -0.977522 0 0 0 1 
1807261650148;1.81564;5.45602;0.299019 -0.893306 0.335547 2.77527 0.954179 0.275706 -0.116309 -0.781031 0.0113874 0.354951 0.934816 0.13606 0 0 0 1 
1807261650149;1.27562;5.38055;0.00965528 -0.977868 0.209 2.68512 0.999815 0.00596205 -0.0182937 -0.273558 0.0166428 0.209138 0.977744 -0.980147 0 0 0 1 
1807261650150;1.69552;6.02344;0.144818 -0.909375 0.389955 3.29172 0.982453 0.0853418 -0.165838 -0.159676 0.11753 0.407129 0.905777 0.357552 0 0 0 1 
1807261650151;1.06641;5.5304;0.0134114 -0.99991 -0.000584233 2.84406 0.726195 0.00933851 0.687425 -0.580343 -0.687358 -0.00964359 0.726255 -0.351389 0 0 0 1 
1807261650152;1.1455;5.20149;0.169543 -0.953071 0.250821 2.8146 0.981208 0.139452 -0.133357 -0.41817 0.0921214 0.268717 0.958804 -0.039582 0 0 0 1 
1807261650153;0.956413;5.59791;0.228298 -0.933862 0.275286 3.04895 0.973363 0.225049 -0.0437827 -0.311342 -0.0210658 0.277949 0.960365 -0.267206 0 0 0 1 
1807261650155;0.606131;0.41697;0.997843 -0.019896 -0.0625543 0.0960634 0.0233621 0.998203 0.0551753 0.0996276 0.0613441 -0.0565177 0.996515 -0.614791 0 0 0 1 
1807261650156;0.187806;0.0614536;0.998158 -0.0606655 -4.16442e-05 -0.244094 0.0606654 0.998156 0.00211306 -0.11226 -8.66227e-05 -0.0021117 0.999998 0.204001 0 0 0 1 
1807261650157;0.551788;0.316306;0.992591 -0.116164 0.0356359 -0.51629 0.120512 0.978628 -0.166623 -0.204894 -0.0155187 0.169683 0.985376 0.95824 0 0 0 1 
1807261650158;0.699792;0.508014;0.994685 -0.0718042 -0.0737898 -0.374974 0.0787232 0.992303 0.0955862 -0.0548028 0.0663584 -0.100887 0.992682 -0.784358 0 0 0 1 
1807261650159;0.309546;0.106272;0.992021 0.0901582 -0.0881224 0.372749 -0.107725 0.969309 -0.220988 -0.0774523 0.0654939 0.228718 0.971287 1.07496 0 0 0 1 
1807261650160;0.485518;0.305843;0.993516 -0.104676 -0.0443696 -0.524962 0.111711 0.971324 0.209882 -0.182772 0.0211277 -0.213478 0.976719 -0.83307 0 0 0 1 
1807261650161;0.330335;0.0902002;0.998064 -0.0611429 0.0114265 -0.334398 0.060489 0.911259 -0.407368 -0.35166 0.0144952 0.40727 0.913193 1.35748 0 0 0 1 
1807261650162;0.550603;0.435374;0.984109 0.177245 0.010638 0.574503 -0.177304 0.984144 0.00488151 -0.00278972 -0.00960406 -0.00669009 0.999932 -0.0328734 0 0 0 1 
1807261650163;0.739956;0.291037;0.985442 0.131999 0.107144 0.598503 -0.124571 0.989498 -0.0733204 -0.848578 -0.115697 0.058906 0.991536 0.639278 0 0 0 1 
1807261650164;0.228506;0.0981466;0.958414 0.105645 0.265108 0.355979 -0.112481 0.993596 0.0106923 -0.107399 -0.262281 -0.0400672 0.964159 -0.204436 0 0 0 1 
1807261650165;0.0638727;0.0683331;0.999929 0.00264438 0.0115928 0.0562868 -0.00241461 0.999801 -0.0197896 -0.0572924 -0.0116428 0.0197602 0.999737 0.154802 0 0 0 1 
1807261650166;0.691573;0.081722;0.949959 -0.310236 -0.0364959 -1.30285 0.312152 0.947199 0.0733182 -0.989109 0.011823 -0.0810415 0.996641 0.0263121 0 0 0 1 
1807261650167;0.645574;0.367173;0.95134 0.0173445 0.307654 0.108619 -0.0741671 0.981952 0.173983 0.332951 -0.299084 -0.188335 0.935456 -0.90289 0 0 0 1 
1807261650168;0.448255;0.170683;0.965788 0.257978 -0.0264574 1.02929 -0.249847 0.898272 -0.361503 -0.321868 -0.0694941 0.355746 0.931995 1.40494 0 0 0 1 
1807261650169;0.539907;0.277243;0.976951 0.207645 -0.0494985 0.648938 -0.199411 0.970506 0.135477 -0.579859 0.0761697 -0.122483 0.989543 -0.858106 0 0 0 1 
1807261650170;0.652735;0.341739;0.954434 0.10072 0.280911 0.48268 -0.105168 0.994454 0.000764216 0.126542 -0.279277 -0.0302722 0.959733 0.500899 0 0 0 1 
1807261650171;0.437786;0.289224;0.951696 0.178589 0.249761 0.682532 -0.229514 0.954116 0.192318 0.0230752 -0.203955 -0.240352 0.949017 -0.544864 0 0 0 1 
1807261650172;0.513271;0.368772;0.988271 0.0580427 -0.14125 -0.115526 -0.0571584 0.998312 0.0103129 -0.66847 0.14161 -0.0021183 0.98992 0.0635356 0 0 0 1 
1807261650173;0.421662;0.0790318;0.924823 -0.131649 -0.356892 -0.452976 0.124986 0.991278 -0.0417789 0.169392 0.359279 -0.00596845 0.933211 -0.355281 0 0 0 1 
1807261650174;0.342158;0.102908;0.99508 0.0849797 -0.0509384 0.350202 -0.0980834 0.917564 -0.385299 -0.156558 0.0139967 0.388399 0.921385 1.30246 0 0 0 1 
1807261650175;0.695425;0.3461;0.999384 -0.0338347 0.00934831 0.0936292 0.033529 0.998953 0.0311194 0.670606 -0.0103914 -0.0307867 0.999472 -0.306466 0 0 0 1 
1807261650176;0.628882;0.404538;0.992343 0.115781 0.0430074 0.483833 -0.111093 0.988881 -0.0988518 -0.216613 -0.0539744 0.0933171 0.994172 -0.171123 0 0 0 1 
1807261650177;0.385778;0.0642027;0.999179 -0.0387891 -0.011717 -0.177577 0.0387516 0.999243 -0.00340572 0.0291501 0.0118402 0.00294887 0.999926 0.464183 0 0 0 1 
1807261650178;0.865032;0.360997;0.988775 -0.0830528 0.124201 -0.351115 0.0920176 0.993414 -0.068268 -0.140257 -0.117713 0.0789304 0.989906 1.19178 0 0 0 1 
1807261650179;0.799283;0.0533204;0.905653 -0.226649 -0.358361 -1.2383 0.217899 0.973791 -0.0652065 -0.228959 0.363747 -0.0190319 0.931303 0.565645 0 0 0 1 
1807261650180;0.951142;0.176489;0.927663 0.340736 0.152773 1.48029 -0.29192 0.916857 -0.272316 0.0911299 -0.232859 0.20802 0.950002 1.7947 0 0 0 1 
1807261650181;0.58947;0.105983;0.985799 -0.165842 0.0263951 -0.856466 0.165007 0.985799 0.0311932 -0.747854 -0.0311934 -0.0263948 0.999165 0.0836179 0 0 0 1 
1807261650182;0.51362;0.283578;0.992631 0.0234441 -0.118886 0.0296305 -0.0306925 0.997756 -0.0595092 0.281586 0.117224 0.0627196 0.991123 -0.127376 0 0 0 1 
1807261650183;0.518467;0.374355;0.97665 0.0207846 -0.21383 0.188742 -0.0449578 0.993045 -0.108815 0.103969 0.210081 0.115888 0.970791 0.441771 0 0 0 1 
1807261650184;0.540083;0.10122;0.984205 -0.17638 0.0152086 -0.719855 0.175696 0.983696 0.0383819 -0.587821 -0.0217304 -0.0351036 0.999147 -0.430023 0 0 0 1 
1807261650186;0.453969;0.194561;0.99703 -0.0693085 -0.0335801 0.135259 0.0719357 0.993811 0.0846493 0.116904 0.0275053 -0.0868135 0.995845 0.0313308 0 0 0 1 
1807261650187;0.217396;0.0922094;0.996779 0.045684 -0.0659151 -0.0460318 -0.0442986 0.998769 0.0223285 0.187699 0.066854 -0.0193366 0.997575 -0.465143 0 0 0 1 
1807261650188;0.833964;0.18616;0.982499 0.0180481 0.18539 -0.0900282 -0.0605184 0.972228 0.226078 0.383695 -0.176161 -0.233341 0.956305 1.31054 0 0 0 1 
1807261650189;0.543168;0.0966454;0.857237 0.389946 -0.336284 0.242577 -0.379647 0.919836 0.09884 0.602667 0.347868 0.04294 0.93656 -1.13692 0 0 0 1 
1807261650190;0.468639;0.149561;0.921455 -0.253168 0.294663 -0.0362195 0.278511 0.959295 -0.0467393 -0.838004 -0.270836 0.125135 0.954458 1.08603 0 0 0 1 
1807261650191;0.203867;0.085951;0.991569 0.0628825 0.113302 -0.19116 -0.0554144 0.996152 -0.0679013 0.0160274 -0.117136 0.0610503 0.991238 0.475486 0 0 0 1 
1807261650192;0.50492;0.256151;0.987255 0.155703 0.0329304 0.394452 -0.149121 0.977319 -0.150367 0.195642 -0.0555961 0.143539 0.988082 0.0349408 0 0 0 1 
1807261650193;0.791638;0.156249;0.97817 -0.206807 -0.0203596 -0.0202016 0.206747 0.978382 -0.00503013 -0.464527 0.0209597 0.000711052 0.99978 -0.987165 0 0 0 1 
1807261650194;0.736741;0.226181;0.971377 0.232288 -0.0496815 0.316262 -0.23745 0.955328 -0.175973 0.252608 0.00658572 0.182733 0.98314 -0.682601 0 0 0 1 
1807261650195;0.187863;0.145831;0.973611 0.023208 -0.227029 0.0455525 -0.00501385 0.996751 0.0803907 -0.0185781 0.228158 -0.077131 0.970564 -0.652591 0 0 0 1 
1807261650196;0.587609;0.209566;0.991056 0.129493 -0.0322306 -0.24537 -0.132804 0.980721 -0.14335 -0.0863196 0.0130464 0.146349 0.989147 0.706617 0 0 0 1 
1807261650197;0.541762;0.0860072;0.953591 0.300992 -0.00820886 -0.304031 -0.300685 0.953348 0.0267653 1.04902 0.015882 -0.0230549 0.999608 -0.217965 0 0 0 1 
1807261650198;0.789459;0.240433;0.994005 0.0383658 -0.102378 0.435873 -0.0500386 0.992219 -0.114003 0.0441289 0.0972073 0.118443 0.988191 -0.940358 0 0 0 1 
1807261650199;0.344499;0.164587;0.98944 -0.0889372 -0.114447 0.0174349 0.0783331 0.992482 -0.0940402 -0.10257 0.12195 0.0840822 0.988968 -0.538766 0 0 0 1 
1807261650200;0.665434;0.22959;0.995634 0.0932423 0.00431962 0.13824 -0.0933312 0.995164 0.0306197 -0.493001 -0.00144368 -0.0308892 0.999522 -0.013037 0 0 0 1 
1807261650201;0.637949;0.0720299;0.997902 0.0634822 -0.0126738 -0.628135 -0.063495 0.997982 -0.000611344 -0.232751 0.0126094 0.00141478 0.999919 -0.290925 0 0 0 1 
1807261650202;0.360138;0.0972865;0.995007 0.0993461 -0.00955302 -0.314081 -0.099542 0.994771 -0.0228599 0.172521 0.00723202 0.0236967 0.999693 -0.381803 0 0 0 1 
1807261650203;0.394841;0.187357;0.889914 -0.165955 -0.424866 0.141509 0.203601 0.978045 0.0444287 -0.655543 0.408165 -0.126041 0.904165 -1.17888 0 0 0 1 
1807261650204;0.612524;0.118205;0.997654 -0.0674908 -0.011462 -0.107237 0.0677449 0.997427 0.0234613 -0.3414 0.00984906 -0.0241828 0.999659 0.727913 0 0 0 1 
1807261650205;0.404722;0.212454;0.867078 0.262048 -0.423682 0.253374 -0.314729 0.9474 -0.0581347 0.885195 0.386162 0.183752 0.903944 -0.946593 0 0 0 1 
1807261650206;0.626556;0.140882;0.956929 -0.28769 -0.0389993 -0.554758 0.281267 0.951969 -0.121013 -1.03315 0.0719404 0.104832 0.991885 0.433404 0 0 0 1 
1807261650207;0.542445;0.193532;0.999745 0.00863341 0.020879 -0.24506 -0.00848712 0.999939 -0.00708509 -0.170674 -0.0209389 0.00690607 0.999757 0.732006 0 0 0 1 
1807261650208;0.417306;0.143815;0.949409 -0.025491 -0.313006 -0.0843773 -0.00990374 0.993774 -0.110972 0.0524985 0.313887 0.108458 0.943246 -1.09989 0 0 0 1 
1807261650209;0.115948;0.14438;0.996965 -0.0130575 -0.0767444 -0.163547 0.00831531 0.998055 -0.0617896 0.077033 0.0774019 0.060964 0.995134 -0.19047 0 0 0 1 
1807261650210;0.290494;0.143611;0.973035 0.22871 0.0299201 0.0454576 -0.216042 0.949117 -0.229135 0.672637 -0.080803 0.216492 0.972935 0.340258 0 0 0 1 
1807261650211;0.634223;0.401511;0.976337 0.16312 -0.141977 0.467332 -0.183605 0.972145 -0.145683 0.402154 0.114258 0.168303 0.979091 -0.32053 0 0 0 1 
1807261650212;0.518398;0.0698589;0.922291 0.269515 -0.277021 0.12725 -0.243004 0.961725 0.12663 0.790694 0.300547 -0.0494726 0.952483 -1.24886 0 0 0 1 
1807261650213;0.562773;0.312378;0.992168 -0.124641 0.00825046 0.0968698 0.117855 0.955949 0.268832 -0.125443 -0.0413945 -0.265754 0.963152 -0.146262 0 0 0 1 
1807261650214;0.522212;0.145865;0.914545 -0.402076 -0.0440734 -0.0809987 0.403612 0.899985 0.164694 -1.43514 -0.0265542 -0.168409 0.98536 0.0675829 0 0 0 1 
1807261650215;0.876402;0.152018;0.907816 -0.361835 -0.212002 0.578125 0.355322 0.932161 -0.0694382 -1.51824 0.222745 -0.0122919 0.974799 -0.813669 0 0 0 1 
1807261650217;0.532131;0.422664;0.98246 0.00932031 0.186242 -0.133042 -0.0505044 0.974721 0.21764 -0.130759 -0.179506 -0.223229 0.958095 -0.771653 0 0 0 1 
1807261650218;0.499155;0.366026;0.99449 -0.0579482 -0.0873625 -0.371751 0.0680058 0.990809 0.116932 -0.125594 0.0797835 -0.122229 0.98929 -0.213115 0 0 0 1 
1807261650219;0.721512;0.54108;0.997021 0.0665757 -0.038936 -0.114772 -0.0643199 0.996325 0.0565714 -0.802645 0.0425592 -0.0538985 0.997639 -0.598336 0 0 0 1 
1807261650220;0.121853;0.170025;0.991102 -0.090942 0.097192 -0.351992 0.0881338 0.995568 0.0328151 -0.250785 -0.0997455 -0.0239573 0.994725 -0.0324087 0 0 0 1 
1807261650221;0.995809;0.362914;0.995352 -0.0961826 0.00483015 -0.563192 0.0961855 0.995363 -0.000368583 -0.38682 -0.0047723 0.00083146 0.999988 -0.837851 0 0 0 1 
1807261650222;1.09618;0.829357;0.989093 -0.14727 0.00260081 -0.630435 0.146992 0.988043 0.0465162 -0.871775 -0.00942016 -0.0456265 0.998914 -0.991115 0 0 0 1 
1807261650223;0.826304;0.505443;0.993278 -0.115325 0.00999285 -0.450688 0.11457 0.991752 0.0574546 -0.563514 -0.0165364 -0.0559234 0.998298 -0.425176 0 0 0 1 
1807261650224;0.375842;0.333098;0.972507 -0.199975 -0.119332 -0.750401 0.223667 0.944763 0.239575 -0.863924 0.0648317 -0.259679 0.963516 -1.02359 0 0 0 1 
1807261650225;0.55112;0.829895;0.988524 0.141807 -0.0520758 -0.212204 -0.147045 0.982239 -0.116549 -0.5713 0.0346234 0.122869 0.991819 0.541889 0 0 0 1 
1807261650226;0.761509;0.788926;0.988815 -0.148535 -0.0135035 -0.685881 0.148263 0.988759 -0.0193396 -0.367964 0.0162243 0.0171212 0.999722 0.463498 0 0 0 1 
1807261650227;0.75985;0.547204;0.999337 -0.0278762 -0.0234049 -0.313397 0.0288987 0.998589 0.0445503 0.14528 0.02213 -0.0451972 0.998733 -0.314313 0 0 0 1 
1807261650228;0.464961;0.735302;0.981324 -0.184532 -0.0543303 -0.728108 0.188371 0.979076 0.0769825 -0.647554 0.0389878 -0.085779 0.995551 -0.480827 0 0 0 1 
1807261650229;0.961907;0.502114;0.974221 0.0511877 0.219713 -0.0943022 -0.101573 0.969144 0.224596 0.0686638 -0.201437 -0.241123 0.949359 0.214433 0 0 0 1 
1807261650230;1.24871;0.425676;0.96117 -0.0655552 -0.268058 -0.126576 0.0895084 0.992917 0.0781244 -0.521852 0.261038 -0.0990843 0.96023 -1.62495 0 0 0 1 
1807261650231;0.35278;0.463918;0.97885 -0.0642969 -0.194214 -0.384268 0.0319336 0.985712 -0.165385 -0.398439 0.202073 0.155685 0.966917 0.121985 0 0 0 1 
1807261650232;0.725754;0.811003;0.964998 -0.112707 -0.236805 -0.477609 0.147245 0.980037 0.133589 -0.682417 0.217021 -0.163782 0.962329 -0.744992 0 0 0 1 
1807261650233;0.807473;0.697543;0.995015 0.0290307 0.0954103 -0.000803729 -0.0367345 0.996117 0.0800063 0.14548 -0.0927172 -0.0831123 0.992218 -0.213275 0 0 0 1 
1807261650234;0.330571;0.309282;0.983812 -0.177284 -0.0261706 -0.672058 0.175984 0.983334 -0.0456469 -0.553478 0.033827 0.0403023 0.998615 0.347528 0 0 0 1 
1807261650235;0.476097;0.447429;0.997072 0.0208021 -0.0735866 -0.0936283 -0.00574513 0.979947 0.199176 -0.545719 0.0762543 -0.19817 0.977197 -0.255691 0 0 0 1 
1807261650236;0.451212;0.567422;0.915881 -0.0506495 -0.398242 -0.200321 0.0141693 0.99547 -0.0940196 -0.262247 0.4012 0.0804679 0.912449 -0.0463503 0 0 0 1 
1807261650237;0.797582;0.357272;0.948349 -0.0224072 0.316436 -0.430241 -0.0321995 0.985551 0.166289 -0.424947 -0.31559 -0.167889 0.933925 -0.658488 0 0 0 1 
1807261650238;1.08583;1.49598;0.995297 -0.0702884 -0.0666663 -0.96496 0.0700608 0.997526 -0.005749 -1.07776 0.0669054 0.00105127 0.997759 0.80972 0 0 0 1 
1807261650239;1.02135;1.04417;0.96401 0.160029 0.212311 -0.0298275 -0.121913 0.97573 -0.1819 -0.432737 -0.236268 0.14947 0.960123 0.0847598 0 0 0 1 
1807261650240;0.859825;0.33415;0.996821 -0.0787484 0.0120953 -0.467383 0.0788206 0.996873 -0.00561341 -0.183428 -0.0116154 0.00654892 0.999911 0.744786 0 0 0 1 
1807261650241;0.991567;1.00183;0.996396 -0.0318302 0.078625 -0.231611 0.00690179 0.954272 0.298859 -0.375975 -0.0845424 -0.297239 0.951053 -0.611833 0 0 0 1 
1807261650242;0.558163;0.627886;0.981972 -0.00254845 -0.189011 -0.0301019 0.021193 0.995089 0.0966877 -0.250381 0.187836 -0.0989503 0.977203 -0.792922 0 0 0 1 
1807261650243;0.371812;0.506855;0.990835 0.0914757 0.0993872 0.0562483 -0.125799 0.892897 0.43233 -0.500934 -0.0491949 -0.44087 0.896222 -1.13528 0 0 0 1 
1807261650244;0.711238;0.296615;0.984953 -0.172169 -0.0150197 -0.711394 0.167883 0.973807 -0.153345 -0.714469 0.0410276 0.148516 0.988059 -0.18349 0 0 0 1 
1807261650245;0.732714;0.472908;0.989791 -0.0754291 -0.120933 -0.351194 0.0479522 0.975255 -0.215822 -0.0685899 0.13422 0.207819 0.968915 0.104831 0 0 0 1 
1807261650246;1.2033;0.757857;0.974321 0.166328 0.151766 0.125582 -0.175464 0.983274 0.0488427 -0.136014 -0.141104 -0.0742179 0.987209 0.93744 0 0 0 1 
1807261650248;0.419559;1.05619;0.999025 -0.0378641 0.0227068 -1.26766 0.0383875 0.998996 -0.0230787 -0.572388 -0.0218102 0.0239278 0.999476 0.112408 0 0 0 1 
1807261650249;0.496114;0.918925;0.992288 0.11848 -0.036418 -0.801643 -0.121793 0.986564 -0.108895 -0.59913 0.0230267 0.112491 0.993386 0.67506 0 0 0 1 
1807261650250;0.34812;1.01104;0.994869 0.0658329 -0.0768244 -0.72279 -0.0760607 0.987387 -0.13886 -0.235958 0.0667138 0.143991 0.987328 0.793405 0 0 0 1 
1807261650251;0.451728;1.05043;0.933417 0.350353 -0.0773644 0.0329632 -0.356831 0.928994 -0.0981905 -0.244638 0.0374697 0.119259 0.992156 0.698655 0 0 0 1 
1807261650252;0.33029;0.8946;0.902348 -0.251444 -0.350064 -2.02396 0.171068 0.954418 -0.244584 -0.296831 0.395606 0.160815 0.904231 0.828971 0 0 0 1 
1807261650253;0.249687;0.973447;0.997677 -0.0534627 0.0422124 -1.47271 0.0541728 0.998406 -0.0158589 -0.0895991 -0.0412973 0.0181088 0.998983 -0.234184 0 0 0 1 
1807261650254;0.24129;0.957526;0.988364 0.14552 0.044278 -0.738198 -0.13501 0.973364 -0.185294 -0.0780378 -0.0700626 0.17716 0.981685 0.790341 0 0 0 1 
1807261650255;0.565737;0.768902;0.96023 0.112425 0.255575 -0.608787 -0.00419152 0.921053 -0.389415 -0.598973 -0.279178 0.372857 0.884894 2.06399 0 0 0 1 
1807261650256;0.73595;0.957393;0.883961 0.205942 0.419763 -0.556077 -0.262412 0.961563 0.0808448 0.0380331 -0.38698 -0.181615 0.904026 -1.39646 0 0 0 1 
1807261650257;0.0754684;0.932792;0.999722 0.0225818 -0.00679881 -1.0704 -0.0225551 0.999738 0.00398049 -0.0562448 0.00688692 -0.00382604 0.999969 -0.0564606 0 0 0 1 
1807261650258;0.796962;1.03843;0.989082 0.147344 -0.00256005 -0.23501 -0.14689 0.98713 0.0632262 0.752123 0.0118431 -0.0621598 0.997996 -0.0681115 0 0 0 1 
1807261650259;0.200045;0.940931;0.999815 -0.0190214 0.00270678 -1.18562 0.0189901 0.999757 0.011179 0.130266 -0.00291876 -0.0111256 0.999934 0.0126421 0 0 0 1 
1807261650260;0.602384;1.03523;0.972407 -0.146672 -0.181415 -1.95045 0.191749 0.94543 0.263428 -0.252614 0.132877 -0.290945 0.947467 -0.52892 0 0 0 1 
1807261650261;0.61809;1.0043;0.936338 -0.123642 -0.32861 -1.61605 0.129801 0.991535 -0.00321971 -0.148223 0.326227 -0.0396391 0.94446 0.47666 0 0 0 1 
