#;prob_registration_l1 -r /home/probabilistic_point_clouds_registration/build/tester /home/point_clouds_registration_benchmark//devel/registration_pairs/plain_local.txt /home/point_clouds_registration_benchmark//eth/plain -s 0.2 -t 0.2 -p 0.3 -r 1000 -m 5 -i 40 
id;initial_error;final_error;transformation
4215528470000;0.567788;0.472949;0.962538 -0.0305289 0.269422 0.33634 0.014377 0.99799 0.0617215 -0.142686 -0.270765 -0.0555358 0.961042 1.94168 0 0 0 1 
4215528470001;0.547226;0.0526834;0.992106 0.100596 -0.0748756 -0.635405 -0.0623822 0.913858 0.401214 0.844317 0.108786 -0.393376 0.912919 1.07617 0 0 0 1 
4215528470002;0.032832;0.0150554;0.999973 0.00566106 0.00469966 -0.0228316 -0.00567085 0.999982 0.00207203 0.0109975 -0.00468784 -0.00209862 0.999987 0.0348683 0 0 0 1 
4215528470003;0.731607;0.47767;0.996128 -0.0141122 0.0867736 -0.0531843 0.0137958 0.999896 0.00424408 -0.28392 -0.0868245 -0.00303053 0.996219 0.398321 0 0 0 1 
4215528470004;0.518474;0.18377;0.965863 0.0635794 -0.251128 -0.115302 -0.00618954 0.974801 0.22299 0.113177 0.258978 -0.213823 0.941918 -0.225402 0 0 0 1 
4215528470005;0.0948906;0.0148363;0.999429 0.0248075 0.0229527 -0.100618 -0.0225641 0.995382 -0.0933073 0.250165 -0.0251614 0.0927361 0.995373 -0.302444 0 0 0 1 
4215528470006;0.93827;0.537742;0.998933 -0.0341482 -0.0311025 -0.06584 0.0217021 0.941406 -0.336576 0.0417254 0.0407736 0.335542 0.941142 -1.43411 0 0 0 1 
4215528470007;0.649378;0.553604;0.994361 -0.040819 -0.0978728 0.178011 0.00371906 0.935803 -0.352503 0.358622 0.105979 0.350152 0.930678 -2.01113 0 0 0 1 
4215528470008;0.524363;0.405616;0.962911 0.0258886 -0.268574 0.156297 -0.0617968 0.990088 -0.126121 0.469672 0.262647 0.13804 0.954967 -2.30908 0 0 0 1 
4215528470009;0.400063;0.340635;0.970431 -0.0412343 0.23783 0.215404 0.0543387 0.997329 -0.0488072 -0.357994 -0.235182 0.0602874 0.97008 1.27719 0 0 0 1 
4215528470010;0.581956;0.40054;0.993777 -0.0669554 -0.0890221 0.42516 0.0401211 0.960699 -0.274679 -0.0488942 0.103915 0.269398 0.957406 -2.05724 0 0 0 1 
4215528470011;0.358216;0.162854;0.98756 -0.0757474 0.137796 0.33326 0.105402 0.969189 -0.222626 -0.558625 -0.116687 0.234381 0.965116 -0.155959 0 0 0 1 
4215528470012;0.581653;0.412295;0.984354 0.115328 -0.133217 -0.372164 -0.0725574 0.954273 0.289996 0.45936 0.16057 -0.275793 0.947711 -0.107472 0 0 0 1 
4215528470013;0.612837;0.0212319;0.982028 -0.0575885 0.179733 0.125531 0.0557906 0.998329 0.015046 -0.321671 -0.180299 -0.00474813 0.9836 0.558604 0 0 0 1 
4215528470014;0.871128;0.601341;0.998612 -0.0279873 0.0446294 0.055846 0.0289484 0.99936 -0.0210346 -0.267026 -0.0440121 0.0222973 0.998782 0.73032 0 0 0 1 
4215528470015;0.0605696;0.0143224;0.999922 0.000661903 0.0124973 0.0320408 -0.000474008 0.999887 -0.0150319 -0.0290703 -0.0125058 0.0150248 0.999809 -0.00260675 0 0 0 1 
4215528470016;0.462589;0.124338;0.972464 -0.031614 0.230899 0.130691 0.0786121 0.977188 -0.197293 -0.396052 -0.219394 0.210012 0.952765 0.750621 0 0 0 1 
4215528470017;0.763704;0.252202;0.994626 0.0436855 0.0938663 -0.283663 -0.0794933 0.903092 0.422026 0.789434 -0.0663334 -0.42722 0.901711 3.02214 0 0 0 1 
4215528470018;0.320962;0.346622;0.998224 0.00117073 0.0595606 -0.141319 -0.00732902 0.994625 0.103282 -0.0158198 -0.0591195 -0.103536 0.992867 0.749603 0 0 0 1 
4215528470019;0.470754;0.243086;0.903833 0.133382 -0.406565 0.069828 -0.0753518 0.98494 0.155615 0.504079 0.421198 -0.110014 0.900272 -2.04764 0 0 0 1 
4215528470020;0.901423;0.681589;0.98918 -0.0432509 0.140184 0.145141 0.0578644 0.99311 -0.101905 -0.229467 -0.134811 0.108914 0.984867 -0.0699208 0 0 0 1 
4215528470021;0.310289;0.0927226;0.999736 -0.00641516 -0.0220584 -0.0600406 0.00860441 0.994887 0.100632 -0.0923736 0.0213 -0.100795 0.994679 0.547391 0 0 0 1 
4215528470022;0.501427;0.219428;0.981911 0.0391515 -0.185251 0.0757824 -0.0554099 0.994973 -0.083416 0.428445 0.181054 0.0921719 0.979144 -1.96573 0 0 0 1 
4215528470023;0.509895;0.397877;0.994701 -0.0116224 0.102153 0.0886715 0.0269838 0.98827 -0.150311 -0.0566313 -0.099208 0.152271 0.983347 -0.394806 0 0 0 1 
4215528470024;0.756959;0.435983;0.998089 -0.0234788 0.0571563 0.0483663 0.0224661 0.99958 0.0182976 -0.257357 -0.0575619 -0.0169786 0.998198 0.979075 0 0 0 1 
4215528470025;0.187466;0.119637;0.996189 0.0589919 -0.0642377 -0.286847 -0.0529748 0.994381 0.0916511 0.327299 0.0692834 -0.0878988 0.993717 -0.0785005 0 0 0 1 
4215528470026;0.0729172;0.0264835;0.999442 -0.0333617 -0.00177691 0.158136 0.0333482 0.999418 -0.00714321 -0.203441 0.00201418 0.00707997 0.999973 -0.102511 0 0 0 1 
4215528470027;0.80863;0.231562;0.99759 0.00308319 -0.0693174 -0.145009 -0.0120581 0.991515 -0.129434 -0.0336124 0.0683301 0.129958 0.989162 -0.37254 0 0 0 1 
4215528470028;0.511375;0.470545;0.99643 0.0309021 -0.078562 -0.220417 -0.0162692 0.983443 0.180487 0.0547471 0.0828387 -0.178564 0.980435 0.451774 0 0 0 1 
4215528470029;0.874225;0.493075;0.881859 0.0708587 -0.466158 0.67386 -0.0453413 0.996806 0.0657453 0.461893 0.469327 -0.0368419 0.882255 -3.15513 0 0 0 1 
4215528470031;0.986719;0.222752;0.999726 -0.00772876 0.0221007 -0.0364823 0.00773711 0.99997 -0.000292644 -0.331787 -0.0220977 0.000463559 0.999756 0.915798 0 0 0 1 
4215528470032;1.06872;0.451667;0.993147 -0.109024 0.0420999 0.590321 0.115698 0.866285 -0.485968 -0.185186 0.0165119 0.487508 0.872962 -2.67937 0 0 0 1 
4215528470033;0.525088;0.0266974;0.996346 -0.0850158 0.00822971 0.362673 0.0851569 0.996193 -0.0186537 -0.875974 -0.00661252 0.0192864 0.999792 -0.432773 0 0 0 1 
4215528470034;0.461314;0.18343;0.999742 0.0224442 0.00341388 -0.0972115 -0.0225042 0.999572 0.0186952 0.138671 -0.00299282 -0.0187672 0.999819 -0.208992 0 0 0 1 
4215528470035;0.980295;0.200229;0.999755 -0.0221036 -0.00135297 -0.53118 0.0221065 0.999753 0.00218956 -0.242305 0.00130424 -0.00221893 0.999997 0.11727 0 0 0 1 
4215528470036;1.14169;0.468815;0.998556 0.0512311 0.0161341 -0.478644 -0.0536875 0.961011 0.271247 0.439111 -0.00160883 -0.271721 0.962375 2.30166 0 0 0 1 
4215528470037;0.241412;0.118023;0.999856 0.00881164 0.0144825 0.0145776 -0.00838956 0.999546 -0.0289515 0.135696 -0.014731 0.0288258 0.999476 0.0503038 0 0 0 1 
4215528470038;0.130156;0.113652;0.99938 0.0163862 0.0311591 -0.12707 -0.0167544 0.999792 0.0115936 0.137245 -0.0309626 -0.0121085 0.999447 0.346888 0 0 0 1 
4215528470039;0.797747;0.402893;0.995707 -0.0577095 -0.0723675 0.207188 0.0369156 0.964561 -0.261266 -0.197434 0.0848803 0.257473 0.96255 -1.68889 0 0 0 1 
4215528470040;0.689028;0.619355;0.996784 -0.0189616 -0.0778616 0.237055 0.0263812 0.99509 0.0953982 -0.316963 0.0756703 -0.0971454 0.992389 -0.502932 0 0 0 1 
4215528470041;0.231676;0.149234;0.953882 -0.0585946 -0.294408 1.03534 0.0197101 0.990873 -0.133348 -0.0222919 0.299535 0.121395 0.946331 -3.36632 0 0 0 1 
4215528470042;0.841266;0.733791;0.989674 -0.0312616 0.139883 0.0750056 0.01652 0.9943 0.105331 -0.105399 -0.142379 -0.101932 0.98455 1.48197 0 0 0 1 
4215528470043;0.639843;0.636749;0.996323 0.025492 -0.0817957 -0.000699961 -0.0230968 0.99928 0.0300976 0.184069 0.082504 -0.0280977 0.996195 -0.678242 0 0 0 1 
4215528470044;0.994474;0.0851715;0.999929 -1.74814e-05 0.0119082 0.0731397 0.000158057 0.99993 -0.0118041 0.0317547 -0.0119072 0.0118052 0.999859 -0.795305 0 0 0 1 
4215528470045;0.386524;0.0749706;0.994853 0.0131747 0.100465 -0.184582 -0.0590454 0.881145 0.469144 0.626256 -0.0823437 -0.472662 0.877388 3.42297 0 0 0 1 
4215528470046;1.07289;0.535082;0.976484 0.0614853 -0.206636 -0.115548 -0.0491072 0.996708 0.0645121 0.279098 0.209922 -0.0528477 0.976289 -0.844941 0 0 0 1 
4215528470047;0.459821;0.47409;0.993846 -0.0191586 0.109102 0.0660358 0.0202066 0.99976 -0.00850814 -0.204232 -0.108913 0.0106604 0.993994 0.820572 0 0 0 1 
4215528470048;0.649857;0.502149;0.9994 0.022442 -0.026384 -0.216618 -0.0220531 0.999645 0.014939 0.118064 0.0267099 -0.0143482 0.99954 -0.0564004 0 0 0 1 
4215528470049;0.633618;0.316652;0.999778 -0.0145799 -0.0152252 0.00715747 0.016725 0.988256 0.151892 -0.220311 0.0128318 -0.152113 0.98828 1.14707 0 0 0 1 
4215528470050;0.671958;0.369565;0.997993 0.0362161 -0.0519476 -0.0931536 -0.0347202 0.998964 0.0294149 0.333682 0.0529591 -0.0275522 0.998217 -0.71652 0 0 0 1 
4215528470051;0.865997;0.604067;0.997859 -0.0178912 -0.0629042 0.295683 0.00585219 0.982421 -0.186586 0.2768 0.0651366 0.185818 0.980423 -2.09301 0 0 0 1 
4215528470052;0.470145;0.41159;0.998486 0.0264213 -0.0482357 -0.109263 -0.027633 0.999315 -0.0246298 0.229869 0.0475519 0.0259254 0.998532 -0.610913 0 0 0 1 
4215528470053;1.01323;0.0664678;0.992465 0.0321527 0.118232 -0.142019 -0.0198175 0.994373 -0.104063 0.172462 -0.120913 0.100936 0.987518 -0.253718 0 0 0 1 
4215528470054;0.877545;0.606306;0.999436 0.00528552 -0.0331581 0.114216 -0.00417698 0.999433 0.0334124 0.0296608 0.0333159 -0.0332551 0.998891 -0.640701 0 0 0 1 
4215528470055;0.503431;0.076481;0.997114 -0.00810014 0.0754857 -0.116572 0.0174252 0.992166 -0.123708 0.311403 -0.0738922 0.124666 0.989443 0.160897 0 0 0 1 
4215528470056;0.338949;0.373537;0.979295 -0.181223 0.0902208 0.832777 0.195348 0.962877 -0.186297 -1.37907 -0.0531102 0.200065 0.978342 -0.73851 0 0 0 1 
4215528470057;0.60477;0.0222865;0.999681 -0.014371 0.0207855 0.0620653 0.013763 0.999482 0.0291021 -0.112742 -0.0211929 -0.0288067 0.99936 -0.167611 0 0 0 1 
4215528470058;0.117082;0.0434161;0.994046 -0.107885 0.0152864 0.624709 0.108139 0.993993 -0.0168489 -0.926964 -0.0133768 0.0184017 0.999741 -0.00736441 0 0 0 1 
4215528470059;0.289428;0.339236;0.99853 -0.0227016 -0.0492103 0.141234 0.0173211 0.994094 -0.107129 -0.0917702 0.0513517 0.106119 0.993027 -1.12548 0 0 0 1 
4215528470060;0.876862;0.623061;0.962042 0.0822681 -0.260205 0.281865 -0.0609758 0.994174 0.0888817 0.554682 0.266001 -0.0696417 0.961454 -2.46231 0 0 0 1 
4215528470062;1.03489;0.665098;0.960875 -0.105139 0.256251 0.263764 0.170068 0.954178 -0.246215 -1.7755 -0.218622 0.280162 0.934726 2.64939 0 0 0 1 
4215528470063;0.150783;0.169641;0.997095 0.0368132 0.0666819 -0.284868 -0.0431246 0.994463 0.0958283 0.492953 -0.062785 -0.0984255 0.993162 1.20702 0 0 0 1 
4215528470064;1.26892;0.216851;0.978751 0.0922177 -0.183147 0.646983 -0.0700527 0.989804 0.124017 0.768053 0.192716 -0.108552 0.975232 -3.00888 0 0 0 1 
4215528470065;0.672821;0.237092;0.999081 -0.0412938 0.011467 0.0318499 0.0417454 0.998227 -0.0424213 -0.555881 -0.00969491 0.042861 0.999034 -0.285923 0 0 0 1 
4215528470066;0.971407;0.22615;0.97408 -0.0590854 0.21835 0.0890869 0.141048 0.913298 -0.38209 -1.05805 -0.176843 0.402984 0.897959 1.7927 0 0 0 1 
4215528470067;0.479383;0.592925;0.999078 -0.0242657 0.0354166 -0.0863571 0.0292562 0.988556 -0.147987 -0.12874 -0.0314203 0.148887 0.988355 -0.0516193 0 0 0 1 
4215528470068;1.75898;1.62379;0.996487 0.074714 -0.0378418 -0.126842 -0.0670192 0.982339 0.174695 0.808934 0.0502257 -0.171546 0.983895 -0.409243 0 0 0 1 
4215528470069;1.1695;0.397279;0.996099 -0.0418778 0.0776747 -0.193385 0.0382866 0.998153 0.0471619 -0.603222 -0.0795063 -0.044004 0.995863 1.89889 0 0 0 1 
4215528470070;0.627154;0.196514;0.999836 -0.0134229 0.0121505 0.00780885 0.0130307 0.999409 0.0317997 -0.111391 -0.0125702 -0.0316361 0.99942 0.00636564 0 0 0 1 
4215528470071;1.13782;0.290063;0.987632 0.021079 -0.155369 0.67793 -0.00881489 0.996819 0.0792056 0.115074 0.156544 -0.0768564 0.984676 -2.49514 0 0 0 1 
4215528470072;1.12233;0.697782;0.998717 0.00181916 -0.0506023 -0.0573734 -0.000868478 0.999823 0.018803 -0.143872 0.0506275 -0.0187349 0.998542 -0.23878 0 0 0 1 
4215528470073;0.253366;0.0405748;0.957064 -0.0968712 0.273212 0.324031 0.172292 0.94806 -0.267391 -1.69884 -0.233119 0.302982 0.924044 2.43696 0 0 0 1 
4215528470074;0.891847;0.23718;0.924344 0.173538 -0.339813 1.30938 -0.0935132 0.96646 0.239187 0.873289 0.369924 -0.189314 0.909569 -4.84665 0 0 0 1 
4215528470075;0.661748;0.431938;0.998114 0.0131477 0.0599708 -0.303689 -0.0134744 0.999896 0.00504703 0.23512 -0.0598982 -0.00584558 0.998187 1.163 0 0 0 1 
4215528470076;1.55682;0.386372;0.999857 0.00389591 -0.0164689 0.0675009 -0.00398352 0.999978 -0.00529028 0.240242 0.0164479 0.00535513 0.99985 -1.09999 0 0 0 1 
4215528470077;0.434483;0.370624;0.9986 -0.0528838 0.000857446 0.191275 0.052823 0.996372 -0.0667343 -0.571918 0.00267483 0.0666862 0.99777 -0.362901 0 0 0 1 
4215528470078;1.12372;1.14948;0.961002 -0.0566874 0.270669 0.096758 0.0587217 0.998274 0.000583614 -0.820641 -0.270235 0.0153333 0.962672 3.91816 0 0 0 1 
4215528470079;1.36039;1.24956;0.994481 -0.0215259 0.102686 -0.277244 0.0358559 0.989528 -0.139819 -0.231048 -0.0986009 0.142729 0.984838 1.2297 0 0 0 1 
4215528470080;1.57691;1.18025;0.982808 0.106627 -0.150729 0.182322 -0.0745554 0.976056 0.204342 0.941105 0.168908 -0.189591 0.967225 -1.61197 0 0 0 1 
4215528470081;1.29705;1.28533;0.995305 0.0833318 -0.0492232 -0.325287 -0.0770073 0.98993 0.118782 1.00563 0.0586259 -0.114434 0.991699 -0.437934 0 0 0 1 
4215528470082;0.754436;0.227454;0.996184 -0.0511451 -0.0707215 0.391407 0.0406307 0.988911 -0.142846 -0.491593 0.0772431 0.139428 0.987215 -1.30699 0 0 0 1 
4215528470083;1.36137;0.515601;0.995227 -0.00345318 0.0975285 -0.399096 0.00992185 0.997776 -0.0659192 0.0134686 -0.0970839 0.0665722 0.993047 1.86028 0 0 0 1 
4215528470084;1.66015;1.1717;0.984868 -0.036544 -0.16941 0.515841 0.025072 0.997276 -0.0693693 -0.209073 0.171484 0.0640722 0.983101 -2.93178 0 0 0 1 
4215528470085;1.13067;0.196401;0.999726 0.00620375 -0.0225496 -0.202755 -0.00431045 0.996535 0.0830607 -0.296179 0.0229867 -0.0829408 0.996289 0.552384 0 0 0 1 
4215528470086;1.1632;1.13597;0.929818 -0.0314108 0.366676 0.303956 0.0205128 0.999225 0.0335807 -0.329286 -0.367446 -0.0237024 0.929743 5.51146 0 0 0 1 
4215528470087;0.757202;0.743866;0.997632 -0.0148467 0.0671579 -0.239102 0.0214764 0.994846 -0.0991011 -0.0969816 -0.0653404 0.100309 0.992809 0.816651 0 0 0 1 
4215528470088;1.28516;0.658984;0.999806 -0.0194993 0.00276627 -0.0949995 0.0195822 0.999229 -0.0340278 -0.293407 -0.00210062 0.0340754 0.999417 0.53526 0 0 0 1 
4215528470089;0.703952;0.393413;0.998286 0.033156 -0.0482289 -0.172093 -0.0313972 0.99883 0.0367781 0.392609 0.0493919 -0.0352008 0.998159 -0.260031 0 0 0 1 
4215528470090;1.03548;0.395756;0.961422 -0.100138 0.256204 0.143795 0.192829 0.909574 -0.368092 -1.58639 -0.196176 0.403296 0.893794 1.19476 0 0 0 1 
4215528470091;1.49069;1.53151;0.998454 0.0519714 0.0197017 -0.257491 -0.0536698 0.993669 0.0986955 0.649629 -0.0144476 -0.0996003 0.994923 0.573065 0 0 0 1 
4215528470093;0.435815;0.401731;0.999454 -0.0231594 0.0235582 0.180432 0.017014 0.972124 0.23385 -0.022901 -0.0283174 -0.233322 0.971987 0.24548 0 0 0 1 
4215528470094;0.626818;0.0873574;0.999726 0.0216237 0.00894361 0.0236912 -0.0212623 0.999024 -0.038705 0.164803 -0.00977183 0.0385043 0.999211 -0.648245 0 0 0 1 
4215528470095;0.64508;0.457408;0.99381 -0.109255 -0.0201215 0.521316 0.107969 0.992541 -0.056616 -0.348004 0.026157 0.054093 0.998193 -0.396282 0 0 0 1 
4215528470096;0.715932;0.549274;0.999541 -0.030161 0.00271984 0.0578124 0.0302563 0.998411 -0.0475484 -0.18044 -0.00128141 0.0476089 0.998865 -0.35317 0 0 0 1 
4215528470097;0.899584;0.87124;0.99722 -0.0724181 0.0175578 0.176225 0.0744631 0.977348 -0.198106 -0.36339 -0.00281365 0.198863 0.980023 0.298302 0 0 0 1 
4215528470098;0.598276;0.358378;0.989736 -0.0327523 0.139103 0.063244 0.00875108 0.985446 0.169762 -0.125557 -0.142639 -0.166802 0.975618 0.102826 0 0 0 1 
4215528470099;0.333474;0.059716;0.970904 0.0472146 -0.234767 0.104814 0.0527481 0.914125 0.401987 -0.0991279 0.233586 -0.402674 0.885037 -0.443678 0 0 0 1 
4215528470100;0.645112;0.0170452;0.999831 -0.0183528 -0.000760566 0.011435 0.018349 0.999821 -0.00468411 -0.0336615 0.000846396 0.00466937 0.999989 -0.693727 0 0 0 1 
4215528470101;0.802084;0.619191;0.998955 -0.0068318 0.045183 0.159049 0.0094325 0.998295 -0.0575989 -0.0657027 -0.0447125 0.0579649 0.997317 0.353749 0 0 0 1 
4215528470102;0.571321;0.0767135;0.999862 -0.0157899 0.00509153 -0.155355 0.0159986 0.998905 -0.0439605 0.156526 -0.00439183 0.0440359 0.99902 -0.533967 0 0 0 1 
4215528470103;0.118159;0.131861;0.999992 -0.00189577 -0.00339476 -0.031667 0.00189016 0.999997 -0.00165539 -0.0207066 0.00339789 0.00164897 0.999993 -0.0459824 0 0 0 1 
4215528470104;0.483078;0.0923585;0.959581 -0.0162328 0.280966 0.181506 -0.0088639 0.996097 0.0878225 -0.209188 -0.281295 -0.0867632 0.955691 1.16186 0 0 0 1 
4215528470105;0.856272;0.723173;0.963353 -0.0100532 0.268049 0.0315569 0.0596369 0.982314 -0.17749 -0.237874 -0.261524 0.186971 0.946915 0.607122 0 0 0 1 
4215528470106;0.960069;0.652574;0.995659 -0.0125587 0.0922207 0.144186 0.0102845 0.999632 0.0250943 -0.123691 -0.092502 -0.0240369 0.995422 0.815179 0 0 0 1 
4215528470107;0.403602;0.297647;0.952508 0.0529015 -0.299883 -0.0262458 -0.054478 0.99851 0.00310778 0.270844 0.299601 0.0133768 0.953971 -1.03183 0 0 0 1 
4215528470108;0.717513;0.519665;0.999978 -0.0021419 0.00620871 0.159066 0.00247581 0.998523 -0.0542829 -0.140674 -0.00608327 0.0542971 0.998506 0.0756115 0 0 0 1 
4215528470109;0.671253;0.179599;0.999774 -0.0212623 0.000705178 0.0493423 0.0212709 0.999644 -0.016099 -0.104904 -0.000362625 0.0161104 0.99987 0.588737 0 0 0 1 
4215528470110;0.085073;0.0183906;0.999716 0.0234648 0.00405403 -0.0230994 -0.0234367 0.999702 -0.00683852 0.066274 -0.00421328 0.00674157 0.999968 -0.0738627 0 0 0 1 
4215528470111;0.687198;0.0343487;0.998552 0.00300123 0.0537042 -0.133437 -0.0063453 0.998043 0.0622067 -0.0475275 -0.0534124 -0.0624574 0.996617 0.889038 0 0 0 1 
4215528470112;0.990082;0.215638;0.998835 0.0436166 -0.0206324 -0.0894265 -0.0397217 0.986064 0.161556 0.245126 0.0273913 -0.160548 0.986648 0.964359 0 0 0 1 
4215528470113;0.115928;0.0890933;0.99939 0.0346809 -0.00421147 0.00170017 -0.0346977 0.99939 -0.00397361 0.19313 0.0040711 0.00411731 0.999983 -0.026718 0 0 0 1 
4215528470114;0.310906;0.0186651;0.999996 -0.00110494 0.00276951 -0.166393 0.00111304 0.999995 -0.0029278 -0.040045 -0.00276626 0.00293087 0.999992 -0.274434 0 0 0 1 
4215528470115;0.363564;0.25426;0.999881 0.00748643 0.0134592 0.113711 -0.00638439 0.996764 -0.0801359 0.033115 -0.0140156 0.0800405 0.996693 -0.0483524 0 0 0 1 
4215528470116;0.348278;0.274125;0.921945 -0.0483551 0.384291 0.250856 0.00253666 0.992909 0.118851 0.0124307 -0.387313 -0.1086 0.91553 0.959612 0 0 0 1 
4215528470117;0.290367;0.254216;0.997832 0.0029963 -0.0657486 0.00287299 -0.00859256 0.996344 -0.0849993 0.00555037 0.0652536 0.08538 0.994209 -0.158365 0 0 0 1 
4215528470118;0.65787;0.361585;0.998775 -0.0141618 0.0474217 0.165703 0.0178543 0.996764 -0.0783697 -0.140522 -0.0461585 0.0791203 0.995796 -0.36021 0 0 0 1 
4215528470119;0.205525;0.0482833;0.992542 -0.0782533 0.093473 0.0296393 0.0879557 0.990613 -0.10464 -0.127334 -0.0844071 0.112081 0.990108 0.217264 0 0 0 1 
4215528470120;0.310799;0.195444;0.994232 -0.00723892 -0.107009 0.112033 0.0424272 0.942883 0.330412 -0.0700792 0.0985051 -0.333046 0.937751 -0.037956 0 0 0 1 
4215528470121;0.660347;0.0191207;0.939428 -0.0312754 0.341316 0.243091 0.148826 0.934272 -0.324017 -0.493974 -0.308748 0.355187 0.882336 1.19185 0 0 0 1 
4215528470122;0.789381;0.485708;0.983872 0.00927754 0.178632 -0.0410514 -0.0313907 0.992111 0.121367 0.0772422 -0.176097 -0.125017 0.976402 -0.00790244 0 0 0 1 
4215528470124;0.80876;0.510638;0.947883 0.00239558 0.318609 0.17624 0.0521467 0.985322 -0.162549 -0.00670348 -0.314321 0.170692 0.933845 0.714197 0 0 0 1 
4215528470125;0.139303;0.0615498;0.99136 -0.0363854 -0.126025 0.155492 0.0193398 0.990803 -0.133927 -0.0721839 0.129739 0.130332 0.982945 -0.869525 0 0 0 1 
4215528470126;0.0966618;0.0992752;0.998014 -0.0128251 -0.0616692 0.00780484 0.0136611 0.99982 0.0131543 -0.040127 0.0614894 -0.0139706 0.99801 -0.270671 0 0 0 1 
4215528470127;0.789796;0.233861;0.999942 -0.0107533 -0.000486208 -0.151748 0.0107537 0.999942 0.000738548 -0.0371053 0.000478238 -0.000743734 1 0.644853 0 0 0 1 
4215528470128;0.207096;0.0219958;0.998711 0.0426806 0.0274612 -0.0966651 -0.0425781 0.999084 -0.00430688 0.198142 -0.0276199 0.00313208 0.999614 -0.0750569 0 0 0 1 
4215528470129;0.938911;0.051533;0.999966 0.00367703 0.00739081 -0.0826846 -0.0036512 0.999987 -0.00350527 0.25123 -0.00740361 0.00347816 0.999967 0.874366 0 0 0 1 
4215528470130;0.991785;0.781505;0.985638 0.0419678 -0.163575 -0.220903 -0.0211467 0.991676 0.127009 0.0912894 0.167544 -0.121726 0.978321 -0.141834 0 0 0 1 
4215528470131;0.387282;0.316048;0.999984 -0.00536594 0.00160021 -0.0101364 0.00537535 0.999968 -0.00593824 0.0416632 -0.00156829 0.00594675 0.999981 -0.114418 0 0 0 1 
4215528470132;0.92999;0.419297;0.999615 -0.0207633 0.0184288 0.145365 0.0215216 0.998888 -0.0419502 0.00167365 -0.0175373 0.0423307 0.99895 -0.799641 0 0 0 1 
4215528470133;0.555582;0.480376;0.999743 0.0108292 0.0198937 -0.0204433 -0.0062114 0.975709 -0.218983 0.107501 -0.0217819 0.218803 0.975526 -0.599904 0 0 0 1 
4215528470134;0.99593;0.701143;0.967136 0.00414945 0.254227 -0.00664273 -0.0254303 0.996432 0.0804789 0.0684603 -0.252986 -0.084299 0.96379 0.4647 0 0 0 1 
4215528470135;1.17319;0.959307;0.987842 -0.045561 0.148636 0.069171 0.0999805 0.918329 -0.382984 -0.454709 -0.119047 0.393188 0.911719 0.282314 0 0 0 1 
4215528470136;0.830588;0.781914;0.998304 0.00407888 0.0580663 -0.110319 -0.0210074 0.955561 0.294045 0.11223 -0.0542865 -0.294767 0.954026 0.940305 0 0 0 1 
4215528470137;0.395265;0.184311;0.988746 -0.035014 0.145447 0.0550507 -0.0299571 0.906194 0.421801 0.30026 -0.146572 -0.421411 0.894947 1.76232 0 0 0 1 
4215528470138;1.02893;0.874362;0.994932 0.0610799 -0.0798752 0.0146452 -0.0504866 0.990423 0.128503 0.252213 0.0869592 -0.123819 0.988487 -0.412397 0 0 0 1 
4215528470139;0.649753;0.277527;0.989238 -0.0528505 -0.136436 -0.0772613 0.0222946 0.976042 -0.216436 -0.159012 0.144606 0.211065 0.966716 -0.690072 0 0 0 1 
4215528470140;0.360307;0.139344;0.902203 -0.0244391 0.43062 0.321187 0.0631772 0.995113 -0.0758882 -0.34175 -0.426661 0.0956719 0.899337 1.76024 0 0 0 1 
4215528470141;0.657293;0.21819;0.99785 0.0133384 -0.0641743 -0.43106 -0.0147282 0.999666 -0.0212327 0.0423634 0.0638697 0.0221323 0.997713 -0.429405 0 0 0 1 
4215528470142;0.724166;0.567716;0.999977 -0.00367443 0.00573514 -0.0114525 0.00388446 0.999306 -0.0370505 -0.0994343 -0.00559501 0.0370719 0.999297 0.247312 0 0 0 1 
4215528470143;0.681426;0.102119;0.944715 0.115787 -0.306769 -0.348158 -0.0388234 0.968494 0.24599 0.337243 0.325587 -0.220481 0.919446 -1.20744 0 0 0 1 
4215528470144;0.404104;0.26849;0.99994 0.00978789 -0.00490757 -0.174577 -0.00955929 0.998958 0.0446207 0.115713 0.0053392 -0.0445711 0.998992 -0.0228767 0 0 0 1 
4215528470145;0.189223;0.0409514;0.997869 -0.0516079 -0.0399217 0.151622 0.0381493 0.957861 -0.284686 -0.0609183 0.0529315 0.282556 0.957789 -0.891693 0 0 0 1 
4215528470146;0.235131;0.0597663;0.991957 0.0346471 0.121742 -0.138643 -0.0335375 0.999375 -0.0111517 0.0763012 -0.122052 0.00697905 0.992499 0.626535 0 0 0 1 
4215528470147;0.605051;0.386988;0.999114 0.00945514 -0.0410187 -0.16474 -0.00960743 0.999948 -0.00351713 0.0405544 0.0409833 0.00390809 0.999152 -0.456699 0 0 0 1 
4215528470148;0.594371;0.21326;0.911011 -0.0488552 0.409479 0.500028 0.000576363 0.993107 0.117206 -0.104879 -0.412382 -0.10654 0.90476 2.4431 0 0 0 1 
4215528470149;0.787506;0.627046;0.999833 1.53541e-05 0.0182847 0.0925667 4.17637e-05 0.999995 -0.00312341 -0.126108 -0.0182847 0.00312365 0.999828 0.0281937 0 0 0 1 
4215528470150;0.616542;0.240463;0.984879 0.00647691 0.173124 0.0171034 -0.00999051 0.999761 0.0194316 -0.00755925 -0.172957 -0.0208674 0.984708 1.29375 0 0 0 1 
4215528470151;0.660847;0.564752;0.999695 -0.0173566 0.0175425 0.0356172 0.0187645 0.996326 -0.0835651 -0.00759956 -0.0160276 0.0838689 0.996348 -0.434624 0 0 0 1 
4215528470152;0.936036;0.208682;0.994709 0.0112136 0.10212 -0.0417808 -0.0156033 0.998984 0.0422887 0.0724936 -0.101542 -0.0436583 0.993873 -0.32688 0 0 0 1 
4215528470153;0.43556;0.426945;0.993714 -0.0342939 -0.106567 0.0113169 0.0180121 0.9885 -0.150146 -0.0743826 0.11049 0.147283 0.982904 -0.885907 0 0 0 1 
4215528470155;0.767559;0.618038;0.999134 0.0382511 -0.0163531 -0.149443 -0.0364759 0.994545 0.0977271 0.220041 0.0200021 -0.097046 0.995079 -0.249217 0 0 0 1 
4215528470156;0.534127;0.0211982;0.955969 0.0913802 -0.278879 0.145941 -0.0629536 0.992018 0.109256 0.147933 0.286636 -0.0868888 0.954091 -1.3966 0 0 0 1 
4215528470157;0.770434;0.397396;0.991724 0.0252283 0.125888 -0.0439554 -0.0193375 0.99867 -0.0477988 -0.0357864 -0.126927 0.0449689 0.990892 1.10349 0 0 0 1 
4215528470158;0.945303;0.634863;0.984286 0.0664859 -0.163589 0.0589962 -0.0394912 0.985827 0.16305 0.247189 0.172111 -0.154027 0.972961 -1.13715 0 0 0 1 
4215528470159;0.28795;0.164473;0.999338 -0.0116302 -0.0344605 -0.0451044 0.0108114 0.999657 -0.02385 -0.0266124 0.034726 0.0234617 0.999121 0.0948244 0 0 0 1 
4215528470160;0.771203;0.530283;0.998569 -0.00911543 -0.0526955 -0.0397744 0.00751962 0.999509 -0.030403 0.0381552 0.0529468 0.0299632 0.998148 -0.849657 0 0 0 1 
4215528470161;0.233784;0.171579;0.992401 0.0273622 0.119968 -0.0307077 -0.0275954 0.999619 0.000282651 0.128345 -0.119915 -0.00359108 0.992778 0.333873 0 0 0 1 
4215528470162;0.571431;0.0769728;0.99674 0.0206534 0.0779946 -0.608778 -0.0334863 0.985387 0.167006 0.0832707 -0.0734056 -0.169073 0.982866 0.669803 0 0 0 1 
4215528470163;0.611739;0.191167;0.99876 -0.0294794 0.0401159 -0.102966 0.0304811 0.999233 -0.024593 -0.0516913 -0.0393602 0.0257853 0.998892 0.761528 0 0 0 1 
4215528470164;0.552648;0.441477;0.999068 -0.0163578 0.0399343 0.0771112 0.0178286 0.999165 -0.0367567 -0.182885 -0.0392997 0.0374344 0.998526 0.161457 0 0 0 1 
4215528470165;0.294545;0.0253082;0.998858 0.0272113 -0.0392786 -0.0466294 -0.026446 0.999453 0.0198746 0.420578 0.0397979 -0.0188131 0.999031 -0.218877 0 0 0 1 
4215528470166;0.624564;0.548981;0.999245 0.0132359 0.0365265 0.0538692 -0.0117096 0.999062 -0.0416878 -0.0124856 -0.037044 0.0412286 0.998463 -0.229082 0 0 0 1 
4215528470167;0.723593;0.053387;0.996589 0.0825272 0.000474782 -0.332635 -0.0823007 0.994247 -0.0685487 0.436093 -0.00612918 0.0682758 0.997648 0.78806 0 0 0 1 
4215528470168;0.682452;0.415154;0.927534 0.102993 -0.359269 -0.228642 -0.074124 0.992878 0.0932639 0.3021 0.366316 -0.059875 0.928562 -0.469159 0 0 0 1 
4215528470169;0.452691;0.156252;0.996063 0.0502184 -0.0730506 0.0123322 -0.0416407 0.992546 0.11454 0.196532 0.0782581 -0.111047 0.990729 -0.607442 0 0 0 1 
4215528470170;0.927037;0.215787;0.97501 0.16964 -0.143449 -0.430469 -0.0953872 0.902816 0.419315 0.781396 0.200641 -0.395153 0.896436 -0.828159 0 0 0 1 
4215528470171;0.544194;0.382831;0.913537 -0.01445 -0.406499 0.33298 -0.0804744 0.973194 -0.215447 0.420024 0.398716 0.229531 0.887886 -1.74726 0 0 0 1 
4215528470172;0.700934;0.479034;0.904611 0.00522069 0.426207 0.263054 0.0106303 0.999338 -0.0348036 -0.135596 -0.426106 0.0360144 0.903956 1.72016 0 0 0 1 
4215528470173;0.534414;0.237813;0.982912 0.0352758 -0.180666 0.0799796 -0.0399981 0.998945 -0.0225609 0.219085 0.17968 0.0294016 0.983286 -1.13996 0 0 0 1 
4215528470174;0.297039;0.0377418;0.996757 0.0766856 0.0243856 -0.0958616 -0.0797251 0.982225 0.169938 0.27502 -0.0109204 -0.171331 0.985153 -0.0962217 0 0 0 1 
4215528470175;0.347703;0.169524;0.993361 0.0216506 0.112979 -0.069682 -0.0653029 0.914671 0.398889 0.16182 -0.0947029 -0.403619 0.910013 0.555354 0 0 0 1 
4215528470176;0.75672;0.545951;0.950134 -0.00557203 0.311791 -0.020937 0.0703351 0.977906 -0.196859 0.00279134 -0.303805 0.208972 0.929534 0.448385 0 0 0 1 
4215528470177;0.756848;0.173175;0.99734 0.0659643 -0.031026 0.0201652 -0.053686 0.952578 0.299521 0.218126 0.0493123 -0.297058 0.953585 -0.684706 0 0 0 1 
4215528470178;0.523311;0.472139;0.982839 -0.0289942 -0.182174 0.142681 0.0136234 0.996282 -0.0850656 -0.0343938 0.183964 0.081124 0.97958 -0.89449 0 0 0 1 
4215528470179;0.41696;0.226938;0.957933 0.11185 -0.264299 -0.00381381 -0.0438475 0.967156 0.250373 0.347018 0.283623 -0.228252 0.931375 -0.749894 0 0 0 1 
4215528470180;0.591922;0.279253;0.992539 0.0479324 -0.112112 -0.052718 -0.0440643 0.998353 0.0367307 0.208828 0.113688 -0.0315165 0.993016 -0.883049 0 0 0 1 
4215528470181;0.100371;0.0332825;0.996999 0.0738702 -0.0231558 -0.0567455 -0.0705203 0.990024 0.121983 0.281199 0.0319357 -0.119984 0.992262 0.00981612 0 0 0 1 
4215528470182;0.852078;0.347629;0.991826 0.00980572 -0.12722 0.105826 -0.00502427 0.999271 0.0378508 0.10657 0.127498 -0.0369022 0.991152 -1.30852 0 0 0 1 
4215528470183;0.165427;0.0221735;0.998967 -0.00964964 0.0444136 0.100112 0.0144858 0.993838 -0.109891 -0.0441722 -0.0430795 0.11042 0.992951 0.134726 0 0 0 1 
4215528470184;0.841318;0.340915;0.879806 -0.00759183 -0.475272 0.525634 -0.0375641 0.995635 -0.0854411 0.362835 0.473846 0.0930248 0.87568 -2.42129 0 0 0 1 
4215528470186;0.933251;0.524249;0.999797 0.0094758 0.0177545 0.00263615 -0.0111315 0.995357 0.0956037 0.0221992 -0.0167662 -0.095782 0.995261 -0.550187 0 0 0 1 
4215528470187;0.872934;0.488295;0.961054 -0.0614745 -0.269436 0.318988 -0.00603014 0.970049 -0.242835 0.233157 0.276294 0.235002 0.931899 -2.31164 0 0 0 1 
4215528470188;0.636802;0.282427;0.999912 -0.00532087 -0.0121646 -0.131724 0.00315845 0.985211 -0.171318 -0.133862 0.0128963 0.171264 0.985141 0.0213059 0 0 0 1 
4215528470189;0.616608;0.368045;0.921108 0.0135709 0.38907 0.330534 0.0318998 0.993401 -0.110172 -0.134618 -0.387997 0.113891 0.914597 1.71193 0 0 0 1 
4215528470190;0.721491;0.401356;0.999776 0.0191882 0.00892198 -0.102198 -0.0189757 0.999548 -0.0233122 0.117126 -0.00936527 0.0231376 0.999688 -0.567936 0 0 0 1 
4215528470191;0.988569;0.397153;0.999017 0.0442134 0.00329867 -0.21995 -0.0443276 0.994578 0.0940744 0.159635 0.000878559 -0.0941281 0.99556 1.00697 0 0 0 1 
4215528470192;0.483071;0.437928;0.996811 -0.00175495 0.0797845 0.0226926 0.00908797 0.995751 -0.0916406 -0.0537275 -0.0792847 0.0920734 0.992591 0.194151 0 0 0 1 
4215528470193;1.00219;0.769468;0.993654 -0.00625834 0.112304 0.0627444 -0.0019254 0.997358 0.0726153 -0.0634718 -0.112462 -0.0723708 0.991017 1.15164 0 0 0 1 
4215528470194;0.574823;0.40837;0.971912 -0.0213705 -0.234373 0.186416 -0.0480394 0.956886 -0.286463 0.417721 0.23039 0.289676 0.928982 -1.80699 0 0 0 1 
4215528470195;0.262201;0.189767;0.99968 0.0207943 -0.0143982 -0.0872877 -0.0201359 0.998808 0.0444543 0.119044 0.0153055 -0.0441502 0.998908 0.0952536 0 0 0 1 
4215528470196;0.705585;0.198032;0.999196 0.0299913 0.0266124 -0.134771 -0.0324631 0.994665 0.0979146 0.234645 -0.0235338 -0.0986998 0.994839 0.911271 0 0 0 1 
4215528470197;0.958351;0.545348;0.972528 -0.0153312 -0.23228 -0.106122 -0.000177293 0.99778 -0.0665991 -0.0657088 0.232785 0.0648107 0.970366 -0.501004 0 0 0 1 
4215528470198;0.657229;0.505527;0.992133 0.0286177 -0.121872 0.0693803 -0.021883 0.998177 0.0562454 0.172177 0.12326 -0.0531359 0.990951 -0.639602 0 0 0 1 
4215528470199;0.280312;0.11338;0.956343 -0.00107889 0.292245 0.182724 -0.0701635 0.969898 0.233183 0.415702 -0.2837 -0.243508 0.92748 1.59562 0 0 0 1 
4215528470200;0.717676;0.606389;0.977011 0.062949 -0.203683 -0.150034 -0.0439878 0.994378 0.0963188 0.213952 0.208601 -0.085145 0.974287 -0.514711 0 0 0 1 
4215528470201;0.269494;0.0453025;0.998599 -0.0249622 0.0466622 0.0289138 0.0259861 0.999432 -0.0214658 0.0930902 -0.0460998 0.0226483 0.99868 0.285992 0 0 0 1 
4215528470202;0.839096;0.47097;0.956729 -0.0221136 0.290138 0.00598744 0.00481303 0.998174 0.0602073 -0.0800457 -0.29094 -0.0562057 0.955089 0.656326 0 0 0 1 
4215528470203;0.446878;0.466122;0.999258 0.0366148 -0.0119434 -0.0545741 -0.0365266 0.999304 0.007523 0.060394 0.0122105 -0.00708117 0.9999 -0.0129861 0 0 0 1 
4215528470204;0.245546;0.252707;0.999885 -0.0111827 -0.0102916 -0.0598369 0.0109459 0.99968 -0.0227877 -0.00231974 0.0105431 0.0226724 0.999687 -0.0959068 0 0 0 1 
4215528470205;0.862633;0.0392713;0.999792 0.019972 -0.00420758 -0.116838 -0.0199668 0.9998 0.0012762 -0.0641156 0.00423223 -0.00119192 0.99999 0.826866 0 0 0 1 
4215528470206;0.412937;0.278631;0.99832 0.0540901 -0.0207711 -0.181425 -0.0455673 0.954361 0.29516 0.193945 0.0357883 -0.293717 0.955222 0.28037 0 0 0 1 
4215528470207;0.79837;0.054934;0.997743 0.0644795 -0.0187535 0.308089 -0.0492503 0.892493 0.448364 0.0614093 0.0456477 -0.446428 0.893654 0.290151 0 0 0 1 
4215528470208;0.797346;0.339228;0.998383 0.00810877 0.0562703 -0.214219 -0.0207275 0.973565 0.227466 0.136862 -0.0529384 -0.228264 0.972159 1.3749 0 0 0 1 
4215528470209;0.744174;0.0860911;0.999699 0.0175846 -0.0171134 -0.123346 -0.0179563 0.999601 -0.0218132 0.258597 0.016723 0.022114 0.999616 0.575698 0 0 0 1 
4215528470210;0.00963021;0.0208828;0.999981 -0.00187559 0.00584532 0.0119093 0.00189034 0.999995 -0.00251877 0.00751618 -0.00584056 0.00252978 0.99998 0.00381685 0 0 0 1 
4215528470211;0.575999;0.268286;0.994159 0.0390092 -0.100632 -0.0182597 -0.0355231 0.998713 0.0362053 0.181444 0.101914 -0.0324191 0.994265 -0.865595 0 0 0 1 
4215528470212;0.0961837;0.00531702;0.999231 -0.0377361 -0.0106592 0.0939306 0.0359894 0.99049 -0.132793 -0.110984 0.0155689 0.132307 0.991087 -0.288192 0 0 0 1 
4215528470213;0.289621;0.191177;0.969026 -0.0481774 -0.242215 0.150261 -0.031399 0.948793 -0.314336 0.223346 0.244956 0.312205 0.917892 -1.65881 0 0 0 1 
4215528470214;0.573067;0.176083;0.999162 -0.0137109 -0.0385746 0.167039 0.0155912 0.998683 0.0488734 0.0120859 0.0378537 -0.0494338 0.99806 -0.585599 0 0 0 1 
4215528470215;0.890995;0.363589;0.999914 -0.0121929 0.00478595 0.0215876 0.0122466 0.999861 -0.011354 0.0165945 -0.00464685 0.0114117 0.999924 -0.815646 0 0 0 1 
4215528470217;1.22438;0.093795;0.999751 0.0139513 -0.0174252 0.313402 -0.0143203 0.999672 -0.0212378 0.270555 0.0171231 0.0214821 0.999623 -0.974329 0 0 0 1 
4215528470218;0.463441;0.580648;0.999244 -0.0348487 -0.0172072 0.0952884 0.0309658 0.981416 -0.189378 -0.0103588 0.023487 0.188702 0.981753 -1.28484 0 0 0 1 
4215528470219;1.25639;0.798939;0.997832 0.0428488 -0.0499503 -0.0599344 -0.0265512 0.956598 0.290198 -0.0467013 0.060217 -0.288243 0.955662 0.444706 0 0 0 1 
4215528470220;0.864498;0.106172;0.98861 0.0440347 0.143917 -0.316916 -0.100213 0.906031 0.411175 0.690048 -0.112287 -0.420914 0.900124 3.20051 0 0 0 1 
4215528470221;0.77456;0.84054;0.973677 -0.00633419 0.227844 -0.0914621 0.00128857 0.999751 0.022287 -0.11829 -0.227929 -0.0214067 0.973443 2.38955 0 0 0 1 
4215528470222;0.34545;0.304381;0.997351 -0.0576423 0.0443765 0.21454 0.0577277 0.998332 -0.000642511 -0.561945 -0.0442654 0.00320256 0.999015 0.324291 0 0 0 1 
4215528470223;0.822643;0.490749;0.991929 -0.0898727 -0.0894385 0.699762 0.0799915 0.99087 -0.108525 -0.578939 0.0983754 0.100495 0.990062 -1.98998 0 0 0 1 
4215528470224;0.61224;0.365864;0.998259 -0.0175257 0.0563217 0.0982921 0.0260281 0.987732 -0.153975 -0.0833476 -0.0529322 0.155173 0.986468 -0.0434292 0 0 0 1 
4215528470225;0.96443;0.0686418;0.998583 0.0402136 0.0348557 -0.453357 -0.0396198 0.99906 -0.0175622 0.940194 -0.0355292 0.0161563 0.999238 0.0289333 0 0 0 1 
4215528470226;1.60186;0.442858;0.999279 0.0377032 0.00447592 -0.569623 -0.0364611 0.920045 0.390112 0.447061 0.0105904 -0.389994 0.920757 2.84051 0 0 0 1 
4215528470227;0.62327;0.194108;0.994207 0.00934398 0.107075 -0.109123 -0.00211105 0.997719 -0.0674654 0.20175 -0.107461 0.0668485 0.991959 0.439681 0 0 0 1 
4215528470228;0.76285;0.624718;0.970282 -0.0088811 -0.241814 0.644625 0.0311861 0.995582 0.0885697 -0.296881 0.239959 -0.0934788 0.966272 -1.98095 0 0 0 1 
4215528470229;0.828483;0.109708;0.935897 0.0182305 -0.351803 0.682168 -0.0406643 0.997575 -0.0564841 0.675612 0.34992 0.0671691 0.934368 -4.07129 0 0 0 1 
4215528470230;1.52282;1.32867;0.999948 0.00725886 -0.00710059 -0.137751 -0.0070879 0.999691 0.0238124 0.0988376 0.00727125 -0.0237608 0.999691 -0.0687073 0 0 0 1 
4215528470231;1.36079;1.25989;0.953249 0.0537297 -0.297372 0.723408 -0.0472412 0.998463 0.0289689 0.499986 0.298471 -0.0135664 0.954322 -3.19993 0 0 0 1 
4215528470232;1.01124;0.175878;0.992232 0.0691525 0.103406 -0.505776 -0.0737711 0.99641 0.0415233 0.494955 -0.100164 -0.0488291 0.993772 0.819471 0 0 0 1 
4215528470233;0.360528;0.0561402;0.999761 -0.0201261 -0.00854712 0.14308 0.0202292 0.999722 0.0121507 -0.389128 0.0083002 -0.0123207 0.99989 0.109152 0 0 0 1 
4215528470234;0.247697;0.116236;0.99998 0.00545674 0.00318387 -0.105733 -0.00544949 0.999983 -0.00227985 0.0596119 -0.00319625 0.00226246 0.999992 -0.043753 0 0 0 1 
4215528470235;1.12906;1.37355;0.97887 -0.113188 -0.170297 0.947243 0.0752955 0.973828 -0.214452 -0.495649 0.190114 0.197098 0.961774 -3.19086 0 0 0 1 
4215528470236;0.421865;0.231191;0.985217 0.162932 -0.052912 -0.598401 -0.140356 0.944825 0.295983 1.47445 0.0982178 -0.284181 0.953727 0.437536 0 0 0 1 
4215528470237;1.6174;1.03755;0.999695 0.0196639 -0.0149202 -0.23397 -0.0194896 0.999741 0.0117384 0.0716002 0.0151471 -0.011444 0.99982 0.599315 0 0 0 1 
4215528470238;1.42655;0.261385;0.974502 -0.0814991 0.209056 0.178953 0.111163 0.984685 -0.134308 -1.2691 -0.194909 0.154122 0.968637 2.01716 0 0 0 1 
4215528470239;1.23487;0.553712;0.994197 0.0311827 -0.102958 -0.264604 -0.026442 0.99854 0.0470938 0.178601 0.104276 -0.0440981 0.99357 -0.269187 0 0 0 1 
4215528470240;1.31981;0.40323;0.996576 -0.0555786 0.0612101 0.033224 0.0576544 0.997801 -0.0326845 -0.629213 -0.0592589 0.0361016 0.99759 1.11326 0 0 0 1 
4215528470241;0.144224;0.0764353;0.994127 -0.0591061 0.0906521 0.246367 0.06491 0.995934 -0.0624701 -0.59049 -0.0865912 0.0679875 0.993921 0.497801 0 0 0 1 
4215528470242;0.341886;0.180263;0.995973 -0.0690307 0.0572136 0.273984 0.0754183 0.990114 -0.118262 -0.630665 -0.0484843 0.122101 0.991333 -0.274683 0 0 0 1 
4215528470243;0.806737;0.5371;0.998204 -0.0415099 0.0431907 0.111707 0.0440437 0.997258 -0.0594683 -0.218504 -0.0406037 0.0612637 0.997295 -0.0393142 0 0 0 1 
4215528470244;0.044198;0.0356756;0.999261 0.0383276 0.0030516 -0.1812 -0.0383277 0.999265 -4.95579e-05 0.428497 -0.00305126 -6.74393e-05 0.999995 0.00957403 0 0 0 1 
4215528470245;1.65415;0.65063;0.999908 0.0135848 0.000566841 0.0432146 -0.0135127 0.997495 -0.069432 0.522819 -0.00150864 0.0694179 0.997587 -1.2328 0 0 0 1 
4215528470246;0.359411;0.395992;0.991786 -0.0790675 0.100547 0.359034 0.0856257 0.994354 -0.0626693 -0.706268 -0.0950243 0.0707639 0.992957 0.576032 0 0 0 1 
4215528470248;1.05013;0.947276;0.991851 0.0185678 -0.126041 -0.132982 -0.0231189 0.999129 -0.0347423 0.192789 0.125286 0.0373731 0.991417 -0.661062 0 0 0 1 
4215528470249;0.429566;0.0432469;0.975609 -0.0495342 0.213853 0.24956 -0.0126372 0.959918 0.279995 0.0779313 -0.219151 -0.275868 0.935879 2.7291 0 0 0 1 
4215528470250;0.0803374;0.0397093;0.998673 0.0489913 -0.0158759 -0.204644 -0.0476967 0.996144 0.0736326 0.245454 0.019422 -0.0727777 0.997159 0.156954 0 0 0 1 
4215528470251;0.907231;0.751598;0.995152 -0.00931663 0.0979113 -0.0941817 0.00120561 0.996584 0.0825751 0.0192812 -0.0983462 -0.0820567 0.991763 0.686945 0 0 0 1 
4215528470252;0.54782;0.0474104;0.999806 0.0164743 -0.0108372 0.00692469 -0.0162534 0.999665 0.020165 0.0576146 0.0111658 -0.0199849 0.999738 -0.514604 0 0 0 1 
4215528470253;0.780027;0.652109;0.972408 0.0367351 -0.230377 0.120246 -0.0338047 0.99929 0.0166554 0.31529 0.230825 -0.00840797 0.972959 -1.4143 0 0 0 1 
4215528470254;0.503441;0.108384;0.976728 0.00197632 0.214473 0.00214107 -0.0397954 0.984265 0.172162 0.1143 -0.210758 -0.17669 0.961437 1.51272 0 0 0 1 
4215528470255;0.683372;0.419788;0.997013 -0.0243472 0.0732962 0.0302786 0.0307937 0.995631 -0.0881473 -0.290566 -0.0708299 0.0901411 0.993407 0.388691 0 0 0 1 
4215528470256;0.928983;0.417355;0.997201 0.0386997 -0.0639705 -0.326502 -0.0365052 0.998716 0.0351255 0.23704 0.0652477 -0.0326919 0.997333 0.399383 0 0 0 1 
4215528470257;0.749547;0.26118;0.995085 -0.0302063 -0.0943069 0.284385 0.0124306 0.982911 -0.183661 0.191742 0.098243 0.181586 0.978455 -1.90058 0 0 0 1 
4215528470258;0.0650151;0.0672042;0.999562 -0.029585 0.000982611 0.147532 0.029589 0.999553 -0.00436567 -0.167531 -0.000853013 0.00439284 0.99999 -0.0592904 0 0 0 1 
