#;prob_registration_l1 -r /home/probabilistic_point_clouds_registration/build/tester /home/point_clouds_registration_benchmark//devel/registration_pairs/planetary_map_local.txt /home/point_clouds_registration_benchmark//planetary/p2at_met -s 0.2 -t 0.2 -p 0.3 -r 1000 -m 5 -i 40 
id;initial_error;final_error;transformation
25528382210000;2.8561;1.695;0.99996 -0.00891987 -1.18043e-05 -0.666563 0.00891893 0.999834 0.0158656 -0.106126 -0.000129717 -0.0158651 0.999874 1.37707 0 0 0 1 
25528382210001;2.11331;1.65632;0.999986 -0.00033989 -0.00537215 -0.0104799 0.00123373 0.98591 0.167272 -0.912305 0.0052396 -0.167277 0.985896 -9.09086 0 0 0 1 
25528382210002;1.70145;1.59747;0.974875 0.00569976 0.222678 0.807316 0.0498317 0.968756 -0.242958 -2.30125 -0.217105 0.247951 0.944132 13.7791 0 0 0 1 
25528382210003;1.37022;0.508946;1 -0.000453273 -0.000839143 -0.286264 0.000459957 0.999968 0.00798262 0.00286218 0.000835498 -0.007983 0.999968 0.691835 0 0 0 1 
25528382210004;1.75339;1.28774;0.967148 -0.0387399 0.251246 -1.55796 0.00746046 0.99222 0.124273 -0.20104 -0.254106 -0.118316 0.959912 -5.46989 0 0 0 1 
25528382210005;0.735848;0.401981;0.994148 0.00334814 0.107979 0.403908 0.0301542 0.951193 -0.30712 -3.11894 -0.103737 0.308579 0.945525 16.4879 0 0 0 1 
25528382210006;1.57164;0.542135;0.997617 -0.00860715 -0.0684512 -0.461513 0.00726881 0.999778 -0.0197768 0.00084268 0.0686062 0.0192321 0.997458 -1.00014 0 0 0 1 
25528382210007;1.73822;1.47796;0.99998 0.000550432 -0.00637033 0.248769 -0.00088732 0.998594 -0.0530025 -0.236655 0.0063322 0.0530071 0.998574 2.11942 0 0 0 1 
25528382210008;0.906109;0.894482;0.99523 0.010981 0.0969364 0.795092 -0.011968 0.999882 0.0096061 0.114292 -0.0968195 -0.0107204 0.995244 -0.0127586 0 0 0 1 
25528382210009;0.490985;0.294952;0.971943 0.0363367 -0.232394 1.65896 -0.0123274 0.994507 0.103943 0.0581726 0.234894 -0.0981614 0.967052 -6.47822 0 0 0 1 
25528382210010;2.17163;1.38829;0.989624 -0.0303708 -0.140437 -1.34496 -0.0333926 0.902029 -0.430381 -4.32584 0.139749 0.430605 0.891655 18.3565 0 0 0 1 
25528382210011;2.42393;1.98543;0.999688 0.0230879 -0.00948586 1.30523 -0.0215484 0.990079 0.13885 -0.181307 0.0125975 -0.138602 0.990268 -8.51053 0 0 0 1 
25528382210012;1.04957;0.516568;0.997853 -0.00859122 -0.0649218 -0.485486 0.00448182 0.997992 -0.0631802 -0.529493 0.0653342 0.0627536 0.995888 3.32289 0 0 0 1 
25528382210013;1.47687;1.22363;0.999988 -0.00432122 0.00222339 -0.178013 0.0043086 0.999975 0.00564937 -0.0150497 -0.00224774 -0.00563973 0.999982 0.362805 0 0 0 1 
25528382210014;2.77484;2.29011;0.983357 -0.0189324 0.180694 -0.375896 -0.0473324 0.933516 0.355399 -2.58289 -0.175409 -0.358036 0.917083 -15.9054 0 0 0 1 
25528382210015;1.8346;1.68746;0.996799 0.000632665 0.0799463 0.138216 0.00466493 0.997805 -0.0660603 -0.238485 -0.0798126 0.0662218 0.994608 4.51501 0 0 0 1 
25528382210016;0.567147;0.339789;0.994174 0.0133463 -0.10696 0.602706 0.00425551 0.986671 0.162669 -0.717009 0.107706 -0.162177 0.980866 -9.30018 0 0 0 1 
25528382210017;2.04883;1.47099;0.951188 0.0471585 -0.304988 1.95799 0.0225646 0.974983 0.22113 -1.14491 0.307787 -0.217218 0.926328 -11.7389 0 0 0 1 
25528382210018;2.95759;1.71928;0.998925 0.0461384 -0.00452626 1.91416 -0.040883 0.922739 0.38325 -2.44133 0.0218591 -0.382653 0.923633 -17.3343 0 0 0 1 
25528382210019;2.21355;1.98966;0.995981 0.00876387 0.0891344 0.663661 -0.00853742 0.999959 -0.00292145 0.175028 -0.0891564 0.00214874 0.996015 -0.212768 0 0 0 1 
25528382210020;0.308749;0.280084;0.98333 -0.025791 0.17999 -0.994245 0.0699915 0.967303 -0.243774 -2.60971 -0.167818 0.252308 0.952984 13.5984 0 0 0 1 
25528382210021;1.80312;1.49277;0.999936 0.00896237 -0.00690616 0.436804 -0.00854671 0.998278 0.0580323 0.00781871 0.00741437 -0.0579695 0.998291 -2.15745 0 0 0 1 
25528382210022;2.94324;2.6062;0.874278 -0.0306027 -0.484459 -1.63212 -0.004883 0.997406 -0.0718169 -0.0779162 0.4854 0.0651536 0.871861 0.45621 0 0 0 1 
25528382210023;1.21687;1.07851;0.888402 -0.0138949 -0.458855 -0.483133 -0.024717 0.996644 -0.0780353 0.12366 0.458399 0.0806682 0.885078 0.252828 0 0 0 1 
25528382210024;1.44022;1.33517;0.99912 -0.0104953 0.0406205 -0.493293 0.0119513 0.999289 -0.0357681 -0.251554 -0.0402162 0.036222 0.998534 1.60327 0 0 0 1 
25528382210025;2.35204;2.2261;0.999987 0.000100696 -0.00505889 0.175296 -6.18493e-05 0.999971 0.00767846 -0.11175 0.00505951 -0.00767805 0.999958 -0.592061 0 0 0 1 
25528382210026;1.69358;0.539072;0.997572 -0.00198576 0.0696153 -0.168962 0.000755114 0.999843 0.0176997 0.232543 -0.0696395 -0.0176041 0.997417 -1.93333 0 0 0 1 
25528382210027;2.42888;1.68197;0.997613 -0.00911828 0.068445 -0.525549 0.0109134 0.999605 -0.0258988 -0.289134 -0.0681818 0.026584 0.997319 3.49299 0 0 0 1 
25528382210028;0.814222;0.296658;0.970766 0.00344378 -0.240002 0.352411 -0.0235063 0.996455 -0.0807806 0.0656093 0.238873 0.0840607 0.967406 1.79411 0 0 0 1 
25528382210029;0.390701;0.302603;0.971707 -0.0514397 -0.230519 -2.6139 -0.0157747 0.959682 -0.280645 -2.25924 0.235661 0.276341 0.931718 11.8944 0 0 0 1 
25528382210031;1.54457;0.769372;0.999675 0.0181077 -0.0179188 0.539084 -0.017173 0.99855 0.0510098 -0.0207458 0.0188165 -0.0506855 0.998537 -3.18219 0 0 0 1 
25528382210032;0.49374;0.421872;0.999877 0.0154598 -0.00273363 0.415742 -0.0150053 0.992267 0.123213 0.00706292 0.00461733 -0.123157 0.992376 -3.75609 0 0 0 1 
25528382210033;0.496545;0.348493;0.998303 0.00681513 0.0578367 0.222724 -0.00772056 0.999851 0.015446 0.0162928 -0.0577229 -0.0158663 0.998207 -0.466688 0 0 0 1 
25528382210034;1.67751;1.30843;0.999541 -0.00746917 -0.0293531 -0.145817 0.00440296 0.994654 -0.103168 -0.177375 0.0299668 0.102991 0.994231 1.8401 0 0 0 1 
25528382210035;1.14274;0.465904;0.996824 0.0140361 -0.0783898 0.468961 -0.0103881 0.998852 0.0467523 -0.0293801 0.0789561 -0.0457895 0.995826 -3.28877 0 0 0 1 
25528382210036;0.657758;0.294099;0.998721 0.0103689 0.0494794 0.256024 -0.0162896 0.992543 0.1208 0.0632823 -0.0478578 -0.121452 0.991443 -2.76214 0 0 0 1 
25528382210037;0.42747;0.229075;0.94267 0.0227031 -0.332952 0.942539 -0.00231656 0.998104 0.0614992 -0.0968329 0.333717 -0.0572022 0.940936 -5.0563 0 0 0 1 
25528382210038;2.16463;1.59433;0.995189 -0.0102029 -0.0974409 -0.492865 0.00680594 0.99936 -0.0351308 -0.13122 0.0977369 0.0342986 0.994621 1.7839 0 0 0 1 
25528382210039;1.45509;1.23526;0.999822 0.00459371 0.0183046 0.0978171 -0.0057637 0.997908 0.0643867 0.0680379 -0.0179705 -0.0644808 0.997757 -1.05707 0 0 0 1 
25528382210040;1.05221;1.04445;0.995827 -0.00760797 -0.0909392 -0.177524 0.00323769 0.998837 -0.0481084 -0.0832589 0.0911994 0.0476132 0.994694 0.407519 0 0 0 1 
25528382210041;1.71424;0.957906;0.909129 -0.0165248 0.416187 0.984349 -0.0101951 0.99803 0.0618974 0.144959 -0.41639 -0.0605157 0.90717 3.33684 0 0 0 1 
25528382210042;0.574012;0.356112;0.988743 -0.00285534 0.149594 0.0677029 0.0518511 0.9444 -0.324684 -2.54867 -0.14035 0.328785 0.933918 11.5958 0 0 0 1 
25528382210043;0.513876;0.259009;0.999875 0.0124469 0.00970955 0.474898 -0.0141759 0.978591 0.205328 -0.332628 -0.00694596 -0.20544 0.978645 -6.723 0 0 0 1 
25528382210044;0.355334;0.21669;0.914527 -0.0143122 0.40427 0.648436 -0.0421114 0.990576 0.130332 0.162807 -0.402326 -0.136216 0.905306 -0.862443 0 0 0 1 
25528382210045;1.15928;1.11713;0.999208 0.00123463 -0.0397776 -0.0243297 -0.00316885 0.998813 -0.0485995 -0.0860725 0.0396704 0.0486871 0.998026 0.850099 0 0 0 1 
25528382210046;2.5411;1.3056;0.995179 0.0171311 0.0965709 0.718082 -0.0544083 0.91566 0.398254 -2.22933 -0.0816037 -0.401588 0.912178 -13.8458 0 0 0 1 
25528382210047;2.63214;2.3334;0.962996 -0.0786912 -0.257773 -2.53629 -0.014961 0.939345 -0.342648 -2.19761 0.269101 0.333825 0.903408 8.74924 0 0 0 1 
25528382210048;0.0550198;0.06793;0.999721 0.00860107 -0.0220081 0.184911 -0.00894397 0.999839 -0.0155301 0.0659811 0.0218709 0.0157226 0.999637 0.220065 0 0 0 1 
25528382210049;0.624254;0.367553;0.999079 0.0153535 0.0400571 0.451003 -0.0237147 0.975779 0.217471 -0.265526 -0.0357479 -0.218221 0.975244 -5.9618 0 0 0 1 
25528382210050;1.7141;0.30051;0.999726 0.00725224 0.0222588 0.0848824 -0.00614843 0.998767 -0.0492639 0.0959579 -0.0225886 0.0491136 0.998538 3.53607 0 0 0 1 
25528382210051;0.731618;0.748083;0.998864 0.0132245 -0.0457846 0.336976 -0.00885964 0.995508 0.0942579 0.0371555 0.0468255 -0.0937452 0.994494 -3.26066 0 0 0 1 
25528382210052;0.501673;0.401076;0.945448 0.0192168 -0.325206 0.770941 0.0194625 0.993144 0.115268 -0.237395 0.325191 -0.115309 0.938592 -6.35291 0 0 0 1 
25528382210053;0.245766;0.274171;0.996448 0.00230098 0.0841734 0.0816616 0.0100092 0.989303 -0.145533 -0.548288 -0.0836078 0.145859 0.985766 5.06276 0 0 0 1 
25528382210054;2.27774;1.80377;0.998428 -0.00242156 0.0560032 -0.0758039 0.00537569 0.998598 -0.052659 -0.0705481 -0.0557971 0.0528772 0.997041 3.49566 0 0 0 1 
25528382210055;0.613367;0.634662;0.99689 0.00878644 -0.0783196 0.13825 -0.00630075 0.99947 0.0319286 0.0340773 0.0785586 -0.0313358 0.996417 -1.51405 0 0 0 1 
25528382210056;2.21606;2.04668;0.992913 0.03617 -0.113203 1.21781 -0.0103555 0.975268 0.220783 -0.62761 0.118389 -0.218046 0.968731 -8.50123 0 0 0 1 
25528382210057;2.17431;2.00045;0.999935 -0.00227411 -0.0111684 -0.205587 0.00186584 0.999334 -0.0364315 -0.121876 0.0112438 0.0364083 0.999274 1.75852 0 0 0 1 
25528382210058;0.777574;0.488608;0.944056 0.0931244 -0.316364 2.9256 0.031803 0.929124 0.368398 -2.2015 0.328248 -0.35785 0.874183 -13.746 0 0 0 1 
25528382210059;0.655634;0.273805;0.998441 0.020164 -0.0520452 0.587773 -0.0152548 0.995544 0.0930561 -0.0405293 0.0536896 -0.0921171 0.9943 -4.02655 0 0 0 1 
25528382210060;1.3379;0.408741;0.945129 -0.0548827 -0.322054 -1.82139 -0.0112426 0.97974 -0.199956 -0.920784 0.326503 0.192605 0.925364 4.33937 0 0 0 1 
25528382210062;1.314;0.95504;0.996251 0.00904815 -0.0860389 0.31414 -0.00472501 0.998722 0.0503179 0.0291582 0.0863842 -0.0497228 0.99502 -2.18861 0 0 0 1 
25528382210063;2.15505;1.47841;0.999991 -0.0039857 -0.00109544 -0.128969 0.00392356 0.998648 -0.0518332 0.0219209 0.00130055 0.0518285 0.998655 3.09313 0 0 0 1 
25528382210064;0.553066;0.456634;0.984997 -0.00429572 0.172516 -0.322798 0.0302875 0.988476 -0.148316 -0.698441 -0.169891 0.151316 0.973776 10.1429 0 0 0 1 
25528382210065;1.61508;0.698363;0.994386 0.0276925 -0.102128 1.99527 -0.00999367 0.985412 0.169894 -0.9108 0.105343 -0.16792 0.980156 -12.3392 0 0 0 1 
25528382210066;1.78743;1.0026;0.999959 0.0023897 0.00878953 0.129204 -0.00259206 0.99973 0.0230846 -0.0129525 -0.00873199 -0.0231064 0.999695 -0.782721 0 0 0 1 
25528382210067;0.672032;0.577087;0.993832 -0.0147605 -0.109911 -1.99676 0.00460885 0.995744 -0.0920499 -0.581821 0.110802 0.0909756 0.98967 11.8519 0 0 0 1 
25528382210068;1.84994;0.822913;0.997878 0.00754011 -0.0646722 0.109976 -0.00427318 0.998715 0.0505054 0.072702 0.0649699 -0.0501219 0.996628 -1.61626 0 0 0 1 
25528382210069;2.23987;0.402199;0.981323 -0.0319891 -0.189688 -3.57735 -0.0128772 0.972941 -0.230696 -3.07755 0.191935 0.22883 0.954357 24.7804 0 0 0 1 
25528382210070;2.2156;0.895751;0.999962 -0.00200223 -0.00853087 -0.464505 0.00203416 0.999991 0.00373529 0.00570957 0.00852331 -0.0037525 0.999957 2.21391 0 0 0 1 
25528382210071;1.44584;1.27701;0.999123 -0.0416036 0.00473142 -4.08214 0.0392017 0.889714 -0.454832 -11.0821 0.014713 0.454618 0.890565 44.5427 0 0 0 1 
25528382210072;1.6175;1.64958;0.998275 -0.0414605 -0.0415645 -4.36271 0.0236892 0.932272 -0.360983 -7.24264 0.0537159 0.359376 0.931646 37.1974 0 0 0 1 
25528382210073;2.148;0.408189;0.999042 0.00668005 -0.0432532 0.0991902 -0.00474028 0.998985 0.0447951 0.086911 0.0435086 -0.0445471 0.998059 -0.935564 0 0 0 1 
25528382210074;1.21241;0.387485;0.991288 -0.0068246 0.131535 -0.505318 0.0047306 0.999857 0.0162256 0.197979 -0.131627 -0.015462 0.991179 -6.42682 0 0 0 1 
25528382210075;0.469924;0.149955;0.967729 -0.0290561 -0.250314 -4.32803 -0.0121085 0.986821 -0.161361 -2.01021 0.251703 0.159185 0.954623 21.4145 0 0 0 1 
25528382210076;1.94829;1.26916;0.999898 0.00773171 -0.0120264 0.458134 -0.00674844 0.996792 0.0797539 0.109546 0.0126045 -0.0796646 0.996742 -5.65989 0 0 0 1 
25528382210077;1.55351;0.727659;0.999846 0.00952489 -0.0147728 1.10378 -0.00853732 0.997814 0.0655307 -0.226269 0.0153646 -0.0653945 0.997741 -7.99796 0 0 0 1 
25528382210078;1.78754;1.50166;0.999814 0.00170668 0.0192276 0.138247 -0.00227994 0.999552 0.0298319 0.014221 -0.0191681 -0.0298702 0.99937 -2.50787 0 0 0 1 
25528382210079;0.52952;0.362088;0.96643 -0.0196134 -0.256179 -3.50827 -0.00762421 0.994454 -0.104899 -0.997867 0.256815 0.103331 0.960921 16.1951 0 0 0 1 
25528382210080;0.579865;0.172832;0.99995 -0.000201981 -0.00995272 -0.112078 0.000210082 1 0.000812933 -0.00877559 0.00995256 -0.000814983 0.99995 0.73657 0 0 0 1 
25528382210081;1.6725;1.66159;0.999611 -0.00958941 0.0261971 -0.858295 0.0113974 0.997498 -0.0697629 -0.150131 -0.0254626 0.0700344 0.99722 6.09531 0 0 0 1 
25528382210082;1.80785;0.228328;0.95992 -0.0139928 0.279924 -1.25604 -0.0267376 0.989626 0.141158 -1.1587 -0.278995 -0.142985 0.949588 -19.4147 0 0 0 1 
25528382210083;0.928935;0.256373;0.981962 -0.0318448 -0.186377 -4.37212 -0.00752268 0.978355 -0.206799 -3.09506 0.188928 0.204471 0.960468 25.8501 0 0 0 1 
25528382210084;1.83208;1.48014;0.998845 -0.0145615 -0.0457889 -1.4733 0.00856705 0.991675 -0.128484 -0.792877 0.0472786 0.127944 0.990654 12.3066 0 0 0 1 
25528382210085;0.401662;0.265608;0.993847 0.0494338 -0.0991156 4.58074 -0.0172123 0.952935 0.302685 -4.25889 0.109414 -0.299117 0.947923 -27.6028 0 0 0 1 
25528382210086;1.45129;1.2475;0.996716 0.00216038 -0.0809447 -0.205572 -0.0042192 0.999672 -0.0252725 -0.169849 0.0808635 0.0255311 0.996398 5.28808 0 0 0 1 
25528382210087;0.345605;0.14605;0.939261 -0.00480573 0.343169 -0.955624 0.0343779 0.99619 -0.0801426 0.227248 -0.341476 0.0870723 0.935848 0.0169577 0 0 0 1 
25528382210088;0.167837;0.148195;0.999943 -0.00214966 -0.010469 -0.261709 0.002166 0.999996 0.00154972 0.0517681 0.0104656 -0.00157231 0.999944 -0.203007 0 0 0 1 
25528382210089;1.83562;1.80134;0.999857 -0.00293963 0.0166751 -0.253023 0.0034865 0.999454 -0.0328616 -0.00980466 -0.0165694 0.032915 0.999321 2.48881 0 0 0 1 
25528382210090;2.15758;0.154014;0.999991 -9.0811e-05 -0.00430642 -0.20884 -2.50517e-05 0.999638 -0.026897 -0.196764 0.0043073 0.0268968 0.999629 5.33552 0 0 0 1 
25528382210091;0.893388;0.493569;0.999859 -0.0138615 0.00945339 -1.41482 0.0149183 0.992315 -0.122832 -0.82393 -0.0076781 0.122956 0.992382 12.6759 0 0 0 1 
25528382210093;1.89713;0.244105;0.977256 0.0484574 -0.206454 -1.05003 -0.0292755 0.995049 0.0949742 -0.491182 0.210034 -0.0867701 0.973836 4.48479 0 0 0 1 
25528382210094;0.825331;0.182365;0.998097 0.0245855 -0.056555 -0.0908284 -0.00462717 0.944363 0.328872 0.290687 0.0614939 -0.327984 0.94268 -2.01976 0 0 0 1 
25528382210095;0.858473;0.712591;0.963438 0.0421087 0.264601 0.240756 -0.0766521 0.989614 0.12161 -1.06632 -0.256732 -0.137446 0.956659 -4.34155 0 0 0 1 
25528382210096;0.8797;0.366991;0.961516 0.0376681 0.272156 0.367963 -0.134733 0.927922 0.347575 -1.95097 -0.239447 -0.370867 0.897286 -6.88502 0 0 0 1 
25528382210097;2.1961;1.52076;0.998823 -0.000925324 0.0484974 0.203908 0.000259936 0.999906 0.0137246 -0.105123 -0.0485055 -0.0136958 0.998729 -2.16905 0 0 0 1 
25528382210098;1.08082;0.270814;0.999794 0.0202243 -0.00182055 0.310265 -0.0203045 0.996824 -0.0770024 -1.04154 0.000257445 0.0770235 0.997029 -0.167019 0 0 0 1 
25528382210099;0.565162;0.45218;0.949553 -0.0406543 -0.31096 -1.74916 0.00389681 0.993015 -0.117925 -0.276308 0.313582 0.110765 0.943079 5.72569 0 0 0 1 
25528382210100;1.81678;1.7469;0.999012 0.0369497 0.0246956 0.33967 -0.0417487 0.970756 0.23641 -0.26187 -0.0152382 -0.237207 0.97134 -1.61964 0 0 0 1 
25528382210101;0.708323;0.453261;0.998765 -0.0306915 -0.0390767 -0.44711 0.0289251 0.998569 -0.0449919 0.430949 0.0404017 0.043806 0.998223 1.39838 0 0 0 1 
25528382210102;2.25601;1.84372;0.996106 -0.00888039 -0.0877198 0.00377059 -0.001948 0.992455 -0.122593 -0.390354 0.0881466 0.122286 0.988573 0.90589 0 0 0 1 
25528382210103;0.72475;0.476053;0.999437 0.032759 -0.00728182 0.247733 -0.0321761 0.997072 0.0693701 -0.439538 0.00953299 -0.0690967 0.997564 0.360942 0 0 0 1 
25528382210104;2.73972;1.70326;0.990938 0.0520054 -0.123845 -0.305744 -0.0174442 0.964025 0.265239 0.321081 0.133183 -0.260675 0.956196 2.49046 0 0 0 1 
25528382210105;1.37462;1.1323;0.984261 -0.0376156 0.172674 -0.086512 0.122406 0.849862 -0.512593 0.0962008 -0.127467 0.525662 0.84109 0.142383 0 0 0 1 
25528382210106;1.98093;0.149277;0.994367 -0.0604176 -0.0870897 -0.194354 0.0237395 0.927713 -0.37254 -0.231075 0.103302 0.368374 0.923921 2.03112 0 0 0 1 
25528382210107;2.7132;2.04393;0.999637 0.00572159 0.0263386 0.217603 -0.00691544 0.998942 0.0454615 -0.1198 -0.0260506 -0.0456271 0.998619 -2.34235 0 0 0 1 
25528382210108;2.24596;1.4763;0.975864 0.0386288 -0.214937 -0.0592283 -0.0449691 0.998683 -0.0246853 -1.10168 0.2137 0.033755 0.976316 2.41738 0 0 0 1 
25528382210109;1.35089;0.291339;0.996998 0.00443977 0.0773048 0.410599 0.0030005 0.99539 -0.0958645 -0.0754766 -0.0773741 0.0958086 0.992388 -1.78832 0 0 0 1 
25528382210110;1.54595;0.997325;0.997388 0.0643319 -0.0328316 0.133454 -0.039225 0.864165 0.501677 0.159679 0.0606458 -0.499079 0.864432 -2.24815 0 0 0 1 
25528382210111;0.364366;0.243353;0.985024 -0.0133144 -0.171904 -0.839929 0.0047663 0.998736 -0.0500435 -0.071001 0.172353 0.0484747 0.983842 3.28252 0 0 0 1 
25528382210112;2.44837;1.99967;0.993994 -0.0101444 0.108965 -0.00718442 -0.0130832 0.977538 0.210353 0.367894 -0.108651 -0.210515 0.971534 -1.40266 0 0 0 1 
25528382210113;0.357128;0.275669;0.999389 0.0333854 0.0103152 0.288347 -0.0338653 0.998149 0.0505092 -0.50189 -0.00860983 -0.0508277 0.99867 -0.0458867 0 0 0 1 
25528382210114;2.52967;0.840676;0.947591 -0.0369459 0.317343 -0.764402 0.13869 0.942389 -0.304415 1.54011 -0.287813 0.332473 0.898123 -4.66127 0 0 0 1 
25528382210115;1.99023;0.276243;0.997739 -0.00965501 -0.0665123 -0.611274 0.0102242 0.999914 0.00822305 0.328396 0.0664272 -0.00888449 0.997752 3.02882 0 0 0 1 
25528382210116;0.274109;0.240491;0.998427 0.0192066 -0.05268 -0.161697 -0.00574247 0.96959 0.244668 0.353726 0.0557772 -0.24398 0.968175 -0.592866 0 0 0 1 
25528382210117;0.456139;0.268641;0.974833 0.0362171 0.219976 0.304852 -0.0766778 0.980986 0.17829 -1.00058 -0.209336 -0.190671 0.959074 -4.61386 0 0 0 1 
25528382210118;1.00279;0.218987;0.998764 -0.000915997 0.0497042 0.0449506 0.000586653 0.999978 0.00664028 0.0450083 -0.0497092 -0.00660291 0.998742 -1.72603 0 0 0 1 
25528382210119;1.53716;1.06831;0.994812 0.0280761 0.0977751 0.170031 -0.00516793 0.973866 -0.227064 -1.23144 -0.101595 0.225381 0.968959 0.458012 0 0 0 1 
25528382210120;1.16367;0.591958;0.999631 -0.00320378 0.0269664 0.0566465 0.00247553 0.999632 0.0269963 0.388801 -0.027043 -0.0269195 0.999272 0.279875 0 0 0 1 
25528382210121;1.92017;1.64875;0.99807 0.0216312 0.0582156 0.348389 -0.0332317 0.977909 0.206375 -0.265423 -0.0524654 -0.207911 0.97674 -3.17441 0 0 0 1 
25528382210122;1.42171;0.533338;0.995595 0.0155396 -0.0924652 0.149278 -0.0189953 0.999149 -0.0366114 -0.259792 0.0918176 0.0382065 0.995043 0.385758 0 0 0 1 
25528382210124;1.41534;0.518196;0.99981 0.0115211 -0.0157391 1.01245 -0.0106349 0.998415 0.0552755 -0.288678 0.0163509 -0.0550976 0.998347 -5.86274 0 0 0 1 
25528382210125;0.633729;0.32861;0.991724 -0.0379609 -0.122651 -3.28916 0.0204795 0.989831 -0.140765 -0.911263 0.126747 0.137088 0.982416 12.0486 0 0 0 1 
25528382210126;0.445145;0.333503;0.951982 -0.00983985 -0.305997 -1.52269 0.0163161 0.999694 0.0186141 0.103295 0.30572 -0.0227129 0.951851 -0.122451 0 0 0 1 
25528382210127;0.670288;0.641221;0.998374 -0.0141473 -0.0552159 -1.18248 0.0104574 0.997728 -0.0665529 -0.223559 0.056032 0.0658673 0.996254 5.68629 0 0 0 1 
25528382210128;2.24311;1.77986;0.999967 -0.00630499 0.00517231 -0.260352 0.00641873 0.999731 -0.022277 -0.0856377 -0.00503047 0.0223095 0.999738 -0.213074 0 0 0 1 
25528382210129;1.80511;1.48582;0.984749 0.0111444 0.173623 1.14886 -0.0123449 0.999907 0.00583591 0.153198 -0.173542 -0.00789027 0.984795 -0.282859 0 0 0 1 
25528382210130;0.986557;0.165981;0.998982 0.0114661 0.0436288 0.877717 -0.0148664 0.996809 0.0784289 -0.0400831 -0.0425903 -0.0789977 0.995965 -5.36675 0 0 0 1 
25528382210131;2.11864;1.97436;0.984049 -0.108823 -0.140733 -8.72034 0.0358254 0.896096 -0.442413 -8.56412 0.174255 0.430314 0.8857 34.2737 0 0 0 1 
25528382210132;0.163045;0.145384;0.999936 0.00144721 -0.0112165 0.0763057 -0.00180166 0.999497 -0.0316559 -0.140537 0.011165 0.0316741 0.999436 2.36743 0 0 0 1 
25528382210133;1.8377;0.907696;0.999886 -0.000755784 -0.0150842 -0.307319 0.000575953 0.999929 -0.0119226 0.0638979 0.0150922 0.0119125 0.999815 2.93629 0 0 0 1 
25528382210134;1.18998;0.850047;0.999986 -0.00477815 0.00239384 -0.486967 0.0048523 0.999476 -0.0319924 -0.0647831 -0.00223972 0.0320036 0.999485 3.40232 0 0 0 1 
25528382210135;0.879278;0.722612;0.999232 0.00965339 0.0379644 0.728744 -0.0113108 0.998981 0.0436869 0.00100119 -0.037504 -0.0440827 0.998324 -3.07449 0 0 0 1 
25528382210136;1.20454;1.04718;0.937948 0.0282599 0.345623 2.44605 0.028568 0.986989 -0.158229 -1.01438 -0.345598 0.158284 0.924937 11.269 0 0 0 1 
25528382210137;0.490225;0.524082;0.999872 -0.00897576 0.0132621 -0.630946 0.00986173 0.997614 -0.0683241 -0.261918 -0.0126172 0.0684461 0.997575 5.02764 0 0 0 1 
25528382210138;0.898047;0.919353;0.999856 -0.0112019 0.0127313 -0.803906 0.0122605 0.996189 -0.0863601 -0.392485 -0.0117154 0.0865038 0.996183 6.39307 0 0 0 1 
25528382210139;0.258844;0.202693;0.998371 -0.00673593 0.0566651 -0.413976 0.00954004 0.998735 -0.0493618 -0.175275 -0.0562609 0.0498219 0.997172 3.64381 0 0 0 1 
25528382210140;1.51354;1.3684;0.999504 -0.0113988 0.0293541 -0.792231 0.0146256 0.993581 -0.112173 -0.627545 -0.0278871 0.112547 0.993255 7.85701 0 0 0 1 
25528382210141;0.177514;0.188975;0.968359 0.0154496 0.249083 1.44736 -0.0309991 0.997799 0.0586257 -0.238108 -0.247629 -0.0644921 0.966706 -6.63707 0 0 0 1 
25528382210142;1.7221;1.44613;0.991119 0.0127542 -0.132366 0.597659 0.00544469 0.990663 0.136225 -0.306135 0.132867 -0.135736 0.981795 -9.47592 0 0 0 1 
25528382210143;1.74732;1.65035;0.993819 -0.0135372 -0.110181 -1.30421 0.00890079 0.999058 -0.0424637 0.0322906 0.110652 0.0412205 0.993004 3.92067 0 0 0 1 
25528382210144;0.62636;0.604341;0.98536 -0.0152066 -0.169807 -1.45108 0.0149443 0.999884 -0.00282266 0.0838241 0.16983 0.000243689 0.985473 0.896466 0 0 0 1 
25528382210145;2.23099;1.70633;0.982925 0.0131952 0.183531 1.49447 -0.0233449 0.998308 0.0532524 -0.0375107 -0.182518 -0.0566276 0.98157 -3.86065 0 0 0 1 
25528382210146;0.123351;0.132009;0.987612 0.0021962 0.156899 0.395357 -0.00262581 0.999993 0.00253085 -0.0294535 -0.156892 -0.00291149 0.987611 -1.21112 0 0 0 1 
25528382210147;2.1323;0.34853;0.999945 0.00194828 0.0102925 -0.0720065 -0.00180038 0.999895 -0.0143596 0.0881947 -0.0103194 0.0143403 0.999844 3.67253 0 0 0 1 
25528382210148;1.17842;0.5159;0.999967 -0.00372632 -0.00719854 -0.424338 0.00338585 0.998901 -0.0467429 -0.0746048 0.00736481 0.046717 0.998881 4.85618 0 0 0 1 
25528382210149;1.8032;1.67477;0.974719 0.0391828 -0.219971 2.61892 0.0162396 0.969476 0.244649 -2.02545 0.222843 -0.242037 0.94433 -18.4125 0 0 0 1 
25528382210150;1.89528;1.83183;0.991635 0.00462729 0.128994 0.520571 0.00885301 0.994566 -0.103734 -0.42385 -0.128773 0.104008 0.986205 7.36519 0 0 0 1 
25528382210151;1.38396;0.524543;0.999987 0.00458963 0.00224784 0.533705 -0.00458403 0.999986 -0.00249243 -0.149519 -0.00225925 0.0024821 0.999994 -1.62768 0 0 0 1 
25528382210152;1.90731;1.80951;0.99945 0.00507832 -0.0327653 0.466765 -0.00238407 0.99665 0.0817498 -0.304905 0.0330707 -0.0816267 0.996114 -7.27534 0 0 0 1 
25528382210153;0.627318;0.219619;0.968661 -0.0606156 -0.240877 -5.49863 0.0202861 0.985832 -0.166502 -1.31811 0.247557 0.156398 0.956167 14.3256 0 0 0 1 
25528382210155;0.972428;0.608098;0.996669 -0.0403448 -0.0708765 -2.68421 0.00557841 0.900756 -0.43429 -7.37292 0.0813638 0.432448 0.89798 27.1602 0 0 0 1 
25528382210156;1.01473;0.74335;0.991791 0.0104531 -0.127445 0.236806 -0.00440183 0.998853 0.047671 -0.0798966 0.127797 -0.0467186 0.990699 -1.50253 0 0 0 1 
25528382210157;0.233342;0.24986;0.998397 6.34101e-05 -0.0565913 -0.204407 -0.00352393 0.998128 -0.0610517 -0.414315 0.0564815 0.0611533 0.996529 4.80972 0 0 0 1 
25528382210158;0.218897;0.191871;0.999949 -0.00367419 -0.00936229 -0.240171 0.00372262 0.99998 0.0051607 0.127995 0.00934314 -0.00519529 0.999943 -0.41383 0 0 0 1 
25528382210159;0.424214;0.209384;0.968857 -0.0089774 0.247458 -0.434469 0.0927212 0.939791 -0.328931 -2.52579 -0.229606 0.341632 0.911355 14.5851 0 0 0 1 
25528382210160;0.944861;0.826287;0.999088 -0.0144063 -0.040198 -0.900592 0.00649171 0.981672 -0.19047 -1.66411 0.0422052 0.190035 0.98087 11.8299 0 0 0 1 
25528382210161;0.607772;0.419951;0.983805 -0.0120216 0.17884 -0.543901 0.0331629 0.992731 -0.115699 0.00845376 -0.176149 0.119756 0.977052 1.6458 0 0 0 1 
25528382210162;0.465464;0.281168;0.991832 0.00572719 0.12742 0.64777 -0.0236436 0.989933 0.139546 -0.617378 -0.125338 -0.141419 0.981983 -12.0494 0 0 0 1 
25528382210163;0.301031;0.201867;0.999898 0.00748662 -0.0121547 0.356624 -0.00709747 0.999471 0.03175 0.0436596 0.0123859 -0.0316605 0.999422 -1.17214 0 0 0 1 
25528382210164;0.262538;0.255682;0.999994 -0.00326101 0.000902499 -0.201153 0.00325662 0.999983 0.0048321 0.10552 -0.000918242 -0.00482914 0.999988 -0.511391 0 0 0 1 
25528382210165;0.165591;0.182517;0.99991 0.00560813 -0.0121547 0.24982 -0.00439941 0.995247 0.0972845 0.0125222 0.0126425 -0.0972223 0.995182 -5.36084 0 0 0 1 
25528382210166;1.12952;0.739936;0.973168 0.00609831 -0.230013 -0.580509 0.00284798 0.999253 0.0385426 0.0910646 0.230077 -0.0381635 0.972424 0.896676 0 0 0 1 
25528382210167;0.708722;0.19915;0.994855 -0.0116871 -0.100635 -1.41717 0.00546394 0.998068 -0.0618938 -0.315815 0.101163 0.0610255 0.992996 7.36083 0 0 0 1 
25528382210168;1.1418;0.293409;0.999819 0.00457475 0.018457 0.151872 -0.00401725 0.999538 -0.0301304 -0.243295 -0.0185863 0.0300508 0.999376 4.12701 0 0 0 1 
25528382210169;0.757933;0.741174;0.994954 0.000440479 0.10033 0.306808 0.00221147 0.999651 -0.0263196 -0.0847559 -0.100306 0.0264086 0.994606 -1.07169 0 0 0 1 
25528382210170;0.338329;0.0859504;0.988157 0.00293533 0.153419 0.425381 0.0583481 0.917527 -0.393369 -4.71541 -0.141921 0.397662 0.906489 19.6998 0 0 0 1 
25528382210171;0.814741;0.698747;0.994882 0.0167108 -0.0996561 0.294949 -0.0126034 0.999051 0.0417037 -0.0827414 0.100258 -0.0402342 0.994148 1.14803 0 0 0 1 
25528382210172;0.85032;0.284852;0.99124 0.0645214 -0.115238 2.61476 -0.0207302 0.937739 0.346721 -2.05226 0.130435 -0.341295 0.930862 -15.0217 0 0 0 1 
25528382210173;0.630488;0.538805;0.999751 0.00403075 -0.0219518 0.216302 -0.00245984 0.997464 0.0711241 0.066763 0.0221828 -0.0710524 0.997226 -4.56272 0 0 0 1 
25528382210174;0.36066;0.229986;0.961532 0.104183 -0.254169 4.06339 -0.00572131 0.932681 0.360657 -2.4579 0.274633 -0.345329 0.897399 -14.4294 0 0 0 1 
25528382210175;0.400793;0.388656;0.999792 -0.000681129 0.0203767 0.0203567 0.00286003 0.994245 -0.107094 -0.606616 -0.0201865 0.10713 0.99404 5.95754 0 0 0 1 
25528382210176;0.342834;0.159858;0.984508 -0.000980553 0.175338 0.174896 -0.0297557 0.984546 0.172581 -0.949491 -0.172798 -0.175125 0.969264 -14.8458 0 0 0 1 
25528382210177;0.260067;0.124274;0.997377 -0.0280346 -0.0667347 -1.87781 0.00900998 0.962865 -0.269832 -2.84536 0.0718211 0.268523 0.960592 17.0798 0 0 0 1 
25528382210178;0.926206;0.262531;0.999832 -0.00133362 0.0182621 -0.194636 0.0011667 0.999957 0.00914801 0.106221 -0.0182735 -0.00912517 0.999791 1.25925 0 0 0 1 
25528382210179;0.695785;0.278912;0.999926 -0.0106176 -0.00586451 -0.491551 0.00951491 0.986473 -0.16365 -0.899722 0.00752275 0.163583 0.986501 7.971 0 0 0 1 
25528382210180;0.109455;0.090341;0.999708 0.00817769 0.0227501 0.548947 -0.00972402 0.997589 0.0687123 -0.0958356 -0.0221333 -0.0689134 0.997377 -4.64877 0 0 0 1 
25528382210181;0.971587;0.63901;0.944429 -0.00107394 0.328715 -0.59131 0.0196051 0.998399 -0.0530656 0.376205 -0.328131 0.0565612 0.942937 -6.39132 0 0 0 1 
25528382210182;0.540657;0.345935;0.998514 0.000837268 0.0544888 0.251928 -0.000262708 0.999944 -0.0105509 -0.0696772 -0.0544946 0.0105209 0.998459 -1.73693 0 0 0 1 
25528382210183;0.488607;0.382761;0.970172 0.000541077 0.242417 0.23052 0.000835581 0.999984 -0.00557603 0.0626766 -0.242416 0.00561227 0.970156 -4.7695 0 0 0 1 
25528382210184;0.107925;0.0660162;0.999922 0.00622083 -0.0108408 0.283208 -0.00606856 0.999883 0.0140225 -0.0728413 0.0109268 -0.0139556 0.999843 -0.373086 0 0 0 1 
25528382210186;2.61464;0.590394;0.905981 0.0423133 -0.421198 0.29126 0.047011 0.97878 0.199447 -0.108127 0.4207 -0.200496 0.884767 -5.48194 0 0 0 1 
25528382210187;2.55948;0.273221;0.999958 0.00889655 0.00202571 0.66504 -0.0088773 0.999917 -0.0093196 -0.321791 -0.00210846 0.00930123 0.999955 -2.03158 0 0 0 1 
25528382210188;2.1137;0.695539;0.992858 -0.0185303 -0.117855 -0.622015 0.00372539 0.992198 -0.124618 -0.219286 0.119245 0.123289 0.98518 4.43824 0 0 0 1 
25528382210189;3.03095;1.71256;0.932241 -0.00062858 0.361838 0.529933 0.0179453 0.998848 -0.0444991 0.120179 -0.361393 0.0479772 0.931178 -0.782083 0 0 0 1 
25528382210190;2.58604;2.42805;0.943995 0.0357788 0.328015 1.73818 0.0296775 0.980868 -0.192399 -1.03573 -0.328623 0.191358 0.924872 4.41643 0 0 0 1 
25528382210191;2.29839;1.3154;0.993567 0.00545774 0.113116 0.387349 -0.0458966 0.932538 0.358144 -1.32549 -0.10353 -0.361032 0.926789 -13.9651 0 0 0 1 
25528382210192;1.26077;0.935896;0.997443 0.0177383 -0.0692329 0.624796 -0.0154084 0.999302 0.034043 -0.191397 0.0697884 -0.0328892 0.997019 -1.343 0 0 0 1 
25528382210193;1.94741;1.21965;0.975777 -0.020047 0.217848 -0.652159 0.0486162 0.990763 -0.126587 0.110274 -0.213298 0.134112 0.967738 0.878863 0 0 0 1 
25528382210194;0.500481;0.447196;0.991188 0.0718688 -0.111271 2.35879 -0.0222119 0.918301 0.39526 -2.19411 0.130587 -0.389305 0.911805 -14.2126 0 0 0 1 
25528382210195;0.447325;0.202749;0.993602 0.00245379 0.11291 0.305735 0.0268281 0.966018 -0.25708 -1.66822 -0.109704 0.258465 0.959771 8.79612 0 0 0 1 
25528382210196;0.672791;0.519265;0.999855 -0.0165046 -0.00429352 -0.758788 0.0166718 0.998963 0.0423603 0.42209 0.00358992 -0.0424257 0.999093 -1.45338 0 0 0 1 
25528382210197;1.68816;1.63311;0.999879 0.0129192 0.00866274 0.490805 -0.0132348 0.999212 0.0374155 -0.0423831 -0.00817253 -0.0375256 0.999262 -1.55691 0 0 0 1 
25528382210198;0.0806703;0.139779;0.999895 -0.0144272 -0.00119368 -0.631433 0.0144085 0.999793 -0.0143908 0.215902 0.00140105 0.0143721 0.999896 0.518957 0 0 0 1 
25528382210199;2.04506;0.625118;0.985415 -0.0219714 0.168745 -0.56139 0.0235312 0.999697 -0.00724923 0.375936 -0.168535 0.0111143 0.985633 -3.4856 0 0 0 1 
25528382210200;1.86353;1.54805;0.986109 -0.0819857 -0.144453 -4.0565 0.0325142 0.948145 -0.31617 -2.57573 0.162884 0.307082 0.93764 14.5602 0 0 0 1 
25528382210201;1.69978;1.5595;0.977467 -0.0114808 0.210775 -0.12181 -0.0127794 0.99347 0.113378 -0.0283885 -0.2107 -0.113517 0.970937 -8.02214 0 0 0 1 
25528382210202;3.09717;0.589696;0.999659 -0.00807475 0.024824 -0.694497 0.00933441 0.998652 -0.0510542 0.0289437 -0.0243783 0.0512685 0.998387 4.44471 0 0 0 1 
25528382210203;2.66545;0.389416;0.999933 0.00844931 -0.00797481 0.0723998 -0.00786154 0.997441 0.071059 0.203216 0.0085548 -0.0709915 0.99744 -0.354731 0 0 0 1 
25528382210204;2.12678;2.03347;0.999995 -0.000536083 0.00311432 -0.0317523 0.000518044 0.999983 0.00579003 0.132486 -0.00311737 -0.00578839 0.999978 -0.212969 0 0 0 1 
25528382210205;2.17534;0.475355;0.970449 0.00473557 -0.241258 -0.128136 0.00373031 0.999394 0.0346218 -0.031607 0.241276 -0.0344987 0.969843 -0.481738 0 0 0 1 
25528382210206;0.615844;0.267518;0.999725 -0.00250724 0.0233156 -0.0508078 0.00436588 0.996784 -0.0800111 -0.330623 -0.02304 0.0800909 0.996521 3.30709 0 0 0 1 
25528382210207;2.70191;2.4512;0.998394 -0.013841 0.054929 -0.297788 0.0187675 0.995746 -0.090212 -0.109266 -0.0534467 0.091098 0.994407 1.58999 0 0 0 1 
25528382210208;0.254784;0.213906;0.998472 0.0187856 -0.0519642 0.559188 -0.0172769 0.99942 0.0293311 -0.224089 0.0524851 -0.0283885 0.998218 -0.531226 0 0 0 1 
25528382210209;0.401221;0.395358;0.999889 0.00918469 -0.0117103 0.310647 -0.00870522 0.999147 0.0403582 0.0176352 0.012071 -0.0402517 0.999117 -1.39501 0 0 0 1 
25528382210210;3.26762;2.77506;0.998412 0.0542632 0.0151558 2.25807 -0.0560447 0.929062 0.365653 -2.79183 0.00576078 -0.365922 0.930628 -15.8193 0 0 0 1 
25528382210211;2.11433;0.851997;0.999245 0.0216956 0.0322179 0.771069 -0.0270515 0.983944 0.176418 -0.188527 -0.0278731 -0.177156 0.983788 -5.75924 0 0 0 1 
25528382210212;0.939666;0.390307;0.982097 0.00983975 0.18812 0.687362 0.0247024 0.983284 -0.180393 -0.840496 -0.18675 0.18181 0.965437 4.13167 0 0 0 1 
25528382210213;1.20317;1.12511;0.996019 0.00855054 0.0887282 0.504932 -0.0169889 0.995352 0.0947893 -0.0696974 -0.0875053 -0.0959194 0.991535 -4.70977 0 0 0 1 
25528382210214;2.77469;1.02388;0.985366 0.0266965 0.168346 1.3981 0.00890508 0.978246 -0.207255 -1.51585 -0.170217 0.205721 0.963693 8.15985 0 0 0 1 
25528382210215;2.52413;2.37146;0.999667 0.0127795 -0.0224355 0.479913 -0.00682438 0.968797 0.247761 -0.661702 0.0249017 -0.247526 0.968561 -10.0821 0 0 0 1 
25528382210217;1.06109;1.04699;0.972226 -0.0169045 -0.233433 -1.74991 0.0072229 0.99908 -0.0422679 -0.0788899 0.233932 0.0394079 0.971454 4.29372 0 0 0 1 
25528382210218;0.551084;0.511172;0.999891 0.0110342 0.00981306 0.986219 -0.011652 0.997798 0.0653017 -0.229374 -0.00907089 -0.0654089 0.997817 -5.74309 0 0 0 1 
25528382210219;0.422673;0.402194;0.974218 -0.00618865 0.225523 -0.516735 -0.00291276 0.999195 0.0400018 0.00238239 -0.225589 -0.0396274 0.973416 -4.46896 0 0 0 1 
25528382210220;1.03905;0.949829;0.96185 0.0591105 -0.267115 5.12 -0.0218055 0.989837 0.140524 -1.0262 0.272707 -0.129339 0.953364 -10.9155 0 0 0 1 
25528382210221;1.31298;0.646201;0.997875 -0.0137136 -0.0637009 -1.4633 0.00472404 0.990256 -0.139181 -1.14466 0.0649889 0.138584 0.988216 14.1364 0 0 0 1 
25528382210222;1.56771;1.1659;0.987072 0.035885 -0.156208 3.60283 -0.018192 0.993399 0.113255 -0.702057 0.159241 -0.108949 0.98121 -10.9872 0 0 0 1 
25528382210223;0.395381;0.309168;0.998426 0.00374627 -0.0559551 0.216622 -0.000840444 0.998654 0.0518649 -0.0528504 0.056074 -0.0517362 0.997085 -4.20386 0 0 0 1 
25528382210224;1.45898;1.14003;0.995077 -0.00183811 -0.0990922 -0.557463 0.00360129 0.999838 0.0176174 0.0384491 0.0990438 -0.0178875 0.994922 -0.160807 0 0 0 1 
25528382210225;0.647882;0.302783;0.955988 0.0394232 -0.290747 2.79067 0.00568651 0.988257 0.152698 -0.838503 0.293352 -0.147631 0.944537 -11.5456 0 0 0 1 
25528382210226;0.247807;0.266156;0.994341 0.0144472 -0.105247 1.25483 -0.0124171 0.999724 0.0199186 -0.0744902 0.105506 -0.018499 0.994247 -1.33545 0 0 0 1 
25528382210227;1.67052;0.440671;0.999827 -0.00568948 0.0177237 -0.77444 0.00566719 0.999983 0.00130716 0.0144159 -0.0177309 -0.00120649 0.999842 2.0432 0 0 0 1 
25528382210228;0.941077;0.329154;0.999859 -0.00489583 -0.0160452 -0.171955 0.00386183 0.997952 -0.0638516 -0.0997141 0.016325 0.0637807 0.99783 4.26844 0 0 0 1 
25528382210229;1.84373;1.80294;0.999492 -0.0121032 -0.0294767 -1.19834 0.0101306 0.997757 -0.0661758 -0.171415 0.0302115 0.0658436 0.997372 6.13104 0 0 0 1 
25528382210230;0.815476;0.726307;0.999943 -0.00738862 -0.00769452 -0.756692 0.00733349 0.999947 -0.00716791 0.0418977 0.00774708 0.00711108 0.999945 0.980249 0 0 0 1 
25528382210231;0.945073;0.481821;0.999933 -0.000118612 -0.0115378 -0.165039 8.24392e-06 0.999954 -0.00956534 -0.0379319 0.0115384 0.0095646 0.999888 1.9369 0 0 0 1 
25528382210232;0.385786;0.354149;0.994771 0.00507739 0.102002 0.543404 -0.0142018 0.995937 0.0889277 -0.356205 -0.101136 -0.0899113 0.990801 -8.93823 0 0 0 1 
25528382210233;0.215723;0.153684;0.999044 0.0389132 0.0199033 3.48767 -0.0433016 0.943123 0.329611 -5.10008 -0.00594506 -0.330158 0.943907 -29.7616 0 0 0 1 
25528382210234;1.80049;1.31706;0.99986 -0.0129381 0.0106409 -0.852161 0.0136717 0.997308 -0.0720339 0.00938972 -0.00968027 0.0721693 0.997345 4.32764 0 0 0 1 
25528382210235;1.841;1.93133;0.98128 0.000611398 0.192584 0.188072 -0.039249 0.979642 0.196876 -1.72992 -0.188543 -0.20075 0.961328 -18.2732 0 0 0 1 
25528382210236;0.783834;0.539105;0.992426 0.00261988 0.122814 0.331637 -0.00872223 0.998752 0.0491763 -0.11685 -0.122532 -0.0498751 0.991211 -4.31294 0 0 0 1 
25528382210237;0.646121;0.477624;0.995876 -0.00358205 -0.0906556 -0.263585 0.00325687 0.999988 -0.00373456 0.0474555 0.0906678 0.00342391 0.995875 -0.0786786 0 0 0 1 
25528382210238;0.978297;0.777208;0.994256 -0.0136166 0.106159 -1.21889 0.0262884 0.992558 -0.118899 -0.649107 -0.10375 0.121006 0.987215 10.9691 0 0 0 1 
25528382210239;1.51578;0.144503;0.995408 -0.00982706 0.0952201 -1.27086 0.0155581 0.998099 -0.0596329 -0.164038 -0.0944531 0.0608405 0.993668 7.09731 0 0 0 1 
25528382210240;0.466545;0.391958;0.999765 0.0215231 -0.00260248 1.85021 -0.0205908 0.980243 0.196722 -1.60834 0.00678513 -0.196622 0.980456 -17.5758 0 0 0 1 
25528382210241;1.93577;1.83309;0.988985 0.00507114 0.147928 0.587454 -0.0262116 0.989618 0.141315 -0.898046 -0.145675 -0.143636 0.97885 -13.4831 0 0 0 1 
25528382210242;0.86252;0.466744;0.996584 -0.023161 0.0792763 -2.14637 0.0388614 0.978478 -0.20266 -2.01053 -0.0728763 0.205048 0.976035 18.8418 0 0 0 1 
25528382210243;0.905546;0.260971;0.96995 -0.00702905 0.243203 -0.44819 -0.00548513 0.998697 0.0507404 -0.0225502 -0.243242 -0.0505496 0.968647 -4.52484 0 0 0 1 
25528382210244;0.219604;0.24282;0.999849 0.00111206 -0.01737 0.114066 -0.00145196 0.999807 -0.0195677 -0.0450155 0.0173449 0.0195899 0.999658 1.64152 0 0 0 1 
25528382210245;0.165948;0.138611;0.980416 -0.00641242 0.196835 -0.491239 0.00322283 0.999858 0.0165205 0.0202967 -0.196913 -0.0155626 0.980297 -2.61569 0 0 0 1 
25528382210246;1.5805;1.41357;0.998524 -0.0036455 0.0541839 -0.413065 0.00266688 0.999832 0.0181225 0.0326648 -0.0542408 -0.0179512 0.998367 -0.876237 0 0 0 1 
25528382210248;1.80404;1.55684;0.996852 0.00310033 0.0792239 0.318223 0.00927856 0.987807 -0.155406 -0.709841 -0.0787397 0.155652 0.984669 8.15429 0 0 0 1 
25528382210249;2.65063;0.672462;0.999296 -0.00911683 0.0364036 -0.329129 0.00871858 0.999901 0.0110837 0.0940842 -0.0365011 -0.0107585 0.999276 -3.51435 0 0 0 1 
25528382210250;0.988386;0.22873;0.988567 -0.0218564 -0.149191 -1.59745 0.0127325 0.998005 -0.0618393 -0.203112 0.150245 0.0592327 0.986873 3.81589 0 0 0 1 
25528382210251;1.96971;0.714197;0.999281 0.00117872 -0.0378904 0.234891 0.000285729 0.999254 0.038621 0.344385 0.0379076 -0.0386041 0.998535 -4.33374 0 0 0 1 
25528382210252;1.48555;1.33551;0.999939 0.0109347 0.00136486 0.654923 -0.0109316 0.999938 -0.00227927 -0.0877448 -0.0013897 0.00226421 0.999996 0.460305 0 0 0 1 
25528382210253;1.51489;0.42474;0.999081 0.0111103 0.0414059 0.785406 -0.00943621 0.999139 -0.0404092 0.0037323 -0.0418192 0.0399813 0.998325 0.585767 0 0 0 1 
25528382210254;2.5409;2.01186;0.999371 0.0129643 0.0330028 0.856398 -0.0176955 0.988923 0.147373 -0.206353 -0.0307266 -0.147864 0.98853 -10.1103 0 0 0 1 
25528382210255;0.438009;0.182001;0.995772 -0.00326133 -0.0918051 -0.376231 -0.00493447 0.996028 -0.0889055 -0.447813 0.0917304 0.0889826 0.9918 5.03323 0 0 0 1 
25528382210256;0.895108;0.458294;0.961244 0.0131396 0.275386 1.40481 0.065709 0.95916 -0.275125 -3.25503 -0.267754 0.282557 0.921124 16.7777 0 0 0 1 
25528382210257;0.887196;0.821387;0.999342 0.00245246 0.0361871 0.274888 -0.00277858 0.999956 0.00896442 -0.0359929 -0.0361635 -0.00905907 0.999305 -0.727452 0 0 0 1 
25528382210258;2.46932;0.58857;0.999467 0.021606 -0.0244725 1.57394 -0.0229206 0.998235 -0.0547781 0.0365221 0.0232458 0.0553098 0.998199 0.249281 0 0 0 1 
