#;prob_registration_l1 -r /home/probabilistic_point_clouds_registration/build/tester /home/point_clouds_registration_benchmark//devel/registration_pairs/stairs_local.txt /home/point_clouds_registration_benchmark//eth/stairs -s 0.2 -t 0.2 -p 0.3 -r 1000 -m 5 -i 40 
id;initial_error;final_error;transformation
5494384560000;0.832403;0.0267381;0.994365 0.105885 -0.00513503 0.77501 -0.105707 0.994022 0.0273206 0.442895 0.00799716 -0.0266238 0.999614 0.429025 0 0 0 1 
5494384560001;0.315086;0.0498239;0.913834 0.243505 -0.324981 1.54102 -0.210618 0.968426 0.133382 1.28789 0.347199 -0.0534422 0.936267 -2.31939 0 0 0 1 
5494384560002;0.630491;0.0333426;0.999188 -0.0352251 -0.0195698 0.705689 0.0351183 0.999366 -0.00577468 -0.314452 0.0197608 0.00508273 0.999792 0.129965 0 0 0 1 
5494384560003;0.317466;0.0501696;0.968085 -0.0588241 -0.243622 0.948329 0.135891 0.939971 0.31303 -1.91544 0.210584 -0.336145 0.917966 -1.40816 0 0 0 1 
5494384560004;0.657978;0.048292;0.998519 0.0504226 0.0204245 -0.183319 -0.0523062 0.993028 0.105639 0.637664 -0.0149555 -0.106551 0.994195 0.601604 0 0 0 1 
5494384560005;0.751618;0.0571193;0.994536 -0.0910117 -0.051139 -0.409304 0.096788 0.987426 0.124987 -1.53615 0.0391207 -0.129254 0.99084 -0.432382 0 0 0 1 
5494384560006;0.696898;0.250036;0.980257 0.110191 -0.164175 0.665774 -0.119298 0.991762 -0.0466527 0.699318 0.157682 0.0653173 0.985327 -0.646064 0 0 0 1 
5494384560007;0.399045;0.0361628;0.927024 -0.372163 -0.0460607 0.838892 0.374042 0.926433 0.0425917 -3.12105 0.0268211 -0.0567121 0.99803 -0.189489 0 0 0 1 
5494384560008;0.231215;0.0342947;0.973317 -0.205242 -0.102613 0.392409 0.192336 0.973593 -0.122976 -1.10506 0.125143 0.0999582 0.987091 -0.791988 0 0 0 1 
5494384560009;0.454804;0.0465312;0.989675 -0.0266459 -0.140829 0.691762 0.0349699 0.997763 0.0569664 -0.659081 0.138997 -0.061303 0.988394 -0.667427 0 0 0 1 
5494384560010;0.83506;0.0301168;0.999995 0.00249857 -0.00205949 -0.037646 -0.00248038 0.999958 0.00878664 0.140978 0.00208136 -0.00878149 0.999959 0.875113 0 0 0 1 
5494384560011;0.300381;0.0549378;0.996369 0.0584243 0.0619258 -0.202825 -0.0373598 0.953643 -0.298611 0.96781 -0.0765012 0.295214 0.952364 0.646349 0 0 0 1 
5494384560012;0.513405;0.0421786;0.943882 0.0626364 -0.324289 1.1124 -0.12799 0.9745 -0.184307 1.37014 0.304475 0.21547 0.927829 -1.63679 0 0 0 1 
5494384560013;0.592232;0.0250718;0.993597 0.00872393 -0.112648 0.448449 -0.012273 0.999449 -0.0308508 0.80203 0.112316 0.0320357 0.993156 -0.783591 0 0 0 1 
5494384560014;0.784839;0.0414841;0.947758 0.201989 0.24689 0.480775 -0.247228 0.954215 0.16838 1.25058 -0.201575 -0.220622 0.954303 2.00885 0 0 0 1 
5494384560015;1.02961;0.0908229;0.944145 0.315885 -0.093845 0.308886 -0.329456 0.898821 -0.289101 3.85276 -0.00697293 0.303871 0.952688 0.868898 0 0 0 1 
5494384560016;0.692498;0.0531762;0.989555 0.133713 -0.0538607 0.19036 -0.143856 0.892031 -0.42847 2.65194 -0.00924652 0.431743 0.901949 -0.0687082 0 0 0 1 
5494384560017;0.125802;0.0528355;0.999949 0.0021427 -0.009829 0.0726319 -0.00192442 0.999753 0.0221633 -0.121559 0.00987405 -0.0221432 0.999706 0.0352002 0 0 0 1 
5494384560018;0.697368;0.0391958;0.997331 0.0441905 -0.058117 0.737088 -0.0562373 0.972612 -0.22553 1.11135 0.046559 0.228196 0.972501 0.235448 0 0 0 1 
5494384560019;0.372102;0.0654123;0.954103 0.28392 0.0952702 0.175822 -0.29285 0.951076 0.0984587 1.98712 -0.0626548 -0.12184 0.99057 0.206759 0 0 0 1 
5494384560020;0.725979;0.0517707;0.945098 0.317625 0.0768446 0.169272 -0.325701 0.896371 0.30073 2.11404 0.0266382 -0.309248 0.950608 0.440143 0 0 0 1 
5494384560021;0.810082;0.0514374;0.996401 0.0769154 -0.0356241 -0.178903 -0.0770416 0.997025 -0.00218145 0.632342 0.0353503 0.00491814 0.999363 0.536263 0 0 0 1 
5494384560022;1.01164;0.0454255;0.883504 -0.305157 -0.355387 1.58986 0.337273 0.940911 0.030548 -3.57432 0.325066 -0.146852 0.93422 -1.98164 0 0 0 1 
5494384560023;0.527542;0.0759048;0.979433 0.0895048 -0.180833 0.889436 -0.0877605 0.995985 0.0176406 0.581284 0.181686 -0.00140772 0.983356 -1.82411 0 0 0 1 
5494384560024;0.419936;0.047762;0.936231 0.340919 -0.0851197 0.995657 -0.343598 0.938931 -0.0186567 2.68891 0.0735611 0.0467139 0.996196 -0.76492 0 0 0 1 
5494384560025;0.495752;0.0535739;0.940495 0.298752 -0.161914 0.949673 -0.296548 0.954254 0.0381849 2.25554 0.165915 0.0121028 0.986066 -0.792859 0 0 0 1 
5494384560026;0.350666;0.0462607;0.974057 0.0935462 0.206066 -0.246499 -0.0303007 0.956278 -0.290886 0.9338 -0.224267 0.277095 0.934303 2.12207 0 0 0 1 
5494384560027;0.90423;0.0400845;0.991755 0.0672374 -0.109089 1.31643 -0.0495631 0.986303 0.157321 0.156217 0.118173 -0.150617 0.981504 -0.696158 0 0 0 1 
5494384560028;0.914969;0.0467596;0.996279 -0.0853138 -0.0122174 -0.870721 0.085643 0.995886 0.0295877 -0.613097 0.00964286 -0.0305239 0.999488 -0.304122 0 0 0 1 
5494384560029;0.844853;0.0490078;0.999422 0.0289758 0.0177511 -0.00464805 -0.0289516 0.99958 -0.00161848 -0.410759 -0.0177905 0.00110363 0.999841 -0.504073 0 0 0 1 
5494384560031;0.314572;0.0285225;0.916568 -0.347402 -0.198028 0.551841 0.35558 0.934625 0.00617284 -1.40385 0.182938 -0.0760727 0.980177 -0.764474 0 0 0 1 
5494384560032;0.143255;0.0414261;0.997428 0.0531138 0.0481185 0.0747313 -0.0487667 0.994978 -0.0874059 0.240157 -0.0525194 0.0848345 0.99501 0.188795 0 0 0 1 
5494384560033;0.256973;0.0332905;0.999708 0.00703283 0.0231019 0.211286 -0.00426928 0.993056 -0.117564 0.235047 -0.0237683 0.117431 0.992797 0.171934 0 0 0 1 
5494384560034;0.872658;0.0295789;0.970768 -0.217502 0.101498 0.0792177 0.198095 0.964819 0.172867 -1.74677 -0.135526 -0.147707 0.979702 -0.105102 0 0 0 1 
5494384560035;0.383527;0.016214;0.99702 -0.0677271 0.03694 0.0822925 0.065726 0.996433 0.052933 0.0804316 -0.0403932 -0.0503473 0.997915 0.197728 0 0 0 1 
5494384560036;0.699819;0.0328675;0.954379 0.253431 -0.157901 0.579735 -0.291242 0.906714 -0.305038 0.928593 0.0658646 0.337109 0.939159 0.436156 0 0 0 1 
5494384560037;0.785083;0.0431803;0.972549 -0.0894441 0.214819 -0.298252 0.148801 0.948806 -0.278613 -0.19454 -0.178901 0.30293 0.93607 0.039085 0 0 0 1 
5494384560038;1.00964;0.0406205;0.902738 -0.428785 0.0347443 -0.833653 0.42928 0.903136 -0.00796844 -1.30827 -0.0279621 0.0221085 0.999364 -0.239521 0 0 0 1 
5494384560039;0.16472;0.0518225;0.981969 -0.0810698 -0.170778 0.224423 0.0800627 0.996708 -0.0127878 -0.227377 0.171252 -0.00111566 0.985227 -0.677977 0 0 0 1 
5494384560040;0.656318;0.0357428;0.916281 0.332718 0.222999 0.599275 -0.324764 0.943008 -0.0725562 0.788475 -0.23443 -0.00594026 0.972115 1.08835 0 0 0 1 
5494384560041;0.496934;0.0290388;0.883406 -0.301511 0.358727 -0.152859 0.304802 0.951162 0.0488428 -1.10988 -0.355934 0.0661928 0.932164 1.83986 0 0 0 1 
5494384560042;0.516103;0.309436;0.993024 -0.0575031 -0.102936 -0.184013 0.0718674 0.987286 0.141777 -0.638035 0.0934749 -0.148186 0.984532 -0.633202 0 0 0 1 
5494384560043;0.0787389;0.0335694;0.99994 -0.0108461 -0.00143795 0.00682168 0.010868 0.999809 0.0162448 -0.170716 0.00126149 -0.0162595 0.999867 0.043087 0 0 0 1 
5494384560044;0.670233;0.00667176;0.998796 0.0488785 0.00407624 0.248652 -0.0489785 0.998355 0.029797 0.294251 -0.0026131 -0.0299608 0.999548 0.730732 0 0 0 1 
5494384560045;0.454928;0.0339862;0.916175 -0.261257 0.30392 -0.458347 0.1647 0.936767 0.308775 -1.12797 -0.365372 -0.232836 0.901272 1.42966 0 0 0 1 
5494384560046;0.663952;0.0530946;0.980357 0.134382 -0.144369 0.382872 -0.13597 0.990712 -0.00114138 1.23441 0.142874 0.0207487 0.989523 -0.60013 0 0 0 1 
5494384560047;0.60701;0.0567731;0.984467 0.0181781 -0.174625 -0.157105 -0.0487183 0.98385 -0.172238 0.757946 0.168674 0.17807 0.969454 -0.843933 0 0 0 1 
5494384560048;0.280379;0.0228678;0.999923 -0.00820708 0.00930425 -0.0633761 0.00810762 0.99991 0.0106776 -0.171499 -0.00939104 -0.0106013 0.9999 0.346392 0 0 0 1 
5494384560049;0.480826;0.0290622;0.928587 0.3307 0.168415 0.605685 -0.324744 0.94373 -0.0625747 1.39855 -0.179632 0.00341425 0.983728 0.692774 0 0 0 1 
5494384560050;0.519994;0.0239418;0.978824 0.196619 0.0569641 -0.159882 -0.190424 0.976688 -0.0990893 0.318607 -0.0751191 0.0861436 0.993447 0.35441 0 0 0 1 
5494384560051;0.245903;0.037427;0.999851 -0.0170977 0.00220543 0.0709635 0.0170058 0.999189 0.0365004 -0.305703 -0.00282771 -0.0364575 0.999331 -0.183009 0 0 0 1 
5494384560052;0.581213;0.0187026;0.95154 0.160761 0.26216 -0.363688 -0.189083 0.978146 0.0864809 0.0915883 -0.242528 -0.13186 0.961141 0.688973 0 0 0 1 
5494384560053;0.543864;0.0275948;0.961814 -0.221935 0.160186 -0.433803 0.207484 0.972894 0.102118 -1.26493 -0.178508 -0.0649827 0.98179 0.322838 0 0 0 1 
5494384560054;0.812423;0.400448;0.996968 -0.0448529 -0.0635846 -0.28906 0.0469457 0.998391 0.0318101 -0.465705 0.0620555 -0.0346986 0.997469 -0.732344 0 0 0 1 
5494384560055;0.804846;0.0399991;0.929245 0.00958088 0.369339 0.506942 -0.0481858 0.994268 0.0954419 0.545183 -0.366308 -0.106486 0.924381 1.50658 0 0 0 1 
5494384560056;0.404608;0.0229524;0.983722 0.151916 0.0959811 -0.152991 -0.148353 0.987988 -0.0432634 0.206145 -0.101401 0.0283201 0.994443 0.309706 0 0 0 1 
5494384560057;0.241612;0.0797384;0.977817 0.191286 -0.0853407 0.283685 -0.182604 0.97808 0.100075 0.45083 0.102613 -0.0822711 0.991313 -0.319348 0 0 0 1 
5494384560058;0.361634;0.0301622;0.991889 -0.114115 0.0559864 0.153629 0.12099 0.982637 -0.140662 -0.0364974 -0.0389628 0.146294 0.988473 0.243226 0 0 0 1 
5494384560059;0.672349;0.0415402;0.999627 -0.00996825 0.0254379 -0.0157671 0.00953451 0.999808 0.0171155 -0.0931527 -0.0256036 -0.0168665 0.99953 -0.663678 0 0 0 1 
5494384560060;0.435775;0.0308327;0.955732 -0.269979 -0.116997 -0.0345864 0.292835 0.911554 0.288648 -1.60256 0.0287202 -0.310131 0.95026 -0.316998 0 0 0 1 
5494384560062;0.821662;0.030599;0.964227 -0.195084 -0.179469 0.391884 0.192387 0.980781 -0.0324855 -1.61139 0.182357 -0.00320419 0.983227 -1.39256 0 0 0 1 
5494384560063;1.2461;0.0266041;0.942279 0.100516 -0.319384 1.77451 -0.112258 0.993506 -0.0185199 0.851659 0.315449 0.0533044 0.947444 -2.45699 0 0 0 1 
5494384560064;0.351118;0.179741;0.940854 -0.338774 0.00508009 0.0378426 0.338812 0.94077 -0.0126042 -2.23259 -0.000509227 0.0135799 0.999908 -0.00500156 0 0 0 1 
5494384560065;1.02628;0.0222978;0.996935 0.0780062 0.00601466 -0.0597532 -0.0775642 0.995493 -0.054571 0.352235 -0.0102444 0.0539372 0.998492 0.842822 0 0 0 1 
5494384560066;0.385602;0.341815;0.9305 0.357333 -0.0805129 1.02037 -0.35912 0.933253 -0.0084371 2.39535 0.0721241 0.0367645 0.996718 -0.325834 0 0 0 1 
5494384560067;1.09812;0.0251409;0.979341 -0.137212 0.148539 -0.375772 0.158168 0.977449 -0.139914 -0.993053 -0.125992 0.160518 0.978959 0.140903 0 0 0 1 
5494384560068;0.284277;0.0213274;0.987566 0.142252 -0.0669146 0.304943 -0.117881 0.951712 0.283457 -0.00583773 0.104006 -0.272045 0.956648 -0.670846 0 0 0 1 
5494384560069;0.305684;0.0302853;0.988378 0.147689 -0.0360202 0.423847 -0.147672 0.989031 0.00313384 0.915843 0.0360879 0.00222176 0.999346 -0.152455 0 0 0 1 
5494384560070;1.06788;0.0171914;0.99859 0.0511532 -0.0141842 0.795823 -0.0486379 0.988736 0.141547 -0.030347 0.021265 -0.140657 0.98983 -0.481043 0 0 0 1 
5494384560071;0.199717;0.0404143;0.999963 -0.00784356 -0.00356921 -0.0276554 0.00785784 0.999961 0.00400397 -0.121709 0.00353767 -0.00403187 0.999986 0.11376 0 0 0 1 
5494384560072;1.02349;0.0288873;0.962492 -0.026439 -0.270019 1.09635 -0.0568044 0.953544 -0.295848 1.70546 0.265297 0.30009 0.916277 -1.34754 0 0 0 1 
5494384560073;0.123206;0.0330163;0.992677 -0.120776 0.00253214 -0.0431443 0.120642 0.992221 0.0307081 -0.865772 -0.00622123 -0.0301777 0.999525 0.0712596 0 0 0 1 
5494384560074;0.700296;0.0850244;0.945177 0.325267 0.0290281 0.114573 -0.324552 0.945489 -0.0267633 2.30039 -0.036151 0.0158749 0.99922 -0.0243957 0 0 0 1 
5494384560075;0.186882;0.0417869;0.999967 0.00802901 -0.00109058 0.0833802 -0.00804672 0.999817 -0.0173351 0.0777829 0.000951195 0.0173433 0.999849 -0.113766 0 0 0 1 
5494384560076;1.00141;0.0373984;0.992682 -0.095897 0.073391 -0.306219 0.0909442 0.993525 0.0680929 -0.568976 -0.0794458 -0.0609201 0.994976 1.23479 0 0 0 1 
5494384560077;0.605922;0.0929017;0.90284 -0.296202 -0.31168 1.32085 0.321596 0.946328 0.0322282 -2.1439 0.285406 -0.129332 0.94964 -1.99503 0 0 0 1 
5494384560078;0.686652;0.0717462;0.930772 -0.364538 0.0278458 0.0356899 0.358177 0.893955 -0.269358 -1.63709 0.0732982 0.260685 0.962637 0.147041 0 0 0 1 
5494384560079;0.330281;0.0794273;0.936675 0.348668 -0.0327274 0.644326 -0.341614 0.930276 0.133739 1.79621 0.0770762 -0.11409 0.990476 -0.481281 0 0 0 1 
5494384560080;0.779401;0.0348831;0.916155 0.390797 -0.0890942 1.30096 -0.380012 0.91755 0.117018 2.32833 0.127479 -0.0733494 0.989125 -0.657164 0 0 0 1 
5494384560081;0.603531;0.0320139;0.980181 0.193007 -0.0446594 0.49939 -0.197546 0.96919 -0.147126 1.77175 0.014887 0.153033 0.988109 0.325688 0 0 0 1 
5494384560082;0.617118;0.142225;0.907355 -0.225482 -0.354774 1.28757 0.274506 0.956996 0.0938316 -1.78624 0.31836 -0.182526 0.930232 -2.15316 0 0 0 1 
5494384560083;0.290683;0.0358719;0.94679 0.303077 0.108321 0.183382 -0.289609 0.949067 -0.124091 2.08476 -0.140413 0.0861175 0.986341 0.895878 0 0 0 1 
5494384560084;0.175327;0.0219763;0.985049 -0.12361 -0.119996 0.326338 0.10583 0.983803 -0.144678 -0.295802 0.135936 0.129816 0.982176 -0.772451 0 0 0 1 
5494384560085;0.943472;0.0271893;0.991591 -0.124402 -0.0356589 0.0832945 0.107432 0.944935 -0.309122 -0.297266 0.0721507 0.302691 0.950354 0.415117 0 0 0 1 
5494384560086;0.821732;0.0235862;0.99285 -0.025262 0.116666 -0.47857 0.0144353 0.995587 0.09273 -0.576314 -0.118494 -0.0903829 0.988833 1.2506 0 0 0 1 
5494384560087;0.12902;0.0192155;0.999016 0.0155322 -0.0415399 0.0301016 -0.0154887 0.999879 0.00136981 0.0967301 0.0415561 -0.000725064 0.999136 -0.180513 0 0 0 1 
5494384560088;1.25698;0.335526;0.891576 0.0606078 -0.448796 1.7478 -0.0503455 0.998126 0.0347761 -0.468248 0.450063 -0.00841071 0.892957 -2.382 0 0 0 1 
5494384560089;1.3654;0.976625;0.952592 0.294711 0.0755951 0.371576 -0.291826 0.955317 -0.0469861 2.49287 -0.0860646 0.022698 0.996031 -0.106328 0 0 0 1 
5494384560090;0.736364;0.0246696;0.956059 -0.292899 -0.0126787 0.550245 0.26673 0.88696 -0.377038 -0.546733 0.121679 0.357089 0.926111 -0.320215 0 0 0 1 
5494384560091;0.484121;0.0381575;0.938907 -0.14955 -0.30998 1.14946 0.213023 0.959924 0.182117 -1.80699 0.270322 -0.237024 0.933138 -1.31292 0 0 0 1 
5494384560093;0.0553842;0.143569;0.997774 0.0100625 -0.0659173 0.163622 -0.00910173 0.999848 0.0148594 0.0216341 0.0660568 -0.0142264 0.997714 -0.33519 0 0 0 1 
5494384560094;0.672056;0.457224;0.90386 0.00864369 -0.42774 1.66076 0.0663013 0.984887 0.160004 -0.890764 0.422659 -0.172981 0.889627 -2.27355 0 0 0 1 
5494384560095;0.854827;0.213624;0.910133 0.410875 -0.0532814 0.990041 -0.410085 0.911691 0.0255027 2.20838 0.0590546 -0.00136101 0.998254 0.109051 0 0 0 1 
5494384560096;0.268636;0.200011;0.943518 -0.311384 -0.113201 0.595798 0.290159 0.941507 -0.171381 -1.55598 0.159945 0.128855 0.97868 -0.915583 0 0 0 1 
5494384560097;0.745786;0.169923;0.999236 -0.00347194 -0.0389333 -0.179893 0.00372548 0.999972 0.0064415 -0.498148 0.0389098 -0.00658162 0.999221 0.114191 0 0 0 1 
5494384560098;0.365154;0.616513;0.946536 -0.273573 -0.170962 0.300017 0.293336 0.950424 0.103195 -2.4486 0.134255 -0.147827 0.979859 -0.93068 0 0 0 1 
5494384560099;0.345567;0.153398;0.99764 -0.0304617 0.0615387 -0.410654 0.0328343 0.998741 -0.0379178 0.0037869 -0.0603062 0.0398488 0.997384 0.475838 0 0 0 1 
5494384560100;0.37298;0.185256;0.940048 -0.222999 -0.258033 0.698635 0.22367 0.974287 -0.0271466 -1.32536 0.257451 -0.032195 0.965755 -1.39583 0 0 0 1 
5494384560101;0.595346;0.244152;0.921602 0.364885 0.132318 0.215933 -0.380787 0.916015 0.126166 2.37824 -0.0751696 -0.16666 0.983145 1.01435 0 0 0 1 
5494384560102;0.240088;0.186839;0.975598 -0.20421 0.0806662 -0.201612 0.215492 0.960975 -0.173467 -1.06247 -0.0420946 0.186617 0.981531 0.524302 0 0 0 1 
5494384560103;0.65911;0.176855;0.998597 0.030112 -0.0435512 0.118793 -0.0302379 0.99954 -0.00223496 0.0609536 0.0434638 0.00354872 0.999049 -0.669263 0 0 0 1 
5494384560104;0.317417;0.165571;0.99083 -0.10505 -0.0849734 0.147922 0.128194 0.929592 0.34558 -1.77264 0.0426875 -0.353304 0.934534 -0.118152 0 0 0 1 
5494384560105;0.561217;0.161448;0.958191 0.0586614 -0.280051 0.732114 -0.0930291 0.989452 -0.111041 0.952306 0.270583 0.132451 0.953542 -1.17309 0 0 0 1 
5494384560106;0.669368;0.317343;0.982873 -0.00477194 0.184223 -0.285755 0.00792575 0.999834 -0.016387 -0.401176 -0.184114 0.0175664 0.982748 1.69561 0 0 0 1 
5494384560107;0.196586;0.196562;0.98281 0.157332 -0.0965969 0.42676 -0.150406 0.985755 0.0752687 0.841674 0.107063 -0.0594461 0.992474 -0.665602 0 0 0 1 
5494384560108;0.588165;0.17499;0.97117 0.209255 -0.114199 0.550314 -0.140448 0.889322 0.435179 -0.246054 0.192623 -0.406594 0.893072 -1.37842 0 0 0 1 
5494384560109;0.964218;0.184984;0.987397 0.131431 0.0881657 -0.0610694 -0.137255 0.988493 0.0635877 0.928452 -0.0787937 -0.0748875 0.994074 1.39346 0 0 0 1 
5494384560110;0.522946;0.39557;0.930868 -0.36196 -0.0496945 -0.106874 0.360296 0.932004 -0.0394325 -2.57178 0.0605885 0.0188018 0.997986 -0.382269 0 0 0 1 
5494384560111;0.382633;0.204441;0.998622 -0.0110461 0.0513073 -0.293614 0.0158513 0.995426 -0.0942127 0.146675 -0.0500319 0.0948961 0.994229 0.310114 0 0 0 1 
5494384560112;1.20633;0.41688;0.982536 -0.168179 -0.0796128 -0.568348 0.164609 0.985116 -0.0495104 -0.56435 0.0867544 0.0355409 0.995596 0.169573 0 0 0 1 
5494384560113;0.493118;0.199943;0.988875 0.129028 -0.0740124 0.339216 -0.131959 0.990595 -0.0361697 0.992138 0.0686494 0.045534 0.996601 -0.669506 0 0 0 1 
5494384560114;0.011633;0.164158;0.998816 -0.00630173 -0.0482423 0.110588 0.00545833 0.99983 -0.0175943 -0.00936546 0.048345 0.0173102 0.998681 -0.179724 0 0 0 1 
5494384560115;0.837027;0.174641;0.949464 -0.0730987 -0.305246 0.653147 0.138781 0.970046 0.199375 -1.84119 0.281528 -0.231661 0.931169 -1.42612 0 0 0 1 
5494384560116;0.753813;0.198571;0.993683 -0.0571362 -0.0965911 -0.307404 0.0630774 0.996226 0.0596163 -0.570785 0.0928204 -0.0653324 0.993537 -0.733483 0 0 0 1 
5494384560117;0.39392;0.210097;0.955773 0.292686 -0.0288806 0.552981 -0.292389 0.956196 0.0140849 2.01677 0.0317379 -0.00501756 0.999484 0.167344 0 0 0 1 
5494384560118;0.486867;0.232343;0.996606 0.0734964 -0.0370858 0.216194 -0.0820579 0.923005 -0.375935 1.40084 0.00660046 0.377703 0.925903 0.123624 0 0 0 1 
5494384560119;0.307339;0.206602;0.953498 0.299332 -0.0352463 0.426111 -0.284829 0.933135 0.219387 1.34062 0.098559 -0.199146 0.975001 -0.524097 0 0 0 1 
5494384560120;1.07013;0.193768;0.960516 -0.245221 -0.131437 0.496965 0.223038 0.961063 -0.163133 -0.98942 0.166323 0.127376 0.97781 -1.71925 0 0 0 1 
5494384560121;0.937742;0.147858;0.885748 0.41001 -0.217584 1.04253 -0.41636 0.909022 0.0180092 2.09229 0.205172 0.0746414 0.975876 -1.32808 0 0 0 1 
5494384560122;0.448809;0.255985;0.925891 0.346904 0.149612 -0.0353908 -0.348941 0.937051 -0.013269 2.49465 -0.144797 -0.0399202 0.988656 1.19002 0 0 0 1 
5494384560124;0.180601;0.141366;0.990509 -0.110209 0.0821283 -0.294596 0.10135 0.989274 0.105188 -0.452935 -0.0928401 -0.0958659 0.991055 0.33347 0 0 0 1 
5494384560125;0.336264;0.129339;0.949163 -0.137659 0.28309 -0.568174 0.151045 0.988188 -0.0259018 -0.593484 -0.276181 0.0673443 0.958743 1.10154 0 0 0 1 
5494384560126;0.158937;0.108249;0.991297 0.118723 0.0568758 -0.231566 -0.121625 0.991285 0.0506114 0.415348 -0.0503715 -0.0570884 0.997098 0.153927 0 0 0 1 
5494384560127;0.459182;0.111777;0.98768 -0.13486 -0.0793775 0.453132 0.134568 0.990863 -0.00902991 -0.126844 0.07987 -0.00176304 0.996804 -0.352133 0 0 0 1 
5494384560128;0.768681;0.137854;0.964633 -0.130812 0.228847 -0.710437 0.186753 0.951852 -0.243106 -0.0876839 -0.186027 0.277246 0.942618 0.274437 0 0 0 1 
5494384560129;0.8631;0.141963;0.920899 -0.0115889 0.38963 -0.936264 -0.0800163 0.972652 0.21805 -0.651085 -0.381501 -0.231979 0.894786 1.92836 0 0 0 1 
5494384560130;0.294138;0.107198;0.984752 -0.170012 -0.0368754 0.217199 0.173135 0.978466 0.112374 -0.859371 0.0169764 -0.117045 0.992982 -0.276816 0 0 0 1 
5494384560131;0.331415;0.115817;0.995802 -0.0542609 -0.0737204 0.0453754 0.0536233 0.998505 -0.010603 -0.0745458 0.0741855 0.00660541 0.997223 0.0352396 0 0 0 1 
5494384560132;0.299743;0.122739;0.931704 0.0241937 -0.362413 0.913384 0.0785528 0.960744 0.266083 -0.728614 0.354624 -0.276379 0.893228 -1.44961 0 0 0 1 
5494384560133;0.275606;0.099613;0.916799 0.128105 -0.378245 1.06956 -0.0693745 0.983841 0.165059 0.0283946 0.393278 -0.125086 0.910871 -1.52092 0 0 0 1 
5494384560134;0.715759;0.0828433;0.977267 0.21163 0.0127298 0.0677916 -0.211769 0.977261 0.0107643 0.980444 -0.0101623 -0.0132154 0.999861 0.806955 0 0 0 1 
5494384560135;0.221863;0.0902022;0.95597 0.273484 0.106434 0.0102915 -0.282497 0.955813 0.081352 1.16136 -0.0794827 -0.107837 0.990986 0.299536 0 0 0 1 
5494384560136;0.513605;0.0624859;0.969561 0.244817 0.0040539 -0.213708 -0.244851 0.96945 0.0146305 1.36605 -0.000348266 -0.0151777 0.999885 -0.248837 0 0 0 1 
5494384560137;0.0725673;0.118914;0.999839 0.0131452 -0.0121873 -0.0467174 -0.0129684 0.999811 0.0144725 0.140508 0.0123753 -0.0143121 0.999821 0.00701709 0 0 0 1 
5494384560138;0.458946;0.146927;0.996476 -0.0197292 -0.0815253 0.0531108 0.0117501 0.995194 -0.0972176 0.218512 0.0830515 0.0959171 0.991919 0.131319 0 0 0 1 
5494384560139;0.373858;0.111991;0.983225 0.147385 0.107452 0.0610303 -0.143846 0.988791 -0.0400172 0.425856 -0.112146 0.0238893 0.993405 0.360119 0 0 0 1 
5494384560140;0.407687;0.0635347;0.930362 0.337572 -0.14308 0.439842 -0.305787 0.929728 0.205181 0.923254 0.202289 -0.14714 0.968209 -0.599687 0 0 0 1 
5494384560141;0.827786;0.101255;0.998703 0.000697229 0.0509065 -0.290064 0.0013313 0.999207 -0.0398034 0.266586 -0.0508939 0.0398195 0.99791 1.14885 0 0 0 1 
5494384560142;0.791925;0.116437;0.997809 -0.0379059 0.0542188 -0.833523 0.0383989 0.99923 -0.00807917 -0.292549 -0.0538707 0.0101434 0.998496 -0.359322 0 0 0 1 
5494384560143;0.413054;0.0944423;0.888942 0.380474 0.254995 0.0519465 -0.395111 0.918609 0.00676059 1.49875 -0.231669 -0.106761 0.966919 0.89393 0 0 0 1 
5494384560144;0.460909;0.0948722;0.990197 0.102776 -0.0945909 0.20997 -0.0947471 0.991798 0.0857844 0.393868 0.102632 -0.0759812 0.991813 0.0138173 0 0 0 1 
5494384560145;0.514439;0.1045;0.994978 -0.0582312 0.0814152 -0.38759 0.0328268 0.958211 0.284171 -0.0737435 -0.0945606 -0.280072 0.955311 0.369559 0 0 0 1 
5494384560146;0.876277;0.0777399;0.960939 0.276758 -0.000442319 1.00245 -0.276604 0.960455 0.0318722 0.862548 0.00924571 -0.0305049 0.999492 -0.608065 0 0 0 1 
5494384560147;0.0882485;0.10359;0.989504 0.0126166 -0.143957 0.257795 -0.0135036 0.999895 -0.00518625 0.164039 0.143876 0.00707575 0.98957 -0.604845 0 0 0 1 
5494384560148;0.565514;0.0814956;0.899439 0.306028 0.31202 0.208296 -0.264982 0.949592 -0.167511 1.83891 -0.347554 0.0679858 0.935192 1.45694 0 0 0 1 
5494384560149;0.651367;0.126853;0.99309 -0.109155 0.0431 -0.513455 0.105954 0.991858 0.0706557 -0.397892 -0.0504615 -0.0656009 0.996569 0.804359 0 0 0 1 
5494384560150;0.389377;0.122057;0.933783 -0.301622 0.192545 -0.34053 0.322761 0.942265 -0.0892288 -1.25599 -0.154515 0.145466 0.977223 0.838833 0 0 0 1 
5494384560151;0.428451;0.11659;0.935005 -0.351138 -0.0496834 0.0327382 0.351272 0.936252 -0.00628463 -1.40144 0.0487229 -0.0115762 0.998745 -0.542861 0 0 0 1 
5494384560152;0.492131;0.124233;0.941293 -0.337507 -0.00748828 -0.022366 0.330679 0.91733 0.221713 -2.06256 -0.0679604 -0.211173 0.975083 0.138475 0 0 0 1 
5494384560153;0.585822;0.0931081;0.999563 0.0143883 -0.0258042 0.0134786 -0.018755 0.98387 -0.177898 0.595163 0.0228283 0.178305 0.983711 -0.657235 0 0 0 1 
5494384560155;0.510199;0.375411;0.994132 -0.10806 -0.00495554 0.256575 0.107844 0.986488 0.123333 -0.354652 -0.00843884 -0.123144 0.992353 0.45753 0 0 0 1 
5494384560156;0.606536;0.334282;0.999665 -0.0134616 -0.0221156 0.368889 0.0147314 0.998191 0.0582943 -0.367713 0.0212908 -0.0586006 0.998054 -0.647769 0 0 0 1 
5494384560157;0.698949;0.361387;0.96304 -0.265839 -0.043406 0.622378 0.269294 0.953789 0.133293 -0.833212 0.00596566 -0.140055 0.990126 0.423142 0 0 0 1 
5494384560158;0.932434;0.572138;0.977094 0.021565 0.211712 0.172786 -0.0318789 0.998459 0.0454248 -0.11636 -0.210406 -0.0511335 0.976276 1.15687 0 0 0 1 
5494384560159;0.588127;0.46949;0.953859 0.193204 0.229838 0.602918 -0.218505 0.971674 0.0900241 -0.184188 -0.205934 -0.136091 0.969056 0.672349 0 0 0 1 
5494384560160;0.813406;0.379748;0.955459 0.132192 -0.263863 1.26106 -0.0655237 0.966777 0.247079 -0.26628 0.287759 -0.218785 0.932378 -0.913121 0 0 0 1 
5494384560161;0.869163;0.385503;0.99835 0.0361881 -0.044581 0.550732 -0.0290057 0.987899 0.15236 -1.21756 0.0495551 -0.150815 0.987319 -0.066474 0 0 0 1 
5494384560162;0.520155;0.31301;0.988427 -0.0846955 -0.125852 0.245148 0.11357 0.963158 0.243778 -0.365621 0.100569 -0.25525 0.961631 0.214703 0 0 0 1 
5494384560163;0.884248;0.471722;0.902896 0.429757 -0.00942206 1.33055 -0.425021 0.895796 0.130024 0.382891 0.064319 -0.113394 0.991466 -0.0462614 0 0 0 1 
5494384560164;0.069281;0.276668;0.997859 -0.0499164 -0.0422477 0.240742 0.0524805 0.9967 0.0619339 -0.370205 0.0390167 -0.0640185 0.997186 -0.0396028 0 0 0 1 
5494384560165;0.359877;0.489517;0.92619 0.346601 0.14846 0.319999 -0.361161 0.928603 0.0851989 0.054612 -0.108331 -0.132528 0.985241 0.187301 0 0 0 1 
5494384560166;0.617506;0.440734;0.956783 -0.00285975 -0.29079 0.829655 0.0355174 0.993615 0.107091 -0.433762 0.288627 -0.112791 0.950775 -0.0239304 0 0 0 1 
5494384560167;0.359577;0.551037;0.960754 -0.162462 0.22485 0.159962 0.160126 0.986679 0.0287115 -0.701819 -0.226519 0.00841971 0.97397 0.184853 0 0 0 1 
5494384560168;0.367236;0.475202;0.958419 0.205613 0.19788 0.383219 -0.238756 0.957572 0.161402 -0.339077 -0.156298 -0.201936 0.966847 0.229988 0 0 0 1 
5494384560169;0.299703;0.365692;0.996018 0.0483448 -0.0749032 0.331648 -0.0287825 0.969583 0.243065 -0.633941 0.0843758 -0.239942 0.967114 -0.0496002 0 0 0 1 
5494384560170;0.388752;0.271191;0.999902 -0.00192629 -0.0138417 0.517062 0.00308383 0.996453 0.0840992 -0.026224 0.0136306 -0.0841337 0.996361 -0.11947 0 0 0 1 
5494384560171;0.436725;0.254202;0.999374 -0.0344123 0.00815013 0.447297 0.0319384 0.977221 0.209809 -0.421963 -0.0151845 -0.209417 0.977708 -0.331183 0 0 0 1 
5494384560172;0.743415;0.448998;0.988831 0.147569 -0.0208957 0.99347 -0.143283 0.979835 0.13926 -0.0959108 0.0410247 -0.13471 0.990035 0.0226014 0 0 0 1 
5494384560173;0.766137;0.232792;0.994766 0.102082 0.00447065 0.550017 -0.0977728 0.938236 0.331895 0.280511 0.029686 -0.330595 0.943306 -0.596797 0 0 0 1 
5494384560174;0.152675;0.331849;0.989271 -0.116992 -0.0874949 0.185085 0.124766 0.988151 0.0893938 -0.464508 0.0759997 -0.0993511 0.992146 -0.141188 0 0 0 1 
5494384560175;0.731473;0.603823;0.995184 0.0377862 -0.0904435 0.534669 -0.0365514 0.999215 0.0152712 -0.349722 0.0909496 -0.0118918 0.995784 -0.85506 0 0 0 1 
5494384560176;0.458408;0.360415;0.92057 0.0525268 0.387029 0.0431103 -0.15197 0.961001 0.231045 0.0428694 -0.359799 -0.27151 0.892651 0.418613 0 0 0 1 
5494384560177;0.329052;0.462218;0.972867 -0.0533421 -0.225131 0.414833 0.0576667 0.998255 0.0126724 -0.404269 0.224062 -0.0253111 0.974246 -0.168744 0 0 0 1 
5494384560178;0.128329;0.427308;0.993463 0.0141005 -0.113284 0.326741 0.0118493 0.974245 0.22518 -0.573442 0.113541 -0.22505 0.967709 -0.249728 0 0 0 1 
5494384560179;0.884119;0.363854;0.948382 -0.22631 0.22216 -0.0292695 0.201546 0.970982 0.128736 -1.07158 -0.244847 -0.0773155 0.966474 -0.396101 0 0 0 1 
5494384560180;0.395688;0.38181;0.996704 -0.0635933 -0.0503785 0.0808331 0.0685758 0.992181 0.104284 -0.236052 0.0433528 -0.107394 0.993271 -0.376447 0 0 0 1 
5494384560181;0.929561;0.403781;0.956153 -0.289171 -0.0463833 -0.302585 0.290292 0.956741 0.0194413 -1.05998 0.0387549 -0.0320535 0.998735 -0.764583 0 0 0 1 
5494384560182;0.699324;0.519261;0.951138 -0.255294 0.17367 -0.0896532 0.258153 0.966083 0.00631238 -1.16311 -0.169391 0.0388294 0.984784 -0.238383 0 0 0 1 
5494384560183;0.638253;0.500702;0.921149 -0.162163 0.353819 -0.221513 0.0992285 0.976876 0.189387 -0.812741 -0.376349 -0.139344 0.915939 1.07922 0 0 0 1 
5494384560184;0.208766;0.520445;0.977473 0.209622 -0.0245959 0.426212 -0.205126 0.970956 0.12316 -0.238699 0.0496986 -0.11534 0.992082 -0.130385 0 0 0 1 
5494384560186;0.36111;0.0619199;0.9994 -0.0340431 0.00645173 0.00454019 0.0342004 0.999075 -0.0260824 0.135936 -0.00555783 0.0262874 0.999639 0.451362 0 0 0 1 
5494384560187;0.496451;0.0508084;0.953306 0.271629 -0.132008 0.947643 -0.217711 0.921031 0.322961 0.299783 0.209309 -0.279141 0.937161 -0.83363 0 0 0 1 
5494384560188;0.447898;0.0586752;0.939215 -0.334602 0.076924 -0.258529 0.308869 0.921295 0.236251 -1.71696 -0.14992 -0.198131 0.968642 0.450465 0 0 0 1 
5494384560189;0.616026;0.0830051;0.949326 -0.217034 -0.227326 0.65024 0.220365 0.975356 -0.0109413 -0.374526 0.224098 -0.0397079 0.973757 -0.488503 0 0 0 1 
5494384560190;0.219844;0.0423047;0.979784 -0.170317 -0.10496 0.0603385 0.176589 0.982823 0.0536156 -0.768371 0.0940254 -0.0710664 0.99303 -0.384323 0 0 0 1 
5494384560191;0.269957;0.0508991;0.965346 0.2603 0.0187583 0.394064 -0.260359 0.965512 0.000766781 1.04674 -0.0179118 -0.00562411 0.999824 0.123999 0 0 0 1 
5494384560192;0.563983;0.049687;0.992893 0.114001 -0.0341631 -0.0896519 -0.0892503 0.903164 0.419915 -0.0508487 0.0787256 -0.413882 0.90692 0.0918494 0 0 0 1 
5494384560193;0.714742;0.0347841;0.977534 -0.195556 -0.0786479 0.534568 0.157547 0.925767 -0.343706 -0.44496 0.140023 0.323594 0.935778 -0.856793 0 0 0 1 
5494384560194;0.621903;0.0442336;0.98715 -0.155651 -0.0361483 -0.105415 0.155686 0.987805 -0.00185532 -0.733236 0.0359962 -0.00379631 0.999345 0.578026 0 0 0 1 
5494384560195;0.355585;0.0496906;0.956537 -0.281703 0.0753729 -0.268947 0.279056 0.959275 0.043821 -1.20279 -0.0846478 -0.0208831 0.996192 0.580943 0 0 0 1 
5494384560196;0.150749;0.0579913;0.997449 0.0706877 0.00993265 0.0167329 -0.0710109 0.996781 0.0372059 0.144772 -0.00727068 -0.0378163 0.999258 0.217435 0 0 0 1 
5494384560197;0.514288;0.0831767;0.894272 -0.42376 -0.143894 0.708224 0.439868 0.89152 0.108209 -1.88313 0.0824298 -0.160063 0.983659 0.0314576 0 0 0 1 
5494384560198;0.530599;0.0413916;0.995369 0.0108733 0.0955062 -0.425196 0.0318403 0.900193 -0.434327 0.384785 -0.0906965 0.435356 0.895678 0.4605 0 0 0 1 
5494384560199;0.148187;0.0364074;0.988262 0.15208 -0.014501 0.184515 -0.1526 0.987176 -0.0468606 0.687469 0.00718854 0.0485234 0.998796 0.0439992 0 0 0 1 
5494384560200;0.674054;0.047536;0.998287 -0.0568999 0.0136363 -0.625033 0.0562551 0.997458 0.0437441 -0.644791 -0.0160907 -0.042902 0.99895 -0.286454 0 0 0 1 
5494384560201;0.851959;0.0641475;0.958874 -0.193266 0.207867 -0.171204 0.132367 0.952335 0.274841 -0.999918 -0.251077 -0.236024 0.938751 0.199283 0 0 0 1 
5494384560202;0.0584502;0.0507036;0.99908 -0.0133807 -0.0407534 0.0795881 0.0146587 0.999405 0.0312242 -0.114413 0.0403113 -0.0317929 0.998681 -0.158337 0 0 0 1 
5494384560203;0.443983;0.0578164;0.994848 -0.0529611 0.0864398 -0.203577 0.0845761 0.903714 -0.419699 0.551449 -0.0558892 0.424848 0.903538 0.37485 0 0 0 1 
5494384560204;0.212563;0.0783945;0.999236 0.0270436 0.0282048 -0.0490381 -0.0270727 0.999633 0.000651937 0.0859991 -0.0281768 -0.00141502 0.999602 -0.0357948 0 0 0 1 
5494384560205;0.664348;0.0542383;0.876821 -0.288729 0.384475 -0.199092 0.232313 0.954497 0.186994 -1.07356 -0.42097 -0.0746415 0.903998 2.53581 0 0 0 1 
5494384560206;0.578856;0.0622474;0.995805 -0.0865764 0.0295966 -0.0514527 0.0865256 0.996245 0.00299473 -0.258957 -0.0297448 -0.000421305 0.999557 0.847423 0 0 0 1 
5494384560207;0.371227;0.0528581;0.981611 -0.0335947 0.187913 -0.482882 -0.0262469 0.95129 0.307177 -0.540754 -0.189079 -0.30646 0.932915 0.922271 0 0 0 1 
5494384560208;0.803964;0.0886833;0.995708 0.0338375 0.0861432 -0.0746379 -0.0359104 0.999099 0.0226278 0.238098 -0.0852999 -0.0256241 0.996026 1.37376 0 0 0 1 
5494384560209;0.402561;0.0536171;0.896401 -0.406575 -0.176527 0.473071 0.379041 0.909593 -0.170198 -1.30668 0.229766 0.085655 0.969469 -0.745943 0 0 0 1 
5494384560210;0.831689;0.0422235;0.985044 0.150574 0.0837555 -0.174223 -0.126652 0.962343 -0.24053 1.61659 -0.116819 0.226325 0.967021 0.0962621 0 0 0 1 
5494384560211;0.793568;0.0364353;0.993331 -0.0386516 -0.108625 1.00833 0.0388646 0.999244 -0.000156484 0.132728 0.108549 -0.00406621 0.994083 -0.712368 0 0 0 1 
5494384560212;0.459124;0.0572896;0.99992 -0.0113068 0.00566075 0.247715 0.0111789 0.999692 0.0221429 0.0577423 -0.00590937 -0.0220779 0.999739 0.514054 0 0 0 1 
5494384560213;0.436091;0.0573035;0.930957 -0.0753273 -0.357274 0.939707 0.000798604 0.978906 -0.204311 0.417908 0.365128 0.189919 0.911379 -0.917989 0 0 0 1 
5494384560214;0.701608;0.0767462;0.999857 -0.0128836 0.0109601 0.00241543 0.0127784 0.999872 0.00961046 0.662476 -0.0110825 -0.00946903 0.999894 -0.203515 0 0 0 1 
5494384560215;0.568246;0.0800708;0.953505 0.0646071 -0.29437 1.3129 0.0216964 0.959502 0.280866 -0.592374 0.300594 -0.274194 0.913488 -1.02683 0 0 0 1 
5494384560217;0.781012;0.134799;0.988464 0.151446 0.00165949 0.756245 -0.150914 0.985798 -0.0736752 0.757117 -0.0127937 0.0725749 0.997281 0.469301 0 0 0 1 
5494384560218;0.673342;0.121015;0.869302 -0.0813831 -0.487535 1.96881 0.146571 0.984431 0.0970154 -1.15281 0.472049 -0.155794 0.867697 -1.88979 0 0 0 1 
5494384560219;0.333437;0.127747;0.930781 -0.353265 -0.0940762 0.524659 0.352026 0.935509 -0.0300121 -1.92062 0.0986114 -0.00518254 0.995113 -0.489601 0 0 0 1 
5494384560220;0.675306;0.131521;0.952354 -0.171467 -0.252232 0.790125 0.130697 0.976659 -0.170455 -0.314386 0.275572 0.129367 0.952536 -0.763869 0 0 0 1 
5494384560221;0.374554;0.0890591;0.910285 0.411834 0.0421206 0.683698 -0.396014 0.895907 -0.201307 2.8131 -0.120641 0.166567 0.978622 0.921371 0 0 0 1 
5494384560222;1.07278;0.121737;0.959014 0.131549 -0.250973 0.311552 -0.167434 0.977621 -0.127368 2.03689 0.228601 0.164169 0.959578 -0.851796 0 0 0 1 
5494384560223;0.406435;0.0955883;0.932089 0.362214 0.00329437 0.452623 -0.361927 0.931645 -0.0323497 2.09281 -0.0147867 0.0289605 0.999471 0.330557 0 0 0 1 
5494384560224;0.20751;0.0915034;0.984571 -0.074236 0.158456 -0.40058 0.0665001 0.996347 0.0535842 -0.4961 -0.161855 -0.0422201 0.985911 0.970931 0 0 0 1 
5494384560225;0.828158;0.111468;0.992379 0.0287177 -0.11983 0.265552 -0.0226721 0.998415 0.051513 0.155672 0.12112 -0.0484036 0.991457 0.150367 0 0 0 1 
5494384560226;0.429538;0.111745;0.875984 0.102533 -0.471316 1.86621 -0.0070821 0.979774 0.199984 -0.111868 0.482288 -0.171845 0.858992 -2.66121 0 0 0 1 
5494384560227;0.623994;0.137011;0.945556 -0.305671 0.111755 -0.235902 0.273491 0.9324 0.23629 -1.77559 -0.176428 -0.192861 0.965235 0.790516 0 0 0 1 
5494384560228;0.349478;0.106362;0.970427 -0.169887 -0.171494 0.495074 0.209686 0.945221 0.25018 -1.53177 0.119597 -0.278741 0.95289 -0.693289 0 0 0 1 
5494384560229;0.390705;0.115329;0.99707 0.0558691 -0.0522541 0.0879472 -0.0589459 0.996497 -0.0593205 0.761114 0.0487569 0.0622268 0.99687 0.0748668 0 0 0 1 
5494384560230;0.944473;0.129833;0.987549 0.084359 0.132781 -0.856951 -0.0823876 0.996394 -0.0202814 0.669467 -0.134013 0.00908937 0.990938 0.361942 0 0 0 1 
5494384560231;0.749473;0.152791;0.941041 -0.18323 0.284373 -0.739887 0.161202 0.98192 0.0992336 -1.05145 -0.297414 -0.0475412 0.953564 1.36821 0 0 0 1 
5494384560232;0.1939;0.128655;0.997569 -0.0456829 0.0526157 -0.0943307 0.0346789 0.980437 0.193755 -0.636227 -0.0604377 -0.191459 0.979638 0.294157 0 0 0 1 
5494384560233;0.634182;0.104358;0.933059 0.231672 0.27519 -0.168464 -0.306794 0.911935 0.272493 1.15989 -0.187826 -0.338679 0.921964 0.702877 0 0 0 1 
5494384560234;0.39885;0.0874539;0.904796 -0.362807 -0.222969 0.98263 0.367865 0.929665 -0.0199409 -2.08438 0.214521 -0.0639799 0.974622 -1.32244 0 0 0 1 
5494384560235;0.0516956;0.0836747;0.997731 0.0670325 -0.00633907 0.105795 -0.0667008 0.99685 0.0428968 0.352343 0.00919458 -0.0423766 0.999059 -0.0763189 0 0 0 1 
5494384560236;0.391323;0.141796;0.995373 -0.0902045 -0.0330988 0.188551 0.0913978 0.995145 0.0365059 -0.233109 0.0296451 -0.0393621 0.998785 -0.201589 0 0 0 1 
5494384560237;1.02921;0.0936205;0.99855 0.019488 0.0501785 0.485787 -0.0120179 0.989347 -0.14508 0.803522 -0.0524713 0.144267 0.988147 1.1499 0 0 0 1 
5494384560238;0.757061;0.130583;0.95331 0.288744 -0.088473 0.828794 -0.286357 0.957335 0.0388539 2.03381 0.0959171 -0.0117049 0.995321 -1.01474 0 0 0 1 
5494384560239;0.288361;0.0968637;0.915588 0.301849 0.265681 0.0156559 -0.304188 0.952028 -0.0333432 1.87761 -0.263 -0.0502883 0.963484 1.66233 0 0 0 1 
5494384560240;0.0978136;0.144742;0.985469 0.0949829 -0.140813 0.547017 -0.0897019 0.995023 0.0434022 0.493606 0.144235 -0.0301403 0.989084 -0.761865 0 0 0 1 
5494384560241;0.673589;0.146647;0.932825 0.335083 -0.132505 0.830746 -0.352927 0.9238 -0.148443 2.94519 0.0726672 0.185236 0.980004 -0.180258 0 0 0 1 
5494384560242;1.04802;0.146813;0.981107 0.118731 0.15275 -0.405977 -0.0952455 0.983653 -0.152823 1.5166 -0.168398 0.135387 0.976377 1.91417 0 0 0 1 
5494384560243;0.111566;0.129554;0.99893 -0.0242772 -0.0393707 0.123722 0.0227189 0.998959 -0.0395553 0.103645 0.04029 0.0386185 0.998441 -0.226679 0 0 0 1 
5494384560244;1.00468;0.127687;0.976156 -0.216848 0.00984327 0.43284 0.216351 0.975606 0.0372069 -1.09047 -0.0176714 -0.0341902 0.999259 -0.71863 0 0 0 1 
5494384560245;0.648612;0.110598;0.991034 -0.122725 0.0528213 -0.150774 0.124578 0.991649 -0.0333459 -0.241304 -0.0482878 0.0396273 0.998047 0.850197 0 0 0 1 
5494384560246;0.310363;0.109736;0.999172 -0.00896177 0.0396817 0.0429768 0.00322948 0.989829 0.142227 -0.217375 -0.0405527 -0.141981 0.989038 0.503329 0 0 0 1 
5494384560248;0.548689;0.136585;0.965025 -0.260792 0.02671 0.233972 0.257835 0.962602 0.0831779 -3.00848 -0.0474032 -0.0733821 0.996177 1.23076 0 0 0 1 
5494384560249;0.350307;0.0886899;0.966484 0.226505 0.120851 -0.229428 -0.207167 0.966115 -0.15396 2.70202 -0.151629 0.123764 0.980659 1.24212 0 0 0 1 
5494384560250;0.482059;0.116288;0.991558 0.0395181 0.123499 0.378094 -0.0316004 0.997357 -0.0654265 -0.175214 -0.125758 0.0609716 0.990186 1.26868 0 0 0 1 
5494384560251;0.346948;0.114521;0.950365 0.225354 0.214529 -0.342149 -0.247001 0.965727 0.0797597 2.03243 -0.189202 -0.12879 0.973456 2.40191 0 0 0 1 
5494384560252;0.590914;0.0824718;0.918883 -0.240311 -0.312898 1.97044 0.191121 0.964952 -0.179837 -2.18702 0.345148 0.105447 0.932606 -3.40322 0 0 0 1 
5494384560253;0.449485;0.164711;0.929748 0.00947039 -0.368076 1.79541 -0.0476972 0.994344 -0.0948978 0.946565 0.365095 0.105787 0.92494 -3.57876 0 0 0 1 
5494384560254;0.682288;0.166866;0.951094 -0.306271 0.0402401 1.30125 0.296585 0.941805 0.158241 -3.82423 -0.0863628 -0.138567 0.98658 1.80894 0 0 0 1 
5494384560255;0.468787;0.0930341;0.998313 -0.0208152 0.0542025 -0.43522 0.0270307 0.992812 -0.11659 0.0437053 -0.0513861 0.117859 0.9917 -0.318297 0 0 0 1 
5494384560256;0.445109;0.101595;0.920766 0.350074 0.172159 -0.388072 -0.371074 0.922117 0.109563 3.21347 -0.120395 -0.164766 0.978957 0.964775 0 0 0 1 
5494384560257;0.358958;0.161878;0.97588 -0.0846036 0.201249 -0.448363 0.0544099 0.98702 0.151096 -1.17451 -0.21142 -0.136502 0.967817 2.64261 0 0 0 1 
5494384560258;0.299214;0.1721;0.946454 -0.298551 0.122848 0.53396 0.316539 0.932979 -0.171331 -2.71285 -0.0634637 0.201043 0.977524 0.27736 0 0 0 1 
5494384560259;0.232186;0.151944;0.990458 -0.137696 -0.00581745 0.345298 0.137521 0.984664 0.107351 -1.96919 -0.00905356 -0.107127 0.994204 -0.0472678 0 0 0 1 
5494384560260;0.561418;0.0727302;0.960912 0.258293 0.0996601 -0.370366 -0.265974 0.961186 0.0733495 2.31724 -0.0768462 -0.0969895 0.992314 1.69115 0 0 0 1 
5494384560261;0.428236;0.11365;0.875209 0.246553 0.416199 -0.318818 -0.222913 0.969129 -0.105349 2.34048 -0.429324 -0.000573452 0.90315 4.50216 0 0 0 1 
