#;prob_registration_l1 -r /home/probabilistic_point_clouds_registration/build/tester /home/point_clouds_registration_benchmark//devel/registration_pairs/urban05_local.txt /home/point_clouds_registration_benchmark//kaist/urban05 -s 0.2 -t 0.2 -p 0.3 -r 1000 -m 5 -i 40 
id;initial_error;final_error;transformation
34562489690000;0.13992;0.909696;1 -1.73511e-07 8.86782e-07 -1.10177 1.73511e-07 1 2.45833e-08 6.93835 -8.86782e-07 -2.45831e-08 1 -0.0616721 0 0 0 1 
34562489690001;0.182436;0.227598;1 -6.70972e-08 4.22958e-07 -0.563796 6.70971e-08 1 4.43111e-08 0.587952 -4.22958e-07 -4.43111e-08 1 -0.324183 0 0 0 1 
34562489690002;0.400034;1.07069;1 -1.01459e-07 -7.98146e-07 -1.31608 1.01459e-07 1 2.51616e-08 -7.07089 7.98146e-07 -2.51617e-08 1 -0.328744 0 0 0 1 
34562489690003;0.381518;0.450294;0.999793 1.62151e-05 -0.0203653 17.5629 1.99648e-05 0.999998 0.00177634 -2.8238 0.0203653 -0.00177638 0.999791 -12.2604 0 0 0 1 
34562489690004;0.467995;0.804866;1 -1.51469e-07 5.25144e-07 -1.12016 1.51469e-07 1 5.11206e-08 2.88985 -5.25144e-07 -5.11206e-08 1 -0.341468 0 0 0 1 
34562489690005;0.423309;0.749712;1 -1.51942e-07 8.03518e-07 -1.14237 1.51942e-07 1 7.38764e-08 2.86737 -8.03518e-07 -7.38762e-08 1 -0.533489 0 0 0 1 
34562489690006;0.190415;1.13844;1 -4.95937e-08 1.40039e-06 -0.888526 4.95937e-08 1 -1.92888e-08 -9.44864 -1.40039e-06 1.92889e-08 1 -0.0568247 0 0 0 1 
34562489690007;0.167146;0.852352;1 -3.20799e-08 1.0411e-06 0.201395 3.20799e-08 1 1.94129e-11 6.56396 -1.0411e-06 -1.93795e-11 1 0.214262 0 0 0 1 
34562489690008;0.102809;0.101722;1 -1.31476e-08 4.98738e-08 -0.0842797 1.31476e-08 1 6.06856e-09 -0.261374 -4.98738e-08 -6.06856e-09 1 -0.0346927 0 0 0 1 
34562489690009;0.0509686;0.844558;1 -5.39997e-08 -6.06559e-08 -0.66059 5.39997e-08 1 -5.52687e-09 -7.45928 6.06559e-08 5.52687e-09 1 -0.0512488 0 0 0 1 
34562489690010;0.0869115;0.776774;1 -1.51144e-07 -1.051e-07 -0.992734 1.51144e-07 1 2.56035e-08 6.57365 1.051e-07 -2.56035e-08 1 -0.109031 0 0 0 1 
34562489690011;0.0782188;0.574883;0.999544 4.09389e-05 -0.0301932 -6.60064 3.86462e-05 0.999997 0.00263527 4.81408 0.0301932 -0.00263524 0.999541 -5.94182 0 0 0 1 
34562489690012;0.0495854;0.810843;1 1.19158e-08 2.33498e-07 -0.549687 -1.19158e-08 1 1.83378e-09 -7.05438 -2.33498e-07 -1.83378e-09 1 -0.210821 0 0 0 1 
34562489690013;0.0622498;0.687357;0.999997 7.79454e-06 0.00226752 -60.7043 -7.35299e-06 1 -0.000194735 11.5273 -0.00226753 0.000194718 0.999997 26.53 0 0 0 1 
34562489690014;0.30978;1.21845;1 -2.4655e-07 -3.22816e-07 -1.17393 2.4655e-07 1 4.57692e-08 8.93377 3.22816e-07 -4.57693e-08 1 -0.135416 0 0 0 1 
34562489690015;0.264634;0.338371;1 -4.24559e-08 1.81749e-07 -0.376852 4.24559e-08 1 9.1936e-09 -1.03028 -1.81749e-07 -9.19359e-09 1 -0.065008 0 0 0 1 
34562489690016;0.0384264;0.85859;1 -9.47297e-08 -9.20226e-08 -0.40861 9.47297e-08 1 1.73741e-08 7.30829 9.20226e-08 -1.73741e-08 1 0.0147191 0 0 0 1 
34562489690017;0.317284;0.422101;1 -1.29236e-07 2.47424e-07 -1.17725 1.29236e-07 1 3.78901e-08 -2.2095 -2.47424e-07 -3.78901e-08 1 -0.278131 0 0 0 1 
34562489690018;0.287954;1.13415;1 -1.87995e-07 6.06371e-07 -1.00087 1.87995e-07 1 -3.19272e-10 8.87885 -6.06371e-07 3.19386e-10 1 0.118403 0 0 0 1 
34562489690019;0.362659;0.57348;0.998475 0.00012795 0.0552046 32.3155 0.000138209 0.999988 -0.00481749 -6.58101 -0.0552046 0.00481777 0.998463 13.7664 0 0 0 1 
34562489690020;0.112961;0.0560955;0.999996 -1.31835e-06 -0.00264776 12.9154 1.93665e-06 1 0.000233517 -1.72561 0.00264776 -0.000233521 0.999996 18.1547 0 0 0 1 
34562489690021;0.197833;0.276692;1 -7.36098e-09 -4.46701e-07 -0.123681 7.36097e-09 1 -1.90827e-08 -1.60508 4.46701e-07 1.90827e-08 1 0.129141 0 0 0 1 
34562489690022;0.278308;1.24125;1 -5.62452e-08 1.12067e-06 -1.08998 5.62453e-08 1 -5.39125e-08 -9.48308 -1.12067e-06 5.39126e-08 1 0.219515 0 0 0 1 
34562489690023;0.193536;0.253433;1 -4.32539e-08 -1.89662e-07 -0.370964 4.32539e-08 1 1.3142e-08 0.247776 1.89662e-07 -1.3142e-08 1 -0.0890937 0 0 0 1 
34562489690024;0.347959;0.514779;1 -3.76361e-08 1.59913e-06 -0.46214 3.76361e-08 1 4.51016e-08 -3.60973 -1.59913e-06 -4.51015e-08 1 -0.384261 0 0 0 1 
34562489690025;0.302077;0.604991;0.999572 3.38329e-05 -0.029255 30.5169 4.08859e-05 0.999997 0.00255345 -0.300511 0.029255 -0.00255355 0.999569 -4.76403 0 0 0 1 
34562489690026;0.218188;0.207251;1 -4.43869e-08 3.50554e-07 -0.376081 4.43869e-08 1 2.64578e-08 0.535156 -3.50554e-07 -2.64577e-08 1 -0.187105 0 0 0 1 
34562489690027;0.18191;0.388484;0.999558 3.14664e-05 -0.0297211 60.5227 4.56367e-05 0.999997 0.00259354 -2.65243 0.0297211 -0.00259375 0.999555 -8.22847 0 0 0 1 
34562489690028;0.340963;0.460786;1 -7.57621e-08 2.83956e-07 -0.715377 7.57621e-08 1 1.26459e-08 -1.666 -2.83956e-07 -1.26459e-08 1 -0.104998 0 0 0 1 
34562489690029;0.238574;0.227847;0.999866 1.38237e-05 0.0163446 -20.1539 9.47762e-06 0.999999 -0.00142555 0.790174 -0.0163446 0.00142551 0.999865 11.3622 0 0 0 1 
34562489690031;0.530935;0.628843;1 9.97432e-07 -0.000187929 -7.33296 -9.9457e-07 1 1.52294e-05 1.15319 0.000187929 -1.52293e-05 1 -8.84661 0 0 0 1 
34562489690032;0.306555;0.510299;0.990635 0.000813712 0.136531 11.7179 0.00082017 0.999929 -0.0119104 -1.88913 -0.136531 0.0119109 0.990564 66.6328 0 0 0 1 
34562489690033;0.46032;0.556954;0.999861 1.32388e-05 -0.0166603 -6.41985 1.098e-05 0.999999 0.00145359 1.07449 0.0166603 -0.00145357 0.99986 -7.10594 0 0 0 1 
34562489690034;0.385219;0.791568;0.999897 1.2286e-05 -0.0143581 -22.6243 5.68016e-06 0.999999 0.00125125 2.91014 0.0143581 -0.0012512 0.999896 -18.7074 0 0 0 1 
34562489690035;0.341621;0.322093;0.982922 0.00149555 0.184016 -62.9984 0.00148579 0.99987 -0.0160627 5.08263 -0.184016 0.0160618 0.982792 24.0945 0 0 0 1 
34562489690036;0.158469;0.054401;0.994868 0.000450514 -0.101179 -5.74633 0.000444952 0.999961 0.00882761 0.334009 0.101179 -0.00882733 0.994829 -43.021 0 0 0 1 
34562489690037;0.364175;0.346863;0.994314 0.000498395 -0.106488 -0.118723 0.000494136 0.999957 0.00929397 -0.551726 0.106488 -0.00929374 0.994271 -21.0258 0 0 0 1 
34562489690038;0.437441;1.18233;0.993934 0.000536245 0.109979 -66.2575 0.000522666 0.999954 -0.00959926 8.06729 -0.109979 0.00959851 0.993888 21.5902 0 0 0 1 
34562489690039;0.392147;0.323035;1 1.53447e-08 -9.38467e-08 0.11385 -1.53447e-08 1 -1.43411e-08 -0.208441 9.38467e-08 1.43411e-08 1 0.100752 0 0 0 1 
34562489690040;0.283513;0.330047;0.999437 5.1044e-05 -0.0335509 -9.87719 4.71955e-05 0.999996 0.00292727 0.814663 0.0335509 -0.00292721 0.999433 -14.6872 0 0 0 1 
34562489690041;0.287266;0.526003;0.995873 0.000369087 -0.0907573 -57.202 0.000351392 0.999969 0.00792242 5.80386 0.0907574 -0.00792162 0.995842 -11.2828 0 0 0 1 
34562489690042;0.329992;1.151;0.994617 0.000479788 0.103622 -90.992 0.000459997 0.999959 -0.00904523 9.91814 -0.103623 0.0090442 0.994576 16.5461 0 0 0 1 
34562489690043;0.516204;0.810803;0.999538 4.35858e-05 -0.030397 -20.8357 3.70654e-05 0.999996 0.00265269 2.1573 0.030397 -0.00265259 0.999534 -8.08042 0 0 0 1 
34562489690044;0.236329;0.179895;1 8.99834e-09 4.63261e-08 0.0691153 -8.99834e-09 1 1.62362e-08 -0.110202 -4.63261e-08 -1.62362e-08 1 -0.146085 0 0 0 1 
34562489690045;0.316589;0.417139;0.999919 6.6365e-06 -0.0127532 5.8197 7.60788e-06 0.999999 0.00111688 -0.966144 0.0127532 -0.00111688 0.999918 28.2125 0 0 0 1 
34562489690046;0.376135;0.36692;0.999225 6.97227e-05 -0.0393664 -10.498 6.55887e-05 0.999994 0.00343593 0.767689 0.0393664 -0.00343584 0.999219 -7.0616 0 0 0 1 
34562489690047;0.485231;0.418358;0.999998 5.42292e-07 -0.00205207 -2.26087 -1.74927e-07 1 0.000179022 0.150304 0.00205207 -0.000179021 0.999998 -1.57848 0 0 0 1 
34562489690048;0.199981;0.0989812;1 -8.45831e-07 -0.000366641 7.34018 8.56702e-07 1 2.96508e-05 -0.32906 0.000366641 -2.96511e-05 1 -18.7855 0 0 0 1 
34562489690049;0.208318;0.219258;1 2.03282e-09 -1.87938e-07 0.0269304 -2.03282e-09 1 1.42435e-09 0.0735951 1.87938e-07 -1.42435e-09 1 -0.0199397 0 0 0 1 
34562489690050;0.378047;0.567785;0.975759 0.00207897 -0.218836 331.244 0.00209207 0.999821 0.0188267 -28.4978 0.218836 -0.0188281 0.97558 -2218.51 0 0 0 1 
34562489690051;0.381473;0.644733;0.999771 2.26998e-05 0.0213965 -23.6485 1.72551e-05 0.999998 -0.00186717 2.74501 -0.0213965 0.00186711 0.999769 6.12424 0 0 0 1 
34562489690052;0.123011;0.361348;0.999815 2.07315e-05 -0.0192176 -33.2584 1.1475e-05 0.999999 0.00167578 3.24807 0.0192176 -0.00167569 0.999814 -16.0001 0 0 0 1 
34562489690053;0.447449;0.667011;0.999859 1.61394e-05 0.0167963 -32.1744 8.46841e-06 0.999999 -0.001465 3.36489 -0.0167963 0.00146493 0.999858 10.9917 0 0 0 1 
34562489690054;0.341689;0.514706;0.998435 0.000142228 -0.0559265 -36.1266 0.000131024 0.999988 0.00488222 3.07003 0.0559265 -0.0048819 0.998423 -3.617 0 0 0 1 
34562489690055;0.435439;0.535101;1 4.94059e-06 -0.000148606 -39.0976 -4.94058e-06 1 7.2771e-08 3.34302 0.000148606 -7.20368e-08 1 -103.308 0 0 0 1 
34562489690056;0.453077;0.205116;0.933176 0.00516413 -0.359381 5437.4 0.00614356 0.999522 0.0303151 -468.937 0.359366 -0.0304972 0.932698 -7031.66 0 0 0 1 
34562489690057;0.243925;0.08315;0.999496 4.35514e-05 0.0317577 -0.251265 4.4498e-05 0.999996 -0.00277183 -0.428173 -0.0317577 0.00277184 0.999492 4.90738 0 0 0 1 
34562489690058;0.299623;0.447101;0.989313 0.000937913 0.145808 -58.9741 0.000927175 0.999919 -0.012723 5.82009 -0.145808 0.0127222 0.989231 55.0836 0 0 0 1 
34562489690059;0.121954;0.0940273;0.999979 2.15536e-06 -0.00651623 -1.22831 1.54998e-06 1 0.000568629 0.107831 0.00651623 -0.000568627 0.999979 -2.38503 0 0 0 1 
34562489690060;0.336224;0.410399;0.999283 6.67916e-05 0.0378648 -37.8672 5.83882e-05 0.999995 -0.00330485 3.55438 -0.0378648 0.00330469 0.999277 7.34169 0 0 0 1 
34562489690062;0.450678;0.285866;0.989874 0.000882245 0.141944 -4.37207 0.000885644 0.999923 -0.0123912 -0.629747 -0.141944 0.0123914 0.989797 25.5839 0 0 0 1 
34562489690063;0.504888;0.619029;0.993458 0.000489795 0.1142 639.484 0.000612153 0.999954 -0.00961397 -56.6111 -0.1142 0.00962098 0.993411 2824.33 0 0 0 1 
34562489690064;0.452148;0.440076;1 -6.72281e-09 2.46653e-08 -0.0712487 6.72281e-09 1 2.39242e-09 -0.171982 -2.46653e-08 -2.39242e-09 1 -0.036392 0 0 0 1 
34562489690065;0.324911;0.526538;0.999709 2.63095e-05 -0.024129 -3.85396 2.45325e-05 0.999998 0.00210679 -0.521498 0.024129 -0.00210677 0.999707 -0.629676 0 0 0 1 
34562489690066;0.34336;0.295168;0.997109 0.000251346 0.07598 -1.83213 0.000253128 0.999978 -0.00662986 0.102123 -0.07598 0.00662993 0.997087 36.8156 0 0 0 1 
34562489690067;0.18061;0.395425;0.999996 -8.21267e-07 0.00277452 8.74688 1.49331e-06 1 -0.000242218 -1.57296 -0.00277452 0.000242221 0.999996 0.574586 0 0 0 1 
34562489690068;0.143206;0.156477;1 1.20154e-08 1.37433e-08 0.0774286 -1.20154e-08 1 -4.38489e-09 -0.17909 -1.37433e-08 4.38489e-09 1 0.0331397 0 0 0 1 
34562489690069;0.265071;0.185303;0.99999 3.94593e-06 0.00454944 -25.2391 -2.15858e-06 1 -0.000392877 1.62572 -0.00454944 0.000392863 0.99999 34.5388 0 0 0 1 
34562489690070;0.337998;0.321381;0.937853 0.00418903 -0.347008 10006 0.00683996 0.99951 0.0305521 -865.869 0.346966 -0.0310269 0.937364 5883.4 0 0 0 1 
34562489690071;0.291767;0.0259936;1 1.00235e-06 -0.000379134 -7.70893 -9.90322e-07 1 3.17391e-05 0.576233 0.000379134 -3.17387e-05 1 -10.2855 0 0 0 1 
34562489690072;0.432542;0.338212;0.969796 0.00264083 0.243902 -61.7379 0.00263363 0.99977 -0.0212967 4.90789 -0.243902 0.0212958 0.969566 16.7656 0 0 0 1 
34562489690073;0.333627;0.32792;0.997508 0.000221136 -0.0705478 -18.5806 0.00021387 0.999981 0.0061585 1.31096 0.0705478 -0.00615824 0.997489 -15.6913 0 0 0 1 
34562489690074;0.333091;0.833103;0.987427 0.00111065 0.158071 -123.228 0.00108476 0.999904 -0.0138018 10.0829 -0.158071 0.0137997 0.987331 24.5004 0 0 0 1 
34562489690075;0.300984;0.276439;0.985485 0.00126905 -0.169759 10.8761 0.00126515 0.999889 0.0148192 -1.44258 0.169759 -0.0148189 0.985374 -32.9367 0 0 0 1 
34562489690076;0.255405;0.390967;0.99985 1.18573e-05 0.0173085 7.17753 1.4308e-05 0.999999 -0.00151158 -1.06408 -0.0173085 0.0015116 0.999849 -1.37873 0 0 0 1 
34562489690077;0.37018;0.339577;0.892136 0.00943202 -0.451668 -45.0489 0.00940409 0.999178 0.0394405 3.08109 0.451668 -0.0394338 0.891314 -28.2742 0 0 0 1 
34562489690078;0.123389;0.130837;1 4.50741e-09 -1.73809e-07 0.025943 -4.50741e-09 1 5.69364e-09 -0.188937 1.73809e-07 -5.69363e-09 1 -0.0501985 0 0 0 1 
34562489690079;0.437756;0.517215;1 2.53645e-08 -2.67798e-08 0.172495 -2.53645e-08 1 5.49428e-09 -0.356334 2.67798e-08 -5.49428e-09 1 -0.0343194 0 0 0 1 
34562489690080;0.248888;0.252316;1 1.0592e-08 -8.64457e-08 0.0668174 -1.0592e-08 1 -8.80124e-10 -0.1992 8.64457e-08 8.80125e-10 1 0.0269035 0 0 0 1 
34562489690081;0.238106;0.389301;0.999818 1.40828e-05 0.0190699 11.5383 1.76578e-05 0.999999 -0.00166427 -1.79943 -0.0190699 0.0016643 0.999817 6.69379 0 0 0 1 
34562489690082;0.176775;0.282878;0.99267 0.000643887 0.120856 -47.1946 0.00063622 0.999944 -0.0105531 3.75756 -0.120856 0.0105526 0.992614 4.6257 0 0 0 1 
34562489690083;0.334152;1.96319;0.999983 2.03428e-05 0.00579538 -152.983 -1.7435e-05 1 -0.000501797 7.17751 -0.00579539 0.000501688 0.999983 35.8262 0 0 0 1 
34562489690084;0.376441;0.215616;0.998729 0.000113827 -0.0503924 -15.8003 0.000108012 0.99999 0.00439948 1.72152 0.0503924 -0.00439934 0.99872 -6.82074 0 0 0 1 
34562489690085;0.162081;0.287125;0.999019 8.25674e-05 -0.0442879 31.2052 8.89932e-05 0.999993 0.00387177 -3.00221 0.0442879 -0.00387191 0.999011 37.9499 0 0 0 1 
34562489690086;0.435379;0.324672;1 -1.46219e-08 -2.34574e-07 -0.110357 1.46219e-08 1 -2.98021e-08 0.0740485 2.34574e-07 2.98021e-08 1 0.218931 0 0 0 1 
34562489690087;0.326485;0.300997;0.999892 9.66453e-06 0.0146904 -4.04595 9.17703e-06 0.999999 -0.00128251 -0.0128404 -0.0146904 0.0012825 0.999891 2.06635 0 0 0 1 
34562489690088;0.343468;0.327532;0.999998 2.0429e-07 -0.00200568 0.216924 1.44894e-07 1 0.000174098 -0.0719261 0.00200568 -0.000174098 0.999998 -8.15817 0 0 0 1 
34562489690089;0.181879;0.155859;1 7.28939e-09 -5.38529e-07 -0.0128752 -7.28937e-09 1 3.08751e-08 -0.226985 5.38529e-07 -3.0875e-08 1 -0.000103172 0 0 0 1 
34562489690090;0.274172;0.347389;0.980766 0.00168259 -0.195178 2.03488 0.00167571 0.999853 0.0170399 -0.87623 0.195178 -0.0170392 0.98062 -25.7372 0 0 0 1 
34562489690091;0.516972;0.58453;1 2.59287e-06 -0.000202456 -19.7829 -2.58927e-06 1 1.77716e-05 1.10759 0.000202457 -1.7771e-05 1 -0.0365846 0 0 0 1 
34562489690093;0.4248;0.452375;1 -2.99535e-08 6.06058e-07 -0.298194 2.99535e-08 1 3.8589e-09 1.0053 -6.06058e-07 -3.85888e-09 1 1.54404 0 0 0 1 
34562489690094;0.0934313;0.125543;0.999728 2.57341e-05 0.0233162 -19.244 2.16715e-05 0.999998 -0.00203291 2.84439 -0.0233162 0.00203286 0.999726 22.2234 0 0 0 1 
34562489690095;0.144672;0.172524;1 -4.66368e-09 -7.37882e-08 -0.00920272 4.66367e-09 1 -2.54824e-08 0.941502 7.37882e-08 2.54824e-08 1 0.223976 0 0 0 1 
34562489690096;0.228702;0.277877;0.998882 -9.3044e-06 -0.0472694 866.277 0.000207349 0.999991 0.0041848 -75.1977 0.0472689 -0.00418993 0.998873 505.321 0 0 0 1 
34562489690097;0.121961;0.275457;0.999516 3.36488e-05 0.0311164 63.4208 5.0839e-05 0.999996 -0.00271442 -7.4699 -0.0311164 0.00271469 0.999512 16.5219 0 0 0 1 
34562489690098;0.286027;0.299247;0.999218 -0.000118546 0.0395355 1497.06 0.00025894 0.999994 -0.00354599 -130.182 -0.0395348 0.00355346 0.999212 -817.68 0 0 0 1 
34562489690099;0.0245713;0.0395201;0.999942 3.59091e-06 0.0107683 9.97058 6.52197e-06 1 -0.000939097 -1.12236 -0.0107683 0.000939113 0.999942 8.29375 0 0 0 1 
34562489690100;0.214406;0.211915;1 -1.43558e-08 4.59535e-08 -0.0943786 1.43558e-08 1 2.99452e-08 0.707721 -4.59535e-08 -2.99452e-08 1 -0.263541 0 0 0 1 
34562489690101;0.290539;0.323669;1 -3.60103e-08 2.64445e-07 -0.251066 3.60103e-08 1 -9.70409e-09 0.0187576 -2.64445e-07 9.7041e-09 1 0.063448 0 0 0 1 
34562489690102;0.160438;0.230765;0.995837 0.000507709 -0.0911505 -1147.92 0.0001925 0.999971 0.00767295 99.2666 0.0911517 -0.00765855 0.995808 -2412.71 0 0 0 1 
34562489690103;0.385248;0.441406;1 -1.08421e-08 -1.03197e-07 -0.130394 1.08421e-08 1 -3.94037e-08 -0.608355 1.03197e-07 3.94037e-08 1 0.247454 0 0 0 1 
34562489690104;0.150227;0.265529;1 -3.45837e-08 2.25736e-07 -0.390147 3.45837e-08 1 -3.11827e-09 -1.35134 -2.25736e-07 3.11828e-09 1 -0.0653409 0 0 0 1 
34562489690105;0.212702;0.274956;0.999126 7.26718e-05 0.0418101 22.614 7.99285e-05 0.999993 -0.00364816 -3.5029 -0.0418101 0.00364831 0.999119 15.6184 0 0 0 1 
34562489690106;0.369761;0.39784;0.998998 -0.000490642 0.0447619 4644.85 0.000665225 0.999992 -0.00388544 -403.651 -0.0447597 0.00391132 0.99899 -27.0959 0 0 0 1 
34562489690107;0.232667;0.213339;1 -2.40845e-08 2.77452e-07 -0.175873 2.40844e-08 1 1.97538e-08 0.331656 -2.77452e-07 -1.97538e-08 1 -0.153681 0 0 0 1 
34562489690108;0.240619;0.267115;1 -6.32126e-09 -4.57179e-08 0.005736 6.32126e-09 1 1.27471e-08 0.297389 4.57179e-08 -1.27471e-08 1 -0.072267 0 0 0 1 
34562489690109;0.185949;0.203394;1 -2.124e-08 -2.13893e-07 -0.0925311 2.124e-08 1 1.17477e-08 0.224425 2.13893e-07 -1.17477e-08 1 -0.0654575 0 0 0 1 
34562489690110;0.265953;0.317472;0.998783 -0.000100837 -0.049318 1672.36 0.000313525 0.999991 0.00430488 -145.926 0.0493171 -0.00431511 0.998774 74.1685 0 0 0 1 
34562489690111;0.165425;0.2496;0.999994 1.26503e-06 0.00335938 -6.31145 -2.82389e-07 1 -0.000292506 1.93899 -0.00335938 0.000292503 0.999994 6.09929 0 0 0 1 
34562489690112;0.350609;0.319149;0.995793 0.000369009 0.091627 -26.9536 0.000365034 0.999968 -0.00799432 3.6199 -0.091627 0.00799414 0.995761 45.5619 0 0 0 1 
34562489690113;0.399049;0.410628;1 -1.28877e-08 8.54502e-08 -0.082346 1.28877e-08 1 4.55587e-10 0.224994 -8.54502e-08 -4.55586e-10 1 -0.000741614 0 0 0 1 
34562489690114;0.0997142;0.167143;1 1.57177e-08 2.36573e-07 0.178645 -1.57177e-08 1 9.76412e-09 1.20398 -2.36573e-07 -9.76412e-09 1 -0.0524732 0 0 0 1 
34562489690115;0.280795;0.313853;1 -2.76684e-08 4.16752e-08 -0.222724 2.76684e-08 1 9.84195e-09 -0.315491 -4.16752e-08 -9.84195e-09 1 -0.100487 0 0 0 1 
34562489690116;0.37279;0.408909;1 -4.13511e-08 2.04295e-07 -0.304131 4.13511e-08 1 4.26923e-08 -0.0818143 -2.04295e-07 -4.26923e-08 1 -0.35493 0 0 0 1 
34562489690117;0.26675;0.412646;1 -1.98405e-08 -1.96017e-07 -0.0128482 1.98405e-08 1 -4.0056e-09 1.85413 1.96017e-07 4.0056e-09 1 0.146437 0 0 0 1 
34562489690118;0.0989808;0.22531;0.996391 -0.00189695 -0.0848584 17809 0.00244117 0.999977 0.00630987 -1533.46 0.0848445 -0.00649425 0.996373 -7348.99 0 0 0 1 
34562489690119;0.386067;0.553981;0.999996 -9.75552e-07 -0.00270777 8.54883 1.6139e-06 1 0.000235743 -0.703253 0.00270777 -0.000235747 0.999996 -5.41934 0 0 0 1 
34562489690120;0.309421;0.37574;1 1.5969e-08 3.28942e-08 0.196873 -1.5969e-08 1 -1.6223e-08 1.09097 -3.28942e-08 1.6223e-08 1 0.193211 0 0 0 1 
34562489690121;0.382301;0.414223;1 -3.11272e-08 -3.65704e-09 -0.204494 3.11272e-08 1 -7.07953e-09 0.261471 3.65704e-09 7.07953e-09 1 0.114777 0 0 0 1 
34562489690122;0.179762;0.253633;1 -9.53746e-09 7.24678e-08 -0.138841 9.53746e-09 1 -2.8332e-08 -0.848624 -7.24678e-08 2.8332e-08 1 0.184947 0 0 0 1 
34562489690124;0.346704;0.43228;1 -5.16425e-08 -2.63423e-07 -0.395299 5.16425e-08 1 1.51103e-08 0.257721 2.63423e-07 -1.51103e-08 1 -0.108198 0 0 0 1 
34562489690125;0.12865;0.241831;0.99996 4.67286e-06 -0.00898183 -7.75462 2.36278e-06 1 0.000783308 1.56951 0.00898183 -0.000783298 0.999959 -6.98113 0 0 0 1 
34562489690126;0.441684;0.648544;1 4.2029e-08 2.42457e-07 0.449479 -4.2029e-08 1 -2.66485e-08 1.78203 -2.42457e-07 2.66484e-08 1 0.251168 0 0 0 1 
34562489690127;0.210546;0.236328;1 7.28149e-09 4.50875e-07 0.0515516 -7.2815e-09 1 2.09965e-08 0.512798 -4.50875e-07 -2.09965e-08 1 -0.189091 0 0 0 1 
34562489690128;0.0334274;0.155568;0.999878 -2.80909e-05 -0.0155897 313.032 4.90404e-05 0.999999 0.00134343 -28.5658 0.0155896 -0.00134403 0.999878 -137.441 0 0 0 1 
34562489690129;0.0803559;0.110015;1 -1.19673e-06 4.32915e-05 9.21098 1.19686e-06 1 -3.00311e-06 -0.524473 -4.32915e-05 3.00316e-06 1 5.68681 0 0 0 1 
34562489690130;0.355847;0.385775;1 -3.38271e-08 -5.00433e-08 -0.255003 3.38271e-08 1 2.14368e-08 0.0455382 5.00433e-08 -2.14368e-08 1 -0.180846 0 0 0 1 
34562489690131;0.103607;0.191076;1 5.03287e-06 0.000484668 -39.6373 -5.01252e-06 1 -4.1972e-05 5.01982 -0.000484668 4.19695e-05 1 2.29168 0 0 0 1 
34562489690132;0.232394;0.260983;0.999949 1.09847e-06 -0.0101031 27.6452 7.80959e-06 1 0.000881677 -1.26057 0.0101031 -0.000881711 0.999949 -3.70078 0 0 0 1 
34562489690133;0.372111;0.402595;1 -3.78386e-08 -2.07522e-07 -0.278107 3.78386e-08 1 2.88388e-08 0.210717 2.07522e-07 -2.88388e-08 1 -0.235012 0 0 0 1 
34562489690134;0.23228;0.25433;1 -3.40007e-08 5.77198e-08 -0.251424 3.40007e-08 1 1.40601e-08 0.174609 -5.77198e-08 -1.40601e-08 1 -0.131673 0 0 0 1 
34562489690135;0.171644;1.00083;1 -2.32926e-08 -1.11034e-06 0.0953652 2.32927e-08 1 8.50177e-09 7.07117 1.11034e-06 -8.5018e-09 1 0.161343 0 0 0 1 
34562489690136;0.200279;0.203669;1 -3.6113e-08 -3.71543e-08 -0.25543 3.6113e-08 1 1.19453e-08 0.108332 3.71543e-08 -1.19453e-08 1 -0.100786 0 0 0 1 
34562489690137;0.062551;0.121903;0.998972 0.000223731 -0.0453289 -1071.56 -4.85291e-05 0.999993 0.00386619 92.5408 0.0453294 -0.00386002 0.998965 -785.197 0 0 0 1 
34562489690138;0.126833;0.169275;1 2.8031e-08 -6.54718e-08 0.270558 -2.8031e-08 1 -1.21227e-08 1.03732 6.54718e-08 1.21227e-08 1 0.112464 0 0 0 1 
34562489690139;0.334771;0.425249;1 8.7043e-09 5.8042e-08 0.121285 -8.7043e-09 1 1.32605e-08 0.961282 -5.8042e-08 -1.32605e-08 1 -0.0670424 0 0 0 1 
34562489690140;0.169798;0.18521;1 -2.20742e-08 1.02964e-07 -0.100979 2.20742e-08 1 8.07493e-09 0.666488 -1.02964e-07 -8.07492e-09 1 -0.0552834 0 0 0 1 
34562489690141;0.269667;0.356785;1 1.64465e-08 -2.44632e-07 0.191086 -1.64465e-08 1 1.08213e-08 1.08412 2.44632e-07 -1.08213e-08 1 -0.0520468 0 0 0 1 
34562489690142;0.0756236;0.283561;0.999354 -3.53494e-05 -0.0359292 741.782 0.000146917 0.999995 0.00310258 -66.0995 0.0359289 -0.00310585 0.99935 -250.245 0 0 0 1 
34562489690143;0.273373;0.423461;1 5.90201e-08 8.54324e-07 0.559238 -5.90201e-08 1 3.65032e-09 1.4593 -8.54324e-07 -3.65037e-09 1 -0.0309804 0 0 0 1 
34562489690144;0.115892;1.26809;1 7.30789e-08 1.91325e-06 0.978451 -7.30789e-08 1 -3.05969e-08 9.35581 -1.91325e-06 3.05967e-08 1 0.490025 0 0 0 1 
34562489690145;0.160443;0.256243;0.999756 2.47324e-05 0.0220838 -30.511 1.78079e-05 0.999998 -0.00192611 1.2403 -0.0220838 0.00192603 0.999754 16.0844 0 0 0 1 
34562489690146;0.0878609;1.00286;1 3.58252e-08 3.80511e-07 0.730057 -3.58252e-08 1 -1.46981e-08 7.60245 -3.80511e-07 1.46981e-08 1 0.390776 0 0 0 1 
34562489690147;0.0902058;0.29196;0.999206 6.09802e-05 -0.0398369 71.3107 7.75644e-05 0.999994 0.00347625 -4.91626 0.0398368 -0.00347658 0.9992 -12.5113 0 0 0 1 
34562489690148;0.253989;0.404939;1 2.27999e-08 -3.16049e-07 0.299388 -2.27999e-08 1 1.63045e-10 1.67595 3.16049e-07 -1.63038e-10 1 0.0713166 0 0 0 1 
34562489690149;0.415878;0.416986;1 -2.39369e-08 1.51061e-07 -0.18326 2.39369e-08 1 2.44677e-08 -0.0149176 -1.51061e-07 -2.44677e-08 1 -0.222195 0 0 0 1 
34562489690150;0.323952;0.354922;1 -3.63688e-08 -1.90313e-07 -0.281074 3.63688e-08 1 1.39133e-08 0.0667472 1.90313e-07 -1.39133e-08 1 -0.100402 0 0 0 1 
34562489690151;0.0908205;0.271749;0.999998 0.00131908 -0.00144277 -10610.4 -0.00131851 0.999999 0.000398375 935.412 0.0014433 -0.000396472 0.999999 2175.93 0 0 0 1 
34562489690152;0.416208;0.403601;0.998219 0.000155014 -0.0596565 12.2647 0.00015582 0.999986 0.00520571 -0.716084 0.0596564 -0.00520573 0.998205 -21.6949 0 0 0 1 
34562489690153;0.0988573;0.0672669;0.999929 8.25548e-06 -0.0118756 -14.6997 4.02821e-06 0.999999 0.00103434 0.103475 0.0118756 -0.00103432 0.999929 -19.9205 0 0 0 1 
34562489690155;0.259195;0.36591;0.999584 3.58327e-05 -0.0288404 7.90031 3.6776e-05 0.999997 0.00251707 0.542491 0.0288404 -0.00251708 0.999581 -8.02647 0 0 0 1 
34562489690156;0.172496;0.189088;0.999896 8.28051e-06 -0.0144479 8.66332 9.94488e-06 0.999999 0.00126138 0.075378 0.0144479 -0.00126139 0.999895 -0.744899 0 0 0 1 
34562489690157;0.159263;0.248511;1 5.14122e-08 5.81883e-07 0.429851 -5.14122e-08 1 -1.79629e-08 -0.294967 -5.81883e-07 1.79628e-08 1 0.105585 0 0 0 1 
34562489690158;0.105511;0.181103;0.999266 7.27346e-05 0.0383188 -73.8197 5.54235e-05 0.999994 -0.00334345 5.92233 -0.0383188 0.00334312 0.99926 19.2728 0 0 0 1 
34562489690159;0.266866;0.296971;1 -5.59551e-09 2.8557e-07 -0.00200026 5.5955e-09 1 3.07874e-08 0.655354 -2.8557e-07 -3.07874e-08 1 -0.23067 0 0 0 1 
34562489690160;0.0473697;0.0833735;0.999992 1.83298e-06 0.00408619 -9.01903 -3.79973e-07 1 -0.00035559 0.969271 -0.00408619 0.000355585 0.999992 8.93397 0 0 0 1 
34562489690161;0.216211;0.239403;0.999998 -0.000164411 0.00214107 1324.26 0.000165203 1 -0.000369583 -115.08 -0.00214101 0.000369936 0.999998 -1472.25 0 0 0 1 
34562489690162;0.156911;0.253572;1 8.72853e-08 6.81524e-07 0.684418 -8.72853e-08 1 1.76825e-09 0.0951085 -6.81524e-07 -1.76831e-09 1 -0.0408171 0 0 0 1 
34562489690163;0.149607;0.141003;1 2.06295e-08 4.35162e-07 0.24531 -2.06295e-08 1 1.28694e-08 0.216643 -4.35162e-07 -1.28694e-08 1 -0.146053 0 0 0 1 
34562489690164;0.334807;0.403552;1 2.90787e-08 3.36301e-07 0.205884 -2.90787e-08 1 -1.94718e-08 -0.252415 -3.36301e-07 1.94718e-08 1 0.113806 0 0 0 1 
34562489690165;0.385816;0.421855;0.98445 0.00135599 0.175657 -11.7296 0.00135893 0.999881 -0.0153346 1.63907 -0.175657 0.0153348 0.984332 13.9454 0 0 0 1 
34562489690166;0.333068;0.389572;1 7.56459e-08 7.72367e-07 0.612584 -7.56459e-08 1 -7.90571e-09 0.0680867 -7.72367e-07 7.90565e-09 1 0.0520806 0 0 0 1 
34562489690167;0.363242;0.414835;1 5.47122e-09 2.94184e-07 0.109655 -5.47123e-09 1 2.0396e-08 0.412864 -2.94184e-07 -2.0396e-08 1 -0.160736 0 0 0 1 
34562489690168;0.405801;0.287887;0.999548 4.01659e-05 -0.0300633 -1.05286 3.87284e-05 0.999997 0.00262369 1.03099 0.0300633 -0.00262367 0.999545 -10.0711 0 0 0 1 
34562489690169;0.233383;0.33976;0.999291 -0.000313965 -0.0376383 3029.1 0.000438665 0.999994 0.00330493 -263.134 0.037637 -0.0033191 0.999286 265.562 0 0 0 1 
34562489690170;0.111556;0.129556;1 1.22278e-08 2.4446e-07 0.168642 -1.22278e-08 1 1.24847e-08 0.376404 -2.4446e-07 -1.24847e-08 1 -0.12918 0 0 0 1 
34562489690171;0.0960451;0.23735;0.999506 4.28445e-05 -0.0314128 6.48051 4.32841e-05 0.999996 0.00274115 0.848462 0.0314128 -0.00274115 0.999503 -12.3548 0 0 0 1 
34562489690172;0.321124;0.386668;1 1.01145e-07 1.10084e-06 0.839711 -1.01145e-07 1 1.99351e-08 0.298829 -1.10084e-06 -1.99352e-08 1 -0.210324 0 0 0 1 
34562489690173;0.268086;0.283725;1 9.82504e-09 5.0065e-07 0.318229 -9.82503e-09 1 -2.32355e-08 0.484577 -5.0065e-07 2.32355e-08 1 0.810932 0 0 0 1 
34562489690174;0.189053;0.206184;1 1.28837e-08 3.15668e-07 0.147785 -1.28837e-08 1 -2.14153e-09 0.149539 -3.15668e-07 2.14153e-09 1 -0.00974139 0 0 0 1 
34562489690175;0.133957;0.230466;0.999927 4.86425e-05 0.0120797 -340.675 -3.54832e-05 0.999999 -0.00108958 29.7109 -0.0120798 0.00108907 0.999926 -276.962 0 0 0 1 
34562489690176;0.144022;0.395943;0.999484 5.10787e-05 0.0321215 -51.5178 3.89779e-05 0.999996 -0.002803 3.35045 -0.0321215 0.0028028 0.99948 13.3368 0 0 0 1 
34562489690177;0.320514;0.360293;1 8.21638e-09 1.11513e-07 0.116996 -8.21638e-09 1 -2.69751e-09 0.289181 -1.11513e-07 2.69751e-09 1 0.0176622 0 0 0 1 
34562489690178;0.353901;0.526224;0.995225 0.000412961 -0.0976018 44.6265 0.000420344 0.999964 0.00851709 -1.78871 0.0976017 -0.00851745 0.995189 -32.2575 0 0 0 1 
34562489690179;0.0142393;0.0503858;1 1.5398e-08 1.29522e-07 0.169257 -1.5398e-08 1 -1.93396e-09 0.0340512 -1.29522e-07 1.93396e-09 1 -0.00116899 0 0 0 1 
34562489690180;0.106434;0.122231;0.99996 2.49071e-06 -0.0089745 9.36914 4.54071e-06 1 0.000783468 -0.651417 0.0089745 -0.000783477 0.999959 -0.705988 0 0 0 1 
34562489690181;0.139987;0.108137;0.999997 -5.81914e-07 0.00262482 6.52064 1.18323e-06 1 -0.000229088 -0.566885 -0.00262482 0.000229091 0.999997 1.005 0 0 0 1 
34562489690182;0.247912;0.429272;0.99917 6.91887e-05 -0.0407458 32.105 7.58174e-05 0.999994 0.00355724 -1.09517 0.0407458 -0.00355737 0.999163 -1.30633 0 0 0 1 
34562489690183;0.115667;0.243588;1 2.17639e-08 5.76694e-07 0.244499 -2.1764e-08 1 2.86653e-08 0.971224 -5.76694e-07 -2.86653e-08 1 -0.192168 0 0 0 1 
34562489690184;0.228068;0.264764;1 2.90611e-08 3.14382e-07 0.267176 -2.90611e-08 1 -1.60985e-08 0.0428262 -3.14382e-07 1.60985e-08 1 0.0858249 0 0 0 1 
34562489690186;0.0711037;0.371624;1 1.00424e-07 2.44053e-07 0.240322 -1.00424e-07 1 7.09767e-09 -4.2671 -2.44053e-07 -7.09769e-09 1 -0.219961 0 0 0 1 
34562489690187;0.0441165;0.0619974;0.999653 2.99278e-05 0.0263422 -0.951336 3.062e-05 0.999997 -0.0022981 -0.402017 -0.0263422 0.00229811 0.99965 12.2824 0 0 0 1 
34562489690188;0.231973;0.231161;0.999796 2.04607e-05 -0.0201942 -18.458 1.51269e-05 0.999998 0.00176211 2.75258 0.0201942 -0.00176205 0.999795 -7.96395 0 0 0 1 
34562489690189;0.393005;0.533847;0.998361 0.000134802 -0.0572301 74.1682 0.000151298 0.999988 0.00499477 -2.57389 0.0572301 -0.00499524 0.998349 -8.15968 0 0 0 1 
34562489690190;0.219538;0.549228;0.999787 -7.13967e-06 -0.0206375 209.034 4.53137e-05 0.999998 0.00184927 -12.092 0.0206374 -0.00184982 0.999785 385.582 0 0 0 1 
34562489690191;0.389147;0.925997;1 1.70066e-07 5.38547e-08 0.802489 -1.70066e-07 1 -7.68263e-08 -8.74834 -5.38547e-08 7.68263e-08 1 0.380106 0 0 0 1 
34562489690192;0.192134;0.264269;1 5.23029e-08 1.81416e-07 0.206802 -5.23029e-08 1 -8.57865e-09 -1.61018 -1.81416e-07 8.57864e-09 1 -0.0078711 0 0 0 1 
34562489690193;0.281462;0.277703;1 -2.90556e-08 4.13312e-07 -0.136016 2.90556e-08 1 5.77072e-08 0.427896 -4.13312e-07 -5.77072e-08 1 -0.455938 0 0 0 1 
34562489690194;0.204314;0.206795;0.999617 2.98766e-05 0.027673 24.4871 3.6963e-05 0.999997 -0.00241482 -3.16263 -0.027673 0.00241492 0.999614 8.14453 0 0 0 1 
34562489690195;0.157469;0.519263;1 -8.11879e-08 -1.90378e-07 -0.208419 8.11879e-08 1 5.29434e-08 6.04862 1.90378e-07 -5.29435e-08 1 -0.166892 0 0 0 1 
34562489690196;0.0529904;0.0450871;0.999992 3.08002e-07 -0.00396273 3.59653 1.06036e-06 1 0.000345305 0.231685 0.00396273 -0.000345307 0.999992 -6.09233 0 0 0 1 
34562489690197;0.438295;1.11304;1 1.62191e-07 -1.63989e-07 0.221917 -1.62191e-07 1 -2.92828e-08 -11.3989 1.63989e-07 2.92828e-08 1 -0.138375 0 0 0 1 
34562489690198;0.0525853;0.0407486;0.999989 9.51269e-07 -0.00468747 1.09975 9.62599e-07 1 0.000408292 0.738313 0.00468747 -0.000408293 0.999989 -7.68725 0 0 0 1 
34562489690199;0.186435;0.704014;1 -1.03004e-07 5.15132e-08 -0.272615 1.03004e-07 1 5.81584e-08 7.99482 -5.15132e-08 -5.81584e-08 1 -0.239665 0 0 0 1 
34562489690200;0.246291;0.237343;1 1.86544e-07 -1.88834e-05 -1.37902 -1.86517e-07 1 1.42667e-06 0.298587 1.88834e-05 -1.42667e-06 1 -1.42496 0 0 0 1 
34562489690201;0.100046;0.440397;1 1.31763e-08 2.15899e-07 -0.149595 -1.31763e-08 1 -2.67442e-08 -5.70733 -2.15899e-07 2.67442e-08 1 0.0895847 0 0 0 1 
34562489690202;0.155088;0.148108;1 1.23345e-08 9.5171e-08 0.0751672 -1.23345e-08 1 9.83893e-09 0.237419 -9.5171e-08 -9.83893e-09 1 -0.0689669 0 0 0 1 
34562489690203;0.0877176;0.255228;1 1.70311e-06 0.000617775 -12.5143 -1.66988e-06 1 -5.37878e-05 4.49516 -0.000617775 5.37867e-05 1 1.83975 0 0 0 1 
34562489690204;0.244178;0.794606;1 1.31549e-07 -1.32568e-07 0.113056 -1.31549e-07 1 -1.42535e-07 -9.00771 1.32568e-07 1.42535e-07 1 0.797276 0 0 0 1 
34562489690205;0.481854;0.435191;0.999766 2.21432e-05 -0.0216117 -10.5935 1.86205e-05 0.999998 0.00188598 0.831437 0.0216117 -0.00188595 0.999765 -7.63356 0 0 0 1 
34562489690206;0.097924;0.396436;0.997688 0.000187563 0.0679674 104.733 0.000216046 0.999982 -0.00593088 -14.0066 -0.0679674 0.00593185 0.99767 13.886 0 0 0 1 
34562489690207;0.417969;0.398238;0.998723 0.000113067 -0.0505274 -5.18727 0.00010986 0.99999 0.0044092 2.14131 0.0505274 -0.00440912 0.998713 -16.9671 0 0 0 1 
34562489690208;0.41666;0.408883;1 2.56535e-08 1.74104e-08 0.119327 -2.56535e-08 1 9.8173e-09 -0.602664 -1.74104e-08 -9.8173e-09 1 -0.0865767 0 0 0 1 
34562489690209;0.102897;0.0743923;0.99997 0.000128037 -0.00770593 -1007.92 -0.00012263 1 0.000702237 88.6198 0.00770602 -0.000701271 0.99997 228.667 0 0 0 1 
34562489690210;0.0465566;0.369078;0.99983 2.09291e-05 0.0184632 -51.0147 8.84901e-06 0.999999 -0.00161275 -0.201177 -0.0184632 0.00161264 0.999828 -7.15553 0 0 0 1 
34562489690211;0.156365;0.512015;1 1.40261e-07 -2.84128e-07 0.323049 -1.40261e-07 1 -9.47128e-09 -6.36848 2.84128e-07 9.47132e-09 1 -0.0615023 0 0 0 1 
34562489690212;0.249667;0.25717;1 3.11735e-08 9.48583e-08 0.170776 -3.11735e-08 1 -4.56563e-09 -0.511323 -9.48583e-08 4.56563e-09 1 0.0149499 0 0 0 1 
34562489690213;0.302086;0.304528;0.999999 5.69733e-07 0.00124898 -3.98218 -4.33532e-07 1 -0.00010905 -0.344544 -0.00124898 0.00010905 0.999999 0.13839 0 0 0 1 
34562489690214;0.0408606;0.0612578;1 -6.37344e-10 1.29577e-07 0.0856277 6.37342e-10 1 1.65117e-08 0.53968 -1.29577e-07 -1.65117e-08 1 -0.117651 0 0 0 1 
34562489690215;0.322976;0.74048;1 -1.23984e-07 4.22389e-07 -0.226922 1.23984e-07 1 1.19505e-08 8.13069 -4.22389e-07 -1.19505e-08 1 0.0105219 0 0 0 1 
34562489690217;0.345856;0.198578;0.999944 3.64232e-06 0.0105573 7.8457 6.08662e-06 1 -0.000921503 -0.649106 -0.0105573 0.000921516 0.999944 2.90059 0 0 0 1 
34562489690218;0.369096;0.275985;0.999982 9.03897e-07 -0.00603279 6.06332 2.27245e-06 1 0.000526507 -0.911738 0.00603278 -0.000526511 0.999982 -1.98853 0 0 0 1 
34562489690219;0.344434;0.497391;0.999428 4.70371e-05 -0.0338285 27.6353 5.28774e-05 0.999996 0.00295266 -1.85095 0.0338285 -0.00295276 0.999423 -7.23032 0 0 0 1 
34562489690220;0.281678;0.31139;1 1.34575e-08 -2.93344e-07 0.110282 -1.34575e-08 1 -3.03537e-09 0.0259991 2.93344e-07 3.03537e-09 1 0.0160717 0 0 0 1 
34562489690221;0.2479;0.319032;1 -2.65675e-08 6.47865e-08 -0.205752 2.65675e-08 1 1.10747e-08 0.156266 -6.47865e-08 -1.10747e-08 1 -0.0788251 0 0 0 1 
34562489690222;0.309448;0.406462;0.999194 4.39809e-05 -0.0401427 217.191 9.89074e-05 0.999994 0.00355752 -18.6625 0.0401426 -0.00355862 0.999188 430.41 0 0 0 1 
34562489690223;0.503992;0.475351;0.979567 0.0017774 -0.201108 80.3477 0.00179002 0.999844 0.0175555 -7.3293 0.201108 -0.0175568 0.979412 -20.5077 0 0 0 1 
34562489690224;0.505738;0.311117;0.996958 0.000259335 -0.0779392 60.6092 0.000271663 0.999977 0.0068023 -5.36467 0.0779392 -0.00680278 0.996935 -20.2 0 0 0 1 
34562489690225;0.255572;0.32511;0.995568 0.000381506 0.0940466 30.6616 0.000392424 0.999966 -0.00821059 -2.74896 -0.0940466 0.00821111 0.995534 5.05721 0 0 0 1 
34562489690226;0.59187;0.638068;0.997545 0.000213732 -0.0700264 14.1989 0.000214813 0.999981 0.00611218 -1.70861 0.0700264 -0.00611222 0.997526 -16.3833 0 0 0 1 
34562489690227;0.535961;0.520104;0.993374 0.000621956 -0.114923 -334.685 0.000558124 0.999947 0.010236 28.9882 0.114923 -0.0102323 0.993322 1591.92 0 0 0 1 
34562489690228;0.492348;0.997912;0.954988 0.00391477 -0.296619 164.034 0.00394513 0.999657 0.0258951 -13.9226 0.296618 -0.0258997 0.954645 9.95824 0 0 0 1 
34562489690229;0.377629;0.398794;0.998787 0.000105204 -0.049242 12.3853 0.000106451 0.999991 0.00429564 -1.28094 0.049242 -0.00429567 0.998778 -30.5774 0 0 0 1 
34562489690230;0.309344;0.56426;0.992878 0.000616963 -0.119137 55.6608 0.000626663 0.999946 0.0104009 -4.11501 0.119137 -0.0104015 0.992823 -6.80353 0 0 0 1 
34562489690231;0.422227;0.552051;0.998707 0.000111051 0.0508334 7.10631 0.000114549 0.99999 -0.0044351 -0.374111 -0.0508334 0.00443519 0.998697 28.1225 0 0 0 1 
34562489690232;0.215127;0.319835;1 -2.83757e-08 1.18213e-07 -0.213709 2.83757e-08 1 -2.99975e-09 0.104039 -1.18213e-07 2.99976e-09 1 0.0362991 0 0 0 1 
34562489690233;0.420689;0.470929;1 -2.00187e-08 9.32333e-08 -0.135106 2.00187e-08 1 1.31013e-08 0.283943 -9.32333e-08 -1.31013e-08 1 -0.102311 0 0 0 1 
34562489690234;0.244511;0.316401;1 -2.46979e-08 2.22584e-08 -0.191085 2.46979e-08 1 4.73143e-09 0.0736863 -2.22584e-08 -4.73143e-09 1 -0.0280891 0 0 0 1 
34562489690235;0.305129;0.121715;0.999925 2.00882e-05 0.0122159 -111.319 -6.47993e-06 0.999999 -0.00111402 10.3203 -0.012216 0.00111386 0.999925 -379.25 0 0 0 1 
34562489690236;0.196522;0.71869;0.995278 4.85838e-06 0.0970613 3262.82 0.000811588 0.999965 -0.00837217 -283.101 -0.0970579 0.00841142 0.995243 508.81 0 0 0 1 
34562489690237;0.236663;0.538757;0.995202 0.000411451 -0.0978456 73.0744 0.000426397 0.999963 0.00854191 -6.54682 0.0978455 -0.00854264 0.995165 -5.28921 0 0 0 1 
34562489690238;0.36003;0.410308;0.999995 -3.93505e-07 0.00324904 5.88731 1.31389e-06 1 -0.000283276 -0.508924 -0.00324904 0.000283279 0.999995 2.9362 0 0 0 1 
34562489690239;0.243492;0.26468;0.999986 -7.85825e-07 -0.00520934 15.7891 3.14432e-06 1 0.000452735 -1.77778 0.00520934 -0.000452746 0.999986 -16.4192 0 0 0 1 
34562489690240;0.35283;0.289021;0.999905 6.28665e-06 -0.013783 17.4672 1.02896e-05 0.999999 0.00120259 -2.33543 0.013783 -0.00120261 0.999904 -7.34793 0 0 0 1 
34562489690241;0.379757;1.46233;0.971678 0.0024535 0.236297 120.102 0.00249252 0.999784 -0.0206304 -11.9178 -0.236296 0.0206351 0.971462 -19.1665 0 0 0 1 
34562489690242;0.378853;0.382148;0.976486 0.00204866 0.215569 4.89425 0.00205702 0.999821 -0.0188197 -0.340348 -0.215569 0.0188206 0.976307 18.2269 0 0 0 1 
34562489690243;0.301434;0.57595;1 -6.65671e-08 -5.6685e-08 -0.48797 6.65671e-08 1 -1.68368e-09 0.507121 5.6685e-08 1.68368e-09 1 -0.0125298 0 0 0 1 
34562489690244;0.500189;0.665563;0.985925 0.000891057 -0.167188 2741.86 0.00164306 0.999886 0.0150183 -237.739 0.167183 -0.0150816 0.985811 3897.43 0 0 0 1 
34562489690245;0.271456;0.232277;0.99985 1.44975e-05 0.0173385 -13.8819 1.17258e-05 0.999999 -0.00151233 1.27677 -0.0173385 0.00151231 0.999849 13.3044 0 0 0 1 
34562489690246;0.262584;0.469402;0.993171 0.000587469 -0.11667 86.5252 0.000605063 0.999948 0.0101857 -7.28988 0.11667 -0.0101867 0.993118 -1.5194 0 0 0 1 
34562489690248;0.122472;0.192337;0.998559 0.000129084 0.0536732 -32.6667 0.000122576 0.999989 -0.00468543 2.77644 -0.0536732 0.00468525 0.998548 11.5543 0 0 0 1 
34562489690249;0.236877;0.407277;0.99765 0.000208326 -0.068523 -14.615 0.000201936 0.999982 0.00598024 3.21227 0.0685231 -0.00598002 0.997632 -26.1253 0 0 0 1 
34562489690250;0.361013;0.409423;0.998463 0.000136944 0.0554153 -29.4282 0.000131296 0.999988 -0.00483687 1.41896 -0.0554154 0.00483672 0.998452 16.2324 0 0 0 1 
34562489690251;0.0844088;0.124536;0.999475 4.59984e-05 -0.0323842 3.46152 4.55543e-05 0.999996 0.00282634 0.208529 0.0323842 -0.00282633 0.999471 -10.6642 0 0 0 1 
34562489690252;0.195046;0.248609;1 1.55153e-08 -5.34502e-08 0.214552 -1.55153e-08 1 1.8764e-09 0.734532 5.34502e-08 -1.87639e-09 1 0.0179911 0 0 0 1 
34562489690253;0.120903;0.212955;0.9953 0.000191022 0.0968404 1752.07 0.000645897 0.999963 -0.00861083 -153.411 -0.0968385 0.00863291 0.995263 -1425.38 0 0 0 1 
34562489690254;0.246774;0.336053;1 7.1717e-08 -3.1865e-07 0.55212 -7.1717e-08 1 -2.2156e-08 -0.714604 3.1865e-07 2.21561e-08 1 0.149341 0 0 0 1 
34562489690255;0.134202;0.257364;0.999884 8.93866e-06 0.0152346 7.78759 1.12944e-05 0.999999 -0.00132801 -1.95905 -0.0152346 0.00132802 0.999883 17.3029 0 0 0 1 
34562489690256;0.130561;0.0919889;0.999873 1.06308e-05 0.0159498 2.29115 1.15622e-05 0.999999 -0.00139134 -0.180484 -0.0159498 0.00139135 0.999872 11.2527 0 0 0 1 
34562489690257;0.163799;0.17626;0.999889 1.0958e-05 -0.0149279 -7.59805 8.50373e-06 0.999999 0.00130365 0.938828 0.0149279 -0.00130364 0.999888 0.866483 0 0 0 1 
34562489690258;0.294851;0.336793;0.999992 7.29204e-07 -0.00404791 0.483809 6.98306e-07 1 0.000352652 -0.999268 0.00404791 -0.000352652 0.999992 -5.85484 0 0 0 1 
34562489690259;0.334686;1.11007;1 2.28389e-07 -8.43157e-08 1.42837 -2.28389e-07 1 -3.73995e-08 -6.86281 8.43157e-08 3.73995e-08 1 0.117181 0 0 0 1 
34562489690260;0.32082;1.38904;1 1.78427e-08 -9.34167e-07 1.06386 -1.78427e-08 1 4.61606e-08 9.63799 9.34167e-07 -4.61606e-08 1 0.0288092 0 0 0 1 
34562489690261;0.124973;0.15522;0.994078 0.000526147 0.108665 -88.8995 0.000507499 0.999955 -0.00948439 6.62233 -0.108665 0.00948337 0.994033 40.5097 0 0 0 1 
