#;prob_registration_l1 -r /home/probabilistic_point_clouds_registration/build/tester /home/point_clouds_registration_benchmark//devel/registration_pairs/wood_summer_local.txt /home/point_clouds_registration_benchmark//eth/wood_summer -s 0.2 -t 0.2 -p 0.3 -r 1000 -m 5 -i 40 
id;initial_error;final_error;transformation
2318808360000;0.0774618;0.0150693;0.99799 0.0424253 0.0470678 -0.461947 -0.042334 0.999099 -0.00293614 0.469033 -0.04715 0.000937675 0.998887 0.341389 0 0 0 1 
2318808360001;0.306883;0.0227925;0.997308 0.0718059 -0.0148748 -0.153689 -0.072037 0.99728 -0.0156245 0.616489 0.0137124 0.016654 0.999767 -0.428486 0 0 0 1 
2318808360002;0.495258;0.301802;0.975881 -0.206448 -0.0709633 2.22348 0.20857 0.977717 0.0238432 -1.40431 0.0644597 -0.0380689 0.997194 0.446586 0 0 0 1 
2318808360003;0.524546;0.288027;0.993386 -0.114791 -0.00267564 0.846636 0.114493 0.988506 0.0987316 -1.19499 -0.00868858 -0.0983849 0.995111 0.776008 0 0 0 1 
2318808360004;0.20511;0.0186841;0.997789 -0.0627049 0.0220452 0.607535 0.0626095 0.998026 0.00499535 -0.525031 -0.0223149 -0.00360407 0.999744 -0.181412 0 0 0 1 
2318808360005;0.440296;0.341071;0.999107 -0.0360748 -0.0220007 0.2975 0.0381178 0.994168 0.100876 -0.59672 0.0182333 -0.101625 0.994656 0.487041 0 0 0 1 
2318808360006;0.169359;0.0262835;0.996238 -0.0829435 0.0250914 0.992815 0.0834884 0.996277 -0.0215077 -0.422355 -0.0232141 0.0235216 0.999454 0.0692254 0 0 0 1 
2318808360007;0.299345;0.256719;0.998712 -0.0458502 0.0217496 0.315032 0.0454928 0.998826 0.0166541 -0.443021 -0.0224877 -0.0156432 0.999625 0.262115 0 0 0 1 
2318808360008;0.34518;0.268456;0.99585 0.0470318 0.0779108 -0.633451 -0.0502509 0.99794 0.0398847 0.237164 -0.0758744 -0.0436343 0.996162 1.20078 0 0 0 1 
2318808360009;0.553788;0.432475;0.99804 0.0511235 0.0360965 -0.418064 -0.0500905 0.998325 -0.0289631 0.264863 -0.0375167 0.0270983 0.998929 0.117288 0 0 0 1 
2318808360010;0.296129;0.015688;0.992219 -0.124495 0.00135329 1.21512 0.124352 0.991497 0.038348 -1.23258 -0.00611591 -0.0378813 0.999264 -0.00340928 0 0 0 1 
2318808360011;0.267088;0.010519;0.974341 -0.189998 0.120669 2.14765 0.17733 0.978172 0.10832 -1.25891 -0.138615 -0.0841421 0.986765 2.31269 0 0 0 1 
2318808360012;0.117207;0.0142044;0.996747 0.000330187 -0.0805888 0.0473702 0.00357168 0.998828 0.0482681 -0.168381 0.0805102 -0.0483989 0.995578 -0.276731 0 0 0 1 
2318808360013;0.297157;0.0113267;0.997088 -0.0500708 0.0575202 0.00810164 0.0519975 0.998118 -0.0325001 -0.629761 -0.0557847 0.0353964 0.997815 -0.0547696 0 0 0 1 
2318808360014;0.320442;0.0147625;0.999958 0.00799599 0.00440502 -0.0349508 -0.00799394 0.999968 -0.000484044 0.0771019 -0.00440875 0.000448811 0.99999 -0.616656 0 0 0 1 
2318808360015;0.329054;0.0172146;0.962275 0.240664 -0.126914 -2.07997 -0.253644 0.962278 -0.0984111 2.46994 0.0984423 0.126889 0.98702 -2.54255 0 0 0 1 
2318808360016;0.335073;0.0110646;0.999333 0.0365075 0.00115734 -0.271996 -0.0365125 0.999322 0.00471146 -0.0425317 -0.000984549 -0.00475057 0.999988 -0.523503 0 0 0 1 
2318808360017;0.483715;0.0137384;0.972259 0.228554 -0.0497627 -2.51822 -0.228808 0.973471 0.000623493 1.77901 0.0485851 0.0107799 0.998761 0.209562 0 0 0 1 
2318808360018;0.313611;0.286503;0.998451 -0.0454195 -0.0321288 0.429146 0.045611 0.998945 0.00525214 -0.342254 0.0318563 -0.00670943 0.99947 -0.171837 0 0 0 1 
2318808360019;0.502137;0.443222;0.999761 0.0192495 0.010363 -0.192618 -0.0189797 0.999494 -0.0255357 0.0407983 -0.0108493 0.0253329 0.99962 -0.27672 0 0 0 1 
2318808360020;0.421809;0.0166127;0.965322 0.0240914 0.259947 -0.565202 -0.000702557 0.995969 -0.0896958 0.278853 -0.26106 0.0864028 0.961448 0.517266 0 0 0 1 
2318808360021;0.393879;0.0353449;0.910429 -0.28136 -0.30324 4.12709 0.194188 0.93796 -0.287266 -0.87497 0.365252 0.202649 0.908583 -4.79563 0 0 0 1 
2318808360022;0.404256;0.0164521;0.994949 0.0395378 -0.0922641 -0.310988 -0.0460811 0.996489 -0.0699021 1.1705 0.0891764 0.0738006 0.993278 -1.78748 0 0 0 1 
2318808360023;0.175152;0.0229304;0.978708 -0.191247 0.0745337 1.97454 0.195022 0.979667 -0.0471126 -1.25846 -0.064008 0.0606452 0.996105 -0.109381 0 0 0 1 
2318808360024;0.438639;0.0174211;0.993121 0.0136939 -0.116293 -0.832295 -0.0263809 0.993772 -0.108268 0.416404 0.114086 0.110591 0.987296 -2.11193 0 0 0 1 
2318808360025;0.493149;0.0275827;0.985766 -0.168011 -0.00609635 1.68583 0.167755 0.985362 -0.0303208 -0.659942 0.0111013 0.0288666 0.999522 0.349648 0 0 0 1 
2318808360026;0.26214;0.0139495;0.980466 0.0166331 -0.195982 -0.133961 -0.00404614 0.997913 0.0644511 -0.0570162 0.196645 -0.0623992 0.978487 -0.564286 0 0 0 1 
2318808360027;0.301824;0.0163732;0.970319 0.241702 -0.00785608 -2.25309 -0.234689 0.933334 -0.271678 3.01013 -0.0583327 0.265458 0.962356 -2.22666 0 0 0 1 
2318808360028;0.111442;0.0209353;0.99922 -0.0263834 -0.0293777 0.300418 0.0299089 0.991468 0.126874 -0.352178 0.0257796 -0.127653 0.991484 1.09346 0 0 0 1 
2318808360029;0.556383;0.017441;0.994765 -0.0584029 -0.083861 0.132741 0.0850648 0.927988 0.362769 -0.437022 0.0566352 -0.368004 0.928098 4.1506 0 0 0 1 
2318808360031;0.47988;0.384651;0.998911 0.0359536 -0.0297249 -0.1747 -0.0358088 0.999344 0.00539056 0.375078 0.0298992 -0.00432028 0.999544 -0.311282 0 0 0 1 
2318808360032;0.536016;0.00970455;0.929959 0.0481231 -0.364499 0.687249 -0.151738 0.953262 -0.261281 2.75075 0.33489 0.298289 0.893797 -6.02969 0 0 0 1 
2318808360033;0.38485;0.00431454;0.988221 0.147804 0.0396734 -1.377 -0.147532 0.98901 -0.00970151 1.21732 -0.0406713 0.00373412 0.999166 -0.385285 0 0 0 1 
2318808360034;0.495664;0.375056;0.999167 0.0375372 0.0159944 -0.394821 -0.0374545 0.999284 -0.00543948 0.489467 -0.0161871 0.00483589 0.999857 -0.286896 0 0 0 1 
2318808360035;0.329409;0.006458;0.993721 0.103396 -0.0427469 -0.805317 -0.103741 0.994587 -0.00592339 1.10513 0.041903 0.0103208 0.999068 -1.00969 0 0 0 1 
2318808360036;0.430313;0.0106735;0.907192 0.243895 -0.342808 -1.19521 -0.233504 0.969689 0.0719649 2.01712 0.349969 0.014761 0.936645 -3.05057 0 0 0 1 
2318808360037;0.120765;0.00686203;0.99442 0.0125994 -0.104735 0.0196674 -0.0252011 0.992468 -0.119884 0.490225 0.102435 0.121854 0.987248 -2.12273 0 0 0 1 
2318808360038;0.516165;0.0114485;0.97635 -0.184121 0.113317 1.80626 0.181867 0.982865 0.0300053 -1.99426 -0.1169 -0.00868697 0.993106 1.73419 0 0 0 1 
2318808360039;0.413132;0.0110433;0.973033 -0.12659 0.192825 1.07858 0.120109 0.991741 0.0449874 -0.55329 -0.196928 -0.0206142 0.980201 2.30775 0 0 0 1 
2318808360040;0.306491;0.00995757;0.989752 0.115919 -0.0833889 -0.804747 -0.101925 0.982485 0.155996 0.837322 0.100011 -0.145898 0.984232 0.361992 0 0 0 1 
2318808360041;0.475776;0.319128;0.995059 -0.0920149 -0.0373011 0.983477 0.0927788 0.9955 0.0192903 -0.779629 0.0353582 -0.0226557 0.999118 0.345645 0 0 0 1 
2318808360042;0.392346;0.00880874;0.994346 0.0457704 0.0958174 -0.583278 -0.0455109 0.998952 -0.00489294 0.409039 -0.0959409 0.000504543 0.995387 1.55382 0 0 0 1 
2318808360043;0.212163;0.00559485;0.992171 0.0619232 -0.108453 -0.44432 -0.0339502 0.969448 0.242935 0.276337 0.120182 -0.237351 0.963961 1.6645 0 0 0 1 
2318808360044;0.216595;0.00425217;0.989181 0.115857 -0.0899869 -1.35118 -0.109659 0.991428 0.071029 0.679391 0.0974448 -0.0603927 0.993407 -0.0125775 0 0 0 1 
2318808360045;0.469606;0.170517;0.948701 0.179606 -0.260208 -1.33338 -0.256963 0.917504 -0.303572 3.72207 0.184218 0.354863 0.916589 -4.86109 0 0 0 1 
2318808360046;0.276896;0.00213156;0.999164 0.0190937 0.0361531 -0.033466 -0.0188906 0.999804 -0.00594873 -0.314755 -0.0362596 0.0052608 0.999329 0.0804133 0 0 0 1 
2318808360047;0.219223;0.0101001;0.964047 -0.134308 -0.229293 2.00361 0.12947 0.990926 -0.0360886 -0.784667 0.232059 0.00510465 0.972688 -2.00377 0 0 0 1 
2318808360048;0.2746;0.00871193;0.947862 -0.024988 0.3177 0.188293 0.00390209 0.997756 0.0668344 -0.0119022 -0.318657 -0.0621101 0.945833 3.328 0 0 0 1 
2318808360049;0.475244;0.0126302;0.919202 -0.301737 -0.253027 4.56167 0.32004 0.946809 0.0335713 -2.1764 0.229438 -0.111838 0.966877 -1.17722 0 0 0 1 
2318808360050;0.266943;0.0109968;0.953742 -0.300562 -0.00623214 3.69502 0.300602 0.953726 0.00674073 -2.06662 0.00391775 -0.00830231 0.999958 -0.136972 0 0 0 1 
2318808360051;0.316495;0.00777836;0.97544 -0.0573744 0.212662 0.596575 0.0274807 0.989636 0.140947 -0.395216 -0.218545 -0.131641 0.966907 3.76689 0 0 0 1 
2318808360052;0.442125;0.347741;0.989395 0.121271 0.0799428 -1.2412 -0.117222 0.991661 -0.0535456 1.20031 -0.0857697 0.0436067 0.99536 0.433 0 0 0 1 
2318808360053;0.502153;0.00736945;0.999359 -0.0327226 0.0145337 1.06199 0.0305856 0.991221 0.128627 -0.435888 -0.0186151 -0.1281 0.991587 2.2337 0 0 0 1 
2318808360054;0.189299;0.0112163;0.967404 -0.252782 -0.0151728 3.04622 0.250649 0.964341 -0.0849823 -1.61315 0.0361138 0.0784092 0.996267 -1.18605 0 0 0 1 
2318808360055;0.56348;0.0131967;0.951911 0.137991 -0.27354 -0.130469 -0.169808 0.980774 -0.0961651 2.365 0.255011 0.13799 0.957041 -3.5689 0 0 0 1 
2318808360056;0.0419399;0.00945036;0.998535 0.0512926 -0.0172506 -0.521533 -0.0511914 0.998669 0.00625618 0.407688 0.0175486 -0.00536392 0.999832 -0.0875099 0 0 0 1 
2318808360057;0.467263;0.00310321;0.997571 -0.0696568 0.00015047 0.904441 0.0696339 0.997182 -0.0278986 -1.2906 0.00179328 0.0278413 0.999611 -0.813678 0 0 0 1 
2318808360058;0.291617;0.016371;0.999952 0.00638642 0.00738526 -0.0283186 -0.00734962 0.990298 0.138764 0.504613 -0.0064274 -0.138812 0.990298 1.80453 0 0 0 1 
2318808360059;0.25976;0.0109224;0.975335 0.0257344 -0.219226 0.390432 -0.0417746 0.996752 -0.0688487 0.469317 0.216742 0.0763086 0.973242 -2.33378 0 0 0 1 
2318808360060;0.11731;0.00750213;0.991876 0.0980045 0.0811022 -1.13368 -0.0939131 0.994178 -0.0528203 0.931197 -0.0858067 0.0447746 0.995305 0.230818 0 0 0 1 
2318808360062;0.468711;0.115181;0.956193 0.269637 -0.113978 -0.87709 -0.23807 0.942833 0.233214 1.23394 0.170345 -0.195863 0.965723 0.113967 0 0 0 1 
2318808360063;0.468392;0.0143482;0.992504 -0.121373 0.0142892 -0.408915 0.119143 0.986986 0.107999 -1.15137 -0.0272114 -0.105487 0.994048 -0.0550999 0 0 0 1 
2318808360064;0.317402;0.0105187;0.946426 0.322844 0.00705686 -0.542196 -0.322792 0.94644 -0.00757364 1.99981 -0.00912399 0.00489 0.999946 -0.357604 0 0 0 1 
2318808360065;0.263432;0.0119963;0.973234 -0.217298 0.0748128 0.757173 0.208681 0.971958 0.108402 -1.50916 -0.0962704 -0.0898882 0.991288 1.06005 0 0 0 1 
2318808360066;0.238324;0.0125658;0.999496 -0.0317186 0.00133598 -0.366723 0.0316956 0.99939 0.0146694 -0.403687 -0.00180046 -0.0146197 0.999892 0.166446 0 0 0 1 
2318808360067;0.429905;0.00978049;0.993381 0.0948743 -0.0647584 0.749877 -0.091074 0.994076 0.0593146 0.589346 0.0700022 -0.0530242 0.996137 -0.534108 0 0 0 1 
2318808360068;0.55967;0.426038;0.99288 -0.0597179 -0.103067 0.347655 0.0645924 0.996914 0.0446197 -0.520688 0.100085 -0.0509594 0.993673 -0.609279 0 0 0 1 
2318808360069;0.324897;0.00945559;0.99758 0.0640208 0.0271056 0.193648 -0.064421 0.997822 0.0141551 0.107019 -0.0261403 -0.015867 0.999532 -0.390606 0 0 0 1 
2318808360070;0.327797;0.00954696;0.995774 0.058442 0.0708453 0.501094 -0.0544196 0.996865 -0.0574368 0.32857 -0.0739799 0.0533387 0.995832 0.0727723 0 0 0 1 
2318808360071;0.127608;0.0120489;0.989291 0.122361 0.0795642 -0.432866 -0.12282 0.992429 0.000882417 0.768466 -0.0788538 -0.0106451 0.996829 0.42659 0 0 0 1 
2318808360072;0.27755;0.00883598;0.963274 -0.261698 -0.0601428 0.714552 0.261365 0.965146 -0.0134843 -1.1323 0.0615754 -0.00273009 0.998099 -0.546991 0 0 0 1 
2318808360073;0.377754;0.00739101;0.992402 -0.0636738 0.105276 -0.0121818 0.0805374 0.983064 -0.164616 0.0469092 -0.0930111 0.171844 0.980723 -0.670759 0 0 0 1 
2318808360074;0.367604;0.338469;0.998901 -0.0461323 -0.00827381 0.254558 0.0461055 0.998931 -0.00340333 -0.35056 0.00842196 0.00301812 0.99996 -0.00626341 0 0 0 1 
2318808360075;0.223733;0.00741987;0.963884 -0.0162045 0.265828 0.0631194 0.0142316 0.999855 0.00934655 -0.248849 -0.265941 -0.00522583 0.963975 1.63201 0 0 0 1 
2318808360076;0.344651;0.0110728;0.993486 -0.113111 -0.0138083 0.839466 0.113168 0.965212 0.235709 -0.807539 -0.0133334 -0.235737 0.971726 1.22306 0 0 0 1 
2318808360077;0.167206;0.00859439;0.99472 0.0301016 0.0981155 -0.0351112 -0.0327818 0.999129 0.0258205 0.455283 -0.0972528 -0.0289006 0.99484 0.542838 0 0 0 1 
2318808360078;0.455663;0.353535;0.997698 0.0635425 0.0237063 -0.478013 -0.0640898 0.997677 0.0230887 0.197206 -0.0221841 -0.0245548 0.999452 -0.332804 0 0 0 1 
2318808360079;0.349782;0.00696078;0.990395 0.0791828 0.113345 -0.213855 -0.0950582 0.985247 0.142314 0.519135 -0.100404 -0.151721 0.983311 1.74635 0 0 0 1 
2318808360080;0.31557;0.212153;0.995889 0.0280127 -0.0861389 -0.0418427 -0.0167807 0.991573 0.128454 -0.0579744 0.0890114 -0.126481 0.987967 -0.129382 0 0 0 1 
2318808360081;0.265138;0.156497;0.997402 0.0694586 -0.0190844 -0.142714 -0.0708765 0.993602 -0.0879326 0.624318 0.0128546 0.0890568 0.995944 -0.131478 0 0 0 1 
2318808360082;0.291619;0.200663;0.990261 0.126609 -0.0578996 -0.166334 -0.132552 0.984594 -0.11404 0.865748 0.0425691 0.120604 0.991788 -0.513164 0 0 0 1 
2318808360083;0.406111;0.0118302;0.989187 -0.145952 0.0144147 -0.00186638 0.14448 0.986642 0.0752547 -0.919763 -0.0252057 -0.0723584 0.99706 -0.38688 0 0 0 1 
2318808360084;0.25521;0.0295198;0.999061 0.0432809 -0.00175936 0.0479446 -0.0418547 0.954084 -0.296602 0.792588 -0.0111586 0.296397 0.955 -0.77182 0 0 0 1 
2318808360085;0.097134;0.0119635;0.999285 -0.0118349 0.0359168 -0.0297916 0.0109451 0.999631 0.0248714 -0.00912177 -0.0361979 -0.0244605 0.999045 0.448823 0 0 0 1 
2318808360086;0.630308;0.573455;0.99849 0.0149725 -0.0528549 0.0316426 -0.0123078 0.998654 0.0503862 -0.0133667 0.0535382 -0.0496596 0.99733 -0.216682 0 0 0 1 
2318808360087;0.164964;0.00710541;0.988658 0.145796 0.0360361 -0.356909 -0.141312 0.984328 -0.105499 1.09955 -0.0508527 0.09921 0.993766 0.00494975 0 0 0 1 
2318808360088;0.426784;0.0155811;0.922284 0.208622 0.325376 -0.287977 -0.139924 0.964938 -0.222074 1.10263 -0.360297 0.159287 0.919137 2.20644 0 0 0 1 
2318808360089;0.0156956;0.0089851;0.999805 -0.0164319 -0.0109205 0.0734334 0.0166096 0.999728 0.016388 -0.119345 0.0106482 -0.0165662 0.999806 -0.0188922 0 0 0 1 
2318808360090;0.105965;0.0112989;0.999843 0.00725672 -0.0161346 -0.153326 -0.00743923 0.999909 -0.011281 0.191888 0.0160513 0.0113993 0.999806 -0.0450017 0 0 0 1 
2318808360091;0.471367;0.289207;0.989767 -0.0392134 -0.137201 0.125569 0.0279164 0.996132 -0.0833158 0.312682 0.139937 0.0786331 0.987033 -1.05767 0 0 0 1 
2318808360093;0.358587;0.00554517;0.994484 0.0944367 0.0456434 -0.128643 -0.0952489 0.995326 0.0159546 0.94202 -0.0439234 -0.020214 0.99883 -0.510182 0 0 0 1 
2318808360094;0.104341;0.0121296;0.996973 0.077733 0.00182581 0.121718 -0.0776389 0.996497 -0.031093 0.321488 -0.00423637 0.0308571 0.999515 0.11728 0 0 0 1 
2318808360095;0.369651;0.0113423;0.954444 -0.298207 -0.0104854 0.476821 0.297844 0.954232 -0.0270352 -1.28313 0.0180676 0.0226805 0.999579 -0.742406 0 0 0 1 
2318808360096;0.316121;0.00484268;0.999531 0.0297798 -0.00712933 0.698072 -0.0296927 0.999487 0.0120231 0.289872 0.00748372 -0.0118058 0.999902 0.345952 0 0 0 1 
2318808360097;0.369151;0.0694664;0.933388 0.229256 0.276095 0.0909635 -0.221956 0.973339 -0.0578517 0.701203 -0.281997 -0.00728293 0.959388 0.960697 0 0 0 1 
2318808360098;0.287285;0.00817691;0.952841 -0.303279 0.0108007 0.134044 0.302502 0.952039 0.0459858 -1.58226 -0.0242292 -0.0405499 0.998884 -0.151721 0 0 0 1 
2318808360099;0.367143;0.295803;0.994982 -0.0852241 0.0524212 -0.0818266 0.0866555 0.995908 -0.0256644 -0.448331 -0.0500194 0.0300782 0.998295 0.133025 0 0 0 1 
2318808360100;0.403666;0.0102709;0.98902 -0.140608 -0.0454937 0.990172 0.144192 0.985581 0.0885405 -0.686032 0.0323882 -0.0941281 0.995033 -0.553422 0 0 0 1 
2318808360101;0.302239;0.00770097;0.945025 -0.165369 0.282102 -0.196408 0.176815 0.984123 -0.015424 -0.913411 -0.275073 0.0644559 0.95926 1.41878 0 0 0 1 
2318808360102;0.281834;0.00805952;0.988085 0.152255 -0.022519 0.169331 -0.140741 0.953028 0.268197 0.135968 0.0622957 -0.261832 0.963101 -0.361398 0 0 0 1 
2318808360103;0.378578;0.0182931;0.937267 0.180333 -0.298347 0.774034 -0.10168 0.960013 0.260838 0.102094 0.333455 -0.214139 0.918124 -1.46729 0 0 0 1 
2318808360104;0.557659;0.347126;0.997001 -0.068218 0.0365358 -0.381304 0.0698822 0.996476 -0.0463943 -0.0906472 -0.0332421 0.0488083 0.998255 -0.373606 0 0 0 1 
2318808360105;0.460355;0.275158;0.993192 -0.112031 0.0319053 -0.0134764 0.111553 0.993623 0.0163855 -0.66405 -0.0335375 -0.0127148 0.999357 -0.356254 0 0 0 1 
2318808360106;0.53681;0.0102622;0.920553 -0.077918 -0.382768 1.45824 0.0720548 0.99696 -0.0296547 0.415812 0.383915 -0.000281529 0.923369 -1.56452 0 0 0 1 
2318808360107;0.116161;0.00730281;0.993619 -0.0173345 0.11145 -0.0548911 0.0276926 0.995367 -0.0920737 -0.0611871 -0.109338 0.0945725 0.989495 0.667968 0 0 0 1 
2318808360108;0.426496;0.00862504;0.972659 0.232226 0.00214684 0.734505 -0.23203 0.972143 -0.0331619 1.19315 -0.0097881 0.0317571 0.999448 -0.602687 0 0 0 1 
2318808360109;0.361092;0.00644307;0.990108 0.13937 0.0162195 -0.815453 -0.138591 0.989461 -0.0419459 1.06728 -0.0218946 0.039283 0.998988 -0.090141 0 0 0 1 
2318808360110;0.188673;0.0114758;0.989432 -0.0339411 -0.140971 0.469427 0.0222517 0.996244 -0.083685 0.169139 0.143282 0.0796638 0.986471 -0.8246 0 0 0 1 
2318808360111;0.302097;0.0164544;0.978806 0.166485 -0.119257 -0.355012 -0.133265 0.959973 0.246359 0.521946 0.155498 -0.225245 0.961813 -0.606455 0 0 0 1 
2318808360112;0.226828;0.0101711;0.959942 -0.260486 -0.103238 0.543805 0.264224 0.96416 0.0241165 -1.30022 0.0932557 -0.0504283 0.994364 -0.40394 0 0 0 1 
2318808360113;0.311079;0.271419;0.99737 -0.0292038 -0.0663401 0.0488271 0.0281504 0.999463 -0.0167587 -0.0922592 0.0667939 0.0148471 0.997656 -0.197644 0 0 0 1 
2318808360114;0.267587;0.00899654;0.990992 -0.0490768 0.124601 -0.0275813 0.0479769 0.998779 0.0118145 0.0770352 -0.125029 -0.0057301 0.992137 1.18997 0 0 0 1 
2318808360115;0.283003;0.00822064;0.994933 -0.100477 -0.00368948 -0.0570401 0.0972341 0.952189 0.289622 -0.899889 -0.0255871 -0.288513 0.957134 0.707806 0 0 0 1 
2318808360116;0.15967;0.011941;0.999996 0.00170208 0.00239739 0.220766 -0.00170131 0.999999 -0.000319917 0.0349686 -0.00239793 0.000315837 0.999997 -0.315944 0 0 0 1 
2318808360117;0.274094;0.0112948;0.965443 0.164957 -0.201764 0.589531 -0.199541 0.965875 -0.165133 1.25543 0.167639 0.199686 0.965413 -0.982569 0 0 0 1 
2318808360118;0.309171;0.01121;0.99619 -0.0580955 0.065049 0.210195 0.064749 0.992326 -0.105345 -0.0190805 -0.0584297 0.109156 0.992306 0.951531 0 0 0 1 
2318808360119;0.136528;0.00882583;0.999575 0.00493666 -0.0287307 0.0196906 0.000302513 0.983747 0.179558 -0.20396 0.0291501 -0.17949 0.983328 0.113644 0 0 0 1 
2318808360120;0.394337;0.0122761;0.964265 -0.26494 -0.000242211 0.402008 0.264913 0.964181 -0.0132325 -1.26986 0.00373935 0.0126955 0.999912 -0.819194 0 0 0 1 
2318808360121;0.407083;0.328571;0.996003 -0.0627658 0.0635467 -0.243542 0.0625739 0.998028 0.00500795 -0.405748 -0.0637357 -0.00101156 0.997966 0.00485212 0 0 0 1 
2318808360122;0.325576;0.00872272;0.960832 0.020406 -0.276379 0.883418 -0.00557278 0.998506 0.0543493 -0.0799057 0.277076 -0.0506804 0.959511 -1.00519 0 0 0 1 
2318808360124;0.330187;0.0173202;0.952538 -0.161014 0.25835 1.62451 0.113181 0.97515 0.190455 -1.08907 -0.282596 -0.152175 0.947091 3.4213 0 0 0 1 
2318808360125;0.152771;0.0249542;0.989196 -0.146595 0.00112735 1.47925 0.146565 0.9891 0.0141602 -1.19872 -0.00319088 -0.013842 0.999899 0.248656 0 0 0 1 
2318808360126;0.0910746;0.0152348;0.998219 0.00692583 -0.0592488 -0.116537 -0.00872742 0.999506 -0.0302027 0.198675 0.0590103 0.030666 0.997786 -0.798762 0 0 0 1 
2318808360127;0.146509;0.0142067;0.993026 -0.107233 0.0489924 1.03581 0.105055 0.993445 0.0450645 -0.816167 -0.0535036 -0.0396034 0.997782 0.996352 0 0 0 1 
2318808360128;0.288596;0.0200639;0.939601 0.13382 -0.315028 -0.448454 -0.159243 0.985634 -0.0562741 1.41897 0.302972 0.103041 0.947413 -3.29356 0 0 0 1 
2318808360129;0.489639;0.0268478;0.979293 -0.1336 -0.152109 2.11243 0.0642417 0.917579 -0.392329 1.14987 0.191987 0.374433 0.907161 -5.21572 0 0 0 1 
2318808360130;0.532869;0.283918;0.992287 -0.0524665 0.112307 0.0739241 0.0450132 0.996676 0.067904 -0.393381 -0.115496 -0.062325 0.991351 1.81772 0 0 0 1 
2318808360131;0.255773;0.0147498;0.998379 -0.0086765 0.0562502 -0.104863 0.0033956 0.995632 0.0933063 -0.141482 -0.0568141 -0.0929641 0.994047 0.867948 0 0 0 1 
2318808360132;0.368015;0.332488;0.998689 0.0321276 0.0398472 -0.491777 -0.0303667 0.998568 -0.0440347 0.30409 -0.0412049 0.042767 0.998235 -0.0951431 0 0 0 1 
2318808360133;0.203483;0.0148509;0.986556 0.136747 -0.0894872 -1.11562 -0.120638 0.97877 0.165699 0.85251 0.110246 -0.152676 0.982108 0.534547 0 0 0 1 
2318808360134;0.215895;0.0164138;0.997505 -0.0161631 -0.0687263 0.553943 0.0135327 0.999164 -0.0385686 -0.201696 0.0692923 0.0375423 0.99689 -0.717114 0 0 0 1 
2318808360135;0.357096;0.0253999;0.956808 0.0917136 -0.275876 -0.109201 -0.0972988 0.995233 -0.00659647 1.09671 0.273956 0.0331539 0.961171 -2.1265 0 0 0 1 
2318808360136;0.39267;0.021123;0.989968 -0.0901807 0.108771 0.876397 0.104863 0.984888 -0.13784 -0.0578519 -0.0946965 0.147863 0.984464 -0.224018 0 0 0 1 
2318808360137;0.205186;0.0151433;0.982009 -0.0144628 -0.188281 0.668289 0.0200159 0.999418 0.0276258 -0.189071 0.187772 -0.0308973 0.981726 -1.16466 0 0 0 1 
2318808360138;0.524941;0.0181655;0.984894 -0.165201 0.0518945 1.38037 0.165059 0.986259 0.00703699 -1.35875 -0.0523439 0.00163499 0.998628 -0.564528 0 0 0 1 
2318808360139;0.224459;0.0131233;0.991673 0.121884 -0.0415741 -1.13205 -0.128199 0.964948 -0.229 1.74838 0.0122054 0.232423 0.972538 -2.35674 0 0 0 1 
2318808360140;0.242736;0.0115319;0.992612 0.0631015 0.103633 -0.742645 -0.0537749 0.994448 -0.0904494 0.709037 -0.108765 0.0842083 0.990494 -0.385506 0 0 0 1 
2318808360141;0.27546;0.00911546;0.966655 0.24477 0.0752727 -2.03646 -0.240796 0.968834 -0.0581254 2.29914 -0.0871541 0.0380618 0.995467 0.0303549 0 0 0 1 
2318808360142;0.19755;0.0212503;0.993222 -0.104768 0.0503418 0.924012 0.104614 0.994497 0.00569384 -0.587746 -0.0506613 -0.000388774 0.998716 0.0838496 0 0 0 1 
2318808360143;0.359468;0.0197619;0.971996 -0.0732795 -0.223281 1.08125 0.0788768 0.996752 0.0162415 -0.680871 0.221366 -0.0333984 0.974619 -0.74989 0 0 0 1 
2318808360144;0.260225;0.0241229;0.982413 -0.179045 0.0529791 1.61296 0.184327 0.975241 -0.122181 -0.941803 -0.0297916 0.129797 0.991093 -1.3526 0 0 0 1 
2318808360145;0.465801;0.0189215;0.908752 -0.228739 0.349067 2.60263 0.247707 0.968783 -0.010043 -1.55865 -0.335873 0.095593 0.937044 2.30979 0 0 0 1 
2318808360146;0.208847;0.0226573;0.984347 -0.176204 0.00361619 1.81499 0.171916 0.955475 -0.239816 -0.540264 0.0388013 0.236684 0.970812 -2.71915 0 0 0 1 
2318808360147;0.522631;0.0218898;0.947888 0.257125 0.188135 -2.74569 -0.226501 0.959123 -0.16965 2.50457 -0.224066 0.118197 0.96738 -0.185961 0 0 0 1 
2318808360148;0.348601;0.228661;0.995796 0.0561229 0.0723962 -0.639312 -0.0605802 0.996303 0.0609157 0.23239 -0.0687097 -0.0650454 0.995514 1.40409 0 0 0 1 
2318808360149;0.220362;0.0230447;0.985735 0.166656 -0.0234824 -1.60627 -0.167337 0.985417 -0.0308511 1.51917 0.0179985 0.0343406 0.999248 -0.80949 0 0 0 1 
2318808360150;0.310305;0.0170816;0.997226 0.0649804 0.0363131 -0.979646 -0.0668803 0.996309 0.0538154 0.545012 -0.0326821 -0.0560947 0.99789 0.270999 0 0 0 1 
2318808360151;0.0639999;0.0207504;0.999132 0.0276621 -0.0311488 -0.222633 -0.0264635 0.998917 0.0382565 0.149913 0.0321734 -0.037399 0.998782 0.170515 0 0 0 1 
2318808360152;0.508923;0.0176734;0.974055 0.22618 -0.00772634 -1.29851 -0.226255 0.974008 -0.0108224 2.03075 0.0050777 0.0122897 0.999912 0.396821 0 0 0 1 
2318808360153;0.520442;0.29569;0.998973 0.045 0.00529042 -0.610692 -0.0447663 0.998269 -0.0381497 0.278579 -0.006998 0.0378737 0.999258 0.279654 0 0 0 1 
2318808360155;0.242296;0.0192499;0.969163 -0.00174384 0.246414 0.218509 0.0473951 0.982624 -0.179454 -0.0469025 -0.24182 0.185599 0.952406 -0.0125955 0 0 0 1 
2318808360156;0.545461;0.0307458;0.961245 -0.235542 0.143273 2.40421 0.220223 0.968652 0.114954 -1.93662 -0.165858 -0.0789464 0.982984 1.12144 0 0 0 1 
2318808360157;0.417219;0.0324709;0.95629 -0.218099 -0.194789 2.56309 0.165401 0.952755 -0.254756 -0.051739 0.241148 0.211402 0.947184 -3.4921 0 0 0 1 
2318808360158;0.428586;0.328906;0.981447 0.0591737 -0.182372 -0.138873 -0.0708057 0.995806 -0.0579395 0.458335 0.178179 0.0697776 0.981521 -1.58234 0 0 0 1 
2318808360159;0.360686;0.134175;0.975277 -0.102237 0.195916 0.988364 0.148446 0.959833 -0.238085 -0.345305 -0.163705 0.261282 0.951279 -1.14933 0 0 0 1 
2318808360160;0.334724;0.0172604;0.926907 0.0592324 0.370587 -0.560062 -0.0339543 0.996652 -0.0743728 0.364165 -0.373751 0.0563537 0.925815 2.33937 0 0 0 1 
2318808360161;0.319806;0.289116;0.999282 0.0309154 0.0219032 -0.378692 -0.0311694 0.99945 0.0113519 0.00418492 -0.0215402 -0.0120265 0.999696 0.163196 0 0 0 1 
2318808360162;0.00881013;0.0144651;0.999988 -0.001978 0.00439002 0.00695672 0.00197627 0.999998 0.000396888 -0.0397975 -0.0043908 -0.000388208 0.99999 0.0485914 0 0 0 1 
2318808360163;0.15049;0.0132453;0.995773 0.0917994 -0.00292555 -0.903548 -0.0918215 0.995738 -0.00865391 0.518012 0.00211866 0.00888596 0.999958 0.0400438 0 0 0 1 
2318808360164;0.34564;0.338633;0.99973 0.0074716 0.0220219 -0.19815 -0.00689973 0.99964 -0.025931 0.121676 -0.0222077 0.025772 0.999421 -0.0303417 0 0 0 1 
2318808360165;0.629483;0.0128631;0.933583 -0.154474 0.323357 0.871764 0.194046 0.976503 -0.0937452 -1.77696 -0.301278 0.150265 0.941622 0.481878 0 0 0 1 
2318808360166;0.356263;0.0226007;0.997756 0.0579739 -0.0334949 -0.0918067 -0.0600427 0.996111 -0.0644735 0.241201 0.0296269 0.0663399 0.997357 -0.375431 0 0 0 1 
2318808360167;0.348773;0.0157698;0.978835 -0.0383582 0.201025 0.21612 0.11247 0.921469 -0.371815 0.426534 -0.170976 0.386554 0.90628 -2.19249 0 0 0 1 
2318808360168;0.491205;0.0276769;0.968235 -0.112123 -0.223492 1.09749 0.141499 0.982633 0.120042 -0.709909 0.206151 -0.147853 0.967286 0.617738 0 0 0 1 
2318808360169;0.364685;0.0325275;0.99982 -0.0123225 -0.0144278 0.271645 0.0120429 0.999741 -0.0193111 0.307293 0.0146621 0.0191339 0.999709 -0.856797 0 0 0 1 
2318808360170;0.293853;0.0230477;0.999091 0.0277054 0.0324003 -0.499924 -0.0276047 0.999613 -0.0035499 0.0921365 -0.0324861 0.00265227 0.999469 -0.34359 0 0 0 1 
2318808360171;0.404455;0.0184526;0.994817 0.058973 0.0828386 -1.01 -0.0774726 0.967227 0.241805 0.0905797 -0.0658637 -0.246969 0.966782 2.57814 0 0 0 1 
2318808360172;0.214721;0.0218977;0.990453 -0.0280489 0.134968 0.222956 0.0145043 0.99485 0.10031 -0.166544 -0.137087 -0.0973949 0.985759 2.29386 0 0 0 1 
2318808360173;0.439959;0.0270871;0.995767 -0.0686869 -0.0610826 1.07767 0.0485057 0.957135 -0.285552 0.844208 0.078078 0.28138 0.956415 -3.50005 0 0 0 1 
2318808360174;0.284722;0.0210931;0.983098 -0.12529 0.133493 1.28183 0.153357 0.961824 -0.226663 -0.924844 -0.0999983 0.243304 0.964782 -1.75612 0 0 0 1 
2318808360175;0.207536;0.0169594;0.9974 -0.0483493 -0.0534407 0.494168 0.046826 0.99847 -0.0294003 -0.723146 0.0547804 0.0268215 0.998138 -0.782651 0 0 0 1 
2318808360176;0.417626;0.0367034;0.970058 -0.16637 -0.176942 1.63271 0.209452 0.941872 0.262693 -1.29601 0.122953 -0.291889 0.948517 1.23443 0 0 0 1 
2318808360177;0.414555;0.0219976;0.954589 -0.0605447 -0.291709 1.55498 0.0266716 0.992568 -0.118729 0.149375 0.29673 0.105557 0.94911 -2.67427 0 0 0 1 
2318808360178;0.192544;0.0245649;0.995007 -0.0978931 0.0194208 0.838097 0.0978512 0.995196 0.00309848 -0.638879 -0.0196308 -0.00118266 0.999807 -0.186332 0 0 0 1 
2318808360179;0.369856;0.200831;0.995273 0.0860279 0.0450623 -0.797177 -0.0828045 0.994168 -0.0690834 0.634948 -0.0507426 0.0650255 0.996593 0.227423 0 0 0 1 
2318808360180;0.269585;0.0198111;0.999705 0.00958112 0.0223061 -0.115973 -0.00973895 0.999928 0.00697768 0.112635 -0.0222377 -0.00719286 0.999727 0.748473 0 0 0 1 
2318808360181;0.159003;0.0167589;0.999209 -0.0391811 -0.00681819 0.238759 0.0392457 0.999183 0.00962332 -0.308585 0.00643557 -0.00988329 0.99993 0.296168 0 0 0 1 
2318808360182;0.250033;0.164095;0.99979 0.0178858 0.0100342 -0.322719 -0.0182885 0.998967 0.041593 -0.0967517 -0.0092799 -0.0417678 0.999084 0.417857 0 0 0 1 
2318808360183;0.583654;0.105348;0.950023 -0.301409 -0.0812901 3.39615 0.305345 0.951356 0.0410548 -1.88372 0.0649615 -0.0638246 0.995845 -0.849937 0 0 0 1 
2318808360184;0.254669;0.0198203;0.988183 0.151718 -0.0218107 -1.15402 -0.151183 0.988204 0.0244069 1.274 0.0252564 -0.0208211 0.999464 0.370843 0 0 0 1 
2318808360186;0.32371;0.039396;0.936213 -0.00379015 -0.351414 0.287434 -0.0234945 0.99703 -0.0733458 0.146053 0.350648 0.0769236 0.933343 -2.39461 0 0 0 1 
2318808360187;0.391738;0.319444;0.991663 -0.111531 -0.0645349 0.460285 0.118408 0.986287 0.114969 -0.766283 0.0508272 -0.121652 0.991271 0.0916163 0 0 0 1 
2318808360188;0.250929;0.0130722;0.964945 -0.262337 0.00781873 0.959634 0.254602 0.942894 0.214776 -1.51228 -0.0637159 -0.205256 0.976632 0.84172 0 0 0 1 
2318808360189;0.35413;0.00898444;0.946103 0.242816 -0.214311 0.0390578 -0.193819 0.954653 0.225992 1.19577 0.259467 -0.172275 0.950262 -0.678784 0 0 0 1 
2318808360190;0.38404;0.0110339;0.971348 0.0914292 0.219369 -0.595598 -0.0817091 0.995246 -0.0530001 0.588383 -0.223172 0.0335571 0.974201 0.479993 0 0 0 1 
2318808360191;0.142007;0.0140148;0.993845 -0.0629446 0.091162 0.304452 0.0600983 0.997625 0.0336406 -0.379997 -0.093063 -0.0279549 0.995268 0.409014 0 0 0 1 
2318808360192;0.308225;0.0087587;0.997767 -0.0480897 0.0463458 -0.573407 0.0495839 0.998268 -0.0316486 -0.198781 -0.0447436 0.033876 0.998424 0.168734 0 0 0 1 
2318808360193;0.19468;0.0111397;0.987545 0.0884603 -0.130115 -0.13603 -0.0784827 0.993707 0.079917 0.673723 0.136365 -0.0687099 0.988273 -0.675879 0 0 0 1 
2318808360194;0.35362;0.012192;0.994793 -0.0341596 0.0960178 -0.169981 0.0322558 0.999252 0.0213102 -0.847759 -0.096674 -0.0181021 0.995151 0.19356 0 0 0 1 
2318808360195;0.220312;0.0191634;0.994512 -0.103625 0.0143848 0.312187 0.100938 0.986562 0.128477 -0.614779 -0.027505 -0.12632 0.991608 0.121608 0 0 0 1 
2318808360196;0.321597;0.0129087;0.995034 0.0479648 0.0872208 -0.478742 -0.0428404 0.997296 -0.059704 0.644142 -0.0898487 0.0556709 0.994398 0.916259 0 0 0 1 
2318808360197;0.117422;0.0111542;0.999761 -0.0063087 0.0209441 0.154348 0.00570219 0.999566 0.0288927 -0.0538904 -0.0211173 -0.0287664 0.999363 0.415666 0 0 0 1 
2318808360198;0.145591;0.00943181;0.996108 -0.0714209 -0.0516598 0.132064 0.0711557 0.997441 -0.00695842 -0.450461 0.0520246 0.00325544 0.99864 -0.559386 0 0 0 1 
2318808360199;0.334769;0.010374;0.999999 -0.000650012 0.00151856 -0.254291 0.000654973 0.999994 -0.00326861 -0.00743038 -0.00151642 0.0032696 0.999994 0.730941 0 0 0 1 
2318808360200;0.307694;0.0140476;0.967712 0.250645 -0.0266532 -0.334383 -0.248522 0.966437 0.0650915 1.91997 0.0420735 -0.0563659 0.997523 0.0646532 0 0 0 1 
2318808360201;0.28708;0.0127894;0.994857 -0.101117 0.0059458 0.839862 0.101145 0.994862 -0.00449752 -0.493175 -0.00546047 0.00507578 0.999972 0.331073 0 0 0 1 
2318808360202;0.140274;0.0113428;0.990686 0.136073 -0.00504624 -0.27618 -0.136144 0.990515 -0.0185775 0.896364 0.00247048 0.0190915 0.999815 0.0852461 0 0 0 1 
2318808360203;0.354364;0.010055;0.994037 0.0947478 -0.0539764 -0.241316 -0.0841713 0.981392 0.172583 -0.194431 0.0693239 -0.167011 0.983515 0.586606 0 0 0 1 
2318808360204;0.41534;0.0126082;0.906961 -0.0697209 0.415404 -0.0326218 0.0140262 0.990658 0.135647 -0.344299 -0.42098 -0.1172 0.899466 2.64015 0 0 0 1 
2318808360205;0.260883;0.00809664;0.989563 -0.129749 -0.0626906 0.292679 0.126646 0.990626 -0.0511897 -1.06588 0.0687448 0.0427159 0.996719 -0.208419 0 0 0 1 
2318808360206;0.381649;0.263781;0.984673 -0.117678 0.128731 0.342929 0.126368 0.990073 -0.0615338 -0.535108 -0.120212 0.0768581 0.989769 0.377869 0 0 0 1 
2318808360207;0.376035;0.00916399;0.904524 0.299371 0.303667 -0.7813 -0.28211 0.954123 -0.100315 1.9644 -0.319767 0.00506977 0.947483 1.95736 0 0 0 1 
2318808360208;0.370049;0.0102055;0.993772 0.0105905 0.110927 -0.385445 -0.0211108 0.995339 0.0941005 -0.0133368 -0.109413 -0.0958562 0.989364 1.68055 0 0 0 1 
2318808360209;0.193142;0.00733501;0.973291 0.202725 -0.107737 -0.20753 -0.201789 0.979232 0.0196301 1.19358 0.109479 0.00263444 0.993986 -0.589258 0 0 0 1 
2318808360210;0.416709;0.222905;0.9703 -0.234575 0.0591043 0.900308 0.217191 0.952349 0.214146 -1.37661 -0.106521 -0.194949 0.975012 1.1516 0 0 0 1 
2318808360211;0.229662;0.010904;0.980673 -0.188612 -0.0520166 0.720735 0.195347 0.958772 0.206388 -1.34199 0.0109449 -0.212561 0.977087 0.516193 0 0 0 1 
2318808360212;0.235303;0.174686;0.994263 0.106869 0.00441715 -0.392984 -0.106796 0.994176 -0.0144245 0.656847 -0.00593296 0.01387 0.999886 -0.0652476 0 0 0 1 
2318808360213;0.418371;0.0104882;0.9702 0.241994 0.0122521 -0.834871 -0.242203 0.970014 0.0202727 1.34761 -0.00697885 -0.0226361 0.999719 0.866145 0 0 0 1 
2318808360214;0.104638;0.0130953;0.993462 0.114158 0.000588543 -0.267097 -0.114088 0.992643 0.0405461 0.572292 0.00404444 -0.0403482 0.999177 0.00601649 0 0 0 1 
2318808360215;0.379457;0.345983;0.999238 0.00134619 -0.0390102 0.0197776 -0.00235961 0.999661 -0.0259438 0.13772 0.0389621 0.0260161 0.998902 -0.19522 0 0 0 1 
2318808360217;0.475077;0.0245249;0.88438 0.227384 -0.407638 -0.0794788 -0.271183 0.96111 -0.0522239 1.92375 0.37991 0.15673 0.911649 -2.83896 0 0 0 1 
2318808360218;0.538469;0.00521093;0.944216 -0.328106 -0.0283483 2.55754 0.328581 0.932786 0.148137 -1.7387 -0.0221618 -0.149188 0.98856 1.81474 0 0 0 1 
2318808360219;0.26223;0.00908128;0.979181 -0.0586643 -0.194327 0.446889 0.0684765 0.996675 0.0441608 -0.179685 0.191091 -0.0565483 0.979942 -1.11809 0 0 0 1 
2318808360220;0.178884;0.00977612;0.99383 0.0783617 0.0784988 -0.601144 -0.0691021 0.991025 -0.114431 0.684603 -0.0867612 0.108301 0.990325 0.0929339 0 0 0 1 
2318808360221;0.32248;0.344857;0.999597 -0.0281546 0.00360755 0.31352 0.0280996 0.999501 0.0144607 -0.245589 -0.00401289 -0.0143535 0.999889 0.101341 0 0 0 1 
2318808360222;0.547442;0.412227;0.999354 0.0298393 -0.0200336 -0.269528 -0.0314413 0.995877 -0.0850947 0.194303 0.0174118 0.0856696 0.996171 -0.271158 0 0 0 1 
2318808360223;0.279763;0.221129;0.998889 0.0418083 0.0217375 -0.273042 -0.0417938 0.999126 -0.00112265 0.234059 -0.0217654 0.000212912 0.999763 -0.0364085 0 0 0 1 
2318808360224;0.19078;0.00629105;0.98714 -0.156278 0.0336319 0.895444 0.15849 0.984246 -0.0783592 -0.639089 -0.0208562 0.0826819 0.996358 -0.484918 0 0 0 1 
2318808360225;0.382191;0.016255;0.940039 0.340939 0.00934034 -1.66203 -0.332596 0.922412 -0.196304 2.79115 -0.0755435 0.181427 0.980499 -0.974975 0 0 0 1 
2318808360226;0.232462;0.00814978;0.980579 -0.19568 -0.0131841 1.19549 0.195236 0.96755 0.160405 -1.02648 -0.0186318 -0.159864 0.986963 1.28087 0 0 0 1 
2318808360227;0.121258;0.00879589;0.999969 8.28811e-05 0.00791198 -0.017164 -0.000135005 0.999978 0.00658762 -0.00140107 -0.00791126 -0.00658848 0.999947 -0.146332 0 0 0 1 
2318808360228;0.342472;0.30697;0.999813 0.0174029 0.00840978 -0.158081 -0.0169975 0.998793 -0.0460821 0.248469 -0.0092016 0.0459306 0.998902 -0.196743 0 0 0 1 
2318808360229;0.411101;0.0173652;0.984377 -0.00191585 0.176064 -0.451933 0.0227402 0.99295 -0.116336 -0.0263566 -0.174599 0.118522 0.97748 1.01182 0 0 0 1 
2318808360230;0.270984;0.00423995;0.940929 -0.33798 -0.0205217 2.37726 0.335891 0.939333 -0.0695071 -1.63053 0.0427688 0.0585082 0.99737 -0.71395 0 0 0 1 
2318808360231;0.448163;0.192879;0.999375 0.0352211 0.00291374 -0.723045 -0.0338129 0.976882 -0.21109 0.41432 -0.0102812 0.210859 0.977462 -1.21535 0 0 0 1 
2318808360232;0.480703;0.00444579;0.993553 -0.1049 -0.0429977 0.905776 0.102576 0.993306 -0.0531126 -0.383709 0.0482814 0.0483596 0.997662 -1.44806 0 0 0 1 
2318808360233;0.538633;0.0148196;0.978763 0.178035 0.101617 -1.29121 -0.125821 0.913091 -0.387859 2.332 -0.161838 0.366836 0.9161 -1.1374 0 0 0 1 
2318808360234;0.46577;0.0172897;0.998286 -0.0540566 0.0224185 0.307273 0.0541014 0.998534 -0.00139875 0.544152 -0.02231 0.00260923 0.999748 0.263089 0 0 0 1 
2318808360235;0.501727;0.00703026;0.998489 0.0371175 -0.0405105 -0.166042 -0.0364161 0.999176 0.0179159 0.190103 0.0411421 -0.0164136 0.999018 -1.1228 0 0 0 1 
2318808360236;0.219286;0.0138167;0.974835 0.189864 -0.11683 -0.800769 -0.19104 0.981582 0.00114757 1.39412 0.114896 0.0212005 0.993151 -1.07999 0 0 0 1 
2318808360237;0.1427;0.00722137;0.998107 -0.0609608 -0.0080975 0.238712 0.0604554 0.996794 -0.0524076 -0.271071 0.0112663 0.0518189 0.998593 -0.578026 0 0 0 1 
2318808360238;0.478527;0.338038;0.987655 -0.0580122 -0.145507 0.566981 0.0470609 0.995872 -0.0776101 -0.095832 0.149409 0.0698043 0.986308 -1.42846 0 0 0 1 
2318808360239;0.07712;0.00785979;0.998933 0.0236727 -0.0396606 -0.141555 -0.0250264 0.999109 -0.0339903 0.193428 0.0388206 0.0349466 0.998635 -0.557523 0 0 0 1 
2318808360240;0.277432;0.00903904;0.966439 0.0384773 0.253999 -0.38869 -0.0681024 0.991718 0.108891 0.227712 -0.247706 -0.122534 0.961055 2.49066 0 0 0 1 
2318808360241;0.414755;0.0103341;0.903839 0.198829 -0.37887 0.0203184 -0.15745 0.977897 0.137578 0.91044 0.39785 -0.0646956 0.915167 -1.94978 0 0 0 1 
2318808360242;0.207147;0.0122475;0.987776 -0.15453 -0.0204952 1.09164 0.154926 0.987735 0.0194309 -1.21626 0.0172412 -0.0223686 0.999601 0.0780278 0 0 0 1 
2318808360243;0.526989;0.518683;0.999605 -0.0201086 -0.0196157 0.181507 0.0209869 0.998737 0.0456493 -0.263801 0.018673 -0.0460429 0.998765 0.0557883 0 0 0 1 
2318808360244;0.293823;0.00961259;0.996532 0.0683567 0.0474494 -0.384051 -0.0727917 0.992414 0.0990768 0.372977 -0.0403169 -0.102187 0.993948 1.37543 0 0 0 1 
2318808360245;0.161157;0.00886139;0.999083 -0.0424114 0.00578575 0.245462 0.0425701 0.998618 -0.030818 -0.32887 -0.00447072 0.0310361 0.999508 -0.427063 0 0 0 1 
2318808360246;0.48133;0.00819039;0.946441 -0.00735494 0.322792 0.0444552 -0.0541347 0.981974 0.1811 -0.25461 -0.318305 -0.188875 0.928982 2.63947 0 0 0 1 
2318808360248;0.277285;0.0121179;0.9999 -0.0118959 -0.00759616 0.0433586 0.0121635 0.99927 0.0362181 0.26724 0.00715977 -0.0363069 0.999315 0.561923 0 0 0 1 
2318808360249;0.346523;0.0617002;0.942286 0.306528 0.134673 0.0064084 -0.325001 0.934069 0.147951 1.39827 -0.0804425 -0.183181 0.979783 0.742447 0 0 0 1 
2318808360250;0.347649;0.0128198;0.962488 -0.191703 0.19201 0.0525411 0.200135 0.97944 -0.0253439 -1.63346 -0.183204 0.0628211 0.981066 1.22419 0 0 0 1 
2318808360251;0.136295;0.0131957;0.997129 0.0323918 -0.0684423 0.0406902 -0.0221559 0.989133 0.145342 -0.044089 0.0724065 -0.143408 0.987011 -0.514522 0 0 0 1 
2318808360252;0.263745;0.222627;0.99905 -0.0406994 -0.0156064 0.0377123 0.0408535 0.999118 0.00968721 -0.315661 0.0151984 -0.0103156 0.999831 -0.0413346 0 0 0 1 
2318808360253;0.38952;0.011986;0.943946 -0.325089 0.0573029 -0.306453 0.324611 0.945682 0.0177251 -1.82939 -0.0599525 0.00186954 0.998199 0.33901 0 0 0 1 
2318808360254;0.304973;0.0107182;0.99412 -0.108095 0.00638506 0.65957 0.107902 0.993839 0.0253321 -0.443202 -0.009084 -0.0244942 0.999659 -0.406491 0 0 0 1 
2318808360255;0.467336;0.21192;0.988876 -0.142401 -0.0429686 0.0684984 0.141027 0.989439 -0.0334837 -0.789524 0.0472829 0.0270515 0.998515 0.474195 0 0 0 1 
2318808360256;0.501332;0.279049;0.997731 0.0673206 -0.000407476 -0.202029 -0.0657798 0.976148 0.206903 -0.280982 0.0143266 -0.206406 0.978361 0.0228217 0 0 0 1 
2318808360257;0.448145;0.0989074;0.923547 0.342911 0.171676 0.632292 -0.353503 0.934796 0.0345125 1.39535 -0.148647 -0.0925619 0.984549 0.651949 0 0 0 1 
2318808360258;0.160463;0.0126542;0.987004 -0.120558 -0.106249 0.333356 0.12405 0.991912 0.026871 -0.660183 0.10215 -0.039702 0.993976 -0.69321 0 0 0 1 
2318808360259;0.461634;0.0843753;0.917379 0.353107 -0.18366 0.095253 -0.326538 0.93155 0.15996 2.2235 0.227571 -0.0867723 0.969888 -1.08228 0 0 0 1 
