#;prob_registration_l1 -r /home/probabilistic_point_clouds_registration/build/tester /home/point_clouds_registration_benchmark//devel/registration_pairs/wood_autumn_local.txt /home/point_clouds_registration_benchmark//eth/wood_autumn -s 0.2 -t 0.2 -p 0.3 -r 1000 -m 5 -i 40 
id;initial_error;final_error;transformation
26875431820000;0.498992;0.51451;0.991776 0.100506 -0.0792455 0.518821 -0.101768 0.994735 -0.0120459 0.45947 0.0776176 0.0200115 0.996782 -0.639768 0 0 0 1 
26875431820001;0.336145;0.0220262;0.909979 0.324284 -0.258415 0.717733 -0.291789 0.943578 0.15659 0.874935 0.294614 -0.067091 0.953258 -0.775657 0 0 0 1 
26875431820002;0.60541;0.181672;0.953812 0.215188 -0.20961 0.604515 -0.207913 0.976519 0.0564176 0.653895 0.216829 -0.0102311 0.976156 -1.32052 0 0 0 1 
26875431820003;0.366204;0.0296362;0.993449 0.101662 -0.05219 -0.160164 -0.0993308 0.994015 0.0454798 -0.109263 0.0565012 -0.0399977 0.997601 -0.528265 0 0 0 1 
26875431820004;0.698046;0.0330075;0.955451 -0.295151 -0.000334783 0.849568 0.294999 0.954923 0.0331425 -1.2706 -0.00946234 -0.0317648 0.999451 0.4153 0 0 0 1 
26875431820005;0.325213;0.0278476;0.920137 -0.241092 0.308582 -0.370669 0.273372 0.959686 -0.065355 -0.699405 -0.280386 0.144493 0.94895 0.98686 0 0 0 1 
26875431820006;0.554876;0.0327021;0.999992 0.000939832 0.00383636 -0.277541 -0.000932861 0.999998 -0.00181857 0.711004 -0.00383806 0.00181498 0.999991 0.561806 0 0 0 1 
26875431820007;0.383756;0.0490346;0.989452 -0.0386871 -0.139597 0.202948 0.09236 0.910879 0.402206 -0.723678 0.111595 -0.410857 0.904844 -0.390132 0 0 0 1 
26875431820008;0.203498;0.0326225;0.96665 0.0518702 -0.250794 0.105723 -0.0295086 0.995311 0.0921174 0.106271 0.254396 -0.0816447 0.963648 -0.975657 0 0 0 1 
26875431820009;0.180609;0.0386416;0.979109 -0.153382 -0.133492 0.0944121 0.15 0.988063 -0.0350942 -0.340059 0.137281 0.0143372 0.990428 -0.383625 0 0 0 1 
26875431820010;0.462102;0.0307622;0.960046 -0.140224 -0.242177 0.719698 0.146709 0.98914 0.00886311 -0.736798 0.238304 -0.0440386 0.970192 -0.93864 0 0 0 1 
26875431820011;0.575398;0.32889;0.98232 0.0491106 0.180651 0.242721 -0.0592879 0.996918 0.0513726 0.171986 -0.177572 -0.0611748 0.982205 1.10416 0 0 0 1 
26875431820012;0.688058;0.101683;0.95842 0.257187 -0.123635 0.433304 -0.203309 0.919443 0.336587 -0.474143 0.200241 -0.297455 0.933501 -0.743537 0 0 0 1 
26875431820013;0.421251;0.345181;0.997794 -0.06612 0.00596738 -0.0913953 0.0661427 0.997803 -0.00369268 -0.259042 -0.00571012 0.00407923 0.999975 -0.188056 0 0 0 1 
26875431820014;0.330264;0.0266545;0.952133 -0.298397 0.0663527 -0.42462 0.299051 0.954237 8.1067e-05 -1.12338 -0.0633404 0.0197656 0.997796 0.165674 0 0 0 1 
26875431820015;0.226693;0.175479;0.999077 0.0404692 0.0143972 -0.0150738 -0.0396692 0.997855 -0.0520795 0.24154 -0.016474 0.0514603 0.998539 0.153932 0 0 0 1 
26875431820016;0.538469;0.314705;0.985408 -0.0349721 0.166575 0.61947 0.0316762 0.999247 0.0224034 0.288786 -0.167233 -0.0168001 0.985774 0.418519 0 0 0 1 
26875431820017;0.524419;0.0303555;0.98308 -0.160295 -0.0886548 -0.021568 0.143386 0.974581 -0.17214 -0.416486 0.113994 0.156515 0.981075 0.549913 0 0 0 1 
26875431820018;0.579586;0.0314265;0.979376 0.0406649 -0.197911 0.393913 -0.0633385 0.991954 -0.109618 -0.039071 0.191861 0.119893 0.974071 0.347977 0 0 0 1 
26875431820019;0.351798;0.0257718;0.978585 0.0941353 -0.183055 0.265668 -0.0970428 0.995256 -0.00697036 0.586049 0.181531 0.0245853 0.983078 -0.948671 0 0 0 1 
26875431820020;0.0809749;0.0331376;0.994691 -0.102457 0.00966284 -0.0996853 0.10264 0.9945 -0.0208489 -0.306001 -0.00747358 0.02173 0.999736 0.0166168 0 0 0 1 
26875431820021;0.644904;0.0324159;0.946589 0.0879427 -0.310219 1.17232 -0.00691245 0.967402 0.253152 0.0890333 0.322369 -0.237487 0.91634 -0.647716 0 0 0 1 
26875431820022;0.0317767;0.0286014;0.999469 0.0307718 0.0106877 -0.0228735 -0.0307152 0.999514 -0.0054164 0.129269 -0.0108492 0.00508525 0.999928 0.0631324 0 0 0 1 
26875431820023;0.284901;0.0351691;0.997473 -0.0709993 0.00239475 0.361265 0.0709294 0.997237 0.0220943 -0.297017 -0.00395681 -0.0218686 0.999753 -0.020234 0 0 0 1 
26875431820024;0.398113;0.0278465;0.997235 0.00516813 -0.0741371 0.348915 -0.00643441 0.999837 -0.0168515 0.456814 0.074038 0.0172819 0.997106 -0.565778 0 0 0 1 
26875431820025;0.5828;0.320344;0.979771 -0.193388 -0.05147 0.180771 0.193724 0.981055 0.0015645 -0.920255 0.0501923 -0.0115038 0.998673 0.435154 0 0 0 1 
26875431820026;0.630426;0.0242485;0.980734 0.194991 0.0117731 -0.272633 -0.195023 0.980797 0.00164543 0.514688 -0.0112262 -0.00390975 0.999929 0.93866 0 0 0 1 
26875431820027;0.464713;0.0270772;0.994222 0.107251 0.00440173 0.223347 -0.107341 0.993224 0.0445531 0.473048 0.000406471 -0.0447682 0.998997 0.678357 0 0 0 1 
26875431820028;0.337162;0.0245585;0.99993 -0.0116896 -0.00183447 -0.445928 0.0117584 0.998984 0.0434953 -0.348541 0.00132416 -0.0435139 0.999052 0.22785 0 0 0 1 
26875431820029;0.206492;0.0293687;0.999599 0.00959211 0.026656 -0.321488 -0.0078873 0.997961 -0.0633408 -0.0887587 -0.0272092 0.0631051 0.997636 0.237336 0 0 0 1 
26875431820031;0.22611;0.00500806;0.971677 0.101753 0.213283 -0.187889 -0.123016 0.988416 0.0888848 0.407091 -0.201768 -0.112604 0.972939 0.908194 0 0 0 1 
26875431820032;0.537519;0.338688;0.976706 -0.139648 -0.16292 0.571925 0.139536 0.990142 -0.0121853 -0.61177 0.163016 -0.0108318 0.986564 -0.67954 0 0 0 1 
26875431820033;0.515263;0.00913801;0.996894 0.0300497 -0.0727979 -0.119839 -0.00953992 0.963615 0.267123 -0.744707 0.0781762 -0.265599 0.960909 -1.01853 0 0 0 1 
26875431820034;0.18246;0.0109601;0.99439 0.0150457 -0.104701 -0.192141 -0.0138211 0.999827 0.0124118 0.0313868 0.10487 -0.0108951 0.994426 -0.302385 0 0 0 1 
26875431820035;0.31218;0.0434088;0.947051 0.174871 0.269286 0.0621666 -0.211197 0.970981 0.112214 0.671698 -0.241849 -0.163145 0.9565 1.40365 0 0 0 1 
26875431820036;0.352511;0.0113992;0.958933 -0.271552 0.0818948 -0.00792086 0.283629 0.916639 -0.281652 -0.909334 0.00141513 0.293313 0.956016 -0.231584 0 0 0 1 
26875431820037;0.447509;0.0129541;0.997053 -0.0766837 -0.00226622 0.308173 0.0766883 0.997053 0.00203103 -0.77523 0.00210379 -0.00219884 0.999995 -0.77341 0 0 0 1 
26875431820038;0.350569;0.0131344;0.984398 -0.169837 -0.04599 0.225545 0.145786 0.933615 -0.327277 -0.122313 0.0985207 0.315466 0.943809 -0.867093 0 0 0 1 
26875431820039;0.337073;0.007912;0.971654 -0.214646 0.0990765 0.0559192 0.179341 0.942308 0.282654 -1.18579 -0.154031 -0.256873 0.954092 1.27069 0 0 0 1 
26875431820040;0.229197;0.0138262;0.982298 -0.185844 -0.0235153 0.216223 0.175894 0.958239 -0.225476 -0.479902 0.0644365 0.217348 0.973965 -0.348294 0 0 0 1 
26875431820041;0.10838;0.00726847;0.997841 0.0654678 0.00522757 -0.048781 -0.0654698 0.997855 0.000202991 0.191724 -0.00520306 -0.0005448 0.999986 0.174195 0 0 0 1 
26875431820042;0.455772;0.144478;0.924736 -0.364543 0.109411 0.392092 0.377434 0.915366 -0.140174 -1.90661 -0.0490514 0.17092 0.984063 0.542939 0 0 0 1 
26875431820043;0.274946;0.0108206;0.978387 0.110368 0.174867 -0.178666 -0.132153 0.984151 0.118246 0.302655 -0.159045 -0.1388 0.977466 1.12523 0 0 0 1 
26875431820044;0.287192;0.00925136;0.999262 0.00382151 0.0382138 0.0603006 -0.0034282 0.999941 -0.0103526 0.592091 -0.0382511 0.010214 0.999216 0.279768 0 0 0 1 
26875431820045;0.572084;0.00663108;0.985344 0.0713533 -0.154939 0.704083 -0.00850183 0.927723 0.373172 -0.86005 0.170367 -0.366386 0.914733 -1.15058 0 0 0 1 
26875431820046;0.148614;0.00797049;0.997743 -0.0627311 -0.0239653 0.0439153 0.0662468 0.977896 0.198319 -0.563528 0.0109947 -0.199459 0.979844 0.0435153 0 0 0 1 
26875431820047;0.191966;0.0113199;0.988994 0.147709 0.00852947 -0.0814683 -0.144318 0.975779 -0.164402 0.872448 -0.0326066 0.161362 0.986356 0.292795 0 0 0 1 
26875431820048;0.552949;0.0292261;0.914649 0.393084 0.0943549 -0.0680026 -0.376483 0.913308 -0.155338 1.91339 -0.147236 0.106557 0.983345 -0.104246 0 0 0 1 
26875431820049;0.452544;0.0486614;0.919272 0.349108 0.18183 -0.0039096 -0.346594 0.936863 -0.0464787 1.31896 -0.186576 -0.0202946 0.982231 1.21631 0 0 0 1 
26875431820050;0.381287;0.0090213;0.956851 0.236564 0.168743 -0.106833 -0.244777 0.969135 0.029349 0.883534 -0.156592 -0.069387 0.985223 1.28639 0 0 0 1 
26875431820051;0.357531;0.0112554;0.97288 -0.075114 -0.218775 0.717225 0.0672504 0.996801 -0.0431823 -0.114932 0.221319 0.0272985 0.974819 -0.610458 0 0 0 1 
26875431820052;0.469273;0.0112098;0.964287 0.147233 -0.220166 0.512342 -0.205514 0.940296 -0.271306 1.88387 0.167076 0.306864 0.936974 -1.04504 0 0 0 1 
26875431820053;0.393672;0.00778746;0.992871 0.029864 0.115393 0.69003 -0.0484797 0.985589 0.162059 -0.035157 -0.10889 -0.166498 0.980011 0.553361 0 0 0 1 
26875431820054;0.384531;0.0128781;0.930923 0.228231 -0.28512 0.698221 -0.149864 0.950652 0.271664 0.374529 0.333052 -0.210169 0.919187 -1.41225 0 0 0 1 
26875431820055;0.28566;0.00983466;0.979847 -0.191095 -0.0581624 0.47299 0.193797 0.98001 0.0449743 -1.15193 0.0484053 -0.0553396 0.997294 0.115933 0 0 0 1 
26875431820056;0.596591;0.0094709;0.919479 -0.288946 0.266589 -0.0234834 0.332576 0.93329 -0.135513 -1.31659 -0.209649 0.213262 0.954236 0.0643971 0 0 0 1 
26875431820057;0.446113;0.321578;0.98598 -0.141264 0.0888174 0.276878 0.143129 0.989591 -0.0149631 -0.80718 -0.0857791 0.0274657 0.995936 0.55983 0 0 0 1 
26875431820058;0.224686;0.00571419;0.999541 -0.0106574 -0.0283631 -0.116599 0.0131146 0.996042 0.0879058 -0.20716 0.027314 -0.0882374 0.995725 0.334084 0 0 0 1 
26875431820059;0.444316;0.0116661;0.954369 -0.172971 0.243436 -0.492067 0.174797 0.984501 0.0142494 -0.646361 -0.242128 0.0289528 0.969812 0.772544 0 0 0 1 
26875431820060;0.410765;0.0151685;0.98605 0.0911241 0.139288 0.307814 -0.135999 0.923541 0.358574 0.344704 -0.0959632 -0.372515 0.923051 1.17256 0 0 0 1 
26875431820062;0.368904;0.0152098;0.953378 0.181533 0.241072 0.451665 -0.230863 0.953201 0.195218 0.508362 -0.194351 -0.241772 0.95067 0.388567 0 0 0 1 
26875431820063;0.231158;0.0161671;0.955545 -0.0736352 -0.285504 0.448748 0.114352 0.985074 0.128659 -0.614019 0.271769 -0.155587 0.949702 -1.12382 0 0 0 1 
26875431820064;0.204838;0.0146185;0.997765 -0.00755244 0.0663855 0.0809505 -0.00144083 0.990928 0.13439 0.271584 -0.0667982 -0.134185 0.988702 0.100464 0 0 0 1 
26875431820065;0.171053;0.0161481;0.998201 0.0554728 0.0227335 -0.087534 -0.0546267 0.997847 -0.0362891 -0.0138685 -0.0246977 0.034982 0.999083 0.0174425 0 0 0 1 
26875431820066;0.341828;0.0103553;0.885994 0.45968 -0.0609059 0.891192 -0.457154 0.887912 0.0512133 1.87126 0.0776208 -0.0175313 0.996829 -0.305501 0 0 0 1 
26875431820067;0.359104;0.0101741;0.999749 0.0109588 -0.0195599 -0.210644 -0.0108883 0.999934 0.00370833 0.360145 0.0195993 -0.00349442 0.999802 0.595548 0 0 0 1 
26875431820068;0.231956;0.00976902;0.999775 -0.0209294 0.00351846 0.0440671 0.0209075 0.999763 0.00612633 -0.109233 -0.00364585 -0.00605139 0.999975 0.525413 0 0 0 1 
26875431820069;0.168442;0.012232;0.984258 -0.154791 0.0853028 0.0696073 0.157496 0.98718 -0.0259065 -0.762858 -0.0801991 0.0389335 0.996018 0.499803 0 0 0 1 
26875431820070;0.120851;0.0113554;0.98759 0.13348 -0.0827552 0.251695 -0.128389 0.989652 0.064076 0.497574 0.0904517 -0.0526559 0.994508 -0.42566 0 0 0 1 
26875431820071;0.559761;0.00872127;0.939932 -0.341054 0.014467 0.996835 0.340941 0.940034 0.00975033 -1.29508 -0.0169249 -0.00423226 0.999848 0.411189 0 0 0 1 
26875431820072;0.11141;0.0131303;0.998556 -0.053469 0.00520126 -0.157264 0.05367 0.997148 -0.0530522 -0.310041 -0.00234978 0.0532547 0.998578 0.00906663 0 0 0 1 
26875431820073;0.298534;0.00916688;0.952967 -0.303056 -0.00333844 0.254322 0.303075 0.952922 0.00925871 -1.53504 0.000375364 -0.00983504 0.999952 0.164776 0 0 0 1 
26875431820074;0.511902;0.0147694;0.944559 -0.238292 -0.225888 0.83957 0.187075 0.955952 -0.226182 -0.674716 0.269836 0.171384 0.947532 -1.67987 0 0 0 1 
26875431820075;0.368729;0.0139554;0.937939 -0.235437 0.254636 -0.195489 0.156216 0.942361 0.295892 -1.12966 -0.309623 -0.237751 0.920656 1.49303 0 0 0 1 
26875431820076;0.104083;0.0106167;0.999327 -0.0302035 -0.020818 -0.0123871 0.0284117 0.996263 -0.0815681 0.0792797 0.0232039 0.0809217 0.99645 0.019888 0 0 0 1 
26875431820077;0.334061;0.00993861;0.958299 0.281325 -0.0501968 0.469043 -0.277103 0.95772 0.0773692 1.29864 0.0698403 -0.0602331 0.995738 -0.782014 0 0 0 1 
26875431820078;0.46154;0.0134143;0.965478 0.259138 0.0264414 -0.225767 -0.251876 0.954634 -0.158849 1.55374 -0.0664057 0.146705 0.986949 -0.0861422 0 0 0 1 
26875431820079;0.388175;0.0133553;0.884929 -0.214895 0.413185 -0.232938 0.133954 0.967137 0.216109 -0.924257 -0.446047 -0.135894 0.884633 1.74319 0 0 0 1 
26875431820080;0.446652;0.0130246;0.96927 0.245281 0.0188039 0.230971 -0.244826 0.96928 -0.0235689 1.21562 -0.0240073 0.0182409 0.999545 -0.682321 0 0 0 1 
26875431820081;0.390076;0.0123786;0.918077 0.396384 -0.00371189 0.703996 -0.386573 0.893204 -0.22967 2.01018 -0.0877221 0.21229 0.973261 0.71646 0 0 0 1 
26875431820082;0.269988;0.0106825;0.991865 0.125595 -0.0207108 -0.117485 -0.120946 0.980594 0.154296 0.0826501 0.0396877 -0.150536 0.987808 -0.333317 0 0 0 1 
26875431820083;0.397996;0.011067;0.91746 -0.329131 0.22347 0.440482 0.327137 0.943808 0.0469938 -1.54378 -0.22638 0.0299904 0.973577 1.39587 0 0 0 1 
26875431820084;0.431462;0.0132486;0.984511 0.0917838 -0.149376 0.411587 -0.1361 0.937197 -0.321151 0.961881 0.110518 0.336507 0.935173 0.454013 0 0 0 1 
26875431820085;0.0561572;0.0125109;0.999277 -0.0379186 0.0028807 -0.0840245 0.0379222 0.99928 -0.00121906 -0.142736 -0.0028324 0.00132742 0.999995 0.0822495 0 0 0 1 
26875431820086;0.263745;0.0106121;0.97379 0.222827 0.0456281 0.339566 -0.224609 0.973686 0.0385406 0.609355 -0.0358396 -0.0477789 0.998215 -0.0623295 0 0 0 1 
26875431820087;0.254275;0.0131519;0.972612 -0.0885845 -0.214892 0.335472 0.127727 0.97612 0.175714 -0.799991 0.194195 -0.198349 0.960701 -1.15844 0 0 0 1 
26875431820088;0.2679;0.0124986;0.967431 0.252825 -0.0124861 0.467791 -0.253077 0.967079 -0.026647 1.27945 0.00533804 0.0289391 0.999567 -0.258307 0 0 0 1 
26875431820089;0.093436;0.0143072;0.999291 0.0336108 -0.0169432 0.0733536 -0.034342 0.998401 -0.044895 0.346085 0.0154071 0.0454451 0.998848 0.0339381 0 0 0 1 
26875431820090;0.279476;0.00879639;0.999269 0.037595 0.00698598 0.185527 -0.037413 0.998998 -0.0245746 -0.245181 -0.00790287 0.0242953 0.999674 0.452397 0 0 0 1 
26875431820091;0.394578;0.00632737;0.992772 0.119449 0.0116861 0.230462 -0.119515 0.99282 0.00506219 0.506232 -0.0109975 -0.00642226 0.999919 -0.762035 0 0 0 1 
26875431820093;0.345934;0.0173825;0.932817 -0.312634 -0.179198 2.63511 0.305252 0.949833 -0.0681151 -1.14486 0.191503 0.00883857 0.981452 -0.654386 0 0 0 1 
26875431820094;0.529735;0.0177904;0.940573 0.281955 0.189271 -2.55207 -0.269027 0.958788 -0.0913797 1.88834 -0.207236 0.0350304 0.977664 0.598528 0 0 0 1 
26875431820095;0.39088;0.0131109;0.961069 -0.0129765 -0.276005 0.342492 0.00717336 0.999732 -0.0220247 -0.145093 0.276216 0.0191874 0.960904 -0.834932 0 0 0 1 
26875431820096;0.29099;0.0133321;0.969264 0.154514 -0.19145 -0.450739 -0.193601 0.959208 -0.206004 1.22315 0.15181 0.236737 0.95964 -2.32884 0 0 0 1 
26875431820097;0.411668;0.0240425;0.959313 0.280872 0.0288151 -1.78279 -0.280542 0.959725 -0.0150014 2.38495 -0.0318681 0.0063072 0.999472 0.0826112 0 0 0 1 
26875431820098;0.305728;0.0147847;0.964253 -0.200392 0.173376 0.985094 0.209195 0.977286 -0.0338942 -0.897829 -0.162646 0.0689519 0.984272 0.187376 0 0 0 1 
26875431820099;0.324227;0.318312;0.999794 -0.0187237 -0.00784712 0.20515 0.0188034 0.999771 0.0102129 -0.0407366 0.0076541 -0.0103583 0.999917 0.0102708 0 0 0 1 
26875431820100;0.476247;0.0253505;0.972791 -0.230758 -0.0207041 1.93166 0.231099 0.972799 0.0159573 -0.506683 0.0164586 -0.0203078 0.999658 -0.567817 0 0 0 1 
26875431820101;0.325622;0.0116245;0.954675 0.253594 0.155839 -1.76808 -0.191347 0.923923 -0.331289 1.79667 -0.227996 0.286454 0.930571 -0.718446 0 0 0 1 
26875431820102;0.315339;0.017806;0.97514 0.221577 0.00255771 -1.20255 -0.218043 0.961516 -0.167163 1.23636 -0.0394987 0.16245 0.985926 -1.25029 0 0 0 1 
26875431820103;0.395286;0.0233285;0.996806 -0.0796726 0.00539709 0.337872 0.0797207 0.996773 -0.00937704 -0.333702 -0.00463258 0.00977736 0.999941 -0.796988 0 0 0 1 
26875431820104;0.491587;0.0239935;0.999 0.040376 0.0192104 0.412045 -0.0391616 0.997438 -0.0598698 0.603608 -0.0215784 0.0590576 0.998021 -0.858247 0 0 0 1 
26875431820105;0.296198;0.0175951;0.990915 -0.040682 0.12819 0.180462 0.0784438 0.949057 -0.305184 0.224668 -0.109244 0.312467 0.943626 -1.0358 0 0 0 1 
26875431820106;0.351999;0.0185119;0.953011 -0.290355 -0.0863928 1.95571 0.296821 0.952006 0.0747067 -1.70534 0.060555 -0.0968395 0.993456 0.449912 0 0 0 1 
26875431820107;0.398745;0.313277;0.990834 0.115791 0.0695772 -1.11499 -0.107998 0.988386 -0.106908 1.00297 -0.0811481 0.0984135 0.991832 -0.124667 0 0 0 1 
26875431820108;0.476963;0.0238289;0.963886 0.255648 0.0746146 -1.74029 -0.260307 0.963583 0.0612261 2.31757 -0.056245 -0.0784377 0.995331 1.05714 0 0 0 1 
26875431820109;0.419848;0.388912;0.999522 -0.0198696 -0.0236714 0.231864 0.0203893 0.999552 0.0219202 -0.100616 0.0232253 -0.0223923 0.999479 0.170371 0 0 0 1 
26875431820110;0.205033;0.0240939;0.996534 0.01604 0.0816261 -0.00633072 -0.00943246 0.996694 -0.0807002 0.401209 -0.0826506 0.0796506 0.99339 -0.216809 0 0 0 1 
26875431820111;0.333895;0.0201725;0.986641 -0.162838 0.00475957 1.30271 0.162907 0.9863 -0.0259492 -0.584099 -0.000468863 0.0263779 0.999652 0.378398 0 0 0 1 
26875431820112;0.392948;0.399466;0.989594 -0.0899779 -0.112287 1.00338 0.0940216 0.99508 0.031241 -0.473041 0.108924 -0.0414733 0.993185 -0.0846165 0 0 0 1 
26875431820113;0.35267;0.0192723;0.943939 -0.163232 0.286941 0.87581 0.238295 0.938451 -0.250053 -0.423032 -0.228463 0.304411 0.924737 -0.77235 0 0 0 1 
26875431820114;0.433722;0.37541;0.998669 -0.0320311 0.0404179 0.235628 0.0326866 0.999343 -0.0156632 0.0329974 -0.0398896 0.0169634 0.99906 0.0187962 0 0 0 1 
26875431820115;0.334392;0.0254168;0.974087 -0.222403 0.0411376 1.9085 0.197641 0.925432 0.323286 -0.863257 -0.10997 -0.306778 0.945407 2.49707 0 0 0 1 
26875431820116;0.39563;0.0185496;0.952829 -0.253102 0.1675 2.36842 0.260091 0.96536 -0.0208226 -1.34072 -0.156428 0.0634057 0.985652 0.48519 0 0 0 1 
26875431820117;0.505945;0.0176777;0.967559 0.2525 -0.00862643 -2.16407 -0.252592 0.966073 -0.0538592 0.898121 -0.00526567 0.0542909 0.998511 -0.573622 0 0 0 1 
26875431820118;0.542637;0.484461;0.996986 -0.00496472 0.0774192 -0.0604287 0.00228374 0.999396 0.0346796 -0.119811 -0.0775446 -0.0343983 0.996395 0.596384 0 0 0 1 
26875431820119;0.33961;0.26651;0.998193 0.000250308 -0.0600824 0.071606 -0.000773174 0.999962 -0.0086794 -0.0622381 0.0600779 0.00871017 0.998156 -0.175488 0 0 0 1 
26875431820120;0.431883;0.0242701;0.9877 0.134126 -0.0803667 -0.146588 -0.0949992 0.923 0.372889 0.408637 0.124193 -0.360668 0.924389 1.85592 0 0 0 1 
26875431820121;0.296141;0.0177783;0.934671 -0.352272 -0.0478986 2.73601 0.350901 0.935766 -0.0347996 -1.40361 0.0570808 0.0157185 0.998246 -0.582142 0 0 0 1 
26875431820122;0.699318;0.0182036;0.901315 0.0511741 0.430131 -1.1848 -0.0834884 0.994901 0.0565785 -0.139814 -0.425042 -0.0869059 0.900992 3.2449 0 0 0 1 
26875431820124;0.463953;0.0216141;0.980667 0.0761667 -0.18025 -0.136635 -0.107858 0.978974 -0.173136 1.1866 0.163272 0.18923 0.968263 -3.2092 0 0 0 1 
26875431820125;0.172503;0.0301199;0.972831 0.227847 -0.0410649 -1.8659 -0.226775 0.97351 0.0291828 1.37235 0.0466263 -0.0190774 0.99873 -0.0759967 0 0 0 1 
26875431820126;0.469661;0.020959;0.999957 -0.00495757 -0.00788363 -0.431831 0.00453384 0.99859 -0.0528861 0.488851 0.00813471 0.0528481 0.998569 0.0819828 0 0 0 1 
26875431820127;0.198437;0.0260863;0.996457 -0.083613 -0.00902824 0.689262 0.0835729 0.99649 -0.00473093 -0.0829924 0.00939212 0.00395966 0.999948 -0.0971456 0 0 0 1 
26875431820128;0.38452;0.0240419;0.948619 -0.316398 -0.00369594 3.2188 0.316381 0.948622 -0.00446946 -0.925807 0.00492018 0.00307049 0.999983 -0.471087 0 0 0 1 
26875431820129;0.474436;0.0399711;0.93667 -0.339538 0.0858054 3.43779 0.347853 0.930395 -0.115602 -1.19897 -0.0405816 0.138129 0.989583 -1.65053 0 0 0 1 
26875431820130;0.313572;0.0259618;0.99476 -0.101858 -0.00875219 0.83693 0.101621 0.994527 -0.0242777 -0.550144 0.0111772 0.0232611 0.999667 -0.829316 0 0 0 1 
26875431820131;0.549583;0.0211488;0.992183 0.121556 -0.0282301 -1.6263 -0.117585 0.986415 0.114717 0.443934 0.0417911 -0.110501 0.992997 1.56027 0 0 0 1 
26875431820132;0.557397;0.522658;0.999826 0.0168211 0.00806246 -0.1611 -0.0164385 0.998835 -0.0453764 0.125703 -0.00881634 0.045236 0.998937 -0.182628 0 0 0 1 
26875431820133;0.523064;0.240455;0.998834 -0.0173739 0.0450384 0.170317 0.0106604 0.989341 0.145227 -0.250651 -0.0470815 -0.144577 0.988373 2.19245 0 0 0 1 
26875431820134;0.28355;0.0259353;0.980401 0.194027 0.0341541 -1.89377 -0.193962 0.980995 -0.00524903 1.41403 -0.0345234 -0.00147842 0.999403 -0.0471528 0 0 0 1 
26875431820135;0.398345;0.0253768;0.981202 -0.0432902 -0.188064 0.457501 0.0729354 0.985422 0.153699 -0.555471 0.178669 -0.164526 0.970056 1.15171 0 0 0 1 
26875431820136;0.188337;0.03557;0.99661 0.0673154 0.0472979 -0.804267 -0.066455 0.997598 -0.0195352 0.642898 -0.0484993 0.0163258 0.99869 0.122004 0 0 0 1 
26875431820137;0.314888;0.0205203;0.93726 -0.0174506 0.348195 -0.0825056 0.0427755 0.996956 -0.0651772 -0.184816 -0.345997 0.0759822 0.935154 1.30185 0 0 0 1 
26875431820138;0.521003;0.0179876;0.999702 0.0221584 0.0102271 -0.530005 -0.0221373 0.999753 -0.00217927 -0.341126 -0.0102728 0.00195222 0.999945 0.856001 0 0 0 1 
26875431820139;0.534563;0.0262199;0.96424 -0.21558 -0.154164 2.93163 0.195539 0.971324 -0.135259 -1.20086 0.178902 0.100277 0.978743 -1.70444 0 0 0 1 
26875431820140;0.635129;0.0366294;0.931727 0.120475 -0.342593 0.366093 -0.113862 0.992714 0.0394314 1.22688 0.344848 0.00226898 0.938656 -1.60336 0 0 0 1 
26875431820141;0.451247;0.0359508;0.939018 -0.341762 -0.0380045 3.34151 0.339509 0.903893 0.260213 -1.58864 -0.0545789 -0.257248 0.964803 3.03381 0 0 0 1 
26875431820142;0.45211;0.0270393;0.966105 0.0535683 -0.252529 -0.660828 -0.0789432 0.992676 -0.0914409 0.793094 0.245781 0.108277 0.963259 -1.78387 0 0 0 1 
26875431820143;0.371493;0.334857;0.998563 0.0194331 0.0499469 -0.158175 -0.0212741 0.999104 0.0365965 -0.0546552 -0.049191 -0.0376065 0.998081 0.612008 0 0 0 1 
26875431820144;0.382734;0.0234896;0.975024 0.0138907 0.221663 -0.221798 0.0634526 0.939022 -0.337952 0.900855 -0.212841 0.343576 0.914688 -1.94396 0 0 0 1 
26875431820145;0.502979;0.0383912;0.969396 0.24053 0.0491671 -2.28286 -0.23911 0.970429 -0.0330635 2.06643 -0.055666 0.0202953 0.998243 -0.504219 0 0 0 1 
26875431820146;0.275674;0.0311739;0.957164 0.288602 0.0233646 -2.162 -0.289546 0.954184 0.0754697 1.95836 -0.000513399 -0.079002 0.996874 0.53808 0 0 0 1 
26875431820147;0.238197;0.0194824;0.990864 0.0448621 -0.127181 -0.00708195 -0.0591617 0.992059 -0.110987 0.6808 0.121192 0.117498 0.98565 -1.50643 0 0 0 1 
26875431820148;0.24302;0.021206;0.985594 -0.131611 0.106224 1.00334 0.148959 0.972937 -0.176647 -0.669383 -0.0801009 0.189925 0.978526 -1.42318 0 0 0 1 
26875431820149;0.23664;0.0356562;0.943469 -0.323872 0.070526 3.02935 0.328897 0.94115 -0.0778715 -1.24564 -0.0411552 0.0966652 0.994466 -0.642414 0 0 0 1 
26875431820150;0.324251;0.0307832;0.985113 -0.168734 -0.0328777 1.58061 0.164707 0.981202 -0.100571 -0.808368 0.0492294 0.0936586 0.994387 -0.576254 0 0 0 1 
26875431820151;0.348638;0.035558;0.959154 -0.181521 -0.216965 2.12333 0.231965 0.943673 0.235953 -1.24271 0.161914 -0.276644 0.947234 1.80107 0 0 0 1 
26875431820152;0.39459;0.0272138;0.994164 -0.0789263 0.073544 0.394182 0.0832887 0.994821 -0.0582649 -0.200283 -0.0685644 0.0640502 0.995589 -0.871733 0 0 0 1 
26875431820153;0.461448;0.0266472;0.961173 0.272553 -0.0431357 -2.03433 -0.270617 0.961597 0.0458108 1.64174 0.053965 -0.0323589 0.998018 -0.727427 0 0 0 1 
26875431820155;0.281618;0.0151031;0.997551 0.0451065 -0.0534513 0.449582 -0.0460966 0.998785 -0.0174384 0.0847232 0.0525998 0.0198596 0.998418 -0.0652051 0 0 0 1 
26875431820156;0.544215;0.018773;0.980299 0.19436 -0.0351858 -0.0737078 -0.193749 0.980846 0.0200469 0.171285 0.0384082 -0.0128348 0.99918 0.698386 0 0 0 1 
26875431820157;0.2633;0.0171346;0.982845 -0.184399 0.00342456 0.0685301 0.179315 0.951077 -0.251593 -0.102051 0.0431365 0.247891 0.967827 -0.0928552 0 0 0 1 
26875431820158;0.308459;0.24497;0.998264 0.0585695 -0.00628437 0.0636986 -0.058502 0.998233 0.0104364 0.228076 0.00688452 -0.0100507 0.999926 0.105983 0 0 0 1 
26875431820159;0.600497;0.0104935;0.997924 0.0531279 0.0364076 0.756372 -0.0475575 0.989047 -0.13973 0.036525 -0.0434323 0.137708 0.98952 0.592072 0 0 0 1 
26875431820160;0.450407;0.194894;0.932927 -0.177832 0.313086 -0.099318 0.213896 0.973187 -0.0845938 -0.314739 -0.289647 0.145888 0.94595 0.701084 0 0 0 1 
26875431820161;0.500041;0.0145374;0.973821 -0.22529 -0.0302788 -0.274769 0.223677 0.973432 -0.0489759 -0.598349 0.0405082 0.0409211 0.998341 0.514253 0 0 0 1 
26875431820162;0.266888;0.194222;0.999532 0.0244612 0.0183576 -0.0410884 -0.0240912 0.999507 -0.0201136 0.003612 -0.0188405 0.0196619 0.999629 0.157219 0 0 0 1 
26875431820163;0.112835;0.00809364;0.992576 -0.00743147 0.121397 -0.025078 0.00216489 0.999053 0.0434576 0.00742197 -0.121605 -0.0428721 0.991652 0.411135 0 0 0 1 
26875431820164;0.259006;0.0129384;0.982227 -0.186852 -0.0178068 0.0372271 0.187217 0.98208 0.0216578 -0.644839 0.0134409 -0.0246066 0.999607 -0.246 0 0 0 1 
26875431820165;0.440579;0.296351;0.982634 0.171465 -0.0709292 0.145888 -0.162147 0.979313 0.121057 0.417312 0.090219 -0.107454 0.990108 -0.465054 0 0 0 1 
26875431820166;0.350624;0.314005;0.999238 -0.0233468 -0.031274 -0.0231325 0.0228776 0.999622 -0.015277 -0.0057813 0.0316189 0.0145498 0.999394 -0.072242 0 0 0 1 
26875431820167;0.350308;0.166032;0.996375 -0.0844064 0.010604 0.462685 0.0850472 0.991218 -0.101265 -0.0884786 -0.00196343 0.1018 0.994803 0.0441786 0 0 0 1 
26875431820168;0.226339;0.0140716;0.983611 -0.062969 -0.168951 0.337103 0.0545357 0.997045 -0.0541041 -0.270738 0.171858 0.0440035 0.984138 -0.428678 0 0 0 1 
26875431820169;0.436398;0.0118218;0.99887 -0.0474128 -0.00321557 0.237779 0.0474169 0.998874 0.00123204 0.226316 0.00315354 -0.00138312 0.999994 0.561626 0 0 0 1 
26875431820170;0.561995;0.0141705;0.975496 0.0322208 0.217647 -0.492663 -0.0141458 0.996357 -0.0841008 -0.469782 -0.219564 0.0789611 0.972398 0.00601262 0 0 0 1 
26875431820171;0.275385;0.0134874;0.997546 0.0665452 0.0217428 -0.0694435 -0.0668074 0.997699 0.011567 0.152995 -0.020923 -0.0129912 0.999697 0.493093 0 0 0 1 
26875431820172;0.126727;0.0131808;0.999846 -0.00667366 0.0162232 -0.0213447 0.008131 0.995773 -0.0914928 0.0278589 -0.015544 0.0916106 0.995674 0.205269 0 0 0 1 
26875431820173;0.248339;0.0142111;0.98743 -0.110419 0.113088 -0.117068 0.107115 0.993634 0.0349087 0.0375059 -0.116223 -0.0223565 0.992971 0.373432 0 0 0 1 
26875431820174;0.442063;0.070326;0.939185 -0.167069 0.300031 -0.269134 0.153081 0.985751 0.0697148 -0.587102 -0.307404 -0.019546 0.951378 0.530926 0 0 0 1 
26875431820175;0.573407;0.213701;0.937989 0.186045 -0.292511 0.769888 -0.26193 0.933087 -0.246456 0.946769 0.227087 0.307791 0.923957 -0.87991 0 0 0 1 
26875431820176;0.270556;0.0188592;0.991107 0.130557 -0.0257249 -0.343056 -0.132954 0.979561 -0.150943 0.335183 0.00549244 0.153021 0.988208 0.000994859 0 0 0 1 
26875431820177;0.516211;0.02404;0.995225 0.0562653 -0.0797631 -0.482623 -0.0701528 0.98048 -0.183679 -0.25105 0.0678714 0.188397 0.979745 -0.0317211 0 0 0 1 
26875431820178;0.516876;0.257123;0.991525 -0.0703633 -0.109215 0.248383 0.0795209 0.993464 0.0818899 -0.309198 0.102739 -0.0898807 0.990639 0.393112 0 0 0 1 
26875431820179;0.506678;0.483961;0.998774 0.0471436 0.0151066 -0.0572822 -0.0473232 0.99881 0.0117615 0.135181 -0.0145341 -0.0124619 0.999817 -0.00880502 0 0 0 1 
26875431820180;0.166082;0.0194977;0.997118 -0.0110006 0.0750656 -0.211616 0.00444724 0.996206 0.0869162 0.0788533 -0.0757369 -0.0863319 0.993383 0.161235 0 0 0 1 
26875431820181;0.220973;0.165886;0.997246 -0.0692161 0.0266326 0.10885 0.0666643 0.993972 0.0870392 -0.324537 -0.0324966 -0.085024 0.995849 0.191159 0 0 0 1 
26875431820182;0.311591;0.0127658;0.999989 0.00435243 -0.00173537 0.476425 -0.0043695 0.999941 -0.00995631 0.0707078 0.00169193 0.00996378 0.999949 -0.0994317 0 0 0 1 
26875431820183;0.378261;0.243383;0.97631 0.197615 -0.0881311 0.0537505 -0.186703 0.975244 0.118498 0.58447 0.109366 -0.0992364 0.989035 -0.359692 0 0 0 1 
26875431820184;0.707951;0.118354;0.977469 -0.203836 0.0548261 -0.0906336 0.207672 0.975169 -0.0769328 -0.316144 -0.037783 0.0865853 0.995528 -0.844543 0 0 0 1 
26875431820186;0.0232744;0.0229452;0.999988 -0.00466394 0.00118522 -0.0058342 0.00465812 0.999977 0.00486268 -0.0580323 -0.00120787 -0.0048571 0.999987 0.0297736 0 0 0 1 
26875431820187;0.469951;0.0196387;0.997409 -0.051824 0.0498987 0.13706 0.0516414 0.998653 0.00494173 0.0463274 -0.0500876 -0.00235208 0.998742 -0.717221 0 0 0 1 
26875431820188;0.333415;0.263667;0.999617 0.0146668 0.0234551 0.0617146 -0.0141606 0.999666 -0.0216035 0.159912 -0.0237641 0.0212631 0.999491 -0.0189954 0 0 0 1 
26875431820189;0.215891;0.0260392;0.999551 -0.0202711 0.0220742 0.00150528 0.0236155 0.986232 -0.163673 0.315193 -0.0184525 0.164121 0.986268 0.0772636 0 0 0 1 
26875431820190;0.353199;0.0235211;0.999246 -0.0030661 -0.038709 0.132 0.00310928 0.999995 0.0010553 -0.0539177 0.0387056 -0.00117486 0.99925 0.583812 0 0 0 1 
26875431820191;0.375035;0.0544104;0.890222 0.105041 -0.443251 0.607978 -0.0688131 0.992894 0.0970903 -0.0335165 0.4503 -0.0559304 0.891124 -0.415445 0 0 0 1 
26875431820192;0.269163;0.0265106;0.998864 -0.0317443 0.0355515 -0.151119 0.0323253 0.999351 -0.0158899 0.345662 -0.035024 0.0170211 0.999242 0.244983 0 0 0 1 
26875431820193;0.42369;0.0927524;0.928802 -0.168552 0.330026 -0.207669 0.248264 0.944195 -0.216474 -0.0649954 -0.275122 0.282995 0.918815 0.527308 0 0 0 1 
26875431820194;0.276623;0.187668;0.996141 0.0596615 0.0643757 -0.115369 -0.0564517 0.997123 -0.0505789 0.152161 -0.0672082 0.0467496 0.996643 0.239538 0 0 0 1 
26875431820195;0.12753;0.0262243;0.997275 0.0736342 0.00454754 -0.184438 -0.0736995 0.997146 0.0164064 0.05656 -0.00332648 -0.0166969 0.999855 -0.117798 0 0 0 1 
26875431820196;0.182656;0.0263874;0.998321 -0.0579222 -0.000281184 -0.111911 0.0578809 0.99777 -0.0332421 -0.355594 0.00220602 0.03317 0.999447 -0.125941 0 0 0 1 
26875431820197;0.141522;0.0244342;0.999216 0.0342572 -0.0198302 -0.246701 -0.0335562 0.998835 0.0346647 0.0485231 0.0209946 -0.0339721 0.999202 -0.0768034 0 0 0 1 
26875431820198;0.296595;0.183522;0.997079 -0.0549593 -0.0530456 0.189882 0.0530893 0.997939 -0.0360411 0.09816 0.054917 0.0331197 0.997941 -0.264234 0 0 0 1 
26875431820199;0.374604;0.333082;0.997737 -0.0469355 -0.0481514 0.0414494 0.0485778 0.998257 0.0335212 -0.143236 0.0464941 -0.0357845 0.998277 0.0292114 0 0 0 1 
26875431820200;0.14975;0.0299875;0.998987 0.016443 -0.0418901 -0.213519 -0.0129457 0.996513 0.0824321 0.0428697 0.0430994 -0.0818062 0.995716 -0.00229611 0 0 0 1 
26875431820201;0.180431;0.0249785;0.995631 -0.0394602 -0.0846254 0.343563 0.0405742 0.999111 0.0114834 -0.164377 0.084097 -0.0148668 0.996347 -0.135596 0 0 0 1 
26875431820202;0.0568232;0.0222917;0.999529 -0.0298476 -0.00715773 -0.0134044 0.0294516 0.998305 -0.0501947 0.00485623 0.00864379 0.0499603 0.998714 -0.0381157 0 0 0 1 
26875431820203;0.370175;0.349649;0.999903 -0.0138729 -0.00105477 -0.0269545 0.0139002 0.999358 0.0330275 -0.04178 0.000595907 -0.033039 0.999454 -0.027972 0 0 0 1 
26875431820204;0.336699;0.319807;0.995616 0.0933338 -0.00617012 -0.0816194 -0.0934682 0.990171 -0.104042 0.478404 -0.00360117 0.104163 0.994554 0.016837 0 0 0 1 
26875431820205;0.579018;0.231583;0.984641 0.00940369 0.174339 0.410715 -0.019915 0.99808 0.0586411 -0.363862 -0.173453 -0.0612124 0.982938 -0.0705958 0 0 0 1 
26875431820206;0.454909;0.0213716;0.947337 0.0299941 0.31883 -0.228656 0.0450011 0.973256 -0.225271 -0.0537771 -0.31706 0.227756 0.920652 1.06728 0 0 0 1 
26875431820207;0.201469;0.158352;0.999742 0.0217236 0.00669962 -0.0228274 -0.0219233 0.999269 0.0313311 -0.0326107 -0.00601409 -0.0314699 0.999487 0.0694908 0 0 0 1 
26875431820208;0.418791;0.379389;0.999813 -0.0184991 0.00569203 -0.0617566 0.0180973 0.997787 0.0639812 -0.126304 -0.00686303 -0.0638662 0.997935 -0.0400588 0 0 0 1 
26875431820209;0.261543;0.246854;0.999463 -0.0327366 0.00157334 0.00725769 0.0327577 0.999333 -0.0161272 0.012306 -0.00104434 0.0161701 0.999869 0.0236061 0 0 0 1 
26875431820210;0.579052;0.465619;0.999476 -0.0323652 -0.000175199 -0.159211 0.032345 0.99863 0.0411426 -0.183369 -0.00115663 -0.0411268 0.999153 -0.0265015 0 0 0 1 
26875431820211;0.254845;0.0258559;0.973422 -0.227483 -0.0264746 0.251705 0.227471 0.973779 -0.00352768 -0.426478 0.0265829 -0.00258829 0.999643 0.236454 0 0 0 1 
26875431820212;0.320883;0.027372;0.964696 -0.12273 0.233022 0.0195108 0.149154 0.983813 -0.0993253 -0.25315 -0.217059 0.130575 0.967386 0.722329 0 0 0 1 
26875431820213;0.233658;0.0314027;0.998705 -0.0502575 0.0078597 -0.116527 0.0508167 0.992674 -0.109617 -0.0296515 -0.00229306 0.109874 0.993943 -0.400603 0 0 0 1 
26875431820214;0.442932;0.0253328;0.981741 0.0411595 -0.185714 0.336168 -0.0864402 0.966215 -0.242809 0.553196 0.169446 0.254429 0.952131 0.252554 0 0 0 1 
26875431820215;0.292551;0.0279007;0.970165 0.0655836 0.233408 0.0239892 -0.0136012 0.975924 -0.217684 -0.157486 -0.242065 0.208015 0.9477 0.353575 0 0 0 1 
26875431820217;0.53888;0.00669618;0.945561 -0.264477 0.189647 1.03848 0.316675 0.882083 -0.34878 -0.670567 -0.0750405 0.389849 0.917816 -0.404283 0 0 0 1 
26875431820218;0.132212;0.0155472;0.999958 -0.00600188 -0.00690359 0.00296979 0.00580165 0.999572 -0.0286681 0.174205 0.0070727 0.0286268 0.999565 0.119551 0 0 0 1 
26875431820219;0.276971;0.0068891;0.991411 -0.0530249 0.119553 0.397714 0.055975 0.998202 -0.0214517 -0.62906 -0.1182 0.0279595 0.992596 0.365219 0 0 0 1 
26875431820220;0.346183;0.349729;0.997354 0.0631889 0.0359511 -0.107539 -0.0640349 0.997685 0.0228874 0.118807 -0.0344217 -0.0251289 0.999091 0.284913 0 0 0 1 
26875431820221;0.22686;0.00893302;0.999987 -0.00277755 0.00433246 0.421349 0.00277779 0.999996 -5.0765e-05 -0.0265501 -0.0043323 6.2799e-05 0.999991 -0.254794 0 0 0 1 
26875431820222;0.271182;0.252103;0.998579 0.032478 0.0422409 -0.121306 -0.0321458 0.999447 -0.00852099 0.116378 -0.0424942 0.00715102 0.999071 0.165567 0 0 0 1 
26875431820223;0.173034;0.0107874;0.999978 -0.00331263 0.00582291 -0.171439 0.00332542 0.999992 -0.00218872 -0.160666 -0.00581562 0.00220804 0.999981 -0.254652 0 0 0 1 
26875431820224;0.421446;0.012598;0.995548 0.0578867 0.0743818 -0.708594 -0.0626888 0.995983 0.0639342 -0.322327 -0.0703821 -0.0683125 0.995178 0.623109 0 0 0 1 
26875431820225;0.149136;0.0103752;0.983281 0.181868 -0.00912548 -0.135633 -0.180946 0.981465 0.0631304 0.79212 0.0204377 -0.0604236 0.997964 -0.0565378 0 0 0 1 
26875431820226;0.0692592;0.00753859;0.999402 -0.0340818 0.0058264 0.163041 0.0341728 0.999283 -0.0163206 -0.124992 -0.00526598 0.0165099 0.99985 -0.052748 0 0 0 1 
26875431820227;0.394953;0.221818;0.984553 0.156404 0.0786938 -0.386137 -0.163528 0.982037 0.0941364 0.317789 -0.0625569 -0.105551 0.992444 -0.0886697 0 0 0 1 
26875431820228;0.385763;0.0162324;0.999671 -0.0255065 0.00262996 -0.246576 0.0256416 0.994086 -0.10553 0.657577 7.72819e-05 0.105562 0.994413 0.131195 0 0 0 1 
26875431820229;0.236316;0.0126276;0.979406 -0.099175 0.175862 0.168377 0.0959663 0.995027 0.0266786 -0.119402 -0.177633 -0.00925245 0.984053 0.819226 0 0 0 1 
26875431820230;0.353557;0.279395;0.984072 0.163237 0.0704031 -0.485753 -0.158549 0.985025 -0.0677359 0.88545 -0.0804058 0.0554946 0.995216 0.207563 0 0 0 1 
26875431820231;0.448584;0.00960864;0.999381 0.0080286 0.0342558 -0.248479 -0.00650172 0.99899 -0.0444537 0.307736 -0.0345781 0.0442035 0.998424 -0.782034 0 0 0 1 
26875431820232;0.290281;0.0163015;0.964553 -0.192436 0.180573 0.55424 0.132248 0.944639 0.30028 -0.62877 -0.228361 -0.265755 0.936603 1.27119 0 0 0 1 
26875431820233;0.217224;0.0075679;0.996035 -0.0773161 -0.0440013 0.573169 0.0765134 0.996875 -0.0196456 -0.292875 0.0453827 0.016201 0.998838 -0.287981 0 0 0 1 
26875431820234;0.288361;0.0103864;0.985348 -0.160128 -0.0587205 0.346385 0.164435 0.983314 0.0778138 -1.32215 0.0452805 -0.0863294 0.995237 -0.335303 0 0 0 1 
26875431820235;0.189456;0.015381;0.977899 -0.149829 -0.145824 0.529378 0.153494 0.988048 0.0141501 -0.757506 0.141961 -0.0362204 0.989209 -0.667776 0 0 0 1 
26875431820236;0.315102;0.0250973;0.936781 0.234242 0.259948 -0.150836 -0.212028 0.970957 -0.110847 1.26982 -0.278363 0.0487228 0.959239 1.48748 0 0 0 1 
26875431820237;0.012092;0.00941695;0.999985 -0.0024871 0.00490786 0.0159099 0.0025098 0.999986 -0.00462567 -0.0250839 -0.00489628 0.00463791 0.999977 0.0355215 0 0 0 1 
26875431820238;0.26454;0.0154252;0.954511 -0.275064 0.115101 0.517217 0.26475 0.959403 0.0972235 -1.41446 -0.137171 -0.0623279 0.988585 0.93815 0 0 0 1 
26875431820239;0.246987;0.0143509;0.999157 0.0360633 0.019594 -0.294205 -0.0378255 0.994408 0.0986038 -0.30362 -0.0159285 -0.0992619 0.994934 0.177247 0 0 0 1 
26875431820240;0.363487;0.205816;0.959732 0.241795 -0.143 -0.240026 -0.224268 0.966044 0.128306 0.786249 0.169169 -0.0910689 0.981371 -0.959509 0 0 0 1 
26875431820241;0.468508;0.0362903;0.901254 -0.433107 0.0126479 0.560402 0.433032 0.90134 0.00834171 -2.1479 -0.0150129 -0.00204105 0.999885 0.509466 0 0 0 1 
26875431820242;0.496458;0.00722361;0.962833 -0.206349 -0.174277 0.901149 0.259876 0.883574 0.389566 -1.98625 0.0736002 -0.420377 0.904359 -0.0151814 0 0 0 1 
26875431820243;0.419239;0.0202745;0.907898 0.261546 0.327589 -0.40085 -0.215413 0.961497 -0.17065 1.32582 -0.359609 0.084366 0.929281 1.42767 0 0 0 1 
26875431820244;0.327061;0.00822643;0.999977 -0.00153497 0.00658398 -0.503361 0.00229116 0.993196 -0.11643 0.515483 -0.00636047 0.116442 0.993177 -0.00369983 0 0 0 1 
26875431820245;0.440644;0.0144083;0.911975 0.0519939 0.406937 -0.384976 -0.0973012 0.991046 0.0914341 0.2265 -0.39854 -0.122981 0.908868 1.93588 0 0 0 1 
26875431820246;0.33651;0.0128156;0.988131 -0.0577515 0.142344 -0.0642241 0.0453762 0.995024 0.0887044 -0.6362 -0.146758 -0.0811925 0.985835 0.263244 0 0 0 1 
26875431820248;0.482971;0.0174534;0.939841 -0.0817616 -0.331684 0.8117 0.114215 0.990268 0.0795271 -0.375087 0.321954 -0.112626 0.940032 -2.31647 0 0 0 1 
26875431820249;0.481186;0.0155057;0.971105 -0.192849 -0.140585 0.343269 0.18184 0.97943 -0.0874716 -0.724291 0.154562 0.0593801 0.986197 0.304371 0 0 0 1 
26875431820250;0.362957;0.0232852;0.96573 0.225679 0.128198 0.14993 -0.209614 0.969431 -0.127536 1.53935 -0.153061 0.0962928 0.983514 0.495 0 0 0 1 
26875431820251;0.294996;0.024847;0.995606 0.0926493 -0.0136097 0.643438 -0.0916234 0.99381 0.0628254 0.0978102 0.0193462 -0.0613024 0.997932 -0.30706 0 0 0 1 
26875431820252;0.28587;0.0222799;0.999639 -0.0268301 -0.00103337 0.320455 0.0268305 0.99964 0.000377088 -0.634436 0.00102289 -0.000404678 0.999999 0.249664 0 0 0 1 
26875431820253;0.612372;0.0202946;0.95871 0.0893352 -0.269989 1.17119 -0.0256606 0.97268 0.230726 -0.953629 0.283225 -0.214271 0.934811 -1.12974 0 0 0 1 
26875431820254;0.431445;0.370938;0.999118 0.0364785 0.0208114 -0.0258466 -0.0352592 0.997796 -0.0562222 0.274344 -0.0228165 0.0554388 0.998201 0.00370182 0 0 0 1 
26875431820255;0.351175;0.0236884;0.999599 -0.0267365 0.00932755 -0.271842 0.0266587 0.99961 0.00837598 -0.0131068 -0.00954785 -0.00812396 0.999921 0.801904 0 0 0 1 
26875431820256;0.151421;0.0211626;0.982299 0.187284 -0.00373541 0.148976 -0.187311 0.982256 -0.00931847 0.877127 0.00192393 0.0098532 0.99995 0.00589032 0 0 0 1 
26875431820257;0.412483;0.0200604;0.986825 -0.152451 -0.0541849 -0.120848 0.157581 0.981555 0.108252 -1.64066 0.0366823 -0.115365 0.992646 -0.318843 0 0 0 1 
