#;prob_registration_l1 -r /home/probabilistic_point_clouds_registration/build/tester /home/point_clouds_registration_benchmark/apartment_local.txt /home/point_clouds_registration_benchmark/apartment -s 0.2 -t 0.2 -p 0.3 -r 1000 -m 15 -i 40 
id;initial_error;final_error;transformation
13001298760000;0.820981;1.7922;0.91456 0.395932 0.0825641 -0.725206 -0.383965 0.9141 -0.130355 -0.963128 -0.127084 0.087516 0.988024 0.251323 0 0 0 1 
13001298760001;0.68771;1.89355;0.874945 0.475467 0.0916672 0.130731 -0.482383 0.839375 0.250512 -1.26299 0.0421672 -0.263403 0.963764 0.523489 0 0 0 1 
13001298760002;0.636186;1.81361;0.975361 0.146 -0.165392 0.241474 -0.109559 0.971265 0.211285 -1.96756 0.191487 -0.187959 0.96333 -1.00798 0 0 0 1 
13001298760003;0.411513;1.85625;0.99715 0.030076 0.0691859 0.00704966 -0.0409211 0.986087 0.161115 -2.21531 -0.0633776 -0.163487 0.984508 -0.132579 0 0 0 1 
13001298760004;0.857932;1.77239;0.884187 0.406841 -0.229553 0.168478 -0.43195 0.899163 -0.0701722 -0.717102 0.177856 0.161201 0.970763 0.544895 0 0 0 1 
13001298760005;0.460674;1.7919;0.896492 0.442351 0.0250709 0.37968 -0.440182 0.895679 -0.0632347 -1.07198 -0.0504274 0.0456537 0.997684 0.530723 0 0 0 1 
13001298760006;0.655521;1.7809;0.962976 0.26927 0.0130798 -0.6143 -0.268998 0.962946 -0.0193814 -1.00109 -0.017814 0.0151454 0.999727 0.3917 0 0 0 1 
13001298760007;0.308888;1.76656;0.883964 0.270393 0.381437 -0.084864 -0.322787 0.943129 0.0794783 -1.14682 -0.338254 -0.193379 0.920972 1.19852 0 0 0 1 
13001298760008;0.466988;1.75243;0.952697 0.28695 0.100143 -0.278705 -0.282997 0.957711 -0.051975 -1.44555 -0.110823 0.0211761 0.993615 0.137097 0 0 0 1 
13001298760009;0.423945;1.84733;0.968454 0.238083 0.0735742 -0.355684 -0.202192 0.923338 -0.326442 -1.13913 -0.145654 0.301268 0.942349 0.169757 0 0 0 1 
13001298760010;0.258498;1.68861;0.965346 0.259748 -0.0252727 0.0946064 -0.260951 0.959415 -0.106896 -0.834756 -0.00351897 0.109786 0.993949 0.248849 0 0 0 1 
13001298760011;0.784351;1.79338;0.951025 0.298715 0.0795019 0.0450411 -0.308971 0.9108 0.273827 -1.17761 0.0093858 -0.28498 0.958488 -0.699006 0 0 0 1 
13001298760012;0.622128;1.77975;0.976286 0.215041 -0.0249541 0.189596 -0.216048 0.975138 -0.0492853 -1.89804 0.0137353 0.0535079 0.998473 0.30102 0 0 0 1 
13001298760013;0.398004;1.83925;0.902641 0.390193 0.181626 0.118852 -0.348761 0.910399 -0.222574 -0.943928 -0.252199 0.13756 0.957848 1.17684 0 0 0 1 
13001298760014;0.755219;1.83394;0.95191 0.282273 -0.11912 1.44195 -0.272559 0.957776 0.0915291 -0.667574 0.139927 -0.0546601 0.988652 -1.03843 0 0 0 1 
13001298760015;0.388158;1.78141;0.919035 0.363274 -0.152994 0.381016 -0.365181 0.930791 0.0164594 -0.627302 0.148384 0.0407435 0.98809 -0.200668 0 0 0 1 
13001298760016;0.851768;1.77047;0.967571 0.252559 0.00457297 0.459853 -0.251926 0.966151 -0.055542 -0.628508 -0.0184458 0.0525888 0.998446 0.708833 0 0 0 1 
13001298760017;0.399547;1.80886;0.93368 0.358108 0.000773903 0.198069 -0.356377 0.929375 -0.0962215 -1.01136 -0.0351769 0.0895642 0.99536 0.564653 0 0 0 1 
13001298760018;0.820633;1.80426;0.920124 0.327009 -0.215491 0.133356 -0.342075 0.938995 -0.0356957 -1.02923 0.190672 0.106559 0.975853 0.460802 0 0 0 1 
13001298760019;0.329854;1.52301;0.98577 0.150623 -0.0746332 0.0782737 -0.149876 0.988583 0.0155415 -1.53213 0.076122 -0.00413463 0.99709 -0.172092 0 0 0 1 
13001298760020;0.847185;1.79547;0.9655 0.25911 0.0258984 -0.44982 -0.25884 0.965828 -0.0133592 -0.908035 -0.0284749 0.00619477 0.999575 0.941639 0 0 0 1 
13001298760021;0.886722;1.70806;0.85166 0.505307 -0.139069 0.428161 -0.453352 0.84343 0.288268 -1.36982 0.262958 -0.182459 0.947397 -1.18372 0 0 0 1 
13001298760022;0.59893;1.80171;0.928067 0.276477 -0.249503 0.419341 -0.21755 0.946251 0.239336 -1.48156 0.302263 -0.167841 0.938332 -1.27354 0 0 0 1 
13001298760023;0.367247;1.4427;0.895603 0.440068 0.0650821 0.864057 -0.441408 0.897278 0.00711364 -0.361523 -0.0552663 -0.0350988 0.997855 -0.0330916 0 0 0 1 
13001298760024;0.0968236;1.72699;0.975926 0.210968 0.055322 -0.00288671 -0.210354 0.977481 -0.0167771 -1.29087 -0.0576157 0.00473603 0.998328 0.349018 0 0 0 1 
13001298760025;0.689632;1.69146;0.986171 0.144766 0.0806871 -0.264673 -0.0993838 0.906153 -0.411108 -1.03907 -0.132629 0.397403 0.908009 1.02898 0 0 0 1 
13001298760026;0.452516;1.71579;0.995018 0.0731246 0.0677682 -0.0328154 -0.0817896 0.987404 0.135441 -1.36653 -0.0570105 -0.140309 0.988465 0.177484 0 0 0 1 
13001298760027;0.353163;1.71942;0.815519 0.451379 0.362196 0.146031 -0.455868 0.886583 -0.0784555 -0.515364 -0.35653 -0.101132 0.928794 0.956796 0 0 0 1 
13001298760028;0.770166;1.68004;0.96143 0.263019 0.0804566 0.349142 -0.253694 0.961005 -0.110041 -0.251307 -0.106262 0.0853852 0.990665 0.151631 0 0 0 1 
13001298760029;0.444231;1.77365;0.907981 0.359494 0.215253 0.315572 -0.365476 0.930733 -0.0127654 -1.17799 -0.204932 -0.067079 0.976475 0.911348 0 0 0 1 
13001298760031;1.0814;0.973255;0.982188 -0.144338 0.120304 -0.530306 0.152874 0.986106 -0.0649889 -0.578082 -0.109252 0.0822228 0.990608 0.589877 0 0 0 1 
13001298760032;0.762366;0.78061;0.973504 -0.21415 -0.0801888 -1.15408 0.216573 0.976001 0.0227537 -0.771118 0.0733917 -0.0395176 0.99652 -0.707415 0 0 0 1 
13001298760033;0.562268;0.945362;0.962558 -0.257243 -0.0854873 -1.30492 0.248844 0.963603 -0.0977051 -0.927893 0.10751 0.0727738 0.991537 0.162301 0 0 0 1 
13001298760034;0.913227;0.973313;0.977587 -0.199646 -0.0668146 -1.23071 0.172812 0.942228 -0.286955 -0.479422 0.120244 0.268977 0.955611 0.600072 0 0 0 1 
13001298760035;0.190074;0.790394;0.988519 0.103221 -0.110342 -0.258601 -0.0964922 0.99323 0.0646836 0.274535 0.116272 -0.0532938 0.991787 -0.497056 0 0 0 1 
13001298760036;1.3176;0.827148;0.923203 -0.379062 -0.0633144 -1.92938 0.384311 0.909943 0.155914 -0.990857 -0.0014884 -0.168272 0.985739 -0.300518 0 0 0 1 
13001298760037;0.408209;0.741813;0.990442 0.124748 -0.0588453 -0.385905 -0.131408 0.983065 -0.127728 0.67644 0.0419149 0.13424 0.990062 0.0668659 0 0 0 1 
13001298760038;0.799177;0.763766;0.999395 -0.0346645 -0.00266501 -0.134643 0.034632 0.985852 0.164003 -0.479527 -0.00305777 -0.163996 0.986456 -0.224594 0 0 0 1 
13001298760039;0.512139;0.69093;0.999706 -0.0209144 -0.0122807 -0.531205 0.020744 0.999689 -0.0138377 -0.101395 0.0125663 0.0135789 0.999829 0.413739 0 0 0 1 
13001298760040;0.790161;1.06331;0.997065 -0.0765183 0.00232688 -0.729216 0.0765057 0.997056 0.0051117 -0.191307 -0.00271117 -0.00491868 0.999984 -0.457184 0 0 0 1 
13001298760041;0.304867;0.8872;0.981513 -0.160483 0.104292 -0.975555 0.167365 0.984011 -0.0609233 -0.382603 -0.0928472 0.0772518 0.992679 0.387438 0 0 0 1 
13001298760042;0.323258;0.639526;0.998603 0.0435108 -0.029984 -0.303308 -0.0421823 0.998158 0.0436001 -0.0727885 0.0318259 -0.0422744 0.998599 -0.110411 0 0 0 1 
13001298760043;1.1294;0.782628;0.94068 -0.333293 -0.0635331 -1.05238 0.337155 0.897224 0.28516 -2.04316 -0.0380382 -0.289665 0.956372 -0.766931 0 0 0 1 
13001298760044;0.672602;0.792119;0.989128 -0.107125 0.100743 -1.15549 0.110015 0.99365 -0.0235651 -0.248771 -0.0975784 0.0343921 0.994633 0.0602885 0 0 0 1 
13001298760045;0.603165;0.589933;0.996088 -0.026236 0.0843805 0.12961 0.0249931 0.999564 0.0157523 -0.310214 -0.084757 -0.0135817 0.996309 -0.00795717 0 0 0 1 
13001298760046;0.435224;0.899545;0.901786 0.0818066 -0.424369 0.115948 -0.104711 0.994023 -0.0308911 0.439636 0.419306 0.0722932 0.904962 -1.09201 0 0 0 1 
13001298760047;1.03472;0.750887;0.997624 -0.0674263 0.0141091 -0.801743 0.0619353 0.9676 0.244775 -0.724154 -0.0301562 -0.24332 0.969477 -1.04137 0 0 0 1 
13001298760048;1.38851;0.734145;0.994079 0.0728383 0.0806263 -0.278367 -0.10016 0.901928 0.420113 -0.717837 -0.0421188 -0.425701 0.903883 -1.29981 0 0 0 1 
13001298760049;0.308211;0.683166;0.990995 0.107943 -0.0792327 -0.357769 -0.098739 0.988779 0.112103 0.18654 0.0904444 -0.10327 0.990533 -0.470287 0 0 0 1 
13001298760050;0.383404;0.825454;0.99557 -0.0929829 0.0139166 -1.03224 0.0932506 0.995442 -0.0200125 -0.41595 -0.0119924 0.0212216 0.999703 0.202622 0 0 0 1 
13001298760051;1.39486;0.867214;0.900843 -0.416182 0.123592 -2.20046 0.423579 0.904976 -0.0399953 -1.74519 -0.0952022 0.0883802 0.991527 0.554567 0 0 0 1 
13001298760052;0.390791;0.678191;0.999032 -0.0411481 -0.0155433 -0.791098 0.0409614 0.999087 -0.0121486 -0.288651 0.016029 0.0115002 0.999805 -0.0635048 0 0 0 1 
13001298760053;0.738841;0.769738;0.963635 0.26701 0.0106468 0.589225 -0.266173 0.955563 0.126693 0.764341 0.0236546 -0.12492 0.991885 -0.103478 0 0 0 1 
13001298760054;0.290741;0.815852;0.982214 -0.187659 -0.00627652 -1.01852 0.187541 0.982127 -0.0159813 -0.538506 0.00916338 0.01452 0.999853 -0.099587 0 0 0 1 
13001298760055;0.983527;0.878535;0.980293 0.161112 0.114317 -0.662006 -0.13976 0.974588 -0.175058 1.10166 -0.139615 0.155631 0.977899 1.01522 0 0 0 1 
13001298760056;0.893456;0.908802;0.983996 -0.175345 0.0317149 -0.420504 0.175778 0.984364 -0.0113881 -0.773468 -0.0292222 0.0167806 0.999432 -0.0138087 0 0 0 1 
13001298760057;1.32906;0.839596;0.995644 0.0667409 0.0651055 -0.0331601 -0.0679186 0.997562 0.0160443 0.8209 -0.063876 -0.0203963 0.997749 -0.415754 0 0 0 1 
13001298760058;1.04418;0.930166;0.929988 -0.328662 0.164633 -1.33617 0.3221 0.944412 0.0658629 -1.09379 -0.177128 -0.00822326 0.984153 -0.113799 0 0 0 1 
13001298760059;1.02726;0.908933;0.999061 0.0261685 -0.0345188 -0.196053 -0.0173236 0.971768 0.235302 -0.283843 0.0397017 -0.234483 0.971309 -1.12432 0 0 0 1 
13001298760060;1.18019;0.359847;0.997138 -0.0353498 -0.0668279 -0.491404 0.0459169 0.985412 0.163874 -0.835408 0.0600601 -0.166474 0.984215 -0.399818 0 0 0 1 
13001298760062;0.42647;2.2776;0.938602 -0.343455 0.0326439 -0.945247 0.339532 0.936357 0.0891841 0.0383619 -0.061197 -0.0726247 0.99548 0.298105 0 0 0 1 
13001298760063;0.820769;1.94161;0.919472 -0.386564 0.0716948 -0.538809 0.388846 0.921072 -0.0206408 -0.118712 -0.058057 0.0468568 0.997213 0.969391 0 0 0 1 
13001298760064;0.637796;2.02566;0.976518 -0.207358 0.0584388 -0.784268 0.211465 0.974421 -0.0760721 0.619265 -0.0411698 0.0866435 0.995388 0.901513 0 0 0 1 
13001298760065;1.32441;2.15847;0.875107 -0.408434 -0.259556 -0.458125 0.472306 0.837694 0.274218 -0.841829 0.105429 -0.362559 0.925978 -2.04769 0 0 0 1 
13001298760066;0.832986;2.2372;0.843792 -0.534634 0.046704 -1.17605 0.536475 0.842634 -0.0465108 -0.247853 -0.0144881 0.064301 0.997825 0.508286 0 0 0 1 
13001298760067;0.500971;2.06873;0.807978 -0.587469 0.0452924 -0.891053 0.588373 0.80034 -0.115205 -1.04234 0.0314298 0.119732 0.992309 0.0141216 0 0 0 1 
13001298760068;1.1413;2.03071;0.849088 -0.497373 0.177959 -1.36417 0.475964 0.866458 0.150696 -0.167487 -0.229146 -0.0432519 0.972431 1.14749 0 0 0 1 
13001298760069;0.277143;2.02194;0.943951 -0.296149 -0.14578 -0.519099 0.316127 0.938162 0.141124 0.0193068 0.0949712 -0.179299 0.9792 -0.733942 0 0 0 1 
13001298760070;1.31041;2.04504;0.899299 -0.415747 0.135703 -1.09433 0.425935 0.90301 -0.0561487 -0.339997 -0.0991973 0.108295 0.989157 -0.167182 0 0 0 1 
13001298760071;0.311671;2.12869;0.700799 -0.68283 -0.206456 -0.725632 0.70229 0.711184 0.0317089 -1.91523 0.125177 -0.167214 0.977942 -0.84236 0 0 0 1 
13001298760072;0.364438;2.10263;0.824461 -0.561834 0.067863 -1.07688 0.565052 0.823891 -0.0438152 -0.821692 -0.0312948 0.07447 0.996732 0.515198 0 0 0 1 
13001298760073;1.33186;2.21768;0.739411 -0.567989 0.361468 -1.25612 0.654819 0.731501 -0.190048 -0.787787 -0.156469 0.37722 0.91281 1.31047 0 0 0 1 
13001298760074;0.375476;2.20141;0.762736 -0.572761 -0.300298 -0.606768 0.479611 0.812472 -0.331456 -0.518917 0.433828 0.108787 0.894404 -1.12409 0 0 0 1 
13001298760075;0.892832;1.99919;0.907283 -0.348215 0.23576 -0.499872 0.379784 0.919228 -0.103846 -0.225614 -0.180557 0.183756 0.966247 1.84771 0 0 0 1 
13001298760076;0.49285;2.29389;0.828218 -0.558506 0.0461049 -1.29203 0.560397 0.824943 -0.0736503 -0.852127 0.0031002 0.0868356 0.996218 0.144064 0 0 0 1 
13001298760077;1.25077;1.96364;0.928538 -0.368851 0.0420211 -1.19769 0.370261 0.928346 -0.032854 0.0895909 -0.0268919 0.046065 0.998576 1.11315 0 0 0 1 
13001298760078;0.873453;1.99567;0.932293 -0.33067 -0.146583 -0.69487 0.334496 0.942396 0.00154093 0.299577 0.13763 -0.0504682 0.989197 -1.02448 0 0 0 1 
13001298760079;0.135451;1.97174;0.920006 -0.391612 -0.0151426 -0.691401 0.389331 0.917703 -0.0790134 -0.218013 0.044839 0.0667973 0.996759 0.115033 0 0 0 1 
13001298760080;0.477523;2.15119;0.627632 -0.718942 0.298663 -0.864891 0.653495 0.695034 0.299787 -1.99341 -0.42311 0.00701862 0.906051 1.6326 0 0 0 1 
13001298760081;0.486196;2.13172;0.923162 -0.212605 -0.320268 -0.119782 0.213216 0.976427 -0.0335977 0.518315 0.319861 -0.03727 0.946731 -1.13024 0 0 0 1 
13001298760082;0.60999;2.5184;0.666654 0.745367 0.000274514 3.03322 -0.740495 0.662338 -0.113912 3.19882 -0.0850884 0.0757369 0.993491 0.347338 0 0 0 1 
13001298760083;0.578912;2.22886;0.718319 -0.694122 -0.0470381 -0.719524 0.677408 0.68241 0.274655 -2.05394 -0.158545 -0.229154 0.960392 0.057916 0 0 0 1 
13001298760084;0.295038;2.00807;0.984899 -0.160264 0.0655005 -0.400953 0.165353 0.98286 -0.0815103 0.757838 -0.0513147 0.0911101 0.994518 0.52414 0 0 0 1 
13001298760085;0.331689;2.15704;0.938965 -0.343996 -0.00336884 -0.720056 0.342176 0.932899 0.112318 -0.112938 -0.035494 -0.106615 0.993667 0.0466156 0 0 0 1 
13001298760086;0.698459;1.97999;0.901656 -0.427945 0.0622854 -0.995645 0.431408 0.900107 -0.0607771 -0.697656 -0.0300543 0.0816705 0.996206 0.83935 0 0 0 1 
13001298760087;0.67213;2.00999;0.789142 -0.536609 -0.298841 -0.358105 0.494992 0.843678 -0.207825 -0.598937 0.363646 0.0160794 0.931398 -1.47263 0 0 0 1 
13001298760088;0.268562;2.06879;0.791572 -0.557995 -0.249108 -0.649876 0.53243 0.829844 -0.166965 -0.884979 0.299886 -0.000467825 0.953975 -0.880341 0 0 0 1 
13001298760089;1.15866;2.16545;0.645497 -0.670579 0.365592 -1.36778 0.730456 0.681842 -0.039054 -2.05296 -0.223087 0.292258 0.929956 2.24797 0 0 0 1 
13001298760090;0.714198;2.14065;0.892259 -0.450979 -0.0222017 -1.03617 0.451515 0.89148 0.0373717 -0.589699 0.00293855 -0.0433697 0.999055 0.429632 0 0 0 1 
13001298760091;1.1529;2.12928;0.917395 -0.396984 -0.0280987 -0.880887 0.394866 0.916763 -0.0602261 -0.449073 0.0496686 0.0441559 0.997789 -0.708829 0 0 0 1 
13001298760093;1.04775;1.28676;0.692802 -0.612174 0.381141 -0.45 0.603043 0.781643 0.159291 -2.912 -0.395429 0.119487 0.910691 0.709657 0 0 0 1 
13001298760094;1.11373;1.20657;0.920036 -0.391352 -0.019442 0.0992776 0.391056 0.920203 -0.0173362 -2.0571 0.0246751 0.00834702 0.999661 -1.09779 0 0 0 1 
13001298760095;0.293853;1.43185;0.943543 -0.242105 0.22608 0.439542 0.291155 0.931631 -0.217468 -1.49697 -0.157973 0.271014 0.949524 1.40575 0 0 0 1 
13001298760096;0.895384;1.39235;0.908745 -0.408722 0.084428 0.856408 0.410034 0.912068 0.00195962 -2.11169 -0.077805 0.0328376 0.996428 0.298237 0 0 0 1 
13001298760097;0.339617;1.14506;0.919577 -0.392324 -0.0214208 0.004809 0.392257 0.919826 -0.00744259 -1.93638 0.0226233 -0.00155843 0.999743 -0.372066 0 0 0 1 
13001298760098;0.188558;1.28381;0.932403 -0.337529 -0.129223 0.296205 0.3344 0.941315 -0.0458534 -1.61004 0.137116 -0.000458145 0.990555 -0.568782 0 0 0 1 
13001298760099;0.958706;1.2415;0.962275 -0.0997739 0.253126 0.562732 0.0975138 0.995002 0.021492 -1.59719 -0.254005 0.00400206 0.967195 0.484342 0 0 0 1 
13001298760100;0.754489;1.33255;0.982332 -0.185433 -0.0252732 0.242892 0.177228 0.965124 -0.192681 -1.16019 0.0601213 0.184798 0.980936 0.811955 0 0 0 1 
13001298760101;0.427244;1.0302;0.996158 0.011539 0.0868094 0.94222 -0.0087792 0.999446 -0.0321064 -0.421646 -0.0871318 0.031221 0.995707 0.0826309 0 0 0 1 
13001298760102;0.55757;0.989631;0.992629 -0.0772349 -0.0933942 0.468455 0.0746763 0.996738 -0.0305929 -0.640129 0.0954524 0.023393 0.995159 -0.0898433 0 0 0 1 
13001298760103;0.502682;1.1834;0.955684 -0.292757 -0.0310061 0.115868 0.290934 0.955298 -0.0525656 -1.04703 0.045009 0.0412154 0.998136 0.0594353 0 0 0 1 
13001298760104;0.301846;1.27166;0.730425 -0.68296 -0.00671571 -0.223682 0.676505 0.724804 -0.130382 -3.13895 0.093913 0.0906909 0.991441 -0.108495 0 0 0 1 
13001298760105;0.905526;1.20993;0.993528 -0.113261 -0.00861175 0.541193 0.112429 0.991365 -0.0674859 -0.894928 0.0161809 0.0660809 0.997683 -0.649245 0 0 0 1 
13001298760106;0.994487;1.2507;0.769844 -0.629746 0.103734 -0.193744 0.634952 0.772161 -0.0245731 -3.77403 -0.0646247 0.0847837 0.994301 0.92189 0 0 0 1 
13001298760107;0.0362635;1.18704;0.912879 -0.40789 0.0166465 -0.0746399 0.408037 0.910439 -0.0678654 -1.85251 0.012526 0.0687453 0.997556 0.0769775 0 0 0 1 
13001298760108;1.01768;1.45421;0.830024 -0.54432 -0.121561 0.178603 0.54127 0.838722 -0.0597707 -2.50908 0.13449 -0.0161863 0.990783 -1.30014 0 0 0 1 
13001298760109;0.830454;1.22708;0.87661 -0.481078 0.0109319 -0.0101404 0.478454 0.868954 -0.126494 -2.06717 0.0513541 0.116116 0.991907 -0.519233 0 0 0 1 
13001298760110;0.923517;1.21396;0.928968 -0.369968 -0.0119355 -0.384188 0.366461 0.923753 -0.111299 -1.79785 0.0522025 0.0990195 0.993715 0.598696 0 0 0 1 
13001298760111;0.26829;1.37807;0.745749 -0.656016 0.116191 -0.213903 0.661947 0.749339 -0.0177961 -3.18145 -0.0753917 0.0901835 0.993067 0.430543 0 0 0 1 
13001298760112;0.495558;1.14711;0.969765 -0.0865829 -0.228165 0.688684 0.0946059 0.995215 0.024442 -0.314251 0.224957 -0.0452888 0.973316 -0.984029 0 0 0 1 
13001298760113;0.269314;1.24014;0.978243 -0.205422 0.029022 0.355635 0.20647 0.977657 -0.0394498 -1.07546 -0.0202697 0.0445837 0.9988 -0.0451079 0 0 0 1 
13001298760114;0.734561;1.29902;0.743116 -0.668993 0.0150367 -0.608557 0.661312 0.730781 -0.169191 -2.65253 0.102199 0.135673 0.985469 0.0955489 0 0 0 1 
13001298760115;0.321726;1.20279;0.922151 -0.384891 0.0386825 -0.058566 0.386748 0.919389 -0.0717582 -1.86197 -0.00794517 0.0811323 0.996672 -0.08296 0 0 0 1 
13001298760116;1.15818;1.14827;0.99071 -0.0916383 0.100483 1.29648 0.106219 0.982817 -0.150957 -0.36694 -0.0849234 0.160228 0.98342 0.974881 0 0 0 1 
13001298760117;0.977589;1.09311;0.893247 -0.442916 -0.0770424 -0.189182 0.430784 0.892282 -0.135121 -2.14354 0.128591 0.0875078 0.987829 0.559386 0 0 0 1 
13001298760118;0.349631;1.2315;0.995774 -0.000779998 0.0918369 0.85196 0.0105332 0.994335 -0.105765 -0.494616 -0.0912342 0.106285 0.990141 0.465967 0 0 0 1 
13001298760119;0.966956;1.23816;0.754718 -0.604108 -0.255842 0.205199 0.596733 0.794169 -0.114911 -2.49986 0.2726 -0.0659439 0.959865 -1.76402 0 0 0 1 
13001298760120;0.820899;1.12248;0.988813 -0.143519 0.0406276 0.820486 0.143817 0.989594 -0.00449845 -0.984999 -0.0395592 0.0102911 0.999164 0.582924 0 0 0 1 
13001298760121;0.247186;1.08592;0.92688 -0.375214 -0.010394 -0.127127 0.374358 0.926076 -0.0473186 -1.63225 0.0273802 0.0399676 0.998826 0.109575 0 0 0 1 
13001298760122;0.958553;1.18929;0.957228 -0.288357 -0.0237609 0.663264 0.289216 0.955956 0.0500184 -2.05554 0.00829121 -0.054751 0.998466 -0.00975029 0 0 0 1 
13001298760124;1.10954;1.10142;0.996966 0.0253 0.0736097 0.362286 -0.0342663 0.991788 0.123218 0.0462027 -0.0698878 -0.125367 0.989646 -0.265215 0 0 0 1 
13001298760125;0.573277;0.261989;0.929085 -0.0192998 -0.369361 0.652393 0.147646 0.934973 0.322531 -0.908444 0.339118 -0.354194 0.871519 -2.8243 0 0 0 1 
13001298760126;0.254431;0.237379;0.979192 0.0850888 -0.184234 0.494236 -0.0714776 0.994284 0.0793127 0.365763 0.189929 -0.0644938 0.979677 -0.847705 0 0 0 1 
13001298760127;0.992788;0.889935;0.988162 0.0367132 -0.148959 0.338646 -0.0185654 0.992425 0.121439 -0.220801 0.152289 -0.117236 0.981358 -0.963892 0 0 0 1 
13001298760128;0.0799235;0.26655;0.999981 -0.00520835 -0.003152 0.0115415 0.00521369 0.999985 0.00168671 0.0848316 0.00314317 -0.00170311 0.999994 0.188388 0 0 0 1 
13001298760129;0.127861;0.260738;0.995307 -0.0863972 -0.0435807 -0.110425 0.0895346 0.993074 0.0760809 -0.205642 0.0367057 -0.0796258 0.996149 -0.272219 0 0 0 1 
13001298760130;0.557579;0.313721;0.954581 -0.284452 -0.0886754 -0.710784 0.288184 0.95703 0.0323206 -1.43221 0.0756713 -0.0564074 0.995536 0.0902834 0 0 0 1 
13001298760131;0.697726;0.275054;0.981976 -0.188598 -0.0124243 -0.014418 0.186675 0.978059 -0.0924805 -1.09911 0.0295933 0.0884944 0.995637 0.400642 0 0 0 1 
13001298760132;0.915785;0.258166;0.973537 -0.0249077 0.22717 -0.0393647 0.0104036 0.997843 0.0648221 0.138206 -0.228294 -0.0607433 0.971695 0.189527 0 0 0 1 
13001298760133;0.526097;0.220981;0.994743 0.0703875 0.0743823 0.167628 -0.0752668 0.995045 0.0649668 0.484168 -0.0694409 -0.0702238 0.995111 0.735925 0 0 0 1 
13001298760134;0.640051;0.264192;0.991781 -0.0729236 -0.105133 0.137258 0.077339 0.996259 0.0385471 -0.0236666 0.101929 -0.0463612 0.993711 0.0709658 0 0 0 1 
13001298760135;0.744448;0.231252;0.92635 0.35562 -0.12414 1.61652 -0.34794 0.934132 0.0795958 1.68064 0.144269 -0.0305401 0.989067 -0.0940261 0 0 0 1 
13001298760136;0.470128;0.24928;0.997266 0.063612 -0.0376043 -0.0329256 -0.0617031 0.996846 0.0499129 0.361545 0.0406608 -0.0474561 0.998045 -0.469563 0 0 0 1 
13001298760137;0.306436;0.269204;0.963217 0.020366 0.267953 0.0146415 0.019366 0.989271 -0.144806 0.0866606 -0.268027 0.144669 0.952487 1.98973 0 0 0 1 
13001298760138;0.926249;0.297514;0.998272 -0.0468194 -0.035498 -0.428385 0.0456871 0.998441 -0.032064 -0.438045 0.0369439 0.0303868 0.998855 -0.562818 0 0 0 1 
13001298760139;0.738974;0.296751;0.995445 0.0948266 -0.00989423 0.346971 -0.0946764 0.9954 0.0146898 0.633138 0.0112417 -0.0136861 0.999843 0.717237 0 0 0 1 
13001298760140;1.02616;0.271684;0.993556 0.0876479 -0.0718686 0.0368061 -0.0814326 0.993024 0.0852767 0.246717 0.0788416 -0.0788747 0.993762 -1.29888 0 0 0 1 
13001298760141;0.897713;0.275113;0.938074 -0.268579 0.21882 -0.834808 0.28972 0.954515 -0.0704527 -1.66596 -0.189945 0.129486 0.973219 2.09407 0 0 0 1 
13001298760142;0.158181;0.264676;0.996666 -0.0411882 0.0704253 -0.128119 0.0425225 0.998941 -0.017552 0.104697 -0.0696279 0.0204881 0.997363 0.553904 0 0 0 1 
13001298760143;0.631582;0.24263;0.953877 0.296037 -0.0498059 1.1323 -0.299852 0.931618 -0.205371 1.56706 -0.0143973 0.210833 0.977416 1.27038 0 0 0 1 
13001298760144;0.855274;0.276192;0.979432 -0.148782 -0.136298 0.42141 0.160775 0.98361 0.0816255 -0.581789 0.12192 -0.10186 0.987299 -0.347047 0 0 0 1 
13001298760145;0.0426315;0.258579;0.9977 -0.0654159 -0.017788 -0.164027 0.0653455 0.997853 -0.00450652 -0.129064 0.0180446 0.00333378 0.999832 0.127198 0 0 0 1 
13001298760146;0.950154;0.26587;0.994192 -0.0179509 -0.106115 0.0743718 0.0244656 0.997874 0.0604131 -0.0482252 0.104805 -0.0626583 0.992517 0.37787 0 0 0 1 
13001298760147;0.397392;0.254962;0.9611 0.0239169 -0.275162 0.490278 -0.0900514 0.96894 -0.230317 0.665766 0.261107 0.246136 0.933402 -0.252723 0 0 0 1 
13001298760148;0.554781;0.261229;0.991643 -0.119637 0.0482834 -0.317748 0.124667 0.98492 -0.119961 -0.598466 -0.0332035 0.124978 0.991604 0.232875 0 0 0 1 
13001298760149;0.73823;0.247743;0.997411 -0.0710408 -0.0111245 -0.117013 0.0713921 0.996826 0.0352391 0.205705 0.00858573 -0.0359421 0.999317 0.563498 0 0 0 1 
13001298760150;0.886242;0.268034;0.959083 -0.282225 0.0225782 -0.339536 0.281664 0.959185 0.0250975 -1.67171 -0.0287398 -0.0177111 0.99943 -0.355535 0 0 0 1 
13001298760151;1.10427;0.232584;0.950466 0.248435 0.1868 1.776 -0.291297 0.921617 0.256453 1.59867 -0.108446 -0.298164 0.948334 -0.2648 0 0 0 1 
13001298760152;0.722566;0.283168;0.963155 0.166484 0.211223 0.161975 -0.105802 0.956595 -0.271536 0.472143 -0.247262 0.239184 0.938964 2.32702 0 0 0 1 
13001298760153;0.343462;0.23111;0.961433 0.254567 -0.10413 1.0748 -0.265446 0.95795 -0.108956 1.34186 0.0720147 0.132395 0.988578 0.179445 0 0 0 1 
13001298760155;0.0682714;1.83081;0.971712 -0.23605 0.00751582 -1.80006 0.236087 0.970041 -0.0572944 -1.92923 0.00623366 0.057448 0.998329 0.0743122 0 0 0 1 
13001298760156;0.228778;1.76435;0.94314 -0.323554 0.0761625 -1.74604 0.332264 0.924151 -0.188536 -1.87013 -0.00938426 0.203121 0.979109 0.11291 0 0 0 1 
13001298760157;0.606065;1.4895;0.914142 -0.401965 0.0526121 -1.32258 0.405327 0.903901 -0.13665 -3.17296 0.00737234 0.146242 0.989221 0.239328 0 0 0 1 
13001298760158;0.344682;1.44668;0.911953 -0.319123 -0.257881 -1.01612 0.259909 0.935657 -0.238734 -1.38232 0.317473 0.150689 0.936218 -1.27735 0 0 0 1 
13001298760159;0.780294;1.81485;0.960103 -0.278949 0.019753 -1.17908 0.279645 0.957434 -0.0715415 -1.48325 0.00104419 0.074211 0.997242 -0.40904 0 0 0 1 
13001298760160;0.374691;1.27785;0.943123 -0.309388 -0.121646 -1.13526 0.319551 0.944591 0.0750625 -1.85728 0.091682 -0.109665 0.989731 0.027145 0 0 0 1 
13001298760161;0.829311;1.44964;0.826585 -0.300494 0.475878 -1.70962 0.286981 0.952392 0.102913 -2.38656 -0.484147 0.0515017 0.87347 2.42198 0 0 0 1 
13001298760162;0.477774;1.34588;0.989032 -0.145522 -0.0252904 -1.48954 0.125861 0.919936 -0.371318 -1.26851 0.0773007 0.364062 0.928161 0.144584 0 0 0 1 
13001298760163;0.737936;0.902807;0.996877 0.0504732 0.0607314 -0.536892 -0.0471562 0.99738 -0.0548651 -0.00859197 -0.0633414 0.0518299 0.996645 0.488391 0 0 0 1 
13001298760164;0.306679;1.74733;0.946625 -0.318474 0.049765 -1.75154 0.310954 0.861574 -0.401247 -1.82596 0.0849102 0.395304 0.914617 -0.171894 0 0 0 1 
13001298760165;0.655134;0.882367;0.995625 0.071895 -0.05968 -1.29679 -0.0654514 0.992455 0.103677 0.0375175 0.0666836 -0.0993176 0.992819 -0.736165 0 0 0 1 
13001298760166;0.142166;1.86079;0.907011 -0.405481 0.113646 -1.70684 0.41833 0.898539 -0.132771 -2.61479 -0.0482794 0.167966 0.98461 0.202819 0 0 0 1 
13001298760167;0.73402;1.31089;0.988671 0.142702 0.0465395 -0.882584 -0.141801 0.989648 -0.0221373 -0.411602 -0.0492167 0.0152872 0.998671 0.722575 0 0 0 1 
13001298760168;0.457979;1.48311;0.99597 0.0888581 -0.0121647 -1.29963 -0.0896869 0.986683 -0.135691 -0.426572 -5.45125e-05 0.136235 0.990677 -0.121224 0 0 0 1 
13001298760169;0.0971797;1.49117;0.940233 -0.328014 0.0914778 -1.34857 0.325404 0.944618 0.0425377 -2.23326 -0.100364 -0.0102281 0.994898 0.378453 0 0 0 1 
13001298760170;0.865636;1.49284;0.988635 -0.0114944 -0.149897 -1.81613 -0.00671678 0.9927 -0.120423 -0.374034 0.150187 0.120061 0.981341 0.0166066 0 0 0 1 
13001298760171;0.53187;1.69945;0.882868 -0.462058 -0.083941 -1.39166 0.469437 0.863313 0.185253 -2.938 -0.0131304 -0.202959 0.979099 0.461954 0 0 0 1 
13001298760172;0.399772;1.30633;0.970193 -0.061901 0.234296 -1.17471 0.0355575 0.992724 0.115038 -0.867966 -0.239712 -0.103278 0.965335 1.19568 0 0 0 1 
13001298760173;0.409814;1.34365;0.982955 0.16112 0.0885401 -1.1826 -0.160036 0.986923 -0.0192568 -0.206885 -0.090485 0.00475896 0.995886 0.389554 0 0 0 1 
13001298760174;0.230776;1.65247;0.968404 -0.249331 -0.00525169 -1.63868 0.246963 0.961708 -0.118861 -1.88999 0.0346864 0.113809 0.992897 0.133057 0 0 0 1 
13001298760175;0.184973;1.60007;0.965947 -0.240529 -0.0953548 -1.5689 0.222139 0.959897 -0.171035 -1.70972 0.13267 0.144029 0.98064 -0.630439 0 0 0 1 
13001298760176;0.684651;1.53153;0.997688 -0.0466392 -0.0494328 -1.55188 0.0602812 0.943185 0.326753 -1.79654 0.0313848 -0.328978 0.943816 -0.578836 0 0 0 1 
13001298760177;0.712892;1.44009;0.945956 -0.162825 -0.280455 -0.578529 0.0916049 0.963758 -0.250557 -1.33193 0.311088 0.211325 0.926588 -1.56 0 0 0 1 
13001298760178;0.372998;1.59455;0.989122 0.147096 0.000938978 -1.48445 -0.146934 0.988295 -0.0410382 -0.324603 -0.00696455 0.0404538 0.999157 -0.0603527 0 0 0 1 
13001298760179;0.364497;1.457;0.95561 -0.276579 0.101558 -1.41127 0.239167 0.929474 0.280852 -1.96331 -0.172073 -0.244096 0.954363 0.781103 0 0 0 1 
13001298760180;0.444705;1.58535;0.92592 -0.269426 -0.26473 -1.31918 0.352346 0.868631 0.348329 -2.29236 0.136104 -0.415801 0.899214 -0.739382 0 0 0 1 
13001298760181;0.327893;1.79169;0.848097 -0.369228 0.380004 -1.72437 0.435833 0.893992 -0.104055 -2.6465 -0.3013 0.253867 0.919114 1.2193 0 0 0 1 
13001298760182;0.549357;2.16965;0.938456 -0.345149 0.0131579 -1.85386 0.345325 0.936778 -0.0565519 -2.80684 0.00719278 0.0576152 0.998313 0.340749 0 0 0 1 
13001298760183;0.363905;1.51315;0.890037 -0.31673 -0.327896 -1.06721 0.357768 0.931048 0.0717808 -2.19249 0.282552 -0.181198 0.941983 -0.845699 0 0 0 1 
13001298760184;0.185151;1.04626;0.989307 -0.145614 0.00830386 -1.0253 0.145846 0.987228 -0.0641052 -1.17729 0.00113679 0.0646308 0.997909 0.0802802 0 0 0 1 
13001298760186;0.752269;1.29621;0.963347 -0.259648 0.0674268 -0.712332 0.2631 0.963546 -0.0485529 -1.40267 -0.0523622 0.0645132 0.996542 0.668804 0 0 0 1 
13001298760187;1.11885;1.22554;0.801275 -0.5856 0.122604 -0.593556 0.596087 0.798968 -0.0795593 -3.17269 -0.0513665 0.136831 0.989262 0.59974 0 0 0 1 
13001298760188;1.47853;1.24583;0.971382 -0.233183 0.0452034 -0.83961 0.229307 0.871017 -0.434452 -1.02086 0.0619338 0.432384 0.89956 0.132382 0 0 0 1 
13001298760189;0.694353;1.22356;0.994962 0.00399458 0.100171 0.0714245 0.00785043 0.993033 -0.117575 -1.00761 -0.0999429 0.117769 0.987999 0.147409 0 0 0 1 
13001298760190;1.04867;0.996169;0.900541 -0.425143 -0.0909883 -0.805433 0.413672 0.902268 -0.121607 -2.49018 0.133796 0.0718727 0.988399 -0.524897 0 0 0 1 
13001298760191;0.608395;1.13474;0.995842 -0.0731787 0.0542489 -0.311087 0.0786403 0.991195 -0.106528 -0.868061 -0.0459757 0.110351 0.992829 -0.0151453 0 0 0 1 
13001298760192;0.728377;1.17111;0.950373 -0.299472 0.0843083 -0.790692 0.303552 0.95196 -0.0403514 -1.35852 -0.0681741 0.0639408 0.995622 0.723044 0 0 0 1 
13001298760193;0.223967;1.21656;0.940512 -0.338545 0.028718 -0.737379 0.339349 0.940169 -0.0303976 -1.66342 -0.0167088 0.0383347 0.999125 0.0214413 0 0 0 1 
13001298760194;0.894476;1.19112;0.986836 -0.124967 0.102651 -0.581899 0.114361 0.988041 0.103422 -1.36313 -0.114348 -0.090321 0.989326 -0.47667 0 0 0 1 
13001298760195;0.58478;1.06633;0.982654 0.185181 0.00998505 0.328035 -0.184149 0.98071 -0.0655451 -0.201696 -0.0219302 0.0625694 0.9978 0.42516 0 0 0 1 
13001298760196;0.904607;1.18877;0.963436 -0.258877 0.0690875 -1.15275 0.263884 0.961457 -0.0772359 -1.13241 -0.0464301 0.0926429 0.994616 -0.0165375 0 0 0 1 
13001298760197;0.286883;1.25389;0.912047 -0.403504 0.0731765 -0.87833 0.407858 0.911107 -0.059455 -2.19222 -0.0426813 0.0840714 0.995545 0.269455 0 0 0 1 
13001298760198;1.24998;1.28763;0.970779 0.229072 0.0715075 0.269114 -0.226342 0.97304 -0.0443008 0.254075 -0.0797277 0.0268211 0.996456 -0.185255 0 0 0 1 
13001298760199;1.55468;1.26971;0.929942 -0.192568 -0.31325 0.071089 0.161802 0.979293 -0.121674 -0.9812 0.330194 0.0624649 0.941844 -1.6086 0 0 0 1 
13001298760200;0.663257;1.12554;0.966481 -0.243563 0.0811884 -0.816347 0.248229 0.967235 -0.0532821 -1.80525 -0.0655508 0.0716494 0.995274 0.176938 0 0 0 1 
13001298760201;0.427557;1.14193;0.998427 -0.0256147 0.0498661 -0.227248 0.0144379 0.976995 0.212775 -0.957768 -0.054169 -0.21172 0.975828 -0.632637 0 0 0 1 
13001298760202;1.14516;1.30263;0.955108 -0.286083 -0.0769765 -0.587424 0.296184 0.927897 0.226455 -2.09786 0.00664127 -0.239088 0.970975 -1.35567 0 0 0 1 
13001298760203;0.345194;1.09346;0.996656 0.0450917 -0.0681429 0.013119 -0.0432096 0.998649 0.0288465 -0.514236 0.0693516 -0.0258056 0.997258 -0.20276 0 0 0 1 
13001298760204;0.987501;1.31417;0.918529 -0.391994 0.0514277 -1.17478 0.393918 0.918493 -0.0346304 -1.73355 -0.0336611 0.0520673 0.998076 -0.396225 0 0 0 1 
13001298760205;1.27725;1.36328;0.924264 -0.37493 0.0718521 -0.279084 0.380118 0.921258 -0.082424 -2.02266 -0.0352911 0.103494 0.994004 0.743458 0 0 0 1 
13001298760206;0.732057;1.16112;0.992355 0.0149786 0.122503 -0.214632 0.0269031 0.942482 -0.333171 -0.750996 -0.120447 0.33392 0.934874 1.489 0 0 0 1 
13001298760207;0.280311;1.25845;0.907875 -0.403442 -0.114002 -0.766256 0.39521 0.914328 -0.0883945 -1.93815 0.139898 0.0351964 0.98954 -0.298926 0 0 0 1 
13001298760208;0.976835;1.13088;0.981336 -0.190922 0.0229806 -0.37145 0.191903 0.979966 -0.0532899 -1.67462 -0.012346 0.0567054 0.998315 0.535092 0 0 0 1 
13001298760209;0.510095;1.23346;0.970218 -0.241528 0.0184961 -0.39104 0.242101 0.964308 -0.107221 -1.49877 0.00806092 0.108506 0.994063 -0.00888011 0 0 0 1 
13001298760210;0.786915;1.32361;0.912954 -0.350037 0.209736 -0.961566 0.367557 0.928652 -0.0500636 -1.49701 -0.177248 0.122796 0.976475 0.514716 0 0 0 1 
13001298760211;0.331308;1.28605;0.961801 -0.234633 0.141018 -0.715096 0.215657 0.966723 0.137618 -1.50666 -0.168615 -0.10195 0.980395 0.277015 0 0 0 1 
13001298760212;0.525518;1.0587;0.987452 -0.115664 0.107522 -0.657205 0.118823 0.992639 -0.0234395 -1.02353 -0.104019 0.0359215 0.993926 0.152827 0 0 0 1 
13001298760213;1.26584;1.39022;0.965444 -0.257452 0.0404633 -0.275272 0.260451 0.947675 -0.184603 -1.49948 0.00918051 0.188763 0.98198 1.11844 0 0 0 1 
13001298760214;1.19532;1.51306;0.948613 -0.123851 0.291195 -0.145755 0.114558 0.992216 0.0488185 -0.739593 -0.294974 -0.0129511 0.955417 0.928414 0 0 0 1 
13001298760215;0.473246;1.28657;0.99347 0.0984192 0.0577123 -0.055763 -0.0980193 0.995137 -0.00972552 -0.788306 -0.0583889 0.00400509 0.998286 0.0523549 0 0 0 1 
13001298760217;0.222897;1.02672;0.912217 -0.409353 -0.0170534 -0.038095 0.409204 0.908239 0.0874919 -2.05328 -0.0203265 -0.0867899 0.996019 0.0163828 0 0 0 1 
13001298760218;0.56062;0.924918;0.967784 -0.210898 0.137537 0.404506 0.161829 0.939501 0.301909 -1.24155 -0.192888 -0.269925 0.943363 0.119226 0 0 0 1 
13001298760219;1.35156;1.13422;0.888531 -0.456995 0.0408352 -0.305143 0.457042 0.889402 0.00871755 -2.08605 -0.0403028 0.0109176 0.999128 1.2403 0 0 0 1 
13001298760220;0.477483;0.971002;0.768237 -0.562503 0.305618 -0.0714723 0.473971 0.820691 0.319089 -2.45627 -0.430307 -0.100282 0.897095 1.67189 0 0 0 1 
13001298760221;0.489369;1.02131;0.847852 -0.466551 0.251945 -0.0362285 0.401498 0.875259 0.26967 -2.34806 -0.346332 -0.127485 0.929409 1.29385 0 0 0 1 
13001298760222;1.04527;1.0971;0.942694 -0.332984 -0.0211864 -0.141419 0.326258 0.906629 0.267543 -2.43331 -0.0698793 -0.259123 0.963313 -0.653307 0 0 0 1 
13001298760223;0.25956;1.09979;0.943503 -0.267047 0.196182 0.0244 0.235041 0.956672 0.171854 -1.36015 -0.233575 -0.116034 0.96539 0.624122 0 0 0 1 
13001298760224;0.137794;0.898914;0.945919 -0.324398 0.0016501 -0.116681 0.32436 0.945866 0.0113262 -1.59989 -0.00523498 -0.0101785 0.999934 0.204303 0 0 0 1 
13001298760225;1.05742;0.911251;0.835239 -0.339361 0.432678 -0.473609 0.33633 0.937784 0.0862795 -2.09176 -0.435038 0.0734585 0.89741 2.12552 0 0 0 1 
13001298760226;1.15936;1.1635;0.975475 -0.213945 0.0517327 -0.253817 0.215949 0.975711 -0.0368116 -1.46153 -0.0426005 0.0470804 0.997982 0.995658 0 0 0 1 
13001298760227;0.324156;1.01188;0.99879 -0.0490947 -0.00272233 0.596853 0.0485062 0.992862 -0.108963 -0.33905 0.00805238 0.108699 0.994042 0.445984 0 0 0 1 
13001298760228;1.39459;1.18915;0.76159 -0.471414 0.444691 -0.535982 0.57655 0.806203 -0.132766 -2.2602 -0.295924 0.3575 0.88579 2.00953 0 0 0 1 
13001298760229;0.664996;1.15302;0.904412 -0.382747 0.188531 -0.194864 0.297514 0.882469 0.364326 -1.82607 -0.305817 -0.27341 0.911988 0.946459 0 0 0 1 
13001298760230;0.977712;0.976397;0.767236 -0.639916 0.0430907 -0.0689864 0.625033 0.761074 0.173491 -3.58658 -0.143815 -0.106176 0.983892 -0.168411 0 0 0 1 
13001298760231;0.367575;1.04556;0.964683 -0.0255152 0.262174 0.619425 0.00755243 0.997568 0.0692953 -0.305438 -0.263305 -0.064868 0.962529 0.809397 0 0 0 1 
13001298760232;0.090517;1.02286;0.951266 -0.308208 -0.009991 0.0177102 0.308088 0.951283 -0.0119439 -1.51608 0.0131855 0.00828372 0.999879 0.075201 0 0 0 1 
13001298760233;0.668099;0.780566;0.872043 -0.488509 0.0300093 -0.118048 0.486672 0.871997 0.0526492 -1.99151 -0.0518876 -0.0313076 0.998162 0.247756 0 0 0 1 
13001298760234;0.755306;1.05095;0.963559 -0.263661 -0.0451251 0.0930561 0.267494 0.950256 0.159565 -1.787 0.000809299 -0.165821 0.986156 0.128496 0 0 0 1 
13001298760235;0.973297;1.10593;0.938293 -0.345784 0.00635619 0.30252 0.345016 0.937162 0.0518838 -2.26051 -0.0238974 -0.0464892 0.998633 -0.158773 0 0 0 1 
13001298760236;0.97211;1.14897;0.83769 -0.478576 -0.263136 0.397367 0.520596 0.845351 0.119838 -2.82556 0.165091 -0.237375 0.957287 -1.68933 0 0 0 1 
13001298760237;0.48343;1.11081;0.948951 -0.306263 0.0754642 0.165129 0.306165 0.951888 0.0131446 -1.80276 -0.0758592 0.0106309 0.997062 0.250368 0 0 0 1 
13001298760238;0.245894;0.968104;0.957299 -0.285619 0.0447237 0.0389461 0.286698 0.957816 -0.0197937 -1.54751 -0.0371837 0.0317707 0.998803 0.439974 0 0 0 1 
13001298760239;0.597612;0.991457;0.999655 -0.0222514 -0.0139449 0.667908 0.0231744 0.997281 0.0699539 -0.448248 0.0123504 -0.0702529 0.997453 -0.440116 0 0 0 1 
13001298760240;0.379328;1.10576;0.898396 -0.437505 0.0383854 -0.0940624 0.433942 0.897739 0.0758855 -2.03176 -0.0676603 -0.0515182 0.996377 0.483463 0 0 0 1 
13001298760241;0.905295;0.953732;0.935229 -0.351496 -0.0424045 0.294762 0.35288 0.915737 0.192095 -1.49869 -0.0286891 -0.194616 0.98046 -0.482275 0 0 0 1 
13001298760242;0.886526;0.752304;0.816259 -0.547324 0.184817 -0.749552 0.513214 0.83392 0.202949 -2.73375 -0.265202 -0.0708082 0.961589 0.465382 0 0 0 1 
13001298760243;0.836676;0.919909;0.95898 -0.109843 0.261327 0.594232 0.117337 0.993004 -0.0131995 -0.908195 -0.258049 0.0433215 0.96516 0.748954 0 0 0 1 
13001298760244;1.22657;0.830943;0.985997 -0.16264 0.0368657 0.680551 0.161603 0.986413 0.0295727 -0.509034 -0.0411745 -0.023201 0.998883 0.773266 0 0 0 1 
13001298760245;1.14759;1.30101;0.918177 -0.394044 0.0410008 -0.709079 0.395362 0.917993 -0.0312719 -2.04914 -0.0253159 0.0449233 0.99867 0.0890529 0 0 0 1 
13001298760246;0.304771;0.906176;0.988434 -0.0992227 -0.114688 0.421217 0.0973735 0.995013 -0.0216292 -0.606548 0.116262 0.0102115 0.993166 -0.395266 0 0 0 1 
13001298760248;0.0489943;1.42552;0.998088 0.0190011 0.0588082 -0.0436701 -0.0170224 0.999278 -0.0339667 -1.17895 -0.0594111 0.0329007 0.997691 0.215389 0 0 0 1 
13001298760249;0.420407;1.47629;0.995722 0.0581011 0.0718408 -0.0975531 -0.0548694 0.997426 -0.0461684 -1.22038 -0.0743383 0.0420291 0.996347 -0.0185397 0 0 0 1 
13001298760250;0.517589;2.82382;0.798424 0.592394 0.107648 1.22366 -0.592955 0.804669 -0.0302127 -0.894453 -0.104519 -0.0397081 0.99373 0.645862 0 0 0 1 
13001298760251;0.918817;2.85517;0.790908 0.601325 0.11346 1.62057 -0.599656 0.798556 -0.0521681 -1.17143 -0.121974 -0.0267767 0.992172 0.0506337 0 0 0 1 
13001298760252;0.624083;2.86335;0.744914 0.661914 -0.0835027 1.72877 -0.663344 0.748197 0.0132687 -0.424787 0.0712592 0.0455069 0.996419 0.0390598 0 0 0 1 
13001298760253;0.848575;1.04436;0.978845 0.117788 0.167297 0.668995 -0.0850741 0.977941 -0.190774 -0.790501 -0.186077 0.172505 0.967273 1.38348 0 0 0 1 
13001298760254;0.316984;2.99609;0.845883 0.522103 -0.109044 0.809698 -0.533265 0.831894 -0.153562 -1.0101 0.0105376 0.188045 0.982104 0.747669 0 0 0 1 
13001298760255;0.292142;1.42206;0.958329 0.26002 -0.118302 0.941821 -0.266743 0.962726 -0.0447932 -0.543325 0.102245 0.0744827 0.991967 -0.242058 0 0 0 1 
13001298760256;0.288912;1.51295;0.998701 0.00478006 0.0507382 -0.0818048 -0.00147789 0.997889 -0.0649217 -1.45634 -0.0509414 0.0647623 0.9966 0.496477 0 0 0 1 
13001298760257;0.0896223;1.63486;0.992775 0.0368742 0.114187 0.0371611 -0.0401894 0.998831 0.0268681 -1.31256 -0.113062 -0.031263 0.993096 0.252939 0 0 0 1 
13001298760258;0.918056;2.92479;0.834296 0.534396 0.135541 1.32086 -0.544501 0.83723 0.0506352 -0.484876 -0.0864202 -0.116047 0.989477 -0.0465222 0 0 0 1 
13001298760259;0.628443;2.95829;0.743405 0.663278 0.0860915 1.26319 -0.665627 0.746283 -0.00188557 -0.582929 -0.0654992 -0.055903 0.996285 -0.421711 0 0 0 1 
13001298760260;0.777086;2.85102;0.841161 0.532284 0.0955076 0.948868 -0.529172 0.846563 -0.0575164 -0.320374 -0.111468 -0.00215935 0.993766 0.2928 0 0 0 1 
13001298760261;0.754638;2.89216;0.894603 0.377087 -0.239773 0.321175 -0.418566 0.895015 -0.154115 -0.854833 0.156485 0.238233 0.958518 0.788305 0 0 0 1 
13001298760262;0.728008;1.10949;0.994317 -0.0860918 0.0626278 -0.758416 0.088742 0.995217 -0.0408401 -1.39003 -0.0588122 0.0461657 0.997201 -0.13068 0 0 0 1 
13001298760263;0.523559;2.80509;0.937669 0.334004 0.0960056 0.189258 -0.346846 0.916719 0.198305 -1.31422 -0.0217753 -0.219244 0.975427 -0.429424 0 0 0 1 
