#;prob_registration_l1 -r /home/probabilistic_point_clouds_registration/build/tester /home/point_clouds_registration_benchmark/box_met_local.txt /home/point_clouds_registration_benchmark/box_met -s 0.2 -t 0.2 -p 0.3 -r 10000 -m 15 -i 40 
id;initial_error;final_error;transformation
7680147070000;1.79635;4.09323;0.874871 0.182708 0.448574 -9.4036 -0.124425 0.979822 -0.15642 -2.6306 -0.468102 0.0810332 0.879951 -32.9203 0 0 0 1 
7680147070001;0.811107;3.73938;0.981925 0.166166 0.0906205 -5.72829 -0.142062 0.963419 -0.22725 -3.30766 -0.125067 0.210268 0.969611 -12.7495 0 0 0 1 
7680147070002;1.49386;4.02666;0.964684 -0.0197963 -0.262665 -4.47222 -0.0516723 0.963575 -0.262398 1.84029 0.258292 0.266703 0.928523 7.69375 0 0 0 1 
7680147070003;0.946768;4.12351;0.991383 0.130981 0.00216056 -5.54671 -0.128141 0.973048 -0.191723 -3.23027 -0.0272144 0.189794 0.981447 -4.98158 0 0 0 1 
7680147070004;1.43077;5.08815;0.998791 -0.0438111 -0.0222754 -2.28979 0.0404159 0.990022 -0.134991 6.23167 0.0279673 0.133928 0.990596 -1.97829 0 0 0 1 
7680147070005;0.312811;3.99815;0.985215 0.16219 0.0551831 -5.87324 -0.163263 0.986461 0.0154894 -3.99361 -0.0519237 -0.0242698 0.998356 -3.98717 0 0 0 1 
7680147070006;1.56238;4.45383;0.999942 0.00600026 -0.00898679 -2.0074 -0.00582554 0.999796 0.0193431 4.7793 0.00910102 -0.0192897 0.999773 -2.29945 0 0 0 1 
7680147070007;1.77223;4.34817;0.96404 0.140787 0.225404 -5.88934 -0.192398 0.954821 0.226493 -3.82885 -0.183333 -0.261716 0.947573 -9.99572 0 0 0 1 
7680147070008;0.368314;4.17832;0.978521 0.186396 0.0880496 -6.58371 -0.18747 0.982262 0.00401027 -5.18056 -0.0857403 -0.0204308 0.996108 -5.90176 0 0 0 1 
7680147070009;2.02654;4.19849;0.999652 -0.00740068 0.0253047 -2.79398 0.00936659 0.996872 -0.0784754 5.28963 -0.0246448 0.0786851 0.996595 -6.97527 0 0 0 1 
7680147070010;1.67484;4.27748;0.991294 0.0263412 -0.129002 -3.81955 -0.027893 0.999558 -0.0102374 3.56975 0.128676 0.0137465 0.991591 8.24352 0 0 0 1 
7680147070011;1.58383;4.32522;0.966238 0.00377474 0.257623 -3.39287 0.0847776 0.939557 -0.331732 8.34047 -0.243304 0.342373 0.907515 -20.1315 0 0 0 1 
7680147070012;1.55669;3.74909;0.995834 0.0418274 0.0810208 -4.08459 -0.024346 0.978289 -0.205808 2.93092 -0.0878703 0.202978 0.975233 -8.1503 0 0 0 1 
7680147070013;1.90796;4.22465;0.994489 0.104383 0.00978822 -4.32919 -0.104343 0.97636 0.189298 0.354236 0.0102027 -0.189276 0.981871 -0.0278699 0 0 0 1 
7680147070014;1.7784;3.74055;0.991884 0.12516 -0.0223966 -4.84569 -0.126621 0.988343 -0.0845277 -2.02907 0.011556 0.0866776 0.996169 -4.34169 0 0 0 1 
7680147070015;0.363704;4.21619;0.996187 -0.0467319 -0.0736769 -2.69257 0.0705574 0.928233 0.365246 13.1352 0.0513207 -0.369052 0.927991 7.96259 0 0 0 1 
7680147070016;0.265959;3.85685;0.99608 0.0849635 0.0246325 -4.10175 -0.0860386 0.995207 0.0464841 0.47141 -0.020565 -0.0484212 0.998615 -1.82538 0 0 0 1 
7680147070017;0.994504;4.38145;0.996668 -0.0814945 -0.00333016 -1.83012 0.0815291 0.996598 0.0120892 10.4127 0.00233362 -0.0123204 0.999921 -2.11231 0 0 0 1 
7680147070018;1.14391;3.91023;0.920953 0.113538 -0.372766 -12.5197 -0.1137 0.99328 0.0216314 -0.953853 0.372717 0.0224618 0.927673 20.2258 0 0 0 1 
7680147070019;1.59901;3.49112;0.999048 0.0399471 0.0175525 -1.67688 -0.0399995 0.999196 0.00264968 3.92002 -0.0174326 -0.00334925 0.999842 -1.74416 0 0 0 1 
7680147070020;1.99055;4.07169;0.972771 0.0704571 0.220798 -6.0483 -0.0932572 0.991139 0.0945895 1.02117 -0.212177 -0.112605 0.970722 -10.4593 0 0 0 1 
7680147070021;1.30849;3.84164;0.965375 -0.0571426 -0.254531 -5.00301 0.106513 0.977018 0.184636 13.5418 0.238131 -0.205354 0.949275 14.9089 0 0 0 1 
7680147070022;0.490232;4.30279;0.997851 -0.0332226 0.0564706 -1.87587 0.0306368 0.998469 0.046055 7.59029 -0.0579142 -0.0442259 0.997341 -3.37726 0 0 0 1 
7680147070023;1.93092;3.08018;0.990419 0.128553 0.0504508 -4.27487 -0.120038 0.982012 -0.145751 -1.00285 -0.0682801 0.138299 0.988034 -6.67429 0 0 0 1 
7680147070024;2.01577;4.69037;0.98174 0.122814 -0.145269 -5.22253 -0.0934062 0.976485 0.194301 0.872207 0.165716 -0.177184 0.970126 10.1285 0 0 0 1 
7680147070025;1.53658;4.38607;0.959436 -0.0450397 -0.278307 -5.19495 0.00832677 0.991253 -0.131713 4.36942 0.281805 0.124053 0.951418 10.8597 0 0 0 1 
7680147070026;1.23157;4.17398;0.987339 0.1491 0.0541447 -5.30495 -0.153077 0.98507 0.0787702 -2.05711 -0.0415917 -0.0860612 0.995421 -0.700163 0 0 0 1 
7680147070027;1.05263;4.13294;0.937911 0.0539772 0.342649 -6.02926 -0.108806 0.983744 0.142859 0.132662 -0.329368 -0.171271 0.928538 -17.9626 0 0 0 1 
7680147070028;0.137424;3.95504;0.998407 0.0532105 0.0187838 -3.25947 -0.0534297 0.998507 0.0113659 2.00265 -0.0181509 -0.0123514 0.999759 -1.90918 0 0 0 1 
7680147070029;1.81513;3.05932;0.9972 0.0362103 -0.0654271 -4.19283 -0.0378564 0.998993 -0.0240956 3.95484 0.0644887 0.026505 0.997566 2.86118 0 0 0 1 
7680147070031;0.429088;2.57428;0.973844 -0.0511252 -0.22139 -5.39009 0.0508705 0.998682 -0.00685599 2.65234 0.221448 -0.00458553 0.975161 0.951692 0 0 0 1 
7680147070032;0.91489;2.69634;0.995086 -0.0142995 0.0979724 -3.7841 0.00578771 0.996225 0.0866189 3.57355 -0.0988412 -0.0856263 0.991412 -0.220048 0 0 0 1 
7680147070033;0.415478;2.33111;0.975961 -0.0159157 0.217363 -3.59159 0.0805616 0.953038 -0.291939 2.08116 -0.202509 0.302433 0.93141 -9.92554 0 0 0 1 
7680147070034;0.600344;2.69204;0.985192 -0.075924 -0.153726 -4.57113 0.0473555 0.982227 -0.181624 2.10373 0.164784 0.171655 0.971278 -2.3983 0 0 0 1 
7680147070035;0.44843;2.44379;0.997328 -0.0278391 0.0675379 -4.04195 0.0135573 0.979013 0.203348 3.1185 -0.0717815 -0.201889 0.976774 2.38268 0 0 0 1 
7680147070036;0.879785;2.03256;0.999355 -0.0353913 -0.00602918 -4.97455 0.0351457 0.998702 -0.0368763 2.64956 0.00732645 0.0366406 0.999302 -1.68604 0 0 0 1 
7680147070037;0.82527;2.66067;0.999408 -0.022508 0.0260227 -4.50637 0.0219776 0.999548 0.0204903 2.90786 -0.0264721 -0.0199063 0.999451 1.16328 0 0 0 1 
7680147070038;0.802274;2.2768;0.97923 -0.0301304 0.200503 -3.74785 -0.0287491 0.958272 0.28441 4.63311 -0.200706 -0.284267 0.937502 3.92728 0 0 0 1 
7680147070039;1.33952;2.21697;0.999876 0.00227484 0.0155515 -6.44088 -0.00259179 0.999789 0.0203906 2.18155 -0.0155018 -0.0204284 0.999671 0.643327 0 0 0 1 
7680147070040;0.158831;2.5805;0.998952 -0.0440684 -0.012388 -4.14304 0.0421383 0.990974 -0.127261 2.10404 0.0178843 0.126605 0.991792 -3.26641 0 0 0 1 
7680147070041;1.36617;2.42614;0.998049 -0.0441157 0.0441833 -3.88056 0.0427653 0.998602 0.0310562 2.77719 -0.0454916 -0.0291061 0.998541 -3.39161 0 0 0 1 
7680147070042;0.46675;2.59473;0.995635 -0.00509777 0.0931978 -4.40305 0.0247164 0.977262 -0.210591 1.82544 -0.0900051 0.211975 0.973122 -6.96221 0 0 0 1 
7680147070043;1.14629;2.8618;0.964082 0.0204715 0.264816 -3.13923 0.0399297 0.974524 -0.220702 1.30079 -0.262588 0.223349 0.938703 -7.90258 0 0 0 1 
7680147070044;0.702038;2.58292;0.9988 -0.0344954 -0.0347545 -4.63779 0.0367465 0.997119 0.0663636 3.15384 0.0323651 -0.0675611 0.99719 2.52354 0 0 0 1 
7680147070045;0.887978;2.40796;0.999011 -0.0218929 0.0386994 -4.20495 0.0223386 0.999689 -0.0111225 2.95478 -0.0384438 0.011976 0.999189 -2.58097 0 0 0 1 
7680147070046;0.520495;2.4122;0.993072 -0.0439536 0.108974 -3.37889 0.0625592 0.982811 -0.17369 2.07885 -0.0994668 0.179304 0.978752 -6.55363 0 0 0 1 
7680147070047;1.3778;2.3101;0.997059 0.0031983 -0.0765743 -6.89777 0.0181408 0.960888 0.276341 4.91615 0.0744632 -0.276917 0.958004 7.32797 0 0 0 1 
7680147070048;1.12108;3.25772;0.999526 -0.0305423 0.00392427 -3.80985 0.0307104 0.998055 -0.0542497 1.73735 -0.00225973 0.0543445 0.99852 -1.44504 0 0 0 1 
7680147070049;0.932757;2.42977;0.996252 -0.069361 -0.0516745 -4.18103 0.060699 0.986268 -0.153595 2.99247 0.0616184 0.149883 0.986782 -1.91093 0 0 0 1 
7680147070050;1.2993;2.06192;0.956735 -0.0785073 -0.28017 -6.47289 0.0410328 0.989693 -0.137204 1.87782 0.288054 0.119772 0.950095 -0.707133 0 0 0 1 
7680147070051;0.92457;2.60592;0.997291 -0.0516028 0.05242 -3.32642 0.0363401 0.965241 0.258823 4.09829 -0.0639539 -0.256217 0.964501 2.47904 0 0 0 1 
7680147070052;0.840224;2.78148;0.961094 -0.0594678 -0.269745 -5.2022 0.0999569 0.985244 0.138937 4.51738 0.257502 -0.160495 0.952856 6.37329 0 0 0 1 
7680147070053;0.82655;2.74665;0.999333 -0.0357357 0.00754758 -4.03734 0.0358796 0.999158 -0.0198772 2.53841 -0.0068309 0.0201347 0.999774 0.338721 0 0 0 1 
7680147070054;0.270576;2.59417;0.998083 -0.0114688 0.0608169 -4.69858 0.00896818 0.999109 0.0412316 2.42293 -0.0612356 -0.0406071 0.997297 -0.477969 0 0 0 1 
7680147070055;0.73698;2.66739;0.981658 -0.156563 -0.10879 -2.56259 0.0922982 0.889574 -0.44737 2.62875 0.166818 0.429123 0.887708 -7.63071 0 0 0 1 
7680147070056;0.896614;2.40891;0.997934 -0.0600361 -0.0228901 -3.65313 0.0592882 0.997726 -0.0320606 2.44381 0.0247629 0.0306373 0.999224 -3.05287 0 0 0 1 
7680147070057;0.403726;2.38574;0.997668 -0.00790249 0.0677966 -4.89188 0.0112207 0.99875 -0.0487031 2.22493 -0.067327 0.0493503 0.99651 -2.39159 0 0 0 1 
7680147070058;0.771956;2.42551;0.991903 -0.00143139 0.126988 -4.38945 0.023565 0.984646 -0.172967 1.89589 -0.124791 0.174559 0.976707 -7.34256 0 0 0 1 
7680147070059;0.054331;2.51828;0.998776 -0.0412118 0.0273631 -3.83253 0.0416883 0.998985 -0.0170781 2.495 -0.0266315 0.0181979 0.99948 -1.47795 0 0 0 1 
7680147070060;0.252286;2.52391;0.999753 -0.0201454 0.00940753 -4.45639 0.0169211 0.963874 0.265822 4.46921 -0.0144228 -0.265597 0.963976 4.43783 0 0 0 1 
7680147070062;0.694613;2.94735;0.99668 0.0558806 0.0592171 2.15398 -0.057643 0.997931 0.0284829 -2.0344 -0.057503 -0.0318018 0.997839 -0.98072 0 0 0 1 
7680147070063;0.642429;2.7942;0.999211 -0.0222629 -0.0328859 3.70942 0.0222789 0.999752 0.000119357 -0.152763 0.0328751 -0.000851923 0.999459 0.50998 0 0 0 1 
7680147070064;1.73702;2.41518;0.997034 -0.0496247 -0.0588273 1.87536 0.0360247 0.976373 -0.213069 -0.392622 0.0680108 0.210318 0.975265 -3.07017 0 0 0 1 
7680147070065;2.03958;3.23259;0.980492 -0.0231726 -0.195188 0.258815 0.0518376 0.988356 0.14306 1.71785 0.1896 -0.150388 0.970276 6.55789 0 0 0 1 
7680147070066;1.4044;2.66003;0.997216 -0.00996505 0.0738915 2.12899 0.0198787 0.990691 -0.134672 -0.496246 -0.0718616 0.135766 0.988131 -3.84033 0 0 0 1 
7680147070067;2.44929;2.83425;0.996462 -0.0165213 -0.0824025 3.7194 0.0176697 0.999756 0.0132273 -0.496954 0.0821639 -0.0146365 0.996511 -0.202626 0 0 0 1 
7680147070068;0.72785;2.68738;0.99723 -0.0155614 -0.0727274 2.82157 0.0127278 0.999148 -0.0392641 -0.442018 0.0732764 0.0382297 0.996579 2.15548 0 0 0 1 
7680147070069;0.403431;2.60588;0.996444 -0.0490263 0.0685327 4.03305 0.0731796 0.906699 -0.415382 0.189764 -0.0417738 0.41892 0.907062 -8.55927 0 0 0 1 
7680147070070;2.46104;3.17083;0.928317 -0.123539 -0.350664 1.61028 0.0448349 0.973495 -0.22427 -1.09403 0.369076 0.192472 0.909251 3.77384 0 0 0 1 
7680147070071;1.40642;2.35166;0.948067 0.0556729 0.313161 2.38118 -0.0959102 0.988773 0.114579 -1.84016 -0.303266 -0.138663 0.942763 -6.45613 0 0 0 1 
7680147070072;0.468235;2.43263;0.99695 0.00233151 -0.0780111 2.15213 -0.00267886 0.999987 -0.00434828 -0.623316 0.0779999 0.004544 0.996943 1.68252 0 0 0 1 
7680147070073;0.953779;2.38874;0.995701 0.014846 0.0914318 2.60904 0.00368667 0.979939 -0.199263 -1.60934 -0.0925559 0.198743 0.975671 -4.72664 0 0 0 1 
7680147070074;0.189263;2.4945;0.998888 -0.0410905 -0.0231289 3.34028 0.0364998 0.984346 -0.172428 -0.718424 0.029852 0.171392 0.984751 -2.12926 0 0 0 1 
7680147070075;2.44638;2.74698;0.96012 -0.0938246 -0.263375 4.70805 0.0104892 0.953436 -0.301414 -1.57544 0.279391 0.286631 0.916397 2.15432 0 0 0 1 
7680147070076;2.31741;2.94885;0.995756 -0.00847045 -0.0916375 2.86474 0.00562312 0.999495 -0.0312853 -0.956915 0.0918562 0.0306373 0.995301 3.9991 0 0 0 1 
7680147070077;2.21484;2.18166;0.999552 0.00662485 -0.0291963 3.73293 -0.00987389 0.993593 -0.112585 -1.54671 0.0282634 0.112823 0.993213 0.859051 0 0 0 1 
7680147070078;0.226189;2.56746;0.991596 0.0342109 -0.124766 1.43905 0.00931324 0.943024 0.332596 2.61905 0.129036 -0.330963 0.93478 8.57459 0 0 0 1 
7680147070079;1.94297;3.30685;0.995415 0.0155018 0.0943836 2.75981 0.00784416 0.970224 -0.242081 -1.20752 -0.095326 0.241711 0.965655 -6.82124 0 0 0 1 
7680147070080;2.14298;2.55278;0.999384 -0.0266434 -0.0228466 2.6591 0.0215951 0.979934 -0.198149 -0.564229 0.0276675 0.197533 0.979906 -0.178524 0 0 0 1 
7680147070081;1.69906;2.65251;0.999038 -0.000634086 0.0438398 4.38383 0.00611496 0.992138 -0.125 -1.13003 -0.0434159 0.125148 0.991188 -1.64363 0 0 0 1 
7680147070082;2.0972;2.64524;0.956521 -0.106868 -0.271381 1.69563 0.0306282 0.962114 -0.270921 -1.04617 0.290052 0.250829 0.923555 4.31297 0 0 0 1 
7680147070083;0.59076;2.49462;0.999876 -0.0146033 0.00589043 2.83249 0.0157221 0.946669 -0.321823 -1.66644 -0.000876615 0.321876 0.946781 -5.8403 0 0 0 1 
7680147070084;0.946739;2.58436;0.99917 -0.0190951 -0.0359837 3.82525 0.0195212 0.999743 0.0115283 -0.277045 0.0357543 -0.0122212 0.999286 2.05734 0 0 0 1 
7680147070085;1.67199;2.55279;0.961994 0.0340672 -0.270936 0.112422 0.0624778 0.938409 0.339831 4.11657 0.265826 -0.343843 0.900616 13.3555 0 0 0 1 
7680147070086;1.58068;2.91358;0.999327 0.0196616 -0.0309687 2.60278 -0.0190224 0.999603 0.0208014 -1.16748 0.0313654 -0.0201983 0.999304 -0.45217 0 0 0 1 
7680147070087;0.945675;3.35927;0.989811 0.0242929 -0.140301 1.77869 -0.0529609 0.977456 -0.204389 -3.08995 0.132173 0.209737 0.968783 -0.63242 0 0 0 1 
7680147070088;1.00125;3.14162;0.982148 0.037024 0.184431 3.2982 -0.0325596 0.9991 -0.0271776 -2.1389 -0.185271 0.0206874 0.98247 -5.05009 0 0 0 1 
7680147070089;1.42162;3.35063;0.998667 0.0336586 0.0391353 3.3766 -0.0344532 0.99921 0.0198112 -1.86786 -0.0384376 -0.0211331 0.999038 1.1486 0 0 0 1 
7680147070090;0.678915;2.69795;0.997885 -0.0101713 -0.0641989 3.27059 0.0124361 0.999311 0.0349787 0.0124965 0.0637988 -0.0357032 0.997324 2.09909 0 0 0 1 
7680147070091;1.30647;2.56436;0.986956 -0.0666274 -0.146554 1.52434 0.0508646 0.992762 -0.108792 0.475728 0.152742 0.0999189 0.983202 2.02948 0 0 0 1 
7680147070093;0.528987;1.40928;0.996387 -0.012365 -0.0840257 -2.21018 0.0178345 0.997748 0.0646568 0.693117 0.083037 -0.0659218 0.994364 7.28663 0 0 0 1 
7680147070094;0.750267;1.39691;0.977173 -0.0182806 -0.211656 -3.715 0.0453831 0.991255 0.12391 3.52867 0.20754 -0.130687 0.969458 17.553 0 0 0 1 
7680147070095;1.32662;2.1257;0.99437 0.0638446 0.0845647 -4.7219 -0.0382392 0.96053 -0.275537 -6.90373 -0.0988184 0.270752 0.957564 -13.3887 0 0 0 1 
7680147070096;1.72861;2.1161;0.999039 0.0194214 0.0392807 -3.26538 -0.0175075 0.99867 -0.0484942 -3.66953 -0.0401703 0.04776 0.998051 -0.365899 0 0 0 1 
7680147070097;1.58172;2.37871;0.997564 -0.0143717 -0.0682623 -1.49438 0.0181891 0.998286 0.0556346 1.01723 0.0673457 -0.0567407 0.996115 6.59343 0 0 0 1 
7680147070098;0.811119;1.50044;0.981633 -0.0209402 -0.189628 -5.09932 0.00216486 0.995117 -0.0986819 -2.27675 0.190769 0.0964589 0.976884 12.4804 0 0 0 1 
7680147070099;0.734807;1.4804;0.9996 0.0211815 0.0187336 -3.20504 -0.0211582 0.999775 -0.00144211 -3.64917 -0.0187599 0.00104516 0.999823 -1.48365 0 0 0 1 
7680147070100;0.613699;1.8217;0.932062 0.0806263 0.353213 -6.85182 -0.058664 0.995644 -0.0724679 -6.55514 -0.357517 0.0468237 0.932732 -27.2403 0 0 0 1 
7680147070101;0.463274;1.45125;0.999005 0.00781654 -0.0439185 -2.22158 -0.013076 0.992594 -0.120776 -2.906 0.0426492 0.12123 0.991708 0.170192 0 0 0 1 
7680147070102;1.71997;1.84063;0.989808 0.0765582 0.120081 -3.60501 -0.0528348 0.980443 -0.189578 -6.63744 -0.132247 0.181301 0.974495 -15.6949 0 0 0 1 
7680147070103;0.768405;2.24524;0.982224 0.036671 0.184097 -3.64984 -0.0441909 0.998341 0.0369109 -4.59394 -0.182438 -0.0443902 0.982215 -10.2996 0 0 0 1 
7680147070104;1.11988;1.56792;0.999553 0.0223003 0.0199373 -3.301 -0.0212701 0.998499 -0.0504703 -4.56858 -0.0210329 0.0500237 0.998527 -2.55678 0 0 0 1 
7680147070105;0.792054;2.78316;0.967458 0.0202379 0.252223 -4.45865 -0.0180181 0.999776 -0.0111074 -4.11985 -0.252391 0.00620137 0.967605 -18.4958 0 0 0 1 
7680147070106;0.562855;2.16297;0.999155 0.00341214 -0.0409472 -3.69519 -0.0059252 0.998095 -0.0614097 -2.77448 0.0406597 0.0616005 0.997272 2.837 0 0 0 1 
7680147070107;0.610731;1.66493;0.999769 0.00480683 0.0209579 -2.22104 -0.00775471 0.989702 0.142934 -0.517921 -0.0200551 -0.143063 0.98951 2.98032 0 0 0 1 
7680147070108;1.42716;2.40937;0.999436 0.0178874 -0.0284312 -3.7204 -0.0191922 0.998743 -0.0463027 -3.0872 0.0275672 0.0468223 0.998523 0.022628 0 0 0 1 
7680147070109;0.474796;2.1583;0.894013 0.0371617 0.446497 -7.97458 -0.100095 0.987933 0.118193 -8.08493 -0.436717 -0.150359 0.886944 -28.2401 0 0 0 1 
7680147070110;0.941477;1.62773;0.999817 0.004847 0.0184848 -3.06013 -0.00362991 0.997858 -0.0653169 -3.24528 -0.0187618 0.0652379 0.997693 -2.64672 0 0 0 1 
7680147070111;1.47967;1.61643;0.999879 0.0130302 0.00852336 -0.722477 -0.0128481 0.999695 -0.0210835 -1.45713 -0.00879548 0.0209714 0.999741 0.444892 0 0 0 1 
7680147070112;1.75011;1.38939;0.996762 0.010115 -0.0797657 -5.00624 0.0186127 0.936081 0.351291 2.72648 0.0782205 -0.351638 0.932862 12.2119 0 0 0 1 
7680147070113;1.0332;1.36721;0.996477 0.0321704 0.0774475 -2.94703 -0.0275633 0.997828 -0.0598374 -3.2138 -0.0792043 0.0574919 0.995199 -6.28889 0 0 0 1 
7680147070114;0.426388;1.36199;0.981063 -0.0306506 0.191248 -1.14787 -0.0461566 0.921957 0.384532 0.320348 -0.188109 -0.386077 0.903083 -4.17477 0 0 0 1 
7680147070115;1.70185;1.82803;0.993461 0.0232372 -0.111778 -4.13956 -0.0617492 0.932869 -0.354883 -8.13399 0.096028 0.359464 0.928205 -2.09049 0 0 0 1 
7680147070116;1.08478;1.20921;0.996597 0.070138 0.0433045 -4.3304 -0.0507035 0.935818 -0.348819 -5.76808 -0.0649905 0.345436 0.936189 -14.2472 0 0 0 1 
7680147070117;0.562653;1.30108;0.99641 0.0249767 0.0808846 -1.48318 -0.0328236 0.994725 0.0971856 -2.36069 -0.0780306 -0.0994917 0.991974 -2.86921 0 0 0 1 
7680147070118;0.421204;1.44115;0.993472 -0.0137198 -0.113252 -2.73736 0.00318093 0.995687 -0.092718 -1.40033 0.114036 0.0917524 0.989231 6.32566 0 0 0 1 
7680147070119;1.56631;1.15244;0.997655 0.0211213 0.0650973 -1.82919 -0.0172401 0.998072 -0.0596169 -2.83091 -0.066231 0.0583548 0.996096 -8.34605 0 0 0 1 
7680147070120;0.829004;2.4627;0.999968 0.000982249 -0.00789723 -4.01991 -0.00234669 0.984623 -0.174677 -4.00835 0.00760422 0.17469 0.984594 -2.07254 0 0 0 1 
7680147070121;0.0967963;1.63609;0.996827 0.0176155 0.0776266 -2.44462 -0.0205363 0.999105 0.0369901 -2.67968 -0.0769055 -0.0384669 0.996296 -4.06199 0 0 0 1 
7680147070122;0.194803;1.5297;0.999833 0.000720113 -0.0182821 -2.36487 -0.00133585 0.999431 -0.0336898 -1.77947 0.0182475 0.0337086 0.999265 1.04395 0 0 0 1 
7680147070124;1.64617;2.65984;0.992459 -0.0455068 0.11382 -2.38844 0.0611923 0.98849 -0.138358 6.38369 -0.106213 0.144279 0.98382 -9.05601 0 0 0 1 
7680147070125;1.40625;2.89163;0.9977 -0.0546193 0.0401518 -2.44499 0.0547228 0.9985 -0.00148374 7.37536 -0.0400106 0.00367755 0.999192 -5.07878 0 0 0 1 
7680147070126;1.2267;2.5879;0.997179 -0.071739 -0.022097 -3.34645 0.0719573 0.997365 0.00924397 8.86706 0.0213757 -0.0108079 0.999713 1.12031 0 0 0 1 
7680147070127;1.9725;2.44489;0.98735 -0.0822994 -0.135525 -2.39807 0.0640387 0.988912 -0.133985 7.187 0.145049 0.123611 0.981673 7.42654 0 0 0 1 
7680147070128;1.62499;3.3608;0.96539 -0.102424 -0.239857 -5.72861 0.101785 0.994692 -0.0150851 9.99646 0.240128 -0.00985081 0.970691 12.5413 0 0 0 1 
7680147070129;0.486275;2.69487;0.99845 -0.0452074 -0.0324679 -2.11381 0.0435668 0.99782 -0.0495743 5.83868 0.0346382 0.0480829 0.998243 2.18903 0 0 0 1 
7680147070130;1.63305;3.64525;0.995787 -0.0347706 0.0848462 -2.7719 0.0257818 0.994156 0.104828 6.15518 -0.0879953 -0.102199 0.990864 -4.89937 0 0 0 1 
7680147070131;2.14793;2.56507;0.92796 0.0479908 0.369578 -5.4698 0.0427174 0.971442 -0.233402 5.85579 -0.370225 0.232375 0.899408 -25.9197 0 0 0 1 
7680147070132;1.4581;3.63078;0.994946 -0.0655472 -0.0760648 -3.58925 0.0645892 0.997799 -0.0149888 7.56438 0.0768799 0.0100001 0.99699 2.4413 0 0 0 1 
7680147070133;1.07349;3.74952;0.999397 -0.0265154 -0.0224127 -2.74666 0.0261848 0.999546 -0.0149175 4.65444 0.0227981 0.0143216 0.999638 1.14324 0 0 0 1 
7680147070134;1.69636;2.73227;0.993744 -0.042665 -0.103214 -2.80568 0.029136 0.99119 -0.129202 4.41882 0.107817 0.125386 0.986232 8.919 0 0 0 1 
7680147070135;0.51747;2.7977;0.940656 -0.106225 -0.322309 -6.77175 0.103782 0.994291 -0.0248081 9.76848 0.323104 -0.0101139 0.946309 19.2692 0 0 0 1 
7680147070136;0.646267;3.49361;0.918664 -0.120138 -0.376329 -9.34017 0.0682582 0.98658 -0.148326 7.75708 0.389098 0.110574 0.914536 25.2029 0 0 0 1 
7680147070137;2.04694;3.89632;0.99371 -0.0221306 -0.109777 -3.72684 0.0373426 0.989656 0.138516 6.43597 0.105576 -0.141745 0.984257 7.7286 0 0 0 1 
7680147070138;0.720049;2.80455;0.999396 -0.0269182 -0.0219719 -2.23389 0.0245665 0.994577 -0.101063 4.52197 0.0245731 0.100462 0.994637 0.690918 0 0 0 1 
7680147070139;1.74647;2.22614;0.997609 -0.0492856 0.0484439 -2.08737 0.0506377 0.99835 -0.0270907 5.78576 -0.0470288 0.029479 0.998458 -5.80881 0 0 0 1 
7680147070140;0.663015;3.54363;0.999003 -0.0422311 0.0144527 -2.77733 0.0433393 0.995203 -0.087706 5.96047 -0.0106795 0.088245 0.996042 -1.44694 0 0 0 1 
7680147070141;0.53013;3.49123;0.998628 -0.0471559 0.0227584 -2.17738 0.0474735 0.99878 -0.0136197 6.59742 -0.0220884 0.0146815 0.999648 -1.96111 0 0 0 1 
7680147070142;1.96977;2.74721;0.982438 -0.0904135 -0.163221 -5.93491 0.0518478 0.972589 -0.226675 6.96386 0.179241 0.214231 0.960197 13.0462 0 0 0 1 
7680147070143;0.856847;3.21742;0.981752 -0.0317567 0.187494 -3.78748 0.000154352 0.98609 0.16621 4.30497 -0.190164 -0.163149 0.968101 -13.7137 0 0 0 1 
7680147070144;1.63732;3.38423;0.996151 -0.00303009 0.0875967 -1.9988 0.00176489 0.999893 0.0145174 2.62046 -0.0876313 -0.0143069 0.99605 -7.36402 0 0 0 1 
7680147070145;0.140484;3.22554;0.997285 -0.0703224 0.0218349 -2.60809 0.0705835 0.99744 -0.0114245 8.24956 -0.0209756 0.0129347 0.999696 -1.87537 0 0 0 1 
7680147070146;1.19743;2.82095;0.996046 -0.0660724 -0.0593846 -3.27073 0.0669185 0.997682 0.0123711 8.3611 0.0584296 -0.0162961 0.998159 1.84963 0 0 0 1 
7680147070147;0.293378;2.60719;0.99717 -0.00821042 0.0747281 -1.87935 0.0153012 0.995377 -0.0948162 3.60237 -0.0736042 0.0956913 0.992686 -4.93978 0 0 0 1 
7680147070148;2.08491;2.56305;0.993652 -0.0498124 -0.100865 -1.88717 0.0661063 0.984031 0.165269 7.31787 0.0910214 -0.170888 0.981077 7.01033 0 0 0 1 
7680147070149;2.16398;2.52822;0.987618 -0.0767407 -0.136829 -3.08597 0.0528047 0.983909 -0.170687 7.14115 0.147726 0.161348 0.975778 9.27743 0 0 0 1 
7680147070150;0.570326;3.51146;0.999157 -0.00201119 0.0409923 -2.6343 0.0194944 0.90219 -0.430897 3.10893 -0.0361163 0.431333 0.901469 -1.30724 0 0 0 1 
7680147070151;0.700204;3.18343;0.99335 -0.0757274 -0.0867207 -3.85202 0.0764997 0.997054 0.00561231 8.98321 0.0860402 -0.0122091 0.996217 4.62754 0 0 0 1 
7680147070152;0.196422;3.14784;0.9985 -0.054023 -0.00893511 -2.54607 0.0538383 0.998354 -0.0197635 6.94311 0.00998809 0.0192528 0.999765 0.225244 0 0 0 1 
7680147070153;0.328459;3.58734;0.999316 -0.0334928 -0.0156497 -2.8949 0.0270855 0.951433 -0.306661 4.71222 0.0251605 0.306028 0.95169 2.14565 0 0 0 1 
7680147070155;0.140686;3.73367;0.999422 -0.00873193 -0.0328445 5.465 0.00739602 0.999149 -0.0405776 2.25485 0.0331709 0.0403112 0.998636 3.57969 0 0 0 1 
7680147070156;0.73666;3.54833;0.999149 0.00360133 -0.0410836 5.87866 -0.00548291 0.998937 -0.0457785 0.620156 0.040875 0.0459648 0.998106 4.64019 0 0 0 1 
7680147070157;1.89722;4.38098;0.9961 -0.0407609 -0.0782466 4.11178 0.0432771 0.99859 0.030734 7.05299 0.0768836 -0.0340004 0.99646 10.248 0 0 0 1 
7680147070158;1.79956;3.81455;0.997421 -0.0231162 -0.0679427 5.16235 0.0087874 0.97892 -0.204057 2.99897 0.0712274 0.202934 0.976598 9.08896 0 0 0 1 
7680147070159;1.65931;4.53996;0.998542 0.00457629 -0.0537837 4.6141 -0.00703581 0.998934 -0.0456299 0.540129 0.0535176 0.0459418 0.99751 4.4413 0 0 0 1 
7680147070160;0.0621527;3.71939;0.998642 0.0212653 -0.0475558 5.36214 -0.0233959 0.998726 -0.0447043 -1.08212 0.0465446 0.0457562 0.997868 5.28324 0 0 0 1 
7680147070161;0.430207;3.86445;0.99675 -0.037367 -0.0713612 5.34807 0.031829 0.996506 -0.0772242 4.99891 0.0739974 0.0747019 0.994457 8.33805 0 0 0 1 
7680147070162;0.473536;3.73723;0.96952 0.0503863 0.239775 3.10133 -0.0507534 0.9987 -0.00464761 -3.96468 -0.239697 -0.00766342 0.970817 -26.7522 0 0 0 1 
7680147070163;0.736349;4.08414;0.991758 0.0320301 0.124057 4.98558 -0.046592 0.992118 0.11632 -3.40325 -0.119353 -0.121141 0.985434 -13.051 0 0 0 1 
7680147070164;0.540732;3.99167;0.996713 -0.0366337 -0.0722521 5.10065 0.0239229 0.985235 -0.169525 3.84155 0.0773957 0.16724 0.982874 9.54571 0 0 0 1 
7680147070165;1.76832;3.79461;0.99962 0.00513286 -0.0270876 5.31366 -0.00643462 0.998817 -0.0481913 0.714813 0.0268082 0.0483472 0.998471 5.81795 0 0 0 1 
7680147070166;0.877488;3.7682;0.994682 0.0215216 -0.100717 5.11289 -0.00940652 0.99282 0.11925 0.564835 0.10256 -0.117669 0.987743 9.31008 0 0 0 1 
7680147070167;0.355143;3.96677;0.995738 -0.0531019 -0.0754015 4.94306 0.0499651 0.997829 -0.0428962 7.07965 0.0775157 0.0389459 0.99623 8.86211 0 0 0 1 
7680147070168;0.458362;3.79208;0.999821 -0.00393058 0.0185239 6.02964 0.00238587 0.996573 0.0826859 2.54614 -0.0187855 -0.0826269 0.996403 -2.80735 0 0 0 1 
7680147070169;1.52541;3.44845;0.959221 -0.0479497 -0.278562 1.43461 0.0658457 0.996299 0.0552422 8.67451 0.274882 -0.0713315 0.958828 28.4827 0 0 0 1 
7680147070170;1.71122;4.19182;0.997339 0.0356476 0.0635955 5.09711 -0.0303847 0.996178 -0.0818863 -1.66986 -0.0662715 0.079736 0.994611 -6.21356 0 0 0 1 
7680147070171;1.73488;3.1409;0.993462 -0.0445419 -0.105115 5.85354 0.0134005 0.95988 -0.280092 2.71083 0.113374 0.276852 0.954201 12.2672 0 0 0 1 
7680147070172;1.09968;3.56886;0.999794 -0.00219731 -0.0201644 6.14768 0.00139434 0.999209 -0.0397495 1.08212 0.0202358 0.0397132 0.999006 2.49456 0 0 0 1 
7680147070173;0.591876;3.73099;0.960407 -0.000604546 -0.2786 0.0495046 0.0126796 0.999056 0.0415419 3.25559 0.278312 -0.0434296 0.959508 30.5139 0 0 0 1 
7680147070174;1.36958;4.42211;0.997617 -0.057645 0.0379002 5.21097 0.0631372 0.984301 -0.16482 7.68047 -0.0278041 0.16682 0.985595 -3.98824 0 0 0 1 
7680147070175;0.533565;3.69063;0.998944 0.000832714 -0.0459379 5.43042 -0.0028654 0.999019 -0.0442004 1.37784 0.045856 0.0442853 0.997966 5.67743 0 0 0 1 
7680147070176;0.79171;3.71444;0.992599 0.0152114 0.120483 5.48312 -0.00103721 0.99315 -0.116843 0.627515 -0.121435 0.115854 0.985815 -12.0572 0 0 0 1 
7680147070177;1.74498;3.96898;0.960752 0.0420071 0.274208 2.26858 -0.0137118 0.994451 -0.104302 -1.2402 -0.277068 0.0964481 0.955997 -30.1235 0 0 0 1 
7680147070178;1.38005;4.4481;0.995555 -0.0464639 0.081924 5.14151 0.0569126 0.989852 -0.130209 7.15991 -0.0750426 0.134293 0.988096 -9.18355 0 0 0 1 
7680147070179;1.66284;3.63329;0.999233 0.00989435 0.0378852 6.39023 -0.010651 0.999747 0.0198217 -0.17271 -0.0376795 -0.02021 0.999085 -3.0338 0 0 0 1 
7680147070180;1.25183;3.95239;0.969201 0.0460359 -0.241929 1.33528 -0.0146179 0.991395 0.130088 0.208224 0.245836 -0.122545 0.961534 24.5047 0 0 0 1 
7680147070181;1.00094;3.98979;0.997636 0.0476402 0.0495353 5.99164 -0.0556777 0.982786 0.176156 -4.29231 -0.0402905 -0.178498 0.983115 -6.32971 0 0 0 1 
7680147070182;1.8528;4.38214;0.98052 0.0553952 0.188449 5.20135 -0.0739179 0.992944 0.0927234 -6.2542 -0.181983 -0.104847 0.977696 -23.0903 0 0 0 1 
7680147070183;0.963883;3.81104;0.988866 0.0595354 0.13638 6.0225 -0.0802741 0.985114 0.152011 -6.32948 -0.1253 -0.161266 0.978925 -15.3793 0 0 0 1 
7680147070184;0.147928;3.78828;0.998331 0.0146029 -0.0558815 5.46943 -0.0156163 0.999721 -0.0177421 -0.113287 0.0556068 0.0185852 0.99828 6.26052 0 0 0 1 
7680147070186;1.27351;4.72847;0.993919 0.106975 0.0261209 3.3261 -0.104817 0.991782 -0.0733585 -6.11897 -0.0337537 0.0701745 0.996964 -3.0962 0 0 0 1 
7680147070187;0.700101;4.38714;0.945842 0.0978474 0.309529 -0.785668 -0.15395 0.974653 0.162327 -10.7296 -0.285801 -0.201188 0.936932 -30.917 0 0 0 1 
7680147070188;1.39118;4.86975;0.997113 0.0535038 0.0538787 4.56088 -0.055311 0.997936 0.0326286 -0.96143 -0.0520217 -0.0355145 0.998014 -7.77682 0 0 0 1 
7680147070189;1.30828;4.56106;0.963812 0.0203223 -0.265806 0.327333 0.0774571 0.932725 0.352172 16.7452 0.25508 -0.360016 0.897398 29.4977 0 0 0 1 
7680147070190;1.12112;4.94429;0.99008 0.0691018 0.122338 3.73867 -0.106483 0.937089 0.332454 -4.04901 -0.0916687 -0.342182 0.935151 -9.25547 0 0 0 1 
7680147070191;1.94775;4.06276;0.998039 0.00362873 -0.0624863 5.71546 0.00903512 0.97951 0.201193 7.46204 0.061936 -0.201363 0.977557 7.45999 0 0 0 1 
7680147070192;1.68036;4.67502;0.987291 0.0394948 0.153938 3.63393 -0.0349943 0.99888 -0.0318378 2.29076 -0.155023 0.0260462 0.987567 -17.3201 0 0 0 1 
7680147070193;1.11849;4.60278;0.998273 0.0469107 0.0353669 5.0874 -0.0356341 0.962109 -0.270327 0.654532 -0.046708 0.2686 0.962119 -6.66746 0 0 0 1 
7680147070194;0.766853;5.07945;0.999077 0.0380183 0.0199751 4.12247 -0.0384295 0.999049 0.02062 1.13121 -0.0191722 -0.0213686 0.999588 -2.79916 0 0 0 1 
7680147070195;0.416426;4.5317;0.995619 0.0647896 0.0674117 4.23817 -0.0593914 0.995087 -0.079215 -1.60119 -0.0722128 0.0748643 0.994576 -9.23531 0 0 0 1 
7680147070196;0.748225;4.947;0.998912 0.0346508 0.0312053 3.9404 -0.0370861 0.996009 0.081181 1.53041 -0.0282678 -0.08225 0.996211 -2.64042 0 0 0 1 
7680147070197;0.500793;4.50532;0.997536 0.0657465 0.024464 4.25156 -0.0589876 0.974889 -0.214736 -2.14889 -0.0379679 0.212764 0.976366 -6.17943 0 0 0 1 
7680147070198;0.104802;4.66017;0.999501 0.0279298 0.0147815 4.59081 -0.029254 0.994695 0.09862 2.63847 -0.0119486 -0.0990032 0.995015 -0.894243 0 0 0 1 
7680147070199;1.797;5.05153;0.97982 0.0845808 0.181102 3.09503 -0.0774746 0.995934 -0.0459726 -3.83409 -0.184254 0.0310141 0.982389 -23.4103 0 0 0 1 
7680147070200;0.574851;4.44137;0.997265 0.0712869 -0.0195228 3.4267 -0.0698007 0.995212 0.0684184 -2.02445 0.0243067 -0.0668686 0.997466 2.24149 0 0 0 1 
7680147070201;1.66238;5.39732;0.971848 0.00379301 -0.235578 0.48328 -0.00309351 0.99999 0.00333882 4.10094 0.235588 -0.00251606 0.97185 24.9321 0 0 0 1 
7680147070202;0.856075;5.24104;0.999043 0.0284409 0.0332194 4.76501 -0.0338162 0.984082 0.174468 2.23588 -0.0277286 -0.175424 0.984102 -1.68883 0 0 0 1 
7680147070203;0.151635;4.6977;0.999312 0.0309447 0.0204325 4.63534 -0.0312785 0.999379 0.0162257 2.2768 -0.0199177 -0.0168537 0.99966 -2.39275 0 0 0 1 
7680147070204;1.87474;5.57464;0.999413 0.0263919 0.0218288 3.88409 -0.0263007 0.999644 -0.00445693 2.45878 -0.0219386 0.0038802 0.999752 -1.22673 0 0 0 1 
7680147070205;1.34644;4.11231;0.999568 0.0206504 0.0209074 5.44574 -0.0226661 0.9946 0.101277 4.24809 -0.0187031 -0.101707 0.994639 -1.91071 0 0 0 1 
7680147070206;0.882492;4.6899;0.909126 -0.0667121 -0.411143 -6.2246 0.0247513 0.993999 -0.106556 8.44305 0.415785 0.0866961 0.905322 44.4616 0 0 0 1 
7680147070207;1.16879;5.26792;0.992729 0.093548 0.0757546 3.26102 -0.0991271 0.992351 0.0735779 -5.17227 -0.0682921 -0.0805522 0.994408 -6.17937 0 0 0 1 
7680147070208;1.24601;5.02094;0.994024 0.096825 0.0504052 3.58084 -0.102353 0.987231 0.122058 -5.76181 -0.0379434 -0.126487 0.991242 -3.58532 0 0 0 1 
7680147070209;1.20929;4.46312;0.997799 0.032149 -0.0579947 4.57749 -0.00616654 0.915805 0.401575 7.50607 0.0660221 -0.400333 0.913988 8.63473 0 0 0 1 
7680147070210;1.69015;4.17887;0.999235 0.0310261 0.0238089 5.05269 -0.0315317 0.999279 0.021161 3.28838 -0.0231351 -0.0218955 0.999493 -1.19413 0 0 0 1 
7680147070211;0.940014;5.13175;0.989495 0.0051136 -0.144476 3.0416 0.0237894 0.979991 0.197616 9.34952 0.142595 -0.198978 0.969574 17.982 0 0 0 1 
7680147070212;1.74535;4.45612;0.999797 0.0105059 0.0172099 4.84147 -0.0105979 0.99993 0.00526185 5.26909 -0.0171534 -0.00544317 0.999838 -3.27258 0 0 0 1 
7680147070213;0.400202;4.53738;0.998371 0.0403618 0.040318 4.45085 -0.0419746 0.998318 0.0399914 1.08825 -0.038636 -0.0416186 0.998386 -4.48724 0 0 0 1 
7680147070214;0.315659;4.99227;0.998245 0.00939033 -0.0584706 4.77425 -0.00426598 0.996186 0.0871553 5.34279 0.059066 -0.0867529 0.994477 6.8586 0 0 0 1 
7680147070215;0.611277;4.88073;0.996978 0.0320566 0.0707623 4.51833 -0.0345232 0.998828 0.0339152 1.63607 -0.0695922 -0.0362556 0.996916 -8.55527 0 0 0 1 
7680147070217;0.89674;4.4601;0.998169 -0.0101244 0.0596326 -5.44816 0.00865737 0.999655 0.024808 -1.47066 -0.0598631 -0.0242463 0.997912 -2.02539 0 0 0 1 
7680147070218;1.73564;4.33186;0.999954 0.00196545 0.00942827 -5.817 -0.00203051 0.999974 0.00689547 -0.866763 -0.00941448 -0.00691429 0.999932 1.68869 0 0 0 1 
7680147070219;1.39452;4.54256;0.961515 -0.0634194 -0.267332 -6.76459 0.0388224 0.994593 -0.0963156 -1.18999 0.271995 0.0822305 0.958779 6.24688 0 0 0 1 
7680147070220;0.267296;4.45829;0.999797 -0.0167187 -0.0112216 -5.64008 0.0108264 0.916239 -0.400485 -2.07918 0.0169773 0.400282 0.916235 4.04741 0 0 0 1 
7680147070221;1.27015;5.02861;0.999664 -0.0168601 0.0197028 -4.81643 0.0118303 0.972629 0.232062 -0.870886 -0.0230761 -0.231751 0.972501 -2.81535 0 0 0 1 
7680147070222;1.97297;3.46784;0.995993 -0.00138761 0.089415 -6.21546 -0.00198903 0.999288 0.0376635 -1.96041 -0.0894037 -0.0376904 0.995282 -0.996027 0 0 0 1 
7680147070223;1.53331;4.1901;0.997908 0.0024849 -0.0646041 -5.75626 -0.00194227 0.999962 0.00846077 -1.986 0.0646227 -0.00831759 0.997875 -0.0225397 0 0 0 1 
7680147070224;2.30376;4.23927;0.913025 -0.101855 -0.394982 -7.3152 0.0591782 0.991153 -0.118798 -0.960709 0.403588 0.085091 0.910975 4.07549 0 0 0 1 
7680147070225;1.4585;4.82842;0.998557 -0.0321623 -0.043017 -5.77084 0.0301528 0.99846 -0.0465743 -0.254697 0.0444486 0.04521 0.997988 2.21176 0 0 0 1 
7680147070226;1.86707;4.46712;0.998555 -0.00794052 -0.0531404 -5.77483 0.00748878 0.999934 -0.00869468 -0.615806 0.0532059 0.00828417 0.998549 2.95599 0 0 0 1 
7680147070227;0.781577;4.64244;0.999728 0.00956907 -0.0212633 -5.18676 -0.00938335 0.999917 0.00881694 -1.78963 0.0213459 -0.00861503 0.999735 -0.530929 0 0 0 1 
7680147070228;0.400914;4.64718;0.998471 0.0082045 0.054668 -5.29805 -0.0101658 0.999311 0.0356962 -1.7165 -0.0543374 -0.0361974 0.997866 -0.99888 0 0 0 1 
7680147070229;0.955663;4.37233;0.999732 -0.00489818 -0.0226291 -5.92032 0.00411955 0.999402 -0.034328 -1.08198 0.0227838 0.0342255 0.999154 0.98443 0 0 0 1 
7680147070230;0.317185;4.35649;0.980717 -0.0462613 -0.189879 -6.18258 0.0391892 0.998397 -0.0408348 -0.934424 0.191464 0.0326061 0.980958 3.44516 0 0 0 1 
7680147070231;1.12926;4.83077;0.99992 -0.009953 0.00776089 -5.49932 0.00982573 0.999819 0.0162685 -0.938156 -0.00792141 -0.0161909 0.999838 -1.02059 0 0 0 1 
7680147070232;1.51388;4.25719;0.999845 0.0164686 0.00616874 -5.70679 -0.0166235 0.999525 0.0259524 -2.50159 -0.0057384 -0.0260509 0.999644 -1.29828 0 0 0 1 
7680147070233;1.97376;4.13751;0.990859 -0.0255822 -0.132456 -6.60147 0.0677263 0.943487 0.324417 -0.0616292 0.116671 -0.330422 0.936594 -2.52431 0 0 0 1 
7680147070234;1.9935;4.65774;0.999643 0.00628884 -0.0259581 -5.27903 -0.00854362 0.996111 -0.0876866 -1.9552 0.0253057 0.0878771 0.99581 -1.12043 0 0 0 1 
7680147070235;1.53051;4.6217;0.987453 -0.0396056 -0.152869 -5.81783 0.0389243 0.999214 -0.00744787 -1.25557 0.153044 0.0014041 0.988218 1.0242 0 0 0 1 
7680147070236;0.104269;4.55209;0.999817 -0.0119018 0.0149573 -5.60303 0.0117433 0.999874 0.0106418 -1.26561 -0.0150821 -0.0104642 0.999832 -0.143202 0 0 0 1 
7680147070237;2.06657;3.4566;0.997642 -0.0356897 -0.0586166 -6.68153 0.0252573 0.985131 -0.16994 -0.912798 0.0638101 0.168059 0.98371 4.00796 0 0 0 1 
7680147070238;1.4657;4.90907;0.915937 0.0158848 0.401007 -5.29576 -0.121619 0.963215 0.239635 -3.41205 -0.382449 -0.26826 0.884177 -8.73726 0 0 0 1 
7680147070239;0.672786;4.44751;0.992425 -0.00620878 0.122696 -5.32396 -0.00344978 0.99692 0.0783505 -1.31548 -0.122805 -0.0781802 0.989347 -1.87369 0 0 0 1 
7680147070240;1.69401;4.6911;0.998821 0.00592369 0.0481718 -5.3979 -0.0100121 0.996324 0.085078 -0.945276 -0.0474908 -0.08546 0.995209 0.511082 0 0 0 1 
7680147070241;1.89764;4.73105;0.995081 -0.0437642 -0.0888688 -5.75524 0.0622725 0.97405 0.217598 -1.15543 0.0770396 -0.222062 0.971984 -3.03852 0 0 0 1 
7680147070242;1.04234;4.01204;0.998081 -0.0128046 -0.060577 -5.84947 0.013578 0.999831 0.0123735 -0.967359 0.0604083 -0.0131723 0.998087 1.59012 0 0 0 1 
7680147070243;1.63774;3.82732;0.969904 0.0130577 0.243136 -5.94273 -0.0240792 0.99881 0.042414 -2.41272 -0.242293 -0.046992 0.969064 -3.93821 0 0 0 1 
7680147070244;2.23994;4.92094;0.996509 0.0165817 -0.0818181 -5.13082 0.001951 0.975182 0.221398 -1.47749 0.0834587 -0.220785 0.971745 1.38085 0 0 0 1 
7680147070245;0.410551;4.5441;0.999639 -0.0209369 -0.0168253 -5.69344 0.0211309 0.999711 0.0114371 -1.02301 0.016581 -0.0117885 0.999793 -0.267098 0 0 0 1 
7680147070246;0.921508;4.50328;0.994818 -0.0230511 -0.0990221 -5.65387 0.0188404 0.998887 -0.0432497 -1.12373 0.0999088 0.04116 0.994145 0.859832 0 0 0 1 
7680147070248;1.50847;2.50159;0.977566 0.0712636 -0.198207 2.28063 -0.00712487 0.951674 0.307027 3.16673 0.210508 -0.298727 0.930832 21.8309 0 0 0 1 
7680147070249;1.33018;2.5329;0.993424 0.086147 0.0754174 5.01392 -0.0863719 0.996263 -0.000281075 -4.57012 -0.0751598 -0.00623471 0.997152 -5.71916 0 0 0 1 
7680147070250;0.124558;2.47177;0.995789 0.0867298 0.0297059 3.25631 -0.0864617 0.996203 -0.0101957 -5.22547 -0.0304774 0.00758433 0.999507 -3.50701 0 0 0 1 
7680147070251;0.53556;2.9699;0.976691 0.100711 0.189556 2.60896 -0.118947 0.989046 0.0874009 -7.82427 -0.178677 -0.107911 0.977972 -15.3702 0 0 0 1 
7680147070252;1.1295;2.8035;0.97457 0.181752 0.131068 1.45528 -0.170418 0.980961 -0.0931323 -12.4834 -0.1455 0.0684276 0.986989 -12.119 0 0 0 1 
7680147070253;0.578449;2.4781;0.998927 0.0269049 -0.0376964 4.26661 -0.0271805 0.999607 -0.00681815 0.22539 0.0374982 0.00783544 0.999266 3.33893 0 0 0 1 
7680147070254;1.15198;2.36791;0.997163 0.0725962 0.0199117 4.42764 -0.0725251 0.997357 -0.00426882 -3.30336 -0.0201689 0.00281261 0.999793 -3.88918 0 0 0 1 
7680147070255;0.370863;2.62388;0.988432 0.114603 0.0993416 2.5664 -0.148155 0.869714 0.470794 -7.79464 -0.0324442 -0.480066 0.876632 0.424727 0 0 0 1 
7680147070256;1.32328;2.68245;0.958179 0.156292 0.239722 -0.432932 -0.101334 0.968716 -0.226542 -6.72704 -0.267629 0.192776 0.94404 -28.6433 0 0 0 1 
7680147070257;0.807316;2.92529;0.976078 -0.0040532 -0.217381 2.8323 -0.0416405 0.977833 -0.205206 -1.12637 0.213394 0.209349 0.954273 17.2433 0 0 0 1 
7680147070258;0.260139;2.56852;0.944004 0.191085 0.268966 -1.52339 -0.149436 0.97443 -0.167795 -10.9612 -0.294152 0.118207 0.948421 -28.3409 0 0 0 1 
7680147070259;0.965988;2.68095;0.983266 0.0941137 0.15598 2.96486 -0.102136 0.993787 0.0442206 -6.23299 -0.150849 -0.0594117 0.98677 -13.7059 0 0 0 1 
7680147070260;0.831214;2.30783;0.995258 0.0972523 0.00211556 3.43939 -0.0964381 0.98361 0.152349 -4.70572 0.0127354 -0.15183 0.988325 1.65234 0 0 0 1 
7680147070261;1.06706;2.49905;0.980928 0.112315 0.158637 2.17006 -0.0683141 0.963298 -0.259595 -3.86827 -0.181971 0.243807 0.952599 -20.8604 0 0 0 1 
7680147070262;1.52451;2.8258;0.982481 0.113368 0.147918 3.16672 -0.114123 0.993461 -0.00340325 -8.71553 -0.147337 -0.0135372 0.988994 -15.3945 0 0 0 1 
7680147070263;1.15131;2.88995;0.991513 0.113795 0.0628746 2.45222 -0.11147 0.992989 -0.0393404 -8.0335 -0.0669106 0.0319979 0.997246 -8.82515 0 0 0 1 
7680147070264;1.15529;2.75644;0.992842 0.115365 0.030907 2.63253 -0.114985 0.993271 -0.0138044 -7.43325 -0.0322915 0.0101517 0.999427 -1.42235 0 0 0 1 
7680147070265;0.426203;2.61889;0.962719 0.0558269 0.264681 1.41565 -0.0968735 0.984728 0.144656 -5.27821 -0.252563 -0.164904 0.953425 -21.9243 0 0 0 1 
7680147070266;1.20758;2.80577;0.995308 0.0903629 0.0345805 2.85592 -0.0948158 0.982122 0.162623 -4.01726 -0.0192671 -0.165139 0.986082 -0.655039 0 0 0 1 
7680147070267;1.05989;2.89074;0.989507 0.088101 0.114521 4.73769 -0.10841 0.976674 0.185351 -6.3384 -0.0955202 -0.195821 0.975976 -7.11902 0 0 0 1 
