#;prob_registration_l1 -r /home/probabilistic_point_clouds_registration/build/tester /home/point_clouds_registration_benchmark/gazebo_winter_local.txt /home/point_clouds_registration_benchmark/gazebo_winter -s 0.2 -t 0.2 -p 0.3 -r 1000 -m 15 -i 40 
id;initial_error;final_error;transformation
38591597440000;0.538033;0.0309303;0.99397 -0.093194 -0.0577868 -0.365539 0.0947939 0.995168 0.0255871 -0.411454 0.055123 -0.0309106 0.998001 0.552074 0 0 0 1 
38591597440001;0.518725;0.0429048;0.94935 0.257946 0.17944 0.068997 -0.273186 0.959713 0.065735 1.14058 -0.155255 -0.111426 0.98157 -0.0295449 0 0 0 1 
38591597440002;0.466312;0.0436336;0.986349 -0.121116 0.111567 0.0663113 0.125662 0.991468 -0.0346354 -0.228114 -0.106421 0.0481823 0.993153 -0.213004 0 0 0 1 
38591597440003;0.369171;0.0555273;0.977986 0.208612 -0.00500908 -0.154295 -0.208625 0.977993 -0.00233342 0.844088 0.00441206 0.00332707 0.999985 0.3931 0 0 0 1 
38591597440004;0.566929;0.0582218;0.87337 0.41646 -0.252559 1.12715 -0.402036 0.909131 0.108846 1.70598 0.274939 0.0064753 0.96144 -1.64585 0 0 0 1 
38591597440005;0.214626;0.0342142;0.995345 -0.0719838 -0.0640895 0.0420299 0.0715817 0.997398 -0.00855178 -0.238576 0.0645383 0.00392434 0.997908 -0.595586 0 0 0 1 
38591597440006;0.296525;0.0210324;0.961994 -0.207856 -0.177094 0.176415 0.229331 0.967028 0.110747 -0.97383 0.148236 -0.147151 0.977943 -0.351072 0 0 0 1 
38591597440007;0.55939;0.0430067;0.989282 0.145854 -0.00684238 0.122564 -0.145078 0.987156 0.0668952 0.208091 0.0165115 -0.0651855 0.997737 -0.859559 0 0 0 1 
38591597440008;0.573696;0.0233318;0.910327 0.0138292 0.413659 0.332633 -0.115532 0.968206 0.221879 0.480396 -0.397438 -0.249774 0.882981 2.47089 0 0 0 1 
38591597440009;0.226381;0.0337696;0.999739 -0.0197699 0.011467 0.0632175 0.0193834 0.999271 0.0328921 0.14254 -0.0121089 -0.0326612 0.999393 -0.243643 0 0 0 1 
38591597440010;0.405479;0.0322107;0.93708 -0.108377 0.331867 0.0943196 0.221665 0.919101 -0.325758 -0.755807 -0.269715 0.378824 0.885294 1.67294 0 0 0 1 
38591597440011;0.432428;0.0206889;0.935501 -0.336145 -0.108835 0.419501 0.353323 0.888876 0.291654 -1.75134 -0.00129751 -0.311296 0.950312 -0.268937 0 0 0 1 
38591597440012;0.493861;0.046442;0.99597 0.00409856 -0.0895954 0.361107 -0.0093987 0.998225 -0.0588148 -0.200503 0.0891953 0.0594199 0.99424 0.349709 0 0 0 1 
38591597440013;0.489902;0.0422702;0.893991 0.409488 0.181932 0.288813 -0.413463 0.910357 -0.0173009 1.50945 -0.172708 -0.0597554 0.983159 0.385293 0 0 0 1 
38591597440014;0.265078;0.0354851;0.952559 -0.0513667 0.299989 -0.0534365 0.0841081 0.991698 -0.0972625 -0.230171 -0.292502 0.11788 0.948971 1.44174 0 0 0 1 
38591597440015;0.50504;0.024903;0.943638 -0.323907 0.0680584 0.401597 0.299187 0.922703 0.243118 -1.67378 -0.141545 -0.209053 0.967606 0.168811 0 0 0 1 
38591597440016;0.306367;0.0392971;0.959188 0.122153 -0.255023 0.313553 -0.0745396 0.979207 0.188673 0.0371287 0.272767 -0.161963 0.948349 -1.34754 0 0 0 1 
38591597440017;0.306001;0.0476421;0.992834 -0.119299 0.00700455 -0.206675 0.119482 0.989825 -0.0772627 -0.826113 0.00228407 0.0775459 0.996986 0.115421 0 0 0 1 
38591597440018;0.310987;0.0387708;0.974175 0.224923 -0.0198327 0.477922 -0.225281 0.974124 -0.0181776 1.07572 0.015231 0.0221761 0.999638 -0.288322 0 0 0 1 
38591597440019;0.565481;0.0249107;0.987651 -0.149995 0.0452353 -0.531665 0.135406 0.962492 0.235103 -0.206583 -0.0788031 -0.226075 0.970917 -0.142232 0 0 0 1 
38591597440020;0.471158;0.0372177;0.950359 -0.310576 -0.0189706 -0.0294415 0.301078 0.933261 -0.1959 -1.25159 0.0785463 0.180464 0.98044 0.289259 0 0 0 1 
38591597440021;0.264772;0.0439645;0.959365 0.221792 0.174432 0.119849 -0.230522 0.972566 0.0312294 1.09271 -0.16272 -0.0701708 0.984174 0.566913 0 0 0 1 
38591597440022;0.382739;0.0432209;0.994347 -0.0238049 -0.103477 -0.28409 0.0300954 0.997765 0.0596606 -0.42686 0.101826 -0.0624375 0.992841 -0.0625444 0 0 0 1 
38591597440023;0.504596;0.0332931;0.937588 0.344612 -0.0465929 0.285352 -0.346696 0.936738 -0.0482154 1.93233 0.0270297 0.0613597 0.99775 -0.611068 0 0 0 1 
38591597440024;0.223621;0.0227693;0.997701 -0.0493203 0.0464869 0.00815492 0.0596416 0.964693 -0.256533 0.0633161 -0.0321933 0.258716 0.965417 0.330104 0 0 0 1 
38591597440025;0.497841;0.0429751;0.940226 -0.227559 0.253361 -0.334501 0.262192 0.958479 -0.11213 -1.30128 -0.217325 0.171856 0.960851 0.617686 0 0 0 1 
38591597440026;0.507307;0.00641866;0.916129 -0.331161 -0.22592 0.462233 0.340886 0.940095 0.00430607 -0.899766 0.21096 -0.0809578 0.974136 -0.604714 0 0 0 1 
38591597440027;0.37107;0.0245381;0.995827 0.0126571 0.0903769 -0.208186 -0.053303 0.884519 0.463449 0.146916 -0.0740741 -0.466333 0.881502 0.351818 0 0 0 1 
38591597440028;0.144155;0.0194133;0.986255 -0.154985 -0.0572787 0.0526617 0.153434 0.987686 -0.0305649 -0.583225 0.0613105 0.0213562 0.99789 -0.146834 0 0 0 1 
38591597440029;0.386592;0.030688;0.935436 -0.320726 0.148639 0.0579647 0.273744 0.923286 0.269458 -1.42135 -0.223658 -0.211372 0.951472 0.853298 0 0 0 1 
38591597440031;0.613756;0.0568732;0.947745 -0.206226 -0.243412 -0.0650023 0.18137 0.97598 -0.1207 -1.75379 0.262457 0.0702449 0.962383 -1.22738 0 0 0 1 
38591597440032;0.317715;0.047249;0.942788 0.287936 -0.168058 0.981492 -0.304859 0.948598 -0.0849819 1.39441 0.13495 0.131354 0.982107 -0.347856 0 0 0 1 
38591597440033;0.586776;0.0736992;0.917817 -0.104207 0.383083 0.462035 0.087738 0.994319 0.0602679 0.0636528 -0.387187 -0.021704 0.921746 1.56099 0 0 0 1 
38591597440034;0.22655;0.0414715;0.98404 -0.144203 0.104262 -0.289758 0.162906 0.965791 -0.201766 -0.996533 -0.0715997 0.215531 0.973869 0.71445 0 0 0 1 
38591597440035;0.489052;0.0476722;0.983411 -0.0922284 0.156195 -0.0106684 0.107469 0.989933 -0.0921011 -1.28509 -0.146129 0.107359 0.983423 0.819566 0 0 0 1 
38591597440036;0.235684;0.0601538;0.985876 -0.165977 0.0223488 -0.135223 0.166553 0.985663 -0.0269832 -0.583072 -0.0175498 0.0303243 0.999386 0.0616295 0 0 0 1 
38591597440037;0.200232;0.0526163;0.995157 0.0882735 0.0432503 0.13583 -0.0883873 0.996086 0.000720917 0.314055 -0.0430174 -0.0045402 0.999064 -0.141456 0 0 0 1 
38591597440038;0.419626;0.044264;0.947362 0.315995 -0.0514936 0.834156 -0.319784 0.926086 -0.200258 1.0615 -0.0155932 0.206184 0.978389 0.892866 0 0 0 1 
38591597440039;0.360484;0.0479188;0.997735 -0.01718 0.0650369 -0.0618116 0.026947 0.987948 -0.152422 -0.294753 -0.0616344 0.15383 0.986173 -0.00370157 0 0 0 1 
38591597440040;0.46013;0.0513884;0.888548 0.237689 -0.392411 1.35764 -0.246068 0.968799 0.029637 0.915917 0.387212 0.0702257 0.919312 -1.8822 0 0 0 1 
38591597440041;0.266595;0.0482091;0.998303 0.0481395 0.0327696 -0.333132 -0.0484861 0.998775 0.00986389 0.120016 -0.0322546 -0.011436 0.999414 0.156249 0 0 0 1 
38591597440042;0.263344;0.0547477;0.970207 0.208962 -0.12261 0.57944 -0.195595 0.974201 0.112581 0.427668 0.142972 -0.0852453 0.986049 -0.645603 0 0 0 1 
38591597440043;0.518284;0.0566513;0.964036 0.263489 -0.034751 0.985825 -0.258406 0.959843 0.109214 1.06072 0.0621323 -0.0963068 0.993411 -1.22657 0 0 0 1 
38591597440044;0.328581;0.051957;0.96204 0.249189 0.111279 0.562761 -0.239731 0.966494 -0.0917491 1.20128 -0.130413 0.0615894 0.989545 0.998841 0 0 0 1 
38591597440045;0.358212;0.0668971;0.97566 0.15724 0.15285 0.12493 -0.162438 0.986472 0.0220613 0.852106 -0.147313 -0.046353 0.988003 0.968099 0 0 0 1 
38591597440046;0.061941;0.0650164;0.998365 -0.00801386 0.0565947 -0.0462349 0.00675211 0.999725 0.0224507 -0.039809 -0.056759 -0.0220319 0.998145 0.16966 0 0 0 1 
38591597440047;0.281023;0.0560341;0.984924 0.164355 -0.0539616 0.514545 -0.157969 0.981668 0.106647 0.38291 0.0705003 -0.0965149 0.992832 -0.874591 0 0 0 1 
38591597440048;0.595102;0.0601256;0.990002 0.0383993 -0.135729 -0.0327335 0.00484904 0.9524 0.304813 -0.926799 0.140973 -0.302423 0.942691 -1.9462 0 0 0 1 
38591597440049;0.461067;0.0490762;0.907391 0.123023 -0.401879 0.958509 -0.201835 0.966275 -0.159921 0.792378 0.368652 0.226224 0.90162 -1.558 0 0 0 1 
38591597440050;0.266343;0.0561854;0.999582 0.0134982 -0.025549 0.0737542 -0.0206748 0.951799 -0.306026 0.1041 0.0201867 0.306427 0.95168 0.22041 0 0 0 1 
38591597440051;0.432966;0.0540959;0.934554 0.184986 -0.303956 1.05942 -0.184838 0.982325 0.0295274 1.05011 0.304046 0.0285877 0.952228 -1.11754 0 0 0 1 
38591597440052;0.0767887;0.053369;0.992262 -0.0204031 0.122477 -0.0451987 0.0240489 0.999308 -0.0283633 -0.162376 -0.121814 0.0310892 0.992066 0.531368 0 0 0 1 
38591597440053;0.465189;0.0737228;0.976486 0.211185 -0.0433224 0.909304 -0.206457 0.973923 0.0940702 1.31861 0.0620588 -0.082914 0.994623 -0.337671 0 0 0 1 
38591597440054;0.503874;0.0728638;0.996013 0.0392466 0.0801065 -0.734526 -0.0457209 0.995693 0.0806565 0.0739554 -0.076596 -0.0839975 0.993518 0.325305 0 0 0 1 
38591597440055;0.362809;0.0620477;0.992221 -0.120066 0.0328957 -0.224762 0.120258 0.992735 -0.00390685 -0.711384 -0.0321877 0.00783243 0.999451 -0.435423 0 0 0 1 
38591597440056;0.349297;0.0625591;0.954751 0.264518 0.135941 0.595747 -0.294792 0.902168 0.314944 0.793829 -0.0393328 -0.340768 0.939324 -0.275753 0 0 0 1 
38591597440057;0.335627;0.0548631;0.933642 -0.0245454 -0.357365 0.542586 0.0403591 0.998505 0.0368593 -0.174086 0.355926 -0.0488363 0.933237 -1.61081 0 0 0 1 
38591597440058;0.689618;0.0534453;0.905341 0.423203 -0.0354472 0.443739 -0.422464 0.905989 0.0266066 2.00182 0.0433747 -0.0091129 0.999017 -0.563186 0 0 0 1 
38591597440059;0.45308;0.0618805;0.999483 0.0114254 0.0300604 -0.400172 -0.0109793 0.999828 -0.0149617 -0.387464 -0.0302261 0.0146239 0.999436 -0.419038 0 0 0 1 
38591597440060;0.265486;0.050821;0.994699 -0.0944346 0.0406983 -0.0246203 0.0918598 0.993897 0.061071 -0.68958 -0.0462171 -0.0570087 0.997303 0.377836 0 0 0 1 
38591597440062;0.128316;0.0908808;0.995658 -0.0925946 0.00953864 -0.363515 0.0896595 0.981516 0.169079 -0.583016 -0.0250181 -0.16749 0.985556 -0.432478 0 0 0 1 
38591597440063;0.451456;0.0967357;0.995138 -0.0535643 0.0826521 -0.387976 0.0216619 0.937666 0.346862 -0.588612 -0.0960795 -0.343385 0.934267 0.176968 0 0 0 1 
38591597440064;0.130373;0.114725;0.999036 0.0426921 0.0102213 -0.152761 -0.042132 0.997867 -0.0498586 0.140661 -0.0123281 0.0493798 0.998704 0.086277 0 0 0 1 
38591597440065;0.480669;0.158543;0.950572 0.0546635 0.305656 -0.317866 -0.0462742 0.998328 -0.034631 0.35378 -0.307038 0.0187753 0.951512 0.751773 0 0 0 1 
38591597440066;0.373674;0.170364;0.918241 0.00823973 0.395937 -0.158362 -0.0637522 0.989819 0.127253 0.387241 -0.390858 -0.14209 0.909418 1.57463 0 0 0 1 
38591597440067;0.212733;0.132508;0.987907 0.114072 0.105012 0.0559213 -0.140896 0.943178 0.300936 0.31437 -0.0647169 -0.312093 0.947845 -0.466078 0 0 0 1 
38591597440068;0.0642751;0.0880338;0.99825 -0.0481764 -0.0342896 -0.245984 0.0470818 0.998377 -0.0320448 -0.172182 0.0357777 0.0303744 0.998898 -0.0849733 0 0 0 1 
38591597440069;0.225205;0.0899195;0.993856 -0.0704034 -0.0853997 -0.245019 0.0658043 0.996286 -0.0555262 -0.222844 0.0889918 0.0495654 0.994798 -0.678284 0 0 0 1 
38591597440070;0.596655;0.0858006;0.980731 -0.142644 0.133488 -1.15343 0.152888 0.98577 -0.0698764 -0.0670813 -0.121621 0.0889388 0.988584 0.452531 0 0 0 1 
38591597440071;0.538974;0.134001;0.972357 0.178332 0.150727 0.0210705 -0.211335 0.94664 0.243332 1.19617 -0.0992905 -0.268459 0.95816 0.341084 0 0 0 1 
38591597440072;0.398938;0.153919;0.991898 0.0468112 -0.118101 0.0597025 -0.0816765 0.947022 -0.310611 0.766794 0.0973045 0.31774 0.943172 -0.0202466 0 0 0 1 
38591597440073;0.454646;0.190808;0.980374 0.195873 0.0223756 -0.13301 -0.196565 0.979879 0.0346252 0.741087 -0.0151432 -0.0383439 0.99915 -0.430875 0 0 0 1 
38591597440074;0.403252;0.11679;0.993985 -0.10915 0.00900089 0.181523 0.10926 0.993931 -0.0127961 -0.416346 -0.00754957 0.0137026 0.999878 0.231602 0 0 0 1 
38591597440075;0.606683;0.145255;0.997779 -0.0660749 -0.00849329 0.105651 0.0572347 0.91548 -0.398272 0.0334354 0.0340912 0.396901 0.917228 1.56908 0 0 0 1 
38591597440076;0.528752;0.0947552;0.999789 0.00642276 -0.0195109 -0.761186 -0.00537597 0.998567 0.0532378 0.195082 0.0198248 -0.0531217 0.998391 0.278421 0 0 0 1 
38591597440077;0.46683;0.177628;0.930013 0.251994 0.267535 0.380649 -0.300994 0.93994 0.160983 1.67077 -0.2109 -0.230243 0.950005 0.249288 0 0 0 1 
38591597440078;0.164495;0.0721882;0.999569 -0.0241637 0.016673 -0.416165 0.0239109 0.999599 0.0151954 -0.140063 -0.0170335 -0.0147902 0.999746 0.0703998 0 0 0 1 
38591597440079;0.383028;0.194359;0.937195 0.038123 0.346716 0.142595 -0.105873 0.978205 0.178623 0.320898 -0.33235 -0.204112 0.920805 0.533593 0 0 0 1 
38591597440080;0.593423;0.108031;0.939202 -0.341083 -0.0395151 -0.425734 0.342375 0.939003 0.0324395 -1.37453 0.0260402 -0.0439962 0.998692 0.449228 0 0 0 1 
38591597440081;0.611108;0.130794;0.944897 -0.0335541 -0.325643 0.716666 -0.0671698 0.953698 -0.293171 0.386963 0.320402 0.298889 0.898892 -1.25391 0 0 0 1 
38591597440082;0.502695;0.184807;0.923708 0.382516 0.0211041 0.847497 -0.382486 0.917721 0.107205 1.60163 0.0216399 -0.107098 0.994013 -0.947591 0 0 0 1 
38591597440083;0.715049;0.0937444;0.903832 -0.380177 0.196351 -0.612467 0.409091 0.902289 -0.136083 -2.18415 -0.12543 0.203322 0.971045 2.03787 0 0 0 1 
38591597440084;0.378082;0.133589;0.987918 -0.0287624 0.152283 -0.436273 -0.00562194 0.975329 0.220687 -0.136089 -0.154873 -0.218877 0.963383 -0.463926 0 0 0 1 
38591597440085;0.428084;0.279037;0.96256 0.269394 0.0300729 0.743175 -0.270076 0.9626 0.0214599 0.889702 -0.023167 -0.0287784 0.999317 0.0786962 0 0 0 1 
38591597440086;0.348552;0.208924;0.967232 0.158692 -0.198192 0.388352 -0.211757 0.934883 -0.284874 1.09756 0.140079 0.317507 0.937852 0.333612 0 0 0 1 
38591597440087;0.456571;0.0941877;0.967729 -0.251198 -0.0199881 -1.11331 0.251898 0.966488 0.0494724 -1.33799 0.00689084 -0.0529108 0.998575 -0.664624 0 0 0 1 
38591597440088;0.581918;0.113694;0.991085 0.0200493 0.131712 -0.642993 -0.0268983 0.998365 0.0504278 0.419982 -0.130486 -0.053521 0.990005 -0.364163 0 0 0 1 
38591597440089;0.343578;0.120207;0.974123 -0.197094 -0.110625 -0.442904 0.163178 0.951953 -0.259148 -0.554083 0.156386 0.23439 0.959481 -0.490087 0 0 0 1 
38591597440090;0.290589;0.110361;0.992524 -0.116797 0.0354272 -0.398338 0.115358 0.992508 0.0402474 -0.219481 -0.0398625 -0.0358596 0.998561 0.31406 0 0 0 1 
38591597440091;0.344699;0.117536;0.904289 -0.420561 0.0734132 -0.803862 0.424604 0.903873 -0.052192 -2.13725 -0.0444063 0.0783682 0.995935 0.396566 0 0 0 1 
38591597440093;0.395285;0.0637805;0.92285 -0.323023 0.20977 -0.0889078 0.333129 0.942781 -0.0137697 -0.158693 -0.193319 0.0825877 0.977654 -0.195061 0 0 0 1 
38591597440094;0.48271;0.0660798;0.901655 0.10324 0.419953 0.0241906 -0.139394 0.988639 0.0562401 0.349637 -0.409376 -0.109248 0.905802 -0.102623 0 0 0 1 
38591597440095;0.208258;0.0623611;0.965712 0.259433 -0.00975583 -0.131173 -0.258921 0.965193 0.0369044 0.157486 0.0189905 -0.033113 0.999271 0.0132337 0 0 0 1 
38591597440096;0.348707;0.05903;0.904428 0.367304 -0.217023 -0.00556118 -0.324552 0.922532 0.208808 0.240306 0.276906 -0.118416 0.953572 -0.0444518 0 0 0 1 
38591597440097;0.0996698;0.0537577;0.996141 -0.0810629 -0.0336549 0.0230902 0.0811068 0.996705 -6.00815e-05 -0.221274 0.0335489 -0.0026698 0.999434 0.0978623 0 0 0 1 
38591597440098;0.341585;0.0609562;0.920056 -0.295651 0.257075 0.165475 0.262928 0.952396 0.154304 -0.524638 -0.290458 -0.0743762 0.953993 0.446844 0 0 0 1 
38591597440099;0.517514;0.0582306;0.868928 0.256037 0.423568 -0.680088 -0.286031 0.958191 0.00757409 0.493178 -0.40392 -0.127735 0.905833 0.525916 0 0 0 1 
38591597440100;0.554576;0.0541303;0.901223 0.241509 0.359821 -0.832239 -0.229971 0.970284 -0.0752508 -0.399965 -0.367302 -0.0149308 0.929982 0.390736 0 0 0 1 
38591597440101;0.308911;0.0506535;0.997166 0.015608 -0.0735925 0.382307 -0.0163538 0.999821 -0.00954216 -0.283112 0.0734304 0.0107186 0.997243 -0.660158 0 0 0 1 
38591597440102;0.281264;0.060494;0.964629 0.232255 0.124693 -0.149383 -0.254602 0.943449 0.212327 0.401567 -0.0683277 -0.236564 0.96921 0.0758787 0 0 0 1 
38591597440103;0.458862;0.0743299;0.943529 -0.317681 0.093978 0.654269 0.29798 0.937768 0.178323 -0.897025 -0.144779 -0.140249 0.979474 -0.0302865 0 0 0 1 
38591597440104;0.179607;0.0530421;0.979558 0.0490687 -0.195084 0.111041 -0.0376066 0.997365 0.0620328 -0.222274 0.197614 -0.0534283 0.978823 -0.23967 0 0 0 1 
38591597440105;0.407802;0.0706343;0.894709 -0.444293 -0.0458292 0.551712 0.443484 0.895873 -0.0270827 -0.589914 0.0530898 0.00390659 0.998582 -0.103054 0 0 0 1 
38591597440106;0.119513;0.0595619;0.998326 -0.00385127 0.0577138 -0.146865 0.00672684 0.998741 -0.0497135 -0.0125295 -0.0574497 0.0500185 0.997095 -0.108916 0 0 0 1 
38591597440107;0.268114;0.0667217;0.958451 -0.284677 -0.0181826 -0.0292542 0.282847 0.95669 -0.068865 -0.213438 0.0369993 0.0608608 0.99746 0.0890787 0 0 0 1 
38591597440108;0.407271;0.0526313;0.924009 0.359326 -0.130735 -0.350875 -0.337955 0.9274 0.160361 0.303202 0.178865 -0.103993 0.978362 0.334968 0 0 0 1 
38591597440109;0.443389;0.0368415;0.975407 0.162138 0.149309 -0.743912 -0.186084 0.968821 0.16358 -0.572893 -0.118131 -0.187341 0.975166 0.107623 0 0 0 1 
38591597440110;0.432632;0.0534056;0.974028 -0.0711127 0.214971 -0.631557 0.125065 0.960404 -0.248963 0.361159 -0.188755 0.269382 0.944354 0.0545061 0 0 0 1 
38591597440111;0.338245;0.0480672;0.910433 0.349023 -0.222024 0.0313301 -0.341753 0.937054 0.0716598 0.0877368 0.233059 0.0106358 0.972404 -0.00237508 0 0 0 1 
38591597440112;0.277197;0.0471524;0.970561 0.139187 0.196566 -0.363201 -0.10451 0.978655 -0.176953 -0.131295 -0.217 0.1512 0.964391 0.263958 0 0 0 1 
38591597440113;0.357829;0.0498848;0.958681 0.284388 0.00729736 -0.141545 -0.284016 0.955329 0.0817352 0.110555 0.0162732 -0.0804306 0.996627 -0.527582 0 0 0 1 
38591597440114;0.246214;0.0548023;0.973477 0.225235 0.0401388 -0.188203 -0.218791 0.967802 -0.124456 0.381837 -0.0668783 0.112374 0.991413 -0.0371717 0 0 0 1 
38591597440115;0.388473;0.0697567;0.885181 -0.350516 0.30593 0.102433 0.371311 0.928448 -0.010598 -0.491784 -0.280325 0.122976 0.951995 0.359266 0 0 0 1 
38591597440116;0.336493;0.0578446;0.943505 -0.298013 0.144866 0.253373 0.329846 0.886409 -0.324777 -0.071893 -0.0316224 0.354212 0.93463 -0.190066 0 0 0 1 
38591597440117;0.374866;0.0493509;0.999631 0.0247251 -0.0112769 0.790377 -0.0243261 0.999117 0.0342436 -0.270796 0.0121136 -0.0339566 0.99935 0.249573 0 0 0 1 
38591597440118;0.178075;0.0539704;0.986411 -0.133306 0.0960309 0.0379945 0.151883 0.962762 -0.223654 -0.0681204 -0.0626406 0.2352 0.969926 -0.00918462 0 0 0 1 
38591597440119;0.473817;0.0599119;0.984944 -0.170862 0.0262943 0.997058 0.171007 0.985264 -0.00336051 -0.459177 -0.0253327 0.00780643 0.999649 0.39321 0 0 0 1 
38591597440120;0.215098;0.071457;0.970755 -0.239885 0.00943734 0.175018 0.239691 0.970681 0.0180935 -0.437577 -0.013501 -0.0153024 0.999792 0.031995 0 0 0 1 
38591597440121;0.418127;0.0484771;0.992309 0.0916207 0.0832434 0.0288513 -0.0975711 0.992731 0.0704682 -0.0752211 -0.0761819 -0.0780483 0.994035 1.08021 0 0 0 1 
38591597440122;0.192825;0.051998;0.971184 0.236695 0.0278775 -0.17643 -0.23832 0.963343 0.123185 0.0845689 0.00230156 -0.126279 0.991992 0.115515 0 0 0 1 
38591597440124;0.0779043;0.105386;0.997992 0.0478615 -0.0414828 0.249413 -0.0492704 0.998219 -0.033635 0.166504 0.0397991 0.0356114 0.998573 0.175449 0 0 0 1 
38591597440125;0.14453;0.131403;0.997253 0.0592067 -0.0444999 0.394921 -0.0490032 0.977955 0.202985 -0.0261298 0.055537 -0.200247 0.97817 -0.500491 0 0 0 1 
38591597440126;0.34028;0.115872;0.962242 -0.11561 0.246424 -0.439452 0.155105 0.976844 -0.14737 -0.136429 -0.22368 0.180027 0.957892 0.330461 0 0 0 1 
38591597440127;0.280733;0.120078;0.98179 -0.0592943 0.180478 -0.199598 0.0611381 0.998118 -0.00466562 0.365616 -0.179862 0.0156147 0.983568 0.329822 0 0 0 1 
38591597440128;0.300881;0.123108;0.925689 0.375782 -0.0434579 1.17473 -0.362163 0.913548 0.185115 0.141298 0.109264 -0.15562 0.981755 -0.491916 0 0 0 1 
38591597440129;0.231531;0.104354;0.954205 0.129286 -0.269774 0.740483 -0.074066 0.975814 0.205671 0.092251 0.28984 -0.176271 0.940703 -0.671037 0 0 0 1 
38591597440130;0.346361;0.147861;0.997166 -0.0743101 0.0117321 -0.0784123 0.0745317 0.997023 -0.019733 -0.555877 -0.0102309 0.0205515 0.999736 -0.178906 0 0 0 1 
38591597440131;0.336968;0.112935;0.949485 -0.3092 0.0536038 -0.575269 0.308926 0.95099 0.0135265 -0.35841 -0.0551591 0.00371641 0.998471 0.119807 0 0 0 1 
38591597440132;0.344656;0.11772;0.889832 0.380384 -0.252007 1.34173 -0.402225 0.914683 -0.0396093 0.243675 0.21544 0.136609 0.966915 0.2809 0 0 0 1 
38591597440133;0.350181;0.131398;0.98478 0.173753 0.00436182 0.451065 -0.171757 0.976696 -0.128703 -0.292236 -0.0266227 0.125995 0.991674 0.521386 0 0 0 1 
38591597440134;0.561974;0.11988;0.9229 -0.311506 0.226318 -0.137725 0.317044 0.94833 0.0124218 -0.24311 -0.218494 0.0602887 0.973974 0.956002 0 0 0 1 
38591597440135;0.216019;0.0980888;0.978898 0.00364296 -0.204318 0.38948 0.0197123 0.993495 0.112156 -0.158294 0.203398 -0.113817 0.972458 -0.532858 0 0 0 1 
38591597440136;0.499684;0.130777;0.981193 -0.192986 -0.00414476 0.0957844 0.192937 0.979823 0.0521677 -0.589336 -0.0060065 -0.0519863 0.99863 -0.818812 0 0 0 1 
38591597440137;0.297035;0.101555;0.99138 0.130838 0.0068487 0.346999 -0.129945 0.988598 -0.0760816 0.769483 -0.016725 0.0745358 0.997078 0.173752 0 0 0 1 
38591597440138;0.314957;0.105057;0.932281 0.298114 0.204893 0.915863 -0.300285 0.953615 -0.021163 0.43681 -0.201698 -0.0417964 0.978556 -0.0523057 0 0 0 1 
38591597440139;0.155913;0.0926938;0.995741 0.0191221 0.0901904 0.327575 -0.00197208 0.982448 -0.186525 0.206818 -0.0921742 0.185553 0.978302 0.656705 0 0 0 1 
38591597440140;0.442404;0.127717;0.985546 -0.0233947 0.167785 0.116905 -0.0215147 0.965114 0.260943 -0.112888 -0.168036 -0.260781 0.950661 0.218408 0 0 0 1 
38591597440141;0.257242;0.128602;0.969827 0.207685 -0.127681 1.00731 -0.151019 0.922925 0.354123 -0.209276 0.191386 -0.324156 0.926442 -1.03245 0 0 0 1 
38591597440142;0.222719;0.103497;0.975335 0.147876 0.163876 0.448583 -0.14696 0.988983 -0.0177664 0.256637 -0.164697 -0.006755 0.986321 0.33206 0 0 0 1 
38591597440143;0.482302;0.142001;0.933826 0.21571 -0.285374 1.0747 -0.138692 0.953659 0.267017 -0.634298 0.329747 -0.209768 0.920469 -0.702629 0 0 0 1 
38591597440144;0.255934;0.100211;0.993695 0.109745 -0.0229377 0.531731 -0.109912 0.993922 -0.00615127 0.43497 0.0221232 0.00863362 0.999718 -0.487202 0 0 0 1 
38591597440145;0.370694;0.137637;0.929238 -0.292833 -0.225313 -0.183067 0.267076 0.953734 -0.138062 -0.240913 0.255318 0.0681166 0.964455 -0.101191 0 0 0 1 
38591597440146;0.299941;0.103097;0.993194 0.0940984 -0.0686385 0.422092 -0.10148 0.988346 -0.113465 -0.0516295 0.0571617 0.119658 0.991168 0.798396 0 0 0 1 
38591597440147;0.410512;0.151507;0.992888 -0.11712 0.0213491 -0.357744 0.117852 0.992339 -0.0370796 0.286593 -0.0168428 0.0393319 0.999084 -0.505146 0 0 0 1 
38591597440148;0.471802;0.146019;0.920504 -0.352842 -0.167854 -0.233814 0.35963 0.933031 0.010893 -0.540267 0.152769 -0.0703923 0.985752 -0.161238 0 0 0 1 
38591597440149;0.337741;0.111787;0.99896 0.0430898 -0.0148857 0.398338 -0.0435598 0.998511 -0.032848 0.374176 0.0134482 0.0334622 0.99935 -0.626614 0 0 0 1 
38591597440150;0.131256;0.100095;0.999844 -0.0142501 -0.0104487 0.0237105 0.0139509 0.999506 -0.0281714 0.169554 0.010845 0.0280213 0.999548 -0.162509 0 0 0 1 
38591597440151;0.387023;0.163598;0.975145 -0.193077 -0.108686 -0.110562 0.192086 0.981182 -0.0196107 -0.569571 0.110428 -0.00175386 0.993883 0.260329 0 0 0 1 
38591597440152;0.263342;0.145163;0.977394 -0.21065 -0.0180991 -0.196849 0.21055 0.977556 -0.00729928 -0.188983 0.0192305 0.0033235 0.99981 0.0243187 0 0 0 1 
38591597440153;0.441403;0.108752;0.98331 0.172509 -0.0578121 0.65081 -0.164253 0.978378 0.12569 0.661387 0.0782447 -0.114097 0.990384 0.307367 0 0 0 1 
38591597440155;0.258376;0.0181939;0.999002 0.0401694 0.0195548 -0.564198 -0.0411039 0.997903 0.0499935 0.23418 -0.0175055 -0.0507474 0.998558 0.539311 0 0 0 1 
38591597440156;0.221561;0.0206449;0.999581 0.00702524 -0.0280847 0.091771 -0.00902989 0.997371 -0.0719015 -0.0142735 0.0275057 0.072125 0.997016 -0.685695 0 0 0 1 
38591597440157;0.430412;0.0234288;0.906999 -0.420193 -0.0281325 0.858072 0.409015 0.89484 -0.178795 0.114646 0.100302 0.15066 0.983484 -0.358414 0 0 0 1 
38591597440158;0.209175;0.0162602;0.988444 0.0322582 0.148115 -0.0987658 -0.0393801 0.998192 0.045405 0.182075 -0.146382 -0.0507131 0.987927 0.67338 0 0 0 1 
38591597440159;0.222826;0.0159725;0.962094 -0.227124 -0.150961 0.0159487 0.218015 0.97309 -0.0745977 -0.241894 0.163842 0.0388582 0.985721 -0.206921 0 0 0 1 
38591597440160;0.348174;0.0192559;0.997948 0.0429211 -0.0475114 -0.242091 -0.0460739 0.996663 -0.0673833 0.878697 0.0444607 0.069434 0.996595 -0.529666 0 0 0 1 
38591597440161;0.528254;0.0171052;0.884225 -0.46706 -0.00127068 1.21495 0.466669 0.883589 -0.0386069 -0.533387 0.0191545 0.0335442 0.999254 0.19939 0 0 0 1 
38591597440162;0.274646;0.0225842;0.997083 -0.0748298 -0.0150134 -0.69288 0.07502 0.997103 0.0125293 -0.0592648 0.0140323 -0.0136191 0.999809 -0.105277 0 0 0 1 
38591597440163;0.298037;0.0140996;0.961824 -0.270621 -0.0407304 0.592173 0.272568 0.960622 0.0539565 -0.167541 0.0245248 -0.0629985 0.997712 -0.244605 0 0 0 1 
38591597440164;0.263298;0.0196137;0.976984 0.178193 -0.117258 -0.233984 -0.172873 0.983454 0.0541616 0.0842336 0.124969 -0.0326444 0.991623 0.573837 0 0 0 1 
38591597440165;0.352749;0.0154003;0.978025 0.205154 -0.0371307 -0.566713 -0.208393 0.956598 -0.203699 0.578638 -0.00627045 0.20696 0.978329 -0.40983 0 0 0 1 
38591597440166;0.206209;0.0149857;0.982546 -0.184522 0.0235641 0.353236 0.185447 0.981565 -0.0462513 0.183928 -0.0145953 0.0498139 0.998652 -0.181158 0 0 0 1 
38591597440167;0.319448;0.0200736;0.999962 -0.00823902 0.00286665 0.404767 0.00822958 0.999961 0.00328997 -0.471685 -0.00289365 -0.00326626 0.99999 -0.715173 0 0 0 1 
38591597440168;0.116047;0.0214424;0.999726 0.0120114 -0.0201005 0.0254389 -0.0144473 0.99195 -0.125804 0.112505 0.0184276 0.12606 0.991852 -0.180292 0 0 0 1 
38591597440169;0.218803;0.0151769;0.997691 -0.0312573 0.0602948 0.026298 0.0152609 0.96827 0.249438 -0.199059 -0.0661784 -0.247942 0.966512 0.504079 0 0 0 1 
38591597440170;0.167043;0.0146896;0.999531 0.00526816 -0.0301729 0.0776294 -0.00499614 0.999946 0.00908377 -0.0921635 0.0302191 -0.00892876 0.999503 -0.463322 0 0 0 1 
38591597440171;0.339075;0.0207779;0.962321 -0.255735 0.0923981 0.479593 0.256761 0.966475 0.000812611 0.0335428 -0.0895082 0.0229422 0.995722 0.696479 0 0 0 1 
38591597440172;0.374586;0.0128382;0.975014 -0.090132 -0.203035 1.06438 0.0533693 0.982262 -0.179759 0.0967238 0.215636 0.164432 0.96253 -0.00391937 0 0 0 1 
38591597440173;0.118391;0.0166973;0.998175 0.0242691 0.0552915 -0.26918 -0.0223864 0.999157 -0.0344203 0.0211644 -0.0560803 0.0331198 0.997877 0.190343 0 0 0 1 
38591597440174;0.158802;0.0158034;0.993876 -0.0379914 0.103766 -0.112435 0.0161242 0.97885 0.203943 -0.0947673 -0.109319 -0.201021 0.973468 0.226102 0 0 0 1 
38591597440175;0.263758;0.0150261;0.964496 0.182961 0.190453 -0.55109 -0.198678 0.977783 0.0668315 0.0713873 -0.173994 -0.102297 0.979419 0.384818 0 0 0 1 
38591597440176;0.174741;0.0208702;0.998512 -0.0543931 0.00389697 0.10237 0.0527723 0.981821 0.182325 -0.388608 -0.0137434 -0.181848 0.983231 0.183685 0 0 0 1 
38591597440177;0.253101;0.0243701;0.993265 0.114688 0.0164658 -0.550963 -0.114314 0.993198 -0.0221284 -0.329674 -0.0188917 0.0200971 0.99962 -0.169868 0 0 0 1 
38591597440178;0.247175;0.0169409;0.997041 0.0728794 0.0244314 -0.337187 -0.0717895 0.996499 -0.0428599 -0.57429 -0.0274694 0.0409792 0.998782 -0.127141 0 0 0 1 
38591597440179;0.388374;0.0180527;0.891453 -0.450613 0.0475363 0.404833 0.452172 0.891451 -0.0292417 0.265513 -0.0291996 0.0475621 0.998441 0.166578 0 0 0 1 
38591597440180;0.287474;0.0219468;0.905635 0.284391 -0.314558 0.0117945 -0.26776 0.958705 0.0958618 0.234334 0.328831 -0.00258967 0.944385 -0.316628 0 0 0 1 
38591597440181;0.269146;0.0165853;0.99897 -0.0366298 0.0267698 0.257292 0.0337098 0.994172 0.102402 -0.743289 -0.0303648 -0.101394 0.994383 -0.0970488 0 0 0 1 
38591597440182;0.36237;0.016109;0.952653 0.279156 0.120516 -0.716029 -0.294857 0.944932 0.141994 0.0993344 -0.0742412 -0.170806 0.982504 -0.134367 0 0 0 1 
38591597440183;0.418551;0.0226823;0.934656 -0.355084 0.0182624 0.888976 0.353322 0.921817 -0.159427 -0.505845 0.0397753 0.155462 0.987041 -0.0831852 0 0 0 1 
38591597440184;0.369769;0.0222922;0.999456 -0.0298765 0.0139595 -0.766363 0.0315538 0.989428 -0.141553 -0.0869127 -0.00958276 0.141917 0.989832 -0.66454 0 0 0 1 
38591597440186;0.226268;0.142963;0.999671 0.0250718 -0.00536721 0.00337416 -0.0249897 0.999577 0.0148545 -0.244126 0.00573737 -0.0147155 0.999875 0.0144011 0 0 0 1 
38591597440187;0.539163;0.279131;0.978673 -0.194075 0.0673416 0.323825 0.193761 0.980985 0.0112333 -1.17349 -0.0682411 0.0020544 0.997667 0.703745 0 0 0 1 
38591597440188;0.243538;0.193293;0.965701 0.217429 0.141941 0.00471364 -0.236841 0.961661 0.138258 0.571198 -0.106438 -0.167133 0.980172 0.399734 0 0 0 1 
38591597440189;0.327282;0.206494;0.996854 0.0394561 -0.0687366 0.320434 -0.0358108 0.997927 0.0534815 -0.15031 0.0707042 -0.0508517 0.9962 -0.624395 0 0 0 1 
38591597440190;0.477387;0.16837;0.942964 0.148013 0.298179 0.0620368 -0.219379 0.950001 0.222194 0.431754 -0.250383 -0.274935 0.928288 1.33294 0 0 0 1 
38591597440191;0.452785;0.238198;0.989168 0.0691869 0.129458 0.100179 -0.118801 0.895344 0.429239 -0.10671 -0.0862116 -0.439969 0.893865 0.890761 0 0 0 1 
38591597440192;0.627235;0.342171;0.95406 -0.299614 -0.00128562 0.563299 0.298427 0.949882 0.0930887 -1.22687 -0.0266695 -0.0891959 0.995657 0.781627 0 0 0 1 
38591597440193;0.3706;0.158414;0.999068 0.0418624 -0.010525 0.0477578 -0.0429468 0.988507 -0.144945 0.280836 0.00433632 0.145262 0.989384 -0.550566 0 0 0 1 
38591597440194;0.358294;0.147345;0.978121 0.18776 0.0895832 0.417482 -0.188399 0.982092 -0.00134084 0.163408 -0.0882307 -0.0155659 0.995978 0.124306 0 0 0 1 
38591597440195;0.380792;0.17515;0.920444 0.319708 -0.224879 0.28393 -0.321622 0.946421 0.0290963 0.86393 0.222133 0.0455445 0.973952 -0.357228 0 0 0 1 
38591597440196;0.614704;0.31127;0.963311 -0.226595 -0.143826 0.08897 0.25881 0.926166 0.274288 -0.698405 0.0710543 -0.301448 0.950831 -0.11087 0 0 0 1 
38591597440197;0.540834;0.125581;0.939414 0.326878 -0.103212 0.734249 -0.33069 0.943488 -0.021787 0.956798 0.0902575 0.0545981 0.994421 -0.0316521 0 0 0 1 
38591597440198;0.653732;0.137674;0.966264 0.252918 -0.0486494 0.210175 -0.256648 0.929695 -0.264196 0.383515 -0.021591 0.267769 0.963241 0.478818 0 0 0 1 
38591597440199;0.0659977;0.140243;0.999883 0.0139508 -0.0063088 0.0814329 -0.014006 0.999863 -0.00879537 -0.0342349 0.00618523 0.0088827 0.999941 -0.049823 0 0 0 1 
38591597440200;0.599375;0.176081;0.994098 0.103815 -0.0314851 0.702474 -0.103819 0.994595 0.00149326 0.70804 0.0314699 0.00178431 0.999503 0.0681555 0 0 0 1 
38591597440201;0.617035;0.13356;0.994124 0.0930151 0.0553761 0.544198 -0.0773581 0.968267 -0.237646 0.228618 -0.0757235 0.231965 0.969772 -0.571932 0 0 0 1 
38591597440202;0.728849;0.293371;0.913602 0.0367425 -0.404945 0.659495 0.0753104 0.963387 0.257321 -0.840299 0.399574 -0.265586 0.877385 -0.0740966 0 0 0 1 
38591597440203;0.628996;0.150832;0.947787 0.31538 -0.0472726 0.922857 -0.313906 0.948768 0.0360927 0.911521 0.0562336 -0.0193691 0.99823 0.0556279 0 0 0 1 
38591597440204;0.361491;0.305805;0.988837 -0.143259 -0.0409614 0.0929489 0.144649 0.988924 0.0332515 -0.69959 0.0357441 -0.0388053 0.998607 0.216383 0 0 0 1 
38591597440205;0.426394;0.16518;0.974643 0.182746 0.129132 -0.228984 -0.206305 0.957349 0.202291 0.321657 -0.0866564 -0.223802 0.970775 0.678665 0 0 0 1 
38591597440206;0.39785;0.191784;0.975434 0.15418 0.157343 0.173967 -0.200457 0.91742 0.34374 0.286302 -0.0913519 -0.366836 0.925789 0.785552 0 0 0 1 
38591597440207;0.654746;0.168505;0.983871 0.176381 0.0297924 -0.397048 -0.17781 0.982513 0.0552374 -0.146799 -0.0195285 -0.0596438 0.998029 0.406985 0 0 0 1 
38591597440208;0.405729;0.176645;0.965593 0.025259 0.258828 -0.0438194 -0.0747448 0.980233 0.183185 -0.397945 -0.249084 -0.196228 0.948394 0.56332 0 0 0 1 
38591597440209;0.302589;0.182741;0.931867 0.362461 -0.0156699 0.0853751 -0.361992 0.931805 0.0264828 1.00747 0.0242003 -0.0190061 0.999526 0.00201741 0 0 0 1 
38591597440210;0.290612;0.154979;0.991749 0.120331 -0.0442063 0.0689524 -0.127038 0.968731 -0.213123 0.451537 0.0171786 0.21698 0.976025 0.0154542 0 0 0 1 
38591597440211;0.669792;0.16018;0.977887 0.183692 0.0999697 -0.126093 -0.195568 0.972569 0.125945 -0.360992 -0.0740924 -0.142711 0.986987 0.494582 0 0 0 1 
38591597440212;0.674895;0.169947;0.916398 0.162933 0.365606 0.878758 -0.273897 0.921325 0.275936 0.632273 -0.291883 -0.353005 0.888927 1.12035 0 0 0 1 
38591597440213;0.74739;0.186419;0.98455 0.11286 -0.133882 0.22843 -0.0795923 0.96947 0.231931 -0.934523 0.15597 -0.217692 0.963475 -0.0699186 0 0 0 1 
38591597440214;0.177349;0.155819;0.998519 0.0344201 -0.0421408 0.235186 -0.0413607 0.983373 -0.176827 0.0489021 0.0353537 0.178308 0.983339 -0.306013 0 0 0 1 
38591597440215;0.720627;0.204565;0.986934 0.0992849 -0.126903 0.201832 -0.107836 0.99221 -0.0623713 0.515327 0.119722 0.075241 0.989952 -1.32269 0 0 0 1 
38591597440217;0.284412;0.0461949;0.999879 -0.0134554 -0.00775957 0.200567 0.0135788 0.999779 0.0160669 0.000496062 0.00754167 -0.0161703 0.999841 0.62197 0 0 0 1 
38591597440218;0.175507;0.0435658;0.980582 0.192049 -0.0397099 -0.191493 -0.193416 0.980527 -0.0340095 0.186222 0.0324052 0.0410296 0.998632 -0.0235175 0 0 0 1 
38591597440219;0.263573;0.0488903;0.983418 0.181323 -0.00340053 -0.192306 -0.1813 0.983409 0.00609936 0.287603 0.00445006 -0.00538171 0.999976 0.420171 0 0 0 1 
38591597440220;0.260161;0.0593685;0.998368 0.0364017 -0.0439999 0.021023 -0.034752 0.998685 0.0376951 0.434862 0.0453142 -0.0361045 0.99832 0.235332 0 0 0 1 
38591597440221;0.443483;0.060786;0.993995 -0.0877596 -0.0653607 0.871686 0.0992374 0.974649 0.200528 0.0159209 0.0461055 -0.20581 0.977505 0.396777 0 0 0 1 
38591597440222;0.400675;0.0394154;0.995613 0.0908333 0.0224408 -0.282951 -0.0915079 0.995318 0.0311249 0.279421 -0.0195086 -0.0330419 0.999264 -0.817715 0 0 0 1 
38591597440223;0.500048;0.0627929;0.899095 0.432269 0.069074 -0.505008 -0.436231 0.89789 0.0591271 0.891097 -0.036462 -0.0832931 0.995858 0.438229 0 0 0 1 
38591597440224;0.319063;0.0511466;0.999536 0.0245376 -0.0180678 0.150247 -0.0244083 0.999675 0.00734112 0.0804188 0.018242 -0.00689671 0.99981 -0.719187 0 0 0 1 
38591597440225;0.246702;0.0634489;0.987476 -0.0983738 0.123342 0.0755047 0.0750827 0.980614 0.180995 0.0618877 -0.138756 -0.169468 0.975719 -0.0241298 0 0 0 1 
38591597440226;0.422905;0.055409;0.885111 0.406064 0.227357 -0.319587 -0.358968 0.906622 -0.221763 0.471884 -0.296176 0.114671 0.948225 0.325101 0 0 0 1 
38591597440227;0.114525;0.0452535;0.999029 0.00309991 0.0439405 -0.108411 -0.00747191 0.994991 0.0996865 -0.32958 -0.0434113 -0.0999181 0.994048 0.0641797 0 0 0 1 
38591597440228;0.227089;0.0509196;0.963352 -0.266028 0.03439 0.0896355 0.267209 0.962963 -0.0360794 -0.20692 -0.0235182 0.0439464 0.998757 0.09058 0 0 0 1 
38591597440229;0.366377;0.0517405;0.962264 0.270943 0.0252408 -0.558825 -0.269551 0.961791 -0.0479692 0.531647 -0.0372733 0.0393554 0.99853 -0.205042 0 0 0 1 
38591597440230;0.40791;0.0430637;0.99993 0.0106103 0.0052723 -0.0926246 -0.0109978 0.996741 0.0799127 -0.102154 -0.00440722 -0.0799651 0.996788 1.02759 0 0 0 1 
38591597440231;0.122929;0.0501839;0.997091 0.0628419 -0.0431232 0.0545535 -0.0583963 0.993513 0.097577 -0.287984 0.0489754 -0.094775 0.994293 0.0691993 0 0 0 1 
38591597440232;0.235296;0.0505479;0.965138 -0.26037 0.0267711 0.247715 0.259838 0.965407 0.0217794 -0.354873 -0.0315157 -0.0140639 0.999404 -0.00748386 0 0 0 1 
38591597440233;0.450082;0.0504883;0.90696 -0.00324415 -0.421205 0.635247 0.122716 0.958627 0.256855 -0.493394 0.402945 -0.284646 0.869834 -0.374783 0 0 0 1 
38591597440234;0.442338;0.0607988;0.890525 -0.451344 -0.0570503 0.477331 0.442109 0.888153 -0.125396 -0.0581838 0.107266 0.0864455 0.990465 -0.217724 0 0 0 1 
38591597440235;0.600621;0.0552437;0.906434 0.421326 -0.0293643 -0.598912 -0.419269 0.906028 0.0576739 1.06711 0.0509044 -0.039966 0.997904 0.571452 0 0 0 1 
38591597440236;0.098733;0.0443467;0.995713 0.0603343 -0.0701032 0.132085 -0.0595092 0.998132 0.0138005 -0.0546883 0.0708049 -0.00956952 0.997444 -0.141593 0 0 0 1 
38591597440237;0.391996;0.072477;0.993259 -0.112265 -0.0288659 0.445821 0.114376 0.989651 0.0866534 0.188311 0.018839 -0.0893709 0.99582 0.618803 0 0 0 1 
38591597440238;0.352561;0.0432721;0.919879 0.217259 0.326528 -0.359336 -0.262517 0.959621 0.101054 0.0680007 -0.291388 -0.178677 0.93977 0.569547 0 0 0 1 
38591597440239;0.273596;0.0629386;0.950611 -0.297612 0.0881194 0.211665 0.299525 0.954045 -0.00904214 -0.406103 -0.0813789 0.0349896 0.996069 -0.0498656 0 0 0 1 
38591597440240;0.59112;0.0603692;0.910994 -0.392803 -0.12568 0.946606 0.405381 0.908915 0.0976734 -0.929721 0.0758664 -0.139928 0.987251 0.613514 0 0 0 1 
38591597440241;0.457943;0.03993;0.92423 0.381835 -0.000541208 -0.122288 -0.381433 0.923188 -0.0472455 0.449119 -0.0175404 0.0438721 0.998883 -0.643993 0 0 0 1 
38591597440242;0.307705;0.0374896;0.982311 0.185923 0.0223232 0.195995 -0.18632 0.982337 0.0172749 -0.424519 -0.0187172 -0.0211285 0.999602 0.00696783 0 0 0 1 
38591597440243;0.105317;0.0485565;0.998271 -0.0587373 -0.00216584 0.0600173 0.0587598 0.998194 0.0124815 -0.160808 0.0014288 -0.0125871 0.99992 -0.159526 0 0 0 1 
38591597440244;0.562292;0.0645516;0.915487 -0.380026 -0.132147 0.860968 0.349265 0.913672 -0.207888 -0.135825 0.199742 0.144164 0.969185 -0.935564 0 0 0 1 
38591597440245;0.374359;0.0517788;0.992719 -0.108285 -0.0527584 -0.539756 0.111406 0.991942 0.0603288 0.213123 0.0458006 -0.0657671 0.996783 0.327808 0 0 0 1 
38591597440246;0.451519;0.0455456;0.881243 0.472497 -0.0125558 -0.0687467 -0.472646 0.88113 -0.0146781 0.718199 0.00412793 0.0188694 0.999813 -0.274901 0 0 0 1 
38591597440248;0.275634;0.0286458;0.953247 0.30215 0.00500393 -0.356148 -0.30207 0.953204 -0.0125069 0.377668 -0.00854871 0.0104106 0.999909 0.0749118 0 0 0 1 
38591597440249;0.256114;0.0298231;0.956888 -0.182552 -0.225919 0.618119 0.170829 0.98277 -0.0705669 -0.104956 0.234909 0.0289311 0.971587 -0.327055 0 0 0 1 
38591597440250;0.238063;0.0258805;0.920398 -0.021546 -0.390389 0.300427 -0.0331503 0.990585 -0.132828 0.283583 0.389575 0.135196 0.911018 -0.474958 0 0 0 1 
38591597440251;0.292932;0.0226213;0.999993 -0.00362335 -1.46456e-06 -0.00893416 0.00362303 0.999901 0.0135906 -0.0375393 -4.77792e-05 -0.0135906 0.999908 0.906626 0 0 0 1 
38591597440252;0.40515;0.023627;0.995317 -0.0061591 0.0964696 -0.168263 0.0517877 0.876643 -0.478346 0.461848 -0.0816232 0.481102 0.872857 -0.279058 0 0 0 1 
38591597440253;0.264249;0.0295277;0.999689 -0.0210641 0.0133798 -0.606296 0.0207844 0.999569 0.02071 -0.0264111 -0.0138102 -0.0204254 0.999696 -0.273835 0 0 0 1 
38591597440254;0.377732;0.0238892;0.907817 -0.391896 0.149286 0.600139 0.349728 0.903921 0.246204 -0.546888 -0.231429 -0.171299 0.957652 0.295247 0 0 0 1 
38591597440255;0.159826;0.0223543;0.977759 0.0796169 0.194031 0.1393 -0.0688596 0.995724 -0.0615797 0.0898979 -0.198104 0.0468492 0.979061 0.415697 0 0 0 1 
38591597440256;0.0516293;0.0266586;0.99931 0.0236942 0.0285978 -0.014865 -0.0231945 0.999575 -0.0176781 0.0989021 -0.0290045 0.0170026 0.999435 0.0897815 0 0 0 1 
38591597440257;0.294004;0.0320664;0.985573 -0.126554 -0.112384 0.167079 0.119053 0.990335 -0.0711502 0.451766 0.120302 0.0567441 0.991114 0.323878 0 0 0 1 
38591597440258;0.456161;0.0194251;0.97061 0.164027 0.176101 -0.571979 -0.225396 0.876027 0.426348 -0.309687 -0.0843368 -0.45351 0.887252 0.585703 0 0 0 1 
