#;prob_registration_l1 -r /home/probabilistic_point_clouds_registration/build/tester /home/point_clouds_registration_benchmark/gazebo_summer_local.txt /home/point_clouds_registration_benchmark/gazebo_summer -s 0.2 -t 0.2 -p 0.3 -r 1000 -m 15 -i 40 
id;initial_error;final_error;transformation
36535719080000;0.0805842;0.164661;0.998267 -0.0192783 0.0555917 -0.379336 0.013517 0.994671 0.102209 -0.116323 -0.0572659 -0.10128 0.993208 -0.00513837 0 0 0 1 
36535719080001;0.11249;0.148391;0.985928 -0.0045627 0.167106 -0.496427 0.015181 0.997941 -0.06232 0.0330346 -0.166478 0.0639799 0.983967 0.174425 0 0 0 1 
36535719080002;0.259114;0.188638;0.987645 0.0164268 0.155848 -0.221908 -0.0462176 0.98079 0.189514 -0.462476 -0.149741 -0.194376 0.969431 0.0658039 0 0 0 1 
36535719080003;0.441289;0.916582;0.969321 -0.112438 0.218576 -1.99189 0.128226 0.989965 -0.0593976 -1.23367 -0.209704 0.0856025 0.974011 -0.189963 0 0 0 1 
36535719080004;0.424931;0.728771;0.939759 -0.0418658 0.339264 -1.51628 0.0740445 0.99384 -0.0824611 -0.708091 -0.333721 0.102614 0.93707 -0.162823 0 0 0 1 
36535719080005;0.508351;0.204721;0.982558 -0.114984 0.146146 0.0638895 0.161396 0.917671 -0.363087 0.747042 -0.0923644 0.380341 0.920223 -0.430833 0 0 0 1 
36535719080006;0.482532;0.473905;0.984757 0.0505926 -0.166416 -1.16797 -0.0756572 0.986103 -0.147909 0.527081 0.15662 0.158245 0.974899 -1.53428 0 0 0 1 
36535719080007;0.407429;0.338502;0.959379 -0.280063 0.0340189 -0.76227 0.279727 0.928616 -0.243773 -0.746951 0.0366815 0.243387 0.969235 -1.21066 0 0 0 1 
36535719080008;0.494873;0.49995;0.987068 0.040598 0.155078 -1.46606 0.0109096 0.948143 -0.317655 0.5478 -0.159932 0.315239 0.935439 -0.743331 0 0 0 1 
36535719080009;0.260051;0.177729;0.983847 -0.0973644 0.150214 -0.542087 0.0896695 0.994328 0.0571922 -0.790161 -0.154931 -0.0427988 0.986998 -0.324182 0 0 0 1 
36535719080010;0.367096;0.298801;0.978477 -0.136776 0.154519 -0.136611 0.143525 0.989085 -0.0333476 -0.222235 -0.148271 0.0548072 0.987427 0.678147 0 0 0 1 
36535719080011;0.379627;0.379591;0.970825 -0.151972 0.185479 -0.841342 0.142696 0.987794 0.0624558 0.2404 -0.192706 -0.0341666 0.980661 -0.299236 0 0 0 1 
36535719080012;0.1676;0.167363;0.998787 0.0200369 0.0449717 -0.627429 -0.0209184 0.999596 0.0192183 0.197658 -0.0445685 -0.0201358 0.998803 -0.545637 0 0 0 1 
36535719080013;0.445602;0.648872;0.958911 -0.134426 0.249837 -0.823001 0.131863 0.990899 0.0270502 -0.682938 -0.251199 0.00700541 0.96791 0.209694 0 0 0 1 
36535719080014;0.45281;0.547189;0.994947 0.100394 -0.00137364 -1.6757 -0.10039 0.994509 -0.0295552 0.317854 -0.00160105 0.0295438 0.999562 -0.0839388 0 0 0 1 
36535719080015;0.366192;0.490341;0.998582 0.0448946 0.0286196 -1.52249 -0.0455031 0.998744 0.0209762 0.170419 -0.0276419 -0.0222487 0.99937 0.00693999 0 0 0 1 
36535719080016;0.0775968;0.164263;0.989918 -0.0068007 0.14148 -0.554772 -0.000688049 0.998604 0.0528154 0.0332281 -0.141642 -0.0523802 0.988531 0.135024 0 0 0 1 
36535719080017;0.294515;0.16898;0.952572 0.059993 0.298341 -0.611926 0.0247814 0.961826 -0.272536 0.204618 -0.303303 0.267004 0.914722 0.180695 0 0 0 1 
36535719080018;0.425335;0.522319;0.999552 0.0186929 -0.0233721 -1.14553 -0.0206079 0.996204 -0.0845755 -0.149843 0.0217025 0.0850193 0.996143 -0.718067 0 0 0 1 
36535719080019;0.389784;0.529518;0.994445 0.0426615 -0.0962262 -1.14198 -0.0501505 0.995784 -0.0768003 0.13725 0.0925441 0.0811994 0.992392 -0.675843 0 0 0 1 
36535719080020;0.317608;0.167209;0.986892 0.153768 -0.0489781 -0.57736 -0.150254 0.986251 0.0687995 0.840127 0.0588838 -0.0605386 0.996428 -0.0479463 0 0 0 1 
36535719080021;0.423824;0.611436;0.942295 -0.125902 0.310209 -1.28256 0.233375 0.911377 -0.339011 -0.342042 -0.240035 0.391844 0.888168 -0.0428101 0 0 0 1 
36535719080022;0.154215;0.152384;0.999409 0.00531932 0.0339697 -0.756616 -0.00587485 0.99985 0.0162751 -0.0597646 -0.0338781 -0.016465 0.99929 -0.385854 0 0 0 1 
36535719080023;0.35143;0.189726;0.978949 -0.00381958 -0.204069 -0.498219 0.0259741 0.994027 0.105996 0.198063 0.202445 -0.109065 0.973201 0.27378 0 0 0 1 
36535719080024;0.34005;0.182465;0.964033 -0.240944 -0.112191 -0.0559727 0.18852 0.917434 -0.350393 -0.246089 0.187354 0.31664 0.929859 -1.13571 0 0 0 1 
36535719080025;0.273677;0.20314;0.996645 0.0522363 -0.0630058 -0.63244 -0.0394869 0.981207 0.188875 0.467424 0.0716878 -0.185753 0.979978 -0.0234156 0 0 0 1 
36535719080026;0.254446;0.217125;0.996345 -0.0270126 0.0810424 -0.0685666 0.0258573 0.999549 0.0152723 0.405291 -0.0814184 -0.013121 0.996594 -0.0926898 0 0 0 1 
36535719080027;0.274443;0.170235;0.974996 0.180679 0.129372 -0.882474 -0.183465 0.982977 0.00985513 0.309697 -0.125389 -0.033344 0.991547 0.032055 0 0 0 1 
36535719080028;0.110223;0.161252;0.98854 -0.0315134 0.147632 -0.575112 0.0399668 0.997706 -0.0546475 -0.208759 -0.145571 0.0599217 0.987531 0.0138813 0 0 0 1 
36535719080029;0.464721;0.802129;0.967352 -0.0520774 0.248029 -1.68192 0.0577962 0.998203 -0.0158264 -0.875829 -0.246759 0.0296448 0.968623 -0.409289 0 0 0 1 
36535719080031;0.562593;1.78843;0.974516 0.149133 0.167566 -2.86484 -0.137232 0.987258 -0.080549 0.737905 -0.177444 0.0555007 0.982565 -0.181001 0 0 0 1 
36535719080032;0.49885;1.2246;0.999243 -0.0173981 -0.034789 -1.97066 0.0202514 0.996308 0.0834238 0.604142 0.0332092 -0.0840652 0.995907 -0.53703 0 0 0 1 
36535719080033;0.471869;1.77695;0.944856 0.285496 0.160431 -3.08959 -0.322041 0.89897 0.296887 1.28116 -0.0594631 -0.332181 0.94134 0.527364 0 0 0 1 
36535719080034;0.28376;1.73753;0.913342 0.390705 -0.114701 -2.90917 -0.368419 0.912874 0.175865 1.22309 0.173419 -0.118367 0.977709 -1.11705 0 0 0 1 
36535719080035;0.587922;1.62623;0.989128 -0.0780539 0.124632 -2.9099 0.087678 0.993419 -0.0736934 -0.167912 -0.11806 0.0838197 0.989463 -0.816871 0 0 0 1 
36535719080036;0.406933;1.7332;0.965998 0.230806 0.116517 -3.25338 -0.226777 0.972816 -0.0469104 0.865452 -0.124177 0.018892 0.99208 0.461508 0 0 0 1 
36535719080037;0.0919718;1.64477;0.938175 0.286858 0.193753 -2.94384 -0.280065 0.957965 -0.0621876 0.497458 -0.203447 0.00407944 0.979077 0.101248 0 0 0 1 
36535719080038;0.581548;1.67823;0.982094 0.0811672 0.170012 -3.75929 -0.0864491 0.99597 0.0238867 0.379029 -0.167388 -0.0381564 0.985152 0.675981 0 0 0 1 
36535719080039;0.434512;1.60491;0.925987 0.3419 0.160163 -3.23416 -0.328685 0.938738 -0.103623 1.35557 -0.18578 0.0433106 0.981636 -0.48569 0 0 0 1 
36535719080040;0.566995;1.74678;0.924088 0.103171 0.367991 -2.39978 -0.138395 0.987859 0.070575 0.504763 -0.356242 -0.116146 0.927147 0.436449 0 0 0 1 
36535719080041;0.142283;1.75543;0.910989 0.37911 0.162403 -2.91886 -0.374687 0.925319 -0.0582615 1.05694 -0.172362 -0.00777455 0.985003 -0.108605 0 0 0 1 
36535719080042;0.307724;1.64303;0.982361 0.186956 -0.00382859 -3.009 -0.181779 0.949957 -0.254044 0.390907 -0.0438581 0.250259 0.967185 -0.153845 0 0 0 1 
36535719080043;0.210302;1.6758;0.959043 0.148 0.241523 -3.05078 -0.183068 0.974497 0.129778 0.555471 -0.216156 -0.168677 0.961678 0.34761 0 0 0 1 
36535719080044;0.594242;1.6623;0.99666 0.0597536 0.0556605 -2.85304 -0.0666657 0.989008 0.131984 -0.13728 -0.0471622 -0.135254 0.989688 0.268267 0 0 0 1 
36535719080045;0.55307;1.70451;0.884482 0.453482 0.109756 -3.38657 -0.427804 0.882112 -0.197136 2.12254 -0.186214 0.127409 0.974213 0.479883 0 0 0 1 
36535719080046;0.383937;1.77099;0.85367 0.49651 0.157246 -3.13238 -0.484996 0.867894 -0.107419 1.73587 -0.189807 0.0154368 0.9817 -0.451845 0 0 0 1 
36535719080047;0.507113;1.74343;0.957564 0.256865 0.130736 -2.80922 -0.251175 0.966168 -0.0585776 0.321654 -0.141359 0.0232542 0.989685 0.683426 0 0 0 1 
36535719080048;0.299943;1.57361;0.956709 0.141783 0.254175 -2.81164 -0.0404686 0.929638 -0.366246 0.532375 -0.288218 0.340105 0.895131 0.401631 0 0 0 1 
36535719080049;0.398366;1.66864;0.973652 -0.00999357 0.227821 -2.90451 -0.047646 0.968075 0.246093 0.215245 -0.223007 -0.250463 0.942091 0.545947 0 0 0 1 
36535719080050;0.499825;1.67265;0.909315 0.323282 -0.261984 -2.88898 -0.304753 0.946093 0.109697 1.34827 0.283324 -0.0199087 0.958818 -2.01888 0 0 0 1 
36535719080051;0.440086;1.73358;0.983227 -0.0712477 0.167892 -3.02462 0.0906906 0.989659 -0.111134 -0.182811 -0.158238 0.124497 0.979521 -0.290165 0 0 0 1 
36535719080052;0.307637;1.6696;0.967557 0.134062 0.214151 -3.13206 -0.17888 0.962081 0.20592 0.526125 -0.178425 -0.237546 0.954849 0.315256 0 0 0 1 
36535719080053;0.461332;1.71025;0.944039 0.0066862 0.329767 -2.72654 -0.00768757 0.999969 0.00173267 0.141246 -0.329745 -0.00417081 0.944061 1.0776 0 0 0 1 
36535719080054;0.521749;1.87362;0.898219 0.231375 0.373723 -3.12516 -0.259899 0.965257 0.0270528 1.55294 -0.354479 -0.12143 0.927146 0.758774 0 0 0 1 
36535719080055;0.319357;1.73027;0.957097 0.0252836 0.288661 -2.94859 0.0131457 0.991372 -0.13042 0.199019 -0.289468 0.128619 0.948507 0.26417 0 0 0 1 
36535719080056;0.611624;1.83174;0.971602 -0.0475281 0.231797 -3.37333 0.0774585 0.98953 -0.121781 -0.00813288 -0.223582 0.136277 0.965111 -0.564302 0 0 0 1 
36535719080057;0.403587;1.6291;0.928133 0.371932 0.0153305 -2.99155 -0.366469 0.920177 -0.137751 0.690465 -0.0653408 0.122233 0.990348 -0.501657 0 0 0 1 
36535719080058;0.354702;1.61784;0.952862 0.104913 0.284689 -2.67607 -0.0520785 0.980943 -0.187185 0.487077 -0.298902 0.163536 0.940167 0.0126368 0 0 0 1 
36535719080059;0.377989;1.7349;0.874827 0.465685 0.133476 -3.04463 -0.425458 0.870337 -0.247991 1.83935 -0.231655 0.160161 0.959523 -0.297831 0 0 0 1 
36535719080060;0.383603;1.7069;0.95574 0.266784 0.124046 -3.28719 -0.276421 0.958624 0.068053 1.04235 -0.100758 -0.09933 0.98994 -0.345006 0 0 0 1 
36535719080062;0.362158;0.520115;0.999865 0.00649092 0.0150801 -0.663829 -0.00911122 0.98348 0.180788 -1.60249 -0.0136575 -0.180901 0.983406 -1.14357 0 0 0 1 
36535719080063;0.299523;0.591896;0.992238 -0.101565 0.0717562 -0.480853 0.0852216 0.975583 0.202425 -2.03754 -0.0905634 -0.194738 0.976665 -0.677628 0 0 0 1 
36535719080064;0.461382;0.505235;0.994885 -0.0967511 -0.0290369 -0.0732147 0.0909614 0.983076 -0.159022 -1.13826 0.043931 0.155567 0.986848 -1.6017 0 0 0 1 
36535719080065;0.4807;0.86075;0.969922 0.0777323 0.230669 -0.653117 -0.121809 0.975449 0.18347 -2.55237 -0.210744 -0.206049 0.955579 0.984741 0 0 0 1 
36535719080066;0.231893;0.376692;0.987793 -0.109031 0.111256 0.0920713 0.0878903 0.979763 0.179833 -1.7557 -0.128612 -0.167859 0.977385 0.327806 0 0 0 1 
36535719080067;0.276753;0.649274;0.999991 0.00419796 0.000439638 -0.395856 -0.00345808 0.755085 0.655618 -2.25223 0.0024203 -0.655614 0.755092 0.497191 0 0 0 1 
36535719080068;0.41506;0.793718;0.984261 -0.141585 0.105758 -0.327643 0.119576 0.974207 0.191372 -2.63082 -0.130126 -0.175714 0.975803 -0.71208 0 0 0 1 
36535719080069;0.168667;0.416677;0.995456 -0.0365227 0.0879403 -0.43701 0.00633244 0.946866 0.321565 -1.49499 -0.0950121 -0.319547 0.942795 0.465269 0 0 0 1 
36535719080070;0.366766;0.896765;0.97025 -0.0296111 -0.240286 -0.0332592 0.137427 0.884459 0.445921 -3.57788 0.199319 -0.465677 0.862216 -0.822542 0 0 0 1 
36535719080071;0.314881;0.530285;0.994514 -0.104197 -0.00925375 -0.687419 0.104458 0.993925 0.0346749 -1.42096 0.00558449 -0.0354513 0.999356 -0.0839304 0 0 0 1 
36535719080072;0.205179;0.446548;0.99505 -0.0802323 0.0586317 -0.167082 0.0681512 0.980381 0.184956 -1.14835 -0.0723208 -0.180045 0.980996 0.300402 0 0 0 1 
36535719080073;0.364246;0.59815;0.933079 -0.194265 0.302697 -0.533483 0.0430173 0.895825 0.44232 -2.34238 -0.35709 -0.399698 0.844232 1.12242 0 0 0 1 
36535719080074;0.343501;0.940423;0.996295 0.0395529 0.076372 -0.581488 -0.0660987 0.920265 0.385673 -3.08195 -0.0550279 -0.389292 0.919469 0.234596 0 0 0 1 
36535719080075;0.45993;0.913654;0.989561 0.0368785 -0.139313 0.0191432 -0.0386849 0.999199 -0.0102795 -2.03599 0.138822 0.0155615 0.990195 -1.09377 0 0 0 1 
36535719080076;0.347563;0.663467;0.999042 0.0401926 -0.0173205 -0.197373 -0.0267803 0.87442 0.48443 -2.40245 0.0346159 -0.483502 0.874659 0.295984 0 0 0 1 
36535719080077;0.245685;0.687388;0.981973 0.000695915 -0.18902 -0.217784 0.0715604 0.924192 0.375165 -2.27291 0.174951 -0.381928 0.907482 -0.278267 0 0 0 1 
36535719080078;0.322722;0.396048;0.998458 0.0491714 0.0257662 -0.865399 -0.0543062 0.961428 0.269642 -0.946526 -0.0115137 -0.270626 0.962616 -0.815411 0 0 0 1 
36535719080079;0.340882;0.968225;0.998299 -0.0044237 0.0581365 -0.506154 -0.0170874 0.931137 0.36427 -3.37219 -0.0557445 -0.364644 0.929477 -0.251181 0 0 0 1 
36535719080080;0.326117;1.03895;0.988786 -0.117646 0.0919864 -0.320265 0.07251 0.916687 0.392972 -2.83278 -0.130555 -0.381895 0.914938 0.995253 0 0 0 1 
36535719080081;0.410409;0.829412;0.987904 -0.13469 0.0768365 -0.784831 0.122407 0.981561 0.146817 -2.6667 -0.0951945 -0.135636 0.986175 -0.708248 0 0 0 1 
36535719080082;0.216435;0.467245;0.999963 0.00837908 -0.00188416 -0.105156 -0.00753469 0.9612 0.275751 -0.908331 0.00412159 -0.275727 0.961227 0.146771 0 0 0 1 
36535719080083;0.161862;0.53804;0.999623 0.014337 0.0234361 -0.43754 -0.0211683 0.945695 0.324366 -1.55581 -0.017513 -0.32474 0.945641 -0.339979 0 0 0 1 
36535719080084;0.439577;1.09394;0.984193 -0.167511 0.0574764 -0.413975 0.153418 0.968571 0.195788 -3.89186 -0.0884666 -0.183875 0.97896 0.18846 0 0 0 1 
36535719080085;0.124875;0.493052;0.997143 0.00750349 0.0751578 -0.461384 -0.0326816 0.939945 0.339757 -1.38514 -0.0680949 -0.341242 0.937506 0.0741583 0 0 0 1 
36535719080086;0.392366;0.709272;0.969354 -0.0467468 -0.241181 0.214446 0.127232 0.935339 0.33008 -2.1795 0.210156 -0.35065 0.912622 -1.10124 0 0 0 1 
36535719080087;0.41425;0.909929;0.997667 -0.0659677 0.0175629 -0.541062 0.0488184 0.869273 0.491916 -2.90274 -0.0477174 -0.489911 0.870466 -0.443728 0 0 0 1 
36535719080088;0.317089;0.545592;0.991533 0.02214 0.12795 -0.591492 -0.0637774 0.941351 0.331347 -1.82788 -0.11311 -0.336702 0.934793 -0.549185 0 0 0 1 
36535719080089;0.0976208;0.37734;0.999834 -0.0182412 0.000359452 -0.156112 0.01789 0.98407 0.176877 -1.06099 -0.00358018 -0.176841 0.984233 -0.0293277 0 0 0 1 
36535719080090;0.312576;0.372817;0.998745 -0.00440113 -0.0498897 0.12257 0.0127993 0.985482 0.169294 -1.68406 0.0484203 -0.16972 0.984302 0.0134697 0 0 0 1 
36535719080091;0.378116;0.664863;0.944981 -0.142811 0.294306 -0.271864 0.128015 0.989366 0.0690482 -2.12823 -0.301037 -0.0275738 0.953214 0.316706 0 0 0 1 
36535719080093;0.290482;0.354924;0.987745 -0.0482713 -0.148422 0.263631 0.0377286 0.996615 -0.0730455 -0.428561 0.151446 0.0665506 0.986223 -0.678863 0 0 0 1 
36535719080094;0.395592;0.864173;0.993553 0.11332 0.00334685 1.20624 -0.113179 0.993163 -0.0286066 -0.559753 -0.00656566 0.0280434 0.999585 -0.152571 0 0 0 1 
36535719080095;0.347587;0.199237;0.90404 0.210087 -0.372257 0.307719 -0.16771 0.975384 0.14318 0.0939877 0.393173 -0.0670091 0.917019 -1.46182 0 0 0 1 
36535719080096;0.508705;0.896672;0.897101 0.305019 0.319645 1.79696 -0.338022 0.939702 0.0519733 0.5739 -0.284518 -0.154672 0.946111 1.87714 0 0 0 1 
36535719080097;0.390373;0.908904;0.96028 0.199431 0.195164 1.33298 -0.138735 0.948079 -0.28618 -0.13924 -0.242103 0.247737 0.93809 0.877533 0 0 0 1 
36535719080098;0.177167;0.243058;0.965104 -0.0293372 0.260219 -0.0911675 0.0205383 0.999124 0.0364688 -0.470426 -0.261061 -0.0298517 0.964861 0.607035 0 0 0 1 
36535719080099;0.46993;0.935827;0.947437 0.282956 0.149327 1.72475 -0.315918 0.90116 0.296826 -0.00671653 -0.0505788 -0.328399 0.943184 -0.155247 0 0 0 1 
36535719080100;0.314307;0.181997;0.998369 -0.0449206 -0.0352276 -0.25957 0.0503278 0.983854 0.171754 -0.913768 0.0269436 -0.173247 0.98451 -0.704326 0 0 0 1 
36535719080101;0.365934;1.39215;0.967927 -0.245473 -0.0534896 1.20836 0.25026 0.96079 0.11938 -3.40683 0.0220879 -0.128937 0.991407 0.166017 0 0 0 1 
36535719080102;0.240105;0.223116;0.983077 -0.179089 0.0385654 -0.172709 0.179301 0.983792 -0.0020988 -1.04692 -0.0375645 0.00897811 0.999254 -0.45566 0 0 0 1 
36535719080103;0.352767;0.185531;0.998095 0.0338594 0.0515773 -0.0177185 -0.0370262 0.997406 0.0617337 -0.537681 -0.0493533 -0.0635258 0.996759 0.485303 0 0 0 1 
36535719080104;0.495293;0.653071;0.892257 -0.010291 -0.451412 -0.160647 0.0520383 0.995422 0.0801655 -1.1925 0.44852 -0.0950189 0.888708 -1.65739 0 0 0 1 
36535719080105;0.433787;0.187658;0.999615 -0.013154 0.0244405 0.00263762 0.0126951 0.999742 0.0188382 -0.287813 -0.024682 -0.0185207 0.999524 0.711701 0 0 0 1 
36535719080106;0.129754;0.222797;0.99712 -0.0438743 0.0618558 0.00579186 0.035859 0.991482 0.125209 -0.468516 -0.0668224 -0.12263 0.9902 -0.0660118 0 0 0 1 
36535719080107;0.262145;0.517202;0.995468 0.0636999 -0.0706142 -0.0628807 -0.0637603 0.997964 0.00140049 -0.573232 0.0705597 0.00310824 0.997503 -0.64736 0 0 0 1 
36535719080108;0.397924;1.47056;0.957507 -0.282819 -0.0565151 0.593049 0.287511 0.920547 0.264446 -3.92886 -0.0227654 -0.269457 0.962743 0.205461 0 0 0 1 
36535719080109;0.398301;1.43858;0.926085 -0.252536 0.280342 0.991318 0.20071 0.958865 0.200731 -3.31853 -0.319502 -0.129627 0.938678 1.42395 0 0 0 1 
36535719080110;0.208018;0.194113;0.994109 0.105906 -0.0230678 -0.039821 -0.104332 0.99266 0.0611565 -0.122487 0.0293753 -0.0583895 0.997862 -0.538991 0 0 0 1 
36535719080111;0.465339;0.954869;0.927006 0.317915 0.198971 1.68989 -0.276483 0.937749 -0.210199 0.8985 -0.25341 0.139843 0.957198 1.2686 0 0 0 1 
36535719080112;0.541337;0.619333;0.943838 0.162028 -0.287952 0.876082 -0.133809 0.984282 0.115253 -0.432613 0.3021 -0.0702498 0.950684 -1.40432 0 0 0 1 
36535719080113;0.28814;0.331656;0.999006 -0.0407627 -0.0180459 -0.164455 0.0416058 0.997926 0.0491149 -0.184544 0.0160064 -0.0498168 0.99863 -0.218315 0 0 0 1 
36535719080114;0.343577;0.945875;0.964351 0.263173 0.0277021 1.66613 -0.262854 0.964725 -0.0146342 0.0828366 -0.0305762 0.00683086 0.999509 0.419607 0 0 0 1 
36535719080115;0.500998;1.35364;0.990942 -0.134208 -0.00472766 0.955807 0.134207 0.98846 0.0702493 -2.45373 -0.00475489 -0.0702474 0.997518 0.020907 0 0 0 1 
36535719080116;0.41433;0.258077;0.971959 -0.016874 0.234544 0.650979 -0.0458856 0.964639 0.259551 -0.151035 -0.23063 -0.263035 0.936815 1.28741 0 0 0 1 
36535719080117;0.508343;0.240056;0.995763 -0.0825101 0.0405972 -0.083944 0.0725378 0.976133 0.204703 -0.558582 -0.0565183 -0.20089 0.977982 1.02117 0 0 0 1 
36535719080118;0.0642213;0.173304;0.998913 0.0340899 -0.0318011 -0.134967 -0.0337243 0.99936 0.0119641 -0.0640816 0.0321885 -0.0108786 0.999423 -0.368369 0 0 0 1 
36535719080119;0.384568;1.36736;0.973203 -0.216293 0.0780555 1.06799 0.193294 0.953368 0.231792 -3.15785 -0.124551 -0.210493 0.969629 0.486859 0 0 0 1 
36535719080120;0.113108;0.204095;0.997375 -0.0723834 -0.00195578 -0.0174653 0.0723569 0.995251 0.0651221 -0.694098 -0.00276727 -0.0650927 0.997875 -0.0564987 0 0 0 1 
36535719080121;0.423482;0.262935;0.979832 0.171407 -0.102708 0.210418 -0.114227 0.902196 0.415925 -0.476024 0.163955 -0.395805 0.90358 -0.631684 0 0 0 1 
36535719080122;0.427092;0.168828;0.966885 -0.251746 0.0419206 0.161982 0.244516 0.960835 0.130414 -1.85742 -0.0731099 -0.115845 0.990573 0.465491 0 0 0 1 
36535719080124;0.190705;0.753901;0.943219 0.330442 0.0338643 1.23446 -0.331283 0.943247 0.0231498 1.4718 -0.0242927 -0.0330539 0.999158 0.238369 0 0 0 1 
36535719080125;0.422416;0.86973;0.793145 0.569681 -0.215369 1.86603 -0.538797 0.821202 0.18795 2.35313 0.283933 -0.0330313 0.958275 -0.983914 0 0 0 1 
36535719080126;0.446714;0.682252;0.960825 0.26519 -0.0805649 1.25333 -0.271843 0.958358 -0.0874756 0.777141 0.0540123 0.10595 0.992903 -0.425655 0 0 0 1 
36535719080127;0.355012;0.76498;0.996937 0.0700592 0.0347644 1.13253 -0.066677 0.99367 -0.0904074 0.258304 -0.0408782 0.0878124 0.995298 -0.0503279 0 0 0 1 
36535719080128;0.249905;0.730603;0.984295 0.172129 -0.0391882 1.27283 -0.172889 0.984796 -0.0168878 1.50585 0.0356855 0.0233978 0.999089 -0.120801 0 0 0 1 
36535719080129;0.526113;0.747171;0.999342 -0.0211504 -0.0294726 1.39333 0.0202081 0.999286 -0.0319096 -0.520861 0.0301265 0.031293 0.999056 0.139841 0 0 0 1 
36535719080130;0.433817;0.855654;0.91679 0.289161 0.275468 1.07235 -0.226281 0.944459 -0.238315 1.01668 -0.32908 0.156152 0.931302 1.05356 0 0 0 1 
36535719080131;0.251532;0.777067;0.989867 0.141697 0.00926752 1.24812 -0.141752 0.989887 0.0055405 0.375393 -0.00838872 -0.00679804 0.999942 0.0961532 0 0 0 1 
36535719080132;0.431426;0.739754;0.96117 0.192228 -0.197991 0.996292 -0.182739 0.98099 0.0653081 0.585698 0.206782 -0.0265915 0.978026 -1.04162 0 0 0 1 
36535719080133;0.541591;0.842245;0.868064 0.424044 0.258171 1.47974 -0.457895 0.884806 0.0863203 1.83556 -0.191827 -0.193147 0.962235 1.53241 0 0 0 1 
36535719080134;0.252306;0.645106;0.996899 0.0776229 -0.0129222 0.737326 -0.0783093 0.994752 -0.065852 0.594744 0.00774281 0.0666598 0.997746 -0.304271 0 0 0 1 
36535719080135;0.472023;0.784218;0.963757 0.0912268 0.250698 1.01393 -0.136949 0.975628 0.171449 -0.0404801 -0.228947 -0.199568 0.952762 0.680843 0 0 0 1 
36535719080136;0.302061;0.83026;0.912966 0.37506 -0.160697 1.54847 -0.395086 0.910982 -0.118403 2.23448 0.101984 0.171587 0.979876 -0.548676 0 0 0 1 
36535719080137;0.328535;0.835606;0.917845 0.394895 0.0402195 1.1137 -0.38217 0.90653 -0.179303 1.96938 -0.107266 0.149202 0.982971 0.0491214 0 0 0 1 
36535719080138;0.576365;0.723437;0.976946 0.207178 -0.0515143 1.7887 -0.210268 0.89205 -0.400042 1.36932 -0.0369265 0.401651 0.915048 -0.537206 0 0 0 1 
36535719080139;0.521512;0.855063;0.989102 0.128129 0.0725214 1.06524 -0.135501 0.98487 0.108029 -0.263904 -0.0575825 -0.116679 0.991499 0.266801 0 0 0 1 
36535719080140;0.470285;0.973155;0.810925 0.577451 0.09461 1.65676 -0.568971 0.815886 -0.102961 2.66788 -0.136646 0.0296637 0.990176 0.138665 0 0 0 1 
36535719080141;0.30287;0.809363;0.935371 0.306081 0.177185 0.880358 -0.312964 0.949694 0.0115911 1.39491 -0.164724 -0.0662945 0.984109 0.595988 0 0 0 1 
36535719080142;0.480003;0.802312;0.919128 0.360667 0.158502 1.14155 -0.393955 0.839534 0.374143 1.53446 0.0018731 -0.406328 0.913725 0.0234306 0 0 0 1 
36535719080143;0.628053;1.07487;0.810142 0.562558 -0.164921 1.40372 -0.581901 0.805817 -0.109771 2.98571 0.0711439 0.184898 0.980179 -0.305422 0 0 0 1 
36535719080144;0.602003;0.833244;0.877229 0.38171 -0.291146 1.95839 -0.439928 0.881944 -0.16923 2.33755 0.192177 0.276537 0.941592 -1.51566 0 0 0 1 
36535719080145;0.170435;0.780913;0.960955 0.275965 -0.0202237 1.26174 -0.276328 0.960894 -0.0180568 1.42803 0.0144498 0.0229402 0.999632 0.179623 0 0 0 1 
36535719080146;0.207536;0.77705;0.935799 0.352371 -0.0107418 1.29854 -0.351059 0.928663 -0.11976 1.81875 -0.0322243 0.115842 0.992745 0.0106667 0 0 0 1 
36535719080147;0.436345;0.742324;0.94212 0.330765 -0.0548104 1.75102 -0.327975 0.943137 0.0540872 2.01006 0.0695838 -0.0329802 0.997031 -0.419429 0 0 0 1 
36535719080148;0.640142;0.748177;0.977712 0.180368 -0.107458 2.17624 -0.196165 0.967202 -0.161365 0.885076 0.0748286 0.178848 0.981027 -0.64316 0 0 0 1 
36535719080149;0.408897;0.738598;0.989327 0.121031 -0.0811382 1.20175 -0.12557 0.990649 -0.0533634 0.622805 0.0739208 0.0629823 0.995273 0.363778 0 0 0 1 
36535719080150;0.385378;0.845159;0.962739 0.240777 0.123123 1.40266 -0.256107 0.957977 0.129185 1.74214 -0.0868447 -0.155904 0.983947 0.0562069 0 0 0 1 
36535719080151;0.147734;0.770769;0.973082 0.214435 0.0844314 1.08798 -0.202023 0.970001 -0.135224 1.32062 -0.110895 0.114527 0.987211 0.227864 0 0 0 1 
36535719080152;0.417728;0.802152;0.823517 0.537074 -0.18268 1.59018 -0.513655 0.842617 0.161725 2.08143 0.240788 -0.0393488 0.96978 -0.528417 0 0 0 1 
36535719080153;0.136308;0.591514;0.997802 0.0365444 0.0552864 0.910266 -0.0373378 0.999213 0.0133873 0.574327 -0.0547537 -0.0154221 0.998381 0.198044 0 0 0 1 
36535719080155;0.377066;0.373819;0.992409 0.0628145 -0.105728 0.629771 -0.0297304 0.956758 0.28936 0.37957 0.119332 -0.284021 0.951363 -0.0316694 0 0 0 1 
36535719080156;0.280014;0.322679;0.996364 0.0274768 -0.0806516 0.692541 -0.00961309 0.976783 0.214016 0.35914 0.0846596 -0.212462 0.973495 -0.37825 0 0 0 1 
36535719080157;0.357849;0.303459;0.998031 -0.00609261 -0.0624256 1.15171 0.0266006 0.942447 0.333297 0.365782 0.0568021 -0.334301 0.940753 0.225043 0 0 0 1 
36535719080158;0.214487;0.208699;0.996827 -0.0214237 -0.0766649 0.784949 0.0281194 0.995781 0.0873519 0.415375 0.07447 -0.0892304 0.993223 -0.108448 0 0 0 1 
36535719080159;0.313033;0.232228;0.99293 0.0165367 -0.117544 0.424127 -0.0260421 0.996471 -0.079797 -0.113932 0.11581 0.082294 0.989856 -0.971807 0 0 0 1 
36535719080160;0.477856;0.657262;0.920896 0.0175353 -0.389413 1.2206 -0.0148397 0.999841 0.00992939 0.432359 0.389525 -0.00336514 0.92101 -1.1141 0 0 0 1 
36535719080161;0.262671;0.261776;0.995186 0.0874296 -0.0442761 0.27794 -0.0792727 0.983792 0.160841 -0.0218457 0.0576207 -0.156557 0.985987 0.0720875 0 0 0 1 
36535719080162;0.249715;0.32136;0.985593 0.140671 -0.093902 0.50155 -0.10433 0.94264 0.317088 -0.00809179 0.133121 -0.302723 0.943736 -0.342153 0 0 0 1 
36535719080163;0.453936;0.366878;0.919311 0.0882391 -0.383511 1.74186 -0.116693 0.991831 -0.0515203 0.371056 0.375832 0.0921162 0.922098 -1.40723 0 0 0 1 
36535719080164;0.466141;0.343016;0.9973 0.0126367 0.0723401 0.812249 -0.0261637 0.981584 0.189231 0.548507 -0.0686166 -0.190613 0.979264 0.671469 0 0 0 1 
36535719080165;0.321246;0.264519;0.972841 -0.0240568 0.230222 0.483148 -0.0632492 0.929109 0.364357 -0.0388607 -0.222666 -0.369023 0.902354 0.552567 0 0 0 1 
36535719080166;0.389384;0.426759;0.970921 -0.0899132 0.221872 1.26806 0.116731 0.986957 -0.110857 0.0175981 -0.209011 0.133533 0.968754 0.0263964 0 0 0 1 
36535719080167;0.40197;0.415059;0.993638 0.0950509 -0.0604123 0.837018 -0.0617382 0.908325 0.413684 0.412968 0.094195 -0.407323 0.908414 -0.00767215 0 0 0 1 
36535719080168;0.210711;0.278462;0.999872 0.0113851 0.0112593 0.416615 -0.0110171 0.99942 -0.0322271 0.0447552 -0.0116197 0.0320989 0.999417 -0.12006 0 0 0 1 
36535719080169;0.371812;0.214662;0.944463 0.0932639 -0.315105 1.20478 -0.000446232 0.959245 0.282577 -0.323446 0.328617 -0.266743 0.906013 -1.39193 0 0 0 1 
36535719080170;0.32738;0.303104;0.998634 0.042746 -0.0300344 0.611278 -0.043745 0.998483 -0.0334315 0.225749 0.0285598 0.0346997 0.99899 -1.18394 0 0 0 1 
36535719080171;0.334438;0.363426;0.999892 0.00609617 -0.0133535 0.348255 -0.00603161 0.99997 0.0048695 0.197543 0.0133828 -0.00478843 0.999899 -0.1007 0 0 0 1 
36535719080172;0.359248;0.323902;0.984802 0.119424 -0.126107 0.721868 -0.0888658 0.970317 0.224915 0.55913 0.149224 -0.210291 0.966183 -0.15387 0 0 0 1 
36535719080173;0.299017;0.226892;0.993872 -0.00908347 -0.110163 0.49499 0.00514145 0.999338 -0.0360148 -0.151973 0.110418 0.0352277 0.993261 -1.39394 0 0 0 1 
36535719080174;0.332371;0.211077;0.990991 -0.0554001 -0.121932 1.33819 0.0567233 0.998362 0.0074053 0.570084 0.121322 -0.014255 0.992511 -0.872212 0 0 0 1 
36535719080175;0.258801;0.252678;0.978638 -0.0165998 -0.20492 0.784542 0.021084 0.999583 0.0197187 0.350516 0.204507 -0.023618 0.97858 -1.40489 0 0 0 1 
36535719080176;0.244373;0.279414;0.992049 0.0545866 0.113396 0.322345 -0.0696173 0.98865 0.133133 0.122506 -0.104842 -0.139968 0.98459 0.0541474 0 0 0 1 
36535719080177;0.307368;0.355968;0.999204 0.0389267 -0.00873097 0.516919 -0.0354179 0.966313 0.254922 0.394698 0.0183601 -0.254409 0.966922 0.360559 0 0 0 1 
36535719080178;0.333626;0.195142;0.90215 0.0771229 -0.424474 1.06581 -0.0166637 0.989387 0.144346 0.114346 0.431101 -0.123149 0.89386 -0.935983 0 0 0 1 
36535719080179;0.112272;0.18418;0.991711 0.00577145 -0.128358 0.51277 0.0022222 0.998071 0.0620459 0.30503 0.128469 -0.0618168 0.989785 -0.702673 0 0 0 1 
36535719080180;0.447488;0.742368;0.993342 0.0334553 -0.110239 2.08346 -0.0217316 0.994141 0.105882 -0.0735338 0.113135 -0.102782 0.988249 -0.468785 0 0 0 1 
36535719080181;0.181751;0.256889;0.997039 -0.00165438 0.0768746 0.514205 0.0069394 0.997625 -0.0685323 0.142401 -0.0765787 0.0688629 0.994683 -0.245581 0 0 0 1 
36535719080182;0.227052;0.293055;0.994644 -0.0108134 0.102793 0.756136 0.020466 0.995426 -0.093318 0.237406 -0.101314 0.094922 0.990316 -0.408217 0 0 0 1 
36535719080183;0.271702;0.200024;0.980529 -0.0277217 -0.194409 1.26238 0.0619307 0.983119 0.172168 0.00307724 0.186355 -0.180855 0.965693 -0.725184 0 0 0 1 
36535719080184;0.317465;0.284034;0.941705 0.171402 -0.289506 1.04444 -0.0183042 0.885323 0.464616 -0.300478 0.335942 -0.432232 0.83685 -0.767223 0 0 0 1 
36535719080186;0.390645;0.823304;0.873975 -0.0820613 0.478993 -1.3479 0.221171 0.944813 -0.241684 -0.695752 -0.432726 0.317165 0.843893 1.57393 0 0 0 1 
36535719080187;0.111223;0.586921;0.997377 -0.0158142 0.0706357 -0.983697 0.0155211 0.999869 0.00469736 -0.305449 -0.0707007 -0.0035887 0.997491 -0.020594 0 0 0 1 
36535719080188;0.65823;1.20098;0.934151 0.34268 0.099662 -2.35067 -0.349924 0.934367 0.067163 1.27517 -0.0701055 -0.0976145 0.992752 0.688864 0 0 0 1 
36535719080189;0.357007;0.759087;0.996831 -0.0356019 0.0711431 -2.07346 0.0349228 0.999332 0.0107659 -0.084339 -0.0714789 -0.00824728 0.997408 -0.435403 0 0 0 1 
36535719080190;0.473164;1.25715;0.924857 -0.363737 0.111059 -1.98581 0.369405 0.928613 -0.0348923 -2.79418 -0.0904393 0.0732961 0.993201 0.236799 0 0 0 1 
36535719080191;0.28216;0.67242;0.988153 0.151244 0.0260683 -1.49599 -0.153292 0.98091 0.119655 0.503526 -0.00747361 -0.122233 0.992473 -0.706896 0 0 0 1 
36535719080192;0.431029;0.753974;0.982798 -0.137333 0.123486 -2.10416 0.14935 0.98431 -0.0939586 -0.755987 -0.108645 0.110785 0.987888 0.570455 0 0 0 1 
36535719080193;0.312078;0.831215;0.985299 -0.133625 0.10644 -1.63411 0.111582 0.975163 0.191327 -1.05914 -0.129362 -0.176638 0.975738 -0.205428 0 0 0 1 
36535719080194;0.164987;0.668767;0.990176 0.124362 0.063924 -1.32399 -0.125464 0.992006 0.0135096 0.390649 -0.061733 -0.0213971 0.997863 -0.0120437 0 0 0 1 
36535719080195;0.354366;0.640341;0.965656 -0.0602421 0.252744 -1.03655 0.0608786 0.998131 0.00530856 -0.687128 -0.252591 0.0102604 0.967519 0.246504 0 0 0 1 
36535719080196;0.523582;0.779184;0.988319 0.108253 0.10727 -1.99794 -0.144227 0.891785 0.428856 0.51287 -0.0492371 -0.439318 0.896981 -0.625772 0 0 0 1 
36535719080197;0.379637;0.779294;0.986948 -0.159768 -0.0201854 -1.3947 0.160451 0.986289 0.0385895 -1.02963 0.0137433 -0.0413246 0.999051 -1.1159 0 0 0 1 
36535719080198;0.253973;0.731744;0.97622 -0.125268 0.176923 -1.41877 0.144665 0.98428 -0.10132 -0.933744 -0.161449 0.124505 0.978996 0.827034 0 0 0 1 
36535719080199;0.451651;0.717864;0.992587 0.0888442 0.0829325 -1.98605 -0.0891436 0.996019 -9.29827e-05 0.565354 -0.0826106 -0.00730061 0.996555 0.697497 0 0 0 1 
36535719080200;0.601292;1.26012;0.922025 -0.294488 0.251291 -1.61162 0.316988 0.946926 -0.0533749 -2.29178 -0.222236 0.128869 0.966439 1.28259 0 0 0 1 
36535719080201;0.316883;0.717893;0.847264 0.0651709 0.527158 -1.10729 0.0295693 0.985119 -0.169312 -0.260848 -0.530348 0.15904 0.832729 2.3506 0 0 0 1 
36535719080202;0.389074;0.679949;0.975415 0.178968 0.128593 -1.56425 -0.183847 0.982583 0.027035 1.12664 -0.121515 -0.0500119 0.991329 -0.304167 0 0 0 1 
36535719080203;0.247825;1.05427;0.97673 -0.164294 0.137861 -2.08767 0.165064 0.986265 0.00590691 -1.45252 -0.136938 0.0169864 0.990434 0.420794 0 0 0 1 
36535719080204;0.323434;0.70759;0.990388 -0.0838378 0.110014 -1.5207 0.0826876 0.996463 0.0149844 -1.20909 -0.110881 -0.00574358 0.993817 -0.0573385 0 0 0 1 
36535719080205;0.326801;0.850241;0.936792 -0.06778 0.343259 -1.3758 0.18127 0.933147 -0.310448 -0.772729 -0.299268 0.353048 0.886451 1.01269 0 0 0 1 
36535719080206;0.360649;0.629978;0.994018 0.0747348 0.0796367 -1.37235 -0.0745302 0.997203 -0.00554194 0.679607 -0.0798281 -0.000426551 0.996809 -0.00996965 0 0 0 1 
36535719080207;0.378318;0.732677;0.996134 -0.0359915 0.0801334 -0.728783 0.0362259 0.999343 -0.00147194 -0.415828 -0.0800277 0.00436915 0.996783 0.0965407 0 0 0 1 
36535719080208;0.281021;0.593176;0.967805 -0.0753394 0.24016 -1.33037 0.0680708 0.99694 0.0384309 -0.701002 -0.24232 -0.0208458 0.969972 1.34765 0 0 0 1 
36535719080209;0.41046;0.956746;0.956341 -0.218999 0.193524 -2.15916 0.195549 0.971611 0.133163 -1.92578 -0.217193 -0.0895056 0.972016 0.754095 0 0 0 1 
36535719080210;0.243944;0.70123;0.97271 0.0948169 0.211766 -1.0748 -0.10576 0.993549 0.040935 0.132303 -0.206519 -0.0622143 0.976463 0.64406 0 0 0 1 
36535719080211;0.419439;1.01747;0.963624 0.265294 0.0323597 -2.2395 -0.266242 0.963449 0.0296743 0.589062 -0.0233045 -0.0372104 0.999036 -0.325268 0 0 0 1 
36535719080212;0.411637;1.08613;0.97692 0.132698 0.167386 -1.78301 -0.136044 0.990665 0.00862773 -0.0155827 -0.164679 -0.0312004 0.985854 0.520389 0 0 0 1 
36535719080213;0.271077;0.705868;0.981026 -0.178468 -0.0757442 -1.52732 0.161166 0.967858 -0.193072 -1.03466 0.107767 0.177201 0.978257 -0.989716 0 0 0 1 
36535719080214;0.356981;0.697546;0.971128 0.115495 -0.208738 -1.47852 -0.123208 0.992084 -0.0242864 0.256572 0.204281 0.0493033 0.97767 -0.908583 0 0 0 1 
36535719080215;0.558879;0.867122;0.960764 0.142386 0.238031 -1.77755 -0.0775986 0.961895 -0.262177 0.350585 -0.266291 0.23342 0.935203 1.92457 0 0 0 1 
36535719080217;0.267916;0.144148;0.97051 -0.159691 -0.180581 0.524755 0.133814 0.979976 -0.147447 0.061725 0.200511 0.118935 0.972445 -1.07437 0 0 0 1 
36535719080218;0.403611;0.101264;0.997086 0.0762592 -0.00193721 -0.254052 -0.0762311 0.99702 0.0118611 0.842426 0.00283595 -0.0116788 0.999928 0.329661 0 0 0 1 
36535719080219;0.612805;0.583136;0.99719 -0.0430292 0.0613254 -0.0725264 0.0424763 0.999044 0.0102909 0.109029 -0.0617097 -0.00765714 0.998065 0.608446 0 0 0 1 
36535719080220;0.465305;0.133628;0.972429 -0.105713 -0.20786 0.449702 0.0822024 0.989524 -0.118683 0.418503 0.218229 0.0983245 0.970932 -1.58368 0 0 0 1 
36535719080221;0.397154;0.271649;0.989488 -0.136012 0.0491372 -0.140146 0.129147 0.983971 0.122969 -0.0984351 -0.0650749 -0.115331 0.991193 -0.309755 0 0 0 1 
36535719080222;0.388852;0.186798;0.987982 -0.0791731 0.132749 -0.449859 0.113812 0.953753 -0.278211 0.192403 -0.104583 0.289976 0.951302 0.0393346 0 0 0 1 
36535719080223;0.332061;0.231006;0.936394 -0.15418 -0.315269 0.783146 0.126543 0.986232 -0.106461 -0.0947329 0.327342 0.0597941 0.943012 -1.03136 0 0 0 1 
36535719080224;0.591626;0.12263;0.994251 0.0976674 0.0438892 -0.307977 -0.0786322 0.944202 -0.319842 1.40751 -0.0726784 0.314552 0.946454 0.299724 0 0 0 1 
36535719080225;0.418431;0.471217;0.978725 -0.17414 0.108497 0.195571 0.175341 0.984506 -0.00155607 0.125686 -0.106545 0.0205471 0.994096 0.521042 0 0 0 1 
36535719080226;0.434396;0.363932;0.986912 0.0577505 -0.150566 0.266425 -0.0629468 0.997567 -0.0299733 0.410665 0.148468 0.0390586 0.988146 -0.386664 0 0 0 1 
36535719080227;0.258425;0.123731;0.978713 0.180004 0.098585 -0.0829919 -0.183457 0.982654 0.0270891 0.649055 -0.0919989 -0.0445986 0.99476 0.464131 0 0 0 1 
36535719080228;0.348273;0.214874;0.966454 -0.154997 0.204799 0.209392 0.168841 0.984279 -0.0518388 0.197512 -0.193545 0.0846782 0.97743 0.71375 0 0 0 1 
36535719080229;0.349476;0.1414;0.994117 0.0672356 0.0849193 -0.210146 -0.0513244 0.982815 -0.177317 0.421188 -0.095382 0.171916 0.980483 -0.57323 0 0 0 1 
36535719080230;0.507963;0.675394;0.935819 -0.00695133 0.352412 -0.0616464 0.0143448 0.999728 -0.0183727 0.461036 -0.352188 0.0222488 0.935665 0.671868 0 0 0 1 
36535719080231;0.499847;0.150479;0.999857 0.013777 -0.00979901 -0.289638 -0.0136865 0.999864 0.00924311 -0.141925 0.00992502 -0.00910768 0.999909 -1.02432 0 0 0 1 
36535719080232;0.400636;0.244049;0.982202 -0.157645 0.102112 0.12897 0.128544 0.960572 0.246531 0.116651 -0.13695 -0.229017 0.963741 0.862887 0 0 0 1 
36535719080233;0.232565;0.134681;0.985308 0.0698695 -0.155844 0.0451477 -0.0543621 0.993335 0.101642 0.31923 0.161907 -0.0916769 0.982538 -0.231529 0 0 0 1 
36535719080234;0.243089;0.117296;0.999929 0.0117852 0.00157976 0.211454 -0.0117389 0.999575 -0.0266893 0.331711 -0.00189363 0.0266689 0.999643 -0.58869 0 0 0 1 
36535719080235;0.336455;0.251928;0.99476 -0.0843877 -0.0577098 -0.19415 0.094354 0.975144 0.200479 0.0995092 0.0393574 -0.204873 0.977997 -0.115076 0 0 0 1 
36535719080236;0.526732;0.201978;0.959554 -0.105788 0.260892 0.473697 0.0527875 0.977886 0.202369 -0.131027 -0.27653 -0.180413 0.943919 1.52949 0 0 0 1 
36535719080237;0.707625;0.496512;0.999244 -0.0352309 0.0164387 0.128572 0.0349158 0.999208 0.019078 0.352101 -0.0170978 -0.0184896 0.999683 0.728852 0 0 0 1 
36535719080238;0.378354;0.132438;0.97903 0.193114 -0.0648579 0.33333 -0.177813 0.965445 0.190522 0.991812 0.0994094 -0.174995 0.979538 -0.299962 0 0 0 1 
36535719080239;0.260619;0.11859;0.999541 -0.0181464 0.0242687 0.369031 0.0181815 0.999834 -0.00122848 0.0550062 -0.0242423 0.00166916 0.999705 0.248671 0 0 0 1 
36535719080240;0.347346;0.15705;0.99757 0.0140634 0.0682379 -0.0311382 0.0133956 0.922428 -0.385936 0.645856 -0.0683721 0.385912 0.919998 -0.451789 0 0 0 1 
36535719080241;0.461675;0.17161;0.942608 0.15971 0.293228 -0.275922 -0.0782751 0.959411 -0.270933 0.141614 -0.324596 0.232431 0.91685 0.558918 0 0 0 1 
36535719080242;0.184835;0.110395;0.991419 0.110837 0.0693111 -0.155983 -0.111211 0.993796 0.00154829 0.23441 -0.0687095 -0.00924317 0.997594 0.00607105 0 0 0 1 
36535719080243;0.50255;0.595113;0.998807 -0.0398175 0.0282695 0.0239758 0.040559 0.998835 -0.026159 0.0894773 -0.0271949 0.0272744 0.999258 -0.256668 0 0 0 1 
36535719080244;0.3548;0.157927;0.917136 0.266025 0.296804 -0.265717 -0.279013 0.960286 0.00145871 0.949177 -0.284629 -0.08415 0.954937 0.987781 0 0 0 1 
36535719080245;0.421326;0.121396;0.970156 0.126556 -0.206836 0.477297 -0.148675 0.984304 -0.0950899 0.804461 0.191556 0.123003 0.973744 -1.38736 0 0 0 1 
36535719080246;0.428678;0.126902;0.965594 0.260054 0.000679812 0.143228 -0.25862 0.960536 -0.102407 1.35924 -0.0272843 0.0987074 0.994742 -0.609248 0 0 0 1 
36535719080248;0.279109;0.119201;0.999665 -0.0163469 0.020062 1.03873 0.0160261 0.999743 0.016046 0.203924 -0.0203192 -0.0157191 0.99967 -0.421424 0 0 0 1 
36535719080249;0.148582;0.187445;0.999237 -0.0337057 0.0197258 0.172351 0.0333942 0.999316 0.0159147 -0.120267 -0.0202488 -0.0152439 0.999679 -0.177128 0 0 0 1 
36535719080250;0.310686;0.165843;0.993925 -0.0131244 0.10927 0.1054 0.0107227 0.999688 0.0225375 0.15368 -0.109532 -0.0212289 0.993757 -0.701857 0 0 0 1 
36535719080251;0.298484;0.183558;0.999551 0.0293015 0.00618268 -0.0660554 -0.0296695 0.996988 0.0716535 0.592373 -0.0040645 -0.0718048 0.99741 0.152432 0 0 0 1 
36535719080252;0.364884;0.247428;0.962805 -0.245356 -0.113163 1.4235 0.245117 0.969357 -0.0162419 -0.840346 0.11368 -0.0121004 0.993444 -0.344802 0 0 0 1 
36535719080253;0.298099;0.240257;0.988016 -0.152815 0.0217096 0.816787 0.153629 0.987203 -0.0427591 -0.44212 -0.0148976 0.0455819 0.99885 -0.570216 0 0 0 1 
36535719080254;0.413793;0.298796;0.990906 -0.134425 0.00591096 0.188708 0.132586 0.967976 -0.213177 0.0816299 0.0229346 0.212022 0.976996 -0.433558 0 0 0 1 
36535719080255;0.265645;0.147818;0.992594 -0.0756634 0.0950408 0.257728 0.0974517 0.96305 -0.251074 -0.291977 -0.0725318 0.258477 0.963291 0.227739 0 0 0 1 
36535719080256;0.228269;0.154408;0.971431 0.235818 0.0266757 0.161427 -0.236432 0.971381 0.0227865 0.47974 -0.0205388 -0.0284425 0.999384 -0.109121 0 0 0 1 
36535719080257;0.266234;0.219903;0.999573 -0.0144251 0.0254083 -0.11999 0.0132955 0.99894 0.0440764 -0.221678 -0.0260172 -0.0437197 0.998705 -0.0558488 0 0 0 1 
36535719080258;0.327944;0.122214;0.998653 -0.0505766 0.0116135 0.915039 0.0501557 0.998161 0.0340528 -0.694464 -0.0133144 -0.0334244 0.999353 0.501193 0 0 0 1 
36535719080259;0.241821;0.14405;0.988074 0.14481 -0.0523472 0.516013 -0.143133 0.989102 0.0344956 0.141893 0.0567721 -0.0265916 0.998033 -0.673079 0 0 0 1 
36535719080260;0.113181;0.140127;0.999891 0.0131651 0.00663711 0.275125 -0.0138435 0.993219 0.115431 0.036011 -0.00507244 -0.11551 0.993293 0.146756 0 0 0 1 
36535719080261;0.299049;0.20435;0.961605 -0.11222 0.250444 0.577313 0.151751 0.977795 -0.144528 -0.670295 -0.228664 0.176984 0.957282 0.0903558 0 0 0 1 
36535719080262;0.113718;0.136726;0.997901 -0.030051 0.0573711 0.49877 0.0268243 0.998059 0.0562079 -0.311607 -0.0589488 -0.0545509 0.996769 -0.12637 0 0 0 1 
