#;prob_registration_l1 -r /home/probabilistic_point_clouds_registration/build/tester /home/point_clouds_registration_benchmark/hauptgebaude_local.txt /home/point_clouds_registration_benchmark/hauptgebaude -s 0.2 -t 0.2 -p 0.3 -r 1000 -m 15 -i 40 
id;initial_error;final_error;transformation
3394309160000;0.248226;0.0394124;0.999299 -0.00737868 0.0366959 0.492629 0.00576818 0.999024 0.0438015 -0.0808408 -0.0369833 -0.0435591 0.998366 0.030087 0 0 0 1 
3394309160001;0.28369;0.0315007;0.993533 0.110407 -0.0265157 -0.426584 -0.108578 0.992114 0.0626139 0.799385 0.0332196 -0.05933 0.997686 -0.586004 0 0 0 1 
3394309160002;0.278932;0.0393156;0.977126 -0.01125 0.212365 -0.159229 0.00818513 0.999849 0.0153058 -0.127194 -0.212505 -0.0132174 0.977071 0.793547 0 0 0 1 
3394309160003;0.0682056;0.0293867;0.995106 -0.0952445 0.0263347 0.0229641 0.0955718 0.995357 -0.0114581 -0.631406 -0.0251211 0.0139189 0.999588 0.234202 0 0 0 1 
3394309160004;0.286924;0.0343529;0.999189 0.0356582 -0.0186787 0.521688 -0.0354308 0.999296 0.012365 0.699371 0.0191065 -0.0116932 0.999749 -0.238917 0 0 0 1 
3394309160005;0.492031;0.037932;0.908445 0.380043 0.174056 -0.288947 -0.405226 0.902864 0.143622 2.53754 -0.102566 -0.201005 0.974206 0.366881 0 0 0 1 
3394309160006;0.393899;0.0397586;0.988066 0.0197261 0.15276 -0.271728 -0.0214346 0.999725 0.00954567 0.504355 -0.152529 -0.0127061 0.988217 1.97943 0 0 0 1 
3394309160007;0.411602;0.0326174;0.884128 -0.340944 0.319492 0.358062 0.346166 0.937223 0.0422079 -2.11571 -0.313826 0.0732803 0.946648 1.47479 0 0 0 1 
3394309160008;0.42721;0.0289295;0.953615 -0.298287 -0.0405359 0.479704 0.299128 0.954072 0.0164214 -1.91127 0.0337759 -0.0277851 0.999043 0.731229 0 0 0 1 
3394309160009;0.395375;0.0325023;0.97718 -0.205033 -0.0555087 0.433689 0.19987 0.975996 -0.0865096 -1.51486 0.0719136 0.0734409 0.994703 0.471089 0 0 0 1 
3394309160010;0.216746;0.031814;0.991645 -0.00979723 -0.128622 -0.115889 -0.0121525 0.985581 -0.168766 0.441151 0.128421 0.168919 0.977228 -0.532174 0 0 0 1 
3394309160011;0.228138;0.51738;0.948785 -0.223285 -0.223498 1.80374 0.246292 0.965836 0.0806337 -1.71674 0.197858 -0.13155 0.971363 -1.05896 0 0 0 1 
3394309160012;0.324315;0.590236;0.942774 -0.331522 -0.0356445 1.27629 0.332885 0.929708 0.157576 -2.33264 -0.0191009 -0.160424 0.986863 -0.102126 0 0 0 1 
3394309160013;0.268523;0.034724;0.997904 0.0566747 -0.0312454 0.594926 -0.0566904 0.998392 0.000384627 0.0552165 0.0312169 0.00138749 0.999512 -0.383164 0 0 0 1 
3394309160014;0.217364;0.0333974;0.999857 0.0149107 0.00796832 -0.0479971 -0.0162498 0.977656 0.20958 -0.351816 -0.00466531 -0.20968 0.977759 0.336353 0 0 0 1 
3394309160015;0.198549;0.0388314;0.972548 0.103872 0.208231 -0.299664 -0.0997892 0.994555 -0.0300474 0.684056 -0.210218 0.00844337 0.977618 1.52324 0 0 0 1 
3394309160016;0.362241;0.0388104;0.888114 -0.225234 0.400653 0.489338 0.220812 0.973599 0.0578585 -1.70616 -0.403107 0.0370842 0.914401 3.23949 0 0 0 1 
3394309160017;0.403444;0.0328825;0.923868 -0.277403 0.263658 -0.493501 0.269132 0.960717 0.0677525 -1.30822 -0.272095 0.00836427 0.962234 1.85825 0 0 0 1 
3394309160018;0.415951;0.0389332;0.95995 0.264204 0.0932372 -0.677083 -0.268854 0.962299 0.0412161 1.91271 -0.0788326 -0.0646326 0.99479 0.459467 0 0 0 1 
3394309160019;0.389264;0.0435673;0.96835 0.249264 -0.0128365 0.00585254 -0.249198 0.96843 0.00655361 1.26209 0.0140648 -0.00314737 0.999896 -0.788835 0 0 0 1 
3394309160020;0.355901;0.0348671;0.943317 -0.163481 -0.288838 0.824488 0.0699229 0.948632 -0.308559 -0.0347699 0.324444 0.270872 0.906291 -1.61133 0 0 0 1 
3394309160021;0.307009;0.0311194;0.990831 -0.122727 -0.0565036 0.634242 0.132537 0.964103 0.230086 -1.17121 0.0262376 -0.235465 0.971529 -0.248331 0 0 0 1 
3394309160022;0.159878;0.0346553;0.979452 -0.0393686 0.197796 -0.283826 0.0540377 0.99613 -0.0693192 -0.291178 -0.194302 0.0785833 0.977789 1.32659 0 0 0 1 
3394309160023;0.179015;0.0291355;0.995192 -0.0473421 0.0857358 -0.167041 0.04903 0.998641 -0.0176887 -0.371204 -0.0847818 0.0218073 0.996161 0.193297 0 0 0 1 
3394309160024;0.448507;0.579438;0.899263 -0.435158 0.0443051 1.91175 0.433375 0.900112 0.0445403 -2.73864 -0.0592617 -0.0208527 0.998025 1.20589 0 0 0 1 
3394309160025;0.259237;0.0316376;0.987489 0.157533 -0.00696972 -0.118777 -0.157057 0.98653 0.045728 1.01019 0.0140795 -0.0440613 0.99893 -0.565597 0 0 0 1 
3394309160026;0.300277;0.0378963;0.994867 0.0775061 0.065052 0.299353 -0.0739143 0.995696 -0.0559181 -0.0984046 -0.069106 0.0508229 0.996314 0.825448 0 0 0 1 
3394309160027;0.421694;0.0316567;0.955781 -0.225814 -0.188389 0.40944 0.264171 0.940747 0.212624 -2.51751 0.129213 -0.252989 0.958802 -0.295716 0 0 0 1 
3394309160028;0.443835;0.0367087;0.925345 0.103537 0.364714 -0.12494 0.00765169 0.956691 -0.291004 0.764569 -0.379048 0.27207 0.884477 2.37479 0 0 0 1 
3394309160029;0.512116;0.0344293;0.998827 -0.0271723 0.0400726 0.241592 0.0394697 0.936329 -0.348898 0.449476 -0.0280408 0.350071 0.936304 -0.599779 0 0 0 1 
3394309160031;0.426851;0.0545287;0.958818 -0.218574 -0.181365 0.272991 0.240995 0.96401 0.112273 -0.803181 0.150298 -0.151357 0.976986 -0.889511 0 0 0 1 
3394309160032;0.353703;0.0486357;0.910079 -0.39475 -0.126212 -0.00541288 0.398424 0.917192 0.00424309 -0.155023 0.114086 -0.0541474 0.991994 -0.148896 0 0 0 1 
3394309160033;0.139215;0.044511;0.99351 -0.0384768 -0.107043 0.0669972 0.033662 0.998354 -0.0464292 -0.262098 0.108654 0.0425246 0.99317 0.164959 0 0 0 1 
3394309160034;0.389775;0.0499874;0.932793 0.35918 -0.0297717 -0.290402 -0.356863 0.932015 0.0632173 0.274655 0.0504541 -0.0483442 0.997556 -0.487297 0 0 0 1 
3394309160035;0.19696;0.0544092;0.97933 0.158269 -0.125953 0.0267371 -0.172366 0.978848 -0.110213 0.347964 0.105845 0.129645 0.985895 -0.0371355 0 0 0 1 
3394309160036;0.370886;0.0593845;0.93195 -0.359693 -0.0457092 -0.223831 0.360638 0.906501 0.219534 -0.569403 -0.0375293 -0.221079 0.974534 0.404269 0 0 0 1 
3394309160037;0.384635;0.0531433;0.909591 -0.2649 0.320114 -0.235788 0.199162 0.954109 0.223631 -0.89358 -0.364663 -0.139658 0.920606 0.141221 0 0 0 1 
3394309160038;0.368064;0.0560981;0.952884 0.303059 -0.0129613 -0.665235 -0.302981 0.948827 -0.0890487 0.545458 -0.014689 0.0887801 0.995943 0.0410908 0 0 0 1 
3394309160039;0.0746977;0.0518804;0.999453 -0.00776415 0.032154 -0.103251 0.00741925 0.999914 0.0108321 -0.126033 -0.0322353 -0.0105876 0.999424 -0.0407562 0 0 0 1 
3394309160040;0.279481;0.0516068;0.92525 -0.340381 0.167489 0.146795 0.321301 0.937866 0.131043 -0.639408 -0.201687 -0.0674333 0.977126 0.439865 0 0 0 1 
3394309160041;0.389623;0.0466831;0.888734 -0.457963 -0.020551 0.61783 0.458043 0.885277 0.0805003 -0.725671 -0.0186727 -0.0809566 0.996543 0.00476022 0 0 0 1 
3394309160042;0.283783;0.0519762;0.984173 -0.177144 0.00484831 -0.436041 0.177123 0.984179 0.00445053 -0.185955 -0.00555999 -0.00352135 0.999978 -0.293626 0 0 0 1 
3394309160043;0.314339;0.0462329;0.998915 0.046485 0.00275273 0.206378 -0.0461426 0.980135 0.192891 -0.150332 0.0062685 -0.192809 0.981216 0.719395 0 0 0 1 
3394309160044;0.531805;0.0501645;0.896265 0.420378 -0.141388 -0.543532 -0.404424 0.905491 0.12856 0.618129 0.182069 -0.0580434 0.981571 0.522722 0 0 0 1 
3394309160045;0.395186;0.356727;0.98566 0.0783479 0.149449 -0.410759 -0.0512824 0.982867 -0.17704 -0.0990512 -0.160759 0.166837 0.972791 0.292268 0 0 0 1 
3394309160046;0.217132;0.0481071;0.98851 -0.151159 -1.18347e-05 0.209253 0.151144 0.98841 0.0141644 -0.687006 -0.00212937 -0.0140034 0.9999 0.185567 0 0 0 1 
3394309160047;0.371665;0.0501343;0.973691 -0.164141 0.158061 -0.0614145 0.179005 0.980185 -0.0848192 -0.000877722 -0.141007 0.110881 0.98378 -0.532776 0 0 0 1 
3394309160048;0.441321;0.0554905;0.897681 0.341323 0.27869 -0.420667 -0.283294 0.931465 -0.228292 0.654473 -0.337511 0.125982 0.932853 0.911664 0 0 0 1 
3394309160049;0.529697;0.0601718;0.963231 -0.265099 -0.0436878 0.0825736 0.260199 0.879911 0.397558 -1.55803 -0.066951 -0.394308 0.916536 0.299298 0 0 0 1 
3394309160050;0.242722;0.0525716;0.982235 -0.13586 0.129444 0.000274758 0.1361 0.99067 0.00703166 -0.298729 -0.129192 0.0107105 0.991562 0.739192 0 0 0 1 
3394309160051;0.288745;0.050318;0.976864 -0.0288319 0.211908 -0.247009 0.00565268 0.994005 0.109185 -0.162018 -0.213785 -0.105461 0.971171 0.922539 0 0 0 1 
3394309160052;0.346607;0.0540438;0.996884 0.0769356 0.0174414 0.0494965 -0.0772037 0.996899 0.0152575 -0.0890748 -0.0162135 -0.0165565 0.999731 -0.727875 0 0 0 1 
3394309160053;0.177457;0.0509143;0.992667 -0.0181582 0.119506 -0.344389 0.017559 0.999827 0.00606531 -0.302234 -0.119596 -0.00392242 0.992815 0.459824 0 0 0 1 
3394309160054;0.393365;0.0463928;0.99689 -0.0499619 -0.060939 0.6469 0.0601467 0.982049 0.178779 -0.772493 0.050913 -0.181888 0.982 0.474965 0 0 0 1 
3394309160055;0.395101;0.0530203;0.997542 -0.0683464 0.0154531 0.694905 0.0693065 0.994859 -0.0738443 0.0926504 -0.0103267 0.0747338 0.99715 -0.490845 0 0 0 1 
3394309160056;0.394726;0.0469913;0.986959 0.160268 0.0150551 -0.606213 -0.160641 0.974587 0.156126 0.340585 0.0103496 -0.156508 0.987622 -0.425806 0 0 0 1 
3394309160057;0.649395;0.0524533;0.933271 0.352114 0.0708537 -1.02001 -0.318101 0.901912 -0.292175 1.2657 -0.166783 0.25014 0.953737 0.568081 0 0 0 1 
3394309160058;0.444142;0.0544254;0.976666 0.214393 0.0125878 -0.384742 -0.213572 0.975745 -0.0480524 0.560353 -0.0225846 0.0442428 0.998765 0.925677 0 0 0 1 
3394309160059;0.406193;0.0502717;0.988497 -0.0170546 0.150274 0.518897 0.0715687 0.928076 -0.365448 -0.00472247 -0.133234 0.371999 0.918622 0.548877 0 0 0 1 
3394309160060;0.43448;0.0589085;0.910766 0.412463 -0.0194613 0.0273281 -0.410088 0.897998 -0.159457 0.721856 -0.0482938 0.153209 0.987013 -0.387435 0 0 0 1 
3394309160062;0.235158;0.0291054;0.950712 -0.266515 0.158482 0.464181 0.281053 0.956569 -0.0773617 -6.12 -0.130981 0.11809 0.984327 2.94977 0 0 0 1 
3394309160063;0.42419;0.0675312;0.978333 0.206646 -0.0126891 0.634968 -0.206262 0.978139 0.0264661 4.31722 0.0178808 -0.0232754 0.999569 0.623513 0 0 0 1 
3394309160064;0.439802;0.0806428;0.894435 0.40857 0.181814 1.83758 -0.413028 0.910605 -0.0144041 8.97092 -0.171445 -0.0622105 0.983228 3.58968 0 0 0 1 
3394309160065;0.350677;0.0621543;0.988291 0.0742969 0.13327 0.173418 -0.0776868 0.996769 0.0204114 1.18579 -0.131323 -0.0305258 0.99087 2.22355 0 0 0 1 
3394309160066;0.242534;0.0456081;0.999392 0.00825193 -0.0338753 -0.224374 -0.0151911 0.977576 -0.210034 0.187207 0.0313825 0.210421 0.977107 -0.13164 0 0 0 1 
3394309160067;0.392633;0.0654281;0.882231 0.181864 0.434274 1.73594 -0.118205 0.978399 -0.169597 2.99272 -0.455736 0.098291 0.884671 10.2024 0 0 0 1 
3394309160068;0.328762;0.0597446;0.990189 0.138641 0.01744 0.112792 -0.139731 0.983158 0.117791 3.6058 -0.000815612 -0.119072 0.992885 -0.43543 0 0 0 1 
3394309160069;0.0998438;0.0546212;0.999889 0.011534 -0.00938309 0.157685 -0.0114991 0.999927 0.00376396 0.328102 0.00942582 -0.00365565 0.999949 -0.248497 0 0 0 1 
3394309160070;0.429464;0.058095;0.918611 0.28404 0.274727 1.32662 -0.345214 0.915157 0.208121 7.48372 -0.192304 -0.286022 0.938728 4.28733 0 0 0 1 
3394309160071;0.0989399;0.0581315;0.998953 0.0447104 -0.00970741 -0.0213112 -0.0445849 0.998924 0.0127821 1.0158 0.0102685 -0.0123359 0.999871 -0.376386 0 0 0 1 
3394309160072;0.334886;0.0276534;0.936672 -0.349488 -0.0224338 1.11821 0.346217 0.914457 0.20953 -7.94409 -0.0527135 -0.204028 0.977545 0.760985 0 0 0 1 
3394309160073;0.372916;0.0364794;0.988801 -0.149228 0.00190032 0.841844 0.149208 0.988772 0.00822213 -3.28358 -0.00310595 -0.0078465 0.999964 0.46398 0 0 0 1 
3394309160074;0.236373;0.0278766;0.983009 -0.179507 -0.0383513 0.315338 0.181913 0.980608 0.0729041 -4.0638 0.0245209 -0.0786419 0.996601 -0.998998 0 0 0 1 
3394309160075;0.259352;0.0467206;0.980104 0.0698107 -0.185803 0.664954 -0.115957 0.961135 -0.250547 2.85328 0.161091 0.267107 0.950107 -3.21371 0 0 0 1 
3394309160076;0.21267;0.0675366;0.976274 0.16551 0.139628 0.306307 -0.153047 0.983566 -0.0957875 3.69627 -0.153187 0.0721453 0.98556 3.59316 0 0 0 1 
3394309160077;0.259302;0.0587811;0.990656 0.129773 -0.0419509 0.133177 -0.134689 0.979264 -0.151329 3.11248 0.0214426 0.155566 0.987593 0.31391 0 0 0 1 
3394309160078;0.466153;0.0296536;0.882271 -0.424469 0.203528 1.72147 0.445264 0.8928 -0.0681851 -9.35384 -0.152767 0.150781 0.976692 4.24168 0 0 0 1 
3394309160079;0.423773;0.0390662;0.965786 -0.168959 0.196748 -0.332876 0.191827 0.975953 -0.103526 -3.96709 -0.174525 0.137726 0.974973 3.32603 0 0 0 1 
3394309160080;0.255153;0.0502015;0.99266 0.00400334 0.120874 0.0339301 0.0134441 0.989605 -0.143183 -0.043127 -0.120191 0.143757 0.982287 2.34718 0 0 0 1 
3394309160081;0.296072;0.0402621;0.996933 -0.071814 0.0311144 0.279111 0.0717615 0.997418 0.00280009 -0.885919 -0.0312351 -0.000558688 0.999512 0.622429 0 0 0 1 
3394309160082;0.355531;0.028615;0.904766 -0.418259 -0.0803551 1.85629 0.413519 0.907846 -0.0694088 -8.9119 0.101981 0.0295704 0.994347 -2.19006 0 0 0 1 
3394309160083;0.180325;0.0295172;0.997199 -0.0739927 -0.0109645 -0.0514724 0.0747045 0.97773 0.196119 -1.95968 -0.00379105 -0.196388 0.980519 0.0259239 0 0 0 1 
3394309160084;0.188147;0.0264995;0.997839 -0.0302003 -0.0583486 -0.0998565 0.0294136 0.999465 -0.0142956 -0.396251 0.0587491 0.0125485 0.998194 -1.58529 0 0 0 1 
3394309160085;0.149775;0.0628141;0.997407 0.00500053 0.0717933 -0.226273 -0.0171171 0.985439 0.169166 0.127569 -0.069902 -0.169957 0.982969 1.37499 0 0 0 1 
3394309160086;0.360181;0.0385617;0.976534 0.0281065 -0.213519 1.2633 -0.0443988 0.996424 -0.0718953 1.19294 0.210735 0.0796882 0.97429 -3.67303 0 0 0 1 
3394309160087;0.069233;0.0319854;0.996169 -0.0854381 -0.0186205 0.0127179 0.0857891 0.996133 0.0189464 -1.84291 0.0169298 -0.0204713 0.999647 -0.339678 0 0 0 1 
3394309160088;0.334175;0.0284336;0.957073 -0.246204 0.152952 -0.246003 0.222488 0.962253 0.156742 -4.99676 -0.185769 -0.115983 0.975724 3.67778 0 0 0 1 
3394309160089;0.384231;0.0342546;0.966805 -0.221185 0.127928 0.0836371 0.208555 0.972353 0.105043 -4.95346 -0.147625 -0.0748759 0.986205 2.40552 0 0 0 1 
3394309160090;0.357505;0.032843;0.946038 -0.301876 0.117822 0.747474 0.317909 0.935053 -0.156877 -6.311 -0.0628124 0.185868 0.980565 1.96691 0 0 0 1 
3394309160091;0.460987;0.0558167;0.972903 0.224918 0.0535919 0.290017 -0.227324 0.972824 0.0440113 4.02986 -0.0422365 -0.0550015 0.997593 0.494178 0 0 0 1 
3394309160093;0.186714;0.0563684;0.980781 -0.0833348 -0.176417 0.475419 0.0883354 0.995876 0.0206701 -1.48267 0.173967 -0.0358567 0.984098 -3.41256 0 0 0 1 
3394309160094;0.310812;0.0668105;0.985242 -0.136068 0.10384 0.322949 0.136588 0.990626 0.00212582 -1.76666 -0.103156 0.0120888 0.994592 1.95599 0 0 0 1 
3394309160095;0.222858;0.0715333;0.99831 -0.0432398 -0.0388327 0.169306 0.042576 0.998935 -0.0177614 -0.776107 0.0395594 0.016078 0.999088 -0.161837 0 0 0 1 
3394309160096;0.38163;0.0616063;0.995231 -0.0821993 -0.0525181 0.23013 0.0874324 0.990444 0.106661 -1.79719 0.0432488 -0.110744 0.992907 0.00803739 0 0 0 1 
3394309160097;0.257713;0.0745277;0.99981 -0.000707526 -0.019474 -0.161503 0.000886156 0.999958 0.00916563 0.090812 0.0194667 -0.00918114 0.999768 0.354343 0 0 0 1 
3394309160098;0.436886;0.795836;0.889475 0.44406 0.107915 -0.0379555 -0.41042 0.880101 -0.238702 7.98572 -0.200974 0.168029 0.965078 3.78859 0 0 0 1 
3394309160099;0.352112;0.0816934;0.991566 0.0914195 0.0918692 0.509466 -0.0733767 0.980276 -0.183506 1.95369 -0.106833 0.175217 0.978716 1.74959 0 0 0 1 
3394309160100;0.383134;0.0568477;0.996118 -0.0259899 -0.0840992 0.290691 0.0315852 0.997326 0.0659009 -0.454222 0.0821615 -0.0683014 0.994276 -0.549209 0 0 0 1 
3394309160101;0.349174;0.072019;0.999832 -0.000352365 0.0183047 -0.0571429 0.0043321 0.975975 -0.217839 0.687913 -0.0177882 0.217881 0.975813 1.36043 0 0 0 1 
3394309160102;0.328612;0.0607841;0.990168 0.0897161 -0.107319 0.255409 -0.0766471 0.98978 0.120255 1.4065 0.117011 -0.110847 0.986925 -1.40635 0 0 0 1 
3394309160103;0.353684;0.0596863;0.997679 -0.013964 0.0666394 -0.898024 0.0104238 0.998531 0.0531795 -0.288351 -0.0672841 -0.0523614 0.996359 1.71399 0 0 0 1 
3394309160104;0.220681;0.0579152;0.979137 -0.1491 0.138056 -0.35424 0.143914 0.98848 0.0468688 -2.18741 -0.143454 -0.0260227 0.989315 2.53241 0 0 0 1 
3394309160105;0.408456;0.459695;0.931408 0.354373 0.0830668 0.220374 -0.360588 0.929458 0.0780069 6.75604 -0.0495636 -0.102609 0.993486 1.44221 0 0 0 1 
3394309160106;0.441483;0.058367;0.893104 -0.426416 0.143295 1.49211 0.378186 0.88421 0.274132 -7.27865 -0.243597 -0.190636 0.950957 4.67061 0 0 0 1 
3394309160107;0.532391;0.0563651;0.912894 -0.378249 -0.153467 2.11018 0.362533 0.924076 -0.121049 -6.33568 0.187602 0.0548679 0.980711 -3.80896 0 0 0 1 
3394309160108;0.223867;0.0626502;0.999995 0.00297857 -0.00076185 -0.207816 -0.0029713 0.999952 0.00937468 0.0478251 0.000789737 -0.00937237 0.999956 0.59901 0 0 0 1 
3394309160109;0.0784344;0.0545804;0.994022 -0.109055 -0.00524338 -0.0958652 0.109137 0.993836 0.0194819 -1.93358 0.00308647 -0.0199376 0.999796 -0.0571099 0 0 0 1 
3394309160110;0.305364;0.061309;0.98432 -0.167683 0.0547426 -0.341862 0.174985 0.967378 -0.183193 -2.9446 -0.0222385 0.1899 0.981552 1.35243 0 0 0 1 
3394309160111;0.289575;0.906581;0.947469 0.248583 0.201268 -0.921614 -0.231453 0.967167 -0.104966 4.41022 -0.220753 0.052868 0.973896 4.34164 0 0 0 1 
3394309160112;0.386373;0.0551078;0.966322 -0.2536 0.0436901 0.14901 0.25315 0.967301 0.0156266 -4.64568 -0.0462244 -0.00404018 0.998923 1.72283 0 0 0 1 
3394309160113;0.347639;0.0701601;0.999482 0.0321469 -0.00155486 -0.239868 -0.0321455 0.999483 0.000868845 0.94218 0.00158199 -0.000818413 0.999998 0.879538 0 0 0 1 
3394309160114;0.578959;0.620268;0.891837 0.372614 0.256487 -0.616531 -0.368532 0.927291 -0.0657004 6.44435 -0.262319 -0.0359296 0.964312 4.67128 0 0 0 1 
3394309160115;0.373208;0.070773;0.996165 -0.0160311 0.0860147 -0.422845 0.0236933 0.995767 -0.0888123 -0.204449 -0.0842268 0.0905096 0.992327 0.771478 0 0 0 1 
3394309160116;0.177223;0.0645637;0.999476 -0.0319558 -0.00507817 0.185697 0.0319057 0.999444 -0.00965471 -0.15205 0.00538387 0.00948763 0.99994 -0.147964 0 0 0 1 
3394309160117;0.448363;0.0542766;0.977683 -0.20527 -0.0447182 0.247836 0.184893 0.941797 -0.280773 -2.57835 0.0997498 0.266239 0.958732 -2.17787 0 0 0 1 
3394309160118;0.307421;0.0822539;0.955379 0.185129 0.230168 0.451175 -0.129817 0.963093 -0.235795 2.91984 -0.265326 0.195394 0.944152 4.94965 0 0 0 1 
3394309160119;0.336676;0.0561273;0.929785 -0.361368 -0.0700968 1.00336 0.362442 0.932002 0.00281308 -6.38741 0.0643138 -0.0280216 0.997536 -0.722199 0 0 0 1 
3394309160120;0.390228;0.0541369;0.876978 -0.448789 0.171753 1.44324 0.463839 0.883983 -0.0585461 -8.13003 -0.125552 0.131009 0.983399 2.82797 0 0 0 1 
3394309160121;0.364275;0.0680686;0.932013 -0.113445 0.344211 0.262627 0.185214 0.965451 -0.183305 -2.58535 -0.311524 0.234595 0.920825 6.02806 0 0 0 1 
3394309160122;0.150012;0.0880291;0.983181 0.17797 -0.0410139 0.544694 -0.17903 0.983556 -0.0237923 3.25554 0.0361051 0.0307349 0.998875 -0.55857 0 0 0 1 
3394309160124;0.265891;0.0515982;0.969791 -0.233169 0.0716814 -0.100835 0.234769 0.971941 -0.0146593 -5.80639 -0.066252 0.031045 0.99732 1.48113 0 0 0 1 
3394309160125;0.0924407;0.0621302;0.99181 0.0229951 0.125639 -0.0210437 -0.0313479 0.997398 0.0649149 0.694995 -0.123819 -0.0683218 0.98995 2.81106 0 0 0 1 
3394309160126;0.454214;0.0722072;0.918106 0.294312 -0.265447 3.13538 -0.295693 0.954616 0.0357066 7.45626 0.263908 0.0457082 0.963464 -5.8724 0 0 0 1 
3394309160127;0.391085;0.0596549;0.918018 0.392264 -0.058078 2.13265 -0.377602 0.90947 0.174014 8.85892 0.121079 -0.137817 0.983029 -3.14406 0 0 0 1 
3394309160128;0.398984;0.0741976;0.94114 0.336399 0.0330433 1.20277 -0.328006 0.932505 -0.151148 8.14901 -0.0816591 0.131413 0.987959 2.05321 0 0 0 1 
3394309160129;0.0588853;0.0549902;0.999951 -0.00955924 -0.0026612 -0.156675 0.00958297 0.999913 0.00905229 -0.264873 0.00257444 -0.00907735 0.999955 0.127866 0 0 0 1 
3394309160130;0.354684;0.0639092;0.988187 -0.116068 0.100073 0.23564 0.145515 0.91549 -0.375103 -3.23202 -0.0480784 0.385234 0.921566 1.67245 0 0 0 1 
3394309160131;0.385569;0.0737128;0.8868 0.458129 0.0608595 2.94485 -0.458499 0.888654 -0.00855328 10.7386 -0.0580015 -0.020319 0.99811 1.44269 0 0 0 1 
3394309160132;0.356548;0.0552398;0.903347 -0.425395 0.054808 1.7597 0.428904 0.895192 -0.121136 -9.9841 0.00246681 0.132935 0.991122 0.183638 0 0 0 1 
3394309160133;0.361702;0.0522442;0.947152 -0.187191 -0.260504 1.54713 0.257356 0.928198 0.268732 -6.24339 0.191495 -0.321573 0.927319 -4.73867 0 0 0 1 
3394309160134;0.414145;0.0580176;0.976038 -0.216338 0.0233965 0.996399 0.21743 0.973868 -0.0656154 -4.72464 -0.00858995 0.0691303 0.997571 0.359152 0 0 0 1 
3394309160135;0.292331;0.0530655;0.999192 0.00204157 -0.0401379 0.0380541 0.00192437 0.995133 0.0985215 -0.462084 0.0401437 -0.0985191 0.994325 -1.59805 0 0 0 1 
3394309160136;0.443471;0.0679281;0.970883 0.238946 -0.0170285 0.859066 -0.238654 0.970946 0.0175501 5.88984 0.0207273 -0.0129752 0.999701 -1.29215 0 0 0 1 
3394309160137;0.250953;0.0557884;0.980701 -0.185739 -0.061053 0.332606 0.191521 0.975426 0.108921 -4.59297 0.0393219 -0.118511 0.992174 -1.38745 0 0 0 1 
3394309160138;0.370395;0.0600248;0.923897 -0.27677 -0.264223 1.84646 0.256214 0.960335 -0.110046 -5.50031 0.2842 0.0339733 0.958163 -6.02541 0 0 0 1 
3394309160139;0.0858104;0.0684582;0.997834 0.0647499 -0.0116348 0.0405648 -0.0635801 0.994583 0.0822323 1.35769 0.0168963 -0.0813144 0.996545 -0.469169 0 0 0 1 
3394309160140;0.322515;0.058942;0.902211 -0.0567389 -0.427546 2.93794 0.0622188 0.998062 -0.00115654 -1.46103 0.426783 -0.0255579 0.903993 -9.98689 0 0 0 1 
3394309160141;0.361297;0.0739845;0.94263 0.333796 0.00535662 1.16123 -0.333826 0.942333 0.0238667 7.98976 0.00291887 -0.0242856 0.999701 -0.120004 0 0 0 1 
3394309160142;0.193657;0.0676986;0.967492 0.0144072 0.252491 0.163533 -0.0256743 0.998813 0.0413858 0.592626 -0.251595 -0.046523 0.966714 6.01941 0 0 0 1 
3394309160143;0.448915;0.0610451;0.973505 0.228233 -0.0140273 0.00589406 -0.227667 0.973158 0.0336202 5.00305 0.0213241 -0.0295358 0.999336 -0.814949 0 0 0 1 
3394309160144;0.382267;0.0526181;0.924633 -0.344912 -0.161523 1.00888 0.331905 0.937734 -0.102437 -8.17028 0.186798 0.0411065 0.981538 -4.46272 0 0 0 1 
3394309160145;0.390824;0.0567667;0.909661 0.117564 -0.398365 2.80793 -0.206048 0.960498 -0.187049 5.15585 0.360639 0.252233 0.897952 -8.29585 0 0 0 1 
3394309160146;0.519843;0.0652552;0.98804 0.0461662 0.147127 0.0693597 -0.0804042 0.968399 0.23609 1.67764 -0.131578 -0.245096 0.960529 4.00812 0 0 0 1 
3394309160147;0.314525;0.0583641;0.951903 -0.196354 -0.235214 0.684416 0.239281 0.955881 0.170401 -5.61389 0.191378 -0.218487 0.95689 -4.30996 0 0 0 1 
3394309160148;0.159477;0.0673679;0.996597 0.00138629 0.0824121 0.0992995 -0.0101858 0.994266 0.106451 -0.0517428 -0.0817919 -0.106928 0.990897 1.81811 0 0 0 1 
3394309160149;0.32406;0.0598673;0.995888 -0.0880278 0.0214244 0.283108 0.0758489 0.939444 0.334204 -2.121 -0.0495463 -0.331205 0.942257 0.575497 0 0 0 1 
3394309160150;0.0510986;0.070165;0.998805 0.0468462 0.0139176 -0.0896213 -0.0469636 0.998863 0.00822509 1.14461 -0.0135165 -0.00886888 0.999869 0.409025 0 0 0 1 
3394309160151;0.610087;0.0522298;0.925005 -0.347826 -0.152913 2.58015 0.335374 0.936584 -0.101661 -7.44601 0.178576 0.0427543 0.982997 -3.81045 0 0 0 1 
3394309160152;0.362678;0.0769509;0.924133 0.280894 -0.258991 2.56195 -0.3063 0.949865 -0.0627466 7.36049 0.228381 0.137315 0.963839 -5.38587 0 0 0 1 
3394309160153;0.287468;0.0622051;0.957947 0.278364 -0.0696508 1.21392 -0.256262 0.939137 0.228805 5.6417 0.129103 -0.201334 0.970977 -2.9842 0 0 0 1 
3394309160155;0.447786;0.0749692;0.967547 -0.241952 -0.0728825 0.394313 0.249872 0.873142 0.418554 -3.14887 -0.0376331 -0.423182 0.905263 0.220249 0 0 0 1 
3394309160156;0.233355;0.0584228;0.927733 0.0694904 -0.366718 1.11038 -0.0595625 0.997488 0.0383337 0.524157 0.368461 -0.0137208 0.929542 -3.17634 0 0 0 1 
3394309160157;0.264959;0.228078;0.97653 0.0356322 0.212412 -0.591989 -0.0834009 0.971838 0.220396 0.348048 -0.198577 -0.232939 0.952001 1.44935 0 0 0 1 
3394309160158;0.276214;0.0524418;0.98636 -0.161326 0.0326735 0.0327746 0.161516 0.986865 -0.00323523 -1.65329 -0.0317224 0.00846839 0.999461 -0.190762 0 0 0 1 
3394309160159;0.327677;0.094367;0.999471 0.0267291 0.018528 -0.404326 -0.0279351 0.997279 0.0682208 0.1807 -0.0166541 -0.0687023 0.997498 1.02434 0 0 0 1 
3394309160160;0.133668;0.147881;0.985341 -0.00200813 0.170586 -0.541095 0.0122057 0.998198 -0.0587519 0.000574204 -0.170161 0.0599728 0.98359 1.63769 0 0 0 1 
3394309160161;0.30505;0.792208;0.946346 0.322919 -0.0123216 -1.71866 -0.322511 0.94618 0.0270364 3.10617 0.0203891 -0.021612 0.999559 0.161995 0 0 0 1 
3394309160162;0.0502853;0.0810869;0.999929 -0.0114996 -0.00296295 -0.0967893 0.0114922 0.999931 -0.00250822 -0.157966 0.00299159 0.00247399 0.999992 0.096127 0 0 0 1 
3394309160163;0.250016;0.0686575;0.994685 -0.0719058 -0.0736947 -0.0289874 0.0884513 0.96312 0.25412 -1.26115 0.052704 -0.259288 0.964361 -0.255775 0 0 0 1 
3394309160164;0.523579;0.891186;0.90164 0.430785 -0.0383407 -2.10529 -0.430979 0.902355 0.00346777 3.75646 0.0360908 0.0133974 0.999259 0.0879048 0 0 0 1 
3394309160165;0.368871;0.792955;0.961374 0.272736 0.0370923 -1.72735 -0.254342 0.931772 -0.259059 2.58142 -0.105216 0.239618 0.965149 1.78423 0 0 0 1 
3394309160166;0.306131;0.0575654;0.999399 -0.0122338 -0.0324364 0.0313373 0.0122084 0.999925 -0.00098054 -0.115988 0.032446 0.000583953 0.999473 -0.991953 0 0 0 1 
3394309160167;0.598213;0.0524987;0.89608 -0.140368 -0.421116 1.96761 0.216119 0.966611 0.137679 -2.82243 0.387729 -0.214382 0.896497 -2.85432 0 0 0 1 
3394309160168;0.1742;0.10099;0.999397 0.0331031 -0.0105256 -0.251723 -0.0330799 0.99945 0.00236781 0.292265 0.0105982 -0.0020182 0.999942 0.436663 0 0 0 1 
3394309160169;0.457369;0.0535534;0.942972 -0.329948 0.0440261 0.115946 0.328519 0.943784 0.0367015 -3.91789 -0.0536607 -0.0201451 0.998356 1.07704 0 0 0 1 
3394309160170;0.210774;0.0966823;0.985706 -0.104687 0.132002 -0.42517 0.12557 0.978874 -0.16136 -0.951676 -0.112321 0.175629 0.978028 0.975726 0 0 0 1 
3394309160171;0.312176;0.0907065;0.979451 -0.198657 0.0348134 0.260202 0.180971 0.941863 0.283096 -2.00141 -0.0890283 -0.270978 0.95846 0.75812 0 0 0 1 
3394309160172;0.347442;0.0786688;0.990968 -0.0565877 -0.121572 -0.00658232 0.040449 0.990512 -0.131339 -0.360209 0.12785 0.125236 0.983855 -0.146424 0 0 0 1 
3394309160173;0.513361;0.129882;0.966772 -0.242997 0.0794037 0.496556 0.254663 0.888288 -0.382219 -1.49123 0.0223445 0.389739 0.920654 0.133739 0 0 0 1 
3394309160174;0.158617;0.0914353;0.997259 0.0473848 -0.0568194 -0.382128 -0.0538717 0.99147 -0.118683 0.628754 0.0507109 0.121418 0.991305 -0.133538 0 0 0 1 
3394309160175;0.423765;0.102689;0.984628 -0.0396332 -0.170107 0.89505 0.0029472 0.977547 -0.210699 0.478895 0.174638 0.206959 0.962637 -1.57224 0 0 0 1 
3394309160176;0.19621;0.12165;0.995741 -0.0414754 0.0823383 -0.202481 0.0379383 0.998308 0.0440681 -0.0954381 -0.0840267 -0.0407567 0.99563 0.460635 0 0 0 1 
3394309160177;0.557777;0.0754183;0.955733 0.177817 -0.234427 0.437873 -0.0759849 0.918863 0.387192 0.287035 0.284256 -0.352239 0.891699 -1.45255 0 0 0 1 
3394309160178;0.217629;0.109621;0.999963 -0.00788756 -0.00333542 0.124246 0.00788459 0.999969 -0.00090354 -0.336785 0.00334245 0.000877208 0.999994 0.3598 0 0 0 1 
3394309160179;0.268847;0.051915;0.959632 -0.281092 -0.00971741 -0.304663 0.281249 0.959325 0.0243722 -2.88842 0.00247134 -0.0261213 0.999656 -0.0829894 0 0 0 1 
3394309160180;0.363436;0.121862;0.997471 -0.00691304 0.0707392 -0.331349 0.010998 0.998284 -0.0575212 0.337155 -0.0702201 0.0581537 0.995835 1.63612 0 0 0 1 
3394309160181;0.481709;0.0666273;0.902537 -0.4303 -0.0164246 0.982644 0.430308 0.902676 -0.00321551 -4.00792 0.0162097 -0.00416551 0.99986 0.689802 0 0 0 1 
3394309160182;0.293983;0.0591975;0.998127 -0.0458569 -0.0404962 -0.0714476 0.0455668 0.998929 -0.00805792 -0.923861 0.0408223 0.00619754 0.999147 0.280404 0 0 0 1 
3394309160183;0.436918;0.0914737;0.972379 -0.233255 0.00840851 0.285187 0.221893 0.934989 0.276692 -2.99087 -0.0724018 -0.267184 0.960922 0.310823 0 0 0 1 
3394309160184;0.141133;0.0602532;0.999746 -0.00863558 -0.0207964 -0.430406 0.00817517 0.999722 -0.022123 -0.152775 0.0209816 0.0219474 0.999539 0.0665758 0 0 0 1 
3394309160186;0.458534;0.0203362;0.912856 0.406879 -0.0338183 2.16879 -0.40801 0.912137 -0.0391762 8.06643 0.014907 0.0495604 0.99866 -0.920399 0 0 0 1 
3394309160187;0.388653;0.0604496;0.890995 -0.454004 0.00279758 1.83063 0.452838 0.88823 -0.0773647 -8.87853 0.032639 0.0701985 0.996999 -0.308338 0 0 0 1 
3394309160188;0.269366;0.0501571;0.987599 -0.156995 0.00081803 0.268481 0.154848 0.974925 0.159821 -3.29383 -0.0258885 -0.157712 0.987146 0.839529 0 0 0 1 
3394309160189;0.483079;0.0569062;0.969876 -0.190929 -0.151282 1.11471 0.13788 0.942245 -0.305226 -1.83243 0.200821 0.275172 0.940187 -4.00039 0 0 0 1 
3394309160190;0.0786131;0.0228929;0.997723 0.0642994 -0.0203352 0.172159 -0.0643761 0.997921 -0.00313885 1.2146 0.0200911 0.0044408 0.999788 -0.481457 0 0 0 1 
3394309160191;0.461554;0.0564602;0.953637 -0.300521 -0.016224 0.861161 0.30079 0.95352 0.0180055 -6.67383 0.0100589 -0.0220508 0.999706 0.459938 0 0 0 1 
3394309160192;0.432023;0.0339287;0.987332 -0.0210182 -0.157269 1.19656 -0.0208093 0.965473 -0.259672 1.18588 0.157297 0.259655 0.952805 -2.42116 0 0 0 1 
3394309160193;0.353577;0.0193045;0.951659 0.307157 -0.000613963 1.51156 -0.307071 0.951342 -0.0256109 6.0128 -0.00728247 0.0245613 0.999672 -0.397734 0 0 0 1 
3394309160194;0.352735;0.0416694;0.952848 -0.21681 0.212309 0.432499 0.137949 0.932667 0.333319 -3.43265 -0.27028 -0.288314 0.918599 5.08471 0 0 0 1 
3394309160195;0.362433;0.0183765;0.899005 0.437512 0.0193049 2.381 -0.436852 0.899007 -0.0307685 8.44665 -0.0308168 0.0192277 0.99934 0.448976 0 0 0 1 
3394309160196;0.182053;0.0478759;0.993926 -0.0970911 0.0518153 0.0571407 0.0882805 0.984524 0.151388 -2.13373 -0.0657119 -0.145895 0.987115 0.931301 0 0 0 1 
3394309160197;0.398636;0.0241278;0.917983 0.384303 -0.0980747 2.50232 -0.39628 0.898951 -0.186679 7.92433 0.0164229 0.210233 0.977513 0.522942 0 0 0 1 
3394309160198;0.114611;0.0543406;0.992641 -0.120928 -0.00641286 0.154508 0.120902 0.992655 -0.00431491 -2.50239 0.00688755 0.00350783 0.99997 -0.042564 0 0 0 1 
3394309160199;0.260161;0.027632;0.947483 0.319561 0.0124859 1.37204 -0.318865 0.946969 -0.0396939 6.31826 -0.0245084 0.033628 0.999134 0.586536 0 0 0 1 
3394309160200;0.239388;0.0412794;0.999234 -0.0258262 -0.0293988 0.0894952 0.0262203 0.99957 0.0130993 -0.610815 0.0290478 -0.0138601 0.999482 0.0843007 0 0 0 1 
3394309160201;0.340496;0.023615;0.969505 -0.0715868 0.234385 0.64129 0.116329 0.976202 -0.183025 -1.63707 -0.215705 0.204709 0.95476 4.23738 0 0 0 1 
3394309160202;0.373558;0.0451444;0.986761 -0.074883 0.143859 -0.581368 0.0755542 0.997141 0.000799034 -1.2741 -0.143507 0.0100807 0.989598 2.21085 0 0 0 1 
3394309160203;0.451354;0.0210645;0.918352 0.393337 0.0437743 1.90853 -0.357997 0.87277 -0.331829 7.54501 -0.168726 0.289065 0.942323 3.53653 0 0 0 1 
3394309160204;0.469117;0.0227017;0.870986 0.491278 -0.00543719 2.95641 -0.491269 0.871003 0.00293513 9.52393 0.00617777 0.00011467 0.999981 -0.624702 0 0 0 1 
3394309160205;0.327235;0.0500432;0.980251 -0.19004 -0.0547013 0.791534 0.192583 0.980217 0.0456845 -4.26186 0.0449373 -0.0553168 0.997457 -1.23835 0 0 0 1 
3394309160206;0.165571;0.0428529;0.998348 -0.00370092 -0.0573364 -0.00170779 -0.00320053 0.992792 -0.11981 0.308026 0.0573665 0.119796 0.99114 -0.64206 0 0 0 1 
3394309160207;0.420271;0.0225787;0.971233 0.110216 0.211091 0.505029 -0.120384 0.992078 0.0358975 2.21211 -0.205462 -0.0602768 0.976807 4.99448 0 0 0 1 
3394309160208;0.487381;0.0261728;0.923205 0.311687 -0.224818 1.41294 -0.254208 0.934008 0.25101 4.23513 0.288218 -0.174584 0.941515 -5.31525 0 0 0 1 
3394309160209;0.287731;0.0264225;0.995693 0.0749711 0.0545354 -0.0647687 -0.0819409 0.986836 0.139429 1.55914 -0.0433643 -0.143298 0.988729 0.0752667 0 0 0 1 
3394309160210;0.372686;0.0501118;0.953074 -0.300309 0.0382663 0.72665 0.302717 0.946808 -0.109167 -5.6307 -0.003447 0.115628 0.993287 0.864764 0 0 0 1 
3394309160211;0.423056;0.0422997;0.914553 -0.328246 -0.236321 1.90523 0.35792 0.928919 0.0948833 -7.13222 0.188378 -0.17136 0.967031 -3.24769 0 0 0 1 
3394309160212;0.468609;0.0583521;0.963464 -0.26702 0.0209152 1.2139 0.267419 0.963385 -0.0194064 -5.73671 -0.0149675 0.0242905 0.999593 0.948754 0 0 0 1 
3394309160213;0.266849;0.0370046;0.980067 -0.140593 0.140363 -0.258416 0.165783 0.968101 -0.187873 -2.90484 -0.109472 0.207398 0.972112 2.52 0 0 0 1 
3394309160214;0.475344;0.036642;0.994817 -0.097667 0.0282942 0.402473 0.100548 0.903415 -0.41681 -1.30846 0.0151472 0.417494 0.908553 1.1289 0 0 0 1 
3394309160215;0.281079;0.068631;0.872527 0.0932759 -0.47958 3.20691 -0.0651513 0.995053 0.0749993 1.28631 0.484203 -0.0341936 0.874287 -9.41544 0 0 0 1 
3394309160217;0.276984;0.0413642;0.999994 -0.000672318 0.00339722 -0.641474 0.00065543 0.999987 0.00496968 0.350533 -0.00340052 -0.00496742 0.999982 0.447147 0 0 0 1 
3394309160218;0.423487;0.993451;0.932297 0.190799 0.307274 -2.55355 -0.240522 0.961528 0.132713 2.65201 -0.270131 -0.197634 0.942322 3.27339 0 0 0 1 
3394309160219;0.217232;0.0961308;0.986047 0.159787 -0.0466791 0.264089 -0.165708 0.968894 -0.183805 2.49529 0.0158575 0.188976 0.981854 0.136794 0 0 0 1 
3394309160220;0.375115;0.0562672;0.922235 0.181243 -0.341516 1.4766 -0.101478 0.965819 0.238528 0.54085 0.373074 -0.185323 0.909105 -5.16358 0 0 0 1 
3394309160221;0.326953;0.0814843;0.981201 0.182209 -0.0635943 -0.235111 -0.178619 0.982194 0.058227 1.94524 0.0730714 -0.0457732 0.996276 -0.355206 0 0 0 1 
3394309160222;0.142051;0.0498378;0.999082 -0.0387603 0.0182158 -0.349099 0.0391932 0.998942 -0.0240412 -0.776375 -0.0172647 0.0247331 0.999545 0.41256 0 0 0 1 
3394309160223;0.261461;0.092379;0.959614 0.2721 -0.0714355 0.14537 -0.2682 0.961516 0.0596267 3.3941 0.0849108 -0.0380595 0.995661 -1.14096 0 0 0 1 
3394309160224;0.0854273;0.0972407;0.994026 0.108738 -0.00943338 -0.0819011 -0.108584 0.993965 0.0155825 1.3099 0.0110709 -0.0144651 0.999834 -0.0881736 0 0 0 1 
3394309160225;0.231107;0.0391684;0.999964 0.00381058 -0.00756745 -0.291026 -0.00365533 0.999785 0.0204252 0.558622 0.00764365 -0.0203968 0.999763 0.150414 0 0 0 1 
3394309160226;0.061528;0.0561731;0.999995 0.00316458 -0.000273942 -0.124533 -0.00316406 0.999993 0.0018744 0.0750902 0.000279872 -0.00187352 0.999998 -0.0800875 0 0 0 1 
3394309160227;0.376137;1.35501;0.886821 0.460407 -0.0396709 -1.79772 -0.460587 0.8876 0.00501334 5.74469 0.0375201 0.013826 0.9992 -0.209541 0 0 0 1 
3394309160228;0.303595;0.0619826;0.965084 -0.249765 0.0789296 0.181772 0.261633 0.933726 -0.244342 -2.99085 -0.0126705 0.256462 0.966471 0.272604 0 0 0 1 
3394309160229;0.401686;0.0566707;0.930418 -0.316761 0.184347 0.976728 0.320391 0.947227 0.010562 -3.66254 -0.177964 0.0492361 0.982804 2.5319 0 0 0 1 
3394309160230;0.10387;0.073803;0.991101 0.128654 -0.0341546 -0.0209292 -0.129706 0.99108 -0.0305961 1.68996 0.0299136 0.0347539 0.998948 -0.300206 0 0 0 1 
3394309160231;0.26477;0.0776997;0.92508 -0.229741 0.302401 0.177039 0.192103 0.969961 0.149238 -2.80181 -0.327603 -0.0799646 0.941425 4.32774 0 0 0 1 
3394309160232;0.456423;0.0731174;0.869985 0.286083 -0.401601 2.71234 -0.282833 0.956698 0.0688111 3.8837 0.403896 0.0537212 0.913226 -5.49099 0 0 0 1 
3394309160233;0.155497;0.0699913;0.999232 0.0301807 0.0249818 -0.306456 -0.0309387 0.999055 0.0305338 0.344605 -0.0240367 -0.0312833 0.999221 0.73205 0 0 0 1 
3394309160234;0.449685;0.037598;0.946364 -0.322956 0.00972504 0.609535 0.323102 0.945921 -0.028941 -4.00879 0.000147539 0.0305309 0.999534 -0.793609 0 0 0 1 
3394309160235;0.164832;0.0619766;0.972642 0.125073 -0.195765 0.22604 -0.114434 0.991316 0.0647933 1.48469 0.202169 -0.0406185 0.978508 -2.5225 0 0 0 1 
3394309160236;0.330502;0.107215;0.972338 0.224205 0.0654996 -0.0619925 -0.20882 0.960043 -0.186309 3.2653 -0.104654 0.167478 0.980305 1.91738 0 0 0 1 
3394309160237;0.197559;0.0790471;0.999914 -0.0123633 0.00430663 0.119411 0.0123218 0.999879 0.00953033 0.0963939 -0.00442393 -0.00947644 0.999945 -0.199173 0 0 0 1 
3394309160238;0.37956;0.0987983;0.981526 -0.142545 0.127622 0.647745 0.126823 0.984162 0.12386 -1.52891 -0.143257 -0.105386 0.984059 1.97735 0 0 0 1 
3394309160239;0.353533;0.0488116;0.995425 -0.0453398 0.0840996 -0.850759 0.0439841 0.998872 0.017904 -0.425101 -0.0848165 -0.014123 0.996296 0.557 0 0 0 1 
3394309160240;0.540644;0.904526;0.938099 0.295773 0.180248 -2.09775 -0.216308 0.906708 -0.362066 4.04369 -0.270522 0.300665 0.914559 3.70414 0 0 0 1 
3394309160241;0.23847;0.735173;0.978195 0.0761999 0.193204 -1.51472 -0.0888223 0.994385 0.0575216 0.985063 -0.187736 -0.0734282 0.979471 2.00174 0 0 0 1 
3394309160242;0.249114;0.053234;0.999241 -0.0242791 0.030448 -0.402002 0.0235501 0.999433 0.0240766 -0.309589 -0.0310153 -0.0233413 0.999246 -0.158683 0 0 0 1 
3394309160243;0.309141;0.115543;0.95768 0.160669 0.238821 -0.239689 -0.1153 0.974369 -0.19316 1.88836 -0.263734 0.15745 0.951658 3.39669 0 0 0 1 
3394309160244;0.346424;0.0968672;0.99997 -0.00773265 0.000736737 0.337182 0.00772637 0.999937 0.00818197 -0.478374 -0.000799959 -0.00817603 0.999966 0.692813 0 0 0 1 
3394309160245;0.222213;0.130879;0.981914 0.138012 0.129608 -0.153255 -0.144804 0.98846 0.0444858 1.96286 -0.121973 -0.0624491 0.990567 1.17759 0 0 0 1 
3394309160246;0.394505;1.02121;0.903883 0.423419 0.0609313 -1.73867 -0.427448 0.899582 0.0896688 5.47909 -0.0168452 -0.107095 0.994106 0.158522 0 0 0 1 
3394309160248;0.387346;0.0329801;0.994583 0.0905021 -0.0511353 0.172047 -0.061861 0.91065 0.408522 0.439046 0.0835384 -0.403145 0.911315 -1.21417 0 0 0 1 
3394309160249;0.0790091;0.0290671;0.996426 -0.0842853 0.00558597 0.0200956 0.0842945 0.99644 -0.00142491 -1.42336 -0.00544598 0.00189068 0.999983 0.112588 0 0 0 1 
3394309160250;0.489213;0.0467438;0.93089 0.268678 -0.2475 1.69874 -0.227825 0.95662 0.181588 3.33407 0.285552 -0.112652 0.951719 -3.93874 0 0 0 1 
3394309160251;0.37181;0.0556859;0.883983 0.441091 -0.154961 2.29131 -0.401428 0.886011 0.232033 6.51707 0.239645 -0.142908 0.960285 -4.06309 0 0 0 1 
3394309160252;0.374908;0.0249769;0.932718 -0.360486 -0.00934732 1.27333 0.360509 0.932755 0.000847618 -6.37931 0.00841321 -0.00416038 0.999956 -0.40188 0 0 0 1 
3394309160253;0.217625;0.0491412;0.97103 -0.150282 0.185783 0.179251 0.159562 0.986532 -0.0359652 -2.57136 -0.177876 0.0645673 0.981932 3.5167 0 0 0 1 
3394309160254;0.306431;0.0307571;0.999828 -0.0185212 -0.00113694 -0.753259 0.0185198 0.999828 -0.00120735 0.0199842 0.0011591 0.00118609 0.999999 0.349848 0 0 0 1 
3394309160255;0.470321;0.0309083;0.973457 -0.224324 -0.0453893 -0.344269 0.196975 0.922144 -0.332943 -2.42314 0.116542 0.315165 0.941854 -1.73584 0 0 0 1 
3394309160256;0.293686;0.0274455;0.999284 0.0332474 -0.018048 -0.511735 -0.0329852 0.999349 0.0146332 0.0691242 0.0185228 -0.0140274 0.99973 -0.0356382 0 0 0 1 
3394309160257;0.406176;0.046509;0.988378 0.0729231 0.133386 -0.0521352 -0.0446191 0.977948 -0.204028 1.87063 -0.145323 0.195705 0.969835 3.09643 0 0 0 1 
3394309160258;0.344851;0.0451542;0.970772 0.0654852 0.230899 -0.137024 -0.0146155 0.976401 -0.215469 1.013 -0.23956 0.205796 0.94882 4.37046 0 0 0 1 
3394309160259;0.414136;0.0301519;0.877463 -0.460228 -0.13509 2.10114 0.46832 0.882904 0.0340195 -8.19843 0.103615 -0.0931164 0.990249 -1.76692 0 0 0 1 
3394309160260;0.148826;0.0257874;0.971444 0.0986428 -0.215792 0.875194 -0.0846476 0.99372 0.0731855 1.34988 0.221656 -0.0528293 0.973693 -3.86663 0 0 0 1 
3394309160261;0.341319;0.0314895;0.985953 -0.165103 -0.0252636 0.291662 0.163921 0.985522 -0.0433159 -2.31647 0.0320494 0.0385662 0.998742 0.165052 0 0 0 1 
