#;prob_registration_l1 -r /home/probabilistic_point_clouds_registration/build/tester /home/point_clouds_registration_benchmark/long_office_household_local.txt /home/point_clouds_registration_benchmark/long_office_household -s 0.1 -t 0.1 -p 0.3 -r 10000 -m 15 -i 40 
id;initial_error;final_error;transformation
26456013410000;0.652746;0.542061;0.724306 0.576552 -0.378113 0.545059 -0.548096 0.814185 0.191557 -0.375991 0.418296 0.0684966 0.905724 -0.113914 0 0 0 1 
26456013410001;1.0574;0.640513;0.875676 0.424772 -0.229697 0.128834 -0.309225 0.85859 0.408905 0.133658 0.370907 -0.28704 0.883196 1.34212 0 0 0 1 
26456013410002;0.577722;0.642614;0.863513 0.451599 -0.224507 0.385306 -0.323436 0.837452 0.440525 0.00775473 0.386955 -0.307786 0.869215 0.944878 0 0 0 1 
26456013410003;1.10585;0.632332;0.972322 -0.0803162 -0.219407 0.650044 0.15697 0.920118 0.358807 -0.185318 0.173063 -0.383317 0.907258 -0.530861 0 0 0 1 
26456013410004;0.510854;0.623658;0.90308 0.417708 0.0998373 0.28911 -0.412492 0.778889 0.472421 -0.509292 0.119572 -0.467816 0.8757 0.00445501 0 0 0 1 
26456013410005;0.315858;0.615333;0.926302 0.286266 -0.244981 0.48826 -0.203791 0.927535 0.313287 -0.0496171 0.316911 -0.240273 0.917516 0.163617 0 0 0 1 
26456013410006;0.127418;0.608682;0.874361 0.432466 -0.220152 0.414939 -0.345591 0.873397 0.343141 -0.333865 0.340676 -0.223946 0.91312 0.499261 0 0 0 1 
26456013410007;0.936325;0.630911;0.955065 -0.0500168 -0.292144 0.0780426 0.110875 0.974386 0.195649 0.387886 0.274876 -0.219249 0.936148 0.824592 0 0 0 1 
26456013410008;0.859142;0.63777;0.902055 0.332026 -0.27578 0.301203 -0.23348 0.912753 0.335215 0.0135438 0.36302 -0.237994 0.900875 1.19156 0 0 0 1 
26456013410009;0.404949;0.580178;0.853655 0.381136 -0.354978 0.128175 -0.276297 0.909129 0.311681 -0.188814 0.441513 -0.167989 0.881389 0.651646 0 0 0 1 
26456013410010;0.333714;0.610092;0.886222 0.312437 -0.342044 0.377459 -0.253848 0.945136 0.205617 -0.240302 0.38752 -0.0953948 0.916912 0.147182 0 0 0 1 
26456013410011;0.463956;0.549913;0.965979 0.21139 -0.148994 0.49458 -0.18386 0.96648 0.179199 -0.0867974 0.181881 -0.145709 0.972465 -0.15088 0 0 0 1 
26456013410012;1.06761;0.584701;0.839644 0.191882 -0.508114 0.939524 -0.209338 0.977567 0.0232404 0.605062 0.501175 0.0868537 0.860976 1.12255 0 0 0 1 
26456013410013;0.408963;0.626201;0.694843 0.676591 -0.243758 0.411142 -0.56863 0.724391 0.389766 -0.450526 0.440288 -0.132218 0.888068 0.600691 0 0 0 1 
26456013410014;0.281798;0.589506;0.881361 0.425219 -0.205894 0.294302 -0.338584 0.872441 0.35243 -0.431419 0.32949 -0.240906 0.912908 0.2033 0 0 0 1 
26456013410015;0.444148;0.545543;0.935268 0.192505 -0.29701 0.208869 -0.14836 0.9751 0.164828 0.0235874 0.321345 -0.110094 0.940541 0.555686 0 0 0 1 
26456013410016;0.631913;0.657724;0.767747 0.640746 -0.00303358 0.0435108 -0.597332 0.717425 0.358464 -0.149478 0.231861 -0.273397 0.933539 0.847877 0 0 0 1 
26456013410017;0.712942;0.568831;0.898912 0.386756 -0.205856 0.561997 -0.319078 0.899877 0.297341 0.391024 0.300244 -0.201599 0.932315 0.518041 0 0 0 1 
26456013410018;0.599666;0.632863;0.801957 0.594181 0.0617617 0.325514 -0.571608 0.733202 0.368347 -0.705523 0.173581 -0.330702 0.927635 0.173815 0 0 0 1 
26456013410019;0.16999;0.597164;0.920887 0.344094 -0.183215 0.406151 -0.260639 0.892956 0.36701 -0.162706 0.289888 -0.290221 0.911996 0.282613 0 0 0 1 
26456013410020;0.966938;0.565469;0.912176 0.386952 -0.13492 0.115527 -0.346495 0.904057 0.250243 -0.51299 0.218807 -0.181517 0.958736 -0.572555 0 0 0 1 
26456013410021;1.2145;0.584628;0.973593 -0.0730736 -0.21628 -0.279359 0.116661 0.973597 0.196211 0.268343 0.196231 -0.216261 0.956412 -0.215116 0 0 0 1 
26456013410022;0.808376;0.591307;0.943846 -0.0489755 -0.326735 0.0846523 0.026529 0.996993 -0.0728081 0.437263 0.329318 0.0600517 0.942307 -0.0394373 0 0 0 1 
26456013410023;0.310262;0.562433;0.807821 0.544732 -0.22515 0.0813149 -0.481702 0.830256 0.280426 -0.13564 0.339689 -0.118079 0.933096 0.443197 0 0 0 1 
26456013410024;0.290654;0.615109;0.827767 0.531383 -0.180093 0.373397 -0.381859 0.768729 0.513068 -0.552445 0.411079 -0.355931 0.839242 0.581678 0 0 0 1 
26456013410025;0.115869;0.559217;0.885535 0.406039 -0.225744 0.299894 -0.335818 0.89523 0.292898 -0.193946 0.321021 -0.183563 0.929113 0.452944 0 0 0 1 
26456013410026;0.438952;0.611586;0.970679 0.218871 -0.0993896 0.243378 -0.167175 0.911766 0.375148 -0.49035 0.172729 -0.347533 0.921621 0.1887 0 0 0 1 
26456013410027;1.02893;0.563132;0.726198 0.660693 -0.190054 0.603192 -0.587079 0.739821 0.328639 0.473751 0.357735 -0.12708 0.925136 0.339812 0 0 0 1 
26456013410028;0.910665;0.645406;0.857379 0.450826 -0.248306 0.258561 -0.335032 0.855096 0.395682 0.0285544 0.39071 -0.256059 0.884183 1.25605 0 0 0 1 
26456013410029;0.807992;0.567482;0.858991 0.312181 -0.405806 0.758184 -0.292237 0.94976 0.112045 0.59469 0.420396 0.0223457 0.907065 0.116424 0 0 0 1 
26456013410031;0.378079;1.09638;0.0153295 0.748795 -0.662624 0.868183 -0.933358 0.248402 0.259113 1.14656 0.358619 0.614493 0.702702 -0.116931 0 0 0 1 
26456013410032;0.347742;1.01261;0.370371 0.770954 -0.518127 0.105789 -0.783028 0.559197 0.272334 1.12843 0.499692 0.304843 0.810789 -0.301329 0 0 0 1 
26456013410033;0.319289;1.04196;0.340412 0.737682 -0.583048 0.174191 -0.793134 0.558326 0.243333 1.05954 0.505033 0.379601 0.775141 -0.377515 0 0 0 1 
26456013410034;0.665788;0.957581;0.327747 0.802486 -0.498596 1.11385 -0.727714 0.550992 0.40846 0.629588 0.602506 0.228964 0.764567 -0.824109 0 0 0 1 
26456013410035;0.543286;1.02618;0.511792 0.701021 -0.496627 0.835377 -0.767446 0.632873 0.10246 0.641869 0.386128 0.328696 0.861896 -0.0268758 0 0 0 1 
26456013410036;0.569296;0.908097;0.763177 0.617624 -0.190007 0.352711 -0.641228 0.760207 -0.104462 1.09913 0.0799262 0.201561 0.97621 0.365452 0 0 0 1 
26456013410037;0.587068;1.16056;-0.00883045 0.655163 -0.755436 1.04591 -0.907853 0.311447 0.280719 1.59399 0.419195 0.688304 0.592041 0.206684 0 0 0 1 
26456013410038;0.163491;1.04704;0.45944 0.687499 -0.562369 0.50309 -0.809588 0.584579 0.0532392 1.16608 0.365351 0.430827 0.82517 -0.285521 0 0 0 1 
26456013410039;0.298903;0.996494;0.41369 0.748053 -0.518919 0.315051 -0.792932 0.576116 0.198369 1.3731 0.447348 0.329404 0.831488 -0.145045 0 0 0 1 
26456013410040;0.421915;1.02814;0.088343 0.742715 -0.663754 0.807779 -0.970579 0.214029 0.110309 1.16616 0.223991 0.634481 0.739772 -0.0699521 0 0 0 1 
26456013410041;0.740902;0.987163;0.6259 0.661576 -0.412997 0.790682 -0.65768 0.732347 0.17642 0.566344 0.419172 0.161198 0.893482 -0.985117 0 0 0 1 
26456013410042;0.386627;0.993773;0.408191 0.777802 -0.477916 0.869039 -0.808106 0.551398 0.207185 0.797434 0.424671 0.301636 0.853622 -0.178757 0 0 0 1 
26456013410043;0.418115;0.924771;0.631245 0.546703 -0.550132 0.343198 -0.688725 0.721289 -0.0734805 1.15557 0.356633 0.425274 0.831838 -0.00870253 0 0 0 1 
26456013410044;0.401489;0.916186;0.784374 0.542505 -0.300741 0.174245 -0.485816 0.838748 0.245938 0.800781 0.385668 -0.0468024 0.92145 -0.0679038 0 0 0 1 
26456013410045;0.640918;1.08802;0.415743 0.748141 -0.517149 -0.20126 -0.77709 0.587641 0.225407 0.715993 0.472534 0.30816 0.825681 -0.508361 0 0 0 1 
26456013410046;0.387348;0.958059;0.44288 0.79194 -0.420344 0.286674 -0.797146 0.562399 0.219693 1.3661 0.410385 0.237778 0.880367 0.0353867 0 0 0 1 
26456013410047;0.681694;0.951354;0.624027 0.777579 -0.0772062 0.237677 -0.655831 0.574899 0.489261 0.361125 0.424825 -0.254678 0.868713 -0.733301 0 0 0 1 
26456013410048;0.200666;1.06392;0.298265 0.761897 -0.574936 0.558935 -0.797958 0.52956 0.2878 0.902073 0.523737 0.372934 0.765911 -0.384278 0 0 0 1 
26456013410049;0.634474;0.999586;0.470019 0.745978 -0.471803 0.957058 -0.833812 0.550603 0.0399112 0.967055 0.289549 0.374637 0.8808 0.154914 0 0 0 1 
26456013410050;0.211001;0.966478;0.494247 0.768096 -0.407121 0.225766 -0.827275 0.55946 0.051191 1.10475 0.267088 0.3115 0.911938 -0.163179 0 0 0 1 
26456013410051;0.550163;0.935795;0.744925 0.624878 -0.233696 0.573358 -0.541217 0.770844 0.335983 0.552077 0.390091 -0.123802 0.912415 -0.58534 0 0 0 1 
26456013410052;0.551544;0.955134;0.484434 0.737871 -0.469969 0.848034 -0.754316 0.624402 0.202804 0.736425 0.443093 0.25626 0.859069 -0.809904 0 0 0 1 
26456013410053;0.345543;1.02807;0.254587 0.804272 -0.536965 0.837656 -0.872607 0.430388 0.230917 1.44394 0.416823 0.409771 0.811385 -0.251033 0 0 0 1 
26456013410054;0.546651;1.1033;0.174977 0.717538 -0.674183 0.393787 -0.943262 0.318436 0.0941008 1.93829 0.282205 0.619466 0.732545 -0.620556 0 0 0 1 
26456013410055;0.267657;1.03094;0.318691 0.81751 -0.479701 0.776902 -0.86769 0.455317 0.199502 1.27548 0.381511 0.352652 0.854451 -0.309262 0 0 0 1 
26456013410056;0.595541;1.02248;0.549798 0.727078 -0.411193 0.843266 -0.821253 0.560414 -0.107148 1.00133 0.152534 0.396603 0.905229 -0.23428 0 0 0 1 
26456013410057;0.461018;1.06855;0.1664 0.843429 -0.510822 0.821067 -0.918356 0.321204 0.231194 0.855605 0.359074 0.430645 0.828016 -0.446931 0 0 0 1 
26456013410058;0.576941;1.03437;0.338185 0.856036 -0.390939 0.279834 -0.816025 0.473666 0.331275 0.545848 0.468758 0.206984 0.858734 -0.800173 0 0 0 1 
26456013410059;0.729412;1.06779;0.0241625 0.915676 -0.40119 1.07902 -0.900827 0.193962 0.388445 0.802964 0.433505 0.352017 0.829552 -0.0913018 0 0 0 1 
26456013410060;0.670241;0.908373;0.633318 0.664994 -0.395842 0.266485 -0.486914 0.739965 0.464077 0.957306 0.601517 -0.101167 0.792428 -0.715933 0 0 0 1 
26456013410062;0.727774;1.64658;0.962651 0.167578 -0.21265 -0.778171 -0.0873881 0.935707 0.341782 0.0875928 0.256253 -0.310434 0.915404 0.178439 0 0 0 1 
26456013410063;1.34575;1.04345;0.950117 0.0599904 0.30607 -0.835916 0.0389581 0.950816 -0.307297 -0.529809 -0.309452 0.303892 0.901049 -0.174311 0 0 0 1 
26456013410064;0.325852;0.664922;0.987475 0.0705411 0.141125 -0.450992 -0.0883429 0.988325 0.124137 -0.213943 -0.130721 -0.13505 0.982178 0.128161 0 0 0 1 
26456013410065;0.371368;1.94069;0.910406 0.171367 -0.376555 -0.662904 -0.0828412 0.967256 0.239902 -0.330447 0.405336 -0.187214 0.894792 0.254348 0 0 0 1 
26456013410066;1.03207;0.656381;0.992627 0.0098827 -0.120803 -0.534511 -0.0437937 0.958582 -0.281429 0.348198 0.113018 0.284645 0.951948 0.418417 0 0 0 1 
26456013410067;0.857765;1.88341;0.985622 0.127036 -0.111406 -0.831658 -0.143515 0.97741 -0.155153 -0.137217 0.0891797 0.16891 0.981589 0.370093 0 0 0 1 
26456013410068;1.01715;1.06917;0.999207 -0.027454 -0.0288339 -0.647309 0.0315988 0.987434 0.15484 -0.200971 0.0242206 -0.155628 0.987519 0.66329 0 0 0 1 
26456013410069;0.211374;1.80873;0.91968 0.198304 -0.338915 -0.822704 -0.130479 0.968399 0.212554 -0.281326 0.370355 -0.15126 0.916492 0.314278 0 0 0 1 
26456013410070;0.584191;1.89337;0.844235 0.150969 -0.514272 -0.481568 -0.0673725 0.981791 0.177613 -0.395521 0.531721 -0.1153 0.839034 0.295648 0 0 0 1 
26456013410071;0.0848378;0.76602;0.997052 0.0432885 -0.0633475 -0.309779 -0.0460835 0.997997 -0.0433464 -0.165204 0.0613442 0.0461379 0.99705 0.0665423 0 0 0 1 
26456013410072;0.345771;0.582728;0.977473 0.0837984 -0.193713 -0.264001 -0.0403097 0.97503 0.218386 -0.435821 0.207177 -0.205657 0.956443 0.259477 0 0 0 1 
26456013410073;0.619828;0.59995;0.944382 0.132203 0.301106 -0.564815 -0.0930783 0.985649 -0.140829 -0.112824 -0.315403 0.10497 0.943134 0.140404 0 0 0 1 
26456013410074;0.46439;1.94381;0.890915 0.259213 -0.372933 -1.06688 -0.256851 0.96477 0.0569757 -0.0290808 0.374563 0.0450277 0.926107 0.166541 0 0 0 1 
26456013410075;1.52576;1.86896;0.986429 0.0585412 -0.1534 -0.840838 -0.0152892 0.962969 0.269177 -0.415015 0.163477 -0.263179 0.950796 -0.61 0 0 0 1 
26456013410076;0.479244;0.459131;0.990099 0.132799 -0.0454849 -0.334905 -0.136465 0.986526 -0.090238 -0.0287603 0.0328886 0.0955517 0.994881 -0.183882 0 0 0 1 
26456013410077;0.704929;1.52456;0.987941 -0.153608 0.0194184 -1.10066 0.151541 0.985031 0.0821567 -0.329189 -0.0317477 -0.0782232 0.99643 0.135297 0 0 0 1 
26456013410078;0.365691;1.89715;0.918519 0.310645 -0.244586 -0.762357 -0.287281 0.949395 0.126958 -0.22382 0.271648 -0.0463488 0.96128 0.14906 0 0 0 1 
26456013410079;1.72117;1.92582;0.913729 0.223043 -0.339634 -0.238237 -0.259235 0.963653 -0.0645828 -0.0402866 0.312885 0.147056 0.938338 0.783074 0 0 0 1 
26456013410080;1.76411;0.523263;0.999766 -0.00654091 -0.0206111 -0.720914 0.00662092 0.999971 0.00381608 0.684929 0.0205856 -0.00395165 0.99978 -0.0434447 0 0 0 1 
26456013410081;1.63412;0.58699;0.956776 0.148174 0.250247 -0.465498 -0.104191 0.977999 -0.180727 0.805737 -0.27152 0.146842 0.951165 -0.482105 0 0 0 1 
26456013410082;0.404515;1.55624;0.943213 -0.0125938 -0.331948 -0.312583 0.0552439 0.991313 0.119363 0.459816 0.327561 -0.130923 0.935715 -0.135935 0 0 0 1 
26456013410083;1.34753;0.729939;0.999216 0.0109483 0.0380369 -0.673974 -0.0120048 0.999545 0.0276588 -0.644768 -0.0377168 -0.0280937 0.998893 0.499918 0 0 0 1 
26456013410084;1.15281;1.05787;0.999112 0.0347284 0.0238663 -0.410979 -0.0370489 0.993794 0.104882 -0.735162 -0.0200758 -0.105673 0.994198 0.386468 0 0 0 1 
26456013410085;0.50976;0.566242;0.988277 0.126852 0.0849546 -0.384858 -0.111375 0.979625 -0.167123 0.0712003 -0.104423 0.155702 0.982269 -0.304593 0 0 0 1 
26456013410086;0.789041;1.94777;0.912021 0.242168 -0.331017 -0.732059 -0.217568 0.96982 0.110064 -0.187918 0.347681 -0.0283623 0.937184 -0.25962 0 0 0 1 
26456013410087;0.962758;0.46375;0.96513 0.251753 -0.071731 -0.198041 -0.259513 0.956101 -0.136103 0.429338 0.0343178 0.149972 0.988094 0.00394289 0 0 0 1 
26456013410088;1.51292;1.61801;0.949606 0.0743284 -0.304506 -1.09417 -0.00566849 0.975391 0.220411 0.245706 0.313395 -0.207577 0.926658 -0.20523 0 0 0 1 
26456013410089;0.558558;1.8914;0.915538 0.311909 -0.253974 -1.02556 -0.283041 0.948208 0.144187 -0.208811 0.285793 -0.0601236 0.956403 0.439422 0 0 0 1 
26456013410090;1.4132;0.666793;0.996354 0.0520359 -0.0676129 -0.245295 -0.0493597 0.997953 0.0406674 -0.126713 0.0695906 -0.0371818 0.996882 -0.692795 0 0 0 1 
26456013410091;1.21795;1.82956;0.973086 0.156214 -0.169413 -1.03927 -0.187261 0.96449 -0.186257 -0.280753 0.134301 0.212969 0.967785 0.570953 0 0 0 1 
26456013410093;0.469907;0.491875;0.973824 -0.226206 0.022312 -0.00648415 0.227198 0.965661 -0.126013 0.66904 0.00695912 0.127784 0.991778 -0.322496 0 0 0 1 
26456013410094;0.663694;0.42804;0.824522 0.237757 -0.513455 0.481129 -0.165951 0.969142 0.182275 0.5159 0.540948 -0.0650813 0.838535 0.180824 0 0 0 1 
26456013410095;0.871627;0.438335;0.973569 0.221399 -0.0560873 0.577232 -0.226367 0.968024 -0.10811 0.54289 0.0303584 0.117949 0.992556 0.0447828 0 0 0 1 
26456013410096;0.802998;0.430164;0.995879 0.0873962 -0.0242428 -0.296818 -0.0876509 0.996105 -0.00964607 0.490241 0.0233054 0.0117312 0.99966 -0.494782 0 0 0 1 
26456013410097;0.47238;0.41395;0.882604 0.438814 -0.168679 0.077407 -0.456772 0.885332 -0.0868672 0.390199 0.111219 0.153717 0.981836 0.25495 0 0 0 1 
26456013410098;0.153152;0.413164;0.944179 0.147122 -0.294756 0.153986 -0.171985 0.983262 -0.0601338 0.390454 0.280975 0.107471 0.953679 0.0815328 0 0 0 1 
26456013410099;1.16156;0.425945;0.981045 -0.0431439 -0.188914 -0.237113 0.00277868 0.977931 -0.208909 0.995101 0.193758 0.204424 0.959515 0.513019 0 0 0 1 
26456013410100;0.366643;0.398599;0.954724 0.292691 -0.0532253 -0.010719 -0.297461 0.941775 -0.156768 0.359156 0.00424164 0.165503 0.9862 0.162478 0 0 0 1 
26456013410101;1.16745;0.449844;0.969984 0.217174 -0.10939 -0.0274755 -0.209465 0.974719 0.0777641 0.697635 0.123513 -0.0525166 0.990952 0.85285 0 0 0 1 
26456013410102;1.13408;0.466278;0.990005 -0.0749099 -0.11949 0.295038 0.0787223 0.996517 0.0275049 0.195667 0.117014 -0.0366366 0.992454 -0.860516 0 0 0 1 
26456013410103;0.393965;0.466916;0.97918 0.120196 -0.163585 0.0553897 -0.103437 0.988821 0.1074 0.025012 0.174665 -0.0882428 0.980666 -0.0435461 0 0 0 1 
26456013410104;1.01585;0.444564;0.926507 0.362813 -0.099759 -0.373427 -0.344514 0.924551 0.162837 0.562619 0.151312 -0.116502 0.981597 -0.449826 0 0 0 1 
26456013410105;1.13047;0.52033;0.996828 -0.0396533 0.0690087 -0.006849 0.0488015 0.989453 -0.136383 -0.0515842 -0.0628729 0.139318 0.98825 0.530615 0 0 0 1 
26456013410106;0.197882;0.421855;0.933441 0.336306 -0.124848 -0.0442748 -0.34694 0.934819 -0.0757979 0.4055 0.091219 0.114068 0.989276 0.0288905 0 0 0 1 
26456013410107;0.85745;0.596082;0.962513 -0.251786 0.100858 -0.225597 0.250067 0.967778 0.0295413 0.0431686 -0.105046 -0.00321268 0.994462 -0.361181 0 0 0 1 
26456013410108;1.09003;0.39663;0.988662 0.133892 0.0679738 -0.297688 -0.128338 0.988466 -0.0803995 -0.392727 -0.0779547 0.0707643 0.994442 0.269483 0 0 0 1 
26456013410109;0.997601;0.494537;0.962078 0.198326 -0.187277 0.159233 -0.233445 0.953787 -0.189191 -0.178657 0.141101 0.225736 0.963916 0.24062 0 0 0 1 
26456013410110;1.0844;0.472751;0.965371 -0.0545229 0.255118 -0.70923 0.0816188 0.991947 -0.0968516 0.468762 -0.247783 0.11432 0.962047 -0.682041 0 0 0 1 
26456013410111;0.414986;0.571065;0.990161 -0.128571 -0.0552292 0.152378 0.0989843 0.922534 -0.373007 0.665661 0.0989087 0.36387 0.926183 -0.055548 0 0 0 1 
26456013410112;0.40276;0.438364;0.995047 0.0874872 -0.0472008 0.0120644 -0.0847919 0.994803 0.0563678 0.280133 0.051887 -0.0520864 0.997294 -0.266234 0 0 0 1 
26456013410113;0.220143;0.410387;0.960968 0.225571 -0.160184 0.0917505 -0.243868 0.964063 -0.105409 0.377593 0.13065 0.140358 0.981443 0.183426 0 0 0 1 
26456013410114;0.883586;0.536344;0.985645 -0.0933963 0.140645 -0.453765 0.0866105 0.994798 0.0536333 0.101632 -0.144922 -0.0406821 0.988606 0.282127 0 0 0 1 
26456013410115;0.901703;0.474738;0.975804 0.0668436 -0.208181 -0.0210851 -0.0554177 0.996644 0.0602481 0.344852 0.211509 -0.0472534 0.976233 0.751101 0 0 0 1 
26456013410116;0.0971774;0.464758;0.984442 0.0753961 -0.158714 0.0795612 -0.0876613 0.993563 -0.0717432 0.46847 0.152284 0.0845401 0.984715 0.0175749 0 0 0 1 
26456013410117;0.308242;0.43379;0.992835 0.0867916 -0.0821316 0.0501521 -0.0867549 0.996222 0.00402287 0.43792 0.0821704 0.00313126 0.996613 -0.101095 0 0 0 1 
26456013410118;0.617996;0.589754;0.954619 -0.216309 0.204728 -0.279054 0.208317 0.976214 0.0600827 0.475101 -0.212855 -0.0147077 0.976973 -0.369624 0 0 0 1 
26456013410119;0.836682;0.492405;0.990526 -0.135231 -0.0239004 0.0194067 0.136025 0.99007 0.0354689 0.35002 0.0188666 -0.0383839 0.999085 -0.652446 0 0 0 1 
26456013410120;1.27194;0.437129;0.98777 0.095267 -0.123426 0.643965 -0.0903822 0.994908 0.044602 0.514475 0.127047 -0.032901 0.991351 -0.659426 0 0 0 1 
26456013410121;0.539915;0.474172;0.962669 -0.241389 -0.122472 0.362015 0.235174 0.969903 -0.0631032 0.46069 0.134019 0.0319452 0.990464 -0.320032 0 0 0 1 
26456013410122;0.715537;0.441875;0.991852 0.0762168 -0.10208 0.267446 -0.0798514 0.996293 -0.0319993 0.511925 0.0992624 0.0398898 0.994261 -0.457987 0 0 0 1 
26456013410124;1.54152;0.43486;0.808068 0.57205 -0.14066 -0.612185 -0.583219 0.8105 -0.0542741 -0.382557 0.0829573 0.125893 0.988569 0.223877 0 0 0 1 
26456013410125;0.0901978;0.437123;0.985211 0.169972 -0.0216668 -0.00891057 -0.16989 0.985447 0.00558663 -0.129775 0.0223011 -0.00182303 0.99975 0.0450501 0 0 0 1 
26456013410126;2.04591;0.574904;0.924741 0.350332 -0.148731 0.0574786 -0.326491 0.931031 0.163049 -0.236559 0.195595 -0.102219 0.975343 -0.666329 0 0 0 1 
26456013410127;0.892171;0.503122;0.997623 0.043206 0.0536728 -0.041957 -0.0422822 0.998939 -0.0182294 0.552393 -0.0544035 0.0159167 0.998392 -0.107366 0 0 0 1 
26456013410128;1.22747;0.38428;0.995236 0.0969152 -0.0106298 -0.144411 -0.0971781 0.994876 -0.0278957 0.0703994 0.00787179 0.0287958 0.999554 -0.537689 0 0 0 1 
26456013410129;0.476134;0.543026;0.960941 0.211294 0.178735 -0.223167 -0.216122 0.976336 0.00775931 -0.260851 -0.172866 -0.0460849 0.983867 -0.080393 0 0 0 1 
26456013410130;2.09219;0.44325;0.963878 0.251312 0.0882131 0.191637 -0.250933 0.96788 -0.0155459 0.165642 -0.0892865 -0.00715124 0.99598 0.763886 0 0 0 1 
26456013410131;1.46172;0.357923;0.994129 0.108161 0.00292695 -0.332288 -0.10817 0.994128 0.00289556 -0.15295 -0.00259657 -0.00319517 0.999992 0.613911 0 0 0 1 
26456013410132;0.769284;0.575313;0.990377 -0.0952548 0.100396 -0.347032 0.0758076 0.980317 0.182297 0.337289 -0.115784 -0.172932 0.978105 0.075249 0 0 0 1 
26456013410133;1.34603;0.572158;0.998587 0.0518057 0.0118396 -0.143085 -0.0526085 0.995198 0.0825387 0.430975 -0.00750682 -0.0830449 0.996518 0.503157 0 0 0 1 
26456013410134;1.62064;0.50096;0.992329 -0.0663997 0.104275 0.153885 0.0692842 0.997301 -0.0242851 0.462129 -0.102381 0.0313235 0.994252 -0.757776 0 0 0 1 
26456013410135;0.477389;0.425993;0.981434 0.1902 0.0247077 0.0272792 -0.189625 0.981567 -0.0238571 -0.0221363 -0.0287899 0.018729 0.99941 -0.222211 0 0 0 1 
26456013410136;1.0412;0.497222;0.972962 -0.208898 -0.0985254 -0.595154 0.212925 0.976538 0.0321877 0.673193 0.0894899 -0.0522959 0.994614 0.323804 0 0 0 1 
26456013410137;1.90811;0.578713;0.998369 -0.0562597 0.00973918 -0.115524 0.056088 0.99828 0.0170869 0.173486 -0.0106837 -0.0165128 0.999807 0.901478 0 0 0 1 
26456013410138;0.964836;0.494182;0.951017 0.296986 -0.085829 -0.0137639 -0.302722 0.95094 -0.0638212 -0.26801 0.0626642 0.0866773 0.994264 0.617985 0 0 0 1 
26456013410139;1.47225;0.59503;0.898645 0.433822 -0.0650847 0.437804 -0.437996 0.895584 -0.0780336 -0.854515 0.0244362 0.0986313 0.994824 -0.170153 0 0 0 1 
26456013410140;1.16137;0.576919;0.988841 0.148735 -0.00850511 0.177908 -0.148709 0.988874 0.00366525 -0.469 0.00895564 -0.00235956 0.999957 0.233114 0 0 0 1 
26456013410141;0.944233;0.474047;0.972214 0.233945 -0.00832028 -0.161338 -0.233372 0.971394 0.0439397 -0.585178 0.0183618 -0.0407771 0.999 -0.190162 0 0 0 1 
26456013410142;1.84842;0.3823;0.935373 0.198452 -0.292736 -0.760646 -0.253321 0.953551 -0.162998 -0.234528 0.246792 0.22662 0.942198 0.582465 0 0 0 1 
26456013410143;0.46443;0.470128;0.922046 0.385672 0.0329944 -0.0727483 -0.38606 0.910077 0.150724 -0.510432 0.0281026 -0.151712 0.988025 0.166291 0 0 0 1 
26456013410144;0.759937;0.383542;0.969504 0.00242712 -0.245065 -0.0776418 -0.0695062 0.961616 -0.265451 0.462407 0.235014 0.274389 0.932459 0.391413 0 0 0 1 
26456013410145;0.437138;0.422279;0.986371 -0.0741371 0.146889 -0.206268 0.0303873 0.95946 0.280201 0.145655 -0.161708 -0.271918 0.948636 -0.300277 0 0 0 1 
26456013410146;1.81332;0.520471;0.993019 0.116263 -0.0198942 -0.60232 -0.11485 0.991476 0.0615182 0.162136 0.0268769 -0.058804 0.997908 0.719237 0 0 0 1 
26456013410147;0.897776;0.622059;0.995353 0.0919801 0.0284941 0.191118 -0.0876298 0.987905 -0.127923 -0.0327685 -0.0399159 0.124832 0.991375 0.157796 0 0 0 1 
26456013410148;0.647101;0.546452;0.989605 -0.140007 -0.032867 -0.283955 0.142687 0.98441 0.102842 0.214363 0.0179561 -0.106463 0.994155 0.242974 0 0 0 1 
26456013410149;0.510162;0.429622;0.852857 0.515455 -0.0833142 -0.129615 -0.518665 0.85471 -0.0213944 -0.562701 0.0601817 0.0614585 0.996294 0.171611 0 0 0 1 
26456013410150;1.62937;0.497053;0.954972 0.047649 0.292846 -0.0191255 0.0496972 0.947386 -0.316212 0.889378 -0.292506 0.316527 0.902359 -0.709979 0 0 0 1 
26456013410151;0.991097;0.552301;0.986367 -0.0820106 0.142668 -0.443117 0.104368 0.982061 -0.157049 0.433832 -0.127229 0.169798 0.977232 -0.522802 0 0 0 1 
26456013410152;0.386143;0.449427;0.984153 0.172056 -0.0428846 -0.00580188 -0.173177 0.9846 -0.0239409 0.0244056 0.038105 0.0309881 0.998793 -0.0622976 0 0 0 1 
26456013410153;1.24713;0.349515;0.896803 0.440826 0.0376402 -0.310319 -0.442177 0.895916 0.0425788 -0.2863 -0.0149526 -0.0548284 0.998384 0.353001 0 0 0 1 
26456013410155;0.44177;0.624853;0.879025 0.434779 -0.195659 -0.695348 -0.467123 0.867527 -0.17086 -0.580417 0.0954529 0.241586 0.965673 0.133413 0 0 0 1 
26456013410156;0.559197;0.669135;0.994128 0.0811683 -0.0715683 -0.560793 -0.0867666 0.993097 -0.0789315 -0.121886 0.0646675 0.0846778 0.994308 0.550158 0 0 0 1 
26456013410157;0.798739;0.692762;0.993167 0.056628 -0.102038 0.162811 -0.0552166 0.998336 0.0166062 -0.403145 0.102809 -0.0108585 0.994642 -0.0667702 0 0 0 1 
26456013410158;0.506235;0.666191;0.895043 0.444853 -0.0316954 -0.374721 -0.442605 0.877294 -0.185624 -0.203292 -0.0547691 0.18017 0.98211 -0.133387 0 0 0 1 
26456013410159;0.771683;0.637309;0.953953 0.269348 -0.132007 0.0108796 -0.29284 0.931578 -0.215424 0.206595 0.0649505 0.244161 0.967557 0.236399 0 0 0 1 
26456013410160;0.731372;0.670933;0.994013 0.0830813 -0.0709663 -0.195512 -0.0868921 0.994838 -0.0524117 0.00371017 0.0662455 0.0582643 0.996101 -0.469373 0 0 0 1 
26456013410161;0.152345;0.685475;0.984422 0.167267 0.0541725 -0.667017 -0.161736 0.982339 -0.0940813 -0.189295 -0.0689525 0.0838541 0.99409 -0.146905 0 0 0 1 
26456013410162;0.843744;0.67715;0.889968 -0.083759 -0.448266 0.057005 0.0762723 0.996481 -0.0347659 0.398927 0.4496 -0.00324974 0.893224 0.987484 0 0 0 1 
26456013410163;0.17304;0.658763;0.985295 0.0947373 -0.142192 -0.461781 -0.118435 0.978522 -0.168725 -0.11126 0.123154 0.183084 0.975353 0.214406 0 0 0 1 
26456013410164;1.05704;0.636765;0.979252 0.168941 -0.111916 -0.423011 -0.166705 0.985577 0.0291108 -0.345821 0.11522 -0.00984985 0.993291 -0.81466 0 0 0 1 
26456013410165;1.01882;0.651862;0.987974 0.100963 -0.117105 -0.42614 -0.100037 0.994888 0.0137785 0.326474 0.117897 -0.00189798 0.993024 0.830303 0 0 0 1 
26456013410166;0.386158;0.635092;0.932798 0.11724 -0.340796 -0.0650976 -0.217967 0.936588 -0.274396 0.0822976 0.287015 0.330239 0.899202 0.217826 0 0 0 1 
26456013410167;0.362618;0.532094;0.991167 0.0299874 -0.129187 -0.38382 0.0297363 0.899048 0.436838 -0.673899 0.129245 -0.436821 0.890215 0.183053 0 0 0 1 
26456013410168;0.272737;0.609236;0.943987 0.00527334 -0.329941 -0.249559 0.0054569 0.999486 0.0315871 -0.368 0.329938 -0.0316183 0.943473 0.22892 0 0 0 1 
26456013410169;0.677811;0.478829;0.995344 -0.0585299 -0.076582 -0.383966 0.0593288 0.998205 0.00819604 -0.389063 0.0759648 -0.0127014 0.99703 0.560851 0 0 0 1 
26456013410170;0.704368;0.697939;0.993211 0.110545 -0.0362306 -0.328007 -0.109304 0.993406 0.0346122 -0.83774 0.0398179 -0.030417 0.998744 0.197905 0 0 0 1 
26456013410171;1.02478;0.503616;0.939405 -0.247519 -0.237175 -0.987875 0.25464 0.967036 -0.000631218 -0.0645748 0.229513 -0.0598011 0.971467 0.0347368 0 0 0 1 
26456013410172;0.366617;0.664741;0.957862 -0.0261315 -0.286037 -0.306299 0.0493707 0.99601 0.0743367 -0.221175 0.282953 -0.0853261 0.955331 -0.00502533 0 0 0 1 
26456013410173;0.895873;0.613521;0.886791 0.451517 -0.098658 -1.16165 -0.447043 0.892162 0.0647951 -0.833444 0.117275 -0.0133554 0.99301 0.592818 0 0 0 1 
26456013410174;0.457447;0.393092;0.988471 -0.140692 -0.0559489 -0.468411 0.142204 0.989546 0.0240249 0.159823 0.0519839 -0.0317041 0.998145 0.0657573 0 0 0 1 
26456013410175;0.623034;0.735867;0.99095 0.126762 -0.0441634 -0.627722 -0.126284 0.991903 0.0134612 -0.222738 0.0455122 -0.0077622 0.998934 -0.487024 0 0 0 1 
26456013410176;0.235307;0.470364;0.982731 -0.0626676 -0.174107 -0.31893 0.0627872 0.998015 -0.00482642 -0.026113 0.174064 -0.00618863 0.984715 0.176779 0 0 0 1 
26456013410177;0.877512;0.679486;0.9666 0.253205 -0.0396373 -0.0969819 -0.253371 0.967369 0.000874907 0.219244 0.0385654 0.00919724 0.999214 0.153769 0 0 0 1 
26456013410178;0.197683;0.658058;0.992243 0.105453 -0.0658311 -0.617502 -0.10522 0.994424 0.00700355 -0.10008 0.0662025 -2.2448e-05 0.997806 -0.00163987 0 0 0 1 
26456013410179;0.15124;0.714206;0.991491 0.113661 0.0634578 -0.649136 -0.120685 0.985311 0.120819 -0.323599 -0.0487933 -0.127449 0.990644 0.0788003 0 0 0 1 
26456013410180;0.554153;0.664699;0.994112 0.0999732 -0.0417862 -0.115125 -0.106395 0.973639 -0.201761 0.138024 0.0205139 0.205019 0.978543 0.0560711 0 0 0 1 
26456013410181;0.475904;0.665114;0.984775 0.166092 0.0512924 -0.721484 -0.173687 0.928113 0.329301 -0.952882 0.00708911 -0.333197 0.942831 0.0188731 0 0 0 1 
26456013410182;0.72307;0.435026;0.992374 -0.115708 0.0424905 -0.867852 0.119773 0.986621 -0.110608 0.0716672 -0.0291238 0.114853 0.992955 0.275967 0 0 0 1 
26456013410183;0.714484;0.455013;0.999802 0.0166009 -0.011012 -0.537304 -0.0195141 0.927319 -0.373762 -0.0150033 0.00400688 0.373903 0.927459 0.500989 0 0 0 1 
26456013410184;0.435457;0.572404;0.999974 -0.00369108 0.00618015 -0.231676 0.00404824 0.998261 -0.0588137 0.129818 -0.00595231 0.0588371 0.99825 -0.155651 0 0 0 1 
26456013410186;2.57906;1.91444;0.731187 -0.664065 0.156151 0.550878 0.680945 0.724241 -0.108578 0.427208 -0.0409883 0.185721 0.981747 -0.651819 0 0 0 1 
26456013410187;0.634766;1.32838;0.748512 -0.645268 0.152835 0.380393 0.662814 0.721015 -0.202025 1.35787 0.0201639 0.25252 0.967382 -0.189131 0 0 0 1 
26456013410188;1.09866;2.32219;0.795387 -0.499031 -0.343989 1.14858 0.574057 0.802352 0.163373 0.667333 0.194471 -0.327414 0.924652 0.144713 0 0 0 1 
26456013410189;0.60767;0.92883;0.899497 -0.436904 -0.0045205 0.124528 0.435047 0.896536 -0.0834074 0.860089 0.0404938 0.0730581 0.996505 -0.0377257 0 0 0 1 
26456013410190;1.29465;1.57035;0.658641 -0.752354 -0.0124493 0.304472 0.7508 0.658198 -0.0554468 1.46365 0.0499098 0.0271726 0.998384 0.448082 0 0 0 1 
26456013410191;1.28532;2.16177;0.82266 -0.546412 0.157047 0.448568 0.563803 0.819631 -0.101641 0.698671 -0.0731829 0.172159 0.982347 -0.423144 0 0 0 1 
26456013410192;1.88351;3.7068;0.981792 -0.156432 -0.107765 1.74584 0.175077 0.965287 0.193825 0.818239 0.0737038 -0.209163 0.975099 0.701704 0 0 0 1 
26456013410193;1.11745;1.29795;0.806559 -0.578285 -0.12267 0.27812 0.580071 0.814203 -0.0242918 1.07713 0.113926 -0.0515647 0.99215 -0.142306 0 0 0 1 
26456013410194;2.37375;1.75976;0.686149 -0.722448 0.0852597 1.10034 0.727389 0.683003 -0.0664236 0.8514 -0.010245 0.107593 0.994142 -0.372553 0 0 0 1 
26456013410195;1.70586;1.5392;0.771711 -0.628641 0.0962932 0.478628 0.635574 0.756975 -0.151772 1.33713 0.0225185 0.178326 0.983714 -0.654692 0 0 0 1 
26456013410196;0.514644;1.37678;0.773787 -0.632316 0.0378244 0.4233 0.629253 0.774152 0.0687674 1.02027 -0.0727646 -0.0294101 0.996915 0.0688454 0 0 0 1 
26456013410197;2.7645;2.15478;0.579806 -0.588962 0.562982 -0.606424 0.685032 0.726472 0.0544938 1.08005 -0.441086 0.354065 0.82467 -0.24065 0 0 0 1 
26456013410198;2.3433;1.83345;0.769658 -0.636938 -0.0440018 1.19612 0.636716 0.77082 -0.020714 0.501264 0.047111 -0.0120739 0.998817 0.233404 0 0 0 1 
26456013410199;2.04036;1.28837;0.833324 -0.54374 -0.0995902 0.734996 0.527817 0.836199 -0.148929 1.04164 0.164256 0.0715404 0.98382 -0.510953 0 0 0 1 
26456013410200;2.25828;2.41183;0.53019 -0.661802 0.530016 -0.241648 0.666757 0.711586 0.221542 1.69835 -0.523769 0.235932 0.818536 -0.821258 0 0 0 1 
26456013410201;2.32984;1.50421;0.658783 -0.706996 0.257219 -0.509192 0.729367 0.684016 0.0120594 1.62961 -0.184468 0.179662 0.966278 -0.619624 0 0 0 1 
26456013410202;0.574695;1.53649;0.750319 -0.652985 0.10311 0.222229 0.656527 0.754302 -0.000548777 1.16141 -0.0774178 0.0681063 0.99467 -0.00886409 0 0 0 1 
26456013410203;2.04835;2.03137;0.694966 -0.719042 -0.00102912 1.22495 0.659878 0.637213 0.398147 0.539146 -0.285629 -0.277378 0.917321 0.00138531 0 0 0 1 
26456013410204;0.669991;2.46965;0.768262 -0.637352 -0.0596301 0.909332 0.630626 0.737561 0.241484 0.873006 -0.10993 -0.223128 0.968571 -0.251415 0 0 0 1 
26456013410205;0.908947;1.62185;0.760559 -0.639111 0.114403 0.110616 0.643627 0.765332 -0.00336252 1.26733 -0.0854071 0.0761902 0.993429 -0.203798 0 0 0 1 
26456013410206;1.79634;1.5925;0.863725 -0.498919 0.0711216 0.0803012 0.503549 0.848657 -0.161925 0.54983 0.0204297 0.175672 0.984237 -0.296836 0 0 0 1 
26456013410207;0.232642;1.17027;0.744339 -0.665313 0.0576061 0.18318 0.665764 0.746035 0.0137663 1.12228 -0.0521351 0.0281053 0.998244 -0.145259 0 0 0 1 
26456013410208;2.37807;1.19735;0.828964 -0.49963 0.251374 -0.0453681 0.556241 0.783426 -0.2772 1.32088 -0.0584358 0.369613 0.927346 -0.980075 0 0 0 1 
26456013410209;2.64335;1.6238;0.736201 -0.676599 -0.0148775 1.3095 0.671707 0.727844 0.138033 0.524057 -0.0825646 -0.111613 0.990316 -0.201738 0 0 0 1 
26456013410210;2.26073;1.70656;0.73018 -0.679001 0.0761258 -0.0101503 0.683252 0.725282 -0.0844606 1.49477 0.00213615 0.113685 0.993515 -0.63236 0 0 0 1 
26456013410211;1.42407;1.22539;0.724182 -0.66094 0.19677 -0.46074 0.666152 0.744254 0.048241 1.63813 -0.178331 0.0961432 0.979262 -0.522392 0 0 0 1 
26456013410212;1.48789;1.6593;0.704286 -0.706422 -0.0703504 0.163183 0.691614 0.705108 -0.156499 0.855154 0.160159 0.0615645 0.98517 0.0162071 0 0 0 1 
26456013410213;1.60061;0.909343;0.687676 -0.703988 0.177489 -0.200142 0.723451 0.643919 -0.248972 1.98845 0.0609851 0.299617 0.952109 -0.0140542 0 0 0 1 
26456013410214;1.7042;1.27119;0.752502 -0.657049 0.0450291 -0.138185 0.657544 0.745695 -0.107583 1.58419 0.0371094 0.110565 0.993176 0.290371 0 0 0 1 
26456013410215;0.754244;2.37881;0.649347 -0.701067 0.29471 0.511336 0.739677 0.672268 -0.0305447 1.44568 -0.17671 0.237824 0.955098 -0.523398 0 0 0 1 
26456013410217;1.32332;1.80696;0.762002 0.645996 0.0451769 -0.507707 -0.646397 0.762969 -0.00706172 -0.405966 -0.0390304 -0.0238212 0.998954 -0.127234 0 0 0 1 
26456013410218;1.34012;1.70331;0.976773 0.00637482 -0.214184 0.0467005 0.0432963 0.973069 0.226412 -0.089784 0.209859 -0.230426 0.950191 0.197996 0 0 0 1 
26456013410219;0.65608;0.549706;0.941707 0.330187 0.0645381 -0.220798 -0.326166 0.943041 -0.065501 -0.0833464 -0.0824896 0.0406326 0.995763 -0.0937181 0 0 0 1 
26456013410220;1.46371;0.681136;0.930582 -0.339979 0.135761 -0.020148 0.35172 0.933178 -0.0739739 0.85416 -0.10154 0.116589 0.987976 -0.0708416 0 0 0 1 
26456013410221;1.60635;2.06534;0.963669 -0.0309447 -0.2653 -0.0421762 0.0370796 0.999148 0.0181459 0.126742 0.264513 -0.0273239 0.963995 0.216653 0 0 0 1 
26456013410222;2.32392;0.122351;0.991163 0.110659 -0.0731461 -0.0151885 -0.123105 0.972742 -0.196515 -0.607497 0.0494062 0.203783 0.977769 -0.709662 0 0 0 1 
26456013410223;1.20647;0.84616;0.99411 0.108154 -0.00685783 -0.0818583 -0.107243 0.990897 0.0813764 0.176779 0.0155966 -0.0801616 0.99666 0.0909722 0 0 0 1 
26456013410224;0.781646;0.109103;0.94409 0.140081 0.298447 -0.422389 -0.207363 0.956067 0.207214 -0.261506 -0.256309 -0.257515 0.931661 -0.353555 0 0 0 1 
26456013410225;1.91639;0.54641;0.959843 -0.228738 0.162419 -0.174204 0.163923 0.927134 0.336974 -0.344346 -0.227663 -0.296818 0.927399 -0.728456 0 0 0 1 
26456013410226;0.740714;0.465582;0.977833 0.194147 0.0784169 -0.198019 -0.19289 0.980942 -0.0233629 0.0438801 -0.0814582 0.0077192 0.996647 -0.0576946 0 0 0 1 
26456013410227;0.854149;0.808544;0.999772 -0.004938 -0.020757 0.0214867 0.00508583 0.999962 0.0070754 -0.0881359 0.0207213 -0.00717936 0.99976 0.0411668 0 0 0 1 
26456013410228;0.477964;0.176774;0.981199 -0.124461 -0.147509 0.148648 0.102925 0.983976 -0.145592 0.246288 0.163266 0.127672 0.978286 -0.0119423 0 0 0 1 
26456013410229;0.488387;0.0357453;0.892707 -0.249077 -0.375546 0.383637 0.30288 0.948697 0.0907605 0.0670742 0.333673 -0.194768 0.922349 0.319739 0 0 0 1 
26456013410230;0.907029;0.0925474;0.996871 0.0789798 0.00307735 -0.0180296 -0.079013 0.994765 0.064806 0.0919944 0.00205712 -0.0648464 0.997893 -0.247956 0 0 0 1 
26456013410231;2.37848;0.133142;0.964289 -0.177495 -0.196579 0.408774 0.24014 0.898995 0.366252 -0.466585 0.111715 -0.400379 0.909514 -0.584307 0 0 0 1 
26456013410232;0.758672;0.142241;0.999032 0.0383669 0.0215309 0.14688 -0.0391817 0.998479 0.0387946 -0.0713928 -0.0200097 -0.0396007 0.999015 -0.210531 0 0 0 1 
26456013410233;0.876115;0.0547409;0.996836 -0.0791034 0.00777163 0.0326471 0.0787514 0.99616 0.0382666 0.384222 -0.0107688 -0.0375335 0.999237 0.0597934 0 0 0 1 
26456013410234;0.436918;0.0703635;0.986674 0.157769 0.0397952 -0.134967 -0.162619 0.948003 0.273578 -0.400055 0.00543603 -0.276404 0.961026 0.280423 0 0 0 1 
26456013410235;0.42537;0.117691;0.933159 0.00630239 0.359409 -0.401667 0.044732 0.990039 -0.133502 0.0784846 -0.35667 0.140655 0.923581 -0.366522 0 0 0 1 
26456013410236;1.61117;0.522239;0.954097 -0.000814909 0.299498 -0.453067 -0.103553 0.937424 0.332434 -0.452738 -0.281028 -0.348188 0.894309 -0.609349 0 0 0 1 
26456013410237;1.76467;0.940106;0.986299 0.0107938 0.164616 0.0347562 -0.0421869 0.98118 0.188428 0.172342 -0.159484 -0.192791 0.968192 -0.131501 0 0 0 1 
26456013410238;1.19544;0.119645;0.925108 0.371275 -0.0795584 0.104208 -0.317011 0.870547 0.376368 -0.441073 0.208995 -0.32296 0.923048 -0.0159575 0 0 0 1 
26456013410239;0.73293;0.0778335;0.904828 -0.353232 -0.237724 0.297648 0.363464 0.931608 -0.000845214 0.315227 0.221764 -0.0856393 0.971332 -0.012696 0 0 0 1 
26456013410240;1.79116;1.87075;0.988207 0.0905114 -0.12351 -0.0253083 -0.0379687 0.926251 0.374991 -0.00542599 0.148343 -0.365879 0.918764 0.388228 0 0 0 1 
26456013410241;1.92987;0.845449;0.989808 -0.0411907 0.136322 0.336297 0.0539043 0.994398 -0.0909247 0.131097 -0.131813 0.0973463 0.986483 -0.0536959 0 0 0 1 
26456013410242;1.40722;0.0915992;0.936445 0.266495 0.228146 -0.320165 -0.338872 0.855391 0.391756 -0.449369 -0.0907526 -0.44417 0.891334 -0.362942 0 0 0 1 
26456013410243;0.583238;0.0951136;0.929503 -0.330786 0.16311 -0.15081 0.353273 0.925562 -0.136139 0.354665 -0.105935 0.184164 0.97717 -0.235523 0 0 0 1 
26456013410244;0.533279;0.0753739;0.995331 0.0522028 0.0811904 -0.0780669 -0.0542302 0.998264 0.0229688 -0.00437416 -0.0798504 -0.0272645 0.996434 0.162353 0 0 0 1 
26456013410245;0.736282;0.187321;0.956213 -0.225676 0.186353 -0.19525 0.264263 0.939411 -0.21834 0.343486 -0.125788 0.258026 0.957914 0.0750215 0 0 0 1 
26456013410246;1.05866;0.588318;0.977133 -0.138046 0.161725 -0.0888103 0.172529 0.959296 -0.223572 0.116864 -0.124279 0.246361 0.961177 -0.348996 0 0 0 1 
26456013410248;1.23759;0.958039;0.714367 0.688932 -0.122688 -1.35822 -0.699754 0.702031 -0.13228 -1.22566 -0.00500088 0.180348 0.98359 0.407303 0 0 0 1 
26456013410249;1.46586;0.803892;0.646709 0.719902 0.252008 -0.990413 -0.746131 0.665669 0.0131483 -0.925994 -0.158288 -0.196534 0.967636 0.545539 0 0 0 1 
26456013410250;0.412958;0.854327;0.986984 0.0494973 -0.153011 -0.533995 -0.0748365 0.983523 -0.164568 0.0721464 0.142344 0.173877 0.974425 0.250975 0 0 0 1 
26456013410251;1.34871;0.892909;0.919727 0.392086 -0.0192261 -0.629224 -0.387846 0.900034 -0.198784 -0.510337 -0.0606362 0.190283 0.979855 0.70428 0 0 0 1 
26456013410252;1.49487;0.864974;0.522106 0.849432 -0.0766188 -0.951052 -0.852697 0.518018 -0.0675718 -1.01929 -0.0177078 0.100612 0.994768 -1.02418 0 0 0 1 
26456013410253;0.288077;0.869383;0.866227 0.490017 -0.0976487 -0.609773 -0.499459 0.854625 -0.141975 -0.586388 0.013883 0.171754 0.985042 -0.226821 0 0 0 1 
26456013410254;0.399182;0.865644;0.833634 0.552185 0.0121118 -0.791498 -0.541894 0.821944 -0.175379 -0.483503 -0.106797 0.139638 0.984427 -0.367406 0 0 0 1 
26456013410255;1.26559;0.880926;0.986875 0.161475 -0.00171606 -0.751116 -0.157792 0.961995 -0.222863 -0.343124 -0.034336 0.220208 0.974848 0.597949 0 0 0 1 
26456013410256;0.836061;0.930608;0.924395 0.375662 -0.0661253 -0.32863 -0.353132 0.908375 0.223948 -0.544517 0.144195 -0.183665 0.972355 -0.0843034 0 0 0 1 
26456013410257;1.31918;0.89471;0.951925 0.279496 -0.125381 -0.826008 -0.274463 0.959959 0.0561202 -0.977338 0.136046 -0.0190098 0.99052 -0.189504 0 0 0 1 
26456013410258;1.48742;0.839932;0.899937 0.436001 -0.00395611 -0.0172104 -0.388326 0.797341 -0.462006 -0.827431 -0.198281 0.417313 0.886868 0.280923 0 0 0 1 
26456013410259;1.01942;0.887035;0.74859 0.655232 -0.101412 -1.22541 -0.655962 0.754171 0.0306691 -0.512387 0.0965774 0.0435639 0.994372 0.18507 0 0 0 1 
26456013410260;0.460663;0.808369;0.666116 0.739946 -0.0936463 -0.875245 -0.699612 0.663397 0.265419 -1.19291 0.25852 -0.111284 0.959574 0.5436 0 0 0 1 
26456013410261;1.44656;0.833886;0.748577 0.549792 -0.370622 0.194305 -0.61678 0.782542 -0.0849179 -0.811943 0.24334 0.29216 0.924894 0.757704 0 0 0 1 
26456013410262;0.220515;0.804519;0.862787 0.450358 0.229731 -0.791508 -0.443813 0.892316 -0.0824686 -0.64415 -0.242133 -0.0308048 0.969754 -0.522631 0 0 0 1 
26456013410263;0.872308;0.772872;0.961684 0.131448 0.240592 -0.748493 -0.150977 0.986428 0.0645422 -0.514065 -0.228843 -0.0983931 0.968478 -0.813426 0 0 0 1 
