#;prob_registration_l1 -r /home/probabilistic_point_clouds_registration/build/tester /home/point_clouds_registration_benchmark/p2at_met_local.txt /home/point_clouds_registration_benchmark/p2at_met -s 0.2 -t 0.2 -p 0.3 -r 10000 -m 15 -i 40 
id;initial_error;final_error;transformation
27844314100000;0.368279;0.390743;0.999528 -0.00526657 0.0302729 -0.285379 0.000979158 0.990161 0.139929 0.22798 -0.030712 -0.139833 0.989699 -8.35682 0 0 0 1 
27844314100001;0.325629;0.129537;0.987271 0.0168912 -0.158149 0.120705 0.012658 0.982846 0.183993 -0.0641568 0.158544 -0.183653 0.970121 -7.79451 0 0 0 1 
27844314100002;0.342132;0.346542;0.931142 -0.0327886 0.363179 -1.61382 -0.0717616 0.959997 0.270658 -2.5609 -0.357525 -0.278084 0.891541 -24.5741 0 0 0 1 
27844314100003;0.135271;0.127304;0.995211 -0.00941912 0.0972917 -0.344958 -0.00766796 0.984756 0.173774 -0.313342 -0.0974454 -0.173688 0.979968 -12.5634 0 0 0 1 
27844314100004;0.89077;0.689178;0.985578 0.0355728 -0.165441 1.14128 0.00794274 0.966854 0.255207 -0.79501 0.169036 -0.252841 0.952627 -12.2581 0 0 0 1 
27844314100005;0.300669;0.254362;0.935318 0.0584098 -0.348953 0.640408 -0.0131201 0.991326 0.130768 -0.22735 0.353564 -0.117731 0.927972 1.09227 0 0 0 1 
27844314100006;0.461976;0.401951;0.999789 0.0197222 0.00577817 1.22345 -0.0199184 0.999149 0.036122 -0.22448 -0.00506085 -0.0362295 0.999331 -2.1142 0 0 0 1 
27844314100007;1.17629;0.949329;0.999001 0.0267635 0.0357841 1.79936 -0.0299467 0.995345 0.0916007 -0.405336 -0.033166 -0.0925808 0.995153 -4.91248 0 0 0 1 
27844314100008;0.519074;0.412035;0.999808 0.018121 0.0074747 1.10978 -0.0183784 0.999185 0.0359433 -0.371426 -0.00681728 -0.0360738 0.999326 -1.65875 0 0 0 1 
27844314100009;0.482706;0.446845;0.992975 -0.0220617 0.116249 -1.20689 0.027428 0.998621 -0.0447655 0.425862 -0.115101 0.0476395 0.992211 0.0081392 0 0 0 1 
27844314100010;0.848926;0.0637119;0.998857 0.0326514 -0.0349009 1.98815 -0.0261551 0.984641 0.172623 -0.927666 0.0400013 -0.171513 0.984369 -11.2612 0 0 0 1 
27844314100011;0.370547;0.29611;0.98176 0.00289525 -0.190101 -1.01102 -0.0141915 0.998211 -0.0580881 -0.656431 0.189593 0.0597264 0.980045 8.36397 0 0 0 1 
27844314100012;1.02719;0.368271;0.991842 0.0138006 -0.126725 0.0471 -0.018875 0.999064 -0.0389293 -0.502645 0.126069 0.0410036 0.991174 7.55677 0 0 0 1 
27844314100013;0.818365;0.73565;0.998866 0.0238566 -0.0412068 1.35871 -0.0195669 0.994639 0.101536 -0.440832 0.0434082 -0.100615 0.993978 -5.76344 0 0 0 1 
27844314100014;0.722224;0.258098;0.99837 0.00267495 -0.0570072 0.0241666 -0.00231023 0.999976 0.0064627 -0.0479663 0.0570232 -0.00632047 0.998353 -0.860603 0 0 0 1 
27844314100015;1.11358;0.569207;0.999517 -0.00360447 -0.030875 -0.025748 0.00285876 0.999704 -0.0241627 -0.245589 0.030953 0.0240627 0.999231 -0.353727 0 0 0 1 
27844314100016;0.370882;0.126663;0.992211 -0.0227796 0.122471 -1.28375 0.0717498 0.908188 -0.412366 -4.70148 -0.101833 0.417941 0.902749 21.8389 0 0 0 1 
27844314100017;0.341055;0.229664;0.995364 -0.00798307 -0.0958482 -1.05099 0.0118124 0.999152 0.0394516 0.55061 0.0954519 -0.0404009 0.994614 -0.0575077 0 0 0 1 
27844314100018;0.853373;0.25451;0.999547 0.0104134 0.0282499 0.760079 -0.010469 0.999944 0.00182235 -0.148982 -0.0282293 -0.00211727 0.999599 -2.93785 0 0 0 1 
27844314100019;0.871961;0.086717;0.999942 0.00952384 0.00496674 0.751019 -0.00939233 0.999621 -0.0258611 -0.263705 -0.00521116 0.0258129 0.999653 -0.965825 0 0 0 1 
27844314100020;0.613803;0.634013;0.996358 0.0184097 -0.0832518 0.660456 0.0014246 0.972681 0.232141 -0.58401 0.0852511 -0.231414 0.969113 -12.0149 0 0 0 1 
27844314100021;0.300355;0.0702511;0.948265 -0.0323005 -0.315831 -4.25221 0.0127295 0.997879 -0.0638351 -0.130498 0.317223 0.0565122 0.946666 10.7812 0 0 0 1 
27844314100022;0.628187;0.0744761;0.999925 0.0100709 0.0070026 0.749784 -0.00991242 0.999702 -0.0223063 -0.284078 -0.00722516 0.0222353 0.999727 -0.57847 0 0 0 1 
27844314100023;0.278091;0.087406;0.996368 0.0116156 0.084352 0.894389 -0.00793684 0.999008 -0.043817 -0.400846 -0.0847772 0.0429884 0.995472 -0.21673 0 0 0 1 
27844314100024;0.416131;0.274255;0.968797 0.00266115 -0.24784 -1.29049 -0.0120991 0.999258 -0.0365656 -0.300345 0.247559 0.0384233 0.968111 7.24061 0 0 0 1 
27844314100025;0.365706;0.321809;0.991815 -0.0161192 -0.126663 -1.57358 0.0160464 0.99987 -0.00159446 0.438286 0.126672 -0.000451082 0.991945 2.50446 0 0 0 1 
27844314100026;0.38807;0.146613;0.98319 -0.0135945 0.182078 -0.750188 0.00455951 0.998741 0.0499488 0.0792564 -0.182527 -0.048279 0.982015 -7.9585 0 0 0 1 
27844314100027;0.827287;0.717168;0.980578 -0.030617 -0.193726 -2.80482 0.00510883 0.991393 -0.130823 -0.952505 0.196064 0.127293 0.972294 11.6233 0 0 0 1 
27844314100028;0.216847;0.138562;0.993474 -0.0222556 0.111866 -1.22858 0.0362494 0.991537 -0.124663 0.0654693 -0.108145 0.127905 0.985873 4.92608 0 0 0 1 
27844314100029;0.528223;0.387926;0.996622 0.0103554 0.0814683 0.918358 -0.00889916 0.999794 -0.0182178 -0.241157 -0.0816402 0.0174313 0.996509 -1.62326 0 0 0 1 
27844314100031;1.32944;0.565661;0.998835 -0.0460531 -0.0144021 0.0808957 0.0460125 0.998936 -0.00313741 0.113805 0.0145313 0.00247108 0.999891 2.61267 0 0 0 1 
27844314100032;1.35252;0.921547;0.949305 0.033359 -0.312581 -1.1803 0.06156 0.955373 0.288916 1.73689 0.308269 -0.293512 0.904887 6.17032 0 0 0 1 
27844314100033;0.908498;0.400031;0.974381 0.00525802 -0.224844 -0.596411 0.0472328 0.972647 0.227433 0.808711 0.219889 -0.232227 0.947481 4.96048 0 0 0 1 
27844314100034;0.315932;0.280493;0.999693 0.0242342 0.00516143 -0.0900095 -0.0243144 0.999575 0.0160843 -0.333965 -0.00476944 -0.0162048 0.999857 -0.157997 0 0 0 1 
27844314100035;0.38412;0.164087;0.999555 -0.00478853 -0.029453 0.0551338 0.00341663 0.998915 -0.0464544 -0.133308 0.0296435 0.0463331 0.998486 -0.479029 0 0 0 1 
27844314100036;0.255516;0.149612;0.996852 0.027311 0.0744277 -0.0650482 -0.0396143 0.984783 0.169214 -0.102879 -0.0686737 -0.17163 0.982765 -0.123209 0 0 0 1 
27844314100037;0.704806;0.3984;0.999275 -0.0317358 0.0210215 0.234677 0.0344504 0.988868 -0.144755 -0.192162 -0.0161936 0.145374 0.989244 0.152343 0 0 0 1 
27844314100038;1.02577;0.603542;0.996198 0.0281152 0.0824591 -0.0188342 -0.0252854 0.999062 -0.0351643 0.0300136 -0.0833704 0.0329456 0.995974 0.658847 0 0 0 1 
27844314100039;0.646323;0.21076;0.998014 -0.0221643 0.0589621 -0.0561283 0.0339669 0.977661 -0.207426 -0.102396 -0.0530475 0.209017 0.976472 0.123433 0 0 0 1 
27844314100040;0.526776;0.500165;0.957544 -0.00760565 0.288188 0.101798 0.0161736 0.999495 -0.0273608 -0.349769 -0.287834 0.0308602 0.957183 -4.00565 0 0 0 1 
27844314100041;0.240913;0.196603;0.986831 -0.0311463 -0.158731 -0.217854 0.0217786 0.997936 -0.060418 -0.0432881 0.160285 0.0561654 0.985472 1.86069 0 0 0 1 
27844314100042;1.10623;0.624279;0.99946 -0.0247993 -0.0215787 0.245051 0.02583 0.998471 0.048876 -0.408096 0.0203336 -0.049407 0.998572 -0.923088 0 0 0 1 
27844314100043;0.537176;0.394623;0.950643 0.0326182 0.308568 -0.411679 -0.118232 0.957515 0.263034 -1.2226 -0.286879 -0.286534 0.914111 -3.39961 0 0 0 1 
27844314100044;0.682374;0.35772;0.990515 -0.0191683 0.136064 0.318397 0.0379146 0.989907 -0.136555 -0.107389 -0.132073 0.140419 0.981244 -1.13466 0 0 0 1 
27844314100045;0.577329;0.3351;0.996527 -0.0220282 -0.0803085 -0.0349373 0.0181859 0.998669 -0.048266 0.30689 0.0812648 0.0466379 0.995601 -0.0431343 0 0 0 1 
27844314100046;0.842689;0.460931;0.97824 0.0306814 -0.205194 -0.795618 -0.00162806 0.99011 0.140283 -0.454139 0.207469 -0.136897 0.968616 3.48017 0 0 0 1 
27844314100047;0.331521;0.313264;0.999722 0.0107032 0.0210155 -0.0688222 -0.0101338 0.999584 -0.0270136 -0.0658506 -0.0212959 0.0267931 0.999414 -0.252164 0 0 0 1 
27844314100048;0.326512;0.224772;0.999694 -0.00679275 0.0237665 0.149334 0.00820385 0.998177 -0.0597888 -0.0115131 -0.023317 0.0599655 0.997928 -0.063856 0 0 0 1 
27844314100049;0.286094;0.154268;0.986781 0.0175971 -0.161098 -0.345925 -0.0116275 0.999213 0.0379235 -0.126445 0.161639 -0.035549 0.986209 1.63536 0 0 0 1 
27844314100050;1.23172;0.784849;0.999666 0.014107 -0.0216469 -0.16226 -0.0136673 0.9997 0.0203279 0.353149 0.0219272 -0.0200252 0.999559 1.84672 0 0 0 1 
27844314100051;0.428034;0.17624;0.999726 -0.00267975 -0.0232519 -0.0550721 0.00228685 0.999854 -0.0169076 -0.0411822 0.0232938 0.0168498 0.999587 1.11288 0 0 0 1 
27844314100052;1.33827;0.7541;0.998705 -0.0396696 -0.0318678 0.414877 0.0431757 0.992056 0.118155 -0.234886 0.0269275 -0.119378 0.992484 -1.03916 0 0 0 1 
27844314100053;1.32669;0.401708;0.970308 0.00194092 0.241866 0.231048 -0.0396067 0.987745 0.150966 -1.23617 -0.238609 -0.156063 0.958494 -0.259766 0 0 0 1 
27844314100054;0.560805;0.186432;0.990591 -0.00164422 0.136847 0.0509248 -0.00537058 0.998691 0.0508752 -0.323038 -0.136751 -0.0511315 0.989285 -0.430047 0 0 0 1 
27844314100055;0.956315;0.779012;0.999135 -0.00765756 0.0408793 0.00105662 0.0100321 0.998255 -0.0582004 0.355111 -0.0403623 0.0585602 0.997468 0.282176 0 0 0 1 
27844314100056;1.36899;0.8596;0.997615 -0.030122 0.0620976 0.288001 0.0380809 0.990617 -0.131257 -0.447118 -0.0575612 0.133309 0.989402 -0.0389586 0 0 0 1 
27844314100057;0.0905846;0.0720683;0.990772 -0.00434086 0.135471 0.0732241 0.00527086 0.999965 -0.00650697 -0.0691607 -0.135438 0.00716097 0.99076 -1.64678 0 0 0 1 
27844314100058;0.707405;0.171773;0.999617 0.02491 0.0120584 0.0717882 -0.024874 0.999686 -0.00312705 -0.0332996 -0.0121325 0.00282591 0.999922 -1.49637 0 0 0 1 
27844314100059;0.65531;0.468221;0.892981 -0.0119922 0.449935 -0.454158 -0.045592 0.992093 0.116928 -0.637438 -0.44778 -0.124928 0.885373 -6.19157 0 0 0 1 
27844314100060;1.27536;0.367202;0.981466 0.0236755 0.190169 -0.0440108 -0.0123034 0.998077 -0.06076 -0.940482 -0.191242 0.0572941 0.979869 -4.85524 0 0 0 1 
27844314100062;0.6633;0.445697;0.999869 -0.01514 -0.00571509 -0.498742 0.0149224 0.999227 -0.0363704 0.184569 0.00626132 0.0362803 0.999322 0.626407 0 0 0 1 
27844314100063;1.6099;0.11758;0.994423 0.00898357 -0.105085 0.317397 -0.0102391 0.999882 -0.0114141 -0.0976815 0.10497 0.0124264 0.994398 -0.394565 0 0 0 1 
27844314100064;1.94982;1.73587;0.99861 0.00279114 0.0526312 0.187391 -0.000285286 0.998868 -0.047559 0.0928522 -0.0527044 0.0474779 0.997481 1.3984 0 0 0 1 
27844314100065;1.77485;0.930498;0.9882 0.0312328 0.149952 1.29157 -0.0876946 0.918024 0.386706 -2.85366 -0.125582 -0.395293 0.90993 -15.9145 0 0 0 1 
27844314100066;1.08018;0.492333;0.996879 0.0309037 0.0726396 1.31203 -0.0348037 0.997985 0.0530524 -0.492113 -0.0708537 -0.055415 0.995946 -3.89281 0 0 0 1 
27844314100067;1.0783;0.470495;0.999525 -0.0125819 0.0281358 -0.460862 0.0122299 0.999845 0.0126502 0.334594 -0.0282906 -0.0123001 0.999524 0.466796 0 0 0 1 
27844314100068;0.329721;0.291173;0.999842 0.0156764 0.00841082 0.514457 -0.015884 0.999556 0.0252169 -0.0933501 -0.00801178 -0.0253465 0.999647 -1.02983 0 0 0 1 
27844314100069;0.992581;0.847503;0.918604 -0.0199119 0.394677 -0.308648 0.0479711 0.996963 -0.0613541 0.399632 -0.392257 0.0752932 0.916769 -3.95431 0 0 0 1 
27844314100070;1.68809;1.09784;0.999748 0.0129171 -0.0183457 0.2609 -0.0124022 0.999533 0.0279119 -0.172338 0.0186977 -0.0276773 0.999442 1.11575 0 0 0 1 
27844314100071;2.20263;1.32317;0.986798 0.0385103 -0.157311 0.668703 0.00163393 0.968902 0.24744 -0.093753 0.161948 -0.24443 0.956047 -7.94332 0 0 0 1 
27844314100072;0.844195;0.22873;0.919592 -0.0172104 -0.392498 -2.86436 -0.0333022 0.99203 -0.121524 -1.1479 0.391461 0.124823 0.911689 9.92142 0 0 0 1 
27844314100073;1.02691;0.602033;0.999372 0.00941168 0.0341759 0.237388 -0.0148379 0.98665 0.162177 0.339543 -0.0321933 -0.162582 0.98617 -4.27065 0 0 0 1 
27844314100074;0.384882;0.48211;0.998592 -0.00376871 0.052911 0.0410625 -0.00501535 0.986296 0.164906 0.453937 -0.0528074 -0.16494 0.984889 -5.9585 0 0 0 1 
27844314100075;1.31596;0.62218;0.997986 0.00969382 -0.0626917 0.386479 -0.0114217 0.999563 -0.0272615 -0.221602 0.0624001 0.0279227 0.997661 0.0919547 0 0 0 1 
27844314100076;1.20785;1.18092;0.999962 -0.00462655 0.0073876 -0.19442 0.00451003 0.999866 0.0157118 0.185558 -0.0074593 -0.0156778 0.999849 -0.581477 0 0 0 1 
27844314100077;1.66098;0.442195;0.99791 0.0322136 -0.0560216 1.08399 -0.0275472 0.996238 0.0821621 -0.429602 0.0584576 -0.0804471 0.995043 -3.81741 0 0 0 1 
27844314100078;1.89852;1.54723;0.999982 -0.00445196 -0.00407176 -0.142289 0.00444295 0.999988 -0.00222016 0.322305 0.00408159 0.00220203 0.999989 -0.888551 0 0 0 1 
27844314100079;1.7021;1.41036;0.996262 0.00901142 0.0859128 0.730639 -0.0183885 0.993873 0.10899 -0.156166 -0.0844042 -0.110162 0.990323 -3.78737 0 0 0 1 
27844314100080;1.10438;0.689597;0.97313 -0.0180243 0.22955 -0.0546247 8.12309e-05 0.996958 0.0779371 0.282466 -0.230257 -0.0758243 0.970171 -6.77715 0 0 0 1 
27844314100081;0.430079;0.369605;0.999885 -0.014891 -0.00295782 -0.546557 0.0148507 0.999802 -0.0132374 0.265408 0.00315435 0.0131919 0.999908 0.459026 0 0 0 1 
27844314100082;1.95213;1.42183;0.999526 0.0156361 0.0265056 0.312371 -0.0238464 0.937956 0.345933 -0.207983 -0.019452 -0.346401 0.937885 -9.51665 0 0 0 1 
27844314100083;0.583263;0.250607;0.965781 0.00521046 0.259307 0.296495 -0.0258733 0.996746 0.0763359 -0.0820667 -0.258066 -0.0804329 0.962773 -6.66945 0 0 0 1 
27844314100084;0.503644;0.473379;0.991437 -0.00551947 0.130472 -0.00887294 -0.0276476 0.967586 0.251023 -0.518246 -0.127628 -0.252481 0.959148 -9.87617 0 0 0 1 
27844314100085;0.720603;0.437009;0.997176 0.0345253 0.0666997 1.29683 -0.0496409 0.969416 0.24035 -1.02859 -0.0563616 -0.242982 0.968392 -8.9215 0 0 0 1 
27844314100086;1.70425;1.34231;0.996122 0.0529308 -0.0702794 1.30776 -0.0277802 0.947147 0.319593 -0.958243 0.0834813 -0.316402 0.944945 -9.59076 0 0 0 1 
27844314100087;1.08193;0.881217;0.977254 -0.0350969 -0.20915 -1.8225 0.00709862 0.991072 -0.133141 -0.415899 0.211955 0.128628 0.968778 5.96762 0 0 0 1 
27844314100088;1.41218;0.808847;0.998117 -0.0192574 0.0582386 -0.622692 0.0245063 0.995567 -0.090801 0.0654817 -0.0562319 0.0920573 0.994165 3.55889 0 0 0 1 
27844314100089;0.394008;0.329635;0.998531 0.00998161 -0.0532636 0.0575593 -0.0106988 0.999856 -0.0131976 -0.114236 0.0531242 0.0137481 0.998493 1.10508 0 0 0 1 
27844314100090;1.35838;0.637644;0.990692 -0.0300132 -0.132771 -1.00184 -0.00600736 0.964799 -0.262919 -1.46083 0.135989 0.26127 0.955639 8.41079 0 0 0 1 
27844314100091;1.04859;1.01522;0.999349 -0.004697 -0.0357803 -0.336915 0.00719351 0.997523 0.0699675 0.260389 0.035363 -0.0701793 0.996907 -1.77009 0 0 0 1 
27844314100093;0.967031;0.348837;0.994514 -0.0518241 -0.0908604 -5.13101 0.0389415 0.989635 -0.138224 -0.287043 0.097082 0.133928 0.986224 17.2817 0 0 0 1 
27844314100094;1.92323;0.182308;0.972528 0.0466569 -0.228061 2.27844 -0.00109619 0.980615 0.19594 -0.464851 0.232782 -0.190308 0.953727 -8.20612 0 0 0 1 
27844314100095;0.873202;0.724078;0.99287 -0.0148072 0.118277 -0.454211 -0.025495 0.942914 0.332059 -4.7965 -0.116442 -0.332707 0.935814 -35.7947 0 0 0 1 
27844314100096;0.430323;0.735916;0.989844 0.00762669 -0.141956 0.299271 -0.00693882 0.999962 0.00534001 -0.237302 0.141991 -0.00430077 0.989859 4.50842 0 0 0 1 
27844314100097;1.73872;0.817287;0.999886 -0.0150658 0.000564468 -0.99343 0.015059 0.99983 0.0106013 0.992801 -0.00072409 -0.0105916 0.999944 0.340976 0 0 0 1 
27844314100098;0.721991;0.509207;0.999919 0.0113602 0.0057266 1.44889 -0.0120706 0.989358 0.145001 -0.913694 -0.00401842 -0.145058 0.989415 -13.4095 0 0 0 1 
27844314100099;0.836004;0.897329;0.99872 -0.0320906 -0.0391038 -3.16455 0.0342586 0.997838 0.0560945 1.25394 0.0372191 -0.0573623 0.997659 -4.41424 0 0 0 1 
27844314100100;2.4061;0.249257;0.999676 -0.0228005 -0.0112722 -1.97453 0.0250077 0.961961 0.272039 -0.741727 0.00464083 -0.272233 0.96222 -23.5461 0 0 0 1 
27844314100101;0.366989;0.518931;0.999758 0.00297855 -0.0217847 0.570785 0.00595078 0.91715 0.398497 -6.21296 0.0211668 -0.39853 0.916911 -38.1557 0 0 0 1 
27844314100102;1.52564;1.31293;0.97422 -0.0510918 0.219738 -4.834 0.102315 0.96815 -0.228512 -0.877844 -0.201065 0.245103 0.948418 16.7881 0 0 0 1 
27844314100103;2.09748;0.472944;0.999918 0.00281643 -0.0124976 1.13104 -0.00278896 0.999994 0.00221493 -0.170424 0.0125038 -0.0021799 0.999919 -2.11171 0 0 0 1 
27844314100104;0.507469;0.446182;0.999786 0.0192383 -0.00763377 2.24659 -0.0191419 0.999739 0.0125008 -0.661691 0.00787227 -0.012352 0.999893 -1.43095 0 0 0 1 
27844314100105;1.7041;1.99359;0.99892 -0.0382308 0.0263933 -3.22091 0.04199 0.986081 -0.160874 -0.453434 -0.0198757 0.161809 0.986622 14.7778 0 0 0 1 
27844314100106;0.621555;0.317227;0.975325 0.0189012 -0.219964 0.634761 0.00158698 0.995703 0.092596 -0.120377 0.220769 -0.0906602 0.971103 -1.45792 0 0 0 1 
27844314100107;0.153647;0.324041;0.998828 -0.0476616 -0.00844004 -4.43192 0.0476277 0.998856 -0.00417807 1.60999 0.00862953 0.00377119 0.999956 0.693145 0 0 0 1 
27844314100108;1.53872;0.661656;0.999511 -0.00518542 -0.0308457 -0.0562111 0.000972915 0.990839 -0.135042 -1.09065 0.0312634 0.134946 0.99036 15.4699 0 0 0 1 
27844314100109;1.60611;0.978724;0.999178 -0.0184048 -0.0361228 -1.85299 0.0207302 0.997664 0.0650922 0.467608 0.0348404 -0.0657875 0.997225 -6.59219 0 0 0 1 
27844314100110;2.36031;1.04388;0.999956 0.00900496 -0.00265272 1.93753 -0.00921487 0.995508 -0.0942261 -1.58996 0.0017923 0.0942464 0.995547 11.2526 0 0 0 1 
27844314100111;0.227132;0.227312;0.967631 0.0476468 -0.24783 2.73961 0.00020061 0.98187 0.189554 -0.878461 0.252368 -0.183468 0.950079 -9.06998 0 0 0 1 
27844314100112;2.20462;2.10939;0.998665 -0.048281 -0.0183522 -4.50801 0.0403835 0.951381 -0.305359 -4.12669 0.032203 0.30421 0.95206 29.4294 0 0 0 1 
27844314100113;2.4063;0.207411;0.9948 -0.0604021 0.0820028 -5.46427 0.0729686 0.984399 -0.160109 0.0583448 -0.0710526 0.16526 0.983687 16.4423 0 0 0 1 
27844314100114;0.335195;0.307472;0.980557 -0.0457802 0.190818 -4.18806 0.0627931 0.994478 -0.0840847 1.38243 -0.185915 0.0944319 0.978018 2.39142 0 0 0 1 
27844314100115;1.83608;1.23596;0.999997 -0.00235036 0.00021009 0.42535 0.00234634 0.999845 0.0174455 0.380485 -0.00025106 -0.017445 0.999848 -1.35038 0 0 0 1 
27844314100116;1.89876;1.51975;0.978071 -0.0316587 0.205852 -2.63059 0.013579 0.99597 0.0886553 0.820944 -0.207829 -0.0839159 0.974559 -14.0751 0 0 0 1 
27844314100117;2.29451;0.443296;0.991396 0.0499966 -0.120974 4.10933 -0.0179721 0.967421 0.252536 -1.94197 0.129659 -0.248189 0.959995 -17.0741 0 0 0 1 
27844314100118;2.1601;2.10305;0.999931 0.00182791 0.0116088 0.612816 -0.00155309 0.999719 -0.0236377 0.295988 -0.0116487 0.0236181 0.999653 2.27271 0 0 0 1 
27844314100119;1.47956;0.498179;0.999984 0.00376335 -0.00422834 1.2485 -0.00357657 0.999054 0.0433439 -0.152508 0.00438746 -0.043328 0.999051 -5.25147 0 0 0 1 
27844314100120;0.852594;0.602164;0.978239 -0.043465 -0.202879 -5.31988 -0.000900102 0.976913 -0.213635 -3.24278 0.207481 0.209169 0.955615 28.3583 0 0 0 1 
27844314100121;1.87824;0.840394;0.998212 -0.0108923 0.0587732 -0.212321 0.00984087 0.999787 0.0181497 0.32185 -0.0589584 -0.0175389 0.998106 -5.82291 0 0 0 1 
27844314100122;1.73464;0.227217;0.969418 -0.0168408 -0.244839 -1.90597 0.0143406 0.999825 -0.011991 1.0536 0.244998 0.00811312 0.96949 8.47553 0 0 0 1 
27844314100124;0.405551;0.290996;0.997627 -0.0498066 -0.0475343 -4.40959 0.0546368 0.99282 0.10641 1.48351 0.0418931 -0.108755 0.993185 -7.80052 0 0 0 1 
27844314100125;0.438401;0.281884;0.908199 -0.0914007 0.408437 -10.3786 0.138832 0.986401 -0.0879684 2.88684 -0.394842 0.136597 0.908538 -2.00264 0 0 0 1 
27844314100126;1.24567;0.193572;0.978654 -0.199746 -0.0483611 -19.7208 0.195956 0.97786 -0.0734247 2.65968 0.0619566 0.0623807 0.996128 6.96831 0 0 0 1 
27844314100127;1.48846;0.716084;0.999135 0.0274523 -0.031236 1.60911 -0.0254659 0.997732 0.0623063 -1.62585 0.0328756 -0.0614569 0.997568 -1.81094 0 0 0 1 
27844314100128;1.19785;0.239384;0.996602 -0.0138695 -0.0811962 -1.8364 0.00928851 0.998358 -0.0565271 0.0223343 0.0818468 0.0555808 0.995094 5.86622 0 0 0 1 
27844314100129;1.23822;0.253855;0.991644 0.128858 0.00622226 9.34354 -0.12815 0.989453 -0.067529 -6.66791 -0.0148583 0.0661673 0.997698 6.56084 0 0 0 1 
27844314100130;0.532996;0.384775;0.981726 0.00688446 -0.190175 -0.656069 -0.0469292 0.97724 -0.206882 -4.3407 0.184422 0.212026 0.959705 24.6348 0 0 0 1 
27844314100131;0.768744;0.233308;0.985252 0.169455 -0.0237309 14.225 -0.160846 0.964519 0.209362 -8.77463 0.0583663 -0.202457 0.97755 -14.7814 0 0 0 1 
27844314100132;0.304449;0.185626;0.989942 0.0505717 -0.132125 3.32855 -0.0252854 0.982136 0.186468 -2.16282 0.139195 -0.181252 0.973536 -11.4744 0 0 0 1 
27844314100133;0.242712;0.241825;0.971279 -0.101383 -0.215262 -11.0184 0.0256371 0.944007 -0.328929 -5.6057 0.236556 0.313963 0.919493 35.9481 0 0 0 1 
27844314100134;1.30166;0.328232;0.972332 0.0340755 0.231105 2.62197 -0.031527 0.999395 -0.0147126 -1.42395 -0.231466 0.00701948 0.972818 -9.46101 0 0 0 1 
27844314100135;0.261851;0.313142;0.993949 -0.0943578 0.0562248 -8.38872 0.0922161 0.994953 0.039546 2.74394 -0.0596725 -0.0341219 0.997635 -4.87688 0 0 0 1 
27844314100136;1.42144;0.20612;0.992041 0.125718 0.00705132 10.577 -0.124434 0.987392 -0.0978462 -7.50602 -0.0192635 0.09619 0.995177 9.63943 0 0 0 1 
27844314100137;1.20547;0.52229;0.952813 -0.2755 0.127465 -26.8532 0.30171 0.905745 -0.297654 -0.932545 -0.0334472 0.322066 0.946126 28.6975 0 0 0 1 
27844314100138;0.244336;0.209052;0.99381 0.0243266 -0.1084 1.41932 -0.0440614 0.982018 -0.183573 -4.01373 0.101985 0.187213 0.977011 19.8458 0 0 0 1 
27844314100139;1.59431;0.194669;0.998891 -0.0470759 -0.00126371 -3.36663 0.0470855 0.99885 0.00908036 -0.706464 0.000834787 -0.00912978 0.999958 -1.78571 0 0 0 1 
27844314100140;0.22734;0.321208;0.996223 -0.0857932 0.0134109 -7.80842 0.0860201 0.996142 -0.0173688 2.42022 -0.011869 0.0184568 0.999759 1.36962 0 0 0 1 
27844314100141;0.358346;0.451897;0.954997 -0.202146 -0.217068 -20.5296 0.15904 0.966691 -0.200535 1.48212 0.250375 0.156988 0.955336 22.3014 0 0 0 1 
27844314100142;0.117962;0.295368;0.995256 0.0960486 0.0154897 8.24711 -0.0951394 0.994133 -0.0514555 -4.43774 -0.020341 0.0497377 0.998555 3.85179 0 0 0 1 
27844314100143;1.8568;1.67607;0.999957 -0.000983396 0.00923237 0.106853 0.00202621 0.993521 -0.113632 -1.46345 -0.00906081 0.113646 0.99348 9.87771 0 0 0 1 
27844314100144;0.573265;0.388424;0.987076 -0.000958364 -0.160247 -1.84205 0.00443911 0.999762 0.0213646 0.345999 0.160188 -0.0217998 0.986846 3.62476 0 0 0 1 
27844314100145;0.564902;1.00798;0.966119 -0.245986 -0.0781377 -23.987 0.23459 0.963151 -0.131556 3.29377 0.107619 0.108769 0.988224 13.5379 0 0 0 1 
27844314100146;0.457208;0.223092;0.99968 0.0181541 0.0176141 1.38548 -0.0187246 0.999287 0.0327867 -0.933078 -0.0170064 -0.033106 0.999307 -2.55291 0 0 0 1 
27844314100147;0.839697;0.243939;0.994407 -0.0417813 -0.0969961 -5.27678 0.0524739 0.992496 0.110444 1.44131 0.0916538 -0.114916 0.989138 -8.00936 0 0 0 1 
27844314100148;1.27087;0.175178;0.999379 -0.0025154 0.0351385 -1.78571 0.00828021 0.986276 -0.164896 -3.22455 -0.0342415 0.165084 0.985685 13.5276 0 0 0 1 
27844314100149;0.814525;0.550548;0.993577 -0.00426628 0.113073 -0.810951 0.0602985 0.865546 -0.497186 -11.6618 -0.0957492 0.500811 0.860244 41.2497 0 0 0 1 
27844314100150;1.30625;0.889623;0.997468 -0.00890188 0.0705525 -0.926507 0.0301522 0.951477 -0.306239 -4.74602 -0.064403 0.307591 0.949337 24.068 0 0 0 1 
27844314100151;1.21483;1.1414;0.987977 -0.0596091 0.142645 -5.43738 0.0623673 0.997941 -0.0149404 1.6799 -0.141461 0.0236572 0.989661 -1.47966 0 0 0 1 
27844314100152;0.850848;1.02875;0.980646 -0.0121396 0.195414 -1.51631 0.0638936 0.963277 -0.260795 -2.39122 -0.185072 0.268234 0.945409 16.9803 0 0 0 1 
27844314100153;1.33869;0.173841;0.986755 0.138698 0.0841238 10.0722 -0.140531 0.989943 0.0162472 -6.9416 -0.0810243 -0.0278539 0.996323 -5.74895 0 0 0 1 
27844314100155;1.31103;1.37058;0.994761 -0.0942797 -0.0395208 -4.69697 0.084401 0.975564 -0.202858 0.138847 0.0576804 0.198459 0.97841 10.4402 0 0 0 1 
27844314100156;0.173499;0.2725;0.999573 -0.0192177 -0.0219952 -1.3258 0.0196 0.999658 0.017299 0.704629 0.0216552 -0.0177227 0.999608 -0.474277 0 0 0 1 
27844314100157;1.77732;0.337222;0.986901 0.136835 -0.0854548 5.16626 -0.128407 0.986929 0.0973807 -1.68138 0.097663 -0.0851321 0.991572 -3.20291 0 0 0 1 
27844314100158;2.31932;0.304636;0.975017 0.0697022 -0.210911 0.669716 0.034339 0.890782 0.453132 -0.527927 0.21946 -0.449053 0.866134 -14.9201 0 0 0 1 
27844314100159;1.17995;0.278378;0.996024 0.0628385 -0.0631507 2.38838 -0.0579167 0.995351 0.0769566 -1.20798 0.067693 -0.0729931 0.995032 -3.18099 0 0 0 1 
27844314100160;1.94121;0.433093;0.980206 -0.057963 -0.189306 -3.83011 0.0626379 0.997859 0.0188012 2.07369 0.187811 -0.0302868 0.981738 4.70596 0 0 0 1 
27844314100161;0.541664;0.400267;0.990187 0.0522002 -0.129634 1.52383 -0.0670228 0.991361 -0.112748 -2.28109 0.122628 0.12033 0.985131 8.76432 0 0 0 1 
27844314100162;1.51732;0.993482;0.943523 -0.330542 -0.0225112 -17.7859 0.330717 0.94372 0.00443336 6.90765 0.0197788 -0.0116278 0.999737 0.300649 0 0 0 1 
27844314100163;1.36524;1.14816;0.98733 -0.155482 -0.0317057 -8.11087 0.153603 0.986604 -0.0549497 2.80907 0.0398246 0.0493833 0.997986 2.50365 0 0 0 1 
27844314100164;0.587208;0.381318;0.976464 -0.215437 -0.0102804 -10.9471 0.215631 0.97409 0.0682111 4.41954 -0.00468115 -0.0688225 0.997618 -2.84987 0 0 0 1 
27844314100165;1.53313;0.403551;0.99933 0.036514 -0.002507 1.88491 -0.0364467 0.99907 0.023029 -1.7787 0.00334555 -0.0229222 0.999732 0.0662803 0 0 0 1 
27844314100166;0.330265;0.333131;0.967455 -0.251611 -0.0268825 -12.6794 0.248306 0.964432 -0.0906419 3.76776 0.0487328 0.0810169 0.995521 4.97996 0 0 0 1 
27844314100167;0.903395;0.353053;0.989133 -0.126492 0.0749396 -5.7675 0.137474 0.976429 -0.166393 0.970191 -0.0521258 0.174887 0.983208 6.15912 0 0 0 1 
27844314100168;2.432;0.33232;0.994967 -0.0409182 0.0914702 -1.83073 0.0386976 0.998915 0.0259207 0.339724 -0.0924316 -0.0222505 0.99547 -0.560583 0 0 0 1 
27844314100169;1.16953;0.753345;0.941043 0.0479212 0.334875 2.5872 0.0615107 0.949174 -0.308682 -2.53667 -0.332647 0.311081 0.890266 6.7807 0 0 0 1 
27844314100170;0.524881;0.324228;0.981963 -0.0455978 -0.183491 -3.28383 0.0671611 0.991314 0.113073 1.30811 0.176741 -0.123357 0.976497 -1.82348 0 0 0 1 
27844314100171;2.35705;0.336821;0.958946 0.129608 0.252239 5.23059 -0.0880136 0.98155 -0.169747 -2.72791 -0.269585 0.140578 0.95266 -2.13882 0 0 0 1 
27844314100172;0.422262;0.249512;0.997341 0.0144518 -0.071423 -0.201233 -0.00977619 0.997812 0.0653843 0.428039 0.0722116 -0.0645122 0.995301 -1.43539 0 0 0 1 
27844314100173;0.404553;0.312441;0.993159 -0.0934045 -0.0700767 -5.02435 0.10125 0.987798 0.118334 2.00063 0.0581687 -0.12462 0.990498 -4.38748 0 0 0 1 
27844314100174;0.99992;1.34673;0.975256 0.220886 -0.00922076 7.63244 -0.220374 0.974629 0.0391548 -5.59326 0.0176356 -0.0361539 0.999191 -1.90955 0 0 0 1 
27844314100175;0.837078;0.377559;0.999187 0.038473 -0.0120636 1.26438 -0.0381613 0.998957 0.0250839 0.150308 0.013016 -0.0246032 0.999613 -1.14259 0 0 0 1 
27844314100176;0.793248;0.61909;0.995525 0.0452934 -0.0829321 1.35264 -0.0698372 0.943875 -0.322834 -5.56705 0.0636554 0.327181 0.942815 17.1218 0 0 0 1 
27844314100177;2.13358;0.284273;0.999935 -0.00621882 -0.0095392 -0.427804 0.00636514 0.999861 0.0153864 0.46826 0.00944219 -0.0154461 0.999836 -2.86908 0 0 0 1 
27844314100178;1.06641;1.42971;0.982603 -0.180741 -0.0427179 -9.25915 0.180347 0.983518 -0.0129253 3.8732 0.0443499 0.00499636 0.999004 0.928465 0 0 0 1 
27844314100179;2.46162;0.265856;0.953786 0.109483 -0.279831 3.27456 -0.148533 0.981312 -0.122331 -3.27618 0.261208 0.158242 0.952224 10.7591 0 0 0 1 
27844314100180;2.13141;0.200105;0.908317 0.291386 0.300091 10.5045 -0.338617 0.933422 0.118582 -10.6844 -0.245558 -0.209326 0.946511 -16.1585 0 0 0 1 
27844314100181;0.683715;0.432348;0.998873 0.0447975 0.015664 1.9909 -0.045462 0.997952 0.0450065 -0.695239 -0.0136157 -0.0456679 0.998864 -1.79469 0 0 0 1 
27844314100182;1.078;0.287003;0.982096 -0.0750942 0.172764 -3.2679 0.0632728 0.995326 0.072951 1.30698 -0.177435 -0.0607136 0.982258 -5.75823 0 0 0 1 
27844314100183;1.04239;0.345665;0.904076 -0.195668 0.379948 -9.53196 0.0862669 0.954286 0.286176 1.53351 -0.418574 -0.225948 0.879627 -19.4718 0 0 0 1 
27844314100184;1.3844;0.333763;0.983729 -0.0335854 0.176493 -1.16383 0.0167508 0.995238 0.0960215 -0.686838 -0.178878 -0.0915027 0.979607 -8.60916 0 0 0 1 
27844314100186;0.793481;0.417374;0.972058 0.112741 -0.205894 6.14852 -0.0646441 0.971767 0.226913 -2.69608 0.225664 -0.207262 0.951902 -6.12828 0 0 0 1 
27844314100187;1.90684;0.418834;0.996852 0.0788521 0.00823065 6.19852 -0.0784676 0.996128 -0.0396344 -2.38432 -0.011324 0.0388638 0.99918 3.78274 0 0 0 1 
27844314100188;0.899725;1.48233;0.899028 0.131629 0.41764 8.69481 -0.129092 0.991034 -0.0344604 -4.64529 -0.418431 -0.022933 0.907959 -16.6593 0 0 0 1 
27844314100189;2.92803;2.75655;0.996124 -0.0372894 -0.0796621 -2.9305 0.0270248 0.99163 -0.12625 -0.709092 0.0837032 0.123607 0.988795 11.4427 0 0 0 1 
27844314100190;2.25734;1.48333;0.986188 0.154292 -0.0602295 11.6666 -0.162561 0.971335 -0.173443 -8.77472 0.0317421 0.180839 0.983 14.3209 0 0 0 1 
27844314100191;2.96618;1.15399;0.985154 -0.0557311 0.162377 -3.11094 0.11502 0.916434 -0.383299 -4.74102 -0.127446 0.396285 0.909239 24.5419 0 0 0 1 
27844314100192;2.51273;0.243525;0.920836 -0.16395 -0.353809 -13.3833 0.117443 0.981795 -0.149287 1.94491 0.371844 0.0959165 0.923327 18.8962 0 0 0 1 
27844314100193;1.47826;1.53514;0.973533 0.21306 -0.0826942 15.3949 -0.210287 0.976779 0.0410129 -7.70448 0.0895122 -0.0225379 0.995731 2.51647 0 0 0 1 
27844314100194;2.31253;1.3879;0.97106 -0.01053 -0.238605 -3.26305 0.0145539 0.99978 0.015109 0.697217 0.238393 -0.0181443 0.970999 8.03222 0 0 0 1 
27844314100195;2.39108;0.527238;0.981137 -0.175027 -0.0820671 -11.4921 0.139748 0.935517 -0.324467 -0.65873 0.133565 0.306878 0.94233 23.2361 0 0 0 1 
27844314100196;0.463067;2.09347;0.987167 0.126499 0.0974625 10.6565 -0.129994 0.99105 0.0303559 -4.37475 -0.0927502 -0.0426359 0.994776 -6.03728 0 0 0 1 
27844314100197;2.03095;1.96391;0.994455 -0.0605397 -0.0859864 -4.54437 0.0486802 0.989801 -0.133882 0.133832 0.0932146 0.128954 0.98726 10.9402 0 0 0 1 
27844314100198;1.85236;0.400521;0.983877 -0.0716956 -0.163846 -5.17392 0.0760797 0.996888 0.0206326 2.33174 0.161857 -0.0327653 0.98627 4.27063 0 0 0 1 
27844314100199;0.504668;0.462638;0.988755 -0.136808 -0.0603951 -9.56019 0.142512 0.984391 0.103271 4.2148 0.0453241 -0.110717 0.992818 -6.48299 0 0 0 1 
27844314100200;2.93423;1.56435;0.997941 -0.0629929 0.0121075 -3.78871 0.0639891 0.990797 -0.119277 1.46915 -0.00448246 0.119807 0.992787 5.33541 0 0 0 1 
27844314100201;1.21539;0.62063;0.988836 0.0150422 0.148249 1.61921 -0.0404872 0.984586 0.170152 -1.99569 -0.143404 -0.174255 0.974203 -17.6879 0 0 0 1 
27844314100202;1.66781;1.50321;0.945132 0.134819 -0.297573 6.88662 -0.103404 0.987498 0.118973 -3.14796 0.309893 -0.0816752 0.947257 6.06244 0 0 0 1 
27844314100203;0.429271;0.634482;0.931051 -0.0861852 0.354565 -6.01357 0.000377202 0.971932 0.23526 -0.88405 -0.364889 -0.218906 0.904951 -27.7652 0 0 0 1 
27844314100204;0.64969;0.838498;0.922579 0.0071996 -0.385741 -3.66529 0.0647987 0.982731 0.173322 1.62449 0.380327 -0.184898 0.906181 -0.651155 0 0 0 1 
27844314100205;2.89316;2.73895;0.995952 0.00113822 -0.0898801 0.204895 -0.00594195 0.998566 -0.0531966 -0.580267 0.0896907 0.0535153 0.994531 5.35349 0 0 0 1 
27844314100206;1.28236;0.649205;0.997187 -0.0369388 0.0652202 -1.70455 0.0494396 0.978155 -0.201911 -1.39723 -0.0563371 0.204568 0.97723 11.8072 0 0 0 1 
27844314100207;1.92404;1.177;0.970216 0.149775 -0.190389 9.26221 -0.132934 0.986226 0.0984188 -4.88513 0.202508 -0.0701784 0.976763 3.5911 0 0 0 1 
27844314100208;1.88311;1.43388;0.917304 0.121613 0.379162 8.64981 -0.0403441 0.975704 -0.215346 -3.53599 -0.396139 0.182241 0.899924 -3.03415 0 0 0 1 
27844314100209;2.33052;1.05882;0.991728 0.126074 0.0240929 9.6535 -0.126153 0.992009 0.00178642 -4.4138 -0.0236751 -0.00481104 0.999708 -3.25327 0 0 0 1 
27844314100210;0.530209;0.454268;0.994154 -0.0401159 0.100243 -2.24169 0.0503426 0.993544 -0.101668 0.671111 -0.0955169 0.10612 0.989755 3.6144 0 0 0 1 
27844314100211;2.44996;1.16336;0.981237 0.183275 -0.0598615 12.5857 -0.185452 0.982097 -0.0330605 -6.58294 0.0527307 0.0435416 0.997659 6.85891 0 0 0 1 
27844314100212;2.84301;1.15278;0.99671 0.0569939 -0.0576267 4.59068 -0.0615612 0.994822 -0.0808632 -1.83191 0.0527197 0.0841447 0.995058 4.95528 0 0 0 1 
27844314100213;1.50297;0.464541;0.998122 0.0502851 0.0349931 4.80148 -0.0429668 0.981756 -0.185226 -4.14945 -0.0436688 0.183375 0.982073 11.2509 0 0 0 1 
27844314100214;0.564234;0.512454;0.986991 -0.0989367 0.126728 -6.21034 0.101634 0.994709 -0.0149844 2.80887 -0.124575 0.0276694 0.991824 -1.87166 0 0 0 1 
27844314100215;0.386204;1.62715;0.988752 0.106145 -0.105366 7.79426 -0.114464 0.990492 -0.0763083 -4.24964 0.0962641 0.0875105 0.991501 9.13609 0 0 0 1 
27844314100217;0.459527;0.814051;0.995866 0.00918565 -0.0903692 0.126872 -0.0106265 0.999824 -0.0154753 -0.630756 0.0902112 0.0163717 0.995788 2.86709 0 0 0 1 
27844314100218;2.20727;0.327147;0.999388 0.023629 -0.0257853 0.56705 -0.0237467 0.999709 -0.00426699 -0.982071 0.025677 0.0048767 0.999658 3.56715 0 0 0 1 
27844314100219;2.19715;0.63422;0.99797 -0.0585561 -0.025027 -1.00066 0.0576464 0.997701 -0.0356438 1.49712 0.0270566 0.0341287 0.999051 4.14224 0 0 0 1 
27844314100220;1.31114;0.249949;0.997606 -0.0156795 -0.0673505 0.660965 0.0139223 0.999552 -0.02648 -0.46181 0.0677355 0.0254789 0.997378 2.39574 0 0 0 1 
27844314100221;1.65894;1.67877;0.999854 0.0119772 0.0121654 0.451651 -0.0123747 0.999374 0.0331456 -0.359062 -0.0117608 -0.0332914 0.999376 -0.47227 0 0 0 1 
27844314100222;1.73745;0.856206;0.978691 0.0478813 -0.199679 0.237576 -0.025932 0.993468 0.111125 -0.850464 0.203695 -0.103579 0.97354 4.95168 0 0 0 1 
27844314100223;2.40198;1.71545;0.998488 0.00566492 -0.0546711 0.413869 -0.00584194 0.999978 -0.00307866 -0.14549 0.0546525 0.00339339 0.9985 3.24183 0 0 0 1 
27844314100224;0.843273;0.852529;0.999476 0.0134873 -0.0294383 0.346735 -0.0109547 0.996358 0.0845584 -0.308573 0.0304716 -0.0841916 0.995984 -0.380064 0 0 0 1 
27844314100225;1.09219;1.34767;0.999934 -0.00991548 0.00579787 0.220453 0.0102497 0.998099 -0.0607769 0.140187 -0.00518421 0.0608323 0.998135 1.01458 0 0 0 1 
27844314100226;2.28577;0.458592;0.943662 0.115809 -0.309983 -0.58398 -0.0444788 0.97265 0.227977 -1.46902 0.327907 -0.201346 0.923004 8.50093 0 0 0 1 
27844314100227;0.739768;1.06631;0.990165 0.0366221 -0.13503 0.540588 -0.0324029 0.99892 0.0333137 -1.00632 0.136104 -0.0286107 0.990281 3.82096 0 0 0 1 
27844314100228;0.965544;0.0734327;0.990593 0.0777742 -0.112591 1.17414 -0.0737248 0.996488 0.0396997 -2.59871 0.115284 -0.0310255 0.992848 3.87493 0 0 0 1 
27844314100229;0.882458;1.16082;0.965656 0.0176558 0.259223 1.38144 0.0279017 0.984873 -0.171019 -0.582266 -0.258321 0.172379 0.950556 -5.66162 0 0 0 1 
27844314100230;0.333053;0.199952;0.951307 0.156865 -0.265345 0.336648 -0.0646534 0.943221 0.325813 -1.804 0.301388 -0.292793 0.907435 3.14812 0 0 0 1 
27844314100231;2.08116;0.180255;0.995574 -0.038419 0.0857684 -0.0836066 0.0403078 0.998979 -0.0203989 0.811204 -0.0848971 0.0237658 0.996106 0.350664 0 0 0 1 
27844314100232;2.3687;1.90016;0.999198 0.0299654 -0.0265492 0.308822 -0.0307781 0.999053 -0.03075 -0.610753 0.0256026 0.0315425 0.999174 0.174728 0 0 0 1 
27844314100233;0.91161;0.722336;0.999666 0.0105372 -0.0236118 0.766753 -0.0100559 0.999741 0.0204141 -0.398716 0.0238208 -0.0201698 0.999513 -0.607371 0 0 0 1 
27844314100234;2.15311;0.745168;0.99766 -0.00502043 0.0681868 0.906789 0.00420766 0.999918 0.0120582 0.468379 -0.0682417 -0.0117431 0.9976 -4.97533 0 0 0 1 
27844314100235;1.5865;1.26864;0.939875 0.0171282 -0.341088 -3.36314 -0.0319802 0.998767 -0.0379677 -1.18288 0.340017 0.046593 0.939264 10.7407 0 0 0 1 
27844314100236;0.801975;0.718712;0.999836 0.00783403 -0.0162988 0.59958 -0.00890174 0.997747 -0.066502 -0.526491 0.0157411 0.0666362 0.997653 1.63685 0 0 0 1 
27844314100237;0.36254;0.212215;0.98846 0.136098 -0.0665223 1.78325 -0.132885 0.989841 0.050557 -4.06409 0.0727272 -0.0411337 0.996503 1.62094 0 0 0 1 
27844314100238;0.509991;0.438953;0.995613 -0.017742 -0.0918703 -0.228906 -0.0168644 0.931752 -0.362703 -3.27931 0.0920354 0.362661 0.927365 8.88907 0 0 0 1 
27844314100239;2.45541;1.58542;0.998922 0.0338537 -0.031759 0.462414 -0.0332313 0.999249 0.0199231 -1.16481 0.0324097 -0.0188462 0.999297 3.0844 0 0 0 1 
27844314100240;0.531694;0.289919;0.997684 -0.0635044 0.0243683 -1.10527 0.062993 0.997789 0.0212116 1.79562 -0.0256615 -0.0196275 0.999478 -0.634424 0 0 0 1 
27844314100241;1.90316;0.682892;0.998917 -0.00666668 0.0460577 1.4261 0.00383695 0.998115 0.0612562 0.500336 -0.0463792 -0.0610131 0.997059 -3.84015 0 0 0 1 
27844314100242;0.857743;0.341288;0.988065 0.0282498 0.151426 1.34159 -0.0326092 0.99912 0.0263831 -0.687898 -0.150547 -0.0310061 0.988117 -4.43701 0 0 0 1 
27844314100243;1.52979;1.79246;0.988579 -0.00743499 -0.150522 -0.721877 0.00110818 0.999114 -0.0420727 -0.0314593 0.150701 0.0414254 0.987711 4.89576 0 0 0 1 
27844314100244;1.45043;0.957165;0.98725 0.0677876 -0.144019 0.208695 -0.0193887 0.94926 0.313893 -0.13178 0.15799 -0.307099 0.938472 0.149759 0 0 0 1 
27844314100245;0.353496;0.609142;0.998657 0.0301713 0.0421117 1.19277 -0.038397 0.976789 0.210734 -0.473913 -0.0347761 -0.212068 0.976636 -4.96967 0 0 0 1 
27844314100246;0.304746;0.191768;0.996844 0.0705617 0.0363768 1.34266 -0.0622486 0.979133 -0.193452 -3.22348 -0.049268 0.190577 0.980435 1.92668 0 0 0 1 
27844314100248;1.91005;1.56132;0.999919 -0.0108592 0.0065921 -0.73203 0.0106343 0.99939 0.0332518 0.658126 -0.00694917 -0.033179 0.999425 -2.30451 0 0 0 1 
27844314100249;1.74539;0.380997;0.918195 0.00844529 0.396038 0.428586 0.0251223 0.996519 -0.0794951 0.477773 -0.395331 0.0829414 0.914787 4.58674 0 0 0 1 
27844314100250;2.4193;1.80316;0.888825 0.0284818 -0.457361 0.984182 -0.0262947 0.999592 0.0111483 -0.571639 0.457492 0.00211731 0.889211 0.670779 0 0 0 1 
27844314100251;0.382775;0.273466;0.997776 0.0350606 0.0566948 2.1332 -0.0430279 0.988341 0.146051 -0.405725 -0.0509131 -0.148165 0.987651 -8.18298 0 0 0 1 
27844314100252;0.517763;0.740731;0.995541 -0.00740076 -0.0940412 -0.259069 -0.0175482 0.964987 -0.26171 -2.3361 0.0926854 0.262194 0.960554 13.7018 0 0 0 1 
27844314100253;0.421961;0.326843;0.995486 0.0190789 0.0929731 1.29454 -0.0117195 0.9968 -0.0790694 -0.580799 -0.0941841 0.0776229 0.992524 3.84592 0 0 0 1 
27844314100254;1.06506;0.368382;0.998106 0.056075 -0.025301 3.2007 -0.0490535 0.973638 0.222763 -1.11033 0.0371255 -0.2211 0.974544 -12.6045 0 0 0 1 
27844314100255;0.41574;0.420721;0.944684 0.0127572 -0.327734 0.306728 -0.0276741 0.99878 -0.0408921 -0.303359 0.326812 0.0476998 0.943885 3.32685 0 0 0 1 
27844314100256;0.221269;0.114325;0.999738 0.0038518 -0.0225568 0.132381 -0.00264399 0.998573 0.0533324 0.140717 0.0227301 -0.0532588 0.998322 -3.04642 0 0 0 1 
27844314100257;0.472366;0.269041;0.995958 0.0535463 0.0721165 3.24542 -0.0776412 0.91692 0.391447 -3.51901 -0.0451646 -0.395463 0.917371 -20.9882 0 0 0 1 
27844314100258;0.965959;0.473254;0.96155 0.0170413 -0.274101 -0.259669 -0.00590187 0.999125 0.0414133 0.118337 0.274567 -0.0382033 0.960809 -1.07099 0 0 0 1 
27844314100259;0.701583;0.686067;0.999522 0.0284555 -0.0121242 1.75993 -0.0286676 0.999432 -0.0176912 -0.219066 0.0116139 0.0180303 0.99977 0.492058 0 0 0 1 
27844314100260;1.49458;1.02853;0.991504 0.0228156 -0.128061 0.507525 0.0138414 0.960402 0.278274 -0.406838 0.129339 -0.277682 0.951926 -13.7502 0 0 0 1 
27844314100261;0.461097;0.196053;0.980827 -0.026323 -0.193095 -1.96061 0.0151567 0.998138 -0.0590791 -0.082888 0.194291 0.0550197 0.9794 3.53831 0 0 0 1 
27844314100262;0.382481;0.476331;0.983079 -0.0103538 -0.182887 -1.32896 0.0248629 0.996704 0.0772205 0.462315 0.181484 -0.080461 0.980097 -4.06449 0 0 0 1 
