#;prob_registration_l1 -r /home/probabilistic_point_clouds_registration/build/tester /home/point_clouds_registration_benchmark/pioneer_slam_local.txt /home/point_clouds_registration_benchmark/pioneer_slam -s 0.1 -t 0.1 -p 0.3 -r 10000 -m 15 -i 40 
id;initial_error;final_error;transformation
1807261650000;0.252801;0.105312;0.99465 0.0595185 0.0844291 -0.285457 -0.0565194 0.997698 -0.0374806 0.372238 -0.0864655 0.0325082 0.995724 0.186083 0 0 0 1 
1807261650001;0.370505;0.119718;0.970568 0.128283 0.203816 -0.0966377 -0.167976 0.967067 0.19122 0.535837 -0.172574 -0.219829 0.960153 0.85994 0 0 0 1 
1807261650002;0.611698;0.137404;0.999982 0.00584475 0.00113278 0.227424 -0.00581796 0.999733 -0.0223654 -0.659442 -0.0012632 0.0223584 0.999749 0.581519 0 0 0 1 
1807261650003;0.65444;0.150801;0.947873 0.3148 -0.049376 0.392209 -0.309869 0.946746 0.0874768 1.2208 0.0742842 -0.0676168 0.994942 -0.993252 0 0 0 1 
1807261650004;0.70178;0.153209;0.90428 0.389788 0.17419 0.0935024 -0.364155 0.91716 -0.161891 1.57621 -0.222864 0.0829629 0.971313 1.37133 0 0 0 1 
1807261650005;0.564667;0.140295;0.987945 -0.154742 0.00439458 0.0509804 0.154755 0.987948 -0.00295404 -0.290472 -0.0038845 0.00359852 0.999986 0.738665 0 0 0 1 
1807261650006;0.456118;0.0436037;0.994935 -0.0741675 -0.0678421 -0.412211 0.0633315 0.986673 -0.149882 0.0128409 0.0780544 0.144827 0.986374 -0.720275 0 0 0 1 
1807261650007;0.0911852;0.0740399;0.997476 0.0129474 0.0698206 -0.166924 -0.0141044 0.999771 0.0161032 0.0107616 -0.0695961 -0.0170474 0.99743 0.27652 0 0 0 1 
1807261650008;0.628711;0.168567;0.956951 -0.0444567 0.286826 0.722082 0.00601324 0.991025 0.133542 -0.233178 -0.290189 -0.126068 0.948629 0.752026 0 0 0 1 
1807261650009;0.268333;0.091579;0.970607 -0.240378 -0.0118451 -0.0784539 0.240362 0.970679 -0.0027984 -0.889456 0.0121705 -0.000130968 0.999926 -0.142414 0 0 0 1 
1807261650010;0.71038;0.156757;0.936718 0.349907 0.0111989 0.141559 -0.349987 0.936734 0.00622866 1.2071 -0.00831098 -0.00975398 0.999918 -0.864014 0 0 0 1 
1807261650011;0.818748;0.157692;0.900811 0.434151 -0.00722363 0.102613 -0.434145 0.90084 0.0024669 1.70703 0.00757834 0.000913892 0.999971 -0.899855 0 0 0 1 
1807261650012;0.646177;0.0801231;0.999984 0.00372819 0.00416852 0.110406 -0.00353041 0.998913 -0.0464889 -0.599505 -0.00433731 0.0464735 0.99891 -0.708214 0 0 0 1 
1807261650013;0.5425;0.060944;0.988611 0.0364134 -0.146023 -0.116352 -0.0430327 0.998172 -0.0424294 -0.10965 0.144212 0.0482299 0.988371 -1.21296 0 0 0 1 
1807261650014;0.402811;0.125043;0.943801 0.204056 -0.260002 0.304106 -0.17071 0.974566 0.14519 0.538194 0.283016 -0.0926455 0.95463 -1.40065 0 0 0 1 
1807261650015;0.62098;0.107399;0.889767 -0.414551 0.190952 0.247097 0.411611 0.909592 0.0567393 -1.22957 -0.19721 0.0281131 0.979958 1.27644 0 0 0 1 
1807261650016;0.314215;0.15906;0.990254 0.129944 -0.0501236 -0.133923 -0.127453 0.990581 0.0500548 0.602835 0.0561558 -0.0431785 0.997488 -0.0111866 0 0 0 1 
1807261650017;0.544853;0.180205;0.948198 0.111946 -0.297301 0.154321 -0.207908 0.926273 -0.314314 0.849949 0.240196 0.359843 0.901565 -1.10988 0 0 0 1 
1807261650018;0.870541;0.146081;0.880164 0.459711 0.118223 0.168913 -0.452723 0.887872 -0.0820036 2.07021 -0.142665 0.0186545 0.989595 1.19723 0 0 0 1 
1807261650019;0.408282;0.127586;0.965194 0.261463 -0.00615348 -0.276795 -0.261443 0.965211 0.00396894 0.779304 0.00697714 -0.00222202 0.999973 0.299195 0 0 0 1 
1807261650020;0.378251;0.173832;0.964611 0.0165216 -0.263158 -0.010054 -0.107256 0.936321 -0.334364 0.350957 0.240876 0.350757 0.904958 -0.908583 0 0 0 1 
1807261650021;0.0584465;0.101086;0.998536 0.046169 -0.0281669 -0.0539241 -0.0459597 0.998911 0.00803169 0.0389798 0.0285071 -0.00672539 0.999571 -0.0716773 0 0 0 1 
1807261650022;0.492617;0.102791;0.971873 -0.169728 -0.163267 0.0988296 0.15605 0.98333 -0.0933292 -0.566876 0.176386 0.0652263 0.982158 -1.17288 0 0 0 1 
1807261650023;0.436303;0.162109;0.935673 0.351492 0.0311426 0.0505213 -0.352331 0.935473 0.0274396 1.3507 -0.0194882 -0.036647 0.999138 0.15996 0 0 0 1 
1807261650024;0.611538;0.150796;0.995613 -0.0155617 0.092269 0.134179 0.0225607 0.996905 -0.0753037 0.351139 -0.0908117 0.077055 0.992883 -0.374454 0 0 0 1 
1807261650025;0.222007;0.0912694;0.984064 -0.160256 -0.0770431 -0.210528 0.148182 0.978591 -0.142834 -0.656783 0.0982837 0.129141 0.986744 -0.156684 0 0 0 1 
1807261650026;0.125003;0.111779;0.997585 -0.0230733 -0.0655186 -0.285322 0.0160365 0.994241 -0.105964 -0.0848721 0.0675862 0.104657 0.992209 -0.118771 0 0 0 1 
1807261650027;0.446617;0.0760665;0.898358 -0.436701 0.0473743 0.160712 0.431285 0.897359 0.0934872 -1.6092 -0.0833377 -0.0635532 0.994493 0.350029 0 0 0 1 
1807261650028;0.18577;0.144556;0.978182 0.198231 -0.0621687 0.077793 -0.199923 0.979559 -0.0222386 0.42086 0.0564896 0.0341823 0.997818 -0.183776 0 0 0 1 
1807261650029;0.503137;0.156165;0.985938 0.0917384 -0.139679 0.148803 -0.121138 0.968126 -0.219219 0.870176 0.115116 0.233057 0.965626 -0.283888 0 0 0 1 
1807261650031;0.869936;0.908118;0.992915 0.118006 0.0139598 0.404731 -0.118547 0.975601 0.184796 0.170533 0.00818795 -0.185141 0.982678 -0.844765 0 0 0 1 
1807261650032;0.361529;0.605116;0.930739 0.252323 -0.264684 0.871103 -0.303666 0.936573 -0.174982 0.811507 0.203744 0.243238 0.948327 0.466903 0 0 0 1 
1807261650033;0.495733;0.435136;0.99398 0.0830804 0.0714204 0.105383 -0.0815555 0.996379 -0.024013 0.100026 -0.0731568 0.0180437 0.997157 0.087102 0 0 0 1 
1807261650034;1.09057;0.977914;0.998691 0.0376068 -0.0346583 0.605563 -0.0418021 0.990688 -0.129575 0.824792 0.0294627 0.130854 0.990964 0.897291 0 0 0 1 
1807261650035;0.885672;1.03731;0.988805 0.0823343 -0.124441 0.415037 -0.0710479 0.993168 0.0925683 0.471947 0.131212 -0.0826907 0.9879 0.037751 0 0 0 1 
1807261650036;0.893017;0.430788;0.988405 0.0169481 0.150891 0.0766179 -0.0207082 0.999512 0.0233828 0.31281 -0.150421 -0.0262364 0.988274 0.857261 0 0 0 1 
1807261650037;0.513994;0.715835;0.99988 0.0132759 0.00797224 0.228487 -0.0134117 0.999762 0.0172282 0.591197 -0.00774162 -0.0173331 0.99982 -0.351826 0 0 0 1 
1807261650038;0.984234;0.607538;0.921103 0.0455635 0.386645 -0.204085 -0.00983148 0.995534 -0.0938955 0.572423 -0.389196 0.0826861 0.917436 -0.140413 0 0 0 1 
1807261650039;0.787771;0.537884;0.987003 0.0279395 0.158257 0.0361982 0.00393441 0.980275 -0.197601 0.510867 -0.160656 0.195655 0.967424 0.0235985 0 0 0 1 
1807261650040;0.449489;0.438901;0.972298 -0.016232 0.233179 -0.0816138 0.0215462 0.999563 -0.0202611 0.330292 -0.232748 0.0247239 0.972223 0.686579 0 0 0 1 
1807261650041;0.636202;0.592446;0.999839 0.0163157 -0.00750863 0.343264 -0.0167539 0.997901 -0.0625482 0.882147 0.00647235 0.0626639 0.998014 -0.153452 0 0 0 1 
1807261650042;0.394001;0.418935;0.999734 -0.0202745 -0.0110395 -0.27541 0.019314 0.99652 -0.0810819 0.356288 0.012645 0.080847 0.996646 0.226272 0 0 0 1 
1807261650043;0.493104;0.495398;0.948097 0.207429 0.24101 0.796546 -0.187422 0.976819 -0.103426 0.906882 -0.256877 0.0528878 0.964996 0.470329 0 0 0 1 
1807261650044;0.603128;0.486091;0.998908 -0.0418997 -0.0206921 -0.379614 0.0406849 0.997601 -0.056002 0.208843 0.0229889 0.055099 0.998216 -0.298833 0 0 0 1 
1807261650045;0.822026;0.633562;0.989274 -0.0739239 -0.125981 -0.123271 0.110445 0.942998 0.313937 -0.0308516 0.0955926 -0.324484 0.941048 -1.72711 0 0 0 1 
1807261650046;0.726796;1.01077;0.952624 -0.304129 0.00361322 -1.09766 0.299586 0.936213 -0.183719 0.134107 0.0524915 0.176098 0.982972 0.875988 0 0 0 1 
1807261650047;0.841796;0.849367;0.983621 0.168492 -0.064038 0.620069 -0.172178 0.983404 -0.05719 0.674079 0.0533391 0.0672792 0.996307 0.769472 0 0 0 1 
1807261650048;0.923373;0.484356;0.983848 0.0223769 0.177604 0.140047 -0.0463846 0.990137 0.1322 0.559996 -0.172894 -0.138303 0.975182 0.582454 0 0 0 1 
1807261650049;0.894299;0.57075;0.963183 -0.132509 0.233922 -0.611746 0.120079 0.990523 0.0666679 -0.195097 -0.240539 -0.0361244 0.969967 0.606465 0 0 0 1 
1807261650050;0.776112;0.638515;0.936788 -0.268281 0.224618 -1.24469 0.320509 0.91547 -0.243287 0.0694884 -0.140362 0.2999 0.943588 1.34946 0 0 0 1 
1807261650051;0.472646;0.74587;0.972452 -0.170808 0.158625 -0.477856 0.176682 0.983985 -0.0235937 0.398515 -0.152054 0.0509699 0.987057 0.636499 0 0 0 1 
1807261650052;0.367213;0.673154;0.947946 0.304139 0.0943264 0.960807 -0.314115 0.941736 0.120273 0.688664 -0.0522507 -0.143642 0.988249 -0.265106 0 0 0 1 
1807261650053;0.543637;0.694618;0.899321 0.0628104 -0.432755 0.464248 -0.176246 0.957754 -0.227254 0.955549 0.400198 0.280646 0.872398 0.447725 0 0 0 1 
1807261650054;0.296591;0.616164;0.980944 -0.175109 -0.0841766 -0.58373 0.149049 0.956151 -0.252112 0.340744 0.124633 0.234761 0.96403 0.356454 0 0 0 1 
1807261650055;0.546573;0.941604;0.939982 -0.145537 -0.308629 -0.63368 0.218022 0.951938 0.21513 0.460319 0.262486 -0.269506 0.926535 -0.752065 0 0 0 1 
1807261650056;0.638977;0.48206;0.998014 0.0500626 -0.0382259 0.0381503 -0.0537334 0.993336 -0.101966 0.85751 0.0328665 0.103818 0.994053 0.554867 0 0 0 1 
1807261650057;0.733154;0.665996;0.954558 -0.295692 0.0372111 -1.38784 0.295385 0.922121 -0.249883 0.153993 0.0395752 0.249519 0.967561 0.594154 0 0 0 1 
1807261650058;1.00454;0.984518;0.961516 0.174993 -0.211813 1.10849 -0.171716 0.984562 0.0339187 0.981545 0.214479 0.00375824 0.976721 0.0853336 0 0 0 1 
1807261650059;0.328863;0.557843;0.960536 -0.110841 0.255118 -0.300142 0.0151825 0.936699 0.349805 0.193785 -0.277742 -0.332127 0.901416 -0.571442 0 0 0 1 
1807261650060;0.479524;0.393384;0.999632 0.0174236 0.0207854 -0.105043 -0.0166592 0.999198 -0.0363987 -0.12177 -0.0214029 0.0360391 0.999121 -0.0803006 0 0 0 1 
1807261650062;0.610394;0.298792;0.995875 0.0842582 -0.0336711 0.616563 -0.0874978 0.990021 -0.110466 0.42427 0.0240274 0.112957 0.993309 -0.348938 0 0 0 1 
1807261650063;0.0702684;0.259419;0.999424 0.00140107 0.033913 0.104389 0.001908 0.995249 -0.0973465 0.266028 -0.0338883 0.0973551 0.994673 0.32183 0 0 0 1 
1807261650064;0.431381;0.30403;0.974253 -0.128615 -0.185171 -0.157249 0.100601 0.983018 -0.153478 0.0410341 0.201766 0.130898 0.970647 -0.0604139 0 0 0 1 
1807261650065;0.67345;0.267179;0.983988 0.0155182 -0.177558 0.0442289 0.0552001 0.920689 0.386373 0.448677 0.169472 -0.389988 0.905091 -1.66696 0 0 0 1 
1807261650066;0.179936;0.296068;0.987994 -0.153641 -0.016163 -0.483311 0.151303 0.983446 -0.0997068 0.202066 0.0312145 0.0960643 0.994886 0.360956 0 0 0 1 
1807261650067;0.697139;0.334225;0.915135 -0.400046 -0.0499038 -1.39557 0.400129 0.916417 -0.00875067 -0.197394 0.0492334 -0.0119599 0.998716 -0.753062 0 0 0 1 
1807261650068;0.609754;0.357669;0.899282 -0.437043 -0.0168811 -1.98652 0.434754 0.897454 -0.0746012 -0.181156 0.0477539 0.0597484 0.997071 0.346241 0 0 0 1 
1807261650069;0.14606;0.260556;0.995528 -0.0859626 -0.0391659 -0.310266 0.0831268 0.994144 -0.0690425 0.231018 0.0448716 0.065478 0.996845 0.196922 0 0 0 1 
1807261650070;0.531087;0.259005;0.982814 0.0727034 -0.169678 0.68364 -0.0226881 0.959781 0.279831 0.33547 0.183199 -0.271172 0.944936 -1.59942 0 0 0 1 
1807261650071;0.140553;0.305311;0.992806 0.0127631 -0.11905 0.299713 -0.0295685 0.989641 -0.140486 0.44178 0.116024 0.142996 0.982899 0.422052 0 0 0 1 
1807261650072;0.380476;0.307454;0.998257 0.0582909 0.00918932 0.157946 -0.0567989 0.991354 -0.118283 0.254948 -0.0160047 0.117555 0.992937 0.312585 0 0 0 1 
1807261650073;0.531138;0.362694;0.982515 -0.141483 0.121022 -0.0822801 0.106861 0.960825 0.255725 -0.0321988 -0.152461 -0.238321 0.959145 -0.482663 0 0 0 1 
1807261650074;0.56209;0.299919;0.946503 0.195689 0.256589 0.884385 -0.164833 0.976774 -0.136905 0.88498 -0.27742 0.0872869 0.956775 0.715886 0 0 0 1 
1807261650075;0.57785;0.298719;0.999651 -0.0263945 -0.000572844 0.171508 0.0262484 0.995977 -0.0856796 0.898662 0.00283201 0.0856346 0.996323 -0.0961489 0 0 0 1 
1807261650076;0.523862;0.298277;0.978513 -0.193347 -0.0716168 -0.828215 0.172011 0.957023 -0.233492 0.399468 0.113684 0.216156 0.969718 1.26051 0 0 0 1 
1807261650077;0.611234;0.367899;0.975153 0.20823 0.075608 0.579658 -0.179239 0.942185 -0.283126 -0.109196 -0.130192 0.262539 0.956098 0.74686 0 0 0 1 
1807261650078;0.330727;0.283042;0.950646 0.0620698 -0.304006 0.598661 -0.0698732 0.997445 -0.0148466 0.348859 0.302308 0.0353558 0.952554 0.331185 0 0 0 1 
1807261650079;0.421945;0.294343;0.942813 -0.0533032 -0.329031 -0.227555 -0.0102929 0.982004 -0.188578 -0.00867516 0.333162 0.181181 0.925298 0.915639 0 0 0 1 
1807261650080;0.560936;0.302949;0.935309 0.271443 -0.226973 1.3831 -0.341396 0.860875 -0.377283 0.420365 0.0929843 0.430364 0.897853 1.47576 0 0 0 1 
1807261650081;0.503671;0.278447;0.984028 0.0899147 0.153634 0.51855 -0.103389 0.991249 0.0820756 0.291091 -0.14491 -0.0966487 0.984713 -0.986581 0 0 0 1 
1807261650082;0.722741;0.303788;0.954708 0.297008 -0.0178648 1.23341 -0.296786 0.946274 -0.128385 0.306878 -0.0212265 0.127873 0.991563 -0.320737 0 0 0 1 
1807261650083;0.552134;0.322362;0.997553 -0.0601846 -0.0355799 0.226389 0.0546967 0.988778 -0.139021 -0.238286 0.0435475 0.136734 0.98965 0.195969 0 0 0 1 
1807261650084;0.867721;0.280768;0.921892 0.37547 -0.0955888 2.63921 -0.363195 0.92339 0.124261 0.583787 0.134922 -0.0798377 0.987635 -0.653981 0 0 0 1 
1807261650085;0.404997;0.304317;0.977873 -0.162017 -0.132345 -0.46999 0.0854894 0.886869 -0.454042 -0.0258073 0.190936 0.432682 0.881096 1.2674 0 0 0 1 
1807261650086;0.258185;0.299385;0.998436 -0.054748 0.0113344 0.164049 0.0558922 0.982377 -0.17836 0.309551 -0.00136985 0.178714 0.9839 0.908872 0 0 0 1 
1807261650087;0.211815;0.291674;0.977178 0.211128 0.023397 0.973183 -0.206155 0.969141 -0.135154 0.348533 -0.0512098 0.127246 0.990548 0.519051 0 0 0 1 
1807261650088;0.669831;0.277289;0.933638 -0.357949 0.0138764 -1.46768 0.336218 0.862275 -0.378734 -0.0386601 0.123602 0.358266 0.925402 0.803809 0 0 0 1 
1807261650089;0.143654;0.326611;0.992393 0.0584075 0.108369 0.424746 -0.0543564 0.997721 -0.0399696 0.212948 -0.110457 0.033775 0.993307 0.223125 0 0 0 1 
1807261650090;0.732491;0.290505;0.988975 0.130897 -0.0692384 0.249974 -0.14049 0.977178 -0.159328 0.973765 0.0468027 0.167299 0.984795 0.748887 0 0 0 1 
1807261650091;0.403612;0.294659;0.977432 0.203557 -0.0564933 1.0442 -0.184417 0.952637 0.241812 0.210627 0.10304 -0.225936 0.968677 -0.60283 0 0 0 1 
1807261650093;1.16071;0.414267;0.900835 0.309672 0.304301 -0.319607 -0.285666 0.950573 -0.121682 0.160175 -0.326942 0.0226871 0.944772 -0.261825 0 0 0 1 
1807261650094;0.696816;0.42595;0.977675 0.208086 -0.0291848 -0.0971169 -0.210114 0.969464 -0.126459 -0.0317545 0.00197927 0.129768 0.991542 -0.105377 0 0 0 1 
1807261650095;0.832378;0.283422;0.943793 0.138356 0.300186 0.402132 -0.13104 0.990379 -0.0444709 0.256919 -0.303451 0.0026348 0.952843 -0.0231028 0 0 0 1 
1807261650096;1.24922;0.375597;0.976796 0.212461 0.0270313 0.0541461 -0.174513 0.862714 -0.474627 -0.490821 -0.12416 0.458896 0.879772 0.686091 0 0 0 1 
1807261650097;1.57732;0.339875;0.964747 0.176951 0.194812 0.332762 -0.202163 0.972208 0.118077 0.0537692 -0.168504 -0.153298 0.973707 0.937668 0 0 0 1 
1807261650098;0.431654;0.360244;0.954284 -0.286074 0.0866279 0.00105088 0.295491 0.946564 -0.129234 -0.259728 -0.0450283 0.148924 0.987823 0.251933 0 0 0 1 
1807261650099;1.43162;0.362917;0.980301 -0.191643 -0.0477804 0.616287 0.161688 0.917605 -0.363122 0.275781 0.113433 0.348243 0.930516 0.654147 0 0 0 1 
1807261650100;0.198846;0.349154;0.995644 -0.0561902 -0.0744026 0.20968 0.0656659 0.989107 0.131739 -0.266 0.0661897 -0.136051 0.988488 -0.0910907 0 0 0 1 
1807261650101;0.403364;0.3581;0.994585 -0.0973707 0.0363217 0.208115 0.0999455 0.991969 -0.0775175 -0.189936 -0.028482 0.080728 0.996329 -0.184454 0 0 0 1 
1807261650102;0.400187;0.322902;0.997471 -0.0531747 0.0471584 -0.128397 0.0564054 0.995947 -0.0700534 -0.196667 -0.0432422 0.0725362 0.996428 -0.0301389 0 0 0 1 
1807261650103;1.02195;0.339307;0.957098 0.272656 0.0980955 0.0173278 -0.279074 0.958467 0.0588133 -0.251823 -0.0779855 -0.083666 0.993438 0.525538 0 0 0 1 
1807261650104;1.18672;0.351837;0.999504 -0.0306595 -0.00723676 -0.0213023 0.0313623 0.990068 0.137047 -0.654564 0.00296311 -0.137205 0.990538 -0.616941 0 0 0 1 
1807261650105;1.18857;0.375608;0.995194 0.0657137 0.0725991 -0.431496 -0.0642071 0.997674 -0.0228969 -0.506402 -0.0739349 0.0181255 0.997098 0.100957 0 0 0 1 
1807261650106;0.708535;0.36203;0.999442 -0.0310108 -0.0123991 -0.166474 0.0300281 0.996892 -0.0728333 -0.332364 0.0146191 0.0724203 0.997267 0.166859 0 0 0 1 
1807261650107;0.503291;0.294556;0.994145 0.0137174 -0.107176 0.140879 -0.01262 0.999861 0.0109116 -0.136108 0.10731 -0.00949519 0.99418 0.233655 0 0 0 1 
1807261650108;1.52224;0.370233;0.963619 -0.213282 0.161087 0.163629 0.239293 0.956914 -0.16448 0.61729 -0.119066 0.197043 0.973138 -0.29 0 0 0 1 
1807261650109;0.339127;0.302096;0.927391 -0.126299 0.352129 -0.0154608 0.103469 0.991163 0.0830018 -0.129756 -0.359501 -0.0405408 0.932264 0.217173 0 0 0 1 
1807261650110;0.998065;0.283269;0.944105 -0.265957 0.194764 0.102945 0.23779 0.958644 0.156389 -0.278652 -0.228302 -0.101335 0.968302 -0.527028 0 0 0 1 
1807261650111;0.873902;0.311307;0.975446 0.149218 0.161985 0.18395 -0.147129 0.988804 -0.0248843 -0.472176 -0.163884 0.000440627 0.986479 0.397813 0 0 0 1 
1807261650112;0.213542;0.333731;0.997478 -0.054842 -0.0450526 0.183312 0.0601239 0.990238 0.125756 -0.238152 0.037716 -0.128148 0.991038 -0.142032 0 0 0 1 
1807261650113;1.08553;0.350179;0.976749 -0.210236 0.0419793 -0.177123 0.213518 0.936359 -0.278643 -0.633574 0.0192732 0.281128 0.959477 -0.211586 0 0 0 1 
1807261650114;0.757919;0.421794;0.948112 0.314828 -0.0443501 0.283401 -0.312083 0.894914 -0.318956 -0.0720814 -0.0607268 0.316247 0.946731 0.552872 0 0 0 1 
1807261650115;1.40826;0.341428;0.967634 0.250756 -0.0283825 -0.437489 -0.251166 0.967871 -0.0118811 0.379578 0.0244914 0.0186252 0.999527 0.254443 0 0 0 1 
1807261650116;0.547781;0.313893;0.985113 0.125114 0.117896 0.130388 -0.14145 0.979667 0.142284 -0.194692 -0.097697 -0.156843 0.98278 0.278993 0 0 0 1 
1807261650117;1.14474;0.353866;0.964734 0.26086 -0.0352262 -0.192335 -0.24486 0.938458 0.2436 0.264476 0.0966037 -0.226383 0.969236 -0.407627 0 0 0 1 
1807261650118;1.22447;0.38377;0.930433 0.244696 -0.272796 -0.021166 -0.318654 0.907855 -0.272504 0.101704 0.180979 0.340475 0.922672 -0.539268 0 0 0 1 
1807261650119;1.49971;0.410746;0.994101 0.0914086 -0.0583735 0.16118 -0.0960058 0.992037 -0.0815235 0.486766 0.0504567 0.0866468 0.994961 -0.727761 0 0 0 1 
1807261650120;0.30517;0.342952;0.946727 0.241818 0.212679 0.190592 -0.241192 0.970035 -0.0292899 0.0608182 -0.213389 -0.0235669 0.976683 0.172576 0 0 0 1 
1807261650121;1.42718;0.327741;0.948548 0.281035 0.145865 0.539766 -0.306447 0.93073 0.19958 -0.844615 -0.079672 -0.234011 0.968964 0.281158 0 0 0 1 
1807261650122;1.45607;0.401367;0.962262 -0.209568 0.173587 -0.0617254 0.245551 0.943631 -0.22196 -0.389172 -0.117286 0.256208 0.95948 -0.701922 0 0 0 1 
1807261650124;1.36594;6.52961;0.423637 0.871879 0.245679 -2.25833 -0.453469 -0.0306586 0.890744 -0.161012 0.784154 -0.48876 0.382382 1.76226 0 0 0 1 
1807261650125;0.804333;10.0423;-0.0280644 -0.946737 0.320784 4.82445 0.929703 0.0931763 0.35633 0.552516 -0.36724 0.308234 0.877569 0.253484 0 0 0 1 
1807261650126;0.880272;10.0469;0.110934 -0.987719 0.110022 4.85033 0.922121 0.143585 0.35927 0.766283 -0.370656 0.061598 0.926725 0.213426 0 0 0 1 
1807261650127;1.55898;9.86559;-0.16995 -0.985443 0.00436636 4.9408 0.984535 -0.169981 -0.0423882 0.701514 0.0425134 -0.00290505 0.999092 -1.16418 0 0 0 1 
1807261650128;0.837192;6.9205;0.150991 -0.976456 0.154061 2.9795 0.980799 0.167439 0.099991 -0.0981256 -0.123433 0.136005 0.982989 -0.420276 0 0 0 1 
1807261650129;0.284015;10.1608;-0.0874838 -0.99442 -0.058955 5.15288 0.996163 -0.087473 -0.00276882 0.881879 -0.0024036 -0.058971 0.998257 -0.323184 0 0 0 1 
1807261650130;0.193395;6.58678;0.409553 0.884101 0.225016 -2.46817 -0.466825 -0.00881518 0.884306 -0.704326 0.783799 -0.467213 0.40911 1.55085 0 0 0 1 
1807261650131;0.6404;10.0729;-0.0309073 -0.998744 -0.0394232 5.02873 0.996932 -0.0336407 0.07067 1.07374 -0.0719075 -0.037118 0.99672 -0.176317 0 0 0 1 
1807261650132;1.48669;10.1719;-0.0821225 -0.993124 -0.0834321 5.67716 0.991901 -0.0895856 0.0900406 1.32679 -0.0968958 -0.075362 0.992437 -0.457751 0 0 0 1 
1807261650133;0.878362;9.80913;0.173948 -0.983127 -0.0565938 4.76261 0.978988 0.166433 0.117821 0.501688 -0.106414 -0.0758993 0.991421 -0.00165867 0 0 0 1 
1807261650134;0.764145;6.50292;0.520335 0.821358 0.233716 -2.5878 -0.632152 0.186471 0.752072 -0.767425 0.574139 -0.539073 0.61625 1.75448 0 0 0 1 
1807261650135;0.938287;10.0524;-0.176959 -0.984218 0.00105559 5.00427 0.983877 -0.176926 -0.0261429 0.780072 0.0259171 -0.00358766 0.999658 0.0132327 0 0 0 1 
1807261650136;0.165136;9.97298;0.120456 -0.990917 -0.0597835 4.96762 0.992717 0.120343 0.00551165 0.784168 0.00173291 -0.060012 0.998196 -0.352442 0 0 0 1 
1807261650137;0.685906;6.85198;0.307471 -0.933584 0.184073 3.25003 0.951133 0.295755 -0.0887364 0.10338 0.0284024 0.202361 0.978899 -0.196221 0 0 0 1 
1807261650138;1.14592;10.0291;0.339464 -0.939622 0.0432995 4.93916 0.88341 0.334289 0.328388 0.31373 -0.323035 -0.0732247 0.94355 -0.260872 0 0 0 1 
1807261650139;0.608764;10.232;-0.0908281 -0.993383 -0.0702903 5.36491 0.993129 -0.0955827 0.0675232 0.731457 -0.0737949 -0.0636743 0.995239 -0.543783 0 0 0 1 
1807261650140;1.51409;10.1893;0.129174 -0.990898 -0.0378724 4.48761 0.991484 0.128425 0.0215969 1.21624 -0.0165365 -0.0403397 0.999049 -0.0313345 0 0 0 1 
1807261650141;0.713806;7.15554;0.0550306 0.843819 0.533799 -2.83821 0.998381 -0.038793 -0.0416023 -0.682605 -0.0143972 0.535224 -0.844588 -0.0825571 0 0 0 1 
1807261650142;1.81337;10.0733;-0.0766445 -0.992884 -0.0911386 4.49611 0.996655 -0.0736928 -0.0353272 0.900429 0.0283596 -0.0935414 0.995211 0.38048 0 0 0 1 
1807261650143;1.33398;5.40569;0.0972534 -0.963561 0.249183 2.58368 0.994582 0.103331 0.0113949 0.288721 -0.0367281 0.246725 0.968389 0.0209741 0 0 0 1 
1807261650144;0.523192;6.40284;0.245106 -0.960396 0.132526 2.96494 0.885879 0.2774 0.371844 0.0261849 -0.39388 0.0262613 0.918787 -0.535091 0 0 0 1 
1807261650145;1.32014;10.1731;-0.118317 -0.98936 -0.0846654 5.80387 0.987352 -0.12628 0.0958578 0.795297 -0.105529 -0.0722531 0.991788 -0.16933 0 0 0 1 
1807261650146;0.396214;6.92872;0.401727 -0.862457 0.30787 3.21685 0.882857 0.454058 0.119979 0.0875304 -0.243267 0.223607 0.943833 -0.402936 0 0 0 1 
1807261650147;1.75836;6.74892;-0.089964 -0.983121 0.159312 2.99382 0.994092 -0.0788875 0.0745496 -0.190587 -0.0607235 0.165077 0.98441 -1.30022 0 0 0 1 
1807261650148;1.81564;9.91732;0.118692 -0.990785 -0.065248 5.0653 0.9879 0.111229 0.108079 0.236845 -0.0998259 -0.0772867 0.991999 0.392672 0 0 0 1 
1807261650149;1.27562;10.0471;-0.138375 -0.983991 -0.112315 5.37878 0.975157 -0.155177 0.15808 0.526012 -0.172978 -0.0876508 0.981018 -0.93749 0 0 0 1 
1807261650150;1.69552;9.94023;-0.0683535 -0.993957 0.085891 5.10426 0.99552 -0.0623159 0.0711135 0.901009 -0.0653314 0.090367 0.993763 0.513076 0 0 0 1 
1807261650151;1.06641;10.1448;-0.0465731 -0.992683 -0.11141 5.28366 0.982804 -0.0654865 0.172651 0.608957 -0.178683 -0.101454 0.978662 -0.784609 0 0 0 1 
1807261650152;1.1455;9.98486;-0.0315162 -0.994645 -0.0984318 5.28285 0.999412 -0.0300278 -0.0165663 0.584624 0.0135219 -0.098896 0.995006 0.0575031 0 0 0 1 
1807261650153;0.956413;10.0342;0.0726672 -0.996102 -0.0499932 5.3908 0.991584 0.0667709 0.110915 0.638228 -0.107145 -0.0576323 0.992572 -0.105024 0 0 0 1 
1807261650155;0.606131;0.237207;0.949238 -0.307398 -0.0667413 -0.833176 0.310662 0.949429 0.045545 -0.326636 0.0493656 -0.063967 0.99673 -0.631612 0 0 0 1 
1807261650156;0.187806;0.144594;0.997843 -0.0655007 0.00437396 -0.288665 0.0652389 0.996857 0.0449482 -0.220132 -0.00730435 -0.0445659 0.99898 0.0583264 0 0 0 1 
1807261650157;0.551788;0.233852;0.954587 -0.287624 0.0776896 -1.29102 0.295206 0.948322 -0.116356 -0.428809 -0.0402079 0.134006 0.990164 0.839935 0 0 0 1 
1807261650158;0.699792;0.132329;0.897445 -0.436173 -0.0659143 -2.15539 0.439752 0.896389 0.0557188 -0.910612 0.0347818 -0.0789906 0.996268 -0.662995 0 0 0 1 
1807261650159;0.309546;0.157981;0.988615 0.116795 -0.0948679 0.435161 -0.132825 0.973624 -0.185508 -0.112732 0.0706993 0.195997 0.978053 0.948037 0 0 0 1 
1807261650160;0.485518;0.184351;0.919021 -0.383096 -0.0929401 -1.77913 0.394208 0.892651 0.218571 -0.805589 -0.000770607 -0.237509 0.971385 -0.90225 0 0 0 1 
1807261650161;0.330335;0.129037;0.998904 -0.0467137 0.00282944 -0.34701 0.0443391 0.925318 -0.37659 -0.366056 0.0149738 0.376303 0.926376 1.23962 0 0 0 1 
1807261650162;0.550603;0.133501;0.936143 0.351617 -0.00114732 0.88859 -0.35134 0.935525 0.0367845 0.0762046 0.0140074 -0.0340325 0.999323 -0.171902 0 0 0 1 
1807261650163;0.739956;0.211816;0.958324 0.270393 0.0922147 1.06623 -0.267529 0.962618 -0.0423571 -0.857723 -0.100221 0.0159217 0.994838 0.506938 0 0 0 1 
1807261650164;0.228506;0.165035;0.955747 0.134103 0.261849 0.422577 -0.148793 0.988175 0.0370119 -0.195893 -0.253789 -0.0743353 0.964399 -0.33458 0 0 0 1 
1807261650165;0.0638727;0.145641;0.999698 0.0202994 0.0138482 0.00126004 -0.0205794 0.99958 0.0203866 -0.146151 -0.0134286 -0.0206654 0.999696 0.00629187 0 0 0 1 
1807261650166;0.691573;0.153839;0.935709 -0.350607 -0.0390309 -1.42054 0.35277 0.929549 0.107199 -1.20929 -0.00130357 -0.114076 0.993471 -0.0634679 0 0 0 1 
1807261650167;0.645574;0.282906;0.952013 -0.00665118 0.305985 0.138911 -0.0614176 0.975275 0.212289 0.183604 -0.299831 -0.220894 0.928066 -1.03401 0 0 0 1 
1807261650168;0.448255;0.182499;0.948097 0.313961 -0.0504035 1.11567 -0.312735 0.891991 -0.326418 -0.33291 -0.0575231 0.325239 0.943881 1.28484 0 0 0 1 
1807261650169;0.539907;0.142786;0.93538 0.351826 -0.0358107 1.12186 -0.340789 0.9238 0.174517 -0.574834 0.0944816 -0.151036 0.984003 -0.968979 0 0 0 1 
1807261650170;0.652735;0.244232;0.953349 0.101929 0.284141 0.659824 -0.115312 0.992854 0.0307322 0.0431026 -0.278978 -0.0620635 0.95829 0.382898 0 0 0 1 
1807261650171;0.437786;0.152471;0.9409 0.221623 0.256105 0.525496 -0.280385 0.93387 0.221971 -0.06307 -0.189975 -0.280661 0.940818 -0.708005 0 0 0 1 
1807261650172;0.513271;0.131704;0.935668 0.323757 -0.140381 0.713218 -0.312784 0.945078 0.094839 -0.502328 0.163376 -0.0448289 0.985545 -0.0945369 0 0 0 1 
1807261650173;0.421662;0.137415;0.927729 -0.104166 -0.358424 -0.418764 0.112918 0.993598 0.00351031 0.100461 0.355764 -0.043729 0.933552 -0.503852 0 0 0 1 
1807261650174;0.342158;0.150562;0.992288 0.106079 -0.0641285 0.357802 -0.122027 0.926881 -0.354965 -0.180595 0.0217851 0.360053 0.932677 1.18432 0 0 0 1 
1807261650175;0.695425;0.204648;0.942073 -0.335377 0.00453363 -1.13727 0.334074 0.939447 0.0763822 0.22281 -0.0298759 -0.070443 0.997068 -0.465077 0 0 0 1 
1807261650176;0.628882;0.196541;0.925129 0.37965 -0.00151028 1.45274 -0.379069 0.923478 -0.0591098 -0.268455 -0.0210463 0.0552567 0.99825 -0.329328 0 0 0 1 
1807261650177;0.385778;0.147606;0.999671 -0.0219164 -0.0133616 -0.15602 0.0224109 0.999024 0.0380511 -0.0554624 0.0125146 -0.038338 0.999186 0.311371 0 0 0 1 
1807261650178;0.865032;0.222617;0.928017 -0.343779 0.14353 -1.23389 0.345078 0.938428 0.0165382 -0.812602 -0.140378 0.0341813 0.989508 1.06885 0 0 0 1 
1807261650179;0.799283;0.132985;0.90624 -0.230397 -0.354465 -1.32235 0.233645 0.971718 -0.0342545 -0.32386 0.352333 -0.0517764 0.934441 0.453893 0 0 0 1 
1807261650180;0.951142;0.164076;0.909492 0.395058 0.129434 1.66682 -0.355267 0.900292 -0.251515 0.0781318 -0.215892 0.182767 0.95916 1.67886 0 0 0 1 
1807261650181;0.58947;0.11657;0.985766 -0.166265 0.0249127 -0.957362 0.164337 0.984203 0.065866 -0.843577 -0.0354704 -0.0608344 0.997517 -0.0243526 0 0 0 1 
1807261650182;0.51362;0.12673;0.992514 0.0227886 -0.119989 -0.289217 -0.0260565 0.999329 -0.0257363 0.172811 0.119322 0.0286702 0.992442 -0.270551 0 0 0 1 
1807261650183;0.518467;0.191181;0.956951 0.173294 -0.232841 0.907283 -0.187287 0.981522 -0.039226 0.24377 0.221741 0.0811456 0.971723 0.2938 0 0 0 1 
1807261650184;0.540083;0.129437;0.970453 -0.240712 0.0167223 -1.03514 0.23873 0.967911 0.0784669 -0.868716 -0.0350736 -0.0721563 0.996776 -0.537526 0 0 0 1 
1807261650186;0.453969;0.197406;0.998635 -0.0350046 -0.0387614 0.245473 0.0373038 0.997485 0.0602749 0.431753 0.036554 -0.0616386 0.997429 0.0301828 0 0 0 1 
1807261650187;0.217396;0.233303;0.994478 0.0792791 -0.0687673 -0.116987 -0.0779297 0.996714 0.0220926 0.430573 0.0702929 -0.0166116 0.997388 -0.484361 0 0 0 1 
1807261650188;0.833964;0.210166;0.981727 0.0442211 0.185087 0.00223062 -0.084446 0.97285 0.215479 0.599511 -0.170533 -0.227172 0.958807 1.28781 0 0 0 1 
1807261650189;0.543168;0.220951;0.837011 0.437683 -0.328399 0.271211 -0.423811 0.898178 0.116878 0.924185 0.346116 0.041351 0.93728 -1.13259 0 0 0 1 
1807261650190;0.468639;0.190878;0.926235 -0.250441 0.281723 -0.0357862 0.276656 0.959289 -0.0568052 -0.720608 -0.256027 0.130555 0.957813 1.03384 0 0 0 1 
1807261650191;0.203867;0.226575;0.986459 0.12198 0.109635 -0.225052 -0.114227 0.990662 -0.0744357 0.407013 -0.117691 0.0609044 0.991181 0.470775 0 0 0 1 
1807261650192;0.50492;0.209552;0.97819 0.206619 0.021257 0.623605 -0.200185 0.9651 -0.168841 0.56924 -0.055401 0.160904 0.985414 0.0411345 0 0 0 1 
1807261650193;0.791638;0.191673;0.97864 -0.20266 -0.0345285 0.0273227 0.202325 0.979233 -0.0129716 -0.321532 0.0364403 0.00570857 0.99932 -1.0464 0 0 0 1 
1807261650194;0.736741;0.2129;0.959436 0.275065 -0.0618215 0.505975 -0.281835 0.941379 -0.185402 0.580871 0.00719968 0.195305 0.980716 -0.686565 0 0 0 1 
1807261650195;0.187863;0.186001;0.970716 0.0257296 -0.238847 0.0511928 -0.0123338 0.998274 0.0574115 0.111355 0.239912 -0.0527844 0.969359 -0.685194 0 0 0 1 
1807261650196;0.587609;0.187623;0.985794 0.16118 -0.047231 -0.109389 -0.166756 0.972825 -0.160637 0.181669 0.0200561 0.166231 0.985883 0.6728 0 0 0 1 
1807261650197;0.541762;0.21417;0.937148 0.348813 -0.00913303 -0.250775 -0.348493 0.93696 0.025656 1.3964 0.0175064 -0.0208607 0.999629 -0.231097 0 0 0 1 
1807261650198;0.789459;0.234433;0.989382 0.0967259 -0.108476 0.618049 -0.110276 0.98578 -0.126796 0.476393 0.0946687 0.137412 0.98598 -0.921947 0 0 0 1 
1807261650199;0.344499;0.173892;0.988708 -0.0834286 -0.124486 0.0611561 0.0688579 0.990732 -0.117082 0.0446318 0.1331 0.107188 0.985289 -0.56494 0 0 0 1 
1807261650200;0.665434;0.221248;0.992649 0.120816 -0.00714901 0.287943 -0.120627 0.992439 0.0226523 -0.28959 0.00983172 -0.0216234 0.999718 -0.0605775 0 0 0 1 
1807261650201;0.637949;0.175247;0.996158 0.0855465 -0.0187293 -0.727033 -0.0856242 0.996322 -0.00338352 -0.0595285 0.0183709 0.0049742 0.999819 -0.324338 0 0 0 1 
1807261650202;0.360138;0.214097;0.987831 0.155115 -0.0113997 -0.30542 -0.155394 0.987393 -0.0301165 0.55811 0.00658451 0.0315214 0.999481 -0.378755 0 0 0 1 
1807261650203;0.394841;0.17242;0.891113 -0.148791 -0.428695 0.224193 0.178671 0.98345 0.0300621 -0.458085 0.417127 -0.103384 0.902949 -1.19716 0 0 0 1 
1807261650204;0.612524;0.159902;0.997873 -0.0587912 -0.0281773 -0.127685 0.0591202 0.99819 0.010986 -0.223352 0.0274804 -0.0126285 0.999543 0.661124 0 0 0 1 
1807261650205;0.404722;0.199417;0.85062 0.296853 -0.433964 0.457836 -0.359588 0.930612 -0.0682502 1.24868 0.383591 0.214103 0.898341 -0.920079 0 0 0 1 
1807261650206;0.626556;0.193037;0.958898 -0.279364 -0.0497091 -0.564764 0.270108 0.952344 -0.141714 -0.865848 0.0869298 0.122462 0.988659 0.383749 0 0 0 1 
1807261650207;0.542445;0.199745;0.999486 0.031004 0.00813532 -0.150201 -0.0308001 0.999235 -0.0240956 0.0257636 -0.00887616 0.0238327 0.999677 0.687013 0 0 0 1 
1807261650208;0.417306;0.21381;0.944026 -0.0212442 -0.329187 -0.0368771 -0.0308637 0.987858 -0.152261 0.358342 0.328424 0.153898 0.931908 -1.12427 0 0 0 1 
1807261650209;0.115948;0.183743;0.996032 -0.0144275 -0.0878208 -0.141267 0.00640052 0.99583 -0.0910057 0.211233 0.0887675 0.0900825 0.99197 -0.221711 0 0 0 1 
1807261650210;0.290494;0.203377;0.955038 0.296403 0.00691102 0.185384 -0.28667 0.929123 -0.23356 1.13292 -0.075649 0.221077 0.972318 0.323609 0 0 0 1 
1807261650211;0.634223;0.181169;0.96403 0.213833 -0.157864 0.858144 -0.238661 0.957828 -0.160021 0.878586 0.116989 0.191941 0.974409 -0.308415 0 0 0 1 
1807261650212;0.518398;0.197178;0.908806 0.317632 -0.270522 0.131301 -0.289148 0.946925 0.140449 1.12948 0.300775 -0.0494196 0.952414 -1.24953 0 0 0 1 
1807261650213;0.562773;0.187912;0.996948 -0.0777677 0.00683127 0.33951 0.073775 0.967137 0.243318 0.333409 -0.0255291 -0.242072 0.969922 -0.174177 0 0 0 1 
1807261650214;0.522212;0.183244;0.918928 -0.389724 -0.0607161 -0.0463175 0.394415 0.909054 0.134378 -1.23689 0.00282396 -0.147431 0.989068 -0.0246175 0 0 0 1 
1807261650215;0.876402;0.214766;0.908852 -0.352655 -0.222761 0.591369 0.339319 0.935671 -0.0968652 -1.28975 0.24259 0.0124492 0.970049 -0.863383 0 0 0 1 
1807261650217;0.532131;1.40641;0.975726 0.0562461 0.21165 -1.20756 -0.111498 0.959406 0.259054 -0.0149382 -0.188487 -0.276364 0.942388 -0.947691 0 0 0 1 
1807261650218;0.499155;1.38228;0.99696 -0.0268182 -0.0731594 -1.40478 0.0386567 0.985444 0.165547 -0.0235123 0.0676548 -0.167872 0.983485 -0.371851 0 0 0 1 
1807261650219;0.721512;1.46672;0.891886 0.452132 -0.0107873 -0.0542303 -0.444578 0.880864 0.162574 -0.6294 0.0830069 -0.140202 0.986637 -0.880805 0 0 0 1 
1807261650220;0.121853;1.48474;0.972617 0.205504 0.108556 -0.671091 -0.215405 0.97246 0.089006 -0.172106 -0.0872751 -0.109952 0.990098 -0.319342 0 0 0 1 
1807261650221;0.995809;1.47444;0.966162 0.257266 0.0185832 -0.753982 -0.257894 0.962179 0.0877635 -0.0609782 0.00469823 -0.0895863 0.995968 -1.12204 0 0 0 1 
1807261650222;1.09618;1.44426;0.991084 0.129498 0.0313367 -0.57455 -0.13255 0.982156 0.133414 -0.570251 -0.0135007 -0.136378 0.990565 -1.23481 0 0 0 1 
1807261650223;0.826304;1.39753;0.999012 -0.0312566 0.0316027 -1.10559 0.0274835 0.99316 0.113485 -0.887764 -0.0349336 -0.112504 0.993037 -0.530735 0 0 0 1 
1807261650224;0.375842;1.44761;0.988976 0.145844 -0.0256189 -0.933731 -0.129036 0.933681 0.334051 -0.502544 0.0726392 -0.327063 0.942207 -1.24425 0 0 0 1 
1807261650225;0.55112;1.56331;0.973407 0.220004 -0.0638528 -0.46136 -0.221585 0.97496 -0.0187604 -0.959664 0.0581266 0.0324104 0.997783 0.290513 0 0 0 1 
1807261650226;0.761509;1.47519;0.954761 0.297312 -0.00616883 -0.258617 -0.295581 0.95107 0.0899926 0.412238 0.0326228 -0.084098 0.995923 0.0748354 0 0 0 1 
1807261650227;0.75985;1.4187;0.999147 0.0408652 -0.00597954 -1.14232 -0.039947 0.992984 0.1113 0.311646 0.0104859 -0.110966 0.993769 -0.564871 0 0 0 1 
1807261650228;0.464961;1.39356;0.99637 0.0834368 -0.0169061 -0.649797 -0.0790539 0.980493 0.179953 -0.318826 0.0315911 -0.177964 0.98353 -0.753803 0 0 0 1 
1807261650229;0.961907;1.43116;0.97024 0.0539226 0.236063 -1.16186 -0.122627 0.950051 0.286993 0.177736 -0.208797 -0.3074 0.928391 -0.015866 0 0 0 1 
1807261650230;1.24871;1.40649;0.968798 -0.0289839 -0.24615 -1.10552 0.0719528 0.983257 0.167415 -0.590647 0.237176 -0.179903 0.954664 -1.83891 0 0 0 1 
1807261650231;0.35278;1.33048;0.981507 -0.0418775 -0.186789 -1.24579 0.023129 0.994572 -0.101446 -0.322201 0.190023 0.0952493 0.977148 -0.0583275 0 0 0 1 
1807261650232;0.725754;1.37498;0.968834 -0.10842 -0.222722 -1.01492 0.155057 0.966625 0.203946 -0.698152 0.193177 -0.232125 0.953311 -0.920197 0 0 0 1 
1807261650233;0.807473;1.48981;0.985935 0.123932 0.112131 -0.731912 -0.137296 0.983166 0.120561 0.492814 -0.0953016 -0.134261 0.986353 -0.421724 0 0 0 1 
1807261650234;0.330571;1.46139;0.987775 0.153703 -0.025999 -0.853149 -0.151465 0.985757 0.0730852 -0.174515 0.0368621 -0.0682538 0.996987 0.0136345 0 0 0 1 
1807261650235;0.476097;1.41813;0.925928 0.377607 0.00838671 -0.0767716 -0.363738 0.885498 0.289116 -0.338903 0.101746 -0.270751 0.957257 -0.509609 0 0 0 1 
1807261650236;0.451212;1.45562;0.861022 0.317713 -0.397115 0.0999426 -0.274603 0.947676 0.1628 -0.225093 0.42806 -0.0311255 0.903214 -0.412507 0 0 0 1 
1807261650237;0.797582;1.44329;0.945107 -0.0122803 0.32653 -1.62621 -0.0640157 0.972971 0.221879 -0.433487 -0.320429 -0.230602 0.918775 -0.847113 0 0 0 1 
1807261650238;1.08583;1.76516;0.980979 0.17913 -0.074786 -0.311148 -0.171064 0.979851 0.1031 -1.03222 0.0917473 -0.0883454 0.991856 0.567043 0 0 0 1 
1807261650239;1.02135;1.51826;0.92411 0.341379 0.171702 0.0106242 -0.322864 0.937881 -0.127033 -0.527991 -0.204402 0.0619558 0.976924 -0.216173 0 0 0 1 
1807261650240;0.859825;1.46274;0.96196 0.27213 0.0240452 -0.581704 -0.273105 0.955737 0.109455 0.174554 0.00680493 -0.111858 0.993701 0.332438 0 0 0 1 
1807261650241;0.991567;1.45692;0.995184 -0.00975777 0.097533 -0.593106 -0.0261356 0.932594 0.359979 -0.838183 -0.0944713 -0.360794 0.927848 -0.770009 0 0 0 1 
1807261650242;0.558163;1.40807;0.975748 0.135831 -0.171658 -0.177965 -0.10092 0.97502 0.197866 -0.681779 0.194246 -0.175744 0.965082 -1.01687 0 0 0 1 
1807261650243;0.371812;1.42751;0.978652 0.157683 0.131823 -0.382196 -0.202892 0.843569 0.497218 -1.13014 -0.032799 -0.513349 0.857553 -1.34331 0 0 0 1 
1807261650244;0.711238;1.42221;0.985062 0.15915 -0.0657523 -0.953606 -0.163697 0.983969 -0.0707725 -0.296904 0.0534348 0.0804788 0.995323 -0.4114 0 0 0 1 
1807261650245;0.732714;1.36859;0.988896 -0.118568 -0.0895878 -1.63459 0.101192 0.978747 -0.178366 -0.0269169 0.108832 0.16732 0.979877 -0.0208616 0 0 0 1 
1807261650246;1.2033;1.54635;0.963786 0.217102 0.154863 -0.173228 -0.238864 0.961004 0.139339 -0.589947 -0.118573 -0.171284 0.97806 0.647746 0 0 0 1 
1807261650248;0.419559;1.58668;0.957465 0.286486 -0.034453 -0.746839 -0.285726 0.957976 0.0253451 -0.510938 0.0402661 -0.0144229 0.999085 -0.0888353 0 0 0 1 
1807261650249;0.496114;1.59135;0.909529 0.402345 -0.104282 -0.603029 -0.408118 0.91202 -0.0407409 -0.593789 0.0787151 0.0796143 0.993713 0.491968 0 0 0 1 
1807261650250;0.34812;1.48422;0.922128 0.360609 -0.140144 -0.141596 -0.37028 0.927597 -0.0495584 -0.323503 0.112126 0.0975915 0.98889 0.56999 0 0 0 1 
1807261650251;0.451728;1.60769;0.816342 0.565313 -0.118351 0.247447 -0.570804 0.820931 -0.0159534 -0.51512 0.088139 0.0805784 0.992844 0.486248 0 0 0 1 
1807261650252;0.33029;1.51967;0.900399 0.0735792 -0.428798 -1.47716 -0.119373 0.989551 -0.0808613 0.0926401 0.418368 0.123994 0.899774 0.649383 0 0 0 1 
1807261650253;0.249687;1.63564;0.970906 0.239461 0.00089735 -1.08191 -0.239355 0.97035 0.0336172 -0.0171896 0.00717927 -0.0328539 0.999434 -0.512673 0 0 0 1 
1807261650254;0.24129;1.59281;0.906574 0.420667 -0.0340828 -0.360388 -0.420829 0.89488 -0.148638 -0.130394 -0.0320273 0.149095 0.988304 0.617339 0 0 0 1 
1807261650255;0.565737;1.48175;0.917473 0.372818 0.138743 -0.483675 -0.291081 0.866912 -0.404642 -0.558502 -0.271136 0.330863 0.903889 1.88081 0 0 0 1 
1807261650256;0.73595;1.51998;0.78429 0.469928 0.405038 -0.0673541 -0.516636 0.856176 0.00703934 -0.175772 -0.343476 -0.214778 0.914273 -1.58833 0 0 0 1 
1807261650257;0.0754684;1.58462;0.954408 0.297861 -0.0195964 -0.750565 -0.296693 0.95379 0.0475114 -0.0414559 0.0328427 -0.0395312 0.998678 -0.235431 0 0 0 1 
1807261650258;0.796962;1.57024;0.930495 0.365422 -0.0254285 0.178045 -0.359224 0.923889 0.131858 0.473202 0.0716768 -0.113558 0.990942 -0.366067 0 0 0 1 
1807261650259;0.200045;1.64093;0.946536 0.322469 -0.0091536 -0.581154 -0.321421 0.945122 0.0585863 0.174711 0.0275435 -0.0525119 0.99824 -0.213499 0 0 0 1 
1807261650260;0.602384;1.47684;0.978038 0.178782 -0.107141 -1.14436 -0.131677 0.92847 0.347282 -0.00358888 0.161564 -0.325547 0.93162 -0.72183 0 0 0 1 
1807261650261;0.61809;1.53172;0.925987 0.165689 -0.339256 -1.11167 -0.12655 0.98279 0.134568 0.0264543 0.355714 -0.0816756 0.931019 0.258708 0 0 0 1 
1807261650262;0.377489;1.51513;0.98929 -0.0112718 0.145529 -2.0216 0.0394131 0.980608 -0.191973 0.00519369 -0.140543 0.195653 0.97055 0.797203 0 0 0 1 
1807261650263;0.214707;1.57597;0.996004 0.0722665 -0.0524731 -1.69513 -0.0685553 0.995232 0.06938 0.0866445 0.0572367 -0.0655054 0.996209 -0.357344 0 0 0 1 
