#;prob_registration_l1 -r /home/probabilistic_point_clouds_registration/build/tester /home/point_clouds_registration_benchmark/pioneer_slam3_local.txt /home/point_clouds_registration_benchmark/pioneer_slam3 -s 0.1 -t 0.1 -p 0.3 -r 10000 -m 15 -i 40 
id;initial_error;final_error;transformation
39885980090000;0.518509;0.0718752;0.983187 0.164393 -0.079486 -0.0936437 -0.149403 0.974496 0.167442 0.312065 0.104985 -0.152752 0.982672 -0.394455 0 0 0 1 
39885980090001;1.1366;0.111642;0.994302 0.0942333 -0.0498418 0.464008 -0.0912259 0.99405 0.0595187 -0.255374 0.0551539 -0.0546327 0.996982 0.306976 0 0 0 1 
39885980090002;0.639436;0.13287;0.986411 0.164042 -0.00914224 0.181469 -0.162992 0.970063 -0.180031 0.484818 -0.0206641 0.179075 0.983618 -0.0806831 0 0 0 1 
39885980090003;0.346141;0.1447;0.958598 -0.0949347 -0.268473 0.216872 0.0168226 0.960025 -0.279408 -0.101418 0.284266 0.263324 0.921875 -0.774725 0 0 0 1 
39885980090004;1.0895;0.380522;0.959356 -0.21124 -0.18712 -0.0561275 0.172631 0.963839 -0.203009 -0.0073978 0.223237 0.162455 0.961131 -1.03968 0 0 0 1 
39885980090005;0.90722;0.177907;0.998263 0.056147 -0.0178491 0.347766 -0.0569179 0.997314 -0.046099 0.406446 0.0152129 0.0470349 0.998777 -0.425474 0 0 0 1 
39885980090006;0.367469;0.0844368;0.97684 0.0164962 -0.213336 -0.0180551 -0.0578496 0.980255 -0.189088 0.0833851 0.206004 0.19705 0.958506 -0.97158 0 0 0 1 
39885980090007;0.500039;0.290168;0.95802 -0.271238 0.0928885 0.42281 0.286433 0.919532 -0.269103 -1.00431 -0.0124231 0.284413 0.958621 -0.253892 0 0 0 1 
39885980090008;1.30544;0.339042;0.979684 0.0968865 -0.175594 0.113888 -0.101597 0.994662 -0.0180174 0.750879 0.172911 0.0354911 0.984298 -1.08529 0 0 0 1 
39885980090009;1.07285;0.139057;0.988575 -0.148235 -0.0272978 -0.375165 0.148713 0.988744 0.0164051 -0.902189 0.0245587 -0.0202772 0.999493 0.00753178 0 0 0 1 
39885980090010;0.993349;0.0771371;0.950786 0.308922 -0.0239591 0.180811 -0.309631 0.950174 -0.036023 1.12554 0.011637 0.0416686 0.999064 0.306841 0 0 0 1 
39885980090011;1.19076;0.485261;0.997572 -0.0105596 0.068835 -0.354064 0.0244883 0.978501 -0.204783 0.243941 -0.0651927 0.205972 0.976384 -0.595506 0 0 0 1 
39885980090012;1.08018;0.118757;0.937197 0.328998 -0.115856 0.0996085 -0.338313 0.938246 -0.0723715 0.611239 0.084891 0.107022 0.990626 -0.954072 0 0 0 1 
39885980090013;0.734434;0.0931624;0.982337 0.173717 -0.0695514 -0.33553 -0.184687 0.959865 -0.211067 0.484993 0.030094 0.220184 0.974994 0.146018 0 0 0 1 
39885980090014;1.32795;0.183526;0.927107 0.138366 -0.348322 0.706635 -0.051517 0.967584 0.247241 0.260573 0.37124 -0.211274 0.904181 -1.11091 0 0 0 1 
39885980090015;0.724355;0.111449;0.999424 0.0169467 0.0293872 -0.00902113 -0.0176034 0.999598 0.0222356 0.0091305 -0.0289986 -0.0227401 0.999321 -0.448766 0 0 0 1 
39885980090016;0.348273;0.0463164;0.982412 0.0450361 -0.181214 0.0377718 -0.000996697 0.971729 0.236095 0.0457356 0.186724 -0.231762 0.954684 -0.340593 0 0 0 1 
39885980090017;0.847163;0.328253;0.971231 -0.238052 -0.00642284 0.627705 0.233243 0.956358 -0.176003 -0.488719 0.0480403 0.169441 0.984369 -0.762028 0 0 0 1 
39885980090018;0.98085;0.311604;0.986578 -0.102529 -0.127085 -0.16561 0.0833305 0.985451 -0.148129 0.0138227 0.140424 0.135551 0.980769 0.0302008 0 0 0 1 
39885980090019;1.01873;0.157846;0.960301 0.273823 0.0533135 -0.623361 -0.276731 0.959191 0.05808 0.447334 -0.0352342 -0.0705277 0.996887 0.791078 0 0 0 1 
39885980090020;0.349842;0.0470151;0.937941 0.3153 0.144404 -0.291737 -0.285871 0.93868 -0.192761 0.817943 -0.196327 0.139517 0.970562 0.365931 0 0 0 1 
39885980090021;0.142777;0.0906859;0.977984 0.0226027 -0.207453 -0.00638242 -0.0355475 0.997632 -0.0588844 0.0394297 0.20563 0.0649624 0.976471 -0.507447 0 0 0 1 
39885980090022;0.343863;0.110065;0.969077 0.212533 0.125376 -0.185702 -0.211068 0.977151 -0.0250105 0.487506 -0.127827 -0.00222571 0.991794 0.490738 0 0 0 1 
39885980090023;0.973502;0.169975;0.946489 -0.054821 -0.318046 0.786229 0.120609 0.974149 0.191015 -0.489813 0.299353 -0.219153 0.928633 -0.48932 0 0 0 1 
39885980090024;1.13358;0.101307;0.987549 0.154471 0.0297676 -0.23998 -0.1537 0.987758 -0.0266645 0.169962 -0.0335221 0.0217572 0.999201 -0.799869 0 0 0 1 
39885980090025;0.64818;0.195825;0.969999 -0.243088 -0.00331336 0.309614 0.242822 0.969421 -0.0354933 -1.0154 0.01184 0.0336239 0.999364 0.178494 0 0 0 1 
39885980090026;1.25567;0.25385;0.967244 -0.235407 0.0949838 0.379373 0.21194 0.954841 0.208233 -0.621348 -0.139714 -0.181281 0.973456 1.48834 0 0 0 1 
39885980090027;0.709211;0.270214;0.996236 0.0780449 0.0377214 -0.151316 -0.0786349 0.996799 0.0144153 0.322279 -0.0364756 -0.0173272 0.999184 0.515963 0 0 0 1 
39885980090028;1.02062;0.200772;0.999319 0.0341808 0.0139302 0.253452 -0.0345869 0.99895 0.0300383 0.384798 -0.0128888 -0.0304996 0.999452 0.598669 0 0 0 1 
39885980090029;0.737875;0.108906;0.923136 0.382128 -0.042394 -0.234268 -0.363657 0.903622 0.22632 0.875319 0.124791 -0.193507 0.97313 0.426115 0 0 0 1 
39885980090031;0.500388;0.504886;0.9206 -0.295223 -0.255615 -0.086764 0.296114 0.954477 -0.0359192 -0.254291 0.254583 -0.042624 0.966111 -1.36326 0 0 0 1 
39885980090032;0.490152;0.591339;0.653686 -0.75265 -0.0788235 -0.0464721 0.74419 0.658236 -0.11361 -2.04038 0.137393 0.0156054 0.990394 -0.382754 0 0 0 1 
39885980090033;0.259006;0.540685;0.756399 -0.633587 -0.162568 -0.107077 0.618033 0.773655 -0.139618 -1.38477 0.214232 0.00513462 0.976769 -0.635382 0 0 0 1 
39885980090034;0.13399;0.533022;0.878131 -0.478415 0.00223248 -0.295079 0.473082 0.867628 -0.153021 -0.995167 0.0712706 0.135428 0.98822 -0.0988664 0 0 0 1 
39885980090035;0.310003;0.505722;0.9807 -0.19476 -0.0172024 0.0342553 0.176803 0.920947 -0.34727 0.0152153 0.083477 0.337527 0.937607 0.369012 0 0 0 1 
39885980090036;0.791909;0.530867;0.839815 -0.343354 -0.420498 1.14955 0.363594 0.930937 -0.0339828 -0.452334 0.403125 -0.124351 0.906657 -1.80103 0 0 0 1 
39885980090037;0.326129;0.544939;0.924356 -0.377498 0.0553375 -0.503447 0.381444 0.917495 -0.112714 -0.808551 -0.00822251 0.125296 0.992085 0.437818 0 0 0 1 
39885980090038;0.582863;0.581325;0.898436 -0.43661 0.0467268 -0.668495 0.439061 0.891764 -0.109465 -1.38357 0.00612444 0.118864 0.992892 0.0136227 0 0 0 1 
39885980090039;0.172583;0.542174;0.902505 -0.42936 0.0336895 -0.39631 0.43054 0.897453 -0.0959835 -0.800344 0.0109767 0.10113 0.994813 0.262134 0 0 0 1 
39885980090040;0.259945;0.540408;0.911675 -0.408889 0.0407219 -0.265199 0.399762 0.905501 0.142333 -0.461142 -0.0950721 -0.113482 0.988981 0.0676618 0 0 0 1 
39885980090041;0.477445;0.551541;0.783006 -0.61785 0.0718585 -0.15852 0.620664 0.783683 -0.0248399 -1.91115 -0.0409669 0.0640498 0.997105 -0.0729479 0 0 0 1 
39885980090042;0.418217;0.515163;0.992914 -0.109627 0.0458653 -0.0161715 0.113262 0.989831 -0.0860571 0.459216 -0.0359647 0.0906421 0.995234 0.538997 0 0 0 1 
39885980090043;0.341309;0.548076;0.823718 -0.535465 -0.186457 -0.0366926 0.558571 0.822833 0.104617 -1.4285 0.0974043 -0.190324 0.976877 -0.658319 0 0 0 1 
39885980090044;0.352045;0.531398;0.803082 -0.552846 0.222305 -0.224173 0.500846 0.8284 0.250813 -1.24477 -0.322818 -0.0900826 0.942164 0.514411 0 0 0 1 
39885980090045;0.207777;0.576009;0.806299 -0.562745 0.182211 -0.254475 0.571117 0.820832 0.00783918 -1.30414 -0.153976 0.0977429 0.983228 0.614578 0 0 0 1 
39885980090046;0.379302;0.524648;0.927346 -0.0742448 0.366766 0.15954 0.17994 0.947841 -0.263095 0.00142402 -0.328103 0.309976 0.892336 1.21668 0 0 0 1 
39885980090047;0.227046;0.539507;0.913835 -0.335553 0.228714 -0.0577408 0.327589 0.941986 0.0731246 -0.48938 -0.239983 0.00810046 0.970743 0.40363 0 0 0 1 
39885980090048;0.266999;0.554816;0.895679 -0.366278 0.252191 0.0180774 0.416015 0.89052 -0.184136 -0.67487 -0.157136 0.269841 0.949997 1.16806 0 0 0 1 
39885980090049;0.523967;0.513219;0.901491 -0.372095 0.22104 0.192773 0.312951 0.913217 0.260953 -0.493539 -0.298957 -0.166072 0.939705 1.12639 0 0 0 1 
39885980090050;0.207409;0.532262;0.879157 -0.476464 0.00805616 -0.147799 0.475526 0.876078 -0.0797653 -1.19754 0.0309475 0.0739571 0.996781 0.0678314 0 0 0 1 
39885980090051;0.499446;0.51784;0.932892 -0.300011 0.199266 0.0402675 0.334437 0.926933 -0.170142 -0.138926 -0.133662 0.225366 0.965062 0.20368 0 0 0 1 
39885980090052;0.316512;0.517163;0.940034 -0.265164 0.214532 -0.373835 0.30619 0.933173 -0.188246 -0.236506 -0.150279 0.242645 0.958405 0.584191 0 0 0 1 
39885980090053;0.450592;0.523507;0.874849 -0.475761 0.0910521 -0.362897 0.483791 0.867571 -0.115183 -0.808769 -0.0241949 0.144818 0.989163 -0.271458 0 0 0 1 
39885980090054;0.48513;0.585215;0.706385 -0.683842 -0.182704 -0.182896 0.707685 0.677117 0.201727 -1.95211 -0.0142377 -0.271794 0.96225 -0.553657 0 0 0 1 
39885980090055;0.127893;0.533573;0.836137 -0.548131 0.0206907 -0.164303 0.544551 0.824965 -0.151317 -1.18076 0.0658722 0.137789 0.988269 0.143777 0 0 0 1 
39885980090056;0.526201;0.561807;0.700766 -0.71257 -0.0342285 -0.0426802 0.713168 0.69854 0.0585837 -1.6755 -0.017835 -0.0654642 0.997696 0.518602 0 0 0 1 
39885980090057;0.593626;0.538002;0.878102 -0.381359 -0.288967 0.550572 0.438783 0.882656 0.168488 -0.687145 0.190804 -0.274743 0.942396 -0.595822 0 0 0 1 
39885980090058;0.12749;0.532963;0.933462 -0.342828 -0.105438 -0.188112 0.324739 0.932616 -0.157392 -0.425715 0.152291 0.112679 0.981891 -0.190739 0 0 0 1 
39885980090059;0.597495;0.541467;0.84208 -0.510048 -0.175365 -0.314971 0.407642 0.814765 -0.412292 -1.0912 0.35317 0.275697 0.894015 0.336308 0 0 0 1 
39885980090060;0.466612;0.574824;0.754465 -0.634843 0.166601 -0.217112 0.654964 0.7118 -0.253698 -1.49499 0.0424725 0.300524 0.952828 0.921542 0 0 0 1 
39885980090062;0.722072;0.529821;0.961709 -0.228811 -0.150868 -0.0596703 0.235947 0.971272 0.0309881 -0.828101 0.139443 -0.0653985 0.988068 -0.243005 0 0 0 1 
39885980090063;0.21414;0.16901;0.997766 0.048345 0.0461112 -0.0999922 -0.0278552 0.928372 -0.370608 0.0900952 -0.0607254 0.368496 0.927644 -0.3074 0 0 0 1 
39885980090064;0.937509;0.134998;0.990181 0.139793 1.98902e-05 -0.753996 -0.137913 0.976889 -0.163303 0.240688 -0.0228479 0.161696 0.986576 -0.681507 0 0 0 1 
39885980090065;0.614008;0.282095;0.935557 0.216512 0.279026 -0.210584 -0.130167 0.945816 -0.29747 0.572997 -0.328314 0.24198 0.913047 0.451234 0 0 0 1 
39885980090066;0.857809;0.12894;0.996817 0.0708474 0.0365564 -0.0440941 -0.0679144 0.994789 -0.0760459 -0.248224 -0.0417536 0.0733211 0.996434 0.623321 0 0 0 1 
39885980090067;0.711929;0.287692;0.990247 0.0728678 -0.118751 0.341255 -0.0827661 0.993299 -0.0806675 0.152025 0.112077 0.0897093 0.989642 -0.536484 0 0 0 1 
39885980090068;0.589386;0.276933;0.999323 -0.0359707 0.00767148 0.0865422 0.0356216 0.998499 0.0416011 -0.2085 -0.00915639 -0.0412996 0.999105 0.548756 0 0 0 1 
39885980090069;0.410197;0.22284;0.998704 -0.0226602 -0.0455802 0.116809 0.0242087 0.999138 0.0337143 -0.187645 0.044777 -0.034774 0.998392 -0.339834 0 0 0 1 
39885980090070;0.483885;0.0756959;0.931931 0.123961 0.34079 -0.271919 -0.137501 0.990376 0.0157698 0.261363 -0.335555 -0.0615555 0.940007 1.10475 0 0 0 1 
39885980090071;0.64931;0.64642;0.976963 -0.115258 -0.179607 0.0607521 0.0580464 0.953399 -0.296077 -0.160901 0.205362 0.27883 0.938126 -0.779104 0 0 0 1 
39885980090072;0.398606;0.596238;0.943368 -0.330547 -0.0281966 0.518594 0.325038 0.903938 0.277932 -1.38235 -0.0663818 -0.271357 0.960187 0.512548 0 0 0 1 
39885980090073;0.928997;0.553696;0.960015 -0.00230847 -0.279938 0.406296 0.0196756 0.99805 0.0592448 0.093753 0.279255 -0.0623839 0.958188 -0.4038 0 0 0 1 
39885980090074;0.42064;0.432666;0.888863 -0.175554 0.423205 0.491726 0.172929 0.983908 0.0449406 -0.745733 -0.424285 0.0332384 0.904919 1.14462 0 0 0 1 
39885980090075;0.428471;0.188222;0.91915 0.203127 0.337495 -0.21307 -0.258943 0.957226 0.129096 0.768493 -0.296836 -0.206051 0.932433 1.17416 0 0 0 1 
39885980090076;0.878954;0.245379;0.99241 -0.0452638 0.114343 0.558731 0.0417317 0.99858 0.0330988 -0.241018 -0.115679 -0.0280758 0.99289 0.739047 0 0 0 1 
39885980090077;0.395145;0.174662;0.910913 0.404518 -0.0812561 -0.450445 -0.412581 0.894839 -0.170409 1.16525 0.00377759 0.188753 0.982017 -0.238365 0 0 0 1 
39885980090078;1.1758;0.313192;0.998516 -0.049083 0.023592 -0.0752701 0.0493668 0.998713 -0.0116031 -0.396632 -0.0229921 0.0127505 0.999654 -0.952245 0 0 0 1 
39885980090079;1.02505;0.722622;0.954338 0.0606452 -0.292509 -0.261635 -0.121687 0.973175 -0.195249 0.344321 0.272822 0.221928 0.936118 -0.546708 0 0 0 1 
39885980090080;0.475546;0.135637;0.999644 -0.02669 0.000715045 0.086336 0.0266765 0.999535 0.0147682 -0.235325 -0.00110888 -0.0147439 0.999891 -0.36384 0 0 0 1 
39885980090081;0.321616;0.17615;0.943729 0.00583574 0.330667 0.15312 -0.0137711 0.999671 0.0216603 -0.0960324 -0.330432 -0.0249951 0.943499 1.00905 0 0 0 1 
39885980090082;1.0641;0.332309;0.972437 0.04776 0.228222 -0.480062 -0.0604187 0.996979 0.0488017 0.067788 -0.225202 -0.0612455 0.972385 -0.0249406 0 0 0 1 
39885980090083;0.893927;0.0900906;0.952294 -0.0514492 0.300815 -0.189773 -0.0646642 0.92929 0.363647 -0.309679 -0.298254 -0.36575 0.88163 0.815785 0 0 0 1 
39885980090084;0.543877;0.171894;0.96022 0.246252 -0.131674 -0.0277864 -0.260808 0.959358 -0.107761 0.293759 0.099786 0.137815 0.985419 -0.346716 0 0 0 1 
39885980090085;0.738131;0.26759;0.868547 0.145019 0.473915 0.403361 -0.174383 0.984507 0.0183314 0.226901 -0.463914 -0.0985643 0.88038 1.02914 0 0 0 1 
39885980090086;0.60161;0.154275;0.997812 0.0659827 0.00408467 -0.134014 -0.0661084 0.995611 0.066242 0.0984436 0.000304082 -0.0663671 0.997795 0.573187 0 0 0 1 
39885980090087;0.217577;0.116485;0.998213 0.0506052 -0.0317643 -0.161728 -0.0493095 0.997969 0.0403292 -0.04319 0.0337406 -0.0386908 0.998681 -0.126734 0 0 0 1 
39885980090088;0.201974;0.232754;0.995407 -0.0741027 0.0606125 0.0629926 0.0840712 0.979478 -0.183182 -0.323476 -0.0457943 0.187437 0.981209 -0.186194 0 0 0 1 
39885980090089;0.645809;0.0922416;0.897728 0.214625 -0.384735 0.153747 -0.154184 0.971138 0.181983 0.330049 0.412689 -0.104051 0.904909 -1.33282 0 0 0 1 
39885980090090;0.450371;0.126279;0.919024 0.291556 0.265312 -0.293583 -0.30238 0.953187 -4.75764e-05 0.871268 -0.252905 -0.0801812 0.964163 0.919198 0 0 0 1 
39885980090091;0.498519;0.122816;0.985795 0.154649 -0.0655148 -0.0991055 -0.144985 0.980474 0.132852 0.247225 0.0847809 -0.121466 0.988968 0.31088 0 0 0 1 
39885980090093;0.227552;0.386787;0.98021 0.0370293 0.194466 -0.350293 -0.0380087 0.999277 0.00130623 0.464939 -0.194277 -0.0086718 0.980908 0.286003 0 0 0 1 
39885980090094;0.336698;0.340931;0.974446 -0.177904 0.137136 0.349396 0.187055 0.980699 -0.0569136 0.0968601 -0.124364 0.0811111 0.988916 -0.30302 0 0 0 1 
39885980090095;0.148785;0.350226;0.986733 0.0111021 -0.16197 -0.283635 -0.0265666 0.995253 -0.0936267 0.372003 0.160162 0.0966875 0.982344 -0.351102 0 0 0 1 
39885980090096;0.662123;0.46236;0.973166 0.116898 -0.198199 -0.186997 -0.066136 0.967096 0.245665 0.274714 0.220396 -0.225964 0.948876 0.00931594 0 0 0 1 
39885980090097;0.657715;0.528482;0.968715 0.0549185 0.242022 -0.384597 -0.0626759 0.997734 0.0244648 -0.224232 -0.240131 -0.0388684 0.969962 0.0878773 0 0 0 1 
39885980090098;0.630821;0.419849;0.99853 0.0506407 -0.0193116 -0.460073 -0.0541969 0.935213 -0.349912 0.277825 0.000340642 0.350445 0.936583 -0.4703 0 0 0 1 
39885980090099;0.628543;0.411634;0.939562 -0.201661 0.276689 0.514319 0.216178 0.976091 -0.0226715 0.706262 -0.265502 0.0811153 0.960692 0.375206 0 0 0 1 
39885980090100;0.425699;0.490771;0.939389 0.31192 0.142319 -1.44588 -0.276415 0.934601 -0.223864 1.24226 -0.202839 0.170956 0.964173 -0.712755 0 0 0 1 
39885980090101;0.696606;0.410391;0.996609 -0.0692359 -0.044472 0.0220714 0.0756502 0.98354 0.164091 -0.285084 0.032379 -0.166899 0.985442 0.924331 0 0 0 1 
39885980090102;0.122477;0.332729;0.997657 0.0682731 0.00429591 -0.560827 -0.0681505 0.997384 -0.0241089 0.476381 -0.00593066 0.0237597 0.9997 -0.0463257 0 0 0 1 
39885980090103;0.717527;0.409689;0.886014 0.425636 0.183885 -2.43753 -0.398812 0.901886 -0.165982 0.920332 -0.236492 0.0737266 0.968832 0.0510439 0 0 0 1 
39885980090104;0.685443;0.560569;0.972517 0.232734 0.00676585 -1.05831 -0.23274 0.972539 0.000145405 -0.149757 -0.00654621 -0.00171609 0.999977 -0.28173 0 0 0 1 
39885980090105;0.47354;0.490804;0.980797 0.19394 0.0206026 -1.04679 -0.193659 0.980956 -0.0148509 0.0146128 -0.0230904 0.0105759 0.999677 -0.0404735 0 0 0 1 
39885980090106;0.459683;0.380155;0.947873 0.198322 -0.249408 -0.78396 -0.181784 0.9794 0.0879204 0.660938 0.261707 -0.037999 0.964399 -0.622821 0 0 0 1 
39885980090107;0.891834;0.401099;0.933553 -0.34748 0.0879587 0.239713 0.349747 0.936776 -0.0113234 -0.3966 -0.0784629 0.0413343 0.99606 -0.0899591 0 0 0 1 
39885980090108;0.424446;0.38063;0.893577 -0.172654 0.414381 0.195155 0.147192 0.984737 0.0928885 0.324286 -0.424093 -0.0220096 0.905351 0.320732 0 0 0 1 
39885980090109;0.495711;0.429618;0.933937 0.357266 -0.0110669 -1.63458 -0.357213 0.934 0.00648863 1.3356 0.0126546 -0.00210674 0.999918 0.183418 0 0 0 1 
39885980090110;0.968235;0.573419;0.860084 0.447747 0.244495 -1.78605 -0.482962 0.869014 0.107525 1.48149 -0.164326 -0.210563 0.96367 1.79991 0 0 0 1 
39885980090111;0.425117;0.399962;0.994758 0.101058 0.015617 -0.660004 -0.100835 0.994798 -0.0144446 0.629789 -0.0169955 0.0127941 0.999774 0.469609 0 0 0 1 
39885980090112;0.465914;0.546364;0.882633 0.46422 -0.0738787 -2.05818 -0.463703 0.834109 -0.298732 1.54193 -0.0770544 0.297928 0.951473 -1.06648 0 0 0 1 
39885980090113;0.34947;0.35779;0.988403 0.14622 0.0409762 -0.837156 -0.151574 0.933665 0.32449 0.827113 0.00918877 -0.326938 0.945001 1.36766 0 0 0 1 
39885980090114;0.0961654;0.372902;0.991458 0.118304 -0.0549128 -0.694466 -0.119696 0.992549 -0.0227746 0.552 0.0518094 0.0291529 0.998231 -0.284812 0 0 0 1 
39885980090115;0.726185;0.392491;0.977972 -0.142376 -0.152641 0.0940767 0.130063 0.987604 -0.087875 0.266486 0.16326 0.0660864 0.984367 0.53431 0 0 0 1 
39885980090116;0.788969;0.490525;0.936623 -0.34955 -0.0235222 1.10749 0.344019 0.930344 -0.12693 0.436018 0.066252 0.110793 0.991633 0.326655 0 0 0 1 
39885980090117;0.478045;0.400446;0.992449 0.0957206 0.0766944 -0.557204 -0.0931584 0.994988 -0.0363252 0.562024 -0.0797871 0.0289062 0.996393 0.524431 0 0 0 1 
39885980090118;0.326438;0.330462;0.988715 -0.148161 0.022139 0.123498 0.148679 0.988596 -0.023921 0.240733 -0.0183424 0.0269427 0.999469 0.082698 0 0 0 1 
39885980090119;0.735474;0.32768;0.974759 -0.151301 0.164172 0.170561 0.163473 0.984517 -0.0632732 0.0249748 -0.152056 0.0885136 0.9844 0.597812 0 0 0 1 
39885980090120;0.723848;0.341502;0.99308 0.0268197 0.114335 -0.535573 -0.0105808 0.990048 -0.140335 0.965415 -0.116961 0.138154 0.98348 0.344766 0 0 0 1 
39885980090121;0.394688;0.45994;0.996683 0.0763469 -0.0281667 -0.463726 -0.0800084 0.982562 -0.16784 0.151213 0.0148614 0.169537 0.985412 -0.371097 0 0 0 1 
39885980090122;0.722168;0.450971;0.971248 0.235253 0.0365244 -1.12457 -0.232283 0.97004 -0.0711823 0.74445 -0.052176 0.0606516 0.996794 0.717174 0 0 0 1 
39885980090124;0.340489;0.0131955;0.9957 0.0924361 0.00603759 0.245324 -0.0924447 0.995717 0.00115319 -0.652392 -0.00590513 -0.00170638 0.999981 -0.378522 0 0 0 1 
39885980090125;0.370091;0.0137586;0.913544 0.013029 0.406531 -0.41813 -0.051223 0.995215 0.0832108 -0.261024 -0.403502 -0.0968405 0.90984 -1.00645 0 0 0 1 
39885980090126;0.34208;0.0172712;0.886759 0.247573 0.39034 0.572342 -0.264878 0.964232 -0.00982554 -0.555747 -0.378811 -0.0946793 0.920618 -0.651243 0 0 0 1 
39885980090127;0.0863411;0.0198724;0.995848 -0.00797835 -0.0906827 0.0168241 0.013607 0.998007 0.0616217 -0.0172202 0.0900103 -0.0625997 0.993972 -0.0286698 0 0 0 1 
39885980090128;0.358883;0.0178519;0.972386 0.168858 0.161095 0.680051 -0.17685 0.98356 0.0365279 -0.0105202 -0.152279 -0.0640089 0.986263 0.177301 0 0 0 1 
39885980090129;0.382249;0.0198891;0.928532 0.371253 -1.76195e-05 1.47102 -0.371242 0.928505 0.00762705 -0.872204 0.00284792 -0.00707541 0.999971 -0.0372473 0 0 0 1 
39885980090130;0.323168;0.0240951;0.971748 0.189029 -0.141327 0.937647 -0.204946 0.972791 -0.108052 -0.124804 0.117057 0.133964 0.984048 0.325969 0 0 0 1 
39885980090131;0.505537;0.0154479;0.993132 -0.11653 -0.0104487 -0.893006 0.115715 0.991506 -0.0593732 -0.629332 0.0172787 0.0577564 0.998181 -0.202527 0 0 0 1 
39885980090132;0.44134;0.0147038;0.999039 0.0195275 -0.0392383 -0.65167 -0.0231662 0.995253 -0.0945283 0.0880179 0.0372061 0.0953465 0.994749 0.774255 0 0 0 1 
39885980090133;0.275576;0.0107649;0.998514 -0.0536446 -0.00961962 -0.692002 0.0537037 0.998539 0.00600369 -0.0923664 0.0092835 -0.00651137 0.999936 -0.156585 0 0 0 1 
39885980090134;0.264805;0.0149316;0.980934 -0.147599 0.126421 -0.531552 0.174446 0.955455 -0.238064 0.0944116 -0.0856514 0.255579 0.962987 0.972386 0 0 0 1 
39885980090135;0.321182;0.00845591;0.979918 0.198047 0.0231866 0.284803 -0.1936 0.972805 -0.127159 -0.234054 -0.0477395 0.120116 0.991611 0.687485 0 0 0 1 
39885980090136;0.536598;0.0096154;0.990086 0.0754423 -0.11848 -0.139506 -0.0897609 0.988638 -0.120577 0.0918177 0.108037 0.130016 0.985608 1.48214 0 0 0 1 
39885980090137;0.239766;0.0171727;0.998632 0.0443736 0.0276652 -0.00195382 -0.0460195 0.997014 0.0620054 0.0157169 -0.0248312 -0.0631937 0.997692 -0.669899 0 0 0 1 
39885980090138;0.366462;0.0192169;0.929201 -0.354843 -0.103303 -1.36644 0.346461 0.933667 -0.0907263 0.238383 0.128645 0.0485124 0.990503 0.112531 0 0 0 1 
39885980090139;0.522118;0.0124039;0.98677 0.15751 0.0384151 -0.156216 -0.160005 0.984332 0.0740855 -0.710203 -0.026144 -0.0792519 0.996512 0.15346 0 0 0 1 
39885980090140;0.328612;0.0195533;0.977108 -0.0350236 -0.20984 -0.151358 0.0198941 0.997076 -0.0737824 0.0245635 0.211811 0.0679188 0.974948 1.05834 0 0 0 1 
39885980090141;0.0802768;0.0099699;0.999114 -0.0167808 0.0386071 -0.167262 0.0147826 0.998565 0.0514736 -0.0496792 -0.0394155 -0.0508573 0.997928 -0.157328 0 0 0 1 
39885980090142;0.374391;0.0296469;0.93506 0.265108 -0.235331 1.16306 -0.189504 0.934867 0.300187 -0.684053 0.299585 -0.236097 0.924395 -0.63072 0 0 0 1 
39885980090143;0.228673;0.0200582;0.982002 0.181325 -0.0528567 0.753386 -0.181306 0.983413 0.00521251 -0.186969 0.0529252 0.00446453 0.998589 -0.157683 0 0 0 1 
39885980090144;0.446317;0.0144021;0.917295 0.398166 0.00575907 1.48152 -0.398168 0.916904 0.0273913 -0.933316 0.00562576 -0.027419 0.999608 0.248627 0 0 0 1 
39885980090145;0.0431272;0.0122498;0.999608 0.0160203 0.0229533 0.00971648 -0.0169358 0.999046 0.0402613 -0.0328776 -0.0222864 -0.0406343 0.998926 -0.181032 0 0 0 1 
39885980090146;0.329175;0.0260624;0.994115 -0.0993903 -0.043102 -0.210541 0.0983199 0.994808 -0.0262859 0.40647 0.0454907 0.0218934 0.998725 0.614026 0 0 0 1 
39885980090147;0.155218;0.0120029;0.998314 0.0545217 0.0198944 0.0619303 -0.0557364 0.996215 0.0667056 -0.128785 -0.0161822 -0.067702 0.997574 -0.0197085 0 0 0 1 
39885980090148;0.427209;0.0107143;0.987911 0.137209 0.0721511 0.302876 -0.11659 0.964356 -0.237536 -0.436623 -0.102172 0.226253 0.968695 1.46908 0 0 0 1 
39885980090149;0.211483;0.0146618;0.984601 -0.120724 0.126442 -0.664081 0.119177 0.992676 0.0197563 0.164734 -0.127901 -0.0043831 0.991777 0.0632809 0 0 0 1 
39885980090150;0.560906;0.0323386;0.922047 0.210058 -0.325123 1.20533 -0.238297 0.969949 -0.0491365 0.288593 0.305032 0.122782 0.944394 0.324196 0 0 0 1 
39885980090151;0.283425;0.0124657;0.94787 0.293708 0.123606 0.976921 -0.250635 0.926703 -0.280007 -0.485958 -0.196786 0.23443 0.952007 0.633962 0 0 0 1 
39885980090152;0.461176;0.0183823;0.898695 -0.421917 0.11972 -1.83551 0.415302 0.906427 0.0769024 0.172239 -0.140964 -0.0193918 0.989825 -0.393916 0 0 0 1 
39885980090153;0.364593;0.0109721;0.992611 0.110458 0.0502312 0.0328083 -0.11391 0.990878 0.0720088 -0.600706 -0.041819 -0.0771985 0.996138 -0.726171 0 0 0 1 
39885980090155;0.220386;1.63115;0.999518 -0.0305104 -0.00572989 -0.330788 0.0302315 0.998587 -0.0436949 1.46539 0.00705495 0.0435006 0.999028 -0.0551639 0 0 0 1 
39885980090156;0.547565;1.54634;0.960631 -0.102885 0.258076 0.0346254 0.0718438 0.989301 0.126973 1.06262 -0.268378 -0.103433 0.957745 1.24245 0 0 0 1 
39885980090157;0.178395;1.42594;0.995503 0.0944059 0.00777649 -0.319537 -0.0939533 0.994516 -0.0459427 1.6073 -0.0120711 0.0450055 0.998914 -0.148067 0 0 0 1 
39885980090158;0.913519;1.56983;0.915 0.0201179 0.402953 0.489814 -0.0640806 0.993325 0.0959172 1.66552 -0.398333 -0.113586 0.910181 1.96059 0 0 0 1 
39885980090159;0.31181;1.24613;0.991889 0.0860493 -0.0935492 -0.156321 -0.120629 0.869231 -0.479464 1.88298 0.0400583 0.48686 0.872561 -0.369132 0 0 0 1 
39885980090160;0.529179;1.62705;0.996848 0.0749471 -0.0260328 -0.475845 -0.0750583 0.997174 -0.00331813 1.84729 0.0257105 0.00526164 0.999656 0.383352 0 0 0 1 
39885980090161;0.588623;1.67927;0.983423 -0.0925414 0.155936 -0.284418 0.076124 0.991214 0.108162 1.38575 -0.164575 -0.0944985 0.981827 1.04727 0 0 0 1 
39885980090162;0.825722;1.77374;0.984595 -0.167276 -0.0509091 -0.0313373 0.165401 0.985451 -0.0390905 1.2883 0.0567074 0.0300679 0.997938 -0.953842 0 0 0 1 
39885980090163;0.504725;1.54807;0.993534 0.113371 -0.00602694 -0.0785106 -0.113355 0.99355 0.00294615 2.33117 0.00632208 -0.00224392 0.999977 -0.0248906 0 0 0 1 
39885980090164;0.244441;1.40194;0.991294 0.10878 -0.0741878 -0.313426 -0.101622 0.990347 0.0942637 1.68848 0.0837257 -0.0859039 0.992779 -0.518493 0 0 0 1 
39885980090165;0.707584;1.42494;0.997454 0.0712575 0.00278652 -0.490622 -0.0711847 0.997247 -0.0207725 1.89601 -0.00425904 0.0205213 0.99978 -0.736647 0 0 0 1 
39885980090166;0.507941;1.23006;0.980932 0.141737 0.132978 -0.471258 -0.120747 0.980591 -0.15447 1.87187 -0.152291 0.135468 0.979008 0.687869 0 0 0 1 
39885980090167;0.79424;1.80423;0.990414 -0.110875 -0.0823837 -0.187579 0.101534 0.988729 -0.110023 1.63757 0.093654 0.100603 0.990509 0.339095 0 0 0 1 
39885980090168;0.994365;0.986979;0.994503 0.0900638 -0.0534123 0.462121 -0.0961641 0.987418 -0.12553 1.57347 0.0414346 0.129976 0.990651 0.512438 0 0 0 1 
39885980090169;0.602224;1.21856;0.946904 0.259328 -0.190057 -0.320679 -0.281601 0.954199 -0.101016 2.6716 0.155156 0.149173 0.976562 -0.813894 0 0 0 1 
39885980090170;0.878287;1.77359;0.979759 -0.0724873 -0.186595 -0.336602 0.10645 0.978077 0.178982 1.24368 0.16953 -0.195222 0.965996 0.305024 0 0 0 1 
39885980090171;0.174618;1.373;0.983787 0.121986 -0.131461 -0.194478 -0.12373 0.992303 -0.00515265 1.85232 0.12982 0.0213348 0.991308 -0.583426 0 0 0 1 
39885980090172;0.809772;1.51206;0.996395 0.0847866 -0.00278351 -0.773916 -0.0848186 0.996287 -0.014751 1.94353 0.00152249 0.0149339 0.999887 0.701143 0 0 0 1 
39885980090173;0.12527;1.63767;0.996633 0.0537394 -0.061927 -0.309086 -0.0619524 0.988294 -0.139414 1.9233 0.0537101 0.142781 0.988296 -0.298247 0 0 0 1 
39885980090174;1.08358;1.23431;0.957676 0.0803483 0.276407 -0.59466 -0.0879926 0.996003 0.0153442 1.64834 -0.27407 -0.0390166 0.960918 1.77356 0 0 0 1 
39885980090175;0.382051;1.63626;0.994128 0.108127 -0.00427848 -0.425719 -0.108196 0.993884 -0.0220954 1.99897 0.00186319 0.0224286 0.999747 0.324918 0 0 0 1 
39885980090176;1.01834;1.66587;0.94499 -0.145732 0.29284 -0.632661 0.155859 0.987713 -0.0114153 0.568325 -0.287579 0.056429 0.956093 1.33786 0 0 0 1 
39885980090177;0.304463;1.70703;0.994092 0.102575 0.0354885 -0.180472 -0.101656 0.994458 -0.0268041 2.07858 -0.0380413 0.0230381 0.999011 -0.16636 0 0 0 1 
39885980090178;0.543046;1.51328;0.995349 0.0338326 0.0901978 -0.678182 -0.0276094 0.997209 -0.0693714 1.45319 -0.0922931 0.0665584 0.993505 0.609949 0 0 0 1 
39885980090179;0.361753;1.51202;0.985567 0.0794855 -0.149464 -0.422578 -0.0884682 0.994591 -0.0544327 1.78154 0.144329 0.0668699 0.987268 -0.183908 0 0 0 1 
39885980090180;0.25283;1.91213;0.99771 0.0429329 -0.0522577 -0.278667 -0.0432057 0.999058 -0.0041019 2.10717 0.0520323 0.00635034 0.998625 -0.0248296 0 0 0 1 
39885980090181;0.881259;1.75634;0.977388 0.0285524 -0.209517 0.198289 -0.0120028 0.996735 0.07984 1.26479 0.211113 -0.0755198 0.97454 -0.193387 0 0 0 1 
39885980090182;0.669254;1.3559;0.997616 0.0686898 -0.0066871 -0.0445243 -0.0688661 0.997137 -0.0312265 1.37873 0.00452301 0.0316126 0.99949 -0.676337 0 0 0 1 
39885980090183;0.198594;1.48556;0.96826 0.0491519 0.245063 -0.229999 -0.0518135 0.998647 0.00442175 1.66064 -0.244514 -0.016979 0.969497 0.846079 0 0 0 1 
39885980090184;0.838159;1.28221;0.987819 0.139191 -0.0695608 0.0109396 -0.155466 0.901668 -0.403515 2.41384 0.00655522 0.409414 0.912325 -0.887305 0 0 0 1 
39885980090186;1.03403;0.507399;0.94732 0.319034 0.0283037 -0.15539 -0.31723 0.946788 -0.0543815 0.476057 -0.0441472 0.0425379 0.998119 -0.587603 0 0 0 1 
39885980090187;0.391456;0.356918;0.99022 0.126778 0.0582356 -0.424179 -0.130198 0.989717 0.0592375 0.268895 -0.0501267 -0.0662403 0.996544 -0.12152 0 0 0 1 
39885980090188;0.19321;0.461837;0.991993 0.0771701 -0.0999772 -0.394912 -0.0872146 0.991124 -0.100334 0.140943 0.091347 0.10825 0.989918 -0.52081 0 0 0 1 
39885980090189;0.694654;0.613576;0.932654 -0.287655 0.217742 -0.0130405 0.267661 0.956384 0.116989 -1.09541 -0.241897 -0.0508288 0.96897 1.32612 0 0 0 1 
39885980090190;0.710931;0.424319;0.996317 0.0836819 -0.018712 -0.394143 -0.0773024 0.970975 0.226346 0.199223 0.03711 -0.224066 0.973867 0.725831 0 0 0 1 
39885980090191;0.303973;0.467444;0.982709 0.18302 0.0280544 -0.520668 -0.182706 0.983076 -0.0134104 0.417711 -0.030034 0.00805284 0.999516 -0.0814661 0 0 0 1 
39885980090192;0.937341;0.455747;0.984683 0.173197 0.0200699 -0.40376 -0.172833 0.984774 -0.0186614 0.0303903 -0.0229965 0.0149068 0.999624 0.791136 0 0 0 1 
39885980090193;0.0973903;0.378125;0.991889 0.126223 0.0149726 -0.413672 -0.12611 0.991982 -0.00823293 0.391743 -0.0158918 0.00627795 0.999854 0.0810667 0 0 0 1 
39885980090194;0.330993;0.399686;0.999381 -0.013917 0.0323055 -0.292207 0.0155293 0.998618 -0.0502063 -0.401941 -0.0315621 0.0506769 0.998216 0.174704 0 0 0 1 
39885980090195;0.913121;0.359392;0.997374 -0.0692578 0.0211831 -0.289845 0.0706097 0.994927 -0.0716539 -0.210325 -0.016113 0.0729615 0.997205 -0.785096 0 0 0 1 
39885980090196;0.843835;0.401676;0.968824 0.233848 0.0818265 -0.380728 -0.234523 0.97211 -0.00139981 0.677613 -0.0798716 -0.017834 0.996646 -0.469577 0 0 0 1 
39885980090197;0.709255;0.329069;0.986997 0.152928 0.0494964 -0.425621 -0.157545 0.981459 0.109167 0.301583 -0.0318841 -0.115545 0.99279 -0.422985 0 0 0 1 
39885980090198;1.04503;0.591097;0.995747 0.0760984 -0.0519402 -0.253921 -0.08197 0.989103 -0.122297 0.358942 0.0420676 0.126035 0.991133 0.658936 0 0 0 1 
39885980090199;0.0833687;0.398209;0.995374 0.0839454 0.046734 -0.395911 -0.0831816 0.996371 -0.018059 0.154097 -0.0480804 0.0140881 0.998744 0.130366 0 0 0 1 
39885980090200;1.06244;0.595283;0.999146 0.0404006 -0.00866244 -0.217848 -0.0405763 0.998952 -0.021176 0.292227 0.00779784 0.0215094 0.999738 0.797947 0 0 0 1 
39885980090201;0.454509;0.730594;0.955352 -0.236099 -0.177654 -0.291676 0.226904 0.971347 -0.0707012 -0.819198 0.189256 0.027234 0.98155 -0.314455 0 0 0 1 
39885980090202;0.602175;0.511512;0.908338 0.218797 -0.356441 -0.557786 -0.183779 0.974364 0.129765 0.693452 0.375696 -0.0523642 0.925262 -0.877421 0 0 0 1 
39885980090203;0.367742;0.507534;0.907395 -0.00566405 0.420242 -0.0902967 -0.0605467 0.987717 0.144046 0.18316 -0.415896 -0.156151 0.895906 1.60615 0 0 0 1 
39885980090204;1.06319;0.438057;0.950536 0.240652 0.196385 -0.268054 -0.21256 0.964987 -0.15368 0.509648 -0.226493 0.104335 0.968409 1.62508 0 0 0 1 
39885980090205;0.675409;0.352333;0.977321 0.211663 -0.00647477 -0.913641 -0.211379 0.973262 -0.0898851 0.392384 -0.0127237 0.0892152 0.995931 -0.262848 0 0 0 1 
39885980090206;0.947378;0.467593;0.978642 0.181611 0.0963151 -0.611514 -0.187707 0.980483 0.0584741 0.174102 -0.0838158 -0.0753043 0.993632 1.18183 0 0 0 1 
39885980090207;0.975527;0.526583;0.988405 -0.150912 -0.0167348 -0.316858 0.151222 0.988316 0.0190825 -0.474032 0.0136594 -0.0213919 0.999678 -0.821474 0 0 0 1 
39885980090208;0.357335;0.40442;0.928671 0.306582 0.208754 -0.417857 -0.278012 0.947928 -0.155378 1.00349 -0.24552 0.0862588 0.965546 0.510068 0 0 0 1 
39885980090209;0.567849;0.331389;0.960307 0.278676 0.0122565 -0.832847 -0.278529 0.960348 -0.012401 0.692925 -0.0152264 0.00849498 0.999848 0.176831 0 0 0 1 
39885980090210;0.29383;0.352197;0.962503 0.15416 0.223209 -0.235992 -0.164374 0.986006 0.0278121 0.420134 -0.215798 -0.0634589 0.974374 0.991601 0 0 0 1 
39885980090211;0.573799;0.33807;0.974309 0.223894 -0.0243814 -0.790123 -0.21242 0.877572 -0.42982 0.816245 -0.0748374 0.423956 0.902586 0.0373328 0 0 0 1 
39885980090212;0.324919;0.516549;0.962341 0.271108 -0.0200095 -0.504384 -0.268562 0.959544 0.0845556 0.709809 0.0421236 -0.0759976 0.996218 0.206552 0 0 0 1 
39885980090213;0.920265;0.525971;0.990722 0.0921041 -0.0999367 -0.398525 -0.0854787 0.99397 0.0686744 -0.129116 0.105659 -0.0594947 0.992621 0.498278 0 0 0 1 
39885980090214;0.527822;0.413109;0.933317 0.354661 0.0559968 -0.378384 -0.35459 0.934951 -0.0115359 1.25882 -0.0564456 -0.00908931 0.998364 0.518451 0 0 0 1 
39885980090215;0.58213;0.798248;0.93807 -0.327679 0.112473 -0.0356469 0.33083 0.943637 -0.0100585 -1.32121 -0.102838 0.046645 0.993604 0.348824 0 0 0 1 
39885980090217;1.03417;1.41812;0.953574 -0.299595 0.0306643 0.262127 0.301095 0.950538 -0.0762891 -0.253407 -0.00629176 0.0819801 0.996614 -0.529919 0 0 0 1 
39885980090218;0.202378;1.0232;0.96758 -0.252319 -0.0111798 -0.201612 0.252027 0.967458 -0.022522 -0.0815514 0.0164987 0.0189743 0.999684 -0.160612 0 0 0 1 
39885980090219;0.470141;1.56402;0.87056 -0.484636 0.0851718 0.255719 0.480265 0.874537 0.0673027 -0.32366 -0.107103 -0.0176859 0.994091 0.386071 0 0 0 1 
39885980090220;1.3181;0.979856;0.97939 0.0731037 -0.188282 -0.545968 -0.0921052 0.991281 -0.0942236 1.90169 0.179753 0.109623 0.977585 -0.380954 0 0 0 1 
39885980090221;1.15923;1.20513;0.924005 -0.0981964 0.369557 -0.538581 0.161555 0.976221 -0.144543 -0.120428 -0.346575 0.193262 0.917897 0.707745 0 0 0 1 
39885980090222;0.407338;1.04956;0.92775 -0.326624 0.180543 -0.047409 0.303537 0.941852 0.144152 -0.207071 -0.217128 -0.0789355 0.972946 0.876194 0 0 0 1 
39885980090223;0.517255;1.16151;0.94998 -0.255863 0.179084 -0.357063 0.240754 0.96522 0.10192 0.0249113 -0.198933 -0.0537069 0.97854 0.789479 0 0 0 1 
39885980090224;1.08029;1.34448;0.989137 -0.0547368 0.136429 -0.73393 0.0449744 0.99627 0.0736413 0.412304 -0.139951 -0.0667055 0.987909 0.542007 0 0 0 1 
39885980090225;0.715361;1.03126;0.986829 0.115073 -0.113699 -0.0770989 -0.142613 0.95061 -0.275684 1.14403 0.07636 0.288268 0.9545 0.140884 0 0 0 1 
39885980090226;0.549209;0.953128;0.948132 0.0711917 0.309802 -0.301941 -0.0880699 0.995278 0.0408211 0.688926 -0.305433 -0.065988 0.949924 0.992792 0 0 0 1 
39885980090227;1.15995;1.27723;0.993947 -0.109833 0.0024988 0.359667 0.109722 0.993572 0.0278602 0.959363 -0.00554271 -0.0274174 0.999609 -0.454328 0 0 0 1 
39885980090228;0.215505;0.982413;0.983387 -0.165693 0.0741347 -0.202709 0.16813 0.98537 -0.0278883 0.222667 -0.0684292 0.0398892 0.996858 0.00353235 0 0 0 1 
39885980090229;0.121617;1.28402;0.968452 -0.249189 0.00248615 -0.122836 0.249163 0.968429 0.00796507 0.194816 -0.00439247 -0.00709432 0.999965 -0.0260677 0 0 0 1 
39885980090230;1.03093;2.21184;0.996762 0.0804135 0.00039274 0.400543 -0.0803823 0.996489 -0.023399 1.4255 -0.00227295 0.0232916 0.999726 0.472987 0 0 0 1 
39885980090231;0.888653;0.709488;0.990367 0.0231637 0.136516 -0.548038 -0.036413 0.994776 0.0953701 0.887032 -0.133594 -0.0994224 0.986036 0.570597 0 0 0 1 
39885980090232;0.59802;1.38441;0.92166 -0.387528 -0.0190957 0.423935 0.351122 0.853994 -0.383937 0.0147218 0.165094 0.347154 0.923162 -0.400691 0 0 0 1 
39885980090233;0.0427632;1.12197;0.979356 -0.201766 0.0123625 -0.150661 0.201882 0.979369 -0.00896521 0.275278 -0.0102985 0.0112759 0.999883 -0.029242 0 0 0 1 
39885980090234;0.404716;0.973184;0.990252 0.0453345 -0.131705 -0.177131 0.00421585 0.935364 0.353661 0.671225 0.139225 -0.350769 0.926055 -0.428606 0 0 0 1 
39885980090235;0.881271;1.35746;0.926368 -0.376598 -0.00418265 0.566404 0.365827 0.902402 -0.227686 0.422195 0.0895206 0.209391 0.973726 -0.62017 0 0 0 1 
39885980090236;1.0378;1.11516;0.966592 -0.255989 0.013009 -0.162178 0.256317 0.965548 -0.0449227 0.114044 -0.00106104 0.0467564 0.998906 -0.841735 0 0 0 1 
39885980090237;0.452033;0.967079;0.97762 -0.0319804 -0.207933 -0.111754 0.0819054 0.968254 0.236168 0.420593 0.193779 -0.247914 0.949204 -0.744604 0 0 0 1 
39885980090238;0.922552;1.11922;0.96037 -0.0299232 -0.277116 -0.20538 -0.0436741 0.965784 -0.255642 1.40755 0.275284 0.257614 0.926204 -0.312672 0 0 0 1 
39885980090239;0.393854;1.02174;0.984695 0.12852 -0.117725 -0.325497 -0.157091 0.947032 -0.280095 1.21777 0.0754912 0.294302 0.952726 -0.246245 0 0 0 1 
39885980090240;0.68439;0.981284;0.968225 -0.240167 0.0697104 -0.44208 0.246173 0.9644 -0.0965985 0.384474 -0.044029 0.11069 0.992879 -0.164603 0 0 0 1 
39885980090241;0.655728;0.933274;0.93536 -0.128089 0.32969 -0.245586 0.211139 0.95003 -0.229921 0.32473 -0.283765 0.284669 0.915664 0.344319 0 0 0 1 
39885980090242;0.353633;1.16603;0.869005 -0.138469 0.475033 0.0660973 0.240531 0.957196 -0.161001 0.244016 -0.432406 0.254171 0.865114 1.20741 0 0 0 1 
39885980090243;1.27115;1.10593;0.994634 -0.0933235 0.0446456 0.299476 0.0936908 0.995582 -0.00620145 0.663756 -0.0438696 0.0103511 0.998984 0.844508 0 0 0 1 
39885980090244;0.554019;2.14782;0.990889 -0.051523 0.124437 0.409498 0.028982 0.983859 0.176583 1.31239 -0.131526 -0.171368 0.976388 0.26753 0 0 0 1 
39885980090245;0.651828;0.942303;0.998549 -0.0334575 -0.0421891 -0.153466 0.030549 0.997231 -0.0677958 0.752374 0.0443406 0.0664086 0.996807 0.279629 0 0 0 1 
39885980090246;0.546588;2.28642;0.982254 0.164229 -0.0905902 0.641118 -0.157047 0.984227 0.0814489 1.98982 0.102538 -0.0657765 0.992552 -0.57044 0 0 0 1 
39885980090248;0.37448;0.141024;0.916661 -0.329719 0.22587 -0.212008 0.316064 0.943945 0.095245 0.184082 -0.244613 -0.015918 0.96949 0.0174998 0 0 0 1 
39885980090249;0.482365;0.144728;0.951372 -0.308043 -0.00098136 -0.112692 0.308042 0.951342 0.00762629 0.00755826 -0.00141562 -0.00755774 0.99997 -0.338902 0 0 0 1 
39885980090250;0.869457;0.155194;0.928895 0.0251808 0.369486 -0.135388 -0.100763 0.977232 0.186722 -0.641987 -0.356371 -0.210675 0.910283 0.317722 0 0 0 1 
39885980090251;0.521745;0.142069;0.99443 -0.104564 -0.0132453 1.62282e-05 0.10446 0.994494 -0.00830843 -0.235608 0.0140412 0.00687855 0.999878 0.300575 0 0 0 1 
39885980090252;1.01023;0.177238;0.994906 0.0807641 0.0603308 0.181664 -0.0935579 0.962613 0.25421 -0.100993 -0.0375442 -0.25856 0.965265 -0.973547 0 0 0 1 
39885980090253;0.430197;0.142946;0.9738 0.191067 -0.123315 -0.0292112 -0.152354 0.950737 0.269975 0.301323 0.168824 -0.244114 0.954938 -0.112856 0 0 0 1 
39885980090254;0.437029;0.140832;0.990117 -0.120254 0.0721621 -0.0214499 0.12223 0.992221 -0.0236084 0.185948 -0.0687617 0.0321955 0.997113 0.36211 0 0 0 1 
39885980090255;0.581357;0.157901;0.996193 0.0402282 0.0773343 0.0768437 -0.0445513 0.997491 0.0550129 -0.222642 -0.0749273 -0.0582489 0.995486 0.387859 0 0 0 1 
39885980090256;0.383432;0.172905;0.917968 -0.381298 0.109304 -0.276135 0.386741 0.921596 -0.0330597 0.235626 -0.0881283 0.07262 0.993458 0.00327722 0 0 0 1 
39885980090257;0.931685;0.158234;0.980564 0.191122 -0.0443359 -0.295989 -0.193537 0.979335 -0.0587075 0.174751 0.0321994 0.0661471 0.99729 -0.85112 0 0 0 1 
39885980090258;0.517582;0.13371;0.988992 -0.0953948 -0.113113 -0.26669 0.0995895 0.994513 0.0320194 0.206928 0.109438 -0.0429317 0.993066 0.418244 0 0 0 1 
39885980090259;0.758348;0.17956;0.981403 -0.188516 0.0361815 0.468163 0.188279 0.982066 0.00987383 0.360452 -0.037394 -0.002878 0.999296 0.322661 0 0 0 1 
39885980090260;0.424726;0.159042;0.96316 0.26496 -0.0460232 0.156707 -0.220101 0.874995 0.431208 -0.0402822 0.154523 -0.405192 0.901078 -0.0381933 0 0 0 1 
39885980090261;0.420449;0.15619;0.918114 -0.393146 0.050032 -0.275502 0.393268 0.919391 0.00779578 0.237982 -0.0490638 0.0125185 0.998717 0.0621081 0 0 0 1 
