#;prob_registration_l1 -r /home/probabilistic_point_clouds_registration/build/tester /home/point_clouds_registration_benchmark/plain_local.txt /home/point_clouds_registration_benchmark/plain -s 0.2 -t 0.2 -p 0.3 -r 1000 -m 15 -i 40 
id;initial_error;final_error;transformation
4215528470000;0.567788;0.489917;0.964351 -0.0430947 0.261093 0.378121 0.0260212 0.997312 0.0685015 -0.227479 -0.263343 -0.0592655 0.96288 1.90745 0 0 0 1 
4215528470001;0.547226;0.26882;0.991757 0.0965613 -0.0842236 -0.577655 -0.0541813 0.911705 0.407258 0.581713 0.116112 -0.399337 0.909422 1.00998 0 0 0 1 
4215528470002;0.032832;0.0767887;0.999999 0.00136305 0.000138303 0.00869322 -0.00136362 0.99999 0.00423969 -0.0899125 -0.000132522 -0.00423988 0.999991 -0.0165782 0 0 0 1 
4215528470003;0.731607;0.125609;0.995729 -0.0421708 0.0821294 -0.00074953 0.0405434 0.998949 0.0213845 -0.833569 -0.0829449 -0.0179634 0.996392 0.371084 0 0 0 1 
4215528470004;0.518474;0.160809;0.959844 0.00501975 -0.280491 0.217507 0.0573873 0.975183 0.213832 -0.397107 0.274604 -0.221342 0.935735 -0.308661 0 0 0 1 
4215528470005;0.0948906;0.132923;0.999515 0.0227429 0.0212759 -0.0991271 -0.0208024 0.995959 -0.087361 0.105808 -0.0231768 0.0868761 0.995949 -0.319121 0 0 0 1 
4215528470006;0.93827;0.307581;0.999217 0.0182995 -0.0350721 -0.618495 -0.0289223 0.942808 -0.33208 0.10606 0.0269894 0.332835 0.942599 -1.41027 0 0 0 1 
4215528470007;0.649378;0.682982;0.994251 0.00855344 -0.106735 -0.198752 -0.0451566 0.937322 -0.345525 0.486352 0.0970897 0.348358 0.93232 -2.01153 0 0 0 1 
4215528470008;0.524363;0.503078;0.959311 0.0790635 -0.271056 -0.354227 -0.113374 0.987067 -0.113336 0.535894 0.25859 0.139455 0.955868 -2.38796 0 0 0 1 
4215528470009;0.400063;0.231622;0.95567 -0.184804 0.229223 0.889167 0.190272 0.98173 -0.00178311 -1.06724 -0.224705 0.0453186 0.973372 1.28721 0 0 0 1 
4215528470010;0.581956;0.0684305;0.975925 -0.204233 -0.0765444 1.06602 0.177688 0.948019 -0.263983 -1.24677 0.126479 0.244026 0.961485 -2.13696 0 0 0 1 
4215528470011;0.358216;0.174357;0.979225 -0.148724 0.137842 0.752354 0.174939 0.963349 -0.203361 -1.03554 -0.102545 0.22325 0.969352 -0.203318 0 0 0 1 
4215528470012;0.581653;0.536602;0.978172 0.17804 -0.107153 -0.69021 -0.139552 0.944913 0.296084 0.758856 0.153965 -0.274667 0.949133 -0.123364 0 0 0 1 
4215528470013;0.612837;0.0787819;0.982624 -0.0557403 0.177039 0.11938 0.0537927 0.998427 0.0157853 -0.379775 -0.177641 -0.00598759 0.984077 0.524043 0 0 0 1 
4215528470014;0.871128;0.547875;0.995643 -0.0867259 0.0342693 0.392127 0.0870013 0.996186 -0.00662549 -0.695144 -0.033564 0.00957809 0.999391 0.708533 0 0 0 1 
4215528470015;0.0605696;0.107044;0.999955 0.000723957 0.00947811 0.0298302 -0.000595348 0.999908 -0.0135648 -0.12122 -0.00948706 0.0135586 0.999863 -0.0535009 0 0 0 1 
4215528470016;0.462589;0.28374;0.972795 0.0656352 0.222176 -0.335421 -0.0167664 0.976458 -0.215054 -0.0309242 -0.231061 0.205478 0.950994 0.801208 0 0 0 1 
4215528470017;0.763704;0.343714;0.985361 0.107634 0.132206 -0.494853 -0.153818 0.895697 0.417212 1.14372 -0.0735106 -0.431441 0.899141 3.07142 0 0 0 1 
4215528470018;0.320962;0.35428;0.997481 -0.0468751 0.05323 0.040308 0.0406031 0.992726 0.113342 -0.414255 -0.0581557 -0.110896 0.992129 0.739565 0 0 0 1 
4215528470019;0.470754;0.314373;0.891814 0.274413 -0.359673 -0.746294 -0.20722 0.954504 0.214436 1.04356 0.402153 -0.116706 0.908104 -1.96918 0 0 0 1 
4215528470020;0.901423;0.621626;0.984701 -0.0860555 0.151521 0.298114 0.100478 0.990838 -0.0902436 -0.60867 -0.142367 0.104088 0.984326 -0.0307548 0 0 0 1 
4215528470021;0.310289;0.0882842;0.996575 -0.0686441 -0.046105 0.269744 0.0730698 0.992057 0.102389 -0.582826 0.0387104 -0.105407 0.993675 0.436148 0 0 0 1 
4215528470022;0.501427;0.126697;0.975706 0.115454 -0.186192 -0.244451 -0.128586 0.98988 -0.0600306 0.579196 0.177376 0.0825139 0.980678 -1.93664 0 0 0 1 
4215528470023;0.509895;0.428191;0.994448 0.0290682 0.101136 -0.236147 -0.0135687 0.988488 -0.150691 0.047486 -0.104352 0.148482 0.983394 -0.398336 0 0 0 1 
4215528470024;0.756959;0.161594;0.988881 -0.146728 0.0241977 0.959583 0.145565 0.988354 0.0443423 -1.07973 -0.0304222 -0.0403269 0.998723 0.948981 0 0 0 1 
4215528470025;0.187466;0.218179;0.991675 0.118127 -0.0512488 -0.554349 -0.112814 0.988922 0.0964702 0.598931 0.0620768 -0.0898855 0.994016 -0.0456076 0 0 0 1 
4215528470026;0.0729172;0.072772;0.999455 -0.0326303 -0.00500647 0.137669 0.0325982 0.999448 -0.00635846 -0.25292 0.00521119 0.0061918 0.999967 -0.145958 0 0 0 1 
4215528470027;0.80863;0.290523;0.996724 0.0154272 -0.0793913 -0.267755 -0.025246 0.991936 -0.124201 -0.162729 0.076835 0.125798 0.989076 -0.472505 0 0 0 1 
4215528470028;0.511375;0.507461;0.996664 -0.0042235 -0.0814999 -0.138133 0.0196834 0.981618 0.189839 -0.280383 0.0792 -0.19081 0.978427 0.492237 0 0 0 1 
4215528470029;0.874225;0.277216;0.875471 0.00108524 -0.48327 1.15878 0.0184657 0.999192 0.0356955 0.252604 0.482918 -0.0401743 0.874743 -3.19635 0 0 0 1 
4215528470031;0.986719;0.103743;0.999207 -0.0390595 0.00775282 0.37064 0.0390149 0.999222 0.00582362 -0.64364 -0.00797425 -0.00551653 0.999953 0.858144 0 0 0 1 
4215528470032;1.06872;0.294913;0.995417 -0.0868256 0.0400857 0.481129 0.0954164 0.87355 -0.47729 -0.431089 0.00642412 0.478927 0.877831 -2.58665 0 0 0 1 
4215528470033;0.525088;0.255715;0.995512 -0.0946197 -0.00176905 0.649833 0.0945666 0.995322 -0.0197591 -0.935527 0.00363038 0.0195031 0.999803 -0.497694 0 0 0 1 
4215528470034;0.461314;0.204351;0.99966 0.0256528 0.00463094 -0.0927431 -0.0257442 0.99945 0.0208933 0.133614 -0.00409242 -0.0210054 0.999771 -0.189278 0 0 0 1 
4215528470035;0.980295;0.362466;0.999055 -0.0430224 -0.00611626 -0.266493 0.0430498 0.999063 0.00441548 -0.514645 0.00592056 -0.00467462 0.999972 0.0895371 0 0 0 1 
4215528470036;1.14169;0.873958;0.994141 0.102842 0.03328 -0.995767 -0.10799 0.958399 0.264215 0.578989 -0.00472304 -0.266261 0.963889 2.20604 0 0 0 1 
4215528470037;0.241412;0.135775;0.999798 -0.0192469 0.00580271 0.305217 0.0193946 0.999459 -0.026557 -0.149947 -0.00528843 0.0266642 0.99963 -0.0115057 0 0 0 1 
4215528470038;0.130156;0.216894;0.998558 0.0428969 0.0322699 -0.176532 -0.0431732 0.999036 0.00791453 0.289822 -0.0318993 -0.00929631 0.999448 0.344528 0 0 0 1 
4215528470039;0.797747;0.544996;0.995023 -0.0505069 -0.0858983 0.152485 0.0262255 0.964372 -0.263247 -0.238146 0.0961337 0.259684 0.960897 -1.835 0 0 0 1 
4215528470040;0.689028;0.177267;0.932318 -0.326626 -0.155239 2.96937 0.344662 0.932501 0.107932 -2.57752 0.109508 -0.154132 0.981963 -0.329416 0 0 0 1 
4215528470041;0.231676;0.163087;0.942709 -0.138275 -0.303611 1.80512 0.0971621 0.984406 -0.146646 -0.667867 0.319154 0.108746 0.941443 -3.41232 0 0 0 1 
4215528470042;0.841266;0.063617;0.979768 -0.185666 0.0747178 1.61579 0.17444 0.975238 0.135945 -1.19785 -0.0981079 -0.12016 0.987895 1.3343 0 0 0 1 
4215528470043;0.639843;0.571501;0.993557 0.0899025 -0.0690078 -0.426885 -0.0884021 0.995783 0.024503 0.832805 0.0709197 -0.0182447 0.997315 -0.644329 0 0 0 1 
4215528470044;0.994474;0.233854;0.999627 -0.0267528 0.0055272 0.368851 0.0268012 0.999602 -0.00885972 -0.224993 -0.00528798 0.00900455 0.999945 -0.824158 0 0 0 1 
4215528470045;0.386524;0.232341;0.997468 -0.01555 0.069392 0.213292 -0.0194194 0.87915 0.47615 0.24306 -0.0684101 -0.476292 0.876622 3.35041 0 0 0 1 
4215528470046;1.07289;0.330724;0.975672 0.0526555 -0.21282 0.229996 -0.0395344 0.997072 0.0654486 0.148988 0.215643 -0.0554426 0.974897 -0.846469 0 0 0 1 
4215528470047;0.459821;0.438186;0.990769 0.0612707 0.120923 -0.524643 -0.0584706 0.997935 -0.0265733 0.452178 -0.122301 0.0192575 0.992306 0.867579 0 0 0 1 
4215528470048;0.649857;0.389451;0.998898 0.0437234 -0.0170614 -0.430909 -0.0435649 0.999005 0.00955036 0.348865 0.0174619 -0.00879656 0.999809 -0.0214657 0 0 0 1 
4215528470049;0.633618;0.10283;0.993825 -0.0947005 -0.0578274 0.846355 0.102784 0.982038 0.158231 -0.938792 0.0418041 -0.163198 0.985707 1.01731 0 0 0 1 
4215528470050;0.671958;0.680504;0.993829 0.103522 -0.039826 -0.926142 -0.102811 0.994509 0.0195146 0.713205 0.0416276 -0.0152997 0.999016 -0.826306 0 0 0 1 
4215528470051;0.865997;0.823095;0.997475 -0.00983534 -0.0703403 0.177312 -0.003295 0.982891 -0.184158 0.165941 0.0709481 0.183925 0.980376 -2.18307 0 0 0 1 
4215528470052;0.470145;0.356573;0.996795 0.0682565 -0.0417156 -0.384062 -0.0694874 0.997167 -0.0288036 0.548582 0.0396314 0.03161 0.998714 -0.592441 0 0 0 1 
4215528470053;1.01323;0.240686;0.993662 0.0081204 0.112117 0.174794 0.00294468 0.995165 -0.098176 -0.0949937 -0.112372 0.0978838 0.988833 -0.292658 0 0 0 1 
4215528470054;0.877545;0.391635;0.997822 0.0554326 -0.0357623 -0.271705 -0.0545603 0.998199 0.0249242 0.3729 0.0370795 -0.0229187 0.999049 -0.769826 0 0 0 1 
4215528470055;0.503431;0.290491;0.996557 -0.0470173 0.068294 0.269215 0.0546962 0.991823 -0.11531 -0.147878 -0.062314 0.118648 0.990979 0.0924587 0 0 0 1 
4215528470056;0.338949;0.165171;0.955184 -0.286999 0.0724928 2.08543 0.295278 0.941047 -0.165049 -2.20215 -0.0208502 0.179058 0.983618 -0.8447 0 0 0 1 
4215528470057;0.60477;0.152905;0.999201 -0.0383216 0.0113512 0.338506 0.037957 0.998806 0.0307645 -0.340234 -0.0125166 -0.030309 0.999462 -0.220238 0 0 0 1 
4215528470058;0.117082;0.131882;0.99214 -0.124998 0.00581948 0.887256 0.125077 0.992017 -0.0160753 -1.07927 -0.00376364 0.0166768 0.999854 -0.0704676 0 0 0 1 
4215528470059;0.289428;0.494683;0.998422 0.00409336 -0.0560081 -0.128081 -0.0101336 0.9941 -0.107991 0.0114755 0.0552356 0.108388 0.992573 -1.22317 0 0 0 1 
4215528470060;0.876862;0.838116;0.96129 0.108456 -0.253295 -0.102112 -0.0874073 0.991826 0.0929581 0.644266 0.261307 -0.0672199 0.962912 -2.50208 0 0 0 1 
4215528470062;1.03489;0.774519;0.954584 -0.156109 0.253769 0.502212 0.213674 0.95228 -0.217957 -2.31204 -0.207634 0.262283 0.942388 2.56802 0 0 0 1 
4215528470063;0.150783;0.255377;0.995132 0.0634235 0.0754357 -0.430705 -0.0699156 0.993771 0.0867861 0.917086 -0.0694615 -0.0916377 0.993367 1.27173 0 0 0 1 
4215528470064;1.26892;0.673187;0.977976 0.135656 -0.158622 0.00853246 -0.117219 0.985787 0.120352 1.54901 0.172694 -0.0991077 0.979977 -2.88143 0 0 0 1 
4215528470065;0.672821;0.157069;0.998334 -0.0567302 0.0105411 0.0578308 0.0570827 0.997689 -0.0368578 -0.818106 -0.00842576 0.0373981 0.999265 -0.297591 0 0 0 1 
4215528470066;0.971407;0.259271;0.974593 -0.0525772 0.217727 0.0434627 0.135379 0.912685 -0.385589 -0.948584 -0.178443 0.405268 0.896614 1.80815 0 0 0 1 
4215528470067;0.479383;1.42768;0.994894 0.0881312 0.0491856 -1.01621 -0.0777725 0.980046 -0.182923 1.65042 -0.0643254 0.178164 0.981896 0.223029 0 0 0 1 
4215528470068;1.75898;1.4938;0.983119 0.182956 0.00209673 -0.518052 -0.181596 0.974287 0.133374 3.00707 0.0223587 -0.131503 0.991064 -0.118071 0 0 0 1 
4215528470069;1.1695;0.491372;0.987553 -0.150173 0.0467629 0.33561 0.145946 0.985762 0.0835079 -1.94869 -0.0586377 -0.0756436 0.995409 1.74495 0 0 0 1 
4215528470070;0.627154;0.119985;0.999566 -0.0274785 0.0105743 0.0251915 0.0270989 0.999037 0.0345113 -0.286158 -0.0115125 -0.0342098 0.999348 -0.00342655 0 0 0 1 
4215528470071;1.13782;0.0537127;0.980729 -0.076577 -0.17974 1.13627 0.092927 0.992092 0.0843707 -1.13481 0.171858 -0.0994475 0.980089 -2.5907 0 0 0 1 
4215528470072;1.12233;0.185237;0.994263 0.104225 -0.0240644 -0.688225 -0.104131 0.99455 0.00511745 1.12121 0.0244666 -0.00258223 0.999697 -0.0119909 0 0 0 1 
4215528470073;0.253366;0.0951391;0.958072 -0.0940455 0.270654 0.289477 0.1694 0.947747 -0.270331 -1.58641 -0.231088 0.304846 0.923941 2.40149 0 0 0 1 
4215528470074;0.891847;0.106501;0.92517 0.195349 -0.325422 1.07384 -0.119075 0.963481 0.239845 1.29111 0.360391 -0.183147 0.914645 -4.76013 0 0 0 1 
4215528470075;0.661748;0.506509;0.997419 0.0436242 0.0570303 -0.439672 -0.043394 0.999044 -0.00527035 0.754722 -0.0572057 0.00278198 0.998359 1.1019 0 0 0 1 
4215528470076;1.55682;0.171535;0.999942 0.00144366 -0.010703 -0.0634646 -0.0015144 0.999977 -0.00660378 0.270704 0.0106932 0.0066196 0.999921 -1.04077 0 0 0 1 
4215528470077;0.434483;0.591183;0.960041 -0.279248 -0.0184709 1.23494 0.279096 0.960207 -0.0104048 -3.58474 0.0206414 0.00483394 0.999775 -0.441412 0 0 0 1 
4215528470078;1.12372;1.02683;0.959233 -0.107253 0.261473 0.315656 0.102139 0.994219 0.0331118 -1.57226 -0.263513 -0.0050554 0.964643 3.88134 0 0 0 1 
4215528470079;1.36039;1.29858;0.99236 0.0212723 0.121525 -0.729814 -0.00275826 0.988602 -0.150526 0.142095 -0.123342 0.14904 0.981108 1.46857 0 0 0 1 
4215528470080;1.57691;0.138244;0.975881 0.178885 -0.125124 -0.176214 -0.155282 0.971685 0.17809 2.78806 0.153439 -0.154365 0.976027 -1.45825 0 0 0 1 
4215528470081;1.29705;1.67833;0.972351 0.233513 -0.00245446 -1.00577 -0.232792 0.970072 0.0690464 3.96649 0.0185042 -0.0665659 0.99761 -0.0683426 0 0 0 1 
4215528470082;0.754436;0.152359;0.994335 -0.0795559 -0.0704922 0.548378 0.0694889 0.988369 -0.135269 -0.974549 0.0804337 0.129604 0.988298 -1.3146 0 0 0 1 
4215528470083;1.36137;0.534971;0.99457 0.0248824 0.101047 -0.534633 -0.0170158 0.99681 -0.0779801 0.487134 -0.102665 0.0758373 0.991821 1.91977 0 0 0 1 
4215528470084;1.66015;0.0509067;0.954576 -0.250417 -0.161479 1.04848 0.245763 0.968115 -0.048509 -3.45574 0.168478 0.00662001 0.985683 -2.84786 0 0 0 1 
4215528470085;1.13067;0.0719035;0.9988 -0.0395831 -0.0288492 -0.0845694 0.0421546 0.994605 0.0947859 -1.01216 0.0249416 -0.0958883 0.99508 0.557344 0 0 0 1 
4215528470086;1.1632;1.28228;0.929494 -0.0216463 0.368203 0.146304 0.0100227 0.99939 0.033452 -0.271947 -0.368702 -0.027403 0.929144 5.49375 0 0 0 1 
4215528470087;0.757202;0.919211;0.997303 0.0110516 0.0725571 -0.465939 -0.00319967 0.994205 -0.107453 0.239542 -0.0733242 0.106931 0.991559 0.862856 0 0 0 1 
4215528470088;1.28516;0.161452;0.988154 -0.152843 -0.0138215 0.837697 0.152851 0.988249 -0.000467692 -2.3143 0.0137306 -0.00165048 0.999904 0.509678 0 0 0 1 
4215528470089;0.703952;0.649749;0.996674 0.0677235 -0.0453173 -0.448549 -0.0664742 0.99738 0.0285322 1.02545 0.0471309 -0.0254249 0.998565 -0.279439 0 0 0 1 
4215528470090;1.03548;0.0813843;0.93811 -0.189935 0.28961 0.61639 0.280924 0.906373 -0.315547 -3.11227 -0.202561 0.377376 0.903635 1.32984 0 0 0 1 
4215528470091;1.49069;1.9223;0.984174 0.168329 0.0553732 -0.787702 -0.171625 0.983248 0.0613802 2.47483 -0.0441135 -0.0699122 0.996577 0.835273 0 0 0 1 
4215528470093;0.435815;0.422493;0.930556 -0.357108 -0.0808671 0.881666 0.365809 0.897204 0.247403 -0.840087 -0.0157953 -0.259804 0.965532 0.299621 0 0 0 1 
4215528470094;0.626818;0.160862;0.999703 0.0237709 0.00543556 0.0991632 -0.0235336 0.998915 -0.0401984 0.220217 -0.00638521 0.0400585 0.999177 -0.661714 0 0 0 1 
4215528470095;0.64508;0.414741;0.921159 -0.388773 -0.0179251 1.11522 0.387847 0.920833 -0.0405044 -1.01774 0.0322531 0.0303588 0.999019 -0.343199 0 0 0 1 
4215528470096;0.715932;0.465283;0.997224 -0.0744386 -0.00192968 0.227818 0.074292 0.99635 -0.0420392 -0.465266 0.00505197 0.0417791 0.999114 -0.371111 0 0 0 1 
4215528470097;0.899584;0.515713;0.915164 -0.396895 0.0703525 0.689049 0.403054 0.899019 -0.171208 -0.413027 0.00470351 0.18504 0.98272 0.390131 0 0 0 1 
4215528470098;0.598276;0.239706;0.985813 -0.126719 0.110068 0.480186 0.10442 0.976427 0.188909 -0.562169 -0.131411 -0.174736 0.975807 0.0922563 0 0 0 1 
4215528470099;0.333474;0.20082;0.969737 0.047005 -0.239583 0.271211 0.0544808 0.914889 0.400013 -0.0399802 0.237994 -0.400961 0.884641 -0.454561 0 0 0 1 
4215528470100;0.645112;0.162935;0.999673 -0.0245786 -0.00709228 0.164826 0.0245191 0.999664 -0.00836201 0.0278742 0.00729542 0.00818538 0.99994 -0.717058 0 0 0 1 
4215528470101;0.802084;0.0975595;0.999428 -0.0170033 0.0292237 0.862648 0.0187848 0.997911 -0.0618071 0.184519 -0.0281117 0.0623207 0.99766 0.362273 0 0 0 1 
4215528470102;0.571321;0.124176;0.999832 -0.0183076 0.0012803 -0.0344657 0.0183478 0.998698 -0.0475951 0.249631 -0.000407278 0.0476106 0.998866 -0.543931 0 0 0 1 
4215528470103;0.118159;0.176258;0.989872 -0.141459 -0.0119505 0.256414 0.141505 0.989933 0.0030672 -0.291368 0.0113963 -0.00472719 0.999924 -0.0311753 0 0 0 1 
4215528470104;0.483078;0.10553;0.960522 -0.018874 0.277563 0.263825 -0.00629056 0.995968 0.0894937 -0.228477 -0.278132 -0.0877067 0.95653 1.14577 0 0 0 1 
4215528470105;0.856272;0.595409;0.964753 0.0481349 0.258719 -0.149635 0.0047319 0.979797 -0.199938 0.0147901 -0.263116 0.194115 0.945034 0.597126 0 0 0 1 
4215528470106;0.960069;0.148427;0.99358 -0.0859701 0.0735363 0.804518 0.0828394 0.995564 0.0446197 -0.664863 -0.077046 -0.0382416 0.996294 0.809824 0 0 0 1 
4215528470107;0.403602;0.362658;0.928856 0.214772 -0.301826 0.497448 -0.212579 0.976304 0.0405095 0.82311 0.303374 0.0265344 0.952502 -1.02089 0 0 0 1 
4215528470108;0.717513;0.305292;0.995253 0.0964498 -0.0130335 0.800754 -0.097049 0.99358 -0.0581327 -0.0677209 0.00734296 0.0591216 0.998224 0.056308 0 0 0 1 
4215528470109;0.671253;0.308311;0.977635 -0.210236 -0.00549712 0.485294 0.210204 0.977639 -0.00595714 -0.452284 0.00662661 0.00466839 0.999967 0.623129 0 0 0 1 
4215528470110;0.085073;0.138495;0.999897 0.0141849 -0.0023454 0.138778 -0.0142038 0.999865 -0.00824747 0.0748583 0.0022281 0.00827993 0.999963 -0.0985268 0 0 0 1 
4215528470111;0.687198;0.138397;0.998781 -0.0010534 0.0493434 -0.00736789 -0.00188302 0.998231 0.0594258 0.0272431 -0.0493187 -0.0594462 0.997012 0.878438 0 0 0 1 
4215528470112;0.990082;0.192381;0.975384 0.220454 0.00520596 0.200177 -0.218721 0.964172 0.150114 0.835316 0.0280738 -0.147558 0.988655 0.9635 0 0 0 1 
4215528470113;0.115928;0.131793;0.999008 0.0440461 -0.00651674 0.0516194 -0.0440688 0.999023 -0.00338608 0.210796 0.00636123 0.00366991 0.999973 -0.038925 0 0 0 1 
4215528470114;0.310906;0.163375;0.999992 -0.00373654 -0.00160906 -0.0300351 0.00372696 0.999976 -0.00591792 0.0444396 0.00163113 0.00591187 0.999981 -0.285379 0 0 0 1 
4215528470115;0.363564;0.180885;0.99335 0.115114 0.00228623 0.45122 -0.114456 0.989438 -0.0889472 0.4903 -0.0125011 0.088094 0.996034 -0.0282534 0 0 0 1 
4215528470116;0.348278;0.210723;0.889817 -0.319979 0.325329 0.657278 0.251474 0.938771 0.23552 -0.643826 -0.380771 -0.127758 0.915801 1.01393 0 0 0 1 
4215528470117;0.290367;0.353815;0.988286 0.130904 -0.0784555 0.1113 -0.137413 0.986923 -0.0842611 0.456401 0.0663994 0.0940549 0.99335 -0.165305 0 0 0 1 
4215528470118;0.65787;0.197809;0.99741 0.0600038 0.0396673 0.355361 -0.0567732 0.995329 -0.0780836 -0.185682 -0.0441673 0.0756293 0.996157 -0.365001 0 0 0 1 
4215528470119;0.205525;0.116389;0.992531 -0.0843988 0.0880845 0.183518 0.0936394 0.989876 -0.106668 -0.0769742 -0.07819 0.114119 0.990385 0.198438 0 0 0 1 
4215528470120;0.310799;0.200981;0.991455 -0.0386246 -0.124603 0.255458 0.0779737 0.941221 0.328668 -0.251549 0.104584 -0.335575 0.93619 -0.0614056 0 0 0 1 
4215528470121;0.660347;0.166278;0.940303 -0.0393939 0.338052 0.401084 0.155481 0.933291 -0.323717 -0.432489 -0.302748 0.356953 0.883702 1.17481 0 0 0 1 
4215528470122;0.789381;0.403393;0.972174 0.131333 0.193981 -0.0752677 -0.151115 0.984326 0.0909165 0.371583 -0.179 -0.1177 0.976783 -0.0139182 0 0 0 1 
4215528470124;0.80876;0.466077;0.946401 0.0583706 0.317675 -0.00917997 0.00130636 0.982835 -0.184481 0.350906 -0.32299 0.175008 0.93008 0.748409 0 0 0 1 
4215528470125;0.139303;0.168462;0.991556 -0.0414371 -0.12288 0.00582456 0.0247641 0.990641 -0.134231 -0.127862 0.127292 0.130055 0.983302 -0.882024 0 0 0 1 
4215528470126;0.0966618;0.20421;0.997423 -0.0375881 -0.0611054 -0.0687038 0.0384884 0.999166 0.0136237 -0.142888 0.0605424 -0.0159405 0.998038 -0.276585 0 0 0 1 
4215528470127;0.789796;0.12196;0.998487 -0.0548337 0.00418408 -0.334573 0.0548297 0.998495 0.00105644 -0.156728 -0.00423571 -0.000825428 0.999991 0.652448 0 0 0 1 
4215528470128;0.207096;0.0691477;0.998806 0.0400756 0.0279346 -0.175771 -0.04003 0.999196 -0.00219153 0.189256 -0.028 0.00107069 0.999607 -0.0849216 0 0 0 1 
4215528470129;0.938911;0.200065;0.999932 0.0055536 0.010246 -0.240554 -0.00554771 0.999984 -0.000603091 0.207529 -0.0102492 0.000546208 0.999947 0.869736 0 0 0 1 
4215528470130;0.991785;0.315231;0.984494 -0.0406591 -0.170641 -0.374902 0.0629827 0.989834 0.127521 -0.658526 0.163721 -0.136291 0.977047 -0.136704 0 0 0 1 
4215528470131;0.387282;0.256213;0.99275 -0.119847 0.00920649 -0.183793 0.11987 0.992787 -0.00207794 -0.264247 -0.00889105 0.00316646 0.999955 -0.0782021 0 0 0 1 
4215528470132;0.92999;0.536085;0.998201 -0.0550019 0.0238726 0.0271159 0.0559241 0.997639 -0.0398566 -0.0986173 -0.0216241 0.04112 0.99892 -0.807194 0 0 0 1 
4215528470133;0.555582;0.382876;0.974957 0.220915 -0.0255985 -0.326393 -0.220766 0.947492 -0.231345 0.978366 -0.0268532 0.231203 0.972535 -0.595139 0 0 0 1 
4215528470134;0.99593;0.580989;0.965155 0.0412227 0.258413 -0.0381406 -0.0603991 0.995943 0.0667111 0.356434 -0.254615 -0.0799944 0.963728 0.47268 0 0 0 1 
4215528470135;1.17319;0.149101;0.979415 0.184386 0.0821409 -1.09309 -0.131705 0.892116 -0.432184 1.23976 -0.152968 0.412469 0.898037 0.404491 0 0 0 1 
4215528470136;0.830588;0.686705;0.998252 -0.0425053 0.0410559 -0.0484431 0.0283053 0.953767 0.29921 -0.224384 -0.0518758 -0.297525 0.953304 0.905477 0 0 0 1 
4215528470137;0.395265;0.334428;0.988233 -0.0942146 0.120495 -0.0216805 0.0322912 0.89853 0.437722 -0.0882128 -0.149508 -0.42868 0.891 1.7517 0 0 0 1 
4215528470138;1.02893;0.699427;0.990005 0.119637 -0.0746783 0.0648749 -0.109214 0.985379 0.130765 0.572474 0.0892309 -0.121302 0.988597 -0.412446 0 0 0 1 
4215528470139;0.649753;0.344549;0.986153 -0.110799 -0.123391 -0.12145 0.0814616 0.971745 -0.221529 -0.425829 0.14445 0.20841 0.967316 -0.706077 0 0 0 1 
4215528470140;0.360307;0.387881;0.898324 -0.0395262 0.437553 0.123392 0.0777009 0.994538 -0.0696835 -0.321568 -0.432409 0.0965966 0.896489 1.76381 0 0 0 1 
4215528470141;0.657293;0.0883313;0.998215 0.00705481 -0.0593032 -0.570228 -0.00817135 0.999793 -0.0186062 0.00826542 0.0591597 0.0190575 0.998067 -0.411444 0 0 0 1 
4215528470142;0.724166;0.205962;0.993136 0.11681 0.00604724 -0.373074 -0.116537 0.992595 -0.0342785 0.0462024 -0.0100065 0.0333385 0.999394 0.257652 0 0 0 1 
4215528470143;0.681426;0.0643154;0.945827 0.114084 -0.303969 -0.475732 -0.0371629 0.96812 0.247714 0.329407 0.322538 -0.222998 0.919914 -1.20016 0 0 0 1 
4215528470144;0.404104;0.144309;0.99748 -0.0706673 -0.00635842 -0.202988 0.070882 0.996476 0.0448412 -0.0424305 0.00316721 -0.0451789 0.998974 -0.00156025 0 0 0 1 
4215528470145;0.189223;0.107493;0.997783 -0.0551958 -0.0371702 0.0566286 0.0424996 0.958383 -0.282304 -0.100608 0.0512053 0.280098 0.958605 -0.888695 0 0 0 1 
4215528470146;0.235131;0.0812231;0.991301 0.046165 0.123248 -0.282582 -0.0448995 0.998907 -0.0130269 0.168782 -0.123715 0.00737978 0.99229 0.610673 0 0 0 1 
4215528470147;0.605051;0.146338;0.999499 -0.000729639 -0.0316277 -0.456405 0.000702088 0.999999 -0.000882201 -0.082104 0.0316283 0.000859554 0.999499 -0.429236 0 0 0 1 
4215528470148;0.594371;0.337502;0.908021 -0.115505 0.402686 0.466897 0.0587953 0.986862 0.150489 -0.318223 -0.414777 -0.112971 0.902883 2.45813 0 0 0 1 
4215528470149;0.787506;0.504855;0.999774 0.0112745 0.0179983 -0.00853067 -0.0113657 0.999923 0.00497604 -0.262177 -0.0179408 -0.00517948 0.999826 0.0307913 0 0 0 1 
4215528470150;0.616542;0.222059;0.961861 0.202741 0.18363 -0.409754 -0.201048 0.979181 -0.0279868 0.904055 -0.185481 -0.00999911 0.982597 1.3305 0 0 0 1 
4215528470151;0.660847;0.678209;0.998776 -0.0441903 0.0222295 -0.103745 0.0459689 0.995134 -0.0871531 -0.115423 -0.01827 0.0880683 0.995947 -0.46091 0 0 0 1 
4215528470152;0.936036;0.204341;0.99206 0.0647654 0.107804 -0.22206 -0.069172 0.996894 0.0376475 0.325355 -0.105031 -0.0448056 0.993459 -0.325623 0 0 0 1 
4215528470153;0.43556;0.548525;0.993257 -0.0518251 -0.103706 -0.13639 0.0350998 0.986967 -0.157046 -0.14678 0.110493 0.152347 0.982131 -0.932242 0 0 0 1 
4215528470155;0.767559;0.0534136;0.978639 0.205476 0.00674142 -0.326478 -0.205376 0.975623 0.0773403 1.61852 0.00931452 -0.0770728 0.996982 -0.193576 0 0 0 1 
4215528470156;0.534127;0.164228;0.954945 0.109944 -0.275666 0.0598307 -0.0818294 0.990387 0.111526 0.381396 0.285278 -0.0839441 0.954762 -1.39869 0 0 0 1 
4215528470157;0.770434;0.11051;0.911161 0.399221 0.102025 -0.039595 -0.386646 0.913956 -0.123244 1.56768 -0.142448 0.072848 0.987118 1.15106 0 0 0 1 
4215528470158;0.945303;0.119243;0.926767 0.364465 -0.0909322 -0.431215 -0.345258 0.921848 0.176048 2.02976 0.147989 -0.13176 0.980173 -1.05357 0 0 0 1 
4215528470159;0.28795;0.162115;0.990697 -0.132288 -0.0319408 0.038391 0.13157 0.991025 -0.0236242 -0.328758 0.0347794 0.019202 0.999211 0.114061 0 0 0 1 
4215528470160;0.771203;0.296297;0.997619 -0.0517358 -0.0456027 -0.337119 0.0504113 0.998286 -0.0297327 -0.190838 0.0470628 0.0273631 0.998517 -0.848126 0 0 0 1 
4215528470161;0.233784;0.0661426;0.980393 0.151763 0.125685 -0.276807 -0.150249 0.988414 -0.0214993 0.721154 -0.127492 0.0021937 0.991837 0.348974 0 0 0 1 
4215528470162;0.571431;0.169103;0.996585 0.0278034 0.0777551 -0.581118 -0.0403156 0.985586 0.164302 0.231558 -0.0720661 -0.166875 0.983341 0.659598 0 0 0 1 
4215528470163;0.611739;0.109929;0.996766 -0.066083 0.045712 -0.176269 0.067429 0.997315 -0.0285567 0.140985 -0.0437021 0.0315467 0.998546 0.789712 0 0 0 1 
4215528470164;0.552648;0.391749;0.99815 -0.0469967 0.0385737 0.119268 0.0482307 0.998333 -0.0317096 -0.334807 -0.0370192 0.0335113 0.998753 0.152781 0 0 0 1 
4215528470165;0.294545;0.0266597;0.998817 0.0279702 -0.0397695 -0.105402 -0.0271613 0.999416 0.0207362 0.422738 0.0403263 -0.0196315 0.998994 -0.236532 0 0 0 1 
4215528470166;0.624564;0.126184;0.894166 0.447446 0.0161142 0.29317 -0.444096 0.890902 -0.0952526 1.8232 -0.0569766 0.0780154 0.995323 -0.173032 0 0 0 1 
4215528470167;0.723593;0.0366926;0.996269 0.0863029 -0.000525762 -0.330215 -0.086127 0.99381 -0.0701712 0.524053 -0.00553347 0.0699547 0.997535 0.782954 0 0 0 1 
4215528470168;0.682452;0.124391;0.894266 0.283418 -0.346355 0.0552428 -0.247636 0.95801 0.144548 1.08709 0.372779 -0.0434942 0.9269 -0.493326 0 0 0 1 
4215528470169;0.452691;0.119834;0.983399 0.17333 -0.0536988 -0.256939 -0.166372 0.979392 0.114503 0.741039 0.072439 -0.103668 0.991971 -0.609802 0 0 0 1 
4215528470170;0.927037;0.0298122;0.972954 0.191952 -0.128508 -0.531884 -0.122465 0.900331 0.417619 1.13844 0.195863 -0.390587 0.899489 -0.808231 0 0 0 1 
4215528470171;0.544194;0.105916;0.890299 0.127626 -0.437125 0.55486 -0.217692 0.962414 -0.162385 1.10316 0.399971 0.23973 0.88462 -1.74169 0 0 0 1 
4215528470172;0.700934;0.139303;0.889736 0.161184 0.427071 -0.360016 -0.129496 0.986273 -0.102453 0.227756 -0.437723 0.0358519 0.898395 1.73081 0 0 0 1 
4215528470173;0.534414;0.0883605;0.971353 0.155794 -0.179451 0.0842041 -0.160408 0.986985 -0.0114062 0.942769 0.175338 0.0398648 0.983701 -1.12246 0 0 0 1 
4215528470174;0.297039;0.132;0.996317 0.0819341 0.0252788 -0.105999 -0.0850346 0.982019 0.168543 0.417328 -0.0110148 -0.170072 0.98537 -0.0986399 0 0 0 1 
4215528470175;0.347703;0.133739;0.954081 0.224138 0.198724 -0.232471 -0.28298 0.891987 0.352535 1.03125 -0.0982424 -0.392582 0.914455 0.550299 0 0 0 1 
4215528470176;0.75672;0.536687;0.948989 -0.00224428 0.315301 -0.18811 0.0689903 0.977222 -0.20069 0.125048 -0.307669 0.212206 0.927528 0.447296 0 0 0 1 
4215528470177;0.756848;0.120655;0.987273 0.159022 -0.00194292 0.0418057 -0.151615 0.944837 0.290337 0.841848 0.0480057 -0.286347 0.956923 -0.679582 0 0 0 1 
4215528470178;0.523311;0.473439;0.984193 -0.0471566 -0.170708 -0.143617 0.0322011 0.99548 -0.0893419 -0.0090508 0.17415 0.0824326 0.981263 -0.872073 0 0 0 1 
4215528470179;0.41696;0.0927567;0.925037 0.319847 -0.204952 0.0467579 -0.254558 0.922383 0.290535 1.13225 0.281971 -0.216583 0.934657 -0.74756 0 0 0 1 
4215528470180;0.591922;0.132623;0.931091 0.352951 -0.0921712 -0.122553 -0.350192 0.935591 0.0451007 1.55151 0.102153 -0.00971523 0.994721 -0.846469 0 0 0 1 
4215528470181;0.100371;0.0882304;0.996847 0.0763714 -0.0215239 -0.137139 -0.0731822 0.98976 0.122558 0.340222 0.0306634 -0.120596 0.992228 0.00698062 0 0 0 1 
4215528470182;0.852078;0.429026;0.992019 -0.0235458 -0.123867 -0.0165985 0.0279779 0.999025 0.0341642 0.101337 0.122942 -0.0373571 0.99171 -1.31002 0 0 0 1 
4215528470183;0.165427;0.0607033;0.998998 0.000165817 0.0447644 0.0712348 0.00482199 0.993776 -0.111292 0.0676547 -0.0445043 0.111397 0.992779 0.138275 0 0 0 1 
4215528470184;0.841318;0.0822053;0.884187 -0.071754 -0.461589 0.164365 0.0178685 0.992604 -0.120073 0.487569 0.466791 0.0979187 0.87893 -2.39948 0 0 0 1 
4215528470186;0.933251;0.517073;0.999409 -0.0335955 0.00731907 0.0779988 0.0327317 0.994776 0.0966892 -0.0428932 -0.0105292 -0.0963925 0.995288 -0.570694 0 0 0 1 
4215528470187;0.872934;0.0823608;0.962057 -0.111797 -0.248892 -0.053573 0.0469438 0.966421 -0.252641 -0.122169 0.268779 0.231371 0.935 -2.30036 0 0 0 1 
4215528470188;0.636802;0.125894;0.991843 0.125866 -0.020137 -0.73419 -0.127446 0.976392 -0.174404 0.409054 -0.00228996 0.175548 0.984468 0.0558909 0 0 0 1 
4215528470189;0.616608;0.382056;0.911552 0.160213 0.378687 -0.0285492 -0.100863 0.979954 -0.171803 0.485556 -0.398621 0.118412 0.909439 1.75141 0 0 0 1 
4215528470190;0.721491;0.140008;0.997709 0.0646846 0.0198003 -0.540702 -0.064313 0.997752 -0.018862 0.184553 -0.0209759 0.0175454 0.999626 -0.528884 0 0 0 1 
4215528470191;0.988569;0.236585;0.96759 0.250461 0.0322192 -0.740708 -0.252244 0.964633 0.0765244 1.2863 -0.0119133 -0.0821713 0.996547 1.0439 0 0 0 1 
4215528470192;0.483071;0.221081;0.990763 0.111674 0.0769231 -0.275371 -0.104036 0.989831 -0.097015 0.124492 -0.0869748 0.0881161 0.992306 0.222062 0 0 0 1 
4215528470193;1.00219;0.723767;0.993812 -0.0333702 0.105947 0.15754 0.0250397 0.996559 0.0790085 -0.179303 -0.108219 -0.0758667 0.991228 1.1362 0 0 0 1 
4215528470194;0.574823;0.284877;0.927772 0.236539 -0.288597 -0.511884 -0.305993 0.924913 -0.225621 1.58534 0.213558 0.297633 0.930488 -1.75316 0 0 0 1 
4215528470195;0.262201;0.166129;0.9838 0.179268 -0.00115581 -0.463149 -0.179105 0.983144 0.0367315 0.836917 0.00772112 -0.0359295 0.999325 0.116406 0 0 0 1 
4215528470196;0.705585;0.141739;0.997078 0.0674543 0.035845 -0.250371 -0.0705704 0.993042 0.0942746 0.501178 -0.0292364 -0.0965288 0.994901 0.934416 0 0 0 1 
4215528470197;0.958351;0.521427;0.973686 -0.0445388 -0.223498 -0.328087 0.0300661 0.997249 -0.067747 -0.244337 0.225901 0.0592446 0.972347 -0.490878 0 0 0 1 
4215528470198;0.657229;0.347713;0.991256 0.0439017 -0.124436 0.149849 -0.0374775 0.997864 0.0535068 0.374042 0.126519 -0.0483754 0.990784 -0.636764 0 0 0 1 
4215528470199;0.280312;0.292232;0.955798 -0.00479047 0.293984 0.00574462 -0.0677442 0.969378 0.236045 0.342088 -0.286112 -0.245528 0.926205 1.58092 0 0 0 1 
4215528470200;0.717676;0.178042;0.946414 0.281497 -0.158304 -0.93223 -0.26089 0.955307 0.13901 0.881152 0.19036 -0.0902614 0.977556 -0.460231 0 0 0 1 
4215528470201;0.269494;0.108621;0.998316 -0.0260667 0.0518206 -0.112565 0.0271037 0.999444 -0.0194115 0.0615603 -0.0512858 0.0207833 0.998468 0.29848 0 0 0 1 
4215528470202;0.839096;0.618121;0.954123 -0.0697014 0.291188 -0.15474 0.0482863 0.995616 0.0801022 -0.268984 -0.295495 -0.062367 0.953306 0.675028 0 0 0 1 
4215528470203;0.446878;0.305812;0.967171 0.254125 -0.000562453 -0.474777 -0.254124 0.967158 -0.00517607 1.07077 -0.000771386 0.00514908 0.999986 0.0146396 0 0 0 1 
4215528470204;0.245546;0.449435;0.994384 -0.105793 -0.00283124 -0.222988 0.105734 0.994262 -0.0162536 -0.344192 0.00453451 0.015863 0.999864 -0.0778792 0 0 0 1 
4215528470205;0.862633;0.0986823;0.999634 0.0270193 -0.00150902 -0.209153 -0.0270153 0.999632 0.00259681 -0.021018 0.00157863 -0.00255509 0.999995 0.836932 0 0 0 1 
4215528470206;0.412937;0.188471;0.97794 0.206314 0.0326774 -0.525795 -0.206868 0.93488 0.288452 0.749764 0.0289623 -0.288849 0.956937 0.299814 0 0 0 1 
4215528470207;0.79837;0.201074;0.99809 0.0584022 -0.0201597 0.18322 -0.0432009 0.892963 0.448052 0.0895557 0.0441691 -0.446325 0.89378 0.27657 0 0 0 1 
4215528470208;0.797346;0.488395;0.995975 -0.0825779 0.0348433 -0.20856 0.0719918 0.968639 0.237813 -0.125518 -0.0533887 -0.234347 0.970686 1.38557 0 0 0 1 
4215528470209;0.744174;0.12885;0.999665 0.0212602 -0.0147284 -0.235675 -0.0215958 0.999502 -0.0230116 0.305494 0.0142318 0.0233219 0.999627 0.568218 0 0 0 1 
4215528470210;0.00963021;0.0744501;0.999971 -0.000202151 0.00767485 -0.0660998 0.000217513 0.999998 -0.00200082 0.0298347 -0.00767443 0.00200243 0.999969 0.00749492 0 0 0 1 
4215528470211;0.575999;0.201977;0.984909 0.148684 -0.088586 -0.168437 -0.145095 0.988362 0.0456903 0.579394 0.0943484 -0.0321474 0.99502 -0.828992 0 0 0 1 
4215528470212;0.0961837;0.0980101;0.999103 -0.0417739 -0.00695474 0.00605839 0.0404967 0.990471 -0.131633 -0.143987 0.0123873 0.131233 0.991274 -0.290765 0 0 0 1 
4215528470213;0.289621;0.263346;0.963323 0.0326177 -0.266356 -0.142336 -0.113303 0.949208 -0.293542 0.468969 0.243252 0.312954 0.918089 -1.67454 0 0 0 1 
4215528470214;0.573067;0.203425;0.998132 -0.0446676 -0.0416925 0.148185 0.0467614 0.99762 0.0506742 -0.14885 0.0393297 -0.0525291 0.997845 -0.58956 0 0 0 1 
4215528470215;0.890995;0.426392;0.998658 -0.0517866 0.00105408 0.0102618 0.0517937 0.998622 -0.00846053 -0.0819332 -0.000614481 0.00850377 0.999964 -0.846757 0 0 0 1 
4215528470217;1.22438;0.0702979;0.999824 0.00589682 -0.0178078 0.381386 -0.00624479 0.999789 -0.019548 0.133626 0.0176887 0.0196557 0.99965 -0.961342 0 0 0 1 
4215528470218;0.463441;0.530564;0.999632 4.17852e-05 -0.0271153 -0.127568 -0.00541224 0.980184 -0.198017 0.484073 0.0265697 0.198091 0.979823 -1.36132 0 0 0 1 
4215528470219;1.25639;0.2176;0.990919 -0.0843519 -0.104707 0.5324 0.112851 0.945126 0.306597 -1.74345 0.0730992 -0.315629 0.946063 0.419699 0 0 0 1 
4215528470220;0.864498;0.183611;0.989278 0.0378695 0.141049 -0.236889 -0.0935343 0.90602 0.41277 0.639153 -0.112162 -0.421538 0.899848 3.22337 0 0 0 1 
4215528470221;0.77456;0.873755;0.976697 0.0241151 0.213265 -0.291628 -0.0248892 0.99969 0.000945261 0.22889 -0.213176 -0.00623124 0.976994 2.17046 0 0 0 1 
4215528470222;0.34545;0.0928008;0.957839 -0.287254 -0.00552118 1.93503 0.287226 0.956934 0.042166 -2.92397 -0.00682896 -0.0419741 0.999095 0.211697 0 0 0 1 
4215528470223;0.822643;0.0419941;0.914302 -0.391397 -0.104209 3.18567 0.384257 0.919547 -0.0823458 -3.6734 0.128055 0.035246 0.991141 -1.91738 0 0 0 1 
4215528470224;0.61224;0.165136;0.998427 -0.0227864 0.0512221 0.245947 0.0303624 0.987856 -0.152374 -0.0895479 -0.047128 0.15369 0.986995 -0.0579265 0 0 0 1 
4215528470225;0.96443;0.264736;0.999419 0.0202993 0.0273849 -0.206406 -0.0199516 0.999718 -0.0129124 0.658686 -0.0276393 0.0123585 0.999542 -0.0107671 0 0 0 1 
4215528470226;1.60186;0.11705;0.992546 -0.082938 -0.0892969 0.48453 0.112519 0.905119 0.409999 -1.13833 0.0468198 -0.41699 0.907704 2.69695 0 0 0 1 
4215528470227;0.62327;0.172109;0.991361 0.0610218 0.1161 -0.373765 -0.0519533 0.995472 -0.0795951 0.694322 -0.120431 0.0728757 0.990043 0.552197 0 0 0 1 
4215528470228;0.76285;0.0840853;0.947878 -0.138709 -0.286857 1.83147 0.165161 0.983776 0.0700468 -1.44648 0.272487 -0.113773 0.955409 -2.09809 0 0 0 1 
4215528470229;0.828483;0.259792;0.934466 -0.000429122 -0.356052 0.896167 -0.0224405 0.99794 -0.0600983 0.43166 0.355344 0.0641498 0.932532 -4.09131 0 0 0 1 
4215528470230;1.52282;0.67016;0.999979 -0.00370186 -0.00532138 -0.318547 0.003761 0.999931 0.011146 0.35658 0.00527975 -0.0111658 0.999924 -0.0900447 0 0 0 1 
4215528470231;1.36079;0.902557;0.951291 0.0653973 -0.301278 0.846308 -0.0595027 0.997815 0.0287113 0.791526 0.302498 -0.00938591 0.953104 -3.19904 0 0 0 1 
4215528470232;1.01124;0.240136;0.994204 0.0455538 0.0973778 -0.358075 -0.0504631 0.997545 0.0485605 0.246917 -0.0949266 -0.0531931 0.994062 0.800206 0 0 0 1 
4215528470233;0.360528;0.0278165;0.999356 -0.0341042 -0.0111695 0.252108 0.034259 0.999315 0.0139732 -0.530361 0.0106853 -0.0143469 0.99984 0.111659 0 0 0 1 
4215528470234;0.247697;0.1688;0.99997 -0.00756076 0.00152206 -0.00238001 0.00755756 0.999969 0.00210022 -0.116595 -0.0015379 -0.00208865 0.999997 -0.0305815 0 0 0 1 
4215528470235;1.12906;0.219362;0.922931 -0.349104 -0.162248 3.047 0.309169 0.923289 -0.227931 -2.1065 0.229373 0.160203 0.960064 -3.21405 0 0 0 1 
4215528470236;0.421865;0.222689;0.978587 0.203391 -0.0316066 -0.801609 -0.185719 0.938695 0.290449 1.94192 0.0887437 -0.27836 0.956368 0.505121 0 0 0 1 
4215528470237;1.6174;1.18074;0.998338 0.055194 -0.0165789 -0.533523 -0.0552658 0.998464 -0.00390019 0.482886 0.0163381 0.00480996 0.999855 0.493229 0 0 0 1 
4215528470238;1.42655;0.145423;0.971058 -0.114846 0.209422 0.37146 0.141866 0.98272 -0.118896 -1.67942 -0.192149 0.145164 0.97057 2.02697 0 0 0 1 
4215528470239;1.23487;0.607463;0.991037 0.060828 -0.118938 -0.481327 -0.0570182 0.997753 0.0351795 0.649106 0.120811 -0.0280826 0.992278 -0.542753 0 0 0 1 
4215528470240;1.31981;0.0934402;0.960823 -0.275367 0.031494 1.61678 0.27502 0.961322 0.0149313 -2.95138 -0.0343875 -0.00568481 0.999392 1.10374 0 0 0 1 
4215528470241;0.144224;0.0838693;0.993326 -0.0733624 0.0889968 0.317848 0.0788162 0.995118 -0.059395 -0.757729 -0.084205 0.066013 0.994259 0.48112 0 0 0 1 
4215528470242;0.341886;0.098762;0.988964 -0.138553 0.0524645 0.81909 0.143354 0.984322 -0.102758 -1.40105 -0.0374046 0.109145 0.993322 -0.282947 0 0 0 1 
4215528470243;0.806737;0.289868;0.996421 -0.0760503 0.0368947 0.290075 0.0781547 0.995169 -0.0594119 -0.419246 -0.0321981 0.0620828 0.997552 -0.104708 0 0 0 1 
4215528470244;0.044198;0.112874;0.999913 0.0132119 0.000374278 0.000266367 -0.0132134 0.999903 0.00437636 0.13772 -0.000316421 -0.00438092 0.99999 0.0189404 0 0 0 1 
4215528470245;1.65415;0.358053;0.999253 0.0386069 -0.00181971 -0.241756 -0.0386274 0.995967 -0.0809845 0.936249 -0.00131419 0.0809943 0.996714 -1.30231 0 0 0 1 
4215528470246;0.359411;0.120804;0.924455 -0.377329 0.0548233 2.74024 0.377147 0.926047 0.0140154 -3.69058 -0.0560574 0.00771985 0.998398 0.541224 0 0 0 1 
4215528470248;1.05013;0.825545;0.991969 0.0448436 -0.118262 -0.365928 -0.0493006 0.998169 -0.0350336 0.511865 0.116475 0.0405827 0.992364 -0.629214 0 0 0 1 
4215528470249;0.429566;0.115077;0.975257 -0.0516137 0.214965 0.138353 -0.0109715 0.959867 0.280242 0.052754 -0.220802 -0.275667 0.93555 2.71973 0 0 0 1 
4215528470250;0.0803374;0.157003;0.997872 0.0644291 -0.00999095 -0.387642 -0.0635327 0.995307 0.0729904 0.328808 0.0146468 -0.0722003 0.997283 0.154367 0 0 0 1 
4215528470251;0.907231;0.158198;0.990859 -0.0892905 0.101121 -0.35738 0.0809352 0.99318 0.0839212 -0.147186 -0.107925 -0.0749699 0.991328 0.697837 0 0 0 1 
4215528470252;0.54782;0.103085;0.999753 0.0201557 -0.00934726 -0.103956 -0.0199594 0.999588 0.0206462 0.0380782 0.00975955 -0.0204545 0.999743 -0.534761 0 0 0 1 
4215528470253;0.780027;0.661421;0.971936 0.0629354 -0.226669 0.00142591 -0.0592663 0.997978 0.0229635 0.481261 0.227656 -0.00888525 0.973701 -1.4104 0 0 0 1 
4215528470254;0.503441;0.272674;0.968008 0.073421 0.239935 -0.421601 -0.113216 0.981164 0.156524 0.389306 -0.223924 -0.178681 0.958087 1.55389 0 0 0 1 
4215528470255;0.683372;0.0715326;0.991682 0.101633 0.0789837 -0.648541 -0.0938753 0.990906 -0.0964 0.137121 -0.0880628 0.0881834 0.992204 0.441116 0 0 0 1 
4215528470256;0.928983;0.313644;0.995547 0.0776396 -0.0534596 -0.602775 -0.0760028 0.996594 0.0320004 0.604432 0.055762 -0.0277948 0.998057 0.433515 0 0 0 1 
4215528470257;0.749547;0.31829;0.991897 -0.0993071 -0.0792326 0.364649 0.0834283 0.979517 -0.183266 -0.293751 0.0958093 0.175171 0.979865 -1.90151 0 0 0 1 
4215528470258;0.0650151;0.0777826;0.999617 -0.0271582 0.00527037 0.0271607 0.0271777 0.999624 -0.0036743 -0.167487 -0.0051686 0.00381613 0.999979 -0.0539288 0 0 0 1 
4215528470259;0.534376;0.387175;0.996449 -0.0636816 0.0550791 0.0541048 0.0650916 0.997586 -0.0241938 -0.470133 -0.0534054 0.0276931 0.998189 0.496873 0 0 0 1 
4215528470260;0.97684;0.336765;0.996885 -0.0726943 0.0305847 0.6003 0.0760742 0.988614 -0.129826 -0.648418 -0.0207989 0.131748 0.991065 0.140046 0 0 0 1 
