#;prob_registration_l1 -r /home/probabilistic_point_clouds_registration/build/tester /home/point_clouds_registration_benchmark/planetary_map_local.txt /home/point_clouds_registration_benchmark/p2at_met -s 0.2 -t 0.2 -p 0.3 -r 10000 -m 15 -i 40 
id;initial_error;final_error;transformation
25528382210000;2.8561;0.729871;0.997131 -0.0755045 -0.00540102 -4.23831 0.0756229 0.996776 0.0268258 -1.6705 0.00335813 -0.0271573 0.999626 0.769622 0 0 0 1 
25528382210001;2.11331;1.31425;0.99978 -0.0187784 -0.00933525 -1.23389 0.0200923 0.985247 0.169956 -1.25721 0.00600603 -0.170106 0.985407 -9.27599 0 0 0 1 
25528382210002;1.70145;1.3573;0.976535 0.0318883 0.212984 2.30519 0.0252021 0.96526 -0.260073 -2.38659 -0.213878 0.259338 0.941807 14.3956 0 0 0 1 
25528382210003;1.37022;0.327176;0.999999 -0.00105978 0.000767771 -0.52975 0.00105387 0.99997 0.00765346 0.0574359 -0.000775859 -0.00765264 0.99997 0.702781 0 0 0 1 
25528382210004;1.75339;1.34459;0.966497 -0.0336702 0.254461 -1.38064 0.00228833 0.99245 0.122629 -0.1608 -0.256669 -0.117939 0.959277 -5.44573 0 0 0 1 
25528382210005;0.735848;0.638709;0.995266 0.0194311 0.0952253 1.18039 0.0113671 0.949811 -0.312618 -2.68112 -0.0965205 0.312221 0.945094 16.6021 0 0 0 1 
25528382210006;1.57164;0.485259;0.997031 -0.031972 -0.0700525 -1.86375 0.0310283 0.999413 -0.0145193 -0.261812 0.0704756 0.0123026 0.997438 -1.40459 0 0 0 1 
25528382210007;1.73822;1.25517;0.999976 -0.00510319 -0.0046008 0.185709 0.00485818 0.998647 -0.0517779 -0.531393 0.00485881 0.0517543 0.998648 2.11175 0 0 0 1 
25528382210008;0.906109;0.881768;0.995788 0.0222284 0.0889496 1.43474 -0.0224935 0.999745 0.00197934 0.17905 -0.088883 -0.00397179 0.996034 0.273166 0 0 0 1 
25528382210009;0.490985;0.199061;0.970304 0.056147 -0.235282 2.61373 -0.0319283 0.993906 0.10551 0.347515 0.239772 -0.0948648 0.966183 -6.3609 0 0 0 1 
25528382210010;2.17163;1.06547;0.991634 -0.0574931 -0.115572 -2.64339 0.00112378 0.899144 -0.437651 -5.03755 0.129078 0.433859 0.891687 18.6525 0 0 0 1 
25528382210011;2.42393;1.21247;0.999891 0.000981917 -0.0147546 -0.455374 0.00121947 0.988919 0.148453 0.0789939 0.0147369 -0.148455 0.988809 -9.14426 0 0 0 1 
25528382210012;1.04957;0.419849;0.997555 -0.0292568 -0.0634681 -1.46123 0.0253667 0.9978 -0.061255 -0.844215 0.0651206 0.0594953 0.996102 3.17642 0 0 0 1 
25528382210013;1.47687;1.17657;0.999938 -0.0108445 0.0026179 -0.479391 0.0108217 0.999905 0.0085691 -0.0161462 -0.00271058 -0.00854024 0.99996 0.226166 0 0 0 1 
25528382210014;2.77484;2.00204;0.98067 0.011378 0.19534 1.43676 -0.0781572 0.937989 0.337739 -2.26269 -0.179384 -0.346478 0.920747 -15.198 0 0 0 1 
25528382210015;1.8346;1.78851;0.997567 0.014855 0.0681138 0.731199 -0.00994397 0.997364 -0.071881 0.098933 -0.069002 0.0710288 0.995085 4.61041 0 0 0 1 
25528382210016;0.567147;0.566339;0.993935 -0.011413 -0.109373 -0.798875 0.0294245 0.985936 0.164515 -1.13807 0.105957 -0.166735 0.980292 -9.52843 0 0 0 1 
25528382210017;2.04883;1.49545;0.952801 0.00707382 -0.303512 -0.383617 0.0575423 0.977399 0.20342 -1.59362 0.298092 -0.211283 0.93086 -11.3122 0 0 0 1 
25528382210018;2.95759;1.38794;0.999491 0.0304441 -0.00949261 0.712486 -0.0244956 0.923535 0.382731 -2.04974 0.0204187 -0.382304 0.923811 -17.3547 0 0 0 1 
25528382210019;2.21355;1.86149;0.995734 0.0245907 0.0889356 1.5473 -0.0238805 0.999674 -0.00904134 0.352335 -0.089129 0.00687894 0.995996 0.0716461 0 0 0 1 
25528382210020;0.308749;0.47022;0.980992 -0.0532717 0.186593 -2.54041 0.0964245 0.968283 -0.230499 -2.92576 -0.168396 0.24411 0.955015 13.1663 0 0 0 1 
25528382210021;1.80312;1.32626;0.999507 0.0306736 -0.0066672 1.66938 -0.0302877 0.998197 0.05183 0.0453206 0.00824499 -0.0516025 0.998634 -1.7816 0 0 0 1 
25528382210022;2.94324;2.22973;0.869361 -0.0319992 -0.493141 -1.85823 0.00183408 0.998103 -0.0615322 0.3241 0.494175 0.0525892 0.86777 -0.388459 0 0 0 1 
25528382210023;1.21687;0.707206;0.889002 -0.027054 -0.457103 -1.52878 -0.012423 0.996461 -0.0831374 0.0351954 0.457734 0.0795879 0.88552 0.154943 0 0 0 1 
25528382210024;1.44022;1.13549;0.998099 -0.0446538 0.0424822 -2.56969 0.0456075 0.998723 -0.0217515 -0.679729 -0.0414566 0.0236477 0.99886 0.889369 0 0 0 1 
25528382210025;2.35204;2.02822;0.999991 -0.00172528 -0.00397663 0.305742 0.00175715 0.999966 0.00802605 -0.168878 0.00396265 -0.00803296 0.99996 -0.563184 0 0 0 1 
25528382210026;1.69358;0.451076;0.997868 0.0124784 0.064055 0.539782 -0.0135205 0.999783 0.0158617 0.440964 -0.0638431 -0.0166939 0.99782 -1.94842 0 0 0 1 
25528382210027;2.42888;1.25857;0.997236 -0.0369192 0.0644796 -2.35438 0.037623 0.999245 -0.00973605 -0.533563 -0.0640714 0.0121351 0.997872 2.62465 0 0 0 1 
25528382210028;0.814222;0.333903;0.968511 0.0196639 -0.248192 1.16143 -0.0402393 0.996133 -0.0781021 0.296982 0.245696 0.0856298 0.965557 1.81192 0 0 0 1 
25528382210029;0.390701;0.502178;0.973225 -0.0826694 -0.214473 -4.4796 0.0181827 0.957849 -0.286698 -2.85435 0.229134 0.275122 0.933705 11.876 0 0 0 1 
25528382210031;1.54457;0.807315;0.999383 0.0306908 -0.0170558 0.786465 -0.0298165 0.998337 0.0493474 0.0325514 0.0185419 -0.0488084 0.998636 -3.13798 0 0 0 1 
25528382210032;0.49374;0.201189;0.99937 0.0353232 0.00349481 0.767952 -0.0354868 0.992067 0.120594 0.195197 0.000792695 -0.120642 0.992696 -3.67411 0 0 0 1 
25528382210033;0.496545;0.499482;0.99788 0.0200099 0.0619236 0.431817 -0.0209406 0.999677 0.0144175 0.0625926 -0.0616151 -0.0156836 0.997977 -0.450119 0 0 0 1 
25528382210034;1.67751;1.45688;0.999576 0.00981739 -0.0274287 0.220154 -0.0125754 0.994678 -0.102264 -0.111847 0.0262788 0.102565 0.994379 1.83874 0 0 0 1 
25528382210035;1.14274;0.600173;0.996734 0.0293293 -0.075238 0.780997 -0.0256811 0.998468 0.0490065 0.131637 0.0765601 -0.0469142 0.995961 -3.30389 0 0 0 1 
25528382210036;0.657758;0.232204;0.998082 0.0288725 0.0547547 0.74846 -0.0352591 0.992206 0.119514 0.343289 -0.0508773 -0.121215 0.991322 -2.72931 0 0 0 1 
25528382210037;0.42747;0.329019;0.943953 0.0456591 -0.326906 1.50212 -0.0242349 0.9973 0.0693143 0.0118582 0.329188 -0.0575069 0.942512 -5.03358 0 0 0 1 
25528382210038;2.16463;1.46489;0.994861 -0.0230041 -0.0986006 -0.830516 0.0196516 0.9992 -0.0348389 -0.400976 0.0993231 0.0327222 0.994517 1.72696 0 0 0 1 
25528382210039;1.45509;1.2177;0.999796 -0.000113343 0.0201944 -0.0600508 -0.00102912 0.998399 0.056554 -0.0198039 -0.0201685 -0.0565633 0.998195 -0.848168 0 0 0 1 
25528382210040;1.05221;1.08284;0.995435 -0.0250412 -0.0920976 -0.692746 0.0206145 0.9986 -0.0487066 -0.285012 0.0931884 0.0465858 0.994558 0.357861 0 0 0 1 
25528382210041;1.71424;0.800604;0.910265 -0.029083 0.413003 0.359323 0.000938036 0.997672 0.0681871 0.0309033 -0.414025 -0.0616809 0.908173 3.25853 0 0 0 1 
25528382210042;0.574012;0.322494;0.989082 0.0167142 0.146416 0.374929 0.0331893 0.942757 -0.331824 -2.3816 -0.143581 0.333061 0.931909 11.7047 0 0 0 1 
25528382210043;0.513876;0.186685;0.999974 -0.00711946 0.00146119 0.0605226 0.00666992 0.978824 0.204596 -0.534435 -0.00288686 -0.204581 0.978845 -6.7191 0 0 0 1 
25528382210044;0.355334;0.346042;0.912876 0.00370013 0.408221 1.0309 -0.0578386 0.991044 0.120358 0.214945 -0.404119 -0.133482 0.904914 -0.792359 0 0 0 1 
25528382210045;1.15928;0.991909;0.999246 0.0155887 -0.0355522 0.260545 -0.0172248 0.998784 -0.0461878 0.0853564 0.0347889 0.0467653 0.9983 0.837619 0 0 0 1 
25528382210046;2.5411;1.05463;0.99521 0.0225392 0.0951304 0.69108 -0.0583563 0.917652 0.393077 -2.32713 -0.0784369 -0.396746 0.914571 -13.767 0 0 0 1 
25528382210047;2.63214;2.22138;0.961534 -0.0689954 -0.265879 -2.42612 -0.0301382 0.935598 -0.351779 -2.27778 0.273027 0.346261 0.89753 8.98208 0 0 0 1 
25528382210048;0.0550198;0.170461;0.999618 0.017728 -0.0212033 0.354612 -0.0180457 0.999726 -0.014889 0.115852 0.0209335 0.0152659 0.999664 0.207081 0 0 0 1 
25528382210049;0.624254;0.320916;0.99821 0.0364487 0.0474124 0.837464 -0.0456481 0.976566 0.210321 -0.0215742 -0.0386354 -0.212109 0.976482 -5.79043 0 0 0 1 
25528382210050;1.7141;0.260117;0.999624 0.0142936 0.0233802 0.204679 -0.0131245 0.998692 -0.0494137 0.149184 -0.0240559 0.0490883 0.998505 3.54353 0 0 0 1 
25528382210051;0.731618;0.833138;0.998937 0.00954091 -0.045101 0.0926224 -0.00562019 0.996256 0.0862724 -0.0944995 0.0457552 -0.0859273 0.99525 -3.0664 0 0 0 1 
25528382210052;0.501673;0.465468;0.944264 0.0124138 -0.328955 0.80588 0.0265406 0.993165 0.113664 -0.308915 0.328118 -0.116059 0.93748 -6.37846 0 0 0 1 
25528382210053;0.245766;0.32656;0.996408 0.00327423 0.0846132 0.0510613 0.00905123 0.989409 -0.144874 -0.554388 -0.0841914 0.14512 0.985826 5.04035 0 0 0 1 
25528382210054;2.27774;1.60172;0.99799 -0.0284205 0.0566501 -0.673344 0.0309599 0.998531 -0.0444645 -0.197988 -0.0553032 0.046129 0.997403 3.32732 0 0 0 1 
25528382210055;0.613367;0.857174;0.996882 0.0298103 -0.0730578 0.530379 -0.0274359 0.999069 0.0332926 0.0763087 0.0739822 -0.0311844 0.996772 -1.50216 0 0 0 1 
25528382210056;2.21606;1.97782;0.992756 0.0429093 -0.112223 1.30042 -0.0182634 0.977091 0.212036 -0.465962 0.11875 -0.20845 0.970797 -8.27815 0 0 0 1 
25528382210057;2.17431;1.86716;0.999825 -0.00562376 -0.0178411 -0.42824 0.00491483 0.999206 -0.0395339 -0.346892 0.0180493 0.0394393 0.999059 1.7296 0 0 0 1 
25528382210058;0.777574;0.44953;0.943672 0.0851887 -0.319727 2.44491 0.040045 0.929782 0.365926 -2.18798 0.328449 -0.358117 0.873998 -13.7793 0 0 0 1 
25528382210059;0.655634;0.433772;0.998248 0.0356895 -0.047185 0.855619 -0.0311233 0.995067 0.0941963 0.174424 0.050314 -0.0925627 0.994435 -4.01792 0 0 0 1 
25528382210060;1.3379;0.507849;0.943542 -0.0704096 -0.323682 -2.11477 0.00282637 0.978825 -0.204682 -1.04045 0.33124 0.192211 0.923761 4.28501 0 0 0 1 
25528382210062;1.314;0.87511;0.996206 0.0124187 -0.0861389 0.636798 -0.00812065 0.998713 0.0500692 0.0663821 0.0866498 -0.0491798 0.995024 -2.11521 0 0 0 1 
25528382210063;2.15505;1.47773;0.99998 -0.00571696 -0.00285479 -0.273091 0.00555871 0.998597 -0.0526605 0.111703 0.00315184 0.0526436 0.998608 3.23038 0 0 0 1 
25528382210064;0.553066;0.515909;0.984762 0.00601215 0.173805 0.721012 0.0203172 0.988581 -0.149311 -0.782617 -0.172718 0.150567 0.973395 10.0079 0 0 0 1 
25528382210065;1.61508;0.713124;0.994476 0.0347607 -0.099046 2.78759 -0.0174301 0.985162 0.17074 -1.00778 0.103511 -0.16807 0.980325 -12.3846 0 0 0 1 
25528382210066;1.78743;0.969759;0.999973 -0.00171615 0.00715633 -0.211773 0.00155278 0.999739 0.0227721 0.0917375 -0.00719354 -0.0227604 0.999715 -0.701085 0 0 0 1 
25528382210067;0.672032;0.582908;0.993508 -0.0195962 -0.112063 -2.49016 0.00917961 0.995649 -0.0927245 -0.468132 0.113392 0.0910938 0.989366 11.9307 0 0 0 1 
25528382210068;1.84994;0.643918;0.997871 0.00990843 -0.0644654 0.322425 -0.00664622 0.998696 0.0506231 0.235645 0.0648829 -0.0500868 0.996635 -1.59411 0 0 0 1 
25528382210069;2.23987;0.26161;0.980999 -0.0330062 -0.191183 -3.35132 -0.0124356 0.972699 -0.231738 -2.65416 0.193612 0.229713 0.953806 24.9556 0 0 0 1 
25528382210070;2.2156;0.856815;0.999925 -0.00155292 -0.0121149 -0.492315 0.00159378 0.999993 0.0033633 0.0668655 0.0121096 -0.00338235 0.999921 2.3258 0 0 0 1 
25528382210071;1.44584;1.27249;0.99917 -0.0407219 0.00064924 -4.02265 0.0365794 0.890292 -0.453918 -10.9226 0.0179064 0.453565 0.891043 44.5142 0 0 0 1 
25528382210072;1.6175;1.48937;0.998298 -0.0370803 -0.0450134 -3.9279 0.0185742 0.933805 -0.357299 -6.98722 0.0552825 0.355855 0.932905 36.8858 0 0 0 1 
25528382210073;2.148;0.351588;0.999134 0.0126486 -0.0396458 0.782341 -0.0107056 0.998749 0.0488425 0.0797722 0.040214 -0.0483758 0.998019 -1.40136 0 0 0 1 
25528382210074;1.21241;0.581529;0.991649 -0.00696796 0.128776 -0.24392 0.00479037 0.99984 0.0172119 0.275998 -0.128876 -0.0164513 0.991524 -6.44637 0 0 0 1 
25528382210075;0.469924;0.196124;0.967454 -0.0223863 -0.252055 -3.66091 -0.0191004 0.986777 -0.160953 -2.03013 0.252325 0.160529 0.954234 21.5754 0 0 0 1 
25528382210076;1.94829;1.22637;0.999873 0.00249935 -0.0157193 -0.100159 -0.00123417 0.996795 0.0799858 0.198039 0.0158689 -0.0799563 0.996672 -5.62214 0 0 0 1 
25528382210077;1.55351;0.734639;0.999825 0.0119197 -0.0144244 1.28764 -0.01095 0.99779 0.0655333 -0.0764986 0.0151736 -0.0653639 0.997746 -8.00216 0 0 0 1 
25528382210078;1.78754;1.37756;0.999828 0.0042023 0.0180755 0.385792 -0.00479428 0.999449 0.032833 0.111597 -0.0179276 -0.032914 0.999297 -2.787 0 0 0 1 
25528382210079;0.52952;0.435262;0.966153 -0.0198878 -0.257203 -3.47953 -0.00783611 0.994301 -0.106318 -0.948562 0.257852 0.104735 0.960491 16.3703 0 0 0 1 
25528382210080;0.579865;0.174098;0.999939 0.0014693 -0.010907 0.0523365 -0.00147156 0.999999 -0.000199251 0.0263732 0.0109067 0.000215289 0.99994 0.871668 0 0 0 1 
25528382210081;1.6725;1.68084;0.999659 -0.00727063 0.0250716 -0.664009 0.00897421 0.997609 -0.0685201 -0.101567 -0.0245134 0.0687217 0.997335 5.97739 0 0 0 1 
25528382210082;1.80785;0.152488;0.960247 -0.0122622 0.278881 -0.856949 -0.027966 0.989783 0.139813 -0.947457 -0.277746 -0.142054 0.950094 -19.26 0 0 0 1 
25528382210083;0.928935;0.340471;0.981354 -0.0328266 -0.189385 -4.47341 -0.00702636 0.978523 -0.20602 -2.93601 0.19208 0.203509 0.960047 25.8242 0 0 0 1 
25528382210084;1.83208;1.46959;0.998751 -0.0170827 -0.0469463 -1.74802 0.010875 0.991528 -0.129435 -0.748459 0.0487597 0.128762 0.990476 12.4201 0 0 0 1 
25528382210085;0.401662;0.32904;0.993774 0.0536852 -0.0976292 5.01957 -0.0216896 0.95271 0.303105 -4.2352 0.109285 -0.2991 0.947943 -27.5937 0 0 0 1 
25528382210086;1.45129;0.96751;0.996632 0.00691845 -0.0817177 0.426899 -0.00900353 0.999643 -0.0251748 0.018984 0.0815143 0.0258258 0.996338 5.37512 0 0 0 1 
25528382210087;0.345605;0.155382;0.939445 -0.00892792 0.342585 -1.37815 0.0383824 0.996112 -0.079294 0.414313 -0.340545 0.0876415 0.936135 0.102024 0 0 0 1 
25528382210088;0.167837;0.113467;0.999917 -0.00642959 -0.0111566 -0.745507 0.00644664 0.999978 0.00149315 0.233388 0.0111468 -0.00156495 0.999937 -0.182107 0 0 0 1 
25528382210089;1.83562;1.81332;0.999911 -0.00264602 0.0130751 -0.209736 0.00306773 0.999472 -0.0323381 0.0579347 -0.0129827 0.0323753 0.999391 2.50685 0 0 0 1 
25528382210090;2.15758;0.171406;0.999988 0.000387844 -0.00494298 -0.182661 -0.000526839 0.999604 -0.0281496 -0.105376 0.0049301 0.0281518 0.999592 5.47966 0 0 0 1 
25528382210091;0.893388;0.529836;0.999865 -0.0129466 0.0101665 -1.30404 0.0140956 0.99236 -0.122566 -0.745717 -0.008502 0.122693 0.992408 12.6047 0 0 0 1 
25528382210093;1.89713;0.187887;0.978226 0.0345232 -0.204652 -1.05351 -0.0139335 0.994768 0.101208 -0.309091 0.207075 -0.0961528 0.973588 4.41008 0 0 0 1 
25528382210094;0.825331;0.192421;0.997813 0.0265628 -0.0605322 -0.0739581 -0.00544263 0.945616 0.32524 0.394478 0.0658795 -0.324199 0.943692 -1.89609 0 0 0 1 
25528382210095;0.858473;0.851448;0.962992 0.0666943 0.261148 0.535193 -0.101347 0.987398 0.121552 -1.43147 -0.24975 -0.14352 0.957615 -4.22347 0 0 0 1 
25528382210096;0.8797;0.339141;0.95039 0.0880056 0.298351 0.778308 -0.194493 0.916655 0.349165 -3.22709 -0.242757 -0.38987 0.888296 -7.05606 0 0 0 1 
25528382210097;2.1961;0.365161;0.994501 0.0553912 0.0888841 0.392533 -0.0622815 0.995106 0.0767171 -2.26455 -0.0841997 -0.081831 0.993083 -3.08508 0 0 0 1 
25528382210098;1.08082;0.253505;0.999631 0.027171 -0.000573282 0.322797 -0.0271468 0.997303 -0.0681841 -1.17437 -0.00128089 0.0681745 0.997673 -0.222457 0 0 0 1 
25528382210099;0.565162;0.319395;0.947662 -0.0436453 -0.316278 -1.9398 0.00483637 0.992461 -0.122465 -0.056878 0.319238 0.114526 0.940729 5.84128 0 0 0 1 
25528382210100;1.81678;1.74095;0.996433 0.0767163 0.035165 0.904563 -0.0833956 0.958951 0.271032 -1.06547 -0.0129289 -0.272998 0.961928 -1.85321 0 0 0 1 
25528382210101;0.708323;0.454933;0.998602 -0.0399717 -0.0345747 -0.572762 0.0385313 0.998401 -0.0413693 0.70025 0.036173 0.0399793 0.998546 1.31888 0 0 0 1 
25528382210102;2.25601;1.59475;0.997703 0.00786676 -0.0672817 0.0571577 -0.0139615 0.995789 -0.0906018 -0.774039 0.0662856 0.0913331 0.993612 0.424235 0 0 0 1 
25528382210103;0.72475;0.528808;0.995977 0.0894558 -0.00521878 0.77575 -0.0884256 0.990597 0.104394 -1.53623 0.0145083 -0.103512 0.994522 0.240423 0 0 0 1 
25528382210104;2.73972;1.51075;0.990037 0.0635083 -0.125673 -0.0719295 -0.0269865 0.961546 0.273316 0.356001 0.138198 -0.267201 0.95368 2.47767 0 0 0 1 
25528382210105;1.37462;0.23336;0.985348 0.04221 0.16525 0.502158 0.0423942 0.877869 -0.47702 -1.86672 -0.165203 0.477037 0.863217 -0.671791 0 0 0 1 
25528382210106;1.98093;0.148464;0.994685 -0.055052 -0.0870097 -0.256622 0.0194404 0.930272 -0.366354 -0.314608 0.101111 0.362715 0.926398 1.97941 0 0 0 1 
25528382210107;2.7132;1.95906;0.999335 0.0190011 0.0311092 0.215023 -0.0206259 0.998394 0.05277 -0.316974 -0.0300565 -0.0533765 0.998122 -2.46598 0 0 0 1 
25528382210108;2.24596;1.24568;0.980595 0.0359369 -0.19272 0.14507 -0.0335133 0.999313 0.0158222 -1.0877 0.193156 -0.00905646 0.981126 1.84811 0 0 0 1 
25528382210109;1.35089;0.295236;0.99678 0.0169199 0.0783822 0.513732 -0.00984457 0.995912 -0.0897894 -0.328683 -0.079581 0.0887287 0.992872 -1.84507 0 0 0 1 
25528382210110;1.54595;0.974739;0.997489 0.0636065 -0.0311535 0.135102 -0.0396145 0.865668 0.499049 0.175545 0.0587114 -0.496561 0.866014 -2.29486 0 0 0 1 
25528382210111;0.364366;0.251121;0.985122 -0.00902036 -0.171619 -0.815611 0.000977009 0.998899 -0.0468945 -0.128629 0.171853 0.0460291 0.984047 3.27843 0 0 0 1 
25528382210112;2.44837;2.18444;0.993893 0.0258056 0.107287 0.143813 -0.0472472 0.978159 0.202417 0.0137031 -0.09972 -0.20625 0.973405 -1.14816 0 0 0 1 
25528382210113;0.357128;0.34187;0.996498 0.0813279 0.0194286 0.668882 -0.0824531 0.994364 0.06664 -1.39945 -0.0138994 -0.0680086 0.997588 -0.240401 0 0 0 1 
25528382210114;2.52967;0.781951;0.948742 -0.0281034 0.3148 -0.752703 0.128261 0.944567 -0.302228 1.3578 -0.288857 0.327113 0.899755 -4.67948 0 0 0 1 
25528382210115;1.99023;0.282309;0.99798 -0.00747605 -0.063091 -0.565105 0.00843329 0.999853 0.0149196 0.301592 0.0629702 -0.0154215 0.997896 2.95082 0 0 0 1 
25528382210116;0.274109;0.237003;0.998567 0.0125251 -0.0520369 -0.19448 0.000794391 0.968658 0.248396 0.457918 0.0535172 -0.248081 0.96726 -0.645898 0 0 0 1 
25528382210117;0.456139;0.270092;0.96922 0.0801817 0.232775 0.599821 -0.12491 0.974904 0.184282 -1.90719 -0.212157 -0.207685 0.954911 -4.75748 0 0 0 1 
25528382210118;1.00279;0.159097;0.998471 0.00627508 0.0549137 0.0298432 -0.00702371 0.999885 0.0134504 -0.130419 -0.054823 -0.0138155 0.998401 -1.84892 0 0 0 1 
25528382210119;1.53716;0.956103;0.994617 0.0321658 0.0985018 0.133198 -0.0102425 0.976463 -0.215442 -1.39164 -0.103113 0.213273 0.971536 0.402122 0 0 0 1 
25528382210120;1.16367;0.489042;0.999709 7.80547e-05 0.024137 0.0934801 -0.000645421 0.999724 0.0234992 0.453312 -0.0241285 -0.023508 0.999432 0.369337 0 0 0 1 
25528382210121;1.92017;1.21843;0.9992 -0.00503035 0.0396778 0.0947432 -0.00225422 0.983399 0.181443 0.674902 -0.0399319 -0.181387 0.982601 -2.75659 0 0 0 1 
25528382210122;1.42171;0.527759;0.994814 0.0370652 -0.094713 0.269155 -0.0403695 0.998633 -0.0332127 -0.606433 0.0933525 0.036864 0.99495 0.414393 0 0 0 1 
25528382210124;1.41534;0.491936;0.999707 0.0198257 -0.0139165 1.63625 -0.0191177 0.998602 0.0492836 -0.358974 0.0148741 -0.0490031 0.998688 -5.4276 0 0 0 1 
25528382210125;0.633729;0.314068;0.991889 -0.0331887 -0.122699 -2.88089 0.0158182 0.990036 -0.139921 -0.984717 0.12612 0.136846 0.982531 12.0246 0 0 0 1 
25528382210126;0.445145;0.269647;0.951402 -0.00109465 -0.307951 -0.924241 0.00839239 0.999714 0.0223744 0.030293 0.307838 -0.0238714 0.951139 -0.199289 0 0 0 1 
25528382210127;0.670288;0.710674;0.998112 -0.0149613 -0.059573 -1.13023 0.0113527 0.998106 -0.0604593 -0.128648 0.0603647 0.0596688 0.996391 5.21506 0 0 0 1 
25528382210128;2.24311;1.72271;0.999916 -0.0129389 -0.000697445 -0.703225 0.0129234 0.999738 -0.0188774 -0.020721 0.000941515 0.0188668 0.999822 -0.474675 0 0 0 1 
25528382210129;1.80511;1.45372;0.985661 0.0107134 0.168396 1.11808 -0.012491 0.999877 0.00950057 0.226376 -0.168273 -0.0114678 0.985674 -0.530493 0 0 0 1 
25528382210130;0.986557;0.218189;0.99895 0.0135494 0.0437558 1.11285 -0.0169291 0.996824 0.0778158 0.0631415 -0.0425625 -0.0784748 0.996007 -5.31328 0 0 0 1 
25528382210131;2.11864;1.92103;0.983328 -0.104597 -0.148749 -8.35571 0.0294061 0.898708 -0.43756 -8.32014 0.179449 0.425891 0.8868 34.009 0 0 0 1 
25528382210132;0.163045;0.162418;0.99988 0.0090656 -0.012588 0.645689 -0.00945916 0.999457 -0.0315651 -0.131732 0.012295 0.0316804 0.999422 2.38105 0 0 0 1 
25528382210133;1.8377;0.884285;0.999848 -0.00651159 -0.0161723 -0.764469 0.00637859 0.999946 -0.00826168 0.136765 0.0162252 0.00815727 0.999835 2.65555 0 0 0 1 
25528382210134;1.18998;0.878592;0.999978 -0.00667514 -0.000466835 -0.598696 0.0066588 0.999558 -0.0289881 -0.0751684 0.000660128 0.0289844 0.99958 3.17802 0 0 0 1 
25528382210135;0.879278;0.67783;0.998938 0.02473 0.0388778 1.88096 -0.0261989 0.998944 0.0377391 -0.163831 -0.0379034 -0.0387176 0.998531 -2.67461 0 0 0 1 
25528382210136;1.20454;0.947451;0.938774 0.0345862 0.342793 2.83383 0.0213723 0.987187 -0.158133 -0.958109 -0.34387 0.155777 0.926006 11.0846 0 0 0 1 
25528382210137;0.490225;0.53358;0.999909 -0.011435 0.00721609 -0.826808 0.0118638 0.997976 -0.0624734 -0.129579 -0.0064871 0.0625533 0.998021 4.57211 0 0 0 1 
25528382210138;0.898047;0.941952;0.999907 -0.0111133 0.00789177 -0.734231 0.0117219 0.996581 -0.0817874 -0.336814 -0.00695586 0.0818724 0.996619 6.06157 0 0 0 1 
25528382210139;0.258844;0.172771;0.998142 -0.0191762 0.0578414 -1.38881 0.0219174 0.998648 -0.0471347 -0.142289 -0.0568593 0.0483148 0.997212 3.54032 0 0 0 1 
25528382210140;1.51354;1.24685;0.999661 -0.00435029 0.0256646 -0.349935 0.00721032 0.993634 -0.112423 -0.476461 -0.0250121 0.11257 0.993329 7.8584 0 0 0 1 
25528382210141;0.177514;0.177146;0.969181 0.0182275 0.245675 1.66204 -0.0340186 0.997607 0.0601864 -0.272052 -0.24399 -0.066689 0.967482 -6.77113 0 0 0 1 
25528382210142;1.7221;1.37186;0.990774 0.0104569 -0.135121 0.390493 0.00893094 0.989814 0.142087 -0.245255 0.13523 -0.141983 0.980588 -9.95248 0 0 0 1 
25528382210143;1.74732;1.59215;0.993206 -0.0121448 -0.115731 -1.06246 0.00770285 0.999219 -0.0387519 0.164332 0.116111 0.0375972 0.992524 3.70011 0 0 0 1 
25528382210144;0.62636;0.584048;0.985099 -0.0139279 -0.171424 -1.30096 0.014362 0.999896 0.00129184 0.0880634 0.171388 -0.00373458 0.985196 0.580025 0 0 0 1 
25528382210145;2.23099;1.53534;0.982474 0.0236888 0.184887 2.32917 -0.0331845 0.998275 0.0484348 -0.349668 -0.183421 -0.0537213 0.981566 -3.66255 0 0 0 1 
25528382210146;0.123351;0.129576;0.987645 -0.00738761 0.156535 -0.311522 0.00652384 0.999961 0.00603115 0.0228401 -0.156574 -0.00493542 0.987654 -1.34745 0 0 0 1 
25528382210147;2.1323;0.330613;0.99993 -0.00687802 0.0096688 -0.788868 0.00698983 0.999909 -0.011578 0.0314731 -0.00958829 0.0116447 0.999886 3.47959 0 0 0 1 
25528382210148;1.17842;0.498947;0.99992 -0.00581024 -0.011267 -0.535701 0.00534703 0.999156 -0.0407149 -0.037171 0.0114941 0.0406514 0.999107 4.39691 0 0 0 1 
25528382210149;1.8032;1.51619;0.974298 0.0356588 -0.222424 2.11367 0.0200261 0.969771 0.243194 -1.70354 0.224373 -0.241398 0.944131 -18.405 0 0 0 1 
25528382210150;1.89528;1.76552;0.992245 0.0029052 0.124264 0.326822 0.00923005 0.995245 -0.09697 -0.289441 -0.123954 0.097365 0.9875 6.8852 0 0 0 1 
25528382210151;1.38396;0.436794;0.999933 0.0113938 0.00196146 1.06899 -0.0113875 0.99993 -0.00319177 -0.311038 -0.00199769 0.00316922 0.999993 -1.55607 0 0 0 1 
25528382210152;1.90731;1.73677;0.999359 0.0036604 -0.0356019 0.259767 -0.000657748 0.996467 0.0839881 -0.131715 0.0357835 -0.0839109 0.995831 -7.47392 0 0 0 1 
25528382210153;0.627318;0.215729;0.968725 -0.0622513 -0.240201 -5.58988 0.022152 0.98585 -0.166158 -1.39494 0.247146 0.15564 0.956397 14.2799 0 0 0 1 
25528382210155;0.972428;0.671973;0.996446 -0.0484365 -0.0689177 -3.10174 0.0136187 0.900017 -0.435641 -7.05933 0.0831281 0.433154 0.897478 27.2172 0 0 0 1 
25528382210156;1.01473;0.704741;0.991889 0.0250455 -0.124616 1.15856 -0.0187212 0.998489 0.051665 -0.346678 0.125722 -0.048913 0.990859 -1.69939 0 0 0 1 
25528382210157;0.233342;0.201661;0.998412 0.0113675 -0.0551835 0.543255 -0.0146857 0.998084 -0.0601031 -0.523632 0.0543945 0.060818 0.996666 4.72797 0 0 0 1 
25528382210158;0.218897;0.172464;0.999857 -0.0126607 -0.0112538 -0.825461 0.012745 0.999891 0.00745099 0.36497 0.0111582 -0.00759335 0.999909 -0.537674 0 0 0 1 
25528382210159;0.424214;0.224004;0.968259 -0.019907 0.249156 -1.36894 0.103184 0.939755 -0.325903 -1.94733 -0.227658 0.341268 0.91198 14.5617 0 0 0 1 
25528382210160;0.944861;0.721854;0.999103 -0.0127026 -0.0403917 -0.702223 0.00475598 0.981569 -0.191049 -1.96675 0.0420741 0.190685 0.980749 11.8525 0 0 0 1 
25528382210161;0.607772;0.444536;0.983972 -0.0223879 0.176913 -1.36149 0.0428853 0.99268 -0.112903 0.334201 -0.17309 0.11868 0.977729 1.59894 0 0 0 1 
25528382210162;0.465464;0.260057;0.991185 0.0165272 0.131449 1.21512 -0.0346516 0.98999 0.136816 -0.931087 -0.127872 -0.140165 0.981836 -12.0478 0 0 0 1 
25528382210163;0.301031;0.170251;0.999839 0.0134915 -0.0118717 0.728122 -0.0131094 0.999411 0.0317003 -0.00691729 0.0122924 -0.0315396 0.999427 -1.16531 0 0 0 1 
25528382210164;0.262538;0.240443;0.999897 -0.0143211 -0.000818003 -0.896631 0.0143269 0.999869 0.00750369 0.381652 0.000710435 -0.00751464 0.999972 -0.659035 0 0 0 1 
25528382210165;0.165591;0.199201;0.999903 -0.00251682 -0.0137102 -0.287649 0.00383606 0.995271 0.0970639 0.286834 0.0134011 -0.0971071 0.995184 -5.34697 0 0 0 1 
25528382210166;1.12952;0.722979;0.972366 -0.00289516 -0.233445 -1.07998 0.0125214 0.999131 0.0397641 0.27239 0.233127 -0.0415883 0.971557 0.747876 0 0 0 1 
25528382210167;0.708722;0.258988;0.994577 -0.0226066 -0.101518 -1.88646 0.0164439 0.997994 -0.0611375 0.0276586 0.102696 0.0591366 0.992953 7.28404 0 0 0 1 
25528382210168;1.1418;0.243668;0.999797 0.00939937 0.0177955 0.38131 -0.00886065 0.999507 -0.0301136 -0.223012 -0.0180698 0.0299498 0.999388 4.12627 0 0 0 1 
25528382210169;0.757933;0.713962;0.994567 0.00368485 0.104033 0.501377 -0.000821619 0.99962 -0.0275519 -0.23736 -0.104095 0.0273167 0.994192 -1.11997 0 0 0 1 
25528382210170;0.338329;0.123798;0.988907 0.0128606 0.147978 0.851678 0.047469 0.916638 -0.396889 -4.67317 -0.140747 0.399511 0.905859 19.8114 0 0 0 1 
25528382210171;0.814741;0.670607;0.995147 0.0269782 -0.094634 0.987726 -0.0227719 0.998716 0.045251 -0.325974 0.0957333 -0.0428763 0.994483 0.860635 0 0 0 1 
25528382210172;0.85032;0.371543;0.991143 0.0560145 -0.120404 2.01249 -0.0108713 0.937867 0.346826 -1.53575 0.13235 -0.342445 0.930169 -15.0766 0 0 0 1 
25528382210173;0.630488;0.571059;0.999662 -0.00468554 -0.0255879 -0.36208 0.00652742 0.997356 0.0723805 0.353183 0.025181 -0.072523 0.997049 -4.62144 0 0 0 1 
25528382210174;0.36066;0.262117;0.961527 0.106616 -0.253176 4.1533 -0.00847455 0.932689 0.360583 -2.45574 0.274579 -0.344565 0.897709 -14.3921 0 0 0 1 
25528382210175;0.400793;0.326388;0.99969 0.0121671 0.0217272 0.811838 -0.00977987 0.994234 -0.106785 -0.737097 -0.0229012 0.106539 0.994045 5.85569 0 0 0 1 
25528382210176;0.342834;0.170382;0.984133 0.0139056 0.176884 1.08985 -0.0442462 0.984663 0.168765 -1.21412 -0.171824 -0.173914 0.969655 -14.7554 0 0 0 1 
25528382210177;0.260067;0.143605;0.997043 -0.0408271 -0.065104 -2.61577 0.021813 0.962708 -0.269662 -2.37699 0.0736856 0.267444 0.960752 17.0535 0 0 0 1 
25528382210178;0.926206;0.214298;0.999745 -0.0140022 0.0176922 -1.03658 0.013806 0.999842 0.0111588 0.460859 -0.0178457 -0.0109117 0.999781 1.1552 0 0 0 1 
25528382210179;0.695785;0.210855;0.999985 -0.00129757 -0.0053912 0.139337 0.000392788 0.986369 -0.164546 -0.686676 0.00553122 0.164541 0.986355 7.96629 0 0 0 1 
25528382210180;0.109455;0.120862;0.999503 0.0213145 0.0232168 1.35591 -0.0228143 0.997534 0.0663726 -0.244638 -0.0217449 -0.0668693 0.997525 -4.51834 0 0 0 1 
25528382210181;0.971587;0.579137;0.944158 0.0122542 0.329264 0.346341 0.00665877 0.998394 -0.0562512 0.0810348 -0.329425 0.0553025 0.942561 -6.49904 0 0 0 1 
25528382210182;0.540657;0.292425;0.998326 0.0106083 0.0568536 0.888659 -0.0099344 0.999877 -0.0121227 -0.423478 -0.0569752 0.0115377 0.998309 -1.7411 0 0 0 1 
25528382210183;0.488607;0.324428;0.970231 0.0135371 0.241801 0.970626 -0.0116529 0.99989 -0.00922079 -0.0874466 -0.241899 0.00612862 0.970282 -4.74005 0 0 0 1 
25528382210184;0.107925;0.0589224;0.999896 0.00948282 -0.0108351 0.474254 -0.00933134 0.999859 0.0139468 -0.174117 0.0109659 -0.0138443 0.999844 -0.365504 0 0 0 1 
25528382210186;2.61464;0.267234;0.907723 0.0421434 -0.417448 -0.202416 0.0448862 0.979479 0.196486 -0.064152 0.417162 -0.197093 0.887204 -5.44752 0 0 0 1 
25528382210187;2.55948;0.280482;0.999941 0.0104283 0.00293353 0.70972 -0.0103969 0.99989 -0.0105348 -0.306324 -0.00304307 0.0105037 0.99994 -1.9903 0 0 0 1 
25528382210188;2.1137;0.752494;0.995113 -0.00143952 -0.0987343 0.039989 -0.0105366 0.992637 -0.120668 -0.232172 0.0981811 0.121118 0.987771 3.99657 0 0 0 1 
25528382210189;3.03095;1.53895;0.933624 -0.0321611 0.356807 -0.671042 0.0477502 0.998247 -0.0349657 0.722678 -0.355057 0.0496824 0.933524 -0.602692 0 0 0 1 
25528382210190;2.58604;2.33115;0.941633 0.0514286 0.332688 2.26022 0.0160315 0.98029 -0.196913 -1.22471 -0.336258 0.190754 0.922249 4.28671 0 0 0 1 
25528382210191;2.29839;1.19179;0.994533 -0.01434 0.103436 -0.533167 -0.0240622 0.932402 0.360621 -1.11686 -0.101615 -0.361138 0.926959 -13.9483 0 0 0 1 
25528382210192;1.26077;1.10037;0.997324 0.04366 -0.0586457 1.77475 -0.0414888 0.998426 0.0377446 -0.667838 0.0602014 -0.0352105 0.997565 -1.54004 0 0 0 1 
25528382210193;1.94741;1.28364;0.976198 -0.0320591 0.214499 -1.11664 0.0604898 0.990015 -0.127325 0.304917 -0.208275 0.137269 0.96839 1.04288 0 0 0 1 
25528382210194;0.500481;0.24716;0.991192 0.0651016 -0.115329 2.12663 -0.0141704 0.91797 0.396396 -2.29653 0.131674 -0.39127 0.910807 -14.2628 0 0 0 1 
25528382210195;0.447325;0.083088;0.993628 0.00751552 0.112454 0.439751 0.0221451 0.965305 -0.260184 -1.66444 -0.110508 0.261017 0.958988 8.8802 0 0 0 1 
25528382210196;0.672791;0.449711;0.999555 -0.0295818 -0.00375683 -1.34882 0.0297143 0.998664 0.0422689 0.661165 0.00250142 -0.0423617 0.999099 -1.46658 0 0 0 1 
25528382210197;1.68816;1.58986;0.999294 0.0260959 0.0270184 1.06997 -0.0270907 0.998943 0.0371355 -0.172469 -0.0260208 -0.0378412 0.998945 -1.84806 0 0 0 1 
25528382210198;0.0806703;0.0944329;0.999257 -0.0385434 -0.000445301 -1.55326 0.0385331 0.999154 -0.0143572 0.45299 0.000998301 0.0143294 0.999897 0.518148 0 0 0 1 
25528382210199;2.04506;0.668084;0.985437 -0.0417609 0.16483 -1.37461 0.0436252 0.999018 -0.0077047 0.646718 -0.164347 0.0147833 0.986292 -3.30496 0 0 0 1 
25528382210200;1.86353;0.793842;0.985904 -0.0834301 -0.145028 -4.19574 0.033011 0.946763 -0.320234 -1.8697 0.164024 0.310932 0.936172 14.7472 0 0 0 1 
25528382210201;1.69978;1.60298;0.978737 -0.0358806 0.201954 -1.1124 0.0127464 0.993318 0.114706 0.433682 -0.20472 -0.109693 0.972655 -7.8109 0 0 0 1 
25528382210202;3.09717;0.369458;0.999545 -0.0188566 0.0235379 -1.03096 0.0199537 0.998682 -0.0472802 -0.0409444 -0.0226154 0.0477283 0.998604 4.35503 0 0 0 1 
25528382210203;2.66545;0.397719;0.999829 0.0162487 0.0088678 0.481926 -0.0168715 0.997012 0.0753785 0.0884836 -0.0076165 -0.0755152 0.997116 -0.779068 0 0 0 1 
25528382210204;2.12678;1.80526;0.999992 0.00288994 0.00289989 0.00919568 -0.0029038 0.999984 0.00478877 0.427404 -0.00288601 -0.00479715 0.999984 -0.155207 0 0 0 1 
25528382210205;2.17534;0.503148;0.972498 0.0374877 -0.229874 1.29455 -0.0285221 0.998702 0.042203 -0.635633 0.231157 -0.0344859 0.972305 -0.592888 0 0 0 1 
25528382210206;0.615844;0.250697;0.999212 0.0183904 0.0351802 0.876665 -0.0156497 0.996935 -0.0766533 -0.688435 -0.0364821 0.0760424 0.996437 2.9641 0 0 0 1 
25528382210207;2.70191;2.47766;0.998546 -0.0205936 0.0498205 -0.567404 0.0251634 0.995356 -0.0929099 -0.0137587 -0.0476758 0.0940285 0.994427 1.74641 0 0 0 1 
25528382210208;0.254784;0.274665;0.998004 0.0438329 -0.0454575 1.63285 -0.0424207 0.998601 0.0315796 -0.614027 0.0467781 -0.0295883 0.998467 -0.631524 0 0 0 1 
25528382210209;0.401221;0.411353;0.999861 0.0157055 0.00564209 0.625993 -0.0159393 0.9989 0.0440951 -0.0644872 -0.00494335 -0.0441788 0.999011 -1.81849 0 0 0 1 
25528382210210;3.26762;2.98082;0.997945 0.053979 0.0345142 2.2867 -0.0628869 0.92829 0.366502 -2.54643 -0.0122558 -0.367919 0.929777 -16.2087 0 0 0 1 
25528382210211;2.11433;0.626628;0.997373 0.0522326 0.0501974 2.36094 -0.0603343 0.982449 0.176502 -0.413182 -0.0400973 -0.179066 0.98302 -5.97147 0 0 0 1 
25528382210212;0.939666;0.398925;0.978597 0.0147335 0.205259 0.599494 0.0221728 0.984078 -0.176349 -0.603057 -0.204589 0.177126 0.962689 3.64119 0 0 0 1 
25528382210213;1.20317;1.0062;0.997787 -0.0061217 0.0662097 -0.0981691 -0.000437214 0.995127 0.0985976 0.271249 -0.0664907 -0.0984083 0.992922 -4.51143 0 0 0 1 
25528382210214;2.77469;0.893695;0.985172 0.050367 0.164007 2.3825 -0.0144285 0.976874 -0.21333 -2.12582 -0.170959 0.207801 0.963116 8.23814 0 0 0 1 
25528382210215;2.52413;2.33036;0.999475 0.00921944 -0.0310527 0.316322 -0.00140022 0.970042 0.242934 -0.604064 0.0323622 -0.242763 0.969546 -9.84075 0 0 0 1 
25528382210217;1.06109;1.05413;0.970664 -0.0172441 -0.239821 -1.42007 0.0090559 0.999339 -0.0352032 -0.0226787 0.24027 0.0319987 0.970179 3.77219 0 0 0 1 
25528382210218;0.551084;0.498029;0.999752 0.020268 0.00928019 1.86455 -0.0208062 0.997851 0.0621269 -0.332045 -0.00800106 -0.0623045 0.998025 -5.4308 0 0 0 1 
25528382210219;0.422673;0.550012;0.975647 -0.0131364 0.218954 -0.814302 0.00293743 0.998898 0.046841 0.126275 -0.219328 -0.0450571 0.97461 -4.84163 0 0 0 1 
25528382210220;1.03905;0.889616;0.961333 0.0593481 -0.268917 5.21571 -0.0217702 0.989824 0.140622 -1.08498 0.274526 -0.12933 0.952843 -10.8729 0 0 0 1 
25528382210221;1.31298;0.658394;0.997746 -0.0117783 -0.0660681 -1.32092 0.00252859 0.990377 -0.138373 -1.12021 0.0670622 0.137894 0.988174 14.1242 0 0 0 1 
25528382210222;1.56771;1.11165;0.987009 0.0277535 -0.158253 2.77063 -0.00976831 0.993511 0.113313 -0.679958 0.160371 -0.110295 0.980875 -11.0749 0 0 0 1 
25528382210223;0.395381;0.29652;0.998206 0.00436904 -0.059712 0.238275 -0.0010152 0.998426 0.0560823 -0.0542497 0.059863 -0.0559211 0.996639 -4.52971 0 0 0 1 
25528382210224;1.45898;1.11203;0.994693 -0.0086361 -0.102527 -1.25002 0.0105583 0.999778 0.0182199 0.0521957 0.102347 -0.0192058 0.994563 -0.2288 0 0 0 1 
25528382210225;0.647882;0.277175;0.954995 0.0417524 -0.29367 2.94608 0.00476789 0.987755 0.155939 -0.883273 0.296585 -0.150321 0.943102 -11.7397 0 0 0 1 
25528382210226;0.247807;0.243258;0.994207 0.0139073 -0.106574 1.18144 -0.0119861 0.999754 0.0186455 -0.1211 0.106807 -0.0172601 0.99413 -1.18119 0 0 0 1 
25528382210227;1.67052;0.399433;0.999886 0.00113832 0.0150699 -0.137284 -0.00112514 0.999999 -0.000883274 -0.0605243 -0.0150709 0.000866217 0.999886 2.30205 0 0 0 1 
25528382210228;0.941077;0.347228;0.999821 -0.000630138 -0.0188943 0.244308 -0.000577179 0.997961 -0.0638251 -0.05697 0.018896 0.0638246 0.997782 4.33559 0 0 0 1 
25528382210229;1.84373;1.74104;0.999344 -0.0243013 -0.0268661 -2.37755 0.0224887 0.997578 -0.0658246 -0.0750154 0.0284007 0.0651772 0.997469 6.05424 0 0 0 1 
25528382210230;0.815476;0.695778;0.999916 -0.00821658 -0.0100393 -0.885372 0.00815832 0.99995 -0.00583048 0.0363734 0.0100867 0.00574809 0.999933 0.914035 0 0 0 1 
25528382210231;0.945073;0.489754;0.999933 0.00515251 -0.0103845 0.334242 -0.00526695 0.999925 -0.0110236 -0.102134 0.0103269 0.0110775 0.999885 2.10665 0 0 0 1 
25528382210232;0.385786;0.309028;0.994972 0.00473682 0.100046 0.450429 -0.0136348 0.995988 0.0884434 -0.331811 -0.0992254 -0.0893627 0.991044 -8.83329 0 0 0 1 
25528382210233;0.215723;0.142385;0.999763 0.0194074 0.00991363 1.67801 -0.0216009 0.942728 0.332864 -4.90784 -0.00288585 -0.332999 0.942923 -29.9491 0 0 0 1 
25528382210234;1.80049;1.31889;0.999903 -0.0135412 0.00313923 -0.906445 0.013724 0.997571 -0.0682974 0.0942077 -0.00220677 0.0683339 0.99766 4.08972 0 0 0 1 
25528382210235;1.841;2.03815;0.981654 -0.00202528 0.190658 0.0751425 -0.0367388 0.979196 0.199561 -1.59109 -0.187096 -0.202905 0.961158 -18.4156 0 0 0 1 
25528382210236;0.783834;0.57748;0.992754 0.00234904 0.120143 0.540521 -0.00778559 0.998966 0.0448013 -0.0073028 -0.119914 -0.045412 0.991745 -3.81403 0 0 0 1 
25528382210237;0.646121;0.463462;0.995491 -0.00972784 -0.0943599 -0.828503 0.00954756 0.999952 -0.00236179 0.0794942 0.0943783 0.00145023 0.995535 -0.194698 0 0 0 1 
25528382210238;0.978297;0.76154;0.994857 -0.0111524 0.100672 -1.01115 0.0227269 0.993155 -0.11457 -0.629369 -0.0987053 0.116269 0.988301 10.6244 0 0 0 1 
25528382210239;1.51578;0.115243;0.995672 -0.00171958 0.0929243 -0.513552 0.00740636 0.998117 -0.0608879 -0.209256 -0.0926446 0.0613126 0.99381 7.21154 0 0 0 1 
25528382210240;0.466545;0.383843;0.999905 0.0110985 -0.00813274 0.909776 -0.00923767 0.979546 0.201006 -1.641 0.0101973 -0.200912 0.979556 -17.922 0 0 0 1 
25528382210241;1.93577;1.78145;0.98947 -0.002835 0.144713 -0.0958426 -0.0182074 0.989428 0.143876 -0.799623 -0.143591 -0.144996 0.978958 -13.5818 0 0 0 1 
25528382210242;0.86252;0.450527;0.996882 -0.0254295 0.0746916 -2.32379 0.0396943 0.979756 -0.196218 -1.85521 -0.0681899 0.198571 0.977711 18.3335 0 0 0 1 
25528382210243;0.905546;0.330397;0.971088 -0.00978187 0.238522 -0.399162 -0.00261804 0.998664 0.0516143 0.0514462 -0.238708 -0.0507464 0.969764 -4.41457 0 0 0 1 
25528382210244;0.219604;0.205756;0.999808 0.00451744 -0.0190519 0.379322 -0.0049017 0.999785 -0.0201708 -0.0815037 0.0189567 0.0202603 0.999615 1.75786 0 0 0 1 
25528382210245;0.165948;0.156718;0.981255 -0.00829956 0.192537 -0.53813 0.0048588 0.99982 0.0183359 0.0675766 -0.192655 -0.0170567 0.981118 -2.64624 0 0 0 1 
25528382210246;1.5805;1.38622;0.998644 -0.00254789 0.0519931 -0.368957 0.0016666 0.999854 0.0169865 0.00722298 -0.0520288 -0.0168768 0.998503 -0.729055 0 0 0 1 
25528382210248;1.80404;1.28776;0.996425 0.0105788 0.0838214 0.594769 0.00373207 0.98565 -0.16876 -0.422377 -0.0844039 0.168469 0.982087 8.81591 0 0 0 1 
25528382210249;2.65063;0.73065;0.999307 -0.0175335 0.0328269 -0.871443 0.0170638 0.999749 0.014533 0.170041 -0.0330735 -0.0139628 0.999355 -3.7513 0 0 0 1 
25528382210250;0.988386;0.191356;0.988371 -0.0408464 -0.146474 -2.6613 0.0318028 0.997471 -0.0635618 -0.174357 0.1487 0.0581644 0.98717 3.76743 0 0 0 1 
25528382210251;1.96971;0.414773;0.999339 0.0108773 -0.0346973 0.649627 -0.00973275 0.999408 0.0329868 0.822626 0.0350356 -0.0326272 0.998853 -3.98013 0 0 0 1 
25528382210252;1.48555;1.06485;0.999204 0.0398914 0.000883978 2.45991 -0.0398897 0.999202 -0.00188137 -0.438068 -0.000958323 0.00184462 0.999998 0.480097 0 0 0 1 
25528382210253;1.51489;0.404933;0.998952 0.0170852 0.0424547 1.07038 -0.0150512 0.998745 -0.0477767 0.0269488 -0.0432176 0.0470876 0.997955 0.943215 0 0 0 1 
25528382210254;2.5409;1.77126;0.999409 0.000838308 0.0343536 0.103706 -0.00593294 0.988899 0.148468 0.297403 -0.0338478 -0.148585 0.98832 -10.1551 0 0 0 1 
25528382210255;0.438009;0.150685;0.995067 0.0254439 -0.0958895 1.28316 -0.0341929 0.995288 -0.090732 -0.367206 0.0931291 0.0935631 0.991248 5.28942 0 0 0 1 
25528382210256;0.895108;0.586882;0.960842 0.00844295 0.276967 1.01968 0.0708234 0.958853 -0.274927 -3.1894 -0.267892 0.283777 0.920709 16.838 0 0 0 1 
25528382210257;0.887196;0.764864;0.999344 -0.00717688 0.035492 -0.207535 0.00673978 0.9999 0.0124199 -0.0857478 -0.0355776 -0.0121725 0.999293 -0.887914 0 0 0 1 
25528382210258;2.46932;0.601721;0.998509 0.047195 -0.0274362 2.98787 -0.0486486 0.997302 -0.0549786 0.0452138 0.0247674 0.0562313 0.998111 0.313675 0 0 0 1 
25528382210259;0.355498;0.200647;0.995492 0.00859277 0.0944534 0.626556 0.0362474 0.885818 -0.462616 -7.35475 -0.0876436 0.463954 0.881513 25.7431 0 0 0 1 
25528382210260;0.270887;0.255401;0.999899 -0.0141156 0.00172407 -0.890457 0.0141176 0.9999 -0.0011906 0.0485974 -0.00170709 0.00121482 0.999998 0.148231 0 0 0 1 
